CampaignData_and_Merges/R0/CSL_MobileLab_Parked/raw/20240808/USOS-HCHO_MobileLabGround_20240808_R0.ict
35,1001
Huang, Yaoxian
Wayne State University
Picarro G2307 on CSL Mobile Lab
USOS
1,1
2024,08,08,2024,08,13
1.0
Time_Start,seconds_since_midnight,number_of_seconds_since_0000_UTC
3
1.0,1.0,1.0
-9999.0,-9999.0,-9999.0
HCHO,ppbv,Gas_HCHO_InSitu_S_AVMR,volume mixing ratio of formaldehyde in air
H2O,ppmv,Gas_H2O_InSitu_S_AVMR,volume mixing ratio of water vapor in air
CH4,ppmv,Gas_CH4_InSitu_S_AVMR,volume mixing ratio of methane in air
0
18
PI_CONTACT_INFO: yaoxian.huang@wayne.edu
PLATFORM: CSL Mobile Lab, at Ground Site
LOCATION: Salt Lake City, UT
ASSOCIATED_DATA: N/A
INSTRUMENT_INFO: Cavity Ring-Down Spectrometer
DATA_INFO: Data is averaged to 1 minute intervals for stationary and 1 second interval for driving. Stationary data collected from a 20 ft tower on top of the mobile lab.
UNCERTAINTY: N/A
ULOD_FLAG: -7777
ULOD_VALUE: N/A
LLOD_FLAG: -8888
LLOD_VALUE: N/A
DM_CONTACT_INFO: Yaoxian Huang; yaoxian.huang@wayne.edu
PROJECT_INFO: USOS, Summer 2024. https://csl.noaa.gov/groups/csl7/measurements/2024usos/
STIPULATIONS_ON_USE: Users are strongly encouraged to contact the PI for proper data usage.
OTHER_COMMENTS: Data have been shifted backwards by 1 minute to align with USOS MetNav and Picarro GHG data.
REVISION: R0
R0: Final Data
Time_Start,HCHO,H2O,CH4
[from data line 545]
32700,3.84959,10749.1,2.19178
32760,3.49468,10774.9,2.15444
32820,4.01754,10776.3,2.1655
32880,3.89837,10796.5,2.18761
32940,3.77724,10929.7,2.21254
33000,4.07733,11054.1,2.21439
33060,4.05026,11411.8,2.35398
33120,3.98987,11542.3,2.37213
33180,3.69632,11451.7,2.27853
33240,3.58397,11322.7,2.27419
33300,3.77532,11207.3,2.25468
33360,4.00713,11277.8,2.29669
33420,3.93643,11381.0,2.31394
33480,3.80248,11407.3,2.32357
33540,3.96423,11395.7,2.31628
33600,4.00878,11331.2,2.32583
33660,3.89347,11349.0,2.32559
33720,3.97878,11453.3,2.31936
33780,3.93728,11457.5,2.318
33840,4.22013,11551.3,2.31181
33900,3.91095,11579.2,2.3182
33960,3.82475,11695.6,2.32368
34020,3.99925,11680.7,2.32164
34080,4.25721,11671.9,2.33571
34140,4.21016,11745.5,2.36344
34200,4.29359,11930.7,2.37763
34260,3.89997,12042.2,2.36204
34320,4.12405,11955.9,2.36905
34380,4.07607,11973.3,2.37678
34440,3.96201,12022.7,2.37771
34500,4.04059,12049.6,2.38961
34560,4.0812,11994.9,2.38661
34620,4.10679,11893.6,2.37918
34680,3.98992,11886.1,2.38296
34740,4.03216,12019.2,2.38477
34800,4.21097,12110.8,2.39406
34860,3.8269,12031.7,2.39522
34920,4.36433,12059.4,2.39322
34980,4.22609,12264.5,2.39339
35040,4.00213,12314.8,2.39506
35100,3.97728,12274.3,2.39391
35160,3.94107,12225.4,2.39458
35220,4.19336,12204.0,2.39139
35280,3.99309,12198.0,2.38854
35340,4.03627,12325.7,2.39547
35400,4.22072,12332.0,2.39746
35460,4.20032,12363.9,2.39757
35520,3.93812,12279.3,2.39608
35580,4.22049,11920.5,2.34561
35640,4.10336,11935.1,2.33787
35700,4.2458,12506.6,2.39314
35760,4.23157,12392.6,2.39307
35820,4.39645,12363.0,2.3951
35880,4.28829,12449.7,2.39934
35940,4.34688,12475.0,2.39854
36000,4.39433,12524.8,2.39327
36060,4.44121,12344.7,2.39695
36120,4.19216,12334.6,2.39179
36180,4.29422,12285.0,2.38664
36240,4.24235,12274.7,2.37892
36300,4.2579,12124.3,2.35549
36360,4.27752,12345.6,2.382
36420,4.42357,12459.0,2.40184
36480,4.28287,12556.4,2.40841
36540,4.22767,12620.4,2.39653
36600,4.2208,12668.3,2.399
36660,4.20186,12691.8,2.39759
36720,4.39835,12751.3,2.39649
36780,4.225,12803.8,2.39639
36840,4.15163,12705.4,2.38287
36900,4.27063,12815.8,2.38191
36960,4.27222,12870.3,2.37019
37020,4.59114,12646.1,2.35997
37080,4.14001,12411.2,2.33135
37140,3.91954,12596.2,2.34668
37200,4.40999,12728.5,2.35666
37260,4.23085,12860.4,2.36659
37320,4.13002,12765.9,2.35575
37380,4.24516,12789.9,2.35695
37440,4.20493,12845.4,2.34231
37500,4.07473,12642.1,2.33573
37560,4.22804,12610.1,2.32871
37620,3.9317,12312.3,2.2891
37680,3.98522,12174.2,2.27327
37740,3.9048,12214.4,2.27708
37800,3.98578,12349.8,2.28958
37860,4.1082,12483.0,2.30501
37920,4.10395,12370.8,2.29099
37980,4.0824,12493.3,2.30503
38040,4.33209,12403.9,2.29894
38100,4.1837,12484.2,2.30218
38160,4.04316,12686.6,2.32856
38220,4.35272,12844.5,2.35522
38280,4.20542,12940.6,2.37362
38340,4.47252,13081.5,2.39091
38400,4.32499,13131.8,2.39085
38460,4.36564,13216.1,2.39892
38520,4.33629,13164.9,2.39681
38580,4.25367,13137.5,2.38312
38640,4.23792,13201.1,2.38391
38700,4.45492,13434.6,2.38243
38760,4.25905,13137.7,2.37944
38820,4.53089,13084.1,2.38243
38880,4.46575,13092.8,2.38755
38940,4.4097,13290.1,2.39607
39000,4.47524,13208.5,2.39665
39060,4.4149,13181.3,2.39403
39120,4.42128,13075.3,2.3929
39180,4.47048,13140.4,2.39537
39240,4.40493,13199.5,2.39784
39300,4.50288,13204.1,2.38977
39360,4.34652,13128.6,2.38743
39420,4.39355,13090.2,2.3834
39480,4.21234,13065.8,2.37688
39540,4.28521,13004.9,2.36973
39600,4.38624,12846.8,2.36154
39660,4.29536,12939.6,2.36438
39720,4.59181,13169.9,2.36794
39780,4.35214,13227.2,2.36375
39840,4.47355,13097.4,2.35741
39900,4.47286,13028.2,2.35742
39960,4.3582,12945.9,2.34753
40020,4.2552,12913.7,2.35726
40080,4.24565,12759.0,2.33215
40140,4.00783,12751.6,2.32297
40200,3.98304,12681.8,2.31653
40260,4.26645,12532.6,2.31287
40320,4.25441,12468.0,2.31373
40380,4.08642,12485.5,2.31242
40440,4.1327,12450.0,2.31345
40500,4.28191,12572.3,2.31819
40560,4.05254,12568.5,2.3191
40620,3.96237,12448.0,2.32264
40680,4.0896,12317.0,2.32636
40740,4.01111,12461.0,2.32876
40800,4.23766,12426.8,2.32956
40860,4.26856,12472.8,2.32814
40920,4.31033,12467.9,2.33137
40980,4.39592,12404.2,2.33323
41040,4.07243,12389.2,2.33456
41100,4.54915,12450.8,2.33423
41160,4.30628,12459.4,2.33415
41220,4.28831,12549.1,2.3341
41280,4.10533,12539.2,2.33951
41340,4.32287,12387.4,2.34463
41400,3.97246,12235.1,2.34236
41460,4.14294,12158.2,2.34687
41520,3.90228,12033.1,2.34498
41580,3.80341,12097.3,2.34176
41640,3.79089,12091.7,2.34487
41700,3.91914,12080.9,2.34344
41760,3.99206,11800.8,2.33476
41820,4.10096,12148.3,2.34144
41880,3.74395,12021.0,2.3402
41940,3.76531,12023.4,2.33156
42000,3.83526,11996.9,2.33094
42060,3.86377,12065.7,2.32858
42120,3.5415,11943.0,2.32673
42180,3.84795,11937.9,2.32379
42240,3.81363,11946.4,2.32356
42300,3.74217,11908.8,2.31799
42360,3.78854,11849.8,2.3131
42420,3.64206,12036.8,2.31534
42480,4.06419,12031.9,2.32074
42540,3.82074,12128.6,2.31974
42600,4.02337,11976.8,2.31878
42660,3.84889,12007.4,2.32304
42720,3.78885,12191.7,2.31607
42780,3.90815,11996.0,2.31145
42840,3.96679,12311.7,2.34492
42900,4.06801,12375.2,2.35641
42960,4.24835,12124.8,2.38167
43020,4.04094,11862.3,2.32461
43080,3.97442,11872.8,2.30909
43140,4.17646,12282.5,2.31605
43200,4.03294,12377.0,2.32491
43260,3.93124,12332.3,2.32174
43320,4.25841,12545.5,2.32529
43380,4.12303,12519.6,2.32081
43440,4.17969,12546.3,2.32196
43500,3.97091,12477.2,2.32662
43560,4.05587,12610.4,2.33118
43620,4.01794,12374.9,2.32404
43680,4.02051,12567.3,2.32477
43740,4.09935,12595.7,2.3237
43800,4.04513,12568.6,2.32515
43860,3.86059,12582.1,2.32607
43920,4.28255,12455.9,2.3293
43980,3.86612,12529.9,2.32902
44040,3.96622,12609.9,2.32652
44100,4.23127,12695.0,2.33165
44160,3.8708,12573.3,2.3259
44220,4.14251,12392.8,2.32797
44280,4.12084,12678.5,2.32446
44340,4.02552,12905.8,2.33293
44400,4.31164,12758.6,2.32844
44460,4.16589,12795.5,2.32845
44520,4.25031,12630.2,2.33263
44580,4.35805,12478.6,2.32374
44640,3.91933,12204.4,2.29829
44700,4.12329,12082.1,2.28361
44760,4.2958,12205.6,2.2812
44820,4.06126,12471.4,2.29138
44880,4.1429,12096.2,2.26838
44940,4.2216,12231.3,2.27726
45000,4.02596,12090.4,2.26015
45060,4.09501,11950.1,2.24964
45120,3.97346,12291.6,2.27064
45180,4.11508,12600.0,2.30348
45240,4.27128,12581.7,2.29697
45300,4.24788,12478.6,2.28769
45360,4.25072,12520.5,2.29017
45420,4.33003,12580.6,2.28969
45480,4.28363,12656.9,2.29035
45540,4.27763,12693.3,2.28757
45600,4.30937,12674.0,2.28489
45660,4.329,12668.3,2.28197
45720,3.95267,12193.7,2.25848
45780,4.12983,12364.7,2.26933
45840,4.4256,12424.4,2.27919
45900,4.502,12512.0,2.27516
45960,4.23139,12438.4,2.27064
46020,4.37022,12156.3,2.26261
46080,4.38343,12510.3,2.27142
46140,4.45786,12734.5,2.28082
46200,4.42791,12700.6,2.29033
46260,4.59773,12770.9,2.29934
46320,4.4278,12841.3,2.30462
46380,4.59964,12960.2,2.31636
46440,4.74459,12916.3,2.3121
46500,4.3928,12853.6,2.30576
46560,4.65297,13052.8,2.30894
46620,4.68955,13012.9,2.31305
46680,4.44046,12900.6,2.30171
46740,4.38056,12980.9,2.28902
46800,4.35808,12841.8,2.2817
46860,4.20598,13025.0,2.28154
46920,4.31405,12843.4,2.27827
46980,4.48532,13085.3,2.28776
47040,4.48848,12760.5,2.27252
47100,4.64064,12871.2,2.28083
47160,4.54846,13034.1,2.29155
47220,4.73179,12916.9,2.2835
47280,4.60467,12973.5,2.28644
47340,4.33413,12920.5,2.28382
47400,4.71781,12895.1,2.28148
47460,4.60754,12898.7,2.27901
47520,4.45436,13072.2,2.2783
47580,4.3908,12781.5,2.26487
47640,4.50526,12949.1,2.27074
47700,4.4215,12708.7,2.25337
47760,4.73018,12809.6,2.25649
47820,4.50521,12786.6,2.24845
47880,4.4024,12869.0,2.24664
47940,4.35922,12923.4,2.24338
48000,4.3497,12898.5,2.23346
48060,4.46252,12699.8,2.22333
48120,4.72807,12802.1,2.2254
48180,4.49839,12953.0,2.23224
48240,4.64925,13001.2,2.23297
48300,4.4658,13107.6,2.23481
48360,4.51506,12997.8,2.23198
48420,4.42462,13066.5,2.23186
48480,4.38443,13003.1,2.22938
48540,4.45346,12856.3,2.23342
48600,4.53032,12959.5,2.23342
48660,4.5456,13036.1,2.23705
48720,4.38564,13310.6,2.23433
48780,4.54282,13061.7,2.24449
48840,4.55348,12757.7,2.24071
48900,4.34119,12678.9,2.23184
48960,4.509,12690.4,2.2319
49020,4.63801,12693.0,2.23368
49080,4.80027,12787.8,2.23535
49140,4.4751,12682.8,2.22998
49200,4.58788,12631.9,2.22734
49260,4.56689,12600.9,2.22446
49320,4.54092,12583.3,2.22147
49380,4.49109,12416.4,2.21598
49440,4.54929,12696.2,2.22041
49500,4.55005,13503.7,2.22915
49560,4.59008,13513.7,2.23448
49620,4.45797,13723.0,2.24425
49680,4.46569,13806.5,2.24073
49740,4.57012,13048.7,2.23675
49800,4.58922,13004.8,2.23385
49860,4.6273,13083.6,2.234
49920,4.53973,13162.8,2.22748
49980,4.62956,13380.0,2.23159
50040,4.43642,13576.7,2.23367
50100,4.58983,13523.5,2.23092
50160,4.72222,13582.3,2.23048
50220,4.43718,13258.7,2.23058
50280,4.67834,13281.1,2.23001
50340,4.73087,13272.2,2.23036
50400,4.46517,13408.3,2.23403
50460,4.55098,13222.2,2.24036
50520,4.4407,13179.3,2.24825
50580,4.65504,12940.3,2.25708
50640,4.64428,12939.2,2.25478
50700,4.62542,12872.3,2.25095
50760,4.61741,12803.8,2.25387
50820,4.42284,12879.8,2.25001
50880,4.58308,13004.5,2.25174
50940,4.36321,12890.9,2.2532
51000,4.68604,12903.6,2.25527
51060,4.50536,12744.2,2.25595
51120,4.43005,12712.0,2.25801
51180,4.19863,12802.5,2.2575
51240,4.41011,13101.6,2.25535
51300,4.37304,13002.6,2.25794
51360,4.57962,12788.8,2.2558
51420,4.5389,12833.6,2.26037
51480,4.33403,12985.9,2.26337
51540,4.47146,13584.0,2.26385
51600,4.48056,13319.7,2.26155
51660,4.30907,13304.5,2.26085
51720,4.48058,13151.6,2.25989
51780,4.49973,13726.1,2.25616
51840,4.40067,13636.7,2.25299
51900,4.41293,13126.4,2.26092
51960,4.56135,13865.3,2.24977
52020,4.48325,13561.2,2.24903
52080,4.80607,14367.6,2.2286
52140,4.80396,14357.0,2.2274
52200,4.85252,13977.3,2.22789
52260,4.76798,13656.8,2.22619
52320,4.90468,14335.2,2.21915
52380,4.69741,13847.6,2.22208
52440,4.78555,13562.5,2.22063
52500,5.31914,13777.5,2.23608
52560,4.85494,12939.4,2.25383
52620,5.00727,13144.6,2.24921
52680,4.48578,13043.9,2.24922
52740,4.79686,13380.6,2.24192
52800,4.77001,13151.9,2.24303
52860,4.79727,13162.6,2.23926
52920,5.19495,13447.3,2.2359
52980,5.45398,13750.0,2.23425
53040,4.73347,13364.3,2.23557
53100,4.51489,13228.6,2.23127
53160,4.64551,13299.5,2.2321
53220,4.43096,13447.3,2.22987
53280,4.64986,13727.3,2.23075
53340,4.5536,13335.5,2.23105
53400,4.33814,13577.7,2.22657
53460,4.3626,12772.8,2.22618
53520,4.18902,12732.9,2.22261
53580,4.16346,12566.3,2.22402
53640,4.12035,12569.5,2.22184
53700,4.06986,12458.5,2.22689
53760,4.0495,12157.4,2.21924
53820,4.14681,12165.4,2.21458
53880,4.23533,12045.2,2.21005
53940,4.02324,12436.1,2.20954
54000,4.06954,12912.9,2.20325
54060,4.36572,12218.8,2.20784
54120,3.95814,12801.4,2.20834
54180,3.99417,12038.0,2.20937
54240,4.21578,11856.2,2.20847
54300,3.96273,11948.0,2.21133
54360,4.27332,11599.4,2.21843
54420,3.99787,12060.2,2.2103
54480,4.06736,12573.6,2.20442
54540,4.04851,12182.9,2.20344
54600,3.90037,11817.9,2.20447
54660,3.90445,11641.3,2.19804
54720,4.14698,11583.1,2.19836
54780,4.13364,11667.3,2.20017
54840,4.04186,11824.9,2.19884
54900,4.15682,11626.7,2.19526
54960,4.08764,11312.2,2.19821
55020,3.99172,10683.4,2.20184
55080,4.15272,11882.9,2.19736
55140,3.93292,12156.1,2.19581
55200,4.17354,11824.4,2.19495
55260,4.16027,12273.2,2.19846
55320,3.85088,11652.7,2.19142
55380,4.17352,11441.0,2.18804
55440,4.11636,11689.8,2.18296
55500,4.00423,12023.8,2.17868
55560,4.12541,11873.9,2.1587
55620,4.21602,12010.6,2.1668
55680,4.15357,12844.1,2.15692
55740,4.19969,12956.9,2.15122
55800,4.23246,12335.7,2.12277
55860,4.19854,12172.8,2.10496
55920,4.17396,11824.8,2.08311
55980,4.39354,12204.4,2.08139
56040,4.32267,11929.2,2.07262
56100,4.23829,11304.2,2.06375
56160,4.24101,11275.3,2.06156
56220,4.39848,11416.3,2.05773
56280,4.28778,11729.0,2.05881
56340,4.3954,11431.4,2.05272
56400,4.49332,11672.5,2.05121
56460,4.50418,11393.7,2.04881
56520,4.84019,11498.3,2.04776
56580,4.72723,11941.8,2.04579
56640,4.31973,11638.7,2.04808
56700,4.46951,11611.3,2.04751
56760,4.46783,12324.5,2.04651
56820,4.46717,11902.3,2.05238
56880,4.60423,11924.7,2.05441
56940,4.74355,12329.9,2.05144
57000,4.77207,12270.3,2.04964
57060,4.74668,12766.3,2.0703
57120,4.76163,12695.3,2.05846
57180,4.20012,10297.4,2.05849
57240,4.02113,10463.6,2.06236
57300,4.26656,10829.9,2.06628
57360,4.4898,10791.5,2.07028
57420,4.18152,10707.3,2.06125
57480,4.1358,10804.1,2.06628
57540,4.26671,10560.3,2.08272
57600,4.19566,10343.9,2.05346
57660,4.08393,10287.7,2.05047
57720,3.97189,10267.2,2.05788
57780,3.86314,10443.7,2.05697
57840,4.30707,10974.1,2.05855
57900,4.20826,10733.9,2.06653
57960,4.03955,10655.4,2.05758
58020,4.14027,10714.4,2.05125
58080,3.91771,10545.3,2.049
58140,3.81554,10453.3,2.04489
58200,4.1408,10345.8,2.04155
58260,3.91357,10727.5,2.03902
58320,4.31622,11003.2,2.04108
58380,4.13717,10680.5,2.03957
58440,4.35973,11316.0,2.04
58500,4.40365,9916.19,2.03865
58560,4.3722,10059.6,2.04046
58620,4.36899,10031.9,2.03894
58680,4.18781,10398.4,2.05616
58740,4.39629,10688.2,2.06091
58800,4.48123,10493.9,2.05941
58860,4.43526,10583.8,2.06033
58920,4.52956,10598.1,2.05518
58980,4.65554,10399.8,2.05747
59040,4.45123,10261.9,2.05595
59100,4.39492,10149.7,2.05807
59160,4.69864,10407.3,2.05832
59220,4.50834,10647.6,2.06508
59280,4.63895,10541.2,2.06926
59340,4.96265,10853.5,2.07203
59400,5.07289,10747.5,2.06378
59460,4.68357,10643.3,2.06391
59520,4.92236,10683.7,2.06644
59580,4.87331,10781.6,2.06676
59640,4.68751,10662.8,2.06621
59700,4.79378,10597.9,2.06782
59760,4.80644,10497.6,2.06196
59820,4.68561,10487.7,2.05576
59880,4.46451,10262.1,2.04936
59940,4.29923,9842.07,2.04196
60000,4.49155,10189.1,2.05245
60060,4.27768,10197.1,2.05808
60120,4.64068,10394.2,2.05893
60180,4.5676,10326.2,2.05919
60240,4.56595,10262.0,2.06092
60300,4.81649,10295.0,2.06294
60360,4.60716,10617.7,2.06826
60420,4.66056,10620.4,2.07429
60480,4.64789,10845.3,2.07712
60540,4.87893,10925.1,2.08172
60600,5.0601,11121.8,2.08358
60660,4.9671,10563.2,2.09085
60720,5.13941,11022.9,2.09015
60780,5.1026,10708.7,2.09542
60840,5.01237,10795.9,2.09767
60900,5.30698,10885.3,2.0985
60960,4.97277,10741.6,2.09736
61020,4.90503,10310.5,2.0959
61080,4.82226,10032.3,2.09079
61140,5.2178,10464.8,2.09223
61200,5.26175,10203.0,2.09231
61260,5.25755,10291.0,2.09205
61320,5.3022,10482.4,2.10347
61380,5.25251,10365.0,2.1025
61440,5.25558,10488.2,2.10331
61500,5.34426,10536.3,2.10921
61560,5.79687,10403.5,2.10641
61620,5.65639,10709.9,2.11353
61680,5.48924,10337.6,2.1194
61740,5.35399,10245.6,2.11509
61800,5.46931,10242.9,2.11405
61860,5.28575,10334.2,2.1185
61920,5.64214,9989.5,2.11861
61980,5.32563,9884.39,2.10861
62040,5.45128,10087.5,2.10979
62100,5.17719,10146.9,2.10069
62160,5.47474,10119.4,2.10395
62220,5.48359,10174.4,2.10938
62280,5.73518,10429.3,2.11567
62340,5.74814,11061.9,2.11776
62400,5.65777,11514.8,2.12304
62460,5.60639,10411.3,2.11026
62520,5.86405,11468.6,2.11162
62580,5.483,10701.1,2.10372
62640,5.41527,10944.7,2.10405
62700,5.29104,10390.3,2.08816
62760,5.32716,9994.09,2.07946
62820,5.09001,10584.4,2.07975
62880,4.9096,9793.44,2.06947
62940,5.11079,10318.6,2.07171
63000,5.01067,10661.9,2.06364
63060,5.06464,10457.5,2.07189
63120,5.03044,10933.4,2.07162
63180,5.21414,11694.6,2.07188
63240,5.7025,10867.8,2.08788
63300,5.52618,10343.2,2.09112
63360,5.65002,10358.0,2.08997
63420,5.75817,10601.6,2.08998
63480,5.61429,10571.6,2.088
63540,5.58381,10931.7,2.08764
63600,5.34611,10364.1,2.07115
63660,5.37042,10049.0,2.06886
63720,5.39098,10097.8,2.0717
63780,5.3616,10122.3,2.07159
63840,5.29524,10045.6,2.07058
63900,5.26439,10016.1,2.0669
63960,5.36963,10091.9,2.06949
64020,5.26553,10309.7,2.06695
64080,5.07624,10065.8,2.06276
64140,5.10294,10126.7,2.06234
64200,5.37002,10386.9,2.05688
64260,5.43994,10361.9,2.05748
64320,5.5812,10709.3,2.0504
64380,5.47149,10841.4,2.05591
64440,5.59454,10554.0,2.05847
64500,5.32962,11130.7,2.04829
64560,5.3602,10697.3,2.04369
64620,5.26048,10965.7,2.04453
64680,5.13981,9884.7,2.04624
64740,5.33069,10275.6,2.04669
64800,5.15158,9924.4,2.05214
64860,5.26733,10150.4,2.05021
