CampaignData_and_Merges/R0/CSL_MobileLab_Parked/raw/20240808/USOS-NOAAIodideCIMS-HNO3_MobileLabGround_20240808_RA.ict
33, 1001
Michael A Robinson, Chris Jernigan, Subi Thakali
NOAA ESRL Chemical Sciences Laboratory and CIRES, U. of Colorado
NOAA Iodide CIMS Instrument
USOS
1, 1
2024, 08, 08, 2024, 08, 09
1
starttime_UTC, seconds_past_midnight, seconds_of_day_since_00:00:00_UTC
1
1
-9999
HNO3_NOAACIMS, pptv, Gas_HNO3_InSitu_S_AVMR, 
0
18
PI_CONTACT_INFO: 325 Broadway, R/CSD 7, Boulder, Colorado 80305; michael.a.robinson@noaa.gov; chris.jernigan@noaa.gov;
PLATFORM: NOAA CSL Mobile Lab
LOCATION: SLC, Utah
ASSOCIATED_DATA: 1Hz data also available on request.
INSTRUMENT_INFO: NOAA I- ToF CIMS
DATA_INFO: All data in parts per trillion by volume (pptv). 1 Hz data is available upon request.
UNCERTAINTY: TBD
ULOD_FLAG: -7777
ULOD_VALUE: N/A
LLOD_FLAG: -8888
LLOD_VALUE: N/A
DM_CONTACT_INFO: Nathan Howard; nathan.h.howard@noaa.gov
PROJECT_INFO: USOS, summer 2024. https://csl.noaa.gov/groups/csl7/measurements/2024usos/
STIPULATIONS_ON_USE: Users are strongly encouraged to contact the PI for proper data usage.
OTHER_COMMENTS: 
REVISION: RA
RA: Preliminary Data; For in-field use only
starttime_UTC, HNO3_NOAACIMS
[from data line 984]
 59040, 630.161
 59100, 646.564
 59160, 670.490
 59220, 700.327
 59280, 714.443
 59340, 708.279
 59400, 684.294
 59460, 668.679
 59520, 655.649
 59580, 639.678
 59640, 626.870
 59700, 636.438
 59760, 636.982
 59820, 664.558
 59880, 685.716
 59940, 713.749
 60000, 696.395
 60060, 672.988
 60120, 545.986
 60180, 529.052
 60240, 526.273
 60300, 537.595
 60360, 553.929
 60420, 551.967
 60480, 541.835
 60540, 514.645
 60600, 485.375
 60660, 473.537
 60720, 476.125
 60780, 505.894
 60840, 564.950
 60900, 601.549
 60960, 637.230
 61020, 674.615
 61080, 735.389
 61140, 743.723
 61200, 719.104
 61260, 729.659
 61320, 732.137
 61380, 725.351
 61440, 745.123
 61500, 758.806
 61560, 796.659
 61620, 839.155
 61680, 876.689
 61740, 897.345
 61800, 908.623
 61860, 887.714
 61920, 861.062
 61980, 613.998
 62040, 643.859
 62100, 666.214
 62160, 710.732
 62220, 759.761
 62280, 767.678
 62340, 769.559
 62400, 714.721
 62460, 801.711
 62520, 813.668
 62580, 854.434
 62640, 925.092
 62700, 1027.026
 62760, 1146.534
 62820, 1159.679
 62880, 1198.562
 62940, 1226.482
 63000, 1195.407
 63060, 1198.338
 63120, 1174.975
 63180, 1154.192
 63240, 1095.965
 63300, 1147.598
 63360, 1227.995
 63420, 1257.672
 63480, 1312.244
 63540, 1348.113
 63600, 1364.620
 63660, 1453.886
 63720, 1487.457
 63780, 1487.756
 63840, 1252.052
 63900, 1305.580
 63960, 1370.108
 64020, 1383.227
 64080, 1436.358
 64140, 1414.463
 64200, 1409.103
 64260, 1376.778
 64320, 1346.554
 64380, 1305.609
 64440, 1305.108
 64500, 1243.770
 64560, 1267.842
 64620, 1253.954
 64680, 1370.412
 64740, 1433.398
 64800, 1491.395
 64860, 1540.971
 64920, 1601.091
 64980, 1626.766
 65040, 1583.695
 65100, 1447.933
 65160, 1547.054
 65220, 1565.964
 65280, 1514.081
 65340, 1471.223
 65400, 1553.627
 65460, 1579.009
 65520, 1552.417
 65580, 1517.484
 65640, -9999.000
 65700, 1124.626
 65760, 1242.451
 65820, 1360.835
 65880, 1430.736
 65940, 1442.451
 66000, 1490.188
 66060, 1566.061
 66120, 1620.970
 66180, 1658.495
 66240, 1691.465
 66300, 1744.139
 66360, 1749.515
 66420, 1821.438
 66480, 1866.587
 66540, 1931.503
 66600, 1972.156
 66660, 2018.035
 66720, 2034.883
 66780, 2046.087
 66840, 2053.295
 66900, 2062.367
 66960, 2029.058
 67020, 2011.041
 67080, 1856.640
 67140, 1857.170
 67200, 1763.558
 67260, 1762.381
 67320, 1783.071
 67380, 1757.648
 67440, 1652.037
 67500, -9999.000
 67560, 1383.848
 67620, 1403.216
 67680, 1442.940
 67740, 1485.197
 67800, 1448.706
 67860, 1409.537
 67920, 1476.950
 67980, 1480.003
 68040, 1375.368
 68100, 1421.056
 68160, 1521.801
 68220, 1445.785
 68280, 1562.730
 68340, 1686.761
 68400, 1759.880
 68460, 1824.602
 68520, 1783.208
 68580, 1919.415
 68640, 2020.634
 68700, 2054.297
 68760, 2043.995
 68820, 2067.467
 68880, 2133.019
 68940, 2010.393
 69000, 1880.680
 69060, 1859.947
 69120, 1901.822
 69180, 1861.390
 69240, 1949.453
 69300, 1974.127
 69360, -9999.000
 69420, 1332.318
 69480, 1382.192
 69540, 1264.498
 69600, 1444.238
 69660, 1606.180
 69720, 1693.100
 69780, 1673.276
 69840, 1657.844
 69900, 1739.501
 69960, 1806.334
 70020, 1904.547
 70080, 2076.536
 70140, 2120.529
 70200, 2259.590
 70260, 2348.049
 70320, 2414.662
 70380, 2445.837
 70440, 2411.420
 70500, 2312.675
 70560, 2333.148
 70620, 2499.081
 70680, 2686.553
 70740, 2834.147
 70800, 2855.544
 70860, 2925.680
 70920, 2946.349
 70980, 3041.320
 71040, 3146.211
 71100, 3008.591
 71160, 3016.169
 71220, 2465.265
 71280, 2559.420
 71340, 2564.925
 71400, 2518.742
 71460, 2646.576
 71520, 2627.570
 71580, 2739.302
 71640, 2744.319
 71700, 2533.791
 71760, 2555.464
 71820, 2645.977
 71880, 2496.401
 71940, 2582.132
 72000, 2871.719
 72060, 2676.350
 72120, 2654.699
 72180, 2721.167
 72240, 2663.945
 72300, 2859.725
 72360, 3065.422
 72420, 3085.900
 72480, 3099.627
 72540, 3226.584
 72600, 3217.868
 72660, 3257.043
 72720, 3476.478
 72780, 3616.828
 72840, 3660.781
 72900, 3559.099
 72960, 3568.401
 73020, -9999.000
 73080, 2467.037
 73140, 2779.519
 73200, 3075.017
 73260, 3345.175
 73320, 3410.806
 73380, 3496.843
 73440, 3570.994
 73500, 3742.242
 73560, 3849.480
 73620, 3646.606
 73680, 3514.836
 73740, 3541.567
 73800, 3529.334
 73860, 3616.841
 73920, 3721.800
 73980, 3737.689
 74040, 3883.199
 74100, 3930.562
 74160, 4007.122
 74220, 3824.840
 74280, 3493.909
 74340, 3523.311
 74400, 3899.293
 74460, 4184.419
 74520, 4366.814
 74580, 4248.568
 74640, 4218.198
 74700, 4280.253
 74760, 4325.688
 74820, 4330.667
 74880, -9999.000
 74940, 3758.583
 75000, 3949.660
 75060, 4192.301
 75120, 4460.076
 75180, 4498.807
 75240, 4535.280
 75300, 4360.945
 75360, 4576.928
 75420, 4427.466
 75480, 4238.767
 75540, 3985.474
 75600, 3950.927
 75660, 3570.004
 75720, 3449.994
 75780, 3731.659
 75840, 3911.875
 75900, 3903.240
 75960, 3790.758
 76020, 3648.127
 76080, 3633.293
 76140, 3680.638
 76200, 3603.163
 76260, 3859.897
 76320, 4006.276
 76380, 3687.265
 76440, 4250.908
 76500, 4033.943
 76560, 3894.200
 76620, 3678.768
 76680, 3607.016
 76740, -9999.000
 76800, 2976.403
 76860, 3194.981
 76920, 3239.148
 76980, 3338.832
 77040, 3461.580
 77100, 3385.423
 77160, 3075.377
 77220, 2799.071
 77280, 2550.606
 77340, 2299.630
 77400, 2152.576
 77460, 2117.090
 77520, 2097.412
 77580, 2143.624
 77640, 2265.316
 77700, 2432.985
 77760, 2414.435
 77820, 2422.665
 77880, 2451.404
 77940, 2331.718
 78000, 2351.714
 78060, 2330.056
 78120, 2398.247
 78180, 2514.096
 78240, 2597.989
 78300, 2656.620
 78360, 2598.345
 78420, 2576.879
 78480, 2472.856
 78540, 2274.565
 78600, 1894.727
 78660, 1998.442
 78720, 2063.275
 78780, 2176.101
 78840, 2246.727
 78900, 2182.968
 78960, 2260.107
 79020, 2161.740
 79080, 2100.274
 79140, 2125.412
 79200, 2167.275
 79260, 2195.453
 79320, 2085.307
 79380, 2042.238
 79440, 2006.365
 79500, 2148.809
 79560, 2117.948
 79620, 2088.171
 79680, 2035.661
 79740, 2098.152
 79800, 2147.590
 79860, 2140.369
 79920, 2028.800
 79980, 1997.501
 80040, 1973.835
 80100, 1856.089
 80160, 1701.656
 80220, 1606.802
 80280, 1519.480
 80340, 1456.134
 80400, 1450.837
 80460, 1251.155
 80520, 1319.314
 80580, 1367.054
 80640, 1362.823
 80700, 1392.438
 80760, 1407.161
 80820, 1397.826
 80880, 1433.929
 80940, 1485.385
 81000, 1456.884
 81060, 1447.404
 81120, 1426.273
 81180, 1425.998
 81240, 1458.391
 81300, 1389.298
 81360, 1301.177
 81420, 1289.365
 81480, 1292.110
 81540, 1307.988
 81600, 1339.363
 81660, 1309.375
 81720, 1271.986
 81780, 1296.567
 81840, 1303.053
 81900, 1295.837
 81960, 1332.264
 82020, 1251.321
 82080, 1316.125
 82140, 1363.157
 82200, 1276.460
 82260, 1273.312
 82320, 1139.965
 82380, 1156.638
 82440, 1270.779
 82500, 1282.380
 82560, 1242.561
 82620, 1220.916
 82680, 1206.450
 82740, 1250.947
 82800, 1295.703
 82860, 1285.249
 82920, 1308.449
 82980, 1331.148
 83040, 1369.928
 83100, 1415.360
 83160, 1315.125
 83220, 1331.261
 83280, 1310.796
 83340, 1297.759
 83400, 1186.231
 83460, 1260.881
 83520, 1218.793
 83580, 1253.133
 83640, 1143.983
 83700, 1180.221
 83760, 1196.902
 83820, 1236.439
 83880, 1221.937
 83940, 1241.079
 84000, 1239.039
 84060, 1275.970
 84120, -9999.000
 84180, 1022.564
 84240, 1063.064
 84300, 1085.993
 84360, 1120.363
 84420, 1135.689
 84480, 1077.753
 84540, 1162.715
 84600, 1232.041
 84660, 1259.648
 84720, 1248.001
 84780, 1224.233
 84840, 1275.723
 84900, 1210.688
 84960, 1247.880
 85020, 1168.951
 85080, 1152.972
 85140, 1101.319
 85200, 1098.679
 85260, 1086.618
 85320, 1058.777
 85380, 1069.732
 85440, 1053.254
 85500, 1026.947
 85560, 996.584
 85620, -9999.000
 85680, -9999.000
 85740, -9999.000
 85800, -9999.000
 85860, -9999.000
 85920, -9999.000
 85980, -9999.000
 86040, -9999.000
 86100, -9999.000
 86160, -9999.000
 86220, -9999.000
 86280, -9999.000
 86340, -9999.000
