CampaignData_and_Merges/R0/CSL_MobileLab_Parked/raw/20240808/USOS-jNO2_MobileLabGround_20240808_R0.ict
52,1001
Waxman, E.; Rollins, A.; Zuraski, K.; Chace, W.
NOAA Chemical Sciences Laboratory
jNO2 filter radiometer on CSL Mobile Lab
AMMBEC / USOS
1, 1
2024,08,08, 2025,04,01
60
Time_Start, seconds, number_of_seconds_since_0000_UTC
20
1, 1, 1, 1, 1, 1, 1, 1, 1, 1, 1, 1, 1, 1, 1, 1, 1, 1, 1, 1
-9999, -9999, -9999, -9999, -9999, -9999, -9999, -9999, -9999, -9999, -9999, -9999, -9999, -9999, -9999, -9999, -9999, -9999, -9999, -9999
Time_Stop, seconds, number_of_seconds_since_0000_UTC
jNO2_meas, per second, photolysis rate of NO2 measured using a filter radiometer.
jBrCl, per second, photolysis rate of BrCl -> Br + Cl calculated in TUV for cloud-free sky with local AOD
jBr2, per second, photolysis rate of Br2 -> Br + Br calculated in TUV for cloud-free sky with local AOD
jCCl4, per second, photolysis rate of CCl4 -> Products calcualted in TUV for cloud-free sky with local AOD
jCH2Oa, per second, photolysis rate of CH2O -> H + HCO calculated in TUV for cloud-free sky with local AOD
jCH2Ob, per second, photolysis rate of CH2O -> H2 + CO calculated in TUV for cloud-free sky with local AOD
jClNO2, per second, photolysis rate of ClNO2 -> Cl + NO2 calculated in TUV for cloud-free sky with local AOD
jClOa, per second, photolysis rate of ClO -> Cl + O(1D) calculated in TUV for cloud-free sky with local AOD
jClOb, per second, photolysis rate of ClO -> Cl + O(3P) calculated in TUV for cloud-free sky with local AOD
jCl2, per second, photolysis rate of Cl2 -> Cl + Cl calculated in TUV for cloud-free sky with local AOD
jHNO2, per second, photolysis rate of HNO2 -> OH + NO calculated in TUV for cloud-free sky with local AOD
jHNO3, per second, photolysis rate of HNO3 -> OH + NO2 calculated in TUV for cloud-free sky with local AOD
jI2, per second, photolysis rate of I2 -> I + I calculated in TUV for cloud-free sky with local AOD
jNO2, per second, photolysis rate of NO2 -> NO + O(3P) calculated in TUV for cloud-free sky with local AOD
jNO3a, per second, photolysis rate of NO3 -> NO + O2 calculated in TUV for cloud-free sky with local AOD
jNO3b, per second, photolysis rate of NO3 -> NO2 + O(3P) calculated in TUV for cloud-free sky with local AOD
jN2O5, per second, photolysis rate of N2O5 -> NO3 + NO + O(3P) calculated in TUV for cloud-free sky with local AOD
jO3, per second, photolysis rate of O3 -> O2 + O(1D) calculated in TUV for cloud-free sky with local AOD
AOD_500nm, unitless, UTC daily mean AOD at 500 nm from an AERONET station located at 40.178 N, -112.452 E
0
18
PI_CONTACT_INFO: eleanor.waxman@noaa.gov
PLATFORM: CSL Mobile Lab, at ground site
LOCATION: Salt Lake City, UT
ASSOCIATED_DATA:
INSTRUMENT_INFO: jNO2 filter radiometer.  TUV calculations are for mobile van lat/lon/altitude assuming clear sky (cloud AOD = 0) and daily mean AOD.
DATA_INFO:
UNCERTAINTY: Data uncertainties are +/- 20%.  These come from uncertainties in radiometer angular response, radiometer thermal response, local interferences from clouds/aerosols/shadows etc.
ULOD_FLAG: -7777
ULOD_VALUE: N/A
LLOD_FLAG: -8888
LLOD_VALUE: N/A
DM_CONTACT_INFO: eleanor.waxman@noaa.gov
PROJECT_INFO: USOS Project, July - August 2024
STIPULATIONS_ON_USE: Users are strongly encouraged to contact the PI for proper data usage.
OTHER_COMMENTS: 
REVISION: R0
R0: final data
Time_Start, Time_Stop, jNO2_meas, jBrCl, jBr2, jCCl4, jCH2Oa, jCH2Ob, jClNO2, jClOa, jClOb, jCl2, jHNO2, jHNO3, jI2, jNO2, jNO3a, jNO3b, jN2O5, jO3, AOD_500nm
       0,      60,0.0053379,0.006632,0.02178,1.417e-25,1.166e-05,2.139e-05,0.0002149,5.037e-26,8.928e-06,0.001172,0.0008012,1.63e-07,0.08349,0.00513,0.01694,0.1316,1.79e-05,5.527e-06,0.276
      60,     120,0.0053119,0.006592,0.02167,1.393e-25,1.153e-05,2.119e-05,0.000213,4.951e-26,8.772e-06,0.001163,0.0007951,1.608e-07,0.08313,0.005093,0.01687,0.1311,1.773e-05,5.428e-06,0.276
     120,     180,0.0052996,0.006554,0.02156,1.37e-25,1.141e-05,2.101e-05,0.0002112,4.872e-26,8.626e-06,0.001154,0.0007894,1.587e-07,0.08278,0.005058,0.01681,0.1306,1.757e-05,5.335e-06,0.276
     180,     240,0.0052796,0.006513,0.02145,1.346e-25,1.127e-05,2.081e-05,0.0002092,4.79e-26,8.472e-06,0.001144,0.0007832,1.565e-07,0.0824,0.005021,0.01675,0.13,1.739e-05,5.237e-06,0.276
     240,     300,0.0052517,0.006472,0.02133,1.323e-25,1.114e-05,2.061e-05,0.0002073,4.71e-26,8.32e-06,0.001135,0.000777,1.543e-07,0.08203,0.004984,0.01668,0.1294,1.722e-05,5.141e-06,0.276
     300,     360,0.0052241,0.006434,0.02122,1.301e-25,1.102e-05,2.042e-05,0.0002054,4.636e-26,8.177e-06,0.001126,0.0007712,1.523e-07,0.08167,0.004948,0.01662,0.1289,1.706e-05,5.051e-06,0.276
     360,     420,0.0052338,0.006392,0.02111,1.279e-25,1.089e-05,2.022e-05,0.0002035,4.559e-26,8.028e-06,0.001117,0.0007649,1.501e-07,0.08128,0.004911,0.01655,0.1283,1.688e-05,4.957e-06,0.276
     420,     480,0.0053025,0.00635,0.02099,1.257e-25,1.076e-05,2.001e-05,0.0002015,4.484e-26,7.88e-06,0.001107,0.0007587,1.48e-07,0.0809,0.004873,0.01648,0.1277,1.671e-05,4.863e-06,0.276
     480,     540,0.0051758,0.006311,0.02087,1.237e-25,1.063e-05,1.983e-05,0.0001997,4.414e-26,7.741e-06,0.001098,0.0007528,1.46e-07,0.08053,0.004837,0.01642,0.1272,1.655e-05,4.776e-06,0.276
     540,     600,0.005094,0.006268,0.02075,1.216e-25,1.05e-05,1.962e-05,0.0001977,4.342e-26,7.595e-06,0.001088,0.0007464,1.439e-07,0.08013,0.004799,0.01635,0.1266,1.637e-05,4.684e-06,0.276
     600,     660,0.0050593,0.006226,0.02063,1.196e-25,1.037e-05,1.942e-05,0.0001957,4.271e-26,7.451e-06,0.001079,0.0007401,1.417e-07,0.07973,0.00476,0.01627,0.126,1.62e-05,4.593e-06,0.276
     660,     720,0.0050225,0.006185,0.02052,1.177e-25,1.025e-05,1.923e-05,0.0001939,4.206e-26,7.317e-06,0.001069,0.0007341,1.398e-07,0.07935,0.004724,0.01621,0.1254,1.604e-05,4.508e-06,0.276
     720,     780,0.004984,0.006142,0.02039,1.157e-25,1.012e-05,1.903e-05,0.0001919,4.138e-26,7.176e-06,0.00106,0.0007277,1.377e-07,0.07894,0.004685,0.01613,0.1248,1.587e-05,4.42e-06,0.276
     780,     840,0.0049535,0.006099,0.02027,1.138e-25,9.985e-06,1.883e-05,0.0001899,4.071e-26,7.036e-06,0.00105,0.0007213,1.356e-07,0.07853,0.004646,0.01606,0.1242,1.569e-05,4.332e-06,0.276
     840,     900,0.0049157,0.006057,0.02015,1.12e-25,9.862e-06,1.863e-05,0.0001881,4.01e-26,6.906e-06,0.001041,0.0007152,1.336e-07,0.07814,0.004609,0.01599,0.1236,1.553e-05,4.25e-06,0.276
     900,     960,0.0048889,0.006013,0.02002,1.102e-25,9.732e-06,1.843e-05,0.0001861,3.945e-26,6.768e-06,0.001031,0.0007087,1.316e-07,0.07772,0.00457,0.01592,0.1229,1.535e-05,4.164e-06,0.276
     960,    1020,0.0048542,0.005969,0.01989,1.084e-25,9.603e-06,1.823e-05,0.0001841,3.883e-26,6.633e-06,0.001021,0.0007022,1.295e-07,0.0773,0.00453,0.01584,0.1223,1.518e-05,4.079e-06,0.276
    1020,    1080,0.0048111,0.005927,0.01977,1.067e-25,9.481e-06,1.804e-05,0.0001822,3.825e-26,6.507e-06,0.001012,0.0006961,1.276e-07,0.07689,0.004493,0.01577,0.1217,1.502e-05,4e-06,0.276
    1080,    1140,0.0047888,0.005882,0.01964,1.049e-25,9.352e-06,1.783e-05,0.0001802,3.764e-26,6.374e-06,0.001002,0.0006895,1.256e-07,0.07646,0.004453,0.01569,0.121,1.484e-05,3.917e-06,0.276
    1140,    1200,0.0047457,0.005837,0.01951,1.032e-25,9.224e-06,1.763e-05,0.0001782,3.705e-26,6.243e-06,0.000992,0.000683,1.236e-07,0.07603,0.004413,0.01561,0.1204,1.467e-05,3.836e-06,0.276
    1200,    1260,0.0046934,0.005794,0.01938,1.016e-25,9.103e-06,1.744e-05,0.0001764,3.65e-26,6.121e-06,0.0009826,0.0006767,1.217e-07,0.07561,0.004375,0.01554,0.1198,1.451e-05,3.759e-06,0.276
    1260,    1320,0.004653,0.005748,0.01925,9.999e-26,8.975e-06,1.723e-05,0.0001744,3.593e-26,5.993e-06,0.0009726,0.0006701,1.197e-07,0.07516,0.004334,0.01546,0.1191,1.434e-05,3.679e-06,0.276
    1320,    1380,0.0046092,0.005702,0.01912,9.838e-26,8.848e-06,1.703e-05,0.0001724,3.537e-26,5.866e-06,0.0009626,0.0006635,1.177e-07,0.07472,0.004294,0.01538,0.1184,1.416e-05,3.601e-06,0.276
    1380,    1440,0.0045502,0.005658,0.01899,9.689e-26,8.728e-06,1.684e-05,0.0001705,3.485e-26,5.748e-06,0.0009532,0.0006572,1.159e-07,0.07429,0.004255,0.0153,0.1178,1.4e-05,3.527e-06,0.276
    1440,    1500,0.004507,0.005612,0.01885,9.533e-26,8.602e-06,1.663e-05,0.0001685,3.431e-26,5.625e-06,0.0009432,0.0006506,1.139e-07,0.07383,0.004214,0.01522,0.1171,1.383e-05,3.451e-06,0.276
    1500,    1560,0.0044746,0.005565,0.01871,9.381e-26,8.476e-06,1.643e-05,0.0001665,3.378e-26,5.503e-06,0.0009331,0.0006439,1.12e-07,0.07337,0.004173,0.01514,0.1164,1.365e-05,3.375e-06,0.276
    1560,    1620,0.0044266,0.00552,0.01858,9.239e-26,8.357e-06,1.624e-05,0.0001646,3.329e-26,5.389e-06,0.0009236,0.0006375,1.102e-07,0.07293,0.004134,0.01506,0.1157,1.349e-05,3.304e-06,0.276
    1620,    1680,0.0043812,0.005473,0.01844,9.092e-26,8.232e-06,1.603e-05,0.0001626,3.277e-26,5.27e-06,0.0009135,0.0006308,1.083e-07,0.07246,0.004093,0.01497,0.115,1.332e-05,3.23e-06,0.276
    1680,    1740,0.0043445,0.005425,0.0183,8.948e-26,8.107e-06,1.583e-05,0.0001606,3.227e-26,5.153e-06,0.0009034,0.000624,1.064e-07,0.07198,0.004051,0.01489,0.1142,1.315e-05,3.158e-06,0.276
    1740,    1800,0.0042931,0.00538,0.01817,8.815e-26,7.991e-06,1.564e-05,0.0001588,3.181e-26,5.044e-06,0.0008938,0.0006177,1.046e-07,0.07153,0.004012,0.0148,0.1136,1.299e-05,3.09e-06,0.276
    1800,    1860,0.0042476,0.005331,0.01803,8.675e-26,7.867e-06,1.544e-05,0.0001568,3.132e-26,4.929e-06,0.0008837,0.0006109,1.028e-07,0.07104,0.00397,0.01472,0.1128,1.281e-05,3.02e-06,0.276
    1860,    1920,0.004212,0.005283,0.01788,8.538e-26,7.744e-06,1.523e-05,0.0001548,3.084e-26,4.816e-06,0.0008735,0.0006041,1.009e-07,0.07055,0.003928,0.01463,0.1121,1.264e-05,2.95e-06,0.276
    1920,    1980,0.0041709,0.005237,0.01774,8.411e-26,7.628e-06,1.504e-05,0.0001529,3.04e-26,4.711e-06,0.0008639,0.0005976,9.918e-08,0.07008,0.003888,0.01454,0.1114,1.248e-05,2.885e-06,0.276
    1980,    2040,0.0041269,0.005188,0.0176,8.279e-26,7.506e-06,1.484e-05,0.0001509,2.994e-26,4.601e-06,0.0008537,0.0005908,9.736e-08,0.06959,0.003846,0.01445,0.1106,1.231e-05,2.817e-06,0.276
    2040,    2100,0.0040887,0.005138,0.01745,8.149e-26,7.385e-06,1.464e-05,0.0001489,2.948e-26,4.493e-06,0.0008435,0.000584,9.556e-08,0.06908,0.003804,0.01436,0.1098,1.214e-05,2.751e-06,0.276
    2100,    2160,0.0040545,0.005091,0.01731,8.028e-26,7.271e-06,1.445e-05,0.000147,2.906e-26,4.393e-06,0.0008339,0.0005775,9.388e-08,0.0686,0.003764,0.01427,0.1091,1.198e-05,2.689e-06,0.276
    2160,    2220,0.0040043,0.005041,0.01716,7.902e-26,7.151e-06,1.425e-05,0.0001451,2.863e-26,4.288e-06,0.0008237,0.0005706,9.211e-08,0.06809,0.003721,0.01418,0.1083,1.181e-05,2.624e-06,0.276
    2220,    2280,0.0039559,0.004991,0.01701,7.778e-26,7.031e-06,1.405e-05,0.0001431,2.819e-26,4.184e-06,0.0008134,0.0005637,9.034e-08,0.06757,0.003678,0.01408,0.1075,1.164e-05,2.561e-06,0.276
    2280,    2340,0.0039003,0.004943,0.01686,7.664e-26,6.92e-06,1.386e-05,0.0001412,2.779e-26,4.088e-06,0.0008038,0.0005572,8.871e-08,0.06707,0.003638,0.01399,0.1068,1.148e-05,2.502e-06,0.276
    2340,    2400,0.0038464,0.004893,0.01671,7.544e-26,6.801e-06,1.366e-05,0.0001392,2.737e-26,3.987e-06,0.0007935,0.0005503,8.698e-08,0.06655,0.003595,0.0139,0.106,1.132e-05,2.44e-06,0.276
    2400,    2460,0.0037976,0.004842,0.01656,7.426e-26,6.684e-06,1.346e-05,0.0001373,2.696e-26,3.888e-06,0.0007833,0.0005434,8.528e-08,0.06601,0.003551,0.0138,0.1052,1.115e-05,2.38e-06,0.276
    2460,    2520,0.0037561,0.004793,0.01641,7.318e-26,6.574e-06,1.327e-05,0.0001354,2.658e-26,3.797e-06,0.0007736,0.0005369,8.369e-08,0.0655,0.003511,0.0137,0.1044,1.099e-05,2.324e-06,0.276
    2520,    2580,0.0037155,0.004742,0.01625,7.204e-26,6.458e-06,1.307e-05,0.0001334,2.618e-26,3.701e-06,0.0007634,0.0005299,8.201e-08,0.06497,0.003467,0.01361,0.1036,1.083e-05,2.265e-06,0.276
    2580,    2640,0.0036795,0.004689,0.01609,7.092e-26,6.343e-06,1.287e-05,0.0001315,2.579e-26,3.606e-06,0.0007531,0.000523,8.035e-08,0.06441,0.003423,0.0135,0.1027,1.066e-05,2.207e-06,0.276
    2640,    2700,0.0036398,0.004641,0.01595,6.988e-26,6.235e-06,1.269e-05,0.0001296,2.543e-26,3.519e-06,0.0007435,0.0005166,7.88e-08,0.06389,0.003383,0.0134,0.1019,1.05e-05,2.154e-06,0.276
    2700,    2760,0.0035929,0.004588,0.01579,6.88e-26,6.117e-06,1.249e-05,0.0001277,2.505e-26,3.428e-06,0.0007332,0.0005095,7.717e-08,0.06333,0.003339,0.0133,0.101,1.034e-05,2.098e-06,0.276
    2760,    2820,0.0035511,0.004536,0.01562,6.773e-26,6.008e-06,1.229e-05,0.0001257,2.467e-26,3.338e-06,0.0007229,0.0005024,7.558e-08,0.06276,0.003295,0.0132,0.1002,1.017e-05,2.044e-06,0.276
    2820,    2880,0.0035083,0.004486,0.01547,6.674e-26,5.902e-06,1.21e-05,0.0001239,2.433e-26,3.256e-06,0.0007132,0.0004959,7.408e-08,0.06223,0.003254,0.0131,0.09937,1.002e-05,1.993e-06,0.276
    2880,    2940,0.003462,0.004432,0.01531,6.571e-26,5.791e-06,1.192e-05,0.0001219,2.396e-26,3.168e-06,0.0007028,0.0004887,7.249e-08,0.06166,0.003209,0.01299,0.09849,9.855e-06,1.941e-06,0.276
    2940,    3000,0.0034254,0.004378,0.01514,6.469e-26,5.679e-06,1.172e-05,0.00012,2.36e-26,3.082e-06,0.0006923,0.0004815,7.093e-08,0.06107,0.003164,0.01288,0.09759,9.689e-06,1.888e-06,0.276
    3000,    3060,0.0033897,0.004329,0.01499,6.374e-26,5.578e-06,1.153e-05,0.0001182,2.327e-26,3.005e-06,0.0006828,0.0004752,6.952e-08,0.06052,0.003125,0.01278,0.09675,9.538e-06,1.841e-06,0.276
    3060,    3120,0.0033496,0.004276,0.01482,6.275e-26,5.471e-06,1.135e-05,0.0001163,2.293e-26,2.922e-06,0.0006731,0.0004685,6.8e-08,0.05993,0.003081,0.01267,0.09584,9.384e-06,1.792e-06,0.276
    3120,    3180,0.0033031,0.004222,0.01465,6.178e-26,5.358e-06,1.115e-05,0.0001144,2.258e-26,2.84e-06,0.0006628,0.0004616,6.645e-08,0.05933,0.003037,0.01256,0.09492,9.22e-06,1.742e-06,0.276
    3180,    3240,0.0032639,0.004171,0.01449,6.088e-26,5.261e-06,1.098e-05,0.0001126,2.227e-26,2.767e-06,0.0006532,0.000455,6.51e-08,0.05877,0.002996,0.01245,0.09405,9.073e-06,1.698e-06,0.276
    3240,    3300,0.0032193,0.004117,0.01432,5.993e-26,5.153e-06,1.078e-05,0.0001107,2.193e-26,2.689e-06,0.000643,0.000448,6.361e-08,0.05815,0.002952,0.01233,0.09311,8.912e-06,1.65e-06,0.276
    3300,    3360,0.0031724,0.004062,0.01415,5.899e-26,5.048e-06,1.06e-05,0.0001088,2.16e-26,2.613e-06,0.0006328,0.0004411,6.217e-08,0.05754,0.002908,0.01222,0.09216,8.755e-06,1.604e-06,0.276
    3360,    3420,0.0031321,0.004011,0.01399,5.813e-26,4.95e-06,1.042e-05,0.000107,2.13e-26,2.542e-06,0.0006233,0.0004345,6.082e-08,0.05696,0.002866,0.01211,0.09126,8.607e-06,1.562e-06,0.276
    3420,    3480,0.0030848,0.003956,0.01382,5.723e-26,4.847e-06,1.023e-05,0.0001052,2.098e-26,2.469e-06,0.0006132,0.0004276,5.941e-08,0.05634,0.002822,0.01199,0.0903,8.452e-06,1.517e-06,0.276
    3480,    3540,0.0030341,0.003901,0.01364,5.634e-26,4.745e-06,1.005e-05,0.0001033,2.067e-26,2.398e-06,0.0006031,0.0004207,5.802e-08,0.05571,0.002778,0.01187,0.08933,8.297e-06,1.474e-06,0.276
    3540,    3600,0.0029904,0.003849,0.01348,5.551e-26,4.65e-06,9.873e-06,0.0001016,2.038e-26,2.332e-06,0.0005937,0.0004142,5.674e-08,0.05511,0.002736,0.01176,0.08841,8.152e-06,1.434e-06,0.276
    3600,    3660,0.0029457,0.003793,0.0133,5.464e-26,4.55e-06,9.689e-06,9.972e-05,2.007e-26,2.262e-06,0.0005836,0.0004073,5.537e-08,0.05447,0.002692,0.01164,0.08741,7.999e-06,1.393e-06,0.276
    3660,    3720,0.0028955,0.003738,0.01312,5.379e-26,4.451e-06,9.507e-06,9.789e-05,1.977e-26,2.195e-06,0.0005736,0.0004004,5.404e-08,0.05382,0.002648,0.01151,0.08641,7.847e-06,1.352e-06,0.276
    3720,    3780,0.0028394,0.003685,0.01295,5.3e-26,4.358e-06,9.336e-06,9.617e-05,1.949e-26,2.132e-06,0.0005643,0.000394,5.28e-08,0.05321,0.002607,0.0114,0.08546,7.705e-06,1.315e-06,0.276
    3780,    3840,0.0027948,0.00363,0.01278,5.217e-26,4.261e-06,9.156e-06,9.436e-05,1.919e-26,2.067e-06,0.0005543,0.0003871,5.15e-08,0.05255,0.002563,0.01127,0.08445,7.555e-06,1.275e-06,0.276
    3840,    3900,0.0027467,0.003574,0.0126,5.135e-26,4.165e-06,8.977e-06,9.256e-05,1.89e-26,2.004e-06,0.0005444,0.0003803,5.022e-08,0.05189,0.002519,0.01114,0.08342,7.406e-06,1.238e-06,0.276
    3900,    3960,0.0027091,0.003521,0.01242,5.059e-26,4.076e-06,8.81e-06,9.087e-05,1.863e-26,1.946e-06,0.0005351,0.0003739,4.904e-08,0.05126,0.002478,0.01102,0.08244,7.267e-06,1.203e-06,0.276
    3960,    4020,0.0026494,0.003465,0.01224,4.979e-26,3.981e-06,8.633e-06,8.909e-05,1.835e-26,1.885e-06,0.0005253,0.0003671,4.779e-08,0.05059,0.002434,0.01089,0.08139,7.12e-06,1.166e-06,0.276
    4020,    4080,0.0026215,0.003408,0.01206,4.9e-26,3.889e-06,8.459e-06,8.732e-05,1.807e-26,1.826e-06,0.0005155,0.0003604,4.657e-08,0.04991,0.00239,0.01076,0.08034,6.974e-06,1.131e-06,0.276
    4080,    4140,0.002583,0.003355,0.01189,4.827e-26,3.803e-06,8.296e-06,8.567e-05,1.781e-26,1.772e-06,0.0005064,0.000354,4.544e-08,0.04926,0.002349,0.01064,0.07933,6.839e-06,1.098e-06,0.276
    4140,    4200,0.0025381,0.003299,0.0117,4.75e-26,3.712e-06,8.124e-06,8.393e-05,1.754e-26,1.715e-06,0.0004967,0.0003473,4.425e-08,0.04857,0.002306,0.0105,0.07826,6.696e-06,1.064e-06,0.276
    4200,    4260,0.0024994,0.003243,0.01152,4.674e-26,3.623e-06,7.954e-06,8.22e-05,1.727e-26,1.66e-06,0.000487,0.0003407,4.309e-08,0.04788,0.002263,0.01037,0.07718,6.554e-06,1.031e-06,0.276
    4260,    4320,0.0024658,0.003189,0.01134,4.604e-26,3.539e-06,7.794e-06,8.058e-05,1.702e-26,1.609e-06,0.000478,0.0003344,4.2e-08,0.04722,0.002222,0.01024,0.07614,6.421e-06,1e-06,0.276
    4320,    4380,0.0024241,0.003133,0.01115,4.53e-26,3.452e-06,7.627e-06,7.888e-05,1.676e-26,1.556e-06,0.0004684,0.0003278,4.088e-08,0.04651,0.002179,0.0101,0.07504,6.282e-06,9.686e-07,0.276
    4380,    4440,0.0023723,0.003076,0.01097,4.458e-26,3.367e-06,7.461e-06,7.72e-05,1.65e-26,1.505e-06,0.000459,0.0003212,3.977e-08,0.0458,0.002136,0.00996,0.07393,6.144e-06,9.378e-07,0.276
    4440,    4500,0.0023279,0.003023,0.01079,4.39e-26,3.287e-06,7.307e-06,7.562e-05,1.626e-26,1.458e-06,0.0004501,0.0003151,3.875e-08,0.04513,0.002096,0.009828,0.07288,6.015e-06,9.095e-07,0.276
    4500,    4560,0.0022859,0.002966,0.0106,4.319e-26,3.203e-06,7.144e-06,7.396e-05,1.601e-26,1.409e-06,0.0004407,0.0003086,3.767e-08,0.04441,0.002054,0.009686,0.07175,5.88e-06,8.803e-07,0.276
    4560,    4620,0.0022448,0.002909,0.01041,4.249e-26,3.12e-06,6.983e-06,7.231e-05,1.575e-26,1.361e-06,0.0004314,0.0003021,3.662e-08,0.04368,0.002011,0.009541,0.07061,5.745e-06,8.514e-07,0.276
    4620,    4680,0.0022001,0.002856,0.01023,4.18e-26,3.044e-06,6.833e-06,7.078e-05,1.547e-26,1.317e-06,0.0004227,0.0002961,3.564e-08,0.04299,0.001971,0.009405,0.06953,5.62e-06,8.251e-07,0.276
    4680,    4740,0.0021607,0.002798,0.01003,4.091e-26,2.962e-06,6.671e-06,6.912e-05,1.526e-26,1.271e-06,0.0004132,0.0002895,3.461e-08,0.04223,0.001928,0.009253,0.06833,5.485e-06,7.977e-07,0.276
    4740,    4800,0.0021185,0.002739,0.009836,4.055e-26,2.88e-06,6.509e-06,6.747e-05,1.508e-26,1.225e-06,0.0004038,0.000283,3.357e-08,0.04147,0.001885,0.009102,0.06713,5.351e-06,7.701e-07,0.276
    4800,    4860,0.0020786,0.002686,0.009656,3.912e-26,2.807e-06,6.365e-06,6.598e-05,1.455e-26,1.184e-06,0.0003953,0.0002771,3.264e-08,0.04077,0.001846,0.00896,0.06602,5.23e-06,7.453e-07,0.276
    4860,    4920,0.0020365,0.00263,0.009465,3.918e-26,2.731e-06,6.213e-06,6.443e-05,1.461e-26,1.142e-06,0.0003864,0.0002709,3.169e-08,0.04002,0.001805,0.00881,0.06484,5.104e-06,7.205e-07,0.276
    4920,    4980,0.0019861,0.002574,0.009272,3.848e-26,2.656e-06,6.062e-06,6.288e-05,1.432e-26,1.102e-06,0.0003775,0.0002647,3.076e-08,0.03927,0.001764,0.008659,0.06365,4.979e-06,6.962e-07,0.276
