CampaignData_and_Merges/R0/CSL_MobileLab_Parked/raw/20240808/USOS-MetNav_MobileLabGround_20240808_R0.ict
44, 1001
Carrie Womack, Nate Howard, Mike Zucker
NOAA Chemical Sciences Laboratory
Mobile Lab MetNav Station
USOS
1, 1
2024, 08, 08, 2024, 12, 21
60
Time_Start, seconds_past_midnight, Seconds from midnight UTC
11
1, 1, 1, 1, 1, 1, 1, 1, 1, 1, 1
-9999, -9999, -9999, -9999, -9999, -9999, -9999, -9999, -9999, -9999, -9999
GPS_Alt_m, meters, Altitude from Differential GPS
GPS_Course_deg, degrees, Course from Differential GPS
GPS_GndSpd_m_s, m/s, Ground Speed from Differential GPS
GPS_Heading_deg, degrees, Heading from Differential GPS
GPS_Lat_deg, degrees, Latitude from Differential GPS
GPS_Lon_deg, degrees, Longitude from Differential GPS
AirTemp_C, Celsius, Air Temperature from Airmar
RelHumidity_pct, percent, Relative Humidity from Airmar
Pressure_mb, millibars, Pressure from Honeywell
WindDir_calc_deg, degrees, Wind Direction from Airmar corrected for van movement
WindSpd_calc_m_s, m/s, Wind Speed from Airmar corrected for van movement
1
SPECIAL COMMENTS:
18
PI_CONTACT_INFO: Address: 325 Broadway R/CSL7, Boulder, CO, 80305
PLATFORM: CSL Mobile Lab
LOCATION: Salt Lake City, UT
ASSOCIATED_DATA: N/A
INSTRUMENT_INFO: N/A
DATA_INFO: Units:
UNCERTAINTY: N/A
ULOD_FLAG: -7777
ULOD_VALUE: N/A
LLOD_FLAG: -8888
LLOD_VALUE: N/A
DM_CONTACT_INFO: Data Manager: Nate Howard
PROJECT_INFO: 
STIPULATIONS_ON_USE: Use of these data require prior ok from PI.
OTHER_COMMENTS: 
REVISION: R0
R0: Final data. Fixed bug in wind averaging code. RA: Preliminary Data. For in-field use only. 
Time_Start, GPS_Alt_m, GPS_Course_deg, GPS_GndSpd_m_s, GPS_Heading_deg, GPS_Lat_deg, GPS_Lon_deg, AirTemp_C, RelHumidity_pct, Pressure_mb, WindDir_calc_deg, WindSpd_calc_m_s
[from data line 419]
25140.0,1308.2,2.04,0.04,2.04,40.73434,-111.87210,22.8,24.2,876.5,142.60,0.9
25200.0,1308.2,1.94,0.04,1.94,40.73434,-111.87210,22.8,23.7,876.5,135.92,0.8
25260.0,1308.3,2.13,0.05,2.13,40.73434,-111.87210,22.9,23.7,876.5,136.12,0.8
25320.0,1308.3,2.49,0.05,2.49,40.73434,-111.87210,22.9,23.6,876.5,168.38,0.6
25380.0,1308.2,2.43,0.05,2.43,40.73434,-111.87210,22.9,26.2,876.5,131.21,1.1
25440.0,1308.0,2.02,0.06,2.02,40.73434,-111.87210,22.9,26.3,876.5,138.74,1.2
25500.0,1307.9,1.92,0.04,1.92,40.73434,-111.87210,22.8,25.8,876.5,136.41,1.0
25560.0,1307.8,1.83,0.04,1.83,40.73434,-111.87210,22.8,26.4,876.5,142.40,1.2
25620.0,1307.8,1.12,0.05,1.12,40.73434,-111.87210,22.7,28.3,876.5,138.45,1.3
25680.0,1307.8,1.34,0.04,1.34,40.73434,-111.87210,22.7,28.8,876.5,122.52,0.9
25740.0,1307.8,1.92,0.05,1.92,40.73434,-111.87211,22.6,28.9,876.5,129.97,0.8
25800.0,1307.8,2.20,0.04,2.20,40.73434,-111.87210,22.6,27.6,876.5,131.69,0.9
25860.0,1308.0,2.40,0.06,2.40,40.73434,-111.87210,22.5,27.3,876.5,126.81,0.7
25920.0,1308.0,2.49,0.05,2.49,40.73434,-111.87210,22.4,26.4,876.5,119.79,0.8
25980.0,1308.3,2.07,0.05,2.07,40.73434,-111.87210,22.5,25.7,876.5,137.06,1.0
26040.0,1308.2,2.04,0.05,2.04,40.73434,-111.87210,22.4,27.4,876.5,135.20,1.4
26100.0,1308.1,2.07,0.05,2.07,40.73434,-111.87210,22.4,27.1,876.5,155.13,1.7
26160.0,1308.1,2.07,0.05,2.07,40.73434,-111.87210,22.4,26.3,876.5,152.55,1.6
26220.0,1308.1,1.57,0.05,1.57,40.73434,-111.87210,22.3,27.9,876.5,141.43,1.5
26280.0,1308.1,2.12,0.05,2.12,40.73434,-111.87210,22.3,27.6,876.5,139.94,1.4
26340.0,1308.1,2.32,0.04,2.32,40.73434,-111.87210,22.2,26.4,876.5,136.35,1.3
26400.0,1308.2,1.92,0.05,1.92,40.73434,-111.87210,22.3,26.2,876.5,138.11,1.0
26460.0,1308.1,2.37,0.05,2.37,40.73434,-111.87210,22.2,26.3,876.5,130.74,0.9
26520.0,1308.1,3.03,0.05,3.03,40.73434,-111.87210,22.2,25.9,876.5,109.57,0.7
26580.0,1308.0,2.58,0.05,2.58,40.73434,-111.87210,22.2,25.6,876.5,86.90,0.4
26640.0,1308.0,2.41,0.05,2.41,40.73434,-111.87210,22.1,25.7,876.5,98.55,0.6
26700.0,1308.0,1.96,0.05,1.96,40.73434,-111.87210,22.2,25.3,876.5,134.14,0.3
26760.0,1308.1,2.17,0.05,2.17,40.73434,-111.87210,22.1,26.3,876.5,126.42,1.2
26820.0,1308.2,1.26,0.05,1.26,40.73434,-111.87210,22.1,26.9,876.5,108.92,0.7
26880.0,1308.3,1.31,0.05,1.31,40.73434,-111.87210,22.0,25.6,876.5,75.83,0.5
26940.0,1308.4,1.67,0.05,1.67,40.73434,-111.87210,22.0,25.8,876.6,64.51,0.4
27000.0,1308.1,1.66,0.05,1.66,40.73434,-111.87210,21.9,25.9,876.6,80.77,0.4
27060.0,1308.1,1.52,0.04,1.52,40.73434,-111.87210,21.9,26.0,876.6,115.66,0.5
27120.0,1308.0,1.47,0.05,1.47,40.73434,-111.87210,21.9,25.9,876.5,137.61,0.8
27180.0,1308.1,1.80,0.05,1.80,40.73434,-111.87210,21.9,26.2,876.5,118.74,0.7
27240.0,1308.2,1.45,0.05,1.45,40.73434,-111.87210,21.9,27.2,876.5,125.25,0.8
27300.0,1308.2,1.49,0.05,1.49,40.73434,-111.87210,21.9,26.9,876.5,120.64,0.8
27360.0,1308.3,1.59,0.05,1.59,40.73434,-111.87210,21.8,26.1,876.5,91.41,0.4
27420.0,1308.3,2.01,0.06,2.01,40.73434,-111.87210,21.8,26.9,876.5,127.99,0.8
27480.0,1308.3,1.69,0.05,1.69,40.73434,-111.87210,21.7,27.7,876.5,119.18,0.8
27540.0,1308.4,1.56,0.05,1.56,40.73434,-111.87211,21.8,27.4,876.5,122.12,0.7
27600.0,1308.5,1.12,0.04,1.12,40.73434,-111.87211,21.7,27.7,876.5,128.88,1.1
27660.0,1308.6,1.20,0.05,1.20,40.73434,-111.87211,21.6,27.5,876.5,129.29,1.3
27720.0,1308.6,1.04,0.04,1.04,40.73434,-111.87211,21.6,28.2,876.5,133.94,1.2
27780.0,1308.6,1.10,0.05,1.10,40.73434,-111.87211,21.6,28.9,876.5,131.28,0.8
27840.0,1308.7,1.23,0.05,1.23,40.73434,-111.87211,21.6,28.2,876.5,125.32,1.0
27900.0,1308.7,1.05,0.05,1.05,40.73434,-111.87211,21.5,27.3,876.5,124.00,1.0
27960.0,1308.7,1.18,0.04,1.18,40.73434,-111.87211,21.6,28.6,876.5,135.88,0.9
28020.0,1308.7,1.74,0.05,1.74,40.73434,-111.87211,21.6,27.8,876.5,137.86,1.1
28080.0,1308.8,2.20,0.05,2.20,40.73434,-111.87211,21.5,28.6,876.5,115.22,0.6
28140.0,1308.8,2.25,0.05,2.25,40.73434,-111.87211,21.6,26.8,876.5,131.65,0.8
28200.0,1308.8,1.84,0.05,1.84,40.73434,-111.87211,21.6,26.0,876.5,128.50,0.9
28260.0,1308.8,2.00,0.05,2.00,40.73434,-111.87210,21.6,25.5,876.5,127.33,0.9
28320.0,1308.7,2.35,0.05,2.35,40.73434,-111.87210,21.6,25.5,876.5,111.71,0.7
28380.0,1308.7,2.82,0.05,2.82,40.73434,-111.87210,21.5,26.1,876.5,101.42,0.6
28440.0,1308.7,2.56,0.04,2.56,40.73434,-111.87210,21.6,25.7,876.5,110.67,0.5
28500.0,1308.7,2.16,0.05,2.16,40.73434,-111.87210,21.6,24.8,876.5,93.71,0.5
28560.0,1308.7,2.32,0.05,2.32,40.73434,-111.87210,21.6,25.6,876.5,94.33,0.5
28620.0,1308.7,2.45,0.05,2.45,40.73434,-111.87210,21.6,26.0,876.5,148.93,0.8
28680.0,1308.7,2.16,0.05,2.16,40.73434,-111.87210,21.7,26.8,876.5,150.85,1.8
28740.0,1308.7,2.43,0.05,2.43,40.73434,-111.87210,21.7,26.8,876.5,150.68,1.5
28800.0,1308.6,2.45,0.05,2.45,40.73434,-111.87210,21.7,26.2,876.5,152.20,1.4
28860.0,1308.6,2.13,0.05,2.13,40.73434,-111.87210,21.8,27.0,876.5,141.62,1.5
28920.0,1308.4,2.17,0.05,2.17,40.73434,-111.87210,21.8,25.0,876.5,144.40,2.4
28980.0,1308.3,2.84,0.05,2.84,40.73434,-111.87210,21.9,25.2,876.4,137.48,2.2
29040.0,1308.4,2.79,0.04,2.79,40.73434,-111.87210,22.0,24.3,876.4,140.95,2.3
29100.0,1308.4,2.90,0.05,2.90,40.73434,-111.87210,22.1,23.9,876.4,118.06,1.7
29160.0,1308.3,2.90,0.04,2.90,40.73434,-111.87210,22.1,25.0,876.5,31.25,0.7
29220.0,1308.5,2.50,0.05,2.50,40.73434,-111.87210,22.1,25.2,876.5,50.35,0.4
29280.0,1308.6,2.25,0.05,2.25,40.73434,-111.87210,22.1,25.4,876.5,129.36,0.9
29340.0,1308.5,1.93,0.04,1.93,40.73434,-111.87210,22.1,25.3,876.5,92.93,0.8
29400.0,1308.5,1.75,0.05,1.75,40.73434,-111.87210,22.2,23.3,876.4,119.52,0.6
29460.0,1308.6,1.99,0.04,1.99,40.73434,-111.87210,22.2,24.6,876.5,104.64,0.6
29520.0,1308.6,2.03,0.05,2.03,40.73434,-111.87210,22.2,25.5,876.5,100.18,0.4
29580.0,1308.5,1.83,0.04,1.83,40.73434,-111.87210,22.1,25.7,876.5,21.21,0.4
29640.0,1308.4,1.79,0.05,1.79,40.73434,-111.87210,22.0,25.9,876.5,65.77,0.4
29700.0,1308.4,1.61,0.04,1.61,40.73434,-111.87210,22.0,26.0,876.5,243.05,0.2
29760.0,1308.5,1.10,0.05,1.10,40.73434,-111.87210,22.0,26.6,876.5,93.02,0.1
29820.0,1308.5,1.16,0.05,1.16,40.73434,-111.87211,21.9,26.6,876.5,113.81,1.2
29880.0,1308.6,1.33,0.06,1.33,40.73434,-111.87211,21.9,26.1,876.5,140.01,1.2
29940.0,1308.6,1.45,0.05,1.45,40.73434,-111.87211,21.9,26.8,876.5,143.44,1.7
30000.0,1308.7,2.05,0.04,2.05,40.73434,-111.87210,21.8,27.9,876.6,67.04,0.5
30060.0,1308.7,1.61,0.05,1.61,40.73434,-111.87210,21.6,26.8,876.5,36.16,0.3
30120.0,1308.8,0.98,0.05,0.98,40.73434,-111.87210,21.7,26.6,876.5,110.64,0.5
30180.0,1308.8,0.56,0.06,0.56,40.73434,-111.87210,21.7,26.7,876.6,125.52,0.9
30240.0,1308.8,0.56,0.05,0.56,40.73434,-111.87210,21.7,26.8,876.5,127.77,0.8
30300.0,1308.8,0.76,0.04,0.76,40.73434,-111.87210,21.7,28.2,876.6,122.81,1.1
30360.0,1308.9,1.68,0.05,1.68,40.73434,-111.87210,21.7,26.9,876.6,107.38,0.5
30420.0,1309.0,2.16,0.05,2.16,40.73434,-111.87210,21.6,26.7,876.6,87.05,0.4
30480.0,1309.1,1.56,0.05,1.56,40.73434,-111.87210,21.6,26.9,876.6,100.79,0.5
30540.0,1309.2,1.42,0.05,1.42,40.73434,-111.87210,21.5,26.8,876.6,79.38,0.6
30600.0,1309.1,1.73,0.05,1.73,40.73434,-111.87210,21.5,27.1,876.6,84.55,0.4
30660.0,1309.1,1.68,0.05,1.68,40.73434,-111.87210,21.5,26.6,876.6,103.86,0.2
30720.0,1309.0,1.23,0.05,1.23,40.73434,-111.87210,21.5,27.8,876.5,142.21,1.4
30780.0,1309.0,1.30,0.05,1.30,40.73434,-111.87210,21.4,28.2,876.6,82.85,0.5
30840.0,1309.1,2.17,0.04,2.17,40.73434,-111.87210,21.4,27.7,876.6,69.97,0.3
30900.0,1309.0,1.94,0.05,1.94,40.73434,-111.87210,21.3,27.6,876.6,17.42,0.5
30960.0,1309.0,1.84,0.05,1.84,40.73434,-111.87211,21.4,27.8,876.7,132.48,0.1
31020.0,1309.1,2.35,0.05,2.35,40.73434,-111.87211,21.5,28.1,876.6,130.33,0.5
31080.0,1309.0,2.07,0.05,2.07,40.73435,-111.87211,21.5,28.4,876.7,127.86,1.0
31140.0,1309.0,2.29,0.05,2.29,40.73435,-111.87211,21.4,28.0,876.7,133.78,1.4
31200.0,1309.0,2.22,0.04,2.22,40.73435,-111.87211,21.3,28.2,876.7,99.92,0.7
31260.0,1309.0,2.18,0.05,2.18,40.73435,-111.87211,21.3,28.2,876.7,38.37,0.3
31320.0,1309.1,2.71,0.05,2.71,40.73435,-111.87211,21.3,28.1,876.7,123.07,0.5
31380.0,1309.1,2.91,0.06,2.91,40.73435,-111.87211,21.3,27.8,876.7,138.50,1.1
31440.0,1309.0,2.21,0.05,2.21,40.73435,-111.87211,21.4,27.5,876.7,87.76,0.4
31500.0,1309.2,2.53,0.05,2.53,40.73434,-111.87211,21.4,27.7,876.7,98.74,0.5
31560.0,1309.7,2.75,0.05,2.75,40.73434,-111.87211,21.5,27.7,876.7,116.78,0.6
31620.0,1309.8,2.75,0.05,2.75,40.73434,-111.87211,21.5,27.7,876.7,100.85,0.5
31680.0,1309.6,3.01,0.04,3.01,40.73434,-111.87211,21.5,28.6,876.7,145.06,0.7
31740.0,1309.4,3.31,0.05,3.31,40.73434,-111.87211,21.5,28.6,876.7,129.02,1.5
31800.0,1309.3,2.92,0.04,2.92,40.73434,-111.87211,21.5,28.0,876.7,140.23,1.4
31860.0,1309.3,2.51,0.05,2.51,40.73434,-111.87211,21.5,28.5,876.7,169.81,1.6
31920.0,1309.3,2.38,0.05,2.38,40.73434,-111.87211,21.7,27.8,876.7,186.48,1.4
31980.0,1309.4,2.35,0.05,2.35,40.73434,-111.87211,21.8,27.8,876.7,122.24,0.5
32040.0,1309.4,2.88,0.04,2.88,40.73434,-111.87211,21.9,28.2,876.8,126.21,1.0
32100.0,1309.3,2.83,0.05,2.83,40.73434,-111.87211,21.9,28.1,876.7,151.06,0.9
32160.0,1309.2,2.64,0.05,2.64,40.73434,-111.87211,22.0,27.5,876.7,157.99,1.0
32220.0,1309.3,2.58,0.05,2.58,40.73434,-111.87211,22.0,28.0,876.7,66.87,0.5
32280.0,1309.2,2.56,0.05,2.56,40.73434,-111.87211,22.0,27.8,876.8,13.50,0.4
32340.0,1309.1,2.71,0.04,2.71,40.73434,-111.87211,22.0,28.0,876.7,204.76,0.0
32400.0,1309.2,2.97,0.05,2.97,40.73434,-111.87211,22.0,28.2,876.7,66.69,0.1
32460.0,1309.1,2.30,0.05,2.30,40.73434,-111.87211,22.0,28.5,876.7,82.36,0.4
32520.0,1309.0,2.13,0.05,2.13,40.73434,-111.87211,22.0,28.6,876.7,115.12,0.9
32580.0,1309.1,1.71,0.04,1.71,40.73434,-111.87211,22.0,28.6,876.8,76.06,0.6
32640.0,1309.1,2.09,0.05,2.09,40.73434,-111.87211,22.0,28.4,876.8,108.07,0.7
32700.0,1309.1,1.85,0.05,1.85,40.73434,-111.87211,21.9,27.9,876.8,100.16,0.7
32760.0,1308.9,1.41,0.05,1.41,40.73434,-111.87211,21.9,28.2,876.8,113.33,0.7
32820.0,1308.9,1.50,0.05,1.50,40.73434,-111.87211,21.9,28.1,876.8,78.82,0.3
32880.0,1309.0,2.16,0.04,2.16,40.73434,-111.87211,22.0,28.2,876.8,86.65,0.4
32940.0,1308.8,2.66,0.05,2.66,40.73434,-111.87211,22.0,28.6,876.8,121.42,0.8
33000.0,1308.8,2.77,0.04,2.77,40.73434,-111.87211,22.1,28.5,876.8,116.84,0.9
33060.0,1308.9,2.14,0.05,2.14,40.73434,-111.87211,22.1,29.1,876.7,179.85,0.7
33120.0,1308.9,2.38,0.05,2.38,40.73434,-111.87211,22.2,29.2,876.7,92.61,0.3
33180.0,1309.3,2.51,0.05,2.51,40.73434,-111.87211,22.2,29.0,876.8,112.04,0.9
33240.0,1309.1,2.53,0.05,2.53,40.73434,-111.87211,22.1,29.0,876.8,99.58,0.6
33300.0,1308.9,2.17,0.04,2.17,40.73434,-111.87211,22.1,28.6,876.9,107.17,0.6
33360.0,1308.9,1.64,0.04,1.64,40.73434,-111.87211,22.1,29.0,876.9,122.28,1.1
33420.0,1309.0,1.71,0.05,1.71,40.73434,-111.87211,22.2,29.0,876.9,140.49,0.9
33480.0,1309.2,2.02,0.05,2.02,40.73434,-111.87211,22.2,29.1,876.9,127.45,0.6
33540.0,1309.2,1.84,0.04,1.84,40.73434,-111.87211,22.3,28.9,876.8,59.65,0.3
33600.0,1309.3,1.58,0.05,1.58,40.73434,-111.87211,22.2,28.7,876.8,88.50,0.5
33660.0,1309.4,1.85,0.05,1.85,40.73434,-111.87211,22.3,29.0,876.8,123.72,0.8
33720.0,1309.6,2.20,0.05,2.20,40.73434,-111.87211,22.3,29.1,876.8,122.23,1.0
33780.0,1309.5,2.34,0.06,2.34,40.73434,-111.87211,22.3,29.0,876.9,89.61,0.6
33840.0,1309.6,3.04,0.05,3.04,40.73434,-111.87210,22.3,29.2,876.9,100.85,0.6
33900.0,1309.6,2.13,0.06,2.13,40.73434,-111.87210,22.3,29.4,876.9,118.15,0.8
33960.0,1309.8,1.84,0.06,1.84,40.73433,-111.87210,22.3,29.3,876.9,120.06,0.8
34020.0,1310.0,1.37,0.05,1.37,40.73433,-111.87210,22.3,29.3,876.9,118.68,0.9
34080.0,1310.4,1.09,0.06,1.09,40.73433,-111.87210,22.4,29.4,876.9,129.34,0.7
34140.0,1310.4,1.40,0.05,1.40,40.73433,-111.87210,22.5,29.4,876.9,117.45,0.8
34200.0,1310.4,0.73,0.05,0.73,40.73433,-111.87210,22.5,29.9,877.0,117.98,0.8
34260.0,1310.2,0.33,0.06,0.33,40.73433,-111.87210,22.5,30.5,877.0,112.45,1.1
34320.0,1310.4,0.74,0.05,0.74,40.73433,-111.87210,22.4,30.0,877.0,109.34,1.0
34380.0,1310.3,0.59,0.05,0.59,40.73433,-111.87211,22.4,29.8,877.0,114.29,0.8
34440.0,1310.4,0.96,0.05,0.96,40.73433,-111.87211,22.4,30.2,877.0,135.31,1.0
34500.0,1310.1,1.13,0.05,1.13,40.73433,-111.87211,22.5,30.5,877.0,165.97,1.3
34560.0,1310.3,0.96,0.06,0.96,40.73433,-111.87211,22.5,30.2,877.0,173.63,1.6
34620.0,1310.3,1.24,0.06,1.24,40.73433,-111.87211,22.6,30.2,877.0,169.04,1.6
34680.0,1310.2,1.76,0.05,1.76,40.73433,-111.87211,22.6,30.2,877.0,152.60,1.4
34740.0,1310.0,1.73,0.06,1.73,40.73433,-111.87211,22.5,30.7,877.1,119.85,1.5
34800.0,1310.0,1.92,0.05,1.92,40.73434,-111.87211,22.4,30.7,877.1,108.10,1.1
34860.0,1309.9,2.28,0.06,2.28,40.73434,-111.87211,22.4,30.2,877.1,87.17,0.4
34920.0,1309.6,2.08,0.06,2.08,40.73434,-111.87211,22.4,30.4,877.0,358.33,0.1
34980.0,1309.6,2.39,0.05,2.39,40.73434,-111.87211,22.5,30.7,877.1,99.75,0.2
35040.0,1309.7,2.54,0.07,2.54,40.73434,-111.87211,22.4,30.7,877.1,84.11,0.5
35100.0,1309.8,2.62,0.05,2.62,40.73434,-111.87210,22.3,30.6,877.1,101.00,0.5
35160.0,1309.5,2.41,0.06,2.41,40.73434,-111.87210,22.3,30.6,877.1,107.54,0.5
35220.0,1309.8,2.05,0.05,2.05,40.73434,-111.87210,22.3,30.5,877.1,106.03,0.5
35280.0,1309.8,1.87,0.06,1.87,40.73434,-111.87210,22.3,30.5,877.1,120.05,0.8
35340.0,1309.9,1.65,0.05,1.65,40.73434,-111.87210,22.3,31.5,877.1,126.67,1.0
35400.0,1310.1,1.40,0.05,1.40,40.73434,-111.87210,22.3,30.8,877.0,125.27,0.9
35460.0,1310.0,1.01,0.05,1.01,40.73434,-111.87210,22.3,31.3,877.0,153.02,1.0
35520.0,1309.6,1.39,0.05,1.39,40.73434,-111.87210,22.5,30.8,877.0,132.90,0.8
35580.0,1308.9,1.74,0.05,1.74,40.73434,-111.87210,22.6,30.3,877.0,94.12,0.3
35640.0,1308.9,1.96,0.05,1.96,40.73434,-111.87210,22.6,30.0,877.1,63.26,0.4
35700.0,1309.3,1.80,0.05,1.80,40.73434,-111.87211,22.6,30.9,877.1,102.96,0.6
35760.0,1309.0,2.05,0.05,2.05,40.73434,-111.87211,22.5,30.9,877.1,98.46,0.4
35820.0,1308.7,2.22,0.05,2.22,40.73434,-111.87210,22.4,30.6,877.1,45.34,0.4
35880.0,1308.7,1.67,0.05,1.67,40.73434,-111.87210,22.3,30.8,877.1,80.79,0.4
35940.0,1308.6,1.63,0.05,1.63,40.73434,-111.87210,22.3,31.0,877.1,121.21,0.7
36000.0,1308.7,1.49,0.05,1.49,40.73434,-111.87210,22.3,31.2,877.1,120.53,0.9
36060.0,1308.6,1.23,0.05,1.23,40.73434,-111.87210,22.2,31.5,877.0,119.89,0.9
36120.0,1308.6,1.34,0.05,1.34,40.73434,-111.87210,22.2,30.8,877.0,83.18,0.6
36180.0,1308.7,1.82,0.06,1.82,40.73434,-111.87210,22.2,30.8,877.0,89.12,0.5
36240.0,1308.6,1.10,0.05,1.10,40.73434,-111.87210,22.1,30.5,877.0,70.91,0.4
36300.0,1308.5,0.77,0.05,0.77,40.73434,-111.87210,22.1,30.6,877.0,101.19,0.5
36360.0,1308.2,1.06,0.06,1.06,40.73434,-111.87210,22.0,30.7,877.0,51.33,0.3
36420.0,1308.4,1.93,0.04,1.93,40.73434,-111.87210,22.1,30.8,877.0,141.30,0.1
36480.0,1308.5,2.10,0.05,2.10,40.73434,-111.87210,22.1,31.1,877.0,20.32,0.0
36540.0,1308.5,1.73,0.05,1.73,40.73434,-111.87210,22.1,31.5,877.0,123.06,0.0
36600.0,1308.6,2.25,0.05,2.25,40.73434,-111.87210,22.1,31.4,877.0,64.88,0.3
36660.0,1308.7,2.39,0.05,2.39,40.73434,-111.87210,22.2,31.4,877.0,88.24,0.4
36720.0,1308.7,2.17,0.05,2.17,40.73434,-111.87210,22.2,31.4,877.0,101.33,0.5
36780.0,1308.8,1.93,0.05,1.93,40.73434,-111.87210,22.1,31.6,877.0,119.93,0.3
36840.0,1308.9,2.13,0.04,2.13,40.73434,-111.87210,22.2,31.5,877.0,142.13,0.3
36900.0,1309.0,2.32,0.04,2.32,40.73434,-111.87210,22.1,31.5,877.1,114.55,0.7
36960.0,1308.8,1.71,0.05,1.71,40.73434,-111.87210,22.1,32.5,877.1,97.22,0.7
37020.0,1308.9,1.33,0.04,1.33,40.73434,-111.87210,22.1,31.6,877.1,77.42,0.3
37080.0,1309.0,1.08,0.04,1.08,40.73434,-111.87210,22.2,31.4,877.1,350.86,0.1
37140.0,1309.1,0.60,0.05,0.60,40.73434,-111.87210,22.3,31.5,877.1,63.82,0.1
37200.0,1309.3,0.45,0.04,0.45,40.73434,-111.87210,22.3,31.4,877.1,92.90,0.4
37260.0,1309.4,0.42,0.04,0.42,40.73434,-111.87210,22.3,31.6,877.1,110.64,0.7
37320.0,1309.5,0.65,0.05,0.65,40.73434,-111.87210,22.2,31.6,877.1,110.76,0.6
37380.0,1309.6,0.87,0.05,0.87,40.73434,-111.87210,22.2,31.7,877.1,110.56,0.8
37440.0,1309.7,1.17,0.05,1.17,40.73434,-111.87210,22.1,32.9,877.1,116.17,0.9
37500.0,1309.7,1.21,0.05,1.21,40.73434,-111.87210,22.1,31.9,877.1,97.21,0.7
