CampaignData_and_Merges/R0/CSL_MobileLab_Parked/raw/20240808/USOS-NOAAIodideCIMS-Halogens_MobileLabGround_20240808_RA.ict
38, 1001
Michael A Robinson, Chris Jernigan, Subi Thakali
NOAA ESRL Chemical Sciences Laboratory and CIRES, U. of Colorado
NOAA Iodide CIMS Instrument
USOS
1, 1
2024, 08, 08, 2024, 08, 09
1
starttime_UTC, seconds_past_midnight, seconds_of_day_since_00:00:00_UTC
6
1, 1, 1, 1, 1, 1
-9999, -9999, -9999, -9999, -9999, -9999
Br2_NOAACIMS, pptv, Gas_Br2_InSitu_S_AVMR, 
BrO_NOAACIMS, pptv, Gas_BrO_InSitu_S_AVMR, 
Cl2_NOAACIMS, pptv, Gas_Cl2_InSitu_S_AVMR, 
ClNO2_NOAACIMS, pptv, Gas_ClNO2_InSitu_S_AVMR, 
BrCl_NOAACIMS, pptv, Gas_BrCl_InSitu_S_AVMR, 
NCl3_NOAACIMS, pptv, Gas_NCl3_InSitu_S_AVMR, 
0
18
PI_CONTACT_INFO: 325 Broadway, R/CSD 7, Boulder, Colorado 80305; michael.a.robinson@noaa.gov; chris.jernigan@noaa.gov;
PLATFORM: NOAA CSL Mobile Lab
LOCATION: SLC, Utah
ASSOCIATED_DATA: 1Hz data also available on request.
INSTRUMENT_INFO: NOAA I- ToF CIMS
DATA_INFO: All data in parts per trillion by volume (pptv). 1 Hz data is available upon request.
UNCERTAINTY: TBD
ULOD_FLAG: -7777
ULOD_VALUE: N/A
LLOD_FLAG: -8888
LLOD_VALUE: N/A
DM_CONTACT_INFO: Nathan Howard; nathan.h.howard@noaa.gov
PROJECT_INFO: USOS, summer 2024. https://csl.noaa.gov/groups/csl7/measurements/2024usos/
STIPULATIONS_ON_USE: Users are strongly encouraged to contact the PI for proper data usage.
OTHER_COMMENTS: 
REVISION: RA
RA: Preliminary Data; For in-field use only
starttime_UTC, Br2_NOAACIMS, BrO_NOAACIMS, Cl2_NOAACIMS, ClNO2_NOAACIMS, BrCl_NOAACIMS, NCl3_NOAACIMS
     0,  1.017,  0.023,  0.496,  0.097,  0.170, -0.054
    60,  1.616,  0.120,  0.763,  0.066,  0.314,  0.016
   120,  1.383,  0.007,  0.686,  0.089,  0.302,  0.015
   180,  1.627,  0.020,  0.661,  0.092,  0.302,  0.123
   240,  1.523,  0.059,  0.571,  0.087,  0.281,  0.011
   300,  1.381,  0.071,  0.548,  0.077,  0.256,  0.016
   360,  1.175,  0.054,  0.524,  0.027,  0.176, -0.005
   420,  1.259,  0.018,  0.560,  0.056,  0.220, -0.075
   480,  1.201,  0.010,  0.536,  0.063,  0.141,  0.002
   540,  1.432, -0.006,  0.666,  0.073,  0.338,  0.052
   600,  1.356,  0.034,  0.690,  0.069,  0.331,  0.021
   660,  1.456,  0.018,  0.702,  0.122,  0.278,  0.021
   720,  1.060,  0.024,  0.666,  0.056,  0.245,  0.064
   780,  1.237,  0.024,  0.681,  0.080,  0.329,  0.083
   840,  1.436,  0.041,  0.682,  0.101,  0.242,  0.161
   900,  1.316,  0.055,  0.885,  0.124,  0.299,  0.088
   960,  1.069,  0.008,  0.782,  0.092,  0.282,  0.040
  1020,  0.998, -0.011,  0.615,  0.107,  0.240,  0.057
  1080,  0.835,  0.099,  0.793,  0.072,  0.142,  0.008
  1140,  0.968,  0.025,  0.890,  0.102,  0.239,  0.017
  1200,  1.184, -0.002,  0.821,  0.116,  0.309,  0.072
  1260,  0.984, -0.004,  0.770,  0.108,  0.266,  0.123
  1320,  0.870,  0.042,  0.699,  0.099,  0.289,  0.116
  1380,  0.835, -0.021,  0.710,  0.090,  0.107,  0.084
  1440,  0.822, -0.013,  0.822,  0.071,  0.285,  0.111
  1500,  0.895, -0.007,  0.798,  0.081,  0.239,  0.050
  1560,  1.090,  0.032,  0.628,  0.082,  0.155,  0.038
  1620,  0.883, -0.010,  0.566,  0.047,  0.182,  0.089
  1680, -9999.000, -9999.000, -9999.000, -9999.000, -9999.000, -9999.000
  1740,  0.665,  0.039,  0.632,  0.074,  0.181,  0.029
  1800,  0.649,  0.027,  0.674,  0.096,  0.121,  0.008
  1860,  0.811,  0.020,  0.733,  0.119,  0.229,  0.060
  1920,  0.963, -0.007,  0.538,  0.077,  0.182,  0.028
  1980,  0.915,  0.057,  0.750,  0.091,  0.168,  0.103
  2040,  0.906,  0.084,  0.748,  0.103,  0.275,  0.103
  2100,  0.593,  0.085,  0.787,  0.067,  0.172,  0.106
  2160,  0.890,  0.003,  0.998,  0.141,  0.256,  0.062
  2220,  0.723,  0.091,  0.735,  0.059,  0.168,  0.140
  2280,  0.794,  0.016,  0.622,  0.116,  0.264,  0.062
  2340,  0.816,  0.015,  0.677,  0.137,  0.185,  0.064
  2400,  0.784,  0.010,  0.811,  0.094,  0.212, -0.018
  2460,  0.826, -0.029,  0.774,  0.116,  0.235,  0.100
  2520,  0.772,  0.039,  0.697,  0.115,  0.234,  0.122
  2580,  0.969,  0.096,  0.694,  0.114,  0.176,  0.020
  2640,  0.898,  0.067,  0.532,  0.102,  0.143,  0.039
  2700,  0.691,  0.056,  0.751,  0.114,  0.235,  0.039
  2760,  0.591,  0.024,  0.628,  0.095,  0.062, -0.086
  2820, -9999.000, -9999.000, -9999.000, -9999.000, -9999.000, -9999.000
  2880, -9999.000, -9999.000, -9999.000, -9999.000, -9999.000, -9999.000
  2940, -9999.000, -9999.000, -9999.000, -9999.000, -9999.000, -9999.000
  3000, -9999.000, -9999.000, -9999.000, -9999.000, -9999.000, -9999.000
  3060, -9999.000, -9999.000, -9999.000, -9999.000, -9999.000, -9999.000
  3120, -9999.000, -9999.000, -9999.000, -9999.000, -9999.000, -9999.000
  3180, -9999.000, -9999.000, -9999.000, -9999.000, -9999.000, -9999.000
  3240, -9999.000, -9999.000, -9999.000, -9999.000, -9999.000, -9999.000
  3300, -9999.000, -9999.000, -9999.000, -9999.000, -9999.000, -9999.000
  3360, -9999.000, -9999.000, -9999.000, -9999.000, -9999.000, -9999.000
  3420, -9999.000, -9999.000, -9999.000, -9999.000, -9999.000, -9999.000
  3480, -9999.000, -9999.000, -9999.000, -9999.000, -9999.000, -9999.000
  3540, -9999.000, -9999.000, -9999.000, -9999.000, -9999.000, -9999.000
  3600, -9999.000, -9999.000, -9999.000, -9999.000, -9999.000, -9999.000
  3660, -9999.000, -9999.000, -9999.000, -9999.000, -9999.000, -9999.000
  3720, -9999.000, -9999.000, -9999.000, -9999.000, -9999.000, -9999.000
  3780, -9999.000, -9999.000, -9999.000, -9999.000, -9999.000, -9999.000
  3840, -9999.000, -9999.000, -9999.000, -9999.000, -9999.000, -9999.000
  3900, -9999.000, -9999.000, -9999.000, -9999.000, -9999.000, -9999.000
  3960, -9999.000, -9999.000, -9999.000, -9999.000, -9999.000, -9999.000
  4020, -9999.000, -9999.000, -9999.000, -9999.000, -9999.000, -9999.000
  4080, -9999.000, -9999.000, -9999.000, -9999.000, -9999.000, -9999.000
  4140, -9999.000, -9999.000, -9999.000, -9999.000, -9999.000, -9999.000
  4200, -9999.000, -9999.000, -9999.000, -9999.000, -9999.000, -9999.000
  4260, -9999.000, -9999.000, -9999.000, -9999.000, -9999.000, -9999.000
  4320, -9999.000, -9999.000, -9999.000, -9999.000, -9999.000, -9999.000
  4380, -9999.000, -9999.000, -9999.000, -9999.000, -9999.000, -9999.000
  4440, -9999.000, -9999.000, -9999.000, -9999.000, -9999.000, -9999.000
  4500, -9999.000, -9999.000, -9999.000, -9999.000, -9999.000, -9999.000
  4560, -9999.000, -9999.000, -9999.000, -9999.000, -9999.000, -9999.000
  4620, -9999.000, -9999.000, -9999.000, -9999.000, -9999.000, -9999.000
  4680, -9999.000, -9999.000, -9999.000, -9999.000, -9999.000, -9999.000
  4740, -9999.000, -9999.000, -9999.000, -9999.000, -9999.000, -9999.000
  4800, -9999.000, -9999.000, -9999.000, -9999.000, -9999.000, -9999.000
  4860, -9999.000, -9999.000, -9999.000, -9999.000, -9999.000, -9999.000
  4920, -9999.000, -9999.000, -9999.000, -9999.000, -9999.000, -9999.000
  4980, -9999.000, -9999.000, -9999.000, -9999.000, -9999.000, -9999.000
  5040, -9999.000, -9999.000, -9999.000, -9999.000, -9999.000, -9999.000
  5100, -9999.000, -9999.000, -9999.000, -9999.000, -9999.000, -9999.000
  5160, -9999.000, -9999.000, -9999.000, -9999.000, -9999.000, -9999.000
  5220, -9999.000, -9999.000, -9999.000, -9999.000, -9999.000, -9999.000
  5280, -9999.000, -9999.000, -9999.000, -9999.000, -9999.000, -9999.000
  5340, -9999.000, -9999.000, -9999.000, -9999.000, -9999.000, -9999.000
  5400, -9999.000, -9999.000, -9999.000, -9999.000, -9999.000, -9999.000
  5460, -9999.000, -9999.000, -9999.000, -9999.000, -9999.000, -9999.000
  5520, -9999.000, -9999.000, -9999.000, -9999.000, -9999.000, -9999.000
  5580, -9999.000, -9999.000, -9999.000, -9999.000, -9999.000, -9999.000
  5640, -9999.000, -9999.000, -9999.000, -9999.000, -9999.000, -9999.000
  5700, -9999.000, -9999.000, -9999.000, -9999.000, -9999.000, -9999.000
  5760, -9999.000, -9999.000, -9999.000, -9999.000, -9999.000, -9999.000
  5820, -9999.000, -9999.000, -9999.000, -9999.000, -9999.000, -9999.000
  5880, -9999.000, -9999.000, -9999.000, -9999.000, -9999.000, -9999.000
  5940, -9999.000, -9999.000, -9999.000, -9999.000, -9999.000, -9999.000
  6000, -9999.000, -9999.000, -9999.000, -9999.000, -9999.000, -9999.000
  6060, -9999.000, -9999.000, -9999.000, -9999.000, -9999.000, -9999.000
  6120, -9999.000, -9999.000, -9999.000, -9999.000, -9999.000, -9999.000
  6180, -9999.000, -9999.000, -9999.000, -9999.000, -9999.000, -9999.000
  6240, -9999.000, -9999.000, -9999.000, -9999.000, -9999.000, -9999.000
  6300, -9999.000, -9999.000, -9999.000, -9999.000, -9999.000, -9999.000
  6360, -9999.000, -9999.000, -9999.000, -9999.000, -9999.000, -9999.000
  6420, -9999.000, -9999.000, -9999.000, -9999.000, -9999.000, -9999.000
  6480, -9999.000, -9999.000, -9999.000, -9999.000, -9999.000, -9999.000
  6540, -9999.000, -9999.000, -9999.000, -9999.000, -9999.000, -9999.000
  6600, -9999.000, -9999.000, -9999.000, -9999.000, -9999.000, -9999.000
  6660, -9999.000, -9999.000, -9999.000, -9999.000, -9999.000, -9999.000
  6720, -9999.000, -9999.000, -9999.000, -9999.000, -9999.000, -9999.000
  6780, -9999.000, -9999.000, -9999.000, -9999.000, -9999.000, -9999.000
  6840, -9999.000, -9999.000, -9999.000, -9999.000, -9999.000, -9999.000
  6900, -9999.000, -9999.000, -9999.000, -9999.000, -9999.000, -9999.000
  6960, -9999.000, -9999.000, -9999.000, -9999.000, -9999.000, -9999.000
  7020, -9999.000, -9999.000, -9999.000, -9999.000, -9999.000, -9999.000
  7080, -9999.000, -9999.000, -9999.000, -9999.000, -9999.000, -9999.000
  7140, -9999.000, -9999.000, -9999.000, -9999.000, -9999.000, -9999.000
  7200, -9999.000, -9999.000, -9999.000, -9999.000, -9999.000, -9999.000
  7260, -9999.000, -9999.000, -9999.000, -9999.000, -9999.000, -9999.000
  7320, -9999.000, -9999.000, -9999.000, -9999.000, -9999.000, -9999.000
  7380, -9999.000, -9999.000, -9999.000, -9999.000, -9999.000, -9999.000
  7440, -9999.000, -9999.000, -9999.000, -9999.000, -9999.000, -9999.000
  7500, -9999.000, -9999.000, -9999.000, -9999.000, -9999.000, -9999.000
  7560, -9999.000, -9999.000, -9999.000, -9999.000, -9999.000, -9999.000
  7620, -9999.000, -9999.000, -9999.000, -9999.000, -9999.000, -9999.000
  7680, -9999.000, -9999.000, -9999.000, -9999.000, -9999.000, -9999.000
  7740, -9999.000, -9999.000, -9999.000, -9999.000, -9999.000, -9999.000
  7800, -9999.000, -9999.000, -9999.000, -9999.000, -9999.000, -9999.000
  7860, -9999.000, -9999.000, -9999.000, -9999.000, -9999.000, -9999.000
  7920, -9999.000, -9999.000, -9999.000, -9999.000, -9999.000, -9999.000
  7980, -9999.000, -9999.000, -9999.000, -9999.000, -9999.000, -9999.000
  8040, -9999.000, -9999.000, -9999.000, -9999.000, -9999.000, -9999.000
  8100, -9999.000, -9999.000, -9999.000, -9999.000, -9999.000, -9999.000
  8160, -9999.000, -9999.000, -9999.000, -9999.000, -9999.000, -9999.000
  8220, -9999.000, -9999.000, -9999.000, -9999.000, -9999.000, -9999.000
  8280, -9999.000, -9999.000, -9999.000, -9999.000, -9999.000, -9999.000
  8340, -9999.000, -9999.000, -9999.000, -9999.000, -9999.000, -9999.000
  8400, -9999.000, -9999.000, -9999.000, -9999.000, -9999.000, -9999.000
  8460, -9999.000, -9999.000, -9999.000, -9999.000, -9999.000, -9999.000
  8520, -9999.000, -9999.000, -9999.000, -9999.000, -9999.000, -9999.000
  8580, -9999.000, -9999.000, -9999.000, -9999.000, -9999.000, -9999.000
  8640, -9999.000, -9999.000, -9999.000, -9999.000, -9999.000, -9999.000
  8700, -9999.000, -9999.000, -9999.000, -9999.000, -9999.000, -9999.000
  8760, -9999.000, -9999.000, -9999.000, -9999.000, -9999.000, -9999.000
  8820, -9999.000, -9999.000, -9999.000, -9999.000, -9999.000, -9999.000
  8880, -9999.000, -9999.000, -9999.000, -9999.000, -9999.000, -9999.000
  8940, -9999.000, -9999.000, -9999.000, -9999.000, -9999.000, -9999.000
  9000, -9999.000, -9999.000, -9999.000, -9999.000, -9999.000, -9999.000
  9060, -9999.000, -9999.000, -9999.000, -9999.000, -9999.000, -9999.000
  9120, -9999.000, -9999.000, -9999.000, -9999.000, -9999.000, -9999.000
  9180, -9999.000, -9999.000, -9999.000, -9999.000, -9999.000, -9999.000
  9240, -9999.000, -9999.000, -9999.000, -9999.000, -9999.000, -9999.000
  9300, -9999.000, -9999.000, -9999.000, -9999.000, -9999.000, -9999.000
  9360, -9999.000, -9999.000, -9999.000, -9999.000, -9999.000, -9999.000
  9420, -9999.000, -9999.000, -9999.000, -9999.000, -9999.000, -9999.000
  9480, -9999.000, -9999.000, -9999.000, -9999.000, -9999.000, -9999.000
  9540, -9999.000, -9999.000, -9999.000, -9999.000, -9999.000, -9999.000
  9600, -9999.000, -9999.000, -9999.000, -9999.000, -9999.000, -9999.000
  9660, -9999.000, -9999.000, -9999.000, -9999.000, -9999.000, -9999.000
  9720, -9999.000, -9999.000, -9999.000, -9999.000, -9999.000, -9999.000
  9780, -9999.000, -9999.000, -9999.000, -9999.000, -9999.000, -9999.000
  9840, -9999.000, -9999.000, -9999.000, -9999.000, -9999.000, -9999.000
  9900, -9999.000, -9999.000, -9999.000, -9999.000, -9999.000, -9999.000
  9960,  0.688,  0.078,  1.163,  0.091,  0.545,  2.002
 10020,  0.576,  0.078,  1.352,  0.102,  0.442,  2.385
 10080,  0.716,  0.112,  1.372,  0.103,  0.524,  3.080
 10140,  0.503,  0.025,  1.161,  0.099,  0.376,  2.511
 10200,  0.676,  0.086,  1.206,  0.083,  0.489,  3.867
 10260,  0.875,  0.113,  1.243,  0.101,  0.631,  3.934
 10320,  0.955,  0.074,  1.462,  0.164,  0.644,  4.378
 10380,  0.940,  0.143,  1.394,  0.130,  0.636,  5.003
 10440,  0.901,  0.092,  1.269,  0.142,  0.585,  4.586
 10500,  0.893,  0.034,  1.230,  0.134,  0.605,  4.653
 10560,  0.945,  0.057,  1.344,  0.115,  0.486,  5.019
 10620,  0.877,  0.090,  1.334,  0.124,  0.509,  4.409
 10680,  0.925,  0.063,  1.377,  0.139,  0.579,  4.058
 10740,  0.838,  0.034,  1.415,  0.132,  0.510,  3.954
 10800,  0.942,  0.110,  1.455,  0.123,  0.552,  4.090
 10860,  1.039,  0.106,  1.498,  0.130,  0.653,  3.482
 10920, -9999.000, -9999.000, -9999.000, -9999.000, -9999.000, -9999.000
 10980,  1.046,  0.079,  1.607,  0.129,  0.619,  3.882
 11040,  1.016,  0.066,  1.545,  0.114,  0.608,  3.992
 11100,  0.977,  0.113,  1.439,  0.158,  0.527,  4.011
 11160,  0.915,  0.099,  1.482,  0.161,  0.527,  4.285
 11220,  0.894,  0.097,  1.384,  0.121,  0.535,  4.197
 11280,  0.920,  0.125,  1.092,  0.120,  0.504,  4.129
 11340,  0.905,  0.107,  1.145,  0.125,  0.462,  3.824
 11400,  0.959,  0.074,  1.497,  0.106,  0.591,  4.090
 11460,  0.993,  0.057,  1.602,  0.132,  0.493,  4.337
 11520,  0.980,  0.065,  1.530,  0.118,  0.469,  4.266
 11580,  0.888,  0.026,  1.285,  0.125,  0.534,  4.176
 11640,  0.930,  0.056,  1.198,  0.107,  0.483,  4.166
 11700,  0.802,  0.127,  1.156,  0.111,  0.485,  4.058
 11760,  0.959,  0.094,  1.116,  0.121,  0.490,  4.536
 11820,  0.805,  0.086,  1.085,  0.092,  0.519,  3.944
 11880,  0.950,  0.144,  1.192,  0.115,  0.484,  4.153
 11940,  0.888,  0.112,  1.022,  0.122,  0.469,  3.533
 12000,  0.825,  0.063,  0.883,  0.129,  0.449,  3.704
 12060,  0.867,  0.062,  0.945,  0.124,  0.493,  3.218
 12120,  0.902,  0.100,  0.957,  0.093,  0.487,  3.497
 12180,  0.870,  0.088,  0.936,  0.093,  0.450,  3.294
 12240,  0.871,  0.038,  0.974,  0.090,  0.540,  2.872
 12300,  0.735,  0.096,  0.976,  0.102,  0.459,  2.510
 12360,  1.076,  0.053,  0.998,  0.122,  0.448,  2.662
 12420,  0.854,  0.075,  0.912,  0.054,  0.450,  2.071
 12480,  0.913,  0.078,  0.974,  0.106,  0.459,  2.248
 12540,  0.866,  0.072,  0.944,  0.095,  0.396,  2.402
 12600,  0.899,  0.054,  0.971,  0.096,  0.359,  2.035
 12660,  0.748,  0.122,  1.028,  0.099,  0.455,  1.940
 12720,  0.828,  0.076,  0.984,  0.092,  0.464,  2.104
 12780,  0.945,  0.084,  0.974,  0.212,  0.446,  2.263
 12840,  0.730,  0.041,  0.904,  0.061,  0.327,  1.761
 12900,  0.874,  0.034,  0.922,  0.088,  0.409,  1.989
 12960,  0.852,  0.049,  1.123,  0.073,  0.439,  2.421
 13020,  0.835,  0.085,  1.011,  0.066,  0.405,  2.278
 13080,  0.893,  0.025,  0.994,  0.097,  0.441,  2.638
 13140,  0.918,  0.074,  1.025,  0.094,  0.402,  2.408
 13200,  0.842,  0.063,  0.995,  0.085,  0.452,  2.454
 13260,  0.868,  0.099,  0.853,  0.097,  0.379,  2.500
 13320,  0.897,  0.012,  0.929,  0.084,  0.315,  2.349
 13380,  0.951,  0.035,  0.928,  0.096,  0.399,  2.425
 13440,  0.851,  0.038,  0.917,  0.099,  0.362,  2.655
 13500,  0.788,  0.018,  1.022,  0.099,  0.321,  5.317
 13560,  0.769,  0.095,  0.837,  0.076,  0.342,  2.986
 13620,  0.777,  0.017,  1.033,  0.154,  0.423,  5.103
 13680,  0.862,  0.096,  1.260,  0.181,  0.400, 16.955
 13740,  0.771,  0.027,  1.078,  0.111,  0.427,  4.024
 13800,  0.778,  0.041,  0.980,  0.090,  0.305,  2.721
 13860,  0.722,  0.101,  0.977,  0.107,  0.393,  5.117
 13920,  0.768,  0.015,  1.106,  0.140,  0.390,  3.903
 13980,  0.707, -9999.000,  1.035,  0.119,  0.383,  2.759
 14040,  0.890, -9999.000,  1.155,  0.105,  0.359,  2.477
 14100,  0.487, -9999.000,  0.881,  0.090,  0.173,  2.166
 14160,  0.668, -9999.000,  0.914,  0.100,  0.390,  2.284
 14220,  0.880, -9999.000,  1.006,  0.122,  0.378,  2.568
 14280,  0.622, -9999.000,  0.855,  0.082,  0.346,  2.717
 14340,  0.824, -9999.000,  1.091,  0.164,  0.357,  3.038
 14400,  0.663, -9999.000,  0.986,  0.088,  0.329,  3.132
 14460,  0.786, -9999.000,  0.985,  0.118,  0.321,  3.006
 14520,  0.790, -9999.000,  0.955,  0.113,  0.310,  3.080
 14580,  0.974, -9999.000,  0.809,  0.308,  0.452,  3.330
 14640,  0.733, -9999.000,  0.867,  0.003,  0.373,  2.958
 14700,  0.803, -9999.000,  1.016,  0.118,  0.298,  3.061
 14760,  0.836, -9999.000,  1.144,  0.227,  0.414,  9.908
 14820,  0.770, -9999.000,  1.183,  0.207,  0.316, 10.619
 14880,  0.810, -9999.000,  1.021,  0.203,  0.346,  6.036
 14940,  0.836, -9999.000,  1.043,  0.148,  0.389,  6.136
