CampaignData_and_Merges/R0/CSL_MobileLab_Parked/raw/20240808/USOS-jNO2_MobileLabGround_20240808_R0.ict
52,1001
Waxman, E.; Rollins, A.; Zuraski, K.; Chace, W.
NOAA Chemical Sciences Laboratory
jNO2 filter radiometer on CSL Mobile Lab
AMMBEC / USOS
1, 1
2024,08,08, 2025,04,01
60
Time_Start, seconds, number_of_seconds_since_0000_UTC
20
1, 1, 1, 1, 1, 1, 1, 1, 1, 1, 1, 1, 1, 1, 1, 1, 1, 1, 1, 1
-9999, -9999, -9999, -9999, -9999, -9999, -9999, -9999, -9999, -9999, -9999, -9999, -9999, -9999, -9999, -9999, -9999, -9999, -9999, -9999
Time_Stop, seconds, number_of_seconds_since_0000_UTC
jNO2_meas, per second, photolysis rate of NO2 measured using a filter radiometer.
jBrCl, per second, photolysis rate of BrCl -> Br + Cl calculated in TUV for cloud-free sky with local AOD
jBr2, per second, photolysis rate of Br2 -> Br + Br calculated in TUV for cloud-free sky with local AOD
jCCl4, per second, photolysis rate of CCl4 -> Products calcualted in TUV for cloud-free sky with local AOD
jCH2Oa, per second, photolysis rate of CH2O -> H + HCO calculated in TUV for cloud-free sky with local AOD
jCH2Ob, per second, photolysis rate of CH2O -> H2 + CO calculated in TUV for cloud-free sky with local AOD
jClNO2, per second, photolysis rate of ClNO2 -> Cl + NO2 calculated in TUV for cloud-free sky with local AOD
jClOa, per second, photolysis rate of ClO -> Cl + O(1D) calculated in TUV for cloud-free sky with local AOD
jClOb, per second, photolysis rate of ClO -> Cl + O(3P) calculated in TUV for cloud-free sky with local AOD
jCl2, per second, photolysis rate of Cl2 -> Cl + Cl calculated in TUV for cloud-free sky with local AOD
jHNO2, per second, photolysis rate of HNO2 -> OH + NO calculated in TUV for cloud-free sky with local AOD
jHNO3, per second, photolysis rate of HNO3 -> OH + NO2 calculated in TUV for cloud-free sky with local AOD
jI2, per second, photolysis rate of I2 -> I + I calculated in TUV for cloud-free sky with local AOD
jNO2, per second, photolysis rate of NO2 -> NO + O(3P) calculated in TUV for cloud-free sky with local AOD
jNO3a, per second, photolysis rate of NO3 -> NO + O2 calculated in TUV for cloud-free sky with local AOD
jNO3b, per second, photolysis rate of NO3 -> NO2 + O(3P) calculated in TUV for cloud-free sky with local AOD
jN2O5, per second, photolysis rate of N2O5 -> NO3 + NO + O(3P) calculated in TUV for cloud-free sky with local AOD
jO3, per second, photolysis rate of O3 -> O2 + O(1D) calculated in TUV for cloud-free sky with local AOD
AOD_500nm, unitless, UTC daily mean AOD at 500 nm from an AERONET station located at 40.178 N, -112.452 E
0
18
PI_CONTACT_INFO: eleanor.waxman@noaa.gov
PLATFORM: CSL Mobile Lab, at ground site
LOCATION: Salt Lake City, UT
ASSOCIATED_DATA:
INSTRUMENT_INFO: jNO2 filter radiometer.  TUV calculations are for mobile van lat/lon/altitude assuming clear sky (cloud AOD = 0) and daily mean AOD.
DATA_INFO:
UNCERTAINTY: Data uncertainties are +/- 20%.  These come from uncertainties in radiometer angular response, radiometer thermal response, local interferences from clouds/aerosols/shadows etc.
ULOD_FLAG: -7777
ULOD_VALUE: N/A
LLOD_FLAG: -8888
LLOD_VALUE: N/A
DM_CONTACT_INFO: eleanor.waxman@noaa.gov
PROJECT_INFO: USOS Project, July - August 2024
STIPULATIONS_ON_USE: Users are strongly encouraged to contact the PI for proper data usage.
OTHER_COMMENTS: 
REVISION: R0
R0: final data
Time_Start, Time_Stop, jNO2_meas, jBrCl, jBr2, jCCl4, jCH2Oa, jCH2Ob, jClNO2, jClOa, jClOb, jCl2, jHNO2, jHNO3, jI2, jNO2, jNO3a, jNO3b, jN2O5, jO3, AOD_500nm
[from data line 1401]
   84060,   84120,0.006277,0.007929,0.02535,2.977e-25,1.656e-05,2.841e-05,0.000283,1.044e-25,1.557e-05,0.001492,0.001006,2.493e-07,0.0948,0.006351,0.0189,0.1485,2.407e-05,9.808e-06,0.276
   84120,   84180,0.0062939,0.007899,0.02527,2.91e-25,1.644e-05,2.823e-05,0.0002813,1.02e-25,1.537e-05,0.001484,0.001001,2.469e-07,0.09455,0.006322,0.01885,0.1481,2.391e-05,9.68e-06,0.276
   84180,   84240,0.006213,0.00787,0.02519,2.849e-25,1.631e-05,2.807e-05,0.0002797,9.99e-26,1.519e-05,0.001477,0.0009966,2.447e-07,0.09431,0.006295,0.01881,0.1478,2.376e-05,9.56e-06,0.276
   84240,   84300,0.0061245,0.007839,0.02511,2.786e-25,1.619e-05,2.789e-05,0.000278,9.771e-26,1.5e-05,0.001469,0.0009916,2.423e-07,0.09405,0.006265,0.01877,0.1474,2.36e-05,9.433e-06,0.276
   84300,   84360,0.00597,0.007809,0.02503,2.725e-25,1.606e-05,2.771e-05,0.0002762,9.558e-26,1.48e-05,0.001461,0.0009866,2.399e-07,0.09379,0.006235,0.01873,0.147,2.344e-05,9.307e-06,0.276
   84360,   84420,0.0059038,0.007779,0.02495,2.669e-25,1.593e-05,2.754e-05,0.0002746,9.365e-26,1.462e-05,0.001454,0.0009819,2.377e-07,0.09355,0.006207,0.01868,0.1467,2.329e-05,9.189e-06,0.276
   84420,   84480,0.0058812,0.007748,0.02487,2.612e-25,1.58e-05,2.736e-05,0.0002729,9.165e-26,1.443e-05,0.001446,0.0009768,2.353e-07,0.09329,0.006177,0.01864,0.1463,2.313e-05,9.065e-06,0.276
   84480,   84540,0.0059826,0.007717,0.02478,2.556e-25,1.567e-05,2.718e-05,0.0002711,8.971e-26,1.424e-05,0.001437,0.0009717,2.329e-07,0.09302,0.006147,0.01859,0.1459,2.297e-05,8.94e-06,0.276
   84540,   84600,0.005912,0.007687,0.0247,2.506e-25,1.555e-05,2.701e-05,0.0002695,8.794e-26,1.406e-05,0.00143,0.0009668,2.307e-07,0.09277,0.006118,0.01855,0.1455,2.282e-05,8.824e-06,0.276
   84600,   84660,0.0056847,0.007655,0.02461,2.453e-25,1.542e-05,2.683e-05,0.0002677,8.61e-26,1.387e-05,0.001422,0.0009616,2.283e-07,0.09249,0.006087,0.0185,0.1451,2.266e-05,8.701e-06,0.276
   84660,   84720,0.00598,0.007622,0.02453,2.402e-25,1.529e-05,2.665e-05,0.0002659,8.432e-26,1.368e-05,0.001413,0.0009564,2.26e-07,0.09222,0.006057,0.01846,0.1447,2.25e-05,8.578e-06,0.276
   84720,   84780,0.0058561,0.007592,0.02444,2.355e-25,1.517e-05,2.647e-05,0.0002643,8.27e-26,1.35e-05,0.001406,0.0009515,2.237e-07,0.09196,0.006027,0.01841,0.1443,2.234e-05,8.464e-06,0.276
   84780,   84840,0.0053869,0.007559,0.02435,2.306e-25,1.504e-05,2.629e-05,0.0002625,8.102e-26,1.332e-05,0.001397,0.0009462,2.214e-07,0.09168,0.005996,0.01836,0.1439,2.218e-05,8.343e-06,0.276
   84840,   84900,0.0056012,0.007526,0.02426,2.259e-25,1.491e-05,2.611e-05,0.0002607,7.938e-26,1.313e-05,0.001389,0.0009409,2.19e-07,0.0914,0.005965,0.01831,0.1435,2.202e-05,8.223e-06,0.276
   84900,   84960,0.005818,0.007494,0.02418,2.215e-25,1.478e-05,2.593e-05,0.000259,7.788e-26,1.296e-05,0.001381,0.0009359,2.168e-07,0.09113,0.005935,0.01827,0.1431,2.186e-05,8.11e-06,0.276
   84960,   85020,0.0057254,0.007461,0.02409,2.171e-25,1.465e-05,2.574e-05,0.0002572,7.633e-26,1.277e-05,0.001373,0.0009305,2.144e-07,0.09084,0.005903,0.01822,0.1426,2.17e-05,7.991e-06,0.276
   85020,   85080,0.0057546,0.007427,0.02399,2.127e-25,1.452e-05,2.556e-05,0.0002554,7.483e-26,1.259e-05,0.001364,0.0009251,2.121e-07,0.09055,0.005871,0.01817,0.1422,2.153e-05,7.873e-06,0.276
   85080,   85140,0.0057821,0.007395,0.02391,2.087e-25,1.439e-05,2.538e-05,0.0002537,7.345e-26,1.242e-05,0.001356,0.00092,2.099e-07,0.09027,0.00584,0.01812,0.1418,2.138e-05,7.762e-06,0.276
   85140,   85200,0.0057146,0.007361,0.02381,2.046e-25,1.426e-05,2.519e-05,0.0002518,7.202e-26,1.224e-05,0.001348,0.0009145,2.075e-07,0.08997,0.005808,0.01807,0.1413,2.121e-05,7.646e-06,0.276
   85200,   85260,0.0050376,0.007326,0.02372,2.006e-25,1.413e-05,2.5e-05,0.00025,7.064e-26,1.206e-05,0.001339,0.000909,2.052e-07,0.08967,0.005775,0.01802,0.1409,2.105e-05,7.53e-06,0.276
   85260,   85320,0.0051608,0.007293,0.02363,1.969e-25,1.4e-05,2.483e-05,0.0002483,6.936e-26,1.189e-05,0.001331,0.0009038,2.03e-07,0.08939,0.005744,0.01797,0.1405,2.089e-05,7.421e-06,0.276
   85320,   85380,0.0055697,0.007258,0.02353,1.93e-25,1.387e-05,2.464e-05,0.0002464,6.804e-26,1.171e-05,0.001322,0.0008983,2.007e-07,0.08908,0.005711,0.01791,0.14,2.072e-05,7.307e-06,0.276
   85380,   85440,0.0055522,0.007223,0.02343,1.893e-25,1.374e-05,2.445e-05,0.0002446,6.676e-26,1.153e-05,0.001314,0.0008927,1.984e-07,0.08877,0.005678,0.01786,0.1395,2.055e-05,7.193e-06,0.276
   85440,   85500,0.0055219,0.007189,0.02334,1.859e-25,1.362e-05,2.427e-05,0.0002428,6.558e-26,1.137e-05,0.001305,0.0008874,1.962e-07,0.08848,0.005646,0.01781,0.1391,2.04e-05,7.087e-06,0.276
   85500,   85560,0.0054675,0.007153,0.02324,1.824e-25,1.348e-05,2.407e-05,0.000241,6.436e-26,1.12e-05,0.001297,0.0008817,1.939e-07,0.08816,0.005612,0.01776,0.1386,2.023e-05,6.975e-06,0.276
   85560,   85620,0.0054578,0.007117,0.02314,1.789e-25,1.335e-05,2.388e-05,0.0002391,6.317e-26,1.102e-05,0.001288,0.000876,1.916e-07,0.08784,0.005578,0.0177,0.1382,2.006e-05,6.863e-06,0.276
   85620,   85680,0.0054407,0.007082,0.02304,1.757e-25,1.322e-05,2.37e-05,0.0002373,6.207e-26,1.086e-05,0.001279,0.0008707,1.894e-07,0.08754,0.005546,0.01765,0.1377,1.99e-05,6.759e-06,0.276
   85680,   85740,0.0054055,0.007046,0.02294,1.724e-25,1.309e-05,2.351e-05,0.0002355,6.094e-26,1.069e-05,0.00127,0.0008649,1.871e-07,0.08722,0.005512,0.01759,0.1372,1.973e-05,6.649e-06,0.276
   85740,   85800,0.0053573,0.007009,0.02284,1.692e-25,1.296e-05,2.331e-05,0.0002336,5.984e-26,1.052e-05,0.001262,0.0008592,1.848e-07,0.08689,0.005477,0.01753,0.1367,1.956e-05,6.541e-06,0.276
   85800,   85860,0.0052378,0.006974,0.02274,1.663e-25,1.283e-05,2.313e-05,0.0002318,5.882e-26,1.036e-05,0.001253,0.0008537,1.827e-07,0.08658,0.005445,0.01748,0.1363,1.94e-05,6.439e-06,0.276
   85860,   85920,0.0043744,0.006936,0.02264,1.632e-25,1.27e-05,2.293e-05,0.0002299,5.777e-26,1.019e-05,0.001244,0.0008479,1.804e-07,0.08624,0.00541,0.01742,0.1358,1.923e-05,6.332e-06,0.276
   85920,   85980,0.0048085,0.006898,0.02253,1.602e-25,1.257e-05,2.274e-05,0.000228,5.674e-26,1.002e-05,0.001235,0.000842,1.782e-07,0.0859,0.005375,0.01736,0.1352,1.906e-05,6.225e-06,0.276
   85980,   86040,0.004353,0.006862,0.02243,1.575e-25,1.244e-05,2.255e-05,0.0002262,5.579e-26,9.869e-06,0.001226,0.0008364,1.76e-07,0.08558,0.005341,0.01731,0.1348,1.89e-05,6.126e-06,0.276
   86040,   86100,0.0040086,0.006824,0.02232,1.546e-25,1.231e-05,2.236e-05,0.0002243,5.481e-26,9.705e-06,0.001217,0.0008305,1.738e-07,0.08523,0.005306,0.01724,0.1342,1.873e-05,6.021e-06,0.276
   86100,   86160,0.003873,0.006785,0.02222,1.519e-25,1.218e-05,2.216e-05,0.0002224,5.386e-26,9.543e-06,0.001208,0.0008246,1.715e-07,0.08489,0.00527,0.01718,0.1337,1.856e-05,5.918e-06,0.276
   86160,   86220,0.0041757,0.006748,0.02211,1.493e-25,1.205e-05,2.197e-05,0.0002206,5.297e-26,9.391e-06,0.001199,0.0008189,1.694e-07,0.08456,0.005236,0.01713,0.1332,1.84e-05,5.821e-06,0.276
   86220,   86280,0.0034401,0.006709,0.022,1.466e-25,1.192e-05,2.178e-05,0.0002187,5.206e-26,9.231e-06,0.00119,0.0008129,1.672e-07,0.0842,0.0052,0.01706,0.1327,1.823e-05,5.719e-06,0.276
   86280,   86340,0.0031701,0.006669,0.02189,1.44e-25,1.179e-05,2.158e-05,0.0002167,5.116e-26,9.071e-06,0.001181,0.0008069,1.65e-07,0.08384,0.005164,0.017,0.1322,1.806e-05,5.618e-06,0.276
   86340,   86400,0.0031134,0.006632,0.02179,1.417e-25,1.166e-05,2.139e-05,0.0002149,5.034e-26,8.923e-06,0.001172,0.0008012,1.629e-07,0.0835,0.005129,0.01694,0.1316,1.79e-05,5.523e-06,0.276
