CampaignData_and_Merges/R0/CSL_MobileLab_Parked/raw/20240808/USOS-NOy-LIF_MobileLabGround_20240808_R0.ict
39,1001
Rollins, A.; Waxman, E.; Zuraski, K.; Chace, W.
NOAA Chemical Sciences Laboratory
LIF NO/NOx/NOy on CSL Mobile Lab
AMMBEC / USOS
1, 1
2024,08,08, 2025,01,04
1
Time_Start, seconds, number_of_seconds_since_0000_UTC
7
1, 1, 1, 1, 1, 1, 1
-9999, -9999, -9999, -9999, -9999, -9999, -9999
Time_Stop, seconds, number_of_seconds_since_0000_UTC
NO_LIF, pptv, Gas_NO_InSitu_S_AVMR, volume mixing ratio of nitric oxide in air
NO2_LIF, pptv, Gas_NO2_InSitu_S_AVMR, volume mixing ratio of nitrogen dioxide in air
NOy_LIF, pptv, Gas_NOy_InSitu_S_AVMR, volume mixing ratio of total oxidized nitrogen in air
NO_LIF_1SigmaAccuracy, pptv, Gas_NO_InSitu_S_AVMR, volume mixing ratio of nitric oxide in air
NO2_LIF_1SigmaAccuracy, pptv, Gas_NO2_InSitu_S_AVMR, volume mixing ratio of nitrogen dioxide in air
NOy_LIF_1SigmaAccuracy, pptv, Gas_NOy_InSitu_S_AVMR, volume mixing ratio of total oxidized nitrogen in air
0
18
PI_CONTACT_INFO: andrew.rollins@noaa.gov
PLATFORM: CSL Mobile Lab
LOCATION: Salt Lake City, UT
ASSOCIATED_DATA:
INSTRUMENT_INFO: NO detection by laser induced fluorescence. NO2 detection by photolytic conversion to NO. NOy detection by catalytic conversion to NO on gold surface
DATA_INFO:
UNCERTAINTY: Included 1 Sigma Accuracy waves represent the combined calibration uncertainties (±6%, ±9%, ±10%) and zero uncertainties (3 ppt, 20 ppt, 100 ppt) for NO, NO2, and NOy, respectively.
ULOD_FLAG: -7777
ULOD_VALUE: N/A
LLOD_FLAG: -8888
LLOD_VALUE: N/A
DM_CONTACT_INFO: andrew.rollins@noaa.gov
PROJECT_INFO: USOS Project, July - August 2024
STIPULATIONS_ON_USE: Users are strongly encouraged to contact the PI for proper data usage.
OTHER_COMMENTS:
REVISION: R0
R0: final data
Time_Start, Time_Stop, NO_LIF, NO2_LIF, NOy_LIF, NO_LIF_1SigmaAccuracy, NO2_LIF_1SigmaAccuracy, NOy_LIF_1SigmaAccuracy
[from data line 263]
   15780,   15840,26.966,3189.8,3753.3,4.618, 307.08, 475.33
   15840,   15900,72.125,4463.6,4329.6,7.3275, 421.72, 532.96
   15900,   15960,16.521,3848.7,4317.1,3.9913, 366.38, 531.71
   15960,   16020,8.3915,3172.2,4057.4,3.5035, 305.5, 505.74
   16020,   16080,10.683,2968.5,3952,3.641, 287.17, 495.2
   16080,   16140,15.521,2934.9,3969.6,3.9313, 284.14, 496.96
   16140,   16200,15.417,2817.9,3661,3.925, 273.61, 466.1
   16200,   16260,12.998,2440.2,3214,3.7799, 239.61, 421.4
   16260,   16320,28.281,2495.3,3138.5,4.6968, 244.58, 413.85
   16320,   16380,12.355,2337.4,3040.1,3.7413, 230.37, 404.01
   16380,   16440,7.5858,2246.3,3023.6,3.4551, 222.16, 402.36
   16440,   16500,10.165,2047.1,2997.9,3.6099, 204.24, 399.79
   16500,   16560,11.729,2089.5,3082.9,3.7037, 208.06, 408.29
   16560,   16620,10.993,2194,3108.4,3.6596, 217.46, 410.84
   16620,   16680,59.772,2968.5,3207.3,6.5863, 287.16, 420.73
   16680,   16740,31.405,2921.4,3754.7,4.8843, 282.93, 475.47
   16740,   16800,12.628,2354.4,3691.7,3.7577, 231.9, 469.17
   16800,   16860,9.5401,2491.3,4190.1,3.5724, 244.22, 519.01
   16860,   16920,9.2497,2686,3606.9,3.555, 261.74, 460.69
   16920,   16980,8.9131,2858.1,3698.9,3.5348, 277.23, 469.89
   16980,   17040,7.2527,2821.4,3802.3,3.4352, 273.93, 480.23
   17040,   17100,22.289,2805.5,3986.3,4.3374, 272.5, 498.63
   17100,   17160,32.21,3268.3,3856.4,4.9326, 314.15, 485.64
   17160,   17220,817.5,5441.9,6086.3,52.05, 509.77, 708.63
   17220,   17280,537.3,6822.6,8118.3,35.238, 634.03, 911.83
   17280,   17340,504.58,7088.1,9138.8,33.275, 657.93, 1013.9
   17340,   17400,1340.4,10754,11166,83.424, 987.89, 1216.6
   17400,   17460,127.79,4742.1,7954.3,10.668, 446.79, 895.43
   17460,   17520,34.261,2941.2,4323.6,5.0557, 284.71, 532.36
   17520,   17580,17.079,3288,5085.9,4.0248, 315.92, 608.59
   17580,   17640,10.152,2412.4,4478.3,3.6091, 237.12, 547.83
   17640,   17700,8.104,2589.4,3569.7,3.4862, 253.04, 456.97
   17700,   17760,9.0604,2132.4,3443.3,3.5436, 211.92, 444.33
   17760,   17820,6.8323,2297.7,3038.8,3.4099, 226.79, 403.88
   17820,   17880,9.1061,2282.1,2839.4,3.5464, 225.39, 383.94
   17880,   17940,4.1399,1924.2,2567.8,3.2484, 193.18, 356.78
   17940,   18000,5.405,1881.6,2598.7,3.3243, 189.34, 359.87
   18000,   18060,11.166,2064.5,2905.1,3.67, 205.81, 390.51
   18060,   18120,7.5661,1846.4,2664,3.454, 186.18, 366.4
   18120,   18180,6.0665,1626.9,2586.1,3.364, 166.42, 358.61
   18180,   18240,6.2931,1467,2273.3,3.3776, 152.03, 327.33
   18240,   18300,9.368,1688.7,2853.9,3.5621, 171.98, 385.39
   18300,   18360,5387.9,12285,8811.9,326.27, 1125.6, 981.19
   18360,   18420,5000.4,11093,16789,303.03, 1018.4, 1778.9
   18420,   18480,198.01,2813.3,10049,14.881, 273.19, 1104.9
   18480,   18540,215.63,2352.9,3667.8,15.938, 231.76, 466.78
   18540,   18600,127.4,2478.6,3321.8,10.644, 243.08, 432.18
   18600,   18660,180.95,3029.7,3926.3,13.857, 292.67, 492.63
   18660,   18720,130.36,2405.1,3353.3,10.821, 236.46, 435.33
   18720,   18780,37.21,1762.8,3044,5.2326, 178.65, 404.4
   18780,   18840,45.511,1602.7,2267.4,5.7307, 164.24, 326.74
   18840,   18900,255.16,2137.2,2552.1,18.31, 212.35, 355.21
   18900,   18960,160.07,2147.6,3441.7,12.604, 213.28, 444.17
   18960,   19020,49.244,2145.6,2951.3,5.9546, 213.11, 395.13
   19020,   19080,24.541,1806.1,2647.6,4.4724, 182.55, 364.76
   19080,   19140,15.367,1762,2662.4,3.922, 178.58, 366.24
   19140,   19200,71.266,1846.3,2560.6,7.276, 186.17, 356.06
   19200,   19260,155.29,2606.7,3376.2,12.317, 254.6, 437.62
   19260,   19320,81.731,1959.1,3075.1,7.9039, 196.32, 407.51
   19320,   19380,37.891,1781.8,2813.7,5.2734, 180.36, 381.37
   19380,   19440,50.014,1918.7,2601.3,6.0009, 192.68, 360.13
   19440,   19500,37.078,1865.4,2718.4,5.2247, 187.89, 371.84
   19500,   19560,494.77,2690.6,2724.4,32.686, 262.16, 372.44
   19560,   19620,3092.9,10446,6518.6,188.57, 960.12, 751.86
   19620,   19680,-9999,-9999,-9999,-9999, -9999, -9999
   19680,   19740,-9999,-9999,-9999,-9999, -9999, -9999
   19740,   19800,-9999,-9999,-9999,-9999, -9999, -9999
   19800,   19860,-9999,-9999,-9999,-9999, -9999, -9999
   19860,   19920,-9999,-9999,-9999,-9999, -9999, -9999
   19920,   19980,-9999,-9999,-9999,-9999, -9999, -9999
   19980,   20040,-9999,-9999,-9999,-9999, -9999, -9999
   20040,   20100,34.083,2063.8,3611.2,5.045, 205.75, 461.12
   20100,   20160,13.402,2088.2,3052.7,3.8041, 207.94, 405.27
   20160,   20220,5.4049,2017.4,2916.2,3.3243, 201.56, 391.62
   20220,   20280,156.54,3221.5,2888.5,12.393, 309.94, 388.85
   20280,   20340,103.13,2677,3686.3,9.1879, 260.93, 468.63
   20340,   20400,10.292,1987.8,3184.2,3.6175, 198.91, 418.42
   20400,   20460,14.488,2505.6,3436.5,3.8693, 245.5, 443.65
   20460,   20520,11.09,2455.8,3607,3.6654, 241.02, 460.7
   20520,   20580,12.73,2383,3519.7,3.7638, 234.47, 451.97
   20580,   20640,100.86,3824.7,3406.7,9.0517, 364.23, 440.67
   20640,   20700,60.648,4499.8,4712.4,6.6389, 424.98, 571.24
   20700,   20760,15.688,3365.1,4753.8,3.9413, 322.86, 575.38
   20760,   20820,8.9321,3210.3,4511.8,3.5359, 308.92, 551.18
   20820,   20880,11.689,3643.2,4176.6,3.7013, 347.89, 517.66
   20880,   20940,6.9072,4498.6,4269.9,3.4144, 424.88, 526.99
   20940,   21000,60.833,7345.4,6337.4,6.65, 681.08, 733.74
   21000,   21060,24.516,4996,7529.6,4.4709, 469.64, 852.96
   21060,   21120,369.57,5895.5,6502.9,25.174, 550.6, 750.29
   21120,   21180,165.01,4993.1,6795.4,12.9, 469.38, 779.54
   21180,   21240,15.991,3848.3,6580.1,3.9595, 366.35, 758.01
   21240,   21300,50.578,4682.9,6039.6,6.0347, 441.46, 703.96
   21300,   21360,54.472,4484.7,6016.4,6.2683, 423.62, 701.64
   21360,   21420,28.212,3863.1,5498.4,4.6927, 367.68, 649.84
   21420,   21480,6.9358,3465.9,5325.9,3.4161, 331.93, 632.59
   21480,   21540,46.998,4232.5,4934.2,5.8199, 400.93, 593.42
   21540,   21600,89.997,4463.9,5650.2,8.3998, 421.75, 665.02
   21600,   21660,44.601,4853.4,6605.2,5.676, 456.81, 760.52
   21660,   21720,35.991,4845.7,5976.4,5.1595, 456.12, 697.64
   21720,   21780,53.844,4808.9,5970.5,6.2307, 452.8, 697.05
   21780,   21840,17.552,5067.5,6286.3,4.0531, 476.08, 728.63
   21840,   21900,9.5736,5442.5,6112.3,3.5744, 509.83, 711.23
   21900,   21960,8.8115,5380.8,6339.3,3.5287, 504.27, 733.93
   21960,   22020,13.372,5019.1,6388.9,3.8023, 471.72, 738.89
   22020,   22080,7.6056,5108.1,6403.6,3.4563, 479.73, 740.36
   22080,   22140,6.4794,4747.9,6093.6,3.3888, 447.31, 709.36
   22140,   22200,6.167,4517.9,5735.4,3.37, 426.61, 673.54
   22200,   22260,8.5655,4504.4,5656.4,3.5139, 425.39, 665.64
   22260,   22320,6.1887,4325.4,5587.1,3.3713, 409.29, 658.71
   22320,   22380,8.6263,4445.8,5614.5,3.5176, 420.12, 661.45
   22380,   22440,15.498,4635.2,6108.4,3.9299, 437.17, 710.84
   22440,   22500,6.0962,4798.1,6221.9,3.3658, 451.83, 722.19
   22500,   22560,10.696,4922,5871.2,3.6418, 462.98, 687.12
   22560,   22620,5.7147,4835.3,5750.6,3.3429, 455.17, 675.06
   22620,   22680,13.562,5139.7,6348.4,3.8137, 482.57, 734.84
   22680,   22740,9.3692,5120.4,6271.3,3.5621, 480.84, 727.13
   22740,   22800,10.551,5251.6,6458.9,3.633, 492.64, 745.89
   22800,   22860,14.277,5221.1,6409.2,3.8566, 489.9, 740.92
   22860,   22920,6.156,5141.3,6344.8,3.3694, 482.72, 734.48
   22920,   22980,4.9677,5130.7,6358,3.2981, 481.76, 735.8
   22980,   23040,6.9694,5163.9,6254.7,3.4182, 484.75, 725.47
   23040,   23100,14.107,5624.4,6437.9,3.8464, 526.19, 743.79
   23100,   23160,13.481,6402.9,7242.9,3.8088, 596.26, 824.29
   23160,   23220,217.31,6872.4,7551.4,16.038, 638.51, 855.14
   23220,   23280,453.48,7601.2,8678.8,30.209, 704.1, 967.88
   23280,   23340,229.82,8686.2,8892,16.789, 801.76, 989.2
   23340,   23400,44.19,7041.6,8972.6,5.6514, 653.74, 997.26
   23400,   23460,20.83,6252.6,8057.3,4.2498, 582.74, 905.73
   23460,   23520,139.45,7237.6,8314.7,11.367, 671.38, 931.47
   23520,   23580,38.484,6352.8,8741.7,5.309, 591.75, 974.17
   23580,   23640,50.259,6325.9,8086,6.0155, 589.33, 908.6
   23640,   23700,13.142,5601.7,7884.7,3.7885, 524.16, 888.47
   23700,   23760,11.646,5998,7515.6,3.6988, 559.82, 851.56
   23760,   23820,8.7594,5718.1,7191,3.5256, 534.63, 819.1
   23820,   23880,129.14,6909.1,7266.6,10.749, 641.82, 826.66
   23880,   23940,77.69,6486.5,7300.8,7.6614, 603.79, 830.08
   23940,   24000,16.232,5705,7674.8,3.9739, 533.45, 867.48
   24000,   24060,39.182,5682.3,7571.3,5.3509, 531.41, 857.13
   24060,   24120,265.84,7372.7,7574.7,18.951, 683.54, 857.47
   24120,   24180,84.721,6395.3,7603.8,8.0833, 595.58, 860.38
   24180,   24240,156.24,6164.3,7947.5,12.374, 574.79, 894.75
   24240,   24300,515.56,9431.2,11683,33.934, 868.81, 1268.3
   24300,   24360,149.73,7856.2,9468,11.984, 727.06, 1046.8
   24360,   24420,45.165,7655,9597.9,5.7099, 708.95, 1059.8
   24420,   24480,17.493,7147.9,8825.5,4.0496, 663.31, 982.55
   24480,   24540,9.798,6852.3,8382,3.5879, 636.7, 938.2
   24540,   24600,7.5196,6697,8366.9,3.4512, 622.73, 936.69
   24600,   24660,408.4,8871.3,9254,27.504, 818.42, 1025.4
   24660,   24720,75.922,9276.5,11007,7.5553, 854.89, 1200.7
   24720,   24780,12.54,8718.9,10213,3.7524, 804.7, 1121.3
   24780,   24840,18.91,8417,9757.8,4.1346, 777.53, 1075.8
   24840,   24900,31.087,8940.1,10302,4.8652, 824.61, 1130.2
   24900,   24960,13.727,8701.7,10184,3.8236, 803.16, 1118.4
   24960,   25020,13.831,8054.2,9829.7,3.8298, 744.88, 1083
   25020,   25080,12.085,8077.2,9734.3,3.7251, 746.95, 1073.4
   25080,   25140,9.623,8752,10138,3.5774, 807.68, 1113.8
   25140,   25200,12.053,8459.2,9685,3.7232, 781.33, 1068.5
   25200,   25260,7.6608,7528.3,9141.4,3.4596, 697.55, 1014.1
   25260,   25320,25.662,7675.1,9663.8,4.5397, 710.76, 1066.4
   25320,   25380,37.698,8573.3,10905,5.2619, 791.6, 1190.5
   25380,   25440,30.251,8944.3,10423,4.8151, 824.99, 1142.3
   25440,   25500,35.714,9938.1,10081,5.1429, 914.43, 1108.1
   25500,   25560,27.047,11066,10773,4.6228, 1015.9, 1177.3
   25560,   25620,16.62,11211,11228,3.9972, 1029, 1222.8
   25620,   25680,129.2,10708,12697,10.752, 983.74, 1369.7
   25680,   25740,686.41,12536,14278,44.185, 1148.3, 1527.8
   25740,   25800,73.871,10970,12596,7.4323, 1007.3, 1359.6
   25800,   25860,80.388,12374,13938,7.8233, 1133.6, 1493.8
   25860,   25920,55.952,11983,13966,6.3571, 1098.5, 1496.6
   25920,   25980,28.944,11976,13867,4.7367, 1097.8, 1486.7
   25980,   26040,20.764,11639,13487,4.2458, 1067.6, 1448.7
   26040,   26100,25.514,11796,13155,4.5308, 1081.7, 1415.5
   26100,   26160,49.935,12534,13502,5.9961, 1148.1, 1450.2
   26160,   26220,19.734,12929,14341,4.184, 1183.6, 1534.1
   26220,   26280,35.759,13026,14348,5.1455, 1192.3, 1534.8
   26280,   26340,13.227,13387,14158,3.7936, 1224.8, 1515.8
   26340,   26400,11.767,13337,13860,3.706, 1220.3, 1486
   26400,   26460,11.984,13430,13935,3.719, 1228.7, 1493.5
   26460,   26520,15.153,13859,13825,3.9092, 1267.3, 1482.5
   26520,   26580,65.225,13952,14239,6.9135, 1275.6, 1523.9
   26580,   26640,794.94,16046,14473,50.696, 1464.2, 1547.3
   26640,   26700,332.43,15281,15836,22.946, 1395.3, 1683.6
   26700,   26760,52.587,14622,15769,6.1552, 1336, 1676.9
   26760,   26820,25.278,14640,15554,4.5167, 1337.6, 1655.4
   26820,   26880,83.097,13823,14860,7.9858, 1264.1, 1586
   26880,   26940,127.65,14386,15527,10.659, 1314.7, 1652.7
   26940,   27000,147.28,15450,17187,11.837, 1410.5, 1818.7
   27000,   27060,191.77,15472,18501,14.506, 1412.4, 1950.1
   27060,   27120,77.152,12506,16164,7.6291, 1145.6, 1716.4
   27120,   27180,25.982,10409,13767,4.5589, 956.8, 1476.7
   27180,   27240,15.631,9770.5,13076,3.9379, 899.34, 1407.6
   27240,   27300,10.989,9593.5,12171,3.6593, 883.41, 1317.1
   27300,   27360,18.466,9874,13356,4.108, 908.66, 1435.6
   27360,   27420,46.164,10051,11722,5.7699, 924.57, 1272.2
   27420,   27480,42.67,10329,11351,5.5602, 949.57, 1235.1
   27480,   27540,94.872,10956,12062,8.6923, 1006, 1306.2
   27540,   27600,-9999,-9999,-9999,-9999, -9999, -9999
   27600,   27660,-9999,-9999,-9999,-9999, -9999, -9999
   27660,   27720,-9999,-9999,-9999,-9999, -9999, -9999
   27720,   27780,-9999,-9999,-9999,-9999, -9999, -9999
   27780,   27840,-9999,-9999,-9999,-9999, -9999, -9999
   27840,   27900,-9999,-9999,-9999,-9999, -9999, -9999
   27900,   27960,-9999,-9999,-9999,-9999, -9999, -9999
   27960,   28020,-9999,-9999,-9999,-9999, -9999, -9999
   28020,   28080,22.589,6133.5,7576.8,4.3554, 572.01, 857.68
   28080,   28140,571.07,8899,7821.8,37.264, 820.91, 882.18
   28140,   28200,285.46,8986.7,8590.5,20.128, 828.81, 959.05
   28200,   28260,12.717,5010.3,8466.7,3.763, 470.92, 946.67
   28260,   28320,53.594,5504.4,6866.6,6.2157, 515.4, 786.66
   28320,   28380,56.47,6039.9,7386.3,6.3882, 563.59, 838.63
   28380,   28440,55.333,7131.2,8163.3,6.32, 661.81, 916.33
   28440,   28500,44.035,6506.4,8732.1,5.6421, 605.57, 973.21
   28500,   28560,7.7444,4420.1,7309.8,3.4647, 417.81, 830.98
   28560,   28620,11.988,4531.9,8311.4,3.7193, 427.87, 931.14
   28620,   28680,15.277,5492.5,7759.3,3.9166, 514.32, 875.93
   28680,   28740,14.553,6386,7951.6,3.8732, 594.74, 895.16
   28740,   28800,7.4439,5696.1,6913,3.4466, 532.65, 791.3
   28800,   28860,43.965,6005.9,7166.8,5.6379, 560.53, 816.68
   28860,   28920,66.867,6627.2,7528.9,7.012, 616.45, 852.89
   28920,   28980,19.455,4835.2,7451.8,4.1673, 455.17, 845.18
   28980,   29040,1167.9,5922.3,7261.3,73.076, 553.01, 826.13
   29040,   29100,795.15,5338,11876,50.709, 500.42, 1287.6
   29100,   29160,383.39,3680,7654.1,26.004, 351.2, 865.41
   29160,   29220,55.031,4777.2,6938,6.3019, 449.95, 793.8
   29220,   29280,14.562,5187.3,7144.9,3.8737, 486.86, 814.49
   29280,   29340,23.851,5189.3,6854.5,4.4311, 487.04, 785.45
   29340,   29400,11.501,5316.6,6773.1,3.6901, 498.49, 777.31
   29400,   29460,11.09,1839.7,5097,3.6654, 185.57, 609.7
   29460,   29520,18.254,3782.9,6039.4,4.0952, 360.46, 703.94
   29520,   29580,18.51,5255.7,7110.2,4.1106, 493.01, 811.02
   29580,   29640,57.858,6766.5,8067,6.4715, 628.99, 906.7
   29640,   29700,54.549,6912.9,8375.9,6.273, 642.17, 937.59
   29700,   29760,37.597,7331.7,8414.9,5.2558, 679.85, 941.49
   29760,   29820,25.744,7092.9,8195.5,4.5447, 658.36, 919.55
   29820,   29880,19.472,7014.2,8330,4.1683, 651.28, 933
   29880,   29940,9.3394,7485.4,8615.1,3.5604, 693.69, 961.51
   29940,   30000,8.1621,7051.4,8551.9,3.4897, 654.63, 955.19
   30000,   30060,43.923,7743.6,8966.7,5.6354, 716.92, 996.67
   30060,   30120,20.675,7401.1,9179.7,4.2405, 686.09, 1018
   30120,   30180,17.905,7563.2,9247.3,4.0743, 700.69, 1024.7
   30180,   30240,10.687,7749.5,8980.7,3.6412, 717.45, 998.07
   30240,   30300,8.8641,7533.7,8954.4,3.5318, 698.03, 995.44
   30300,   30360,7.5901,7496,8788,3.4554, 694.64, 978.8
   30360,   30420,12.362,7706.9,8906.3,3.7417, 713.62, 990.63
   30420,   30480,20.257,7857.4,9274.9,4.2154, 727.16, 1027.5
   30480,   30540,28.664,8179.9,9624.1,4.7198, 756.19, 1062.4
   30540,   30600,10.341,8266.6,9764.2,3.6205, 764, 1076.4
   30600,   30660,30.633,8262.9,9840.4,4.838, 763.66, 1084
   30660,   30720,11.051,8261.2,9901.3,3.6631, 763.51, 1090.1
   30720,   30780,24.162,8372.8,9942.9,4.4497, 773.55, 1094.3
   30780,   30840,13.382,8116.4,9424.3,3.8029, 750.48, 1042.4
   30840,   30900,117.29,8233.6,10003,10.038, 761.02, 1100.3
   30900,   30960,59.868,8319.6,9997.4,6.5921, 768.76, 1099.7
   30960,   31020,56.424,8740.2,10268,6.3855, 806.62, 1126.8
   31020,   31080,58.283,8823,10351,6.497, 814.07, 1135.1
   31080,   31140,40.983,8847.8,10448,5.459, 816.3, 1144.8
   31140,   31200,60.144,9345.2,10526,6.6086, 861.07, 1152.6
   31200,   31260,53.829,9335.7,10932,6.2297, 860.21, 1193.2
   31260,   31320,57.039,9416.4,11324,6.4224, 867.48, 1232.4
   31320,   31380,64.056,9560.4,11479,6.8434, 880.44, 1247.9
   31380,   31440,23.47,9365.1,11197,4.4082, 862.86, 1219.7
   31440,   31500,11.89,9466.8,11112,3.7134, 872.01, 1211.2
   31500,   31560,24.964,9451.6,11148,4.4979, 870.64, 1214.8
   31560,   31620,27.1,9517,11285,4.626, 876.53, 1228.5
