CampaignData_and_Merges/R0/CSL_MobileLab_Parked/raw/20240808/USOS-PTR_MobileLabGround_20240808_RA.ict
58, 1001
Matthew Coggon, Kelvin Bates, Chelsea Stockwell, Carsten Warneke
NOAA ESRL Chemical Sciences Division
NOAA PTR-ToF-MS
USOS
1,1 
2024, 08, 08, 2023, 08, 09
0
Time_Start, seconds, number of seconds from 00:00 UTC 
22
1, 1, 1, 1, 1, 1, 1, 1, 1, 1, 1, 1, 1, 1, 1, 1, 1, 1, 1, 1, 1, 1
-9999, -9999, -9999, -9999, -9999, -9999, -9999, -9999, -9999, -9999, -9999, -9999, -9999, -9999, -9999, -9999, -9999, -9999, -9999, -9999, -9999, -9999
CH3OH_NOAAPTR_ppbv,  ppbv, Gas_CH3OH_InSitu_S_AVMR, (CH3OH) methanol
CH3CN_NOAAPTR_ppbv,  ppbv, Gas_CH3CN_InSitu_S_AVMR, (CH3CN) acetonitrile
CH3CHO_NOAAPTR_ppbv,  ppbv, Gas_CH3CHO_InSitu_S_AVMR, (CH3CHO) acetaldehyde plus contributions from ethylene glycol and ethylene oxide. Interference from ethanol has been subtracted out.
C2H5OH_NOAAPTR_ppbv,  ppbv, Gas_C2H5OH_InSitu_S_AVMR, (C2H5OH) ethanol
CH3SH_NOAAPTR_ppbv,  ppbv, Gas_CH3SH_InSitu_S_AVMR, (CH3SH) methanethiol, using calibration factor for DMS
Acrolein_NOAAPTR_ppbv,  ppbv, Gas_Acrolein_InSitu_S_AVMR, (C3H4O) acrolein
AcetonePropanal_NOAAPTR_ppbv,  ppbv, Gas_AcetoneAndPropanal_InSitu_S_AVMR, (C3H6O) sum of acetone (dominant isomer) and propanal, using calibration factor for acetone
DMS_NOAAPTR_ppbv,  ppbv, Gas_DMS_InSitu_S_AVMR, (C2H6S) dimethyl sulfide with possible small contributions from ethanethiol
C5H8_NOAAPTR_ppbv,  ppbv, Gas_Isoprene_InSitu_S_AVMR, (C5H8) isoprene and possible fragments from cycloalkanes and aldehydes. Interferences have been subtracted following methods described by Coggon et al (2023)
MVKMAC_NOAAPTR_ppbv,  ppbv, Gas_MVKAndMAC_InSitu_S_AVMR, (C4H6O) sum of methyl vinyl ketone, methacrolein, and small amounts of crotonaldehyde, using weighted calibration factor for MVK (0.637) and MACR (0.363)
Benzene_NOAAPTR_ppbv,  ppbv, Gas_Benzene_InSitu_S_AVMR, (C6H6) benzene
Toluene_NOAAPTR_ppbv,  ppbv, Gas_Toluene_InSitu_S_AVMR, (C7H8) toluene with possible small contributions of fragments from ethyltoluene
Styrene_NOAAPTR_ppbv,  ppbv, Gas_Styrene_InSitu_S_AVMR, (C8H8) styrene
Benzaldehyde_NOAAPTR_ppbv,  ppbv, Gas_Benzaldehyde_InSitu_S_AVMR, (C7H6O) benzaldehyde
C8Aromatics_NOAAPTR_ppbv,  ppbv, Gas_C8Aromatics_InSitu_M_AVMR, (C8H10) sum of m-xylene, p-xylene, o-xylene, and ethyl benzene
C9Aromatics_NOAAPTR_ppbv,  ppbv, Gas_C9Aromatics_InSitu_M_AVMR, (C9H12) sum of C9 aromatics
Naphthalene_NOAAPTR_ppbv,  ppbv, Gas_Naphthalene_InSitu_S_AVMR, (C10H8) naphthalene
Octanal_NOAAPTR_ppbv,  ppbv, Gas_Octanal_InSitu_S_AVMR, (C8H16O) octanal and small amounts of octanone
Monoterpenes_NOAAPTR_ppbv,  ppbv, Gas_Monoterpenes_InSitu_M_AVMR, (C10H16) sum of monoterpenes and possible contributions from fragments of oxygenated monoterpenoids such as eucalyptol.
Nonanal_NOAAPTR_ppbv,  ppbv, Gas_Nonanal_InSitu_M_AVMR, (C9H18O) nonanal and small amounts of nonanone
C7H4ClF3_NOAAPTR_ppbv,  ppbv, Gas_C7H4ClF3_InSitu_S_AVMR, (C7H4ClF3) parachlorobenzotrifluoride
C10H30O5Si5_NOAAPTR_ppbv,  ppbv, Gas_C10H30O5Si5_InSitu_S_AVMR, (C10H30O5Si5) decamethylcyclopentasiloxane
1
SPECIAL COMMENTS:N/A
21
PI_CONTACT_INFO: NOAA ESRL Chemical Sciences Division, Tropospheric Chemistry Group. 325 Broadway, R/CSD7, Boulder, CO 80305
PLATFORM: Mobile Laboratory.
LOCATION: Salt Lake City, UT
ASSOCIATED_DATA: N/A
INSTRUMENT_INFO: NOAA PTR-ToF-MS measurements on NOAA CSL Mobile Lab
DATA_INFO: Units: ppbv
UNCERTAINTY: See OTHER_COMMENTS
ULOD_FLAG: -7777
ULOD_VALUE: N/A
LLOD_FLAG: -8888
LLOD_VALUE: N/A.
DM_CONTACT_INFO: Data Managers: Matt Coggon, Kelvin Bates, Chelsea Stockwell; email: matthew.m.coggon@noaa.gov and kelvin.bates@colorado.edu
PROJECT_INFO: USOS Deployment July-August, 2024
STIPULATIONS_ON_USE: Use of these data require prior OK from PI.
OTHER_COMMENTS: Uncertainties:
CH3OH_NOAAPTR_ppbv:30%; CH3CN_NOAAPTR_ppbv:30%; CH3CHO_NOAAPTR_ppbv:30%; C2H5OH_NOAAPTR_ppbv:30%; CH3SH_NOAAPTR_ppbv:50%; Acrolein_NOAAPTR_ppbv:30%; AcetonePropanal_NOAAPTR_ppbv:30%; DMS_NOAAPTR_ppbv:30%; C5H8_NOAAPTR_ppbv:30%; MVKMAC_NOAAPTR_ppbv:30%; 
Benzene_NOAAPTR_ppbv:30%; Toluene_NOAAPTR_ppbv:30%; Styrene_NOAAPTR_ppbv:30%; Benzaldehyde_NOAAPTR_ppbv:30%; C8Aromatics_NOAAPTR_ppbv:30%; C9Aromatics_NOAAPTR_ppbv:30%; Naphthalene_NOAAPTR_ppbv:30%; Octanal_NOAAPTR_ppbv:30%; Monoterpenes_NOAAPTR_ppbv:30%; Nonanal_NOAAPTR_ppbv:30%; 
C7H4ClF3_NOAAPTR_ppbv:30%; C10H30O5Si5_NOAAPTR_ppbv:30%; 
REVISION: RA
RA: Field Data
Time_Start, CH3OH_NOAAPTR_ppbv, CH3CN_NOAAPTR_ppbv, CH3CHO_NOAAPTR_ppbv, C2H5OH_NOAAPTR_ppbv, CH3SH_NOAAPTR_ppbv, Acrolein_NOAAPTR_ppbv, AcetonePropanal_NOAAPTR_ppbv, DMS_NOAAPTR_ppbv, C5H8_NOAAPTR_ppbv, MVKMAC_NOAAPTR_ppbv, Benzene_NOAAPTR_ppbv, Toluene_NOAAPTR_ppbv, Styrene_NOAAPTR_ppbv, Benzaldehyde_NOAAPTR_ppbv, C8Aromatics_NOAAPTR_ppbv, C9Aromatics_NOAAPTR_ppbv, Naphthalene_NOAAPTR_ppbv, Octanal_NOAAPTR_ppbv, Monoterpenes_NOAAPTR_ppbv, Nonanal_NOAAPTR_ppbv, C7H4ClF3_NOAAPTR_ppbv, C10H30O5Si5_NOAAPTR_ppbv
[from data line 1398]
83880.0, 5.88683, 0.31916, 0.95492, 1.18914, 0.00255, 0.14710, 3.06248, 0.00887, 0.16081, 0.13695, 0.14468, 0.08307, 0.00085, 0.01536, 0.04926, 0.02265, 0.00382, 0.02331, 0.08172, 0.03021, 0.00349, 0.00013 
83940.0, 5.92260, 0.30543, 1.04687, 1.34128, 0.00346, 0.14765, 3.26877, 0.00562, 0.17386, 0.17907, 0.08891, 0.11453, 0.01193, -0.01377, 0.06023, 0.02369, -0.00419, 0.01987, 0.11372, 0.02477, 0.00512, 0.00113 
84000.0, 6.13160, 0.34730, 1.10388, 1.88154, 0.00503, 0.14968, 3.65410, 0.01256, 0.24336, 0.16528, 0.13340, 0.09913, 0.01489, -0.00992, 0.06040, 0.02123, 0.00298, 0.02151, 0.10709, 0.02645, 0.00190, 0.00402 
84060.0, 5.48488, 0.32848, 1.09915, 1.01609, -0.00034, 0.13464, 3.21438, 0.00031, 0.07224, 0.14601, 0.15720, 0.13348, -0.00630, 0.00051, 0.06124, 0.02147, 0.00541, 0.02739, 0.06841, 0.03380, 0.00228, 0.00325 
84120.0, 4.95209, 0.34314, 1.02067, 1.55231, -0.00098, 0.14711, 3.50101, 0.01741, 0.08594, 0.15698, 0.12597, 0.11660, -0.00205, 0.00480, 0.06268, 0.02269, 0.00994, 0.03269, 0.07063, 0.01297, 0.00609, -0.00039 
84180.0, 6.01072, 0.35350, 1.13585, 1.53071, 0.00441, 0.12400, 3.40718, -0.00123, 0.16007, 0.17284, 0.15739, 0.13819, -0.00557, -0.01051, 0.06256, 0.03249, 0.00211, 0.02772, 0.13226, 0.02032, 0.01110, 0.00039 
84240.0, 6.15684, 0.35001, 1.21703, 1.87475, 0.00245, 0.18803, 3.39060, 0.00420, 0.28163, 0.21187, 0.15639, 0.15306, -0.00110, 0.01732, 0.06327, 0.02392, -0.00277, 0.02804, 0.06020, 0.03011, 0.01571, -0.00056 
84300.0, 5.29730, 0.35048, 1.39982, 1.49951, 0.00300, 0.17723, 3.53044, 0.00365, 0.24724, 0.20846, 0.18789, 0.18849, 0.01744, -0.00188, 0.07957, 0.03107, -0.00109, 0.06033, 0.10475, 0.04207, 0.02671, 0.00130 
84360.0, 7.31382, 0.34066, 1.37318, 1.55475, 0.00168, 0.18923, 3.42042, 0.00970, 0.27197, 0.22829, 0.15865, 0.17786, 0.00876, 0.00436, 0.06648, 0.03795, 0.00773, 0.04612, 0.10682, 0.01485, 0.03309, 0.00382 
84420.0, 6.90316, 0.33480, 1.52263, 2.17461, 0.00381, 0.19276, 3.52482, 0.02308, 0.25115, 0.22502, 0.17977, 0.19478, 0.02062, 0.01126, 0.08068, 0.03381, -0.00503, 0.03984, 0.13219, 0.03090, 0.03987, 0.00095 
84480.0, 5.54696, 0.36408, 1.84407, 1.44570, 0.00090, 0.19552, 3.65168, 0.00148, 0.05031, 0.22774, 0.21146, 0.21275, 0.01795, -0.00612, 0.10838, 0.04550, 0.00954, 0.07422, 0.11906, 0.03401, 0.01330, 0.00104 
84540.0, 5.97035, 0.35519, 1.54269, 1.38312, 0.00427, 0.16901, 3.68306, 0.01982, 0.05618, 0.19547, 0.22021, 0.21785, 0.02480, 0.00483, 0.12498, 0.06013, 0.00850, 0.04053, 0.08196, 0.03059, 0.00697, 0.00027 
84600.0, 6.07773, 0.34720, 1.52092, 1.17343, 0.00463, 0.17378, 3.49223, -0.00123, 0.06716, 0.18980, 0.22143, 0.17710, 0.00625, 0.00370, 0.09098, 0.03703, 0.00085, 0.04723, 0.05327, 0.02227, 0.01131, 0.00268 
84660.0, 7.12048, 0.37272, 1.53164, 2.73204, 0.00188, 0.16962, 3.56528, 0.00377, 0.29544, 0.20705, 0.21931, 0.43570, 0.02187, 0.00086, 0.17092, 0.05449, -0.00136, 0.03183, 0.08636, 0.02782, 0.01356, 0.00330 
84720.0, 4.69457, 0.35835, 1.16962, 1.20899, 0.00400, 0.14707, 3.44571, -0.00123, 0.09019, 0.19322, 0.12155, 0.15223, 0.01509, -0.00729, 0.05561, 0.02754, 0.00233, 0.04403, 0.06043, 0.02579, 0.01750, 0.00040 
84780.0, 6.58500, 0.34192, 1.58931, 1.37562, 0.00326, 0.18538, 3.54365, -0.00123, 0.00000, 0.20992, 0.18315, 0.13385, 0.00215, 0.00743, 0.06549, 0.02367, -0.00124, 0.07819, 0.06172, 0.02590, 0.01902, 0.00162 
84840.0, 7.23118, 0.36467, 1.68408, 2.16343, 0.00224, 0.20115, 3.58304, 0.01220, 0.01506, 0.21836, 0.26413, 0.33484, 0.01513, 0.02260, 0.13833, 0.06067, 0.00521, 0.06319, 0.06887, 0.04988, 0.01936, 0.00126 
84900.0, 6.42805, 0.35944, 1.43035, 1.25983, 0.00367, 0.18724, 3.51727, 0.00159, 0.22715, 0.21104, 0.19906, 0.19065, 0.00896, 0.00789, 0.09078, 0.02848, -0.00519, 0.04879, 0.05226, 0.00550, 0.00923, 0.00079 
84960.0, 7.01291, 0.36103, 1.67674, 1.67805, 0.00381, 0.20348, 3.59282, 0.00418, 0.22561, 0.22702, 0.19267, 0.22006, 0.01120, -0.00739, 0.10018, 0.03611, 0.01392, 0.03624, 0.11513, 0.02560, 0.00629, 0.00257 
85020.0, 6.46624, 0.36120, 1.54969, 1.88350, -0.00098, 0.18447, 3.53131, 0.00556, 0.24675, 0.22938, 0.20526, 0.29187, 0.02251, -0.02730, 0.11871, 0.04261, 0.00643, 0.03209, 0.09366, 0.03512, 0.00675, 0.00101 
85080.0, 5.93233, 0.33529, 1.39789, 1.09620, 0.00817, 0.13227, 3.40417, -0.00123, 0.08574, 0.20580, 0.17682, 0.18058, 0.01099, 0.01096, 0.07409, 0.03632, 0.00472, 0.04488, 0.09979, 0.01684, 0.00424, 0.00074 
85140.0, 4.89656, 0.34486, 1.56059, 1.89585, 0.00248, 0.16644, 3.45802, -0.00123, 0.23693, 0.21668, 0.16825, 0.20110, -0.00630, -0.00894, 0.10595, 0.03834, 0.00092, 0.02742, 0.11317, 0.01691, 0.00366, 0.00124 
85200.0, 6.58996, 0.36162, 1.60893, 1.69679, 0.00249, 0.19467, 3.63638, 0.00694, 0.11753, 0.22360, 0.22351, 0.20771, 0.00629, -0.00737, 0.11379, 0.03917, 0.00414, 0.06393, 0.12351, 0.01850, 0.00420, 0.00047 
85260.0, 6.72341, 0.35186, 1.77954, 4.20914, 0.00288, 0.21833, 3.84198, -0.00123, 0.32423, 0.25335, 0.28135, 0.50215, -0.00630, -0.00578, 0.23107, 0.08184, 0.00992, 0.06251, 0.11136, 0.03456, 0.01018, 0.00249 
85320.0, 7.71455, 0.31965, 1.74099, 1.99366, 0.00137, 0.17645, 3.98778, -0.00123, 0.22603, 0.25032, 0.19709, 0.21413, 0.01395, 0.00253, 0.13925, 0.05052, 0.00787, 0.07111, 0.13801, 0.03254, 0.00729, 0.00433 
85380.0, 6.85099, 0.37410, 1.61516, 1.90923, 0.00347, 0.17495, 3.92611, 0.00706, 0.31477, 0.25722, 0.22741, 0.21167, 0.02035, -0.00458, 0.15417, 0.04875, 0.00037, 0.06292, 0.12822, 0.01989, 0.00204, 0.00185 
85440.0, 7.18868, 0.39189, 1.62820, 2.09843, 0.00161, 0.21512, 3.93121, 0.00666, 0.41987, 0.25993, 0.20195, 0.20049, 0.03057, 0.01018, 0.13149, 0.04702, 0.00787, 0.03442, 0.17959, 0.03381, 0.00732, 0.00118 
85500.0, 6.00505, 0.38841, 1.38881, 1.31689, 0.00118, 0.16384, 3.68748, 0.01046, 0.33335, 0.21818, 0.15304, 0.19035, 0.01746, -0.00262, 0.11106, 0.03512, -0.00629, 0.04755, 0.10602, 0.01714, 0.00264, 0.00444 
85560.0, 5.67474, 0.36426, 1.32134, 1.45043, 0.00049, 0.16229, 3.58489, 0.00050, 0.26541, 0.21286, 0.14255, 0.16614, 0.00996, 0.00153, 0.11776, 0.03522, 0.00668, 0.04489, 0.09014, 0.02776, 0.00216, 0.00210 
85620.0, 6.92356, 0.33943, 1.49030, 2.22948, 0.00583, 0.17671, 3.75526, 0.01325, 0.30312, 0.25321, 0.18832, 0.23444, 0.01130, -0.00582, 0.12633, 0.04716, -0.00629, 0.04029, 0.12167, 0.03296, 0.00343, 0.00695 
85680.0, 5.94659, 0.39884, 1.48819, 1.97731, 0.00167, 0.17569, 3.70254, 0.02101, 0.28207, 0.22516, 0.16828, 0.20164, 0.01416, -0.01622, 0.12984, 0.03514, -0.00629, 0.06135, 0.14520, 0.03806, -0.00092, 0.00724 
85740.0, 6.14358, 0.35830, 1.38197, 1.83475, 0.00622, 0.18353, 3.62699, -0.00042, 0.33922, 0.21478, 0.15588, 0.22567, 0.01082, -0.01305, 0.12607, 0.05175, 0.00439, 0.03976, 0.09398, 0.04193, 0.00887, 0.00195 
85800.0, 5.73815, 0.35837, 1.42115, 1.38290, 0.00236, 0.14076, 3.59795, -0.00123, 0.27400, 0.21683, 0.12878, 0.15416, -0.00630, -0.00984, 0.09187, 0.02996, 0.00141, 0.02668, 0.09701, 0.02833, 0.00772, 0.00077 
85860.0, 7.28185, 0.38668, 1.47027, 1.55771, 0.00687, 0.19514, 3.70518, 0.01064, 0.19899, 0.22559, 0.17738, 0.20000, 0.01727, 0.00432, 0.10153, 0.03411, 0.00323, 0.04740, 0.09884, 0.03435, 0.00416, 0.00209 
85920.0, 7.44425, 0.36332, 1.50797, 1.68532, 0.00493, 0.19773, 3.77139, -0.00123, 0.24522, 0.23406, 0.16501, 0.21295, 0.02345, -0.00408, 0.11721, 0.04357, -0.00062, 0.03558, 0.11245, 0.04423, 0.00379, 0.00243 
85980.0, 7.20022, 0.37765, 1.65637, 1.96027, 0.00321, 0.21025, 3.80799, 0.00745, 0.28865, 0.25468, 0.14171, 0.22466, 0.02453, -0.00417, 0.13860, 0.04176, 0.02059, 0.07566, 0.17323, 0.04186, 0.01054, 0.00625 
86040.0, 7.21774, 0.39804, 1.75627, 2.04993, 0.00640, 0.23408, 3.78473, -0.00123, 0.34025, 0.22978, 0.23823, 0.28178, 0.02034, 0.01738, 0.19126, 0.06800, 0.01511, 0.07500, 0.14724, 0.03425, 0.00796, 0.00290 
86100.0, 7.10509, 0.36585, 1.52733, 1.57835, 0.00159, 0.18236, 3.44642, 0.00287, 0.27148, 0.22514, 0.22527, 0.21356, 0.01259, 0.00841, 0.12216, 0.04208, 0.01751, 0.06803, 0.09698, 0.02472, 0.00040, 0.00336 
86160.0, 6.26350, 0.38572, 1.43522, 1.83219, 0.00438, 0.19330, 3.64428, 0.00239, 0.17492, 0.22017, 0.19280, 0.18711, 0.01217, -0.01537, 0.10569, 0.04047, 0.00745, 0.04869, 0.09165, 0.01802, 0.00339, 0.00215 
86220.0, 7.27227, 0.35773, 1.63565, 2.25844, 0.00347, 0.19539, 3.58914, 0.00932, 0.19140, 0.23994, 0.18347, 0.23024, 0.01098, -0.01690, 0.11016, 0.04935, 0.00229, 0.05537, 0.14602, 0.05237, 0.00259, 0.00264 
86280.0, 6.82477, 0.36085, 1.57343, 2.25085, 0.00629, 0.18458, 3.47453, 0.00978, 0.33090, 0.22708, 0.19690, 0.27813, 0.01615, -0.00656, 0.15989, 0.05149, 0.00594, 0.05300, 0.09020, 0.03347, 0.00332, 0.00350 
86340.0, 7.29349, 0.37776, 1.42825, 1.89898, 0.00766, 0.15087, 3.34521, -0.00123, 0.28673, 0.20250, 0.17323, 0.22550, 0.02073, -0.00362, 0.11969, 0.05439, 0.01124, 0.07067, 0.11131, 0.02410, 0.00599, 0.00166 
