CampaignData_and_Merges/R0/CSL_MobileLab_Parked/raw/20240808/USOS-O3_MobileLabGround_20240808_R0.ict
34, 1001
Carrie Womack
NOAA Chemical Sciences Laboratory
2B Tech O3 UV Analyzer
USOS
1, 1
2024, 08, 08, 2024, 12, 21
60
Time_Start, seconds_past_midnight, Seconds from midnight UTC
1
1
-9999
O3_ppb, ppb, Ozone from 2B Tech UV Analyzer
1
SPECIAL COMMENTS:
18
PI_CONTACT_INFO: Address: 325 Broadway R/CSL7, Boulder, CO, 80305
PLATFORM: CSL Mobile Lab
LOCATION: Salt Lake City, UT
ASSOCIATED_DATA: N/A
INSTRUMENT_INFO: N/A
DATA_INFO: Units:
UNCERTAINTY: N/A
ULOD_FLAG: -7777
ULOD_VALUE: N/A
LLOD_FLAG: -8888
LLOD_VALUE: N/A
DM_CONTACT_INFO: Data Manager: Nate Howard
PROJECT_INFO: 
STIPULATIONS_ON_USE: Use of these data require prior ok from PI.
OTHER_COMMENTS: N/A
REVISION: R0
R0: Final data. RA: Preliminary Data.  For in-field use only.
Time_Start, O3_ppb
0.0,58.2
60.0,58.5
120.0,58.7
180.0,57.4
240.0,58.6
300.0,58.1
360.0,58.4
420.0,60.0
480.0,57.8
540.0,57.2
600.0,56.9
660.0,57.7
720.0,58.6
780.0,59.6
840.0,59.6
900.0,56.3
960.0,56.5
1020.0,57.4
1080.0,56.6
1140.0,54.8
1200.0,56.3
1260.0,54.9
1320.0,55.4
1380.0,56.0
1440.0,56.7
1500.0,55.4
1560.0,56.5
1620.0,57.0
1680.0,57.0
1740.0,57.0
1800.0,55.9
1860.0,55.7
1920.0,57.8
1980.0,56.4
2040.0,55.3
2100.0,54.8
2160.0,54.2
2220.0,54.2
2280.0,55.4
2340.0,55.6
2400.0,56.3
2460.0,56.4
2520.0,55.9
2580.0,55.7
2640.0,58.1
2700.0,56.7
2760.0,58.4
2820.0,56.7
2880.0,57.5
2940.0,55.7
3000.0,54.3
3060.0,57.0
3120.0,58.1
3180.0,57.3
3240.0,56.3
3300.0,57.8
3360.0,58.6
3420.0,59.3
3480.0,59.6
3540.0,60.2
3600.0,56.2
3660.0,56.8
3720.0,58.3
3780.0,56.7
3840.0,59.6
3900.0,59.7
3960.0,58.6
4020.0,56.8
4080.0,56.4
4140.0,57.5
4200.0,57.7
4260.0,58.7
4320.0,57.6
4380.0,57.7
4440.0,57.9
4500.0,56.3
4560.0,60.1
4620.0,59.7
4680.0,60.6
4740.0,58.3
4800.0,59.8
4860.0,57.7
4920.0,57.0
4980.0,56.0
5040.0,57.0
5100.0,56.6
5160.0,55.9
5220.0,55.8
5280.0,55.5
5340.0,56.3
5400.0,55.1
5460.0,54.0
5520.0,54.0
5580.0,56.5
5640.0,54.5
5700.0,53.9
5760.0,56.5
5820.0,56.6
5880.0,56.5
5940.0,55.9
6000.0,55.8
6060.0,53.2
6120.0,52.3
6180.0,55.1
6240.0,55.9
6300.0,56.7
6360.0,56.0
6420.0,55.1
6480.0,53.3
6540.0,53.4
6600.0,53.0
6660.0,51.3
6720.0,51.6
6780.0,50.8
6840.0,50.2
6900.0,50.3
6960.0,49.5
7020.0,49.6
7080.0,49.9
7140.0,51.4
7200.0,51.1
7260.0,48.9
7320.0,48.8
7380.0,49.3
7440.0,49.5
7500.0,49.4
7560.0,48.3
7620.0,47.8
7680.0,47.8
7740.0,44.6
7800.0,43.0
7860.0,42.3
7920.0,44.1
7980.0,43.7
8040.0,45.0
8100.0,45.0
8160.0,45.0
8220.0,43.2
8280.0,44.1
8340.0,43.9
8400.0,47.4
8460.0,46.2
8520.0,47.9
8580.0,47.8
8640.0,48.0
8700.0,47.3
8760.0,48.9
8820.0,48.1
8880.0,48.3
8940.0,47.4
9000.0,48.0
9060.0,47.1
9120.0,46.9
9180.0,47.1
9240.0,46.0
9300.0,47.3
9360.0,46.6
9420.0,48.0
9480.0,47.2
9540.0,46.5
9600.0,46.0
9660.0,45.0
9720.0,45.1
9780.0,45.9
9840.0,46.1
9900.0,46.1
9960.0,46.7
10020.0,46.8
10080.0,46.2
10140.0,46.3
10200.0,46.1
10260.0,44.4
10320.0,44.8
10380.0,44.8
10440.0,45.3
10500.0,45.6
10560.0,46.0
10620.0,45.7
10680.0,45.7
10740.0,44.7
10800.0,44.8
10860.0,45.1
10920.0,43.3
10980.0,43.9
11040.0,42.3
11100.0,43.0
11160.0,43.5
11220.0,44.3
11280.0,44.7
11340.0,43.3
11400.0,44.6
11460.0,45.1
11520.0,44.7
11580.0,45.5
11640.0,45.4
11700.0,45.0
11760.0,44.5
11820.0,45.4
11880.0,45.5
11940.0,45.7
12000.0,45.0
12060.0,43.7
12120.0,41.7
12180.0,42.9
12240.0,45.4
12300.0,46.6
12360.0,47.4
12420.0,47.7
12480.0,48.0
12540.0,47.2
12600.0,46.9
12660.0,48.0
12720.0,46.9
12780.0,47.2
12840.0,47.2
12900.0,49.5
12960.0,46.6
13020.0,47.0
13080.0,47.1
13140.0,47.6
13200.0,47.4
13260.0,46.7
13320.0,47.7
13380.0,47.7
13440.0,47.4
13500.0,47.0
13560.0,48.4
13620.0,47.3
13680.0,45.9
13740.0,48.6
13800.0,47.3
13860.0,47.6
13920.0,47.1
13980.0,46.8
14040.0,48.1
14100.0,47.4
14160.0,46.9
14220.0,45.4
14280.0,43.9
14340.0,40.6
14400.0,43.3
14460.0,47.9
14520.0,46.5
14580.0,46.1
14640.0,47.4
14700.0,47.3
14760.0,47.0
14820.0,46.6
14880.0,48.0
14940.0,48.2
15000.0,47.3
15060.0,47.4
15120.0,47.3
15180.0,47.3
15240.0,47.7
15300.0,46.9
15360.0,46.2
15420.0,47.1
15480.0,49.0
15540.0,47.5
15600.0,47.5
15660.0,47.0
15720.0,48.5
15780.0,47.4
15840.0,47.1
15900.0,48.7
15960.0,49.5
16020.0,48.6
16080.0,47.9
16140.0,48.8
16200.0,50.7
16260.0,51.1
16320.0,50.5
16380.0,51.0
16440.0,51.7
16500.0,52.3
16560.0,51.4
16620.0,51.5
16680.0,51.7
16740.0,52.0
16800.0,52.4
16860.0,50.7
16920.0,49.2
16980.0,50.9
17040.0,51.8
17100.0,51.0
17160.0,48.6
17220.0,47.1
17280.0,46.8
17340.0,40.1
17400.0,48.9
17460.0,50.9
17520.0,50.2
17580.0,51.6
17640.0,51.0
17700.0,51.7
17760.0,51.3
17820.0,50.0
17880.0,50.9
17940.0,50.8
18000.0,50.1
18060.0,51.2
18120.0,51.4
18180.0,52.1
18240.0,52.5
18300.0,40.8
18360.0,41.0
18420.0,51.0
18480.0,51.2
18540.0,50.9
18600.0,50.3
18660.0,51.7
18720.0,54.3
18780.0,53.4
18840.0,53.0
18900.0,53.1
18960.0,53.4
19020.0,53.2
19080.0,52.8
19140.0,52.8
19200.0,52.0
19260.0,53.6
19320.0,54.4
19380.0,52.7
19440.0,53.7
19500.0,52.5
19560.0,49.7
19620.0,51.1
19680.0,53.9
19740.0,53.1
19800.0,53.4
19860.0,54.7
19920.0,52.1
19980.0,51.4
20040.0,51.2
20100.0,51.4
20160.0,51.9
20220.0,50.5
20280.0,51.0
20340.0,51.3
20400.0,51.1
20460.0,49.9
20520.0,49.6
20580.0,50.6
20640.0,49.4
20700.0,50.6
20760.0,51.8
20820.0,51.4
20880.0,49.5
20940.0,45.3
21000.0,47.7
21060.0,46.9
21120.0,46.7
21180.0,50.5
21240.0,48.0
21300.0,46.8
21360.0,48.2
21420.0,49.9
21480.0,47.6
21540.0,48.4
21600.0,47.3
21660.0,46.7
21720.0,45.8
21780.0,45.6
21840.0,45.0
21900.0,44.8
21960.0,45.5
22020.0,44.8
22080.0,45.9
22140.0,46.6
22200.0,46.1
22260.0,47.3
22320.0,46.9
22380.0,45.5
22440.0,46.3
22500.0,44.3
22560.0,45.6
22620.0,43.8
22680.0,44.3
22740.0,41.8
22800.0,40.9
22860.0,42.6
22920.0,43.1
22980.0,43.6
23040.0,43.1
23100.0,40.5
23160.0,41.3
23220.0,41.6
23280.0,38.9
23340.0,40.2
23400.0,42.0
23460.0,40.0
23520.0,40.9
23580.0,40.6
23640.0,42.8
23700.0,40.8
23760.0,41.3
23820.0,40.0
23880.0,39.7
23940.0,40.4
24000.0,38.9
24060.0,37.6
24120.0,39.3
24180.0,41.3
24240.0,40.0
24300.0,41.2
24360.0,39.0
24420.0,39.2
24480.0,39.6
24540.0,40.6
24600.0,36.2
24660.0,35.3
24720.0,36.1
24780.0,36.9
24840.0,36.1
24900.0,35.1
24960.0,38.7
25020.0,37.9
25080.0,37.8
25140.0,37.6
25200.0,41.4
25260.0,41.9
25320.0,39.2
25380.0,38.4
25440.0,35.5
25500.0,34.3
25560.0,34.9
25620.0,35.2
25680.0,32.4
25740.0,34.2
25800.0,33.0
25860.0,32.1
25920.0,32.0
25980.0,36.2
26040.0,34.9
26100.0,31.9
26160.0,32.6
26220.0,30.1
26280.0,31.8
26340.0,33.1
26400.0,33.6
26460.0,32.0
26520.0,33.2
26580.0,31.0
26640.0,30.1
26700.0,32.6
26760.0,31.3
26820.0,30.1
26880.0,29.5
26940.0,28.7
27000.0,28.3
27060.0,31.5
27120.0,32.5
27180.0,35.0
27240.0,34.8
27300.0,33.5
27360.0,33.2
27420.0,33.1
27480.0,32.8
27540.0,32.3
27600.0,34.2
27660.0,35.0
27720.0,37.7
27780.0,37.2
27840.0,37.2
27900.0,38.1
27960.0,37.7
28020.0,37.3
28080.0,35.2
28140.0,35.8
28200.0,42.4
28260.0,42.4
28320.0,40.8
28380.0,39.2
28440.0,42.6
28500.0,47.8
28560.0,46.9
28620.0,43.8
28680.0,38.4
28740.0,42.0
28800.0,42.0
28860.0,40.1
28920.0,47.5
28980.0,48.4
29040.0,53.7
29100.0,56.1
29160.0,47.8
29220.0,44.7
29280.0,44.1
29340.0,43.5
29400.0,58.9
29460.0,48.5
29520.0,42.4
29580.0,37.9
29640.0,35.5
29700.0,35.6
29760.0,39.0
29820.0,37.7
29880.0,37.7
29940.0,38.7
30000.0,36.1
30060.0,37.0
30120.0,36.5
30180.0,37.4
30240.0,38.7
30300.0,38.4
30360.0,37.5
30420.0,36.6
30480.0,34.3
30540.0,37.0
30600.0,35.3
30660.0,35.4
30720.0,34.7
30780.0,34.2
30840.0,33.5
30900.0,32.6
30960.0,31.5
31020.0,31.8
31080.0,31.8
31140.0,34.0
31200.0,34.4
31260.0,33.5
31320.0,33.2
31380.0,35.0
31440.0,35.6
31500.0,33.6
31560.0,34.4
31620.0,34.1
31680.0,33.6
31740.0,33.8
31800.0,34.2
31860.0,34.7
31920.0,34.3
31980.0,34.3
32040.0,33.8
32100.0,36.1
32160.0,35.9
32220.0,34.8
32280.0,33.1
32340.0,32.5
32400.0,34.2
32460.0,32.4
32520.0,33.2
32580.0,33.1
32640.0,31.1
32700.0,33.5
32760.0,32.8
32820.0,32.5
32880.0,32.1
32940.0,32.3
33000.0,33.1
33060.0,33.0
33120.0,32.9
33180.0,31.8
33240.0,31.2
33300.0,31.4
33360.0,32.5
33420.0,32.3
33480.0,32.3
33540.0,31.9
33600.0,32.9
33660.0,33.1
33720.0,32.4
33780.0,30.8
33840.0,31.3
33900.0,31.6
33960.0,30.6
34020.0,29.7
34080.0,29.7
34140.0,31.0
34200.0,30.2
34260.0,30.0
34320.0,29.4
34380.0,30.5
34440.0,30.2
34500.0,30.4
34560.0,29.1
34620.0,30.1
34680.0,30.0
34740.0,29.2
34800.0,29.0
34860.0,29.8
34920.0,29.8
34980.0,29.1
35040.0,28.4
35100.0,29.4
35160.0,28.8
35220.0,28.8
35280.0,28.1
35340.0,27.6
35400.0,27.3
35460.0,28.3
35520.0,28.1
35580.0,30.5
35640.0,29.5
35700.0,27.2
35760.0,27.8
35820.0,27.6
35880.0,27.0
35940.0,26.4
36000.0,26.5
36060.0,26.8
36120.0,27.5
36180.0,27.4
36240.0,27.5
36300.0,29.1
36360.0,26.9
36420.0,26.8
36480.0,25.5
36540.0,26.0
36600.0,26.2
36660.0,26.7
36720.0,26.1
36780.0,26.6
36840.0,25.9
36900.0,27.0
36960.0,26.4
37020.0,26.6
37080.0,29.1
37140.0,26.8
37200.0,26.6
37260.0,26.9
37320.0,26.2
37380.0,26.5
37440.0,26.4
37500.0,26.7
37560.0,27.4
37620.0,28.1
37680.0,28.9
37740.0,29.0
37800.0,27.8
37860.0,26.5
37920.0,26.1
37980.0,25.4
38040.0,28.5
38100.0,27.7
38160.0,25.4
38220.0,24.6
38280.0,24.5
38340.0,24.6
38400.0,23.8
38460.0,25.0
38520.0,24.3
38580.0,24.4
38640.0,24.5
38700.0,24.0
38760.0,25.0
38820.0,25.3
38880.0,24.9
38940.0,24.1
39000.0,24.3
39060.0,23.2
39120.0,24.2
39180.0,24.4
39240.0,23.9
39300.0,23.9
39360.0,24.6
39420.0,24.6
39480.0,25.3
39540.0,25.4
39600.0,25.8
39660.0,25.2
39720.0,20.2
39780.0,23.1
39840.0,24.0
39900.0,23.3
39960.0,24.2
40020.0,25.5
40080.0,27.5
40140.0,26.7
40200.0,27.1
40260.0,27.6
40320.0,28.0
40380.0,28.0
40440.0,27.5
40500.0,26.0
40560.0,26.0
40620.0,28.2
40680.0,28.8
40740.0,28.7
40800.0,27.2
40860.0,27.2
40920.0,26.9
40980.0,27.1
41040.0,28.2
41100.0,25.4
41160.0,25.6
41220.0,25.5
41280.0,26.1
41340.0,27.5
41400.0,28.8
41460.0,29.3
41520.0,29.5
41580.0,26.7
41640.0,30.8
41700.0,30.7
41760.0,31.7
41820.0,28.9
41880.0,29.9
41940.0,30.7
42000.0,30.0
42060.0,30.5
42120.0,30.7
42180.0,30.5
42240.0,30.8
42300.0,31.2
42360.0,31.9
42420.0,30.7
42480.0,30.5
42540.0,29.7
42600.0,30.6
42660.0,29.3
42720.0,28.1
42780.0,28.1
42840.0,26.9
42900.0,28.3
42960.0,29.2
43020.0,31.4
43080.0,31.3
43140.0,28.9
43200.0,28.1
43260.0,27.9
43320.0,27.0
43380.0,27.2
43440.0,27.9
43500.0,28.6
43560.0,27.3
43620.0,27.7
43680.0,25.6
43740.0,25.4
43800.0,25.7
43860.0,25.9
43920.0,25.4
43980.0,23.1
44040.0,25.2
44100.0,23.9
44160.0,23.8
44220.0,24.5
44280.0,24.9
44340.0,23.6
44400.0,23.9
44460.0,22.7
44520.0,22.8
44580.0,24.8
44640.0,27.6
44700.0,28.0
44760.0,27.8
44820.0,25.8
44880.0,27.1
44940.0,24.6
45000.0,24.1
45060.0,26.4
45120.0,25.5
45180.0,24.7
45240.0,24.5
45300.0,25.5
45360.0,25.4
45420.0,25.5
45480.0,24.5
45540.0,21.3
45600.0,18.7
45660.0,20.7
45720.0,26.4
45780.0,20.8
45840.0,16.8
45900.0,18.2
45960.0,22.3
46020.0,25.7
46080.0,22.3
46140.0,19.7
46200.0,22.6
46260.0,21.5
46320.0,20.9
46380.0,20.5
46440.0,19.1
46500.0,19.5
46560.0,19.0
46620.0,17.3
46680.0,19.0
46740.0,20.6
46800.0,19.8
46860.0,19.6
46920.0,21.1
46980.0,20.1
47040.0,20.7
47100.0,15.8
47160.0,14.4
47220.0,15.3
47280.0,16.7
47340.0,16.3
47400.0,16.1
47460.0,17.5
47520.0,16.6
47580.0,18.5
47640.0,13.1
47700.0,16.5
47760.0,16.8
47820.0,17.4
47880.0,17.8
47940.0,20.0
48000.0,19.7
48060.0,19.4
48120.0,18.1
48180.0,15.8
48240.0,14.8
48300.0,15.6
48360.0,19.2
48420.0,17.6
48480.0,19.6
48540.0,17.8
48600.0,19.4
48660.0,18.1
48720.0,18.2
48780.0,15.7
48840.0,14.9
48900.0,14.5
48960.0,15.6
49020.0,15.7
49080.0,16.2
49140.0,14.7
49200.0,15.2
49260.0,15.8
49320.0,16.0
49380.0,17.0
49440.0,14.9
49500.0,13.8
49560.0,14.0
49620.0,14.9
49680.0,13.6
49740.0,17.6
49800.0,17.7
49860.0,17.6
49920.0,18.3
49980.0,17.7
50040.0,16.5
50100.0,16.8
50160.0,15.9
50220.0,17.6
50280.0,19.0
50340.0,17.8
50400.0,16.7
50460.0,17.2
50520.0,17.3
50580.0,17.9
50640.0,13.6
50700.0,16.9
50760.0,17.4
50820.0,17.1
50880.0,16.5
50940.0,18.0
51000.0,18.2
51060.0,18.0
51120.0,18.5
51180.0,18.4
51240.0,18.3
51300.0,18.6
51360.0,18.7
51420.0,17.9
51480.0,17.6
51540.0,14.4
51600.0,15.6
51660.0,18.0
51720.0,17.7
51780.0,17.6
51840.0,18.7
51900.0,19.9
51960.0,19.3
52020.0,19.8
52080.0,18.1
52140.0,17.7
52200.0,19.2
52260.0,19.6
52320.0,17.1
52380.0,19.5
52440.0,20.7
52500.0,18.0
52560.0,19.7
52620.0,19.6
52680.0,20.0
52740.0,20.2
52800.0,20.4
52860.0,21.8
52920.0,20.4
52980.0,21.2
53040.0,21.9
53100.0,23.0
53160.0,23.6
53220.0,23.8
53280.0,22.6
53340.0,23.3
53400.0,25.1
53460.0,25.3
53520.0,26.8
53580.0,29.6
53640.0,29.0
53700.0,30.1
53760.0,32.4
53820.0,32.7
53880.0,33.7
53940.0,33.4
54000.0,32.3
54060.0,34.3
54120.0,33.4
54180.0,34.4
54240.0,34.7
54300.0,33.9
54360.0,35.3
54420.0,33.9
54480.0,31.3
54540.0,33.4
54600.0,37.9
54660.0,37.4
54720.0,38.7
54780.0,37.7
54840.0,38.0
54900.0,39.8
54960.0,40.4
55020.0,42.0
55080.0,38.0
55140.0,38.1
55200.0,39.3
55260.0,38.5
55320.0,39.8
55380.0,41.4
55440.0,40.2
55500.0,37.4
55560.0,40.3
55620.0,39.5
55680.0,38.1
55740.0,38.3
55800.0,38.3
55860.0,40.4
55920.0,42.2
55980.0,40.2
56040.0,41.0
56100.0,43.3
56160.0,43.0
56220.0,43.0
56280.0,42.9
56340.0,44.2
56400.0,41.9
56460.0,44.4
56520.0,38.0
56580.0,42.2
56640.0,44.4
56700.0,44.2
56760.0,42.3
56820.0,43.4
56880.0,42.1
56940.0,43.4
57000.0,45.3
57060.0,44.1
57120.0,42.0
57180.0,50.5
57240.0,48.5
57300.0,46.1
57360.0,47.2
57420.0,48.0
57480.0,47.4
57540.0,49.3
57600.0,52.5
57660.0,53.1
57720.0,52.7
57780.0,53.0
57840.0,52.3
57900.0,51.7
57960.0,51.8
58020.0,51.8
58080.0,53.2
58140.0,53.7
58200.0,54.3
58260.0,53.1
58320.0,51.2
58380.0,52.4
58440.0,46.3
58500.0,53.7
58560.0,52.9
58620.0,51.3
58680.0,56.1
58740.0,55.5
58800.0,56.7
58860.0,56.2
58920.0,56.2
58980.0,58.3
59040.0,58.5
59100.0,58.8
59160.0,58.7
59220.0,56.5
59280.0,57.9
59340.0,56.4
59400.0,57.6
59460.0,58.1
59520.0,56.9
59580.0,57.2
59640.0,58.1
59700.0,58.9
59760.0,58.7
59820.0,59.5
59880.0,59.7
59940.0,61.6
60000.0,59.8
60060.0,59.7
60120.0,58.7
60180.0,59.3
60240.0,59.3
60300.0,58.9
60360.0,58.6
60420.0,58.3
60480.0,57.2
60540.0,57.8
60600.0,56.9
60660.0,58.3
60720.0,58.8
60780.0,59.4
60840.0,59.9
60900.0,58.9
60960.0,59.1
61020.0,60.8
61080.0,61.7
61140.0,58.6
61200.0,58.3
61260.0,59.4
61320.0,58.3
61380.0,57.4
61440.0,56.8
61500.0,56.8
61560.0,56.1
61620.0,57.6
61680.0,57.1
61740.0,56.2
61800.0,57.6
61860.0,56.8
61920.0,57.9
61980.0,58.2
62040.0,58.3
62100.0,58.9
62160.0,58.0
62220.0,58.8
62280.0,53.7
62340.0,56.4
62400.0,55.5
62460.0,56.4
62520.0,54.7
62580.0,56.4
62640.0,57.4
62700.0,59.3
62760.0,60.1
62820.0,59.0
62880.0,61.7
62940.0,60.0
63000.0,58.9
63060.0,59.3
63120.0,58.6
63180.0,57.6
63240.0,58.8
63300.0,61.0
63360.0,61.0
63420.0,60.3
63480.0,61.0
63540.0,60.7
63600.0,61.1
63660.0,63.1
63720.0,62.9
63780.0,63.0
63840.0,63.3
63900.0,63.5
63960.0,64.9
64020.0,63.2
64080.0,64.4
64140.0,64.7
64200.0,62.7
64260.0,62.1
64320.0,63.0
64380.0,60.0
64440.0,57.3
64500.0,57.5
64560.0,63.7
64620.0,66.0
64680.0,68.8
64740.0,67.0
64800.0,67.9
64860.0,66.7
64920.0,68.2
64980.0,65.0
65040.0,59.7
65100.0,62.9
65160.0,71.6
65220.0,71.0
65280.0,68.6
65340.0,69.7
65400.0,72.0
65460.0,71.8
65520.0,73.1
65580.0,72.6
65640.0,72.8
65700.0,72.7
65760.0,73.7
65820.0,71.4
65880.0,66.6
65940.0,65.5
66000.0,70.8
66060.0,73.1
66120.0,72.1
66180.0,73.8
66240.0,75.0
66300.0,74.2
66360.0,74.2
66420.0,74.2
66480.0,76.1
66540.0,76.3
66600.0,75.1
66660.0,75.9
66720.0,75.3
66780.0,76.5
66840.0,77.3
66900.0,76.2
66960.0,73.9
67020.0,75.8
67080.0,74.6
67140.0,75.7
67200.0,73.6
67260.0,73.0
67320.0,74.1
67380.0,72.5
67440.0,72.4
67500.0,73.4
67560.0,74.3
67620.0,74.4
67680.0,75.4
67740.0,75.3
67800.0,74.3
67860.0,73.6
67920.0,75.5
67980.0,74.1
68040.0,73.3
68100.0,75.2
68160.0,76.1
68220.0,75.5
68280.0,77.3
68340.0,76.8
68400.0,76.8
68460.0,76.0
68520.0,75.8
68580.0,77.8
68640.0,78.3
68700.0,73.5
68760.0,71.8
68820.0,64.6
68880.0,72.2
68940.0,72.6
69000.0,75.4
69060.0,76.9
69120.0,77.0
69180.0,76.8
69240.0,77.9
69300.0,74.1
69360.0,72.4
69420.0,75.0
69480.0,74.5
69540.0,-9999.0
69600.0,-9999.0
69660.0,-9999.0
69720.0,-9999.0
69780.0,-9999.0
69840.0,-9999.0
69900.0,-9999.0
69960.0,-9999.0
70020.0,-9999.0
70080.0,81.3
70140.0,78.6
70200.0,79.6
70260.0,80.3
70320.0,80.0
70380.0,79.8
70440.0,80.1
70500.0,78.6
70560.0,79.0
70620.0,76.6
70680.0,81.0
70740.0,80.9
70800.0,80.7
70860.0,80.3
70920.0,82.0
70980.0,83.0
71040.0,83.2
71100.0,82.1
71160.0,82.2
71220.0,82.0
71280.0,81.0
71340.0,79.9
71400.0,80.5
71460.0,81.4
71520.0,81.6
71580.0,81.9
71640.0,82.8
71700.0,83.1
71760.0,83.4
71820.0,82.2
71880.0,80.3
71940.0,78.8
72000.0,83.4
72060.0,78.3
72120.0,80.9
72180.0,82.7
72240.0,82.7
72300.0,86.0
72360.0,87.1
72420.0,86.5
72480.0,84.7
72540.0,86.9
72600.0,85.9
72660.0,85.6
72720.0,87.5
72780.0,87.6
72840.0,88.0
72900.0,87.5
72960.0,89.9
73020.0,88.5
73080.0,88.6
73140.0,90.1
73200.0,90.4
73260.0,89.8
73320.0,90.2
73380.0,91.0
73440.0,90.6
73500.0,91.6
73560.0,90.4
73620.0,79.5
73680.0,90.3
73740.0,84.8
73800.0,86.3
73860.0,93.0
73920.0,91.8
73980.0,93.4
74040.0,94.4
74100.0,95.2
74160.0,94.6
74220.0,86.2
74280.0,83.5
74340.0,94.9
74400.0,97.1
74460.0,96.2
74520.0,96.8
74580.0,94.5
74640.0,97.2
74700.0,97.6
74760.0,97.5
74820.0,98.4
74880.0,97.5
74940.0,98.4
75000.0,97.7
75060.0,96.9
75120.0,97.8
75180.0,95.9
75240.0,94.5
75300.0,94.4
75360.0,95.2
75420.0,94.6
75480.0,95.8
75540.0,96.4
75600.0,95.4
75660.0,94.0
75720.0,93.7
75780.0,94.7
75840.0,93.6
75900.0,92.5
75960.0,94.1
76020.0,95.1
76080.0,94.5
76140.0,95.3
76200.0,95.8
76260.0,97.0
76320.0,97.0
76380.0,93.5
76440.0,98.9
76500.0,94.3
76560.0,92.9
76620.0,91.5
76680.0,91.4
76740.0,90.0
76800.0,92.1
76860.0,91.3
76920.0,90.7
76980.0,91.0
77040.0,93.0
77100.0,89.4
77160.0,83.9
77220.0,82.7
77280.0,80.9
77340.0,80.5
77400.0,80.4
77460.0,81.4
77520.0,82.3
77580.0,82.3
77640.0,85.5
77700.0,85.6
77760.0,83.4
77820.0,84.7
77880.0,82.4
77940.0,82.7
78000.0,83.0
78060.0,82.9
78120.0,83.8
78180.0,85.7
78240.0,84.8
78300.0,84.7
78360.0,83.5
78420.0,83.5
78480.0,81.0
78540.0,79.6
78600.0,80.4
78660.0,79.2
78720.0,79.6
78780.0,80.6
78840.0,79.3
78900.0,78.7
78960.0,79.3
79020.0,76.8
79080.0,76.2
79140.0,77.9
79200.0,81.2
79260.0,80.3
79320.0,79.2
79380.0,78.0
79440.0,77.7
79500.0,80.1
79560.0,80.4
79620.0,79.8
79680.0,79.9
79740.0,81.2
79800.0,81.3
79860.0,79.2
79920.0,79.4
79980.0,78.9
80040.0,75.8
80100.0,75.8
80160.0,74.6
80220.0,74.3
80280.0,73.6
80340.0,74.9
80400.0,75.0
80460.0,74.7
80520.0,73.8
80580.0,75.6
80640.0,75.5
80700.0,76.8
80760.0,76.3
80820.0,76.2
80880.0,75.9
80940.0,75.8
81000.0,75.7
81060.0,77.7
81120.0,77.1
81180.0,76.3
81240.0,74.2
81300.0,73.8
81360.0,75.8
81420.0,74.8
81480.0,75.3
81540.0,75.0
81600.0,75.8
81660.0,74.2
81720.0,72.9
81780.0,74.6
81840.0,75.9
81900.0,74.7
81960.0,73.2
82020.0,72.3
82080.0,73.0
82140.0,71.5
82200.0,73.3
82260.0,73.8
82320.0,74.1
82380.0,73.5
82440.0,73.4
82500.0,71.9
82560.0,70.4
82620.0,71.0
82680.0,68.6
82740.0,69.4
82800.0,70.3
82860.0,68.6
82920.0,70.6
82980.0,70.2
83040.0,72.0
83100.0,70.1
83160.0,69.6
83220.0,68.7
83280.0,67.6
83340.0,68.0
83400.0,66.4
83460.0,66.3
83520.0,64.3
83580.0,64.6
83640.0,65.7
83700.0,67.4
83760.0,68.4
83820.0,68.4
83880.0,67.3
83940.0,66.6
84000.0,65.3
84060.0,65.4
84120.0,67.4
84180.0,69.0
84240.0,69.7
84300.0,70.6
84360.0,70.1
84420.0,71.0
84480.0,71.6
84540.0,75.1
84600.0,74.4
84660.0,75.0
84720.0,73.3
84780.0,73.3
84840.0,72.5
84900.0,73.0
84960.0,74.1
85020.0,71.4
85080.0,71.1
85140.0,71.5
85200.0,71.2
85260.0,70.1
85320.0,70.7
85380.0,71.2
85440.0,71.8
85500.0,70.6
85560.0,71.5
85620.0,71.2
85680.0,69.5
85740.0,69.9
85800.0,69.9
85860.0,71.5
85920.0,70.3
85980.0,69.5
86040.0,69.6
86100.0,67.9
86160.0,68.9
86220.0,70.1
86280.0,69.3
86340.0,68.1
