CampaignData_and_Merges/R0/CSL_MobileLab_Parked/raw/20240808/USOS-MetNav_MobileLabGround_20240808_R0.ict
44, 1001
Carrie Womack, Nate Howard, Mike Zucker
NOAA Chemical Sciences Laboratory
Mobile Lab MetNav Station
USOS
1, 1
2024, 08, 08, 2024, 12, 21
60
Time_Start, seconds_past_midnight, Seconds from midnight UTC
11
1, 1, 1, 1, 1, 1, 1, 1, 1, 1, 1
-9999, -9999, -9999, -9999, -9999, -9999, -9999, -9999, -9999, -9999, -9999
GPS_Alt_m, meters, Altitude from Differential GPS
GPS_Course_deg, degrees, Course from Differential GPS
GPS_GndSpd_m_s, m/s, Ground Speed from Differential GPS
GPS_Heading_deg, degrees, Heading from Differential GPS
GPS_Lat_deg, degrees, Latitude from Differential GPS
GPS_Lon_deg, degrees, Longitude from Differential GPS
AirTemp_C, Celsius, Air Temperature from Airmar
RelHumidity_pct, percent, Relative Humidity from Airmar
Pressure_mb, millibars, Pressure from Honeywell
WindDir_calc_deg, degrees, Wind Direction from Airmar corrected for van movement
WindSpd_calc_m_s, m/s, Wind Speed from Airmar corrected for van movement
1
SPECIAL COMMENTS:
18
PI_CONTACT_INFO: Address: 325 Broadway R/CSL7, Boulder, CO, 80305
PLATFORM: CSL Mobile Lab
LOCATION: Salt Lake City, UT
ASSOCIATED_DATA: N/A
INSTRUMENT_INFO: N/A
DATA_INFO: Units:
UNCERTAINTY: N/A
ULOD_FLAG: -7777
ULOD_VALUE: N/A
LLOD_FLAG: -8888
LLOD_VALUE: N/A
DM_CONTACT_INFO: Data Manager: Nate Howard
PROJECT_INFO: 
STIPULATIONS_ON_USE: Use of these data require prior ok from PI.
OTHER_COMMENTS: 
REVISION: R0
R0: Final data. Fixed bug in wind averaging code. RA: Preliminary Data. For in-field use only. 
Time_Start, GPS_Alt_m, GPS_Course_deg, GPS_GndSpd_m_s, GPS_Heading_deg, GPS_Lat_deg, GPS_Lon_deg, AirTemp_C, RelHumidity_pct, Pressure_mb, WindDir_calc_deg, WindSpd_calc_m_s
[from data line 211]
12660.0,1308.2,3.18,0.05,3.18,40.73434,-111.87210,27.5,17.3,875.6,127.91,1.4
12720.0,1308.1,3.13,0.05,3.13,40.73434,-111.87210,27.5,17.4,875.7,125.70,0.6
12780.0,1308.2,2.83,0.06,2.83,40.73434,-111.87210,27.6,17.6,875.7,141.23,0.9
12840.0,1308.0,2.58,0.06,2.58,40.73434,-111.87210,27.5,17.2,875.7,112.71,0.4
12900.0,1307.8,1.92,0.05,1.92,40.73434,-111.87210,27.6,17.0,875.7,125.92,0.7
12960.0,1307.6,2.32,0.06,2.32,40.73434,-111.87210,27.5,17.3,875.7,130.11,0.3
13020.0,1307.5,2.52,0.06,2.52,40.73434,-111.87210,27.5,17.3,875.7,109.76,0.5
13080.0,1307.6,2.22,0.06,2.22,40.73434,-111.87210,27.6,17.6,875.8,141.04,0.6
13140.0,1307.5,2.43,0.06,2.43,40.73434,-111.87210,27.6,17.4,875.8,103.09,0.4
13200.0,1307.6,2.11,0.05,2.11,40.73434,-111.87210,27.6,17.3,875.7,123.91,0.5
13260.0,1307.3,1.58,0.06,1.58,40.73433,-111.87211,27.6,17.1,875.7,113.83,0.4
13320.0,1307.2,2.07,0.06,2.07,40.73433,-111.87211,27.6,17.1,875.7,143.39,0.2
13380.0,1307.9,1.97,0.04,1.97,40.73433,-111.87210,27.6,17.0,875.7,129.77,0.4
13440.0,1308.0,2.06,0.05,2.06,40.73433,-111.87210,27.6,17.1,875.7,133.18,0.6
13500.0,1308.0,2.71,0.05,2.71,40.73433,-111.87210,27.4,17.7,875.7,121.01,1.2
13560.0,1308.1,2.68,0.05,2.68,40.73433,-111.87210,27.4,17.5,875.7,119.09,0.8
13620.0,1307.9,2.34,0.05,2.34,40.73433,-111.87210,27.3,17.3,875.7,131.64,0.8
13680.0,1308.1,2.37,0.05,2.37,40.73433,-111.87210,27.3,19.8,875.7,133.56,0.9
13740.0,1308.1,2.25,0.05,2.25,40.73434,-111.87210,27.2,17.4,875.8,120.23,0.5
13800.0,1308.1,1.73,0.05,1.73,40.73434,-111.87210,27.2,17.1,875.8,129.25,0.9
13860.0,1307.9,1.69,0.04,1.69,40.73434,-111.87210,27.2,17.3,875.8,132.47,0.7
13920.0,1307.9,1.90,0.05,1.90,40.73434,-111.87210,27.1,17.3,875.8,113.21,0.5
13980.0,1308.0,1.55,0.05,1.55,40.73434,-111.87210,27.2,17.5,875.8,138.18,0.4
14040.0,1308.1,1.82,0.06,1.82,40.73434,-111.87210,27.2,17.2,875.8,120.97,0.5
14100.0,1308.1,2.10,0.05,2.10,40.73434,-111.87210,27.2,17.4,875.8,152.77,0.4
14160.0,1307.9,2.09,0.05,2.09,40.73434,-111.87210,27.2,17.8,875.8,147.62,0.5
14220.0,1307.9,2.28,0.05,2.28,40.73434,-111.87210,27.1,17.7,875.8,125.05,0.5
14280.0,1308.0,2.58,0.05,2.58,40.73434,-111.87210,27.1,17.5,875.8,129.67,0.5
14340.0,1308.0,2.12,0.06,2.12,40.73434,-111.87210,27.1,17.9,875.8,124.65,0.7
14400.0,1308.0,2.05,0.05,2.05,40.73434,-111.87210,27.0,17.9,875.8,119.27,0.4
14460.0,1308.0,2.48,0.06,2.48,40.73434,-111.87211,27.0,17.6,875.9,134.90,0.5
14520.0,1308.0,2.92,0.05,2.92,40.73434,-111.87211,27.1,17.8,875.9,144.12,0.5
14580.0,1307.9,2.86,0.05,2.86,40.73434,-111.87211,27.1,17.8,875.9,139.66,0.6
14640.0,1308.0,2.87,0.06,2.87,40.73434,-111.87210,27.2,17.6,875.9,142.56,0.5
14700.0,1307.9,2.44,0.06,2.44,40.73434,-111.87210,27.3,17.5,875.9,133.49,0.6
14760.0,1307.8,2.17,0.05,2.17,40.73434,-111.87210,27.2,18.7,875.9,138.12,0.8
14820.0,1307.7,2.09,0.06,2.09,40.73434,-111.87210,27.2,18.8,875.9,146.57,0.9
14880.0,1307.8,1.88,0.05,1.88,40.73434,-111.87210,27.1,19.2,875.9,138.64,0.8
14940.0,1307.8,2.40,0.05,2.40,40.73434,-111.87210,27.0,18.1,875.9,131.19,0.6
15000.0,1307.6,2.33,0.05,2.33,40.73434,-111.87210,26.9,18.2,875.9,137.00,0.7
15060.0,1307.7,2.10,0.05,2.10,40.73434,-111.87210,26.9,18.9,875.9,137.85,0.9
15120.0,1307.6,1.83,0.05,1.83,40.73434,-111.87210,26.8,17.6,876.0,131.32,0.5
15180.0,1307.5,1.67,0.04,1.67,40.73434,-111.87210,26.8,17.6,876.0,114.85,0.5
15240.0,1307.5,1.76,0.05,1.76,40.73434,-111.87210,26.8,18.1,876.0,129.08,0.8
15300.0,1307.5,1.96,0.04,1.96,40.73434,-111.87210,26.8,17.7,876.0,138.55,0.3
15360.0,1307.5,1.64,0.04,1.64,40.73434,-111.87210,26.9,17.9,876.0,173.48,0.2
15420.0,1307.5,1.67,0.04,1.67,40.73434,-111.87210,26.9,17.8,876.0,175.57,0.3
15480.0,1307.4,1.51,0.04,1.51,40.73434,-111.87210,26.9,17.6,876.0,152.43,0.3
15540.0,1307.3,1.35,0.04,1.35,40.73434,-111.87210,26.9,17.8,876.0,133.87,0.7
15600.0,1307.2,1.07,0.04,1.07,40.73434,-111.87210,26.9,17.4,876.0,123.05,0.3
15660.0,1307.2,0.88,0.04,0.88,40.73434,-111.87210,26.9,17.5,876.0,128.35,0.5
15720.0,1307.2,0.80,0.04,0.80,40.73434,-111.87210,26.9,17.7,876.0,124.91,0.4
15780.0,1307.2,0.95,0.05,0.95,40.73434,-111.87210,26.8,17.8,876.0,133.76,0.4
15840.0,1307.3,0.62,0.04,0.62,40.73434,-111.87210,26.9,17.4,876.0,129.09,0.6
15900.0,1307.3,0.49,0.05,0.49,40.73434,-111.87210,26.9,17.3,876.1,134.01,0.5
15960.0,1307.2,0.34,0.04,0.34,40.73434,-111.87210,26.8,17.3,876.1,97.50,0.5
16020.0,1307.2,359.93,0.04,359.93,40.73434,-111.87210,26.8,17.5,876.1,154.90,0.6
16080.0,1307.4,0.11,0.04,0.11,40.73434,-111.87210,26.8,17.5,876.1,127.21,0.6
16140.0,1307.4,0.57,0.05,0.57,40.73434,-111.87210,26.8,17.4,876.1,133.60,0.3
16200.0,1307.4,0.93,0.05,0.93,40.73434,-111.87211,26.8,17.3,876.1,144.94,0.3
16260.0,1307.4,0.80,0.05,0.80,40.73434,-111.87211,26.8,17.4,876.1,137.87,0.4
16320.0,1307.4,0.65,0.05,0.65,40.73434,-111.87211,26.8,17.2,876.1,147.60,1.0
16380.0,1307.5,0.70,0.05,0.70,40.73434,-111.87211,26.8,17.4,876.1,144.66,0.8
16440.0,1307.8,0.67,0.05,0.67,40.73434,-111.87211,26.8,17.7,876.1,134.86,1.1
16500.0,1307.7,0.07,0.05,0.07,40.73434,-111.87211,26.8,17.7,876.1,135.18,1.0
16560.0,1307.7,359.44,0.04,359.44,40.73434,-111.87211,26.7,18.6,876.2,137.92,1.1
16620.0,1307.7,358.99,0.05,358.99,40.73434,-111.87211,26.7,17.9,876.2,142.67,0.9
16680.0,1307.9,359.73,0.05,359.73,40.73434,-111.87211,26.6,17.5,876.2,132.34,0.5
16740.0,1307.9,0.49,0.04,0.49,40.73434,-111.87211,26.6,17.9,876.2,139.91,1.0
16800.0,1307.8,0.78,0.05,0.78,40.73434,-111.87211,26.5,18.6,876.2,131.29,1.0
16860.0,1307.9,1.05,0.05,1.05,40.73434,-111.87211,26.5,18.6,876.2,130.26,1.0
16920.0,1308.1,0.94,0.05,0.94,40.73434,-111.87211,26.4,19.6,876.2,128.96,1.3
16980.0,1308.3,0.93,0.05,0.93,40.73434,-111.87211,26.3,19.0,876.2,135.88,1.1
17040.0,1308.2,0.83,0.05,0.83,40.73434,-111.87211,26.3,18.2,876.2,142.24,1.0
17100.0,1308.2,1.35,0.05,1.35,40.73434,-111.87211,26.2,19.6,876.2,125.73,1.6
17160.0,1308.4,1.79,0.05,1.79,40.73434,-111.87211,26.2,18.7,876.2,131.80,1.3
17220.0,1308.5,2.02,0.04,2.02,40.73434,-111.87211,26.1,19.8,876.2,127.90,1.2
17280.0,1309.0,1.35,0.05,1.35,40.73434,-111.87211,26.0,19.8,876.2,139.12,1.5
17340.0,1309.3,1.72,0.04,1.72,40.73434,-111.87211,25.9,20.3,876.2,140.53,1.4
17400.0,1309.0,2.35,0.04,2.35,40.73434,-111.87211,25.8,18.8,876.2,117.12,1.3
17460.0,1309.2,2.35,0.04,2.35,40.73434,-111.87211,25.9,17.8,876.2,127.48,0.7
17520.0,1309.5,2.26,0.05,2.26,40.73434,-111.87211,25.9,18.7,876.2,132.00,1.0
17580.0,1309.3,2.43,0.05,2.43,40.73434,-111.87210,25.9,17.8,876.2,136.14,0.9
17640.0,1309.3,1.91,0.05,1.91,40.73434,-111.87210,25.9,17.9,876.2,134.78,1.0
17700.0,1309.4,2.01,0.05,2.01,40.73434,-111.87210,25.9,17.8,876.2,155.94,0.5
17760.0,1309.4,1.96,0.04,1.96,40.73434,-111.87210,25.9,18.6,876.2,130.80,0.8
17820.0,1309.5,2.11,0.05,2.11,40.73434,-111.87210,25.9,18.4,876.3,130.19,0.7
17880.0,1309.5,1.62,0.04,1.62,40.73434,-111.87210,25.9,17.7,876.3,131.06,0.8
17940.0,1309.5,1.67,0.04,1.67,40.73434,-111.87210,25.9,18.3,876.3,141.49,1.0
18000.0,1309.3,2.04,0.04,2.04,40.73434,-111.87210,25.9,18.6,876.3,155.78,1.3
18060.0,1309.3,2.26,0.05,2.26,40.73434,-111.87210,25.9,18.8,876.3,149.21,1.7
18120.0,1309.2,2.42,0.05,2.42,40.73434,-111.87210,25.9,18.4,876.3,141.81,1.8
18180.0,1309.1,2.20,0.05,2.20,40.73434,-111.87210,25.9,19.0,876.3,141.67,2.1
18240.0,1309.2,2.13,0.04,2.13,40.73434,-111.87210,25.8,18.4,876.3,129.35,2.7
18300.0,1309.0,2.19,0.05,2.19,40.73434,-111.87210,25.7,19.6,876.3,125.46,2.9
18360.0,1308.8,2.57,0.05,2.57,40.73434,-111.87210,25.7,19.3,876.3,124.88,3.0
18420.0,1308.7,2.34,0.05,2.34,40.73434,-111.87210,25.6,19.5,876.3,118.50,2.7
18480.0,1308.7,2.03,0.04,2.03,40.73434,-111.87210,25.5,19.5,876.3,124.60,3.1
18540.0,1308.7,2.29,0.05,2.29,40.73434,-111.87210,25.4,19.3,876.3,122.83,2.9
18600.0,1308.7,2.09,0.05,2.09,40.73434,-111.87210,25.4,18.9,876.3,116.90,2.8
18660.0,1308.8,2.76,0.04,2.76,40.73434,-111.87210,25.4,19.0,876.3,121.94,2.7
18720.0,1308.8,2.78,0.04,2.78,40.73434,-111.87210,25.3,19.0,876.3,120.97,3.4
18780.0,1308.8,2.33,0.04,2.33,40.73434,-111.87210,25.2,18.6,876.3,117.93,2.8
18840.0,1308.8,2.59,0.04,2.59,40.73434,-111.87210,25.2,18.5,876.3,115.99,3.2
18900.0,1308.7,2.62,0.04,2.62,40.73434,-111.87210,25.2,18.4,876.3,124.92,2.5
18960.0,1308.6,2.71,0.04,2.71,40.73434,-111.87210,25.2,19.3,876.3,128.22,2.0
19020.0,1308.6,2.72,0.04,2.72,40.73434,-111.87210,25.2,18.9,876.3,122.66,1.8
19080.0,1308.6,2.50,0.04,2.50,40.73434,-111.87210,25.2,19.3,876.3,123.04,1.9
19140.0,1308.6,1.93,0.04,1.93,40.73434,-111.87210,25.1,19.7,876.3,125.12,1.7
19200.0,1308.4,2.00,0.03,2.00,40.73434,-111.87210,25.1,19.5,876.3,122.67,1.8
19260.0,1308.3,2.04,0.03,2.04,40.73434,-111.87210,25.1,18.3,876.3,116.06,2.0
19320.0,1308.2,1.88,0.04,1.88,40.73434,-111.87210,25.0,18.9,876.3,125.52,2.2
19380.0,1308.1,2.65,0.04,2.65,40.73434,-111.87210,25.1,19.3,876.3,126.25,1.6
19440.0,1308.1,3.15,0.05,3.15,40.73434,-111.87210,25.1,19.6,876.3,128.24,1.8
19500.0,1308.1,3.01,0.05,3.01,40.73434,-111.87210,24.9,20.3,876.3,127.20,2.1
19560.0,1308.1,2.61,0.05,2.61,40.73434,-111.87210,24.9,19.5,876.3,123.65,1.3
19620.0,1308.1,2.22,0.05,2.22,40.73434,-111.87210,24.9,20.0,876.3,121.90,1.7
19680.0,1308.0,1.95,0.04,1.95,40.73434,-111.87210,24.9,18.8,876.3,118.57,1.9
19740.0,1307.8,2.05,0.05,2.05,40.73434,-111.87210,24.9,19.7,876.3,127.42,1.5
19800.0,1307.8,2.40,0.04,2.40,40.73434,-111.87210,24.9,20.0,876.3,124.73,1.0
19860.0,1307.9,1.96,0.04,1.96,40.73434,-111.87210,24.9,19.0,876.4,138.00,0.1
19920.0,1307.8,2.03,0.04,2.03,40.73434,-111.87210,25.1,18.8,876.4,166.71,0.1
19980.0,1307.9,2.13,0.05,2.13,40.73434,-111.87210,25.2,18.9,876.5,124.73,0.2
20040.0,1308.0,2.22,0.05,2.22,40.73434,-111.87210,25.3,18.8,876.5,109.89,0.4
20100.0,1308.0,2.21,0.05,2.21,40.73434,-111.87210,25.3,19.2,876.4,132.22,1.1
20160.0,1307.9,2.27,0.05,2.27,40.73434,-111.87210,25.1,19.9,876.4,137.43,1.6
20220.0,1307.9,2.72,0.04,2.72,40.73434,-111.87210,25.0,20.4,876.3,131.91,1.8
20280.0,1308.0,2.91,0.04,2.91,40.73434,-111.87210,24.9,21.1,876.4,125.04,1.3
20340.0,1308.1,2.33,0.05,2.33,40.73434,-111.87210,24.9,19.2,876.4,118.69,0.8
20400.0,1308.2,2.27,0.06,2.27,40.73434,-111.87210,24.8,19.5,876.4,118.91,0.5
20460.0,1308.1,2.31,0.06,2.31,40.73434,-111.87210,24.8,19.7,876.4,141.31,0.8
20520.0,1308.4,2.09,0.06,2.09,40.73434,-111.87210,24.8,20.3,876.4,133.80,1.0
20580.0,1308.2,2.27,0.05,2.27,40.73434,-111.87210,24.7,20.8,876.4,137.97,1.0
20640.0,1308.2,2.05,0.05,2.05,40.73434,-111.87210,24.7,21.2,876.4,145.36,1.0
20700.0,1308.0,2.05,0.05,2.05,40.73434,-111.87210,24.7,20.8,876.4,148.20,0.6
20760.0,1307.5,2.54,0.05,2.54,40.73434,-111.87210,24.7,20.2,876.4,133.61,0.8
20820.0,1307.4,3.07,0.05,3.07,40.73434,-111.87210,24.6,20.5,876.4,129.52,1.3
20880.0,1307.4,2.86,0.05,2.86,40.73434,-111.87210,24.6,21.4,876.4,132.64,1.5
20940.0,1307.6,3.14,0.05,3.14,40.73434,-111.87210,24.6,22.0,876.4,131.86,1.2
21000.0,1307.8,2.70,0.05,2.70,40.73434,-111.87210,24.5,22.1,876.4,125.25,1.0
21060.0,1307.9,2.56,0.04,2.56,40.73434,-111.87210,24.5,21.2,876.4,121.02,0.7
21120.0,1308.3,1.65,0.04,1.65,40.73434,-111.87210,24.5,20.4,876.4,130.14,0.5
21180.0,1308.4,1.24,0.05,1.24,40.73434,-111.87210,24.4,20.2,876.4,244.65,0.1
21240.0,1308.4,1.32,0.04,1.32,40.73434,-111.87210,24.5,20.4,876.4,139.60,0.1
21300.0,1308.3,2.45,0.04,2.45,40.73434,-111.87210,24.6,20.4,876.4,166.15,0.2
21360.0,1308.0,2.52,0.05,2.52,40.73434,-111.87210,24.6,20.2,876.4,114.02,0.6
21420.0,1307.7,2.73,0.05,2.73,40.73434,-111.87211,24.5,20.6,876.4,128.10,1.5
21480.0,1307.8,2.20,0.05,2.20,40.73434,-111.87211,24.3,22.6,876.4,128.27,1.4
21540.0,1307.9,2.39,0.05,2.39,40.73434,-111.87211,24.3,21.4,876.4,119.33,0.9
21600.0,1307.9,1.58,0.05,1.58,40.73434,-111.87211,24.2,20.6,876.4,113.23,0.3
21660.0,1308.0,1.72,0.06,1.72,40.73434,-111.87211,24.2,20.7,876.4,122.68,0.2
21720.0,1308.2,1.48,0.05,1.48,40.73434,-111.87211,24.2,20.9,876.4,106.64,0.3
21780.0,1308.2,1.66,0.05,1.66,40.73434,-111.87211,24.2,21.1,876.4,126.06,0.8
21840.0,1308.2,1.67,0.05,1.67,40.73434,-111.87211,24.1,21.7,876.4,129.32,0.9
21900.0,1308.3,2.64,0.04,2.64,40.73434,-111.87211,24.0,22.6,876.4,121.40,0.6
21960.0,1308.6,2.99,0.04,2.99,40.73434,-111.87211,24.1,21.0,876.4,125.39,0.6
22020.0,1309.1,2.77,0.04,2.77,40.73434,-111.87211,24.0,21.4,876.4,140.58,0.6
22080.0,1309.3,2.11,0.04,2.11,40.73434,-111.87211,24.0,21.2,876.4,113.63,0.6
22140.0,1309.4,2.14,0.05,2.14,40.73434,-111.87211,23.9,22.3,876.4,126.16,1.1
22200.0,1309.4,2.30,0.04,2.30,40.73434,-111.87211,23.9,22.9,876.4,130.45,0.8
22260.0,1309.4,2.52,0.04,2.52,40.73434,-111.87211,23.9,21.6,876.5,89.34,0.3
22320.0,1309.4,2.11,0.04,2.11,40.73434,-111.87211,23.8,21.2,876.5,67.65,0.3
22380.0,1309.6,1.99,0.05,1.99,40.73433,-111.87211,23.8,21.5,876.4,118.78,0.4
22440.0,1309.7,2.29,0.04,2.29,40.73433,-111.87211,23.8,21.4,876.4,131.65,0.8
22500.0,1309.7,1.75,0.05,1.75,40.73433,-111.87211,23.8,23.1,876.4,135.77,1.0
22560.0,1309.7,1.92,0.04,1.92,40.73433,-111.87211,23.7,22.8,876.4,147.92,1.1
22620.0,1309.7,1.86,0.05,1.86,40.73434,-111.87211,23.8,23.3,876.5,146.78,1.0
22680.0,1309.8,2.05,0.05,2.05,40.73434,-111.87211,23.8,22.9,876.5,134.42,0.7
22740.0,1309.8,2.88,0.04,2.88,40.73434,-111.87211,23.8,23.2,876.5,126.55,1.0
22800.0,1309.9,2.37,0.05,2.37,40.73434,-111.87211,23.8,24.8,876.5,121.19,0.9
22860.0,1310.0,1.70,0.04,1.70,40.73434,-111.87211,23.7,23.6,876.5,123.51,0.9
22920.0,1310.0,1.34,0.04,1.34,40.73434,-111.87211,23.6,23.5,876.5,123.76,1.4
22980.0,1310.0,1.71,0.05,1.71,40.73434,-111.87211,23.6,23.0,876.5,130.20,1.2
23040.0,1309.9,2.31,0.05,2.31,40.73434,-111.87211,23.5,23.1,876.5,122.31,1.2
23100.0,1309.9,1.97,0.05,1.97,40.73434,-111.87211,23.5,22.9,876.5,111.16,0.8
23160.0,1309.7,2.11,0.05,2.11,40.73434,-111.87211,23.4,23.0,876.5,119.61,0.9
23220.0,1309.5,1.23,0.05,1.23,40.73434,-111.87211,23.4,22.7,876.5,130.35,1.1
23280.0,1309.6,0.74,0.05,0.74,40.73434,-111.87211,23.4,23.7,876.5,132.78,0.9
23340.0,1309.6,1.14,0.05,1.14,40.73434,-111.87211,23.3,23.1,876.5,124.12,1.1
23400.0,1309.4,1.41,0.05,1.41,40.73434,-111.87211,23.2,24.0,876.5,116.66,1.1
23460.0,1309.4,1.14,0.05,1.14,40.73434,-111.87211,23.2,23.5,876.5,111.29,0.8
23520.0,1309.4,1.15,0.05,1.15,40.73434,-111.87211,23.2,23.3,876.5,129.32,1.1
23580.0,1309.4,1.31,0.05,1.31,40.73434,-111.87211,23.1,23.2,876.5,134.44,1.0
23640.0,1309.3,1.83,0.05,1.83,40.73434,-111.87210,23.1,24.5,876.5,136.97,1.1
23700.0,1309.4,1.78,0.06,1.78,40.73434,-111.87210,23.1,25.2,876.5,140.90,1.2
23760.0,1309.3,2.08,0.05,2.08,40.73434,-111.87210,23.1,24.8,876.5,136.78,1.2
23820.0,1309.1,2.02,0.05,2.02,40.73434,-111.87210,23.0,24.7,876.5,137.28,1.4
23880.0,1309.0,2.10,0.05,2.10,40.73434,-111.87210,22.9,25.1,876.4,135.40,1.2
23940.0,1309.1,2.35,0.05,2.35,40.73434,-111.87210,22.9,26.3,876.4,132.07,1.0
24000.0,1309.2,2.16,0.05,2.16,40.73434,-111.87210,22.8,26.0,876.4,126.75,1.0
24060.0,1309.0,2.33,0.04,2.33,40.73434,-111.87210,22.8,24.9,876.4,133.99,0.9
24120.0,1308.9,2.17,0.05,2.17,40.73434,-111.87210,22.8,25.7,876.4,139.05,1.0
24180.0,1308.6,2.52,0.05,2.52,40.73434,-111.87210,22.8,25.4,876.4,145.28,1.5
24240.0,1308.7,2.64,0.05,2.64,40.73434,-111.87210,22.8,24.9,876.4,147.43,1.4
24300.0,1308.7,2.30,0.05,2.30,40.73434,-111.87210,22.8,25.3,876.4,147.44,1.0
24360.0,1308.5,2.13,0.05,2.13,40.73434,-111.87210,22.8,25.4,876.4,116.39,0.6
24420.0,1308.4,1.78,0.05,1.78,40.73434,-111.87210,22.8,24.6,876.4,95.71,0.3
24480.0,1308.1,2.00,0.05,2.00,40.73434,-111.87210,22.8,24.1,876.4,102.58,0.6
24540.0,1308.2,2.14,0.05,2.14,40.73434,-111.87211,22.7,25.0,876.4,136.85,1.1
24600.0,1308.2,2.10,0.05,2.10,40.73434,-111.87210,22.7,25.2,876.4,148.53,1.5
24660.0,1308.1,2.30,0.05,2.30,40.73434,-111.87211,22.7,25.7,876.4,144.55,1.5
24720.0,1308.0,3.18,0.04,3.18,40.73434,-111.87211,22.7,25.2,876.4,147.94,1.6
24780.0,1308.0,2.92,0.04,2.92,40.73434,-111.87210,22.7,26.1,876.4,142.71,1.3
24840.0,1308.2,2.78,0.04,2.78,40.73434,-111.87210,22.7,25.8,876.4,136.27,1.1
24900.0,1308.4,2.72,0.05,2.72,40.73434,-111.87210,22.6,25.4,876.4,130.43,1.1
24960.0,1308.4,2.58,0.03,2.58,40.73434,-111.87210,22.6,24.9,876.4,146.62,1.3
25020.0,1308.4,2.48,0.04,2.48,40.73434,-111.87210,22.6,25.0,876.4,151.53,1.2
