CampaignData_and_Merges/R0/CSL_MobileLab_Parked/raw/20240808/USOS-NOAAIodideCIMS-HCOOH_MobileLabGround_20240808_RA.ict
33, 1001
Michael A Robinson, Chris Jernigan, Subi Thakali
NOAA ESRL Chemical Sciences Laboratory and CIRES, U. of Colorado
NOAA Iodide CIMS Instrument
USOS
1, 1
2024, 08, 08, 2024, 08, 09
1
starttime_UTC, seconds_past_midnight, seconds_of_day_since_00:00:00_UTC
1
1
-9999
HCOOH_NOAACIMS, pptv, Gas_HCOOH_InSitu_S_AVMR, 
0
18
PI_CONTACT_INFO: 325 Broadway, R/CSD 7, Boulder, Colorado 80305; michael.a.robinson@noaa.gov; chris.jernigan@noaa.gov;
PLATFORM: NOAA CSL Mobile Lab
LOCATION: SLC, Utah
ASSOCIATED_DATA: 1Hz data also available on request.
INSTRUMENT_INFO: NOAA I- ToF CIMS
DATA_INFO: All data in parts per trillion by volume (pptv). 1 Hz data is available upon request.
UNCERTAINTY: TBD
ULOD_FLAG: -7777
ULOD_VALUE: N/A
LLOD_FLAG: -8888
LLOD_VALUE: N/A
DM_CONTACT_INFO: Nathan Howard; nathan.h.howard@noaa.gov
PROJECT_INFO: USOS, summer 2024. https://csl.noaa.gov/groups/csl7/measurements/2024usos/
STIPULATIONS_ON_USE: Users are strongly encouraged to contact the PI for proper data usage.
OTHER_COMMENTS: 
REVISION: RA
RA: Preliminary Data; For in-field use only
starttime_UTC, HCOOH_NOAACIMS
[from data line 936]
 56160, -9999.000
 56220, -9999.000
 56280, -9999.000
 56340, -9999.000
 56400, 2960.886
 56460, 2652.874
 56520, 2640.165
 56580, 2584.457
 56640, 2406.831
 56700, 2524.897
 56760, 2638.851
 56820, 2571.936
 56880, 2645.343
 56940, 2629.851
 57000, 2541.551
 57060, 2608.876
 57120, 2396.271
 57180, 2288.698
 57240, 2312.924
 57300, 2359.703
 57360, 2347.553
 57420, 2300.080
 57480, 2321.022
 57540, 2266.782
 57600, 2184.601
 57660, 2180.795
 57720, 2206.547
 57780, 2236.090
 57840, 2246.536
 57900, 2231.542
 57960, 2229.240
 58020, 2222.614
 58080, 2213.558
 58140, 2170.254
 58200, 2164.710
 58260, -9999.000
 58320, 2242.653
 58380, 2275.952
 58440, 2289.774
 58500, 2237.184
 58560, 2223.191
 58620, 2225.364
 58680, 2289.577
 58740, 2313.976
 58800, 2279.459
 58860, 2335.847
 58920, 2356.790
 58980, 2311.459
 59040, 2261.347
 59100, 2279.032
 59160, 2369.692
 59220, 2353.816
 59280, 2303.085
 59340, 2453.000
 59400, 2438.987
 59460, 2419.084
 59520, 2430.561
 59580, 2539.185
 59640, 2437.140
 59700, 2458.198
 59760, 2404.393
 59820, 2396.996
 59880, 2247.214
 59940, 2242.965
 60000, 2278.314
 60060, 2280.407
 60120, 2339.504
 60180, 2347.417
 60240, 2338.176
 60300, 2370.467
 60360, 2450.548
 60420, 2419.468
 60480, 2488.767
 60540, 2539.266
 60600, 2633.528
 60660, 2568.592
 60720, 2727.256
 60780, 2581.924
 60840, 2598.663
 60900, 2507.454
 60960, 2500.961
 61020, 2419.797
 61080, 2390.272
 61140, 2543.242
 61200, 2491.678
 61260, 2534.487
 61320, 2524.909
 61380, 2497.081
 61440, 2529.211
 61500, 2558.959
 61560, 2616.230
 61620, 2559.901
 61680, 2572.135
 61740, 2410.871
 61800, 2426.230
 61860, 2464.494
 61920, 2410.802
 61980, 2404.657
 62040, 2445.580
 62100, 2414.322
 62160, 2464.151
 62220, 2455.153
 62280, 2472.005
 62340, 2503.458
 62400, 2566.938
 62460, 2738.575
 62520, 2595.753
 62580, 2557.804
 62640, 2524.986
 62700, 2481.368
 62760, 2517.152
 62820, 2472.637
 62880, 2375.914
 62940, 2377.002
 63000, 2410.876
 63060, 2432.996
 63120, 2519.304
 63180, 2555.486
 63240, 2596.221
 63300, 2552.961
 63360, 2641.669
 63420, 2667.406
 63480, 2567.149
 63540, 2659.130
 63600, 2536.064
 63660, 2519.804
 63720, 2502.250
 63780, 2529.046
 63840, 2494.634
 63900, 2464.766
 63960, 2420.129
 64020, 2455.416
 64080, 2442.955
 64140, 2460.686
 64200, 2480.037
 64260, 2593.796
 64320, 2641.123
 64380, 2530.634
 64440, 2525.241
 64500, 2515.769
 64560, 2544.037
 64620, 2531.020
 64680, 2515.481
 64740, 2473.928
 64800, 2539.752
 64860, 2509.066
 64920, 2463.463
 64980, 2531.959
 65040, 2595.605
 65100, 2541.441
 65160, 2380.524
 65220, 2491.733
 65280, 2567.789
 65340, 2444.445
 65400, 2402.288
 65460, 2444.719
 65520, 2410.110
 65580, 2478.804
 65640, -9999.000
 65700, 2292.020
 65760, 2313.936
 65820, 2392.246
 65880, 2426.215
 65940, 2478.619
 66000, 2494.869
 66060, 2425.068
 66120, 2520.054
 66180, 2484.871
 66240, 2417.502
 66300, 2465.982
 66360, 2474.548
 66420, 2421.002
 66480, 2405.982
 66540, 2388.850
 66600, 2394.117
 66660, 2368.628
 66720, 2389.094
 66780, 2407.013
 66840, 2448.502
 66900, 2474.714
 66960, 2582.823
 67020, 2582.551
 67080, 2581.253
 67140, 2482.796
 67200, 2530.854
 67260, 2489.053
 67320, 2440.365
 67380, 2440.149
 67440, 2409.781
 67500, -9999.000
 67560, 2269.085
 67620, 2278.374
 67680, 2270.952
 67740, 2216.732
 67800, 2376.362
 67860, 2277.615
 67920, 2378.876
 67980, 2490.449
 68040, 2439.161
 68100, 2332.483
 68160, 2408.924
 68220, 2339.890
 68280, 2320.074
 68340, 2370.084
 68400, 2399.681
 68460, 2593.640
 68520, 2442.781
 68580, 2286.764
 68640, 2342.879
 68700, 2301.323
 68760, 2298.833
 68820, 2292.011
 68880, 2324.627
 68940, 2448.198
 69000, 2411.476
 69060, 2367.466
 69120, 2369.447
 69180, 2360.933
 69240, 2278.699
 69300, 2315.590
 69360, -9999.000
 69420, 2411.148
 69480, 2430.341
 69540, 2363.283
 69600, 2308.294
 69660, 2325.219
 69720, 2401.165
 69780, 2422.967
 69840, 2405.709
 69900, 2519.797
 69960, 2630.319
 70020, 2486.549
 70080, 2195.529
 70140, 2294.010
 70200, 2300.986
 70260, 2412.219
 70320, 2417.082
 70380, 2448.188
 70440, 2528.550
 70500, 2656.943
 70560, 2428.936
 70620, 2412.931
 70680, 2360.183
 70740, 2376.840
 70800, 2354.308
 70860, 2419.584
 70920, 2355.051
 70980, 2330.174
 71040, 2329.767
 71100, 2367.506
 71160, 2311.992
 71220, 2255.439
 71280, 2277.598
 71340, 2315.247
 71400, 2374.236
 71460, 2267.571
 71520, 2357.302
 71580, 2289.848
 71640, 2337.373
 71700, 2375.327
 71760, 2317.328
 71820, 2480.966
 71880, 2379.979
 71940, 2386.022
 72000, 2326.740
 72060, 2458.502
 72120, 2347.709
 72180, 2366.439
 72240, 2326.863
 72300, 2281.778
 72360, 2319.773
 72420, 2350.112
 72480, 2355.394
 72540, 2374.175
 72600, 2540.022
 72660, 2331.591
 72720, 2290.896
 72780, 2275.902
 72840, 2365.401
 72900, 2331.795
 72960, 2312.650
 73020, -9999.000
 73080, 2337.076
 73140, 2238.895
 73200, 2247.299
 73260, 2245.662
 73320, 2325.229
 73380, 2295.476
 73440, 2317.185
 73500, 2274.965
 73560, 2269.195
 73620, 2340.845
 73680, 2276.622
 73740, 2249.956
 73800, 2277.979
 73860, 2249.988
 73920, 2449.850
 73980, 2363.453
 74040, 2259.468
 74100, 2221.749
 74160, 2227.983
 74220, 2271.926
 74280, 2274.942
 74340, 2241.670
 74400, 2201.635
 74460, 2183.242
 74520, 2252.041
 74580, 2276.725
 74640, 2259.352
 74700, 2259.905
 74760, 2277.867
 74820, 2268.669
 74880, -9999.000
 74940, 2212.764
 75000, 2314.538
 75060, 2249.825
 75120, 2301.107
 75180, 2344.705
 75240, 2342.294
 75300, 2351.098
 75360, 2225.038
 75420, 2322.512
 75480, 2429.135
 75540, 2347.263
 75600, 2474.164
 75660, 2616.395
 75720, 2499.176
 75780, 2303.894
 75840, 2412.941
 75900, 2385.142
 75960, 2352.601
 76020, 2378.833
 76080, 2417.327
 76140, 2336.496
 76200, 2260.629
 76260, 2131.069
 76320, 2150.401
 76380, 2099.007
 76440, 2161.017
 76500, 2148.273
 76560, 2233.733
 76620, 2032.182
 76680, 1939.995
 76740, -9999.000
 76800, 1886.899
 76860, 1971.884
 76920, 1934.752
 76980, 1952.459
 77040, 1920.718
 77100, 1923.578
 77160, 1941.703
 77220, 1838.882
 77280, 1882.521
 77340, 1832.946
 77400, 1836.237
 77460, 1851.591
 77520, 1810.402
 77580, 1848.536
 77640, 1878.555
 77700, 1923.978
 77760, 1976.144
 77820, 1970.803
 77880, 2077.421
 77940, 2006.048
 78000, 1982.956
 78060, 1948.875
 78120, 1918.563
 78180, 1938.285
 78240, 1872.911
 78300, 1914.823
 78360, 1923.076
 78420, 1917.656
 78480, 1891.567
 78540, 1976.979
 78600, 1949.674
 78660, 2057.326
 78720, 1960.674
 78780, 1984.208
 78840, 2096.974
 78900, 1925.819
 78960, 2034.939
 79020, 2185.359
 79080, 2166.229
 79140, 2064.743
 79200, 1973.934
 79260, 2090.486
 79320, 2055.796
 79380, 2071.287
 79440, 2028.969
 79500, 1958.635
 79560, 1942.400
 79620, 1982.618
 79680, 1865.857
 79740, 1794.472
 79800, 1777.720
 79860, 1809.943
 79920, 1742.513
 79980, 1845.693
 80040, 1994.331
 80100, 1884.042
 80160, 1865.566
 80220, 1863.389
 80280, 1900.720
 80340, 1881.274
 80400, 2035.791
 80460, 1841.606
 80520, 1766.615
 80580, 1740.472
 80640, 1846.703
 80700, 1831.838
 80760, 1827.419
 80820, 1812.984
 80880, 1710.519
 80940, 1752.734
 81000, 1690.217
 81060, 1739.540
 81120, 1799.333
 81180, 1790.514
 81240, 1859.515
 81300, 1821.922
 81360, 1732.902
 81420, 1675.919
 81480, 1711.308
 81540, 1742.528
 81600, 1776.711
 81660, 1811.807
 81720, 1801.654
 81780, 1779.346
 81840, 1877.704
 81900, 1906.789
 81960, 2017.161
 82020, 1733.052
 82080, 1767.134
 82140, 1715.517
 82200, 1686.859
 82260, 1659.862
 82320, 1664.265
 82380, 1697.599
 82440, 1645.801
 82500, 1739.923
 82560, 1800.521
 82620, 1783.257
 82680, 1909.058
 82740, 1839.756
 82800, 1823.938
 82860, 1786.991
 82920, 1679.928
 82980, 1741.860
 83040, 1672.410
 83100, 1935.593
 83160, 1779.287
 83220, 1699.919
 83280, 1740.943
 83340, 1740.325
 83400, 1650.474
 83460, 1742.304
 83520, 1712.573
 83580, 1753.809
 83640, 1523.684
 83700, 1456.492
 83760, 1424.034
 83820, 1544.515
 83880, 1599.418
 83940, 1654.475
 84000, 1696.491
 84060, 1766.063
 84120, -9999.000
 84180, 1702.764
 84240, 1680.004
 84300, 1749.389
 84360, 1753.826
 84420, 1780.538
 84480, 1733.841
 84540, 1664.058
 84600, 1726.122
 84660, 1700.359
 84720, 1720.705
 84780, 1712.443
 84840, 1827.717
 84900, 1671.676
 84960, 1723.257
 85020, 1711.830
 85080, 1664.773
 85140, 1624.736
 85200, 1714.099
 85260, 1761.361
 85320, 1753.550
 85380, 1666.478
 85440, 1718.631
 85500, 1676.698
 85560, 1617.896
 85620, -9999.000
 85680, -9999.000
 85740, -9999.000
 85800, -9999.000
 85860, -9999.000
 85920, -9999.000
 85980, -9999.000
 86040, -9999.000
 86100, -9999.000
 86160, -9999.000
 86220, -9999.000
 86280, -9999.000
 86340, -9999.000
