CampaignData_and_Merges/R0/CSL_MobileLab_Parked/raw/20240808/USOS-PTR_MobileLabGround_20240808_RA.ict
58, 1001
Matthew Coggon, Kelvin Bates, Chelsea Stockwell, Carsten Warneke
NOAA ESRL Chemical Sciences Division
NOAA PTR-ToF-MS
USOS
1,1 
2024, 08, 08, 2023, 08, 09
0
Time_Start, seconds, number of seconds from 00:00 UTC 
22
1, 1, 1, 1, 1, 1, 1, 1, 1, 1, 1, 1, 1, 1, 1, 1, 1, 1, 1, 1, 1, 1
-9999, -9999, -9999, -9999, -9999, -9999, -9999, -9999, -9999, -9999, -9999, -9999, -9999, -9999, -9999, -9999, -9999, -9999, -9999, -9999, -9999, -9999
CH3OH_NOAAPTR_ppbv,  ppbv, Gas_CH3OH_InSitu_S_AVMR, (CH3OH) methanol
CH3CN_NOAAPTR_ppbv,  ppbv, Gas_CH3CN_InSitu_S_AVMR, (CH3CN) acetonitrile
CH3CHO_NOAAPTR_ppbv,  ppbv, Gas_CH3CHO_InSitu_S_AVMR, (CH3CHO) acetaldehyde plus contributions from ethylene glycol and ethylene oxide. Interference from ethanol has been subtracted out.
C2H5OH_NOAAPTR_ppbv,  ppbv, Gas_C2H5OH_InSitu_S_AVMR, (C2H5OH) ethanol
CH3SH_NOAAPTR_ppbv,  ppbv, Gas_CH3SH_InSitu_S_AVMR, (CH3SH) methanethiol, using calibration factor for DMS
Acrolein_NOAAPTR_ppbv,  ppbv, Gas_Acrolein_InSitu_S_AVMR, (C3H4O) acrolein
AcetonePropanal_NOAAPTR_ppbv,  ppbv, Gas_AcetoneAndPropanal_InSitu_S_AVMR, (C3H6O) sum of acetone (dominant isomer) and propanal, using calibration factor for acetone
DMS_NOAAPTR_ppbv,  ppbv, Gas_DMS_InSitu_S_AVMR, (C2H6S) dimethyl sulfide with possible small contributions from ethanethiol
C5H8_NOAAPTR_ppbv,  ppbv, Gas_Isoprene_InSitu_S_AVMR, (C5H8) isoprene and possible fragments from cycloalkanes and aldehydes. Interferences have been subtracted following methods described by Coggon et al (2023)
MVKMAC_NOAAPTR_ppbv,  ppbv, Gas_MVKAndMAC_InSitu_S_AVMR, (C4H6O) sum of methyl vinyl ketone, methacrolein, and small amounts of crotonaldehyde, using weighted calibration factor for MVK (0.637) and MACR (0.363)
Benzene_NOAAPTR_ppbv,  ppbv, Gas_Benzene_InSitu_S_AVMR, (C6H6) benzene
Toluene_NOAAPTR_ppbv,  ppbv, Gas_Toluene_InSitu_S_AVMR, (C7H8) toluene with possible small contributions of fragments from ethyltoluene
Styrene_NOAAPTR_ppbv,  ppbv, Gas_Styrene_InSitu_S_AVMR, (C8H8) styrene
Benzaldehyde_NOAAPTR_ppbv,  ppbv, Gas_Benzaldehyde_InSitu_S_AVMR, (C7H6O) benzaldehyde
C8Aromatics_NOAAPTR_ppbv,  ppbv, Gas_C8Aromatics_InSitu_M_AVMR, (C8H10) sum of m-xylene, p-xylene, o-xylene, and ethyl benzene
C9Aromatics_NOAAPTR_ppbv,  ppbv, Gas_C9Aromatics_InSitu_M_AVMR, (C9H12) sum of C9 aromatics
Naphthalene_NOAAPTR_ppbv,  ppbv, Gas_Naphthalene_InSitu_S_AVMR, (C10H8) naphthalene
Octanal_NOAAPTR_ppbv,  ppbv, Gas_Octanal_InSitu_S_AVMR, (C8H16O) octanal and small amounts of octanone
Monoterpenes_NOAAPTR_ppbv,  ppbv, Gas_Monoterpenes_InSitu_M_AVMR, (C10H16) sum of monoterpenes and possible contributions from fragments of oxygenated monoterpenoids such as eucalyptol.
Nonanal_NOAAPTR_ppbv,  ppbv, Gas_Nonanal_InSitu_M_AVMR, (C9H18O) nonanal and small amounts of nonanone
C7H4ClF3_NOAAPTR_ppbv,  ppbv, Gas_C7H4ClF3_InSitu_S_AVMR, (C7H4ClF3) parachlorobenzotrifluoride
C10H30O5Si5_NOAAPTR_ppbv,  ppbv, Gas_C10H30O5Si5_InSitu_S_AVMR, (C10H30O5Si5) decamethylcyclopentasiloxane
1
SPECIAL COMMENTS:N/A
21
PI_CONTACT_INFO: NOAA ESRL Chemical Sciences Division, Tropospheric Chemistry Group. 325 Broadway, R/CSD7, Boulder, CO 80305
PLATFORM: Mobile Laboratory.
LOCATION: Salt Lake City, UT
ASSOCIATED_DATA: N/A
INSTRUMENT_INFO: NOAA PTR-ToF-MS measurements on NOAA CSL Mobile Lab
DATA_INFO: Units: ppbv
UNCERTAINTY: See OTHER_COMMENTS
ULOD_FLAG: -7777
ULOD_VALUE: N/A
LLOD_FLAG: -8888
LLOD_VALUE: N/A.
DM_CONTACT_INFO: Data Managers: Matt Coggon, Kelvin Bates, Chelsea Stockwell; email: matthew.m.coggon@noaa.gov and kelvin.bates@colorado.edu
PROJECT_INFO: USOS Deployment July-August, 2024
STIPULATIONS_ON_USE: Use of these data require prior OK from PI.
OTHER_COMMENTS: Uncertainties:
CH3OH_NOAAPTR_ppbv:30%; CH3CN_NOAAPTR_ppbv:30%; CH3CHO_NOAAPTR_ppbv:30%; C2H5OH_NOAAPTR_ppbv:30%; CH3SH_NOAAPTR_ppbv:50%; Acrolein_NOAAPTR_ppbv:30%; AcetonePropanal_NOAAPTR_ppbv:30%; DMS_NOAAPTR_ppbv:30%; C5H8_NOAAPTR_ppbv:30%; MVKMAC_NOAAPTR_ppbv:30%; 
Benzene_NOAAPTR_ppbv:30%; Toluene_NOAAPTR_ppbv:30%; Styrene_NOAAPTR_ppbv:30%; Benzaldehyde_NOAAPTR_ppbv:30%; C8Aromatics_NOAAPTR_ppbv:30%; C9Aromatics_NOAAPTR_ppbv:30%; Naphthalene_NOAAPTR_ppbv:30%; Octanal_NOAAPTR_ppbv:30%; Monoterpenes_NOAAPTR_ppbv:30%; Nonanal_NOAAPTR_ppbv:30%; 
C7H4ClF3_NOAAPTR_ppbv:30%; C10H30O5Si5_NOAAPTR_ppbv:30%; 
REVISION: RA
RA: Field Data
Time_Start, CH3OH_NOAAPTR_ppbv, CH3CN_NOAAPTR_ppbv, CH3CHO_NOAAPTR_ppbv, C2H5OH_NOAAPTR_ppbv, CH3SH_NOAAPTR_ppbv, Acrolein_NOAAPTR_ppbv, AcetonePropanal_NOAAPTR_ppbv, DMS_NOAAPTR_ppbv, C5H8_NOAAPTR_ppbv, MVKMAC_NOAAPTR_ppbv, Benzene_NOAAPTR_ppbv, Toluene_NOAAPTR_ppbv, Styrene_NOAAPTR_ppbv, Benzaldehyde_NOAAPTR_ppbv, C8Aromatics_NOAAPTR_ppbv, C9Aromatics_NOAAPTR_ppbv, Naphthalene_NOAAPTR_ppbv, Octanal_NOAAPTR_ppbv, Monoterpenes_NOAAPTR_ppbv, Nonanal_NOAAPTR_ppbv, C7H4ClF3_NOAAPTR_ppbv, C10H30O5Si5_NOAAPTR_ppbv
    0.0, 5.66849, 0.21371, 1.15144, 1.80866, 0.00095, 0.13366, 2.13682, 0.01692, 0.65548, 0.29924, 0.05540, 0.10398, -0.00603, -0.01769, 0.06547, 0.02826, -0.00399, 0.01919, 0.15496, 0.03655, 0.00379, 0.00007 
   60.0, 7.63450, 0.22064, 1.34055, 2.09994, 0.00215, 0.13135, 2.18542, 0.01307, 0.71903, 0.27909, 0.09149, 0.13953, -0.00603, -0.00588, 0.08189, 0.03590, -0.00697, 0.01915, 0.17749, 0.02512, 0.00281, 0.00547 
  120.0, 4.90841, 0.22279, 1.43575, 1.48592, 0.00125, 0.16058, 2.22950, 0.01118, 0.65066, 0.28860, 0.09832, 0.13928, 0.01218, -0.00130, 0.06759, 0.03666, 0.00267, 0.02650, 0.31268, 0.03537, 0.00272, 0.00101 
  180.0, 3.31077, 0.21609, 0.95602, 1.03796, 0.00329, 0.14087, 2.02759, 0.00031, 0.42537, 0.23704, 0.08607, 0.12120, 0.00904, -0.01108, 0.05779, 0.01931, 0.00074, 0.01554, 0.19499, 0.01757, 0.00300, 0.00036 
  240.0, 3.78032, 0.22769, 0.95463, 1.34331, 0.00152, 0.10654, 2.15238, 0.00304, 0.54565, 0.24441, 0.11623, 0.18604, 0.01251, -0.00544, 0.10452, 0.04460, -0.00396, 0.01399, 0.24481, 0.04634, 0.00263, 0.00198 
  300.0, 3.96327, 0.20420, 1.17124, 1.74877, 0.00131, 0.12912, 2.12593, 0.01500, 0.63456, 0.27684, 0.10042, 0.22076, -0.00224, -0.00769, 0.11872, 0.05581, -0.00174, 0.02059, 0.23223, 0.02336, 0.00720, 0.00184 
  360.0, 3.37297, 0.22278, 0.87180, 0.67195, -0.00076, 0.09672, 2.05468, -0.00106, 0.45371, 0.27910, 0.04678, 0.08526, 0.00443, 0.00680, 0.03212, 0.01552, -0.00583, 0.01386, 0.08981, 0.01302, 0.00369, 0.00073 
  420.0, 4.75011, 0.20308, 0.93469, 1.42034, -0.00039, 0.11150, 2.06344, -0.00106, 0.62479, 0.27882, 0.13767, 0.13551, 0.01265, -0.00951, 0.09971, 0.03748, 0.00421, 0.01601, 0.12197, 0.02101, 0.00704, 0.00209 
  480.0, 5.46170, 0.21633, 1.13848, 2.50056, -0.00075, 0.15816, 2.21923, 0.01968, 0.90083, 0.34957, 0.11148, 0.20699, -0.00603, -0.00117, 0.11682, 0.06163, 0.00121, 0.02293, 0.18817, 0.04897, 0.00889, 0.00120 
  540.0, 5.66100, 0.22550, 1.16154, 2.12356, 0.00079, 0.12828, 2.26873, 0.01909, 0.79925, 0.32287, 0.08517, 0.18187, -0.00603, -0.01134, 0.09201, 0.04944, 0.00792, 0.01785, 0.17038, 0.06487, 0.00339, 0.00276 
  600.0, 6.18506, 0.21906, 1.26717, 6.50919, -0.00024, 0.17203, 2.44886, 0.01732, 0.73129, 0.32127, 0.37435, 1.40997, 0.05659, -0.00586, 0.57761, 0.18679, 0.00793, 0.04162, 0.16722, 0.07309, 0.00408, -0.00022 
  660.0, 5.56867, 0.22525, 1.16978, 2.35425, 0.00296, 0.15375, 2.30068, 0.01326, 0.59214, 0.28180, 0.11047, 0.13906, 0.01181, -0.00029, 0.07254, 0.04127, -0.00474, 0.02389, 0.22696, 0.03220, 0.00298, 0.00130 
  720.0, 4.24923, 0.22885, 1.00803, 1.72161, 0.00043, 0.13234, 2.19703, -0.00106, 0.39835, 0.21638, 0.09546, 0.14717, 0.01791, 0.00101, 0.07040, 0.02031, 0.00807, 0.01163, 0.19885, 0.03316, 0.00135, 0.00276 
  780.0, 3.87329, 0.21596, 0.82235, 1.14317, 0.00088, 0.11581, 2.12960, 0.00346, 0.27035, 0.16804, 0.08088, 0.13661, 0.01545, -0.01619, 0.05928, 0.02044, 0.00403, 0.00563, 0.09276, 0.01470, 0.00603, 0.00068 
  840.0, 4.94929, 0.22967, 1.12771, 3.89274, 0.00017, 0.12580, 2.37485, -0.00106, 0.38613, 0.22711, 0.15540, 0.34954, 0.01749, -0.01824, 0.15440, 0.07449, 0.00548, 0.02424, 0.17080, 0.03601, 0.00283, 0.00591 
  900.0, 5.38499, 0.22594, 1.18233, 4.88084, 0.00202, 0.16360, 2.30230, 0.01125, 0.53977, 0.27598, 0.14796, 0.34278, 0.02161, 0.00012, 0.15091, 0.06755, 0.01276, 0.02914, 0.22552, 0.04414, 0.00127, 0.00035 
  960.0, 5.94052, 0.24282, 1.05818, 4.89773, 0.00053, 0.15633, 2.25203, 0.00862, 0.72816, 0.30260, 0.12822, 0.29170, 0.00644, -0.01317, 0.12296, 0.05267, -0.00234, 0.01539, 0.16344, 0.02447, 0.00520, 0.00410 
 1020.0, 4.86020, 0.21489, 0.81184, 1.95348, -0.00076, 0.11117, 2.09605, 0.00938, 0.63213, 0.31147, 0.04989, 0.10811, 0.00368, -0.01424, 0.05560, 0.02522, -0.00582, 0.01733, 0.13211, 0.02863, 0.00679, 0.00039 
 1080.0, 5.62812, 0.21405, 0.95837, 2.13139, 0.00089, 0.13761, 2.20996, 0.00064, 0.67909, 0.32401, 0.08895, 0.15884, 0.01828, -0.00515, 0.07461, 0.03718, 0.01944, 0.02461, 0.13694, 0.04989, 0.00766, 0.00199 
 1140.0, 6.33986, 0.21618, 0.97621, 2.82004, 0.00057, 0.12317, 2.09631, -0.00106, 0.82656, 0.32296, 0.13792, 0.18636, 0.01349, -0.01166, 0.09139, 0.03666, -0.00697, 0.01191, 0.13587, 0.03201, 0.00243, 0.00160 
 1200.0, 6.07061, 0.21609, 1.08902, 2.05247, -0.00032, 0.15358, 2.24917, 0.01077, 0.72894, 0.32343, 0.09799, 0.21339, 0.01332, -0.02300, 0.10199, 0.04622, 0.00775, 0.03256, 0.18105, 0.03161, 0.00775, 0.00071 
 1260.0, 5.64509, 0.22359, 1.12699, 2.28820, 0.00237, 0.14736, 2.26240, 0.02139, 0.74881, 0.35001, 0.10876, 0.17741, 0.02224, -0.00998, 0.10295, 0.03777, 0.00347, 0.01853, 0.21210, 0.04210, 0.00524, 0.00486 
 1320.0, 4.60822, 0.22438, 0.95626, 1.66282, 0.00220, 0.13691, 2.17859, 0.01046, 0.60384, 0.31081, 0.10479, 0.13012, -0.00603, -0.01497, 0.07164, 0.03648, 0.00148, 0.01249, 0.23341, 0.02045, 0.00996, 0.00734 
 1380.0, 3.88856, 0.21148, 0.75658, 1.56683, 0.00121, 0.14017, 2.10995, 0.01239, 0.73096, 0.32006, 0.05787, 0.15163, 0.00149, -0.00895, 0.08623, 0.02901, -0.00177, 0.02167, 0.13084, 0.01628, 0.00280, 0.00299 
 1440.0, 5.74128, 0.22447, 1.09028, 1.86288, 0.00237, 0.13527, 2.21825, 0.00795, 0.76337, 0.31204, 0.10039, 0.15598, 0.01296, -0.00913, 0.09517, 0.04359, 0.01088, 0.04278, 0.17519, 0.04489, 0.00279, 0.00254 
 1500.0, 4.92838, 0.21274, 0.91576, 2.98058, 0.00119, 0.15092, 2.07663, 0.01314, 0.76747, 0.32741, 0.12194, 0.16185, -0.00603, -0.01573, 0.08780, 0.03949, 0.00358, 0.01112, 0.13261, 0.02807, 0.00524, 0.00089 
 1560.0, 5.24042, 0.22695, 0.94743, 4.23305, 0.00117, 0.13515, 2.23332, 0.00834, 0.73935, 0.32037, 0.19800, 0.65792, 0.01636, -0.01042, 0.25345, 0.10724, 0.00000, 0.03407, 0.12719, 0.04123, 0.00317, 0.00410 
 1620.0, 5.34637, 0.22228, 0.82423, 2.18358, 0.00176, 0.12513, 2.16284, 0.01035, 0.73681, 0.35020, 0.06914, 0.07354, 0.00822, -0.00956, 0.05344, 0.02986, 0.00887, 0.01297, 0.13458, 0.01396, 0.00899, 0.00144 
 1680.0, 3.65665, 0.21939, 0.66896, 1.20516, 0.00201, 0.13237, 2.11139, -0.00106, 0.69601, 0.27535, 0.06972, 0.09308, 0.00716, -0.01450, 0.04945, 0.02457, -0.00226, 0.01104, 0.12792, 0.01315, 0.00476, 0.00134 
 1740.0, 6.40903, 0.21158, 1.05050, 3.29252, 0.00128, 0.11603, 2.33920, 0.00879, 0.78249, 0.30734, 0.17390, 0.52717, 0.02519, -0.01191, 0.23346, 0.07816, -0.00046, 0.01504, 0.16313, 0.05136, 0.00291, 0.00315 
 1800.0, 6.50491, 0.22589, 1.13262, 3.98807, 0.00294, 0.16009, 2.29752, 0.01355, 0.94651, 0.35080, 0.14985, 0.20318, 0.01605, 0.00098, 0.10905, 0.04532, 0.00467, 0.02596, 0.21800, 0.04560, 0.01137, 0.00067 
 1860.0, 3.77713, 0.20124, 0.76571, 0.97565, 0.00076, 0.10557, 2.10577, 0.00775, 0.55542, 0.28218, 0.05702, 0.10827, 0.00239, -0.01033, 0.04492, 0.02048, 0.00324, 0.02412, 0.17453, 0.01128, 0.00228, 0.00286 
 1920.0, 4.39409, 0.21984, 1.00717, 1.28105, 0.00228, 0.13242, 2.21034, 0.00637, 0.60290, 0.32330, 0.05608, 0.15131, 0.01275, -0.01494, 0.05830, 0.01542, -0.00331, 0.01665, 0.26703, 0.03946, 0.00541, 0.00049 
 1980.0, 4.74370, 0.20765, 1.02134, 1.59562, 0.00344, 0.13221, 2.24544, 0.00442, 0.63480, 0.35565, 0.10000, 0.11913, 0.00573, -0.00922, 0.06007, 0.02283, -0.00400, 0.01412, 0.31483, 0.02027, 0.00842, 0.00456 
 2040.0, 5.76036, 0.22013, 1.03228, 1.99822, 0.00146, 0.13411, 2.40233, 0.00675, 0.77666, 0.40019, 0.09881, 0.20444, 0.01364, -0.00250, 0.08103, 0.04222, 0.00005, 0.01071, 0.28000, 0.03752, 0.00265, 0.00411 
 2100.0, 5.71959, 0.23793, 0.99080, 3.35341, 0.00037, 0.15628, 2.34975, 0.00908, 0.96396, 0.34484, 0.10922, 0.15516, 0.00976, -0.01309, 0.08254, 0.03530, 0.00119, 0.01697, 0.20514, 0.04135, 0.00648, 0.00202 
 2160.0, 4.06861, 0.20490, 0.92370, 1.71198, 0.00367, 0.16432, 2.19733, 0.00643, 0.64500, 0.30924, 0.12704, 0.15770, 0.01670, -0.01072, 0.08711, 0.04092, 0.01913, 0.01304, 0.13532, 0.02895, 0.00163, 0.00231 
 2220.0, 6.70175, 0.21163, 1.12936, 2.56109, 0.00141, 0.15009, 2.30683, 0.00732, 0.85267, 0.32365, 0.06453, 0.17238, 0.01411, -0.02676, 0.08751, 0.03895, 0.00193, 0.02522, 0.16157, 0.04377, 0.00625, 0.00031 
 2280.0, 8.30312, 0.22710, 1.10596, 2.86430, 0.00211, 0.15947, 2.33349, 0.00633, 0.95510, 0.33904, 0.09914, 0.21017, 0.00998, -0.01275, 0.10141, 0.03820, -0.00695, 0.01358, 0.20647, 0.04289, 0.01130, 0.00082 
 2340.0, 4.63087, 0.22626, 0.86450, 1.68659, -0.00068, 0.14150, 2.19753, 0.00226, 0.73682, 0.29030, 0.11994, 0.11527, 0.00609, -0.02072, 0.06061, 0.02557, -0.00360, 0.01455, 0.10186, 0.02233, 0.00586, 0.00181 
 2400.0, 5.85296, 0.22740, 1.04470, 3.90958, 0.00166, 0.15392, 2.28150, 0.01064, 0.81261, 0.31957, 0.19802, 0.51265, 0.01977, -0.00299, 0.22583, 0.06531, -0.00164, 0.03181, 0.15959, 0.04367, 0.00642, 0.00253 
 2460.0, 7.81020, 0.21425, 1.20578, 9.69832, 0.00258, 0.16134, 2.35566, 0.01860, 0.88561, 0.31412, 0.40805, 1.64440, 0.04301, -0.02676, 0.67168, 0.25638, 0.00886, 0.03004, 0.21250, 0.04256, 0.00290, 0.00020 
 2520.0, 4.93360, 0.23438, 0.94387, 4.42143, 0.00152, 0.14261, 2.21726, 0.01005, 0.84441, 0.28528, 0.10831, 0.24790, 0.02020, 0.00654, 0.11841, 0.05233, 0.00310, 0.01613, 0.22211, 0.03142, 0.00833, 0.00056 
 2580.0, 3.40612, 0.20940, 0.66337, 1.28120, -0.00076, 0.13754, 2.11268, 0.00553, 0.57889, 0.26953, 0.05443, 0.15233, -0.00603, -0.00291, 0.06897, 0.03480, -0.00187, 0.01461, 0.09858, 0.01981, 0.00769, 0.00089 
 2640.0, 3.86860, 0.22123, 0.73769, 1.57980, 0.00215, 0.11573, 2.18092, 0.00666, 0.64393, 0.25518, 0.06251, 0.14080, 0.00758, -0.01809, 0.07222, 0.03281, -0.00697, 0.01372, 0.09177, 0.02147, 0.00574, -0.00022 
 2700.0, 6.54073, 0.20583, 0.93181, 4.30945, 0.00371, 0.17197, 2.36942, 0.00933, 0.67938, 0.27215, 0.21291, 0.77410, -0.00603, -0.02378, 0.33796, 0.13834, -0.00697, 0.02312, 0.15148, 0.04067, 0.00486, 0.00373 
 2760.0, 4.50185, 0.23476, 0.89699, 6.58676, 0.00028, 0.14073, 2.19920, 0.00912, 0.74642, 0.29910, 0.12674, 0.37097, 0.01492, -0.01278, 0.14455, 0.05589, -0.00050, 0.02117, 0.13840, 0.03772, 0.00771, 0.00095 
 2820.0, 4.90810, 0.23592, 0.94208, 3.29563, -0.00008, 0.14043, 2.31782, -0.00106, 0.70258, 0.29157, 0.12127, 0.20728, 0.01473, -0.01812, 0.10910, 0.03533, -0.00048, 0.01711, 0.15806, 0.03963, 0.00496, 0.00229 
 2880.0, 4.80746, 0.23076, 0.98342, 2.14982, 0.00176, 0.13803, 2.28567, 0.00274, 0.73722, 0.28827, 0.13934, 0.16091, 0.00191, -0.00596, 0.07064, 0.03358, 0.00754, 0.02682, 0.15316, 0.02865, 0.00658, 0.00114 
 2940.0, 4.65675, 0.21641, 1.00030, 2.75509, 0.00104, 0.14890, 2.39395, 0.00626, 0.77247, 0.28071, 0.15070, 0.36971, 0.02146, -0.02676, 0.16860, 0.10150, -0.00697, 0.02744, 0.20030, 0.03859, 0.05241, 0.00295 
 3000.0, 4.40873, 0.22068, 0.96176, 1.97875, 0.00375, 0.11296, 2.28555, 0.01492, 0.77597, 0.27881, 0.07039, 0.18314, 0.01926, 0.00309, 0.07624, 0.04168, 0.00022, 0.01340, 0.19572, 0.04766, 0.02088, 0.00259 
 3060.0, 3.28496, 0.22876, 0.71913, 1.97209, 0.00060, 0.11779, 2.20302, 0.01533, 0.74799, 0.25567, 0.07838, 0.11707, -0.00603, 0.00441, 0.04775, 0.02719, -0.00677, 0.01299, 0.13235, 0.02179, 0.00522, -0.00007 
 3120.0, 4.32000, 0.23469, 0.85468, 2.99108, 0.00149, 0.13052, 2.24640, 0.01479, 0.76981, 0.28332, 0.08915, 0.14472, 0.00500, -0.02144, 0.06889, 0.02736, -0.00697, 0.01467, 0.12772, 0.03536, 0.00704, 0.00089 
 3180.0, 4.09670, 0.25160, 0.75818, 4.61723, -0.00076, 0.14625, 2.22817, 0.00926, 0.77462, 0.28971, 0.03903, 0.11883, -0.00603, -0.02676, 0.05433, 0.01854, -0.00140, 0.01069, 0.16026, 0.01889, 0.00301, 0.00413 
 3240.0, 3.82664, 0.23358, 0.71250, 2.55847, -0.00044, 0.13580, 2.24801, 0.00848, 0.72330, 0.25996, 0.10252, 0.21475, 0.01267, -0.02015, 0.09018, 0.03569, -0.00697, 0.01537, 0.12173, 0.02193, 0.00443, -0.00050 
 3300.0, 4.24163, 0.24283, 0.76479, 2.43482, -0.00076, 0.15837, 2.28169, 0.01578, 0.84340, 0.26577, 0.09387, 0.20032, -0.00603, -0.02676, 0.08111, 0.02636, -0.00269, 0.02388, 0.13095, 0.02251, 0.00318, 0.00346 
 3360.0, 4.58446, 0.22870, 0.81207, 2.16779, 0.00128, 0.13061, 2.45733, 0.00230, 0.76305, 0.24844, 0.23838, 0.22037, 0.02293, 0.03317, 0.07750, 0.03225, 0.02698, 0.03372, 0.10788, 0.04171, 0.00104, 0.00092 
 3420.0, 4.12691, 0.25062, 0.69731, 1.23570, -0.00032, 0.09865, 2.15398, -0.00106, 0.69626, 0.23765, 0.18581, 0.13451, 0.00764, 0.04293, 0.03692, 0.01133, 0.00728, 0.01552, 0.07213, 0.01936, 0.00103, 0.00019 
 3480.0, 4.28574, 0.22736, -9999.00000, 1.52346, -0.00048, 0.12210, 2.19526, 0.00704, -9999.00000, 0.22611, 0.14753, 0.10824, 0.01617, 0.02872, 0.04532, 0.01899, 0.00260, 0.01213, 0.07813, 0.01447, 0.00115, 0.00208 
 3540.0, -9999.00000, -9999.00000, -9999.00000, -9999.00000, -9999.00000, -9999.00000, -9999.00000, -9999.00000, -9999.00000, -9999.00000, -9999.00000, -9999.00000, -9999.00000, -9999.00000, -9999.00000, -9999.00000, -9999.00000, -9999.00000, -9999.00000, -9999.00000, -9999.00000, -9999.00000 
 3600.0, -9999.00000, -9999.00000, -9999.00000, -9999.00000, -9999.00000, -9999.00000, -9999.00000, -9999.00000, -9999.00000, -9999.00000, -9999.00000, -9999.00000, -9999.00000, -9999.00000, -9999.00000, -9999.00000, -9999.00000, -9999.00000, -9999.00000, -9999.00000, -9999.00000, -9999.00000 
 3660.0, -9999.00000, -9999.00000, -9999.00000, -9999.00000, -9999.00000, -9999.00000, -9999.00000, -9999.00000, -9999.00000, -9999.00000, -9999.00000, -9999.00000, -9999.00000, -9999.00000, -9999.00000, -9999.00000, -9999.00000, -9999.00000, -9999.00000, -9999.00000, -9999.00000, -9999.00000 
 3720.0, -9999.00000, -9999.00000, -9999.00000, -9999.00000, -9999.00000, -9999.00000, -9999.00000, -9999.00000, -9999.00000, -9999.00000, -9999.00000, -9999.00000, -9999.00000, -9999.00000, -9999.00000, -9999.00000, -9999.00000, -9999.00000, -9999.00000, -9999.00000, -9999.00000, -9999.00000 
 3780.0, -9999.00000, -9999.00000, -9999.00000, -9999.00000, -9999.00000, -9999.00000, -9999.00000, -9999.00000, -9999.00000, -9999.00000, -9999.00000, -9999.00000, -9999.00000, -9999.00000, -9999.00000, -9999.00000, -9999.00000, -9999.00000, -9999.00000, -9999.00000, -9999.00000, -9999.00000 
 3840.0, -9999.00000, -9999.00000, -9999.00000, -9999.00000, -9999.00000, -9999.00000, -9999.00000, -9999.00000, -9999.00000, -9999.00000, -9999.00000, -9999.00000, -9999.00000, -9999.00000, -9999.00000, -9999.00000, -9999.00000, -9999.00000, -9999.00000, -9999.00000, -9999.00000, -9999.00000 
 3900.0, -9999.00000, -9999.00000, -9999.00000, -9999.00000, -9999.00000, -9999.00000, -9999.00000, -9999.00000, -9999.00000, -9999.00000, -9999.00000, -9999.00000, -9999.00000, -9999.00000, -9999.00000, -9999.00000, -9999.00000, -9999.00000, -9999.00000, -9999.00000, -9999.00000, -9999.00000 
 3960.0, -9999.00000, -9999.00000, -9999.00000, -9999.00000, -9999.00000, -9999.00000, -9999.00000, -9999.00000, -9999.00000, -9999.00000, -9999.00000, -9999.00000, -9999.00000, -9999.00000, -9999.00000, -9999.00000, -9999.00000, -9999.00000, -9999.00000, -9999.00000, -9999.00000, -9999.00000 
 4020.0, -9999.00000, -9999.00000, -9999.00000, -9999.00000, -9999.00000, -9999.00000, -9999.00000, -9999.00000, -9999.00000, -9999.00000, -9999.00000, -9999.00000, -9999.00000, -9999.00000, -9999.00000, -9999.00000, -9999.00000, -9999.00000, -9999.00000, -9999.00000, -9999.00000, -9999.00000 
 4080.0, -9999.00000, -9999.00000, -9999.00000, -9999.00000, -9999.00000, -9999.00000, -9999.00000, -9999.00000, -9999.00000, -9999.00000, -9999.00000, -9999.00000, -9999.00000, -9999.00000, -9999.00000, -9999.00000, -9999.00000, -9999.00000, -9999.00000, -9999.00000, -9999.00000, -9999.00000 
 4140.0, 5.16698, -9999.00000, -9999.00000, 2.05952, 0.00259, 0.18172, 2.31882, 0.00941, -9999.00000, -9999.00000, 0.10276, 0.15921, -0.00598, 0.00990, 0.08426, 0.06209, -0.00685, 0.01416, 0.17720, 0.01428, 0.00168, -0.00020 
 4200.0, 3.78057, 0.26952, 0.89855, 2.14490, 0.00459, 0.12810, 2.36515, 0.00395, 0.92844, 0.36140, 0.13902, 0.14942, -0.00273, 0.01275, 0.06697, 0.03764, -0.00055, 0.03000, 0.14365, 0.02466, 0.00550, 0.00111 
 4260.0, 5.09233, 0.24009, 0.97834, 2.28125, 0.00224, 0.14332, 2.39740, 0.02208, 0.91046, 0.33843, 0.11009, 0.17836, 0.01615, 0.01618, 0.06678, 0.03849, -0.00620, 0.01185, 0.15207, 0.02175, 0.00496, 0.00191 
