CampaignData_and_Merges/R0/CSL_MobileLab_Parked/raw/20240808/USOS-jNO2_MobileLabGround_20240808_R0.ict
52,1001
Waxman, E.; Rollins, A.; Zuraski, K.; Chace, W.
NOAA Chemical Sciences Laboratory
jNO2 filter radiometer on CSL Mobile Lab
AMMBEC / USOS
1, 1
2024,08,08, 2025,04,01
60
Time_Start, seconds, number_of_seconds_since_0000_UTC
20
1, 1, 1, 1, 1, 1, 1, 1, 1, 1, 1, 1, 1, 1, 1, 1, 1, 1, 1, 1
-9999, -9999, -9999, -9999, -9999, -9999, -9999, -9999, -9999, -9999, -9999, -9999, -9999, -9999, -9999, -9999, -9999, -9999, -9999, -9999
Time_Stop, seconds, number_of_seconds_since_0000_UTC
jNO2_meas, per second, photolysis rate of NO2 measured using a filter radiometer.
jBrCl, per second, photolysis rate of BrCl -> Br + Cl calculated in TUV for cloud-free sky with local AOD
jBr2, per second, photolysis rate of Br2 -> Br + Br calculated in TUV for cloud-free sky with local AOD
jCCl4, per second, photolysis rate of CCl4 -> Products calcualted in TUV for cloud-free sky with local AOD
jCH2Oa, per second, photolysis rate of CH2O -> H + HCO calculated in TUV for cloud-free sky with local AOD
jCH2Ob, per second, photolysis rate of CH2O -> H2 + CO calculated in TUV for cloud-free sky with local AOD
jClNO2, per second, photolysis rate of ClNO2 -> Cl + NO2 calculated in TUV for cloud-free sky with local AOD
jClOa, per second, photolysis rate of ClO -> Cl + O(1D) calculated in TUV for cloud-free sky with local AOD
jClOb, per second, photolysis rate of ClO -> Cl + O(3P) calculated in TUV for cloud-free sky with local AOD
jCl2, per second, photolysis rate of Cl2 -> Cl + Cl calculated in TUV for cloud-free sky with local AOD
jHNO2, per second, photolysis rate of HNO2 -> OH + NO calculated in TUV for cloud-free sky with local AOD
jHNO3, per second, photolysis rate of HNO3 -> OH + NO2 calculated in TUV for cloud-free sky with local AOD
jI2, per second, photolysis rate of I2 -> I + I calculated in TUV for cloud-free sky with local AOD
jNO2, per second, photolysis rate of NO2 -> NO + O(3P) calculated in TUV for cloud-free sky with local AOD
jNO3a, per second, photolysis rate of NO3 -> NO + O2 calculated in TUV for cloud-free sky with local AOD
jNO3b, per second, photolysis rate of NO3 -> NO2 + O(3P) calculated in TUV for cloud-free sky with local AOD
jN2O5, per second, photolysis rate of N2O5 -> NO3 + NO + O(3P) calculated in TUV for cloud-free sky with local AOD
jO3, per second, photolysis rate of O3 -> O2 + O(1D) calculated in TUV for cloud-free sky with local AOD
AOD_500nm, unitless, UTC daily mean AOD at 500 nm from an AERONET station located at 40.178 N, -112.452 E
0
18
PI_CONTACT_INFO: eleanor.waxman@noaa.gov
PLATFORM: CSL Mobile Lab, at ground site
LOCATION: Salt Lake City, UT
ASSOCIATED_DATA:
INSTRUMENT_INFO: jNO2 filter radiometer.  TUV calculations are for mobile van lat/lon/altitude assuming clear sky (cloud AOD = 0) and daily mean AOD.
DATA_INFO:
UNCERTAINTY: Data uncertainties are +/- 20%.  These come from uncertainties in radiometer angular response, radiometer thermal response, local interferences from clouds/aerosols/shadows etc.
ULOD_FLAG: -7777
ULOD_VALUE: N/A
LLOD_FLAG: -8888
LLOD_VALUE: N/A
DM_CONTACT_INFO: eleanor.waxman@noaa.gov
PROJECT_INFO: USOS Project, July - August 2024
STIPULATIONS_ON_USE: Users are strongly encouraged to contact the PI for proper data usage.
OTHER_COMMENTS: 
REVISION: R0
R0: final data
Time_Start, Time_Stop, jNO2_meas, jBrCl, jBr2, jCCl4, jCH2Oa, jCH2Ob, jClNO2, jClOa, jClOb, jCl2, jHNO2, jHNO3, jI2, jNO2, jNO3a, jNO3b, jN2O5, jO3, AOD_500nm
[from data line 974]
   58440,   58500,0.0053616,0.008845,0.02777,7.552e-25,2.088e-05,3.412e-05,0.0003384,2.709e-25,2.285e-05,0.00174,0.001161,3.333e-07,0.1021,0.007255,0.02013,0.1594,2.926e-05,1.461e-05,0.276
   58500,   58560,0.0061709,0.008867,0.02782,7.785e-25,2.099e-05,3.426e-05,0.0003398,2.796e-25,2.307e-05,0.001746,0.001165,3.357e-07,0.1023,0.007278,0.02016,0.1596,2.939e-05,1.475e-05,0.276
   58560,   58620,0.0053047,0.008889,0.02788,8.025e-25,2.111e-05,3.441e-05,0.0003412,2.887e-25,2.328e-05,0.001752,0.001168,3.38e-07,0.1025,0.0073,0.02019,0.1599,2.953e-05,1.489e-05,0.276
   58620,   58680,0.0059135,0.008909,0.02793,8.261e-25,2.121e-05,3.454e-05,0.0003425,2.977e-25,2.347e-05,0.001758,0.001172,3.401e-07,0.1026,0.00732,0.02021,0.1601,2.965e-05,1.502e-05,0.276
   58680,   58740,0.005677,0.00893,0.02799,8.521e-25,2.133e-05,3.469e-05,0.0003439,3.076e-25,2.369e-05,0.001764,0.001176,3.424e-07,0.1028,0.007342,0.02024,0.1603,2.979e-05,1.516e-05,0.276
   58740,   58800,0.0053176,0.008952,0.02804,8.791e-25,2.144e-05,3.483e-05,0.0003453,3.18e-25,2.39e-05,0.00177,0.001179,3.447e-07,0.103,0.007363,0.02027,0.1606,2.992e-05,1.53e-05,0.276
   58800,   58860,0.004642,0.008971,0.02809,9.055e-25,2.154e-05,3.496e-05,0.0003465,3.281e-25,2.41e-05,0.001776,0.001183,3.469e-07,0.1031,0.007383,0.02029,0.1608,3.004e-05,1.543e-05,0.276
   58860,   58920,0.0056583,0.008992,0.02814,9.347e-25,2.165e-05,3.51e-05,0.0003479,3.393e-25,2.431e-05,0.001782,0.001186,3.492e-07,0.1033,0.007404,0.02032,0.161,3.017e-05,1.557e-05,0.276
   58920,   58980,0.0062455,0.009013,0.0282,9.65e-25,2.176e-05,3.524e-05,0.0003493,3.51e-25,2.452e-05,0.001788,0.00119,3.514e-07,0.1034,0.007425,0.02035,0.1612,3.03e-05,1.571e-05,0.276
   58980,   59040,0.0049787,0.009032,0.02825,9.947e-25,2.187e-05,3.537e-05,0.0003505,3.625e-25,2.472e-05,0.001793,0.001193,3.536e-07,0.1036,0.007445,0.02037,0.1615,3.042e-05,1.585e-05,0.276
   59040,   59100,0.0045637,0.009052,0.0283,1.027e-24,2.198e-05,3.551e-05,0.0003519,3.753e-25,2.493e-05,0.001799,0.001197,3.559e-07,0.1037,0.007465,0.0204,0.1617,3.055e-05,1.599e-05,0.276
   59100,   59160,0.0044459,0.009072,0.02835,1.062e-24,2.209e-05,3.564e-05,0.0003532,3.887e-25,2.514e-05,0.001805,0.0012,3.581e-07,0.1039,0.007486,0.02042,0.1619,3.068e-05,1.613e-05,0.276
   59160,   59220,0.0039462,0.009091,0.0284,1.095e-24,2.219e-05,3.577e-05,0.0003544,4.018e-25,2.534e-05,0.00181,0.001204,3.602e-07,0.104,0.007505,0.02044,0.1621,3.08e-05,1.626e-05,0.276
   59220,   59280,0.0041378,0.009111,0.02845,1.132e-24,2.23e-05,3.591e-05,0.0003558,4.163e-25,2.555e-05,0.001816,0.001207,3.625e-07,0.1042,0.007525,0.02047,0.1623,3.093e-05,1.64e-05,0.276
   59280,   59340,0.0046479,0.00913,0.0285,1.171e-24,2.24e-05,3.604e-05,0.0003571,4.315e-25,2.576e-05,0.001822,0.001211,3.647e-07,0.1043,0.007545,0.02049,0.1625,3.105e-05,1.654e-05,0.276
   59340,   59400,0.004529,0.009148,0.02854,1.208e-24,2.25e-05,3.617e-05,0.0003583,4.464e-25,2.596e-05,0.001827,0.001214,3.668e-07,0.1045,0.007563,0.02051,0.1627,3.117e-05,1.667e-05,0.276
   59400,   59460,0.0055315,0.009167,0.02859,1.25e-24,2.261e-05,3.63e-05,0.0003596,4.631e-25,2.617e-05,0.001832,0.001217,3.691e-07,0.1046,0.007583,0.02054,0.163,3.129e-05,1.682e-05,0.276
   59460,   59520,0.0051887,0.009186,0.02864,1.294e-24,2.272e-05,3.643e-05,0.0003608,4.805e-25,2.638e-05,0.001838,0.001221,3.713e-07,0.1047,0.007602,0.02056,0.1632,3.142e-05,1.696e-05,0.276
   59520,   59580,0.0064497,0.009204,0.02868,1.337e-24,2.281e-05,3.656e-05,0.000362,4.976e-25,2.657e-05,0.001843,0.001224,3.734e-07,0.1049,0.00762,0.02058,0.1634,3.153e-05,1.709e-05,0.276
   59580,   59640,0.0049325,0.009223,0.02873,1.384e-24,2.292e-05,3.668e-05,0.0003633,5.166e-25,2.678e-05,0.001848,0.001227,3.756e-07,0.105,0.007639,0.02061,0.1636,3.165e-05,1.723e-05,0.276
   59640,   59700,0.0045517,0.009241,0.02878,1.433e-24,2.302e-05,3.681e-05,0.0003646,5.365e-25,2.699e-05,0.001854,0.00123,3.778e-07,0.1051,0.007658,0.02063,0.1638,3.178e-05,1.737e-05,0.276
   59700,   59760,0.0040575,0.009258,0.02882,1.482e-24,2.312e-05,3.693e-05,0.0003657,5.562e-25,2.719e-05,0.001859,0.001233,3.799e-07,0.1053,0.007676,0.02065,0.1639,3.189e-05,1.75e-05,0.276
   59760,   59820,0.0038095,0.009277,0.02887,1.536e-24,2.322e-05,3.706e-05,0.000367,5.781e-25,2.74e-05,0.001864,0.001237,3.821e-07,0.1054,0.007695,0.02067,0.1641,3.201e-05,1.764e-05,0.276
   59820,   59880,0.0035634,0.009295,0.02891,1.592e-24,2.333e-05,3.719e-05,0.0003682,6.011e-25,2.761e-05,0.00187,0.00124,3.842e-07,0.1055,0.007713,0.02069,0.1643,3.213e-05,1.778e-05,0.276
   59880,   59940,0.0033946,0.009311,0.02896,1.647e-24,2.342e-05,3.731e-05,0.0003693,6.237e-25,2.78e-05,0.001874,0.001243,3.863e-07,0.1057,0.00773,0.02071,0.1645,3.224e-05,1.791e-05,0.276
   59940,   60000,0.0033287,0.009329,0.029,1.709e-24,2.352e-05,3.743e-05,0.0003706,6.489e-25,2.801e-05,0.00188,0.001246,3.885e-07,0.1058,0.007749,0.02073,0.1647,3.236e-05,1.805e-05,0.276
   60000,   60060,0.0033184,0.009346,0.02904,1.773e-24,2.362e-05,3.756e-05,0.0003718,6.754e-25,2.822e-05,0.001885,0.001249,3.906e-07,0.1059,0.007767,0.02075,0.1649,3.248e-05,1.819e-05,0.276
   60060,   60120,0.0033735,0.009363,0.02908,1.836e-24,2.372e-05,3.767e-05,0.0003729,7.016e-25,2.841e-05,0.00189,0.001252,3.926e-07,0.106,0.007783,0.02077,0.1651,3.259e-05,1.832e-05,0.276
   60120,   60180,0.004095,0.00938,0.02913,1.906e-24,2.382e-05,3.779e-05,0.0003741,7.308e-25,2.862e-05,0.001895,0.001255,3.948e-07,0.1062,0.007801,0.02079,0.1652,3.27e-05,1.846e-05,0.276
   60180,   60240,0.0041318,0.009397,0.02917,1.98e-24,2.392e-05,3.792e-05,0.0003753,7.615e-25,2.883e-05,0.0019,0.001258,3.969e-07,0.1063,0.007819,0.02081,0.1654,3.282e-05,1.86e-05,0.276
   60240,   60300,0.003822,0.009412,0.02921,2.053e-24,2.401e-05,3.803e-05,0.0003764,7.919e-25,2.902e-05,0.001904,0.001261,3.989e-07,0.1064,0.007835,0.02083,0.1656,3.292e-05,1.873e-05,0.276
   60300,   60360,0.0035193,0.009429,0.02925,2.133e-24,2.411e-05,3.815e-05,0.0003775,8.256e-25,2.923e-05,0.001909,0.001264,4.01e-07,0.1065,0.007852,0.02085,0.1658,3.304e-05,1.887e-05,0.276
   60360,   60420,0.0036307,0.009445,0.02929,2.218e-24,2.421e-05,3.827e-05,0.0003787,8.613e-25,2.943e-05,0.001914,0.001267,4.032e-07,0.1066,0.007869,0.02087,0.1659,3.315e-05,1.9e-05,0.276
   60420,   60480,0.0045485,0.009461,0.02933,2.301e-24,2.43e-05,3.838e-05,0.0003798,8.966e-25,2.963e-05,0.001919,0.00127,4.051e-07,0.1068,0.007885,0.02089,0.1661,3.326e-05,1.913e-05,0.276
   60480,   60540,0.0049611,0.009477,0.02937,2.394e-24,2.439e-05,3.85e-05,0.0003809,9.361e-25,2.983e-05,0.001924,0.001273,4.072e-07,0.1069,0.007902,0.02091,0.1663,3.337e-05,1.927e-05,0.276
   60540,   60600,0.0061153,0.009493,0.02941,2.491e-24,2.449e-05,3.861e-05,0.000382,9.776e-25,3.004e-05,0.001929,0.001275,4.093e-07,0.107,0.007919,0.02093,0.1664,3.348e-05,1.941e-05,0.276
   60600,   60660,0.0067249,0.009508,0.02945,2.587e-24,2.458e-05,3.872e-05,0.0003831,1.019e-24,3.023e-05,0.001933,0.001278,4.113e-07,0.1071,0.007934,0.02094,0.1666,3.358e-05,1.954e-05,0.276
   60660,   60720,0.0069123,0.009523,0.02949,2.694e-24,2.467e-05,3.883e-05,0.0003842,1.065e-24,3.043e-05,0.001938,0.001281,4.133e-07,0.1072,0.007951,0.02096,0.1668,3.369e-05,1.967e-05,0.276
   60720,   60780,0.0058005,0.009539,0.02953,2.807e-24,2.477e-05,3.895e-05,0.0003853,1.113e-24,3.063e-05,0.001942,0.001284,4.154e-07,0.1073,0.007967,0.02098,0.1669,3.38e-05,1.981e-05,0.276
   60780,   60840,0.0049047,0.009553,0.02956,2.919e-24,2.486e-05,3.905e-05,0.0003864,1.162e-24,3.082e-05,0.001947,0.001286,4.173e-07,0.1074,0.007982,0.021,0.1671,3.39e-05,1.994e-05,0.276
   60840,   60900,0.0054584,0.009569,0.0296,3.043e-24,2.495e-05,3.917e-05,0.0003874,1.216e-24,3.102e-05,0.001951,0.001289,4.194e-07,0.1075,0.007998,0.02101,0.1672,3.401e-05,2.008e-05,0.276
   60900,   60960,0.0056746,0.009584,0.02964,3.174e-24,2.504e-05,3.928e-05,0.0003885,1.272e-24,3.121e-05,0.001956,0.001292,4.213e-07,0.1076,0.008014,0.02103,0.1674,3.411e-05,2.02e-05,0.276
   60960,   61020,0.007386,0.009592,0.02966,3.266e-24,2.51e-05,3.934e-05,0.0003892,1.314e-24,3.136e-05,0.001959,0.001294,4.228e-07,0.1077,0.008023,0.02104,0.1675,3.418e-05,2.03e-05,0.276
   61020,   61080,0.0064562,0.009607,0.0297,3.409e-24,2.519e-05,3.945e-05,0.0003903,1.376e-24,3.156e-05,0.001963,0.001296,4.248e-07,0.1078,0.008038,0.02106,0.1676,3.429e-05,2.044e-05,0.276
   61080,   61140,0.0053566,0.009622,0.02973,3.559e-24,2.528e-05,3.956e-05,0.0003913,1.442e-24,3.176e-05,0.001968,0.001299,4.268e-07,0.1079,0.008053,0.02108,0.1678,3.439e-05,2.057e-05,0.276
   61140,   61200,0.0058361,0.009635,0.02976,3.707e-24,2.537e-05,3.966e-05,0.0003923,1.508e-24,3.195e-05,0.001972,0.001301,4.286e-07,0.108,0.008068,0.02109,0.1679,3.449e-05,2.07e-05,0.276
   61200,   61260,0.0063033,0.00965,0.0298,3.873e-24,2.546e-05,3.977e-05,0.0003933,1.581e-24,3.214e-05,0.001976,0.001304,4.306e-07,0.1081,0.008083,0.02111,0.1681,3.459e-05,2.083e-05,0.276
   61260,   61320,0.0061775,0.009664,0.02983,4.047e-24,2.554e-05,3.988e-05,0.0003944,1.658e-24,3.234e-05,0.001981,0.001307,4.326e-07,0.1082,0.008098,0.02112,0.1682,3.469e-05,2.096e-05,0.276
   61320,   61380,0.0056179,0.009677,0.02987,4.22e-24,2.563e-05,3.998e-05,0.0003953,1.735e-24,3.252e-05,0.001985,0.001309,4.344e-07,0.1083,0.008112,0.02114,0.1683,3.479e-05,2.109e-05,0.276
   61380,   61440,0.0054126,0.009691,0.0299,4.413e-24,2.571e-05,4.008e-05,0.0003964,1.822e-24,3.272e-05,0.001989,0.001312,4.364e-07,0.1084,0.008126,0.02115,0.1685,3.489e-05,2.122e-05,0.276
   61440,   61500,0.0052259,0.009704,0.02994,4.617e-24,2.58e-05,4.018e-05,0.0003974,1.913e-24,3.291e-05,0.001993,0.001314,4.383e-07,0.1085,0.008141,0.02117,0.1686,3.499e-05,2.135e-05,0.276
   61500,   61560,0.0060207,0.009717,0.02997,4.819e-24,2.588e-05,4.028e-05,0.0003983,2.004e-24,3.31e-05,0.001997,0.001316,4.401e-07,0.1086,0.008154,0.02118,0.1687,3.508e-05,2.147e-05,0.276
   61560,   61620,0.0051621,0.009731,0.03,5.046e-24,2.597e-05,4.038e-05,0.0003993,2.106e-24,3.329e-05,0.002001,0.001319,4.421e-07,0.1087,0.008168,0.0212,0.1689,3.518e-05,2.16e-05,0.276
   61620,   61680,0.0047687,0.009744,0.03003,5.283e-24,2.605e-05,4.048e-05,0.0004003,2.213e-24,3.348e-05,0.002005,0.001321,4.44e-07,0.1088,0.008182,0.02121,0.169,3.528e-05,2.173e-05,0.276
   61680,   61740,0.0045253,0.009756,0.03006,5.52e-24,2.613e-05,4.058e-05,0.0004012,2.32e-24,3.366e-05,0.002009,0.001324,4.457e-07,0.1089,0.008196,0.02123,0.1691,3.537e-05,2.185e-05,0.276
   61740,   61800,0.0044994,0.009769,0.03009,5.785e-24,2.622e-05,4.068e-05,0.0004022,2.441e-24,3.385e-05,0.002013,0.001326,4.476e-07,0.1089,0.008209,0.02124,0.1693,3.546e-05,2.198e-05,0.276
   61800,   61860,0.0046284,0.009782,0.03013,6.064e-24,2.63e-05,4.078e-05,0.0004031,2.568e-24,3.404e-05,0.002017,0.001328,4.495e-07,0.109,0.008223,0.02125,0.1694,3.556e-05,2.211e-05,0.276
   61860,   61920,0.0053743,0.009794,0.03016,6.342e-24,2.638e-05,4.087e-05,0.000404,2.694e-24,3.422e-05,0.002021,0.001331,4.513e-07,0.1091,0.008236,0.02127,0.1695,3.565e-05,2.223e-05,0.276
   61920,   61980,0.0056733,0.009807,0.03019,6.652e-24,2.646e-05,4.097e-05,0.000405,2.836e-24,3.441e-05,0.002025,0.001333,4.531e-07,0.1092,0.008249,0.02128,0.1696,3.574e-05,2.236e-05,0.276
   61980,   62040,0.005313,0.009819,0.03022,6.977e-24,2.654e-05,4.106e-05,0.0004059,2.985e-24,3.459e-05,0.002029,0.001335,4.55e-07,0.1093,0.008262,0.02129,0.1698,3.583e-05,2.248e-05,0.276
   62040,   62100,0.0051963,0.009831,0.03024,7.301e-24,2.662e-05,4.115e-05,0.0004068,3.133e-24,3.477e-05,0.002032,0.001338,4.567e-07,0.1094,0.008275,0.02131,0.1699,3.592e-05,2.26e-05,0.276
   62100,   62160,0.005392,0.009843,0.03027,7.663e-24,2.67e-05,4.125e-05,0.0004077,3.299e-24,3.495e-05,0.002036,0.00134,4.585e-07,0.1095,0.008288,0.02132,0.17,3.601e-05,2.273e-05,0.276
   62160,   62220,0.0058359,0.009855,0.0303,8.044e-24,2.678e-05,4.134e-05,0.0004086,3.475e-24,3.514e-05,0.00204,0.001342,4.603e-07,0.1095,0.008301,0.02133,0.1701,3.61e-05,2.285e-05,0.276
   62220,   62280,0.0064301,0.009866,0.03033,8.421e-24,2.685e-05,4.143e-05,0.0004095,3.648e-24,3.531e-05,0.002044,0.001344,4.62e-07,0.1096,0.008313,0.02135,0.1702,3.619e-05,2.297e-05,0.276
   62280,   62340,0.0060402,0.009878,0.03036,8.838e-24,2.693e-05,4.152e-05,0.0004104,3.839e-24,3.549e-05,0.002047,0.001346,4.638e-07,0.1097,0.008325,0.02136,0.1703,3.628e-05,2.309e-05,0.276
   62340,   62400,0.0060656,0.00989,0.03039,9.274e-24,2.701e-05,4.161e-05,0.0004113,4.036e-24,3.567e-05,0.002051,0.001349,4.655e-07,0.1098,0.008338,0.02137,0.1705,3.637e-05,2.321e-05,0.276
   62400,   62460,0.0057165,0.009901,0.03041,9.696e-24,2.708e-05,4.17e-05,0.0004121,4.227e-24,3.583e-05,0.002054,0.001351,4.672e-07,0.1098,0.008349,0.02138,0.1706,3.645e-05,2.332e-05,0.276
   62460,   62520,0.0064109,0.009912,0.03044,1.018e-23,2.716e-05,4.178e-05,0.000413,4.465e-24,3.601e-05,0.002058,0.001353,4.689e-07,0.1099,0.008362,0.02139,0.1707,3.654e-05,2.344e-05,0.276
   62520,   62580,0.0064401,0.009924,0.03047,1.07e-23,2.723e-05,4.187e-05,0.0004138,4.725e-24,3.619e-05,0.002062,0.001355,4.706e-07,0.11,0.008374,0.02141,0.1708,3.662e-05,2.356e-05,0.276
   62580,   62640,0.0064821,0.009934,0.0305,1.124e-23,2.73e-05,4.196e-05,0.0004146,4.987e-24,3.636e-05,0.002065,0.001357,4.723e-07,0.1101,0.008385,0.02142,0.1709,3.67e-05,2.368e-05,0.276
   62640,   62700,0.0056763,0.009945,0.03052,1.187e-23,2.738e-05,4.204e-05,0.0004155,5.284e-24,3.654e-05,0.002068,0.001359,4.74e-07,0.1101,0.008397,0.02143,0.171,3.679e-05,2.38e-05,0.276
   62700,   62760,0.005795,0.009956,0.03055,1.254e-23,2.745e-05,4.213e-05,0.0004163,5.584e-24,3.672e-05,0.002072,0.001361,4.757e-07,0.1102,0.008409,0.02144,0.1711,3.687e-05,2.392e-05,0.276
   62760,   62820,0.0061724,0.009966,0.03057,1.322e-23,2.752e-05,4.221e-05,0.0004171,5.91e-24,3.688e-05,0.002075,0.001363,4.773e-07,0.1103,0.00842,0.02145,0.1712,3.695e-05,2.404e-05,0.276
   62820,   62880,0.0062803,0.009977,0.0306,1.387e-23,2.76e-05,4.23e-05,0.000418,6.199e-24,3.707e-05,0.002079,0.001365,4.791e-07,0.1104,0.008431,0.02146,0.1713,3.704e-05,2.416e-05,0.276
   62880,   62940,0.0065931,0.009988,0.03062,1.464e-23,2.767e-05,4.238e-05,0.0004188,6.566e-24,3.724e-05,0.002082,0.001367,4.807e-07,0.1104,0.008443,0.02147,0.1714,3.712e-05,2.428e-05,0.276
   62940,   63000,0.0068751,0.009997,0.03065,1.528e-23,2.774e-05,4.246e-05,0.0004196,6.867e-24,3.743e-05,0.002085,0.001369,4.824e-07,0.1105,0.008453,0.02148,0.1715,3.72e-05,2.441e-05,0.276
   63000,   63060,0.007521,0.01001,0.03067,1.622e-23,2.781e-05,4.254e-05,0.0004204,7.324e-24,3.758e-05,0.002088,0.001371,4.839e-07,0.1106,0.008464,0.02149,0.1716,3.728e-05,2.451e-05,0.276
   63060,   63120,0.0078735,0.01002,0.0307,1.697e-23,2.788e-05,4.262e-05,0.0004212,7.651e-24,3.779e-05,0.002092,0.001373,4.858e-07,0.1106,0.008475,0.0215,0.1717,3.736e-05,2.465e-05,0.276
   63120,   63180,0.0071419,0.01003,0.03072,1.773e-23,2.795e-05,4.27e-05,0.0004219,8.046e-24,3.793e-05,0.002095,0.001375,4.872e-07,0.1107,0.008486,0.02151,0.1718,3.743e-05,2.474e-05,0.276
   63180,   63240,0.0074453,0.01004,0.03074,1.881e-23,2.802e-05,4.278e-05,0.0004227,8.523e-24,3.811e-05,0.002098,0.001376,4.889e-07,0.1108,0.008496,0.02152,0.1719,3.751e-05,2.487e-05,0.276
   63240,   63300,0.0073972,0.01005,0.03077,1.958e-23,2.808e-05,4.286e-05,0.0004235,8.905e-24,3.824e-05,0.002101,0.001378,4.904e-07,0.1108,0.008507,0.02153,0.172,3.759e-05,2.496e-05,0.276
   63300,   63360,0.0065613,0.01006,0.03079,2.082e-23,2.815e-05,4.294e-05,0.0004242,9.496e-24,3.846e-05,0.002104,0.00138,4.922e-07,0.1109,0.008517,0.02154,0.1721,3.767e-05,2.511e-05,0.276
   63360,   63420,0.0062907,0.01007,0.03081,2.167e-23,2.822e-05,4.301e-05,0.000425,9.894e-24,3.86e-05,0.002107,0.001382,4.936e-07,0.1109,0.008527,0.02155,0.1722,3.774e-05,2.52e-05,0.276
   63420,   63480,0.0064544,0.01008,0.03083,2.289e-23,2.829e-05,4.309e-05,0.0004257,1.054e-23,3.877e-05,0.00211,0.001384,4.953e-07,0.111,0.008538,0.02156,0.1722,3.782e-05,2.532e-05,0.276
