CampaignData_and_Merges/R0/CSL_MobileLab_Parked/raw/20240808/USOS-NOAAIodideCIMS-OrgNitrs_MobileLabGround_20240808_RA.ict
37, 1001
Michael A Robinson, Chris Jernigan, Subi Thakali
NOAA ESRL Chemical Sciences Laboratory and CIRES, U. of Colorado
NOAA Iodide CIMS Instrument
USOS
1, 1
2024, 08, 08, 2024, 08, 09
1
starttime_UTC, seconds_past_midnight, seconds_of_day_since_00:00:00_UTC
5
1, 1, 1, 1, 1
-9999, -9999, -9999, -9999, -9999
C4H7NO5_NOAACIMS, pptv, Gas_C4H7NO5_InSitu_S_AVMR, 
ISOPN_NOAACIMS, pptv, Gas_ISOPN_InSitu_S_AVMR, 
C5H10O3_NOAACIMS, pptv, Gas_C5H10O3_InSitu_S_AVMR, 
C5H9NO5_NOAACIMS, pptv, Gas_C5H9NO5_InSitu_S_AVMR, 
C10H17NO4_NOAACIMS, pptv, Gas_C10H17NO4_InSitu_S_AVMR, 
0
18
PI_CONTACT_INFO: 325 Broadway, R/CSD 7, Boulder, Colorado 80305; michael.a.robinson@noaa.gov; chris.jernigan@noaa.gov;
PLATFORM: NOAA CSL Mobile Lab
LOCATION: SLC, Utah
ASSOCIATED_DATA: 1Hz data also available on request.
INSTRUMENT_INFO: NOAA I- ToF CIMS
DATA_INFO: All data in parts per trillion by volume (pptv). 1 Hz data is available upon request.
UNCERTAINTY: TBD
ULOD_FLAG: -7777
ULOD_VALUE: N/A
LLOD_FLAG: -8888
LLOD_VALUE: N/A
DM_CONTACT_INFO: Nathan Howard; nathan.h.howard@noaa.gov
PROJECT_INFO: USOS, summer 2024. https://csl.noaa.gov/groups/csl7/measurements/2024usos/
STIPULATIONS_ON_USE: Users are strongly encouraged to contact the PI for proper data usage.
OTHER_COMMENTS: 
REVISION: RA
RA: Preliminary Data; For in-field use only
starttime_UTC, C4H7NO5_NOAACIMS, ISOPN_NOAACIMS, C5H10O3_NOAACIMS, C5H9NO5_NOAACIMS, C10H17NO4_NOAACIMS
     0,  2.062,  9.661, 27.523,  3.352,  0.061
    60,  2.082, 10.250, 25.998,  3.459,  0.081
   120,  2.128,  9.330, 25.815,  3.450,  0.088
   180,  2.120,  8.943, 27.151,  3.469,  0.070
   240,  2.112,  8.289, 28.013,  3.495,  0.056
   300,  2.085,  8.998, 27.361,  3.467,  0.074
   360,  2.126,  9.442, 27.946,  3.539,  0.038
   420,  2.191,  9.778, 29.333,  3.675,  0.047
   480,  2.182, 10.701, 29.170,  3.734,  0.018
   540,  2.192, 10.408, 27.654,  3.584,  0.049
   600,  2.246, 10.862, 29.445,  3.594,  0.032
   660,  2.257, 10.281, 28.179,  3.652,  0.053
   720,  2.194,  7.800, 22.842,  3.638,  0.049
   780,  2.039,  5.965, 20.484,  3.776,  0.050
   840,  2.177,  7.438, 20.613,  3.579,  0.053
   900,  2.256,  8.573, 21.827,  3.643,  0.023
   960,  2.326, 10.322, 25.766,  3.800,  0.061
  1020,  2.345, 11.330, 29.594,  3.901,  0.049
  1080,  2.313, 11.664, 30.367,  3.628,  0.047
  1140,  2.465, 12.425, 31.383,  3.809,  0.081
  1200,  2.393, 12.380, 31.602,  3.596,  0.103
  1260,  2.438, 11.972, 31.717,  3.581,  0.078
  1320,  2.403, 12.022, 32.343,  3.827,  0.075
  1380,  2.278, 10.609, 31.064,  3.719,  0.090
  1440,  2.358, 11.221, 31.803,  3.958,  0.068
  1500,  2.312, 11.365, 31.200,  3.845,  0.096
  1560,  2.331, 10.932, 31.946,  3.775,  0.044
  1620,  2.309, 11.124, 32.638,  3.679,  0.101
  1680, -9999.000, -9999.000, -9999.000, -9999.000, -9999.000
  1740,  2.307, 11.093, 29.712,  4.006,  0.051
  1800,  2.368, 11.893, 30.367,  4.046,  0.063
  1860,  2.369, 12.589, 31.956,  4.016,  0.087
  1920,  2.359, 11.603, 32.172,  4.194,  0.099
  1980,  2.348, 12.352, 33.526,  3.896,  0.090
  2040,  2.392, 12.441, 31.860,  3.886,  0.064
  2100,  2.429, 12.634, 33.387,  3.944,  0.164
  2160,  2.461, 12.453, 30.337,  3.846,  0.053
  2220,  2.358, 11.945, 30.742,  3.947,  0.059
  2280,  2.415, 11.666, 29.109,  3.895,  0.117
  2340,  2.361, 11.417, 29.626,  3.843,  0.085
  2400,  2.324, 11.184, 28.359,  3.725,  0.055
  2460,  2.322, 11.598, 29.138,  3.900,  0.106
  2520,  2.326, 11.341, 29.614,  3.872,  0.149
  2580,  2.231, 11.070, 27.961,  3.746,  0.079
  2640,  2.165, 10.597, 29.090,  3.860,  0.044
  2700,  2.186, 10.412, 28.180,  3.667,  0.048
  2760,  2.180, 10.749, 28.446,  3.945,  0.071
  2820, -9999.000, -9999.000, -9999.000, -9999.000, -9999.000
  2880, -9999.000, -9999.000, -9999.000, -9999.000, -9999.000
  2940, -9999.000, -9999.000, -9999.000, -9999.000, -9999.000
  3000, -9999.000, -9999.000, -9999.000, -9999.000, -9999.000
  3060, -9999.000, -9999.000, -9999.000, -9999.000, -9999.000
  3120, -9999.000, -9999.000, -9999.000, -9999.000, -9999.000
  3180, -9999.000, -9999.000, -9999.000, -9999.000, -9999.000
  3240, -9999.000, -9999.000, -9999.000, -9999.000, -9999.000
  3300, -9999.000, -9999.000, -9999.000, -9999.000, -9999.000
  3360, -9999.000, -9999.000, -9999.000, -9999.000, -9999.000
  3420, -9999.000, -9999.000, -9999.000, -9999.000, -9999.000
  3480, -9999.000, -9999.000, -9999.000, -9999.000, -9999.000
  3540, -9999.000, -9999.000, -9999.000, -9999.000, -9999.000
  3600, -9999.000, -9999.000, -9999.000, -9999.000, -9999.000
  3660, -9999.000, -9999.000, -9999.000, -9999.000, -9999.000
  3720, -9999.000, -9999.000, -9999.000, -9999.000, -9999.000
  3780, -9999.000, -9999.000, -9999.000, -9999.000, -9999.000
  3840, -9999.000, -9999.000, -9999.000, -9999.000, -9999.000
  3900, -9999.000, -9999.000, -9999.000, -9999.000, -9999.000
  3960, -9999.000, -9999.000, -9999.000, -9999.000, -9999.000
  4020, -9999.000, -9999.000, -9999.000, -9999.000, -9999.000
  4080, -9999.000, -9999.000, -9999.000, -9999.000, -9999.000
  4140, -9999.000, -9999.000, -9999.000, -9999.000, -9999.000
  4200, -9999.000, -9999.000, -9999.000, -9999.000, -9999.000
  4260, -9999.000, -9999.000, -9999.000, -9999.000, -9999.000
  4320, -9999.000, -9999.000, -9999.000, -9999.000, -9999.000
  4380, -9999.000, -9999.000, -9999.000, -9999.000, -9999.000
  4440, -9999.000, -9999.000, -9999.000, -9999.000, -9999.000
  4500, -9999.000, -9999.000, -9999.000, -9999.000, -9999.000
  4560, -9999.000, -9999.000, -9999.000, -9999.000, -9999.000
  4620, -9999.000, -9999.000, -9999.000, -9999.000, -9999.000
  4680, -9999.000, -9999.000, -9999.000, -9999.000, -9999.000
  4740, -9999.000, -9999.000, -9999.000, -9999.000, -9999.000
  4800, -9999.000, -9999.000, -9999.000, -9999.000, -9999.000
  4860, -9999.000, -9999.000, -9999.000, -9999.000, -9999.000
  4920, -9999.000, -9999.000, -9999.000, -9999.000, -9999.000
  4980, -9999.000, -9999.000, -9999.000, -9999.000, -9999.000
  5040, -9999.000, -9999.000, -9999.000, -9999.000, -9999.000
  5100, -9999.000, -9999.000, -9999.000, -9999.000, -9999.000
  5160, -9999.000, -9999.000, -9999.000, -9999.000, -9999.000
  5220, -9999.000, -9999.000, -9999.000, -9999.000, -9999.000
  5280, -9999.000, -9999.000, -9999.000, -9999.000, -9999.000
  5340, -9999.000, -9999.000, -9999.000, -9999.000, -9999.000
  5400, -9999.000, -9999.000, -9999.000, -9999.000, -9999.000
  5460, -9999.000, -9999.000, -9999.000, -9999.000, -9999.000
  5520, -9999.000, -9999.000, -9999.000, -9999.000, -9999.000
  5580, -9999.000, -9999.000, -9999.000, -9999.000, -9999.000
  5640, -9999.000, -9999.000, -9999.000, -9999.000, -9999.000
  5700, -9999.000, -9999.000, -9999.000, -9999.000, -9999.000
  5760, -9999.000, -9999.000, -9999.000, -9999.000, -9999.000
  5820, -9999.000, -9999.000, -9999.000, -9999.000, -9999.000
  5880, -9999.000, -9999.000, -9999.000, -9999.000, -9999.000
  5940, -9999.000, -9999.000, -9999.000, -9999.000, -9999.000
  6000, -9999.000, -9999.000, -9999.000, -9999.000, -9999.000
  6060, -9999.000, -9999.000, -9999.000, -9999.000, -9999.000
  6120, -9999.000, -9999.000, -9999.000, -9999.000, -9999.000
  6180, -9999.000, -9999.000, -9999.000, -9999.000, -9999.000
  6240, -9999.000, -9999.000, -9999.000, -9999.000, -9999.000
  6300, -9999.000, -9999.000, -9999.000, -9999.000, -9999.000
  6360, -9999.000, -9999.000, -9999.000, -9999.000, -9999.000
  6420, -9999.000, -9999.000, -9999.000, -9999.000, -9999.000
  6480, -9999.000, -9999.000, -9999.000, -9999.000, -9999.000
  6540, -9999.000, -9999.000, -9999.000, -9999.000, -9999.000
  6600, -9999.000, -9999.000, -9999.000, -9999.000, -9999.000
  6660, -9999.000, -9999.000, -9999.000, -9999.000, -9999.000
  6720, -9999.000, -9999.000, -9999.000, -9999.000, -9999.000
  6780, -9999.000, -9999.000, -9999.000, -9999.000, -9999.000
  6840, -9999.000, -9999.000, -9999.000, -9999.000, -9999.000
  6900, -9999.000, -9999.000, -9999.000, -9999.000, -9999.000
  6960, -9999.000, -9999.000, -9999.000, -9999.000, -9999.000
  7020, -9999.000, -9999.000, -9999.000, -9999.000, -9999.000
  7080, -9999.000, -9999.000, -9999.000, -9999.000, -9999.000
  7140, -9999.000, -9999.000, -9999.000, -9999.000, -9999.000
  7200, -9999.000, -9999.000, -9999.000, -9999.000, -9999.000
  7260, -9999.000, -9999.000, -9999.000, -9999.000, -9999.000
  7320, -9999.000, -9999.000, -9999.000, -9999.000, -9999.000
  7380, -9999.000, -9999.000, -9999.000, -9999.000, -9999.000
  7440, -9999.000, -9999.000, -9999.000, -9999.000, -9999.000
  7500, -9999.000, -9999.000, -9999.000, -9999.000, -9999.000
  7560, -9999.000, -9999.000, -9999.000, -9999.000, -9999.000
  7620, -9999.000, -9999.000, -9999.000, -9999.000, -9999.000
  7680, -9999.000, -9999.000, -9999.000, -9999.000, -9999.000
  7740, -9999.000, -9999.000, -9999.000, -9999.000, -9999.000
  7800, -9999.000, -9999.000, -9999.000, -9999.000, -9999.000
  7860, -9999.000, -9999.000, -9999.000, -9999.000, -9999.000
  7920, -9999.000, -9999.000, -9999.000, -9999.000, -9999.000
  7980, -9999.000, -9999.000, -9999.000, -9999.000, -9999.000
  8040, -9999.000, -9999.000, -9999.000, -9999.000, -9999.000
  8100, -9999.000, -9999.000, -9999.000, -9999.000, -9999.000
  8160, -9999.000, -9999.000, -9999.000, -9999.000, -9999.000
  8220, -9999.000, -9999.000, -9999.000, -9999.000, -9999.000
  8280, -9999.000, -9999.000, -9999.000, -9999.000, -9999.000
  8340, -9999.000, -9999.000, -9999.000, -9999.000, -9999.000
  8400, -9999.000, -9999.000, -9999.000, -9999.000, -9999.000
  8460, -9999.000, -9999.000, -9999.000, -9999.000, -9999.000
  8520, -9999.000, -9999.000, -9999.000, -9999.000, -9999.000
  8580, -9999.000, -9999.000, -9999.000, -9999.000, -9999.000
  8640, -9999.000, -9999.000, -9999.000, -9999.000, -9999.000
  8700, -9999.000, -9999.000, -9999.000, -9999.000, -9999.000
  8760, -9999.000, -9999.000, -9999.000, -9999.000, -9999.000
  8820, -9999.000, -9999.000, -9999.000, -9999.000, -9999.000
  8880, -9999.000, -9999.000, -9999.000, -9999.000, -9999.000
  8940, -9999.000, -9999.000, -9999.000, -9999.000, -9999.000
  9000, -9999.000, -9999.000, -9999.000, -9999.000, -9999.000
  9060, -9999.000, -9999.000, -9999.000, -9999.000, -9999.000
  9120, -9999.000, -9999.000, -9999.000, -9999.000, -9999.000
  9180, -9999.000, -9999.000, -9999.000, -9999.000, -9999.000
  9240, -9999.000, -9999.000, -9999.000, -9999.000, -9999.000
  9300, -9999.000, -9999.000, -9999.000, -9999.000, -9999.000
  9360, -9999.000, -9999.000, -9999.000, -9999.000, -9999.000
  9420, -9999.000, -9999.000, -9999.000, -9999.000, -9999.000
  9480, -9999.000, -9999.000, -9999.000, -9999.000, -9999.000
  9540, -9999.000, -9999.000, -9999.000, -9999.000, -9999.000
  9600, -9999.000, -9999.000, -9999.000, -9999.000, -9999.000
  9660, -9999.000, -9999.000, -9999.000, -9999.000, -9999.000
  9720, -9999.000, -9999.000, -9999.000, -9999.000, -9999.000
  9780, -9999.000, -9999.000, -9999.000, -9999.000, -9999.000
  9840, -9999.000, -9999.000, -9999.000, -9999.000, -9999.000
  9900, -9999.000, -9999.000, -9999.000, -9999.000, -9999.000
  9960,  1.865, 15.520, 76.096,  6.179,  0.467
 10020,  1.898, 16.278, 78.782,  6.342,  0.577
 10080,  1.930, 16.579, 78.856,  6.589,  0.586
 10140,  1.891, 15.088, 77.100,  6.563,  0.495
 10200,  1.911, 15.955, 76.174,  6.593,  0.541
 10260,  1.944, 16.837, 74.178,  6.554,  0.593
 10320,  1.979, 16.935, 74.619,  6.313,  0.614
 10380,  1.949, 16.494, 74.666,  6.505,  0.724
 10440,  1.890, 15.435, 73.675,  6.532,  0.660
 10500,  1.868, 14.999, 71.668,  6.555,  0.585
 10560,  1.871, 15.283, 72.612,  6.460,  0.595
 10620,  1.884, 13.777, 70.190,  6.511,  0.515
 10680,  1.856, 14.487, 70.809,  6.569,  0.567
 10740,  1.891, 14.423, 69.104,  6.370,  0.605
 10800,  1.860, 14.202, 67.824,  6.529,  0.678
 10860,  1.785, 13.191, 66.893,  6.262,  0.671
 10920, -9999.000, -9999.000, -9999.000, -9999.000, -9999.000
 10980,  1.712, 13.933, 58.328,  6.100,  0.615
 11040,  1.805, 13.558, 60.015,  6.042,  0.673
 11100,  1.796, 12.853, 59.816,  6.238,  0.742
 11160,  1.772, 12.650, 57.635,  5.998,  0.686
 11220,  1.772, 12.423, 58.947,  5.834,  0.690
 11280,  1.763, 12.069, 56.902,  5.711,  0.683
 11340,  1.710, 11.983, 56.519,  5.758,  0.654
 11400,  1.729, 11.490, 55.911,  5.375,  0.669
 11460,  1.683, 11.015, 55.255,  5.315,  0.694
 11520,  1.725, 10.822, 53.588,  5.382,  0.720
 11580,  1.702, 10.540, 53.455,  5.245,  0.676
 11640,  1.676,  9.740, 50.557,  5.241,  0.652
 11700,  1.689,  9.557, 49.277,  5.148,  0.668
 11760,  1.675,  9.499, 49.984,  5.120,  0.646
 11820,  1.643,  8.904, 48.631,  5.077,  0.703
 11880,  1.614,  8.843, 47.378,  5.161,  0.720
 11940,  1.641,  9.089, 47.432,  5.025,  0.682
 12000,  1.629,  9.643, 46.180,  4.771,  0.664
 12060,  1.657,  9.723, 46.668,  4.852,  0.648
 12120,  1.652,  9.985, 43.922,  4.720,  0.661
 12180,  1.678,  9.255, 45.259,  4.924,  0.647
 12240,  1.663,  9.106, 44.277,  4.834,  0.631
 12300,  1.665,  8.497, 44.656,  5.012,  0.682
 12360,  1.632,  8.544, 42.430,  5.075,  0.686
 12420,  1.667,  8.366, 45.365,  5.229,  0.630
 12480,  1.648,  8.312, 44.207,  5.142,  0.566
 12540,  1.610,  7.711, 42.850,  5.013,  0.665
 12600,  1.637,  8.181, 44.902,  5.201,  0.706
 12660,  1.650,  8.026, 44.603,  5.091,  0.576
 12720,  1.618,  7.800, 44.581,  5.168,  0.583
 12780,  1.482,  7.537, 39.280,  4.919,  0.366
 12840,  1.593,  7.532, 42.993,  5.173,  0.524
 12900,  1.630,  7.836, 44.768,  5.047,  0.728
 12960,  1.571,  7.716, 43.608,  5.082,  0.601
 13020,  1.582,  7.907, 44.224,  5.240,  0.679
 13080,  1.620,  7.474, 42.435,  5.140,  0.707
 13140,  1.604,  7.377, 43.302,  5.262,  0.616
 13200,  1.566,  7.701, 41.597,  5.069,  0.709
 13260,  1.567,  7.530, 40.987,  5.174,  0.719
 13320,  1.600,  7.632, 40.215,  5.404,  0.625
 13380,  1.600,  7.222, 40.635,  5.141,  0.643
 13440,  1.610,  7.187, 41.106,  5.417,  0.763
 13500,  1.595,  7.385, 39.781,  5.182,  0.656
 13560,  1.643,  7.288, 39.821,  5.271,  0.685
 13620,  1.582,  7.459, 40.366,  5.312,  0.679
 13680,  1.585,  7.179, 40.342,  5.492,  0.655
 13740,  1.566,  7.277, 39.885,  5.640,  0.690
 13800,  1.578,  7.181, 39.581,  5.605,  0.702
 13860,  1.577,  7.201, 39.983,  5.344,  0.672
 13920,  1.631,  7.786, 39.760,  5.330,  0.670
 13980,  1.594,  7.408, 39.466,  5.396,  0.730
 14040,  1.619,  6.836, 37.265,  5.311,  0.640
 14100,  1.550,  6.803, 37.055,  5.318,  0.660
 14160,  1.552,  6.889, 38.779,  5.276,  0.665
 14220,  1.575,  7.511, 36.019,  5.139,  0.633
 14280,  1.584,  7.463, 37.020,  4.919,  0.618
 14340,  1.601,  7.440, 35.142,  5.142,  0.635
 14400,  1.533,  6.392, 34.831,  5.037,  0.698
 14460,  1.567,  6.542, 34.256,  5.032,  0.654
 14520,  1.619,  6.557, 36.824,  5.239,  0.707
 14580,  1.621,  6.231, 36.730,  4.577,  0.602
 14640,  1.369,  5.707, 29.107,  4.798,  0.497
 14700,  1.435,  5.697, 31.387,  4.720,  0.596
 14760,  1.561,  5.946, 31.764,  4.862,  0.686
 14820,  1.480,  5.943, 31.764,  4.867,  0.647
 14880,  1.506,  5.640, 33.184,  4.905,  0.602
 14940,  1.481,  5.507, 32.048,  4.815,  0.677
 15000,  1.505,  5.989, 32.209,  4.855,  0.601
 15060,  1.502,  5.649, 31.669,  4.700,  0.648
 15120,  1.503,  5.554, 31.269,  4.750,  0.641
 15180,  1.545,  5.708, 31.703,  4.580,  0.622
 15240,  1.491,  5.436, 30.824,  4.669,  0.678
 15300,  1.485,  5.840, 31.856,  4.851,  0.651
 15360,  1.513,  5.335, 30.853,  4.710,  0.607
 15420,  1.540,  5.581, 30.115,  5.036,  0.662
 15480,  1.519,  5.141, 30.977,  4.933,  0.757
 15540,  1.491,  5.272, 29.417,  4.919,  0.745
 15600,  1.482,  5.456, 29.087,  4.626,  0.692
 15660,  1.495,  4.928, 27.852,  4.586,  0.595
 15720,  1.500,  4.907, 28.529,  4.734,  0.642
 15780,  1.525,  5.082, 27.909,  4.808,  0.705
 15840,  1.515,  5.127, 27.608,  4.594,  0.650
 15900,  1.512,  4.648, 27.177,  4.719,  0.670
 15960,  1.533,  4.581, 26.179,  4.855,  0.654
 16020,  1.476,  4.429, 26.520,  4.843,  0.627
 16080,  1.490,  4.567, 26.824,  4.694,  0.636
 16140,  1.557,  4.386, 25.412,  4.772,  0.643
 16200,  1.505,  4.291, 26.276,  4.925,  0.702
 16260,  1.521,  4.146, 25.396,  4.706,  0.635
 16320,  1.538,  3.870, 25.219,  4.830,  0.636
 16380,  1.461,  4.017, 24.491,  4.996,  0.744
 16440,  1.479,  3.588, 24.530,  4.740,  0.589
 16500,  1.455,  3.796, 22.695,  4.585,  0.498
 16560,  1.534,  3.907, 23.143,  4.563,  0.635
 16620,  1.550,  4.350, 24.091,  4.850,  0.611
 16680,  1.528,  4.159, 25.339,  4.859,  0.523
 16740,  1.494,  4.058, 24.970,  5.031,  0.537
 16800,  1.542,  4.202, 24.788,  4.831,  0.482
 16860,  1.497,  4.185, 24.191,  4.736,  0.445
 16920,  1.461,  4.143, 24.174,  4.790,  0.561
 16980,  1.513,  4.103, 23.735,  4.779,  0.609
 17040,  1.581,  4.334, 25.185,  5.129,  0.584
 17100,  1.528,  4.176, 25.012,  4.799,  0.581
 17160,  1.564,  4.579, 24.674,  5.097,  0.559
 17220,  1.540,  4.570, 24.678,  5.072,  0.565
 17280,  1.550,  4.952, 27.086,  5.205,  0.649
 17340,  1.531,  5.148, 25.843,  4.731,  0.660
 17400,  1.557,  4.943, 27.289,  5.467,  0.597
 17460,  1.563,  5.325, 28.518,  5.532,  0.662
 17520,  1.558,  5.016, 27.429,  5.922,  0.698
 17580,  1.640,  5.225, 30.019,  5.861,  0.769
 17640,  1.584,  5.183, 28.200,  5.728,  0.700
 17700,  1.569,  5.403, 30.022,  5.892,  0.769
 17760,  1.572,  5.385, 29.886,  5.640,  0.749
 17820,  1.576,  5.561, 29.343,  5.881,  0.739
 17880,  1.562,  5.431, 29.943,  6.081,  0.703
 17940,  1.572,  5.459, 30.334,  6.102,  0.817
 18000,  1.603,  5.536, 31.250,  5.899,  0.799
