CampaignData_and_Merges/R0/CSL_MobileLab_Parked/raw/20240808/USOS-NOAAIodideCIMS-PANs_MobileLabGround_20240808_RA.ict
35, 1001
Michael A Robinson, Chris Jernigan, Subi Thakali
NOAA ESRL Chemical Sciences Laboratory and CIRES, U. of Colorado
NOAA Iodide CIMS Instrument
USOS
1, 1
2024, 08, 08, 2024, 08, 09
1
starttime_UTC, seconds_past_midnight, seconds_of_day_since_00:00:00_UTC
3
1, 1, 1
-9999, -9999, -9999
PAN_NOAACIMS, pptv, Gas_PAN_InSitu_S_AVMR, 
APAN_NOAACIMS, pptv, Gas_APAN_InSitu_S_AVMR, 
PPN_NOAACIMS, pptv, Gas_PPN_InSitu_S_AVMR, 
0
18
PI_CONTACT_INFO: 325 Broadway, R/CSD 7, Boulder, Colorado 80305; michael.a.robinson@noaa.gov; chris.jernigan@noaa.gov;
PLATFORM: NOAA CSL Mobile Lab
LOCATION: SLC, Utah
ASSOCIATED_DATA: 1Hz data also available on request.
INSTRUMENT_INFO: NOAA I- ToF CIMS
DATA_INFO: All data in parts per trillion by volume (pptv). 1 Hz data is available upon request.
UNCERTAINTY: TBD
ULOD_FLAG: -7777
ULOD_VALUE: N/A
LLOD_FLAG: -8888
LLOD_VALUE: N/A
DM_CONTACT_INFO: Nathan Howard; nathan.h.howard@noaa.gov
PROJECT_INFO: USOS, summer 2024. https://csl.noaa.gov/groups/csl7/measurements/2024usos/
STIPULATIONS_ON_USE: Users are strongly encouraged to contact the PI for proper data usage.
OTHER_COMMENTS: 
REVISION: RA
RA: Preliminary Data; For in-field use only
starttime_UTC, PAN_NOAACIMS, APAN_NOAACIMS, PPN_NOAACIMS
[from data line 1292]
 77520, 787.384,  3.432, 95.327
 77580, 808.451,  4.858, 99.781
 77640, 827.063,  3.662, 100.560
 77700, 811.751,  3.966, 99.407
 77760, 818.656,  4.308, 100.000
 77820, 825.147,  5.693, 102.099
 77880, 777.920,  4.894, 93.909
 77940, 808.950,  3.857, 101.267
 78000, 816.956,  5.355, 99.417
 78060, 771.014,  2.826, 97.021
 78120, 770.238,  4.885, 98.507
 78180, 814.435,  4.385, 106.313
 78240, 750.023,  4.056, 93.041
 78300, 740.940,  3.272, 91.524
 78360, 751.829,  3.940, 100.203
 78420, 691.970,  3.850, 86.438
 78480, 642.126,  3.817, 81.485
 78540, 672.628,  5.716, 84.682
 78600, 693.086,  3.691, 92.723
 78660, 665.855,  3.417, 84.938
 78720, 663.983,  3.097, 85.134
 78780, 672.883,  4.080, 86.529
 78840, 649.391,  6.362, 84.021
 78900, 607.528,  3.485, 77.745
 78960, 600.061,  3.108, 77.530
 79020, 615.053,  4.036, 77.461
 79080, 580.740,  4.102, 71.201
 79140, 594.349,  3.920, 76.486
 79200, 596.034,  2.824, 74.084
 79260, 596.157,  2.571, 70.859
 79320, 565.444,  2.344, 67.185
 79380, 567.051,  1.834, 72.881
 79440, 554.533,  4.150, 64.353
 79500, 555.589,  2.986, 66.530
 79560, 579.357,  3.675, 68.741
 79620, 582.407,  2.995, 69.551
 79680, 575.393,  3.490, 68.433
 79740, 561.478,  3.101, 66.744
 79800, 574.242,  2.904, 69.788
 79860, 527.619,  3.017, 65.530
 79920, 521.372,  3.670, 64.463
 79980, 508.257,  3.564, 66.141
 80040, 514.243,  1.602, 63.596
 80100, 441.716,  2.063, 50.370
 80160, 434.244,  4.924, 49.799
 80220, 428.752,  2.572, 55.156
 80280, 421.863,  2.206, 48.575
 80340, 432.925,  2.288, 54.420
 80400, 430.279,  2.488, 53.200
 80460, 411.796,  3.976, 38.218
 80520, 418.864,  1.750, 48.528
 80580, 437.932,  3.025, 50.533
 80640, 469.791,  2.483, 59.835
 80700, 461.838,  3.391, 61.539
 80760, 440.839,  3.235, 58.735
 80820, 440.751,  3.380, 53.510
 80880, 439.229,  4.719, 51.831
 80940, 434.338,  1.617, 57.221
 81000, 440.248,  3.481, 55.714
 81060, 455.962,  4.343, 58.230
 81120, 449.831,  3.823, 57.935
 81180, 465.293,  4.466, 57.245
 81240, 471.339,  2.912, 61.026
 81300, 468.876,  3.664, 60.290
 81360, 443.344,  2.812, 57.397
 81420, 426.228,  2.874, 50.016
 81480, 446.617,  3.765, 59.765
 81540, 457.239,  3.503, 62.551
 81600, 450.019,  4.331, 65.225
 81660, 435.127,  3.302, 58.456
 81720, 456.833,  4.860, 63.277
 81780, 454.824,  3.771, 65.520
 81840, 452.059,  4.173, 68.258
 81900, 444.727,  2.005, 66.835
 81960, 446.015,  3.909, 63.285
 82020, 396.428,  3.590, 52.977
 82080, 393.333,  2.700, 53.976
 82140, 393.763,  3.309, 55.418
 82200, 401.957,  3.427, 55.526
 82260, 389.481,  3.730, 59.961
 82320, 383.003,  3.488, 51.025
 82380, 392.071,  3.838, 52.626
 82440, 395.829,  2.795, 55.862
 82500, 379.919,  3.613, 49.290
 82560, 374.627,  2.559, 47.321
 82620, 375.997,  3.925, 49.819
 82680, 365.583,  4.788, 52.671
 82740, 365.588,  2.406, 47.190
 82800, 361.925,  3.529, 44.934
 82860, 367.545,  4.069, 44.199
 82920, 367.283,  2.931, 47.080
 82980, 344.359,  3.019, 42.262
 83040, 352.208,  2.702, 44.048
 83100, 357.555,  3.316, 47.343
 83160, 341.827,  4.065, 44.159
 83220, 293.214,  1.485, 40.617
 83280, 297.464,  2.315, 41.862
 83340, 298.690,  3.076, 43.978
 83400, 282.931,  2.951, 41.277
 83460, 276.270,  2.934, 39.516
 83520, 263.986,  1.537, 38.374
 83580, 270.801,  2.480, 40.351
 83640, 269.495,  2.485, 38.921
 83700, 272.328,  1.450, 40.084
 83760, 274.392,  2.454, 43.206
 83820, 279.969,  2.661, 39.061
 83880, 272.214,  1.789, 41.438
 83940, 276.221,  3.062, 41.179
 84000, 324.656,  1.619, 50.978
 84060, 335.946,  4.010, 50.169
 84120, -9999.000, -9999.000, -9999.000
 84180, 355.135,  4.374, 56.477
 84240, 368.318,  2.963, 60.207
 84300, 392.679,  2.077, 64.720
 84360, 388.211,  2.321, 67.618
 84420, 410.293,  1.192, 71.422
 84480, 485.585,  3.696, 88.655
 84540, 482.809,  2.880, 86.088
 84600, 476.657,  2.371, 85.993
 84660, 449.308,  3.452, 80.488
 84720, 420.324,  2.368, 72.350
 84780, -9999.000, -9999.000, -9999.000
 84840, -9999.000, -9999.000, -9999.000
 84900, -9999.000, -9999.000, -9999.000
 84960, -9999.000, -9999.000, -9999.000
 85020, -9999.000, -9999.000, -9999.000
 85080, -9999.000, -9999.000, -9999.000
 85140, -9999.000, -9999.000, -9999.000
 85200, -9999.000, -9999.000, -9999.000
 85260, -9999.000, -9999.000, -9999.000
 85320, -9999.000, -9999.000, -9999.000
 85380, -9999.000, -9999.000, -9999.000
 85440, -9999.000, -9999.000, -9999.000
 85500, -9999.000, -9999.000, -9999.000
 85560, -9999.000, -9999.000, -9999.000
 85620, -9999.000, -9999.000, -9999.000
 85680, -9999.000, -9999.000, -9999.000
 85740, -9999.000, -9999.000, -9999.000
 85800, -9999.000, -9999.000, -9999.000
 85860, -9999.000, -9999.000, -9999.000
 85920, -9999.000, -9999.000, -9999.000
 85980, -9999.000, -9999.000, -9999.000
 86040, -9999.000, -9999.000, -9999.000
 86100, -9999.000, -9999.000, -9999.000
 86160, -9999.000, -9999.000, -9999.000
 86220, -9999.000, -9999.000, -9999.000
 86280, -9999.000, -9999.000, -9999.000
 86340, -9999.000, -9999.000, -9999.000
