CampaignData_and_Merges/R0/CSL_MobileLab_Parked/raw/20240808/USOS-Picarro-CO2-CH4-CO-H2O_MobileLabGround_20240808_R0.ict
38, 1001
Ilana Pollack, Nell Schafer, and Jeff Peischl
NOAA Chemical Sciences Laboratory
Picarro 2401-m CO2/CH4/CO/H2O Analyzer
USOS
1, 1
2024, 08, 08, 2024, 11, 20
0
StartTime_UTC, seconds_past_midnight, seconds past midnight
5
1, 1, 1, 1, 1
-9999, -9999, -9999, -9999, -9999
StopTime_UTC, seconds_past_midnight, seconds past midnight
CO2_ppm_1min, ppm, Gas_CO2_InSitu_S_DMF, carbon dioxide mixing ratio
CH4_ppb_1min, ppb, Gas_CH4_InSitu_S_DMF, methane mixing ratio
CO_ppb_1min, ppb, Gas_CO_InSitu_S_DMF, carbon monoxide mixing ratio
H2O_ppmv_1min, ppmv, Met_H2OMRV_InSitu_S_AVMR, water vapor mixing ratio
1
SPECIAL COMMENTS: N/A
18
PI_CONTACT_INFO: Address: NOAA Chemical Sciences Laboratory, Mail Stop CSL7, 325 Broadway, Boulder, CO 80305; Email: Ilana.Pollack@noaa.gov
PLATFORM: NOAA CSL Mobile Laboratory
LOCATION: The mobile lab was stationed in Salt Lake City, Utah.
ASSOCIATED_DATA: N/A
INSTRUMENT_INFO: CO2, CH4, and CO are reported as dry air mole fractions using a commercial wavelength-scanned cavity ring-down analyzer (Picarro 2401-m). An in-field calibration gas standard of 432±0.07 ppm CO2, 2095±1 ppb CH4, and 183±1 ppb CO, calibrated in the Boulder laboratories before and after the field project using primary CO2, CH4, and CO standard tanks tied to the WMO standard (X2019, X2004A, and X2014A, respectively) from the Global Monitoring Laboratory (GML), was delivered to the inlet every 2-3 days to evaluate instrument sensitivity. A H2O measurement was calibrated before the project with a Dew Point Mirror 373 hygrometer. The water correction calculated from these calibrations was applied to the H2O measurement for the entire campaign. Species are measured at 0.5 Hz and reported as 1-minute averages for stationary measurements.
DATA_INFO: Units: CO2, ppm, dry air mole fraction; CH4, ppb, dry air mole fraction; CO, ppb, dry air mole fraction; H2O, ppmv
UNCERTAINTY: Total uncertainties are estimated as ±0.1 ppm for CO2, ±1 ppb for CH4, ±5 ppb for CO, and ±(50 ppm + 4%) for H2O.
ULOD_FLAG: -7777
ULOD_VALUE: N/A
LLOD_FLAG: -8888
LLOD_VALUE: N/A
DM_CONTACT_INFO: Data Manager: Nathan Howard; nathan.h.howard@noaa.gov
PROJECT_INFO: USOS Dates of Study: July – August 2024
STIPULATIONS_ON_USE: Use of these data require prior ok from PI.
OTHER_COMMENTS: Data are averaged to 1 minute intervals. Stationary data collected from a 10 ft tower on top of the mobile van.
REVISION: R0
R0: Final Data
StartTime_UTC, StopTime_UTC, CO2_ppm_1min, CH4_ppb_1min, CO_ppb_1min, H2O_ppmv_1min
[from data line 1140]
68400,68460,432.47,2024.8,287.5,8632.1201
68460,68520,432.53,2025.2,289.0,9219.4082
68520,68580,432.37,2020.5,284.8,8492.1104
68580,68640,432.09,2020.3,284.8,8463.6084
68640,68700,432.08,2021.0,287.5,9203.0039
68700,68760,433.93,2021.3,301.7,10025.9902
68760,68820,434.65,2022.3,322.5,9487.6211
68820,68880,433.65,2022.5,304.3,9380.5762
68880,68940,429.96,2033.4,300.8,10632.7080
68940,69000,429.63,2038.1,312.7,10364.5195
69000,69060,429.83,2037.1,302.2,9839.2344
69060,69120,430.19,2036.0,294.5,9775.5215
69120,69180,429.06,2035.5,295.4,10349.4980
69180,69240,431.79,2034.3,300.8,9577.3037
69240,69300,432.56,2033.2,303.7,9850.9502
69300,69360,430.83,2034.5,310.9,11196.5264
69360,69420,434.18,2033.8,308.4,9913.7432
69420,69480,433.26,2030.7,299.9,9829.3477
69480,69540,437.20,2033.2,329.3,9933.8623
69540,69600,435.82,2032.8,317.2,9338.0596
69600,69660,435.39,2029.3,297.9,9223.3047
69660,69720,434.89,2025.8,289.4,9250.4102
69720,69780,434.91,2025.5,290.5,9385.7324
69780,69840,434.97,2029.7,294.7,9927.6865
69840,69900,434.39,2030.2,294.2,9348.7002
69900,69960,434.57,2027.4,288.2,9100.2988
69960,70020,434.84,2026.5,287.9,9093.7275
70020,70080,434.48,2021.4,281.1,8848.8232
70080,70140,433.08,2020.9,282.1,9668.3301
70140,70200,433.69,2023.2,289.2,9359.4258
70200,70260,434.26,2024.7,293.7,9040.8779
70260,70320,434.51,2024.4,290.1,8888.0117
70320,70380,434.24,2023.7,288.7,8971.1523
70380,70440,433.87,2024.2,290.0,9453.6045
70440,70500,433.47,2024.5,291.9,9997.0186
70500,70560,433.10,2025.4,294.4,10048.3320
70560,70620,434.81,2025.1,306.4,10338.3643
70620,70680,435.16,2025.5,301.1,9142.6074
70680,70740,434.34,2025.8,300.6,9427.1563
70740,70800,434.06,2025.4,297.6,9793.5039
70800,70860,434.74,2023.1,295.3,8890.0049
70860,70920,434.96,2025.6,300.8,8966.3252
70920,70980,434.58,2026.4,297.3,8759.8213
70980,71040,434.45,2026.2,297.7,8705.8662
71040,71100,433.38,2027.0,298.1,9378.0635
71100,71160,433.37,2028.3,299.4,9308.4277
71160,71220,433.06,2026.5,297.4,9411.9434
71220,71280,432.78,2025.3,298.1,9761.1299
71280,71340,432.44,2025.2,298.2,10030.0820
71340,71400,432.95,2024.1,298.8,9818.8828
71400,71460,434.04,2024.0,299.4,9422.4551
71460,71520,434.18,2023.2,303.0,10060.6719
71520,71580,435.85,2021.9,302.7,9171.4248
71580,71640,435.36,2020.7,295.1,9196.0352
71640,71700,434.33,2020.9,295.7,10011.5889
71700,71760,434.94,2020.8,296.3,9665.7139
71760,71820,435.19,2020.6,295.2,9618.3750
71820,71880,433.28,2021.8,306.4,11018.4316
71880,71940,437.77,2022.5,327.0,10025.2402
71940,72000,435.89,2025.0,312.1,9737.0898
72000,72060,436.99,2025.5,334.6,10624.5479
72060,72120,439.70,2025.0,373.2,9815.9805
72120,72180,440.61,2026.4,365.0,9798.9023
72180,72240,439.47,2025.1,336.3,9969.2139
72240,72300,439.03,2024.8,333.9,9914.3057
72300,72360,436.94,2026.1,323.1,9597.0479
72360,72420,437.16,2025.8,315.7,9423.4424
72420,72480,437.66,2024.8,316.9,9573.9941
72480,72540,435.58,2024.0,300.4,9415.0000
72540,72600,435.76,2024.3,311.9,9556.5059
72600,72660,436.05,2023.7,330.4,9639.7031
72660,72720,435.60,2021.5,299.9,9287.3604
72720,72780,435.63,2021.5,298.9,9046.2686
72780,72840,435.72,2022.2,301.7,9146.0703
72840,72900,435.62,2022.9,302.3,9261.3398
72900,72960,435.45,2024.4,305.9,9347.0947
72960,73020,435.42,2024.4,301.3,9405.0313
73020,73080,434.81,2024.9,304.0,9884.2100
73080,73140,435.53,2026.8,304.6,9585.7881
73140,73200,435.27,2027.0,305.1,9717.4756
73200,73260,435.85,2023.4,300.1,9181.9395
73260,73320,435.53,2027.0,339.4,9394.1250
73320,73380,435.43,2026.0,326.4,9363.6621
73380,73440,435.47,2025.6,309.6,9331.1816
73440,73500,435.66,2026.3,305.3,9298.6846
73500,73560,435.76,2026.2,304.1,9267.4258
73560,73620,438.89,2025.5,328.8,9744.4287
73620,73680,439.37,2028.1,334.2,9969.6904
73680,73740,440.54,2028.9,337.3,9513.1836
73740,73800,441.22,2029.5,323.2,9624.6572
73800,73860,439.09,2029.8,320.9,10288.3213
73860,73920,436.73,2031.2,312.9,9805.8945
73920,73980,436.11,2036.6,310.9,9771.7686
73980,74040,435.61,2030.3,311.1,9388.1309
74040,74100,435.79,2029.2,308.8,9250.3906
74100,74160,435.80,2028.3,310.9,9299.8564
74160,74220,438.04,2029.4,318.2,9723.8301
74220,74280,444.10,2030.0,393.7,10521.1709
74280,74340,437.61,2027.8,325.9,9822.6670
74340,74400,437.28,2028.1,318.4,9400.1924
74400,74460,436.38,2029.6,310.6,9335.3994
74460,74520,435.70,2032.3,309.3,9294.6543
74520,74580,436.55,2035.7,311.8,9404.0137
74580,74640,436.57,2028.0,314.4,9288.1035
74640,74700,435.76,2028.9,311.9,9291.5137
74700,74760,435.68,2028.5,309.5,9232.8330
74760,74820,435.70,2028.0,310.1,9245.6846
74820,74880,435.99,2028.4,312.9,9270.6748
74880,74940,435.92,2029.4,313.0,9302.9121
74940,75000,435.95,2029.0,313.3,9327.0322
75000,75060,435.75,2028.4,311.7,9461.5557
75060,75120,435.06,2030.3,309.9,9883.6064
75120,75180,434.15,2044.3,302.5,9992.9131
75180,75240,433.49,2055.2,293.6,10047.9473
75240,75300,433.31,2052.8,300.7,11030.6172
75300,75360,434.45,2054.1,294.5,9971.0078
75360,75420,432.98,2055.2,295.4,10714.3486
75420,75480,433.17,2056.1,291.7,10218.2676
75480,75540,432.90,2057.3,290.2,10370.1426
75540,75600,433.01,2055.7,290.3,10226.2783
75600,75660,432.39,2055.6,291.6,10833.6211
75660,75720,433.09,2054.3,291.9,10546.0850
75720,75780,432.40,2051.1,288.1,10303.4609
75780,75840,432.82,2050.9,290.1,10717.7969
75840,75900,432.48,2050.1,289.5,10800.5986
75900,75960,432.50,2050.0,296.1,10779.9600
75960,76020,432.53,2050.9,298.4,10598.3945
76020,76080,432.78,2051.2,288.4,10327.4951
76080,76140,432.08,2050.7,293.4,10823.9150
76140,76200,432.53,2050.5,285.4,10472.0254
76200,76260,433.16,2049.6,294.3,10429.4209
76260,76320,434.47,2049.3,295.9,9959.5244
76320,76380,444.47,2049.9,359.9,10182.7168
76380,76440,434.03,2049.0,286.3,9278.2705
76440,76500,433.13,2046.8,282.3,9943.7451
76500,76560,430.66,2043.2,266.5,9915.7988
76560,76620,430.33,2043.4,260.8,9582.4951
76620,76680,429.73,2042.8,250.6,9221.6006
76680,76740,429.68,2042.9,251.2,8997.0303
76740,76800,429.87,2044.0,253.2,8818.2070
76800,76860,429.93,2045.7,254.7,8878.9883
76860,76920,429.53,2046.1,253.8,9219.6514
76920,76980,429.40,2043.1,248.3,8716.9756
76980,77040,429.58,2045.0,250.7,8667.0088
77040,77100,429.55,2046.4,253.1,8856.5020
77100,77160,427.60,2022.5,235.9,8749.4619
77160,77220,427.09,2019.3,235.1,8986.9023
77220,77280,426.82,2013.6,232.1,8848.3223
77280,77340,426.44,2008.6,226.6,8687.3643
77340,77400,427.31,2007.0,225.9,8667.1787
77400,77460,426.44,2009.0,224.8,8712.0850
77460,77520,426.28,2009.9,223.6,8721.4902
77520,77580,426.42,2011.5,225.7,8643.1094
77580,77640,426.78,2012.4,230.5,8419.6055
77640,77700,427.42,2013.7,238.7,8316.5586
77700,77760,427.78,2013.4,236.2,8465.1299
77760,77820,427.57,2013.6,237.5,8830.5020
77820,77880,427.23,2014.5,238.2,9130.0527
77880,77940,426.09,2013.8,236.7,9734.3535
77940,78000,427.07,2011.7,238.2,8979.0889
78000,78060,426.75,2010.9,237.0,9122.3896
78060,78120,427.51,2008.8,236.7,8788.1563
78120,78180,428.35,2010.1,240.6,8411.9053
78180,78240,428.94,2011.4,245.1,8433.9434
78240,78300,428.04,2007.6,239.6,8266.9541
78300,78360,427.49,2008.4,242.0,8878.3750
78360,78420,427.36,2007.6,240.8,8377.6670
78420,78480,427.32,2002.3,241.7,8196.5361
78480,78540,430.33,2002.8,254.0,8736.0273
78540,78600,426.69,2004.9,245.5,9178.4922
78600,78660,425.84,2004.7,243.2,9608.4102
78660,78720,426.07,2003.2,241.4,9287.3213
78720,78780,426.50,2002.7,239.6,8780.8652
78780,78840,426.81,2001.4,238.1,8673.5391
78840,78900,425.73,2002.0,240.0,9583.0967
78900,78960,427.45,1999.2,239.1,8377.4844
78960,79020,426.06,2001.1,242.4,9504.1533
79020,79080,424.96,2001.8,248.7,10326.3613
79080,79140,423.93,2001.3,249.9,10744.5273
79140,79200,425.53,1997.4,245.1,9255.3643
79200,79260,425.53,1996.8,239.9,8958.6475
79260,79320,424.81,1996.8,240.0,9457.3721
79320,79380,425.22,1996.6,242.6,9531.3906
79380,79440,425.86,1996.7,250.4,9512.0596
79440,79500,425.66,1994.0,242.1,8844.9639
79500,79560,425.36,1994.2,241.1,8919.4033
79560,79620,425.57,1994.3,239.7,8636.3604
79620,79680,425.55,1993.4,241.3,8727.3896
79680,79740,425.80,1992.5,241.4,8088.1489
79740,79800,426.33,1994.2,247.4,7890.8184
79800,79860,426.36,1991.4,238.8,7720.6245
79860,79920,425.27,1990.8,235.0,8339.0938
79920,79980,425.45,1990.5,234.2,8057.7480
79980,80040,424.14,1991.6,234.1,9137.4248
80040,80100,424.61,1991.8,231.4,8771.1279
80100,80160,424.07,1994.9,223.7,8876.0322
80160,80220,424.59,1994.3,220.3,8645.7725
80220,80280,424.60,1994.6,219.7,8855.8271
80280,80340,424.40,1996.8,224.1,9053.9951
80340,80400,424.12,2001.2,224.0,9048.8711
80400,80460,424.04,2000.4,220.8,8734.4473
80460,80520,423.63,1996.9,217.3,9036.6748
80520,80580,424.09,1998.6,219.0,8491.7832
80580,80640,423.95,2000.0,219.7,8746.2813
80640,80700,424.27,2003.3,226.1,8578.7227
80700,80760,423.92,2004.2,224.6,9084.0039
80760,80820,424.08,2001.1,224.6,8794.8340
80820,80880,424.52,1999.9,225.8,8490.9033
80880,80940,424.44,1998.0,221.0,8359.4014
80940,81000,423.85,1999.1,220.2,9012.5869
81000,81060,425.37,1999.9,223.9,7908.9512
81060,81120,425.77,2001.4,226.4,8168.2339
81120,81180,425.74,2003.4,231.1,8758.0596
81180,81240,425.59,2005.3,240.0,9048.1113
81240,81300,425.95,2005.1,251.5,9482.3135
81300,81360,425.90,2000.2,242.5,8690.6270
81360,81420,425.74,1995.0,235.8,8227.2285
81420,81480,425.35,1996.2,220.2,8267.5664
81480,81540,425.26,1998.6,224.3,8397.2559
81540,81600,426.00,2001.7,245.0,8473.8105
81600,81660,425.50,2000.8,247.4,9428.0449
81660,81720,427.43,2001.4,258.2,9085.3516
81720,81780,426.41,2001.4,246.1,8977.0869
81780,81840,426.03,2001.2,233.5,8655.1143
81840,81900,425.55,2001.9,231.5,8921.3818
81900,81960,424.83,2002.6,232.0,9229.1885
81960,82020,423.87,2000.7,228.7,9889.8027
82020,82080,424.86,1990.2,212.1,8427.4561
82080,82140,424.15,1990.7,213.7,8894.2803
82140,82200,424.05,1992.9,218.0,9047.1953
82200,82260,425.49,1994.6,218.0,8145.1460
82260,82320,425.15,1994.0,216.4,8455.8428
82320,82380,425.23,1995.2,218.3,8584.2490
82380,82440,426.50,1992.5,213.6,8254.5801
82440,82500,426.54,1991.6,213.0,8466.1289
82500,82560,425.80,1992.3,213.7,9136.7383
82560,82620,426.15,1993.3,218.9,8929.3955
82620,82680,425.28,1993.9,216.0,9382.2402
82680,82740,424.70,1991.6,214.9,9726.8184
82740,82800,424.67,1989.1,209.8,9262.0332
82800,82860,424.00,1989.0,209.6,9951.8770
82860,82920,425.29,1985.4,204.5,8487.0225
82920,82980,425.43,1984.8,201.6,8307.5605
82980,83040,425.48,1984.2,203.9,8225.5098
83040,83100,425.67,1987.8,207.3,8124.0034
83100,83160,424.71,1988.5,209.1,9671.5830
83160,83220,424.48,1984.9,206.1,8801.3105
83220,83280,424.37,1982.3,199.3,9097.4512
83280,83340,424.63,1981.7,200.2,8878.2480
83340,83400,424.50,1981.2,198.9,9406.0732
83400,83460,424.20,1978.4,196.2,9097.0938
83460,83520,423.86,1976.8,195.7,9433.9043
83520,83580,424.36,1971.6,187.3,8736.4727
83580,83640,424.06,1973.2,188.0,9328.2520
83640,83700,424.40,1970.4,185.1,8002.8892
83700,83760,424.89,1970.0,185.7,7550.2461
83760,83820,424.91,1969.9,185.1,7539.4634
83820,83880,425.16,1971.4,188.7,7823.3516
83880,83940,424.42,1973.4,191.1,8588.5713
83940,84000,423.23,1974.4,192.1,9687.9014
84000,84060,423.67,1975.9,197.8,9617.0957
84060,84120,425.42,1975.6,196.2,8628.5537
84120,84180,425.55,1976.4,196.9,8422.6357
84180,84240,425.74,1978.5,198.9,8427.4443
84240,84300,425.68,1981.7,203.7,8515.9473
84300,84360,425.42,1983.4,205.0,9109.6934
84360,84420,425.25,1982.8,205.0,8812.4414
84420,84480,425.86,1985.1,208.9,8952.6621
84480,84540,427.58,1989.0,228.1,8318.0039
84540,84600,427.69,1988.9,223.4,7922.9551
84600,84660,427.02,1989.2,224.0,8189.0454
84660,84720,426.49,1989.5,217.2,8236.6982
84720,84780,426.48,1990.4,214.0,8385.7764
84780,84840,426.59,1991.1,213.5,8516.0361
84840,84900,427.06,1991.3,214.4,8722.4912
84900,84960,427.81,1992.5,213.6,7734.2959
84960,85020,427.51,1993.7,216.5,8777.2617
85020,85080,427.26,1992.0,211.1,8168.7114
85080,85140,427.10,1991.7,212.3,8478.6113
85140,85200,427.27,1990.5,211.3,8283.2451
85200,85260,427.39,1992.3,211.8,8712.3037
85260,85320,427.17,1993.1,214.5,8719.7842
85320,85380,427.93,1993.3,222.1,8327.2998
85380,85440,428.86,1993.2,255.5,8476.8623
85440,85500,427.46,1990.7,215.1,8384.2119
85500,85560,427.01,1990.7,216.3,8202.8418
85560,85620,426.81,1992.0,214.5,8164.3838
85620,85680,427.22,1992.6,219.7,8587.1357
85680,85740,427.37,1992.2,228.1,8501.7568
85740,85800,427.14,1991.3,221.5,8463.9951
85800,85860,426.63,1991.5,217.8,8378.7012
85860,85920,426.66,1993.0,220.1,8638.8232
85920,85980,427.88,1994.5,221.4,8635.3760
85980,86040,427.98,1994.9,222.8,8761.1826
86040,86100,428.23,1995.1,226.7,8924.7900
86100,86160,428.06,1995.1,227.1,9048.4961
86160,86220,427.65,1994.1,223.3,8631.0488
86220,86280,427.79,1992.0,223.9,8437.6738
86280,86340,427.78,1991.1,223.1,8607.1699
86340,86400,428.05,1988.6,225.1,8244.6211
