CampaignData_and_Merges/R0/CSL_MobileLab_Parked/raw/20240808/USOS-NOAAIodideCIMS-OrgNitrs_MobileLabGround_20240808_RA.ict
37, 1001
Michael A Robinson, Chris Jernigan, Subi Thakali
NOAA ESRL Chemical Sciences Laboratory and CIRES, U. of Colorado
NOAA Iodide CIMS Instrument
USOS
1, 1
2024, 08, 08, 2024, 08, 09
1
starttime_UTC, seconds_past_midnight, seconds_of_day_since_00:00:00_UTC
5
1, 1, 1, 1, 1
-9999, -9999, -9999, -9999, -9999
C4H7NO5_NOAACIMS, pptv, Gas_C4H7NO5_InSitu_S_AVMR, 
ISOPN_NOAACIMS, pptv, Gas_ISOPN_InSitu_S_AVMR, 
C5H10O3_NOAACIMS, pptv, Gas_C5H10O3_InSitu_S_AVMR, 
C5H9NO5_NOAACIMS, pptv, Gas_C5H9NO5_InSitu_S_AVMR, 
C10H17NO4_NOAACIMS, pptv, Gas_C10H17NO4_InSitu_S_AVMR, 
0
18
PI_CONTACT_INFO: 325 Broadway, R/CSD 7, Boulder, Colorado 80305; michael.a.robinson@noaa.gov; chris.jernigan@noaa.gov;
PLATFORM: NOAA CSL Mobile Lab
LOCATION: SLC, Utah
ASSOCIATED_DATA: 1Hz data also available on request.
INSTRUMENT_INFO: NOAA I- ToF CIMS
DATA_INFO: All data in parts per trillion by volume (pptv). 1 Hz data is available upon request.
UNCERTAINTY: TBD
ULOD_FLAG: -7777
ULOD_VALUE: N/A
LLOD_FLAG: -8888
LLOD_VALUE: N/A
DM_CONTACT_INFO: Nathan Howard; nathan.h.howard@noaa.gov
PROJECT_INFO: USOS, summer 2024. https://csl.noaa.gov/groups/csl7/measurements/2024usos/
STIPULATIONS_ON_USE: Users are strongly encouraged to contact the PI for proper data usage.
OTHER_COMMENTS: 
REVISION: RA
RA: Preliminary Data; For in-field use only
starttime_UTC, C4H7NO5_NOAACIMS, ISOPN_NOAACIMS, C5H10O3_NOAACIMS, C5H9NO5_NOAACIMS, C10H17NO4_NOAACIMS
[from data line 302]
 18120,  1.616,  5.607, 32.489,  6.481,  0.842
 18180,  1.608,  5.796, 33.804,  6.772,  0.844
 18240,  1.681,  6.583, 35.829,  6.845,  0.861
 18300, -9999.000, -9999.000, -9999.000, -9999.000, -9999.000
 18360,  1.578,  5.945, 29.030,  5.768,  0.660
 18420,  1.633,  5.933, 30.464,  6.224,  0.756
 18480,  1.598,  6.105, 30.888,  6.263,  0.765
 18540,  1.617,  6.342, 32.122,  6.075,  0.782
 18600,  1.639,  5.822, 30.374,  5.972,  0.715
 18660,  1.627,  5.610, 30.403,  5.906,  0.728
 18720,  1.634,  5.668, 31.155,  5.969,  0.713
 18780,  1.636,  5.448, 30.594,  5.982,  0.680
 18840,  1.669,  5.580, 31.021,  5.943,  0.705
 18900,  1.662,  5.604, 30.955,  5.823,  0.664
 18960,  1.665,  5.352, 28.921,  5.717,  0.638
 19020,  1.636,  5.396, 29.315,  5.715,  0.659
 19080,  1.651,  5.484, 29.738,  5.674,  0.669
 19140,  1.599,  5.268, 29.504,  5.565,  0.651
 19200,  1.608,  5.505, 27.966,  5.712,  0.608
 19260,  1.674,  5.389, 29.085,  5.691,  0.643
 19320,  1.615,  5.382, 31.056,  5.913,  0.663
 19380,  1.605,  5.422, 29.947,  5.739,  0.675
 19440,  1.645,  5.198, 28.688,  5.667,  0.689
 19500,  1.633,  5.470, 28.397,  5.595,  0.610
 19560,  1.656,  5.214, 28.413,  5.518,  0.640
 19620,  1.627,  5.285, 29.109,  5.645,  0.655
 19680,  1.639,  5.095, 27.668,  5.760,  0.682
 19740,  1.655,  5.008, 27.169,  5.504,  0.635
 19800,  1.656,  5.358, 28.843,  5.749,  0.715
 19860,  1.648,  5.013, 27.378,  5.735,  0.743
 19920,  1.619,  4.940, 26.797,  5.555,  0.625
 19980,  1.598,  5.029, 26.193,  5.412,  0.681
 20040,  1.562,  4.813, 25.731,  5.385,  0.710
 20100,  1.595,  4.715, 26.188,  5.241,  0.760
 20160, -9999.000, -9999.000, -9999.000, -9999.000, -9999.000
 20220,  1.505,  4.588, 23.971,  5.182,  0.826
 20280,  1.555,  4.894, 26.971,  5.468,  0.804
 20340,  1.596,  4.778, 24.352,  5.431,  0.751
 20400,  1.538,  4.658, 24.972,  5.312,  0.720
 20460,  1.528,  4.641, 24.148,  5.451,  0.872
 20520,  1.567,  4.406, 23.360,  5.408,  0.804
 20580,  1.619,  4.878, 24.607,  5.525,  0.804
 20640,  1.620,  4.251, 22.039,  5.493,  0.893
 20700,  1.633,  4.291, 22.904,  5.791,  0.932
 20760,  1.667,  4.359, 23.955,  5.783,  0.867
 20820,  1.721,  4.563, 23.153,  5.927,  0.855
 20880,  1.659,  4.472, 24.263,  5.680,  0.940
 20940,  1.642,  4.749, 23.140,  5.212,  0.908
 21000,  1.569,  4.467, 22.049,  5.349,  0.986
 21060,  1.599,  4.778, 22.418,  5.541,  0.914
 21120,  1.638,  4.500, 23.447,  5.683,  0.973
 21180,  1.694,  4.547, 22.630,  5.903,  1.035
 21240,  1.675,  4.616, 23.542,  5.640,  0.933
 21300,  1.617,  4.413, 22.552,  5.549,  0.973
 21360,  1.613,  4.275, 21.524,  5.769,  1.004
 21420,  1.643,  4.273, 22.682,  5.791,  1.113
 21480,  1.617,  4.339, 21.641,  5.603,  0.973
 21540,  1.644,  4.173, 21.061,  5.749,  1.076
 21600,  1.674,  4.317, 23.059,  5.542,  1.088
 21660,  1.635,  4.073, 21.704,  5.451,  1.041
 21720,  1.624,  4.241, 21.826,  5.358,  1.029
 21780,  1.630,  4.231, 21.452,  5.407,  1.092
 21840,  1.591,  3.971, 20.930,  5.066,  1.078
 21900,  1.615,  4.091, 21.109,  5.429,  1.112
 21960,  1.611,  3.996, 19.923,  5.476,  1.267
 22020, -9999.000, -9999.000, -9999.000, -9999.000, -9999.000
 22080,  1.571,  3.994, 18.291,  5.548,  1.313
 22140,  1.638,  4.104, 19.233,  5.501,  1.435
 22200,  1.575,  3.773, 19.446,  5.561,  1.399
 22260,  1.642,  3.906, 20.169,  5.973,  1.599
 22320,  1.662,  3.848, 18.468,  5.996,  1.562
 22380,  1.701,  3.930, 19.194,  6.188,  1.611
 22440,  1.652,  4.335, 21.593,  6.166,  1.609
 22500,  1.648,  4.101, 21.029,  5.769,  1.593
 22560,  1.627,  4.113, 20.019,  5.755,  1.512
 22620,  1.686,  4.218, 20.975,  5.777,  1.643
 22680,  1.649,  4.171, 20.451,  5.956,  1.705
 22740,  1.610,  3.866, 20.049,  5.603,  1.544
 22800,  1.583,  4.159, 20.291,  5.583,  1.482
 22860,  1.654,  4.088, 20.804,  6.071,  1.570
 22920,  1.647,  4.090, 21.721,  6.013,  1.661
 22980,  1.663,  4.402, 21.574,  6.349,  1.709
 23040,  1.572,  4.135, 20.454,  5.750,  1.548
 23100,  1.637,  3.910, 20.354,  5.622,  1.525
 23160,  1.715,  4.460, 20.138,  6.038,  1.514
 23220,  1.838,  4.881, 22.380,  6.998,  1.702
 23280,  1.705,  4.342, 21.473,  6.008,  1.462
 23340,  1.755,  4.610, 21.250,  6.576,  1.594
 23400,  1.740,  4.196, 20.610,  6.590,  1.580
 23460,  1.728,  4.465, 20.911,  6.517,  1.573
 23520,  1.804,  4.383, 21.091,  6.683,  1.622
 23580,  1.802,  4.088, 20.622,  6.623,  1.670
 23640,  1.814,  4.231, 21.623,  7.158,  1.674
 23700,  1.752,  4.201, 21.038,  6.630,  1.617
 23760,  1.790,  4.026, 21.005,  6.424,  1.658
 23820,  1.816,  4.270, 22.252,  6.298,  1.714
 23880,  1.684,  3.804, 18.367,  6.257,  1.551
 23940,  1.689,  3.816, 18.353,  6.198,  1.573
 24000,  1.705,  4.006, 19.798,  6.098,  1.508
 24060,  1.715,  4.061, 18.940,  6.170,  1.530
 24120,  1.752,  4.196, 19.460,  6.606,  1.639
 24180,  1.818,  4.285, 18.995,  6.774,  1.738
 24240,  1.900,  4.422, 20.067,  7.234,  1.681
 24300,  1.844,  4.228, 19.243,  7.019,  1.657
 24360,  1.849,  4.160, 20.455,  6.599,  1.735
 24420,  1.808,  4.651, 20.066,  6.676,  1.602
 24480,  1.821,  4.510, 19.414,  6.755,  1.746
 24540,  1.900,  4.679, 20.382,  7.372,  1.739
 24600,  1.981,  5.528, 20.376,  7.998,  1.861
 24660,  2.000,  5.816, 21.394,  8.307,  2.148
 24720,  1.999,  5.637, 22.086,  8.359,  2.050
 24780,  2.008,  5.452, 22.178,  8.481,  2.111
 24840,  1.989,  5.765, 21.388,  8.165,  1.930
 24900,  1.993,  5.524, 20.910,  8.016,  1.999
 24960,  2.011,  5.645, 22.304,  8.186,  1.784
 25020,  2.010,  5.773, 22.046,  8.442,  1.923
 25080,  2.062,  5.934, 22.867,  8.853,  1.864
 25140,  2.020,  5.585, 21.775,  8.471,  1.816
 25200,  2.084,  5.548, 22.021,  8.617,  1.587
 25260,  2.106,  5.622, 22.605,  8.802,  1.632
 25320,  2.115,  5.715, 22.713,  8.323,  1.644
 25380,  2.023,  5.653, 22.396,  7.922,  1.488
 25440,  2.075,  5.929, 22.654,  8.145,  1.644
 25500,  2.089,  5.950, 22.090,  8.215,  1.646
 25560,  2.100,  6.098, 21.899,  8.270,  1.619
 25620,  2.083,  6.439, 22.470,  8.542,  1.774
 25680, -9999.000, -9999.000, -9999.000, -9999.000, -9999.000
 25740,  1.996,  5.784, 18.916,  7.518,  1.533
 25800,  2.085,  6.183, 20.510,  8.147,  1.544
 25860,  1.989,  5.989, 21.005,  8.072,  1.576
 25920,  2.092,  6.192, 21.028,  8.679,  1.745
 25980,  2.204,  6.516, 22.897,  9.574,  2.005
 26040,  2.144,  6.344, 22.117,  8.968,  1.908
 26100,  2.173,  6.540, 21.902,  9.211,  1.964
 26160,  2.163,  6.825, 22.163,  9.505,  2.075
 26220,  2.061,  6.325, 22.010,  8.908,  2.080
 26280,  2.160,  6.744, 22.684,  9.557,  2.244
 26340,  2.194,  6.736, 21.695,  9.743,  2.259
 26400,  2.227,  6.520, 23.108,  9.676,  2.100
 26460,  2.193,  6.448, 23.421,  9.715,  2.033
 26520,  2.270,  6.836, 22.892,  9.957,  2.197
 26580,  2.249,  6.572, 22.927,  9.312,  2.022
 26640,  2.187,  6.547, 22.186,  8.924,  1.788
 26700,  2.291,  6.434, 22.540,  9.141,  1.967
 26760,  2.190,  6.036, 22.721,  9.063,  1.908
 26820,  2.154,  6.111, 21.712,  8.147,  1.899
 26880,  2.175,  6.185, 22.255,  8.142,  1.853
 26940,  2.190,  6.161, 22.683,  8.334,  1.934
 27000,  2.093,  5.969, 20.475,  7.742,  1.769
 27060,  2.069,  5.575, 19.383,  7.704,  1.914
 27120,  2.062,  5.584, 21.748,  7.933,  2.042
 27180,  2.072,  5.739, 22.017,  7.971,  2.119
 27240,  2.063,  5.270, 19.941,  7.794,  2.063
 27300,  2.037,  5.406, 21.317,  7.914,  2.178
 27360,  2.043,  5.328, 20.127,  7.636,  1.847
 27420,  2.011,  5.569, 19.142,  7.319,  1.931
 27480,  2.018,  5.396, 19.750,  7.237,  1.935
 27540, -9999.000, -9999.000, -9999.000, -9999.000, -9999.000
 27600,  1.925,  5.011, 17.917,  6.804,  1.704
 27660,  1.939,  4.999, 18.870,  7.104,  1.846
 27720,  1.969,  4.889, 18.586,  6.835,  1.842
 27780,  1.975,  4.819, 19.327,  6.346,  1.835
 27840,  1.939,  4.706, 19.184,  6.394,  1.764
 27900,  1.856,  4.646, 17.942,  6.292,  1.856
 27960,  1.889,  4.785, 18.041,  6.358,  1.799
 28020,  1.901,  4.527, 17.523,  6.461,  1.716
 28080,  1.874,  4.601, 17.243,  6.100,  1.701
 28140,  1.969,  5.094, 17.723,  6.484,  1.686
 28200,  2.001,  5.211, 19.092,  6.991,  1.450
 28260,  2.029,  5.173, 19.121,  7.073,  1.477
 28320,  2.081,  5.212, 18.216,  6.692,  1.427
 28380,  2.114,  5.111, 18.919,  6.994,  1.506
 28440,  2.303,  5.753, 21.388,  7.713,  1.503
 28500,  2.353,  5.742, 22.518,  8.217,  1.472
 28560,  2.490,  6.267, 23.395,  9.027,  1.553
 28620,  2.204,  5.509, 21.611,  7.573,  1.568
 28680,  2.238,  5.774, 20.074,  8.127,  1.717
 28740,  2.296,  5.493, 21.018,  8.923,  1.760
 28800,  2.285,  6.104, 22.325,  8.990,  1.715
 28860,  2.392,  6.519, 22.975,  9.400,  1.682
 28920,  2.904,  7.537, 29.000, 11.214,  1.448
 28980,  3.097,  7.552, 33.617, 11.714,  1.285
 29040,  3.246,  7.817, 38.456, 12.219,  1.133
 29100,  3.379,  7.891, 41.257, 12.290,  1.057
 29160,  2.694,  6.509, 32.769, 10.086,  1.512
 29220,  2.590,  6.242, 30.293,  9.547,  1.649
 29280,  2.550,  6.350, 28.388,  9.572,  1.518
 29340,  2.493,  5.992, 26.889,  9.065,  1.606
 29400, -9999.000, -9999.000, -9999.000, -9999.000, -9999.000
 29460,  2.424,  5.530, 24.478,  8.687,  1.476
 29520,  2.388,  5.300, 24.699,  8.766,  1.593
 29580,  2.123,  4.956, 21.770,  7.513,  1.579
 29640,  2.062,  4.689, 19.856,  7.214,  1.612
 29700,  2.100,  4.589, 18.293,  7.691,  1.754
 29760,  2.272,  4.659, 20.009,  8.235,  1.761
 29820,  2.145,  4.654, 19.762,  7.720,  1.786
 29880,  2.296,  4.728, 18.004,  8.826,  1.947
 29940,  2.263,  4.788, 18.847,  8.572,  2.096
 30000,  2.193,  4.754, 17.760,  8.081,  1.982
 30060,  2.189,  4.488, 18.127,  8.199,  2.057
 30120,  2.277,  4.536, 17.859,  8.269,  2.105
 30180,  2.342,  4.640, 18.290,  9.181,  2.035
 30240,  2.451,  4.649, 18.526,  9.203,  2.186
 30300,  2.312,  4.574, 18.352,  8.835,  2.177
 30360,  2.371,  4.653, 18.767,  8.876,  2.148
 30420,  2.288,  4.500, 17.457,  8.455,  2.080
 30480,  2.261,  4.511, 19.205,  8.476,  2.185
 30540,  2.443,  4.572, 19.293,  9.131,  2.231
 30600,  2.398,  4.425, 18.053,  8.851,  2.109
 30660,  2.378,  4.519, 18.390,  8.781,  2.310
 30720,  2.325,  4.313, 19.418,  8.311,  2.214
 30780,  2.334,  4.548, 19.119,  8.180,  2.279
 30840,  2.247,  4.288, 18.992,  7.835,  2.137
 30900,  2.236,  4.341, 19.615,  7.746,  2.349
 30960,  2.198,  4.013, 17.354,  7.674,  2.196
 31020,  2.129,  4.108, 18.094,  7.163,  2.075
 31080,  2.174,  4.085, 19.224,  7.262,  2.245
 31140,  2.345,  4.469, 19.334,  8.361,  2.368
 31200,  2.470,  4.639, 20.213,  8.691,  2.338
 31260,  2.180,  4.197, 18.800,  7.303,  1.934
 31320,  2.328,  4.254, 18.196,  8.124,  2.016
 31380,  2.573,  4.708, 19.150,  9.580,  2.239
 31440,  2.610,  5.010, 21.766,  9.893,  2.445
 31500,  2.615,  5.149, 21.215,  9.653,  2.405
 31560,  2.586,  4.868, 20.752,  9.558,  2.368
 31620,  2.557,  4.645, 20.413,  9.154,  2.229
 31680,  2.521,  4.842, 22.039,  9.353,  2.285
 31740,  2.648,  4.901, 21.953,  9.704,  2.317
 31800,  2.614,  4.822, 22.387, 10.156,  2.554
 31860,  2.721,  5.051, 22.667, 10.602,  2.447
 31920,  2.674,  4.901, 22.121, 10.052,  2.278
 31980,  2.636,  4.834, 21.416,  9.925,  2.277
 32040,  2.689,  5.387, 22.857, 10.269,  2.357
 32100,  2.847,  5.511, 24.382, 11.028,  2.392
 32160,  2.899,  5.391, 26.184, 11.507,  2.300
 32220,  2.760,  5.082, 25.558, 10.540,  2.241
 32280,  2.523,  4.590, 22.063,  9.490,  2.012
 32340,  2.584,  4.622, 22.329,  9.811,  2.085
 32400,  2.725,  5.214, 25.087, 10.431,  2.277
 32460,  2.698,  5.025, 24.364, 10.098,  2.212
 32520,  2.669,  4.713, 23.096, 10.189,  2.244
 32580,  2.700,  5.088, 23.788, 10.032,  2.371
 32640,  2.691,  4.980, 21.829,  9.660,  2.165
 32700,  2.776,  4.814, 23.125, 10.173,  2.082
 32760,  2.718,  5.347, 24.058,  9.914,  2.103
 32820,  2.739,  5.162, 23.667,  9.997,  2.073
 32880,  2.811,  4.893, 22.792,  9.954,  2.021
 32940,  2.744,  5.037, 23.904,  9.956,  2.208
 33000,  2.687,  4.593, 23.208,  9.648,  2.174
 33060,  2.817,  5.616, 25.818, 10.234,  2.731
 33120,  2.538,  4.636, 20.843,  8.470,  2.123
 33180,  2.644,  4.734, 21.406,  8.966,  2.036
 33240,  2.625,  5.172, 22.721,  9.250,  2.140
 33300,  2.714,  5.366, 23.936,  9.471,  2.179
 33360,  2.785,  5.066, 23.143,  9.794,  2.231
 33420,  2.862,  5.198, 24.452,  9.907,  2.384
 33480,  2.882,  5.739, 25.637,  9.937,  2.314
 33540,  2.910,  5.692, 25.902, 10.090,  2.363
 33600,  2.891,  5.524, 25.565,  9.944,  2.339
 33660,  2.876,  5.793, 25.799,  9.901,  2.223
 33720,  2.789,  5.515, 24.991,  9.959,  2.398
 33780,  2.821,  5.466, 24.673,  9.585,  2.342
 33840,  2.774,  5.397, 25.270,  9.049,  2.396
 33900,  2.808,  5.128, 24.689,  9.453,  2.395
 33960,  2.796,  5.445, 25.512,  9.250,  2.389
 34020,  2.804,  5.245, 25.188,  9.026,  2.300
 34080,  2.773,  5.097, 24.151,  8.926,  2.382
 34140,  2.720,  5.149, 25.369,  8.797,  2.308
 34200,  2.742,  4.998, 25.101,  8.925,  2.353
 34260,  2.736,  5.309, 24.134,  9.016,  2.297
 34320,  2.900,  5.145, 26.281,  9.198,  2.393
 34380,  2.963,  5.430, 26.316,  9.551,  2.481
 34440,  3.015,  5.318, 25.523,  9.658,  2.501
 34500,  2.893,  5.354, 26.190,  9.446,  2.346
 34560,  2.858,  5.219, 25.712,  9.167,  2.281
 34620,  2.878,  5.387, 25.561,  9.351,  2.383
 34680,  2.868,  5.565, 26.825,  9.565,  2.410
 34740,  2.961,  5.512, 26.958,  9.545,  2.363
 34800,  2.919,  5.235, 25.839,  8.996,  2.388
 34860,  2.997,  5.443, 26.122,  9.422,  2.271
 34920,  3.037,  4.880, 26.185,  9.351,  2.222
 34980,  2.804,  5.302, 23.510,  8.452,  2.085
 35040,  2.797,  5.223, 25.055,  8.459,  2.183
 35100,  2.854,  5.164, 25.828,  8.750,  2.262
 35160,  2.892,  5.137, 25.207,  8.885,  2.249
 35220,  2.915,  5.344, 26.410,  8.980,  2.350
 35280,  2.868,  5.095, 24.891,  8.734,  2.355
 35340,  2.873,  5.068, 25.350,  8.574,  2.422
 35400,  2.966,  5.484, 26.512,  9.059,  2.513
 35460,  2.905,  5.227, 25.628,  9.046,  2.523
 35520,  2.947,  5.135, 26.065,  8.933,  2.502
 35580,  3.112,  5.665, 26.892, 10.481,  2.431
 35640,  3.043,  5.430, 25.223, 10.025,  2.332
 35700,  2.824,  4.893, 25.592,  8.735,  2.327
 35760,  2.936,  5.397, 26.704,  8.796,  2.395
 35820,  2.922,  5.004, 25.419,  8.553,  2.346
 35880,  2.872,  4.949, 26.224,  8.330,  2.327
 35940,  2.897,  5.047, 25.990,  8.388,  2.562
 36000,  2.873,  4.913, 24.449,  8.615,  2.434
 36060,  3.012,  4.880, 24.612,  9.350,  2.455
 36120,  3.000,  5.146, 27.424,  9.305,  2.635
 36180,  3.004,  5.128, 27.283,  9.095,  2.418
 36240,  3.054,  5.075, 25.805,  9.891,  2.532
 36300,  3.046,  5.602, 26.819,  9.978,  2.513
 36360,  3.024,  5.129, 26.251,  9.485,  2.342
 36420,  2.957,  5.109, 25.491,  9.004,  2.510
 36480,  2.893,  4.982, 26.891,  8.654,  2.409
 36540,  2.979,  5.003, 27.722,  8.961,  2.389
 36600,  3.008,  4.930, 26.356,  9.130,  2.474
 36660,  3.032,  5.003, 26.511,  9.236,  2.512
 36720,  3.065,  4.929, 26.695,  9.185,  2.433
 36780, -9999.000, -9999.000, -9999.000, -9999.000, -9999.000
 36840,  2.964,  5.403, 25.181,  9.521,  2.662
 36900,  2.965,  5.071, 24.850,  9.178,  2.558
 36960,  3.067,  4.920, 25.323,  9.616,  2.563
 37020,  3.106,  5.335, 26.705, 10.128,  2.765
 37080,  3.218,  5.837, 25.572, 11.178,  2.763
 37140,  3.122,  5.129, 25.501, 10.606,  2.954
 37200,  3.094,  4.995, 27.187, 10.454,  2.790
 37260,  3.074,  5.082, 26.652, 10.069,  2.589
 37320,  3.056,  5.105, 25.754, 10.234,  2.652
 37380,  3.115,  5.293, 27.123, 10.282,  2.757
 37440,  3.125,  5.259, 24.632, 10.360,  2.709
 37500,  3.187,  5.180, 26.351, 10.662,  2.725
 37560,  3.225,  5.218, 26.871, 11.126,  2.750
 37620,  3.356,  5.979, 26.840, 12.044,  2.760
 37680,  3.350,  5.818, 26.906, 12.440,  2.765
 37740,  3.336,  5.843, 26.746, 12.366,  2.666
 37800,  3.381,  5.807, 26.771, 11.756,  2.724
 37860,  3.321,  5.474, 26.048, 11.738,  2.549
 37920,  3.287,  5.592, 27.475, 11.845,  2.615
 37980,  3.300,  5.524, 27.063, 11.608,  2.531
 38040,  3.406,  5.382, 26.987, 11.959,  2.695
 38100,  3.335,  5.685, 27.161, 11.558,  2.703
 38160,  3.287,  5.462, 26.413, 11.042,  2.570
 38220,  3.297,  5.389, 26.681, 10.519,  2.625
 38280,  3.278,  5.462, 26.578, 10.335,  2.594
 38340,  3.309,  5.454, 26.870, 10.166,  2.605
