CampaignData_and_Merges/R0/CSL_MobileLab_Parked/raw/20240808/USOS-HCHO_MobileLabGround_20240808_R0.ict
35,1001
Huang, Yaoxian
Wayne State University
Picarro G2307 on CSL Mobile Lab
USOS
1,1
2024,08,08,2024,08,13
1.0
Time_Start,seconds_since_midnight,number_of_seconds_since_0000_UTC
3
1.0,1.0,1.0
-9999.0,-9999.0,-9999.0
HCHO,ppbv,Gas_HCHO_InSitu_S_AVMR,volume mixing ratio of formaldehyde in air
H2O,ppmv,Gas_H2O_InSitu_S_AVMR,volume mixing ratio of water vapor in air
CH4,ppmv,Gas_CH4_InSitu_S_AVMR,volume mixing ratio of methane in air
0
18
PI_CONTACT_INFO: yaoxian.huang@wayne.edu
PLATFORM: CSL Mobile Lab, at Ground Site
LOCATION: Salt Lake City, UT
ASSOCIATED_DATA: N/A
INSTRUMENT_INFO: Cavity Ring-Down Spectrometer
DATA_INFO: Data is averaged to 1 minute intervals for stationary and 1 second interval for driving. Stationary data collected from a 20 ft tower on top of the mobile lab.
UNCERTAINTY: N/A
ULOD_FLAG: -7777
ULOD_VALUE: N/A
LLOD_FLAG: -8888
LLOD_VALUE: N/A
DM_CONTACT_INFO: Yaoxian Huang; yaoxian.huang@wayne.edu
PROJECT_INFO: USOS, Summer 2024. https://csl.noaa.gov/groups/csl7/measurements/2024usos/
STIPULATIONS_ON_USE: Users are strongly encouraged to contact the PI for proper data usage.
OTHER_COMMENTS: Data have been shifted backwards by 1 minute to align with USOS MetNav and Picarro GHG data.
REVISION: R0
R0: Final Data
Time_Start,HCHO,H2O,CH4
[from data line 1083]
64980,5.1556,10313.3,2.04694
65040,5.31872,11590.8,2.04603
65100,4.61675,10829.1,2.01712
65160,3.88076,8889.73,1.98878
65220,4.14812,9140.06,1.99392
65280,4.42119,10235.3,1.99356
65340,4.44658,9758.87,1.99821
65400,4.38201,9259.49,2.00171
65460,4.15178,9446.61,1.99997
65520,4.22306,8852.85,2.00074
65580,4.26848,9058.1,2.00088
65640,4.47338,8988.48,2.00147
65700,4.47516,9324.3,2.00243
65760,4.24375,9042.43,1.99997
65820,4.3507,9240.11,1.99732
65880,4.51345,8927.99,1.99968
65940,4.76002,9144.89,1.9972
66000,4.7061,8970.87,1.99805
66060,4.65674,8856.07,1.99476
66120,4.49713,8895.12,1.99733
66180,4.69305,8892.83,1.99498
66240,4.50191,8826.95,1.99623
66300,4.64678,8934.61,1.9985
66360,4.79535,9034.74,1.99699
66420,4.47504,9140.88,1.99818
66480,4.76916,8876.8,1.99893
66540,4.79247,9004.46,1.99641
66600,4.53752,9410.87,1.99786
66660,4.6551,9184.57,1.99899
66720,4.80152,9247.34,2.00017
66780,4.84746,9163.97,1.99857
66840,4.96632,9081.3,1.99753
66900,4.53802,9004.46,1.99645
66960,5.16035,9225.01,1.99708
67020,4.74575,9284.98,1.9967
67080,4.97238,9870.0,1.99432
67140,4.61609,8973.19,1.98735
67200,4.66314,9495.22,1.98929
67260,4.89021,8959.34,1.98746
67320,4.49415,8929.39,1.98781
67380,4.04724,9117.73,1.97424
67440,4.05296,8917.81,1.97337
67500,3.96012,8609.42,1.97038
67560,3.95354,8572.52,1.96988
67620,3.81825,8308.89,1.96751
67680,3.74224,8195.63,1.97076
67740,4.00459,8419.14,1.97034
67800,4.05397,8701.36,1.97092
67860,3.9617,9013.37,1.96926
67920,4.10562,8460.71,1.9717
67980,3.9147,8861.44,1.96935
68040,4.23307,9023.33,1.97121
68100,4.17919,8630.08,1.97894
68160,3.93582,8686.98,1.97393
68220,4.28008,9083.82,1.97368
68280,4.24142,8420.05,1.97769
68340,4.36223,8383.22,1.97708
68400,4.53904,8535.53,1.98333
68460,4.41963,8714.16,1.98504
68520,4.87533,9102.21,1.98181
68580,4.09064,8341.56,1.9799
68640,4.34886,8509.2,1.98059
68700,4.28612,9650.64,1.97619
68760,4.36793,9507.14,1.9768
68820,4.99768,9591.16,1.97973
68880,4.4332,9634.89,1.98224
68940,4.77579,10477.3,1.99202
69000,4.77402,10035.5,1.99456
69060,5.09197,9729.55,1.992
69120,4.63865,9743.47,1.99037
69180,4.83271,10109.6,1.98889
69240,4.73222,9114.82,1.98977
69300,4.42108,10423.7,1.98585
69360,4.83303,10737.1,1.98686
69420,4.61447,9770.69,1.98862
69480,4.79415,9702.98,1.98926
69540,5.05415,9857.95,1.98922
69600,4.79651,9120.31,1.98793
69660,4.67367,9292.37,1.98526
69720,4.56555,9133.32,1.98295
69780,4.6059,9595.27,1.98243
69840,4.78358,9585.08,1.98575
69900,4.81361,9254.83,1.98682
69960,4.82602,9024.19,1.98639
70020,4.98413,8956.8,1.98305
70080,4.4288,8751.42,1.97835
70140,4.55851,9803.8,1.97739
70200,4.52077,9282.57,1.98083
70260,4.7197,8974.27,1.98157
70320,4.90891,8839.76,1.98209
70380,4.82423,9139.31,1.98209
70440,4.84062,9580.71,1.97891
70500,5.39097,9623.74,1.98258
70560,4.9428,10372.9,1.9791
70620,4.87835,9693.46,1.98167
70680,5.05764,9150.37,1.98281
70740,4.73667,9577.91,1.9797
70800,4.72784,9365.25,1.9825
70860,4.68766,8927.23,1.97995
70920,4.7707,8846.81,1.98522
70980,4.94059,8691.93,1.98354
71040,4.84123,8700.02,1.98321
71100,4.89966,9376.72,1.98338
71160,4.91446,9317.39,1.98343
71220,4.70479,9385.1,1.97971
71280,4.76353,9789.37,1.98168
71340,4.86164,9813.68,1.97924
71400,4.85057,9945.5,1.98143
71460,4.89916,9337.24,1.98079
71520,4.80014,9781.68,1.97733
71580,4.63784,9232.23,1.97759
71640,4.86912,9393.52,1.97606
71700,4.89372,9754.21,1.97656
71760,4.88122,9665.44,1.97873
71820,5.0033,9937.6,1.97619
71880,5.00957,10625.6,1.97414
71940,5.49787,10049.8,1.9793
72000,5.19665,9703.27,1.97955
72060,5.30599,10286.0,1.98025
72120,5.70458,9615.36,1.9814
72180,5.14872,9740.98,1.98225
72240,5.25604,9960.45,1.98119
72300,5.28469,9861.37,1.97932
72360,5.21866,9321.33,1.98243
72420,5.35899,9375.53,1.98144
72480,5.23249,9482.65,1.98221
72540,4.99376,9380.06,1.98209
72600,5.35956,9577.78,1.98185
72660,5.0743,9434.98,1.98077
72720,5.02723,9131.48,1.97948
72780,5.13919,9019.82,1.98026
72840,5.17053,9102.91,1.97903
72900,5.21893,9288.31,1.97944
72960,5.28742,9292.43,1.98181
73020,5.42394,9498.08,1.98078
73080,5.67653,9831.23,1.98165
73140,5.32759,9383.66,1.98283
73200,5.22383,9579.31,1.98267
73260,5.17285,9143.52,1.98067
73320,5.26439,9428.61,1.985
73380,5.28318,9255.45,1.97952
73440,5.46295,9300.65,1.98243
73500,5.36769,9184.66,1.98231
73560,5.16313,9440.47,1.98364
73620,5.5467,9799.42,1.98021
73680,5.33884,9571.59,1.98655
73740,5.78354,9498.5,1.984
73800,5.44015,10389.0,1.98345
73860,5.17402,9269.87,1.98652
73920,5.45982,9965.53,1.98758
73980,5.59799,9562.41,1.98747
74040,5.40494,9215.22,1.98524
74100,5.40664,9198.89,1.98616
74160,5.48235,9249.25,1.98817
74220,5.80396,10367.9,1.98282
74280,5.76511,9806.4,1.98423
74340,5.28851,9701.15,1.98468
74400,5.35427,9190.93,1.9847
74460,5.50354,9307.3,1.98773
74520,5.48717,9126.64,1.99147
74580,5.64647,9408.11,1.99078
74640,5.43629,9217.8,1.983
74700,5.72597,9232.11,1.98722
74760,5.58377,9178.56,1.98483
74820,5.41294,9198.41,1.9835
74880,5.77616,9233.04,1.98799
74940,5.60779,9257.59,1.98554
75000,5.64128,9268.41,1.98458
75060,5.81871,9594.71,1.98569
75120,5.55186,9693.81,1.98676
75180,5.58265,10073.4,2.00715
75240,5.61301,10167.0,2.01153
75300,5.7967,10691.5,2.00502
75360,5.17005,10213.6,2.00946
75420,5.42946,10512.4,2.01004
75480,5.53994,10209.4,2.0113
75540,5.4322,10142.3,2.01186
75600,5.39053,10223.6,2.01109
75660,5.50607,10720.5,2.00887
75720,5.67873,10551.5,2.00779
75780,5.29024,10114.0,2.00517
75840,5.15841,10723.5,2.00336
75900,5.19136,10851.2,2.00309
75960,5.06935,10312.0,2.00531
76020,5.24654,10554.1,2.00458
76080,5.31001,10388.4,2.00503
76140,5.23511,10392.7,2.00388
76200,5.1254,10353.4,2.00411
76260,4.9147,10082.7,2.00284
76320,5.06917,10016.1,2.00168
76380,5.03775,9847.03,2.00692
76440,4.81363,9319.3,2.00696
76500,4.95472,9759.02,2.00014
76560,4.88081,10005.5,1.9983
76620,4.1229,9430.2,1.99804
76680,4.04865,8922.37,2.00074
76740,4.0957,8973.95,2.00035
76800,4.0987,8714.88,2.00195
76860,4.11322,8920.55,2.00186
76920,3.96141,8924.53,2.00228
76980,3.83837,8735.81,2.00062
77040,3.90985,8667.83,2.0045
77100,3.95826,8658.9,1.99767
77160,3.77635,8994.53,1.98407
77220,3.37697,8609.75,1.97565
77280,3.24577,8849.9,1.97072
77340,3.3704,8595.36,1.96828
77400,3.13155,8669.13,1.96702
77460,3.26722,8737.36,1.96886
77520,3.11928,8475.11,1.96914
77580,3.43003,8554.38,1.97026
77640,3.347,8353.85,1.97223
77700,3.41248,8338.98,1.97085
77760,3.70802,8604.6,1.97306
77820,3.83742,8818.04,1.9718
77880,3.8054,9367.1,1.97237
77940,3.66482,9289.84,1.97095
78000,3.61213,8986.95,1.96849
78060,3.57201,9028.5,1.96844
78120,3.34653,8684.12,1.96786
78180,3.62406,8246.81,1.9688
78240,3.59187,8490.39,1.9687
78300,3.48782,8174.05,1.96769
78360,3.50517,8781.2,1.96662
78420,3.53488,8470.5,1.96549
78480,3.16615,8031.15,1.96146
78540,3.56143,9021.43,1.96323
78600,3.35389,9151.57,1.9607
78660,3.38963,9524.05,1.96014
78720,3.30295,9083.44,1.96111
78780,3.40425,8593.18,1.96101
78840,3.61112,9032.1,1.96152
78900,3.59242,9017.87,1.95975
78960,3.28331,8477.22,1.96172
79020,3.76535,9861.82,1.95698
79080,3.84392,10596.1,1.95643
79140,3.44681,10081.3,1.95487
79200,3.19145,8842.65,1.95714
79260,3.60363,9301.75,1.9559
79320,3.29414,9291.99,1.9529
79380,3.5836,9496.82,1.95502
79440,3.66127,9405.62,1.95359
79500,3.28152,8657.09,1.95373
79560,3.10539,8682.3,1.95352
79620,3.20509,8619.05,1.9513
79680,3.15527,8478.21,1.95242
79740,2.97275,7948.95,1.95193
79800,2.82685,7750.0,1.95657
79860,2.87025,8020.55,1.952
79920,2.78368,8056.79,1.95152
79980,2.83588,8214.4,1.94789
80040,2.93383,9302.81,1.95
80100,2.9368,8635.65,1.95138
80160,2.95158,8950.61,1.95464
80220,2.67701,8510.2,1.9541
80280,2.97868,9015.32,1.95293
80340,3.04808,8733.57,1.95838
80400,2.86978,9076.69,1.95854
80460,2.83535,8623.91,1.95993
80520,2.83366,8989.82,1.95566
80580,2.67551,8387.21,1.95694
80640,2.90552,8769.96,1.95939
80700,2.92134,8667.23,1.96052
80760,2.9452,9110.4,1.9633
80820,2.80815,8531.39,1.95796
80880,2.64593,8268.2,1.9606
80940,2.74731,8498.91,1.9594
81000,2.93467,8682.07,1.95823
81060,2.6175,8021.36,1.96254
81120,2.92951,8247.6,1.96036
81180,2.91423,8742.59,1.96198
81240,3.10535,9172.36,1.96226
81300,3.12932,9312.97,1.96346
81360,2.47211,8390.47,1.95733
81420,2.68414,8114.27,1.95463
81480,2.49324,8242.25,1.95796
81540,2.75249,8348.8,1.95833
81600,2.80012,8731.94,1.96208
81660,2.87812,9303.39,1.96035
81720,2.9098,9227.25,1.96125
81780,2.88468,8621.96,1.96333
81840,2.96785,8567.51,1.96085
81900,3.16233,8906.23,1.9613
81960,2.91782,9590.8,1.96052
82020,2.75902,9211.74,1.95495
82080,2.80702,8573.86,1.9518
82140,2.42206,8851.55,1.94786
82200,2.54171,8638.64,1.95223
82260,2.68541,8233.13,1.95567
82320,2.4833,8395.8,1.95553
82380,2.58252,8544.37,1.95259
82440,2.49076,8092.41,1.95233
82500,2.80363,8735.58,1.94994
82560,2.54764,9030.04,1.95023
82620,2.68539,8831.92,1.95275
82680,2.82664,9702.25,1.95064
82740,2.74836,9446.92,1.94833
82800,2.56747,9031.88,1.94736
82860,2.7175,9572.44,1.9444
82920,2.54194,8381.4,1.9434
82980,2.55377,8433.13,1.94249
83040,2.49538,7968.06,1.9461
83100,2.76196,8587.7,1.9485
83160,2.89392,9226.81,1.9475
83220,2.56782,9129.74,1.94197
83280,2.38566,8798.98,1.94083
83340,2.45784,8961.26,1.94112
83400,2.4602,9113.93,1.93955
83460,2.65269,9295.21,1.93801
83520,2.36257,9212.23,1.93272
83580,2.17494,8928.18,1.93149
83640,2.17772,8824.59,1.93254
83700,1.93005,7829.24,1.93133
83760,1.55081,7370.96,1.93301
83820,1.97008,7689.45,1.93218
83880,1.99177,7880.26,1.93379
83940,2.21248,8938.08,1.93276
84000,2.25324,9536.6,1.9315
84060,2.7758,9761.9,1.93359
84120,2.35645,8275.75,1.93486
84180,2.29429,8335.46,1.93613
84240,2.61274,8387.13,1.93967
84300,2.73546,8644.53,1.94313
84360,2.61326,9055.84,1.94164
84420,2.75922,8755.05,1.94139
84480,2.75207,8720.84,1.94396
84540,2.64343,7983.31,1.94821
84600,2.73324,8126.74,1.94952
84660,2.95329,8164.63,1.95052
84720,2.80597,8277.59,1.94893
84780,2.87603,8264.45,1.94992
84840,2.98355,8866.75,1.95116
84900,3.12674,8123.71,1.95246
84960,2.93079,7779.09,1.95466
85020,2.94823,8754.25,1.95079
85080,3.04196,8372.07,1.95275
85140,2.80349,8320.1,1.94989
85200,3.06144,8465.98,1.9514
85260,3.03917,8653.58,1.95307
85320,3.01625,8476.43,1.94915
85380,2.94066,8257.63,1.95079
85440,2.78035,8556.3,1.95221
85500,2.90649,8407.13,1.95235
85560,2.57954,8140.28,1.95065
85620,3.0132,8134.28,1.95381
85680,2.75492,8609.89,1.95248
85740,2.72828,8381.0,1.95008
85800,2.64127,8476.31,1.95069
85860,2.7578,8350.9,1.95165
85920,2.86088,8562.4,1.9558
85980,3.10421,8705.94,1.95332
86040,2.85157,8642.46,1.95528
86100,3.14338,9081.4,1.95356
86160,3.02429,8856.57,1.95357
86220,2.8504,8376.15,1.95627
86280,2.84763,8445.27,1.95176
86340,-9999.0,-9999.0,-9999.0
