CampaignData_and_Merges/R0/CSL_MobileLab_Parked/raw/20240808/USOS-NOAAIodideCIMS-HCOOH_MobileLabGround_20240808_RA.ict
33, 1001
Michael A Robinson, Chris Jernigan, Subi Thakali
NOAA ESRL Chemical Sciences Laboratory and CIRES, U. of Colorado
NOAA Iodide CIMS Instrument
USOS
1, 1
2024, 08, 08, 2024, 08, 09
1
starttime_UTC, seconds_past_midnight, seconds_of_day_since_00:00:00_UTC
1
1
-9999
HCOOH_NOAACIMS, pptv, Gas_HCOOH_InSitu_S_AVMR, 
0
18
PI_CONTACT_INFO: 325 Broadway, R/CSD 7, Boulder, Colorado 80305; michael.a.robinson@noaa.gov; chris.jernigan@noaa.gov;
PLATFORM: NOAA CSL Mobile Lab
LOCATION: SLC, Utah
ASSOCIATED_DATA: 1Hz data also available on request.
INSTRUMENT_INFO: NOAA I- ToF CIMS
DATA_INFO: All data in parts per trillion by volume (pptv). 1 Hz data is available upon request.
UNCERTAINTY: TBD
ULOD_FLAG: -7777
ULOD_VALUE: N/A
LLOD_FLAG: -8888
LLOD_VALUE: N/A
DM_CONTACT_INFO: Nathan Howard; nathan.h.howard@noaa.gov
PROJECT_INFO: USOS, summer 2024. https://csl.noaa.gov/groups/csl7/measurements/2024usos/
STIPULATIONS_ON_USE: Users are strongly encouraged to contact the PI for proper data usage.
OTHER_COMMENTS: 
REVISION: RA
RA: Preliminary Data; For in-field use only
starttime_UTC, HCOOH_NOAACIMS
     0, 633.785
    60, 653.660
   120, 641.818
   180, 653.826
   240, 656.562
   300, 646.579
   360, 638.366
   420, 643.717
   480, 685.488
   540, 701.299
   600, 737.188
   660, 749.170
   720, 742.120
   780, 679.336
   840, 712.178
   900, 770.779
   960, 736.722
  1020, 713.296
  1080, 740.127
  1140, 760.373
  1200, 758.232
  1260, 768.328
  1320, 766.493
  1380, 747.533
  1440, 761.701
  1500, 767.830
  1560, 735.514
  1620, 733.869
  1680, -9999.000
  1740, 704.182
  1800, 759.703
  1860, 798.385
  1920, 741.662
  1980, 795.390
  2040, 868.704
  2100, 834.281
  2160, 882.879
  2220, 832.045
  2280, 802.715
  2340, 811.266
  2400, 821.163
  2460, 859.120
  2520, 835.212
  2580, 826.752
  2640, 796.823
  2700, 837.614
  2760, 836.586
  2820, -9999.000
  2880, -9999.000
  2940, -9999.000
  3000, -9999.000
  3060, -9999.000
  3120, -9999.000
  3180, -9999.000
  3240, -9999.000
  3300, -9999.000
  3360, -9999.000
  3420, -9999.000
  3480, -9999.000
  3540, -9999.000
  3600, -9999.000
  3660, -9999.000
  3720, -9999.000
  3780, -9999.000
  3840, -9999.000
  3900, -9999.000
  3960, -9999.000
  4020, -9999.000
  4080, -9999.000
  4140, -9999.000
  4200, -9999.000
  4260, -9999.000
  4320, -9999.000
  4380, -9999.000
  4440, -9999.000
  4500, -9999.000
  4560, -9999.000
  4620, -9999.000
  4680, -9999.000
  4740, -9999.000
  4800, -9999.000
  4860, -9999.000
  4920, -9999.000
  4980, -9999.000
  5040, -9999.000
  5100, -9999.000
  5160, -9999.000
  5220, -9999.000
  5280, -9999.000
  5340, -9999.000
  5400, -9999.000
  5460, -9999.000
  5520, -9999.000
  5580, -9999.000
  5640, -9999.000
  5700, -9999.000
  5760, -9999.000
  5820, -9999.000
  5880, -9999.000
  5940, -9999.000
  6000, -9999.000
  6060, -9999.000
  6120, -9999.000
  6180, -9999.000
  6240, -9999.000
  6300, -9999.000
  6360, -9999.000
  6420, -9999.000
  6480, -9999.000
  6540, -9999.000
  6600, -9999.000
  6660, -9999.000
  6720, -9999.000
  6780, -9999.000
  6840, -9999.000
  6900, -9999.000
  6960, -9999.000
  7020, -9999.000
  7080, -9999.000
  7140, -9999.000
  7200, -9999.000
  7260, -9999.000
  7320, -9999.000
  7380, -9999.000
  7440, -9999.000
  7500, -9999.000
  7560, -9999.000
  7620, -9999.000
  7680, -9999.000
  7740, -9999.000
  7800, -9999.000
  7860, -9999.000
  7920, -9999.000
  7980, -9999.000
  8040, -9999.000
  8100, -9999.000
  8160, -9999.000
  8220, -9999.000
  8280, -9999.000
  8340, -9999.000
  8400, -9999.000
  8460, -9999.000
  8520, -9999.000
  8580, -9999.000
  8640, -9999.000
  8700, -9999.000
  8760, -9999.000
  8820, -9999.000
  8880, -9999.000
  8940, -9999.000
  9000, -9999.000
  9060, -9999.000
  9120, -9999.000
  9180, -9999.000
  9240, -9999.000
  9300, -9999.000
  9360, -9999.000
  9420, -9999.000
  9480, -9999.000
  9540, -9999.000
  9600, -9999.000
  9660, -9999.000
  9720, -9999.000
  9780, -9999.000
  9840, -9999.000
  9900, -9999.000
  9960, 2104.502
 10020, 2200.032
 10080, 2235.007
 10140, 2195.423
 10200, 2197.168
 10260, 2246.711
 10320, 2325.572
 10380, 2306.389
 10440, 2245.419
 10500, 2224.390
 10560, 2231.899
 10620, 2224.322
 10680, 2282.265
 10740, 2205.031
 10800, 2282.970
 10860, 2197.397
 10920, -9999.000
 10980, 2302.896
 11040, 2293.437
 11100, 2239.724
 11160, 2212.317
 11220, 2122.039
 11280, 2108.040
 11340, 2194.066
 11400, 2156.195
 11460, 2186.303
 11520, 2215.869
 11580, 2104.749
 11640, 2089.178
 11700, 2067.370
 11760, 2073.060
 11820, 1989.209
 11880, 1996.369
 11940, 1933.431
 12000, 1883.744
 12060, 1898.489
 12120, 1895.566
 12180, 1965.826
 12240, 1931.997
 12300, 1889.276
 12360, 1956.043
 12420, 1877.523
 12480, 1895.076
 12540, 1872.235
 12600, 1837.033
 12660, 1778.963
 12720, 1770.217
 12780, 1936.454
 12840, 1763.407
 12900, 1840.208
 12960, 1882.837
 13020, 1849.675
 13080, 1869.809
 13140, 1874.982
 13200, 1902.922
 13260, 1810.544
 13320, 1823.943
 13380, 1752.348
 13440, 1754.506
 13500, 1710.798
 13560, 1678.392
 13620, 1747.988
 13680, 1701.419
 13740, 1720.179
 13800, 1703.180
 13860, 1713.752
 13920, 1793.706
 13980, 1784.682
 14040, 1739.514
 14100, 1793.153
 14160, 1820.669
 14220, 1814.178
 14280, 1737.663
 14340, 1833.742
 14400, 1722.170
 14460, 1768.312
 14520, 1796.913
 14580, 1846.636
 14640, 1728.000
 14700, 1775.311
 14760, 1809.108
 14820, 1747.710
 14880, 1735.825
 14940, 1742.265
 15000, 1752.408
 15060, 1760.502
 15120, 1718.302
 15180, 1777.045
 15240, 1769.905
 15300, 1740.971
 15360, 1819.020
 15420, 1750.472
 15480, 1727.451
 15540, 1708.236
 15600, 1698.257
 15660, 1682.389
 15720, 1746.836
 15780, 1736.361
 15840, 1745.024
 15900, 1706.031
 15960, 1758.758
 16020, 1730.091
 16080, 1737.279
 16140, 1738.585
 16200, 1697.853
 16260, 1687.786
 16320, 1692.374
 16380, 1685.223
 16440, 1694.370
 16500, 1617.494
 16560, 1627.999
 16620, 1645.765
 16680, 1668.389
 16740, 1614.967
 16800, 1627.765
 16860, 1701.853
 16920, 1701.618
 16980, 1658.779
 17040, 1631.549
 17100, 1675.216
 17160, 1654.412
 17220, 1596.846
 17280, 1708.035
 17340, 1733.792
 17400, 1618.869
 17460, 1632.675
 17520, 1635.711
 17580, 1628.491
 17640, 1627.124
 17700, 1624.981
 17760, 1656.429
 17820, 1661.757
 17880, 1653.203
 17940, 1627.788
 18000, 1612.639
 18060, 1623.144
 18120, 1556.351
 18180, 1575.257
 18240, 1540.324
 18300, -9999.000
 18360, 1577.723
 18420, 1558.291
 18480, 1521.191
 18540, 1569.147
 18600, 1614.341
 18660, 1599.620
 18720, 1564.904
 18780, 1551.985
 18840, 1557.229
 18900, 1524.175
 18960, 1531.825
 19020, 1557.809
 19080, 1558.673
 19140, 1543.296
 19200, 1551.532
 19260, 1560.358
 19320, 1536.687
 19380, 1560.763
 19440, 1529.679
 19500, 1528.405
 19560, 1540.824
 19620, 1583.206
 19680, 1582.577
 19740, 1509.062
 19800, 1579.041
 19860, 1608.136
 19920, 1702.344
 19980, 1716.454
 20040, 1711.339
 20100, 1720.016
 20160, -9999.000
 20220, 1652.793
 20280, 1686.182
 20340, 1701.220
 20400, 1741.679
 20460, 1773.755
 20520, 1758.343
 20580, 1718.124
 20640, 1706.085
 20700, 1739.496
 20760, 1744.468
 20820, 1753.098
 20880, 1731.108
 20940, 1737.817
 21000, 1753.974
 21060, 1837.060
 21120, 1867.707
 21180, 1831.179
 21240, 1900.459
 21300, 1926.220
 21360, 1879.861
 21420, 1858.146
 21480, 1850.333
 21540, 1896.165
 21600, 1930.603
 21660, 1949.310
 21720, 1959.822
 21780, 1970.335
 21840, 2013.741
 21900, 2033.293
 21960, 2062.524
 22020, -9999.000
 22080, 2005.252
 22140, 1968.165
 22200, 1935.303
 22260, 2049.408
 22320, 2081.682
 22380, 2059.146
 22440, 2065.535
 22500, 2057.980
 22560, 2041.029
 22620, 2088.874
 22680, 2112.647
 22740, 2169.047
 22800, 2141.804
 22860, 2086.489
 22920, 2031.080
 22980, 2042.534
 23040, 2134.170
 23100, 2197.618
 23160, 2132.444
 23220, 2056.559
 23280, 2069.372
 23340, 2115.618
 23400, 2117.498
 23460, 2132.269
 23520, 2130.471
 23580, 2112.871
 23640, 2072.383
 23700, 2099.496
 23760, 2253.083
 23820, 2249.484
 23880, 2126.660
 23940, 2125.925
 24000, 2098.142
 24060, 2136.556
 24120, 2169.855
 24180, 2140.344
 24240, 2144.442
 24300, 2184.176
 24360, 2197.613
 24420, 2309.231
 24480, 2294.746
 24540, 2256.842
 24600, 2300.269
 24660, 2314.548
 24720, 2279.140
 24780, 2265.061
 24840, 2339.987
 24900, 2303.364
 24960, 2241.160
 25020, 2229.657
 25080, 2215.513
 25140, 2186.314
 25200, 2154.865
 25260, 2156.715
 25320, 2245.734
 25380, 2263.031
 25440, 2242.270
 25500, 2284.808
 25560, 2289.340
 25620, 2265.512
 25680, -9999.000
 25740, 2289.770
 25800, 2325.628
 25860, 2301.243
 25920, 2395.899
 25980, 2308.474
 26040, 2318.854
 26100, 2306.213
 26160, 2330.316
 26220, 2357.429
 26280, 2341.815
 26340, 2264.163
 26400, 2243.229
 26460, 2176.036
 26520, 2173.361
 26580, 2267.906
 26640, 2319.465
 26700, 2256.482
 26760, 2340.915
 26820, 2356.431
 26880, 2434.559
 26940, 2427.396
 27000, 2457.097
 27060, 2398.146
 27120, 2420.397
 27180, 2341.496
 27240, 2322.955
 27300, 2315.260
 27360, 2377.700
 27420, 2405.320
 27480, 2387.641
 27540, -9999.000
 27600, 2367.079
 27660, 2355.851
 27720, 2409.640
 27780, 2340.818
 27840, 2305.239
 27900, 2336.462
 27960, 2355.511
 28020, 2354.724
 28080, 2321.763
 28140, 2348.838
 28200, 2306.508
 28260, 2312.823
 28320, 2370.411
 28380, 2370.193
 28440, 2201.349
 28500, 2159.168
 28560, 2089.872
 28620, 2420.301
 28680, 2240.649
 28740, 2202.813
 28800, 2249.510
 28860, 2175.635
 28920, 2070.571
 28980, 2044.924
 29040, 1999.780
 29100, 1961.068
 29160, 2271.175
 29220, 2309.697
 29280, 2282.605
 29340, 2335.209
 29400, -9999.000
 29460, 2272.139
 29520, 2341.104
 29580, 2468.755
 29640, 2568.365
 29700, 2478.413
 29760, 2426.907
 29820, 2450.616
 29880, 2396.500
 29940, 2419.964
 30000, 2422.125
 30060, 2437.820
 30120, 2436.429
 30180, 2402.025
 30240, 2372.716
 30300, 2410.896
 30360, 2370.417
 30420, 2429.012
 30480, 2446.347
 30540, 2427.351
 30600, 2450.095
 30660, 2497.059
 30720, 2452.786
 30780, 2458.497
 30840, 2570.379
 30900, 2646.635
 30960, 2722.341
 31020, 2803.830
 31080, 2702.923
 31140, 2591.495
 31200, 2505.505
 31260, 2624.103
 31320, 2612.998
 31380, 2524.701
 31440, 2557.036
 31500, 2600.649
 31560, 2608.786
 31620, 2671.757
 31680, 2663.222
 31740, 2575.639
 31800, 2559.741
 31860, 2569.380
 31920, 2646.004
 31980, 2599.123
 32040, 2507.698
 32100, 2436.096
 32160, 2389.062
 32220, 2513.701
 32280, 2696.232
 32340, 2609.552
 32400, 2576.503
 32460, 2658.395
 32520, 2627.394
 32580, 2632.918
 32640, 2603.517
 32700, 2592.357
 32760, 2624.062
 32820, 2611.625
 32880, 2661.204
 32940, 2717.497
 33000, 2871.682
 33060, 2611.453
 33120, 2764.036
 33180, 2672.005
 33240, 2684.304
 33300, 2708.581
 33360, 2644.163
 33420, 2636.164
 33480, 2670.576
 33540, 2743.939
 33600, 2690.529
 33660, 2725.212
 33720, 2799.291
 33780, 2867.642
 33840, 2908.760
 33900, 2806.385
 33960, 2842.058
 34020, 2972.496
 34080, 3175.811
 34140, 3074.230
 34200, 2950.625
 34260, 2746.031
 34320, 2778.018
 34380, 2830.768
 34440, 2844.716
 34500, 2893.063
 34560, 2910.644
 34620, 2917.349
 34680, 2862.506
 34740, 2830.942
 34800, 2861.947
 34860, 2918.482
 34920, 2942.093
 34980, 2983.380
 35040, 3091.579
 35100, 3119.625
 35160, 3093.083
 35220, 3077.944
 35280, 3141.387
 35340, 3123.118
 35400, 3055.006
 35460, 3080.375
 35520, 3154.690
 35580, 3030.935
 35640, 3227.771
 35700, 3258.440
 35760, 3194.984
 35820, 3346.771
 35880, 3338.411
 35940, 3304.326
 36000, 3263.467
 36060, 3245.013
 36120, 3187.059
 36180, 3264.962
 36240, 3164.740
 36300, 3168.175
 36360, 3334.428
 36420, 3380.805
 36480, 3396.046
 36540, 3296.076
 36600, 3285.522
 36660, 3293.255
 36720, 3314.878
 36780, -9999.000
 36840, 3225.394
 36900, 3281.225
 36960, 3325.632
 37020, 3332.138
 37080, 3219.918
 37140, 3440.943
 37200, 3366.212
 37260, 3387.150
 37320, 3355.979
 37380, 3304.053
 37440, 3244.056
 37500, 3394.178
 37560, 3347.583
 37620, 3146.375
 37680, 3122.138
 37740, 3139.326
 37800, 3284.952
 37860, 3237.914
 37920, 3237.766
 37980, 3271.652
 38040, 3243.661
 38100, 3329.224
 38160, 3434.702
 38220, 3536.555
 38280, 3556.152
 38340, 3546.291
 38400, 3501.147
 38460, 3438.700
 38520, 3373.639
 38580, 3498.717
 38640, -9999.000
 38700, 3403.482
 38760, 3435.324
 38820, 3527.111
 38880, 3568.998
 38940, 3570.534
 39000, 3549.072
 39060, 3562.929
 39120, 3569.474
 39180, 3668.265
 39240, 3703.755
 39300, 3713.765
 39360, 3680.357
 39420, 3668.806
 39480, 3591.756
 39540, 3537.277
 39600, 3522.003
 39660, 3574.453
 39720, 3623.434
 39780, 3544.142
 39840, 3515.713
 39900, 3515.902
 39960, 3528.535
 40020, 3432.908
 40080, 3415.929
 40140, 3337.476
 40200, 3271.710
 40260, 3230.274
 40320, 3250.606
 40380, 3258.824
 40440, 3223.306
 40500, -9999.000
 40560, 3193.234
 40620, 3115.687
 40680, 3124.100
 40740, 3112.255
 40800, 3213.178
 40860, 3235.086
 40920, 3261.795
 40980, 3250.799
 41040, 3281.727
 41100, 3316.648
 41160, 3274.011
 41220, 3251.276
 41280, 3165.603
 41340, 3048.790
 41400, 3031.448
 41460, 2910.389
 41520, 2882.112
 41580, 2897.549
 41640, 2861.524
 41700, 2820.382
 41760, 2742.050
 41820, 2802.567
 41880, 2815.480
 41940, 2797.244
 42000, 2783.819
 42060, 2802.554
 42120, 2762.652
 42180, 2817.009
 42240, 2911.460
 42300, 2885.743
 42360, 2759.553
 42420, 2854.743
 42480, 2892.340
 42540, 2892.897
 42600, 2875.617
 42660, 2833.749
 42720, 2744.382
 42780, 2804.858
 42840, 2989.372
 42900, 2926.739
 42960, 2930.214
 43020, 2888.095
 43080, 3021.170
 43140, 3095.875
 43200, 3045.724
 43260, 3040.258
 43320, 3136.289
 43380, 3123.416
 43440, 3120.695
 43500, 3102.631
 43560, 3100.155
 43620, 3137.690
 43680, 3101.074
 43740, 3135.599
 43800, 3066.839
 43860, 3052.392
 43920, 3067.107
 43980, 3099.104
 44040, 3077.211
 44100, 3145.405
 44160, -9999.000
 44220, 3055.074
 44280, 3200.464
 44340, 3372.259
 44400, 3395.314
 44460, 3421.263
 44520, 3320.653
 44580, 3170.089
 44640, 3107.666
 44700, 3076.546
 44760, 3173.785
 44820, 3135.176
 44880, 3093.309
 44940, 3104.049
 45000, 3062.911
 45060, 3105.039
 45120, 3233.327
 45180, 3201.976
 45240, 3292.450
 45300, 3321.476
 45360, 3344.582
 45420, 3306.242
 45480, 3236.538
 45540, 3234.873
 45600, 3190.894
 45660, 3183.655
 45720, 3104.315
 45780, 3216.434
 45840, 3244.889
 45900, 3267.986
 45960, 3255.458
 46020, -9999.000
 46080, 3330.403
 46140, 3326.362
 46200, 3339.451
 46260, 3384.253
 46320, 3437.088
 46380, 3518.826
 46440, 3509.704
 46500, 3529.447
 46560, 3464.527
 46620, 3506.919
 46680, 3480.454
 46740, 3456.130
 46800, 3636.865
 46860, 4127.242
 46920, 3893.537
 46980, 3732.565
 47040, 3483.902
 47100, 3359.411
 47160, 3301.642
 47220, 3300.835
 47280, 3285.065
 47340, 3253.657
 47400, 3173.938
 47460, 3131.556
 47520, 3080.599
 47580, 3115.741
 47640, 3064.291
 47700, 3065.959
 47760, 2985.213
 47820, 2988.108
 47880, -9999.000
 47940, 2929.103
 48000, 2907.979
 48060, 2898.699
 48120, 2905.176
 48180, 2935.585
 48240, 2987.717
 48300, 2969.093
 48360, 3021.255
 48420, 3073.633
 48480, 3020.624
 48540, 2956.966
 48600, 2958.089
 48660, 3016.928
 48720, 3028.647
 48780, 2907.487
 48840, 2808.955
 48900, 2721.447
 48960, 2732.187
 49020, 2696.903
 49080, 2731.982
 49140, 2655.009
 49200, 2647.026
 49260, 2596.033
 49320, 2550.588
 49380, 2492.075
 49440, 2618.371
 49500, 2774.746
 49560, 2842.686
 49620, 2915.145
 49680, 2905.823
 49740, 2724.457
 49800, 2658.868
 49860, 2741.208
 49920, 2825.502
 49980, 2757.607
 50040, 2787.256
 50100, 2830.391
 50160, 2819.944
 50220, 2809.123
 50280, 2810.798
 50340, 2853.049
 50400, 2929.179
 50460, 2873.525
 50520, 2756.883
 50580, 2763.027
 50640, 2746.956
 50700, 2681.382
 50760, 2641.435
 50820, 2700.791
 50880, 2665.861
 50940, 2721.504
 51000, 2717.517
 51060, 2575.881
 51120, 2550.727
 51180, 2605.992
 51240, 2626.545
 51300, 2570.966
 51360, 2503.025
 51420, 2531.529
 51480, 2540.318
 51540, 2531.940
 51600, 2585.253
 51660, 2646.661
 51720, 2656.163
 51780, 2668.937
 51840, 2639.503
 51900, 2551.335
 51960, 2618.020
 52020, 2640.617
 52080, 2782.967
 52140, 2766.843
 52200, 2805.769
 52260, 2772.161
 52320, 2823.703
 52380, 2822.322
 52440, 2734.100
 52500, 2658.140
 52560, 2537.610
 52620, 2597.655
 52680, 2576.711
 52740, 2557.756
 52800, 2600.900
 52860, 2657.289
 52920, 2655.914
 52980, 2686.612
 53040, 2627.544
 53100, 2593.717
 53160, 2563.629
 53220, 2556.781
 53280, 2565.039
 53340, 2480.301
 53400, 2462.960
 53460, 2344.646
 53520, 2319.838
 53580, 2352.151
 53640, 2368.036
 53700, 2368.974
 53760, 2321.049
 53820, 2222.864
 53880, 2255.258
 53940, 2349.663
 54000, 2397.721
 54060, 2278.844
 54120, 2159.109
 54180, 2188.839
 54240, 2263.246
 54300, 2195.770
 54360, 2124.205
 54420, 2084.685
 54480, 2184.273
 54540, 2187.125
 54600, 2137.282
 54660, 2072.305
 54720, 1994.169
 54780, 2082.002
 54840, 2110.337
 54900, 2029.596
 54960, 1938.983
 55020, 2000.119
 55080, 2117.670
 55140, -9999.000
 55200, -9999.000
 55260, -9999.000
 55320, -9999.000
 55380, -9999.000
 55440, -9999.000
 55500, -9999.000
 55560, -9999.000
 55620, -9999.000
 55680, -9999.000
 55740, -9999.000
 55800, -9999.000
 55860, -9999.000
 55920, -9999.000
 55980, -9999.000
 56040, -9999.000
