CampaignData_and_Merges/R0/CSL_MobileLab_Parked/raw/20240803/USOS-MetNav_MobileLabGround_20240803_R0.ict
44, 1001
Carrie Womack, Nate Howard, Mike Zucker
NOAA Chemical Sciences Laboratory
Mobile Lab MetNav Station
USOS
1, 1
2024, 08, 03, 2024, 12, 21
60
Time_Start, seconds_past_midnight, Seconds from midnight UTC
11
1, 1, 1, 1, 1, 1, 1, 1, 1, 1, 1
-9999, -9999, -9999, -9999, -9999, -9999, -9999, -9999, -9999, -9999, -9999
GPS_Alt_m, meters, Altitude from Differential GPS
GPS_Course_deg, degrees, Course from Differential GPS
GPS_GndSpd_m_s, m/s, Ground Speed from Differential GPS
GPS_Heading_deg, degrees, Heading from Differential GPS
GPS_Lat_deg, degrees, Latitude from Differential GPS
GPS_Lon_deg, degrees, Longitude from Differential GPS
AirTemp_C, Celsius, Air Temperature from Airmar
RelHumidity_pct, percent, Relative Humidity from Airmar
Pressure_mb, millibars, Pressure from Honeywell
WindDir_calc_deg, degrees, Wind Direction from Airmar corrected for van movement
WindSpd_calc_m_s, m/s, Wind Speed from Airmar corrected for van movement
1
SPECIAL COMMENTS:
18
PI_CONTACT_INFO: Address: 325 Broadway R/CSL7, Boulder, CO, 80305
PLATFORM: CSL Mobile Lab
LOCATION: Salt Lake City, UT
ASSOCIATED_DATA: N/A
INSTRUMENT_INFO: N/A
DATA_INFO: Units:
UNCERTAINTY: N/A
ULOD_FLAG: -7777
ULOD_VALUE: N/A
LLOD_FLAG: -8888
LLOD_VALUE: N/A
DM_CONTACT_INFO: Data Manager: Nate Howard
PROJECT_INFO: 
STIPULATIONS_ON_USE: Use of these data require prior ok from PI.
OTHER_COMMENTS: 
REVISION: R0
R0: Final data. Fixed bug in wind averaging code. RA: Preliminary Data. For in-field use only. 
Time_Start, GPS_Alt_m, GPS_Course_deg, GPS_GndSpd_m_s, GPS_Heading_deg, GPS_Lat_deg, GPS_Lon_deg, AirTemp_C, RelHumidity_pct, Pressure_mb, WindDir_calc_deg, WindSpd_calc_m_s
[from data line 212]
12720.0,1307.6,2.38,0.05,2.38,40.73434,-111.87211,28.7,22.1,878.3,117.02,1.0
12780.0,1307.7,2.89,0.04,2.89,40.73434,-111.87211,28.7,22.2,878.3,119.51,1.0
12840.0,1307.8,3.88,0.04,3.88,40.73434,-111.87211,28.7,22.4,878.3,110.53,0.9
12900.0,1307.9,3.90,0.05,3.90,40.73434,-111.87211,28.6,22.4,878.3,113.83,0.8
12960.0,1308.1,3.65,0.04,3.65,40.73434,-111.87211,28.5,22.9,878.4,111.82,1.1
13020.0,1308.3,2.95,0.05,2.95,40.73434,-111.87211,28.5,23.0,878.4,125.39,1.3
13080.0,1308.5,3.33,0.05,3.33,40.73434,-111.87210,28.5,23.0,878.4,114.43,1.1
13140.0,1308.4,3.43,0.05,3.43,40.73434,-111.87211,28.3,24.7,878.4,118.43,1.7
13200.0,1308.3,3.51,0.06,3.51,40.73434,-111.87211,28.3,24.3,878.4,122.08,0.9
13260.0,1308.5,3.57,0.06,3.57,40.73434,-111.87211,28.3,22.9,878.4,103.83,0.8
13320.0,1308.7,3.73,0.05,3.73,40.73434,-111.87211,28.2,22.4,878.4,110.41,1.0
13380.0,1308.9,3.68,0.06,3.68,40.73434,-111.87210,28.2,22.7,878.4,113.74,1.3
13440.0,1308.8,3.54,0.06,3.54,40.73434,-111.87211,28.2,23.4,878.4,116.39,1.0
13500.0,1309.2,3.40,0.06,3.40,40.73434,-111.87210,28.2,22.3,878.4,108.77,0.6
13560.0,1309.3,3.66,0.05,3.66,40.73434,-111.87210,28.2,22.3,878.4,99.08,0.4
13620.0,1309.1,3.43,0.06,3.43,40.73434,-111.87210,28.2,22.6,878.4,127.87,0.6
13680.0,1308.7,3.29,0.06,3.29,40.73434,-111.87211,28.2,22.3,878.4,115.34,0.6
13740.0,1308.7,3.29,0.05,3.29,40.73434,-111.87210,28.2,22.3,878.4,129.78,0.8
13800.0,1308.2,2.99,0.05,2.99,40.73434,-111.87210,28.2,22.5,878.4,127.84,0.8
13860.0,1308.3,2.82,0.06,2.82,40.73434,-111.87211,28.2,22.4,878.4,119.45,0.7
13920.0,1308.1,3.10,0.06,3.10,40.73434,-111.87211,28.2,22.3,878.4,131.01,1.0
13980.0,1307.9,3.10,0.06,3.10,40.73434,-111.87210,28.2,22.7,878.4,126.87,0.9
14040.0,1307.8,3.05,0.05,3.05,40.73434,-111.87210,28.2,22.5,878.4,124.56,1.1
14100.0,1307.9,3.09,0.05,3.09,40.73434,-111.87210,28.2,23.0,878.3,115.77,1.0
14160.0,1308.0,3.11,0.05,3.11,40.73434,-111.87211,28.2,23.4,878.3,132.83,1.0
14220.0,1308.3,2.62,0.06,2.62,40.73434,-111.87211,28.1,23.0,878.4,119.98,0.7
14280.0,1308.4,2.48,0.05,2.48,40.73434,-111.87211,28.1,22.6,878.4,125.56,0.9
14340.0,1308.4,2.37,0.05,2.37,40.73434,-111.87210,28.1,22.7,878.4,128.07,0.9
14400.0,1308.5,2.56,0.05,2.56,40.73434,-111.87210,28.1,22.9,878.4,123.61,1.1
14460.0,1308.6,2.84,0.05,2.84,40.73434,-111.87210,28.1,22.7,878.3,121.32,1.1
14520.0,1308.6,2.69,0.05,2.69,40.73434,-111.87210,28.0,23.1,878.3,120.35,1.6
14580.0,1308.4,2.82,0.06,2.82,40.73434,-111.87210,28.0,23.3,878.3,123.91,1.3
14640.0,1308.4,3.02,0.05,3.02,40.73434,-111.87211,28.0,23.4,878.3,125.58,1.1
14700.0,1308.3,2.33,0.05,2.33,40.73434,-111.87211,28.0,23.1,878.3,112.36,0.7
14760.0,1308.1,2.29,0.05,2.29,40.73434,-111.87211,28.0,23.0,878.4,110.69,0.7
14820.0,1308.0,2.36,0.05,2.36,40.73434,-111.87211,28.0,23.6,878.4,124.88,1.0
14880.0,1307.7,2.45,0.06,2.45,40.73434,-111.87211,28.0,22.5,878.4,110.03,0.6
14940.0,1307.5,2.38,0.05,2.38,40.73434,-111.87211,28.0,22.2,878.4,110.10,1.2
15000.0,1307.5,2.16,0.05,2.16,40.73434,-111.87211,28.0,22.6,878.4,108.60,0.8
15060.0,1307.5,2.19,0.05,2.19,40.73434,-111.87211,28.0,23.1,878.4,121.65,0.9
15120.0,1307.6,2.32,0.06,2.32,40.73434,-111.87211,27.9,22.8,878.4,132.85,0.9
15180.0,1307.8,2.63,0.05,2.63,40.73434,-111.87211,27.9,22.6,878.4,136.34,1.0
15240.0,1307.8,2.69,0.06,2.69,40.73434,-111.87211,27.8,23.9,878.4,122.59,1.7
15300.0,1307.7,2.58,0.05,2.58,40.73434,-111.87211,27.8,23.6,878.4,113.63,1.4
15360.0,1307.7,2.49,0.05,2.49,40.73434,-111.87211,27.8,23.2,878.4,113.71,0.6
15420.0,1307.8,2.29,0.05,2.29,40.73434,-111.87211,27.7,22.5,878.4,123.09,0.9
15480.0,1307.9,2.64,0.05,2.64,40.73434,-111.87211,27.8,22.6,878.4,117.11,0.7
15540.0,1307.9,2.78,0.06,2.78,40.73434,-111.87211,27.8,22.7,878.4,116.13,1.0
15600.0,1307.8,3.01,0.06,3.01,40.73434,-111.87211,27.7,23.2,878.4,115.67,1.3
15660.0,1307.8,3.23,0.05,3.23,40.73434,-111.87211,27.7,22.6,878.4,122.99,1.0
15720.0,1307.8,3.22,0.05,3.22,40.73434,-111.87211,27.7,23.3,878.4,121.30,0.9
15780.0,1307.9,3.35,0.05,3.35,40.73434,-111.87211,27.7,22.5,878.4,124.88,1.0
15840.0,1307.8,3.34,0.05,3.34,40.73434,-111.87211,27.7,23.1,878.4,124.07,1.1
15900.0,1307.8,3.07,0.06,3.07,40.73434,-111.87211,27.7,23.1,878.4,116.96,1.0
15960.0,1307.9,2.66,0.05,2.66,40.73434,-111.87211,27.7,23.0,878.4,122.71,1.0
16020.0,1307.8,2.35,0.05,2.35,40.73434,-111.87211,27.6,22.8,878.4,117.47,1.1
16080.0,1307.7,2.31,0.05,2.31,40.73434,-111.87211,27.6,22.9,878.4,112.66,0.7
16140.0,1308.0,2.44,0.05,2.44,40.73434,-111.87211,27.6,23.0,878.4,124.09,0.9
16200.0,1308.0,2.68,0.05,2.68,40.73434,-111.87211,27.5,23.3,878.4,123.85,1.3
16260.0,1307.9,2.61,0.05,2.61,40.73434,-111.87211,27.5,23.2,878.4,119.84,1.2
16320.0,1307.8,2.51,0.05,2.51,40.73434,-111.87211,27.5,22.7,878.4,113.45,1.1
16380.0,1307.8,2.63,0.05,2.63,40.73434,-111.87211,27.4,23.0,878.4,127.93,1.4
16440.0,1307.7,2.19,0.04,2.19,40.73434,-111.87211,27.5,22.7,878.4,132.42,1.8
16500.0,1307.6,1.96,0.04,1.96,40.73434,-111.87211,27.5,22.6,878.4,132.51,1.8
16560.0,1307.7,2.12,0.04,2.12,40.73434,-111.87211,27.5,24.0,878.4,127.05,1.3
16620.0,1307.7,2.44,0.04,2.44,40.73434,-111.87211,27.4,24.4,878.4,130.32,1.2
16680.0,1307.6,2.48,0.04,2.48,40.73434,-111.87211,27.4,23.8,878.4,122.28,1.3
16740.0,1307.6,2.56,0.04,2.56,40.73434,-111.87211,27.3,23.8,878.4,125.68,1.3
16800.0,1307.5,2.29,0.05,2.29,40.73434,-111.87211,27.3,23.5,878.4,140.71,1.0
16860.0,1307.6,2.17,0.05,2.17,40.73434,-111.87211,27.3,24.8,878.4,126.13,1.2
16920.0,1307.6,1.97,0.05,1.97,40.73434,-111.87211,27.2,24.2,878.4,126.98,1.3
16980.0,1307.6,1.98,0.05,1.98,40.73434,-111.87211,27.3,23.3,878.4,130.99,1.1
17040.0,1307.6,1.73,0.04,1.73,40.73434,-111.87211,27.2,24.7,878.3,123.07,0.8
17100.0,1307.7,1.60,0.04,1.60,40.73434,-111.87211,27.3,23.2,878.3,132.61,0.9
17160.0,1307.5,1.57,0.04,1.57,40.73434,-111.87211,27.2,23.4,878.3,128.08,1.2
17220.0,1307.5,1.15,0.04,1.15,40.73434,-111.87211,27.2,23.6,878.3,135.12,1.2
17280.0,1307.5,0.95,0.05,0.95,40.73434,-111.87211,27.2,24.1,878.3,128.29,1.2
17340.0,1307.6,1.08,0.05,1.08,40.73434,-111.87211,27.1,25.1,878.3,126.11,1.1
17400.0,1307.7,1.57,0.04,1.57,40.73434,-111.87211,27.2,24.5,878.3,128.63,1.4
17460.0,1307.8,1.62,0.05,1.62,40.73434,-111.87211,27.0,24.9,878.3,121.94,1.7
17520.0,1307.8,1.44,0.05,1.44,40.73434,-111.87211,27.0,25.1,878.4,126.32,1.6
17580.0,1307.8,1.73,0.05,1.73,40.73434,-111.87211,27.0,24.6,878.4,129.45,1.3
17640.0,1307.9,1.92,0.05,1.92,40.73434,-111.87211,26.9,25.0,878.3,127.28,1.7
17700.0,1307.9,1.52,0.04,1.52,40.73434,-111.87211,26.9,24.5,878.3,128.63,1.5
17760.0,1307.9,1.19,0.05,1.19,40.73434,-111.87211,26.9,24.4,878.3,130.76,1.7
17820.0,1308.0,1.15,0.04,1.15,40.73434,-111.87211,26.9,24.6,878.3,117.15,0.8
17880.0,1308.1,1.64,0.06,1.64,40.73434,-111.87211,26.9,23.5,878.3,119.32,1.1
17940.0,1308.1,1.12,0.05,1.12,40.73434,-111.87211,26.9,22.7,878.3,107.70,0.8
18000.0,1308.2,0.99,0.05,0.99,40.73434,-111.87211,27.0,22.3,878.3,130.97,0.9
18060.0,1308.2,0.85,0.04,0.85,40.73434,-111.87211,27.0,22.8,878.3,119.94,1.0
18120.0,1308.2,0.73,0.05,0.73,40.73434,-111.87211,27.1,22.8,878.3,139.61,0.9
18180.0,1308.5,1.24,0.05,1.24,40.73434,-111.87211,27.1,23.1,878.3,135.52,1.2
18240.0,1308.5,1.95,0.05,1.95,40.73434,-111.87211,27.0,23.9,878.3,140.56,1.4
18300.0,1308.6,2.17,0.05,2.17,40.73434,-111.87211,27.1,24.5,878.3,146.50,1.3
18360.0,1308.5,2.53,0.05,2.53,40.73434,-111.87211,27.1,26.0,878.3,132.54,1.2
18420.0,1308.8,2.84,0.05,2.84,40.73434,-111.87211,27.0,25.8,878.3,131.59,1.3
18480.0,1308.9,2.36,0.05,2.36,40.73434,-111.87211,27.0,24.7,878.3,129.78,1.1
18540.0,1309.2,2.36,0.05,2.36,40.73434,-111.87211,26.9,24.3,878.3,134.57,1.3
18600.0,1309.2,2.59,0.05,2.59,40.73434,-111.87211,26.9,24.2,878.3,107.53,0.6
18660.0,1309.3,2.52,0.04,2.52,40.73434,-111.87211,26.8,23.2,878.3,108.52,0.5
18720.0,1309.2,2.72,0.05,2.72,40.73434,-111.87211,26.9,23.0,878.2,118.21,0.8
18780.0,1309.5,2.22,0.04,2.22,40.73434,-111.87211,26.9,22.8,878.2,122.49,0.8
18840.0,1309.3,1.84,0.05,1.84,40.73434,-111.87211,26.9,22.9,878.2,123.61,0.9
18900.0,1309.6,2.20,0.05,2.20,40.73434,-111.87211,26.8,23.1,878.2,120.33,0.8
18960.0,1309.5,2.34,0.04,2.34,40.73434,-111.87211,26.8,23.1,878.2,122.01,1.0
19020.0,1309.2,2.55,0.04,2.55,40.73434,-111.87211,26.8,23.4,878.2,122.28,1.2
19080.0,1309.0,2.85,0.04,2.85,40.73434,-111.87211,26.8,22.8,878.1,119.30,0.9
19140.0,1308.9,2.71,0.04,2.71,40.73434,-111.87211,26.8,22.9,878.2,122.55,2.0
19200.0,1308.8,2.80,0.04,2.80,40.73434,-111.87211,26.8,23.4,878.1,134.72,1.7
19260.0,1308.8,2.85,0.04,2.85,40.73434,-111.87211,26.8,22.8,878.1,122.27,2.4
19320.0,1308.9,3.10,0.04,3.10,40.73434,-111.87211,26.8,23.4,878.1,131.27,2.5
19380.0,1308.9,3.30,0.04,3.30,40.73434,-111.87211,26.7,24.1,878.1,123.77,1.7
19440.0,1308.9,3.21,0.04,3.21,40.73434,-111.87211,26.8,22.9,878.1,122.06,1.2
19500.0,1308.9,3.07,0.04,3.07,40.73434,-111.87210,26.8,22.7,878.1,120.52,0.7
19560.0,1308.7,2.51,0.04,2.51,40.73434,-111.87210,26.8,22.8,878.1,130.75,0.4
19620.0,1308.3,2.78,0.04,2.78,40.73434,-111.87211,26.9,22.6,878.1,80.08,0.4
19680.0,1308.3,2.86,0.05,2.86,40.73434,-111.87210,26.9,22.7,878.1,115.22,0.4
19740.0,1308.3,2.92,0.05,2.92,40.73434,-111.87210,27.1,22.6,878.1,133.29,0.3
19800.0,1308.5,2.78,0.05,2.78,40.73434,-111.87210,27.2,22.8,878.1,146.90,0.2
19860.0,1308.6,2.62,0.05,2.62,40.73434,-111.87210,27.3,22.9,878.1,157.90,0.3
19920.0,1308.7,2.79,0.04,2.79,40.73434,-111.87211,27.3,23.0,878.1,157.67,0.7
19980.0,1308.7,2.92,0.04,2.92,40.73434,-111.87211,27.2,23.1,878.1,120.18,0.5
20040.0,1308.6,3.29,0.04,3.29,40.73434,-111.87210,27.2,23.1,878.1,93.00,0.3
20100.0,1308.6,3.34,0.04,3.34,40.73434,-111.87210,27.1,24.5,878.1,110.82,0.8
20160.0,1308.5,3.12,0.04,3.12,40.73434,-111.87210,26.9,24.0,878.1,108.77,0.8
20220.0,1308.5,3.25,0.04,3.25,40.73434,-111.87210,26.8,24.4,878.1,126.32,1.5
20280.0,1308.4,3.35,0.04,3.35,40.73434,-111.87210,26.7,25.1,878.2,129.57,1.0
20340.0,1308.3,3.68,0.04,3.68,40.73434,-111.87210,26.6,24.1,878.1,125.54,0.8
20400.0,1308.3,3.28,0.04,3.28,40.73434,-111.87210,26.5,24.6,878.1,115.46,0.9
20460.0,1308.2,3.23,0.04,3.23,40.73434,-111.87210,26.5,23.2,878.1,112.98,1.3
20520.0,1307.9,3.34,0.04,3.34,40.73434,-111.87210,26.6,23.5,878.1,117.15,1.6
20580.0,1307.9,2.96,0.04,2.96,40.73434,-111.87211,26.5,24.5,878.1,127.20,2.2
20640.0,1307.8,2.57,0.04,2.57,40.73434,-111.87211,26.5,24.0,878.2,136.20,2.3
20700.0,1307.8,2.05,0.04,2.05,40.73434,-111.87211,26.5,23.3,878.2,130.40,2.4
20760.0,1307.7,2.22,0.04,2.22,40.73434,-111.87211,26.5,22.7,878.2,127.40,2.5
20820.0,1307.8,2.34,0.04,2.34,40.73434,-111.87211,26.5,23.5,878.1,118.88,1.6
20880.0,1307.8,2.25,0.04,2.25,40.73434,-111.87210,26.5,22.8,878.1,119.07,2.1
20940.0,1307.7,2.59,0.05,2.59,40.73434,-111.87210,26.6,23.0,878.1,115.36,1.4
21000.0,1307.7,2.79,0.04,2.79,40.73434,-111.87210,26.7,22.4,878.1,115.14,1.4
21060.0,1307.7,2.79,0.05,2.79,40.73434,-111.87210,26.7,22.9,878.1,117.32,1.8
21120.0,1307.7,2.60,0.04,2.60,40.73434,-111.87210,26.6,23.3,878.1,112.45,1.6
21180.0,1307.7,2.73,0.04,2.73,40.73434,-111.87210,26.7,22.0,878.1,111.18,1.9
21240.0,1307.8,3.05,0.04,3.05,40.73434,-111.87210,26.8,22.8,878.1,119.97,1.8
21300.0,1307.8,2.84,0.05,2.84,40.73434,-111.87210,26.8,22.6,878.1,123.19,2.0
21360.0,1307.8,3.01,0.05,3.01,40.73434,-111.87210,26.7,23.7,878.1,123.79,2.0
21420.0,1307.8,3.07,0.05,3.07,40.73434,-111.87210,26.8,22.9,878.1,120.20,1.8
21480.0,1307.9,2.98,0.04,2.98,40.73434,-111.87210,26.8,22.6,878.1,117.79,1.5
21540.0,1307.9,3.09,0.05,3.09,40.73434,-111.87210,26.8,22.4,878.1,111.39,1.3
21600.0,1307.8,3.20,0.05,3.20,40.73434,-111.87210,26.8,22.1,878.1,119.74,1.6
21660.0,1307.8,3.12,0.04,3.12,40.73434,-111.87211,26.8,22.6,878.1,119.91,1.5
21720.0,1308.1,3.12,0.05,3.12,40.73434,-111.87211,26.8,21.6,878.1,116.25,1.4
21780.0,1308.1,3.01,0.05,3.01,40.73434,-111.87211,26.9,21.9,878.1,116.64,1.6
21840.0,1308.0,2.60,0.04,2.60,40.73434,-111.87211,26.9,22.2,878.1,118.34,1.7
21900.0,1308.0,2.32,0.04,2.32,40.73434,-111.87211,26.9,21.7,878.1,116.36,1.6
21960.0,1308.1,2.19,0.04,2.19,40.73434,-111.87211,26.9,21.6,878.1,118.82,1.6
22020.0,1307.9,2.53,0.05,2.53,40.73434,-111.87211,27.0,21.9,878.1,117.73,1.4
22080.0,1307.9,2.93,0.04,2.93,40.73434,-111.87211,27.0,21.6,878.0,118.61,1.5
22140.0,1308.0,2.82,0.05,2.82,40.73434,-111.87211,27.0,21.8,878.1,118.36,1.7
22200.0,1308.2,3.03,0.05,3.03,40.73434,-111.87211,27.0,21.6,878.1,116.95,2.0
22260.0,1308.4,3.20,0.04,3.20,40.73434,-111.87211,26.9,22.0,878.1,118.81,1.3
22320.0,1308.2,3.41,0.05,3.41,40.73434,-111.87211,27.0,21.6,878.1,119.03,1.1
22380.0,1308.3,2.52,0.04,2.52,40.73434,-111.87211,26.9,21.6,878.1,119.55,1.4
22440.0,1308.3,2.71,0.04,2.71,40.73434,-111.87211,27.0,21.9,878.1,121.18,1.3
22500.0,1308.6,2.41,0.04,2.41,40.73434,-111.87211,27.0,21.0,878.1,117.17,0.7
22560.0,1308.2,3.13,0.05,3.13,40.73434,-111.87211,27.0,21.4,878.1,117.88,1.2
22620.0,1308.3,2.86,0.04,2.86,40.73434,-111.87211,27.0,21.0,878.1,116.36,1.5
22680.0,1308.2,2.81,0.05,2.81,40.73434,-111.87211,27.0,21.0,878.0,116.19,1.1
22740.0,1308.3,2.59,0.04,2.59,40.73434,-111.87211,27.0,21.2,878.1,110.09,0.7
22800.0,1308.4,2.96,0.04,2.96,40.73434,-111.87211,27.0,21.3,878.1,118.79,1.8
22860.0,1308.5,2.79,0.05,2.79,40.73434,-111.87211,27.0,20.9,878.1,118.03,1.7
22920.0,1308.6,3.08,0.05,3.08,40.73434,-111.87211,27.0,21.2,878.1,115.33,1.8
22980.0,1308.5,2.64,0.05,2.64,40.73434,-111.87211,27.1,20.9,878.0,117.19,2.1
23040.0,1308.5,2.73,0.05,2.73,40.73434,-111.87211,27.2,20.5,878.0,118.96,2.1
23100.0,1308.6,2.60,0.04,2.60,40.73434,-111.87211,27.2,20.4,878.0,116.09,1.7
23160.0,1308.6,2.62,0.05,2.62,40.73434,-111.87211,27.3,20.5,878.0,116.09,1.9
23220.0,1308.6,2.51,0.05,2.51,40.73434,-111.87211,27.3,20.7,878.0,116.46,1.4
23280.0,1308.6,2.42,0.05,2.42,40.73434,-111.87211,27.3,20.2,878.0,118.30,2.0
23340.0,1308.7,2.49,0.05,2.49,40.73434,-111.87211,27.4,20.1,878.0,113.70,1.7
23400.0,1308.9,2.34,0.04,2.34,40.73434,-111.87211,27.4,20.3,878.0,115.62,2.1
23460.0,1309.1,2.52,0.05,2.52,40.73434,-111.87211,27.4,20.0,878.0,117.33,1.8
23520.0,1309.1,2.63,0.04,2.63,40.73434,-111.87211,27.5,20.3,878.0,118.09,1.5
23580.0,1309.1,2.92,0.05,2.92,40.73434,-111.87211,27.5,19.9,877.9,121.76,1.6
23640.0,1309.2,3.19,0.05,3.19,40.73434,-111.87211,27.5,19.9,877.9,122.01,2.0
23700.0,1309.4,2.65,0.04,2.65,40.73434,-111.87211,27.6,19.8,877.9,116.51,1.3
23760.0,1309.5,3.06,0.05,3.06,40.73434,-111.87211,27.6,19.8,877.9,115.29,1.8
23820.0,1309.5,3.42,0.04,3.42,40.73434,-111.87211,27.6,19.8,877.9,113.58,1.7
23880.0,1309.5,3.37,0.05,3.37,40.73434,-111.87211,27.6,20.0,877.9,124.38,2.5
23940.0,1309.5,3.01,0.05,3.01,40.73434,-111.87211,27.7,20.0,877.9,117.76,1.3
24000.0,1309.5,2.57,0.05,2.57,40.73434,-111.87211,27.7,19.8,877.9,115.77,1.2
24060.0,1309.4,2.45,0.05,2.45,40.73434,-111.87211,27.8,19.4,877.9,106.10,0.8
24120.0,1309.5,2.50,0.05,2.50,40.73434,-111.87211,27.8,18.8,877.8,127.91,1.0
24180.0,1309.5,3.10,0.05,3.10,40.73434,-111.87211,27.9,19.2,877.8,125.91,0.9
24240.0,1309.5,3.16,0.04,3.16,40.73434,-111.87211,27.9,19.4,877.8,118.35,2.1
24300.0,1309.6,2.86,0.04,2.86,40.73434,-111.87211,27.9,19.0,877.8,116.05,2.3
24360.0,1309.8,2.39,0.05,2.39,40.73434,-111.87211,28.1,18.9,877.8,113.26,1.7
24420.0,1309.8,2.19,0.05,2.19,40.73434,-111.87211,28.2,18.9,877.8,111.86,1.5
24480.0,1309.8,1.97,0.04,1.97,40.73434,-111.87211,28.2,18.7,877.8,122.81,1.8
24540.0,1309.8,1.78,0.05,1.78,40.73434,-111.87211,28.2,19.0,877.8,120.58,1.4
24600.0,1309.8,1.55,0.05,1.55,40.73434,-111.87211,28.2,18.9,877.9,118.40,2.3
24660.0,1309.9,1.56,0.05,1.56,40.73434,-111.87211,28.2,18.9,877.9,114.08,1.8
24720.0,1309.9,2.04,0.06,2.04,40.73434,-111.87211,28.3,18.8,877.8,115.22,2.1
24780.0,1309.7,1.95,0.06,1.95,40.73434,-111.87211,28.3,18.7,877.8,122.99,1.4
24840.0,1309.4,2.92,0.05,2.92,40.73434,-111.87211,28.4,19.1,877.8,122.42,1.0
24900.0,1309.5,2.61,0.05,2.61,40.73434,-111.87211,28.3,18.7,877.8,115.17,0.6
24960.0,1309.5,2.67,0.05,2.67,40.73434,-111.87211,28.3,18.6,877.8,119.41,1.6
25020.0,1309.5,3.02,0.06,3.02,40.73434,-111.87211,28.3,18.7,877.8,127.50,2.0
25080.0,1309.6,3.00,0.05,3.00,40.73434,-111.87211,28.3,19.4,877.8,127.45,1.1
