CampaignData_and_Merges/R0/CSL_MobileLab_Parked/raw/20240803/USOS-PTR_MobileLabGround_20240803_R0.ict
58, 1001
Matthew Coggon, Kelvin Bates, Chelsea Stockwell, Carsten Warneke
NOAA ESRL Chemical Sciences Division
NOAA PTR-ToF-MS
USOS
1,1 
2024, 08, 03, 2025, 09, 19
0
Time_Start, seconds, number of seconds from 00:00 UTC 
22
1, 1, 1, 1, 1, 1, 1, 1, 1, 1, 1, 1, 1, 1, 1, 1, 1, 1, 1, 1, 1, 1
-9999, -9999, -9999, -9999, -9999, -9999, -9999, -9999, -9999, -9999, -9999, -9999, -9999, -9999, -9999, -9999, -9999, -9999, -9999, -9999, -9999, -9999
CH3OH_NOAAPTR_ppbv,  ppbv, Gas_CH3OH_InSitu_S_AVMR, (CH3OH) methanol
CH3CN_NOAAPTR_ppbv,  ppbv, Gas_CH3CN_InSitu_S_AVMR, (CH3CN) acetonitrile
CH3CHO_NOAAPTR_ppbv,  ppbv, Gas_CH3CHO_InSitu_S_AVMR, (CH3CHO) acetaldehyde plus contributions from ethylene glycol and ethylene oxide. Interference from ethanol has been subtracted out.
C2H5OH_NOAAPTR_ppbv,  ppbv, Gas_C2H5OH_InSitu_S_AVMR, (C2H5OH) ethanol
CH3SH_NOAAPTR_ppbv,  ppbv, Gas_CH3SH_InSitu_S_AVMR, (CH3SH) methanethiol, using calibration factor for DMS
Acrolein_NOAAPTR_ppbv,  ppbv, Gas_Acrolein_InSitu_S_AVMR, (C3H4O) acrolein
AcetonePropanal_NOAAPTR_ppbv,  ppbv, Gas_AcetoneAndPropanal_InSitu_S_AVMR, (C3H6O) sum of acetone (dominant isomer) and propanal, using calibration factor for acetone
DMS_NOAAPTR_ppbv,  ppbv, Gas_DMS_InSitu_S_AVMR, (C2H6S) dimethyl sulfide with possible small contributions from ethanethiol
C5H8_NOAAPTR_ppbv,  ppbv, Gas_Isoprene_InSitu_S_AVMR, (C5H8) isoprene and possible fragments from cycloalkanes and aldehydes. Interferences have been subtracted following methods described by Coggon et al (2023)
MVKMAC_NOAAPTR_ppbv,  ppbv, Gas_MVKAndMAC_InSitu_S_AVMR, (C4H6O) sum of methyl vinyl ketone, methacrolein, and small amounts of crotonaldehyde, using weighted calibration factor for MVK (0.637) and MACR (0.363)
Benzene_NOAAPTR_ppbv,  ppbv, Gas_Benzene_InSitu_S_AVMR, (C6H6) benzene
Toluene_NOAAPTR_ppbv,  ppbv, Gas_Toluene_InSitu_S_AVMR, (C7H8) toluene with possible small contributions of fragments from ethyltoluene
Styrene_NOAAPTR_ppbv,  ppbv, Gas_Styrene_InSitu_S_AVMR, (C8H8) styrene
Benzaldehyde_NOAAPTR_ppbv,  ppbv, Gas_Benzaldehyde_InSitu_S_AVMR, (C7H6O) benzaldehyde
C8Aromatics_NOAAPTR_ppbv,  ppbv, Gas_C8Aromatics_InSitu_M_AVMR, (C8H10) sum of m-xylene, p-xylene, o-xylene, and ethyl benzene
C9Aromatics_NOAAPTR_ppbv,  ppbv, Gas_C9Aromatics_InSitu_M_AVMR, (C9H12) sum of C9 aromatics
Naphthalene_NOAAPTR_ppbv,  ppbv, Gas_Naphthalene_InSitu_S_AVMR, (C10H8) naphthalene
Octanal_NOAAPTR_ppbv,  ppbv, Gas_Octanal_InSitu_S_AVMR, (C8H16O) octanal and small amounts of octanone
Monoterpenes_NOAAPTR_ppbv,  ppbv, Gas_Monoterpenes_InSitu_M_AVMR, (C10H16) sum of monoterpenes and possible contributions from fragments of oxygenated monoterpenoids such as eucalyptol.
Nonanal_NOAAPTR_ppbv,  ppbv, Gas_Nonanal_InSitu_M_AVMR, (C9H18O) nonanal and small amounts of nonanone
C7H4ClF3_NOAAPTR_ppbv,  ppbv, Gas_C7H4ClF3_InSitu_S_AVMR, (C7H4ClF3) parachlorobenzotrifluoride
C10H30O5Si5_NOAAPTR_ppbv,  ppbv, Gas_C10H30O5Si5_InSitu_S_AVMR, (C10H30O5Si5) decamethylcyclopentasiloxane
1
SPECIAL COMMENTS:N/A
21
PI_CONTACT_INFO: NOAA ESRL Chemical Sciences Division, Tropospheric Chemistry Group. 325 Broadway, R/CSD7, Boulder, CO 80305
PLATFORM: Mobile Laboratory.
LOCATION: Salt Lake City, UT
ASSOCIATED_DATA: N/A
INSTRUMENT_INFO: NOAA PTR-ToF-MS measurements on NOAA CSL Mobile Lab
DATA_INFO: Units: ppbv
UNCERTAINTY: See OTHER_COMMENTS
ULOD_FLAG: -7777
ULOD_VALUE: N/A
LLOD_FLAG: -8888
LLOD_VALUE: N/A.
DM_CONTACT_INFO: Data Managers: Matt Coggon, Kelvin Bates, Chelsea Stockwell; email: matthew.m.coggon@noaa.gov and kelvin.bates@colorado.edu
PROJECT_INFO: USOS Deployment July-August, 2024
STIPULATIONS_ON_USE: Use of these data require prior OK from PI.
OTHER_COMMENTS: Uncertainties:
CH3OH_NOAAPTR_ppbv:30%; CH3CN_NOAAPTR_ppbv:30%; CH3CHO_NOAAPTR_ppbv:30%; C2H5OH_NOAAPTR_ppbv:30%; CH3SH_NOAAPTR_ppbv:50%; Acrolein_NOAAPTR_ppbv:30%; AcetonePropanal_NOAAPTR_ppbv:30%; DMS_NOAAPTR_ppbv:30%; C5H8_NOAAPTR_ppbv:30%; MVKMAC_NOAAPTR_ppbv:30%; 
Benzene_NOAAPTR_ppbv:30%; Toluene_NOAAPTR_ppbv:30%; Styrene_NOAAPTR_ppbv:30%; Benzaldehyde_NOAAPTR_ppbv:30%; C8Aromatics_NOAAPTR_ppbv:30%; C9Aromatics_NOAAPTR_ppbv:30%; Naphthalene_NOAAPTR_ppbv:30%; Octanal_NOAAPTR_ppbv:30%; Monoterpenes_NOAAPTR_ppbv:30%; Nonanal_NOAAPTR_ppbv:30%; 
C7H4ClF3_NOAAPTR_ppbv:30%; C10H30O5Si5_NOAAPTR_ppbv:30%; 
REVISION: R0
R0: Calibrated PTR Data. See individual species comments for details about measurement uncertainties
Time_Start, CH3OH_NOAAPTR_ppbv, CH3CN_NOAAPTR_ppbv, CH3CHO_NOAAPTR_ppbv, C2H5OH_NOAAPTR_ppbv, CH3SH_NOAAPTR_ppbv, Acrolein_NOAAPTR_ppbv, AcetonePropanal_NOAAPTR_ppbv, DMS_NOAAPTR_ppbv, C5H8_NOAAPTR_ppbv, MVKMAC_NOAAPTR_ppbv, Benzene_NOAAPTR_ppbv, Toluene_NOAAPTR_ppbv, Styrene_NOAAPTR_ppbv, Benzaldehyde_NOAAPTR_ppbv, C8Aromatics_NOAAPTR_ppbv, C9Aromatics_NOAAPTR_ppbv, Naphthalene_NOAAPTR_ppbv, Octanal_NOAAPTR_ppbv, Monoterpenes_NOAAPTR_ppbv, Nonanal_NOAAPTR_ppbv, C7H4ClF3_NOAAPTR_ppbv, C10H30O5Si5_NOAAPTR_ppbv
[from data line 73]
 4380.0, 8.26428, 0.33794, 1.40177, 3.71498, 0.00491, 0.24363, 4.15260, 0.03402, 0.58298, 0.46061, 0.08440, 0.17556, 0.00593, -0.02615, 0.10386, 0.03654, 0.00404, 0.03526, 0.28426, 0.04161, 0.00344, 0.00693 
 4440.0, 8.11713, 0.35443, 1.30747, 3.49010, 0.00683, 0.19970, 4.10261, 0.02573, 0.70499, 0.46592, 0.10076, 0.22695, 0.00866, -0.01718, 0.12553, 0.04245, -0.00603, 0.03765, 0.29717, 0.04256, 0.00492, 0.00748 
 4500.0, 8.58103, 0.33138, 1.38568, 4.06578, 0.00164, 0.24273, 4.15492, 0.02167, 0.66393, 0.45804, 0.11458, 0.19589, 0.01474, -0.03544, 0.13946, 0.04843, 0.00274, 0.04454, 0.25036, 0.05503, 0.00639, 0.00777 
 4560.0, 9.39514, 0.32759, 1.25546, 3.45970, -0.00005, 0.20802, 4.01589, 0.00316, 0.52525, 0.41411, 0.15305, 0.19072, 0.02060, 0.00254, 0.08899, 0.02856, 0.00637, 0.03219, 0.15998, 0.06602, 0.00304, 0.00397 
 4620.0, 8.40912, 0.31693, 1.18620, 3.57451, 0.00141, 0.18548, 3.94436, 0.01868, 0.49303, 0.39233, 0.05116, 0.14009, -0.00001, -0.03800, 0.07735, 0.03451, 0.00307, 0.02214, 0.18364, 0.04043, 0.00851, 0.00298 
 4680.0, 7.40834, 0.32982, 1.10774, 3.90121, 0.00109, 0.19322, 3.76794, 0.01026, 0.39598, 0.35285, 0.05864, 0.08867, 0.01253, -0.01477, 0.09121, 0.03196, -0.00390, 0.01904, 0.15132, 0.03609, 0.00304, 0.00309 
 4740.0, 8.45689, 0.35445, 1.17203, 4.90076, 0.00403, 0.20198, 3.97893, 0.02165, 0.49524, 0.37079, 0.05113, 0.14636, 0.00688, -0.03162, 0.10153, 0.04358, -0.00881, 0.03195, 0.16877, 0.03002, 0.00701, 0.00074 
 4800.0, 8.52768, 0.33293, 1.12494, 3.82391, -0.00037, 0.18819, 4.15457, 0.01596, 0.51271, 0.38531, 0.11510, 0.17251, -0.00400, -0.02841, 0.12620, 0.04717, -0.00879, 0.01628, 0.12839, 0.03062, 0.00752, 0.00471 
 4860.0, 8.68349, 0.33594, 1.12945, 4.00849, 0.00209, 0.17570, 4.13399, 0.03704, 0.55341, 0.38066, 0.12321, 0.16111, 0.00002, -0.03774, 0.10822, 0.04517, -0.00634, 0.02785, 0.16368, 0.02502, 0.00332, 0.00127 
 4920.0, 8.50288, 0.34786, 1.21809, 4.33381, 0.00273, 0.19585, 4.16895, -0.00271, 0.49479, 0.39464, 0.08161, 0.15731, 0.00493, -0.03768, 0.10691, 0.04258, -0.00394, 0.04054, 0.18132, 0.04681, 0.00850, 0.00471 
 4980.0, 8.99878, 0.32947, 1.24044, 4.46577, 0.00131, 0.18926, 4.07501, 0.02690, 0.54809, 0.39770, 0.05413, 0.17843, 0.01341, -0.02715, 0.11566, 0.04517, -0.00492, 0.04578, 0.20127, 0.04195, 0.00369, 0.00451 
 5040.0, 8.55999, 0.33731, 1.32998, 5.32267, 0.00276, 0.20511, 4.06389, 0.02489, 0.53979, 0.39879, 0.08772, 0.16508, 0.02026, -0.03452, 0.13993, 0.04541, -0.00871, 0.03768, 0.14711, 0.06783, 0.00663, 0.00496 
 5100.0, 8.90818, 0.32031, 1.42344, 5.42241, 0.00972, 0.23915, 4.08497, 0.03159, 0.50973, 0.41301, 0.16735, 0.17199, 0.00813, -0.01709, 0.13586, 0.04259, -0.00337, 0.03137, 0.18462, 0.05066, 0.00516, 0.01077 
 5160.0, 8.75404, 0.36382, 1.42243, 5.93492, 0.00143, 0.20528, 4.11092, 0.00550, 0.60943, 0.39963, 0.08918, 0.18948, 0.01714, -0.03358, 0.13565, 0.05052, 0.00121, 0.04001, 0.17739, 0.04313, 0.00280, 0.00732 
 5220.0, 9.82948, 0.34239, 1.64664, 5.33811, 0.00651, 0.25975, 4.25296, 0.03754, 0.66428, 0.41904, 0.13403, 0.21896, 0.01768, -0.03735, 0.15243, 0.05839, -0.00290, 0.04530, 0.18148, 0.07393, 0.00536, 0.00843 
 5280.0, 9.36701, 0.35385, 1.55588, 6.28841, 0.00497, 0.22901, 4.13101, 0.03159, 0.49265, 0.44016, 0.14056, 0.15805, 0.01318, -0.02400, 0.14291, 0.04936, -0.00116, 0.02210, 0.17658, 0.05239, 0.01027, 0.00784 
 5340.0, 10.29913, 0.35131, 1.43091, 5.31156, 0.00623, 0.19613, 4.03419, 0.02217, 0.55520, 0.38805, 0.08805, 0.16191, 0.01756, -0.01197, 0.14401, 0.04263, -0.00861, 0.03088, 0.14468, 0.05024, 0.00650, 0.00321 
 5400.0, 10.87486, 0.35048, 1.49891, 5.43479, 0.00459, 0.21852, 4.16102, 0.02853, 0.58732, 0.40408, 0.10927, 0.21456, 0.01163, -0.01926, 0.14172, 0.04336, -0.00859, 0.04341, 0.19709, 0.05568, 0.00618, 0.00505 
 5460.0, 12.05620, 0.33108, 1.74790, 6.81591, 0.00688, 0.26436, 4.35694, 0.02567, 0.57937, 0.47344, 0.11964, 0.31544, -0.00604, -0.03682, 0.22959, 0.07588, 0.00469, 0.03122, 0.25735, 0.06069, 0.00489, 0.00726 
 5520.0, 11.22385, 0.33375, 1.66564, 5.93857, 0.00679, 0.26238, 4.39609, 0.02597, 0.62356, 0.41101, 0.10512, 0.22389, 0.02907, -0.03703, 0.16639, 0.04878, -0.00855, 0.03786, 0.18377, 0.04625, 0.00829, 0.00388 
 5580.0, 8.16415, 0.32932, 1.28921, 4.71124, 0.00331, 0.22406, 4.05620, 0.02785, 0.41903, 0.37745, 0.05750, 0.19901, 0.01638, -0.03696, 0.16719, 0.04963, -0.00853, 0.04921, 0.17664, 0.03702, 0.00619, 0.00479 
 5640.0, 10.17180, 0.32665, 1.54133, 5.93314, 0.00436, 0.24954, 4.28448, 0.02727, 0.47871, 0.40163, 0.10238, 0.22150, -0.00374, -0.03690, 0.20366, 0.06617, 0.00146, 0.02921, 0.20214, 0.05167, 0.00590, 0.00384 
 5700.0, 9.84810, 0.33234, 1.47146, 5.14996, 0.00384, 0.21581, 4.21127, 0.03059, 0.49445, 0.37306, 0.09724, 0.19780, -0.00601, -0.03683, 0.16195, 0.05329, -0.00713, 0.03185, 0.18852, 0.05144, 0.00422, 0.00765 
 5760.0, 9.67378, 0.35072, 1.50961, 5.38277, 0.00152, 0.24795, 4.25118, 0.02739, 0.49937, 0.38628, 0.07875, 0.18524, 0.01494, -0.03389, 0.17638, 0.04919, -0.00847, 0.03759, 0.22010, 0.04404, 0.00078, 0.00621 
 5820.0, 8.87862, 0.33853, 1.38500, 4.86730, 0.00388, 0.19403, 4.19386, 0.02075, 0.57599, 0.37456, 0.12139, 0.18743, 0.01364, -0.02763, 0.16225, 0.05011, -0.00383, 0.02364, 0.18338, 0.03245, 0.00233, 0.00745 
 5880.0, 9.66738, 0.36104, 1.34037, 4.44786, 0.00043, 0.21245, 4.25527, 0.01275, 0.68945, 0.38614, 0.10440, 0.23369, 0.00585, -0.03664, 0.18810, 0.05643, -0.00588, 0.01348, 0.15122, 0.03525, 0.00490, 0.00414 
 5940.0, 8.93313, 0.32116, 1.29925, 4.54974, 0.00209, 0.20338, 4.27526, 0.01707, 0.65776, 0.38214, 0.11041, 0.26850, 0.01826, -0.02128, 0.17016, 0.05394, -0.00096, 0.01522, 0.15313, 0.05062, 0.00638, 0.00542 
 6000.0, 8.28122, 0.34014, 1.34523, 3.73560, 0.00328, 0.19891, 4.10106, 0.03079, 0.73027, 0.37918, 0.08375, 0.22179, 0.00714, -0.01734, 0.14870, 0.05940, -0.00248, 0.03543, 0.15499, 0.02803, 0.00268, 0.00450 
 6060.0, 8.65148, 0.34978, 1.37681, 3.63399, 0.00349, 0.20534, 4.10432, 0.02962, 0.67546, 0.38894, 0.12779, 0.23717, -0.00045, -0.01366, 0.13720, 0.05684, 0.00880, 0.03615, 0.19936, 0.04883, 0.01105, 0.00470 
 6120.0, 8.71191, 0.32814, 1.51001, 4.14622, 0.00243, 0.21363, 4.25632, 0.02347, 0.70722, 0.40861, 0.16036, 0.22628, 0.02115, -0.02169, 0.16643, 0.06263, -0.00835, 0.03561, 0.25033, 0.03796, 0.00601, 0.00499 
 6180.0, 9.14642, 0.34378, 1.50103, 4.08162, 0.00379, 0.20245, 4.28226, 0.02258, 0.72843, 0.40527, 0.13533, 0.25120, 0.02776, -0.01789, 0.16468, 0.06054, -0.00477, 0.05422, 0.18417, 0.04969, 0.00504, 0.00500 
 6240.0, 7.41283, 0.33177, 1.38181, 3.08194, 0.00375, 0.17561, 3.99820, 0.01817, 0.55187, 0.36636, 0.10110, 0.16998, -0.00595, -0.02808, 0.09261, 0.04246, -0.00831, 0.01411, 0.14119, 0.04231, 0.01205, 0.00168 
 6300.0, 9.81591, 0.34283, 1.52548, 3.93789, 0.00377, 0.20403, 4.02696, 0.01271, 0.74249, 0.38599, 0.11887, 0.31492, -0.00220, -0.02292, 0.14703, 0.05997, -0.00663, 0.01757, 0.20477, 0.04673, 0.00719, 0.00577 
 6360.0, 7.41631, 0.34475, 1.32084, 3.38706, 0.00307, 0.19499, 4.07050, 0.01241, 0.61391, 0.37460, 0.09646, 0.17995, 0.01540, -0.02015, 0.11095, 0.04992, -0.00282, 0.04017, 0.15073, 0.04257, 0.00649, 0.00098 
 6420.0, 8.03860, 0.35964, 1.44112, 3.92061, 0.00146, 0.19997, 4.32517, 0.01673, 0.71919, 0.39398, 0.12802, 0.21759, 0.02460, -0.01597, 0.12754, 0.05705, 0.00881, 0.03753, 0.20029, 0.03737, 0.00288, 0.00344 
 6480.0, 8.73557, 0.34634, 1.61731, 4.23454, 0.00531, 0.21564, 4.23900, 0.02838, 0.63620, 0.41748, 0.09562, 0.19800, 0.02683, -0.01819, 0.11863, 0.05836, 0.00043, 0.02834, 0.20304, 0.05412, 0.00579, 0.00524 
 6540.0, 8.13119, 0.31116, 1.48988, 3.65307, -0.00020, 0.21282, 4.14068, 0.00803, 0.69750, 0.41954, 0.08383, 0.21449, 0.01839, -0.01990, 0.13576, 0.06196, -0.00821, 0.02556, 0.15485, 0.05226, 0.00776, 0.00406 
 6600.0, 7.27526, 0.30466, 1.66035, 3.53226, 0.01058, 0.25865, 4.32008, 0.02545, 0.66650, 0.42896, 0.09417, 0.22465, -0.00590, -0.03587, 0.12308, 0.06182, -0.00819, 0.03043, 0.17594, 0.05019, 0.00848, 0.00336 
 6660.0, 8.64471, 0.35913, 1.75076, 5.79329, 0.00220, 0.22527, 4.25901, 0.00897, 0.74558, 0.41738, 0.13200, 0.46875, -0.00231, -0.03580, 0.17428, 0.06842, 0.00499, 0.03055, 0.18109, 0.07749, 0.00584, 0.00347 
 6720.0, 9.05526, 0.31275, 1.63506, 4.61824, 0.00235, 0.21019, 4.16770, 0.02148, 0.76277, 0.42509, 0.15102, 0.24077, 0.01357, -0.01544, 0.14495, 0.06432, 0.00011, 0.02902, 0.18431, 0.04711, 0.00322, 0.00478 
 6780.0, 8.06276, 0.32372, 1.51087, 3.61980, 0.00454, 0.19260, 4.20195, 0.02682, 0.63928, 0.41408, 0.12100, 0.25654, 0.02794, -0.03286, 0.13803, 0.06840, 0.00300, 0.03807, 0.12477, 0.02119, 0.00715, 0.00474 
 6840.0, 8.96875, 0.36655, 1.67731, 4.47600, 0.00064, 0.21559, 4.70287, 0.02157, 0.72205, 0.42255, 0.13182, 0.23635, 0.01523, -0.03258, 0.14190, 0.07598, -0.00482, 0.02787, 0.16095, 0.03847, 0.00782, 0.00600 
 6900.0, 9.46594, 0.35466, 1.74444, 4.74315, 0.00319, 0.22681, 4.50959, 0.01751, 0.70013, 0.44484, 0.11517, 0.24175, 0.02131, -0.01224, 0.15425, 0.07109, -0.00553, 0.02829, 0.18196, 0.05649, 0.00576, 0.00919 
 6960.0, 8.59359, 0.34056, 1.88937, 5.35991, 0.00331, 0.25227, 4.79754, 0.02087, 0.77185, 0.44098, 0.15458, 0.28399, -0.00586, -0.00534, 0.16588, 0.07691, 0.01207, 0.03782, 0.16109, 0.05260, 0.01006, 0.00343 
 7020.0, 8.79941, 0.35618, 1.76252, 5.69566, 0.00887, 0.21207, 5.27845, 0.02866, 0.79051, 0.44126, 0.12607, 0.29105, 0.03615, -0.03256, 0.17832, 0.09275, -0.00674, 0.03692, 0.15776, 0.03021, 0.01241, 0.00727 
 7080.0, 9.68838, 0.33501, 1.95095, 5.39084, 0.00161, 0.26668, 5.08382, 0.04263, 0.74968, 0.43525, 0.13332, 0.29122, 0.04048, -0.03464, 0.19098, 0.09505, 0.01230, 0.04798, 0.13297, 0.04936, 0.01000, 0.00914 
 7140.0, 9.41780, 0.30593, 2.01154, 5.63656, 0.00437, 0.26168, 4.84730, 0.03328, 0.71235, 0.43793, 0.12389, 0.29234, 0.01364, -0.02455, 0.16482, 0.10672, 0.00872, 0.05140, 0.15965, 0.06457, 0.01328, 0.00589 
 7200.0, 9.68641, 0.35518, 2.15173, 6.34202, 0.00130, 0.25364, 4.81113, 0.02166, 0.82752, 0.46448, 0.16692, 0.29588, -0.00583, -0.00004, 0.19314, 0.09778, 0.01520, 0.04393, 0.13475, 0.06065, 0.00709, 0.00310 
 7260.0, 10.53039, 0.36483, 2.13810, 5.91832, 0.00262, 0.25249, 4.79084, 0.01949, 0.76466, 0.49542, 0.18811, 0.31356, 0.03527, -0.00963, 0.19856, 0.11099, 0.02928, 0.04545, 0.16957, 0.07090, 0.00779, 0.00673 
 7320.0, 9.70775, 0.34843, 2.10877, 6.10199, 0.00539, 0.26702, 4.74826, 0.04475, 0.71545, 0.47283, 0.19866, 0.31489, 0.00487, 0.00920, 0.19696, 0.08313, 0.01512, 0.01829, 0.14717, 0.05912, 0.01449, 0.00345 
 7380.0, 10.51448, 0.35057, 2.17875, 6.04444, 0.00452, 0.36558, 4.64876, 0.02660, 0.63072, 0.47153, 0.15766, 0.29213, -0.00581, -0.00684, 0.21617, 0.10445, -0.00619, 0.01939, 0.12493, 0.07276, 0.01285, 0.00987 
 7440.0, 9.17061, 0.32600, 2.04021, 5.42186, 0.00119, 0.22918, 4.51312, 0.01963, 0.62817, 0.43321, 0.12286, 0.30643, 0.02773, -0.03496, 0.19333, 0.09583, 0.01192, 0.04154, 0.16504, 0.07153, 0.01449, 0.00697 
 7500.0, 9.71425, 0.34756, 2.13391, 5.29606, 0.00346, 0.25506, 4.58704, 0.01629, 0.67640, 0.43931, 0.15670, 0.34254, 0.01161, -0.01898, 0.19547, 0.09002, 0.01074, 0.02873, 0.12865, 0.05976, 0.00602, 0.00960 
 7560.0, 9.93330, 0.34940, 2.04026, 5.25977, 0.00347, 0.22960, 4.55757, 0.03340, 0.68419, 0.41861, 0.14896, 0.35449, 0.04136, -0.02705, 0.21610, 0.09386, 0.01089, 0.04490, 0.09426, 0.04477, 0.00986, 0.00709 
 7620.0, 8.96341, 0.33554, 1.99568, 4.55448, 0.00427, 0.19569, 4.30589, 0.03362, 0.56671, 0.40000, 0.15134, 0.29571, 0.02883, -0.02211, 0.19708, 0.07964, 0.02124, 0.04848, 0.07546, 0.06074, 0.01331, 0.00992 
 7680.0, 8.69582, 0.32510, 2.18134, 5.02777, 0.00601, 0.22463, 4.52725, 0.02297, 0.57871, 0.43472, 0.17542, 0.37003, 0.04045, -0.00022, 0.21313, 0.11571, 0.00411, 0.04393, 0.16453, 0.06429, 0.01532, 0.00715 
 7740.0, 9.49720, 0.31565, 2.22589, 5.80517, 0.00509, 0.25527, 4.58852, 0.01130, 0.55937, 0.45287, 0.17215, 0.38127, 0.03534, -0.01822, 0.24115, 0.11625, -0.00645, 0.03571, 0.19040, 0.07533, 0.00827, 0.00939 
 7800.0, 8.12813, 0.36885, 2.30027, 6.22498, 0.00504, 0.23328, 4.88658, 0.02468, 0.64022, 0.45318, 0.19078, 0.36932, 0.02932, -0.03094, 0.23023, 0.10145, 0.00587, 0.04403, 0.09844, 0.06196, 0.01675, 0.00580 
 7860.0, 10.09135, 0.35165, 2.40011, 6.48620, 0.01183, 0.28712, 4.96937, 0.03110, 0.64126, 0.42460, 0.16816, 0.39641, -0.00575, -0.03451, 0.24031, 0.12289, 0.00247, 0.04951, 0.15915, 0.05860, 0.01890, 0.00728 
 7920.0, 9.49072, 0.35537, 2.30624, 6.59350, 0.00606, 0.23977, 5.10064, 0.02819, 0.59605, 0.44380, 0.18467, 0.36978, 0.04174, -0.01073, 0.24319, 0.10599, 0.00356, 0.05453, 0.13138, 0.05646, 0.01405, 0.00930 
 7980.0, 9.26417, 0.33251, 2.68830, 7.41570, 0.00513, 0.32609, 4.95562, 0.02118, 0.59692, 0.46318, 0.17593, 0.38546, 0.01316, -0.03100, 0.23633, 0.10421, 0.00691, 0.04500, 0.22667, 0.07867, 0.01244, 0.00875 
 8040.0, 10.28354, 0.35124, 3.59590, 6.15439, 0.00815, 0.51914, 5.54524, 0.03136, 0.63496, 0.45693, 0.20607, 0.38925, 0.04137, -0.03411, 0.22604, 0.11757, -0.00587, 0.06489, 0.63021, 0.07403, 0.01482, 0.01057 
 8100.0, 11.42553, 0.36756, 3.90460, 7.29036, 0.01277, 0.55799, 5.79705, -0.00324, 0.62286, 0.43165, 0.28932, 0.43910, 0.03822, -0.01627, 0.26872, 0.11212, 0.00885, 0.03488, 0.77533, 0.06780, 0.02074, 0.00494 
 8160.0, 10.71369, 0.37230, 2.66548, 6.27099, 0.00959, 0.28998, 5.08338, 0.03466, 0.57275, 0.45923, 0.17878, 0.42089, 0.03879, -0.02808, 0.24498, 0.11888, 0.01839, 0.05206, 0.31090, 0.06994, 0.01642, 0.00976 
 8220.0, 10.05262, 0.37213, 2.71316, 6.70725, 0.00927, 0.26992, 4.90568, 0.02010, 0.55640, 0.40443, 0.20193, 0.41055, 0.04216, -0.00278, 0.28294, 0.13060, 0.01924, 0.03252, 0.13245, 0.05782, 0.02403, 0.00566 
 8280.0, 11.01027, 0.35198, 2.88811, 8.73216, 0.00626, 0.30105, 5.08295, 0.00616, 0.62207, 0.46005, 0.24870, 0.72224, 0.04614, -0.02893, 0.34391, 0.14954, 0.01252, 0.04799, 0.22159, 0.08197, 0.02235, 0.00407 
 8340.0, 11.75545, 0.35306, 3.03215, 8.53156, 0.00951, 0.25734, 5.32786, 0.02157, 0.68224, 0.46695, 0.26172, 0.49662, 0.02755, -0.01149, 0.28574, 0.12750, 0.00404, 0.06876, 0.25617, 0.10263, 0.02560, 0.01108 
 8400.0, 12.31240, 0.33403, 3.07014, 8.24500, 0.00478, 0.34492, 5.10677, 0.03397, 0.60866, 0.49433, 0.47066, 0.93541, 0.10768, -0.00427, 0.75206, 0.29587, 0.01008, 0.04728, 0.15577, 0.08137, 0.02286, 0.01257 
 8460.0, 11.81036, 0.36397, 3.06913, 9.58060, 0.00805, 0.28630, 4.96113, 0.03655, 0.63778, 0.46851, 0.25633, 0.52590, 0.06808, -0.00930, 0.36645, 0.16085, 0.01183, 0.05604, 0.13982, 0.08773, 0.01850, 0.01347 
 8520.0, 14.91028, 0.38450, 3.47546, 10.82447, 0.00200, 0.32089, 5.82963, 0.03745, 1.01156, 0.58726, 0.26255, 0.58268, 0.05427, -0.02971, 0.35987, 0.17998, 0.01755, 0.06147, 0.21638, 0.07539, 0.02249, 0.01546 
 8580.0, 15.56987, 0.35485, 3.77973, 12.86436, 0.00707, 0.35137, 5.78698, 0.01542, 1.09180, 0.59145, 0.28063, 0.61365, -0.00566, -0.02063, 0.38149, 0.16573, 0.00063, 0.06248, 0.21844, 0.11733, 0.02384, 0.01544 
 8640.0, 15.66860, 0.36678, 3.66890, 10.88285, 0.00529, 0.35553, 5.89986, 0.00267, 1.25616, 0.62795, 0.28162, 0.65093, 0.04520, -0.02706, 0.39559, 0.18399, 0.00383, 0.04673, 0.20773, 0.09870, 0.01781, 0.01867 
 8700.0, 15.88368, 0.35767, 3.65132, 10.80402, 0.00570, 0.31848, 5.85087, 0.03067, 1.24588, 0.61397, 0.29969, 0.62754, 0.03884, -0.03360, 0.37962, 0.15295, 0.00177, 0.06251, 0.22905, 0.10096, 0.01488, 0.01297 
 8760.0, 17.89838, 0.39359, 4.79219, 11.67349, 0.00274, 0.38988, 6.58807, 0.01417, 1.28112, 0.70022, 0.32820, 0.68185, 0.01905, 0.00086, 0.42310, 0.16786, 0.00165, 0.04747, 0.27754, 0.11606, 0.03063, 0.02381 
 8820.0, 16.69832, 0.35952, 5.10396, 15.14441, 0.01302, 0.35884, 6.69270, 0.03459, 1.34127, 0.65829, 0.29092, 0.71094, 0.07229, 0.00670, 0.42244, 0.21067, 0.00076, 0.07326, 0.27001, 0.11503, 0.02159, 0.01929 
