CampaignData_and_Merges/R0/CSL_MobileLab_Parked/raw/20240803/USOS-Picarro-CO2-CH4-CO-H2O_MobileLabGround_20240803_R0.ict
38, 1001
Ilana Pollack, Nell Schafer, and Jeff Peischl
NOAA Chemical Sciences Laboratory
Picarro 2401-m CO2/CH4/CO/H2O Analyzer
USOS
1, 1
2024, 08, 03, 2024, 11, 20
0
StartTime_UTC, seconds_past_midnight, seconds past midnight
5
1, 1, 1, 1, 1
-9999, -9999, -9999, -9999, -9999
StopTime_UTC, seconds_past_midnight, seconds past midnight
CO2_ppm_1min, ppm, Gas_CO2_InSitu_S_DMF, carbon dioxide mixing ratio
CH4_ppb_1min, ppb, Gas_CH4_InSitu_S_DMF, methane mixing ratio
CO_ppb_1min, ppb, Gas_CO_InSitu_S_DMF, carbon monoxide mixing ratio
H2O_ppmv_1min, ppmv, Met_H2OMRV_InSitu_S_AVMR, water vapor mixing ratio
1
SPECIAL COMMENTS: N/A
18
PI_CONTACT_INFO: Address: NOAA Chemical Sciences Laboratory, Mail Stop CSL7, 325 Broadway, Boulder, CO 80305; Email: Ilana.Pollack@noaa.gov
PLATFORM: NOAA CSL Mobile Laboratory
LOCATION: The mobile lab was stationed in Salt Lake City, Utah.
ASSOCIATED_DATA: N/A
INSTRUMENT_INFO: CO2, CH4, and CO are reported as dry air mole fractions using a commercial wavelength-scanned cavity ring-down analyzer (Picarro 2401-m). An in-field calibration gas standard of 432±0.07 ppm CO2, 2095±1 ppb CH4, and 183±1 ppb CO, calibrated in the Boulder laboratories before and after the field project using primary CO2, CH4, and CO standard tanks tied to the WMO standard (X2019, X2004A, and X2014A, respectively) from the Global Monitoring Laboratory (GML), was delivered to the inlet every 2-3 days to evaluate instrument sensitivity. A H2O measurement was calibrated before the project with a Dew Point Mirror 373 hygrometer. The water correction calculated from these calibrations was applied to the H2O measurement for the entire campaign. Species are measured at 0.5 Hz and reported as 1-minute averages for stationary measurements.
DATA_INFO: Units: CO2, ppm, dry air mole fraction; CH4, ppb, dry air mole fraction; CO, ppb, dry air mole fraction; H2O, ppmv
UNCERTAINTY: Total uncertainties are estimated as ±0.1 ppm for CO2, ±1 ppb for CH4, ±5 ppb for CO, and ±(50 ppm + 4%) for H2O.
ULOD_FLAG: -7777
ULOD_VALUE: N/A
LLOD_FLAG: -8888
LLOD_VALUE: N/A
DM_CONTACT_INFO: Data Manager: Nathan Howard; nathan.h.howard@noaa.gov
PROJECT_INFO: USOS Dates of Study: July – August 2024
STIPULATIONS_ON_USE: Use of these data require prior ok from PI.
OTHER_COMMENTS: Data are averaged to 1 minute intervals. Stationary data collected from a 10 ft tower on top of the mobile van.
REVISION: R0
R0: Final Data
StartTime_UTC, StopTime_UTC, CO2_ppm_1min, CH4_ppb_1min, CO_ppb_1min, H2O_ppmv_1min
0,60,423.18,2018.7,221.7,10364.3613
60,120,422.16,2016.0,214.1,10239.7490
120,180,422.67,2016.3,214.3,10310.2383
180,240,423.01,2018.0,225.6,10122.9844
240,300,422.34,2017.0,211.9,10379.8057
300,360,421.40,2015.4,207.5,10111.9063
360,420,421.11,2014.8,202.1,9922.3965
420,480,421.47,2015.4,204.9,10036.6025
480,540,421.58,2015.4,204.4,9753.4639
540,600,421.73,2016.5,205.7,10025.2695
600,660,421.89,2016.2,209.3,10341.0332
660,720,423.15,2018.4,224.9,10683.2783
720,780,424.16,2017.4,223.5,10852.9307
780,840,424.88,2018.5,231.3,10766.9785
840,900,422.77,2018.8,215.2,10394.4434
900,960,421.14,2017.5,210.4,10073.0713
960,1020,421.55,2017.8,214.6,10259.1475
1020,1080,421.64,2017.3,218.3,10342.5859
1080,1140,422.40,2018.0,226.9,10375.8203
1140,1200,420.45,2017.4,208.8,10083.4453
1200,1260,420.21,2017.9,207.6,10402.6514
1260,1320,420.24,2017.3,207.5,9984.0039
1320,1380,420.35,2017.3,207.3,10207.9570
1380,1440,420.53,2019.0,214.7,10778.8633
1440,1500,421.72,2020.6,214.5,10608.8125
1500,1560,421.25,2020.7,217.1,10841.6768
1560,1620,420.76,2019.7,220.2,10533.5879
1620,1680,420.89,2018.9,216.3,10414.1699
1680,1740,421.09,2018.4,215.7,10262.7646
1740,1800,420.85,2018.9,213.4,10693.5928
1800,1860,420.43,2018.3,214.4,10394.0313
1860,1920,420.64,2018.6,220.5,10166.7725
1920,1980,420.46,2018.1,206.4,9793.8486
1980,2040,420.56,2019.0,207.1,10158.8779
2040,2100,420.63,2019.9,205.8,10316.0889
2100,2160,420.70,2019.5,204.4,10253.4941
2160,2220,421.01,2020.6,210.2,10638.8965
2220,2280,421.15,2021.5,214.4,10512.9414
2280,2340,421.05,2020.5,212.3,9995.4033
2340,2400,421.23,2021.9,211.1,10352.0156
2400,2460,420.94,2019.6,207.3,10047.0332
2460,2520,420.74,2019.7,204.5,10206.4941
2520,2580,420.60,2018.9,202.6,10069.7334
2580,2640,420.37,2017.6,199.9,9819.4971
2640,2700,420.89,2018.7,204.5,10292.1855
2700,2760,421.03,2018.6,205.1,10018.8926
2760,2820,421.50,2019.5,208.4,10330.5049
2820,2880,421.52,2020.6,211.4,10441.6719
2880,2940,423.09,2020.8,209.8,10369.8105
2940,3000,422.75,2020.1,210.0,10483.4688
3000,3060,421.38,2019.2,206.5,10029.2568
3060,3120,421.26,2022.7,218.2,10219.8721
3120,3180,421.59,2024.2,218.9,10694.8809
3180,3240,421.00,2020.8,205.7,10145.3281
3240,3300,421.29,2021.8,206.8,10588.1484
3300,3360,421.19,2021.9,206.7,10334.2070
3360,3420,421.21,2020.9,209.3,10339.7891
3420,3480,421.34,2020.5,206.8,10200.0342
3480,3540,421.36,2022.5,215.0,11072.9893
3540,3600,421.87,2023.1,216.7,10547.8877
3600,3660,422.07,2024.2,220.3,11235.5244
3660,3720,422.58,2026.3,225.6,11278.9512
3720,3780,423.00,2026.9,226.2,11127.6299
3780,3840,423.21,2027.6,230.7,11315.6777
3840,3900,422.93,2027.8,229.6,11264.3496
3900,3960,422.19,2024.4,220.7,10597.9424
3960,4020,422.77,2024.2,221.4,10840.6758
4020,4080,422.27,2024.3,221.4,10557.2910
4080,4140,422.54,2025.0,218.1,10698.1348
4140,4200,422.48,2020.7,210.5,10466.4111
4200,4260,422.23,2019.5,211.6,10287.0391
4260,4320,422.52,2020.7,216.1,10763.0293
4320,4380,422.37,2020.2,217.8,10757.6230
4380,4440,422.95,2023.2,220.0,10689.3809
4440,4500,422.59,2023.2,223.8,10427.0918
4500,4560,422.61,2021.3,218.5,10323.1191
4560,4620,422.80,2021.6,209.8,10127.5508
4620,4680,422.63,2019.6,207.0,9827.1992
4680,4740,423.53,2021.0,208.8,10006.2070
4740,4800,423.01,2018.6,207.3,9846.3701
4800,4860,422.65,2017.5,210.1,9710.6563
4860,4920,423.65,2019.6,211.5,10088.7363
4920,4980,423.49,2020.4,212.4,9978.5459
4980,5040,424.30,2020.7,215.0,10076.1240
5040,5100,428.78,2024.4,222.2,10138.7783
5100,5160,423.57,2023.5,218.5,10063.8525
5160,5220,423.78,2023.6,215.2,10039.0430
5220,5280,425.11,2024.2,216.4,10142.7041
5280,5340,423.95,2024.8,215.1,9987.4043
5340,5400,424.30,2025.6,216.3,10159.6836
5400,5460,424.79,2024.5,216.4,10308.5039
5460,5520,424.53,2022.5,216.0,10158.7344
5520,5580,424.07,2021.3,213.9,10053.2373
5580,5640,423.59,2019.0,212.0,9906.5850
5640,5700,424.60,2019.9,209.4,10186.0049
5700,5760,423.55,2018.5,208.2,10062.9453
5760,5820,423.53,2017.9,210.2,9916.2480
5820,5880,422.97,2016.3,210.2,9668.7217
5880,5940,423.25,2017.2,209.9,9981.4756
5940,6000,423.68,2017.2,211.5,10038.6152
6000,6060,423.95,2018.0,214.1,10069.4854
6060,6120,424.91,2021.4,214.6,10169.0732
6120,6180,425.21,2021.5,217.7,10134.0996
6180,6240,426.89,2021.3,214.7,9991.3662
6240,6300,428.26,2021.9,215.4,10050.4863
6300,6360,428.14,2021.7,212.7,9891.8066
6360,6420,429.41,2024.0,216.5,10232.9736
6420,6480,430.78,2026.0,217.0,10198.7539
6480,6540,431.33,2027.5,219.3,10190.3564
6540,6600,431.17,2029.5,221.1,10293.6445
6600,6660,430.87,2028.5,223.8,10396.2051
6660,6720,429.96,2029.8,223.1,10229.9277
6720,6780,429.55,2029.5,223.6,10172.2305
6780,6840,429.48,2030.8,228.5,10155.2373
6840,6900,429.91,2032.3,230.2,10328.0332
6900,6960,431.47,2034.2,230.4,10709.0986
6960,7020,431.23,2034.7,232.9,10647.2822
7020,7080,430.47,2035.3,236.8,10702.4141
7080,7140,431.01,2037.0,239.4,10778.0537
7140,7200,431.03,2035.5,245.1,10584.9375
7200,7260,431.44,2034.9,244.1,10738.5996
7260,7320,431.84,2035.9,242.9,10786.9170
7320,7380,430.20,2033.7,243.5,10426.6621
7380,7440,429.14,2029.7,245.3,10193.3066
7440,7500,430.55,2033.7,244.3,10504.1807
7500,7560,429.31,2029.9,246.8,10230.9453
7560,7620,428.52,2025.5,245.4,9987.1221
7620,7680,430.23,2029.3,246.9,10263.7969
7680,7740,430.86,2031.2,247.0,10327.5273
7740,7800,431.14,2035.6,252.3,10343.0957
7800,7860,430.87,2034.2,250.6,10302.9014
7860,7920,431.76,2043.7,252.3,10485.2451
7920,7980,431.91,2038.4,253.4,10386.9033
7980,8040,431.89,2036.4,254.3,10307.8359
8040,8100,433.59,2037.0,254.3,10475.2754
8100,8160,433.36,2040.6,257.5,10428.5967
8160,8220,431.25,2034.2,260.0,10019.6484
8220,8280,434.34,2039.0,261.2,10497.9170
8280,8340,435.52,2041.0,260.7,10724.6133
8340,8400,438.91,2041.5,308.6,10893.3936
8400,8460,435.22,2045.3,290.8,10839.4893
8460,8520,437.02,2047.3,300.5,10923.8242
8520,8580,441.87,2050.6,339.7,11408.7588
8580,8640,443.66,2052.6,348.6,11711.6406
8640,8700,444.57,2053.3,341.5,11597.1533
8700,8760,448.11,2056.3,355.5,11835.7363
8760,8820,451.88,2056.9,372.3,12007.9814
8820,8880,453.73,2057.5,377.6,12106.3535
8880,8940,456.27,2058.6,394.6,12352.9365
8940,9000,455.30,2059.8,406.8,12413.7529
9000,9060,454.05,2061.1,440.8,12481.5732
9060,9120,455.16,2061.7,426.1,12519.7412
9120,9180,454.82,2061.4,394.1,12591.8877
9180,9240,451.86,2062.1,361.1,12645.5576
9240,9300,447.61,2062.3,341.9,12559.4189
9300,9360,449.46,2062.9,345.2,12706.4268
9360,9420,449.83,2062.1,336.8,12758.3252
9420,9480,449.23,2061.6,341.7,12850.4277
9480,9540,449.33,2062.2,381.0,12958.7725
9540,9600,456.11,2066.2,512.1,13108.4209
9600,9660,456.25,2065.6,475.2,13156.3896
9660,9720,447.12,2061.0,412.4,13078.8242
9720,9780,446.67,2059.0,352.2,12942.2129
9780,9840,437.99,2046.2,278.8,12489.6016
9840,9900,438.29,2045.0,275.4,12496.6699
9900,9960,437.54,2042.5,275.3,12492.8594
9960,10020,437.97,2042.1,321.8,12491.3965
10020,10080,438.47,2041.8,380.6,12389.9395
10080,10140,438.79,2042.8,355.2,12506.7100
10140,10200,437.13,2042.1,358.9,12405.4795
10200,10260,435.11,2040.5,312.9,12263.6543
10260,10320,433.56,2039.3,267.3,12168.2178
10320,10380,436.82,2041.5,280.6,12408.1836
10380,10440,437.50,2040.8,273.8,12376.0889
10440,10500,438.61,2042.1,271.6,12478.8047
10500,10560,437.67,2041.8,261.5,12334.6631
10560,10620,437.36,2041.7,258.8,12319.5381
10620,10680,439.04,2042.9,270.0,12501.0283
10680,10740,434.54,2042.0,266.5,12431.8564
10740,10800,435.21,2041.8,274.0,12520.0000
10800,10860,433.18,2040.8,262.1,12431.4707
10860,10920,435.14,2041.8,272.9,12507.2910
10920,10980,433.92,2040.9,261.7,12537.3193
10980,11040,434.32,2041.3,348.9,12515.7217
11040,11100,434.97,2039.6,306.8,12601.7295
11100,11160,436.79,2039.9,287.7,12630.2012
11160,11220,434.25,2038.2,267.4,12617.5752
11220,11280,434.29,2037.2,254.2,12665.7666
11280,11340,434.38,2036.0,249.0,12652.9658
11340,11400,433.92,2034.9,248.2,12607.8418
11400,11460,434.46,2034.3,256.2,12576.2188
11460,11520,433.94,2034.3,255.2,12572.2080
11520,11580,434.02,2033.7,256.6,12579.6680
11580,11640,435.63,2034.9,259.1,12572.2979
11640,11700,434.18,2034.2,260.7,12560.1973
11700,11760,435.78,2034.6,268.2,12637.4658
11760,11820,434.98,2034.1,265.0,12523.6338
11820,11880,435.31,2031.8,257.5,12472.9336
11880,11940,432.85,2028.4,244.4,12274.6006
11940,12000,435.34,2027.6,249.3,12305.8564
12000,12060,433.00,2026.9,240.3,12195.8984
12060,12120,432.15,2025.7,235.7,12104.4971
12120,12180,434.26,2025.5,243.7,12165.6689
12180,12240,433.50,2024.3,238.1,12057.1523
12240,12300,432.06,2022.6,231.0,11970.8818
12300,12360,432.21,2022.2,228.0,11969.2656
12360,12420,432.95,2023.0,229.1,12012.8574
12420,12480,433.65,2022.6,235.2,11975.2686
12480,12540,434.50,2022.5,239.0,12084.8809
12540,12600,433.38,2022.5,227.7,11968.8203
12600,12660,431.68,2020.7,221.2,11864.3311
12660,12720,432.29,2021.1,260.2,11857.2412
12720,12780,433.86,2022.5,321.4,11902.9727
12780,12840,434.82,2021.6,282.1,11871.7178
12840,12900,437.57,2021.8,287.8,11979.1709
12900,12960,434.08,2021.9,251.8,11992.1318
12960,13020,432.89,2020.6,229.6,11875.1689
13020,13080,434.35,2021.3,234.1,12157.7842
13080,13140,432.96,2019.9,221.0,12163.2549
13140,13200,433.36,2020.3,221.1,12306.2637
13200,13260,434.11,2020.4,225.4,12060.3525
13260,13320,432.97,2019.3,225.9,11610.9023
13320,13380,432.92,2019.2,227.1,11608.4414
13380,13440,434.85,2019.6,234.0,11789.7100
13440,13500,433.04,2018.4,228.9,11668.5088
13500,13560,431.28,2017.1,221.7,11432.1377
13560,13620,431.87,2017.3,222.9,11492.6299
13620,13680,433.83,2018.2,232.1,11589.3213
13680,13740,432.87,2018.0,228.1,11495.2676
13740,13800,435.32,2019.4,235.1,11654.6465
13800,13860,435.33,2019.9,234.2,11608.3545
13860,13920,434.21,2020.0,289.6,11521.7783
13920,13980,434.91,2020.4,300.3,11597.0273
13980,14040,435.19,2020.8,259.3,11703.0625
14040,14100,431.73,2017.8,226.4,11441.7285
14100,14160,434.43,2019.5,233.9,11598.7188
14160,14220,435.42,2019.8,234.5,11925.2070
14220,14280,431.62,2017.5,218.3,11412.6357
14280,14340,434.30,2018.5,222.8,11710.5850
14340,14400,432.74,2018.5,218.6,11505.5293
14400,14460,433.29,2018.3,219.9,11652.7598
14460,14520,431.45,2016.8,217.8,11576.3740
14520,14580,432.73,2017.5,220.7,11801.8086
14580,14640,433.65,2017.7,224.3,11795.6406
14640,14700,431.04,2016.4,219.7,11417.5938
14700,14760,434.78,2018.2,223.3,11579.8916
14760,14820,433.37,2017.9,223.5,11477.5449
14820,14880,432.64,2017.3,223.8,11382.5313
14880,14940,432.32,2017.4,224.1,11308.4727
14940,15000,432.15,2017.7,225.2,11359.2930
15000,15060,431.84,2017.0,223.1,11247.9990
15060,15120,433.53,2018.0,226.9,11615.1934
15120,15180,432.47,2017.0,224.7,11340.0361
15180,15240,433.84,2017.5,223.1,11601.9102
15240,15300,433.93,2017.6,224.2,11840.6553
15300,15360,434.25,2017.6,223.0,11667.2529
15360,15420,432.18,2017.1,222.1,11212.4375
15420,15480,432.39,2017.5,225.8,11240.2510
15480,15540,432.35,2017.3,228.5,11298.6240
15540,15600,432.29,2017.7,230.1,11276.0068
15600,15660,432.77,2017.9,230.1,11246.5869
15660,15720,433.15,2018.2,230.8,11169.7881
15720,15780,433.88,2018.2,231.7,11237.2637
15780,15840,434.05,2019.0,231.6,11274.1699
15840,15900,437.08,2022.1,261.4,11287.6895
15900,15960,436.83,2021.9,252.7,11477.1484
15960,16020,436.01,2021.6,247.4,11319.6875
16020,16080,434.94,2019.8,239.2,11261.7100
16080,16140,440.63,2021.0,258.7,11414.2422
16140,16200,437.83,2020.5,241.5,11396.1299
16200,16260,436.28,2020.5,229.8,11389.2842
16260,16320,434.70,2019.1,230.3,11242.9688
16320,16380,434.62,2019.6,231.9,11219.9902
16380,16440,434.75,2019.2,234.5,11233.1436
16440,16500,435.30,2019.0,233.4,11165.3809
16500,16560,435.83,2017.5,234.2,11091.8027
16560,16620,436.89,2018.3,237.1,11397.7900
16620,16680,438.93,2018.5,234.1,11387.4180
16680,16740,437.95,2018.3,231.9,11281.8398
16740,16800,443.98,2022.0,273.8,11393.6875
16800,16860,446.64,2023.9,272.5,11826.4648
16860,16920,443.29,2024.1,270.1,11317.9189
16920,16980,444.17,2022.9,270.6,11232.8652
16980,17040,446.29,2024.0,271.6,11563.7480
17040,17100,444.76,2022.8,263.8,11423.6211
17100,17160,445.18,2022.1,262.2,11452.3906
17160,17220,447.36,2023.2,262.7,11482.3936
17220,17280,444.06,2025.1,270.0,11134.4277
17280,17340,444.69,2025.3,259.2,11591.1699
17340,17400,440.51,2022.1,244.4,11233.2656
17400,17460,448.14,2031.8,274.8,11478.0146
17460,17520,447.05,2030.6,278.4,11539.6563
17520,17580,448.76,2034.0,324.9,11370.2754
17580,17640,450.84,2031.5,313.3,11699.9385
17640,17700,441.99,2027.3,268.9,11066.4355
17700,17760,442.76,2028.1,367.5,11044.6191
17760,17820,449.58,2027.0,392.6,11524.8232
17820,17880,439.55,2019.8,260.8,10930.4355
17880,17940,434.65,2015.7,223.4,10607.8691
17940,18000,436.61,2018.4,228.2,10677.1563
18000,18060,433.34,2012.5,216.3,10439.2090
18060,18120,438.60,2018.4,233.0,10880.1016
18120,18180,439.78,2019.0,240.6,10792.3320
18180,18240,444.33,2023.3,288.6,10842.2188
18240,18300,447.33,2029.0,299.9,11260.5098
18300,18360,448.73,2037.4,265.7,11595.3184
18360,18420,452.12,2039.6,263.1,11987.4521
18420,18480,452.19,2041.1,274.7,11480.0986
18480,18540,453.02,2036.6,315.9,11302.5771
18540,18600,452.17,2037.5,331.8,11176.3721
18600,18660,446.52,2026.5,280.9,10972.1104
18660,18720,441.43,2019.2,262.3,10703.1230
18720,18780,442.55,2020.1,257.4,10849.1875
18780,18840,441.47,2018.9,252.2,10811.7520
18840,18900,443.83,2020.4,259.5,11069.8105
18900,18960,438.86,2013.1,246.2,10579.3779
18960,19020,438.43,2012.6,315.3,10586.1260
19020,19080,436.76,2010.1,279.4,10504.8984
19080,19140,437.81,2010.2,276.3,10738.5313
19140,19200,436.62,2008.3,249.7,10420.1504
19200,19260,439.90,2011.2,244.4,10748.8457
19260,19320,436.86,2010.4,214.6,10621.2998
19320,19380,435.88,2009.4,208.9,10901.6660
19380,19440,436.75,2009.7,211.0,10604.3281
19440,19500,436.06,2009.7,225.1,10468.2109
19500,19560,438.93,2011.9,234.7,10656.6182
19560,19620,439.85,2022.3,243.6,10653.8779
19620,19680,440.84,2023.9,221.2,10746.3525
19680,19740,441.08,2021.4,219.6,10765.4961
19740,19800,442.72,2024.8,221.4,10941.0205
19800,19860,443.79,2042.8,226.4,11080.4580
19860,19920,445.42,2039.8,226.3,11155.0791
19920,19980,445.44,2036.7,233.6,11077.7471
19980,20040,446.25,2033.2,234.0,11224.7021
20040,20100,447.60,2034.2,235.9,11397.9785
20100,20160,446.58,2034.8,239.3,11326.1934
20160,20220,446.16,2036.0,238.6,11360.7393
20220,20280,445.88,2036.1,236.7,11473.0459
20280,20340,446.82,2036.2,240.7,11612.3398
20340,20400,446.06,2035.7,242.1,11334.7842
20400,20460,442.93,2023.3,231.3,10884.7012
20460,20520,438.67,2017.9,222.1,10544.1973
20520,20580,441.86,2020.0,235.7,10623.5547
20580,20640,444.10,2021.3,256.9,10684.7031
20640,20700,435.71,2008.1,216.5,10232.7344
20700,20760,436.29,2011.1,236.7,10428.5615
20760,20820,437.46,2019.7,312.2,10360.7529
20820,20880,435.09,2016.9,222.8,10257.8223
20880,20940,435.59,2014.4,219.0,10259.5430
20940,21000,433.69,2011.6,212.2,10211.0625
21000,21060,438.55,2014.8,229.5,10331.4482
21060,21120,440.44,2015.7,234.0,10521.1045
21120,21180,434.71,2010.9,241.8,10062.3857
21180,21240,430.51,2005.0,223.6,9950.3135
21240,21300,432.14,2006.2,237.1,10101.7139
21300,21360,432.87,2007.9,212.4,10290.7168
21360,21420,434.18,2006.9,219.2,10226.6240
21420,21480,435.19,2009.1,231.4,10223.6182
21480,21540,434.32,2007.6,226.2,10257.6465
21540,21600,431.36,2007.1,205.9,9886.0781
21600,21660,431.65,2005.9,230.7,9923.7500
21660,21720,430.77,2002.3,223.8,9895.0742
21720,21780,430.66,2002.5,213.1,9803.2393
21780,21840,432.76,2003.6,207.5,9991.1807
21840,21900,432.47,2003.2,199.3,9937.8252
21900,21960,432.16,2003.6,198.4,9944.6279
21960,22020,432.68,2003.2,201.6,9974.7715
22020,22080,432.78,2003.1,200.1,9887.5322
22080,22140,433.42,2004.1,201.9,10010.6895
22140,22200,432.92,2002.4,197.0,9855.0166
22200,22260,433.19,2002.3,193.4,9992.7656
22260,22320,433.32,2002.2,193.5,9926.1182
22320,22380,432.58,2001.8,190.7,9950.9697
22380,22440,433.27,2002.9,197.4,9969.1602
22440,22500,431.38,2001.3,197.8,9794.9541
22500,22560,430.70,2001.3,201.5,9659.9365
22560,22620,431.31,2002.0,203.5,9709.0156
22620,22680,430.59,2001.2,203.2,9632.0693
22680,22740,432.19,2003.5,212.8,9680.5908
22740,22800,432.24,2002.6,211.2,9662.6914
22800,22860,432.64,2003.0,224.2,9619.2783
