CampaignData_and_Merges/R0/CSL_MobileLab_Parked/raw/20240803/USOS-O3_MobileLabGround_20240803_R0.ict
34, 1001
Carrie Womack
NOAA Chemical Sciences Laboratory
2B Tech O3 UV Analyzer
USOS
1, 1
2024, 08, 03, 2024, 12, 21
60
Time_Start, seconds_past_midnight, Seconds from midnight UTC
1
1
-9999
O3_ppb, ppb, Ozone from 2B Tech UV Analyzer
1
SPECIAL COMMENTS:
18
PI_CONTACT_INFO: Address: 325 Broadway R/CSL7, Boulder, CO, 80305
PLATFORM: CSL Mobile Lab
LOCATION: Salt Lake City, UT
ASSOCIATED_DATA: N/A
INSTRUMENT_INFO: N/A
DATA_INFO: Units:
UNCERTAINTY: N/A
ULOD_FLAG: -7777
ULOD_VALUE: N/A
LLOD_FLAG: -8888
LLOD_VALUE: N/A
DM_CONTACT_INFO: Data Manager: Nate Howard
PROJECT_INFO: 
STIPULATIONS_ON_USE: Use of these data require prior ok from PI.
OTHER_COMMENTS: N/A
REVISION: R0
R0: Final data. RA: Preliminary Data.  For in-field use only.
Time_Start, O3_ppb
0.0,75.8
60.0,74.9
120.0,75.5
180.0,75.5
240.0,74.1
300.0,74.6
360.0,77.4
420.0,76.4
480.0,77.0
540.0,76.6
600.0,75.3
660.0,74.9
720.0,74.0
780.0,74.3
840.0,75.0
900.0,74.3
960.0,75.9
1020.0,77.0
1080.0,85.9
1140.0,82.1
1200.0,76.3
1260.0,76.0
1320.0,77.8
1380.0,75.6
1440.0,75.3
1500.0,74.9
1560.0,73.8
1620.0,75.7
1680.0,75.9
1740.0,74.6
1800.0,74.4
1860.0,74.7
1920.0,76.3
1980.0,76.3
2040.0,75.2
2100.0,74.4
2160.0,74.9
2220.0,73.1
2280.0,75.1
2340.0,74.5
2400.0,74.4
2460.0,74.8
2520.0,74.5
2580.0,74.7
2640.0,74.7
2700.0,73.7
2760.0,73.8
2820.0,73.4
2880.0,72.8
2940.0,71.4
3000.0,72.9
3060.0,74.4
3120.0,72.5
3180.0,72.2
3240.0,73.8
3300.0,72.3
3360.0,72.8
3420.0,72.0
3480.0,71.6
3540.0,69.9
3600.0,71.5
3660.0,69.1
3720.0,69.9
3780.0,68.7
3840.0,68.8
3900.0,69.1
3960.0,70.9
4020.0,69.5
4080.0,71.8
4140.0,71.4
4200.0,71.8
4260.0,71.9
4320.0,70.9
4380.0,70.3
4440.0,70.7
4500.0,70.2
4560.0,70.8
4620.0,70.6
4680.0,71.3
4740.0,71.2
4800.0,72.0
4860.0,71.3
4920.0,70.2
4980.0,70.3
5040.0,68.5
5100.0,68.8
5160.0,70.3
5220.0,69.7
5280.0,69.4
5340.0,70.6
5400.0,70.1
5460.0,69.2
5520.0,70.1
5580.0,70.0
5640.0,69.0
5700.0,68.8
5760.0,68.7
5820.0,69.2
5880.0,69.2
5940.0,68.3
6000.0,69.0
6060.0,68.3
6120.0,68.0
6180.0,66.3
6240.0,63.6
6300.0,63.7
6360.0,63.6
6420.0,61.4
6480.0,60.4
6540.0,60.3
6600.0,59.7
6660.0,59.6
6720.0,60.5
6780.0,62.5
6840.0,61.7
6900.0,60.3
6960.0,59.4
7020.0,59.4
7080.0,59.0
7140.0,58.3
7200.0,59.3
7260.0,59.5
7320.0,57.5
7380.0,60.9
7440.0,60.0
7500.0,60.4
7560.0,61.3
7620.0,61.7
7680.0,60.9
7740.0,60.2
7800.0,61.7
7860.0,58.3
7920.0,60.0
7980.0,59.2
8040.0,59.2
8100.0,58.3
8160.0,59.4
8220.0,59.5
8280.0,58.5
8340.0,57.0
8400.0,51.6
8460.0,56.9
8520.0,55.0
8580.0,53.2
8640.0,51.9
8700.0,51.4
8760.0,48.9
8820.0,45.5
8880.0,45.2
8940.0,45.8
9000.0,44.6
9060.0,45.3
9120.0,45.8
9180.0,46.2
9240.0,49.2
9300.0,51.0
9360.0,51.0
9420.0,52.0
9480.0,53.5
9540.0,49.0
9600.0,48.5
9660.0,50.5
9720.0,56.0
9780.0,53.9
9840.0,59.2
9900.0,57.5
9960.0,57.5
10020.0,56.7
10080.0,53.4
10140.0,54.5
10200.0,56.7
10260.0,58.9
10320.0,58.3
10380.0,58.0
10440.0,58.1
10500.0,56.7
10560.0,56.3
10620.0,55.1
10680.0,54.4
10740.0,56.3
10800.0,56.6
10860.0,57.2
10920.0,56.7
10980.0,57.0
11040.0,57.2
11100.0,57.5
11160.0,54.8
11220.0,56.4
11280.0,56.5
11340.0,57.0
11400.0,56.8
11460.0,54.2
11520.0,55.3
11580.0,56.8
11640.0,54.1
11700.0,55.5
11760.0,54.2
11820.0,54.6
11880.0,56.3
11940.0,55.9
12000.0,54.8
12060.0,57.3
12120.0,56.8
12180.0,56.8
12240.0,54.7
12300.0,57.9
12360.0,58.2
12420.0,57.9
12480.0,56.7
12540.0,57.7
12600.0,58.8
12660.0,58.7
12720.0,58.5
12780.0,57.9
12840.0,57.7
12900.0,57.4
12960.0,59.1
13020.0,59.6
13080.0,60.4
13140.0,61.3
13200.0,60.3
13260.0,61.0
13320.0,61.2
13380.0,60.8
13440.0,58.8
13500.0,60.6
13560.0,61.8
13620.0,61.0
13680.0,60.3
13740.0,59.8
13800.0,58.9
13860.0,58.9
13920.0,60.4
13980.0,57.2
14040.0,60.3
14100.0,60.2
14160.0,58.8
14220.0,59.0
14280.0,60.3
14340.0,59.7
14400.0,61.5
14460.0,61.0
14520.0,62.8
14580.0,60.8
14640.0,61.0
14700.0,61.5
14760.0,60.3
14820.0,60.6
14880.0,62.0
14940.0,62.0
15000.0,61.0
15060.0,61.8
15120.0,61.7
15180.0,60.6
15240.0,60.0
15300.0,60.2
15360.0,60.5
15420.0,62.7
15480.0,60.1
15540.0,61.1
15600.0,60.4
15660.0,62.0
15720.0,60.9
15780.0,61.4
15840.0,59.9
15900.0,58.4
15960.0,58.9
16020.0,59.5
16080.0,56.5
16140.0,54.8
16200.0,59.5
16260.0,59.2
16320.0,61.1
16380.0,59.9
16440.0,60.7
16500.0,61.1
16560.0,61.8
16620.0,61.8
16680.0,61.7
16740.0,60.1
16800.0,56.5
16860.0,57.7
16920.0,57.7
16980.0,57.6
17040.0,56.5
17100.0,56.7
17160.0,57.1
17220.0,57.1
17280.0,59.8
17340.0,58.8
17400.0,59.0
17460.0,55.0
17520.0,52.4
17580.0,53.3
17640.0,54.8
17700.0,56.3
17760.0,52.6
17820.0,54.6
17880.0,59.3
17940.0,60.2
18000.0,60.8
18060.0,60.8
18120.0,58.3
18180.0,54.0
18240.0,48.5
18300.0,49.8
18360.0,49.4
18420.0,50.5
18480.0,51.1
18540.0,51.1
18600.0,50.0
18660.0,53.3
18720.0,55.4
18780.0,54.8
18840.0,54.9
18900.0,54.7
18960.0,57.0
19020.0,56.9
19080.0,59.1
19140.0,57.8
19200.0,58.0
19260.0,57.0
19320.0,58.5
19380.0,58.6
19440.0,58.7
19500.0,57.7
19560.0,56.6
19620.0,55.7
19680.0,54.3
19740.0,54.5
19800.0,53.3
19860.0,51.7
19920.0,52.6
19980.0,52.2
20040.0,51.0
20100.0,51.1
20160.0,52.3
20220.0,52.7
20280.0,52.2
20340.0,52.2
20400.0,51.2
20460.0,56.4
20520.0,55.9
20580.0,50.8
20640.0,54.7
20700.0,58.7
20760.0,58.0
20820.0,57.3
20880.0,57.5
20940.0,57.5
21000.0,57.7
21060.0,54.5
21120.0,54.3
21180.0,56.3
21240.0,58.2
21300.0,57.9
21360.0,58.5
21420.0,58.7
21480.0,56.3
21540.0,57.3
21600.0,58.3
21660.0,59.5
21720.0,58.8
21780.0,59.4
21840.0,57.1
21900.0,58.5
21960.0,57.9
22020.0,58.1
22080.0,58.8
22140.0,56.9
22200.0,57.7
22260.0,57.8
22320.0,58.3
22380.0,57.5
22440.0,56.6
22500.0,58.2
22560.0,57.5
22620.0,57.8
22680.0,57.6
22740.0,57.2
22800.0,55.6
22860.0,55.5
22920.0,55.4
22980.0,58.3
23040.0,59.2
23100.0,59.1
23160.0,59.6
23220.0,58.7
23280.0,59.8
23340.0,60.9
23400.0,59.7
23460.0,59.0
23520.0,59.8
23580.0,61.0
23640.0,61.6
23700.0,60.8
23760.0,60.6
23820.0,60.0
23880.0,58.5
23940.0,58.7
24000.0,59.4
24060.0,60.9
24120.0,60.9
24180.0,59.4
24240.0,58.5
24300.0,61.4
24360.0,62.5
24420.0,62.0
24480.0,61.9
24540.0,60.0
24600.0,60.7
24660.0,61.7
24720.0,62.4
24780.0,62.8
24840.0,60.5
24900.0,61.2
24960.0,60.7
25020.0,59.5
25080.0,60.5
25140.0,62.3
25200.0,61.6
25260.0,61.3
25320.0,59.9
25380.0,59.3
25440.0,59.7
25500.0,61.0
25560.0,57.1
25620.0,56.3
25680.0,60.1
25740.0,60.4
25800.0,60.1
25860.0,60.7
25920.0,60.8
25980.0,62.2
26040.0,61.3
26100.0,57.0
26160.0,59.3
26220.0,61.3
26280.0,59.4
26340.0,59.7
26400.0,60.9
26460.0,59.5
26520.0,60.3
26580.0,60.2
26640.0,59.3
26700.0,59.5
26760.0,60.0
26820.0,59.7
26880.0,59.5
26940.0,59.0
27000.0,59.5
27060.0,54.5
27120.0,59.5
27180.0,59.5
27240.0,59.7
27300.0,59.5
27360.0,59.8
27420.0,60.8
27480.0,60.6
27540.0,58.5
27600.0,55.5
27660.0,50.9
27720.0,50.5
27780.0,50.6
27840.0,49.9
27900.0,49.4
27960.0,47.5
28020.0,50.3
28080.0,49.6
28140.0,48.9
28200.0,48.8
28260.0,48.2
28320.0,47.2
28380.0,48.4
28440.0,49.0
28500.0,49.4
28560.0,48.7
28620.0,47.2
28680.0,48.3
28740.0,49.3
28800.0,50.6
28860.0,49.1
28920.0,48.6
28980.0,47.3
29040.0,47.7
29100.0,48.1
29160.0,48.1
29220.0,47.6
29280.0,48.1
29340.0,45.6
29400.0,46.3
29460.0,49.9
29520.0,53.6
29580.0,52.6
29640.0,51.9
29700.0,52.5
29760.0,53.2
29820.0,51.5
29880.0,50.6
29940.0,52.7
30000.0,54.4
30060.0,52.8
30120.0,52.6
30180.0,51.9
30240.0,52.6
30300.0,47.4
30360.0,44.4
30420.0,42.4
30480.0,43.2
30540.0,49.4
30600.0,47.7
30660.0,48.3
30720.0,47.3
30780.0,48.2
30840.0,43.7
30900.0,51.7
30960.0,45.1
31020.0,56.3
31080.0,55.3
31140.0,52.1
31200.0,40.3
31260.0,50.5
31320.0,50.4
31380.0,51.2
31440.0,50.7
31500.0,49.2
31560.0,48.8
31620.0,48.1
31680.0,47.8
31740.0,45.3
31800.0,43.1
31860.0,40.9
31920.0,46.1
31980.0,39.8
32040.0,44.4
32100.0,46.2
32160.0,43.5
32220.0,40.5
32280.0,43.6
32340.0,43.7
32400.0,43.9
32460.0,43.7
32520.0,43.8
32580.0,45.2
32640.0,44.1
32700.0,45.5
32760.0,46.4
32820.0,47.0
32880.0,45.4
32940.0,45.2
33000.0,46.1
33060.0,47.6
33120.0,45.6
33180.0,43.2
33240.0,45.4
33300.0,40.8
33360.0,40.0
33420.0,39.5
33480.0,36.8
33540.0,34.6
33600.0,35.1
33660.0,40.0
33720.0,39.6
33780.0,37.7
33840.0,39.4
33900.0,41.7
33960.0,40.9
34020.0,38.3
34080.0,38.1
34140.0,37.0
34200.0,37.5
34260.0,39.1
34320.0,39.3
34380.0,38.9
34440.0,39.2
34500.0,40.9
34560.0,40.5
34620.0,40.4
34680.0,39.0
34740.0,39.8
34800.0,40.2
34860.0,39.3
34920.0,40.9
34980.0,40.3
35040.0,40.9
35100.0,40.1
35160.0,40.7
35220.0,42.2
35280.0,42.0
35340.0,41.3
35400.0,44.2
35460.0,44.0
35520.0,45.5
35580.0,48.4
35640.0,52.2
35700.0,51.8
35760.0,53.9
35820.0,52.8
35880.0,53.3
35940.0,52.3
36000.0,52.8
36060.0,55.4
36120.0,54.8
36180.0,53.7
36240.0,53.0
36300.0,54.9
36360.0,54.2
36420.0,52.7
36480.0,53.3
36540.0,51.6
36600.0,51.7
36660.0,51.8
36720.0,52.8
36780.0,52.5
36840.0,51.6
36900.0,52.9
36960.0,52.6
37020.0,51.2
37080.0,52.4
37140.0,51.8
37200.0,50.2
37260.0,49.1
37320.0,49.6
37380.0,50.4
37440.0,50.3
37500.0,49.1
37560.0,50.9
37620.0,47.3
37680.0,47.2
37740.0,47.6
37800.0,48.6
37860.0,46.6
37920.0,45.9
37980.0,48.1
38040.0,47.4
38100.0,47.2
38160.0,46.1
38220.0,45.9
38280.0,46.5
38340.0,49.6
38400.0,47.5
38460.0,48.4
38520.0,48.3
38580.0,49.8
38640.0,50.5
38700.0,50.3
38760.0,46.4
38820.0,47.4
38880.0,49.7
38940.0,48.9
39000.0,47.3
39060.0,46.1
39120.0,47.3
39180.0,48.8
39240.0,48.0
39300.0,44.9
39360.0,44.7
39420.0,45.9
39480.0,46.5
39540.0,46.8
39600.0,47.5
39660.0,49.8
39720.0,45.9
39780.0,45.8
39840.0,44.9
39900.0,43.4
39960.0,44.7
40020.0,46.3
40080.0,46.3
40140.0,45.9
40200.0,45.6
40260.0,43.7
40320.0,43.7
40380.0,45.9
40440.0,44.1
40500.0,45.0
40560.0,45.2
40620.0,43.6
40680.0,44.0
40740.0,42.3
40800.0,41.6
40860.0,41.5
40920.0,42.9
40980.0,41.5
41040.0,42.8
41100.0,43.8
41160.0,42.2
41220.0,40.7
41280.0,41.7
41340.0,42.3
41400.0,40.0
41460.0,41.1
41520.0,37.0
41580.0,39.4
41640.0,38.2
41700.0,36.5
41760.0,37.6
41820.0,38.9
41880.0,38.1
41940.0,40.0
42000.0,38.9
42060.0,28.3
42120.0,35.3
42180.0,34.5
42240.0,23.9
42300.0,32.6
42360.0,34.9
42420.0,35.3
42480.0,34.5
42540.0,30.3
42600.0,31.6
42660.0,31.9
42720.0,29.3
42780.0,31.7
42840.0,29.9
42900.0,32.1
42960.0,29.4
43020.0,23.7
43080.0,26.1
43140.0,32.4
43200.0,33.0
43260.0,31.0
43320.0,31.9
43380.0,30.6
43440.0,28.7
43500.0,29.6
43560.0,29.6
43620.0,29.2
43680.0,31.3
43740.0,34.4
43800.0,33.2
43860.0,32.5
43920.0,31.6
43980.0,28.8
44040.0,32.0
44100.0,32.5
44160.0,32.8
44220.0,32.8
44280.0,32.3
44340.0,33.0
44400.0,34.3
44460.0,33.3
44520.0,32.0
44580.0,35.3
44640.0,35.6
44700.0,38.1
44760.0,38.1
44820.0,31.9
44880.0,23.4
44940.0,21.4
45000.0,25.6
45060.0,29.8
45120.0,30.4
45180.0,43.2
45240.0,43.5
45300.0,38.4
45360.0,38.4
45420.0,40.5
45480.0,44.1
45540.0,42.6
45600.0,43.0
45660.0,48.1
45720.0,48.1
45780.0,46.3
45840.0,45.5
45900.0,45.7
45960.0,47.7
46020.0,49.4
46080.0,48.4
46140.0,48.3
46200.0,46.3
46260.0,46.2
46320.0,45.7
46380.0,46.6
46440.0,49.6
46500.0,49.4
46560.0,50.9
46620.0,48.8
46680.0,47.2
46740.0,44.0
46800.0,45.9
46860.0,46.9
46920.0,47.2
46980.0,44.3
47040.0,42.2
47100.0,42.9
47160.0,43.8
47220.0,47.2
47280.0,50.3
47340.0,49.4
47400.0,49.5
47460.0,48.5
47520.0,45.3
47580.0,44.2
47640.0,44.4
47700.0,42.3
47760.0,42.6
47820.0,43.8
47880.0,43.3
47940.0,47.1
48000.0,51.3
48060.0,51.4
48120.0,48.4
48180.0,-9999.0
48240.0,-9999.0
48300.0,-9999.0
48360.0,-9999.0
48420.0,-9999.0
48480.0,-9999.0
48540.0,-9999.0
48600.0,-9999.0
48660.0,-9999.0
48720.0,-9999.0
48780.0,-9999.0
48840.0,-9999.0
48900.0,-9999.0
48960.0,-9999.0
49020.0,-9999.0
49080.0,-9999.0
49140.0,-9999.0
49200.0,-9999.0
49260.0,-9999.0
49320.0,-9999.0
49380.0,-9999.0
49440.0,-9999.0
49500.0,-9999.0
49560.0,-9999.0
49620.0,-9999.0
49680.0,-9999.0
49740.0,48.1
49800.0,45.7
49860.0,45.7
49920.0,44.8
49980.0,40.0
50040.0,36.7
50100.0,40.2
50160.0,41.2
50220.0,41.0
50280.0,44.0
50340.0,44.6
50400.0,43.5
50460.0,43.4
50520.0,44.6
50580.0,41.1
50640.0,41.4
50700.0,41.5
50760.0,41.2
50820.0,42.5
50880.0,41.0
50940.0,41.2
51000.0,41.6
51060.0,42.1
51120.0,-9999.0
51180.0,-9999.0
51240.0,-9999.0
51300.0,-9999.0
51360.0,-9999.0
51420.0,-9999.0
51480.0,-9999.0
51540.0,-9999.0
51600.0,-9999.0
51660.0,-9999.0
51720.0,-9999.0
51780.0,-9999.0
51840.0,-9999.0
51900.0,-9999.0
51960.0,-9999.0
52020.0,-9999.0
52080.0,-9999.0
52140.0,-9999.0
52200.0,-9999.0
52260.0,-9999.0
52320.0,-9999.0
52380.0,-9999.0
52440.0,-9999.0
52500.0,-9999.0
52560.0,-9999.0
52620.0,-9999.0
52680.0,-9999.0
52740.0,-9999.0
52800.0,-9999.0
52860.0,-9999.0
52920.0,-9999.0
52980.0,-9999.0
53040.0,-9999.0
53100.0,-9999.0
53160.0,-9999.0
53220.0,-9999.0
53280.0,-9999.0
53340.0,-9999.0
53400.0,-9999.0
53460.0,-9999.0
53520.0,-9999.0
53580.0,-9999.0
53640.0,-9999.0
53700.0,-9999.0
53760.0,-9999.0
53820.0,-9999.0
53880.0,-9999.0
53940.0,-9999.0
54000.0,-9999.0
54060.0,-9999.0
54120.0,-9999.0
54180.0,-9999.0
54240.0,-9999.0
54300.0,-9999.0
54360.0,-9999.0
54420.0,-9999.0
54480.0,-9999.0
54540.0,-9999.0
54600.0,-9999.0
54660.0,-9999.0
54720.0,-9999.0
54780.0,-9999.0
54840.0,-9999.0
54900.0,-9999.0
54960.0,-9999.0
55020.0,-9999.0
55080.0,-9999.0
55140.0,-9999.0
55200.0,-9999.0
55260.0,-9999.0
55320.0,-9999.0
55380.0,-9999.0
55440.0,-9999.0
55500.0,-9999.0
55560.0,-9999.0
55620.0,-9999.0
55680.0,-9999.0
55740.0,-9999.0
55800.0,-9999.0
55860.0,-9999.0
55920.0,-9999.0
55980.0,-9999.0
56040.0,-9999.0
56100.0,-9999.0
56160.0,-9999.0
56220.0,-9999.0
56280.0,-9999.0
56340.0,-9999.0
56400.0,-9999.0
56460.0,-9999.0
56520.0,-9999.0
56580.0,-9999.0
56640.0,-9999.0
56700.0,-9999.0
56760.0,-9999.0
56820.0,-9999.0
56880.0,-9999.0
56940.0,-9999.0
57000.0,-9999.0
57060.0,-9999.0
57120.0,-9999.0
57180.0,-9999.0
57240.0,-9999.0
57300.0,-9999.0
57360.0,-9999.0
57420.0,-9999.0
57480.0,-9999.0
57540.0,-9999.0
57600.0,-9999.0
57660.0,-9999.0
57720.0,-9999.0
57780.0,-9999.0
57840.0,-9999.0
57900.0,-9999.0
57960.0,-9999.0
58020.0,-9999.0
58080.0,-9999.0
58140.0,-9999.0
58200.0,-9999.0
58260.0,-9999.0
58320.0,-9999.0
58380.0,-9999.0
58440.0,-9999.0
58500.0,-9999.0
58560.0,-9999.0
58620.0,-9999.0
58680.0,-9999.0
58740.0,-9999.0
58800.0,-9999.0
58860.0,-9999.0
58920.0,-9999.0
58980.0,-9999.0
59040.0,-9999.0
59100.0,-9999.0
59160.0,-9999.0
59220.0,-9999.0
59280.0,-9999.0
59340.0,-9999.0
59400.0,-9999.0
59460.0,-9999.0
59520.0,-9999.0
59580.0,-9999.0
59640.0,-9999.0
59700.0,-9999.0
59760.0,-9999.0
59820.0,-9999.0
59880.0,-9999.0
59940.0,-9999.0
60000.0,-9999.0
60060.0,-9999.0
60120.0,-9999.0
60180.0,-9999.0
60240.0,-9999.0
60300.0,-9999.0
60360.0,-9999.0
60420.0,-9999.0
60480.0,-9999.0
60540.0,-9999.0
60600.0,-9999.0
60660.0,-9999.0
60720.0,-9999.0
60780.0,-9999.0
60840.0,-9999.0
60900.0,-9999.0
60960.0,-9999.0
61020.0,-9999.0
61080.0,-9999.0
61140.0,-9999.0
61200.0,-9999.0
61260.0,-9999.0
61320.0,-9999.0
61380.0,-9999.0
61440.0,-9999.0
61500.0,-9999.0
61560.0,-9999.0
61620.0,-9999.0
61680.0,-9999.0
61740.0,-9999.0
61800.0,-9999.0
61860.0,-9999.0
61920.0,-9999.0
61980.0,-9999.0
62040.0,-9999.0
62100.0,-9999.0
62160.0,-9999.0
62220.0,-9999.0
62280.0,-9999.0
62340.0,-9999.0
62400.0,-9999.0
62460.0,-9999.0
62520.0,-9999.0
62580.0,-9999.0
62640.0,-9999.0
62700.0,-9999.0
62760.0,-9999.0
62820.0,-9999.0
62880.0,-9999.0
62940.0,-9999.0
63000.0,-9999.0
63060.0,-9999.0
63120.0,-9999.0
63180.0,-9999.0
63240.0,-9999.0
63300.0,-9999.0
63360.0,-9999.0
63420.0,-9999.0
63480.0,-9999.0
63540.0,-9999.0
63600.0,-9999.0
63660.0,-9999.0
63720.0,-9999.0
63780.0,-9999.0
63840.0,-9999.0
63900.0,-9999.0
63960.0,-9999.0
64020.0,-9999.0
64080.0,-9999.0
64140.0,-9999.0
64200.0,-9999.0
64260.0,-9999.0
64320.0,-9999.0
64380.0,-9999.0
64440.0,-9999.0
64500.0,-9999.0
64560.0,-9999.0
64620.0,-9999.0
64680.0,-9999.0
64740.0,-9999.0
64800.0,-9999.0
64860.0,-9999.0
64920.0,-9999.0
64980.0,-9999.0
65040.0,-9999.0
65100.0,-9999.0
65160.0,-9999.0
65220.0,-9999.0
65280.0,-9999.0
65340.0,-9999.0
65400.0,-9999.0
65460.0,-9999.0
65520.0,-9999.0
65580.0,-9999.0
65640.0,-9999.0
65700.0,-9999.0
65760.0,-9999.0
65820.0,-9999.0
65880.0,-9999.0
65940.0,-9999.0
66000.0,-9999.0
66060.0,-9999.0
66120.0,-9999.0
66180.0,-9999.0
66240.0,-9999.0
66300.0,-9999.0
66360.0,-9999.0
66420.0,-9999.0
66480.0,-9999.0
66540.0,-9999.0
66600.0,-9999.0
66660.0,-9999.0
66720.0,-9999.0
66780.0,-9999.0
66840.0,-9999.0
66900.0,-9999.0
66960.0,-9999.0
67020.0,-9999.0
67080.0,-9999.0
67140.0,-9999.0
67200.0,-9999.0
67260.0,-9999.0
67320.0,-9999.0
67380.0,-9999.0
67440.0,-9999.0
67500.0,-9999.0
67560.0,-9999.0
67620.0,-9999.0
67680.0,-9999.0
67740.0,-9999.0
67800.0,-9999.0
67860.0,-9999.0
67920.0,-9999.0
67980.0,-9999.0
68040.0,-9999.0
68100.0,-9999.0
68160.0,-9999.0
68220.0,-9999.0
68280.0,-9999.0
68340.0,-9999.0
68400.0,-9999.0
68460.0,-9999.0
68520.0,-9999.0
68580.0,-9999.0
68640.0,-9999.0
68700.0,-9999.0
68760.0,-9999.0
68820.0,-9999.0
68880.0,-9999.0
68940.0,-9999.0
69000.0,-9999.0
69060.0,-9999.0
69120.0,-9999.0
69180.0,-9999.0
69240.0,-9999.0
69300.0,-9999.0
69360.0,-9999.0
69420.0,-9999.0
69480.0,-9999.0
69540.0,-9999.0
69600.0,-9999.0
69660.0,-9999.0
69720.0,-9999.0
69780.0,-9999.0
69840.0,-9999.0
69900.0,-9999.0
69960.0,-9999.0
70020.0,-9999.0
70080.0,-9999.0
70140.0,-9999.0
70200.0,-9999.0
70260.0,-9999.0
70320.0,-9999.0
70380.0,-9999.0
70440.0,-9999.0
70500.0,-9999.0
70560.0,-9999.0
70620.0,-9999.0
70680.0,-9999.0
70740.0,53.3
70800.0,53.8
70860.0,52.9
70920.0,53.6
70980.0,53.8
71040.0,54.3
71100.0,54.6
71160.0,52.3
71220.0,52.9
71280.0,49.3
71340.0,52.8
71400.0,53.5
71460.0,52.2
71520.0,52.8
71580.0,52.5
71640.0,-9999.0
71700.0,-9999.0
71760.0,-9999.0
71820.0,-9999.0
71880.0,-9999.0
71940.0,-9999.0
72000.0,-9999.0
72060.0,-9999.0
72120.0,-9999.0
72180.0,-9999.0
72240.0,-9999.0
72300.0,-9999.0
72360.0,-9999.0
72420.0,-9999.0
72480.0,-9999.0
72540.0,-9999.0
72600.0,-9999.0
72660.0,-9999.0
72720.0,-9999.0
72780.0,-9999.0
72840.0,-9999.0
72900.0,-9999.0
72960.0,-9999.0
73020.0,-9999.0
73080.0,-9999.0
73140.0,-9999.0
73200.0,-9999.0
73260.0,-9999.0
73320.0,55.2
73380.0,55.3
73440.0,55.5
73500.0,54.8
73560.0,55.2
73620.0,54.8
73680.0,55.3
73740.0,57.2
73800.0,55.0
73860.0,56.7
73920.0,57.7
73980.0,58.1
74040.0,58.1
74100.0,56.2
74160.0,56.4
74220.0,56.1
74280.0,57.4
74340.0,56.6
74400.0,57.6
74460.0,56.7
74520.0,53.7
74580.0,56.6
74640.0,57.0
74700.0,58.9
74760.0,57.6
74820.0,58.1
74880.0,56.6
74940.0,57.0
75000.0,59.1
75060.0,54.5
75120.0,56.8
75180.0,57.7
75240.0,58.0
75300.0,57.0
75360.0,56.6
75420.0,56.5
75480.0,56.3
75540.0,58.1
75600.0,59.2
75660.0,56.8
75720.0,57.1
75780.0,56.9
75840.0,59.0
75900.0,58.3
75960.0,57.7
76020.0,57.9
76080.0,58.1
76140.0,59.5
76200.0,59.3
76260.0,57.9
76320.0,59.4
76380.0,58.8
76440.0,59.3
76500.0,59.5
76560.0,58.1
76620.0,60.4
76680.0,59.1
76740.0,58.9
76800.0,58.9
76860.0,60.7
76920.0,58.9
76980.0,58.0
77040.0,56.9
77100.0,58.2
77160.0,57.4
77220.0,57.8
77280.0,56.3
77340.0,58.5
77400.0,59.5
77460.0,58.0
77520.0,59.0
77580.0,58.8
77640.0,58.1
77700.0,54.7
77760.0,57.3
77820.0,57.8
77880.0,53.1
77940.0,55.3
78000.0,55.7
78060.0,49.9
78120.0,58.9
78180.0,55.5
78240.0,58.6
78300.0,57.6
78360.0,57.8
78420.0,58.3
78480.0,57.8
78540.0,58.6
78600.0,57.3
78660.0,58.1
78720.0,57.5
78780.0,59.4
78840.0,60.1
78900.0,58.5
78960.0,59.2
79020.0,60.6
79080.0,58.1
79140.0,59.1
79200.0,60.1
79260.0,61.3
79320.0,60.8
79380.0,62.6
79440.0,63.6
79500.0,64.7
79560.0,64.6
79620.0,62.9
79680.0,59.8
79740.0,61.9
79800.0,63.0
79860.0,64.1
79920.0,64.2
79980.0,65.4
80040.0,62.2
80100.0,64.2
80160.0,65.4
80220.0,64.1
80280.0,63.9
80340.0,63.2
80400.0,64.5
80460.0,66.9
80520.0,67.0
80580.0,68.0
80640.0,67.4
80700.0,67.5
80760.0,68.4
80820.0,68.3
80880.0,67.8
80940.0,67.2
81000.0,65.9
81060.0,66.0
81120.0,64.7
81180.0,64.1
81240.0,64.9
81300.0,65.2
81360.0,64.8
81420.0,65.6
81480.0,65.3
81540.0,64.4
81600.0,64.5
81660.0,66.4
81720.0,66.3
81780.0,64.3
81840.0,64.8
81900.0,65.3
81960.0,65.9
82020.0,62.7
82080.0,62.4
82140.0,62.5
82200.0,62.8
82260.0,62.3
82320.0,64.0
82380.0,64.6
82440.0,64.0
82500.0,65.1
82560.0,64.6
82620.0,63.6
82680.0,63.7
82740.0,64.2
82800.0,64.7
82860.0,61.9
82920.0,62.5
82980.0,64.6
83040.0,62.4
83100.0,60.7
83160.0,61.1
83220.0,61.0
83280.0,62.4
83340.0,61.0
83400.0,62.4
83460.0,63.1
83520.0,61.5
83580.0,62.8
83640.0,59.4
83700.0,59.3
83760.0,59.2
83820.0,60.4
83880.0,65.8
83940.0,62.1
84000.0,63.0
84060.0,63.2
84120.0,66.7
84180.0,67.2
84240.0,67.4
84300.0,67.7
84360.0,65.3
84420.0,68.1
84480.0,68.0
84540.0,67.0
84600.0,66.5
84660.0,67.2
84720.0,64.9
84780.0,66.7
84840.0,67.1
84900.0,66.5
84960.0,64.0
85020.0,66.4
85080.0,64.7
85140.0,66.9
85200.0,67.4
85260.0,66.3
85320.0,67.2
85380.0,64.8
85440.0,64.8
85500.0,66.4
85560.0,66.2
85620.0,67.0
85680.0,66.4
85740.0,65.7
85800.0,65.9
85860.0,66.3
85920.0,65.2
85980.0,66.0
86040.0,66.6
86100.0,66.4
86160.0,68.2
86220.0,66.3
86280.0,65.8
86340.0,65.7
