CampaignData_and_Merges/R0/CSL_MobileLab_Parked/raw/20240803/USOS-NOAAIodideCIMS-Halogens_MobileLabGround_20240803_RA.ict
38, 1001
Michael A Robinson, Chris Jernigan, Subi Thakali
NOAA ESRL Chemical Sciences Laboratory and CIRES, U. of Colorado
NOAA Iodide CIMS Instrument
USOS
1, 1
2024, 08, 03, 2024, 08, 04
1
starttime_UTC, seconds_past_midnight, seconds_of_day_since_00:00:00_UTC
6
1, 1, 1, 1, 1, 1
-9999, -9999, -9999, -9999, -9999, -9999
Br2_NOAACIMS, pptv, Gas_Br2_InSitu_S_AVMR, 
BrO_NOAACIMS, pptv, Gas_BrO_InSitu_S_AVMR, 
Cl2_NOAACIMS, pptv, Gas_Cl2_InSitu_S_AVMR, 
ClNO2_NOAACIMS, pptv, Gas_ClNO2_InSitu_S_AVMR, 
BrCl_NOAACIMS, pptv, Gas_BrCl_InSitu_S_AVMR, 
NCl3_NOAACIMS, pptv, Gas_NCl3_InSitu_S_AVMR, 
0
18
PI_CONTACT_INFO: 325 Broadway, R/CSD 7, Boulder, Colorado 80305; michael.a.robinson@noaa.gov; chris.jernigan@noaa.gov;
PLATFORM: NOAA CSL Mobile Lab
LOCATION: SLC, Utah
ASSOCIATED_DATA: 1Hz data also available on request.
INSTRUMENT_INFO: NOAA I- ToF CIMS
DATA_INFO: All data in parts per trillion by volume (pptv). 1 Hz data is available upon request.
UNCERTAINTY: TBD
ULOD_FLAG: -7777
ULOD_VALUE: N/A
LLOD_FLAG: -8888
LLOD_VALUE: N/A
DM_CONTACT_INFO: Nathan Howard; nathan.h.howard@noaa.gov
PROJECT_INFO: USOS, summer 2024. https://csl.noaa.gov/groups/csl7/measurements/2024usos/
STIPULATIONS_ON_USE: Users are strongly encouraged to contact the PI for proper data usage.
OTHER_COMMENTS: 
REVISION: RA
RA: Preliminary Data; For in-field use only
starttime_UTC, Br2_NOAACIMS, BrO_NOAACIMS, Cl2_NOAACIMS, ClNO2_NOAACIMS, BrCl_NOAACIMS, NCl3_NOAACIMS
[from data line 1292]
 77520,  0.728,  0.137,  0.567, -0.013,  0.142,  0.087
 77580,  0.739,  0.047,  0.307,  0.004,  0.121,  0.068
 77640,  0.853,  0.013,  0.357, -0.012,  0.141,  0.122
 77700,  0.718,  0.152,  0.293,  0.016,  0.098,  0.109
 77760,  0.622,  0.036,  0.316,  0.020,  0.108,  0.115
 77820,  0.673,  0.032,  0.277,  0.024,  0.118, -0.001
 77880,  0.728,  0.073,  0.309,  0.021,  0.103,  0.091
 77940,  0.772, -0.028,  0.474,  0.023,  0.112,  0.062
 78000,  0.693, -0.013,  0.579,  0.037,  0.137,  0.098
 78060,  0.731,  0.138,  0.487,  0.048,  0.102,  0.033
 78120,  0.866,  0.062,  0.468,  0.040,  0.097,  0.047
 78180,  0.682, -0.040,  0.486,  0.056,  0.057,  0.069
 78240,  0.618, -0.073,  0.484,  0.037,  0.082,  0.124
 78300,  0.819, -0.082,  0.576,  0.059,  0.145,  0.088
 78360,  0.841, -0.080,  0.348,  0.076,  0.115,  0.033
 78420,  0.498,  0.076,  0.417,  0.023,  0.121,  0.028
 78480,  0.820, -0.070,  0.294,  0.028,  0.107,  0.031
 78540,  0.663, -0.090,  0.481,  0.043,  0.047,  0.165
 78600,  1.046,  0.050,  0.408,  0.022,  0.066, -0.063
 78660,  0.664,  0.009,  0.448,  0.041,  0.105,  0.006
 78720,  0.662, -0.047,  0.367,  0.050,  0.123,  0.053
 78780,  0.678, -0.113,  0.442,  0.031,  0.082, -0.040
 78840,  0.660,  0.036,  0.411,  0.061,  0.096, -0.006
 78900,  0.652,  0.001,  0.442,  0.071,  0.136, -0.014
 78960,  0.786,  0.063,  0.361,  0.032,  0.058,  0.020
 79020,  0.806, -0.005,  0.365,  0.031,  0.090,  0.082
 79080,  0.758, -0.035,  0.334,  0.027,  0.117, -0.038
 79140,  0.698,  0.073,  0.417,  0.051,  0.096,  0.118
 79200,  0.904,  0.021,  0.371,  0.057,  0.088,  0.130
 79260,  0.780,  0.065,  0.312,  0.052,  0.164,  0.042
 79320,  0.728,  0.141,  0.293,  0.071,  0.100,  0.018
 79380,  0.619,  0.013,  0.389,  0.054,  0.080,  0.023
 79440,  0.810,  0.128,  0.308,  0.065,  0.099,  0.026
 79500,  0.731,  0.152,  0.304,  0.020,  0.096,  0.008
 79560,  1.012,  0.156,  0.404,  0.041,  0.104,  0.067
 79620,  0.850,  0.161,  0.440,  0.091,  0.096, -0.016
 79680,  0.823,  0.232,  0.440,  0.036,  0.119,  0.075
 79740,  0.898,  0.107,  0.459,  0.055,  0.126,  0.001
 79800,  0.833,  0.096,  0.392,  0.029,  0.145, -0.003
 79860,  0.700,  0.210,  0.355,  0.038,  0.150,  0.019
 79920,  0.857,  0.189,  0.383,  0.013,  0.120, -0.036
 79980,  0.901,  0.145,  0.310,  0.065,  0.087, -0.105
 80040,  0.907,  0.248,  0.648,  0.037,  0.131,  0.029
 80100,  0.899,  0.186,  0.461,  0.063,  0.141,  0.037
 80160,  0.851,  0.275,  0.344,  0.051,  0.123, -0.036
 80220,  0.870,  0.208,  0.507,  0.093,  0.159, -0.038
 80280,  0.816,  0.234,  0.427,  0.053,  0.116,  0.106
 80340,  0.866,  0.284,  0.369,  0.059,  0.053,  0.003
 80400,  0.880,  0.196,  0.324,  0.039,  0.151, -0.050
 80460, -9999.000, -9999.000, -9999.000, -9999.000, -9999.000, -9999.000
 80520,  0.785,  0.156,  0.365,  0.031,  0.065, -0.090
 80580,  0.912,  0.313,  0.305,  0.065,  0.062, -0.061
 80640,  0.894,  0.161,  0.263,  0.053,  0.128, -0.055
 80700,  0.704,  0.247,  0.385,  0.053,  0.121, -0.015
 80760,  0.856,  0.230,  0.319,  0.041,  0.117,  0.070
 80820,  0.837,  0.256,  0.311,  0.038,  0.082,  0.007
 80880,  0.806,  0.274,  0.355,  0.064,  0.186, -0.005
 80940,  0.769,  0.202,  0.569,  0.058,  0.152,  0.020
 81000,  0.774,  0.163,  0.519,  0.062,  0.110,  0.036
 81060,  0.785,  0.266,  0.609,  0.082,  0.121,  0.044
 81120,  0.810,  0.204,  0.645,  0.068,  0.141, -0.017
 81180,  0.775,  0.114,  0.649,  0.069,  0.145,  0.060
 81240,  0.830,  0.402,  0.422,  0.088,  0.128,  0.039
 81300,  0.812,  0.127,  0.561,  0.054,  0.124,  0.068
 81360,  0.861,  0.188,  0.351,  0.069,  0.107,  0.039
 81420,  0.846,  0.141,  0.296,  0.068,  0.111,  0.069
 81480,  0.701,  0.163,  0.368,  0.059,  0.121,  0.050
 81540,  0.763,  0.228,  0.409,  0.057,  0.101,  0.104
 81600,  0.891,  0.321,  0.317,  0.059,  0.127,  0.071
 81660,  0.767,  0.158,  0.324,  0.031,  0.088,  0.079
 81720,  0.695,  0.159,  0.323,  0.040,  0.099,  0.085
 81780,  0.742,  0.133,  0.282,  0.069,  0.109,  0.139
 81840,  0.680,  0.161,  0.362,  0.079,  0.107,  0.146
 81900,  0.619,  0.072,  0.298,  0.072,  0.113,  0.039
 81960,  0.699,  0.087,  0.289,  0.044,  0.071,  0.242
 82020,  0.599,  0.133,  0.444,  0.061,  0.109,  0.111
 82080,  0.652,  0.092,  0.384,  0.071,  0.114,  0.190
 82140,  0.632,  0.183,  0.586,  0.089,  0.101,  0.091
 82200,  0.651,  0.017,  0.580,  0.075,  0.172,  0.134
 82260,  0.648,  0.085,  0.400,  0.067,  0.188,  0.137
 82320, -9999.000, -9999.000, -9999.000, -9999.000, -9999.000, -9999.000
 82380,  0.622,  0.025,  0.182,  0.067,  0.079,  0.172
 82440,  0.706,  0.073,  0.291,  0.065,  0.098,  0.180
 82500, -9999.000, -9999.000, -9999.000, -9999.000, -9999.000, -9999.000
 82560, -9999.000, -9999.000, -9999.000, -9999.000, -9999.000, -9999.000
 82620, -9999.000, -9999.000, -9999.000, -9999.000, -9999.000, -9999.000
 82680, -9999.000, -9999.000, -9999.000, -9999.000, -9999.000, -9999.000
 82740, -9999.000, -9999.000, -9999.000, -9999.000, -9999.000, -9999.000
 82800, -9999.000, -9999.000, -9999.000, -9999.000, -9999.000, -9999.000
 82860, -9999.000, -9999.000, -9999.000, -9999.000, -9999.000, -9999.000
 82920, -9999.000, -9999.000, -9999.000, -9999.000, -9999.000, -9999.000
 82980, -9999.000, -9999.000, -9999.000, -9999.000, -9999.000, -9999.000
 83040, -9999.000, -9999.000, -9999.000, -9999.000, -9999.000, -9999.000
 83100, -9999.000, -9999.000, -9999.000, -9999.000, -9999.000, -9999.000
 83160, -9999.000, -9999.000, -9999.000, -9999.000, -9999.000, -9999.000
 83220, -9999.000, -9999.000, -9999.000, -9999.000, -9999.000, -9999.000
 83280, -9999.000, -9999.000, -9999.000, -9999.000, -9999.000, -9999.000
 83340, -9999.000, -9999.000, -9999.000, -9999.000, -9999.000, -9999.000
 83400, -9999.000, -9999.000, -9999.000, -9999.000, -9999.000, -9999.000
 83460, -9999.000, -9999.000, -9999.000, -9999.000, -9999.000, -9999.000
 83520, -9999.000, -9999.000, -9999.000, -9999.000, -9999.000, -9999.000
 83580, -9999.000, -9999.000, -9999.000, -9999.000, -9999.000, -9999.000
 83640, -9999.000, -9999.000, -9999.000, -9999.000, -9999.000, -9999.000
 83700, -9999.000, -9999.000, -9999.000, -9999.000, -9999.000, -9999.000
 83760, -9999.000, -9999.000, -9999.000, -9999.000, -9999.000, -9999.000
 83820, -9999.000, -9999.000, -9999.000, -9999.000, -9999.000, -9999.000
 83880, -9999.000, -9999.000, -9999.000, -9999.000, -9999.000, -9999.000
 83940, -9999.000, -9999.000, -9999.000, -9999.000, -9999.000, -9999.000
 84000, -9999.000, -9999.000, -9999.000, -9999.000, -9999.000, -9999.000
 84060, -9999.000, -9999.000, -9999.000, -9999.000, -9999.000, -9999.000
 84120, -9999.000, -9999.000, -9999.000, -9999.000, -9999.000, -9999.000
 84180, -9999.000, -9999.000, -9999.000, -9999.000, -9999.000, -9999.000
 84240, -9999.000, -9999.000, -9999.000, -9999.000, -9999.000, -9999.000
 84300, -9999.000, -9999.000, -9999.000, -9999.000, -9999.000, -9999.000
 84360, -9999.000, -9999.000, -9999.000, -9999.000, -9999.000, -9999.000
 84420, -9999.000, -9999.000, -9999.000, -9999.000, -9999.000, -9999.000
 84480, -9999.000, -9999.000, -9999.000, -9999.000, -9999.000, -9999.000
 84540, -9999.000, -9999.000, -9999.000, -9999.000, -9999.000, -9999.000
 84600, -9999.000, -9999.000, -9999.000, -9999.000, -9999.000, -9999.000
 84660, -9999.000, -9999.000, -9999.000, -9999.000, -9999.000, -9999.000
 84720, -9999.000, -9999.000, -9999.000, -9999.000, -9999.000, -9999.000
 84780, -9999.000, -9999.000, -9999.000, -9999.000, -9999.000, -9999.000
 84840, -9999.000, -9999.000, -9999.000, -9999.000, -9999.000, -9999.000
 84900, -9999.000, -9999.000, -9999.000, -9999.000, -9999.000, -9999.000
 84960, -9999.000, -9999.000, -9999.000, -9999.000, -9999.000, -9999.000
 85020, -9999.000, -9999.000, -9999.000, -9999.000, -9999.000, -9999.000
 85080, -9999.000, -9999.000, -9999.000, -9999.000, -9999.000, -9999.000
 85140, -9999.000, -9999.000, -9999.000, -9999.000, -9999.000, -9999.000
 85200, -9999.000, -9999.000, -9999.000, -9999.000, -9999.000, -9999.000
 85260, -9999.000, -9999.000, -9999.000, -9999.000, -9999.000, -9999.000
 85320, -9999.000, -9999.000, -9999.000, -9999.000, -9999.000, -9999.000
 85380, -9999.000, -9999.000, -9999.000, -9999.000, -9999.000, -9999.000
 85440, -9999.000, -9999.000, -9999.000, -9999.000, -9999.000, -9999.000
 85500, -9999.000, -9999.000, -9999.000, -9999.000, -9999.000, -9999.000
 85560, -9999.000, -9999.000, -9999.000, -9999.000, -9999.000, -9999.000
 85620, -9999.000, -9999.000, -9999.000, -9999.000, -9999.000, -9999.000
 85680, -9999.000, -9999.000, -9999.000, -9999.000, -9999.000, -9999.000
 85740, -9999.000, -9999.000, -9999.000, -9999.000, -9999.000, -9999.000
 85800, -9999.000, -9999.000, -9999.000, -9999.000, -9999.000, -9999.000
 85860, -9999.000, -9999.000, -9999.000, -9999.000, -9999.000, -9999.000
 85920, -9999.000, -9999.000, -9999.000, -9999.000, -9999.000, -9999.000
 85980, -9999.000, -9999.000, -9999.000, -9999.000, -9999.000, -9999.000
 86040, -9999.000, -9999.000, -9999.000, -9999.000, -9999.000, -9999.000
 86100, -9999.000, -9999.000, -9999.000, -9999.000, -9999.000, -9999.000
 86160, -9999.000, -9999.000, -9999.000, -9999.000, -9999.000, -9999.000
 86220, -9999.000, -9999.000, -9999.000, -9999.000, -9999.000, -9999.000
 86280, -9999.000, -9999.000, -9999.000, -9999.000, -9999.000, -9999.000
 86340, -9999.000, -9999.000, -9999.000, -9999.000, -9999.000, -9999.000
