CampaignData_and_Merges/R0/CSL_MobileLab_Parked/raw/20240803/USOS-Picarro-CO2-CH4-CO-H2O_MobileLabGround_20240803_R0.ict
38, 1001
Ilana Pollack, Nell Schafer, and Jeff Peischl
NOAA Chemical Sciences Laboratory
Picarro 2401-m CO2/CH4/CO/H2O Analyzer
USOS
1, 1
2024, 08, 03, 2024, 11, 20
0
StartTime_UTC, seconds_past_midnight, seconds past midnight
5
1, 1, 1, 1, 1
-9999, -9999, -9999, -9999, -9999
StopTime_UTC, seconds_past_midnight, seconds past midnight
CO2_ppm_1min, ppm, Gas_CO2_InSitu_S_DMF, carbon dioxide mixing ratio
CH4_ppb_1min, ppb, Gas_CH4_InSitu_S_DMF, methane mixing ratio
CO_ppb_1min, ppb, Gas_CO_InSitu_S_DMF, carbon monoxide mixing ratio
H2O_ppmv_1min, ppmv, Met_H2OMRV_InSitu_S_AVMR, water vapor mixing ratio
1
SPECIAL COMMENTS: N/A
18
PI_CONTACT_INFO: Address: NOAA Chemical Sciences Laboratory, Mail Stop CSL7, 325 Broadway, Boulder, CO 80305; Email: Ilana.Pollack@noaa.gov
PLATFORM: NOAA CSL Mobile Laboratory
LOCATION: The mobile lab was stationed in Salt Lake City, Utah.
ASSOCIATED_DATA: N/A
INSTRUMENT_INFO: CO2, CH4, and CO are reported as dry air mole fractions using a commercial wavelength-scanned cavity ring-down analyzer (Picarro 2401-m). An in-field calibration gas standard of 432±0.07 ppm CO2, 2095±1 ppb CH4, and 183±1 ppb CO, calibrated in the Boulder laboratories before and after the field project using primary CO2, CH4, and CO standard tanks tied to the WMO standard (X2019, X2004A, and X2014A, respectively) from the Global Monitoring Laboratory (GML), was delivered to the inlet every 2-3 days to evaluate instrument sensitivity. A H2O measurement was calibrated before the project with a Dew Point Mirror 373 hygrometer. The water correction calculated from these calibrations was applied to the H2O measurement for the entire campaign. Species are measured at 0.5 Hz and reported as 1-minute averages for stationary measurements.
DATA_INFO: Units: CO2, ppm, dry air mole fraction; CH4, ppb, dry air mole fraction; CO, ppb, dry air mole fraction; H2O, ppmv
UNCERTAINTY: Total uncertainties are estimated as ±0.1 ppm for CO2, ±1 ppb for CH4, ±5 ppb for CO, and ±(50 ppm + 4%) for H2O.
ULOD_FLAG: -7777
ULOD_VALUE: N/A
LLOD_FLAG: -8888
LLOD_VALUE: N/A
DM_CONTACT_INFO: Data Manager: Nathan Howard; nathan.h.howard@noaa.gov
PROJECT_INFO: USOS Dates of Study: July – August 2024
STIPULATIONS_ON_USE: Use of these data require prior ok from PI.
OTHER_COMMENTS: Data are averaged to 1 minute intervals. Stationary data collected from a 10 ft tower on top of the mobile van.
REVISION: R0
R0: Final Data
StartTime_UTC, StopTime_UTC, CO2_ppm_1min, CH4_ppb_1min, CO_ppb_1min, H2O_ppmv_1min
[from data line 1186]
71160,71220,430.75,1963.7,163.5,13791.7832
71220,71280,430.26,1963.9,163.6,14071.2227
71280,71340,431.48,1964.6,181.4,14175.3154
71340,71400,434.39,1965.2,196.2,14352.4355
71400,71460,430.93,1964.8,174.4,14056.7686
71460,71520,430.46,1964.7,173.0,14073.5430
71520,71580,431.36,1965.0,174.1,14226.3447
71580,71640,430.00,1964.8,172.5,14191.7129
71640,71700,430.04,1964.8,175.7,14172.6689
71700,71760,429.23,1963.8,167.5,14003.3633
71760,71820,431.81,1965.1,190.7,14484.0000
71820,71880,430.22,1964.7,182.2,14350.2939
71880,71940,430.34,1964.8,178.6,14305.3633
71940,72000,429.56,1965.1,171.0,14394.2891
72000,72060,429.72,1965.5,172.6,14324.8535
72060,72120,430.83,1966.0,171.6,14451.8164
72120,72180,430.89,1966.3,176.1,14618.8916
72180,72240,429.93,1966.4,178.6,14476.5205
72240,72300,429.25,1965.1,173.0,14252.0342
72300,72360,429.19,1964.5,170.0,14192.8096
72360,72420,429.80,1966.8,177.8,14649.9922
72420,72480,429.62,1965.5,174.8,14357.5879
72480,72540,429.86,1965.6,181.8,14439.2051
72540,72600,429.99,1964.9,183.4,14264.5078
72600,72660,430.55,1966.8,185.3,14666.1777
72660,72720,429.39,1964.0,173.7,14017.8701
72720,72780,429.29,1963.9,170.6,13953.3994
72780,72840,429.36,1964.2,173.7,14057.2490
72840,72900,430.37,1965.7,185.3,14266.2471
72900,72960,430.77,1965.6,180.6,14287.3389
72960,73020,430.94,1965.9,178.5,14434.7480
73020,73080,430.35,1966.1,180.3,14366.7529
73080,73140,429.29,1964.0,167.4,13887.6191
73140,73200,429.96,1965.8,180.5,14350.9668
73200,73260,430.25,1966.5,188.3,14238.4297
73260,73320,430.21,1966.6,206.0,14150.2686
73320,73380,430.02,1966.8,190.5,14208.6748
73380,73440,429.95,1966.6,182.0,14304.8057
73440,73500,432.53,1966.7,187.1,14458.4678
73500,73560,430.39,1967.3,185.9,14631.1738
73560,73620,429.22,1966.8,184.0,14855.6016
73620,73680,431.76,1965.8,195.2,15139.4287
73680,73740,432.79,1966.1,193.7,14406.1641
73740,73800,433.99,1967.5,210.5,14589.1777
73800,73860,429.45,1966.0,178.7,14466.9902
73860,73920,430.11,1965.7,174.2,14414.6543
73920,73980,428.63,1964.5,169.9,14207.6055
73980,74040,428.15,1964.4,169.4,14083.2500
74040,74100,430.83,1965.6,188.9,14673.0576
74100,74160,432.08,1965.1,221.6,14667.2422
74160,74220,435.82,1967.0,284.5,15104.1904
74220,74280,430.14,1966.4,192.7,14680.3330
74280,74340,432.73,1967.0,197.4,14827.0352
74340,74400,432.46,1965.8,188.7,14693.1152
74400,74460,430.03,1965.0,181.1,14533.1133
74460,74520,433.23,1966.4,217.9,15826.2588
74520,74580,431.08,1965.0,212.7,14864.1162
74580,74640,432.72,1966.1,209.9,15117.9111
74640,74700,429.74,1963.9,182.9,14748.1553
74700,74760,428.99,1962.9,178.1,14314.8936
74760,74820,436.76,1966.0,325.6,14353.1016
74820,74880,429.20,1963.3,195.3,14597.5420
74880,74940,430.41,1963.8,227.2,14929.0332
74940,75000,431.67,1963.8,203.8,14949.4014
75000,75060,431.99,1963.0,190.1,14704.9053
75060,75120,431.46,1963.3,187.6,14605.5801
75120,75180,429.70,1962.8,179.2,14580.5771
75180,75240,429.34,1961.3,178.3,14263.9463
75240,75300,433.17,1964.4,195.4,14868.6436
75300,75360,432.74,1963.1,178.0,14466.9502
75360,75420,428.97,1960.6,166.5,13979.6787
75420,75480,429.91,1960.8,163.1,14205.3428
75480,75540,429.42,1959.9,159.6,13934.9883
75540,75600,429.63,1959.0,162.8,13852.4600
75600,75660,426.08,1958.6,146.2,13598.9248
75660,75720,428.02,1959.1,169.4,14103.1133
75720,75780,428.01,1959.4,180.9,14476.0420
75780,75840,427.33,1959.3,156.7,13784.9229
75840,75900,428.06,1960.0,161.9,13860.4961
75900,75960,426.80,1959.6,158.0,14576.6572
75960,76020,428.33,1959.7,168.6,14317.1855
76020,76080,429.23,1960.3,178.9,14281.8652
76080,76140,428.78,1960.4,174.7,13911.1807
76140,76200,426.66,1959.6,153.5,13550.2393
76200,76260,427.36,1960.5,156.4,14067.7578
76260,76320,427.32,1960.7,156.4,14018.9795
76320,76380,428.02,1961.3,162.4,14289.8291
76380,76440,427.67,1961.0,159.7,13768.7939
76440,76500,427.09,1960.5,152.4,13730.6357
76500,76560,431.38,1959.4,174.9,13585.4941
76560,76620,429.07,1958.4,158.9,13349.4424
76620,76680,426.38,1958.9,157.3,14626.4512
76680,76740,425.09,1958.7,154.6,14986.8203
76740,76800,426.92,1959.2,156.7,13891.4678
76800,76860,426.92,1958.3,148.6,13529.8428
76860,76920,425.92,1957.0,146.2,13409.2373
76920,76980,426.40,1955.5,144.4,13217.2959
76980,77040,428.94,1956.3,173.3,13956.0859
77040,77100,427.43,1955.6,162.5,13386.6191
77100,77160,428.45,1955.6,158.6,13407.8037
77160,77220,429.48,1956.2,156.7,13560.1035
77220,77280,429.26,1956.5,163.1,13619.1055
77280,77340,429.59,1956.9,170.0,13548.5225
77340,77400,426.21,1955.7,145.5,13190.1836
77400,77460,426.69,1956.0,149.8,13398.3818
77460,77520,426.98,1955.9,152.6,13012.9141
77520,77580,427.55,1956.1,148.3,13166.6260
77580,77640,426.87,1955.3,149.1,12787.0010
77640,77700,432.04,1956.6,190.2,13389.7891
77700,77760,433.58,1956.8,228.8,13413.5830
77760,77820,433.92,1955.7,178.7,13237.6309
77820,77880,432.11,1955.9,193.4,13151.5693
77880,77940,429.11,1955.9,167.6,13342.2334
77940,78000,430.36,1957.4,179.9,13488.5186
78000,78060,433.28,1958.1,195.4,14160.6895
78060,78120,430.55,1958.1,175.4,13919.0176
78120,78180,430.46,1958.9,257.2,13747.6211
78180,78240,427.87,1957.9,167.9,13467.5137
78240,78300,429.11,1958.2,179.0,13620.2559
78300,78360,430.31,1958.1,192.2,13524.4922
78360,78420,428.76,1957.2,165.1,13250.0586
78420,78480,431.47,1957.0,184.3,13417.5166
78480,78540,429.62,1956.5,167.1,12960.7627
78540,78600,434.08,1957.2,176.4,13404.6309
78600,78660,429.96,1955.7,164.3,12941.9873
78660,78720,434.64,1957.4,181.0,13485.5000
78720,78780,429.12,1957.8,166.4,13315.6533
78780,78840,427.77,1957.2,163.0,13053.2148
78840,78900,428.13,1957.6,167.3,13159.5537
78900,78960,428.41,1957.8,178.9,14566.3223
78960,79020,429.94,1958.4,185.8,12968.1211
79020,79080,429.81,1958.1,202.9,13311.1943
79080,79140,430.84,1958.1,220.5,13567.6387
79140,79200,429.58,1957.6,184.2,14096.9883
79200,79260,429.86,1957.8,173.7,13048.9961
79260,79320,428.79,1958.2,174.6,13503.0498
79320,79380,427.14,1957.5,163.9,13378.5195
79380,79440,427.42,1958.3,160.0,12772.5264
79440,79500,427.29,1958.8,166.9,12626.8564
79500,79560,426.58,1958.5,156.8,12454.6514
79560,79620,427.01,1958.6,165.0,12812.6523
79620,79680,427.58,1959.0,181.1,14742.3877
79680,79740,431.12,1956.8,198.9,14040.6250
79740,79800,427.54,1956.8,155.2,13217.7178
79800,79860,426.91,1956.9,154.8,12996.2705
79860,79920,430.74,1957.4,167.3,13147.6514
79920,79980,426.42,1957.5,151.1,12658.9600
79980,80040,431.34,1958.8,177.2,13423.8662
80040,80100,428.86,1959.3,170.2,13400.3252
80100,80160,429.01,1958.9,178.6,12956.6768
80160,80220,425.33,1958.7,156.4,13567.2305
80220,80280,428.76,1959.0,181.6,14060.1064
80280,80340,428.08,1958.8,169.9,13472.2549
80340,80400,428.59,1957.6,167.1,13063.9736
80400,80460,428.24,1957.2,162.1,12592.7236
80460,80520,428.55,1956.6,162.7,12373.3691
80520,80580,426.91,1957.3,157.9,12406.4902
80580,80640,426.69,1957.7,161.2,12558.1240
80640,80700,427.57,1957.3,164.1,12412.9863
80700,80760,426.89,1957.0,156.6,12122.6650
80760,80820,426.66,1957.0,155.4,11906.8359
80820,80880,426.19,1957.2,155.3,12138.4580
80880,80940,426.34,1957.2,156.0,11999.0254
80940,81000,426.27,1957.5,155.4,12512.4033
81000,81060,426.23,1958.7,160.3,13498.6055
81060,81120,428.98,1959.7,173.6,12958.2363
81120,81180,428.75,1960.3,176.1,13658.2617
81180,81240,428.18,1959.0,171.1,12847.3887
81240,81300,428.35,1959.1,171.5,13191.0176
81300,81360,429.58,1959.3,178.9,13065.4619
81360,81420,428.22,1958.6,163.8,12601.2754
81420,81480,426.98,1958.3,157.1,12450.3867
81480,81540,428.08,1959.2,161.8,12640.5820
81540,81600,429.55,1959.0,179.3,12660.0576
81600,81660,426.81,1957.0,160.0,11727.7813
81660,81720,429.38,1957.2,164.4,11784.3926
81720,81780,427.63,1957.4,161.7,12138.1641
81780,81840,427.32,1957.7,161.8,12326.8301
81840,81900,426.41,1956.9,154.9,12107.0469
81900,81960,426.54,1956.4,153.0,11574.8428
81960,82020,427.62,1957.0,167.0,12030.2500
82020,82080,427.87,1959.9,163.1,13016.0098
82080,82140,428.63,1960.8,164.1,12747.1543
82140,82200,429.15,1959.7,168.3,12930.9668
82200,82260,428.34,1959.2,164.5,13425.0840
82260,82320,427.15,1956.9,171.7,12601.4854
82320,82380,425.46,1955.7,151.0,11749.1895
82380,82440,426.18,1956.1,157.3,11754.1104
82440,82500,426.00,1956.4,156.1,11740.2002
82500,82560,426.24,1956.9,156.1,11886.1172
82560,82620,427.28,1957.3,210.0,12118.8135
82620,82680,428.54,1957.4,198.2,12183.8896
82680,82740,426.24,1956.0,152.0,11506.6455
82740,82800,427.76,1957.7,171.5,12054.2383
82800,82860,427.49,1957.6,169.9,12478.7158
82860,82920,426.58,1958.7,168.4,13372.4688
82920,82980,426.64,1957.2,155.8,11968.5537
82980,83040,426.84,1958.0,156.7,12425.9727
83040,83100,425.75,1961.8,161.2,13167.6699
83100,83160,425.72,1964.6,162.3,13896.8672
83160,83220,426.45,1965.5,166.0,13750.9648
83220,83280,426.55,1967.0,167.4,13733.0332
83280,83340,426.82,1969.5,170.6,13884.0840
83340,83400,427.59,1968.2,168.3,13528.4268
83400,83460,427.36,1966.3,167.2,13503.4180
83460,83520,427.10,1967.7,166.5,13674.1074
83520,83580,427.08,1968.8,168.4,13683.9434
83580,83640,427.53,1969.5,168.9,13893.8662
83640,83700,427.26,1972.5,168.6,14933.9678
83700,83760,427.30,1973.0,168.9,15060.8916
83760,83820,427.77,1970.6,171.6,14325.2490
83820,83880,429.37,1971.2,181.1,13684.3271
83880,83940,428.68,1974.8,184.2,13999.5146
83940,84000,428.37,1976.2,186.2,14537.2178
84000,84060,428.07,1978.8,192.3,14795.7510
84060,84120,428.53,1983.9,194.9,14650.6572
84120,84180,430.99,1991.9,197.2,13959.7178
84180,84240,431.02,1993.6,198.5,14366.5479
84240,84300,431.12,1998.7,201.6,14340.7383
84300,84360,431.22,2000.1,203.4,14895.5410
84360,84420,431.13,2005.2,194.6,14265.3916
84420,84480,431.42,2008.3,197.2,14575.7168
84480,84540,431.61,2010.6,201.5,14728.3867
84540,84600,431.44,2007.2,197.5,14737.7256
84600,84660,430.77,2005.0,194.6,14713.9189
84660,84720,430.64,2004.9,193.6,14889.5225
84720,84780,430.93,2005.9,200.8,14871.0977
84780,84840,431.25,2007.3,204.3,14271.0732
84840,84900,431.89,2009.4,207.5,14580.6250
84900,84960,431.83,2011.0,202.9,15178.4141
84960,85020,432.01,2011.8,199.6,14884.6465
85020,85080,430.89,2011.5,190.5,14572.0479
85080,85140,430.91,2011.8,187.3,14742.0225
85140,85200,430.11,2011.4,181.7,14419.0049
85200,85260,430.43,2012.0,183.7,14547.1885
85260,85320,430.66,2016.5,187.5,14222.2920
85320,85380,431.33,2018.2,190.1,14872.2607
85380,85440,430.89,2020.5,196.1,14954.9014
85440,85500,430.90,2025.7,199.8,14432.9424
85500,85560,431.46,2028.7,201.8,14450.4795
85560,85620,431.20,2030.4,200.0,14233.4189
85620,85680,431.29,2028.9,194.8,14132.0732
85680,85740,431.37,2031.6,197.7,14324.3438
85740,85800,431.42,2031.0,196.2,14446.1709
85800,85860,431.83,2028.9,198.6,14360.9443
85860,85920,432.32,2028.8,196.2,14430.1494
85920,85980,432.57,2027.0,193.8,14200.7500
85980,86040,432.99,2025.0,189.1,14179.1699
86040,86100,432.86,2024.0,187.9,14148.4277
86100,86160,432.89,2023.1,185.6,13914.1748
86160,86220,433.23,2023.8,192.2,13975.6436
86220,86280,433.40,2026.5,204.2,14475.7168
86280,86340,433.71,2027.0,208.3,14291.3320
86340,86400,434.02,2026.8,207.5,14195.1348
