CampaignData_and_Merges/R0/CSL_MobileLab_Parked/raw/20240803/USOS-PTR_MobileLabGround_20240803_R0.ict
58, 1001
Matthew Coggon, Kelvin Bates, Chelsea Stockwell, Carsten Warneke
NOAA ESRL Chemical Sciences Division
NOAA PTR-ToF-MS
USOS
1,1 
2024, 08, 03, 2025, 09, 19
0
Time_Start, seconds, number of seconds from 00:00 UTC 
22
1, 1, 1, 1, 1, 1, 1, 1, 1, 1, 1, 1, 1, 1, 1, 1, 1, 1, 1, 1, 1, 1
-9999, -9999, -9999, -9999, -9999, -9999, -9999, -9999, -9999, -9999, -9999, -9999, -9999, -9999, -9999, -9999, -9999, -9999, -9999, -9999, -9999, -9999
CH3OH_NOAAPTR_ppbv,  ppbv, Gas_CH3OH_InSitu_S_AVMR, (CH3OH) methanol
CH3CN_NOAAPTR_ppbv,  ppbv, Gas_CH3CN_InSitu_S_AVMR, (CH3CN) acetonitrile
CH3CHO_NOAAPTR_ppbv,  ppbv, Gas_CH3CHO_InSitu_S_AVMR, (CH3CHO) acetaldehyde plus contributions from ethylene glycol and ethylene oxide. Interference from ethanol has been subtracted out.
C2H5OH_NOAAPTR_ppbv,  ppbv, Gas_C2H5OH_InSitu_S_AVMR, (C2H5OH) ethanol
CH3SH_NOAAPTR_ppbv,  ppbv, Gas_CH3SH_InSitu_S_AVMR, (CH3SH) methanethiol, using calibration factor for DMS
Acrolein_NOAAPTR_ppbv,  ppbv, Gas_Acrolein_InSitu_S_AVMR, (C3H4O) acrolein
AcetonePropanal_NOAAPTR_ppbv,  ppbv, Gas_AcetoneAndPropanal_InSitu_S_AVMR, (C3H6O) sum of acetone (dominant isomer) and propanal, using calibration factor for acetone
DMS_NOAAPTR_ppbv,  ppbv, Gas_DMS_InSitu_S_AVMR, (C2H6S) dimethyl sulfide with possible small contributions from ethanethiol
C5H8_NOAAPTR_ppbv,  ppbv, Gas_Isoprene_InSitu_S_AVMR, (C5H8) isoprene and possible fragments from cycloalkanes and aldehydes. Interferences have been subtracted following methods described by Coggon et al (2023)
MVKMAC_NOAAPTR_ppbv,  ppbv, Gas_MVKAndMAC_InSitu_S_AVMR, (C4H6O) sum of methyl vinyl ketone, methacrolein, and small amounts of crotonaldehyde, using weighted calibration factor for MVK (0.637) and MACR (0.363)
Benzene_NOAAPTR_ppbv,  ppbv, Gas_Benzene_InSitu_S_AVMR, (C6H6) benzene
Toluene_NOAAPTR_ppbv,  ppbv, Gas_Toluene_InSitu_S_AVMR, (C7H8) toluene with possible small contributions of fragments from ethyltoluene
Styrene_NOAAPTR_ppbv,  ppbv, Gas_Styrene_InSitu_S_AVMR, (C8H8) styrene
Benzaldehyde_NOAAPTR_ppbv,  ppbv, Gas_Benzaldehyde_InSitu_S_AVMR, (C7H6O) benzaldehyde
C8Aromatics_NOAAPTR_ppbv,  ppbv, Gas_C8Aromatics_InSitu_M_AVMR, (C8H10) sum of m-xylene, p-xylene, o-xylene, and ethyl benzene
C9Aromatics_NOAAPTR_ppbv,  ppbv, Gas_C9Aromatics_InSitu_M_AVMR, (C9H12) sum of C9 aromatics
Naphthalene_NOAAPTR_ppbv,  ppbv, Gas_Naphthalene_InSitu_S_AVMR, (C10H8) naphthalene
Octanal_NOAAPTR_ppbv,  ppbv, Gas_Octanal_InSitu_S_AVMR, (C8H16O) octanal and small amounts of octanone
Monoterpenes_NOAAPTR_ppbv,  ppbv, Gas_Monoterpenes_InSitu_M_AVMR, (C10H16) sum of monoterpenes and possible contributions from fragments of oxygenated monoterpenoids such as eucalyptol.
Nonanal_NOAAPTR_ppbv,  ppbv, Gas_Nonanal_InSitu_M_AVMR, (C9H18O) nonanal and small amounts of nonanone
C7H4ClF3_NOAAPTR_ppbv,  ppbv, Gas_C7H4ClF3_InSitu_S_AVMR, (C7H4ClF3) parachlorobenzotrifluoride
C10H30O5Si5_NOAAPTR_ppbv,  ppbv, Gas_C10H30O5Si5_InSitu_S_AVMR, (C10H30O5Si5) decamethylcyclopentasiloxane
1
SPECIAL COMMENTS:N/A
21
PI_CONTACT_INFO: NOAA ESRL Chemical Sciences Division, Tropospheric Chemistry Group. 325 Broadway, R/CSD7, Boulder, CO 80305
PLATFORM: Mobile Laboratory.
LOCATION: Salt Lake City, UT
ASSOCIATED_DATA: N/A
INSTRUMENT_INFO: NOAA PTR-ToF-MS measurements on NOAA CSL Mobile Lab
DATA_INFO: Units: ppbv
UNCERTAINTY: See OTHER_COMMENTS
ULOD_FLAG: -7777
ULOD_VALUE: N/A
LLOD_FLAG: -8888
LLOD_VALUE: N/A.
DM_CONTACT_INFO: Data Managers: Matt Coggon, Kelvin Bates, Chelsea Stockwell; email: matthew.m.coggon@noaa.gov and kelvin.bates@colorado.edu
PROJECT_INFO: USOS Deployment July-August, 2024
STIPULATIONS_ON_USE: Use of these data require prior OK from PI.
OTHER_COMMENTS: Uncertainties:
CH3OH_NOAAPTR_ppbv:30%; CH3CN_NOAAPTR_ppbv:30%; CH3CHO_NOAAPTR_ppbv:30%; C2H5OH_NOAAPTR_ppbv:30%; CH3SH_NOAAPTR_ppbv:50%; Acrolein_NOAAPTR_ppbv:30%; AcetonePropanal_NOAAPTR_ppbv:30%; DMS_NOAAPTR_ppbv:30%; C5H8_NOAAPTR_ppbv:30%; MVKMAC_NOAAPTR_ppbv:30%; 
Benzene_NOAAPTR_ppbv:30%; Toluene_NOAAPTR_ppbv:30%; Styrene_NOAAPTR_ppbv:30%; Benzaldehyde_NOAAPTR_ppbv:30%; C8Aromatics_NOAAPTR_ppbv:30%; C9Aromatics_NOAAPTR_ppbv:30%; Naphthalene_NOAAPTR_ppbv:30%; Octanal_NOAAPTR_ppbv:30%; Monoterpenes_NOAAPTR_ppbv:30%; Nonanal_NOAAPTR_ppbv:30%; 
C7H4ClF3_NOAAPTR_ppbv:30%; C10H30O5Si5_NOAAPTR_ppbv:30%; 
REVISION: R0
R0: Calibrated PTR Data. See individual species comments for details about measurement uncertainties
Time_Start, CH3OH_NOAAPTR_ppbv, CH3CN_NOAAPTR_ppbv, CH3CHO_NOAAPTR_ppbv, C2H5OH_NOAAPTR_ppbv, CH3SH_NOAAPTR_ppbv, Acrolein_NOAAPTR_ppbv, AcetonePropanal_NOAAPTR_ppbv, DMS_NOAAPTR_ppbv, C5H8_NOAAPTR_ppbv, MVKMAC_NOAAPTR_ppbv, Benzene_NOAAPTR_ppbv, Toluene_NOAAPTR_ppbv, Styrene_NOAAPTR_ppbv, Benzaldehyde_NOAAPTR_ppbv, C8Aromatics_NOAAPTR_ppbv, C9Aromatics_NOAAPTR_ppbv, Naphthalene_NOAAPTR_ppbv, Octanal_NOAAPTR_ppbv, Monoterpenes_NOAAPTR_ppbv, Nonanal_NOAAPTR_ppbv, C7H4ClF3_NOAAPTR_ppbv, C10H30O5Si5_NOAAPTR_ppbv
[from data line 1252]
75120.0, 8.72048, 0.24252, 1.73056, 2.71334, -0.00062, 0.23779, 4.20012, 0.00707, 0.71518, 0.87698, 0.05614, 0.20636, 0.00410, -0.05386, 0.11948, 0.04841, -0.01403, 0.02348, 0.18147, 0.04232, 0.01783, 0.00337 
75180.0, 9.58310, 0.23424, 1.75204, 2.33348, -0.00099, 0.23638, 4.15468, 0.01037, 0.60506, 0.82649, 0.08635, 0.18869, -0.00364, -0.04582, 0.09825, 0.02843, -0.01402, 0.02084, 0.18223, 0.05774, 0.01207, 0.00453 
75240.0, 9.38423, 0.20639, 1.85292, 2.59620, 0.00537, 0.24316, 4.35885, 0.00791, 0.64317, 0.85996, 0.03754, 0.22404, 0.01040, -0.03546, 0.12774, 0.06712, -0.00760, 0.03985, 0.17135, 0.03346, 0.01502, 0.00887 
75300.0, 9.54045, 0.21903, 1.83499, 2.60146, 0.00338, 0.24683, 4.18307, 0.01431, 0.89416, 0.86300, 0.05844, 0.20606, 0.01307, -0.01761, 0.11346, 0.04678, -0.00334, 0.03306, 0.18016, 0.03195, 0.01576, 0.00454 
75360.0, 9.27673, 0.22718, 1.80007, 2.70393, 0.00124, 0.27460, 4.09314, -0.00328, 0.63583, 0.84037, 0.08118, 0.16772, -0.00834, -0.03094, 0.10588, 0.04374, -0.01400, 0.03529, 0.19822, 0.03366, 0.01112, 0.00209 
75420.0, 9.06628, 0.24186, 1.35408, 2.27386, -0.00099, 0.20356, 4.17797, -0.00328, 0.52253, 0.78412, 0.02032, 0.12430, 0.02020, -0.03047, 0.08071, 0.02644, 0.00371, 0.02714, 0.16955, 0.03241, 0.01091, 0.00025 
75480.0, 7.92107, 0.18943, 1.20456, 1.58432, 0.00186, 0.15537, 3.83113, -0.00329, 0.39867, 0.66657, 0.03394, 0.12427, 0.02303, -0.03035, 0.06487, 0.02575, -0.00083, 0.02090, 0.13042, 0.05260, 0.00673, 0.00183 
75540.0, 9.13007, 0.22673, 1.21111, 1.72203, 0.00043, 0.19859, 3.67663, 0.00078, 0.31551, 0.62973, 0.05456, 0.15022, -0.00833, -0.02129, 0.07749, 0.02713, -0.01398, 0.01654, 0.09343, 0.01729, 0.00271, -0.00103 
75600.0, 8.12780, 0.20926, 1.14517, 1.51528, -0.00098, 0.18735, 3.61958, -0.00162, 0.35519, 0.66868, 0.02868, 0.10357, 0.01038, -0.02936, 0.06560, 0.01906, 0.00596, 0.02207, 0.06137, 0.02617, 0.00646, -0.00047 
75660.0, 8.73481, 0.21800, 1.52733, 9.56530, 0.00108, 0.18495, 3.81729, 0.00682, 0.40532, 0.69391, 0.42796, 3.16264, 0.06193, -0.04123, 0.78895, 0.22797, 0.01523, 0.03707, 0.08364, 0.03068, 0.00466, -0.00002 
75720.0, 8.06094, 0.22611, 1.15406, 1.40124, -0.00098, 0.17847, 3.66824, -0.00225, 0.39207, 0.73846, 0.00435, 0.10762, 0.00088, -0.02731, 0.08273, 0.02994, 0.01032, 0.02017, 0.06468, 0.02437, 0.00857, 0.00131 
75780.0, 7.53030, 0.22927, 1.50562, 1.72322, 0.00336, 0.18364, 3.89281, 0.01397, 0.42747, 0.74413, 0.03437, 0.16151, 0.01233, -0.05416, 0.09433, 0.04935, 0.00110, 0.04385, 0.11588, 0.03401, 0.01099, 0.00450 
75840.0, 7.24978, 0.19513, 1.29586, 1.51297, -0.00098, 0.18766, 3.85937, -0.00301, 0.64411, 0.71517, 0.07078, 0.13075, 0.00670, -0.00193, 0.07840, 0.02797, -0.00335, 0.01592, 0.13615, 0.01438, 0.00408, -0.00046 
75900.0, 8.16950, 0.22428, 1.29248, 1.83692, 0.00003, 0.20113, 3.80061, -0.00330, 0.51091, 0.73044, 0.05614, 0.15092, 0.01043, -0.03217, 0.09280, 0.03051, 0.01785, 0.02575, 0.29853, 0.03239, 0.00301, 0.00260 
75960.0, 8.20420, 0.22266, 1.31715, 1.39746, 0.00555, 0.18787, 3.82807, 0.00743, 0.68690, 0.77313, 0.01530, 0.12994, 0.00970, -0.01398, 0.05129, 0.02403, -0.01393, 0.02963, 0.18092, 0.02136, 0.00638, 0.00160 
76020.0, 7.74632, 0.21654, 1.24721, 1.77894, 0.00060, 0.17895, 3.74970, 0.00769, 0.35190, 0.77560, 0.05381, 0.10481, 0.01153, -0.03227, 0.06999, 0.01577, -0.01393, 0.01962, 0.09332, 0.02096, 0.00819, 0.00095 
76080.0, 8.68463, 0.20523, 1.51232, 2.48639, 0.00071, 0.22882, 3.77206, 0.00162, 0.50057, 0.78135, 0.08693, 0.29076, 0.00662, -0.03924, 0.15854, 0.06490, 0.00769, 0.03362, 0.11979, 0.01918, 0.00622, 0.00016 
76140.0, 7.86998, 0.20023, 1.21739, 1.70551, -0.00097, 0.19072, 3.66103, -0.00330, 0.38423, 0.73730, 0.04597, 0.13947, -0.00829, -0.03943, 0.08477, 0.03649, -0.01391, 0.02902, 0.09230, 0.02407, 0.00812, -0.00050 
76200.0, 6.50254, 0.18513, 1.18124, 1.59311, 0.00057, 0.17169, 3.59100, -0.00331, 0.33877, 0.68174, -0.01338, 0.13031, 0.00852, -0.04118, 0.07545, 0.01866, -0.00819, 0.02238, 0.05351, 0.03411, 0.00290, 0.00163 
76260.0, 7.82917, 0.21140, 1.35469, 2.22792, 0.00307, 0.20050, 3.85373, 0.00457, 0.97070, 0.81134, 0.06387, 0.25817, 0.00648, -0.01101, 0.11174, 0.03484, 0.00084, 0.04280, 0.17001, 0.04205, 0.00640, 0.00272 
76320.0, 8.16049, 0.21286, 1.49205, 2.47214, 0.00142, 0.21840, 3.82328, -0.00331, 1.04678, 0.79664, 0.09838, 0.25005, 0.03257, -0.02335, 0.15818, 0.05784, 0.00165, 0.01989, 0.19097, 0.04704, 0.00815, 0.00274 
76380.0, 7.61614, 0.19603, 1.60380, 2.84685, 0.00057, 0.20930, 3.80652, 0.00675, 0.66349, 0.72313, 0.04834, 0.15132, 0.00366, -0.01656, 0.08327, 0.02830, -0.00402, 0.02278, 0.18616, 0.03629, 0.00646, 0.00452 
76440.0, 8.09080, 0.20769, 1.35868, 2.46943, 0.00377, 0.18686, 3.70932, 0.00033, 0.36114, 0.65485, 0.06447, 0.46889, 0.00865, -0.01932, 0.13695, 0.05428, 0.00215, 0.04581, 0.09342, 0.02447, 0.00749, 0.00178 
76500.0, 7.51209, 0.20221, 1.19590, 1.44317, 0.00282, 0.19655, 3.67280, 0.00213, 0.25167, 0.63986, 0.02363, 0.10847, -0.00289, -0.02510, 0.07470, 0.02714, -0.00763, 0.03982, 0.13923, 0.03126, 0.00375, 0.00466 
76560.0, 7.51420, 0.21379, 1.29079, 2.53748, -0.00040, 0.16018, 3.67019, 0.00829, 0.48037, 0.62613, 0.08629, 0.17160, 0.01818, -0.02313, 0.07026, 0.03302, 0.00888, 0.03094, 0.11598, 0.02561, 0.00834, 0.00039 
76620.0, 7.64197, 0.22865, 1.03819, 1.75884, -0.00022, 0.13696, 3.58554, 0.00135, 0.19928, 0.62301, 0.04727, 0.10227, 0.00729, -0.02419, 0.06050, 0.01641, -0.00592, 0.02855, 0.08937, 0.01534, 0.00890, 0.00376 
76680.0, 9.35384, 0.20961, 1.36850, 1.81226, 0.00099, 0.18496, 3.82473, 0.01573, 0.29448, 0.64658, 0.05482, 0.13182, -0.00826, -0.02776, 0.08738, 0.02728, 0.00075, 0.02011, 0.16261, 0.02727, 0.00927, 0.00058 
76740.0, 8.03207, 0.20697, 1.37020, 3.25980, 0.00007, 0.20268, 3.77689, 0.00746, 0.31250, 0.69452, 0.10822, 0.78440, 0.01942, -0.00627, 0.21878, 0.06480, 0.01319, 0.02205, 0.11072, 0.07438, 0.00655, 0.00368 
76800.0, 7.40160, 0.21433, 1.28927, 1.95603, 0.00082, 0.17001, 3.72804, 0.01451, 0.58822, 0.63145, -0.00379, 0.15791, 0.00861, -0.01487, 0.06439, 0.03429, 0.00487, 0.02577, 0.23944, 0.03089, 0.00814, 0.00399 
76860.0, 5.76028, 0.21733, 0.96326, 1.29774, 0.00063, 0.15031, 3.41093, -0.00232, 0.34069, 0.56316, 0.01841, 0.09478, 0.01198, -0.03897, 0.03623, 0.01783, 0.00471, 0.02495, 0.05857, 0.01505, 0.00037, -0.00011 
76920.0, 5.95705, 0.21038, 1.11583, 1.85700, 0.00527, 0.19086, 3.54341, -0.00135, 0.66884, 0.55963, 0.03763, 0.10240, -0.00022, -0.01024, 0.05324, 0.02019, -0.00360, 0.00913, 0.11148, 0.02648, 0.01426, 0.00209 
76980.0, 5.80321, 0.20196, 0.90593, 1.02559, -0.00018, 0.11787, 3.27195, 0.00115, 0.16482, 0.48453, 0.05248, 0.05736, 0.00025, -0.02526, 0.03793, 0.01516, 0.00479, 0.02539, 0.03405, 0.01599, 0.00478, 0.00086 
77040.0, 6.18924, 0.19283, 1.03395, 1.58170, 0.00031, 0.15140, 3.44741, 0.01294, 0.46448, 0.51312, 0.04818, 0.14248, 0.01287, -0.01615, 0.07400, 0.03464, 0.01518, 0.02703, 0.11444, 0.01582, 0.00609, -0.00012 
77100.0, 7.59445, 0.20712, 1.12986, 1.56407, -0.00080, 0.19531, 3.44208, 0.00071, 0.71307, 0.54203, 0.04404, 0.11398, 0.00757, -0.01761, 0.06668, 0.02930, 0.00677, 0.02158, 0.18201, 0.02841, 0.00409, 0.00000 
77160.0, 6.04809, 0.20619, 0.95571, 1.10887, -0.00048, 0.13752, 3.26537, -0.00333, 0.28270, 0.52924, 0.03872, 0.10932, 0.00552, -0.02457, 0.04911, 0.02325, -0.00706, 0.01895, 0.38330, 0.01344, 0.00266, 0.00225 
77220.0, 6.71959, 0.20189, 0.94976, 1.44436, 0.00116, 0.13888, 3.25773, -0.00333, 0.25731, 0.55635, 0.06024, 0.09996, 0.00805, -0.01525, 0.05611, 0.02114, -0.00043, 0.01431, 0.18104, 0.02603, 0.00740, 0.00318 
77280.0, 7.23913, 0.18323, 1.19963, 2.04905, 0.00312, 0.16634, 3.53052, 0.01115, 0.56764, 0.56581, 0.07334, 0.25923, 0.01725, -0.01921, 0.09552, 0.03979, 0.00036, 0.04356, 0.22212, 0.03374, 0.01133, 0.00254 
77340.0, 6.85285, 0.18647, 1.09339, 1.82721, 0.00187, 0.18308, 3.45668, 0.00630, 0.65110, 0.56373, 0.00993, 0.14406, -0.00757, -0.02714, 0.07294, 0.04177, -0.01377, 0.03259, 0.21398, 0.02692, 0.00809, 0.00316 
77400.0, 6.31911, 0.19059, 0.89528, 1.29100, 0.00035, 0.15661, 3.20741, 0.00965, 0.51550, 0.53726, 0.03772, 0.06834, -0.00822, -0.02189, 0.04665, 0.01967, -0.00785, 0.02249, 0.11499, 0.00784, 0.00684, 0.00002 
77460.0, 6.43787, 0.19772, 0.99549, 1.63297, -0.00095, 0.16837, 3.32917, -0.00319, 0.66346, 0.54159, 0.01478, 0.11067, 0.01297, -0.00684, 0.06697, 0.01506, 0.01870, 0.01955, 0.30086, 0.02123, 0.00453, 0.00062 
77520.0, 6.44960, 0.20678, 0.87767, 1.57512, -0.00095, 0.15418, 3.28761, 0.00344, 0.86537, 0.55001, 0.04052, 0.09697, 0.01440, -0.04814, 0.04800, 0.01071, 0.01328, 0.02704, 0.11652, 0.02282, 0.00694, 0.00329 
77580.0, 12.10424, 0.19439, 0.96054, 1.35921, 0.00081, 0.15510, 3.22248, -0.00334, 0.82366, 0.53776, 0.00858, 0.09155, 0.00289, -0.00955, 0.06411, 0.02331, -0.00058, 0.02262, 0.12990, 0.02372, 0.00675, 0.00190 
77640.0, 5.74458, 0.19416, 0.90265, 1.46137, -0.00002, 0.14692, 3.21471, 0.00130, 0.55740, 0.54244, 0.02596, 0.08831, 0.00794, -0.02330, 0.04860, 0.02143, -0.00253, 0.03327, 0.08886, 0.03006, 0.00463, -0.00051 
77700.0, 7.65770, 0.20436, 1.18589, 1.82346, 0.00460, 0.15373, 3.34408, 0.01140, 0.50179, 0.56102, 0.05583, 0.18401, 0.00696, -0.03424, 0.12766, 0.05648, 0.00137, 0.02163, 0.20240, 0.01758, 0.00478, 0.00081 
77760.0, 6.73299, 0.21495, 0.97689, 1.09744, 0.00005, 0.14032, 3.17630, 0.00908, 0.23101, 0.52989, 0.05216, 0.19570, -0.00820, -0.03422, 0.11360, 0.05096, -0.00314, 0.02021, 0.08260, 0.01190, 0.00663, 0.00142 
77820.0, 6.01009, 0.18886, 0.93673, 1.46243, 0.00083, 0.14216, 3.14406, -0.00148, 0.53707, 0.55984, 0.01250, 0.10289, 0.00138, -0.02910, 0.06434, 0.01761, -0.01260, 0.01810, 0.07598, 0.03005, 0.00521, 0.00094 
77880.0, 6.44585, 0.20873, 1.09087, 1.58122, -0.00039, 0.15773, 3.18608, 0.01177, 0.32971, 0.55298, 0.03685, 0.13562, 0.00930, -0.02368, 0.08560, 0.03187, 0.00983, 0.02538, 0.22681, 0.01625, 0.00359, 0.00105 
77940.0, 6.69309, 0.19512, 1.08104, 2.74084, -0.00094, 0.18246, 3.35167, -0.00335, 0.40463, 0.59943, 0.16553, 0.64981, 0.02792, -0.00645, 0.15623, 0.05604, 0.02799, 0.03759, 0.22133, 0.03890, 0.00527, 0.00145 
78000.0, 6.70980, 0.19548, -9999.00000, 1.72053, 0.00394, 0.17150, 3.32599, -0.00336, -9999.00000, 0.62647, 0.11893, 0.18369, 0.00921, 0.01136, 0.08268, 0.03709, 0.00820, 0.03815, 0.20394, 0.03242, 0.00399, 0.00221 
78060.0, -9999.00000, -9999.00000, -9999.00000, -9999.00000, -9999.00000, -9999.00000, -9999.00000, -9999.00000, -9999.00000, -9999.00000, -9999.00000, -9999.00000, -9999.00000, -9999.00000, -9999.00000, -9999.00000, -9999.00000, -9999.00000, -9999.00000, -9999.00000, -9999.00000, -9999.00000 
78120.0, -9999.00000, -9999.00000, -9999.00000, -9999.00000, -9999.00000, -9999.00000, -9999.00000, -9999.00000, -9999.00000, -9999.00000, -9999.00000, -9999.00000, -9999.00000, -9999.00000, -9999.00000, -9999.00000, -9999.00000, -9999.00000, -9999.00000, -9999.00000, -9999.00000, -9999.00000 
78180.0, -9999.00000, -9999.00000, -9999.00000, -9999.00000, -9999.00000, -9999.00000, -9999.00000, -9999.00000, -9999.00000, -9999.00000, -9999.00000, -9999.00000, -9999.00000, -9999.00000, -9999.00000, -9999.00000, -9999.00000, -9999.00000, -9999.00000, -9999.00000, -9999.00000, -9999.00000 
78240.0, -9999.00000, -9999.00000, -9999.00000, -9999.00000, -9999.00000, -9999.00000, -9999.00000, -9999.00000, -9999.00000, -9999.00000, -9999.00000, -9999.00000, -9999.00000, -9999.00000, -9999.00000, -9999.00000, -9999.00000, -9999.00000, -9999.00000, -9999.00000, -9999.00000, -9999.00000 
78300.0, -9999.00000, -9999.00000, -9999.00000, -9999.00000, -9999.00000, -9999.00000, -9999.00000, -9999.00000, -9999.00000, -9999.00000, -9999.00000, -9999.00000, -9999.00000, -9999.00000, -9999.00000, -9999.00000, -9999.00000, -9999.00000, -9999.00000, -9999.00000, -9999.00000, -9999.00000 
78360.0, -9999.00000, -9999.00000, -9999.00000, -9999.00000, -9999.00000, -9999.00000, -9999.00000, -9999.00000, -9999.00000, -9999.00000, -9999.00000, -9999.00000, -9999.00000, -9999.00000, -9999.00000, -9999.00000, -9999.00000, -9999.00000, -9999.00000, -9999.00000, -9999.00000, -9999.00000 
78420.0, -9999.00000, -9999.00000, -9999.00000, -9999.00000, -9999.00000, -9999.00000, -9999.00000, -9999.00000, -9999.00000, -9999.00000, -9999.00000, -9999.00000, -9999.00000, -9999.00000, -9999.00000, -9999.00000, -9999.00000, -9999.00000, -9999.00000, -9999.00000, -9999.00000, -9999.00000 
78480.0, -9999.00000, -9999.00000, -9999.00000, -9999.00000, -9999.00000, -9999.00000, -9999.00000, -9999.00000, -9999.00000, -9999.00000, -9999.00000, -9999.00000, -9999.00000, -9999.00000, -9999.00000, -9999.00000, -9999.00000, -9999.00000, -9999.00000, -9999.00000, -9999.00000, -9999.00000 
78540.0, -9999.00000, -9999.00000, -9999.00000, -9999.00000, -9999.00000, -9999.00000, -9999.00000, -9999.00000, -9999.00000, -9999.00000, -9999.00000, -9999.00000, -9999.00000, -9999.00000, -9999.00000, -9999.00000, -9999.00000, -9999.00000, -9999.00000, -9999.00000, -9999.00000, -9999.00000 
78600.0, -9999.00000, -9999.00000, -9999.00000, -9999.00000, -9999.00000, -9999.00000, -9999.00000, -9999.00000, -9999.00000, -9999.00000, -9999.00000, -9999.00000, -9999.00000, -9999.00000, -9999.00000, -9999.00000, -9999.00000, -9999.00000, -9999.00000, -9999.00000, -9999.00000, -9999.00000 
78660.0, 9.72356, 0.21766, -9999.00000, 1.56745, -0.00094, 0.17861, 3.43539, 0.00073, -9999.00000, 0.58486, 0.11416, 0.17612, 0.01752, -0.01102, 0.10272, 0.04190, 0.00211, 0.02493, 0.07795, 0.02156, 0.00954, -0.00032 
78720.0, 7.04080, 0.21871, 1.16733, 1.84886, 0.00528, 0.15800, 3.42143, 0.00828, 0.36760, 0.59106, 0.03385, 0.15881, 0.01550, -0.01601, 0.09274, 0.03889, -0.00886, 0.03628, 0.12115, 0.02853, 0.00375, 0.00211 
78780.0, 5.82287, 0.19344, 1.05379, 1.74569, -0.00034, 0.16001, 3.32922, 0.00921, 0.39900, 0.55203, 0.01617, 0.12573, -0.00805, -0.03236, 0.08279, 0.02829, -0.00224, 0.01426, 0.10687, 0.01976, 0.00839, 0.00438 
78840.0, 6.64475, 0.20365, 1.06478, 2.02674, 0.00139, 0.15516, 3.45103, -0.00036, 0.50155, 0.60349, 0.04077, 0.13599, 0.01386, -0.04467, 0.08574, 0.03590, -0.00658, 0.02702, 0.10385, 0.02693, 0.00758, 0.00268 
78900.0, 6.69658, 0.19722, 1.10842, 1.80004, 0.00025, 0.18680, 3.76420, 0.00745, 0.45903, 0.59382, 0.03101, 0.17346, 0.00625, -0.05239, 0.09599, 0.03507, -0.00388, 0.03867, 0.09816, 0.01966, 0.01142, 0.00279 
78960.0, 9.28424, 0.18069, 1.39441, 1.73939, 0.00514, 0.23381, 3.61776, 0.00673, 0.49245, 0.58071, 0.05817, 0.14756, -0.00801, -0.01628, 0.09579, 0.02797, -0.00182, 0.03190, 0.22583, 0.03216, 0.00221, 0.00431 
79020.0, 5.42790, 0.20068, 1.09503, 1.77673, -0.00041, 0.15416, 3.27667, 0.00513, 0.20472, 0.48947, -0.01768, 0.11363, 0.00814, -0.04450, 0.07914, 0.02252, -0.01357, 0.01761, 0.10466, 0.01177, 0.00745, 0.00216 
79080.0, 7.05279, 0.18355, 1.04820, 1.62521, 0.00072, 0.14533, 3.36305, 0.01014, 0.53158, 0.53839, 0.05345, 0.14557, 0.01858, -0.04011, 0.08845, 0.04091, -0.00439, 0.02652, 0.17321, 0.01914, 0.00746, 0.00368 
79140.0, 7.59644, 0.18974, 1.10549, 1.21690, 0.00158, 0.16022, 3.41957, 0.00697, 0.38275, 0.48613, -0.00941, 0.11899, 0.00117, -0.04494, 0.09711, 0.03526, -0.01356, 0.02997, 0.09605, 0.03502, -0.00001, 0.00043 
79200.0, 7.00375, 0.20802, 1.07441, 1.66831, 0.00381, 0.15978, 3.42697, 0.01563, 0.44650, 0.51796, 0.04769, 0.15430, 0.01343, -0.02255, 0.07764, 0.03013, -0.00319, 0.01727, 0.07273, 0.01959, 0.00827, 0.00092 
79260.0, 6.56058, 0.20103, 1.06446, 1.85362, 0.00152, 0.16163, 3.38556, -0.00207, 0.30714, 0.59782, 0.06923, 0.15508, 0.01184, -0.00831, 0.07492, 0.03075, -0.00694, 0.02161, 0.08193, 0.02517, 0.00646, 0.00265 
79320.0, 6.84477, 0.20464, 1.10717, 1.71481, 0.00138, 0.15518, 3.50073, 0.00809, 0.41480, 0.57498, -0.00030, 0.14022, 0.01382, -0.01936, 0.08289, 0.02084, -0.01081, 0.02306, 0.12811, 0.03375, 0.00523, 0.00598 
