CampaignData_and_Merges/R0/CSL_MobileLab_Parked/raw/20240803/USOS-NOy-LIF_MobileLabGround_20240803_R0.ict
39,1001
Rollins, A.; Waxman, E.; Zuraski, K.; Chace, W.
NOAA Chemical Sciences Laboratory
LIF NO/NOx/NOy on CSL Mobile Lab
AMMBEC / USOS
1, 1
2024,08,03, 2025,01,04
1
Time_Start, seconds, number_of_seconds_since_0000_UTC
7
1, 1, 1, 1, 1, 1, 1
-9999, -9999, -9999, -9999, -9999, -9999, -9999
Time_Stop, seconds, number_of_seconds_since_0000_UTC
NO_LIF, pptv, Gas_NO_InSitu_S_AVMR, volume mixing ratio of nitric oxide in air
NO2_LIF, pptv, Gas_NO2_InSitu_S_AVMR, volume mixing ratio of nitrogen dioxide in air
NOy_LIF, pptv, Gas_NOy_InSitu_S_AVMR, volume mixing ratio of total oxidized nitrogen in air
NO_LIF_1SigmaAccuracy, pptv, Gas_NO_InSitu_S_AVMR, volume mixing ratio of nitric oxide in air
NO2_LIF_1SigmaAccuracy, pptv, Gas_NO2_InSitu_S_AVMR, volume mixing ratio of nitrogen dioxide in air
NOy_LIF_1SigmaAccuracy, pptv, Gas_NOy_InSitu_S_AVMR, volume mixing ratio of total oxidized nitrogen in air
0
18
PI_CONTACT_INFO: andrew.rollins@noaa.gov
PLATFORM: CSL Mobile Lab
LOCATION: Salt Lake City, UT
ASSOCIATED_DATA:
INSTRUMENT_INFO: NO detection by laser induced fluorescence. NO2 detection by photolytic conversion to NO. NOy detection by catalytic conversion to NO on gold surface
DATA_INFO:
UNCERTAINTY: Included 1 Sigma Accuracy waves represent the combined calibration uncertainties (±6%, ±9%, ±10%) and zero uncertainties (3 ppt, 20 ppt, 100 ppt) for NO, NO2, and NOy, respectively.
ULOD_FLAG: -7777
ULOD_VALUE: N/A
LLOD_FLAG: -8888
LLOD_VALUE: N/A
DM_CONTACT_INFO: andrew.rollins@noaa.gov
PROJECT_INFO: USOS Project, July - August 2024
STIPULATIONS_ON_USE: Users are strongly encouraged to contact the PI for proper data usage.
OTHER_COMMENTS:
REVISION: R0
R0: final data
Time_Start, Time_Stop, NO_LIF, NO2_LIF, NOy_LIF, NO_LIF_1SigmaAccuracy, NO2_LIF_1SigmaAccuracy, NOy_LIF_1SigmaAccuracy
[from data line 265]
   15900,   15960,242.03,5835.7,5572.6,17.522, 545.22, 657.26
   15960,   16020,40.299,4350.8,5874.5,5.4179, 411.57, 687.45
   16020,   16080,26.28,4069.2,6071.1,4.5768, 386.23, 707.11
   16080,   16140,24.722,5978.1,5935.8,4.4833, 558.03, 693.58
   16140,   16200,23.007,8518.9,8700.4,4.3804, 786.7, 970.04
   16200,   16260,10.77,4616.3,5714.9,3.6462, 435.47, 671.49
   16260,   16320,42.834,3473.3,5137.4,5.57, 332.6, 613.74
   16320,   16380,23.481,2827.5,4452,4.4089, 274.48, 545.2
   16380,   16440,19.538,3168,4265.4,4.1723, 305.12, 526.54
   16440,   16500,11.537,2749.8,4216.6,3.6922, 267.48, 521.66
   16500,   16560,67.876,3288.1,3685.3,7.0726, 315.93, 468.53
   16560,   16620,18.234,3088.1,4603.9,4.094, 297.93, 560.39
   16620,   16680,25.946,2988.9,4027.7,4.5568, 289, 502.77
   16680,   16740,29.593,2911.9,3975.4,4.7756, 282.07, 497.54
   16740,   16800,14.282,2840.1,3881.6,3.8569, 275.61, 488.16
   16800,   16860,34.661,5626.5,4924.9,5.0797, 526.38, 592.49
   16860,   16920,13.047,5251.2,5895.2,3.7828, 492.61, 689.52
   16920,   16980,10.159,5225.3,6616.1,3.6095, 490.28, 761.61
   16980,   17040,8.9029,5018.3,6901.4,3.5342, 471.65, 790.14
   17040,   17100,7.8098,5563.5,6896.9,3.4686, 520.71, 789.69
   17100,   17160,33.737,5813.8,5694.3,5.0242, 543.24, 669.43
   17160,   17220,10.639,5998.5,6495,3.6384, 559.86, 749.5
   17220,   17280,11.742,5834.5,6732.3,3.7045, 545.11, 773.23
   17280,   17340,10.457,4224.2,6459.4,3.6274, 400.18, 745.94
   17340,   17400,10.903,4032.6,6294.4,3.6542, 382.94, 729.44
   17400,   17460,89.006,4298.2,5638.4,8.3403, 406.83, 663.84
   17460,   17520,185.55,6964.9,6862.1,14.133, 646.85, 786.21
   17520,   17580,135.97,8438.7,10515,11.158, 779.48, 1151.5
   17580,   17640,136.82,9505.2,11457,11.209, 875.47, 1245.7
   17640,   17700,180.68,8012.1,10409,13.841, 741.09, 1140.9
   17700,   17760,53.613,6221.5,9319.7,6.2168, 579.93, 1032
   17760,   17820,257.94,9909.1,10490,18.476, 911.82, 1149
   17820,   17880,245.72,6915.5,10498,17.743, 642.39, 1149.8
   17880,   17940,109.85,3767.7,5934.5,9.5912, 359.1, 693.45
   17940,   18000,17.633,2275.5,4184.1,4.058, 224.79, 518.41
   18000,   18060,17.497,2794.4,3990,4.0498, 271.5, 499
   18060,   18120,9.0565,2254,4059.3,3.5434, 222.86, 505.93
   18120,   18180,16.789,3649.3,4527.7,4.0074, 348.44, 552.77
   18180,   18240,70.834,7487.6,6266.4,7.25, 693.89, 726.64
   18240,   18300,100.85,13522,9709.7,9.0509, 1237, 1071
   18300,   18360,127.59,8088.2,9230.3,10.656, 747.94, 1023
   18360,   18420,355.52,9791.2,10994,24.331, 901.21, 1199.4
   18420,   18480,30.495,5772.4,8468.6,4.8297, 539.51, 946.86
   18480,   18540,66.981,8251.7,8228.4,7.0188, 762.65, 922.84
   18540,   18600,68.389,9368.7,10339,7.1033, 863.19, 1133.9
   18600,   18660,56.28,10209,10027,6.3768, 938.77, 1102.7
   18660,   18720,31.616,7107.3,8954.9,4.8969, 659.66, 995.49
   18720,   18780,17.636,5961.2,7936.1,4.0582, 556.5, 893.61
   18780,   18840,9.5022,5500.2,7340.4,3.5701, 515.02, 834.04
   18840,   18900,8.6648,5323.2,5841.6,3.5199, 499.09, 684.16
   18900,   18960,8.3608,5259.8,6432.4,3.5017, 493.38, 743.24
   18960,   19020,13.848,3175.6,4831.4,3.8309, 305.8, 583.14
   19020,   19080,61.614,3370,5364.3,6.6968, 323.3, 636.43
   19080,   19140,35.849,2775,4249.7,5.1509, 269.75, 524.97
   19140,   19200,53.327,3060.4,4084.8,6.1996, 295.44, 508.48
   19200,   19260,41.364,2555.4,4033.8,5.4818, 249.98, 503.38
   19260,   19320,69.28,2838.9,4098.6,7.1568, 275.5, 509.86
   19320,   19380,39.66,1825.1,3299,5.3796, 184.26, 429.9
   19380,   19440,-9999,-9999,-9999,-9999, -9999, -9999
   19440,   19500,-9999,-9999,-9999,-9999, -9999, -9999
   19500,   19560,-9999,-9999,-9999,-9999, -9999, -9999
   19560,   19620,-9999,-9999,-9999,-9999, -9999, -9999
   19620,   19680,-9999,-9999,-9999,-9999, -9999, -9999
   19680,   19740,-9999,-9999,-9999,-9999, -9999, -9999
   19740,   19800,-9999,-9999,-9999,-9999, -9999, -9999
   19800,   19860,4.4568,3443.9,4171.4,3.2674, 329.95, 517.14
   19860,   19920,15.765,3773.2,4553.2,3.9459, 359.59, 555.32
   19920,   19980,8.6539,3553.6,4421.3,3.5192, 339.83, 542.13
   19980,   20040,10.414,3685.1,4491.2,3.6249, 351.66, 549.12
   20040,   20100,8.7736,3662.4,4695.3,3.5264, 349.62, 569.53
   20100,   20160,7.7709,3754.3,4754.7,3.4663, 357.89, 575.47
   20160,   20220,6.9305,3960.6,4833.1,3.4158, 376.45, 583.31
   20220,   20280,8.4657,3955.5,4793.7,3.5079, 376, 579.37
   20280,   20340,6.91,3961.2,4714.6,3.4146, 376.5, 571.46
   20340,   20400,8.7599,3948.8,4924,3.5256, 375.39, 592.4
   20400,   20460,24.703,4604.9,4970.9,4.4822, 434.44, 597.09
   20460,   20520,38.116,3893.7,5511.5,5.2869, 370.43, 651.15
   20520,   20580,40.202,3535.1,5143,5.4121, 338.16, 614.3
   20580,   20640,392.95,7311.9,6502.8,26.577, 678.07, 750.28
   20640,   20700,341.84,6531.5,12244,23.511, 607.83, 1324.4
   20700,   20760,22.544,2635,5055.1,4.3526, 257.15, 605.51
   20760,   20820,159.6,3558,4351.6,12.576, 340.22, 535.16
   20820,   20880,46.445,3251,5132.5,5.7867, 312.59, 613.25
   20880,   20940,52.332,2904.2,4193.7,6.1399, 281.37, 519.37
   20940,   21000,19.104,2503.9,3932.7,4.1462, 245.35, 493.27
   21000,   21060,11.556,2386.3,3464.2,3.6933, 234.77, 446.42
   21060,   21120,43.448,3330.5,3995.6,5.6069, 319.74, 499.56
   21120,   21180,197.83,3643.7,4812.5,14.87, 347.93, 581.25
   21180,   21240,264.28,4235,6200.6,18.857, 401.15, 720.06
   21240,   21300,75.739,3041.9,5358.3,7.5444, 293.77, 635.83
   21300,   21360,38.785,2577,4928.8,5.3271, 251.93, 592.88
   21360,   21420,47.126,2327.1,3677.1,5.8276, 229.44, 467.71
   21420,   21480,44.255,2488,3209.1,5.6553, 243.92, 420.91
   21480,   21540,290.44,4049,4314.4,20.426, 384.41, 531.44
   21540,   21600,49.54,2953,4582.2,5.9724, 285.77, 558.22
   21600,   21660,12.612,2309.5,4745.8,3.7567, 227.85, 574.58
   21660,   21720,9.2743,1652.3,3937.7,3.5565, 168.7, 493.77
   21720,   21780,9.8972,1785.3,3823.5,3.5938, 180.68, 482.35
   21780,   21840,6.9815,1402.1,2852.7,3.4189, 146.19, 385.27
   21840,   21900,9.8881,1815.2,2651.4,3.5933, 183.37, 365.14
   21900,   21960,10.996,1779.3,2773,3.6598, 180.13, 377.3
   21960,   22020,19.879,1726.1,2610.6,4.1927, 175.35, 361.06
   22020,   22080,18.437,1943.7,2698.9,4.1062, 194.93, 369.89
   22080,   22140,10.066,1503.9,2657.6,3.604, 155.35, 365.76
   22140,   22200,28.986,1760.5,2756.6,4.7392, 178.44, 375.66
   22200,   22260,47.39,1967.7,3117.7,5.8434, 197.09, 411.77
   22260,   22320,14.479,1550.7,2808.2,3.8688, 159.56, 380.82
   22320,   22380,9.6914,1444.7,2550.5,3.5815, 150.02, 355.05
   22380,   22440,10.878,1461.8,2233.8,3.6527, 151.56, 323.38
   22440,   22500,24.302,1674.8,2307.7,4.4581, 170.73, 330.77
   22500,   22560,16.769,1537.5,2307.6,4.0062, 158.37, 330.76
   22560,   22620,13.077,1590.9,2342.1,3.7846, 163.18, 334.21
   22620,   22680,10.245,1585.5,2409.4,3.6147, 162.7, 340.94
   22680,   22740,13.487,1548.6,2359,3.8092, 159.38, 335.9
   22740,   22800,10.664,1512.7,2366,3.6398, 156.14, 336.6
   22800,   22860,87.032,2439.4,2693.1,8.2219, 239.55, 369.31
   22860,   22920,264.93,4522.7,6604.8,18.896, 427.04, 760.48
   22920,   22980,819.95,5825.7,9704.6,52.197, 544.31, 1070.5
   22980,   23040,60.129,2067.7,5140.4,6.6077, 206.1, 614.04
   23040,   23100,138.76,1646.5,2986,11.326, 168.18, 398.6
   23100,   23160,65.874,1603.2,3018.6,6.9524, 164.29, 401.86
   23160,   23220,17.492,1271.9,2398.6,4.0495, 134.47, 339.86
   23220,   23280,123.41,1865,2504.3,10.405, 187.85, 350.43
   23280,   23340,32.723,1441.2,2519.6,4.9634, 149.71, 351.96
   23340,   23400,11.997,1090.8,2061.3,3.7198, 118.17, 306.13
   23400,   23460,25.579,1144.9,1868,4.5347, 123.04, 286.8
   23460,   23520,23.907,1400.7,2093,4.4344, 146.06, 309.3
   23520,   23580,38.614,1407.9,2175.8,5.3168, 146.71, 317.58
   23580,   23640,15.349,1075.6,2103.8,3.921, 116.81, 310.38
   23640,   23700,7.0332,910.33,1818,3.422, 101.93, 281.8
   23700,   23760,25.697,1079.9,1730.8,4.5418, 117.19, 273.08
   23760,   23820,19.926,1019.8,1758.3,4.1956, 111.79, 275.83
   23820,   23880,14.243,979.75,1758.4,3.8546, 108.18, 275.84
   23880,   23940,36.067,1367.6,1966.8,5.164, 143.09, 296.68
   23940,   24000,16.854,1296.7,2151.9,4.0112, 136.7, 315.19
   24000,   24060,10.741,1108,1935.5,3.6444, 119.72, 293.55
   24060,   24120,10.372,1044.3,1837.8,3.6223, 113.99, 283.78
   24120,   24180,27.608,1072.3,1826.8,4.6565, 116.51, 282.68
   24180,   24240,28.063,1226.6,1990,4.6838, 130.4, 299
   24240,   24300,19.725,1670.9,2381.9,4.1835, 170.38, 338.19
   24300,   24360,9.4341,899.4,1690.5,3.566, 100.95, 269.05
   24360,   24420,11.345,815.66,1529,3.6807, 93.409, 252.9
   24420,   24480,8.6593,869.75,1529.8,3.5196, 98.277, 252.98
   24480,   24540,19.684,992.51,1618.2,4.181, 109.33, 261.82
   24540,   24600,62.312,1426.7,1996,6.7387, 148.4, 299.6
   24600,   24660,46.379,1236.5,2054.1,5.7828, 131.28, 305.41
   24660,   24720,42.773,1314.5,2284.9,5.5664, 138.3, 328.49
   24720,   24780,12.292,918.03,1698.1,3.7375, 102.62, 269.81
   24780,   24840,6.7063,752.91,1516.3,3.4024, 87.762, 251.63
   24840,   24900,26.126,947,1587.4,4.5676, 105.23, 258.74
   24900,   24960,9.3881,982.63,1661.1,3.5633, 108.44, 266.11
   24960,   25020,18.363,1149.5,1967.3,4.1018, 123.46, 296.73
   25020,   25080,164.47,2335.4,2984.7,12.868, 230.18, 398.47
   25080,   25140,39.438,1802.2,3555.7,5.3663, 182.2, 455.57
   25140,   25200,6.666,859.39,2112.1,3.4, 97.345, 311.21
   25200,   25260,28.736,1017,1645.3,4.7242, 111.53, 264.53
   25260,   25320,47.595,1229.8,2215.7,5.8557, 130.68, 321.57
   25320,   25380,134.86,1789.4,3052.5,11.092, 181.05, 405.25
   25380,   25440,81.497,2602.1,3812.7,7.8898, 254.18, 481.27
   25440,   25500,42.297,1727.3,3248.3,5.5378, 175.46, 424.83
   25500,   25560,16.825,1111.5,2341.5,4.0095, 120.04, 334.15
   25560,   25620,758.87,4079.8,5119.5,48.532, 387.18, 611.95
   25620,   25680,1283.9,5626,13929,80.032, 526.34, 1492.9
   25680,   25740,45.019,1340.8,3430.6,5.7012, 140.67, 443.06
   25740,   25800,20.592,1251.4,2400.1,4.2355, 132.62, 340.01
   25800,   25860,21.739,1090.5,2054.6,4.3043, 118.14, 305.46
   25860,   25920,26.644,1022,2188.5,4.5986, 111.98, 318.85
   25920,   25980,28.198,987.25,1969,4.6919, 108.85, 296.9
   25980,   26040,11.289,659.38,1624,3.6774, 79.344, 262.4
   26040,   26100,37.885,1054.4,1789.3,5.2731, 114.89, 278.93
   26100,   26160,577.27,4996.3,8948.8,37.636, 469.67, 994.88
   26160,   26220,66.21,2247.2,2882,6.9726, 222.25, 388.2
   26220,   26280,7.5376,810.01,2634.6,3.4523, 92.901, 363.46
   26280,   26340,138.43,1745.4,2710,11.306, 177.08, 371
   26340,   26400,29.349,1094.7,2719.2,4.7609, 118.53, 371.92
   26400,   26460,16.168,814.69,1643.6,3.9701, 93.322, 264.36
   26460,   26520,13.006,958.92,1617.6,3.7804, 106.3, 261.76
   26520,   26580,48.16,971.69,1725.1,5.8896, 107.45, 272.51
   26580,   26640,15.154,929.63,1775.7,3.9092, 103.67, 277.57
   26640,   26700,18.491,899.94,1547.6,4.1095, 101, 254.76
   26700,   26760,16.131,884.94,1552.4,3.9679, 99.644, 255.24
   26760,   26820,10.88,825.07,1544.5,3.6528, 94.257, 254.45
   26820,   26880,10.64,901.34,1536,3.6384, 101.12, 253.6
   26880,   26940,7.8798,875.8,1524,3.4728, 98.822, 252.4
   26940,   27000,46.073,1358.7,1817,5.7644, 142.28, 281.7
   27000,   27060,31.368,1251.5,2124.2,4.8821, 132.63, 312.42
   27060,   27120,1222.3,5155,6289.3,76.338, 483.95, 728.93
   27120,   27180,38.808,1122.6,3095.5,5.3285, 121.04, 409.55
   27180,   27240,22.565,1178.4,2785.8,4.3539, 126.06, 378.58
   27240,   27300,24.678,1007.1,1808.4,4.4807, 110.64, 280.84
   27300,   27360,134.05,1607.6,2160.4,11.043, 164.69, 316.04
   27360,   27420,-9999,-9999,-9999,-9999, -9999, -9999
   27420,   27480,-9999,-9999,-9999,-9999, -9999, -9999
   27480,   27540,-9999,-9999,-9999,-9999, -9999, -9999
   27540,   27600,-9999,-9999,-9999,-9999, -9999, -9999
   27600,   27660,-9999,-9999,-9999,-9999, -9999, -9999
   27660,   27720,-9999,-9999,-9999,-9999, -9999, -9999
   27720,   27780,-9999,-9999,-9999,-9999, -9999, -9999
   27780,   27840,18.154,5194.8,6581.1,4.0892, 487.53, 758.11
   27840,   27900,16.29,5334.6,6678.1,3.9774, 500.11, 767.81
   27900,   27960,17.937,5464.7,6807.9,4.0762, 511.82, 780.79
   27960,   28020,119.18,6313.8,7073.9,10.151, 588.24, 807.39
   28020,   28080,64.57,5667.7,7866.2,6.8742, 530.09, 886.62
   28080,   28140,19.19,5365.9,7223.9,4.1514, 502.93, 822.39
   28140,   28200,30.41,5419,7098.6,4.8246, 507.71, 809.86
   28200,   28260,18.774,5343.4,6832.7,4.1264, 500.91, 783.27
   28260,   28320,19.062,5627.1,7124,4.1437, 526.44, 812.4
   28320,   28380,12.252,5513.8,6935.2,3.7351, 516.24, 793.52
   28380,   28440,9.8314,5362.6,6799.8,3.5899, 502.63, 779.98
   28440,   28500,6.6335,4947.9,6598.9,3.398, 465.31, 759.89
   28500,   28560,7.6263,5074.7,6639.6,3.4576, 476.72, 763.96
   28560,   28620,18.085,5456.2,7408.3,4.0851, 511.06, 840.83
   28620,   28680,36.521,6133.8,7538.2,5.1913, 572.04, 853.82
   28680,   28740,14.577,5861,7629.4,3.8746, 547.49, 862.94
   28740,   28800,7.9441,4775.3,6196,3.4766, 449.78, 719.6
   28800,   28860,6.8011,4421.6,5652.4,3.4081, 417.95, 665.24
   28860,   28920,16.63,4817.3,6049.8,3.9978, 453.56, 704.98
   28920,   28980,21.469,5351.6,6656.6,4.2881, 501.64, 765.66
   28980,   29040,28.288,5657.5,7092.7,4.6973, 529.18, 809.27
   29040,   29100,13.658,5491.9,6965.1,3.8195, 514.27, 796.51
   29100,   29160,9.3805,5482.2,6973.4,3.5628, 513.4, 797.34
   29160,   29220,8.3753,5341,6884.7,3.5025, 500.69, 788.47
   29220,   29280,10.814,5354.3,6775.6,3.6488, 501.89, 777.56
   29280,   29340,13.595,5602.8,6915,3.8157, 524.25, 791.5
   29340,   29400,48.431,7470.8,7514.3,5.9059, 692.37, 851.43
   29400,   29460,21.551,6971.2,8477.2,4.293, 647.41, 947.72
   29460,   29520,9.3606,4796.1,6291.6,3.5616, 451.65, 729.16
   29520,   29580,11.145,3822,5258.7,3.6687, 363.98, 625.87
   29580,   29640,10.126,3925.9,5348.7,3.6076, 373.33, 634.87
   29640,   29700,10.073,3945.2,5452.1,3.6044, 375.07, 645.21
   29700,   29760,10.056,4516.8,5649.9,3.6034, 426.51, 664.99
   29760,   29820,11.551,3940.1,5945.5,3.6931, 374.61, 694.55
   29820,   29880,8.2814,4313.6,5937.4,3.4969, 408.22, 693.74
   29880,   29940,6.8426,4483.7,6047.8,3.4106, 423.53, 704.78
   29940,   30000,7.9168,3707.1,5236.5,3.475, 353.64, 623.65
   30000,   30060,8.6988,3445.3,4868.6,3.5219, 330.08, 586.86
   30060,   30120,8.8399,3773.2,5049.7,3.5304, 359.59, 604.97
   30120,   30180,6.6191,3963,5566.7,3.3971, 376.67, 656.67
   30180,   30240,8.1609,4067.3,5504.4,3.4897, 386.05, 650.44
   30240,   30300,11.123,4138.2,5545.7,3.6674, 392.44, 654.57
   30300,   30360,26.654,4988.3,6046.9,4.5992, 468.95, 704.69
   30360,   30420,39.534,5705.6,7726.7,5.3721, 533.5, 872.67
   30420,   30480,211.81,8042,8928.6,15.709, 743.78, 992.86
   30480,   30540,47.428,6996.7,8352,5.8457, 649.7, 935.2
   30540,   30600,9.7881,5048.3,7588.7,3.5873, 474.34, 858.87
   30600,   30660,57.104,6742.3,7371.5,6.4263, 626.8, 837.15
   30660,   30720,34.524,5732.6,7800.4,5.0715, 535.93, 880.04
   30720,   30780,86.223,6373.1,7600.1,8.1734, 593.58, 860.01
   30780,   30840,32.418,5615.9,7658.1,4.9451, 525.43, 865.81
   30840,   30900,11.532,4841.1,6597.5,3.6919, 455.7, 759.75
   30900,   30960,9.1733,4785.4,6187.5,3.5504, 450.69, 718.75
   30960,   31020,7.045,4891.6,6157.1,3.4227, 460.25, 715.71
   31020,   31080,7.1869,4896.9,6227,3.4312, 460.72, 722.7
   31080,   31140,8.719,5018.6,6271.6,3.5231, 471.67, 727.16
   31140,   31200,27.273,5275.7,6533.4,4.6364, 494.81, 753.34
   31200,   31260,17.868,5331,6963.6,4.0721, 499.79, 796.36
   31260,   31320,6.8055,5106.2,6666,3.4083, 479.56, 766.6
   31320,   31380,9.6825,4981.3,6659.7,3.5809, 468.32, 765.97
   31380,   31440,240.75,6234.4,7252,17.445, 581.09, 825.2
   31440,   31500,119.97,6995.6,9355.1,10.198, 649.61, 1035.5
   31500,   31560,68.061,8621.9,9956.1,7.0837, 795.97, 1095.6
   31560,   31620,21.719,7764,10455,4.3031, 718.76, 1145.5
