CampaignData_and_Merges/R0/CSL_MobileLab_Parked/raw/20240803/USOS-NOAAIodideCIMS-Halogens_MobileLabGround_20240803_RA.ict
38, 1001
Michael A Robinson, Chris Jernigan, Subi Thakali
NOAA ESRL Chemical Sciences Laboratory and CIRES, U. of Colorado
NOAA Iodide CIMS Instrument
USOS
1, 1
2024, 08, 03, 2024, 08, 04
1
starttime_UTC, seconds_past_midnight, seconds_of_day_since_00:00:00_UTC
6
1, 1, 1, 1, 1, 1
-9999, -9999, -9999, -9999, -9999, -9999
Br2_NOAACIMS, pptv, Gas_Br2_InSitu_S_AVMR, 
BrO_NOAACIMS, pptv, Gas_BrO_InSitu_S_AVMR, 
Cl2_NOAACIMS, pptv, Gas_Cl2_InSitu_S_AVMR, 
ClNO2_NOAACIMS, pptv, Gas_ClNO2_InSitu_S_AVMR, 
BrCl_NOAACIMS, pptv, Gas_BrCl_InSitu_S_AVMR, 
NCl3_NOAACIMS, pptv, Gas_NCl3_InSitu_S_AVMR, 
0
18
PI_CONTACT_INFO: 325 Broadway, R/CSD 7, Boulder, Colorado 80305; michael.a.robinson@noaa.gov; chris.jernigan@noaa.gov;
PLATFORM: NOAA CSL Mobile Lab
LOCATION: SLC, Utah
ASSOCIATED_DATA: 1Hz data also available on request.
INSTRUMENT_INFO: NOAA I- ToF CIMS
DATA_INFO: All data in parts per trillion by volume (pptv). 1 Hz data is available upon request.
UNCERTAINTY: TBD
ULOD_FLAG: -7777
ULOD_VALUE: N/A
LLOD_FLAG: -8888
LLOD_VALUE: N/A
DM_CONTACT_INFO: Nathan Howard; nathan.h.howard@noaa.gov
PROJECT_INFO: USOS, summer 2024. https://csl.noaa.gov/groups/csl7/measurements/2024usos/
STIPULATIONS_ON_USE: Users are strongly encouraged to contact the PI for proper data usage.
OTHER_COMMENTS: 
REVISION: RA
RA: Preliminary Data; For in-field use only
starttime_UTC, Br2_NOAACIMS, BrO_NOAACIMS, Cl2_NOAACIMS, ClNO2_NOAACIMS, BrCl_NOAACIMS, NCl3_NOAACIMS
[from data line 271]
 16260,  0.566,  0.067,  1.247,  0.151,  0.457,  6.897
 16320,  0.536,  0.204,  1.014,  0.129,  0.371,  5.619
 16380,  0.667,  0.231,  1.129,  0.161,  0.431,  6.300
 16440,  0.587,  0.179,  0.997,  0.195,  0.335,  5.524
 16500,  0.624,  0.222,  0.925,  0.104,  0.387,  5.459
 16560,  0.599,  0.170,  0.989,  0.149,  0.425,  4.932
 16620,  0.626,  0.230,  0.939,  0.171,  0.463,  5.002
 16680,  0.577,  0.193,  0.911,  0.162,  0.367,  4.332
 16740,  0.645,  0.084,  1.049,  0.134,  0.406,  4.750
 16800,  0.669,  0.146,  1.101,  0.174,  0.389,  5.190
 16860,  0.613,  0.207,  1.141,  0.133,  0.396,  5.662
 16920,  0.723,  0.133,  1.124,  0.185,  0.331,  5.400
 16980,  0.702,  0.197,  1.076,  0.203,  0.353,  5.762
 17040,  0.726,  0.095,  1.091,  0.189,  0.468,  5.644
 17100,  0.718,  0.173,  1.160,  0.181,  0.395,  4.784
 17160,  0.582,  0.090,  1.069,  0.180,  0.542,  5.665
 17220,  0.612,  0.093,  1.140,  0.152,  0.430,  5.493
 17280,  0.836,  0.148,  1.135,  0.180,  0.474,  7.460
 17340,  0.737,  0.175,  1.308,  0.204,  0.554, 13.797
 17400,  0.665,  0.051,  0.972,  0.147,  0.348,  6.851
 17460,  0.865,  0.094,  1.304,  0.234,  0.357, 15.332
 17520,  0.728,  0.117,  1.320,  0.328,  0.453, 11.643
 17580,  0.732,  0.124,  1.282,  0.211,  0.371, 12.508
 17640,  0.600,  0.278,  1.339,  0.207,  0.329, 16.154
 17700,  0.605,  0.124,  1.108,  0.207,  0.297,  7.386
 17760,  0.625,  0.022,  1.213,  0.254,  0.333, 14.468
 17820,  0.738,  0.250,  1.436,  0.230,  0.384, 19.304
 17880,  0.761,  0.163,  1.124,  0.215,  0.347,  9.232
 17940,  0.881, -0.153,  1.101,  0.162,  0.235,  4.328
 18000,  0.653, -0.033,  0.843,  0.068,  0.282,  3.593
 18060,  0.698,  0.074,  1.154,  0.139,  0.266,  5.787
 18120,  0.608,  0.099,  1.068,  0.221,  0.304, 12.206
 18180,  0.585,  0.145,  1.083,  0.192,  0.274,  8.969
 18240,  0.667,  0.086,  1.069,  0.273,  0.382,  8.070
 18300,  0.761,  0.109,  1.400,  0.295,  0.334,  6.841
 18360,  0.640,  0.009,  1.436,  0.320,  0.468, 10.449
 18420,  0.664,  0.070,  1.491,  0.292,  0.357,  4.912
 18480,  0.753,  0.159,  1.411,  0.264,  0.385,  9.269
 18540,  0.603,  0.227,  1.400,  0.244,  0.502, 17.480
 18600,  0.851,  0.054,  1.164,  0.198,  0.386,  7.114
 18660,  0.685,  0.065,  1.257,  0.205,  0.409,  8.570
 18720,  0.663,  0.031,  1.164,  0.330,  0.346,  8.408
 18780,  0.700,  0.121,  1.176,  0.264,  0.394,  8.031
 18840,  0.788,  0.124,  1.220,  0.307,  0.373, 10.461
 18900,  0.640,  0.012,  1.313,  0.213,  0.280,  9.316
 18960,  0.612,  0.008,  1.142,  0.165,  0.322,  7.259
 19020,  0.672,  0.172,  0.893,  0.139,  0.236,  5.624
 19080,  0.546,  0.080,  1.165,  0.233,  0.366,  9.330
 19140,  0.531,  0.098,  0.950,  0.174,  0.263,  6.663
 19200,  0.587,  0.184,  1.120,  0.132,  0.345, 17.030
 19260,  0.509,  0.058,  1.002,  0.112,  0.299,  8.823
 19320,  0.511,  0.149,  1.198,  0.158,  0.385, 19.794
 19380,  0.649,  0.161,  1.105,  0.144,  0.354, 11.820
 19440,  0.605,  0.026,  0.883,  0.131,  0.251,  2.888
 19500,  0.726,  0.069,  0.926,  0.146,  0.282,  6.901
 19560,  0.703,  0.023,  1.028,  0.162,  0.334,  4.843
 19620,  0.706,  0.084,  1.136,  0.155,  0.357,  4.354
 19680,  0.733,  0.019,  1.182,  0.120,  0.349,  3.602
 19740,  0.596,  0.047,  1.179,  0.143,  0.287,  3.900
 19800, -9999.000, -9999.000, -9999.000, -9999.000, -9999.000, -9999.000
 19860,  0.545,  0.040,  1.379,  0.173,  0.251,  5.084
 19920,  0.587,  0.127,  1.514,  0.207,  0.326,  7.637
 19980,  0.492,  0.018,  1.500,  0.181,  0.330,  8.080
 20040,  0.468,  0.042,  1.501,  0.231,  0.329,  5.751
 20100,  0.709,  0.010,  1.480,  0.234,  0.378,  7.717
 20160,  0.442,  0.167,  1.550,  0.263,  0.380, 11.928
 20220,  0.640,  0.073,  1.692,  0.299,  0.416, 16.947
 20280,  0.589,  0.175,  1.895,  0.374,  0.627, 29.979
 20340,  0.620,  0.076,  1.726,  0.366,  0.471, 18.201
 20400,  0.536,  0.180,  1.592,  0.269,  0.412, 16.906
 20460,  0.589,  0.040,  1.241,  0.202,  0.328, 10.660
 20520,  0.457,  0.046,  0.894,  0.132,  0.246,  5.723
 20580,  0.529,  0.081,  1.005,  0.200,  0.488, 11.641
 20640,  0.546,  0.136,  0.913,  0.133,  0.411, 10.408
 20700,  0.629,  0.085,  0.899,  0.127,  0.269,  7.474
 20760,  0.438,  0.102,  0.880,  0.129,  0.350,  6.569
 20820,  0.423,  0.129,  1.006,  0.146,  0.244,  7.345
 20880,  0.453, -0.000,  0.819,  0.095,  0.173,  3.329
 20940,  0.683,  0.012,  0.889,  0.121,  0.247,  6.033
 21000,  0.482,  0.061,  0.854,  0.122,  0.132,  3.845
 21060,  0.599,  0.105,  0.966,  0.164,  0.256,  7.885
 21120,  0.462,  0.011,  0.904,  0.132,  0.230,  3.745
 21180,  0.404,  0.040,  0.613,  0.051,  0.180,  2.433
 21240,  0.488,  0.168,  0.777,  0.106,  0.251,  8.161
 21300,  0.544,  0.114,  0.711,  0.119,  0.123,  3.688
 21360,  0.489,  0.131,  1.028,  0.150,  0.351, 12.290
 21420,  0.459,  0.123,  1.054,  0.107,  0.121,  3.816
 21480,  0.490,  0.169,  0.811,  0.117,  0.270,  4.455
 21540,  0.606,  0.009,  0.847,  0.064,  0.200,  3.909
 21600,  0.407,  0.125,  0.821,  0.065,  0.200,  2.740
 21660,  1.230, -0.172,  0.681,  0.144,  0.407,  3.926
 21720,  0.504,  0.001,  0.705,  0.056,  0.127,  3.257
 21780,  0.430, -0.058,  0.808,  0.068,  0.180,  4.785
 21840,  0.430,  0.035,  0.851,  0.086,  0.166,  3.159
 21900,  0.538,  0.020,  0.711,  0.050,  0.138,  3.133
 21960,  0.495, -0.001,  0.927,  0.069,  0.132,  3.002
 22020,  0.674,  0.046,  0.761,  0.088,  0.089,  3.265
 22080,  0.569,  0.011,  0.798,  0.057,  0.171,  2.838
 22140,  0.427, -0.028,  0.678,  0.090,  0.133,  2.839
 22200,  0.523,  0.057,  0.798,  0.114,  0.170,  3.076
 22260,  0.505, -0.004,  0.748,  0.119,  0.123,  3.070
 22320,  0.573,  0.047,  0.781,  0.090,  0.168,  3.029
 22380,  0.599,  0.029,  0.910,  0.099,  0.221,  3.449
 22440,  0.562,  0.042,  0.831,  0.085,  0.188,  3.352
 22500,  0.661, -0.039,  0.766,  0.098,  0.165,  3.450
 22560,  0.582,  0.017,  0.810,  0.086,  0.188,  3.586
 22620,  0.477,  0.063,  0.815,  0.091,  0.171,  3.055
 22680,  0.539,  0.054,  0.829,  0.104,  0.167,  2.854
 22740,  0.696, -0.041,  0.921,  0.085,  0.218,  3.282
 22800,  0.544,  0.080,  0.865,  0.095,  0.183,  3.064
 22860,  0.524,  0.022,  0.681,  0.085,  0.169,  2.539
 22920,  0.650, -0.002,  0.710,  0.063,  0.116,  2.210
 22980,  0.564,  0.023,  0.731,  0.110,  0.189,  2.079
 23040,  0.588, -0.001,  0.679,  0.077,  0.170,  1.647
 23100,  0.678, -0.008,  0.693,  0.077,  0.188,  1.687
 23160,  0.714,  0.029,  0.765,  0.063,  0.189,  1.664
 23220,  0.695,  0.063,  0.663,  0.048,  0.146,  1.673
 23280,  0.850, -0.002,  0.727,  0.088,  0.201,  2.168
 23340,  0.709,  0.021,  0.774,  0.073,  0.226,  2.089
 23400,  0.726,  0.063,  0.697,  0.088,  0.192,  2.115
 23460,  0.987, -0.123,  0.545,  0.047,  0.177,  2.117
 23520, -9999.000, -9999.000, -9999.000, -9999.000, -9999.000, -9999.000
 23580,  0.761, -0.001,  0.664,  0.100,  0.172,  2.326
 23640,  0.705,  0.076,  0.673,  0.074,  0.218,  1.965
 23700,  0.762, -0.061,  0.623,  0.093,  0.248,  2.120
 23760,  0.747,  0.052,  0.766,  0.103,  0.231,  2.138
 23820,  0.726,  0.089,  0.642,  0.102,  0.165,  2.023
 23880,  0.720, -0.054,  0.742,  0.119,  0.166,  2.193
 23940,  0.777, -0.033,  0.716,  0.086,  0.208,  2.199
 24000,  0.804,  0.027,  0.747,  0.084,  0.231,  2.507
 24060,  0.534,  0.024,  0.624,  0.095,  0.179,  2.031
 24120,  0.693,  0.017,  0.565,  0.087,  0.152,  1.797
 24180,  0.748,  0.052,  0.825,  0.091,  0.154,  2.670
 24240,  0.702,  0.006,  0.869,  0.083,  0.217,  2.266
 24300,  0.742,  0.052,  0.614,  0.094,  0.137,  1.832
 24360,  0.645, -0.012,  0.578,  0.079,  0.140,  1.509
 24420,  0.749, -0.071,  0.602,  0.099,  0.154,  1.633
 24480,  0.541,  0.019,  0.594,  0.063,  0.091,  1.639
 24540,  0.587,  0.044,  0.563,  0.059,  0.201,  1.776
 24600,  0.608, -0.043,  0.596,  0.078,  0.154,  1.576
 24660,  0.696,  0.043,  0.565,  0.071,  0.148,  2.159
 24720,  0.676,  0.051,  0.651,  0.091,  0.143,  2.477
 24780,  0.691, -0.016,  0.474,  0.075,  0.128,  2.122
 24840,  0.573,  0.059,  0.743,  0.076,  0.185,  2.566
 24900,  0.691,  0.000,  0.734,  0.089,  0.123,  2.662
 24960,  0.942,  0.237,  0.811,  0.093,  0.164,  2.385
 25020,  0.543,  0.081,  0.681,  0.096,  0.180,  2.635
 25080,  0.628, -0.044,  0.764,  0.110,  0.157,  2.810
 25140,  0.777,  0.072,  0.563,  0.059,  0.123,  2.516
 25200,  0.636,  0.035,  0.619,  0.109,  0.121,  2.432
 25260,  0.772,  0.017,  0.699,  0.086,  0.175,  3.851
 25320,  0.729,  0.037,  0.604,  0.073,  0.176,  4.099
 25380,  0.707, -0.072,  0.739,  0.107,  0.222,  5.017
 25440,  0.524,  0.058,  0.731,  0.080,  0.103,  4.094
 25500,  0.710,  0.133,  0.778,  0.103,  0.181,  5.504
 25560,  0.599, -0.002,  0.793,  0.094,  0.167,  3.980
 25620,  0.638, -0.041,  0.623,  0.131,  0.223,  3.988
 25680,  0.725,  0.082,  0.650,  0.089,  0.166,  2.264
 25740,  0.682,  0.166,  0.726,  0.105,  0.192,  4.693
 25800,  0.678,  0.176,  0.667,  0.078,  0.123,  4.772
 25860,  0.600,  0.001,  0.565,  0.073,  0.110,  2.856
 25920,  0.702, -0.034,  0.611,  0.071,  0.166,  3.355
 25980,  0.652, -0.054,  0.528,  0.051,  0.094,  2.284
 26040,  0.644,  0.145,  0.674,  0.062,  0.177,  3.988
 26100,  0.606,  0.065,  0.648,  0.110,  0.178,  3.950
 26160,  0.796,  0.017,  0.655,  0.096,  0.236,  4.315
 26220,  0.650,  0.047,  0.591,  0.073,  0.140,  2.511
 26280,  0.691,  0.036,  0.659,  0.091,  0.156,  2.727
 26340,  0.631,  0.029,  0.589,  0.083,  0.193,  3.444
 26400,  0.608,  0.079,  0.695,  0.065,  0.132,  2.379
 26460,  0.768,  0.074,  0.661,  0.087,  0.135,  3.898
 26520,  0.602,  0.007,  0.646,  0.076,  0.137,  2.238
 26580,  0.669,  0.057,  0.626,  0.089,  0.082,  1.952
 26640,  0.629, -0.048,  0.616,  0.077,  0.126,  2.152
 26700,  0.558, -0.046,  0.659,  0.096,  0.200,  1.541
 26760,  0.654,  0.005,  0.635,  0.077,  0.094,  1.822
 26820,  0.669,  0.007,  0.688,  0.087,  0.145,  2.729
 26880,  0.617, -0.038,  0.642,  0.075,  0.108,  1.887
 26940,  0.509, -0.030,  0.722,  0.090,  0.151,  2.008
 27000,  0.679,  0.031,  0.661,  0.094,  0.159,  2.397
 27060,  0.531, -0.088,  0.613,  0.098,  0.130,  1.826
 27120,  0.583,  0.113,  0.594,  0.071,  0.096,  1.892
 27180, -9999.000, -9999.000, -9999.000, -9999.000, -9999.000, -9999.000
 27240,  0.667,  0.162,  0.416,  0.048,  0.137,  1.835
 27300,  0.527, -0.079,  0.511,  0.065,  0.102,  1.500
 27360,  0.631,  0.056,  0.667,  0.088,  0.147,  1.915
 27420,  0.632,  0.023,  0.627,  0.099,  0.133,  2.227
 27480,  0.654,  0.033,  0.680,  0.077,  0.130,  2.510
 27540,  0.663,  0.039,  0.814,  0.129,  0.119,  2.679
 27600,  0.794,  0.016,  1.146,  0.317,  0.191,  4.601
 27660,  0.726,  0.036,  1.173,  0.458,  0.182,  5.586
 27720,  0.895,  0.079,  1.343,  0.549,  0.243,  6.741
 27780,  0.646,  0.036,  1.370,  0.701,  0.247,  6.374
 27840,  0.808,  0.070,  1.472,  0.648,  0.214,  7.300
 27900,  0.692,  0.050,  1.517,  0.647,  0.202,  7.233
 27960,  0.654,  0.095,  1.459,  0.709,  0.220,  6.870
 28020,  0.701,  0.181,  1.194,  0.607,  0.197,  6.739
 28080,  0.741,  0.105,  1.443,  0.618,  0.192,  6.951
 28140,  0.631,  0.073,  1.496,  0.662,  0.204,  8.149
 28200,  0.617,  0.164,  1.558,  0.634,  0.237,  8.992
 28260,  0.626,  0.068,  1.459,  0.633,  0.291,  9.429
 28320,  0.735,  0.094,  1.340,  0.754,  0.256,  8.513
 28380,  0.659,  0.156,  1.394,  0.814,  0.283,  8.183
 28440,  0.584,  0.220,  1.457,  0.722,  0.244,  8.103
 28500,  0.694,  0.153,  1.440,  0.665,  0.266,  7.872
 28560,  0.703,  0.267,  1.424,  0.754,  0.201,  8.036
 28620,  0.713,  0.186,  1.396,  0.744,  0.225,  7.582
 28680,  0.557,  0.237,  1.487,  0.680,  0.233,  7.941
 28740,  0.743,  0.200,  1.532,  0.646,  0.250,  7.729
 28800,  0.678,  0.189,  1.464,  0.659,  0.225,  7.959
 28860,  0.659,  0.252,  1.539,  0.696,  0.249,  8.176
 28920,  0.732,  0.207,  1.551,  0.780,  0.222,  8.741
 28980,  0.833,  0.339,  1.547,  0.863,  0.284,  9.188
 29040, -9999.000, -9999.000, -9999.000, -9999.000, -9999.000, -9999.000
 29100,  0.696,  0.169,  1.631,  0.807,  0.261,  8.915
 29160,  0.653,  0.218,  1.571,  0.869,  0.238,  8.542
 29220,  0.747,  0.215,  1.572,  0.822,  0.267,  8.208
 29280,  0.636,  0.178,  1.512,  0.738,  0.210,  7.730
 29340,  0.734,  0.342,  1.443,  0.713,  0.227,  8.050
 29400,  0.633,  0.165,  1.350,  0.714,  0.248,  7.139
 29460,  0.732,  0.179,  1.224,  0.550,  0.248,  6.094
 29520,  0.735,  0.291,  0.887,  0.556,  0.158,  4.569
 29580,  0.756,  0.125,  1.166,  0.562,  0.184,  4.744
 29640,  0.628,  0.162,  1.104,  0.492,  0.144,  4.544
 29700,  0.542,  0.151,  1.118,  0.519,  0.247,  5.270
 29760,  0.663,  0.108,  1.270,  0.541,  0.247,  5.354
 29820,  0.476,  0.124,  1.174,  0.541,  0.224,  5.595
 29880,  0.751,  0.214,  1.261,  0.472,  0.269,  4.968
 29940,  0.642,  0.200,  1.157,  0.559,  0.203,  4.877
 30000,  0.481,  0.238,  1.327,  0.378,  0.290,  5.648
 30060,  0.650,  0.177,  1.300,  0.497,  0.296,  5.961
 30120,  0.668,  0.046,  1.371,  0.489,  0.325,  6.802
 30180,  0.709,  0.154,  1.389,  0.592,  0.377,  7.673
 30240,  0.688,  0.062,  1.366,  0.608,  0.267,  7.107
 30300,  0.512,  0.140,  1.227,  0.711,  0.287,  5.917
 30360,  0.563,  0.229,  1.327,  0.807,  0.319,  6.093
 30420,  0.479,  0.042,  1.314,  0.687,  0.264,  6.569
 30480,  0.573,  0.175,  1.395,  0.737,  0.303,  6.663
 30540,  0.769,  0.171,  1.168,  0.612,  0.355,  6.465
 30600,  0.762,  0.101,  1.440,  0.645,  0.291,  6.593
 30660,  0.676,  0.067,  1.399,  0.650,  0.322,  7.495
 30720,  0.456,  0.262,  1.427,  0.563,  0.307,  6.611
 30780,  0.559,  0.124,  1.388,  0.677,  0.387,  7.082
 30840,  0.479, -0.002,  1.589,  0.687,  0.446,  7.151
 30900, -9999.000, -9999.000, -9999.000, -9999.000, -9999.000, -9999.000
 30960,  0.640,  0.058,  1.632,  0.939,  0.363,  7.589
 31020,  0.748,  0.227,  1.542,  1.073,  0.419,  8.105
 31080,  0.855,  0.227,  1.886,  1.213,  0.461,  8.237
 31140,  0.651,  0.128,  1.821,  1.119,  0.487,  8.446
 31200,  0.841,  0.036,  1.812,  1.319,  0.483,  8.428
 31260,  0.885,  0.103,  1.983,  1.394,  0.512,  8.987
 31320,  0.782,  0.216,  2.004,  1.496,  0.499,  8.227
 31380,  0.822,  0.165,  1.782,  1.621,  0.453,  7.671
 31440,  0.921,  0.133,  1.830,  1.933,  0.582,  7.623
 31500,  0.832,  0.108,  1.999,  1.595,  0.493,  7.612
 31560,  0.820,  0.075,  1.865,  1.616,  0.490,  7.620
 31620,  0.761,  0.056,  1.786,  1.539,  0.568,  8.031
 31680,  0.774,  0.010,  1.804,  1.524,  0.589,  8.151
 31740,  0.586,  0.168,  1.809,  1.414,  0.530,  8.036
 31800,  0.761,  0.124,  1.696,  1.319,  0.365,  9.160
 31860,  0.535,  0.125,  1.731,  1.217,  0.386,  9.529
 31920,  0.666,  0.031,  1.727,  1.023,  0.328,  9.992
 31980,  0.549,  0.195,  1.734,  1.127,  0.299, 10.054
 32040,  0.481,  0.075,  1.564,  1.028,  0.338, 10.302
 32100,  0.530, -0.015,  1.522,  0.946,  0.332, 10.711
 32160,  0.704,  0.016,  1.466,  0.864,  0.323, 10.180
 32220,  0.531,  0.045,  1.446,  0.997,  0.279, 10.345
 32280,  0.575,  0.009,  1.542,  0.984,  0.284,  9.902
 32340,  0.602,  0.043,  1.699,  1.089,  0.352, 10.413
 32400,  0.617,  0.012,  1.721,  1.167,  0.451, 10.006
 32460,  0.606,  0.008,  1.703,  1.270,  0.442, 10.571
 32520,  0.642,  0.000,  1.653,  1.352,  0.353,  9.012
 32580,  0.612,  0.046,  1.779,  1.480,  0.483, 10.309
 32640,  0.535,  0.019,  1.797,  1.547,  0.572, 12.719
 32700,  0.716, -0.042,  1.961,  1.631,  0.534, 13.319
 32760,  0.442,  0.006,  1.670,  1.628,  0.530, 10.241
 32820,  0.643, -0.020,  1.619,  1.481,  0.378,  9.024
 32880,  0.588,  0.026,  1.543,  1.370,  0.403,  9.002
 32940,  0.682, -0.020,  1.651,  1.566,  0.429,  9.623
 33000,  0.929,  0.050,  1.800,  1.726,  0.374,  9.584
 33060,  0.764, -0.074,  1.715,  1.579,  0.457,  8.945
 33120,  0.621, -0.039,  1.564,  1.497,  0.403,  8.411
 33180,  0.760, -0.035,  1.523,  1.639,  0.459,  9.215
 33240,  0.640,  0.117,  1.470,  1.673,  0.412,  9.535
 33300,  0.647, -0.045,  1.561,  1.372,  0.432,  7.617
 33360,  0.524,  0.130,  1.557,  1.452,  0.461,  8.863
 33420,  0.652,  0.053,  1.545,  1.325,  0.376,  7.922
 33480,  0.517,  0.024,  1.563,  1.270,  0.375,  8.215
