CampaignData_and_Merges/R0/CSL_MobileLab_Parked/raw/20240803/USOS-PTR_MobileLabGround_20240803_R0.ict
58, 1001
Matthew Coggon, Kelvin Bates, Chelsea Stockwell, Carsten Warneke
NOAA ESRL Chemical Sciences Division
NOAA PTR-ToF-MS
USOS
1,1 
2024, 08, 03, 2025, 09, 19
0
Time_Start, seconds, number of seconds from 00:00 UTC 
22
1, 1, 1, 1, 1, 1, 1, 1, 1, 1, 1, 1, 1, 1, 1, 1, 1, 1, 1, 1, 1, 1
-9999, -9999, -9999, -9999, -9999, -9999, -9999, -9999, -9999, -9999, -9999, -9999, -9999, -9999, -9999, -9999, -9999, -9999, -9999, -9999, -9999, -9999
CH3OH_NOAAPTR_ppbv,  ppbv, Gas_CH3OH_InSitu_S_AVMR, (CH3OH) methanol
CH3CN_NOAAPTR_ppbv,  ppbv, Gas_CH3CN_InSitu_S_AVMR, (CH3CN) acetonitrile
CH3CHO_NOAAPTR_ppbv,  ppbv, Gas_CH3CHO_InSitu_S_AVMR, (CH3CHO) acetaldehyde plus contributions from ethylene glycol and ethylene oxide. Interference from ethanol has been subtracted out.
C2H5OH_NOAAPTR_ppbv,  ppbv, Gas_C2H5OH_InSitu_S_AVMR, (C2H5OH) ethanol
CH3SH_NOAAPTR_ppbv,  ppbv, Gas_CH3SH_InSitu_S_AVMR, (CH3SH) methanethiol, using calibration factor for DMS
Acrolein_NOAAPTR_ppbv,  ppbv, Gas_Acrolein_InSitu_S_AVMR, (C3H4O) acrolein
AcetonePropanal_NOAAPTR_ppbv,  ppbv, Gas_AcetoneAndPropanal_InSitu_S_AVMR, (C3H6O) sum of acetone (dominant isomer) and propanal, using calibration factor for acetone
DMS_NOAAPTR_ppbv,  ppbv, Gas_DMS_InSitu_S_AVMR, (C2H6S) dimethyl sulfide with possible small contributions from ethanethiol
C5H8_NOAAPTR_ppbv,  ppbv, Gas_Isoprene_InSitu_S_AVMR, (C5H8) isoprene and possible fragments from cycloalkanes and aldehydes. Interferences have been subtracted following methods described by Coggon et al (2023)
MVKMAC_NOAAPTR_ppbv,  ppbv, Gas_MVKAndMAC_InSitu_S_AVMR, (C4H6O) sum of methyl vinyl ketone, methacrolein, and small amounts of crotonaldehyde, using weighted calibration factor for MVK (0.637) and MACR (0.363)
Benzene_NOAAPTR_ppbv,  ppbv, Gas_Benzene_InSitu_S_AVMR, (C6H6) benzene
Toluene_NOAAPTR_ppbv,  ppbv, Gas_Toluene_InSitu_S_AVMR, (C7H8) toluene with possible small contributions of fragments from ethyltoluene
Styrene_NOAAPTR_ppbv,  ppbv, Gas_Styrene_InSitu_S_AVMR, (C8H8) styrene
Benzaldehyde_NOAAPTR_ppbv,  ppbv, Gas_Benzaldehyde_InSitu_S_AVMR, (C7H6O) benzaldehyde
C8Aromatics_NOAAPTR_ppbv,  ppbv, Gas_C8Aromatics_InSitu_M_AVMR, (C8H10) sum of m-xylene, p-xylene, o-xylene, and ethyl benzene
C9Aromatics_NOAAPTR_ppbv,  ppbv, Gas_C9Aromatics_InSitu_M_AVMR, (C9H12) sum of C9 aromatics
Naphthalene_NOAAPTR_ppbv,  ppbv, Gas_Naphthalene_InSitu_S_AVMR, (C10H8) naphthalene
Octanal_NOAAPTR_ppbv,  ppbv, Gas_Octanal_InSitu_S_AVMR, (C8H16O) octanal and small amounts of octanone
Monoterpenes_NOAAPTR_ppbv,  ppbv, Gas_Monoterpenes_InSitu_M_AVMR, (C10H16) sum of monoterpenes and possible contributions from fragments of oxygenated monoterpenoids such as eucalyptol.
Nonanal_NOAAPTR_ppbv,  ppbv, Gas_Nonanal_InSitu_M_AVMR, (C9H18O) nonanal and small amounts of nonanone
C7H4ClF3_NOAAPTR_ppbv,  ppbv, Gas_C7H4ClF3_InSitu_S_AVMR, (C7H4ClF3) parachlorobenzotrifluoride
C10H30O5Si5_NOAAPTR_ppbv,  ppbv, Gas_C10H30O5Si5_InSitu_S_AVMR, (C10H30O5Si5) decamethylcyclopentasiloxane
1
SPECIAL COMMENTS:N/A
21
PI_CONTACT_INFO: NOAA ESRL Chemical Sciences Division, Tropospheric Chemistry Group. 325 Broadway, R/CSD7, Boulder, CO 80305
PLATFORM: Mobile Laboratory.
LOCATION: Salt Lake City, UT
ASSOCIATED_DATA: N/A
INSTRUMENT_INFO: NOAA PTR-ToF-MS measurements on NOAA CSL Mobile Lab
DATA_INFO: Units: ppbv
UNCERTAINTY: See OTHER_COMMENTS
ULOD_FLAG: -7777
ULOD_VALUE: N/A
LLOD_FLAG: -8888
LLOD_VALUE: N/A.
DM_CONTACT_INFO: Data Managers: Matt Coggon, Kelvin Bates, Chelsea Stockwell; email: matthew.m.coggon@noaa.gov and kelvin.bates@colorado.edu
PROJECT_INFO: USOS Deployment July-August, 2024
STIPULATIONS_ON_USE: Use of these data require prior OK from PI.
OTHER_COMMENTS: Uncertainties:
CH3OH_NOAAPTR_ppbv:30%; CH3CN_NOAAPTR_ppbv:30%; CH3CHO_NOAAPTR_ppbv:30%; C2H5OH_NOAAPTR_ppbv:30%; CH3SH_NOAAPTR_ppbv:50%; Acrolein_NOAAPTR_ppbv:30%; AcetonePropanal_NOAAPTR_ppbv:30%; DMS_NOAAPTR_ppbv:30%; C5H8_NOAAPTR_ppbv:30%; MVKMAC_NOAAPTR_ppbv:30%; 
Benzene_NOAAPTR_ppbv:30%; Toluene_NOAAPTR_ppbv:30%; Styrene_NOAAPTR_ppbv:30%; Benzaldehyde_NOAAPTR_ppbv:30%; C8Aromatics_NOAAPTR_ppbv:30%; C9Aromatics_NOAAPTR_ppbv:30%; Naphthalene_NOAAPTR_ppbv:30%; Octanal_NOAAPTR_ppbv:30%; Monoterpenes_NOAAPTR_ppbv:30%; Nonanal_NOAAPTR_ppbv:30%; 
C7H4ClF3_NOAAPTR_ppbv:30%; C10H30O5Si5_NOAAPTR_ppbv:30%; 
REVISION: R0
R0: Calibrated PTR Data. See individual species comments for details about measurement uncertainties
Time_Start, CH3OH_NOAAPTR_ppbv, CH3CN_NOAAPTR_ppbv, CH3CHO_NOAAPTR_ppbv, C2H5OH_NOAAPTR_ppbv, CH3SH_NOAAPTR_ppbv, Acrolein_NOAAPTR_ppbv, AcetonePropanal_NOAAPTR_ppbv, DMS_NOAAPTR_ppbv, C5H8_NOAAPTR_ppbv, MVKMAC_NOAAPTR_ppbv, Benzene_NOAAPTR_ppbv, Toluene_NOAAPTR_ppbv, Styrene_NOAAPTR_ppbv, Benzaldehyde_NOAAPTR_ppbv, C8Aromatics_NOAAPTR_ppbv, C9Aromatics_NOAAPTR_ppbv, Naphthalene_NOAAPTR_ppbv, Octanal_NOAAPTR_ppbv, Monoterpenes_NOAAPTR_ppbv, Nonanal_NOAAPTR_ppbv, C7H4ClF3_NOAAPTR_ppbv, C10H30O5Si5_NOAAPTR_ppbv
    0.0, 8.89912, 0.33991, 1.56603, 2.65560, 0.00079, 0.25054, 4.35363, 0.02155, 0.47084, 0.60435, 0.07998, 0.24216, 0.01382, -0.04055, 0.10829, 0.03636, -0.00564, 0.02662, 0.47631, 0.04721, 0.01309, 0.00392 
   60.0, 9.25814, 0.34351, 1.63731, 2.90169, 0.00341, 0.22160, 4.33214, 0.01244, 0.64293, 0.58745, 0.14135, 0.26556, 0.01104, -0.01037, 0.09925, 0.03664, -0.00964, 0.03963, 0.34540, 0.05293, 0.00696, 0.00494 
  120.0, 8.58820, 0.31453, 1.35016, 2.04013, 0.00296, 0.20915, 4.11959, 0.00948, 0.40573, 0.57666, 0.08554, 0.19697, -0.00231, -0.02443, 0.06727, 0.04112, -0.00695, 0.04370, 0.25352, 0.06028, 0.00613, 0.00553 
  180.0, 7.30111, 0.35612, 1.29070, 1.78517, 0.00267, 0.17952, 4.01846, 0.02361, 0.39556, 0.56133, 0.10047, 0.18103, 0.00613, -0.01756, 0.06399, 0.02504, -0.00964, 0.02205, 0.18905, 0.03360, 0.00374, 0.00345 
  240.0, 8.43902, 0.33298, 1.41522, 1.96846, -0.00086, 0.21452, 4.18368, 0.00555, 0.42519, 0.54664, 0.11118, 0.24367, 0.02023, -0.01772, 0.12858, 0.06289, -0.00460, 0.02796, 0.22685, 0.02295, 0.00903, 0.00583 
  300.0, 9.32850, 0.31702, 1.58665, 3.66163, 0.00575, 0.23145, 4.22020, 0.01349, 0.44745, 0.58603, 0.19164, 0.72314, 0.03085, -0.00839, 0.20362, 0.06708, 0.00341, 0.04983, 0.21347, 0.06795, 0.00466, 0.00466 
  360.0, 8.76754, 0.33362, 1.45716, 5.64562, 0.00176, 0.22713, 4.14586, 0.02053, 0.45606, 0.56900, 0.29755, 1.72695, 0.03321, -0.03082, 0.35275, 0.11123, -0.00615, 0.03171, 0.14330, 0.07207, 0.01445, 0.00218 
  420.0, 8.58923, 0.33323, 1.64053, 3.24238, 0.00735, 0.32158, 4.24305, 0.00307, 0.37259, 0.54154, 0.16435, 0.17698, 0.01045, -0.00377, 0.07158, 0.02812, 0.00127, 0.03095, 0.22065, 0.03620, 0.00631, 0.00326 
  480.0, 8.01675, 0.32810, 1.22560, 1.92739, 0.00306, 0.22473, 4.10313, 0.02457, 0.33878, 0.52574, 0.09683, 0.16051, 0.00630, -0.02793, 0.05723, 0.01610, -0.00295, 0.02965, 0.17721, 0.05665, 0.00897, 0.00404 
  540.0, 7.45323, 0.32914, 1.26085, 1.69648, 0.00362, 0.18137, 4.04655, 0.01547, 0.38282, 0.50620, 0.10425, 0.17114, 0.00791, -0.01643, 0.06489, 0.03356, -0.00964, 0.01714, 0.12649, 0.03273, 0.01274, 0.00190 
  600.0, 7.70325, 0.32792, 1.26042, 2.06857, 0.00156, 0.20118, 4.02049, 0.01175, 0.37048, 0.53628, 0.07935, 0.19462, 0.00456, -0.04055, 0.06573, 0.03058, -0.00964, 0.02293, 0.15218, 0.03282, 0.00414, 0.00141 
  660.0, 9.04271, 0.33369, 1.50974, 3.54946, 0.00247, 0.21928, 4.26461, 0.01502, 0.48035, 0.54593, 0.11447, 0.20678, 0.01138, -0.02320, 0.08400, 0.02794, -0.00867, 0.01522, 0.28133, 0.04551, 0.00663, 0.00194 
  720.0, 10.08045, 0.33866, 1.99395, 3.82281, 0.01092, 0.35642, 4.60769, 0.01076, 0.58300, 0.61699, 0.14808, 0.24215, -0.00156, -0.00405, 0.09754, 0.03886, -0.00273, 0.05000, 0.30419, 0.08017, 0.00724, 0.00406 
  780.0, 9.46634, 0.34076, 1.72297, 2.81243, 0.00480, 0.34929, 4.37370, 0.02239, 0.50493, 0.58335, 0.10618, 0.26275, 0.00479, -0.01211, 0.09738, 0.05298, -0.00772, 0.04696, 0.33934, 0.08888, 0.00204, 0.00359 
  840.0, 9.27571, 0.35236, 1.56082, 2.58751, 0.00365, 0.26848, 4.22945, 0.01794, 0.55733, 0.58608, 0.13484, 0.17127, 0.01578, -0.02482, 0.07375, 0.03565, 0.00454, 0.05059, 0.32945, 0.09450, 0.00884, 0.00431 
  900.0, 8.23066, 0.31527, 1.48127, 2.57385, 0.00044, 0.22508, 4.25208, 0.03089, 0.70601, 0.54331, 0.11341, 0.20122, -0.00643, -0.01604, 0.08673, 0.03815, 0.00245, 0.02458, 0.27403, 0.05483, 0.00785, 0.00725 
  960.0, 7.70962, 0.33196, 1.21283, 2.35093, -0.00084, 0.20618, 4.00275, 0.03085, 0.57599, 0.48788, 0.09532, 0.13221, 0.00236, -0.02528, 0.06521, 0.03064, -0.00149, 0.02021, 0.15834, 0.05436, 0.00531, 0.00507 
 1020.0, 7.44123, 0.32307, 1.22835, 2.48720, 0.00844, 0.20772, 3.99609, 0.02220, 0.52285, 0.50240, 0.06983, 0.16011, 0.00386, -0.02913, 0.07535, 0.03242, 0.00027, 0.02278, 0.15344, 0.03920, 0.00404, 0.00299 
 1080.0, 9.10030, 0.41402, 3.06377, 2.91081, 0.04115, 1.05081, 4.55877, 0.02340, 0.86466, 0.69383, 0.13499, 0.16658, 0.00626, -0.03760, 0.05723, 0.04194, -0.00280, 0.14897, 0.26389, 0.17641, 0.00525, 0.00280 
 1140.0, 8.15875, 0.32302, 1.49673, 2.14382, -0.00009, 0.22934, 4.18710, 0.02366, 0.73437, 0.51952, 0.07388, 0.15008, 0.00537, -0.04055, 0.06949, 0.02783, -0.00712, 0.04691, 0.19480, 0.09712, 0.00696, 0.00412 
 1200.0, 8.09034, 0.33777, 1.18362, 1.92938, 0.00167, 0.21253, 3.94307, 0.01482, 0.51356, 0.49367, 0.03166, 0.13427, -0.00310, -0.02181, 0.04509, 0.02550, -0.00305, 0.02932, 0.13283, 0.05315, 0.00823, 0.00032 
 1260.0, 7.50859, 0.33240, 1.43732, 2.38857, 0.00457, 0.21301, 4.16227, 0.01841, 0.57830, 0.50952, 0.09650, 0.17414, 0.01541, -0.01979, 0.07338, 0.02479, -0.00631, 0.04028, 0.26666, 0.05564, 0.00263, 0.00459 
 1320.0, 7.45745, 0.32628, 1.28464, 2.20536, 0.00137, 0.18188, 4.00432, 0.02105, 0.48817, 0.49362, 0.07496, 0.16057, 0.00859, -0.02638, 0.08050, 0.03028, -0.00752, 0.02508, 0.21373, 0.04715, 0.00440, 0.00599 
 1380.0, 7.47573, 0.33540, 1.19554, 1.79450, 0.00418, 0.20538, 4.03142, 0.01477, 0.51477, 0.48377, 0.06952, 0.12366, -0.00643, -0.04055, 0.05947, 0.03334, 0.00074, 0.02897, 0.17603, 0.04896, 0.00625, 0.00006 
 1440.0, 9.43588, 0.33634, 1.57944, 3.35594, 0.00482, 0.25425, 4.10967, 0.02083, 0.56636, 0.52326, 0.06302, 0.12967, 0.00177, -0.02933, 0.07148, 0.03486, 0.00624, 0.04714, 0.21570, 0.08331, 0.00164, 0.00324 
 1500.0, 8.48604, 0.34093, 1.32507, 2.16917, 0.00234, 0.21263, 4.11362, 0.01959, 0.48479, 0.51071, 0.08548, 0.14445, 0.00001, -0.03522, 0.06703, 0.02954, 0.00599, 0.03517, 0.30574, 0.05787, 0.00679, 0.00215 
 1560.0, 8.69995, 0.31876, 1.60023, 3.10959, 0.00705, 0.22010, 4.26815, 0.01194, 0.57806, 0.51222, 0.08483, 0.13921, -0.00643, -0.02302, 0.07744, 0.03850, 0.00422, 0.03259, 0.36937, 0.07032, 0.00892, 0.00854 
 1620.0, 8.01006, 0.31937, 1.49834, 2.67741, 0.00178, 0.20858, 4.22506, 0.00515, 0.68329, 0.55071, 0.11314, 0.19248, -0.00251, -0.03138, 0.08622, 0.04201, -0.00964, 0.04125, 0.18874, 0.05103, 0.00495, 0.00260 
 1680.0, 7.70832, 0.32643, 1.40484, 2.29081, 0.00117, 0.22407, 4.07438, 0.01837, 0.63653, 0.52010, 0.07768, 0.15173, 0.01695, -0.01057, 0.07365, 0.03270, -0.00964, 0.03036, 0.16041, 0.05044, 0.00128, 0.00282 
 1740.0, 8.15028, 0.32770, 1.34660, 2.52240, -0.00026, 0.20463, 4.14267, 0.01025, 0.67976, 0.54384, 0.08755, 0.16949, -0.00220, -0.02681, 0.08182, 0.03506, 0.00383, 0.03412, 0.19616, 0.03390, 0.00723, 0.00157 
 1800.0, 7.17937, 0.33874, 1.22829, 1.59389, 0.00060, 0.18613, 3.99720, 0.02201, 0.44476, 0.53270, 0.08069, 0.11332, -0.00643, -0.01362, 0.05891, 0.02479, -0.00621, 0.02295, 0.14492, 0.04932, 0.00801, 0.00024 
 1860.0, 8.36493, 0.34220, 1.37015, 2.11498, 0.00203, 0.19336, 4.03041, 0.02530, 0.60745, 0.52471, 0.07950, 0.17453, 0.00486, -0.00797, 0.07708, 0.03809, -0.00964, 0.04232, 0.24965, 0.07252, 0.00787, 0.00429 
 1920.0, 6.40775, 0.32753, 1.19618, 1.57849, 0.00587, 0.17183, 3.96276, 0.01984, 0.59668, 0.53040, 0.11409, 0.14663, 0.00643, -0.00946, 0.07877, 0.02440, 0.00785, 0.02326, 0.13486, 0.03010, 0.00161, 0.00252 
 1980.0, 7.55603, 0.33842, 1.15502, 1.66366, 0.00276, 0.14254, 3.99051, 0.01101, 0.45244, 0.49871, 0.11378, 0.13195, 0.02845, -0.00147, 0.06146, 0.02798, 0.00080, 0.02563, 0.12505, 0.02422, 0.00337, 0.00518 
 2040.0, 8.01751, 0.33924, 1.29005, 2.33082, 0.00112, 0.18855, 4.11745, 0.01079, 0.61905, 0.53801, 0.12123, 0.15999, 0.01096, -0.02656, 0.08697, 0.03457, 0.00410, 0.02895, 0.14240, 0.02949, 0.00242, 0.00359 
 2100.0, -9999.00000, -9999.00000, -9999.00000, -9999.00000, -9999.00000, -9999.00000, -9999.00000, -9999.00000, -9999.00000, -9999.00000, -9999.00000, -9999.00000, -9999.00000, -9999.00000, -9999.00000, -9999.00000, -9999.00000, -9999.00000, -9999.00000, -9999.00000, -9999.00000, -9999.00000 
 2160.0, -9999.00000, -9999.00000, -9999.00000, -9999.00000, -9999.00000, -9999.00000, -9999.00000, -9999.00000, -9999.00000, -9999.00000, -9999.00000, -9999.00000, -9999.00000, -9999.00000, -9999.00000, -9999.00000, -9999.00000, -9999.00000, -9999.00000, -9999.00000, -9999.00000, -9999.00000 
 2220.0, -9999.00000, -9999.00000, -9999.00000, -9999.00000, -9999.00000, -9999.00000, -9999.00000, -9999.00000, -9999.00000, -9999.00000, -9999.00000, -9999.00000, -9999.00000, -9999.00000, -9999.00000, -9999.00000, -9999.00000, -9999.00000, -9999.00000, -9999.00000, -9999.00000, -9999.00000 
 2280.0, -9999.00000, -9999.00000, -9999.00000, -9999.00000, -9999.00000, -9999.00000, -9999.00000, -9999.00000, -9999.00000, -9999.00000, -9999.00000, -9999.00000, -9999.00000, -9999.00000, -9999.00000, -9999.00000, -9999.00000, -9999.00000, -9999.00000, -9999.00000, -9999.00000, -9999.00000 
 2340.0, -9999.00000, -9999.00000, -9999.00000, -9999.00000, -9999.00000, -9999.00000, -9999.00000, -9999.00000, -9999.00000, -9999.00000, -9999.00000, -9999.00000, -9999.00000, -9999.00000, -9999.00000, -9999.00000, -9999.00000, -9999.00000, -9999.00000, -9999.00000, -9999.00000, -9999.00000 
 2400.0, -9999.00000, -9999.00000, -9999.00000, -9999.00000, -9999.00000, -9999.00000, -9999.00000, -9999.00000, -9999.00000, -9999.00000, -9999.00000, -9999.00000, -9999.00000, -9999.00000, -9999.00000, -9999.00000, -9999.00000, -9999.00000, -9999.00000, -9999.00000, -9999.00000, -9999.00000 
 2460.0, -9999.00000, -9999.00000, -9999.00000, -9999.00000, -9999.00000, -9999.00000, -9999.00000, -9999.00000, -9999.00000, -9999.00000, -9999.00000, -9999.00000, -9999.00000, -9999.00000, -9999.00000, -9999.00000, -9999.00000, -9999.00000, -9999.00000, -9999.00000, -9999.00000, -9999.00000 
 2520.0, -9999.00000, -9999.00000, -9999.00000, -9999.00000, -9999.00000, -9999.00000, -9999.00000, -9999.00000, -9999.00000, -9999.00000, -9999.00000, -9999.00000, -9999.00000, -9999.00000, -9999.00000, -9999.00000, -9999.00000, -9999.00000, -9999.00000, -9999.00000, -9999.00000, -9999.00000 
 2580.0, -9999.00000, -9999.00000, -9999.00000, -9999.00000, -9999.00000, -9999.00000, -9999.00000, -9999.00000, -9999.00000, -9999.00000, -9999.00000, -9999.00000, -9999.00000, -9999.00000, -9999.00000, -9999.00000, -9999.00000, -9999.00000, -9999.00000, -9999.00000, -9999.00000, -9999.00000 
 2640.0, -9999.00000, -9999.00000, -9999.00000, -9999.00000, -9999.00000, -9999.00000, -9999.00000, -9999.00000, -9999.00000, -9999.00000, -9999.00000, -9999.00000, -9999.00000, -9999.00000, -9999.00000, -9999.00000, -9999.00000, -9999.00000, -9999.00000, -9999.00000, -9999.00000, -9999.00000 
 2700.0, -9999.00000, -9999.00000, -9999.00000, -9999.00000, -9999.00000, -9999.00000, -9999.00000, -9999.00000, -9999.00000, -9999.00000, -9999.00000, -9999.00000, -9999.00000, -9999.00000, -9999.00000, -9999.00000, -9999.00000, -9999.00000, -9999.00000, -9999.00000, -9999.00000, -9999.00000 
 2760.0, 7.64594, 0.35432, 1.19788, 1.74364, 0.00285, 0.19946, 3.99864, 0.00160, 0.38355, 0.46621, 0.12556, 0.16099, 0.00051, 0.00258, 0.08194, 0.04353, 0.00257, 0.03536, 0.18365, 0.04104, 0.00219, 0.00378 
 2820.0, 7.57997, 0.34459, 1.35034, 2.16427, 0.00041, 0.20784, 4.08120, 0.01325, 0.45751, 0.45470, 0.10804, 0.21355, 0.01740, -0.02457, 0.11301, 0.05935, 0.00048, 0.03657, 0.16852, 0.06432, 0.00321, 0.00179 
 2880.0, 8.73483, 0.36202, 1.22062, 1.98716, 0.00542, 0.23009, 4.03092, 0.02193, 0.44132, 0.49808, 0.15176, 0.20628, 0.02122, -0.00094, 0.12502, 0.04456, 0.00661, 0.03404, 0.19568, 0.04834, 0.00307, 0.00859 
 2940.0, 6.91445, 0.33851, 1.16238, 2.20872, 0.00673, 0.22506, 3.89336, 0.01996, 0.51581, 0.48365, 0.09837, 0.15328, 0.02072, -0.00498, 0.08886, 0.04416, 0.00186, 0.03224, 0.16797, 0.04064, 0.00234, 0.00246 
 3000.0, 6.25028, 0.32535, 0.98078, 1.23598, 0.00098, 0.18270, 3.88998, 0.02248, 0.27351, 0.49848, 0.04809, 0.11993, 0.00736, -0.02049, 0.05449, 0.03124, -0.00406, 0.01377, 0.15804, 0.02115, 0.00395, 0.00229 
 3060.0, 8.20958, 0.33310, 1.06890, 1.81592, 0.00464, 0.18928, 3.94076, 0.02183, 0.35414, 0.49623, 0.09315, 0.11821, 0.00887, -0.02055, 0.06923, 0.03502, 0.00186, 0.04390, 0.11317, 0.03504, 0.00518, 0.00446 
 3120.0, 7.83370, 0.35453, 1.16596, 2.11663, 0.00469, 0.19400, 4.07648, 0.01808, 0.46889, 0.49766, 0.09978, 0.16179, -0.00632, -0.03250, 0.07915, 0.03657, -0.00692, 0.02538, 0.25114, 0.04312, 0.00709, 0.00523 
 3180.0, 8.78169, 0.32482, 1.35092, 2.38014, 0.00564, 0.22213, 4.03631, 0.02703, 0.52132, 0.53784, 0.08428, 0.18144, 0.02339, -0.03029, 0.09974, 0.03938, -0.00933, 0.03000, 0.19738, 0.06412, 0.00446, 0.00386 
 3240.0, 7.60434, 0.31974, 1.22240, 2.34054, -0.00003, 0.20860, 3.92917, 0.00164, 0.63389, 0.53044, 0.02684, 0.14093, -0.00274, -0.03949, 0.09379, 0.02755, -0.00901, 0.02096, 0.20411, 0.04527, 0.00255, 0.00414 
 3300.0, 9.02298, 0.33365, 1.37772, 2.45224, 0.00054, 0.19368, 4.08275, 0.02259, 0.62137, 0.52926, 0.10093, 0.20738, 0.00945, -0.02781, 0.11144, 0.04974, 0.00179, 0.02950, 0.27476, 0.05354, 0.00895, 0.00442 
 3360.0, 8.58430, 0.34453, 1.37684, 2.73886, 0.00159, 0.21494, 3.94168, 0.00487, 0.71127, 0.55301, 0.09659, 0.17315, 0.00071, -0.03812, 0.08162, 0.03816, -0.00927, 0.02655, 0.26029, 0.04862, 0.00403, 0.00512 
 3420.0, 8.66433, 0.33136, 1.22757, 2.16762, -0.00089, 0.18121, 4.03708, 0.02217, 0.73501, 0.55380, 0.06190, 0.12789, 0.00420, -0.03929, 0.07948, 0.04232, 0.00063, 0.02368, 0.21847, 0.05010, 0.00283, 0.00774 
 3480.0, 8.83322, 0.32086, 1.18667, 2.17412, -0.00057, 0.19371, 3.89887, 0.00738, 0.72151, 0.52056, 0.07518, 0.14120, 0.00809, -0.02766, 0.05888, 0.03826, -0.00234, 0.01812, 0.14597, 0.03544, 0.00819, 0.00318 
 3540.0, 9.83008, 0.34322, 1.50081, 2.51010, 0.00212, 0.25537, 4.16365, 0.02916, 0.76262, 0.61495, 0.07521, 0.22034, 0.00828, -0.01613, 0.09125, 0.03262, -0.00233, 0.04471, 0.28518, 0.06365, 0.00398, 0.00532 
 3600.0, 8.88535, 0.36681, 1.46518, 3.58367, 0.00435, 0.21286, 4.14404, 0.00541, 0.62083, 0.55038, 0.09738, 0.42804, -0.00627, -0.03910, 0.12024, 0.04999, -0.00919, 0.01631, 0.22718, 0.04820, 0.00831, 0.00410 
 3660.0, 8.68844, 0.30667, 1.51081, 3.18365, 0.00348, 0.25527, 4.32036, 0.01644, 0.70779, 0.58131, 0.14510, 0.20673, -0.00626, -0.02385, 0.10070, 0.04673, -0.00917, 0.04992, 0.26590, 0.06044, 0.00660, 0.00414 
 3720.0, 9.91172, 0.33822, 1.76872, 3.99902, 0.00474, 0.24118, 4.40033, 0.01357, 0.80742, 0.61516, 0.09576, 0.21076, 0.01502, -0.02745, 0.12031, 0.05702, -0.00173, 0.04328, 0.28310, 0.09020, 0.01153, 0.00580 
 3780.0, 9.78418, 0.36390, 1.78726, 3.99886, 0.00784, 0.24541, 4.43064, 0.02172, 0.87073, 0.63522, 0.12976, 0.29390, 0.01715, -0.03321, 0.12581, 0.04569, 0.00098, 0.03781, 0.36952, 0.08033, 0.00603, 0.00473 
 3840.0, 9.66480, 0.35040, 1.77384, 4.99045, 0.00392, 0.30082, 4.48979, 0.01845, 0.93572, 0.62849, 0.11202, 0.28762, 0.01763, -0.01324, 0.15840, 0.07124, -0.00895, 0.03516, 0.33860, 0.06510, 0.00445, 0.00726 
 3900.0, 10.54799, 0.34111, 1.56915, 3.85085, 0.00392, 0.23877, 4.37989, 0.01892, 0.80949, 0.62919, 0.11996, 0.19426, 0.01963, -0.03263, 0.09532, 0.04585, -0.00909, 0.04828, 0.30470, 0.06612, 0.01548, 0.00625 
 3960.0, 9.16932, 0.34901, 1.40690, 2.62318, 0.00130, 0.22006, 4.17964, 0.01309, 0.84108, 0.56433, 0.08726, 0.17168, 0.02108, -0.03023, 0.08838, 0.04154, -0.00907, 0.05051, 0.22052, 0.05076, 0.00092, 0.00323 
 4020.0, 9.07206, 0.34181, 1.40489, 3.31878, 0.00040, 0.23783, 4.26018, 0.01826, 0.89753, 0.55480, 0.11102, 0.16141, 0.02203, -0.01767, 0.10078, 0.04158, -0.00005, 0.04513, 0.22298, 0.05232, 0.00842, 0.00540 
 4080.0, 8.06503, 0.33773, 1.28705, 3.24892, 0.00143, 0.20672, 4.17842, 0.02808, 0.82821, 0.55496, 0.08062, 0.17294, 0.01082, -0.03858, 0.09132, 0.04728, -0.00903, 0.02339, 0.24898, 0.05391, 0.01244, 0.00696 
 4140.0, 10.01198, 0.33850, 1.45577, 4.50369, 0.00885, 0.23478, 4.34716, 0.02547, 0.84002, 0.56151, 0.10691, 0.19178, 0.02734, -0.02981, 0.11722, 0.05487, -0.00012, 0.02704, 0.27877, 0.04948, -0.00042, 0.00521 
 4200.0, 8.26833, 0.33047, 1.28621, 3.64414, -0.00091, 0.18410, 4.04999, 0.02871, 0.61221, 0.49572, 0.10193, 0.16382, -0.00619, -0.03845, 0.09557, 0.03368, -0.00403, 0.01613, 0.22435, 0.03359, 0.00411, 0.00580 
 4260.0, 7.96831, 0.32171, 1.26426, 3.42775, 0.00499, 0.19254, 4.06968, 0.02122, 0.48393, 0.44910, 0.12250, 0.16671, 0.00250, -0.03839, 0.08293, 0.03586, -0.00329, 0.03936, 0.18229, 0.04582, 0.00159, 0.00620 
