CampaignData_and_Merges/R0/CSL_MobileLab_Parked/raw/20240803/USOS-NOAAIodideCIMS-Halogens_MobileLabGround_20240803_RA.ict
38, 1001
Michael A Robinson, Chris Jernigan, Subi Thakali
NOAA ESRL Chemical Sciences Laboratory and CIRES, U. of Colorado
NOAA Iodide CIMS Instrument
USOS
1, 1
2024, 08, 03, 2024, 08, 04
1
starttime_UTC, seconds_past_midnight, seconds_of_day_since_00:00:00_UTC
6
1, 1, 1, 1, 1, 1
-9999, -9999, -9999, -9999, -9999, -9999
Br2_NOAACIMS, pptv, Gas_Br2_InSitu_S_AVMR, 
BrO_NOAACIMS, pptv, Gas_BrO_InSitu_S_AVMR, 
Cl2_NOAACIMS, pptv, Gas_Cl2_InSitu_S_AVMR, 
ClNO2_NOAACIMS, pptv, Gas_ClNO2_InSitu_S_AVMR, 
BrCl_NOAACIMS, pptv, Gas_BrCl_InSitu_S_AVMR, 
NCl3_NOAACIMS, pptv, Gas_NCl3_InSitu_S_AVMR, 
0
18
PI_CONTACT_INFO: 325 Broadway, R/CSD 7, Boulder, Colorado 80305; michael.a.robinson@noaa.gov; chris.jernigan@noaa.gov;
PLATFORM: NOAA CSL Mobile Lab
LOCATION: SLC, Utah
ASSOCIATED_DATA: 1Hz data also available on request.
INSTRUMENT_INFO: NOAA I- ToF CIMS
DATA_INFO: All data in parts per trillion by volume (pptv). 1 Hz data is available upon request.
UNCERTAINTY: TBD
ULOD_FLAG: -7777
ULOD_VALUE: N/A
LLOD_FLAG: -8888
LLOD_VALUE: N/A
DM_CONTACT_INFO: Nathan Howard; nathan.h.howard@noaa.gov
PROJECT_INFO: USOS, summer 2024. https://csl.noaa.gov/groups/csl7/measurements/2024usos/
STIPULATIONS_ON_USE: Users are strongly encouraged to contact the PI for proper data usage.
OTHER_COMMENTS: 
REVISION: RA
RA: Preliminary Data; For in-field use only
starttime_UTC, Br2_NOAACIMS, BrO_NOAACIMS, Cl2_NOAACIMS, ClNO2_NOAACIMS, BrCl_NOAACIMS, NCl3_NOAACIMS
     0,  0.682,  0.217,  0.834,  0.071,  0.109,  0.076
    60,  0.719,  0.245,  0.913,  0.109,  0.212,  0.105
   120,  1.224,  0.350,  0.843,  0.124,  0.184,  0.061
   180,  1.139,  0.435,  0.901,  0.105,  0.210,  0.090
   240,  1.038,  0.390,  0.854,  0.100,  0.327,  0.148
   300,  1.045,  0.300,  0.866,  0.091,  0.277,  0.274
   360,  0.982,  0.166,  0.827,  0.074,  0.239,  0.174
   420,  1.061,  0.460,  0.899,  0.103,  0.310,  0.365
   480,  0.943,  0.129,  0.884,  0.112,  0.201,  0.204
   540, -9999.000, -9999.000, -9999.000, -9999.000, -9999.000, -9999.000
   600, -9999.000, -9999.000, -9999.000, -9999.000, -9999.000, -9999.000
   660, -9999.000, -9999.000, -9999.000, -9999.000, -9999.000, -9999.000
   720, -9999.000, -9999.000, -9999.000, -9999.000, -9999.000, -9999.000
   780, -9999.000, -9999.000, -9999.000, -9999.000, -9999.000, -9999.000
   840, -9999.000, -9999.000, -9999.000, -9999.000, -9999.000, -9999.000
   900, -9999.000, -9999.000, -9999.000, -9999.000, -9999.000, -9999.000
   960, -9999.000, -9999.000, -9999.000, -9999.000, -9999.000, -9999.000
  1020, -9999.000, -9999.000, -9999.000, -9999.000, -9999.000, -9999.000
  1080, -9999.000, -9999.000, -9999.000, -9999.000, -9999.000, -9999.000
  1140, -9999.000, -9999.000, -9999.000, -9999.000, -9999.000, -9999.000
  1200, -9999.000, -9999.000, -9999.000, -9999.000, -9999.000, -9999.000
  1260, -9999.000, -9999.000, -9999.000, -9999.000, -9999.000, -9999.000
  1320, -9999.000, -9999.000, -9999.000, -9999.000, -9999.000, -9999.000
  1380, -9999.000, -9999.000, -9999.000, -9999.000, -9999.000, -9999.000
  1440, -9999.000, -9999.000, -9999.000, -9999.000, -9999.000, -9999.000
  1500, -9999.000, -9999.000, -9999.000, -9999.000, -9999.000, -9999.000
  1560, -9999.000, -9999.000, -9999.000, -9999.000, -9999.000, -9999.000
  1620, -9999.000, -9999.000, -9999.000, -9999.000, -9999.000, -9999.000
  1680, -9999.000, -9999.000, -9999.000, -9999.000, -9999.000, -9999.000
  1740, -9999.000, -9999.000, -9999.000, -9999.000, -9999.000, -9999.000
  1800, -9999.000, -9999.000, -9999.000, -9999.000, -9999.000, -9999.000
  1860, -9999.000, -9999.000, -9999.000, -9999.000, -9999.000, -9999.000
  1920, -9999.000, -9999.000, -9999.000, -9999.000, -9999.000, -9999.000
  1980, -9999.000, -9999.000, -9999.000, -9999.000, -9999.000, -9999.000
  2040, -9999.000, -9999.000, -9999.000, -9999.000, -9999.000, -9999.000
  2100, -9999.000, -9999.000, -9999.000, -9999.000, -9999.000, -9999.000
  2160, -9999.000, -9999.000, -9999.000, -9999.000, -9999.000, -9999.000
  2220, -9999.000, -9999.000, -9999.000, -9999.000, -9999.000, -9999.000
  2280, -9999.000, -9999.000, -9999.000, -9999.000, -9999.000, -9999.000
  2340, -9999.000, -9999.000, -9999.000, -9999.000, -9999.000, -9999.000
  2400, -9999.000, -9999.000, -9999.000, -9999.000, -9999.000, -9999.000
  2460, -9999.000, -9999.000, -9999.000, -9999.000, -9999.000, -9999.000
  2520, -9999.000, -9999.000, -9999.000, -9999.000, -9999.000, -9999.000
  2580, -9999.000, -9999.000, -9999.000, -9999.000, -9999.000, -9999.000
  2640, -9999.000, -9999.000, -9999.000, -9999.000, -9999.000, -9999.000
  2700, -9999.000, -9999.000, -9999.000, -9999.000, -9999.000, -9999.000
  2760, -9999.000, -9999.000, -9999.000, -9999.000, -9999.000, -9999.000
  2820, -9999.000, -9999.000, -9999.000, -9999.000, -9999.000, -9999.000
  2880, -9999.000, -9999.000, -9999.000, -9999.000, -9999.000, -9999.000
  2940, -9999.000, -9999.000, -9999.000, -9999.000, -9999.000, -9999.000
  3000, -9999.000, -9999.000, -9999.000, -9999.000, -9999.000, -9999.000
  3060, -9999.000, -9999.000, -9999.000, -9999.000, -9999.000, -9999.000
  3120, -9999.000, -9999.000, -9999.000, -9999.000, -9999.000, -9999.000
  3180, -9999.000, -9999.000, -9999.000, -9999.000, -9999.000, -9999.000
  3240, -9999.000, -9999.000, -9999.000, -9999.000, -9999.000, -9999.000
  3300, -9999.000, -9999.000, -9999.000, -9999.000, -9999.000, -9999.000
  3360, -9999.000, -9999.000, -9999.000, -9999.000, -9999.000, -9999.000
  3420, -9999.000, -9999.000, -9999.000, -9999.000, -9999.000, -9999.000
  3480, -9999.000, -9999.000, -9999.000, -9999.000, -9999.000, -9999.000
  3540, -9999.000, -9999.000, -9999.000, -9999.000, -9999.000, -9999.000
  3600, -9999.000, -9999.000, -9999.000, -9999.000, -9999.000, -9999.000
  3660, -9999.000, -9999.000, -9999.000, -9999.000, -9999.000, -9999.000
  3720, -9999.000, -9999.000, -9999.000, -9999.000, -9999.000, -9999.000
  3780, -9999.000, -9999.000, -9999.000, -9999.000, -9999.000, -9999.000
  3840, -9999.000, -9999.000, -9999.000, -9999.000, -9999.000, -9999.000
  3900, -9999.000, -9999.000, -9999.000, -9999.000, -9999.000, -9999.000
  3960, -9999.000, -9999.000, -9999.000, -9999.000, -9999.000, -9999.000
  4020, -9999.000, -9999.000, -9999.000, -9999.000, -9999.000, -9999.000
  4080,  0.770,  0.009,  1.227,  0.123,  0.423,  0.083
  4140,  1.167,  0.042,  1.123,  0.100,  0.450,  0.098
  4200,  0.780,  0.125,  0.842,  0.140,  0.387,  0.162
  4260,  0.611,  0.003,  0.881,  0.154,  0.486, -0.052
  4320,  1.178, -0.001,  1.183,  0.137,  0.525,  0.129
  4380,  0.944,  0.170,  1.164,  0.162,  0.511,  0.201
  4440,  0.777,  0.011,  1.012,  0.221,  0.547,  0.294
  4500,  0.968,  0.074,  0.977,  0.144,  0.582,  0.402
  4560,  1.037,  0.086,  1.032,  0.127,  0.516,  0.452
  4620,  0.887,  0.076,  1.026,  0.124,  0.471,  0.247
  4680,  1.022,  0.070,  0.941,  0.091,  0.584,  0.357
  4740,  0.725,  0.035,  0.951,  0.098,  0.489,  0.419
  4800,  0.763, -0.051,  0.908,  0.153,  0.428,  0.172
  4860,  0.957, -0.076,  0.909,  0.193,  0.527,  0.224
  4920,  0.912,  0.056,  1.156,  0.138,  0.610,  0.491
  4980,  0.779, -0.135,  0.962,  0.079,  0.554,  0.284
  5040, -9999.000, -9999.000, -9999.000, -9999.000, -9999.000, -9999.000
  5100,  0.874,  0.055,  0.995,  0.125,  0.507,  0.226
  5160,  0.730,  0.127,  1.092,  0.107,  0.452,  0.398
  5220,  0.968,  0.208,  1.074,  0.153,  0.533,  0.406
  5280,  0.898, -0.041,  1.077,  0.143,  0.605,  0.430
  5340,  0.668,  0.104,  1.121,  0.160,  0.493,  0.465
  5400,  0.831,  0.191,  1.236,  0.129,  0.577,  0.437
  5460,  0.655, -0.021,  1.067,  0.155,  0.446,  0.414
  5520,  1.022, -0.032,  1.036,  0.137,  0.494,  0.213
  5580,  0.891,  0.117,  0.880,  0.118,  0.465,  0.238
  5640,  0.863,  0.111,  0.938,  0.115,  0.428,  0.334
  5700,  0.953,  0.105,  0.992,  0.117,  0.436,  0.294
  5760,  0.872,  0.080,  0.833,  0.166,  0.440,  0.219
  5820,  0.705,  0.240,  0.916,  0.108,  0.392,  0.260
  5880,  0.828,  0.054,  0.875,  0.135,  0.396,  0.255
  5940,  0.820, -0.022,  0.917,  0.115,  0.417,  0.272
  6000,  0.816,  0.007,  0.957,  0.099,  0.483,  0.625
  6060,  0.974,  0.079,  0.920,  0.088,  0.486,  0.484
  6120,  0.813,  0.171,  0.919,  0.101,  0.518,  0.340
  6180,  0.763,  0.183,  0.929,  0.137,  0.517,  0.629
  6240,  0.581,  0.164,  0.980,  0.139,  0.516,  0.909
  6300,  0.960,  0.204,  0.851,  0.172,  0.448,  0.704
  6360,  0.784,  0.140,  0.886,  0.111,  0.552,  0.935
  6420,  0.912,  0.141,  0.857,  0.153,  0.474,  0.611
  6480,  0.833,  0.135,  1.037,  0.193,  0.466,  0.575
  6540,  0.985,  0.207,  0.995,  0.127,  0.447,  0.449
  6600,  0.783,  0.174,  1.016,  0.194,  0.492,  0.753
  6660,  0.853,  0.080,  0.905,  0.175,  0.525,  0.730
  6720,  0.829,  0.178,  1.008,  0.209,  0.537,  0.733
  6780,  0.919,  0.200,  0.888,  0.231,  0.448,  0.848
  6840,  0.801,  0.201,  0.881,  0.077,  0.443,  0.806
  6900,  0.728,  0.104,  1.025,  0.253,  0.521,  0.736
  6960,  0.938,  0.040,  1.081,  0.137,  0.493,  0.644
  7020,  0.690,  0.188,  1.231,  0.168,  0.556,  0.803
  7080,  0.748,  0.107,  1.058,  0.194,  0.478,  0.582
  7140,  0.770,  0.142,  1.024,  0.209,  0.474,  0.724
  7200,  0.781,  0.212,  1.135,  0.211,  0.385,  0.668
  7260,  0.615,  0.274,  1.357,  0.204,  0.431,  0.651
  7320,  0.852,  0.099,  1.308,  0.210,  0.433,  0.640
  7380,  0.813,  0.142,  1.267,  0.192,  0.461,  0.653
  7440,  0.796,  0.256,  1.524,  0.193,  0.383,  0.559
  7500,  0.851,  0.102,  1.551,  0.229,  0.444,  0.499
  7560,  0.770,  0.156,  1.412,  0.166,  0.374,  0.484
  7620,  0.962,  0.219,  1.255,  0.189,  0.414,  0.402
  7680,  0.919,  0.294,  1.243,  0.210,  0.362,  0.588
  7740,  0.985,  0.129,  1.185,  0.290,  0.461,  0.438
  7800,  0.889,  0.187,  0.967,  0.207,  0.399,  0.691
  7860,  0.953,  0.275,  0.976,  0.264,  0.515,  0.582
  7920,  0.924,  0.244,  1.078,  0.213,  0.412,  0.610
  7980,  1.021,  0.234,  1.055,  0.237,  0.401,  0.542
  8040,  0.775,  0.185,  1.067,  0.281,  0.528,  0.600
  8100,  0.945,  0.146,  1.165,  0.288,  0.496,  0.796
  8160,  0.753,  0.359,  1.134,  0.260,  0.398,  0.408
  8220,  0.798,  0.293,  1.250,  0.280,  0.481,  0.474
  8280,  0.836,  0.297,  1.199,  0.305,  0.442,  1.076
  8340,  0.941,  0.307,  1.131,  0.253,  0.425,  0.753
  8400,  0.934,  0.293,  1.255,  0.242,  0.477,  0.440
  8460,  0.788,  0.164,  1.440,  0.218,  0.488,  0.704
  8520,  0.916,  0.265,  1.824,  0.387,  0.487,  1.854
  8580,  0.868,  0.301,  1.841,  0.336,  0.470,  2.034
  8640,  0.721,  0.085,  1.451,  0.304,  0.512,  2.230
  8700, -9999.000, -9999.000, -9999.000, -9999.000, -9999.000, -9999.000
  8760,  0.616,  0.104,  1.796,  0.343,  0.550,  2.171
  8820,  0.737,  0.300,  1.709,  0.448,  0.562,  2.276
  8880,  0.782,  0.226,  1.631,  0.408,  0.553,  2.365
  8940,  0.634,  0.148,  1.631,  0.413,  0.589,  2.490
  9000,  0.634,  0.306,  1.613,  0.404,  0.573,  2.412
  9060,  0.764,  0.149,  1.796,  0.438,  0.653,  2.234
  9120,  0.724,  0.361,  1.623,  0.429,  0.600,  2.189
  9180,  0.712,  0.144,  1.723,  0.474,  0.626,  2.342
  9240,  0.698,  0.156,  1.711,  0.331,  0.590,  2.187
  9300,  0.769,  0.247,  1.471,  0.416,  0.550,  2.364
  9360,  0.617,  0.126,  1.748,  0.418,  0.588,  2.839
  9420,  0.724,  0.257,  1.694,  0.329,  0.641,  2.694
  9480,  0.536,  0.251,  1.630,  0.285,  0.586,  3.777
  9540,  0.578,  0.242,  1.716,  0.344,  0.605,  3.621
  9600,  0.716,  0.148,  1.679,  0.315,  0.624,  3.094
  9660,  0.708,  0.202,  1.755,  0.372,  0.673,  2.838
  9720,  0.754,  0.327,  1.647,  0.236,  0.587,  2.993
  9780,  0.648,  0.140,  1.562,  0.260,  0.603,  2.680
  9840,  0.708,  0.169,  1.333,  0.233,  0.548,  2.981
  9900,  0.384,  0.162,  1.340,  0.283,  0.551,  3.433
  9960,  0.667,  0.157,  1.321,  0.258,  0.471,  3.627
 10020,  0.688,  0.162,  1.224,  0.203,  0.515,  3.835
 10080,  0.549,  0.272,  1.330,  0.236,  0.451,  3.610
 10140,  0.687,  0.181,  1.267,  0.235,  0.531,  3.646
 10200,  0.587,  0.115,  1.415,  0.240,  0.609,  3.430
 10260,  0.592,  0.167,  1.138,  0.223,  0.513,  3.291
 10320,  0.522,  0.160,  1.251,  0.192,  0.556,  3.270
 10380,  0.637,  0.096,  1.287,  0.182,  0.568,  3.668
 10440,  0.591,  0.239,  1.459,  0.255,  0.558,  3.251
 10500,  0.775,  0.243,  1.305,  0.244,  0.552,  3.126
 10560, -9999.000, -9999.000, -9999.000, -9999.000, -9999.000, -9999.000
 10620,  0.589,  0.170,  1.320,  0.166,  0.556,  2.503
 10680,  0.580,  0.117,  1.246,  0.177,  0.534,  3.115
 10740,  0.539,  0.110,  1.181,  0.151,  0.550,  3.021
 10800,  0.537,  0.167,  1.054,  0.115,  0.452,  2.577
 10860,  0.442,  0.135,  1.138,  0.096,  0.503,  2.539
 10920,  0.587,  0.089,  1.240,  0.162,  0.609,  2.981
 10980,  0.614,  0.120,  1.107,  0.119,  0.555,  2.626
 11040,  0.548,  0.126,  1.221,  0.152,  0.466,  2.721
 11100,  0.606,  0.186,  1.349,  0.155,  0.538,  3.256
 11160,  0.555,  0.066,  1.299,  0.141,  0.582,  3.802
 11220,  0.643,  0.243,  1.321,  0.155,  0.579,  4.531
 11280,  0.602,  0.085,  1.219,  0.146,  0.510,  4.290
 11340,  0.544,  0.241,  1.194,  0.115,  0.514,  3.873
 11400,  0.469,  0.089,  1.453,  0.184,  0.554,  4.126
 11460,  0.496,  0.091,  1.311,  0.150,  0.447,  4.683
 11520,  0.612,  0.084,  1.335,  0.152,  0.581,  4.357
 11580,  0.581,  0.205,  1.222,  0.174,  0.556,  4.222
 11640,  0.552,  0.088,  1.436,  0.188,  0.665,  4.492
 11700,  0.678,  0.026,  1.428,  0.211,  0.633,  4.309
 11760,  0.570,  0.103,  1.386,  0.157,  0.564,  4.357
 11820,  0.732,  0.085,  1.379,  0.164,  0.578,  3.970
 11880,  0.671,  0.123,  1.213,  0.170,  0.575,  3.570
 11940,  0.660,  0.019,  1.237,  0.148,  0.511,  3.727
 12000,  0.632,  0.056,  1.269,  0.168,  0.493,  3.468
 12060,  0.625,  0.017,  1.200,  0.114,  0.562,  3.215
 12120,  0.730,  0.107,  1.256,  0.137,  0.493,  3.128
 12180,  0.590,  0.137,  1.036,  0.123,  0.459,  3.197
 12240,  0.696,  0.108,  1.118,  0.129,  0.451,  3.089
 12300,  0.655,  0.005,  0.945,  0.089,  0.520,  3.256
 12360,  0.821,  0.122,  1.137,  0.099,  0.463,  3.141
 12420, -9999.000, -9999.000, -9999.000, -9999.000, -9999.000, -9999.000
 12480,  0.702,  0.023,  1.024,  0.151,  0.485,  3.385
 12540,  0.702,  0.080,  1.063,  0.109,  0.455,  3.697
 12600,  0.668,  0.251,  1.138,  0.104,  0.518,  3.713
 12660,  0.689,  0.157,  1.104,  0.121,  0.508,  3.873
 12720,  0.596,  0.024,  1.171,  0.158,  0.421,  3.717
 12780,  0.709,  0.039,  1.171,  0.127,  0.502,  3.411
 12840,  0.610,  0.024,  1.136,  0.088,  0.430,  4.089
 12900,  0.614,  0.146,  1.079,  0.134,  0.480,  4.437
 12960,  0.711,  0.073,  1.095,  0.190,  0.508,  3.996
 13020,  0.583, -0.002,  1.175,  0.126,  0.527,  3.898
 13080,  0.659,  0.029,  1.054,  0.110,  0.478,  3.865
 13140,  0.569,  0.004,  0.976,  0.133,  0.462,  4.357
 13200,  0.571,  0.109,  1.148,  0.130,  0.396,  4.433
 13260,  0.606,  0.118,  1.052,  0.096,  0.450,  4.378
 13320,  0.593,  0.076,  1.163,  0.102,  0.470,  6.406
 13380,  0.581,  0.062,  1.007,  0.155,  0.494,  5.153
 13440,  0.528,  0.059,  1.046,  0.146,  0.493,  7.109
 13500,  0.374,  0.045,  0.971,  0.096,  0.427,  4.144
 13560,  0.466,  0.192,  1.034,  0.121,  0.463,  3.892
 13620,  0.629,  0.036,  1.120,  0.108,  0.430,  3.810
 13680,  0.847,  0.015,  1.232,  0.096,  0.475,  4.093
 13740,  0.723,  0.007,  1.308,  0.115,  0.437,  3.636
 13800,  0.758, -0.007,  1.259,  0.114,  0.473,  4.013
 13860,  0.724,  0.008,  1.252,  0.146,  0.510,  3.901
 13920,  0.586,  0.049,  1.142,  0.144,  0.387,  4.105
 13980,  0.698, -0.010,  1.533,  0.155,  0.443,  4.372
 14040,  0.723,  0.087,  1.235,  0.112,  0.450,  4.927
 14100,  0.637, -0.010,  1.206,  0.142,  0.383,  3.953
 14160,  0.742,  0.024,  1.349,  0.133,  0.462,  6.109
 14220,  0.289, -0.017,  1.345,  0.192,  0.527, 11.624
 14280,  0.504, -0.120,  1.085,  0.068,  0.415,  4.599
 14340,  0.621,  0.128,  1.206,  0.093,  0.497,  5.663
 14400,  0.638,  0.057,  1.187,  0.117,  0.384,  7.754
 14460,  0.526,  0.073,  1.062,  0.127,  0.408,  5.949
 14520,  0.643,  0.161,  1.160,  0.093,  0.496, 11.947
 14580,  0.698,  0.108,  1.252,  0.112,  0.416, 12.535
 14640,  0.571,  0.116,  0.983,  0.114,  0.388,  4.539
 14700,  0.694,  0.104,  1.230,  0.137,  0.525,  4.983
 14760,  0.619,  0.089,  1.192,  0.094,  0.515,  4.077
 14820,  0.642,  0.224,  1.166,  0.080,  0.381,  3.920
 14880,  0.577,  0.016,  1.132,  0.095,  0.403,  3.015
 14940,  0.577,  0.094,  1.149,  0.131,  0.414,  3.420
 15000,  0.449,  0.110,  1.123,  0.085,  0.329,  4.538
 15060,  0.508,  0.136,  1.141,  0.138,  0.524,  6.147
 15120,  0.581,  0.146,  1.156,  0.124,  0.519,  5.730
 15180,  0.628,  0.155,  1.215,  0.138,  0.389, 11.192
 15240,  0.653,  0.222,  1.135,  0.104,  0.627, 14.564
 15300,  0.499,  0.198,  1.174,  0.153,  0.599, 13.094
 15360,  0.657,  0.178,  1.290,  0.128,  0.458, 17.516
 15420,  0.406,  0.147,  1.153,  0.130,  0.367, 18.400
 15480,  0.483,  0.164,  1.256,  0.143,  0.458, 20.890
 15540,  0.578,  0.183,  1.196,  0.141,  0.363, 16.325
 15600,  0.550,  0.139,  1.227,  0.175,  0.381, 18.355
 15660,  0.491,  0.251,  1.258,  0.161,  0.384, 20.831
 15720,  0.684,  0.063,  1.435,  0.176,  0.417, 19.133
 15780,  0.476,  0.063,  1.257,  0.161,  0.397, 12.406
 15840,  0.523,  0.213,  1.289,  0.149,  0.465, 13.329
 15900,  0.551,  0.230,  1.258,  0.186,  0.376, 12.020
 15960,  0.506,  0.148,  1.388,  0.190,  0.386, 11.125
 16020,  0.654,  0.138,  1.127,  0.158,  0.328,  8.281
 16080,  0.634,  0.268,  0.554,  0.175,  0.501,  8.090
 16140,  0.796,  0.131,  1.178,  0.209,  0.326,  8.235
