CampaignData_and_Merges/R0/CSL_MobileLab_Parked/raw/20240803/USOS-MetNav_MobileLabGround_20240803_R0.ict
44, 1001
Carrie Womack, Nate Howard, Mike Zucker
NOAA Chemical Sciences Laboratory
Mobile Lab MetNav Station
USOS
1, 1
2024, 08, 03, 2024, 12, 21
60
Time_Start, seconds_past_midnight, Seconds from midnight UTC
11
1, 1, 1, 1, 1, 1, 1, 1, 1, 1, 1
-9999, -9999, -9999, -9999, -9999, -9999, -9999, -9999, -9999, -9999, -9999
GPS_Alt_m, meters, Altitude from Differential GPS
GPS_Course_deg, degrees, Course from Differential GPS
GPS_GndSpd_m_s, m/s, Ground Speed from Differential GPS
GPS_Heading_deg, degrees, Heading from Differential GPS
GPS_Lat_deg, degrees, Latitude from Differential GPS
GPS_Lon_deg, degrees, Longitude from Differential GPS
AirTemp_C, Celsius, Air Temperature from Airmar
RelHumidity_pct, percent, Relative Humidity from Airmar
Pressure_mb, millibars, Pressure from Honeywell
WindDir_calc_deg, degrees, Wind Direction from Airmar corrected for van movement
WindSpd_calc_m_s, m/s, Wind Speed from Airmar corrected for van movement
1
SPECIAL COMMENTS:
18
PI_CONTACT_INFO: Address: 325 Broadway R/CSL7, Boulder, CO, 80305
PLATFORM: CSL Mobile Lab
LOCATION: Salt Lake City, UT
ASSOCIATED_DATA: N/A
INSTRUMENT_INFO: N/A
DATA_INFO: Units:
UNCERTAINTY: N/A
ULOD_FLAG: -7777
ULOD_VALUE: N/A
LLOD_FLAG: -8888
LLOD_VALUE: N/A
DM_CONTACT_INFO: Data Manager: Nate Howard
PROJECT_INFO: 
STIPULATIONS_ON_USE: Use of these data require prior ok from PI.
OTHER_COMMENTS: 
REVISION: R0
R0: Final data. Fixed bug in wind averaging code. RA: Preliminary Data. For in-field use only. 
Time_Start, GPS_Alt_m, GPS_Course_deg, GPS_GndSpd_m_s, GPS_Heading_deg, GPS_Lat_deg, GPS_Lon_deg, AirTemp_C, RelHumidity_pct, Pressure_mb, WindDir_calc_deg, WindSpd_calc_m_s
[from data line 1137]
68220.0,-9999.0,-9999.00,-9999.00,-9999.00,-9999.00000,-9999.00000,-9999.0,-9999.0,-9999.0,-9999.00,-9999.0
68280.0,-9999.0,-9999.00,-9999.00,-9999.00,-9999.00000,-9999.00000,-9999.0,-9999.0,-9999.0,-9999.00,-9999.0
68340.0,-9999.0,-9999.00,-9999.00,-9999.00,-9999.00000,-9999.00000,-9999.0,-9999.0,-9999.0,-9999.00,-9999.0
68400.0,-9999.0,-9999.00,-9999.00,-9999.00,-9999.00000,-9999.00000,-9999.0,-9999.0,-9999.0,-9999.00,-9999.0
68460.0,-9999.0,-9999.00,-9999.00,-9999.00,-9999.00000,-9999.00000,-9999.0,-9999.0,-9999.0,-9999.00,-9999.0
68520.0,-9999.0,-9999.00,-9999.00,-9999.00,-9999.00000,-9999.00000,-9999.0,-9999.0,-9999.0,-9999.00,-9999.0
68580.0,-9999.0,-9999.00,-9999.00,-9999.00,-9999.00000,-9999.00000,-9999.0,-9999.0,-9999.0,-9999.00,-9999.0
68640.0,-9999.0,-9999.00,-9999.00,-9999.00,-9999.00000,-9999.00000,-9999.0,-9999.0,-9999.0,-9999.00,-9999.0
68700.0,-9999.0,-9999.00,-9999.00,-9999.00,-9999.00000,-9999.00000,-9999.0,-9999.0,-9999.0,-9999.00,-9999.0
68760.0,-9999.0,-9999.00,-9999.00,-9999.00,-9999.00000,-9999.00000,-9999.0,-9999.0,-9999.0,-9999.00,-9999.0
68820.0,-9999.0,-9999.00,-9999.00,-9999.00,-9999.00000,-9999.00000,-9999.0,-9999.0,-9999.0,-9999.00,-9999.0
68880.0,-9999.0,-9999.00,-9999.00,-9999.00,-9999.00000,-9999.00000,-9999.0,-9999.0,-9999.0,-9999.00,-9999.0
68940.0,-9999.0,-9999.00,-9999.00,-9999.00,-9999.00000,-9999.00000,-9999.0,-9999.0,-9999.0,-9999.00,-9999.0
69000.0,-9999.0,-9999.00,-9999.00,-9999.00,-9999.00000,-9999.00000,-9999.0,-9999.0,-9999.0,-9999.00,-9999.0
69060.0,-9999.0,-9999.00,-9999.00,-9999.00,-9999.00000,-9999.00000,-9999.0,-9999.0,-9999.0,-9999.00,-9999.0
69120.0,-9999.0,-9999.00,-9999.00,-9999.00,-9999.00000,-9999.00000,-9999.0,-9999.0,-9999.0,-9999.00,-9999.0
69180.0,-9999.0,-9999.00,-9999.00,-9999.00,-9999.00000,-9999.00000,-9999.0,-9999.0,-9999.0,-9999.00,-9999.0
69240.0,-9999.0,-9999.00,-9999.00,-9999.00,-9999.00000,-9999.00000,-9999.0,-9999.0,-9999.0,-9999.00,-9999.0
69300.0,-9999.0,-9999.00,-9999.00,-9999.00,-9999.00000,-9999.00000,-9999.0,-9999.0,-9999.0,-9999.00,-9999.0
69360.0,-9999.0,-9999.00,-9999.00,-9999.00,-9999.00000,-9999.00000,-9999.0,-9999.0,-9999.0,-9999.00,-9999.0
69420.0,-9999.0,-9999.00,-9999.00,-9999.00,-9999.00000,-9999.00000,-9999.0,-9999.0,-9999.0,-9999.00,-9999.0
69480.0,-9999.0,-9999.00,-9999.00,-9999.00,-9999.00000,-9999.00000,-9999.0,-9999.0,-9999.0,-9999.00,-9999.0
69540.0,-9999.0,-9999.00,-9999.00,-9999.00,-9999.00000,-9999.00000,-9999.0,-9999.0,-9999.0,-9999.00,-9999.0
69600.0,-9999.0,-9999.00,-9999.00,-9999.00,-9999.00000,-9999.00000,-9999.0,-9999.0,-9999.0,-9999.00,-9999.0
69660.0,-9999.0,-9999.00,-9999.00,-9999.00,-9999.00000,-9999.00000,-9999.0,-9999.0,-9999.0,-9999.00,-9999.0
69720.0,-9999.0,-9999.00,-9999.00,-9999.00,-9999.00000,-9999.00000,-9999.0,-9999.0,-9999.0,-9999.00,-9999.0
69780.0,-9999.0,-9999.00,-9999.00,-9999.00,-9999.00000,-9999.00000,-9999.0,-9999.0,-9999.0,-9999.00,-9999.0
69840.0,-9999.0,-9999.00,-9999.00,-9999.00,-9999.00000,-9999.00000,-9999.0,-9999.0,-9999.0,-9999.00,-9999.0
69900.0,-9999.0,-9999.00,-9999.00,-9999.00,-9999.00000,-9999.00000,-9999.0,-9999.0,-9999.0,-9999.00,-9999.0
69960.0,-9999.0,-9999.00,-9999.00,-9999.00,-9999.00000,-9999.00000,-9999.0,-9999.0,-9999.0,-9999.00,-9999.0
70020.0,-9999.0,-9999.00,-9999.00,-9999.00,-9999.00000,-9999.00000,-9999.0,-9999.0,-9999.0,-9999.00,-9999.0
70080.0,-9999.0,-9999.00,-9999.00,-9999.00,-9999.00000,-9999.00000,-9999.0,-9999.0,-9999.0,-9999.00,-9999.0
70140.0,-9999.0,-9999.00,-9999.00,-9999.00,-9999.00000,-9999.00000,-9999.0,-9999.0,-9999.0,-9999.00,-9999.0
70200.0,-9999.0,-9999.00,-9999.00,-9999.00,-9999.00000,-9999.00000,-9999.0,-9999.0,-9999.0,-9999.00,-9999.0
70260.0,-9999.0,-9999.00,-9999.00,-9999.00,-9999.00000,-9999.00000,-9999.0,-9999.0,-9999.0,-9999.00,-9999.0
70320.0,-9999.0,-9999.00,-9999.00,-9999.00,-9999.00000,-9999.00000,-9999.0,-9999.0,-9999.0,-9999.00,-9999.0
70380.0,-9999.0,-9999.00,-9999.00,-9999.00,-9999.00000,-9999.00000,-9999.0,-9999.0,-9999.0,-9999.00,-9999.0
70440.0,-9999.0,-9999.00,-9999.00,-9999.00,-9999.00000,-9999.00000,-9999.0,-9999.0,-9999.0,-9999.00,-9999.0
70500.0,-9999.0,-9999.00,-9999.00,-9999.00,-9999.00000,-9999.00000,-9999.0,-9999.0,-9999.0,-9999.00,-9999.0
70560.0,-9999.0,-9999.00,-9999.00,-9999.00,-9999.00000,-9999.00000,-9999.0,-9999.0,-9999.0,-9999.00,-9999.0
70620.0,-9999.0,-9999.00,-9999.00,-9999.00,-9999.00000,-9999.00000,-9999.0,-9999.0,-9999.0,-9999.00,-9999.0
70680.0,-9999.0,-9999.00,-9999.00,-9999.00,-9999.00000,-9999.00000,-9999.0,-9999.0,-9999.0,-9999.00,-9999.0
70740.0,1310.2,1.74,0.05,1.74,40.73434,-111.87211,33.0,21.3,877.7,170.33,2.1
70800.0,1310.0,1.64,0.05,1.64,40.73434,-111.87211,33.2,21.3,877.8,168.33,1.4
70860.0,1309.8,1.29,0.05,1.29,40.73434,-111.87211,33.3,21.4,877.8,182.55,2.1
70920.0,1309.6,1.55,0.05,1.55,40.73434,-111.87211,33.4,21.4,878.0,181.66,2.6
70980.0,1309.0,2.23,0.05,2.23,40.73434,-111.87211,33.4,21.1,878.0,176.38,3.5
71040.0,1308.8,2.49,0.06,2.49,40.73434,-111.87211,33.5,21.2,878.0,182.23,3.1
71100.0,1308.9,2.09,0.05,2.09,40.73434,-111.87211,33.6,21.1,878.0,182.91,1.9
71160.0,1309.0,1.65,0.05,1.65,40.73434,-111.87211,33.7,21.0,878.0,172.63,1.9
71220.0,1309.0,1.53,0.05,1.53,40.73435,-111.87211,33.8,21.0,878.0,168.05,2.1
71280.0,1309.0,1.36,0.05,1.36,40.73434,-111.87211,33.8,21.5,878.0,146.55,3.1
71340.0,1309.1,1.38,0.05,1.38,40.73435,-111.87211,33.9,21.4,878.1,125.05,1.4
71400.0,1309.2,1.33,0.05,1.33,40.73435,-111.87211,34.0,21.2,878.1,162.43,1.4
71460.0,1309.2,1.15,0.05,1.15,40.73435,-111.87211,34.2,21.1,878.2,135.74,0.9
71520.0,1309.2,0.83,0.05,0.83,40.73435,-111.87211,34.3,21.0,878.2,155.69,1.5
71580.0,1309.4,0.63,0.06,0.63,40.73435,-111.87211,34.3,21.1,878.1,149.63,2.3
71640.0,1309.7,0.71,0.05,0.71,40.73435,-111.87211,34.4,21.0,878.2,164.69,1.3
71700.0,1309.7,0.45,0.05,0.45,40.73435,-111.87211,34.4,20.9,878.2,180.26,1.9
71760.0,1309.6,0.40,0.05,0.40,40.73435,-111.87211,34.5,20.8,878.2,154.20,1.8
71820.0,1309.5,0.82,0.05,0.82,40.73435,-111.87211,34.5,21.4,878.1,139.18,1.8
71880.0,1309.4,1.20,0.05,1.20,40.73435,-111.87211,34.6,21.3,878.1,150.48,1.6
71940.0,1309.4,1.01,0.06,1.01,40.73435,-111.87211,34.6,21.0,878.1,148.02,2.6
72000.0,1309.4,0.79,0.05,0.79,40.73435,-111.87211,34.7,20.9,878.0,152.56,1.9
72060.0,1309.6,1.07,0.05,1.07,40.73435,-111.87211,34.7,20.9,878.1,159.89,1.8
72120.0,1309.5,2.09,0.05,2.09,40.73435,-111.87211,34.8,21.2,878.0,140.88,1.4
72180.0,1309.5,2.51,0.06,2.51,40.73435,-111.87211,34.8,21.1,878.1,149.36,1.8
72240.0,1309.5,1.86,0.05,1.86,40.73435,-111.87211,34.8,21.0,878.2,175.05,1.8
72300.0,1309.4,2.12,0.05,2.12,40.73435,-111.87211,34.9,20.4,878.2,150.27,2.0
72360.0,1309.3,1.39,0.05,1.39,40.73434,-111.87211,34.8,21.1,878.2,156.79,2.0
72420.0,1309.2,0.82,0.05,0.82,40.73434,-111.87211,34.9,21.0,878.2,167.90,1.6
72480.0,1309.3,0.68,0.05,0.68,40.73434,-111.87211,34.9,20.8,878.2,179.86,1.8
72540.0,1309.4,1.10,0.05,1.10,40.73434,-111.87211,34.9,20.9,878.4,149.98,2.4
72600.0,1309.2,1.49,0.05,1.49,40.73434,-111.87211,34.6,21.2,878.5,145.36,3.7
72660.0,1309.1,1.34,0.06,1.34,40.73434,-111.87211,34.6,20.9,878.3,183.55,2.7
72720.0,1309.1,1.44,0.06,1.44,40.73434,-111.87211,34.6,20.4,878.0,191.38,2.0
72780.0,1309.0,1.34,0.05,1.34,40.73434,-111.87211,34.6,20.5,878.1,176.58,1.9
72840.0,1309.0,1.39,0.06,1.39,40.73434,-111.87211,34.7,20.7,878.3,175.06,1.6
72900.0,1309.0,1.38,0.05,1.38,40.73434,-111.87211,34.8,20.8,878.4,140.26,1.2
72960.0,1308.9,1.23,0.05,1.23,40.73434,-111.87211,34.9,20.9,877.3,139.83,2.1
73020.0,1309.0,1.27,0.05,1.27,40.73434,-111.87211,35.0,20.7,876.9,151.43,2.0
73080.0,1309.2,1.09,0.05,1.09,40.73434,-111.87211,35.0,20.6,876.9,157.98,1.9
73140.0,1309.2,1.16,0.05,1.16,40.73434,-111.87211,35.1,20.3,876.9,167.47,1.7
73200.0,1309.3,1.24,0.05,1.24,40.73434,-111.87211,35.2,20.7,876.9,166.71,1.6
73260.0,1309.1,1.06,0.04,1.06,40.73434,-111.87211,35.2,20.3,876.8,162.60,2.0
73320.0,1309.5,1.17,0.05,1.17,40.73434,-111.87211,35.4,20.3,876.7,164.04,1.7
73380.0,1309.5,1.38,0.06,1.38,40.73434,-111.87211,35.6,20.2,876.5,174.81,1.9
73440.0,-9999.0,-9999.00,-9999.00,-9999.00,-9999.00000,-9999.00000,-9999.0,-9999.0,-9999.0,-9999.00,-9999.0
73500.0,-9999.0,-9999.00,-9999.00,-9999.00,-9999.00000,-9999.00000,-9999.0,-9999.0,-9999.0,-9999.00,-9999.0
73560.0,-9999.0,-9999.00,-9999.00,-9999.00,-9999.00000,-9999.00000,-9999.0,-9999.0,-9999.0,-9999.00,-9999.0
73620.0,-9999.0,-9999.00,-9999.00,-9999.00,-9999.00000,-9999.00000,-9999.0,-9999.0,-9999.0,-9999.00,-9999.0
73680.0,-9999.0,-9999.00,-9999.00,-9999.00,-9999.00000,-9999.00000,-9999.0,-9999.0,-9999.0,-9999.00,-9999.0
73740.0,-9999.0,-9999.00,-9999.00,-9999.00,-9999.00000,-9999.00000,-9999.0,-9999.0,-9999.0,-9999.00,-9999.0
73800.0,-9999.0,-9999.00,-9999.00,-9999.00,-9999.00000,-9999.00000,-9999.0,-9999.0,-9999.0,-9999.00,-9999.0
73860.0,-9999.0,-9999.00,-9999.00,-9999.00,-9999.00000,-9999.00000,-9999.0,-9999.0,-9999.0,-9999.00,-9999.0
73920.0,-9999.0,-9999.00,-9999.00,-9999.00,-9999.00000,-9999.00000,-9999.0,-9999.0,-9999.0,-9999.00,-9999.0
73980.0,-9999.0,-9999.00,-9999.00,-9999.00,-9999.00000,-9999.00000,-9999.0,-9999.0,-9999.0,-9999.00,-9999.0
74040.0,-9999.0,-9999.00,-9999.00,-9999.00,-9999.00000,-9999.00000,-9999.0,-9999.0,-9999.0,-9999.00,-9999.0
74100.0,-9999.0,-9999.00,-9999.00,-9999.00,-9999.00000,-9999.00000,-9999.0,-9999.0,-9999.0,-9999.00,-9999.0
74160.0,-9999.0,-9999.00,-9999.00,-9999.00,-9999.00000,-9999.00000,-9999.0,-9999.0,-9999.0,-9999.00,-9999.0
74220.0,-9999.0,-9999.00,-9999.00,-9999.00,-9999.00000,-9999.00000,-9999.0,-9999.0,-9999.0,-9999.00,-9999.0
74280.0,-9999.0,-9999.00,-9999.00,-9999.00,-9999.00000,-9999.00000,-9999.0,-9999.0,-9999.0,-9999.00,-9999.0
74340.0,-9999.0,-9999.00,-9999.00,-9999.00,-9999.00000,-9999.00000,-9999.0,-9999.0,-9999.0,-9999.00,-9999.0
74400.0,-9999.0,-9999.00,-9999.00,-9999.00,-9999.00000,-9999.00000,-9999.0,-9999.0,-9999.0,-9999.00,-9999.0
74460.0,-9999.0,-9999.00,-9999.00,-9999.00,-9999.00000,-9999.00000,-9999.0,-9999.0,-9999.0,-9999.00,-9999.0
74520.0,-9999.0,-9999.00,-9999.00,-9999.00,-9999.00000,-9999.00000,-9999.0,-9999.0,-9999.0,-9999.00,-9999.0
74580.0,-9999.0,-9999.00,-9999.00,-9999.00,-9999.00000,-9999.00000,-9999.0,-9999.0,-9999.0,-9999.00,-9999.0
74640.0,-9999.0,-9999.00,-9999.00,-9999.00,-9999.00000,-9999.00000,-9999.0,-9999.0,-9999.0,-9999.00,-9999.0
74700.0,1309.5,1.32,0.04,1.32,40.73435,-111.87211,36.6,19.1,877.6,157.91,2.4
74760.0,1309.5,1.08,0.04,1.08,40.73435,-111.87211,36.7,19.4,877.6,136.20,1.5
74820.0,1309.7,1.11,0.04,1.11,40.73435,-111.87211,36.8,19.3,877.6,147.89,2.4
74880.0,1309.5,1.37,0.05,1.37,40.73435,-111.87211,36.8,19.9,877.6,135.24,2.7
74940.0,1309.5,1.14,0.04,1.14,40.73435,-111.87211,36.6,20.5,877.7,127.01,2.9
75000.0,1309.6,0.82,0.04,0.82,40.73435,-111.87211,36.5,19.7,877.7,117.98,2.0
75060.0,1309.7,1.07,0.04,1.07,40.73435,-111.87211,36.6,19.7,877.7,146.83,1.5
75120.0,1309.7,1.00,0.04,1.00,40.73435,-111.87211,36.7,19.4,877.7,154.61,1.5
75180.0,1309.6,1.19,0.04,1.19,40.73435,-111.87211,36.8,19.1,877.7,141.96,1.4
75240.0,1309.5,1.33,0.04,1.33,40.73435,-111.87211,36.8,19.7,877.6,129.81,2.5
75300.0,1309.5,1.71,0.04,1.71,40.73435,-111.87211,36.6,19.9,877.6,127.89,3.1
75360.0,1309.7,1.61,0.04,1.61,40.73435,-111.87211,36.6,19.1,877.6,157.89,2.9
75420.0,1309.9,1.59,0.04,1.59,40.73435,-111.87211,36.5,19.1,877.6,146.70,3.1
75480.0,1310.0,1.60,0.04,1.60,40.73435,-111.87211,36.4,19.7,877.6,133.31,3.6
75540.0,1309.9,1.53,0.04,1.53,40.73435,-111.87211,36.3,19.5,877.6,125.69,3.2
75600.0,1309.9,0.96,0.04,0.96,40.73434,-111.87211,36.5,18.8,877.6,156.01,2.7
75660.0,1309.8,1.30,0.04,1.30,40.73434,-111.87211,36.8,19.3,877.6,106.28,1.6
75720.0,1309.8,2.04,0.04,2.04,40.73434,-111.87211,36.8,19.4,877.6,118.97,1.8
75780.0,1309.8,2.50,0.04,2.50,40.73434,-111.87211,36.9,18.7,877.6,144.07,2.5
75840.0,1309.7,2.68,0.04,2.68,40.73434,-111.87211,37.2,18.3,877.6,149.92,2.2
75900.0,1309.8,2.08,0.04,2.08,40.73434,-111.87210,37.4,18.1,877.7,153.59,2.7
75960.0,1309.8,1.69,0.04,1.69,40.73434,-111.87210,37.2,20.0,877.6,123.42,3.0
76020.0,1309.8,1.69,0.05,1.69,40.73434,-111.87210,37.2,18.5,877.6,127.19,2.3
76080.0,1309.9,1.59,0.05,1.59,40.73434,-111.87210,37.2,18.9,877.6,134.04,2.4
76140.0,1309.9,2.25,0.04,2.25,40.73434,-111.87210,37.1,18.1,877.6,158.55,2.6
76200.0,1309.9,2.50,0.05,2.50,40.73434,-111.87210,37.1,18.4,877.6,136.62,1.7
76260.0,1309.9,2.21,0.05,2.21,40.73434,-111.87210,37.2,18.5,877.6,148.64,2.1
76320.0,1309.8,1.75,0.05,1.75,40.73434,-111.87210,37.2,18.7,877.5,156.27,2.5
76380.0,1309.8,1.37,0.05,1.37,40.73434,-111.87210,37.4,18.6,877.5,135.96,1.5
76440.0,1309.6,1.29,0.05,1.29,40.73434,-111.87210,37.5,18.0,877.5,129.05,2.0
76500.0,1309.6,1.30,0.04,1.30,40.73434,-111.87210,37.1,19.0,877.5,115.72,3.4
76560.0,1309.6,1.57,0.05,1.57,40.73434,-111.87210,37.0,18.5,877.5,121.92,3.2
76620.0,1309.5,2.09,0.05,2.09,40.73434,-111.87210,37.2,18.7,877.5,121.57,2.0
76680.0,1309.3,2.22,0.04,2.22,40.73434,-111.87210,37.4,20.0,877.4,102.49,1.2
76740.0,1309.2,2.23,0.05,2.23,40.73434,-111.87210,37.6,18.7,877.4,130.54,1.4
76800.0,1309.2,2.50,0.04,2.50,40.73434,-111.87210,37.8,17.5,877.4,160.53,2.1
76860.0,1309.2,2.26,0.05,2.26,40.73434,-111.87210,37.9,17.2,877.4,139.47,2.6
76920.0,1309.1,2.40,0.05,2.40,40.73434,-111.87210,38.1,17.0,877.4,144.77,2.3
76980.0,1309.1,2.19,0.04,2.19,40.73434,-111.87210,38.0,17.9,877.4,124.99,2.9
77040.0,1309.1,2.42,0.04,2.42,40.73434,-111.87210,37.9,18.1,877.2,136.86,2.5
77100.0,1309.0,2.86,0.04,2.86,40.73434,-111.87210,38.0,17.4,876.5,148.86,2.9
77160.0,1309.1,2.83,0.04,2.83,40.73434,-111.87210,37.9,18.1,876.7,127.83,3.4
77220.0,1309.1,2.54,0.05,2.54,40.73434,-111.87210,37.8,17.7,876.8,141.90,2.6
77280.0,1309.0,2.30,0.04,2.30,40.73434,-111.87210,37.8,17.7,877.2,140.24,2.1
77340.0,1308.9,2.55,0.04,2.55,40.73434,-111.87210,37.8,17.4,877.1,143.44,3.0
77400.0,1308.8,2.24,0.05,2.24,40.73434,-111.87210,37.6,17.4,877.1,158.33,3.4
77460.0,1308.9,1.79,0.05,1.79,40.73434,-111.87210,37.6,17.5,877.1,149.54,3.2
77520.0,1309.0,2.11,0.05,2.11,40.73434,-111.87210,37.6,17.5,877.0,157.70,2.9
77580.0,1308.9,2.09,0.04,2.09,40.73434,-111.87210,37.8,17.2,877.0,156.23,1.7
77640.0,1308.8,1.83,0.05,1.83,40.73434,-111.87210,37.8,17.2,877.0,153.55,2.4
77700.0,1308.7,1.31,0.04,1.31,40.73434,-111.87210,37.5,18.0,877.0,122.11,3.5
77760.0,1308.7,1.36,0.06,1.36,40.73434,-111.87210,37.3,18.0,877.0,130.93,2.7
77820.0,1308.7,1.87,0.05,1.87,40.73434,-111.87210,37.0,18.1,877.0,130.97,2.9
77880.0,1308.6,2.09,0.05,2.09,40.73434,-111.87210,37.0,17.9,876.9,140.63,2.0
77940.0,1308.5,2.24,0.06,2.24,40.73434,-111.87210,37.0,17.9,876.9,142.84,1.9
78000.0,1308.5,2.54,0.05,2.54,40.73434,-111.87210,37.3,18.5,876.9,139.40,1.7
78060.0,1308.5,2.12,0.05,2.12,40.73434,-111.87210,37.4,18.9,876.9,139.14,2.0
78120.0,1308.4,2.18,0.05,2.18,40.73434,-111.87210,37.6,17.9,876.9,151.48,1.3
78180.0,1308.4,1.60,0.05,1.60,40.73434,-111.87210,37.6,18.0,876.9,147.43,2.3
78240.0,1308.5,1.53,0.04,1.53,40.73434,-111.87210,37.7,17.8,876.9,141.91,1.7
78300.0,1308.6,1.80,0.04,1.80,40.73434,-111.87210,37.7,18.1,876.9,139.74,1.9
78360.0,1308.7,1.88,0.05,1.88,40.73434,-111.87211,37.5,17.8,876.8,136.84,2.2
78420.0,1308.8,2.18,0.05,2.18,40.73434,-111.87211,37.5,18.0,876.8,148.96,1.9
78480.0,1308.8,2.11,0.05,2.11,40.73433,-111.87211,37.4,18.0,876.8,145.46,2.6
78540.0,1308.6,1.54,0.06,1.54,40.73433,-111.87211,37.3,17.8,876.8,137.97,2.6
78600.0,1308.4,1.62,0.05,1.62,40.73433,-111.87211,37.1,18.1,876.8,127.67,2.9
78660.0,1308.4,1.14,0.05,1.14,40.73433,-111.87211,37.1,18.7,876.8,127.50,2.2
78720.0,1308.5,1.22,0.05,1.22,40.73433,-111.87211,37.1,17.9,876.8,155.57,2.0
78780.0,1308.6,0.97,0.06,0.97,40.73433,-111.87211,37.2,17.7,876.8,150.89,1.7
78840.0,1308.8,0.99,0.06,0.99,40.73433,-111.87211,37.4,17.7,876.7,119.87,1.6
78900.0,1309.0,1.81,0.05,1.81,40.73433,-111.87211,37.5,18.5,876.7,118.62,1.6
78960.0,1309.2,1.93,0.06,1.93,40.73433,-111.87211,37.5,18.6,876.7,127.23,2.5
79020.0,1308.9,1.15,0.04,1.15,40.73433,-111.87211,37.5,18.2,876.7,121.64,2.8
