CampaignData_and_Merges/R0/CSL_MobileLab_Parked/raw/20240803/USOS-POPS_MobileLabGround_20240803_R0.ict
78, 1001
Thornberry, T. D.
NOAA Chemical Sciences Laboratory
Portable Optical Particle Spectrometer (POPS)
USOS
1, 1
2024, 08, 03, 2025, 05, 08
60
Time_Start, seconds_past_midnight, Start time of measurement
45
1, 1, 1, 1, 1, 1, 1, 1, 1, 1, 1, 1, 1, 1, 1, 1, 1, 1, 1, 1, 1, 1, 1, 1, 1, 1, 1, 1, 1, 1, 1, 1, 1, 1, 1, 1, 1, 1, 1, 1, 1, 1, 1, 1, 1
-9999, -9999, -9999, -9999, -9999, -9999, -9999, -9999, -9999, -9999, -9999, -9999, -9999, -9999, -9999, -9999, -9999, -9999, -9999, -9999, -9999, -9999, -9999, -9999, -9999, -9999, -9999, -9999, -9999, -9999, -9999, -9999, -9999, -9999, -9999, -9999, -9999, -9999, -9999, -9999, -9999, -9999, -9999, -9999, -9999
Time_Stop, seconds_past_midnight, Stop time of measurement
Time_Mid, seconds_past_midnight, Mid time of measurement
Press_mb, mb, Pressure reported (mb)
Temp_C, degrees C, POPS temperature measurement
Aerosol_concentration, cm^-3, Aerosol concentration
Surface_Area_Conc, um^2 cm^-3, Surface area concentration
Volume_density, um^3 cm^-3, Volume density
Effective_radius, um, Effective radius
Extinction, km^-1, Extinction
Bin01, cm^-3, particle concentration in size range [1401 - 146.3 nm]
Bin02, cm^-3, particle concentration in size range [146.3 - 152.8 nm]
Bin03, cm^-3, particle concentration in size range [152.8 - 159.6 nm]
Bin04, cm^-3, particle concentration in size range [159.6 - 166.8 nm]
Bin05, cm^-3, particle concentration in size range [166.8 - 174.2 nm]
Bin06, cm^-3, particle concentration in size range [174.2 - 181.9 nm]
Bin07, cm^-3, particle concentration in size range [181.9 - 190.0 nm]
Bin08, cm^-3, particle concentration in size range [190.0 - 198.5 nm]
Bin09, cm^-3, particle concentration in size range [198.5 - 207.4 nm]
Bin10, cm^-3, particle concentration in size range [207.4 - 216.6 nm]
Bin11, cm^-3, particle concentration in size range [216.6 - 226.2 nm]
Bin12, cm^-3, particle concentration in size range [226.2 - 236.3 nm]
Bin13, cm^-3, particle concentration in size range [236.3 - 246.8 nm]
Bin14, cm^-3, particle concentration in size range [246.8 - 257.8 nm]
Bin15, cm^-3, particle concentration in size range [257.8 - 269.3 nm]
Bin16, cm^-3, particle concentration in size range [269.3 - 343.4 nm]
Bin17, cm^-3, particle concentration in size range [343.4 - 450.7 nm]
Bin18, cm^-3, particle concentration in size range [450.7 - 525.9 nm]
Bin19, cm^-3, particle concentration in size range [525.9 - 618.5 nm]
Bin20, cm^-3, particle concentration in size range [618.5 - 710.0 nm]
Bin21, cm^-3, particle concentration in size range [710.0 - 822.7 nm]
Bin22, cm^-3, particle concentration in size range [822.7 - 885.9 nm]
Bin23, cm^-3, particle concentration in size range [885.9 - 953.9 nm]
Bin24, cm^-3, particle concentration in size range [953.9 - 1027.2 nm]
Bin25, cm^-3, particle concentration in size range [1027.2 - 1106.1 nm]
Bin26, cm^-3, particle concentration in size range [1106.1 - 1191.0 nm]
Bin27, cm^-3, particle concentration in size range [1191.0 - 1282.5 nm]
Bin28, cm^-3, particle concentration in size range [1282.5 - 1381.0 nm]
Bin29, cm^-3, particle concentration in size range [1381.0 - 1487.1 nm]
Bin30, cm^-3, particle concentration in size range [1487.1 - 1601.3 nm]
Bin31, cm^-3, particle concentration in size range [1601.3 - 1724.3 nm]
[...]
PLATFORM: NOAA CSL Mobile Lab
LOCATION: USOS
ASSOCIATED_DATA: N/A
INSTRUMENT_INFO: Printed Optical Particle Spectrometer counts particles from 140 - 2500 nm in diameter 
DATA_INFO: Particle concentrations reported in number per cubic centimeter,1 Hz data
UNCERTAINTY: Counting uncertainty dominated by air flow, less than 5 percent. Measurement range is ~0 - 3000 per cm3 (varies depending on flow rate- manufacturer quotes 1250 per cm3 at 1.667 cc/s)
ULOD_FLAG: -7777
ULOD_VALUE: N/A
LLOD_FLAG: -8888
LLOD_VALUE: N/A
DM_CONTACT_INFO: Troy Thornberry, 325 Broadway R/CSL6, Boulder, CO 80305; troy.thornberry@noaa.gov; 303-497-3373
PROJECT_INFO: USOS, Utah POPS data from NOAA CSL Mobile Lab
STIPULATIONS_ON_USE: Please contact the PIs for questions regarding applications and uncertainties
OTHER_COMMENTS: POPS bin Edges (nm):  140.1, 146.3, 152.8, 159.6, 166.8, 174.2, 181.9, 190.0, 198.5, 207.4, 216.6, 226.2, 236.3, 246.8, 257.8, 269.3, 343.4, 450.7, 525.9, 618.5, 710.0, 822.7, 885.9, 953.9, 1027.2, 1106.1, 1191.0, 1282.5, 1381.0, 1487.1, 1601.3, 1724.3, 1856.7, 1999.3, 2152.8, 2318.2, 2496.2
Calculations assume organic aerosol refractive index of 1.52+0.00j and extinction wavelength = 532 nm
REVISION: R0
R0: Final data
Time_Start, Time_Stop, Time_Mid, Press_mb, Temp_C, Aerosol_concentration, Surface_Area_Conc, Volume_density, Effective_radius, Extinction, Bin01, Bin02, Bin03, Bin04, Bin05, Bin06, Bin07, Bin08, Bin09, Bin10, Bin11, Bin12, Bin13, Bin14, Bin15, Bin16, Bin17, Bin18, Bin19, Bin20, Bin21, Bin22, Bin23, Bin24, Bin25, Bin26, Bin27, Bin28, Bin29, Bin30, Bin31, Bin32, Bin33, Bin34, Bin35, Bin36
[from data line 40]
2400,2459,2430,873.774,36.264,503.649,98.041,5.147,0.157,0.034,28.040533,27.174847,25.921909,25.989340,24.555006,24.207253,24.025087,23.195271,23.749680,23.270796,23.877380,25.663525,27.804575,28.222284,25.214329,83.791924,27.860214,7.153697,2.935078,0.348041,0.229892,0.128153,0.061575,0.033765,0.061133,0.016857,0.016855,0.038599,0.017102,0.005575,0.005381,0.011303,0.011153,0.005398,0.000000,0.005650
2460,2519,2490,873.793,36.384,505.420,98.994,5.463,0.165,0.034,28.068951,26.732046,25.608549,26.373632,25.678207,23.951035,23.124910,23.562653,23.022263,23.316208,25.147804,25.988182,28.747086,28.585365,24.964954,84.037315,27.428513,7.254745,2.773266,0.371105,0.226572,0.100514,0.078083,0.044425,0.049820,0.028182,0.027681,0.005429,0.028215,0.000000,0.011286,0.011082,0.010810,0.016791,0.005519,0.038679
2520,2579,2550,873.770,36.407,511.483,100.053,5.358,0.160,0.034,28.498411,26.992887,25.915903,25.579605,26.419155,24.432798,24.675905,23.474756,23.852987,23.751522,23.837561,26.738543,27.388771,28.959455,25.409721,85.289558,29.142908,7.264511,2.856252,0.364474,0.257683,0.089146,0.061132,0.073210,0.016733,0.022368,0.028005,0.005225,0.005556,0.005688,0.010684,0.005708,0.016822,0.011133,0.005519,0.022207
2580,2639,2610,873.772,36.466,506.687,99.153,5.405,0.163,0.034,27.978767,26.745701,26.122223,25.360870,25.086536,25.264603,23.802801,23.834114,23.299250,23.406340,23.769390,26.020027,28.198378,28.823509,25.195513,84.022873,28.792107,7.409354,2.574149,0.324696,0.211406,0.094821,0.065912,0.066550,0.028412,0.022085,0.033758,0.016865,0.016782,0.011065,0.016477,0.032942,0.016327,0.005688,0.005708,0.010801
2640,2699,2670,873.763,36.475,507.331,99.093,5.198,0.157,0.034,27.674038,26.921640,25.882961,25.356344,25.151960,24.807898,23.955696,22.994162,23.282812,23.269571,24.607090,26.629396,28.609583,28.884087,24.788231,85.287354,27.987600,7.190867,3.003883,0.422938,0.211559,0.133725,0.044984,0.056520,0.043706,0.005482,0.016800,0.027721,0.010830,0.005807,0.043650,0.011081,0.005537,0.005519,0.000000,0.000000
2700,2759,2730,873.727,36.496,503.728,99.396,5.512,0.166,0.034,26.719469,25.898581,25.811310,25.164955,25.313999,24.025021,23.463736,23.477234,23.156113,23.419979,24.607456,26.017179,27.790777,28.814013,25.205528,85.321236,28.332928,7.470744,2.739856,0.316332,0.242688,0.130367,0.033991,0.062489,0.022387,0.005688,0.022388,0.005650,0.011338,0.016864,0.011472,0.028258,0.017419,0.016813,0.017015,0.017082
2760,2819,2790,873.721,36.503,512.386,99.543,5.150,0.155,0.034,27.754248,27.089079,25.779566,26.027941,25.780279,25.378000,24.757259,24.061249,23.465992,23.353649,24.461544,26.486361,28.180981,29.206112,24.922529,85.973038,28.721487,7.190793,2.864072,0.364598,0.223085,0.094166,0.061737,0.043518,0.027684,0.016133,0.005308,0.017037,0.028016,0.022994,0.005708,0.010549,0.005464,0.005537,0.000000,0.000000
2820,2879,2850,873.719,36.559,514.046,100.130,5.246,0.157,0.034,28.457230,27.524427,26.362255,26.093914,25.551054,25.138344,23.533768,24.338341,23.265684,23.459391,24.660421,26.559217,29.145176,28.503716,24.661686,86.697662,29.131187,7.135586,2.822684,0.382987,0.253168,0.128118,0.062015,0.034046,0.027788,0.005631,0.011024,0.032927,0.010996,0.005787,0.010895,0.011361,0.011113,0.011146,0.000000,0.005612
2880,2939,2910,873.703,36.571,512.068,100.105,5.269,0.158,0.035,27.930941,26.986038,25.873295,26.108515,25.479795,25.615147,24.018873,23.422298,23.888035,23.156740,24.079947,26.705820,28.789627,28.694002,25.855673,85.013474,28.835583,7.524396,2.986830,0.487519,0.248688,0.105568,0.066718,0.038041,0.022097,0.011340,0.028047,0.027786,0.011194,0.022080,0.000000,0.022470,0.000000,0.011131,0.000000,0.000000
2940,2999,2970,873.695,36.602,516.768,100.911,5.478,0.162,0.035,28.920788,28.093281,26.026680,25.391121,26.289160,26.171801,24.256598,24.376266,23.913244,23.711290,24.391668,26.369648,28.868217,29.195751,24.955568,86.305130,28.331766,7.310514,2.807876,0.384757,0.234963,0.121809,0.050085,0.060459,0.028075,0.027979,0.027870,0.011056,0.000000,0.051057,0.021691,0.016658,0.016843,0.005708,0.011039,0.011227
3000,3059,3030,873.681,36.596,510.044,99.546,5.171,0.156,0.034,26.736147,27.554073,25.392256,25.619192,25.347281,25.179483,23.834627,23.927240,23.596697,24.043427,24.492208,27.124321,27.852615,28.805702,25.171213,85.426132,28.664949,7.375746,2.805098,0.470042,0.244490,0.127891,0.088063,0.032847,0.010552,0.016634,0.022039,0.016660,0.010652,0.022067,0.010617,0.011495,0.011399,0.000000,0.000000,0.000000
3060,3119,3090,873.670,36.645,508.508,100.254,5.637,0.168,0.035,28.400331,27.546894,25.759373,26.077982,25.341501,24.716944,24.841658,23.118053,23.037542,23.251431,24.064924,26.136347,28.177164,28.366325,25.282413,84.434135,28.445816,7.617603,2.716228,0.441025,0.270682,0.082581,0.073579,0.044027,0.049040,0.016311,0.022340,0.010635,0.016333,0.021852,0.044708,0.022452,0.000000,0.005708,0.033208,0.021296
3120,3179,3150,873.642,36.682,509.109,100.215,5.361,0.160,0.035,27.552698,26.858816,26.159281,26.088362,25.308596,24.266258,23.493586,23.685520,23.298820,23.726980,24.529024,26.273733,27.844070,28.420040,25.073084,85.526337,29.494724,7.581874,2.928061,0.393529,0.226052,0.067434,0.100217,0.049812,0.033921,0.005557,0.016333,0.005347,0.022410,0.011378,0.016952,0.000000,0.010796,0.011173,0.011610,0.017113
3180,3239,3210,873.629,36.629,534.993,103.555,5.493,0.159,0.036,31.306690,29.957319,28.691484,27.728167,27.482586,26.676413,24.891193,24.885803,24.312834,24.036272,24.484499,27.807980,28.562332,30.370180,25.760212,86.934502,29.232100,7.672074,3.066589,0.455248,0.252766,0.078698,0.083607,0.050673,0.055801,0.027782,0.011243,0.011455,0.016882,0.016732,0.028296,0.005787,0.022370,0.005359,0.000000,0.011038
3240,3299,3270,873.615,36.666,521.026,100.628,5.426,0.161,0.034,30.951986,29.510071,27.546078,27.179277,27.303749,26.391499,24.386702,23.693398,23.873037,24.321186,24.093811,26.396154,28.055645,28.215372,25.324837,84.192528,28.442148,7.261550,2.661193,0.472568,0.273280,0.113590,0.067355,0.059464,0.032540,0.054900,0.021688,0.010880,0.022319,0.005537,0.032429,0.016344,0.011186,0.021613,0.005176,0.005176
3300,3359,3330,873.602,36.632,514.579,100.338,5.376,0.160,0.034,28.976269,27.304430,26.012487,26.165539,26.819338,24.857588,24.822487,23.580246,23.422020,23.865906,24.957148,26.865374,27.755632,28.384176,25.600744,85.714157,28.073135,7.449821,2.871640,0.402299,0.265445,0.043828,0.057027,0.077062,0.055442,0.028006,0.022280,0.033020,0.011396,0.028698,0.011092,0.016946,0.000000,0.010811,0.011341,0.005727
3360,3419,3390,873.590,36.618,508.012,99.589,5.436,0.163,0.034,27.923302,27.049368,26.569859,25.958757,25.216661,24.591480,23.867193,23.715355,23.174225,23.723639,24.060049,26.524557,29.191389,29.011469,24.418566,83.051674,28.830973,7.193204,2.839021,0.416116,0.218969,0.122171,0.071263,0.044598,0.033360,0.044913,0.011161,0.010968,0.027710,0.016437,0.022210,0.005274,0.017049,0.000000,0.005274,0.033740
3420,3479,3450,873.589,36.646,508.261,99.389,5.262,0.158,0.034,27.008064,26.725567,26.156298,25.576189,25.466265,24.881910,24.875362,23.318529,23.822350,23.344349,23.795589,26.716537,28.500072,29.480942,25.422340,83.422401,28.308380,7.461166,2.928780,0.388690,0.226585,0.107086,0.094665,0.044155,0.032907,0.033596,0.017030,0.011227,0.005669,0.027733,0.021606,0.005688,0.022625,0.000000,0.005308,0.005650
3480,3539,3510,873.577,36.648,508.250,99.185,5.248,0.158,0.034,28.549734,27.223360,25.876665,26.175774,25.764519,24.524441,24.142822,24.064854,22.571844,23.393921,24.253117,26.533791,28.023653,28.329222,25.206078,83.689827,28.400217,7.498022,2.922359,0.492689,0.201058,0.095484,0.089144,0.033126,0.033859,0.038843,0.027775,0.011035,0.026705,0.011249,0.011123,0.010929,0.005727,0.005747,0.000000,0.011055
3540,3599,3570,873.573,36.720,503.599,98.545,5.330,0.162,0.034,27.494074,26.765173,25.868965,25.368164,25.012760,24.788820,23.682060,23.426733,22.776937,23.996305,23.718994,26.650211,27.865181,28.502155,25.028156,83.709373,27.839588,7.184797,2.859921,0.447703,0.168679,0.110483,0.088309,0.032892,0.034165,0.033759,0.027466,0.000000,0.027931,0.016256,0.011266,0.016660,0.016939,0.005767,0.005308,0.016920
3600,3659,3630,873.580,36.694,505.414,98.666,5.258,0.159,0.034,28.144270,27.030933,26.038799,25.708084,25.559561,24.541908,23.817200,23.272070,23.707794,23.598879,23.962433,26.414225,27.648369,28.486202,24.910391,83.491623,27.807287,7.210529,2.975481,0.414103,0.247796,0.115332,0.055434,0.044609,0.022891,0.038496,0.016486,0.022072,0.027618,0.015932,0.022297,0.005464,0.022178,0.005747,0.005519,0.005612
3660,3719,3690,873.558,36.715,508.607,99.172,5.319,0.160,0.034,29.670240,27.972969,26.276556,26.330950,25.449806,24.706758,23.960041,23.726404,23.082947,22.865488,23.941786,26.097658,28.038542,28.869459,24.175665,84.109550,27.893019,7.428905,2.780026,0.508999,0.252779,0.126236,0.098564,0.021858,0.038946,0.021925,0.027556,0.033637,0.016624,0.016705,0.022552,0.011058,0.016457,0.000000,0.005650,0.010720
3720,3779,3750,873.560,36.714,513.782,100.244,5.486,0.163,0.035,29.858120,28.173758,26.778866,27.336918,25.948036,25.176193,23.967093,23.361998,22.987917,23.592381,24.115391,27.024891,28.597540,28.177999,24.924223,84.048264,28.620991,7.051130,2.815075,0.537499,0.193715,0.094687,0.088695,0.066522,0.032793,0.022302,0.028311,0.027965,0.033326,0.011534,0.027524,0.005394,0.010867,0.010732,0.000000,0.033249
3780,3839,3810,873.568,36.692,520.216,101.243,5.653,0.166,0.035,30.394705,29.291773,28.267817,27.274813,26.701387,25.051332,25.232395,24.071487,23.548042,23.738583,24.523209,26.914814,28.429173,28.338879,24.931896,83.595169,28.248589,7.336017,3.059525,0.496330,0.245853,0.148628,0.112007,0.027673,0.027927,0.016439,0.017112,0.027816,0.005359,0.022192,0.028334,0.028205,0.000000,0.033737,0.011277,0.017034
3840,3899,3870,873.555,36.753,517.626,99.661,5.318,0.160,0.034,30.627958,28.542393,27.505211,27.193823,26.690918,25.403214,24.877979,24.202450,23.525595,23.374947,24.647505,26.994017,27.786787,28.504557,25.401398,83.842949,27.442434,7.206767,2.697580,0.477336,0.205433,0.104607,0.094337,0.060798,0.055729,0.016656,0.043914,0.016843,0.005482,0.022242,0.000000,0.010922,0.016184,0.005519,0.005394,0.016623
3900,3959,3930,873.557,36.770,531.484,102.851,5.513,0.160,0.035,31.093920,29.737801,28.423889,27.687916,26.911903,25.647915,25.110378,24.864540,24.178591,24.376644,25.474628,27.277042,28.791048,29.738632,24.836308,86.863457,29.048231,7.330994,2.962234,0.498982,0.194230,0.083949,0.095594,0.045052,0.032979,0.016700,0.021515,0.022508,0.010884,0.033087,0.022405,0.005688,0.005501,0.000000,0.033734,0.005291
3960,4019,3990,873.560,36.740,525.907,101.549,5.340,0.158,0.035,31.357681,29.491779,27.858341,27.689672,27.345154,26.363222,24.031069,23.606131,23.925209,24.306080,24.494593,26.538824,28.434492,29.082253,25.552891,85.506981,28.904133,7.471632,2.749157,0.491211,0.222204,0.117097,0.104803,0.050359,0.039487,0.050468,0.032937,0.011286,0.010806,0.011381,0.022421,0.005447,0.011079,0.005708,0.011178,0.000000
4020,4079,4050,873.546,36.703,514.734,99.334,5.211,0.157,0.034,29.797569,27.618744,26.750517,26.959194,26.262655,25.555981,24.639627,24.594414,23.419741,23.761198,24.437649,26.694159,27.596888,28.812979,24.838125,83.718147,28.551165,6.948240,2.638237,0.409955,0.250935,0.111365,0.099982,0.060981,0.049665,0.044293,0.038682,0.027896,0.005593,0.005258,0.005631,0.005688,0.000000,0.005727,0.000000,0.016802
4080,4139,4110,873.544,36.668,508.474,98.627,5.225,0.159,0.034,29.944330,27.901302,25.824909,25.870028,25.307430,25.456640,24.363882,23.915323,23.298203,22.653061,23.489124,26.868231,27.865414,28.387562,24.937254,83.261330,27.881701,7.360528,2.827148,0.398072,0.332606,0.072025,0.038258,0.027802,0.032395,0.022695,0.010813,0.021232,0.022600,0.005631,0.032654,0.010776,0.021819,0.005274,0.000000,0.005650
4140,4199,4170,873.553,36.657,514.030,100.029,5.337,0.160,0.034,28.828678,28.014980,26.656364,26.487514,26.396952,24.330862,24.058746,24.328962,23.690109,23.779066,24.744274,27.399055,27.869057,28.340801,25.441076,84.457634,27.949591,7.123586,2.933496,0.400375,0.287066,0.124222,0.096777,0.084977,0.016939,0.039680,0.028442,0.005485,0.028435,0.017237,0.028669,0.011670,0.011754,0.011433,0.005745,0.000000
4200,4259,4230,873.546,36.655,508.787,99.261,5.377,0.162,0.034,29.375998,26.873856,25.724035,26.454590,25.357801,24.490841,24.433184,22.963097,23.281324,23.722599,24.343731,26.709120,27.921612,28.623728,24.679094,84.254410,28.864952,6.893689,2.741108,0.485308,0.154742,0.105738,0.062418,0.071364,0.050338,0.011126,0.011121,0.022091,0.011016,0.005848,0.027195,0.015963,0.010466,0.000000,0.011126,0.022583
4260,4319,4290,873.519,36.613,508.026,100.111,5.588,0.167,0.035,27.908413,26.520056,26.038551,25.825649,25.566654,25.412888,23.507797,23.872051,23.037230,23.699610,23.863483,26.590824,27.488958,28.694910,24.903627,85.283043,28.739906,7.155889,2.864510,0.398763,0.211649,0.059799,0.066108,0.050805,0.038860,0.027776,0.033635,0.016226,0.016875,0.005747,0.038702,0.016434,0.011111,0.016102,0.016326,0.027079
4320,4379,4350,873.508,36.631,510.929,99.771,5.269,0.158,0.034,28.113642,27.565298,26.128775,26.212149,26.287098,24.896326,23.962116,23.581091,23.550650,23.469524,24.636345,26.425068,27.842871,28.393719,24.786615,85.062935,28.749184,7.173410,2.946274,0.404157,0.278578,0.150560,0.067339,0.055155,0.043933,0.017301,0.034154,0.027776,0.005767,0.022285,0.005593,0.005767,0.011095,0.000000,0.011112,0.005593
4380,4439,4410,873.519,36.621,509.898,99.435,5.282,0.159,0.034,27.495979,27.213894,26.669121,25.247972,25.781601,24.999409,23.800728,23.796402,23.771219,24.301565,24.678606,26.818756,28.375204,28.353848,24.672953,84.583710,28.223488,7.124549,2.895007,0.414878,0.249539,0.083268,0.094315,0.044903,0.044121,0.028132,0.033815,0.016880,0.000000,0.022419,0.011168,0.011340,0.016729,0.016782,0.005631,0.000000
4440,4499,4470,873.508,36.643,506.164,99.179,5.325,0.161,0.035,27.641201,26.801838,25.391386,25.839975,25.250866,25.291512,23.856829,23.350811,23.686855,23.767584,24.158623,26.908707,28.365692,28.234789,24.602312,83.020584,28.182726,7.681342,3.034303,0.394837,0.249967,0.089096,0.061945,0.094355,0.055147,0.005828,0.028015,0.027252,0.005291,0.022471,0.016840,0.028119,0.010971,0.000000,0.005828,0.000000
4500,4559,4530,873.519,36.577,515.360,100.995,5.442,0.161,0.035,29.037504,27.914225,26.002094,26.455734,26.333340,24.797489,24.300318,23.754028,23.516779,23.557739,24.651342,26.870842,28.517578,28.741302,23.891411,85.861794,29.724117,7.417627,2.888113,0.445771,0.283486,0.083840,0.067628,0.055208,0.011284,0.033256,0.010938,0.017222,0.028018,0.028356,0.016575,0.016576,0.000000,0.005727,0.005807,0.016656
4560,4619,4590,873.513,36.550,521.676,101.904,5.526,0.162,0.035,29.842497,28.327948,26.934059,26.815948,26.727371,25.324522,24.784178,24.298697,23.925058,24.036346,25.083366,26.708714,28.529827,29.322153,24.503078,85.959335,28.812340,7.567255,2.804924,0.516685,0.296572,0.210829,0.105552,0.016422,0.033597,0.032657,0.022069,0.038748,0.005807,0.010884,0.028276,0.021669,0.005342,0.005574,0.000000,0.017321
4620,4679,4650,873.514,36.487,523.513,101.229,5.328,0.158,0.035,29.951017,28.464464,26.437342,27.269382,26.726671,25.678566,24.904572,24.658340,23.899986,24.368534,25.228140,27.233696,29.073664,29.281996,25.449783,85.034302,28.350239,7.417201,2.988380,0.435798,0.238819,0.122060,0.050519,0.065662,0.039244,0.021869,0.033605,0.016513,0.005631,0.011038,0.016571,0.016418,0.000000,0.022730,0.000000,0.000000
4680,4739,4710,873.506,36.455,526.654,102.647,5.555,0.162,0.035,29.143326,28.985979,26.984917,27.455639,26.823528,25.927082,24.924782,24.590340,24.479725,24.024834,25.183266,27.644800,29.151009,29.390064,25.298466,85.849098,28.971251,7.840183,2.785517,0.445894,0.222201,0.162035,0.066478,0.056459,0.062572,0.027894,0.027159,0.011416,0.016432,0.005537,0.039899,0.022166,0.016806,0.005767,0.000000,0.011397
