CampaignData_and_Merges/R0/CSL_MobileLab_Parked/raw/20240803/USOS-NOAAIodideCIMS-OrgNitrs_MobileLabGround_20240803_RA.ict
37, 1001
Michael A Robinson, Chris Jernigan, Subi Thakali
NOAA ESRL Chemical Sciences Laboratory and CIRES, U. of Colorado
NOAA Iodide CIMS Instrument
USOS
1, 1
2024, 08, 03, 2024, 08, 04
1
starttime_UTC, seconds_past_midnight, seconds_of_day_since_00:00:00_UTC
5
1, 1, 1, 1, 1
-9999, -9999, -9999, -9999, -9999
C4H7NO5_NOAACIMS, pptv, Gas_C4H7NO5_InSitu_S_AVMR, 
ISOPN_NOAACIMS, pptv, Gas_ISOPN_InSitu_S_AVMR, 
C5H10O3_NOAACIMS, pptv, Gas_C5H10O3_InSitu_S_AVMR, 
C5H9NO5_NOAACIMS, pptv, Gas_C5H9NO5_InSitu_S_AVMR, 
C10H17NO4_NOAACIMS, pptv, Gas_C10H17NO4_InSitu_S_AVMR, 
0
18
PI_CONTACT_INFO: 325 Broadway, R/CSD 7, Boulder, Colorado 80305; michael.a.robinson@noaa.gov; chris.jernigan@noaa.gov;
PLATFORM: NOAA CSL Mobile Lab
LOCATION: SLC, Utah
ASSOCIATED_DATA: 1Hz data also available on request.
INSTRUMENT_INFO: NOAA I- ToF CIMS
DATA_INFO: All data in parts per trillion by volume (pptv). 1 Hz data is available upon request.
UNCERTAINTY: TBD
ULOD_FLAG: -7777
ULOD_VALUE: N/A
LLOD_FLAG: -8888
LLOD_VALUE: N/A
DM_CONTACT_INFO: Nathan Howard; nathan.h.howard@noaa.gov
PROJECT_INFO: USOS, summer 2024. https://csl.noaa.gov/groups/csl7/measurements/2024usos/
STIPULATIONS_ON_USE: Users are strongly encouraged to contact the PI for proper data usage.
OTHER_COMMENTS: 
REVISION: RA
RA: Preliminary Data; For in-field use only
starttime_UTC, C4H7NO5_NOAACIMS, ISOPN_NOAACIMS, C5H10O3_NOAACIMS, C5H9NO5_NOAACIMS, C10H17NO4_NOAACIMS
     0,  9.768, 16.786, 177.126,  5.225,  0.170
    60,  9.798, 16.139, 177.400,  5.032,  0.249
   120,  9.618, 16.332, 175.792,  4.937,  0.363
   180,  9.825, 17.045, 176.967,  5.205,  0.317
   240,  9.706, 16.432, 178.894,  4.991,  0.286
   300,  9.764, 16.364, 182.070,  4.724,  0.384
   360,  9.943, 15.801, 187.752,  4.874,  0.212
   420,  9.731, 16.132, 188.245,  4.929,  0.248
   480,  9.970, 15.967, 190.911,  4.857,  0.272
   540, -9999.000, -9999.000, -9999.000, -9999.000, -9999.000
   600, -9999.000, -9999.000, -9999.000, -9999.000, -9999.000
   660, -9999.000, -9999.000, -9999.000, -9999.000, -9999.000
   720, -9999.000, -9999.000, -9999.000, -9999.000, -9999.000
   780, -9999.000, -9999.000, -9999.000, -9999.000, -9999.000
   840, -9999.000, -9999.000, -9999.000, -9999.000, -9999.000
   900, -9999.000, -9999.000, -9999.000, -9999.000, -9999.000
   960, -9999.000, -9999.000, -9999.000, -9999.000, -9999.000
  1020, -9999.000, -9999.000, -9999.000, -9999.000, -9999.000
  1080, -9999.000, -9999.000, -9999.000, -9999.000, -9999.000
  1140, -9999.000, -9999.000, -9999.000, -9999.000, -9999.000
  1200, -9999.000, -9999.000, -9999.000, -9999.000, -9999.000
  1260, -9999.000, -9999.000, -9999.000, -9999.000, -9999.000
  1320, -9999.000, -9999.000, -9999.000, -9999.000, -9999.000
  1380, -9999.000, -9999.000, -9999.000, -9999.000, -9999.000
  1440, -9999.000, -9999.000, -9999.000, -9999.000, -9999.000
  1500, -9999.000, -9999.000, -9999.000, -9999.000, -9999.000
  1560, -9999.000, -9999.000, -9999.000, -9999.000, -9999.000
  1620, -9999.000, -9999.000, -9999.000, -9999.000, -9999.000
  1680, -9999.000, -9999.000, -9999.000, -9999.000, -9999.000
  1740, -9999.000, -9999.000, -9999.000, -9999.000, -9999.000
  1800, -9999.000, -9999.000, -9999.000, -9999.000, -9999.000
  1860, -9999.000, -9999.000, -9999.000, -9999.000, -9999.000
  1920, -9999.000, -9999.000, -9999.000, -9999.000, -9999.000
  1980, -9999.000, -9999.000, -9999.000, -9999.000, -9999.000
  2040, -9999.000, -9999.000, -9999.000, -9999.000, -9999.000
  2100, -9999.000, -9999.000, -9999.000, -9999.000, -9999.000
  2160, -9999.000, -9999.000, -9999.000, -9999.000, -9999.000
  2220, -9999.000, -9999.000, -9999.000, -9999.000, -9999.000
  2280, -9999.000, -9999.000, -9999.000, -9999.000, -9999.000
  2340, -9999.000, -9999.000, -9999.000, -9999.000, -9999.000
  2400, -9999.000, -9999.000, -9999.000, -9999.000, -9999.000
  2460, -9999.000, -9999.000, -9999.000, -9999.000, -9999.000
  2520, -9999.000, -9999.000, -9999.000, -9999.000, -9999.000
  2580, -9999.000, -9999.000, -9999.000, -9999.000, -9999.000
  2640, -9999.000, -9999.000, -9999.000, -9999.000, -9999.000
  2700, -9999.000, -9999.000, -9999.000, -9999.000, -9999.000
  2760, -9999.000, -9999.000, -9999.000, -9999.000, -9999.000
  2820, -9999.000, -9999.000, -9999.000, -9999.000, -9999.000
  2880, -9999.000, -9999.000, -9999.000, -9999.000, -9999.000
  2940, -9999.000, -9999.000, -9999.000, -9999.000, -9999.000
  3000, -9999.000, -9999.000, -9999.000, -9999.000, -9999.000
  3060, -9999.000, -9999.000, -9999.000, -9999.000, -9999.000
  3120, -9999.000, -9999.000, -9999.000, -9999.000, -9999.000
  3180, -9999.000, -9999.000, -9999.000, -9999.000, -9999.000
  3240, -9999.000, -9999.000, -9999.000, -9999.000, -9999.000
  3300, -9999.000, -9999.000, -9999.000, -9999.000, -9999.000
  3360, -9999.000, -9999.000, -9999.000, -9999.000, -9999.000
  3420, -9999.000, -9999.000, -9999.000, -9999.000, -9999.000
  3480, -9999.000, -9999.000, -9999.000, -9999.000, -9999.000
  3540, -9999.000, -9999.000, -9999.000, -9999.000, -9999.000
  3600, -9999.000, -9999.000, -9999.000, -9999.000, -9999.000
  3660, -9999.000, -9999.000, -9999.000, -9999.000, -9999.000
  3720, -9999.000, -9999.000, -9999.000, -9999.000, -9999.000
  3780, -9999.000, -9999.000, -9999.000, -9999.000, -9999.000
  3840, -9999.000, -9999.000, -9999.000, -9999.000, -9999.000
  3900, -9999.000, -9999.000, -9999.000, -9999.000, -9999.000
  3960, -9999.000, -9999.000, -9999.000, -9999.000, -9999.000
  4020, -9999.000, -9999.000, -9999.000, -9999.000, -9999.000
  4080,  6.598, 12.480, 90.376,  4.314,  0.175
  4140,  6.572, 11.832, 90.882,  4.160,  0.138
  4200,  6.388, 10.893, 92.503,  4.173,  0.050
  4260,  6.283, 10.912, 94.602,  4.066,  0.106
  4320,  6.283, 10.729, 95.192,  4.010,  0.077
  4380,  6.290, 10.693, 95.034,  4.177,  0.061
  4440,  6.124, 10.194, 93.904,  3.996,  0.023
  4500,  6.055,  9.930, 95.541,  3.892,  0.150
  4560,  5.666,  9.366, 94.851,  3.787,  0.066
  4620,  5.723,  9.435, 95.024,  3.872,  0.109
  4680,  5.578,  9.058, 94.961,  3.710,  0.073
  4740,  5.684,  8.796, 95.505,  3.725,  0.082
  4800,  5.574,  9.455, 98.902,  4.006,  0.039
  4860,  5.684,  9.103, 101.490,  3.825,  0.145
  4920,  5.671,  9.035, 100.771,  3.877,  0.115
  4980,  5.744,  9.142, 102.072,  4.226,  0.052
  5040, -9999.000, -9999.000, -9999.000, -9999.000, -9999.000
  5100,  5.641,  9.015, 85.883,  4.054,  0.108
  5160,  5.796, 10.114, 98.393,  4.020,  0.072
  5220,  5.818,  9.764, 101.136,  4.064,  0.094
  5280,  5.877,  9.894, 101.531,  4.084,  0.127
  5340,  5.924, 10.241, 108.946,  4.147,  0.071
  5400,  5.906, 10.490, 109.283,  4.100,  0.128
  5460,  5.907,  9.953, 108.039,  4.012,  0.173
  5520,  5.859,  9.624, 109.937,  4.314,  0.216
  5580,  5.487,  9.529, 106.639,  3.927,  0.098
  5640,  5.518,  9.103, 105.019,  4.054,  0.106
  5700,  5.266,  9.220, 105.550,  3.841,  0.147
  5760,  5.250,  8.785, 101.709,  3.896,  0.074
  5820,  5.308,  9.141, 103.356,  3.867,  0.074
  5880,  5.309,  8.938, 105.190,  3.886,  0.184
  5940,  5.219,  9.141, 102.570,  3.972,  0.149
  6000,  5.224,  9.142, 104.814,  3.817,  0.223
  6060,  5.165,  9.140, 102.922,  3.958,  0.273
  6120,  5.161,  9.395, 103.501,  3.699,  0.188
  6180,  5.101,  9.332, 101.450,  3.889,  0.190
  6240,  4.805,  8.863, 97.233,  3.589,  0.181
  6300,  5.022, 10.071, 98.258,  3.776,  0.200
  6360,  5.027, 10.048, 96.807,  3.806,  0.165
  6420,  4.884, 10.253, 95.687,  3.537,  0.077
  6480,  4.870,  9.763, 94.801,  3.736,  0.177
  6540,  4.832, 10.238, 95.337,  3.939,  0.165
  6600,  4.693,  9.664, 92.669,  3.468,  0.146
  6660,  4.631, 10.202, 93.200,  3.747,  0.185
  6720,  4.732, 10.135, 92.779,  3.974,  0.212
  6780,  4.681, 10.752, 92.146,  3.982,  0.141
  6840,  4.629, 10.623, 94.803,  3.829,  0.198
  6900,  4.573,  9.734, 78.863,  3.784,  0.102
  6960,  4.514, 10.579, 84.700,  4.010,  0.152
  7020,  4.735, 10.660, 87.338,  3.973,  0.217
  7080,  4.757, 10.875, 87.088,  3.984,  0.264
  7140,  4.690, 11.236, 87.847,  4.065,  0.236
  7200,  4.666, 11.569, 87.653,  3.910,  0.216
  7260,  4.730, 11.471, 89.039,  3.949,  0.273
  7320,  4.599, 11.078, 85.119,  4.070,  0.306
  7380,  4.466, 10.597, 85.590,  3.873,  0.264
  7440,  4.419, 10.539, 82.664,  3.762,  0.290
  7500,  4.430, 10.486, 84.162,  3.996,  0.379
  7560,  4.386, 10.219, 80.853,  3.748,  0.271
  7620,  4.346, 10.554, 79.564,  3.760,  0.210
  7680,  4.339, 10.201, 80.791,  3.936,  0.203
  7740,  4.292, 10.045, 79.569,  4.070,  0.277
  7800,  4.422, 10.848, 78.527,  3.968,  0.313
  7860,  4.399, 10.415, 79.474,  4.079,  0.242
  7920,  4.337, 10.564, 80.594,  3.979,  0.353
  7980,  4.320, 10.417, 78.691,  4.119,  0.306
  8040,  4.317, 10.082, 77.739,  4.051,  0.315
  8100,  4.296, 10.149, 77.422,  4.006,  0.354
  8160,  4.235,  9.932, 77.635,  4.062,  0.279
  8220,  4.126,  9.773, 74.479,  4.145,  0.378
  8280,  4.239,  9.849, 73.759,  3.759,  0.341
  8340,  4.234, 10.092, 75.151,  4.210,  0.321
  8400,  4.291, 10.515, 75.990,  4.152,  0.414
  8460,  4.299, 10.210, 74.134,  4.280,  0.382
  8520,  4.427, 11.205, 80.103,  4.716,  0.425
  8580,  4.654, 11.504, 82.994,  4.723,  0.433
  8640,  4.815, 13.126, 86.089,  5.130,  0.424
  8700, -9999.000, -9999.000, -9999.000, -9999.000, -9999.000
  8760,  4.830, 12.202, 73.622,  5.138,  0.500
  8820,  4.956, 13.366, 79.608,  5.258,  0.432
  8880,  4.941, 13.471, 81.890,  5.324,  0.535
  8940,  4.986, 13.430, 84.403,  5.496,  0.532
  9000,  5.069, 13.334, 85.069,  5.275,  0.636
  9060,  4.951, 13.054, 84.033,  5.797,  0.475
  9120,  4.997, 12.839, 83.936,  5.649,  0.591
  9180,  5.005, 12.682, 83.920,  5.478,  0.574
  9240,  5.299, 14.522, 90.417,  6.691,  0.592
  9300,  5.668, 16.249, 99.797,  7.298,  0.748
  9360,  5.720, 16.326, 104.467,  7.269,  0.653
  9420,  5.993, 16.833, 110.615,  7.848,  0.799
  9480,  6.221, 17.700, 120.260,  8.222,  0.816
  9540,  6.216, 18.836, 118.680,  7.942,  0.923
  9600,  6.279, 18.083, 118.768,  8.146,  0.821
  9660,  6.286, 18.216, 117.992,  7.970,  0.854
  9720,  6.624, 18.396, 128.122,  8.415,  0.922
  9780,  6.475, 18.446, 125.937,  7.992,  0.818
  9840,  6.830, 18.429, 138.274,  8.072,  0.823
  9900,  6.834, 18.807, 139.445,  8.295,  0.864
  9960,  6.840, 18.653, 139.138,  8.152,  1.037
 10020,  6.902, 19.835, 142.193,  8.460,  0.969
 10080,  6.710, 20.043, 140.464,  8.113,  0.954
 10140,  6.952, 21.249, 141.320,  8.615,  0.912
 10200,  7.009, 19.976, 142.867,  8.817,  0.936
 10260,  7.014, 20.096, 150.222,  9.216,  0.903
 10320,  6.973, 19.965, 146.081,  9.165,  0.848
 10380,  6.771, 20.009, 146.591,  9.511,  0.884
 10440,  6.934, 20.006, 148.644,  9.267,  0.872
 10500,  6.887, 20.145, 144.381,  9.248,  0.844
 10560, -9999.000, -9999.000, -9999.000, -9999.000, -9999.000
 10620,  6.876, 20.937, 141.423,  9.108,  0.746
 10680,  7.072, 22.512, 146.559,  9.165,  0.655
 10740,  7.224, 22.054, 158.651,  9.225,  0.859
 10800,  7.279, 22.716, 164.239,  9.378,  0.710
 10860,  7.382, 22.291, 168.283,  9.847,  0.793
 10920,  7.367, 22.247, 170.708,  9.638,  0.851
 10980,  7.517, 23.358, 177.228, 10.164,  0.764
 11040,  7.366, 22.823, 175.292,  9.832,  0.827
 11100,  7.517, 23.444, 176.389,  9.744,  0.778
 11160,  7.466, 24.653, 179.301,  9.590,  0.714
 11220,  7.564, 24.022, 178.544,  9.761,  0.857
 11280,  7.447, 22.957, 173.903,  9.463,  0.804
 11340,  7.506, 23.535, 179.278,  9.831,  0.905
 11400,  7.383, 23.397, 178.207,  9.714,  0.892
 11460,  7.407, 23.855, 181.194,  9.694,  0.996
 11520,  7.354, 23.667, 180.223,  9.561,  0.934
 11580,  7.491, 24.284, 182.332,  9.578,  0.956
 11640,  7.530, 24.286, 179.405,  9.762,  0.851
 11700,  7.517, 24.158, 180.542,  9.580,  0.940
 11760,  7.445, 24.810, 174.735,  9.617,  0.941
 11820,  7.406, 25.360, 175.507,  9.620,  0.873
 11880,  7.349, 25.087, 177.475,  9.344,  0.974
 11940,  7.439, 24.861, 175.841,  9.053,  0.916
 12000,  7.448, 25.241, 177.482,  9.304,  0.924
 12060,  7.424, 24.678, 177.453,  9.369,  0.949
 12120,  7.362, 23.971, 177.294,  9.208,  0.885
 12180,  7.382, 25.939, 177.982,  9.200,  0.890
 12240,  7.498, 25.170, 178.246,  9.299,  0.916
 12300,  7.508, 24.720, 183.145,  9.408,  0.976
 12360,  7.448, 25.772, 181.068,  9.066,  0.875
 12420, -9999.000, -9999.000, -9999.000, -9999.000, -9999.000
 12480,  6.973, 23.727, 155.520,  8.870,  0.905
 12540,  7.377, 24.437, 165.629,  9.343,  0.876
 12600,  7.410, 24.123, 170.487,  9.388,  0.910
 12660,  7.384, 24.249, 175.452,  9.525,  0.988
 12720,  7.527, 25.291, 180.419,  9.541,  0.990
 12780,  7.553, 26.120, 179.194,  9.974,  1.046
 12840,  7.443, 24.630, 177.206,  9.733,  0.960
 12900,  7.440, 25.459, 178.168,  9.791,  1.009
 12960,  7.595, 25.937, 181.776, 10.021,  1.021
 13020,  7.620, 25.282, 186.487, 10.080,  1.001
 13080,  7.499, 25.675, 182.842, 10.217,  0.985
 13140,  7.560, 25.244, 182.857, 10.740,  1.054
 13200,  7.466, 25.742, 184.069, 10.649,  1.090
 13260,  7.789, 26.331, 187.111, 10.948,  1.053
 13320,  7.712, 26.076, 188.432, 10.642,  1.059
 13380,  7.781, 26.803, 188.689, 10.781,  1.049
 13440,  7.661, 26.635, 190.183, 10.661,  1.011
 13500,  7.899, 26.821, 193.888, 11.029,  0.962
 13560,  7.802, 27.041, 194.241, 11.044,  1.069
 13620,  7.805, 25.767, 192.024, 10.888,  1.079
 13680,  7.768, 26.908, 194.920, 11.237,  0.990
 13740,  7.595, 25.942, 190.016, 10.649,  1.099
 13800,  7.651, 26.197, 187.983, 10.987,  1.110
 13860,  7.704, 26.324, 182.385, 10.621,  1.060
 13920,  7.814, 26.830, 191.379, 10.944,  0.993
 13980,  7.592, 26.365, 185.481, 10.868,  1.099
 14040,  7.836, 26.769, 187.315, 11.086,  0.978
 14100,  8.060, 27.676, 193.164, 11.277,  1.050
 14160,  7.779, 26.679, 187.686, 10.656,  0.966
 14220,  7.624, 27.084, 182.637, 10.673,  1.082
 14280,  7.553, 25.958, 173.490, 10.952,  0.919
 14340,  7.920, 27.358, 182.960, 11.289,  0.951
 14400,  7.989, 27.617, 188.912, 11.469,  1.039
 14460,  8.168, 27.241, 190.680, 11.823,  0.926
 14520,  8.211, 28.179, 204.147, 12.555,  1.068
 14580,  8.132, 28.835, 201.032, 12.671,  1.187
 14640,  8.316, 28.912, 200.801, 12.521,  1.135
 14700,  8.199, 27.841, 201.141, 12.287,  1.066
 14760,  8.152, 28.219, 195.286, 12.274,  1.043
 14820,  8.251, 28.277, 198.070, 12.580,  1.060
 14880,  8.230, 28.984, 201.393, 13.070,  1.129
 14940,  8.427, 29.281, 204.392, 13.058,  1.228
 15000,  8.351, 28.913, 203.395, 12.886,  1.181
 15060,  8.227, 28.208, 201.778, 12.553,  0.985
 15120,  8.335, 29.471, 202.911, 13.012,  1.062
 15180,  8.253, 28.414, 201.959, 12.844,  1.076
 15240,  8.232, 27.697, 199.749, 12.841,  1.054
 15300,  8.284, 29.097, 200.218, 13.339,  1.190
 15360,  8.256, 29.514, 200.871, 13.474,  1.099
 15420,  8.408, 29.493, 203.422, 13.588,  1.207
 15480,  8.495, 30.291, 201.488, 13.565,  1.125
 15540,  8.626, 29.243, 205.196, 14.172,  1.151
 15600,  8.497, 30.180, 202.208, 14.282,  1.229
 15660,  8.695, 29.781, 207.228, 15.020,  1.202
 15720,  8.493, 29.280, 200.102, 14.222,  1.132
 15780,  8.714, 29.497, 198.913, 15.166,  1.147
 15840,  8.476, 29.536, 202.520, 14.614,  1.281
 15900,  8.507, 29.821, 197.011, 14.363,  1.221
 15960,  8.488, 29.654, 198.356, 14.891,  1.216
 16020,  8.384, 30.313, 198.261, 14.794,  1.241
 16080,  8.389, 29.099, 194.767, 15.632,  1.480
 16140,  8.099, 26.453, 155.804, 13.460,  1.153
 16200,  8.496, 28.211, 169.049, 14.396,  1.118
 16260,  8.329, 29.113, 179.798, 14.947,  1.139
 16320,  8.588, 29.722, 190.543, 15.726,  1.139
 16380,  8.472, 29.410, 187.554, 15.140,  1.159
 16440,  8.557, 29.779, 197.036, 15.508,  1.241
 16500,  8.696, 30.096, 199.517, 15.381,  1.239
 16560,  8.551, 30.015, 202.443, 15.374,  1.233
 16620,  8.493, 29.513, 197.641, 15.295,  1.168
 16680,  8.498, 29.416, 196.742, 15.209,  1.140
 16740,  8.550, 29.728, 199.015, 15.091,  1.293
 16800,  8.476, 29.714, 194.311, 14.988,  1.250
 16860,  8.460, 29.275, 192.147, 15.286,  1.427
 16920,  8.560, 29.649, 196.770, 15.686,  1.473
 16980,  8.678, 30.509, 196.377, 15.900,  1.281
 17040,  8.525, 28.410, 193.866, 15.757,  1.476
 17100,  8.401, 28.763, 191.831, 14.968,  1.289
 17160,  8.507, 29.178, 196.051, 15.678,  1.448
 17220,  8.509, 29.643, 193.428, 15.774,  1.508
 17280,  8.381, 29.474, 199.117, 15.682,  1.384
 17340,  8.325, 28.292, 194.352, 15.485,  1.332
 17400,  8.299, 28.798, 197.363, 15.134,  1.329
 17460,  8.072, 28.101, 193.848, 14.741,  1.355
 17520,  8.110, 28.197, 185.283, 14.258,  1.309
 17580,  8.085, 28.390, 189.120, 14.303,  1.418
 17640,  7.919, 27.224, 183.267, 13.943,  1.277
 17700,  8.092, 27.243, 186.892, 13.840,  1.367
 17760,  7.861, 27.201, 190.528, 14.095,  1.391
 17820,  7.377, 25.098, 181.192, 12.350,  1.053
 17880,  7.235, 24.531, 179.786, 12.604,  1.179
 17940,  7.418, 23.446, 181.816, 12.291,  1.347
 18000,  6.913, 23.578, 165.886, 12.031,  1.205
 18060,  6.993, 23.362, 174.909, 12.322,  1.043
 18120,  7.138, 23.698, 172.570, 12.479,  1.165
 18180,  7.144, 24.465, 175.440, 12.185,  1.173
 18240,  7.373, 24.998, 178.239, 12.537,  1.183
 18300,  7.026, 24.161, 165.900, 12.434,  1.041
 18360,  6.894, 22.998, 164.177, 12.288,  1.260
 18420,  6.958, 23.324, 157.484, 12.881,  1.281
 18480,  7.006, 23.667, 162.234, 12.635,  1.203
 18540,  6.920, 23.220, 165.770, 12.584,  1.121
 18600,  7.011, 23.730, 163.370, 12.392,  1.185
 18660,  6.589, 22.032, 165.888, 11.763,  1.119
 18720,  6.571, 21.475, 163.894, 11.374,  0.892
 18780,  6.546, 21.136, 164.798, 11.384,  1.172
 18840,  6.459, 21.186, 167.693, 11.564,  1.182
 18900,  6.425, 20.722, 161.634, 11.446,  1.187
