CampaignData_and_Merges/R0/CSL_MobileLab_Parked/raw/20240803/USOS-POPS_MobileLabGround_20240803_R0.ict
78, 1001
Thornberry, T. D.
NOAA Chemical Sciences Laboratory
Portable Optical Particle Spectrometer (POPS)
USOS
1, 1
2024, 08, 03, 2025, 05, 08
60
Time_Start, seconds_past_midnight, Start time of measurement
45
1, 1, 1, 1, 1, 1, 1, 1, 1, 1, 1, 1, 1, 1, 1, 1, 1, 1, 1, 1, 1, 1, 1, 1, 1, 1, 1, 1, 1, 1, 1, 1, 1, 1, 1, 1, 1, 1, 1, 1, 1, 1, 1, 1, 1
-9999, -9999, -9999, -9999, -9999, -9999, -9999, -9999, -9999, -9999, -9999, -9999, -9999, -9999, -9999, -9999, -9999, -9999, -9999, -9999, -9999, -9999, -9999, -9999, -9999, -9999, -9999, -9999, -9999, -9999, -9999, -9999, -9999, -9999, -9999, -9999, -9999, -9999, -9999, -9999, -9999, -9999, -9999, -9999, -9999
Time_Stop, seconds_past_midnight, Stop time of measurement
Time_Mid, seconds_past_midnight, Mid time of measurement
Press_mb, mb, Pressure reported (mb)
Temp_C, degrees C, POPS temperature measurement
Aerosol_concentration, cm^-3, Aerosol concentration
Surface_Area_Conc, um^2 cm^-3, Surface area concentration
Volume_density, um^3 cm^-3, Volume density
Effective_radius, um, Effective radius
Extinction, km^-1, Extinction
Bin01, cm^-3, particle concentration in size range [1401 - 146.3 nm]
Bin02, cm^-3, particle concentration in size range [146.3 - 152.8 nm]
Bin03, cm^-3, particle concentration in size range [152.8 - 159.6 nm]
Bin04, cm^-3, particle concentration in size range [159.6 - 166.8 nm]
Bin05, cm^-3, particle concentration in size range [166.8 - 174.2 nm]
Bin06, cm^-3, particle concentration in size range [174.2 - 181.9 nm]
Bin07, cm^-3, particle concentration in size range [181.9 - 190.0 nm]
Bin08, cm^-3, particle concentration in size range [190.0 - 198.5 nm]
Bin09, cm^-3, particle concentration in size range [198.5 - 207.4 nm]
Bin10, cm^-3, particle concentration in size range [207.4 - 216.6 nm]
Bin11, cm^-3, particle concentration in size range [216.6 - 226.2 nm]
Bin12, cm^-3, particle concentration in size range [226.2 - 236.3 nm]
Bin13, cm^-3, particle concentration in size range [236.3 - 246.8 nm]
Bin14, cm^-3, particle concentration in size range [246.8 - 257.8 nm]
Bin15, cm^-3, particle concentration in size range [257.8 - 269.3 nm]
Bin16, cm^-3, particle concentration in size range [269.3 - 343.4 nm]
Bin17, cm^-3, particle concentration in size range [343.4 - 450.7 nm]
Bin18, cm^-3, particle concentration in size range [450.7 - 525.9 nm]
Bin19, cm^-3, particle concentration in size range [525.9 - 618.5 nm]
Bin20, cm^-3, particle concentration in size range [618.5 - 710.0 nm]
Bin21, cm^-3, particle concentration in size range [710.0 - 822.7 nm]
Bin22, cm^-3, particle concentration in size range [822.7 - 885.9 nm]
Bin23, cm^-3, particle concentration in size range [885.9 - 953.9 nm]
Bin24, cm^-3, particle concentration in size range [953.9 - 1027.2 nm]
Bin25, cm^-3, particle concentration in size range [1027.2 - 1106.1 nm]
Bin26, cm^-3, particle concentration in size range [1106.1 - 1191.0 nm]
Bin27, cm^-3, particle concentration in size range [1191.0 - 1282.5 nm]
Bin28, cm^-3, particle concentration in size range [1282.5 - 1381.0 nm]
Bin29, cm^-3, particle concentration in size range [1381.0 - 1487.1 nm]
Bin30, cm^-3, particle concentration in size range [1487.1 - 1601.3 nm]
Bin31, cm^-3, particle concentration in size range [1601.3 - 1724.3 nm]
[...]
PLATFORM: NOAA CSL Mobile Lab
LOCATION: USOS
ASSOCIATED_DATA: N/A
INSTRUMENT_INFO: Printed Optical Particle Spectrometer counts particles from 140 - 2500 nm in diameter 
DATA_INFO: Particle concentrations reported in number per cubic centimeter,1 Hz data
UNCERTAINTY: Counting uncertainty dominated by air flow, less than 5 percent. Measurement range is ~0 - 3000 per cm3 (varies depending on flow rate- manufacturer quotes 1250 per cm3 at 1.667 cc/s)
ULOD_FLAG: -7777
ULOD_VALUE: N/A
LLOD_FLAG: -8888
LLOD_VALUE: N/A
DM_CONTACT_INFO: Troy Thornberry, 325 Broadway R/CSL6, Boulder, CO 80305; troy.thornberry@noaa.gov; 303-497-3373
PROJECT_INFO: USOS, Utah POPS data from NOAA CSL Mobile Lab
STIPULATIONS_ON_USE: Please contact the PIs for questions regarding applications and uncertainties
OTHER_COMMENTS: POPS bin Edges (nm):  140.1, 146.3, 152.8, 159.6, 166.8, 174.2, 181.9, 190.0, 198.5, 207.4, 216.6, 226.2, 236.3, 246.8, 257.8, 269.3, 343.4, 450.7, 525.9, 618.5, 710.0, 822.7, 885.9, 953.9, 1027.2, 1106.1, 1191.0, 1282.5, 1381.0, 1487.1, 1601.3, 1724.3, 1856.7, 1999.3, 2152.8, 2318.2, 2496.2
Calculations assume organic aerosol refractive index of 1.52+0.00j and extinction wavelength = 532 nm
REVISION: R0
R0: Final data
Time_Start, Time_Stop, Time_Mid, Press_mb, Temp_C, Aerosol_concentration, Surface_Area_Conc, Volume_density, Effective_radius, Extinction, Bin01, Bin02, Bin03, Bin04, Bin05, Bin06, Bin07, Bin08, Bin09, Bin10, Bin11, Bin12, Bin13, Bin14, Bin15, Bin16, Bin17, Bin18, Bin19, Bin20, Bin21, Bin22, Bin23, Bin24, Bin25, Bin26, Bin27, Bin28, Bin29, Bin30, Bin31, Bin32, Bin33, Bin34, Bin35, Bin36
[from data line 159]
9540,9599,9570,873.819,34.508,625.008,118.980,7.040,0.177,0.041,43.037479,40.808960,37.362434,35.995899,34.285625,32.106647,30.922729,29.371109,28.024849,27.853516,27.262062,29.094482,30.525114,30.792877,27.343607,94.387741,32.585430,8.228622,3.443763,0.524261,0.294057,0.062190,0.153935,0.067635,0.067911,0.050293,0.045161,0.017494,0.039964,0.033742,0.039578,0.027861,0.028269,0.027968,0.050446,0.044774
9600,9659,9630,873.829,34.440,611.265,115.970,6.463,0.166,0.040,41.637360,39.084675,36.167912,34.890850,33.456715,32.069370,29.248007,28.377069,27.194609,26.916029,27.132290,28.419037,30.410526,30.468203,26.028597,93.942039,32.556149,8.412280,3.317247,0.500596,0.307059,0.169165,0.132362,0.066637,0.065519,0.033768,0.050318,0.033716,0.032537,0.033427,0.027413,0.027747,0.016917,0.000000,0.000000,0.039036
9660,9719,9690,873.842,34.383,619.580,118.431,6.755,0.170,0.041,42.836571,39.384666,36.832783,35.168476,33.931423,32.851227,29.991482,28.605875,27.071028,27.398912,26.799950,28.680075,30.789686,31.039223,26.082088,94.770409,33.093922,9.043276,3.534089,0.608567,0.361515,0.120943,0.127383,0.071460,0.061558,0.038832,0.021967,0.073275,0.022512,0.022218,0.028102,0.022487,0.016908,0.016168,0.016513,0.044410
9720,9779,9750,873.856,34.356,615.834,118.245,6.903,0.174,0.041,41.695103,39.428875,35.349609,35.292233,33.564453,32.041473,30.554998,29.437572,27.265368,26.880672,27.736637,28.644344,29.899878,30.218309,27.503853,93.781342,32.589550,8.754282,3.438574,0.556233,0.346825,0.144090,0.167482,0.083642,0.061108,0.044534,0.055767,0.045234,0.033550,0.045378,0.044530,0.022626,0.011259,0.016719,0.033600,0.044446
9780,9839,9810,873.855,34.253,597.812,115.547,6.688,0.173,0.040,39.292671,36.142185,34.045792,33.851452,32.734512,30.096930,28.963196,28.837107,26.708164,26.690901,27.276533,28.372505,28.956142,29.918121,26.296347,93.602066,32.393940,8.718596,3.271529,0.526334,0.392802,0.144227,0.118184,0.077734,0.044568,0.038389,0.056185,0.032644,0.021789,0.011186,0.038354,0.017145,0.027716,0.016830,0.045173,0.033798
9840,9899,9870,873.866,34.331,580.671,113.034,6.410,0.169,0.039,37.578903,34.037117,32.790596,31.428812,31.437098,29.201584,28.175564,27.256424,25.953415,25.557144,25.042530,28.000925,29.106977,29.259703,26.585869,92.977791,33.650940,7.858298,3.199578,0.498803,0.418730,0.110396,0.093958,0.056917,0.049569,0.044073,0.043506,0.044032,0.038688,0.022528,0.061690,0.011516,0.022055,0.005787,0.016697,0.032993
9900,9959,9930,873.878,34.368,556.294,110.182,6.267,0.170,0.039,32.814636,30.887957,29.271179,29.957619,28.369001,26.998606,26.384602,25.980318,24.480402,25.033958,26.179441,26.858372,28.367085,29.943739,26.210852,93.604111,32.208347,7.937641,3.453857,0.412534,0.253269,0.173134,0.056598,0.084640,0.051838,0.055959,0.022299,0.061622,0.022800,0.022881,0.039525,0.021872,0.011247,0.022409,0.017070,0.022549
9960,10019,9990,873.875,34.387,550.963,109.203,6.241,0.171,0.039,31.985743,30.872547,28.980314,28.993324,28.131098,26.701832,25.807644,25.368664,24.969244,24.803507,25.749668,27.131702,28.761757,29.898500,25.442236,92.851395,31.793205,8.174814,3.096012,0.515942,0.306314,0.133800,0.054977,0.060624,0.067322,0.049266,0.045100,0.021649,0.016112,0.027642,0.055770,0.033891,0.015941,0.000000,0.022488,0.022480
10020,10079,10050,873.865,34.380,540.927,107.340,6.081,0.169,0.038,31.358810,29.824190,27.887163,28.033468,27.216297,26.297766,25.836271,25.108456,24.323830,24.209715,25.474131,26.803789,28.195707,28.764521,25.419653,91.595779,32.065655,8.294647,3.003829,0.386761,0.259416,0.099588,0.088124,0.071672,0.066272,0.038656,0.016741,0.027681,0.016661,0.016092,0.026862,0.027088,0.005192,0.017203,0.021927,0.027115
10080,10139,10110,873.872,34.351,543.237,109.043,6.334,0.173,0.039,31.512398,29.744717,28.575937,27.835602,27.612261,27.018635,25.675678,25.164530,24.113007,23.778845,24.810410,26.332451,27.926546,29.036753,25.743435,92.849770,32.304779,8.522063,3.199093,0.497690,0.321160,0.139587,0.100880,0.060864,0.055639,0.022582,0.027829,0.038355,0.010915,0.049917,0.049383,0.022483,0.027279,0.000000,0.011418,0.043932
10140,10199,10170,873.884,34.219,543.776,108.363,6.126,0.169,0.038,31.540792,30.122803,28.186913,27.879786,27.543125,25.776142,25.705616,25.485353,23.949625,24.532438,25.079149,27.055965,28.833885,28.821068,25.910582,92.466827,31.985426,8.401737,2.999646,0.528008,0.297217,0.169158,0.091168,0.062891,0.073672,0.049861,0.016763,0.017209,0.051071,0.022690,0.039819,0.028336,0.000000,0.028408,0.005381,0.016993
10200,10259,10230,873.888,34.172,540.842,107.151,5.959,0.166,0.038,31.178720,30.122290,28.282988,27.464373,27.257519,26.888660,25.430946,24.668316,24.752344,24.474083,24.736792,26.329557,28.325464,28.703419,25.206766,92.697746,31.725935,8.208469,3.092051,0.481098,0.228155,0.168549,0.078618,0.039610,0.039126,0.021988,0.033077,0.050196,0.016713,0.027489,0.044412,0.032817,0.011455,0.000000,0.016788,0.005394
10260,10319,10290,873.906,34.142,542.740,108.143,6.128,0.169,0.038,30.940668,30.260834,28.253548,27.244459,27.058466,26.854443,24.984541,25.262278,24.448193,24.120502,24.504044,26.766483,28.869234,28.646879,26.203955,93.933105,31.851547,8.139889,3.050851,0.465060,0.295562,0.127651,0.055256,0.061392,0.049779,0.044016,0.027123,0.022334,0.032577,0.044622,0.038304,0.032717,0.005519,0.000000,0.032903,0.011494
10320,10379,10350,873.899,34.153,542.963,108.443,6.067,0.167,0.039,30.767456,29.299316,27.880451,27.462509,26.966398,27.110533,25.369713,24.512024,24.633383,24.812771,24.966299,27.192904,28.202337,28.516356,26.512245,93.330078,32.427296,8.460080,3.188358,0.439622,0.301417,0.145266,0.100966,0.094513,0.043307,0.033140,0.011273,0.032676,0.005631,0.033876,0.038649,0.027874,0.005556,0.010775,0.011319,0.016309
10380,10439,10410,873.916,34.116,539.557,108.689,6.269,0.173,0.039,29.887203,29.189705,27.610992,27.028349,27.448725,25.940002,24.959309,25.076706,24.254221,24.084124,25.288832,27.006639,27.945232,28.981375,26.075771,92.860466,33.244053,8.244333,3.123330,0.405238,0.286627,0.132904,0.072455,0.061581,0.028419,0.044473,0.033368,0.022123,0.022748,0.033207,0.049467,0.022064,0.033466,0.016621,0.021582,0.021545
10440,10499,10470,873.921,34.044,534.041,106.607,5.942,0.167,0.038,30.422142,28.613525,27.599892,27.113226,26.312691,25.639017,25.014458,24.832933,24.551622,23.406347,24.787952,26.839708,28.103214,29.032358,25.028034,92.127846,31.843781,8.284726,3.201021,0.545720,0.254432,0.099209,0.071472,0.039136,0.038660,0.010886,0.038738,0.027588,0.011378,0.038698,0.027468,0.021708,0.022315,0.022337,0.005669,0.011358
10500,10559,10530,873.916,33.974,535.583,107.269,6.035,0.168,0.038,30.530617,29.276129,27.437157,27.172205,26.995998,25.723774,25.883942,24.457943,23.742863,24.182863,23.749569,26.744961,27.655310,28.239126,26.034422,92.975441,31.744928,8.488917,3.246998,0.472540,0.237043,0.127525,0.104962,0.045022,0.039711,0.055491,0.005612,0.027887,0.027699,0.033615,0.044262,0.016311,0.022823,0.011262,0.005342,0.022745
10560,10619,10590,873.926,33.900,534.767,106.754,6.027,0.169,0.038,30.032848,28.748230,27.608355,27.713020,27.424229,25.767559,25.401686,25.348558,24.300613,23.474031,24.524912,25.719318,27.952847,28.464489,25.529099,91.966415,32.400620,8.169243,2.850646,0.411329,0.383515,0.095150,0.115430,0.060453,0.038550,0.033884,0.021707,0.022067,0.028159,0.033580,0.044198,0.033364,0.021653,0.005291,0.005828,0.016469
10620,10679,10650,873.913,33.880,536.998,106.310,5.730,0.161,0.037,31.089027,29.228556,27.789860,27.987078,27.044037,26.588385,25.697758,24.862383,23.689026,23.863495,24.192354,26.878771,27.514042,28.248545,25.597130,92.609978,31.385958,8.147394,3.373284,0.421216,0.216704,0.098188,0.092873,0.077730,0.066409,0.059549,0.056210,0.016789,0.027947,0.022163,0.022311,0.005342,0.005291,0.000000,0.021721,0.000000
10680,10739,10710,873.942,33.880,543.983,108.487,6.126,0.169,0.039,31.908981,29.932943,28.500351,28.158703,27.203028,26.419371,25.326027,24.655876,24.132536,24.084169,24.637583,26.893736,28.599495,28.096256,26.181087,93.904808,32.615417,8.165042,3.263928,0.486185,0.234417,0.156791,0.055721,0.050009,0.038812,0.044156,0.032478,0.044764,0.032896,0.011022,0.016838,0.027104,0.022624,0.022509,0.005411,0.022099
10740,10799,10770,873.937,33.909,542.983,108.379,6.304,0.173,0.038,30.543871,29.970398,28.769421,27.814470,27.753025,26.008316,25.277214,25.307817,24.378433,24.357313,24.621683,26.348749,28.324944,28.810839,26.577377,93.471252,32.143932,8.180676,2.944917,0.473846,0.299089,0.130431,0.073858,0.057402,0.072529,0.017140,0.039161,0.027960,0.005805,0.033485,0.027896,0.056893,0.005503,0.011337,0.005885,0.039759
10800,10859,10830,873.945,33.911,539.198,108.527,6.177,0.170,0.039,29.971663,29.483397,28.167929,27.017191,27.388845,26.163401,25.306484,24.643892,23.487267,23.981821,24.786264,26.502235,27.588898,29.208376,25.441038,94.464424,32.226692,8.623272,3.438787,0.462743,0.258058,0.105784,0.060627,0.055464,0.066024,0.049602,0.022014,0.032554,0.022076,0.049351,0.033499,0.032970,0.016909,0.011168,0.016263,0.011262
10860,10919,10890,873.951,33.779,541.620,108.320,6.128,0.169,0.038,30.956066,29.248857,27.947796,27.499996,27.312035,26.548098,25.581863,24.846706,23.920864,24.288301,24.254883,27.144852,28.281525,28.054081,25.517221,94.954262,32.554878,8.410483,3.030318,0.425735,0.255125,0.116367,0.116421,0.039480,0.039570,0.039145,0.050357,0.027678,0.017051,0.022361,0.022506,0.028542,0.016332,0.005807,0.022737,0.021492
10920,10979,10950,873.945,33.797,541.829,109.044,6.199,0.169,0.039,30.765194,28.968050,28.007561,27.911165,27.637362,26.629065,25.499634,24.730907,23.545677,23.591557,24.262484,25.846087,28.616739,28.167097,26.469519,95.158585,33.056957,8.623890,3.034592,0.512206,0.208181,0.133888,0.072700,0.050134,0.039203,0.044905,0.027700,0.050237,0.027511,0.016886,0.028061,0.000000,0.010702,0.011063,0.045450,0.028208
10980,11039,11010,873.956,33.811,547.168,109.185,6.000,0.165,0.039,30.988745,29.461838,28.209433,27.818747,27.610949,27.549376,25.057062,25.543941,24.441717,23.930536,24.946779,26.618822,27.610859,29.127676,26.208744,95.152596,33.774212,8.803012,3.095608,0.463044,0.296721,0.106252,0.066511,0.049510,0.039551,0.022705,0.011095,0.011230,0.011435,0.022087,0.061621,0.027791,0.011055,0.000000,0.005429,0.011056
11040,11099,11070,873.954,33.734,544.330,109.194,6.099,0.167,0.039,30.612839,28.931147,27.909889,27.774984,27.684349,26.876102,25.081333,24.471218,23.850216,25.018120,24.742706,26.667768,28.411072,28.869526,25.722521,94.760651,33.965904,8.485496,3.264631,0.404884,0.304749,0.088603,0.088416,0.087131,0.027544,0.027156,0.016237,0.027989,0.010916,0.038786,0.028585,0.028279,0.022429,0.000000,0.011080,0.016599
11100,11159,11130,873.957,33.617,550.341,110.151,6.183,0.168,0.039,31.132673,29.732328,28.493446,27.806269,27.743816,26.951441,25.519943,25.228195,24.609549,24.919853,24.720821,27.427126,28.981377,28.987247,26.151974,95.428802,33.246906,8.397862,3.379663,0.538378,0.340416,0.195566,0.102329,0.050086,0.045777,0.034209,0.016317,0.016950,0.039830,0.005926,0.005503,0.039464,0.011591,0.005650,0.016715,0.016710
11160,11219,11190,873.956,33.566,548.445,110.556,6.371,0.172,0.040,30.603519,29.389904,27.760757,29.344692,27.510309,27.075130,25.119772,25.801971,24.223757,23.892061,25.215351,26.794508,28.212833,28.934126,26.087420,96.131180,33.055775,8.658364,3.303926,0.389573,0.321698,0.106586,0.067982,0.067426,0.050030,0.057060,0.022647,0.011101,0.044909,0.050867,0.038869,0.022217,0.022486,0.011493,0.011117,0.033598
11220,11279,11250,873.967,33.518,551.230,110.869,6.230,0.168,0.040,30.017977,29.295555,28.671045,28.205828,27.554277,26.577143,25.674900,25.556141,24.520266,24.875002,25.781853,27.448927,28.647165,28.904184,25.730560,96.507843,33.827782,8.701572,3.417902,0.393454,0.264054,0.145301,0.110837,0.110706,0.033473,0.044984,0.016760,0.033353,0.022014,0.022020,0.039135,0.038375,0.016798,0.005688,0.005464,0.011357
11280,11339,11310,873.976,33.542,549.043,110.375,6.194,0.168,0.039,30.989309,29.747215,28.711536,27.799116,27.329191,26.583651,25.186182,24.263662,24.942507,24.309484,24.273861,26.400526,28.920639,28.857410,26.641687,96.976501,34.223015,8.452331,3.102343,0.507152,0.282560,0.088139,0.082913,0.077045,0.050371,0.027674,0.027686,0.021985,0.022522,0.022217,0.045062,0.022532,0.010702,0.010941,0.011214,0.021958
11340,11399,11370,873.973,33.507,550.717,111.039,6.246,0.168,0.040,30.419174,29.870831,28.535677,27.785156,27.172951,26.350908,25.209051,25.478403,24.539164,24.535156,24.269936,26.971903,28.129698,29.779432,26.573305,97.783424,34.175674,8.299324,3.430849,0.601473,0.228570,0.128047,0.090221,0.089460,0.061763,0.027771,0.005556,0.022449,0.022472,0.028148,0.011094,0.022635,0.011455,0.010948,0.022228,0.022552
11400,11459,11430,873.987,33.463,549.704,110.986,6.316,0.170,0.040,30.465006,28.697746,27.613178,27.920004,28.008348,26.466022,25.754913,25.616350,24.894554,25.034836,25.387396,26.481083,27.980316,30.149563,26.296425,95.937263,33.488796,8.774270,3.243450,0.479186,0.344815,0.182737,0.088875,0.077560,0.054627,0.011554,0.038603,0.016170,0.050006,0.039104,0.027883,0.027619,0.005447,0.017191,0.010667,0.022651
11460,11519,11490,873.981,33.431,549.312,110.904,6.286,0.170,0.040,30.416483,29.676815,27.838480,27.636492,27.832363,26.271198,25.423071,25.933498,24.499971,24.121389,25.016836,26.299477,28.164297,29.529470,26.524982,95.966690,34.668457,9.091798,3.066634,0.491642,0.289053,0.134373,0.067059,0.050121,0.045019,0.033430,0.027759,0.027722,0.005727,0.028240,0.033517,0.032890,0.022370,0.016345,0.011057,0.016877
11520,11579,11550,873.990,33.419,544.244,110.311,6.271,0.170,0.040,29.846464,28.589361,28.046530,27.563866,27.037767,26.012020,25.201401,25.214350,24.369534,24.224916,25.163996,27.123322,28.147400,29.094730,25.406761,95.723648,34.363445,8.411796,3.216451,0.495708,0.321318,0.139960,0.111551,0.067107,0.072188,0.027681,0.055549,0.017242,0.033391,0.027939,0.028030,0.016483,0.027037,0.005747,0.011002,0.027901
11580,11639,11610,873.999,33.471,541.781,109.371,6.322,0.173,0.039,29.701950,29.200026,27.704237,27.803881,26.948051,26.613712,25.061277,25.044729,24.034800,23.995041,24.570795,26.662354,27.942417,28.819647,25.445570,95.975922,33.531494,8.318820,2.948556,0.459118,0.316514,0.150856,0.087780,0.089166,0.055088,0.044449,0.021960,0.016514,0.050248,0.033036,0.027421,0.055373,0.016700,0.011016,0.000000,0.022587
11640,11699,11670,874.002,33.358,542.749,109.082,6.206,0.170,0.039,29.835361,29.095800,27.679441,28.241892,27.345926,26.743580,25.204199,25.354445,24.360201,23.660563,24.780125,26.536676,28.303848,28.181044,25.305471,95.984032,33.490608,8.424731,2.904523,0.519988,0.205561,0.144633,0.100229,0.044896,0.044840,0.027577,0.028190,0.016982,0.010929,0.032973,0.033167,0.022370,0.022413,0.016754,0.021972,0.022734
11700,11759,11730,873.997,33.322,548.620,110.980,6.402,0.172,0.040,30.533800,28.777903,27.749643,27.614223,27.976320,27.313213,25.922943,24.900923,24.317074,24.268698,24.707647,26.578691,28.882477,29.273064,26.171915,96.031036,34.696404,8.550793,2.948664,0.480632,0.262211,0.146098,0.114049,0.063830,0.035002,0.033755,0.028295,0.028316,0.028588,0.011424,0.040384,0.029207,0.051895,0.023120,0.011097,0.017080
11760,11819,11790,874.017,33.333,547.459,110.791,6.334,0.171,0.040,31.217634,29.809982,28.202627,27.811226,28.088482,26.616755,24.589842,23.853468,24.314615,24.416609,24.785055,26.802132,27.716537,28.307556,26.320122,97.043167,34.522942,8.477837,3.154837,0.485091,0.275971,0.129206,0.072775,0.027979,0.075175,0.074087,0.051232,0.039816,0.034330,0.022657,0.023001,0.016478,0.022863,0.011205,0.017237,0.028632
