CampaignData_and_Merges/R0/CSL_MobileLab_Parked/raw/20240803/USOS-POPS_MobileLabGround_20240803_R0.ict
78, 1001
Thornberry, T. D.
NOAA Chemical Sciences Laboratory
Portable Optical Particle Spectrometer (POPS)
USOS
1, 1
2024, 08, 03, 2025, 05, 08
60
Time_Start, seconds_past_midnight, Start time of measurement
45
1, 1, 1, 1, 1, 1, 1, 1, 1, 1, 1, 1, 1, 1, 1, 1, 1, 1, 1, 1, 1, 1, 1, 1, 1, 1, 1, 1, 1, 1, 1, 1, 1, 1, 1, 1, 1, 1, 1, 1, 1, 1, 1, 1, 1
-9999, -9999, -9999, -9999, -9999, -9999, -9999, -9999, -9999, -9999, -9999, -9999, -9999, -9999, -9999, -9999, -9999, -9999, -9999, -9999, -9999, -9999, -9999, -9999, -9999, -9999, -9999, -9999, -9999, -9999, -9999, -9999, -9999, -9999, -9999, -9999, -9999, -9999, -9999, -9999, -9999, -9999, -9999, -9999, -9999
Time_Stop, seconds_past_midnight, Stop time of measurement
Time_Mid, seconds_past_midnight, Mid time of measurement
Press_mb, mb, Pressure reported (mb)
Temp_C, degrees C, POPS temperature measurement
Aerosol_concentration, cm^-3, Aerosol concentration
Surface_Area_Conc, um^2 cm^-3, Surface area concentration
Volume_density, um^3 cm^-3, Volume density
Effective_radius, um, Effective radius
Extinction, km^-1, Extinction
Bin01, cm^-3, particle concentration in size range [1401 - 146.3 nm]
Bin02, cm^-3, particle concentration in size range [146.3 - 152.8 nm]
Bin03, cm^-3, particle concentration in size range [152.8 - 159.6 nm]
Bin04, cm^-3, particle concentration in size range [159.6 - 166.8 nm]
Bin05, cm^-3, particle concentration in size range [166.8 - 174.2 nm]
Bin06, cm^-3, particle concentration in size range [174.2 - 181.9 nm]
Bin07, cm^-3, particle concentration in size range [181.9 - 190.0 nm]
Bin08, cm^-3, particle concentration in size range [190.0 - 198.5 nm]
Bin09, cm^-3, particle concentration in size range [198.5 - 207.4 nm]
Bin10, cm^-3, particle concentration in size range [207.4 - 216.6 nm]
Bin11, cm^-3, particle concentration in size range [216.6 - 226.2 nm]
Bin12, cm^-3, particle concentration in size range [226.2 - 236.3 nm]
Bin13, cm^-3, particle concentration in size range [236.3 - 246.8 nm]
Bin14, cm^-3, particle concentration in size range [246.8 - 257.8 nm]
Bin15, cm^-3, particle concentration in size range [257.8 - 269.3 nm]
Bin16, cm^-3, particle concentration in size range [269.3 - 343.4 nm]
Bin17, cm^-3, particle concentration in size range [343.4 - 450.7 nm]
Bin18, cm^-3, particle concentration in size range [450.7 - 525.9 nm]
Bin19, cm^-3, particle concentration in size range [525.9 - 618.5 nm]
Bin20, cm^-3, particle concentration in size range [618.5 - 710.0 nm]
Bin21, cm^-3, particle concentration in size range [710.0 - 822.7 nm]
Bin22, cm^-3, particle concentration in size range [822.7 - 885.9 nm]
Bin23, cm^-3, particle concentration in size range [885.9 - 953.9 nm]
Bin24, cm^-3, particle concentration in size range [953.9 - 1027.2 nm]
Bin25, cm^-3, particle concentration in size range [1027.2 - 1106.1 nm]
Bin26, cm^-3, particle concentration in size range [1106.1 - 1191.0 nm]
Bin27, cm^-3, particle concentration in size range [1191.0 - 1282.5 nm]
Bin28, cm^-3, particle concentration in size range [1282.5 - 1381.0 nm]
Bin29, cm^-3, particle concentration in size range [1381.0 - 1487.1 nm]
Bin30, cm^-3, particle concentration in size range [1487.1 - 1601.3 nm]
Bin31, cm^-3, particle concentration in size range [1601.3 - 1724.3 nm]
[...]
PLATFORM: NOAA CSL Mobile Lab
LOCATION: USOS
ASSOCIATED_DATA: N/A
INSTRUMENT_INFO: Printed Optical Particle Spectrometer counts particles from 140 - 2500 nm in diameter 
DATA_INFO: Particle concentrations reported in number per cubic centimeter,1 Hz data
UNCERTAINTY: Counting uncertainty dominated by air flow, less than 5 percent. Measurement range is ~0 - 3000 per cm3 (varies depending on flow rate- manufacturer quotes 1250 per cm3 at 1.667 cc/s)
ULOD_FLAG: -7777
ULOD_VALUE: N/A
LLOD_FLAG: -8888
LLOD_VALUE: N/A
DM_CONTACT_INFO: Troy Thornberry, 325 Broadway R/CSL6, Boulder, CO 80305; troy.thornberry@noaa.gov; 303-497-3373
PROJECT_INFO: USOS, Utah POPS data from NOAA CSL Mobile Lab
STIPULATIONS_ON_USE: Please contact the PIs for questions regarding applications and uncertainties
OTHER_COMMENTS: POPS bin Edges (nm):  140.1, 146.3, 152.8, 159.6, 166.8, 174.2, 181.9, 190.0, 198.5, 207.4, 216.6, 226.2, 236.3, 246.8, 257.8, 269.3, 343.4, 450.7, 525.9, 618.5, 710.0, 822.7, 885.9, 953.9, 1027.2, 1106.1, 1191.0, 1282.5, 1381.0, 1487.1, 1601.3, 1724.3, 1856.7, 1999.3, 2152.8, 2318.2, 2496.2
Calculations assume organic aerosol refractive index of 1.52+0.00j and extinction wavelength = 532 nm
REVISION: R0
R0: Final data
Time_Start, Time_Stop, Time_Mid, Press_mb, Temp_C, Aerosol_concentration, Surface_Area_Conc, Volume_density, Effective_radius, Extinction, Bin01, Bin02, Bin03, Bin04, Bin05, Bin06, Bin07, Bin08, Bin09, Bin10, Bin11, Bin12, Bin13, Bin14, Bin15, Bin16, Bin17, Bin18, Bin19, Bin20, Bin21, Bin22, Bin23, Bin24, Bin25, Bin26, Bin27, Bin28, Bin29, Bin30, Bin31, Bin32, Bin33, Bin34, Bin35, Bin36
[from data line 1259]
75540,75599,75570,872.534,39.951,228.095,34.445,1.932,0.164,0.009,25.987402,22.753435,19.666449,18.171131,16.159985,13.655350,11.925363,10.680752,9.531518,9.438792,8.874762,8.446848,9.736503,9.161119,6.858510,18.716118,5.594535,1.575580,0.656214,0.131163,0.101141,0.027915,0.022298,0.038769,0.005464,0.016658,0.027771,0.010990,0.016411,0.016362,0.034301,0.016561,0.017016,0.005394,0.010932,0.005708
75600,75659,75630,872.503,39.931,222.630,34.248,2.055,0.174,0.009,24.667738,21.768330,19.576031,17.138512,15.587338,13.403030,12.392083,10.596859,9.583323,9.285437,9.064778,9.012613,9.165096,8.574091,6.217338,18.360470,5.495613,1.412565,0.761641,0.142997,0.076502,0.032885,0.038449,0.039104,0.027656,0.027614,0.011280,0.027777,0.011082,0.037735,0.022215,0.011121,0.016862,0.016547,0.000000,0.027575
75660,75719,75690,872.492,39.943,220.854,33.540,1.845,0.162,0.009,24.298674,21.653271,19.003679,17.620358,15.520455,12.908931,11.824878,10.589042,9.419656,8.961331,9.115326,8.976302,8.831483,8.527282,6.900487,18.793442,5.291133,1.472191,0.662707,0.110924,0.065545,0.039270,0.016556,0.022500,0.028184,0.033814,0.022446,0.033624,0.027884,0.022362,0.010401,0.005225,0.016402,0.022639,0.000000,0.005593
75720,75779,75750,872.439,39.931,220.855,33.686,2.009,0.175,0.009,24.515364,21.607546,18.898849,17.470818,15.450870,13.223082,12.188251,10.570149,9.355900,8.911556,8.799021,8.930293,9.239168,8.521087,6.551521,18.405891,5.708014,1.499225,0.555040,0.071703,0.089428,0.022061,0.043998,0.027441,0.032557,0.005308,0.005537,0.022271,0.015723,0.017224,0.016271,0.027670,0.022481,0.005828,0.011047,0.016508
75780,75839,75810,872.423,39.886,224.612,34.668,2.099,0.174,0.010,24.973030,21.908337,19.472939,17.567156,15.457418,13.916559,11.687896,10.686738,10.252749,9.189618,8.697016,9.369879,8.847634,8.391508,6.800332,18.930038,5.648764,1.660414,0.641379,0.128311,0.060383,0.028006,0.017163,0.033509,0.027730,0.016397,0.027646,0.022289,0.027956,0.010861,0.039203,0.011186,0.011326,0.011614,0.011113,0.028062
75840,75899,75870,872.414,39.877,225.169,33.710,1.809,0.157,0.009,25.274206,21.961594,19.753269,17.616203,15.695702,13.830224,11.910060,11.117807,9.635196,9.066463,8.871116,9.102041,8.850352,8.838901,6.451663,18.915237,5.643818,1.527380,0.702744,0.094337,0.077266,0.049796,0.038985,0.010793,0.027424,0.000000,0.022823,0.011696,0.005501,0.010968,0.010842,0.011439,0.005501,0.005727,0.000000,0.021972
75900,75959,75930,872.407,39.956,225.204,33.849,1.848,0.161,0.009,25.107368,22.328066,19.285412,17.610563,15.613626,13.835235,11.969088,11.065783,9.657566,9.350976,9.318177,9.103977,9.272641,8.984732,6.721410,18.320854,5.079212,1.453589,0.629104,0.139447,0.044966,0.033322,0.039302,0.010948,0.022407,0.011149,0.039190,0.038765,0.022175,0.022762,0.021957,0.005807,0.033812,0.005747,0.005411,0.000000
75960,76019,75990,872.389,39.959,224.245,34.397,2.076,0.177,0.009,24.721041,22.243946,19.470116,17.934910,15.358665,13.327208,11.628924,10.640064,9.850314,8.997383,9.158067,8.994619,9.746131,8.652053,6.550011,18.789839,5.651205,1.370664,0.572866,0.109433,0.098579,0.054627,0.049572,0.066299,0.026999,0.016230,0.000000,0.016892,0.027585,0.021748,0.011167,0.027359,0.027264,0.010806,0.005593,0.016727
76020,76079,76050,872.369,39.897,224.975,35.198,2.365,0.197,0.010,24.905279,22.519598,19.251844,18.082956,15.519180,13.801154,12.138428,10.704677,9.944761,8.958621,9.125612,9.132555,8.812887,8.531224,6.643899,18.823175,5.488324,1.387587,0.599004,0.105028,0.059513,0.038888,0.061959,0.033226,0.033262,0.011262,0.016772,0.027153,0.027636,0.027634,0.038752,0.022930,0.022392,0.022001,0.033168,0.022637
76080,76139,76110,872.340,39.921,226.621,33.901,1.829,0.159,0.009,25.585663,22.429945,19.313297,18.121744,15.604118,14.249104,12.253055,11.035907,9.817893,9.013617,8.810265,9.551651,9.080776,8.931442,6.545597,18.477741,5.162710,1.453179,0.703008,0.075965,0.061482,0.049639,0.044372,0.055313,0.027576,0.016135,0.027404,0.028131,0.022465,0.011161,0.021950,0.011156,0.010599,0.000000,0.016760,0.000000
76140,76199,76170,872.327,39.961,228.999,34.982,2.159,0.180,0.009,25.972263,22.656654,20.235483,18.006086,16.106937,14.687563,11.526568,11.040497,9.885720,9.404231,8.820131,9.142842,8.828257,8.794004,6.919464,18.863647,5.461287,1.505056,0.604206,0.100287,0.077463,0.044757,0.033593,0.054854,0.027662,0.022384,0.016419,0.011302,0.017039,0.027713,0.005225,0.016882,0.022440,0.016164,0.010823,0.032844
76200,76259,76230,872.308,39.919,230.531,34.961,1.992,0.167,0.010,26.743044,23.168587,19.881571,17.765196,15.840840,14.140168,12.168530,11.131120,9.886284,9.590488,9.167480,9.282526,9.393217,8.551215,6.742774,18.602999,5.699772,1.504395,0.658068,0.162186,0.099857,0.049160,0.033906,0.034153,0.027230,0.032524,0.039671,0.000000,0.038755,0.011187,0.034289,0.011095,0.010808,0.005669,0.005767,0.016708
76260,76319,76290,872.291,39.870,228.918,34.795,2.105,0.177,0.009,26.405983,22.608311,20.257147,18.319145,16.023132,13.806456,11.821378,10.600430,9.791786,8.900701,8.864781,9.367929,9.383379,8.890905,6.516758,19.185532,5.591411,1.437144,0.660896,0.072748,0.088490,0.039207,0.034119,0.021725,0.016675,0.034230,0.028199,0.022309,0.011113,0.011135,0.010983,0.027980,0.027266,0.005411,0.011188,0.021974
76320,76379,76350,872.276,39.972,228.541,34.496,1.996,0.169,0.009,24.992920,22.812550,20.531704,18.336056,15.617261,14.270227,12.015551,11.257109,9.716557,8.942962,8.987046,9.085867,9.038165,9.243947,6.533884,18.935493,5.550438,1.497927,0.676093,0.133815,0.100277,0.049959,0.016571,0.032830,0.022210,0.016544,0.005747,0.011208,0.016504,0.005291,0.016365,0.022263,0.000000,0.010847,0.022344,0.016251
76380,76439,76410,872.248,40.005,230.889,34.611,1.969,0.167,0.009,26.422632,23.522171,19.821426,18.100121,16.219933,14.075884,11.742652,10.930023,10.100493,9.193043,9.118515,9.409272,9.804415,9.067169,6.769132,18.623566,5.424971,1.404601,0.655359,0.128152,0.061622,0.028295,0.038609,0.016540,0.022058,0.028560,0.016393,0.011057,0.027239,0.021952,0.016501,0.022059,0.016959,0.005482,0.016114,0.005787
76440,76499,76470,872.233,40.109,229.200,34.756,2.081,0.174,0.009,26.238764,23.157990,19.564302,18.373962,15.649118,14.076794,12.461721,10.795099,9.374664,9.263378,8.758408,9.575506,9.254047,8.947422,6.653861,18.882061,5.513733,1.607358,0.592579,0.100073,0.093422,0.027232,0.033071,0.016183,0.017105,0.005688,0.027633,0.022010,0.005612,0.016154,0.011050,0.011303,0.005650,0.005650,0.028603,0.032757
76500,76559,76530,872.204,40.084,230.338,35.075,2.080,0.174,0.009,25.206064,22.303959,19.964272,17.988161,16.294867,13.937697,12.293797,11.376700,9.978106,9.016116,8.965332,9.496181,10.051126,9.033135,6.832650,19.491505,5.502148,1.463004,0.664101,0.106248,0.090263,0.016645,0.021877,0.044112,0.011475,0.016587,0.016524,0.016636,0.011416,0.027981,0.011148,0.027469,0.022493,0.011282,0.016179,0.011021
76560,76619,76590,872.206,40.100,231.655,35.262,2.078,0.173,0.009,26.162403,23.126198,19.798349,18.528929,15.891485,13.950706,12.126307,11.319209,9.910851,9.047999,9.414835,9.336265,9.509644,9.310181,6.782817,19.185335,5.630277,1.428979,0.716843,0.082280,0.066797,0.039428,0.028011,0.032949,0.044722,0.010880,0.016717,0.005447,0.027750,0.022362,0.027713,0.011039,0.000000,0.022518,0.022074,0.016246
76620,76679,76650,872.185,40.140,241.181,35.490,2.018,0.166,0.009,29.389429,24.809719,21.737595,19.844265,16.916050,14.206950,12.346368,11.012309,10.283836,9.562304,9.013577,9.468899,9.678940,8.957309,7.111133,18.600266,5.796337,1.393203,0.530449,0.160357,0.061544,0.044653,0.049962,0.027581,0.021937,0.016799,0.027969,0.016594,0.011002,0.000000,0.005593,0.028084,0.005501,0.016772,0.016663,0.011534
76680,76739,76710,872.173,40.176,234.406,34.761,1.963,0.166,0.009,27.899897,24.294167,21.130541,18.669611,16.322079,14.275070,12.064822,11.005113,9.918013,9.238301,8.675432,8.997618,9.409100,8.979056,6.725214,18.852932,5.428548,1.433074,0.587468,0.151058,0.049826,0.049579,0.016183,0.039139,0.033375,0.022304,0.016520,0.005612,0.005447,0.016410,0.032950,0.016219,0.016955,0.005556,0.000000,0.022760
76740,76799,76770,872.133,40.095,228.777,34.883,2.099,0.177,0.009,25.845072,22.949738,20.088453,18.076279,15.779718,14.007620,12.348124,10.898963,9.417131,9.319943,9.038174,9.050391,9.585057,8.850284,6.776748,18.433090,5.732401,1.380054,0.638042,0.101768,0.088491,0.038477,0.044911,0.049596,0.028179,0.016382,0.022195,0.033403,0.022587,0.016386,0.005612,0.022069,0.027968,0.016430,0.022142,0.005631
76800,76859,76830,872.105,40.021,226.098,34.048,2.025,0.173,0.009,25.219358,22.825151,20.072330,18.057180,15.743720,14.205334,12.034940,10.727504,9.652625,9.032939,9.151771,8.778712,9.540170,8.636853,6.460788,18.289326,5.308018,1.305777,0.572653,0.077650,0.033197,0.072033,0.033222,0.038220,0.027943,0.022028,0.022659,0.011025,0.022272,0.027999,0.016837,0.021988,0.021882,0.005556,0.005556,0.022629
76860,76919,76890,872.105,40.008,227.924,34.269,1.897,0.163,0.009,25.314545,23.009661,20.362619,17.609316,15.690419,13.752415,12.046398,11.001535,10.164248,9.134597,8.863600,9.478187,9.414553,8.712721,6.869439,18.562696,5.367858,1.421014,0.637772,0.082560,0.079094,0.067122,0.049181,0.044416,0.038292,0.010939,0.000000,0.028129,0.032655,0.017124,0.010954,0.005537,0.016237,0.000000,0.011300,0.017008
76920,76979,76950,872.094,40.018,227.635,34.146,1.854,0.159,0.009,25.386757,22.291924,19.560411,18.136278,15.558088,14.119069,12.080983,10.806010,9.857255,9.008415,8.927094,9.621523,9.719711,9.012704,6.659364,18.667086,5.639010,1.510631,0.671755,0.094413,0.038898,0.028484,0.039200,0.044604,0.010657,0.022894,0.016659,0.005464,0.011063,0.022008,0.027306,0.011227,0.000000,0.005593,0.005727,0.016736
76980,77039,77010,872.043,40.000,225.431,34.185,1.964,0.167,0.009,25.634998,22.001953,19.340366,17.626869,16.045271,13.988873,11.852450,11.054884,9.494959,9.121277,8.452748,9.341751,9.145764,8.644908,6.516324,18.977364,5.460372,1.533473,0.732743,0.098509,0.077829,0.033300,0.044317,0.033433,0.011357,0.022166,0.016673,0.005291,0.016900,0.005787,0.032602,0.016818,0.016586,0.010895,0.000000,0.021369
77040,77099,77070,872.043,39.997,216.049,32.290,1.868,0.168,0.009,23.576550,21.535595,19.136389,17.411297,15.145864,13.818587,11.443402,10.364196,9.309896,8.430269,8.743371,8.559694,8.669446,8.328115,6.323351,17.939137,5.044042,1.281912,0.613278,0.084013,0.077417,0.022718,0.016117,0.022721,0.016475,0.005828,0.016911,0.000000,0.011154,0.016938,0.005727,0.023049,0.022234,0.000000,0.011231,0.022149
77100,77159,77130,871.991,39.935,219.207,33.441,2.119,0.185,0.009,25.436291,21.954800,19.428467,16.877172,15.831875,13.145784,11.814227,10.268251,9.687428,8.589939,8.477275,8.679628,8.806964,8.399711,6.369629,17.862064,5.020352,1.322123,0.690678,0.123352,0.066104,0.038728,0.038495,0.044343,0.022550,0.022451,0.022645,0.005501,0.011283,0.021948,0.032584,0.033025,0.011148,0.011028,0.016906,0.022016
77160,77219,77190,872.015,39.985,212.723,32.025,1.806,0.165,0.009,23.740541,21.178053,18.178339,17.056467,15.034970,12.429258,11.419737,10.089673,9.430478,8.668261,8.358161,8.792410,8.869360,8.285488,6.428228,17.234064,5.290317,1.281198,0.519065,0.056218,0.099533,0.027059,0.022354,0.016599,0.027445,0.039176,0.011187,0.022492,0.005501,0.022648,0.038284,0.016592,0.011284,0.011243,0.005537,0.005394
77220,77279,77250,872.000,40.085,215.189,32.759,1.878,0.167,0.009,24.112318,21.484791,18.294664,16.652634,15.141252,12.943563,11.475185,9.944057,9.526683,8.860230,8.316737,8.568398,8.824809,8.558864,6.620322,17.968248,5.260088,1.604514,0.534661,0.078147,0.066769,0.066679,0.032867,0.044858,0.039127,0.028551,0.005708,0.027854,0.005708,0.005325,0.038958,0.022722,0.016781,0.000000,0.011494,0.005291
77280,77339,77310,871.985,40.078,214.099,32.327,1.857,0.169,0.009,23.836884,21.280369,18.702953,16.811199,14.861205,13.254042,10.981308,9.978117,8.728634,9.037392,8.884781,8.674726,8.945187,8.755356,6.420312,17.525089,4.963696,1.314348,0.724002,0.077076,0.072632,0.021534,0.016821,0.021710,0.015976,0.016320,0.050035,0.011178,0.016243,0.022379,0.027074,0.022245,0.005464,0.000000,0.005612,0.017040
77340,77399,77370,871.958,40.112,216.874,32.876,2.015,0.178,0.009,24.504984,21.654989,19.547865,17.110538,15.719098,13.073247,11.592468,10.418163,8.930377,8.358518,8.744480,8.872659,8.800978,8.257245,6.178027,17.761406,4.916256,1.279751,0.696460,0.067837,0.056374,0.044574,0.011395,0.039151,0.028278,0.022946,0.016934,0.016766,0.016970,0.034103,0.027836,0.022952,0.011321,0.000000,0.011171,0.028114
77400,77459,77430,871.951,40.253,221.298,33.665,2.018,0.175,0.009,24.848253,22.134108,19.753416,17.302046,15.538823,13.938153,11.516806,10.655350,9.227608,9.033522,8.701525,9.242752,8.970552,8.527894,6.436892,17.888664,5.007843,1.412176,0.614435,0.145655,0.022644,0.055685,0.050455,0.039599,0.027442,0.000000,0.038666,0.021618,0.028042,0.022021,0.017224,0.005411,0.027907,0.000000,0.021953,0.022523
77460,77519,77490,871.962,40.411,217.458,32.751,1.777,0.160,0.009,23.909031,21.512409,18.695797,16.512802,14.775994,13.627994,11.570532,11.039821,9.393536,8.684888,8.700559,8.984022,8.947820,8.562385,6.618005,18.123863,5.353661,1.318023,0.733882,0.088673,0.054295,0.021903,0.016930,0.028102,0.016629,0.039239,0.010975,0.021975,0.000000,0.027897,0.016859,0.011002,0.016299,0.011135,0.011156,0.000000
77520,77579,77550,871.926,40.493,218.088,33.787,2.156,0.185,0.009,24.169432,21.305195,18.282248,16.898876,15.307083,13.550477,11.856255,10.300380,9.708027,9.013597,8.721848,9.127806,9.493469,8.300000,6.438337,17.578211,5.358496,1.605286,0.567094,0.116939,0.050113,0.045147,0.027932,0.021929,0.016472,0.005225,0.011378,0.027415,0.022449,0.016507,0.027201,0.022527,0.039198,0.027788,0.011321,0.016184
77580,77639,77610,871.918,40.570,219.757,33.573,2.054,0.178,0.009,24.364466,21.798225,18.723772,17.217073,15.203673,13.125803,11.929452,10.289827,9.873286,8.887547,8.715129,8.634323,9.337987,9.124199,6.489787,18.084629,5.414689,1.522987,0.592650,0.106559,0.038721,0.022625,0.038670,0.022308,0.011416,0.027226,0.005708,0.000000,0.033086,0.005447,0.032902,0.027243,0.005593,0.011095,0.011389,0.027885
77640,77699,77670,871.902,40.466,218.641,32.970,1.806,0.161,0.009,24.349949,21.421341,18.714125,16.892179,15.565178,13.049800,11.791931,10.278177,9.345657,8.905836,8.440781,9.067595,8.998140,8.655826,6.968259,18.693785,5.027228,1.414665,0.642605,0.077680,0.088814,0.016898,0.010941,0.038604,0.028542,0.022187,0.021748,0.011181,0.005767,0.033817,0.010864,0.005650,0.017222,0.005612,0.010792,0.011225
77700,77759,77730,871.883,40.316,223.057,33.764,1.951,0.170,0.009,25.225327,21.827133,19.178022,17.796238,15.328437,13.509455,11.885247,10.576349,9.951458,8.755490,8.672135,8.862878,9.162328,8.789041,6.778453,19.096571,5.184729,1.409608,0.592715,0.122422,0.082821,0.037682,0.027271,0.032701,0.011171,0.017030,0.011114,0.016456,0.011038,0.016707,0.022722,0.011023,0.005688,0.005429,0.027491,0.017069
77760,77819,77790,871.878,40.281,227.222,33.924,1.936,0.167,0.009,26.207088,22.176630,20.114983,18.015770,16.157452,14.168873,11.811848,10.791285,9.591816,9.188427,8.489035,9.182829,9.659547,9.166036,6.574574,18.369558,5.116935,1.338991,0.659155,0.101595,0.049691,0.011196,0.033444,0.022374,0.005274,0.028027,0.022051,0.049897,0.011268,0.011212,0.038769,0.027853,0.005767,0.011266,0.005464,0.005708
77820,77879,77850,871.867,40.230,222.608,33.753,1.921,0.166,0.009,24.733866,22.165514,19.564999,17.317331,14.924901,13.628058,11.946659,10.840530,9.252645,9.424253,8.728952,9.280603,9.036590,8.690861,6.681361,18.413561,5.339297,1.467551,0.701721,0.117152,0.056582,0.055771,0.038907,0.005727,0.011535,0.005612,0.033211,0.022337,0.010706,0.038973,0.010834,0.011455,0.010320,0.011416,0.022658,0.005708
