CampaignData_and_Merges/R0/CSL_MobileLab_Parked/raw/20240803/USOS-jNO2_MobileLabGround_20240803_R0.ict
52,1001
Waxman, E.; Rollins, A.; Zuraski, K.; Chace, W.
NOAA Chemical Sciences Laboratory
jNO2 filter radiometer on CSL Mobile Lab
AMMBEC / USOS
1, 1
2024,08,03, 2025,04,01
60
Time_Start, seconds, number_of_seconds_since_0000_UTC
20
1, 1, 1, 1, 1, 1, 1, 1, 1, 1, 1, 1, 1, 1, 1, 1, 1, 1, 1, 1
-9999, -9999, -9999, -9999, -9999, -9999, -9999, -9999, -9999, -9999, -9999, -9999, -9999, -9999, -9999, -9999, -9999, -9999, -9999, -9999
Time_Stop, seconds, number_of_seconds_since_0000_UTC
jNO2_meas, per second, photolysis rate of NO2 measured using a filter radiometer.
jBrCl, per second, photolysis rate of BrCl -> Br + Cl calculated in TUV for cloud-free sky with local AOD
jBr2, per second, photolysis rate of Br2 -> Br + Br calculated in TUV for cloud-free sky with local AOD
jCCl4, per second, photolysis rate of CCl4 -> Products calcualted in TUV for cloud-free sky with local AOD
jCH2Oa, per second, photolysis rate of CH2O -> H + HCO calculated in TUV for cloud-free sky with local AOD
jCH2Ob, per second, photolysis rate of CH2O -> H2 + CO calculated in TUV for cloud-free sky with local AOD
jClNO2, per second, photolysis rate of ClNO2 -> Cl + NO2 calculated in TUV for cloud-free sky with local AOD
jClOa, per second, photolysis rate of ClO -> Cl + O(1D) calculated in TUV for cloud-free sky with local AOD
jClOb, per second, photolysis rate of ClO -> Cl + O(3P) calculated in TUV for cloud-free sky with local AOD
jCl2, per second, photolysis rate of Cl2 -> Cl + Cl calculated in TUV for cloud-free sky with local AOD
jHNO2, per second, photolysis rate of HNO2 -> OH + NO calculated in TUV for cloud-free sky with local AOD
jHNO3, per second, photolysis rate of HNO3 -> OH + NO2 calculated in TUV for cloud-free sky with local AOD
jI2, per second, photolysis rate of I2 -> I + I calculated in TUV for cloud-free sky with local AOD
jNO2, per second, photolysis rate of NO2 -> NO + O(3P) calculated in TUV for cloud-free sky with local AOD
jNO3a, per second, photolysis rate of NO3 -> NO + O2 calculated in TUV for cloud-free sky with local AOD
jNO3b, per second, photolysis rate of NO3 -> NO2 + O(3P) calculated in TUV for cloud-free sky with local AOD
jN2O5, per second, photolysis rate of N2O5 -> NO3 + NO + O(3P) calculated in TUV for cloud-free sky with local AOD
jO3, per second, photolysis rate of O3 -> O2 + O(1D) calculated in TUV for cloud-free sky with local AOD
AOD_500nm, unitless, UTC daily mean AOD at 500 nm from an AERONET station located at 40.178 N, -112.452 E
0
18
PI_CONTACT_INFO: eleanor.waxman@noaa.gov
PLATFORM: CSL Mobile Lab, at ground site
LOCATION: Salt Lake City, UT
ASSOCIATED_DATA:
INSTRUMENT_INFO: jNO2 filter radiometer.  TUV calculations are for mobile van lat/lon/altitude assuming clear sky (cloud AOD = 0) and daily mean AOD.
DATA_INFO:
UNCERTAINTY: Data uncertainties are +/- 20%.  These come from uncertainties in radiometer angular response, radiometer thermal response, local interferences from clouds/aerosols/shadows etc.
ULOD_FLAG: -7777
ULOD_VALUE: N/A
LLOD_FLAG: -8888
LLOD_VALUE: N/A
DM_CONTACT_INFO: eleanor.waxman@noaa.gov
PROJECT_INFO: USOS Project, July - August 2024
STIPULATIONS_ON_USE: Users are strongly encouraged to contact the PI for proper data usage.
OTHER_COMMENTS: 
REVISION: R0
R0: final data
Time_Start, Time_Stop, jNO2_meas, jBrCl, jBr2, jCCl4, jCH2Oa, jCH2Ob, jClNO2, jClOa, jClOb, jCl2, jHNO2, jHNO3, jI2, jNO2, jNO3a, jNO3b, jN2O5, jO3, AOD_500nm
[from data line 797]
   47820,   47880,0.001233,0.001748,0.006382,2.931e-26,1.628e-06,3.955e-06,4.117e-05,1.102e-26,5.899e-07,0.000251,0.0001768,1.824e-08,0.02761,0.001179,0.006249,0.04507,3.229e-06,3.875e-07,0.261
   47880,   47940,0.0012477,0.0018,0.006571,2.987e-26,1.684e-06,4.075e-06,4.242e-05,1.122e-26,6.15e-07,0.0002585,0.000182,1.89e-08,0.02841,0.001214,0.006419,0.04636,3.329e-06,4.028e-07,0.261
   47940,   48000,0.0012962,0.001852,0.006761,3.043e-26,1.741e-06,4.196e-06,4.368e-05,1.142e-26,6.408e-07,0.000266,0.0001873,1.958e-08,0.0292,0.00125,0.006588,0.04764,3.43e-06,4.185e-07,0.261
   48000,   48060,0.0013707,0.001902,0.00694,3.096e-26,1.796e-06,4.313e-06,4.489e-05,1.162e-26,6.66e-07,0.0002732,0.0001923,2.023e-08,0.02995,0.001283,0.006746,0.04884,3.527e-06,4.338e-07,0.261
   48060,   48120,0.0014284,0.001955,0.007131,3.153e-26,1.855e-06,4.438e-06,4.62e-05,1.182e-26,6.935e-07,0.000281,0.0001977,2.094e-08,0.03074,0.00132,0.006913,0.05011,3.631e-06,4.506e-07,0.261
   48120,   48180,0.0014734,0.002009,0.007322,3.211e-26,1.916e-06,4.566e-06,4.752e-05,1.203e-26,7.219e-07,0.0002888,0.0002031,2.166e-08,0.03153,0.001357,0.007079,0.05137,3.737e-06,4.678e-07,0.261
   48180,   48240,0.0015045,0.00206,0.007503,3.265e-26,1.974e-06,4.687e-06,4.879e-05,1.223e-26,7.494e-07,0.0002963,0.0002083,2.236e-08,0.03227,0.001392,0.007234,0.05256,3.839e-06,4.845e-07,0.261
   48240,   48300,0.001542,0.002114,0.007696,3.324e-26,2.037e-06,4.819e-06,5.015e-05,1.244e-26,7.796e-07,0.0003044,0.0002139,2.312e-08,0.03306,0.001429,0.007398,0.05382,3.948e-06,5.027e-07,0.261
   48300,   48360,0.0015808,0.002169,0.007889,3.383e-26,2.101e-06,4.953e-06,5.154e-05,1.266e-26,8.107e-07,0.0003125,0.0002196,2.39e-08,0.03385,0.001467,0.007561,0.05508,4.06e-06,5.216e-07,0.261
   48360,   48420,0.0016161,0.00222,0.008072,3.44e-26,2.163e-06,5.08e-06,5.286e-05,1.286e-26,8.409e-07,0.0003203,0.000225,2.464e-08,0.03458,0.001504,0.007713,0.05625,4.166e-06,5.398e-07,0.261
   48420,   48480,0.0016445,0.002275,0.008265,3.5e-26,2.229e-06,5.217e-06,5.428e-05,1.308e-26,8.739e-07,0.0003287,0.0002308,2.545e-08,0.03536,0.001543,0.007874,0.05749,4.28e-06,5.597e-07,0.261
   48480,   48540,0.0016723,0.002331,0.008459,3.561e-26,2.297e-06,5.356e-06,5.572e-05,1.33e-26,9.078e-07,0.0003371,0.0002367,2.628e-08,0.03614,0.001582,0.008033,0.05872,4.396e-06,5.801e-07,0.261
   48540,   48600,0.0016955,0.002383,0.008641,3.62e-26,2.362e-06,5.489e-06,5.71e-05,1.351e-26,9.407e-07,0.0003451,0.0002423,2.707e-08,0.03687,0.001619,0.008181,0.05988,4.507e-06,5.999e-07,0.261
   48600,   48660,0.0017245,0.002439,0.008834,3.682e-26,2.431e-06,5.632e-06,5.857e-05,1.373e-26,9.761e-07,0.0003537,0.0002483,2.793e-08,0.03763,0.001659,0.008335,0.06108,4.626e-06,6.213e-07,0.261
   48660,   48720,0.0017373,0.002493,0.009022,3.744e-26,2.499e-06,5.77e-06,6e-05,1.395e-26,1.012e-06,0.000362,0.000254,2.877e-08,0.03838,0.001697,0.008487,0.06226,4.741e-06,6.428e-07,0.261
   48720,   48780,0.0017363,0.002545,0.009199,3.801e-26,2.567e-06,5.907e-06,6.141e-05,1.416e-26,1.048e-06,0.0003701,0.0002597,2.961e-08,0.03908,0.001735,0.008629,0.06337,4.855e-06,6.642e-07,0.261
   48780,   48840,0.0017729,0.002601,0.009391,3.865e-26,2.641e-06,6.055e-06,6.293e-05,1.439e-26,1.086e-06,0.0003789,0.0002658,3.052e-08,0.03983,0.001775,0.008781,0.06456,4.978e-06,6.875e-07,0.261
   48840,   48900,0.0018086,0.002657,0.009584,3.93e-26,2.716e-06,6.205e-06,6.448e-05,1.463e-26,1.126e-06,0.0003878,0.000272,3.145e-08,0.04058,0.001816,0.008931,0.06575,5.103e-06,7.115e-07,0.261
   48900,   48960,0.001823,0.00271,0.009765,4.013e-26,2.787e-06,6.349e-06,6.595e-05,1.502e-26,1.165e-06,0.0003963,0.0002779,3.234e-08,0.04128,0.001855,0.009072,0.06686,5.223e-06,7.346e-07,0.261
   48960,   49020,0.0017136,0.002767,0.009956,4.049e-26,2.864e-06,6.502e-06,6.753e-05,1.504e-26,1.207e-06,0.0004053,0.0002842,3.331e-08,0.04203,0.001897,0.00922,0.06802,5.351e-06,7.599e-07,0.261
   49020,   49080,0.0014856,0.002823,0.01015,4.118e-26,2.943e-06,6.658e-06,6.913e-05,1.528e-26,1.252e-06,0.0004144,0.0002905,3.432e-08,0.04277,0.001939,0.00937,0.0692,5.481e-06,7.87e-07,0.261
   49080,   49140,0.0014463,0.00288,0.01034,4.188e-26,3.023e-06,6.817e-06,7.075e-05,1.555e-26,1.296e-06,0.0004237,0.000297,3.532e-08,0.0435,0.001981,0.009512,0.07033,5.613e-06,8.134e-07,0.261
   49140,   49200,0.0014653,0.002937,0.01053,4.265e-26,3.104e-06,6.977e-06,7.239e-05,1.582e-26,1.342e-06,0.000433,0.0003034,3.635e-08,0.04424,0.002024,0.009658,0.07149,5.746e-06,8.408e-07,0.261
   49200,   49260,0.0014896,0.002994,0.01072,4.335e-26,3.187e-06,7.138e-06,7.404e-05,1.607e-26,1.389e-06,0.0004424,0.0003099,3.74e-08,0.04496,0.002066,0.009801,0.07263,5.88e-06,8.691e-07,0.261
   49260,   49320,0.0015149,0.003048,0.0109,4.402e-26,3.265e-06,7.292e-06,7.561e-05,1.631e-26,1.435e-06,0.0004512,0.0003161,3.84e-08,0.04564,0.002106,0.009934,0.07369,6.008e-06,8.965e-07,0.261
   49320,   49380,0.0015953,0.003105,0.01109,4.474e-26,3.35e-06,7.456e-06,7.728e-05,1.656e-26,1.485e-06,0.0004607,0.0003227,3.949e-08,0.04635,0.002149,0.01007,0.07481,6.145e-06,9.262e-07,0.261
   49380,   49440,0.0016738,0.003161,0.01128,4.546e-26,3.436e-06,7.623e-06,7.898e-05,1.682e-26,1.535e-06,0.0004702,0.0003293,4.059e-08,0.04706,0.002192,0.01021,0.07591,6.283e-06,9.567e-07,0.261
   49440,   49500,0.00186,0.003215,0.01145,4.615e-26,3.518e-06,7.781e-06,8.058e-05,1.707e-26,1.584e-06,0.0004792,0.0003355,4.165e-08,0.04772,0.002233,0.01034,0.07695,6.415e-06,9.861e-07,0.261
   49500,   49560,0.0018662,0.003271,0.01164,4.69e-26,3.606e-06,7.949e-06,8.23e-05,1.733e-26,1.638e-06,0.0004888,0.0003422,4.279e-08,0.04842,0.002276,0.01048,0.07803,6.555e-06,1.018e-06,0.261
   49560,   49620,0.0017839,0.003328,0.01182,4.765e-26,3.695e-06,8.12e-06,8.403e-05,1.76e-26,1.692e-06,0.0004985,0.0003489,4.395e-08,0.04911,0.00232,0.01061,0.07911,6.698e-06,1.051e-06,0.261
   49620,   49680,0.001735,0.003381,0.012,4.837e-26,3.78e-06,8.283e-06,8.568e-05,1.786e-26,1.745e-06,0.0005077,0.0003552,4.506e-08,0.04976,0.002361,0.01074,0.08011,6.832e-06,1.082e-06,0.261
   49680,   49740,0.0017279,0.003438,0.01218,4.915e-26,3.871e-06,8.456e-06,8.744e-05,1.813e-26,1.802e-06,0.0005174,0.000362,4.625e-08,0.05044,0.002405,0.01087,0.08117,6.977e-06,1.117e-06,0.261
   49740,   49800,0.0017133,0.003494,0.01236,4.993e-26,3.964e-06,8.631e-06,8.921e-05,1.841e-26,1.861e-06,0.0005272,0.0003688,4.748e-08,0.05112,0.002449,0.011,0.08222,7.123e-06,1.152e-06,0.261
   49800,   49860,0.0017438,0.003547,0.01254,5.068e-26,4.052e-06,8.797e-06,9.089e-05,1.867e-26,1.917e-06,0.0005365,0.0003752,4.864e-08,0.05174,0.00249,0.01112,0.0832,7.261e-06,1.186e-06,0.261
   49860,   49920,0.0017806,0.003603,0.01272,5.149e-26,4.148e-06,8.975e-06,9.268e-05,1.896e-26,1.979e-06,0.0005464,0.000382,4.989e-08,0.05241,0.002534,0.01125,0.08423,7.409e-06,1.223e-06,0.261
   49920,   49980,0.0018259,0.003659,0.0129,5.231e-26,4.243e-06,9.154e-06,9.449e-05,1.925e-26,2.041e-06,0.0005563,0.0003888,5.117e-08,0.05307,0.002578,0.01137,0.08525,7.558e-06,1.26e-06,0.261
   49980,   50040,0.0019714,0.003712,0.01307,5.309e-26,4.335e-06,9.324e-06,9.62e-05,1.952e-26,2.102e-06,0.0005657,0.0003953,5.239e-08,0.05368,0.002619,0.01149,0.0862,7.7e-06,1.296e-06,0.261
   50040,   50100,0.002155,0.003768,0.01324,5.392e-26,4.433e-06,9.506e-06,9.803e-05,1.982e-26,2.167e-06,0.0005757,0.0004022,5.37e-08,0.05433,0.002663,0.01161,0.0872,7.851e-06,1.336e-06,0.261
   50100,   50160,0.0021597,0.003823,0.01342,5.478e-26,4.532e-06,9.689e-06,9.987e-05,2.012e-26,2.234e-06,0.0005857,0.0004091,5.502e-08,0.05497,0.002708,0.01173,0.0882,8.003e-06,1.376e-06,0.261
   50160,   50220,0.0022312,0.003875,0.01359,5.558e-26,4.626e-06,9.862e-06,0.0001016,2.041e-26,2.298e-06,0.0005952,0.0004156,5.63e-08,0.05557,0.002749,0.01185,0.08912,8.147e-06,1.415e-06,0.261
   50220,   50280,0.0022316,0.003931,0.01376,5.646e-26,4.727e-06,1.005e-05,0.0001035,2.072e-26,2.368e-06,0.0006053,0.0004225,5.767e-08,0.0562,0.002793,0.01197,0.09009,8.301e-06,1.457e-06,0.261
   50280,   50340,0.0023788,0.003986,0.01394,5.735e-26,4.83e-06,1.023e-05,0.0001053,2.103e-26,2.44e-06,0.0006154,0.0004295,5.907e-08,0.05683,0.002838,0.01208,0.09106,8.457e-06,1.5e-06,0.261
   50340,   50400,0.0026796,0.004037,0.0141,5.819e-26,4.927e-06,1.041e-05,0.0001071,2.133e-26,2.507e-06,0.0006249,0.000436,6.038e-08,0.05741,0.002879,0.01219,0.09196,8.604e-06,1.541e-06,0.261
   50400,   50460,0.0029446,0.004092,0.01427,5.911e-26,5.031e-06,1.06e-05,0.000109,2.165e-26,2.582e-06,0.0006351,0.000443,6.18e-08,0.05802,0.002924,0.01231,0.0929,8.761e-06,1.586e-06,0.261
   50460,   50520,0.0030447,0.004146,0.01444,6.003e-26,5.136e-06,1.079e-05,0.0001109,2.198e-26,2.657e-06,0.0006452,0.0004499,6.324e-08,0.05863,0.002968,0.01242,0.09384,8.918e-06,1.631e-06,0.261
   50520,   50580,0.0030807,0.004198,0.0146,6.092e-26,5.236e-06,1.097e-05,0.0001127,2.229e-26,2.73e-06,0.0006548,0.0004565,6.463e-08,0.0592,0.003009,0.01253,0.09471,9.068e-06,1.675e-06,0.261
   50580,   50640,0.0031453,0.004252,0.01477,6.188e-26,5.344e-06,1.116e-05,0.0001146,2.263e-26,2.808e-06,0.0006651,0.0004635,6.611e-08,0.0598,0.003054,0.01264,0.09563,9.228e-06,1.723e-06,0.261
   50640,   50700,0.0031445,0.004306,0.01494,6.285e-26,5.452e-06,1.135e-05,0.0001165,2.297e-26,2.889e-06,0.0006753,0.0004705,6.762e-08,0.06039,0.003098,0.01275,0.09654,9.389e-06,1.771e-06,0.261
   50700,   50760,0.0029773,0.004356,0.01509,6.378e-26,5.551e-06,1.153e-05,0.0001183,2.329e-26,2.965e-06,0.0006849,0.0004771,6.9e-08,0.06094,0.003139,0.01286,0.09739,9.538e-06,1.817e-06,0.261
   50760,   50820,0.0029847,0.004408,0.01526,6.477e-26,5.663e-06,1.171e-05,0.0001201,2.364e-26,3.048e-06,0.0006944,0.0004834,7.055e-08,0.06152,0.003181,0.01296,0.09828,9.692e-06,1.868e-06,0.261
   50820,   50880,0.0032564,0.00446,0.01542,6.579e-26,5.772e-06,1.192e-05,0.0001221,2.4e-26,3.131e-06,0.000705,0.0004907,7.208e-08,0.0621,0.003224,0.01307,0.09916,9.859e-06,1.919e-06,0.261
   50880,   50940,0.0034007,0.004511,0.01557,6.676e-26,5.875e-06,1.21e-05,0.000124,2.434e-26,3.212e-06,0.0007149,0.0004974,7.356e-08,0.06264,0.003267,0.01317,0.09998,1.001e-05,1.968e-06,0.261
   50940,   51000,0.003431,0.004565,0.01574,6.78e-26,5.991e-06,1.23e-05,0.0001259,2.471e-26,3.3e-06,0.0007253,0.0005046,7.517e-08,0.06319,0.003312,0.01328,0.1008,1.018e-05,2.021e-06,0.261
   51000,   51060,0.0034796,0.004618,0.0159,6.886e-26,6.104e-06,1.25e-05,0.0001279,2.508e-26,3.389e-06,0.0007356,0.0005115,7.675e-08,0.06376,0.003356,0.01338,0.1017,1.034e-05,2.075e-06,0.261
   51060,   51120,-9999,0.004667,0.01605,6.988e-26,6.21e-06,1.267e-05,0.0001297,2.544e-26,3.475e-06,0.0007452,0.0005181,7.829e-08,0.06428,0.003397,0.01347,0.1025,1.05e-05,2.127e-06,0.261
   51120,   51180,-9999,0.004719,0.0162,7.097e-26,6.325e-06,1.288e-05,0.0001317,2.582e-26,3.567e-06,0.0007555,0.0005251,7.994e-08,0.06483,0.003441,0.01357,0.1033,1.067e-05,2.184e-06,0.261
   51180,   51240,-9999,0.004771,0.01636,7.208e-26,6.441e-06,1.308e-05,0.0001337,2.621e-26,3.661e-06,0.0007658,0.000532,8.159e-08,0.06537,0.003484,0.01367,0.1042,1.083e-05,2.241e-06,0.261
   51240,   51300,-9999,0.004819,0.01651,7.315e-26,6.55e-06,1.327e-05,0.0001355,2.658e-26,3.751e-06,0.0007755,0.0005386,8.316e-08,0.06586,0.003525,0.01378,0.1049,1.099e-05,2.295e-06,0.261
   51300,   51360,-9999,0.00487,0.01666,7.429e-26,6.667e-06,1.347e-05,0.0001375,2.699e-26,3.847e-06,0.0007858,0.0005455,8.485e-08,0.06641,0.003568,0.01387,0.1058,1.116e-05,2.355e-06,0.261
   51360,   51420,-9999,0.004921,0.01682,7.546e-26,6.784e-06,1.367e-05,0.0001395,2.74e-26,3.946e-06,0.0007961,0.0005525,8.656e-08,0.06694,0.003612,0.01396,0.1066,1.133e-05,2.415e-06,0.261
   51420,   51480,-9999,0.004969,0.01696,7.658e-26,6.896e-06,1.386e-05,0.0001413,2.779e-26,4.04e-06,0.0008057,0.000559,8.818e-08,0.06743,0.003652,0.01405,0.1073,1.148e-05,2.472e-06,0.261
   51480,   51540,-9999,0.005019,0.01711,7.779e-26,7.015e-06,1.406e-05,0.0001433,2.821e-26,4.141e-06,0.000816,0.0005659,8.991e-08,0.06795,0.003695,0.01415,0.1081,1.165e-05,2.534e-06,0.261
   51540,   51600,-9999,0.005069,0.01726,7.902e-26,7.134e-06,1.426e-05,0.0001453,2.864e-26,4.244e-06,0.0008262,0.0005728,9.167e-08,0.06847,0.003738,0.01424,0.1089,1.182e-05,2.598e-06,0.261
   51600,   51660,-9999,0.005116,0.0174,8.02e-26,7.247e-06,1.445e-05,0.0001472,2.905e-26,4.342e-06,0.0008359,0.0005793,9.333e-08,0.06894,0.003778,0.01433,0.1096,1.198e-05,2.658e-06,0.261
   51660,   51720,-9999,0.005166,0.01755,8.147e-26,7.368e-06,1.465e-05,0.0001492,2.949e-26,4.449e-06,0.0008461,0.0005862,9.512e-08,0.06945,0.003821,0.01442,0.1104,1.215e-05,2.723e-06,0.261
   51720,   51780,-9999,0.005215,0.0177,8.276e-26,7.49e-06,1.485e-05,0.0001511,2.994e-26,4.556e-06,0.0008563,0.000593,9.692e-08,0.06995,0.003863,0.01451,0.1111,1.232e-05,2.789e-06,0.261
   51780,   51840,-9999,0.005261,0.01783,8.4e-26,7.605e-06,1.504e-05,0.000153,3.037e-26,4.659e-06,0.0008659,0.0005995,9.863e-08,0.07041,0.003903,0.01459,0.1118,1.248e-05,2.853e-06,0.261
   51840,   51900,-9999,0.00531,0.01798,8.533e-26,7.727e-06,1.525e-05,0.000155,3.084e-26,4.77e-06,0.0008761,0.0006063,1.005e-07,0.0709,0.003945,0.01468,0.1126,1.265e-05,2.921e-06,0.261
   51900,   51960,-9999,0.005358,0.01812,8.67e-26,7.851e-06,1.545e-05,0.000157,3.131e-26,4.882e-06,0.0008863,0.0006131,1.023e-07,0.07138,0.003987,0.01477,0.1133,1.283e-05,2.99e-06,0.261
   51960,   52020,-9999,0.005404,0.01826,8.8e-26,7.967e-06,1.564e-05,0.0001589,3.177e-26,4.989e-06,0.0008959,0.0006195,1.041e-07,0.07184,0.004027,0.01485,0.114,1.299e-05,3.056e-06,0.261
   52020,   52080,-9999,0.005452,0.0184,8.941e-26,8.092e-06,1.585e-05,0.0001609,3.226e-26,5.104e-06,0.000906,0.0006263,1.059e-07,0.07231,0.004068,0.01494,0.1147,1.316e-05,3.128e-06,0.261
   52080,   52140,-9999,0.005499,0.01854,9.084e-26,8.217e-06,1.605e-05,0.0001629,3.276e-26,5.221e-06,0.0009162,0.0006331,1.078e-07,0.07278,0.00411,0.01502,0.1154,1.333e-05,3.2e-06,0.261
   52140,   52200,-9999,0.005544,0.01867,9.222e-26,8.335e-06,1.624e-05,0.0001648,3.324e-26,5.333e-06,0.0009257,0.0006394,1.096e-07,0.07322,0.004149,0.0151,0.1161,1.349e-05,3.269e-06,0.261
   52200,   52260,-9999,0.005591,0.01881,9.37e-26,8.46e-06,1.645e-05,0.0001668,3.375e-26,5.453e-06,0.0009357,0.0006461,1.115e-07,0.07368,0.00419,0.01518,0.1168,1.367e-05,3.343e-06,0.261
   52260,   52320,-9999,0.005638,0.01894,9.521e-26,8.587e-06,1.665e-05,0.0001688,3.428e-26,5.574e-06,0.0009458,0.0006529,1.135e-07,0.07414,0.004231,0.01527,0.1175,1.384e-05,3.419e-06,0.261
   52320,   52380,-9999,0.005681,0.01907,9.666e-26,8.706e-06,1.684e-05,0.0001707,3.478e-26,5.69e-06,0.0009553,0.0006592,1.153e-07,0.07456,0.00427,0.01534,0.1181,1.4e-05,3.491e-06,0.261
   52380,   52440,-9999,0.005728,0.0192,9.823e-26,8.833e-06,1.705e-05,0.0001726,3.533e-26,5.815e-06,0.0009653,0.0006658,1.173e-07,0.07501,0.004311,0.01542,0.1188,1.417e-05,3.568e-06,0.261
   52440,   52500,-9999,0.005774,0.01934,9.983e-26,8.961e-06,1.725e-05,0.0001746,3.589e-26,5.941e-06,0.0009753,0.0006725,1.192e-07,0.07546,0.004351,0.0155,0.1195,1.435e-05,3.646e-06,0.261
   52500,   52560,-9999,0.005816,0.01946,1.014e-25,9.081e-06,1.744e-05,0.0001765,3.642e-26,6.061e-06,0.0009847,0.0006787,1.211e-07,0.07587,0.004389,0.01558,0.1201,1.451e-05,3.721e-06,0.261
   52560,   52620,-9999,0.005862,0.01959,1.03e-25,9.209e-06,1.765e-05,0.0001785,3.7e-26,6.19e-06,0.0009947,0.0006853,1.231e-07,0.0763,0.004429,0.01565,0.1208,1.468e-05,3.802e-06,0.261
   52620,   52680,-9999,0.005907,0.01972,1.047e-25,9.338e-06,1.785e-05,0.0001805,3.758e-26,6.32e-06,0.001005,0.0006919,1.251e-07,0.07673,0.00447,0.01573,0.1214,1.486e-05,3.883e-06,0.261
   52680,   52740,-9999,0.005949,0.01985,1.064e-25,9.46e-06,1.804e-05,0.0001824,3.815e-26,6.445e-06,0.001014,0.000698,1.27e-07,0.07714,0.004507,0.0158,0.122,1.502e-05,3.961e-06,0.261
