CampaignData_and_Merges/R0/CSL_MobileLab_Parked/raw/20240803/USOS-HCHO_MobileLabGround_20240803_R0.ict
35,1001
Huang, Yaoxian
Wayne State University
Picarro G2307 on CSL Mobile Lab
USOS
1,1
2024,08,03,2025,03,31
1.0
Time_Start,seconds_since_midnight,number_of_seconds_since_0000_UTC
3
1.0,1.0,1.0
-9999.0,-9999.0,-9999.0
HCHO,ppbv,Gas_HCHO_InSitu_S_AVMR,volume mixing ratio of formaldehyde in air
H2O,ppmv,Gas_H2O_InSitu_S_AVMR,volume mixing ratio of water vapor in air
CH4,ppmv,Gas_CH4_InSitu_S_AVMR,volume mixing ratio of methane in air
0
18
PI_CONTACT_INFO: yaoxian.huang@wayne.edu
PLATFORM: CSL Mobile Lab, at Ground Site
LOCATION: Salt Lake City, UT
ASSOCIATED_DATA: N/A
INSTRUMENT_INFO: Cavity Ring-Down Spectrometer
DATA_INFO: Data is averaged to 1 minute intervals for stationary and 1 second interval for driving. Stationary data collected from a 20 ft tower on top of the mobile lab. On drive days, for parked data, anytime the mobile lab is driving, report as missing data in the parked files.
UNCERTAINTY: N/A
ULOD_FLAG: -7777
ULOD_VALUE: N/A
LLOD_FLAG: -8888
LLOD_VALUE: N/A
DM_CONTACT_INFO: Yaoxian Huang; yaoxian.huang@wayne.edu
PROJECT_INFO: USOS, Summer 2024. https://csl.noaa.gov/groups/csl7/measurements/2024usos/
STIPULATIONS_ON_USE: Users are strongly encouraged to contact the PI for proper data usage.
OTHER_COMMENTS: Data have been shifted backwards by 1 minute to align with USOS MetNav and Picarro GHG data.
REVISION: R0
R0: Final Data
Time_Start,HCHO,H2O,CH4
[from data line 1080]
64800,-9999.0,-9999.0,-9999.0
64860,-9999.0,-9999.0,-9999.0
64920,-9999.0,-9999.0,-9999.0
64980,-9999.0,-9999.0,-9999.0
65040,-9999.0,-9999.0,-9999.0
65100,-9999.0,-9999.0,-9999.0
65160,-9999.0,-9999.0,-9999.0
65220,-9999.0,-9999.0,-9999.0
65280,-9999.0,-9999.0,-9999.0
65340,-9999.0,-9999.0,-9999.0
65400,-9999.0,-9999.0,-9999.0
65460,-9999.0,-9999.0,-9999.0
65520,-9999.0,-9999.0,-9999.0
65580,-9999.0,-9999.0,-9999.0
65640,-9999.0,-9999.0,-9999.0
65700,-9999.0,-9999.0,-9999.0
65760,-9999.0,-9999.0,-9999.0
65820,-9999.0,-9999.0,-9999.0
65880,-9999.0,-9999.0,-9999.0
65940,-9999.0,-9999.0,-9999.0
66000,-9999.0,-9999.0,-9999.0
66060,-9999.0,-9999.0,-9999.0
66120,-9999.0,-9999.0,-9999.0
66180,-9999.0,-9999.0,-9999.0
66240,-9999.0,-9999.0,-9999.0
66300,-9999.0,-9999.0,-9999.0
66360,-9999.0,-9999.0,-9999.0
66420,-9999.0,-9999.0,-9999.0
66480,-9999.0,-9999.0,-9999.0
66540,-9999.0,-9999.0,-9999.0
66600,-9999.0,-9999.0,-9999.0
66660,-9999.0,-9999.0,-9999.0
66720,-9999.0,-9999.0,-9999.0
66780,-9999.0,-9999.0,-9999.0
66840,-9999.0,-9999.0,-9999.0
66900,-9999.0,-9999.0,-9999.0
66960,-9999.0,-9999.0,-9999.0
67020,-9999.0,-9999.0,-9999.0
67080,-9999.0,-9999.0,-9999.0
67140,-9999.0,-9999.0,-9999.0
67200,-9999.0,-9999.0,-9999.0
67260,-9999.0,-9999.0,-9999.0
67320,-9999.0,-9999.0,-9999.0
67380,-9999.0,-9999.0,-9999.0
67440,-9999.0,-9999.0,-9999.0
67500,-9999.0,-9999.0,-9999.0
67560,-9999.0,-9999.0,-9999.0
67620,-9999.0,-9999.0,-9999.0
67680,-9999.0,-9999.0,-9999.0
67740,-9999.0,-9999.0,-9999.0
67800,-9999.0,-9999.0,-9999.0
67860,-9999.0,-9999.0,-9999.0
67920,-9999.0,-9999.0,-9999.0
67980,-9999.0,-9999.0,-9999.0
68040,-9999.0,-9999.0,-9999.0
68100,-9999.0,-9999.0,-9999.0
68160,-9999.0,-9999.0,-9999.0
68220,-9999.0,-9999.0,-9999.0
68280,-9999.0,-9999.0,-9999.0
68340,-9999.0,-9999.0,-9999.0
68400,-9999.0,-9999.0,-9999.0
68460,-9999.0,-9999.0,-9999.0
68520,-9999.0,-9999.0,-9999.0
68580,-9999.0,-9999.0,-9999.0
68640,-9999.0,-9999.0,-9999.0
68700,-9999.0,-9999.0,-9999.0
68760,-9999.0,-9999.0,-9999.0
68820,-9999.0,-9999.0,-9999.0
68880,-9999.0,-9999.0,-9999.0
68940,-9999.0,-9999.0,-9999.0
69000,-9999.0,-9999.0,-9999.0
69060,-9999.0,-9999.0,-9999.0
69120,-9999.0,-9999.0,-9999.0
69180,-9999.0,-9999.0,-9999.0
69240,-9999.0,-9999.0,-9999.0
69300,-9999.0,-9999.0,-9999.0
69360,-9999.0,-9999.0,-9999.0
69420,-9999.0,-9999.0,-9999.0
69480,-9999.0,-9999.0,-9999.0
69540,-9999.0,-9999.0,-9999.0
69600,-9999.0,-9999.0,-9999.0
69660,-9999.0,-9999.0,-9999.0
69720,-9999.0,-9999.0,-9999.0
69780,-9999.0,-9999.0,-9999.0
69840,-9999.0,-9999.0,-9999.0
69900,-9999.0,-9999.0,-9999.0
69960,-9999.0,-9999.0,-9999.0
70020,-9999.0,-9999.0,-9999.0
70080,-9999.0,-9999.0,-9999.0
70140,-9999.0,-9999.0,-9999.0
70200,-9999.0,-9999.0,-9999.0
70260,-9999.0,-9999.0,-9999.0
70320,-9999.0,-9999.0,-9999.0
70380,-9999.0,-9999.0,-9999.0
70440,-9999.0,-9999.0,-9999.0
70500,-9999.0,-9999.0,-9999.0
70560,-9999.0,-9999.0,-9999.0
70620,-163.92,13253.1,-164.772
70680,3.00433,13626.6,1.91342
70740,2.90583,13610.2,1.9075
70800,2.98002,13644.7,1.91079
70860,2.98047,13736.0,1.91043
70920,3.05267,13771.8,1.90971
70980,3.11395,13568.5,1.91133
71040,2.987,13657.3,1.91292
71100,2.73886,13510.5,1.91205
71160,2.91579,13516.2,1.91274
71220,2.97184,13642.4,1.91303
71280,8.78858,13992.0,1.9257
71340,3.42244,13892.0,1.9126
71400,3.25004,13899.5,1.91419
71460,3.42119,13882.0,1.91185
71520,3.52681,13953.4,1.91105
71580,3.48483,14127.4,1.91215
71640,3.38416,13999.3,1.91145
71700,3.36293,13931.7,1.90975
71760,3.10293,13844.1,1.91234
71820,3.21268,14227.3,1.90999
71880,3.41381,14296.5,1.90971
71940,3.43114,14049.0,1.91339
72000,3.51912,14124.7,1.91356
72060,3.50561,14212.1,1.91439
72120,3.52484,14339.3,1.91155
72180,3.47121,14349.8,1.91549
72240,3.46739,14274.0,1.91191
72300,3.07226,13782.7,1.91261
72360,3.54707,14308.8,1.91146
72420,3.47173,14318.6,1.9146
72480,3.37456,14154.8,1.91356
72540,3.48564,14183.4,1.91007
72600,3.29908,14208.8,1.91373
72660,3.48757,14233.7,1.91368
72720,3.00037,13691.0,1.91051
72780,3.14084,13779.7,1.9115
72840,3.23081,13967.2,1.91256
72900,3.40022,14115.0,1.91356
72960,3.49562,14156.6,1.91302
73020,3.31564,14136.1,1.91046
73080,3.44883,14035.4,1.91324
73140,3.08171,13774.8,1.91261
73200,3.53387,14185.0,1.91042
73260,3.37416,13965.9,1.91516
73320,3.45151,14036.4,1.91308
73380,3.558,14036.7,1.91496
73440,3.67054,14091.8,1.91225
73500,3.78307,14422.0,1.9136
73560,3.48472,14440.9,1.91267
73620,3.70118,15020.9,1.91313
73680,3.44045,14529.8,1.91169
73740,3.8307,14081.6,1.91296
73800,3.77526,14370.4,1.91288
73860,3.93316,14309.3,1.91472
73920,3.90108,14114.9,1.91239
73980,3.57013,13891.8,1.91274
74040,3.84543,14010.6,1.9124
74100,3.96257,14837.9,1.91234
74160,3.77732,14380.8,1.91392
74220,3.97984,14657.3,1.91226
74280,4.16301,14529.3,1.91331
74340,3.91652,14593.0,1.91278
74400,4.00062,14190.9,1.91264
74460,4.22435,15028.3,1.90856
74520,4.15719,15106.6,1.91203
74580,4.40071,14873.8,1.9115
74640,4.23621,14785.7,1.90985
74700,3.99754,14167.4,1.90834
74760,4.11977,14212.7,1.91405
74820,4.10997,14213.0,1.90848
74880,4.00879,14529.1,1.90736
74940,4.29692,14816.7,1.90948
75000,4.21811,14415.2,1.90807
75060,4.24547,14564.8,1.90895
75120,4.33695,14382.6,1.90803
75180,3.92835,13980.9,1.91025
75240,4.13349,14468.2,1.91141
75300,3.8498,14489.4,1.90975
75360,3.59731,14025.5,1.90985
75420,3.53906,13881.8,1.90874
75480,3.35481,14101.2,1.90778
75540,3.41184,13461.2,1.90834
75600,3.20986,13478.9,1.90765
75660,3.67492,13811.9,1.90843
75720,3.65618,14004.8,1.90822
75780,3.5434,13896.2,1.90798
75840,3.38038,13652.7,1.90624
75900,3.72901,13756.7,1.90814
75960,3.63942,14839.6,1.90518
76020,3.72267,13732.7,1.90927
76080,3.86846,13983.3,1.90971
76140,3.45723,13569.7,1.9066
76200,3.44156,13496.6,1.9095
76260,3.73362,13911.3,1.90982
76320,4.00056,13964.0,1.90899
76380,3.78561,13956.4,1.90923
76440,3.62288,13427.6,1.9089
76500,3.61243,13531.8,1.90672
76560,3.45383,13257.7,1.90725
76620,3.4493,13409.6,1.90706
76680,3.65032,14658.9,1.90352
76740,3.68603,14302.0,1.90306
76800,3.63625,13626.0,1.90869
76860,3.10163,13006.4,1.9059
76920,3.24824,13125.4,1.90664
76980,3.19624,13133.6,1.90544
77040,3.19626,13719.5,1.90392
77100,3.17644,13277.6,1.90614
77160,2.98593,13310.0,1.90246
77220,3.12314,13321.2,1.90592
77280,3.17133,13567.8,1.90666
77340,3.37724,13083.0,1.90781
77400,3.24444,13001.7,1.90537
77460,3.06007,13098.6,1.90239
77520,3.10106,13016.3,1.90846
77580,2.79705,12648.6,1.90385
77640,2.72818,12901.2,1.90668
77700,3.17753,13528.2,1.908
77760,3.08831,12829.1,1.90473
77820,3.0177,12981.5,1.90352
77880,3.2614,13117.7,1.90645
77940,3.27713,13195.8,1.90597
78000,3.07226,13533.9,1.9071
78060,3.30261,14235.5,1.90535
78120,3.25099,13268.4,1.90701
78180,3.45316,13642.1,1.90775
78240,3.42033,13281.9,1.908
78300,3.43591,13478.0,1.90795
78360,3.28884,13155.6,1.90581
78420,3.39307,13208.0,1.90567
78480,3.27686,13086.8,1.90838
78540,3.15007,12778.2,1.90776
78600,3.06152,13003.9,1.90609
78660,3.29924,13242.4,1.90475
78720,3.39326,13122.5,1.90718
78780,3.24582,12991.6,1.90624
78840,3.33827,12954.8,1.90601
78900,3.59097,13447.2,1.9042
78960,3.50639,13647.1,1.90643
79020,3.69077,12914.0,1.90624
79080,3.58867,13328.1,1.90655
79140,3.41295,13162.6,1.90671
79200,3.55362,13814.0,1.90626
79260,3.57448,12944.0,1.90825
79320,3.56873,13393.7,1.90764
79380,3.64827,12990.7,1.90758
79440,3.46514,12510.4,1.9087
79500,3.36237,12201.5,1.90939
79560,3.16471,12376.3,1.9081
79620,3.76041,14110.2,1.90783
79680,3.61106,14002.8,1.90724
79740,3.45249,13172.3,1.90707
79800,3.47629,13118.5,1.90565
79860,3.27909,12620.9,1.90651
79920,3.34264,12612.0,1.90705
79980,3.40145,12737.0,1.90667
80040,3.72087,13415.5,1.90888
80100,3.58936,12992.2,1.90985
80160,3.51422,12768.2,1.91038
80220,3.81435,13676.1,1.90654
80280,3.93299,13541.5,1.90968
80340,3.75668,12954.9,1.90834
80400,3.58829,12830.4,1.90819
80460,3.34247,12274.4,1.90886
80520,3.4112,12190.8,1.9065
80580,3.44182,12239.3,1.90604
80640,3.58527,12276.6,1.90977
80700,3.68934,12271.0,1.90863
80760,3.69771,11803.6,1.91205
80820,3.28917,11737.5,1.90894
80880,3.32296,11963.3,1.90841
80940,3.60914,12052.6,1.90783
81000,3.46407,13069.9,1.90709
81060,3.23592,12651.6,1.91005
81120,3.34468,13297.7,1.90785
81180,3.76615,13246.7,1.90923
81240,3.45665,12705.0,1.91009
81300,3.20005,13046.2,1.90973
81360,3.55145,12522.5,1.90778
81420,3.26207,12320.2,1.90878
81480,3.45935,12430.6,1.9087
81540,3.41238,12625.5,1.91061
81600,3.55375,11969.8,1.91114
81660,3.11328,11571.7,1.90977
81720,3.09558,11915.6,1.90733
81780,2.98875,11885.7,1.9119
81840,3.13211,12108.6,1.90707
81900,3.06835,11627.4,1.90813
81960,3.00901,11443.6,1.91246
82020,3.10913,12490.4,1.90893
82080,3.10756,12561.9,1.91153
82140,3.23075,12861.2,1.90811
82200,3.35849,12987.7,1.91025
82260,3.03539,13009.7,1.9075
82320,3.07187,11925.2,1.90955
82380,2.783,11638.2,1.90498
82440,2.87821,11625.9,1.91189
82500,3.08299,11577.3,1.91122
82560,3.11072,11725.5,1.90899
82620,3.08825,12296.3,1.90743
82680,2.9114,11629.2,1.90907
82740,3.00643,11697.2,1.91039
82800,3.13338,11909.9,1.90908
82860,3.47806,12812.8,1.90714
82920,3.16449,12633.3,1.90848
82980,3.18198,11910.1,1.90826
83040,3.19591,12680.1,1.91117
83100,3.44245,13532.5,1.91076
83160,3.4533,13470.1,1.91259
83220,3.59054,13560.0,1.91315
83280,3.56598,13472.0,1.91384
83340,3.58411,13881.4,1.91579
83400,3.47488,13288.3,1.91472
83460,3.73002,13187.3,1.91554
83520,3.70257,13680.2,1.91843
83580,3.34812,13219.4,1.91724
83640,3.94493,14328.1,1.91521
83700,3.97308,14866.8,1.91859
83760,3.88988,14155.3,1.92094
83820,3.9945,14100.5,1.91739
83880,4.22699,13250.3,1.92375
83940,3.86421,14334.0,1.92121
84000,3.9555,14513.9,1.92244
84060,4.29017,14601.1,1.92507
84120,4.30152,13847.1,1.93589
84180,4.43959,13913.3,1.93986
84240,4.42134,14196.2,1.94217
84300,4.41584,14374.7,1.94497
84360,4.4838,14424.6,1.94739
84420,4.50446,14129.1,1.95288
84480,4.66534,14376.4,1.9553
84540,4.63589,14614.8,1.95527
84600,4.72123,14484.4,1.95039
84660,4.65142,14466.0,1.94965
84720,4.50363,14922.2,1.9497
84780,4.40843,14115.1,1.95304
84840,4.63877,14238.9,1.95479
84900,4.72789,14550.5,1.95479
84960,4.74438,15005.3,1.95444
85020,4.50071,14335.1,1.95797
85080,4.55179,14587.0,1.95522
85140,4.32747,14297.8,1.95899
85200,4.12514,14074.2,1.95589
85260,4.36579,14313.0,1.95822
85320,4.20706,14200.5,1.96413
85380,4.62206,14736.9,1.96191
85440,4.51715,14554.8,1.96782
85500,4.41787,14125.1,1.97137
85560,4.35494,14243.2,1.97334
85620,4.22154,13933.5,1.97262
85680,4.40063,14090.9,1.97573
85740,4.40875,14141.0,1.97707
85800,4.22619,14150.0,1.97464
85860,4.3402,14165.0,1.97515
85920,4.49009,14140.5,1.97286
85980,4.16109,13889.3,1.97063
86040,4.58215,14024.3,1.9715
86100,4.52917,13926.6,1.96947
86160,4.02996,13518.6,1.96869
86220,4.45232,14085.0,1.96986
86280,4.61546,14342.6,1.97309
86340,-9999.0,-9999.0,-9999.0
