CampaignData_and_Merges/R0/CSL_MobileLab_Parked/raw/20240803/USOS-NOy-LIF_MobileLabGround_20240803_R0.ict
39,1001
Rollins, A.; Waxman, E.; Zuraski, K.; Chace, W.
NOAA Chemical Sciences Laboratory
LIF NO/NOx/NOy on CSL Mobile Lab
AMMBEC / USOS
1, 1
2024,08,03, 2025,01,04
1
Time_Start, seconds, number_of_seconds_since_0000_UTC
7
1, 1, 1, 1, 1, 1, 1
-9999, -9999, -9999, -9999, -9999, -9999, -9999
Time_Stop, seconds, number_of_seconds_since_0000_UTC
NO_LIF, pptv, Gas_NO_InSitu_S_AVMR, volume mixing ratio of nitric oxide in air
NO2_LIF, pptv, Gas_NO2_InSitu_S_AVMR, volume mixing ratio of nitrogen dioxide in air
NOy_LIF, pptv, Gas_NOy_InSitu_S_AVMR, volume mixing ratio of total oxidized nitrogen in air
NO_LIF_1SigmaAccuracy, pptv, Gas_NO_InSitu_S_AVMR, volume mixing ratio of nitric oxide in air
NO2_LIF_1SigmaAccuracy, pptv, Gas_NO2_InSitu_S_AVMR, volume mixing ratio of nitrogen dioxide in air
NOy_LIF_1SigmaAccuracy, pptv, Gas_NOy_InSitu_S_AVMR, volume mixing ratio of total oxidized nitrogen in air
0
18
PI_CONTACT_INFO: andrew.rollins@noaa.gov
PLATFORM: CSL Mobile Lab
LOCATION: Salt Lake City, UT
ASSOCIATED_DATA:
INSTRUMENT_INFO: NO detection by laser induced fluorescence. NO2 detection by photolytic conversion to NO. NOy detection by catalytic conversion to NO on gold surface
DATA_INFO:
UNCERTAINTY: Included 1 Sigma Accuracy waves represent the combined calibration uncertainties (±6%, ±9%, ±10%) and zero uncertainties (3 ppt, 20 ppt, 100 ppt) for NO, NO2, and NOy, respectively.
ULOD_FLAG: -7777
ULOD_VALUE: N/A
LLOD_FLAG: -8888
LLOD_VALUE: N/A
DM_CONTACT_INFO: andrew.rollins@noaa.gov
PROJECT_INFO: USOS Project, July - August 2024
STIPULATIONS_ON_USE: Users are strongly encouraged to contact the PI for proper data usage.
OTHER_COMMENTS:
REVISION: R0
R0: final data
Time_Start, Time_Stop, NO_LIF, NO2_LIF, NOy_LIF, NO_LIF_1SigmaAccuracy, NO2_LIF_1SigmaAccuracy, NOy_LIF_1SigmaAccuracy
[from data line 1073]
   64380,   64440,-9999,-9999,-9999,-9999, -9999, -9999
   64440,   64500,-9999,-9999,-9999,-9999, -9999, -9999
   64500,   64560,-9999,-9999,-9999,-9999, -9999, -9999
   64560,   64620,-9999,-9999,-9999,-9999, -9999, -9999
   64620,   64680,-9999,-9999,-9999,-9999, -9999, -9999
   64680,   64740,-9999,-9999,-9999,-9999, -9999, -9999
   64740,   64800,-9999,-9999,-9999,-9999, -9999, -9999
   64800,   64860,-9999,-9999,-9999,-9999, -9999, -9999
   64860,   64920,-9999,-9999,-9999,-9999, -9999, -9999
   64920,   64980,-9999,-9999,-9999,-9999, -9999, -9999
   64980,   65040,-9999,-9999,-9999,-9999, -9999, -9999
   65040,   65100,-9999,-9999,-9999,-9999, -9999, -9999
   65100,   65160,-9999,-9999,-9999,-9999, -9999, -9999
   65160,   65220,-9999,-9999,-9999,-9999, -9999, -9999
   65220,   65280,-9999,-9999,-9999,-9999, -9999, -9999
   65280,   65340,-9999,-9999,-9999,-9999, -9999, -9999
   65340,   65400,-9999,-9999,-9999,-9999, -9999, -9999
   65400,   65460,-9999,-9999,-9999,-9999, -9999, -9999
   65460,   65520,-9999,-9999,-9999,-9999, -9999, -9999
   65520,   65580,-9999,-9999,-9999,-9999, -9999, -9999
   65580,   65640,-9999,-9999,-9999,-9999, -9999, -9999
   65640,   65700,-9999,-9999,-9999,-9999, -9999, -9999
   65700,   65760,-9999,-9999,-9999,-9999, -9999, -9999
   65760,   65820,-9999,-9999,-9999,-9999, -9999, -9999
   65820,   65880,-9999,-9999,-9999,-9999, -9999, -9999
   65880,   65940,-9999,-9999,-9999,-9999, -9999, -9999
   65940,   66000,-9999,-9999,-9999,-9999, -9999, -9999
   66000,   66060,-9999,-9999,-9999,-9999, -9999, -9999
   66060,   66120,-9999,-9999,-9999,-9999, -9999, -9999
   66120,   66180,-9999,-9999,-9999,-9999, -9999, -9999
   66180,   66240,-9999,-9999,-9999,-9999, -9999, -9999
   66240,   66300,-9999,-9999,-9999,-9999, -9999, -9999
   66300,   66360,-9999,-9999,-9999,-9999, -9999, -9999
   66360,   66420,-9999,-9999,-9999,-9999, -9999, -9999
   66420,   66480,-9999,-9999,-9999,-9999, -9999, -9999
   66480,   66540,-9999,-9999,-9999,-9999, -9999, -9999
   66540,   66600,-9999,-9999,-9999,-9999, -9999, -9999
   66600,   66660,-9999,-9999,-9999,-9999, -9999, -9999
   66660,   66720,-9999,-9999,-9999,-9999, -9999, -9999
   66720,   66780,-9999,-9999,-9999,-9999, -9999, -9999
   66780,   66840,-9999,-9999,-9999,-9999, -9999, -9999
   66840,   66900,-9999,-9999,-9999,-9999, -9999, -9999
   66900,   66960,-9999,-9999,-9999,-9999, -9999, -9999
   66960,   67020,-9999,-9999,-9999,-9999, -9999, -9999
   67020,   67080,-9999,-9999,-9999,-9999, -9999, -9999
   67080,   67140,-9999,-9999,-9999,-9999, -9999, -9999
   67140,   67200,-9999,-9999,-9999,-9999, -9999, -9999
   67200,   67260,-9999,-9999,-9999,-9999, -9999, -9999
   67260,   67320,-9999,-9999,-9999,-9999, -9999, -9999
   67320,   67380,-9999,-9999,-9999,-9999, -9999, -9999
   67380,   67440,-9999,-9999,-9999,-9999, -9999, -9999
   67440,   67500,-9999,-9999,-9999,-9999, -9999, -9999
   67500,   67560,-9999,-9999,-9999,-9999, -9999, -9999
   67560,   67620,-9999,-9999,-9999,-9999, -9999, -9999
   67620,   67680,-9999,-9999,-9999,-9999, -9999, -9999
   67680,   67740,-9999,-9999,-9999,-9999, -9999, -9999
   67740,   67800,-9999,-9999,-9999,-9999, -9999, -9999
   67800,   67860,-9999,-9999,-9999,-9999, -9999, -9999
   67860,   67920,-9999,-9999,-9999,-9999, -9999, -9999
   67920,   67980,-9999,-9999,-9999,-9999, -9999, -9999
   67980,   68040,-9999,-9999,-9999,-9999, -9999, -9999
   68040,   68100,-9999,-9999,-9999,-9999, -9999, -9999
   68100,   68160,-9999,-9999,-9999,-9999, -9999, -9999
   68160,   68220,-9999,-9999,-9999,-9999, -9999, -9999
   68220,   68280,-9999,-9999,-9999,-9999, -9999, -9999
   68280,   68340,-9999,-9999,-9999,-9999, -9999, -9999
   68340,   68400,-9999,-9999,-9999,-9999, -9999, -9999
   68400,   68460,-9999,-9999,-9999,-9999, -9999, -9999
   68460,   68520,-9999,-9999,-9999,-9999, -9999, -9999
   68520,   68580,-9999,-9999,-9999,-9999, -9999, -9999
   68580,   68640,-9999,-9999,-9999,-9999, -9999, -9999
   68640,   68700,-9999,-9999,-9999,-9999, -9999, -9999
   68700,   68760,-9999,-9999,-9999,-9999, -9999, -9999
   68760,   68820,-9999,-9999,-9999,-9999, -9999, -9999
   68820,   68880,-9999,-9999,-9999,-9999, -9999, -9999
   68880,   68940,-9999,-9999,-9999,-9999, -9999, -9999
   68940,   69000,-9999,-9999,-9999,-9999, -9999, -9999
   69000,   69060,-9999,-9999,-9999,-9999, -9999, -9999
   69060,   69120,-9999,-9999,-9999,-9999, -9999, -9999
   69120,   69180,-9999,-9999,-9999,-9999, -9999, -9999
   69180,   69240,-9999,-9999,-9999,-9999, -9999, -9999
   69240,   69300,-9999,-9999,-9999,-9999, -9999, -9999
   69300,   69360,-9999,-9999,-9999,-9999, -9999, -9999
   69360,   69420,-9999,-9999,-9999,-9999, -9999, -9999
   69420,   69480,-9999,-9999,-9999,-9999, -9999, -9999
   69480,   69540,-9999,-9999,-9999,-9999, -9999, -9999
   69540,   69600,-9999,-9999,-9999,-9999, -9999, -9999
   69600,   69660,-9999,-9999,-9999,-9999, -9999, -9999
   69660,   69720,-9999,-9999,-9999,-9999, -9999, -9999
   69720,   69780,-9999,-9999,-9999,-9999, -9999, -9999
   69780,   69840,-9999,-9999,-9999,-9999, -9999, -9999
   69840,   69900,-9999,-9999,-9999,-9999, -9999, -9999
   69900,   69960,-9999,-9999,-9999,-9999, -9999, -9999
   69960,   70020,-9999,-9999,-9999,-9999, -9999, -9999
   70020,   70080,-9999,-9999,-9999,-9999, -9999, -9999
   70080,   70140,-9999,-9999,-9999,-9999, -9999, -9999
   70140,   70200,-9999,-9999,-9999,-9999, -9999, -9999
   70200,   70260,-9999,-9999,-9999,-9999, -9999, -9999
   70260,   70320,-9999,-9999,-9999,-9999, -9999, -9999
   70320,   70380,-9999,-9999,-9999,-9999, -9999, -9999
   70380,   70440,-9999,-9999,-9999,-9999, -9999, -9999
   70440,   70500,-9999,-9999,-9999,-9999, -9999, -9999
   70500,   70560,-9999,-9999,-9999,-9999, -9999, -9999
   70560,   70620,-9999,-9999,-9999,-9999, -9999, -9999
   70620,   70680,-9999,-9999,-9999,-9999, -9999, -9999
   70680,   70740,210.14,1773.2,2682.1,15.608, 179.59, 368.21
   70740,   70800,-9999,-9999,-9999,-9999, -9999, -9999
   70800,   70860,-9999,-9999,-9999,-9999, -9999, -9999
   70860,   70920,-9999,-9999,-9999,-9999, -9999, -9999
   70920,   70980,-9999,-9999,-9999,-9999, -9999, -9999
   70980,   71040,-9999,-9999,-9999,-9999, -9999, -9999
   71040,   71100,-9999,-9999,-9999,-9999, -9999, -9999
   71100,   71160,-9999,-9999,-9999,-9999, -9999, -9999
   71160,   71220,399.51,4021,3627.2,26.97, 381.89, 462.72
   71220,   71280,240.2,2157.2,3194.7,17.412, 214.14, 419.47
   71280,   71340,280.21,2235,3308.9,19.813, 221.15, 430.89
   71340,   71400,385.57,2905.6,3875.6,26.134, 281.51, 487.56
   71400,   71460,381.48,3025.7,4093.6,25.889, 292.31, 509.36
   71460,   71520,262.45,2443,3592.1,18.747, 239.87, 459.21
   71520,   71580,267.42,2391.1,3506.1,19.045, 235.2, 450.61
   71580,   71640,274.34,2478.5,3650.3,19.461, 243.06, 465.03
   71640,   71700,245.98,2221.5,3381.9,17.759, 219.93, 438.19
   71700,   71760,255.25,2212.9,3462.7,18.315, 219.16, 446.27
   71760,   71820,194.29,1800.8,2860.8,14.657, 182.07, 386.08
   71820,   71880,920.79,3484.5,6500.7,58.247, 333.6, 750.07
   71880,   71940,529.98,3312.6,5061,34.799, 318.14, 606.1
   71940,   72000,273.4,2332.2,3561.6,19.404, 229.9, 456.16
   72000,   72060,217.9,2141.6,3253.7,16.074, 212.74, 425.37
   72060,   72120,224.61,2149.4,3323.4,16.477, 213.44, 432.34
   72120,   72180,235.18,2272.1,3338.8,17.111, 224.49, 433.88
   72180,   72240,222.88,2254,3397.7,16.373, 222.86, 439.77
   72240,   72300,237.06,2293.8,3516.3,17.223, 226.44, 451.63
   72300,   72360,204.23,1974.8,3064,15.254, 197.74, 406.4
   72360,   72420,242.86,2243.8,3371.3,17.572, 221.94, 437.13
   72420,   72480,256.2,2315.6,3565.1,18.372, 228.4, 456.51
   72480,   72540,266.73,2316.8,3526.1,19.004, 228.51, 452.61
   72540,   72600,263.46,2298.3,3467.7,18.807, 226.85, 446.77
   72600,   72660,381.57,2208.3,3600.7,25.894, 218.75, 460.07
   72660,   72720,470.78,2893.5,4120.8,31.247, 280.42, 512.08
   72720,   72780,302.94,1994.5,3200.3,21.177, 199.5, 420.03
   72780,   72840,271.81,2018,3249.6,19.308, 201.62, 424.96
   72840,   72900,280.01,2131.2,3298.5,19.8, 211.81, 429.85
   72900,   72960,286.96,2140.4,3374.9,20.218, 212.64, 437.49
   72960,   73020,315.92,2145.7,3379.3,21.955, 213.11, 437.93
   73020,   73080,309.95,2125.4,3417.2,21.597, 211.28, 441.72
   73080,   73140,288.84,1995.3,3280.7,20.33, 199.58, 428.07
   73140,   73200,269.49,1817,2918,19.169, 183.53, 391.8
   73200,   73260,327.2,2151.4,3398,22.632, 213.63, 439.8
   73260,   73320,514.56,2646.4,4099.2,33.874, 258.18, 509.92
   73320,   73380,455.45,2602.5,4114.5,30.327, 254.23, 511.45
   73380,   73440,533.87,2568.9,4287.9,35.032, 251.21, 528.79
   73440,   73500,515.27,2298.5,3888.6,33.916, 226.87, 488.86
   73500,   73560,559.12,2518.9,4078.6,36.547, 246.7, 507.86
   73560,   73620,507.62,2320.5,3812.1,33.457, 228.84, 481.21
   73620,   73680,481.53,2209.6,3776.2,31.892, 218.87, 477.62
   73680,   73740,666.44,2820.7,4302.9,42.986, 273.87, 530.29
   73740,   73800,532.77,2489.8,3948.1,34.966, 244.08, 494.81
   73800,   73860,914.44,3636.6,6263.4,57.867, 347.29, 726.34
   73860,   73920,423.2,2056,3631,28.392, 205.04, 463.1
   73920,   73980,367.78,1635.4,3039.4,25.067, 167.19, 403.94
   73980,   74040,330.72,1437.7,2755.7,22.843, 149.4, 375.57
   74040,   74100,358.56,1558.3,2880.6,24.513, 160.25, 388.06
   74100,   74160,527.59,2324,3729.9,34.655, 229.16, 472.99
   74160,   74220,1187.9,3327.8,4698.6,74.273, 319.5, 569.86
   74220,   74280,922.54,3397.9,5553.9,58.353, 325.81, 655.39
   74280,   74340,598.37,2762.6,4260.6,38.902, 268.64, 526.06
   74340,   74400,706.2,2726.3,4722.6,45.372, 265.37, 572.26
   74400,   74460,740.51,2709.9,4531.1,47.431, 263.89, 553.11
   74460,   74520,845.85,3084.8,4635.9,53.751, 297.63, 563.59
   74520,   74580,2723.3,5560.5,7828.9,166.4, 520.45, 882.89
   74580,   74640,806.94,2675,5066.8,51.416, 260.75, 606.68
   74640,   74700,666.54,2844.2,4686.5,42.992, 275.98, 568.65
   74700,   74760,437.48,2061.3,3518,29.249, 205.51, 451.8
   74760,   74820,397.24,2022.9,3404.4,26.834, 202.06, 440.44
   74820,   74880,447.7,2002.1,3359.6,29.862, 200.19, 435.96
   74880,   74940,658.27,2665.4,4563.3,42.496, 259.89, 556.33
   74940,   75000,1059.7,3513.4,5876,66.584, 336.21, 687.6
   75000,   75060,542.06,2535.4,4816.4,35.524, 248.19, 581.64
   75060,   75120,1784.9,5101,5391.7,110.1, 479.09, 639.17
   75120,   75180,879.28,3595.7,5251.6,55.757, 343.61, 625.16
   75180,   75240,560.92,2573.9,3581.1,36.655, 251.65, 458.11
   75240,   75300,465.7,2245.1,3607.8,30.942, 222.06, 460.78
   75300,   75360,742.59,3099.6,5038,47.555, 298.97, 603.8
   75360,   75420,731.05,2818.7,4700.1,46.863, 273.69, 570.01
   75420,   75480,395.68,1823.6,3129,26.741, 184.12, 412.9
   75480,   75540,547.31,2139.8,3818.4,35.839, 212.58, 481.84
   75540,   75600,401.45,1482.8,3183.6,27.087, 153.45, 418.36
   75600,   75660,223.98,853.33,2093.5,16.439, 96.799, 309.35
   75660,   75720,350.19,1062.1,1833,24.012, 115.59, 283.3
   75720,   75780,975.95,2172.1,4508.9,61.557, 215.49, 550.89
   75780,   75840,476.01,1706.3,3199.2,31.561, 173.56, 419.92
   75840,   75900,322.83,1274.9,2424.5,22.37, 134.74, 342.45
   75900,   75960,362.11,1346.2,2342.8,24.727, 141.16, 334.28
   75960,   76020,353.98,1351.6,2412.3,24.239, 141.65, 341.23
   76020,   76080,490.19,1968.4,2906.8,32.412, 197.16, 390.68
   76080,   76140,462.72,1911.4,3112.1,30.763, 192.03, 411.21
   76140,   76200,340.08,1665.2,2798,23.405, 169.87, 379.8
   76200,   76260,198.37,1166.6,2166.3,14.902, 124.99, 316.63
   76260,   76320,382.37,1853.5,3052.8,25.942, 186.82, 405.28
   76320,   76380,284.09,1438.9,2496.5,20.045, 149.5, 349.65
   76380,   76440,392.41,1615.3,2957.5,26.545, 165.37, 395.75
   76440,   76500,216.31,1089,2152.9,15.979, 118.01, 315.29
   76500,   76560,234.01,1250.1,2627,17.04, 132.51, 362.7
   76560,   76620,1413.4,3191.8,6088,87.805, 307.26, 708.8
   76620,   76680,594.31,2003.6,3920.1,38.659, 200.32, 492.01
   76680,   76740,423.21,1655.8,3133.8,28.392, 169.03, 413.38
   76740,   76800,285.92,1333.4,2442.3,20.155, 140.01, 344.23
   76800,   76860,279.17,1228.7,2350.2,19.75, 130.58, 335.02
   76860,   76920,209.91,919.32,2017.5,15.595, 102.74, 301.75
   76920,   76980,189.52,880.47,1887.6,14.371, 99.243, 288.76
   76980,   77040,396.37,1461.8,2499.3,26.782, 151.56, 349.93
   77040,   77100,575.71,2130.3,3213.2,37.542, 211.73, 421.32
   77100,   77160,460.42,1776.4,3286.6,30.625, 179.88, 428.66
   77160,   77220,857.91,2274.3,3079.9,54.475, 224.68, 407.99
   77220,   77280,918.57,2765.3,5646.9,58.114, 268.88, 664.69
   77280,   77340,981.29,3143.4,4867.1,61.877, 302.91, 586.71
   77340,   77400,371.64,1768.9,3517.9,25.299, 179.2, 451.79
   77400,   77460,194.7,1051.9,2114,14.682, 114.67, 311.4
   77460,   77520,527.94,1856.2,2958.7,34.676, 187.05, 395.87
   77520,   77580,251.9,1205.5,2229.5,18.114, 128.49, 322.95
   77580,   77640,341.65,1355,2390.1,23.499, 141.95, 339.01
   77640,   77700,432.21,1967.3,2719.9,28.933, 197.06, 371.99
   77700,   77760,1185.5,4631.1,5850.1,74.132, 436.8, 685.01
   77760,   77820,628.39,2314.3,4251.7,40.704, 228.29, 525.17
   77820,   77880,731.43,2545.2,4462.9,46.886, 249.07, 546.29
   77880,   77940,2656.5,6267.4,9958.8,162.39, 584.06, 1095.9
   77940,   78000,908.49,4059.3,6098.9,57.509, 385.34, 709.89
   78000,   78060,991.18,4293.5,5679.4,62.471, 406.42, 667.94
   78060,   78120,2318,7468.5,10164,142.08, 692.16, 1116.4
   78120,   78180,627.55,2859.6,4815,40.653, 277.37, 581.5
   78180,   78240,712.68,3247.2,4545.6,45.761, 312.25, 554.56
   78240,   78300,346.94,2147.2,3240.4,23.816, 213.25, 424.04
   78300,   78360,369.85,2326.9,3538.1,25.191, 229.42, 453.81
   78360,   78420,521.74,2810.3,4733.2,34.305, 272.92, 573.32
   78420,   78480,294.77,1841.7,2903.6,20.686, 185.75, 390.36
   78480,   78540,609.11,2864.9,4238.5,39.547, 277.84, 523.85
   78540,   78600,357.82,1975.3,3546.3,24.469, 197.78, 454.63
   78600,   78660,706.09,3175.3,5157.9,45.365, 305.77, 615.79
   78660,   78720,545.74,2296.2,3414.1,35.744, 226.66, 441.41
   78720,   78780,-9999,-9999,-9999,-9999, -9999, -9999
   78780,   78840,-9999,-9999,-9999,-9999, -9999, -9999
   78840,   78900,-9999,-9999,-9999,-9999, -9999, -9999
   78900,   78960,-9999,-9999,-9999,-9999, -9999, -9999
   78960,   79020,-9999,-9999,-9999,-9999, -9999, -9999
   79020,   79080,-9999,-9999,-9999,-9999, -9999, -9999
   79080,   79140,-9999,-9999,-9999,-9999, -9999, -9999
   79140,   79200,682.18,2698,5631.2,43.931, 262.82, 663.12
   79200,   79260,583.34,2566.2,4689,38.001, 250.96, 568.9
   79260,   79320,566.69,2239.7,3613.5,37.002, 221.57, 461.35
   79320,   79380,590.25,2450.4,3843.4,38.415, 240.54, 484.34
   79380,   79440,354.27,1528.8,2978.5,24.256, 157.59, 397.85
   79440,   79500,303.67,1388.5,2804.6,21.22, 144.96, 380.46
   79500,   79560,259.94,1194.6,2591.7,18.596, 127.51, 359.17
   79560,   79620,258.89,1177.6,2651.7,18.534, 125.99, 365.17
   79620,   79680,296.32,1331.2,2793,20.779, 139.81, 379.3
   79680,   79740,496.7,1874.3,3348.5,32.802, 188.69, 434.85
   79740,   79800,388.25,1367.2,2672.1,26.295, 143.05, 367.21
   79800,   79860,365.56,1375.9,2978.1,24.933, 143.83, 397.81
   79860,   79920,357.52,1291.5,2492.5,24.451, 136.24, 349.25
   79920,   79980,460.98,1628.8,3126.8,30.659, 166.59, 412.68
   79980,   80040,263.26,1102.4,2481.3,18.795, 119.22, 348.13
   80040,   80100,1209.9,3468.9,4465.5,75.593, 332.2, 546.55
   80100,   80160,782.47,2364.5,3960.3,49.948, 232.81, 496.03
   80160,   80220,345.96,1478.2,3681.6,23.757, 153.04, 468.16
   80220,   80280,272.62,1302.2,2742.5,19.357, 137.2, 374.25
   80280,   80340,473.18,2179.3,3911.1,31.391, 216.14, 491.11
   80340,   80400,447.94,1973,3708.9,29.876, 197.57, 470.89
   80400,   80460,314.86,1430.8,2726.3,21.891, 148.77, 372.63
   80460,   80520,256.31,1233.3,2591.6,18.379, 130.99, 359.16
   80520,   80580,320.65,1455.7,3150.1,22.239, 151.01, 415.01
   80580,   80640,258.67,1292.1,2686.3,18.52, 136.29, 368.63
