CampaignData_and_Merges/R0/CSL_MobileLab_Parked/raw/20240803/USOS-HCHO_MobileLabGround_20240803_R0.ict
35,1001
Huang, Yaoxian
Wayne State University
Picarro G2307 on CSL Mobile Lab
USOS
1,1
2024,08,03,2025,03,31
1.0
Time_Start,seconds_since_midnight,number_of_seconds_since_0000_UTC
3
1.0,1.0,1.0
-9999.0,-9999.0,-9999.0
HCHO,ppbv,Gas_HCHO_InSitu_S_AVMR,volume mixing ratio of formaldehyde in air
H2O,ppmv,Gas_H2O_InSitu_S_AVMR,volume mixing ratio of water vapor in air
CH4,ppmv,Gas_CH4_InSitu_S_AVMR,volume mixing ratio of methane in air
0
18
PI_CONTACT_INFO: yaoxian.huang@wayne.edu
PLATFORM: CSL Mobile Lab, at Ground Site
LOCATION: Salt Lake City, UT
ASSOCIATED_DATA: N/A
INSTRUMENT_INFO: Cavity Ring-Down Spectrometer
DATA_INFO: Data is averaged to 1 minute intervals for stationary and 1 second interval for driving. Stationary data collected from a 20 ft tower on top of the mobile lab. On drive days, for parked data, anytime the mobile lab is driving, report as missing data in the parked files.
UNCERTAINTY: N/A
ULOD_FLAG: -7777
ULOD_VALUE: N/A
LLOD_FLAG: -8888
LLOD_VALUE: N/A
DM_CONTACT_INFO: Yaoxian Huang; yaoxian.huang@wayne.edu
PROJECT_INFO: USOS, Summer 2024. https://csl.noaa.gov/groups/csl7/measurements/2024usos/
STIPULATIONS_ON_USE: Users are strongly encouraged to contact the PI for proper data usage.
OTHER_COMMENTS: Data have been shifted backwards by 1 minute to align with USOS MetNav and Picarro GHG data.
REVISION: R0
R0: Final Data
Time_Start,HCHO,H2O,CH4
[from data line 544]
32640,4.27903,10208.4,2.04417
32700,3.98757,10057.4,2.04256
32760,3.56147,9792.79,2.03332
32820,3.822,9881.91,2.03774
32880,3.72782,9990.73,2.0389
32940,3.84125,10074.9,2.03748
33000,3.90124,9997.6,2.03874
33060,3.93248,9803.14,2.04298
33120,3.82622,10034.5,2.0383
33180,3.96973,10161.8,2.04099
33240,3.86202,10065.1,2.03855
33300,3.98179,10306.9,2.04891
33360,3.99608,10241.9,2.04796
33420,4.13948,10463.0,2.05868
33480,4.14223,10464.8,2.09103
33540,4.14325,10998.0,2.0904
33600,4.19576,10678.8,2.08493
33660,4.14758,10346.3,2.06816
33720,4.33072,10572.1,2.06986
33780,4.49206,10653.5,2.07233
33840,4.46315,10805.8,2.06887
33900,4.0778,10449.2,2.07333
33960,4.02118,10430.7,2.07184
34020,4.31597,10657.7,2.08378
34080,4.25165,10717.5,2.07974
34140,4.30731,10881.2,2.08358
34200,4.26431,10827.0,2.08242
34260,4.13381,10763.2,2.07431
34320,4.18938,10807.7,2.06662
34380,4.13701,10815.8,2.06458
34440,4.34917,10807.4,2.06401
34500,4.12267,10752.0,2.06589
34560,4.07501,10708.5,2.06764
34620,4.15811,10673.4,2.06439
34680,4.18415,11009.2,2.06146
34740,4.0081,10711.4,2.06239
34800,4.09932,10690.4,2.07025
34860,4.20597,10765.6,2.0787
34920,3.94538,10594.9,2.08049
34980,4.46192,10651.9,2.08203
35040,4.38144,10619.2,2.07625
35100,4.11062,10686.9,2.08042
35160,4.07872,10674.3,2.07471
35220,3.91507,10552.8,2.06331
35280,4.07828,10591.9,2.06493
35340,3.9534,10541.5,2.06434
35400,3.57626,10139.4,2.03863
35460,3.76864,10186.3,2.04045
35520,3.48527,9847.58,2.02067
35580,2.90446,9380.24,2.00091
35640,2.84157,8873.63,1.98729
35700,2.84296,8863.77,1.9819
35760,2.67905,8591.17,1.97239
35820,2.80762,8894.14,1.97401
35880,2.71175,8864.28,1.98316
35940,2.70025,8823.81,1.98542
36000,2.77967,8802.91,1.982
36060,2.55689,8541.89,1.96871
36120,2.59018,8545.78,1.97075
36180,2.85244,8779.64,1.97474
36240,2.9091,8905.07,1.98136
36300,2.76789,8683.02,1.97314
36360,2.3835,8637.17,1.97509
36420,2.67125,8908.05,1.97688
36480,2.93008,8926.38,1.97675
36540,2.61503,9001.33,1.97938
36600,2.89402,8885.72,1.9784
36660,3.05049,8818.5,1.98171
36720,2.94005,8801.37,1.98023
36780,2.77659,8853.7,1.97764
36840,2.79549,8843.98,1.98478
36900,2.70397,8777.55,1.98392
36960,2.97655,8855.12,1.98362
37020,2.96756,8890.23,1.98906
37080,2.67014,8827.12,1.98197
37140,2.8321,8923.73,1.98225
37200,3.06871,9116.06,1.98689
37260,2.96618,9234.62,1.98715
37320,2.83717,9144.16,1.98636
37380,2.86364,9152.93,1.98923
37440,2.66944,9085.37,1.99193
37500,2.82623,9198.12,1.99277
37560,3.04221,9151.69,1.99805
37620,2.95229,9435.16,1.99478
37680,3.0281,9477.75,2.00411
37740,3.14361,9373.44,2.00357
37800,3.15781,9276.2,2.00166
37860,3.31754,9498.44,2.00324
37920,3.06822,9583.35,2.00952
37980,2.82474,9387.93,2.02341
38040,3.1626,9447.97,2.01912
38100,3.30113,9561.23,2.02134
38160,3.29755,9531.84,2.02371
38220,3.11686,9583.93,2.01897
38280,3.16947,9483.52,2.00895
38340,2.8418,9353.25,1.99938
38400,2.94268,9393.69,1.9959
38460,3.04837,9417.06,1.99782
38520,3.09315,9396.32,2.0001
38580,2.9704,9320.5,1.98989
38640,2.83368,8972.92,1.97944
38700,2.81161,8906.14,1.98177
38760,3.04577,9148.64,1.98922
38820,2.90082,9167.49,1.98173
38880,3.01575,9100.46,1.97885
38940,3.01205,9201.09,1.98914
39000,3.03436,9405.59,1.99832
39060,3.11484,9465.63,2.00098
39120,2.96391,9308.36,1.99119
39180,3.07192,9246.69,1.99127
39240,2.72324,9397.57,1.98912
39300,3.15111,9832.2,2.00155
39360,3.2382,9763.42,1.99683
39420,3.07083,9483.85,1.99705
39480,2.95363,9464.31,1.99578
39540,2.9503,9427.45,1.99856
39600,2.90154,9268.93,1.99216
39660,2.95867,9151.29,1.98834
39720,3.26164,9729.62,1.9998
39780,3.21038,9616.36,1.99641
39840,2.99413,9600.62,1.99724
39900,3.10457,9726.12,1.99665
39960,2.91077,9475.9,1.99589
40020,3.14425,9474.94,1.99363
40080,3.10046,9587.46,1.99454
40140,3.05445,9592.25,1.99396
40200,3.14627,9832.4,1.99634
40260,3.12212,9754.07,1.99936
40320,2.95559,9739.22,2.00504
40380,3.11652,9595.73,1.99935
40440,3.31432,9603.94,2.00059
40500,3.07123,9677.02,2.00022
40560,3.05535,9670.34,1.99599
40620,3.23494,9733.48,1.99694
40680,3.11686,9684.28,2.00169
40740,3.24638,9906.22,1.99807
40800,3.26454,10042.7,2.0014
40860,3.46819,9966.9,2.00192
40920,3.51262,9849.99,2.00888
40980,3.48458,9918.8,2.01036
41040,3.39534,9876.12,2.00175
41100,3.18066,9712.79,1.99959
41160,3.4758,9904.88,2.01031
41220,3.44121,9948.38,2.0123
41280,3.54299,9976.34,2.00677
41340,3.42242,10033.1,2.00656
41400,3.43558,10365.8,2.00704
41460,3.37511,10115.6,2.01115
41520,3.24945,10166.5,2.00784
41580,3.26482,10337.7,2.01481
41640,3.42615,10063.4,2.00667
41700,3.33297,10274.7,2.03221
41760,3.4625,10214.3,2.03386
41820,3.35819,10186.0,2.02751
41880,3.47435,10293.6,2.02643
41940,3.05019,10237.4,2.01845
42000,3.23645,10379.0,2.03112
42060,3.7697,10589.7,2.0556
42120,3.40527,10583.6,2.03633
42180,3.41717,10661.9,2.03805
42240,3.36825,10724.9,2.04474
42300,3.4657,10699.2,2.03757
42360,3.5303,10512.2,2.03678
42420,3.35314,10555.9,2.03813
42480,3.72112,10629.3,2.04229
42540,3.50912,10530.9,2.04215
42600,3.4484,10495.6,2.03624
42660,3.69309,10647.7,2.03558
42720,3.77069,10746.7,2.03661
42780,3.64244,10602.2,2.03403
42840,3.5482,10830.9,2.03497
42900,3.85919,10681.6,2.03748
42960,3.70118,10617.4,2.03413
43020,3.80334,10688.6,2.03936
43080,3.50677,10700.3,2.04374
43140,3.57432,10708.7,2.06157
43200,3.38287,10859.1,2.07131
43260,3.58765,10905.5,2.05795
43320,3.53198,10846.7,2.0529
43380,3.70985,10940.2,2.05171
43440,3.55326,11085.3,2.06061
43500,3.65639,11045.5,2.05988
43560,3.6929,11088.5,2.05868
43620,3.88534,11355.7,2.05769
43680,3.90768,11396.9,2.05862
43740,3.80306,10977.5,2.05364
43800,3.9456,10983.7,2.05833
43860,3.59059,11147.6,2.06221
43920,3.6662,10955.9,2.06195
43980,3.86831,10980.9,2.05934
44040,3.77456,10972.7,2.06252
44100,3.75502,10942.0,2.08351
44160,3.81332,10920.7,2.09766
44220,3.80548,10958.0,2.11564
44280,4.00594,10998.2,2.09692
44340,3.72761,11126.8,2.08369
44400,3.74817,11216.3,2.06893
44460,3.73036,11296.5,2.06633
44520,3.74274,11390.5,2.07082
44580,3.78262,10886.2,2.05948
44640,3.79521,10972.8,2.05858
44700,3.65282,10717.9,2.05261
44760,3.50005,10716.7,2.04711
44820,3.46899,10873.7,2.04754
44880,3.59741,10830.9,2.05543
44940,3.75935,10670.4,2.05762
45000,3.68211,10869.3,2.06158
45060,3.62973,10786.0,2.07323
45120,3.74448,10774.5,2.07309
45180,3.12324,9738.6,2.01637
45240,3.10079,10077.4,2.02536
45300,3.38814,10577.2,2.03817
45360,3.43439,10693.5,2.03863
45420,3.41215,10357.1,2.03399
45480,3.363,9801.15,2.01684
45540,2.97289,10112.5,2.02301
45600,3.095,10151.7,2.01914
45660,3.17682,9760.18,2.00451
45720,3.11289,9583.65,1.99992
45780,3.02532,9785.19,2.00193
45840,3.18215,9936.9,2.00878
45900,3.33238,9879.97,2.00578
45960,3.01482,9533.37,1.99472
46020,3.05467,9451.44,1.9909
46080,2.96019,9590.06,1.99399
46140,3.23392,9594.01,1.99176
46200,3.40519,9752.44,1.99861
46260,3.25211,9724.37,1.99457
46320,3.08343,9633.92,1.99384
46380,3.07073,9539.21,1.98827
46440,3.11189,9245.5,1.97743
46500,2.89856,9341.69,1.97934
46560,2.92182,9245.21,1.97594
46620,3.09329,9390.11,1.97892
46680,2.92782,9468.22,1.97744
46740,3.01832,9449.99,1.97801
46800,3.04852,9622.97,1.98095
46860,2.98652,9689.41,1.98728
46920,3.20064,9967.49,1.99949
46980,3.29019,10300.0,2.00584
47040,3.40574,10405.6,2.00634
47100,3.39881,10324.5,2.00048
47160,3.24459,10144.5,1.99424
47220,3.1811,9684.77,1.98503
47280,3.11154,9578.42,1.98183
47340,2.99232,9556.17,1.98192
47400,3.28397,9620.86,1.98106
47460,3.26167,9710.29,1.98441
47520,3.36774,10035.0,1.99345
47580,3.37747,9995.9,1.99547
47640,3.6041,10144.2,1.99688
47700,3.55962,10250.6,2.01084
47760,3.28307,10054.3,2.00458
47820,3.32511,10042.7,1.99609
47880,3.35801,10109.7,1.98983
47940,3.24193,9757.14,1.98458
48000,3.19608,9658.34,1.98296
48060,3.18718,9559.08,1.98628
48120,3.25342,9925.23,1.99037
48180,3.30523,10033.9,1.9895
48240,3.20862,9908.58,1.98873
48300,3.1361,9917.94,1.99267
48360,3.18679,10130.4,1.99245
48420,3.27559,10267.7,1.99701
48480,3.14051,9933.11,1.99099
48540,3.43369,10129.0,1.99306
48600,3.50232,10498.7,1.99256
48660,3.32933,10611.2,1.99506
48720,3.27857,10387.3,1.98558
48780,3.52844,10521.7,1.98457
48840,3.8072,10937.3,1.99002
48900,3.40072,10828.2,1.9899
48960,3.68059,10417.7,1.98768
49020,3.27005,10267.4,1.97953
49080,3.41108,10014.2,1.98057
49140,3.24982,9921.6,1.97522
49200,3.42819,10216.1,1.98059
49260,3.34296,10013.2,1.98285
49320,3.72302,10113.4,1.98353
49380,3.17165,10876.0,1.98138
49440,3.41016,10430.3,1.98102
49500,3.58165,11086.6,1.97835
49560,3.56206,10477.7,1.97871
49620,3.54347,10139.6,1.97867
49680,3.38076,9739.28,1.9763
49740,3.30772,10280.1,1.97523
49800,3.52165,10662.2,1.978
49860,3.60746,10357.6,1.9832
49920,3.62508,10716.7,1.98563
49980,3.68268,11279.0,1.98776
50040,3.77761,11611.9,1.98236
50100,3.46981,11093.9,1.99078
50160,3.69347,11510.7,1.9983
50220,3.77963,11224.4,1.99607
50280,3.72011,11301.3,1.98644
50340,3.60532,10824.2,1.98288
50400,3.59713,10908.3,1.98151
50460,3.60744,10711.5,1.9798
50520,3.53995,10734.7,1.97849
50580,3.68386,11116.8,1.98592
50640,3.67361,11417.3,1.98231
50700,3.8485,10972.7,1.98361
50760,3.88064,10893.6,1.98519
50820,3.80839,10876.9,1.98048
50880,3.74739,11048.5,1.98399
50940,3.96754,11059.0,1.98399
51000,4.06219,11123.0,1.98466
51060,-9999.0,-9999.0,-9999.0
51120,-9999.0,-9999.0,-9999.0
51180,-9999.0,-9999.0,-9999.0
51240,-9999.0,-9999.0,-9999.0
51300,-9999.0,-9999.0,-9999.0
51360,-9999.0,-9999.0,-9999.0
51420,-9999.0,-9999.0,-9999.0
51480,-9999.0,-9999.0,-9999.0
51540,-9999.0,-9999.0,-9999.0
51600,-9999.0,-9999.0,-9999.0
51660,-9999.0,-9999.0,-9999.0
51720,-9999.0,-9999.0,-9999.0
51780,-9999.0,-9999.0,-9999.0
51840,-9999.0,-9999.0,-9999.0
51900,-9999.0,-9999.0,-9999.0
51960,-9999.0,-9999.0,-9999.0
52020,-9999.0,-9999.0,-9999.0
52080,-9999.0,-9999.0,-9999.0
52140,-9999.0,-9999.0,-9999.0
52200,-9999.0,-9999.0,-9999.0
52260,-9999.0,-9999.0,-9999.0
52320,-9999.0,-9999.0,-9999.0
52380,-9999.0,-9999.0,-9999.0
52440,-9999.0,-9999.0,-9999.0
52500,-9999.0,-9999.0,-9999.0
52560,-9999.0,-9999.0,-9999.0
52620,-9999.0,-9999.0,-9999.0
52680,-9999.0,-9999.0,-9999.0
52740,-9999.0,-9999.0,-9999.0
52800,-9999.0,-9999.0,-9999.0
52860,-9999.0,-9999.0,-9999.0
52920,-9999.0,-9999.0,-9999.0
52980,-9999.0,-9999.0,-9999.0
53040,-9999.0,-9999.0,-9999.0
53100,-9999.0,-9999.0,-9999.0
53160,-9999.0,-9999.0,-9999.0
53220,-9999.0,-9999.0,-9999.0
53280,-9999.0,-9999.0,-9999.0
53340,-9999.0,-9999.0,-9999.0
53400,-9999.0,-9999.0,-9999.0
53460,-9999.0,-9999.0,-9999.0
53520,-9999.0,-9999.0,-9999.0
53580,-9999.0,-9999.0,-9999.0
53640,-9999.0,-9999.0,-9999.0
53700,-9999.0,-9999.0,-9999.0
53760,-9999.0,-9999.0,-9999.0
53820,-9999.0,-9999.0,-9999.0
53880,-9999.0,-9999.0,-9999.0
53940,-9999.0,-9999.0,-9999.0
54000,-9999.0,-9999.0,-9999.0
54060,-9999.0,-9999.0,-9999.0
54120,-9999.0,-9999.0,-9999.0
54180,-9999.0,-9999.0,-9999.0
54240,-9999.0,-9999.0,-9999.0
54300,-9999.0,-9999.0,-9999.0
54360,-9999.0,-9999.0,-9999.0
54420,-9999.0,-9999.0,-9999.0
54480,-9999.0,-9999.0,-9999.0
54540,-9999.0,-9999.0,-9999.0
54600,-9999.0,-9999.0,-9999.0
54660,-9999.0,-9999.0,-9999.0
54720,-9999.0,-9999.0,-9999.0
54780,-9999.0,-9999.0,-9999.0
54840,-9999.0,-9999.0,-9999.0
54900,-9999.0,-9999.0,-9999.0
54960,-9999.0,-9999.0,-9999.0
55020,-9999.0,-9999.0,-9999.0
55080,-9999.0,-9999.0,-9999.0
55140,-9999.0,-9999.0,-9999.0
55200,-9999.0,-9999.0,-9999.0
55260,-9999.0,-9999.0,-9999.0
55320,-9999.0,-9999.0,-9999.0
55380,-9999.0,-9999.0,-9999.0
55440,-9999.0,-9999.0,-9999.0
55500,-9999.0,-9999.0,-9999.0
55560,-9999.0,-9999.0,-9999.0
55620,-9999.0,-9999.0,-9999.0
55680,-9999.0,-9999.0,-9999.0
55740,-9999.0,-9999.0,-9999.0
55800,-9999.0,-9999.0,-9999.0
55860,-9999.0,-9999.0,-9999.0
55920,-9999.0,-9999.0,-9999.0
55980,-9999.0,-9999.0,-9999.0
56040,-9999.0,-9999.0,-9999.0
56100,-9999.0,-9999.0,-9999.0
56160,-9999.0,-9999.0,-9999.0
56220,-9999.0,-9999.0,-9999.0
56280,-9999.0,-9999.0,-9999.0
56340,-9999.0,-9999.0,-9999.0
56400,-9999.0,-9999.0,-9999.0
56460,-9999.0,-9999.0,-9999.0
56520,-9999.0,-9999.0,-9999.0
56580,-9999.0,-9999.0,-9999.0
56640,-9999.0,-9999.0,-9999.0
56700,-9999.0,-9999.0,-9999.0
56760,-9999.0,-9999.0,-9999.0
56820,-9999.0,-9999.0,-9999.0
56880,-9999.0,-9999.0,-9999.0
56940,-9999.0,-9999.0,-9999.0
57000,-9999.0,-9999.0,-9999.0
57060,-9999.0,-9999.0,-9999.0
57120,-9999.0,-9999.0,-9999.0
57180,-9999.0,-9999.0,-9999.0
57240,-9999.0,-9999.0,-9999.0
57300,-9999.0,-9999.0,-9999.0
57360,-9999.0,-9999.0,-9999.0
57420,-9999.0,-9999.0,-9999.0
57480,-9999.0,-9999.0,-9999.0
57540,-9999.0,-9999.0,-9999.0
57600,-9999.0,-9999.0,-9999.0
57660,-9999.0,-9999.0,-9999.0
57720,-9999.0,-9999.0,-9999.0
57780,-9999.0,-9999.0,-9999.0
57840,-9999.0,-9999.0,-9999.0
57900,-9999.0,-9999.0,-9999.0
57960,-9999.0,-9999.0,-9999.0
58020,-9999.0,-9999.0,-9999.0
58080,-9999.0,-9999.0,-9999.0
58140,-9999.0,-9999.0,-9999.0
58200,-9999.0,-9999.0,-9999.0
58260,-9999.0,-9999.0,-9999.0
58320,-9999.0,-9999.0,-9999.0
58380,-9999.0,-9999.0,-9999.0
58440,-9999.0,-9999.0,-9999.0
58500,-9999.0,-9999.0,-9999.0
58560,-9999.0,-9999.0,-9999.0
58620,-9999.0,-9999.0,-9999.0
58680,-9999.0,-9999.0,-9999.0
58740,-9999.0,-9999.0,-9999.0
58800,-9999.0,-9999.0,-9999.0
58860,-9999.0,-9999.0,-9999.0
58920,-9999.0,-9999.0,-9999.0
58980,-9999.0,-9999.0,-9999.0
59040,-9999.0,-9999.0,-9999.0
59100,-9999.0,-9999.0,-9999.0
59160,-9999.0,-9999.0,-9999.0
59220,-9999.0,-9999.0,-9999.0
59280,-9999.0,-9999.0,-9999.0
59340,-9999.0,-9999.0,-9999.0
59400,-9999.0,-9999.0,-9999.0
59460,-9999.0,-9999.0,-9999.0
59520,-9999.0,-9999.0,-9999.0
59580,-9999.0,-9999.0,-9999.0
59640,-9999.0,-9999.0,-9999.0
59700,-9999.0,-9999.0,-9999.0
59760,-9999.0,-9999.0,-9999.0
59820,-9999.0,-9999.0,-9999.0
59880,-9999.0,-9999.0,-9999.0
59940,-9999.0,-9999.0,-9999.0
60000,-9999.0,-9999.0,-9999.0
60060,-9999.0,-9999.0,-9999.0
60120,-9999.0,-9999.0,-9999.0
60180,-9999.0,-9999.0,-9999.0
60240,-9999.0,-9999.0,-9999.0
60300,-9999.0,-9999.0,-9999.0
60360,-9999.0,-9999.0,-9999.0
60420,-9999.0,-9999.0,-9999.0
60480,-9999.0,-9999.0,-9999.0
60540,-9999.0,-9999.0,-9999.0
60600,-9999.0,-9999.0,-9999.0
60660,-9999.0,-9999.0,-9999.0
60720,-9999.0,-9999.0,-9999.0
60780,-9999.0,-9999.0,-9999.0
60840,-9999.0,-9999.0,-9999.0
60900,-9999.0,-9999.0,-9999.0
60960,-9999.0,-9999.0,-9999.0
61020,-9999.0,-9999.0,-9999.0
61080,-9999.0,-9999.0,-9999.0
61140,-9999.0,-9999.0,-9999.0
61200,-9999.0,-9999.0,-9999.0
61260,-9999.0,-9999.0,-9999.0
61320,-9999.0,-9999.0,-9999.0
61380,-9999.0,-9999.0,-9999.0
61440,-9999.0,-9999.0,-9999.0
61500,-9999.0,-9999.0,-9999.0
61560,-9999.0,-9999.0,-9999.0
61620,-9999.0,-9999.0,-9999.0
61680,-9999.0,-9999.0,-9999.0
61740,-9999.0,-9999.0,-9999.0
61800,-9999.0,-9999.0,-9999.0
61860,-9999.0,-9999.0,-9999.0
61920,-9999.0,-9999.0,-9999.0
61980,-9999.0,-9999.0,-9999.0
62040,-9999.0,-9999.0,-9999.0
62100,-9999.0,-9999.0,-9999.0
62160,-9999.0,-9999.0,-9999.0
62220,-9999.0,-9999.0,-9999.0
62280,-9999.0,-9999.0,-9999.0
62340,-9999.0,-9999.0,-9999.0
62400,-9999.0,-9999.0,-9999.0
62460,-9999.0,-9999.0,-9999.0
62520,-9999.0,-9999.0,-9999.0
62580,-9999.0,-9999.0,-9999.0
62640,-9999.0,-9999.0,-9999.0
62700,-9999.0,-9999.0,-9999.0
62760,-9999.0,-9999.0,-9999.0
62820,-9999.0,-9999.0,-9999.0
62880,-9999.0,-9999.0,-9999.0
62940,-9999.0,-9999.0,-9999.0
63000,-9999.0,-9999.0,-9999.0
63060,-9999.0,-9999.0,-9999.0
63120,-9999.0,-9999.0,-9999.0
63180,-9999.0,-9999.0,-9999.0
63240,-9999.0,-9999.0,-9999.0
63300,-9999.0,-9999.0,-9999.0
63360,-9999.0,-9999.0,-9999.0
63420,-9999.0,-9999.0,-9999.0
63480,-9999.0,-9999.0,-9999.0
63540,-9999.0,-9999.0,-9999.0
63600,-9999.0,-9999.0,-9999.0
63660,-9999.0,-9999.0,-9999.0
63720,-9999.0,-9999.0,-9999.0
63780,-9999.0,-9999.0,-9999.0
63840,-9999.0,-9999.0,-9999.0
63900,-9999.0,-9999.0,-9999.0
63960,-9999.0,-9999.0,-9999.0
64020,-9999.0,-9999.0,-9999.0
64080,-9999.0,-9999.0,-9999.0
64140,-9999.0,-9999.0,-9999.0
64200,-9999.0,-9999.0,-9999.0
64260,-9999.0,-9999.0,-9999.0
64320,-9999.0,-9999.0,-9999.0
64380,-9999.0,-9999.0,-9999.0
64440,-9999.0,-9999.0,-9999.0
64500,-9999.0,-9999.0,-9999.0
64560,-9999.0,-9999.0,-9999.0
64620,-9999.0,-9999.0,-9999.0
64680,-9999.0,-9999.0,-9999.0
