CampaignData_and_Merges/R0/CSL_MobileLab_Parked/raw/20240803/USOS-NOy-LIF_MobileLabGround_20240803_R0.ict
39,1001
Rollins, A.; Waxman, E.; Zuraski, K.; Chace, W.
NOAA Chemical Sciences Laboratory
LIF NO/NOx/NOy on CSL Mobile Lab
AMMBEC / USOS
1, 1
2024,08,03, 2025,01,04
1
Time_Start, seconds, number_of_seconds_since_0000_UTC
7
1, 1, 1, 1, 1, 1, 1
-9999, -9999, -9999, -9999, -9999, -9999, -9999
Time_Stop, seconds, number_of_seconds_since_0000_UTC
NO_LIF, pptv, Gas_NO_InSitu_S_AVMR, volume mixing ratio of nitric oxide in air
NO2_LIF, pptv, Gas_NO2_InSitu_S_AVMR, volume mixing ratio of nitrogen dioxide in air
NOy_LIF, pptv, Gas_NOy_InSitu_S_AVMR, volume mixing ratio of total oxidized nitrogen in air
NO_LIF_1SigmaAccuracy, pptv, Gas_NO_InSitu_S_AVMR, volume mixing ratio of nitric oxide in air
NO2_LIF_1SigmaAccuracy, pptv, Gas_NO2_InSitu_S_AVMR, volume mixing ratio of nitrogen dioxide in air
NOy_LIF_1SigmaAccuracy, pptv, Gas_NOy_InSitu_S_AVMR, volume mixing ratio of total oxidized nitrogen in air
0
18
PI_CONTACT_INFO: andrew.rollins@noaa.gov
PLATFORM: CSL Mobile Lab
LOCATION: Salt Lake City, UT
ASSOCIATED_DATA:
INSTRUMENT_INFO: NO detection by laser induced fluorescence. NO2 detection by photolytic conversion to NO. NOy detection by catalytic conversion to NO on gold surface
DATA_INFO:
UNCERTAINTY: Included 1 Sigma Accuracy waves represent the combined calibration uncertainties (±6%, ±9%, ±10%) and zero uncertainties (3 ppt, 20 ppt, 100 ppt) for NO, NO2, and NOy, respectively.
ULOD_FLAG: -7777
ULOD_VALUE: N/A
LLOD_FLAG: -8888
LLOD_VALUE: N/A
DM_CONTACT_INFO: andrew.rollins@noaa.gov
PROJECT_INFO: USOS Project, July - August 2024
STIPULATIONS_ON_USE: Users are strongly encouraged to contact the PI for proper data usage.
OTHER_COMMENTS:
REVISION: R0
R0: final data
Time_Start, Time_Stop, NO_LIF, NO2_LIF, NOy_LIF, NO_LIF_1SigmaAccuracy, NO2_LIF_1SigmaAccuracy, NOy_LIF_1SigmaAccuracy
[from data line 528]
   31680,   31740,567.24,6894,15162,37.035, 640.46, 1616.2
   31740,   31800,862.61,8199.9,27502,54.757, 757.99, 2850.2
   31800,   31860,2908.3,8678.3,17399,177.5, 801.04, 1839.9
   31860,   31920,5009.2,10838,17706,303.55, 995.43, 1870.6
   31920,   31980,85.091,6152.5,13325,8.1054, 573.73, 1432.5
   31980,   32040,928.55,8604.2,15469,58.713, 794.37, 1646.9
   32040,   32100,63.251,6884.7,11235,6.795, 639.62, 1223.5
   32100,   32160,141.36,5544.8,15485,11.482, 519.03, 1648.5
   32160,   32220,1363.6,8919.5,15192,84.817, 822.76, 1619.2
   32220,   32280,3613.4,10788,15555,219.8, 990.94, 1655.5
   32280,   32340,1137,8317.9,14031,71.222, 768.61, 1503.1
   32340,   32400,58.255,6876.3,9099.8,6.4953, 638.87, 1010
   32400,   32460,9.5136,5962.2,7586.8,3.5708, 556.6, 858.68
   32460,   32520,15.43,6145.5,7772.5,3.9258, 573.1, 877.25
   32520,   32580,16.113,5803.4,7232.8,3.9668, 542.3, 823.28
   32580,   32640,8.8313,5723.9,7244,3.5299, 535.15, 824.4
   32640,   32700,10.782,5731.2,7310.8,3.6469, 535.81, 831.08
   32700,   32760,9.9518,5603.6,7057.4,3.5971, 524.33, 805.74
   32760,   32820,5.9892,5082.5,6651.4,3.3594, 477.42, 765.14
   32820,   32880,8.2708,5174.9,7264.4,3.4962, 485.74, 826.44
   32880,   32940,6.5505,5519.6,7055.5,3.393, 516.76, 805.55
   32940,   33000,7.3602,5311.2,6866.3,3.4416, 498.01, 786.63
   33000,   33060,8.422,5387.7,6867,3.5053, 504.89, 786.7
   33060,   33120,11.624,5192.9,6848.4,3.6974, 487.36, 784.84
   33120,   33180,10.837,5511.4,6915.7,3.6502, 516.02, 791.57
   33180,   33240,8.3648,5452,6639.6,3.5019, 510.68, 763.96
   33240,   33300,6.6728,5376.9,6601.5,3.4004, 503.92, 760.15
   33300,   33360,8.0066,6997,7293.6,3.4804, 649.73, 829.36
   33360,   33420,7.7414,7949,8229.9,3.4645, 735.41, 922.99
   33420,   33480,8.5433,7607.7,8521.2,3.5126, 704.7, 952.12
   33480,   33540,6.198,8695,9448.7,3.3719, 802.55, 1044.9
   33540,   33600,18.678,9669.2,10597,4.1207, 890.23, 1159.7
   33600,   33660,41.532,9842.7,10696,5.4919, 905.84, 1169.6
   33660,   33720,15.231,7847.7,9949.7,3.9139, 726.3, 1095
   33720,   33780,15.461,7643.1,9578.5,3.9276, 707.88, 1057.8
   33780,   33840,21.059,7864.3,9533.1,4.2635, 727.79, 1053.3
   33840,   33900,18.266,7703.8,9635.9,4.096, 713.34, 1063.6
   33900,   33960,10.385,7231.5,9390.7,3.6231, 670.83, 1039.1
   33960,   34020,7.3166,7404.7,9189.1,3.439, 686.42, 1018.9
   34020,   34080,9.8296,7948.2,9758.4,3.5898, 735.34, 1075.8
   34080,   34140,12.515,8208.3,9949.4,3.7509, 758.75, 1094.9
   34140,   34200,13.82,8172.6,9731.7,3.8292, 755.53, 1073.2
   34200,   34260,12.678,8114.7,9629.7,3.7607, 750.32, 1063
   34260,   34320,7.9898,7879.9,9465.2,3.4794, 729.19, 1046.5
   34320,   34380,34.032,7264.2,8996.6,5.0419, 673.78, 999.66
   34380,   34440,111.15,7396.6,8792.8,9.6688, 685.69, 979.28
   34440,   34500,28.358,6707,8457.6,4.7015, 623.63, 945.76
   34500,   34560,15.878,6342.2,7744.7,3.9527, 590.79, 874.47
   34560,   34620,12.32,6507.3,7899.3,3.7392, 605.66, 889.93
   34620,   34680,11.289,6604.9,7781.6,3.6774, 614.44, 878.16
   34680,   34740,33.994,6717.8,8158.8,5.0397, 624.6, 915.88
   34740,   34800,15.774,6686.1,8443.2,3.9465, 621.75, 944.32
   34800,   34860,22.751,6795.8,8194.4,4.365, 631.62, 919.44
   34860,   34920,36.544,7632.3,9098.8,5.1927, 706.9, 1009.9
   34920,   34980,18.091,7216.3,9456.3,4.0855, 669.47, 1045.6
   34980,   35040,16.419,7167.3,9245.6,3.9852, 665.05, 1024.6
   35040,   35100,12.49,6913,8871.1,3.7494, 642.17, 987.11
   35100,   35160,10.92,6614.4,8452.6,3.6552, 615.29, 945.26
   35160,   35220,9.6175,6353.4,8447.6,3.577, 591.8, 944.76
   35220,   35280,8.6024,5549.2,7818.2,3.5161, 519.43, 881.82
   35280,   35340,7.9579,5554.7,7568.7,3.4775, 519.92, 856.87
   35340,   35400,-9999,-9999,-9999,-9999, -9999, -9999
   35400,   35460,-9999,-9999,-9999,-9999, -9999, -9999
   35460,   35520,-9999,-9999,-9999,-9999, -9999, -9999
   35520,   35580,-9999,-9999,-9999,-9999, -9999, -9999
   35580,   35640,-9999,-9999,-9999,-9999, -9999, -9999
   35640,   35700,-9999,-9999,-9999,-9999, -9999, -9999
   35700,   35760,-9999,-9999,-9999,-9999, -9999, -9999
   35760,   35820,13.358,1458.4,2249.2,3.8015, 151.25, 324.92
   35820,   35880,20.461,1654.2,2431.9,4.2277, 168.88, 343.19
   35880,   35940,12.409,1824.5,2756.7,3.7445, 184.2, 375.67
   35940,   36000,13.647,2272,3084.5,3.8188, 224.48, 408.45
   36000,   36060,20.384,1910.5,2814.4,4.2231, 191.94, 381.44
   36060,   36120,37.718,1556.2,2565,5.2631, 160.06, 356.5
   36120,   36180,16.638,1534.8,2503.1,3.9983, 158.13, 350.31
   36180,   36240,44.496,1671.3,2644.4,5.6698, 170.42, 364.44
   36240,   36300,18.677,1879.2,2606.9,4.1206, 189.13, 360.69
   36300,   36360,11.385,1634.3,2418.3,3.6831, 167.08, 341.83
   36360,   36420,7.6054,1582.6,2292.2,3.4563, 162.44, 329.22
   36420,   36480,12.572,1680.9,2630.9,3.7543, 171.28, 363.09
   36480,   36540,16.853,1852.4,2919.1,4.0112, 186.71, 391.91
   36540,   36600,16.029,1978.2,2911.4,3.9617, 198.04, 391.14
   36600,   36660,7.3819,1893.8,2684.1,3.4429, 190.45, 368.41
   36660,   36720,6.2701,1815.7,2639.5,3.3762, 183.41, 363.95
   36720,   36780,9.7867,1861.7,2652,3.5872, 187.55, 365.2
   36780,   36840,12.217,1807.9,2570.3,3.733, 182.71, 357.03
   36840,   36900,62.563,2292.8,2998.5,6.7538, 226.35, 399.85
   36900,   36960,15.784,2068.7,3293.2,3.947, 206.18, 429.32
   36960,   37020,6.7297,1900.9,2848.4,3.4038, 191.08, 384.84
   37020,   37080,9.0197,2081.7,2837.5,3.5412, 207.35, 383.75
   37080,   37140,6.2274,1970.1,2719.1,3.3736, 197.31, 371.91
   37140,   37200,5.4018,1915.4,2615.9,3.3241, 192.38, 361.59
   37200,   37260,12.242,2085.3,2754.2,3.7345, 207.68, 375.42
   37260,   37320,10.02,2157.3,2842.9,3.6012, 214.16, 384.29
   37320,   37380,8.0543,2086.2,3041.1,3.4833, 207.75, 404.11
   37380,   37440,10.136,2064.6,3122.3,3.6082, 205.81, 412.23
   37440,   37500,4.9294,2081.2,3107.9,3.2958, 207.3, 410.79
   37500,   37560,6.5264,2143.7,2974.4,3.3916, 212.93, 397.44
   37560,   37620,5.0682,2126.2,2990.2,3.3041, 211.36, 399.02
   37620,   37680,10.027,2281.8,3030.4,3.6016, 225.37, 403.04
   37680,   37740,5.4584,2311.9,3062.1,3.3275, 228.07, 406.21
   37740,   37800,7.4143,2754.3,3285.9,3.4449, 267.88, 428.59
   37800,   37860,7.6179,3284.4,3899.8,3.4571, 315.6, 489.98
   37860,   37920,19.68,3794.4,4170.5,4.1808, 361.5, 517.05
   37920,   37980,18.842,3608.3,4059.7,4.1305, 344.75, 505.97
   37980,   38040,8.1037,4003.3,4405.5,3.4862, 380.3, 540.55
   38040,   38100,6.7115,4271.2,4755.1,3.4027, 404.41, 575.51
   38100,   38160,8.1569,4425.5,5098.4,3.4894, 418.3, 609.84
   38160,   38220,7.1456,4504,5149.1,3.4287, 425.36, 614.91
   38220,   38280,11.097,4389.7,5296.6,3.6658, 415.07, 629.66
   38280,   38340,38.039,4187,5104.4,5.2824, 396.83, 610.44
   38340,   38400,15.916,3240.6,4641.2,3.955, 311.66, 564.12
   38400,   38460,18.224,3499.3,5036.1,4.0934, 334.94, 603.61
   38460,   38520,17.294,3229,4296.1,4.0376, 310.61, 529.61
   38520,   38580,24.16,3127.7,4305.8,4.4496, 301.5, 530.58
   38580,   38640,11.112,2627.4,4333.4,3.6667, 256.47, 533.34
   38640,   38700,74.74,3478.1,3809.6,7.4844, 333.03, 480.96
   38700,   38760,204.31,4381.5,4908.9,15.259, 414.34, 590.89
   38760,   38820,628.68,7293.5,7274.5,40.721, 676.41, 827.45
   38820,   38880,110.82,5780.9,6902.3,9.6489, 540.28, 790.23
   38880,   38940,30.085,3821.6,5240.7,4.8051, 363.95, 624.07
   38940,   39000,37.781,3696.5,4741.3,5.2668, 352.68, 574.13
   39000,   39060,11.226,4233.6,4616.9,3.6736, 401.03, 561.69
   39060,   39120,12.255,5048.7,5798.2,3.7353, 474.38, 679.82
   39120,   39180,8.8698,5125.2,6260,3.5322, 481.27, 726
   39180,   39240,13.771,4380.4,5547.8,3.8263, 414.24, 654.78
   39240,   39300,21.74,4202.6,6063.3,4.3044, 398.23, 706.33
   39300,   39360,20.886,5329.4,6344.8,4.2532, 499.64, 734.48
   39360,   39420,21.964,5433,6335.5,4.3178, 508.97, 733.55
   39420,   39480,11.984,4991.3,6388.6,3.719, 469.22, 738.86
   39480,   39540,6.8118,4363.2,6001.7,3.4087, 412.68, 700.17
   39540,   39600,5.0213,4358.1,5499.7,3.3013, 412.23, 649.97
   39600,   39660,5.9337,4091.8,5347.9,3.356, 388.27, 634.79
   39660,   39720,5.9961,3624.6,5107.8,3.3598, 346.21, 610.78
   39720,   39780,7.345,4553.6,5667.4,3.4407, 429.83, 666.74
   39780,   39840,7.5659,4557.8,5817.1,3.454, 430.21, 681.71
   39840,   39900,36.329,5376.4,6065.9,5.1798, 503.88, 706.59
   39900,   39960,20.794,5442.6,6175.5,4.2476, 509.84, 717.55
   39960,   40020,7.3497,4998.6,5693.1,3.441, 469.87, 669.31
   40020,   40080,11.131,4746.9,5442.3,3.6678, 447.22, 644.23
   40080,   40140,6.7414,4371.3,5328.8,3.4045, 413.42, 632.88
   40140,   40200,11.827,4011.8,4870.4,3.7096, 381.06, 587.04
   40200,   40260,11.522,4051.8,4867.6,3.6913, 384.66, 586.76
   40260,   40320,12.919,4373.5,5262.2,3.7752, 413.61, 626.22
   40320,   40380,20.78,4627.6,5256.5,4.2468, 436.48, 625.65
   40380,   40440,9.2724,4581.4,5496.1,3.5563, 432.33, 649.61
   40440,   40500,11.066,4752.2,5740.6,3.664, 447.7, 674.06
   40500,   40560,6.7996,5190.6,6092.7,3.408, 487.16, 709.27
   40560,   40620,6.4368,5230.2,6186,3.3862, 490.72, 718.6
   40620,   40680,8.6374,5281.6,6220.2,3.5182, 495.34, 722.02
   40680,   40740,7.1982,5192.8,6197.8,3.4319, 487.35, 719.78
   40740,   40800,21.9,5426.2,6384.7,4.314, 508.36, 738.47
   40800,   40860,76.157,6229.6,6771.4,7.5694, 580.66, 777.14
   40860,   40920,21.706,5836.3,6709.7,4.3024, 545.27, 770.97
   40920,   40980,6.4035,5601.9,6595.7,3.3842, 524.17, 759.57
   40980,   41040,7.5519,5629.5,6622.5,3.4531, 526.66, 762.25
   41040,   41100,7.6244,5531.6,6528.3,3.4575, 517.84, 752.83
   41100,   41160,10.434,5311.8,6557.3,3.626, 498.06, 755.73
   41160,   41220,7.5938,5586.9,6668.3,3.4556, 522.82, 766.83
   41220,   41280,13.956,5733.1,6805.3,3.8373, 535.98, 780.53
   41280,   41340,10.641,5553.8,6590.2,3.6385, 519.84, 759.02
   41340,   41400,11.291,5510.8,6651.6,3.6775, 515.97, 765.16
   41400,   41460,20.506,5742.6,6605.9,4.2303, 536.84, 760.59
   41460,   41520,6.1806,5973.6,6932,3.3708, 557.63, 793.2
   41520,   41580,361.52,9145.4,7228.6,24.691, 843.08, 822.86
   41580,   41640,66.748,6834.2,7423.2,7.0049, 635.08, 842.32
   41640,   41700,50.873,8818.9,7804.1,6.0524, 813.7, 880.41
   41700,   41760,26.814,8614.6,8794.1,4.6088, 795.31, 979.41
   41760,   41820,10.81,7609.1,8464.2,3.6486, 704.82, 946.42
   41820,   41880,9.9531,7248,8390.7,3.5972, 672.32, 939.07
   41880,   41940,14.139,6702.5,8084.6,3.8483, 623.23, 908.46
   41940,   42000,29.229,6175.8,7485.3,4.7537, 575.82, 848.53
   42000,   42060,15.318,6520.4,7576.9,3.9191, 606.84, 857.69
   42060,   42120,4254.7,16915,9045.7,258.28, 1542.3, 1004.6
   42120,   42180,289.13,8913,11474,20.348, 822.17, 1247.4
   42180,   42240,108.29,7213.2,9855.8,9.4974, 669.19, 1085.6
   42240,   42300,9796.6,20123,21118,590.8, 1831.1, 2211.8
   42300,   42360,838.99,11751,15607,53.34, 1077.6, 1660.7
   42360,   42420,65.957,8436.2,9305.4,6.9574, 779.26, 1030.5
   42420,   42480,24.503,7822.9,9149,4.4702, 724.06, 1014.9
   42480,   42540,368.08,9122.4,9198.1,25.085, 841.02, 1019.8
   42540,   42600,3025.1,14083,13517,184.51, 1287.5, 1451.7
   42600,   42660,1493.9,13394,13835,92.635, 1225.5, 1483.5
   42660,   42720,1908.5,11616,12079,117.51, 1065.5, 1307.9
   42720,   42780,2437.8,14533,16508,149.27, 1328, 1750.8
   42780,   42840,621.77,11653,17855,40.306, 1068.7, 1885.5
   42840,   42900,430.89,12603,15716,28.853, 1154.3, 1671.6
   42900,   42960,395.4,11261,13694,26.724, 1033.5, 1469.4
   42960,   43020,1939.3,15209,14929,119.36, 1388.8, 1592.9
   43020,   43080,2878.2,20145,15221,175.69, 1833.1, 1622.1
   43080,   43140,1775.2,18722,15497,109.51, 1705, 1649.7
   43140,   43200,156.47,11199,15970,12.388, 1027.9, 1697
   43200,   43260,219.46,10298,13235,16.167, 946.82, 1423.5
   43260,   43320,218.09,11501,11843,16.085, 1055.1, 1284.3
   43320,   43380,-9999,-9999,-9999,-9999, -9999, -9999
   43380,   43440,-9999,-9999,-9999,-9999, -9999, -9999
   43440,   43500,-9999,-9999,-9999,-9999, -9999, -9999
   43500,   43560,-9999,-9999,-9999,-9999, -9999, -9999
   43560,   43620,-9999,-9999,-9999,-9999, -9999, -9999
   43620,   43680,-9999,-9999,-9999,-9999, -9999, -9999
   43680,   43740,-9999,-9999,-9999,-9999, -9999, -9999
   43740,   43800,44.954,8968.3,10658,5.6973, 827.15, 1165.8
   43800,   43860,577.27,10090,11299,37.636, 928.06, 1229.9
   43860,   43920,314.93,10298,12454,21.896, 946.81, 1345.4
   43920,   43980,112.16,10351,11987,9.7295, 951.6, 1298.7
   43980,   44040,4425.1,15248,14398,268.51, 1392.4, 1539.8
   44040,   44100,649.47,11124,15177,41.968, 1021.2, 1617.7
   44100,   44160,88.418,10598,13869,8.3051, 973.79, 1486.9
   44160,   44220,97.72,10701,12223,8.8632, 983.08, 1322.3
   44220,   44280,112.43,9560.2,11746,9.7456, 880.42, 1274.6
   44280,   44340,131.12,10125,11388,10.867, 931.25, 1238.8
   44340,   44400,42.686,9776.5,10882,5.5612, 899.88, 1188.2
   44400,   44460,38.308,8743.5,10377,5.2985, 806.92, 1137.7
   44460,   44520,38.532,8594.8,10082,5.3119, 793.54, 1108.2
   44520,   44580,147.14,9197.1,10174,11.828, 847.74, 1117.4
   44580,   44640,42.702,8506.3,9942.3,5.5621, 785.56, 1094.2
   44640,   44700,33.409,8320.5,9664.8,5.0045, 768.85, 1066.5
   44700,   44760,44.325,7652,9256.4,5.6595, 708.68, 1025.6
   44760,   44820,97.947,7514.4,8934.1,8.8768, 696.3, 993.41
   44820,   44880,2006.9,12708,9275.1,123.41, 1163.7, 1027.5
   44880,   44940,5116.2,20836,11334,309.97, 1895.3, 1233.4
   44940,   45000,5485.1,25890,15369,332.11, 2350.1, 1636.9
   45000,   45060,1453.6,19176,18419,90.217, 1745.8, 1941.9
   45060,   45120,488.35,15063,14474,32.301, 1375.7, 1547.4
   45120,   45180,288.64,14406,15959,20.318, 1316.6, 1695.9
   45180,   45240,99.89,7807.5,13190,8.9934, 722.68, 1419
   45240,   45300,152.94,5825.2,8183,12.176, 544.27, 918.3
   45300,   45360,464.11,8104.4,10045,30.847, 749.39, 1104.5
   45360,   45420,156.66,7340.9,10098,12.4, 680.68, 1109.8
   45420,   45480,173.04,6562.7,8766,13.383, 610.64, 976.6
   45480,   45540,128.93,5306.2,7724.1,10.736, 497.56, 872.41
   45540,   45600,130.24,5724.3,6964.6,10.814, 535.18, 796.46
   45600,   45660,102.64,5449.8,7260.5,9.1586, 510.48, 826.05
   45660,   45720,84.764,4182.6,6761.9,8.0858, 396.44, 776.19
   45720,   45780,53.871,3806.9,7037.2,6.2323, 362.62, 803.72
   45780,   45840,58.517,4149.8,6947.4,6.511, 393.48, 794.74
   45840,   45900,60.243,4197.4,7161.4,6.6146, 397.76, 816.14
   45900,   45960,78.165,4439.8,7251.6,7.6899, 419.58, 825.16
   45960,   46020,63.56,3829.4,10220,6.8136, 364.64, 1122
   46020,   46080,61.002,3541.9,7764.7,6.6601, 338.77, 876.47
   46080,   46140,67.409,3709.6,5992.3,7.0445, 353.87, 699.23
   46140,   46200,62.917,3783,5632,6.775, 360.47, 663.2
   46200,   46260,139.88,4892.3,5263.7,11.393, 460.3, 626.37
   46260,   46320,115.68,4752.5,5739.4,9.9408, 447.72, 673.94
   46320,   46380,143.79,5348,5919,11.627, 501.32, 691.9
   46380,   46440,113.63,5047.7,6385.2,9.8178, 474.3, 738.52
   46440,   46500,150.41,4282.6,5844.5,12.025, 405.43, 684.45
   46500,   46560,113.81,3920,6002.6,9.8286, 372.8, 700.26
   46560,   46620,96.092,3839.7,5729.7,8.7655, 365.57, 672.97
   46620,   46680,455.79,5055,5800.9,30.347, 474.95, 680.09
   46680,   46740,554.16,6269.4,7776.9,36.25, 584.25, 877.69
   46740,   46800,531.4,8865.4,9541.1,34.884, 817.89, 1054.1
   46800,   46860,245.67,6696.4,8431.2,17.74, 622.67, 943.12
   46860,   46920,124.73,4216.4,5993.1,10.484, 399.47, 699.31
   46920,   46980,102.97,3711.5,5177,9.1784, 354.04, 617.7
   46980,   47040,128.53,4330.4,5730.1,10.712, 409.74, 673.01
   47040,   47100,148.85,4848.1,6426.7,11.931, 456.33, 742.67
   47100,   47160,148.27,4578.7,6501.2,11.896, 432.09, 750.12
   47160,   47220,158.19,4624.2,6349.6,12.491, 436.18, 734.96
   47220,   47280,134.36,4094.2,6152.5,11.062, 388.48, 715.25
   47280,   47340,121.4,3613.6,5446.9,10.284, 345.23, 644.69
   47340,   47400,131.09,3752,5226.9,10.865, 357.68, 622.69
   47400,   47460,137.67,3748,5169.6,11.26, 357.32, 616.96
