CampaignData_and_Merges/R0/CSL_MobileLab_Parked/raw/20240803/USOS-NOAAIodideCIMS-Halogens_MobileLabGround_20240803_RA.ict
38, 1001
Michael A Robinson, Chris Jernigan, Subi Thakali
NOAA ESRL Chemical Sciences Laboratory and CIRES, U. of Colorado
NOAA Iodide CIMS Instrument
USOS
1, 1
2024, 08, 03, 2024, 08, 04
1
starttime_UTC, seconds_past_midnight, seconds_of_day_since_00:00:00_UTC
6
1, 1, 1, 1, 1, 1
-9999, -9999, -9999, -9999, -9999, -9999
Br2_NOAACIMS, pptv, Gas_Br2_InSitu_S_AVMR, 
BrO_NOAACIMS, pptv, Gas_BrO_InSitu_S_AVMR, 
Cl2_NOAACIMS, pptv, Gas_Cl2_InSitu_S_AVMR, 
ClNO2_NOAACIMS, pptv, Gas_ClNO2_InSitu_S_AVMR, 
BrCl_NOAACIMS, pptv, Gas_BrCl_InSitu_S_AVMR, 
NCl3_NOAACIMS, pptv, Gas_NCl3_InSitu_S_AVMR, 
0
18
PI_CONTACT_INFO: 325 Broadway, R/CSD 7, Boulder, Colorado 80305; michael.a.robinson@noaa.gov; chris.jernigan@noaa.gov;
PLATFORM: NOAA CSL Mobile Lab
LOCATION: SLC, Utah
ASSOCIATED_DATA: 1Hz data also available on request.
INSTRUMENT_INFO: NOAA I- ToF CIMS
DATA_INFO: All data in parts per trillion by volume (pptv). 1 Hz data is available upon request.
UNCERTAINTY: TBD
ULOD_FLAG: -7777
ULOD_VALUE: N/A
LLOD_FLAG: -8888
LLOD_VALUE: N/A
DM_CONTACT_INFO: Nathan Howard; nathan.h.howard@noaa.gov
PROJECT_INFO: USOS, summer 2024. https://csl.noaa.gov/groups/csl7/measurements/2024usos/
STIPULATIONS_ON_USE: Users are strongly encouraged to contact the PI for proper data usage.
OTHER_COMMENTS: 
REVISION: RA
RA: Preliminary Data; For in-field use only
starttime_UTC, Br2_NOAACIMS, BrO_NOAACIMS, Cl2_NOAACIMS, ClNO2_NOAACIMS, BrCl_NOAACIMS, NCl3_NOAACIMS
[from data line 560]
 33600,  0.548,  0.033,  1.454,  1.777,  0.344,  7.831
 33660,  0.737,  0.111,  2.012,  2.666,  0.406,  9.542
 33720,  0.683,  0.165,  1.972,  2.739,  0.413,  8.899
 33780,  0.646,  0.083,  1.910,  2.711,  0.431,  9.133
 33840,  0.631,  0.139,  1.993,  2.640,  0.462,  9.326
 33900,  0.715,  0.071,  2.247,  3.030,  0.439,  9.622
 33960,  0.689,  0.115,  2.135,  2.692,  0.556,  9.366
 34020,  0.671,  0.236,  1.785,  2.371,  0.386,  8.236
 34080,  0.760,  0.064,  1.926,  2.690,  0.497,  9.093
 34140,  0.669,  0.172,  1.688,  2.026,  0.375,  7.705
 34200,  0.698,  0.075,  1.761,  2.210,  0.434,  8.321
 34260,  0.613,  0.168,  2.087,  2.646,  0.433,  9.222
 34320,  0.657,  0.210,  1.959,  2.723,  0.515,  8.983
 34380,  0.815,  0.149,  2.038,  3.053,  0.465,  9.841
 34440,  0.795,  0.228,  2.157,  2.664,  0.425,  9.327
 34500,  0.652,  0.142,  1.931,  2.425,  0.515, 10.092
 34560, -9999.000, -9999.000, -9999.000, -9999.000, -9999.000, -9999.000
 34620,  0.440,  0.206,  2.089,  2.290,  0.402,  9.949
 34680,  0.714,  0.170,  1.783,  2.369,  0.442,  9.250
 34740,  0.809,  0.159,  1.930,  2.557,  0.443, 10.486
 34800,  0.779,  0.136,  2.155,  2.792,  0.574,  9.886
 34860,  0.744,  0.140,  2.195,  2.772,  0.463,  9.598
 34920,  0.677,  0.147,  2.081,  2.830,  0.483, 10.372
 34980,  0.769,  0.175,  2.181,  2.707,  0.548, 10.408
 35040,  0.725,  0.046,  1.976,  2.751,  0.470,  9.921
 35100,  0.708,  0.168,  1.971,  2.593,  0.484,  9.959
 35160,  0.657,  0.077,  1.925,  2.373,  0.467,  9.976
 35220,  0.636,  0.145,  2.007,  2.143,  0.473,  9.679
 35280,  0.623,  0.097,  1.889,  2.025,  0.420, 10.349
 35340,  0.741,  0.157,  1.740,  1.986,  0.507,  9.404
 35400,  0.697,  0.084,  1.605,  1.446,  0.393,  8.818
 35460,  0.677,  0.055,  1.666,  1.488,  0.375,  8.879
 35520,  0.515,  0.091,  1.403,  1.083,  0.315,  8.622
 35580,  0.689,  0.110,  1.020,  0.664,  0.265,  7.494
 35640,  0.656,  0.080,  0.965,  0.459,  0.271,  6.373
 35700,  0.586,  0.026,  1.009,  0.386,  0.222,  6.787
 35760,  0.717,  0.014,  0.835,  0.251,  0.219,  6.354
 35820,  0.719,  0.044,  0.887,  0.293,  0.200,  6.586
 35880,  0.751,  0.050,  0.974,  0.446,  0.236,  6.010
 35940,  0.712,  0.035,  1.004,  0.382,  0.165,  6.375
 36000,  0.804,  0.027,  0.874,  0.325,  0.209,  6.086
 36060,  0.695,  0.022,  0.928,  0.190,  0.165,  5.908
 36120,  0.796, -0.043,  0.885,  0.222,  0.181,  6.436
 36180,  0.864, -0.009,  1.089,  0.253,  0.232,  6.004
 36240,  0.794,  0.025,  1.109,  0.270,  0.213,  7.097
 36300,  0.715,  0.023,  0.772,  0.159,  0.222,  6.219
 36360,  0.837, -0.158,  0.915,  0.255,  0.210,  6.057
 36420,  0.656,  0.105,  1.446,  0.206,  0.182,  5.473
 36480,  0.670,  0.080,  0.965,  0.336,  0.206,  6.484
 36540,  0.615, -0.015,  0.907,  0.353,  0.233,  5.949
 36600,  0.701, -0.072,  1.075,  0.263,  0.221,  5.501
 36660,  0.711, -0.078,  1.009,  0.392,  0.196,  5.896
 36720,  0.710, -0.010,  0.891,  0.307,  0.256,  5.784
 36780,  0.620, -0.014,  0.961,  0.280,  0.222,  5.760
 36840,  0.575,  0.031,  0.991,  0.279,  0.222,  5.235
 36900,  0.600, -0.063,  0.940,  0.307,  0.235,  4.958
 36960,  0.764,  0.051,  1.007,  0.333,  0.159,  5.170
 37020,  0.804, -0.012,  1.075,  0.343,  0.231,  5.641
 37080,  0.618,  0.050,  1.052,  0.302,  0.259,  5.712
 37140,  0.648,  0.112,  1.081,  0.300,  0.195,  5.665
 37200,  0.558,  0.029,  1.046,  0.347,  0.217,  6.101
 37260,  0.612,  0.107,  0.906,  0.337,  0.216,  5.285
 37320,  0.589,  0.093,  1.044,  0.320,  0.270,  5.428
 37380,  0.681,  0.027,  0.983,  0.313,  0.168,  5.324
 37440,  0.656,  0.078,  1.050,  0.262,  0.247,  5.313
 37500,  0.619,  0.167,  1.121,  0.301,  0.261,  5.336
 37560,  0.541,  0.008,  1.093,  0.375,  0.222,  6.107
 37620,  0.666,  0.092,  1.066,  0.340,  0.232,  5.313
 37680,  0.572,  0.110,  1.015,  0.384,  0.188,  5.159
 37740,  0.681,  0.252,  1.102,  0.375,  0.203,  5.902
 37800,  0.559,  0.230,  1.216,  0.573,  0.232,  7.891
 37860,  0.615,  0.123,  1.126,  0.498,  0.248,  6.941
 37920,  0.557,  0.169,  1.283,  0.616,  0.218,  6.850
 37980,  0.478,  0.172,  1.343,  0.703,  0.258,  8.811
 38040,  0.517,  0.190,  1.296,  0.742,  0.208,  8.401
 38100,  0.532,  0.136,  1.318,  0.683,  0.239,  8.160
 38160,  0.546,  0.135,  1.433,  0.738,  0.213,  8.377
 38220,  0.459,  0.218,  1.401,  0.876,  0.335,  8.525
 38280, -9999.000, -9999.000, -9999.000, -9999.000, -9999.000, -9999.000
 38340,  0.624,  0.149,  1.127,  0.547,  0.265,  7.003
 38400,  0.604,  0.183,  0.991,  0.580,  0.205,  6.328
 38460,  0.616,  0.122,  1.106,  0.512,  0.175,  7.203
 38520,  0.616,  0.201,  1.150,  0.442,  0.225,  7.816
 38580,  0.502,  0.185,  1.128,  0.442,  0.361,  9.094
 38640,  0.547,  0.161,  0.943,  0.267,  0.192,  6.008
 38700,  0.512,  0.198,  1.038,  0.231,  0.235,  5.316
 38760,  0.582,  0.131,  1.039,  0.296,  0.227,  5.871
 38820,  0.525,  0.136,  1.043,  0.292,  0.293,  6.651
 38880,  0.537,  0.208,  1.024,  0.275,  0.275,  7.018
 38940,  0.576,  0.268,  1.147,  0.478,  0.234,  6.540
 39000,  0.758,  0.142,  1.398,  0.843,  0.261,  9.502
 39060,  0.653,  0.165,  1.454,  1.110,  0.196, 11.161
 39120,  0.603,  0.207,  1.447,  0.940,  0.302, 11.478
 39180,  0.595,  0.262,  1.331,  0.905,  0.318, 11.173
 39240,  0.696,  0.205,  1.207,  0.870,  0.295,  9.470
 39300,  0.670,  0.191,  1.539,  0.973,  0.356, 10.684
 39360,  0.630,  0.150,  1.444,  1.105,  0.335, 11.363
 39420,  0.747,  0.230,  1.449,  0.987,  0.263, 10.930
 39480,  0.605,  0.234,  1.383,  0.784,  0.276, 10.488
 39540,  0.748,  0.101,  1.495,  0.952,  0.300, 10.982
 39600,  0.613,  0.148,  1.345,  0.848,  0.325, 10.284
 39660,  0.585,  0.151,  1.394,  0.799,  0.359,  9.683
 39720,  0.695,  0.097,  1.523,  1.047,  0.329, 10.870
 39780,  0.578,  0.227,  1.339,  0.878,  0.333, 10.652
 39840,  0.701,  0.134,  1.247,  0.824,  0.262,  9.533
 39900,  0.660,  0.172,  1.296,  0.983,  0.330,  9.914
 39960,  0.628,  0.198,  1.187,  0.795,  0.247,  9.216
 40020,  0.697,  0.137,  1.269,  0.965,  0.294,  9.033
 40080,  0.424,  0.014,  1.264,  0.767,  0.305,  9.100
 40140,  0.927, -0.018,  1.294,  0.975,  0.453, 10.165
 40200,  0.629,  0.065,  1.479,  0.855,  0.374,  9.265
 40260,  0.779,  0.180,  1.301,  0.753,  0.282,  9.522
 40320,  0.635,  0.157,  1.281,  0.957,  0.294,  9.645
 40380,  0.595,  0.112,  1.305,  1.132,  0.314, 10.169
 40440,  0.576,  0.128,  1.577,  1.253,  0.305, 10.379
 40500,  0.460,  0.144,  1.526,  1.520,  0.350, 10.677
 40560,  0.764,  0.188,  1.482,  1.512,  0.355, 10.936
 40620,  0.624,  0.122,  1.397,  1.475,  0.366, 10.438
 40680,  0.645,  0.209,  1.402,  1.602,  0.270, 10.669
 40740,  0.577,  0.077,  1.353,  1.589,  0.298, 10.227
 40800,  0.516,  0.087,  1.305,  1.496,  0.340, 10.617
 40860,  0.524,  0.137,  1.570,  1.516,  0.371, 11.216
 40920,  0.647,  0.214,  1.507,  1.598,  0.318, 10.419
 40980,  0.530,  0.207,  1.401,  1.707,  0.332, 10.738
 41040,  0.587,  0.084,  1.350,  1.643,  0.322, 10.981
 41100,  0.610,  0.150,  1.433,  1.489,  0.305, 10.840
 41160,  0.586,  0.104,  1.357,  1.637,  0.314, 10.592
 41220,  0.627,  0.184,  1.439,  1.747,  0.280,  9.992
 41280,  0.625,  0.003,  1.282,  1.762,  0.300, 10.432
 41340,  0.556,  0.132,  1.459,  1.646,  0.296, 10.066
 41400,  0.416,  0.165,  1.324,  1.721,  0.289, 10.332
 41460,  0.474,  0.210,  1.486,  1.666,  0.373, 10.253
 41520,  0.574,  0.183,  1.400,  1.657,  0.368, 10.813
 41580,  0.657,  0.149,  1.494,  1.746,  0.326, 10.617
 41640,  0.554,  0.062,  1.360,  1.585,  0.317, 10.590
 41700,  0.433,  0.133,  1.365,  1.655,  0.299, 10.129
 41760,  0.511,  0.115,  1.506,  1.612,  0.294, 10.512
 41820,  0.431,  0.130,  1.403,  1.596,  0.304, 10.435
 41880,  0.308,  0.142,  1.397,  1.427,  0.337,  9.655
 41940,  0.595,  0.119,  1.149,  1.632,  0.229,  9.263
 42000, -9999.000, -9999.000, -9999.000, -9999.000, -9999.000, -9999.000
 42060,  0.370,  0.010,  1.203,  1.822,  0.282,  9.640
 42120,  0.351,  0.071,  1.314,  1.691,  0.326,  9.425
 42180,  0.491,  0.085,  1.242,  1.870,  0.298,  9.845
 42240,  0.460,  0.145,  1.392,  1.852,  0.268,  9.663
 42300,  0.422,  0.125,  1.374,  1.792,  0.297,  9.614
 42360,  0.444,  0.036,  1.254,  1.727,  0.226,  9.760
 42420,  0.513,  0.147,  1.233,  1.837,  0.372,  9.455
 42480,  0.569,  0.215,  1.259,  1.848,  0.303,  9.700
 42540,  0.479,  0.128,  1.223,  1.773,  0.262,  9.986
 42600,  0.398,  0.031,  1.293,  1.759,  0.257,  9.985
 42660,  0.330, -0.002,  1.170,  1.733,  0.274,  9.173
 42720,  0.354,  0.086,  1.189,  1.673,  0.218,  9.142
 42780,  0.435,  0.147,  1.349,  1.669,  0.253,  9.308
 42840,  0.390,  0.014,  1.128,  1.742,  0.270,  9.301
 42900,  0.384,  0.084,  1.199,  1.704,  0.291,  9.280
 42960,  0.417,  0.055,  1.214,  1.777,  0.206,  9.036
 43020,  0.453,  0.088,  1.284,  1.768,  0.267,  9.386
 43080,  0.450,  0.077,  1.372,  1.733,  0.242,  9.940
 43140,  0.421,  0.066,  1.285,  1.935,  0.298, 11.129
 43200,  0.427, -0.007,  1.319,  1.895,  0.279, 10.242
 43260,  0.368,  0.114,  1.269,  1.914,  0.234,  9.978
 43320,  0.534,  0.018,  1.361,  1.838,  0.283, 10.048
 43380,  0.474,  0.036,  1.267,  1.911,  0.297, 10.256
 43440,  0.377,  0.114,  1.304,  1.928,  0.253, 10.461
 43500,  0.454,  0.084,  1.348,  1.900,  0.254, 10.840
 43560,  0.345,  0.085,  1.292,  1.988,  0.237, 10.926
 43620,  0.537, -0.021,  1.461,  2.064,  0.348, 14.588
 43680,  0.517,  0.160,  1.454,  2.177,  0.385, 15.232
 43740,  0.425,  0.039,  1.565,  2.198,  0.313, 13.872
 43800,  0.431,  0.099,  1.645,  2.031,  0.262, 14.278
 43860,  0.564, -0.013,  1.458,  2.188,  0.319, 14.335
 43920,  0.357,  0.138,  1.570,  1.761,  0.271, 16.266
 43980,  0.384,  0.098,  1.631,  1.955,  0.332, 16.284
 44040,  0.607, -0.011,  1.766,  1.915,  0.276, 17.573
 44100,  0.466, -0.008,  1.695,  1.940,  0.272, 17.514
 44160,  0.543,  0.041,  1.790,  2.164,  0.332, 15.845
 44220,  0.560,  0.043,  1.713,  2.033,  0.308, 17.786
 44280,  0.595,  0.089,  1.885,  2.059,  0.271, 18.119
 44340,  0.465, -0.019,  1.778,  2.167,  0.281, 18.945
 44400,  0.535,  0.030,  1.634,  1.980,  0.305, 19.476
 44460,  0.449, -0.010,  1.811,  2.020,  0.297, 19.592
 44520,  0.454,  0.035,  1.833,  2.176,  0.321, 19.840
 44580,  0.457, -0.005,  1.670,  1.957,  0.277, 18.701
 44640,  0.417, -0.029,  1.790,  2.035,  0.260, 17.824
 44700,  0.565, -0.026,  1.853,  1.816,  0.324, 17.368
 44760,  0.484, -0.014,  1.744,  1.848,  0.241, 16.512
 44820,  0.407, -0.003,  1.598,  1.806,  0.274, 16.681
 44880,  0.388, -0.039,  1.606,  1.786,  0.319, 16.125
 44940,  0.535,  0.060,  1.855,  1.706,  0.260, 16.047
 45000,  0.588, -0.059,  1.716,  1.793,  0.242, 16.798
 45060,  0.544, -0.090,  2.072,  1.781,  0.232, 20.744
 45120,  0.555, -0.005,  2.087,  1.751,  0.273, 19.181
 45180,  0.445, -0.100,  1.500,  1.102,  0.232, 12.114
 45240,  0.469,  0.086,  1.596,  1.271,  0.302, 13.632
 45300,  0.556, -0.067,  1.530,  1.537,  0.277, 15.306
 45360,  0.581, -0.094,  1.552,  1.387,  0.355, 13.520
 45420,  0.488, -0.049,  1.554,  1.275,  0.252, 14.025
 45480,  0.541,  0.020,  1.353,  0.923,  0.260, 10.887
 45540,  0.523,  0.029,  1.365,  1.011,  0.249, 11.694
 45600,  0.701, -0.070,  1.363,  1.092,  0.258,  9.839
 45660, -9999.000, -9999.000, -9999.000, -9999.000, -9999.000, -9999.000
 45720,  0.482, -0.111,  1.300,  0.793,  0.321, 10.029
 45780,  0.631, -0.079,  1.434,  0.806,  0.212,  9.667
 45840,  0.551, -0.053,  1.530,  0.905,  0.297,  9.682
 45900,  0.403, -0.048,  1.387,  0.783,  0.263,  9.480
 45960,  0.494, -0.053,  1.434,  0.615,  0.244,  8.075
 46020,  0.526, -0.049,  1.317,  0.496,  0.278,  7.972
 46080,  0.427, -0.093,  1.229,  0.549,  0.187,  6.536
 46140,  0.495, -0.072,  1.277,  0.498,  0.227,  7.323
 46200,  0.486, -0.068,  1.234,  0.489,  0.225,  7.674
 46260,  0.639, -0.084,  1.355,  0.548,  0.186,  7.904
 46320,  0.468, -0.019,  1.271,  0.543,  0.163,  8.084
 46380,  0.597, -0.013,  1.243,  0.441,  0.188,  7.359
 46440,  0.432,  0.047,  1.227,  0.355,  0.140,  5.537
 46500,  0.372, -0.046,  1.139,  0.424,  0.135,  5.691
 46560,  0.482, -0.108,  1.095,  0.275,  0.114,  6.151
 46620,  0.317,  0.021,  1.083,  0.336,  0.124,  6.004
 46680,  0.502, -0.017,  1.050,  0.344,  0.175,  5.586
 46740,  0.481,  0.039,  1.190,  0.343,  0.154,  6.376
 46800,  0.294, -0.021,  1.233,  0.365,  0.156,  5.843
 46860,  0.319, -0.009,  1.302,  0.330,  0.103,  5.564
 46920,  0.529,  0.063,  1.508,  0.423,  0.168,  6.610
 46980,  0.553,  0.087,  1.490,  0.566,  0.235,  7.302
 47040,  0.405,  0.026,  1.556,  0.544,  0.207,  7.244
 47100,  0.557,  0.022,  1.384,  0.543,  0.158,  7.816
 47160,  0.552,  0.034,  1.417,  0.416,  0.243,  7.427
 47220,  0.365,  0.162,  1.219,  0.323,  0.149,  6.058
 47280,  0.550,  0.080,  1.275,  0.269,  0.165,  5.532
 47340,  0.117, -0.008,  1.103,  0.283,  0.031,  3.392
 47400,  0.525,  0.035,  1.207,  0.292,  0.176,  5.025
 47460,  0.436,  0.057,  1.066,  0.279,  0.089,  4.251
 47520, -9999.000, -9999.000, -9999.000, -9999.000, -9999.000, -9999.000
 47580,  0.328, -0.007,  0.954,  0.309,  0.003,  3.647
 47640,  0.170, -0.007,  0.880,  0.277, -0.031,  3.223
 47700,  0.112, -0.035,  0.886,  0.350, -0.031,  3.123
 47760, -0.101, -0.059,  1.000,  0.328, -0.062,  2.306
 47820,  0.140, -0.040,  1.226,  0.324, -0.017,  2.596
 47880,  0.009, -0.019,  1.265,  0.276, -0.007,  2.469
 47940,  0.174,  0.021,  1.301,  0.231,  0.003,  1.880
 48000,  0.276,  0.057,  1.109,  0.210, -0.032,  1.589
 48060,  0.373,  0.074,  1.126,  0.183, -0.008,  1.889
 48120,  0.208,  0.022,  1.080,  0.268,  0.030,  2.086
 48180,  0.458,  0.073,  1.204,  0.275,  0.064,  1.932
 48240,  0.497,  0.103,  1.194,  0.231,  0.102,  1.606
 48300,  0.497,  0.097,  1.191,  0.278,  0.060,  2.305
 48360,  0.549,  0.137,  1.183,  0.424,  0.093,  2.296
 48420,  0.372,  0.100,  1.294,  0.393,  0.005,  2.415
 48480,  0.126, -0.058,  1.070,  0.378, -0.058,  1.962
 48540, -0.062, -0.026,  1.244,  0.392, -0.090,  1.346
 48600, -0.165, -0.014,  1.208,  0.421, -0.069,  1.100
 48660,  0.276,  0.026,  1.276,  0.452, -0.006,  1.718
 48720,  0.412,  0.152,  1.100,  0.437,  0.055,  2.239
 48780,  0.359,  0.170,  0.994,  0.381,  0.072,  2.161
 48840,  0.392,  0.087,  1.145,  0.485,  0.087,  1.917
 48900,  0.467,  0.080,  1.139,  0.344,  0.070,  1.756
 48960,  0.359,  0.084,  0.927,  0.343,  0.024,  1.570
 49020,  0.411,  0.146,  0.945,  0.276,  0.079,  1.240
 49080,  0.566,  0.130,  0.836,  0.257,  0.035,  1.082
 49140,  0.542,  0.212,  0.711,  0.195,  0.018,  1.036
 49200,  0.416,  0.099,  0.874,  0.285,  0.053,  1.615
 49260,  0.421,  0.097,  0.914,  0.250,  0.069,  1.637
 49320,  0.317,  0.056,  0.947,  0.279,  0.050,  1.207
 49380, -9999.000, -9999.000, -9999.000, -9999.000, -9999.000, -9999.000
 49440,  0.109,  0.005,  0.905,  0.232, -0.034,  0.694
 49500,  0.451,  0.174,  0.945,  0.313, -0.019,  1.273
 49560, -9999.000, -9999.000, -9999.000, -9999.000, -9999.000, -9999.000
 49620, -9999.000, -9999.000, -9999.000, -9999.000, -9999.000, -9999.000
 49680, -9999.000, -9999.000, -9999.000, -9999.000, -9999.000, -9999.000
 49740, -9999.000, -9999.000, -9999.000, -9999.000, -9999.000, -9999.000
 49800, -9999.000, -9999.000, -9999.000, -9999.000, -9999.000, -9999.000
 49860, -9999.000, -9999.000, -9999.000, -9999.000, -9999.000, -9999.000
 49920, -9999.000, -9999.000, -9999.000, -9999.000, -9999.000, -9999.000
 49980, -9999.000, -9999.000, -9999.000, -9999.000, -9999.000, -9999.000
 50040, -9999.000, -9999.000, -9999.000, -9999.000, -9999.000, -9999.000
 50100, -9999.000, -9999.000, -9999.000, -9999.000, -9999.000, -9999.000
 50160, -9999.000, -9999.000, -9999.000, -9999.000, -9999.000, -9999.000
 50220, -9999.000, -9999.000, -9999.000, -9999.000, -9999.000, -9999.000
 50280, -9999.000, -9999.000, -9999.000, -9999.000, -9999.000, -9999.000
 50340, -9999.000, -9999.000, -9999.000, -9999.000, -9999.000, -9999.000
 50400, -9999.000, -9999.000, -9999.000, -9999.000, -9999.000, -9999.000
 50460, -9999.000, -9999.000, -9999.000, -9999.000, -9999.000, -9999.000
