CampaignData_and_Merges/R0/CSL_MobileLab_Parked/raw/20240803/USOS-NOAAIodideCIMS-N2O5_MobileLabGround_20240803_RA.ict
33, 1001
Michael A Robinson, Chris Jernigan, Subi Thakali
NOAA ESRL Chemical Sciences Laboratory and CIRES, U. of Colorado
NOAA Iodide CIMS Instrument
USOS
1, 1
2024, 08, 03, 2024, 08, 04
1
starttime_UTC, seconds_past_midnight, seconds_of_day_since_00:00:00_UTC
1
1
-9999
N2O5_NOAACIMS, pptv, Gas_N2O5_InSitu_S_AVMR, 
0
18
PI_CONTACT_INFO: 325 Broadway, R/CSD 7, Boulder, Colorado 80305; michael.a.robinson@noaa.gov; chris.jernigan@noaa.gov;
PLATFORM: NOAA CSL Mobile Lab
LOCATION: SLC, Utah
ASSOCIATED_DATA: 1Hz data also available on request.
INSTRUMENT_INFO: NOAA I- ToF CIMS
DATA_INFO: All data in parts per trillion by volume (pptv). 1 Hz data is available upon request.
UNCERTAINTY: TBD
ULOD_FLAG: -7777
ULOD_VALUE: N/A
LLOD_FLAG: -8888
LLOD_VALUE: N/A
DM_CONTACT_INFO: Nathan Howard; nathan.h.howard@noaa.gov
PROJECT_INFO: USOS, summer 2024. https://csl.noaa.gov/groups/csl7/measurements/2024usos/
STIPULATIONS_ON_USE: Users are strongly encouraged to contact the PI for proper data usage.
OTHER_COMMENTS: 
REVISION: RA
RA: Preliminary Data; For in-field use only
starttime_UTC, N2O5_NOAACIMS
     0, -9999.000
    60, -9999.000
   120, -9999.000
   180, -9999.000
   240, -9999.000
   300, -9999.000
   360, -9999.000
   420, -9999.000
   480, -9999.000
   540, -9999.000
   600, -9999.000
   660, -9999.000
   720, -9999.000
   780, -9999.000
   840, -9999.000
   900, -9999.000
   960, -9999.000
  1020, -9999.000
  1080, -9999.000
  1140, -9999.000
  1200, -9999.000
  1260, -9999.000
  1320, -9999.000
  1380, -9999.000
  1440, -9999.000
  1500, -9999.000
  1560, -9999.000
  1620, -9999.000
  1680, -9999.000
  1740, -9999.000
  1800, -9999.000
  1860, -9999.000
  1920, -9999.000
  1980, -9999.000
  2040, -9999.000
  2100, -9999.000
  2160, -9999.000
  2220, -9999.000
  2280, -9999.000
  2340, -9999.000
  2400, -9999.000
  2460, -9999.000
  2520, -9999.000
  2580, -9999.000
  2640, -9999.000
  2700, -9999.000
  2760, -9999.000
  2820, -9999.000
  2880, -9999.000
  2940, -9999.000
  3000, -9999.000
  3060, -9999.000
  3120, -9999.000
  3180, -9999.000
  3240, -9999.000
  3300, -9999.000
  3360, -9999.000
  3420, -9999.000
  3480, -9999.000
  3540, -9999.000
  3600, -9999.000
  3660, -9999.000
  3720, -9999.000
  3780, -9999.000
  3840, -9999.000
  3900, -9999.000
  3960, -9999.000
  4020, -9999.000
  4080, -9999.000
  4140, -9999.000
  4200, -9999.000
  4260, -9999.000
  4320, -9999.000
  4380, -9999.000
  4440, -9999.000
  4500, -9999.000
  4560, -9999.000
  4620, -9999.000
  4680, -9999.000
  4740, -9999.000
  4800, -9999.000
  4860, -9999.000
  4920, -9999.000
  4980, -9999.000
  5040, -9999.000
  5100, -9999.000
  5160, -9999.000
  5220, -9999.000
  5280, -9999.000
  5340, -9999.000
  5400, -9999.000
  5460, -9999.000
  5520, -9999.000
  5580, -9999.000
  5640, -9999.000
  5700, -9999.000
  5760,  1.706
  5820,  1.482
  5880,  1.622
  5940,  1.645
  6000,  1.639
  6060,  1.728
  6120,  2.073
  6180,  2.328
  6240,  4.204
  6300,  4.047
  6360,  4.557
  6420,  4.933
  6480,  5.000
  6540,  5.978
  6600,  5.585
  6660,  5.425
  6720,  5.431
  6780,  5.617
  6840,  6.181
  6900,  5.894
  6960,  6.496
  7020,  6.686
  7080,  7.239
  7140,  6.913
  7200,  6.809
  7260,  7.201
  7320,  7.101
  7380,  6.167
  7440,  6.580
  7500,  7.646
  7560,  7.335
  7620,  6.978
  7680,  6.400
  7740,  6.879
  7800,  8.160
  7860,  7.061
  7920,  7.751
  7980,  7.581
  8040,  6.993
  8100,  6.859
  8160,  7.759
  8220,  8.578
  8280,  8.665
  8340,  7.402
  8400,  8.559
  8460, 11.522
  8520, 11.335
  8580, 10.636
  8640, 11.360
  8700, -9999.000
  8760, 14.921
  8820, 15.038
  8880, 14.244
  8940, 11.865
  9000, 10.974
  9060, 12.180
  9120, 11.981
  9180, 12.427
  9240, 11.491
  9300, 10.177
  9360,  8.151
  9420,  6.422
  9480,  5.360
  9540,  5.320
  9600,  4.658
  9660,  3.860
  9720,  2.927
  9780,  2.772
  9840,  2.083
  9900,  2.146
  9960,  2.243
 10020,  2.281
 10080,  3.232
 10140,  4.384
 10200,  3.424
 10260,  2.088
 10320,  2.120
 10380,  2.324
 10440,  2.131
 10500,  2.095
 10560, -9999.000
 10620,  2.613
 10680,  1.761
 10740,  1.381
 10800,  1.602
 10860,  1.590
 10920,  1.211
 10980,  1.173
 11040,  1.230
 11100,  1.320
 11160,  1.480
 11220,  1.056
 11280,  1.000
 11340,  1.179
 11400,  1.086
 11460,  1.461
 11520,  1.472
 11580,  1.152
 11640,  1.574
 11700,  1.653
 11760,  2.076
 11820,  2.087
 11880,  1.427
 11940,  1.491
 12000,  1.903
 12060,  1.314
 12120,  1.311
 12180,  1.368
 12240,  1.628
 12300,  1.184
 12360,  1.425
 12420, -9999.000
 12480,  1.287
 12540,  1.471
 12600,  1.330
 12660,  1.113
 12720,  2.182
 12780,  2.214
 12840,  2.120
 12900,  2.095
 12960,  1.499
 13020,  1.578
 13080,  1.794
 13140,  1.207
 13200,  1.275
 13260,  1.292
 13320,  1.637
 13380,  1.401
 13440,  1.602
 13500,  1.274
 13560,  1.360
 13620,  1.314
 13680,  1.278
 13740,  1.795
 13800,  1.671
 13860,  1.410
 13920,  1.444
 13980,  1.512
 14040,  1.421
 14100,  1.371
 14160,  1.950
 14220,  2.016
 14280,  2.137
 14340,  1.785
 14400,  1.926
 14460,  1.687
 14520,  1.648
 14580,  1.559
 14640,  1.830
 14700,  1.539
 14760,  1.563
 14820,  1.548
 14880,  1.517
 14940,  1.670
 15000,  1.760
 15060,  1.797
 15120,  2.140
 15180,  2.075
 15240,  2.128
 15300,  2.111
 15360,  1.712
 15420,  1.641
 15480,  2.523
 15540,  2.417
 15600,  2.482
 15660,  2.274
 15720,  3.036
 15780,  2.320
 15840,  2.568
 15900,  3.230
 15960,  3.675
 16020,  3.275
 16080,  5.476
 16140,  9.404
 16200,  3.616
 16260,  2.896
 16320,  2.454
 16380,  3.323
 16440,  2.353
 16500,  2.871
 16560,  3.091
 16620,  2.985
 16680,  2.440
 16740,  3.124
 16800,  6.191
 16860,  6.576
 16920,  6.761
 16980,  6.904
 17040,  7.494
 17100,  7.727
 17160,  9.058
 17220,  8.078
 17280,  5.265
 17340,  4.236
 17400,  4.088
 17460,  4.289
 17520,  7.642
 17580,  6.571
 17640,  4.758
 17700,  7.179
 17760,  4.656
 17820,  3.745
 17880,  2.450
 17940,  1.610
 18000,  2.490
 18060,  2.829
 18120,  4.930
 18180, 10.810
 18240, 15.042
 18300,  5.814
 18360,  4.913
 18420,  6.212
 18480,  9.080
 18540,  9.938
 18600, 12.285
 18660,  7.165
 18720,  9.737
 18780,  8.570
 18840,  9.090
 18900,  7.099
 18960,  3.824
 19020,  2.546
 19080,  2.477
 19140,  2.402
 19200,  2.075
 19260,  1.921
 19320,  1.569
 19380,  1.499
 19440,  1.397
 19500,  1.932
 19560,  2.302
 19620,  1.813
 19680,  2.495
 19740,  2.625
 19800, -9999.000
 19860,  3.970
 19920,  4.217
 19980,  4.229
 20040,  3.760
 20100,  4.472
 20160,  6.358
 20220,  6.232
 20280,  6.284
 20340,  6.928
 20400,  6.318
 20460,  3.826
 20520,  3.066
 20580,  3.727
 20640,  2.575
 20700,  2.122
 20760,  1.929
 20820,  1.878
 20880,  2.095
 20940,  2.566
 21000,  2.573
 21060,  2.647
 21120,  2.328
 21180,  2.035
 21240,  2.511
 21300,  2.744
 21360,  2.743
 21420,  2.584
 21480,  2.132
 21540,  2.527
 21600,  2.680
 21660,  1.927
 21720,  1.945
 21780,  1.703
 21840,  2.224
 21900,  2.073
 21960,  1.696
 22020,  1.825
 22080,  1.675
 22140,  1.799
 22200,  1.723
 22260,  1.594
 22320,  1.780
 22380,  1.867
 22440,  1.639
 22500,  1.812
 22560,  1.771
 22620,  1.589
 22680,  1.685
 22740,  1.883
 22800,  2.100
 22860,  2.428
 22920,  1.973
 22980,  1.791
 23040,  1.543
 23100,  1.481
 23160,  1.383
 23220,  1.551
 23280,  1.814
 23340,  1.245
 23400,  1.817
 23460,  1.742
 23520, -9999.000
 23580,  1.708
 23640,  1.533
 23700,  1.435
 23760,  1.436
 23820,  1.409
 23880,  1.722
 23940,  1.918
 24000,  1.648
 24060,  1.507
 24120,  1.889
 24180,  1.791
 24240,  1.624
 24300,  1.867
 24360,  1.674
 24420,  1.616
 24480,  1.485
 24540,  1.702
 24600,  1.804
 24660,  1.919
 24720,  1.756
 24780,  1.881
 24840,  1.776
 24900,  2.094
 24960,  1.886
 25020,  1.967
 25080,  2.263
 25140,  1.996
 25200,  2.013
 25260,  1.877
 25320,  1.894
 25380,  1.939
 25440,  2.157
 25500,  2.015
 25560,  2.089
 25620,  2.006
 25680,  1.972
 25740,  1.514
 25800,  1.657
 25860,  1.649
 25920,  1.770
 25980,  1.839
 26040,  1.949
 26100,  2.591
 26160,  2.341
 26220,  1.776
 26280,  1.591
 26340,  1.881
 26400,  1.517
 26460,  1.507
 26520,  1.566
 26580,  1.744
 26640,  1.784
 26700,  1.822
 26760,  1.826
 26820,  1.956
 26880,  1.823
 26940,  1.850
 27000,  1.853
 27060,  1.760
 27120,  1.963
 27180, -9999.000
 27240,  1.958
 27300,  1.833
 27360,  2.006
 27420,  1.808
 27480,  1.630
 27540,  4.080
 27600, 17.621
 27660, 26.374
 27720, 20.899
 27780, 21.728
 27840, 24.162
 27900, 22.296
 27960, 15.215
 28020, 14.548
 28080, 17.394
 28140, 20.861
 28200, 24.026
 28260, 23.614
 28320, 24.560
 28380, 22.016
 28440, 22.367
 28500, 20.956
 28560, 19.567
 28620, 17.855
 28680, 23.174
 28740, 24.116
 28800, 21.742
 28860, 18.922
 28920, 25.817
 28980, 26.686
 29040, -9999.000
 29100, 30.972
 29160, 26.129
 29220, 26.992
 29280, 24.114
 29340, 17.151
 29400, 20.110
 29460, 17.744
 29520, 15.073
 29580, 14.147
 29640, 15.127
 29700, 18.661
 29760, 23.531
 29820, 18.563
 29880, 17.284
 29940, 21.637
 30000, 25.453
 30060, 26.661
 30120, 30.262
 30180, 40.099
 30240, 35.453
 30300, 14.287
 30360, 12.300
 30420, 10.611
 30480, 16.312
 30540, 28.843
 30600, 19.226
 30660, 22.499
 30720, 12.547
 30780, 18.880
 30840, 35.087
 30900, -9999.000
 30960, 47.646
 31020, 47.997
 31080, 61.901
 31140, 44.859
 31200, 55.164
 31260, 65.035
 31320, 71.285
 31380, 67.757
 31440, 61.640
 31500, 35.855
 31560, 51.588
 31620, 54.935
 31680, 54.024
 31740, 27.931
 31800, 15.876
 31860, 15.615
 31920, 26.080
 31980, 15.203
 32040, 18.885
 32100, 16.247
 32160, 11.323
 32220,  8.929
 32280, 11.968
 32340, 21.678
 32400, 23.551
 32460, 17.962
 32520, 23.446
 32580, 26.330
 32640, 20.916
 32700, 22.781
 32760, 26.707
 32820, 24.005
 32880, 23.974
 32940, 24.991
 33000, 31.944
 33060, 37.937
 33120, 24.092
 33180, 28.649
 33240, 25.968
 33300, 30.850
 33360, 39.979
 33420, 28.951
 33480, 36.082
 33540, 25.589
 33600, 32.873
 33660, 74.355
 33720, 60.226
 33780, 53.499
 33840, 39.916
 33900, 58.262
 33960, 47.910
 34020, 43.353
 34080, 68.111
 34140, 28.812
 34200, 31.524
 34260, 44.231
 34320, 32.626
 34380, 68.082
 34440, 72.304
 34500, 68.595
 34560, -9999.000
 34620, 55.487
 34680, 37.541
 34740, 74.020
 34800, 49.560
 34860, 34.387
 34920, 48.182
 34980, 44.789
 35040, 40.819
 35100, 37.540
 35160, 32.800
 35220, 28.602
 35280, 24.240
 35340, 21.296
 35400, 14.977
 35460, 13.628
 35520,  9.803
 35580,  6.283
 35640,  4.888
 35700,  3.472
 35760,  3.977
 35820,  3.601
 35880,  4.119
 35940,  4.483
 36000,  3.970
 36060,  3.715
 36120,  5.860
 36180,  3.159
 36240,  3.807
 36300,  3.798
 36360,  3.039
 36420,  1.060
 36480,  3.061
 36540,  3.615
 36600,  4.204
 36660,  5.077
 36720,  4.165
 36780,  3.682
 36840,  4.346
 36900,  5.661
 36960,  4.833
 37020,  4.767
 37080,  4.906
 37140,  4.950
 37200,  4.245
 37260,  3.838
 37320,  4.551
 37380,  4.445
 37440,  3.904
 37500,  3.575
 37560,  3.946
 37620,  3.248
 37680,  2.970
 37740,  3.817
 37800, 11.580
 37860,  6.855
 37920,  8.750
 37980, 17.024
 38040, 19.168
 38100, 15.809
 38160, 14.860
 38220, 17.618
 38280, -9999.000
 38340,  9.376
 38400,  7.806
 38460,  6.500
 38520,  6.253
 38580,  5.131
 38640,  4.210
 38700,  3.611
 38760,  4.695
 38820,  7.203
 38880,  6.775
 38940,  9.547
 39000, 17.479
 39060, 26.561
 39120, 29.285
 39180, 21.961
 39240, 15.268
 39300, 16.318
 39360, 16.310
 39420, 20.832
 39480, 18.390
 39540, 21.463
 39600, 21.687
 39660, 18.671
 39720, 18.480
 39780, 17.523
 39840, 12.328
 39900, 13.415
 39960, 15.753
 40020, 15.932
 40080, 14.618
 40140, 10.990
 40200, 11.869
 40260, 12.262
 40320, 11.832
 40380, 18.894
 40440, 28.290
 40500, 39.254
 40560, 43.966
 40620, 36.324
 40680, 38.529
 40740, 28.912
 40800, 15.797
 40860, 25.150
 40920, 30.302
 40980, 31.119
 41040, 36.193
 41100, 38.778
 41160, 31.833
 41220, 31.116
 41280, 32.333
 41340, 31.862
 41400, 28.442
 41460, 26.374
 41520, 13.635
 41580, 17.132
 41640, 22.656
 41700, 18.108
 41760, 26.481
 41820, 27.682
 41880, 24.521
 41940, 28.528
 42000, -9999.000
 42060,  5.807
 42120, 18.910
 42180, 13.358
 42240,  6.575
 42300, 10.511
 42360, 24.138
 42420, 22.405
 42480,  9.665
 42540,  9.055
 42600, 14.607
 42660, 10.677
 42720,  7.477
 42780, 11.762
 42840, 10.958
 42900, 13.493
 42960,  7.350
 43020,  6.464
 43080,  9.754
 43140, 19.279
 43200, 12.774
 43260, 17.735
 43320, 18.945
 43380, 16.776
 43440,  9.683
 43500, 14.263
 43560, 16.162
 43620, 13.816
 43680, 18.543
 43740, 27.484
 43800, 13.385
 43860, 16.315
 43920, 18.805
 43980,  9.595
 44040, 15.562
 44100, 20.484
 44160, 16.049
 44220, 17.256
 44280, 28.629
 44340, 26.488
 44400, 20.458
 44460, 17.894
 44520, 14.856
 44580, 22.008
 44640, 20.197
 44700, 16.067
 44760, 12.648
 44820,  5.505
 44880,  4.019
 44940,  5.522
 45000,  7.794
 45060, 13.168
 45120, 14.730
 45180, 11.826
 45240, 11.478
 45300,  8.172
 45360,  8.148
 45420,  6.534
 45480,  6.546
 45540,  6.596
 45600,  6.566
 45660, -9999.000
 45720,  5.659
 45780,  6.497
 45840,  7.050
 45900,  6.581
 45960,  6.176
 46020,  5.503
 46080,  5.577
 46140,  5.601
 46200,  5.514
 46260,  5.739
 46320,  6.335
 46380,  5.580
 46440,  4.831
 46500,  4.985
 46560,  3.994
 46620,  3.381
 46680,  3.949
 46740,  5.221
 46800, -9999.000
 46860, -9999.000
 46920, -9999.000
 46980, -9999.000
 47040, -9999.000
 47100, -9999.000
 47160, -9999.000
 47220, -9999.000
 47280, -9999.000
 47340, -9999.000
 47400, -9999.000
 47460, -9999.000
 47520, -9999.000
 47580, -9999.000
 47640, -9999.000
 47700, -9999.000
 47760, -9999.000
 47820, -9999.000
 47880, -9999.000
 47940, -9999.000
 48000, -9999.000
 48060, -9999.000
 48120, -9999.000
 48180, -9999.000
 48240, -9999.000
 48300, -9999.000
 48360, -9999.000
 48420, -9999.000
 48480, -9999.000
 48540, -9999.000
 48600, -9999.000
 48660, -9999.000
 48720, -9999.000
 48780, -9999.000
 48840, -9999.000
 48900, -9999.000
 48960, -9999.000
 49020, -9999.000
 49080, -9999.000
 49140, -9999.000
 49200, -9999.000
 49260, -9999.000
 49320, -9999.000
 49380, -9999.000
 49440, -9999.000
 49500, -9999.000
 49560, -9999.000
 49620, -9999.000
 49680, -9999.000
 49740, -9999.000
 49800, -9999.000
 49860, -9999.000
 49920, -9999.000
 49980, -9999.000
 50040, -9999.000
 50100, -9999.000
 50160, -9999.000
 50220, -9999.000
 50280, -9999.000
 50340, -9999.000
 50400, -9999.000
 50460, -9999.000
 50520, -9999.000
 50580, -9999.000
 50640, -9999.000
 50700, -9999.000
 50760, -9999.000
 50820, -9999.000
 50880, -9999.000
 50940, -9999.000
 51000, -9999.000
 51060, -9999.000
 51120, -9999.000
 51180, -9999.000
 51240, -9999.000
 51300, -9999.000
 51360, -9999.000
 51420, -9999.000
 51480, -9999.000
 51540, -9999.000
 51600, -9999.000
 51660, -9999.000
 51720, -9999.000
 51780, -9999.000
 51840, -9999.000
 51900, -9999.000
 51960, -9999.000
 52020, -9999.000
 52080, -9999.000
 52140, -9999.000
 52200, -9999.000
 52260, -9999.000
 52320, -9999.000
 52380, -9999.000
 52440, -9999.000
 52500, -9999.000
 52560, -9999.000
 52620, -9999.000
 52680, -9999.000
 52740, -9999.000
 52800, -9999.000
 52860, -9999.000
 52920, -9999.000
 52980, -9999.000
 53040, -9999.000
 53100, -9999.000
 53160, -9999.000
 53220, -9999.000
 53280, -9999.000
 53340, -9999.000
 53400, -9999.000
 53460, -9999.000
 53520, -9999.000
 53580, -9999.000
 53640, -9999.000
 53700, -9999.000
 53760, -9999.000
 53820, -9999.000
 53880, -9999.000
 53940, -9999.000
 54000, -9999.000
 54060, -9999.000
 54120, -9999.000
 54180, -9999.000
 54240, -9999.000
 54300, -9999.000
 54360, -9999.000
 54420, -9999.000
 54480, -9999.000
 54540, -9999.000
 54600, -9999.000
 54660, -9999.000
 54720, -9999.000
 54780, -9999.000
 54840, -9999.000
 54900, -9999.000
 54960, -9999.000
 55020, -9999.000
 55080, -9999.000
 55140, -9999.000
 55200, -9999.000
 55260, -9999.000
 55320, -9999.000
 55380, -9999.000
 55440, -9999.000
 55500, -9999.000
 55560, -9999.000
 55620, -9999.000
 55680, -9999.000
 55740, -9999.000
 55800, -9999.000
 55860, -9999.000
 55920, -9999.000
 55980, -9999.000
 56040, -9999.000
 56100, -9999.000
 56160, -9999.000
 56220, -9999.000
 56280, -9999.000
 56340, -9999.000
 56400, -9999.000
 56460, -9999.000
 56520, -9999.000
 56580, -9999.000
 56640, -9999.000
 56700, -9999.000
 56760, -9999.000
 56820, -9999.000
 56880, -9999.000
 56940, -9999.000
 57000, -9999.000
 57060, -9999.000
 57120, -9999.000
 57180, -9999.000
 57240, -9999.000
 57300, -9999.000
 57360, -9999.000
 57420, -9999.000
 57480, -9999.000
 57540, -9999.000
 57600, -9999.000
 57660, -9999.000
 57720, -9999.000
 57780, -9999.000
 57840, -9999.000
 57900, -9999.000
 57960, -9999.000
 58020, -9999.000
 58080, -9999.000
 58140, -9999.000
 58200, -9999.000
 58260, -9999.000
 58320, -9999.000
 58380, -9999.000
 58440, -9999.000
 58500, -9999.000
 58560, -9999.000
 58620, -9999.000
 58680, -9999.000
 58740, -9999.000
 58800, -9999.000
 58860, -9999.000
 58920, -9999.000
 58980, -9999.000
 59040, -9999.000
 59100, -9999.000
 59160, -9999.000
 59220, -9999.000
 59280, -9999.000
 59340, -9999.000
 59400, -9999.000
 59460, -9999.000
 59520, -9999.000
 59580, -9999.000
 59640, -9999.000
 59700, -9999.000
 59760, -9999.000
 59820, -9999.000
 59880, -9999.000
 59940, -9999.000
