CampaignData_and_Merges/R0/CSL_MobileLab_Parked/raw/20240803/USOS-HCHO_MobileLabGround_20240803_R0.ict
35,1001
Huang, Yaoxian
Wayne State University
Picarro G2307 on CSL Mobile Lab
USOS
1,1
2024,08,03,2025,03,31
1.0
Time_Start,seconds_since_midnight,number_of_seconds_since_0000_UTC
3
1.0,1.0,1.0
-9999.0,-9999.0,-9999.0
HCHO,ppbv,Gas_HCHO_InSitu_S_AVMR,volume mixing ratio of formaldehyde in air
H2O,ppmv,Gas_H2O_InSitu_S_AVMR,volume mixing ratio of water vapor in air
CH4,ppmv,Gas_CH4_InSitu_S_AVMR,volume mixing ratio of methane in air
0
18
PI_CONTACT_INFO: yaoxian.huang@wayne.edu
PLATFORM: CSL Mobile Lab, at Ground Site
LOCATION: Salt Lake City, UT
ASSOCIATED_DATA: N/A
INSTRUMENT_INFO: Cavity Ring-Down Spectrometer
DATA_INFO: Data is averaged to 1 minute intervals for stationary and 1 second interval for driving. Stationary data collected from a 20 ft tower on top of the mobile lab. On drive days, for parked data, anytime the mobile lab is driving, report as missing data in the parked files.
UNCERTAINTY: N/A
ULOD_FLAG: -7777
ULOD_VALUE: N/A
LLOD_FLAG: -8888
LLOD_VALUE: N/A
DM_CONTACT_INFO: Yaoxian Huang; yaoxian.huang@wayne.edu
PROJECT_INFO: USOS, Summer 2024. https://csl.noaa.gov/groups/csl7/measurements/2024usos/
STIPULATIONS_ON_USE: Users are strongly encouraged to contact the PI for proper data usage.
OTHER_COMMENTS: Data have been shifted backwards by 1 minute to align with USOS MetNav and Picarro GHG data.
REVISION: R0
R0: Final Data
Time_Start,HCHO,H2O,CH4
0,4.10691,10268.0,1.97294
60,4.14104,10398.8,1.97408
120,4.01684,10186.7,1.96911
180,3.73691,9947.73,1.9711
240,3.8927,10181.8,1.97426
300,3.90312,10395.9,1.97178
360,3.72723,9652.35,1.97204
420,4.31008,10217.1,1.97144
480,3.93385,9698.85,1.97101
540,3.9123,9869.97,1.9754
600,3.9678,10007.1,1.97351
660,4.16025,10339.6,1.97155
720,5.18514,10900.6,1.97237
780,6.12758,10791.7,1.97285
840,5.26592,10309.0,1.97294
900,3.86769,10176.4,1.97541
960,3.61079,10086.7,1.97221
1020,4.02492,10091.4,1.97319
1080,6.51732,10286.6,1.973
1140,4.47423,10322.2,1.97133
1200,3.88676,9991.16,1.97256
1260,3.79599,10174.1,1.97384
1320,3.89543,9999.64,1.97265
1380,3.73047,10364.5,1.97293
1440,3.79939,10619.1,1.97381
1500,3.86635,10637.3,1.9757
1560,4.02233,10581.0,1.97488
1620,3.91834,10513.7,1.9733
1680,3.78084,10184.3,1.97383
1740,3.64597,10306.7,1.97478
1800,3.76354,10460.7,1.97444
1860,3.96183,10333.4,1.97412
1920,3.72009,9754.12,1.97354
1980,3.81775,9889.3,1.97585
2040,3.66377,10139.8,1.97403
2100,3.65179,10261.2,1.97602
2160,3.89229,10315.0,1.97481
2220,3.65315,10542.3,1.97596
2280,3.61928,10082.6,1.97762
2340,3.75991,10125.0,1.98102
2400,3.47404,10160.9,1.97588
2460,3.56265,9947.99,1.9757
2520,3.57171,10007.6,1.97734
2580,3.57131,9999.05,1.97401
2640,3.29304,9872.91,1.97386
2700,3.75541,10134.9,1.97491
2760,3.57814,10005.8,1.97414
2820,3.62577,10319.2,1.97546
2880,3.67066,10358.1,1.97743
2940,3.78323,10451.8,1.97701
3000,3.67095,9945.45,1.97601
3060,3.62876,10066.6,1.97689
3120,3.69356,10421.7,1.9772
3180,3.83173,10315.5,1.97867
3240,3.82763,10313.7,1.97435
3300,3.70035,10210.8,1.97405
3360,3.5252,10301.7,1.97707
3420,3.90638,10220.8,1.97556
3480,3.82219,10451.2,1.9753
3540,3.89885,10844.0,1.97452
3600,3.98027,10667.7,1.9768
3660,3.94789,11184.0,1.97686
3720,3.99271,11058.7,1.97983
3780,4.08284,11130.8,1.98264
3840,3.96474,11155.0,1.98269
3900,4.08434,10926.3,1.97934
3960,3.67091,10553.2,1.97858
4020,3.77896,10684.4,1.97736
4080,3.62361,10368.0,1.97893
4140,3.84448,10537.2,1.97591
4200,3.45361,10328.1,1.97763
4260,3.27799,10361.7,1.97281
4320,3.61762,10704.2,1.97512
4380,3.55249,10671.4,1.97625
4440,3.48622,10333.6,1.97781
4500,3.43491,10470.0,1.97747
4560,3.38239,10136.3,1.97442
4620,3.04065,9855.87,1.97534
4680,3.07341,9851.46,1.97597
4740,3.1479,9897.54,1.97801
4800,3.03044,9654.2,1.97273
4860,3.37437,9675.24,1.97619
4920,3.18967,10093.3,1.97326
4980,3.4152,9948.61,1.9772
5040,3.29264,10042.8,1.97859
5100,3.46656,9988.09,1.97771
5160,3.367,9861.55,1.98017
5220,3.29567,9983.13,1.97693
5280,3.17667,10079.6,1.98035
5340,3.2116,9960.97,1.97982
5400,3.38322,10091.6,1.98077
5460,3.37016,10131.2,1.97731
5520,3.66429,10108.0,1.97804
5580,3.13122,9806.11,1.97342
5640,3.23263,10015.4,1.9739
5700,3.05914,10040.7,1.97362
5760,3.20513,9885.33,1.97577
5820,3.26994,9699.7,1.97437
5880,3.33993,9822.2,1.97242
5940,2.97594,9961.32,1.97266
6000,3.16723,9867.18,1.97308
6060,3.45013,10076.0,1.97394
6120,3.19777,10062.9,1.97595
6180,3.33826,10181.8,1.97757
6240,3.10056,9763.63,1.97907
6300,3.33778,9883.23,1.97749
6360,3.30991,10040.1,1.97931
6420,3.24017,10098.3,1.97827
6480,3.35872,10166.0,1.9819
6540,3.36432,10079.5,1.98545
6600,3.15953,10227.9,1.98327
6660,3.23149,10298.1,1.98344
6720,3.29988,10251.3,1.98457
6780,3.11055,9985.6,1.98491
6840,3.21889,10027.8,1.98712
6900,3.51103,10566.3,1.98638
6960,3.27452,10493.0,1.98795
7020,3.54759,10596.1,1.98891
7080,3.40854,10690.5,1.99006
7140,3.41397,10542.4,1.99007
7200,3.81277,10565.3,1.98881
7260,3.62033,10595.4,1.98666
7320,3.54222,10599.2,1.98771
7380,3.40058,10224.7,1.98665
7440,3.53981,10319.1,1.98645
7500,3.2625,10230.3,1.98531
7560,3.13701,10017.5,1.98185
7620,3.72508,10010.1,1.98217
7680,3.59916,10157.0,1.98572
7740,3.35383,10406.0,1.98801
7800,3.48869,10043.4,1.98922
7860,3.59067,10392.0,1.99471
7920,3.64141,10289.2,1.99361
7980,3.59572,10206.0,1.99356
8040,3.45042,10268.2,1.99239
8100,3.69853,10415.9,1.99326
8160,3.42275,10117.2,1.99355
8220,3.40335,10120.4,1.98962
8280,3.44495,10529.2,1.99575
8340,3.66359,10719.9,1.99294
8400,3.96892,10786.3,1.9966
8460,3.76409,10661.5,1.99795
8520,4.00849,11123.2,2.00198
8580,4.20708,11481.1,2.0042
8640,4.39336,11548.3,2.00389
8700,4.58988,11557.0,2.00718
8760,4.67305,11879.0,2.00775
8820,4.82061,11827.3,2.00869
8880,4.94439,12135.2,2.00839
8940,5.02342,12270.1,2.00564
9000,5.09509,12300.4,2.01105
9060,5.06077,12337.5,2.00853
9120,5.15576,12408.4,2.00821
9180,5.09754,12488.3,2.01071
9240,5.13353,12461.6,2.01123
9300,5.11073,12459.9,2.01039
9360,5.12151,12579.2,2.01037
9420,5.25576,12678.3,2.00782
9480,5.23434,12650.4,2.01039
9540,5.47875,12912.4,2.01186
9600,5.49802,13001.3,2.01105
9660,5.64224,13075.8,2.0128
9720,4.93013,12613.2,2.00389
9780,5.24481,12757.3,2.00225
9840,4.71267,12230.5,1.99235
9900,4.95698,12316.3,1.99183
9960,5.08283,12342.9,1.99199
10020,5.20026,12249.7,1.99114
10080,5.26264,12430.1,1.99533
10140,5.19799,12270.3,1.99089
10200,5.13821,12204.4,1.98982
10260,4.78666,12027.5,1.98952
10320,5.09183,12179.8,1.98813
10380,5.16795,12232.9,1.99152
10440,5.05249,12275.1,1.98985
10500,5.33777,12328.5,1.99112
10560,5.40473,12106.8,1.99435
10620,5.29014,12271.9,1.99163
10680,5.48373,12301.5,1.99305
10740,5.32393,12337.6,1.98894
10800,5.34123,12300.5,1.98799
10860,5.19594,12350.0,1.99105
10920,5.3855,12369.4,1.99226
10980,5.43249,12353.9,1.98818
11040,5.56032,12404.4,1.98942
11100,5.37766,12446.6,1.98897
11160,5.53167,12495.4,1.98784
11220,5.60985,12508.7,1.98714
11280,5.31191,12489.5,1.98556
11340,5.21658,12437.6,1.9839
11400,5.38398,12446.5,1.98512
11460,5.66907,12463.7,1.98308
11520,5.35263,12461.1,1.98025
11580,5.46674,12367.4,1.98347
11640,5.46372,12475.8,1.98749
11700,5.48633,12413.3,1.98266
11760,5.52898,12468.0,1.98369
11820,5.35929,12340.3,1.98205
11880,5.24828,12191.0,1.97829
11940,5.26259,12145.9,1.977
12000,5.3376,12171.5,1.97633
12060,4.94675,12017.6,1.97587
12120,4.92256,11996.7,1.9735
12180,5.20573,11947.7,1.97381
12240,5.12786,11900.9,1.97457
12300,5.18149,11820.1,1.97423
12360,5.23851,11868.1,1.97182
12420,4.99268,11820.8,1.97319
12480,4.91841,11962.9,1.97277
12540,5.21336,11879.7,1.97285
12600,5.11485,11780.6,1.97152
12660,5.0795,11740.7,1.97203
12720,5.07528,11719.5,1.97331
12780,5.11626,11746.3,1.97049
12840,4.95802,11812.7,1.971
12900,5.10973,11801.5,1.97071
12960,5.00156,11845.0,1.97087
13020,4.90211,11958.9,1.96981
13080,5.08872,11881.2,1.97357
13140,4.98152,12156.9,1.97049
13200,4.93862,12176.3,1.9699
13260,4.81815,11556.5,1.97319
13320,4.99448,11519.0,1.96991
13380,5.12745,11499.2,1.97085
13440,5.05042,11742.1,1.97116
13500,4.86541,11345.3,1.96728
13560,4.86279,11359.2,1.96804
13620,4.88211,11402.8,1.96793
13680,4.85678,11397.7,1.97128
13740,5.00437,11488.2,1.97164
13800,4.93825,11510.2,1.97206
13860,5.01815,11491.8,1.9703
13920,5.06134,11363.3,1.97216
13980,4.89306,11517.4,1.97283
14040,4.92312,11430.8,1.96964
14100,5.1788,11410.3,1.96925
14160,5.0673,11625.1,1.96969
14220,5.06897,11590.9,1.96883
14280,4.83032,11387.3,1.97169
14340,4.88049,11470.2,1.96641
14400,5.0744,11486.0,1.97113
14460,4.76096,11462.9,1.97045
14520,5.03318,11530.5,1.96794
14580,4.99019,11787.2,1.96951
14640,4.94887,11334.2,1.96811
14700,4.96191,11467.3,1.96937
14760,4.88805,11386.3,1.97153
14820,4.9064,11359.1,1.96875
14880,4.90199,11195.2,1.97063
14940,4.90584,11150.0,1.96953
15000,4.83908,11261.7,1.96805
15060,4.9124,11458.8,1.97176
15120,4.95214,11195.0,1.96921
15180,5.02149,11260.3,1.96886
15240,4.97092,11757.3,1.97096
15300,4.903,11645.1,1.97035
15360,5.09815,11209.4,1.96738
15420,5.06497,11137.2,1.97028
15480,5.04453,11148.7,1.97005
15540,4.86799,11148.1,1.96874
15600,5.06917,11186.3,1.97067
15660,4.78533,11027.1,1.97017
15720,5.0253,11145.4,1.9707
15780,5.11887,11049.8,1.97033
15840,5.14921,11292.5,1.97428
15900,5.18504,11243.7,1.97331
15960,5.09648,11232.7,1.97249
16020,4.97733,11136.1,1.97355
16080,5.27407,11278.0,1.97518
16140,5.30605,11287.6,1.97308
16200,5.0189,11277.1,1.97138
16260,5.02925,11254.7,1.97174
16320,4.8309,10984.2,1.96981
16380,4.858,11167.9,1.97083
16440,4.94606,11119.4,1.96927
16500,4.85096,10945.9,1.97143
16560,5.04378,11176.3,1.96965
16620,4.81207,11294.0,1.96918
16680,4.98942,11157.5,1.97036
16740,4.77367,11258.8,1.9732
16800,5.14662,11404.1,1.97342
16860,5.09728,11573.0,1.97594
16920,4.96386,11126.9,1.97434
16980,5.07161,11170.3,1.97614
17040,4.9628,11583.5,1.97642
17100,5.02371,11245.8,1.97578
17160,5.05866,11363.3,1.97446
17220,4.91918,11230.8,1.97892
17280,4.8743,11146.7,1.97686
17340,4.87269,11328.3,1.9769
17400,4.83294,11060.2,1.97836
17460,4.79683,11347.2,1.9851
17520,5.11338,11506.9,1.98414
17580,5.09056,11401.6,1.98352
17640,4.75033,11174.6,1.98088
17700,4.78293,10927.2,1.97934
17760,4.65724,10980.4,1.98108
17820,4.65605,11245.0,1.97568
17880,4.38153,10752.1,1.97165
17940,4.35288,10534.5,1.97316
18000,3.94932,10456.9,1.97052
18060,4.27074,10579.9,1.96771
18120,4.4327,10718.3,1.97227
18180,4.44729,10746.4,1.9742
18240,4.82076,10832.5,1.97591
18300,5.05582,11432.1,1.98628
18360,4.9785,11728.2,1.9862
18420,4.92557,11571.7,1.99327
18480,4.81949,11085.0,1.9882
18540,4.55038,11209.7,1.98719
18600,4.86043,10996.2,1.98791
18660,4.4318,10711.9,1.97624
18720,4.25464,10695.6,1.97322
18780,4.32694,10695.0,1.97068
18840,4.21606,10832.9,1.97281
18900,4.18909,10735.3,1.97426
18960,4.05976,10509.9,1.96778
19020,4.08352,10452.9,1.9651
19080,4.04542,10470.6,1.96297
19140,3.88565,10468.8,1.96517
19200,3.91515,10527.5,1.96489
19260,3.92397,10449.8,1.96616
19320,3.74482,10706.3,1.96355
19380,3.94994,10623.8,1.96321
19440,4.00364,10375.5,1.96381
19500,3.88002,10506.6,1.96455
19560,4.0045,10507.4,1.9665
19620,4.06565,10614.9,1.98049
19680,4.24889,10669.7,1.97682
19740,4.11524,10743.8,1.97538
19800,4.16291,10906.5,1.98481
19860,4.70164,11059.1,1.99524
19920,4.55774,10991.7,1.98923
19980,4.75036,11006.2,1.98867
20040,4.62008,11237.2,1.98631
20100,4.70863,11318.7,1.98815
20160,4.68699,11123.0,1.98624
20220,4.4643,11313.5,1.98772
20280,4.5887,11416.8,1.98849
20340,4.86809,11326.7,1.9889
20400,4.6859,11141.2,1.98418
20460,4.30529,10458.4,1.97088
20520,4.06576,10315.0,1.97147
20580,4.28524,10779.4,1.98227
20640,4.07499,10355.6,1.96586
20700,3.92869,10216.2,1.96677
20760,4.47291,10203.6,1.96877
20820,4.41609,10356.7,1.97569
20880,4.03887,10169.9,1.96868
20940,3.95716,10205.7,1.96967
21000,4.09236,10060.5,1.96423
21060,3.93606,10437.1,1.9671
21120,4.05679,10139.4,1.96888
21180,3.96741,9837.61,1.96215
21240,3.68917,10020.9,1.96037
21300,3.86195,9914.19,1.96311
21360,3.80416,10297.3,1.96237
21420,3.85814,10125.1,1.96496
21480,3.85482,10226.6,1.96463
21540,3.80061,9885.91,1.96252
21600,3.94655,9825.02,1.96117
21660,3.55714,9786.57,1.95933
21720,3.789,9831.6,1.95998
21780,3.79002,9798.58,1.95854
21840,3.77849,9914.44,1.95783
21900,3.71116,9846.96,1.96124
21960,3.74344,9844.21,1.95851
22020,3.76885,9927.91,1.95814
22080,3.50555,9812.7,1.95779
22140,3.79663,9838.89,1.96105
22200,3.83237,9854.41,1.95963
22260,3.70459,9864.53,1.95731
22320,3.59035,9782.19,1.95618
22380,3.74507,9946.06,1.95982
22440,3.46546,9908.14,1.95918
22500,3.463,9542.19,1.95724
22560,3.63207,9640.05,1.95913
22620,3.73777,9570.6,1.95677
22680,3.67308,9576.05,1.95954
22740,3.67306,9633.65,1.95805
22800,3.54769,9570.15,1.96001
22860,3.48582,9420.73,1.9577
22920,3.50086,9405.19,1.9544
22980,3.32154,9459.94,1.95286
23040,3.21881,9277.72,1.95557
23100,3.29328,9271.31,1.95229
23160,3.26574,9327.99,1.95264
23220,3.52545,9294.19,1.95569
23280,3.33189,9226.85,1.95527
23340,3.3866,9164.59,1.9536
23400,3.47699,9226.67,1.95395
23460,3.42849,9181.9,1.95311
23520,3.3027,9264.87,1.95091
23580,3.00189,9065.57,1.95066
23640,3.24879,9067.37,1.95283
23700,3.35452,9139.5,1.95263
23760,3.45502,9317.05,1.95166
23820,3.2484,9182.56,1.95324
23880,3.26975,9350.92,1.95369
23940,3.53141,9393.05,1.95422
24000,3.436,9052.87,1.95354
24060,3.48801,8931.54,1.95264
24120,3.22288,8578.42,1.95174
24180,3.29828,9081.38,1.9558
24240,3.47766,9133.79,1.95669
24300,3.10794,8948.83,1.95069
24360,3.25097,8821.52,1.95055
24420,3.15482,8753.43,1.95204
24480,3.21012,8772.68,1.95097
24540,3.09375,8964.88,1.95119
24600,3.35481,8877.59,1.95079
24660,3.05568,8730.59,1.94892
24720,3.08064,8742.88,1.95039
24780,2.98492,8634.21,1.94795
24840,3.05595,9008.03,1.94832
24900,3.10756,8757.08,1.95123
24960,3.19774,8804.11,1.94858
25020,3.28664,8772.1,1.9499
25080,3.07486,8901.61,1.95135
25140,2.82137,8550.04,1.94921
25200,3.0051,8699.73,1.94837
25260,3.18902,8887.56,1.95038
25320,3.21622,8818.97,1.95389
25380,3.04755,8885.91,1.95195
25440,2.98642,8882.15,1.95062
25500,3.07426,9012.55,1.95166
25560,2.94543,8853.78,1.95439
25620,3.32878,8767.44,1.94954
25680,2.94551,8783.93,1.95079
25740,3.25293,8863.51,1.95146
25800,2.94535,8840.11,1.95119
25860,2.96432,8561.69,1.94982
25920,2.68385,8576.34,1.94701
25980,2.76072,8355.33,1.9487
26040,2.89466,8553.06,1.94817
26100,2.94453,8580.55,1.94917
26160,3.06114,8682.7,1.94952
26220,2.92864,8497.31,1.948
26280,2.96647,8499.48,1.95184
26340,2.78324,8549.62,1.95183
26400,2.75501,8511.55,1.94903
26460,2.49979,8822.79,1.95236
26520,2.7491,8621.71,1.95503
26580,2.98497,8389.61,1.95465
26640,2.92748,8481.68,1.9556
26700,2.84048,8505.01,1.95514
26760,2.78674,8275.42,1.95239
26820,2.76208,8563.76,1.95138
26880,2.73355,8343.28,1.95182
26940,2.97742,8335.3,1.95513
27000,2.80559,8454.97,1.95569
27060,2.87101,8398.67,1.95311
27120,2.63524,8253.86,1.95412
27180,2.46345,8227.27,1.95145
27240,2.49387,8142.44,1.94893
27300,2.69549,8120.99,1.95091
27360,2.50573,8225.33,1.95433
27420,2.46619,8213.8,1.95451
27480,2.38251,8338.66,1.95303
27540,2.64092,8332.02,1.96111
27600,3.27153,8995.74,1.96885
27660,3.37414,9371.85,1.9753
27720,3.53202,9636.19,1.97522
27780,3.63203,9636.26,1.97823
27840,3.73244,9745.41,1.98483
27900,3.6448,9773.38,1.98664
27960,3.9439,9950.12,1.98581
28020,3.40348,9559.76,1.9793
28080,3.38208,9677.54,1.98266
28140,3.88972,9856.95,1.98616
28200,3.66472,9926.21,1.99012
28260,3.82068,10004.9,1.99353
28320,3.67676,10026.9,1.9906
28380,3.94333,10081.8,1.99071
28440,3.5513,9867.68,1.98982
28500,3.84443,9960.92,1.99303
28560,3.84149,9888.52,1.99315
28620,4.07278,9992.71,1.99585
28680,3.8255,9902.41,1.9956
28740,3.66228,9720.21,1.99446
28800,3.92666,9717.23,1.99071
28860,3.78006,9897.39,1.9948
28920,3.78782,10007.5,2.00258
28980,3.82068,10116.9,2.00734
29040,4.06551,10049.7,2.00625
29100,3.92231,10049.3,2.00658
29160,3.93178,9963.18,2.0018
29220,3.88874,10078.1,2.00235
29280,3.77712,9937.69,2.00083
29340,3.70507,9944.69,2.0023
29400,3.69928,9890.19,1.9971
29460,3.38245,9479.87,1.9893
29520,3.39357,8980.33,1.97895
29580,3.12065,9179.22,1.98204
29640,3.26527,9106.14,1.98095
29700,3.34282,9182.76,1.98518
29760,3.12064,9168.21,1.99598
29820,3.27948,9302.41,1.9933
29880,3.54586,9259.41,1.99312
29940,3.34162,9075.69,1.9964
30000,3.32123,9049.38,1.99678
30060,3.33575,9251.53,2.00235
30120,3.42245,9311.39,2.00413
30180,3.44423,9509.56,2.00705
30240,3.5172,9412.79,2.01571
30300,3.77693,10354.2,2.00851
30360,3.90258,10280.7,2.00942
30420,3.65654,10023.5,2.00608
30480,3.72426,10196.0,2.00932
30540,3.22286,9465.45,2.0061
30600,3.72117,9570.54,2.01128
30660,3.80022,9737.93,2.02569
30720,3.80132,9790.65,2.03228
30780,3.68237,9770.18,2.03644
30840,3.53763,9667.76,2.05399
30900,3.64226,9549.89,2.06239
30960,3.62921,9456.66,2.07411
31020,3.69941,9478.71,2.06377
31080,3.89977,9369.41,2.07158
31140,3.83188,9394.38,2.07231
31200,3.63404,9420.08,2.07067
31260,3.57058,9377.43,2.07027
31320,4.01608,9445.52,2.0666
31380,3.8992,9383.98,2.05808
31440,3.88819,9301.56,2.05744
31500,3.9505,9398.92,2.06272
31560,3.95903,9429.37,2.06717
31620,3.95534,9582.74,2.06548
31680,3.85366,9632.35,2.05993
31740,4.05795,9820.46,2.05718
31800,3.85156,9959.85,2.05207
31860,3.89092,10132.5,2.05202
31920,3.90517,9869.51,2.05415
31980,4.05181,10134.4,2.0518
32040,3.87275,9892.07,2.04534
32100,3.54805,9664.32,2.03411
32160,3.64188,9758.2,2.03145
32220,3.82829,9899.49,2.03822
32280,3.78703,9830.89,2.02943
32340,3.88948,9978.09,2.04462
32400,3.54664,10015.5,2.04271
32460,4.1516,10121.8,2.04438
32520,3.74464,9968.55,2.04215
