CampaignData_and_Merges/R0/CSL_MobileLab_Parked/raw/20240803/USOS-MetNav_MobileLabGround_20240803_R0.ict
44, 1001
Carrie Womack, Nate Howard, Mike Zucker
NOAA Chemical Sciences Laboratory
Mobile Lab MetNav Station
USOS
1, 1
2024, 08, 03, 2024, 12, 21
60
Time_Start, seconds_past_midnight, Seconds from midnight UTC
11
1, 1, 1, 1, 1, 1, 1, 1, 1, 1, 1
-9999, -9999, -9999, -9999, -9999, -9999, -9999, -9999, -9999, -9999, -9999
GPS_Alt_m, meters, Altitude from Differential GPS
GPS_Course_deg, degrees, Course from Differential GPS
GPS_GndSpd_m_s, m/s, Ground Speed from Differential GPS
GPS_Heading_deg, degrees, Heading from Differential GPS
GPS_Lat_deg, degrees, Latitude from Differential GPS
GPS_Lon_deg, degrees, Longitude from Differential GPS
AirTemp_C, Celsius, Air Temperature from Airmar
RelHumidity_pct, percent, Relative Humidity from Airmar
Pressure_mb, millibars, Pressure from Honeywell
WindDir_calc_deg, degrees, Wind Direction from Airmar corrected for van movement
WindSpd_calc_m_s, m/s, Wind Speed from Airmar corrected for van movement
1
SPECIAL COMMENTS:
18
PI_CONTACT_INFO: Address: 325 Broadway R/CSL7, Boulder, CO, 80305
PLATFORM: CSL Mobile Lab
LOCATION: Salt Lake City, UT
ASSOCIATED_DATA: N/A
INSTRUMENT_INFO: N/A
DATA_INFO: Units:
UNCERTAINTY: N/A
ULOD_FLAG: -7777
ULOD_VALUE: N/A
LLOD_FLAG: -8888
LLOD_VALUE: N/A
DM_CONTACT_INFO: Data Manager: Nate Howard
PROJECT_INFO: 
STIPULATIONS_ON_USE: Use of these data require prior ok from PI.
OTHER_COMMENTS: 
REVISION: R0
R0: Final data. Fixed bug in wind averaging code. RA: Preliminary Data. For in-field use only. 
Time_Start, GPS_Alt_m, GPS_Course_deg, GPS_GndSpd_m_s, GPS_Heading_deg, GPS_Lat_deg, GPS_Lon_deg, AirTemp_C, RelHumidity_pct, Pressure_mb, WindDir_calc_deg, WindSpd_calc_m_s
[from data line 1319]
79140.0,1308.9,0.97,0.05,0.97,40.73433,-111.87211,37.6,18.3,876.7,110.43,1.5
79200.0,1309.0,1.47,0.04,1.47,40.73433,-111.87211,37.6,18.2,876.6,111.83,2.3
79260.0,1309.1,1.33,0.05,1.33,40.73433,-111.87211,37.7,17.3,876.6,111.28,1.8
79320.0,1309.3,0.85,0.04,0.85,40.73433,-111.87211,37.7,17.8,876.6,113.17,1.8
79380.0,1309.4,1.24,0.05,1.24,40.73434,-111.87211,37.8,17.2,876.6,127.58,2.3
79440.0,1309.3,1.86,0.05,1.86,40.73434,-111.87211,38.1,16.1,876.6,149.62,2.4
79500.0,1309.3,1.79,0.05,1.79,40.73434,-111.87211,38.2,15.9,876.6,148.53,2.2
79560.0,1309.1,1.39,0.05,1.39,40.73434,-111.87211,38.6,16.2,876.6,124.53,1.5
79620.0,1308.9,1.58,0.05,1.58,40.73434,-111.87210,38.7,17.3,876.5,117.00,1.8
79680.0,1308.8,1.51,0.05,1.51,40.73434,-111.87210,38.7,18.2,876.5,114.50,2.7
79740.0,1308.9,1.81,0.05,1.81,40.73434,-111.87210,38.4,17.1,876.5,115.36,3.3
79800.0,1309.0,1.30,0.05,1.30,40.73434,-111.87210,38.3,17.4,876.5,116.54,3.2
79860.0,1309.3,1.17,0.05,1.17,40.73434,-111.87210,38.1,17.0,876.5,114.99,3.1
79920.0,1309.3,0.56,0.05,0.56,40.73434,-111.87210,38.1,16.7,876.4,111.72,2.4
79980.0,1307.9,0.69,0.06,0.69,40.73434,-111.87210,38.2,16.7,876.4,117.24,1.8
80040.0,1307.5,0.58,0.05,0.58,40.73434,-111.87210,38.2,17.4,876.4,114.42,3.0
80100.0,1307.5,359.81,0.05,359.81,40.73434,-111.87210,38.2,16.5,876.4,107.38,2.5
80160.0,1307.5,359.95,0.05,359.95,40.73434,-111.87210,38.3,16.8,876.3,110.88,1.9
80220.0,1307.8,0.56,0.06,0.56,40.73434,-111.87210,38.4,17.1,876.3,109.28,1.7
80280.0,1309.4,0.31,0.06,0.31,40.73434,-111.87211,38.4,16.9,876.3,113.89,2.4
80340.0,1308.8,0.49,0.05,0.49,40.73434,-111.87211,38.5,16.2,876.3,135.23,2.6
80400.0,1308.8,0.25,0.05,0.25,40.73434,-111.87210,38.6,16.1,876.3,141.31,2.7
80460.0,1309.4,0.54,0.05,0.54,40.73434,-111.87210,38.7,16.4,876.3,129.88,2.7
80520.0,1309.8,0.71,0.06,0.71,40.73434,-111.87210,38.6,16.5,876.3,121.11,2.7
80580.0,1309.7,1.33,0.04,1.33,40.73434,-111.87211,38.6,16.7,876.3,116.30,2.4
80640.0,1309.6,0.97,0.04,0.97,40.73434,-111.87211,38.4,16.4,876.3,109.76,2.4
80700.0,1309.6,0.66,0.04,0.66,40.73434,-111.87211,38.4,16.1,876.3,126.05,2.0
80760.0,1309.7,0.14,0.05,0.14,40.73434,-111.87211,38.5,15.5,876.2,115.39,1.3
80820.0,1309.7,0.20,0.05,0.20,40.73434,-111.87211,38.3,15.8,876.2,94.68,0.8
80880.0,1309.8,0.35,0.05,0.35,40.73434,-111.87211,38.2,15.6,876.2,106.04,1.0
80940.0,1309.8,0.50,0.05,0.50,40.73434,-111.87211,38.2,15.9,876.2,106.49,1.0
81000.0,1309.8,0.72,0.05,0.72,40.73434,-111.87211,38.0,17.0,876.2,97.02,1.0
81060.0,1309.8,1.04,0.05,1.04,40.73434,-111.87211,37.9,16.6,876.2,107.36,1.0
81120.0,1309.9,0.67,0.06,0.67,40.73434,-111.87211,37.8,16.9,876.2,100.18,0.9
81180.0,1310.1,0.62,0.04,0.62,40.73434,-111.87211,37.6,17.1,876.2,86.26,0.7
81240.0,1310.0,0.70,0.05,0.70,40.73434,-111.87211,37.5,16.7,876.2,101.10,0.9
81300.0,1310.2,0.68,0.06,0.68,40.73434,-111.87211,37.3,17.2,876.2,106.57,1.3
81360.0,1310.4,0.94,0.05,0.94,40.73434,-111.87211,37.0,16.7,876.2,112.07,2.1
81420.0,1310.6,1.10,0.06,1.10,40.73434,-111.87211,36.8,16.4,876.2,108.98,1.6
81480.0,1310.7,0.93,0.05,0.93,40.73434,-111.87211,36.8,16.7,876.2,107.83,1.1
81540.0,1310.3,0.80,0.06,0.80,40.73434,-111.87211,36.7,17.1,876.2,108.53,1.2
81600.0,1310.3,0.81,0.05,0.81,40.73434,-111.87211,36.5,16.4,876.2,114.50,1.8
81660.0,1310.1,0.57,0.05,0.57,40.73434,-111.87211,36.5,15.9,876.1,117.56,1.4
81720.0,1310.1,0.33,0.04,0.33,40.73434,-111.87211,36.5,16.6,876.1,99.71,1.0
81780.0,1310.1,0.54,0.05,0.54,40.73434,-111.87211,36.4,16.7,876.1,105.17,1.0
81840.0,1310.2,0.77,0.05,0.77,40.73434,-111.87211,36.5,16.7,876.1,104.42,1.0
81900.0,1310.1,0.69,0.05,0.69,40.73434,-111.87211,36.4,16.3,876.1,101.69,0.9
81960.0,1310.0,0.90,0.04,0.90,40.73434,-111.87211,36.3,15.9,876.1,98.89,0.9
82020.0,1309.9,0.75,0.04,0.75,40.73434,-111.87211,36.3,16.8,876.1,100.77,0.9
82080.0,1309.8,0.53,0.05,0.53,40.73434,-111.87211,36.2,17.3,876.1,96.08,0.9
82140.0,1309.6,0.65,0.05,0.65,40.73434,-111.87211,36.1,17.4,876.1,100.09,0.8
82200.0,1309.3,0.54,0.05,0.54,40.73434,-111.87211,36.1,17.5,876.1,97.89,0.9
82260.0,1309.2,0.23,0.05,0.23,40.73434,-111.87211,35.9,17.8,876.1,91.92,0.8
82320.0,1309.3,0.45,0.04,0.45,40.73434,-111.87211,35.8,17.0,875.6,94.13,0.8
82380.0,1309.3,0.72,0.05,0.72,40.73434,-111.87211,35.8,16.3,875.3,98.14,0.9
82440.0,1309.5,1.06,0.05,1.06,40.73434,-111.87211,35.8,16.2,875.3,101.43,0.9
82500.0,1309.4,1.38,0.06,1.38,40.73434,-111.87211,35.8,16.2,875.5,95.06,0.8
82560.0,1309.0,1.94,0.05,1.94,40.73434,-111.87211,35.9,16.4,875.6,114.14,1.3
82620.0,1308.9,2.24,0.05,2.24,40.73434,-111.87211,35.9,16.9,875.7,104.52,1.1
82680.0,1309.0,1.63,0.05,1.63,40.73434,-111.87211,35.9,16.4,875.8,107.35,1.1
82740.0,1308.8,1.66,0.05,1.66,40.73434,-111.87211,36.0,16.2,875.9,101.25,0.9
82800.0,1308.6,1.64,0.05,1.64,40.73434,-111.87211,36.0,16.9,875.9,92.82,0.9
82860.0,1308.5,1.48,0.04,1.48,40.73434,-111.87211,36.0,17.6,875.9,82.83,0.7
82920.0,1308.8,1.92,0.05,1.92,40.73434,-111.87211,35.9,17.0,875.9,82.00,0.7
82980.0,1309.2,1.99,0.05,1.99,40.73434,-111.87211,36.0,16.6,875.9,82.87,0.7
83040.0,1309.5,2.23,0.05,2.23,40.73434,-111.87211,36.0,17.5,875.9,73.98,0.6
83100.0,1309.5,2.21,0.04,2.21,40.73434,-111.87211,36.0,18.0,875.9,79.49,0.6
83160.0,1309.7,2.01,0.04,2.01,40.73434,-111.87211,36.1,18.1,875.9,85.66,0.8
83220.0,1309.8,1.92,0.05,1.92,40.73434,-111.87211,36.0,18.1,875.9,84.80,0.9
83280.0,1309.5,1.94,0.04,1.94,40.73434,-111.87211,36.0,18.3,875.9,82.09,0.7
83340.0,1309.6,1.84,0.05,1.84,40.73434,-111.87211,36.0,18.3,875.9,88.71,0.7
83400.0,1309.0,1.57,0.04,1.57,40.73434,-111.87211,36.0,18.3,875.9,93.25,0.9
83460.0,1308.8,1.97,0.05,1.97,40.73434,-111.87211,36.0,18.1,875.9,87.98,0.8
83520.0,1308.7,2.12,0.05,2.12,40.73434,-111.87211,36.0,18.7,875.9,86.62,0.8
83580.0,1308.7,1.86,0.05,1.86,40.73434,-111.87211,35.9,18.2,875.9,89.28,0.8
83640.0,1308.7,1.44,0.05,1.44,40.73434,-111.87211,36.0,19.1,875.6,96.22,0.9
83700.0,1308.7,1.11,0.04,1.11,40.73434,-111.87211,35.9,19.6,875.9,91.25,0.9
83760.0,1308.9,1.32,0.04,1.32,40.73434,-111.87211,35.9,18.8,875.9,83.52,0.8
83820.0,1309.0,1.08,0.05,1.08,40.73434,-111.87211,35.9,19.0,875.9,92.96,1.0
83880.0,1308.8,1.20,0.04,1.20,40.73434,-111.87211,35.9,18.4,875.9,104.86,1.1
83940.0,1308.8,1.43,0.05,1.43,40.73434,-111.87211,35.9,19.1,875.9,83.86,0.9
84000.0,1309.0,1.52,0.05,1.52,40.73434,-111.87211,36.0,19.2,875.6,81.38,0.7
84060.0,1309.3,1.67,0.05,1.67,40.73434,-111.87211,36.0,19.4,875.6,90.78,0.9
84120.0,1309.3,1.52,0.05,1.52,40.73434,-111.87211,36.0,18.7,875.7,77.56,0.5
84180.0,1309.3,1.76,0.05,1.76,40.73434,-111.87211,36.2,18.5,875.8,98.98,0.5
84240.0,1309.4,1.57,0.05,1.57,40.73433,-111.87211,36.3,18.9,875.8,85.09,0.7
84300.0,1309.4,1.77,0.05,1.77,40.73433,-111.87211,36.3,18.9,875.8,81.63,0.8
84360.0,1309.0,1.43,0.05,1.43,40.73433,-111.87211,36.3,19.2,875.8,72.79,0.7
84420.0,1309.0,1.89,0.05,1.89,40.73433,-111.87211,36.2,18.7,875.8,82.56,0.7
84480.0,1309.0,2.23,0.04,2.23,40.73433,-111.87211,36.2,18.8,875.8,82.68,0.8
84540.0,1309.0,2.34,0.05,2.34,40.73433,-111.87211,36.1,19.1,875.9,90.62,0.8
84600.0,1309.0,2.21,0.04,2.21,40.73433,-111.87211,36.1,19.0,875.9,85.38,0.7
84660.0,1309.1,2.15,0.04,2.15,40.73433,-111.87211,36.1,19.2,875.9,90.72,0.8
84720.0,1309.0,1.86,0.04,1.86,40.73433,-111.87211,36.0,19.5,875.9,79.12,0.7
84780.0,1309.0,2.39,0.04,2.39,40.73433,-111.87211,35.9,19.0,875.9,74.79,0.6
84840.0,1309.0,2.24,0.04,2.24,40.73433,-111.87211,35.8,19.0,875.9,87.95,0.8
84900.0,1309.0,2.33,0.04,2.33,40.73433,-111.87211,35.7,19.3,875.9,93.09,0.8
84960.0,1308.9,2.61,0.05,2.61,40.73433,-111.87210,35.7,19.7,876.0,89.24,0.7
85020.0,1308.7,2.33,0.05,2.33,40.73433,-111.87211,35.7,19.3,876.0,98.47,0.7
85080.0,1308.8,2.67,0.05,2.67,40.73433,-111.87211,35.6,19.5,876.0,83.81,0.7
85140.0,1308.8,2.51,0.04,2.51,40.73433,-111.87211,35.6,19.1,876.0,80.94,0.6
85200.0,1308.7,2.19,0.04,2.19,40.73433,-111.87210,35.6,19.1,876.0,78.97,0.7
85260.0,1308.8,2.23,0.04,2.23,40.73433,-111.87210,35.5,19.4,876.0,90.97,0.7
85320.0,1308.8,2.76,0.04,2.76,40.73433,-111.87210,35.5,19.5,875.9,106.10,1.0
85380.0,1308.8,2.82,0.04,2.82,40.73433,-111.87210,35.3,20.3,875.9,103.93,1.0
85440.0,1308.9,2.84,0.05,2.84,40.73433,-111.87211,35.2,19.9,875.9,91.76,0.9
85500.0,1308.9,2.27,0.04,2.27,40.73433,-111.87210,35.1,19.9,875.9,102.43,0.9
85560.0,1308.8,1.88,0.05,1.88,40.73433,-111.87210,35.1,19.8,875.9,101.17,0.9
85620.0,1308.9,1.88,0.05,1.88,40.73434,-111.87211,35.0,19.3,875.9,79.52,0.6
85680.0,1308.9,1.81,0.04,1.81,40.73434,-111.87211,35.0,19.4,875.9,76.35,0.6
85740.0,1308.8,1.65,0.04,1.65,40.73433,-111.87211,34.9,19.5,875.9,79.30,0.7
85800.0,1308.6,1.27,0.05,1.27,40.73433,-111.87210,34.9,19.7,875.9,76.90,0.6
85860.0,1308.5,1.31,0.05,1.31,40.73433,-111.87210,34.8,19.6,875.9,79.48,0.7
85920.0,1308.5,1.78,0.06,1.78,40.73433,-111.87210,34.8,19.8,875.9,78.79,0.6
85980.0,1308.5,1.75,0.06,1.75,40.73434,-111.87210,34.8,19.6,875.9,81.68,0.6
86040.0,1308.4,1.77,0.05,1.77,40.73434,-111.87210,34.7,19.7,875.9,87.03,0.8
86100.0,1308.5,2.13,0.05,2.13,40.73434,-111.87211,34.7,19.7,875.9,90.32,0.7
86160.0,1308.5,1.99,0.04,1.99,40.73434,-111.87211,34.6,19.4,875.9,85.85,0.8
86220.0,1308.5,2.16,0.04,2.16,40.73434,-111.87211,34.6,19.9,875.8,103.00,0.9
86280.0,1308.2,1.85,0.05,1.85,40.73434,-111.87210,34.5,20.2,875.8,83.33,0.7
86340.0,1308.1,1.77,0.05,1.77,40.73434,-111.87210,34.5,19.9,875.8,84.41,0.7
