CampaignData_and_Merges/R0/CSL_MobileLab_Parked/raw/20240803/USOS-jNO2_MobileLabGround_20240803_R0.ict
52,1001
Waxman, E.; Rollins, A.; Zuraski, K.; Chace, W.
NOAA Chemical Sciences Laboratory
jNO2 filter radiometer on CSL Mobile Lab
AMMBEC / USOS
1, 1
2024,08,03, 2025,04,01
60
Time_Start, seconds, number_of_seconds_since_0000_UTC
20
1, 1, 1, 1, 1, 1, 1, 1, 1, 1, 1, 1, 1, 1, 1, 1, 1, 1, 1, 1
-9999, -9999, -9999, -9999, -9999, -9999, -9999, -9999, -9999, -9999, -9999, -9999, -9999, -9999, -9999, -9999, -9999, -9999, -9999, -9999
Time_Stop, seconds, number_of_seconds_since_0000_UTC
jNO2_meas, per second, photolysis rate of NO2 measured using a filter radiometer.
jBrCl, per second, photolysis rate of BrCl -> Br + Cl calculated in TUV for cloud-free sky with local AOD
jBr2, per second, photolysis rate of Br2 -> Br + Br calculated in TUV for cloud-free sky with local AOD
jCCl4, per second, photolysis rate of CCl4 -> Products calcualted in TUV for cloud-free sky with local AOD
jCH2Oa, per second, photolysis rate of CH2O -> H + HCO calculated in TUV for cloud-free sky with local AOD
jCH2Ob, per second, photolysis rate of CH2O -> H2 + CO calculated in TUV for cloud-free sky with local AOD
jClNO2, per second, photolysis rate of ClNO2 -> Cl + NO2 calculated in TUV for cloud-free sky with local AOD
jClOa, per second, photolysis rate of ClO -> Cl + O(1D) calculated in TUV for cloud-free sky with local AOD
jClOb, per second, photolysis rate of ClO -> Cl + O(3P) calculated in TUV for cloud-free sky with local AOD
jCl2, per second, photolysis rate of Cl2 -> Cl + Cl calculated in TUV for cloud-free sky with local AOD
jHNO2, per second, photolysis rate of HNO2 -> OH + NO calculated in TUV for cloud-free sky with local AOD
jHNO3, per second, photolysis rate of HNO3 -> OH + NO2 calculated in TUV for cloud-free sky with local AOD
jI2, per second, photolysis rate of I2 -> I + I calculated in TUV for cloud-free sky with local AOD
jNO2, per second, photolysis rate of NO2 -> NO + O(3P) calculated in TUV for cloud-free sky with local AOD
jNO3a, per second, photolysis rate of NO3 -> NO + O2 calculated in TUV for cloud-free sky with local AOD
jNO3b, per second, photolysis rate of NO3 -> NO2 + O(3P) calculated in TUV for cloud-free sky with local AOD
jN2O5, per second, photolysis rate of N2O5 -> NO3 + NO + O(3P) calculated in TUV for cloud-free sky with local AOD
jO3, per second, photolysis rate of O3 -> O2 + O(1D) calculated in TUV for cloud-free sky with local AOD
AOD_500nm, unitless, UTC daily mean AOD at 500 nm from an AERONET station located at 40.178 N, -112.452 E
0
18
PI_CONTACT_INFO: eleanor.waxman@noaa.gov
PLATFORM: CSL Mobile Lab, at ground site
LOCATION: Salt Lake City, UT
ASSOCIATED_DATA:
INSTRUMENT_INFO: jNO2 filter radiometer.  TUV calculations are for mobile van lat/lon/altitude assuming clear sky (cloud AOD = 0) and daily mean AOD.
DATA_INFO:
UNCERTAINTY: Data uncertainties are +/- 20%.  These come from uncertainties in radiometer angular response, radiometer thermal response, local interferences from clouds/aerosols/shadows etc.
ULOD_FLAG: -7777
ULOD_VALUE: N/A
LLOD_FLAG: -8888
LLOD_VALUE: N/A
DM_CONTACT_INFO: eleanor.waxman@noaa.gov
PROJECT_INFO: USOS Project, July - August 2024
STIPULATIONS_ON_USE: Users are strongly encouraged to contact the PI for proper data usage.
OTHER_COMMENTS: 
REVISION: R0
R0: final data
Time_Start, Time_Stop, jNO2_meas, jBrCl, jBr2, jCCl4, jCH2Oa, jCH2Ob, jClNO2, jClOa, jClOb, jCl2, jHNO2, jHNO3, jI2, jNO2, jNO3a, jNO3b, jN2O5, jO3, AOD_500nm
       0,      60,0.0038974,0.006876,0.02247,1.564e-25,1.242e-05,2.256e-05,0.0002263,5.545e-26,9.791e-06,0.001228,0.0008379,1.753e-07,0.08566,0.005352,0.0173,0.1348,1.89e-05,6.075e-06,0.261
      60,     120,0.0036298,0.006837,0.02236,1.536e-25,1.229e-05,2.236e-05,0.0002244,5.448e-26,9.627e-06,0.001219,0.000832,1.731e-07,0.08532,0.005316,0.01724,0.1343,1.873e-05,5.97e-06,0.261
     120,     180,0.0034,0.006801,0.02226,1.51e-25,1.216e-05,2.217e-05,0.0002226,5.359e-26,9.474e-06,0.00121,0.0008264,1.71e-07,0.08499,0.005283,0.01719,0.1338,1.857e-05,5.873e-06,0.261
     180,     240,0.0033847,0.006762,0.02215,1.483e-25,1.203e-05,2.198e-05,0.0002207,5.266e-26,9.313e-06,0.001201,0.0008204,1.687e-07,0.08464,0.005247,0.01713,0.1333,1.84e-05,5.77e-06,0.261
     240,     300,0.0033227,0.006723,0.02204,1.457e-25,1.189e-05,2.178e-05,0.0002187,5.176e-26,9.153e-06,0.001192,0.0008144,1.665e-07,0.08429,0.005211,0.01706,0.1328,1.822e-05,5.668e-06,0.261
     300,     360,0.003326,0.006686,0.02194,1.433e-25,1.177e-05,2.159e-05,0.0002169,5.092e-26,9.003e-06,0.001183,0.0008087,1.644e-07,0.08396,0.005177,0.01701,0.1323,1.806e-05,5.573e-06,0.261
     360,     420,0.0034409,0.006647,0.02183,1.408e-25,1.164e-05,2.139e-05,0.000215,5.006e-26,8.846e-06,0.001173,0.0008026,1.622e-07,0.0836,0.00514,0.01694,0.1318,1.789e-05,5.473e-06,0.261
     420,     480,0.0035836,0.006607,0.02172,1.384e-25,1.15e-05,2.119e-05,0.000213,4.922e-26,8.69e-06,0.001164,0.0007965,1.6e-07,0.08324,0.005103,0.01688,0.1312,1.772e-05,5.374e-06,0.261
     480,     540,0.0037098,0.006569,0.02161,1.361e-25,1.138e-05,2.1e-05,0.0002112,4.844e-26,8.544e-06,0.001155,0.0007907,1.579e-07,0.0829,0.005069,0.01682,0.1307,1.756e-05,5.282e-06,0.261
     540,     600,0.0038223,0.006528,0.0215,1.338e-25,1.124e-05,2.08e-05,0.0002093,4.762e-26,8.39e-06,0.001146,0.0007846,1.557e-07,0.08253,0.005031,0.01676,0.1301,1.738e-05,5.184e-06,0.261
     600,     660,0.004059,0.006488,0.02138,1.315e-25,1.111e-05,2.06e-05,0.0002073,4.683e-26,8.238e-06,0.001136,0.0007784,1.535e-07,0.08216,0.004994,0.01669,0.1296,1.721e-05,5.088e-06,0.261
     660,     720,0.0044565,0.006449,0.02127,1.293e-25,1.099e-05,2.041e-05,0.0002055,4.61e-26,8.096e-06,0.001127,0.0007725,1.515e-07,0.0818,0.004959,0.01663,0.1291,1.705e-05,4.999e-06,0.261
     720,     780,0.0046915,0.006408,0.02116,1.271e-25,1.086e-05,2.021e-05,0.0002035,4.534e-26,7.947e-06,0.001118,0.0007663,1.493e-07,0.08142,0.004921,0.01656,0.1285,1.687e-05,4.904e-06,0.261
     780,     840,0.0048216,0.006366,0.02104,1.25e-25,1.072e-05,2.001e-05,0.0002015,4.46e-26,7.799e-06,0.001108,0.00076,1.472e-07,0.08104,0.004883,0.01649,0.1279,1.67e-05,4.811e-06,0.261
     840,     900,0.0048555,0.006327,0.02093,1.23e-25,1.06e-05,1.982e-05,0.0001997,4.391e-26,7.662e-06,0.001099,0.0007541,1.452e-07,0.08068,0.004847,0.01643,0.1274,1.654e-05,4.724e-06,0.261
     900,     960,0.0047985,0.006284,0.02081,1.209e-25,1.047e-05,1.961e-05,0.0001977,4.32e-26,7.516e-06,0.001089,0.0007477,1.431e-07,0.08028,0.004809,0.01636,0.1268,1.636e-05,4.633e-06,0.261
     960,    1020,0.0047993,0.006242,0.02069,1.189e-25,1.034e-05,1.941e-05,0.0001957,4.25e-26,7.372e-06,0.00108,0.0007414,1.409e-07,0.07989,0.00477,0.01629,0.1262,1.619e-05,4.542e-06,0.261
    1020,    1080,0.0048256,0.006202,0.02057,1.171e-25,1.021e-05,1.922e-05,0.0001939,4.185e-26,7.239e-06,0.001071,0.0007354,1.39e-07,0.07951,0.004734,0.01622,0.1256,1.603e-05,4.458e-06,0.261
    1080,    1140,0.0048253,0.006158,0.02045,1.151e-25,1.008e-05,1.902e-05,0.0001919,4.118e-26,7.098e-06,0.001061,0.000729,1.369e-07,0.07911,0.004695,0.01615,0.125,1.585e-05,4.37e-06,0.261
    1140,    1200,0.0048489,0.006115,0.02032,1.132e-25,9.951e-06,1.881e-05,0.0001899,4.052e-26,6.959e-06,0.001051,0.0007225,1.348e-07,0.07871,0.004656,0.01608,0.1244,1.568e-05,4.282e-06,0.261
    1200,    1260,0.0049086,0.006074,0.02021,1.115e-25,9.828e-06,1.862e-05,0.000188,3.991e-26,6.829e-06,0.001042,0.0007164,1.328e-07,0.07832,0.004619,0.01601,0.1238,1.551e-05,4.201e-06,0.261
    1260,    1320,0.0049161,0.00603,0.02008,1.096e-25,9.698e-06,1.842e-05,0.000186,3.928e-26,6.692e-06,0.001032,0.00071,1.308e-07,0.0779,0.00458,0.01594,0.1232,1.534e-05,4.115e-06,0.261
    1320,    1380,0.0048858,0.005986,0.01995,1.078e-25,9.568e-06,1.821e-05,0.0001841,3.866e-26,6.557e-06,0.001022,0.0007035,1.287e-07,0.07748,0.00454,0.01586,0.1225,1.517e-05,4.031e-06,0.261
    1380,    1440,0.004881,0.005944,0.01983,1.062e-25,9.446e-06,1.802e-05,0.0001822,3.809e-26,6.432e-06,0.001013,0.0006973,1.268e-07,0.07709,0.004503,0.01579,0.1219,1.5e-05,3.953e-06,0.261
    1440,    1500,0.004846,0.005899,0.0197,1.045e-25,9.317e-06,1.782e-05,0.0001802,3.749e-26,6.3e-06,0.001003,0.0006908,1.248e-07,0.07666,0.004463,0.01572,0.1213,1.483e-05,3.87e-06,0.261
    1500,    1560,0.0048168,0.005854,0.01957,1.028e-25,9.189e-06,1.761e-05,0.0001782,3.69e-26,6.169e-06,0.000993,0.0006842,1.228e-07,0.07623,0.004423,0.01564,0.1207,1.466e-05,3.789e-06,0.261
    1560,    1620,0.0047543,0.005811,0.01945,1.012e-25,9.067e-06,1.742e-05,0.0001763,3.636e-26,6.048e-06,0.0009836,0.0006779,1.209e-07,0.07582,0.004385,0.01557,0.12,1.449e-05,3.713e-06,0.261
    1620,    1680,0.0046556,0.005766,0.01931,9.957e-26,8.939e-06,1.722e-05,0.0001743,3.579e-26,5.92e-06,0.0009736,0.0006713,1.189e-07,0.07538,0.004344,0.01549,0.1194,1.432e-05,3.634e-06,0.261
    1680,    1740,0.0045276,0.00572,0.01918,9.797e-26,8.812e-06,1.701e-05,0.0001723,3.524e-26,5.794e-06,0.0009636,0.0006647,1.169e-07,0.07493,0.004304,0.01541,0.1187,1.415e-05,3.555e-06,0.261
    1740,    1800,0.0043372,0.005676,0.01905,9.65e-26,8.692e-06,1.682e-05,0.0001704,3.473e-26,5.677e-06,0.0009542,0.0006584,1.151e-07,0.07451,0.004265,0.01533,0.1181,1.398e-05,3.483e-06,0.261
    1800,    1860,0.004043,0.00563,0.01892,9.496e-26,8.566e-06,1.662e-05,0.0001684,3.419e-26,5.555e-06,0.0009441,0.0006517,1.131e-07,0.07406,0.004224,0.01525,0.1174,1.381e-05,3.406e-06,0.261
    1860,    1920,0.0036235,0.005583,0.01878,9.345e-26,8.439e-06,1.641e-05,0.0001664,3.367e-26,5.433e-06,0.000934,0.000645,1.112e-07,0.0736,0.004183,0.01517,0.1167,1.364e-05,3.331e-06,0.261
    1920,    1980,0.0033691,0.005538,0.01865,9.205e-26,8.321e-06,1.622e-05,0.0001645,3.318e-26,5.32e-06,0.0009245,0.0006387,1.094e-07,0.07316,0.004144,0.01509,0.116,1.347e-05,3.261e-06,0.261
    1980,    2040,0.0033544,0.005491,0.01851,9.06e-26,8.195e-06,1.601e-05,0.0001625,3.267e-26,5.202e-06,0.0009144,0.0006319,1.075e-07,0.0727,0.004103,0.01501,0.1153,1.33e-05,3.188e-06,0.261
    2040,    2100,0.0031364,0.005443,0.01837,8.917e-26,8.071e-06,1.581e-05,0.0001605,3.217e-26,5.085e-06,0.0009043,0.0006251,1.056e-07,0.07222,0.004061,0.01492,0.1146,1.313e-05,3.116e-06,0.261
    2100,    2160,0.0028822,0.005398,0.01824,8.785e-26,7.954e-06,1.562e-05,0.0001587,3.171e-26,4.977e-06,0.0008947,0.0006188,1.039e-07,0.07178,0.004022,0.01484,0.1139,1.297e-05,3.049e-06,0.261
    2160,    2220,0.0029077,0.00535,0.0181,8.646e-26,7.83e-06,1.542e-05,0.0001567,3.123e-26,4.863e-06,0.0008845,0.000612,1.02e-07,0.0713,0.00398,0.01475,0.1132,1.28e-05,2.978e-06,0.261
    2220,    2280,0.0028939,0.005301,0.01795,8.51e-26,7.706e-06,1.521e-05,0.0001547,3.076e-26,4.751e-06,0.0008743,0.0006051,1.001e-07,0.07081,0.003938,0.01467,0.1124,1.262e-05,2.909e-06,0.261
    2280,    2340,0.0029992,0.005255,0.01782,8.385e-26,7.591e-06,1.502e-05,0.0001528,3.032e-26,4.647e-06,0.0008647,0.0005987,9.842e-08,0.07035,0.003898,0.01458,0.1117,1.246e-05,2.845e-06,0.261
    2340,    2400,0.0029718,0.005206,0.01767,8.254e-26,7.469e-06,1.482e-05,0.0001508,2.986e-26,4.538e-06,0.0008545,0.0005918,9.661e-08,0.06985,0.003856,0.01449,0.111,1.229e-05,2.778e-06,0.261
    2400,    2460,0.0028787,0.005157,0.01752,8.125e-26,7.347e-06,1.461e-05,0.0001488,2.941e-26,4.43e-06,0.0008443,0.000585,9.481e-08,0.06935,0.003813,0.0144,0.1102,1.212e-05,2.712e-06,0.261
    2460,    2520,0.0029536,0.00511,0.01738,8.005e-26,7.234e-06,1.442e-05,0.0001469,2.9e-26,4.331e-06,0.0008347,0.0005785,9.313e-08,0.06888,0.003773,0.01432,0.1095,1.196e-05,2.651e-06,0.261
    2520,    2580,0.0030031,0.00506,0.01723,7.881e-26,7.113e-06,1.422e-05,0.0001449,2.856e-26,4.226e-06,0.0008244,0.0005716,9.136e-08,0.06837,0.00373,0.01422,0.1087,1.179e-05,2.587e-06,0.261
    2580,    2640,0.0030126,0.00501,0.01708,7.758e-26,6.994e-06,1.402e-05,0.0001429,2.813e-26,4.123e-06,0.0008141,0.0005647,8.961e-08,0.06786,0.003687,0.01413,0.108,1.162e-05,2.524e-06,0.261
    2640,    2700,0.003252,0.004963,0.01694,7.644e-26,6.882e-06,1.383e-05,0.0001411,2.774e-26,4.028e-06,0.0008045,0.0005582,8.797e-08,0.06737,0.003647,0.01404,0.1072,1.146e-05,2.465e-06,0.261
    2700,    2760,0.0033006,0.004912,0.01679,7.525e-26,6.763e-06,1.363e-05,0.0001391,2.732e-26,3.928e-06,0.0007942,0.0005512,8.625e-08,0.06684,0.003604,0.01394,0.1064,1.13e-05,2.404e-06,0.261
    2760,    2820,0.0032587,0.004861,0.01663,7.409e-26,6.646e-06,1.343e-05,0.0001371,2.691e-26,3.83e-06,0.0007839,0.0005443,8.455e-08,0.06631,0.003561,0.01385,0.1056,1.113e-05,2.344e-06,0.261
    2820,    2880,0.0033576,0.004812,0.01649,7.301e-26,6.536e-06,1.324e-05,0.0001353,2.654e-26,3.739e-06,0.0007743,0.0005378,8.297e-08,0.0658,0.00352,0.01376,0.1049,1.097e-05,2.289e-06,0.261
    2880,    2940,0.003348,0.004761,0.01633,7.188e-26,6.42e-06,1.304e-05,0.0001333,2.614e-26,3.644e-06,0.0007639,0.0005308,8.129e-08,0.06527,0.003476,0.01366,0.104,1.08e-05,2.231e-06,0.261
    2940,    3000,0.0033194,0.00471,0.01618,7.077e-26,6.304e-06,1.284e-05,0.0001313,2.575e-26,3.551e-06,0.0007537,0.0005237,7.964e-08,0.06473,0.003433,0.01356,0.1032,1.064e-05,2.174e-06,0.261
    3000,    3060,0.0033318,0.00466,0.01603,6.974e-26,6.196e-06,1.267e-05,0.0001295,2.539e-26,3.464e-06,0.000744,0.0005173,7.809e-08,0.06421,0.003392,0.01346,0.1024,1.048e-05,2.121e-06,0.261
    3060,    3120,0.0033763,0.004608,0.01587,6.867e-26,6.086e-06,1.246e-05,0.0001276,2.501e-26,3.376e-06,0.0007338,0.0005103,7.654e-08,0.06365,0.003348,0.01336,0.1015,1.032e-05,2.067e-06,0.261
    3120,    3180,0.0034298,0.004555,0.01571,6.761e-26,5.971e-06,1.226e-05,0.0001255,2.464e-26,3.286e-06,0.0007233,0.0005032,7.489e-08,0.06309,0.003304,0.01325,0.1007,1.015e-05,2.012e-06,0.261
    3180,    3240,0.0035517,0.004505,0.01555,6.663e-26,5.868e-06,1.208e-05,0.0001237,2.43e-26,3.202e-06,0.0007137,0.0004965,7.341e-08,0.06257,0.003262,0.01316,0.09987,9.998e-06,1.962e-06,0.261
    3240,    3300,0.0034711,0.00445,0.01539,6.56e-26,5.754e-06,1.187e-05,0.0001217,2.393e-26,3.118e-06,0.0007029,0.0004892,7.183e-08,0.06199,0.003216,0.01305,0.09899,9.827e-06,1.91e-06,0.261
    3300,    3360,0.0034047,0.004399,0.01523,6.459e-26,5.639e-06,1.167e-05,0.0001197,2.358e-26,3.032e-06,0.0006926,0.0004823,7.023e-08,0.06141,0.003173,0.01294,0.09811,9.661e-06,1.858e-06,0.261
    3360,    3420,0.0033598,0.004349,0.01507,6.365e-26,5.546e-06,1.151e-05,0.0001181,2.325e-26,2.956e-06,0.0006838,0.0004762,6.89e-08,0.06086,0.003134,0.01284,0.09727,9.523e-06,1.812e-06,0.261
    3420,    3480,0.0033519,0.004296,0.0149,6.267e-26,5.432e-06,1.132e-05,0.0001162,2.29e-26,2.874e-06,0.0006735,0.0004692,6.733e-08,0.06028,0.003089,0.01273,0.09637,9.36e-06,1.762e-06,0.261
    3480,    3540,0.0033242,0.004242,0.01474,6.17e-26,5.322e-06,1.112e-05,0.0001142,2.256e-26,2.793e-06,0.0006632,0.0004622,6.581e-08,0.05968,0.003045,0.01262,0.09545,9.197e-06,1.713e-06,0.261
    3540,    3600,0.0032514,0.004191,0.01458,6.08e-26,5.223e-06,1.094e-05,0.0001124,2.225e-26,2.721e-06,0.0006536,0.0004556,6.445e-08,0.05912,0.003004,0.01252,0.09459,9.049e-06,1.67e-06,0.261
    3600,    3660,0.003169,0.004136,0.01441,5.985e-26,5.117e-06,1.075e-05,0.0001105,2.192e-26,2.643e-06,0.0006433,0.0004486,6.298e-08,0.05851,0.002959,0.0124,0.09366,8.889e-06,1.623e-06,0.261
    3660,    3720,0.0030112,0.004081,0.01424,5.893e-26,5.011e-06,1.056e-05,0.0001086,2.159e-26,2.567e-06,0.0006331,0.0004417,6.153e-08,0.0579,0.002915,0.01229,0.09272,8.731e-06,1.577e-06,0.261
    3720,    3780,0.0025563,0.00403,0.01407,5.807e-26,4.913e-06,1.039e-05,0.0001069,2.129e-26,2.498e-06,0.0006236,0.0004351,6.019e-08,0.05733,0.002873,0.01218,0.09183,8.583e-06,1.535e-06,0.261
    3780,    3840,0.0024903,0.003975,0.0139,5.718e-26,4.811e-06,1.02e-05,0.000105,2.097e-26,2.426e-06,0.0006135,0.0004282,5.879e-08,0.05671,0.002829,0.01206,0.09087,8.428e-06,1.492e-06,0.261
    3840,    3900,0.0025582,0.00392,0.01373,5.629e-26,4.709e-06,1.001e-05,0.0001031,2.066e-26,2.355e-06,0.0006034,0.0004212,5.741e-08,0.05608,0.002785,0.01194,0.0899,8.273e-06,1.449e-06,0.261
    3900,    3960,0.0023683,0.003868,0.01356,5.547e-26,4.613e-06,9.837e-06,0.0001014,2.037e-26,2.289e-06,0.0005938,0.0004147,5.612e-08,0.05548,0.002743,0.01183,0.08898,8.127e-06,1.409e-06,0.261
    3960,    4020,0.0022733,0.003812,0.01339,5.461e-26,4.513e-06,9.653e-06,9.951e-05,2.006e-26,2.221e-06,0.0005838,0.0004078,5.477e-08,0.05485,0.002699,0.01171,0.088,7.974e-06,1.368e-06,0.261
    4020,    4080,0.0022828,0.003757,0.01321,5.376e-26,4.414e-06,9.471e-06,9.768e-05,1.976e-26,2.155e-06,0.0005738,0.0004009,5.345e-08,0.0542,0.002655,0.01159,0.08701,7.822e-06,1.328e-06,0.261
    4080,    4140,0.0022811,0.003704,0.01304,5.297e-26,4.322e-06,9.3e-06,9.596e-05,1.948e-26,2.093e-06,0.0005644,0.0003944,5.221e-08,0.05359,0.002613,0.01147,0.08606,7.679e-06,1.291e-06,0.261
    4140,    4200,0.0023614,0.003648,0.01286,5.215e-26,4.225e-06,9.12e-06,9.414e-05,1.919e-26,2.029e-06,0.0005544,0.0003875,5.092e-08,0.05294,0.002569,0.01135,0.08505,7.53e-06,1.253e-06,0.261
    4200,    4260,0.0023324,0.003592,0.01268,5.133e-26,4.129e-06,8.941e-06,9.234e-05,1.89e-26,1.967e-06,0.0005445,0.0003807,4.965e-08,0.05228,0.002525,0.01122,0.08403,7.38e-06,1.215e-06,0.261
    4260,    4320,0.0022082,0.003539,0.01251,5.057e-26,4.039e-06,8.773e-06,9.064e-05,1.863e-26,1.909e-06,0.0005351,0.0003742,4.847e-08,0.05165,0.002484,0.0111,0.08305,7.241e-06,1.181e-06,0.261
    4320,    4380,0.0020253,0.003483,0.01233,4.978e-26,3.946e-06,8.597e-06,8.886e-05,1.835e-26,1.849e-06,0.0005253,0.0003674,4.723e-08,0.05098,0.00244,0.01097,0.08201,7.094e-06,1.145e-06,0.261
    4380,    4440,0.0018345,0.003427,0.01215,4.899e-26,3.854e-06,8.422e-06,8.709e-05,1.808e-26,1.791e-06,0.0005155,0.0003606,4.602e-08,0.0503,0.002396,0.01084,0.08096,6.949e-06,1.11e-06,0.261
    4440,    4500,0.0016788,0.003373,0.01197,4.826e-26,3.768e-06,8.259e-06,8.544e-05,1.782e-26,1.737e-06,0.0005063,0.0003543,4.49e-08,0.04966,0.002355,0.01072,0.07997,6.813e-06,1.078e-06,0.261
    4500,    4560,0.0015922,0.003317,0.01179,4.75e-26,3.677e-06,8.087e-06,8.369e-05,1.755e-26,1.682e-06,0.0004966,0.0003476,4.372e-08,0.04898,0.002311,0.01058,0.0789,6.67e-06,1.044e-06,0.261
    4560,    4620,0.0015357,0.00326,0.0116,4.675e-26,3.588e-06,7.916e-06,8.196e-05,1.728e-26,1.627e-06,0.0004869,0.0003408,4.256e-08,0.04828,0.002268,0.01045,0.07781,6.527e-06,1.012e-06,0.261
    4620,    4680,0.0014749,0.003207,0.01143,4.605e-26,3.505e-06,7.757e-06,8.034e-05,1.703e-26,1.577e-06,0.0004779,0.0003346,4.149e-08,0.04762,0.002227,0.01032,0.07679,6.395e-06,9.817e-07,0.261
    4680,    4740,0.001494,0.00315,0.01124,4.532e-26,3.418e-06,7.589e-06,7.864e-05,1.677e-26,1.525e-06,0.0004683,0.0003279,4.036e-08,0.04692,0.002184,0.01018,0.07569,6.255e-06,9.504e-07,0.261
    4740,    4800,0.001464,0.003093,0.01105,4.459e-26,3.333e-06,7.423e-06,7.695e-05,1.651e-26,1.474e-06,0.0004588,0.0003213,3.927e-08,0.04621,0.002141,0.01005,0.07458,6.118e-06,9.202e-07,0.261
    4800,    4860,0.0014235,0.00304,0.01087,4.392e-26,3.253e-06,7.269e-06,7.537e-05,1.627e-26,1.428e-06,0.0004499,0.0003152,3.825e-08,0.04554,0.0021,0.009914,0.07353,5.989e-06,8.922e-07,0.261
    4860,    4920,0.0014326,0.002983,0.01068,4.321e-26,3.171e-06,7.107e-06,7.371e-05,1.602e-26,1.38e-06,0.0004405,0.0003087,3.719e-08,0.04482,0.002058,0.009773,0.0724,5.854e-06,8.636e-07,0.261
    4920,    4980,0.001442,0.002926,0.01049,4.251e-26,3.088e-06,6.945e-06,7.206e-05,1.577e-26,1.333e-06,0.0004311,0.0003022,3.615e-08,0.04409,0.002015,0.009629,0.07126,5.719e-06,8.353e-07,0.261
