CampaignData_and_Merges/R0/CSL_MobileLab_Parked/raw/20240803/USOS-NOAAIodideCIMS-PANs_MobileLabGround_20240803_RA.ict
35, 1001
Michael A Robinson, Chris Jernigan, Subi Thakali
NOAA ESRL Chemical Sciences Laboratory and CIRES, U. of Colorado
NOAA Iodide CIMS Instrument
USOS
1, 1
2024, 08, 03, 2024, 08, 04
1
starttime_UTC, seconds_past_midnight, seconds_of_day_since_00:00:00_UTC
3
1, 1, 1
-9999, -9999, -9999
PAN_NOAACIMS, pptv, Gas_PAN_InSitu_S_AVMR, 
APAN_NOAACIMS, pptv, Gas_APAN_InSitu_S_AVMR, 
PPN_NOAACIMS, pptv, Gas_PPN_InSitu_S_AVMR, 
0
18
PI_CONTACT_INFO: 325 Broadway, R/CSD 7, Boulder, Colorado 80305; michael.a.robinson@noaa.gov; chris.jernigan@noaa.gov;
PLATFORM: NOAA CSL Mobile Lab
LOCATION: SLC, Utah
ASSOCIATED_DATA: 1Hz data also available on request.
INSTRUMENT_INFO: NOAA I- ToF CIMS
DATA_INFO: All data in parts per trillion by volume (pptv). 1 Hz data is available upon request.
UNCERTAINTY: TBD
ULOD_FLAG: -7777
ULOD_VALUE: N/A
LLOD_FLAG: -8888
LLOD_VALUE: N/A
DM_CONTACT_INFO: Nathan Howard; nathan.h.howard@noaa.gov
PROJECT_INFO: USOS, summer 2024. https://csl.noaa.gov/groups/csl7/measurements/2024usos/
STIPULATIONS_ON_USE: Users are strongly encouraged to contact the PI for proper data usage.
OTHER_COMMENTS: 
REVISION: RA
RA: Preliminary Data; For in-field use only
starttime_UTC, PAN_NOAACIMS, APAN_NOAACIMS, PPN_NOAACIMS
[from data line 1208]
 72480, -9999.000, -9999.000, -9999.000
 72540, -9999.000, -9999.000, -9999.000
 72600, -9999.000, -9999.000, -9999.000
 72660, -9999.000, -9999.000, -9999.000
 72720, -9999.000, -9999.000, -9999.000
 72780, -9999.000, -9999.000, -9999.000
 72840, -9999.000, -9999.000, -9999.000
 72900, -9999.000, -9999.000, -9999.000
 72960, -9999.000, -9999.000, -9999.000
 73020, -9999.000, -9999.000, -9999.000
 73080, -9999.000, -9999.000, -9999.000
 73140, -9999.000, -9999.000, -9999.000
 73200, -9999.000, -9999.000, -9999.000
 73260, -9999.000, -9999.000, -9999.000
 73320, -9999.000, -9999.000, -9999.000
 73380, -9999.000, -9999.000, -9999.000
 73440, -9999.000, -9999.000, -9999.000
 73500, -9999.000, -9999.000, -9999.000
 73560, -9999.000, -9999.000, -9999.000
 73620, -9999.000, -9999.000, -9999.000
 73680, -9999.000, -9999.000, -9999.000
 73740, -9999.000, -9999.000, -9999.000
 73800, -9999.000, -9999.000, -9999.000
 73860, -9999.000, -9999.000, -9999.000
 73920, -9999.000, -9999.000, -9999.000
 73980, -9999.000, -9999.000, -9999.000
 74040, -9999.000, -9999.000, -9999.000
 74100, -9999.000, -9999.000, -9999.000
 74160, -9999.000, -9999.000, -9999.000
 74220, -9999.000, -9999.000, -9999.000
 74280, -9999.000, -9999.000, -9999.000
 74340, -9999.000, -9999.000, -9999.000
 74400, -9999.000, -9999.000, -9999.000
 74460, -9999.000, -9999.000, -9999.000
 74520, -9999.000, -9999.000, -9999.000
 74580, -9999.000, -9999.000, -9999.000
 74640, -9999.000, -9999.000, -9999.000
 74700, -9999.000, -9999.000, -9999.000
 74760, -9999.000, -9999.000, -9999.000
 74820, -9999.000, -9999.000, -9999.000
 74880, 325.117,  6.620, 35.561
 74940, -9999.000, -9999.000, -9999.000
 75000, 339.025,  5.739, 28.829
 75060, 332.717,  8.629, 30.846
 75120, 321.758,  5.407, 29.644
 75180, 295.479,  9.815, 27.655
 75240, 318.368,  6.282, 29.416
 75300, 301.123,  5.321, 24.498
 75360, 272.663,  6.430, 23.476
 75420, 259.867,  7.181, 23.054
 75480, 237.648,  6.863, 20.082
 75540, 227.604,  6.214, 19.300
 75600, 244.265,  5.895, 19.916
 75660, 244.696,  6.283, 20.479
 75720, 243.899,  6.059, 19.649
 75780, 249.744,  6.684, 20.036
 75840, 252.658,  5.982, 19.489
 75900, 261.592,  6.387, 23.274
 75960, 263.677,  7.049, 18.818
 76020, 265.742,  7.608, 19.412
 76080, 276.576,  7.601, 22.096
 76140, 271.680,  7.873, 19.279
 76200, 261.208,  8.193, 18.710
 76260, 261.559,  6.403, 20.281
 76320, 267.245,  6.506, 22.548
 76380, 272.589,  6.587, 21.111
 76440, 275.813,  8.639, 22.304
 76500, 271.514,  5.306, 24.744
 76560, 263.901,  6.252, 21.712
 76620, 275.971,  6.568, 18.516
 76680, 266.647,  3.828, 22.727
 76740, 258.191,  7.885, 23.231
 76800, -9999.000, -9999.000, -9999.000
 76860, 243.121,  6.454, 21.809
 76920, 223.712,  4.003, 19.109
 76980, 200.344,  5.919, 17.290
 77040, 199.346,  5.144, 16.738
 77100, 203.407,  5.877, 18.211
 77160, 211.681,  6.679, 18.292
 77220, 217.682,  6.746, 17.470
 77280, 216.026,  6.770, 15.921
 77340, 209.859,  6.348, 16.380
 77400, 212.776,  5.824, 18.375
 77460, 211.801,  3.900, 16.954
 77520, 210.254,  5.390, 15.089
 77580, 200.270,  5.370, 17.296
 77640, 197.820,  6.137, 15.446
 77700, 200.959,  6.503, 13.211
 77760, 186.203,  4.058, 15.111
 77820, 193.631,  7.019, 15.452
 77880, 195.487,  7.310, 15.517
 77940, 205.114,  5.696, 14.838
 78000, 221.700,  6.120, 17.215
 78060, 211.895,  4.832, 14.903
 78120, 229.446,  8.092, 16.590
 78180, 234.465,  6.193, 16.749
 78240, 230.433,  5.838, 18.460
 78300, 229.957,  5.668, 15.434
 78360, 227.919,  4.953, 14.078
 78420, 223.675,  5.634, 18.208
 78480, 220.989,  6.143, 13.577
 78540, 216.502,  4.496, 15.290
 78600, 224.605,  5.958, 15.628
 78660, 215.513,  9.337, 15.662
 78720, 228.641,  5.996, 17.341
 78780, 248.156,  6.023, 17.216
 78840, 245.915,  7.669, 16.804
 78900, 247.065,  5.683, 19.593
 78960, 257.681,  8.089, 20.007
 79020, 258.865,  5.232, 17.587
 79080, 272.441,  4.819, 19.565
 79140, 267.284,  4.668, 21.967
 79200, 268.440,  7.761, 20.867
 79260, 276.808,  5.419, 18.847
 79320, 299.881,  6.165, 24.350
 79380, 314.362,  6.274, 25.184
 79440, 314.841,  5.031, 21.980
 79500, 332.705,  7.767, 24.575
 79560, 315.178,  6.609, 22.564
 79620, 303.671,  5.819, 24.024
 79680, 263.444,  4.689, 22.303
 79740, 271.549,  6.888, 20.278
 79800, 283.172,  5.553, 16.841
 79860, 304.548,  8.956, 21.953
 79920, 316.530,  8.115, 21.518
 79980, 307.497,  5.760, 23.528
 80040, 322.832,  5.114, 25.084
 80100, 340.904,  5.763, 26.115
 80160, 353.677,  4.865, 24.909
 80220, 345.694,  5.875, 25.163
 80280, 342.285,  6.123, 25.581
 80340, 319.019,  6.594, 22.799
 80400, 339.252,  6.375, 26.007
 80460, -9999.000, -9999.000, -9999.000
 80520, 381.959,  7.642, 26.521
 80580, 398.517,  6.537, 32.351
 80640, 398.009,  7.361, 30.670
 80700, 397.072,  7.319, 31.645
 80760, 391.429,  6.461, 28.012
 80820, 389.904,  6.192, 34.568
 80880, 390.635,  8.192, 30.227
 80940, 393.877,  3.864, 34.571
 81000, 389.867,  7.380, 32.395
 81060, 401.770,  6.628, 32.992
 81120, 390.998,  6.320, 27.146
 81180, 411.451,  8.282, 32.157
 81240, 387.747,  6.575, 28.904
 81300, 377.640,  5.208, 31.458
 81360, 344.403,  7.650, 26.283
 81420, 344.925,  5.287, 27.071
 81480, 362.609,  5.804, 26.412
 81540, 357.577,  6.216, 25.948
 81600, 330.701,  6.082, 24.851
 81660, 308.517,  6.070, 22.484
 81720, 318.863,  5.010, 24.129
 81780, 309.818,  5.601, 26.960
 81840, 303.286,  3.823, 24.486
 81900, 280.465,  5.518, 23.188
 81960, 278.808,  5.530, 23.376
 82020, 290.819,  4.907, 20.741
 82080, 281.397,  5.885, 22.360
 82140, -9999.000, -9999.000, -9999.000
 82200, -9999.000, -9999.000, -9999.000
 82260, -9999.000, -9999.000, -9999.000
 82320, -9999.000, -9999.000, -9999.000
 82380, -9999.000, -9999.000, -9999.000
 82440, -9999.000, -9999.000, -9999.000
 82500, -9999.000, -9999.000, -9999.000
 82560, -9999.000, -9999.000, -9999.000
 82620, -9999.000, -9999.000, -9999.000
 82680, -9999.000, -9999.000, -9999.000
 82740, -9999.000, -9999.000, -9999.000
 82800, -9999.000, -9999.000, -9999.000
 82860, -9999.000, -9999.000, -9999.000
 82920, -9999.000, -9999.000, -9999.000
 82980, -9999.000, -9999.000, -9999.000
 83040, -9999.000, -9999.000, -9999.000
 83100, -9999.000, -9999.000, -9999.000
 83160, -9999.000, -9999.000, -9999.000
 83220, -9999.000, -9999.000, -9999.000
 83280, -9999.000, -9999.000, -9999.000
 83340, -9999.000, -9999.000, -9999.000
 83400, -9999.000, -9999.000, -9999.000
 83460, -9999.000, -9999.000, -9999.000
 83520, -9999.000, -9999.000, -9999.000
 83580, -9999.000, -9999.000, -9999.000
 83640, -9999.000, -9999.000, -9999.000
 83700, -9999.000, -9999.000, -9999.000
 83760, -9999.000, -9999.000, -9999.000
 83820, -9999.000, -9999.000, -9999.000
 83880, -9999.000, -9999.000, -9999.000
 83940, -9999.000, -9999.000, -9999.000
 84000, -9999.000, -9999.000, -9999.000
 84060, -9999.000, -9999.000, -9999.000
 84120, -9999.000, -9999.000, -9999.000
 84180, -9999.000, -9999.000, -9999.000
 84240, -9999.000, -9999.000, -9999.000
 84300, -9999.000, -9999.000, -9999.000
 84360, -9999.000, -9999.000, -9999.000
 84420, -9999.000, -9999.000, -9999.000
 84480, -9999.000, -9999.000, -9999.000
 84540, -9999.000, -9999.000, -9999.000
 84600, -9999.000, -9999.000, -9999.000
 84660, -9999.000, -9999.000, -9999.000
 84720, -9999.000, -9999.000, -9999.000
 84780, -9999.000, -9999.000, -9999.000
 84840, -9999.000, -9999.000, -9999.000
 84900, -9999.000, -9999.000, -9999.000
 84960, -9999.000, -9999.000, -9999.000
 85020, -9999.000, -9999.000, -9999.000
 85080, -9999.000, -9999.000, -9999.000
 85140, -9999.000, -9999.000, -9999.000
 85200, -9999.000, -9999.000, -9999.000
 85260, -9999.000, -9999.000, -9999.000
 85320, -9999.000, -9999.000, -9999.000
 85380, -9999.000, -9999.000, -9999.000
 85440, -9999.000, -9999.000, -9999.000
 85500, -9999.000, -9999.000, -9999.000
 85560, -9999.000, -9999.000, -9999.000
 85620, -9999.000, -9999.000, -9999.000
 85680, -9999.000, -9999.000, -9999.000
 85740, -9999.000, -9999.000, -9999.000
 85800, -9999.000, -9999.000, -9999.000
 85860, -9999.000, -9999.000, -9999.000
 85920, -9999.000, -9999.000, -9999.000
 85980, -9999.000, -9999.000, -9999.000
 86040, -9999.000, -9999.000, -9999.000
 86100, -9999.000, -9999.000, -9999.000
 86160, -9999.000, -9999.000, -9999.000
 86220, -9999.000, -9999.000, -9999.000
 86280, -9999.000, -9999.000, -9999.000
 86340, -9999.000, -9999.000, -9999.000
