CampaignData_and_Merges/R0/CSL_MobileLab_Parked/raw/20240803/USOS-jNO2_MobileLabGround_20240803_R0.ict
52,1001
Waxman, E.; Rollins, A.; Zuraski, K.; Chace, W.
NOAA Chemical Sciences Laboratory
jNO2 filter radiometer on CSL Mobile Lab
AMMBEC / USOS
1, 1
2024,08,03, 2025,04,01
60
Time_Start, seconds, number_of_seconds_since_0000_UTC
20
1, 1, 1, 1, 1, 1, 1, 1, 1, 1, 1, 1, 1, 1, 1, 1, 1, 1, 1, 1
-9999, -9999, -9999, -9999, -9999, -9999, -9999, -9999, -9999, -9999, -9999, -9999, -9999, -9999, -9999, -9999, -9999, -9999, -9999, -9999
Time_Stop, seconds, number_of_seconds_since_0000_UTC
jNO2_meas, per second, photolysis rate of NO2 measured using a filter radiometer.
jBrCl, per second, photolysis rate of BrCl -> Br + Cl calculated in TUV for cloud-free sky with local AOD
jBr2, per second, photolysis rate of Br2 -> Br + Br calculated in TUV for cloud-free sky with local AOD
jCCl4, per second, photolysis rate of CCl4 -> Products calcualted in TUV for cloud-free sky with local AOD
jCH2Oa, per second, photolysis rate of CH2O -> H + HCO calculated in TUV for cloud-free sky with local AOD
jCH2Ob, per second, photolysis rate of CH2O -> H2 + CO calculated in TUV for cloud-free sky with local AOD
jClNO2, per second, photolysis rate of ClNO2 -> Cl + NO2 calculated in TUV for cloud-free sky with local AOD
jClOa, per second, photolysis rate of ClO -> Cl + O(1D) calculated in TUV for cloud-free sky with local AOD
jClOb, per second, photolysis rate of ClO -> Cl + O(3P) calculated in TUV for cloud-free sky with local AOD
jCl2, per second, photolysis rate of Cl2 -> Cl + Cl calculated in TUV for cloud-free sky with local AOD
jHNO2, per second, photolysis rate of HNO2 -> OH + NO calculated in TUV for cloud-free sky with local AOD
jHNO3, per second, photolysis rate of HNO3 -> OH + NO2 calculated in TUV for cloud-free sky with local AOD
jI2, per second, photolysis rate of I2 -> I + I calculated in TUV for cloud-free sky with local AOD
jNO2, per second, photolysis rate of NO2 -> NO + O(3P) calculated in TUV for cloud-free sky with local AOD
jNO3a, per second, photolysis rate of NO3 -> NO + O2 calculated in TUV for cloud-free sky with local AOD
jNO3b, per second, photolysis rate of NO3 -> NO2 + O(3P) calculated in TUV for cloud-free sky with local AOD
jN2O5, per second, photolysis rate of N2O5 -> NO3 + NO + O(3P) calculated in TUV for cloud-free sky with local AOD
jO3, per second, photolysis rate of O3 -> O2 + O(1D) calculated in TUV for cloud-free sky with local AOD
AOD_500nm, unitless, UTC daily mean AOD at 500 nm from an AERONET station located at 40.178 N, -112.452 E
0
18
PI_CONTACT_INFO: eleanor.waxman@noaa.gov
PLATFORM: CSL Mobile Lab, at ground site
LOCATION: Salt Lake City, UT
ASSOCIATED_DATA:
INSTRUMENT_INFO: jNO2 filter radiometer.  TUV calculations are for mobile van lat/lon/altitude assuming clear sky (cloud AOD = 0) and daily mean AOD.
DATA_INFO:
UNCERTAINTY: Data uncertainties are +/- 20%.  These come from uncertainties in radiometer angular response, radiometer thermal response, local interferences from clouds/aerosols/shadows etc.
ULOD_FLAG: -7777
ULOD_VALUE: N/A
LLOD_FLAG: -8888
LLOD_VALUE: N/A
DM_CONTACT_INFO: eleanor.waxman@noaa.gov
PROJECT_INFO: USOS Project, July - August 2024
STIPULATIONS_ON_USE: Users are strongly encouraged to contact the PI for proper data usage.
OTHER_COMMENTS: 
REVISION: R0
R0: final data
Time_Start, Time_Stop, jNO2_meas, jBrCl, jBr2, jCCl4, jCH2Oa, jCH2Ob, jClNO2, jClOa, jClOb, jCl2, jHNO2, jHNO3, jI2, jNO2, jNO3a, jNO3b, jN2O5, jO3, AOD_500nm
[from data line 1141]
   68460,   68520,-9999,0.01055,0.0319,6.821e-22,3.22e-05,4.744e-05,0.0004683,3.332e-22,4.91e-05,0.00228,0.001482,5.904e-07,0.1136,0.009086,0.02192,0.1758,4.218e-05,3.237e-05,0.261
   68520,   68580,-9999,0.01056,0.0319,6.919e-22,3.221e-05,4.746e-05,0.0004685,3.38e-22,4.914e-05,0.00228,0.001482,5.908e-07,0.1136,0.009088,0.02192,0.1758,4.22e-05,3.24e-05,0.261
   68580,   68640,-9999,0.01056,0.03191,7.021e-22,3.223e-05,4.748e-05,0.0004686,3.43e-22,4.919e-05,0.002281,0.001482,5.912e-07,0.1136,0.00909,0.02192,0.1759,4.222e-05,3.243e-05,0.261
   68640,   68700,-9999,0.01056,0.03191,7.12e-22,3.224e-05,4.749e-05,0.0004688,3.479e-22,4.923e-05,0.002282,0.001483,5.916e-07,0.1137,0.009092,0.02193,0.1759,4.224e-05,3.246e-05,0.261
   68700,   68760,-9999,0.01056,0.03191,7.21e-22,3.226e-05,4.751e-05,0.0004689,3.523e-22,4.927e-05,0.002282,0.001483,5.92e-07,0.1137,0.009093,0.02193,0.1759,4.225e-05,3.249e-05,0.261
   68760,   68820,-9999,0.01056,0.03192,7.304e-22,3.227e-05,4.752e-05,0.0004691,3.57e-22,4.931e-05,0.002283,0.001483,5.923e-07,0.1137,0.009095,0.02193,0.1759,4.227e-05,3.252e-05,0.261
   68820,   68880,-9999,0.01056,0.03192,7.396e-22,3.228e-05,4.754e-05,0.0004692,3.615e-22,4.935e-05,0.002283,0.001484,5.927e-07,0.1137,0.009097,0.02193,0.1759,4.228e-05,3.255e-05,0.261
   68880,   68940,-9999,0.01057,0.03192,7.479e-22,3.23e-05,4.755e-05,0.0004694,3.656e-22,4.938e-05,0.002284,0.001484,5.93e-07,0.1137,0.009099,0.02193,0.1759,4.229e-05,3.257e-05,0.261
   68940,   69000,-9999,0.01057,0.03193,7.565e-22,3.231e-05,4.756e-05,0.0004695,3.699e-22,4.942e-05,0.002284,0.001484,5.933e-07,0.1137,0.0091,0.02193,0.1759,4.231e-05,3.259e-05,0.261
   69000,   69060,-9999,0.01057,0.03193,7.648e-22,3.232e-05,4.758e-05,0.0004696,3.74e-22,4.945e-05,0.002285,0.001485,5.936e-07,0.1137,0.009102,0.02193,0.1759,4.232e-05,3.262e-05,0.261
   69060,   69120,-9999,0.01057,0.03193,7.721e-22,3.233e-05,4.759e-05,0.0004697,3.776e-22,4.948e-05,0.002285,0.001485,5.939e-07,0.1137,0.009103,0.02193,0.1759,4.233e-05,3.264e-05,0.261
   69120,   69180,-9999,0.01057,0.03193,7.797e-22,3.234e-05,4.76e-05,0.0004698,3.813e-22,4.951e-05,0.002286,0.001485,5.941e-07,0.1137,0.009105,0.02193,0.176,4.235e-05,3.266e-05,0.261
   69180,   69240,-9999,0.01057,0.03194,7.87e-22,3.235e-05,4.761e-05,0.00047,3.849e-22,4.954e-05,0.002286,0.001485,5.944e-07,0.1137,0.009106,0.02193,0.176,4.236e-05,3.268e-05,0.261
   69240,   69300,-9999,0.01057,0.03194,7.936e-22,3.236e-05,4.762e-05,0.0004701,3.881e-22,4.957e-05,0.002286,0.001485,5.946e-07,0.1137,0.009107,0.02194,0.176,4.237e-05,3.27e-05,0.261
   69300,   69360,-9999,0.01057,0.03194,8.001e-22,3.237e-05,4.763e-05,0.0004701,3.914e-22,4.959e-05,0.002287,0.001486,5.948e-07,0.1137,0.009108,0.02194,0.176,4.238e-05,3.271e-05,0.261
   69360,   69420,-9999,0.01058,0.03194,8.061e-22,3.238e-05,4.764e-05,0.0004702,3.943e-22,4.962e-05,0.002287,0.001486,5.951e-07,0.1137,0.009109,0.02194,0.176,4.239e-05,3.273e-05,0.261
   69420,   69480,-9999,0.01058,0.03195,8.116e-22,3.239e-05,4.765e-05,0.0004703,3.97e-22,4.964e-05,0.002287,0.001486,5.952e-07,0.1137,0.00911,0.02194,0.176,4.239e-05,3.274e-05,0.261
   69480,   69540,-9999,0.01058,0.03195,8.17e-22,3.239e-05,4.765e-05,0.0004704,3.997e-22,4.966e-05,0.002288,0.001486,5.954e-07,0.1138,0.009111,0.02194,0.176,4.24e-05,3.276e-05,0.261
   69540,   69600,-9999,0.01058,0.03195,8.221e-22,3.24e-05,4.766e-05,0.0004705,4.022e-22,4.968e-05,0.002288,0.001486,5.956e-07,0.1138,0.009112,0.02194,0.176,4.241e-05,3.277e-05,0.261
   69600,   69660,-9999,0.01058,0.03195,8.264e-22,3.241e-05,4.767e-05,0.0004705,4.044e-22,4.969e-05,0.002288,0.001487,5.957e-07,0.1138,0.009113,0.02194,0.176,4.242e-05,3.278e-05,0.261
   69660,   69720,-9999,0.01058,0.03195,8.306e-22,3.241e-05,4.767e-05,0.0004706,4.064e-22,4.971e-05,0.002289,0.001487,5.959e-07,0.1138,0.009114,0.02194,0.176,4.242e-05,3.279e-05,0.261
   69720,   69780,-9999,0.01058,0.03195,8.342e-22,3.242e-05,4.768e-05,0.0004706,4.082e-22,4.972e-05,0.002289,0.001487,5.96e-07,0.1138,0.009114,0.02194,0.176,4.243e-05,3.28e-05,0.261
   69780,   69840,-9999,0.01058,0.03195,8.374e-22,3.242e-05,4.768e-05,0.0004707,4.098e-22,4.973e-05,0.002289,0.001487,5.961e-07,0.1138,0.009115,0.02194,0.176,4.243e-05,3.281e-05,0.261
   69840,   69900,-9999,0.01058,0.03196,8.403e-22,3.242e-05,4.769e-05,0.0004707,4.112e-22,4.975e-05,0.002289,0.001487,5.962e-07,0.1138,0.009115,0.02194,0.176,4.244e-05,3.282e-05,0.261
   69900,   69960,-9999,0.01058,0.03196,8.428e-22,3.243e-05,4.769e-05,0.0004707,4.124e-22,4.975e-05,0.002289,0.001487,5.963e-07,0.1138,0.009116,0.02194,0.176,4.244e-05,3.283e-05,0.261
   69960,   70020,-9999,0.01058,0.03196,8.447e-22,3.243e-05,4.769e-05,0.0004708,4.134e-22,4.976e-05,0.002289,0.001487,5.964e-07,0.1138,0.009116,0.02194,0.176,4.244e-05,3.283e-05,0.261
   70020,   70080,-9999,0.01058,0.03196,8.464e-22,3.243e-05,4.77e-05,0.0004708,4.142e-22,4.977e-05,0.002289,0.001487,5.964e-07,0.1138,0.009116,0.02194,0.176,4.244e-05,3.283e-05,0.261
   70080,   70140,-9999,0.01058,0.03196,8.473e-22,3.243e-05,4.77e-05,0.0004708,4.147e-22,4.977e-05,0.002289,0.001487,5.964e-07,0.1138,0.009117,0.02194,0.176,4.245e-05,3.284e-05,0.261
   70140,   70200,-9999,0.01058,0.03196,8.48e-22,3.243e-05,4.77e-05,0.0004708,4.15e-22,4.977e-05,0.002289,0.001487,5.965e-07,0.1138,0.009117,0.02194,0.176,4.245e-05,3.284e-05,0.261
   70200,   70260,-9999,0.01058,0.03196,8.483e-22,3.243e-05,4.77e-05,0.0004708,4.152e-22,4.978e-05,0.002289,0.001487,5.965e-07,0.1138,0.009117,0.02194,0.176,4.245e-05,3.284e-05,0.261
   70260,   70320,-9999,0.01058,0.03196,8.481e-22,3.243e-05,4.77e-05,0.0004708,4.151e-22,4.977e-05,0.002289,0.001487,5.965e-07,0.1138,0.009117,0.02194,0.176,4.245e-05,3.284e-05,0.261
   70320,   70380,-9999,0.01058,0.03196,8.475e-22,3.243e-05,4.77e-05,0.0004708,4.148e-22,4.977e-05,0.002289,0.001487,5.964e-07,0.1138,0.009117,0.02194,0.176,4.245e-05,3.284e-05,0.261
   70380,   70440,-9999,0.01058,0.03196,8.463e-22,3.243e-05,4.77e-05,0.0004708,4.142e-22,4.977e-05,0.002289,0.001487,5.964e-07,0.1138,0.009116,0.02194,0.176,4.244e-05,3.283e-05,0.261
   70440,   70500,-9999,0.01058,0.03196,8.448e-22,3.243e-05,4.769e-05,0.0004708,4.134e-22,4.976e-05,0.002289,0.001487,5.964e-07,0.1138,0.009116,0.02194,0.176,4.244e-05,3.283e-05,0.261
   70500,   70560,-9999,0.01058,0.03196,8.429e-22,3.243e-05,4.769e-05,0.0004707,4.125e-22,4.976e-05,0.002289,0.001487,5.963e-07,0.1138,0.009116,0.02194,0.176,4.244e-05,3.283e-05,0.261
   70560,   70620,-9999,0.01058,0.03196,8.406e-22,3.242e-05,4.769e-05,0.0004707,4.113e-22,4.975e-05,0.002289,0.001487,5.962e-07,0.1138,0.009115,0.02194,0.176,4.244e-05,3.282e-05,0.261
   70620,   70680,-9999,0.01058,0.03195,8.377e-22,3.242e-05,4.768e-05,0.0004707,4.099e-22,4.974e-05,0.002289,0.001487,5.961e-07,0.1138,0.009115,0.02194,0.176,4.243e-05,3.281e-05,0.261
   70680,   70740,0.003093,0.01058,0.03195,8.347e-22,3.242e-05,4.768e-05,0.0004706,4.084e-22,4.972e-05,0.002289,0.001487,5.96e-07,0.1138,0.009114,0.02194,0.176,4.243e-05,3.28e-05,0.261
   70740,   70800,0.0031151,0.01058,0.03195,8.308e-22,3.241e-05,4.767e-05,0.0004706,4.065e-22,4.971e-05,0.002289,0.001487,5.959e-07,0.1138,0.009114,0.02194,0.176,4.242e-05,3.279e-05,0.261
   70800,   70860,0.0031308,0.01058,0.03195,8.267e-22,3.241e-05,4.767e-05,0.0004705,4.045e-22,4.97e-05,0.002288,0.001487,5.958e-07,0.1138,0.009113,0.02194,0.176,4.242e-05,3.278e-05,0.261
   70860,   70920,0.0031364,0.01058,0.03195,8.224e-22,3.24e-05,4.766e-05,0.0004705,4.024e-22,4.968e-05,0.002288,0.001486,5.956e-07,0.1138,0.009112,0.02194,0.176,4.241e-05,3.277e-05,0.261
   70920,   70980,0.0031465,0.01058,0.03195,8.175e-22,3.239e-05,4.766e-05,0.0004704,4e-22,4.966e-05,0.002288,0.001486,5.955e-07,0.1138,0.009111,0.02194,0.176,4.24e-05,3.276e-05,0.261
   70980,   71040,0.0031577,0.01058,0.03195,8.122e-22,3.239e-05,4.765e-05,0.0004703,3.974e-22,4.964e-05,0.002288,0.001486,5.953e-07,0.1137,0.009111,0.02194,0.176,4.239e-05,3.275e-05,0.261
   71040,   71100,0.0031912,0.01058,0.03194,8.068e-22,3.238e-05,4.764e-05,0.0004702,3.947e-22,4.962e-05,0.002287,0.001486,5.951e-07,0.1137,0.00911,0.02194,0.176,4.239e-05,3.273e-05,0.261
   71100,   71160,0.0031957,0.01057,0.03194,8.005e-22,3.237e-05,4.763e-05,0.0004702,3.916e-22,4.959e-05,0.002287,0.001486,5.949e-07,0.1137,0.009108,0.02194,0.176,4.238e-05,3.272e-05,0.261
   71160,   71220,0.0031971,0.01057,0.03194,7.941e-22,3.236e-05,4.762e-05,0.0004701,3.884e-22,4.957e-05,0.002287,0.001486,5.946e-07,0.1137,0.009107,0.02194,0.176,4.237e-05,3.27e-05,0.261
   71220,   71280,0.0032396,0.01057,0.03194,7.876e-22,3.235e-05,4.761e-05,0.00047,3.852e-22,4.954e-05,0.002286,0.001485,5.944e-07,0.1137,0.009106,0.02194,0.176,4.236e-05,3.268e-05,0.261
   71280,   71340,0.0032526,0.01057,0.03194,7.805e-22,3.234e-05,4.76e-05,0.0004699,3.817e-22,4.952e-05,0.002286,0.001485,5.942e-07,0.1137,0.009105,0.02193,0.176,4.235e-05,3.266e-05,0.261
   71340,   71400,0.0032615,0.01057,0.03193,7.729e-22,3.233e-05,4.759e-05,0.0004697,3.78e-22,4.948e-05,0.002285,0.001485,5.939e-07,0.1137,0.009103,0.02193,0.176,4.233e-05,3.264e-05,0.261
   71400,   71460,0.0032655,0.01057,0.03193,7.653e-22,3.232e-05,4.758e-05,0.0004696,3.742e-22,4.945e-05,0.002285,0.001485,5.936e-07,0.1137,0.009102,0.02193,0.1759,4.232e-05,3.262e-05,0.261
   71460,   71520,0.0032529,0.01057,0.03193,7.571e-22,3.231e-05,4.757e-05,0.0004695,3.702e-22,4.942e-05,0.002284,0.001484,5.933e-07,0.1137,0.009101,0.02193,0.1759,4.231e-05,3.26e-05,0.261
   71520,   71580,0.0032418,0.01057,0.03192,7.486e-22,3.23e-05,4.755e-05,0.0004694,3.66e-22,4.939e-05,0.002284,0.001484,5.93e-07,0.1137,0.009099,0.02193,0.1759,4.23e-05,3.257e-05,0.261
   71580,   71640,0.0032306,0.01056,0.03192,7.404e-22,3.229e-05,4.754e-05,0.0004693,3.619e-22,4.935e-05,0.002283,0.001484,5.927e-07,0.1137,0.009097,0.02193,0.1759,4.228e-05,3.255e-05,0.261
   71640,   71700,0.0032077,0.01056,0.03192,7.313e-22,3.227e-05,4.752e-05,0.0004691,3.574e-22,4.931e-05,0.002283,0.001483,5.924e-07,0.1137,0.009096,0.02193,0.1759,4.227e-05,3.252e-05,0.261
   71700,   71760,0.0031621,0.01056,0.03191,7.219e-22,3.226e-05,4.751e-05,0.000469,3.528e-22,4.927e-05,0.002282,0.001483,5.92e-07,0.1137,0.009094,0.02193,0.1759,4.225e-05,3.249e-05,0.261
   71760,   71820,0.0030918,0.01056,0.03191,7.127e-22,3.224e-05,4.749e-05,0.0004688,3.483e-22,4.923e-05,0.002282,0.001483,5.916e-07,0.1137,0.009092,0.02193,0.1759,4.224e-05,3.247e-05,0.261
   71820,   71880,0.0030134,0.01056,0.03191,7.028e-22,3.223e-05,4.748e-05,0.0004687,3.434e-22,4.919e-05,0.002281,0.001482,5.913e-07,0.1137,0.00909,0.02192,0.1759,4.222e-05,3.244e-05,0.261
   71880,   71940,0.0029526,0.01056,0.0319,6.928e-22,3.221e-05,4.746e-05,0.0004685,3.384e-22,4.914e-05,0.00228,0.001482,5.909e-07,0.1136,0.009088,0.02192,0.1758,4.22e-05,3.241e-05,0.261
   71940,   72000,0.0029174,0.01055,0.0319,6.83e-22,3.22e-05,4.744e-05,0.0004683,3.337e-22,4.91e-05,0.00228,0.001482,5.905e-07,0.1136,0.009086,0.02192,0.1758,4.219e-05,3.238e-05,0.261
   72000,   72060,0.0029123,0.01055,0.03189,6.725e-22,3.218e-05,4.743e-05,0.0004681,3.285e-22,4.905e-05,0.002279,0.001481,5.9e-07,0.1136,0.009084,0.02192,0.1758,4.217e-05,3.234e-05,0.261
   72060,   72120,0.0029464,0.01055,0.03189,6.616e-22,3.216e-05,4.741e-05,0.000468,3.231e-22,4.9e-05,0.002278,0.001481,5.896e-07,0.1136,0.009081,0.02192,0.1758,4.215e-05,3.231e-05,0.261
   72120,   72180,0.003009,0.01055,0.03189,6.514e-22,3.215e-05,4.739e-05,0.0004678,3.181e-22,4.895e-05,0.002278,0.00148,5.892e-07,0.1136,0.009079,0.02192,0.1758,4.213e-05,3.227e-05,0.261
   72180,   72240,0.003071,0.01055,0.03188,6.403e-22,3.213e-05,4.737e-05,0.0004676,3.126e-22,4.89e-05,0.002277,0.00148,5.887e-07,0.1136,0.009077,0.02192,0.1758,4.211e-05,3.224e-05,0.261
   72240,   72300,0.0031457,0.01054,0.03188,6.291e-22,3.211e-05,4.735e-05,0.0004674,3.071e-22,4.885e-05,0.002276,0.00148,5.882e-07,0.1136,0.009074,0.02191,0.1758,4.209e-05,3.22e-05,0.261
   72300,   72360,0.0032358,0.01054,0.03187,6.185e-22,3.209e-05,4.733e-05,0.0004672,3.018e-22,4.879e-05,0.002275,0.001479,5.877e-07,0.1136,0.009072,0.02191,0.1757,4.207e-05,3.216e-05,0.261
   72360,   72420,0.0033248,0.01054,0.03187,6.07e-22,3.207e-05,4.731e-05,0.000467,2.962e-22,4.874e-05,0.002274,0.001479,5.872e-07,0.1135,0.009069,0.02191,0.1757,4.204e-05,3.212e-05,0.261
   72420,   72480,0.0033927,0.01054,0.03186,5.953e-22,3.205e-05,4.728e-05,0.0004667,2.904e-22,4.868e-05,0.002274,0.001478,5.867e-07,0.1135,0.009066,0.02191,0.1757,4.202e-05,3.208e-05,0.261
   72480,   72540,0.0034355,0.01054,0.03186,5.843e-22,3.203e-05,4.726e-05,0.0004665,2.85e-22,4.862e-05,0.002273,0.001478,5.862e-07,0.1135,0.009063,0.02191,0.1757,4.2e-05,3.204e-05,0.261
   72540,   72600,0.0034864,0.01053,0.03185,5.726e-22,3.201e-05,4.724e-05,0.0004663,2.792e-22,4.855e-05,0.002272,0.001477,5.856e-07,0.1135,0.00906,0.0219,0.1757,4.197e-05,3.2e-05,0.261
   72600,   72660,0.0035619,0.01053,0.03184,5.608e-22,3.198e-05,4.721e-05,0.000466,2.734e-22,4.849e-05,0.002271,0.001477,5.85e-07,0.1135,0.009057,0.0219,0.1756,4.195e-05,3.196e-05,0.261
   72660,   72720,0.0036807,0.01053,0.03184,5.496e-22,3.196e-05,4.719e-05,0.0004658,2.679e-22,4.843e-05,0.00227,0.001476,5.845e-07,0.1135,0.009054,0.0219,0.1756,4.192e-05,3.191e-05,0.261
   72720,   72780,0.0037947,0.01052,0.03183,5.377e-22,3.194e-05,4.716e-05,0.0004656,2.621e-22,4.836e-05,0.002269,0.001475,5.839e-07,0.1135,0.009051,0.0219,0.1756,4.19e-05,3.187e-05,0.261
   72780,   72840,0.0039159,0.01052,0.03183,5.256e-22,3.191e-05,4.714e-05,0.0004653,2.561e-22,4.829e-05,0.002268,0.001475,5.833e-07,0.1134,0.009048,0.0219,0.1756,4.187e-05,3.182e-05,0.261
   72840,   72900,0.0040434,0.01052,0.03182,5.144e-22,3.189e-05,4.711e-05,0.000465,2.506e-22,4.823e-05,0.002267,0.001474,5.827e-07,0.1134,0.009045,0.02189,0.1756,4.184e-05,3.177e-05,0.261
   72900,   72960,0.004168,0.01052,0.03181,5.025e-22,3.186e-05,4.708e-05,0.0004648,2.447e-22,4.815e-05,0.002266,0.001474,5.82e-07,0.1134,0.009041,0.02189,0.1755,4.182e-05,3.173e-05,0.261
   72960,   73020,0.0042783,0.01051,0.03181,4.905e-22,3.184e-05,4.705e-05,0.0004645,2.389e-22,4.808e-05,0.002265,0.001473,5.814e-07,0.1134,0.009038,0.02189,0.1755,4.179e-05,3.168e-05,0.261
   73020,   73080,0.0043833,0.01051,0.0318,4.793e-22,3.181e-05,4.703e-05,0.0004642,2.334e-22,4.801e-05,0.002264,0.001472,5.807e-07,0.1134,0.009035,0.02189,0.1755,4.176e-05,3.163e-05,0.261
   73080,   73140,0.0045042,0.01051,0.03179,4.673e-22,3.179e-05,4.7e-05,0.0004639,2.275e-22,4.793e-05,0.002263,0.001472,5.8e-07,0.1134,0.009031,0.02188,0.1755,4.173e-05,3.157e-05,0.261
   73140,   73200,0.0046686,0.0105,0.03179,4.555e-22,3.176e-05,4.697e-05,0.0004636,2.216e-22,4.785e-05,0.002261,0.001471,5.793e-07,0.1133,0.009027,0.02188,0.1754,4.17e-05,3.152e-05,0.261
   73200,   73260,0.004967,0.0105,0.03178,4.444e-22,3.173e-05,4.694e-05,0.0004633,2.162e-22,4.778e-05,0.00226,0.001471,5.787e-07,0.1133,0.009024,0.02188,0.1754,4.167e-05,3.147e-05,0.261
   73260,   73320,0.0055406,0.0105,0.03177,4.327e-22,3.17e-05,4.691e-05,0.000463,2.105e-22,4.77e-05,0.002259,0.00147,5.779e-07,0.1133,0.00902,0.02188,0.1754,4.164e-05,3.141e-05,0.261
   73320,   73380,0.0068492,0.01049,0.03176,4.211e-22,3.167e-05,4.687e-05,0.0004627,2.047e-22,4.761e-05,0.002258,0.001469,5.772e-07,0.1133,0.009016,0.02187,0.1754,4.16e-05,3.136e-05,0.261
   73380,   73440,0.0074343,0.01049,0.03176,4.103e-22,3.164e-05,4.684e-05,0.0004624,1.994e-22,4.753e-05,0.002257,0.001468,5.765e-07,0.1133,0.009012,0.02187,0.1753,4.157e-05,3.13e-05,0.261
   73440,   73500,0.0066888,0.01049,0.03175,3.987e-22,3.161e-05,4.681e-05,0.0004621,1.937e-22,4.745e-05,0.002255,0.001468,5.757e-07,0.1132,0.009008,0.02187,0.1753,4.154e-05,3.124e-05,0.261
   73500,   73560,0.0069494,0.01048,0.03174,3.874e-22,3.158e-05,4.677e-05,0.0004617,1.882e-22,4.736e-05,0.002254,0.001467,5.749e-07,0.1132,0.009003,0.02186,0.1753,4.15e-05,3.118e-05,0.261
