CampaignData_and_Merges/R0/CSL_MobileLab_Parked/raw/20240803/USOS-NOAAIodideCIMS-OrgNitrs_MobileLabGround_20240803_RA.ict
37, 1001
Michael A Robinson, Chris Jernigan, Subi Thakali
NOAA ESRL Chemical Sciences Laboratory and CIRES, U. of Colorado
NOAA Iodide CIMS Instrument
USOS
1, 1
2024, 08, 03, 2024, 08, 04
1
starttime_UTC, seconds_past_midnight, seconds_of_day_since_00:00:00_UTC
5
1, 1, 1, 1, 1
-9999, -9999, -9999, -9999, -9999
C4H7NO5_NOAACIMS, pptv, Gas_C4H7NO5_InSitu_S_AVMR, 
ISOPN_NOAACIMS, pptv, Gas_ISOPN_InSitu_S_AVMR, 
C5H10O3_NOAACIMS, pptv, Gas_C5H10O3_InSitu_S_AVMR, 
C5H9NO5_NOAACIMS, pptv, Gas_C5H9NO5_InSitu_S_AVMR, 
C10H17NO4_NOAACIMS, pptv, Gas_C10H17NO4_InSitu_S_AVMR, 
0
18
PI_CONTACT_INFO: 325 Broadway, R/CSD 7, Boulder, Colorado 80305; michael.a.robinson@noaa.gov; chris.jernigan@noaa.gov;
PLATFORM: NOAA CSL Mobile Lab
LOCATION: SLC, Utah
ASSOCIATED_DATA: 1Hz data also available on request.
INSTRUMENT_INFO: NOAA I- ToF CIMS
DATA_INFO: All data in parts per trillion by volume (pptv). 1 Hz data is available upon request.
UNCERTAINTY: TBD
ULOD_FLAG: -7777
ULOD_VALUE: N/A
LLOD_FLAG: -8888
LLOD_VALUE: N/A
DM_CONTACT_INFO: Nathan Howard; nathan.h.howard@noaa.gov
PROJECT_INFO: USOS, summer 2024. https://csl.noaa.gov/groups/csl7/measurements/2024usos/
STIPULATIONS_ON_USE: Users are strongly encouraged to contact the PI for proper data usage.
OTHER_COMMENTS: 
REVISION: RA
RA: Preliminary Data; For in-field use only
starttime_UTC, C4H7NO5_NOAACIMS, ISOPN_NOAACIMS, C5H10O3_NOAACIMS, C5H9NO5_NOAACIMS, C10H17NO4_NOAACIMS
[from data line 651]
 39060,  4.133,  6.939, 79.140,  8.736,  1.603
 39120,  4.169,  6.431, 78.632,  9.460,  1.546
 39180,  4.220,  6.971, 82.567,  9.548,  1.500
 39240,  4.201,  6.571, 82.143,  9.361,  1.334
 39300,  3.871,  6.084, 75.709,  8.428,  1.408
 39360,  3.911,  6.521, 75.042,  8.523,  1.495
 39420,  4.021,  6.773, 76.908,  8.700,  1.380
 39480,  3.995,  6.623, 77.963,  8.734,  1.569
 39540,  4.120,  6.287, 77.002,  8.778,  1.626
 39600,  4.129,  6.822, 79.532,  9.111,  1.543
 39660,  4.128,  6.713, 82.788,  9.151,  1.543
 39720,  4.064,  6.444, 80.735,  8.916,  1.456
 39780,  3.992,  6.315, 77.301,  8.908,  1.484
 39840,  3.895,  6.463, 79.244,  8.746,  1.447
 39900,  3.826,  6.248, 77.135,  8.404,  1.389
 39960,  3.917,  6.512, 77.144,  8.682,  1.481
 40020,  3.990,  6.371, 75.630,  8.481,  1.378
 40080,  3.852,  6.151, 76.547,  8.464,  1.305
 40140,  3.557,  4.156, 69.644,  9.008,  0.763
 40200,  3.694,  6.145, 71.109,  8.081,  1.326
 40260,  3.697,  6.055, 70.822,  8.130,  1.398
 40320,  3.756,  6.000, 70.639,  8.228,  1.219
 40380,  3.925,  6.337, 71.866,  8.603,  1.381
 40440,  4.050,  6.075, 71.250,  8.771,  1.460
 40500,  4.080,  6.448, 72.313,  9.075,  1.733
 40560,  4.146,  6.279, 72.897,  9.437,  1.773
 40620,  4.073,  6.277, 71.981,  9.300,  1.768
 40680,  4.100,  6.428, 71.239,  9.328,  1.762
 40740,  3.952,  5.813, 69.060,  8.867,  1.795
 40800,  3.914,  5.768, 68.348,  8.677,  1.623
 40860,  3.921,  5.846, 66.338,  8.645,  1.568
 40920,  4.030,  6.280, 68.686,  9.082,  1.755
 40980,  4.093,  5.973, 69.959,  9.127,  2.134
 41040,  4.165,  6.172, 68.502,  9.318,  1.860
 41100,  4.203,  6.087, 69.739,  9.522,  1.872
 41160,  4.010,  5.570, 67.749,  9.150,  1.823
 41220,  3.944,  5.922, 65.653,  8.987,  1.840
 41280,  3.986,  5.989, 67.775,  9.023,  1.977
 41340,  4.019,  5.954, 68.985,  9.235,  1.895
 41400,  3.913,  5.693, 65.645,  8.702,  1.845
 41460,  3.970,  5.940, 64.057,  8.803,  1.918
 41520,  3.936,  5.814, 65.489,  8.753,  1.852
 41580,  3.824,  5.870, 64.991,  8.441,  1.892
 41640,  4.001,  5.761, 66.136,  8.680,  1.810
 41700,  3.787,  5.690, 65.248,  8.128,  1.687
 41760,  3.802,  5.993, 64.427,  8.691,  1.656
 41820,  3.885,  5.532, 64.002,  8.641,  1.824
 41880,  3.887,  5.793, 64.962,  8.781,  1.703
 41940,  3.914,  6.543, 65.378,  9.013,  1.775
 42000, -9999.000, -9999.000, -9999.000, -9999.000, -9999.000
 42060,  3.640,  5.779, 55.854,  7.820,  1.707
 42120,  3.631,  5.763, 57.633,  7.830,  1.826
 42180,  3.731,  5.424, 57.404,  8.013,  1.711
 42240,  3.639,  5.308, 58.468,  7.748,  1.794
 42300,  3.715,  5.616, 58.947,  7.902,  1.768
 42360,  3.728,  5.445, 59.785,  8.201,  1.718
 42420,  3.622,  5.323, 59.710,  8.030,  1.751
 42480,  3.676,  5.390, 59.860,  7.946,  1.773
 42540,  3.797,  5.448, 59.895,  8.261,  1.637
 42600,  3.856,  5.849, 62.607,  8.339,  1.729
 42660,  3.728,  5.724, 61.077,  7.995,  1.768
 42720,  3.751,  5.500, 59.871,  7.866,  1.756
 42780,  3.708,  5.184, 57.861,  8.119,  1.790
 42840,  3.559,  5.197, 59.048,  7.736,  1.722
 42900,  3.680,  5.613, 58.560,  7.822,  1.686
 42960,  3.790,  5.851, 61.329,  8.284,  1.660
 43020,  3.842,  5.710, 60.547,  8.060,  1.697
 43080,  3.682,  5.927, 60.863,  7.884,  1.729
 43140,  3.788,  5.465, 60.660,  8.041,  1.695
 43200,  3.696,  5.460, 59.593,  7.858,  1.738
 43260,  3.612,  5.836, 62.225,  7.630,  1.704
 43320,  3.751,  5.806, 60.358,  7.684,  1.598
 43380,  3.704,  5.351, 58.515,  7.951,  1.639
 43440,  3.606,  5.190, 59.470,  7.544,  1.677
 43500,  3.628,  5.511, 58.259,  7.643,  1.647
 43560,  3.680,  5.542, 59.732,  7.479,  1.704
 43620,  3.700,  5.377, 58.134,  7.279,  1.445
 43680,  3.689,  5.486, 56.264,  7.684,  1.663
 43740,  3.995,  6.063, 58.493,  8.178,  1.563
 43800,  3.778,  6.154, 59.860,  8.040,  1.917
 43860,  3.674,  6.186, 54.842,  7.640,  1.569
 43920,  3.885,  5.263, 57.594,  7.886,  1.647
 43980,  3.981,  5.963, 56.388,  8.152,  1.681
 44040,  4.071,  6.040, 58.788,  8.104,  1.736
 44100,  4.098,  6.205, 58.785,  8.308,  1.591
 44160,  4.147,  5.820, 59.116,  8.519,  1.579
 44220,  4.148,  6.044, 60.781,  8.557,  1.780
 44280,  4.197,  6.204, 59.169,  8.406,  1.566
 44340,  4.064,  5.618, 58.369,  8.017,  1.844
 44400,  4.029,  5.996, 60.058,  8.155,  1.879
 44460,  4.065,  5.648, 58.112,  8.311,  1.780
 44520,  3.985,  5.726, 59.103,  7.983,  1.833
 44580,  4.248,  6.382, 58.972,  8.453,  1.869
 44640,  4.205,  6.124, 59.440,  8.431,  1.895
 44700,  4.154,  5.879, 61.055,  8.215,  1.756
 44760,  4.106,  5.941, 62.272,  8.204,  1.595
 44820,  4.117,  5.906, 63.042,  8.012,  1.527
 44880,  4.171,  6.247, 58.810,  8.390,  1.685
 44940,  4.222,  6.246, 61.387,  8.405,  1.499
 45000,  4.174,  5.645, 62.245,  7.927,  1.584
 45060,  4.142,  5.870, 60.546,  7.969,  1.671
 45120,  4.143,  5.824, 62.553,  8.096,  1.536
 45180,  4.299,  6.417, 65.932,  8.422,  1.579
 45240,  4.389,  6.714, 71.128,  8.608,  1.463
 45300,  4.215,  5.841, 67.442,  7.971,  1.483
 45360,  3.976,  6.202, 65.570,  7.737,  1.436
 45420,  4.097,  5.996, 65.717,  7.816,  1.485
 45480,  4.166,  6.459, 67.562,  7.987,  1.185
 45540,  4.138,  6.355, 68.698,  7.746,  1.314
 45600,  4.166,  5.897, 67.563,  7.734,  1.216
 45660, -9999.000, -9999.000, -9999.000, -9999.000, -9999.000
 45720,  4.303,  6.395, 61.929,  7.551,  0.955
 45780,  4.437,  6.262, 65.992,  7.828,  1.127
 45840,  4.499,  6.242, 68.385,  8.091,  1.068
 45900,  4.518,  6.739, 68.183,  8.026,  1.075
 45960,  4.764,  6.794, 72.851,  8.417,  1.068
 46020,  4.781,  6.812, 74.964,  8.465,  1.030
 46080,  4.730,  6.573, 73.613,  8.102,  0.791
 46140,  4.659,  6.582, 73.679,  8.362,  1.032
 46200,  4.512,  6.675, 74.936,  8.307,  1.018
 46260,  4.523,  6.331, 73.931,  7.824,  0.981
 46320,  4.578,  6.380, 75.453,  8.085,  1.003
 46380,  4.619,  6.712, 74.645,  8.091,  1.058
 46440,  4.636,  6.463, 74.509,  8.018,  0.598
 46500,  4.568,  6.262, 75.765,  8.322,  0.669
 46560,  4.581,  6.262, 80.091,  8.086,  0.714
 46620,  4.506,  6.070, 80.445,  8.005,  0.788
 46680,  4.500,  6.319, 77.280,  8.162,  0.775
 46740,  4.501,  6.753, 76.772,  8.049,  0.852
 46800,  4.509,  6.748, 75.754,  8.330,  0.699
 46860,  4.659,  7.002, 77.952,  9.047,  1.203
 46920,  4.898,  7.689, 87.445,  9.777,  1.745
 46980,  4.674,  7.411, 81.422,  9.077,  1.612
 47040,  4.499,  6.574, 77.032,  8.546,  1.345
 47100,  4.509,  6.368, 74.403,  7.866,  1.247
 47160,  4.569,  6.531, 71.888,  8.183,  1.170
 47220,  4.826,  6.632, 73.993,  8.336,  1.088
 47280,  4.929,  6.464, 77.383,  8.523,  0.974
 47340,  4.787,  5.840, 74.213,  7.974,  0.807
 47400,  4.926,  6.488, 76.364,  8.371,  1.016
 47460,  4.933,  6.444, 75.662,  8.288,  0.810
 47520, -9999.000, -9999.000, -9999.000, -9999.000, -9999.000
 47580,  4.582,  6.015, 65.594,  7.478,  0.943
 47640,  4.605,  5.967, 67.409,  7.855,  0.905
 47700,  4.522,  5.897, 64.770,  7.653,  0.931
 47760,  4.658,  6.185, 63.606,  7.554,  0.851
 47820,  4.792,  6.405, 65.122,  7.666,  0.703
 47880,  4.599,  6.229, 64.946,  7.627,  0.786
 47940,  4.904,  6.818, 68.048,  8.066,  0.776
 48000,  5.159,  6.465, 69.512,  8.143,  0.814
 48060,  5.162,  7.006, 72.595,  8.179,  0.653
 48120,  5.093,  6.688, 70.444,  8.153,  0.748
 48180,  4.973,  6.694, 68.754,  7.901,  0.837
 48240,  5.015,  6.678, 67.859,  7.941,  0.704
 48300,  4.922,  6.948, 69.010,  8.283,  0.884
 48360,  5.021,  7.036, 69.797,  8.082,  0.911
 48420,  4.846,  6.759, 67.355,  8.153,  0.997
 48480,  5.140,  7.282, 68.485,  8.730,  0.922
 48540,  5.095,  7.009, 69.848,  8.759,  0.848
 48600,  5.057,  7.089, 66.179,  8.128,  0.818
 48660,  5.047,  6.914, 65.568,  8.195,  0.806
 48720,  5.354,  7.413, 67.936,  8.387,  1.117
 48780,  5.228,  7.822, 67.809,  8.578,  1.010
 48840,  5.110,  7.461, 68.201,  8.273,  0.961
 48900,  5.090,  7.765, 65.446,  8.358,  1.088
 48960,  5.465,  8.351, 69.420,  8.856,  0.969
 49020,  5.793,  8.928, 75.002,  9.207,  0.949
 49080,  6.018,  9.414, 80.579,  9.602,  0.979
 49140,  6.214,  9.852, 82.490,  9.949,  0.884
 49200,  6.004,  9.824, 82.904,  9.926,  0.896
 49260,  6.167, 10.062, 84.709,  9.833,  1.055
 49320,  6.283,  9.936, 87.655, 10.029,  0.985
 49380, -9999.000, -9999.000, -9999.000, -9999.000, -9999.000
 49440,  5.769,  9.293, 66.513,  8.799,  0.668
 49500,  5.622,  9.074, 68.830,  8.878,  0.740
 49560, -9999.000, -9999.000, -9999.000, -9999.000, -9999.000
 49620, -9999.000, -9999.000, -9999.000, -9999.000, -9999.000
 49680, -9999.000, -9999.000, -9999.000, -9999.000, -9999.000
 49740, -9999.000, -9999.000, -9999.000, -9999.000, -9999.000
 49800, -9999.000, -9999.000, -9999.000, -9999.000, -9999.000
 49860, -9999.000, -9999.000, -9999.000, -9999.000, -9999.000
 49920, -9999.000, -9999.000, -9999.000, -9999.000, -9999.000
 49980, -9999.000, -9999.000, -9999.000, -9999.000, -9999.000
 50040, -9999.000, -9999.000, -9999.000, -9999.000, -9999.000
 50100, -9999.000, -9999.000, -9999.000, -9999.000, -9999.000
 50160, -9999.000, -9999.000, -9999.000, -9999.000, -9999.000
 50220, -9999.000, -9999.000, -9999.000, -9999.000, -9999.000
 50280, -9999.000, -9999.000, -9999.000, -9999.000, -9999.000
 50340, -9999.000, -9999.000, -9999.000, -9999.000, -9999.000
 50400, -9999.000, -9999.000, -9999.000, -9999.000, -9999.000
 50460, -9999.000, -9999.000, -9999.000, -9999.000, -9999.000
 50520, -9999.000, -9999.000, -9999.000, -9999.000, -9999.000
 50580, -9999.000, -9999.000, -9999.000, -9999.000, -9999.000
 50640, -9999.000, -9999.000, -9999.000, -9999.000, -9999.000
 50700, -9999.000, -9999.000, -9999.000, -9999.000, -9999.000
 50760, -9999.000, -9999.000, -9999.000, -9999.000, -9999.000
 50820, -9999.000, -9999.000, -9999.000, -9999.000, -9999.000
 50880, -9999.000, -9999.000, -9999.000, -9999.000, -9999.000
 50940, -9999.000, -9999.000, -9999.000, -9999.000, -9999.000
 51000, -9999.000, -9999.000, -9999.000, -9999.000, -9999.000
 51060, -9999.000, -9999.000, -9999.000, -9999.000, -9999.000
 51120, -9999.000, -9999.000, -9999.000, -9999.000, -9999.000
 51180, -9999.000, -9999.000, -9999.000, -9999.000, -9999.000
 51240, -9999.000, -9999.000, -9999.000, -9999.000, -9999.000
 51300, -9999.000, -9999.000, -9999.000, -9999.000, -9999.000
 51360, -9999.000, -9999.000, -9999.000, -9999.000, -9999.000
 51420, -9999.000, -9999.000, -9999.000, -9999.000, -9999.000
 51480, -9999.000, -9999.000, -9999.000, -9999.000, -9999.000
 51540, -9999.000, -9999.000, -9999.000, -9999.000, -9999.000
 51600, -9999.000, -9999.000, -9999.000, -9999.000, -9999.000
 51660, -9999.000, -9999.000, -9999.000, -9999.000, -9999.000
 51720, -9999.000, -9999.000, -9999.000, -9999.000, -9999.000
 51780, -9999.000, -9999.000, -9999.000, -9999.000, -9999.000
 51840, -9999.000, -9999.000, -9999.000, -9999.000, -9999.000
 51900, -9999.000, -9999.000, -9999.000, -9999.000, -9999.000
 51960, -9999.000, -9999.000, -9999.000, -9999.000, -9999.000
 52020, -9999.000, -9999.000, -9999.000, -9999.000, -9999.000
 52080, -9999.000, -9999.000, -9999.000, -9999.000, -9999.000
 52140, -9999.000, -9999.000, -9999.000, -9999.000, -9999.000
 52200, -9999.000, -9999.000, -9999.000, -9999.000, -9999.000
 52260, -9999.000, -9999.000, -9999.000, -9999.000, -9999.000
 52320, -9999.000, -9999.000, -9999.000, -9999.000, -9999.000
 52380, -9999.000, -9999.000, -9999.000, -9999.000, -9999.000
 52440, -9999.000, -9999.000, -9999.000, -9999.000, -9999.000
 52500, -9999.000, -9999.000, -9999.000, -9999.000, -9999.000
 52560, -9999.000, -9999.000, -9999.000, -9999.000, -9999.000
 52620, -9999.000, -9999.000, -9999.000, -9999.000, -9999.000
 52680, -9999.000, -9999.000, -9999.000, -9999.000, -9999.000
 52740, -9999.000, -9999.000, -9999.000, -9999.000, -9999.000
 52800, -9999.000, -9999.000, -9999.000, -9999.000, -9999.000
 52860, -9999.000, -9999.000, -9999.000, -9999.000, -9999.000
 52920, -9999.000, -9999.000, -9999.000, -9999.000, -9999.000
 52980, -9999.000, -9999.000, -9999.000, -9999.000, -9999.000
 53040, -9999.000, -9999.000, -9999.000, -9999.000, -9999.000
 53100, -9999.000, -9999.000, -9999.000, -9999.000, -9999.000
 53160, -9999.000, -9999.000, -9999.000, -9999.000, -9999.000
 53220, -9999.000, -9999.000, -9999.000, -9999.000, -9999.000
 53280, -9999.000, -9999.000, -9999.000, -9999.000, -9999.000
 53340, -9999.000, -9999.000, -9999.000, -9999.000, -9999.000
 53400, -9999.000, -9999.000, -9999.000, -9999.000, -9999.000
 53460, -9999.000, -9999.000, -9999.000, -9999.000, -9999.000
 53520, -9999.000, -9999.000, -9999.000, -9999.000, -9999.000
 53580, -9999.000, -9999.000, -9999.000, -9999.000, -9999.000
 53640, -9999.000, -9999.000, -9999.000, -9999.000, -9999.000
 53700, -9999.000, -9999.000, -9999.000, -9999.000, -9999.000
 53760, -9999.000, -9999.000, -9999.000, -9999.000, -9999.000
 53820, -9999.000, -9999.000, -9999.000, -9999.000, -9999.000
 53880, -9999.000, -9999.000, -9999.000, -9999.000, -9999.000
 53940, -9999.000, -9999.000, -9999.000, -9999.000, -9999.000
 54000, -9999.000, -9999.000, -9999.000, -9999.000, -9999.000
 54060, -9999.000, -9999.000, -9999.000, -9999.000, -9999.000
 54120, -9999.000, -9999.000, -9999.000, -9999.000, -9999.000
 54180, -9999.000, -9999.000, -9999.000, -9999.000, -9999.000
 54240, -9999.000, -9999.000, -9999.000, -9999.000, -9999.000
 54300, -9999.000, -9999.000, -9999.000, -9999.000, -9999.000
 54360, -9999.000, -9999.000, -9999.000, -9999.000, -9999.000
 54420, -9999.000, -9999.000, -9999.000, -9999.000, -9999.000
 54480, -9999.000, -9999.000, -9999.000, -9999.000, -9999.000
 54540, -9999.000, -9999.000, -9999.000, -9999.000, -9999.000
 54600, -9999.000, -9999.000, -9999.000, -9999.000, -9999.000
 54660, -9999.000, -9999.000, -9999.000, -9999.000, -9999.000
 54720, -9999.000, -9999.000, -9999.000, -9999.000, -9999.000
 54780, -9999.000, -9999.000, -9999.000, -9999.000, -9999.000
 54840, -9999.000, -9999.000, -9999.000, -9999.000, -9999.000
 54900, -9999.000, -9999.000, -9999.000, -9999.000, -9999.000
 54960, -9999.000, -9999.000, -9999.000, -9999.000, -9999.000
 55020, -9999.000, -9999.000, -9999.000, -9999.000, -9999.000
 55080, -9999.000, -9999.000, -9999.000, -9999.000, -9999.000
 55140, -9999.000, -9999.000, -9999.000, -9999.000, -9999.000
 55200, -9999.000, -9999.000, -9999.000, -9999.000, -9999.000
 55260, -9999.000, -9999.000, -9999.000, -9999.000, -9999.000
 55320, -9999.000, -9999.000, -9999.000, -9999.000, -9999.000
 55380, -9999.000, -9999.000, -9999.000, -9999.000, -9999.000
 55440, -9999.000, -9999.000, -9999.000, -9999.000, -9999.000
 55500, -9999.000, -9999.000, -9999.000, -9999.000, -9999.000
 55560, -9999.000, -9999.000, -9999.000, -9999.000, -9999.000
 55620, -9999.000, -9999.000, -9999.000, -9999.000, -9999.000
 55680, -9999.000, -9999.000, -9999.000, -9999.000, -9999.000
 55740, -9999.000, -9999.000, -9999.000, -9999.000, -9999.000
 55800, -9999.000, -9999.000, -9999.000, -9999.000, -9999.000
 55860, -9999.000, -9999.000, -9999.000, -9999.000, -9999.000
 55920, -9999.000, -9999.000, -9999.000, -9999.000, -9999.000
 55980, -9999.000, -9999.000, -9999.000, -9999.000, -9999.000
 56040, -9999.000, -9999.000, -9999.000, -9999.000, -9999.000
 56100, -9999.000, -9999.000, -9999.000, -9999.000, -9999.000
 56160, -9999.000, -9999.000, -9999.000, -9999.000, -9999.000
 56220, -9999.000, -9999.000, -9999.000, -9999.000, -9999.000
 56280, -9999.000, -9999.000, -9999.000, -9999.000, -9999.000
 56340, -9999.000, -9999.000, -9999.000, -9999.000, -9999.000
 56400, -9999.000, -9999.000, -9999.000, -9999.000, -9999.000
 56460, -9999.000, -9999.000, -9999.000, -9999.000, -9999.000
 56520, -9999.000, -9999.000, -9999.000, -9999.000, -9999.000
 56580, -9999.000, -9999.000, -9999.000, -9999.000, -9999.000
 56640, -9999.000, -9999.000, -9999.000, -9999.000, -9999.000
 56700, -9999.000, -9999.000, -9999.000, -9999.000, -9999.000
 56760, -9999.000, -9999.000, -9999.000, -9999.000, -9999.000
 56820, -9999.000, -9999.000, -9999.000, -9999.000, -9999.000
 56880, -9999.000, -9999.000, -9999.000, -9999.000, -9999.000
