CampaignData_and_Merges/R0/CSL_MobileLab_Parked/raw/20240803/USOS-jNO2_MobileLabGround_20240803_R0.ict
52,1001
Waxman, E.; Rollins, A.; Zuraski, K.; Chace, W.
NOAA Chemical Sciences Laboratory
jNO2 filter radiometer on CSL Mobile Lab
AMMBEC / USOS
1, 1
2024,08,03, 2025,04,01
60
Time_Start, seconds, number_of_seconds_since_0000_UTC
20
1, 1, 1, 1, 1, 1, 1, 1, 1, 1, 1, 1, 1, 1, 1, 1, 1, 1, 1, 1
-9999, -9999, -9999, -9999, -9999, -9999, -9999, -9999, -9999, -9999, -9999, -9999, -9999, -9999, -9999, -9999, -9999, -9999, -9999, -9999
Time_Stop, seconds, number_of_seconds_since_0000_UTC
jNO2_meas, per second, photolysis rate of NO2 measured using a filter radiometer.
jBrCl, per second, photolysis rate of BrCl -> Br + Cl calculated in TUV for cloud-free sky with local AOD
jBr2, per second, photolysis rate of Br2 -> Br + Br calculated in TUV for cloud-free sky with local AOD
jCCl4, per second, photolysis rate of CCl4 -> Products calcualted in TUV for cloud-free sky with local AOD
jCH2Oa, per second, photolysis rate of CH2O -> H + HCO calculated in TUV for cloud-free sky with local AOD
jCH2Ob, per second, photolysis rate of CH2O -> H2 + CO calculated in TUV for cloud-free sky with local AOD
jClNO2, per second, photolysis rate of ClNO2 -> Cl + NO2 calculated in TUV for cloud-free sky with local AOD
jClOa, per second, photolysis rate of ClO -> Cl + O(1D) calculated in TUV for cloud-free sky with local AOD
jClOb, per second, photolysis rate of ClO -> Cl + O(3P) calculated in TUV for cloud-free sky with local AOD
jCl2, per second, photolysis rate of Cl2 -> Cl + Cl calculated in TUV for cloud-free sky with local AOD
jHNO2, per second, photolysis rate of HNO2 -> OH + NO calculated in TUV for cloud-free sky with local AOD
jHNO3, per second, photolysis rate of HNO3 -> OH + NO2 calculated in TUV for cloud-free sky with local AOD
jI2, per second, photolysis rate of I2 -> I + I calculated in TUV for cloud-free sky with local AOD
jNO2, per second, photolysis rate of NO2 -> NO + O(3P) calculated in TUV for cloud-free sky with local AOD
jNO3a, per second, photolysis rate of NO3 -> NO + O2 calculated in TUV for cloud-free sky with local AOD
jNO3b, per second, photolysis rate of NO3 -> NO2 + O(3P) calculated in TUV for cloud-free sky with local AOD
jN2O5, per second, photolysis rate of N2O5 -> NO3 + NO + O(3P) calculated in TUV for cloud-free sky with local AOD
jO3, per second, photolysis rate of O3 -> O2 + O(1D) calculated in TUV for cloud-free sky with local AOD
AOD_500nm, unitless, UTC daily mean AOD at 500 nm from an AERONET station located at 40.178 N, -112.452 E
0
18
PI_CONTACT_INFO: eleanor.waxman@noaa.gov
PLATFORM: CSL Mobile Lab, at ground site
LOCATION: Salt Lake City, UT
ASSOCIATED_DATA:
INSTRUMENT_INFO: jNO2 filter radiometer.  TUV calculations are for mobile van lat/lon/altitude assuming clear sky (cloud AOD = 0) and daily mean AOD.
DATA_INFO:
UNCERTAINTY: Data uncertainties are +/- 20%.  These come from uncertainties in radiometer angular response, radiometer thermal response, local interferences from clouds/aerosols/shadows etc.
ULOD_FLAG: -7777
ULOD_VALUE: N/A
LLOD_FLAG: -8888
LLOD_VALUE: N/A
DM_CONTACT_INFO: eleanor.waxman@noaa.gov
PROJECT_INFO: USOS Project, July - August 2024
STIPULATIONS_ON_USE: Users are strongly encouraged to contact the PI for proper data usage.
OTHER_COMMENTS: 
REVISION: R0
R0: final data
Time_Start, Time_Stop, jNO2_meas, jBrCl, jBr2, jCCl4, jCH2Oa, jCH2Ob, jClNO2, jClOa, jClOb, jCl2, jHNO2, jHNO3, jI2, jNO2, jNO3a, jNO3b, jN2O5, jO3, AOD_500nm
[from data line 1313]
   78780,   78840,0.007341,0.00981,0.03016,6.891e-24,2.657e-05,4.11e-05,0.0004062,2.942e-24,3.461e-05,0.00203,0.001336,4.553e-07,0.109,0.008263,0.02121,0.1692,3.586e-05,2.249e-05,0.261
   78840,   78900,0.0086791,0.009797,0.03013,6.557e-24,2.649e-05,4.1e-05,0.0004053,2.789e-24,3.442e-05,0.002026,0.001334,4.534e-07,0.1089,0.008249,0.0212,0.1691,3.577e-05,2.236e-05,0.261
   78900,   78960,0.0078608,0.009785,0.0301,6.243e-24,2.64e-05,4.09e-05,0.0004043,2.646e-24,3.422e-05,0.002022,0.001331,4.515e-07,0.1088,0.008236,0.02119,0.169,3.567e-05,2.223e-05,0.261
   78960,   79020,0.0088607,0.009773,0.03007,5.963e-24,2.632e-05,4.081e-05,0.0004034,2.518e-24,3.404e-05,0.002018,0.001329,4.497e-07,0.1087,0.008223,0.02117,0.1688,3.558e-05,2.211e-05,0.261
   79020,   79080,0.0080128,0.00976,0.03004,5.681e-24,2.624e-05,4.071e-05,0.0004024,2.39e-24,3.385e-05,0.002014,0.001326,4.478e-07,0.1086,0.008209,0.02116,0.1687,3.548e-05,2.198e-05,0.261
   79080,   79140,0.0081886,0.009746,0.03001,5.414e-24,2.615e-05,4.061e-05,0.0004014,2.27e-24,3.365e-05,0.00201,0.001324,4.459e-07,0.1085,0.008195,0.02114,0.1686,3.538e-05,2.184e-05,0.261
   79140,   79200,0.008523,0.009734,0.02998,5.176e-24,2.607e-05,4.051e-05,0.0004005,2.162e-24,3.346e-05,0.002006,0.001322,4.44e-07,0.1084,0.008181,0.02113,0.1685,3.529e-05,2.172e-05,0.261
   79200,   79260,0.0085623,0.00972,0.02994,4.936e-24,2.598e-05,4.041e-05,0.0003995,2.054e-24,3.327e-05,0.002002,0.001319,4.42e-07,0.1084,0.008167,0.02112,0.1683,3.519e-05,2.159e-05,0.261
   79260,   79320,0.0085424,0.009707,0.02991,4.709e-24,2.589e-05,4.03e-05,0.0003984,1.952e-24,3.307e-05,0.001997,0.001317,4.401e-07,0.1083,0.008153,0.0211,0.1682,3.509e-05,2.145e-05,0.261
   79320,   79380,0.008693,0.009694,0.02988,4.507e-24,2.581e-05,4.02e-05,0.0003975,1.862e-24,3.288e-05,0.001993,0.001314,4.382e-07,0.1082,0.008139,0.02109,0.1681,3.499e-05,2.133e-05,0.261
   79380,   79440,0.0086534,0.00968,0.02984,4.304e-24,2.572e-05,4.01e-05,0.0003964,1.771e-24,3.268e-05,0.001989,0.001312,4.362e-07,0.1081,0.008124,0.02107,0.1679,3.489e-05,2.119e-05,0.261
   79440,   79500,0.0088837,0.009666,0.02981,4.111e-24,2.563e-05,3.999e-05,0.0003954,1.685e-24,3.248e-05,0.001985,0.001309,4.342e-07,0.108,0.00811,0.02106,0.1678,3.479e-05,2.106e-05,0.261
   79500,   79560,0.0090063,0.009653,0.02978,3.939e-24,2.555e-05,3.989e-05,0.0003944,1.608e-24,3.229e-05,0.00198,0.001307,4.323e-07,0.1079,0.008095,0.02104,0.1676,3.469e-05,2.093e-05,0.261
   79560,   79620,0.0092481,0.009639,0.02974,3.765e-24,2.545e-05,3.978e-05,0.0003934,1.532e-24,3.209e-05,0.001976,0.001304,4.303e-07,0.1078,0.00808,0.02103,0.1675,3.459e-05,2.079e-05,0.261
   79620,   79680,0.0093118,0.009624,0.02971,3.601e-24,2.536e-05,3.967e-05,0.0003923,1.459e-24,3.189e-05,0.001972,0.001301,4.283e-07,0.1077,0.008065,0.02101,0.1674,3.448e-05,2.065e-05,0.261
   79680,   79740,0.0092974,0.00961,0.02967,3.455e-24,2.528e-05,3.957e-05,0.0003913,1.395e-24,3.17e-05,0.001967,0.001299,4.264e-07,0.1076,0.008051,0.02099,0.1672,3.438e-05,2.053e-05,0.261
   79740,   79800,0.0092033,0.009596,0.02964,3.307e-24,2.518e-05,3.946e-05,0.0003902,1.33e-24,3.149e-05,0.001963,0.001296,4.243e-07,0.1075,0.008035,0.02098,0.1671,3.428e-05,2.039e-05,0.261
   79800,   79860,0.0090516,0.009586,0.02961,3.201e-24,2.512e-05,3.938e-05,0.0003895,1.283e-24,3.133e-05,0.00196,0.001294,4.227e-07,0.1074,0.008025,0.02097,0.167,3.42e-05,2.028e-05,0.261
   79860,   79920,0.0090703,0.009572,0.02958,3.073e-24,2.503e-05,3.928e-05,0.0003884,1.227e-24,3.114e-05,0.001955,0.001292,4.209e-07,0.1073,0.00801,0.02095,0.1668,3.41e-05,2.015e-05,0.261
   79920,   79980,0.0090557,0.009557,0.02954,2.945e-24,2.494e-05,3.916e-05,0.0003873,1.172e-24,3.094e-05,0.001951,0.001289,4.188e-07,0.1072,0.007994,0.02093,0.1667,3.399e-05,2.001e-05,0.261
   79980,   80040,0.0089756,0.009541,0.0295,2.823e-24,2.484e-05,3.905e-05,0.0003862,1.119e-24,3.073e-05,0.001946,0.001286,4.167e-07,0.1071,0.007978,0.02092,0.1665,3.388e-05,1.988e-05,0.261
   80040,   80100,0.0089915,0.009527,0.02947,2.713e-24,2.475e-05,3.894e-05,0.0003852,1.072e-24,3.054e-05,0.001942,0.001283,4.147e-07,0.107,0.007962,0.0209,0.1664,3.378e-05,1.974e-05,0.261
   80100,   80160,0.0089196,0.009511,0.02943,2.603e-24,2.465e-05,3.882e-05,0.000384,1.024e-24,3.033e-05,0.001937,0.001281,4.126e-07,0.1069,0.007946,0.02088,0.1662,3.367e-05,1.961e-05,0.261
   80160,   80220,0.0082119,0.009495,0.02939,2.497e-24,2.456e-05,3.871e-05,0.0003829,9.793e-25,3.012e-05,0.001932,0.001278,4.105e-07,0.1068,0.007929,0.02086,0.166,3.356e-05,1.947e-05,0.261
   80220,   80280,0.0077564,0.00948,0.02935,2.404e-24,2.447e-05,3.86e-05,0.0003818,9.393e-25,2.993e-05,0.001928,0.001275,4.085e-07,0.1067,0.007914,0.02085,0.1659,3.345e-05,1.933e-05,0.261
   80280,   80340,0.0079584,0.009464,0.02931,2.309e-24,2.437e-05,3.848e-05,0.0003807,8.989e-25,2.972e-05,0.001923,0.001272,4.063e-07,0.1066,0.007897,0.02083,0.1657,3.334e-05,1.919e-05,0.261
   80340,   80400,0.0081945,0.009448,0.02927,2.218e-24,2.427e-05,3.836e-05,0.0003795,8.606e-25,2.951e-05,0.001918,0.001269,4.042e-07,0.1064,0.00788,0.02081,0.1655,3.323e-05,1.905e-05,0.261
   80400,   80460,0.0081895,0.009432,0.02923,2.137e-24,2.418e-05,3.825e-05,0.0003784,8.264e-25,2.931e-05,0.001913,0.001266,4.022e-07,0.1063,0.007864,0.02079,0.1654,3.312e-05,1.892e-05,0.261
   80460,   80520,0.0081244,0.009416,0.02919,2.055e-24,2.408e-05,3.812e-05,0.0003772,7.919e-25,2.91e-05,0.001908,0.001263,4e-07,0.1062,0.007846,0.02077,0.1652,3.3e-05,1.878e-05,0.261
   80520,   80580,0.0079369,0.009399,0.02915,1.976e-24,2.398e-05,3.8e-05,0.0003761,7.59e-25,2.889e-05,0.001903,0.00126,3.979e-07,0.1061,0.007829,0.02075,0.165,3.289e-05,1.864e-05,0.261
   80580,   80640,0.0071825,0.009383,0.02911,1.906e-24,2.388e-05,3.789e-05,0.0003749,7.297e-25,2.869e-05,0.001898,0.001257,3.958e-07,0.106,0.007812,0.02073,0.1649,3.278e-05,1.851e-05,0.261
   80640,   80700,0.005486,0.009366,0.02907,1.834e-24,2.378e-05,3.776e-05,0.0003737,7e-25,2.848e-05,0.001893,0.001254,3.936e-07,0.1058,0.007795,0.02071,0.1647,3.266e-05,1.836e-05,0.261
   80700,   80760,0.0041129,0.009349,0.02902,1.766e-24,2.368e-05,3.764e-05,0.0003725,6.719e-25,2.827e-05,0.001888,0.001251,3.915e-07,0.1057,0.007777,0.02069,0.1645,3.254e-05,1.822e-05,0.261
   80760,   80820,0.0036123,0.009333,0.02898,1.705e-24,2.358e-05,3.752e-05,0.0003714,6.466e-25,2.807e-05,0.001883,0.001248,3.894e-07,0.1056,0.00776,0.02067,0.1643,3.243e-05,1.809e-05,0.261
   80820,   80880,0.0033713,0.009315,0.02894,1.643e-24,2.348e-05,3.74e-05,0.0003701,6.211e-25,2.786e-05,0.001878,0.001245,3.872e-07,0.1055,0.007742,0.02065,0.1642,3.231e-05,1.795e-05,0.261
   80880,   80940,0.0031106,0.009297,0.02889,1.583e-24,2.338e-05,3.727e-05,0.0003689,5.967e-25,2.765e-05,0.001873,0.001242,3.85e-07,0.1053,0.007723,0.02063,0.164,3.219e-05,1.78e-05,0.261
   80940,   81000,0.00293,0.00928,0.02885,1.53e-24,2.328e-05,3.715e-05,0.0003677,5.75e-25,2.745e-05,0.001868,0.001239,3.829e-07,0.1052,0.007706,0.02061,0.1638,3.208e-05,1.767e-05,0.261
   81000,   81060,0.0027977,0.009262,0.02881,1.475e-24,2.317e-05,3.702e-05,0.0003665,5.529e-25,2.724e-05,0.001862,0.001235,3.807e-07,0.1051,0.007687,0.02059,0.1636,3.196e-05,1.753e-05,0.261
   81060,   81120,0.0027017,0.009244,0.02876,1.423e-24,2.307e-05,3.689e-05,0.0003652,5.319e-25,2.702e-05,0.001857,0.001232,3.784e-07,0.105,0.007668,0.02057,0.1634,3.183e-05,1.739e-05,0.261
   81120,   81180,0.0026176,0.009227,0.02872,1.376e-24,2.297e-05,3.677e-05,0.000364,5.13e-25,2.682e-05,0.001852,0.001229,3.763e-07,0.1048,0.00765,0.02055,0.1632,3.172e-05,1.725e-05,0.261
   81180,   81240,0.0025475,0.009208,0.02867,1.328e-24,2.286e-05,3.664e-05,0.0003628,4.938e-25,2.661e-05,0.001846,0.001226,3.741e-07,0.1047,0.007631,0.02053,0.163,3.159e-05,1.711e-05,0.261
   81240,   81300,0.0024779,0.009189,0.02862,1.283e-24,2.276e-05,3.65e-05,0.0003615,4.756e-25,2.64e-05,0.001841,0.001222,3.718e-07,0.1046,0.007612,0.0205,0.1628,3.147e-05,1.697e-05,0.261
   81300,   81360,0.0024097,0.009172,0.02858,1.242e-24,2.266e-05,3.638e-05,0.0003603,4.592e-25,2.62e-05,0.001836,0.001219,3.697e-07,0.1044,0.007594,0.02048,0.1626,3.135e-05,1.683e-05,0.261
   81360,   81420,0.002355,0.009152,0.02853,1.2e-24,2.255e-05,3.624e-05,0.000359,4.425e-25,2.598e-05,0.00183,0.001216,3.674e-07,0.1043,0.007574,0.02046,0.1624,3.123e-05,1.669e-05,0.261
   81420,   81480,0.0023167,0.009133,0.02848,1.159e-24,2.244e-05,3.611e-05,0.0003577,4.266e-25,2.577e-05,0.001824,0.001212,3.652e-07,0.1041,0.007554,0.02044,0.1622,3.11e-05,1.655e-05,0.261
   81480,   81540,0.0022966,0.009115,0.02843,1.123e-24,2.234e-05,3.598e-05,0.0003564,4.123e-25,2.557e-05,0.001819,0.001209,3.63e-07,0.104,0.007535,0.02041,0.162,3.098e-05,1.641e-05,0.261
   81540,   81600,0.0022862,0.009095,0.02838,1.086e-24,2.223e-05,3.585e-05,0.0003551,3.977e-25,2.535e-05,0.001813,0.001206,3.607e-07,0.1039,0.007515,0.02039,0.1618,3.085e-05,1.627e-05,0.261
   81600,   81660,0.0022901,0.009075,0.02833,1.05e-24,2.212e-05,3.571e-05,0.0003538,3.839e-25,2.514e-05,0.001807,0.001202,3.585e-07,0.1037,0.007495,0.02037,0.1616,3.073e-05,1.613e-05,0.261
   81660,   81720,0.0023108,0.009057,0.02829,1.018e-24,2.202e-05,3.558e-05,0.0003525,3.713e-25,2.494e-05,0.001802,0.001199,3.563e-07,0.1036,0.007476,0.02034,0.1614,3.06e-05,1.599e-05,0.261
   81720,   81780,0.0023277,0.009036,0.02823,9.854e-25,2.191e-05,3.544e-05,0.0003512,3.586e-25,2.472e-05,0.001796,0.001195,3.54e-07,0.1034,0.007455,0.02032,0.1611,3.048e-05,1.585e-05,0.261
   81780,   81840,0.0023413,0.009016,0.02818,9.539e-25,2.179e-05,3.53e-05,0.0003498,3.464e-25,2.451e-05,0.00179,0.001192,3.517e-07,0.1033,0.007434,0.02029,0.1609,3.034e-05,1.571e-05,0.261
   81840,   81900,0.0023524,0.008997,0.02813,9.254e-25,2.169e-05,3.517e-05,0.0003485,3.355e-25,2.431e-05,0.001785,0.001188,3.495e-07,0.1031,0.007415,0.02027,0.1607,3.022e-05,1.557e-05,0.261
   81900,   81960,0.002364,0.008976,0.02808,8.962e-25,2.158e-05,3.503e-05,0.0003471,3.242e-25,2.409e-05,0.001779,0.001185,3.472e-07,0.103,0.007393,0.02024,0.1605,3.009e-05,1.543e-05,0.261
   81960,   82020,0.0023589,0.008955,0.02803,8.682e-25,2.146e-05,3.488e-05,0.0003458,3.135e-25,2.388e-05,0.001773,0.001181,3.449e-07,0.1028,0.007372,0.02022,0.1602,2.996e-05,1.529e-05,0.261
   82020,   82080,0.0023589,0.008935,0.02798,8.429e-25,2.136e-05,3.475e-05,0.0003445,3.039e-25,2.368e-05,0.001767,0.001177,3.427e-07,0.1027,0.007352,0.02019,0.16,2.983e-05,1.515e-05,0.261
   82080,   82140,0.00236,0.008914,0.02792,8.171e-25,2.124e-05,3.461e-05,0.0003431,2.94e-25,2.347e-05,0.001761,0.001174,3.404e-07,0.1025,0.00733,0.02016,0.1598,2.97e-05,1.501e-05,0.261
   82140,   82200,0.0023683,0.008892,0.02787,7.922e-25,2.113e-05,3.446e-05,0.0003417,2.846e-25,2.325e-05,0.001755,0.00117,3.38e-07,0.1023,0.007308,0.02014,0.1595,2.956e-05,1.487e-05,0.261
   82200,   82260,0.0023837,0.008872,0.02781,7.695e-25,2.102e-05,3.432e-05,0.0003403,2.761e-25,2.305e-05,0.001749,0.001166,3.358e-07,0.1022,0.007288,0.02011,0.1593,2.944e-05,1.474e-05,0.261
   82260,   82320,0.00239,0.00885,0.02776,7.465e-25,2.091e-05,3.418e-05,0.0003389,2.674e-25,2.284e-05,0.001743,0.001163,3.335e-07,0.102,0.007266,0.02008,0.1591,2.93e-05,1.459e-05,0.261
   82320,   82380,0.0024,0.008828,0.0277,7.243e-25,2.079e-05,3.403e-05,0.0003375,2.59e-25,2.262e-05,0.001736,0.001159,3.312e-07,0.1018,0.007243,0.02006,0.1588,2.916e-05,1.445e-05,0.261
   82380,   82440,0.0024174,0.008807,0.02765,7.041e-25,2.068e-05,3.389e-05,0.0003361,2.515e-25,2.242e-05,0.001731,0.001155,3.289e-07,0.1017,0.007222,0.02003,0.1586,2.904e-05,1.432e-05,0.261
   82440,   82500,0.0024632,0.008785,0.02759,6.835e-25,2.057e-05,3.374e-05,0.0003347,2.438e-25,2.221e-05,0.001724,0.001151,3.266e-07,0.1015,0.007199,0.02,0.1583,2.89e-05,1.418e-05,0.261
   82500,   82560,0.0025288,0.008762,0.02753,6.637e-25,2.045e-05,3.359e-05,0.0003332,2.364e-25,2.2e-05,0.001718,0.001147,3.242e-07,0.1013,0.007177,0.01997,0.1581,2.876e-05,1.404e-05,0.261
   82560,   82620,0.0026388,0.00874,0.02748,6.456e-25,2.034e-05,3.345e-05,0.0003318,2.297e-25,2.18e-05,0.001712,0.001144,3.22e-07,0.1012,0.007155,0.01994,0.1578,2.863e-05,1.39e-05,0.261
   82620,   82680,0.0027896,0.008717,0.02742,6.271e-25,2.022e-05,3.33e-05,0.0003304,2.229e-25,2.158e-05,0.001705,0.00114,3.196e-07,0.101,0.007132,0.01992,0.1576,2.849e-05,1.376e-05,0.261
   82680,   82740,0.0029718,0.008694,0.02736,6.094e-25,2.01e-05,3.314e-05,0.0003289,2.163e-25,2.137e-05,0.001699,0.001136,3.173e-07,0.1008,0.007108,0.01989,0.1573,2.835e-05,1.362e-05,0.261
   82740,   82800,0.003113,0.008672,0.0273,5.932e-25,1.999e-05,3.3e-05,0.0003275,2.104e-25,2.117e-05,0.001693,0.001132,3.15e-07,0.1006,0.007086,0.01986,0.1571,2.822e-05,1.349e-05,0.261
   82800,   82860,0.0030993,0.008648,0.02724,5.769e-25,1.987e-05,3.285e-05,0.000326,2.043e-25,2.096e-05,0.001686,0.001128,3.127e-07,0.1004,0.007062,0.01983,0.1568,2.807e-05,1.335e-05,0.261
   82860,   82920,0.0031429,0.008624,0.02718,5.609e-25,1.975e-05,3.269e-05,0.0003245,1.984e-25,2.075e-05,0.001679,0.001124,3.103e-07,0.1003,0.007038,0.0198,0.1565,2.793e-05,1.321e-05,0.261
   82920,   82980,0.003449,0.008602,0.02712,5.464e-25,1.964e-05,3.254e-05,0.0003231,1.931e-25,2.055e-05,0.001673,0.00112,3.08e-07,0.1001,0.007016,0.01977,0.1563,2.78e-05,1.308e-05,0.261
   82980,   83040,0.0030917,0.008577,0.02705,5.315e-25,1.952e-05,3.239e-05,0.0003215,1.877e-25,2.034e-05,0.001666,0.001115,3.056e-07,0.09989,0.006991,0.01973,0.156,2.765e-05,1.294e-05,0.261
   83040,   83100,0.0029647,0.008553,0.02699,5.172e-25,1.94e-05,3.223e-05,0.00032,1.825e-25,2.013e-05,0.00166,0.001111,3.033e-07,0.0997,0.006967,0.0197,0.1557,2.751e-05,1.28e-05,0.261
   83100,   83160,0.0029195,0.00853,0.02693,5.041e-25,1.928e-05,3.208e-05,0.0003186,1.778e-25,1.993e-05,0.001653,0.001107,3.01e-07,0.09952,0.006944,0.01967,0.1554,2.737e-05,1.267e-05,0.261
   83160,   83220,0.0029068,0.008505,0.02686,4.907e-25,1.916e-05,3.192e-05,0.000317,1.729e-25,1.972e-05,0.001646,0.001103,2.986e-07,0.09932,0.006919,0.01964,0.1551,2.723e-05,1.253e-05,0.261
   83220,   83280,0.0029137,0.00848,0.0268,4.777e-25,1.904e-05,3.176e-05,0.0003155,1.682e-25,1.951e-05,0.001639,0.001099,2.962e-07,0.09912,0.006894,0.01961,0.1548,2.708e-05,1.239e-05,0.261
   83280,   83340,0.0029384,0.008456,0.02674,4.66e-25,1.892e-05,3.161e-05,0.000314,1.64e-25,1.932e-05,0.001633,0.001095,2.94e-07,0.09894,0.00687,0.01957,0.1546,2.694e-05,1.226e-05,0.261
   83340,   83400,0.0029647,0.00843,0.02667,4.539e-25,1.88e-05,3.145e-05,0.0003124,1.596e-25,1.911e-05,0.001626,0.00109,2.916e-07,0.09873,0.006845,0.01954,0.1543,2.68e-05,1.213e-05,0.261
   83400,   83460,0.0030023,0.008404,0.0266,4.422e-25,1.868e-05,3.128e-05,0.0003109,1.555e-25,1.89e-05,0.001619,0.001086,2.892e-07,0.09853,0.006819,0.01951,0.154,2.665e-05,1.199e-05,0.261
   83460,   83520,0.0030579,0.00838,0.02654,4.316e-25,1.856e-05,3.113e-05,0.0003094,1.516e-25,1.871e-05,0.001612,0.001082,2.869e-07,0.09834,0.006795,0.01947,0.1537,2.651e-05,1.186e-05,0.261
   83520,   83580,0.0031188,0.008354,0.02647,4.206e-25,1.844e-05,3.097e-05,0.0003078,1.477e-25,1.85e-05,0.001605,0.001077,2.845e-07,0.09813,0.006769,0.01944,0.1534,2.636e-05,1.172e-05,0.261
   83580,   83640,0.0031875,0.008327,0.0264,4.1e-25,1.831e-05,3.08e-05,0.0003062,1.44e-25,1.829e-05,0.001598,0.001073,2.821e-07,0.09791,0.006743,0.0194,0.1531,2.621e-05,1.159e-05,0.261
   83640,   83700,0.0032747,0.008302,0.02633,4.004e-25,1.82e-05,3.065e-05,0.0003047,1.405e-25,1.81e-05,0.001591,0.001069,2.798e-07,0.09771,0.006718,0.01937,0.1528,2.607e-05,1.146e-05,0.261
   83700,   83760,0.003305,0.008275,0.02626,3.905e-25,1.807e-05,3.048e-05,0.0003031,1.37e-25,1.789e-05,0.001584,0.001064,2.774e-07,0.0975,0.006692,0.01933,0.1524,2.592e-05,1.133e-05,0.261
   83760,   83820,0.0033324,0.008248,0.02619,3.809e-25,1.795e-05,3.031e-05,0.0003014,1.336e-25,1.769e-05,0.001576,0.00106,2.75e-07,0.09728,0.006665,0.0193,0.1521,2.577e-05,1.119e-05,0.261
