CampaignData_and_Merges/R0/CSL_MobileLab_Parked/raw/20240803/USOS-MetNav_MobileLabGround_20240803_R0.ict
44, 1001
Carrie Womack, Nate Howard, Mike Zucker
NOAA Chemical Sciences Laboratory
Mobile Lab MetNav Station
USOS
1, 1
2024, 08, 03, 2024, 12, 21
60
Time_Start, seconds_past_midnight, Seconds from midnight UTC
11
1, 1, 1, 1, 1, 1, 1, 1, 1, 1, 1
-9999, -9999, -9999, -9999, -9999, -9999, -9999, -9999, -9999, -9999, -9999
GPS_Alt_m, meters, Altitude from Differential GPS
GPS_Course_deg, degrees, Course from Differential GPS
GPS_GndSpd_m_s, m/s, Ground Speed from Differential GPS
GPS_Heading_deg, degrees, Heading from Differential GPS
GPS_Lat_deg, degrees, Latitude from Differential GPS
GPS_Lon_deg, degrees, Longitude from Differential GPS
AirTemp_C, Celsius, Air Temperature from Airmar
RelHumidity_pct, percent, Relative Humidity from Airmar
Pressure_mb, millibars, Pressure from Honeywell
WindDir_calc_deg, degrees, Wind Direction from Airmar corrected for van movement
WindSpd_calc_m_s, m/s, Wind Speed from Airmar corrected for van movement
1
SPECIAL COMMENTS:
18
PI_CONTACT_INFO: Address: 325 Broadway R/CSL7, Boulder, CO, 80305
PLATFORM: CSL Mobile Lab
LOCATION: Salt Lake City, UT
ASSOCIATED_DATA: N/A
INSTRUMENT_INFO: N/A
DATA_INFO: Units:
UNCERTAINTY: N/A
ULOD_FLAG: -7777
ULOD_VALUE: N/A
LLOD_FLAG: -8888
LLOD_VALUE: N/A
DM_CONTACT_INFO: Data Manager: Nate Howard
PROJECT_INFO: 
STIPULATIONS_ON_USE: Use of these data require prior ok from PI.
OTHER_COMMENTS: 
REVISION: R0
R0: Final data. Fixed bug in wind averaging code. RA: Preliminary Data. For in-field use only. 
Time_Start, GPS_Alt_m, GPS_Course_deg, GPS_GndSpd_m_s, GPS_Heading_deg, GPS_Lat_deg, GPS_Lon_deg, AirTemp_C, RelHumidity_pct, Pressure_mb, WindDir_calc_deg, WindSpd_calc_m_s
0.0,1308.3,2.90,0.05,2.90,40.73434,-111.87211,38.4,13.6,878.1,63.71,0.5
60.0,1308.2,2.88,0.04,2.88,40.73434,-111.87211,38.3,13.7,878.1,85.36,0.9
120.0,1308.1,2.81,0.04,2.81,40.73434,-111.87211,38.3,13.4,878.1,81.97,0.8
180.0,1308.2,2.73,0.05,2.73,40.73434,-111.87211,38.2,13.4,878.1,80.55,0.6
240.0,1308.0,2.46,0.04,2.46,40.73434,-111.87211,38.1,13.6,878.1,80.69,0.8
300.0,1308.0,2.55,0.05,2.55,40.73434,-111.87211,38.1,13.7,878.1,96.22,0.9
360.0,1308.0,2.53,0.05,2.53,40.73434,-111.87211,38.1,13.2,878.1,99.07,0.6
420.0,1307.9,2.39,0.05,2.39,40.73434,-111.87211,38.0,13.5,878.1,91.57,0.8
480.0,1307.7,2.50,0.05,2.50,40.73434,-111.87210,38.0,13.3,878.1,84.16,0.6
540.0,1307.7,2.30,0.04,2.30,40.73434,-111.87210,38.0,13.6,878.1,80.90,0.7
600.0,1307.7,2.43,0.05,2.43,40.73434,-111.87211,38.0,13.9,878.1,96.14,0.8
660.0,1307.9,2.66,0.05,2.66,40.73434,-111.87211,37.8,14.3,878.1,79.59,0.8
720.0,1307.8,2.86,0.04,2.86,40.73434,-111.87211,37.8,14.6,878.1,90.86,0.9
780.0,1307.7,3.20,0.04,3.20,40.73434,-111.87211,37.7,14.5,878.1,86.63,0.9
840.0,1307.6,3.19,0.05,3.19,40.73434,-111.87211,37.6,14.2,878.1,52.69,1.0
900.0,1307.6,2.96,0.04,2.96,40.73434,-111.87211,37.6,13.7,878.1,6.33,0.3
960.0,1307.8,3.31,0.04,3.31,40.73434,-111.87211,37.6,13.7,878.1,38.46,0.5
1020.0,1307.7,3.55,0.05,3.55,40.73434,-111.87211,37.6,13.9,878.1,67.05,0.6
1080.0,1307.7,3.85,0.05,3.85,40.73434,-111.87211,37.8,14.1,878.1,92.71,0.9
1140.0,1307.9,3.75,0.05,3.75,40.73434,-111.87211,37.9,13.9,878.1,90.86,0.7
1200.0,1308.0,3.82,0.04,3.82,40.73434,-111.87211,38.0,13.6,878.1,86.93,0.7
1260.0,1308.0,4.08,0.04,4.08,40.73435,-111.87211,38.1,13.7,878.0,61.60,0.4
1320.0,1308.0,3.91,0.05,3.91,40.73435,-111.87211,38.1,13.4,878.0,70.28,0.7
1380.0,1308.2,3.76,0.05,3.76,40.73434,-111.87211,38.1,13.8,878.0,72.18,0.7
1440.0,1308.6,3.82,0.05,3.82,40.73434,-111.87211,38.2,14.2,878.0,100.00,1.1
1500.0,1308.7,3.15,0.04,3.15,40.73434,-111.87211,38.2,14.4,878.0,92.66,1.1
1560.0,1308.7,2.78,0.05,2.78,40.73434,-111.87211,38.2,14.4,878.0,91.87,1.0
1620.0,1308.6,2.36,0.05,2.36,40.73434,-111.87211,38.4,13.9,878.0,84.24,0.7
1680.0,1308.6,2.38,0.05,2.38,40.73434,-111.87211,38.3,13.7,878.0,62.25,0.7
1740.0,1308.6,3.08,0.05,3.08,40.73434,-111.87211,38.5,13.6,878.0,87.28,0.7
1800.0,1308.7,2.84,0.05,2.84,40.73434,-111.87211,38.6,13.9,878.0,82.98,0.6
1860.0,1308.7,2.49,0.04,2.49,40.73434,-111.87211,38.6,13.9,878.0,82.66,0.9
1920.0,1308.7,2.64,0.05,2.64,40.73434,-111.87211,38.6,13.1,878.0,292.68,0.1
1980.0,1308.6,3.09,0.05,3.09,40.73434,-111.87211,38.6,13.2,878.0,14.73,0.2
2040.0,1308.6,2.92,0.05,2.92,40.73434,-111.87211,38.5,13.3,878.0,42.28,0.2
2100.0,1308.5,2.73,0.04,2.73,40.73434,-111.87211,38.5,13.3,878.0,74.16,0.4
2160.0,1308.5,2.17,0.05,2.17,40.73434,-111.87211,38.4,13.7,878.0,77.95,0.8
2220.0,1308.5,2.65,0.04,2.65,40.73434,-111.87211,38.2,14.2,878.0,96.63,0.9
2280.0,1308.6,3.01,0.04,3.01,40.73434,-111.87211,38.1,13.6,878.0,42.00,0.3
2340.0,1308.5,3.05,0.06,3.05,40.73434,-111.87211,38.0,13.5,878.0,359.16,0.2
2400.0,1308.6,2.84,0.06,2.84,40.73434,-111.87211,37.9,13.8,878.0,63.92,0.4
2460.0,1308.6,2.71,0.04,2.71,40.73434,-111.87211,37.8,13.6,878.0,87.80,0.5
2520.0,1308.6,2.15,0.04,2.15,40.73434,-111.87211,37.8,13.7,878.0,93.99,0.6
2580.0,1308.6,1.83,0.04,1.83,40.73434,-111.87211,37.8,13.6,877.9,79.32,0.5
2640.0,1308.6,1.96,0.05,1.96,40.73434,-111.87211,37.8,13.4,877.9,43.15,0.3
2700.0,1308.6,1.86,0.05,1.86,40.73434,-111.87211,37.8,13.9,877.9,98.25,0.7
2760.0,1308.6,2.00,0.05,2.00,40.73434,-111.87211,37.8,13.7,877.9,87.33,0.5
2820.0,1308.6,2.04,0.05,2.04,40.73434,-111.87211,37.8,14.1,877.9,92.60,0.8
2880.0,1308.5,2.24,0.05,2.24,40.73434,-111.87211,37.7,14.0,877.9,97.54,0.9
2940.0,1308.4,2.31,0.05,2.31,40.73434,-111.87211,37.7,14.3,877.9,83.33,0.7
3000.0,1308.3,2.34,0.05,2.34,40.73434,-111.87211,37.6,14.0,877.8,71.27,0.6
3060.0,1308.1,2.66,0.05,2.66,40.73434,-111.87211,37.5,14.3,877.8,96.24,1.0
3120.0,1308.1,1.73,0.05,1.73,40.73434,-111.87211,37.5,14.4,877.8,91.93,0.8
3180.0,1308.2,2.05,0.06,2.05,40.73434,-111.87211,37.5,14.4,877.8,79.85,0.7
3240.0,1307.9,2.10,0.05,2.10,40.73434,-111.87211,37.6,14.2,877.8,102.02,0.9
3300.0,1307.6,2.78,0.05,2.78,40.73434,-111.87212,37.6,14.2,877.8,69.54,0.5
3360.0,1307.3,2.77,0.05,2.77,40.73434,-111.87212,37.7,13.9,877.8,68.31,0.4
3420.0,1307.8,2.45,0.05,2.45,40.73434,-111.87212,37.8,14.1,877.8,86.04,0.5
3480.0,1308.2,2.64,0.05,2.64,40.73434,-111.87212,37.9,14.4,877.8,81.75,0.7
3540.0,1308.4,2.63,0.05,2.63,40.73434,-111.87212,37.9,14.7,877.8,94.14,0.9
3600.0,1309.0,2.71,0.05,2.71,40.73434,-111.87211,38.0,14.4,877.8,89.65,0.8
3660.0,1308.7,2.32,0.05,2.32,40.73434,-111.87212,38.0,14.9,877.8,96.77,1.2
3720.0,1308.3,2.41,0.06,2.41,40.73434,-111.87212,38.0,14.6,877.8,98.57,0.9
3780.0,1308.0,2.28,0.06,2.28,40.73434,-111.87212,37.9,14.9,877.8,90.33,0.9
3840.0,1308.7,2.42,0.05,2.42,40.73434,-111.87211,37.9,15.0,877.8,93.08,0.8
3900.0,1308.8,2.57,0.06,2.57,40.73434,-111.87211,37.8,14.7,877.8,83.02,0.6
3960.0,1308.9,2.69,0.05,2.69,40.73434,-111.87211,37.8,14.2,877.7,92.91,0.7
4020.0,1308.9,2.51,0.05,2.51,40.73434,-111.87211,37.6,14.7,877.7,92.80,0.9
4080.0,1309.1,2.40,0.05,2.40,40.73434,-111.87211,37.4,14.0,877.7,74.09,0.7
4140.0,1309.2,2.75,0.04,2.75,40.73434,-111.87211,37.3,14.2,877.7,80.46,0.6
4200.0,1309.4,2.70,0.05,2.70,40.73434,-111.87211,37.1,14.1,877.7,79.45,0.7
4260.0,1309.4,2.83,0.05,2.83,40.73434,-111.87211,37.1,14.2,877.7,99.60,0.8
4320.0,1309.5,2.54,0.05,2.54,40.73434,-111.87211,37.0,14.6,877.7,96.03,0.8
4380.0,1309.5,2.77,0.05,2.77,40.73434,-111.87211,37.0,14.8,877.7,92.25,0.8
4440.0,1309.6,2.84,0.06,2.84,40.73434,-111.87211,37.0,14.5,877.7,82.47,0.4
4500.0,1309.6,3.00,0.06,3.00,40.73434,-111.87211,37.0,14.5,877.7,88.84,0.7
4560.0,1309.6,3.03,0.05,3.03,40.73434,-111.87211,36.9,14.3,877.7,102.77,0.6
4620.0,1309.5,2.68,0.05,2.68,40.73434,-111.87211,36.8,14.0,877.7,81.48,0.5
4680.0,1309.4,2.62,0.05,2.62,40.73434,-111.87211,36.8,14.0,877.7,104.91,0.6
4740.0,1309.0,3.29,0.06,3.29,40.73434,-111.87211,36.7,14.1,877.7,85.63,0.6
4800.0,1309.0,3.22,0.05,3.22,40.73434,-111.87211,36.6,14.0,877.7,79.14,0.4
4860.0,1309.1,2.97,0.05,2.97,40.73434,-111.87211,36.5,13.9,877.7,93.32,0.3
4920.0,1309.3,3.57,0.05,3.57,40.73434,-111.87211,36.4,14.4,877.7,94.25,0.7
4980.0,1309.5,3.56,0.05,3.56,40.73434,-111.87211,36.4,14.3,877.8,105.32,0.7
5040.0,1310.6,3.67,0.06,3.67,40.73434,-111.87210,36.3,14.7,877.8,108.02,0.9
5100.0,1310.5,3.62,0.07,3.62,40.73434,-111.87210,36.1,14.6,877.8,105.11,0.6
5160.0,1310.4,3.71,0.06,3.71,40.73434,-111.87210,36.1,14.4,877.8,100.61,0.5
5220.0,1309.9,3.68,0.06,3.68,40.73434,-111.87210,36.1,14.7,877.8,96.75,0.7
5280.0,1310.0,3.87,0.05,3.87,40.73434,-111.87210,36.0,14.8,877.7,97.45,0.7
5340.0,1309.7,3.65,0.05,3.65,40.73434,-111.87210,36.0,14.8,877.7,104.98,0.6
5400.0,1309.5,3.62,0.05,3.62,40.73434,-111.87210,36.1,14.6,877.7,107.65,0.6
5460.0,1309.4,3.38,0.05,3.38,40.73434,-111.87210,36.2,14.6,877.7,104.27,0.7
5520.0,1309.3,3.41,0.07,3.41,40.73434,-111.87210,36.1,14.8,877.7,88.49,0.7
5580.0,1309.1,3.26,0.06,3.26,40.73434,-111.87210,36.2,14.7,877.7,81.35,0.4
5640.0,1309.0,3.06,0.06,3.06,40.73434,-111.87210,36.1,14.7,877.7,87.24,0.6
5700.0,1308.9,2.73,0.05,2.73,40.73434,-111.87210,36.1,14.8,877.7,95.98,0.8
5760.0,1309.1,3.11,0.07,3.11,40.73434,-111.87210,36.0,14.5,877.7,87.35,0.5
5820.0,1309.0,3.05,0.06,3.05,40.73434,-111.87210,36.1,14.4,877.7,116.47,0.4
5880.0,1308.9,2.85,0.06,2.85,40.73434,-111.87210,36.2,14.4,877.7,99.89,0.6
5940.0,1308.8,2.87,0.05,2.87,40.73434,-111.87210,36.2,14.6,877.7,100.62,0.7
6000.0,1308.8,3.37,0.06,3.37,40.73434,-111.87210,36.3,14.5,877.7,109.20,0.6
6060.0,1308.9,3.75,0.05,3.75,40.73434,-111.87210,36.3,14.9,877.7,99.75,0.8
6120.0,1308.7,3.95,0.05,3.95,40.73434,-111.87210,36.2,14.7,877.7,111.47,0.6
6180.0,1308.7,3.92,0.06,3.92,40.73434,-111.87210,36.1,14.8,877.7,99.03,0.5
6240.0,1308.5,3.88,0.06,3.88,40.73434,-111.87210,36.1,14.5,877.8,91.59,0.5
6300.0,1308.4,3.84,0.06,3.84,40.73434,-111.87210,36.0,14.7,877.8,99.60,0.6
6360.0,1308.3,3.27,0.05,3.27,40.73433,-111.87211,36.0,14.7,877.8,94.92,0.5
6420.0,1308.3,3.19,0.05,3.19,40.73433,-111.87211,35.9,14.9,877.8,96.67,0.7
6480.0,1308.1,3.03,0.06,3.03,40.73433,-111.87211,35.8,15.0,877.8,96.14,0.7
6540.0,1308.2,3.19,0.05,3.19,40.73433,-111.87211,35.7,15.0,877.8,103.84,0.6
6600.0,1308.4,3.09,0.06,3.09,40.73433,-111.87211,35.7,15.0,877.8,97.86,0.7
6660.0,1309.0,2.79,0.05,2.79,40.73434,-111.87211,35.6,15.3,877.8,105.49,0.7
6720.0,1309.0,2.71,0.06,2.71,40.73434,-111.87211,35.5,15.4,877.8,98.20,0.7
6780.0,1309.0,2.50,0.05,2.50,40.73434,-111.87211,35.5,15.0,877.8,100.51,0.4
6840.0,1309.0,1.71,0.06,1.71,40.73434,-111.87211,35.6,15.1,877.8,96.24,0.6
6900.0,1309.0,1.76,0.05,1.76,40.73434,-111.87211,35.3,15.6,877.8,95.08,0.7
6960.0,1309.0,1.88,0.05,1.88,40.73434,-111.87211,35.1,15.8,877.8,102.90,0.7
7020.0,1309.0,2.04,0.05,2.04,40.73434,-111.87211,34.9,15.8,877.8,103.13,0.8
7080.0,1309.1,2.52,0.05,2.52,40.73434,-111.87211,34.7,15.9,877.8,105.10,0.8
7140.0,1309.2,2.43,0.05,2.43,40.73434,-111.87211,34.5,15.9,877.8,105.03,0.8
7200.0,1309.3,1.94,0.05,1.94,40.73434,-111.87211,34.4,15.9,877.8,97.74,0.7
7260.0,1309.4,1.82,0.05,1.82,40.73434,-111.87211,34.2,16.1,877.8,95.58,0.8
7320.0,1309.3,1.92,0.05,1.92,40.73434,-111.87211,34.0,16.4,877.9,91.30,0.6
7380.0,1309.3,1.42,0.06,1.42,40.73434,-111.87211,33.9,16.0,877.9,93.06,0.6
7440.0,1309.4,1.85,0.06,1.85,40.73434,-111.87211,33.8,15.9,877.9,92.06,0.7
7500.0,1309.5,1.95,0.05,1.95,40.73434,-111.87211,33.7,16.2,877.9,104.54,0.8
7560.0,1309.6,2.12,0.05,2.12,40.73434,-111.87211,33.6,15.9,877.9,99.54,0.7
7620.0,1309.6,1.90,0.05,1.90,40.73434,-111.87211,33.6,15.7,877.9,94.67,0.6
7680.0,1309.6,2.01,0.05,2.01,40.73434,-111.87211,33.7,15.9,877.9,113.13,0.6
7740.0,1309.6,2.11,0.05,2.11,40.73434,-111.87211,33.8,16.3,877.9,112.93,0.5
7800.0,1309.6,1.67,0.04,1.67,40.73434,-111.87211,33.9,16.0,877.9,100.15,0.5
7860.0,1309.5,2.32,0.05,2.32,40.73434,-111.87211,34.0,16.3,877.9,98.07,0.6
7920.0,1309.6,2.08,0.05,2.08,40.73434,-111.87211,34.0,16.3,877.9,99.51,0.6
7980.0,1309.6,2.34,0.06,2.34,40.73434,-111.87211,34.0,16.2,877.9,98.45,0.7
8040.0,1309.5,2.20,0.06,2.20,40.73434,-111.87211,34.0,16.2,877.9,96.48,0.6
8100.0,1309.3,2.48,0.06,2.48,40.73434,-111.87211,34.0,16.3,877.9,87.38,0.6
8160.0,1309.0,3.27,0.05,3.27,40.73434,-111.87211,33.9,16.2,878.0,98.74,0.5
8220.0,1309.0,3.26,0.05,3.26,40.73434,-111.87211,34.0,16.0,878.0,107.84,0.7
8280.0,1308.9,3.34,0.05,3.34,40.73434,-111.87211,34.0,16.4,878.0,107.88,0.6
8340.0,1309.0,2.94,0.05,2.94,40.73434,-111.87211,33.9,16.6,878.0,100.52,0.7
8400.0,1309.0,2.39,0.05,2.39,40.73434,-111.87211,33.7,17.2,878.0,98.53,0.7
8460.0,1308.8,2.62,0.05,2.62,40.73434,-111.87211,33.5,16.9,878.0,101.52,0.7
8520.0,1308.7,3.12,0.06,3.12,40.73434,-111.87211,33.4,17.0,878.0,107.44,0.6
8580.0,1308.7,3.79,0.06,3.79,40.73434,-111.87211,33.2,17.4,878.0,110.67,0.7
8640.0,1308.5,3.59,0.05,3.59,40.73434,-111.87211,33.1,17.8,878.0,110.69,0.7
8700.0,1308.5,3.85,0.05,3.85,40.73434,-111.87211,33.0,17.8,878.0,110.54,0.7
8760.0,1308.5,4.14,0.05,4.14,40.73434,-111.87211,32.9,18.2,878.0,109.75,0.8
8820.0,1308.5,4.15,0.05,4.15,40.73434,-111.87211,32.9,18.4,878.0,106.84,0.6
8880.0,1308.6,3.42,0.06,3.42,40.73434,-111.87211,32.8,18.7,878.0,103.98,0.8
8940.0,1308.3,3.56,0.05,3.56,40.73434,-111.87211,32.6,19.0,878.0,103.98,0.8
9000.0,1308.3,3.97,0.05,3.97,40.73434,-111.87211,32.5,19.1,878.0,112.08,0.8
9060.0,1308.3,4.18,0.05,4.18,40.73434,-111.87211,32.4,19.2,878.0,108.46,0.6
9120.0,1308.2,3.62,0.05,3.62,40.73434,-111.87211,32.3,19.3,878.0,112.24,0.7
9180.0,1308.2,3.86,0.06,3.86,40.73434,-111.87211,32.2,19.4,878.0,117.67,0.9
9240.0,1308.4,3.27,0.06,3.27,40.73434,-111.87211,32.2,19.5,878.0,125.58,1.2
9300.0,1308.4,3.24,0.05,3.24,40.73434,-111.87211,32.2,19.7,878.0,115.02,0.9
9360.0,1308.4,3.40,0.06,3.40,40.73434,-111.87211,32.1,19.8,878.0,118.67,1.1
9420.0,1308.5,4.13,0.05,4.13,40.73434,-111.87211,32.0,20.2,878.0,119.17,1.2
9480.0,1308.3,4.87,0.04,4.87,40.73434,-111.87211,31.9,20.1,878.1,127.16,1.5
9540.0,1308.3,4.65,0.05,4.65,40.73434,-111.87211,31.8,20.6,878.1,121.66,1.5
9600.0,1308.7,4.16,0.05,4.16,40.73434,-111.87211,31.7,21.0,878.1,118.92,1.3
9660.0,1308.6,3.86,0.05,3.86,40.73434,-111.87211,31.6,21.2,878.1,119.89,2.0
9720.0,1308.7,3.83,0.05,3.83,40.73434,-111.87211,31.5,20.7,878.1,117.64,1.6
9780.0,1308.9,3.94,0.05,3.94,40.73434,-111.87211,31.4,20.8,878.1,118.42,1.5
9840.0,1308.7,4.28,0.06,4.28,40.73434,-111.87211,31.3,20.7,878.1,117.97,1.4
9900.0,1308.7,4.27,0.06,4.27,40.73434,-111.87210,31.2,20.8,878.1,121.95,1.6
9960.0,1308.4,3.88,0.05,3.88,40.73434,-111.87211,31.2,20.7,878.1,120.12,1.9
10020.0,1308.5,3.73,0.05,3.73,40.73434,-111.87211,31.1,20.8,878.1,118.17,1.7
10080.0,1308.7,3.73,0.06,3.73,40.73433,-111.87210,31.0,20.9,878.2,119.95,1.3
10140.0,1308.7,3.26,0.05,3.26,40.73433,-111.87210,31.0,20.8,878.2,118.08,0.8
10200.0,1308.7,3.25,0.05,3.25,40.73433,-111.87210,31.0,20.8,878.2,111.01,1.0
10260.0,1308.6,3.06,0.06,3.06,40.73433,-111.87210,30.9,20.5,878.2,113.71,0.9
10320.0,1308.7,3.03,0.06,3.03,40.73433,-111.87210,30.9,20.7,878.2,113.15,0.8
10380.0,1308.6,3.23,0.05,3.23,40.73433,-111.87210,30.8,20.8,878.2,115.75,0.8
10440.0,1308.5,3.15,0.05,3.15,40.73433,-111.87210,30.8,20.9,878.2,119.94,1.0
10500.0,1308.6,3.16,0.05,3.16,40.73433,-111.87210,30.7,21.2,878.2,120.82,1.8
10560.0,1308.4,3.28,0.05,3.28,40.73433,-111.87211,30.6,20.9,878.2,120.98,1.9
10620.0,1308.3,2.90,0.05,2.90,40.73433,-111.87211,30.5,21.4,878.2,119.77,1.5
10680.0,1308.3,2.28,0.05,2.28,40.73434,-111.87211,30.4,21.5,878.2,118.97,1.9
10740.0,1308.4,2.90,0.05,2.90,40.73434,-111.87211,30.3,21.7,878.2,120.92,2.5
10800.0,1308.4,3.10,0.04,3.10,40.73434,-111.87211,30.2,21.5,878.2,114.54,1.8
10860.0,1308.5,3.54,0.05,3.54,40.73434,-111.87211,30.2,21.7,878.2,119.02,1.8
10920.0,1308.2,3.52,0.05,3.52,40.73434,-111.87211,30.1,21.8,878.2,118.28,1.3
10980.0,1308.0,3.71,0.05,3.71,40.73434,-111.87211,30.1,21.8,878.2,120.66,1.6
11040.0,1307.7,3.59,0.05,3.59,40.73434,-111.87211,30.1,21.9,878.2,120.02,1.5
11100.0,1307.7,3.28,0.05,3.28,40.73434,-111.87211,30.0,22.1,878.2,115.89,1.8
11160.0,1307.4,3.55,0.04,3.55,40.73434,-111.87211,29.9,22.2,878.2,123.11,2.3
11220.0,1307.3,3.62,0.05,3.62,40.73434,-111.87211,29.8,22.4,878.2,123.77,2.7
11280.0,1307.3,3.44,0.05,3.44,40.73434,-111.87211,29.8,22.3,878.2,121.05,2.3
11340.0,1307.3,3.06,0.05,3.06,40.73434,-111.87211,29.7,22.5,878.2,118.30,1.8
11400.0,1307.2,3.45,0.06,3.45,40.73434,-111.87211,29.6,22.5,878.2,120.38,2.0
11460.0,1307.1,3.39,0.04,3.39,40.73434,-111.87211,29.6,22.5,878.2,119.37,1.7
11520.0,1307.1,3.01,0.04,3.01,40.73434,-111.87211,29.5,22.6,878.3,115.98,1.2
11580.0,1307.0,3.04,0.06,3.04,40.73434,-111.87211,29.5,22.6,878.3,115.04,1.6
11640.0,1306.8,3.17,0.04,3.17,40.73434,-111.87211,29.5,22.8,878.3,119.43,1.2
11700.0,1307.0,2.98,0.05,2.98,40.73434,-111.87211,29.4,22.6,878.3,117.83,0.8
11760.0,1307.1,2.79,0.04,2.79,40.73434,-111.87211,29.4,22.6,878.3,111.38,0.9
11820.0,1307.1,3.10,0.05,3.10,40.73434,-111.87211,29.3,22.6,878.3,112.16,0.9
11880.0,1307.0,3.05,0.05,3.05,40.73434,-111.87211,29.2,22.5,878.3,107.66,1.2
11940.0,1307.0,3.41,0.04,3.41,40.73434,-111.87211,29.2,22.3,878.3,124.15,1.7
12000.0,1307.2,3.52,0.05,3.52,40.73434,-111.87211,29.1,22.6,878.3,114.06,1.0
12060.0,1307.3,3.05,0.04,3.05,40.73434,-111.87211,29.1,22.5,878.3,116.84,1.2
12120.0,1307.5,2.82,0.05,2.82,40.73434,-111.87211,29.0,22.4,878.3,111.57,1.4
12180.0,1307.4,2.65,0.05,2.65,40.73434,-111.87211,29.0,22.4,878.3,118.82,1.4
12240.0,1307.3,2.64,0.04,2.64,40.73434,-111.87211,29.0,22.3,878.3,118.28,1.5
12300.0,1307.3,2.75,0.05,2.75,40.73434,-111.87211,28.9,22.3,878.3,115.90,1.5
12360.0,1307.5,3.07,0.05,3.07,40.73434,-111.87211,28.9,22.3,878.3,122.70,1.1
12420.0,1307.7,3.06,0.05,3.06,40.73434,-111.87211,28.9,22.4,878.3,104.89,1.1
12480.0,1307.8,2.95,0.04,2.95,40.73434,-111.87211,28.8,22.5,878.3,116.98,0.9
12540.0,1307.5,2.42,0.05,2.42,40.73434,-111.87211,28.8,22.5,878.3,123.53,1.0
12600.0,1307.6,2.14,0.05,2.14,40.73434,-111.87211,28.8,22.3,878.3,119.94,1.0
