CampaignData_and_Merges/R0/CSL_MobileLab_Parked/raw/20240803/USOS-NOAAIodideCIMS-OrgNitrs_MobileLabGround_20240803_RA.ict
37, 1001
Michael A Robinson, Chris Jernigan, Subi Thakali
NOAA ESRL Chemical Sciences Laboratory and CIRES, U. of Colorado
NOAA Iodide CIMS Instrument
USOS
1, 1
2024, 08, 03, 2024, 08, 04
1
starttime_UTC, seconds_past_midnight, seconds_of_day_since_00:00:00_UTC
5
1, 1, 1, 1, 1
-9999, -9999, -9999, -9999, -9999
C4H7NO5_NOAACIMS, pptv, Gas_C4H7NO5_InSitu_S_AVMR, 
ISOPN_NOAACIMS, pptv, Gas_ISOPN_InSitu_S_AVMR, 
C5H10O3_NOAACIMS, pptv, Gas_C5H10O3_InSitu_S_AVMR, 
C5H9NO5_NOAACIMS, pptv, Gas_C5H9NO5_InSitu_S_AVMR, 
C10H17NO4_NOAACIMS, pptv, Gas_C10H17NO4_InSitu_S_AVMR, 
0
18
PI_CONTACT_INFO: 325 Broadway, R/CSD 7, Boulder, Colorado 80305; michael.a.robinson@noaa.gov; chris.jernigan@noaa.gov;
PLATFORM: NOAA CSL Mobile Lab
LOCATION: SLC, Utah
ASSOCIATED_DATA: 1Hz data also available on request.
INSTRUMENT_INFO: NOAA I- ToF CIMS
DATA_INFO: All data in parts per trillion by volume (pptv). 1 Hz data is available upon request.
UNCERTAINTY: TBD
ULOD_FLAG: -7777
ULOD_VALUE: N/A
LLOD_FLAG: -8888
LLOD_VALUE: N/A
DM_CONTACT_INFO: Nathan Howard; nathan.h.howard@noaa.gov
PROJECT_INFO: USOS, summer 2024. https://csl.noaa.gov/groups/csl7/measurements/2024usos/
STIPULATIONS_ON_USE: Users are strongly encouraged to contact the PI for proper data usage.
OTHER_COMMENTS: 
REVISION: RA
RA: Preliminary Data; For in-field use only
starttime_UTC, C4H7NO5_NOAACIMS, ISOPN_NOAACIMS, C5H10O3_NOAACIMS, C5H9NO5_NOAACIMS, C10H17NO4_NOAACIMS
[from data line 317]
 19020,  5.992, 20.400, 168.411, 10.577,  0.948
 19080,  5.903, 20.012, 169.229, 10.804,  0.897
 19140,  5.863, 19.996, 170.661, 10.789,  0.917
 19200,  5.820, 19.161, 173.365, 10.861,  0.861
 19260,  5.789, 19.439, 170.982, 10.759,  0.870
 19320,  5.644, 19.128, 173.608, 10.830,  0.795
 19380,  5.672, 18.977, 176.862, 10.743,  0.948
 19440,  5.687, 18.777, 177.418, 10.672,  0.881
 19500,  5.681, 18.497, 171.413, 10.442,  0.764
 19560,  5.684, 18.244, 167.122, 10.521,  0.773
 19620,  5.798, 18.640, 164.563, 10.441,  0.746
 19680,  5.565, 18.343, 158.832, 10.184,  0.774
 19740,  5.660, 18.237, 159.054, 10.375,  0.961
 19800, -9999.000, -9999.000, -9999.000, -9999.000, -9999.000
 19860,  5.543, 17.895, 118.676,  9.995,  0.726
 19920,  5.802, 17.949, 133.529, 10.934,  1.124
 19980,  5.792, 17.874, 134.784, 10.939,  1.144
 20040,  5.808, 18.241, 134.054, 11.059,  1.191
 20100,  5.806, 18.571, 133.078, 11.198,  1.355
 20160,  6.149, 19.379, 136.653, 12.548,  1.426
 20220,  5.987, 19.394, 136.456, 12.184,  1.459
 20280,  6.040, 19.261, 137.942, 12.408,  1.473
 20340,  6.139, 19.085, 136.341, 12.270,  1.526
 20400,  6.024, 19.530, 142.351, 12.618,  1.446
 20460,  6.121, 20.553, 165.572, 13.313,  1.170
 20520,  5.997, 20.527, 177.962, 13.193,  0.995
 20580,  5.824, 20.102, 171.150, 12.412,  0.957
 20640,  5.779, 20.344, 174.519, 12.561,  0.902
 20700,  5.951, 20.650, 180.608, 13.836,  1.003
 20760,  6.029, 21.322, 182.815, 13.957,  1.121
 20820,  5.977, 20.604, 178.926, 13.603,  1.097
 20880,  5.877, 20.728, 182.720, 13.640,  1.075
 20940,  5.834, 20.695, 180.615, 13.364,  1.046
 21000,  5.855, 20.636, 188.004, 13.603,  1.005
 21060,  5.720, 19.423, 175.668, 12.978,  1.153
 21120,  5.848, 19.932, 173.708, 13.155,  1.125
 21180,  6.017, 20.773, 189.538, 14.229,  1.094
 21240,  6.003, 21.502, 192.457, 14.317,  1.071
 21300,  5.946, 21.577, 199.821, 14.930,  1.044
 21360,  5.890, 20.554, 194.681, 14.616,  1.110
 21420,  5.877, 21.258, 191.986, 14.101,  1.050
 21480,  5.820, 20.662, 194.523, 14.042,  1.109
 21540,  5.896, 21.089, 192.056, 14.491,  1.119
 21600,  5.781, 20.691, 191.807, 14.565,  1.056
 21660,  5.236, 19.361, 179.461, 14.288,  0.445
 21720,  5.688, 19.787, 178.386, 14.036,  1.090
 21780,  5.680, 19.704, 188.836, 14.446,  1.151
 21840,  5.608, 19.576, 181.648, 14.096,  1.023
 21900,  5.590, 19.665, 183.638, 13.882,  1.137
 21960,  5.592, 19.509, 188.257, 13.875,  1.154
 22020,  5.533, 19.332, 183.882, 13.643,  1.094
 22080,  5.511, 19.522, 187.381, 14.386,  1.017
 22140,  5.519, 18.865, 183.680, 14.012,  1.112
 22200,  5.430, 18.412, 181.956, 13.786,  1.004
 22260,  5.364, 18.690, 179.036, 13.685,  1.075
 22320,  5.395, 18.379, 179.485, 13.558,  1.153
 22380,  5.348, 17.848, 175.739, 13.791,  1.118
 22440,  5.267, 18.414, 176.866, 13.703,  1.091
 22500,  5.250, 18.063, 178.173, 13.640,  1.054
 22560,  5.235, 18.263, 182.320, 13.534,  1.175
 22620,  5.154, 17.727, 179.574, 13.447,  1.043
 22680,  5.086, 17.570, 175.723, 13.215,  1.039
 22740,  5.018, 16.805, 175.881, 12.934,  1.115
 22800,  4.958, 17.185, 169.186, 12.661,  1.017
 22860,  5.087, 17.498, 171.916, 12.804,  0.989
 22920,  5.109, 18.094, 174.469, 13.146,  0.943
 22980,  5.092, 17.112, 178.867, 13.368,  0.993
 23040,  5.086, 17.670, 185.777, 13.371,  1.061
 23100,  5.124, 17.650, 181.806, 13.382,  1.036
 23160,  5.042, 17.563, 181.024, 13.166,  1.058
 23220,  5.036, 17.355, 179.898, 13.444,  1.013
 23280,  5.160, 16.993, 180.742, 13.607,  1.025
 23340,  5.261, 17.393, 185.699, 13.786,  1.158
 23400,  5.078, 17.551, 183.841, 13.559,  1.050
 23460,  5.176, 17.860, 183.677, 14.077,  0.979
 23520, -9999.000, -9999.000, -9999.000, -9999.000, -9999.000
 23580,  5.081, 17.491, 161.737, 13.400,  1.000
 23640,  5.146, 17.796, 177.783, 14.310,  1.043
 23700,  5.135, 17.489, 182.496, 14.330,  1.105
 23760,  5.057, 17.680, 178.443, 13.591,  1.023
 23820,  5.111, 18.007, 183.639, 14.220,  0.995
 23880,  5.091, 17.205, 175.245, 13.700,  0.964
 23940,  5.050, 17.027, 176.416, 13.791,  1.053
 24000,  5.105, 17.818, 180.841, 14.335,  0.900
 24060,  5.015, 17.290, 184.861, 14.247,  0.898
 24120,  4.848, 17.016, 181.604, 14.027,  0.888
 24180,  4.840, 16.958, 178.602, 13.291,  0.862
 24240,  4.875, 16.737, 176.758, 13.869,  1.024
 24300,  5.037, 17.798, 185.155, 14.737,  1.020
 24360,  5.086, 17.811, 192.085, 15.152,  1.057
 24420,  5.187, 17.799, 192.323, 14.878,  0.969
 24480,  5.074, 17.036, 190.200, 14.756,  0.904
 24540,  5.032, 16.970, 187.275, 14.505,  0.896
 24600,  5.088, 16.946, 188.380, 14.942,  0.916
 24660,  5.172, 17.337, 192.700, 15.384,  0.968
 24720,  5.199, 17.779, 193.868, 15.930,  0.855
 24780,  5.250, 18.299, 201.099, 16.381,  0.936
 24840,  5.093, 16.733, 196.933, 15.285,  0.968
 24900,  5.175, 17.310, 190.576, 15.380,  0.906
 24960,  5.219, 17.450, 193.547, 15.637,  0.896
 25020,  5.300, 17.615, 194.534, 15.768,  0.831
 25080,  5.188, 17.476, 190.380, 15.721,  0.969
 25140,  5.303, 17.047, 196.689, 16.208,  0.917
 25200,  5.218, 17.823, 196.820, 16.399,  1.035
 25260,  5.198, 17.185, 191.893, 15.783,  1.048
 25320,  5.227, 16.906, 187.480, 15.194,  0.720
 25380,  4.948, 16.894, 169.549, 15.086,  0.757
 25440,  4.971, 16.398, 172.311, 15.075,  0.843
 25500,  5.050, 16.101, 173.508, 14.932,  0.899
 25560,  4.917, 16.694, 178.995, 15.207,  0.979
 25620,  5.079, 16.004, 177.774, 14.977,  0.893
 25680,  4.900, 15.252, 176.709, 14.539,  0.907
 25740,  4.734, 15.404, 172.993, 14.483,  0.928
 25800,  4.767, 15.314, 169.138, 13.967,  0.830
 25860,  4.726, 15.285, 169.033, 14.308,  0.923
 25920,  4.703, 15.630, 174.362, 14.762,  0.896
 25980,  4.800, 15.631, 180.868, 15.629,  0.920
 26040,  4.625, 14.746, 172.316, 14.613,  0.866
 26100,  4.659, 14.287, 169.440, 13.854,  0.925
 26160,  4.633, 14.214, 166.905, 14.171,  0.959
 26220,  4.490, 13.266, 164.399, 13.745,  0.877
 26280,  4.401, 13.562, 164.312, 13.163,  0.896
 26340,  4.393, 12.666, 159.170, 13.107,  0.777
 26400,  4.252, 13.134, 155.743, 13.124,  0.889
 26460,  4.277, 12.768, 153.881, 13.278,  0.919
 26520,  4.360, 12.571, 148.924, 12.863,  0.790
 26580,  4.339, 12.640, 151.670, 13.062,  0.840
 26640,  4.142, 11.888, 145.215, 12.789,  0.863
 26700,  4.007, 12.227, 142.627, 12.553,  0.862
 26760,  4.190, 12.050, 145.916, 12.908,  0.809
 26820,  4.142, 11.654, 142.915, 12.355,  0.782
 26880,  4.175, 11.903, 147.455, 12.747,  0.908
 26940,  4.118, 12.104, 145.048, 12.447,  0.876
 27000,  4.086, 11.761, 142.204, 12.330,  0.814
 27060,  4.051, 11.311, 143.086, 12.120,  0.918
 27120,  3.987, 10.922, 137.988, 12.178,  0.741
 27180, -9999.000, -9999.000, -9999.000, -9999.000, -9999.000
 27240,  3.763, 10.037, 110.901, 10.937,  0.664
 27300,  3.746, 10.630, 120.433, 10.977,  0.678
 27360,  3.743, 10.148, 122.209, 10.981,  0.691
 27420,  3.661, 10.300, 123.587, 10.598,  0.671
 27480,  3.640, 10.018, 126.418, 10.551,  0.644
 27540,  3.831, 10.421, 125.190, 11.048,  0.826
 27600,  4.257, 11.920, 126.219, 12.798,  1.266
 27660,  4.476, 12.676, 122.909, 13.425,  1.731
 27720,  4.506, 12.477, 120.676, 13.110,  1.564
 27780,  4.776, 13.504, 120.305, 14.465,  1.935
 27840,  5.007, 13.806, 117.352, 15.205,  2.204
 27900,  5.060, 13.602, 116.116, 15.348,  2.139
 27960,  4.902, 13.356, 114.222, 14.361,  2.136
 28020,  4.778, 12.783, 115.727, 14.261,  1.889
 28080,  4.820, 13.202, 114.350, 14.196,  2.042
 28140,  5.021, 13.458, 113.042, 14.946,  2.232
 28200,  5.289, 14.396, 119.526, 16.428,  2.375
 28260,  5.242, 13.593, 114.835, 15.812,  2.370
 28320,  5.150, 14.055, 109.719, 15.379,  2.335
 28380,  5.031, 13.721, 112.646, 15.319,  2.336
 28440,  5.148, 13.643, 113.317, 15.139,  2.319
 28500,  5.030, 13.941, 112.401, 15.507,  2.279
 28560,  5.123, 13.737, 112.899, 15.510,  2.415
 28620,  5.124, 13.197, 113.263, 14.839,  2.103
 28680,  5.113, 13.276, 114.010, 15.619,  2.148
 28740,  5.138, 13.298, 114.742, 15.622,  2.310
 28800,  5.247, 13.690, 118.431, 15.644,  2.265
 28860,  5.261, 13.114, 115.272, 15.464,  2.179
 28920,  5.279, 13.229, 111.564, 15.728,  2.140
 28980,  5.627, 12.917, 109.242, 16.367,  2.395
 29040, -9999.000, -9999.000, -9999.000, -9999.000, -9999.000
 29100,  5.380, 12.838, 98.200, 16.336,  2.345
 29160,  5.269, 12.819, 103.397, 15.798,  2.316
 29220,  5.263, 12.485, 103.076, 16.104,  2.391
 29280,  5.201, 12.562, 105.801, 15.004,  2.137
 29340,  5.075, 12.266, 106.650, 14.754,  2.148
 29400,  4.932, 11.851, 103.637, 14.291,  2.166
 29460,  4.639, 11.818, 104.439, 13.525,  2.020
 29520,  4.372, 10.758, 105.533, 12.669,  1.695
 29580,  4.385, 10.769, 105.095, 12.670,  1.555
 29640,  4.436, 11.140, 109.171, 13.048,  1.628
 29700,  4.588, 11.190, 110.237, 13.117,  1.748
 29760,  5.341, 11.604, 109.104, 14.501,  1.701
 29820,  4.849, 11.101, 109.562, 13.505,  1.623
 29880,  4.732, 10.825, 104.088, 13.340,  1.724
 29940,  5.099, 11.477, 106.918, 14.258,  1.832
 30000,  5.467, 11.480, 111.582, 15.273,  1.855
 30060,  5.514, 11.858, 112.255, 15.197,  1.895
 30120,  5.552, 11.847, 109.874, 15.641,  1.847
 30180,  6.053, 12.309, 107.882, 16.081,  1.982
 30240,  6.317, 12.770, 113.794, 17.035,  2.112
 30300,  4.987, 10.590, 102.529, 13.521,  1.986
 30360,  4.593, 10.079, 97.139, 12.289,  1.955
 30420,  4.505, 10.077, 97.370, 12.724,  2.042
 30480,  4.511,  9.862, 92.809, 12.102,  1.775
 30540,  5.183, 11.040, 97.473, 14.277,  1.877
 30600,  5.254, 11.164, 102.982, 14.410,  1.857
 30660,  5.640, 11.318, 101.106, 14.803,  1.983
 30720,  5.515, 10.938, 100.031, 14.607,  1.869
 30780,  5.493, 10.803, 98.769, 14.213,  2.010
 30840,  5.953, 10.829, 98.378, 14.980,  2.064
 30900, -9999.000, -9999.000, -9999.000, -9999.000, -9999.000
 30960,  6.485, 11.035, 85.660, 14.533,  1.764
 31020,  6.466, 10.471, 92.346, 14.736,  1.839
 31080,  6.926, 10.718, 99.543, 14.971,  1.812
 31140,  7.144, 10.683, 103.010, 15.371,  1.622
 31200,  7.255, 11.474, 104.139, 15.177,  1.761
 31260,  7.572, 11.380, 105.004, 15.366,  1.858
 31320,  7.954, 12.007, 104.650, 15.798,  1.716
 31380,  9.406, 12.831, 115.842, 17.829,  1.532
 31440, 10.285, 14.263, 123.617, 18.767,  1.423
 31500,  9.586, 13.485, 122.836, 18.332,  1.284
 31560,  8.933, 12.358, 123.273, 17.609,  1.647
 31620,  8.269, 12.144, 119.051, 16.460,  1.853
 31680,  7.970, 11.649, 114.501, 15.778,  1.613
 31740,  7.430, 11.007, 110.231, 15.031,  1.654
 31800,  6.609, 11.007, 103.936, 14.098,  1.903
 31860,  5.894,  9.920, 97.152, 12.721,  1.776
 31920,  6.075,  9.920, 98.350, 13.236,  1.963
 31980,  5.337,  9.514, 93.216, 11.678,  1.695
 32040,  5.200,  9.460, 94.640, 12.041,  2.035
 32100,  5.228,  9.334, 96.568, 12.215,  1.765
 32160,  5.007,  9.446, 93.600, 11.815,  1.718
 32220,  4.993,  9.487, 90.471, 11.303,  1.677
 32280,  4.937,  9.389, 89.441, 11.420,  1.759
 32340,  4.966,  9.377, 86.425, 11.343,  1.604
 32400,  5.048,  9.229, 88.283, 11.437,  1.656
 32460,  4.946,  9.311, 86.811, 11.267,  1.616
 32520,  5.006,  8.936, 84.515, 11.380,  1.654
 32580,  5.253,  9.160, 85.128, 11.675,  1.700
 32640,  5.274,  9.096, 85.064, 11.926,  1.630
 32700,  5.407,  9.775, 81.390, 12.249,  1.726
 32760,  5.465,  9.318, 74.684, 11.995,  1.311
 32820,  5.467,  9.493, 81.184, 11.814,  1.663
 32880,  5.350,  9.508, 82.664, 11.955,  1.723
 32940,  5.538,  9.425, 84.079, 11.856,  1.742
 33000,  5.678,  9.886, 81.292, 12.140,  1.695
 33060,  6.137, 10.243, 86.843, 13.025,  1.590
 33120,  5.565,  9.698, 82.967, 12.098,  1.684
 33180,  5.603,  9.405, 82.094, 12.264,  1.811
 33240,  5.543,  9.452, 85.215, 12.539,  1.889
 33300,  5.167,  8.731, 82.148, 11.420,  1.590
 33360,  5.229,  9.147, 80.920, 11.471,  1.652
 33420,  5.049,  8.540, 80.886, 11.162,  1.686
 33480,  4.879,  8.732, 77.455, 10.884,  1.724
 33540,  4.668,  7.925, 75.179, 10.278,  1.590
 33600,  4.871,  8.481, 74.830, 10.363,  1.710
 33660,  6.189,  9.338, 75.977, 12.533,  1.596
 33720,  6.128,  9.496, 79.302, 12.691,  1.523
 33780,  5.960,  8.938, 76.770, 12.437,  1.601
 33840,  6.257,  9.657, 77.181, 12.558,  1.480
 33900,  6.865, 10.199, 80.059, 13.744,  1.649
 33960,  6.707,  9.593, 81.416, 13.458,  1.739
 34020,  6.130,  8.936, 79.888, 12.089,  1.660
 34080,  6.116,  9.090, 80.364, 12.599,  1.796
 34140,  5.598,  9.144, 78.183, 11.499,  1.651
 34200,  5.780,  8.566, 75.974, 11.802,  1.598
 34260,  6.278,  9.407, 79.685, 12.565,  1.827
 34320,  6.007,  8.938, 78.445, 12.299,  1.650
 34380,  6.262,  9.016, 76.458, 12.222,  1.606
 34440,  6.270,  9.029, 80.201, 12.908,  1.709
 34500,  6.104,  8.931, 80.285, 12.807,  1.782
 34560, -9999.000, -9999.000, -9999.000, -9999.000, -9999.000
 34620,  5.765,  8.211, 63.184, 11.777,  1.501
 34680,  5.287,  7.764, 65.880, 10.802,  1.674
 34740,  5.854,  8.458, 68.983, 11.710,  1.823
 34800,  6.183,  9.247, 72.486, 12.426,  1.887
 34860,  6.416,  8.767, 72.756, 12.775,  2.064
 34920,  6.432,  9.086, 73.432, 12.866,  1.974
 34980,  6.483,  8.834, 74.966, 13.040,  2.018
 35040,  6.315,  8.804, 73.561, 12.975,  2.021
 35100,  6.210,  8.719, 71.946, 12.710,  2.123
 35160,  5.968,  8.682, 73.964, 12.528,  2.281
 35220,  5.707,  8.556, 73.859, 12.096,  2.153
 35280,  5.515,  8.261, 71.356, 11.536,  2.187
 35340,  5.310,  8.474, 71.907, 11.108,  2.092
 35400,  4.922,  7.935, 73.889, 10.539,  1.753
 35460,  4.747,  7.679, 72.228, 10.240,  1.801
 35520,  4.428,  7.394, 74.710,  9.610,  1.662
 35580,  4.160,  6.885, 78.124,  8.830,  1.500
 35640,  3.743,  7.326, 84.154,  8.224,  1.129
 35700,  3.671,  7.308, 87.344,  7.995,  1.117
 35760,  3.765,  6.754, 85.763,  7.751,  0.939
 35820,  3.590,  7.044, 87.167,  7.704,  0.914
 35880,  3.699,  6.943, 90.872,  7.673,  0.985
 35940,  3.709,  6.871, 89.159,  7.547,  0.910
 36000,  3.704,  6.722, 89.285,  7.597,  0.786
 36060,  3.787,  7.263, 95.712,  7.383,  0.819
 36120,  4.075,  7.649, 98.186,  7.999,  0.811
 36180,  3.712,  6.966, 93.920,  7.422,  0.791
 36240,  3.859,  7.094, 90.600,  7.779,  0.854
 36300,  3.905,  7.249, 93.473,  7.745,  0.881
 36360,  3.733,  7.233, 93.141,  7.457,  0.789
 36420,  3.362,  5.700, 92.396,  7.994,  0.799
 36480,  3.588,  5.981, 77.425,  6.772,  0.704
 36540,  3.627,  7.090, 79.055,  7.237,  0.821
 36600,  3.656,  6.535, 81.049,  7.196,  0.774
 36660,  3.734,  7.049, 82.595,  7.293,  0.938
 36720,  3.832,  6.901, 89.402,  7.809,  0.894
 36780,  3.853,  7.730, 88.458,  7.662,  0.890
 36840,  3.861,  7.128, 88.186,  7.679,  0.860
 36900,  3.957,  6.884, 90.518,  7.925,  0.954
 36960,  3.953,  7.403, 90.091,  7.587,  0.845
 37020,  3.904,  6.409, 87.032,  7.688,  0.882
 37080,  3.909,  7.153, 88.478,  7.666,  0.882
 37140,  3.916,  6.682, 88.325,  7.684,  0.816
 37200,  3.831,  6.427, 85.222,  7.425,  0.913
 37260,  3.789,  6.404, 80.889,  7.232,  0.924
 37320,  3.826,  6.554, 80.533,  7.314,  0.915
 37380,  3.766,  6.364, 80.669,  7.333,  0.885
 37440,  3.796,  6.256, 81.017,  7.355,  0.856
 37500,  3.761,  6.432, 77.862,  7.225,  0.869
 37560,  3.978,  6.779, 84.225,  7.893,  1.046
 37620,  3.507,  6.048, 76.693,  7.049,  0.919
 37680,  3.593,  6.389, 75.073,  6.985,  0.818
 37740,  3.787,  6.647, 76.088,  7.300,  1.058
 37800,  4.234,  7.168, 79.304,  8.230,  1.164
 37860,  3.996,  6.649, 77.986,  7.465,  1.130
 37920,  3.873,  6.621, 78.390,  7.662,  1.132
 37980,  4.141,  7.131, 80.910,  8.333,  1.369
 38040,  4.128,  6.783, 80.174,  8.389,  1.429
 38100,  4.096,  6.638, 78.909,  8.029,  1.259
 38160,  4.106,  6.882, 78.702,  8.129,  1.343
 38220,  4.145,  6.289, 78.708,  8.292,  1.293
 38280, -9999.000, -9999.000, -9999.000, -9999.000, -9999.000
 38340,  3.846,  6.800, 70.836,  7.723,  1.176
 38400,  3.929,  7.150, 72.816,  8.201,  1.243
 38460,  3.878,  7.247, 78.712,  8.224,  1.162
 38520,  3.920,  6.652, 75.289,  7.953,  1.117
 38580,  3.911,  6.595, 76.572,  8.083,  1.023
 38640,  3.905,  7.259, 80.410,  8.137,  1.180
 38700,  3.890,  7.754, 85.982,  8.503,  1.102
 38760,  3.823,  6.654, 82.578,  8.335,  1.061
 38820,  3.720,  6.876, 81.274,  8.046,  1.088
 38880,  3.877,  7.011, 83.528,  8.365,  1.147
 38940,  3.831,  6.697, 80.512,  8.158,  1.058
