CampaignData_and_Merges/R0/CSL_MobileLab_Parked/raw/20240803/USOS-Picarro-CO2-CH4-CO-H2O_MobileLabGround_20240803_R0.ict
38, 1001
Ilana Pollack, Nell Schafer, and Jeff Peischl
NOAA Chemical Sciences Laboratory
Picarro 2401-m CO2/CH4/CO/H2O Analyzer
USOS
1, 1
2024, 08, 03, 2024, 11, 20
0
StartTime_UTC, seconds_past_midnight, seconds past midnight
5
1, 1, 1, 1, 1
-9999, -9999, -9999, -9999, -9999
StopTime_UTC, seconds_past_midnight, seconds past midnight
CO2_ppm_1min, ppm, Gas_CO2_InSitu_S_DMF, carbon dioxide mixing ratio
CH4_ppb_1min, ppb, Gas_CH4_InSitu_S_DMF, methane mixing ratio
CO_ppb_1min, ppb, Gas_CO_InSitu_S_DMF, carbon monoxide mixing ratio
H2O_ppmv_1min, ppmv, Met_H2OMRV_InSitu_S_AVMR, water vapor mixing ratio
1
SPECIAL COMMENTS: N/A
18
PI_CONTACT_INFO: Address: NOAA Chemical Sciences Laboratory, Mail Stop CSL7, 325 Broadway, Boulder, CO 80305; Email: Ilana.Pollack@noaa.gov
PLATFORM: NOAA CSL Mobile Laboratory
LOCATION: The mobile lab was stationed in Salt Lake City, Utah.
ASSOCIATED_DATA: N/A
INSTRUMENT_INFO: CO2, CH4, and CO are reported as dry air mole fractions using a commercial wavelength-scanned cavity ring-down analyzer (Picarro 2401-m). An in-field calibration gas standard of 432±0.07 ppm CO2, 2095±1 ppb CH4, and 183±1 ppb CO, calibrated in the Boulder laboratories before and after the field project using primary CO2, CH4, and CO standard tanks tied to the WMO standard (X2019, X2004A, and X2014A, respectively) from the Global Monitoring Laboratory (GML), was delivered to the inlet every 2-3 days to evaluate instrument sensitivity. A H2O measurement was calibrated before the project with a Dew Point Mirror 373 hygrometer. The water correction calculated from these calibrations was applied to the H2O measurement for the entire campaign. Species are measured at 0.5 Hz and reported as 1-minute averages for stationary measurements.
DATA_INFO: Units: CO2, ppm, dry air mole fraction; CH4, ppb, dry air mole fraction; CO, ppb, dry air mole fraction; H2O, ppmv
UNCERTAINTY: Total uncertainties are estimated as ±0.1 ppm for CO2, ±1 ppb for CH4, ±5 ppb for CO, and ±(50 ppm + 4%) for H2O.
ULOD_FLAG: -7777
ULOD_VALUE: N/A
LLOD_FLAG: -8888
LLOD_VALUE: N/A
DM_CONTACT_INFO: Data Manager: Nathan Howard; nathan.h.howard@noaa.gov
PROJECT_INFO: USOS Dates of Study: July – August 2024
STIPULATIONS_ON_USE: Use of these data require prior ok from PI.
OTHER_COMMENTS: Data are averaged to 1 minute intervals. Stationary data collected from a 10 ft tower on top of the mobile van.
REVISION: R0
R0: Final Data
StartTime_UTC, StopTime_UTC, CO2_ppm_1min, CH4_ppb_1min, CO_ppb_1min, H2O_ppmv_1min
[from data line 382]
22920,22980,429.64,1996.4,233.6,9449.0020
22980,23040,429.42,1996.6,211.6,9378.4463
23040,23100,429.06,1996.3,197.4,9384.6992
23100,23160,428.86,1996.3,196.7,9300.7842
23160,23220,430.47,1996.7,206.4,9448.5547
23220,23280,429.79,1997.1,207.6,9258.1025
23280,23340,428.45,1995.0,194.1,9232.6953
23340,23400,428.59,1996.0,189.9,9243.6299
23400,23460,429.25,1994.7,192.0,9293.5879
23460,23520,428.13,1993.8,187.3,9256.6309
23520,23580,427.74,1994.0,187.5,9193.4375
23580,23640,427.01,1993.8,183.6,9124.8604
23640,23700,427.23,1993.6,184.1,9143.8447
23700,23760,427.62,1994.2,186.2,9186.3096
23760,23820,428.29,1995.2,201.5,9363.3096
23820,23880,428.57,1996.3,235.7,9365.9902
23880,23940,429.78,1995.4,282.0,9346.5000
23940,24000,429.76,1995.7,291.1,9384.7920
24000,24060,427.70,1995.5,314.3,9018.4482
24060,24120,427.67,1994.0,285.2,8921.0605
24120,24180,427.79,1993.5,227.6,8816.0850
24180,24240,430.05,1998.0,196.2,9219.5371
24240,24300,427.47,1994.6,218.2,8990.2324
24300,24360,426.51,1991.8,232.8,8902.9092
24360,24420,426.53,1992.5,239.7,8914.8271
24420,24480,426.32,1993.0,246.7,8790.3213
24480,24540,428.60,1992.6,242.0,8982.5068
24540,24600,427.14,1992.3,258.4,8891.2119
24600,24660,427.30,1991.8,232.1,8942.0303
24660,24720,425.48,1990.2,195.5,8780.6582
24720,24780,424.67,1989.5,184.7,8681.8594
24780,24840,425.97,1990.1,187.4,8826.8340
24840,24900,427.01,1990.7,190.8,9009.8027
24900,24960,426.52,1991.3,193.1,8780.3203
24960,25020,428.82,1991.5,193.3,8826.1982
25020,25080,428.36,1991.6,194.7,8934.7529
25080,25140,426.09,1990.6,196.3,8720.3096
25140,25200,425.27,1990.3,197.6,8654.3848
25200,25260,427.64,1991.3,183.9,8926.6396
25260,25320,427.41,1992.7,183.7,8853.2969
25320,25380,429.25,1994.7,190.0,8864.8965
25380,25440,428.32,1992.6,189.6,8974.5918
25440,25500,427.70,1991.9,185.4,8862.3408
25500,25560,428.62,1994.5,184.9,9007.7412
25560,25620,429.68,1993.5,256.4,8918.9717
25620,25680,428.17,1990.7,275.2,8858.1992
25680,25740,429.45,1993.5,202.1,8893.8789
25740,25800,430.06,1991.8,197.7,8816.2422
25800,25860,430.34,1991.5,199.0,8788.7197
25860,25920,426.49,1989.3,190.9,8549.1328
25920,25980,426.08,1988.1,182.0,8555.7549
25980,26040,425.85,1988.2,183.7,8537.5205
26040,26100,430.23,1990.0,205.9,8582.0088
26100,26160,430.27,1990.0,210.8,8615.8613
26160,26220,427.48,1989.4,189.8,8650.5498
26220,26280,427.47,1989.6,182.9,8498.0234
26280,26340,429.00,1990.9,184.9,8614.1416
26340,26400,429.28,1991.2,186.3,8545.1973
26400,26460,431.26,1992.7,192.3,8754.2402
26460,26520,429.96,1994.7,182.1,8836.6719
26520,26580,428.10,1994.9,178.9,8441.6084
26580,26640,428.46,1993.4,182.1,8422.8223
26640,26700,429.42,1995.2,181.1,8515.0273
26700,26760,428.53,1993.1,177.5,8429.7275
26760,26820,427.89,1992.8,177.6,8385.6445
26820,26880,429.24,1993.5,179.6,8566.8008
26880,26940,428.51,1995.5,186.4,8347.8604
26940,27000,429.64,1995.9,190.7,8475.3115
27000,27060,430.59,1995.0,208.2,8423.3281
27060,27120,428.90,1992.9,185.9,8328.3799
27120,27180,428.49,1992.8,195.7,8270.3398
27180,27240,427.71,1990.2,182.0,8215.9375
27240,27300,428.93,1990.9,182.9,8246.6826
27300,27360,427.77,1990.3,178.3,8103.2505
27360,27420,428.61,1994.9,178.5,8200.6807
27420,27480,431.83,1993.9,203.5,8395.7637
27480,27540,430.34,1996.6,188.1,8315.2471
27540,27600,434.08,2006.0,202.6,8674.6758
27600,27660,440.22,2014.9,231.6,9309.2139
27660,27720,442.36,2018.1,264.1,9608.3516
27720,27780,443.56,2021.5,249.3,9666.0078
27780,27840,444.87,2026.3,248.2,9750.7949
27840,27900,446.10,2027.7,250.4,9812.7412
27900,27960,447.18,2030.2,250.7,9939.1348
27960,28020,448.53,2027.7,252.7,9940.6855
28020,28080,445.53,2023.9,245.3,9548.0059
28080,28140,447.49,2029.7,252.1,9830.3115
28140,28200,448.20,2035.0,255.8,9993.3359
28200,28260,449.59,2038.6,261.8,10051.3164
28260,28320,449.63,2038.4,258.7,10092.1191
28320,28380,450.09,2037.0,265.8,10141.3164
28380,28440,449.47,2035.9,262.6,10060.3496
28440,28500,448.20,2035.9,253.9,9967.8467
28500,28560,448.38,2037.7,248.9,9979.4385
28560,28620,450.67,2038.8,255.6,10041.2939
28620,28680,450.36,2039.8,259.8,10014.9873
28680,28740,448.11,2039.1,254.7,9914.3066
28740,28800,445.70,2035.5,242.6,9733.6504
28800,28860,447.91,2038.8,244.2,9899.2412
28860,28920,449.98,2043.5,246.3,10012.7256
28920,28980,451.63,2051.2,256.4,10151.5879
28980,29040,451.44,2051.0,256.1,10151.2236
29040,29100,451.40,2051.5,255.6,10133.1826
29100,29160,450.68,2050.2,254.6,10064.2686
29160,29220,451.17,2049.0,253.4,10122.2734
29220,29280,451.03,2046.1,251.4,10087.5586
29280,29340,452.53,2044.9,371.4,10031.3076
29340,29400,454.38,2046.0,340.2,10083.2422
29400,29460,448.74,2038.0,241.0,9730.5850
29460,29520,443.57,2025.7,224.1,9267.8252
29520,29580,442.18,2024.0,218.9,9130.1006
29580,29640,442.44,2024.5,218.5,9170.8477
29640,29700,442.63,2023.6,221.0,9131.3330
29700,29760,443.74,2037.0,229.4,9190.0439
29760,29820,447.04,2034.7,230.1,9331.1152
29820,29880,448.72,2037.0,230.3,9439.6602
29880,29940,443.50,2036.5,219.4,9203.3125
29940,30000,439.99,2038.7,222.6,9047.3936
30000,30060,443.00,2041.0,226.4,9202.8848
30060,30120,445.64,2047.0,228.5,9405.2822
30120,30180,443.69,2047.6,228.6,9447.2188
30180,30240,443.11,2062.1,234.1,9443.4775
30240,30300,453.46,2056.9,235.0,9922.0762
30300,30360,460.37,2055.0,237.0,10517.0615
30360,30420,455.62,2054.3,375.6,10235.1748
30420,30480,455.87,2055.2,371.5,10264.5918
30480,30540,450.89,2052.2,285.1,9888.7363
30540,30600,447.45,2053.0,246.7,9519.2354
30600,30660,450.19,2064.2,261.1,9695.1348
30660,30720,452.80,2073.4,360.6,9875.4521
30720,30780,454.05,2080.0,355.2,9859.8037
30780,30840,450.43,2092.4,270.6,9770.1299
30840,30900,448.44,2103.3,256.9,9696.5381
30900,30960,446.17,2114.6,249.2,9563.2148
30960,31020,445.65,2114.3,249.3,9522.5830
31020,31080,445.24,2113.4,249.7,9508.1230
31080,31140,443.92,2116.9,248.8,9428.4648
31140,31200,443.95,2116.4,250.5,9431.2793
31200,31260,444.55,2115.7,253.6,9526.9111
31260,31320,444.08,2115.7,253.4,9457.4297
31320,31380,443.31,2105.2,249.5,9431.4512
31380,31440,442.78,2103.0,254.5,9400.4219
31440,31500,442.62,2104.2,254.6,9424.4297
31500,31560,443.90,2110.7,253.1,9486.9482
31560,31620,445.39,2111.2,252.0,9568.6406
31620,31680,446.49,2109.3,250.6,9624.8564
31680,31740,453.11,2103.8,251.5,9826.8262
31740,31800,455.87,2102.2,250.8,9973.1836
31800,31860,470.65,2099.0,256.0,10202.7217
31860,31920,452.67,2100.4,252.4,10023.8926
31920,31980,457.57,2100.8,253.4,10160.6787
31980,32040,453.51,2092.6,261.6,10041.7734
32040,32100,451.39,2083.7,289.0,9849.6748
32100,32160,457.13,2078.3,424.5,9782.9277
32160,32220,462.88,2084.0,695.8,9947.3613
32220,32280,460.88,2076.4,642.7,9850.1338
32280,32340,456.18,2087.2,532.7,10105.9521
32340,32400,453.23,2089.7,268.7,10018.7100
32400,32460,454.11,2093.0,267.6,10162.1943
32460,32520,453.55,2091.2,265.3,10143.7461
32520,32580,451.89,2089.4,242.8,10047.6895
32580,32640,452.22,2089.2,238.6,10132.1055
32640,32700,453.10,2091.1,239.9,10258.7822
32700,32760,450.01,2083.3,232.1,9981.6875
32760,32820,449.22,2080.6,230.2,9865.6445
32820,32880,453.23,2085.2,245.2,10057.6318
32880,32940,454.86,2086.2,245.9,10117.6279
32940,33000,454.09,2086.4,238.8,10130.0078
33000,33060,450.47,2086.7,238.4,9899.4414
33060,33120,452.78,2086.4,240.0,10008.0635
33120,33180,458.36,2086.8,241.3,10266.7871
33180,33240,454.73,2086.5,241.5,10130.1826
33240,33300,456.04,2088.6,262.0,10189.8848
33300,33360,461.89,2101.7,301.3,10505.1885
33360,33420,460.34,2098.1,299.3,10412.6289
33420,33480,463.91,2124.8,321.4,10555.8525
33480,33540,467.30,2147.6,334.5,10677.9727
33540,33600,480.84,2142.7,358.2,11179.5938
33600,33660,465.29,2120.6,325.5,10527.3984
33660,33720,461.82,2118.1,312.9,10500.8203
33720,33780,471.24,2120.6,315.1,10731.0674
33780,33840,475.49,2119.9,310.8,10851.9375
33840,33900,466.33,2119.1,288.8,10713.0313
33900,33960,462.31,2120.9,298.8,10501.2725
33960,34020,465.54,2127.6,306.5,10659.5146
34020,34080,469.12,2131.9,310.4,10822.6201
34080,34140,468.50,2130.6,302.1,10860.7236
34140,34200,470.34,2132.0,301.5,10980.1836
34200,34260,467.35,2127.4,295.6,10907.6465
34260,34320,466.63,2120.6,281.2,10886.2041
34320,34380,467.87,2113.9,271.6,10980.2393
34380,34440,463.92,2111.6,266.9,10862.9746
34440,34500,463.68,2111.5,255.3,10936.5908
34500,34560,462.44,2113.0,251.0,10851.5967
34560,34620,461.67,2113.7,250.3,10785.3037
34620,34680,463.51,2114.2,249.5,10915.2676
34680,34740,463.48,2111.0,249.3,10944.7051
34740,34800,462.64,2114.0,252.0,10849.5020
34800,34860,464.67,2126.8,319.0,10877.7617
34860,34920,462.31,2130.2,286.4,10755.2754
34920,34980,461.66,2130.0,276.7,10718.5068
34980,35040,462.61,2129.6,274.1,10778.1240
35040,35100,462.41,2128.6,276.2,10727.8271
35100,35160,463.36,2127.5,271.1,10821.0664
35160,35220,460.76,2114.2,250.6,10669.2617
35220,35280,460.77,2114.2,245.7,10633.0322
35280,35340,461.83,2111.0,243.5,10669.1768
35340,35400,459.25,2096.1,232.9,10401.9229
35400,35460,458.43,2090.7,229.2,10350.3984
35460,35520,455.62,2082.0,223.9,10222.2920
35520,35580,451.64,2060.3,212.1,9885.0742
35580,35640,439.52,2024.4,192.3,8812.4307
35640,35700,441.35,2027.7,192.6,8959.5498
35700,35760,439.55,2020.9,186.3,8818.2529
35760,35820,439.45,2015.6,183.5,8809.4131
35820,35880,440.23,2018.6,185.9,8906.1631
35880,35940,441.43,2029.1,191.8,8900.5879
35940,36000,440.87,2026.4,189.6,8862.7734
36000,36060,437.84,2016.3,185.8,8637.2549
36060,36120,437.97,2010.9,181.1,8667.0303
36120,36180,437.89,2012.6,181.4,8649.9570
36180,36240,440.91,2019.9,184.0,8964.6318
36240,36300,439.14,2017.4,183.5,8849.4355
36300,36360,437.89,2015.3,182.5,8642.4072
36360,36420,439.47,2016.1,182.2,8854.7373
36420,36480,440.50,2018.4,184.5,8897.5625
36480,36540,441.57,2019.9,186.0,9015.9131
36540,36600,442.29,2021.1,186.0,9086.0010
36600,36660,439.63,2021.0,185.5,8830.7021
36660,36720,439.89,2025.1,185.1,8839.5391
36720,36780,440.27,2021.0,186.6,8875.3242
36780,36840,441.16,2025.3,191.0,8905.9844
36840,36900,440.46,2026.4,202.8,8860.2451
36900,36960,440.23,2026.0,195.5,8838.9814
36960,37020,441.99,2028.8,192.9,8927.0654
37020,37080,441.52,2027.5,193.1,8901.3506
37080,37140,440.79,2024.7,192.1,8894.1201
37140,37200,442.75,2027.4,192.8,9071.0801
37200,37260,444.51,2031.0,193.8,9192.6455
37260,37320,445.27,2030.0,194.2,9297.5908
37320,37380,446.65,2029.5,192.8,9255.0430
37380,37440,443.93,2032.2,193.5,9097.5156
37440,37500,445.98,2035.6,198.1,9221.0713
37500,37560,444.85,2037.8,200.4,9190.4160
37560,37620,448.98,2039.9,198.4,9408.1299
37620,37680,451.98,2042.1,201.4,9512.6367
37680,37740,450.82,2046.7,221.9,9511.5537
37740,37800,447.38,2047.7,202.6,9326.8340
37800,37860,447.45,2047.1,205.0,9420.2139
37860,37920,453.00,2048.9,219.7,9662.3223
37920,37980,448.82,2060.3,212.2,9542.1484
37980,38040,447.75,2065.7,213.0,9465.8105
38040,38100,449.00,2063.9,211.8,9550.5039
38100,38160,450.45,2070.5,212.6,9650.8467
38160,38220,449.68,2064.7,218.0,9586.5029
38220,38280,452.00,2062.3,211.5,9687.8809
38280,38340,449.21,2045.4,204.1,9447.1914
38340,38400,451.89,2045.6,203.5,9560.1543
38400,38460,449.11,2036.2,196.8,9405.8018
38460,38520,449.70,2041.9,199.7,9472.7285
38520,38580,447.75,2036.4,195.7,9409.6025
38580,38640,443.81,2025.8,188.1,9187.4629
38640,38700,443.34,2019.4,185.6,8991.1475
38700,38760,444.46,2029.5,200.1,9088.8604
38760,38820,445.60,2026.1,198.2,9190.4941
38820,38880,444.82,2022.9,189.0,9206.9365
38880,38940,444.91,2025.0,192.1,9150.0527
38940,39000,447.56,2040.1,200.0,9361.2539
39000,39060,449.93,2044.2,212.2,9569.3271
39060,39120,449.22,2041.9,215.6,9466.7002
39120,39180,446.69,2034.0,207.9,9271.4375
39180,39240,447.04,2031.5,205.6,9293.1553
39240,39300,453.38,2041.5,214.9,9833.1855
39300,39360,454.90,2046.0,213.9,9985.7451
39360,39420,450.77,2040.5,213.3,9578.9863
39420,39480,449.90,2040.5,210.1,9521.7520
39480,39540,450.14,2041.2,209.0,9533.8096
39540,39600,447.79,2038.2,212.2,9386.1211
39600,39660,446.17,2032.4,208.7,9269.0127
39660,39720,449.64,2037.7,206.2,9538.9707
39720,39780,451.49,2044.2,208.1,9735.8984
39780,39840,451.14,2038.5,229.9,9556.8457
39840,39900,456.15,2041.9,231.1,9870.9639
39900,39960,452.27,2039.6,231.0,9601.7051
39960,40020,451.45,2037.2,224.4,9549.2949
40020,40080,451.24,2036.7,218.8,9551.4775
40080,40140,453.22,2039.2,217.3,9650.0908
40140,40200,453.15,2038.2,212.9,9745.0352
40200,40260,458.95,2040.3,213.4,9962.1777
40260,40320,457.74,2051.9,220.9,9835.4150
40320,40380,453.77,2043.5,215.1,9669.9268
40380,40440,453.89,2043.5,214.0,9682.5938
40440,40500,451.92,2041.6,217.1,9690.6533
40500,40560,452.04,2040.5,214.8,9723.9941
40560,40620,452.90,2042.8,217.2,9797.3818
40620,40680,452.82,2043.3,217.6,9762.3994
40680,40740,454.54,2045.2,217.7,9862.7402
40740,40800,459.49,2046.7,215.9,10069.3711
40800,40860,462.35,2048.8,216.3,10143.9941
40860,40920,456.63,2050.6,217.5,9957.0762
40920,40980,455.41,2057.3,220.1,9931.8242
40980,41040,456.11,2050.6,218.7,10006.9072
41040,41100,454.07,2045.4,218.9,9840.1055
41100,41160,454.94,2050.4,219.7,9878.4531
41160,41220,457.77,2058.3,221.9,10039.9814
41220,41280,457.25,2057.7,231.8,9987.0430
41280,41340,456.97,2051.3,229.2,10032.3906
41340,41400,465.33,2055.3,228.1,10344.0732
41400,41460,463.70,2059.7,229.6,10373.8633
41460,41520,461.34,2056.0,227.7,10174.7559
41520,41580,465.05,2056.2,234.5,10341.6904
41580,41640,462.03,2058.6,236.9,10271.4258
41640,41700,465.33,2061.7,239.7,10255.7207
41700,41760,468.11,2090.5,240.5,10363.8135
41760,41820,464.81,2075.2,238.4,10228.4424
41820,41880,465.70,2074.1,235.4,10360.9502
41880,41940,462.68,2073.5,226.6,10367.7354
41940,42000,463.13,2066.0,233.6,10367.9199
42000,42060,467.27,2095.7,277.6,10566.7266
42060,42120,470.99,2093.6,296.2,10706.8438
42120,42180,468.32,2082.5,246.2,10725.4092
42180,42240,471.74,2091.5,275.5,10763.6797
42240,42300,476.71,2090.0,288.5,10819.3193
42300,42360,473.01,2085.1,257.5,10741.3477
42360,42420,469.64,2085.3,246.6,10595.8770
42420,42480,471.03,2086.2,251.9,10660.9805
42480,42540,474.03,2091.6,252.1,10753.6963
42540,42600,472.26,2086.9,247.5,10521.5605
42600,42660,472.25,2084.0,251.7,10688.8506
42660,42720,474.60,2087.2,448.8,10845.2480
42720,42780,469.62,2082.4,299.8,10722.6543
42780,42840,471.19,2083.3,274.5,10833.6289
42840,42900,473.34,2085.5,253.0,10922.4375
42900,42960,469.52,2084.1,243.2,10680.3428
42960,43020,470.48,2085.9,246.4,10724.3496
43020,43080,471.91,2089.0,246.9,10805.3066
43080,43140,469.53,2097.5,240.4,10789.4795
43140,43200,473.73,2121.4,238.1,10963.2598
43200,43260,474.85,2115.6,242.9,10971.4268
43260,43320,473.76,2103.2,243.8,10970.3193
43320,43380,473.51,2101.4,251.6,10987.8086
43380,43440,475.68,2105.8,259.4,11100.4844
43440,43500,476.38,2107.7,248.3,11221.3975
43500,43560,473.75,2108.4,244.5,11166.6416
43560,43620,475.79,2108.0,247.1,11314.3906
43620,43680,477.78,2105.1,244.4,11614.7051
43680,43740,472.37,2107.7,237.4,11159.6055
43740,43800,472.94,2108.3,243.0,11176.3428
43800,43860,473.86,2110.0,260.0,11173.8926
43860,43920,472.72,2112.1,261.0,11145.2979
43920,43980,474.12,2111.2,278.7,11104.6865
43980,44040,473.47,2107.5,263.9,11077.9502
44040,44100,472.97,2121.3,256.9,11056.1729
44100,44160,475.62,2138.6,265.5,11056.6514
44160,44220,474.69,2163.5,312.9,11019.0830
44220,44280,472.98,2155.8,256.6,11099.0469
44280,44340,473.55,2144.6,255.8,11175.6660
44340,44400,472.43,2122.0,244.7,11258.8770
44400,44460,473.58,2118.3,240.7,11387.4199
44460,44520,474.77,2117.7,242.1,11475.0801
44520,44580,473.03,2117.7,252.6,11284.7832
44580,44640,469.13,2108.4,256.2,11014.0908
44640,44700,467.84,2105.0,254.0,10911.4355
44700,44760,467.36,2099.4,250.4,10896.0322
44760,44820,467.07,2094.1,264.1,10798.4648
44820,44880,472.15,2102.8,306.0,11020.4375
44880,44940,473.16,2108.4,392.8,10829.0068
44940,45000,471.68,2106.1,350.4,10846.0908
45000,45060,473.10,2114.2,311.1,10998.2744
45060,45120,472.50,2125.9,306.1,10832.0977
45120,45180,466.58,2093.5,284.1,10501.8242
45180,45240,454.21,2060.4,220.1,9805.6289
45240,45300,462.96,2081.2,241.9,10455.5107
45300,45360,466.52,2088.5,245.5,10797.4170
45360,45420,465.15,2081.5,238.3,10618.5215
45420,45480,458.68,2072.1,230.9,10081.4932
45480,45540,459.41,2067.9,222.9,10114.2861
