CampaignData_and_Merges/R0/CSL_MobileLab_Parked/raw/20240803/USOS-PTR_MobileLabGround_20240803_R0.ict
58, 1001
Matthew Coggon, Kelvin Bates, Chelsea Stockwell, Carsten Warneke
NOAA ESRL Chemical Sciences Division
NOAA PTR-ToF-MS
USOS
1,1 
2024, 08, 03, 2025, 09, 19
0
Time_Start, seconds, number of seconds from 00:00 UTC 
22
1, 1, 1, 1, 1, 1, 1, 1, 1, 1, 1, 1, 1, 1, 1, 1, 1, 1, 1, 1, 1, 1
-9999, -9999, -9999, -9999, -9999, -9999, -9999, -9999, -9999, -9999, -9999, -9999, -9999, -9999, -9999, -9999, -9999, -9999, -9999, -9999, -9999, -9999
CH3OH_NOAAPTR_ppbv,  ppbv, Gas_CH3OH_InSitu_S_AVMR, (CH3OH) methanol
CH3CN_NOAAPTR_ppbv,  ppbv, Gas_CH3CN_InSitu_S_AVMR, (CH3CN) acetonitrile
CH3CHO_NOAAPTR_ppbv,  ppbv, Gas_CH3CHO_InSitu_S_AVMR, (CH3CHO) acetaldehyde plus contributions from ethylene glycol and ethylene oxide. Interference from ethanol has been subtracted out.
C2H5OH_NOAAPTR_ppbv,  ppbv, Gas_C2H5OH_InSitu_S_AVMR, (C2H5OH) ethanol
CH3SH_NOAAPTR_ppbv,  ppbv, Gas_CH3SH_InSitu_S_AVMR, (CH3SH) methanethiol, using calibration factor for DMS
Acrolein_NOAAPTR_ppbv,  ppbv, Gas_Acrolein_InSitu_S_AVMR, (C3H4O) acrolein
AcetonePropanal_NOAAPTR_ppbv,  ppbv, Gas_AcetoneAndPropanal_InSitu_S_AVMR, (C3H6O) sum of acetone (dominant isomer) and propanal, using calibration factor for acetone
DMS_NOAAPTR_ppbv,  ppbv, Gas_DMS_InSitu_S_AVMR, (C2H6S) dimethyl sulfide with possible small contributions from ethanethiol
C5H8_NOAAPTR_ppbv,  ppbv, Gas_Isoprene_InSitu_S_AVMR, (C5H8) isoprene and possible fragments from cycloalkanes and aldehydes. Interferences have been subtracted following methods described by Coggon et al (2023)
MVKMAC_NOAAPTR_ppbv,  ppbv, Gas_MVKAndMAC_InSitu_S_AVMR, (C4H6O) sum of methyl vinyl ketone, methacrolein, and small amounts of crotonaldehyde, using weighted calibration factor for MVK (0.637) and MACR (0.363)
Benzene_NOAAPTR_ppbv,  ppbv, Gas_Benzene_InSitu_S_AVMR, (C6H6) benzene
Toluene_NOAAPTR_ppbv,  ppbv, Gas_Toluene_InSitu_S_AVMR, (C7H8) toluene with possible small contributions of fragments from ethyltoluene
Styrene_NOAAPTR_ppbv,  ppbv, Gas_Styrene_InSitu_S_AVMR, (C8H8) styrene
Benzaldehyde_NOAAPTR_ppbv,  ppbv, Gas_Benzaldehyde_InSitu_S_AVMR, (C7H6O) benzaldehyde
C8Aromatics_NOAAPTR_ppbv,  ppbv, Gas_C8Aromatics_InSitu_M_AVMR, (C8H10) sum of m-xylene, p-xylene, o-xylene, and ethyl benzene
C9Aromatics_NOAAPTR_ppbv,  ppbv, Gas_C9Aromatics_InSitu_M_AVMR, (C9H12) sum of C9 aromatics
Naphthalene_NOAAPTR_ppbv,  ppbv, Gas_Naphthalene_InSitu_S_AVMR, (C10H8) naphthalene
Octanal_NOAAPTR_ppbv,  ppbv, Gas_Octanal_InSitu_S_AVMR, (C8H16O) octanal and small amounts of octanone
Monoterpenes_NOAAPTR_ppbv,  ppbv, Gas_Monoterpenes_InSitu_M_AVMR, (C10H16) sum of monoterpenes and possible contributions from fragments of oxygenated monoterpenoids such as eucalyptol.
Nonanal_NOAAPTR_ppbv,  ppbv, Gas_Nonanal_InSitu_M_AVMR, (C9H18O) nonanal and small amounts of nonanone
C7H4ClF3_NOAAPTR_ppbv,  ppbv, Gas_C7H4ClF3_InSitu_S_AVMR, (C7H4ClF3) parachlorobenzotrifluoride
C10H30O5Si5_NOAAPTR_ppbv,  ppbv, Gas_C10H30O5Si5_InSitu_S_AVMR, (C10H30O5Si5) decamethylcyclopentasiloxane
1
SPECIAL COMMENTS:N/A
21
PI_CONTACT_INFO: NOAA ESRL Chemical Sciences Division, Tropospheric Chemistry Group. 325 Broadway, R/CSD7, Boulder, CO 80305
PLATFORM: Mobile Laboratory.
LOCATION: Salt Lake City, UT
ASSOCIATED_DATA: N/A
INSTRUMENT_INFO: NOAA PTR-ToF-MS measurements on NOAA CSL Mobile Lab
DATA_INFO: Units: ppbv
UNCERTAINTY: See OTHER_COMMENTS
ULOD_FLAG: -7777
ULOD_VALUE: N/A
LLOD_FLAG: -8888
LLOD_VALUE: N/A.
DM_CONTACT_INFO: Data Managers: Matt Coggon, Kelvin Bates, Chelsea Stockwell; email: matthew.m.coggon@noaa.gov and kelvin.bates@colorado.edu
PROJECT_INFO: USOS Deployment July-August, 2024
STIPULATIONS_ON_USE: Use of these data require prior OK from PI.
OTHER_COMMENTS: Uncertainties:
CH3OH_NOAAPTR_ppbv:30%; CH3CN_NOAAPTR_ppbv:30%; CH3CHO_NOAAPTR_ppbv:30%; C2H5OH_NOAAPTR_ppbv:30%; CH3SH_NOAAPTR_ppbv:50%; Acrolein_NOAAPTR_ppbv:30%; AcetonePropanal_NOAAPTR_ppbv:30%; DMS_NOAAPTR_ppbv:30%; C5H8_NOAAPTR_ppbv:30%; MVKMAC_NOAAPTR_ppbv:30%; 
Benzene_NOAAPTR_ppbv:30%; Toluene_NOAAPTR_ppbv:30%; Styrene_NOAAPTR_ppbv:30%; Benzaldehyde_NOAAPTR_ppbv:30%; C8Aromatics_NOAAPTR_ppbv:30%; C9Aromatics_NOAAPTR_ppbv:30%; Naphthalene_NOAAPTR_ppbv:30%; Octanal_NOAAPTR_ppbv:30%; Monoterpenes_NOAAPTR_ppbv:30%; Nonanal_NOAAPTR_ppbv:30%; 
C7H4ClF3_NOAAPTR_ppbv:30%; C10H30O5Si5_NOAAPTR_ppbv:30%; 
REVISION: R0
R0: Calibrated PTR Data. See individual species comments for details about measurement uncertainties
Time_Start, CH3OH_NOAAPTR_ppbv, CH3CN_NOAAPTR_ppbv, CH3CHO_NOAAPTR_ppbv, C2H5OH_NOAAPTR_ppbv, CH3SH_NOAAPTR_ppbv, Acrolein_NOAAPTR_ppbv, AcetonePropanal_NOAAPTR_ppbv, DMS_NOAAPTR_ppbv, C5H8_NOAAPTR_ppbv, MVKMAC_NOAAPTR_ppbv, Benzene_NOAAPTR_ppbv, Toluene_NOAAPTR_ppbv, Styrene_NOAAPTR_ppbv, Benzaldehyde_NOAAPTR_ppbv, C8Aromatics_NOAAPTR_ppbv, C9Aromatics_NOAAPTR_ppbv, Naphthalene_NOAAPTR_ppbv, Octanal_NOAAPTR_ppbv, Monoterpenes_NOAAPTR_ppbv, Nonanal_NOAAPTR_ppbv, C7H4ClF3_NOAAPTR_ppbv, C10H30O5Si5_NOAAPTR_ppbv
[from data line 516]
30960.0, 13.18871, 0.38221, 2.72464, 7.78307, 0.00235, 0.30638, 5.50648, 0.01640, 0.16083, 0.63699, 0.13992, 0.42094, 0.03254, -0.01305, 0.32054, 0.13522, -0.00729, 0.04956, 0.12367, 0.05188, 0.01321, 0.01399 
31020.0, 13.54140, 0.37055, 2.70605, 7.61891, 0.00366, 0.31485, 5.54875, 0.00751, 0.21954, 0.62119, 0.13617, 0.41621, 0.04970, -0.01364, 0.31009, 0.12822, 0.00987, 0.05807, 0.13194, 0.08051, 0.01711, 0.01117 
31080.0, 14.15262, 0.36786, 2.67927, 8.60580, 0.00109, 0.28600, 5.54558, -0.00160, 0.18849, 0.59146, 0.22684, 0.44719, 0.05588, 0.01594, 0.33163, 0.13086, 0.01053, 0.05431, 0.13363, 0.07285, 0.01568, 0.01323 
31140.0, 14.77648, 0.37548, 2.73941, 8.36847, 0.00045, 0.27251, 5.51602, -0.00159, 0.18870, 0.61064, 0.26991, 0.48162, 0.06114, 0.02710, 0.32727, 0.15054, 0.00527, 0.03115, 0.09842, 0.09569, 0.01299, 0.00970 
31200.0, 13.26278, 0.41836, 2.58177, 7.29214, 0.00109, 0.29707, 5.51453, -0.00159, 0.08921, 0.61258, 0.30444, 0.46262, 0.04975, 0.02544, 0.30438, 0.14456, -0.00538, 0.03388, 0.10563, 0.08652, 0.00978, 0.01163 
31260.0, 12.58873, 0.39888, 2.63031, 7.64869, 0.00247, 0.33699, 5.37903, -0.00159, 0.10842, 0.56692, 0.29807, 0.45169, 0.02552, 0.02116, 0.30000, 0.12779, 0.01349, 0.03184, 0.11738, 0.07350, 0.02007, 0.01117 
31320.0, 14.47156, 0.37072, -9999.00000, 9.16154, 0.00081, 0.30612, 5.54069, -0.00159, -9999.00000, 0.56480, 0.30257, 0.90381, 0.05645, 0.01543, 0.41241, 0.17661, 0.02772, 0.04339, 0.13112, 0.07966, 0.01824, 0.01025 
31380.0, -9999.00000, -9999.00000, -9999.00000, -9999.00000, -9999.00000, -9999.00000, -9999.00000, -9999.00000, -9999.00000, -9999.00000, -9999.00000, -9999.00000, -9999.00000, -9999.00000, -9999.00000, -9999.00000, -9999.00000, -9999.00000, -9999.00000, -9999.00000, -9999.00000, -9999.00000 
31440.0, -9999.00000, -9999.00000, -9999.00000, -9999.00000, -9999.00000, -9999.00000, -9999.00000, -9999.00000, -9999.00000, -9999.00000, -9999.00000, -9999.00000, -9999.00000, -9999.00000, -9999.00000, -9999.00000, -9999.00000, -9999.00000, -9999.00000, -9999.00000, -9999.00000, -9999.00000 
31500.0, -9999.00000, -9999.00000, -9999.00000, -9999.00000, -9999.00000, -9999.00000, -9999.00000, -9999.00000, -9999.00000, -9999.00000, -9999.00000, -9999.00000, -9999.00000, -9999.00000, -9999.00000, -9999.00000, -9999.00000, -9999.00000, -9999.00000, -9999.00000, -9999.00000, -9999.00000 
31560.0, -9999.00000, -9999.00000, -9999.00000, -9999.00000, -9999.00000, -9999.00000, -9999.00000, -9999.00000, -9999.00000, -9999.00000, -9999.00000, -9999.00000, -9999.00000, -9999.00000, -9999.00000, -9999.00000, -9999.00000, -9999.00000, -9999.00000, -9999.00000, -9999.00000, -9999.00000 
31620.0, -9999.00000, -9999.00000, -9999.00000, -9999.00000, -9999.00000, -9999.00000, -9999.00000, -9999.00000, -9999.00000, -9999.00000, -9999.00000, -9999.00000, -9999.00000, -9999.00000, -9999.00000, -9999.00000, -9999.00000, -9999.00000, -9999.00000, -9999.00000, -9999.00000, -9999.00000 
31680.0, -9999.00000, -9999.00000, -9999.00000, -9999.00000, -9999.00000, -9999.00000, -9999.00000, -9999.00000, -9999.00000, -9999.00000, -9999.00000, -9999.00000, -9999.00000, -9999.00000, -9999.00000, -9999.00000, -9999.00000, -9999.00000, -9999.00000, -9999.00000, -9999.00000, -9999.00000 
31740.0, -9999.00000, -9999.00000, -9999.00000, -9999.00000, -9999.00000, -9999.00000, -9999.00000, -9999.00000, -9999.00000, -9999.00000, -9999.00000, -9999.00000, -9999.00000, -9999.00000, -9999.00000, -9999.00000, -9999.00000, -9999.00000, -9999.00000, -9999.00000, -9999.00000, -9999.00000 
31800.0, -9999.00000, -9999.00000, -9999.00000, -9999.00000, -9999.00000, -9999.00000, -9999.00000, -9999.00000, -9999.00000, -9999.00000, -9999.00000, -9999.00000, -9999.00000, -9999.00000, -9999.00000, -9999.00000, -9999.00000, -9999.00000, -9999.00000, -9999.00000, -9999.00000, -9999.00000 
31860.0, -9999.00000, -9999.00000, -9999.00000, -9999.00000, -9999.00000, -9999.00000, -9999.00000, -9999.00000, -9999.00000, -9999.00000, -9999.00000, -9999.00000, -9999.00000, -9999.00000, -9999.00000, -9999.00000, -9999.00000, -9999.00000, -9999.00000, -9999.00000, -9999.00000, -9999.00000 
31920.0, -9999.00000, -9999.00000, -9999.00000, -9999.00000, -9999.00000, -9999.00000, -9999.00000, -9999.00000, -9999.00000, -9999.00000, -9999.00000, -9999.00000, -9999.00000, -9999.00000, -9999.00000, -9999.00000, -9999.00000, -9999.00000, -9999.00000, -9999.00000, -9999.00000, -9999.00000 
31980.0, 16.78231, 0.36528, -9999.00000, 12.00711, 0.00400, 0.40058, 6.01698, 0.00455, -9999.00000, 0.68358, 0.33923, 0.59711, 0.05469, 0.04886, 0.39552, 0.16268, 0.00426, 0.04849, 0.23193, 0.13425, 0.01858, 0.02186 
32040.0, 16.50476, 0.35948, 3.28268, 9.74909, 0.00488, 0.30963, 5.63070, -0.00021, 0.17159, 0.65318, 0.25631, 0.48783, 0.05777, 0.02581, 0.33075, 0.14142, 0.01843, 0.06127, 0.15430, 0.12174, 0.02482, 0.01424 
32100.0, 15.00472, 0.37317, 3.03128, 8.38004, 0.00439, 0.27832, 5.51463, 0.00146, 0.22700, 0.63776, 0.22009, 0.47180, 0.04169, 0.01038, 0.33697, 0.12516, 0.00585, 0.04606, 0.13797, 0.07255, 0.01959, 0.01479 
32160.0, 17.14442, 0.34214, 3.01287, 8.89927, 0.00620, 0.31155, 5.46792, -0.00180, 0.22639, 0.61066, 0.25542, 0.45692, 0.05076, 0.00147, 0.32124, 0.13339, 0.01950, 0.05453, 0.15656, 0.08614, 0.01624, 0.01746 
32220.0, 16.33676, 0.35999, 3.45797, 10.21297, 0.00645, 0.33034, 5.63382, 0.01716, 0.23176, 0.60910, 0.25589, 0.49408, 0.04735, 0.00866, 0.36883, 0.14163, 0.00169, 0.04775, 0.17891, 0.10371, 0.01622, 0.01299 
32280.0, 14.41331, 0.37671, 2.98736, 8.48996, 0.00697, 0.29329, 5.47200, 0.01836, 0.22028, 0.58675, 0.16796, 0.47641, 0.03222, -0.03293, 0.28874, 0.12350, -0.00341, 0.06092, 0.12626, 0.09936, 0.01520, 0.01924 
32340.0, 16.51479, 0.37282, 3.44839, 11.15141, 0.00408, 0.38054, 5.84805, 0.00939, 0.25651, 0.64501, 0.22127, 0.80841, 0.06217, -0.01756, 0.39986, 0.13251, -0.01014, 0.06675, 0.16856, 0.10053, 0.02759, 0.01376 
32400.0, 17.10221, 0.37014, 3.22908, 10.13240, 0.00521, 0.33216, 5.83511, -0.00189, 0.26546, 0.59947, 0.24359, 0.56582, 0.05782, -0.02041, 0.37026, 0.15747, -0.00326, 0.06325, 0.16282, 0.09102, 0.02020, 0.01424 
32460.0, 17.14580, 0.35181, 3.25276, 15.55440, 0.00082, 0.34655, 5.73444, -0.00191, 0.25285, 0.65034, 0.52712, 2.55820, 0.08729, -0.01845, 0.77189, 0.27290, 0.02933, 0.07952, 0.16800, 0.10757, 0.02136, 0.01403 
32520.0, 18.40041, 0.33937, 3.23272, 16.20119, 0.00337, 0.33440, 5.77113, 0.00002, 0.24389, 0.58899, 0.54381, 2.56967, 0.07487, -0.00222, 0.73517, 0.22031, 0.00525, 0.03931, 0.15214, 0.09468, 0.02267, 0.01549 
32580.0, 17.28509, 0.37329, 3.10224, 10.31533, 0.00416, 0.35300, 5.78254, 0.00919, 0.15439, 0.63129, 0.21193, 0.58781, 0.03156, -0.01467, 0.37927, 0.13347, -0.00106, 0.05911, 0.13759, 0.09071, 0.01586, 0.01949 
32640.0, 16.62729, 0.38320, 3.18186, 15.16552, 0.00409, 0.38036, 5.82738, 0.01472, 0.23118, 0.64999, 0.48672, 2.43552, 0.02786, -0.01500, 0.72848, 0.24729, 0.02759, 0.06914, 0.15422, 0.11729, 0.02153, 0.01431 
32700.0, 16.09539, 0.37619, 2.92402, 10.60659, 0.00291, 0.32392, 5.77253, 0.00925, 0.20908, 0.61862, 0.23871, 0.70160, 0.04182, -0.00265, 0.37277, 0.15087, -0.01012, 0.07975, 0.15241, 0.10871, 0.02182, 0.01707 
32760.0, 14.54747, 0.38842, 2.80616, 8.25428, 0.00995, 0.31337, 5.51163, 0.00812, 0.17381, 0.55697, 0.14651, 0.41231, 0.03414, -0.03363, 0.28031, 0.10735, 0.00375, 0.07117, 0.14776, 0.10998, 0.02115, 0.01633 
32820.0, 14.60612, 0.39134, 2.81397, 9.58734, 0.00338, 0.34407, 5.57674, -0.00041, 0.17938, 0.62818, 0.16166, 0.43704, 0.03496, -0.00669, 0.30581, 0.12644, 0.00457, 0.06867, 0.15155, 0.06198, 0.01367, 0.01213 
32880.0, 16.40580, 0.34996, 2.92445, 10.12988, 0.00475, 0.35716, 5.66126, -0.00061, 0.15871, 0.61669, 0.19139, 0.61867, 0.04631, 0.00654, 0.31852, 0.13140, -0.01011, 0.07135, 0.18434, 0.10409, 0.02277, 0.01526 
32940.0, 16.35646, 0.39633, 2.98770, 10.75961, 0.00544, 0.34593, 5.73166, -0.00208, 0.19878, 0.63309, 0.26930, 0.72846, 0.03248, -0.00707, 0.34435, 0.14426, 0.02149, 0.06476, 0.13145, 0.08751, 0.02853, 0.01466 
33000.0, 16.61822, 0.38352, 2.96016, 9.80809, 0.00932, 0.32254, 5.69041, 0.00146, 0.18579, 0.61138, 0.18962, 0.53838, 0.03278, -0.02250, 0.30949, 0.13509, -0.00816, 0.06379, 0.12845, 0.10487, 0.02406, 0.01668 
33060.0, 15.92465, 0.36883, 2.71751, 8.22035, 0.00290, 0.28720, 5.47742, 0.00706, 0.14329, 0.58365, 0.14822, 0.45049, 0.02299, -0.03408, 0.28467, 0.11123, -0.01010, 0.03995, 0.11835, 0.10941, 0.01873, 0.01740 
33120.0, 14.51020, 0.36602, 2.94041, 9.11420, 0.00553, 0.34409, 5.64100, 0.01554, 0.13100, 0.58539, 0.15580, 0.51414, -0.00577, -0.01015, 0.31138, 0.11421, 0.01191, 0.05090, 0.09590, 0.10077, 0.02388, 0.01704 
33180.0, 15.16871, 0.37247, 2.97009, 13.17537, 0.00899, 0.35401, 5.74055, 0.01911, 0.19967, 0.62528, 0.26649, 1.41502, 0.04408, -0.03425, 0.47641, 0.18112, 0.00613, 0.06365, 0.13848, 0.10824, 0.02257, 0.01403 
33240.0, 17.46344, 0.36462, 2.97282, 11.37159, 0.00476, 0.31866, 5.77939, 0.00678, 0.20226, 0.62098, 0.33456, 0.96670, -0.00579, 0.01519, 0.42113, 0.15632, 0.01939, 0.06019, 0.13851, 0.10524, 0.01817, 0.01201 
33300.0, 16.89976, 0.35629, 3.06311, 10.67357, 0.00178, 0.32787, 5.71160, -0.00220, 0.14075, 0.60201, 0.29972, 0.95823, 0.04354, 0.00995, 0.39977, 0.15823, 0.00972, 0.06249, 0.12024, 0.10438, 0.01877, 0.02406 
33360.0, 17.61147, 0.36944, 3.63018, 11.44656, 0.00169, 0.37595, 5.89678, 0.00408, 0.19264, 0.61131, 0.27674, 0.69426, 0.06279, 0.00197, 0.47083, 0.18437, 0.00043, 0.04421, 0.13312, 0.11594, 0.01779, 0.02339 
33420.0, 17.69542, 0.37665, 3.52021, 11.53574, 0.00874, 0.36436, 5.86412, 0.00756, 0.21358, 0.63413, 0.31893, 0.68293, 0.05314, -0.01098, 0.40606, 0.16337, 0.00681, 0.07980, 0.11546, 0.11034, 0.02203, 0.01776 
33480.0, 19.38465, 0.34914, 4.15670, 13.35693, 0.00505, 0.37614, 6.03433, 0.01488, 0.25818, 0.64719, 0.30341, 0.77575, 0.05135, -0.01531, 0.52766, 0.21392, 0.00725, 0.07346, 0.24891, 0.12550, 0.01986, 0.02488 
33540.0, 19.61636, 0.36097, 4.11629, 13.43316, 0.00888, 0.36773, 6.12144, 0.03617, 0.26486, 0.62562, 0.27460, 0.73700, 0.05913, -0.02362, 0.49788, 0.18172, 0.00523, 0.04516, 0.17241, 0.13336, 0.02356, 0.02238 
33600.0, 20.20099, 0.40777, 5.09143, 39.16236, 0.00749, 0.47527, 6.65400, 0.02755, 0.34455, 0.64989, 1.28242, 9.20669, 0.18509, -0.03487, 1.99430, 0.61182, 0.01923, 0.09851, 0.32474, 0.16063, 0.02493, 0.02539 
33660.0, 17.72648, 0.38798, 3.90153, 15.98019, 0.00259, 0.43559, 6.08742, 0.02224, 0.15483, 0.62313, 0.42657, 2.16886, 0.06420, -0.03001, 0.66991, 0.23602, -0.00768, 0.07407, 0.12469, 0.11561, 0.01800, 0.01749 
33720.0, 17.65997, 0.39921, 3.59310, 11.35117, 0.00423, 0.35231, 6.05179, 0.01277, 0.16417, 0.68734, 0.32746, 0.95972, 0.04219, 0.00881, 0.49187, 0.18504, 0.01870, 0.06605, 0.13040, 0.11546, 0.02805, 0.01445 
33780.0, 17.44874, 0.38157, 3.58920, 10.48027, 0.00484, 0.36878, 6.06623, 0.02067, 0.19222, 0.65857, 0.22679, 0.85664, 0.05245, -0.02805, 0.46570, 0.17280, 0.02015, 0.05881, 0.12538, 0.13289, 0.02423, 0.01540 
33840.0, 16.92264, 0.38529, 3.94492, 11.40143, 0.00850, 0.39184, 6.26680, 0.01364, 0.18577, 0.65607, 0.28541, 0.78218, 0.05309, 0.00678, 0.47551, 0.18086, 0.02097, 0.09464, 0.16520, 0.15220, 0.02234, 0.03394 
33900.0, 17.62981, 0.40375, 3.97110, 13.87599, 0.00413, 0.41982, 6.36219, 0.01197, 0.28579, 0.63595, 0.26466, 0.73266, 0.05878, -0.02832, 0.43110, 0.16964, 0.00981, 0.06368, 0.20495, 0.10410, 0.02993, 0.02317 
33960.0, 17.17395, 0.38606, 3.87811, 11.79383, 0.00126, 0.38881, 6.14307, 0.01977, 0.19792, 0.62292, 0.25095, 0.74240, 0.04501, -0.02868, 0.45968, 0.17462, 0.00943, 0.05738, 0.18701, 0.10206, 0.02098, 0.02738 
34020.0, 18.09480, 0.38218, 4.29057, 12.95163, 0.00485, 0.40120, 6.41163, -0.00244, 0.16713, 0.66399, 0.26887, 0.72448, 0.07385, -0.01425, 0.49915, 0.20027, 0.01767, 0.08828, 0.19814, 0.15810, 0.03405, 0.03063 
34080.0, 19.96405, 0.39133, 4.28656, 15.26898, 0.00467, 0.40064, 6.40263, -0.00107, 0.28225, 0.67739, 0.36486, 0.80052, 0.05707, 0.02622, 0.60502, 0.22786, 0.02564, 0.09245, 0.19368, 0.14516, 0.02129, 0.02298 
34140.0, 19.87056, 0.39245, 4.30092, 15.33754, 0.01351, 0.43322, 6.31982, 0.01274, 0.31422, 0.68212, 0.37767, 0.82903, 0.06178, -0.01750, 0.54083, 0.22436, 0.01941, 0.08836, 0.21202, 0.12450, 0.03470, 0.03236 
34200.0, 19.10745, 0.39452, 4.38335, 14.72726, 0.00530, 0.39560, 6.40057, 0.00908, 0.24739, 0.66694, 0.42255, 0.90035, 0.04456, 0.03266, 0.59443, 0.20315, 0.03801, 0.09152, 0.16642, 0.11960, 0.03220, 0.02448 
34260.0, 19.47342, 0.38651, 4.20268, 14.20343, 0.00603, 0.41940, 6.30740, 0.01045, 0.23706, 0.63459, 0.31514, 0.82183, 0.06891, -0.02932, 0.53108, 0.21471, 0.01660, 0.09674, 0.18620, 0.11746, 0.02639, 0.02065 
34320.0, 18.07024, 0.40282, 4.00934, 14.33967, 0.00604, 0.41804, 6.29273, 0.01038, 0.18403, 0.64614, 0.29527, 0.81862, 0.06417, -0.02214, 0.53233, 0.21303, 0.01154, 0.09092, 0.22200, 0.12559, 0.03536, 0.02226 
34380.0, 19.94214, 0.38604, 4.02711, 14.30285, 0.00385, 0.40517, 6.35661, 0.01250, 0.19600, 0.67043, 0.32515, 0.79742, 0.07131, -0.00193, 0.52147, 0.20877, 0.00279, 0.06229, 0.26331, 0.10210, 0.03005, 0.01901 
34440.0, 18.50339, 0.35688, 3.80167, 12.85353, 0.00543, 0.34952, 6.16759, 0.00153, 0.19009, 0.65157, 0.28411, 0.67434, 0.05079, -0.01213, 0.46378, 0.18388, 0.02365, 0.08404, 0.17949, 0.10862, 0.02588, 0.02148 
34500.0, 18.59897, 0.38100, 3.83707, 12.55122, 0.00498, 0.36781, 6.29172, -0.00260, 0.20627, 0.66851, 0.23770, 0.64884, 0.06810, 0.01156, 0.43094, 0.18331, -0.00330, 0.06007, 0.15819, 0.12006, 0.02028, 0.01889 
34560.0, 18.30660, 0.34787, 3.78287, 14.20370, 0.00203, 0.39939, 6.39020, 0.01039, 0.21287, 0.65619, 0.23433, 0.64938, 0.06392, 0.01884, 0.44568, 0.18459, 0.01130, 0.06905, 0.21528, 0.12263, 0.01929, 0.02286 
34620.0, 17.90432, 0.35331, 3.45455, 12.20390, 0.00356, 0.36203, 6.27486, 0.01530, 0.20048, 0.61367, 0.12759, 0.57549, -0.00599, -0.03637, 0.40223, 0.14164, 0.01867, 0.05172, 0.12126, 0.10589, 0.02551, 0.02517 
34680.0, 19.81198, 0.36813, 3.86466, 13.99217, 0.00666, 0.40734, 6.43763, 0.00798, 0.21573, 0.66768, 0.22657, 0.66854, 0.04384, -0.01865, 0.43383, 0.17361, 0.01064, 0.09815, 0.21119, 0.14207, 0.01413, 0.03566 
34740.0, 17.19562, 0.37056, 3.42819, 12.93049, 0.00221, 0.36517, 6.15843, 0.01549, 0.17707, 0.64343, 0.28281, 0.70579, 0.05149, -0.02468, 0.41520, 0.16694, 0.00986, 0.07163, 0.12876, 0.11017, 0.02142, 0.02166 
34800.0, 17.91032, 0.36909, 3.72421, 12.56244, 0.00477, 0.32991, 6.31276, 0.00335, 0.16633, 0.63134, 0.28890, 0.66960, 0.04437, 0.01135, 0.43115, 0.17756, 0.01562, 0.07304, 0.15385, 0.12283, 0.03026, 0.02337 
34860.0, 18.43114, 0.39341, 3.80863, 12.97479, 0.00341, 0.37125, 6.25070, -0.00272, 0.16306, 0.66625, 0.32271, 0.67184, 0.06238, 0.01160, 0.45700, 0.18919, 0.01504, 0.06875, 0.33673, 0.14124, 0.02483, 0.02863 
34920.0, 19.40297, 0.41620, 3.94720, 15.04181, 0.00242, 0.41080, 6.48687, 0.00756, 0.17024, 0.65653, 0.31494, 0.74760, 0.05949, -0.01731, 0.53794, 0.18977, 0.01292, 0.05094, 0.20961, 0.11772, 0.02757, 0.01918 
34980.0, 17.69483, 0.36842, 3.66912, 12.52073, 0.00658, 0.33817, 6.48184, 0.01500, 0.18222, 0.60153, 0.25378, 0.68255, 0.04987, -0.03157, 0.43904, 0.17272, 0.01266, 0.05692, 0.18779, 0.10436, 0.03188, 0.01837 
35040.0, 18.52555, 0.35869, 3.68691, 12.98003, 0.00944, 0.40288, 6.32592, -0.00278, 0.17136, 0.63536, 0.29181, 0.64251, -0.00605, -0.00027, 0.45000, 0.20050, 0.00014, 0.08530, 0.18547, 0.14055, 0.02693, 0.02437 
35100.0, 16.85238, 0.36586, 3.82904, 13.31737, 0.00076, 0.38428, 6.43776, 0.00635, 0.10439, 0.59636, 0.23412, 0.66046, 0.05326, -0.01709, 0.44635, 0.19706, 0.01567, 0.08149, 0.18745, 0.14253, 0.02615, 0.01908 
35160.0, 18.30805, 0.39488, 3.76741, 12.82263, 0.00431, 0.38145, 6.35063, 0.00752, 0.17160, 0.65037, 0.21528, 0.64118, 0.04797, -0.03716, 0.45916, 0.17370, 0.00937, 0.07754, 0.15861, 0.14431, 0.02520, 0.02447 
