CampaignData_and_Merges/R0/CSL_MobileLab_Parked/raw/20240803/USOS-NOAAIodideCIMS-OrgNitrs_MobileLabGround_20240803_RA.ict
37, 1001
Michael A Robinson, Chris Jernigan, Subi Thakali
NOAA ESRL Chemical Sciences Laboratory and CIRES, U. of Colorado
NOAA Iodide CIMS Instrument
USOS
1, 1
2024, 08, 03, 2024, 08, 04
1
starttime_UTC, seconds_past_midnight, seconds_of_day_since_00:00:00_UTC
5
1, 1, 1, 1, 1
-9999, -9999, -9999, -9999, -9999
C4H7NO5_NOAACIMS, pptv, Gas_C4H7NO5_InSitu_S_AVMR, 
ISOPN_NOAACIMS, pptv, Gas_ISOPN_InSitu_S_AVMR, 
C5H10O3_NOAACIMS, pptv, Gas_C5H10O3_InSitu_S_AVMR, 
C5H9NO5_NOAACIMS, pptv, Gas_C5H9NO5_InSitu_S_AVMR, 
C10H17NO4_NOAACIMS, pptv, Gas_C10H17NO4_InSitu_S_AVMR, 
0
18
PI_CONTACT_INFO: 325 Broadway, R/CSD 7, Boulder, Colorado 80305; michael.a.robinson@noaa.gov; chris.jernigan@noaa.gov;
PLATFORM: NOAA CSL Mobile Lab
LOCATION: SLC, Utah
ASSOCIATED_DATA: 1Hz data also available on request.
INSTRUMENT_INFO: NOAA I- ToF CIMS
DATA_INFO: All data in parts per trillion by volume (pptv). 1 Hz data is available upon request.
UNCERTAINTY: TBD
ULOD_FLAG: -7777
ULOD_VALUE: N/A
LLOD_FLAG: -8888
LLOD_VALUE: N/A
DM_CONTACT_INFO: Nathan Howard; nathan.h.howard@noaa.gov
PROJECT_INFO: USOS, summer 2024. https://csl.noaa.gov/groups/csl7/measurements/2024usos/
STIPULATIONS_ON_USE: Users are strongly encouraged to contact the PI for proper data usage.
OTHER_COMMENTS: 
REVISION: RA
RA: Preliminary Data; For in-field use only
starttime_UTC, C4H7NO5_NOAACIMS, ISOPN_NOAACIMS, C5H10O3_NOAACIMS, C5H9NO5_NOAACIMS, C10H17NO4_NOAACIMS
[from data line 1209]
 72540, -9999.000, -9999.000, -9999.000, -9999.000, -9999.000
 72600, -9999.000, -9999.000, -9999.000, -9999.000, -9999.000
 72660, -9999.000, -9999.000, -9999.000, -9999.000, -9999.000
 72720, -9999.000, -9999.000, -9999.000, -9999.000, -9999.000
 72780, -9999.000, -9999.000, -9999.000, -9999.000, -9999.000
 72840, -9999.000, -9999.000, -9999.000, -9999.000, -9999.000
 72900, -9999.000, -9999.000, -9999.000, -9999.000, -9999.000
 72960, -9999.000, -9999.000, -9999.000, -9999.000, -9999.000
 73020, -9999.000, -9999.000, -9999.000, -9999.000, -9999.000
 73080, -9999.000, -9999.000, -9999.000, -9999.000, -9999.000
 73140, -9999.000, -9999.000, -9999.000, -9999.000, -9999.000
 73200, -9999.000, -9999.000, -9999.000, -9999.000, -9999.000
 73260, -9999.000, -9999.000, -9999.000, -9999.000, -9999.000
 73320, -9999.000, -9999.000, -9999.000, -9999.000, -9999.000
 73380, -9999.000, -9999.000, -9999.000, -9999.000, -9999.000
 73440, -9999.000, -9999.000, -9999.000, -9999.000, -9999.000
 73500, -9999.000, -9999.000, -9999.000, -9999.000, -9999.000
 73560, -9999.000, -9999.000, -9999.000, -9999.000, -9999.000
 73620, -9999.000, -9999.000, -9999.000, -9999.000, -9999.000
 73680, -9999.000, -9999.000, -9999.000, -9999.000, -9999.000
 73740, -9999.000, -9999.000, -9999.000, -9999.000, -9999.000
 73800, -9999.000, -9999.000, -9999.000, -9999.000, -9999.000
 73860, -9999.000, -9999.000, -9999.000, -9999.000, -9999.000
 73920, -9999.000, -9999.000, -9999.000, -9999.000, -9999.000
 73980, -9999.000, -9999.000, -9999.000, -9999.000, -9999.000
 74040, -9999.000, -9999.000, -9999.000, -9999.000, -9999.000
 74100, -9999.000, -9999.000, -9999.000, -9999.000, -9999.000
 74160, -9999.000, -9999.000, -9999.000, -9999.000, -9999.000
 74220, -9999.000, -9999.000, -9999.000, -9999.000, -9999.000
 74280, -9999.000, -9999.000, -9999.000, -9999.000, -9999.000
 74340, -9999.000, -9999.000, -9999.000, -9999.000, -9999.000
 74400, -9999.000, -9999.000, -9999.000, -9999.000, -9999.000
 74460, -9999.000, -9999.000, -9999.000, -9999.000, -9999.000
 74520, -9999.000, -9999.000, -9999.000, -9999.000, -9999.000
 74580, -9999.000, -9999.000, -9999.000, -9999.000, -9999.000
 74640, -9999.000, -9999.000, -9999.000, -9999.000, -9999.000
 74700, -9999.000, -9999.000, -9999.000, -9999.000, -9999.000
 74760, -9999.000, -9999.000, -9999.000, -9999.000, -9999.000
 74820, -9999.000, -9999.000, -9999.000, -9999.000, -9999.000
 74880,  7.352, 21.343, 68.792,  5.720,  0.281
 74940, -9999.000, -9999.000, -9999.000, -9999.000, -9999.000
 75000,  7.319, 21.205, 68.790,  5.597,  0.363
 75060,  7.614, 21.712, 70.021,  5.816,  0.341
 75120,  7.331, 21.325, 73.500,  6.000,  0.515
 75180,  6.822, 19.980, 75.167,  5.739,  0.424
 75240,  7.243, 21.399, 77.962,  5.891,  0.598
 75300,  6.843, 20.359, 75.745,  5.594,  0.410
 75360,  6.332, 19.169, 76.477,  5.468,  0.406
 75420,  5.835, 17.319, 77.940,  5.289,  0.413
 75480,  5.381, 16.254, 75.857,  4.973,  0.395
 75540,  5.126, 14.670, 76.232,  5.012,  0.396
 75600,  5.351, 15.239, 79.255,  4.948,  0.271
 75660,  5.551, 16.236, 81.139,  5.041,  0.378
 75720,  5.727, 17.704, 85.561,  5.164,  0.337
 75780,  5.795, 17.349, 85.336,  5.299,  0.211
 75840,  5.877, 16.369, 85.047,  5.253,  0.521
 75900,  5.958, 16.067, 84.052,  5.154,  0.372
 75960,  6.088, 17.084, 86.815,  5.217,  0.325
 76020,  6.415, 19.286, 91.735,  5.248,  0.407
 76080,  6.634, 19.320, 95.665,  5.362,  0.442
 76140,  6.399, 18.767, 92.666,  5.174,  0.378
 76200,  6.474, 17.824, 92.699,  5.356,  0.373
 76260,  6.416, 19.885, 93.624,  5.217,  0.377
 76320,  6.351, 17.878, 90.554,  5.118,  0.332
 76380,  6.574, 16.970, 88.109,  5.080,  0.299
 76440,  6.511, 15.985, 86.500,  5.226,  0.370
 76500,  6.598, 16.186, 84.752,  5.143,  0.284
 76560,  6.419, 15.203, 81.772,  5.071,  0.362
 76620,  6.578, 15.525, 84.343,  5.170,  0.403
 76680,  6.754, 15.911, 86.832,  5.336,  0.387
 76740,  6.868, 15.561, 86.028,  5.480,  0.415
 76800, -9999.000, -9999.000, -9999.000, -9999.000, -9999.000
 76860,  5.757, 12.328, 62.909,  4.683,  0.348
 76920,  5.522, 13.083, 65.235,  4.616,  0.268
 76980,  5.042, 12.391, 65.220,  4.569,  0.337
 77040,  5.001, 12.446, 63.216,  4.455,  0.306
 77100,  5.048, 13.006, 65.610,  4.430,  0.259
 77160,  4.986, 11.802, 67.382,  4.492,  0.280
 77220,  5.006, 12.770, 68.126,  4.558,  0.293
 77280,  5.231, 13.308, 66.830,  4.552,  0.307
 77340,  5.167, 13.774, 72.242,  4.580,  0.356
 77400,  5.010, 13.226, 77.521,  4.637,  0.299
 77460,  4.961, 12.688, 75.298,  4.520,  0.255
 77520,  4.915, 13.109, 76.470,  4.586,  0.267
 77580,  4.981, 12.680, 79.716,  4.678,  0.231
 77640,  5.072, 13.886, 82.864,  4.459,  0.229
 77700,  5.132, 12.666, 80.377,  4.539,  0.252
 77760,  4.920, 12.328, 81.287,  4.445,  0.194
 77820,  4.962, 13.524, 84.788,  4.682,  0.238
 77880,  4.941, 14.155, 86.407,  4.497,  0.210
 77940,  5.097, 14.757, 83.536,  4.693,  0.258
 78000,  5.296, 15.316, 83.328,  4.635,  0.266
 78060,  5.295, 15.353, 83.180,  4.786,  0.301
 78120,  5.518, 15.891, 82.599,  4.688,  0.285
 78180,  5.568, 16.619, 85.217,  4.860,  0.308
 78240,  5.585, 16.507, 86.322,  4.906,  0.395
 78300,  5.579, 16.346, 86.969,  4.783,  0.286
 78360,  5.690, 15.263, 86.576,  4.622,  0.278
 78420,  5.482, 15.818, 89.750,  4.898,  0.180
 78480,  5.438, 14.269, 87.683,  4.705,  0.221
 78540,  5.348, 14.186, 86.617,  4.612,  0.263
 78600,  5.531, 13.510, 84.001,  4.609,  0.335
 78660,  5.596, 14.121, 75.886,  4.927,  0.311
 78720,  5.661, 15.254, 81.953,  4.775,  0.256
 78780,  5.985, 15.116, 84.830,  4.961,  0.193
 78840,  6.140, 16.143, 87.072,  4.877,  0.212
 78900,  6.273, 15.802, 87.537,  5.034,  0.255
 78960,  6.497, 14.782, 85.978,  4.960,  0.236
 79020,  6.650, 14.950, 84.027,  5.292,  0.194
 79080,  6.776, 15.660, 82.773,  5.088,  0.166
 79140,  6.916, 14.643, 81.218,  4.879,  0.279
 79200,  7.035, 14.663, 80.919,  5.145,  0.248
 79260,  7.060, 15.779, 82.854,  5.115,  0.270
 79320,  7.372, 14.853, 82.654,  5.002,  0.246
 79380,  7.709, 13.109, 77.024,  5.283,  0.262
 79440,  7.935, 12.542, 74.786,  5.376,  0.179
 79500,  8.363, 12.544, 75.177,  5.178,  0.228
 79560,  8.118, 13.596, 79.136,  5.313,  0.283
 79620,  7.893, 14.225, 80.599,  5.446,  0.305
 79680,  7.202, 16.615, 85.521,  5.149,  0.257
 79740,  7.268, 14.151, 86.063,  5.295,  0.323
 79800,  7.500, 14.402, 87.130,  4.942,  0.309
 79860,  7.855, 13.865, 86.719,  5.237,  0.245
 79920,  8.105, 12.845, 84.242,  5.179,  0.266
 79980,  8.183, 13.359, 82.398,  5.227,  0.196
 80040,  8.523, 13.602, 79.256,  5.169,  0.347
 80100,  8.697, 12.675, 75.704,  5.238,  0.273
 80160,  8.785, 13.209, 74.462,  5.112,  0.260
 80220,  8.625, 12.890, 74.748,  5.411,  0.279
 80280,  8.589, 13.913, 75.042,  5.136,  0.262
 80340,  8.035, 14.377, 79.115,  5.173,  0.333
 80400,  8.045, 12.190, 74.351,  5.060,  0.201
 80460, -9999.000, -9999.000, -9999.000, -9999.000, -9999.000
 80520,  8.882, 11.656, 57.116,  4.957,  0.388
 80580,  9.169, 10.910, 59.668,  5.295,  0.214
 80640,  9.244, 11.092, 58.085,  5.305,  0.237
 80700,  9.080, 12.287, 62.430,  5.397,  0.297
 80760,  8.758, 10.841, 60.862,  5.258,  0.179
 80820,  8.795, 10.315, 59.499,  5.356,  0.243
 80880,  8.739,  9.788, 55.899,  5.215,  0.256
 80940,  8.782,  9.988, 56.202,  5.309,  0.204
 81000,  8.548, 10.092, 56.408,  5.019,  0.220
 81060,  8.779, 10.067, 56.301,  5.255,  0.262
 81120,  8.803,  9.911, 53.965,  5.191,  0.228
 81180,  8.880, 10.035, 54.369,  5.181,  0.259
 81240,  8.590, 10.529, 55.964,  5.042,  0.229
 81300,  8.420, 10.728, 56.965,  5.338,  0.256
 81360,  8.017, 12.212, 63.525,  5.074,  0.260
 81420,  8.023, 12.067, 67.061,  5.060,  0.257
 81480,  8.008, 11.648, 63.786,  4.866,  0.180
 81540,  7.713, 11.240, 65.097,  4.951,  0.213
 81600,  7.396, 10.586, 59.473,  4.730,  0.240
 81660,  7.145, 10.613, 61.317,  4.748,  0.197
 81720,  7.298, 10.769, 61.469,  5.079,  0.234
 81780,  6.865,  9.922, 58.369,  4.546,  0.164
 81840,  6.816,  9.381, 56.206,  4.772,  0.080
 81900,  6.644, 10.075, 57.785,  4.664,  0.166
 81960,  6.457, 10.014, 56.476,  4.770,  0.142
 82020,  6.503,  9.575, 56.513,  4.759,  0.178
 82080,  6.661, 10.081, 58.455,  4.672,  0.237
 82140,  6.747,  9.498, 57.702,  4.662,  0.195
 82200,  6.942, 10.006, 58.467,  4.952,  0.196
 82260,  6.597,  9.813, 59.239,  4.781,  0.091
 82320, -9999.000, -9999.000, -9999.000, -9999.000, -9999.000
 82380,  5.665,  9.861, 56.175,  4.540,  0.055
 82440,  6.000,  9.553, 56.466,  4.381,  0.101
 82500, -9999.000, -9999.000, -9999.000, -9999.000, -9999.000
 82560, -9999.000, -9999.000, -9999.000, -9999.000, -9999.000
 82620, -9999.000, -9999.000, -9999.000, -9999.000, -9999.000
 82680, -9999.000, -9999.000, -9999.000, -9999.000, -9999.000
 82740, -9999.000, -9999.000, -9999.000, -9999.000, -9999.000
 82800, -9999.000, -9999.000, -9999.000, -9999.000, -9999.000
 82860, -9999.000, -9999.000, -9999.000, -9999.000, -9999.000
 82920, -9999.000, -9999.000, -9999.000, -9999.000, -9999.000
 82980, -9999.000, -9999.000, -9999.000, -9999.000, -9999.000
 83040, -9999.000, -9999.000, -9999.000, -9999.000, -9999.000
 83100, -9999.000, -9999.000, -9999.000, -9999.000, -9999.000
 83160, -9999.000, -9999.000, -9999.000, -9999.000, -9999.000
 83220, -9999.000, -9999.000, -9999.000, -9999.000, -9999.000
 83280, -9999.000, -9999.000, -9999.000, -9999.000, -9999.000
 83340, -9999.000, -9999.000, -9999.000, -9999.000, -9999.000
 83400, -9999.000, -9999.000, -9999.000, -9999.000, -9999.000
 83460, -9999.000, -9999.000, -9999.000, -9999.000, -9999.000
 83520, -9999.000, -9999.000, -9999.000, -9999.000, -9999.000
 83580, -9999.000, -9999.000, -9999.000, -9999.000, -9999.000
 83640, -9999.000, -9999.000, -9999.000, -9999.000, -9999.000
 83700, -9999.000, -9999.000, -9999.000, -9999.000, -9999.000
 83760, -9999.000, -9999.000, -9999.000, -9999.000, -9999.000
 83820, -9999.000, -9999.000, -9999.000, -9999.000, -9999.000
 83880, -9999.000, -9999.000, -9999.000, -9999.000, -9999.000
 83940, -9999.000, -9999.000, -9999.000, -9999.000, -9999.000
 84000, -9999.000, -9999.000, -9999.000, -9999.000, -9999.000
 84060, -9999.000, -9999.000, -9999.000, -9999.000, -9999.000
 84120, -9999.000, -9999.000, -9999.000, -9999.000, -9999.000
 84180, -9999.000, -9999.000, -9999.000, -9999.000, -9999.000
 84240, -9999.000, -9999.000, -9999.000, -9999.000, -9999.000
 84300, -9999.000, -9999.000, -9999.000, -9999.000, -9999.000
 84360, -9999.000, -9999.000, -9999.000, -9999.000, -9999.000
 84420, -9999.000, -9999.000, -9999.000, -9999.000, -9999.000
 84480, -9999.000, -9999.000, -9999.000, -9999.000, -9999.000
 84540, -9999.000, -9999.000, -9999.000, -9999.000, -9999.000
 84600, -9999.000, -9999.000, -9999.000, -9999.000, -9999.000
 84660, -9999.000, -9999.000, -9999.000, -9999.000, -9999.000
 84720, -9999.000, -9999.000, -9999.000, -9999.000, -9999.000
 84780, -9999.000, -9999.000, -9999.000, -9999.000, -9999.000
 84840, -9999.000, -9999.000, -9999.000, -9999.000, -9999.000
 84900, -9999.000, -9999.000, -9999.000, -9999.000, -9999.000
 84960, -9999.000, -9999.000, -9999.000, -9999.000, -9999.000
 85020, -9999.000, -9999.000, -9999.000, -9999.000, -9999.000
 85080, -9999.000, -9999.000, -9999.000, -9999.000, -9999.000
 85140, -9999.000, -9999.000, -9999.000, -9999.000, -9999.000
 85200, -9999.000, -9999.000, -9999.000, -9999.000, -9999.000
 85260, -9999.000, -9999.000, -9999.000, -9999.000, -9999.000
 85320, -9999.000, -9999.000, -9999.000, -9999.000, -9999.000
 85380, -9999.000, -9999.000, -9999.000, -9999.000, -9999.000
 85440, -9999.000, -9999.000, -9999.000, -9999.000, -9999.000
 85500, -9999.000, -9999.000, -9999.000, -9999.000, -9999.000
 85560, -9999.000, -9999.000, -9999.000, -9999.000, -9999.000
 85620, -9999.000, -9999.000, -9999.000, -9999.000, -9999.000
 85680, -9999.000, -9999.000, -9999.000, -9999.000, -9999.000
 85740, -9999.000, -9999.000, -9999.000, -9999.000, -9999.000
 85800, -9999.000, -9999.000, -9999.000, -9999.000, -9999.000
 85860, -9999.000, -9999.000, -9999.000, -9999.000, -9999.000
 85920, -9999.000, -9999.000, -9999.000, -9999.000, -9999.000
 85980, -9999.000, -9999.000, -9999.000, -9999.000, -9999.000
 86040, -9999.000, -9999.000, -9999.000, -9999.000, -9999.000
 86100, -9999.000, -9999.000, -9999.000, -9999.000, -9999.000
 86160, -9999.000, -9999.000, -9999.000, -9999.000, -9999.000
 86220, -9999.000, -9999.000, -9999.000, -9999.000, -9999.000
 86280, -9999.000, -9999.000, -9999.000, -9999.000, -9999.000
 86340, -9999.000, -9999.000, -9999.000, -9999.000, -9999.000
