CampaignData_and_Merges/R0/CSL_MobileLab_Parked/raw/20240803/USOS-POPS_MobileLabGround_20240803_R0.ict
78, 1001
Thornberry, T. D.
NOAA Chemical Sciences Laboratory
Portable Optical Particle Spectrometer (POPS)
USOS
1, 1
2024, 08, 03, 2025, 05, 08
60
Time_Start, seconds_past_midnight, Start time of measurement
45
1, 1, 1, 1, 1, 1, 1, 1, 1, 1, 1, 1, 1, 1, 1, 1, 1, 1, 1, 1, 1, 1, 1, 1, 1, 1, 1, 1, 1, 1, 1, 1, 1, 1, 1, 1, 1, 1, 1, 1, 1, 1, 1, 1, 1
-9999, -9999, -9999, -9999, -9999, -9999, -9999, -9999, -9999, -9999, -9999, -9999, -9999, -9999, -9999, -9999, -9999, -9999, -9999, -9999, -9999, -9999, -9999, -9999, -9999, -9999, -9999, -9999, -9999, -9999, -9999, -9999, -9999, -9999, -9999, -9999, -9999, -9999, -9999, -9999, -9999, -9999, -9999, -9999, -9999
Time_Stop, seconds_past_midnight, Stop time of measurement
Time_Mid, seconds_past_midnight, Mid time of measurement
Press_mb, mb, Pressure reported (mb)
Temp_C, degrees C, POPS temperature measurement
Aerosol_concentration, cm^-3, Aerosol concentration
Surface_Area_Conc, um^2 cm^-3, Surface area concentration
Volume_density, um^3 cm^-3, Volume density
Effective_radius, um, Effective radius
Extinction, km^-1, Extinction
Bin01, cm^-3, particle concentration in size range [1401 - 146.3 nm]
Bin02, cm^-3, particle concentration in size range [146.3 - 152.8 nm]
Bin03, cm^-3, particle concentration in size range [152.8 - 159.6 nm]
Bin04, cm^-3, particle concentration in size range [159.6 - 166.8 nm]
Bin05, cm^-3, particle concentration in size range [166.8 - 174.2 nm]
Bin06, cm^-3, particle concentration in size range [174.2 - 181.9 nm]
Bin07, cm^-3, particle concentration in size range [181.9 - 190.0 nm]
Bin08, cm^-3, particle concentration in size range [190.0 - 198.5 nm]
Bin09, cm^-3, particle concentration in size range [198.5 - 207.4 nm]
Bin10, cm^-3, particle concentration in size range [207.4 - 216.6 nm]
Bin11, cm^-3, particle concentration in size range [216.6 - 226.2 nm]
Bin12, cm^-3, particle concentration in size range [226.2 - 236.3 nm]
Bin13, cm^-3, particle concentration in size range [236.3 - 246.8 nm]
Bin14, cm^-3, particle concentration in size range [246.8 - 257.8 nm]
Bin15, cm^-3, particle concentration in size range [257.8 - 269.3 nm]
Bin16, cm^-3, particle concentration in size range [269.3 - 343.4 nm]
Bin17, cm^-3, particle concentration in size range [343.4 - 450.7 nm]
Bin18, cm^-3, particle concentration in size range [450.7 - 525.9 nm]
Bin19, cm^-3, particle concentration in size range [525.9 - 618.5 nm]
Bin20, cm^-3, particle concentration in size range [618.5 - 710.0 nm]
Bin21, cm^-3, particle concentration in size range [710.0 - 822.7 nm]
Bin22, cm^-3, particle concentration in size range [822.7 - 885.9 nm]
Bin23, cm^-3, particle concentration in size range [885.9 - 953.9 nm]
Bin24, cm^-3, particle concentration in size range [953.9 - 1027.2 nm]
Bin25, cm^-3, particle concentration in size range [1027.2 - 1106.1 nm]
Bin26, cm^-3, particle concentration in size range [1106.1 - 1191.0 nm]
Bin27, cm^-3, particle concentration in size range [1191.0 - 1282.5 nm]
Bin28, cm^-3, particle concentration in size range [1282.5 - 1381.0 nm]
Bin29, cm^-3, particle concentration in size range [1381.0 - 1487.1 nm]
Bin30, cm^-3, particle concentration in size range [1487.1 - 1601.3 nm]
Bin31, cm^-3, particle concentration in size range [1601.3 - 1724.3 nm]
[...]
PLATFORM: NOAA CSL Mobile Lab
LOCATION: USOS
ASSOCIATED_DATA: N/A
INSTRUMENT_INFO: Printed Optical Particle Spectrometer counts particles from 140 - 2500 nm in diameter 
DATA_INFO: Particle concentrations reported in number per cubic centimeter,1 Hz data
UNCERTAINTY: Counting uncertainty dominated by air flow, less than 5 percent. Measurement range is ~0 - 3000 per cm3 (varies depending on flow rate- manufacturer quotes 1250 per cm3 at 1.667 cc/s)
ULOD_FLAG: -7777
ULOD_VALUE: N/A
LLOD_FLAG: -8888
LLOD_VALUE: N/A
DM_CONTACT_INFO: Troy Thornberry, 325 Broadway R/CSL6, Boulder, CO 80305; troy.thornberry@noaa.gov; 303-497-3373
PROJECT_INFO: USOS, Utah POPS data from NOAA CSL Mobile Lab
STIPULATIONS_ON_USE: Please contact the PIs for questions regarding applications and uncertainties
OTHER_COMMENTS: POPS bin Edges (nm):  140.1, 146.3, 152.8, 159.6, 166.8, 174.2, 181.9, 190.0, 198.5, 207.4, 216.6, 226.2, 236.3, 246.8, 257.8, 269.3, 343.4, 450.7, 525.9, 618.5, 710.0, 822.7, 885.9, 953.9, 1027.2, 1106.1, 1191.0, 1282.5, 1381.0, 1487.1, 1601.3, 1724.3, 1856.7, 1999.3, 2152.8, 2318.2, 2496.2
Calculations assume organic aerosol refractive index of 1.52+0.00j and extinction wavelength = 532 nm
REVISION: R0
R0: Final data
Time_Start, Time_Stop, Time_Mid, Press_mb, Temp_C, Aerosol_concentration, Surface_Area_Conc, Volume_density, Effective_radius, Extinction, Bin01, Bin02, Bin03, Bin04, Bin05, Bin06, Bin07, Bin08, Bin09, Bin10, Bin11, Bin12, Bin13, Bin14, Bin15, Bin16, Bin17, Bin18, Bin19, Bin20, Bin21, Bin22, Bin23, Bin24, Bin25, Bin26, Bin27, Bin28, Bin29, Bin30, Bin31, Bin32, Bin33, Bin34, Bin35, Bin36
[from data line 316]
18960,19019,18990,873.953,33.062,533.828,109.534,6.348,0.173,0.040,29.071011,27.747591,27.208565,27.523659,26.634998,25.349161,23.679152,24.092758,23.551979,24.065418,23.910711,26.070030,26.886431,27.753704,24.886749,97.183952,34.874001,8.658266,3.315834,0.388410,0.339685,0.155237,0.105236,0.057922,0.034911,0.035394,0.017376,0.028783,0.033901,0.017689,0.046325,0.028286,0.017758,0.005690,0.029020,0.022899
19020,19079,19050,873.944,32.998,523.824,108.001,6.143,0.170,0.040,28.056227,26.666031,25.994473,26.268005,24.869743,25.852579,23.903543,24.331156,22.928280,23.078075,23.897196,24.910934,26.613466,27.991251,24.960566,94.923462,35.272289,8.655271,3.125772,0.544315,0.321533,0.144921,0.101496,0.079313,0.060984,0.033235,0.056490,0.033467,0.016508,0.033550,0.027623,0.016342,0.005688,0.016825,0.016336,0.016741
19080,19139,19110,873.933,32.903,521.868,106.901,6.007,0.168,0.039,27.027966,27.759531,25.245209,26.759438,25.108067,24.873087,23.731243,24.166195,23.727610,22.852722,23.611900,25.171009,26.611654,27.093117,24.876404,95.223312,34.723701,8.838750,3.266999,0.410790,0.284981,0.132902,0.083385,0.071626,0.027770,0.028069,0.011012,0.016245,0.021879,0.022553,0.016811,0.027967,0.005291,0.000000,0.010599,0.027795
19140,19199,19170,873.917,32.692,520.804,106.800,5.996,0.168,0.039,28.437901,27.001654,25.261484,26.069042,25.275248,24.916071,24.309376,23.914837,22.561735,23.546595,23.127016,25.068872,26.602652,27.196606,24.584330,94.998230,34.886478,8.494061,3.197704,0.456475,0.315359,0.167571,0.066250,0.065644,0.061282,0.027874,0.032315,0.016222,0.033632,0.011003,0.027674,0.022254,0.016872,0.011338,0.010895,0.010994
19200,19259,19230,873.912,32.633,520.164,106.449,6.052,0.170,0.039,28.073830,27.682486,25.375463,25.610510,25.488602,25.073078,23.854494,24.110949,22.600471,22.795168,23.530434,25.113518,26.847050,27.767015,25.107893,94.456779,33.675648,8.489451,3.259706,0.421687,0.230457,0.112433,0.084459,0.090282,0.050389,0.051655,0.017189,0.033797,0.022814,0.028057,0.033850,0.023133,0.011417,0.000000,0.010900,0.028628
19260,19319,19290,873.893,32.580,524.219,107.348,6.092,0.170,0.039,27.709793,27.512264,26.795385,26.170242,25.605844,25.083605,23.879751,23.968122,23.770964,22.978712,23.763922,26.081421,26.293322,27.471910,24.783798,94.996597,34.160484,8.579868,3.151388,0.573323,0.350439,0.116587,0.116461,0.060996,0.016799,0.027773,0.011227,0.027326,0.011052,0.027627,0.022526,0.011131,0.038832,0.010985,0.016241,0.021747
19320,19379,19350,873.888,32.501,527.630,107.652,6.027,0.168,0.039,28.708164,28.055899,26.682663,26.502411,25.298382,24.732019,25.104801,24.227175,22.868818,23.349665,24.146168,25.579420,27.141190,27.803438,24.690050,94.681938,34.779922,8.672312,3.404991,0.389991,0.252182,0.168136,0.061264,0.066203,0.016583,0.050628,0.039739,0.010984,0.027798,0.033230,0.017087,0.010844,0.011028,0.000000,0.022333,0.022381
19380,19439,19410,873.866,32.530,519.575,106.733,5.939,0.166,0.039,27.421473,26.475761,25.685696,25.800520,26.103504,25.009052,23.194727,23.726004,22.980642,23.181921,24.071657,24.583036,27.400383,27.445795,24.630924,93.917519,34.382290,8.941976,3.271810,0.444790,0.377434,0.088954,0.105104,0.073519,0.038851,0.021818,0.022193,0.016192,0.027812,0.049736,0.022451,0.005501,0.028108,0.011514,0.011475,0.005225
19440,19499,19470,873.849,32.675,517.573,106.423,5.946,0.167,0.039,26.888969,26.998711,25.270588,25.616972,25.550213,25.396616,23.080288,23.855190,22.805162,23.216133,23.429688,25.392540,26.142061,27.816053,23.828053,94.721321,34.135551,8.669785,3.369419,0.611079,0.234716,0.087386,0.117029,0.061293,0.039382,0.049738,0.033229,0.028100,0.005519,0.027664,0.034198,0.005411,0.022526,0.000000,0.016360,0.016417
19500,19559,19530,873.866,32.837,521.333,106.308,5.958,0.168,0.039,27.708296,26.689537,25.643368,26.153852,25.869102,24.848749,23.833572,23.889919,22.872204,23.400845,24.149637,25.661673,26.574266,28.139950,24.517956,94.026711,34.555672,8.654032,2.959524,0.442736,0.272412,0.123778,0.061102,0.055998,0.005308,0.027697,0.022731,0.028157,0.016886,0.011057,0.044049,0.022115,0.005727,0.016595,0.005807,0.022297
19560,19619,19590,873.863,32.855,517.794,106.249,5.883,0.166,0.039,27.152060,26.739155,25.310553,25.269108,25.677923,24.353157,23.671478,23.699425,22.496559,22.931763,23.663691,25.724819,26.476397,27.645353,25.031689,94.695686,33.935940,8.703221,3.277756,0.459069,0.310736,0.168361,0.116673,0.033231,0.038450,0.033696,0.034022,0.027376,0.011361,0.039048,0.005807,0.010963,0.027744,0.000000,0.011093,0.011172
19620,19679,19650,873.860,32.850,511.294,104.238,5.685,0.163,0.038,27.763536,25.579323,25.999491,25.325129,24.265842,24.302765,23.977140,23.630938,22.668411,22.625256,22.940191,24.764376,26.091255,26.863319,24.558399,93.277893,33.654671,8.802404,3.097245,0.466142,0.240825,0.057135,0.072634,0.039147,0.039116,0.022445,0.023200,0.027736,0.017030,0.033648,0.033559,0.005450,0.000000,0.000000,0.022796,0.005765
19680,19739,19710,873.870,32.821,514.861,104.749,5.783,0.165,0.038,27.824492,26.880198,25.124041,25.447124,24.780018,25.036734,23.941362,23.226852,22.285206,23.527391,23.706268,25.293594,26.739140,27.557869,24.473413,92.785645,33.505199,8.276324,3.284882,0.411295,0.332334,0.082912,0.066484,0.050058,0.016419,0.033530,0.033118,0.033162,0.016224,0.016648,0.005650,0.005747,0.022505,0.005574,0.011112,0.022570
19740,19799,19770,873.875,32.756,513.498,105.453,6.008,0.170,0.039,27.082924,26.772303,24.869944,25.345304,25.678539,25.144516,23.565145,23.677834,21.835257,22.661457,23.510542,25.882931,26.561205,26.981943,24.213062,92.472656,34.213593,8.545048,3.151503,0.519254,0.306406,0.093518,0.072710,0.044317,0.056361,0.038813,0.033352,0.000000,0.011514,0.027584,0.039056,0.022122,0.016495,0.011021,0.028030,0.011266
19800,19859,19830,873.878,32.738,519.989,105.855,5.740,0.162,0.039,27.507383,26.412714,25.877731,26.021366,25.565947,24.786573,25.374607,23.630352,22.737558,22.504513,23.348658,25.289448,26.297810,27.185493,25.244640,94.425652,34.568390,8.962482,3.025911,0.538908,0.216544,0.150590,0.093462,0.045383,0.032941,0.016366,0.021985,0.000000,0.011204,0.033356,0.022312,0.016912,0.000000,0.016503,0.000000,0.005464
19860,19919,19890,873.885,32.688,517.197,105.633,5.933,0.168,0.039,27.733341,27.204531,26.330460,26.256914,25.343704,24.923651,23.730877,23.966749,22.593597,23.299910,22.686457,25.093782,26.368557,27.291546,24.235300,93.271408,33.383736,8.806217,3.315851,0.475676,0.309774,0.170973,0.082187,0.031924,0.050000,0.056077,0.021679,0.022209,0.005359,0.033468,0.038889,0.033511,0.011477,0.005501,0.000000,0.011198
19920,19979,19950,873.896,32.621,543.432,109.869,6.209,0.169,0.040,30.064455,28.799219,28.185091,28.102478,26.947762,27.096987,25.349321,24.539013,24.659321,24.573120,24.870731,26.332407,27.568102,28.148417,24.922779,95.017410,34.748970,8.799304,3.308376,0.569248,0.248245,0.175962,0.060922,0.050543,0.049947,0.033328,0.010669,0.033690,0.027887,0.027547,0.028160,0.022012,0.010901,0.016538,0.005192,0.027597
19980,20039,20010,873.880,32.734,572.236,114.799,6.469,0.169,0.041,32.643524,31.479321,31.121050,29.976511,29.530464,29.100391,27.240690,26.608940,25.640182,26.299646,24.954945,27.446173,28.503574,28.296144,25.934797,97.560028,35.511391,9.112514,3.628492,0.601558,0.362489,0.149975,0.107472,0.056040,0.061624,0.050064,0.071944,0.033071,0.034081,0.017171,0.028543,0.011338,0.011596,0.016725,0.005688,0.028051
20040,20099,20070,873.902,32.888,614.007,119.447,6.486,0.163,0.042,36.679665,35.423569,34.198547,34.808300,33.378578,31.721428,30.653547,29.593182,28.356411,27.898966,26.679071,28.810955,29.736294,28.786404,25.953218,99.944794,36.407452,9.759209,3.847430,0.502682,0.310295,0.196835,0.084587,0.038979,0.044989,0.011211,0.032958,0.028036,0.022748,0.005805,0.022739,0.028326,0.022356,0.005631,0.000000,0.011730
20100,20159,20130,873.910,33.001,638.058,123.036,6.799,0.165,0.043,39.669163,37.351620,37.186886,36.097412,34.737629,34.247238,32.616962,31.607044,29.696253,28.683266,27.523298,29.490232,29.530317,30.550854,26.289881,101.571205,35.888924,9.981059,3.878806,0.546871,0.267212,0.139608,0.112154,0.087923,0.067208,0.028290,0.016461,0.033082,0.027181,0.005501,0.045377,0.016182,0.022068,0.000000,0.017222,0.027851
20160,20219,20190,873.914,32.922,619.124,121.069,6.775,0.167,0.043,37.896286,36.057476,35.505489,34.277775,33.843616,31.797417,31.746267,29.536407,28.433062,26.962273,28.078516,28.421637,28.533659,29.811710,26.342720,100.561989,36.032253,9.820467,3.991256,0.512846,0.275075,0.192515,0.074700,0.056690,0.057014,0.079915,0.011324,0.023283,0.023271,0.022519,0.052046,0.011871,0.023113,0.016602,0.028641,0.011973
20220,20279,20250,873.896,32.838,595.692,116.927,6.609,0.169,0.042,35.854977,34.619011,32.400951,32.342888,31.506874,30.751074,29.399195,28.876781,27.244217,27.306219,26.588907,28.078669,28.765186,28.448067,25.519306,97.851906,36.061829,9.166527,3.491805,0.478951,0.301550,0.146781,0.089608,0.096068,0.033738,0.051120,0.027545,0.016691,0.027934,0.022671,0.011512,0.045786,0.028208,0.005557,0.016899,0.016886
20280,20339,20310,873.896,32.760,589.109,116.444,6.569,0.169,0.041,35.304752,33.712532,32.621273,31.189800,30.953112,29.512766,28.797987,27.450645,27.292664,25.918196,26.197571,27.769781,28.802258,28.963182,26.085133,99.048859,35.277889,9.187693,3.567364,0.464121,0.334142,0.139698,0.105093,0.061596,0.066626,0.055647,0.056450,0.021766,0.022333,0.022519,0.011141,0.028091,0.016629,0.005519,0.010912,0.033379
20340,20399,20370,873.908,32.691,601.045,118.293,6.574,0.166,0.042,35.281506,34.369652,33.281967,32.569489,32.433475,30.942694,29.234821,28.777548,27.016077,26.687998,27.269958,27.603342,29.070778,29.205654,26.416407,100.194839,36.225208,9.760955,3.244726,0.522919,0.317044,0.166218,0.101577,0.050395,0.029045,0.039599,0.045201,0.033668,0.039385,0.005805,0.021828,0.011235,0.028557,0.000000,0.011679,0.033828
20400,20459,20430,873.902,32.593,592.666,118.149,6.798,0.172,0.042,34.668400,33.559662,33.360939,32.316772,31.072456,29.705997,29.143402,27.519474,27.154406,25.960159,26.513590,27.929922,28.701935,28.512171,25.850657,100.099892,35.991520,9.398121,3.619254,0.510751,0.334333,0.118711,0.108610,0.112498,0.077948,0.058006,0.027724,0.017239,0.017134,0.029026,0.074321,0.016876,0.016442,0.011222,0.033599,0.022405
20460,20519,20490,873.892,32.668,585.805,116.828,6.753,0.173,0.042,34.574909,32.819324,31.589142,32.256901,30.950745,29.761557,28.768658,27.517918,26.640614,25.627901,25.825834,28.027388,28.719297,28.996641,25.834112,98.004852,35.344345,9.314391,3.512676,0.556845,0.383821,0.161723,0.100402,0.110454,0.045325,0.045537,0.055196,0.044356,0.016661,0.039829,0.038824,0.039163,0.033705,0.017123,0.022950,0.005519
20520,20579,20550,873.875,32.903,556.285,112.668,6.477,0.172,0.041,31.483747,30.943096,28.554537,28.887579,28.697435,27.497513,26.735626,26.395424,24.417887,25.159924,24.778160,26.736658,27.645491,27.607944,25.143438,96.508781,34.866154,9.178120,3.479962,0.490659,0.363479,0.123388,0.072595,0.100234,0.067215,0.039684,0.056557,0.038808,0.051634,0.028658,0.044619,0.017051,0.027697,0.011492,0.016709,0.016974
20580,20639,20610,873.890,33.043,535.059,107.403,5.837,0.163,0.039,29.718548,29.116728,27.380606,28.128960,26.773066,26.615774,24.919344,25.452438,24.126970,23.593597,24.394390,25.196526,26.572645,27.291498,24.968460,93.191940,34.292667,8.816438,3.262024,0.423177,0.320714,0.123586,0.056686,0.079253,0.056472,0.016823,0.039342,0.027786,0.023188,0.023172,0.011243,0.005845,0.022180,0.000000,0.000000,0.017087
20640,20699,20670,873.910,33.089,525.520,106.822,6.079,0.170,0.039,29.188030,27.764919,26.929762,26.318762,25.943478,26.268778,24.301228,24.179665,22.731010,23.353670,24.072222,25.209480,27.305256,26.866499,24.832338,93.286674,33.905678,8.620214,3.050820,0.464564,0.330788,0.158761,0.082847,0.038654,0.055684,0.021356,0.027688,0.033086,0.016583,0.033096,0.044691,0.033368,0.022008,0.011190,0.000000,0.016719
20700,20759,20730,873.919,32.917,535.691,108.840,6.439,0.177,0.040,31.339029,28.897430,28.031059,28.613569,26.924038,26.890453,25.513294,24.951950,23.140869,23.078299,23.441792,25.250341,26.784111,26.746717,24.758623,93.288765,34.381569,8.853624,3.651699,0.372206,0.165879,0.127510,0.089041,0.027874,0.050743,0.032740,0.005669,0.027499,0.033244,0.027912,0.049532,0.038293,0.044770,0.017023,0.016206,0.027684
20760,20819,20790,873.922,32.757,593.523,113.398,6.283,0.166,0.040,42.114899,38.554634,35.889488,33.771160,32.841042,30.982317,28.834040,27.912144,26.177942,25.430080,24.593290,25.779585,27.113029,27.438158,24.348825,94.015427,34.356522,8.610759,3.419451,0.470760,0.337928,0.099700,0.082260,0.066753,0.033342,0.028103,0.028170,0.021889,0.016547,0.027325,0.033199,0.016653,0.033471,0.005308,0.021931,0.016408
20820,20879,20850,873.916,32.687,601.526,115.035,6.302,0.164,0.040,40.710510,38.732513,36.405670,34.863888,32.755230,30.914068,29.190193,28.434237,26.260254,26.052900,25.722876,26.805124,28.003992,28.425081,24.775013,95.406578,34.305092,9.061574,3.294475,0.472676,0.367154,0.111219,0.050599,0.072017,0.066481,0.049940,0.028307,0.038897,0.017059,0.028047,0.027189,0.016334,0.032755,0.005747,0.010965,0.011367
20880,20939,20910,873.901,32.615,642.497,119.039,6.427,0.162,0.040,49.939823,44.150280,41.017643,37.644440,35.378750,33.088871,30.999926,29.783634,28.466686,26.824587,27.352049,28.374544,28.782322,29.219164,25.937248,97.672569,34.817253,8.715803,2.963381,0.453394,0.387692,0.110181,0.070366,0.087695,0.005790,0.035262,0.023960,0.017873,0.040926,0.029505,0.035679,0.028906,0.011875,0.005790,0.005868,0.017203
20940,20999,20970,873.867,32.663,539.102,107.590,6.024,0.167,0.039,32.579357,29.382795,28.482527,28.565002,27.175577,27.071716,25.398125,24.218113,24.423376,24.157604,23.997326,25.416187,26.685823,27.018068,24.168262,93.392876,33.964485,8.646391,3.185257,0.441635,0.230997,0.090775,0.095773,0.082954,0.039228,0.017168,0.005845,0.022177,0.016759,0.022604,0.022496,0.016716,0.017240,0.000000,0.022377,0.027900
21000,21059,21030,873.862,32.955,518.308,105.540,6.138,0.173,0.038,28.353928,27.904053,26.858932,26.378771,26.138983,24.995680,24.078857,23.518726,23.227026,23.200581,23.350788,25.242554,26.308207,26.676279,24.298403,91.468033,33.066246,8.652402,3.289657,0.520846,0.284072,0.077265,0.077365,0.072412,0.038865,0.010685,0.017087,0.022746,0.016468,0.022891,0.010770,0.027742,0.027445,0.022333,0.011021,0.039588
21060,21119,21090,873.860,33.012,512.892,104.310,5.853,0.168,0.038,28.450130,26.364269,25.800074,26.463295,25.912180,24.626545,23.563829,23.661135,22.420595,23.000093,23.562029,25.308966,25.893419,26.668863,24.116535,91.703629,32.512089,8.330588,3.003157,0.599457,0.355683,0.089579,0.118141,0.067941,0.033785,0.051402,0.028116,0.027688,0.039338,0.034816,0.033465,0.011491,0.005432,0.005398,0.005824,0.022666
21120,21179,21150,873.860,33.000,513.295,104.546,5.810,0.166,0.038,28.347982,26.368513,25.829042,25.981510,25.710712,24.198702,23.854605,23.234869,22.911783,22.726719,23.627687,24.672297,25.605949,26.507627,24.649229,92.475075,33.595890,8.482883,3.233285,0.492723,0.368720,0.084610,0.055481,0.045920,0.033680,0.033063,0.016806,0.016075,0.016561,0.005429,0.044830,0.016761,0.028049,0.005593,0.000000,0.016645
21180,21239,21210,873.865,32.911,508.425,104.048,5.850,0.168,0.038,27.793150,26.178387,26.041237,25.222197,25.236610,24.808744,22.491852,23.308949,22.631975,22.307280,22.899672,24.684431,26.023869,26.655941,24.272102,91.332115,33.798409,8.325479,3.074469,0.514386,0.284314,0.144833,0.049434,0.072771,0.050234,0.022050,0.038622,0.016519,0.033163,0.022100,0.022133,0.000000,0.016525,0.005727,0.011348,0.033607
