CampaignData_and_Merges/R0/CSL_MobileLab_Parked/raw/20240804/USOS-PTR_MobileLabGround_20240804_RA.ict
58, 1001
Matthew Coggon, Kelvin Bates, Chelsea Stockwell, Carsten Warneke
NOAA ESRL Chemical Sciences Division
NOAA PTR-ToF-MS
USOS
1,1 
2024, 08, 04, 2023, 08, 07
0
Time_Start, seconds, number of seconds from 00:00 UTC 
22
1, 1, 1, 1, 1, 1, 1, 1, 1, 1, 1, 1, 1, 1, 1, 1, 1, 1, 1, 1, 1, 1
-9999, -9999, -9999, -9999, -9999, -9999, -9999, -9999, -9999, -9999, -9999, -9999, -9999, -9999, -9999, -9999, -9999, -9999, -9999, -9999, -9999, -9999
CH3OH_NOAAPTR_ppbv,  ppbv, Gas_CH3OH_InSitu_S_AVMR, (CH3OH) methanol
CH3CN_NOAAPTR_ppbv,  ppbv, Gas_CH3CN_InSitu_S_AVMR, (CH3CN) acetonitrile
CH3CHO_NOAAPTR_ppbv,  ppbv, Gas_CH3CHO_InSitu_S_AVMR, (CH3CHO) acetaldehyde plus contributions from ethylene glycol and ethylene oxide. Interference from ethanol has been subtracted out.
C2H5OH_NOAAPTR_ppbv,  ppbv, Gas_C2H5OH_InSitu_S_AVMR, (C2H5OH) ethanol
CH3SH_NOAAPTR_ppbv,  ppbv, Gas_CH3SH_InSitu_S_AVMR, (CH3SH) methanethiol, using calibration factor for DMS
Acrolein_NOAAPTR_ppbv,  ppbv, Gas_Acrolein_InSitu_S_AVMR, (C3H4O) acrolein
AcetonePropanal_NOAAPTR_ppbv,  ppbv, Gas_AcetoneAndPropanal_InSitu_S_AVMR, (C3H6O) sum of acetone (dominant isomer) and propanal, using calibration factor for acetone
DMS_NOAAPTR_ppbv,  ppbv, Gas_DMS_InSitu_S_AVMR, (C2H6S) dimethyl sulfide with possible small contributions from ethanethiol
C5H8_NOAAPTR_ppbv,  ppbv, Gas_Isoprene_InSitu_S_AVMR, (C5H8) isoprene and possible fragments from cycloalkanes and aldehydes. Interferences have been subtracted following methods described by Coggon et al (2023)
MVKMAC_NOAAPTR_ppbv,  ppbv, Gas_MVKAndMAC_InSitu_S_AVMR, (C4H6O) sum of methyl vinyl ketone, methacrolein, and small amounts of crotonaldehyde, using weighted calibration factor for MVK (0.637) and MACR (0.363)
Benzene_NOAAPTR_ppbv,  ppbv, Gas_Benzene_InSitu_S_AVMR, (C6H6) benzene
Toluene_NOAAPTR_ppbv,  ppbv, Gas_Toluene_InSitu_S_AVMR, (C7H8) toluene with possible small contributions of fragments from ethyltoluene
Styrene_NOAAPTR_ppbv,  ppbv, Gas_Styrene_InSitu_S_AVMR, (C8H8) styrene
Benzaldehyde_NOAAPTR_ppbv,  ppbv, Gas_Benzaldehyde_InSitu_S_AVMR, (C7H6O) benzaldehyde
C8Aromatics_NOAAPTR_ppbv,  ppbv, Gas_C8Aromatics_InSitu_M_AVMR, (C8H10) sum of m-xylene, p-xylene, o-xylene, and ethyl benzene
C9Aromatics_NOAAPTR_ppbv,  ppbv, Gas_C9Aromatics_InSitu_M_AVMR, (C9H12) sum of C9 aromatics
Naphthalene_NOAAPTR_ppbv,  ppbv, Gas_Naphthalene_InSitu_S_AVMR, (C10H8) naphthalene
Octanal_NOAAPTR_ppbv,  ppbv, Gas_Octanal_InSitu_S_AVMR, (C8H16O) octanal and small amounts of octanone
Monoterpenes_NOAAPTR_ppbv,  ppbv, Gas_Monoterpenes_InSitu_M_AVMR, (C10H16) sum of monoterpenes and possible contributions from fragments of oxygenated monoterpenoids such as eucalyptol.
Nonanal_NOAAPTR_ppbv,  ppbv, Gas_Nonanal_InSitu_M_AVMR, (C9H18O) nonanal and small amounts of nonanone
C7H4ClF3_NOAAPTR_ppbv,  ppbv, Gas_C7H4ClF3_InSitu_S_AVMR, (C7H4ClF3) parachlorobenzotrifluoride
C10H30O5Si5_NOAAPTR_ppbv,  ppbv, Gas_C10H30O5Si5_InSitu_S_AVMR, (C10H30O5Si5) decamethylcyclopentasiloxane
1
SPECIAL COMMENTS:N/A
21
PI_CONTACT_INFO: NOAA ESRL Chemical Sciences Division, Tropospheric Chemistry Group. 325 Broadway, R/CSD7, Boulder, CO 80305
PLATFORM: Mobile Laboratory.
LOCATION: Salt Lake City, UT
ASSOCIATED_DATA: N/A
INSTRUMENT_INFO: NOAA PTR-ToF-MS measurements on NOAA CSL Mobile Lab
DATA_INFO: Units: ppbv
UNCERTAINTY: See OTHER_COMMENTS
ULOD_FLAG: -7777
ULOD_VALUE: N/A
LLOD_FLAG: -8888
LLOD_VALUE: N/A.
DM_CONTACT_INFO: Data Managers: Matt Coggon, Kelvin Bates, Chelsea Stockwell; email: matthew.m.coggon@noaa.gov and kelvin.bates@colorado.edu
PROJECT_INFO: USOS Deployment July-August, 2024
STIPULATIONS_ON_USE: Use of these data require prior OK from PI.
OTHER_COMMENTS: Uncertainties:
CH3OH_NOAAPTR_ppbv:30%; CH3CN_NOAAPTR_ppbv:30%; CH3CHO_NOAAPTR_ppbv:30%; C2H5OH_NOAAPTR_ppbv:30%; CH3SH_NOAAPTR_ppbv:50%; Acrolein_NOAAPTR_ppbv:30%; AcetonePropanal_NOAAPTR_ppbv:30%; DMS_NOAAPTR_ppbv:30%; C5H8_NOAAPTR_ppbv:30%; MVKMAC_NOAAPTR_ppbv:30%; 
Benzene_NOAAPTR_ppbv:30%; Toluene_NOAAPTR_ppbv:30%; Styrene_NOAAPTR_ppbv:30%; Benzaldehyde_NOAAPTR_ppbv:30%; C8Aromatics_NOAAPTR_ppbv:30%; C9Aromatics_NOAAPTR_ppbv:30%; Naphthalene_NOAAPTR_ppbv:30%; Octanal_NOAAPTR_ppbv:30%; Monoterpenes_NOAAPTR_ppbv:30%; Nonanal_NOAAPTR_ppbv:30%; 
C7H4ClF3_NOAAPTR_ppbv:30%; C10H30O5Si5_NOAAPTR_ppbv:30%; 
REVISION: RA
RA: Field Data
Time_Start, CH3OH_NOAAPTR_ppbv, CH3CN_NOAAPTR_ppbv, CH3CHO_NOAAPTR_ppbv, C2H5OH_NOAAPTR_ppbv, CH3SH_NOAAPTR_ppbv, Acrolein_NOAAPTR_ppbv, AcetonePropanal_NOAAPTR_ppbv, DMS_NOAAPTR_ppbv, C5H8_NOAAPTR_ppbv, MVKMAC_NOAAPTR_ppbv, Benzene_NOAAPTR_ppbv, Toluene_NOAAPTR_ppbv, Styrene_NOAAPTR_ppbv, Benzaldehyde_NOAAPTR_ppbv, C8Aromatics_NOAAPTR_ppbv, C9Aromatics_NOAAPTR_ppbv, Naphthalene_NOAAPTR_ppbv, Octanal_NOAAPTR_ppbv, Monoterpenes_NOAAPTR_ppbv, Nonanal_NOAAPTR_ppbv, C7H4ClF3_NOAAPTR_ppbv, C10H30O5Si5_NOAAPTR_ppbv
[from data line 1038]
62280.0, 12.70015, 0.19590, 2.06928, 4.60594, 0.00102, 0.32599, 4.50657, 0.02672, 0.37778, 0.69680, 0.64882, 1.02924, 0.08129, -0.02449, 0.70677, 0.29177, 0.01094, 0.05267, 0.14977, 0.04038, 0.00643, 0.00466 
62340.0, 10.46281, 0.19752, 1.85254, 3.96645, 0.00179, 0.24858, 4.53121, 0.00557, 0.54317, 0.69388, 0.09650, 0.23208, 0.00861, 0.00418, 0.14726, 0.05753, 0.01125, 0.04950, 0.11994, 0.03176, 0.01611, 0.01115 
62400.0, 10.86855, 0.21560, 1.74025, 3.38362, -0.00069, 0.24660, 4.37621, 0.01320, 0.37020, 0.56602, 0.07222, 0.21645, -0.00614, -0.02476, 0.11303, 0.04999, -0.00304, 0.03727, 0.09308, 0.02153, 0.01418, 0.00782 
62460.0, 9.62782, 0.21695, 1.74584, 2.92847, 0.00695, 0.18997, 4.39091, 0.02129, 0.50875, 0.55202, -0.00740, 0.16020, -0.00612, -0.01323, 0.08912, 0.02807, 0.00338, 0.02900, 0.10446, 0.04113, 0.01348, 0.00684 
62520.0, 10.53780, 0.21362, 1.92452, 3.29628, 0.00311, 0.24853, 4.53982, 0.02164, 0.34486, 0.60239, 0.05576, 0.18803, 0.00423, -0.01586, 0.10464, 0.03960, -0.00880, 0.04080, 0.11451, 0.04220, 0.00764, 0.00906 
62580.0, 9.88402, 0.18500, 1.85609, 3.57756, -0.00105, 0.25681, 4.44071, 0.02384, 0.39567, 0.58981, 0.12302, 0.32383, 0.01780, -0.01921, 0.15003, 0.05441, -0.00737, 0.02059, 0.08478, 0.03738, 0.01314, 0.01065 
62640.0, 11.53609, 0.19500, 1.73858, 3.03132, 0.00067, 0.27326, 4.42460, 0.02609, 0.34244, 0.60927, 0.04725, 0.18072, 0.01721, -0.02005, 0.11383, 0.04838, -0.00936, 0.03104, 0.09143, 0.04638, 0.01258, 0.00536 
62700.0, 10.50249, 0.18553, 1.73908, 3.12847, 0.00195, 0.26092, 4.38446, 0.02456, 0.39800, 0.62310, -0.00323, 0.19836, 0.00847, -0.02325, 0.10769, 0.03247, -0.00189, 0.03581, 0.07170, 0.02502, 0.01128, 0.00348 
62760.0, 11.15562, 0.19308, 1.77955, 2.93594, 0.00121, 0.21567, 4.49397, 0.01648, 0.33317, 0.59688, 0.05609, 0.16778, 0.01082, -0.01786, 0.08651, 0.02675, -0.00937, 0.04398, 0.09562, 0.03444, 0.01558, 0.00872 
62820.0, 10.42651, 0.20486, 1.75115, 3.14728, 0.00073, 0.25133, 4.52851, 0.03491, 0.38354, 0.61601, 0.01597, 0.16810, 0.00441, -0.02696, 0.08966, 0.02521, -0.00938, 0.03329, 0.11039, 0.04414, 0.00779, 0.00667 
62880.0, 11.21673, 0.21330, 1.64662, 3.03170, 0.00147, 0.22626, 4.55429, 0.01259, 0.30050, 0.61221, 0.04383, 0.16633, 0.00357, -0.03835, 0.09427, 0.04869, -0.00644, 0.02246, 0.08603, 0.02462, 0.01142, 0.00638 
62940.0, 10.77864, 0.20316, 1.79149, 2.69235, -0.00098, 0.24508, 4.65558, 0.01536, 0.39566, 0.63527, 0.08398, 0.18475, 0.00526, -0.00752, 0.11222, 0.04358, 0.00498, 0.05459, 0.09165, 0.03267, 0.01687, 0.00493 
63000.0, 10.47005, 0.20989, 1.77937, 2.62384, 0.00252, 0.19795, 4.54636, 0.00270, 0.19704, 0.52866, 0.07437, 0.18080, 0.00534, -0.01725, 0.09096, 0.02947, -0.00940, 0.02601, 0.07671, 0.02944, 0.02058, 0.00465 
63060.0, 10.49482, 0.21161, 1.76578, 2.74969, 0.00033, 0.25468, 4.58183, 0.02277, 0.21549, 0.52841, 0.03316, 0.20291, 0.00711, -0.01809, 0.08820, 0.02857, -0.00145, 0.03081, 0.06941, 0.02914, 0.00829, 0.00339 
63120.0, 10.48908, 0.19952, 1.85963, 3.15308, 0.00348, 0.24715, 4.56250, 0.02235, 0.29796, 0.55279, 0.04807, 0.18117, -0.00598, -0.01987, 0.09150, 0.03417, 0.00188, 0.03260, 0.09837, 0.02793, 0.02092, 0.00721 
63180.0, 9.71573, 0.20963, 1.50999, 3.26597, 0.00281, 0.22643, 4.34352, 0.01953, 0.26732, 0.49675, 0.00888, 0.14991, -0.00596, -0.03178, 0.08165, 0.02472, -0.00913, 0.02546, 0.05415, 0.02327, 0.00972, 0.00350 
63240.0, 9.57231, 0.19582, 1.56515, 2.55203, -0.00105, 0.21220, 4.46041, 0.01829, 0.20564, 0.52668, 0.06951, 0.16750, -0.00595, -0.02506, 0.08480, 0.02452, 0.00490, 0.02557, 0.05949, 0.03607, 0.01975, 0.00271 
63300.0, 10.18972, 0.18411, 1.90446, 3.67608, 0.00339, 0.27344, 4.57951, 0.00647, 0.31801, 0.59194, 0.11253, 0.20136, -0.00594, 0.01194, 0.09328, 0.03256, -0.00944, 0.03828, 0.09568, 0.04313, 0.01539, 0.00527 
63360.0, 10.41631, 0.20693, 1.78332, 3.60165, 0.00202, 0.22719, 4.41374, 0.00510, 0.62215, 0.57862, 0.09975, 0.30130, 0.02636, 0.01034, 0.13841, 0.05188, -0.00945, 0.03662, 0.12341, 0.02229, 0.01987, 0.00581 
63420.0, 10.02797, 0.20502, 1.75558, 3.26171, -0.00105, 0.24719, 4.44369, 0.02007, 0.18318, 0.50268, 0.06023, 0.18315, -0.00591, -0.02588, 0.07777, 0.03510, -0.00946, 0.04275, 0.08352, 0.02239, 0.01945, 0.00450 
63480.0, 10.19920, 0.20890, 1.86791, 3.68391, 0.00333, 0.23274, 4.76604, 0.01077, 0.32300, 0.55665, 0.06068, 0.20155, 0.01995, 0.00770, 0.10412, 0.03940, -0.00746, 0.05092, 0.08912, 0.03088, 0.01308, 0.00631 
63540.0, 9.86260, 0.20311, 1.86328, 3.87772, 0.00194, 0.24701, 4.48084, 0.01921, 0.27829, 0.53174, 0.11423, 0.28626, 0.02200, -0.00061, 0.16689, 0.05600, 0.00663, 0.03199, 0.09720, 0.05137, 0.01390, 0.00634 
63600.0, 11.12637, 0.20923, -9999.00000, 3.47345, 0.00051, 0.22917, 4.60839, 0.02581, -9999.00000, 0.59898, 0.08834, 0.28605, 0.02146, 0.02035, 0.15235, 0.04359, 0.00301, 0.05050, 0.10237, 0.04740, 0.00840, 0.00458 
63660.0, -9999.00000, -9999.00000, -9999.00000, -9999.00000, -9999.00000, -9999.00000, -9999.00000, -9999.00000, -9999.00000, -9999.00000, -9999.00000, -9999.00000, -9999.00000, -9999.00000, -9999.00000, -9999.00000, -9999.00000, -9999.00000, -9999.00000, -9999.00000, -9999.00000, -9999.00000 
63720.0, -9999.00000, -9999.00000, -9999.00000, -9999.00000, -9999.00000, -9999.00000, -9999.00000, -9999.00000, -9999.00000, -9999.00000, -9999.00000, -9999.00000, -9999.00000, -9999.00000, -9999.00000, -9999.00000, -9999.00000, -9999.00000, -9999.00000, -9999.00000, -9999.00000, -9999.00000 
63780.0, -9999.00000, -9999.00000, -9999.00000, -9999.00000, -9999.00000, -9999.00000, -9999.00000, -9999.00000, -9999.00000, -9999.00000, -9999.00000, -9999.00000, -9999.00000, -9999.00000, -9999.00000, -9999.00000, -9999.00000, -9999.00000, -9999.00000, -9999.00000, -9999.00000, -9999.00000 
63840.0, -9999.00000, -9999.00000, -9999.00000, -9999.00000, -9999.00000, -9999.00000, -9999.00000, -9999.00000, -9999.00000, -9999.00000, -9999.00000, -9999.00000, -9999.00000, -9999.00000, -9999.00000, -9999.00000, -9999.00000, -9999.00000, -9999.00000, -9999.00000, -9999.00000, -9999.00000 
63900.0, -9999.00000, -9999.00000, -9999.00000, -9999.00000, -9999.00000, -9999.00000, -9999.00000, -9999.00000, -9999.00000, -9999.00000, -9999.00000, -9999.00000, -9999.00000, -9999.00000, -9999.00000, -9999.00000, -9999.00000, -9999.00000, -9999.00000, -9999.00000, -9999.00000, -9999.00000 
63960.0, -9999.00000, -9999.00000, -9999.00000, -9999.00000, -9999.00000, -9999.00000, -9999.00000, -9999.00000, -9999.00000, -9999.00000, -9999.00000, -9999.00000, -9999.00000, -9999.00000, -9999.00000, -9999.00000, -9999.00000, -9999.00000, -9999.00000, -9999.00000, -9999.00000, -9999.00000 
64020.0, -9999.00000, -9999.00000, -9999.00000, -9999.00000, -9999.00000, -9999.00000, -9999.00000, -9999.00000, -9999.00000, -9999.00000, -9999.00000, -9999.00000, -9999.00000, -9999.00000, -9999.00000, -9999.00000, -9999.00000, -9999.00000, -9999.00000, -9999.00000, -9999.00000, -9999.00000 
64080.0, -9999.00000, -9999.00000, -9999.00000, -9999.00000, -9999.00000, -9999.00000, -9999.00000, -9999.00000, -9999.00000, -9999.00000, -9999.00000, -9999.00000, -9999.00000, -9999.00000, -9999.00000, -9999.00000, -9999.00000, -9999.00000, -9999.00000, -9999.00000, -9999.00000, -9999.00000 
64140.0, -9999.00000, -9999.00000, -9999.00000, -9999.00000, -9999.00000, -9999.00000, -9999.00000, -9999.00000, -9999.00000, -9999.00000, -9999.00000, -9999.00000, -9999.00000, -9999.00000, -9999.00000, -9999.00000, -9999.00000, -9999.00000, -9999.00000, -9999.00000, -9999.00000, -9999.00000 
64200.0, -9999.00000, -9999.00000, -9999.00000, -9999.00000, -9999.00000, -9999.00000, -9999.00000, -9999.00000, -9999.00000, -9999.00000, -9999.00000, -9999.00000, -9999.00000, -9999.00000, -9999.00000, -9999.00000, -9999.00000, -9999.00000, -9999.00000, -9999.00000, -9999.00000, -9999.00000 
64260.0, 10.51545, 0.21994, -9999.00000, 2.79859, 0.00223, 0.25766, 4.22282, 0.01923, -9999.00000, 0.50587, 0.08026, 0.19586, 0.01271, 0.02035, 0.09344, 0.03724, -0.00541, 0.03855, 0.10760, 0.03786, 0.00532, 0.00166 
64320.0, 6.35401, 0.21319, 1.22899, 2.17982, 0.00054, 0.17159, 3.55602, 0.00863, 0.29393, 0.40357, 0.04638, 0.13653, 0.01700, 0.00986, 0.05703, 0.03162, 0.01509, 0.04416, 0.06832, 0.03351, 0.00727, 0.00338 
64380.0, 7.29455, 0.17796, 1.18854, 1.89555, -0.00105, 0.15813, 3.58557, 0.00889, 0.12152, 0.39302, 0.01556, 0.11154, 0.01395, -0.01159, 0.05182, 0.02096, -0.00416, 0.02634, 0.04220, 0.01979, 0.00728, 0.00132 
64440.0, 10.54498, 0.18608, 1.19912, 2.82197, -0.00064, 0.17953, 3.61843, 0.01727, 0.22460, 0.39547, 0.04132, 0.12339, 0.01059, 0.00210, 0.05764, 0.02138, -0.00529, 0.03235, 0.07452, 0.02717, 0.00327, 0.00158 
64500.0, 7.28343, 0.19961, 1.29190, 2.05705, 0.00270, 0.18256, 3.70328, 0.02250, 0.20405, 0.38948, 0.01155, 0.11027, 0.01085, -0.01863, 0.06584, 0.02067, 0.00160, 0.04094, 0.06210, 0.03327, 0.00656, 0.00401 
64560.0, 9.22480, 0.17737, 1.50680, 2.82282, 0.00363, 0.21633, 3.74822, 0.01995, 0.25469, 0.40270, 0.07376, 0.34392, 0.02691, -0.00793, 0.13653, 0.05136, 0.01863, 0.04194, 0.06445, 0.07639, 0.00777, 0.00318 
64620.0, 8.25672, 0.18062, 1.45751, 3.99850, 0.00118, 0.19715, 3.70736, 0.01208, 0.20635, 0.41408, 0.14566, 0.69356, 0.02694, -0.01810, 0.25130, 0.09210, 0.00696, 0.02349, 0.07483, 0.06141, 0.00764, 0.00440 
64680.0, 7.90147, 0.18508, 1.48023, 2.70928, -0.00082, 0.20473, 3.80060, 0.01039, 0.39073, 0.44647, 0.06879, 0.17014, -0.00340, -0.00793, 0.06799, 0.03300, 0.00761, 0.04522, 0.07145, 0.05106, 0.00121, 0.00322 
64740.0, 6.69303, 0.18533, 1.20832, 2.16796, 0.00237, 0.17835, 3.40880, -0.00245, 0.13589, 0.36151, 0.07039, 0.26875, -0.00597, -0.00254, 0.10862, 0.02588, 0.00502, 0.02004, 0.04689, 0.03219, 0.00687, 0.00220 
64800.0, 7.40466, 0.19310, 1.29465, 2.47088, 0.00046, 0.18405, 3.63185, 0.01679, 0.17299, 0.39878, 0.00887, 0.13451, 0.00516, 0.00095, 0.06822, 0.01973, 0.00145, 0.03444, 0.06040, 0.05199, 0.00908, 0.00408 
64860.0, 8.13277, 0.18670, 1.50006, 1.85109, 0.00402, 0.23009, 3.68950, 0.00177, 0.22191, 0.40944, 0.02773, 0.16748, 0.00181, -0.01629, 0.08857, 0.02840, 0.00107, 0.02234, 0.07653, 0.03403, 0.00814, 0.00178 
64920.0, 7.76789, 0.18955, 1.30119, 2.08351, 0.00180, 0.21223, 3.72170, 0.01025, 0.24021, 0.41705, 0.05989, 0.14938, 0.00871, 0.00681, 0.09530, 0.02147, -0.00364, 0.04996, 0.08681, 0.03776, 0.00605, 0.00260 
64980.0, 9.28830, 0.18879, 1.46968, 2.45050, 0.00229, 0.21502, 3.76227, 0.02386, 0.45401, 0.49044, 0.00355, 0.16580, 0.00943, -0.00245, 0.08236, 0.03383, -0.00461, 0.04681, 0.16474, 0.05046, 0.00684, 0.00763 
65040.0, 7.17143, 0.19264, 1.13874, 1.63971, 0.00176, 0.14858, 3.44137, 0.01001, 0.19601, 0.46961, -0.00898, 0.10910, -0.00601, -0.01819, 0.06750, 0.02567, -0.00482, 0.03481, 0.08510, 0.03159, 0.00394, 0.00052 
65100.0, 8.23409, 0.18737, 1.23887, 1.80862, 0.00234, 0.16849, 3.55524, 0.01904, 0.25463, 0.45402, 0.06751, 0.14075, 0.00276, -0.01155, 0.07079, 0.02054, -0.00571, 0.03005, 0.13210, 0.03532, 0.00398, 0.00221 
65160.0, 7.80579, 0.19618, 1.22087, 1.53742, 0.00047, 0.20058, 3.45298, 0.00308, 0.28621, 0.44011, 0.04038, 0.12372, 0.00755, -0.00376, 0.05874, 0.02650, 0.01018, 0.04091, 0.19665, 0.02051, 0.00696, 0.00344 
65220.0, 6.44394, 0.19568, 1.05359, 1.75391, 0.00178, 0.13731, 3.34638, 0.00550, 0.10342, 0.41364, 0.02118, 0.14687, 0.01296, -0.01511, 0.07083, 0.02564, -0.00849, 0.03420, 0.11986, 0.02798, 0.00532, 0.00436 
65280.0, 5.61519, 0.19409, 1.03084, 1.07657, 0.00153, 0.15990, 3.23802, 0.01041, 0.25519, 0.36601, 0.01636, 0.08960, 0.00859, -0.00806, 0.04636, 0.01141, -0.00857, 0.01745, 0.06307, 0.01902, 0.00770, 0.00125 
65340.0, 6.52406, 0.17809, 1.09466, 1.24007, 0.00264, 0.15522, 3.19574, -0.00067, 0.12849, 0.36468, 0.02191, 0.09880, 0.00392, -0.01918, 0.04572, 0.01251, 0.00131, 0.02352, 0.07775, 0.02650, 0.00245, 0.00007 
65400.0, 6.53895, 0.18920, 1.18185, 1.88923, 0.00027, 0.18577, 3.33736, 0.01037, 0.37466, 0.42442, 0.02832, 0.11475, -0.00606, -0.00125, 0.06936, 0.02740, -0.00566, 0.02383, 0.09486, 0.03499, 0.00100, 0.00160 
65460.0, 7.51840, 0.18130, 1.12422, 1.89390, 0.00375, 0.17877, 3.31218, 0.01534, 0.48579, 0.42967, 0.02795, 0.10583, -0.00293, -0.01767, 0.07139, 0.02292, -0.00218, 0.03039, 0.08634, 0.03586, 0.00962, 0.00563 
65520.0, 8.16195, 0.17084, 1.04575, 1.74088, -0.00105, 0.17121, 3.21914, 0.00150, 0.32391, 0.38267, -0.00258, 0.10973, 0.01089, -0.01071, 0.04707, 0.02161, -0.00513, 0.01965, 0.08023, 0.01405, 0.00255, 0.00231 
65580.0, 6.86713, 0.18170, 1.09197, 1.44917, 0.00184, 0.14921, 3.14003, 0.00547, 0.18287, 0.34683, 0.06278, 0.14005, 0.00781, 0.00447, 0.06539, 0.02304, 0.00595, 0.03306, 0.07678, 0.03397, 0.00668, 0.00173 
65640.0, 6.11534, 0.43794, 0.99126, 1.34526, 0.00517, 0.11281, 3.06153, 0.01312, 0.35713, 0.35004, 0.03686, 0.12189, 0.00255, -0.00902, 0.05989, 0.03263, -0.00847, 0.01576, 0.09779, 0.03465, 0.00924, 0.00319 
65700.0, 5.09298, 0.22047, 0.67319, 0.84370, -0.00105, 0.12268, 2.85389, 0.00486, 0.17074, 0.25412, -0.00830, 0.06239, 0.01096, -0.00102, 0.03340, 0.01485, -0.00706, 0.02201, 0.03478, 0.01725, 0.00251, 0.00028 
65760.0, 4.48886, 0.18875, 0.67234, 0.45710, 0.00124, 0.09300, 2.63682, -0.00060, 0.03390, 0.14524, 0.01208, 0.03946, 0.00550, -0.02142, 0.02468, 0.00729, -0.00683, 0.01184, 0.02756, 0.02854, 0.00268, 0.00122 
65820.0, 5.46367, 0.17972, 0.77299, 0.97334, 0.00105, 0.12471, 2.94566, 0.01589, 0.09424, 0.25725, 0.02603, 0.06678, 0.01038, -0.02996, 0.03437, 0.00826, 0.00046, 0.01888, 0.05203, 0.02653, 0.00758, -0.00008 
65880.0, 6.26355, 0.18710, 1.00336, 1.52499, 0.00227, 0.11250, 2.99457, 0.00271, 0.19794, 0.27258, 0.06415, 0.11258, 0.01679, 0.01541, 0.07097, 0.04142, 0.01213, 0.01724, 0.07431, 0.02404, 0.00262, 0.00261 
65940.0, 6.51224, 0.18434, 0.77319, 0.76264, 0.00363, 0.13423, 2.71790, 0.00412, 0.50811, 0.16726, -0.02616, 0.04568, 0.00924, -0.01012, 0.02922, 0.00779, 0.00353, 0.01988, 0.06149, 0.01170, 0.00428, 0.00165 
66000.0, 4.87868, 0.17627, 0.82336, 0.73953, -0.00095, 0.10603, 2.87057, 0.00330, 0.05564, 0.22022, -0.00070, 0.04752, 0.00337, -0.00817, 0.03754, 0.01275, -0.00790, 0.02483, 0.03885, 0.02551, 0.00089, 0.00114 
66060.0, 6.93416, 0.18456, 1.03702, 1.20041, 0.00278, 0.17626, 3.04725, 0.02203, 0.31060, 0.29632, 0.01646, 0.09451, -0.00614, -0.00894, 0.06487, 0.02189, 0.00254, 0.01737, 0.11858, 0.03060, 0.00417, 0.00197 
66120.0, 6.32558, 0.19142, 1.07202, 1.35304, 0.00115, 0.13812, 3.27008, 0.00717, 0.19743, 0.32666, 0.04577, 0.08522, 0.00501, -0.00834, 0.05219, 0.01407, 0.00339, 0.02572, 0.03545, 0.01917, 0.00413, 0.00245 
66180.0, 7.95235, 0.19995, 1.45968, 2.44507, 0.00493, 0.20191, 3.52241, 0.01900, 0.31003, 0.35004, 0.05850, 0.24234, 0.01294, -0.01138, 0.09904, 0.03448, 0.01205, 0.02913, 0.13647, 0.05152, 0.00725, 0.00317 
66240.0, 7.50778, 0.18962, 1.26873, 1.46766, 0.00317, 0.13160, 3.39221, 0.00552, 0.14406, 0.36484, 0.03014, 0.13445, 0.01011, 0.00813, 0.06121, 0.01828, -0.00299, 0.03158, 0.17399, 0.03686, 0.00139, 0.00056 
66300.0, 7.84188, 0.20463, 1.43604, 1.94843, 0.00304, 0.18334, 3.55178, 0.00859, 0.21374, 0.39728, 0.06195, 0.18471, 0.01428, -0.00848, 0.08618, 0.03377, 0.00823, 0.03767, 0.12505, 0.04603, 0.01062, 0.00493 
66360.0, 8.03060, 0.19610, 1.40876, 2.23284, 0.00076, 0.21979, 3.53166, 0.00461, 0.17216, 0.32819, 0.04711, 0.26580, 0.00305, -0.00228, 0.12784, 0.04046, 0.00984, 0.03582, 0.08582, 0.03723, 0.00276, 0.00090 
66420.0, 8.29568, 0.20405, 1.53066, 4.92014, 0.00213, 0.22094, 3.51515, 0.00623, 0.28118, 0.33403, 0.16163, 0.92669, 0.02764, 0.00026, 0.31791, 0.11428, 0.00331, 0.05272, 0.11459, 0.06902, 0.01050, 0.00581 
66480.0, 5.61159, 0.17612, 0.99767, 1.24847, 0.00137, 0.15156, 3.23600, 0.00905, 0.07737, 0.29441, 0.00824, 0.08782, 0.00959, -0.01291, 0.03793, 0.01424, -0.00021, 0.02465, 0.04326, 0.02085, 0.00678, 0.00208 
