CampaignData_and_Merges/R0/CSL_MobileLab_Parked/raw/20240804/USOS-NOAAIodideCIMS-Halogens_MobileLabGround_20240804_RA.ict
38, 1001
Michael A Robinson, Chris Jernigan, Subi Thakali
NOAA ESRL Chemical Sciences Laboratory and CIRES, U. of Colorado
NOAA Iodide CIMS Instrument
USOS
1, 1
2024, 08, 04, 2024, 08, 05
1
starttime_UTC, seconds_past_midnight, seconds_of_day_since_00:00:00_UTC
6
1, 1, 1, 1, 1, 1
-9999, -9999, -9999, -9999, -9999, -9999
Br2_NOAACIMS, pptv, Gas_Br2_InSitu_S_AVMR, 
BrO_NOAACIMS, pptv, Gas_BrO_InSitu_S_AVMR, 
Cl2_NOAACIMS, pptv, Gas_Cl2_InSitu_S_AVMR, 
ClNO2_NOAACIMS, pptv, Gas_ClNO2_InSitu_S_AVMR, 
BrCl_NOAACIMS, pptv, Gas_BrCl_InSitu_S_AVMR, 
NCl3_NOAACIMS, pptv, Gas_NCl3_InSitu_S_AVMR, 
0
18
PI_CONTACT_INFO: 325 Broadway, R/CSD 7, Boulder, Colorado 80305; michael.a.robinson@noaa.gov; chris.jernigan@noaa.gov;
PLATFORM: NOAA CSL Mobile Lab
LOCATION: SLC, Utah
ASSOCIATED_DATA: 1Hz data also available on request.
INSTRUMENT_INFO: NOAA I- ToF CIMS
DATA_INFO: All data in parts per trillion by volume (pptv). 1 Hz data is available upon request.
UNCERTAINTY: TBD
ULOD_FLAG: -7777
ULOD_VALUE: N/A
LLOD_FLAG: -8888
LLOD_VALUE: N/A
DM_CONTACT_INFO: Nathan Howard; nathan.h.howard@noaa.gov
PROJECT_INFO: USOS, summer 2024. https://csl.noaa.gov/groups/csl7/measurements/2024usos/
STIPULATIONS_ON_USE: Users are strongly encouraged to contact the PI for proper data usage.
OTHER_COMMENTS: 
REVISION: RA
RA: Preliminary Data; For in-field use only
starttime_UTC, Br2_NOAACIMS, BrO_NOAACIMS, Cl2_NOAACIMS, ClNO2_NOAACIMS, BrCl_NOAACIMS, NCl3_NOAACIMS
     0, -9999.000, -9999.000, -9999.000, -9999.000, -9999.000, -9999.000
    60, -9999.000, -9999.000, -9999.000, -9999.000, -9999.000, -9999.000
   120, -9999.000, -9999.000, -9999.000, -9999.000, -9999.000, -9999.000
   180, -9999.000, -9999.000, -9999.000, -9999.000, -9999.000, -9999.000
   240, -9999.000, -9999.000, -9999.000, -9999.000, -9999.000, -9999.000
   300, -9999.000, -9999.000, -9999.000, -9999.000, -9999.000, -9999.000
   360, -9999.000, -9999.000, -9999.000, -9999.000, -9999.000, -9999.000
   420, -9999.000, -9999.000, -9999.000, -9999.000, -9999.000, -9999.000
   480,  0.891, -0.110,  1.612,  0.257,  0.118,  0.579
   540,  0.749,  0.182,  1.093,  0.183,  0.315,  1.211
   600,  0.842,  0.231,  1.042,  0.161,  0.319,  1.289
   660,  0.609,  0.197,  0.921,  0.159,  0.268,  1.264
   720,  0.708,  0.188,  1.074,  0.211,  0.289,  1.197
   780,  0.762,  0.211,  0.900,  0.189,  0.290,  1.050
   840,  0.787,  0.229,  1.033,  0.167,  0.256,  0.971
   900,  0.744,  0.048,  0.800,  0.119,  0.292,  0.959
   960,  0.625,  0.141,  0.999,  0.169,  0.257,  0.952
  1020,  0.687,  0.142,  0.953,  0.141,  0.262,  1.103
  1080,  0.740,  0.164,  1.005,  0.122,  0.301,  1.135
  1140,  0.726,  0.220,  0.960,  0.166,  0.266,  1.208
  1200,  0.671,  0.142,  0.969,  0.148,  0.343,  1.114
  1260,  0.765,  0.230,  0.976,  0.142,  0.254,  1.240
  1320,  1.020,  0.233,  0.911,  0.108,  0.247,  1.062
  1380, -9999.000, -9999.000, -9999.000, -9999.000, -9999.000, -9999.000
  1440,  0.901,  0.083,  0.812,  0.060,  0.387,  1.366
  1500,  0.800,  0.124,  0.933,  0.127,  0.261,  1.050
  1560,  0.672,  0.285,  1.171,  0.113,  0.298,  1.249
  1620,  0.582,  0.139,  0.912,  0.105,  0.320,  1.024
  1680,  0.730,  0.090,  0.941,  0.139,  0.314,  1.152
  1740,  0.693,  0.098,  0.890,  0.116,  0.296,  0.942
  1800,  0.757,  0.211,  0.931,  0.145,  0.307,  0.950
  1860,  0.776,  0.205,  1.078,  0.114,  0.272,  0.808
  1920,  0.569,  0.163,  1.040,  0.110,  0.303,  0.575
  1980,  0.747,  0.119,  1.084,  0.130,  0.297,  0.671
  2040,  0.742,  0.167,  0.989,  0.152,  0.356,  0.487
  2100,  0.581,  0.139,  0.918,  0.127,  0.330,  0.535
  2160,  0.742,  0.310,  0.899,  0.133,  0.361,  0.563
  2220,  0.756,  0.217,  0.900,  0.100,  0.255,  0.573
  2280,  0.670,  0.193,  0.989,  0.150,  0.266,  0.344
  2340,  0.698,  0.097,  0.796,  0.092,  0.220,  0.367
  2400,  0.741,  0.189,  0.769,  0.123,  0.177,  0.237
  2460,  0.863,  0.055,  0.827,  0.065,  0.157,  0.274
  2520,  0.726,  0.147,  0.865,  0.082,  0.200,  0.276
  2580,  0.674,  0.221,  0.770,  0.082,  0.197,  0.296
  2640,  0.761,  0.172,  0.703,  0.073,  0.165,  0.440
  2700,  0.605,  0.138,  0.872,  0.137,  0.258,  0.492
  2760,  0.715,  0.243,  0.991,  0.128,  0.176,  0.505
  2820,  0.794,  0.138,  1.147,  0.145,  0.194,  0.548
  2880,  0.668,  0.152,  1.042,  0.105,  0.140,  0.329
  2940,  0.443,  0.201,  0.907,  0.087,  0.178,  0.578
  3000,  0.726,  0.092,  0.982,  0.093,  0.181,  0.545
  3060,  0.788,  0.204,  0.910,  0.088,  0.117,  0.614
  3120,  0.654,  0.075,  0.960,  0.136,  0.117,  0.615
  3180,  0.672,  0.196,  1.147,  0.108,  0.121,  0.567
  3240, -9999.000, -9999.000, -9999.000, -9999.000, -9999.000, -9999.000
  3300,  0.615,  0.174,  1.321,  0.129,  0.108,  0.281
  3360,  0.675,  0.177,  1.200,  0.087,  0.145,  0.267
  3420,  0.740,  0.140,  1.274,  0.091,  0.128,  0.204
  3480,  0.695,  0.224,  1.001,  0.110,  0.177,  0.227
  3540,  0.715,  0.163,  1.073,  0.075,  0.129,  0.196
  3600,  0.690,  0.155,  1.017,  0.091,  0.089,  0.136
  3660,  0.698,  0.161,  1.027,  0.100,  0.075,  0.198
  3720,  0.697,  0.039,  0.887,  0.099,  0.179,  0.182
  3780,  0.733,  0.100,  1.095,  0.083,  0.112,  0.285
  3840,  0.822,  0.014,  0.973,  0.088,  0.109,  0.226
  3900,  0.547,  0.107,  0.981,  0.076,  0.103,  0.348
  3960,  0.685,  0.218,  0.984,  0.126,  0.150,  0.533
  4020,  0.581,  0.145,  0.946,  0.102,  0.066,  0.377
  4080,  0.619,  0.169,  0.898,  0.089,  0.153,  0.396
  4140,  0.574,  0.129,  0.949,  0.089,  0.152,  0.504
  4200,  0.659,  0.058,  0.962,  0.142,  0.119,  0.616
  4260,  0.559,  0.107,  0.897,  0.077,  0.134,  0.695
  4320,  0.598,  0.219,  1.010,  0.091,  0.112,  0.906
  4380,  0.602,  0.163,  0.973,  0.097,  0.139,  0.743
  4440,  0.554,  0.171,  1.031,  0.120,  0.085,  0.952
  4500,  0.590,  0.095,  0.875,  0.115,  0.137,  0.781
  4560,  0.487,  0.221,  0.862,  0.133,  0.128,  0.763
  4620,  0.578,  0.155,  0.878,  0.083,  0.108,  0.712
  4680,  0.538,  0.037,  0.900,  0.122,  0.161,  0.893
  4740,  0.562,  0.093,  1.010,  0.146,  0.147,  1.706
  4800,  0.495,  0.106,  1.001,  0.160,  0.212,  1.944
  4860,  0.420,  0.143,  0.998,  0.170,  0.123,  2.177
  4920,  0.487,  0.187,  1.066,  0.173,  0.166,  1.868
  4980,  0.576,  0.120,  1.074,  0.151,  0.104,  2.168
  5040,  0.551,  0.072,  0.882,  0.120,  0.132,  1.720
  5100, -9999.000, -9999.000, -9999.000, -9999.000, -9999.000, -9999.000
  5160,  0.470,  0.079,  0.943,  0.151,  0.101,  1.394
  5220,  0.580,  0.058,  0.934,  0.105,  0.115,  0.918
  5280,  0.645,  0.109,  0.899,  0.122,  0.136,  0.993
  5340,  0.525,  0.233,  0.863,  0.126,  0.166,  0.704
  5400,  0.389,  0.082,  0.801,  0.088,  0.158,  0.539
  5460,  0.410,  0.070,  0.508,  0.067,  0.143,  0.211
  5520,  0.594,  0.165,  0.571,  0.094,  0.137,  0.201
  5580,  0.671,  0.040,  0.521,  0.110,  0.177,  0.207
  5640,  0.569,  0.157,  0.566,  0.087,  0.148,  0.282
  5700,  0.326,  0.066,  0.676,  0.107,  0.220,  0.614
  5760,  0.578,  0.158,  0.723,  0.092,  0.193,  0.710
  5820,  0.680,  0.039,  0.760,  0.105,  0.228,  1.061
  5880,  0.734, -0.017,  0.758,  0.102,  0.290,  1.527
  5940,  0.754,  0.143,  0.719,  0.138,  0.326,  1.179
  6000,  0.653,  0.166,  0.727,  0.106,  0.315,  1.381
  6060,  0.769,  0.158,  0.707,  0.128,  0.391,  1.393
  6120,  0.611,  0.133,  0.810,  0.151,  0.427,  1.297
  6180,  0.698,  0.174,  0.779,  0.154,  0.427,  1.230
  6240,  0.717,  0.035,  0.809,  0.158,  0.410,  1.154
  6300,  0.773,  0.229,  0.898,  0.177,  0.279,  1.167
  6360,  0.777,  0.063,  0.950,  0.148,  0.470,  1.125
  6420,  0.711,  0.079,  0.953,  0.126,  0.464,  1.184
  6480,  0.880,  0.070,  1.073,  0.168,  0.419,  1.202
  6540,  0.828, -0.008,  0.988,  0.142,  0.367,  1.211
  6600,  0.581,  0.108,  0.887,  0.155,  0.427,  1.211
  6660,  0.642,  0.005,  0.966,  0.175,  0.330,  1.029
  6720,  0.769,  0.019,  0.836,  0.185,  0.360,  1.250
  6780,  0.755,  0.136,  0.878,  0.206,  0.269,  1.477
  6840,  0.651,  0.166,  0.786,  0.145,  0.364,  1.210
  6900,  0.545,  0.065,  0.867,  0.200,  0.195,  1.950
  6960,  0.830,  0.138,  0.584,  0.211,  0.466,  1.777
  7020,  0.719,  0.125,  0.769,  0.190,  0.363,  1.462
  7080,  0.592,  0.147,  0.637,  0.160,  0.253,  1.849
  7140,  0.595,  0.094,  0.635,  0.230,  0.334,  1.785
  7200,  0.615,  0.038,  0.708,  0.196,  0.373,  2.305
  7260,  8.733,  0.215,  0.685,  0.425,  0.500,  5.234
  7320,  5.655,  0.098,  1.002,  0.248,  0.585,  3.570
  7380,  2.089,  0.171,  0.817,  0.231,  0.272,  2.493
  7440,  1.871,  0.076,  0.866,  0.204,  0.350,  2.575
  7500,  1.705,  0.137,  0.679,  0.242,  0.271,  1.993
  7560,  1.621,  0.166,  0.836,  0.258,  0.412,  1.410
  7620,  1.554,  0.208,  0.727,  0.214,  0.311,  1.366
  7680,  1.406,  0.174,  0.807,  0.233,  0.286,  1.235
  7740,  1.435,  0.217,  0.780,  0.237,  0.311,  0.616
  7800,  1.307,  0.088,  0.773,  0.276,  0.382,  0.741
  7860,  1.315,  0.175,  0.658,  0.272,  0.377,  0.756
  7920,  1.164,  0.115,  0.622,  0.261,  0.281,  0.819
  7980,  1.321,  0.147,  0.737,  0.254,  0.297,  1.229
  8040,  1.118,  0.167,  0.606,  0.291,  0.296,  1.136
  8100,  1.062,  0.182,  0.567,  0.217,  0.335,  1.349
  8160,  1.035,  0.074,  0.640,  0.264,  0.247,  1.367
  8220,  0.804,  0.119,  0.581,  0.210,  0.243,  1.027
  8280,  0.896,  0.190,  0.577,  0.223,  0.350,  0.570
  8340,  0.791,  0.156,  0.639,  0.222,  0.277,  0.587
  8400,  0.820,  0.087,  0.555,  0.295,  0.270,  0.483
  8460,  0.713,  0.232,  0.634,  0.295,  0.230,  0.725
  8520,  0.605,  0.132,  0.567,  0.266,  0.329,  0.525
  8580,  0.588,  0.179,  0.610,  0.324,  0.283,  0.393
  8640,  0.701,  0.185,  0.596,  0.265,  0.257,  0.262
  8700,  0.564,  0.200,  0.558,  0.259,  0.249,  0.643
  8760, -9999.000, -9999.000, -9999.000, -9999.000, -9999.000, -9999.000
  8820,  0.336,  0.102,  0.627,  0.232,  0.220,  0.164
  8880,  0.419,  0.204,  0.549,  0.269,  0.309,  0.319
  8940,  0.357,  0.147,  0.524,  0.330,  0.266,  0.375
  9000,  0.459,  0.095,  0.530,  0.252,  0.258,  0.640
  9060,  0.425,  0.128,  0.506,  0.296,  0.264,  0.601
  9120,  0.720,  0.243,  0.484,  0.320,  0.324,  0.567
  9180,  0.595,  0.140,  0.522,  0.301,  0.296,  0.705
  9240,  0.697,  0.112,  0.581,  0.298,  0.241,  0.675
  9300,  0.723,  0.314,  0.599,  0.285,  0.320,  0.649
  9360,  0.659,  0.071,  0.557,  0.315,  0.241,  0.748
  9420,  0.537,  0.101,  0.464,  0.337,  0.253,  0.637
  9480,  0.842,  0.255,  0.496,  0.362,  0.277,  0.785
  9540,  0.721,  0.081,  0.554,  0.339,  0.247,  0.663
  9600,  0.781,  0.185,  0.506,  0.380,  0.279,  1.244
  9660,  0.938,  0.145,  0.429,  0.356,  0.280,  1.556
  9720,  0.833,  0.263,  0.501,  0.332,  0.309,  1.493
  9780,  0.730,  0.063,  0.477,  0.316,  0.245,  0.916
  9840,  1.004,  0.215,  0.585,  0.337,  0.336,  0.842
  9900,  1.061,  0.247,  0.509,  0.297,  0.270,  0.833
  9960,  0.999,  0.173,  0.489,  0.326,  0.262,  0.547
 10020,  0.973,  0.289,  0.522,  0.291,  0.207,  0.451
 10080,  0.414,  0.133,  0.507,  0.211,  0.120,  0.307
 10140,  0.227,  0.036,  0.474,  0.155,  0.078,  0.157
 10200,  0.767,  0.153,  0.490,  0.257,  0.166,  0.436
 10260,  1.091,  0.218,  0.431,  0.244,  0.306,  0.529
 10320,  1.061,  0.165,  0.533,  0.196,  0.247,  0.571
 10380,  1.248,  0.137,  0.511,  0.286,  0.271,  0.839
 10440,  1.191,  0.217,  0.463,  0.230,  0.234,  0.865
 10500,  1.116,  0.103,  0.518,  0.204,  0.211,  0.606
 10560,  0.489,  0.068,  0.396,  0.198,  0.052,  0.322
 10620, -9999.000, -9999.000, -9999.000, -9999.000, -9999.000, -9999.000
 10680,  0.361,  0.004,  0.373,  0.178,  0.075,  0.170
 10740,  0.785,  0.108,  0.351,  0.168,  0.198,  0.556
 10800,  0.843,  0.106,  0.482,  0.204,  0.161,  0.622
 10860,  0.570,  0.057,  0.374,  0.165,  0.100,  0.474
 10920,  0.456,  0.007,  0.252,  0.088,  0.086,  0.287
 10980,  0.338,  0.021,  0.268,  0.105,  0.050,  0.095
 11040,  0.801,  0.083,  0.381,  0.114,  0.133,  0.321
 11100,  0.627,  0.026,  0.340,  0.118,  0.070,  0.383
 11160,  0.871,  0.178,  0.477,  0.163,  0.146,  0.510
 11220,  0.501, -0.009,  0.281,  0.096,  0.084,  0.234
 11280,  0.648,  0.001,  0.315,  0.067,  0.126,  0.119
 11340,  0.514,  0.041,  0.394,  0.117,  0.112,  0.184
 11400,  0.574,  0.015,  0.437,  0.067,  0.072,  0.227
 11460,  0.237, -0.036,  0.206,  0.097,  0.050,  0.136
 11520,  0.125, -0.058,  0.205,  0.085,  0.046, -0.062
 11580, -0.172, -0.028,  0.273,  0.058,  0.001, -0.107
 11640,  0.326, -0.030,  0.362,  0.061,  0.040,  0.019
 11700,  0.276,  0.019,  0.310,  0.088,  0.031,  0.016
 11760,  0.187, -0.054,  0.214,  0.071,  0.009, -0.027
 11820, -0.038, -0.047,  0.239,  0.051, -0.002, -0.105
 11880, -0.120, -0.078,  0.165,  0.085, -0.014, -0.089
 11940, -0.379, -0.087,  0.207,  0.075, -0.035, -0.147
 12000, -0.186, -0.082,  0.201,  0.082, -0.035, -0.126
 12060, -0.151, -0.068,  0.225,  0.072, -0.017, -0.142
 12120, -0.110, -0.093,  0.238,  0.038, -0.030, -0.143
 12180,  0.038, -0.024,  0.222,  0.070,  0.004, -0.056
 12240, -0.071, -0.098,  0.204,  0.085,  0.014, -0.033
 12300,  0.193,  0.021,  0.243,  0.100,  0.053,  0.003
 12360,  0.402, -0.013,  0.290,  0.091,  0.086,  0.101
 12420,  0.766,  0.003,  0.307,  0.159,  0.186,  0.235
 12480, -9999.000, -9999.000, -9999.000, -9999.000, -9999.000, -9999.000
 12540,  0.761, -0.043,  0.268,  0.089,  0.111,  0.113
 12600,  0.941,  0.022,  0.230,  0.128,  0.165,  0.274
 12660,  0.727,  0.006,  0.245,  0.101,  0.134,  0.357
 12720,  0.986,  0.127,  0.352,  0.125,  0.130,  0.306
 12780,  1.067,  0.174,  0.349,  0.126,  0.206,  0.500
 12840,  1.107,  0.146,  0.409,  0.141,  0.217,  0.440
 12900,  0.985,  0.191,  0.302,  0.105,  0.218,  0.322
 12960,  0.912,  0.117,  0.315,  0.111,  0.207,  0.461
 13020,  0.999,  0.154,  0.372,  0.147,  0.202,  0.445
 13080,  0.878,  0.077,  0.296,  0.109,  0.161,  0.351
 13140,  0.823,  0.171,  0.291,  0.140,  0.174,  0.212
 13200,  1.086,  0.114,  0.321,  0.123,  0.223,  0.426
 13260,  1.137,  0.206,  0.359,  0.113,  0.188,  0.392
 13320,  1.117,  0.078,  0.266,  0.119,  0.186,  0.404
 13380,  1.154,  0.089,  0.236,  0.112,  0.256,  0.413
 13440,  1.027,  0.134,  0.330,  0.080,  0.186,  0.406
 13500,  0.823,  0.088,  0.310,  0.083,  0.112,  0.359
 13560,  1.180,  0.089,  0.297,  0.146,  0.245,  0.712
 13620,  1.096,  0.073,  0.334,  0.095,  0.138,  0.656
 13680,  1.012,  0.128,  0.368,  0.100,  0.226,  0.759
 13740,  1.206,  0.174,  0.375,  0.089,  0.221,  0.891
 13800,  1.235,  0.098,  0.386,  0.105,  0.184,  0.920
 13860,  1.076,  0.112,  0.341,  0.106,  0.245,  0.932
 13920,  0.637,  0.045,  0.342,  0.102,  0.122,  0.370
 13980,  0.406,  0.042,  0.280,  0.071,  0.112,  0.296
 14040,  0.811,  0.149,  0.313,  0.074,  0.145,  0.748
 14100,  1.082,  0.142,  0.325,  0.092,  0.191,  0.686
 14160,  0.847,  0.061,  0.389,  0.073,  0.165,  0.674
 14220,  0.939,  0.074,  0.367,  0.071,  0.116,  0.884
 14280,  0.592,  0.153,  0.390,  0.072,  0.096,  0.808
 14340,  0.897,  0.112,  0.383,  0.073,  0.301,  0.618
 14400,  1.273,  0.191,  0.551,  0.134,  0.213,  1.448
 14460,  0.981,  0.112,  0.385,  0.109,  0.232,  1.168
 14520,  0.881,  0.131,  0.399,  0.138,  0.237,  1.015
 14580,  0.827,  0.119,  0.411,  0.124,  0.167,  0.806
 14640,  0.871,  0.143,  0.403,  0.112,  0.171,  1.096
 14700,  0.838,  0.144,  0.448,  0.139,  0.187,  1.087
 14760,  0.958,  0.083,  0.480,  0.116,  0.172,  1.156
 14820,  0.833,  0.118,  0.489,  0.162,  0.174,  1.201
 14880,  0.903,  0.128,  0.565,  0.116,  0.160,  1.452
 14940,  0.886,  0.102,  0.528,  0.177,  0.198,  1.683
 15000,  0.966,  0.203,  0.408,  0.145,  0.172,  1.592
 15060,  0.742,  0.059,  0.528,  0.131,  0.182,  1.272
 15120,  0.459,  0.045,  0.517,  0.104,  0.148,  0.788
 15180,  0.642,  0.022,  0.431,  0.159,  0.179,  1.048
 15240,  0.806,  0.170,  0.580,  0.094,  0.167,  1.334
 15300,  0.700,  0.128,  0.462,  0.157,  0.134,  1.050
 15360,  0.584,  0.112,  0.510,  0.152,  0.128,  1.034
 15420,  0.850,  0.129,  0.535,  0.116,  0.150,  1.271
 15480,  0.719,  0.157,  0.498,  0.141,  0.147,  0.954
 15540,  0.597,  0.058,  0.408,  0.196,  0.139,  1.016
 15600,  0.445,  0.027,  0.363,  0.088,  0.107,  0.727
 15660,  0.170,  0.081,  0.413,  0.067,  0.091,  0.470
 15720,  0.702,  0.049,  0.521,  0.117,  0.142,  0.909
 15780,  0.456, -0.011,  0.381,  0.099,  0.150,  0.741
 15840,  0.581,  0.052,  0.537,  0.091,  0.147,  1.076
 15900,  0.620,  0.060,  0.503,  0.100,  0.152,  0.872
 15960,  0.529,  0.050,  0.449,  0.070,  0.106,  0.967
 16020,  0.641,  0.027,  0.495,  0.066,  0.174,  1.236
 16080,  0.333, -9999.000,  0.377,  0.054,  0.062,  0.639
 16140,  0.643, -9999.000,  0.334,  0.183,  0.065,  1.815
 16200,  0.022, -9999.000,  0.380,  0.058,  0.050,  0.659
 16260,  0.443, -9999.000,  0.430,  0.035,  0.093,  1.045
 16320,  0.576, -9999.000,  0.395,  0.027,  0.102,  1.099
 16380,  0.702, -9999.000,  0.394,  0.059,  0.170,  1.016
 16440,  0.506, -9999.000,  0.385,  0.058,  0.099,  0.916
 16500,  0.478, -9999.000,  0.434,  0.067,  0.136,  0.843
 16560,  0.495, -9999.000,  0.363,  0.072,  0.152,  0.918
 16620,  0.422, -9999.000,  0.394,  0.079,  0.062,  0.862
 16680,  0.498, -9999.000,  0.293,  0.036,  0.156,  0.932
 16740,  0.555, -9999.000,  0.339,  0.054,  0.155,  1.140
 16800,  0.573, -9999.000,  0.416,  0.040,  0.112,  1.109
 16860,  0.541, -9999.000,  0.305,  0.080,  0.098,  0.967
 16920,  0.413, -9999.000,  0.298,  0.048,  0.154,  0.849
 16980,  0.091, -9999.000,  0.184,  0.019,  0.029,  0.554
 17040,  0.485, -9999.000,  0.360,  0.074,  0.077,  0.903
