CampaignData_and_Merges/R0/CSL_MobileLab_Parked/raw/20240804/USOS-Picarro-CO2-CH4-CO-H2O_MobileLabGround_20240804_R0.ict
38, 1001
Ilana Pollack, Nell Schafer, and Jeff Peischl
NOAA Chemical Sciences Laboratory
Picarro 2401-m CO2/CH4/CO/H2O Analyzer
USOS
1, 1
2024, 08, 04, 2024, 11, 20
0
StartTime_UTC, seconds_past_midnight, seconds past midnight
5
1, 1, 1, 1, 1
-9999, -9999, -9999, -9999, -9999
StopTime_UTC, seconds_past_midnight, seconds past midnight
CO2_ppm_1min, ppm, Gas_CO2_InSitu_S_DMF, carbon dioxide mixing ratio
CH4_ppb_1min, ppb, Gas_CH4_InSitu_S_DMF, methane mixing ratio
CO_ppb_1min, ppb, Gas_CO_InSitu_S_DMF, carbon monoxide mixing ratio
H2O_ppmv_1min, ppmv, Met_H2OMRV_InSitu_S_AVMR, water vapor mixing ratio
1
SPECIAL COMMENTS: N/A
18
PI_CONTACT_INFO: Address: NOAA Chemical Sciences Laboratory, Mail Stop CSL7, 325 Broadway, Boulder, CO 80305; Email: Ilana.Pollack@noaa.gov
PLATFORM: NOAA CSL Mobile Laboratory
LOCATION: The mobile lab was stationed in Salt Lake City, Utah.
ASSOCIATED_DATA: N/A
INSTRUMENT_INFO: CO2, CH4, and CO are reported as dry air mole fractions using a commercial wavelength-scanned cavity ring-down analyzer (Picarro 2401-m). An in-field calibration gas standard of 432±0.07 ppm CO2, 2095±1 ppb CH4, and 183±1 ppb CO, calibrated in the Boulder laboratories before and after the field project using primary CO2, CH4, and CO standard tanks tied to the WMO standard (X2019, X2004A, and X2014A, respectively) from the Global Monitoring Laboratory (GML), was delivered to the inlet every 2-3 days to evaluate instrument sensitivity. A H2O measurement was calibrated before the project with a Dew Point Mirror 373 hygrometer. The water correction calculated from these calibrations was applied to the H2O measurement for the entire campaign. Species are measured at 0.5 Hz and reported as 1-minute averages for stationary measurements.
DATA_INFO: Units: CO2, ppm, dry air mole fraction; CH4, ppb, dry air mole fraction; CO, ppb, dry air mole fraction; H2O, ppmv
UNCERTAINTY: Total uncertainties are estimated as ±0.1 ppm for CO2, ±1 ppb for CH4, ±5 ppb for CO, and ±(50 ppm + 4%) for H2O.
ULOD_FLAG: -7777
ULOD_VALUE: N/A
LLOD_FLAG: -8888
LLOD_VALUE: N/A
DM_CONTACT_INFO: Data Manager: Nathan Howard; nathan.h.howard@noaa.gov
PROJECT_INFO: USOS Dates of Study: July – August 2024
STIPULATIONS_ON_USE: Use of these data require prior ok from PI.
OTHER_COMMENTS: Data are averaged to 1 minute intervals. Stationary data collected from a 10 ft tower on top of the mobile van.
REVISION: R0
R0: Final Data
StartTime_UTC, StopTime_UTC, CO2_ppm_1min, CH4_ppb_1min, CO_ppb_1min, H2O_ppmv_1min
0,60,434.37,2028.0,199.4,14155.3711
60,120,435.37,2030.1,200.5,14521.9180
120,180,435.63,2028.4,201.1,14546.9590
180,240,436.42,2029.7,201.4,14697.0840
240,300,435.38,2028.4,201.2,14016.1523
300,360,435.69,2030.4,200.5,14075.8018
360,420,435.98,2031.6,199.6,13984.1758
420,480,435.84,2032.8,200.4,13797.0674
480,540,436.14,2034.9,202.1,13858.2012
540,600,435.89,2037.4,201.4,13780.1406
600,660,435.11,2041.4,201.5,13503.2715
660,720,435.13,2042.6,202.1,13554.5498
720,780,434.68,2039.7,196.3,13464.7119
780,840,435.12,2039.1,203.3,13493.8398
840,900,434.14,2038.7,196.9,13383.2666
900,960,433.87,2038.8,194.1,13403.4043
960,1020,433.44,2037.7,192.6,13369.2588
1020,1080,433.09,2037.3,191.0,13375.3252
1080,1140,433.14,2037.0,190.6,13468.7031
1140,1200,432.28,2036.9,191.5,13384.6084
1200,1260,432.34,2036.9,192.4,13485.2861
1260,1320,431.54,2035.5,191.3,13191.7666
1320,1380,431.54,2035.9,195.6,13176.4326
1380,1440,431.80,2039.4,194.6,13362.5908
1440,1500,431.92,2045.2,195.6,13430.6328
1500,1560,432.46,2046.5,197.1,13507.5264
1560,1620,432.42,2044.6,195.7,13528.4141
1620,1680,432.18,2044.9,196.4,13361.0303
1680,1740,432.56,2046.0,197.6,13371.7373
1740,1800,432.74,2042.8,198.5,13281.7012
1800,1860,433.27,2043.4,197.6,13370.6797
1860,1920,433.00,2044.3,199.5,13304.2500
1920,1980,433.12,2045.4,201.8,13239.4453
1980,2040,433.90,2046.7,203.3,13415.3730
2040,2100,432.94,2049.2,210.0,13319.0244
2100,2160,432.54,2044.7,208.6,13288.6152
2160,2220,431.01,2022.0,189.5,13121.8633
2220,2280,431.67,2020.6,188.0,13348.1533
2280,2340,431.03,2011.5,183.9,13283.3281
2340,2400,429.98,2001.0,169.9,13136.1191
2400,2460,429.31,1993.9,165.6,13017.2715
2460,2520,429.75,1993.5,163.9,12937.6357
2520,2580,430.88,1994.0,170.8,12998.0020
2580,2640,430.93,1990.7,168.1,13055.2539
2640,2700,430.76,1986.1,161.2,12982.8281
2700,2760,432.53,1991.3,177.2,13230.7500
2760,2820,431.96,1988.5,180.9,13137.4082
2820,2880,433.21,1988.6,194.8,13261.0195
2880,2940,431.12,1984.1,170.2,13075.1641
2940,3000,431.19,1982.9,171.0,13143.7900
3000,3060,431.30,1974.8,171.8,13304.7578
3060,3120,430.60,1968.9,171.2,13325.4883
3120,3180,431.79,1973.3,190.0,13518.2471
3180,3240,431.85,1967.2,195.1,13496.8906
3240,3300,431.54,1965.8,188.2,13570.3994
3300,3360,431.43,1964.1,183.2,13629.6953
3360,3420,431.41,1961.4,175.5,13644.5879
3420,3480,432.92,1959.6,187.2,13691.6074
3480,3540,432.50,1956.4,196.2,13466.7354
3540,3600,429.56,1954.9,161.0,13427.8730
3600,3660,430.52,1957.9,168.2,13554.3125
3660,3720,436.52,1961.0,193.1,13832.9268
3720,3780,436.47,1962.0,187.9,13843.1670
3780,3840,440.32,1965.3,377.2,14093.3311
3840,3900,434.73,1963.6,217.2,13858.0420
3900,3960,432.36,1962.2,175.6,13860.6611
3960,4020,432.73,1962.7,178.3,13871.9229
4020,4080,437.42,1965.8,190.5,14103.2061
4080,4140,436.28,1965.2,187.2,14071.0664
4140,4200,435.84,1966.7,194.2,14061.0762
4200,4260,440.23,1968.3,233.7,14181.4727
4260,4320,438.17,1968.5,189.4,14184.8184
4320,4380,436.28,1969.7,185.9,14051.6289
4380,4440,436.23,1972.0,182.9,14233.2832
4440,4500,437.78,1974.5,192.6,14220.4707
4500,4560,442.67,1973.9,204.1,14429.7666
4560,4620,438.51,1972.9,200.0,14301.3730
4620,4680,441.13,1973.3,213.6,14437.9160
4680,4740,440.95,1973.8,233.7,14503.3975
4740,4800,434.79,1972.0,228.0,14376.1230
4800,4860,434.91,1972.1,220.3,14465.7871
4860,4920,437.47,1972.9,196.1,14635.9180
4920,4980,441.18,1972.9,207.5,14659.1328
4980,5040,433.14,1965.9,172.7,14469.1406
5040,5100,434.23,1966.2,191.3,14604.7754
5100,5160,433.47,1965.7,191.0,14552.7588
5160,5220,433.77,1964.0,179.7,14669.2422
5220,5280,433.08,1963.2,174.4,14845.1230
5280,5340,432.42,1962.2,171.8,15220.5615
5340,5400,431.93,1960.8,167.3,15674.5000
5400,5460,429.78,1957.6,156.4,15746.8779
5460,5520,429.49,1956.9,155.2,15889.4512
5520,5580,430.00,1956.7,160.4,15954.7979
5580,5640,430.25,1956.5,164.5,16056.7041
5640,5700,432.64,1958.2,182.0,16568.0195
5700,5760,431.01,1958.7,165.2,16992.3711
5760,5820,432.05,1959.6,185.1,17598.0957
5820,5880,429.98,1959.0,158.2,17771.9863
5880,5940,430.61,1959.7,159.3,18177.0352
5940,6000,432.83,1960.8,169.6,18544.2070
6000,6060,433.10,1961.4,170.2,19134.5859
6060,6120,434.28,1962.0,175.1,19681.2578
6120,6180,434.17,1962.8,182.2,19939.8008
6180,6240,433.40,1963.9,172.2,20227.3613
6240,6300,432.58,1965.5,168.3,20168.4258
6300,6360,432.09,1966.9,165.2,20212.6445
6360,6420,432.20,1968.0,164.6,20373.4043
6420,6480,432.20,1968.6,162.2,19980.0098
6480,6540,432.89,1969.1,170.8,20277.5801
6540,6600,433.37,1968.4,166.0,19781.6348
6600,6660,437.60,1966.7,189.8,19587.9395
6660,6720,439.77,1966.6,189.3,19916.7578
6720,6780,441.17,1966.7,193.9,20047.6797
6780,6840,437.61,1966.4,191.2,19940.7578
6840,6900,438.12,1967.8,208.2,20226.2207
6900,6960,437.33,1968.8,194.0,20275.2500
6960,7020,441.63,1971.2,238.3,20182.2598
7020,7080,444.81,1970.9,247.9,19705.4785
7080,7140,437.34,1969.8,196.3,19185.8359
7140,7200,436.37,1973.7,182.8,18599.1211
7200,7260,435.91,1974.5,177.9,19362.7129
7260,7320,435.87,1974.5,178.8,19795.5332
7320,7380,434.85,1974.8,179.2,19348.4102
7380,7440,436.58,1974.9,177.6,19597.8047
7440,7500,438.34,1975.1,183.4,19917.9219
7500,7560,436.84,1979.6,179.6,19471.7168
7560,7620,437.41,1980.7,183.2,19754.3555
7620,7680,436.66,1980.5,178.4,20117.5957
7680,7740,433.39,1982.8,167.0,18884.0762
7740,7800,433.35,1984.3,166.6,18656.3770
7800,7860,433.48,1985.2,171.0,18705.2246
7860,7920,435.78,1986.3,181.8,19334.4824
7920,7980,435.02,1987.0,180.3,19207.1758
7980,8040,435.41,1987.8,174.8,19188.9297
8040,8100,433.97,1988.0,170.1,19127.2109
8100,8160,433.22,1988.3,173.0,18796.2871
8160,8220,434.81,1988.5,179.3,19072.0859
8220,8280,433.86,1986.5,171.2,18700.1738
8280,8340,432.43,1984.8,167.6,18759.5820
8340,8400,431.19,1984.3,167.5,18409.4082
8400,8460,433.50,1985.1,174.2,18732.5898
8460,8520,432.64,1983.8,175.1,18441.4570
8520,8580,429.81,1979.3,160.8,17716.0898
8580,8640,429.98,1977.3,163.5,17654.5098
8640,8700,430.48,1978.0,160.8,17732.3809
8700,8760,429.63,1976.2,158.7,17683.0078
8760,8820,432.55,1976.5,175.8,17863.7617
8820,8880,437.96,1977.7,208.4,18044.7832
8880,8940,430.46,1975.8,163.6,17663.1875
8940,9000,429.84,1975.9,169.4,17934.3867
9000,9060,428.56,1975.3,163.1,18070.2813
9060,9120,429.40,1975.6,158.3,18388.4316
9120,9180,428.83,1975.7,159.1,18392.6289
9180,9240,430.06,1976.0,162.9,18913.4219
9240,9300,429.57,1975.8,161.1,18930.5469
9300,9360,431.96,1976.1,180.7,19044.1953
9360,9420,431.65,1975.2,164.8,18984.4434
9420,9480,430.21,1974.2,161.9,18724.9805
9480,9540,429.81,1974.5,159.9,18718.7070
9540,9600,430.75,1974.8,159.5,18965.9961
9600,9660,429.06,1974.4,158.9,18566.3652
9660,9720,430.97,1974.2,160.1,19310.9063
9720,9780,431.31,1974.6,168.5,18826.8516
9780,9840,432.29,1975.0,178.2,19007.8145
9840,9900,434.04,1974.1,180.2,19140.4590
9900,9960,431.09,1972.2,170.2,18794.5410
9960,10020,429.36,1969.4,165.1,17998.1875
10020,10080,428.89,1968.3,154.6,17715.2285
10080,10140,428.43,1967.4,152.6,17487.3711
10140,10200,428.37,1966.1,150.7,17233.6387
10200,10260,429.66,1966.2,180.9,17305.6602
10260,10320,427.99,1964.1,223.9,16806.7773
10320,10380,428.63,1964.7,195.0,16947.0938
10380,10440,428.66,1964.4,161.7,16780.6523
10440,10500,428.48,1965.1,154.2,16675.7871
10500,10560,429.95,1965.0,151.8,16913.8984
10560,10620,429.85,1964.8,150.9,16857.1738
10620,10680,429.80,1963.9,151.8,16727.4414
10680,10740,428.57,1962.4,146.5,16445.9082
10740,10800,429.29,1962.9,150.1,16518.9531
10800,10860,429.68,1962.1,147.6,16466.8828
10860,10920,429.47,1961.5,148.3,16409.1777
10920,10980,430.89,1961.4,149.6,16471.7832
10980,11040,429.52,1960.9,146.8,16376.8340
11040,11100,427.67,1959.7,148.4,16129.1289
11100,11160,428.48,1960.0,151.0,16203.1885
11160,11220,430.25,1960.2,148.0,16374.0361
11220,11280,428.55,1959.2,144.4,16165.9561
11280,11340,427.92,1957.9,142.1,16134.1543
11340,11400,427.09,1956.7,138.7,16185.8291
11400,11460,427.58,1956.8,139.5,16296.9600
11460,11520,428.38,1956.1,141.8,16465.4043
11520,11580,427.30,1955.5,135.3,16374.9463
11580,11640,427.39,1955.4,137.4,16405.6211
11640,11700,427.60,1955.2,136.8,16420.1836
11700,11760,427.73,1955.8,143.5,16425.1133
11760,11820,428.04,1956.2,141.6,16341.8760
11820,11880,427.51,1956.0,146.9,16324.1201
11880,11940,428.38,1956.4,145.2,16469.7559
11940,12000,428.00,1956.0,145.1,16412.1270
12000,12060,427.91,1956.1,144.4,16437.2148
12060,12120,427.91,1955.6,142.8,16540.2363
12120,12180,427.83,1955.5,142.2,16494.4941
12180,12240,427.86,1955.8,144.8,16552.5137
12240,12300,428.22,1956.3,141.4,16620.6504
12300,12360,428.34,1956.5,140.7,16691.1777
12360,12420,429.89,1956.8,143.1,16854.3887
12420,12480,427.86,1956.6,137.7,16694.0273
12480,12540,428.93,1956.7,146.2,16772.4629
12540,12600,428.64,1956.1,140.5,16748.8340
12600,12660,428.12,1956.4,138.5,16803.3535
12660,12720,427.80,1956.0,139.4,16826.4766
12720,12780,428.22,1956.4,138.5,16883.9082
12780,12840,429.50,1956.5,142.1,17041.6914
12840,12900,428.23,1956.5,142.2,17112.6914
12900,12960,428.36,1956.5,141.9,17158.5430
12960,13020,428.77,1957.0,144.3,17212.3984
13020,13080,428.37,1956.8,142.2,17194.4805
13080,13140,429.26,1956.9,142.6,17271.9395
13140,13200,428.51,1956.7,140.7,17195.1680
13200,13260,429.38,1957.0,168.0,17272.0645
13260,13320,429.26,1956.4,152.4,17175.6719
13320,13380,428.86,1956.4,138.7,17218.2988
13380,13440,427.33,1955.3,137.1,17109.6445
13440,13500,427.85,1955.5,149.3,17254.7559
13500,13560,427.78,1955.9,138.4,17243.2383
13560,13620,428.84,1956.6,139.6,17489.2168
13620,13680,428.34,1956.9,139.1,17461.4570
13680,13740,429.20,1957.1,143.4,17621.7480
13740,13800,428.28,1956.3,137.9,17500.7949
13800,13860,429.34,1957.0,140.9,17700.5059
13860,13920,429.14,1956.2,166.2,17833.6328
13920,13980,428.86,1955.5,177.5,17838.5781
13980,14040,429.12,1955.9,200.3,17990.7695
14040,14100,429.58,1956.0,207.2,17726.3066
14100,14160,429.83,1956.2,165.8,18052.9160
14160,14220,430.87,1956.8,148.5,18262.8750
14220,14280,430.71,1958.0,143.4,17887.8809
14280,14340,432.23,1959.3,163.4,17935.3574
14340,14400,431.91,1959.5,153.6,17846.6484
14400,14460,430.64,1958.8,150.0,17647.7207
14460,14520,431.64,1959.1,154.9,17766.9121
14520,14580,432.12,1960.6,155.1,17781.3789
14580,14640,431.37,1960.0,148.7,17817.2031
14640,14700,431.35,1959.1,149.4,17828.1387
14700,14760,431.95,1959.3,150.9,17850.7871
14760,14820,431.01,1959.8,144.0,17734.8633
14820,14880,433.62,1962.8,148.2,17789.1699
14880,14940,433.25,1963.2,152.4,17829.5371
14940,15000,432.93,1962.7,154.1,17817.9785
15000,15060,430.54,1960.7,147.6,17673.1445
15060,15120,430.67,1960.5,149.8,17690.5449
15120,15180,431.04,1961.1,145.9,17813.4629
15180,15240,429.81,1960.9,145.2,17681.4570
15240,15300,430.63,1961.3,146.6,17751.7109
15300,15360,430.37,1961.2,152.0,17713.9258
15360,15420,432.44,1961.8,170.4,17896.6094
15420,15480,430.40,1961.2,153.5,17785.9609
15480,15540,431.19,1961.9,158.1,17961.8340
15540,15600,431.22,1960.7,158.6,17980.0098
15600,15660,430.55,1959.6,143.9,17954.4336
15660,15720,430.13,1959.2,143.7,18018.5039
15720,15780,431.03,1960.0,145.5,18151.7539
15780,15840,430.62,1959.9,140.2,18242.9023
15840,15900,430.57,1960.2,141.4,18387.2656
15900,15960,430.75,1959.3,177.6,18445.1133
15960,16020,432.50,1960.1,209.4,18763.5605
16020,16080,430.30,1958.1,139.6,18618.5625
16080,16140,430.25,1957.7,138.4,18708.9746
16140,16200,429.93,1957.0,136.3,18665.9766
16200,16260,429.81,1956.6,133.5,18708.0078
16260,16320,430.13,1956.1,135.1,18699.9551
16320,16380,429.77,1956.0,135.7,18622.8867
16380,16440,430.00,1955.7,139.4,18530.4375
16440,16500,430.64,1955.9,145.2,18540.5508
16500,16560,430.93,1956.1,145.3,18475.8359
16560,16620,430.38,1955.4,139.0,18471.4141
16620,16680,430.03,1955.4,135.9,18439.7520
16680,16740,429.79,1955.5,133.5,18383.0762
16740,16800,429.83,1955.4,132.7,18370.6445
16800,16860,430.59,1955.5,142.7,18391.7793
16860,16920,432.13,1955.7,157.2,18495.0215
16920,16980,430.18,1954.7,137.2,18365.8047
16980,17040,429.82,1954.9,133.9,18338.1523
17040,17100,429.62,1954.6,133.0,18309.2559
17100,17160,429.85,1954.9,173.4,18278.4629
17160,17220,430.12,1955.0,180.2,18272.1934
17220,17280,430.71,1954.9,139.1,18265.1426
17280,17340,429.73,1954.7,134.4,18186.2910
17340,17400,430.18,1955.1,134.2,18180.2676
17400,17460,429.74,1955.0,135.9,18058.7617
17460,17520,429.78,1954.7,142.4,18039.5059
17520,17580,430.16,1954.5,171.0,17994.7734
17580,17640,430.04,1954.4,144.0,18022.9531
17640,17700,431.05,1954.4,136.7,18039.6895
17700,17760,429.74,1953.6,135.0,17918.5898
17760,17820,429.62,1953.7,134.7,17924.5996
17820,17880,430.48,1953.6,133.3,18050.6016
17880,17940,430.25,1953.7,136.1,18018.9648
17940,18000,430.49,1953.8,133.7,18112.4688
18000,18060,430.00,1953.6,133.0,18133.3750
18060,18120,430.37,1953.8,133.2,18180.4121
18120,18180,429.97,1956.3,141.8,18066.9785
18180,18240,430.43,1955.2,137.5,18096.6230
18240,18300,430.34,1953.1,132.9,18082.6523
18300,18360,431.27,1953.4,135.7,18060.1836
18360,18420,430.83,1953.2,138.6,18026.7012
18420,18480,431.26,1953.3,138.7,18084.0781
18480,18540,431.23,1953.7,135.0,18122.6895
18540,18600,431.23,1953.6,135.3,18134.7988
18600,18660,431.34,1953.7,138.5,18117.2656
18660,18720,431.06,1953.5,137.7,18032.7773
18720,18780,431.98,1953.6,138.7,18117.7383
18780,18840,430.76,1953.4,135.7,17940.3828
18840,18900,432.65,1954.7,220.7,18014.5273
18900,18960,430.93,1954.0,170.3,17765.6758
18960,19020,430.25,1953.6,197.1,17631.8203
19020,19080,430.53,1953.6,196.0,17631.2754
19080,19140,429.98,1952.8,138.3,17532.2715
19140,19200,429.67,1952.7,135.7,17475.8672
19200,19260,430.85,1953.1,133.8,17566.0684
19260,19320,430.54,1952.9,133.9,17535.5215
19320,19380,429.44,1952.6,132.8,17399.9395
19380,19440,429.72,1952.5,132.8,17357.1250
19440,19500,430.15,1952.4,132.2,17418.1895
19500,19560,429.06,1952.0,131.6,17286.9199
19560,19620,429.15,1952.0,134.9,17279.7363
19620,19680,430.59,1952.6,134.8,17360.3730
19680,19740,429.97,1952.6,138.7,17306.8125
19740,19800,430.13,1952.4,132.3,17310.0762
19800,19860,430.32,1952.6,131.3,17290.1660
19860,19920,429.68,1952.4,133.0,17194.7266
19920,19980,431.42,1952.4,132.9,17222.3672
19980,20040,430.41,1952.0,132.9,17100.9199
20040,20100,430.32,1952.5,131.4,17053.7188
20100,20160,432.11,1953.1,134.6,17160.6172
20160,20220,430.93,1952.7,131.6,17056.7598
20220,20280,430.60,1952.3,131.2,17015.1563
20280,20340,430.72,1952.5,133.1,17030.8535
20340,20400,431.03,1952.6,149.2,17038.5039
20400,20460,430.52,1952.5,135.2,16952.4922
20460,20520,430.80,1952.4,134.1,16965.8652
20520,20580,431.09,1952.3,134.6,16950.7773
20580,20640,430.88,1952.6,132.0,16923.0547
20640,20700,430.81,1952.2,141.8,16892.8379
20700,20760,430.32,1952.2,133.2,16866.4277
20760,20820,430.52,1952.1,130.4,16834.3184
20820,20880,431.16,1952.3,133.2,16767.8613
20880,20940,431.53,1952.6,133.0,16828.2402
20940,21000,429.67,1952.1,129.5,16671.5469
21000,21060,429.87,1952.6,130.7,16698.8555
21060,21120,430.31,1954.0,133.9,16732.1270
21120,21180,431.79,1957.3,142.8,16908.0078
21180,21240,432.54,1958.4,147.6,17095.7168
21240,21300,432.82,1958.7,148.8,17177.2402
21300,21360,434.00,1957.4,147.7,17245.3555
21360,21420,433.74,1957.5,147.2,17363.8242
21420,21480,434.10,1958.5,153.6,17526.7832
21480,21540,434.36,1958.7,152.9,17587.0098
21540,21600,434.36,1958.4,154.3,17598.4863
21600,21660,434.15,1957.4,150.9,17586.7969
21660,21720,433.99,1957.5,148.5,17557.0879
21720,21780,435.07,1958.0,150.6,17595.3887
21780,21840,435.74,1959.4,150.4,17628.2617
21840,21900,435.63,1957.8,149.9,17614.0039
21900,21960,434.03,1956.3,146.4,17485.4785
21960,22020,435.54,1957.2,167.5,17569.9785
22020,22080,435.96,1957.0,168.7,17595.3555
22080,22140,436.99,1957.4,173.4,17547.7148
22140,22200,436.29,1957.1,173.3,17560.6953
22200,22260,434.16,1954.5,156.9,17360.0645
22260,22320,433.88,1954.5,141.0,17370.0254
22320,22380,434.89,1955.2,145.0,17311.3867
22380,22440,432.16,1952.4,139.3,17102.5527
22440,22500,433.66,1953.8,140.2,17225.8223
22500,22560,433.08,1952.3,137.4,17162.5156
22560,22620,432.73,1951.9,146.7,17191.7246
22620,22680,432.45,1951.4,150.9,17091.5898
22680,22740,432.47,1950.8,133.4,17124.1680
22740,22800,432.88,1951.4,134.3,17137.9707
