CampaignData_and_Merges/R0/CSL_MobileLab_Parked/raw/20240804/USOS-jNO2_MobileLabGround_20240804_R0.ict
52,1001
Waxman, E.; Rollins, A.; Zuraski, K.; Chace, W.
NOAA Chemical Sciences Laboratory
jNO2 filter radiometer on CSL Mobile Lab
AMMBEC / USOS
1, 1
2024,08,04, 2025,04,01
60
Time_Start, seconds, number_of_seconds_since_0000_UTC
20
1, 1, 1, 1, 1, 1, 1, 1, 1, 1, 1, 1, 1, 1, 1, 1, 1, 1, 1, 1
-9999, -9999, -9999, -9999, -9999, -9999, -9999, -9999, -9999, -9999, -9999, -9999, -9999, -9999, -9999, -9999, -9999, -9999, -9999, -9999
Time_Stop, seconds, number_of_seconds_since_0000_UTC
jNO2_meas, per second, photolysis rate of NO2 measured using a filter radiometer.
jBrCl, per second, photolysis rate of BrCl -> Br + Cl calculated in TUV for cloud-free sky with local AOD
jBr2, per second, photolysis rate of Br2 -> Br + Br calculated in TUV for cloud-free sky with local AOD
jCCl4, per second, photolysis rate of CCl4 -> Products calcualted in TUV for cloud-free sky with local AOD
jCH2Oa, per second, photolysis rate of CH2O -> H + HCO calculated in TUV for cloud-free sky with local AOD
jCH2Ob, per second, photolysis rate of CH2O -> H2 + CO calculated in TUV for cloud-free sky with local AOD
jClNO2, per second, photolysis rate of ClNO2 -> Cl + NO2 calculated in TUV for cloud-free sky with local AOD
jClOa, per second, photolysis rate of ClO -> Cl + O(1D) calculated in TUV for cloud-free sky with local AOD
jClOb, per second, photolysis rate of ClO -> Cl + O(3P) calculated in TUV for cloud-free sky with local AOD
jCl2, per second, photolysis rate of Cl2 -> Cl + Cl calculated in TUV for cloud-free sky with local AOD
jHNO2, per second, photolysis rate of HNO2 -> OH + NO calculated in TUV for cloud-free sky with local AOD
jHNO3, per second, photolysis rate of HNO3 -> OH + NO2 calculated in TUV for cloud-free sky with local AOD
jI2, per second, photolysis rate of I2 -> I + I calculated in TUV for cloud-free sky with local AOD
jNO2, per second, photolysis rate of NO2 -> NO + O(3P) calculated in TUV for cloud-free sky with local AOD
jNO3a, per second, photolysis rate of NO3 -> NO + O2 calculated in TUV for cloud-free sky with local AOD
jNO3b, per second, photolysis rate of NO3 -> NO2 + O(3P) calculated in TUV for cloud-free sky with local AOD
jN2O5, per second, photolysis rate of N2O5 -> NO3 + NO + O(3P) calculated in TUV for cloud-free sky with local AOD
jO3, per second, photolysis rate of O3 -> O2 + O(1D) calculated in TUV for cloud-free sky with local AOD
AOD_500nm, unitless, UTC daily mean AOD at 500 nm from an AERONET station located at 40.178 N, -112.452 E
0
18
PI_CONTACT_INFO: eleanor.waxman@noaa.gov
PLATFORM: CSL Mobile Lab, at ground site
LOCATION: Salt Lake City, UT
ASSOCIATED_DATA:
INSTRUMENT_INFO: jNO2 filter radiometer.  TUV calculations are for mobile van lat/lon/altitude assuming clear sky (cloud AOD = 0) and daily mean AOD.
DATA_INFO:
UNCERTAINTY: Data uncertainties are +/- 20%.  These come from uncertainties in radiometer angular response, radiometer thermal response, local interferences from clouds/aerosols/shadows etc.
ULOD_FLAG: -7777
ULOD_VALUE: N/A
LLOD_FLAG: -8888
LLOD_VALUE: N/A
DM_CONTACT_INFO: eleanor.waxman@noaa.gov
PROJECT_INFO: USOS Project, July - August 2024
STIPULATIONS_ON_USE: Users are strongly encouraged to contact the PI for proper data usage.
OTHER_COMMENTS: 
REVISION: R0
R0: final data
Time_Start, Time_Stop, jNO2_meas, jBrCl, jBr2, jCCl4, jCH2Oa, jCH2Ob, jClNO2, jClOa, jClOb, jCl2, jHNO2, jHNO3, jI2, jNO2, jNO3a, jNO3b, jN2O5, jO3, AOD_500nm
[from data line 1393]
   83580,   83640,0.0066085,0.008711,0.02718,4.505e-25,1.988e-05,3.333e-05,0.0003302,1.579e-25,1.987e-05,0.001712,0.001149,3.063e-07,0.09892,0.007177,0.01931,0.1537,2.83e-05,1.258e-05,0.084
   83640,   83700,0.0066205,0.008692,0.02713,4.402e-25,1.976e-05,3.318e-05,0.0003288,1.543e-25,1.967e-05,0.001706,0.001145,3.041e-07,0.0988,0.007156,0.01929,0.1535,2.816e-05,1.245e-05,0.084
   83700,   83760,0.0066254,0.008672,0.02708,4.297e-25,1.964e-05,3.303e-05,0.0003273,1.506e-25,1.946e-05,0.0017,0.001142,3.017e-07,0.09867,0.007135,0.01927,0.1533,2.802e-05,1.231e-05,0.084
   83760,   83820,0.0066003,0.008651,0.02703,4.195e-25,1.952e-05,3.287e-05,0.0003258,1.47e-25,1.925e-05,0.001694,0.001138,2.992e-07,0.09853,0.007112,0.01925,0.1532,2.788e-05,1.217e-05,0.084
   83820,   83880,0.006574,0.008632,0.02699,4.102e-25,1.94e-05,3.273e-05,0.0003244,1.437e-25,1.905e-05,0.001687,0.001134,2.97e-07,0.0984,0.007091,0.01923,0.153,2.775e-05,1.204e-05,0.084
   83880,   83940,0.0065773,0.00861,0.02693,4.006e-25,1.928e-05,3.257e-05,0.0003229,1.403e-25,1.884e-05,0.001681,0.00113,2.945e-07,0.09826,0.007069,0.01921,0.1528,2.76e-05,1.19e-05,0.084
   83940,   84000,0.0065883,0.008589,0.02688,3.913e-25,1.916e-05,3.241e-05,0.0003214,1.371e-25,1.863e-05,0.001674,0.001126,2.921e-07,0.09812,0.007046,0.01919,0.1526,2.746e-05,1.177e-05,0.084
   84000,   84060,0.0065752,0.008569,0.02684,3.829e-25,1.904e-05,3.226e-05,0.0003199,1.341e-25,1.843e-05,0.001668,0.001122,2.898e-07,0.09799,0.007025,0.01917,0.1524,2.732e-05,1.164e-05,0.084
   84060,   84120,0.0065621,0.008547,0.02678,3.741e-25,1.891e-05,3.21e-05,0.0003184,1.311e-25,1.822e-05,0.001661,0.001118,2.874e-07,0.09785,0.007001,0.01914,0.1522,2.718e-05,1.15e-05,0.084
   84120,   84180,0.0065548,0.008526,0.02673,3.657e-25,1.879e-05,3.194e-05,0.0003168,1.281e-25,1.801e-05,0.001655,0.001114,2.85e-07,0.0977,0.006978,0.01912,0.152,2.703e-05,1.136e-05,0.084
   84180,   84240,0.0065359,0.008505,0.02668,3.58e-25,1.867e-05,3.178e-05,0.0003154,1.254e-25,1.781e-05,0.001648,0.00111,2.827e-07,0.09756,0.006956,0.0191,0.1518,2.689e-05,1.123e-05,0.084
   84240,   84300,0.0065308,0.008483,0.02663,3.5e-25,1.854e-05,3.162e-05,0.0003138,1.226e-25,1.761e-05,0.001642,0.001106,2.802e-07,0.09741,0.006932,0.01907,0.1515,2.674e-05,1.11e-05,0.084
   84300,   84360,0.0064961,0.00846,0.02657,3.423e-25,1.842e-05,3.146e-05,0.0003122,1.2e-25,1.74e-05,0.001635,0.001102,2.778e-07,0.09726,0.006909,0.01905,0.1513,2.659e-05,1.096e-05,0.084
   84360,   84420,0.0064928,0.008439,0.02652,3.353e-25,1.83e-05,3.13e-05,0.0003108,1.175e-25,1.72e-05,0.001628,0.001098,2.755e-07,0.09712,0.006886,0.01903,0.1511,2.645e-05,1.083e-05,0.084
   84420,   84480,0.0064549,0.008416,0.02647,3.28e-25,1.817e-05,3.113e-05,0.0003092,1.15e-25,1.7e-05,0.001621,0.001094,2.731e-07,0.09697,0.006862,0.019,0.1509,2.63e-05,1.07e-05,0.084
   84480,   84540,0.0064315,0.008393,0.02641,3.21e-25,1.804e-05,3.097e-05,0.0003076,1.125e-25,1.679e-05,0.001614,0.001089,2.706e-07,0.09681,0.006837,0.01898,0.1507,2.615e-05,1.056e-05,0.084
   84540,   84600,0.0064022,0.008371,0.02636,3.145e-25,1.792e-05,3.081e-05,0.0003061,1.103e-25,1.66e-05,0.001608,0.001085,2.683e-07,0.09666,0.006814,0.01896,0.1505,2.601e-05,1.044e-05,0.084
   84600,   84660,0.0063775,0.008347,0.0263,3.079e-25,1.779e-05,3.064e-05,0.0003044,1.08e-25,1.64e-05,0.001601,0.001081,2.659e-07,0.09651,0.006789,0.01893,0.1502,2.586e-05,1.03e-05,0.084
   84660,   84720,0.0063745,0.008323,0.02624,3.014e-25,1.766e-05,3.047e-05,0.0003028,1.057e-25,1.619e-05,0.001593,0.001077,2.634e-07,0.09634,0.006764,0.0189,0.15,2.571e-05,1.017e-05,0.084
   84720,   84780,0.006357,0.008301,0.02619,2.955e-25,1.754e-05,3.031e-05,0.0003013,1.037e-25,1.6e-05,0.001587,0.001072,2.611e-07,0.09619,0.00674,0.01888,0.1498,2.556e-05,1.005e-05,0.084
   84780,   84840,0.006343,0.008277,0.02613,2.895e-25,1.741e-05,3.014e-05,0.0002996,1.016e-25,1.58e-05,0.00158,0.001068,2.587e-07,0.09603,0.006715,0.01885,0.1495,2.541e-05,9.915e-06,0.084
   84840,   84900,0.0063181,0.008252,0.02607,2.836e-25,1.728e-05,2.997e-05,0.000298,9.955e-26,1.56e-05,0.001572,0.001064,2.562e-07,0.09586,0.006689,0.01883,0.1493,2.525e-05,9.784e-06,0.084
   84900,   84960,0.0063024,0.008229,0.02601,2.781e-25,1.716e-05,2.98e-05,0.0002964,9.766e-26,1.541e-05,0.001565,0.001059,2.539e-07,0.0957,0.006665,0.0188,0.1491,2.511e-05,9.66e-06,0.084
   84960,   85020,0.0062866,0.008204,0.02595,2.725e-25,1.703e-05,2.963e-05,0.0002948,9.572e-26,1.521e-05,0.001558,0.001055,2.515e-07,0.09553,0.006639,0.01878,0.1488,2.495e-05,9.53e-06,0.084
   85020,   85080,0.0062703,0.008179,0.02589,2.671e-25,1.69e-05,2.945e-05,0.0002931,9.384e-26,1.501e-05,0.001551,0.00105,2.491e-07,0.09536,0.006612,0.01875,0.1486,2.48e-05,9.401e-06,0.084
   85080,   85140,0.0062513,0.008155,0.02583,2.621e-25,1.677e-05,2.929e-05,0.0002915,9.211e-26,1.482e-05,0.001543,0.001046,2.468e-07,0.0952,0.006587,0.01872,0.1483,2.465e-05,9.28e-06,0.084
   85140,   85200,0.0062199,0.00813,0.02577,2.569e-25,1.664e-05,2.911e-05,0.0002898,9.032e-26,1.462e-05,0.001536,0.001041,2.443e-07,0.09502,0.006561,0.01869,0.1481,2.449e-05,9.151e-06,0.084
   85200,   85260,0.0061708,0.008104,0.0257,2.519e-25,1.651e-05,2.893e-05,0.0002881,8.859e-26,1.443e-05,0.001528,0.001036,2.419e-07,0.09484,0.006534,0.01867,0.1478,2.433e-05,9.024e-06,0.084
   85260,   85320,0.0061455,0.008079,0.02564,2.472e-25,1.638e-05,2.876e-05,0.0002865,8.699e-26,1.424e-05,0.001521,0.001032,2.396e-07,0.09467,0.006508,0.01864,0.1476,2.418e-05,8.904e-06,0.084
   85320,   85380,0.006139,0.008053,0.02558,2.424e-25,1.625e-05,2.858e-05,0.0002848,8.534e-26,1.405e-05,0.001514,0.001027,2.371e-07,0.09449,0.006481,0.01861,0.1473,2.402e-05,8.778e-06,0.084
   85380,   85440,0.0061227,0.008026,0.02551,2.378e-25,1.612e-05,2.84e-05,0.0002831,8.374e-26,1.385e-05,0.001506,0.001022,2.347e-07,0.09431,0.006453,0.01858,0.147,2.386e-05,8.652e-06,0.084
   85440,   85500,0.0060669,0.008001,0.02545,2.335e-25,1.599e-05,2.823e-05,0.0002814,8.226e-26,1.367e-05,0.001499,0.001018,2.324e-07,0.09413,0.006427,0.01855,0.1468,2.371e-05,8.534e-06,0.084
   85500,   85560,0.0060457,0.007974,0.02538,2.291e-25,1.586e-05,2.805e-05,0.0002797,8.074e-26,1.348e-05,0.001491,0.001013,2.3e-07,0.09394,0.006399,0.01852,0.1465,2.355e-05,8.41e-06,0.084
   85560,   85620,0.006048,0.007947,0.02532,2.248e-25,1.572e-05,2.786e-05,0.0002779,7.925e-26,1.329e-05,0.001483,0.001008,2.276e-07,0.09375,0.006371,0.01849,0.1462,2.339e-05,8.286e-06,0.084
   85620,   85680,0.0060482,0.007921,0.02525,2.208e-25,1.559e-05,2.769e-05,0.0002763,7.789e-26,1.311e-05,0.001475,0.001003,2.253e-07,0.09357,0.006344,0.01846,0.146,2.324e-05,8.17e-06,0.084
   85680,   85740,0.0060104,0.007893,0.02518,2.167e-25,1.546e-05,2.75e-05,0.0002745,7.648e-26,1.292e-05,0.001467,0.0009984,2.229e-07,0.09337,0.006315,0.01843,0.1457,2.307e-05,8.048e-06,0.084
   85740,   85800,0.0059806,0.007865,0.02511,2.127e-25,1.532e-05,2.732e-05,0.0002727,7.51e-26,1.273e-05,0.001459,0.0009933,2.204e-07,0.09318,0.006286,0.0184,0.1454,2.291e-05,7.927e-06,0.084
   85800,   85860,0.0059587,0.007838,0.02505,2.091e-25,1.52e-05,2.714e-05,0.000271,7.383e-26,1.255e-05,0.001452,0.0009886,2.182e-07,0.09299,0.006259,0.01837,0.1451,2.275e-05,7.813e-06,0.084
   85860,   85920,0.0059306,0.00781,0.02498,2.053e-25,1.506e-05,2.695e-05,0.0002692,7.252e-26,1.237e-05,0.001444,0.0009835,2.157e-07,0.09279,0.006229,0.01834,0.1448,2.259e-05,7.693e-06,0.084
   85920,   85980,0.0058971,0.007781,0.0249,2.015e-25,1.492e-05,2.676e-05,0.0002674,7.124e-26,1.218e-05,0.001435,0.0009783,2.133e-07,0.09258,0.0062,0.0183,0.1445,2.242e-05,7.574e-06,0.084
   85980,   86040,0.0058652,0.007753,0.02483,1.981e-25,1.48e-05,2.658e-05,0.0002657,7.006e-26,1.201e-05,0.001428,0.0009735,2.111e-07,0.09239,0.006172,0.01827,0.1443,2.227e-05,7.462e-06,0.084
   86040,   86100,0.005838,0.007724,0.02476,1.946e-25,1.466e-05,2.639e-05,0.0002639,6.884e-26,1.182e-05,0.001419,0.0009683,2.086e-07,0.09218,0.006141,0.01824,0.1439,2.21e-05,7.344e-06,0.084
   86100,   86160,0.005796,0.007694,0.02469,1.911e-25,1.452e-05,2.62e-05,0.0002621,6.765e-26,1.164e-05,0.001411,0.000963,2.062e-07,0.09197,0.006111,0.0182,0.1436,2.193e-05,7.228e-06,0.084
   86160,   86220,0.0057726,0.007666,0.02462,1.879e-25,1.439e-05,2.602e-05,0.0002603,6.655e-26,1.147e-05,0.001403,0.0009581,2.04e-07,0.09176,0.006082,0.01817,0.1433,2.178e-05,7.118e-06,0.084
   86220,   86280,0.0057491,0.007636,0.02454,1.846e-25,1.426e-05,2.583e-05,0.0002585,6.541e-26,1.129e-05,0.001395,0.0009527,2.016e-07,0.09155,0.006052,0.01814,0.143,2.161e-05,7.003e-06,0.084
   86280,   86340,0.0057352,0.007605,0.02446,1.814e-25,1.412e-05,2.563e-05,0.0002566,6.43e-26,1.111e-05,0.001386,0.0009474,1.992e-07,0.09133,0.00602,0.0181,0.1427,2.144e-05,6.888e-06,0.084
   86340,   86400,0.0057096,0.007576,0.02439,1.784e-25,1.399e-05,2.545e-05,0.0002549,6.327e-26,1.094e-05,0.001378,0.0009423,1.97e-07,0.09112,0.005991,0.01807,0.1424,2.128e-05,6.781e-06,0.084
