CampaignData_and_Merges/R0/CSL_MobileLab_Parked/raw/20240804/USOS-jNO2_MobileLabGround_20240804_R0.ict
52,1001
Waxman, E.; Rollins, A.; Zuraski, K.; Chace, W.
NOAA Chemical Sciences Laboratory
jNO2 filter radiometer on CSL Mobile Lab
AMMBEC / USOS
1, 1
2024,08,04, 2025,04,01
60
Time_Start, seconds, number_of_seconds_since_0000_UTC
20
1, 1, 1, 1, 1, 1, 1, 1, 1, 1, 1, 1, 1, 1, 1, 1, 1, 1, 1, 1
-9999, -9999, -9999, -9999, -9999, -9999, -9999, -9999, -9999, -9999, -9999, -9999, -9999, -9999, -9999, -9999, -9999, -9999, -9999, -9999
Time_Stop, seconds, number_of_seconds_since_0000_UTC
jNO2_meas, per second, photolysis rate of NO2 measured using a filter radiometer.
jBrCl, per second, photolysis rate of BrCl -> Br + Cl calculated in TUV for cloud-free sky with local AOD
jBr2, per second, photolysis rate of Br2 -> Br + Br calculated in TUV for cloud-free sky with local AOD
jCCl4, per second, photolysis rate of CCl4 -> Products calcualted in TUV for cloud-free sky with local AOD
jCH2Oa, per second, photolysis rate of CH2O -> H + HCO calculated in TUV for cloud-free sky with local AOD
jCH2Ob, per second, photolysis rate of CH2O -> H2 + CO calculated in TUV for cloud-free sky with local AOD
jClNO2, per second, photolysis rate of ClNO2 -> Cl + NO2 calculated in TUV for cloud-free sky with local AOD
jClOa, per second, photolysis rate of ClO -> Cl + O(1D) calculated in TUV for cloud-free sky with local AOD
jClOb, per second, photolysis rate of ClO -> Cl + O(3P) calculated in TUV for cloud-free sky with local AOD
jCl2, per second, photolysis rate of Cl2 -> Cl + Cl calculated in TUV for cloud-free sky with local AOD
jHNO2, per second, photolysis rate of HNO2 -> OH + NO calculated in TUV for cloud-free sky with local AOD
jHNO3, per second, photolysis rate of HNO3 -> OH + NO2 calculated in TUV for cloud-free sky with local AOD
jI2, per second, photolysis rate of I2 -> I + I calculated in TUV for cloud-free sky with local AOD
jNO2, per second, photolysis rate of NO2 -> NO + O(3P) calculated in TUV for cloud-free sky with local AOD
jNO3a, per second, photolysis rate of NO3 -> NO + O2 calculated in TUV for cloud-free sky with local AOD
jNO3b, per second, photolysis rate of NO3 -> NO2 + O(3P) calculated in TUV for cloud-free sky with local AOD
jN2O5, per second, photolysis rate of N2O5 -> NO3 + NO + O(3P) calculated in TUV for cloud-free sky with local AOD
jO3, per second, photolysis rate of O3 -> O2 + O(1D) calculated in TUV for cloud-free sky with local AOD
AOD_500nm, unitless, UTC daily mean AOD at 500 nm from an AERONET station located at 40.178 N, -112.452 E
0
18
PI_CONTACT_INFO: eleanor.waxman@noaa.gov
PLATFORM: CSL Mobile Lab, at ground site
LOCATION: Salt Lake City, UT
ASSOCIATED_DATA:
INSTRUMENT_INFO: jNO2 filter radiometer.  TUV calculations are for mobile van lat/lon/altitude assuming clear sky (cloud AOD = 0) and daily mean AOD.
DATA_INFO:
UNCERTAINTY: Data uncertainties are +/- 20%.  These come from uncertainties in radiometer angular response, radiometer thermal response, local interferences from clouds/aerosols/shadows etc.
ULOD_FLAG: -7777
ULOD_VALUE: N/A
LLOD_FLAG: -8888
LLOD_VALUE: N/A
DM_CONTACT_INFO: eleanor.waxman@noaa.gov
PROJECT_INFO: USOS Project, July - August 2024
STIPULATIONS_ON_USE: Users are strongly encouraged to contact the PI for proper data usage.
OTHER_COMMENTS: 
REVISION: R0
R0: final data
Time_Start, Time_Stop, jNO2_meas, jBrCl, jBr2, jCCl4, jCH2Oa, jCH2Ob, jClNO2, jClOa, jClOb, jCl2, jHNO2, jHNO3, jI2, jNO2, jNO3a, jNO3b, jN2O5, jO3, AOD_500nm
[from data line 967]
   58020,   58080,0.0069755,0.009075,0.02803,7.676e-25,2.218e-05,3.619e-05,0.0003576,2.73e-25,2.414e-05,0.001829,0.001219,3.534e-07,0.1012,0.007572,0.01968,0.1571,3.095e-05,1.541e-05,0.084
   58080,   58140,0.0069804,0.00909,0.02807,7.892e-25,2.229e-05,3.631e-05,0.0003588,2.81e-25,2.434e-05,0.001834,0.001222,3.556e-07,0.1013,0.007589,0.01969,0.1572,3.106e-05,1.555e-05,0.084
   58140,   58200,0.0069794,0.009107,0.02811,8.131e-25,2.24e-05,3.645e-05,0.0003601,2.899e-25,2.456e-05,0.001839,0.001225,3.579e-07,0.1015,0.007607,0.01971,0.1574,3.119e-05,1.569e-05,0.084
   58200,   58260,0.0070191,0.009123,0.02815,8.379e-25,2.251e-05,3.658e-05,0.0003614,2.992e-25,2.478e-05,0.001844,0.001228,3.602e-07,0.1016,0.007625,0.01972,0.1575,3.132e-05,1.584e-05,0.084
   58260,   58320,0.0070691,0.009138,0.02818,8.621e-25,2.261e-05,3.671e-05,0.0003626,3.083e-25,2.498e-05,0.001849,0.001231,3.624e-07,0.1016,0.007642,0.01974,0.1576,3.143e-05,1.597e-05,0.084
   58320,   58380,0.0070771,0.009154,0.02822,8.889e-25,2.272e-05,3.684e-05,0.0003638,3.184e-25,2.52e-05,0.001855,0.001234,3.647e-07,0.1017,0.007659,0.01975,0.1578,3.156e-05,1.612e-05,0.084
   58380,   58440,0.0071054,0.00917,0.02825,9.168e-25,2.283e-05,3.697e-05,0.0003651,3.289e-25,2.541e-05,0.00186,0.001237,3.669e-07,0.1018,0.007677,0.01977,0.1579,3.168e-05,1.626e-05,0.084
   58440,   58500,0.0071359,0.009184,0.02829,9.441e-25,2.293e-05,3.709e-05,0.0003663,3.392e-25,2.562e-05,0.001865,0.00124,3.691e-07,0.1019,0.007693,0.01978,0.158,3.179e-05,1.64e-05,0.084
   58500,   58560,0.0071875,0.0092,0.02832,9.743e-25,2.304e-05,3.722e-05,0.0003675,3.507e-25,2.584e-05,0.00187,0.001243,3.714e-07,0.102,0.00771,0.0198,0.1582,3.191e-05,1.654e-05,0.084
   58560,   58620,0.0071475,0.009215,0.02836,1.006e-24,2.314e-05,3.734e-05,0.0003687,3.626e-25,2.605e-05,0.001875,0.001246,3.736e-07,0.1021,0.007727,0.01981,0.1583,3.203e-05,1.669e-05,0.084
   58620,   58680,0.0073053,0.00923,0.02839,1.036e-24,2.324e-05,3.746e-05,0.0003699,3.744e-25,2.625e-05,0.00188,0.001249,3.758e-07,0.1022,0.007743,0.01983,0.1584,3.215e-05,1.682e-05,0.084
   58680,   58740,0.0073816,0.009245,0.02843,1.07e-24,2.335e-05,3.759e-05,0.0003711,3.874e-25,2.647e-05,0.001885,0.001252,3.78e-07,0.1023,0.00776,0.01984,0.1586,3.227e-05,1.697e-05,0.084
   58740,   58800,0.0074761,0.009259,0.02846,1.106e-24,2.345e-05,3.772e-05,0.0003723,4.011e-25,2.669e-05,0.00189,0.001255,3.803e-07,0.1024,0.007776,0.01986,0.1587,3.239e-05,1.711e-05,0.084
   58800,   58860,0.0075299,0.009273,0.02849,1.141e-24,2.355e-05,3.783e-05,0.0003734,4.145e-25,2.689e-05,0.001894,0.001258,3.824e-07,0.1025,0.007792,0.01987,0.1588,3.25e-05,1.725e-05,0.084
   58860,   58920,0.0076315,0.009288,0.02853,1.179e-24,2.365e-05,3.796e-05,0.0003746,4.295e-25,2.711e-05,0.001899,0.001261,3.847e-07,0.1026,0.007808,0.01988,0.159,3.261e-05,1.739e-05,0.084
   58920,   58980,0.0076637,0.009302,0.02856,1.219e-24,2.376e-05,3.808e-05,0.0003758,4.451e-25,2.732e-05,0.001904,0.001264,3.869e-07,0.1027,0.007824,0.0199,0.1591,3.273e-05,1.754e-05,0.084
   58980,   59040,0.0077751,0.009316,0.02859,1.259e-24,2.385e-05,3.819e-05,0.0003769,4.605e-25,2.752e-05,0.001909,0.001266,3.89e-07,0.1027,0.007839,0.01991,0.1592,3.284e-05,1.767e-05,0.084
   59040,   59100,0.0079293,0.00933,0.02862,1.303e-24,2.396e-05,3.831e-05,0.000378,4.776e-25,2.774e-05,0.001913,0.001269,3.912e-07,0.1028,0.007855,0.01992,0.1593,3.295e-05,1.782e-05,0.084
   59100,   59160,0.0080499,0.009344,0.02866,1.348e-24,2.406e-05,3.843e-05,0.0003792,4.956e-25,2.795e-05,0.001918,0.001272,3.934e-07,0.1029,0.00787,0.01994,0.1595,3.307e-05,1.796e-05,0.084
   59160,   59220,0.0081366,0.009357,0.02869,1.393e-24,2.415e-05,3.854e-05,0.0003803,5.133e-25,2.816e-05,0.001923,0.001275,3.955e-07,0.103,0.007885,0.01995,0.1596,3.318e-05,1.81e-05,0.084
   59220,   59280,0.0080217,0.009371,0.02872,1.443e-24,2.425e-05,3.866e-05,0.0003814,5.331e-25,2.837e-05,0.001927,0.001277,3.977e-07,0.1031,0.0079,0.01996,0.1597,3.329e-05,1.824e-05,0.084
   59280,   59340,0.0075254,0.009385,0.02875,1.495e-24,2.435e-05,3.878e-05,0.0003826,5.537e-25,2.858e-05,0.001932,0.00128,3.999e-07,0.1032,0.007916,0.01997,0.1598,3.34e-05,1.838e-05,0.084
   59340,   59400,0.0083113,0.009397,0.02878,1.547e-24,2.445e-05,3.889e-05,0.0003836,5.742e-25,2.878e-05,0.001936,0.001283,4.019e-07,0.1032,0.00793,0.01999,0.1599,3.351e-05,1.852e-05,0.084
   59400,   59460,0.0082269,0.009411,0.02881,1.604e-24,2.454e-05,3.901e-05,0.0003847,5.97e-25,2.9e-05,0.001941,0.001285,4.041e-07,0.1033,0.007945,0.02,0.16,3.362e-05,1.866e-05,0.084
   59460,   59520,0.0064244,0.009424,0.02884,1.663e-24,2.464e-05,3.912e-05,0.0003858,6.21e-25,2.921e-05,0.001945,0.001288,4.063e-07,0.1034,0.00796,0.02001,0.1601,3.373e-05,1.881e-05,0.084
   59520,   59580,0.0065566,0.009436,0.02887,1.722e-24,2.473e-05,3.923e-05,0.0003869,6.447e-25,2.941e-05,0.00195,0.00129,4.083e-07,0.1035,0.007974,0.02002,0.1602,3.383e-05,1.894e-05,0.084
   59580,   59640,0.0052305,0.009449,0.0289,1.787e-24,2.483e-05,3.934e-05,0.000388,6.711e-25,2.962e-05,0.001954,0.001293,4.104e-07,0.1036,0.007988,0.02003,0.1604,3.394e-05,1.908e-05,0.084
   59640,   59700,0.0053111,0.009462,0.02893,1.856e-24,2.493e-05,3.945e-05,0.000389,6.99e-25,2.984e-05,0.001958,0.001296,4.126e-07,0.1036,0.008003,0.02005,0.1605,3.405e-05,1.923e-05,0.084
   59700,   59760,0.0084046,0.009474,0.02895,1.923e-24,2.502e-05,3.956e-05,0.0003901,7.266e-25,3.003e-05,0.001963,0.001298,4.146e-07,0.1037,0.008016,0.02006,0.1606,3.415e-05,1.936e-05,0.084
   59760,   59820,0.0077577,0.009487,0.02898,1.999e-24,2.511e-05,3.967e-05,0.0003911,7.574e-25,3.025e-05,0.001967,0.0013,4.167e-07,0.1038,0.00803,0.02007,0.1607,3.426e-05,1.95e-05,0.084
   59820,   59880,0.0086075,0.009499,0.02901,2.078e-24,2.521e-05,3.978e-05,0.0003922,7.899e-25,3.046e-05,0.001971,0.001303,4.188e-07,0.1039,0.008044,0.02008,0.1608,3.436e-05,1.964e-05,0.084
   59880,   59940,0.0074368,0.009511,0.02904,2.156e-24,2.53e-05,3.988e-05,0.0003932,8.221e-25,3.066e-05,0.001975,0.001305,4.208e-07,0.1039,0.008057,0.02009,0.1609,3.446e-05,1.978e-05,0.084
   59940,   60000,0.0079663,0.009523,0.02906,2.242e-24,2.539e-05,3.999e-05,0.0003942,8.581e-25,3.086e-05,0.00198,0.001308,4.229e-07,0.104,0.008071,0.0201,0.161,3.457e-05,1.992e-05,0.084
   60000,   60060,0.0074167,0.009535,0.02909,2.334e-24,2.548e-05,4.01e-05,0.0003953,8.961e-25,3.107e-05,0.001984,0.00131,4.25e-07,0.1041,0.008085,0.02011,0.1611,3.467e-05,2.006e-05,0.084
   60060,   60120,0.0069179,0.009546,0.02912,2.424e-24,2.557e-05,4.02e-05,0.0003962,9.339e-25,3.127e-05,0.001988,0.001313,4.27e-07,0.1041,0.008098,0.02012,0.1612,3.477e-05,2.019e-05,0.084
   60120,   60180,0.0081768,0.009558,0.02914,2.525e-24,2.566e-05,4.03e-05,0.0003973,9.762e-25,3.148e-05,0.001992,0.001315,4.29e-07,0.1042,0.008111,0.02013,0.1613,3.487e-05,2.033e-05,0.084
   60180,   60240,0.0072811,0.00957,0.02917,2.631e-24,2.575e-05,4.041e-05,0.0003983,1.021e-24,3.169e-05,0.001996,0.001317,4.311e-07,0.1043,0.008124,0.02014,0.1614,3.497e-05,2.047e-05,0.084
   60240,   60300,0.007164,0.009581,0.0292,2.737e-24,2.584e-05,4.051e-05,0.0003992,1.065e-24,3.188e-05,0.002,0.00132,4.331e-07,0.1043,0.008137,0.02015,0.1615,3.507e-05,2.061e-05,0.084
   60300,   60360,0.0043483,0.009592,0.02922,2.853e-24,2.593e-05,4.061e-05,0.0004002,1.115e-24,3.209e-05,0.002004,0.001322,4.351e-07,0.1044,0.00815,0.02016,0.1616,3.517e-05,2.074e-05,0.084
   60360,   60420,0.0042896,0.009604,0.02925,2.977e-24,2.602e-05,4.071e-05,0.0004012,1.168e-24,3.23e-05,0.002008,0.001324,4.371e-07,0.1045,0.008163,0.02017,0.1617,3.527e-05,2.088e-05,0.084
   60420,   60480,0.0043406,0.009614,0.02927,3.1e-24,2.61e-05,4.081e-05,0.0004021,1.22e-24,3.249e-05,0.002011,0.001326,4.39e-07,0.1045,0.008175,0.02018,0.1618,3.536e-05,2.102e-05,0.084
   60480,   60540,0.0063197,0.009625,0.0293,3.238e-24,2.619e-05,4.091e-05,0.0004031,1.279e-24,3.27e-05,0.002015,0.001329,4.411e-07,0.1046,0.008188,0.02019,0.1618,3.546e-05,2.115e-05,0.084
   60540,   60600,0.0079194,0.009636,0.02932,3.383e-24,2.628e-05,4.101e-05,0.0004041,1.342e-24,3.29e-05,0.002019,0.001331,4.431e-07,0.1047,0.0082,0.0202,0.1619,3.556e-05,2.129e-05,0.084
   60600,   60660,0.00849,0.009647,0.02934,3.527e-24,2.636e-05,4.11e-05,0.000405,1.404e-24,3.309e-05,0.002023,0.001333,4.45e-07,0.1047,0.008212,0.02021,0.162,3.565e-05,2.142e-05,0.084
   60660,   60720,0.0090708,0.009658,0.02937,3.688e-24,2.645e-05,4.12e-05,0.0004059,1.474e-24,3.328e-05,0.002027,0.001335,4.469e-07,0.1048,0.008224,0.02022,0.1621,3.574e-05,2.155e-05,0.084
   60720,   60780,0.0090494,0.009664,0.02938,3.815e-24,2.651e-05,4.127e-05,0.0004066,1.53e-24,3.345e-05,0.002029,0.001337,4.484e-07,0.1048,0.008232,0.02023,0.1622,3.581e-05,2.167e-05,0.084
   60780,   60840,0.0091165,0.009674,0.02941,3.982e-24,2.659e-05,4.136e-05,0.0004075,1.603e-24,3.364e-05,0.002033,0.001339,4.503e-07,0.1049,0.008243,0.02024,0.1622,3.59e-05,2.179e-05,0.084
   60840,   60900,0.0084333,0.009685,0.02943,4.169e-24,2.668e-05,4.145e-05,0.0004084,1.685e-24,3.384e-05,0.002037,0.001341,4.522e-07,0.1049,0.008255,0.02025,0.1623,3.6e-05,2.193e-05,0.084
   60900,   60960,0.005375,0.009695,0.02945,4.366e-24,2.676e-05,4.155e-05,0.0004093,1.772e-24,3.404e-05,0.00204,0.001343,4.542e-07,0.105,0.008267,0.02025,0.1624,3.609e-05,2.207e-05,0.084
   60960,   61020,0.0067536,0.009705,0.02947,4.562e-24,2.684e-05,4.164e-05,0.0004102,1.858e-24,3.423e-05,0.002044,0.001345,4.56e-07,0.1051,0.008278,0.02026,0.1625,3.618e-05,2.219e-05,0.084
   61020,   61080,0.0079721,0.009715,0.0295,4.783e-24,2.692e-05,4.173e-05,0.0004111,1.955e-24,3.443e-05,0.002047,0.001347,4.579e-07,0.1051,0.00829,0.02027,0.1626,3.627e-05,2.233e-05,0.084
   61080,   61140,0.0065558,0.009725,0.02952,5.016e-24,2.7e-05,4.183e-05,0.000412,2.059e-24,3.463e-05,0.002051,0.001349,4.598e-07,0.1052,0.008301,0.02028,0.1627,3.636e-05,2.246e-05,0.084
   61140,   61200,0.0073718,0.009734,0.02954,5.249e-24,2.708e-05,4.191e-05,0.0004129,2.162e-24,3.481e-05,0.002054,0.001351,4.616e-07,0.1052,0.008312,0.02029,0.1627,3.645e-05,2.259e-05,0.084
   61200,   61260,0.0068321,0.009744,0.02956,5.51e-24,2.716e-05,4.2e-05,0.0004137,2.278e-24,3.501e-05,0.002058,0.001353,4.635e-07,0.1053,0.008324,0.0203,0.1628,3.654e-05,2.272e-05,0.084
   61260,   61320,0.0052721,0.009754,0.02958,5.785e-24,2.724e-05,4.209e-05,0.0004146,2.402e-24,3.52e-05,0.002061,0.001355,4.654e-07,0.1053,0.008335,0.02031,0.1629,3.663e-05,2.285e-05,0.084
   61320,   61380,0.0070684,0.009763,0.0296,6.06e-24,2.732e-05,4.218e-05,0.0004154,2.525e-24,3.539e-05,0.002065,0.001357,4.672e-07,0.1054,0.008345,0.02031,0.163,3.671e-05,2.298e-05,0.084
   61380,   61440,0.0082324,0.009772,0.02962,6.369e-24,2.74e-05,4.227e-05,0.0004163,2.664e-24,3.558e-05,0.002068,0.001359,4.69e-07,0.1054,0.008356,0.02032,0.163,3.68e-05,2.311e-05,0.084
   61440,   61500,0.0059701,0.009782,0.02964,6.697e-24,2.748e-05,4.236e-05,0.0004172,2.811e-24,3.578e-05,0.002071,0.001361,4.709e-07,0.1055,0.008367,0.02033,0.1631,3.688e-05,2.324e-05,0.084
   61500,   61560,0.0046013,0.009791,0.02966,7.023e-24,2.755e-05,4.244e-05,0.000418,2.959e-24,3.596e-05,0.002075,0.001363,4.726e-07,0.1055,0.008377,0.02034,0.1632,3.697e-05,2.336e-05,0.084
   61560,   61620,0.0047576,0.0098,0.02968,7.389e-24,2.763e-05,4.253e-05,0.0004188,3.125e-24,3.615e-05,0.002078,0.001365,4.745e-07,0.1056,0.008388,0.02034,0.1633,3.705e-05,2.349e-05,0.084
   61620,   61680,0.0062174,0.009809,0.0297,7.776e-24,2.771e-05,4.261e-05,0.0004196,3.3e-24,3.634e-05,0.002081,0.001367,4.763e-07,0.1056,0.008398,0.02035,0.1633,3.714e-05,2.362e-05,0.084
   61680,   61740,0.005334,0.009817,0.02972,8.162e-24,2.778e-05,4.269e-05,0.0004204,3.475e-24,3.652e-05,0.002084,0.001368,4.78e-07,0.1057,0.008408,0.02036,0.1634,3.722e-05,2.374e-05,0.084
   61740,   61800,0.00752,0.009826,0.02974,8.596e-24,2.786e-05,4.278e-05,0.0004213,3.673e-24,3.671e-05,0.002088,0.00137,4.798e-07,0.1057,0.008418,0.02037,0.1635,3.73e-05,2.387e-05,0.084
   61800,   61860,0.0076767,0.009835,0.02976,9.054e-24,2.793e-05,4.286e-05,0.0004221,3.882e-24,3.689e-05,0.002091,0.001372,4.816e-07,0.1058,0.008429,0.02037,0.1635,3.739e-05,2.4e-05,0.084
   61860,   61920,0.0059837,0.009843,0.02978,9.51e-24,2.8e-05,4.294e-05,0.0004228,4.09e-24,3.707e-05,0.002094,0.001374,4.832e-07,0.1058,0.008438,0.02038,0.1636,3.746e-05,2.412e-05,0.084
   61920,   61980,0.0060369,0.009852,0.0298,1.002e-23,2.808e-05,4.302e-05,0.0004236,4.324e-24,3.725e-05,0.002097,0.001376,4.85e-07,0.1059,0.008448,0.02039,0.1637,3.755e-05,2.424e-05,0.084
   61980,   62040,0.0062795,0.00986,0.02982,1.056e-23,2.815e-05,4.31e-05,0.0004244,4.568e-24,3.743e-05,0.0021,0.001377,4.867e-07,0.1059,0.008458,0.0204,0.1637,3.763e-05,2.437e-05,0.084
   62040,   62100,0.0053521,0.009868,0.02984,1.109e-23,2.822e-05,4.318e-05,0.0004252,4.807e-24,3.76e-05,0.002103,0.001379,4.883e-07,0.106,0.008467,0.0204,0.1638,3.77e-05,2.448e-05,0.084
   62100,   62160,0.0064982,0.009877,0.02985,1.167e-23,2.829e-05,4.326e-05,0.0004259,5.065e-24,3.778e-05,0.002106,0.001381,4.9e-07,0.106,0.008477,0.02041,0.1639,3.778e-05,2.46e-05,0.084
   62160,   62220,0.0084934,0.009885,0.02987,1.228e-23,2.836e-05,4.334e-05,0.0004267,5.363e-24,3.796e-05,0.002109,0.001382,4.917e-07,0.1061,0.008487,0.02042,0.1639,3.786e-05,2.472e-05,0.084
   62220,   62280,0.0083573,0.009893,0.02989,1.291e-23,2.843e-05,4.341e-05,0.0004274,5.679e-24,3.813e-05,0.002112,0.001384,4.933e-07,0.1061,0.008496,0.02042,0.164,3.793e-05,2.484e-05,0.084
   62280,   62340,0.0085673,0.009901,0.02991,1.365e-23,2.85e-05,4.349e-05,0.0004282,6.038e-24,3.832e-05,0.002115,0.001386,4.95e-07,0.1062,0.008505,0.02043,0.1641,3.801e-05,2.496e-05,0.084
   62340,   62400,0.0085339,0.009909,0.02992,1.453e-23,2.857e-05,4.357e-05,0.0004289,6.437e-24,3.851e-05,0.002118,0.001387,4.968e-07,0.1062,0.008514,0.02044,0.1641,3.809e-05,2.509e-05,0.084
   62400,   62460,0.0085065,0.009916,0.02994,1.535e-23,2.864e-05,4.364e-05,0.0004297,6.819e-24,3.867e-05,0.002121,0.001389,4.984e-07,0.1062,0.008523,0.02044,0.1642,3.816e-05,2.521e-05,0.084
   62460,   62520,0.0081783,0.009924,0.02996,1.626e-23,2.871e-05,4.372e-05,0.0004304,7.247e-24,3.886e-05,0.002124,0.001391,5.001e-07,0.1063,0.008532,0.02045,0.1642,3.824e-05,2.534e-05,0.084
   62520,   62580,0.0085165,0.009932,0.02997,1.717e-23,2.878e-05,4.38e-05,0.0004311,7.643e-24,3.906e-05,0.002126,0.001392,5.018e-07,0.1063,0.008541,0.02045,0.1643,3.832e-05,2.547e-05,0.084
   62580,   62640,0.0084303,0.009939,0.02999,1.814e-23,2.884e-05,4.387e-05,0.0004318,8.106e-24,3.922e-05,0.002129,0.001394,5.033e-07,0.1064,0.00855,0.02046,0.1644,3.839e-05,2.558e-05,0.084
   62640,   62700,0.0083608,0.009946,0.03001,1.909e-23,2.891e-05,4.394e-05,0.0004325,8.559e-24,3.94e-05,0.002132,0.001395,5.051e-07,0.1064,0.008558,0.02047,0.1644,3.846e-05,2.571e-05,0.084
   62700,   62760,0.0084607,0.009954,0.03002,2.027e-23,2.898e-05,4.401e-05,0.0004333,9.087e-24,3.959e-05,0.002135,0.001397,5.068e-07,0.1064,0.008567,0.02047,0.1645,3.854e-05,2.583e-05,0.084
   62760,   62820,0.0085245,0.009961,0.03004,2.12e-23,2.904e-05,4.408e-05,0.0004339,9.543e-24,3.973e-05,0.002137,0.001398,5.082e-07,0.1065,0.008575,0.02048,0.1645,3.861e-05,2.594e-05,0.084
   62820,   62880,0.0085071,0.009968,0.03005,2.254e-23,2.911e-05,4.415e-05,0.0004346,1.016e-23,3.995e-05,0.00214,0.0014,5.1e-07,0.1065,0.008584,0.02048,0.1646,3.868e-05,2.608e-05,0.084
   62880,   62940,0.0085231,0.009975,0.03007,2.35e-23,2.917e-05,4.423e-05,0.0004353,1.063e-23,4.01e-05,0.002143,0.001402,5.116e-07,0.1066,0.008592,0.02049,0.1646,3.875e-05,2.619e-05,0.084
   62940,   63000,0.0084614,0.009982,0.03008,2.503e-23,2.923e-05,4.429e-05,0.000436,1.136e-23,4.026e-05,0.002145,0.001403,5.131e-07,0.1066,0.0086,0.02049,0.1647,3.882e-05,2.63e-05,0.084
   63000,   63060,0.008208,0.009989,0.0301,2.606e-23,2.93e-05,4.436e-05,0.0004367,1.184e-23,4.044e-05,0.002148,0.001404,5.146e-07,0.1066,0.008609,0.0205,0.1647,3.889e-05,2.641e-05,0.084
