CampaignData_and_Merges/R0/CSL_MobileLab_Parked/raw/20240804/USOS-NOAAIodideCIMS-HNO3_MobileLabGround_20240804_RA.ict
33, 1001
Michael A Robinson, Chris Jernigan, Subi Thakali
NOAA ESRL Chemical Sciences Laboratory and CIRES, U. of Colorado
NOAA Iodide CIMS Instrument
USOS
1, 1
2024, 08, 04, 2024, 08, 05
1
starttime_UTC, seconds_past_midnight, seconds_of_day_since_00:00:00_UTC
1
1
-9999
HNO3_NOAACIMS, pptv, Gas_HNO3_InSitu_S_AVMR, 
0
18
PI_CONTACT_INFO: 325 Broadway, R/CSD 7, Boulder, Colorado 80305; michael.a.robinson@noaa.gov; chris.jernigan@noaa.gov;
PLATFORM: NOAA CSL Mobile Lab
LOCATION: SLC, Utah
ASSOCIATED_DATA: 1Hz data also available on request.
INSTRUMENT_INFO: NOAA I- ToF CIMS
DATA_INFO: All data in parts per trillion by volume (pptv). 1 Hz data is available upon request.
UNCERTAINTY: TBD
ULOD_FLAG: -7777
ULOD_VALUE: N/A
LLOD_FLAG: -8888
LLOD_VALUE: N/A
DM_CONTACT_INFO: Nathan Howard; nathan.h.howard@noaa.gov
PROJECT_INFO: USOS, summer 2024. https://csl.noaa.gov/groups/csl7/measurements/2024usos/
STIPULATIONS_ON_USE: Users are strongly encouraged to contact the PI for proper data usage.
OTHER_COMMENTS: 
REVISION: RA
RA: Preliminary Data; For in-field use only
starttime_UTC, HNO3_NOAACIMS
[from data line 1002]
 60120, 416.160
 60180, 404.714
 60240, 403.365
 60300, 407.755
 60360, 412.746
 60420, 422.834
 60480, 410.954
 60540, 411.873
 60600, 416.822
 60660, 410.961
 60720, 409.535
 60780, 405.264
 60840, 393.141
 60900, 403.687
 60960, 417.776
 61020, 424.928
 61080, 442.883
 61140, 424.631
 61200, 424.047
 61260, 427.791
 61320, 430.504
 61380, 434.728
 61440, 434.525
 61500, 435.402
 61560, 444.147
 61620, 445.095
 61680, 442.698
 61740, 439.167
 61800, 419.617
 61860, -9999.000
 61920, 394.865
 61980, 396.657
 62040, 390.413
 62100, 392.756
 62160, 387.061
 62220, 386.593
 62280, 374.281
 62340, 355.304
 62400, 347.947
 62460, 355.661
 62520, 370.946
 62580, 387.523
 62640, 398.971
 62700, 409.455
 62760, 422.647
 62820, 429.225
 62880, 447.800
 62940, 464.178
 63000, 471.742
 63060, 490.243
 63120, 507.163
 63180, 515.341
 63240, 532.625
 63300, 535.353
 63360, 535.609
 63420, 541.648
 63480, 548.549
 63540, 557.601
 63600, 565.934
 63660, 567.900
 63720, -9999.000
 63780, 510.373
 63840, 526.181
 63900, 545.179
 63960, 560.939
 64020, 574.282
 64080, 596.317
 64140, 604.792
 64200, 608.060
 64260, 607.763
 64320, 614.100
 64380, 621.560
 64440, 617.192
 64500, 608.431
 64560, 598.496
 64620, 599.760
 64680, 598.623
 64740, 589.330
 64800, 602.436
 64860, 606.791
 64920, 605.080
 64980, 593.377
 65040, 571.663
 65100, 586.952
 65160, 569.430
 65220, 561.097
 65280, 561.446
 65340, 552.506
 65400, 538.382
 65460, 535.204
 65520, 534.950
 65580, 505.881
 65640, 513.986
 65700, 532.601
 65760, 536.938
 65820, 554.086
 65880, 561.077
 65940, 552.290
 66000, 546.869
 66060, 566.816
 66120, 573.601
 66180, 590.856
 66240, 579.627
 66300, 573.213
 66360, 566.401
 66420, 560.532
 66480, 549.136
 66540, 555.066
 66600, 582.295
 66660, 596.889
 66720, 614.270
 66780, 615.486
 66840, 616.478
 66900, 605.946
 66960, 593.580
 67020, 583.422
 67080, 574.261
 67140, 567.758
 67200, 572.593
 67260, 582.821
 67320, 582.472
 67380, 579.502
 67440, 539.913
 67500, 537.642
 67560, 560.556
 67620, 585.680
 67680, 600.961
 67740, 615.178
 67800, 627.032
 67860, 636.739
 67920, 625.869
 67980, 604.412
 68040, 624.336
 68100, 641.174
 68160, 637.299
 68220, 635.795
 68280, 615.161
 68340, 606.965
 68400, 614.365
 68460, 620.039
 68520, 633.630
 68580, 644.256
 68640, 654.353
 68700, 661.279
 68760, 665.052
 68820, 660.801
 68880, 670.891
 68940, 667.653
 69000, 656.313
 69060, 641.283
 69120, 638.798
 69180, 630.214
 69240, 618.943
 69300, 618.018
 69360, 640.941
 69420, 656.080
 69480, 654.548
 69540, 646.600
 69600, 645.346
 69660, 652.664
 69720, 658.402
 69780, 646.588
 69840, 629.409
 69900, 633.114
 69960, 637.689
 70020, 643.200
 70080, 673.239
 70140, 693.617
 70200, 695.311
 70260, 641.492
 70320, 601.646
 70380, 638.364
 70440, 672.457
 70500, 667.705
 70560, 654.188
 70620, 676.419
 70680, 708.402
 70740, 714.039
 70800, 705.640
 70860, 732.555
 70920, 735.027
 70980, 711.505
 71040, 685.972
 71100, -9999.000
 71160, 587.357
 71220, 625.419
 71280, 640.052
 71340, 653.922
 71400, 653.644
 71460, 672.395
 71520, 677.009
 71580, 690.356
 71640, 701.602
 71700, 686.615
 71760, 673.556
 71820, 699.011
 71880, 690.551
 71940, 697.332
 72000, 734.116
 72060, 740.068
 72120, 747.808
 72180, 751.155
 72240, 774.854
 72300, 803.663
 72360, 798.884
 72420, 798.314
 72480, 821.492
 72540, 833.482
 72600, 837.735
 72660, 847.065
 72720, 835.350
 72780, 836.172
 72840, 853.862
 72900, 846.789
 72960, 791.092
 73020, 826.578
 73080, 867.825
 73140, 869.006
 73200, 874.162
 73260, 838.275
 73320, 876.200
 73380, 906.394
 73440, 922.933
 73500, 940.791
 73560, 959.500
 73620, 929.167
 73680, 887.083
 73740, 867.349
 73800, 830.131
 73860, 787.907
 73920, 797.095
 73980, 771.530
 74040, 786.472
 74100, 824.768
 74160, 856.545
 74220, 856.770
 74280, 841.852
 74340, 797.876
 74400, 782.002
 74460, 808.351
 74520, 813.758
 74580, 854.137
 74640, 862.854
 74700, 875.156
 74760, 884.429
 74820, -9999.000
 74880, 849.045
 74940, 917.679
 75000, 947.265
 75060, 937.434
 75120, 941.282
 75180, 956.738
 75240, 921.952
 75300, 890.383
 75360, 888.487
 75420, 925.669
 75480, 940.271
 75540, 887.999
 75600, 914.607
 75660, 951.094
 75720, 982.405
 75780, 979.315
 75840, 947.090
 75900, 918.360
 75960, 924.312
 76020, 895.699
 76080, 886.222
 76140, 892.698
 76200, 909.051
 76260, 922.103
 76320, 903.573
 76380, 904.886
 76440, 928.564
 76500, 928.110
 76560, 943.598
 76620, 964.019
 76680, 825.194
 76740, 881.332
 76800, 888.980
 76860, 868.297
 76920, 889.069
 76980, 942.546
 77040, 990.628
 77100, 1003.904
 77160, 1013.743
 77220, 1032.773
 77280, 1034.140
 77340, 1034.433
 77400, 985.765
 77460, 920.315
 77520, 898.972
 77580, 881.763
 77640, 849.269
 77700, 812.497
 77760, 821.317
 77820, 825.236
 77880, 768.863
 77940, 752.851
 78000, 740.138
 78060, 756.341
 78120, 786.956
 78180, 762.490
 78240, 769.221
 78300, 822.132
 78360, 847.552
 78420, 802.248
 78480, -9999.000
 78540, 677.003
 78600, 699.502
 78660, 706.744
 78720, 719.520
 78780, 680.023
 78840, 611.319
 78900, 631.550
 78960, 659.221
 79020, 668.317
 79080, 688.834
 79140, 699.051
 79200, 669.253
 79260, 690.000
 79320, 740.000
 79380, 750.667
 79440, 721.838
 79500, 769.683
 79560, 767.904
 79620, 755.444
 79680, 726.455
 79740, 670.910
 79800, 688.173
 79860, 728.452
 79920, 722.368
 79980, 688.503
 80040, 701.790
 80100, 679.937
 80160, 695.045
 80220, 717.095
 80280, 710.692
 80340, -9999.000
 80400, 669.563
 80460, 665.931
 80520, 647.997
 80580, 637.013
 80640, 673.533
 80700, 665.207
 80760, 689.034
 80820, 714.305
 80880, 707.180
 80940, 673.894
 81000, 663.189
 81060, 646.776
 81120, 626.837
 81180, 636.193
 81240, 659.097
 81300, 629.780
 81360, 634.608
 81420, 659.014
 81480, 670.746
 81540, 666.712
 81600, 704.565
 81660, 738.028
 81720, 755.630
 81780, 786.647
 81840, 820.240
 81900, 810.693
 81960, 801.085
 82020, 818.700
 82080, 790.984
 82140, 762.966
 82200, -9999.000
 82260, 669.125
 82320, 654.724
 82380, 667.410
 82440, 736.020
 82500, 765.207
 82560, 793.996
 82620, 791.673
 82680, 745.334
 82740, 738.359
 82800, 761.059
 82860, 775.063
 82920, 772.027
 82980, 718.584
 83040, 701.078
 83100, 714.648
 83160, 710.913
 83220, 728.167
 83280, 740.023
 83340, 716.884
 83400, 718.901
 83460, 734.582
 83520, 727.068
 83580, 746.149
 83640, 710.302
 83700, 699.042
 83760, 681.604
 83820, 667.589
 83880, 664.895
 83940, 666.687
 84000, 649.197
 84060, 607.616
 84120, 614.726
 84180, 630.235
 84240, 645.608
 84300, 632.985
 84360, 672.855
 84420, 690.956
 84480, 652.568
 84540, 601.142
 84600, 615.598
 84660, 640.785
 84720, 661.872
 84780, 664.962
 84840, 661.864
 84900, 659.956
 84960, 677.447
 85020, 703.554
 85080, 687.360
 85140, 685.646
 85200, 659.907
 85260, 648.857
 85320, 646.632
 85380, 639.320
 85440, 632.091
 85500, 628.722
 85560, 618.955
 85620, 631.246
 85680, 636.023
 85740, 648.779
 85800, 654.259
 85860, -9999.000
 85920, 584.509
 85980, 598.950
 86040, 597.757
 86100, 591.107
 86160, 594.480
 86220, 601.691
 86280, 590.806
 86340, 592.869
