CampaignData_and_Merges/R0/CSL_MobileLab_Parked/raw/20240804/USOS-NOAAIodideCIMS-PANs_MobileLabGround_20240804_RA.ict
35, 1001
Michael A Robinson, Chris Jernigan, Subi Thakali
NOAA ESRL Chemical Sciences Laboratory and CIRES, U. of Colorado
NOAA Iodide CIMS Instrument
USOS
1, 1
2024, 08, 04, 2024, 08, 05
1
starttime_UTC, seconds_past_midnight, seconds_of_day_since_00:00:00_UTC
3
1, 1, 1
-9999, -9999, -9999
PAN_NOAACIMS, pptv, Gas_PAN_InSitu_S_AVMR, 
APAN_NOAACIMS, pptv, Gas_APAN_InSitu_S_AVMR, 
PPN_NOAACIMS, pptv, Gas_PPN_InSitu_S_AVMR, 
0
18
PI_CONTACT_INFO: 325 Broadway, R/CSD 7, Boulder, Colorado 80305; michael.a.robinson@noaa.gov; chris.jernigan@noaa.gov;
PLATFORM: NOAA CSL Mobile Lab
LOCATION: SLC, Utah
ASSOCIATED_DATA: 1Hz data also available on request.
INSTRUMENT_INFO: NOAA I- ToF CIMS
DATA_INFO: All data in parts per trillion by volume (pptv). 1 Hz data is available upon request.
UNCERTAINTY: TBD
ULOD_FLAG: -7777
ULOD_VALUE: N/A
LLOD_FLAG: -8888
LLOD_VALUE: N/A
DM_CONTACT_INFO: Nathan Howard; nathan.h.howard@noaa.gov
PROJECT_INFO: USOS, summer 2024. https://csl.noaa.gov/groups/csl7/measurements/2024usos/
STIPULATIONS_ON_USE: Users are strongly encouraged to contact the PI for proper data usage.
OTHER_COMMENTS: 
REVISION: RA
RA: Preliminary Data; For in-field use only
starttime_UTC, PAN_NOAACIMS, APAN_NOAACIMS, PPN_NOAACIMS
[from data line 1307]
 78420, 377.914,  4.198, 29.271
 78480, -9999.000, -9999.000, -9999.000
 78540, 382.627,  5.509, 26.783
 78600, 372.083,  3.576, 30.006
 78660, 331.372,  2.460, 25.169
 78720, 326.191,  4.951, 19.417
 78780, 308.972,  4.982, 19.962
 78840, 315.287,  3.621, 24.927
 78900, 308.975,  3.575, 19.698
 78960, 327.836,  4.559, 22.470
 79020, 321.550,  3.599, 21.116
 79080, 336.710,  3.567, 20.246
 79140, 326.652,  4.416, 21.448
 79200, 314.176,  4.285, 20.166
 79260, 325.681,  4.191, 18.380
 79320, 336.940,  4.635, 18.927
 79380, 340.840,  4.671, 25.322
 79440, 345.320,  3.827, 21.612
 79500, 333.686,  3.454, 23.513
 79560, 326.897,  2.529, 19.832
 79620, 326.018,  4.350, 18.687
 79680, 332.974,  3.366, 21.211
 79740, 317.236,  4.969, 23.201
 79800, 306.421,  2.489, 17.555
 79860, 301.330,  3.999, 23.313
 79920, 287.320,  3.505, 22.058
 79980, 279.428,  4.231, 20.549
 80040, 278.327,  4.446, 23.186
 80100, 275.369,  4.052, 18.196
 80160, 264.778,  4.134, 24.466
 80220, 256.229,  4.839, 19.535
 80280, 276.697,  4.586, 28.193
 80340, -9999.000, -9999.000, -9999.000
 80400, 272.414,  3.441, 24.115
 80460, 240.920,  2.386, 19.705
 80520, 233.482,  4.118, 16.772
 80580, 248.571,  4.776, 16.753
 80640, 246.403,  3.517, 16.990
 80700, 220.293,  3.480, 15.279
 80760, 208.878,  4.480, 16.516
 80820, 206.479,  2.840, 18.939
 80880, 206.038,  3.084, 15.068
 80940, 196.560,  2.768, 13.389
 81000, 208.179,  3.512, 14.186
 81060, 209.015,  4.517, 17.707
 81120, 206.092,  3.685, 13.793
 81180, 211.491,  3.839, 15.794
 81240, 213.654,  3.845, 10.784
 81300, 215.932,  3.175, 17.293
 81360, 231.106,  2.892, 12.697
 81420, 243.861,  4.349, 14.562
 81480, 254.867,  4.450, 17.573
 81540, 281.549,  4.514, 19.494
 81600, 265.613,  4.747, 16.308
 81660, 253.243,  5.394, 14.786
 81720, 268.532,  4.390, 25.645
 81780, 266.218,  4.224, 27.787
 81840, 274.119,  3.875, 29.615
 81900, 262.747,  4.064, 26.226
 81960, 251.131,  3.519, 22.842
 82020, 255.278,  3.118, 23.617
 82080, 241.240,  3.836, 25.918
 82140, 242.189,  3.539, 23.918
 82200, -9999.000, -9999.000, -9999.000
 82260, 225.874,  4.966, 19.974
 82320, 228.683,  3.805, 21.183
 82380, 227.049,  4.076, 22.628
 82440, 224.247,  4.389, 21.559
 82500, 214.062,  3.037, 20.146
 82560, 207.907,  4.408, 19.403
 82620, 213.476,  4.117, 17.254
 82680, 225.971,  3.783, 21.020
 82740, 204.540,  3.003, 16.182
 82800, 195.336,  4.131, 15.023
 82860, 192.187,  3.941, 18.994
 82920, 200.021,  3.519, 19.569
 82980, 202.416,  3.151, 20.526
 83040, 222.548,  4.036, 17.822
 83100, 205.829,  4.450, 17.424
 83160, 202.699,  4.199, 19.492
 83220, 206.112,  5.403, 14.260
 83280, 204.828,  5.039, 17.498
 83340, 194.532,  3.795, 16.981
 83400, 189.207,  3.036, 15.654
 83460, 192.198,  3.771, 15.318
 83520, 188.965,  3.808, 13.047
 83580, 191.304,  4.764, 18.084
 83640, 177.295,  6.492, 17.897
 83700, 170.883,  3.079, 16.718
 83760, 175.693,  4.566, 17.837
 83820, 193.618,  4.550, 19.735
 83880, 179.830,  2.295, 16.763
 83940, 177.621,  2.081, 15.183
 84000, 180.512,  5.635, 17.695
 84060, 158.007,  5.806, 11.643
 84120, 166.968,  3.385, 14.604
 84180, 169.175,  3.112, 11.417
 84240, 155.492,  3.515, 11.574
 84300, 161.630,  5.128, 11.706
 84360, 152.946,  2.857, 13.115
 84420, 146.182,  2.895, 12.526
 84480, 144.350,  4.293,  6.204
 84540, 145.412,  3.710, 11.968
 84600, 146.445,  4.008, 10.939
 84660, 159.910,  3.673, 14.040
 84720, 146.871,  3.264, 13.231
 84780, 143.548,  2.918, 10.880
 84840, 157.327,  3.948, 15.015
 84900, 179.642,  4.109, 18.308
 84960, 178.125,  3.255, 19.154
 85020, 176.780,  3.569, 14.800
 85080, 173.391,  4.715, 20.314
 85140, 166.333,  3.599, 18.378
 85200, 164.174,  3.243, 20.722
 85260, 158.454,  4.575, 14.943
 85320, 159.513,  3.797, 12.029
 85380, 153.712,  4.179, 16.197
 85440, 152.010,  5.720, 16.817
 85500, 152.777,  4.849, 13.678
 85560, 148.010,  5.491, 11.443
 85620, 142.392,  3.026, 12.150
 85680, 141.304,  3.097, 10.652
 85740, 140.438,  4.465, 14.201
 85800, 151.895,  4.630, 16.222
 85860, -9999.000, -9999.000, -9999.000
 85920, 124.947,  4.026, 10.242
 85980, 141.258,  4.307, 12.196
 86040, 134.498,  4.244, 11.737
 86100, 127.192,  4.012, 12.375
 86160, 117.682,  5.319, 12.040
 86220, 121.580,  4.141,  8.027
 86280, 123.152,  3.325,  8.769
 86340, 113.732,  4.011,  7.750
