CampaignData_and_Merges/R0/CSL_MobileLab_Parked/raw/20240804/USOS-HCHO_MobileLabGround_20240804_R0.ict
35,1001
Huang, Yaoxian
Wayne State University
Picarro G2307 on CSL Mobile Lab
USOS
1,1
2024,08,04,2024,08,06
1.0
Time_Start,seconds_since_midnight,number_of_seconds_since_0000_UTC
3
1.0,1.0,1.0
-9999.0,-9999.0,-9999.0
HCHO,ppbv,Gas_HCHO_InSitu_S_AVMR,volume mixing ratio of formaldehyde in air
H2O,ppmv,Gas_H2O_InSitu_S_AVMR,volume mixing ratio of water vapor in air
CH4,ppmv,Gas_CH4_InSitu_S_AVMR,volume mixing ratio of methane in air
0
18
PI_CONTACT_INFO: yaoxian.huang@wayne.edu
PLATFORM: CSL Mobile Lab, at Ground Site
LOCATION: Salt Lake City, UT
ASSOCIATED_DATA: N/A
INSTRUMENT_INFO: Cavity Ring-Down Spectrometer
DATA_INFO: Data is averaged to 1 minute intervals for stationary and 1 second interval for driving. Stationary data collected from a 20 ft tower on top of the mobile lab.
UNCERTAINTY: N/A
ULOD_FLAG: -7777
ULOD_VALUE: N/A
LLOD_FLAG: -8888
LLOD_VALUE: N/A
DM_CONTACT_INFO: Yaoxian Huang; yaoxian.huang@wayne.edu
PROJECT_INFO: USOS, Summer 2024. https://csl.noaa.gov/groups/csl7/measurements/2024usos/
STIPULATIONS_ON_USE: Users are strongly encouraged to contact the PI for proper data usage.
OTHER_COMMENTS: Data have been shifted backwards by 1 minute to align with USOS MetNav and Picarro GHG data.
REVISION: R0
R0: Final Data
Time_Start,HCHO,H2O,CH4
[from data line 544]
32640,1.83117,15818.1,1.90065
32700,1.86001,15940.8,1.90116
32760,2.07701,16008.4,1.90352
32820,1.84174,15973.4,1.90047
32880,1.95639,16027.6,1.90005
32940,1.80838,16057.2,1.90172
33000,1.55728,16121.7,1.90668
33060,2.06478,16148.3,1.90205
33120,2.02633,16129.2,1.9022
33180,1.65804,16152.6,1.9002
33240,1.90673,16108.7,1.90464
33300,1.83935,16103.0,1.90498
33360,1.55485,16118.7,1.90169
33420,2.06215,16115.9,1.90303
33480,1.84144,16181.7,1.9044
33540,1.9607,16300.1,1.90607
33600,2.06663,16326.3,1.91591
33660,1.94645,16202.4,1.90908
33720,2.07722,16169.4,1.90973
33780,1.9095,16240.2,1.91388
33840,1.8177,16206.9,1.91282
33900,2.00248,16277.2,1.91854
33960,2.03882,16333.4,1.91934
34020,2.03301,16259.4,1.91579
34080,2.06384,16123.9,1.90882
34140,1.98405,16210.0,1.90784
34200,2.01371,16195.1,1.90708
34260,1.63417,16005.8,1.90456
34320,1.96421,16091.6,1.9072
34380,1.79604,16062.2,1.90783
34440,1.96947,15991.2,1.90581
34500,1.62702,16022.1,1.90264
34560,1.83847,16063.5,1.90671
34620,2.00044,16076.5,1.90827
34680,1.68727,16081.9,1.90783
34740,2.11136,16015.1,1.90771
34800,1.86049,16141.7,1.907
34860,1.85687,16127.5,1.91314
34920,1.81773,16015.9,1.90793
34980,1.82229,16041.5,1.90712
35040,1.78133,15929.4,1.90718
35100,2.08232,15982.0,1.90728
35160,1.7882,16100.2,1.90977
35220,1.9565,16021.9,1.90875
35280,1.99397,15877.3,1.91046
35340,1.97712,15797.4,1.90843
35400,1.83243,15618.4,1.90577
35460,1.69892,15664.1,1.90563
35520,1.70382,15667.2,1.90557
35580,1.5523,15560.1,1.90264
35640,1.73979,15670.1,1.90405
35700,1.58609,15630.1,1.90403
35760,1.59287,15583.5,1.90356
35820,1.80496,15653.2,1.90355
35880,1.74557,15738.3,1.90448
35940,1.6919,15716.2,1.9024
36000,1.89183,15591.9,1.90299
36060,1.57111,15614.3,1.90321
36120,1.70334,15585.6,1.90418
36180,1.56463,15499.8,1.90285
36240,1.70358,15533.8,1.9026
36300,1.67976,15582.2,1.9012
36360,1.65667,15675.7,1.90167
36420,1.66145,15671.7,1.90342
36480,1.7773,15691.3,1.90429
36540,1.68631,15721.6,1.9065
36600,1.71172,15755.8,1.90455
36660,1.91679,15783.1,1.90689
36720,1.86646,15784.6,1.90582
36780,1.68957,15815.7,1.90387
36840,1.79931,15794.2,1.90203
36900,1.83717,15866.7,1.90577
36960,1.97702,15968.6,1.9067
37020,1.69489,15601.7,1.90262
37080,1.80874,15537.2,1.90275
37140,1.74583,15538.1,1.90012
37200,1.74672,15592.7,1.90496
37260,1.59643,15616.7,1.90308
37320,1.5619,15758.3,1.90925
37380,1.72448,15694.6,1.90537
37440,1.85032,15677.2,1.90504
37500,1.75762,15736.5,1.90737
37560,1.58742,15826.9,1.90505
37620,1.8871,15791.5,1.90957
37680,1.68724,15779.5,1.90631
37740,2.00095,15855.2,1.90889
37800,2.02956,15845.0,1.91169
37860,1.87102,15771.4,1.90725
37920,2.0265,15990.8,1.90778
37980,2.07498,16032.2,1.91351
38040,2.09003,16158.2,1.91588
38100,2.10419,16376.7,1.91964
38160,2.2504,16280.9,1.92095
38220,2.38925,16413.6,1.92729
38280,2.26828,16356.3,1.92058
38340,2.09897,16328.4,1.91978
38400,2.26637,16407.0,1.9196
38460,2.18676,16379.1,1.92441
38520,2.31967,16149.9,1.93328
38580,2.22334,16219.6,1.93496
38640,2.10821,16273.6,1.93221
38700,2.20745,16272.7,1.93798
38760,2.27612,16235.9,1.93391
38820,2.44356,16362.4,1.93828
38880,2.37411,16309.3,1.93368
38940,2.52363,16386.4,1.93175
39000,2.78942,16420.7,1.93016
39060,2.58758,16504.3,1.93589
39120,2.58906,16689.6,1.93726
39180,2.66214,16672.2,1.93908
39240,2.63576,16653.7,1.94169
39300,2.2799,16779.8,1.94035
39360,2.60071,17045.2,1.94453
39420,2.69245,17166.5,1.94939
39480,2.87288,17188.2,1.94932
39540,2.77541,17280.6,1.95258
39600,2.87031,17310.7,1.94914
39660,2.78941,17304.6,1.94848
39720,2.53903,17248.3,1.94602
39780,2.62793,17283.0,1.9434
39840,2.64438,17331.7,1.94981
39900,2.84189,17528.8,1.95268
39960,2.81763,17645.5,1.95611
40020,2.555,17473.1,1.95363
40080,2.73969,17453.6,1.95243
40140,2.69006,17059.4,1.94604
40200,2.50718,16996.1,1.94434
40260,2.21152,16826.6,1.93908
40320,2.3018,16743.5,1.9397
40380,2.34777,16712.2,1.94087
40440,2.60258,16961.4,1.94642
40500,2.52126,16792.9,1.94088
40560,2.18961,16442.0,1.93957
40620,2.03843,16213.1,1.93712
40680,2.3314,16150.7,1.93692
40740,1.99428,16301.9,1.94337
40800,1.97596,16194.9,1.94511
40860,2.1762,16603.7,1.93593
40920,2.15883,16361.0,1.93303
40980,2.31724,16414.0,1.94099
41040,2.27237,16292.6,1.94831
41100,2.16383,16195.4,1.92956
41160,1.92459,16167.1,1.93866
41220,2.12741,16179.0,1.94784
41280,2.3194,16510.1,1.93507
41340,2.14469,16494.3,1.93194
41400,2.28157,16287.2,1.93156
41460,2.22036,16133.4,1.92729
41520,2.41769,16255.3,1.92959
41580,2.44308,16363.8,1.93386
41640,2.43751,16488.7,1.93611
41700,2.73682,16605.8,1.93544
41760,2.56107,16636.7,1.93673
41820,2.45278,16582.6,1.93781
41880,2.50086,16575.8,1.9375
41940,2.49307,16651.7,1.93883
42000,2.80888,16755.5,1.93982
42060,2.70623,16695.3,1.93933
42120,2.61654,16708.3,1.94355
42180,2.73996,16677.0,1.94087
42240,2.49839,16703.4,1.94176
42300,2.41351,16668.7,1.93936
42360,2.61126,16779.4,1.94159
42420,2.80079,16894.7,1.94167
42480,2.72281,16961.1,1.94576
42540,2.48038,16911.8,1.94657
42600,2.68155,16800.6,1.95045
42660,2.59164,16667.6,1.95172
42720,2.77668,16759.6,1.95744
42780,2.84359,16826.8,1.95532
42840,2.78206,16957.1,1.97056
42900,2.68959,17103.9,1.95833
42960,2.59283,17122.0,1.95926
43020,2.56981,17220.8,1.95667
43080,2.74172,16920.6,1.95773
43140,2.51717,16647.6,1.94853
43200,2.55624,16245.8,1.94489
43260,2.41477,16389.1,1.94923
43320,2.25811,16048.7,1.93449
43380,2.03127,15851.8,1.92802
43440,1.77495,15698.7,1.92332
43500,1.65216,15732.5,1.91948
43560,2.40742,16519.0,1.94598
43620,2.24485,16468.9,1.94373
43680,2.2487,16403.1,1.93835
43740,2.23941,16755.6,1.94549
43800,2.27758,16637.6,1.94339
43860,2.36994,16702.5,1.95447
43920,2.58329,16677.6,1.95554
43980,2.49236,16803.7,1.96091
44040,2.97292,17191.8,1.96904
44100,2.92191,17075.7,1.97115
44160,2.36951,16982.7,1.96536
44220,2.45346,16742.4,1.9604
44280,2.47247,16753.3,1.96064
44340,2.42423,16799.6,1.96283
44400,2.5318,16784.5,1.96179
44460,2.44393,16773.4,1.96351
44520,2.37548,16699.1,1.9581
44580,2.32037,16530.3,1.94915
44640,2.5141,16496.5,1.94854
44700,2.30312,16530.2,1.95053
44760,2.58522,16538.8,1.94847
44820,2.53797,16537.5,1.94761
44880,2.38437,16635.4,1.94975
44940,2.47542,16612.1,1.94935
45000,2.45441,16622.3,1.94904
45060,2.47543,16553.4,1.94715
45120,2.30009,16479.1,1.94435
45180,2.44988,16887.3,1.94778
45240,2.46519,16768.1,1.94829
45300,2.86236,16809.4,1.95985
45360,2.80072,16655.8,1.95962
45420,2.74389,16732.5,1.95773
45480,2.67694,16779.5,1.95764
45540,2.71673,16809.1,1.96076
45600,2.69073,16862.0,1.96494
45660,2.84995,16989.1,1.96226
45720,2.5996,16937.3,1.96404
45780,2.63829,16832.7,1.9645
45840,2.69264,16812.0,1.96484
45900,2.67301,16827.2,1.96185
45960,2.31512,16605.8,1.95549
46020,2.76049,16870.9,1.95765
46080,2.81065,16966.7,1.95673
46140,3.10629,16990.5,1.9576
46200,2.62891,16954.2,1.96138
46260,2.80332,16830.0,1.96115
46320,2.59164,16818.6,1.9634
46380,2.56157,16841.5,1.96099
46440,2.82787,17063.7,1.96898
46500,2.82084,17045.7,1.97437
46560,2.72833,16902.7,1.96786
46620,2.78165,16885.2,1.9627
46680,2.83327,16848.7,1.9637
46740,2.77536,16858.8,1.96771
46800,2.77527,16931.5,1.96541
46860,2.7053,17033.5,1.9612
46920,2.86364,17197.0,1.96224
46980,2.72155,16939.3,1.95969
47040,2.72989,16990.0,1.96078
47100,2.84284,16921.2,1.97045
47160,2.77082,16890.1,1.97929
47220,2.85637,16899.0,1.98755
47280,2.73869,16894.8,1.98819
47340,2.6113,16932.7,1.99262
47400,3.02587,17150.6,1.99899
47460,3.02292,17212.0,2.00958
47520,2.73134,16932.8,1.98175
47580,2.62398,17061.2,1.97586
47640,2.7518,17251.9,1.97402
47700,2.6629,17086.7,1.97072
47760,2.61581,16844.2,1.97017
47820,2.62034,16867.1,1.96927
47880,2.3113,16934.0,1.96385
47940,2.51376,16828.5,1.9583
48000,2.60989,16740.8,1.95462
48060,2.61208,16764.2,1.95485
48120,2.59928,16720.8,1.95277
48180,2.79909,16849.2,1.95842
48240,2.41013,16891.1,1.96924
48300,2.60041,16761.7,1.96255
48360,2.509,16527.2,1.94634
48420,2.19628,16540.1,1.94775
48480,2.04751,16295.7,1.92982
48540,2.12931,16549.2,1.93911
48600,2.20028,16493.0,1.93152
48660,2.24478,16575.3,1.93142
48720,2.43529,16766.8,1.93493
48780,2.32477,16837.6,1.93951
48840,2.12531,16589.7,1.934
48900,2.12139,16638.3,1.93508
48960,2.31993,16777.9,1.9401
49020,2.28027,16915.1,1.94095
49080,2.40596,16776.2,1.93507
49140,2.29448,16810.1,1.93597
49200,2.50907,16548.3,1.93153
49260,2.41434,17015.3,1.9353
49320,2.51143,17052.5,1.94009
49380,2.52025,16867.8,1.9399
49440,2.31265,16912.7,1.95564
49500,2.30114,16885.2,1.95295
49560,2.51115,16993.9,1.9466
49620,2.29342,16728.3,1.93413
49680,2.37573,17063.8,1.93741
49740,2.71422,16753.4,1.92912
49800,2.18028,16374.5,1.92272
49860,2.13309,16118.2,1.91727
49920,2.12713,16240.4,1.91889
49980,2.01895,16136.8,1.91338
50040,2.08743,16228.4,1.91496
50100,2.0718,16522.8,1.9152
50160,1.99929,16180.3,1.91246
50220,2.29908,16683.1,1.91963
50280,2.39302,17100.5,1.92159
50340,2.2482,17177.1,1.92458
50400,2.52696,17565.7,1.92662
50460,2.76463,17556.9,1.9307
50520,2.68666,17787.0,1.93036
50580,2.92054,17759.3,1.93313
50640,2.54453,17778.9,1.93138
50700,2.73924,17837.0,1.93156
50760,2.88532,17828.9,1.9394
50820,2.56975,17417.2,1.94319
50880,2.49442,17302.9,1.9403
50940,2.73525,17498.8,1.94827
51000,3.01581,17595.0,1.94738
51060,3.0009,17847.4,1.94164
51120,2.95775,18273.7,1.94639
51180,3.22086,18124.2,1.94686
51240,3.53754,18711.6,1.94131
51300,3.37351,18713.0,1.94013
51360,3.42032,18901.2,1.9424
51420,3.63701,18926.6,1.9445
51480,3.44778,18758.7,1.94837
51540,3.37076,18430.4,1.95566
51600,3.41384,18297.4,1.96009
51660,3.22713,18314.0,1.96036
51720,3.39501,18326.1,1.95759
51780,3.41686,18350.7,1.95736
51840,3.86411,18503.7,1.95595
51900,3.29781,18178.7,1.95427
51960,3.3562,18483.9,1.96152
52020,3.5432,18793.2,1.95576
52080,3.42451,18479.9,1.95609
52140,3.37523,17422.7,1.94666
52200,2.98651,17615.8,1.94234
52260,3.17063,17929.2,1.94028
52320,3.4302,18378.9,1.94427
52380,2.76635,17620.8,1.9309
52440,2.44979,16640.1,1.91593
52500,2.69674,17472.0,1.93209
52560,2.93879,17171.6,1.93437
52620,2.89135,17476.2,1.92717
52680,2.61477,17188.0,1.91766
52740,2.74552,17149.9,1.92373
52800,2.7647,17046.1,1.91763
52860,2.93517,17031.6,1.9182
52920,2.79751,17098.3,1.92322
52980,2.76061,17162.5,1.92564
53040,2.59587,17186.8,1.9202
53100,2.88935,16763.1,1.91861
53160,2.59091,16997.1,1.91645
53220,2.59779,17389.8,1.91309
53280,2.4237,16720.6,1.91125
53340,2.31337,16455.3,1.90524
53400,2.32688,16597.0,1.90668
53460,2.41025,16674.7,1.90695
53520,2.57727,16839.2,1.90966
53580,2.5165,16431.3,1.90804
53640,2.87527,16488.1,1.91096
53700,2.75221,16526.7,1.90958
53760,2.3333,16589.6,1.90488
53820,2.58345,16279.7,1.90742
53880,2.68757,16393.6,1.91185
53940,2.82249,16500.3,1.91337
54000,2.7609,16466.3,1.91119
54060,2.68777,16644.3,1.91031
54120,2.90578,16614.9,1.9092
54180,2.82302,16577.5,1.91258
54240,2.97991,16608.5,1.91028
54300,3.03313,16716.0,1.9127
54360,2.87803,16972.6,1.91408
54420,2.99161,17063.6,1.91624
54480,2.99051,17069.0,1.91786
54540,3.08197,17027.0,1.91885
54600,2.85753,17133.0,1.91902
54660,3.28887,17938.7,1.91679
54720,3.05497,17363.9,1.91885
54780,2.89426,16840.5,1.91778
54840,2.89276,17177.5,1.91559
54900,3.19887,17410.3,1.91415
54960,3.03161,17740.8,1.91504
55020,3.33393,17607.4,1.91464
55080,3.18205,17411.1,1.91302
55140,3.34366,17038.1,1.91745
55200,3.31172,17234.4,1.91719
55260,3.12974,17113.2,1.91484
55320,3.23669,17119.0,1.91972
55380,3.46324,17283.9,1.91955
55440,3.74888,17272.8,1.91851
55500,3.43961,17221.9,1.91762
55560,3.48909,17211.0,1.91874
55620,3.55478,17281.1,1.91845
55680,3.72661,17417.1,1.9185
55740,3.83764,17592.0,1.91916
55800,3.82395,17447.6,1.91647
55860,3.85838,17250.4,1.91669
55920,3.54391,17192.7,1.91778
55980,3.79008,17959.8,1.91516
56040,3.69799,18439.3,1.91448
56100,3.87973,18466.8,1.9129
56160,4.05431,18571.7,1.91411
56220,3.75145,18653.4,1.91489
56280,3.79101,18718.7,1.9161
56340,3.90992,18026.1,1.91349
56400,4.03972,17832.8,1.91565
56460,4.07774,17575.5,1.91688
56520,4.08686,17813.8,1.91733
56580,4.11688,17731.8,1.9158
56640,4.16004,17799.8,1.91901
56700,4.22904,18018.4,1.91714
56760,4.18124,18493.4,1.9192
56820,4.40115,18542.8,1.91795
56880,4.32692,17969.4,1.91838
56940,4.4197,18072.6,1.91871
57000,4.13977,17841.5,1.91945
57060,4.49531,18057.2,1.91719
57120,4.50266,18099.0,1.91928
57180,4.62556,18182.5,1.9197
57240,4.46691,18269.2,1.91777
57300,4.66262,18061.8,1.91799
57360,4.39009,18339.0,1.91811
57420,4.47128,18375.7,1.91268
57480,4.17215,18042.1,1.91459
57540,4.12052,18283.7,1.91401
57600,4.43965,18607.0,1.91165
57660,4.13576,17916.8,1.91547
57720,4.57335,17770.7,1.91579
57780,4.78029,18355.9,1.91362
57840,4.47516,18839.3,1.9103
57900,4.1512,17767.1,1.91359
57960,4.0784,17851.2,1.91231
58020,4.20317,17773.5,1.9109
58080,4.11639,17913.0,1.91089
58140,4.36472,17522.1,1.91477
58200,4.34148,17537.9,1.91421
58260,4.52602,17640.0,1.91209
58320,4.56458,17656.6,1.91306
58380,4.68425,17566.5,1.91356
58440,4.21094,17564.1,1.91591
58500,4.49482,17976.7,1.91118
58560,4.44587,17984.1,1.9138
58620,4.4352,18140.9,1.91007
58680,4.3555,18479.9,1.91263
58740,4.49622,17628.2,1.91164
58800,4.41289,17584.6,1.91149
58860,4.60998,17648.9,1.9125
58920,4.27576,18065.3,1.90914
58980,4.21509,18472.1,1.90888
59040,4.43297,18143.7,1.91078
59100,4.60346,17579.7,1.90883
59160,4.1305,17103.2,1.90785
59220,3.92807,16579.8,1.90271
59280,3.97841,16477.4,1.89803
59340,4.19714,16513.7,1.90178
59400,4.11111,17006.6,1.90302
59460,4.09656,17205.0,1.90084
59520,3.99629,16629.7,1.90118
59580,3.79151,16318.4,1.90212
59640,3.79163,16428.8,1.90041
59700,3.80449,16510.3,1.89953
59760,3.98243,16590.5,1.89986
59820,3.70488,16625.5,1.89923
59880,3.80404,17275.2,1.89752
59940,4.06565,18077.0,1.89836
60000,3.81967,17162.2,1.89996
60060,3.88855,17516.8,1.90012
60120,4.06519,17630.8,1.89618
60180,4.16913,17101.3,1.89868
60240,4.05972,17051.2,1.90087
60300,4.13836,17077.6,1.90352
60360,4.52983,17020.4,1.90961
60420,4.04924,17288.1,1.90159
60480,3.87708,17050.7,1.90219
60540,3.78055,16892.8,1.90372
60600,3.79652,17163.2,1.90114
60660,3.62024,16853.2,1.90263
60720,3.85175,17097.3,1.90548
60780,3.98001,17626.4,1.90124
60840,3.73563,16770.4,1.90435
60900,4.07527,17011.5,1.90585
60960,4.08497,17094.3,1.9045
61020,4.043,17010.5,1.90726
61080,4.07084,17830.3,1.90567
61140,4.08466,17440.5,1.9067
61200,3.81367,17144.7,1.90528
61260,4.3582,17333.4,1.90687
61320,4.15909,17111.7,1.90892
61380,4.50192,17424.1,1.90742
61440,4.16444,17286.5,1.90669
61500,4.32265,17247.3,1.90712
61560,3.96774,17029.3,1.90797
61620,4.05123,17238.2,1.90632
61680,4.27447,17083.8,1.90601
61740,4.16842,17338.6,1.90977
61800,4.29744,17172.6,1.90853
61860,4.04706,17100.0,1.90876
61920,4.36422,17271.2,1.90821
61980,4.24721,17298.3,1.90934
62040,3.92852,17224.6,1.91158
62100,3.82602,17367.9,1.91092
62160,3.88514,17050.2,1.90906
62220,4.0685,17423.8,1.91098
62280,4.76276,17861.8,1.91368
62340,4.19104,17586.8,1.91067
62400,4.02439,17279.0,1.91238
62460,4.22187,17345.3,1.91118
62520,4.31535,17505.2,1.91473
62580,4.29487,17677.1,1.91235
62640,4.16802,17332.1,1.91139
62700,4.22619,17599.3,1.91282
62760,3.99129,17571.0,1.9126
62820,4.19007,17448.0,1.91678
62880,4.4329,17653.7,1.9128
62940,4.42067,17556.2,1.91811
63000,4.47435,17507.9,1.91786
63060,4.63171,17470.3,1.91829
63120,4.45751,17449.7,1.91816
63180,3.95213,17257.7,1.91269
63240,4.24691,17450.0,1.9191
63300,4.3454,17562.9,1.91836
63360,4.3887,17564.3,1.91727
63420,4.38636,17671.8,1.91778
63480,4.13242,17545.0,1.91586
63540,4.77389,17703.2,1.91471
63600,4.51968,17663.1,1.91701
63660,4.42942,17378.6,1.91667
63720,4.3722,17698.3,1.91583
63780,4.39848,17947.1,1.91519
63840,4.2075,17386.6,1.91509
63900,3.82441,16606.3,1.91383
63960,4.15554,16710.5,1.91136
64020,3.83164,16535.6,1.90976
64080,3.9463,16834.0,1.9109
64140,3.78023,17720.3,1.90943
64200,3.5808,16505.0,1.90969
64260,3.36916,16337.7,1.90313
64320,3.2441,15927.6,1.89993
64380,3.03356,15916.7,1.9014
64440,3.45688,15873.7,1.90254
64500,3.62135,16010.5,1.90291
64560,3.09426,15892.2,1.90118
64620,3.59977,16286.5,1.90275
64680,3.58628,15945.3,1.90043
64740,2.99541,15569.0,1.89888
64800,3.5514,16010.2,1.90081
