CampaignData_and_Merges/R0/CSL_MobileLab_Parked/raw/20240804/USOS-POPS_MobileLabGround_20240804_R0.ict
78, 1001
Thornberry, T. D.
NOAA Chemical Sciences Laboratory
Portable Optical Particle Spectrometer (POPS)
USOS
1, 1
2024, 08, 04, 2025, 05, 08
60
Time_Start, seconds_past_midnight, Start time of measurement
45
1, 1, 1, 1, 1, 1, 1, 1, 1, 1, 1, 1, 1, 1, 1, 1, 1, 1, 1, 1, 1, 1, 1, 1, 1, 1, 1, 1, 1, 1, 1, 1, 1, 1, 1, 1, 1, 1, 1, 1, 1, 1, 1, 1, 1
-9999, -9999, -9999, -9999, -9999, -9999, -9999, -9999, -9999, -9999, -9999, -9999, -9999, -9999, -9999, -9999, -9999, -9999, -9999, -9999, -9999, -9999, -9999, -9999, -9999, -9999, -9999, -9999, -9999, -9999, -9999, -9999, -9999, -9999, -9999, -9999, -9999, -9999, -9999, -9999, -9999, -9999, -9999, -9999, -9999
Time_Stop, seconds_past_midnight, Stop time of measurement
Time_Mid, seconds_past_midnight, Mid time of measurement
Press_mb, mb, Pressure reported (mb)
Temp_C, degrees C, POPS temperature measurement
Aerosol_concentration, cm^-3, Aerosol concentration
Surface_Area_Conc, um^2 cm^-3, Surface area concentration
Volume_density, um^3 cm^-3, Volume density
Effective_radius, um, Effective radius
Extinction, km^-1, Extinction
Bin01, cm^-3, particle concentration in size range [1401 - 146.3 nm]
Bin02, cm^-3, particle concentration in size range [146.3 - 152.8 nm]
Bin03, cm^-3, particle concentration in size range [152.8 - 159.6 nm]
Bin04, cm^-3, particle concentration in size range [159.6 - 166.8 nm]
Bin05, cm^-3, particle concentration in size range [166.8 - 174.2 nm]
Bin06, cm^-3, particle concentration in size range [174.2 - 181.9 nm]
Bin07, cm^-3, particle concentration in size range [181.9 - 190.0 nm]
Bin08, cm^-3, particle concentration in size range [190.0 - 198.5 nm]
Bin09, cm^-3, particle concentration in size range [198.5 - 207.4 nm]
Bin10, cm^-3, particle concentration in size range [207.4 - 216.6 nm]
Bin11, cm^-3, particle concentration in size range [216.6 - 226.2 nm]
Bin12, cm^-3, particle concentration in size range [226.2 - 236.3 nm]
Bin13, cm^-3, particle concentration in size range [236.3 - 246.8 nm]
Bin14, cm^-3, particle concentration in size range [246.8 - 257.8 nm]
Bin15, cm^-3, particle concentration in size range [257.8 - 269.3 nm]
Bin16, cm^-3, particle concentration in size range [269.3 - 343.4 nm]
Bin17, cm^-3, particle concentration in size range [343.4 - 450.7 nm]
Bin18, cm^-3, particle concentration in size range [450.7 - 525.9 nm]
Bin19, cm^-3, particle concentration in size range [525.9 - 618.5 nm]
Bin20, cm^-3, particle concentration in size range [618.5 - 710.0 nm]
Bin21, cm^-3, particle concentration in size range [710.0 - 822.7 nm]
Bin22, cm^-3, particle concentration in size range [822.7 - 885.9 nm]
Bin23, cm^-3, particle concentration in size range [885.9 - 953.9 nm]
Bin24, cm^-3, particle concentration in size range [953.9 - 1027.2 nm]
Bin25, cm^-3, particle concentration in size range [1027.2 - 1106.1 nm]
Bin26, cm^-3, particle concentration in size range [1106.1 - 1191.0 nm]
Bin27, cm^-3, particle concentration in size range [1191.0 - 1282.5 nm]
Bin28, cm^-3, particle concentration in size range [1282.5 - 1381.0 nm]
Bin29, cm^-3, particle concentration in size range [1381.0 - 1487.1 nm]
Bin30, cm^-3, particle concentration in size range [1487.1 - 1601.3 nm]
Bin31, cm^-3, particle concentration in size range [1601.3 - 1724.3 nm]
[...]
PLATFORM: NOAA CSL Mobile Lab
LOCATION: USOS
ASSOCIATED_DATA: N/A
INSTRUMENT_INFO: Printed Optical Particle Spectrometer counts particles from 140 - 2500 nm in diameter 
DATA_INFO: Particle concentrations reported in number per cubic centimeter,1 Hz data
UNCERTAINTY: Counting uncertainty dominated by air flow, less than 5 percent. Measurement range is ~0 - 3000 per cm3 (varies depending on flow rate- manufacturer quotes 1250 per cm3 at 1.667 cc/s)
ULOD_FLAG: -7777
ULOD_VALUE: N/A
LLOD_FLAG: -8888
LLOD_VALUE: N/A
DM_CONTACT_INFO: Troy Thornberry, 325 Broadway R/CSL6, Boulder, CO 80305; troy.thornberry@noaa.gov; 303-497-3373
PROJECT_INFO: USOS, Utah POPS data from NOAA CSL Mobile Lab
STIPULATIONS_ON_USE: Please contact the PIs for questions regarding applications and uncertainties
OTHER_COMMENTS: POPS bin Edges (nm):  140.1, 146.3, 152.8, 159.6, 166.8, 174.2, 181.9, 190.0, 198.5, 207.4, 216.6, 226.2, 236.3, 246.8, 257.8, 269.3, 343.4, 450.7, 525.9, 618.5, 710.0, 822.7, 885.9, 953.9, 1027.2, 1106.1, 1191.0, 1282.5, 1381.0, 1487.1, 1601.3, 1724.3, 1856.7, 1999.3, 2152.8, 2318.2, 2496.2
Calculations assume organic aerosol refractive index of 1.52+0.00j and extinction wavelength = 532 nm
REVISION: R0
R0: Final data
Time_Start, Time_Stop, Time_Mid, Press_mb, Temp_C, Aerosol_concentration, Surface_Area_Conc, Volume_density, Effective_radius, Extinction, Bin01, Bin02, Bin03, Bin04, Bin05, Bin06, Bin07, Bin08, Bin09, Bin10, Bin11, Bin12, Bin13, Bin14, Bin15, Bin16, Bin17, Bin18, Bin19, Bin20, Bin21, Bin22, Bin23, Bin24, Bin25, Bin26, Bin27, Bin28, Bin29, Bin30, Bin31, Bin32, Bin33, Bin34, Bin35, Bin36
[from data line 797]
47820,47879,47850,872.617,31.890,234.420,37.863,2.702,0.205,0.011,24.555506,21.433102,19.670773,17.751663,16.571022,15.069391,13.124056,11.748612,10.682579,9.753310,9.647967,8.863284,9.061848,8.671746,7.197179,21.416088,6.447783,1.343408,0.753549,0.100037,0.072391,0.056211,0.022397,0.027407,0.039288,0.033797,0.033102,0.044357,0.010983,0.022228,0.038553,0.044777,0.016376,0.028382,0.039342,0.027975
47880,47939,47910,872.644,31.801,235.553,38.230,2.609,0.197,0.011,24.202742,22.228888,19.680099,17.944139,16.407787,14.752568,12.764904,12.199684,10.612180,10.209005,9.404919,9.411088,8.728916,8.391673,7.044973,21.853806,6.562534,1.631062,0.749883,0.110779,0.105079,0.077981,0.049773,0.049901,0.050044,0.038819,0.033711,0.016784,0.044747,0.038618,0.028193,0.033701,0.016548,0.039053,0.016112,0.022221
47940,47999,47970,872.643,31.952,234.520,37.578,2.585,0.201,0.011,24.395096,21.755138,19.510651,18.292198,16.298286,14.264005,13.184958,12.039761,10.712046,9.752698,9.383563,9.561267,9.293177,8.583709,6.722660,21.702618,6.200340,1.544749,0.580270,0.132830,0.099743,0.072070,0.039704,0.027902,0.033575,0.044716,0.027458,0.021896,0.039144,0.027330,0.043763,0.059888,0.022139,0.027800,0.005767,0.016735
48000,48059,48030,872.657,32.065,232.811,38.469,2.852,0.215,0.012,24.316019,21.815672,19.040201,17.837473,15.685619,14.243034,13.063529,11.914878,10.691440,9.677855,9.889274,9.156865,8.989431,8.350438,7.178350,21.399714,6.548709,1.524860,0.624518,0.138944,0.137360,0.061209,0.027272,0.038593,0.066641,0.037941,0.016695,0.027625,0.050515,0.033460,0.082920,0.045029,0.021934,0.016733,0.016341,0.044080
48060,48119,48090,872.654,32.109,233.032,38.153,2.723,0.206,0.011,23.619423,21.961807,18.620249,18.148777,16.204456,14.241280,13.132769,11.470019,11.075768,9.830181,9.383785,9.448348,8.896243,8.834244,7.087334,21.768572,6.392490,1.457196,0.637558,0.156198,0.111599,0.056489,0.044622,0.060819,0.038651,0.033750,0.011224,0.027582,0.039519,0.033910,0.066437,0.039621,0.033401,0.016780,0.016911,0.033751
48120,48179,48150,872.669,31.990,261.485,39.632,2.527,0.185,0.011,30.404423,27.646227,24.221403,20.888844,19.237806,16.679852,14.619127,12.807598,11.576621,10.150232,9.520617,9.102023,9.001165,8.556099,6.719705,21.617914,5.846989,1.484481,0.721691,0.100793,0.084904,0.039778,0.062076,0.038980,0.028525,0.044637,0.028430,0.033518,0.028108,0.034076,0.034241,0.011151,0.044731,0.028450,0.017015,0.022867
48180,48239,48210,872.682,31.778,237.549,37.268,2.337,0.183,0.011,26.443726,22.654278,20.173338,18.532154,16.488773,14.582152,13.288566,12.150595,10.653200,9.705023,9.270017,9.002906,8.779623,8.838070,6.724773,21.032116,6.381062,1.521468,0.603737,0.122003,0.128050,0.072355,0.033417,0.033848,0.039043,0.043954,0.055043,0.016773,0.022701,0.016838,0.049925,0.016685,0.021954,0.016945,0.017096,0.016654
48240,48299,48270,872.712,31.723,251.021,37.638,2.287,0.178,0.010,29.918880,26.012669,22.276154,20.124332,17.896856,15.134830,13.924824,12.497020,10.623062,10.121979,8.720509,9.386003,8.734296,8.803390,6.620252,21.382343,6.200765,1.426541,0.689622,0.107404,0.078587,0.034100,0.022965,0.045513,0.016842,0.039285,0.005805,0.011452,0.017010,0.023041,0.022830,0.039542,0.016734,0.017026,0.017121,0.011433
48300,48359,48330,872.728,31.801,266.032,40.944,2.786,0.197,0.011,32.263634,28.079178,24.513510,20.681549,18.942368,16.210016,14.374207,12.653103,11.347179,10.281524,9.748900,9.530321,9.400133,9.060064,7.299256,22.088142,6.521914,1.570970,0.747618,0.122556,0.071967,0.055539,0.083573,0.056061,0.021903,0.016742,0.011077,0.033581,0.000000,0.033354,0.072345,0.039297,0.022249,0.011479,0.033579,0.033307
48360,48419,48390,872.758,32.062,233.197,37.515,2.504,0.195,0.011,24.769356,21.900194,19.718809,17.627113,16.701990,14.222054,12.823834,11.966933,10.532001,9.438268,9.212131,8.749398,9.054460,8.327513,7.093649,21.418524,6.777978,1.543872,0.607848,0.144196,0.126653,0.049898,0.043579,0.033192,0.016632,0.011137,0.038672,0.016467,0.010965,0.027492,0.060403,0.016823,0.049560,0.027386,0.016466,0.021948
48420,48479,48450,872.777,32.162,232.731,37.285,2.542,0.196,0.011,24.619431,21.752319,19.291296,18.288029,16.144369,14.076069,12.915650,11.609847,10.584279,9.705193,9.578158,9.227596,8.970188,8.576840,6.935018,21.459085,6.183661,1.524578,0.630420,0.127868,0.089050,0.039277,0.011104,0.027870,0.044950,0.027874,0.022450,0.028207,0.027718,0.022424,0.078182,0.033252,0.016911,0.005727,0.022392,0.033477
48480,48539,48510,872.780,32.057,228.136,35.779,2.291,0.186,0.010,23.562864,21.945288,18.977976,17.546917,15.947769,14.641185,12.892131,11.830829,10.629149,9.416183,9.617317,9.026591,8.770956,7.850322,6.497251,20.185535,6.249527,1.444106,0.542672,0.083375,0.077827,0.050254,0.033969,0.044096,0.033445,0.016708,0.028292,0.011223,0.032999,0.016419,0.022009,0.016911,0.022442,0.027439,0.011043,0.032885
48540,48599,48570,872.790,31.939,223.375,34.982,2.241,0.187,0.010,23.563326,20.922579,19.059698,17.218348,16.174812,13.243868,12.764283,11.351491,10.358975,9.567127,8.828163,8.594091,8.529232,8.349073,6.586282,19.930748,5.790649,1.457334,0.509499,0.105347,0.071595,0.055190,0.050099,0.021943,0.033138,0.016709,0.022392,0.010650,0.033083,0.027246,0.033455,0.022193,0.000000,0.022218,0.027624,0.022484
48600,48659,48630,872.792,31.851,222.036,35.595,2.445,0.201,0.010,22.693909,21.063013,19.189865,16.978029,15.619492,13.944284,12.411831,11.195641,10.012499,9.495135,8.731865,8.733371,8.889800,8.239337,6.631002,19.776489,5.838238,1.284707,0.629683,0.106213,0.100112,0.044201,0.028387,0.044483,0.038394,0.010965,0.044583,0.027840,0.033340,0.027624,0.050344,0.021865,0.033539,0.011086,0.021686,0.033136
48660,48719,48690,872.785,31.959,223.084,35.282,2.302,0.189,0.010,23.197878,21.251839,18.291525,17.698936,15.847630,14.090006,12.153384,11.304987,9.741455,9.579140,9.076314,8.685232,8.535941,8.116712,6.584744,20.503107,5.915991,1.378905,0.491165,0.122687,0.082993,0.061030,0.060424,0.033544,0.010806,0.022282,0.021840,0.034045,0.016269,0.033576,0.022122,0.022185,0.033698,0.028111,0.005612,0.027598
48720,48779,48750,872.789,32.217,223.253,35.132,2.277,0.187,0.010,23.415621,20.976856,19.112062,16.841488,15.860068,13.928883,12.289928,11.315011,9.710686,9.542109,8.879187,8.946667,8.800419,7.960167,6.755198,20.513515,5.876378,1.480433,0.499154,0.050576,0.078135,0.093924,0.044476,0.027380,0.021988,0.011123,0.027458,0.010770,0.033257,0.022107,0.017069,0.027841,0.016801,0.011181,0.033112,0.022011
48780,48839,48810,872.802,32.278,224.364,35.084,2.145,0.179,0.010,23.237648,20.332306,18.989931,17.387251,15.693427,14.198443,12.589743,10.883372,10.370903,9.415698,8.759284,9.452096,8.875591,8.040169,6.539944,21.035788,6.004880,1.433773,0.615680,0.089228,0.072415,0.044215,0.039161,0.027722,0.027750,0.000000,0.011043,0.039020,0.028049,0.016981,0.022280,0.028218,0.028010,0.000000,0.022245,0.011304
48840,48899,48870,872.789,32.130,228.843,35.792,2.265,0.184,0.010,24.560575,21.203997,19.563669,17.494814,15.764068,14.680073,12.800058,11.722350,10.327611,9.312880,9.313907,9.079673,8.578815,7.823953,6.561208,21.284718,6.128578,1.411156,0.667121,0.100358,0.099859,0.061115,0.050669,0.016708,0.022220,0.022583,0.016594,0.011074,0.005464,0.016617,0.028123,0.033430,0.039239,0.005574,0.005447,0.028252
48900,48959,48930,872.788,31.955,231.762,36.316,2.297,0.185,0.010,24.994841,21.726976,19.485508,17.795317,16.356688,14.323395,12.490499,11.726635,10.438542,9.826233,9.029813,9.005999,9.274636,8.491944,6.883782,20.981064,6.332680,1.414325,0.565869,0.083099,0.117562,0.056020,0.038904,0.060995,0.021828,0.027431,0.027896,0.016783,0.022102,0.011168,0.038886,0.033238,0.011050,0.011149,0.016931,0.022229
48960,49019,48990,872.800,31.934,234.406,36.926,2.301,0.182,0.010,25.199764,22.306252,19.062414,17.860680,16.231953,14.767789,13.256786,11.946182,10.364361,9.895468,9.344058,9.205126,9.060827,8.294265,7.176031,21.535954,6.130189,1.535698,0.620578,0.122432,0.061599,0.044110,0.032907,0.033573,0.033725,0.044997,0.033010,0.027730,0.027553,0.033512,0.027881,0.005291,0.016894,0.021829,0.016727,0.027939
49020,49079,49050,872.805,32.076,236.770,38.090,2.572,0.196,0.011,24.802008,22.019436,20.508238,18.563761,16.285963,14.473785,13.059689,11.984935,11.007112,10.047256,9.493774,8.959033,8.831084,8.455268,6.941952,22.300541,6.055835,1.570103,0.656513,0.111758,0.145264,0.044959,0.061726,0.016341,0.033626,0.039237,0.016433,0.049526,0.022446,0.033758,0.055411,0.016781,0.017066,0.039167,0.033172,0.017108
49080,49139,49110,872.818,32.288,237.218,37.979,2.563,0.196,0.011,24.913164,22.558001,19.792713,18.332296,16.400669,15.118960,12.813925,11.838778,10.818440,10.059518,9.541683,9.342608,9.167417,8.937600,7.151625,21.333672,6.089496,1.593005,0.703192,0.099774,0.150164,0.022151,0.055956,0.045001,0.033731,0.021867,0.032789,0.011168,0.016291,0.038584,0.060923,0.022736,0.022376,0.027867,0.022067,0.027688
49140,49199,49170,872.831,32.254,244.432,39.322,2.628,0.196,0.011,25.667542,23.074062,20.910471,18.277058,17.107372,15.689064,13.495681,12.502741,10.801183,10.399053,9.776358,8.879256,9.946653,8.768742,7.445673,22.277576,6.211503,1.569782,0.767414,0.152283,0.135195,0.072979,0.102268,0.033926,0.045211,0.039905,0.016992,0.017317,0.033917,0.045567,0.051488,0.016981,0.034186,0.011078,0.033585,0.021945
49200,49259,49230,872.830,32.140,249.638,40.548,2.883,0.207,0.012,26.381643,23.580763,20.939716,18.592318,17.774078,15.416195,14.395395,12.748818,10.783861,10.309334,9.758349,9.831112,9.708407,9.094061,7.264709,22.707712,6.832925,1.819323,0.797795,0.227572,0.133728,0.115575,0.055730,0.050121,0.038926,0.016557,0.016692,0.028003,0.005727,0.016694,0.027776,0.045669,0.033761,0.005727,0.033324,0.050021
49260,49319,49290,872.834,32.090,246.200,39.562,2.650,0.196,0.012,26.155437,22.382618,20.672150,19.378590,17.229839,15.551415,13.602360,12.628876,11.345151,10.441498,9.410281,9.800990,9.404522,8.929341,6.966646,22.393032,6.664203,1.668204,0.793329,0.121534,0.122775,0.071938,0.066422,0.056172,0.044598,0.043987,0.005394,0.021970,0.022408,0.033568,0.049129,0.022132,0.027957,0.016802,0.016430,0.038696
49320,49379,49350,872.833,31.963,249.038,38.860,2.299,0.174,0.011,26.523186,23.572350,20.841213,19.623890,17.649027,15.114172,14.013826,12.220517,11.316686,10.583760,9.774918,9.708495,9.463375,9.146744,7.151070,22.520781,6.704524,1.665243,0.693792,0.199767,0.111417,0.072464,0.060768,0.044638,0.033140,0.033703,0.027701,0.022739,0.027507,0.011055,0.022128,0.016831,0.021978,0.016688,0.022198,0.005727
49380,49439,49410,872.835,31.764,247.330,40.172,2.919,0.212,0.012,26.424273,23.594452,21.447758,19.306479,17.206339,15.373291,13.679207,12.474008,10.980905,10.255601,9.539679,9.984395,9.004737,8.596474,7.415017,21.856302,6.753939,1.759414,0.836605,0.155863,0.127565,0.055657,0.066068,0.044501,0.044238,0.027575,0.037997,0.016548,0.022096,0.027658,0.033050,0.049532,0.055624,0.005325,0.038811,0.033291
49440,49499,49470,872.836,31.622,249.300,39.257,2.525,0.186,0.011,26.672609,24.698099,21.393362,19.108969,17.862730,15.661629,13.649279,12.465313,10.931988,10.019657,9.715039,9.377904,9.456808,8.954922,6.934843,22.411934,6.750093,1.830518,0.666353,0.182526,0.129654,0.046449,0.067393,0.022929,0.027701,0.028252,0.022359,0.005885,0.028264,0.028291,0.040274,0.028639,0.016857,0.011243,0.023037,0.028317
49500,49559,49530,872.825,31.668,248.550,39.503,2.497,0.183,0.011,26.149328,22.561167,21.437325,18.651068,17.341106,15.605273,13.968163,12.359439,11.624094,10.578431,10.156203,9.962297,9.318103,8.784745,6.944568,23.008558,6.793659,1.780000,0.776668,0.206500,0.154328,0.033202,0.049607,0.033721,0.027826,0.033528,0.033119,0.016708,0.010979,0.027787,0.016653,0.011189,0.005669,0.028085,0.022524,0.038438
49560,49619,49590,872.821,31.917,246.719,38.420,2.348,0.179,0.011,26.006184,24.098722,20.440081,19.491735,17.629602,15.750223,13.247786,12.215105,10.920610,10.233160,9.727395,9.323885,9.394684,9.254161,6.944334,22.274433,6.854688,1.561383,0.715991,0.149939,0.094145,0.038923,0.061473,0.033369,0.011455,0.028309,0.033060,0.028030,0.033060,0.005501,0.016859,0.033020,0.028158,0.005767,0.022405,0.011151
49620,49679,49650,872.823,32.059,244.569,38.018,2.189,0.169,0.011,25.564331,23.201733,20.276871,18.935461,17.298277,15.039333,13.650181,12.264715,10.799933,10.429746,9.879950,9.632671,9.297719,8.972038,7.360568,22.401735,6.602146,1.639667,0.699034,0.140205,0.144264,0.016629,0.044557,0.039076,0.033955,0.033704,0.005429,0.021799,0.016429,0.011396,0.061121,0.010948,0.005394,0.010859,0.016628,0.010932
49680,49739,49710,872.825,31.992,243.447,37.650,2.239,0.175,0.010,25.824839,23.133173,20.552961,18.784422,17.034132,15.640037,13.531075,12.005470,11.051914,10.464281,9.204839,9.797059,9.336066,8.647565,7.210002,21.896717,6.492052,1.500699,0.749428,0.165768,0.077410,0.044163,0.033066,0.033624,0.038847,0.016381,0.032878,0.011261,0.016671,0.016544,0.027715,0.021896,0.010877,0.005501,0.010754,0.027326
49740,49799,49770,872.825,31.859,241.038,37.661,2.325,0.181,0.010,25.504412,22.492315,20.438366,18.406076,17.232651,15.272244,13.286656,12.119148,10.823595,10.392825,9.647257,9.170529,9.221927,8.360603,6.835730,22.507509,6.615746,1.456153,0.635763,0.133729,0.095089,0.050424,0.038833,0.021797,0.050036,0.016564,0.016951,0.033224,0.028064,0.021862,0.016730,0.027599,0.016687,0.011210,0.016670,0.022534
49800,49859,49830,872.834,31.729,241.591,37.106,2.191,0.173,0.010,26.790039,22.760784,20.523613,18.935560,16.956600,15.422807,13.410379,11.855199,10.618133,10.094453,9.634064,9.255591,9.165174,8.779318,6.949198,21.462002,6.319814,1.407638,0.647434,0.150550,0.098864,0.038649,0.060116,0.016327,0.044195,0.016439,0.028391,0.011416,0.005291,0.010807,0.027653,0.016358,0.044537,0.000000,0.022133,0.011079
49860,49919,49890,872.847,31.706,239.272,37.027,2.319,0.183,0.010,26.044548,23.181444,20.309561,19.079790,17.223381,15.139733,13.205028,12.108482,10.758804,9.603928,9.116749,9.290586,8.522523,8.691529,6.859486,21.346514,5.961174,1.593086,0.634619,0.128814,0.088731,0.060793,0.022467,0.049569,0.011338,0.016676,0.022417,0.033396,0.027629,0.022526,0.027593,0.022106,0.000000,0.010840,0.022536,0.033176
49920,49979,49950,872.866,31.560,237.705,36.176,2.122,0.171,0.010,25.200863,23.135376,20.507843,18.695730,16.657654,14.911571,13.713763,12.565921,10.708833,9.966617,9.340168,8.903209,8.841538,8.308746,6.845452,20.803637,6.047352,1.496805,0.612691,0.083457,0.050646,0.044866,0.033217,0.022424,0.027762,0.010947,0.016705,0.016576,0.022527,0.022195,0.005631,0.005631,0.005574,0.028056,0.017046,0.027612
49980,50039,50010,872.866,31.593,238.295,36.192,2.115,0.171,0.010,26.426201,22.949062,19.946598,18.682299,16.810486,15.191585,13.678181,11.856808,10.588663,10.336246,9.129669,9.229721,8.700016,8.419319,6.795759,20.986183,6.006179,1.471418,0.618314,0.089311,0.066172,0.061365,0.038773,0.027715,0.016812,0.005556,0.005359,0.005376,0.028134,0.016726,0.027644,0.016802,0.022290,0.005708,0.027299,0.010911
50040,50099,50070,872.878,31.841,235.929,35.924,2.122,0.173,0.010,25.580118,22.915493,19.831066,18.333956,16.843945,14.958973,12.913932,11.964240,10.631889,9.677938,9.252373,9.026189,8.843216,8.410048,6.923578,21.291960,6.097742,1.399494,0.600469,0.066470,0.077150,0.027561,0.055319,0.016896,0.022245,0.016181,0.022101,0.005394,0.005394,0.005394,0.022223,0.022700,0.005631,0.022378,0.022209,0.016761
50100,50159,50130,872.888,31.936,231.631,35.583,2.064,0.168,0.010,24.604586,22.461920,20.101385,18.485575,16.172503,14.808112,12.844469,11.522829,10.147471,9.267443,9.102986,9.232270,8.503442,7.972554,6.663816,20.764034,6.265499,1.482570,0.718779,0.140069,0.060855,0.061021,0.011060,0.016182,0.028250,0.022652,0.016755,0.033702,0.005631,0.016729,0.039658,0.011379,0.000000,0.005464,0.016981,0.022527
