CampaignData_and_Merges/R0/CSL_MobileLab_Parked/raw/20240804/USOS-NOy-LIF_MobileLabGround_20240804_R0.ict
39,1001
Rollins, A.; Waxman, E.; Zuraski, K.; Chace, W.
NOAA Chemical Sciences Laboratory
LIF NO/NOx/NOy on CSL Mobile Lab
AMMBEC / USOS
1, 1
2024,08,04, 2025,01,04
1
Time_Start, seconds, number_of_seconds_since_0000_UTC
7
1, 1, 1, 1, 1, 1, 1
-9999, -9999, -9999, -9999, -9999, -9999, -9999
Time_Stop, seconds, number_of_seconds_since_0000_UTC
NO_LIF, pptv, Gas_NO_InSitu_S_AVMR, volume mixing ratio of nitric oxide in air
NO2_LIF, pptv, Gas_NO2_InSitu_S_AVMR, volume mixing ratio of nitrogen dioxide in air
NOy_LIF, pptv, Gas_NOy_InSitu_S_AVMR, volume mixing ratio of total oxidized nitrogen in air
NO_LIF_1SigmaAccuracy, pptv, Gas_NO_InSitu_S_AVMR, volume mixing ratio of nitric oxide in air
NO2_LIF_1SigmaAccuracy, pptv, Gas_NO2_InSitu_S_AVMR, volume mixing ratio of nitrogen dioxide in air
NOy_LIF_1SigmaAccuracy, pptv, Gas_NOy_InSitu_S_AVMR, volume mixing ratio of total oxidized nitrogen in air
0
18
PI_CONTACT_INFO: andrew.rollins@noaa.gov
PLATFORM: CSL Mobile Lab
LOCATION: Salt Lake City, UT
ASSOCIATED_DATA:
INSTRUMENT_INFO: NO detection by laser induced fluorescence. NO2 detection by photolytic conversion to NO. NOy detection by catalytic conversion to NO on gold surface
DATA_INFO:
UNCERTAINTY: Included 1 Sigma Accuracy waves represent the combined calibration uncertainties (±6%, ±9%, ±10%) and zero uncertainties (3 ppt, 20 ppt, 100 ppt) for NO, NO2, and NOy, respectively.
ULOD_FLAG: -7777
ULOD_VALUE: N/A
LLOD_FLAG: -8888
LLOD_VALUE: N/A
DM_CONTACT_INFO: andrew.rollins@noaa.gov
PROJECT_INFO: USOS Project, July - August 2024
STIPULATIONS_ON_USE: Users are strongly encouraged to contact the PI for proper data usage.
OTHER_COMMENTS:
REVISION: R0
R0: final data
Time_Start, Time_Stop, NO_LIF, NO2_LIF, NOy_LIF, NO_LIF_1SigmaAccuracy, NO2_LIF_1SigmaAccuracy, NOy_LIF_1SigmaAccuracy
[from data line 1054]
   63240,   63300,466.26,1948.6,3877.6,30.975, 195.38, 487.76
   63300,   63360,503.22,1986.9,3963.2,33.193, 198.82, 496.32
   63360,   63420,510.07,2033.5,4020.7,33.604, 203.02, 502.07
   63420,   63480,507.57,2109.8,4057.3,33.454, 209.88, 505.73
   63480,   63540,556.74,2227.6,4326.5,36.404, 220.48, 532.65
   63540,   63600,610.73,2371.4,4583.3,39.644, 233.42, 558.33
   63600,   63660,557.74,2430.5,4455.1,36.464, 238.74, 545.51
   63660,   63720,487.82,2032.6,3933.8,32.269, 202.93, 493.38
   63720,   63780,547.85,2167.2,4230.8,35.871, 215.05, 523.08
   63780,   63840,535.25,2086,4130.1,35.115, 207.74, 513.01
   63840,   63900,512.39,1924.2,3982.2,33.743, 193.18, 498.22
   63900,   63960,453.07,1737.8,3516.8,30.184, 176.41, 451.68
   63960,   64020,428.51,1720.4,3467.1,28.71, 174.83, 446.71
   64020,   64080,406.91,1644.2,3263.9,27.415, 167.98, 426.39
   64080,   64140,381.6,1549.6,3103.6,25.896, 159.46, 410.36
   64140,   64200,873.76,2735.3,5042.8,55.426, 266.18, 604.28
   64200,   64260,519.54,1844.7,3597.7,34.172, 186.03, 459.77
   64260,   64320,481.29,1805.9,3287,31.877, 182.53, 428.7
   64320,   64380,308.42,1182.3,2356.5,21.505, 126.41, 335.65
   64380,   64440,340.36,1296.8,2545.7,23.422, 136.72, 354.57
   64440,   64500,386.96,1411.8,2680.6,26.217, 147.07, 368.06
   64500,   64560,362.4,1423.2,2702.8,24.744, 148.09, 370.28
   64560,   64620,322.37,1267,2535.9,22.342, 134.03, 353.59
   64620,   64680,320.76,1311.3,2578,22.246, 138.02, 357.8
   64680,   64740,352.09,1371.1,2680.6,24.125, 143.4, 368.06
   64740,   64800,268.27,1079.9,2234.4,19.096, 117.19, 323.44
   64800,   64860,354.83,1376.2,2554.2,24.29, 143.86, 355.42
   64860,   64920,369.72,1423.1,2859.6,25.183, 148.08, 385.96
   64920,   64980,353.51,1405.5,2765.6,24.21, 146.5, 376.56
   64980,   65040,563.56,1815.3,3253.3,36.813, 183.38, 425.33
   65040,   65100,314.65,1203.4,2357.9,21.879, 128.3, 335.79
   65100,   65160,475.46,1655.1,2734.9,31.527, 168.96, 373.49
   65160,   65220,818.8,2409.1,3916.7,52.128, 236.82, 491.67
   65220,   65280,494.04,1546.6,2722.4,32.642, 159.2, 372.24
   65280,   65340,389.62,1351.7,2639,26.377, 141.66, 363.9
   65340,   65400,573.71,1671.7,3073,37.423, 170.45, 407.3
   65400,   65460,499.99,1692.7,2951,32.999, 172.35, 395.1
   65460,   65520,447,1414.1,2590,29.82, 147.27, 359
   65520,   65580,287.76,1110.3,2094.4,20.265, 119.93, 309.44
   65580,   65640,227.62,937.75,1896.2,16.657, 104.4, 289.62
   65640,   65700,308.85,1133.9,2138.6,21.531, 122.05, 313.86
   65700,   65760,196.31,785.54,1602.6,14.779, 90.699, 260.26
   65760,   65820,284.63,923.94,1964.6,20.078, 103.15, 296.46
   65820,   65880,209.28,820.44,1737.7,15.557, 93.84, 273.77
   65880,   65940,428.3,1383.9,2663.2,28.698, 144.55, 366.32
   65940,   66000,1664.9,2657.1,4423.2,102.9, 259.14, 542.32
   66000,   66060,-9999,-9999,-9999,-9999, -9999, -9999
   66060,   66120,-9999,-9999,-9999,-9999, -9999, -9999
   66120,   66180,-9999,-9999,-9999,-9999, -9999, -9999
   66180,   66240,-9999,-9999,-9999,-9999, -9999, -9999
   66240,   66300,-9999,-9999,-9999,-9999, -9999, -9999
   66300,   66360,-9999,-9999,-9999,-9999, -9999, -9999
   66360,   66420,-9999,-9999,-9999,-9999, -9999, -9999
   66420,   66480,277.02,1156.5,2357.9,19.621, 124.09, 335.79
   66480,   66540,243,1023.5,2145.3,17.58, 112.12, 314.53
   66540,   66600,245.61,1038.8,2138.9,17.736, 113.49, 313.89
   66600,   66660,249.63,993.11,2112.4,17.978, 109.38, 311.24
   66660,   66720,250.1,1057.3,2217.1,18.006, 115.16, 321.71
   66720,   66780,234.97,1009,2175.8,17.098, 110.81, 317.58
   66780,   66840,214.9,988.02,2118.4,15.894, 108.92, 311.84
   66840,   66900,216.77,1039.6,2169.5,16.006, 113.57, 316.95
   66900,   66960,333.23,1353.5,2553,22.994, 141.82, 355.3
   66960,   67020,232.53,1069.4,2186.3,16.952, 116.25, 318.63
   67020,   67080,219.55,1068.7,2128.4,16.173, 116.18, 312.84
   67080,   67140,172.22,810.49,1790.2,13.333, 92.944, 279.02
   67140,   67200,169.34,749.65,1649.7,13.16, 87.469, 264.97
   67200,   67260,173.35,691.24,1641.2,13.401, 82.211, 264.12
   67260,   67320,174.48,733.14,1689.4,13.469, 85.983, 268.94
   67320,   67380,175.92,803.4,1777.3,13.555, 92.306, 277.73
   67380,   67440,196.05,913.39,1882.3,14.763, 102.21, 288.23
   67440,   67500,188.13,909.5,1942,14.288, 101.86, 294.2
   67500,   67560,175.6,835.4,1844.3,13.536, 95.186, 284.43
   67560,   67620,158.41,703.1,1689.8,12.505, 83.279, 268.98
   67620,   67680,166.42,745.81,1794.4,12.985, 87.123, 279.44
   67680,   67740,184.27,794.33,1828.3,14.056, 91.49, 282.83
   67740,   67800,202.24,890.5,1949.5,15.135, 100.15, 294.95
   67800,   67860,198.09,886.78,1908.8,14.886, 99.81, 290.88
   67860,   67920,212.52,956.45,2070.6,15.751, 106.08, 307.06
   67920,   67980,211.08,1024.9,2175.4,15.665, 112.24, 317.54
   67980,   68040,205.05,1060,2221.3,15.303, 115.4, 322.13
   68040,   68100,202.86,1065,2192,15.172, 115.85, 319.2
   68100,   68160,222.8,1131.6,2353.9,16.368, 121.85, 335.39
   68160,   68220,231.23,1121.4,2302.9,16.874, 120.93, 330.29
   68220,   68280,237.74,1146.3,2365.9,17.265, 123.17, 336.59
   68280,   68340,263.64,1133.9,2308.9,18.819, 122.05, 330.89
   68340,   68400,312.68,1281.6,2403.2,21.761, 135.34, 340.32
   68400,   68460,304.91,1269.7,2452,21.295, 134.28, 345.2
   68460,   68520,311.2,1290.7,2533.1,21.672, 136.16, 353.31
   68520,   68580,293.91,1202.6,2402.3,20.635, 128.24, 340.23
   68580,   68640,273.69,1135.4,2263.7,19.421, 122.18, 326.37
   68640,   68700,260.53,1056,2131.9,18.632, 115.04, 313.19
   68700,   68760,243.02,1055.4,2216.1,17.581, 114.99, 321.61
   68760,   68820,256.47,1104.7,2179.4,18.388, 119.42, 317.94
   68820,   68880,295.64,1173.8,2331.7,20.738, 125.64, 333.17
   68880,   68940,176.97,741.92,1747.6,13.618, 86.773, 274.76
   68940,   69000,141.96,612.8,1440.3,11.518, 75.152, 244.03
   69000,   69060,127.96,541.87,1299.6,10.678, 68.768, 229.96
   69060,   69120,134.7,574.33,1365.1,11.082, 71.689, 236.51
   69120,   69180,137.33,582.59,1390.8,11.24, 72.433, 239.08
   69180,   69240,132.61,561.68,1352,10.956, 70.551, 235.2
   69240,   69300,146.95,628.65,1466.4,11.817, 76.579, 246.64
   69300,   69360,161.06,686.63,1627.4,12.664, 81.797, 262.74
   69360,   69420,168.15,747.25,1742.2,13.089, 87.252, 274.22
   69420,   69480,197.21,818.56,1893.1,14.833, 93.671, 289.31
   69480,   69540,199.32,883.09,2033.7,14.959, 99.478, 303.37
   69540,   69600,164.88,718.18,1715.1,12.893, 84.636, 271.51
   69600,   69660,181.62,818.99,1878.4,13.897, 93.709, 287.84
   69660,   69720,175.64,808.96,1886.3,13.538, 92.806, 288.63
   69720,   69780,188.67,861.4,1928.6,14.32, 97.526, 292.86
   69780,   69840,238.43,1021.2,2038.4,17.306, 111.91, 303.84
   69840,   69900,255.62,1101.3,2284.1,18.337, 119.11, 328.41
   69900,   69960,208.57,935.92,2052.2,15.514, 104.23, 305.22
   69960,   70020,226.61,984.63,2160.8,16.597, 108.62, 316.08
   70020,   70080,218.91,988.93,2167.6,16.135, 109, 316.76
   70080,   70140,216.93,957.88,2073,16.016, 106.21, 307.3
   70140,   70200,215,947.44,2087.5,15.9, 105.27, 308.75
   70200,   70260,231.37,1049,2199.2,16.882, 114.41, 319.92
   70260,   70320,254.33,1181.2,2252,18.26, 126.31, 325.2
   70320,   70380,200.22,911.65,1944.2,15.013, 102.05, 294.42
   70380,   70440,204.01,903.62,1951.9,15.241, 101.33, 295.19
   70440,   70500,196.95,853.76,1936.5,14.817, 96.839, 293.65
   70500,   70560,178.91,756.98,1791.9,13.734, 88.128, 279.19
   70560,   70620,138.19,621.41,1610,11.292, 75.927, 261
   70620,   70680,151.42,646.62,1647.3,12.085, 78.196, 264.73
   70680,   70740,167.68,728.85,1820.2,13.061, 85.596, 282.02
   70740,   70800,152.57,705.06,1797.1,12.154, 83.455, 279.71
   70800,   70860,149.85,700.85,1766.7,11.991, 83.077, 276.67
   70860,   70920,144.79,692.47,1773.3,11.687, 82.323, 277.33
   70920,   70980,148.08,735.89,1840.5,11.885, 86.23, 284.05
   70980,   71040,183.33,850.78,1970.1,14, 96.571, 297.01
   71040,   71100,189.21,929.56,2104.9,14.352, 103.66, 310.49
   71100,   71160,196.72,938.54,2076.9,14.803, 104.47, 307.69
   71160,   71220,185.56,884.6,2031.3,14.133, 99.614, 303.13
   71220,   71280,181.22,892.03,2060.7,13.873, 100.28, 306.07
   71280,   71340,170.52,877.49,2035.6,13.231, 98.974, 303.56
   71340,   71400,217.38,968.43,2176.8,16.043, 107.16, 317.68
   71400,   71460,165.9,774.98,1983.7,12.954, 89.748, 298.37
   71460,   71520,158.84,766.19,1971.5,12.53, 88.957, 297.15
   71520,   71580,169.98,798.59,1949.2,13.199, 91.873, 294.92
   71580,   71640,188.07,870.46,2090.7,14.284, 98.341, 309.07
   71640,   71700,176.76,840.6,2083.2,13.605, 95.654, 308.32
   71700,   71760,177.69,865.6,2050.5,13.662, 97.904, 305.05
   71760,   71820,213.67,1009.8,2251.5,15.82, 110.88, 325.15
   71820,   71880,201.81,988.08,2283.3,15.109, 108.93, 328.33
   71880,   71940,251.87,1213.4,2548.8,18.112, 129.2, 354.88
   71940,   72000,220.38,1021.6,2448.2,16.223, 111.94, 344.82
   72000,   72060,212.6,1007.2,2348.9,15.756, 110.65, 334.89
   72060,   72120,192.85,926.6,2325.8,14.571, 103.39, 332.58
   72120,   72180,216.18,1009.2,2355,15.971, 110.82, 335.5
   72180,   72240,184.54,952.83,2279.6,14.072, 105.76, 327.96
   72240,   72300,198.77,1066.2,2419.9,14.926, 115.96, 341.99
   72300,   72360,206.97,1057.3,2507.1,15.418, 115.16, 350.71
   72360,   72420,471.85,1436,3497.6,31.311, 149.24, 449.76
   72420,   72480,600.67,1894,3733.9,39.04, 190.46, 473.39
   72480,   72540,219.72,1025.8,2479.1,16.183, 112.32, 347.91
   72540,   72600,210.05,1041.7,2461.4,15.603, 113.76, 346.14
   72600,   72660,195.41,967.01,2376.7,14.724, 107.03, 337.67
   72660,   72720,189.32,946.82,2340.6,14.359, 105.21, 334.06
   72720,   72780,196.24,988.17,2387.6,14.774, 108.94, 338.76
   72780,   72840,188.23,953.03,2354.7,14.294, 105.77, 335.47
   72840,   72900,188.22,952.38,2386.8,14.293, 105.71, 338.68
   72900,   72960,209.6,1016.1,2445.5,15.576, 111.45, 344.55
   72960,   73020,203.68,976.67,2415.4,15.221, 107.9, 341.54
   73020,   73080,183.43,907.79,2346.6,14.006, 101.7, 334.66
   73080,   73140,223.51,1079.1,2564,16.411, 117.11, 356.4
   73140,   73200,347.32,1424.1,3051.2,23.839, 148.17, 405.12
   73200,   73260,368.19,1366.5,2824.2,25.091, 142.99, 382.42
   73260,   73320,385.83,1578.1,3428.4,26.15, 162.03, 442.84
   73320,   73380,216.11,1067,2452,15.967, 116.03, 345.2
   73380,   73440,241.7,1148.8,2575.8,17.502, 123.39, 357.58
   73440,   73500,206.79,1029.7,2486.6,15.407, 112.67, 348.66
   73500,   73560,192.36,976.27,2427.8,14.541, 107.86, 342.78
   73560,   73620,197.93,992.9,2509.5,14.876, 109.36, 350.95
   73620,   73680,207.94,1116.3,2474.4,15.476, 120.47, 347.44
   73680,   73740,173.84,948.77,2288.1,13.43, 105.39, 328.81
   73740,   73800,191.21,951.33,2230.6,14.472, 105.62, 323.06
   73800,   73860,204.66,1059,2389.9,15.28, 115.31, 338.99
   73860,   73920,211.65,1063.4,2402.6,15.699, 115.7, 340.26
   73920,   73980,278.42,1285.3,2553.3,19.705, 135.68, 355.33
   73980,   74040,-9999,-9999,-9999,-9999, -9999, -9999
   74040,   74100,-9999,-9999,-9999,-9999, -9999, -9999
   74100,   74160,-9999,-9999,-9999,-9999, -9999, -9999
   74160,   74220,-9999,-9999,-9999,-9999, -9999, -9999
   74220,   74280,-9999,-9999,-9999,-9999, -9999, -9999
   74280,   74340,-9999,-9999,-9999,-9999, -9999, -9999
   74340,   74400,-9999,-9999,-9999,-9999, -9999, -9999
   74400,   74460,173.82,960.66,2413.7,13.429, 106.46, 341.37
   74460,   74520,174.67,969.81,2394.9,13.48, 107.28, 339.49
   74520,   74580,172.23,934.57,2266.8,13.334, 104.11, 326.68
   74580,   74640,172.58,894.48,2317,13.355, 100.5, 331.7
   74640,   74700,172.43,934.6,2326.8,13.346, 104.11, 332.68
   74700,   74760,165.59,901.2,2270.4,12.935, 101.11, 327.04
   74760,   74820,173.11,886.07,2311.3,13.387, 99.747, 331.13
   74820,   74880,167.23,873.99,2310.6,13.034, 98.659, 331.06
   74880,   74940,164.9,851.16,2300.8,12.894, 96.604, 330.08
   74940,   75000,171.3,852.84,2299.5,13.278, 96.756, 329.95
   75000,   75060,202.83,1001.9,2500,15.17, 110.17, 350
   75060,   75120,191.23,981.42,2392.2,14.474, 108.33, 339.22
   75120,   75180,214.18,1090.2,2532.1,15.851, 118.12, 353.21
   75180,   75240,217.21,1137.9,2637.9,16.033, 122.41, 363.79
   75240,   75300,198.06,1083.9,2485.8,14.884, 117.55, 348.58
   75300,   75360,188.68,1089.7,2509.9,14.321, 118.07, 350.99
   75360,   75420,188.69,1037.9,2424.7,14.321, 113.41, 342.47
   75420,   75480,189.27,1041.6,2445,14.356, 113.75, 344.5
   75480,   75540,208.53,1117.5,2527.2,15.512, 120.57, 352.72
   75540,   75600,226.52,1176.8,2619.5,16.591, 125.91, 361.95
   75600,   75660,213.53,1164.7,2554.9,15.812, 124.83, 355.49
   75660,   75720,222.81,1173.1,2621.1,16.369, 125.58, 362.11
   75720,   75780,235.95,1259,2744.2,17.157, 133.31, 374.42
   75780,   75840,234.93,1267.4,2754.5,17.096, 134.07, 375.45
   75840,   75900,242.94,1327.7,2812.6,17.577, 139.5, 381.26
   75900,   75960,251.66,1316.7,2798,18.1, 138.5, 379.8
   75960,   76020,249.33,1413.7,2910.7,17.96, 147.23, 391.07
   76020,   76080,252.28,1397.4,2945.6,18.137, 145.77, 394.56
   76080,   76140,250.04,1385.1,2878.1,18.003, 144.66, 387.81
   76140,   76200,235.34,1280.9,2745.4,17.121, 135.28, 374.54
   76200,   76260,229.64,1233.5,2678.9,16.779, 131.01, 367.89
   76260,   76320,235.93,1254.2,2793.6,17.156, 132.88, 379.36
   76320,   76380,233.22,1249.5,2787.9,16.993, 132.45, 378.79
   76380,   76440,243.83,1238.4,2819,17.63, 131.45, 381.9
   76440,   76500,214.19,1117.5,2611.9,15.851, 120.57, 361.19
   76500,   76560,202.23,1120.4,2617.4,15.134, 120.84, 361.74
   76560,   76620,192.34,1036.7,2524.3,14.54, 113.3, 352.43
   76620,   76680,201.81,1104.6,2607.1,15.109, 119.41, 360.71
   76680,   76740,195.73,1074.2,2562.6,14.744, 116.68, 356.26
   76740,   76800,195.17,1067.1,2550.1,14.71, 116.04, 355.01
   76800,   76860,203.93,1147.1,2651.8,15.236, 123.24, 365.18
   76860,   76920,197.22,1083.1,2586.7,14.833, 117.48, 358.67
   76920,   76980,203.54,1050.7,2510.5,15.212, 114.57, 351.05
   76980,   77040,191.92,970.07,2462,14.515, 107.31, 346.2
   77040,   77100,189.24,1014.6,2509.3,14.354, 111.32, 350.93
   77100,   77160,192.17,1012.3,2493.6,14.53, 111.11, 349.36
   77160,   77220,180.2,985.14,2489.3,13.812, 108.66, 348.93
   77220,   77280,169.29,916.9,2414.4,13.157, 102.52, 341.44
   77280,   77340,200.99,1014.5,2514.9,15.06, 111.31, 351.49
   77340,   77400,189.99,1051.8,2538.9,14.399, 114.66, 353.89
   77400,   77460,215.99,1197,2676.4,15.959, 127.73, 367.64
   77460,   77520,177.65,977.37,2380.4,13.659, 107.96, 338.04
   77520,   77580,151.76,861.81,2160.3,12.106, 97.562, 316.03
   77580,   77640,162.79,888.97,2223.1,12.767, 100.01, 322.31
   77640,   77700,219.28,1035.5,2477,16.157, 113.19, 347.7
   77700,   77760,220.06,1014.7,2304,16.204, 111.33, 330.4
   77760,   77820,253.25,1121.1,2662.1,18.195, 120.9, 366.21
   77820,   77880,251.84,1091.4,2445.7,18.111, 118.23, 344.57
   77880,   77940,274.08,1112.2,2623.8,19.445, 120.09, 362.38
   77940,   78000,367.56,1327.8,2811.2,25.053, 139.5, 381.12
   78000,   78060,249.08,1193.5,2535.2,17.945, 127.42, 353.52
   78060,   78120,244.17,978.57,2382.8,17.65, 108.07, 338.28
   78120,   78180,284.34,1006.2,2371.8,20.06, 110.56, 337.18
   78180,   78240,172.38,931.82,2204,13.343, 103.86, 320.4
   78240,   78300,136.71,746.39,2018.6,11.203, 87.175, 301.86
   78300,   78360,131.28,752.25,2057.4,10.877, 87.702, 305.74
   78360,   78420,143.81,815.84,2013.6,11.628, 93.426, 301.36
   78420,   78480,142.99,803.94,2084.1,11.579, 92.354, 308.41
   78480,   78540,145.71,798.27,2005.2,11.742, 91.844, 300.52
   78540,   78600,217.68,1130,2432.9,16.061, 121.7, 343.29
   78600,   78660,205.33,1147.7,2494.6,15.32, 123.29, 349.46
   78660,   78720,174.94,1007.8,2291.6,13.496, 110.7, 329.16
   78720,   78780,265.98,1382,2651.7,18.959, 144.38, 365.17
   78780,   78840,250.74,1326.8,2621.7,18.045, 139.41, 362.17
   78840,   78900,184.59,1005.1,2113.5,14.075, 110.46, 311.35
   78900,   78960,143.41,763.2,1799.3,11.605, 88.688, 279.93
