CampaignData_and_Merges/R0/CSL_MobileLab_Parked/raw/20240804/USOS-Picarro-CO2-CH4-CO-H2O_MobileLabGround_20240804_R0.ict
38, 1001
Ilana Pollack, Nell Schafer, and Jeff Peischl
NOAA Chemical Sciences Laboratory
Picarro 2401-m CO2/CH4/CO/H2O Analyzer
USOS
1, 1
2024, 08, 04, 2024, 11, 20
0
StartTime_UTC, seconds_past_midnight, seconds past midnight
5
1, 1, 1, 1, 1
-9999, -9999, -9999, -9999, -9999
StopTime_UTC, seconds_past_midnight, seconds past midnight
CO2_ppm_1min, ppm, Gas_CO2_InSitu_S_DMF, carbon dioxide mixing ratio
CH4_ppb_1min, ppb, Gas_CH4_InSitu_S_DMF, methane mixing ratio
CO_ppb_1min, ppb, Gas_CO_InSitu_S_DMF, carbon monoxide mixing ratio
H2O_ppmv_1min, ppmv, Met_H2OMRV_InSitu_S_AVMR, water vapor mixing ratio
1
SPECIAL COMMENTS: N/A
18
PI_CONTACT_INFO: Address: NOAA Chemical Sciences Laboratory, Mail Stop CSL7, 325 Broadway, Boulder, CO 80305; Email: Ilana.Pollack@noaa.gov
PLATFORM: NOAA CSL Mobile Laboratory
LOCATION: The mobile lab was stationed in Salt Lake City, Utah.
ASSOCIATED_DATA: N/A
INSTRUMENT_INFO: CO2, CH4, and CO are reported as dry air mole fractions using a commercial wavelength-scanned cavity ring-down analyzer (Picarro 2401-m). An in-field calibration gas standard of 432±0.07 ppm CO2, 2095±1 ppb CH4, and 183±1 ppb CO, calibrated in the Boulder laboratories before and after the field project using primary CO2, CH4, and CO standard tanks tied to the WMO standard (X2019, X2004A, and X2014A, respectively) from the Global Monitoring Laboratory (GML), was delivered to the inlet every 2-3 days to evaluate instrument sensitivity. A H2O measurement was calibrated before the project with a Dew Point Mirror 373 hygrometer. The water correction calculated from these calibrations was applied to the H2O measurement for the entire campaign. Species are measured at 0.5 Hz and reported as 1-minute averages for stationary measurements.
DATA_INFO: Units: CO2, ppm, dry air mole fraction; CH4, ppb, dry air mole fraction; CO, ppb, dry air mole fraction; H2O, ppmv
UNCERTAINTY: Total uncertainties are estimated as ±0.1 ppm for CO2, ±1 ppb for CH4, ±5 ppb for CO, and ±(50 ppm + 4%) for H2O.
ULOD_FLAG: -7777
ULOD_VALUE: N/A
LLOD_FLAG: -8888
LLOD_VALUE: N/A
DM_CONTACT_INFO: Data Manager: Nathan Howard; nathan.h.howard@noaa.gov
PROJECT_INFO: USOS Dates of Study: July – August 2024
STIPULATIONS_ON_USE: Use of these data require prior ok from PI.
OTHER_COMMENTS: Data are averaged to 1 minute intervals. Stationary data collected from a 10 ft tower on top of the mobile van.
REVISION: R0
R0: Final Data
StartTime_UTC, StopTime_UTC, CO2_ppm_1min, CH4_ppb_1min, CO_ppb_1min, H2O_ppmv_1min
[from data line 381]
22860,22920,432.91,1953.0,135.7,17191.0410
22920,22980,433.79,1953.8,138.9,17284.4063
22980,23040,434.58,1955.4,142.0,17289.9434
23040,23100,434.29,1956.4,142.5,17343.1621
23100,23160,434.72,1958.3,141.1,17557.9844
23160,23220,435.98,1960.9,152.2,17892.3242
23220,23280,437.18,1961.1,158.1,17899.7148
23280,23340,436.53,1963.4,152.2,18326.5098
23340,23400,438.88,1965.2,159.5,18584.2500
23400,23460,438.13,1966.2,161.7,18665.9043
23460,23520,437.78,1966.2,158.7,18694.1074
23520,23580,441.71,1967.7,169.4,18807.4414
23580,23640,438.38,1968.4,166.8,18767.7852
23640,23700,438.59,1968.6,164.3,18789.8848
23700,23760,437.85,1969.9,161.9,18836.3594
23760,23820,439.65,1971.6,165.4,18997.1797
23820,23880,442.07,1972.4,169.6,19028.3555
23880,23940,438.35,1973.5,161.8,18889.0391
23940,24000,439.22,1974.1,161.4,18953.7871
24000,24060,438.56,1973.3,162.8,18898.2070
24060,24120,437.54,1971.4,155.4,18814.7012
24120,24180,442.79,1972.8,164.9,18967.1836
24180,24240,439.05,1972.4,161.9,18796.1309
24240,24300,437.66,1971.9,155.4,18655.4824
24300,24360,438.67,1972.7,154.3,18625.5723
24360,24420,438.61,1969.4,155.4,18279.9980
24420,24480,436.42,1963.2,148.5,17848.4766
24480,24540,438.47,1964.7,200.7,17899.8828
24540,24600,436.36,1964.4,152.1,17666.6016
24600,24660,435.81,1963.4,147.2,17579.8301
24660,24720,436.69,1962.9,154.1,17510.5703
24720,24780,435.37,1961.3,140.4,17342.4258
24780,24840,434.01,1959.9,142.6,17147.7813
24840,24900,435.60,1960.0,146.2,17163.4785
24900,24960,436.34,1959.4,147.1,17237.3887
24960,25020,437.63,1958.8,164.7,17235.2871
25020,25080,435.45,1958.8,147.4,17213.2480
25080,25140,435.09,1958.6,143.0,17203.7305
25140,25200,436.23,1959.8,169.0,17204.1680
25200,25260,435.25,1959.3,142.9,17238.6660
25260,25320,435.04,1959.4,137.8,17226.4473
25320,25380,435.31,1960.3,139.4,17266.7520
25380,25440,435.02,1958.5,139.2,17242.6367
25440,25500,434.77,1958.3,141.8,17241.5742
25500,25560,435.35,1958.7,139.5,17275.1191
25560,25620,436.54,1958.7,140.7,17363.9629
25620,25680,437.10,1957.9,142.7,17361.8125
25680,25740,436.52,1957.4,142.9,17376.0547
25740,25800,437.03,1956.9,163.3,17405.0801
25800,25860,435.84,1956.5,157.4,17394.2031
25860,25920,435.96,1957.4,144.1,17406.1055
25920,25980,435.73,1958.9,145.3,17387.7715
25980,26040,437.83,1959.1,144.5,17494.3867
26040,26100,437.40,1959.0,152.0,17424.6523
26100,26160,441.08,1958.8,150.6,17560.0254
26160,26220,438.51,1958.6,149.9,17467.2422
26220,26280,436.85,1958.7,148.7,17384.1172
26280,26340,436.23,1958.7,147.5,17349.1855
26340,26400,438.94,1959.4,151.9,17428.6172
26400,26460,439.79,1960.5,159.3,17472.5430
26460,26520,439.80,1959.1,155.1,17484.1895
26520,26580,438.18,1958.1,162.9,17370.6699
26580,26640,443.00,1958.9,158.8,17577.7129
26640,26700,441.01,1960.0,156.7,17473.2109
26700,26760,438.30,1961.4,172.1,17440.4023
26760,26820,437.93,1964.0,165.5,17438.7246
26820,26880,437.16,1961.2,148.6,17432.1973
26880,26940,438.27,1962.2,191.8,17481.3418
26940,27000,441.57,1964.6,296.4,17558.3789
27000,27060,439.75,1964.1,158.6,17563.6699
27060,27120,439.54,1966.1,152.5,17570.3379
27120,27180,442.22,1968.5,153.0,17643.3750
27180,27240,442.98,1967.2,160.8,17665.6992
27240,27300,441.44,1964.4,152.9,17705.3242
27300,27360,441.67,1965.4,152.2,17746.0273
27360,27420,442.65,1965.0,159.5,17765.5879
27420,27480,441.86,1965.4,162.2,17769.4082
27480,27540,441.36,1966.2,157.1,17815.2988
27540,27600,442.80,1969.3,163.7,17851.0469
27600,27660,442.96,1969.5,163.2,17879.6621
27660,27720,444.35,1968.9,166.3,17925.0391
27720,27780,448.19,1968.7,168.6,18002.5391
27780,27840,444.79,1969.2,163.0,17967.2109
27840,27900,444.15,1971.7,161.1,17983.5586
27900,27960,445.97,1970.8,170.3,18006.8281
27960,28020,446.29,1969.1,160.3,18044.3281
28020,28080,444.81,1968.6,159.6,18018.8535
28080,28140,445.90,1968.6,157.8,18054.2188
28140,28200,446.76,1969.0,163.9,18065.8594
28200,28260,447.15,1969.4,166.9,18060.0352
28260,28320,447.00,1972.1,158.6,18041.3164
28320,28380,445.95,1970.2,156.6,17999.5938
28380,28440,447.17,1970.7,160.0,18033.2695
28440,28500,450.81,1971.3,162.6,18088.1035
28500,28560,449.30,1972.5,159.7,18062.4414
28560,28620,447.59,1971.7,157.1,17940.7891
28620,28680,448.10,1973.2,157.7,17940.4688
28680,28740,449.85,1975.3,157.2,17978.8828
28740,28800,455.82,1974.1,158.6,18060.7031
28800,28860,453.88,1977.5,160.4,18081.4551
28860,28920,450.44,1977.4,156.1,17888.8594
28920,28980,448.51,1975.3,149.3,17775.5059
28980,29040,448.12,1975.9,147.9,17744.3359
29040,29100,450.21,1975.3,147.0,17765.4902
29100,29160,449.02,1972.8,143.2,17594.8086
29160,29220,445.58,1968.6,140.6,17356.2246
29220,29280,447.36,1970.5,141.4,17452.6641
29280,29340,446.52,1967.3,135.8,17220.0938
29340,29400,446.53,1968.4,141.1,17206.3711
29400,29460,444.08,1965.1,138.4,16923.5586
29460,29520,446.91,1967.1,141.5,17090.0117
29520,29580,446.74,1964.6,133.6,16956.2637
29580,29640,443.30,1962.5,130.8,16719.5078
29640,29700,443.34,1962.9,131.7,16741.3516
29700,29760,444.24,1964.5,133.9,16820.1738
29760,29820,440.29,1958.1,130.1,16345.3242
29820,29880,441.37,1957.9,129.1,16300.9609
29880,29940,437.71,1957.9,127.8,16079.5859
29940,30000,440.84,1959.7,127.9,16275.7861
30000,30060,440.61,1960.0,129.5,16317.1396
30060,30120,439.98,1958.3,128.4,16285.2939
30120,30180,443.35,1962.2,139.0,16463.2988
30180,30240,442.98,1964.6,145.8,16598.2559
30240,30300,443.44,1965.3,140.4,16712.5430
30300,30360,441.88,1963.6,135.5,16638.8457
30360,30420,441.18,1962.3,135.1,16551.8027
30420,30480,441.69,1963.1,139.4,16539.4980
30480,30540,442.94,1965.5,153.1,16638.9629
30540,30600,443.71,1965.6,149.4,16616.1992
30600,30660,448.12,1966.2,153.5,16668.4824
30660,30720,448.82,1969.5,155.9,16793.0586
30720,30780,450.60,1968.2,153.3,16753.5234
30780,30840,446.49,1977.6,140.2,16550.1738
30840,30900,439.49,1963.4,130.9,16216.2178
30900,30960,437.58,1956.7,129.9,16102.6445
30960,31020,438.78,1958.7,130.2,16186.6758
31020,31080,440.22,1960.3,129.6,16205.4941
31080,31140,438.67,1958.9,131.2,16136.0801
31140,31200,437.67,1956.9,132.6,16060.8955
31200,31260,435.66,1955.6,130.0,15936.8848
31260,31320,435.91,1954.0,128.1,15893.9648
31320,31380,435.42,1954.1,129.4,15869.6729
31380,31440,434.59,1953.1,127.9,15827.9980
31440,31500,435.72,1955.9,128.4,15898.2813
31500,31560,438.08,1956.2,141.0,15998.4072
31560,31620,438.58,1957.4,137.8,16047.5420
31620,31680,438.85,1962.4,131.5,16115.1201
31680,31740,438.17,1959.9,142.6,16097.6992
31740,31800,438.79,1959.1,147.5,16150.5273
31800,31860,439.28,1958.6,146.0,16180.4482
31860,31920,439.94,1957.9,144.2,16222.7568
31920,31980,438.62,1958.5,135.9,16142.9844
31980,32040,440.24,1958.6,131.6,16238.6787
32040,32100,441.04,1956.6,132.2,16214.1904
32100,32160,439.03,1955.7,128.7,16092.7852
32160,32220,439.31,1956.4,129.8,16136.4199
32220,32280,440.06,1956.8,130.0,16180.4238
32280,32340,439.16,1956.7,131.9,16142.7930
32340,32400,438.67,1955.5,130.7,16030.3848
32400,32460,440.77,1955.9,132.9,16139.6504
32460,32520,440.47,1956.1,133.4,16083.2207
32520,32580,438.72,1957.4,130.5,16040.1875
32580,32640,439.36,1957.8,131.1,16080.6064
32640,32700,438.61,1957.4,131.7,16111.0840
32700,32760,439.92,1960.1,133.8,16228.7207
32760,32820,440.21,1959.3,134.1,16240.9307
32820,32880,439.19,1959.1,134.1,16241.3193
32880,32940,440.30,1959.7,134.1,16290.3232
32940,33000,440.94,1960.8,133.5,16362.1104
33000,33060,441.48,1961.2,134.5,16402.2734
33060,33120,439.83,1960.5,133.5,16369.6846
33120,33180,441.42,1960.5,134.8,16399.8359
33180,33240,442.91,1960.8,139.6,16414.9707
33240,33300,439.66,1962.1,147.2,16334.1484
33300,33360,441.42,1962.0,159.7,16390.7500
33360,33420,440.08,1961.2,164.1,16348.6611
33420,33480,443.06,1963.0,201.6,16405.2969
33480,33540,446.04,1964.3,201.5,16490.8125
33540,33600,447.27,1967.7,164.9,16599.3984
33600,33660,443.56,1971.8,141.4,16523.7598
33660,33720,442.13,1969.0,137.2,16461.0215
33720,33780,442.07,1970.2,136.5,16466.2852
33780,33840,441.37,1972.7,136.5,16445.0566
33840,33900,442.42,1977.4,135.0,16526.1621
33900,33960,444.39,1976.8,135.5,16571.4941
33960,34020,443.80,1975.6,136.9,16547.5605
34020,34080,443.83,1972.9,137.6,16507.1738
34080,34140,443.06,1965.6,137.1,16367.1123
34140,34200,444.33,1967.0,135.3,16476.7930
34200,34260,442.54,1964.0,134.8,16357.7490
34260,34320,441.64,1963.7,134.9,16287.3467
34320,34380,444.14,1964.9,134.5,16375.9717
34380,34440,442.70,1963.9,135.5,16292.3857
34440,34500,442.18,1963.2,135.1,16230.6787
34500,34560,443.25,1963.7,136.6,16275.6855
34560,34620,444.13,1965.0,140.5,16341.2402
34620,34680,445.38,1964.2,140.3,16348.8662
34680,34740,444.81,1963.9,137.0,16321.6514
34740,34800,443.91,1964.6,173.5,16266.7813
34800,34860,449.64,1969.1,155.0,16440.7637
34860,34920,446.14,1970.4,157.3,16339.3027
34920,34980,449.26,1967.2,150.6,16301.7432
34980,35040,447.21,1965.0,138.1,16259.6250
35040,35100,444.62,1965.5,134.7,16143.0771
35100,35160,448.70,1966.5,134.1,16322.7090
35160,35220,447.66,1967.2,133.9,16340.5889
35220,35280,444.86,1966.6,156.1,16201.2646
35280,35340,442.28,1965.5,157.9,16058.4590
35340,35400,441.48,1964.7,140.6,15950.0469
35400,35460,441.60,1963.0,134.1,15902.7744
35460,35520,442.21,1962.1,134.0,15936.4688
35520,35580,440.41,1961.8,133.6,15836.3936
35580,35640,440.70,1961.0,134.4,15854.1768
35640,35700,441.42,1960.2,134.1,15904.1582
35700,35760,439.97,1960.8,134.8,15857.1133
35760,35820,439.35,1959.4,132.0,15852.3379
35820,35880,440.73,1960.8,133.5,15961.0479
35880,35940,441.10,1959.8,133.4,16003.4668
35940,36000,439.58,1958.7,132.0,15864.6338
36000,36060,439.82,1959.4,133.6,15851.0332
36060,36120,439.45,1961.6,132.1,15822.4063
36120,36180,439.50,1959.4,132.9,15796.1240
36180,36240,438.86,1959.0,133.8,15759.6074
36240,36300,439.03,1958.9,134.3,15790.1797
36300,36360,440.43,1960.1,134.4,15878.3662
36360,36420,440.45,1960.4,133.8,15905.9434
36420,36480,440.73,1960.3,133.5,15930.3857
36480,36540,440.66,1960.9,132.7,15952.7227
36540,36600,441.25,1961.5,134.6,15960.0469
36600,36660,443.33,1962.9,137.1,16034.7939
36660,36720,442.96,1964.4,139.2,16036.2539
36720,36780,444.14,1962.5,135.9,16054.6484
36780,36840,443.09,1961.9,134.2,16040.1143
36840,36900,443.19,1962.4,134.2,16065.5576
36900,36960,447.83,1963.7,137.3,16176.0527
36960,37020,446.53,1962.5,134.1,16036.7471
37020,37080,441.33,1959.2,131.0,15798.7891
37080,37140,441.41,1959.2,130.4,15815.1699
37140,37200,441.03,1958.8,131.3,15796.9121
37200,37260,441.22,1962.3,131.2,15848.5117
37260,37320,442.46,1963.1,129.9,15916.2324
37320,37380,444.31,1964.4,129.8,15998.2383
37380,37440,442.50,1962.8,130.4,15928.7285
37440,37500,442.04,1963.2,128.8,15939.3193
37500,37560,444.06,1963.9,132.1,16006.0781
37560,37620,447.40,1965.2,131.2,16101.9287
37620,37680,443.09,1966.9,131.0,16007.0713
37680,37740,445.36,1967.2,133.4,16087.6240
37740,37800,445.29,1966.3,131.7,16087.4775
37800,37860,444.05,1964.9,132.0,16017.8203
37860,37920,446.16,1966.0,131.1,16113.2041
37920,37980,448.36,1968.6,134.6,16251.9727
37980,38040,448.57,1975.1,134.0,16368.1758
38040,38100,449.48,1977.0,135.6,16583.8965
38100,38160,450.81,1980.5,136.3,16570.5273
38160,38220,452.23,1984.3,137.2,16596.1094
38220,38280,453.77,1984.5,138.6,16689.8008
38280,38340,450.94,1979.6,137.2,16605.6211
38340,38400,453.57,1978.8,143.4,16604.9180
38400,38460,453.38,1982.6,147.6,16652.0938
38460,38520,450.84,1988.9,146.3,16519.3867
38520,38580,449.86,1992.2,144.0,16431.8066
38580,38640,452.54,1993.2,143.7,16534.3672
38640,38700,454.25,1995.5,146.8,16544.4336
38700,38760,453.39,1994.8,164.3,16523.8027
38760,38820,454.32,1994.5,156.2,16526.4707
38820,38880,455.93,1998.0,157.9,16606.6797
38880,38940,456.67,1992.8,168.4,16612.5156
38940,39000,457.20,1990.0,164.8,16627.7656
39000,39060,456.14,1992.9,156.6,16763.3359
39060,39120,455.85,2000.1,154.0,16880.7305
39120,39180,457.50,2000.0,156.4,16984.6309
39180,39240,456.47,2001.3,155.6,16882.5820
39240,39300,458.06,2002.1,156.2,16968.0449
39300,39360,461.28,2005.0,164.0,17191.9121
39360,39420,465.01,2009.0,173.6,17427.8711
39420,39480,465.42,2009.9,171.4,17438.6953
39480,39540,466.84,2014.3,169.2,17533.4023
39540,39600,467.02,2014.1,176.0,17588.6152
39600,39660,467.38,2011.5,186.5,17593.6855
39660,39720,467.13,2008.0,199.6,17539.9570
39720,39780,467.27,2009.4,198.5,17554.5137
39780,39840,467.62,2010.3,198.7,17572.6660
39840,39900,469.30,2014.3,194.6,17725.8066
39900,39960,471.71,2018.9,198.9,17938.9785
39960,40020,471.52,2020.5,206.8,17837.9766
40020,40080,472.15,2016.7,201.4,17771.5977
40080,40140,469.28,2011.8,205.2,17582.4785
40140,40200,468.52,2005.0,185.1,17287.1074
40200,40260,468.64,2004.9,185.1,17258.1016
40260,40320,461.07,1999.2,195.7,16924.0879
40320,40380,465.47,2003.1,182.1,17060.5117
40380,40440,468.00,2006.2,173.4,17150.3887
40440,40500,468.16,2005.8,173.0,17256.2188
40500,40560,462.48,1999.2,163.3,16850.5938
40560,40620,458.07,1998.0,152.6,16546.7988
40620,40680,456.75,1996.6,147.6,16413.7754
40680,40740,460.64,1999.8,152.0,16532.9375
40740,40800,457.25,2000.7,147.0,16456.8848
40800,40860,461.04,2000.3,152.7,16705.1934
40860,40920,460.90,1996.4,156.1,16755.5410
40920,40980,459.41,1995.9,156.9,16686.8105
40980,41040,461.03,2000.0,152.5,16576.0078
41040,41100,454.88,2002.1,144.6,16515.9824
41100,41160,452.95,1994.2,143.8,16454.1133
41160,41220,453.23,2010.0,142.8,16430.6699
41220,41280,456.27,2001.2,145.4,16575.6289
41280,41340,461.26,1994.2,159.8,16804.8711
41340,41400,456.85,1991.2,172.6,16643.4258
41400,41460,453.79,1988.4,186.0,16452.8242
41460,41520,454.09,1988.3,165.2,16455.6523
41520,41580,455.64,1991.5,160.6,16564.9023
41580,41640,455.93,1993.2,153.9,16664.1387
41640,41700,458.76,1998.5,157.2,16843.2344
41700,41760,458.68,1997.5,155.2,16856.0664
41760,41820,460.15,1999.0,156.7,16931.3477
41820,41880,457.57,1995.4,155.5,16808.8398
41880,41940,459.73,1999.4,158.6,16881.8398
41940,42000,462.04,2001.7,161.3,16970.9004
42000,42060,464.21,2001.3,166.6,17011.8340
42060,42120,461.25,2001.7,162.1,16984.6309
42120,42180,461.22,2003.5,159.4,16954.9844
42180,42240,460.00,2001.6,156.0,16948.6855
42240,42300,459.67,2000.6,154.8,16982.2461
42300,42360,458.29,1998.6,152.1,16921.1855
42360,42420,462.01,2002.8,153.7,17151.4141
42420,42480,463.75,2005.6,155.5,17274.9414
42480,42540,466.05,2006.7,157.8,17221.3906
42540,42600,466.57,2012.4,161.2,17148.1348
42600,42660,462.15,2012.9,156.6,16967.6191
42660,42720,462.22,2014.3,157.3,16975.6543
42720,42780,464.20,2023.1,158.5,17089.0605
42780,42840,463.50,2023.8,159.3,17127.5332
42840,42900,468.63,2026.5,164.8,17390.0547
42900,42960,467.28,2019.6,163.1,17316.8984
42960,43020,476.42,2021.7,165.2,17537.0332
43020,43080,473.45,2018.9,178.8,17334.3984
43080,43140,470.52,2015.6,182.0,17145.9160
43140,43200,458.35,2005.0,156.0,16596.1973
43200,43260,457.58,2006.2,153.7,16561.4785
43260,43320,459.42,2002.4,158.5,16568.3789
43320,43380,453.91,1985.8,149.7,16187.5801
43380,43440,449.30,1981.8,146.8,15956.2266
43440,43500,450.73,1979.8,146.8,15992.8594
43500,43560,456.65,1993.3,156.1,16375.0088
43560,43620,458.58,2003.5,167.2,16744.3711
43620,43680,459.19,2000.2,165.4,16747.4082
43680,43740,462.04,2005.5,171.1,16918.6055
43740,43800,461.62,2003.7,169.7,16915.1445
43800,43860,467.12,2011.3,177.9,17030.7715
43860,43920,462.36,2013.4,166.6,16922.3789
43920,43980,464.54,2018.2,171.8,17010.3027
43980,44040,468.59,2026.9,195.3,17261.9688
44040,44100,472.93,2031.1,191.0,17516.6328
44100,44160,467.21,2027.9,181.6,17277.8711
44160,44220,464.66,2026.1,172.6,17131.8008
44220,44280,462.99,2021.7,163.6,16941.5488
44280,44340,468.03,2024.6,169.1,17137.8379
44340,44400,465.19,2023.9,166.7,17049.1504
44400,44460,465.47,2023.5,170.0,17045.5449
44460,44520,464.80,2020.9,168.6,17016.4082
44520,44580,461.90,2012.6,162.9,16855.1055
44580,44640,460.98,2009.4,161.0,16796.2988
44640,44700,461.58,2009.5,165.8,16779.6270
44700,44760,462.67,2010.0,168.4,16814.7129
44760,44820,463.15,2008.7,175.5,16786.4297
44820,44880,465.40,2011.3,185.3,16860.6387
44880,44940,468.21,2010.9,223.3,16902.5352
44940,45000,468.82,2011.4,290.6,16919.3652
45000,45060,466.58,2008.0,199.9,16880.0645
45060,45120,461.19,2002.9,160.1,16734.7012
