CampaignData_and_Merges/R0/CSL_MobileLab_Parked/raw/20240804/USOS-POPS_MobileLabGround_20240804_R0.ict
78, 1001
Thornberry, T. D.
NOAA Chemical Sciences Laboratory
Portable Optical Particle Spectrometer (POPS)
USOS
1, 1
2024, 08, 04, 2025, 05, 08
60
Time_Start, seconds_past_midnight, Start time of measurement
45
1, 1, 1, 1, 1, 1, 1, 1, 1, 1, 1, 1, 1, 1, 1, 1, 1, 1, 1, 1, 1, 1, 1, 1, 1, 1, 1, 1, 1, 1, 1, 1, 1, 1, 1, 1, 1, 1, 1, 1, 1, 1, 1, 1, 1
-9999, -9999, -9999, -9999, -9999, -9999, -9999, -9999, -9999, -9999, -9999, -9999, -9999, -9999, -9999, -9999, -9999, -9999, -9999, -9999, -9999, -9999, -9999, -9999, -9999, -9999, -9999, -9999, -9999, -9999, -9999, -9999, -9999, -9999, -9999, -9999, -9999, -9999, -9999, -9999, -9999, -9999, -9999, -9999, -9999
Time_Stop, seconds_past_midnight, Stop time of measurement
Time_Mid, seconds_past_midnight, Mid time of measurement
Press_mb, mb, Pressure reported (mb)
Temp_C, degrees C, POPS temperature measurement
Aerosol_concentration, cm^-3, Aerosol concentration
Surface_Area_Conc, um^2 cm^-3, Surface area concentration
Volume_density, um^3 cm^-3, Volume density
Effective_radius, um, Effective radius
Extinction, km^-1, Extinction
Bin01, cm^-3, particle concentration in size range [1401 - 146.3 nm]
Bin02, cm^-3, particle concentration in size range [146.3 - 152.8 nm]
Bin03, cm^-3, particle concentration in size range [152.8 - 159.6 nm]
Bin04, cm^-3, particle concentration in size range [159.6 - 166.8 nm]
Bin05, cm^-3, particle concentration in size range [166.8 - 174.2 nm]
Bin06, cm^-3, particle concentration in size range [174.2 - 181.9 nm]
Bin07, cm^-3, particle concentration in size range [181.9 - 190.0 nm]
Bin08, cm^-3, particle concentration in size range [190.0 - 198.5 nm]
Bin09, cm^-3, particle concentration in size range [198.5 - 207.4 nm]
Bin10, cm^-3, particle concentration in size range [207.4 - 216.6 nm]
Bin11, cm^-3, particle concentration in size range [216.6 - 226.2 nm]
Bin12, cm^-3, particle concentration in size range [226.2 - 236.3 nm]
Bin13, cm^-3, particle concentration in size range [236.3 - 246.8 nm]
Bin14, cm^-3, particle concentration in size range [246.8 - 257.8 nm]
Bin15, cm^-3, particle concentration in size range [257.8 - 269.3 nm]
Bin16, cm^-3, particle concentration in size range [269.3 - 343.4 nm]
Bin17, cm^-3, particle concentration in size range [343.4 - 450.7 nm]
Bin18, cm^-3, particle concentration in size range [450.7 - 525.9 nm]
Bin19, cm^-3, particle concentration in size range [525.9 - 618.5 nm]
Bin20, cm^-3, particle concentration in size range [618.5 - 710.0 nm]
Bin21, cm^-3, particle concentration in size range [710.0 - 822.7 nm]
Bin22, cm^-3, particle concentration in size range [822.7 - 885.9 nm]
Bin23, cm^-3, particle concentration in size range [885.9 - 953.9 nm]
Bin24, cm^-3, particle concentration in size range [953.9 - 1027.2 nm]
Bin25, cm^-3, particle concentration in size range [1027.2 - 1106.1 nm]
Bin26, cm^-3, particle concentration in size range [1106.1 - 1191.0 nm]
Bin27, cm^-3, particle concentration in size range [1191.0 - 1282.5 nm]
Bin28, cm^-3, particle concentration in size range [1282.5 - 1381.0 nm]
Bin29, cm^-3, particle concentration in size range [1381.0 - 1487.1 nm]
Bin30, cm^-3, particle concentration in size range [1487.1 - 1601.3 nm]
Bin31, cm^-3, particle concentration in size range [1601.3 - 1724.3 nm]
[...]
PLATFORM: NOAA CSL Mobile Lab
LOCATION: USOS
ASSOCIATED_DATA: N/A
INSTRUMENT_INFO: Printed Optical Particle Spectrometer counts particles from 140 - 2500 nm in diameter 
DATA_INFO: Particle concentrations reported in number per cubic centimeter,1 Hz data
UNCERTAINTY: Counting uncertainty dominated by air flow, less than 5 percent. Measurement range is ~0 - 3000 per cm3 (varies depending on flow rate- manufacturer quotes 1250 per cm3 at 1.667 cc/s)
ULOD_FLAG: -7777
ULOD_VALUE: N/A
LLOD_FLAG: -8888
LLOD_VALUE: N/A
DM_CONTACT_INFO: Troy Thornberry, 325 Broadway R/CSL6, Boulder, CO 80305; troy.thornberry@noaa.gov; 303-497-3373
PROJECT_INFO: USOS, Utah POPS data from NOAA CSL Mobile Lab
STIPULATIONS_ON_USE: Please contact the PIs for questions regarding applications and uncertainties
OTHER_COMMENTS: POPS bin Edges (nm):  140.1, 146.3, 152.8, 159.6, 166.8, 174.2, 181.9, 190.0, 198.5, 207.4, 216.6, 226.2, 236.3, 246.8, 257.8, 269.3, 343.4, 450.7, 525.9, 618.5, 710.0, 822.7, 885.9, 953.9, 1027.2, 1106.1, 1191.0, 1282.5, 1381.0, 1487.1, 1601.3, 1724.3, 1856.7, 1999.3, 2152.8, 2318.2, 2496.2
Calculations assume organic aerosol refractive index of 1.52+0.00j and extinction wavelength = 532 nm
REVISION: R0
R0: Final data
Time_Start, Time_Stop, Time_Mid, Press_mb, Temp_C, Aerosol_concentration, Surface_Area_Conc, Volume_density, Effective_radius, Extinction, Bin01, Bin02, Bin03, Bin04, Bin05, Bin06, Bin07, Bin08, Bin09, Bin10, Bin11, Bin12, Bin13, Bin14, Bin15, Bin16, Bin17, Bin18, Bin19, Bin20, Bin21, Bin22, Bin23, Bin24, Bin25, Bin26, Bin27, Bin28, Bin29, Bin30, Bin31, Bin32, Bin33, Bin34, Bin35, Bin36
[from data line 1236]
74160,74219,74190,871.761,36.821,251.517,33.317,1.742,0.153,0.008,34.172592,30.142920,26.412521,22.883282,19.620436,16.735128,14.371411,12.277699,10.278418,9.139441,7.980079,7.916208,7.321342,6.877052,5.244827,13.504398,4.462254,1.194404,0.538731,0.083235,0.089074,0.027075,0.027824,0.022079,0.033546,0.021684,0.027622,0.028085,0.005650,0.016878,0.011149,0.016235,0.011227,0.000000,0.016728,0.005482
74220,74279,74250,871.743,36.831,251.588,32.911,1.574,0.142,0.007,33.995113,30.557240,26.192844,23.328369,19.488623,17.070925,13.576568,11.639430,10.098409,9.444769,8.203315,7.861682,7.595238,6.732764,5.293336,13.999759,4.441441,1.190450,0.527717,0.105188,0.061502,0.022257,0.016417,0.011338,0.022064,0.016295,0.005727,0.016836,0.011002,0.016577,0.022072,0.000000,0.000000,0.005574,0.011042,0.005767
74280,74339,74310,871.733,36.848,253.745,33.456,1.784,0.155,0.008,34.887218,30.627441,26.080801,23.305313,20.180836,17.205969,14.470391,12.061655,10.648925,9.147607,8.121734,7.547390,7.174460,6.758519,5.020328,14.042019,4.335655,1.299366,0.439577,0.100099,0.077765,0.016668,0.038878,0.005650,0.005688,0.016959,0.016616,0.011141,0.005593,0.016781,0.022064,0.010929,0.000000,0.005631,0.016264,0.022760
74340,74399,74370,871.745,36.899,249.092,32.755,1.689,0.152,0.007,34.964867,30.169590,25.345654,22.203625,19.889481,16.818130,14.098774,11.683178,9.990013,8.953948,8.230760,7.649772,7.301743,6.733952,5.077965,13.799623,4.199138,1.120036,0.518279,0.055529,0.060730,0.038126,0.017047,0.022182,0.022456,0.011026,0.011079,0.010897,0.011196,0.016763,0.005612,0.000000,0.027349,0.005429,0.011377,0.016496
74400,74459,74430,871.731,36.914,249.723,32.665,1.660,0.149,0.007,34.367809,30.055220,26.716667,23.128988,19.639896,16.120169,13.660791,12.167103,10.281708,8.574259,7.978279,7.584570,7.417101,6.893772,4.930584,14.061325,4.171782,1.075067,0.494081,0.126573,0.083860,0.027810,0.033225,0.010967,0.016413,0.005464,0.000000,0.005747,0.010805,0.022233,0.016706,0.011060,0.000000,0.010858,0.010920,0.011227
74460,74519,74490,871.711,36.932,250.813,32.789,1.685,0.151,0.007,35.116589,30.097490,25.519985,22.957479,20.054535,16.536648,13.436070,12.141623,10.186137,9.414862,8.331430,7.740864,7.269692,6.634565,5.176114,14.179979,4.120970,1.046713,0.511375,0.100704,0.055971,0.005910,0.027758,0.016561,0.000000,0.005519,0.016959,0.010901,0.011135,0.022229,0.010965,0.016695,0.016783,0.005501,0.005631,0.010772
74520,74579,74550,871.700,36.959,253.414,33.318,1.675,0.148,0.008,34.203091,30.596663,26.362326,23.213963,20.569283,16.987839,13.480765,11.933455,10.513078,9.596188,8.194715,7.988776,7.647346,6.582066,5.111875,14.080894,4.161959,1.264400,0.470251,0.148958,0.073003,0.027047,0.039024,0.011093,0.010915,0.011223,0.010966,0.016431,0.022585,0.028201,0.028007,0.011039,0.005574,0.000000,0.000000,0.011286
74580,74639,74610,871.690,36.878,250.276,32.783,1.630,0.146,0.007,34.487553,29.951057,26.323170,22.428995,20.002224,16.377872,13.725422,12.517691,10.551982,8.762096,8.042295,7.614424,7.361892,6.875370,5.168699,13.909299,4.106051,1.176762,0.493277,0.111103,0.055081,0.022293,0.027379,0.034133,0.022135,0.016696,0.022021,0.010770,0.022444,0.005429,0.011210,0.005727,0.010913,0.005537,0.005727,0.010969
74640,74699,74670,871.686,36.990,253.042,33.673,1.746,0.152,0.008,35.514999,29.754957,25.785559,22.907568,19.754721,17.366356,13.735753,12.166076,10.967804,9.149363,8.011930,7.485773,7.537504,6.846964,5.069349,14.045968,4.448348,1.442721,0.644876,0.100044,0.055546,0.027708,0.016410,0.000000,0.021681,0.038806,0.033063,0.011246,0.022476,0.005556,0.033495,0.016919,0.005411,0.005727,0.005464,0.005501
74700,74759,74730,871.667,37.001,251.075,32.747,1.547,0.140,0.007,34.029797,29.680145,25.925447,23.359444,19.690962,17.086870,14.048032,12.129939,10.149411,8.896358,8.194520,7.926201,7.299837,6.471289,5.331463,14.590457,4.184811,1.156989,0.649487,0.051047,0.044046,0.022588,0.021925,0.005342,0.011411,0.022189,0.016882,0.011130,0.022492,0.005848,0.016446,0.005612,0.005464,0.000000,0.005394,0.005612
74760,74819,74790,871.660,36.992,253.950,32.956,1.588,0.142,0.007,35.174816,30.208103,26.694578,23.786440,19.701317,16.594667,14.302628,12.189412,10.357960,9.329340,8.508582,8.021069,7.168518,6.822464,5.048832,13.880449,4.115058,1.194929,0.516887,0.071683,0.044767,0.022814,0.049970,0.027659,0.005429,0.011192,0.005727,0.010875,0.011114,0.011186,0.033717,0.005688,0.011102,0.005767,0.000000,0.005767
74820,74879,74850,871.661,36.998,256.209,33.476,1.702,0.149,0.007,34.878174,30.735071,26.593061,23.972075,20.586943,17.352543,14.715447,11.873866,10.583905,9.266348,8.188063,8.142967,7.553280,6.627153,5.071665,13.832398,4.235967,1.133345,0.492504,0.078030,0.056167,0.033637,0.011004,0.022049,0.027833,0.027980,0.005669,0.022284,0.005650,0.011042,0.027705,0.005727,0.011263,0.005556,0.011002,0.011167
74880,74939,74910,871.637,36.991,256.289,33.396,1.709,0.151,0.008,35.586121,30.857038,27.070971,23.760706,19.942970,17.094988,14.935933,12.000909,10.180649,9.274000,8.315709,8.132793,7.347445,6.920861,4.996312,13.395809,4.460398,1.127455,0.521285,0.094876,0.055723,0.016888,0.022153,0.027673,0.017029,0.005631,0.011319,0.021952,0.016519,0.000000,0.033254,0.016558,0.005308,0.005669,0.005593,0.010966
74940,74999,74970,871.625,36.950,255.332,33.679,1.777,0.155,0.008,35.074223,30.412357,25.888132,23.651291,20.731024,16.732292,14.849773,12.732976,10.479919,8.878356,8.059097,8.006997,7.260559,6.556005,5.353314,14.228102,4.467604,1.063986,0.483697,0.105539,0.043987,0.066983,0.027450,0.011186,0.011262,0.016933,0.011021,0.005394,0.022318,0.022251,0.016562,0.016686,0.016715,0.011038,0.011207,0.005574
75000,75059,75030,871.589,36.909,259.985,34.089,1.792,0.155,0.008,36.178661,31.351311,27.442184,23.503679,20.492981,17.463001,14.889805,12.278742,10.718910,9.385227,8.598769,7.956501,7.353135,6.796854,5.099268,14.276514,4.085601,1.196549,0.466802,0.094065,0.061377,0.033722,0.033421,0.033360,0.021825,0.022527,0.028349,0.027889,0.022073,0.016685,0.005394,0.016502,0.000000,0.011242,0.005429,0.016646
75060,75119,75090,871.568,36.844,260.450,34.499,1.907,0.162,0.008,36.031963,31.376167,27.207716,23.817989,20.661818,17.337095,14.685333,12.612909,10.753219,9.438510,8.304271,8.153758,7.206570,6.909916,5.286793,13.919052,4.576859,1.217955,0.481238,0.123655,0.039365,0.033667,0.033754,0.028258,0.022195,0.027829,0.005556,0.016842,0.022204,0.022228,0.028016,0.033603,0.016598,0.005708,0.000000,0.011282
75120,75179,75150,871.549,36.834,255.800,33.804,1.823,0.157,0.008,35.000813,30.875910,26.257935,23.548397,20.793911,17.248894,14.203175,12.344651,10.533793,9.371107,7.839349,7.993763,7.514822,6.851157,5.086178,13.868853,4.432017,1.141194,0.492209,0.073042,0.056148,0.027644,0.011396,0.022094,0.027044,0.011515,0.022381,0.005359,0.027120,0.022257,0.039362,0.022682,0.005612,0.016951,0.011201,0.000000
75180,75239,75210,871.534,36.779,257.064,33.783,1.705,0.148,0.008,35.285664,30.752987,26.201471,23.201571,20.389139,17.493435,14.402823,12.489161,10.615450,9.346873,8.481331,8.309739,7.165390,7.112573,5.255634,13.830662,4.610993,1.290011,0.506364,0.044692,0.072206,0.027508,0.033185,0.022262,0.010965,0.005482,0.000000,0.016860,0.005556,0.022599,0.017009,0.000000,0.011339,0.000000,0.016649,0.016679
75240,75299,75270,871.525,36.756,256.810,33.650,1.691,0.148,0.008,35.614170,31.072994,27.614714,23.816397,20.230148,16.967844,14.416435,12.749363,9.914195,9.126375,7.944545,7.524971,7.507110,6.689229,4.962798,14.035826,4.284626,1.333404,0.577080,0.077765,0.072004,0.038500,0.055359,0.016953,0.016680,0.033484,0.011149,0.022551,0.021771,0.011168,0.011151,0.011262,0.011359,0.005631,0.005537,0.005537
75300,75359,75330,871.526,36.818,256.005,33.496,1.703,0.149,0.008,36.168201,31.112989,26.740665,24.060511,20.370167,17.064554,14.189819,11.976131,9.824337,8.947069,8.170692,7.717782,7.412850,6.737052,5.278609,13.908778,4.317291,1.040736,0.481128,0.105658,0.094156,0.039670,0.055781,0.016685,0.028008,0.028143,0.016575,0.011167,0.011283,0.016837,0.016804,0.005501,0.016854,0.005447,0.005556,0.011281
75360,75419,75390,871.494,36.909,251.419,33.169,1.750,0.155,0.008,35.876865,30.304960,25.404388,22.454258,20.313866,16.709499,13.679960,11.767753,10.050277,8.597381,8.420340,7.896205,8.090492,6.624300,5.252097,13.527749,4.389970,1.182246,0.510480,0.066569,0.055374,0.027807,0.005394,0.044394,0.016749,0.016510,0.000000,0.000000,0.016587,0.044084,0.010987,0.016506,0.022473,0.011104,0.005447,0.005464
75420,75479,75450,871.485,36.870,251.962,33.312,1.811,0.160,0.008,34.714291,30.779366,25.702681,23.150084,19.796432,17.380594,14.290912,12.076749,10.205883,8.918256,8.129848,7.680624,7.546777,6.589884,4.900833,13.643423,4.269159,1.206140,0.543343,0.116369,0.044413,0.038826,0.022314,0.021683,0.016453,0.033029,0.022085,0.005612,0.011094,0.027968,0.016486,0.027853,0.016453,0.000000,0.000000,0.016467
75480,75539,75510,871.465,36.855,254.637,32.622,1.518,0.138,0.007,36.594543,30.199074,26.131212,23.293903,20.612659,17.109545,14.029477,11.798452,10.030226,9.213921,8.326592,7.903448,7.379180,7.165294,5.107738,13.840404,4.034394,1.122983,0.421359,0.066565,0.061500,0.022177,0.021587,0.022099,0.017048,0.044654,0.005708,0.005556,0.016976,0.000000,0.016520,0.010895,0.005376,0.000000,0.000000,0.005727
75540,75599,75570,871.458,36.824,256.201,33.050,1.625,0.145,0.007,36.453671,31.317574,26.609856,24.483730,20.044884,17.162926,14.134007,12.084579,10.045784,9.025265,8.219584,7.815278,7.415796,6.568353,5.143487,13.469277,4.271981,1.129015,0.411167,0.072344,0.066988,0.044192,0.022715,0.027089,0.028083,0.027770,0.016643,0.016707,0.016564,0.016951,0.005359,0.010983,0.000000,0.010948,0.000000,0.011057
75600,75659,75630,871.446,36.887,252.344,32.777,1.579,0.142,0.007,36.032650,30.706032,26.566042,22.641794,20.197031,16.748844,13.831632,11.937954,10.078491,9.151690,8.190103,7.490795,7.236772,6.541711,4.908938,13.661371,4.386829,1.066580,0.577929,0.106521,0.066733,0.022550,0.022414,0.022318,0.021723,0.022117,0.022300,0.028405,0.011117,0.005411,0.011188,0.000000,0.011186,0.000000,0.005727,0.011149
75660,75719,75690,871.424,36.881,253.062,32.655,1.614,0.144,0.007,35.812012,30.699717,26.450838,23.437141,20.107050,16.646721,13.829106,11.610418,10.285396,9.342149,8.310348,7.741933,7.624927,6.514059,5.088110,13.476145,4.162526,1.179832,0.438484,0.072007,0.033270,0.022263,0.039036,0.005308,0.027364,0.027488,0.005650,0.000000,0.011093,0.000000,0.011112,0.010876,0.016951,0.005650,0.005708,0.011151
75720,75779,75750,871.373,37.011,252.810,32.890,1.654,0.147,0.007,35.497723,30.662689,26.262705,23.408079,19.859482,16.717169,13.957459,11.743475,10.639351,8.924346,8.024216,8.036896,7.534489,6.550566,4.903950,13.900097,4.140525,1.181711,0.510698,0.072436,0.061321,0.044292,0.016654,0.016435,0.010685,0.016326,0.016598,0.016484,0.016744,0.011150,0.016376,0.016692,0.005612,0.000000,0.005556,0.011114
75780,75839,75810,871.362,37.009,248.527,32.609,1.659,0.150,0.007,33.879364,29.854988,25.325865,23.270697,19.786125,16.959028,13.568483,11.772717,10.113465,8.416786,8.554776,7.729339,6.859618,6.616939,5.140558,14.235218,4.318531,1.274974,0.504878,0.083146,0.055915,0.033755,0.039243,0.022120,0.010882,0.016632,0.005359,0.011047,0.005429,0.005359,0.011205,0.022158,0.000000,0.000000,0.005394,0.016640
75840,75899,75870,871.367,36.981,245.553,32.038,1.592,0.146,0.007,34.139580,29.387506,25.672604,22.793821,19.235300,16.179333,13.965097,11.494107,10.207038,8.959807,8.124973,7.123550,7.233225,6.441163,4.947515,13.540341,4.153714,1.115449,0.448562,0.088512,0.072747,0.039545,0.022854,0.005482,0.027328,0.033958,0.017104,0.005394,0.011178,0.011420,0.022067,0.011129,0.000000,0.011112,0.005342,0.005669
75900,75959,75930,871.366,37.006,244.985,32.322,1.700,0.154,0.007,34.124130,28.892160,25.191875,22.019028,19.062660,16.228168,14.265453,11.568149,10.310836,8.708086,7.931033,7.474467,7.440172,6.537937,5.154584,13.783893,4.291549,1.142377,0.490249,0.105818,0.067232,0.033557,0.010897,0.011129,0.005376,0.017107,0.011038,0.016453,0.011161,0.000000,0.016182,0.022385,0.022728,0.000000,0.000000,0.016696
75960,76019,75990,871.345,37.014,241.493,31.604,1.581,0.147,0.007,34.248177,29.266966,24.791777,21.632366,19.141443,16.077532,12.870350,11.743236,9.958491,8.838469,7.613738,7.360567,6.946589,6.429286,5.003079,13.565259,4.049278,1.048778,0.510702,0.077842,0.060625,0.061601,0.039503,0.005708,0.039507,0.016782,0.016855,0.011400,0.011075,0.011186,0.005787,0.010968,0.011082,0.000000,0.005519,0.011308
76020,76079,76050,871.309,37.118,243.988,31.737,1.622,0.150,0.007,34.158195,29.471838,25.914585,22.720394,19.171021,15.839958,13.330912,11.632747,9.856307,8.619077,8.000299,7.284390,7.188581,6.412848,5.083082,13.419375,3.905234,1.134853,0.482611,0.072626,0.066685,0.022342,0.038424,0.033319,0.011181,0.021917,0.016529,0.005574,0.016678,0.000000,0.011243,0.022832,0.005556,0.000000,0.000000,0.016712
76080,76139,76110,871.306,37.061,244.117,32.099,1.662,0.148,0.007,34.840324,28.979870,25.402861,22.432903,18.384197,16.173466,13.591570,11.484280,10.437694,8.675052,7.749297,7.512197,7.366434,6.473057,4.918108,13.642688,3.947369,1.246384,0.530439,0.082971,0.056653,0.027891,0.016840,0.005342,0.016495,0.016623,0.011156,0.005482,0.011224,0.021586,0.005556,0.000000,0.005747,0.005429,0.016752,0.022836
76140,76199,76170,871.293,37.081,246.433,32.392,1.686,0.152,0.007,34.394890,29.315147,25.397028,22.781370,19.612331,16.281118,13.641791,11.717707,10.237035,8.676052,8.193186,7.583271,7.178313,6.771698,5.178941,13.133685,4.306172,1.183554,0.496356,0.054635,0.055961,0.016709,0.049753,0.033071,0.016342,0.010736,0.010947,0.005631,0.005612,0.022044,0.022153,0.016497,0.016253,0.000000,0.000000,0.016577
76200,76259,76230,871.286,37.093,245.371,32.516,1.781,0.160,0.007,34.084702,29.496506,25.400244,22.120829,19.557369,16.176611,13.779331,11.840645,10.157121,8.698947,7.843498,7.411000,7.313638,6.639400,5.051157,13.694931,4.168077,1.114807,0.499903,0.039727,0.038572,0.022364,0.016502,0.038924,0.016236,0.005650,0.005308,0.016988,0.022248,0.016544,0.016399,0.011096,0.016968,0.000000,0.016764,0.022299
76260,76319,76290,871.278,37.159,246.414,32.560,1.748,0.157,0.008,34.673328,30.198137,25.170057,22.701792,19.302975,16.299797,13.674593,11.437830,9.830196,9.132615,8.100638,7.583467,6.784576,6.515186,5.059963,13.703921,4.105454,1.255503,0.492161,0.055099,0.066237,0.038173,0.044327,0.039144,0.016376,0.005464,0.016560,0.010983,0.000000,0.021956,0.016394,0.016236,0.016641,0.000000,0.010965,0.016938
76320,76379,76350,871.256,37.147,248.747,32.276,1.591,0.145,0.007,34.915417,30.101561,25.675699,22.647549,19.993532,16.136557,13.861134,12.100996,10.104641,8.843420,8.082089,7.673821,7.385743,6.670130,4.943280,13.415735,4.218446,1.133570,0.537680,0.072840,0.033257,0.027791,0.033329,0.021981,0.011338,0.011324,0.011212,0.017137,0.016593,0.000000,0.011026,0.011039,0.005464,0.000000,0.011026,0.010929
76380,76439,76410,871.259,37.097,247.486,32.482,1.595,0.145,0.008,34.392708,30.083345,25.371279,22.354059,19.667608,16.464682,14.248295,11.777090,9.788722,8.670262,7.927828,7.463473,7.351948,6.587407,4.902221,13.776214,4.489045,1.194080,0.551163,0.123524,0.077891,0.038580,0.033462,0.028010,0.011001,0.000000,0.011243,0.016457,0.011515,0.016686,0.028237,0.017050,0.010992,0.000000,0.000000,0.000000
76440,76499,76470,871.268,37.185,247.467,32.439,1.663,0.150,0.007,34.334480,29.299091,25.724972,22.723608,19.510021,16.075720,13.887506,11.906837,9.957971,9.084427,8.109205,8.083033,7.551897,6.470479,5.178482,13.604120,4.015326,1.147863,0.417523,0.111411,0.028284,0.027671,0.049952,0.022159,0.005708,0.016511,0.005376,0.027799,0.011280,0.011074,0.022574,0.011243,0.011398,0.005708,0.000000,0.016379
