CampaignData_and_Merges/R0/CSL_MobileLab_Parked/raw/20240804/USOS-PTR_MobileLabGround_20240804_RA.ict
58, 1001
Matthew Coggon, Kelvin Bates, Chelsea Stockwell, Carsten Warneke
NOAA ESRL Chemical Sciences Division
NOAA PTR-ToF-MS
USOS
1,1 
2024, 08, 04, 2023, 08, 07
0
Time_Start, seconds, number of seconds from 00:00 UTC 
22
1, 1, 1, 1, 1, 1, 1, 1, 1, 1, 1, 1, 1, 1, 1, 1, 1, 1, 1, 1, 1, 1
-9999, -9999, -9999, -9999, -9999, -9999, -9999, -9999, -9999, -9999, -9999, -9999, -9999, -9999, -9999, -9999, -9999, -9999, -9999, -9999, -9999, -9999
CH3OH_NOAAPTR_ppbv,  ppbv, Gas_CH3OH_InSitu_S_AVMR, (CH3OH) methanol
CH3CN_NOAAPTR_ppbv,  ppbv, Gas_CH3CN_InSitu_S_AVMR, (CH3CN) acetonitrile
CH3CHO_NOAAPTR_ppbv,  ppbv, Gas_CH3CHO_InSitu_S_AVMR, (CH3CHO) acetaldehyde plus contributions from ethylene glycol and ethylene oxide. Interference from ethanol has been subtracted out.
C2H5OH_NOAAPTR_ppbv,  ppbv, Gas_C2H5OH_InSitu_S_AVMR, (C2H5OH) ethanol
CH3SH_NOAAPTR_ppbv,  ppbv, Gas_CH3SH_InSitu_S_AVMR, (CH3SH) methanethiol, using calibration factor for DMS
Acrolein_NOAAPTR_ppbv,  ppbv, Gas_Acrolein_InSitu_S_AVMR, (C3H4O) acrolein
AcetonePropanal_NOAAPTR_ppbv,  ppbv, Gas_AcetoneAndPropanal_InSitu_S_AVMR, (C3H6O) sum of acetone (dominant isomer) and propanal, using calibration factor for acetone
DMS_NOAAPTR_ppbv,  ppbv, Gas_DMS_InSitu_S_AVMR, (C2H6S) dimethyl sulfide with possible small contributions from ethanethiol
C5H8_NOAAPTR_ppbv,  ppbv, Gas_Isoprene_InSitu_S_AVMR, (C5H8) isoprene and possible fragments from cycloalkanes and aldehydes. Interferences have been subtracted following methods described by Coggon et al (2023)
MVKMAC_NOAAPTR_ppbv,  ppbv, Gas_MVKAndMAC_InSitu_S_AVMR, (C4H6O) sum of methyl vinyl ketone, methacrolein, and small amounts of crotonaldehyde, using weighted calibration factor for MVK (0.637) and MACR (0.363)
Benzene_NOAAPTR_ppbv,  ppbv, Gas_Benzene_InSitu_S_AVMR, (C6H6) benzene
Toluene_NOAAPTR_ppbv,  ppbv, Gas_Toluene_InSitu_S_AVMR, (C7H8) toluene with possible small contributions of fragments from ethyltoluene
Styrene_NOAAPTR_ppbv,  ppbv, Gas_Styrene_InSitu_S_AVMR, (C8H8) styrene
Benzaldehyde_NOAAPTR_ppbv,  ppbv, Gas_Benzaldehyde_InSitu_S_AVMR, (C7H6O) benzaldehyde
C8Aromatics_NOAAPTR_ppbv,  ppbv, Gas_C8Aromatics_InSitu_M_AVMR, (C8H10) sum of m-xylene, p-xylene, o-xylene, and ethyl benzene
C9Aromatics_NOAAPTR_ppbv,  ppbv, Gas_C9Aromatics_InSitu_M_AVMR, (C9H12) sum of C9 aromatics
Naphthalene_NOAAPTR_ppbv,  ppbv, Gas_Naphthalene_InSitu_S_AVMR, (C10H8) naphthalene
Octanal_NOAAPTR_ppbv,  ppbv, Gas_Octanal_InSitu_S_AVMR, (C8H16O) octanal and small amounts of octanone
Monoterpenes_NOAAPTR_ppbv,  ppbv, Gas_Monoterpenes_InSitu_M_AVMR, (C10H16) sum of monoterpenes and possible contributions from fragments of oxygenated monoterpenoids such as eucalyptol.
Nonanal_NOAAPTR_ppbv,  ppbv, Gas_Nonanal_InSitu_M_AVMR, (C9H18O) nonanal and small amounts of nonanone
C7H4ClF3_NOAAPTR_ppbv,  ppbv, Gas_C7H4ClF3_InSitu_S_AVMR, (C7H4ClF3) parachlorobenzotrifluoride
C10H30O5Si5_NOAAPTR_ppbv,  ppbv, Gas_C10H30O5Si5_InSitu_S_AVMR, (C10H30O5Si5) decamethylcyclopentasiloxane
1
SPECIAL COMMENTS:N/A
21
PI_CONTACT_INFO: NOAA ESRL Chemical Sciences Division, Tropospheric Chemistry Group. 325 Broadway, R/CSD7, Boulder, CO 80305
PLATFORM: Mobile Laboratory.
LOCATION: Salt Lake City, UT
ASSOCIATED_DATA: N/A
INSTRUMENT_INFO: NOAA PTR-ToF-MS measurements on NOAA CSL Mobile Lab
DATA_INFO: Units: ppbv
UNCERTAINTY: See OTHER_COMMENTS
ULOD_FLAG: -7777
ULOD_VALUE: N/A
LLOD_FLAG: -8888
LLOD_VALUE: N/A.
DM_CONTACT_INFO: Data Managers: Matt Coggon, Kelvin Bates, Chelsea Stockwell; email: matthew.m.coggon@noaa.gov and kelvin.bates@colorado.edu
PROJECT_INFO: USOS Deployment July-August, 2024
STIPULATIONS_ON_USE: Use of these data require prior OK from PI.
OTHER_COMMENTS: Uncertainties:
CH3OH_NOAAPTR_ppbv:30%; CH3CN_NOAAPTR_ppbv:30%; CH3CHO_NOAAPTR_ppbv:30%; C2H5OH_NOAAPTR_ppbv:30%; CH3SH_NOAAPTR_ppbv:50%; Acrolein_NOAAPTR_ppbv:30%; AcetonePropanal_NOAAPTR_ppbv:30%; DMS_NOAAPTR_ppbv:30%; C5H8_NOAAPTR_ppbv:30%; MVKMAC_NOAAPTR_ppbv:30%; 
Benzene_NOAAPTR_ppbv:30%; Toluene_NOAAPTR_ppbv:30%; Styrene_NOAAPTR_ppbv:30%; Benzaldehyde_NOAAPTR_ppbv:30%; C8Aromatics_NOAAPTR_ppbv:30%; C9Aromatics_NOAAPTR_ppbv:30%; Naphthalene_NOAAPTR_ppbv:30%; Octanal_NOAAPTR_ppbv:30%; Monoterpenes_NOAAPTR_ppbv:30%; Nonanal_NOAAPTR_ppbv:30%; 
C7H4ClF3_NOAAPTR_ppbv:30%; C10H30O5Si5_NOAAPTR_ppbv:30%; 
REVISION: RA
RA: Field Data
Time_Start, CH3OH_NOAAPTR_ppbv, CH3CN_NOAAPTR_ppbv, CH3CHO_NOAAPTR_ppbv, C2H5OH_NOAAPTR_ppbv, CH3SH_NOAAPTR_ppbv, Acrolein_NOAAPTR_ppbv, AcetonePropanal_NOAAPTR_ppbv, DMS_NOAAPTR_ppbv, C5H8_NOAAPTR_ppbv, MVKMAC_NOAAPTR_ppbv, Benzene_NOAAPTR_ppbv, Toluene_NOAAPTR_ppbv, Styrene_NOAAPTR_ppbv, Benzaldehyde_NOAAPTR_ppbv, C8Aromatics_NOAAPTR_ppbv, C9Aromatics_NOAAPTR_ppbv, Naphthalene_NOAAPTR_ppbv, Octanal_NOAAPTR_ppbv, Monoterpenes_NOAAPTR_ppbv, Nonanal_NOAAPTR_ppbv, C7H4ClF3_NOAAPTR_ppbv, C10H30O5Si5_NOAAPTR_ppbv
[from data line 1185]
71100.0, -9999.00000, -9999.00000, -9999.00000, -9999.00000, -9999.00000, -9999.00000, -9999.00000, -9999.00000, -9999.00000, -9999.00000, -9999.00000, -9999.00000, -9999.00000, -9999.00000, -9999.00000, -9999.00000, -9999.00000, -9999.00000, -9999.00000, -9999.00000, -9999.00000, -9999.00000 
71160.0, -9999.00000, -9999.00000, -9999.00000, -9999.00000, -9999.00000, -9999.00000, -9999.00000, -9999.00000, -9999.00000, -9999.00000, -9999.00000, -9999.00000, -9999.00000, -9999.00000, -9999.00000, -9999.00000, -9999.00000, -9999.00000, -9999.00000, -9999.00000, -9999.00000, -9999.00000 
71220.0, -9999.00000, -9999.00000, -9999.00000, -9999.00000, -9999.00000, -9999.00000, -9999.00000, -9999.00000, -9999.00000, -9999.00000, -9999.00000, -9999.00000, -9999.00000, -9999.00000, -9999.00000, -9999.00000, -9999.00000, -9999.00000, -9999.00000, -9999.00000, -9999.00000, -9999.00000 
71280.0, -9999.00000, -9999.00000, -9999.00000, -9999.00000, -9999.00000, -9999.00000, -9999.00000, -9999.00000, -9999.00000, -9999.00000, -9999.00000, -9999.00000, -9999.00000, -9999.00000, -9999.00000, -9999.00000, -9999.00000, -9999.00000, -9999.00000, -9999.00000, -9999.00000, -9999.00000 
71340.0, -9999.00000, -9999.00000, -9999.00000, -9999.00000, -9999.00000, -9999.00000, -9999.00000, -9999.00000, -9999.00000, -9999.00000, -9999.00000, -9999.00000, -9999.00000, -9999.00000, -9999.00000, -9999.00000, -9999.00000, -9999.00000, -9999.00000, -9999.00000, -9999.00000, -9999.00000 
71400.0, -9999.00000, -9999.00000, -9999.00000, -9999.00000, -9999.00000, -9999.00000, -9999.00000, -9999.00000, -9999.00000, -9999.00000, -9999.00000, -9999.00000, -9999.00000, -9999.00000, -9999.00000, -9999.00000, -9999.00000, -9999.00000, -9999.00000, -9999.00000, -9999.00000, -9999.00000 
71460.0, 5.99994, 0.21520, -9999.00000, 1.04567, 0.00191, 0.17912, 3.02915, -0.00049, -9999.00000, 0.23837, 0.06798, 0.10630, 0.00545, -0.00317, 0.05115, 0.02632, -0.01209, 0.02227, 0.02982, 0.03258, 0.00371, 0.00015 
71520.0, 6.34742, 0.19693, 0.94398, 0.84011, -0.00102, 0.15523, 3.06364, 0.00821, 0.03593, 0.25108, 0.06783, 0.06892, 0.01246, 0.02809, 0.02761, 0.01580, 0.00583, 0.02510, 0.03328, 0.01548, 0.00011, -0.00066 
71580.0, 5.68279, 0.19191, 0.90631, 0.99358, 0.00234, 0.15165, 3.12507, 0.01842, 0.05002, 0.23425, -0.00217, 0.06840, 0.00503, -0.00589, 0.02944, 0.01529, -0.00080, 0.03255, 0.02930, 0.02963, 0.00153, 0.00066 
71640.0, 5.76467, 0.19160, 0.78949, 1.18346, -0.00102, 0.09303, 3.08013, -0.00036, 0.11591, 0.24045, 0.03650, 0.08053, -0.00673, -0.00166, 0.03532, 0.00559, 0.00629, 0.01663, 0.05855, 0.01346, 0.00363, 0.00301 
71700.0, 6.12932, 0.17769, 1.05835, 1.44806, 0.00033, 0.16543, 3.17858, 0.00619, 0.39658, 0.26701, 0.00596, 0.10661, 0.00575, -0.00484, 0.05519, 0.01910, 0.01103, 0.01680, 0.09855, 0.03437, 0.00376, 0.00582 
71760.0, 5.95413, 0.20123, 0.99912, 1.20884, 0.00254, 0.15060, 3.14621, 0.00250, 0.37130, 0.28854, 0.04370, 0.08773, -0.00136, 0.00848, 0.04389, 0.02003, -0.00727, 0.01857, 0.08230, 0.07545, 0.00043, 0.00154 
71820.0, 5.90218, 0.19757, 1.06295, 1.03090, 0.00106, 0.14049, 3.08231, 0.00277, 0.14995, 0.22357, 0.00610, 0.07258, 0.00327, -0.00857, 0.03803, 0.01443, -0.00628, 0.02876, 0.06205, 0.03608, 0.00731, 0.00138 
71880.0, 7.34597, 0.18766, 1.25361, 1.91326, 0.00222, 0.20035, 3.24674, 0.00409, 0.20040, 0.26537, 0.04385, 0.25704, 0.01197, -0.00009, 0.08261, 0.03505, 0.00583, 0.03661, 0.15694, 0.06511, 0.00507, 0.00312 
71940.0, 5.43975, 0.18020, 0.92802, 1.27605, 0.00060, 0.11612, 3.06925, 0.01214, 0.10091, 0.21622, 0.01125, 0.06226, -0.00345, -0.01858, 0.03499, 0.01437, -0.00782, 0.04652, 0.04986, 0.02963, 0.00504, 0.00024 
72000.0, 5.19142, 0.17289, 0.80273, 0.78009, 0.00340, 0.13788, 3.07396, 0.00515, 0.09668, 0.22489, -0.00876, 0.06573, 0.00614, -0.01761, 0.03530, 0.00877, -0.00392, 0.00941, 0.06738, 0.02312, 0.00238, 0.00050 
72060.0, 5.25434, 0.19006, 0.75902, 0.82277, -0.00052, 0.11731, 3.00639, -0.00033, 0.00000, 0.18504, 0.06302, 0.07513, 0.00918, -0.01635, 0.01683, 0.00207, 0.01263, 0.00687, 0.01664, 0.01100, -0.00129, 0.00079 
72120.0, 5.95750, 0.16479, 0.78995, 1.23213, 0.00111, 0.10635, 3.02364, 0.01133, 0.04954, 0.20824, 0.00903, 0.05083, 0.00597, -0.01211, 0.04231, 0.00816, -0.01024, 0.01582, 0.03472, 0.02736, 0.00560, 0.00410 
72180.0, 5.72382, 0.18615, 0.70975, 1.07359, -0.00100, 0.11894, 2.95340, 0.00775, 0.03176, 0.18768, 0.00083, 0.05884, 0.00510, -0.01632, 0.02718, 0.01305, 0.01697, 0.02492, 0.03673, 0.01604, 0.00367, 0.00007 
72240.0, 5.67746, 0.17856, 0.77573, 0.85184, 0.00058, 0.12151, 3.01478, 0.00857, 0.00069, 0.17199, 0.02970, 0.05426, 0.00289, -0.01339, 0.02018, 0.01027, -0.01208, 0.01388, 0.06499, 0.01172, 0.00341, 0.00149 
72300.0, 6.14746, 0.18988, 0.94749, 1.02985, -0.00007, 0.10997, 3.09460, 0.00400, 0.06896, 0.20595, 0.00267, 0.06487, 0.00744, -0.00773, 0.01975, 0.00784, -0.00499, 0.02841, 0.07602, 0.04158, 0.00727, 0.00413 
72360.0, 6.67778, 0.19810, 1.08471, 1.08153, -0.00079, 0.15365, 3.27024, 0.00985, 0.12488, 0.20499, 0.01269, 0.05431, -0.00664, -0.00957, 0.02626, 0.01338, -0.00368, 0.02646, 0.05533, 0.01539, 0.00168, 0.00419 
72420.0, 6.91041, 0.19571, 1.13452, 1.32516, 0.00421, 0.16630, 3.22704, 0.00822, 0.11114, 0.21543, 0.01898, 0.07654, -0.00663, -0.00182, 0.02914, 0.00739, 0.00062, 0.03381, 0.05941, 0.04907, 0.00333, 0.00348 
72480.0, 5.45546, 0.17157, 0.77104, 1.06721, 0.00338, 0.10320, 3.08205, 0.00684, 0.09349, 0.19548, 0.03192, 0.05747, -0.00468, -0.00665, 0.02757, 0.00674, 0.00515, 0.03099, 0.04479, 0.00749, 0.00706, 0.00370 
72540.0, 6.79100, 0.18462, 0.88260, 1.17237, 0.00068, 0.12007, 3.14310, 0.00667, 0.20858, 0.20262, 0.03601, 0.06688, 0.00773, -0.01383, 0.03093, 0.01191, 0.00006, 0.03422, 0.05002, 0.02830, 0.00264, 0.00191 
72600.0, 5.76264, 0.17137, 0.79794, 0.92910, -0.00100, 0.09443, 3.00178, 0.00647, 0.02496, 0.19360, 0.02340, 0.04743, 0.00412, -0.00572, 0.02133, 0.00770, 0.01576, 0.01851, 0.01353, 0.01576, 0.00563, 0.00106 
72660.0, 5.42837, 0.17509, 0.84150, 1.08439, 0.00304, 0.15337, 3.11845, 0.00642, 0.13954, 0.21181, -0.00668, 0.06153, 0.00592, -0.02075, 0.02933, 0.01061, 0.00096, 0.02179, 0.04177, 0.02494, 0.00221, 0.00115 
72720.0, 6.07572, 0.18322, 0.96263, 1.21757, 0.00390, 0.11365, 3.09520, -0.00472, 0.13958, 0.20327, 0.03092, 0.06843, -0.00140, -0.01113, 0.03292, 0.01534, 0.00341, 0.02121, 0.06141, 0.03685, 0.00060, 0.00039 
72780.0, 6.10772, 0.20117, 0.94070, 1.99376, 0.00206, 0.15985, 3.13152, 0.00610, 0.09921, 0.19594, 0.08506, 0.28750, 0.01641, -0.03319, 0.09559, 0.03110, -0.00746, 0.03157, 0.03231, 0.03940, 0.00305, 0.00043 
72840.0, 5.87718, 0.17583, 0.87657, 1.28820, -0.00092, 0.17237, 3.07123, -0.00165, 0.10751, 0.21329, -0.00210, 0.05820, 0.00553, -0.00467, 0.03402, 0.01093, 0.00136, 0.03956, 0.03025, 0.03936, 0.00394, 0.00113 
72900.0, 7.69358, 0.19466, 1.18717, 3.78130, -0.00099, 0.15891, 3.20215, 0.01116, 0.09850, 0.21609, 0.11905, 0.58869, 0.02208, -0.00664, 0.19745, 0.07521, -0.00403, 0.03164, 0.06899, 0.07294, -0.00128, 0.00351 
72960.0, 5.21371, 0.18722, 0.74708, 1.04673, 0.00212, 0.10703, 2.98260, 0.01569, 0.02495, 0.19241, -0.00456, 0.05081, 0.00214, -0.00536, 0.02725, 0.00703, 0.00160, 0.01412, 0.02015, 0.01484, 0.00159, -0.00047 
73020.0, 5.09965, 0.17594, 0.67488, 0.77052, 0.00112, 0.10024, 2.99840, 0.00795, 0.03516, 0.16836, -0.01035, 0.04771, 0.00247, -0.01966, 0.02180, 0.00451, -0.00176, 0.01590, 0.00855, 0.00516, 0.00419, 0.00048 
73080.0, 7.20499, 0.19718, 0.96375, 1.32707, 0.00264, 0.14261, 3.31769, 0.00469, 0.11927, 0.19065, 0.03928, 0.05639, 0.00675, -0.00939, 0.03431, 0.00966, 0.00982, 0.02654, 0.08674, 0.02272, 0.00329, 0.00195 
73140.0, 6.40281, 0.20133, 0.95424, 1.80768, 0.00034, 0.12798, 3.09876, 0.00780, 0.28064, 0.19454, 0.04516, 0.10589, 0.01397, -0.01905, 0.07490, 0.02088, 0.00002, 0.01924, 0.05110, 0.01478, 0.00639, 0.00074 
73200.0, 5.33162, 0.17894, 0.87372, 1.12999, -0.00082, 0.13197, 3.11566, 0.00491, 0.10932, 0.17604, 0.03718, 0.05272, 0.00803, -0.01289, 0.02428, 0.01084, 0.00028, 0.03364, 0.04312, 0.01575, 0.00414, 0.00218 
73260.0, 6.98183, 0.18306, 0.98554, 0.75590, 0.00265, 0.15286, 3.09479, 0.01736, 0.22923, 0.17692, 0.02406, 0.07109, -0.00103, -0.01933, 0.03148, 0.00778, -0.00209, 0.03326, 0.05579, 0.02040, 0.00783, 0.00163 
73320.0, 6.02059, 0.19844, 0.76539, 0.88926, -0.00051, 0.10914, 3.07530, 0.00710, 0.03839, 0.16539, -0.01287, 0.05010, 0.00745, -0.03981, 0.02449, 0.00614, -0.01207, 0.01714, 0.02371, 0.01170, -0.00058, 0.00322 
73380.0, 5.94952, 0.16932, 0.72994, 1.05771, 0.00051, 0.11634, 3.08704, 0.01664, 0.04128, 0.17173, -0.02651, 0.03461, -0.00224, -0.01846, 0.03403, 0.00733, 0.00274, 0.01262, 0.04818, 0.02094, 0.00016, 0.00174 
73440.0, 5.32041, 0.20073, 0.74442, 1.19443, 0.00090, 0.13150, 3.00804, 0.00666, 0.14618, 0.18171, 0.02854, 0.03589, 0.00239, -0.01749, 0.02660, 0.00558, -0.00159, 0.02171, 0.04273, 0.01895, 0.00422, 0.00182 
73500.0, 4.87110, 0.18699, 0.71806, 1.23053, -0.00098, 0.11970, 3.06188, 0.01099, 0.03161, 0.16354, 0.00792, 0.03807, 0.00754, -0.04001, 0.01699, 0.00573, -0.00660, 0.00827, 0.02751, 0.01311, 0.00480, 0.00192 
73560.0, 5.62662, 0.17628, 0.99199, 1.19235, -0.00065, 0.13701, 3.27649, 0.00080, 0.09258, 0.16833, 0.02426, 0.05815, 0.00147, -0.01134, 0.02879, 0.00755, -0.00337, 0.02929, 0.04058, 0.02727, 0.00442, -0.00076 
73620.0, 9.45344, 0.17534, 1.38940, 3.88782, 0.00083, 0.21723, 3.44293, 0.00395, 0.22009, 0.23256, 0.12564, 0.64162, 0.01869, -0.01540, 0.21311, 0.08311, 0.00496, 0.03780, 0.13812, 0.08676, 0.00477, 0.00101 
73680.0, 7.58232, 0.18796, 1.19405, 1.69161, 0.00266, 0.15281, 3.36540, -0.00074, 0.21449, 0.21615, 0.02582, 0.12412, 0.01246, -0.03404, 0.03748, 0.01733, 0.00177, 0.05084, 0.12104, 0.04329, 0.01077, 0.00305 
73740.0, 7.01606, 0.17458, 1.14935, 2.36243, -0.00056, 0.18324, 3.38794, 0.01748, 0.27140, 0.21668, 0.06299, 0.28903, 0.02180, -0.02141, 0.09404, 0.02809, -0.00623, 0.03313, 0.10002, 0.04701, 0.00413, 0.00101 
73800.0, 6.27901, 0.17994, 0.87804, 1.56798, 0.00001, 0.11737, 3.13333, 0.01843, 0.18782, 0.16300, 0.03655, 0.08200, 0.00516, -0.02205, 0.04094, 0.02133, -0.00390, 0.02616, 0.06587, 0.02636, 0.00209, 0.00233 
73860.0, 7.84544, 0.16426, 1.26596, 3.05749, -0.00028, 0.19811, 3.30220, 0.01371, 0.23402, 0.20796, 0.05613, 0.43240, 0.01501, -0.02566, 0.15597, 0.05001, 0.00908, 0.02749, 0.08352, 0.04630, 0.00338, 0.00369 
73920.0, 7.15911, 0.16934, 1.19946, 3.78974, 0.00046, 0.18208, 3.36060, 0.00793, 0.21379, 0.20440, 0.10355, 0.61199, 0.02067, -0.04334, 0.19020, 0.06622, -0.01008, 0.04030, 0.08286, 0.03572, 0.00782, 0.00181 
73980.0, 5.77421, 0.17399, 0.87925, 1.22698, -0.00094, 0.15651, 3.15391, 0.01145, 0.07324, 0.18934, 0.00344, 0.07536, 0.00354, -0.01327, 0.03748, 0.01505, -0.00481, 0.03082, 0.06053, 0.03308, 0.00499, -0.00066 
74040.0, 4.85482, 0.18127, 0.84000, 1.19246, 0.00143, 0.12649, 3.17634, 0.00015, 0.07934, 0.15266, 0.01597, 0.05512, -0.00141, -0.01693, 0.02319, 0.00779, -0.00446, 0.02384, 0.05488, 0.02010, 0.00316, 0.00324 
74100.0, 7.55373, 0.17229, 1.22370, 3.55688, 0.00057, 0.18322, 3.33956, -0.00130, 0.23279, 0.21692, 0.13832, 0.64483, 0.01185, -0.02353, 0.23123, 0.08314, -0.00887, 0.02781, 0.08815, 0.04400, -0.00044, 0.00153 
74160.0, 5.57536, 0.18573, 0.82655, 1.06970, 0.00274, 0.14326, 3.15063, 0.00173, 0.10152, 0.18284, 0.01205, 0.06225, -0.00506, -0.01604, 0.02974, 0.00838, -0.01207, 0.02275, 0.05216, 0.02089, 0.00669, 0.00153 
74220.0, 6.27322, 0.17049, 0.98301, 1.55758, -0.00096, 0.15475, 3.17223, -0.00207, 0.17120, 0.20953, 0.01526, 0.10946, 0.00493, -0.00497, 0.05640, 0.01444, 0.00385, 0.02565, 0.08299, 0.05680, 0.00147, 0.00032 
74280.0, 6.48930, 0.18059, 0.96406, 1.24478, 0.00317, 0.15503, 3.17230, 0.00244, 0.14172, 0.19320, 0.04254, 0.06872, 0.00796, -0.01235, 0.03729, 0.01805, -0.01206, 0.03022, 0.08341, 0.03814, 0.00766, 0.00156 
74340.0, 6.04131, 0.17728, 0.88805, 1.18058, -0.00015, 0.11437, 3.16471, 0.00354, 0.09187, 0.17623, 0.01954, 0.06473, 0.00554, -0.00426, 0.02997, 0.01708, 0.00157, 0.04301, 0.12028, 0.04035, 0.00770, 0.00117 
74400.0, 6.99725, 0.16834, 1.14595, 1.22658, 0.00378, 0.17197, 3.29035, 0.00528, 0.21906, 0.20700, 0.01120, 0.06774, 0.01013, -0.00365, 0.02961, 0.00958, 0.00189, 0.04568, 0.13448, 0.04499, 0.00265, 0.00326 
74460.0, 5.91013, 0.18586, 0.83331, 1.54195, 0.00061, 0.12239, 3.10134, 0.00530, 0.11121, 0.16077, -0.01613, 0.05930, -0.00639, -0.02828, 0.03032, 0.01420, 0.00169, 0.01592, 0.07959, 0.03497, 0.00499, 0.00169 
74520.0, 7.79939, 0.18140, 1.23082, 1.18809, 0.00086, 0.17669, 3.33416, 0.01677, 0.07767, 0.16727, 0.01478, 0.13075, -0.00638, -0.03677, 0.03949, 0.02031, 0.00181, 0.02839, 0.07517, 0.06773, 0.00672, 0.00283 
74580.0, 4.40062, 0.19988, 0.75682, 1.41823, -0.00070, 0.14598, 3.11252, 0.00055, 0.00076, 0.14717, 0.02704, 0.03253, 0.00191, -0.04040, 0.02499, 0.00499, -0.00255, 0.02287, 0.02898, 0.03241, 0.00724, 0.00318 
74640.0, 6.37191, 0.17127, 1.01016, 1.39869, 0.00198, 0.14736, 3.28303, 0.01289, 0.07082, 0.15457, 0.04076, 0.09096, 0.00368, -0.02352, 0.04020, 0.01512, -0.00316, 0.03334, 0.04130, 0.02170, 0.00408, 0.00113 
74700.0, 6.76149, 0.18618, 1.00508, 1.50402, 0.00008, 0.18161, 3.21952, 0.00240, 0.02880, 0.18168, -0.00545, 0.15771, 0.00285, -0.00809, 0.06002, 0.02242, -0.00203, 0.03868, 0.05391, 0.05953, 0.00136, 0.00055 
74760.0, 5.58586, 0.18636, 0.77785, 1.01613, 0.00028, 0.11228, 3.09153, 0.01104, 0.01914, 0.13769, 0.03411, 0.07908, 0.00318, -0.02551, 0.02563, 0.00698, 0.00057, 0.02192, 0.01213, 0.01639, 0.00432, 0.00024 
74820.0, 5.15731, 0.17517, 0.94082, 0.97442, -0.00095, 0.14152, 3.15603, 0.00820, 0.03698, 0.13851, 0.01159, 0.04712, 0.00760, -0.00090, 0.02147, 0.00946, -0.00940, 0.02425, 0.02068, 0.02756, 0.00440, -0.00062 
74880.0, 5.40692, 0.17826, 0.79267, 1.06137, 0.00144, 0.09742, 3.04051, 0.00270, 0.03892, 0.14514, -0.00324, 0.04644, -0.00073, -0.02778, 0.01907, 0.00658, -0.00797, 0.01758, 0.01316, 0.01397, 0.00916, 0.00134 
74940.0, 5.81796, 0.18958, 0.85193, 0.92596, 0.00277, 0.11632, 3.16694, 0.00493, 0.07418, 0.14831, 0.01017, 0.07074, -0.00208, -0.01974, 0.02663, 0.00718, 0.00183, 0.03925, 0.02027, 0.01491, 0.00636, 0.00184 
75000.0, 5.44527, 0.16761, 0.84927, 1.12678, -0.00024, 0.10526, 3.16172, 0.00787, 0.09099, 0.16186, 0.01424, 0.06727, 0.00867, -0.01238, 0.01932, 0.00122, 0.00153, 0.03765, 0.02298, 0.01743, 0.00548, 0.00123 
75060.0, 5.44053, 0.18601, 0.83054, 1.30239, -0.00094, 0.12157, 3.19739, 0.01100, 0.10159, 0.16434, 0.02205, 0.06818, 0.00599, -0.01439, 0.03063, 0.01306, -0.00952, 0.02611, 0.03041, 0.03570, 0.00756, 0.00073 
75120.0, 5.13471, 0.17698, 0.90998, 1.09834, -0.00094, 0.11255, 3.13914, 0.00276, 0.08501, 0.17817, 0.02366, 0.07427, 0.00497, -0.00132, 0.03750, 0.01247, -0.00683, 0.02083, 0.01921, 0.01100, 0.00367, 0.00266 
75180.0, 4.85577, 0.16188, 0.98792, 1.69633, -0.00002, 0.13504, 3.19462, 0.01821, 0.12298, 0.16737, 0.03833, 0.08010, -0.00163, -0.01004, 0.03828, 0.01507, -0.01194, 0.01821, 0.03169, 0.03233, 0.00275, 0.00052 
75240.0, 6.61052, 0.16994, 1.05589, 1.68206, 0.00012, 0.16703, 3.30348, 0.00437, 0.07466, 0.18530, 0.07933, 0.07202, 0.00609, -0.01008, 0.04950, 0.02296, 0.00761, 0.04946, 0.09403, 0.02272, 0.01378, 0.00124 
75300.0, 8.65057, 0.18504, 1.32078, 2.50283, -0.00052, 0.20678, 3.47743, 0.01169, 0.12156, 0.21793, 0.11233, 0.25674, 0.01666, -0.02222, 0.10118, 0.04326, 0.00359, 0.02459, 0.19557, 0.04042, 0.01057, 0.00101 
75360.0, 7.55530, 0.17876, 1.38699, 2.18005, 0.00269, 0.16653, 3.49379, 0.01080, 0.11287, 0.18684, 0.06269, 0.17338, 0.00086, -0.02238, 0.06811, 0.03460, -0.01206, 0.03890, 0.10424, 0.05312, 0.00732, 0.00273 
75420.0, 5.89953, 0.16857, 1.03829, 1.56870, 0.00236, 0.12821, 3.19997, 0.00314, 0.03609, 0.17132, 0.03537, 0.09247, 0.00501, -0.02230, 0.03054, 0.01937, 0.00296, 0.02319, 0.08236, 0.04793, 0.00367, 0.00055 
