CampaignData_and_Merges/R0/CSL_MobileLab_Parked/raw/20240804/USOS-MetNav_MobileLabGround_20240804_R0.ict
44, 1001
Carrie Womack, Nate Howard, Mike Zucker
NOAA Chemical Sciences Laboratory
Mobile Lab MetNav Station
USOS
1, 1
2024, 08, 04, 2024, 12, 21
60
Time_Start, seconds_past_midnight, Seconds from midnight UTC
11
1, 1, 1, 1, 1, 1, 1, 1, 1, 1, 1
-9999, -9999, -9999, -9999, -9999, -9999, -9999, -9999, -9999, -9999, -9999
GPS_Alt_m, meters, Altitude from Differential GPS
GPS_Course_deg, degrees, Course from Differential GPS
GPS_GndSpd_m_s, m/s, Ground Speed from Differential GPS
GPS_Heading_deg, degrees, Heading from Differential GPS
GPS_Lat_deg, degrees, Latitude from Differential GPS
GPS_Lon_deg, degrees, Longitude from Differential GPS
AirTemp_C, Celsius, Air Temperature from Airmar
RelHumidity_pct, percent, Relative Humidity from Airmar
Pressure_mb, millibars, Pressure from Honeywell
WindDir_calc_deg, degrees, Wind Direction from Airmar corrected for van movement
WindSpd_calc_m_s, m/s, Wind Speed from Airmar corrected for van movement
1
SPECIAL COMMENTS:
18
PI_CONTACT_INFO: Address: 325 Broadway R/CSL7, Boulder, CO, 80305
PLATFORM: CSL Mobile Lab
LOCATION: Salt Lake City, UT
ASSOCIATED_DATA: N/A
INSTRUMENT_INFO: N/A
DATA_INFO: Units:
UNCERTAINTY: N/A
ULOD_FLAG: -7777
ULOD_VALUE: N/A
LLOD_FLAG: -8888
LLOD_VALUE: N/A
DM_CONTACT_INFO: Data Manager: Nate Howard
PROJECT_INFO: 
STIPULATIONS_ON_USE: Use of these data require prior ok from PI.
OTHER_COMMENTS: 
REVISION: R0
R0: Final data. Fixed bug in wind averaging code. RA: Preliminary Data. For in-field use only. 
Time_Start, GPS_Alt_m, GPS_Course_deg, GPS_GndSpd_m_s, GPS_Heading_deg, GPS_Lat_deg, GPS_Lon_deg, AirTemp_C, RelHumidity_pct, Pressure_mb, WindDir_calc_deg, WindSpd_calc_m_s
[from data line 626]
37560.0,1308.8,0.89,0.05,0.89,40.73435,-111.87210,23.1,37.9,876.7,126.69,1.0
37620.0,1308.4,1.17,0.05,1.17,40.73435,-111.87210,23.1,38.0,876.7,122.17,0.8
37680.0,1308.4,1.24,0.05,1.24,40.73435,-111.87210,23.1,37.8,876.7,117.64,0.7
37740.0,1308.2,1.16,0.04,1.16,40.73435,-111.87210,23.1,37.9,876.7,117.63,0.7
37800.0,1308.2,1.17,0.04,1.17,40.73434,-111.87210,23.1,37.5,876.7,72.66,0.6
37860.0,1308.2,1.18,0.05,1.18,40.73434,-111.87210,23.1,37.2,876.7,94.96,0.6
37920.0,1308.8,0.73,0.05,0.73,40.73434,-111.87211,23.1,37.8,876.7,124.29,0.8
37980.0,1309.0,0.34,0.04,0.34,40.73434,-111.87211,23.2,38.3,876.7,146.33,1.1
38040.0,1309.2,0.59,0.05,0.59,40.73434,-111.87211,23.1,38.9,876.6,162.86,1.4
38100.0,1309.4,1.28,0.04,1.28,40.73434,-111.87211,23.1,39.4,876.6,156.15,1.4
38160.0,1309.5,0.79,0.04,0.79,40.73434,-111.87211,23.2,39.2,876.6,158.58,1.5
38220.0,1309.4,0.26,0.05,0.26,40.73434,-111.87211,23.2,39.7,876.6,151.62,1.5
38280.0,1309.5,0.32,0.04,0.32,40.73434,-111.87211,23.1,40.1,876.6,129.52,1.4
38340.0,1309.5,0.20,0.05,0.20,40.73434,-111.87211,22.9,40.1,876.6,117.17,1.6
38400.0,1309.5,0.14,0.04,0.14,40.73434,-111.87211,22.9,39.9,876.6,115.90,1.0
38460.0,1309.5,0.05,0.05,0.05,40.73434,-111.87211,22.8,39.9,876.6,121.53,1.2
38520.0,1309.5,0.50,0.04,0.50,40.73434,-111.87211,22.8,39.4,876.6,119.19,1.3
38580.0,1309.4,0.87,0.05,0.87,40.73434,-111.87210,22.8,39.5,876.6,114.56,1.1
38640.0,1309.4,1.07,0.05,1.07,40.73434,-111.87210,22.8,39.6,876.6,112.21,0.8
38700.0,1309.6,1.02,0.05,1.02,40.73434,-111.87211,22.7,39.7,876.6,121.04,0.9
38760.0,1309.5,0.76,0.04,0.76,40.73434,-111.87211,22.8,39.6,876.6,127.07,1.0
38820.0,1309.4,0.47,0.05,0.47,40.73434,-111.87211,22.8,39.8,876.6,134.98,1.0
38880.0,1309.4,0.74,0.04,0.74,40.73434,-111.87211,22.8,39.8,876.6,129.92,0.7
38940.0,1309.4,0.85,0.05,0.85,40.73434,-111.87211,22.8,39.7,876.6,129.87,0.7
39000.0,1309.4,1.10,0.05,1.10,40.73434,-111.87211,22.8,39.9,876.6,127.45,0.7
39060.0,1309.1,1.41,0.05,1.41,40.73434,-111.87211,22.8,39.9,876.6,142.55,0.5
39120.0,1308.9,1.54,0.05,1.54,40.73434,-111.87211,22.9,40.1,876.6,124.19,0.8
39180.0,1308.6,1.67,0.05,1.67,40.73434,-111.87211,22.8,40.2,876.6,136.99,0.7
39240.0,1308.5,1.70,0.05,1.70,40.73434,-111.87211,22.9,40.3,876.6,177.28,0.9
39300.0,1308.5,1.57,0.05,1.57,40.73434,-111.87211,23.0,40.3,876.6,186.79,0.8
39360.0,1308.9,1.22,0.05,1.22,40.73434,-111.87211,23.0,40.8,876.6,184.43,1.2
39420.0,1309.5,0.67,0.05,0.67,40.73434,-111.87211,23.1,41.2,876.6,171.62,0.9
39480.0,1309.5,1.19,0.05,1.19,40.73434,-111.87211,23.1,41.3,876.6,143.41,1.6
39540.0,1309.2,1.28,0.05,1.28,40.73434,-111.87211,23.0,41.6,876.6,141.30,1.8
39600.0,1308.6,1.41,0.05,1.41,40.73434,-111.87211,23.0,42.0,876.6,142.05,1.6
39660.0,1308.6,1.11,0.05,1.11,40.73434,-111.87211,22.8,42.3,876.6,130.05,1.5
39720.0,1308.5,1.70,0.05,1.70,40.73434,-111.87211,22.8,42.3,876.6,140.70,1.4
39780.0,1308.4,1.57,0.05,1.57,40.73434,-111.87211,22.8,42.7,876.6,151.95,1.5
39840.0,1308.2,1.74,0.05,1.74,40.73434,-111.87211,22.8,43.2,876.6,156.11,1.6
39900.0,1308.4,1.41,0.05,1.41,40.73434,-111.87211,22.7,43.5,876.6,138.41,1.5
39960.0,1308.9,1.31,0.05,1.31,40.73434,-111.87211,22.6,43.9,876.7,136.22,1.6
40020.0,1309.2,1.42,0.06,1.42,40.73434,-111.87211,22.5,43.7,876.6,139.00,1.4
40080.0,1309.3,1.81,0.05,1.81,40.73434,-111.87211,22.5,43.7,876.6,125.69,0.9
40140.0,1309.3,1.94,0.05,1.94,40.73434,-111.87211,22.5,43.2,876.6,119.76,0.8
40200.0,1309.3,1.63,0.05,1.63,40.73434,-111.87210,22.4,43.0,876.6,119.96,0.9
40260.0,1309.2,1.64,0.06,1.64,40.73434,-111.87210,22.3,43.1,876.6,117.31,1.0
40320.0,1309.5,1.48,0.05,1.48,40.73434,-111.87210,22.3,42.6,876.6,118.90,0.8
40380.0,1309.5,1.77,0.05,1.77,40.73434,-111.87210,22.3,42.4,876.6,129.89,0.9
40440.0,1309.2,2.19,0.05,2.19,40.73434,-111.87210,22.3,42.6,876.6,122.89,1.0
40500.0,1309.1,2.45,0.05,2.45,40.73435,-111.87210,22.2,42.6,876.6,109.83,0.7
40560.0,1309.4,2.31,0.05,2.31,40.73435,-111.87210,22.2,41.9,876.6,105.67,0.8
40620.0,1309.6,2.31,0.05,2.31,40.73434,-111.87210,22.2,41.3,876.6,110.95,0.7
40680.0,1309.6,2.23,0.05,2.23,40.73434,-111.87210,22.2,41.2,876.6,123.06,0.9
40740.0,1309.4,2.37,0.05,2.37,40.73434,-111.87210,22.2,41.2,876.6,126.52,0.9
40800.0,1309.2,2.33,0.05,2.33,40.73435,-111.87210,22.2,41.0,876.6,126.26,1.0
40860.0,1308.9,2.17,0.05,2.17,40.73435,-111.87210,22.1,41.7,876.6,119.92,1.2
40920.0,1308.9,2.53,0.05,2.53,40.73435,-111.87210,22.1,41.7,876.6,124.21,1.5
40980.0,1308.8,2.61,0.04,2.61,40.73435,-111.87210,22.1,41.7,876.6,117.00,1.4
41040.0,1308.6,2.23,0.05,2.23,40.73435,-111.87210,22.0,41.7,876.6,116.98,1.6
41100.0,1308.6,2.21,0.05,2.21,40.73435,-111.87210,22.0,41.4,876.6,118.87,1.8
41160.0,1308.4,2.28,0.04,2.28,40.73435,-111.87210,22.0,41.3,876.6,126.70,1.5
41220.0,1308.4,2.08,0.05,2.08,40.73435,-111.87210,22.0,41.4,876.7,126.67,1.5
41280.0,1308.3,1.75,0.05,1.75,40.73435,-111.87210,22.0,42.0,876.7,129.49,1.3
41340.0,1307.8,1.96,0.06,1.96,40.73435,-111.87210,22.0,42.1,876.7,143.14,1.3
41400.0,1307.8,1.87,0.05,1.87,40.73434,-111.87210,22.1,41.5,876.7,161.29,0.8
41460.0,1307.6,1.79,0.05,1.79,40.73434,-111.87210,22.2,40.8,876.7,143.75,0.9
41520.0,1307.4,1.71,0.05,1.71,40.73434,-111.87210,22.3,41.0,876.7,151.05,1.1
41580.0,1307.4,1.74,0.05,1.74,40.73434,-111.87210,22.4,41.2,876.8,165.08,1.2
41640.0,1307.5,2.57,0.05,2.57,40.73434,-111.87210,22.6,40.9,876.8,160.35,0.7
41700.0,1307.7,2.71,0.05,2.71,40.73434,-111.87210,22.7,40.7,876.8,135.30,0.8
41760.0,1307.7,2.33,0.04,2.33,40.73434,-111.87210,22.8,40.5,876.8,123.40,0.9
41820.0,1307.9,2.31,0.05,2.31,40.73434,-111.87210,22.8,40.8,876.8,130.86,1.3
41880.0,1307.9,2.15,0.05,2.15,40.73434,-111.87211,22.8,41.0,876.8,131.23,1.2
41940.0,1307.6,2.24,0.05,2.24,40.73434,-111.87210,22.8,41.2,876.8,131.71,1.2
42000.0,1307.7,2.32,0.04,2.32,40.73434,-111.87210,22.8,41.2,876.8,136.98,1.2
42060.0,1307.7,2.72,0.04,2.72,40.73434,-111.87210,22.8,41.2,876.8,139.83,0.9
42120.0,1307.9,2.87,0.04,2.87,40.73434,-111.87210,22.9,41.3,876.8,161.86,0.8
42180.0,1308.1,2.86,0.04,2.86,40.73434,-111.87210,22.9,41.1,876.8,148.45,0.6
42240.0,1308.2,2.50,0.04,2.50,40.73434,-111.87210,23.1,40.7,876.8,166.16,0.7
42300.0,1308.3,2.25,0.04,2.25,40.73434,-111.87211,23.1,40.6,876.8,151.71,1.1
42360.0,1308.5,1.90,0.04,1.90,40.73434,-111.87211,23.2,40.8,876.9,136.67,1.1
42420.0,1308.6,1.55,0.04,1.55,40.73434,-111.87211,23.1,41.4,876.9,120.95,1.2
42480.0,1308.5,1.33,0.04,1.33,40.73434,-111.87211,23.1,41.1,876.9,118.50,1.1
42540.0,1308.6,1.47,0.04,1.47,40.73434,-111.87211,23.0,41.1,876.9,114.70,1.2
42600.0,1308.7,2.13,0.04,2.13,40.73434,-111.87211,22.9,41.1,876.9,115.77,1.6
42660.0,1308.8,2.44,0.04,2.44,40.73434,-111.87211,22.8,40.8,876.9,114.28,1.1
42720.0,1308.8,2.60,0.04,2.60,40.73434,-111.87211,22.8,40.9,876.9,123.35,1.3
42780.0,1308.9,2.28,0.04,2.28,40.73434,-111.87211,22.8,41.1,876.9,136.19,1.4
42840.0,1309.0,2.98,0.05,2.98,40.73434,-111.87211,22.8,41.4,876.9,134.79,1.4
42900.0,1309.0,2.64,0.04,2.64,40.73434,-111.87211,22.8,42.2,876.9,126.13,1.2
42960.0,1309.0,2.48,0.05,2.48,40.73434,-111.87211,22.8,42.1,876.9,121.40,1.0
43020.0,1309.0,2.83,0.04,2.83,40.73434,-111.87211,22.8,42.3,876.9,124.94,1.2
43080.0,1309.0,2.43,0.05,2.43,40.73434,-111.87211,22.8,41.8,876.9,125.28,1.1
43140.0,1309.1,2.11,0.04,2.11,40.73434,-111.87210,22.8,41.6,876.8,114.52,1.4
43200.0,1309.1,2.67,0.04,2.67,40.73434,-111.87210,22.7,40.3,876.8,118.32,1.4
43260.0,1309.2,2.75,0.05,2.75,40.73434,-111.87210,22.8,40.6,876.8,132.27,1.2
43320.0,1309.3,2.01,0.04,2.01,40.73434,-111.87210,22.8,39.8,876.9,123.58,1.1
43380.0,1309.4,2.20,0.05,2.20,40.73434,-111.87210,22.8,39.5,876.9,127.45,1.0
43440.0,1309.4,2.26,0.04,2.26,40.73434,-111.87210,22.9,38.9,876.9,133.85,1.0
43500.0,1309.4,1.67,0.04,1.67,40.73434,-111.87210,23.0,39.0,876.9,134.77,1.2
43560.0,1309.3,1.33,0.04,1.33,40.73434,-111.87210,23.0,40.6,876.9,160.98,1.2
43620.0,1309.1,1.29,0.04,1.29,40.73434,-111.87210,23.0,40.9,876.9,135.26,1.5
43680.0,1309.0,0.70,0.04,0.70,40.73434,-111.87210,22.9,41.8,876.9,121.74,1.1
43740.0,1308.9,1.02,0.04,1.02,40.73434,-111.87210,22.9,41.8,876.9,124.47,1.5
43800.0,1308.9,1.85,0.04,1.85,40.73434,-111.87210,22.8,41.5,876.9,119.04,1.1
43860.0,1308.9,1.98,0.04,1.98,40.73434,-111.87210,22.8,41.4,876.9,118.15,1.7
43920.0,1308.9,1.81,0.04,1.81,40.73434,-111.87210,22.7,41.4,876.9,122.00,2.0
43980.0,1308.9,1.69,0.04,1.69,40.73434,-111.87210,22.7,41.5,876.9,121.55,1.9
44040.0,1308.9,1.78,0.05,1.78,40.73434,-111.87210,22.6,42.4,876.9,124.55,1.4
44100.0,1308.9,1.98,0.05,1.98,40.73434,-111.87210,22.6,42.6,877.0,133.65,1.5
44160.0,1309.0,1.88,0.04,1.88,40.73434,-111.87210,22.6,42.3,877.0,134.22,1.4
44220.0,1309.0,1.96,0.05,1.96,40.73434,-111.87210,22.6,41.9,877.0,121.91,1.4
44280.0,1309.0,1.87,0.04,1.87,40.73434,-111.87210,22.6,41.6,877.0,116.28,0.8
44340.0,1309.1,1.99,0.04,1.99,40.73434,-111.87210,22.5,41.7,877.0,80.29,0.5
44400.0,1309.1,1.98,0.05,1.98,40.73434,-111.87210,22.5,41.4,877.0,95.79,0.6
44460.0,1309.1,1.61,0.04,1.61,40.73434,-111.87210,22.5,41.2,877.0,112.53,0.7
44520.0,1309.1,1.69,0.05,1.69,40.73434,-111.87210,22.5,41.1,877.0,109.79,0.7
44580.0,1309.1,1.66,0.04,1.66,40.73434,-111.87210,22.5,40.7,877.0,113.21,0.7
44640.0,1309.2,1.76,0.04,1.76,40.73434,-111.87210,22.5,40.5,877.0,119.13,0.8
44700.0,1309.3,1.91,0.04,1.91,40.73434,-111.87210,22.5,40.5,877.0,115.85,0.7
44760.0,1309.3,1.44,0.05,1.44,40.73434,-111.87210,22.5,40.7,877.0,111.17,0.8
44820.0,1309.5,1.40,0.05,1.40,40.73434,-111.87211,22.5,40.7,877.0,102.31,0.6
44880.0,1309.5,1.41,0.05,1.41,40.73433,-111.87211,22.5,40.5,877.0,108.55,0.6
44940.0,1309.7,1.55,0.05,1.55,40.73433,-111.87210,22.5,40.7,877.0,116.74,0.7
45000.0,1309.5,1.47,0.04,1.47,40.73433,-111.87211,22.5,40.9,877.0,118.71,0.8
45060.0,1309.1,1.05,0.06,1.05,40.73433,-111.87210,22.5,40.8,877.0,120.30,0.9
45120.0,1309.2,1.45,0.05,1.45,40.73433,-111.87211,22.5,40.9,877.0,127.43,0.9
45180.0,1309.3,1.31,0.05,1.31,40.73433,-111.87211,22.6,41.2,877.0,107.60,0.6
45240.0,1309.5,1.01,0.05,1.01,40.73433,-111.87211,22.5,40.7,877.0,58.43,0.5
45300.0,1309.8,0.68,0.05,0.68,40.73434,-111.87210,22.3,40.8,877.0,69.10,0.5
45360.0,1309.9,1.27,0.05,1.27,40.73434,-111.87210,22.3,40.6,877.1,68.50,0.5
45420.0,1309.9,1.92,0.06,1.92,40.73434,-111.87210,22.3,40.7,877.1,70.21,0.5
45480.0,1309.9,2.20,0.05,2.20,40.73434,-111.87211,22.3,40.8,877.1,64.29,0.2
45540.0,1310.0,2.29,0.05,2.29,40.73434,-111.87211,22.3,40.9,877.1,35.69,0.1
45600.0,1310.0,1.76,0.04,1.76,40.73434,-111.87211,22.3,41.1,877.1,56.78,0.2
45660.0,1310.2,1.96,0.05,1.96,40.73434,-111.87211,22.3,41.4,877.1,65.72,0.1
45720.0,1310.2,1.95,0.05,1.95,40.73434,-111.87211,22.4,41.2,877.1,74.22,0.4
45780.0,1310.3,1.68,0.05,1.68,40.73434,-111.87211,22.4,40.7,877.2,76.16,0.6
45840.0,1310.4,1.51,0.05,1.51,40.73433,-111.87211,22.4,40.8,877.2,111.48,0.8
45900.0,1310.4,1.62,0.05,1.62,40.73433,-111.87210,22.2,41.3,877.2,112.34,1.1
45960.0,1310.3,1.14,0.05,1.14,40.73434,-111.87210,22.1,41.1,877.2,111.44,1.0
46020.0,1310.2,0.47,0.05,0.47,40.73433,-111.87211,22.1,41.0,877.2,105.02,0.8
46080.0,1310.2,0.60,0.05,0.60,40.73433,-111.87211,22.1,41.5,877.2,112.04,0.9
46140.0,1310.2,1.16,0.04,1.16,40.73434,-111.87211,22.1,41.8,877.2,117.43,1.0
46200.0,1310.4,0.74,0.04,0.74,40.73433,-111.87211,22.0,41.8,877.2,117.73,1.1
46260.0,1310.6,0.56,0.04,0.56,40.73433,-111.87211,22.0,41.8,877.2,112.06,0.9
46320.0,1310.6,0.34,0.04,0.34,40.73433,-111.87211,22.0,41.8,877.2,111.09,1.0
46380.0,1310.5,0.27,0.04,0.27,40.73433,-111.87211,22.0,41.9,877.2,112.62,1.1
46440.0,1310.5,0.33,0.05,0.33,40.73433,-111.87211,22.0,42.2,877.3,115.48,0.8
46500.0,1310.4,0.83,0.04,0.83,40.73433,-111.87211,22.0,42.2,877.3,113.84,0.7
46560.0,1310.5,0.83,0.05,0.83,40.73433,-111.87211,22.1,42.1,877.3,113.86,0.6
46620.0,1310.4,1.52,0.05,1.52,40.73433,-111.87211,22.1,41.8,877.3,112.92,0.7
46680.0,1310.4,1.07,0.04,1.07,40.73433,-111.87211,22.1,41.8,877.3,113.71,0.7
46740.0,1310.3,1.00,0.04,1.00,40.73433,-111.87211,22.2,42.2,877.3,117.26,0.8
46800.0,1310.3,1.49,0.05,1.49,40.73433,-111.87211,22.2,42.4,877.4,126.06,0.9
46860.0,1310.2,1.55,0.04,1.55,40.73434,-111.87211,22.2,42.5,877.4,135.39,1.1
46920.0,1310.1,1.13,0.05,1.13,40.73434,-111.87211,22.2,42.7,877.4,120.78,1.0
46980.0,1310.0,1.20,0.05,1.20,40.73434,-111.87211,22.2,42.5,877.4,118.29,1.0
47040.0,1310.2,1.33,0.05,1.33,40.73434,-111.87210,22.2,42.8,877.4,119.40,1.1
47100.0,1310.2,1.37,0.04,1.37,40.73433,-111.87210,22.2,42.7,877.4,116.39,1.1
47160.0,1309.7,2.18,0.04,2.18,40.73434,-111.87211,22.1,43.3,877.4,119.33,1.1
47220.0,1309.8,2.42,0.05,2.42,40.73434,-111.87210,22.1,42.9,877.4,118.33,1.1
47280.0,1309.5,2.08,0.05,2.08,40.73434,-111.87211,22.1,42.9,877.4,116.90,1.2
47340.0,1309.4,1.66,0.05,1.66,40.73434,-111.87211,22.1,42.8,877.4,114.79,1.0
47400.0,1309.2,1.68,0.04,1.68,40.73434,-111.87211,22.1,43.0,877.4,112.98,0.9
47460.0,1309.0,1.56,0.04,1.56,40.73434,-111.87211,22.2,43.3,877.4,116.76,1.1
47520.0,1309.0,1.95,0.05,1.95,40.73434,-111.87211,22.2,43.1,877.4,116.84,1.3
47580.0,1308.8,1.71,0.04,1.71,40.73434,-111.87211,22.1,43.2,877.4,114.24,1.3
47640.0,1308.8,1.63,0.05,1.63,40.73434,-111.87211,22.2,43.5,877.4,116.21,1.3
47700.0,1308.7,1.98,0.05,1.98,40.73434,-111.87211,22.2,43.2,877.4,121.34,1.4
47760.0,1308.6,1.67,0.05,1.67,40.73434,-111.87211,22.3,42.9,877.5,122.96,1.2
47820.0,1308.5,1.53,0.05,1.53,40.73434,-111.87211,22.4,42.8,877.5,126.86,1.3
47880.0,1308.5,1.49,0.05,1.49,40.73434,-111.87211,22.6,43.0,877.5,125.67,1.2
47940.0,1308.6,2.05,0.04,2.05,40.73434,-111.87211,22.7,42.8,877.5,123.04,1.2
48000.0,1308.6,2.04,0.05,2.04,40.73434,-111.87211,22.8,42.5,877.5,116.88,1.3
48060.0,1308.7,2.33,0.05,2.33,40.73434,-111.87211,22.8,42.5,877.5,128.23,1.3
48120.0,1308.7,2.54,0.05,2.54,40.73434,-111.87211,22.9,42.7,877.5,129.55,1.4
48180.0,1308.8,2.60,0.04,2.60,40.73434,-111.87211,23.0,42.4,877.6,137.74,1.3
48240.0,1308.8,2.41,0.05,2.41,40.73434,-111.87211,23.2,41.9,877.6,154.26,1.1
48300.0,1308.8,1.75,0.05,1.75,40.73434,-111.87211,23.5,41.4,877.6,140.25,1.4
48360.0,1308.9,2.14,0.06,2.14,40.73434,-111.87211,23.7,41.0,877.6,127.32,1.3
48420.0,1308.9,1.80,0.05,1.80,40.73434,-111.87211,23.8,40.8,877.6,135.30,1.5
48480.0,1309.0,1.38,0.05,1.38,40.73434,-111.87211,23.9,40.4,877.6,133.71,1.8
48540.0,1308.8,1.72,0.04,1.72,40.73433,-111.87211,24.1,40.6,877.6,143.70,1.7
48600.0,1308.9,1.45,0.04,1.45,40.73433,-111.87211,24.1,40.6,877.6,138.84,1.8
48660.0,1308.8,0.79,0.05,0.79,40.73433,-111.87211,24.2,40.6,877.6,142.56,1.8
48720.0,1308.8,0.99,0.05,0.99,40.73433,-111.87211,24.3,41.2,877.6,126.87,1.6
48780.0,1308.8,1.03,0.05,1.03,40.73433,-111.87211,24.2,41.1,877.6,122.08,1.6
48840.0,1308.9,0.65,0.05,0.65,40.73433,-111.87211,24.2,40.7,877.6,132.05,1.7
48900.0,1308.8,0.55,0.05,0.55,40.73433,-111.87211,24.1,40.8,877.6,128.35,1.7
48960.0,1308.6,0.45,0.05,0.45,40.73433,-111.87210,24.1,40.4,877.6,137.10,1.6
49020.0,1308.8,0.88,0.05,0.88,40.73433,-111.87210,24.1,40.6,877.6,129.09,1.3
49080.0,1309.1,1.52,0.06,1.52,40.73433,-111.87210,24.3,40.2,877.6,140.94,1.6
49140.0,1309.1,1.82,0.05,1.82,40.73433,-111.87210,24.5,40.2,877.7,130.01,1.5
49200.0,1309.0,1.51,0.05,1.51,40.73433,-111.87211,24.6,39.9,877.7,133.74,1.8
49260.0,1309.1,1.53,0.06,1.53,40.73433,-111.87211,24.8,40.1,877.7,130.46,1.6
49320.0,1308.9,1.00,0.05,1.00,40.73433,-111.87211,25.1,39.8,877.7,120.24,1.3
49380.0,1309.0,0.38,0.04,0.38,40.73433,-111.87211,25.2,39.4,877.7,111.57,1.3
49440.0,1309.1,0.35,0.05,0.35,40.73433,-111.87211,25.4,39.0,877.7,114.14,1.3
49500.0,1309.2,0.79,0.05,0.79,40.73434,-111.87211,25.5,38.5,877.6,112.39,1.1
49560.0,1309.3,0.63,0.05,0.63,40.73434,-111.87211,25.6,38.3,877.6,110.61,1.3
49620.0,1309.3,0.17,0.05,0.17,40.73433,-111.87211,25.8,37.9,877.7,118.77,1.3
49680.0,1309.2,0.13,0.04,0.13,40.73433,-111.87211,26.0,37.7,877.7,120.29,1.1
49740.0,1309.2,359.67,0.05,359.67,40.73433,-111.87211,26.2,36.9,877.7,116.92,0.9
49800.0,1309.1,0.07,0.06,0.07,40.73433,-111.87211,26.3,36.4,877.7,127.04,1.2
49860.0,1309.3,359.95,0.05,359.95,40.73433,-111.87211,26.3,35.8,877.7,128.32,1.0
49920.0,1309.4,0.19,0.05,0.19,40.73434,-111.87211,26.3,35.7,877.7,126.83,1.1
