CampaignData_and_Merges/R0/CSL_MobileLab_Parked/raw/20240804/USOS-NOy-LIF_MobileLabGround_20240804_R0.ict
39,1001
Rollins, A.; Waxman, E.; Zuraski, K.; Chace, W.
NOAA Chemical Sciences Laboratory
LIF NO/NOx/NOy on CSL Mobile Lab
AMMBEC / USOS
1, 1
2024,08,04, 2025,01,04
1
Time_Start, seconds, number_of_seconds_since_0000_UTC
7
1, 1, 1, 1, 1, 1, 1
-9999, -9999, -9999, -9999, -9999, -9999, -9999
Time_Stop, seconds, number_of_seconds_since_0000_UTC
NO_LIF, pptv, Gas_NO_InSitu_S_AVMR, volume mixing ratio of nitric oxide in air
NO2_LIF, pptv, Gas_NO2_InSitu_S_AVMR, volume mixing ratio of nitrogen dioxide in air
NOy_LIF, pptv, Gas_NOy_InSitu_S_AVMR, volume mixing ratio of total oxidized nitrogen in air
NO_LIF_1SigmaAccuracy, pptv, Gas_NO_InSitu_S_AVMR, volume mixing ratio of nitric oxide in air
NO2_LIF_1SigmaAccuracy, pptv, Gas_NO2_InSitu_S_AVMR, volume mixing ratio of nitrogen dioxide in air
NOy_LIF_1SigmaAccuracy, pptv, Gas_NOy_InSitu_S_AVMR, volume mixing ratio of total oxidized nitrogen in air
0
18
PI_CONTACT_INFO: andrew.rollins@noaa.gov
PLATFORM: CSL Mobile Lab
LOCATION: Salt Lake City, UT
ASSOCIATED_DATA:
INSTRUMENT_INFO: NO detection by laser induced fluorescence. NO2 detection by photolytic conversion to NO. NOy detection by catalytic conversion to NO on gold surface
DATA_INFO:
UNCERTAINTY: Included 1 Sigma Accuracy waves represent the combined calibration uncertainties (±6%, ±9%, ±10%) and zero uncertainties (3 ppt, 20 ppt, 100 ppt) for NO, NO2, and NOy, respectively.
ULOD_FLAG: -7777
ULOD_VALUE: N/A
LLOD_FLAG: -8888
LLOD_VALUE: N/A
DM_CONTACT_INFO: andrew.rollins@noaa.gov
PROJECT_INFO: USOS Project, July - August 2024
STIPULATIONS_ON_USE: Users are strongly encouraged to contact the PI for proper data usage.
OTHER_COMMENTS:
REVISION: R0
R0: final data
Time_Start, Time_Stop, NO_LIF, NO2_LIF, NOy_LIF, NO_LIF_1SigmaAccuracy, NO2_LIF_1SigmaAccuracy, NOy_LIF_1SigmaAccuracy
[from data line 263]
   15780,   15840,47.134,1231.5,2030.4,5.828, 130.84, 303.04
   15840,   15900,20.723,1063.7,1812.7,4.2434, 115.73, 281.27
   15900,   15960,63.727,1077.2,1780.2,6.8236, 116.94, 278.02
   15960,   16020,161.81,1345.6,2089,12.709, 141.11, 308.9
   16020,   16080,139.76,1583.4,2744.7,11.385, 162.51, 374.47
   16080,   16140,51.29,967.65,1812.1,6.0774, 107.09, 281.21
   16140,   16200,46.464,907.3,1604.3,5.7878, 101.66, 260.43
   16200,   16260,68.717,864.18,1632.5,7.123, 97.776, 263.25
   16260,   16320,-9999,-9999,-9999,-9999, -9999, -9999
   16320,   16380,-9999,-9999,-9999,-9999, -9999, -9999
   16380,   16440,-9999,-9999,-9999,-9999, -9999, -9999
   16440,   16500,-9999,-9999,-9999,-9999, -9999, -9999
   16500,   16560,-9999,-9999,-9999,-9999, -9999, -9999
   16560,   16620,-9999,-9999,-9999,-9999, -9999, -9999
   16620,   16680,-9999,-9999,-9999,-9999, -9999, -9999
   16680,   16740,29.851,719.24,1335.3,4.7911, 84.731, 233.53
   16740,   16800,21.008,712.53,1339.3,4.2605, 84.128, 233.93
   16800,   16860,27.975,691.41,1329.8,4.6785, 82.227, 232.98
   16860,   16920,274.69,1091.9,1734.7,19.481, 118.27, 273.47
   16920,   16980,257.57,1293.1,2267.9,18.454, 136.38, 326.79
   16980,   17040,82.321,781.21,1511,7.9393, 90.309, 251.1
   17040,   17100,37.114,677.37,1343.8,5.2268, 80.964, 234.38
   17100,   17160,21.596,633.78,1206,4.2958, 77.04, 220.6
   17160,   17220,250.83,1017.7,1699.7,18.05, 111.59, 269.97
   17220,   17280,132.45,961.48,1857,10.947, 106.53, 285.7
   17280,   17340,43.724,798.05,1548.2,5.6235, 91.824, 254.82
   17340,   17400,27.311,683.59,1319.9,4.6387, 81.523, 231.99
   17400,   17460,151,882.85,1560.5,12.06, 99.456, 256.05
   17460,   17520,226.24,1025.2,1775.7,16.574, 112.27, 277.57
   17520,   17580,142.19,875.67,1609,11.531, 98.81, 260.9
   17580,   17640,45.395,693.16,1333.5,5.7237, 82.384, 233.35
   17640,   17700,87.628,737.43,1307.2,8.2577, 86.369, 230.72
   17700,   17760,101,800.02,1494,9.0601, 92.001, 249.4
   17760,   17820,129.58,650.34,1263.4,10.775, 78.531, 226.34
   17820,   17880,32.647,582.32,1168.3,4.9588, 72.409, 216.83
   17880,   17940,32.525,537.73,1094.7,4.9515, 68.396, 209.47
   17940,   18000,105.36,616.89,1373.3,9.3215, 75.52, 237.33
   18000,   18060,264.76,991.63,1743.1,18.885, 109.25, 274.31
   18060,   18120,63.265,633.44,1308.8,6.7959, 77.01, 230.88
   18120,   18180,43.86,638.18,1224.7,5.6316, 77.436, 222.47
   18180,   18240,52.158,707.13,1316.7,6.1295, 83.641, 231.67
   18240,   18300,21.458,665.8,1267.4,4.2875, 79.922, 226.74
   18300,   18360,20.731,649.66,1180.9,4.2439, 78.469, 218.09
   18360,   18420,24.113,675.75,1235.8,4.4468, 80.818, 223.58
   18420,   18480,36.605,701.91,1262.3,5.1963, 83.172, 226.23
   18480,   18540,135.74,884.71,1526.5,11.144, 99.624, 252.65
   18540,   18600,100.43,955.72,1548.5,9.0255, 106.01, 254.85
   18600,   18660,44.689,769.22,1394.2,5.6814, 89.23, 239.42
   18660,   18720,52.989,778.94,1424,6.1794, 90.104, 242.4
   18720,   18780,37.691,736.92,1341,5.2615, 86.323, 234.1
   18780,   18840,134.75,877.8,1544.8,11.085, 99.002, 254.48
   18840,   18900,246.63,901.25,1825.8,17.798, 101.11, 282.58
   18900,   18960,160.78,990.07,1715.3,12.647, 109.11, 271.53
   18960,   19020,34.728,735.97,1414.5,5.0837, 86.237, 241.45
   19020,   19080,165.56,911.1,1521.2,12.934, 102, 252.12
   19080,   19140,70.164,888.55,1672.8,7.2099, 99.969, 267.28
   19140,   19200,28.456,618.51,1158.9,4.7073, 75.666, 215.89
   19200,   19260,72.363,663.97,1301.3,7.3418, 79.758, 230.13
   19260,   19320,651.04,1741.7,2513.6,42.063, 176.75, 351.36
   19320,   19380,137.62,1084.2,2114,11.257, 117.58, 311.4
   19380,   19440,37.669,624.68,1133.1,5.2601, 76.222, 213.31
   19440,   19500,57.195,609.89,1132.1,6.4317, 74.891, 213.21
   19500,   19560,59.714,659.69,1265.9,6.5828, 79.372, 226.59
   19560,   19620,36.608,533.18,1018.6,5.1965, 67.986, 201.86
   19620,   19680,282.85,864.35,1608.4,19.971, 97.791, 260.84
   19680,   19740,54.201,656.93,1255,6.2521, 79.124, 225.5
   19740,   19800,218.4,766.49,1426.7,16.104, 88.984, 242.67
   19800,   19860,39.579,610.22,1167.7,5.3747, 74.92, 216.77
   19860,   19920,47.907,576.95,1107.9,5.8744, 71.925, 210.79
   19920,   19980,61.903,641.1,1199.3,6.7142, 77.699, 219.93
   19980,   20040,51.535,686.23,1281.1,6.0921, 81.761, 228.11
   20040,   20100,190.94,761.94,1418.1,14.456, 88.574, 241.81
   20100,   20160,49.686,688.61,1228.7,5.9812, 81.975, 222.87
   20160,   20220,1276.4,2733.9,4480.4,79.587, 266.05, 548.04
   20220,   20280,105.89,1167.7,2616.9,9.3533, 125.1, 361.69
   20280,   20340,23.097,616.66,1330.1,4.3858, 75.5, 233.01
   20340,   20400,122.07,671.93,1238.2,10.324, 80.474, 223.82
   20400,   20460,897.31,1249.5,2504.8,56.839, 132.45, 350.48
   20460,   20520,281.54,1422.4,2355,19.892, 148.01, 335.5
   20520,   20580,88.795,1201.6,2103.6,8.3277, 128.15, 310.36
   20580,   20640,36.853,742.74,1323.4,5.2112, 86.847, 232.34
   20640,   20700,24.767,629.46,1182.7,4.486, 76.651, 218.27
   20700,   20760,22.667,619.2,1184.7,4.36, 75.728, 218.47
   20760,   20820,90.636,767.41,1301.4,8.4382, 89.067, 230.14
   20820,   20880,321.14,1194.8,2044.9,22.268, 127.53, 304.49
   20880,   20940,99.345,988.69,1500.1,8.9607, 108.98, 250.01
   20940,   21000,43.952,868.32,1502,5.6371, 98.149, 250.2
   21000,   21060,9.3392,773.86,1234.1,3.5604, 89.648, 223.41
   21060,   21120,7.4029,894.09,1390.5,3.4442, 100.47, 239.05
   21120,   21180,6.1412,1062.2,1568.2,3.3685, 115.6, 256.82
   21180,   21240,10.379,1541.4,2103.4,3.6227, 158.73, 310.34
   21240,   21300,6.0549,1740.4,2337.2,3.3633, 176.63, 333.72
   21300,   21360,8.2851,1756.5,2458.3,3.4971, 178.08, 345.83
   21360,   21420,19.455,1754,2432.8,4.1673, 177.86, 343.28
   21420,   21480,15.118,1814.6,2486.6,3.9071, 183.31, 348.66
   21480,   21540,72.643,2213.6,2972.9,7.3586, 219.23, 397.29
   21540,   21600,12.549,2076.6,2799.6,3.7529, 206.9, 379.96
   21600,   21660,8.6746,2016.2,2759.1,3.5205, 201.46, 375.91
   21660,   21720,9.4684,1961.5,2649.2,3.5681, 196.54, 364.92
   21720,   21780,10.647,1890.5,2595.1,3.6388, 190.14, 359.51
   21780,   21840,16.618,2056.4,2757.1,3.9971, 205.08, 375.71
   21840,   21900,23.65,2269.6,2997.7,4.419, 224.27, 399.77
   21900,   21960,58.845,2179.2,2993.5,6.5307, 216.13, 399.35
   21960,   22020,55.944,1987.3,2609,6.3567, 198.86, 360.9
   22020,   22080,461.95,3180,4556.2,30.717, 306.2, 555.62
   22080,   22140,188.11,2919.4,4032.3,14.286, 282.74, 503.23
   22140,   22200,1036.9,4254.1,6324.9,65.216, 402.87, 732.49
   22200,   22260,307.96,3017.3,4768.4,21.478, 291.55, 576.84
   22260,   22320,172.34,2137.8,3201.3,13.34, 212.4, 420.13
   22320,   22380,44.405,1660,2412.2,5.6643, 169.4, 341.22
   22380,   22440,380.53,2207.7,3166.1,25.832, 218.7, 416.61
   22440,   22500,69.05,1311,2084.2,7.143, 137.99, 308.42
   22500,   22560,138.88,1436.8,2257.1,11.333, 149.31, 325.71
   22560,   22620,71.549,1177.6,1826.6,7.2929, 125.99, 282.66
   22620,   22680,184.51,1250.9,1857.2,14.071, 132.58, 285.72
   22680,   22740,174.87,1249.9,2015,13.492, 132.49, 301.5
   22740,   22800,29.669,940.99,1536.7,4.7801, 104.69, 253.67
   22800,   22860,2678,3626.9,4508.1,163.68, 346.42, 550.81
   22860,   22920,738.27,2535.9,7159.1,47.296, 248.23, 815.91
   22920,   22980,51.752,1238,2137.8,6.1051, 131.42, 313.78
   22980,   23040,61.754,1337.6,1903.3,6.7052, 140.38, 290.33
   23040,   23100,80.493,1455.8,2128,7.8296, 151.02, 312.8
   23100,   23160,24.465,1424.1,2076.1,4.4679, 148.17, 307.61
   23160,   23220,72.618,1728.9,2353.5,7.3571, 175.61, 335.35
   23220,   23280,73.016,2041.2,2897.7,7.3809, 203.71, 389.77
   23280,   23340,563.15,3089.3,3945.7,36.789, 298.04, 494.57
   23340,   23400,110.23,2352.6,3878.6,9.6141, 231.73, 487.86
   23400,   23460,446.94,2934.7,4833.8,29.817, 284.13, 583.38
   23460,   23520,87.848,2569.8,4274.9,8.2709, 251.28, 527.49
   23520,   23580,59.487,2540.9,3553.2,6.5692, 248.68, 455.32
   23580,   23640,1658.7,4196,4356.8,102.52, 397.64, 535.68
   23640,   23700,183.62,3222.9,4712.4,14.017, 310.06, 571.24
   23700,   23760,50.147,3103.2,4288.5,6.0088, 299.29, 528.85
   23760,   23820,118.15,2856.5,3862.5,10.089, 277.09, 486.25
   23820,   23880,134.4,3019.1,4338.5,11.064, 291.72, 533.85
   23880,   23940,62.101,2857.2,4110.7,6.7261, 277.14, 511.07
   23940,   24000,15.018,2727.4,3818.4,3.9011, 265.47, 481.84
   24000,   24060,26.62,2789.4,3930.2,4.5972, 271.05, 493.02
   24060,   24120,155.5,3297,4276.8,12.33, 316.73, 527.68
   24120,   24180,27.65,2518.6,3733.6,4.659, 246.67, 473.36
   24180,   24240,65.045,2741.1,3818.3,6.9027, 266.7, 481.83
   24240,   24300,-9999,-9999,-9999,-9999, -9999, -9999
   24300,   24360,-9999,-9999,-9999,-9999, -9999, -9999
   24360,   24420,-9999,-9999,-9999,-9999, -9999, -9999
   24420,   24480,-9999,-9999,-9999,-9999, -9999, -9999
   24480,   24540,-9999,-9999,-9999,-9999, -9999, -9999
   24540,   24600,-9999,-9999,-9999,-9999, -9999, -9999
   24600,   24660,-9999,-9999,-9999,-9999, -9999, -9999
   24660,   24720,28.381,1932.1,2864,4.7029, 193.89, 386.4
   24720,   24780,44.96,1738.5,2740.6,5.6976, 176.46, 374.06
   24780,   24840,22.019,1535.7,2245.4,4.3211, 158.21, 324.54
   24840,   24900,27.275,1409,2157.1,4.6365, 146.81, 315.71
   24900,   24960,463.77,2526.6,3928.1,30.826, 247.4, 492.81
   24960,   25020,80.932,1712.2,2981.1,7.8559, 174.1, 398.11
   25020,   25080,53.484,1528.2,2402.8,6.209, 157.53, 340.28
   25080,   25140,236.28,1723.8,2564.1,17.177, 175.15, 356.41
   25140,   25200,331.81,1945.8,2804,22.908, 195.12, 380.4
   25200,   25260,76.185,1566.9,2443.2,7.5711, 161.02, 344.32
   25260,   25320,23.336,1471.4,2212.6,4.4002, 152.42, 321.26
   25320,   25380,63.595,1531.6,2254,6.8157, 157.85, 325.4
   25380,   25440,18.786,1489.4,2196,4.1272, 154.05, 319.6
   25440,   25500,15.154,1483.4,2144.8,3.9093, 153.5, 314.48
   25500,   25560,20.163,1527.6,2229.1,4.2098, 157.49, 322.91
   25560,   25620,9.3124,1577.1,2225.3,3.5587, 161.94, 322.53
   25620,   25680,27.835,1649.7,2325.3,4.6701, 168.47, 332.53
   25680,   25740,21.291,1690.5,2396.6,4.2775, 172.15, 339.66
   25740,   25800,18.966,1720.3,2385.6,4.138, 174.83, 338.56
   25800,   25860,249.3,2091,2568.9,17.958, 208.19, 356.89
   25860,   25920,60.459,1782.2,2836.7,6.6275, 180.39, 383.67
   25920,   25980,22.157,1719.8,2472.8,4.3294, 174.78, 347.28
   25980,   26040,33.728,1815.8,2473.7,5.0237, 183.42, 347.37
   26040,   26100,35.63,2051.7,2675.4,5.1378, 204.65, 367.54
   26100,   26160,52.068,2257.3,3026.7,6.1241, 223.15, 402.67
   26160,   26220,48.116,2061.3,2882.1,5.887, 205.51, 388.21
   26220,   26280,42.636,1891.6,2710.4,5.5582, 190.25, 371.04
   26280,   26340,22.807,1825.3,2605.3,4.3684, 184.27, 360.53
   26340,   26400,25.266,1854.7,2504.1,4.516, 186.92, 350.41
   26400,   26460,99.371,2101.1,2876.8,8.9622, 209.1, 387.68
   26460,   26520,73.005,2115.7,3008.5,7.3803, 210.41, 400.85
   26520,   26580,126.92,2471.7,3274,10.615, 242.45, 427.4
   26580,   26640,35.711,1904.5,2797.5,5.1426, 191.41, 379.75
   26640,   26700,61.132,2044.7,2762.5,6.6679, 204.02, 376.25
   26700,   26760,392.65,3831.8,4542.8,26.559, 364.87, 554.28
   26760,   26820,161.9,2461.6,3728.8,12.714, 241.55, 472.88
   26820,   26880,53.371,2172.5,3618.2,6.2022, 215.53, 461.82
   26880,   26940,8.981,2002.2,2900,3.5389, 200.2, 390
   26940,   27000,353.77,3040.3,3452.8,24.226, 293.62, 445.28
   27000,   27060,262.68,3643.9,5352.7,18.761, 347.95, 635.27
   27060,   27120,34.137,2305,3773.6,5.0482, 227.45, 477.36
   27120,   27180,25.921,2286.4,3226.9,4.5552, 225.78, 422.69
   27180,   27240,39.101,2376.2,3249.2,5.3461, 233.86, 424.92
   27240,   27300,438.64,3530.4,3584,29.319, 337.74, 458.4
   27300,   27360,138.01,2819.1,4482.9,11.28, 273.72, 548.29
   27360,   27420,53.187,2596,3622,6.1912, 253.64, 462.2
   27420,   27480,43.181,2695.5,3538.3,5.5908, 262.59, 453.83
   27480,   27540,21.838,2633.8,3386.9,4.3103, 257.04, 438.69
   27540,   27600,31.689,2812.1,3543.3,4.9013, 273.08, 454.33
   27600,   27660,84.294,3088.7,4030.2,8.0576, 297.98, 503.02
   27660,   27720,18.986,2779,3761.7,4.1392, 270.11, 476.17
   27720,   27780,173.08,3263.9,4002.1,13.385, 313.75, 500.21
   27780,   27840,188.12,3478.9,4720.2,14.287, 333.1, 572.02
   27840,   27900,63.676,3000.5,4217.1,6.8205, 290.04, 521.71
   27900,   27960,24.025,2809,3803,4.4415, 272.81, 480.3
   27960,   28020,16.565,2769.7,3697.6,3.9939, 269.28, 469.76
   28020,   28080,17.6,2765.6,3646.4,4.056, 268.9, 464.64
   28080,   28140,16.511,2759,3600.4,3.9907, 268.31, 460.04
   28140,   28200,14.36,2841.6,3690.6,3.8616, 275.74, 469.06
   28200,   28260,17.85,2916.4,3727.4,4.071, 282.48, 472.74
   28260,   28320,33.251,3026,3888.3,4.9951, 292.34, 488.83
   28320,   28380,17.455,3001.4,3890.1,4.0473, 290.13, 489.01
   28380,   28440,10.409,2939.1,3817.8,3.6246, 284.52, 481.78
   28440,   28500,12.251,3009.2,3811.6,3.7351, 290.83, 481.16
   28500,   28560,27.487,3085.2,3935.9,4.6492, 297.67, 493.59
   28560,   28620,12.415,2998.3,4022.7,3.7449, 289.84, 502.27
   28620,   28680,13.742,2870.9,3989.7,3.8245, 278.38, 498.97
   28680,   28740,12.483,2938.6,3920.3,3.749, 284.48, 492.03
   28740,   28800,25.597,2914.8,3969.8,4.5358, 282.33, 496.98
   28800,   28860,76.204,3188.1,3981.8,7.5722, 306.93, 498.18
   28860,   28920,32.097,2995.2,3924.9,4.9258, 289.57, 492.49
   28920,   28980,14.4,2683.8,3874.7,3.864, 261.54, 487.47
   28980,   29040,11.122,2484,3611.3,3.6673, 243.56, 461.13
   29040,   29100,11.187,2475.2,3515,3.6712, 242.77, 451.5
   29100,   29160,143.63,3039,3696.9,11.618, 293.51, 469.69
   29160,   29220,101.6,2813.8,4374.4,9.0963, 273.24, 537.44
   29220,   29280,36.487,2459.4,3892.4,5.1892, 241.35, 489.24
   29280,   29340,16.111,2267.9,3391.9,3.9666, 224.11, 439.19
   29340,   29400,21.7,1882,2761.5,4.302, 189.38, 376.15
   29400,   29460,12.639,1724.8,2680.4,3.7583, 175.23, 368.04
   29460,   29520,13.176,1541.8,2581.2,3.7906, 158.76, 358.12
   29520,   29580,18.571,1612.3,2352.8,4.1143, 165.11, 335.28
   29580,   29640,22.045,1489.5,2033.5,4.3227, 154.05, 303.35
   29640,   29700,8.0565,1175.2,1917.1,3.4834, 125.77, 291.71
   29700,   29760,5.266,1273.3,1866,3.316, 134.6, 286.6
   29760,   29820,8.623,1355.9,2135.6,3.5174, 142.03, 313.56
   29820,   29880,9.2409,1032.2,1985.4,3.5545, 112.89, 298.54
   29880,   29940,19.903,976.96,1821.1,4.1942, 107.93, 282.11
   29940,   30000,33.884,1140.2,1775.2,5.0331, 122.62, 277.52
   30000,   30060,19.942,1205.4,1811.5,4.1965, 128.49, 281.15
   30060,   30120,10.668,1138.7,1742.7,3.6401, 122.49, 274.27
   30120,   30180,9.5368,1053.2,1674.7,3.5722, 114.79, 267.47
   30180,   30240,11.415,1588.7,2210.6,3.6849, 162.98, 321.06
   30240,   30300,5.8549,1500.2,2099.5,3.3513, 155.01, 309.95
   30300,   30360,5.0023,1506.9,2122.2,3.3001, 155.62, 312.22
   30360,   30420,5.6931,1379.3,2014.6,3.3416, 144.13, 301.46
   30420,   30480,4.8031,1384.4,2247.8,3.2882, 144.59, 324.78
   30480,   30540,4.7186,1642.3,2578.9,3.2831, 167.81, 357.89
   30540,   30600,4.4003,1666.3,2607.6,3.264, 169.97, 360.76
   30600,   30660,26.108,1712.6,2757.1,4.5665, 174.13, 375.71
   30660,   30720,547.45,4631.2,4923.3,35.847, 436.81, 592.33
   30720,   30780,208.32,4154.2,7190,15.499, 393.87, 819
   30780,   30840,77.2,3177.5,7361.7,7.632, 305.98, 836.17
   30840,   30900,16.863,1433.6,4287.9,4.0118, 149.03, 528.79
   30900,   30960,12.371,1127.1,2412.3,3.7422, 121.44, 341.23
   30960,   31020,12.595,982.72,1785.1,3.7557, 108.44, 278.51
   31020,   31080,19.845,1083.6,1704.2,4.1907, 117.52, 270.42
   31080,   31140,34.979,1181.2,1917.2,5.0988, 126.31, 291.72
   31140,   31200,10.651,1234.1,1976.9,3.6391, 131.07, 297.69
   31200,   31260,30.874,1029.2,1850.4,4.8524, 112.62, 285.04
   31260,   31320,10.881,940.49,1521.3,3.6529, 104.64, 252.13
   31320,   31380,9.7738,927.95,1483.1,3.5864, 103.52, 248.31
   31380,   31440,7.9012,881.56,1441,3.4741, 99.34, 244.1
   31440,   31500,5.5617,848.26,1328.2,3.3337, 96.343, 232.82
