CampaignData_and_Merges/R0/CSL_MobileLab_Parked/raw/20240804/USOS-NOAAIodideCIMS-OrgNitrs_MobileLabGround_20240804_RA.ict
37, 1001
Michael A Robinson, Chris Jernigan, Subi Thakali
NOAA ESRL Chemical Sciences Laboratory and CIRES, U. of Colorado
NOAA Iodide CIMS Instrument
USOS
1, 1
2024, 08, 04, 2024, 08, 05
1
starttime_UTC, seconds_past_midnight, seconds_of_day_since_00:00:00_UTC
5
1, 1, 1, 1, 1
-9999, -9999, -9999, -9999, -9999
C4H7NO5_NOAACIMS, pptv, Gas_C4H7NO5_InSitu_S_AVMR, 
ISOPN_NOAACIMS, pptv, Gas_ISOPN_InSitu_S_AVMR, 
C5H10O3_NOAACIMS, pptv, Gas_C5H10O3_InSitu_S_AVMR, 
C5H9NO5_NOAACIMS, pptv, Gas_C5H9NO5_InSitu_S_AVMR, 
C10H17NO4_NOAACIMS, pptv, Gas_C10H17NO4_InSitu_S_AVMR, 
0
18
PI_CONTACT_INFO: 325 Broadway, R/CSD 7, Boulder, Colorado 80305; michael.a.robinson@noaa.gov; chris.jernigan@noaa.gov;
PLATFORM: NOAA CSL Mobile Lab
LOCATION: SLC, Utah
ASSOCIATED_DATA: 1Hz data also available on request.
INSTRUMENT_INFO: NOAA I- ToF CIMS
DATA_INFO: All data in parts per trillion by volume (pptv). 1 Hz data is available upon request.
UNCERTAINTY: TBD
ULOD_FLAG: -7777
ULOD_VALUE: N/A
LLOD_FLAG: -8888
LLOD_VALUE: N/A
DM_CONTACT_INFO: Nathan Howard; nathan.h.howard@noaa.gov
PROJECT_INFO: USOS, summer 2024. https://csl.noaa.gov/groups/csl7/measurements/2024usos/
STIPULATIONS_ON_USE: Users are strongly encouraged to contact the PI for proper data usage.
OTHER_COMMENTS: 
REVISION: RA
RA: Preliminary Data; For in-field use only
starttime_UTC, C4H7NO5_NOAACIMS, ISOPN_NOAACIMS, C5H10O3_NOAACIMS, C5H9NO5_NOAACIMS, C10H17NO4_NOAACIMS
[from data line 671]
 40260,  1.761,  3.171, 41.302,  4.235,  1.878
 40320,  1.817,  3.071, 42.850,  4.153,  1.951
 40380,  1.695,  3.031, 43.213,  3.952,  1.721
 40440,  1.800,  3.250, 44.960,  4.111,  1.869
 40500,  1.779,  3.039, 46.278,  4.206,  1.938
 40560,  1.742,  3.343, 45.415,  3.913,  1.743
 40620,  1.694,  3.207, 43.876,  3.771,  1.439
 40680,  1.717,  2.985, 44.751,  3.770,  1.459
 40740,  1.654,  2.978, 46.109,  3.879,  1.451
 40800,  1.742,  3.063, 46.182,  3.858,  1.532
 40860,  1.704,  3.014, 48.647,  3.838,  1.542
 40920,  1.706,  3.055, 46.614,  3.584,  1.639
 40980,  1.664,  3.314, 46.090,  3.726,  1.667
 41040,  1.701,  3.057, 47.216,  3.936,  1.648
 41100,  1.791,  3.114, 49.050,  3.915,  1.889
 41160,  1.794,  3.230, 50.061,  3.929,  1.838
 41220,  1.789,  2.996, 49.588,  4.137,  1.810
 41280,  1.772,  3.149, 49.495,  3.888,  1.723
 41340,  1.772,  3.043, 47.407,  3.892,  1.810
 41400,  1.843,  3.292, 50.445,  4.116,  1.777
 41460,  1.856,  3.245, 52.009,  4.077,  1.933
 41520,  1.897,  3.405, 52.047,  3.930,  1.849
 41580,  1.903,  3.254, 50.246,  4.017,  1.799
 41640,  1.899,  3.431, 51.581,  4.100,  2.074
 41700,  1.929,  3.237, 51.849,  4.237,  2.028
 41760,  1.851,  3.444, 53.290,  4.114,  1.963
 41820,  2.020,  3.300, 54.287,  4.278,  2.027
 41880,  2.003,  3.107, 53.797,  4.373,  2.113
 41940,  1.967,  3.513, 53.146,  4.202,  2.074
 42000,  1.929,  3.367, 52.946,  4.108,  2.138
 42060, -9999.000, -9999.000, -9999.000, -9999.000, -9999.000
 42120,  1.892,  3.052, 47.787,  4.207,  1.972
 42180,  2.034,  3.238, 50.897,  4.157,  1.979
 42240,  2.024,  3.274, 51.210,  4.281,  2.129
 42300,  2.019,  3.329, 50.113,  4.204,  2.223
 42360,  2.029,  3.437, 51.953,  4.643,  2.224
 42420,  1.922,  3.405, 50.094,  4.349,  2.199
 42480,  2.019,  3.503, 52.482,  4.271,  2.177
 42540,  2.035,  3.486, 52.243,  4.259,  2.122
 42600,  2.055,  3.314, 51.772,  4.411,  2.110
 42660,  1.974,  3.367, 51.433,  4.206,  2.219
 42720,  2.020,  3.340, 49.756,  4.081,  1.891
 42780,  1.985,  3.087, 48.843,  4.259,  2.015
 42840,  1.885,  3.520, 50.387,  4.214,  2.014
 42900,  1.972,  3.262, 51.779,  4.158,  2.383
 42960,  1.919,  3.117, 49.992,  4.271,  2.125
 43020,  1.857,  3.095, 49.809,  4.101,  2.073
 43080,  1.937,  3.294, 48.597,  4.166,  1.981
 43140,  1.883,  3.187, 47.171,  3.943,  1.672
 43200,  1.962,  2.917, 48.265,  4.171,  1.711
 43260,  1.913,  3.243, 50.164,  3.781,  1.639
 43320,  1.736,  2.978, 47.525,  3.765,  1.533
 43380,  1.803,  2.986, 46.311,  3.912,  1.407
 43440,  1.757,  2.775, 46.536,  3.972,  1.458
 43500,  1.757,  2.807, 45.721,  3.853,  1.279
 43560,  1.821,  3.304, 49.323,  4.008,  1.566
 43620,  1.827,  3.318, 49.011,  4.093,  1.866
 43680,  1.866,  3.467, 49.890,  4.166,  1.908
 43740,  1.838,  3.377, 49.173,  4.293,  2.120
 43800,  1.868,  3.035, 48.298,  4.100,  1.873
 43860,  1.852,  3.128, 48.308,  4.241,  1.901
 43920,  1.825,  2.973, 43.680,  4.257,  2.041
 43980,  1.879,  3.053, 45.569,  4.096,  2.068
 44040,  1.883,  3.225, 46.827,  4.209,  2.166
 44100,  1.886,  3.610, 46.090,  4.203,  2.363
 44160,  1.938,  3.228, 46.610,  4.275,  2.446
 44220,  1.872,  3.337, 48.069,  4.178,  2.305
 44280,  1.842,  3.077, 48.016,  4.305,  2.118
 44340,  1.806,  3.249, 47.068,  4.163,  2.136
 44400,  1.853,  3.143, 46.607,  4.105,  2.193
 44460,  1.848,  2.983, 45.075,  4.017,  2.010
 44520,  1.805,  3.208, 45.436,  4.082,  2.168
 44580,  1.826,  3.051, 45.895,  4.231,  1.954
 44640,  1.799,  3.202, 47.170,  4.126,  1.910
 44700,  1.833,  3.062, 48.194,  4.112,  1.921
 44760,  1.757,  2.915, 45.396,  4.131,  1.818
 44820,  1.838,  3.194, 45.283,  4.171,  1.827
 44880,  1.871,  2.840, 45.574,  4.058,  1.847
 44940,  1.850,  3.249, 46.158,  4.070,  1.880
 45000,  1.789,  3.029, 46.137,  3.946,  1.843
 45060,  1.833,  3.172, 45.370,  4.164,  1.719
 45120,  1.803,  3.162, 44.190,  3.964,  1.852
 45180,  1.796,  3.253, 44.075,  3.938,  1.718
 45240,  1.823,  3.127, 46.405,  3.830,  1.608
 45300,  1.887,  3.149, 46.486,  4.014,  1.665
 45360,  1.838,  3.257, 45.204,  4.043,  1.789
 45420,  1.840,  2.964, 45.458,  3.881,  1.838
 45480,  1.844,  3.122, 44.720,  4.027,  1.728
 45540,  1.917,  3.105, 46.264,  4.067,  1.836
 45600,  1.895,  3.017, 46.048,  4.038,  1.873
 45660,  1.877,  3.143, 44.925,  4.013,  1.687
 45720, -9999.000, -9999.000, -9999.000, -9999.000, -9999.000
 45780,  1.811,  2.492, 36.917,  3.693,  1.410
 45840,  1.840,  3.152, 38.966,  3.908,  1.649
 45900,  1.849,  2.981, 42.852,  3.979,  1.722
 45960,  1.814,  3.026, 41.845,  3.929,  1.694
 46020,  1.783,  2.934, 41.979,  3.790,  1.587
 46080,  1.851,  3.060, 42.249,  3.876,  1.531
 46140,  1.799,  2.881, 41.739,  3.952,  1.653
 46200,  1.786,  3.157, 41.959,  3.882,  1.604
 46260,  1.835,  3.047, 43.248,  3.934,  1.550
 46320,  1.832,  3.106, 43.520,  4.108,  1.499
 46380,  1.808,  2.967, 41.527,  3.940,  1.495
 46440,  1.838,  3.398, 42.132,  3.818,  1.647
 46500,  1.825,  3.229, 42.766,  3.855,  1.648
 46560,  1.867,  2.923, 42.727,  3.888,  1.521
 46620,  1.841,  3.170, 42.572,  4.036,  1.512
 46680,  1.836,  3.409, 43.014,  3.878,  1.433
 46740,  1.833,  3.098, 39.693,  3.910,  1.538
 46800,  1.848,  3.243, 40.678,  3.741,  1.582
 46860,  1.924,  3.796, 45.073,  4.286,  2.134
 46920,  2.000,  4.131, 47.986,  4.513,  2.421
 46980,  2.020,  3.827, 48.258,  4.416,  2.075
 47040,  1.942,  3.651, 45.971,  4.351,  1.927
 47100,  1.954,  3.292, 43.897,  4.058,  1.858
 47160,  1.877,  3.456, 44.149,  4.149,  1.546
 47220,  1.851,  3.362, 44.469,  4.016,  1.763
 47280,  1.880,  3.057, 43.177,  4.127,  1.474
 47340,  1.935,  3.284, 42.721,  4.038,  1.478
 47400,  1.858,  3.302, 42.707,  3.916,  1.467
 47460,  1.844,  2.914, 40.338,  4.044,  1.337
 47520,  1.815,  3.203, 41.743,  3.854,  1.393
 47580, -9999.000, -9999.000, -9999.000, -9999.000, -9999.000
 47640,  1.833,  3.119, 37.216,  4.002,  1.273
 47700,  1.849,  3.123, 37.613,  4.069,  1.298
 47760,  1.856,  3.177, 38.855,  3.954,  1.308
 47820,  1.880,  3.437, 38.618,  3.778,  1.387
 47880,  1.827,  3.242, 39.388,  3.532,  1.306
 47940,  1.826,  3.106, 40.189,  3.656,  1.221
 48000,  1.814,  3.226, 39.209,  3.808,  1.372
 48060,  1.917,  3.452, 38.785,  3.883,  1.308
 48120,  1.819,  3.272, 38.241,  3.720,  1.307
 48180,  1.833,  3.327, 38.976,  3.884,  1.166
 48240,  1.925,  3.354, 39.670,  3.789,  1.320
 48300,  1.933,  3.453, 40.926,  3.683,  1.291
 48360,  1.816,  3.413, 40.300,  3.712,  1.259
 48420,  1.845,  3.136, 39.963,  3.635,  1.194
 48480,  1.821,  3.349, 39.577,  3.690,  1.132
 48540,  1.895,  3.364, 38.154,  3.618,  0.997
 48600,  1.851,  3.194, 40.237,  3.749,  1.202
 48660,  1.909,  3.224, 41.487,  3.752,  1.317
 48720,  1.943,  3.119, 41.426,  3.767,  1.332
 48780,  1.948,  3.786, 41.921,  3.562,  1.320
 48840,  1.976,  3.783, 41.155,  3.825,  1.391
 48900,  2.057,  3.657, 41.994,  3.899,  1.532
 48960,  2.069,  3.742, 42.111,  3.947,  1.434
 49020,  2.058,  3.820, 44.770,  4.144,  1.561
 49080,  2.173,  3.929, 42.746,  4.195,  1.600
 49140,  2.210,  3.966, 42.323,  4.300,  1.683
 49200,  2.215,  3.786, 42.468,  4.141,  1.663
 49260,  2.214,  4.251, 44.613,  4.088,  1.527
 49320,  2.280,  4.296, 44.439,  4.117,  1.554
 49380,  2.314,  4.292, 42.846,  4.023,  1.491
 49440, -9999.000, -9999.000, -9999.000, -9999.000, -9999.000
 49500,  2.287,  4.432, 39.355,  4.129,  1.708
 49560,  2.252,  4.512, 41.465,  4.167,  1.737
 49620,  2.263,  4.662, 42.497,  4.060,  1.793
 49680,  2.298,  4.880, 43.330,  4.214,  1.639
 49740,  2.280,  4.915, 42.138,  4.186,  1.580
 49800,  2.259,  4.999, 42.509,  3.896,  1.669
 49860,  2.297,  5.364, 40.984,  3.913,  1.393
 49920,  2.292,  5.104, 43.602,  4.052,  1.519
 49980,  2.213,  4.950, 43.533,  3.774,  1.417
 50040,  2.287,  4.548, 44.328,  3.950,  1.353
 50100,  2.228,  4.643, 43.052,  3.841,  1.343
 50160,  2.283,  5.472, 43.686,  3.632,  1.405
 50220,  2.282,  5.310, 44.188,  3.943,  1.420
 50280,  2.238,  5.338, 43.395,  3.910,  1.372
 50340,  2.248,  5.686, 44.189,  3.920,  1.421
 50400,  2.400,  6.766, 45.501,  4.056,  1.481
 50460,  2.655,  8.305, 45.097,  4.501,  1.801
 50520,  2.810,  9.308, 45.043,  4.712,  1.920
 50580,  2.841,  9.550, 45.208,  4.653,  1.976
 50640,  2.829, 10.374, 44.892,  4.814,  2.062
 50700,  2.888, 10.600, 44.262,  4.588,  2.069
 50760,  2.648,  9.293, 43.620,  4.379,  1.911
 50820,  2.535,  7.436, 42.308,  4.264,  1.691
 50880,  2.514,  7.127, 42.815,  4.005,  1.498
 50940,  2.553,  7.340, 43.136,  4.068,  1.590
 51000,  2.561,  7.281, 42.339,  3.871,  1.660
 51060,  2.570,  7.471, 42.124,  4.026,  1.534
 51120,  2.767,  8.706, 43.399,  4.290,  1.757
 51180,  2.961, 10.093, 42.701,  4.495,  1.699
 51240,  3.000, 10.826, 42.218,  4.713,  1.755
 51300,  3.214, 10.904, 39.812,  4.628,  1.597
 51360,  3.179, 12.033, 42.087,  4.810,  1.911
 51420,  3.161, 12.427, 44.787,  4.961,  2.061
 51480,  3.197, 12.829, 43.330,  4.832,  1.942
 51540,  3.285, 12.080, 42.483,  4.812,  2.193
 51600,  3.346, 12.764, 41.282,  5.004,  2.377
 51660,  3.418, 12.793, 41.700,  5.197,  2.280
 51720,  3.581, 13.444, 41.189,  5.121,  2.457
 51780,  3.614, 14.366, 41.546,  5.052,  2.548
 51840,  3.650, 14.868, 42.101,  5.281,  2.422
 51900,  3.668, 13.881, 39.428,  5.185,  2.499
 51960,  3.712, 14.011, 41.460,  5.401,  2.276
 52020,  3.721, 14.596, 44.244,  5.731,  2.648
 52080,  3.710, 14.549, 43.569,  5.386,  2.528
 52140,  3.509, 14.131, 41.923,  5.001,  2.222
 52200,  3.517, 14.453, 42.469,  4.797,  2.201
 52260,  3.482, 13.979, 42.567,  4.979,  2.025
 52320,  3.528, 14.265, 44.223,  4.790,  2.207
 52380,  3.314, 14.092, 42.472,  4.729,  1.947
 52440,  3.289, 13.532, 42.286,  4.243,  1.420
 52500,  3.514, 15.707, 44.738,  4.736,  1.795
 52560,  3.609, 14.809, 44.652,  4.602,  1.682
 52620,  3.575, 16.010, 44.590,  4.608,  1.692
 52680,  3.423, 14.585, 45.085,  4.463,  1.603
 52740,  3.538, 16.795, 44.985,  4.487,  1.584
 52800,  3.666, 18.789, 46.118,  4.303,  1.452
 52860,  3.700, 18.444, 46.228,  4.428,  1.593
 52920,  3.778, 17.964, 46.153,  4.372,  1.516
 52980,  4.022, 18.394, 46.886,  4.787,  1.553
 53040,  3.968, 17.878, 46.158,  4.722,  1.613
 53100,  4.713, 18.149, 51.979,  4.467,  0.348
 53160,  3.884, 17.435, 38.528,  4.259,  1.477
 53220,  3.953, 15.728, 42.421,  4.837,  1.325
 53280,  4.103, 15.844, 46.018,  4.723,  1.482
 53340,  3.965, 13.771, 46.747,  4.976,  1.422
 53400,  4.044, 13.834, 47.243,  5.016,  1.437
 53460,  4.109, 15.048, 48.415,  4.889,  1.578
 53520,  4.202, 16.091, 49.479,  5.080,  1.496
 53580,  4.440, 17.150, 48.909,  5.209,  1.565
 53640,  4.483, 17.166, 48.865,  4.988,  1.600
 53700,  4.451, 17.607, 49.415,  5.094,  1.502
 53760,  4.428, 14.055, 49.888,  5.320,  1.562
 53820,  4.475, 15.148, 51.436,  5.202,  1.456
 53880,  4.600, 16.945, 51.708,  5.393,  1.540
 53940,  4.653, 16.236, 52.677,  5.587,  1.421
 54000,  4.693, 16.346, 52.336,  5.478,  1.533
 54060,  4.744, 16.285, 51.824,  5.314,  1.301
 54120,  4.881, 15.051, 52.545,  5.704,  1.491
 54180,  4.974, 15.544, 52.810,  5.705,  1.294
 54240,  5.143, 16.793, 53.608,  5.874,  1.446
 54300,  5.151, 17.394, 54.425,  6.144,  1.704
 54360,  5.108, 17.858, 53.320,  5.788,  1.410
 54420,  5.372, 17.292, 53.575,  6.103,  1.548
 54480,  5.477, 15.973, 54.172,  6.620,  1.497
 54540,  5.731, 15.735, 56.432,  6.819,  1.660
 54600,  5.794, 16.682, 54.727,  6.792,  1.520
 54660,  5.803, 17.174, 56.605,  6.934,  1.544
 54720,  5.984, 17.494, 56.781,  6.990,  1.620
 54780,  5.907, 16.329, 55.513,  6.879,  1.586
 54840,  5.980, 17.170, 56.042,  6.956,  1.490
 54900,  5.910, 16.735, 56.895,  6.607,  1.541
 54960,  5.857, 14.969, 55.207,  6.507,  1.443
 55020,  5.936, 16.764, 50.587,  6.425,  1.436
 55080,  6.175, 19.268, 51.297,  6.811,  1.523
 55140,  6.527, 21.117, 51.729,  6.815,  1.634
 55200,  6.472, 22.280, 52.310,  7.023,  1.703
 55260,  6.670, 22.520, 55.094,  6.944,  1.740
 55320,  6.845, 22.662, 53.665,  6.910,  1.473
 55380,  7.537, 28.498, 50.963,  6.983,  1.674
 55440,  7.820, 29.480, 53.919,  6.881,  1.770
 55500,  7.521, 27.599, 48.988,  7.248,  1.571
 55560,  7.912, 28.858, 55.281,  7.962,  1.903
 55620,  7.926, 27.421, 49.353,  7.296,  1.557
 55680,  8.285, 29.851, 53.517,  7.342,  1.820
 55740,  8.853, 32.673, 50.268,  7.681,  1.684
 55800,  8.762, 33.711, 53.732,  7.502,  1.820
 55860,  8.221, 28.075, 50.521,  7.656,  1.696
 55920,  7.875, 24.214, 54.750,  7.372,  1.844
 55980,  8.205, 26.858, 51.777,  7.228,  1.446
 56040,  8.390, 26.329, 54.399,  7.371,  1.597
 56100,  8.428, 28.362, 51.615,  7.468,  1.697
 56160,  8.557, 29.028, 53.570,  7.406,  1.618
 56220,  8.624, 28.478, 53.954,  7.550,  1.812
 56280,  8.955, 28.421, 52.534,  7.766,  1.683
 56340,  9.422, 32.252, 53.889,  7.810,  1.685
 56400,  9.643, 33.081, 51.554,  7.979,  1.662
 56460,  9.509, 32.025, 51.205,  7.764,  1.656
 56520,  9.766, 31.635, 50.523,  7.859,  1.586
 56580, 10.317, 34.419, 52.581,  8.235,  1.812
 56640, 10.762, 36.242, 50.696,  8.335,  1.796
 56700, 10.513, 34.672, 50.383,  8.374,  1.651
 56760, -9999.000, -9999.000, -9999.000, -9999.000, -9999.000
 56820, -9999.000, -9999.000, -9999.000, -9999.000, -9999.000
 56880, -9999.000, -9999.000, -9999.000, -9999.000, -9999.000
 56940, -9999.000, -9999.000, -9999.000, -9999.000, -9999.000
 57000, -9999.000, -9999.000, -9999.000, -9999.000, -9999.000
 57060, -9999.000, -9999.000, -9999.000, -9999.000, -9999.000
 57120, -9999.000, -9999.000, -9999.000, -9999.000, -9999.000
 57180, -9999.000, -9999.000, -9999.000, -9999.000, -9999.000
 57240, -9999.000, -9999.000, -9999.000, -9999.000, -9999.000
 57300, -9999.000, -9999.000, -9999.000, -9999.000, -9999.000
 57360, -9999.000, -9999.000, -9999.000, -9999.000, -9999.000
 57420, -9999.000, -9999.000, -9999.000, -9999.000, -9999.000
 57480, -9999.000, -9999.000, -9999.000, -9999.000, -9999.000
 57540, -9999.000, -9999.000, -9999.000, -9999.000, -9999.000
 57600, -9999.000, -9999.000, -9999.000, -9999.000, -9999.000
 57660, -9999.000, -9999.000, -9999.000, -9999.000, -9999.000
 57720, -9999.000, -9999.000, -9999.000, -9999.000, -9999.000
 57780, -9999.000, -9999.000, -9999.000, -9999.000, -9999.000
 57840, -9999.000, -9999.000, -9999.000, -9999.000, -9999.000
 57900, -9999.000, -9999.000, -9999.000, -9999.000, -9999.000
 57960, -9999.000, -9999.000, -9999.000, -9999.000, -9999.000
 58020, 12.493, 35.577, 67.096,  9.563,  1.889
 58080, 12.813, 35.092, 59.040,  9.174,  1.454
 58140, 13.433, 36.758, 61.310,  9.311,  1.623
 58200, 13.530, 35.618, 57.304,  9.389,  1.534
 58260, 13.681, 36.577, 58.907,  9.358,  1.577
 58320, 13.988, 35.748, 57.179,  9.295,  1.683
 58380, 13.863, 35.184, 56.428,  9.474,  1.782
 58440, 13.542, 34.710, 54.813,  8.999,  1.414
 58500, 13.091, 34.172, 56.117,  9.159,  1.638
 58560, 13.146, 33.125, 58.606,  9.369,  1.724
 58620, 13.504, 34.180, 58.432,  9.220,  1.504
 58680, 13.462, 32.861, 57.359,  9.202,  1.712
 58740, 13.230, 33.085, 55.092,  9.051,  1.633
 58800, 13.491, 32.492, 55.523,  8.854,  1.480
 58860, 13.715, 33.247, 55.651,  9.398,  1.807
 58920, 13.915, 33.963, 56.384,  9.467,  1.658
 58980, 13.878, 34.697, 57.195,  9.260,  1.749
 59040, 13.390, 30.856, 55.269,  8.934,  1.600
 59100, 12.859, 30.724, 53.228,  8.896,  1.734
 59160, 12.774, 31.044, 52.429,  8.812,  1.390
 59220, 11.151, 26.027, 52.157,  7.720,  1.408
 59280, 10.381, 24.001, 48.522,  7.878,  1.377
 59340, 10.655, 24.287, 48.496,  7.489,  1.308
 59400, 11.160, 26.295, 50.748,  7.842,  1.429
 59460, 11.204, 25.557, 49.323,  7.563,  1.348
 59520, 10.543, 24.781, 50.638,  7.464,  1.468
 59580,  9.970, 23.423, 51.278,  7.219,  1.204
 59640, 10.063, 23.704, 50.863,  6.928,  1.293
 59700, 10.646, 26.070, 52.384,  7.303,  1.208
 59760, 10.446, 24.297, 49.753,  7.214,  1.182
 59820, 10.285, 23.952, 50.746,  7.148,  0.815
 59880, 10.173, 23.824, 54.391,  6.528,  1.045
 59940, 10.905, 27.081, 56.936,  7.171,  1.323
 60000, -9999.000, -9999.000, -9999.000, -9999.000, -9999.000
 60060, 10.107, 25.739, 47.675,  7.047,  0.956
