CampaignData_and_Merges/R0/CSL_MobileLab_Parked/raw/20240804/USOS-NOAAIodideCIMS-N2O5_MobileLabGround_20240804_RA.ict
33, 1001
Michael A Robinson, Chris Jernigan, Subi Thakali
NOAA ESRL Chemical Sciences Laboratory and CIRES, U. of Colorado
NOAA Iodide CIMS Instrument
USOS
1, 1
2024, 08, 04, 2024, 08, 05
1
starttime_UTC, seconds_past_midnight, seconds_of_day_since_00:00:00_UTC
1
1
-9999
N2O5_NOAACIMS, pptv, Gas_N2O5_InSitu_S_AVMR, 
0
18
PI_CONTACT_INFO: 325 Broadway, R/CSD 7, Boulder, Colorado 80305; michael.a.robinson@noaa.gov; chris.jernigan@noaa.gov;
PLATFORM: NOAA CSL Mobile Lab
LOCATION: SLC, Utah
ASSOCIATED_DATA: 1Hz data also available on request.
INSTRUMENT_INFO: NOAA I- ToF CIMS
DATA_INFO: All data in parts per trillion by volume (pptv). 1 Hz data is available upon request.
UNCERTAINTY: TBD
ULOD_FLAG: -7777
ULOD_VALUE: N/A
LLOD_FLAG: -8888
LLOD_VALUE: N/A
DM_CONTACT_INFO: Nathan Howard; nathan.h.howard@noaa.gov
PROJECT_INFO: USOS, summer 2024. https://csl.noaa.gov/groups/csl7/measurements/2024usos/
STIPULATIONS_ON_USE: Users are strongly encouraged to contact the PI for proper data usage.
OTHER_COMMENTS: 
REVISION: RA
RA: Preliminary Data; For in-field use only
starttime_UTC, N2O5_NOAACIMS
     0, -9999.000
    60, -9999.000
   120, -9999.000
   180, -9999.000
   240, -9999.000
   300, -9999.000
   360, -9999.000
   420, -9999.000
   480, -9999.000
   540, -9999.000
   600, -9999.000
   660, -9999.000
   720, -9999.000
   780, -9999.000
   840, -9999.000
   900, -9999.000
   960, -9999.000
  1020, -9999.000
  1080, -9999.000
  1140, -9999.000
  1200, -9999.000
  1260, -9999.000
  1320, -9999.000
  1380, -9999.000
  1440, -9999.000
  1500, -9999.000
  1560, -9999.000
  1620, -9999.000
  1680, -9999.000
  1740, -9999.000
  1800, -9999.000
  1860, -9999.000
  1920, -9999.000
  1980, -9999.000
  2040, -9999.000
  2100, -9999.000
  2160, -9999.000
  2220, -9999.000
  2280, -9999.000
  2340, -9999.000
  2400, -9999.000
  2460, -9999.000
  2520, -9999.000
  2580, -9999.000
  2640, -9999.000
  2700, -9999.000
  2760, -9999.000
  2820, -9999.000
  2880, -9999.000
  2940, -9999.000
  3000, -9999.000
  3060, -9999.000
  3120, -9999.000
  3180, -9999.000
  3240, -9999.000
  3300, -9999.000
  3360, -9999.000
  3420, -9999.000
  3480, -9999.000
  3540, -9999.000
  3600, -9999.000
  3660, -9999.000
  3720, -9999.000
  3780, -9999.000
  3840, -9999.000
  3900, -9999.000
  3960, -9999.000
  4020, -9999.000
  4080, -9999.000
  4140, -9999.000
  4200, -9999.000
  4260, -9999.000
  4320, -9999.000
  4380, -9999.000
  4440, -9999.000
  4500, -9999.000
  4560, -9999.000
  4620, -9999.000
  4680, -9999.000
  4740, -9999.000
  4800, -9999.000
  4860, -9999.000
  4920, -9999.000
  4980, -9999.000
  5040, -9999.000
  5100, -9999.000
  5160, -9999.000
  5220, -9999.000
  5280, -9999.000
  5340, -9999.000
  5400, -9999.000
  5460,  0.598
  5520,  0.547
  5580,  0.862
  5640,  0.739
  5700,  0.680
  5760,  0.801
  5820,  0.890
  5880,  0.931
  5940,  1.117
  6000,  0.892
  6060,  1.133
  6120,  1.276
  6180,  0.917
  6240,  1.656
  6300,  1.160
  6360,  1.193
  6420,  0.958
  6480,  1.637
  6540,  1.468
  6600,  1.459
  6660,  1.815
  6720,  2.250
  6780,  2.028
  6840,  2.062
  6900,  1.516
  6960,  1.896
  7020,  1.451
  7080,  2.784
  7140,  2.500
  7200,  1.807
  7260,  1.686
  7320,  1.479
  7380,  2.755
  7440,  1.622
  7500,  1.611
  7560,  1.021
  7620,  1.510
  7680,  1.374
  7740,  2.326
  7800,  1.336
  7860,  2.207
  7920,  1.113
  7980,  1.840
  8040,  1.049
  8100,  1.013
  8160,  1.242
  8220,  1.578
  8280,  1.017
  8340,  1.058
  8400,  0.986
  8460,  0.994
  8520,  0.818
  8580,  0.780
  8640,  0.818
  8700,  0.912
  8760, -9999.000
  8820,  0.746
  8880,  1.059
  8940,  0.817
  9000,  0.497
  9060,  1.094
  9120,  0.714
  9180,  0.624
  9240,  0.742
  9300,  0.607
  9360,  0.789
  9420,  0.779
  9480,  0.820
  9540,  0.847
  9600,  0.718
  9660,  0.884
  9720,  0.692
  9780,  0.735
  9840,  0.832
  9900,  0.900
  9960,  0.657
 10020,  0.590
 10080,  0.436
 10140,  0.449
 10200,  0.493
 10260,  0.683
 10320,  0.643
 10380,  0.504
 10440,  0.538
 10500,  0.373
 10560,  0.273
 10620, -9999.000
 10680,  0.547
 10740,  0.446
 10800,  0.590
 10860,  0.508
 10920,  0.480
 10980,  0.420
 11040,  0.300
 11100,  0.375
 11160,  0.392
 11220,  0.355
 11280,  0.459
 11340,  0.279
 11400,  0.279
 11460,  0.214
 11520,  0.252
 11580,  0.217
 11640,  0.176
 11700,  0.243
 11760,  0.353
 11820,  0.107
 11880,  0.303
 11940,  0.185
 12000,  0.161
 12060,  0.316
 12120,  0.219
 12180,  0.253
 12240,  0.200
 12300,  0.240
 12360,  0.313
 12420,  0.389
 12480, -9999.000
 12540,  0.260
 12600,  0.215
 12660,  0.398
 12720,  0.417
 12780,  0.203
 12840,  0.347
 12900,  0.324
 12960,  0.450
 13020,  0.350
 13080,  0.448
 13140,  0.419
 13200,  0.299
 13260,  0.612
 13320,  0.598
 13380,  0.473
 13440,  0.296
 13500,  0.366
 13560,  0.543
 13620,  0.688
 13680,  0.619
 13740,  0.469
 13800,  0.633
 13860,  0.455
 13920,  0.634
 13980,  0.365
 14040,  0.494
 14100,  0.309
 14160,  0.746
 14220,  0.761
 14280,  0.994
 14340,  0.955
 14400,  0.839
 14460,  0.822
 14520,  1.176
 14580,  1.029
 14640,  0.913
 14700,  0.860
 14760,  0.707
 14820,  0.991
 14880,  1.303
 14940,  1.561
 15000,  1.303
 15060,  1.263
 15120,  1.517
 15180,  1.535
 15240,  1.410
 15300,  1.352
 15360,  1.470
 15420,  1.430
 15480,  1.863
 15540,  1.110
 15600,  1.188
 15660,  1.044
 15720,  1.208
 15780,  1.169
 15840,  1.240
 15900,  0.910
 15960,  0.945
 16020,  0.743
 16080,  0.777
 16140,  1.414
 16200,  0.227
 16260,  0.572
 16320,  0.423
 16380,  0.453
 16440,  0.649
 16500,  0.592
 16560,  0.561
 16620,  0.491
 16680,  0.571
 16740,  0.541
 16800,  0.485
 16860,  0.233
 16920,  0.465
 16980,  0.328
 17040,  0.332
 17100,  0.323
 17160,  0.465
 17220,  0.449
 17280,  0.544
 17340,  0.273
 17400,  0.341
 17460,  0.561
 17520,  0.468
 17580,  0.467
 17640,  0.397
 17700,  0.498
 17760,  0.145
 17820,  0.313
 17880,  0.190
 17940,  0.187
 18000,  0.895
 18060,  0.344
 18120,  0.289
 18180,  0.263
 18240,  0.472
 18300,  0.383
 18360,  0.218
 18420,  0.367
 18480,  0.350
 18540,  0.499
 18600,  0.367
 18660,  0.436
 18720,  0.394
 18780,  0.342
 18840,  0.380
 18900,  0.475
 18960,  0.304
 19020,  0.523
 19080,  0.268
 19140,  0.365
 19200,  0.374
 19260,  0.301
 19320,  0.473
 19380,  0.407
 19440,  0.486
 19500,  0.334
 19560,  0.395
 19620,  0.362
 19680,  0.350
 19740,  0.456
 19800,  0.540
 19860, -9999.000
 19920,  0.408
 19980,  0.383
 20040,  0.329
 20100,  0.423
 20160,  0.527
 20220,  0.427
 20280,  0.408
 20340,  0.352
 20400,  0.400
 20460,  0.487
 20520,  0.485
 20580,  0.373
 20640,  0.395
 20700,  0.422
 20760,  0.374
 20820,  0.454
 20880,  0.553
 20940,  0.469
 21000,  0.599
 21060,  0.465
 21120,  1.088
 21180,  1.506
 21240,  1.758
 21300,  1.385
 21360,  1.329
 21420,  1.903
 21480,  1.712
 21540,  1.846
 21600,  1.866
 21660,  1.521
 21720, -9999.000
 21780,  1.711
 21840,  1.518
 21900,  1.669
 21960,  1.313
 22020,  1.160
 22080,  1.225
 22140,  1.237
 22200,  0.911
 22260,  0.991
 22320,  0.857
 22380,  0.755
 22440,  0.735
 22500,  0.717
 22560,  0.677
 22620,  0.634
 22680,  0.546
 22740,  0.617
 22800,  0.592
 22860,  0.823
 22920,  0.967
 22980,  0.753
 23040,  0.945
 23100,  1.249
 23160,  2.673
 23220,  2.712
 23280,  3.642
 23340,  5.004
 23400,  4.755
 23460,  6.179
 23520,  5.493
 23580, -9999.000
 23640,  7.056
 23700,  7.606
 23760,  7.665
 23820,  7.201
 23880,  7.214
 23940,  8.415
 24000,  8.556
 24060,  7.949
 24120,  7.038
 24180,  6.916
 24240,  7.115
 24300,  5.715
 24360,  5.015
 24420,  3.309
 24480,  2.766
 24540,  2.838
 24600,  2.398
 24660,  2.143
 24720,  1.982
 24780,  1.482
 24840,  1.430
 24900,  1.416
 24960,  0.987
 25020,  0.934
 25080,  1.209
 25140,  1.074
 25200,  1.224
 25260,  1.294
 25320,  1.417
 25380,  1.294
 25440,  1.347
 25500,  1.304
 25560,  1.290
 25620,  1.285
 25680,  1.369
 25740,  1.147
 25800,  1.721
 25860,  2.072
 25920,  1.863
 25980,  1.544
 26040,  1.543
 26100,  1.981
 26160,  1.801
 26220,  2.163
 26280,  2.124
 26340,  2.350
 26400,  1.981
 26460,  1.928
 26520,  2.002
 26580,  2.145
 26640,  2.208
 26700,  2.363
 26760,  2.699
 26820,  2.813
 26880,  2.597
 26940,  1.779
 27000,  2.578
 27060,  2.814
 27120,  2.444
 27180,  2.695
 27240, -9999.000
 27300,  2.928
 27360,  2.292
 27420,  2.882
 27480,  2.867
 27540,  2.840
 27600,  3.178
 27660,  3.324
 27720,  2.709
 27780,  2.344
 27840,  2.975
 27900,  2.693
 27960,  2.911
 28020,  2.895
 28080,  2.800
 28140,  2.728
 28200,  3.048
 28260,  2.675
 28320,  3.106
 28380,  3.521
 28440,  3.317
 28500,  2.761
 28560,  3.284
 28620,  3.009
 28680,  2.741
 28740,  2.497
 28800,  2.206
 28860,  2.322
 28920,  2.241
 28980,  2.350
 29040,  2.070
 29100, -9999.000
 29160,  1.493
 29220,  1.930
 29280,  1.648
 29340,  1.493
 29400,  1.418
 29460,  1.320
 29520,  1.111
 29580,  1.046
 29640,  0.956
 29700,  1.069
 29760,  1.006
 29820,  0.758
 29880,  0.770
 29940,  0.789
 30000,  0.893
 30060,  0.889
 30120,  0.824
 30180,  1.173
 30240,  0.986
 30300,  1.450
 30360,  1.237
 30420,  1.463
 30480,  1.704
 30540,  1.417
 30600,  1.224
 30660,  1.632
 30720,  1.504
 30780,  1.337
 30840,  1.397
 30900,  0.993
 30960, -9999.000
 31020,  1.543
 31080,  1.374
 31140,  1.538
 31200,  2.172
 31260,  1.783
 31320,  1.496
 31380,  1.691
 31440,  1.793
 31500,  1.547
 31560,  1.206
 31620,  1.153
 31680,  1.187
 31740,  1.216
 31800,  1.288
 31860,  1.258
 31920,  0.913
 31980,  1.074
 32040,  1.159
 32100,  1.052
 32160,  1.165
 32220,  1.173
 32280,  1.238
 32340,  1.138
 32400,  1.399
 32460,  1.099
 32520,  1.536
 32580,  1.400
 32640,  1.589
 32700,  1.323
 32760,  1.290
 32820,  2.087
 32880,  1.627
 32940,  1.906
 33000,  1.740
 33060,  2.059
 33120,  1.736
 33180,  2.377
 33240,  2.149
 33300,  2.215
 33360,  2.247
 33420,  2.538
 33480,  3.097
 33540,  3.153
 33600,  1.925
 33660,  2.175
 33720,  2.168
 33780,  2.057
 33840,  1.993
 33900,  1.813
 33960,  1.915
 34020,  1.647
 34080,  1.593
 34140,  1.396
 34200,  1.445
 34260,  1.238
 34320,  1.410
 34380,  1.120
 34440,  1.318
 34500,  1.461
 34560,  1.272
 34620,  1.896
 34680,  1.081
 34740,  1.467
 34800,  1.311
 34860,  1.553
 34920,  1.867
 34980,  1.496
 35040,  1.635
 35100,  1.284
 35160,  1.296
 35220,  1.399
 35280,  1.497
 35340,  1.513
 35400,  1.258
 35460,  1.104
 35520,  1.234
 35580,  1.279
 35640,  0.962
 35700,  1.426
 35760,  1.180
 35820,  1.414
 35880,  1.661
 35940,  1.457
 36000,  1.500
 36060,  1.565
 36120,  1.280
 36180,  1.281
 36240,  1.239
 36300,  1.518
 36360,  1.205
 36420,  1.524
 36480,  1.514
 36540,  1.277
 36600,  1.467
 36660,  1.542
 36720,  1.689
 36780,  1.953
 36840,  1.578
 36900,  1.490
 36960,  1.384
 37020,  1.307
 37080,  1.434
 37140,  1.559
 37200,  1.601
 37260,  1.379
 37320,  1.464
 37380,  1.681
 37440,  1.685
 37500,  1.603
 37560,  1.702
 37620,  1.671
 37680,  1.657
 37740,  1.606
 37800,  1.622
 37860,  1.566
 37920,  1.982
 37980,  1.847
 38040,  2.055
 38100,  1.479
 38160,  1.438
 38220,  1.876
 38280,  1.426
 38340, -9999.000
 38400,  1.407
 38460,  1.587
 38520,  2.036
 38580,  1.681
 38640,  1.826
 38700,  1.896
 38760,  2.807
 38820,  2.695
 38880,  2.906
 38940,  2.097
 39000,  1.980
 39060,  2.350
 39120,  2.825
 39180,  3.124
 39240,  3.920
 39300,  8.381
 39360, 11.745
 39420, 13.913
 39480,  8.380
 39540,  9.152
 39600, 12.101
 39660,  8.114
 39720, 10.081
 39780, 10.007
 39840, 11.083
 39900,  8.365
 39960,  7.384
 40020,  8.521
 40080,  6.995
 40140,  7.574
 40200, -9999.000
 40260,  5.415
 40320,  4.672
 40380,  4.144
 40440,  5.510
 40500,  3.978
 40560,  3.595
 40620,  3.450
 40680,  2.805
 40740,  3.502
 40800,  2.883
 40860,  3.483
 40920,  3.183
 40980,  2.787
 41040,  3.315
 41100,  3.368
 41160,  3.739
 41220,  2.935
 41280,  3.019
 41340,  3.481
 41400,  3.187
 41460,  2.596
 41520,  2.803
 41580,  3.418
 41640,  3.328
 41700,  3.627
 41760,  3.451
 41820,  3.510
 41880,  4.208
 41940,  3.991
 42000,  3.633
 42060, -9999.000
 42120,  2.486
 42180,  2.470
 42240,  3.237
 42300,  2.976
 42360,  2.855
 42420,  3.297
 42480,  3.081
 42540,  2.390
 42600,  2.260
 42660,  2.104
 42720,  2.187
 42780,  2.118
 42840,  2.200
 42900,  2.521
 42960,  2.584
 43020,  2.249
 43080,  2.053
 43140,  2.309
 43200,  1.701
 43260,  2.143
 43320,  2.145
 43380,  2.356
 43440,  2.111
 43500,  2.042
 43560,  4.451
 43620,  4.931
 43680,  5.104
 43740,  7.229
 43800,  4.334
 43860,  2.885
 43920,  2.684
 43980,  3.395
 44040,  2.850
 44100,  6.893
 44160,  6.390
 44220,  4.964
 44280,  4.137
 44340,  4.118
 44400,  4.501
 44460,  5.515
 44520,  4.826
 44580,  3.645
 44640,  3.355
 44700,  3.565
 44760,  4.538
 44820,  3.887
 44880,  4.144
 44940,  3.482
 45000,  3.026
 45060,  3.052
 45120,  3.422
 45180,  3.085
 45240,  2.905
 45300,  2.925
 45360,  3.300
 45420,  2.826
 45480,  2.641
 45540,  2.698
 45600,  2.457
 45660,  2.006
 45720, -9999.000
 45780,  3.293
 45840,  2.365
 45900,  2.128
 45960,  2.259
 46020,  1.848
 46080,  1.952
 46140,  2.118
 46200,  1.773
 46260,  1.684
 46320,  1.822
 46380,  1.854
 46440,  1.790
 46500,  1.641
 46560,  2.219
 46620,  1.999
 46680,  1.932
 46740,  2.271
 46800, -9999.000
 46860, -9999.000
 46920, -9999.000
 46980, -9999.000
 47040, -9999.000
 47100, -9999.000
 47160, -9999.000
 47220, -9999.000
 47280, -9999.000
 47340, -9999.000
 47400, -9999.000
 47460, -9999.000
 47520, -9999.000
 47580, -9999.000
 47640, -9999.000
 47700, -9999.000
 47760, -9999.000
 47820, -9999.000
 47880, -9999.000
 47940, -9999.000
 48000, -9999.000
 48060, -9999.000
 48120, -9999.000
 48180, -9999.000
 48240, -9999.000
 48300, -9999.000
 48360, -9999.000
 48420, -9999.000
 48480, -9999.000
 48540, -9999.000
 48600, -9999.000
 48660, -9999.000
 48720, -9999.000
 48780, -9999.000
 48840, -9999.000
 48900, -9999.000
 48960, -9999.000
 49020, -9999.000
 49080, -9999.000
 49140, -9999.000
 49200, -9999.000
 49260, -9999.000
 49320, -9999.000
 49380, -9999.000
 49440, -9999.000
 49500, -9999.000
 49560, -9999.000
 49620, -9999.000
 49680, -9999.000
 49740, -9999.000
 49800, -9999.000
 49860, -9999.000
 49920, -9999.000
 49980, -9999.000
 50040, -9999.000
 50100, -9999.000
 50160, -9999.000
 50220, -9999.000
 50280, -9999.000
 50340, -9999.000
 50400, -9999.000
 50460, -9999.000
 50520, -9999.000
 50580, -9999.000
 50640, -9999.000
 50700, -9999.000
 50760, -9999.000
 50820, -9999.000
 50880, -9999.000
 50940, -9999.000
 51000, -9999.000
 51060, -9999.000
 51120, -9999.000
 51180, -9999.000
 51240, -9999.000
 51300, -9999.000
 51360, -9999.000
 51420, -9999.000
 51480, -9999.000
 51540, -9999.000
 51600, -9999.000
 51660, -9999.000
 51720, -9999.000
 51780, -9999.000
 51840, -9999.000
 51900, -9999.000
 51960, -9999.000
 52020, -9999.000
 52080, -9999.000
 52140, -9999.000
 52200, -9999.000
 52260, -9999.000
 52320, -9999.000
 52380, -9999.000
 52440, -9999.000
 52500, -9999.000
 52560, -9999.000
 52620, -9999.000
 52680, -9999.000
 52740, -9999.000
 52800, -9999.000
 52860, -9999.000
 52920, -9999.000
 52980, -9999.000
 53040, -9999.000
 53100, -9999.000
 53160, -9999.000
 53220, -9999.000
 53280, -9999.000
 53340, -9999.000
 53400, -9999.000
 53460, -9999.000
 53520, -9999.000
 53580, -9999.000
 53640, -9999.000
 53700, -9999.000
 53760, -9999.000
 53820, -9999.000
 53880, -9999.000
 53940, -9999.000
 54000, -9999.000
 54060, -9999.000
 54120, -9999.000
 54180, -9999.000
 54240, -9999.000
 54300, -9999.000
 54360, -9999.000
 54420, -9999.000
 54480, -9999.000
 54540, -9999.000
 54600, -9999.000
 54660, -9999.000
 54720, -9999.000
 54780, -9999.000
 54840, -9999.000
 54900, -9999.000
 54960, -9999.000
 55020, -9999.000
 55080, -9999.000
 55140, -9999.000
 55200, -9999.000
 55260, -9999.000
 55320, -9999.000
 55380, -9999.000
 55440, -9999.000
 55500, -9999.000
 55560, -9999.000
 55620, -9999.000
 55680, -9999.000
 55740, -9999.000
 55800, -9999.000
 55860, -9999.000
 55920, -9999.000
 55980, -9999.000
 56040, -9999.000
 56100, -9999.000
 56160, -9999.000
 56220, -9999.000
 56280, -9999.000
 56340, -9999.000
 56400, -9999.000
 56460, -9999.000
 56520, -9999.000
 56580, -9999.000
 56640, -9999.000
 56700, -9999.000
 56760, -9999.000
 56820, -9999.000
 56880, -9999.000
 56940, -9999.000
 57000, -9999.000
 57060, -9999.000
 57120, -9999.000
 57180, -9999.000
 57240, -9999.000
 57300, -9999.000
 57360, -9999.000
 57420, -9999.000
 57480, -9999.000
 57540, -9999.000
 57600, -9999.000
 57660, -9999.000
 57720, -9999.000
 57780, -9999.000
 57840, -9999.000
 57900, -9999.000
 57960, -9999.000
 58020, -9999.000
 58080, -9999.000
 58140, -9999.000
 58200, -9999.000
 58260, -9999.000
 58320, -9999.000
 58380, -9999.000
 58440, -9999.000
 58500, -9999.000
 58560, -9999.000
 58620, -9999.000
 58680, -9999.000
 58740, -9999.000
 58800, -9999.000
 58860, -9999.000
 58920, -9999.000
 58980, -9999.000
 59040, -9999.000
 59100, -9999.000
 59160, -9999.000
 59220, -9999.000
 59280, -9999.000
 59340, -9999.000
 59400, -9999.000
 59460, -9999.000
 59520, -9999.000
 59580, -9999.000
 59640, -9999.000
 59700, -9999.000
 59760, -9999.000
 59820, -9999.000
 59880, -9999.000
 59940, -9999.000
 60000, -9999.000
