CampaignData_and_Merges/R0/CSL_MobileLab_Parked/raw/20240804/USOS-NOAAIodideCIMS-OrgNitrs_MobileLabGround_20240804_RA.ict
37, 1001
Michael A Robinson, Chris Jernigan, Subi Thakali
NOAA ESRL Chemical Sciences Laboratory and CIRES, U. of Colorado
NOAA Iodide CIMS Instrument
USOS
1, 1
2024, 08, 04, 2024, 08, 05
1
starttime_UTC, seconds_past_midnight, seconds_of_day_since_00:00:00_UTC
5
1, 1, 1, 1, 1
-9999, -9999, -9999, -9999, -9999
C4H7NO5_NOAACIMS, pptv, Gas_C4H7NO5_InSitu_S_AVMR, 
ISOPN_NOAACIMS, pptv, Gas_ISOPN_InSitu_S_AVMR, 
C5H10O3_NOAACIMS, pptv, Gas_C5H10O3_InSitu_S_AVMR, 
C5H9NO5_NOAACIMS, pptv, Gas_C5H9NO5_InSitu_S_AVMR, 
C10H17NO4_NOAACIMS, pptv, Gas_C10H17NO4_InSitu_S_AVMR, 
0
18
PI_CONTACT_INFO: 325 Broadway, R/CSD 7, Boulder, Colorado 80305; michael.a.robinson@noaa.gov; chris.jernigan@noaa.gov;
PLATFORM: NOAA CSL Mobile Lab
LOCATION: SLC, Utah
ASSOCIATED_DATA: 1Hz data also available on request.
INSTRUMENT_INFO: NOAA I- ToF CIMS
DATA_INFO: All data in parts per trillion by volume (pptv). 1 Hz data is available upon request.
UNCERTAINTY: TBD
ULOD_FLAG: -7777
ULOD_VALUE: N/A
LLOD_FLAG: -8888
LLOD_VALUE: N/A
DM_CONTACT_INFO: Nathan Howard; nathan.h.howard@noaa.gov
PROJECT_INFO: USOS, summer 2024. https://csl.noaa.gov/groups/csl7/measurements/2024usos/
STIPULATIONS_ON_USE: Users are strongly encouraged to contact the PI for proper data usage.
OTHER_COMMENTS: 
REVISION: RA
RA: Preliminary Data; For in-field use only
starttime_UTC, C4H7NO5_NOAACIMS, ISOPN_NOAACIMS, C5H10O3_NOAACIMS, C5H9NO5_NOAACIMS, C10H17NO4_NOAACIMS
[from data line 332]
 19920,  2.397,  6.059, 66.008,  4.498,  0.618
 19980,  2.393,  5.652, 67.733,  4.493,  0.556
 20040,  2.292,  5.344, 69.906,  4.632,  0.420
 20100,  2.299,  5.907, 70.858,  4.503,  0.593
 20160,  2.284,  5.614, 68.869,  4.388,  0.638
 20220,  2.317,  5.364, 68.259,  4.321,  0.621
 20280,  2.352,  5.521, 66.635,  4.216,  0.449
 20340,  2.299,  5.497, 65.964,  4.341,  0.487
 20400,  2.295,  5.459, 65.629,  4.159,  0.538
 20460,  2.262,  5.145, 63.050,  4.168,  0.466
 20520,  2.283,  5.140, 62.993,  4.278,  0.416
 20580,  2.260,  5.035, 65.340,  4.105,  0.487
 20640,  2.246,  5.162, 62.462,  3.977,  0.379
 20700,  2.237,  4.973, 63.010,  3.899,  0.349
 20760,  2.231,  4.857, 59.534,  3.953,  0.346
 20820,  2.166,  4.859, 59.842,  3.975,  0.477
 20880,  2.106,  4.562, 59.759,  3.929,  0.284
 20940,  2.174,  4.624, 55.020,  3.836,  0.271
 21000,  2.141,  4.438, 55.914,  3.686,  0.276
 21060,  2.243,  4.673, 56.855,  3.705,  0.227
 21120,  2.201,  4.783, 59.390,  4.073,  0.356
 21180,  2.272,  4.731, 64.746,  4.086,  0.481
 21240,  2.386,  4.842, 64.115,  4.286,  0.694
 21300,  2.289,  5.135, 65.796,  4.246,  0.844
 21360,  2.247,  4.672, 65.924,  4.265,  0.761
 21420,  2.296,  5.190, 64.731,  4.285,  0.977
 21480,  2.243,  4.831, 66.893,  3.840,  1.059
 21540,  2.262,  4.705, 66.680,  4.230,  1.057
 21600,  2.243,  4.833, 68.039,  4.108,  1.082
 21660,  2.146,  4.950, 68.866,  3.956,  1.164
 21720, -9999.000, -9999.000, -9999.000, -9999.000, -9999.000
 21780,  2.117,  4.502, 60.064,  3.805,  1.033
 21840,  2.133,  4.766, 62.238,  4.131,  1.137
 21900,  2.050,  4.476, 61.886,  3.809,  1.010
 21960,  2.066,  4.414, 60.889,  3.622,  1.028
 22020,  2.108,  4.283, 63.715,  3.718,  1.120
 22080,  2.056,  4.402, 62.541,  3.574,  0.867
 22140,  2.031,  4.223, 62.562,  3.705,  1.039
 22200,  2.031,  4.413, 59.800,  3.517,  1.013
 22260,  2.063,  4.279, 57.991,  3.336,  0.950
 22320,  1.928,  3.821, 57.306,  3.153,  0.672
 22380,  1.900,  3.418, 57.035,  3.100,  0.556
 22440,  1.934,  3.769, 53.844,  3.008,  0.769
 22500,  1.897,  4.145, 54.318,  2.976,  0.737
 22560,  1.831,  3.873, 55.069,  3.023,  0.742
 22620,  1.854,  3.953, 54.305,  2.967,  0.850
 22680,  1.893,  3.695, 53.753,  2.892,  0.793
 22740,  1.929,  3.585, 54.507,  3.086,  0.719
 22800,  1.884,  3.620, 53.632,  3.016,  0.752
 22860,  1.936,  3.370, 54.050,  3.110,  0.902
 22920,  1.939,  3.779, 53.764,  2.887,  0.834
 22980,  1.902,  3.937, 53.187,  2.944,  0.750
 23040,  1.936,  3.992, 57.269,  3.056,  0.859
 23100,  2.047,  3.882, 57.410,  3.168,  0.894
 23160,  2.391,  4.640, 62.183,  3.986,  1.301
 23220,  2.429,  4.460, 65.322,  4.344,  1.327
 23280,  2.657,  4.659, 66.573,  4.398,  1.379
 23340,  2.978,  4.950, 72.151,  5.691,  1.808
 23400,  3.014,  5.490, 74.346,  5.861,  1.940
 23460,  3.140,  5.545, 77.610,  6.099,  1.974
 23520,  3.207,  5.646, 81.008,  6.577,  2.131
 23580, -9999.000, -9999.000, -9999.000, -9999.000, -9999.000
 23640,  3.302,  5.841, 76.805,  6.567,  2.097
 23700,  3.262,  5.623, 81.495,  6.768,  2.144
 23760,  3.314,  5.994, 84.944,  7.112,  2.165
 23820,  3.454,  6.074, 86.723,  7.361,  2.313
 23880,  3.361,  5.879, 87.555,  7.097,  2.412
 23940,  3.382,  5.961, 87.906,  7.349,  2.389
 24000,  3.522,  6.075, 89.776,  7.688,  2.288
 24060,  3.575,  5.983, 91.541,  7.572,  2.179
 24120,  3.549,  6.278, 95.119,  8.187,  2.399
 24180,  3.546,  6.515, 95.535,  7.829,  2.261
 24240,  3.521,  6.605, 96.523,  8.011,  2.319
 24300,  3.492,  6.158, 95.168,  7.899,  2.324
 24360,  3.327,  5.880, 92.845,  7.243,  2.325
 24420,  2.931,  4.891, 88.388,  6.308,  2.069
 24480,  2.801,  5.139, 86.077,  5.662,  1.909
 24540,  2.723,  4.910, 83.431,  5.539,  1.885
 24600,  2.624,  4.688, 83.030,  5.278,  1.949
 24660,  2.550,  4.647, 80.792,  5.209,  1.815
 24720,  2.398,  4.427, 76.182,  4.810,  1.713
 24780,  2.301,  4.266, 74.283,  4.931,  1.515
 24840,  2.227,  4.235, 70.353,  4.524,  1.560
 24900,  2.123,  4.246, 67.493,  4.280,  1.480
 24960,  2.130,  4.344, 69.229,  4.227,  1.637
 25020,  2.105,  4.116, 68.426,  4.223,  1.500
 25080,  2.091,  4.234, 68.024,  4.204,  1.403
 25140,  2.089,  4.278, 67.884,  3.988,  1.610
 25200,  2.155,  4.054, 64.470,  4.295,  1.385
 25260,  2.183,  4.096, 65.773,  4.233,  1.470
 25320,  2.133,  4.193, 66.113,  4.338,  1.492
 25380,  2.123,  3.696, 63.355,  4.182,  1.532
 25440,  2.086,  4.180, 63.796,  4.201,  1.532
 25500,  2.046,  3.895, 62.170,  4.223,  1.490
 25560,  2.056,  4.170, 65.654,  4.176,  1.569
 25620,  2.134,  4.030, 65.285,  4.122,  1.551
 25680,  2.045,  4.312, 62.226,  4.098,  1.499
 25740,  2.026,  4.041, 62.598,  4.216,  1.516
 25800,  2.102,  4.430, 61.783,  4.338,  1.522
 25860,  2.161,  4.441, 62.721,  4.574,  1.691
 25920,  2.088,  4.455, 64.803,  4.399,  1.494
 25980,  2.088,  4.496, 66.455,  4.390,  1.364
 26040,  2.118,  4.175, 64.636,  4.477,  1.435
 26100,  2.180,  4.571, 64.091,  4.513,  1.458
 26160,  2.118,  4.619, 65.057,  4.554,  1.548
 26220,  2.231,  4.532, 64.415,  4.661,  1.580
 26280,  2.207,  4.446, 64.882,  4.867,  1.441
 26340,  2.190,  4.221, 62.819,  4.531,  1.522
 26400,  2.158,  4.324, 64.899,  4.642,  1.503
 26460,  2.153,  4.341, 65.896,  4.531,  1.518
 26520,  2.165,  4.473, 63.542,  4.527,  1.706
 26580,  2.157,  4.473, 65.083,  4.602,  1.598
 26640,  2.095,  4.364, 63.911,  4.535,  1.620
 26700,  2.122,  4.486, 62.725,  4.580,  1.667
 26760,  2.087,  4.493, 62.662,  4.501,  1.647
 26820,  2.133,  4.420, 60.723,  4.574,  1.720
 26880,  2.085,  4.651, 63.103,  4.434,  1.776
 26940,  2.134,  4.657, 64.064,  4.572,  1.905
 27000,  2.029,  4.518, 62.306,  4.294,  1.816
 27060,  2.142,  4.402, 61.780,  4.376,  1.902
 27120,  2.050,  4.400, 62.251,  4.367,  1.792
 27180,  2.101,  4.515, 60.037,  4.558,  1.769
 27240, -9999.000, -9999.000, -9999.000, -9999.000, -9999.000
 27300,  1.937,  3.744, 54.507,  4.295,  1.843
 27360,  2.029,  4.429, 57.142,  4.263,  1.908
 27420,  2.000,  4.320, 58.211,  4.461,  2.018
 27480,  2.056,  4.339, 57.866,  4.383,  2.141
 27540,  2.053,  4.496, 57.928,  4.382,  2.091
 27600,  2.075,  4.391, 57.370,  4.573,  2.068
 27660,  2.089,  4.353, 59.233,  4.463,  2.232
 27720,  2.021,  4.057, 60.720,  4.291,  2.132
 27780,  2.037,  4.119, 60.820,  4.237,  2.212
 27840,  2.097,  4.255, 60.415,  4.518,  2.196
 27900,  2.038,  4.215, 58.409,  4.419,  2.050
 27960,  2.053,  4.058, 58.638,  4.308,  2.116
 28020,  2.054,  4.064, 58.959,  4.580,  2.169
 28080,  2.045,  4.215, 60.273,  4.563,  2.180
 28140,  2.094,  4.238, 60.926,  4.259,  2.274
 28200,  2.099,  4.005, 59.142,  4.504,  2.279
 28260,  2.045,  3.968, 60.629,  4.462,  2.184
 28320,  2.042,  4.010, 59.399,  4.582,  2.113
 28380,  2.093,  3.961, 58.312,  4.526,  2.206
 28440,  2.115,  3.669, 61.230,  4.491,  2.110
 28500,  2.094,  4.008, 61.453,  4.507,  2.186
 28560,  2.090,  3.597, 59.627,  4.460,  2.218
 28620,  2.108,  3.747, 59.782,  4.488,  2.173
 28680,  2.039,  3.914, 59.433,  4.437,  2.124
 28740,  2.069,  3.691, 58.954,  4.353,  1.936
 28800,  2.087,  3.740, 61.160,  4.325,  1.919
 28860,  2.146,  3.842, 60.454,  4.424,  2.042
 28920,  2.112,  3.382, 61.705,  4.481,  1.818
 28980,  2.201,  3.853, 60.010,  4.627,  1.807
 29040,  2.179,  3.531, 60.413,  4.452,  1.580
 29100, -9999.000, -9999.000, -9999.000, -9999.000, -9999.000
 29160,  2.132,  3.245, 56.139,  4.286,  1.372
 29220,  2.125,  3.451, 58.782,  4.305,  1.403
 29280,  2.122,  3.497, 60.101,  4.350,  1.418
 29340,  2.128,  3.471, 61.456,  4.209,  1.185
 29400,  2.102,  3.549, 59.709,  3.990,  1.077
 29460,  2.113,  3.345, 60.764,  4.034,  1.183
 29520,  2.092,  3.439, 60.716,  4.056,  1.047
 29580,  2.001,  3.291, 61.281,  4.060,  1.025
 29640,  2.044,  3.344, 61.618,  3.997,  0.868
 29700,  2.064,  3.339, 62.530,  3.868,  0.936
 29760,  2.043,  3.231, 61.296,  3.840,  0.896
 29820,  1.896,  3.066, 60.270,  3.778,  0.633
 29880,  1.940,  3.003, 60.815,  3.702,  0.610
 29940,  1.967,  3.010, 63.612,  3.661,  0.620
 30000,  1.992,  3.328, 63.306,  3.516,  0.832
 30060,  2.014,  3.339, 63.808,  3.682,  0.885
 30120,  1.924,  3.149, 62.678,  3.693,  0.781
 30180,  1.969,  3.604, 62.244,  3.656,  0.880
 30240,  2.004,  3.259, 64.568,  3.844,  0.964
 30300,  1.952,  3.680, 63.560,  3.990,  0.866
 30360,  2.006,  3.579, 66.080,  4.039,  0.878
 30420,  2.044,  3.577, 66.164,  3.758,  1.100
 30480,  2.019,  3.493, 65.060,  4.014,  1.064
 30540,  2.017,  3.620, 65.329,  3.983,  1.097
 30600,  2.014,  3.369, 63.832,  3.777,  1.064
 30660,  1.977,  3.697, 64.747,  3.849,  1.036
 30720,  1.932,  3.678, 64.789,  3.978,  1.132
 30780,  1.918,  3.565, 64.073,  3.826,  1.115
 30840,  1.871,  3.539, 63.964,  3.936,  1.003
 30900,  1.948,  3.636, 61.901,  3.837,  1.033
 30960, -9999.000, -9999.000, -9999.000, -9999.000, -9999.000
 31020,  1.832,  3.291, 52.700,  3.690,  0.945
 31080,  1.937,  3.538, 58.283,  3.778,  1.079
 31140,  2.045,  3.728, 62.343,  4.143,  1.174
 31200,  2.082,  3.731, 62.847,  4.258,  1.089
 31260,  2.082,  3.913, 63.111,  4.147,  1.160
 31320,  2.016,  3.557, 64.324,  3.905,  1.047
 31380,  1.998,  3.702, 63.222,  4.226,  1.171
 31440,  2.037,  3.616, 65.965,  3.968,  1.192
 31500,  2.050,  3.758, 66.434,  3.989,  1.150
 31560,  2.003,  3.697, 66.642,  3.813,  1.165
 31620,  1.969,  3.388, 66.840,  3.919,  1.082
 31680,  1.915,  3.798, 65.219,  3.641,  1.303
 31740,  1.913,  3.315, 65.845,  3.962,  1.155
 31800,  1.888,  3.544, 64.047,  3.628,  1.266
 31860,  1.865,  3.673, 63.132,  3.542,  1.178
 31920,  1.814,  3.670, 64.767,  3.664,  1.171
 31980,  1.943,  3.439, 64.082,  3.499,  1.330
 32040,  1.849,  3.507, 64.027,  3.421,  1.139
 32100,  1.884,  3.746, 63.023,  3.604,  1.254
 32160,  1.864,  3.501, 62.084,  3.612,  1.092
 32220,  1.871,  3.475, 60.316,  3.515,  1.192
 32280,  1.873,  3.665, 61.580,  3.633,  1.224
 32340,  1.907,  3.378, 62.339,  3.514,  1.103
 32400,  1.934,  3.299, 63.239,  3.694,  1.207
 32460,  1.889,  3.204, 61.290,  3.547,  1.044
 32520,  1.876,  3.160, 60.203,  3.423,  1.201
 32580,  1.892,  3.283, 59.745,  3.501,  1.171
 32640,  2.005,  3.305, 60.051,  3.718,  1.242
 32700,  1.958,  3.694, 62.325,  3.521,  1.111
 32760,  1.869,  3.270, 63.181,  3.788,  1.342
 32820,  1.906,  3.266, 57.970,  3.667,  0.996
 32880,  1.974,  3.424, 57.342,  3.648,  1.403
 32940,  1.982,  3.627, 59.232,  3.841,  1.462
 33000,  2.016,  3.662, 59.301,  3.952,  1.509
 33060,  1.974,  3.812, 59.250,  3.942,  1.503
 33120,  2.067,  3.875, 62.213,  4.072,  1.693
 33180,  2.056,  3.587, 61.888,  4.114,  1.406
 33240,  2.076,  3.700, 61.873,  4.127,  1.692
 33300,  2.133,  3.888, 62.054,  4.165,  1.603
 33360,  2.072,  3.798, 61.866,  4.195,  1.817
 33420,  2.131,  3.901, 62.869,  4.101,  1.693
 33480,  2.074,  3.930, 64.079,  4.250,  1.762
 33540,  2.049,  3.466, 63.235,  4.131,  1.670
 33600,  1.971,  3.585, 62.272,  3.874,  1.563
 33660,  2.058,  3.774, 62.367,  3.916,  1.745
 33720,  2.049,  3.879, 62.883,  4.266,  1.736
 33780,  1.997,  3.841, 60.049,  3.928,  1.644
 33840,  2.012,  4.077, 61.000,  4.196,  1.759
 33900,  2.072,  3.735, 63.581,  4.186,  1.705
 33960,  2.003,  3.711, 62.101,  4.080,  1.564
 34020,  2.007,  3.765, 61.256,  3.932,  1.646
 34080,  1.992,  3.635, 61.070,  3.992,  1.586
 34140,  1.968,  3.707, 61.735,  4.032,  1.589
 34200,  1.928,  3.673, 59.392,  3.879,  1.460
 34260,  1.937,  3.601, 60.191,  3.974,  1.471
 34320,  1.980,  3.540, 61.276,  3.862,  1.404
 34380,  1.916,  3.581, 61.252,  3.973,  1.453
 34440,  1.990,  3.579, 59.894,  3.927,  1.620
 34500,  1.893,  3.809, 59.947,  3.855,  1.410
 34560,  1.940,  3.462, 60.755,  3.928,  1.456
 34620,  1.974,  4.003, 60.321,  3.202,  1.226
 34680,  1.924,  4.116, 51.878,  3.567,  1.724
 34740,  1.884,  3.550, 54.136,  3.586,  1.361
 34800,  1.888,  3.593, 56.114,  3.711,  1.332
 34860,  1.894,  3.347, 56.409,  3.987,  1.532
 34920,  1.864,  3.698, 55.647,  4.103,  1.422
 34980,  1.847,  3.530, 58.469,  3.916,  1.307
 35040,  1.925,  3.565, 58.748,  3.941,  1.458
 35100,  1.918,  3.696, 58.552,  3.835,  1.329
 35160,  1.883,  3.411, 57.848,  3.728,  1.439
 35220,  1.894,  3.714, 58.224,  3.928,  1.384
 35280,  1.917,  3.629, 57.451,  3.807,  1.324
 35340,  1.924,  3.196, 57.437,  3.757,  1.297
 35400,  1.930,  3.641, 60.832,  4.016,  1.351
 35460,  1.871,  3.726, 59.791,  3.903,  1.323
 35520,  1.883,  3.504, 58.309,  3.715,  1.302
 35580,  1.844,  3.450, 58.941,  3.807,  1.427
 35640,  1.812,  3.435, 58.983,  3.724,  1.374
 35700,  1.802,  3.393, 57.492,  3.572,  1.350
 35760,  1.872,  3.430, 59.868,  3.830,  1.411
 35820,  1.874,  3.594, 60.325,  3.776,  1.377
 35880,  1.900,  3.621, 59.597,  3.814,  1.387
 35940,  1.914,  3.505, 59.131,  3.799,  1.537
 36000,  1.897,  3.405, 59.124,  4.002,  1.516
 36060,  1.830,  3.645, 57.819,  3.770,  1.509
 36120,  1.857,  3.641, 59.014,  3.829,  1.501
 36180,  1.842,  3.561, 60.820,  3.723,  1.488
 36240,  1.816,  3.547, 58.879,  3.843,  1.538
 36300,  1.868,  3.706, 60.658,  3.827,  1.463
 36360,  1.854,  3.331, 59.081,  3.734,  1.531
 36420,  1.806,  3.512, 56.577,  3.730,  1.506
 36480,  1.911,  3.247, 56.562,  3.768,  1.332
 36540,  1.791,  3.300, 55.037,  3.722,  1.482
 36600,  1.843,  3.438, 56.331,  3.739,  1.488
 36660,  1.825,  3.386, 56.955,  3.512,  1.436
 36720,  1.824,  3.445, 58.242,  3.791,  1.555
 36780,  1.880,  3.509, 56.617,  3.851,  1.459
 36840,  1.893,  3.288, 57.380,  4.013,  1.483
 36900,  1.907,  3.439, 59.184,  3.812,  1.523
 36960,  1.804,  3.537, 57.231,  3.694,  1.548
 37020,  1.837,  3.364, 56.783,  3.885,  1.503
 37080,  1.831,  3.325, 57.880,  3.769,  1.510
 37140,  1.802,  3.147, 56.419,  3.426,  1.538
 37200,  1.880,  3.175, 58.000,  3.835,  1.474
 37260,  1.818,  3.414, 60.240,  3.612,  1.514
 37320,  1.899,  3.451, 59.355,  3.818,  1.447
 37380,  1.871,  3.353, 59.229,  3.686,  1.546
 37440,  1.852,  3.207, 59.421,  3.721,  1.508
 37500,  1.819,  3.215, 57.329,  3.793,  1.394
 37560,  1.835,  3.525, 57.058,  3.674,  1.523
 37620,  1.878,  3.474, 59.145,  3.957,  1.573
 37680,  1.868,  3.532, 58.800,  3.730,  1.485
 37740,  1.866,  3.337, 58.748,  3.554,  1.455
 37800,  1.879,  3.299, 57.977,  3.711,  1.450
 37860,  1.858,  3.470, 56.868,  3.907,  1.403
 37920,  1.818,  3.051, 56.777,  3.606,  1.556
 37980,  1.834,  3.106, 56.180,  3.423,  1.585
 38040,  1.948,  3.213, 57.626,  3.818,  1.623
 38100,  1.855,  3.565, 58.838,  3.780,  1.531
 38160,  1.794,  3.435, 55.187,  3.610,  1.486
 38220,  1.826,  3.212, 54.827,  3.580,  1.419
 38280,  1.786,  3.528, 53.458,  3.777,  1.571
 38340, -9999.000, -9999.000, -9999.000, -9999.000, -9999.000
 38400,  1.727,  3.049, 47.771,  3.730,  1.569
 38460,  1.851,  3.361, 48.819,  3.742,  1.551
 38520,  1.825,  3.089, 49.516,  3.749,  1.558
 38580,  1.834,  3.580, 50.396,  3.786,  1.510
 38640,  1.818,  3.007, 51.262,  3.781,  1.506
 38700,  1.836,  3.182, 52.224,  3.659,  1.469
 38760,  1.836,  3.425, 51.680,  3.820,  1.422
 38820,  1.780,  3.577, 51.892,  3.758,  1.405
 38880,  1.868,  3.552, 51.303,  3.511,  1.424
 38940,  1.781,  3.113, 48.406,  3.642,  1.394
 39000,  1.790,  3.189, 49.038,  3.607,  1.321
 39060,  1.833,  3.503, 50.779,  3.969,  1.410
 39120,  1.814,  3.355, 50.625,  3.794,  1.585
 39180,  1.872,  3.572, 50.341,  3.924,  1.562
 39240,  1.880,  3.186, 50.691,  4.101,  1.744
 39300,  1.922,  3.447, 48.815,  4.042,  1.898
 39360,  1.889,  3.692, 50.911,  4.310,  2.189
 39420,  1.965,  3.528, 51.620,  4.487,  2.452
 39480,  1.906,  3.547, 52.056,  4.380,  2.353
 39540,  1.929,  3.314, 50.210,  4.377,  2.259
 39600,  1.958,  3.642, 49.955,  4.562,  2.443
 39660,  1.926,  3.688, 47.493,  4.716,  2.600
 39720,  1.966,  3.698, 49.379,  4.673,  2.594
 39780,  1.901,  3.631, 50.108,  4.478,  2.572
 39840,  1.922,  3.796, 50.166,  4.578,  2.715
 39900,  1.865,  3.353, 48.329,  4.427,  2.512
 39960,  1.845,  3.921, 47.593,  4.205,  2.538
 40020,  1.869,  3.387, 47.029,  4.412,  2.468
 40080,  1.882,  3.512, 47.061,  4.384,  2.220
 40140,  1.874,  3.718, 47.186,  4.383,  2.345
