CampaignData_and_Merges/R0/CSL_MobileLab_Parked/raw/20240804/USOS-MetNav_MobileLabGround_20240804_R0.ict
44, 1001
Carrie Womack, Nate Howard, Mike Zucker
NOAA Chemical Sciences Laboratory
Mobile Lab MetNav Station
USOS
1, 1
2024, 08, 04, 2024, 12, 21
60
Time_Start, seconds_past_midnight, Seconds from midnight UTC
11
1, 1, 1, 1, 1, 1, 1, 1, 1, 1, 1
-9999, -9999, -9999, -9999, -9999, -9999, -9999, -9999, -9999, -9999, -9999
GPS_Alt_m, meters, Altitude from Differential GPS
GPS_Course_deg, degrees, Course from Differential GPS
GPS_GndSpd_m_s, m/s, Ground Speed from Differential GPS
GPS_Heading_deg, degrees, Heading from Differential GPS
GPS_Lat_deg, degrees, Latitude from Differential GPS
GPS_Lon_deg, degrees, Longitude from Differential GPS
AirTemp_C, Celsius, Air Temperature from Airmar
RelHumidity_pct, percent, Relative Humidity from Airmar
Pressure_mb, millibars, Pressure from Honeywell
WindDir_calc_deg, degrees, Wind Direction from Airmar corrected for van movement
WindSpd_calc_m_s, m/s, Wind Speed from Airmar corrected for van movement
1
SPECIAL COMMENTS:
18
PI_CONTACT_INFO: Address: 325 Broadway R/CSL7, Boulder, CO, 80305
PLATFORM: CSL Mobile Lab
LOCATION: Salt Lake City, UT
ASSOCIATED_DATA: N/A
INSTRUMENT_INFO: N/A
DATA_INFO: Units:
UNCERTAINTY: N/A
ULOD_FLAG: -7777
ULOD_VALUE: N/A
LLOD_FLAG: -8888
LLOD_VALUE: N/A
DM_CONTACT_INFO: Data Manager: Nate Howard
PROJECT_INFO: 
STIPULATIONS_ON_USE: Use of these data require prior ok from PI.
OTHER_COMMENTS: 
REVISION: R0
R0: Final data. Fixed bug in wind averaging code. RA: Preliminary Data. For in-field use only. 
Time_Start, GPS_Alt_m, GPS_Course_deg, GPS_GndSpd_m_s, GPS_Heading_deg, GPS_Lat_deg, GPS_Lon_deg, AirTemp_C, RelHumidity_pct, Pressure_mb, WindDir_calc_deg, WindSpd_calc_m_s
[from data line 1042]
62520.0,1309.9,1.88,0.05,1.88,40.73434,-111.87211,34.7,25.3,878.1,147.65,0.9
62580.0,1309.8,1.56,0.05,1.56,40.73434,-111.87211,34.9,25.2,878.1,172.40,1.4
62640.0,1309.7,1.51,0.04,1.51,40.73434,-111.87211,35.0,24.7,878.1,172.99,1.6
62700.0,1309.7,1.00,0.05,1.00,40.73434,-111.87211,35.1,24.9,878.1,175.17,1.7
62760.0,1309.8,1.20,0.05,1.20,40.73434,-111.87211,35.2,24.8,878.1,169.30,1.6
62820.0,1309.8,1.45,0.04,1.45,40.73434,-111.87211,35.4,24.5,878.1,182.83,2.1
62880.0,1309.8,1.34,0.05,1.34,40.73434,-111.87211,35.5,24.7,878.1,161.49,1.2
62940.0,1309.7,1.42,0.04,1.42,40.73434,-111.87211,35.6,24.4,878.1,180.56,1.9
63000.0,1309.7,1.24,0.05,1.24,40.73434,-111.87210,35.7,24.4,878.1,179.86,1.4
63060.0,1309.7,0.77,0.06,0.77,40.73434,-111.87211,35.9,24.3,878.1,162.91,1.1
63120.0,1309.7,0.84,0.05,0.84,40.73434,-111.87211,35.9,24.1,878.1,149.61,1.8
63180.0,1309.4,1.29,0.04,1.29,40.73434,-111.87211,35.7,23.9,878.1,154.06,2.3
63240.0,1309.1,1.80,0.05,1.80,40.73434,-111.87211,35.7,24.3,878.0,152.88,1.6
63300.0,1309.1,1.97,0.05,1.97,40.73434,-111.87211,35.9,24.3,878.0,165.53,1.4
63360.0,1309.1,1.75,0.04,1.75,40.73434,-111.87211,35.8,24.3,878.0,163.30,2.3
63420.0,1309.1,1.66,0.05,1.66,40.73434,-111.87211,35.7,24.6,878.0,144.63,2.1
63480.0,1308.9,1.65,0.05,1.65,40.73434,-111.87211,35.9,24.6,878.0,129.44,1.5
63540.0,1309.0,1.34,0.05,1.34,40.73434,-111.87211,35.9,24.5,878.0,131.29,1.4
63600.0,1309.1,1.58,0.05,1.58,40.73434,-111.87211,36.0,24.3,878.0,146.11,1.5
63660.0,1309.0,1.46,0.05,1.46,40.73434,-111.87211,36.2,23.8,878.0,122.55,1.2
63720.0,1309.1,1.57,0.05,1.57,40.73434,-111.87211,36.4,23.7,878.0,151.95,1.5
63780.0,1309.2,1.14,0.05,1.14,40.73434,-111.87210,36.3,24.4,878.0,146.65,2.9
63840.0,1309.3,1.33,0.04,1.33,40.73434,-111.87210,36.2,23.6,878.0,150.60,2.1
63900.0,1309.3,1.35,0.04,1.35,40.73434,-111.87210,36.3,22.7,878.0,172.13,1.1
63960.0,1309.2,1.81,0.04,1.81,40.73434,-111.87211,36.4,22.8,878.0,124.57,1.0
64020.0,1309.2,1.36,0.04,1.36,40.73434,-111.87211,36.5,22.4,878.0,109.32,0.3
64080.0,1309.4,1.57,0.04,1.57,40.73434,-111.87210,36.4,22.3,878.0,132.50,1.5
64140.0,1309.4,0.94,0.05,0.94,40.73434,-111.87211,36.3,23.5,878.0,128.66,2.8
64200.0,1309.4,1.05,0.04,1.05,40.73434,-111.87211,36.3,22.2,878.0,132.82,1.8
64260.0,1309.2,0.94,0.04,0.94,40.73434,-111.87211,36.3,21.8,878.0,156.62,2.1
64320.0,1309.1,1.27,0.05,1.27,40.73434,-111.87211,36.3,21.6,878.0,145.15,2.1
64380.0,1309.1,1.53,0.05,1.53,40.73434,-111.87211,36.3,21.4,878.0,183.69,1.7
64440.0,1309.2,1.84,0.04,1.84,40.73434,-111.87211,36.4,21.5,878.0,163.13,0.8
64500.0,1309.0,1.64,0.04,1.64,40.73434,-111.87211,36.4,21.7,877.9,130.14,0.6
64560.0,1309.1,1.70,0.04,1.70,40.73434,-111.87211,36.6,21.2,877.9,133.60,0.5
64620.0,1309.3,0.98,0.04,0.98,40.73434,-111.87211,36.6,21.4,877.9,127.78,1.7
64680.0,1309.2,1.01,0.04,1.01,40.73434,-111.87211,36.7,20.9,877.9,171.03,1.4
64740.0,1309.2,1.27,0.04,1.27,40.73434,-111.87211,36.9,20.6,877.9,152.93,1.3
64800.0,1309.2,1.96,0.04,1.96,40.73434,-111.87211,36.7,21.1,877.8,320.84,0.2
64860.0,1309.3,1.65,0.04,1.65,40.73434,-111.87211,36.8,21.2,877.8,124.52,0.6
64920.0,1309.6,1.51,0.04,1.51,40.73434,-111.87211,36.8,21.4,877.8,140.44,2.5
64980.0,1309.4,0.86,0.04,0.86,40.73434,-111.87211,36.8,21.6,877.8,142.31,2.6
65040.0,1309.5,0.88,0.05,0.88,40.73434,-111.87211,36.7,21.3,877.8,136.06,2.1
65100.0,1309.4,0.71,0.05,0.71,40.73434,-111.87211,36.3,21.8,877.8,120.43,3.2
65160.0,1309.3,1.08,0.05,1.08,40.73434,-111.87211,36.3,21.3,877.8,162.42,2.1
65220.0,1309.3,1.59,0.05,1.59,40.73434,-111.87211,36.1,21.6,877.8,127.63,3.0
65280.0,1309.2,1.63,0.05,1.63,40.73434,-111.87211,36.0,21.3,877.8,135.16,2.8
65340.0,1309.3,1.15,0.05,1.15,40.73434,-111.87211,36.0,21.2,877.8,145.99,2.3
65400.0,1309.3,1.10,0.06,1.10,40.73434,-111.87211,36.1,21.0,877.7,172.17,2.4
65460.0,1309.5,1.16,0.05,1.16,40.73434,-111.87211,36.1,21.2,877.8,169.26,2.7
65520.0,1309.7,1.65,0.05,1.65,40.73434,-111.87211,36.2,20.9,877.8,196.64,1.6
65580.0,1309.6,1.49,0.05,1.49,40.73434,-111.87211,36.3,20.7,877.8,177.19,1.7
65640.0,1309.6,1.46,0.05,1.46,40.73434,-111.87211,36.3,20.6,877.8,183.83,2.2
65700.0,1309.7,1.50,0.04,1.50,40.73434,-111.87211,36.4,20.3,877.7,162.02,2.6
65760.0,1309.8,1.97,0.05,1.97,40.73434,-111.87211,36.3,20.0,877.7,158.04,2.5
65820.0,1309.8,1.86,0.04,1.86,40.73434,-111.87211,36.3,20.4,877.7,150.22,2.2
65880.0,1309.9,1.28,0.05,1.28,40.73434,-111.87211,36.0,22.2,877.7,122.28,3.1
65940.0,1309.9,1.64,0.04,1.64,40.73434,-111.87211,35.9,21.5,877.7,122.73,2.5
66000.0,1309.8,1.67,0.04,1.67,40.73434,-111.87211,36.0,20.7,877.7,121.02,1.6
66060.0,1309.7,1.82,0.06,1.82,40.73434,-111.87211,36.0,21.2,877.7,130.84,2.5
66120.0,1309.6,1.38,0.05,1.38,40.73434,-111.87211,35.9,22.1,877.7,133.01,2.3
66180.0,1309.6,0.90,0.05,0.90,40.73434,-111.87211,36.0,22.6,877.7,115.71,1.7
66240.0,1309.7,1.79,0.05,1.79,40.73434,-111.87211,36.0,22.3,877.6,125.99,2.1
66300.0,1309.8,2.52,0.05,2.52,40.73434,-111.87211,36.3,21.1,877.6,117.84,0.8
66360.0,1309.8,2.55,0.05,2.55,40.73434,-111.87211,36.6,20.9,877.6,103.41,0.6
66420.0,1309.9,2.25,0.05,2.25,40.73434,-111.87211,36.8,20.8,877.6,97.87,0.5
66480.0,1309.7,2.04,0.05,2.04,40.73434,-111.87211,37.1,19.7,877.6,185.68,0.4
66540.0,1309.7,2.06,0.05,2.06,40.73434,-111.87211,37.4,19.7,877.6,142.90,0.2
66600.0,1309.8,2.40,0.05,2.40,40.73434,-111.87211,37.7,19.4,877.6,147.53,0.3
66660.0,1309.7,2.33,0.06,2.33,40.73434,-111.87210,37.8,19.2,877.6,207.06,0.2
66720.0,1309.8,2.77,0.05,2.77,40.73434,-111.87210,37.9,19.4,877.6,12.68,0.1
66780.0,1309.6,2.64,0.05,2.64,40.73434,-111.87210,37.9,18.9,877.6,142.66,0.9
66840.0,1309.7,2.05,0.05,2.05,40.73434,-111.87210,37.8,19.0,877.6,148.60,3.1
66900.0,1310.0,1.99,0.05,1.99,40.73433,-111.87210,37.8,19.4,877.6,149.01,0.5
66960.0,1310.0,1.63,0.05,1.63,40.73434,-111.87210,37.9,19.3,877.6,147.03,0.3
67020.0,1310.4,2.07,0.05,2.07,40.73434,-111.87210,37.9,19.2,877.6,162.15,1.0
67080.0,1310.4,1.41,0.05,1.41,40.73434,-111.87210,38.0,18.8,877.6,168.51,1.2
67140.0,1310.1,1.43,0.05,1.43,40.73434,-111.87210,37.9,18.6,877.6,193.06,2.3
67200.0,1310.4,0.87,0.05,0.87,40.73434,-111.87210,37.9,18.8,877.6,163.04,1.7
67260.0,1310.1,0.37,0.05,0.37,40.73434,-111.87210,37.9,19.2,877.6,141.65,1.0
67320.0,1309.8,0.50,0.04,0.50,40.73434,-111.87210,38.0,19.3,877.6,227.76,0.3
67380.0,1309.7,0.50,0.05,0.50,40.73434,-111.87211,38.0,19.0,877.6,222.29,0.6
67440.0,1309.5,0.71,0.05,0.71,40.73434,-111.87211,38.1,19.0,877.6,116.10,0.7
67500.0,1309.5,0.66,0.05,0.66,40.73434,-111.87211,38.2,18.8,877.6,114.84,0.6
67560.0,1309.6,1.13,0.05,1.13,40.73434,-111.87211,38.3,18.6,877.6,140.04,0.5
67620.0,1309.8,1.22,0.05,1.22,40.73434,-111.87211,38.6,18.3,877.6,117.58,1.2
67680.0,1309.6,1.19,0.05,1.19,40.73434,-111.87211,38.7,18.7,877.5,99.29,0.9
67740.0,1309.8,0.86,0.05,0.86,40.73434,-111.87211,38.4,18.9,877.5,62.32,0.5
67800.0,1309.9,0.80,0.04,0.80,40.73434,-111.87211,38.4,18.4,877.5,91.96,0.6
67860.0,1310.5,1.06,0.05,1.06,40.73434,-111.87210,38.2,18.8,877.4,76.89,0.7
67920.0,1310.7,1.38,0.05,1.38,40.73434,-111.87210,38.3,18.9,877.6,94.03,0.9
67980.0,1310.7,1.29,0.04,1.29,40.73434,-111.87210,38.3,18.7,877.6,95.34,0.9
68040.0,1310.6,0.73,0.05,0.73,40.73434,-111.87210,38.2,19.8,877.7,109.38,1.4
68100.0,1310.2,0.60,0.05,0.60,40.73434,-111.87210,38.1,19.1,877.6,101.14,1.2
68160.0,1310.0,0.76,0.05,0.76,40.73434,-111.87211,38.1,18.7,877.6,100.92,1.3
68220.0,1310.0,0.71,0.05,0.71,40.73434,-111.87211,38.1,19.3,877.6,76.02,0.7
68280.0,1310.2,1.52,0.06,1.52,40.73434,-111.87210,37.9,18.5,877.6,57.38,0.6
68340.0,1310.4,1.92,0.04,1.92,40.73435,-111.87210,37.9,18.0,877.6,40.54,0.5
68400.0,1310.4,1.88,0.04,1.88,40.73435,-111.87210,37.8,17.8,877.6,45.88,0.5
68460.0,1310.5,1.92,0.05,1.92,40.73435,-111.87210,37.9,17.8,877.6,79.95,0.4
68520.0,1310.5,1.55,0.04,1.55,40.73435,-111.87210,38.1,17.3,877.6,164.87,0.4
68580.0,1310.1,1.11,0.05,1.11,40.73435,-111.87210,38.4,17.0,877.6,188.73,0.4
68640.0,1310.0,1.65,0.05,1.65,40.73435,-111.87210,38.7,17.2,877.5,101.27,1.0
68700.0,1309.8,1.91,0.05,1.91,40.73435,-111.87210,38.8,17.3,877.5,113.40,0.7
68760.0,1309.7,1.35,0.05,1.35,40.73435,-111.87210,39.0,17.2,877.4,115.98,0.9
68820.0,1309.6,1.38,0.05,1.38,40.73435,-111.87210,39.1,17.0,877.5,136.44,0.4
68880.0,1309.4,1.49,0.04,1.49,40.73435,-111.87210,39.2,16.7,877.5,147.19,1.0
68940.0,1309.4,1.34,0.05,1.34,40.73435,-111.87210,39.3,16.7,877.4,162.96,1.2
69000.0,1309.4,0.90,0.05,0.90,40.73435,-111.87210,39.3,16.9,877.4,160.74,1.3
69060.0,1309.3,1.29,0.04,1.29,40.73435,-111.87210,39.4,17.1,877.5,168.54,0.4
69120.0,1309.2,1.59,0.04,1.59,40.73435,-111.87210,39.6,17.1,877.5,126.15,0.8
69180.0,1309.2,1.33,0.04,1.33,40.73435,-111.87210,39.5,17.0,877.4,158.99,1.3
69240.0,1309.2,0.97,0.04,0.97,40.73435,-111.87210,39.6,17.2,877.4,181.35,1.1
69300.0,1309.1,1.37,0.05,1.37,40.73435,-111.87210,39.7,17.3,877.4,146.05,1.3
69360.0,1309.1,1.71,0.04,1.71,40.73435,-111.87210,39.7,17.5,877.4,126.19,1.2
69420.0,1309.1,1.43,0.04,1.43,40.73435,-111.87210,39.5,18.4,877.4,113.21,1.7
69480.0,1309.2,1.61,0.05,1.61,40.73435,-111.87210,39.4,17.9,877.4,96.80,0.7
69540.0,1309.3,1.82,0.05,1.82,40.73434,-111.87210,39.3,17.6,877.4,105.10,0.8
69600.0,1309.2,1.82,0.04,1.82,40.73434,-111.87210,39.1,17.8,877.4,77.89,0.7
69660.0,1309.1,1.49,0.05,1.49,40.73434,-111.87210,38.9,18.3,877.4,106.67,1.6
69720.0,1308.9,1.48,0.05,1.48,40.73434,-111.87210,39.0,17.8,877.4,121.87,0.9
69780.0,1308.9,1.69,0.04,1.69,40.73434,-111.87210,39.0,17.6,877.4,85.20,0.9
69840.0,1308.8,1.36,0.05,1.36,40.73434,-111.87210,38.9,17.6,877.4,72.26,0.7
69900.0,1308.7,1.25,0.04,1.25,40.73434,-111.87210,38.9,17.6,877.3,99.91,1.1
69960.0,1308.6,1.03,0.05,1.03,40.73434,-111.87210,38.8,17.2,877.3,92.01,1.0
70020.0,1308.7,0.58,0.05,0.58,40.73434,-111.87210,39.0,16.8,877.3,124.38,1.0
70080.0,1308.8,0.45,0.04,0.45,40.73434,-111.87210,39.1,16.8,877.3,109.97,1.1
70140.0,1308.7,0.73,0.05,0.73,40.73434,-111.87210,39.3,16.9,877.3,111.29,0.8
70200.0,1308.5,0.98,0.05,0.98,40.73434,-111.87210,39.3,17.7,877.3,85.73,1.1
70260.0,1308.5,0.83,0.05,0.83,40.73434,-111.87210,39.5,17.4,877.3,99.35,1.1
70320.0,1308.6,0.97,0.05,0.97,40.73434,-111.87210,39.7,16.6,877.3,108.47,0.7
70380.0,1308.7,0.93,0.04,0.93,40.73434,-111.87210,39.8,16.6,877.3,130.94,0.9
70440.0,1308.7,1.21,0.06,1.21,40.73434,-111.87210,39.9,16.5,877.3,126.65,0.3
70500.0,1308.7,1.64,0.05,1.64,40.73434,-111.87211,40.0,16.4,877.3,171.37,0.7
70560.0,1308.7,1.71,0.05,1.71,40.73434,-111.87211,40.1,16.4,877.3,247.76,0.3
70620.0,1308.7,1.49,0.05,1.49,40.73434,-111.87211,40.3,16.4,877.3,142.82,0.3
70680.0,1308.7,1.71,0.05,1.71,40.73434,-111.87211,40.3,16.5,877.3,115.49,0.8
70740.0,1308.7,1.78,0.05,1.78,40.73434,-111.87210,40.4,16.4,877.3,105.16,1.0
70800.0,1308.7,2.05,0.06,2.05,40.73434,-111.87210,40.5,16.4,877.3,103.35,1.0
70860.0,1308.9,1.52,0.06,1.52,40.73434,-111.87210,40.3,16.8,877.2,92.63,1.1
70920.0,1309.0,1.32,0.05,1.32,40.73434,-111.87211,40.0,16.6,877.3,66.15,0.5
70980.0,1309.0,1.30,0.05,1.30,40.73434,-111.87211,40.1,16.7,877.3,102.63,0.6
71040.0,1309.0,1.61,0.05,1.61,40.73434,-111.87211,39.9,17.1,877.3,73.70,0.6
71100.0,1309.1,1.80,0.05,1.80,40.73434,-111.87211,39.7,17.1,877.3,76.21,0.7
71160.0,1309.1,1.66,0.05,1.66,40.73434,-111.87211,39.8,16.8,877.2,102.29,1.2
71220.0,1308.9,1.47,0.05,1.47,40.73434,-111.87211,39.7,17.3,877.3,91.26,1.1
71280.0,1308.9,0.70,0.05,0.70,40.73434,-111.87211,39.8,16.6,877.3,135.18,1.0
71340.0,1309.1,0.56,0.05,0.56,40.73434,-111.87211,39.9,16.4,877.3,161.37,0.6
71400.0,1309.4,0.67,0.05,0.67,40.73434,-111.87211,40.1,16.4,877.3,123.09,0.5
71460.0,1309.5,0.49,0.06,0.49,40.73434,-111.87211,40.3,16.3,877.3,135.21,0.7
71520.0,1309.2,0.53,0.05,0.53,40.73434,-111.87211,40.6,16.4,877.3,121.89,0.9
71580.0,1309.2,0.89,0.05,0.89,40.73434,-111.87211,40.7,16.5,877.3,106.41,0.8
71640.0,1309.3,0.93,0.05,0.93,40.73434,-111.87211,40.6,16.7,877.3,103.52,0.1
71700.0,1309.3,1.07,0.05,1.07,40.73434,-111.87211,40.8,16.7,877.3,161.21,0.4
71760.0,1309.3,0.83,0.05,0.83,40.73434,-111.87211,40.8,16.6,877.3,141.81,0.6
71820.0,1309.3,1.42,0.05,1.42,40.73434,-111.87211,40.8,16.9,877.2,95.53,1.1
71880.0,1309.2,2.10,0.05,2.10,40.73434,-111.87211,40.7,16.9,877.2,58.48,0.2
71940.0,1309.2,2.36,0.05,2.36,40.73434,-111.87211,40.7,16.6,877.3,123.30,0.3
72000.0,1309.3,2.08,0.05,2.08,40.73434,-111.87211,40.6,16.5,877.3,228.94,0.3
72060.0,1309.1,1.96,0.05,1.96,40.73434,-111.87211,40.1,16.5,877.3,316.74,0.3
72120.0,1308.9,1.26,0.05,1.26,40.73434,-111.87211,39.8,16.7,877.3,56.08,0.4
72180.0,1308.9,1.00,0.06,1.00,40.73434,-111.87211,39.4,17.0,877.2,58.77,0.7
72240.0,1309.1,0.79,0.05,0.79,40.73434,-111.87211,38.8,17.1,877.2,38.17,1.0
72300.0,1309.3,0.94,0.05,0.94,40.73434,-111.87211,38.6,17.6,877.2,59.40,1.0
72360.0,1309.3,1.40,0.05,1.40,40.73434,-111.87211,38.6,18.0,877.2,94.69,1.1
72420.0,1309.2,1.50,0.05,1.50,40.73434,-111.87211,38.7,17.5,877.2,109.52,1.4
72480.0,1309.0,1.52,0.05,1.52,40.73434,-111.87211,38.7,17.2,877.2,148.03,1.5
72540.0,1309.0,1.45,0.05,1.45,40.73434,-111.87211,38.9,16.9,877.2,170.51,1.4
72600.0,1309.0,1.63,0.05,1.63,40.73434,-111.87211,39.0,17.1,877.2,168.43,1.0
72660.0,1309.0,1.56,0.05,1.56,40.73434,-111.87211,39.1,17.3,877.2,177.80,1.8
72720.0,1309.0,1.48,0.05,1.48,40.73434,-111.87211,39.2,17.6,877.2,140.72,1.0
72780.0,1309.1,1.36,0.04,1.36,40.73434,-111.87211,39.3,17.5,877.2,153.88,0.4
72840.0,1309.3,1.24,0.05,1.24,40.73434,-111.87211,39.7,17.5,877.2,116.98,0.7
72900.0,1309.3,1.28,0.05,1.28,40.73434,-111.87211,39.8,17.3,877.1,136.66,2.1
72960.0,1309.4,1.24,0.05,1.24,40.73434,-111.87211,39.6,17.2,877.1,151.12,2.8
73020.0,1309.5,1.15,0.05,1.15,40.73434,-111.87211,39.8,17.5,877.1,141.18,1.5
73080.0,1309.7,1.42,0.04,1.42,40.73434,-111.87211,39.7,18.7,877.1,132.16,1.9
73140.0,1309.8,1.85,0.05,1.85,40.73434,-111.87211,39.3,18.7,877.1,120.11,2.6
73200.0,1309.9,1.88,0.04,1.88,40.73434,-111.87211,39.0,19.6,877.0,115.15,2.2
73260.0,1310.0,1.47,0.04,1.47,40.73434,-111.87211,39.0,18.9,877.0,122.08,1.7
73320.0,1310.0,1.07,0.05,1.07,40.73434,-111.87211,39.0,17.9,877.0,154.40,2.1
73380.0,1310.0,1.02,0.04,1.02,40.73434,-111.87211,39.1,18.2,877.0,126.86,1.5
73440.0,1309.8,1.05,0.04,1.05,40.73434,-111.87211,39.1,18.2,877.0,137.28,2.0
73500.0,1309.6,1.84,0.05,1.84,40.73434,-111.87211,39.2,18.2,877.0,133.04,1.8
73560.0,1309.5,2.04,0.04,2.04,40.73434,-111.87211,39.3,18.6,877.0,103.77,1.3
73620.0,1309.7,1.92,0.05,1.92,40.73434,-111.87211,39.4,19.0,877.0,99.51,1.2
73680.0,1309.9,1.53,0.05,1.53,40.73434,-111.87211,39.4,18.3,877.0,79.64,0.1
73740.0,1309.8,1.29,0.05,1.29,40.73434,-111.87211,39.4,18.4,877.0,82.86,0.6
73800.0,1309.8,1.81,0.04,1.81,40.73434,-111.87211,39.4,18.7,877.0,81.01,0.8
73860.0,1309.8,1.21,0.05,1.21,40.73434,-111.87211,39.6,18.1,877.0,68.41,0.3
73920.0,1309.8,0.96,0.05,0.96,40.73434,-111.87211,39.8,18.0,877.0,100.49,1.0
73980.0,1309.7,0.92,0.04,0.92,40.73434,-111.87211,39.7,18.0,877.0,60.21,0.7
74040.0,1309.7,1.46,0.05,1.46,40.73434,-111.87211,39.7,17.3,877.0,88.70,0.4
74100.0,1309.8,1.48,0.04,1.48,40.73434,-111.87211,39.9,17.1,877.0,179.72,0.4
74160.0,1309.8,1.24,0.04,1.24,40.73434,-111.87211,40.0,16.9,877.0,108.98,0.9
74220.0,1309.8,1.12,0.04,1.12,40.73434,-111.87211,40.0,18.2,877.0,78.38,1.0
74280.0,1309.8,1.15,0.04,1.15,40.73434,-111.87211,39.9,18.5,877.0,76.54,1.2
74340.0,1310.0,1.24,0.05,1.24,40.73435,-111.87211,40.0,17.8,877.0,78.45,0.9
74400.0,1309.6,1.11,0.05,1.11,40.73434,-111.87211,39.9,17.3,877.0,76.08,0.8
74460.0,1309.3,1.05,0.04,1.05,40.73434,-111.87211,40.0,17.1,876.9,93.10,1.2
74520.0,1309.3,1.26,0.04,1.26,40.73435,-111.87211,40.1,17.0,876.9,87.76,1.0
74580.0,1309.4,1.15,0.04,1.15,40.73435,-111.87211,40.3,16.7,876.9,89.41,0.8
74640.0,1309.3,1.35,0.04,1.35,40.73434,-111.87211,40.5,16.4,876.9,99.47,1.1
74700.0,1309.3,1.26,0.05,1.26,40.73434,-111.87211,40.7,16.1,876.9,102.91,1.3
74760.0,1309.3,0.79,0.04,0.79,40.73434,-111.87211,40.8,15.8,876.9,138.22,1.1
74820.0,1309.3,1.01,0.04,1.01,40.73434,-111.87211,40.8,15.9,876.9,166.94,2.2
74880.0,1309.3,1.10,0.04,1.10,40.73434,-111.87211,40.6,16.2,876.9,157.01,2.9
74940.0,1309.3,1.30,0.04,1.30,40.73434,-111.87211,40.6,16.7,876.8,150.42,2.4
