CampaignData_and_Merges/R0/CSL_MobileLab_Parked/raw/20240804/USOS-HCHO_MobileLabGround_20240804_R0.ict
35,1001
Huang, Yaoxian
Wayne State University
Picarro G2307 on CSL Mobile Lab
USOS
1,1
2024,08,04,2024,08,06
1.0
Time_Start,seconds_since_midnight,number_of_seconds_since_0000_UTC
3
1.0,1.0,1.0
-9999.0,-9999.0,-9999.0
HCHO,ppbv,Gas_HCHO_InSitu_S_AVMR,volume mixing ratio of formaldehyde in air
H2O,ppmv,Gas_H2O_InSitu_S_AVMR,volume mixing ratio of water vapor in air
CH4,ppmv,Gas_CH4_InSitu_S_AVMR,volume mixing ratio of methane in air
0
18
PI_CONTACT_INFO: yaoxian.huang@wayne.edu
PLATFORM: CSL Mobile Lab, at Ground Site
LOCATION: Salt Lake City, UT
ASSOCIATED_DATA: N/A
INSTRUMENT_INFO: Cavity Ring-Down Spectrometer
DATA_INFO: Data is averaged to 1 minute intervals for stationary and 1 second interval for driving. Stationary data collected from a 20 ft tower on top of the mobile lab.
UNCERTAINTY: N/A
ULOD_FLAG: -7777
ULOD_VALUE: N/A
LLOD_FLAG: -8888
LLOD_VALUE: N/A
DM_CONTACT_INFO: Yaoxian Huang; yaoxian.huang@wayne.edu
PROJECT_INFO: USOS, Summer 2024. https://csl.noaa.gov/groups/csl7/measurements/2024usos/
STIPULATIONS_ON_USE: Users are strongly encouraged to contact the PI for proper data usage.
OTHER_COMMENTS: Data have been shifted backwards by 1 minute to align with USOS MetNav and Picarro GHG data.
REVISION: R0
R0: Final Data
Time_Start,HCHO,H2O,CH4
[from data line 1082]
64920,3.68137,16452.8,1.89863
64980,3.42357,16719.1,1.90082
65040,3.37537,15983.2,1.89605
65100,3.5526,16375.7,1.90103
65160,3.21585,16168.5,1.89502
65220,3.22398,15682.7,1.89677
65280,3.07383,15650.5,1.89719
65340,3.10026,15494.4,1.89412
65400,2.9772,15579.0,1.89512
65460,3.2041,15668.9,1.89555
65520,2.84178,15295.7,1.89191
65580,2.81837,15119.5,1.89197
65640,2.59199,14959.3,1.8922
65700,2.38028,14714.1,1.89266
65760,2.49578,14433.7,1.88998
65820,2.68329,14664.9,1.89371
65880,2.93951,15829.1,1.89208
65940,2.16887,15172.5,1.88813
66000,2.28108,14820.4,1.88752
66060,2.6457,15332.2,1.8924
66120,3.18954,15759.7,1.89264
66180,3.2379,16619.6,1.88901
66240,3.31545,16580.4,1.8929
66300,3.2701,16012.8,1.89284
66360,3.43106,15841.3,1.89415
66420,3.48114,16132.8,1.8918
66480,3.31479,15212.1,1.89396
66540,3.02632,15156.7,1.89454
66600,3.20225,15272.1,1.89306
66660,3.29741,15173.3,1.89663
66720,3.29077,15229.0,1.89476
66780,3.3032,15248.4,1.89478
66840,2.91201,15448.3,1.89295
66900,3.26003,15483.2,1.89341
66960,3.10251,15236.2,1.8963
67020,3.22841,15348.7,1.89439
67080,2.87476,14991.6,1.89286
67140,2.90916,14777.4,1.89248
67200,2.91342,14733.3,1.89254
67260,2.91316,14886.0,1.89373
67320,2.77679,15041.1,1.89145
67380,2.98782,14768.0,1.89167
67440,2.89594,14867.3,1.89175
67500,2.93801,14771.6,1.89118
67560,2.7279,14624.0,1.8892
67620,2.82651,14896.4,1.88999
67680,3.13374,14992.9,1.89151
67740,2.74333,15123.7,1.89259
67800,3.31866,15024.9,1.88987
67860,3.04152,15731.6,1.89001
67920,3.10352,15706.7,1.88952
67980,3.24473,15712.7,1.89078
68040,3.10312,16770.6,1.88839
68100,3.16515,16709.9,1.88714
68160,3.36351,15988.1,1.89102
68220,3.43733,16544.5,1.89241
68280,3.00962,15561.4,1.89042
68340,2.66022,15107.8,1.88783
68400,2.96893,14967.0,1.88951
68460,2.86019,15087.1,1.88918
68520,2.99805,14901.1,1.88864
68580,2.83281,14610.9,1.89414
68640,3.00492,14632.8,1.89286
68700,3.00295,14891.6,1.89027
68760,3.13298,14784.9,1.89255
68820,2.56344,14671.2,1.88975
68880,2.67374,14412.2,1.89126
68940,2.2943,14383.3,1.88822
69000,2.28555,14433.3,1.88952
69060,2.22183,14279.8,1.88865
69120,2.42588,14344.3,1.88937
69180,2.20965,14299.9,1.8901
69240,2.49296,14481.3,1.89054
69300,2.8499,14501.4,1.89065
69360,2.79706,14564.1,1.89125
69420,2.83179,15574.8,1.88873
69480,2.65672,15096.6,1.89211
69540,2.80113,14895.2,1.89089
69600,3.00495,14956.2,1.89341
69660,2.82725,15298.8,1.89019
69720,3.36649,15753.2,1.88982
69780,3.26866,15334.1,1.89136
69840,3.14787,15229.3,1.89263
69900,2.9181,15221.9,1.89026
69960,3.06467,15150.3,1.89472
70020,2.79779,14987.1,1.89465
70080,3.2035,14871.5,1.892
70140,3.20199,14895.2,1.89276
70200,3.28495,15761.1,1.89035
70260,3.32642,15594.6,1.89087
70320,2.89346,14842.7,1.89131
70380,3.02584,14997.6,1.89196
70440,2.81895,14737.0,1.89218
70500,3.1346,14640.2,1.89234
70560,2.75047,14436.6,1.88971
70620,2.76997,14403.1,1.8922
70680,2.68795,14460.7,1.89228
70740,2.85411,14514.1,1.89135
70800,2.84873,14491.9,1.8912
70860,2.85123,14956.9,1.88826
70920,3.04725,15379.2,1.89102
70980,3.32808,15406.8,1.8937
71040,3.30461,15460.4,1.8938
71100,3.43909,15481.5,1.89069
71160,3.69768,15312.5,1.89243
71220,3.62041,16028.4,1.89065
71280,3.40657,15483.4,1.89462
71340,3.39102,15078.6,1.89575
71400,3.06684,14859.5,1.89601
71460,3.18029,14819.5,1.89302
71520,3.34595,14999.7,1.89491
71580,3.68196,15096.6,1.89629
71640,3.328,15130.4,1.89441
71700,3.37664,15286.1,1.89463
71760,3.41971,15184.3,1.89686
71820,3.52472,15389.2,1.89298
71880,3.41984,15767.2,1.89582
71940,3.27969,15014.0,1.89381
72000,3.36227,15004.1,1.89527
72060,3.15057,14859.9,1.8943
72120,3.07654,14987.4,1.89609
72180,3.17041,15090.9,1.89633
72240,3.01294,15113.6,1.89333
72300,3.38084,15590.7,1.89327
72360,3.34478,15551.3,1.89449
72420,3.47197,15527.5,1.89487
72480,3.39309,15332.2,1.89557
72540,3.38252,14995.3,1.8969
72600,3.37065,14929.0,1.89368
72660,3.32655,15039.0,1.89689
72720,3.48369,15052.9,1.89674
72780,3.62535,14912.3,1.8954
72840,3.2692,15008.2,1.89582
72900,3.75296,14918.1,1.89758
72960,3.04929,14830.7,1.89416
73020,3.09232,14767.5,1.89442
73080,3.22936,16082.5,1.89336
73140,3.50979,15602.7,1.89688
73200,3.29069,15924.7,1.89117
73260,3.09031,15833.6,1.89443
73320,3.12591,14969.2,1.89323
73380,3.19578,14911.4,1.89588
73440,3.32523,15032.5,1.89232
73500,3.14361,14871.6,1.89442
73560,3.4958,15483.5,1.89194
73620,3.79767,15984.5,1.89306
73680,3.38791,15350.1,1.89512
73740,3.55991,15657.6,1.89528
73800,3.25991,15809.2,1.8937
73860,3.50212,15539.3,1.89471
73920,3.47903,15517.8,1.89456
73980,3.40869,15481.0,1.89215
74040,2.88495,14929.4,1.89406
74100,3.38478,15034.8,1.89645
74160,3.45378,14947.1,1.89556
74220,3.56032,15928.4,1.89333
74280,3.69291,16412.3,1.89447
74340,3.52799,16007.0,1.8932
74400,3.12094,15224.6,1.8949
74460,3.5022,15319.1,1.89489
74520,3.98649,15210.4,1.89786
74580,3.38771,15193.0,1.89284
74640,3.56432,15109.2,1.89513
74700,3.52793,15032.6,1.89298
74760,3.13162,14573.5,1.89324
74820,3.12289,14570.3,1.89613
74880,3.02772,14566.3,1.89555
74940,3.25309,14610.9,1.89439
75000,3.15361,14678.2,1.8975
75060,3.42561,14747.4,1.89539
75120,3.1304,14816.0,1.89516
75180,3.42825,15490.0,1.89401
75240,3.92009,15517.1,1.89481
75300,3.75993,16060.9,1.89303
75360,3.96844,15146.1,1.89655
75420,3.56834,15159.5,1.89409
75480,3.68117,15816.1,1.89612
75540,3.80703,15251.9,1.8995
75600,3.70053,14988.0,1.90086
75660,3.62062,14925.9,1.90496
75720,3.59813,14996.4,1.91258
75780,3.54334,15347.3,1.91285
75840,3.73292,15681.4,1.91327
75900,3.36912,15240.8,1.91171
75960,3.54655,15978.2,1.90858
76020,3.34578,15551.1,1.90915
76080,3.67942,15715.4,1.90928
76140,3.22096,15232.5,1.9156
76200,3.31083,15239.4,1.91567
76260,3.51436,15568.9,1.91406
76320,3.40668,15232.2,1.91637
76380,3.2926,15345.7,1.91557
76440,3.31097,15088.6,1.91841
76500,3.3238,15068.8,1.91837
76560,3.05856,15201.1,1.91724
76620,3.37577,15526.5,1.91246
76680,3.28981,15333.7,1.91593
76740,3.66179,15187.8,1.91532
76800,3.35431,15432.1,1.91394
76860,3.2953,15416.5,1.91523
76920,3.25114,15006.1,1.91669
76980,3.34507,14612.7,1.91885
77040,3.24128,14706.5,1.92056
77100,3.34074,14646.8,1.92247
77160,3.07447,14546.7,1.92351
77220,3.15328,14505.5,1.91975
77280,3.30256,14641.3,1.92411
77340,3.45692,15181.6,1.92433
77400,3.61119,15816.0,1.92692
77460,3.32823,15487.0,1.92759
77520,3.07701,15279.9,1.9285
77580,3.27883,15440.9,1.92699
77640,3.41629,15601.6,1.92714
77700,3.15846,15666.0,1.92677
77760,3.27896,15765.6,1.92463
77820,3.32323,15652.1,1.92763
77880,3.23368,15750.3,1.92668
77940,3.43682,16108.7,1.92446
78000,3.27735,15746.5,1.92514
78060,3.08421,15202.3,1.92524
78120,3.07086,15364.7,1.92351
78180,2.93124,15185.2,1.92099
78240,2.64354,14755.8,1.92339
78300,2.98526,14725.6,1.92385
78360,3.04317,15502.1,1.92151
78420,2.95697,15200.3,1.91693
78480,2.54849,15248.9,1.91497
78540,2.91818,15185.1,1.91745
78600,2.74355,15196.1,1.91749
78660,2.8832,15420.4,1.91425
78720,3.85769,15920.3,1.91922
78780,3.39012,16433.7,1.91268
78840,2.93036,15484.4,1.90928
78900,2.71707,15405.9,1.90634
78960,3.06282,15540.5,1.90695
79020,2.81035,15372.8,1.9056
79080,2.64002,15210.5,1.90451
79140,2.83896,15479.6,1.90988
79200,2.92006,15547.3,1.9092
79260,2.8874,15074.0,1.90797
79320,2.69232,15025.5,1.90217
79380,3.02549,15544.9,1.90304
79440,2.71682,14891.2,1.90219
79500,2.91953,15917.8,1.90321
79560,2.78225,15614.7,1.90222
79620,2.92995,15798.5,1.90333
79680,3.26716,16057.7,1.90001
79740,2.94561,15403.5,1.90645
79800,2.79484,15385.4,1.90381
79860,2.62418,15026.0,1.90248
79920,2.54758,15344.3,1.90239
79980,2.65561,15494.9,1.90035
80040,2.71134,15634.1,1.90091
80100,2.93222,15474.7,1.90119
80160,2.54034,15195.5,1.90068
80220,2.79699,15410.9,1.90165
80280,2.89082,14982.2,1.9
80340,2.80491,15558.2,1.90065
80400,3.03,15347.1,1.90278
80460,2.97179,15696.6,1.89995
80520,2.64609,15406.9,1.89535
80580,2.36495,15029.8,1.89554
80640,2.36058,14917.3,1.89512
80700,2.46422,14888.2,1.89622
80760,2.53396,14563.9,1.89409
80820,2.6511,14839.7,1.895
80880,2.50685,14948.5,1.89618
80940,2.57519,15139.1,1.89579
81000,2.54493,15219.2,1.8942
81060,2.60583,15734.4,1.89328
81120,2.36252,15135.3,1.89459
81180,2.31617,14926.8,1.89238
81240,2.40362,15134.9,1.89593
81300,2.52306,15311.6,1.89687
81360,2.42803,14806.9,1.89798
81420,2.3429,14820.5,1.89909
81480,2.53826,15020.1,1.90211
81540,2.48317,14726.6,1.90356
81600,2.19339,14341.0,1.90269
81660,2.58329,14472.8,1.90267
81720,2.31142,14365.2,1.90161
81780,2.36498,14206.1,1.89815
81840,2.56808,14485.9,1.90103
81900,2.36536,15374.6,1.89804
81960,2.77688,14581.1,1.90076
82020,2.64921,15200.1,1.89929
82080,3.01335,15558.9,1.89879
82140,2.61098,15644.2,1.89754
82200,2.53855,15336.1,1.8977
82260,2.8424,15388.7,1.89725
82320,2.57926,15202.9,1.89538
82380,2.78829,14750.6,1.89634
82440,2.9387,14909.4,1.89467
82500,2.66397,15151.3,1.89718
82560,2.73718,15267.5,1.89446
82620,2.87575,15864.5,1.89708
82680,2.66358,15579.7,1.8947
82740,2.70698,15349.5,1.89907
82800,2.35957,14830.9,1.89637
82860,2.66608,15118.3,1.90105
82920,2.78006,15526.4,1.89631
82980,2.73515,15567.2,1.8992
83040,2.69575,15317.3,1.89928
83100,2.63977,15186.9,1.89676
83160,2.32325,14799.4,1.89549
83220,2.39443,15100.7,1.89502
83280,2.19216,14860.5,1.89461
83340,2.60463,15197.3,1.89654
83400,2.75973,15503.0,1.89606
83460,2.80716,15072.9,1.8968
83520,2.65651,14934.1,1.89548
83580,2.63777,15176.8,1.89563
83640,2.79557,15245.5,1.89673
83700,2.40839,14781.4,1.89437
83760,2.584,14992.3,1.89687
83820,2.10157,14681.3,1.89527
83880,2.17546,14567.6,1.89293
83940,2.33553,14909.2,1.89397
84000,2.68254,14959.6,1.89698
84060,2.526,14688.3,1.89417
84120,2.15607,14501.3,1.89345
84180,1.9964,14303.8,1.89188
84240,2.33593,14767.7,1.89278
84300,2.18469,14126.2,1.89191
84360,2.22384,13884.7,1.8933
84420,2.10465,13905.2,1.88801
84480,2.19547,14935.3,1.89044
84540,2.36988,14622.7,1.89429
84600,2.14436,14692.6,1.8937
84660,2.22731,14462.7,1.89597
84720,2.49216,14629.7,1.89401
84780,2.20583,14940.0,1.89302
84840,2.49148,15026.8,1.898
84900,2.58766,15007.4,1.89713
84960,2.48453,14479.9,1.89653
85020,2.76647,15165.1,1.89917
85080,2.70987,15776.0,1.89568
85140,2.77353,15882.4,1.89499
85200,2.96352,15729.4,1.8986
85260,2.52009,15264.5,1.89955
85320,2.61557,15425.2,1.8987
85380,2.59648,15616.0,1.89889
85440,2.68801,15322.8,1.89832
85500,2.88225,15529.2,1.89633
85560,2.49714,15481.1,1.89476
85620,2.7898,15649.7,1.89547
85680,2.13359,14999.5,1.89657
85740,2.42596,14950.9,1.89328
85800,2.36648,15075.7,1.89381
85860,2.38455,14822.6,1.89564
85920,2.35205,14809.9,1.89684
85980,2.47712,14960.3,1.89651
86040,2.36557,14749.0,1.89677
86100,2.21025,14447.7,1.89725
86160,2.18539,14569.3,1.89471
86220,2.10666,14692.0,1.89768
86280,2.15237,14727.7,1.89821
86340,-9999.0,-9999.0,-9999.0
