CampaignData_and_Merges/R0/CSL_MobileLab_Parked/raw/20240804/USOS-NOAAIodideCIMS-PANs_MobileLabGround_20240804_RA.ict
35, 1001
Michael A Robinson, Chris Jernigan, Subi Thakali
NOAA ESRL Chemical Sciences Laboratory and CIRES, U. of Colorado
NOAA Iodide CIMS Instrument
USOS
1, 1
2024, 08, 04, 2024, 08, 05
1
starttime_UTC, seconds_past_midnight, seconds_of_day_since_00:00:00_UTC
3
1, 1, 1
-9999, -9999, -9999
PAN_NOAACIMS, pptv, Gas_PAN_InSitu_S_AVMR, 
APAN_NOAACIMS, pptv, Gas_APAN_InSitu_S_AVMR, 
PPN_NOAACIMS, pptv, Gas_PPN_InSitu_S_AVMR, 
0
18
PI_CONTACT_INFO: 325 Broadway, R/CSD 7, Boulder, Colorado 80305; michael.a.robinson@noaa.gov; chris.jernigan@noaa.gov;
PLATFORM: NOAA CSL Mobile Lab
LOCATION: SLC, Utah
ASSOCIATED_DATA: 1Hz data also available on request.
INSTRUMENT_INFO: NOAA I- ToF CIMS
DATA_INFO: All data in parts per trillion by volume (pptv). 1 Hz data is available upon request.
UNCERTAINTY: TBD
ULOD_FLAG: -7777
ULOD_VALUE: N/A
LLOD_FLAG: -8888
LLOD_VALUE: N/A
DM_CONTACT_INFO: Nathan Howard; nathan.h.howard@noaa.gov
PROJECT_INFO: USOS, summer 2024. https://csl.noaa.gov/groups/csl7/measurements/2024usos/
STIPULATIONS_ON_USE: Users are strongly encouraged to contact the PI for proper data usage.
OTHER_COMMENTS: 
REVISION: RA
RA: Preliminary Data; For in-field use only
starttime_UTC, PAN_NOAACIMS, APAN_NOAACIMS, PPN_NOAACIMS
[from data line 814]
 48840, 263.785,  4.662, 20.320
 48900, 252.901,  2.933, 17.165
 48960, 253.201,  2.985, 17.026
 49020, 257.613,  3.114, 19.316
 49080, 255.591,  2.526, 20.453
 49140, 268.322,  2.590, 19.253
 49200, 266.665,  4.325, 20.028
 49260, 269.229,  2.240, 19.826
 49320, 261.911,  3.209, 18.908
 49380, 262.470,  3.170, 17.267
 49440, -9999.000, -9999.000, -9999.000
 49500, 256.470,  3.787, 19.518
 49560, 267.693,  2.934, 19.493
 49620, 261.334,  4.590, 16.655
 49680, 253.513,  2.858, 18.378
 49740, 250.586,  3.522, 19.522
 49800, 247.291,  3.484, 18.506
 49860, 238.417,  4.523, 16.162
 49920, 247.924,  2.645, 18.570
 49980, 241.817,  2.908, 17.451
 50040, 243.789,  3.821, 17.108
 50100, 238.059,  3.643, 18.911
 50160, 245.709,  2.619, 18.565
 50220, 251.248,  2.887, 17.905
 50280, 245.247,  2.596, 18.027
 50340, 242.371,  2.904, 18.065
 50400, 266.758,  3.260, 22.985
 50460, 299.215,  3.269, 25.254
 50520, 317.338,  4.221, 27.135
 50580, 319.983,  2.213, 27.840
 50640, 318.730,  4.680, 29.671
 50700, 311.317,  4.330, 28.055
 50760, 298.188,  5.083, 23.804
 50820, 279.350,  2.862, 22.533
 50880, 277.864,  3.776, 22.032
 50940, 271.487,  2.996, 24.248
 51000, 274.120,  3.202, 23.643
 51060, 281.590,  2.441, 24.177
 51120, 315.966,  3.518, 25.775
 51180, 325.734,  4.804, 29.675
 51240, 327.568,  5.367, 29.812
 51300, 352.985,  3.647, 33.558
 51360, 355.336,  3.875, 32.323
 51420, 358.788,  4.296, 33.256
 51480, 376.452,  4.418, 32.560
 51540, 354.782,  5.070, 32.920
 51600, 346.463,  4.406, 34.014
 51660, 349.659,  4.053, 31.538
 51720, 351.042,  4.664, 31.750
 51780, 360.949,  6.005, 33.352
 51840, 368.694,  4.432, 34.135
 51900, 353.560,  4.869, 33.082
 51960, 354.291,  5.172, 32.680
 52020, 357.003,  3.989, 34.107
 52080, 358.343,  5.182, 35.619
 52140, 344.992,  4.487, 32.655
 52200, 339.100,  3.524, 30.382
 52260, 327.388,  3.516, 30.321
 52320, 335.874,  4.133, 32.732
 52380, 323.417,  3.012, 29.860
 52440, 303.509,  2.585, 28.408
 52500, 332.209,  4.266, 28.689
 52560, 319.747,  3.996, 30.935
 52620, 324.897,  4.285, 33.178
 52680, 310.439,  3.978, 27.902
 52740, 323.501,  5.376, 30.360
 52800, 331.946,  3.861, 29.466
 52860, 326.059,  3.684, 30.770
 52920, 328.622,  4.237, 31.832
 52980, 355.722,  3.514, 33.733
 53040, 346.502,  4.783, 30.625
 53100, 338.653,  5.523, 41.902
 53160, 338.731,  5.904, 31.910
 53220, 328.698,  4.112, 31.851
 53280, 335.916,  3.860, 32.852
 53340, 337.023,  4.772, 33.479
 53400, 332.083,  4.373, 32.255
 53460, 336.863,  3.312, 30.504
 53520, 330.749,  4.141, 33.171
 53580, 338.121,  3.787, 29.572
 53640, 347.096,  4.101, 32.854
 53700, 349.052,  4.945, 33.138
 53760, 350.881,  3.770, 30.971
 53820, 344.775,  2.920, 32.338
 53880, 354.027,  3.225, 33.243
 53940, 365.833,  3.260, 36.537
 54000, 371.391,  4.181, 36.991
 54060, 376.355,  3.739, 35.690
 54120, 383.344,  3.585, 38.108
 54180, 386.973,  4.415, 38.162
 54240, 388.698,  4.069, 37.559
 54300, 393.648,  4.101, 41.116
 54360, 408.473,  4.792, 41.615
 54420, 415.601,  4.787, 40.526
 54480, 426.605,  4.678, 44.227
 54540, 437.988,  4.097, 42.947
 54600, 451.341,  3.077, 44.666
 54660, 433.261,  3.647, 43.092
 54720, 456.523,  2.783, 45.629
 54780, 447.277,  5.816, 46.119
 54840, 432.311,  4.253, 45.693
 54900, 433.975,  2.874, 42.563
 54960, 427.543,  2.288, 49.895
 55020, 453.767,  4.604, 43.502
 55080, 456.402,  3.978, 47.403
 55140, 459.266,  3.712, 48.707
 55200, 440.874,  5.131, 48.500
 55260, 457.870,  4.694, 49.294
 55320, 461.267,  3.745, 49.518
 55380, 466.547,  5.204, 48.449
 55440, 494.770,  4.668, 54.153
 55500, 454.993,  5.330, 48.455
 55560, 488.102,  4.645, 51.611
 55620, 467.187,  5.137, 50.914
 55680, 498.878,  6.026, 52.148
 55740, 507.045,  6.811, 54.055
 55800, 506.809,  4.736, 52.996
 55860, 478.973,  4.609, 54.590
 55920, 488.962,  4.372, 51.689
 55980, 494.099,  4.605, 50.494
 56040, 507.811,  4.760, 53.931
 56100, 528.624,  4.745, 57.071
 56160, 514.655,  5.437, 55.180
 56220, 521.442,  5.013, 56.558
 56280, 528.274,  5.098, 61.697
 56340, 550.564,  4.335, 59.225
 56400, 561.244,  6.635, 62.366
 56460, 544.675,  5.138, 63.463
 56520, 550.287,  5.665, 61.913
 56580, 577.452,  5.366, 65.792
 56640, 599.508,  6.985, 69.061
 56700, 585.382,  7.886, 64.959
 56760, -9999.000, -9999.000, -9999.000
 56820, -9999.000, -9999.000, -9999.000
 56880, -9999.000, -9999.000, -9999.000
 56940, -9999.000, -9999.000, -9999.000
 57000, -9999.000, -9999.000, -9999.000
 57060, -9999.000, -9999.000, -9999.000
 57120, -9999.000, -9999.000, -9999.000
 57180, -9999.000, -9999.000, -9999.000
 57240, -9999.000, -9999.000, -9999.000
 57300, -9999.000, -9999.000, -9999.000
 57360, -9999.000, -9999.000, -9999.000
 57420, -9999.000, -9999.000, -9999.000
 57480, -9999.000, -9999.000, -9999.000
 57540, -9999.000, -9999.000, -9999.000
 57600, -9999.000, -9999.000, -9999.000
 57660, -9999.000, -9999.000, -9999.000
 57720, -9999.000, -9999.000, -9999.000
 57780, -9999.000, -9999.000, -9999.000
 57840, -9999.000, -9999.000, -9999.000
 57900, -9999.000, -9999.000, -9999.000
 57960, -9999.000, -9999.000, -9999.000
 58020, 643.424,  7.396, 77.060
 58080, 652.490,  7.087, 76.955
 58140, 667.309,  8.025, 78.223
 58200, 669.606,  7.581, 76.808
 58260, 691.678,  7.406, 81.929
 58320, 703.226,  6.994, 81.186
 58380, 710.365,  6.544, 83.304
 58440, 678.850,  6.870, 77.783
 58500, 651.326,  6.914, 78.200
 58560, 676.368,  7.856, 79.697
 58620, 686.146,  7.051, 83.693
 58680, 689.827,  5.311, 79.470
 58740, 676.638,  5.619, 79.106
 58800, 676.221,  7.181, 81.236
 58860, 685.660,  6.320, 79.733
 58920, 703.539,  5.346, 81.811
 58980, 690.799,  6.595, 83.637
 59040, 681.771,  6.566, 78.886
 59100, 661.707,  7.450, 77.673
 59160, 625.789,  6.439, 74.125
 59220, 563.924,  4.393, 63.090
 59280, 548.214,  6.434, 61.251
 59340, 564.255,  5.747, 66.198
 59400, 579.705,  6.319, 69.666
 59460, 583.295,  6.643, 68.957
 59520, 552.606,  5.541, 62.594
 59580, 534.795,  6.098, 56.197
 59640, 539.106,  5.805, 59.899
 59700, 575.915,  5.187, 65.753
 59760, 564.990,  6.289, 61.961
 59820, 554.167,  6.804, 57.453
 59880, 548.585,  6.141, 55.546
 59940, 557.656,  4.518, 61.105
 60000, -9999.000, -9999.000, -9999.000
 60060, 560.937,  6.239, 55.898
 60120, 578.302,  6.214, 63.739
 60180, 604.725,  6.357, 62.791
 60240, 604.548,  6.583, 66.849
 60300, 620.034,  4.780, 66.108
 60360, 637.102,  6.073, 62.168
 60420, 622.446,  6.751, 66.910
 60480, 603.855,  5.811, 65.809
 60540, 596.251,  6.228, 64.726
 60600, 623.672,  6.149, 65.329
 60660, 633.497,  5.818, 66.764
 60720, 641.678,  5.849, 67.179
 60780, 639.859,  6.377, 69.380
 60840, 632.598,  6.021, 64.521
 60900, 642.847,  4.694, 66.411
 60960, 652.582,  5.123, 72.756
 61020, 653.480,  5.652, 71.223
 61080, 657.849,  6.465, 70.379
 61140, 677.865,  6.562, 73.154
 61200, 668.469,  5.172, 73.595
 61260, 668.272,  4.981, 76.277
 61320, 692.464,  5.208, 73.511
 61380, 699.505,  4.772, 76.909
 61440, 708.043,  4.595, 73.007
 61500, 678.046,  6.187, 72.430
 61560, 676.835,  4.764, 71.739
 61620, 658.983,  6.842, 72.356
 61680, 676.201,  5.734, 73.414
 61740, 694.583,  5.121, 73.813
 61800, 692.790,  6.637, 76.704
 61860, -9999.000, -9999.000, -9999.000
 61920, 681.834,  5.126, 70.158
 61980, 665.220,  6.466, 71.521
 62040, 678.252,  7.635, 75.844
 62100, 687.505,  6.884, 73.626
 62160, 675.450,  6.340, 68.814
 62220, 676.929,  6.059, 74.367
 62280, 696.035,  4.820, 75.302
 62340, 683.192,  6.276, 74.092
 62400, 676.175,  6.913, 73.976
 62460, 704.709,  6.669, 78.025
 62520, 691.919,  6.930, 72.742
 62580, 691.777,  6.461, 75.065
 62640, 710.384,  3.994, 80.684
 62700, 731.905,  5.238, 81.458
 62760, 722.791,  5.335, 80.782
 62820, 727.769,  6.513, 84.818
 62880, 709.775,  3.938, 80.740
 62940, 744.523,  5.738, 88.154
 63000, 780.518,  5.557, 92.606
 63060, 781.351,  5.472, 93.079
 63120, 777.392,  7.409, 91.894
 63180, 728.102,  6.170, 83.187
 63240, 733.492,  7.155, 82.716
 63300, 729.748,  5.648, 81.837
 63360, 717.446,  5.950, 81.154
 63420, 730.597,  7.290, 85.171
 63480, 711.635,  7.492, 80.025
 63540, 691.079,  6.025, 81.658
 63600, 705.629,  6.042, 83.459
 63660, 757.482,  4.669, 88.666
 63720, -9999.000, -9999.000, -9999.000
 63780, 725.947,  6.697, 83.566
 63840, 659.844,  6.693, 78.362
 63900, 631.066,  6.082, 73.330
 63960, 637.772,  5.366, 75.774
 64020, 584.613,  5.029, 66.453
 64080, 606.983,  5.030, 70.468
 64140, 580.493,  4.789, 66.634
 64200, 568.047,  4.795, 60.272
 64260, 467.388,  4.269, 50.063
 64320, 404.077,  5.179, 41.336
 64380, 427.872,  5.673, 44.431
 64440, 437.333,  4.000, 47.575
 64500, 436.878,  4.357, 45.466
 64560, 437.165,  4.880, 46.289
 64620, 431.710,  5.471, 46.975
 64680, 419.332,  4.195, 45.724
 64740, 429.574,  5.108, 42.393
 64800, 437.547,  3.713, 48.236
 64860, 438.857,  4.083, 48.644
 64920, 444.321,  4.698, 48.336
 64980, 404.676,  4.945, 40.577
 65040, 408.609,  4.497, 39.822
 65100, 409.183,  5.039, 42.616
 65160, 372.215,  4.883, 33.122
 65220, 368.225,  3.318, 34.461
 65280, 357.744,  3.235, 33.193
 65340, 356.079,  4.105, 32.829
 65400, 374.132,  4.890, 35.551
 65460, 362.456,  4.667, 34.994
 65520, 351.091,  3.175, 37.653
 65580, 337.266,  4.856, 26.564
 65640, 302.013,  5.287, 26.097
 65700, 307.644,  4.217, 25.748
 65760, 280.321,  3.636, 23.519
 65820, 310.231,  4.020, 29.665
 65880, 298.191,  4.467, 24.069
 65940, 242.889,  3.522, 21.454
 66000, 263.689,  3.868, 23.907
 66060, 354.140,  3.381, 31.296
 66120, 374.706,  4.749, 38.626
 66180, 367.246,  3.868, 35.091
 66240, 371.500,  3.026, 35.969
 66300, 382.343,  3.667, 36.835
 66360, 411.470,  3.708, 36.309
 66420, 391.503,  4.791, 38.471
 66480, 372.211,  4.024, 34.592
 66540, 382.312,  4.315, 37.250
 66600, 383.869,  2.873, 39.165
 66660, 398.048,  5.078, 37.406
 66720, 426.540,  4.026, 39.748
 66780, 406.375,  4.410, 37.673
 66840, 379.291,  3.458, 34.019
 66900, 396.831,  3.660, 38.397
 66960, 392.105,  3.653, 35.352
 67020, 385.486,  4.024, 33.268
 67080, 362.412,  4.855, 29.892
 67140, 360.635,  4.126, 31.133
 67200, 364.623,  3.831, 33.026
 67260, 368.028,  4.364, 32.125
 67320, 367.647,  4.390, 31.976
 67380, 374.512,  6.408, 17.019
 67440, 354.972,  5.422, 30.230
 67500, 348.213,  4.235, 31.642
 67560, 366.366,  3.904, 32.124
 67620, 361.321,  3.756, 32.256
 67680, 372.343,  4.930, 33.236
 67740, 379.926,  4.118, 32.071
 67800, 377.413,  3.972, 34.830
 67860, 371.759,  4.033, 34.617
 67920, 397.120,  4.706, 39.223
 67980, 414.614,  3.598, 37.788
 68040, 396.450,  3.652, 34.828
 68100, 390.380,  3.577, 36.030
 68160, 388.796,  4.584, 36.475
 68220, 379.571,  4.739, 34.074
 68280, 360.135,  4.495, 33.025
 68340, 350.447,  4.000, 30.512
 68400, 345.728,  4.265, 32.931
 68460, 358.045,  5.527, 30.030
 68520, 351.513,  4.281, 36.684
 68580, 345.313,  3.928, 35.908
 68640, 350.971,  4.290, 30.949
 68700, 360.960,  4.358, 33.384
 68760, 344.914,  4.112, 32.217
 68820, 322.629,  3.601, 28.286
 68880, 299.590,  3.743, 28.365
 68940, 260.872,  2.297, 23.504
 69000, 242.897,  3.857, 21.017
 69060, 258.859,  3.709, 20.388
 69120, 258.604,  3.892, 23.560
 69180, 243.497,  4.451, 20.274
 69240, 271.258,  7.651, 19.443
 69300, 352.158,  4.024, 31.888
 69360, 325.043,  3.737, 29.539
 69420, 345.729,  3.298, 31.083
 69480, 348.206,  4.586, 31.176
 69540, 353.453,  4.953, 33.636
 69600, 366.538,  4.463, 35.364
 69660, 371.387,  3.785, 31.339
 69720, 361.935,  4.183, 30.924
 69780, 350.042,  5.993, 35.515
 69840, 353.776,  4.091, 34.584
 69900, 368.972,  5.581, 34.385
 69960, 376.745,  4.801, 36.732
 70020, 359.574,  4.769, 35.023
 70080, 352.390,  4.538, 33.270
 70140, 349.766,  3.838, 33.205
 70200, 353.468,  3.794, 33.518
 70260, 351.806,  3.326, 34.913
 70320, 351.498,  3.550, 31.613
 70380, 356.991,  3.956, 32.912
 70440, 366.750,  4.451, 33.980
 70500, 349.939,  4.007, 30.848
 70560, 368.674,  4.902, 31.426
 70620, 407.513,  3.631, 34.282
 70680, 412.794,  3.509, 33.915
 70740, 406.277,  3.299, 33.420
 70800, 422.046,  4.288, 34.725
 70860, 404.652,  3.664, 34.505
 70920, 441.433,  3.262, 34.879
 70980, 472.136,  4.282, 39.085
 71040, 475.879,  4.873, 35.860
 71100, -9999.000, -9999.000, -9999.000
 71160, 430.344,  3.996, 40.272
 71220, 444.539,  4.574, 37.991
 71280, 440.517,  3.821, 34.996
 71340, 472.487,  3.870, 36.998
 71400, 484.046,  4.682, 39.509
 71460, 464.494,  4.184, 37.724
 71520, 471.045,  4.498, 38.331
 71580, 446.454,  4.254, 40.458
 71640, 477.789,  4.889, 38.461
 71700, 462.463,  2.758, 34.938
 71760, 495.371,  3.695, 40.315
 71820, 522.256,  4.700, 41.805
 71880, 588.342,  6.054, 49.848
 71940, 522.499,  3.621, 42.239
 72000, 551.629,  4.005, 43.561
 72060, 566.319,  3.743, 46.697
 72120, 559.162,  4.287, 49.861
 72180, 571.568,  1.786, 50.273
 72240, 606.824,  4.674, 49.439
 72300, 581.795,  2.813, 46.253
 72360, 546.705,  2.478, 46.706
 72420, 544.846,  3.537, 46.691
 72480, 561.027,  3.202, 47.493
 72540, 574.576,  2.330, 44.991
 72600, 562.157,  2.885, 48.657
 72660, 549.170,  3.325, 46.742
 72720, 554.039,  2.402, 48.215
 72780, 580.053,  2.959, 52.769
 72840, 574.276,  3.783, 46.454
 72900, 570.696,  3.495, 51.786
 72960, 538.065, -1.381, 58.803
 73020, 568.407,  4.181, 50.131
 73080, 561.683,  2.678, 44.963
 73140, 573.298,  4.002, 49.648
 73200, 580.799,  5.628, 49.096
 73260, 567.399,  3.478, 48.215
 73320, 550.940,  2.683, 45.102
 73380, 577.998,  3.653, 47.334
 73440, 566.033,  3.954, 53.511
 73500, 562.308,  4.289, 48.942
 73560, 542.923,  3.084, 45.846
 73620, 508.995,  3.926, 43.018
 73680, 526.089,  2.871, 46.974
 73740, 496.082,  2.708, 42.964
 73800, 530.973,  2.702, 45.755
 73860, 532.935,  3.390, 49.609
 73920, 511.392,  3.004, 45.901
 73980, 538.195,  4.031, 49.134
 74040, 540.889,  3.046, 45.900
 74100, 550.483,  5.433, 48.318
 74160, 556.531,  3.667, 50.060
 74220, 524.581,  3.801, 42.930
 74280, 502.926,  4.478, 44.078
 74340, 509.977,  6.921, 42.116
 74400, 553.295,  5.395, 46.544
 74460, 554.387,  5.480, 48.471
 74520, 544.485,  5.539, 44.854
 74580, 555.840,  2.498, 46.804
 74640, 551.124,  3.813, 45.329
 74700, 565.145,  5.136, 47.235
 74760, 581.255,  4.372, 46.831
 74820, -9999.000, -9999.000, -9999.000
 74880, 548.107,  4.266, 46.268
 74940, 546.120,  4.330, 48.067
 75000, 523.353,  5.333, 43.958
 75060, 523.322,  5.973, 45.252
 75120, 516.752,  6.815, 45.244
 75180, 486.771,  6.448, 43.595
 75240, 490.305,  4.590, 45.042
 75300, 488.855,  5.218, 42.115
 75360, 497.075,  5.241, 42.036
 75420, 493.500,  4.830, 40.106
 75480, 470.803,  5.034, 43.919
 75540, 466.213,  5.020, 44.920
 75600, 478.243,  5.062, 43.998
 75660, 489.107,  4.988, 47.207
 75720, 500.098,  5.890, 45.844
 75780, 502.924,  4.949, 41.386
 75840, 487.820,  6.514, 41.982
 75900, 506.469,  3.833, 45.776
 75960, 502.722,  6.013, 45.601
 76020, 528.442,  4.215, 47.573
 76080, 526.471,  6.021, 47.968
 76140, 510.388,  4.102, 45.983
 76200, 507.904,  3.104, 42.033
 76260, 519.601,  3.845, 46.223
 76320, 556.094,  5.307, 46.779
 76380, 559.654,  5.492, 49.971
 76440, 553.244,  5.177, 46.245
 76500, 530.202,  4.441, 45.296
 76560, 540.176,  5.225, 47.560
 76620, 548.741,  1.397, 47.012
 76680, 534.385,  3.901, 53.856
 76740, 528.167,  4.973, 51.042
 76800, 517.910,  3.931, 44.342
 76860, 515.872,  4.751, 52.356
 76920, 531.806,  5.766, 50.528
 76980, 529.007,  6.075, 52.657
 77040, 530.680,  5.909, 49.864
 77100, 505.502,  4.481, 56.041
 77160, 523.883,  6.374, 52.938
 77220, 534.948,  5.719, 53.554
 77280, 509.766,  5.499, 54.980
 77340, 488.924,  4.806, 52.844
 77400, 448.842,  3.864, 46.497
 77460, 454.122,  6.184, 42.574
 77520, 504.874,  4.607, 49.139
 77580, 480.039,  4.106, 47.606
 77640, 468.354,  4.488, 43.302
 77700, 443.568,  5.547, 37.760
 77760, 430.029,  3.745, 40.931
 77820, 453.540,  4.518, 34.686
 77880, 479.950,  4.823, 37.942
 77940, 479.704,  5.392, 39.857
 78000, 461.539,  5.033, 36.804
 78060, 465.920,  3.627, 32.414
 78120, 449.822,  3.983, 33.715
 78180, 474.554,  3.701, 37.448
 78240, 525.281,  4.506, 38.408
 78300, 464.705,  1.986, 40.090
