CampaignData_and_Merges/R0/CSL_MobileLab_Parked/raw/20240804/USOS-jNO2_MobileLabGround_20240804_R0.ict
52,1001
Waxman, E.; Rollins, A.; Zuraski, K.; Chace, W.
NOAA Chemical Sciences Laboratory
jNO2 filter radiometer on CSL Mobile Lab
AMMBEC / USOS
1, 1
2024,08,04, 2025,04,01
60
Time_Start, seconds, number_of_seconds_since_0000_UTC
20
1, 1, 1, 1, 1, 1, 1, 1, 1, 1, 1, 1, 1, 1, 1, 1, 1, 1, 1, 1
-9999, -9999, -9999, -9999, -9999, -9999, -9999, -9999, -9999, -9999, -9999, -9999, -9999, -9999, -9999, -9999, -9999, -9999, -9999, -9999
Time_Stop, seconds, number_of_seconds_since_0000_UTC
jNO2_meas, per second, photolysis rate of NO2 measured using a filter radiometer.
jBrCl, per second, photolysis rate of BrCl -> Br + Cl calculated in TUV for cloud-free sky with local AOD
jBr2, per second, photolysis rate of Br2 -> Br + Br calculated in TUV for cloud-free sky with local AOD
jCCl4, per second, photolysis rate of CCl4 -> Products calcualted in TUV for cloud-free sky with local AOD
jCH2Oa, per second, photolysis rate of CH2O -> H + HCO calculated in TUV for cloud-free sky with local AOD
jCH2Ob, per second, photolysis rate of CH2O -> H2 + CO calculated in TUV for cloud-free sky with local AOD
jClNO2, per second, photolysis rate of ClNO2 -> Cl + NO2 calculated in TUV for cloud-free sky with local AOD
jClOa, per second, photolysis rate of ClO -> Cl + O(1D) calculated in TUV for cloud-free sky with local AOD
jClOb, per second, photolysis rate of ClO -> Cl + O(3P) calculated in TUV for cloud-free sky with local AOD
jCl2, per second, photolysis rate of Cl2 -> Cl + Cl calculated in TUV for cloud-free sky with local AOD
jHNO2, per second, photolysis rate of HNO2 -> OH + NO calculated in TUV for cloud-free sky with local AOD
jHNO3, per second, photolysis rate of HNO3 -> OH + NO2 calculated in TUV for cloud-free sky with local AOD
jI2, per second, photolysis rate of I2 -> I + I calculated in TUV for cloud-free sky with local AOD
jNO2, per second, photolysis rate of NO2 -> NO + O(3P) calculated in TUV for cloud-free sky with local AOD
jNO3a, per second, photolysis rate of NO3 -> NO + O2 calculated in TUV for cloud-free sky with local AOD
jNO3b, per second, photolysis rate of NO3 -> NO2 + O(3P) calculated in TUV for cloud-free sky with local AOD
jN2O5, per second, photolysis rate of N2O5 -> NO3 + NO + O(3P) calculated in TUV for cloud-free sky with local AOD
jO3, per second, photolysis rate of O3 -> O2 + O(1D) calculated in TUV for cloud-free sky with local AOD
AOD_500nm, unitless, UTC daily mean AOD at 500 nm from an AERONET station located at 40.178 N, -112.452 E
0
18
PI_CONTACT_INFO: eleanor.waxman@noaa.gov
PLATFORM: CSL Mobile Lab, at ground site
LOCATION: Salt Lake City, UT
ASSOCIATED_DATA:
INSTRUMENT_INFO: jNO2 filter radiometer.  TUV calculations are for mobile van lat/lon/altitude assuming clear sky (cloud AOD = 0) and daily mean AOD.
DATA_INFO:
UNCERTAINTY: Data uncertainties are +/- 20%.  These come from uncertainties in radiometer angular response, radiometer thermal response, local interferences from clouds/aerosols/shadows etc.
ULOD_FLAG: -7777
ULOD_VALUE: N/A
LLOD_FLAG: -8888
LLOD_VALUE: N/A
DM_CONTACT_INFO: eleanor.waxman@noaa.gov
PROJECT_INFO: USOS Project, July - August 2024
STIPULATIONS_ON_USE: Users are strongly encouraged to contact the PI for proper data usage.
OTHER_COMMENTS: 
REVISION: R0
R0: final data
Time_Start, Time_Stop, jNO2_meas, jBrCl, jBr2, jCCl4, jCH2Oa, jCH2Ob, jClNO2, jClOa, jClOb, jCl2, jHNO2, jHNO3, jI2, jNO2, jNO3a, jNO3b, jN2O5, jO3, AOD_500nm
[from data line 799]
   47940,   48000,0.0010561,0.002642,0.01008,3.587e-26,1.959e-06,4.939e-06,5.328e-05,1.345e-26,6.719e-07,0.0003392,0.0002392,2.177e-08,0.04474,0.001656,0.01003,0.07298,4.145e-06,4.469e-07,0.084
   48000,   48060,0.0011626,0.002706,0.0103,3.649e-26,2.026e-06,5.086e-06,5.484e-05,1.368e-26,7e-07,0.0003486,0.0002459,2.255e-08,0.04556,0.001701,0.01018,0.07424,4.269e-06,4.642e-07,0.084
   48060,   48120,0.0013437,0.002773,0.01053,3.717e-26,2.098e-06,5.245e-06,5.652e-05,1.392e-26,7.309e-07,0.0003587,0.000253,2.339e-08,0.04642,0.00175,0.01034,0.07556,4.402e-06,4.831e-07,0.084
   48120,   48180,0.0015183,0.002841,0.01075,3.784e-26,2.171e-06,5.405e-06,5.822e-05,1.416e-26,7.628e-07,0.0003689,0.0002603,2.425e-08,0.04726,0.001799,0.0105,0.07686,4.537e-06,5.027e-07,0.084
   48180,   48240,0.0014981,0.002904,0.01097,3.849e-26,2.242e-06,5.56e-06,5.984e-05,1.44e-26,7.939e-07,0.0003785,0.0002672,2.508e-08,0.04805,0.001845,0.01064,0.07806,4.666e-06,5.217e-07,0.084
   48240,   48300,0.0014293,0.002971,0.01119,3.918e-26,2.318e-06,5.726e-06,6.159e-05,1.465e-26,8.281e-07,0.0003889,0.0002745,2.599e-08,0.04887,0.001894,0.0108,0.07932,4.805e-06,5.425e-07,0.084
   48300,   48360,0.0014975,0.003038,0.01141,3.987e-26,2.397e-06,5.895e-06,6.336e-05,1.49e-26,8.634e-07,0.0003993,0.000282,2.692e-08,0.04968,0.001944,0.01095,0.08056,4.946e-06,5.64e-07,0.084
   48360,   48420,0.0016417,0.003101,0.01162,4.053e-26,2.472e-06,6.056e-06,6.505e-05,1.514e-26,8.978e-07,0.0004092,0.000289,2.781e-08,0.05043,0.001991,0.01108,0.08172,5.08e-06,5.849e-07,0.084
   48420,   48480,0.0014514,0.003167,0.01184,4.125e-26,2.553e-06,6.229e-06,6.686e-05,1.539e-26,9.354e-07,0.0004198,0.0002965,2.879e-08,0.05122,0.002041,0.01123,0.08292,5.224e-06,6.077e-07,0.084
   48480,   48540,0.0013729,0.003234,0.01206,4.196e-26,2.635e-06,6.404e-06,6.868e-05,1.565e-26,9.742e-07,0.0004305,0.0003041,2.978e-08,0.05199,0.002091,0.01137,0.0841,5.37e-06,6.312e-07,0.084
   48540,   48600,0.0017706,0.003296,0.01226,4.265e-26,2.715e-06,6.572e-06,7.042e-05,1.59e-26,1.012e-06,0.0004406,0.0003113,3.073e-08,0.05271,0.002138,0.0115,0.0852,5.509e-06,6.54e-07,0.084
   48600,   48660,0.0018107,0.003361,0.01247,4.338e-26,2.8e-06,6.752e-06,7.228e-05,1.616e-26,1.053e-06,0.0004514,0.0003189,3.176e-08,0.05347,0.002189,0.01164,0.08635,5.658e-06,6.788e-07,0.084
   48660,   48720,0.0015607,0.003427,0.01268,4.412e-26,2.887e-06,6.933e-06,7.416e-05,1.643e-26,1.095e-06,0.0004622,0.0003266,3.281e-08,0.0542,0.002239,0.01177,0.08746,5.809e-06,7.04e-07,0.084
   48720,   48780,0.0014823,0.003485,0.01287,4.478e-26,2.966e-06,7.096e-06,7.584e-05,1.666e-26,1.135e-06,0.0004718,0.0003334,3.378e-08,0.05487,0.002284,0.01189,0.08848,5.944e-06,7.281e-07,0.084
   48780,   48840,0.0014046,0.003549,0.01307,4.552e-26,3.056e-06,7.281e-06,7.774e-05,1.693e-26,1.18e-06,0.0004827,0.0003412,3.487e-08,0.05558,0.002334,0.01202,0.08956,6.097e-06,7.55e-07,0.084
   48840,   48900,0.0014905,0.003613,0.01327,4.629e-26,3.147e-06,7.468e-06,7.967e-05,1.72e-26,1.226e-06,0.0004937,0.0003489,3.599e-08,0.05629,0.002385,0.01215,0.09063,6.252e-06,7.828e-07,0.084
   48900,   48960,0.0019351,0.003673,0.01346,4.701e-26,3.234e-06,7.647e-06,8.149e-05,1.746e-26,1.27e-06,0.0005041,0.0003563,3.707e-08,0.05695,0.002432,0.01226,0.09163,6.399e-06,8.096e-07,0.084
   48960,   49020,0.0020097,0.003737,0.01366,4.859e-26,3.328e-06,7.838e-06,8.345e-05,1.813e-26,1.319e-06,0.0005151,0.0003641,3.823e-08,0.05763,0.002483,0.01239,0.09267,6.557e-06,8.39e-07,0.084
   49020,   49080,0.0020677,0.0038,0.01386,4.85e-26,3.423e-06,8.03e-06,8.541e-05,1.8e-26,1.37e-06,0.0005262,0.0003719,3.941e-08,0.05831,0.002534,0.01251,0.0937,6.716e-06,8.692e-07,0.084
   49080,   49140,0.0020997,0.003859,0.01405,4.978e-26,3.516e-06,8.214e-06,8.729e-05,1.836e-26,1.421e-06,0.0005367,0.0003793,4.058e-08,0.05895,0.002581,0.01262,0.09467,6.868e-06,8.999e-07,0.084
   49140,   49200,0.0021454,0.003926,0.01425,5.02e-26,3.621e-06,8.424e-06,8.942e-05,1.86e-26,1.476e-06,0.0005486,0.0003877,4.187e-08,0.05965,0.002635,0.01275,0.09573,7.041e-06,9.328e-07,0.084
   49200,   49260,0.0022313,0.003989,0.01445,5.102e-26,3.721e-06,8.623e-06,9.143e-05,1.889e-26,1.53e-06,0.0005599,0.0003956,4.313e-08,0.0603,0.002686,0.01286,0.09671,7.204e-06,9.654e-07,0.084
   49260,   49320,0.0020586,0.004047,0.01462,5.18e-26,3.816e-06,8.811e-06,9.333e-05,1.917e-26,1.583e-06,0.0005704,0.000403,4.432e-08,0.06091,0.002734,0.01297,0.09762,7.359e-06,9.971e-07,0.084
   49320,   49380,0.0022658,0.004108,0.01481,5.264e-26,3.919e-06,9.012e-06,9.537e-05,1.947e-26,1.641e-06,0.0005817,0.0004109,4.562e-08,0.06154,0.002784,0.01308,0.09857,7.525e-06,1.032e-06,0.084
   49380,   49440,0.0023865,0.004169,0.015,5.348e-26,4.023e-06,9.215e-06,9.741e-05,1.977e-26,1.7e-06,0.000593,0.0004188,4.694e-08,0.06216,0.002834,0.01319,0.09951,7.691e-06,1.067e-06,0.084
   49440,   49500,0.0024325,0.004226,0.01517,5.429e-26,4.122e-06,9.407e-06,9.934e-05,2.006e-26,1.758e-06,0.0006036,0.0004263,4.821e-08,0.06274,0.002882,0.01329,0.1004,7.849e-06,1.101e-06,0.084
   49500,   49560,0.002474,0.004286,0.01535,5.515e-26,4.227e-06,9.612e-06,0.0001014,2.036e-26,1.819e-06,0.0006149,0.0004341,4.956e-08,0.06334,0.002932,0.0134,0.1013,8.018e-06,1.138e-06,0.084
   49560,   49620,0.0025003,0.004346,0.01553,5.603e-26,4.336e-06,9.819e-06,0.0001035,2.068e-26,1.883e-06,0.0006262,0.0004421,5.095e-08,0.06394,0.002982,0.0135,0.1022,8.188e-06,1.176e-06,0.084
   49620,   49680,0.0023898,0.004402,0.0157,5.686e-26,4.438e-06,1.001e-05,0.0001054,2.097e-26,1.945e-06,0.0006369,0.0004495,5.227e-08,0.06449,0.003028,0.0136,0.103,8.348e-06,1.213e-06,0.084
   49680,   49740,0.0019222,0.00446,0.01588,5.776e-26,4.548e-06,1.022e-05,0.0001075,2.129e-26,2.011e-06,0.0006482,0.0004574,5.37e-08,0.06507,0.003078,0.0137,0.1039,8.52e-06,1.253e-06,0.084
   49740,   49800,0.0014966,0.004519,0.01605,5.868e-26,4.659e-06,1.043e-05,0.0001096,2.162e-26,2.08e-06,0.0006595,0.0004653,5.515e-08,0.06564,0.003128,0.0138,0.1047,8.692e-06,1.294e-06,0.084
   49800,   49860,0.001488,0.004573,0.01621,5.955e-26,4.764e-06,1.063e-05,0.0001116,2.192e-26,2.145e-06,0.0006701,0.0004726,5.652e-08,0.06617,0.003174,0.01389,0.1055,8.855e-06,1.333e-06,0.084
   49860,   49920,0.0014916,0.004631,0.01638,6.048e-26,4.877e-06,1.084e-05,0.0001137,2.226e-26,2.217e-06,0.0006815,0.0004805,5.801e-08,0.06672,0.003223,0.01398,0.1064,9.029e-06,1.376e-06,0.084
   49920,   49980,0.0015167,0.004688,0.01655,6.143e-26,4.991e-06,1.106e-05,0.0001158,2.259e-26,2.29e-06,0.0006928,0.0004883,5.951e-08,0.06727,0.003272,0.01408,0.1072,9.203e-06,1.42e-06,0.084
   49980,   50040,0.0015682,0.004741,0.0167,6.234e-26,5.101e-06,1.126e-05,0.0001178,2.291e-26,2.36e-06,0.0007035,0.0004957,6.096e-08,0.06777,0.003318,0.01417,0.1079,9.369e-06,1.462e-06,0.084
   50040,   50100,0.0016969,0.004797,0.01687,6.331e-26,5.217e-06,1.147e-05,0.0001199,2.325e-26,2.437e-06,0.0007148,0.0005035,6.25e-08,0.06831,0.003367,0.01426,0.1087,9.545e-06,1.507e-06,0.084
   50100,   50160,0.0020215,0.004853,0.01703,6.429e-26,5.335e-06,1.169e-05,0.0001221,2.36e-26,2.515e-06,0.0007261,0.0005113,6.407e-08,0.06883,0.003415,0.01435,0.1095,9.722e-06,1.554e-06,0.084
   50160,   50220,0.002148,0.004905,0.01718,6.523e-26,5.445e-06,1.189e-05,0.0001241,2.393e-26,2.589e-06,0.0007367,0.0005186,6.556e-08,0.06931,0.003461,0.01443,0.1102,9.888e-06,1.599e-06,0.084
   50220,   50280,0.0020015,0.00496,0.01734,6.624e-26,5.565e-06,1.211e-05,0.0001262,2.429e-26,2.67e-06,0.0007479,0.0005264,6.717e-08,0.06982,0.003509,0.01452,0.111,1.007e-05,1.647e-06,0.084
   50280,   50340,0.0020063,0.005014,0.0175,6.727e-26,5.686e-06,1.232e-05,0.0001283,2.465e-26,2.753e-06,0.0007592,0.0005341,6.88e-08,0.07032,0.003557,0.01461,0.1117,1.024e-05,1.697e-06,0.084
   50340,   50400,0.0019919,0.005065,0.01764,6.824e-26,5.799e-06,1.253e-05,0.0001303,2.5e-26,2.832e-06,0.0007698,0.0005414,7.033e-08,0.07079,0.003601,0.01469,0.1124,1.041e-05,1.744e-06,0.084
   50400,   50460,0.0020028,0.005119,0.0178,6.93e-26,5.922e-06,1.275e-05,0.0001325,2.537e-26,2.919e-06,0.000781,0.0005491,7.201e-08,0.07128,0.003649,0.01477,0.1132,1.059e-05,1.796e-06,0.084
   50460,   50520,0.0025193,0.005172,0.01795,7.036e-26,6.045e-06,1.296e-05,0.0001346,2.575e-26,3.006e-06,0.0007922,0.0005567,7.369e-08,0.07176,0.003696,0.01485,0.1139,1.077e-05,1.849e-06,0.084
   50520,   50580,0.0028539,0.005221,0.01809,7.138e-26,6.162e-06,1.317e-05,0.0001367,2.611e-26,3.09e-06,0.0008027,0.0005639,7.529e-08,0.0722,0.00374,0.01493,0.1145,1.094e-05,1.899e-06,0.084
   50580,   50640,0.0023487,0.005273,0.01824,7.249e-26,6.286e-06,1.339e-05,0.0001388,2.649e-26,3.18e-06,0.0008139,0.0005715,7.699e-08,0.07267,0.003787,0.01501,0.1152,1.112e-05,1.954e-06,0.084
   50640,   50700,0.0020814,0.005325,0.01839,7.361e-26,6.414e-06,1.361e-05,0.000141,2.689e-26,3.275e-06,0.0008251,0.0005791,7.877e-08,0.07313,0.003833,0.01509,0.1159,1.131e-05,2.011e-06,0.084
   50700,   50760,0.0020316,0.005374,0.01852,7.467e-26,6.52e-06,1.38e-05,0.0001429,2.726e-26,3.361e-06,0.0008351,0.0005861,8.032e-08,0.07356,0.003876,0.01516,0.1166,1.146e-05,2.062e-06,0.084
   50760,   50820,0.0020449,0.005418,0.01865,7.582e-26,6.66e-06,1.403e-05,0.000145,2.766e-26,3.457e-06,0.0008455,0.0005925,8.217e-08,0.07401,0.003915,0.01523,0.1172,1.165e-05,2.121e-06,0.084
   50820,   50880,0.0020706,0.005473,0.0188,7.698e-26,6.784e-06,1.425e-05,0.0001472,2.807e-26,3.556e-06,0.0008572,0.0006009,8.396e-08,0.07445,0.003966,0.01531,0.1179,1.183e-05,2.18e-06,0.084
   50880,   50940,0.0021042,0.005521,0.01894,7.81e-26,6.905e-06,1.447e-05,0.0001493,2.846e-26,3.648e-06,0.000868,0.0006083,8.565e-08,0.07486,0.00401,0.01538,0.1185,1.201e-05,2.236e-06,0.084
   50940,   51000,0.0021352,0.005571,0.01908,7.93e-26,7.033e-06,1.468e-05,0.0001514,2.889e-26,3.749e-06,0.0008788,0.0006156,8.747e-08,0.07529,0.004056,0.01545,0.1191,1.219e-05,2.297e-06,0.084
   51000,   51060,0.0021742,0.005621,0.01921,8.052e-26,7.162e-06,1.491e-05,0.0001536,2.931e-26,3.851e-06,0.0008899,0.0006231,8.931e-08,0.07571,0.0041,0.01552,0.1198,1.237e-05,2.359e-06,0.084
   51060,   51120,0.002238,0.005666,0.01934,8.168e-26,7.285e-06,1.511e-05,0.0001556,2.972e-26,3.949e-06,0.0009002,0.00063,9.105e-08,0.07611,0.004143,0.01559,0.1203,1.255e-05,2.419e-06,0.084
   51120,   51180,0.0023508,0.005715,0.01948,8.293e-26,7.416e-06,1.534e-05,0.0001578,3.016e-26,4.055e-06,0.0009111,0.0006373,9.293e-08,0.07653,0.004187,0.01566,0.121,1.273e-05,2.483e-06,0.084
   51180,   51240,0.0024598,0.005763,0.01961,8.42e-26,7.547e-06,1.556e-05,0.0001599,3.061e-26,4.162e-06,0.0009219,0.0006446,9.481e-08,0.07693,0.004231,0.01573,0.1216,1.291e-05,2.548e-06,0.084
   51240,   51300,0.0026892,0.005807,0.01973,8.542e-26,7.671e-06,1.576e-05,0.0001619,3.103e-26,4.265e-06,0.0009321,0.0006514,9.66e-08,0.07731,0.004273,0.01579,0.1221,1.308e-05,2.61e-06,0.084
   51300,   51360,0.0028568,0.005854,0.01986,8.673e-26,7.803e-06,1.599e-05,0.0001641,3.149e-26,4.375e-06,0.0009428,0.0006587,9.852e-08,0.07771,0.004316,0.01586,0.1227,1.327e-05,2.678e-06,0.084
   51360,   51420,0.0028675,0.005901,0.01999,8.807e-26,7.936e-06,1.621e-05,0.0001662,3.196e-26,4.488e-06,0.0009536,0.0006659,1.005e-07,0.0781,0.00436,0.01592,0.1233,1.345e-05,2.746e-06,0.084
   51420,   51480,0.0029618,0.005945,0.02011,8.934e-26,8.062e-06,1.641e-05,0.0001682,3.241e-26,4.595e-06,0.0009636,0.0006726,1.023e-07,0.07846,0.0044,0.01598,0.1238,1.362e-05,2.812e-06,0.084
   51480,   51540,0.0038173,0.00599,0.02023,9.071e-26,8.195e-06,1.663e-05,0.0001704,3.289e-26,4.71e-06,0.0009743,0.0006797,1.043e-07,0.07884,0.004443,0.01605,0.1244,1.38e-05,2.882e-06,0.084
   51540,   51600,0.0037186,0.006036,0.02036,9.212e-26,8.329e-06,1.685e-05,0.0001725,3.338e-26,4.828e-06,0.0009849,0.0006868,1.062e-07,0.07922,0.004485,0.01611,0.1249,1.399e-05,2.954e-06,0.084
   51600,   51660,0.0043192,0.006078,0.02047,9.346e-26,8.456e-06,1.706e-05,0.0001745,3.385e-26,4.939e-06,0.0009949,0.0006934,1.081e-07,0.07957,0.004525,0.01617,0.1255,1.416e-05,3.022e-06,0.084
   51660,   51720,0.00481,0.006123,0.02059,9.491e-26,8.591e-06,1.728e-05,0.0001766,3.435e-26,5.06e-06,0.001005,0.0007004,1.101e-07,0.07993,0.004567,0.01623,0.126,1.434e-05,3.096e-06,0.084
   51720,   51780,0.0048581,0.006167,0.02071,9.638e-26,8.727e-06,1.75e-05,0.0001787,3.486e-26,5.182e-06,0.001016,0.0007074,1.121e-07,0.0803,0.004609,0.01629,0.1265,1.453e-05,3.171e-06,0.084
   51780,   51840,0.004859,0.006208,0.02082,9.779e-26,8.855e-06,1.771e-05,0.0001807,3.536e-26,5.298e-06,0.001026,0.0007139,1.141e-07,0.08063,0.004648,0.01635,0.127,1.47e-05,3.242e-06,0.084
   51840,   51900,0.005005,0.006251,0.02094,9.93e-26,8.991e-06,1.793e-05,0.0001828,3.588e-26,5.423e-06,0.001036,0.0007208,1.161e-07,0.08098,0.004689,0.0164,0.1275,1.488e-05,3.319e-06,0.084
   51900,   51960,0.0050189,0.006294,0.02105,1.008e-25,9.127e-06,1.815e-05,0.0001849,3.642e-26,5.55e-06,0.001046,0.0007276,1.182e-07,0.08133,0.00473,0.01646,0.1281,1.506e-05,3.397e-06,0.084
   51960,   52020,0.0049359,0.006335,0.02116,1.023e-25,9.256e-06,1.835e-05,0.0001869,3.694e-26,5.671e-06,0.001056,0.0007341,1.201e-07,0.08166,0.004768,0.01652,0.1285,1.524e-05,3.471e-06,0.084
   52020,   52080,0.0049492,0.006377,0.02128,1.039e-25,9.393e-06,1.857e-05,0.000189,3.75e-26,5.801e-06,0.001066,0.0007408,1.222e-07,0.082,0.004809,0.01657,0.129,1.542e-05,3.551e-06,0.084
   52080,   52140,0.0040563,0.006419,0.02139,1.055e-25,9.53e-06,1.879e-05,0.0001911,3.806e-26,5.933e-06,0.001077,0.0007476,1.243e-07,0.08233,0.004849,0.01663,0.1295,1.56e-05,3.633e-06,0.084
   52140,   52200,0.0050559,0.006458,0.02149,1.071e-25,9.66e-06,1.899e-05,0.0001931,3.86e-26,6.058e-06,0.001086,0.0007539,1.263e-07,0.08264,0.004886,0.01668,0.13,1.577e-05,3.71e-06,0.084
   52200,   52260,0.0051965,0.006499,0.0216,1.088e-25,9.798e-06,1.921e-05,0.0001951,3.919e-26,6.192e-06,0.001096,0.0007605,1.284e-07,0.08297,0.004925,0.01673,0.1305,1.595e-05,3.793e-06,0.084
   52260,   52320,0.0049599,0.00654,0.02171,1.105e-25,9.936e-06,1.942e-05,0.0001972,3.978e-26,6.328e-06,0.001106,0.0007671,1.305e-07,0.08329,0.004965,0.01679,0.1309,1.614e-05,3.878e-06,0.084
   52320,   52380,0.0049789,0.006578,0.02181,1.121e-25,1.007e-05,1.963e-05,0.0001992,4.035e-26,6.458e-06,0.001116,0.0007733,1.326e-07,0.08359,0.005001,0.01684,0.1314,1.631e-05,3.958e-06,0.084
   52380,   52440,0.0046523,0.006618,0.02192,1.139e-25,1.02e-05,1.984e-05,0.0002012,4.097e-26,6.597e-06,0.001126,0.0007799,1.347e-07,0.0839,0.00504,0.01689,0.1318,1.649e-05,4.044e-06,0.084
   52440,   52500,0.0052379,0.006657,0.02202,1.157e-25,1.034e-05,2.006e-05,0.0002033,4.16e-26,6.738e-06,0.001136,0.0007864,1.369e-07,0.08421,0.005079,0.01694,0.1323,1.667e-05,4.132e-06,0.084
   52500,   52560,0.0052718,0.006694,0.02212,1.174e-25,1.047e-05,2.026e-05,0.0002052,4.22e-26,6.872e-06,0.001145,0.0007924,1.389e-07,0.0845,0.005114,0.01699,0.1327,1.684e-05,4.215e-06,0.084
   52560,   52620,0.0052621,0.006733,0.02222,1.193e-25,1.061e-05,2.047e-05,0.0002073,4.285e-26,7.016e-06,0.001155,0.0007989,1.411e-07,0.08481,0.005152,0.01704,0.1332,1.702e-05,4.304e-06,0.084
   52620,   52680,0.0047741,0.006772,0.02232,1.212e-25,1.075e-05,2.069e-05,0.0002093,4.351e-26,7.161e-06,0.001165,0.0008052,1.433e-07,0.0851,0.00519,0.01709,0.1336,1.72e-05,4.395e-06,0.084
   52680,   52740,0.0053646,0.006808,0.02242,1.23e-25,1.088e-05,2.089e-05,0.0002112,4.414e-26,7.299e-06,0.001174,0.0008112,1.454e-07,0.08538,0.005225,0.01713,0.134,1.737e-05,4.481e-06,0.084
   52740,   52800,0.005391,0.006846,0.02251,1.25e-25,1.102e-05,2.11e-05,0.0002133,4.483e-26,7.447e-06,0.001184,0.0008175,1.476e-07,0.08567,0.005262,0.01718,0.1344,1.755e-05,4.574e-06,0.084
   52800,   52860,0.0054108,0.006883,0.02261,1.27e-25,1.116e-05,2.131e-05,0.0002153,4.553e-26,7.597e-06,0.001193,0.0008238,1.499e-07,0.08596,0.005299,0.01723,0.1349,1.773e-05,4.667e-06,0.084
