CampaignData_and_Merges/R0/CSL_MobileLab_Parked/raw/20240804/USOS-NOy-LIF_MobileLabGround_20240804_R0.ict
39,1001
Rollins, A.; Waxman, E.; Zuraski, K.; Chace, W.
NOAA Chemical Sciences Laboratory
LIF NO/NOx/NOy on CSL Mobile Lab
AMMBEC / USOS
1, 1
2024,08,04, 2025,01,04
1
Time_Start, seconds, number_of_seconds_since_0000_UTC
7
1, 1, 1, 1, 1, 1, 1
-9999, -9999, -9999, -9999, -9999, -9999, -9999
Time_Stop, seconds, number_of_seconds_since_0000_UTC
NO_LIF, pptv, Gas_NO_InSitu_S_AVMR, volume mixing ratio of nitric oxide in air
NO2_LIF, pptv, Gas_NO2_InSitu_S_AVMR, volume mixing ratio of nitrogen dioxide in air
NOy_LIF, pptv, Gas_NOy_InSitu_S_AVMR, volume mixing ratio of total oxidized nitrogen in air
NO_LIF_1SigmaAccuracy, pptv, Gas_NO_InSitu_S_AVMR, volume mixing ratio of nitric oxide in air
NO2_LIF_1SigmaAccuracy, pptv, Gas_NO2_InSitu_S_AVMR, volume mixing ratio of nitrogen dioxide in air
NOy_LIF_1SigmaAccuracy, pptv, Gas_NOy_InSitu_S_AVMR, volume mixing ratio of total oxidized nitrogen in air
0
18
PI_CONTACT_INFO: andrew.rollins@noaa.gov
PLATFORM: CSL Mobile Lab
LOCATION: Salt Lake City, UT
ASSOCIATED_DATA:
INSTRUMENT_INFO: NO detection by laser induced fluorescence. NO2 detection by photolytic conversion to NO. NOy detection by catalytic conversion to NO on gold surface
DATA_INFO:
UNCERTAINTY: Included 1 Sigma Accuracy waves represent the combined calibration uncertainties (±6%, ±9%, ±10%) and zero uncertainties (3 ppt, 20 ppt, 100 ppt) for NO, NO2, and NOy, respectively.
ULOD_FLAG: -7777
ULOD_VALUE: N/A
LLOD_FLAG: -8888
LLOD_VALUE: N/A
DM_CONTACT_INFO: andrew.rollins@noaa.gov
PROJECT_INFO: USOS Project, July - August 2024
STIPULATIONS_ON_USE: Users are strongly encouraged to contact the PI for proper data usage.
OTHER_COMMENTS:
REVISION: R0
R0: final data
Time_Start, Time_Stop, NO_LIF, NO2_LIF, NOy_LIF, NO_LIF_1SigmaAccuracy, NO2_LIF_1SigmaAccuracy, NOy_LIF_1SigmaAccuracy
[from data line 526]
   31560,   31620,13.693,1037,1542.5,3.8216, 113.33, 254.25
   31620,   31680,9.2535,1051,1630,3.5552, 114.59, 263
   31680,   31740,19.959,1194,1767,4.1975, 127.46, 276.7
   31740,   31800,813.73,2593,3174.7,51.824, 253.37, 417.47
   31800,   31860,267.81,2195,4466.9,19.068, 217.55, 546.69
   31860,   31920,25.922,1098,2262.5,4.5553, 118.82, 326.25
   31920,   31980,35.034,1067.4,1661.3,5.1021, 116.07, 266.13
   31980,   32040,11.499,1052,1629.2,3.6899, 114.68, 262.92
   32040,   32100,27.338,1090.7,1647.6,4.6403, 118.16, 264.76
   32100,   32160,35.821,1182.3,1782.2,5.1493, 126.41, 278.22
   32160,   32220,15.748,1053.7,2048.8,3.9449, 114.83, 304.88
   32220,   32280,-9999,-9999,-9999,-9999, -9999, -9999
   32280,   32340,-9999,-9999,-9999,-9999, -9999, -9999
   32340,   32400,-9999,-9999,-9999,-9999, -9999, -9999
   32400,   32460,-9999,-9999,-9999,-9999, -9999, -9999
   32460,   32520,-9999,-9999,-9999,-9999, -9999, -9999
   32520,   32580,-9999,-9999,-9999,-9999, -9999, -9999
   32580,   32640,-9999,-9999,-9999,-9999, -9999, -9999
   32640,   32700,8.5986,1119.1,2029.4,3.5159, 120.72, 302.94
   32700,   32760,5.9751,1151.3,1765.1,3.3585, 123.62, 276.51
   32760,   32820,7.5148,1265.6,1842.5,3.4509, 133.9, 284.25
   32820,   32880,10.926,1223.7,1916.3,3.6556, 130.13, 291.63
   32880,   32940,4.6335,1201.7,1864.9,3.278, 128.15, 286.49
   32940,   33000,8.1846,1282.7,1935.6,3.4911, 135.44, 293.56
   33000,   33060,11.746,1397.5,2083.4,3.7048, 145.77, 308.34
   33060,   33120,12.8,1447.9,2062.4,3.768, 150.31, 306.24
   33120,   33180,8.4936,1395.5,1989.4,3.5096, 145.6, 298.94
   33180,   33240,20.729,1487.8,2094,4.2438, 153.9, 309.4
   33240,   33300,43.63,1668.9,2251.7,5.6178, 170.2, 325.17
   33300,   33360,24.505,1733.3,2465.6,4.4703, 176, 346.56
   33360,   33420,11.942,1706.5,2687.7,3.7165, 173.59, 368.77
   33420,   33480,255.05,3571.3,2863.9,18.303, 341.42, 386.39
   33480,   33540,270.01,4866.9,4052.9,19.201, 458.03, 505.29
   33540,   33600,77.117,4528.4,5271.6,7.627, 427.56, 627.16
   33600,   33660,23.505,2208.9,4384.7,4.4103, 218.8, 538.47
   33660,   33720,9.5809,1560.6,3074.7,3.5749, 160.45, 407.47
   33720,   33780,6.7715,1489.7,2565.1,3.4063, 154.07, 356.51
   33780,   33840,5.4033,1480.8,2455.1,3.3242, 153.27, 345.51
   33840,   33900,4.3003,1496.9,2222,3.258, 154.72, 322.2
   33900,   33960,5.1108,1509.8,2335.3,3.3067, 155.88, 333.53
   33960,   34020,6.8136,1589.2,2282.4,3.4088, 163.03, 328.24
   34020,   34080,4.8491,1573.9,2246.1,3.2909, 161.65, 324.61
   34080,   34140,8.0312,1509.7,2278.6,3.4819, 155.88, 327.86
   34140,   34200,13.58,1377,2215.9,3.8148, 143.93, 321.59
   34200,   34260,16.275,1484.4,2215,3.9765, 153.59, 321.5
   34260,   34320,12.756,1332.5,2190,3.7653, 139.93, 319
   34320,   34380,7.8256,1272.9,2010.7,3.4695, 134.56, 301.07
   34380,   34440,10.535,1333.4,2124.8,3.6321, 140, 312.48
   34440,   34500,8.5236,1219.2,1985.5,3.5114, 129.73, 298.55
   34500,   34560,9.0626,1170.4,1765.9,3.5438, 125.34, 276.59
   34560,   34620,11.618,1287.3,1832.9,3.6971, 135.86, 283.29
   34620,   34680,10.594,1331.3,1823.8,3.6357, 139.82, 282.38
   34680,   34740,15.263,1499.1,2034.2,3.9158, 154.92, 303.42
   34740,   34800,11.925,1456.2,2178,3.7155, 151.06, 317.8
   34800,   34860,437.63,3018.2,2337.5,29.258, 291.64, 333.75
   34860,   34920,47.906,1979.7,2649.3,5.8743, 198.17, 364.93
   34920,   34980,26.477,2171.9,3117.9,4.5886, 215.47, 411.79
   34980,   35040,34.579,1826.2,3187.2,5.0747, 184.36, 418.72
   35040,   35100,19.135,1476.1,2848.7,4.1481, 152.85, 384.87
   35100,   35160,46.977,1401.2,2419.5,5.8186, 146.11, 341.95
   35160,   35220,29.395,1384.5,2251.7,4.7637, 144.6, 325.17
   35220,   35280,24.009,1421.6,2149.2,4.4406, 147.94, 314.92
   35280,   35340,22.788,1244.3,1993.1,4.3673, 131.99, 299.31
   35340,   35400,12.618,1150.7,1869.7,3.7571, 123.57, 286.97
   35400,   35460,15.142,1041.1,1943.1,3.9085, 113.7, 294.31
   35460,   35520,21.657,1014.9,1637,4.2994, 111.34, 263.7
   35520,   35580,27.645,991,1629.2,4.6587, 109.19, 262.92
   35580,   35640,11.006,950.74,1585,3.6604, 105.57, 258.5
   35640,   35700,22.52,940.67,1498.4,4.3512, 104.66, 249.84
   35700,   35760,18.928,946.9,1564.6,4.1357, 105.22, 256.46
   35760,   35820,11.894,908.86,1473.6,3.7136, 101.8, 247.36
   35820,   35880,10.32,894.5,1433.8,3.6192, 100.5, 243.38
   35880,   35940,18.289,995.86,1543,4.0973, 109.63, 254.3
   35940,   36000,50.16,1037.8,1658.7,6.0096, 113.4, 265.87
   36000,   36060,126.47,1081.7,1635.5,10.588, 117.36, 263.55
   36060,   36120,252.25,1579.5,2374.8,18.135, 162.16, 337.48
   36120,   36180,87.402,1480.7,2205.9,8.2441, 153.26, 320.59
   36180,   36240,18.298,929.16,1788.3,4.0979, 103.62, 278.83
   36240,   36300,10.059,835.43,1420.3,3.6036, 95.189, 242.03
   36300,   36360,38.829,941.97,1411.3,5.3298, 104.78, 241.13
   36360,   36420,69.027,1284,1718.1,7.1416, 135.56, 271.81
   36420,   36480,12.911,939.03,1624.7,3.7747, 104.51, 262.47
   36480,   36540,7.2672,906.18,1583.6,3.436, 101.56, 258.36
   36540,   36600,8.8906,953.76,1516,3.5334, 105.84, 251.6
   36600,   36660,11.428,1118.7,1614.4,3.6857, 120.68, 261.44
   36660,   36720,15.235,1308.4,1828.5,3.9141, 137.76, 282.85
   36720,   36780,8.3614,1268.5,2095.3,3.5017, 134.16, 309.53
   36780,   36840,10.684,1315.7,2064.9,3.6411, 138.41, 306.49
   36840,   36900,6.103,1213.1,1918.3,3.3662, 129.18, 291.83
   36900,   36960,8.0678,1218.1,1958.1,3.4841, 129.63, 295.81
   36960,   37020,17.621,1277.5,1962.1,4.0572, 134.98, 296.21
   37020,   37080,25.449,1134.5,1929.2,4.527, 122.1, 292.92
   37080,   37140,11.431,923.83,1606.7,3.6859, 103.14, 260.67
   37140,   37200,10.81,928.97,1633.7,3.6486, 103.61, 263.37
   37200,   37260,10.272,930.58,1541.9,3.6163, 103.75, 254.19
   37260,   37320,6.1806,983.62,1582.4,3.3708, 108.53, 258.24
   37320,   37380,9.5637,1129.2,1778.9,3.5738, 121.63, 277.89
   37380,   37440,14.071,1224.7,1946.8,3.8443, 130.22, 294.68
   37440,   37500,8.6309,1076.3,1845.4,3.5179, 116.87, 284.54
   37500,   37560,12.679,1191.4,1778.2,3.7608, 127.23, 277.82
   37560,   37620,30.832,1603.2,1949.8,4.8499, 164.29, 294.98
   37620,   37680,21.243,1481.2,2100.3,4.2746, 153.31, 310.03
   37680,   37740,4.9567,1234.4,2089.3,3.2974, 131.1, 308.93
   37740,   37800,7.7646,1455.3,2097.4,3.4659, 150.98, 309.74
   37800,   37860,10.712,1471.5,1991.4,3.6427, 152.44, 299.14
   37860,   37920,6.2001,1355.9,2087.8,3.372, 142.03, 308.78
   37920,   37980,6.3506,1501.3,2254.5,3.381, 155.12, 325.45
   37980,   38040,7.0661,1652.6,2460.6,3.424, 168.73, 346.06
   38040,   38100,9.1636,1805.8,2641.9,3.5498, 182.53, 364.19
   38100,   38160,9.3156,1816.9,2491.5,3.5589, 183.52, 349.15
   38160,   38220,41.488,1921.2,2586.5,5.4893, 192.91, 358.65
   38220,   38280,31.859,2138.1,2800.1,4.9115, 212.43, 380.01
   38280,   38340,18.403,2112.2,2960.1,4.1042, 210.1, 396.01
   38340,   38400,7.1756,1818,3015.7,3.4305, 183.62, 401.57
   38400,   38460,15.834,2176.7,2850.7,3.95, 215.9, 385.07
   38460,   38520,12.667,2311.1,3057.1,3.76, 228, 405.71
   38520,   38580,6.5277,2055.3,3151.4,3.3917, 204.98, 415.14
   38580,   38640,5.9215,1882.1,2879.8,3.3553, 189.39, 387.98
   38640,   38700,11.503,2031.5,2773.9,3.6902, 202.83, 377.39
   38700,   38760,37.495,2392.8,2816.7,5.2497, 235.35, 381.67
   38760,   38820,237.89,5497.1,3679.4,17.273, 514.74, 467.94
   38820,   38880,55.228,4292.5,4703.1,6.3137, 406.33, 570.31
   38880,   38940,29.008,4397.9,5735.9,4.7405, 415.81, 673.59
   38940,   39000,20.594,3704.3,4384.6,4.2357, 353.38, 538.46
   39000,   39060,29.024,2736.2,3799.1,4.7414, 266.26, 479.91
   39060,   39120,25.702,2633.8,3463.4,4.5421, 257.04, 446.34
   39120,   39180,38.763,3265,3883.8,5.3258, 313.85, 488.38
   39180,   39240,32.95,3502.7,4308.1,4.977, 335.24, 530.81
   39240,   39300,16.768,3716.5,4569.7,4.0061, 354.49, 556.97
   39300,   39360,14.611,4268.1,5126.6,3.8767, 404.13, 612.66
   39360,   39420,12.525,5279.1,6360.1,3.7515, 495.11, 736.01
   39420,   39480,8.466,6930.7,7745.7,3.508, 643.76, 874.57
   39480,   39540,11.282,6521.9,7648.1,3.6769, 606.97, 864.81
   39540,   39600,17.719,6175.9,6983.3,4.0632, 575.83, 798.33
   39600,   39660,12.11,7173.6,7883.5,3.7266, 665.63, 888.35
   39660,   39720,323.14,7952,8562,22.389, 735.68, 956.2
   39720,   39780,628.88,8583.3,10014,40.733, 792.49, 1101.4
   39780,   39840,92.645,7367.8,10248,8.5587, 683.1, 1124.8
   39840,   39900,11.993,7203.4,8337.1,3.7196, 668.3, 933.71
   39900,   39960,24.426,7489.7,8549.3,4.4656, 694.07, 954.93
   39960,   40020,110.23,8090.8,9170.8,9.614, 748.17, 1017.1
   40020,   40080,38.572,8201.4,9283.2,5.3143, 758.12, 1028.3
   40080,   40140,28.921,7395.3,8633.8,4.7352, 685.58, 963.38
   40140,   40200,41.917,6910.3,8516.9,5.515, 641.92, 951.69
   40200,   40260,-9999,-9999,-9999,-9999, -9999, -9999
   40260,   40320,-9999,-9999,-9999,-9999, -9999, -9999
   40320,   40380,-9999,-9999,-9999,-9999, -9999, -9999
   40380,   40440,-9999,-9999,-9999,-9999, -9999, -9999
   40440,   40500,-9999,-9999,-9999,-9999, -9999, -9999
   40500,   40560,-9999,-9999,-9999,-9999, -9999, -9999
   40560,   40620,-9999,-9999,-9999,-9999, -9999, -9999
   40620,   40680,35.036,3859.1,5278.3,5.1021, 367.32, 627.83
   40680,   40740,15.101,3086.3,5197.7,3.9061, 297.77, 619.77
   40740,   40800,16.737,3310.7,5367.9,4.0042, 317.96, 636.79
   40800,   40860,15.533,2993.2,5107.1,3.932, 289.39, 610.71
   40860,   40920,23.705,3941.3,4797,4.4223, 374.72, 579.7
   40920,   40980,19.667,3850.4,5249.5,4.18, 366.54, 624.95
   40980,   41040,63.545,3424.7,5113.1,6.8127, 328.22, 611.31
   41040,   41100,66.07,3010.7,4753.9,6.9642, 290.97, 575.39
   41100,   41160,15.679,2725.9,4224.5,3.9407, 265.33, 522.45
   41160,   41220,39.363,2695.9,3880.5,5.3618, 262.63, 488.05
   41220,   41280,10.51,2542.3,3741.1,3.6306, 248.81, 474.11
   41280,   41340,32.682,3100.7,4009.4,4.9609, 299.06, 500.94
   41340,   41400,66.627,3406.1,4402.4,6.9976, 326.55, 540.24
   41400,   41460,27.474,3438.7,4513.7,4.6485, 329.48, 551.37
   41460,   41520,34.139,3331.4,4150.2,5.0483, 319.83, 515.02
   41520,   41580,32.685,3266.4,4138.4,4.9611, 313.97, 513.84
   41580,   41640,13.526,3413.7,4182.9,3.8115, 327.23, 518.29
   41640,   41700,15.169,3758.4,4420.5,3.9101, 358.26, 542.05
   41700,   41760,13.76,4176.5,4925.4,3.8256, 395.88, 592.54
   41760,   41820,8.9641,3898.3,4861.1,3.5378, 370.85, 586.11
   41820,   41880,11.065,4307.9,5303.6,3.6639, 407.72, 630.36
   41880,   41940,5.1493,4698.4,5556,3.309, 442.86, 655.6
   41940,   42000,5.9734,5191.6,5714.3,3.3584, 487.24, 671.43
   42000,   42060,44.907,5409.5,5953.3,5.6944, 506.85, 695.33
   42060,   42120,18.888,5021.7,6133.6,4.1333, 471.95, 713.36
   42120,   42180,40.465,4436.2,5687.6,5.4279, 419.26, 668.76
   42180,   42240,21.616,4204.4,5469.7,4.297, 398.4, 646.97
   42240,   42300,9.3274,3945.5,4843.2,3.5596, 375.1, 584.32
   42300,   42360,8.4066,3930.3,5008.1,3.5044, 373.73, 600.81
   42360,   42420,4.7738,3846.6,4948.6,3.2864, 366.19, 594.86
   42420,   42480,8.3778,4107.2,5328.1,3.5027, 389.64, 632.81
   42480,   42540,5.7665,4213.6,5448.4,3.346, 399.23, 644.84
   42540,   42600,165.2,4610.5,5430.4,12.912, 434.94, 643.04
   42600,   42660,185.28,4368.5,6585.7,14.117, 413.17, 758.57
   42660,   42720,21.376,3635.4,5841.9,4.2825, 347.19, 684.19
   42720,   42780,57.346,3849.9,5546,6.4407, 366.49, 654.6
   42780,   42840,48.457,4060.9,5353.5,5.9074, 385.48, 635.35
   42840,   42900,11.045,3664,4645.5,3.6627, 349.76, 564.55
   42900,   42960,16.442,4536.8,5421.7,3.9865, 428.31, 642.17
   42960,   43020,9.2865,4295.8,5568.8,3.5572, 406.62, 656.88
   43020,   43080,45.27,4306.8,5648.9,5.7162, 407.61, 664.89
   43080,   43140,44.61,3978.7,5438.3,5.6766, 378.09, 643.83
   43140,   43200,165.85,4618,5527.4,12.951, 435.62, 652.74
   43200,   43260,29.614,2906.5,4859.8,4.7769, 281.58, 585.98
   43260,   43320,17.213,2988,4187.4,4.0328, 288.92, 518.74
   43320,   43380,29.671,3070.3,4358.4,4.7802, 296.33, 535.84
   43380,   43440,11.574,2326.3,3624.2,3.6945, 229.37, 462.42
   43440,   43500,15.118,1986.7,3062.3,3.9071, 198.8, 406.23
   43500,   43560,25.68,2084,2906.5,4.5408, 207.56, 390.65
   43560,   43620,16.635,3207.1,4325.6,3.9981, 308.64, 532.56
   43620,   43680,10.556,4004.2,5708.5,3.6334, 380.38, 670.85
   43680,   43740,13.966,3791.7,5709.4,3.838, 361.25, 670.94
   43740,   43800,15.412,4792,6089.3,3.9247, 451.28, 708.93
   43800,   43860,291.85,4956.8,6294,20.511, 466.11, 729.4
   43860,   43920,472.81,5810.7,6517.5,31.369, 542.96, 751.75
   43920,   43980,243.04,4772.7,6187.5,17.582, 449.54, 718.75
   43980,   44040,492.37,5325.2,6867.2,32.542, 499.27, 786.72
   44040,   44100,4622.7,10023,13254,280.36, 922.09, 1425.4
   44100,   44160,792.98,6896.9,12211,50.579, 640.72, 1321.1
   44160,   44220,114.85,5706.2,8732,9.8913, 533.56, 973.2
   44220,   44280,27.018,5009.8,7875.9,4.6211, 470.89, 887.59
   44280,   44340,38.932,4306.6,6536.8,5.3359, 407.59, 753.68
   44340,   44400,52.109,4735.2,6528.7,6.1266, 446.17, 752.87
   44400,   44460,29.971,4710.4,6957.5,4.7983, 443.93, 795.75
   44460,   44520,32.519,4844,6422.4,4.9511, 455.96, 742.24
   44520,   44580,25.227,4718.2,6349.1,4.5136, 444.64, 734.91
   44580,   44640,18.338,3881.4,5608.8,4.1003, 369.33, 660.88
   44640,   44700,21.799,3789.2,5189.7,4.3079, 361.03, 618.97
   44700,   44760,41.701,3987.4,5208.4,5.502, 378.87, 620.84
   44760,   44820,33.661,4250.7,5176.7,5.0196, 402.57, 617.67
   44820,   44880,59.22,4599.2,5278,6.5532, 433.93, 627.8
   44880,   44940,74.838,5090.2,5458.3,7.4903, 478.12, 645.83
   44940,   45000,75.317,4910.1,5846.7,7.519, 461.91, 684.67
   45000,   45060,108.17,4957.7,5828.1,9.4903, 466.19, 682.81
   45060,   45120,54.738,4090.6,6215,6.2843, 388.15, 721.5
   45120,   45180,28.832,3360.6,5700.8,4.7299, 322.46, 670.08
   45180,   45240,215.68,5823.1,6334,15.941, 544.08, 733.4
   45240,   45300,143.56,5677.8,5334.4,11.613, 531.01, 633.44
   45300,   45360,110.76,4790.7,5623.9,9.6456, 451.16, 662.39
   45360,   45420,141.9,5898.1,6446.1,11.514, 550.83, 744.61
   45420,   45480,126.79,5530.6,7333.9,10.607, 517.76, 833.39
   45480,   45540,79.72,4448.8,6024.1,7.7832, 420.39, 702.41
   45540,   45600,72.821,4514.1,5586.2,7.3693, 426.27, 658.62
   45600,   45660,74.596,4406.2,5713.6,7.4758, 416.56, 671.36
   45660,   45720,83.871,4609.5,5866.1,8.0322, 434.86, 686.61
   45720,   45780,94.675,4652.4,6042.2,8.6805, 438.72, 704.22
   45780,   45840,107.7,4701.6,5898.8,9.4619, 443.14, 689.88
   45840,   45900,84.759,4134.8,5603.8,8.0856, 392.13, 660.38
   45900,   45960,92.874,4095.1,5599.2,8.5725, 388.56, 659.92
   45960,   46020,81.312,3675.4,5261.4,7.8787, 350.79, 626.14
   46020,   46080,2301.3,7027.1,6943.4,141.08, 652.44, 794.34
   46080,   46140,985.14,6638.8,9114,62.108, 617.49, 1011.4
   46140,   46200,211.49,5036,7564.8,15.689, 473.24, 856.48
   46200,   46260,184.78,4630.9,7093.4,14.087, 436.78, 809.34
   46260,   46320,400.03,5364.2,6963.2,27.002, 502.78, 796.32
   46320,   46380,203.33,4596.4,6910.8,15.2, 433.67, 791.08
   46380,   46440,255.54,4769.1,6528.7,18.332, 449.22, 752.87
   46440,   46500,370.52,5449.4,6603,25.231, 510.44, 760.3
   46500,   46560,337.69,5809.5,6810.7,23.261, 542.85, 781.07
   46560,   46620,284.59,5578.3,7214.2,20.076, 522.05, 821.42
   46620,   46680,233.09,4866.3,6948.3,16.985, 457.97, 794.83
   46680,   46740,286.78,5274.7,6425,20.207, 494.72, 742.5
   46740,   46800,343.03,5739.5,6267.5,23.582, 536.56, 726.75
   46800,   46860,344.45,5663.3,6352.5,23.667, 529.7, 735.25
   46860,   46920,415.82,6150.9,7872.2,27.949, 573.58, 887.22
   46920,   46980,509.16,6984.7,9911,33.55, 648.62, 1091.1
   46980,   47040,457.19,6364.3,9903.8,30.431, 592.79, 1090.4
   47040,   47100,403.24,5963.9,8370,27.195, 556.75, 937
   47100,   47160,312.45,4648.7,7402.5,21.747, 438.38, 840.25
   47160,   47220,266.94,3895.6,6439.9,19.017, 370.6, 743.99
   47220,   47280,296.52,3854.6,6092.9,20.791, 366.92, 709.29
