CampaignData_and_Merges/R0/CSL_MobileLab_Parked/raw/20240804/USOS-Picarro-CO2-CH4-CO-H2O_MobileLabGround_20240804_R0.ict
38, 1001
Ilana Pollack, Nell Schafer, and Jeff Peischl
NOAA Chemical Sciences Laboratory
Picarro 2401-m CO2/CH4/CO/H2O Analyzer
USOS
1, 1
2024, 08, 04, 2024, 11, 20
0
StartTime_UTC, seconds_past_midnight, seconds past midnight
5
1, 1, 1, 1, 1
-9999, -9999, -9999, -9999, -9999
StopTime_UTC, seconds_past_midnight, seconds past midnight
CO2_ppm_1min, ppm, Gas_CO2_InSitu_S_DMF, carbon dioxide mixing ratio
CH4_ppb_1min, ppb, Gas_CH4_InSitu_S_DMF, methane mixing ratio
CO_ppb_1min, ppb, Gas_CO_InSitu_S_DMF, carbon monoxide mixing ratio
H2O_ppmv_1min, ppmv, Met_H2OMRV_InSitu_S_AVMR, water vapor mixing ratio
1
SPECIAL COMMENTS: N/A
18
PI_CONTACT_INFO: Address: NOAA Chemical Sciences Laboratory, Mail Stop CSL7, 325 Broadway, Boulder, CO 80305; Email: Ilana.Pollack@noaa.gov
PLATFORM: NOAA CSL Mobile Laboratory
LOCATION: The mobile lab was stationed in Salt Lake City, Utah.
ASSOCIATED_DATA: N/A
INSTRUMENT_INFO: CO2, CH4, and CO are reported as dry air mole fractions using a commercial wavelength-scanned cavity ring-down analyzer (Picarro 2401-m). An in-field calibration gas standard of 432±0.07 ppm CO2, 2095±1 ppb CH4, and 183±1 ppb CO, calibrated in the Boulder laboratories before and after the field project using primary CO2, CH4, and CO standard tanks tied to the WMO standard (X2019, X2004A, and X2014A, respectively) from the Global Monitoring Laboratory (GML), was delivered to the inlet every 2-3 days to evaluate instrument sensitivity. A H2O measurement was calibrated before the project with a Dew Point Mirror 373 hygrometer. The water correction calculated from these calibrations was applied to the H2O measurement for the entire campaign. Species are measured at 0.5 Hz and reported as 1-minute averages for stationary measurements.
DATA_INFO: Units: CO2, ppm, dry air mole fraction; CH4, ppb, dry air mole fraction; CO, ppb, dry air mole fraction; H2O, ppmv
UNCERTAINTY: Total uncertainties are estimated as ±0.1 ppm for CO2, ±1 ppb for CH4, ±5 ppb for CO, and ±(50 ppm + 4%) for H2O.
ULOD_FLAG: -7777
ULOD_VALUE: N/A
LLOD_FLAG: -8888
LLOD_VALUE: N/A
DM_CONTACT_INFO: Data Manager: Nathan Howard; nathan.h.howard@noaa.gov
PROJECT_INFO: USOS Dates of Study: July – August 2024
STIPULATIONS_ON_USE: Use of these data require prior ok from PI.
OTHER_COMMENTS: Data are averaged to 1 minute intervals. Stationary data collected from a 10 ft tower on top of the mobile van.
REVISION: R0
R0: Final Data
StartTime_UTC, StopTime_UTC, CO2_ppm_1min, CH4_ppb_1min, CO_ppb_1min, H2O_ppmv_1min
[from data line 753]
45180,45240,471.52,2010.7,204.5,17117.6855
45240,45300,468.94,2016.9,189.2,17070.0488
45300,45360,468.72,2021.0,175.1,16964.3438
45360,45420,469.48,2024.5,170.7,16999.3047
45420,45480,466.44,2018.2,168.5,17026.4355
45480,45540,466.04,2022.0,168.1,17057.3320
45540,45600,466.84,2023.9,169.7,17106.5391
45600,45660,469.45,2029.3,171.5,17219.0664
45660,45720,471.06,2023.4,171.6,17268.4570
45720,45780,470.92,2026.7,170.0,17168.1465
45780,45840,466.50,2025.6,165.3,17024.9961
45840,45900,467.97,2026.6,165.2,17101.2441
45900,45960,466.02,2018.8,164.5,16999.3672
45960,46020,472.59,2018.4,192.2,17015.9785
46020,46080,478.11,2019.3,199.0,17186.5313
46080,46140,477.32,2019.4,189.0,17288.9805
46140,46200,474.80,2020.6,185.6,17264.3320
46200,46260,471.49,2024.8,179.2,17173.8848
46260,46320,470.59,2019.1,182.3,17071.0605
46320,46380,472.33,2025.6,195.8,17131.0996
46380,46440,476.13,2027.3,222.6,17203.8926
46440,46500,480.02,2032.3,255.9,17362.7520
46500,46560,477.37,2036.5,288.3,17319.4805
46560,46620,473.55,2024.1,249.9,17132.8809
46620,46680,474.98,2025.3,244.5,17173.9082
46680,46740,473.23,2025.2,243.9,17098.9785
46740,46800,474.45,2028.2,244.4,17164.9824
46800,46860,475.10,2025.4,251.3,17245.8496
46860,46920,477.20,2023.1,319.3,17367.8320
46920,46980,475.77,2025.0,301.7,17399.7617
46980,47040,473.05,2023.4,252.0,17233.6211
47040,47100,474.49,2027.7,226.6,17274.2773
47100,47160,472.59,2036.5,185.0,17256.6113
47160,47220,467.91,2047.3,177.9,17158.6309
47220,47280,471.40,2047.3,246.6,17206.4824
47280,47340,470.35,2055.2,243.2,17168.4805
47340,47400,472.28,2058.1,209.8,17322.2617
47400,47460,474.18,2067.2,269.3,17538.2949
47460,47520,469.02,2059.5,488.2,17289.7637
47520,47580,467.93,2041.1,292.5,17283.5020
47580,47640,470.48,2040.7,250.2,17504.8242
47640,47700,468.36,2038.2,202.4,17486.0918
47700,47760,461.54,2027.9,174.8,17161.4082
47760,47820,462.26,2034.7,184.4,17192.1055
47820,47880,463.45,2030.6,198.2,17186.5996
47880,47940,461.97,2025.3,173.5,17235.8750
47940,48000,460.62,2014.0,180.5,16987.4023
48000,48060,462.98,2016.3,192.7,17054.7012
48060,48120,461.79,2015.9,199.4,17029.1172
48120,48180,457.88,2015.1,200.5,17010.6230
48180,48240,456.61,2031.0,177.5,17197.7461
48240,48300,453.49,2029.8,176.2,17082.0254
48300,48360,451.17,2014.0,171.0,16886.6348
48360,48420,450.66,2007.9,183.6,16805.0957
48420,48480,448.54,1997.8,166.7,16678.3223
48480,48540,449.14,1997.0,165.0,16755.7793
48540,48600,448.37,1992.0,172.8,16666.8340
48600,48660,451.72,1994.0,192.1,16945.2070
48660,48720,452.47,1993.6,183.1,16938.2422
48720,48780,453.44,1997.9,180.6,16986.5313
48780,48840,455.32,1999.4,188.2,17010.2305
48840,48900,457.49,1998.8,181.2,16960.7148
48900,48960,456.21,1998.1,180.4,17013.6484
48960,49020,455.97,1999.3,189.4,17077.9434
49020,49080,455.19,1999.2,188.8,17059.4688
49080,49140,454.54,1996.3,190.6,17030.0977
49140,49200,454.92,1997.0,189.2,17084.4727
49200,49260,452.68,1994.1,190.8,16929.0918
49260,49320,458.45,1997.3,199.8,17411.3184
49320,49380,459.88,1997.5,202.5,17261.2383
49380,49440,452.84,2011.9,192.7,17206.6836
49440,49500,450.40,2017.4,185.5,17169.3359
49500,49560,451.19,2009.5,189.3,17203.7910
49560,49620,451.54,2001.0,207.7,17065.8281
49620,49680,452.60,1998.0,201.9,17297.3711
49680,49740,452.29,1995.2,230.2,17167.1973
49740,49800,448.33,1987.1,213.2,16849.8613
49800,49860,444.90,1977.2,184.8,16359.9355
49860,49920,445.99,1979.1,195.4,16481.9883
49920,49980,444.70,1975.1,179.6,16423.3438
49980,50040,443.77,1972.1,169.1,16444.0391
50040,50100,445.05,1974.2,171.2,16638.2363
50100,50160,444.70,1971.5,169.9,16593.9941
50160,50220,448.06,1976.6,190.2,16786.5625
50220,50280,453.47,1980.3,193.6,17136.1543
50280,50340,453.60,1983.1,191.4,17328.4707
50340,50400,448.63,1986.1,186.1,17765.7773
50400,50460,449.60,1989.6,216.2,17770.1797
50460,50520,453.76,1993.9,244.4,17988.6074
50520,50580,454.21,1994.2,239.8,18095.3496
50580,50640,455.57,1995.6,240.2,18168.1699
50640,50700,455.50,1995.5,245.8,18044.8906
50700,50760,455.09,1996.1,231.8,18327.5527
50760,50820,451.19,2010.0,225.3,17769.6035
50820,50880,449.10,2005.8,233.9,17663.1504
50880,50940,450.81,2004.3,270.2,17646.5313
50940,51000,453.53,2010.4,296.5,17859.1699
51000,51060,452.44,2007.1,267.9,18063.8066
51060,51120,451.48,2008.4,242.7,18391.4492
51120,51180,453.77,2010.7,244.5,18562.9063
51180,51240,458.29,2011.1,284.5,18720.8555
51240,51300,458.35,2008.0,287.6,18980.8086
51300,51360,457.92,2009.6,288.6,19150.4258
51360,51420,457.81,2011.2,301.9,19220.1113
51420,51480,457.75,2012.0,297.1,19208.9707
51480,51540,461.61,2019.2,315.7,18904.1055
51540,51600,461.39,2022.6,313.4,18864.1211
51600,51660,463.33,2028.8,313.4,18526.3945
51660,51720,462.37,2026.0,309.1,18797.8555
51720,51780,461.47,2022.2,306.1,18754.5527
51780,51840,460.60,2021.6,304.6,18797.4414
51840,51900,459.66,2018.5,302.8,18642.9316
51900,51960,459.60,2023.1,305.5,18577.6797
51960,52020,458.49,2026.1,307.7,18781.0898
52020,52080,457.59,2021.9,310.8,18954.6055
52080,52140,458.21,2019.4,319.2,18443.4824
52140,52200,451.77,2002.0,264.0,17578.6484
52200,52260,451.89,2005.8,272.6,18076.2598
52260,52320,451.51,2007.3,275.6,18496.7441
52320,52380,451.48,2010.6,278.5,18716.2656
52380,52440,440.61,1974.1,177.1,16843.0723
52440,52500,446.66,1988.8,212.9,17543.3750
52500,52560,444.84,1992.8,213.2,17536.9961
52560,52620,443.89,1991.7,208.0,17625.8438
52620,52680,441.15,1986.0,199.4,17819.0547
52680,52740,439.58,1981.7,187.7,17428.5820
52740,52800,440.15,1981.6,202.3,17356.2539
52800,52860,440.09,1980.5,224.0,17404.4980
52860,52920,439.35,1980.3,192.6,17285.2871
52920,52980,439.87,1983.8,219.9,17511.8945
52980,53040,439.75,1984.1,193.7,17463.0430
53040,53100,439.01,1978.9,180.9,17266.4688
53100,53160,438.15,1975.2,166.8,17119.3105
53160,53220,438.54,1974.1,170.7,17546.3418
53220,53280,438.45,1971.4,164.0,17270.7637
53280,53340,438.18,1968.6,153.8,16877.7383
53340,53400,437.70,1966.7,151.3,16630.4336
53400,53460,436.78,1967.1,151.7,17181.6934
53460,53520,437.44,1967.9,154.4,16935.7988
53520,53580,437.84,1969.3,156.5,16872.1387
53580,53640,437.91,1969.5,153.7,16732.2207
53640,53700,438.02,1969.5,154.2,16758.0020
53700,53760,437.10,1968.4,150.5,17014.4004
53760,53820,437.11,1966.4,144.4,16478.0234
53820,53880,437.02,1967.9,146.4,16596.9531
53880,53940,437.20,1968.6,148.3,16740.9648
53940,54000,437.50,1970.7,147.1,16677.5078
54000,54060,438.30,1970.7,147.5,16799.5098
54060,54120,438.01,1970.5,147.3,16989.9805
54120,54180,437.76,1972.1,149.1,16836.3184
54180,54240,437.86,1972.2,146.6,16855.0137
54240,54300,437.65,1972.3,149.7,16932.2813
54300,54360,437.65,1972.8,148.7,17147.4160
54360,54420,438.34,1974.9,147.9,17246.0898
54420,54480,438.56,1977.1,149.2,17472.7285
54480,54540,439.79,1980.6,149.2,17259.0781
54540,54600,439.60,1980.3,150.1,17297.0488
54600,54660,441.13,1979.7,167.6,17842.1875
54660,54720,440.11,1980.4,166.8,17905.7617
54720,54780,439.75,1979.0,188.2,17477.4297
54780,54840,439.01,1977.6,156.2,17151.1680
54840,54900,437.35,1976.9,150.6,17776.9141
54900,54960,437.19,1976.7,151.9,17937.7441
54960,55020,437.21,1977.0,150.5,17976.1602
55020,55080,436.77,1977.3,154.4,17849.6543
55080,55140,438.21,1976.7,157.1,17516.8867
55140,55200,439.08,1977.6,160.9,17416.0957
55200,55260,439.70,1977.5,159.8,17494.1641
55260,55320,439.23,1977.4,163.9,17402.1504
55320,55380,439.54,1978.6,168.4,17450.1895
55380,55440,440.29,1980.7,180.4,17578.3730
55440,55500,439.79,1980.2,171.4,17509.2383
55500,55560,439.58,1980.1,168.9,17477.4805
55560,55620,439.92,1980.3,171.2,17509.5547
55620,55680,440.87,1980.2,177.9,17627.4297
55680,55740,440.37,1980.7,181.2,17819.7793
55740,55800,440.45,1980.9,185.8,17855.2969
55800,55860,439.69,1978.4,174.3,17579.2676
55860,55920,438.31,1976.7,163.7,17515.9199
55920,55980,438.42,1977.2,168.3,17742.5313
55980,56040,437.95,1978.8,174.6,18467.6523
56040,56100,437.83,1979.1,175.1,18819.7383
56100,56160,438.23,1980.1,180.3,18948.6172
56160,56220,437.14,1979.8,175.9,18862.1758
56220,56280,439.96,1981.5,283.1,19194.5313
56280,56340,439.07,1981.2,202.5,18583.9453
56340,56400,440.14,1980.5,192.2,18426.9473
56400,56460,440.10,1979.4,181.1,17875.4570
56460,56520,440.29,1979.7,184.1,18046.7246
56520,56580,440.46,1980.0,189.2,18118.7168
56580,56640,441.20,1980.5,188.7,18050.4707
56640,56700,440.51,1980.7,187.8,18237.7285
56700,56760,441.17,1981.4,214.7,18798.8223
56760,56820,440.07,1981.8,199.6,18877.7129
56820,56880,440.13,1981.9,191.5,18319.8848
56880,56940,439.92,1981.9,191.4,18544.5977
56940,57000,440.36,1981.7,191.3,18185.5742
57000,57060,440.62,1982.0,193.0,18182.0449
57060,57120,440.63,1981.9,197.3,18483.5781
57120,57180,441.67,1982.2,207.5,18552.8398
57180,57240,440.43,1982.1,199.5,18435.5352
57240,57300,441.40,1982.3,242.6,18575.1504
57300,57360,441.16,1981.7,201.5,18431.8711
57360,57420,440.47,1980.9,195.2,18497.1270
57420,57480,438.81,1980.1,189.2,18920.6348
57480,57540,438.74,1978.3,186.5,18434.5195
57540,57600,438.24,1978.1,182.9,18886.1797
57600,57660,438.58,1978.8,190.4,18562.2793
57660,57720,439.16,1978.6,189.2,18069.0938
57720,57780,439.60,1979.0,192.7,18159.8574
57780,57840,437.79,1979.0,194.0,19325.4434
57840,57900,437.16,1976.6,179.9,18529.8262
57900,57960,436.54,1975.0,172.4,18078.6270
57960,58020,436.58,1974.1,172.4,17967.0898
58020,58080,436.07,1973.4,174.5,18308.4141
58080,58140,438.24,1976.3,182.4,17939.0566
58140,58200,438.57,1976.4,182.6,17827.8223
58200,58260,439.63,1977.0,187.0,17886.8809
58260,58320,440.53,1977.4,191.0,17982.4180
58320,58380,439.44,1976.7,188.6,17900.9277
58380,58440,439.00,1976.4,186.7,17825.5605
58440,58500,437.31,1974.8,183.2,18330.3418
58500,58560,437.22,1973.8,177.1,17878.8750
58560,58620,437.65,1974.9,182.8,18588.0840
58620,58680,437.43,1975.2,184.6,18710.2109
58680,58740,437.63,1974.1,185.2,18318.8379
58740,58800,438.03,1973.4,182.4,17783.6035
58800,58860,438.30,1973.9,184.6,17901.7598
58860,58920,437.93,1974.1,186.2,18141.0840
58920,58980,436.72,1975.3,181.9,18522.1992
58980,59040,436.89,1973.6,180.8,18861.3906
59040,59100,436.01,1971.2,176.5,18190.3086
59100,59160,436.50,1970.0,175.8,17477.4160
59160,59220,435.32,1965.3,169.0,17110.7676
59220,59280,434.19,1960.6,161.8,16693.8359
59280,59340,434.05,1960.7,162.4,16796.6680
59340,59400,434.46,1962.4,165.8,16926.5566
59400,59460,433.71,1963.3,168.4,17557.8457
59460,59520,434.26,1962.7,166.4,17239.7422
59520,59580,433.39,1958.4,157.1,16606.1113
59580,59640,433.44,1958.3,160.0,16609.5879
59640,59700,433.81,1959.0,162.5,16724.8516
59700,59760,433.87,1959.5,164.0,16802.5605
59760,59820,433.60,1959.1,165.6,16912.0020
59820,59880,433.48,1959.2,167.2,17141.8574
59880,59940,434.49,1958.9,194.4,17982.0020
59940,60000,439.36,1960.5,214.3,18053.7988
60000,60060,433.86,1959.6,168.2,17525.7383
60060,60120,435.93,1960.8,183.7,18011.7734
60120,60180,434.44,1961.2,172.0,17569.6914
60180,60240,433.90,1962.0,165.9,17303.2461
60240,60300,434.14,1962.6,165.6,17305.9961
60300,60360,433.80,1968.3,165.1,17389.1582
60360,60420,434.79,1966.0,165.5,17323.9238
60420,60480,436.42,1963.9,173.4,17711.9219
60480,60540,433.58,1962.9,157.2,17014.9785
60540,60600,433.99,1963.0,162.5,17200.7676
60600,60660,433.64,1963.7,174.8,17521.0293
60660,60720,434.05,1964.0,161.8,17084.1934
60720,60780,436.28,1964.9,174.4,17981.2461
60780,60840,434.86,1965.1,163.6,17286.3438
60840,60900,434.41,1965.5,161.8,17168.2637
60900,60960,434.81,1967.0,164.7,17347.8848
60960,61020,434.49,1968.1,165.2,17306.7070
61020,61080,435.18,1967.9,172.5,17556.6699
61080,61140,436.39,1967.8,192.0,18164.1777
61140,61200,434.38,1968.2,162.6,17514.0156
61200,61260,434.41,1968.5,163.7,17603.9844
61260,61320,434.71,1968.7,162.6,17411.5195
61320,61380,434.55,1968.9,163.2,17679.3633
61380,61440,435.03,1969.1,167.0,17561.2363
61440,61500,434.49,1968.2,166.3,17634.0449
61500,61560,434.65,1968.3,163.6,17321.1680
61560,61620,434.09,1968.1,160.5,17525.4844
61620,61680,434.35,1967.9,168.5,17346.6602
61680,61740,434.58,1968.8,165.7,17500.1992
61740,61800,434.64,1969.4,168.7,17573.2363
61800,61860,434.39,1968.9,168.6,17345.2168
61860,61920,434.49,1969.7,167.6,17504.0039
61920,61980,435.01,1971.6,169.5,17667.3555
61980,62040,434.23,1971.2,158.4,17413.6465
62040,62100,433.90,1972.5,160.4,17764.2656
62100,62160,434.41,1971.1,159.4,17375.2793
62160,62220,434.25,1971.0,158.2,17409.7168
62220,62280,439.43,1974.6,286.7,18125.3398
62280,62340,435.69,1974.7,228.9,18139.4043
62340,62400,434.67,1973.2,163.8,17561.8945
62400,62460,434.47,1973.9,162.8,17605.5430
62460,62520,434.77,1975.1,164.8,17778.2813
62520,62580,434.93,1975.9,167.0,17838.9473
62580,62640,435.23,1975.5,170.4,17786.4668
62640,62700,434.67,1974.9,163.8,17750.6348
62700,62760,434.90,1975.9,165.3,17901.9746
62760,62820,435.33,1977.1,167.5,17847.8574
62820,62880,435.40,1977.4,169.4,17777.1367
62880,62940,435.49,1978.2,171.1,17957.3457
62940,63000,436.07,1980.5,174.4,17838.3359
63000,63060,436.51,1981.0,175.9,17751.3848
63060,63120,436.42,1980.8,175.9,17809.2422
63120,63180,435.88,1977.9,170.1,17602.2031
63180,63240,435.36,1976.8,169.3,17524.9316
63240,63300,435.79,1979.0,172.4,17916.3828
63300,63360,435.15,1979.2,172.4,17871.7266
63360,63420,434.95,1979.7,173.7,17776.0352
63420,63480,434.70,1979.4,175.1,17944.5098
63480,63540,434.56,1978.6,170.8,17968.6270
63540,63600,435.46,1979.0,172.3,17972.7461
63600,63660,434.97,1978.3,170.4,17785.6484
63660,63720,435.06,1978.6,170.6,17872.3145
63720,63780,435.99,1979.2,174.7,18113.1074
63780,63840,434.66,1976.2,172.2,17946.7012
63840,63900,433.60,1973.1,163.3,17231.3164
63900,63960,433.59,1972.6,159.6,16973.3984
63960,64020,433.41,1972.0,159.0,16942.7305
64020,64080,431.95,1968.5,155.3,16884.8184
64080,64140,433.45,1970.5,168.6,17560.1406
64140,64200,433.43,1967.7,162.1,17314.6426
64200,64260,432.90,1967.6,157.4,17119.4258
64260,64320,429.32,1956.8,134.5,15888.2588
64320,64380,429.28,1958.4,137.9,16312.0029
64380,64440,429.86,1959.5,141.0,16177.9336
64440,64500,429.63,1960.3,140.4,16267.5332
64500,64560,429.83,1959.7,140.5,16203.8447
64560,64620,429.44,1959.0,139.4,16195.1143
64620,64680,429.87,1960.4,148.4,16708.6855
64680,64740,428.98,1955.6,136.6,15792.0635
64740,64800,429.50,1957.7,140.6,16075.8340
64800,64860,429.48,1959.5,145.5,16256.7363
64860,64920,429.55,1959.6,147.3,16567.7305
64920,64980,432.00,1961.7,176.5,17302.0977
64980,65040,429.02,1955.1,145.4,16286.3545
65040,65100,429.03,1956.5,146.0,16508.4980
65100,65160,431.46,1956.5,169.8,16848.0156
65160,65220,429.12,1952.2,139.4,15716.1914
65220,65280,428.62,1952.2,142.2,16097.5215
65280,65340,430.15,1952.3,149.5,15710.7520
65340,65400,431.26,1951.8,149.0,15840.0117
65400,65460,428.65,1952.4,141.8,15838.5586
65460,65520,428.07,1950.6,139.5,15768.3682
65520,65580,427.31,1949.4,133.0,15361.9434
65580,65640,427.06,1948.5,132.4,15380.8516
65640,65700,426.38,1945.8,122.6,14874.8008
65700,65760,426.70,1945.5,123.9,14775.2842
65760,65820,426.90,1946.1,122.5,14815.2998
65820,65880,429.68,1948.4,161.0,15319.3877
65880,65940,427.67,1944.8,131.3,16198.0039
65940,66000,427.45,1943.2,121.8,14978.0537
66000,66060,427.63,1945.2,130.6,15312.0850
66060,66120,427.62,1949.3,129.5,15728.6465
66120,66180,427.84,1949.6,136.4,16686.4297
66180,66240,428.84,1950.3,143.7,16842.4648
66240,66300,427.79,1950.3,160.7,16712.7070
66300,66360,427.72,1950.2,149.7,15969.3721
66360,66420,427.17,1949.9,135.0,16380.9092
66420,66480,427.38,1949.2,132.3,15709.0234
66480,66540,427.46,1949.3,134.2,15528.5977
66540,66600,427.45,1949.4,136.4,15471.6299
66600,66660,427.60,1950.1,139.8,15423.7412
66660,66720,427.67,1949.9,131.9,15367.2363
66720,66780,427.43,1949.6,132.9,15532.6465
66780,66840,427.93,1950.0,132.4,15481.1914
66840,66900,428.56,1950.3,134.1,15776.6260
66900,66960,427.79,1950.5,135.2,15617.4941
66960,67020,427.33,1949.8,132.9,15559.7959
67020,67080,427.05,1947.8,126.9,15359.9756
67080,67140,427.20,1946.6,126.0,15094.9521
67140,67200,426.96,1946.4,124.5,14947.0400
67200,67260,427.01,1946.7,125.0,14973.0869
67260,67320,426.84,1947.3,127.5,15289.9521
67320,67380,427.11,1947.9,129.5,15105.6094
67380,67440,427.27,1948.0,129.0,15018.1992
