CampaignData_and_Merges/R0/CSL_MobileLab_Parked/raw/20240804/USOS-PTR_MobileLabGround_20240804_RA.ict
58, 1001
Matthew Coggon, Kelvin Bates, Chelsea Stockwell, Carsten Warneke
NOAA ESRL Chemical Sciences Division
NOAA PTR-ToF-MS
USOS
1,1 
2024, 08, 04, 2023, 08, 07
0
Time_Start, seconds, number of seconds from 00:00 UTC 
22
1, 1, 1, 1, 1, 1, 1, 1, 1, 1, 1, 1, 1, 1, 1, 1, 1, 1, 1, 1, 1, 1
-9999, -9999, -9999, -9999, -9999, -9999, -9999, -9999, -9999, -9999, -9999, -9999, -9999, -9999, -9999, -9999, -9999, -9999, -9999, -9999, -9999, -9999
CH3OH_NOAAPTR_ppbv,  ppbv, Gas_CH3OH_InSitu_S_AVMR, (CH3OH) methanol
CH3CN_NOAAPTR_ppbv,  ppbv, Gas_CH3CN_InSitu_S_AVMR, (CH3CN) acetonitrile
CH3CHO_NOAAPTR_ppbv,  ppbv, Gas_CH3CHO_InSitu_S_AVMR, (CH3CHO) acetaldehyde plus contributions from ethylene glycol and ethylene oxide. Interference from ethanol has been subtracted out.
C2H5OH_NOAAPTR_ppbv,  ppbv, Gas_C2H5OH_InSitu_S_AVMR, (C2H5OH) ethanol
CH3SH_NOAAPTR_ppbv,  ppbv, Gas_CH3SH_InSitu_S_AVMR, (CH3SH) methanethiol, using calibration factor for DMS
Acrolein_NOAAPTR_ppbv,  ppbv, Gas_Acrolein_InSitu_S_AVMR, (C3H4O) acrolein
AcetonePropanal_NOAAPTR_ppbv,  ppbv, Gas_AcetoneAndPropanal_InSitu_S_AVMR, (C3H6O) sum of acetone (dominant isomer) and propanal, using calibration factor for acetone
DMS_NOAAPTR_ppbv,  ppbv, Gas_DMS_InSitu_S_AVMR, (C2H6S) dimethyl sulfide with possible small contributions from ethanethiol
C5H8_NOAAPTR_ppbv,  ppbv, Gas_Isoprene_InSitu_S_AVMR, (C5H8) isoprene and possible fragments from cycloalkanes and aldehydes. Interferences have been subtracted following methods described by Coggon et al (2023)
MVKMAC_NOAAPTR_ppbv,  ppbv, Gas_MVKAndMAC_InSitu_S_AVMR, (C4H6O) sum of methyl vinyl ketone, methacrolein, and small amounts of crotonaldehyde, using weighted calibration factor for MVK (0.637) and MACR (0.363)
Benzene_NOAAPTR_ppbv,  ppbv, Gas_Benzene_InSitu_S_AVMR, (C6H6) benzene
Toluene_NOAAPTR_ppbv,  ppbv, Gas_Toluene_InSitu_S_AVMR, (C7H8) toluene with possible small contributions of fragments from ethyltoluene
Styrene_NOAAPTR_ppbv,  ppbv, Gas_Styrene_InSitu_S_AVMR, (C8H8) styrene
Benzaldehyde_NOAAPTR_ppbv,  ppbv, Gas_Benzaldehyde_InSitu_S_AVMR, (C7H6O) benzaldehyde
C8Aromatics_NOAAPTR_ppbv,  ppbv, Gas_C8Aromatics_InSitu_M_AVMR, (C8H10) sum of m-xylene, p-xylene, o-xylene, and ethyl benzene
C9Aromatics_NOAAPTR_ppbv,  ppbv, Gas_C9Aromatics_InSitu_M_AVMR, (C9H12) sum of C9 aromatics
Naphthalene_NOAAPTR_ppbv,  ppbv, Gas_Naphthalene_InSitu_S_AVMR, (C10H8) naphthalene
Octanal_NOAAPTR_ppbv,  ppbv, Gas_Octanal_InSitu_S_AVMR, (C8H16O) octanal and small amounts of octanone
Monoterpenes_NOAAPTR_ppbv,  ppbv, Gas_Monoterpenes_InSitu_M_AVMR, (C10H16) sum of monoterpenes and possible contributions from fragments of oxygenated monoterpenoids such as eucalyptol.
Nonanal_NOAAPTR_ppbv,  ppbv, Gas_Nonanal_InSitu_M_AVMR, (C9H18O) nonanal and small amounts of nonanone
C7H4ClF3_NOAAPTR_ppbv,  ppbv, Gas_C7H4ClF3_InSitu_S_AVMR, (C7H4ClF3) parachlorobenzotrifluoride
C10H30O5Si5_NOAAPTR_ppbv,  ppbv, Gas_C10H30O5Si5_InSitu_S_AVMR, (C10H30O5Si5) decamethylcyclopentasiloxane
1
SPECIAL COMMENTS:N/A
21
PI_CONTACT_INFO: NOAA ESRL Chemical Sciences Division, Tropospheric Chemistry Group. 325 Broadway, R/CSD7, Boulder, CO 80305
PLATFORM: Mobile Laboratory.
LOCATION: Salt Lake City, UT
ASSOCIATED_DATA: N/A
INSTRUMENT_INFO: NOAA PTR-ToF-MS measurements on NOAA CSL Mobile Lab
DATA_INFO: Units: ppbv
UNCERTAINTY: See OTHER_COMMENTS
ULOD_FLAG: -7777
ULOD_VALUE: N/A
LLOD_FLAG: -8888
LLOD_VALUE: N/A.
DM_CONTACT_INFO: Data Managers: Matt Coggon, Kelvin Bates, Chelsea Stockwell; email: matthew.m.coggon@noaa.gov and kelvin.bates@colorado.edu
PROJECT_INFO: USOS Deployment July-August, 2024
STIPULATIONS_ON_USE: Use of these data require prior OK from PI.
OTHER_COMMENTS: Uncertainties:
CH3OH_NOAAPTR_ppbv:30%; CH3CN_NOAAPTR_ppbv:30%; CH3CHO_NOAAPTR_ppbv:30%; C2H5OH_NOAAPTR_ppbv:30%; CH3SH_NOAAPTR_ppbv:50%; Acrolein_NOAAPTR_ppbv:30%; AcetonePropanal_NOAAPTR_ppbv:30%; DMS_NOAAPTR_ppbv:30%; C5H8_NOAAPTR_ppbv:30%; MVKMAC_NOAAPTR_ppbv:30%; 
Benzene_NOAAPTR_ppbv:30%; Toluene_NOAAPTR_ppbv:30%; Styrene_NOAAPTR_ppbv:30%; Benzaldehyde_NOAAPTR_ppbv:30%; C8Aromatics_NOAAPTR_ppbv:30%; C9Aromatics_NOAAPTR_ppbv:30%; Naphthalene_NOAAPTR_ppbv:30%; Octanal_NOAAPTR_ppbv:30%; Monoterpenes_NOAAPTR_ppbv:30%; Nonanal_NOAAPTR_ppbv:30%; 
C7H4ClF3_NOAAPTR_ppbv:30%; C10H30O5Si5_NOAAPTR_ppbv:30%; 
REVISION: RA
RA: Field Data
Time_Start, CH3OH_NOAAPTR_ppbv, CH3CN_NOAAPTR_ppbv, CH3CHO_NOAAPTR_ppbv, C2H5OH_NOAAPTR_ppbv, CH3SH_NOAAPTR_ppbv, Acrolein_NOAAPTR_ppbv, AcetonePropanal_NOAAPTR_ppbv, DMS_NOAAPTR_ppbv, C5H8_NOAAPTR_ppbv, MVKMAC_NOAAPTR_ppbv, Benzene_NOAAPTR_ppbv, Toluene_NOAAPTR_ppbv, Styrene_NOAAPTR_ppbv, Benzaldehyde_NOAAPTR_ppbv, C8Aromatics_NOAAPTR_ppbv, C9Aromatics_NOAAPTR_ppbv, Naphthalene_NOAAPTR_ppbv, Octanal_NOAAPTR_ppbv, Monoterpenes_NOAAPTR_ppbv, Nonanal_NOAAPTR_ppbv, C7H4ClF3_NOAAPTR_ppbv, C10H30O5Si5_NOAAPTR_ppbv
[from data line 1259]
75540.0, 5.80415, 0.18046, 1.00729, 1.38087, -0.00062, 0.16022, 3.31158, 0.00813, 0.18871, 0.19434, 0.02125, 0.13787, -0.00626, -0.02471, 0.03528, 0.01315, -0.00564, 0.02842, 0.05883, 0.03035, 0.00377, 0.00217 
75600.0, 5.39000, 0.17489, 0.97636, 1.43472, 0.00022, 0.14049, 3.27325, 0.00623, 0.17711, 0.22790, -0.02061, 0.10027, -0.00625, -0.03858, 0.03034, 0.01307, -0.00251, 0.02492, 0.04161, 0.01199, 0.00337, 0.00020 
75660.0, 5.85807, 0.15624, 1.06736, 1.63508, 0.00011, 0.16827, 3.29014, 0.01508, 0.23134, 0.20756, 0.02953, 0.10652, 0.00083, -0.03114, 0.04395, 0.01145, -0.00100, 0.03629, 0.06538, 0.04323, 0.00514, 0.00287 
75720.0, 7.33169, 0.18910, 1.11928, 0.95589, 0.00168, 0.16690, 3.21326, -0.00080, 0.20660, 0.21319, 0.04687, 0.08036, -0.00188, -0.00826, 0.03878, 0.01832, -0.00455, 0.02858, 0.08699, 0.03688, 0.00560, 0.00220 
75780.0, 6.68357, 0.19203, 0.94016, 1.19454, -0.00061, 0.15209, 3.07637, 0.01505, 0.10945, 0.18134, -0.01379, 0.08755, 0.00423, -0.02204, 0.03422, 0.01678, -0.00865, 0.01313, 0.08092, 0.01779, -0.00011, 0.00427 
75840.0, 7.05809, 0.18583, 1.17274, 1.64984, -0.00016, 0.16591, 3.28632, 0.01528, 0.23882, 0.19747, 0.06386, 0.11935, -0.00622, -0.02009, 0.06007, 0.02301, -0.00817, 0.04263, 0.18846, 0.03018, 0.00604, 0.00373 
75900.0, 5.86601, 0.18535, 0.95427, 1.38018, -0.00083, 0.13770, 3.10564, -0.00479, 0.21846, 0.18749, 0.03345, 0.08399, 0.00904, -0.02144, 0.04141, 0.01106, -0.00269, 0.02415, 0.08081, 0.02174, 0.00685, 0.00320 
75960.0, 7.71173, 0.17098, 1.14659, 1.90423, 0.00162, 0.16626, 3.24168, 0.01528, 0.33316, 0.18752, 0.03686, 0.08922, 0.00551, -0.03000, 0.04916, 0.01707, 0.00216, 0.04783, 0.13912, 0.04359, 0.00475, 0.00370 
76020.0, 7.04828, 0.18783, 1.24115, 1.81384, 0.00301, 0.16881, 3.30143, 0.01550, 0.28479, 0.20520, 0.02702, 0.09831, 0.00993, -0.00268, 0.04407, 0.01589, -0.00636, 0.03587, 0.18245, 0.05073, 0.00512, 0.00173 
76080.0, 6.01964, 0.18445, 1.04486, 1.63118, 0.00444, 0.16887, 3.23618, 0.00953, 0.20241, 0.17803, 0.03825, 0.09775, -0.00600, -0.01286, 0.03647, 0.00926, -0.00880, 0.03888, 0.13215, 0.03499, 0.00596, 0.00139 
76140.0, 5.64969, 0.19790, 0.89687, 1.62567, 0.00218, 0.15562, 3.19319, 0.00901, 0.36462, 0.19163, 0.01878, 0.07454, 0.00323, -0.02846, 0.03893, 0.01642, -0.00789, 0.02881, 0.07743, 0.02379, 0.00227, 0.00477 
76200.0, 5.50594, 0.18737, 0.85071, 1.21755, 0.00157, 0.14370, 3.07020, 0.00909, 0.35361, 0.18892, 0.03988, 0.05749, 0.00660, -0.03020, 0.03881, 0.01334, -0.01205, 0.02235, 0.09211, 0.03795, 0.00220, -0.00044 
76260.0, 5.75958, 0.16083, 0.98769, 1.76016, 0.00001, 0.13106, 3.18411, -0.00050, 0.32281, 0.18358, 0.02457, 0.07887, 0.00608, -0.02288, 0.03869, 0.01401, -0.00251, 0.02588, 0.17925, 0.02985, 0.00274, 0.00052 
76320.0, 5.64828, 0.19239, 0.88735, 1.37431, -0.00092, 0.13559, 3.15694, -0.00214, 0.48758, 0.19309, 0.02980, 0.07546, 0.01046, -0.01407, 0.04459, 0.01400, -0.00544, 0.02675, 0.10482, 0.02813, 0.00499, 0.00296 
76380.0, 6.64937, 0.17718, 0.98212, 2.10370, 0.00125, 0.16137, 3.24961, 0.01753, 0.50775, 0.20605, 0.03253, 0.09910, 0.00517, -0.01192, 0.04232, 0.01285, -0.01205, 0.02839, 0.20828, 0.03894, 0.00369, 0.00208 
76440.0, 5.45210, 0.16595, 0.69801, 1.25578, 0.00275, 0.13586, 3.08441, 0.00201, 0.31196, 0.16920, -0.00242, 0.06550, 0.00333, -0.00912, 0.02854, 0.01359, -0.00285, 0.02231, 0.09468, 0.01596, 0.00390, 0.00187 
76500.0, 4.76914, 0.18106, 0.80956, 1.08250, -0.00078, 0.12912, 3.03350, -0.00369, 0.23403, 0.17470, 0.02166, 0.06277, 0.00725, -0.01434, 0.02069, 0.00701, -0.00379, 0.02504, 0.07436, 0.01434, 0.00292, 0.00040 
76560.0, 8.71788, 0.17319, 0.93619, 1.46161, -0.00091, 0.13886, 3.12651, -0.00012, 0.25812, 0.18356, 0.04511, 0.07109, -0.00317, -0.00347, 0.02450, 0.01028, -0.00461, 0.02351, 0.11238, 0.03231, 0.00540, 0.00134 
76620.0, 8.32113, 0.17565, 1.00479, 1.48853, -0.00043, 0.14301, 3.12011, 0.00724, 0.16630, 0.18211, 0.04967, 0.08055, 0.00806, -0.02780, 0.04597, 0.02029, -0.00501, 0.03449, 0.11933, 0.04149, 0.00300, 0.00305 
76680.0, 9.69298, 0.17768, 0.86624, 1.20466, -0.00026, 0.14181, 3.16760, 0.00347, 0.19815, 0.17846, 0.04969, 0.06246, -0.00612, -0.00400, 0.03083, 0.01147, 0.00547, 0.02028, 0.07270, 0.03052, 0.00286, 0.00053 
76740.0, 6.11979, 0.17207, 0.92566, 0.97072, -0.00067, 0.16513, 3.13578, 0.00473, 0.15237, 0.16364, 0.02579, 0.06520, 0.00782, 0.00482, 0.02753, 0.00752, -0.00477, 0.02582, 0.07244, 0.03649, 0.01098, 0.00027 
76800.0, 7.25474, 0.18235, 1.32658, 8.81829, 0.00159, 0.20622, 3.46134, 0.00858, 0.27845, 0.20341, 0.38364, 1.77829, 0.05392, -0.02457, 0.56875, 0.18595, 0.01281, 0.04275, 0.07900, 0.07413, 0.00735, 0.00184 
76860.0, 6.42895, 0.16693, 0.99677, 1.34100, 0.00105, 0.15919, 3.13172, -0.00155, 0.20492, 0.15878, 0.03261, 0.08431, 0.00184, -0.01069, 0.02989, 0.00361, -0.00216, 0.03457, 0.12839, 0.03176, 0.01128, 0.00124 
76920.0, 6.98825, 0.18146, 1.04931, 1.36296, 0.00087, 0.17457, 3.23604, -0.00234, 0.12866, 0.16783, 0.07376, 0.09803, 0.00862, 0.00598, 0.03766, 0.01286, 0.01557, 0.02867, 0.06989, 0.02913, 0.00212, 0.00175 
76980.0, 5.33431, 0.18621, 1.02078, 1.04414, -0.00090, 0.14834, 3.25609, 0.00518, 0.05674, 0.15823, 0.04946, 0.12343, -0.00269, -0.00060, 0.03885, 0.01036, 0.01136, 0.03298, 0.03623, 0.03498, 0.00311, 0.00053 
77040.0, 5.19728, 0.16752, 0.97950, 1.00669, 0.00113, 0.14816, 3.13994, 0.01282, 0.16605, 0.17368, 0.01516, 0.09025, 0.00258, -0.00031, 0.04277, 0.01370, 0.00040, 0.02448, 0.06763, 0.02591, 0.00252, 0.00211 
77100.0, 5.71023, 0.18126, 1.00256, 0.90302, 0.00059, 0.15729, 3.22209, -0.00482, 0.11973, 0.18650, 0.04630, 0.08413, -0.00397, -0.00850, 0.04118, 0.00649, -0.01204, 0.03195, 0.02937, 0.03226, 0.00305, 0.00092 
77160.0, 4.71216, 0.17628, 1.06076, 0.79714, 0.00453, 0.17152, 3.25925, 0.00179, 0.07559, 0.18689, 0.08538, 0.11278, -0.00607, -0.00416, 0.04242, 0.01065, 0.00246, 0.02109, 0.02033, 0.02612, -0.00008, 0.00397 
77220.0, 5.49989, 0.19260, 0.87715, 0.94618, 0.00155, 0.12938, 3.09604, 0.00465, 0.05565, 0.15407, 0.04390, 0.07555, -0.00606, 0.00102, 0.03245, 0.01042, -0.00495, 0.01840, 0.01644, 0.01436, 0.00299, 0.00076 
77280.0, 4.88642, 0.17818, 0.93811, 0.97015, 0.00289, 0.14046, 3.18945, 0.01107, 0.04563, 0.15410, 0.03782, 0.10082, 0.00614, -0.01135, 0.03870, 0.01130, 0.01111, 0.01900, 0.00738, 0.00838, 0.00268, 0.00105 
77340.0, 6.72163, 0.18153, 1.21496, 0.88064, 0.00144, 0.15797, 3.33999, 0.00564, 0.15817, 0.18799, 0.09367, 0.07716, -0.00002, -0.00797, 0.04942, 0.01308, 0.00050, 0.02970, 0.03624, 0.04679, 0.01011, 0.00260 
77400.0, 7.05133, 0.18642, 1.40282, 2.81666, -0.00059, 0.18083, 3.52797, 0.00771, 0.40787, 0.24077, 0.11192, 0.49915, 0.02126, 0.01451, 0.13141, 0.05025, -0.00084, 0.05053, 0.13403, 0.04782, 0.00680, 0.00433 
77460.0, 7.09722, 0.17286, 1.10701, 1.88032, 0.00028, 0.18365, 3.40203, 0.00835, 0.32062, 0.21634, 0.04194, 0.26803, 0.01433, -0.01083, 0.07437, 0.02526, -0.00421, 0.04527, 0.13169, 0.06281, 0.00327, 0.00296 
77520.0, 5.70765, 0.16764, 0.93585, 0.75544, -0.00089, 0.16733, 3.09885, 0.01255, 0.16107, 0.15393, 0.06734, 0.09357, 0.00105, -0.01561, 0.03597, 0.00945, -0.00184, 0.01683, 0.11198, 0.01762, 0.00357, 0.00319 
77580.0, 6.62567, 0.18629, 1.02674, 2.16713, -0.00038, 0.15619, 3.22988, -0.00002, 0.16624, 0.18687, 0.10531, 0.33962, 0.00047, -0.01632, 0.13319, 0.05885, 0.00944, 0.04128, 0.10888, 0.05695, 0.00330, -0.00125 
77640.0, 5.57341, 0.17528, 0.84756, 1.06143, 0.00251, 0.13557, 3.11155, 0.00881, 0.23291, 0.16919, 0.04309, 0.07328, 0.00703, -0.02040, 0.03308, 0.00539, 0.00000, 0.01394, 0.09228, 0.02294, 0.00523, 0.00281 
77700.0, 7.23608, 0.17539, 1.08471, 1.14482, 0.00182, 0.17261, 3.14150, -0.00319, 0.27823, 0.19390, 0.03980, 0.07748, 0.01234, -0.01464, 0.05426, 0.01577, 0.00335, 0.02134, 0.12187, 0.02914, 0.00059, 0.00030 
77760.0, 6.47748, 0.18553, 0.98107, 1.37288, 0.00036, 0.14512, 3.15356, 0.00590, 0.20749, 0.18879, 0.03982, 0.06723, 0.01270, -0.00579, 0.02241, 0.01448, -0.00231, 0.02615, 0.15356, 0.03647, 0.00359, 0.00130 
77820.0, 6.36063, 0.17370, 0.86393, 1.59603, 0.00136, 0.14327, 3.12886, 0.01216, 0.39066, 0.18221, 0.04814, 0.07347, 0.01567, -0.00545, 0.03908, 0.01575, 0.00348, 0.01195, 0.13437, 0.03093, 0.00275, 0.00101 
77880.0, 6.43045, 0.16718, 0.86575, 1.23169, -0.00089, 0.12884, 3.05606, 0.00993, 0.35169, 0.18603, 0.04562, 0.05687, 0.01182, -0.00548, 0.03493, 0.01014, 0.00168, 0.02818, 0.10446, 0.03599, 0.00524, 0.00247 
77940.0, 6.18010, 0.18340, 0.90947, 1.62010, 0.00532, 0.12362, 3.09455, 0.00538, 0.38935, 0.21145, 0.07638, 0.09794, 0.01822, 0.00958, 0.04285, 0.02136, 0.00581, 0.03236, 0.22781, 0.03699, 0.00031, 0.00103 
78000.0, 5.85859, 0.18614, -9999.00000, 1.27454, -0.00067, 0.13159, 3.03555, 0.01325, -9999.00000, 0.17619, 0.03309, 0.06867, 0.01684, 0.01852, 0.04548, 0.01202, 0.00425, 0.02707, 0.15981, 0.03209, 0.00391, 0.00101 
78060.0, -9999.00000, -9999.00000, -9999.00000, -9999.00000, -9999.00000, -9999.00000, -9999.00000, -9999.00000, -9999.00000, -9999.00000, -9999.00000, -9999.00000, -9999.00000, -9999.00000, -9999.00000, -9999.00000, -9999.00000, -9999.00000, -9999.00000, -9999.00000, -9999.00000, -9999.00000 
78120.0, -9999.00000, -9999.00000, -9999.00000, -9999.00000, -9999.00000, -9999.00000, -9999.00000, -9999.00000, -9999.00000, -9999.00000, -9999.00000, -9999.00000, -9999.00000, -9999.00000, -9999.00000, -9999.00000, -9999.00000, -9999.00000, -9999.00000, -9999.00000, -9999.00000, -9999.00000 
78180.0, -9999.00000, -9999.00000, -9999.00000, -9999.00000, -9999.00000, -9999.00000, -9999.00000, -9999.00000, -9999.00000, -9999.00000, -9999.00000, -9999.00000, -9999.00000, -9999.00000, -9999.00000, -9999.00000, -9999.00000, -9999.00000, -9999.00000, -9999.00000, -9999.00000, -9999.00000 
78240.0, -9999.00000, -9999.00000, -9999.00000, -9999.00000, -9999.00000, -9999.00000, -9999.00000, -9999.00000, -9999.00000, -9999.00000, -9999.00000, -9999.00000, -9999.00000, -9999.00000, -9999.00000, -9999.00000, -9999.00000, -9999.00000, -9999.00000, -9999.00000, -9999.00000, -9999.00000 
78300.0, -9999.00000, -9999.00000, -9999.00000, -9999.00000, -9999.00000, -9999.00000, -9999.00000, -9999.00000, -9999.00000, -9999.00000, -9999.00000, -9999.00000, -9999.00000, -9999.00000, -9999.00000, -9999.00000, -9999.00000, -9999.00000, -9999.00000, -9999.00000, -9999.00000, -9999.00000 
78360.0, -9999.00000, -9999.00000, -9999.00000, -9999.00000, -9999.00000, -9999.00000, -9999.00000, -9999.00000, -9999.00000, -9999.00000, -9999.00000, -9999.00000, -9999.00000, -9999.00000, -9999.00000, -9999.00000, -9999.00000, -9999.00000, -9999.00000, -9999.00000, -9999.00000, -9999.00000 
78420.0, -9999.00000, -9999.00000, -9999.00000, -9999.00000, -9999.00000, -9999.00000, -9999.00000, -9999.00000, -9999.00000, -9999.00000, -9999.00000, -9999.00000, -9999.00000, -9999.00000, -9999.00000, -9999.00000, -9999.00000, -9999.00000, -9999.00000, -9999.00000, -9999.00000, -9999.00000 
78480.0, -9999.00000, -9999.00000, -9999.00000, -9999.00000, -9999.00000, -9999.00000, -9999.00000, -9999.00000, -9999.00000, -9999.00000, -9999.00000, -9999.00000, -9999.00000, -9999.00000, -9999.00000, -9999.00000, -9999.00000, -9999.00000, -9999.00000, -9999.00000, -9999.00000, -9999.00000 
78540.0, -9999.00000, -9999.00000, -9999.00000, -9999.00000, -9999.00000, -9999.00000, -9999.00000, -9999.00000, -9999.00000, -9999.00000, -9999.00000, -9999.00000, -9999.00000, -9999.00000, -9999.00000, -9999.00000, -9999.00000, -9999.00000, -9999.00000, -9999.00000, -9999.00000, -9999.00000 
78600.0, -9999.00000, -9999.00000, -9999.00000, -9999.00000, -9999.00000, -9999.00000, -9999.00000, -9999.00000, -9999.00000, -9999.00000, -9999.00000, -9999.00000, -9999.00000, -9999.00000, -9999.00000, -9999.00000, -9999.00000, -9999.00000, -9999.00000, -9999.00000, -9999.00000, -9999.00000 
78660.0, 6.51824, 0.20283, -9999.00000, 1.30093, 0.00300, 0.17206, 3.03883, 0.01319, -9999.00000, 0.23177, 0.05454, 0.19462, 0.01688, 0.01160, 0.07807, 0.03260, 0.00990, 0.00626, 0.09791, 0.03842, -0.00122, 0.00264 
78720.0, 6.36121, 0.20494, 1.32176, 1.16148, 0.00293, 0.46468, 3.13150, 0.00270, 0.32805, 0.34187, 0.38485, 0.19351, 0.05293, 0.03887, 0.07120, 0.03649, 0.03911, 0.03505, 0.13421, 0.02186, 0.00513, 0.00202 
78780.0, 8.75665, 0.18278, 1.15948, 1.97956, 0.00451, 0.21448, 3.14826, 0.00747, 0.33183, 0.24858, 0.04272, 0.14810, 0.01280, 0.01858, 0.07133, 0.03280, 0.00229, 0.05166, 0.22253, 0.05031, 0.00229, 0.00311 
78840.0, 6.28085, 0.16769, 0.78214, 1.06481, 0.00220, 0.11916, 2.86988, -0.00115, 0.19715, 0.21097, 0.04873, 0.07639, 0.00129, -0.00352, 0.04174, 0.01456, -0.00124, 0.02567, 0.13692, 0.02642, 0.00315, 0.00051 
78900.0, 5.50535, 0.18695, 0.80108, 1.15504, 0.00306, 0.14357, 2.90602, 0.00054, 0.19220, 0.19284, 0.00706, 0.11421, 0.01037, -0.01208, 0.04696, 0.02408, 0.01141, 0.03661, 0.10981, 0.03477, 0.00410, 0.00088 
78960.0, 6.98418, 0.17234, 0.78908, 1.18084, -0.00018, 0.15270, 2.98331, 0.01943, 0.13851, 0.19778, 0.04988, 0.10091, 0.01273, -0.01013, 0.04792, 0.01800, 0.00454, 0.04003, 0.15016, 0.03022, 0.00644, 0.00184 
79020.0, 6.69305, 0.17753, 0.72418, 0.53496, 0.00120, 0.11120, 2.86667, 0.00179, 0.11204, 0.20195, 0.02189, 0.05111, 0.00575, -0.01442, 0.02908, 0.01279, 0.00595, 0.02522, 0.09898, 0.03389, -0.00126, 0.00215 
79080.0, 5.84174, 0.17726, 0.79127, 0.95794, 0.00060, 0.13881, 2.84558, 0.00638, 0.18608, 0.20834, -0.01535, 0.06076, 0.00375, -0.01102, 0.03075, 0.01901, -0.00252, 0.01079, 0.16829, 0.02825, 0.00194, 0.00023 
79140.0, 5.73723, 0.17769, 0.80321, 1.13798, 0.00265, 0.13954, 2.91060, 0.01390, 0.09360, 0.21874, 0.06745, 0.09300, 0.00101, -0.00832, 0.04502, 0.02067, -0.00413, 0.04223, 0.13715, 0.03442, 0.00346, -0.00047 
79200.0, 7.02376, 0.17560, 1.08754, 1.78426, 0.00170, 0.16201, 3.08964, 0.01088, 0.22980, 0.25989, 0.03752, 0.15638, -0.00593, -0.00737, 0.07007, 0.03436, 0.01176, 0.03768, 0.31797, 0.05390, 0.00236, 0.00243 
79260.0, 5.35702, 0.14926, 0.67833, 0.67489, 0.00201, 0.12710, 2.83045, 0.01430, 0.14780, 0.18266, -0.01579, 0.05829, -0.00593, -0.01631, 0.03385, 0.01086, -0.00172, 0.02295, 0.04795, 0.03029, 0.00487, 0.00237 
79320.0, 6.22310, 0.19307, 0.72664, 1.02951, 0.00100, 0.12097, 2.88346, 0.01224, 0.36420, 0.20678, 0.02180, 0.05680, 0.00950, -0.00698, 0.03041, 0.01506, 0.00482, 0.04474, 0.11488, 0.02334, 0.00493, 0.00075 
79380.0, 6.70100, 0.18122, 0.77093, 1.53859, -0.00040, 0.14954, 2.91587, 0.00942, 0.55419, 0.22531, -0.00158, 0.07955, -0.00593, -0.02378, 0.04551, 0.01992, 0.00596, 0.03204, 0.15602, 0.03054, 0.00468, 0.00106 
79440.0, 4.92163, 0.16689, 0.57544, 0.58664, 0.00127, 0.10379, 2.74858, 0.00916, 0.03315, 0.15094, 0.01164, 0.02795, 0.00393, 0.00774, 0.02015, 0.01483, -0.00578, 0.02071, 0.02540, 0.01276, 0.00584, 0.00032 
79500.0, 6.31910, 0.19317, 0.81197, 2.23408, -0.00000, 0.11684, 2.86698, 0.02112, 0.14874, 0.20946, 0.06739, 0.34063, 0.01629, -0.01270, 0.10729, 0.03016, 0.00689, 0.02769, 0.08632, 0.03913, 0.00601, 0.00194 
79560.0, 5.42819, 0.15246, 0.66914, 1.06532, 0.00015, 0.13558, 2.81540, 0.00100, 0.11184, 0.18120, 0.02445, 0.04190, 0.01028, -0.00933, 0.03127, 0.01332, 0.00934, 0.04320, 0.07406, 0.03877, 0.00422, -0.00110 
79620.0, 6.33717, 0.17614, 0.78026, 1.02772, 0.00487, 0.13135, 2.84125, 0.01263, 0.19883, 0.19887, 0.04609, 0.05423, 0.00740, -0.00442, 0.03630, 0.01341, 0.01456, 0.04388, 0.10722, 0.03239, 0.00289, 0.00200 
79680.0, 7.43921, 0.17988, 0.79054, 1.21557, 0.00161, 0.14226, 2.94956, 0.00601, 0.25526, 0.19645, 0.02253, 0.07509, 0.00938, -0.01293, 0.04218, 0.01330, -0.00580, 0.03918, 0.15716, 0.03923, 0.00548, 0.00130 
79740.0, 5.27670, 0.17708, 0.75094, 0.71519, 0.00087, 0.11762, 2.82164, 0.01061, 0.16511, 0.18101, 0.05830, 0.08404, -0.00138, -0.01092, 0.03358, 0.01180, 0.00931, 0.01690, 0.11069, 0.01922, 0.00062, 0.00132 
