CampaignData_and_Merges/R0/CSL_MobileLab_Parked/raw/20240804/USOS-POPS_MobileLabGround_20240804_R0.ict
78, 1001
Thornberry, T. D.
NOAA Chemical Sciences Laboratory
Portable Optical Particle Spectrometer (POPS)
USOS
1, 1
2024, 08, 04, 2025, 05, 08
60
Time_Start, seconds_past_midnight, Start time of measurement
45
1, 1, 1, 1, 1, 1, 1, 1, 1, 1, 1, 1, 1, 1, 1, 1, 1, 1, 1, 1, 1, 1, 1, 1, 1, 1, 1, 1, 1, 1, 1, 1, 1, 1, 1, 1, 1, 1, 1, 1, 1, 1, 1, 1, 1
-9999, -9999, -9999, -9999, -9999, -9999, -9999, -9999, -9999, -9999, -9999, -9999, -9999, -9999, -9999, -9999, -9999, -9999, -9999, -9999, -9999, -9999, -9999, -9999, -9999, -9999, -9999, -9999, -9999, -9999, -9999, -9999, -9999, -9999, -9999, -9999, -9999, -9999, -9999, -9999, -9999, -9999, -9999, -9999, -9999
Time_Stop, seconds_past_midnight, Stop time of measurement
Time_Mid, seconds_past_midnight, Mid time of measurement
Press_mb, mb, Pressure reported (mb)
Temp_C, degrees C, POPS temperature measurement
Aerosol_concentration, cm^-3, Aerosol concentration
Surface_Area_Conc, um^2 cm^-3, Surface area concentration
Volume_density, um^3 cm^-3, Volume density
Effective_radius, um, Effective radius
Extinction, km^-1, Extinction
Bin01, cm^-3, particle concentration in size range [1401 - 146.3 nm]
Bin02, cm^-3, particle concentration in size range [146.3 - 152.8 nm]
Bin03, cm^-3, particle concentration in size range [152.8 - 159.6 nm]
Bin04, cm^-3, particle concentration in size range [159.6 - 166.8 nm]
Bin05, cm^-3, particle concentration in size range [166.8 - 174.2 nm]
Bin06, cm^-3, particle concentration in size range [174.2 - 181.9 nm]
Bin07, cm^-3, particle concentration in size range [181.9 - 190.0 nm]
Bin08, cm^-3, particle concentration in size range [190.0 - 198.5 nm]
Bin09, cm^-3, particle concentration in size range [198.5 - 207.4 nm]
Bin10, cm^-3, particle concentration in size range [207.4 - 216.6 nm]
Bin11, cm^-3, particle concentration in size range [216.6 - 226.2 nm]
Bin12, cm^-3, particle concentration in size range [226.2 - 236.3 nm]
Bin13, cm^-3, particle concentration in size range [236.3 - 246.8 nm]
Bin14, cm^-3, particle concentration in size range [246.8 - 257.8 nm]
Bin15, cm^-3, particle concentration in size range [257.8 - 269.3 nm]
Bin16, cm^-3, particle concentration in size range [269.3 - 343.4 nm]
Bin17, cm^-3, particle concentration in size range [343.4 - 450.7 nm]
Bin18, cm^-3, particle concentration in size range [450.7 - 525.9 nm]
Bin19, cm^-3, particle concentration in size range [525.9 - 618.5 nm]
Bin20, cm^-3, particle concentration in size range [618.5 - 710.0 nm]
Bin21, cm^-3, particle concentration in size range [710.0 - 822.7 nm]
Bin22, cm^-3, particle concentration in size range [822.7 - 885.9 nm]
Bin23, cm^-3, particle concentration in size range [885.9 - 953.9 nm]
Bin24, cm^-3, particle concentration in size range [953.9 - 1027.2 nm]
Bin25, cm^-3, particle concentration in size range [1027.2 - 1106.1 nm]
Bin26, cm^-3, particle concentration in size range [1106.1 - 1191.0 nm]
Bin27, cm^-3, particle concentration in size range [1191.0 - 1282.5 nm]
Bin28, cm^-3, particle concentration in size range [1282.5 - 1381.0 nm]
Bin29, cm^-3, particle concentration in size range [1381.0 - 1487.1 nm]
Bin30, cm^-3, particle concentration in size range [1487.1 - 1601.3 nm]
Bin31, cm^-3, particle concentration in size range [1601.3 - 1724.3 nm]
[...]
PLATFORM: NOAA CSL Mobile Lab
LOCATION: USOS
ASSOCIATED_DATA: N/A
INSTRUMENT_INFO: Printed Optical Particle Spectrometer counts particles from 140 - 2500 nm in diameter 
DATA_INFO: Particle concentrations reported in number per cubic centimeter,1 Hz data
UNCERTAINTY: Counting uncertainty dominated by air flow, less than 5 percent. Measurement range is ~0 - 3000 per cm3 (varies depending on flow rate- manufacturer quotes 1250 per cm3 at 1.667 cc/s)
ULOD_FLAG: -7777
ULOD_VALUE: N/A
LLOD_FLAG: -8888
LLOD_VALUE: N/A
DM_CONTACT_INFO: Troy Thornberry, 325 Broadway R/CSL6, Boulder, CO 80305; troy.thornberry@noaa.gov; 303-497-3373
PROJECT_INFO: USOS, Utah POPS data from NOAA CSL Mobile Lab
STIPULATIONS_ON_USE: Please contact the PIs for questions regarding applications and uncertainties
OTHER_COMMENTS: POPS bin Edges (nm):  140.1, 146.3, 152.8, 159.6, 166.8, 174.2, 181.9, 190.0, 198.5, 207.4, 216.6, 226.2, 236.3, 246.8, 257.8, 269.3, 343.4, 450.7, 525.9, 618.5, 710.0, 822.7, 885.9, 953.9, 1027.2, 1106.1, 1191.0, 1282.5, 1381.0, 1487.1, 1601.3, 1724.3, 1856.7, 1999.3, 2152.8, 2318.2, 2496.2
Calculations assume organic aerosol refractive index of 1.52+0.00j and extinction wavelength = 532 nm
REVISION: R0
R0: Final data
Time_Start, Time_Stop, Time_Mid, Press_mb, Temp_C, Aerosol_concentration, Surface_Area_Conc, Volume_density, Effective_radius, Extinction, Bin01, Bin02, Bin03, Bin04, Bin05, Bin06, Bin07, Bin08, Bin09, Bin10, Bin11, Bin12, Bin13, Bin14, Bin15, Bin16, Bin17, Bin18, Bin19, Bin20, Bin21, Bin22, Bin23, Bin24, Bin25, Bin26, Bin27, Bin28, Bin29, Bin30, Bin31, Bin32, Bin33, Bin34, Bin35, Bin36
0,59,30,870.636,37.283,431.238,63.484,3.478,0.163,0.017,55.732124,47.880367,40.049274,35.728085,30.555601,26.287306,21.665054,19.146126,16.854961,15.554943,14.862365,14.584071,14.793529,14.142524,11.247191,35.312683,11.755723,3.033273,1.233273,0.204254,0.146976,0.050446,0.057060,0.033797,0.028619,0.033751,0.034052,0.039476,0.044345,0.011750,0.044733,0.022432,0.028828,0.000000,0.016639,0.022552
60,119,90,870.625,37.276,413.426,60.913,3.217,0.157,0.016,52.618553,45.289757,37.638027,33.302830,28.883654,24.282610,20.979052,18.327452,16.141449,14.996879,14.600265,14.139402,14.313457,14.155252,11.754711,36.061119,11.351931,2.870965,1.078034,0.138461,0.123316,0.051090,0.051163,0.039756,0.039897,0.022669,0.022682,0.000000,0.010798,0.028182,0.050590,0.017264,0.005467,0.000000,0.011669,0.028117
120,179,150,870.602,37.339,372.859,58.774,3.512,0.175,0.017,41.986965,36.616528,32.534695,28.565281,25.257826,22.089760,19.162796,16.812986,14.798482,14.276376,13.609983,14.320130,14.908275,14.314562,11.591635,36.134445,11.102241,2.823230,1.041151,0.227760,0.156032,0.072718,0.055317,0.065973,0.033030,0.027832,0.022608,0.044285,0.017085,0.033089,0.055530,0.022770,0.000000,0.005482,0.016468,0.055970
180,239,210,870.602,37.329,387.166,59.758,3.267,0.162,0.017,43.972523,38.870586,33.796349,30.460611,26.947023,22.540804,20.022367,17.526758,16.380835,14.681089,13.695441,14.183277,14.577300,14.115237,11.494072,37.102070,11.673740,3.172662,1.211927,0.172472,0.162040,0.056904,0.033747,0.050458,0.033432,0.026998,0.038886,0.011319,0.010691,0.021931,0.051088,0.022329,0.010987,0.011024,0.005394,0.022006
240,299,270,870.578,37.355,363.675,57.785,3.306,0.169,0.017,38.987091,33.868477,30.235260,27.663019,24.612078,21.345043,19.264311,17.177170,15.146918,14.711164,13.589661,14.262614,14.479630,13.895906,11.409949,36.383213,11.799080,2.923472,1.228283,0.160867,0.155284,0.050301,0.032924,0.027382,0.022057,0.016343,0.034069,0.027245,0.027391,0.010753,0.034467,0.011021,0.005708,0.016654,0.015962,0.044621
300,359,330,870.596,37.308,367.468,58.293,3.331,0.169,0.017,39.439919,35.151222,30.535175,27.350508,24.742897,22.070982,19.205431,17.155952,14.866684,14.171141,13.931408,14.456430,14.820724,14.525126,11.653663,36.652466,11.847737,2.975624,1.221952,0.189772,0.099741,0.050672,0.061724,0.039297,0.021800,0.016511,0.005631,0.011207,0.016527,0.033599,0.039720,0.022477,0.039168,0.000000,0.016918,0.028058
360,419,390,870.569,37.172,359.669,59.108,3.650,0.181,0.018,36.990711,33.278332,29.009758,26.601242,23.633980,20.110514,18.360081,16.938740,16.011642,14.544320,14.208166,14.464190,14.795908,14.568009,11.683396,37.256809,11.893571,3.159066,1.376178,0.122583,0.122527,0.083404,0.049904,0.044326,0.038375,0.022325,0.038810,0.027686,0.028099,0.021816,0.033653,0.022667,0.028296,0.033220,0.038828,0.028083
420,479,450,870.559,37.008,353.124,57.730,3.528,0.180,0.017,36.930042,32.524380,28.415361,26.314737,22.552877,20.628798,18.578417,16.559494,15.459531,14.592737,13.273494,13.898326,14.264665,14.057485,11.801049,36.429718,11.802108,3.027222,1.182583,0.168469,0.153642,0.062947,0.073169,0.005539,0.056332,0.034429,0.011046,0.016448,0.033925,0.028512,0.062046,0.028190,0.022549,0.017170,0.028549,0.028233
480,539,510,870.558,36.972,353.491,56.870,3.068,0.160,0.017,36.178097,32.179871,28.613062,25.365728,23.475601,20.451571,18.485458,17.177156,15.048485,14.226930,13.826467,14.007289,14.696030,14.238317,11.797763,36.998734,11.492738,3.265523,1.228284,0.209579,0.131309,0.060340,0.033425,0.055165,0.026987,0.021856,0.016382,0.026767,0.027456,0.022608,0.055329,0.005747,0.010983,0.022282,0.000000,0.011437
540,599,570,870.545,36.932,359.826,58.318,3.368,0.170,0.017,36.461575,32.900543,28.655716,26.557907,23.455824,21.242313,18.802231,17.293894,15.603813,14.367505,13.936635,14.499454,15.364676,14.753107,12.061038,36.774681,11.943794,3.087912,1.256994,0.183001,0.178740,0.065971,0.049708,0.039107,0.033879,0.033393,0.033253,0.016254,0.011149,0.022509,0.033529,0.022227,0.027789,0.011168,0.022746,0.022288
600,659,630,870.541,36.988,357.055,58.004,3.402,0.174,0.017,37.108585,31.696053,28.118294,26.594334,23.690519,20.578285,18.229744,16.533546,15.735572,14.425157,14.030608,14.439316,15.201200,14.603943,11.784683,37.373623,11.849947,2.850459,1.397001,0.227717,0.106241,0.083905,0.045116,0.038753,0.032911,0.050804,0.011378,0.033682,0.011111,0.039340,0.028144,0.049718,0.016224,0.011056,0.011343,0.016856
660,719,690,870.533,36.931,354.543,58.099,3.485,0.177,0.017,36.096237,32.076756,27.508406,25.558712,23.836954,20.828310,18.542547,16.524450,15.841737,14.414717,13.939767,14.439440,15.120508,14.146272,11.957564,36.749958,11.930619,2.945420,1.246145,0.183228,0.167714,0.050478,0.049491,0.049254,0.038661,0.038870,0.016239,0.038978,0.050112,0.016577,0.016596,0.016594,0.033140,0.000000,0.033237,0.039503
720,779,750,870.527,36.884,356.588,57.985,3.311,0.169,0.017,35.769428,31.870115,28.548162,25.874580,24.073929,20.601337,19.049522,16.401205,15.437432,14.269905,13.804132,14.652974,14.836967,14.585109,12.008687,37.988777,11.749660,3.048228,1.256004,0.190433,0.141025,0.067542,0.017319,0.056504,0.027663,0.028103,0.028605,0.039470,0.022596,0.017007,0.045741,0.010993,0.011610,0.005726,0.011571,0.039554
780,839,810,870.533,36.913,351.236,56.816,3.160,0.165,0.017,36.070175,31.415312,28.103523,25.712057,23.124134,20.481016,18.519920,16.439619,15.248858,14.176361,13.591954,14.133974,14.710475,14.019908,11.610065,37.095394,11.847475,2.923905,1.171095,0.255647,0.140302,0.072678,0.072175,0.054951,0.022328,0.027913,0.044612,0.016409,0.011174,0.011555,0.043602,0.011435,0.011416,0.005429,0.011156,0.027986
840,899,870,870.516,36.900,348.651,56.658,3.184,0.166,0.017,34.815430,30.700274,26.949089,25.332575,23.035362,20.426189,18.459497,16.940416,14.937328,14.054084,13.954957,14.111042,14.993905,14.539174,11.700330,36.513401,12.199426,3.177263,1.115897,0.195377,0.132773,0.044618,0.038601,0.017112,0.038455,0.039411,0.033754,0.016952,0.005308,0.027739,0.021617,0.022100,0.011635,0.016203,0.005612,0.027941
900,959,930,870.517,36.848,350.618,57.453,3.359,0.172,0.017,34.994305,31.298918,27.323143,25.574680,23.235298,20.246155,18.440348,16.884245,14.836693,14.690857,14.013062,14.585857,14.408109,13.994406,11.425323,37.683342,11.837953,3.115227,1.241171,0.229777,0.146202,0.045032,0.050660,0.038425,0.021947,0.021942,0.017097,0.027479,0.011132,0.016810,0.051123,0.022306,0.033444,0.016657,0.016591,0.022349
960,1019,990,870.521,36.830,347.479,58.189,3.587,0.182,0.018,34.235207,30.324301,27.205774,25.145693,22.665020,20.163280,17.988167,16.416613,14.756493,14.040272,13.725328,14.322586,14.190943,14.844946,11.769230,37.820911,12.664886,2.977948,1.330647,0.254600,0.124034,0.067062,0.073159,0.028247,0.044170,0.033782,0.016951,0.005765,0.011112,0.022580,0.074351,0.034528,0.032800,0.028778,0.011087,0.027384
1020,1079,1050,870.537,36.798,348.822,57.650,3.459,0.178,0.017,34.565186,30.862825,27.662373,25.186857,22.553240,20.307816,18.178381,16.569830,14.860249,14.303971,13.835880,14.168001,14.723060,14.060030,11.656689,37.551956,12.474011,3.165632,1.302629,0.215616,0.177946,0.067733,0.066153,0.033217,0.027879,0.021923,0.022304,0.033019,0.005612,0.028260,0.000000,0.049757,0.016823,0.027704,0.016735,0.022367
1080,1139,1110,870.541,36.670,345.257,56.878,3.288,0.172,0.017,34.617390,30.022135,26.760317,24.785744,22.540247,19.707514,18.113995,16.687414,15.105203,14.482455,13.826480,13.635988,14.729325,14.229753,11.774193,37.495464,11.683545,3.088623,1.090641,0.231697,0.159302,0.060148,0.060069,0.061142,0.037749,0.039261,0.005208,0.021870,0.033376,0.038661,0.049606,0.016347,0.016449,0.016402,0.011058,0.021741
1140,1199,1170,870.556,36.595,346.295,57.433,3.321,0.171,0.017,34.072147,29.999996,26.545895,24.817181,22.764118,19.928595,17.461651,16.291807,15.191687,14.308635,13.667321,14.454585,14.747862,14.545413,11.811296,38.232544,12.295809,3.210550,1.153284,0.199494,0.120346,0.094813,0.039053,0.032428,0.027609,0.026783,0.022544,0.021820,0.038879,0.021748,0.061998,0.022190,0.021593,0.016596,0.016359,0.010515
1200,1259,1230,870.583,36.535,346.606,57.454,3.381,0.175,0.017,34.799423,30.279913,26.692656,25.391926,22.298334,20.134975,18.514257,15.852028,15.356144,13.586453,13.788701,14.435125,14.529832,14.231041,11.409466,38.303810,11.779824,3.003899,1.373562,0.205535,0.166187,0.060634,0.049133,0.049296,0.033248,0.005631,0.016726,0.054969,0.021720,0.038380,0.032967,0.016453,0.044261,0.016309,0.011242,0.021829
1260,1319,1290,870.602,36.607,345.026,58.089,3.607,0.184,0.018,34.606548,30.006958,26.583017,24.390165,22.619179,19.728020,17.933769,16.268204,14.475950,14.220044,13.686803,14.031404,14.271099,14.628491,11.925669,37.828259,12.726681,3.071893,1.169809,0.152687,0.099092,0.049990,0.065763,0.077969,0.032955,0.060144,0.033261,0.039517,0.044135,0.033640,0.027653,0.027628,0.038491,0.032852,0.005447,0.033217
1320,1379,1350,870.622,36.549,344.466,57.929,3.620,0.185,0.018,34.090408,30.823410,26.753242,24.099464,21.931774,19.503853,18.019211,16.186893,14.697705,14.219291,13.374651,14.227019,14.844107,14.122293,11.620829,38.371773,12.374939,3.065455,1.353185,0.172712,0.132881,0.055403,0.032849,0.028026,0.061447,0.005241,0.028128,0.027488,0.027452,0.027312,0.044935,0.027529,0.033434,0.016367,0.021526,0.043317
1380,1439,1410,870.635,36.588,346.246,57.139,3.261,0.170,0.017,34.840603,31.402348,27.337322,24.303957,22.441521,20.470970,17.183214,16.028234,14.760691,14.016376,13.710191,13.829232,14.526448,14.518167,12.132936,36.856434,12.528420,3.348167,1.327944,0.154914,0.082601,0.071357,0.038427,0.032092,0.022476,0.021752,0.038710,0.016973,0.044205,0.033371,0.055521,0.011035,0.016220,0.010913,0.010701,0.021975
1440,1499,1470,870.651,36.632,348.568,59.294,3.963,0.196,0.018,33.884968,30.684462,27.253321,25.251289,22.067738,20.854563,18.070089,16.820652,14.860953,13.945644,13.941693,14.225146,14.529064,14.388958,11.730299,38.429512,12.215133,3.146925,1.267674,0.219830,0.198531,0.083201,0.038413,0.022515,0.044651,0.055638,0.027538,0.038303,0.027840,0.022032,0.032911,0.039327,0.032983,0.021936,0.027501,0.066926
1500,1559,1530,870.662,36.574,348.427,58.015,3.551,0.180,0.018,34.512093,31.117676,27.446457,25.300112,22.715158,19.883356,17.857416,16.775156,15.172120,14.363238,14.018350,14.660620,14.167367,13.854695,11.744515,37.349506,12.094647,3.207958,1.219825,0.233515,0.168261,0.123993,0.054257,0.038090,0.033832,0.028084,0.050696,0.017405,0.022009,0.022428,0.039332,0.034338,0.027298,0.039579,0.011146,0.022455
1560,1619,1590,870.661,36.421,348.275,57.449,3.201,0.165,0.017,35.137573,30.419321,26.903055,25.107401,22.208570,19.865829,17.802355,16.334314,15.016252,14.252908,13.399035,14.231954,14.892272,14.109050,11.927455,38.467529,12.893475,3.322119,1.231053,0.222336,0.149072,0.043460,0.044600,0.028098,0.039021,0.038631,0.027703,0.016460,0.033138,0.010840,0.027802,0.016999,0.022502,0.000000,0.010949,0.022110
1620,1679,1650,870.663,36.392,346.910,58.300,3.567,0.180,0.018,34.235607,30.394680,27.417732,24.569988,22.415895,20.344904,18.156216,16.698256,14.773844,13.971416,13.951446,13.993463,13.973351,14.726647,11.482344,37.894344,12.664622,3.015764,1.282003,0.224592,0.140809,0.074527,0.084886,0.062180,0.056607,0.027797,0.016820,0.022861,0.016636,0.028494,0.067456,0.010961,0.033905,0.016912,0.039449,0.022326
1680,1739,1710,870.663,36.375,350.266,58.753,3.686,0.184,0.018,34.799686,31.313261,27.431864,24.996441,23.110550,20.142759,17.927267,16.413853,15.466631,14.080354,14.018344,14.210198,14.181486,13.896987,11.993352,38.733898,12.130533,3.143858,1.325320,0.308669,0.121818,0.066729,0.050402,0.067123,0.027891,0.022530,0.016915,0.027376,0.028154,0.021876,0.056080,0.021848,0.010790,0.016918,0.033679,0.050245
1740,1799,1770,870.651,36.333,352.336,58.650,3.573,0.180,0.018,35.347939,30.432121,28.043886,25.716999,22.722050,20.229048,17.952915,16.544884,15.022576,15.022467,13.402642,13.986917,14.405622,14.559357,12.136004,38.874680,12.734078,3.430953,0.951335,0.191196,0.116879,0.060633,0.066158,0.027912,0.033634,0.039036,0.028031,0.039438,0.022684,0.033524,0.016100,0.039047,0.055458,0.017048,0.000000,0.033189
1800,1859,1830,870.654,36.281,346.642,58.182,3.453,0.175,0.018,34.337807,30.299635,27.055630,25.081587,22.338724,19.771465,17.965704,16.132456,15.001768,13.848812,13.176304,14.594838,14.393924,13.726295,11.964838,38.197353,13.264105,3.301280,1.306929,0.240644,0.132607,0.076372,0.055215,0.038283,0.054904,0.032375,0.033118,0.032665,0.016784,0.021821,0.049275,0.022547,0.010449,0.022258,0.021859,0.021271
1860,1919,1890,870.659,36.301,354.301,59.049,3.459,0.172,0.018,34.917027,31.077667,27.500872,25.258198,23.021282,20.327456,18.015858,16.488226,15.102789,14.662178,13.748576,14.761888,14.472090,14.840735,12.119824,39.376797,13.289045,3.261491,1.324448,0.216571,0.094449,0.038911,0.055133,0.045362,0.011109,0.026968,0.011109,0.022481,0.055608,0.022681,0.028054,0.016468,0.027742,0.010894,0.016917,0.033615
1920,1979,1950,870.664,36.273,352.289,58.107,3.408,0.174,0.017,34.752644,30.837177,27.242678,25.833632,22.630949,20.702099,18.088638,16.606777,15.401420,14.332601,14.484984,14.391134,14.885458,14.524852,12.216884,37.683292,12.424840,3.311836,1.203172,0.169908,0.104748,0.055998,0.072399,0.043417,0.044596,0.005447,0.028127,0.027616,0.011013,0.021815,0.033319,0.027407,0.027632,0.022158,0.016411,0.022153
1980,2039,2010,870.686,36.253,352.784,60.187,3.979,0.195,0.019,34.749664,31.592484,27.373949,25.034348,23.280605,20.370377,17.848213,16.186754,15.004885,14.081883,14.065030,14.093486,15.060287,14.215612,12.078238,39.082432,13.032537,3.326127,1.418479,0.166313,0.138930,0.061196,0.068923,0.039787,0.033389,0.061413,0.033414,0.017097,0.033041,0.022653,0.039065,0.033872,0.016795,0.022689,0.028192,0.072235
2040,2099,2070,870.703,36.242,354.953,59.948,3.820,0.187,0.019,34.754658,31.479580,27.716030,26.460192,23.059246,20.040873,18.862598,16.172937,15.121990,13.744975,13.658767,14.822017,14.976800,14.084887,12.211979,39.134102,13.168434,3.179113,1.284418,0.330949,0.123994,0.078128,0.089273,0.016503,0.027907,0.027706,0.016835,0.027935,0.022392,0.044556,0.072310,0.050840,0.028177,0.011187,0.011437,0.039599
2100,2159,2130,870.722,36.244,355.345,60.022,3.632,0.179,0.019,34.539814,31.591555,27.541458,25.155607,22.352642,20.253332,18.369682,16.894896,14.458487,15.174473,13.813597,14.713305,14.649846,14.446334,12.082973,40.172142,13.492922,3.439155,1.333407,0.219957,0.152654,0.056304,0.046407,0.051805,0.028610,0.017127,0.022974,0.039897,0.023208,0.034256,0.062617,0.028645,0.017146,0.022366,0.028250,0.017097
2160,2219,2190,870.710,36.212,438.533,71.772,4.160,0.172,0.022,43.540413,39.563393,34.888901,32.720085,29.273109,26.063732,23.450047,21.250490,19.643576,17.988438,17.218927,17.622892,18.335573,17.022619,13.847505,44.783897,14.177399,3.931629,1.977736,0.306051,0.212407,0.181254,0.094845,0.076192,0.052878,0.035568,0.023393,0.023171,0.046433,0.034754,0.029345,0.017488,0.023270,0.034346,0.011915,0.029440
2220,2279,2250,870.727,36.132,465.288,78.182,4.681,0.179,0.025,46.315338,41.468224,37.293125,33.961143,31.069187,27.751993,24.349934,22.548359,20.334404,18.932156,18.513851,18.796076,18.830551,18.194923,14.816597,47.592690,15.373940,4.756545,2.459283,0.542424,0.500988,0.165367,0.099045,0.115865,0.079570,0.054873,0.072109,0.050160,0.027255,0.071276,0.039703,0.038550,0.027821,0.016383,0.011153,0.016736
2280,2339,2310,870.741,36.027,376.975,65.237,4.101,0.185,0.022,36.075378,32.684444,29.160408,26.320402,25.205841,22.848604,20.414042,18.709396,16.831459,15.407360,15.443172,15.021191,15.638268,15.080497,12.055823,39.433018,12.426236,3.941221,2.301549,0.705016,0.444336,0.183202,0.106073,0.071965,0.100280,0.044795,0.062282,0.034412,0.033586,0.033275,0.050084,0.011077,0.011024,0.022933,0.016564,0.045300
