CampaignData_and_Merges/R0/CSL_MobileLab_Parked/raw/20240804/USOS-POPS_MobileLabGround_20240804_R0.ict
78, 1001
Thornberry, T. D.
NOAA Chemical Sciences Laboratory
Portable Optical Particle Spectrometer (POPS)
USOS
1, 1
2024, 08, 04, 2025, 05, 08
60
Time_Start, seconds_past_midnight, Start time of measurement
45
1, 1, 1, 1, 1, 1, 1, 1, 1, 1, 1, 1, 1, 1, 1, 1, 1, 1, 1, 1, 1, 1, 1, 1, 1, 1, 1, 1, 1, 1, 1, 1, 1, 1, 1, 1, 1, 1, 1, 1, 1, 1, 1, 1, 1
-9999, -9999, -9999, -9999, -9999, -9999, -9999, -9999, -9999, -9999, -9999, -9999, -9999, -9999, -9999, -9999, -9999, -9999, -9999, -9999, -9999, -9999, -9999, -9999, -9999, -9999, -9999, -9999, -9999, -9999, -9999, -9999, -9999, -9999, -9999, -9999, -9999, -9999, -9999, -9999, -9999, -9999, -9999, -9999, -9999
Time_Stop, seconds_past_midnight, Stop time of measurement
Time_Mid, seconds_past_midnight, Mid time of measurement
Press_mb, mb, Pressure reported (mb)
Temp_C, degrees C, POPS temperature measurement
Aerosol_concentration, cm^-3, Aerosol concentration
Surface_Area_Conc, um^2 cm^-3, Surface area concentration
Volume_density, um^3 cm^-3, Volume density
Effective_radius, um, Effective radius
Extinction, km^-1, Extinction
Bin01, cm^-3, particle concentration in size range [1401 - 146.3 nm]
Bin02, cm^-3, particle concentration in size range [146.3 - 152.8 nm]
Bin03, cm^-3, particle concentration in size range [152.8 - 159.6 nm]
Bin04, cm^-3, particle concentration in size range [159.6 - 166.8 nm]
Bin05, cm^-3, particle concentration in size range [166.8 - 174.2 nm]
Bin06, cm^-3, particle concentration in size range [174.2 - 181.9 nm]
Bin07, cm^-3, particle concentration in size range [181.9 - 190.0 nm]
Bin08, cm^-3, particle concentration in size range [190.0 - 198.5 nm]
Bin09, cm^-3, particle concentration in size range [198.5 - 207.4 nm]
Bin10, cm^-3, particle concentration in size range [207.4 - 216.6 nm]
Bin11, cm^-3, particle concentration in size range [216.6 - 226.2 nm]
Bin12, cm^-3, particle concentration in size range [226.2 - 236.3 nm]
Bin13, cm^-3, particle concentration in size range [236.3 - 246.8 nm]
Bin14, cm^-3, particle concentration in size range [246.8 - 257.8 nm]
Bin15, cm^-3, particle concentration in size range [257.8 - 269.3 nm]
Bin16, cm^-3, particle concentration in size range [269.3 - 343.4 nm]
Bin17, cm^-3, particle concentration in size range [343.4 - 450.7 nm]
Bin18, cm^-3, particle concentration in size range [450.7 - 525.9 nm]
Bin19, cm^-3, particle concentration in size range [525.9 - 618.5 nm]
Bin20, cm^-3, particle concentration in size range [618.5 - 710.0 nm]
Bin21, cm^-3, particle concentration in size range [710.0 - 822.7 nm]
Bin22, cm^-3, particle concentration in size range [822.7 - 885.9 nm]
Bin23, cm^-3, particle concentration in size range [885.9 - 953.9 nm]
Bin24, cm^-3, particle concentration in size range [953.9 - 1027.2 nm]
Bin25, cm^-3, particle concentration in size range [1027.2 - 1106.1 nm]
Bin26, cm^-3, particle concentration in size range [1106.1 - 1191.0 nm]
Bin27, cm^-3, particle concentration in size range [1191.0 - 1282.5 nm]
Bin28, cm^-3, particle concentration in size range [1282.5 - 1381.0 nm]
Bin29, cm^-3, particle concentration in size range [1381.0 - 1487.1 nm]
Bin30, cm^-3, particle concentration in size range [1487.1 - 1601.3 nm]
Bin31, cm^-3, particle concentration in size range [1601.3 - 1724.3 nm]
[...]
PLATFORM: NOAA CSL Mobile Lab
LOCATION: USOS
ASSOCIATED_DATA: N/A
INSTRUMENT_INFO: Printed Optical Particle Spectrometer counts particles from 140 - 2500 nm in diameter 
DATA_INFO: Particle concentrations reported in number per cubic centimeter,1 Hz data
UNCERTAINTY: Counting uncertainty dominated by air flow, less than 5 percent. Measurement range is ~0 - 3000 per cm3 (varies depending on flow rate- manufacturer quotes 1250 per cm3 at 1.667 cc/s)
ULOD_FLAG: -7777
ULOD_VALUE: N/A
LLOD_FLAG: -8888
LLOD_VALUE: N/A
DM_CONTACT_INFO: Troy Thornberry, 325 Broadway R/CSL6, Boulder, CO 80305; troy.thornberry@noaa.gov; 303-497-3373
PROJECT_INFO: USOS, Utah POPS data from NOAA CSL Mobile Lab
STIPULATIONS_ON_USE: Please contact the PIs for questions regarding applications and uncertainties
OTHER_COMMENTS: POPS bin Edges (nm):  140.1, 146.3, 152.8, 159.6, 166.8, 174.2, 181.9, 190.0, 198.5, 207.4, 216.6, 226.2, 236.3, 246.8, 257.8, 269.3, 343.4, 450.7, 525.9, 618.5, 710.0, 822.7, 885.9, 953.9, 1027.2, 1106.1, 1191.0, 1282.5, 1381.0, 1487.1, 1601.3, 1724.3, 1856.7, 1999.3, 2152.8, 2318.2, 2496.2
Calculations assume organic aerosol refractive index of 1.52+0.00j and extinction wavelength = 532 nm
REVISION: R0
R0: Final data
Time_Start, Time_Stop, Time_Mid, Press_mb, Temp_C, Aerosol_concentration, Surface_Area_Conc, Volume_density, Effective_radius, Extinction, Bin01, Bin02, Bin03, Bin04, Bin05, Bin06, Bin07, Bin08, Bin09, Bin10, Bin11, Bin12, Bin13, Bin14, Bin15, Bin16, Bin17, Bin18, Bin19, Bin20, Bin21, Bin22, Bin23, Bin24, Bin25, Bin26, Bin27, Bin28, Bin29, Bin30, Bin31, Bin32, Bin33, Bin34, Bin35, Bin36
[from data line 837]
50220,50279,50250,872.899,31.668,230.108,35.036,1.984,0.167,0.009,25.224442,22.078699,19.781376,17.667234,16.015278,14.661706,12.858964,11.359362,10.216911,9.684691,8.730237,8.746171,8.732841,7.817745,6.732609,21.263353,6.052101,1.445758,0.570566,0.082486,0.123470,0.061158,0.028049,0.016557,0.017080,0.011338,0.011002,0.010938,0.000000,0.016433,0.016765,0.010859,0.010793,0.022091,0.011455,0.017046
50280,50339,50310,872.910,31.534,236.047,36.756,2.325,0.183,0.010,25.485884,22.602745,20.137060,18.439154,16.561535,14.792934,13.274102,11.495640,10.650742,9.937495,9.196355,9.417704,8.576172,8.046822,7.289813,21.491407,6.056677,1.507515,0.552014,0.086812,0.092385,0.033809,0.028691,0.023092,0.022866,0.040471,0.005925,0.005747,0.017153,0.040458,0.040020,0.011789,0.005598,0.028563,0.017250,0.034751
50340,50399,50370,872.914,31.642,236.272,36.353,2.199,0.176,0.010,25.363579,22.925194,20.254345,18.919067,16.857504,14.585906,13.505813,11.752905,10.701241,9.447198,8.746595,9.393826,8.891046,8.373904,7.089931,20.819254,5.885262,1.513354,0.741319,0.093949,0.061313,0.032585,0.050109,0.033005,0.022283,0.039336,0.016746,0.016895,0.016652,0.016447,0.016969,0.011007,0.016617,0.011205,0.016566,0.033356
50400,50459,50430,872.915,31.574,235.975,36.745,2.328,0.184,0.010,25.027866,22.719946,20.297873,18.853586,16.639647,15.061322,13.172915,12.055794,10.769184,9.696835,9.416512,9.023850,8.417454,7.900359,7.076118,20.791821,6.488795,1.440072,0.558783,0.100631,0.077292,0.062054,0.044098,0.039278,0.005411,0.028196,0.010913,0.000000,0.032850,0.032420,0.044698,0.005501,0.011204,0.005574,0.010948,0.054909
50460,50519,50490,872.914,31.743,239.414,40.038,3.240,0.235,0.012,25.129179,23.568796,20.391449,18.406471,17.058542,15.015038,13.362520,11.761120,10.967226,9.718350,9.284562,9.215547,8.835967,8.462191,6.627787,21.725622,6.679653,1.692836,0.648744,0.088366,0.070598,0.049807,0.054466,0.050397,0.071809,0.033142,0.043996,0.033207,0.038447,0.050615,0.066158,0.055754,0.032873,0.038755,0.027941,0.055666
50520,50579,50550,872.928,31.894,251.205,40.602,2.873,0.206,0.012,26.832993,24.728460,21.457560,19.705069,17.679348,15.805233,13.711766,12.866647,11.402929,10.175092,9.424025,9.567114,9.546498,8.964761,6.893666,22.425198,6.745924,1.683701,0.750643,0.106280,0.126928,0.055658,0.060624,0.050325,0.044769,0.043949,0.043906,0.027417,0.043844,0.049753,0.045338,0.022363,0.021685,0.027683,0.011262,0.056055
50580,50639,50610,872.930,31.772,265.758,43.990,3.397,0.224,0.013,29.036161,25.358091,22.436344,20.634594,18.825512,16.836914,14.409553,13.505639,11.712483,10.897630,10.361957,10.351018,9.432486,9.523931,7.987535,23.445345,7.410580,1.728447,0.859840,0.177363,0.149617,0.061303,0.072146,0.027897,0.022460,0.049211,0.027558,0.061213,0.021859,0.045260,0.066617,0.043962,0.060913,0.027346,0.044243,0.045211
50640,50699,50670,872.919,31.730,270.151,42.665,2.798,0.189,0.012,28.916758,25.598499,23.599215,20.975584,19.514633,16.824926,14.958370,14.087759,12.062778,10.884538,10.268855,10.242135,10.102908,9.392895,7.632980,24.532030,7.214030,1.814762,0.733356,0.154966,0.138868,0.060831,0.044479,0.049708,0.033340,0.022012,0.044612,0.011242,0.005556,0.050078,0.044347,0.033456,0.033377,0.022323,0.016558,0.028232
50700,50759,50730,872.911,31.633,271.808,42.397,2.682,0.186,0.012,29.623648,26.808060,23.374874,21.303196,19.427374,17.622663,14.738463,13.058194,12.420320,11.277653,10.300321,10.254130,9.724125,9.142354,7.961124,24.121292,7.335563,1.786541,0.787535,0.161064,0.105155,0.055133,0.022631,0.050220,0.022527,0.039358,0.033359,0.033445,0.022441,0.038972,0.033364,0.039128,0.044820,0.016975,0.011282,0.010965
50760,50819,50790,872.928,31.585,274.012,42.723,2.716,0.185,0.012,30.051003,26.358553,24.043783,21.738899,19.467333,17.331440,15.056463,13.496955,12.545566,10.989249,10.496212,10.353635,9.824092,9.291902,7.755974,24.619841,7.142008,1.840944,0.776088,0.167190,0.166186,0.094198,0.065982,0.033055,0.050662,0.022026,0.039317,0.010753,0.011039,0.022191,0.033418,0.038722,0.022096,0.000000,0.022001,0.032998
50820,50879,50850,872.943,31.534,275.066,42.977,2.719,0.186,0.012,30.185656,26.901991,23.445818,21.831642,19.038471,16.623446,15.258632,14.184803,12.124444,11.098719,10.880892,10.758681,10.223803,9.704550,7.887307,24.033823,7.381917,1.878940,0.824718,0.160379,0.133413,0.077222,0.044626,0.095189,0.032773,0.027554,0.027305,0.005501,0.005708,0.038556,0.027760,0.038929,0.022121,0.016184,0.028047,0.016580
50880,50939,50910,872.942,31.620,260.259,39.566,2.215,0.165,0.011,28.604696,25.390636,22.763327,20.508392,18.206987,16.125399,14.909059,12.648150,11.656197,10.813511,10.246860,9.943753,9.521955,8.877954,7.286344,22.678883,7.024955,1.824332,0.644055,0.135406,0.085497,0.033665,0.034091,0.062748,0.039587,0.034197,0.027825,0.005824,0.017181,0.011345,0.044892,0.011325,0.005612,0.005805,0.011632,0.017341
50940,50999,50970,872.958,31.950,264.736,39.161,2.199,0.165,0.010,30.602846,27.167242,24.155067,21.596922,19.509228,16.832308,14.549634,12.921671,11.417528,10.054116,9.935151,9.449474,8.954497,8.772501,7.007448,22.481087,6.550872,1.571173,0.611478,0.122355,0.134123,0.066615,0.044158,0.005593,0.039322,0.011024,0.033652,0.033034,0.005482,0.011042,0.016761,0.027837,0.011167,0.016716,0.005593,0.011312
51000,51059,51030,872.980,32.038,246.653,37.789,2.285,0.177,0.010,28.238411,23.931936,21.513643,19.547482,17.338387,15.363562,13.771270,12.349758,10.719526,9.950038,9.319340,9.381662,9.020145,8.263535,7.157369,21.400028,6.665472,1.510283,0.608844,0.133269,0.089880,0.044999,0.033935,0.022453,0.055448,0.016825,0.010949,0.016598,0.028011,0.027680,0.038967,0.021920,0.022316,0.005537,0.011231,0.022107
51060,51119,51090,873.002,31.998,245.346,38.094,2.410,0.184,0.011,26.713856,24.077686,21.267944,19.085773,17.516539,15.238325,13.772442,12.592062,10.765774,10.172926,9.146218,9.382428,9.189271,8.651071,7.099408,21.648212,6.205102,1.446849,0.776625,0.160805,0.060493,0.038884,0.010965,0.027526,0.044248,0.016894,0.005359,0.022169,0.016566,0.022236,0.060850,0.016541,0.033022,0.016326,0.027640,0.016710
51120,51179,51150,873.021,31.763,247.783,37.945,2.273,0.175,0.010,26.787617,24.355108,21.689886,19.154615,17.563868,15.579233,13.931582,12.497262,11.133037,10.313756,9.444735,9.089795,9.164494,8.597401,7.110223,22.077524,6.576081,1.553264,0.596105,0.106255,0.088648,0.032815,0.039137,0.033502,0.061123,0.016783,0.022345,0.032903,0.016874,0.011245,0.016434,0.028014,0.016765,0.005394,0.022623,0.016668
51180,51239,51210,873.058,31.725,252.777,38.795,2.305,0.175,0.011,28.014547,24.626776,22.206366,19.933039,18.243099,15.979747,14.441098,12.681154,10.968529,10.155892,9.367454,9.638776,9.189569,8.599455,7.441208,22.038931,6.458647,1.429377,0.671786,0.132719,0.094054,0.061855,0.033379,0.049696,0.066114,0.044364,0.032928,0.016559,0.022718,0.027783,0.033324,0.005501,0.022128,0.016234,0.010875,0.021739
51240,51299,51270,873.102,31.685,274.741,42.339,2.802,0.192,0.012,32.024387,27.958906,24.647398,22.304155,19.453621,17.491743,15.220505,13.487491,11.679421,10.625347,10.130763,9.962576,10.034042,9.315035,7.390001,23.430338,6.340269,1.678817,0.811042,0.116397,0.116944,0.087824,0.044232,0.038791,0.033295,0.033918,0.028170,0.021912,0.016480,0.032904,0.044578,0.021945,0.033337,0.016307,0.022677,0.045156
51300,51359,51330,873.107,31.585,305.498,45.959,3.039,0.194,0.013,37.552624,32.957787,27.887352,25.552401,22.215336,19.415518,16.561867,14.579402,13.665005,11.982728,10.621554,10.606440,10.046150,9.541204,7.689695,23.715649,7.273272,1.912669,0.846459,0.193998,0.140828,0.038926,0.067306,0.060987,0.027583,0.027988,0.033699,0.033098,0.027822,0.061364,0.016692,0.061666,0.022099,0.011098,0.005501,0.044255
51360,51419,51390,873.097,31.750,319.878,47.488,2.946,0.183,0.013,38.967361,34.138821,30.156769,27.410662,23.911814,19.572355,17.787603,15.262223,13.490359,12.652828,11.348770,10.809626,10.407621,9.695435,8.202212,25.211891,7.400156,1.878454,0.761984,0.155439,0.105949,0.066233,0.083610,0.056080,0.027763,0.038776,0.011261,0.033152,0.022681,0.027751,0.055613,0.022233,0.027559,0.027956,0.016600,0.032700
51420,51479,51450,873.109,31.990,311.566,47.477,3.055,0.190,0.013,37.935791,32.716232,28.519573,25.181898,22.924639,19.317915,17.197752,15.241535,13.319294,12.588999,11.292315,10.822187,10.380021,9.492896,7.971988,25.289843,7.434731,2.026608,0.949300,0.183414,0.161770,0.083091,0.043920,0.079005,0.060948,0.028187,0.022081,0.027869,0.066829,0.022302,0.061193,0.033356,0.022228,0.016570,0.016709,0.033049
51480,51539,51510,873.133,32.030,318.330,47.438,2.893,0.179,0.013,39.830139,33.776295,28.766386,26.617096,23.361849,20.213711,17.496721,15.374909,13.223878,12.264900,11.156334,11.134923,10.713448,9.642407,8.007590,25.400316,7.773080,1.920924,0.826213,0.165764,0.139573,0.072836,0.044003,0.062157,0.039043,0.033560,0.022139,0.027877,0.016347,0.050168,0.032990,0.027375,0.039032,0.017067,0.016542,0.022048
51540,51599,51570,873.136,32.050,302.823,45.734,2.818,0.180,0.013,36.219044,30.918034,28.208267,23.832365,21.632853,19.498896,17.015747,14.705883,13.851538,11.471934,10.917231,10.798319,10.609277,9.468774,7.991254,24.432028,7.712424,1.912660,0.856605,0.143712,0.077333,0.055586,0.061108,0.066528,0.038600,0.050362,0.021988,0.038634,0.038883,0.027645,0.022032,0.038794,0.049581,0.022553,0.000000,0.016652
51600,51659,51630,873.136,31.918,294.570,46.720,3.185,0.199,0.013,33.328514,29.420948,25.585436,23.780973,20.852760,18.100468,16.570295,14.327141,13.005826,11.849394,10.894840,11.163985,10.302072,9.984910,8.014625,25.894329,7.840903,1.913893,0.786782,0.105669,0.162060,0.066695,0.083492,0.067151,0.033024,0.039222,0.038566,0.044559,0.038579,0.066612,0.061164,0.028047,0.039094,0.011494,0.033237,0.033178
51660,51719,51690,873.155,31.844,295.532,45.751,2.848,0.183,0.013,33.465347,29.023653,26.138359,22.876709,21.261038,18.950102,16.142454,14.375912,13.000215,12.206763,11.428098,11.079279,11.110111,9.863907,7.784728,25.699736,7.497610,1.806455,0.892127,0.132870,0.165635,0.126589,0.093496,0.061065,0.055284,0.016972,0.016874,0.049710,0.016417,0.044945,0.044027,0.033417,0.027503,0.005308,0.022392,0.016613
51720,51779,51750,873.169,31.690,296.026,46.452,2.959,0.187,0.013,32.475052,29.680426,25.934019,23.205381,20.606146,18.591309,16.224022,15.090652,13.530359,12.215760,11.122132,10.801107,10.625409,10.541127,8.454350,25.290442,7.721615,1.915842,0.995835,0.205792,0.183776,0.066564,0.072446,0.049714,0.049610,0.039205,0.066969,0.038907,0.032920,0.027567,0.044001,0.033027,0.038523,0.022553,0.033283,0.000000
51780,51839,51810,873.178,31.584,296.005,45.832,2.894,0.186,0.013,32.127380,29.525433,26.280430,23.121992,21.386837,19.019655,16.207697,14.496425,12.866556,11.886946,11.125434,11.614667,11.057837,10.135827,8.494168,25.272594,7.797785,1.910170,0.886079,0.132941,0.123497,0.065984,0.061441,0.066452,0.044013,0.044317,0.022482,0.033828,0.028538,0.044348,0.011013,0.033018,0.000000,0.011207,0.022434,0.045042
51840,51899,51870,873.196,31.519,294.201,46.067,2.959,0.188,0.013,32.382198,29.000866,26.217278,23.268608,21.293343,18.287340,16.569242,14.268543,12.809703,11.891497,11.634770,10.870608,10.617335,9.725917,8.323397,25.598776,7.768002,1.830231,0.946560,0.160349,0.143995,0.072333,0.044487,0.066813,0.049501,0.038638,0.060569,0.033014,0.027954,0.043573,0.027805,0.022386,0.027736,0.021950,0.027615,0.027770
51900,51959,51930,873.197,31.453,295.209,46.245,2.971,0.188,0.013,32.391479,28.794281,25.889875,23.575649,20.945789,18.847542,16.005339,14.494819,13.348201,12.064431,11.209893,10.907751,11.254387,10.090425,8.293624,25.437868,7.742248,2.069909,0.947244,0.172375,0.182473,0.083066,0.033039,0.066187,0.039006,0.033203,0.032829,0.021764,0.010893,0.050130,0.050109,0.033232,0.022393,0.016913,0.022208,0.028541
51960,52019,51990,873.207,31.417,299.687,46.621,3.018,0.189,0.013,32.643547,29.745636,26.075262,24.335123,21.171906,19.121021,16.460205,14.957634,12.935764,12.247005,11.762809,11.089708,11.018604,10.512805,8.373148,25.888468,7.531186,2.030066,0.920189,0.152290,0.141927,0.067520,0.079670,0.079183,0.045388,0.022574,0.016879,0.033856,0.033691,0.045449,0.017017,0.045684,0.017218,0.005726,0.022813,0.039656
52020,52079,52050,873.184,31.458,302.313,46.892,2.842,0.179,0.013,33.773029,29.733152,25.858856,24.145813,22.161989,19.220778,16.536245,15.263799,13.124346,12.102428,11.388774,11.518245,10.772910,10.145741,8.228990,26.364605,7.918553,2.133391,0.982282,0.205375,0.171362,0.088978,0.033299,0.072717,0.077689,0.051032,0.039040,0.033182,0.016566,0.022388,0.033257,0.022364,0.016291,0.011188,0.016525,0.027981
52080,52139,52110,873.175,31.759,298.559,47.052,3.025,0.188,0.013,32.479370,30.083466,25.512033,24.109287,21.267242,18.467655,16.671072,14.889967,13.364149,11.952039,11.487379,10.502797,10.371965,10.355142,8.075298,26.960932,7.979329,2.186398,0.984800,0.139858,0.143874,0.077862,0.076408,0.022386,0.027808,0.038595,0.038631,0.083308,0.039071,0.011057,0.027624,0.021789,0.027397,0.016467,0.039197,0.027666
52140,52199,52170,873.188,31.930,304.270,47.709,2.964,0.183,0.014,34.497322,30.035761,26.837828,24.214825,21.801594,19.328430,16.846424,14.762167,12.913137,12.070538,11.187884,11.425202,10.803067,10.083882,8.560072,26.640852,8.236454,2.068734,0.882460,0.207195,0.205001,0.100533,0.066832,0.083273,0.050264,0.078588,0.016429,0.022265,0.049576,0.032816,0.072294,0.011244,0.027649,0.005767,0.011121,0.032889
52200,52259,52230,873.189,31.917,294.714,45.772,2.742,0.177,0.013,33.034046,30.256790,26.006174,23.716064,20.556393,18.518173,16.152281,14.324039,12.569737,11.411092,11.065688,11.113874,10.273196,9.742471,7.866534,26.171783,7.853540,2.131596,0.983100,0.212145,0.166697,0.077603,0.082727,0.066658,0.060657,0.044832,0.049880,0.027749,0.022176,0.022172,0.050171,0.027748,0.022362,0.022228,0.000000,0.011167
52260,52319,52290,873.189,31.878,269.549,42.206,2.738,0.189,0.012,30.599714,27.139591,24.188196,21.374647,19.288790,17.231628,14.724110,12.636222,12.062115,10.397701,9.909951,9.686416,9.655175,8.946481,7.535810,23.526606,7.372946,1.608668,0.783580,0.162449,0.111083,0.094647,0.055863,0.060937,0.088994,0.033328,0.033345,0.016831,0.050941,0.021779,0.038862,0.022498,0.016729,0.016782,0.022211,0.033001
52320,52379,52350,873.190,31.697,274.349,42.060,2.555,0.179,0.012,30.383572,27.860703,24.293434,22.135412,19.731188,17.378218,15.187194,13.451268,12.196745,10.895750,10.678653,10.107904,9.886280,9.064241,7.537342,23.033249,7.335290,1.690414,0.785071,0.122101,0.093922,0.111513,0.039161,0.021927,0.044604,0.044478,0.032876,0.022422,0.044876,0.016573,0.039210,0.011416,0.010931,0.005325,0.021778,0.033830
52380,52439,52410,873.215,31.690,275.697,42.374,2.634,0.182,0.012,31.387871,27.872513,24.650774,21.674610,19.543211,17.346239,15.731300,13.315514,12.311986,10.779516,10.671850,10.166157,9.831306,9.044759,7.771976,23.145452,6.964125,1.913604,0.801800,0.164381,0.106956,0.101519,0.028061,0.050730,0.034326,0.016881,0.044352,0.005450,0.034033,0.033564,0.056448,0.028407,0.016583,0.016527,0.011535,0.022591
52440,52499,52470,873.213,31.669,276.396,42.388,2.643,0.183,0.012,31.341181,28.024204,24.879545,22.376545,20.395462,17.372511,14.863670,13.922395,11.939316,11.271301,10.474130,10.013477,10.031627,9.254764,7.085559,22.765591,6.788425,1.914374,0.868650,0.225947,0.089559,0.055245,0.060968,0.050160,0.049808,0.027352,0.027583,0.033114,0.043865,0.033245,0.021719,0.016724,0.005669,0.016296,0.011455,0.044155
52500,52559,52530,873.216,31.581,238.645,35.761,1.975,0.162,0.010,26.384642,23.966000,20.890779,19.163477,16.766258,14.818929,13.626729,12.024570,10.480483,9.824444,8.974986,8.960638,8.425892,8.214873,6.691317,20.795944,5.976963,1.546664,0.688606,0.117240,0.049276,0.027955,0.022210,0.027594,0.010861,0.033596,0.005650,0.016706,0.016858,0.016864,0.016448,0.005747,0.022585,0.005447,0.005708,0.021832
