CampaignData_and_Merges/R0/CSL_MobileLab_Parked/raw/20240804/USOS-NOAAIodideCIMS-OrgNitrs_MobileLabGround_20240804_RA.ict
37, 1001
Michael A Robinson, Chris Jernigan, Subi Thakali
NOAA ESRL Chemical Sciences Laboratory and CIRES, U. of Colorado
NOAA Iodide CIMS Instrument
USOS
1, 1
2024, 08, 04, 2024, 08, 05
1
starttime_UTC, seconds_past_midnight, seconds_of_day_since_00:00:00_UTC
5
1, 1, 1, 1, 1
-9999, -9999, -9999, -9999, -9999
C4H7NO5_NOAACIMS, pptv, Gas_C4H7NO5_InSitu_S_AVMR, 
ISOPN_NOAACIMS, pptv, Gas_ISOPN_InSitu_S_AVMR, 
C5H10O3_NOAACIMS, pptv, Gas_C5H10O3_InSitu_S_AVMR, 
C5H9NO5_NOAACIMS, pptv, Gas_C5H9NO5_InSitu_S_AVMR, 
C10H17NO4_NOAACIMS, pptv, Gas_C10H17NO4_InSitu_S_AVMR, 
0
18
PI_CONTACT_INFO: 325 Broadway, R/CSD 7, Boulder, Colorado 80305; michael.a.robinson@noaa.gov; chris.jernigan@noaa.gov;
PLATFORM: NOAA CSL Mobile Lab
LOCATION: SLC, Utah
ASSOCIATED_DATA: 1Hz data also available on request.
INSTRUMENT_INFO: NOAA I- ToF CIMS
DATA_INFO: All data in parts per trillion by volume (pptv). 1 Hz data is available upon request.
UNCERTAINTY: TBD
ULOD_FLAG: -7777
ULOD_VALUE: N/A
LLOD_FLAG: -8888
LLOD_VALUE: N/A
DM_CONTACT_INFO: Nathan Howard; nathan.h.howard@noaa.gov
PROJECT_INFO: USOS, summer 2024. https://csl.noaa.gov/groups/csl7/measurements/2024usos/
STIPULATIONS_ON_USE: Users are strongly encouraged to contact the PI for proper data usage.
OTHER_COMMENTS: 
REVISION: RA
RA: Preliminary Data; For in-field use only
starttime_UTC, C4H7NO5_NOAACIMS, ISOPN_NOAACIMS, C5H10O3_NOAACIMS, C5H9NO5_NOAACIMS, C10H17NO4_NOAACIMS
[from data line 1341]
 80460,  3.755,  5.038, 31.454,  2.990,  0.107
 80520,  3.631,  4.516, 31.717,  2.640,  0.138
 80580,  3.472,  3.946, 30.260,  2.605,  0.124
 80640,  3.483,  4.118, 28.977,  2.776,  0.023
 80700,  3.223,  4.087, 27.914,  2.494,  0.112
 80760,  3.159,  3.805, 27.276,  2.515,  0.185
 80820,  3.027,  3.755, 28.148,  2.335,  0.099
 80880,  2.852,  3.883, 27.125,  2.537,  0.077
 80940,  2.842,  4.139, 26.488,  2.609,  0.164
 81000,  2.998,  4.465, 27.577,  2.674,  0.203
 81060,  3.101,  4.695, 31.237,  2.634,  0.116
 81120,  3.145,  4.469, 32.822,  2.724,  0.088
 81180,  3.085,  4.756, 34.412,  2.714,  0.154
 81240,  3.134,  4.859, 34.151,  2.546,  0.211
 81300,  3.205,  4.660, 33.932,  2.586,  0.222
 81360,  3.311,  4.774, 33.696,  2.643,  0.196
 81420,  3.409,  4.424, 33.385,  2.711,  0.209
 81480,  3.566,  4.475, 33.868,  2.666,  0.241
 81540,  3.895,  4.626, 35.784,  3.010,  0.237
 81600,  3.751,  4.854, 34.059,  2.605,  0.248
 81660,  3.733,  4.567, 35.856,  2.903,  0.307
 81720,  3.649,  4.882, 33.351,  2.734,  0.295
 81780,  3.666,  4.726, 33.656,  3.157,  0.189
 81840,  3.700,  4.445, 35.404,  3.049,  0.216
 81900,  3.589,  3.625, 31.844,  2.817,  0.050
 81960,  3.693,  4.334, 33.851,  3.123,  0.266
 82020,  3.708,  4.877, 35.039,  3.202,  0.216
 82080,  3.653,  4.753, 34.111,  3.095,  0.256
 82140,  3.680,  5.225, 33.853,  3.313,  0.276
 82200, -9999.000, -9999.000, -9999.000, -9999.000, -9999.000
 82260,  3.081,  4.694, 25.694,  3.085,  0.332
 82320,  3.002,  4.944, 27.927,  3.099,  0.162
 82380,  3.073,  5.071, 28.406,  3.193,  0.224
 82440,  3.203,  4.334, 29.676,  2.936,  0.081
 82500,  3.156,  4.690, 29.511,  2.962,  0.064
 82560,  3.140,  4.611, 30.969,  3.094,  0.100
 82620,  3.072,  4.278, 30.242,  2.902,  0.104
 82680,  3.118,  4.856, 30.901,  2.979,  0.132
 82740,  3.048,  5.940, 31.960,  3.049,  0.224
 82800,  3.047,  5.312, 32.357,  2.792,  0.296
 82860,  3.050,  5.645, 34.457,  2.748,  0.153
 82920,  3.132,  5.660, 34.694,  2.875,  0.270
 82980,  3.025,  5.755, 34.526,  2.905,  0.164
 83040,  2.904,  5.286, 31.908,  2.829,  0.207
 83100,  2.842,  4.679, 28.533,  2.843,  0.298
 83160,  2.662,  4.399, 27.313,  2.563,  0.177
 83220,  2.607,  3.951, 26.341,  2.541,  0.071
 83280,  2.652,  3.612, 24.909,  2.422,  0.105
 83340,  2.594,  3.465, 25.280,  2.347,  0.078
 83400,  2.710,  4.848, 26.484,  2.505,  0.269
 83460,  2.747,  4.637, 28.118,  2.501,  0.223
 83520,  2.633,  4.400, 26.833,  2.396,  0.259
 83580,  2.628,  4.406, 26.038,  2.462,  0.277
 83640,  2.546,  4.826, 27.465,  2.368,  0.245
 83700,  2.328,  4.707, 24.677,  2.517,  0.212
 83760,  2.349,  3.834, 23.714,  2.082,  0.121
 83820,  2.359,  3.602, 23.131,  2.086,  0.017
 83880,  2.328,  3.481, 20.695,  2.177,  0.073
 83940,  2.305,  3.546, 21.395,  2.184,  0.039
 84000,  2.252,  3.387, 21.397,  2.366,  0.138
 84060,  2.237,  3.483, 20.701,  2.663, -0.012
 84120,  2.087,  3.790, 20.727,  2.360,  0.163
 84180,  2.105,  3.550, 20.582,  2.345,  0.149
 84240,  1.931,  2.808, 19.040,  2.050, -0.002
 84300,  2.024,  3.228, 20.099,  1.936,  0.084
 84360,  1.918,  2.965, 19.446,  2.129, -0.021
 84420,  1.683,  2.550, 17.108,  1.844,  0.061
 84480,  1.821,  2.619, 18.100,  1.940, -0.013
 84540,  1.930,  3.252, 18.493,  1.977,  0.112
 84600,  1.990,  3.600, 19.096,  1.945,  0.052
 84660,  1.990,  2.950, 19.228,  2.093, -0.070
 84720,  2.076,  3.361, 20.687,  2.001,  0.016
 84780,  2.116,  3.388, 21.176,  1.885, -0.013
 84840,  2.349,  4.388, 23.394,  2.194,  0.032
 84900,  2.406,  3.926, 24.082,  2.392,  0.068
 84960,  2.435,  3.626, 23.013,  2.444, -0.012
 85020,  2.492,  3.959, 24.374,  2.405, -0.023
 85080,  2.488,  4.380, 23.943,  2.194,  0.007
 85140,  2.557,  4.453, 24.892,  2.401,  0.075
 85200,  2.345,  4.701, 24.952,  2.556,  0.039
 85260,  2.290,  4.891, 24.126,  2.481,  0.041
 85320,  2.413,  5.051, 25.778,  2.319,  0.099
 85380,  2.322,  5.536, 24.156,  2.317,  0.027
 85440,  2.221,  4.922, 25.020,  2.421,  0.056
 85500,  2.245,  5.222, 25.121,  2.457,  0.044
 85560,  2.173,  4.834, 23.466,  2.218,  0.107
 85620,  2.216,  4.987, 24.659,  2.239,  0.059
 85680,  2.129,  4.989, 23.992,  2.154,  0.156
 85740,  2.047,  4.708, 22.856,  2.132,  0.014
 85800,  2.067,  5.041, 21.362,  2.134,  0.054
 85860, -9999.000, -9999.000, -9999.000, -9999.000, -9999.000
 85920,  1.795,  5.812, 20.557,  2.123,  0.219
 85980,  1.906,  4.838, 21.438,  2.402,  0.136
 86040,  1.898,  3.652, 20.101,  2.212,  0.070
 86100,  1.738,  3.562, 20.710,  1.951,  0.061
 86160,  1.759,  3.228, 18.975,  2.140,  0.065
 86220,  1.791,  3.273, 20.349,  2.115,  0.043
 86280,  1.664,  3.110, 20.682,  1.953,  0.126
 86340,  1.682,  2.928, 19.595,  2.051,  0.114
