CampaignData_and_Merges/R0/CSL_MobileLab_Parked/raw/20240804/USOS-HCHO_MobileLabGround_20240804_R0.ict
35,1001
Huang, Yaoxian
Wayne State University
Picarro G2307 on CSL Mobile Lab
USOS
1,1
2024,08,04,2024,08,06
1.0
Time_Start,seconds_since_midnight,number_of_seconds_since_0000_UTC
3
1.0,1.0,1.0
-9999.0,-9999.0,-9999.0
HCHO,ppbv,Gas_HCHO_InSitu_S_AVMR,volume mixing ratio of formaldehyde in air
H2O,ppmv,Gas_H2O_InSitu_S_AVMR,volume mixing ratio of water vapor in air
CH4,ppmv,Gas_CH4_InSitu_S_AVMR,volume mixing ratio of methane in air
0
18
PI_CONTACT_INFO: yaoxian.huang@wayne.edu
PLATFORM: CSL Mobile Lab, at Ground Site
LOCATION: Salt Lake City, UT
ASSOCIATED_DATA: N/A
INSTRUMENT_INFO: Cavity Ring-Down Spectrometer
DATA_INFO: Data is averaged to 1 minute intervals for stationary and 1 second interval for driving. Stationary data collected from a 20 ft tower on top of the mobile lab.
UNCERTAINTY: N/A
ULOD_FLAG: -7777
ULOD_VALUE: N/A
LLOD_FLAG: -8888
LLOD_VALUE: N/A
DM_CONTACT_INFO: Yaoxian Huang; yaoxian.huang@wayne.edu
PROJECT_INFO: USOS, Summer 2024. https://csl.noaa.gov/groups/csl7/measurements/2024usos/
STIPULATIONS_ON_USE: Users are strongly encouraged to contact the PI for proper data usage.
OTHER_COMMENTS: Data have been shifted backwards by 1 minute to align with USOS MetNav and Picarro GHG data.
REVISION: R0
R0: Final Data
Time_Start,HCHO,H2O,CH4
0,4.3107,13822.1,1.97179
60,4.79581,14207.4,1.97313
120,4.75606,14231.3,1.97211
180,4.57387,14507.1,1.97194
240,4.52905,14247.4,1.97307
300,4.26564,13660.2,1.97187
360,-9999.0,-9999.0,-9999.0
420,-9999.0,-9999.0,-9999.0
480,-9999.0,-9999.0,-9999.0
540,-9999.0,-9999.0,-9999.0
600,-9999.0,-9999.0,-9999.0
660,-9999.0,-9999.0,-9999.0
720,-9999.0,-9999.0,-9999.0
780,-9999.0,-9999.0,-9999.0
840,4.12021,13328.9,1.99193
900,4.26705,13114.5,1.98547
960,4.04541,13252.8,1.98478
1020,3.9005,13305.4,1.98579
1080,3.94373,13112.7,1.98419
1140,4.09865,13199.5,1.9846
1200,3.68352,13256.7,1.98297
1260,3.83538,13194.2,1.98408
1320,3.95558,12942.1,1.98438
1380,3.78273,13122.9,1.98285
1440,3.83615,13284.3,1.98954
1500,3.64064,13175.7,1.9929
1560,4.00724,13507.7,1.99189
1620,3.68806,13141.5,1.98997
1680,4.00735,13249.3,1.99121
1740,3.86311,13083.5,1.99113
1800,3.63034,13217.8,1.98935
1860,3.93887,13117.2,1.98995
1920,3.76848,13119.9,1.99177
1980,3.80989,13120.8,1.9923
2040,4.00261,13217.2,1.99276
2100,4.08459,13131.1,1.99666
2160,3.64495,13005.0,1.98024
2220,3.67642,13063.9,1.97074
2280,3.43292,13133.4,1.96499
2340,3.33156,13088.9,1.95341
2400,2.89478,12903.0,1.94503
2460,2.69122,12779.4,1.94107
2520,2.90407,12823.1,1.94421
2580,3.06167,12880.9,1.94151
2640,2.7371,12807.8,1.93772
2700,2.80107,12973.6,1.93777
2760,2.57875,12980.6,1.93659
2820,2.71109,13059.7,1.93767
2880,2.67801,13027.7,1.93696
2940,2.4554,12895.2,1.93277
3000,2.35233,13084.7,1.92771
3060,2.16825,13113.6,1.91641
3120,2.34355,13256.1,1.9201
3180,2.34081,13343.2,1.92239
3240,2.38593,13336.1,1.91332
3300,2.15243,13427.0,1.91417
3360,2.13369,13488.3,1.91176
3420,2.18979,13421.2,1.91033
3480,1.89972,13475.5,1.90859
3540,1.77172,13220.6,1.90257
3600,1.88377,13320.5,1.90641
3660,2.07243,13459.1,1.90935
3720,2.08219,13695.2,1.91032
3780,2.12875,13856.6,1.90847
3840,2.02685,13747.8,1.91376
3900,2.07492,13637.3,1.91094
3960,1.97619,13696.6,1.90937
4020,2.12454,13701.5,1.90804
4080,2.23143,14015.2,1.91242
4140,2.18598,13842.4,1.91433
4200,2.3488,13964.9,1.91579
4260,2.241,13932.1,1.91733
4320,2.26019,13935.8,1.91592
4380,2.16379,13904.2,1.91772
4440,2.20217,14034.1,1.91881
4500,2.19934,14132.9,1.91954
4560,2.36414,14165.3,1.92137
4620,2.24454,14083.2,1.91828
4680,2.38117,14378.4,1.91793
4740,2.24849,14176.0,1.91915
4800,2.47947,14234.0,1.91738
4860,2.34876,14357.0,1.91729
4920,2.64509,14481.7,1.92063
4980,2.47108,14305.5,1.91489
5040,2.23924,14288.1,1.9099
5100,2.16479,14390.3,1.91099
5160,2.26349,14371.8,1.91025
5220,2.06034,14527.7,1.90895
5280,2.61207,14795.3,1.90639
5340,2.30886,15225.5,1.90758
5400,2.94575,15565.2,1.9017
5460,2.51564,15540.3,1.90276
5520,2.55489,15770.8,1.90058
5580,2.3024,15548.6,1.89788
5640,2.46838,16079.9,1.90001
5700,2.80115,16607.9,1.90025
5760,2.72426,16983.5,1.89775
5820,2.72723,17333.4,1.9002
5880,2.7656,17533.3,1.89792
5940,2.84229,18119.4,1.89983
6000,2.87431,18459.6,1.89738
6060,3.28753,18866.8,1.89551
6120,3.177,19328.6,1.89583
6180,3.47197,19729.5,1.89667
6240,3.22063,19689.6,1.89561
6300,2.85912,19877.8,1.89866
6360,3.4181,20366.5,1.90025
6420,3.07561,19901.6,1.89911
6480,3.07805,19554.3,1.90275
6540,3.13156,19921.9,1.90225
6600,2.97996,19298.0,1.90249
6660,2.96758,19087.7,1.90075
6720,3.31615,19785.5,1.899
6780,3.2158,19712.1,1.89855
6840,3.37952,19732.1,1.90028
6900,3.42501,19844.0,1.90266
6960,3.46438,19800.5,1.9017
7020,3.76507,19657.3,1.90533
7080,3.22448,18925.2,1.90438
7140,3.12134,18668.5,1.90767
7200,3.14252,18453.6,1.90954
7260,3.44626,19263.4,1.90676
7320,3.51156,19203.0,1.90866
7380,3.56266,18932.0,1.90943
7440,3.69632,19446.5,1.90845
7500,3.81606,19215.8,1.91385
7560,3.5626,19299.8,1.91398
7620,4.09174,19283.4,1.9156
7680,3.88666,19610.1,1.91632
7740,3.4411,18004.4,1.92207
7800,3.8443,18573.3,1.92071
7860,3.86377,18572.0,1.92096
7920,4.21819,19136.0,1.92014
7980,3.67237,18609.2,1.92248
8040,4.11186,18889.0,1.92123
8100,3.86127,18597.8,1.92272
8160,3.83639,18422.4,1.9242
8220,3.89889,18621.8,1.92405
8280,3.72085,18199.4,1.92199
8340,3.8002,18185.1,1.921
8400,3.64094,18111.1,1.92226
8460,3.84022,18390.4,1.92102
8520,3.61041,17597.5,1.91837
8580,3.32811,17259.0,1.9152
8640,3.43478,17396.9,1.91649
8700,3.30254,17434.3,1.9164
8760,3.24482,17410.5,1.91172
8820,3.61347,17702.5,1.91626
8880,3.47365,17524.6,1.91863
8940,3.44504,17409.1,1.91401
9000,3.26072,17689.0,1.91193
9060,3.42682,17818.7,1.90982
9120,3.52752,17989.5,1.91164
9180,3.39119,18055.6,1.91279
9240,3.35578,18611.8,1.9116
9300,3.4535,18589.2,1.9109
9360,3.51222,18463.4,1.91126
9420,3.3659,18395.3,1.90893
9480,3.29616,18326.2,1.90883
9540,3.36946,18332.6,1.91238
9600,3.36198,18413.0,1.91033
9660,3.53926,18521.5,1.9096
9720,3.41592,18528.2,1.91008
9780,3.45684,18680.0,1.90961
9840,3.39437,18419.2,1.91091
9900,3.53263,19044.7,1.90863
9960,3.18308,18515.9,1.90875
10020,3.14179,17774.6,1.90744
10080,2.9981,17466.2,1.90808
10140,2.99369,17024.5,1.90699
10200,2.93181,17085.2,1.90313
10260,2.48889,16793.3,1.90349
10320,2.78178,16637.6,1.90569
10380,2.78315,16610.1,1.90515
10440,2.82185,16467.8,1.90385
10500,2.93022,16473.2,1.90604
10560,2.74283,16717.1,1.90435
10620,2.88589,16739.6,1.90385
10680,2.64075,16466.1,1.90189
10740,2.61114,16253.7,1.90268
10800,2.70617,16250.0,1.90431
10860,2.76104,16288.1,1.90212
10920,2.66237,16083.0,1.90149
10980,2.752,16230.8,1.90374
11040,2.67336,16001.1,1.90167
11100,2.47846,15902.5,1.90347
11160,2.50828,15977.8,1.90341
11220,2.47982,16141.6,1.90338
11280,2.27221,15880.1,1.89974
11340,2.22286,15896.0,1.89856
11400,2.05347,15986.0,1.89858
11460,2.08498,16109.0,1.89914
11520,1.92204,16174.4,1.89455
11580,1.95795,16156.0,1.89817
11640,1.94487,16162.1,1.89663
11700,2.06991,16137.8,1.89778
11760,1.87015,16141.3,1.89636
11820,2.2312,16050.1,1.89864
11880,2.19911,16157.9,1.89735
11940,2.40769,16180.6,1.89861
12000,2.1894,16138.3,1.89662
12060,2.12764,16258.5,1.8959
12120,2.20526,16247.0,1.89541
12180,2.21742,16246.5,1.89855
12240,2.2175,16330.6,1.89861
12300,2.18426,16367.0,1.89937
12360,2.29484,16535.4,1.89754
12420,2.29217,16493.1,1.89801
12480,2.28071,16479.2,1.8988
12540,2.33808,16487.2,1.89611
12600,2.24229,16503.3,1.89741
12660,2.21054,16562.5,1.89607
12720,2.20279,16574.7,1.89573
12780,2.25979,16684.4,1.89659
12840,2.19981,16791.8,1.89675
12900,2.4681,16866.2,1.89777
12960,2.32408,16872.3,1.8976
13020,2.28943,16936.8,1.89762
13080,2.18188,16964.0,1.89648
13140,2.16746,16941.2,1.89676
13200,2.0988,16950.5,1.89396
13260,2.32232,16994.4,1.89536
13320,2.19246,16856.7,1.89719
13380,2.11348,16912.2,1.89792
13440,2.06531,16911.7,1.89586
13500,1.88633,16972.7,1.89793
13560,2.00759,17177.1,1.89508
13620,2.14122,17204.2,1.89642
13680,2.14979,17172.6,1.89585
13740,2.0884,17173.0,1.89653
13800,2.18341,17112.7,1.89711
13860,2.25083,17502.6,1.89638
13920,2.26475,17562.3,1.89604
13980,2.1826,17546.1,1.892
14040,2.06467,17450.0,1.89494
14100,2.28622,17473.2,1.8969
14160,2.24834,17929.4,1.89146
14220,2.09444,17748.0,1.89831
14280,2.28089,17620.8,1.89872
14340,2.14249,17685.4,1.89719
14400,2.5377,17313.6,1.89899
14460,2.16377,17422.4,1.89654
14520,2.56692,17469.3,1.89773
14580,2.665,17451.5,1.89982
14640,2.38786,17607.9,1.89931
14700,2.13918,17512.6,1.89594
14760,2.39577,17481.9,1.8968
14820,2.3102,17446.0,1.89934
14880,2.29598,17483.2,1.90221
14940,2.38559,17538.6,1.90159
15000,2.64095,17445.3,1.90011
15060,2.55476,17371.2,1.90196
15120,2.4131,17521.6,1.9021
15180,2.61697,17416.0,1.8998
15240,2.34304,17417.0,1.89567
15300,2.17821,17431.9,1.89857
15360,2.42165,17463.9,1.89889
15420,2.19931,17519.1,1.90182
15480,2.23591,17519.3,1.90042
15540,2.5337,17644.6,1.89866
15600,2.37691,17636.1,1.90007
15660,2.43085,17717.2,1.89666
15720,2.63294,17839.3,1.8972
15780,2.78898,17832.7,1.89761
15840,2.2831,17949.7,1.89594
15900,2.1575,18095.9,1.89714
15960,2.38967,18257.3,1.89735
16020,2.4364,18373.8,1.89461
16080,2.42922,18238.7,1.89456
16140,2.35134,18492.0,1.89503
16200,2.4564,18382.2,1.89184
16260,2.29547,18425.3,1.89299
16320,2.54955,18382.1,1.89289
16380,2.30028,18163.4,1.89239
16440,2.46757,18224.7,1.89255
16500,2.27682,18144.7,1.89414
16560,2.41648,18242.7,1.89195
16620,2.27112,18170.1,1.89349
16680,2.20631,18091.9,1.89441
16740,2.32013,18064.2,1.89405
16800,2.09255,18025.1,1.89232
16860,2.23476,18155.3,1.89337
16920,2.3848,18055.6,1.89342
16980,2.25574,17977.6,1.89257
17040,2.21355,17977.0,1.89363
17100,2.15061,18124.9,1.89124
17160,2.28602,18014.6,1.8907
17220,2.15007,17943.6,1.89086
17280,2.03167,17924.5,1.89246
17340,2.19621,17835.9,1.89281
17400,2.35321,17813.1,1.89267
17460,2.08938,17694.8,1.89123
17520,2.11657,17736.1,1.89484
17580,2.35153,17746.2,1.89158
17640,2.28536,17781.1,1.89093
17700,1.89253,17626.5,1.89354
17760,2.11333,17632.8,1.89291
17820,2.23446,17636.2,1.89365
17880,2.27414,17742.2,1.89142
17940,2.1365,17702.0,1.8925
18000,2.08241,17800.7,1.88961
18060,1.91287,17966.5,1.89025
18120,2.00374,17836.1,1.89125
18180,2.25727,17787.7,1.89548
18240,1.84718,17748.0,1.89004
18300,2.07783,17781.2,1.89321
18360,2.04921,17709.2,1.89086
18420,2.10403,17719.2,1.89207
18480,1.8016,17819.6,1.89301
18540,2.01773,17868.3,1.88995
18600,2.26842,17855.8,1.8893
18660,2.12637,17762.6,1.892
18720,2.11718,17748.5,1.8929
18780,1.92899,17718.8,1.89268
18840,2.16572,17700.8,1.89372
18900,2.17062,17566.9,1.89475
18960,1.84064,17445.0,1.89005
19020,1.95259,17330.4,1.89278
19080,1.9006,17303.6,1.8934
19140,2.03024,17231.7,1.89039
19200,1.83432,17198.6,1.89294
19260,2.20133,17241.5,1.89148
19320,2.09453,17210.7,1.89242
19380,1.90438,17033.9,1.89158
19440,2.01623,17125.1,1.89261
19500,1.99069,17098.9,1.89327
19560,2.15726,16990.2,1.89135
19620,1.90075,17016.6,1.88882
19680,1.71438,17047.3,1.89235
19740,1.73679,17016.2,1.89411
19800,1.84179,17049.5,1.89573
19860,2.01568,16944.2,1.89305
19920,1.81471,16947.8,1.89329
19980,1.83409,16932.9,1.89347
20040,1.73854,16737.2,1.89208
20100,1.51083,16869.4,1.89229
20160,1.94782,16798.9,1.89583
20220,1.83461,16786.4,1.89214
20280,2.03331,16722.0,1.89273
20340,2.02208,16799.6,1.8902
20400,2.05542,16655.5,1.89422
20460,1.9155,16739.5,1.89374
20520,1.64557,16635.4,1.89284
20580,1.7447,16705.9,1.8943
20640,1.96776,16639.0,1.89342
20700,1.76066,16597.5,1.89229
20760,1.90602,16580.0,1.89264
20820,1.93741,16545.9,1.89322
20880,1.79475,16575.1,1.89454
20940,1.50427,16425.7,1.89339
21000,1.83692,16434.4,1.89288
21060,1.84917,16440.4,1.894
21120,1.79656,16525.6,1.89512
21180,1.81116,16742.6,1.89752
21240,2.02767,16880.6,1.8984
21300,2.21288,16912.9,1.89912
21360,1.95715,16992.4,1.89693
21420,1.94972,17174.7,1.8968
21480,1.90356,17260.3,1.9
21540,1.8844,17342.7,1.89816
21600,2.05689,17303.9,1.89661
21660,2.05208,17297.2,1.8973
21720,1.9501,17270.6,1.90058
21780,1.78382,17325.1,1.89796
21840,2.17411,17362.7,1.89767
21900,1.8791,17226.0,1.8955
21960,1.7501,17252.2,1.89434
22020,2.07235,17346.4,1.8973
22080,2.05333,17247.5,1.89527
22140,1.87752,17270.7,1.89621
22200,1.79184,17163.9,1.89579
22260,1.65284,17080.8,1.89436
22320,1.70784,17084.3,1.89348
22380,1.87132,16889.4,1.89504
22440,1.32,16916.1,1.89281
22500,1.81521,16943.9,1.89341
22560,1.82313,16894.5,1.89279
22620,1.56935,16843.8,1.89108
22680,1.48958,16812.5,1.88965
22740,1.39994,16875.1,1.88946
22800,1.58519,16865.6,1.89328
22860,1.61205,16905.2,1.89368
22920,1.81504,16906.6,1.89494
22980,1.70829,17082.3,1.89332
23040,1.47386,17020.8,1.89596
23100,1.49927,17097.5,1.89823
23160,1.94304,17494.9,1.90077
23220,1.85329,17557.8,1.89818
23280,1.88616,17822.1,1.90211
23340,2.0505,18091.5,1.9034
23400,2.08596,18273.8,1.9022
23460,2.37505,18338.0,1.90442
23520,2.11134,18589.2,1.90167
23580,2.1786,18460.7,1.90386
23640,2.10454,18472.5,1.90586
23700,2.10259,18461.2,1.90283
23760,2.3018,18580.1,1.90653
23820,2.28772,18604.9,1.90938
23880,2.22209,18609.4,1.90593
23940,2.51009,18531.1,1.90885
24000,2.60863,18687.8,1.90641
24060,2.32889,18675.9,1.90665
24120,2.21377,18554.7,1.90928
24180,2.37349,18571.1,1.90924
24240,2.25385,18358.0,1.91022
24300,2.3096,18337.1,1.90845
24360,2.29791,18194.7,1.90877
24420,1.96873,17657.6,1.90393
24480,1.95811,17695.2,1.90085
24540,1.89683,17496.7,1.90266
24600,1.73591,17311.4,1.90099
24660,2.05345,17268.5,1.90366
24720,1.60773,17104.8,1.90199
24780,2.02457,17009.8,1.90052
24840,1.67257,16829.9,1.89962
24900,1.65803,16940.6,1.89753
24960,1.73948,16939.1,1.89775
25020,1.64967,16969.4,1.8965
25080,1.90443,16912.1,1.89916
25140,1.70705,16932.0,1.89965
25200,1.88737,16926.8,1.89914
25260,1.87673,16964.6,1.89948
25320,1.70651,16958.0,1.89981
25380,1.45387,17001.9,1.89995
25440,1.72213,16959.3,1.8967
25500,1.62534,16970.5,1.8969
25560,1.74073,17036.9,1.89902
25620,1.97728,17090.4,1.89792
25680,1.65061,17080.7,1.89509
25740,1.72723,17093.8,1.89943
25800,1.81954,17100.3,1.8949
25860,1.76466,17133.9,1.8965
25920,1.70392,17116.8,1.89985
25980,1.93168,17190.1,1.89955
26040,1.96871,17145.3,1.89778
26100,1.65106,17193.9,1.89629
26160,1.79333,17253.9,1.8957
26220,1.76957,17113.0,1.8989
26280,1.81695,17055.5,1.89831
26340,2.04955,17153.0,1.89695
26400,1.68697,17142.6,1.90179
26460,1.92561,17189.0,1.89932
26520,1.79728,17174.5,1.89594
26580,1.95733,17137.9,1.89523
26640,2.14143,17220.5,1.89932
26700,1.82296,17198.5,1.90086
26760,1.80684,17137.4,1.90288
26820,1.75615,17179.9,1.90065
26880,1.95325,17169.3,1.89998
26940,2.03331,17243.9,1.9024
27000,2.04954,17280.3,1.90431
27060,2.04554,17249.1,1.90571
27120,2.02809,17305.5,1.90591
27180,2.01832,17369.9,1.90687
27240,1.87253,17421.9,1.90505
27300,1.93594,17427.0,1.90058
27360,1.80049,17476.5,1.90218
27420,1.9428,17470.2,1.90296
27480,2.01398,17494.8,1.90768
27540,2.12586,17513.3,1.90526
27600,2.21959,17608.1,1.9102
27660,1.90318,17606.4,1.90932
27720,2.05813,17672.2,1.90548
27780,2.28654,17663.0,1.90686
27840,2.22644,17676.0,1.90728
27900,2.09303,17697.1,1.90731
27960,2.16462,17698.4,1.90694
28020,2.17488,17772.9,1.90967
28080,2.02256,17739.7,1.90593
28140,2.43814,17751.1,1.90757
28200,2.17917,17747.8,1.9055
28260,1.97873,17748.9,1.90738
28320,2.37725,17696.7,1.90909
28380,2.23839,17767.2,1.90822
28440,2.20212,17726.9,1.90658
28500,2.11397,17813.8,1.91122
28560,2.33156,17722.6,1.90946
28620,2.15978,17576.3,1.90925
28680,2.14315,17670.7,1.9134
28740,2.2353,17714.6,1.91191
28800,2.36623,17812.5,1.91347
28860,2.43172,17708.7,1.9154
28920,2.34229,17495.9,1.91271
28980,2.27936,17461.1,1.91437
29040,2.33858,17414.8,1.91273
29100,2.43786,17467.4,1.91366
29160,2.10446,17128.6,1.90756
29220,1.92094,17123.4,1.90987
29280,2.26294,17056.6,1.90608
29340,2.12082,16959.7,1.90861
29400,2.0042,16709.1,1.90646
29460,1.88616,16851.0,1.9103
29520,2.09667,16647.1,1.90528
29580,1.92791,16676.9,1.90712
29640,1.97645,16394.9,1.90426
29700,2.08482,16499.8,1.90709
29760,1.98224,16367.1,1.90534
29820,1.85811,16047.1,1.89958
29880,1.86311,15894.5,1.89851
29940,1.87502,15853.5,1.89817
30000,1.80558,15996.8,1.90191
30060,1.73253,16175.2,1.90336
30120,1.91422,16029.6,1.90031
30180,2.111,16276.0,1.90697
30240,1.88501,16399.3,1.90375
30300,2.07423,16437.7,1.90524
30360,2.07533,16324.1,1.90579
30420,1.75596,16248.8,1.90337
30480,1.94779,16366.6,1.90417
30540,2.10617,16332.2,1.90767
30600,2.02577,16372.7,1.90716
30660,2.30624,16480.0,1.90916
30720,2.25234,16528.3,1.91072
30780,2.05564,16369.4,1.90728
30840,1.93645,16114.4,1.91839
30900,1.71172,15944.9,1.90181
30960,1.90359,15885.2,1.90053
31020,1.87376,15933.0,1.90356
31080,1.77266,15930.0,1.90183
31140,1.80528,15845.6,1.8986
31200,1.65677,15729.1,1.90091
31260,1.60812,15657.5,1.89654
31320,1.68627,15663.9,1.89825
31380,1.75155,15594.9,1.89545
31440,1.9247,15625.2,1.89822
31500,1.55545,15685.4,1.89909
31560,1.79215,15771.6,1.89862
31620,1.7149,15811.6,1.90199
31680,1.64958,15879.6,1.90575
31740,1.7331,15875.4,1.90343
31800,1.74086,15933.6,1.90143
31860,1.7079,15930.3,1.90061
31920,1.77227,15935.9,1.90071
31980,1.53277,15898.1,1.90277
32040,1.71213,16022.2,1.89965
32100,1.8103,15871.7,1.89865
32160,1.81863,15906.1,1.89871
32220,1.73878,15899.6,1.89735
32280,2.06026,15906.0,1.89879
32340,1.64358,15829.3,1.89895
32400,1.70655,15828.3,1.89757
32460,1.76816,15899.2,1.89736
32520,1.88973,15799.3,1.89959
