CampaignData_and_Merges/R0/CSL_MobileLab_Parked/raw/20240804/USOS-MetNav_MobileLabGround_20240804_R0.ict
44, 1001
Carrie Womack, Nate Howard, Mike Zucker
NOAA Chemical Sciences Laboratory
Mobile Lab MetNav Station
USOS
1, 1
2024, 08, 04, 2024, 12, 21
60
Time_Start, seconds_past_midnight, Seconds from midnight UTC
11
1, 1, 1, 1, 1, 1, 1, 1, 1, 1, 1
-9999, -9999, -9999, -9999, -9999, -9999, -9999, -9999, -9999, -9999, -9999
GPS_Alt_m, meters, Altitude from Differential GPS
GPS_Course_deg, degrees, Course from Differential GPS
GPS_GndSpd_m_s, m/s, Ground Speed from Differential GPS
GPS_Heading_deg, degrees, Heading from Differential GPS
GPS_Lat_deg, degrees, Latitude from Differential GPS
GPS_Lon_deg, degrees, Longitude from Differential GPS
AirTemp_C, Celsius, Air Temperature from Airmar
RelHumidity_pct, percent, Relative Humidity from Airmar
Pressure_mb, millibars, Pressure from Honeywell
WindDir_calc_deg, degrees, Wind Direction from Airmar corrected for van movement
WindSpd_calc_m_s, m/s, Wind Speed from Airmar corrected for van movement
1
SPECIAL COMMENTS:
18
PI_CONTACT_INFO: Address: 325 Broadway R/CSL7, Boulder, CO, 80305
PLATFORM: CSL Mobile Lab
LOCATION: Salt Lake City, UT
ASSOCIATED_DATA: N/A
INSTRUMENT_INFO: N/A
DATA_INFO: Units:
UNCERTAINTY: N/A
ULOD_FLAG: -7777
ULOD_VALUE: N/A
LLOD_FLAG: -8888
LLOD_VALUE: N/A
DM_CONTACT_INFO: Data Manager: Nate Howard
PROJECT_INFO: 
STIPULATIONS_ON_USE: Use of these data require prior ok from PI.
OTHER_COMMENTS: 
REVISION: R0
R0: Final data. Fixed bug in wind averaging code. RA: Preliminary Data. For in-field use only. 
Time_Start, GPS_Alt_m, GPS_Course_deg, GPS_GndSpd_m_s, GPS_Heading_deg, GPS_Lat_deg, GPS_Lon_deg, AirTemp_C, RelHumidity_pct, Pressure_mb, WindDir_calc_deg, WindSpd_calc_m_s
0.0,1308.0,1.50,0.04,1.50,40.73434,-111.87210,34.4,19.6,875.8,69.62,0.6
60.0,1308.0,1.09,0.05,1.09,40.73434,-111.87210,34.3,19.9,875.9,73.79,0.6
120.0,1307.9,1.23,0.05,1.23,40.73434,-111.87210,34.4,20.2,875.8,90.71,0.6
180.0,1307.6,1.33,0.05,1.33,40.73434,-111.87210,34.3,20.3,875.4,79.65,0.7
240.0,1307.7,1.27,0.05,1.27,40.73434,-111.87210,34.2,20.4,875.5,83.85,0.5
300.0,1307.8,1.15,0.05,1.15,40.73434,-111.87211,34.1,19.9,875.5,71.30,0.9
360.0,1307.9,1.38,0.05,1.38,40.73434,-111.87211,34.2,19.9,875.5,64.63,0.4
420.0,1307.7,2.02,0.04,2.02,40.73434,-111.87211,34.2,20.0,875.3,80.03,0.6
480.0,1307.8,2.02,0.05,2.02,40.73434,-111.87211,34.1,19.8,875.4,76.92,0.6
540.0,1307.9,2.04,0.05,2.04,40.73434,-111.87211,34.2,19.5,875.4,15.21,0.3
600.0,1307.9,1.95,0.05,1.95,40.73434,-111.87211,34.3,19.5,875.4,88.02,0.5
660.0,1307.9,1.79,0.04,1.79,40.73434,-111.87211,34.2,19.4,875.4,61.67,0.5
720.0,1308.3,2.03,0.04,2.03,40.73434,-111.87211,34.2,19.4,875.4,58.89,0.4
780.0,1308.6,2.12,0.05,2.12,40.73434,-111.87211,34.2,19.4,875.4,94.24,0.6
840.0,1309.0,2.36,0.05,2.36,40.73434,-111.87211,34.2,19.5,875.4,60.20,0.6
900.0,1309.1,2.29,0.05,2.29,40.73434,-111.87211,34.2,19.3,875.4,65.65,0.3
960.0,1309.4,2.24,0.05,2.24,40.73434,-111.87211,34.2,19.4,875.4,82.64,0.6
1020.0,1309.4,1.90,0.05,1.90,40.73434,-111.87211,34.2,19.4,875.4,77.88,0.5
1080.0,1309.3,1.73,0.05,1.73,40.73434,-111.87211,34.2,19.3,875.5,45.87,0.3
1140.0,1309.1,1.91,0.05,1.91,40.73434,-111.87211,34.2,19.4,875.5,66.44,0.4
1200.0,1309.0,2.17,0.05,2.17,40.73434,-111.87211,34.2,19.4,875.5,70.87,0.5
1260.0,1309.0,2.15,0.05,2.15,40.73434,-111.87211,34.3,19.3,875.5,94.73,0.4
1320.0,1308.9,1.80,0.05,1.80,40.73434,-111.87211,34.2,19.1,875.5,353.00,0.4
1380.0,1308.6,1.36,0.05,1.36,40.73434,-111.87211,34.3,19.2,875.6,50.09,0.3
1440.0,1308.6,1.70,0.05,1.70,40.73434,-111.87211,34.2,19.4,875.6,56.39,0.6
1500.0,1308.6,1.87,0.05,1.87,40.73434,-111.87211,34.2,19.5,875.6,91.35,0.4
1560.0,1308.4,2.27,0.05,2.27,40.73434,-111.87211,34.2,19.7,875.6,88.48,0.7
1620.0,1308.3,2.10,0.05,2.10,40.73434,-111.87211,34.1,19.5,875.6,83.37,0.8
1680.0,1308.3,1.51,0.05,1.51,40.73434,-111.87211,34.0,19.5,875.6,81.31,0.6
1740.0,1308.3,1.08,0.05,1.08,40.73434,-111.87211,34.0,19.4,875.6,95.32,0.6
1800.0,1308.4,1.30,0.05,1.30,40.73434,-111.87211,34.0,19.5,875.6,87.28,0.8
1860.0,1308.4,1.23,0.05,1.23,40.73434,-111.87211,34.0,19.4,875.6,80.22,0.5
1920.0,1308.5,1.83,0.05,1.83,40.73434,-111.87211,34.0,19.4,875.6,93.29,0.5
1980.0,1308.6,1.55,0.05,1.55,40.73434,-111.87211,33.9,19.4,875.6,99.89,0.8
2040.0,1308.6,1.34,0.04,1.34,40.73434,-111.87211,34.0,19.6,875.6,104.52,0.9
2100.0,1308.5,1.13,0.04,1.13,40.73434,-111.87211,34.0,19.5,875.7,123.61,0.8
2160.0,1308.6,0.88,0.04,0.88,40.73434,-111.87211,34.0,19.3,875.7,10.16,0.3
2220.0,1308.6,0.78,0.05,0.78,40.73434,-111.87211,34.0,19.4,875.7,74.19,0.4
2280.0,1308.6,0.47,0.05,0.47,40.73434,-111.87211,34.1,19.4,875.7,113.23,0.5
2340.0,1308.7,0.57,0.04,0.57,40.73434,-111.87211,34.1,19.4,875.8,101.83,0.8
2400.0,1308.7,1.05,0.05,1.05,40.73434,-111.87211,34.2,19.2,875.8,98.82,0.5
2460.0,1308.6,0.86,0.05,0.86,40.73434,-111.87211,34.3,19.0,875.8,138.61,0.6
2520.0,1308.6,0.77,0.05,0.77,40.73434,-111.87211,34.4,18.9,875.9,115.95,0.9
2580.0,1308.7,0.54,0.05,0.54,40.73434,-111.87211,34.5,18.9,875.9,161.97,1.3
2640.0,1308.7,0.42,0.05,0.42,40.73434,-111.87211,34.5,18.8,876.0,153.32,1.2
2700.0,1308.5,0.59,0.06,0.59,40.73434,-111.87211,34.5,19.0,876.0,165.88,1.1
2760.0,1308.3,1.09,0.05,1.09,40.73434,-111.87211,34.5,19.0,876.0,165.01,2.6
2820.0,1308.3,1.08,0.06,1.08,40.73434,-111.87211,34.6,19.3,876.0,151.42,1.0
2880.0,1308.8,1.67,0.06,1.67,40.73434,-111.87211,34.6,19.3,876.1,170.77,1.2
2940.0,1308.6,1.80,0.05,1.80,40.73434,-111.87211,34.7,19.1,876.1,186.76,1.2
3000.0,1308.4,1.48,0.05,1.48,40.73434,-111.87211,34.8,19.3,876.1,161.68,0.9
3060.0,1308.6,1.49,0.05,1.49,40.73434,-111.87211,34.7,19.3,876.1,165.03,1.6
3120.0,1308.7,1.09,0.05,1.09,40.73434,-111.87211,34.6,19.5,876.1,161.41,1.5
3180.0,1308.5,1.55,0.05,1.55,40.73434,-111.87211,34.5,19.9,876.1,150.10,2.0
3240.0,1308.4,1.63,0.05,1.63,40.73434,-111.87211,34.5,19.8,876.2,173.01,1.7
3300.0,1308.6,1.72,0.05,1.72,40.73434,-111.87211,34.4,19.9,876.2,152.24,2.9
3360.0,1308.4,2.10,0.04,2.10,40.73434,-111.87211,34.2,20.3,876.2,144.38,3.1
3420.0,1308.6,1.67,0.05,1.67,40.73434,-111.87211,34.0,20.3,876.2,161.03,2.9
3480.0,1309.0,1.74,0.05,1.74,40.73434,-111.87211,33.8,20.7,876.2,148.30,3.1
3540.0,1309.6,1.96,0.05,1.96,40.73433,-111.87211,33.6,20.5,876.2,147.01,3.6
3600.0,1309.5,1.58,0.05,1.58,40.73433,-111.87211,33.6,20.8,876.2,153.19,2.1
3660.0,1309.3,1.88,0.05,1.88,40.73434,-111.87211,33.5,20.8,876.2,149.96,2.5
3720.0,1309.3,1.83,0.05,1.83,40.73434,-111.87211,33.2,21.4,876.2,121.24,3.3
3780.0,1309.4,2.34,0.05,2.34,40.73434,-111.87211,33.0,21.7,876.2,125.87,3.7
3840.0,1309.5,2.38,0.04,2.38,40.73434,-111.87211,32.9,21.6,876.3,161.53,2.9
3900.0,1309.6,1.70,0.06,1.70,40.73434,-111.87211,32.9,21.4,876.3,175.54,3.6
3960.0,1309.6,1.70,0.05,1.70,40.73434,-111.87211,32.8,21.5,876.3,176.38,3.0
4020.0,1309.6,1.89,0.05,1.89,40.73434,-111.87211,32.8,21.7,876.3,164.05,3.6
4080.0,1309.7,1.67,0.05,1.67,40.73434,-111.87211,32.6,22.4,876.3,133.77,3.7
4140.0,1309.8,1.51,0.05,1.51,40.73434,-111.87211,32.5,22.2,876.4,143.34,2.7
4200.0,1309.5,1.46,0.05,1.46,40.73434,-111.87211,32.4,22.3,876.4,145.68,3.0
4260.0,1309.4,2.02,0.05,2.02,40.73434,-111.87211,32.3,22.4,876.4,136.50,3.4
4320.0,1309.5,2.29,0.06,2.29,40.73434,-111.87211,32.1,22.6,876.4,136.69,3.4
4380.0,1309.6,2.13,0.05,2.13,40.73434,-111.87211,32.2,22.6,876.4,137.01,2.2
4440.0,1309.3,1.37,0.05,1.37,40.73434,-111.87211,32.1,22.8,876.4,132.88,3.1
4500.0,1309.3,2.10,0.06,2.10,40.73434,-111.87211,31.9,23.1,876.4,124.31,3.3
4560.0,1309.5,2.35,0.05,2.35,40.73434,-111.87211,31.8,23.3,876.4,136.15,2.9
4620.0,1309.6,2.39,0.05,2.39,40.73434,-111.87211,31.8,23.1,876.5,142.16,2.9
4680.0,1309.8,2.52,0.06,2.52,40.73434,-111.87210,31.6,23.7,876.5,136.23,3.9
4740.0,1310.0,2.59,0.05,2.59,40.73433,-111.87210,31.5,23.4,876.5,139.18,5.0
4800.0,1310.0,2.63,0.05,2.63,40.73434,-111.87210,31.4,23.6,876.6,133.97,4.6
4860.0,1310.0,2.44,0.04,2.44,40.73434,-111.87210,31.3,23.8,876.6,132.09,4.2
4920.0,1310.3,2.24,0.06,2.24,40.73433,-111.87210,31.3,24.1,876.6,128.32,3.2
4980.0,1310.0,2.56,0.06,2.56,40.73434,-111.87210,31.1,24.0,876.6,121.85,4.8
5040.0,1310.2,2.47,0.06,2.47,40.73434,-111.87210,31.0,24.0,876.7,141.27,4.1
5100.0,1310.2,2.72,0.06,2.72,40.73434,-111.87210,31.0,24.2,876.7,142.43,3.6
5160.0,1310.2,2.57,0.06,2.57,40.73434,-111.87210,30.9,24.3,876.8,141.32,4.7
5220.0,1310.0,2.44,0.05,2.44,40.73434,-111.87210,30.9,24.6,876.8,149.55,3.6
5280.0,1309.9,2.19,0.06,2.19,40.73434,-111.87210,30.9,25.2,876.8,152.20,3.2
5340.0,1309.8,2.24,0.06,2.24,40.73434,-111.87210,30.9,26.0,876.9,164.51,3.6
5400.0,1309.9,1.79,0.06,1.79,40.73434,-111.87210,30.7,26.9,876.9,161.07,3.7
5460.0,1309.7,1.37,0.06,1.37,40.73434,-111.87210,30.6,27.2,877.0,162.55,4.6
5520.0,1309.5,1.79,0.06,1.79,40.73434,-111.87210,30.4,27.4,877.0,172.71,4.5
5580.0,1309.4,1.71,0.06,1.71,40.73434,-111.87210,30.2,27.7,877.1,143.66,5.6
5640.0,1309.4,1.65,0.05,1.65,40.73434,-111.87210,30.1,29.0,877.2,156.71,3.6
5700.0,1309.2,1.71,0.05,1.71,40.73434,-111.87210,30.0,30.0,877.2,161.62,3.9
5760.0,1309.2,2.15,0.05,2.15,40.73434,-111.87210,29.7,30.8,877.4,152.12,5.0
5820.0,1309.0,2.06,0.05,2.06,40.73434,-111.87210,29.4,32.1,877.5,146.56,5.2
5880.0,1308.9,2.01,0.05,2.01,40.73434,-111.87210,29.0,32.7,877.5,173.19,5.1
5940.0,1309.0,1.63,0.05,1.63,40.73434,-111.87210,28.8,34.2,877.5,147.83,4.7
6000.0,1308.9,1.06,0.06,1.06,40.73434,-111.87210,28.5,35.4,877.5,155.94,3.6
6060.0,1308.8,1.38,0.06,1.38,40.73434,-111.87210,28.3,36.8,877.5,149.40,3.4
6120.0,1308.7,1.78,0.05,1.78,40.73433,-111.87210,28.2,38.1,877.5,152.81,2.7
6180.0,1308.7,1.66,0.06,1.66,40.73433,-111.87210,28.1,39.6,877.5,178.14,2.2
6240.0,1308.6,1.68,0.05,1.68,40.73433,-111.87210,28.0,40.5,877.5,170.65,1.6
6300.0,1308.6,1.57,0.05,1.57,40.73433,-111.87211,27.9,40.1,877.5,165.08,2.6
6360.0,1308.7,1.66,0.05,1.66,40.73434,-111.87211,27.7,40.9,877.5,170.01,2.8
6420.0,1308.7,1.29,0.06,1.29,40.73434,-111.87211,27.5,39.8,877.5,165.42,3.0
6480.0,1308.8,0.85,0.05,0.85,40.73434,-111.87211,27.3,39.7,877.5,166.31,3.0
6540.0,1308.8,0.93,0.06,0.93,40.73434,-111.87211,27.2,40.1,877.6,146.03,2.5
6600.0,1308.6,0.73,0.05,0.73,40.73433,-111.87211,27.0,39.3,877.7,137.27,3.0
6660.0,1308.4,0.23,0.04,0.23,40.73433,-111.87211,27.0,38.7,877.7,142.87,3.0
6720.0,1308.3,0.49,0.05,0.49,40.73433,-111.87211,26.8,39.5,877.7,125.01,2.6
6780.0,1308.5,0.43,0.05,0.43,40.73433,-111.87211,26.8,39.5,877.7,128.28,2.8
6840.0,1308.7,0.64,0.05,0.64,40.73434,-111.87211,26.7,39.6,877.7,110.28,2.6
6900.0,1308.8,0.40,0.05,0.40,40.73434,-111.87211,26.6,39.9,877.7,112.19,2.4
6960.0,1308.9,0.59,0.05,0.59,40.73434,-111.87211,26.6,39.7,877.8,112.65,2.6
7020.0,1308.9,0.86,0.05,0.86,40.73434,-111.87211,26.5,39.9,877.9,120.39,2.9
7080.0,1309.0,0.70,0.05,0.70,40.73434,-111.87211,26.5,38.1,877.9,118.62,3.0
7140.0,1309.2,0.92,0.06,0.92,40.73434,-111.87211,26.6,38.0,877.8,126.92,2.5
7200.0,1309.3,0.81,0.05,0.81,40.73434,-111.87211,26.6,37.3,877.9,104.62,2.7
7260.0,1309.3,1.14,0.05,1.14,40.73434,-111.87211,26.6,38.0,877.9,89.89,1.1
7320.0,1309.4,1.42,0.05,1.42,40.73434,-111.87211,26.6,38.1,877.9,89.03,1.4
7380.0,1309.4,0.92,0.06,0.92,40.73434,-111.87211,26.6,37.9,877.9,107.32,1.6
7440.0,1309.4,0.76,0.04,0.76,40.73434,-111.87211,26.6,38.7,877.9,115.02,2.0
7500.0,1309.4,0.94,0.05,0.94,40.73434,-111.87211,26.5,38.7,877.9,98.75,1.8
7560.0,1309.2,0.87,0.05,0.87,40.73434,-111.87211,26.5,38.7,877.9,102.77,1.5
7620.0,1309.1,0.72,0.06,0.72,40.73434,-111.87211,26.6,38.8,878.0,99.60,1.3
7680.0,1309.3,0.46,0.06,0.46,40.73434,-111.87211,26.6,39.3,878.0,92.52,0.7
7740.0,1309.3,0.54,0.05,0.54,40.73434,-111.87211,26.6,35.5,878.0,108.94,1.8
7800.0,1309.4,1.18,0.05,1.18,40.73434,-111.87211,26.7,36.5,878.0,104.05,1.2
7860.0,1309.4,1.49,0.05,1.49,40.73434,-111.87211,26.7,36.8,878.0,102.33,1.0
7920.0,1309.2,1.77,0.05,1.77,40.73434,-111.87211,26.7,37.4,878.0,95.23,1.2
7980.0,1309.3,1.68,0.05,1.68,40.73434,-111.87211,26.7,36.9,878.1,100.35,1.5
8040.0,1309.4,1.91,0.05,1.91,40.73434,-111.87211,26.7,36.9,878.1,114.56,2.1
8100.0,1309.4,1.91,0.05,1.91,40.73434,-111.87211,26.7,36.7,878.1,102.03,1.5
8160.0,1309.3,1.79,0.06,1.79,40.73434,-111.87211,26.6,36.5,878.2,107.15,2.2
8220.0,1309.2,1.69,0.05,1.69,40.73434,-111.87211,26.6,37.0,878.2,117.16,2.2
8280.0,1308.9,1.94,0.05,1.94,40.73434,-111.87211,26.5,36.3,878.1,108.78,3.3
8340.0,1309.0,2.40,0.06,2.40,40.73434,-111.87211,26.5,36.1,878.1,103.75,1.9
8400.0,1308.8,2.60,0.06,2.60,40.73434,-111.87211,26.5,36.0,878.1,116.18,2.2
8460.0,1308.6,3.02,0.06,3.02,40.73434,-111.87211,26.5,36.5,878.2,96.85,1.0
8520.0,1308.6,3.13,0.05,3.13,40.73434,-111.87211,26.5,35.4,878.2,112.55,2.6
8580.0,1308.7,2.94,0.06,2.94,40.73434,-111.87211,26.4,34.7,878.2,108.48,3.1
8640.0,1308.9,2.60,0.05,2.60,40.73434,-111.87211,26.4,34.7,878.2,112.93,2.2
8700.0,1309.2,2.20,0.06,2.20,40.73434,-111.87211,26.4,34.8,878.3,103.44,2.8
8760.0,1309.1,2.59,0.05,2.59,40.73434,-111.87211,26.3,35.0,878.3,116.76,3.1
8820.0,1308.9,3.09,0.06,3.09,40.73434,-111.87211,26.3,35.7,878.3,119.54,2.3
8880.0,1309.2,3.23,0.05,3.23,40.73434,-111.87211,26.2,35.4,878.3,108.22,2.5
8940.0,1308.9,2.58,0.05,2.58,40.73434,-111.87211,26.2,35.3,878.4,120.85,2.2
9000.0,1308.8,2.37,0.05,2.37,40.73434,-111.87211,26.1,35.8,878.5,104.56,3.0
9060.0,1308.8,2.85,0.05,2.85,40.73434,-111.87211,26.0,36.3,878.5,105.44,2.5
9120.0,1308.9,2.54,0.05,2.54,40.73434,-111.87211,26.0,36.6,878.6,100.65,1.7
9180.0,1309.0,2.32,0.05,2.32,40.73434,-111.87211,25.7,37.1,878.6,112.54,4.2
9240.0,1309.0,2.69,0.05,2.69,40.73434,-111.87211,25.7,38.1,878.6,113.74,2.7
9300.0,1308.8,2.55,0.05,2.55,40.73434,-111.87211,25.6,38.5,878.7,106.52,1.8
9360.0,1308.8,2.50,0.05,2.50,40.73434,-111.87211,25.5,38.6,878.7,118.16,3.3
9420.0,1308.8,2.52,0.05,2.52,40.73434,-111.87211,25.4,38.5,878.7,116.42,3.4
9480.0,1308.8,2.56,0.05,2.56,40.73434,-111.87211,25.4,38.5,878.7,114.60,2.8
9540.0,1309.1,2.53,0.05,2.53,40.73434,-111.87211,25.3,38.3,878.5,108.02,2.3
9600.0,1309.1,2.31,0.05,2.31,40.73434,-111.87211,25.5,38.6,878.5,153.46,0.8
9660.0,1308.8,2.47,0.06,2.47,40.73434,-111.87211,25.6,39.1,878.7,87.84,0.4
9720.0,1308.8,2.14,0.05,2.14,40.73434,-111.87211,25.6,38.7,878.7,116.19,1.5
9780.0,1308.8,2.32,0.05,2.32,40.73434,-111.87211,25.6,39.1,878.6,117.41,2.2
9840.0,1309.1,2.31,0.05,2.31,40.73434,-111.87211,25.5,38.8,878.6,117.66,2.2
9900.0,1309.2,2.25,0.05,2.25,40.73434,-111.87211,25.5,39.9,878.6,117.00,1.6
9960.0,1309.1,1.73,0.05,1.73,40.73434,-111.87211,25.3,38.1,878.6,99.99,2.2
10020.0,1309.1,1.79,0.06,1.79,40.73434,-111.87211,25.3,37.1,878.6,103.32,2.4
10080.0,1309.0,1.80,0.05,1.80,40.73434,-111.87210,25.4,36.7,878.6,101.47,1.9
10140.0,1308.9,1.83,0.06,1.83,40.73434,-111.87210,25.4,36.2,878.6,107.84,1.9
10200.0,1309.0,2.10,0.06,2.10,40.73434,-111.87210,25.4,35.9,878.6,109.42,1.9
10260.0,1309.0,1.77,0.05,1.77,40.73434,-111.87210,25.4,35.8,878.6,107.06,3.1
10320.0,1308.8,1.70,0.05,1.70,40.73434,-111.87210,25.4,35.3,878.6,103.77,1.8
10380.0,1308.7,1.67,0.05,1.67,40.73434,-111.87210,25.6,35.1,878.6,98.63,1.4
10440.0,1308.6,1.20,0.05,1.20,40.73434,-111.87210,25.6,34.8,878.6,100.30,2.2
10500.0,1308.7,1.45,0.04,1.45,40.73434,-111.87211,25.6,34.4,878.6,95.21,1.0
10560.0,1308.7,1.46,0.05,1.46,40.73434,-111.87211,25.6,34.8,878.7,116.44,1.2
10620.0,1308.7,1.70,0.05,1.70,40.73434,-111.87211,25.7,34.6,878.6,107.44,1.2
10680.0,1308.5,2.10,0.05,2.10,40.73434,-111.87211,25.7,34.1,878.6,105.98,1.1
10740.0,1308.3,2.08,0.05,2.08,40.73434,-111.87211,25.8,33.9,878.7,91.10,0.7
10800.0,1308.1,1.99,0.05,1.99,40.73434,-111.87211,25.9,33.8,878.7,127.97,1.6
10860.0,1308.2,2.16,0.05,2.16,40.73434,-111.87211,25.9,33.9,878.7,116.08,1.8
10920.0,1308.1,2.58,0.06,2.58,40.73434,-111.87211,25.9,33.6,878.7,118.30,2.8
10980.0,1307.9,2.28,0.06,2.28,40.73434,-111.87211,25.9,33.5,878.7,103.61,1.8
11040.0,1307.8,2.47,0.05,2.47,40.73434,-111.87211,26.0,33.2,878.7,104.91,1.9
11100.0,1307.7,2.19,0.06,2.19,40.73434,-111.87211,26.0,33.1,878.7,112.00,1.9
11160.0,1307.6,2.37,0.05,2.37,40.73434,-111.87211,26.0,33.2,878.8,113.45,2.5
11220.0,1307.5,1.97,0.05,1.97,40.73434,-111.87211,26.0,33.1,878.8,106.42,1.6
11280.0,1307.5,2.08,0.05,2.08,40.73434,-111.87211,25.9,32.8,878.7,95.61,1.9
11340.0,1307.3,2.19,0.05,2.19,40.73434,-111.87211,25.8,33.0,878.8,93.84,3.0
11400.0,1307.1,2.09,0.05,2.09,40.73434,-111.87211,25.9,33.1,878.7,99.48,1.7
11460.0,1307.0,2.13,0.05,2.13,40.73434,-111.87211,25.8,33.3,878.7,102.39,2.5
11520.0,1307.3,1.80,0.05,1.80,40.73434,-111.87211,25.8,33.6,878.7,95.91,2.9
11580.0,1307.4,1.87,0.05,1.87,40.73434,-111.87211,25.7,33.6,878.7,105.81,2.9
11640.0,1307.4,2.05,0.04,2.05,40.73434,-111.87211,25.7,33.6,878.7,104.91,3.2
11700.0,1307.6,2.08,0.05,2.08,40.73434,-111.87211,25.7,33.6,878.7,110.46,3.3
11760.0,1307.7,1.60,0.04,1.60,40.73434,-111.87211,25.6,33.8,878.7,105.85,3.8
11820.0,1307.9,1.67,0.04,1.67,40.73434,-111.87211,25.6,33.6,878.7,104.85,4.3
11880.0,1308.2,2.11,0.05,2.11,40.73434,-111.87211,25.7,33.7,878.7,110.14,1.8
11940.0,1308.2,1.83,0.04,1.83,40.73434,-111.87211,25.6,34.0,878.8,110.43,4.3
12000.0,1307.9,1.87,0.05,1.87,40.73434,-111.87211,25.6,33.8,878.8,80.42,2.0
12060.0,1308.0,1.82,0.05,1.82,40.73434,-111.87211,25.5,34.3,878.9,110.44,4.6
12120.0,1308.1,2.14,0.05,2.14,40.73434,-111.87211,25.5,34.3,878.9,103.90,3.6
12180.0,1308.2,1.56,0.06,1.56,40.73434,-111.87211,25.5,34.4,878.9,108.97,3.4
12240.0,1308.3,1.49,0.05,1.49,40.73434,-111.87211,25.5,34.6,879.0,103.75,2.9
12300.0,1308.3,1.74,0.05,1.74,40.73434,-111.87211,25.4,34.7,879.0,104.20,3.4
12360.0,1308.3,1.71,0.05,1.71,40.73434,-111.87211,25.4,35.0,879.1,116.82,4.0
12420.0,1308.5,1.82,0.04,1.82,40.73434,-111.87211,25.3,35.1,879.1,97.88,2.3
12480.0,1308.7,1.92,0.05,1.92,40.73434,-111.87211,25.4,35.0,879.1,115.03,2.4
12540.0,1308.8,1.63,0.05,1.63,40.73434,-111.87211,25.4,34.9,879.1,106.01,2.6
