CampaignData_and_Merges/R0/CSL_MobileLab_Parked/raw/20240804/USOS-NOAAIodideCIMS-HNO3_MobileLabGround_20240804_RA.ict
33, 1001
Michael A Robinson, Chris Jernigan, Subi Thakali
NOAA ESRL Chemical Sciences Laboratory and CIRES, U. of Colorado
NOAA Iodide CIMS Instrument
USOS
1, 1
2024, 08, 04, 2024, 08, 05
1
starttime_UTC, seconds_past_midnight, seconds_of_day_since_00:00:00_UTC
1
1
-9999
HNO3_NOAACIMS, pptv, Gas_HNO3_InSitu_S_AVMR, 
0
18
PI_CONTACT_INFO: 325 Broadway, R/CSD 7, Boulder, Colorado 80305; michael.a.robinson@noaa.gov; chris.jernigan@noaa.gov;
PLATFORM: NOAA CSL Mobile Lab
LOCATION: SLC, Utah
ASSOCIATED_DATA: 1Hz data also available on request.
INSTRUMENT_INFO: NOAA I- ToF CIMS
DATA_INFO: All data in parts per trillion by volume (pptv). 1 Hz data is available upon request.
UNCERTAINTY: TBD
ULOD_FLAG: -7777
ULOD_VALUE: N/A
LLOD_FLAG: -8888
LLOD_VALUE: N/A
DM_CONTACT_INFO: Nathan Howard; nathan.h.howard@noaa.gov
PROJECT_INFO: USOS, summer 2024. https://csl.noaa.gov/groups/csl7/measurements/2024usos/
STIPULATIONS_ON_USE: Users are strongly encouraged to contact the PI for proper data usage.
OTHER_COMMENTS: 
REVISION: RA
RA: Preliminary Data; For in-field use only
starttime_UTC, HNO3_NOAACIMS
     0, -9999.000
    60, -9999.000
   120, -9999.000
   180, -9999.000
   240, -9999.000
   300, -9999.000
   360, -9999.000
   420, -9999.000
   480, 591.482
   540, 574.888
   600, 591.297
   660, 593.843
   720, 587.344
   780, 584.893
   840, 580.490
   900, 575.922
   960, 583.999
  1020, 586.733
  1080, 591.550
  1140, 594.849
  1200, 596.012
  1260, 584.409
  1320, 594.527
  1380, -9999.000
  1440, 529.063
  1500, 543.200
  1560, 552.299
  1620, 538.700
  1680, 561.747
  1740, 581.047
  1800, 588.605
  1860, 583.939
  1920, 585.438
  1980, 588.598
  2040, 590.253
  2100, 597.666
  2160, 615.724
  2220, 653.959
  2280, 676.523
  2340, 668.282
  2400, 681.206
  2460, 696.532
  2520, 710.031
  2580, 702.664
  2640, 689.118
  2700, 686.777
  2760, 655.102
  2820, 635.111
  2880, 613.304
  2940, 590.485
  3000, 589.453
  3060, 577.360
  3120, 572.292
  3180, 554.171
  3240, -9999.000
  3300, 499.241
  3360, 507.826
  3420, 507.979
  3480, 497.942
  3540, 477.214
  3600, 511.769
  3660, 545.350
  3720, 517.292
  3780, 474.689
  3840, 425.681
  3900, 393.766
  3960, 398.331
  4020, 401.679
  4080, 392.753
  4140, 349.259
  4200, 343.302
  4260, 330.150
  4320, 322.228
  4380, 324.565
  4440, 332.598
  4500, 335.118
  4560, 310.725
  4620, 296.447
  4680, 292.143
  4740, 267.994
  4800, 273.579
  4860, 297.832
  4920, 313.523
  4980, 315.146
  5040, 323.133
  5100, -9999.000
  5160, 313.920
  5220, 333.694
  5280, 347.406
  5340, 353.726
  5400, 354.290
  5460, 353.025
  5520, 355.248
  5580, 348.681
  5640, 354.363
  5700, 352.229
  5760, 333.207
  5820, 315.466
  5880, 300.141
  5940, 290.717
  6000, 283.992
  6060, 280.671
  6120, 280.656
  6180, 277.086
  6240, 270.215
  6300, 256.800
  6360, 244.340
  6420, 241.211
  6480, 233.232
  6540, 218.987
  6600, 202.611
  6660, 188.295
  6720, 178.036
  6780, 165.488
  6840, 156.291
  6900, 147.964
  6960, 145.142
  7020, 135.678
  7080, 110.422
  7140, 98.642
  7200, 94.698
  7260, 195.127
  7320, 215.008
  7380, 153.552
  7440, 154.861
  7500, 152.823
  7560, 152.702
  7620, 151.961
  7680, 148.159
  7740, 138.367
  7800, 146.430
  7860, 160.245
  7920, 169.305
  7980, 167.629
  8040, 173.053
  8100, 167.711
  8160, 167.763
  8220, 167.381
  8280, 165.437
  8340, 165.083
  8400, 170.987
  8460, 173.708
  8520, 165.798
  8580, 164.186
  8640, 167.389
  8700, 167.769
  8760, -9999.000
  8820, 177.922
  8880, 168.725
  8940, 171.539
  9000, 173.374
  9060, 178.778
  9120, 182.770
  9180, 186.386
  9240, 193.600
  9300, 195.562
  9360, 199.218
  9420, 199.435
  9480, 201.274
  9540, 203.379
  9600, 200.826
  9660, 201.141
  9720, 188.698
  9780, 193.310
  9840, 188.899
  9900, 185.165
  9960, 179.012
 10020, 181.399
 10080, 181.675
 10140, 181.707
 10200, 183.676
 10260, 178.314
 10320, 174.083
 10380, 171.247
 10440, 169.516
 10500, 169.551
 10560, 166.849
 10620, -9999.000
 10680, 178.337
 10740, 184.574
 10800, 191.057
 10860, 193.200
 10920, 193.006
 10980, 198.294
 11040, 194.989
 11100, 195.498
 11160, 194.961
 11220, 197.049
 11280, 202.386
 11340, 214.303
 11400, 226.086
 11460, 229.653
 11520, 233.705
 11580, 237.283
 11640, 238.731
 11700, 237.866
 11760, 240.654
 11820, 239.754
 11880, 241.773
 11940, 249.884
 12000, 263.515
 12060, 279.005
 12120, 284.255
 12180, 287.191
 12240, 287.009
 12300, 285.159
 12360, 280.837
 12420, 280.625
 12480, -9999.000
 12540, 244.746
 12600, 255.184
 12660, 265.763
 12720, 274.976
 12780, 285.369
 12840, 287.482
 12900, 277.855
 12960, 277.224
 13020, 277.051
 13080, 273.614
 13140, 266.223
 13200, 264.490
 13260, 266.353
 13320, 272.034
 13380, 275.396
 13440, 278.109
 13500, 275.436
 13560, 274.916
 13620, 271.064
 13680, 267.637
 13740, 268.986
 13800, 270.338
 13860, 287.502
 13920, 290.089
 13980, 283.639
 14040, 276.812
 14100, 264.258
 14160, 255.763
 14220, 239.688
 14280, 240.461
 14340, 235.031
 14400, 229.414
 14460, 220.930
 14520, 206.317
 14580, 191.642
 14640, 183.512
 14700, 182.771
 14760, 178.990
 14820, 173.064
 14880, 167.278
 14940, 160.556
 15000, 152.075
 15060, 144.842
 15120, 139.721
 15180, 139.197
 15240, 151.770
 15300, 155.278
 15360, 159.225
 15420, 161.981
 15480, 160.542
 15540, 161.294
 15600, 158.523
 15660, 157.421
 15720, 167.131
 15780, 175.605
 15840, 185.031
 15900, 187.013
 15960, 185.873
 16020, 186.572
 16080, 180.186
 16140, 177.913
 16200, 192.670
 16260, 194.563
 16320, 195.061
 16380, 190.483
 16440, 187.196
 16500, 183.270
 16560, 179.845
 16620, 182.931
 16680, 190.817
 16740, 190.929
 16800, 187.581
 16860, 188.722
 16920, 178.714
 16980, 175.959
 17040, 171.533
 17100, 174.410
 17160, 180.435
 17220, 186.564
 17280, 187.776
 17340, 187.481
 17400, 187.146
 17460, 180.533
 17520, 175.800
 17580, 183.714
 17640, 192.417
 17700, 192.292
 17760, 197.440
 17820, 194.828
 17880, 190.899
 17940, 187.772
 18000, 186.708
 18060, 188.302
 18120, 190.425
 18180, 198.936
 18240, 198.818
 18300, 197.754
 18360, 196.422
 18420, 193.591
 18480, 190.551
 18540, 194.880
 18600, 202.187
 18660, 207.564
 18720, 206.632
 18780, 202.652
 18840, 200.005
 18900, 195.126
 18960, 192.788
 19020, 196.514
 19080, 199.139
 19140, 200.929
 19200, 199.741
 19260, 197.658
 19320, 192.244
 19380, 183.368
 19440, 186.959
 19500, 188.435
 19560, 193.442
 19620, 197.919
 19680, 199.458
 19740, 197.117
 19800, 196.943
 19860, -9999.000
 19920, 184.965
 19980, 184.810
 20040, 194.653
 20100, 201.953
 20160, 206.939
 20220, 202.227
 20280, 199.506
 20340, 195.299
 20400, 191.638
 20460, 185.718
 20520, 185.264
 20580, 196.082
 20640, 199.351
 20700, 199.308
 20760, 195.493
 20820, 187.201
 20880, 187.411
 20940, 180.051
 21000, 179.990
 21060, 186.057
 21120, 194.575
 21180, 199.497
 21240, 200.548
 21300, 196.577
 21360, 192.671
 21420, 189.582
 21480, 184.378
 21540, 182.970
 21600, 183.688
 21660, 186.883
 21720, -9999.000
 21780, 176.845
 21840, 172.254
 21900, 166.371
 21960, 161.942
 22020, 167.577
 22080, 169.483
 22140, 170.081
 22200, 164.122
 22260, 156.331
 22320, 153.239
 22380, 142.570
 22440, 138.362
 22500, 138.668
 22560, 145.616
 22620, 150.913
 22680, 150.446
 22740, 150.946
 22800, 155.661
 22860, 151.741
 22920, 152.095
 22980, 155.148
 23040, 161.677
 23100, 168.259
 23160, 172.705
 23220, 172.782
 23280, 173.723
 23340, 169.730
 23400, 165.672
 23460, 156.959
 23520, 156.846
 23580, -9999.000
 23640, 173.728
 23700, 166.523
 23760, 163.666
 23820, 157.897
 23880, 149.421
 23940, 142.398
 24000, 133.723
 24060, 134.077
 24120, 136.266
 24180, 136.957
 24240, 130.627
 24300, 125.160
 24360, 121.013
 24420, 111.325
 24480, 114.224
 24540, 115.024
 24600, 118.885
 24660, 118.674
 24720, 118.524
 24780, 118.278
 24840, 116.914
 24900, 117.787
 24960, 119.548
 25020, 127.995
 25080, 134.974
 25140, 137.743
 25200, 135.318
 25260, 135.606
 25320, 134.388
 25380, 129.750
 25440, 139.927
 25500, 142.988
 25560, 147.818
 25620, 150.879
 25680, 149.894
 25740, 144.652
 25800, 142.055
 25860, 142.673
 25920, 148.888
 25980, 154.170
 26040, 156.633
 26100, 156.423
 26160, 154.073
 26220, 149.066
 26280, 144.856
 26340, 142.452
 26400, 146.471
 26460, 150.690
 26520, 152.189
 26580, 150.203
 26640, 146.072
 26700, 143.428
 26760, 136.120
 26820, 133.656
 26880, 138.667
 26940, 142.471
 27000, 139.892
 27060, 136.481
 27120, 133.207
 27180, 131.754
 27240, -9999.000
 27300, 144.090
 27360, 143.599
 27420, 141.515
 27480, 140.290
 27540, 137.290
 27600, 133.644
 27660, 132.690
 27720, 139.836
 27780, 141.266
 27840, 138.106
 27900, 133.995
 27960, 129.959
 28020, 126.814
 28080, 124.307
 28140, 127.115
 28200, 126.589
 28260, 125.391
 28320, 121.117
 28380, 118.837
 28440, 124.281
 28500, 127.914
 28560, 125.996
 28620, 122.054
 28680, 118.119
 28740, 115.519
 28800, 122.571
 28860, 122.947
 28920, 121.087
 28980, 118.085
 29040, 114.554
 29100, -9999.000
 29160, 115.020
 29220, 119.395
 29280, 118.283
 29340, 116.428
 29400, 110.927
 29460, 110.725
 29520, 109.053
 29580, 113.318
 29640, 113.557
 29700, 114.989
 29760, 110.661
 29820, 106.455
 29880, 106.794
 29940, 110.411
 30000, 115.794
 30060, 118.022
 30120, 114.887
 30180, 118.253
 30240, 115.571
 30300, 116.192
 30360, 120.277
 30420, 120.370
 30480, 123.695
 30540, 123.898
 30600, 121.624
 30660, 126.181
 30720, 127.764
 30780, 124.787
 30840, 118.890
 30900, 114.232
 30960, -9999.000
 31020, 112.698
 31080, 113.595
 31140, 114.445
 31200, 113.223
 31260, 112.951
 31320, 111.560
 31380, 110.096
 31440, 109.198
 31500, 116.850
 31560, 124.256
 31620, 128.087
 31680, 129.269
 31740, 130.642
 31800, 128.162
 31860, 128.109
 31920, 133.952
 31980, 137.676
 32040, 137.808
 32100, 132.216
 32160, 129.618
 32220, 126.351
 32280, 126.439
 32340, 129.433
 32400, 134.394
 32460, 132.361
 32520, 129.900
 32580, 125.449
 32640, 122.899
 32700, 126.605
 32760, 129.105
 32820, 132.556
 32880, 127.644
 32940, 125.565
 33000, 125.312
 33060, 123.682
 33120, 128.048
 33180, 130.536
 33240, 126.781
 33300, 125.195
 33360, 120.870
 33420, 126.056
 33480, 130.674
 33540, 132.085
 33600, 129.828
 33660, 126.658
 33720, 121.637
 33780, 116.615
 33840, 116.100
 33900, 119.699
 33960, 122.481
 34020, 121.229
 34080, 115.766
 34140, 115.251
 34200, 111.593
 34260, 112.557
 34320, 116.808
 34380, 116.712
 34440, 114.002
 34500, 110.515
 34560, 108.190
 34620, 110.203
 34680, 118.830
 34740, 118.016
 34800, 116.714
 34860, 111.653
 34920, 111.092
 34980, 112.455
 35040, 113.745
 35100, 115.443
 35160, 114.424
 35220, 109.228
 35280, 104.463
 35340, 100.679
 35400, 100.660
 35460, 106.458
 35520, 104.293
 35580, 102.336
 35640, 99.101
 35700, 97.634
 35760, 101.634
 35820, 106.162
 35880, 106.156
 35940, 107.077
 36000, 102.579
 36060, 101.952
 36120, 101.092
 36180, 104.800
 36240, 107.249
 36300, 109.047
 36360, 109.056
 36420, 106.120
 36480, 107.691
 36540, 119.122
 36600, 119.722
 36660, 120.892
 36720, 119.514
 36780, 119.955
 36840, 122.419
 36900, 125.100
 36960, 127.618
 37020, 122.578
 37080, 120.856
 37140, 116.144
 37200, 115.639
 37260, 123.161
 37320, 126.639
 37380, 125.463
 37440, 122.880
 37500, 122.956
 37560, 120.857
 37620, 123.436
 37680, 124.882
 37740, 127.553
 37800, 124.757
 37860, 121.220
 37920, 118.809
 37980, 120.623
 38040, 124.770
 38100, 123.956
 38160, 120.058
 38220, 120.044
 38280, 114.451
 38340, -9999.000
 38400, 125.718
 38460, 121.581
 38520, 114.177
 38580, 109.911
 38640, 106.867
 38700, 109.264
 38760, 112.618
 38820, 109.712
 38880, 107.941
 38940, 105.040
 39000, 101.611
 39060, 103.107
 39120, 106.452
 39180, 104.788
 39240, 103.166
 39300, 99.628
 39360, 100.361
 39420, 106.222
 39480, 104.199
 39540, 103.421
 39600, 98.366
 39660, 96.719
 39720, 97.689
 39780, 98.764
 39840, 99.024
 39900, 97.772
 39960, 94.570
 40020, 93.166
 40080, 94.326
 40140, 94.122
 40200, -9999.000
 40260, 94.230
 40320, 86.286
 40380, 85.752
 40440, 90.302
 40500, 90.654
 40560, 86.039
 40620, 80.611
 40680, 77.605
 40740, 81.875
 40800, 82.289
 40860, 87.553
 40920, 84.460
 40980, 81.303
 41040, 81.714
 41100, 81.986
 41160, 82.565
 41220, 82.731
 41280, 82.696
 41340, 80.851
 41400, 82.997
 41460, 85.664
 41520, 86.958
 41580, 84.985
 41640, 85.253
 41700, 87.126
 41760, 92.064
 41820, 94.728
 41880, 92.413
 41940, 91.859
 42000, 91.880
 42060, -9999.000
 42120, 100.961
 42180, 100.794
 42240, 100.598
 42300, 97.913
 42360, 94.730
 42420, 91.704
 42480, 96.144
 42540, 98.946
 42600, 96.704
 42660, 95.293
 42720, 92.699
 42780, 90.380
 42840, 94.058
 42900, 94.595
 42960, 96.845
 43020, 93.086
 43080, 89.885
 43140, 85.014
 43200, 85.593
 43260, 87.353
 43320, 85.170
 43380, 79.637
 43440, 76.330
 43500, 73.067
 43560, 84.168
 43620, 86.050
 43680, 87.410
 43740, 92.200
 43800, 90.787
 43860, 93.823
 43920, 101.578
 43980, 99.921
 44040, 104.906
 44100, 100.069
 44160, 95.188
 44220, 93.495
 44280, 97.192
 44340, 95.532
 44400, 95.907
 44460, 93.319
 44520, 92.224
 44580, 92.725
 44640, 94.359
 44700, 94.139
 44760, 91.836
 44820, 89.106
 44880, 89.751
 44940, 93.859
 45000, 94.206
 45060, 90.128
 45120, 83.351
 45180, 86.591
 45240, 85.439
 45300, 86.253
 45360, 84.820
 45420, 82.929
 45480, 80.238
 45540, 81.379
 45600, 84.517
 45660, 86.825
 45720, -9999.000
 45780, 83.922
 45840, 78.221
 45900, 76.449
 45960, 70.297
 46020, 70.801
 46080, 66.730
 46140, 57.668
 46200, 56.150
 46260, 52.241
 46320, 46.020
 46380, 41.803
 46440, 35.574
 46500, 31.660
 46560, 29.160
 46620, 24.553
 46680, 21.261
 46740, 13.977
 46800, -0.047
 46860, 13.898
 46920, 157.352
 46980, 209.502
 47040, 188.351
 47100, 161.956
 47160, 147.243
 47220, 142.696
 47280, 138.392
 47340, 129.509
 47400, 126.315
 47460, 121.673
 47520, 115.531
 47580, -9999.000
 47640, 154.318
 47700, 138.430
 47760, 124.696
 47820, 120.602
 47880, 117.300
 47940, 115.821
 48000, 114.299
 48060, 111.791
 48120, 106.001
 48180, 101.947
 48240, 103.149
 48300, 104.530
 48360, 102.246
 48420, 100.988
 48480, 96.863
 48540, 94.750
 48600, 97.921
 48660, 105.135
 48720, 106.559
 48780, 107.436
 48840, 105.363
 48900, 108.271
 48960, 112.165
 49020, 118.323
 49080, 117.672
 49140, 116.725
 49200, 112.401
 49260, 114.370
 49320, 112.060
 49380, 105.295
 49440, -9999.000
 49500, 139.238
 49560, 138.353
 49620, 135.227
 49680, 136.829
 49740, 131.479
 49800, 121.428
 49860, 118.140
 49920, 124.199
 49980, 130.209
 50040, 143.421
 50100, 149.631
 50160, 149.871
 50220, 156.482
 50280, 156.008
 50340, 155.645
 50400, 161.769
 50460, 164.904
 50520, 163.356
 50580, 159.704
 50640, 153.288
 50700, 148.996
 50760, 139.849
 50820, 138.434
 50880, 145.532
 50940, 151.800
 51000, 146.892
 51060, 141.705
 51120, 137.482
 51180, 134.845
 51240, 136.397
 51300, 160.509
 51360, 154.067
 51420, 147.010
 51480, 139.857
 51540, 131.016
 51600, 124.915
 51660, 116.340
 51720, 111.346
 51780, 103.882
 51840, 97.819
 51900, 93.326
 51960, 98.474
 52020, 106.734
 52080, 117.225
 52140, 115.304
 52200, 125.084
 52260, 135.687
 52320, 145.212
 52380, 139.754
 52440, 149.309
 52500, 173.928
 52560, 185.657
 52620, 197.924
 52680, 203.044
 52740, 214.235
 52800, 225.830
 52860, 232.600
 52920, 236.797
 52980, 240.489
 53040, 247.684
 53100, 248.654
 53160, 247.939
 53220, 244.185
 53280, 248.132
 53340, 250.778
 53400, 259.924
 53460, 268.102
 53520, 268.134
 53580, 271.020
 53640, 276.253
 53700, 275.161
 53760, 275.177
 53820, 277.325
 53880, 283.938
 53940, 289.123
 54000, 293.558
 54060, 295.915
 54120, 291.726
 54180, 290.397
 54240, 293.370
 54300, 296.643
 54360, 298.535
 54420, 294.107
 54480, 289.899
 54540, 294.100
 54600, 300.784
 54660, 305.542
 54720, 296.308
 54780, 292.873
 54840, 300.604
 54900, 312.587
 54960, 312.661
 55020, 305.678
 55080, 305.635
 55140, 306.299
 55200, 309.293
 55260, 314.683
 55320, 318.110
 55380, 322.180
 55440, 323.467
 55500, 318.223
 55560, 323.965
 55620, 328.163
 55680, 329.370
 55740, 334.342
 55800, 337.687
 55860, 337.774
 55920, 345.074
 55980, 363.781
 56040, 368.930
 56100, 368.603
 56160, 355.485
 56220, 352.207
 56280, 355.653
 56340, 349.360
 56400, 356.707
 56460, 359.350
 56520, 367.660
 56580, 363.713
 56640, 362.946
 56700, 360.472
 56760, -9999.000
 56820, -9999.000
 56880, -9999.000
 56940, -9999.000
 57000, -9999.000
 57060, -9999.000
 57120, -9999.000
 57180, -9999.000
 57240, -9999.000
 57300, -9999.000
 57360, -9999.000
 57420, -9999.000
 57480, -9999.000
 57540, -9999.000
 57600, -9999.000
 57660, -9999.000
 57720, -9999.000
 57780, -9999.000
 57840, -9999.000
 57900, -9999.000
 57960, -9999.000
 58020, 311.348
 58080, 330.743
 58140, 336.687
 58200, 340.075
 58260, 347.958
 58320, 348.523
 58380, 352.970
 58440, 356.671
 58500, 374.692
 58560, 385.040
 58620, 391.020
 58680, 395.707
 58740, 395.482
 58800, 395.102
 58860, 402.103
 58920, 408.034
 58980, 410.049
 59040, 416.984
 59100, 419.908
 59160, 426.444
 59220, 438.902
 59280, 449.503
 59340, 460.103
 59400, 466.600
 59460, 462.259
 59520, 463.234
 59580, 462.836
 59640, 479.549
 59700, 482.762
 59760, 473.032
 59820, 461.991
 59880, 465.212
 59940, 478.251
 60000, -9999.000
