CampaignData_and_Merges/R0/CSL_MobileLab_Parked/raw/20240804/USOS-Picarro-CO2-CH4-CO-H2O_MobileLabGround_20240804_R0.ict
38, 1001
Ilana Pollack, Nell Schafer, and Jeff Peischl
NOAA Chemical Sciences Laboratory
Picarro 2401-m CO2/CH4/CO/H2O Analyzer
USOS
1, 1
2024, 08, 04, 2024, 11, 20
0
StartTime_UTC, seconds_past_midnight, seconds past midnight
5
1, 1, 1, 1, 1
-9999, -9999, -9999, -9999, -9999
StopTime_UTC, seconds_past_midnight, seconds past midnight
CO2_ppm_1min, ppm, Gas_CO2_InSitu_S_DMF, carbon dioxide mixing ratio
CH4_ppb_1min, ppb, Gas_CH4_InSitu_S_DMF, methane mixing ratio
CO_ppb_1min, ppb, Gas_CO_InSitu_S_DMF, carbon monoxide mixing ratio
H2O_ppmv_1min, ppmv, Met_H2OMRV_InSitu_S_AVMR, water vapor mixing ratio
1
SPECIAL COMMENTS: N/A
18
PI_CONTACT_INFO: Address: NOAA Chemical Sciences Laboratory, Mail Stop CSL7, 325 Broadway, Boulder, CO 80305; Email: Ilana.Pollack@noaa.gov
PLATFORM: NOAA CSL Mobile Laboratory
LOCATION: The mobile lab was stationed in Salt Lake City, Utah.
ASSOCIATED_DATA: N/A
INSTRUMENT_INFO: CO2, CH4, and CO are reported as dry air mole fractions using a commercial wavelength-scanned cavity ring-down analyzer (Picarro 2401-m). An in-field calibration gas standard of 432±0.07 ppm CO2, 2095±1 ppb CH4, and 183±1 ppb CO, calibrated in the Boulder laboratories before and after the field project using primary CO2, CH4, and CO standard tanks tied to the WMO standard (X2019, X2004A, and X2014A, respectively) from the Global Monitoring Laboratory (GML), was delivered to the inlet every 2-3 days to evaluate instrument sensitivity. A H2O measurement was calibrated before the project with a Dew Point Mirror 373 hygrometer. The water correction calculated from these calibrations was applied to the H2O measurement for the entire campaign. Species are measured at 0.5 Hz and reported as 1-minute averages for stationary measurements.
DATA_INFO: Units: CO2, ppm, dry air mole fraction; CH4, ppb, dry air mole fraction; CO, ppb, dry air mole fraction; H2O, ppmv
UNCERTAINTY: Total uncertainties are estimated as ±0.1 ppm for CO2, ±1 ppb for CH4, ±5 ppb for CO, and ±(50 ppm + 4%) for H2O.
ULOD_FLAG: -7777
ULOD_VALUE: N/A
LLOD_FLAG: -8888
LLOD_VALUE: N/A
DM_CONTACT_INFO: Data Manager: Nathan Howard; nathan.h.howard@noaa.gov
PROJECT_INFO: USOS Dates of Study: July – August 2024
STIPULATIONS_ON_USE: Use of these data require prior ok from PI.
OTHER_COMMENTS: Data are averaged to 1 minute intervals. Stationary data collected from a 10 ft tower on top of the mobile van.
REVISION: R0
R0: Final Data
StartTime_UTC, StopTime_UTC, CO2_ppm_1min, CH4_ppb_1min, CO_ppb_1min, H2O_ppmv_1min
[from data line 1125]
67500,67560,426.84,1945.7,123.3,14857.2305
67560,67620,426.86,1945.8,126.5,14893.8174
67620,67680,426.29,1946.0,124.2,15351.4092
67680,67740,426.69,1946.6,127.8,15373.1807
67740,67800,426.91,1946.7,125.0,15170.4814
67800,67860,426.40,1947.4,127.7,15719.4355
67860,67920,425.96,1947.3,129.4,16032.7383
67920,67980,426.53,1947.4,129.5,15860.6533
67980,68040,425.37,1947.5,129.1,16611.2363
68040,68100,424.50,1947.4,130.1,17252.5527
68100,68160,425.94,1947.3,132.0,16239.5127
68160,68220,424.93,1947.7,133.7,16931.5098
68220,68280,426.02,1947.7,129.4,16025.5781
68280,68340,426.45,1946.9,128.3,15751.4209
68340,68400,426.99,1946.4,127.7,15128.8271
68400,68460,426.78,1946.5,129.1,15350.6162
68460,68520,427.08,1947.2,132.1,15271.0488
68520,68580,427.47,1946.9,130.8,14920.1416
68580,68640,427.57,1947.2,128.0,14686.9961
68640,68700,427.33,1946.9,130.1,15137.7559
68700,68760,427.53,1946.4,130.9,14971.6045
68760,68820,427.54,1946.2,129.2,14962.3994
68820,68880,426.86,1945.2,125.0,14758.2334
68880,68940,426.39,1943.3,122.0,14628.0967
68940,69000,426.18,1942.4,118.7,14526.7607
69000,69060,426.26,1943.2,120.7,14610.7764
69060,69120,426.37,1943.4,118.7,14473.8105
69120,69180,426.22,1943.3,117.9,14550.1602
69180,69240,426.52,1944.3,121.7,14630.9785
69240,69300,427.03,1944.9,125.3,14694.3438
69300,69360,427.26,1945.1,124.9,14760.7686
69360,69420,427.52,1944.8,128.1,15179.7891
69420,69480,427.60,1945.7,135.4,15941.7959
69480,69540,426.77,1945.1,126.1,14992.8975
69540,69600,427.05,1945.9,127.7,15189.7012
69600,69660,426.78,1945.8,128.5,15327.6309
69660,69720,426.02,1946.1,129.1,16149.5381
69720,69780,427.22,1946.6,131.5,15402.4053
69780,69840,427.03,1946.8,133.8,15653.8477
69840,69900,426.90,1946.8,128.7,15601.4668
69900,69960,427.44,1946.8,128.1,15188.9512
69960,70020,426.83,1946.8,131.0,15616.7324
70020,70080,427.46,1947.0,130.3,15035.9004
70080,70140,427.50,1947.3,131.0,15036.3691
70140,70200,426.96,1947.8,130.4,15433.0400
70200,70260,426.81,1948.5,129.1,16089.3691
70260,70320,426.95,1946.8,128.5,15419.2061
70320,70380,427.55,1946.9,130.4,15198.4111
70380,70440,427.40,1946.3,129.7,15049.4111
70440,70500,427.05,1946.2,127.5,14989.3535
70500,70560,426.68,1944.5,124.4,14710.8975
70560,70620,426.72,1944.0,122.0,14594.2031
70620,70680,427.28,1944.8,126.8,14674.9980
70680,70740,427.13,1944.7,125.2,14670.9131
70740,70800,427.18,1944.3,128.3,14725.0078
70800,70860,426.91,1944.1,125.5,14811.3574
70860,70920,426.11,1944.5,126.2,15714.4600
70920,70980,426.73,1947.3,127.3,15303.7891
70980,71040,426.43,1948.1,127.7,15919.6074
71040,71100,426.44,1948.4,126.6,15777.6865
71100,71160,426.89,1948.0,131.8,15635.1045
71160,71220,426.51,1948.2,129.4,15997.6924
71220,71280,425.95,1948.9,128.0,16191.1514
71280,71340,427.37,1949.9,131.2,15357.1133
71340,71400,427.28,1950.4,129.9,15172.0654
71400,71460,427.20,1949.6,127.7,15069.3359
71460,71520,427.26,1949.3,128.7,15108.8398
71520,71580,427.20,1949.7,127.6,15248.6152
71580,71640,427.28,1949.3,129.1,15330.0801
71640,71700,427.09,1949.3,129.2,15576.3438
71700,71760,427.50,1949.3,129.6,15500.3545
71760,71820,427.48,1949.1,130.4,15294.4668
71820,71880,426.95,1950.3,132.7,16045.2324
71880,71940,427.18,1950.0,131.0,15462.5693
71940,72000,427.42,1950.8,130.4,15202.4590
72000,72060,427.40,1951.1,129.4,15203.4980
72060,72120,427.39,1951.0,132.5,15083.9521
72120,72180,427.02,1950.9,131.4,15368.1670
72180,72240,427.15,1950.3,130.7,15288.4697
72240,72300,427.00,1950.5,129.7,15607.9365
72300,72360,427.54,1950.7,130.7,15870.0752
72360,72420,428.71,1950.8,129.8,16106.0938
72420,72480,427.25,1950.7,138.0,15408.6934
72480,72540,427.62,1950.6,138.0,15426.3232
72540,72600,427.51,1950.2,131.8,15145.7422
72600,72660,427.47,1950.5,130.7,15205.9004
72660,72720,427.41,1950.7,132.5,15291.3877
72720,72780,427.60,1951.0,133.5,15231.3057
72780,72840,427.41,1950.7,132.7,15197.5908
72840,72900,427.82,1950.6,133.2,15202.6045
72900,72960,427.48,1950.1,130.6,15094.2246
72960,73020,427.39,1949.9,130.9,14966.3164
73020,73080,427.57,1950.1,134.5,15636.2314
73080,73140,428.29,1950.3,141.5,16265.5586
73140,73200,428.76,1950.1,137.9,15722.3457
73200,73260,430.73,1950.5,146.6,16551.0156
73260,73320,427.49,1950.0,131.5,15362.9365
73320,73380,427.94,1950.0,132.1,15115.3379
73380,73440,427.65,1950.0,134.6,15217.8320
73440,73500,427.69,1950.1,134.0,15157.0098
73500,73560,427.53,1950.1,132.4,15168.6992
73560,73620,426.69,1950.8,136.9,16449.7988
73620,73680,427.03,1950.6,133.0,15675.6426
73680,73740,426.95,1950.7,132.4,15623.6875
73740,73800,426.40,1950.8,133.6,16052.9404
73800,73860,426.57,1950.7,132.8,16139.8496
73860,73920,426.91,1950.6,136.2,15500.8672
73920,73980,426.59,1950.8,132.9,16090.4697
73980,74040,426.82,1949.9,131.4,15360.1943
74040,74100,426.88,1949.9,131.3,15234.2549
74100,74160,427.29,1950.6,132.3,15092.4854
74160,74220,427.20,1950.8,134.0,15517.0127
74220,74280,425.94,1951.7,136.8,16809.0156
74280,74340,426.40,1951.1,131.2,16165.4248
74340,74400,426.47,1950.7,133.7,16174.0586
74400,74460,426.78,1950.0,131.7,15397.7939
74460,74520,427.41,1949.9,134.7,15522.1221
74520,74580,427.02,1949.9,133.7,15309.8135
74580,74640,426.70,1950.1,131.3,15600.2148
74640,74700,426.91,1949.4,131.7,15346.2930
74700,74760,427.12,1949.4,131.3,14897.2930
74760,74820,427.07,1949.4,131.6,14791.7549
74820,74880,427.10,1949.3,131.3,14769.0215
74880,74940,427.10,1949.4,132.8,14787.6836
74940,75000,427.17,1949.6,132.8,14852.4004
75000,75060,427.28,1949.9,133.1,14947.6074
75060,75120,427.31,1950.1,135.1,14979.1201
75120,75180,426.97,1950.3,134.0,15171.3936
75180,75240,426.17,1950.7,138.6,16224.6729
75240,75300,426.64,1950.9,135.7,15885.5000
75300,75360,426.96,1951.2,136.2,15947.0684
75360,75420,427.11,1951.3,135.1,15344.7188
75420,75480,426.88,1953.2,135.8,15581.6758
75480,75540,426.87,1954.4,136.2,15955.6914
75540,75600,427.35,1954.6,137.2,15366.0391
75600,75660,427.37,1958.1,135.2,15187.8857
75660,75720,427.37,1966.2,134.1,15159.8213
75720,75780,427.16,1968.0,131.8,15244.5166
75780,75840,426.34,1967.2,133.7,16062.5117
75840,75900,426.91,1968.8,132.3,15640.2842
75900,75960,426.76,1967.7,133.4,15827.4063
75960,76020,426.75,1966.1,135.1,16063.7539
76020,76080,426.84,1965.6,133.3,15863.8701
76080,76140,426.86,1969.4,132.1,15639.5801
76140,76200,426.82,1971.1,131.7,15521.0713
76200,76260,426.74,1971.5,129.5,15581.1514
76260,76320,427.00,1972.0,131.5,15795.2559
76320,76380,427.03,1974.9,129.8,15533.8047
76380,76440,426.95,1975.5,128.3,15301.3037
76440,76500,426.93,1974.4,128.5,15390.8096
76500,76560,426.85,1972.5,128.7,15285.0928
76560,76620,426.53,1972.0,129.0,15818.6816
76620,76680,426.79,1970.9,128.9,15584.4023
76680,76740,426.87,1971.2,130.5,15441.1543
76740,76800,427.24,1972.9,130.7,15519.3447
76800,76860,426.67,1971.0,131.8,15707.1924
76860,76920,426.87,1972.2,132.0,15575.3096
76920,76980,427.37,1973.2,128.9,14971.1494
76980,77040,427.44,1974.4,130.4,14946.7363
77040,77100,427.55,1976.8,128.5,14839.4063
77100,77160,427.72,1979.8,128.3,14827.3516
77160,77220,427.72,1975.0,129.3,14702.8535
77220,77280,427.83,1977.5,129.5,14791.1729
77280,77340,427.74,1979.4,130.6,15037.0557
77340,77400,427.00,1983.1,132.8,15868.5303
77400,77460,426.54,1984.7,129.8,16008.0654
77460,77520,426.55,1984.7,124.1,15448.3740
77520,77580,426.41,1984.5,124.3,15629.4883
77580,77640,426.42,1984.9,126.3,15870.8828
77640,77700,426.96,1984.2,127.9,15712.9844
77700,77760,426.70,1984.1,124.2,16150.5820
77760,77820,426.55,1983.8,127.5,16007.0576
77820,77880,426.91,1982.9,126.9,15914.2822
77880,77940,426.99,1983.0,126.5,16205.0146
77940,78000,426.61,1983.5,134.4,16275.4092
78000,78060,426.83,1982.4,124.6,15765.8496
78060,78120,426.84,1981.9,122.7,15439.9971
78120,78180,426.45,1981.5,125.0,15729.1719
78180,78240,426.63,1978.9,122.2,15126.7480
78240,78300,426.87,1977.7,123.9,14831.2852
78300,78360,426.37,1978.1,123.0,15293.2207
78360,78420,426.04,1976.2,122.1,15794.6865
78420,78480,426.30,1973.9,122.3,15324.2354
78480,78540,426.70,1974.6,126.1,15650.9268
78540,78600,427.06,1973.5,129.3,15422.8457
78600,78660,427.11,1971.7,129.7,15436.2285
78660,78720,427.97,1973.7,160.6,15615.1523
78720,78780,428.50,1972.3,154.4,16778.4688
78780,78840,427.63,1968.1,133.7,16387.5703
78840,78900,426.18,1963.8,122.1,15585.0225
78900,78960,425.99,1962.8,121.5,15820.4854
78960,79020,425.68,1961.8,120.1,15711.3223
79020,79080,425.90,1961.8,121.2,15477.2607
79080,79140,426.36,1963.4,123.3,15501.2354
79140,79200,425.93,1964.3,124.0,16062.6299
79200,79260,427.08,1963.2,124.4,15341.9395
79260,79320,427.25,1960.9,123.4,15251.6328
79320,79380,426.80,1959.0,125.9,15528.9766
79380,79440,426.70,1958.4,123.1,15507.8633
79440,79500,426.58,1958.6,122.4,15630.4785
79500,79560,426.00,1959.3,123.7,16284.6602
79560,79620,426.56,1959.3,125.3,15745.8975
79620,79680,425.79,1960.2,126.2,16457.5820
79680,79740,426.52,1959.4,123.8,15885.8965
79740,79800,426.43,1961.4,121.5,15682.6709
79800,79860,426.22,1957.1,120.5,15328.2080
79860,79920,426.07,1956.9,121.8,15474.6455
79920,79980,425.79,1957.3,119.6,15704.0146
79980,80040,425.80,1957.0,120.8,15750.4092
80040,80100,426.03,1957.2,120.7,15883.6875
80100,80160,426.12,1957.1,120.1,15574.6592
80160,80220,426.29,1956.6,120.3,15279.9912
80220,80280,426.23,1957.0,120.3,15568.9678
80280,80340,426.56,1957.1,124.5,15574.1445
80340,80400,426.62,1957.4,133.0,15624.1719
80400,80460,426.28,1957.0,124.1,16030.4668
80460,80520,426.27,1953.4,126.1,15569.3330
80520,80580,426.21,1952.3,125.2,15589.1650
80580,80640,426.48,1951.3,117.5,15121.4404
80640,80700,426.59,1951.4,117.4,15075.6338
80700,80760,426.23,1950.0,115.9,14997.9463
80760,80820,426.41,1949.5,118.2,14723.6553
80820,80880,426.30,1950.1,118.7,15399.6426
80880,80940,426.08,1949.9,117.7,15283.7412
80940,81000,426.26,1950.2,121.3,15408.8633
81000,81060,426.59,1951.0,119.3,15698.0547
81060,81120,426.30,1951.2,118.1,15805.0732
81120,81180,426.00,1949.7,115.5,15058.8994
81180,81240,425.87,1950.6,117.2,15306.2236
81240,81300,425.96,1951.8,117.4,15686.1641
81300,81360,426.06,1952.3,116.5,15128.4756
81360,81420,426.00,1953.0,117.8,14994.6768
81420,81480,426.20,1954.0,122.5,15148.0654
81480,81540,426.13,1956.4,122.7,15199.9688
81540,81600,426.21,1957.5,119.1,14728.0918
81600,81660,426.35,1955.7,119.2,14587.6514
81660,81720,426.74,1956.1,125.0,14722.1611
81720,81780,426.84,1954.1,118.8,14416.7549
81780,81840,426.90,1953.8,118.6,14491.3877
81840,81900,426.51,1954.2,117.5,15433.0352
81900,81960,426.62,1954.3,120.6,15126.1455
81960,82020,427.15,1953.7,119.7,14762.2461
82020,82080,426.61,1955.0,122.3,15799.3594
82080,82140,426.52,1954.8,122.5,15865.8652
82140,82200,426.57,1953.5,148.5,15998.3818
82200,82260,427.18,1952.8,125.3,15351.1738
82260,82320,427.98,1952.9,121.7,15712.5313
82320,82380,427.35,1951.8,118.8,15165.3506
82380,82440,427.00,1951.5,117.8,15095.8701
82440,82500,427.29,1952.2,119.8,15066.4629
82500,82560,426.85,1951.9,125.8,15699.0469
82560,82620,427.23,1951.2,134.4,15685.7764
82620,82680,428.33,1952.2,127.7,16086.4922
82680,82740,427.22,1952.4,122.7,15614.8291
82740,82800,426.69,1951.8,119.0,15178.3447
82800,82860,426.39,1952.6,115.7,15213.7568
82860,82920,426.38,1954.0,117.7,15606.2969
82920,82980,426.84,1955.4,119.3,15828.5225
82980,83040,427.01,1954.1,119.9,15710.7549
83040,83100,427.11,1953.9,122.3,15517.4854
83100,83160,427.07,1951.6,120.4,15159.2754
83160,83220,427.40,1950.8,124.0,15131.0303
83220,83280,426.51,1950.5,129.1,15366.0674
83280,83340,426.44,1950.3,126.9,15231.9824
83340,83400,426.48,1951.1,124.2,15762.3740
83400,83460,426.62,1950.4,122.4,15434.3711
83460,83520,426.76,1950.8,122.0,15333.1553
83520,83580,427.00,1951.2,120.7,15062.2061
83580,83640,426.73,1952.2,121.6,15733.9570
83640,83700,426.86,1949.8,118.9,14960.1748
83700,83760,427.23,1950.4,117.5,15130.2109
83760,83820,427.05,1951.0,118.0,15166.8867
83820,83880,426.73,1950.0,118.1,14915.9805
83880,83940,426.38,1948.9,117.9,14889.1367
83940,84000,426.40,1949.4,115.8,15205.7109
84000,84060,426.49,1949.7,116.8,15137.9619
84060,84120,426.04,1946.9,116.8,14762.6025
84120,84180,425.94,1947.0,116.1,14752.7324
84180,84240,425.55,1945.7,116.3,14520.4551
84240,84300,425.59,1946.0,117.5,14746.8945
84300,84360,425.59,1945.5,114.7,14139.8291
84360,84420,425.57,1944.8,114.9,14127.9473
84420,84480,425.68,1945.2,117.0,14616.1240
84480,84540,426.06,1946.8,116.7,15123.9170
84540,84600,426.22,1947.1,117.1,14661.0693
84600,84660,426.09,1948.0,118.1,14994.9756
84660,84720,426.64,1949.6,117.1,14769.6143
84720,84780,426.59,1950.3,117.6,14956.0088
84780,84840,426.42,1950.9,119.3,15256.0986
84840,84900,427.00,1951.8,119.3,15432.6211
84900,84960,427.16,1950.4,118.2,14706.6592
84960,85020,426.77,1950.4,115.6,15091.8174
85020,85080,426.85,1951.6,120.9,15485.1377
85080,85140,426.20,1952.1,130.3,16445.2949
85140,85200,427.18,1954.0,122.4,16102.7725
85200,85260,427.37,1954.7,121.0,15685.9160
85260,85320,427.38,1953.8,123.1,15688.3145
85320,85380,427.85,1953.6,133.3,15515.2783
85380,85440,427.46,1954.4,126.5,15951.2920
85440,85500,427.72,1952.8,122.4,15684.9590
85500,85560,427.35,1953.1,125.1,15749.0166
85560,85620,427.17,1951.2,129.4,15712.6191
85620,85680,427.38,1950.5,138.0,15632.3809
85680,85740,427.73,1949.2,134.6,15205.0918
85740,85800,427.89,1950.6,130.6,15310.4541
85800,85860,427.28,1951.0,123.7,15094.4004
85860,85920,426.83,1950.3,119.0,14979.1406
85920,85980,426.78,1951.1,119.7,15208.6582
85980,86040,426.73,1951.8,118.9,15163.9385
86040,86100,426.14,1950.4,115.2,14744.0664
86100,86160,426.14,1949.5,116.0,14701.4531
86160,86220,426.29,1949.9,115.8,14884.6309
86220,86280,426.20,1950.9,115.5,14934.9326
86280,86340,426.17,1951.9,114.8,15223.8643
86340,86400,426.09,1951.9,114.3,15165.6660
