CampaignData_and_Merges/R0/CSL_MobileLab_Parked/raw/20240804/USOS-NOAAIodideCIMS-HCOOH_MobileLabGround_20240804_RA.ict
33, 1001
Michael A Robinson, Chris Jernigan, Subi Thakali
NOAA ESRL Chemical Sciences Laboratory and CIRES, U. of Colorado
NOAA Iodide CIMS Instrument
USOS
1, 1
2024, 08, 04, 2024, 08, 05
1
starttime_UTC, seconds_past_midnight, seconds_of_day_since_00:00:00_UTC
1
1
-9999
HCOOH_NOAACIMS, pptv, Gas_HCOOH_InSitu_S_AVMR, 
0
18
PI_CONTACT_INFO: 325 Broadway, R/CSD 7, Boulder, Colorado 80305; michael.a.robinson@noaa.gov; chris.jernigan@noaa.gov;
PLATFORM: NOAA CSL Mobile Lab
LOCATION: SLC, Utah
ASSOCIATED_DATA: 1Hz data also available on request.
INSTRUMENT_INFO: NOAA I- ToF CIMS
DATA_INFO: All data in parts per trillion by volume (pptv). 1 Hz data is available upon request.
UNCERTAINTY: TBD
ULOD_FLAG: -7777
ULOD_VALUE: N/A
LLOD_FLAG: -8888
LLOD_VALUE: N/A
DM_CONTACT_INFO: Nathan Howard; nathan.h.howard@noaa.gov
PROJECT_INFO: USOS, summer 2024. https://csl.noaa.gov/groups/csl7/measurements/2024usos/
STIPULATIONS_ON_USE: Users are strongly encouraged to contact the PI for proper data usage.
OTHER_COMMENTS: 
REVISION: RA
RA: Preliminary Data; For in-field use only
starttime_UTC, HCOOH_NOAACIMS
     0, -9999.000
    60, -9999.000
   120, -9999.000
   180, -9999.000
   240, -9999.000
   300, -9999.000
   360, -9999.000
   420, -9999.000
   480, 1754.007
   540, 1682.234
   600, 1707.550
   660, 1601.307
   720, 1659.867
   780, 1696.253
   840, 1701.584
   900, 1632.295
   960, 1677.510
  1020, 1729.379
  1080, 1708.938
  1140, 1675.879
  1200, 1698.154
  1260, 1685.135
  1320, 1597.772
  1380, -9999.000
  1440, 1709.804
  1500, 1705.529
  1560, 1839.238
  1620, 1756.307
  1680, 1784.917
  1740, 1809.543
  1800, 1886.113
  1860, 1851.168
  1920, 1859.236
  1980, 1929.165
  2040, 2014.811
  2100, 1959.092
  2160, 1792.053
  2220, 1745.148
  2280, 1800.391
  2340, 1714.819
  2400, 1624.165
  2460, 1606.709
  2520, 1725.604
  2580, 1636.759
  2640, 1571.326
  2700, 1654.333
  2760, 1633.293
  2820, 1725.802
  2880, 1633.146
  2940, 1565.264
  3000, 1799.227
  3060, 1617.284
  3120, 1798.823
  3180, 1874.855
  3240, -9999.000
  3300, 1722.849
  3360, 1687.239
  3420, 1630.295
  3480, 1547.229
  3540, 1451.716
  3600, 1417.597
  3660, 1174.140
  3720, 1157.027
  3780, 1203.728
  3840, 1306.125
  3900, 1326.073
  3960, 1417.657
  4020, 1480.683
  4080, 1513.717
  4140, 1658.794
  4200, 1688.405
  4260, 1768.958
  4320, 1800.693
  4380, 1876.925
  4440, 1944.521
  4500, 1941.657
  4560, 1988.364
  4620, 2008.575
  4680, 2066.217
  4740, 2098.553
  4800, 2177.947
  4860, 2163.672
  4920, 2273.300
  4980, 2223.492
  5040, 2175.868
  5100, -9999.000
  5160, 2385.193
  5220, 2695.764
  5280, 3398.839
  5340, 3983.096
  5400, 4819.913
  5460, 4938.339
  5520, 5344.713
  5580, 4428.223
  5640, 4906.068
  5700, 6360.758
  5760, 5619.327
  5820, 5574.773
  5880, 5248.290
  5940, 5546.540
  6000, 5824.212
  6060, 6014.549
  6120, 5951.590
  6180, 6070.249
  6240, 5654.813
  6300, 5409.184
  6360, 5337.756
  6420, 5224.362
  6480, 5177.653
  6540, 5649.086
  6600, 5368.029
  6660, 5600.348
  6720, 6226.895
  6780, 5643.291
  6840, 5707.478
  6900, 5950.590
  6960, 6057.229
  7020, 6295.328
  7080, 5308.958
  7140, 5356.426
  7200, 5526.070
  7260, 13167.122
  7320, 12434.981
  7380, 6379.895
  7440, 6813.426
  7500, 6738.106
  7560, 6631.401
  7620, 6470.599
  7680, 6442.505
  7740, 4965.907
  7800, 5450.615
  7860, 5649.066
  7920, 6059.918
  7980, 5725.986
  8040, 5799.419
  8100, 5705.392
  8160, 5495.858
  8220, 5793.551
  8280, 5173.786
  8340, 4967.062
  8400, 5002.846
  8460, 5112.100
  8520, 4316.454
  8580, 3656.406
  8640, 3684.776
  8700, 3741.967
  8760, -9999.000
  8820, 3595.324
  8880, 3534.266
  8940, 3388.520
  9000, 3417.669
  9060, 3476.841
  9120, 3565.992
  9180, 3547.612
  9240, 3714.138
  9300, 3776.675
  9360, 3763.563
  9420, 3571.443
  9480, 3492.920
  9540, 3494.582
  9600, 3791.484
  9660, 3730.156
  9720, 3791.934
  9780, 3787.760
  9840, 3756.192
  9900, 3717.194
  9960, 3295.817
 10020, 2986.977
 10080, 2994.489
 10140, 2771.640
 10200, 2883.462
 10260, 2690.384
 10320, 2610.353
 10380, 2734.014
 10440, 2620.596
 10500, 2648.883
 10560, 2839.485
 10620, -9999.000
 10680, 2375.165
 10740, 2492.253
 10800, 2504.395
 10860, 2470.196
 10920, 2306.533
 10980, 2447.202
 11040, 2303.665
 11100, 2238.101
 11160, 2318.154
 11220, 2447.687
 11280, 2004.496
 11340, 1818.484
 11400, 1852.638
 11460, 1826.000
 11520, 1792.230
 11580, 1745.001
 11640, 1754.172
 11700, 1797.456
 11760, 1886.699
 11820, 1935.293
 11880, 2064.480
 11940, 2006.440
 12000, 2020.785
 12060, 1962.838
 12120, 1862.373
 12180, 1911.239
 12240, 2019.604
 12300, 2028.809
 12360, 2073.955
 12420, 2185.529
 12480, -9999.000
 12540, 1914.412
 12600, 1982.589
 12660, 1948.876
 12720, 1995.739
 12780, 2014.712
 12840, 1896.503
 12900, 1983.248
 12960, 1940.754
 13020, 2063.335
 13080, 1976.335
 13140, 1951.852
 13200, 1951.385
 13260, 1915.452
 13320, 1844.952
 13380, 1894.001
 13440, 1806.976
 13500, 1877.587
 13560, 1990.730
 13620, 1991.239
 13680, 2048.498
 13740, 1964.269
 13800, 1978.088
 13860, 2216.748
 13920, 2339.997
 13980, 2304.825
 14040, 2343.316
 14100, 2489.120
 14160, 2887.232
 14220, 2771.036
 14280, 2836.971
 14340, 2957.002
 14400, 2611.976
 14460, 2737.588
 14520, 2847.705
 14580, 2854.700
 14640, 2838.691
 14700, 2765.968
 14760, 2778.723
 14820, 2825.339
 14880, 2944.207
 14940, 2947.261
 15000, 2845.456
 15060, 2791.887
 15120, 2734.544
 15180, 2720.596
 15240, 2724.205
 15300, 2738.635
 15360, 2722.377
 15420, 2748.694
 15480, 2829.587
 15540, 2974.999
 15600, 2930.502
 15660, 2897.168
 15720, 3039.292
 15780, 2944.570
 15840, 3035.972
 15900, 3056.022
 15960, 3242.416
 16020, 3253.776
 16080, 3141.629
 16140, 3121.159
 16200, 3045.981
 16260, 3118.290
 16320, 3079.233
 16380, 3010.421
 16440, 3093.374
 16500, 3054.938
 16560, 3072.866
 16620, 3013.199
 16680, 2863.765
 16740, 2835.785
 16800, 2802.574
 16860, 2870.654
 16920, 2824.003
 16980, 2767.136
 17040, 2805.773
 17100, 2769.204
 17160, 2789.027
 17220, 2768.693
 17280, 2809.761
 17340, 2772.265
 17400, 2770.079
 17460, 2704.169
 17520, 2684.348
 17580, 2634.847
 17640, 2574.881
 17700, 2513.846
 17760, 2441.743
 17820, 2443.807
 17880, 2460.201
 17940, 2461.343
 18000, 2480.231
 18060, 2398.607
 18120, 2414.735
 18180, 2417.370
 18240, 2316.996
 18300, 2341.465
 18360, 2303.128
 18420, 2291.790
 18480, 2318.500
 18540, 2266.637
 18600, 2315.265
 18660, 2222.386
 18720, 2219.599
 18780, 2201.221
 18840, 2219.783
 18900, 2238.529
 18960, 2132.963
 19020, 2124.607
 19080, 2127.714
 19140, 2067.489
 19200, 2034.919
 19260, 2077.062
 19320, 2057.420
 19380, 1944.664
 19440, 1972.963
 19500, 1941.395
 19560, 1893.569
 19620, 1917.240
 19680, 1937.638
 19740, 1947.631
 19800, 1944.534
 19860, -9999.000
 19920, 1883.932
 19980, 1861.749
 20040, 1802.507
 20100, 1830.407
 20160, 1883.228
 20220, 1870.455
 20280, 1852.722
 20340, 1890.873
 20400, 1865.041
 20460, 1851.104
 20520, 1822.469
 20580, 1817.178
 20640, 1828.649
 20700, 1795.738
 20760, 1786.203
 20820, 1796.405
 20880, 1805.683
 20940, 1741.163
 21000, 1799.306
 21060, 1841.992
 21120, 1911.041
 21180, 2106.162
 21240, 2136.573
 21300, 2098.578
 21360, 2113.157
 21420, 2107.344
 21480, 2190.572
 21540, 2172.764
 21600, 2158.660
 21660, 2087.175
 21720, -9999.000
 21780, 2103.337
 21840, 2203.009
 21900, 1978.915
 21960, 1967.886
 22020, 2019.062
 22080, 1991.377
 22140, 2032.434
 22200, 1961.540
 22260, 1807.100
 22320, 1865.199
 22380, 1737.505
 22440, 1718.532
 22500, 1657.353
 22560, 1600.100
 22620, 1602.826
 22680, 1605.537
 22740, 1630.322
 22800, 1671.538
 22860, 1703.084
 22920, 1709.740
 22980, 1755.384
 23040, 1856.802
 23100, 1886.584
 23160, 2045.561
 23220, 2109.151
 23280, 2196.584
 23340, 2301.608
 23400, 2402.889
 23460, 2434.947
 23520, 2486.198
 23580, -9999.000
 23640, 2507.327
 23700, 2547.287
 23760, 2604.695
 23820, 2649.343
 23880, 2684.128
 23940, 2704.946
 24000, 2687.644
 24060, 2670.727
 24120, 2686.288
 24180, 2662.812
 24240, 2637.457
 24300, 2601.919
 24360, 2570.272
 24420, 2306.293
 24480, 2210.693
 24540, 2159.958
 24600, 2140.322
 24660, 2136.432
 24720, 1978.734
 24780, 1975.503
 24840, 1816.816
 24900, 1840.299
 24960, 1914.307
 25020, 1878.696
 25080, 1845.323
 25140, 1907.509
 25200, 1893.931
 25260, 1913.597
 25320, 1954.649
 25380, 1894.210
 25440, 1887.762
 25500, 1873.611
 25560, 1956.671
 25620, 1975.043
 25680, 1947.598
 25740, 1965.604
 25800, 1931.348
 25860, 1954.289
 25920, 1977.154
 25980, 1973.403
 26040, 2026.061
 26100, 2075.726
 26160, 2063.530
 26220, 2035.133
 26280, 2060.114
 26340, 2062.137
 26400, 2086.883
 26460, 2053.956
 26520, 2043.330
 26580, 2061.001
 26640, 2084.848
 26700, 2083.548
 26760, 2084.458
 26820, 2084.002
 26880, 2112.250
 26940, 2185.535
 27000, 2246.981
 27060, 2256.371
 27120, 2362.173
 27180, 2284.899
 27240, -9999.000
 27300, 2301.217
 27360, 2354.587
 27420, 2372.642
 27480, 2448.741
 27540, 2471.791
 27600, 2464.855
 27660, 2476.011
 27720, 2500.625
 27780, 2549.572
 27840, 2584.050
 27900, 2615.713
 27960, 2629.371
 28020, 2619.786
 28080, 2660.664
 28140, 2679.517
 28200, 2682.698
 28260, 2683.583
 28320, 2696.962
 28380, 2684.409
 28440, 2721.463
 28500, 2724.706
 28560, 2755.608
 28620, 2727.503
 28680, 2865.651
 28740, 2838.121
 28800, 2892.841
 28860, 2928.838
 28920, 2811.043
 28980, 2855.826
 29040, 2911.367
 29100, -9999.000
 29160, 2640.536
 29220, 2715.893
 29280, 2675.056
 29340, 2629.845
 29400, 2545.549
 29460, 2588.337
 29520, 2458.318
 29580, 2415.831
 29640, 2345.732
 29700, 2518.985
 29760, 2392.959
 29820, 2130.238
 29880, 1993.678
 29940, 1988.634
 30000, 2145.677
 30060, 2337.046
 30120, 2201.538
 30180, 2384.071
 30240, 2459.469
 30300, 2441.645
 30360, 2343.988
 30420, 2279.994
 30480, 2390.869
 30540, 2420.471
 30600, 2534.248
 30660, 2634.401
 30720, 2628.709
 30780, 2420.527
 30840, 2288.092
 30900, 2119.457
 30960, -9999.000
 31020, 1997.147
 31080, 2037.137
 31140, 1989.280
 31200, 1815.273
 31260, 1777.918
 31320, 1748.994
 31380, 1687.198
 31440, 1734.492
 31500, 1777.601
 31560, 1837.059
 31620, 1929.962
 31680, 1933.987
 31740, 1875.122
 31800, 1897.930
 31860, 1858.934
 31920, 1885.274
 31980, 1891.333
 32040, 1850.930
 32100, 1822.322
 32160, 1855.686
 32220, 1937.614
 32280, 1945.648
 32340, 1892.681
 32400, 2002.040
 32460, 2103.108
 32520, 2023.707
 32580, 1922.059
 32640, 1870.964
 32700, 1979.023
 32760, 2016.114
 32820, 1901.945
 32880, 1977.724
 32940, 1999.364
 33000, 2047.377
 33060, 1995.230
 33120, 1994.065
 33180, 2026.491
 33240, 1972.447
 33300, 1996.972
 33360, 2029.031
 33420, 2038.825
 33480, 2100.519
 33540, 2166.349
 33600, 2269.058
 33660, 2118.353
 33720, 2101.776
 33780, 2154.234
 33840, 2162.650
 33900, 2185.099
 33960, 2212.041
 34020, 2243.137
 34080, 2143.381
 34140, 2187.436
 34200, 2266.828
 34260, 2059.757
 34320, 2103.333
 34380, 2101.835
 34440, 2056.804
 34500, 2081.364
 34560, 2139.393
 34620, 2182.616
 34680, 2114.347
 34740, 2107.442
 34800, 2181.129
 34860, 2301.654
 34920, 2224.152
 34980, 2128.677
 35040, 2086.240
 35100, 2076.363
 35160, 2148.791
 35220, 2152.293
 35280, 2048.591
 35340, 1987.246
 35400, 1874.710
 35460, 1870.597
 35520, 1829.277
 35580, 1831.499
 35640, 1870.223
 35700, 1861.915
 35760, 1777.392
 35820, 1813.193
 35880, 1827.578
 35940, 1765.122
 36000, 1702.240
 36060, 1726.749
 36120, 1730.037
 36180, 1645.763
 36240, 1671.063
 36300, 1697.145
 36360, 1755.940
 36420, 1740.236
 36480, 1757.076
 36540, 1758.771
 36600, 1796.012
 36660, 1890.340
 36720, 1891.124
 36780, 1866.756
 36840, 1833.152
 36900, 1853.069
 36960, 1894.454
 37020, 1712.025
 37080, 1712.939
 37140, 1692.366
 37200, 1716.655
 37260, 1725.252
 37320, 1827.795
 37380, 1824.571
 37440, 1847.139
 37500, 1879.587
 37560, 1886.317
 37620, 1901.569
 37680, 1933.633
 37740, 1959.661
 37800, 2058.862
 37860, 1975.919
 37920, 2064.056
 37980, 2146.759
 38040, 2246.040
 38100, 2397.150
 38160, 2575.716
 38220, 2599.619
 38280, 2520.913
 38340, -9999.000
 38400, 2549.435
 38460, 2622.852
 38520, 2392.161
 38580, 2420.306
 38640, 2467.518
 38700, 2502.694
 38760, 2521.278
 38820, 2532.407
 38880, 2559.117
 38940, 2704.203
 39000, 2719.621
 39060, 2712.540
 39120, 2807.072
 39180, 2822.155
 39240, 2843.698
 39300, 2761.438
 39360, 2879.309
 39420, 2908.565
 39480, 2962.318
 39540, 3043.857
 39600, 2991.207
 39660, 2896.784
 39720, 2816.923
 39780, 2901.377
 39840, 2890.313
 39900, 2929.015
 39960, 3006.029
 40020, 3018.545
 40080, 2990.557
 40140, 2824.866
 40200, -9999.000
 40260, 2648.027
 40320, 2647.921
 40380, 2649.865
 40440, 2817.029
 40500, 2641.071
 40560, 2543.427
 40620, 2444.241
 40680, 2370.706
 40740, 2420.773
 40800, 2454.921
 40860, 2509.967
 40920, 2527.494
 40980, 2573.140
 41040, 2514.775
 41100, 2340.106
 41160, 2355.819
 41220, 2429.901
 41280, 2448.670
 41340, 2429.573
 41400, 2403.095
 41460, 2328.301
 41520, 2396.300
 41580, 2439.522
 41640, 2574.786
 41700, 2646.387
 41760, 2643.644
 41820, 2562.005
 41880, 2580.938
 41940, 2651.528
 42000, 2696.921
 42060, -9999.000
 42120, 2699.941
 42180, 2735.317
 42240, 2739.080
 42300, 2675.270
 42360, 2702.655
 42420, 2713.876
 42480, 2835.722
 42540, 2841.450
 42600, 2903.578
 42660, 2746.092
 42720, 2745.267
 42780, 2862.825
 42840, 2986.380
 42900, 3003.442
 42960, 3046.462
 43020, 2917.756
 43080, 2897.609
 43140, 2731.676
 43200, 2543.140
 43260, 2615.064
 43320, 2305.485
 43380, 2166.551
 43440, 2049.905
 43500, 2047.899
 43560, 2512.308
 43620, 2380.019
 43680, 2401.240
 43740, 2599.491
 43800, 2513.164
 43860, 2604.360
 43920, 2633.603
 43980, 2689.081
 44040, 2964.051
 44100, 2914.566
 44160, 2832.593
 44220, 2656.878
 44280, 2605.060
 44340, 2662.133
 44400, 2714.141
 44460, 2707.703
 44520, 2679.040
 44580, 2549.916
 44640, 2538.164
 44700, 2540.797
 44760, 2536.718
 44820, 2564.375
 44880, 2629.019
 44940, 2586.490
 45000, 2607.744
 45060, 2594.272
 45120, 2591.631
 45180, 2680.928
 45240, 2775.017
 45300, 2847.382
 45360, 2761.954
 45420, 2848.664
 45480, 2863.407
 45540, 2839.845
 45600, 2814.529
 45660, 2857.893
 45720, -9999.000
 45780, 2721.550
 45840, 2837.242
 45900, 2816.592
 45960, 2742.421
 46020, 2934.911
 46080, 2985.163
 46140, 3010.762
 46200, 3046.557
 46260, 2964.371
 46320, 2944.441
 46380, 2989.656
 46440, 3059.589
 46500, 3091.192
 46560, 2996.528
 46620, 2913.247
 46680, 2930.973
 46740, 2990.483
 46800, 3286.126
 46860, 3742.006
 46920, 3570.022
 46980, 3335.096
 47040, 3249.150
 47100, 3212.244
 47160, 3092.046
 47220, 3019.690
 47280, 2963.380
 47340, 2977.094
 47400, 2979.942
 47460, 2864.364
 47520, 2735.192
 47580, -9999.000
 47640, 2699.317
 47700, 2722.938
 47760, 2615.077
 47820, 2582.208
 47880, 2505.776
 47940, 2405.054
 48000, 2403.321
 48060, 2409.733
 48120, 2358.791
 48180, 2364.278
 48240, 2345.537
 48300, 2207.208
 48360, 2036.297
 48420, 2059.952
 48480, 1902.995
 48540, 1964.964
 48600, 1907.933
 48660, 1942.470
 48720, 2016.293
 48780, 2089.218
 48840, 2003.855
 48900, 1975.264
 48960, 2003.118
 49020, 2033.215
 49080, 1977.457
 49140, 1994.510
 49200, 1958.179
 49260, 2012.583
 49320, 2083.306
 49380, 2042.024
 49440, -9999.000
 49500, 1997.126
 49560, 2031.361
 49620, 1940.421
 49680, 1982.495
 49740, 1897.415
 49800, 1783.879
 49860, 1664.018
 49920, 1711.214
 49980, 1651.355
 50040, 1681.348
 50100, 1649.615
 50160, 1688.939
 50220, 1846.382
 50280, 1920.613
 50340, 1949.925
 50400, 2134.790
 50460, 2253.727
 50520, 2270.952
 50580, 2270.868
 50640, 2292.954
 50700, 2298.296
 50760, 2268.907
 50820, 2117.213
 50880, 2120.840
 50940, 2195.953
 51000, 2255.604
 51060, 2377.753
 51120, 2502.362
 51180, 2640.630
 51240, 2832.869
 51300, 2868.184
 51360, 2865.270
 51420, 2849.622
 51480, 2777.088
 51540, 2588.700
 51600, 2536.739
 51660, 2599.485
 51720, 2663.969
 51780, 2642.288
 51840, 2720.839
 51900, 2415.653
 51960, 2438.055
 52020, 2476.507
 52080, 2424.199
 52140, 2195.332
 52200, 2187.656
 52260, 2219.573
 52320, 2312.813
 52380, 2025.948
 52440, 1807.135
 52500, 2064.387
 52560, 2037.045
 52620, 2073.695
 52680, 1929.160
 52740, 1965.674
 52800, 1951.684
 52860, 1954.801
 52920, 1973.907
 52980, 2028.645
 53040, 1998.808
 53100, 1919.737
 53160, 1897.719
 53220, 1870.951
 53280, 1839.679
 53340, 1729.033
 53400, 1693.348
 53460, 1742.861
 53520, 1813.253
 53580, 1818.823
 53640, 1905.465
 53700, 1884.544
 53760, 1705.628
 53820, 1732.222
 53880, 1765.286
 53940, 1789.240
 54000, 1813.480
 54060, 1852.667
 54120, 1944.594
 54180, 1866.181
 54240, 1931.783
 54300, 2016.742
 54360, 2120.709
 54420, 2105.820
 54480, 2083.161
 54540, 2054.414
 54600, 2028.606
 54660, 2019.671
 54720, 2028.192
 54780, 1965.966
 54840, 1940.502
 54900, 2002.585
 54960, 2037.452
 55020, 2001.307
 55080, 2011.472
 55140, 1974.597
 55200, 2062.899
 55260, 2047.702
 55320, 2007.653
 55380, 1945.091
 55440, 2025.505
 55500, 1889.100
 55560, 2072.466
 55620, 1988.742
 55680, 2147.124
 55740, 2017.851
 55800, 2074.501
 55860, 2044.865
 55920, 2036.472
 55980, 2089.778
 56040, 2161.876
 56100, 2276.429
 56160, 2329.247
 56220, 2118.800
 56280, 2103.874
