CampaignData_and_Merges/R0/CSL_MobileLab_Parked/raw/20240804/USOS-PTR_MobileLabGround_20240804_RA.ict
58, 1001
Matthew Coggon, Kelvin Bates, Chelsea Stockwell, Carsten Warneke
NOAA ESRL Chemical Sciences Division
NOAA PTR-ToF-MS
USOS
1,1 
2024, 08, 04, 2023, 08, 07
0
Time_Start, seconds, number of seconds from 00:00 UTC 
22
1, 1, 1, 1, 1, 1, 1, 1, 1, 1, 1, 1, 1, 1, 1, 1, 1, 1, 1, 1, 1, 1
-9999, -9999, -9999, -9999, -9999, -9999, -9999, -9999, -9999, -9999, -9999, -9999, -9999, -9999, -9999, -9999, -9999, -9999, -9999, -9999, -9999, -9999
CH3OH_NOAAPTR_ppbv,  ppbv, Gas_CH3OH_InSitu_S_AVMR, (CH3OH) methanol
CH3CN_NOAAPTR_ppbv,  ppbv, Gas_CH3CN_InSitu_S_AVMR, (CH3CN) acetonitrile
CH3CHO_NOAAPTR_ppbv,  ppbv, Gas_CH3CHO_InSitu_S_AVMR, (CH3CHO) acetaldehyde plus contributions from ethylene glycol and ethylene oxide. Interference from ethanol has been subtracted out.
C2H5OH_NOAAPTR_ppbv,  ppbv, Gas_C2H5OH_InSitu_S_AVMR, (C2H5OH) ethanol
CH3SH_NOAAPTR_ppbv,  ppbv, Gas_CH3SH_InSitu_S_AVMR, (CH3SH) methanethiol, using calibration factor for DMS
Acrolein_NOAAPTR_ppbv,  ppbv, Gas_Acrolein_InSitu_S_AVMR, (C3H4O) acrolein
AcetonePropanal_NOAAPTR_ppbv,  ppbv, Gas_AcetoneAndPropanal_InSitu_S_AVMR, (C3H6O) sum of acetone (dominant isomer) and propanal, using calibration factor for acetone
DMS_NOAAPTR_ppbv,  ppbv, Gas_DMS_InSitu_S_AVMR, (C2H6S) dimethyl sulfide with possible small contributions from ethanethiol
C5H8_NOAAPTR_ppbv,  ppbv, Gas_Isoprene_InSitu_S_AVMR, (C5H8) isoprene and possible fragments from cycloalkanes and aldehydes. Interferences have been subtracted following methods described by Coggon et al (2023)
MVKMAC_NOAAPTR_ppbv,  ppbv, Gas_MVKAndMAC_InSitu_S_AVMR, (C4H6O) sum of methyl vinyl ketone, methacrolein, and small amounts of crotonaldehyde, using weighted calibration factor for MVK (0.637) and MACR (0.363)
Benzene_NOAAPTR_ppbv,  ppbv, Gas_Benzene_InSitu_S_AVMR, (C6H6) benzene
Toluene_NOAAPTR_ppbv,  ppbv, Gas_Toluene_InSitu_S_AVMR, (C7H8) toluene with possible small contributions of fragments from ethyltoluene
Styrene_NOAAPTR_ppbv,  ppbv, Gas_Styrene_InSitu_S_AVMR, (C8H8) styrene
Benzaldehyde_NOAAPTR_ppbv,  ppbv, Gas_Benzaldehyde_InSitu_S_AVMR, (C7H6O) benzaldehyde
C8Aromatics_NOAAPTR_ppbv,  ppbv, Gas_C8Aromatics_InSitu_M_AVMR, (C8H10) sum of m-xylene, p-xylene, o-xylene, and ethyl benzene
C9Aromatics_NOAAPTR_ppbv,  ppbv, Gas_C9Aromatics_InSitu_M_AVMR, (C9H12) sum of C9 aromatics
Naphthalene_NOAAPTR_ppbv,  ppbv, Gas_Naphthalene_InSitu_S_AVMR, (C10H8) naphthalene
Octanal_NOAAPTR_ppbv,  ppbv, Gas_Octanal_InSitu_S_AVMR, (C8H16O) octanal and small amounts of octanone
Monoterpenes_NOAAPTR_ppbv,  ppbv, Gas_Monoterpenes_InSitu_M_AVMR, (C10H16) sum of monoterpenes and possible contributions from fragments of oxygenated monoterpenoids such as eucalyptol.
Nonanal_NOAAPTR_ppbv,  ppbv, Gas_Nonanal_InSitu_M_AVMR, (C9H18O) nonanal and small amounts of nonanone
C7H4ClF3_NOAAPTR_ppbv,  ppbv, Gas_C7H4ClF3_InSitu_S_AVMR, (C7H4ClF3) parachlorobenzotrifluoride
C10H30O5Si5_NOAAPTR_ppbv,  ppbv, Gas_C10H30O5Si5_InSitu_S_AVMR, (C10H30O5Si5) decamethylcyclopentasiloxane
1
SPECIAL COMMENTS:N/A
21
PI_CONTACT_INFO: NOAA ESRL Chemical Sciences Division, Tropospheric Chemistry Group. 325 Broadway, R/CSD7, Boulder, CO 80305
PLATFORM: Mobile Laboratory.
LOCATION: Salt Lake City, UT
ASSOCIATED_DATA: N/A
INSTRUMENT_INFO: NOAA PTR-ToF-MS measurements on NOAA CSL Mobile Lab
DATA_INFO: Units: ppbv
UNCERTAINTY: See OTHER_COMMENTS
ULOD_FLAG: -7777
ULOD_VALUE: N/A
LLOD_FLAG: -8888
LLOD_VALUE: N/A.
DM_CONTACT_INFO: Data Managers: Matt Coggon, Kelvin Bates, Chelsea Stockwell; email: matthew.m.coggon@noaa.gov and kelvin.bates@colorado.edu
PROJECT_INFO: USOS Deployment July-August, 2024
STIPULATIONS_ON_USE: Use of these data require prior OK from PI.
OTHER_COMMENTS: Uncertainties:
CH3OH_NOAAPTR_ppbv:30%; CH3CN_NOAAPTR_ppbv:30%; CH3CHO_NOAAPTR_ppbv:30%; C2H5OH_NOAAPTR_ppbv:30%; CH3SH_NOAAPTR_ppbv:50%; Acrolein_NOAAPTR_ppbv:30%; AcetonePropanal_NOAAPTR_ppbv:30%; DMS_NOAAPTR_ppbv:30%; C5H8_NOAAPTR_ppbv:30%; MVKMAC_NOAAPTR_ppbv:30%; 
Benzene_NOAAPTR_ppbv:30%; Toluene_NOAAPTR_ppbv:30%; Styrene_NOAAPTR_ppbv:30%; Benzaldehyde_NOAAPTR_ppbv:30%; C8Aromatics_NOAAPTR_ppbv:30%; C9Aromatics_NOAAPTR_ppbv:30%; Naphthalene_NOAAPTR_ppbv:30%; Octanal_NOAAPTR_ppbv:30%; Monoterpenes_NOAAPTR_ppbv:30%; Nonanal_NOAAPTR_ppbv:30%; 
C7H4ClF3_NOAAPTR_ppbv:30%; C10H30O5Si5_NOAAPTR_ppbv:30%; 
REVISION: RA
RA: Field Data
Time_Start, CH3OH_NOAAPTR_ppbv, CH3CN_NOAAPTR_ppbv, CH3CHO_NOAAPTR_ppbv, C2H5OH_NOAAPTR_ppbv, CH3SH_NOAAPTR_ppbv, Acrolein_NOAAPTR_ppbv, AcetonePropanal_NOAAPTR_ppbv, DMS_NOAAPTR_ppbv, C5H8_NOAAPTR_ppbv, MVKMAC_NOAAPTR_ppbv, Benzene_NOAAPTR_ppbv, Toluene_NOAAPTR_ppbv, Styrene_NOAAPTR_ppbv, Benzaldehyde_NOAAPTR_ppbv, C8Aromatics_NOAAPTR_ppbv, C9Aromatics_NOAAPTR_ppbv, Naphthalene_NOAAPTR_ppbv, Octanal_NOAAPTR_ppbv, Monoterpenes_NOAAPTR_ppbv, Nonanal_NOAAPTR_ppbv, C7H4ClF3_NOAAPTR_ppbv, C10H30O5Si5_NOAAPTR_ppbv
[from data line 150]
 9000.0, 10.11115, 0.23937, 1.92531, 2.69190, 0.00433, 0.31268, 5.08723, 0.01978, 1.01399, 0.98535, 0.11406, 0.21893, 0.01396, 0.06060, 0.10013, 0.04358, 0.00538, 0.10206, 0.17027, 0.07564, 0.00149, 0.00369 
 9060.0, 10.39843, 0.22651, 1.91698, 2.32185, -0.00095, 0.36784, 5.19407, 0.02343, 0.98870, 1.00643, 0.06760, 0.13608, 0.01136, 0.01485, 0.06234, 0.03231, -0.00340, 0.09139, 0.16759, 0.07405, 0.00908, 0.00164 
 9120.0, 9.78006, 0.25398, 2.07713, 2.36635, 0.00480, 0.36054, 5.34706, 0.02316, 1.01850, 0.97392, 0.08184, 0.18057, 0.01466, 0.05571, 0.09321, 0.02950, -0.00558, 0.10476, 0.16361, 0.09877, 0.00304, 0.00220 
 9180.0, 10.32224, 0.22677, 1.97376, 2.08307, 0.00527, 0.33168, 5.74800, 0.01537, 1.03978, 1.02838, 0.07449, 0.14608, 0.00945, 0.05720, 0.09358, 0.05119, -0.00560, 0.08939, 0.18070, 0.06042, 0.00443, 0.00395 
 9240.0, 11.50253, 0.23199, 2.20423, 2.77802, 0.00400, 0.42578, 5.83572, 0.00802, 1.12882, 1.00551, 0.10887, 0.21347, 0.02350, 0.06335, 0.10889, 0.04885, -0.00562, 0.09426, 0.19949, 0.09101, 0.00722, 0.00280 
 9300.0, 10.43995, 0.25608, 2.12861, 2.67145, 0.00281, 0.37725, 5.56049, 0.03644, 1.06341, 0.99440, 0.03420, 0.16744, 0.00439, 0.04630, 0.10582, 0.05039, 0.00688, 0.12067, 0.18760, 0.08949, 0.00502, 0.00272 
 9360.0, 12.36303, 0.25078, 2.22877, 2.92272, 0.00342, 0.43683, 5.89776, 0.01845, 1.13246, 1.00436, 0.20316, 0.38750, 0.04205, 0.07702, 0.25532, 0.13639, -0.00006, 0.10732, 0.18788, 0.08028, 0.00644, 0.00281 
 9420.0, 10.94977, 0.24006, 2.16362, 2.64537, 0.00418, 0.35255, 5.91025, 0.01474, 1.05514, 1.03508, 0.05199, 0.16239, 0.01313, 0.06551, 0.08160, 0.04677, -0.00529, 0.09220, 0.20678, 0.08999, 0.00354, 0.00278 
 9480.0, 11.03545, 0.21959, 2.19648, 2.14390, 0.00428, 0.36469, 5.51891, 0.02621, 1.06356, 1.03001, 0.09586, 0.16360, 0.01020, 0.05612, 0.08959, 0.03868, 0.00379, 0.07877, 0.19725, 0.07519, 0.00910, 0.00244 
 9540.0, 10.75790, 0.22385, 2.06484, 2.34556, 0.00334, 0.36910, 5.37831, 0.02716, 1.02775, 1.01110, 0.08896, 0.16083, -0.00515, 0.04786, 0.08788, 0.03254, 0.00501, 0.07352, 0.18276, 0.07433, 0.00466, 0.00012 
 9600.0, 12.02852, 0.22061, 2.16736, 2.65238, 0.00349, 0.38979, 5.57044, 0.00654, 0.96709, 1.02003, 0.07677, 0.21730, -0.00149, 0.03624, 0.11717, 0.04863, 0.00757, 0.11107, 0.17882, 0.07077, 0.01108, 0.00297 
 9660.0, 10.17966, 0.22061, 2.00875, 2.27393, 0.00051, 0.38788, 5.53178, 0.02222, 1.03507, 0.97484, 0.02314, 0.14226, 0.00178, 0.03225, 0.09046, 0.03472, -0.00575, 0.09234, 0.16512, 0.05681, 0.00623, 0.00285 
 9720.0, 11.61749, 0.22245, 2.38833, 3.23037, 0.00350, 0.45234, 5.77438, 0.03201, 1.07670, 1.06957, 0.11514, 0.32813, 0.00459, 0.03704, 0.14385, 0.07454, -0.00577, 0.10655, 0.20229, 0.09257, 0.00557, 0.00172 
 9780.0, 10.82619, 0.24609, 2.22276, 3.56381, 0.00772, 0.38128, 5.48671, 0.01713, 1.00008, 1.00709, 0.11801, 0.58397, 0.00076, 0.01562, 0.28971, 0.12657, -0.00578, 0.10521, 0.20504, 0.06968, 0.00568, -0.00019 
 9840.0, 12.46406, 0.23867, 2.21101, 3.22710, 0.01027, 0.37290, 5.53815, 0.03050, 1.09297, 1.02591, 0.11444, 0.38104, 0.02302, 0.03413, 0.20755, 0.08759, -0.00329, 0.09780, 0.19054, 0.08827, 0.00457, 0.00184 
 9900.0, 10.63074, 0.24198, 2.14590, 2.78843, 0.00522, 0.34967, 5.34282, 0.03028, 0.96238, 1.01018, 0.08160, 0.21530, 0.02160, 0.02077, 0.10735, 0.05241, -0.00582, 0.10279, 0.19710, 0.07565, 0.00550, 0.00405 
 9960.0, 11.65357, 0.23067, 1.92943, 2.58823, 0.01036, 0.34488, 5.04019, 0.02508, 0.99370, 0.97430, 0.04311, 0.19849, 0.01810, 0.03263, 0.11147, 0.04985, -0.00584, 0.05879, 0.17409, 0.07594, 0.00482, 0.00480 
10020.0, 13.50596, 0.23326, 1.67289, 2.48763, 0.00259, 0.33673, 4.80344, 0.02049, 0.91204, 0.92871, 0.07490, 0.16182, -0.00529, 0.01687, 0.10445, 0.03408, -0.00586, 0.07760, 0.17524, 0.04981, 0.00154, 0.00266 
10080.0, 10.96105, 0.23329, 1.75339, 1.98989, 0.00636, 0.28051, 4.58942, 0.01884, 0.92681, 0.86262, 0.10440, 0.14849, 0.00878, 0.03016, 0.09620, 0.02420, -0.00588, 0.07047, 0.14536, 0.06824, 0.00725, 0.00514 
10140.0, 8.75633, 0.21223, 1.48058, 2.66401, 0.00345, 0.27144, 4.52815, 0.01612, 0.88315, 0.84218, 0.12769, 0.18253, 0.01084, 0.02996, 0.08702, 0.04680, -0.00294, 0.05784, 0.14070, 0.05312, 0.00212, 0.00310 
10200.0, 10.03386, 0.20810, 1.68938, 4.81318, -0.00089, 0.29303, 4.52933, 0.01025, 0.86384, 0.87198, 0.19563, 0.83123, 0.00870, 0.02460, 0.22212, 0.07372, -0.00408, 0.06069, 0.16225, 0.05373, 0.00503, 0.00727 
10260.0, 11.79266, 0.21850, 1.73819, 3.02758, 0.00749, 0.30765, 4.53456, 0.02669, 0.91034, 0.84502, 0.04469, 0.14942, 0.01453, -0.00805, 0.06989, 0.04378, -0.00350, 0.04209, 0.15743, 0.07697, 0.00309, 0.00360 
10320.0, 8.69036, 0.21999, 1.47502, 1.68588, 0.00837, 0.27379, 4.22834, 0.02260, 0.82167, 0.81293, 0.04961, 0.12770, 0.00894, 0.01350, 0.06458, 0.02938, -0.00595, 0.03051, 0.16553, 0.06317, 0.00588, 0.00139 
10380.0, 8.30214, 0.22489, 1.59269, 2.14353, 0.00126, 0.29259, 4.32471, 0.02319, 0.86095, 0.85266, 0.02926, 0.15363, 0.02163, 0.01184, 0.08069, 0.04309, -0.00597, 0.05819, 0.12930, 0.06311, 0.00570, 0.00059 
10440.0, 8.81927, 0.22821, 1.53086, 2.72277, 0.00216, 0.28061, 4.24271, 0.00578, 0.85697, 0.80894, 0.03458, 0.20782, -0.00541, -0.00584, 0.07211, 0.03865, -0.00599, 0.06876, 0.14422, 0.04457, 0.00733, 0.00281 
10500.0, 8.95405, 0.23818, 1.35865, 2.01992, 0.00447, 0.24907, 4.15386, 0.02746, 0.75669, 0.80020, 0.00729, 0.10787, 0.01404, -0.01789, 0.03928, 0.02363, -0.00601, 0.03915, 0.15333, 0.04921, 0.00760, 0.00251 
10560.0, 10.11206, 0.23665, 1.73762, 2.60310, 0.00191, 0.29534, 4.43065, 0.04021, 0.90050, 0.85219, 0.06656, 0.32290, 0.01457, 0.00360, 0.10535, 0.04569, 0.00587, 0.06269, 0.13751, 0.06282, 0.00593, 0.00339 
10620.0, 9.17003, 0.23152, 1.48999, 2.33595, 0.00099, 0.28164, 4.31766, 0.02291, 0.85709, 0.80981, 0.02307, 0.12438, 0.00334, -0.00855, 0.06561, 0.03065, -0.00604, 0.06105, 0.16089, 0.05779, 0.00429, 0.00376 
10680.0, 10.84014, 0.23850, 1.50875, 2.56166, 0.00281, 0.25922, 4.26206, 0.00709, 0.76165, 0.81994, 0.09846, 0.21196, 0.02146, 0.00540, 0.09341, 0.04445, 0.00565, 0.04478, 0.14568, 0.06307, -0.00135, 0.00286 
10740.0, 9.43859, 0.22274, 1.41929, 1.72304, 0.00162, 0.24931, 4.08606, 0.01373, 0.71593, 0.76823, 0.07914, 0.11331, 0.00920, 0.02311, 0.06571, 0.02536, -0.00521, 0.05051, 0.14086, 0.06008, 0.00102, 0.00087 
10800.0, 9.20533, 0.20975, 1.36826, 2.37687, 0.00366, 0.22682, 3.99345, 0.00984, 0.75511, 0.77394, 0.05771, 0.11972, 0.01237, -0.00747, 0.05403, 0.03186, -0.00610, 0.05079, 0.14072, 0.04873, 0.00650, 0.00529 
10860.0, 9.32095, 0.22769, 1.30594, 2.13761, 0.00088, 0.24485, 3.93911, 0.02153, 0.74035, 0.77279, 0.05663, 0.09978, 0.01694, 0.00617, 0.07053, 0.03357, 0.00129, 0.03971, 0.13704, 0.04775, 0.00214, 0.00256 
10920.0, 7.89428, 0.23194, 1.27398, 1.89228, 0.00234, 0.24407, 3.89947, 0.00922, 0.70823, 0.73366, 0.05121, 0.10070, 0.01377, 0.00130, 0.06538, 0.02865, -0.00614, 0.04845, 0.13160, 0.04851, 0.01163, 0.00284 
10980.0, 8.15549, 0.22007, 1.39907, 2.36986, -0.00011, 0.22631, 3.94612, 0.01889, 0.72188, 0.75907, 0.04607, 0.09240, -0.00556, -0.01443, 0.05024, 0.03676, -0.00616, 0.03240, 0.14678, 0.03526, 0.00763, 0.00109 
11040.0, 8.09373, 0.22250, 1.23754, 1.60016, 0.00351, 0.22600, 3.84003, 0.01345, 0.71866, 0.71070, 0.02988, 0.09910, 0.01403, -0.02348, 0.04977, 0.03014, -0.00617, 0.03698, 0.11187, 0.01844, 0.00479, 0.00436 
11100.0, 8.11719, 0.22195, 1.15911, 1.59487, 0.00333, 0.24014, 3.82583, 0.01418, 0.64486, 0.68151, 0.02679, 0.13624, 0.00242, -0.00667, 0.07850, 0.02502, -0.00619, 0.05038, 0.10913, 0.03452, 0.00292, 0.00204 
11160.0, 7.02512, 0.22077, 1.18789, 1.65034, 0.00708, 0.20027, 3.73437, 0.01202, 0.62171, 0.68594, 0.03442, 0.09323, 0.01099, -0.01958, 0.03868, 0.02607, -0.00104, 0.02638, 0.09896, 0.06918, 0.00512, 0.00168 
11220.0, 9.20179, 0.22661, 1.31833, 2.55841, -0.00023, 0.22878, 3.78887, 0.01064, 0.67080, 0.66756, 0.04954, 0.20117, -0.00091, -0.00419, 0.09376, 0.02592, 0.01189, 0.03587, 0.11997, 0.05129, 0.00234, 0.00238 
11280.0, 7.69382, 0.21961, 1.15727, 1.64910, 0.00411, 0.23320, 3.68807, 0.01526, 0.58554, 0.64853, 0.03417, 0.09308, 0.01206, 0.00755, 0.04931, 0.02216, -0.00625, 0.03539, 0.12507, 0.04813, 0.00263, 0.00555 
11340.0, 7.12014, 0.22101, 1.06228, 1.54008, 0.00062, 0.16514, 3.60321, 0.00770, 0.58205, 0.60986, 0.07420, 0.11599, 0.00794, 0.02350, 0.05040, 0.02053, -0.00627, 0.04001, 0.12082, 0.03011, 0.00260, 0.00145 
11400.0, 7.40622, 0.21992, 0.98350, 1.44404, 0.00186, 0.19383, 3.53944, 0.01451, 0.50384, 0.57658, 0.06748, 0.09240, 0.01073, 0.01125, 0.04900, 0.01492, 0.00156, 0.05995, 0.13475, 0.03076, -0.00067, -0.00006 
11460.0, 6.82108, 0.22226, 0.99886, 1.24215, 0.00293, 0.13670, 3.40542, 0.01428, 0.49507, 0.52652, 0.03958, 0.07030, 0.00741, 0.00594, 0.04134, 0.01661, 0.00484, 0.04123, 0.12797, 0.03690, 0.00246, 0.00025 
11520.0, 8.18409, 0.20035, 1.00512, 1.85330, 0.00135, 0.16655, 3.56603, 0.00612, 0.48533, 0.52116, 0.11198, 0.14064, 0.00868, 0.01607, 0.05887, 0.01631, 0.00306, 0.02928, 0.13522, 0.02973, 0.00235, 0.00378 
11580.0, 6.29382, 0.21360, 0.96708, 1.33824, 0.00344, 0.13731, 3.51061, 0.00620, 0.46609, 0.51718, 0.05796, 0.08491, -0.00379, 0.01915, 0.05080, 0.02333, 0.00023, 0.03772, 0.12199, 0.02853, 0.00059, 0.00103 
11640.0, 6.37413, 0.22178, 1.03362, 3.39124, 0.00213, 0.18442, 3.49004, 0.00839, 0.49389, 0.54194, 0.15449, 0.77084, 0.01996, -0.01728, 0.23127, 0.07170, 0.00477, 0.04192, 0.11651, 0.02777, 0.00215, 0.00498 
11700.0, 6.89114, 0.20958, 1.00342, 1.17595, 0.00414, 0.14454, 3.46367, 0.01836, 0.48649, 0.50287, 0.02621, 0.07742, 0.00720, 0.01025, 0.04308, 0.01719, -0.00638, 0.01429, 0.10135, 0.02881, -0.00039, 0.00414 
11760.0, 7.63127, 0.21711, 0.98610, 1.17240, 0.00594, 0.21960, 3.55049, 0.01128, 0.49650, 0.58912, 0.00315, 0.07973, -0.00301, -0.02171, 0.03857, 0.01372, -0.00020, 0.02995, 0.10345, 0.03106, 0.00043, 0.00092 
11820.0, 6.77853, 0.20831, 0.97057, 1.49735, 0.00182, 0.19166, 3.62278, 0.02411, 0.59825, 0.58935, 0.01579, 0.07846, -0.00580, 0.00214, 0.04126, 0.01370, -0.00642, 0.02707, 0.12148, 0.04053, 0.00048, 0.00051 
11880.0, 6.81447, 0.21173, 1.08602, 1.39150, 0.00119, 0.19699, 3.64158, 0.02635, 0.54310, 0.58787, 0.02168, 0.11104, 0.00908, -0.00350, 0.07116, 0.01929, 0.00197, 0.02457, 0.11797, 0.04655, 0.00268, 0.00452 
11940.0, 7.86966, 0.22937, 1.01236, 1.64312, 0.00086, 0.21947, 3.67047, 0.01550, 0.55717, 0.63583, 0.01646, 0.08926, 0.01667, 0.01205, 0.06492, 0.02948, -0.00645, 0.04970, 0.12818, 0.02881, 0.00462, -0.00012 
12000.0, 7.02064, 0.21346, 0.96819, 1.39044, 0.00198, 0.16030, 3.64638, 0.00463, 0.58424, 0.57974, 0.03858, 0.09684, -0.00586, 0.02104, 0.04463, 0.02276, -0.00161, 0.05436, 0.11845, 0.05783, 0.00072, 0.00007 
12060.0, 7.56861, 0.21027, 0.99907, 1.50046, 0.00302, 0.18146, 3.60266, 0.00165, 0.54625, 0.56722, 0.05691, 0.11117, 0.01215, 0.02029, 0.05192, 0.02482, 0.00048, 0.04464, 0.12744, 0.04257, 0.00282, 0.00122 
12120.0, 7.32687, 0.21257, 0.93562, 1.27711, 0.00520, 0.15188, 3.60160, 0.00879, 0.52317, 0.56692, 0.05228, 0.08278, 0.02593, 0.02223, 0.03969, 0.01744, -0.00651, 0.03504, 0.13887, 0.02717, 0.00306, 0.00159 
12180.0, 6.45586, 0.22888, 0.93720, 1.23960, 0.00315, 0.18786, 3.63612, 0.01008, 0.58580, 0.57899, 0.05431, 0.08985, 0.00596, 0.01447, 0.04929, 0.02080, 0.00366, 0.02091, 0.13383, 0.03803, 0.00135, 0.00363 
12240.0, 6.58975, 0.21497, 1.06905, 1.20334, -0.00092, 0.18176, 3.67681, 0.00862, 0.55176, 0.60326, 0.08343, 0.09664, 0.01233, 0.03245, 0.05014, 0.02867, -0.00475, 0.05323, 0.13928, 0.04086, 0.00179, -0.00015 
12300.0, 7.21678, 0.21164, 1.05250, 1.46192, 0.00182, 0.18660, 3.75277, 0.01529, 0.56622, 0.59643, 0.08805, 0.10372, 0.01499, 0.00860, 0.05226, 0.02261, -0.00657, 0.03831, 0.14140, 0.04747, -0.00121, 0.00125 
12360.0, 6.86282, 0.23224, 1.06397, 1.72194, 0.00550, 0.20520, 3.70865, 0.02152, 0.59777, 0.59357, 0.04379, 0.15651, 0.01204, -0.00172, 0.08089, 0.03839, -0.00384, 0.03075, 0.11682, 0.03936, 0.00464, 0.00106 
12420.0, 7.23632, 0.21673, 1.07423, 1.96623, 0.00336, 0.22081, 3.74022, 0.01845, 0.61693, 0.61927, 0.04140, 0.10804, 0.00999, 0.01626, 0.07170, 0.03010, -0.00493, 0.05070, 0.14322, 0.05227, 0.00324, 0.00024 
12480.0, 7.47785, 0.22247, 1.03853, 1.47900, 0.00288, 0.21150, 3.71307, 0.01906, 0.51071, 0.60557, 0.00779, 0.11275, 0.00508, 0.01439, 0.05330, 0.01986, -0.00662, 0.03809, 0.14495, 0.04201, 0.00124, 0.00052 
12540.0, 6.81493, 0.20716, 1.05851, 1.26779, 0.00644, 0.20032, 3.71679, 0.02423, 0.52691, 0.57506, 0.00386, 0.11297, 0.00948, -0.00517, 0.05555, 0.02986, 0.00205, 0.03642, 0.14718, 0.04441, 0.00019, -0.00018 
12600.0, 11.51819, 0.20878, 1.00389, 1.42377, 0.00075, 0.21564, 3.75500, 0.01619, 0.53720, 0.59553, 0.01140, 0.08797, 0.00880, 0.02014, 0.05064, 0.02314, 0.00168, 0.02640, 0.12455, 0.03233, 0.00474, 0.00223 
12660.0, 7.96569, 0.22478, 1.02233, 1.46324, 0.00284, 0.19935, 3.71026, 0.01448, 0.52960, 0.56501, 0.06482, 0.09065, 0.01274, 0.01718, 0.05623, 0.02165, 0.01109, 0.03615, 0.14533, 0.05079, 0.00407, 0.00181 
12720.0, 6.82888, 0.22066, 0.99184, 1.41402, 0.00231, 0.18409, 3.68835, 0.00718, 0.50978, 0.58719, 0.08262, 0.09847, 0.01153, 0.03165, 0.05653, 0.02891, 0.01135, 0.04544, 0.13127, 0.03946, 0.00334, -0.00015 
12780.0, 7.73075, 0.21012, 1.02277, 1.47664, 0.00175, 0.22110, 3.66824, -0.00138, 0.58387, 0.57495, 0.11574, 0.11138, 0.01409, 0.01093, 0.04324, 0.02815, 0.00174, 0.04382, 0.16194, 0.03862, 0.00117, 0.00132 
12840.0, 7.52711, 0.22099, 0.99528, 1.22063, 0.00377, 0.17347, 3.71607, 0.01542, 0.52888, 0.55561, 0.07251, 0.10426, 0.01627, 0.01147, 0.06031, 0.03268, -0.00673, 0.03407, 0.14354, 0.04824, 0.00284, 0.00009 
12900.0, 8.03133, 0.22387, 0.97542, 1.14236, 0.00155, 0.19821, 3.77682, 0.02378, 0.54745, 0.56933, 0.08041, 0.09513, 0.00524, 0.02707, 0.06851, 0.01268, -0.00213, 0.02612, 0.13445, 0.02939, 0.00135, 0.00005 
12960.0, 7.57503, 0.21591, 1.04787, 1.41949, 0.00359, 0.19647, 3.68408, 0.01922, 0.54477, 0.54832, 0.07860, 0.14807, 0.01500, 0.01877, 0.06664, 0.02549, 0.00014, 0.03115, 0.14022, 0.03527, 0.00193, 0.00097 
13020.0, 8.09342, 0.21178, 1.06534, 1.55422, 0.00350, 0.17951, 3.79221, 0.02233, 0.51425, 0.53356, 0.07618, 0.15371, 0.01558, 0.01767, 0.06356, 0.01610, 0.01167, 0.05074, 0.15712, 0.04501, 0.00135, 0.00162 
13080.0, 7.69465, 0.21614, 1.00994, 1.79528, 0.00446, 0.19130, 3.77171, 0.01815, 0.47147, 0.55543, 0.05953, 0.11180, 0.01440, 0.02690, 0.04455, 0.03106, 0.01799, 0.06241, 0.11814, 0.03790, 0.00402, 0.00075 
13140.0, 7.19838, 0.22043, 1.04985, 1.42143, 0.00146, 0.25154, 3.74498, 0.01995, 0.49046, 0.53394, 0.03645, 0.10149, 0.01123, 0.04363, 0.04761, 0.02674, -0.00378, 0.03886, 0.15395, 0.03986, -0.00033, 0.00095 
13200.0, 7.63465, 0.21773, -9999.00000, 1.42237, -0.00091, 0.22312, 3.63168, 0.01964, -9999.00000, 0.52888, 0.02030, 0.08560, 0.01291, 0.02398, 0.04774, 0.01690, -0.00575, 0.04151, 0.12153, 0.04244, -0.00108, 0.00046 
13260.0, -9999.00000, -9999.00000, -9999.00000, -9999.00000, -9999.00000, -9999.00000, -9999.00000, -9999.00000, -9999.00000, -9999.00000, -9999.00000, -9999.00000, -9999.00000, -9999.00000, -9999.00000, -9999.00000, -9999.00000, -9999.00000, -9999.00000, -9999.00000, -9999.00000, -9999.00000 
13320.0, -9999.00000, -9999.00000, -9999.00000, -9999.00000, -9999.00000, -9999.00000, -9999.00000, -9999.00000, -9999.00000, -9999.00000, -9999.00000, -9999.00000, -9999.00000, -9999.00000, -9999.00000, -9999.00000, -9999.00000, -9999.00000, -9999.00000, -9999.00000, -9999.00000, -9999.00000 
13380.0, -9999.00000, -9999.00000, -9999.00000, -9999.00000, -9999.00000, -9999.00000, -9999.00000, -9999.00000, -9999.00000, -9999.00000, -9999.00000, -9999.00000, -9999.00000, -9999.00000, -9999.00000, -9999.00000, -9999.00000, -9999.00000, -9999.00000, -9999.00000, -9999.00000, -9999.00000 
