CampaignData_and_Merges/R0/CSL_MobileLab_Parked/raw/20240804/USOS-NOy-LIF_MobileLabGround_20240804_R0.ict
39,1001
Rollins, A.; Waxman, E.; Zuraski, K.; Chace, W.
NOAA Chemical Sciences Laboratory
LIF NO/NOx/NOy on CSL Mobile Lab
AMMBEC / USOS
1, 1
2024,08,04, 2025,01,04
1
Time_Start, seconds, number_of_seconds_since_0000_UTC
7
1, 1, 1, 1, 1, 1, 1
-9999, -9999, -9999, -9999, -9999, -9999, -9999
Time_Stop, seconds, number_of_seconds_since_0000_UTC
NO_LIF, pptv, Gas_NO_InSitu_S_AVMR, volume mixing ratio of nitric oxide in air
NO2_LIF, pptv, Gas_NO2_InSitu_S_AVMR, volume mixing ratio of nitrogen dioxide in air
NOy_LIF, pptv, Gas_NOy_InSitu_S_AVMR, volume mixing ratio of total oxidized nitrogen in air
NO_LIF_1SigmaAccuracy, pptv, Gas_NO_InSitu_S_AVMR, volume mixing ratio of nitric oxide in air
NO2_LIF_1SigmaAccuracy, pptv, Gas_NO2_InSitu_S_AVMR, volume mixing ratio of nitrogen dioxide in air
NOy_LIF_1SigmaAccuracy, pptv, Gas_NOy_InSitu_S_AVMR, volume mixing ratio of total oxidized nitrogen in air
0
18
PI_CONTACT_INFO: andrew.rollins@noaa.gov
PLATFORM: CSL Mobile Lab
LOCATION: Salt Lake City, UT
ASSOCIATED_DATA:
INSTRUMENT_INFO: NO detection by laser induced fluorescence. NO2 detection by photolytic conversion to NO. NOy detection by catalytic conversion to NO on gold surface
DATA_INFO:
UNCERTAINTY: Included 1 Sigma Accuracy waves represent the combined calibration uncertainties (±6%, ±9%, ±10%) and zero uncertainties (3 ppt, 20 ppt, 100 ppt) for NO, NO2, and NOy, respectively.
ULOD_FLAG: -7777
ULOD_VALUE: N/A
LLOD_FLAG: -8888
LLOD_VALUE: N/A
DM_CONTACT_INFO: andrew.rollins@noaa.gov
PROJECT_INFO: USOS Project, July - August 2024
STIPULATIONS_ON_USE: Users are strongly encouraged to contact the PI for proper data usage.
OTHER_COMMENTS:
REVISION: R0
R0: final data
Time_Start, Time_Stop, NO_LIF, NO2_LIF, NOy_LIF, NO_LIF_1SigmaAccuracy, NO2_LIF_1SigmaAccuracy, NOy_LIF_1SigmaAccuracy
       0,      60,99.842,3780.6,5144,8.9905, 360.25, 614.4
      60,     120,105.38,3894.8,5272.9,9.3231, 370.53, 627.29
     120,     180,107.87,4006.4,5339,9.4722, 380.57, 633.9
     180,     240,108.43,4146.4,5465,9.5055, 393.17, 646.5
     240,     300,103.37,4215.8,5559.4,9.2024, 399.42, 655.94
     300,     360,-9999,-9999,-9999,-9999, -9999, -9999
     360,     420,-9999,-9999,-9999,-9999, -9999, -9999
     420,     480,-9999,-9999,-9999,-9999, -9999, -9999
     480,     540,-9999,-9999,-9999,-9999, -9999, -9999
     540,     600,-9999,-9999,-9999,-9999, -9999, -9999
     600,     660,-9999,-9999,-9999,-9999, -9999, -9999
     660,     720,-9999,-9999,-9999,-9999, -9999, -9999
     720,     780,128.34,4661.5,6150.5,10.7, 439.54, 715.05
     780,     840,109.52,4167,5561,9.5714, 395.03, 656.1
     840,     900,201.46,4375.2,5475.9,15.088, 413.76, 647.59
     900,     960,162.15,4248,5796.6,12.729, 402.32, 679.66
     960,    1020,111.04,3848.6,5101.7,9.6623, 366.37, 610.17
    1020,    1080,124.79,3896.4,5162.2,10.488, 370.68, 616.22
    1080,    1140,123.1,3888.7,5173.1,10.386, 369.99, 617.31
    1140,    1200,128.02,3851.1,5255.2,10.681, 366.6, 625.52
    1200,    1260,103.78,3496.9,4792.6,9.2268, 334.72, 579.26
    1260,    1320,99.342,3520.5,4699.8,8.9605, 336.84, 569.98
    1320,    1380,97.584,3513.1,4685.6,8.855, 336.18, 568.56
    1380,    1440,94.511,3568.3,4696.4,8.6707, 341.15, 569.64
    1440,    1500,89.75,3484.2,4675.4,8.385, 333.58, 567.54
    1500,    1560,85.929,3435.3,4627.2,8.1557, 329.18, 562.72
    1560,    1620,86.187,3506.8,4680,8.1712, 335.61, 568
    1620,    1680,80.802,3547.7,4718.9,7.8481, 339.3, 571.89
    1680,    1740,71.79,3513.2,4608.3,7.3074, 336.19, 560.83
    1740,    1800,81.957,3718.7,4839.9,7.9174, 354.68, 583.99
    1800,    1860,82.753,4124.1,5177.7,7.9652, 391.17, 617.77
    1860,    1920,89.27,4231.3,5397.5,8.3562, 400.82, 639.75
    1920,    1980,77.059,4191.9,5341.9,7.6236, 397.27, 634.19
    1980,    2040,80.306,4069.4,5286.7,7.8184, 386.24, 628.67
    2040,    2100,71.901,4066.5,5164.9,7.3141, 385.99, 616.49
    2100,    2160,68.458,4006.7,5162.8,7.1075, 380.6, 616.28
    2160,    2220,72.165,4041.3,5187.6,7.3299, 383.72, 618.76
    2220,    2280,73.392,3885.9,5049.9,7.4035, 369.73, 604.99
    2280,    2340,70.779,3639.8,4815.1,7.2467, 347.58, 581.51
    2340,    2400,85.109,3509.8,4666.7,8.1066, 335.88, 566.67
    2400,    2460,64.027,3125.6,4205.4,6.8416, 301.31, 520.54
    2460,    2520,61.229,2927.4,3978.1,6.6737, 283.46, 497.81
    2520,    2580,68.739,3245.3,4217.6,7.1243, 312.08, 521.76
    2580,    2640,248.67,5231.2,7523.5,17.92, 490.81, 852.35
    2640,    2700,170.96,4808.7,5755.4,13.258, 452.78, 675.54
    2700,    2760,90.212,3808.6,4799.3,8.4127, 362.77, 579.93
    2760,    2820,293.67,4552.8,5961.4,20.62, 429.75, 696.14
    2820,    2880,692.17,4916.3,6910.2,44.53, 462.46, 791.02
    2880,    2940,386.7,5944.1,7283.4,26.202, 554.97, 828.34
    2940,    3000,105.34,3857.8,4926.7,9.3206, 367.2, 592.67
    3000,    3060,119.27,4088.5,5399.8,10.156, 387.96, 639.98
    3060,    3120,148.34,4071.9,5357.4,11.9, 386.47, 635.74
    3120,    3180,133.84,3901.3,4872.9,11.03, 371.12, 587.29
    3180,    3240,166.4,4330.4,5307.1,12.984, 409.73, 630.71
    3240,    3300,357.66,4891.6,6075.1,24.46, 460.24, 707.51
    3300,    3360,112.86,3878.8,4802.7,9.7715, 369.09, 580.27
    3360,    3420,105.87,3838.8,4760.2,9.3524, 365.49, 576.02
    3420,    3480,101.89,3705.1,4696.2,9.1133, 353.46, 569.62
    3480,    3540,250.83,4166.8,4911.4,18.05, 395.01, 591.14
    3540,    3600,229.86,3334.9,5092.4,16.792, 320.14, 609.24
    3600,    3660,84.357,2824.7,3547.3,8.0614, 274.22, 454.73
    3660,    3720,88.724,3446.9,4258.2,8.3234, 330.22, 525.82
    3720,    3780,274.98,5065,5973.5,19.499, 475.85, 697.35
    3780,    3840,263.56,4384.2,5497.7,18.813, 414.57, 649.77
    3840,    3900,681.59,5347.8,7047.8,43.895, 501.3, 804.78
    3900,    3960,171.82,4478.1,5503.1,13.309, 423.03, 650.31
    3960,    4020,159.37,4153.3,5186.9,12.562, 393.8, 618.69
    4020,    4080,96.278,4320.1,5058.3,8.7767, 408.81, 605.83
    4080,    4140,719.94,5653.7,6642.9,46.196, 528.83, 764.29
    4140,    4200,264.68,4792.3,6934.4,18.881, 451.31, 793.44
    4200,    4260,557.57,6163.8,6902.8,36.454, 574.75, 790.28
    4260,    4320,542.62,6917.8,8300.3,35.557, 642.6, 930.03
    4320,    4380,399.21,5162.5,6529,26.953, 484.62, 752.9
    4380,    4440,148.98,4620.9,5836.3,11.939, 435.88, 683.63
    4440,    4500,253.74,4872.5,6529.6,18.225, 458.52, 752.96
    4500,    4560,328.75,4345.1,5812.1,22.725, 411.06, 681.21
    4560,    4620,165.48,4022.7,5111,12.929, 382.04, 611.1
    4620,    4680,162.16,3951.6,5134.6,12.729, 375.64, 613.46
    4680,    4740,696.32,5232.3,6128,44.779, 490.91, 712.8
    4740,    4800,1233.4,6175.1,8713.4,77.005, 575.76, 971.34
    4800,    4860,513.88,4626.3,6125.3,33.833, 436.36, 712.53
    4860,    4920,350.37,4244.1,5529.2,24.022, 401.97, 652.92
    4920,    4980,497.68,5073.6,5985.2,32.861, 476.63, 698.52
    4980,    5040,613.97,5213.5,7170.8,39.838, 489.22, 817.08
    5040,    5100,159.59,2996.4,4097.6,12.575, 289.67, 509.76
    5100,    5160,254.17,3292.6,4430.6,18.25, 316.34, 543.06
    5160,    5220,647.09,4126.7,5082.1,41.826, 391.41, 608.21
    5220,    5280,237.1,3466.6,5294.4,17.226, 332, 629.44
    5280,    5340,96.471,3069.6,4024.8,8.7882, 296.26, 502.48
    5340,    5400,292.29,3566.1,4672.6,20.537, 340.95, 567.26
    5400,    5460,91.109,2978.1,4053.8,8.4665, 288.02, 505.38
    5460,    5520,63.555,2163.8,3097.5,6.8133, 214.74, 409.75
    5520,    5580,76.901,2100.9,2882.3,7.6141, 209.08, 388.23
    5580,    5640,86.274,2330,3260.8,8.1765, 229.7, 426.08
    5640,    5700,169.2,2718.9,3687.6,13.152, 264.7, 468.76
    5700,    5760,209.53,3520,4447.5,15.572, 336.8, 544.75
    5760,    5820,192.65,2577.9,3445.9,14.559, 252.01, 444.59
    5820,    5880,656.8,2945.3,4617.8,42.408, 285.07, 561.78
    5880,    5940,46.365,1938.4,2816.8,5.7819, 194.46, 381.68
    5940,    6000,64.206,2141.6,3024.1,6.8523, 212.74, 402.41
    6000,    6060,500.24,3476.3,4281.5,33.015, 332.87, 528.15
    6060,    6120,165.44,3309.9,4162.4,12.926, 317.89, 516.24
    6120,    6180,127.5,3258.7,4300.8,10.65, 313.29, 530.08
    6180,    6240,256.78,3827.8,4908.6,18.407, 364.5, 590.86
    6240,    6300,110.6,3469.6,4560.4,9.6361, 332.26, 556.04
    6300,    6360,393.87,3574.1,4425.8,26.632, 341.67, 542.58
    6360,    6420,203.95,3303.7,4273.9,15.237, 317.34, 527.39
    6420,    6480,508.43,3403.8,4889.9,33.506, 326.35, 588.99
    6480,    6540,284.29,3029.3,4616.6,20.057, 292.63, 561.66
    6540,    6600,62.035,2639.8,3793.6,6.7221, 257.58, 479.36
    6600,    6660,361.43,3438.1,4727.8,24.686, 329.43, 572.78
    6660,    6720,197.77,4284,5566.3,14.866, 405.56, 656.63
    6720,    6780,193.15,4962.7,6231.9,14.589, 466.64, 723.19
    6780,    6840,151.72,4213.2,5596.3,12.103, 399.19, 659.63
    6840,    6900,129.43,3819.6,5069.4,10.766, 363.76, 606.94
    6900,    6960,137.38,3997.1,5010.2,11.243, 379.74, 601.02
    6960,    7020,108.82,4079,5234.2,9.5293, 387.11, 623.42
    7020,    7080,1487.9,7872.1,7637.9,92.273, 728.49, 863.79
    7080,    7140,1244.4,7111.4,11695,77.663, 660.02, 1269.5
    7140,    7200,114.78,3825.8,5291.6,9.8867, 364.32, 629.16
    7200,    7260,400.72,3792.8,5125.7,27.043, 361.35, 612.57
    7260,    7320,159.03,4322.7,5564.2,12.542, 409.04, 656.42
    7320,    7380,29.793,3816.9,5217.9,4.7876, 363.52, 621.79
    7380,    7440,55.653,3655.1,4758.1,6.3392, 348.96, 575.81
    7440,    7500,61.588,3814,4876.5,6.6953, 363.26, 587.65
    7500,    7560,91.572,4260.8,5330.3,8.4943, 403.47, 633.03
    7560,    7620,391.28,4685,5605.2,26.477, 441.65, 660.52
    7620,    7680,173.01,4578.6,6265,13.381, 432.07, 726.5
    7680,    7740,55.852,3977.6,5421.9,6.3511, 377.99, 642.19
    7740,    7800,28.142,2922.3,4346.2,4.6885, 283, 534.62
    7800,    7860,33.524,2754.3,3793.3,5.0114, 267.89, 479.33
    7860,    7920,39.127,2996.4,4048.9,5.3476, 289.67, 504.89
    7920,    7980,144.87,3877.9,4547.8,11.692, 369.01, 554.78
    7980,    8040,138.62,3559.6,4961.2,11.317, 340.36, 596.12
    8040,    8100,71.099,3275.3,4602,7.266, 314.78, 560.2
    8100,    8160,80.623,3011.8,4123.7,7.8374, 291.06, 512.37
    8160,    8220,92.648,3066.4,4290.4,8.5589, 295.97, 529.04
    8220,    8280,87.633,3415,4450.8,8.258, 327.35, 545.08
    8280,    8340,-9999,-9999,-9999,-9999, -9999, -9999
    8340,    8400,-9999,-9999,-9999,-9999, -9999, -9999
    8400,    8460,-9999,-9999,-9999,-9999, -9999, -9999
    8460,    8520,-9999,-9999,-9999,-9999, -9999, -9999
    8520,    8580,-9999,-9999,-9999,-9999, -9999, -9999
    8580,    8640,-9999,-9999,-9999,-9999, -9999, -9999
    8640,    8700,-9999,-9999,-9999,-9999, -9999, -9999
    8700,    8760,34.881,1865.4,3025.5,5.0929, 187.89, 402.55
    8760,    8820,50.076,1691.6,2561.1,6.0046, 172.25, 356.11
    8820,    8880,377.98,2680.3,3227.6,25.679, 261.23, 422.76
    8880,    8940,308.6,3216.5,4833.1,21.516, 309.49, 583.31
    8940,    9000,60.332,1907,3044,6.6199, 191.63, 404.4
    9000,    9060,123.83,1851,2890.2,10.43, 186.59, 389.02
    9060,    9120,39.445,1524.9,2523,5.3667, 157.24, 352.3
    9120,    9180,33.834,1540.3,2455.7,5.03, 158.62, 345.57
    9180,    9240,24.759,1572.7,2474.8,4.4855, 161.54, 347.48
    9240,    9300,56.405,1636.4,2597.6,6.3843, 167.28, 359.76
    9300,    9360,26.511,1655.6,2634.1,4.5907, 169.01, 363.41
    9360,    9420,865.27,2666.2,3718.1,54.916, 259.96, 471.81
    9420,    9480,275.88,1967.3,3084.2,19.553, 197.06, 408.42
    9480,    9540,79.127,1540.1,2549.2,7.7476, 158.6, 354.92
    9540,    9600,63.773,1527.9,2470.6,6.8264, 157.51, 347.06
    9600,    9660,54.449,1689.5,2532.8,6.2669, 172.06, 353.28
    9660,    9720,27.605,1725.6,2657.3,4.6563, 175.31, 365.73
    9720,    9780,29.866,1789.7,2810,4.792, 181.07, 381
    9780,    9840,46.68,1729.1,2678.5,5.8008, 175.62, 367.85
    9840,    9900,65.721,1979.5,2953.9,6.9433, 198.16, 395.39
    9900,    9960,92.071,1950.2,3085.9,8.5243, 195.52, 408.59
    9960,   10020,102.87,1641.5,2720.5,9.1725, 167.73, 372.05
   10020,   10080,98.724,1407.7,2368.1,8.9235, 146.7, 336.81
   10080,   10140,55.185,1351,2246.2,6.3111, 141.59, 324.62
   10140,   10200,28.413,1122.6,1972.2,4.7048, 121.03, 297.22
   10200,   10260,33.235,1126.4,1946.6,4.9941, 121.38, 294.66
   10260,   10320,346.61,1955.7,3075.9,23.796, 196.01, 407.59
   10320,   10380,66.169,1229.1,2217.9,6.9702, 130.62, 321.79
   10380,   10440,98.725,1475,2091.7,8.9235, 152.75, 309.17
   10440,   10500,63.399,1369.7,2218.9,6.8039, 143.27, 321.89
   10500,   10560,21.304,1112.8,1939.2,4.2783, 120.15, 293.92
   10560,   10620,22.665,1164.7,1921.6,4.3599, 124.82, 292.16
   10620,   10680,16.914,1177.1,1997.7,4.0148, 125.94, 299.77
   10680,   10740,29.953,1219.6,1960.1,4.7972, 129.76, 296.01
   10740,   10800,21.076,1101.8,1988.3,4.2646, 119.16, 298.83
   10800,   10860,45.203,1412.7,2040.3,5.7122, 147.14, 304.03
   10860,   10920,41.921,1399.3,2244.7,5.5152, 145.94, 324.47
   10920,   10980,165.42,1434.8,2088.6,12.925, 149.13, 308.86
   10980,   11040,152.42,1831.9,2623.6,12.145, 184.87, 362.36
   11040,   11100,26.923,1110.7,1930.1,4.6154, 119.96, 293.01
   11100,   11160,149.93,1155.6,1873.1,11.996, 124, 287.31
   11160,   11220,186.08,1309,2049.7,14.165, 137.81, 304.97
   11220,   11280,268.68,1869.3,3315.1,19.121, 188.24, 431.51
   11280,   11340,83.362,1146,1999.1,8.0017, 123.14, 299.91
   11340,   11400,98.581,1063.7,1793,8.9149, 115.73, 279.3
   11400,   11460,25.556,818.4,1437.6,4.5334, 93.656, 243.76
   11460,   11520,30.398,853.6,1510.5,4.8239, 96.824, 251.05
   11520,   11580,67.797,885.24,1502.1,7.0678, 99.672, 250.21
   11580,   11640,23.499,756.15,1336.5,4.4099, 88.053, 233.65
   11640,   11700,48.196,829.2,1380.8,5.8918, 94.628, 238.08
   11700,   11760,70.401,953.82,1580.2,7.2241, 105.84, 258.02
   11760,   11820,130.71,939.89,1746.2,10.843, 104.59, 274.62
   11820,   11880,277.41,942.12,1912.3,19.645, 104.79, 291.23
   11880,   11940,218.34,1191.2,2072.1,16.1, 127.21, 307.21
   11940,   12000,164.57,1125.2,2017,12.874, 121.27, 301.7
   12000,   12060,255.15,1102.3,2106,18.309, 119.21, 310.6
   12060,   12120,46.399,870.07,1608.5,5.7839, 98.307, 260.85
   12120,   12180,28.67,751.84,1332.2,4.7202, 87.665, 233.22
   12180,   12240,60.17,785.3,1366.3,6.6102, 90.677, 236.63
   12240,   12300,161.65,1001.2,1724.7,12.699, 110.11, 272.47
   12300,   12360,209.93,1183.3,2213.8,15.596, 126.49, 321.38
   12360,   12420,164.62,1043.9,1744.5,12.877, 113.95, 274.45
   12420,   12480,99.885,958.14,1762.2,8.9931, 106.23, 276.22
   12480,   12540,126.47,880.23,1401.7,10.588, 99.221, 240.17
   12540,   12600,198.44,1335,2317.8,14.907, 140.15, 331.78
   12600,   12660,48.435,807.7,1511.7,5.9061, 92.693, 251.17
   12660,   12720,92.747,824.84,1542.4,8.5648, 94.235, 254.24
   12720,   12780,62.758,724.19,1302.3,6.7655, 85.177, 230.23
   12780,   12840,64.654,812.85,1386.7,6.8792, 93.156, 238.67
   12840,   12900,106.12,909.25,1570.6,9.367, 101.83, 257.06
   12900,   12960,39.69,796.29,1357.4,5.3814, 91.666, 235.74
   12960,   13020,21.148,704.71,1263.6,4.2689, 83.424, 226.36
   13020,   13080,33.919,797.49,1319.9,5.0351, 91.774, 231.99
   13080,   13140,52.258,816.1,1402.6,6.1355, 93.449, 240.26
   13140,   13200,76.781,1007.3,1579,7.6069, 110.65, 257.9
   13200,   13260,31.703,782.12,1413.3,4.9022, 90.391, 241.33
   13260,   13320,336.8,1493,2545.7,23.208, 154.37, 354.57
   13320,   13380,102.37,894.37,1847.1,9.142, 100.49, 284.71
   13380,   13440,37.485,708.25,1261.3,5.2491, 83.743, 226.13
   13440,   13500,118.43,699.79,1424.9,10.106, 82.981, 242.49
   13500,   13560,29.972,684.65,1221.2,4.7983, 81.619, 222.12
   13560,   13620,122.84,809.73,1435.3,10.37, 92.876, 243.53
   13620,   13680,174.52,1117.8,1838.3,13.471, 120.6, 283.83
   13680,   13740,39.575,795.17,1479.4,5.3745, 91.565, 247.94
   13740,   13800,140.4,1053.1,1940.3,11.424, 114.77, 294.03
   13800,   13860,151.42,894.23,1622.2,12.085, 100.48, 262.22
   13860,   13920,457.37,2168.4,2336.4,30.442, 215.16, 333.64
   13920,   13980,109.07,1342.9,2523.5,9.5443, 140.86, 352.35
   13980,   14040,109.34,899.98,1541,9.5606, 101, 254.1
   14040,   14100,279.78,1112.2,1928.2,19.787, 120.1, 292.82
   14100,   14160,212.91,1334.5,2632,15.775, 140.11, 363.2
   14160,   14220,56.093,1163.5,1918.7,6.3656, 124.71, 291.87
   14220,   14280,114.13,1240.6,2021.6,9.8478, 131.65, 302.16
   14280,   14340,803.22,2343.7,4057.7,51.193, 230.93, 505.77
   14340,   14400,288.11,2144.8,3766.2,20.287, 213.03, 476.62
   14400,   14460,56.793,1528.6,2800.4,6.4076, 157.57, 380.04
   14460,   14520,103.35,1288.8,1917.9,9.201, 136, 291.79
   14520,   14580,78.137,1484.2,2221.9,7.6882, 153.58, 322.19
   14580,   14640,98.005,1585.8,2427.9,8.8803, 162.72, 342.79
   14640,   14700,108.26,1499.3,2347.4,9.4959, 154.94, 334.74
   14700,   14760,119.18,1549.1,2520.9,10.151, 159.42, 352.09
   14760,   14820,78.143,1199.1,2074.4,7.6886, 127.92, 307.44
   14820,   14880,49.659,1207.2,1967.4,5.9795, 128.65, 296.74
   14880,   14940,29.2,1460.3,2115.7,4.752, 151.43, 311.57
   14940,   15000,33.385,1471.4,2297.9,5.0031, 152.42, 329.79
   15000,   15060,34.949,1473.6,2194.5,5.097, 152.62, 319.45
   15060,   15120,69.177,1335.8,2028.9,7.1506, 140.22, 302.89
   15120,   15180,86.831,1440.9,2266.2,8.2099, 149.68, 326.62
   15180,   15240,94.604,1319.1,2042.6,8.6762, 138.72, 304.26
   15240,   15300,141.88,1499.9,2351,11.513, 154.99, 335.1
   15300,   15360,121.97,1432.7,2287.3,10.318, 148.95, 328.73
   15360,   15420,99.07,1251,2048.2,8.9442, 132.59, 304.82
   15420,   15480,367.78,1959.3,2866.2,25.067, 196.34, 386.62
   15480,   15540,55.564,1397.8,2205.5,6.3339, 145.8, 320.55
   15540,   15600,59.967,1550.8,2267,6.598, 159.57, 326.7
   15600,   15660,262.39,1717.2,2634.4,18.743, 174.55, 363.44
   15660,   15720,225.17,1705.5,2738.9,16.51, 173.5, 373.89
