CampaignData_and_Merges/R0/CSL_MobileLab_Parked/raw/20240804/USOS-NOAAIodideCIMS-Halogens_MobileLabGround_20240804_RA.ict
38, 1001
Michael A Robinson, Chris Jernigan, Subi Thakali
NOAA ESRL Chemical Sciences Laboratory and CIRES, U. of Colorado
NOAA Iodide CIMS Instrument
USOS
1, 1
2024, 08, 04, 2024, 08, 05
1
starttime_UTC, seconds_past_midnight, seconds_of_day_since_00:00:00_UTC
6
1, 1, 1, 1, 1, 1
-9999, -9999, -9999, -9999, -9999, -9999
Br2_NOAACIMS, pptv, Gas_Br2_InSitu_S_AVMR, 
BrO_NOAACIMS, pptv, Gas_BrO_InSitu_S_AVMR, 
Cl2_NOAACIMS, pptv, Gas_Cl2_InSitu_S_AVMR, 
ClNO2_NOAACIMS, pptv, Gas_ClNO2_InSitu_S_AVMR, 
BrCl_NOAACIMS, pptv, Gas_BrCl_InSitu_S_AVMR, 
NCl3_NOAACIMS, pptv, Gas_NCl3_InSitu_S_AVMR, 
0
18
PI_CONTACT_INFO: 325 Broadway, R/CSD 7, Boulder, Colorado 80305; michael.a.robinson@noaa.gov; chris.jernigan@noaa.gov;
PLATFORM: NOAA CSL Mobile Lab
LOCATION: SLC, Utah
ASSOCIATED_DATA: 1Hz data also available on request.
INSTRUMENT_INFO: NOAA I- ToF CIMS
DATA_INFO: All data in parts per trillion by volume (pptv). 1 Hz data is available upon request.
UNCERTAINTY: TBD
ULOD_FLAG: -7777
ULOD_VALUE: N/A
LLOD_FLAG: -8888
LLOD_VALUE: N/A
DM_CONTACT_INFO: Nathan Howard; nathan.h.howard@noaa.gov
PROJECT_INFO: USOS, summer 2024. https://csl.noaa.gov/groups/csl7/measurements/2024usos/
STIPULATIONS_ON_USE: Users are strongly encouraged to contact the PI for proper data usage.
OTHER_COMMENTS: 
REVISION: RA
RA: Preliminary Data; For in-field use only
starttime_UTC, Br2_NOAACIMS, BrO_NOAACIMS, Cl2_NOAACIMS, ClNO2_NOAACIMS, BrCl_NOAACIMS, NCl3_NOAACIMS
[from data line 570]
 34200,  0.383,  0.121,  0.530,  0.140,  0.237,  4.389
 34260,  0.375,  0.098,  0.506,  0.109,  0.154,  4.438
 34320,  0.519,  0.032,  0.544,  0.119,  0.170,  4.411
 34380,  0.473,  0.175,  0.454,  0.119,  0.185,  4.558
 34440,  0.443,  0.104,  0.481,  0.077,  0.190,  4.531
 34500,  0.456,  0.099,  0.570,  0.098,  0.160,  4.668
 34560,  0.405,  0.037,  0.484,  0.109,  0.206,  4.309
 34620,  0.295, -0.108,  0.536,  0.065,  0.212,  3.894
 34680,  0.575, -0.054,  0.343,  0.065,  0.230,  6.102
 34740,  0.347,  0.137,  0.610,  0.093,  0.111,  6.535
 34800,  0.338,  0.079,  0.397,  0.151,  0.199,  6.355
 34860,  0.560,  0.082,  0.495,  0.125,  0.189,  4.612
 34920,  0.403,  0.045,  0.474,  0.113,  0.167,  4.748
 34980,  0.479,  0.018,  0.466,  0.106,  0.172,  6.013
 35040,  0.340,  0.149,  0.481,  0.118,  0.167,  6.010
 35100,  0.542,  0.102,  0.478,  0.122,  0.191,  7.349
 35160,  0.453,  0.037,  0.602,  0.150,  0.153,  6.638
 35220,  0.442,  0.092,  0.596,  0.079,  0.112,  7.156
 35280,  0.542, -0.003,  0.547,  0.121,  0.203,  6.850
 35340,  0.363, -0.022,  0.483,  0.083,  0.111,  5.820
 35400,  0.428,  0.068,  0.468,  0.121,  0.196,  3.762
 35460,  0.384,  0.036,  0.393,  0.087,  0.121,  4.806
 35520,  0.484,  0.018,  0.472,  0.088,  0.160,  4.493
 35580,  0.440,  0.014,  0.425,  0.117,  0.177,  3.649
 35640,  0.545,  0.004,  0.533,  0.071,  0.186,  3.724
 35700,  0.454,  0.013,  0.423,  0.091,  0.155,  3.412
 35760,  0.449,  0.025,  0.503,  0.071,  0.145,  4.191
 35820,  0.537,  0.062,  0.541,  0.105,  0.190,  4.310
 35880,  0.715, -0.041,  0.449,  0.106,  0.173,  4.244
 35940,  0.438,  0.088,  0.448,  0.111,  0.148,  3.584
 36000,  0.625, -0.025,  0.427,  0.097,  0.223,  3.519
 36060,  0.623,  0.012,  0.394,  0.114,  0.199,  3.314
 36120,  0.619, -0.004,  0.433,  0.098,  0.180,  3.118
 36180,  0.552,  0.015,  0.469,  0.098,  0.140,  2.942
 36240,  0.638,  0.023,  0.415,  0.121,  0.117,  3.297
 36300,  0.671,  0.077,  0.473,  0.098,  0.158,  3.506
 36360,  0.522, -0.029,  0.414,  0.123,  0.163,  3.597
 36420,  0.691,  0.015,  0.435,  0.109,  0.144,  3.439
 36480,  0.684,  0.451,  0.376,  0.193,  0.200,  3.415
 36540,  0.611,  0.016,  0.574,  0.156,  0.220,  4.620
 36600,  0.749, -0.032,  0.524,  0.094,  0.100,  3.985
 36660,  0.399, -0.048,  0.559,  0.119,  0.108,  3.432
 36720,  0.761,  0.063,  0.547,  0.125,  0.134,  4.546
 36780,  0.686, -0.025,  0.620,  0.168,  0.208,  4.930
 36840,  0.445,  0.033,  0.696,  0.141,  0.127,  5.589
 36900,  0.550,  0.025,  0.619,  0.144,  0.110,  5.733
 36960,  0.605,  0.059,  0.710,  0.166,  0.119,  5.593
 37020,  0.501,  0.046,  0.414,  0.133,  0.139,  4.376
 37080,  0.678,  0.018,  0.528,  0.155,  0.136,  4.179
 37140,  0.640,  0.077,  0.488,  0.129,  0.165,  4.377
 37200,  0.678,  0.099,  0.502,  0.129,  0.166,  4.017
 37260,  0.759,  0.090,  0.581,  0.132,  0.102,  4.349
 37320,  0.678,  0.104,  0.613,  0.139,  0.133,  4.947
 37380,  0.646,  0.070,  0.582,  0.115,  0.130,  4.387
 37440,  0.639,  0.121,  0.637,  0.152,  0.145,  4.678
 37500,  0.620,  0.101,  0.599,  0.144,  0.171,  4.577
 37560,  0.591,  0.088,  0.652,  0.147,  0.217,  5.158
 37620,  0.550,  0.099,  0.590,  0.151,  0.114,  4.534
 37680,  0.561,  0.058,  0.663,  0.143,  0.110,  4.933
 37740,  0.560,  0.143,  0.610,  0.155,  0.119,  5.241
 37800,  0.499,  0.203,  0.692,  0.171,  0.154,  5.210
 37860,  0.556,  0.210,  0.611,  0.183,  0.099,  4.484
 37920,  0.473,  0.131,  0.749,  0.160,  0.093,  5.595
 37980,  0.468,  0.142,  0.669,  0.240,  0.110,  5.785
 38040,  0.603,  0.192,  0.756,  0.246,  0.118,  6.793
 38100,  0.413,  0.146,  0.699,  0.260,  0.144,  7.466
 38160,  0.463,  0.161,  0.681,  0.164,  0.157,  5.529
 38220,  0.461,  0.192,  0.682,  0.256,  0.111,  6.033
 38280,  0.356,  0.240,  0.785,  0.244,  0.122,  6.840
 38340, -9999.000, -9999.000, -9999.000, -9999.000, -9999.000, -9999.000
 38400,  0.364,  0.147,  0.790,  0.286,  0.166,  6.722
 38460,  0.482,  0.183,  0.838,  0.231,  0.162,  6.676
 38520,  0.435,  0.193,  0.777,  0.198,  0.124,  5.630
 38580,  0.495,  0.257,  0.731,  0.255,  0.059,  5.634
 38640,  0.365,  0.111,  0.808,  0.208,  0.094,  5.352
 38700,  0.376,  0.166,  0.671,  0.251,  0.075,  5.638
 38760,  0.482,  0.102,  0.667,  0.276,  0.096,  5.502
 38820,  0.445,  0.126,  0.632,  0.248,  0.127,  5.633
 38880,  0.491,  0.103,  0.721,  0.267,  0.093,  5.740
 38940,  0.497,  0.076,  0.759,  0.292,  0.077,  5.792
 39000,  0.496,  0.191,  0.995,  0.453,  0.253, 11.607
 39060,  0.592,  0.111,  0.930,  0.501,  0.229, 14.075
 39120,  0.456,  0.098,  0.990,  0.539,  0.210, 12.783
 39180,  0.548, -0.000,  0.957,  0.436,  0.159,  9.902
 39240,  0.387,  0.054,  0.851,  0.519,  0.143,  8.511
 39300,  0.391,  0.148,  0.821,  0.758,  0.120,  9.120
 39360,  0.462,  0.069,  0.910,  1.013,  0.164, 10.306
 39420,  0.546,  0.116,  0.853,  1.176,  0.125, 11.353
 39480,  0.483,  0.073,  0.768,  0.891,  0.144, 10.228
 39540,  0.379,  0.089,  0.845,  1.036,  0.117, 10.464
 39600,  0.275,  0.099,  0.880,  1.316,  0.111, 10.530
 39660,  0.592,  0.167,  0.884,  1.190,  0.083, 11.372
 39720,  0.380,  0.116,  0.826,  1.269,  0.132, 12.296
 39780,  0.571,  0.033,  0.672,  1.321,  0.102, 11.027
 39840,  0.439,  0.132,  0.701,  1.363,  0.144, 11.756
 39900,  0.388,  0.019,  0.818,  1.346,  0.236, 11.788
 39960,  0.663,  0.019,  0.708,  1.309,  0.400, 12.710
 40020,  0.510,  0.011,  0.628,  1.302,  0.267, 12.108
 40080,  0.581,  0.034,  0.773,  1.303,  0.144, 12.087
 40140,  0.583,  0.033,  0.782,  1.119,  0.139, 10.935
 40200, -9999.000, -9999.000, -9999.000, -9999.000, -9999.000, -9999.000
 40260,  0.544, -0.001,  0.876,  0.931,  0.182, 11.109
 40320,  0.506,  0.011,  0.738,  0.893,  0.189, 10.198
 40380,  0.550,  0.091,  0.819,  0.795,  0.140, 10.791
 40440,  0.557,  0.056,  0.786,  1.014,  0.172, 11.178
 40500,  0.587,  0.033,  0.910,  0.983,  0.266, 13.452
 40560,  0.482,  0.107,  0.823,  0.648,  0.187, 10.199
 40620,  0.528, -0.031,  0.749,  0.621,  0.203,  9.553
 40680,  0.528, -0.005,  0.803,  0.488,  0.156,  8.892
 40740,  0.535,  0.123,  0.725,  0.554,  0.135,  9.127
 40800,  0.552,  0.127,  0.723,  0.553,  0.159,  9.658
 40860,  0.557,  0.062,  0.923,  0.826,  0.326, 13.289
 40920,  0.558,  0.214,  0.866,  0.580,  0.211, 11.576
 40980,  0.536,  0.052,  0.784,  0.508,  0.153, 11.030
 41040,  0.503,  0.079,  0.854,  0.483,  0.156, 10.156
 41100,  0.468,  0.075,  0.906,  0.454,  0.156, 11.535
 41160,  0.700,  0.065,  0.838,  0.398,  0.147, 10.927
 41220,  0.651,  0.052,  0.894,  0.412,  0.178, 11.384
 41280,  0.565,  0.042,  0.938,  0.575,  0.355, 12.860
 41340,  0.487,  0.106,  0.967,  0.610,  0.296, 12.312
 41400,  0.590,  0.023,  0.874,  0.550,  0.242, 12.097
 41460,  0.579,  0.092,  0.776,  0.463,  0.216, 11.059
 41520,  0.616,  0.074,  0.887,  0.459,  0.193, 11.347
 41580,  0.528,  0.033,  0.826,  0.515,  0.181, 12.393
 41640,  0.514,  0.025,  0.947,  0.693,  0.175, 13.951
 41700,  0.618,  0.088,  0.956,  0.744,  0.219, 13.667
 41760,  0.523, -0.008,  0.977,  0.768,  0.207, 13.905
 41820,  0.525,  0.117,  0.915,  0.617,  0.190, 13.717
 41880,  0.567,  0.091,  0.887,  0.674,  0.224, 13.804
 41940,  0.651,  0.084,  0.931,  0.793,  0.243, 13.525
 42000,  0.422, -0.098,  0.941,  0.762,  0.175, 15.113
 42060, -9999.000, -9999.000, -9999.000, -9999.000, -9999.000, -9999.000
 42120,  0.660,  0.133,  0.908,  0.635,  0.259, 12.925
 42180,  0.682,  0.051,  0.943,  0.767,  0.284, 12.756
 42240,  0.594,  0.071,  1.012,  0.690,  0.200, 12.742
 42300,  0.462,  0.062,  0.910,  0.667,  0.222, 13.256
 42360,  0.549,  0.104,  0.871,  0.847,  0.249, 13.233
 42420,  0.650,  0.142,  0.968,  0.826,  0.246, 14.435
 42480,  0.477,  0.076,  0.963,  0.853,  0.218, 14.740
 42540,  0.571,  0.078,  0.911,  0.760,  0.161, 12.728
 42600,  0.567,  0.105,  0.873,  0.669,  0.252, 11.709
 42660,  0.521,  0.081,  0.921,  0.608,  0.221, 11.739
 42720,  0.429,  0.041,  0.819,  0.593,  0.145, 10.944
 42780,  0.361,  0.107,  0.823,  0.495,  0.189, 11.253
 42840,  0.437,  0.132,  0.795,  0.591,  0.178, 11.099
 42900,  0.385,  0.176,  0.798,  0.714,  0.202, 12.299
 42960,  0.512,  0.154,  0.834,  0.715,  0.135, 12.077
 43020,  0.488,  0.146,  0.911,  0.654,  0.160, 10.812
 43080,  0.423,  0.170,  0.860,  0.548,  0.153, 11.076
 43140,  0.513,  0.089,  0.822,  0.512,  0.166, 10.027
 43200,  0.486,  0.047,  0.611,  0.362,  0.131,  8.792
 43260,  0.304,  0.078,  0.657,  0.356,  0.148,  8.882
 43320,  0.393,  0.154,  0.650,  0.269,  0.120,  7.647
 43380,  0.477,  0.102,  0.665,  0.244,  0.155,  6.848
 43440,  0.460,  0.084,  0.578,  0.244,  0.139,  7.524
 43500,  0.489,  0.091,  0.613,  0.234,  0.177,  7.409
 43560,  0.426,  0.086,  0.825,  0.664,  0.169, 12.156
 43620,  0.540,  0.080,  0.792,  0.727,  0.158, 12.180
 43680,  0.455,  0.185,  0.817,  0.713,  0.225, 12.164
 43740,  0.371,  0.123,  0.824,  0.987,  0.228, 13.879
 43800,  0.418,  0.231,  0.701,  0.704,  0.153, 12.036
 43860,  0.460,  0.132,  0.719,  0.690,  0.131, 10.339
 43920,  0.465,  0.128,  0.966,  0.802,  0.202, 12.433
 43980,  0.392,  0.128,  0.812,  0.769,  0.155, 12.840
 44040,  0.271,  0.111,  0.891,  0.951,  0.130, 13.025
 44100,  0.414,  0.217,  0.920,  1.076,  0.094, 14.662
 44160,  0.299,  0.161,  1.058,  0.983,  0.123, 16.686
 44220,  0.321,  0.233,  0.925,  0.834,  0.158, 14.478
 44280,  0.344,  0.082,  0.952,  0.732,  0.128, 13.711
 44340,  0.252,  0.137,  0.844,  0.791,  0.122, 13.550
 44400,  0.408,  0.136,  0.894,  0.810,  0.063, 13.540
 44460,  0.298,  0.063,  1.013,  0.746,  0.161, 14.346
 44520,  0.372,  0.081,  0.937,  0.734,  0.143, 13.635
 44580,  0.399,  0.119,  0.865,  0.737,  0.170, 13.239
 44640,  0.491,  0.111,  0.950,  0.704,  0.175, 14.171
 44700,  0.418,  0.100,  0.860,  0.633,  0.167, 14.224
 44760,  0.486,  0.162,  0.848,  0.689,  0.128, 13.731
 44820,  0.323,  0.146,  0.717,  0.594,  0.174, 13.439
 44880,  0.508,  0.076,  0.831,  0.733,  0.169, 12.546
 44940,  0.517,  0.199,  0.855,  0.606,  0.162, 12.822
 45000,  0.424,  0.198,  0.922,  0.573,  0.136, 12.787
 45060,  0.369,  0.154,  0.834,  0.629,  0.199, 12.760
 45120,  0.412,  0.143,  0.891,  0.649,  0.175, 13.168
 45180,  0.406,  0.138,  0.893,  0.825,  0.299, 17.436
 45240,  0.633,  0.140,  0.775,  0.759,  0.181, 13.207
 45300,  0.507,  0.085,  0.736,  0.669,  0.160, 11.597
 45360,  0.433,  0.109,  0.806,  0.690,  0.134, 11.495
 45420,  0.500,  0.118,  0.776,  0.677,  0.180, 11.188
 45480,  0.347,  0.225,  0.874,  0.756,  0.188, 11.279
 45540,  0.582,  0.142,  0.832,  0.704,  0.164, 11.352
 45600,  0.505,  0.131,  0.657,  0.655,  0.174, 10.452
 45660,  0.551,  0.049,  0.747,  0.753,  0.198, 10.577
 45720, -9999.000, -9999.000, -9999.000, -9999.000, -9999.000, -9999.000
 45780,  0.397,  0.014,  0.837,  0.517,  0.174, 11.106
 45840,  0.536,  0.133,  0.655,  0.593,  0.165, 10.421
 45900,  0.483,  0.089,  0.667,  0.580,  0.172, 10.199
 45960,  0.526,  0.121,  0.639,  0.535,  0.160, 10.323
 46020,  0.360,  0.080,  0.787,  0.631,  0.122, 10.528
 46080,  0.419,  0.106,  0.667,  0.646,  0.103, 10.020
 46140,  0.397,  0.097,  0.700,  0.671,  0.142, 10.115
 46200,  0.512,  0.247,  0.732,  0.572,  0.181, 10.097
 46260,  0.417,  0.200,  0.712,  0.605,  0.111,  9.913
 46320,  0.400,  0.088,  0.726,  0.638,  0.081,  9.855
 46380,  0.566,  0.131,  0.829,  0.550,  0.119,  9.708
 46440,  0.520,  0.130,  0.727,  0.603,  0.119,  9.830
 46500,  0.296,  0.112,  0.724,  0.632,  0.178,  9.233
 46560,  0.499,  0.119,  0.631,  0.555,  0.136,  9.056
 46620,  0.399,  0.138,  0.595,  0.530,  0.146,  8.935
 46680,  0.477,  0.076,  0.768,  0.625,  0.102,  8.985
 46740,  0.427,  0.133,  0.628,  0.637,  0.096,  8.576
 46800,  0.274,  0.073,  0.665,  0.552,  0.104,  8.277
 46860,  0.369,  0.055,  0.893,  0.757,  0.163, 14.111
 46920,  0.296,  0.091,  1.052,  0.881,  0.159, 13.212
 46980,  0.465,  0.125,  0.918,  0.520,  0.115,  9.259
 47040,  0.313,  0.171,  0.821,  0.627,  0.130,  9.034
 47100,  0.514,  0.099,  0.786,  0.446,  0.128,  7.729
 47160,  0.442,  0.108,  0.845,  0.494,  0.126,  7.766
 47220,  0.272,  0.125,  0.748,  0.489,  0.071,  7.112
 47280,  0.422,  0.105,  0.753,  0.371,  0.139,  6.842
 47340,  0.407,  0.088,  0.689,  0.420,  0.085,  6.887
 47400,  0.546,  0.049,  0.607,  0.436,  0.115,  6.825
 47460,  0.348,  0.148,  0.679,  0.395,  0.081,  6.950
 47520,  0.279,  0.085,  0.699,  0.338,  0.088,  7.026
 47580, -9999.000, -9999.000, -9999.000, -9999.000, -9999.000, -9999.000
 47640,  0.216,  0.191,  0.650,  0.370,  0.089,  5.348
 47700,  0.532,  0.134,  0.730,  0.376,  0.061,  5.727
 47760,  0.408,  0.095,  0.748,  0.316,  0.094,  5.002
 47820,  0.340,  0.098,  0.648,  0.350,  0.127,  5.073
 47880,  0.421,  0.169,  0.699,  0.379,  0.132,  5.226
 47940,  0.513,  0.092,  0.755,  0.324,  0.147,  5.018
 48000,  0.432,  0.150,  0.809,  0.331,  0.148,  4.489
 48060,  0.351,  0.139,  0.779,  0.385,  0.119,  4.509
 48120,  0.354,  0.153,  0.701,  0.331,  0.135,  4.364
 48180,  0.467,  0.112,  0.873,  0.302,  0.077,  4.375
 48240,  0.435,  0.145,  0.835,  0.330,  0.121,  4.179
 48300,  0.378,  0.085,  0.772,  0.261,  0.107,  3.807
 48360,  0.474,  0.171,  0.611,  0.265,  0.152,  3.181
 48420,  0.525,  0.056,  0.663,  0.197,  0.169,  3.161
 48480,  0.596,  0.106,  0.745,  0.204,  0.129,  3.007
 48540,  0.420,  0.033,  0.696,  0.276,  0.100,  2.701
 48600,  0.326,  0.025,  0.723,  0.227,  0.108,  2.370
 48660,  0.307,  0.041,  0.707,  0.242,  0.148,  2.563
 48720,  0.389,  0.129,  0.579,  0.266,  0.150,  2.361
 48780,  0.324,  0.044,  0.843,  0.252,  0.118,  2.270
 48840,  0.429,  0.112,  0.800,  0.264,  0.156,  2.318
 48900,  0.504,  0.096,  0.762,  0.335,  0.145,  2.329
 48960,  0.454,  0.104,  0.879,  0.271,  0.146,  2.124
 49020,  0.311,  0.115,  0.794,  0.342,  0.164,  2.356
 49080,  0.337,  0.135,  0.800,  0.393,  0.194,  2.708
 49140,  0.364,  0.063,  0.771,  0.408,  0.133,  2.703
 49200,  0.470,  0.164,  0.771,  0.356,  0.199,  2.396
 49260,  0.342,  0.128,  0.889,  0.382,  0.202,  2.185
 49320,  0.410,  0.061,  0.835,  0.345,  0.169,  2.042
 49380,  0.362,  0.043,  0.831,  0.345,  0.142,  1.703
 49440, -9999.000, -9999.000, -9999.000, -9999.000, -9999.000, -9999.000
 49500,  0.549,  0.091,  0.672,  0.282,  0.136,  1.554
 49560,  0.413,  0.058,  0.642,  0.288,  0.156,  1.390
 49620,  0.392,  0.118,  0.588,  0.294,  0.188,  1.371
 49680,  0.383,  0.169,  0.688,  0.267,  0.164,  1.134
 49740,  0.520,  0.101,  0.676,  0.316,  0.182,  1.160
 49800,  0.434,  0.026,  0.576,  0.253,  0.138,  0.848
 49860,  0.502,  0.104,  0.472,  0.196,  0.166,  0.642
 49920,  0.496,  0.065,  0.504,  0.221,  0.197,  0.831
 49980,  0.644,  0.101,  0.467,  0.213,  0.205,  0.669
 50040,  0.513,  0.031,  0.407,  0.243,  0.192,  0.658
 50100,  0.463, -0.079,  0.499,  0.228,  0.134,  0.556
 50160,  0.485, -0.026,  0.504,  0.199,  0.117,  0.537
 50220,  0.512, -0.008,  0.526,  0.302,  0.161,  0.659
 50280,  0.496,  0.005,  0.517,  0.218,  0.109,  0.478
 50340,  0.536, -0.042,  0.605,  0.217,  0.136,  0.788
 50400,  0.511, -0.008,  0.717,  0.322,  0.110,  1.471
 50460,  0.496, -0.003,  0.704,  0.416,  0.137,  1.205
 50520,  0.466,  0.047,  0.635,  0.420,  0.135,  1.007
 50580,  0.333,  0.049,  0.621,  0.435,  0.129,  0.893
 50640,  0.473,  0.037,  0.506,  0.403,  0.155,  0.602
 50700,  0.588, -0.023,  0.447,  0.428,  0.089,  0.817
 50760,  0.460, -0.030,  0.472,  0.274,  0.109,  0.649
 50820,  0.536, -0.053,  0.483,  0.294,  0.099,  0.528
 50880,  0.543, -0.031,  0.403,  0.271,  0.122,  0.419
 50940,  0.488,  0.029,  0.412,  0.316,  0.087,  0.372
 51000,  0.601, -0.007,  0.389,  0.219,  0.078,  0.272
 51060,  0.514, -0.044,  0.397,  0.286,  0.111,  0.328
 51120,  0.531, -0.120,  0.379,  0.354,  0.138,  0.497
 51180,  0.487, -0.068,  0.573,  0.376,  0.084,  0.538
 51240,  0.436, -0.138,  0.757,  0.447,  0.070,  0.736
 51300,  0.797,  0.016,  0.554,  0.470,  0.109,  0.695
 51360,  0.458, -0.025,  0.634,  0.493,  0.115,  0.732
 51420,  0.480,  0.017,  0.524,  0.444,  0.119,  0.725
