CampaignData_and_Merges/R0/CSL_MobileLab_Parked/raw/20240804/USOS-O3_MobileLabGround_20240804_R0.ict
34, 1001
Carrie Womack
NOAA Chemical Sciences Laboratory
2B Tech O3 UV Analyzer
USOS
1, 1
2024, 08, 04, 2024, 12, 21
60
Time_Start, seconds_past_midnight, Seconds from midnight UTC
1
1
-9999
O3_ppb, ppb, Ozone from 2B Tech UV Analyzer
1
SPECIAL COMMENTS:
18
PI_CONTACT_INFO: Address: 325 Broadway R/CSL7, Boulder, CO, 80305
PLATFORM: CSL Mobile Lab
LOCATION: Salt Lake City, UT
ASSOCIATED_DATA: N/A
INSTRUMENT_INFO: N/A
DATA_INFO: Units:
UNCERTAINTY: N/A
ULOD_FLAG: -7777
ULOD_VALUE: N/A
LLOD_FLAG: -8888
LLOD_VALUE: N/A
DM_CONTACT_INFO: Data Manager: Nate Howard
PROJECT_INFO: 
STIPULATIONS_ON_USE: Use of these data require prior ok from PI.
OTHER_COMMENTS: N/A
REVISION: R0
R0: Final data. RA: Preliminary Data.  For in-field use only.
Time_Start, O3_ppb
0.0,66.5
60.0,65.1
120.0,65.1
180.0,64.2
240.0,64.1
300.0,66.8
360.0,67.0
420.0,65.7
480.0,66.2
540.0,65.9
600.0,65.7
660.0,65.9
720.0,65.6
780.0,65.4
840.0,66.2
900.0,65.2
960.0,66.3
1020.0,64.9
1080.0,65.7
1140.0,66.0
1200.0,65.9
1260.0,66.5
1320.0,67.1
1380.0,66.4
1440.0,65.6
1500.0,66.8
1560.0,64.6
1620.0,67.0
1680.0,65.4
1740.0,65.5
1800.0,65.1
1860.0,64.4
1920.0,64.5
1980.0,64.8
2040.0,64.5
2100.0,65.3
2160.0,63.6
2220.0,64.5
2280.0,62.4
2340.0,61.5
2400.0,60.8
2460.0,59.9
2520.0,60.7
2580.0,57.5
2640.0,58.2
2700.0,58.1
2760.0,57.2
2820.0,54.8
2880.0,55.4
2940.0,56.6
3000.0,54.6
3060.0,54.7
3120.0,53.7
3180.0,52.9
3240.0,53.6
3300.0,54.3
3360.0,53.0
3420.0,53.4
3480.0,51.5
3540.0,54.3
3600.0,54.7
3660.0,52.7
3720.0,52.1
3780.0,52.2
3840.0,50.0
3900.0,51.8
3960.0,52.1
4020.0,52.3
4080.0,50.5
4140.0,51.8
4200.0,49.4
4260.0,49.9
4320.0,50.9
4380.0,51.8
4440.0,51.3
4500.0,52.0
4560.0,51.6
4620.0,52.4
4680.0,49.6
4740.0,50.6
4800.0,51.2
4860.0,52.1
4920.0,49.5
4980.0,51.1
5040.0,53.4
5100.0,51.5
5160.0,52.6
5220.0,52.1
5280.0,52.8
5340.0,52.6
5400.0,52.2
5460.0,54.2
5520.0,54.4
5580.0,54.6
5640.0,52.8
5700.0,51.9
5760.0,52.0
5820.0,52.8
5880.0,53.5
5940.0,52.3
6000.0,50.9
6060.0,51.0
6120.0,50.5
6180.0,49.5
6240.0,49.9
6300.0,50.9
6360.0,50.7
6420.0,49.9
6480.0,51.7
6540.0,50.3
6600.0,49.9
6660.0,49.4
6720.0,47.6
6780.0,49.2
6840.0,49.6
6900.0,47.9
6960.0,48.6
7020.0,44.2
7080.0,49.2
7140.0,50.4
7200.0,51.2
7260.0,47.4
7320.0,49.9
7380.0,51.4
7440.0,48.2
7500.0,49.0
7560.0,49.9
7620.0,49.2
7680.0,49.1
7740.0,54.7
7800.0,53.1
7860.0,52.6
7920.0,50.3
7980.0,52.6
8040.0,52.0
8100.0,52.3
8160.0,53.6
8220.0,52.5
8280.0,53.2
8340.0,52.5
8400.0,51.9
8460.0,52.9
8520.0,52.7
8580.0,53.3
8640.0,53.0
8700.0,53.5
8760.0,54.3
8820.0,50.7
8880.0,51.0
8940.0,52.3
9000.0,52.6
9060.0,53.6
9120.0,52.2
9180.0,52.7
9240.0,50.6
9300.0,50.3
9360.0,50.4
9420.0,50.9
9480.0,52.0
9540.0,51.7
9600.0,49.8
9660.0,50.2
9720.0,50.8
9780.0,50.2
9840.0,49.7
9900.0,49.5
9960.0,50.4
10020.0,52.3
10080.0,51.9
10140.0,52.7
10200.0,51.7
10260.0,51.2
10320.0,53.8
10380.0,51.8
10440.0,52.5
10500.0,51.6
10560.0,51.2
10620.0,51.6
10680.0,52.2
10740.0,52.5
10800.0,51.8
10860.0,51.4
10920.0,51.7
10980.0,51.2
11040.0,52.8
11100.0,52.3
11160.0,52.5
11220.0,51.0
11280.0,52.6
11340.0,53.0
11400.0,54.3
11460.0,53.1
11520.0,52.4
11580.0,53.9
11640.0,53.5
11700.0,53.7
11760.0,53.9
11820.0,53.6
11880.0,52.1
11940.0,51.5
12000.0,52.4
12060.0,52.1
12120.0,52.6
12180.0,53.0
12240.0,51.9
12300.0,51.7
12360.0,52.2
12420.0,51.5
12480.0,51.3
12540.0,52.2
12600.0,52.8
12660.0,53.1
12720.0,52.1
12780.0,52.5
12840.0,52.0
12900.0,50.7
12960.0,52.0
13020.0,50.9
13080.0,51.9
13140.0,51.0
13200.0,51.4
13260.0,50.3
13320.0,52.2
13380.0,51.4
13440.0,52.3
13500.0,52.3
13560.0,51.4
13620.0,51.3
13680.0,51.6
13740.0,51.1
13800.0,50.8
13860.0,49.4
13920.0,50.9
13980.0,50.2
14040.0,50.3
14100.0,50.1
14160.0,48.8
14220.0,49.4
14280.0,47.3
14340.0,47.8
14400.0,49.5
14460.0,48.9
14520.0,48.6
14580.0,48.7
14640.0,48.2
14700.0,48.6
14760.0,48.8
14820.0,48.8
14880.0,48.3
14940.0,49.5
15000.0,49.6
15060.0,49.3
15120.0,50.0
15180.0,49.5
15240.0,49.8
15300.0,49.5
15360.0,49.5
15420.0,48.7
15480.0,48.8
15540.0,48.3
15600.0,48.5
15660.0,49.6
15720.0,48.7
15780.0,49.0
15840.0,49.6
15900.0,48.9
15960.0,48.2
16020.0,47.9
16080.0,47.8
16140.0,47.4
16200.0,48.6
16260.0,48.0
16320.0,47.8
16380.0,48.3
16440.0,47.6
16500.0,47.7
16560.0,47.9
16620.0,48.0
16680.0,48.1
16740.0,47.8
16800.0,49.0
16860.0,46.5
16920.0,46.8
16980.0,48.5
17040.0,47.6
17100.0,47.9
17160.0,47.2
17220.0,47.6
17280.0,47.7
17340.0,47.7
17400.0,46.6
17460.0,46.7
17520.0,47.7
17580.0,46.9
17640.0,47.8
17700.0,47.7
17760.0,48.4
17820.0,47.8
17880.0,47.6
17940.0,48.4
18000.0,46.6
18060.0,47.7
18120.0,46.9
18180.0,47.8
18240.0,47.8
18300.0,46.6
18360.0,46.6
18420.0,46.2
18480.0,45.5
18540.0,44.7
18600.0,45.1
18660.0,46.4
18720.0,45.5
18780.0,46.0
18840.0,45.8
18900.0,46.6
18960.0,47.6
19020.0,47.4
19080.0,47.3
19140.0,48.2
19200.0,48.2
19260.0,46.9
19320.0,47.6
19380.0,49.9
19440.0,48.8
19500.0,49.4
19560.0,49.5
19620.0,50.4
19680.0,49.9
19740.0,48.8
19800.0,48.1
19860.0,49.9
19920.0,48.3
19980.0,49.4
20040.0,50.0
20100.0,49.4
20160.0,47.6
20220.0,49.3
20280.0,49.7
20340.0,48.6
20400.0,48.3
20460.0,48.7
20520.0,49.9
20580.0,49.0
20640.0,49.1
20700.0,49.4
20760.0,49.1
20820.0,49.7
20880.0,49.2
20940.0,50.0
21000.0,49.4
21060.0,49.1
21120.0,49.0
21180.0,47.0
21240.0,47.3
21300.0,45.9
21360.0,45.3
21420.0,44.5
21480.0,43.2
21540.0,42.6
21600.0,42.7
21660.0,43.9
21720.0,43.6
21780.0,43.7
21840.0,42.7
21900.0,43.6
21960.0,43.5
22020.0,42.2
22080.0,42.9
22140.0,42.4
22200.0,43.0
22260.0,44.8
22320.0,44.8
22380.0,45.1
22440.0,45.5
22500.0,45.9
22560.0,45.2
22620.0,45.3
22680.0,44.9
22740.0,46.1
22800.0,42.6
22860.0,44.5
22920.0,44.9
22980.0,44.3
23040.0,43.8
23100.0,44.0
23160.0,44.0
23220.0,43.5
23280.0,41.9
23340.0,43.4
23400.0,41.6
23460.0,43.1
23520.0,42.7
23580.0,40.9
23640.0,42.4
23700.0,42.6
23760.0,42.2
23820.0,41.7
23880.0,41.3
23940.0,41.4
24000.0,43.3
24060.0,42.3
24120.0,42.7
24180.0,42.2
24240.0,43.6
24300.0,43.5
24360.0,43.1
24420.0,42.6
24480.0,43.2
24540.0,43.3
24600.0,43.3
24660.0,43.0
24720.0,44.0
24780.0,43.8
24840.0,44.4
24900.0,43.5
24960.0,43.3
25020.0,44.1
25080.0,42.7
25140.0,43.1
25200.0,42.7
25260.0,43.5
25320.0,43.7
25380.0,43.5
25440.0,43.2
25500.0,42.8
25560.0,42.4
25620.0,41.5
25680.0,42.8
25740.0,42.1
25800.0,41.7
25860.0,42.6
25920.0,42.6
25980.0,41.6
26040.0,40.7
26100.0,41.6
26160.0,41.5
26220.0,41.5
26280.0,41.5
26340.0,41.7
26400.0,41.2
26460.0,40.5
26520.0,41.2
26580.0,42.2
26640.0,41.0
26700.0,39.6
26760.0,41.3
26820.0,41.3
26880.0,41.1
26940.0,38.5
27000.0,38.9
27060.0,40.4
27120.0,39.9
27180.0,39.4
27240.0,37.6
27300.0,39.3
27360.0,39.3
27420.0,38.7
27480.0,38.4
27540.0,38.8
27600.0,36.5
27660.0,37.6
27720.0,36.4
27780.0,36.3
27840.0,37.4
27900.0,36.9
27960.0,36.8
28020.0,35.5
28080.0,36.7
28140.0,36.2
28200.0,36.3
28260.0,36.3
28320.0,36.5
28380.0,36.1
28440.0,35.5
28500.0,35.6
28560.0,35.1
28620.0,36.5
28680.0,35.5
28740.0,36.2
28800.0,34.6
28860.0,35.0
28920.0,35.6
28980.0,36.4
29040.0,36.1
29100.0,35.1
29160.0,37.8
29220.0,37.6
29280.0,37.5
29340.0,39.1
29400.0,40.5
29460.0,39.6
29520.0,40.5
29580.0,40.1
29640.0,42.0
29700.0,40.4
29760.0,40.9
29820.0,43.0
29880.0,44.3
29940.0,44.9
30000.0,43.3
30060.0,41.7
30120.0,42.2
30180.0,40.9
30240.0,41.1
30300.0,40.8
30360.0,41.8
30420.0,41.2
30480.0,42.1
30540.0,41.3
30600.0,41.1
30660.0,37.5
30720.0,37.3
30780.0,38.6
30840.0,41.0
30900.0,43.1
30960.0,43.3
31020.0,43.6
31080.0,44.2
31140.0,43.1
31200.0,45.0
31260.0,45.5
31320.0,45.1
31380.0,46.8
31440.0,45.0
31500.0,45.0
31560.0,43.7
31620.0,43.2
31680.0,43.1
31740.0,42.0
31800.0,41.8
31860.0,43.2
31920.0,42.3
31980.0,42.7
32040.0,42.4
32100.0,42.9
32160.0,42.9
32220.0,42.5
32280.0,43.7
32340.0,43.3
32400.0,41.8
32460.0,41.5
32520.0,42.4
32580.0,42.3
32640.0,41.8
32700.0,42.3
32760.0,41.4
32820.0,42.0
32880.0,41.6
32940.0,41.8
33000.0,40.7
33060.0,40.1
33120.0,40.6
33180.0,40.9
33240.0,40.8
33300.0,41.2
33360.0,41.1
33420.0,38.9
33480.0,38.3
33540.0,36.6
33600.0,38.1
33660.0,39.8
33720.0,40.5
33780.0,40.3
33840.0,40.3
33900.0,40.0
33960.0,39.2
34020.0,38.6
34080.0,39.9
34140.0,38.9
34200.0,39.1
34260.0,40.8
34320.0,39.6
34380.0,39.7
34440.0,40.8
34500.0,40.5
34560.0,40.8
34620.0,40.6
34680.0,39.1
34740.0,40.0
34800.0,37.5
34860.0,38.0
34920.0,38.6
34980.0,39.8
35040.0,40.1
35100.0,39.5
35160.0,40.0
35220.0,39.3
35280.0,41.2
35340.0,41.3
35400.0,42.2
35460.0,42.6
35520.0,42.5
35580.0,41.3
35640.0,41.6
35700.0,42.5
35760.0,42.6
35820.0,42.5
35880.0,42.3
35940.0,41.5
36000.0,41.8
36060.0,42.1
36120.0,41.8
36180.0,43.5
36240.0,42.2
36300.0,42.9
36360.0,41.7
36420.0,41.3
36480.0,41.6
36540.0,41.6
36600.0,40.4
36660.0,39.8
36720.0,39.7
36780.0,39.6
36840.0,39.3
36900.0,40.2
36960.0,39.0
37020.0,41.4
37080.0,41.9
37140.0,41.5
37200.0,41.7
37260.0,42.0
37320.0,40.7
37380.0,41.2
37440.0,41.1
37500.0,40.8
37560.0,39.5
37620.0,39.8
37680.0,39.7
37740.0,38.4
37800.0,38.7
37860.0,38.7
37920.0,37.9
37980.0,37.1
38040.0,37.0
38100.0,35.3
38160.0,35.2
38220.0,33.8
38280.0,35.3
38340.0,35.6
38400.0,33.5
38460.0,34.3
38520.0,35.8
38580.0,35.9
38640.0,34.9
38700.0,33.5
38760.0,32.5
38820.0,31.0
38880.0,31.8
38940.0,31.3
39000.0,32.8
39060.0,33.4
39120.0,31.1
39180.0,30.2
39240.0,32.0
39300.0,29.7
39360.0,27.7
39420.0,25.2
39480.0,26.2
39540.0,25.5
39600.0,25.1
39660.0,24.6
39720.0,24.7
39780.0,25.0
39840.0,25.3
39900.0,22.7
39960.0,22.4
40020.0,23.5
40080.0,23.1
40140.0,26.3
40200.0,27.0
40260.0,29.2
40320.0,30.1
40380.0,29.3
40440.0,27.5
40500.0,28.8
40560.0,30.4
40620.0,33.0
40680.0,34.0
40740.0,33.3
40800.0,33.5
40860.0,30.4
40920.0,32.4
40980.0,32.2
41040.0,33.3
41100.0,35.2
41160.0,34.9
41220.0,35.1
41280.0,32.7
41340.0,33.4
41400.0,32.8
41460.0,34.5
41520.0,33.8
41580.0,33.0
41640.0,32.0
41700.0,30.8
41760.0,30.4
41820.0,30.5
41880.0,30.6
41940.0,30.0
42000.0,28.9
42060.0,29.7
42120.0,29.3
42180.0,29.3
42240.0,30.3
42300.0,30.1
42360.0,30.7
42420.0,29.6
42480.0,29.7
42540.0,28.2
42600.0,28.1
42660.0,30.9
42720.0,29.1
42780.0,29.0
42840.0,28.0
42900.0,26.8
42960.0,26.9
43020.0,26.7
43080.0,28.5
43140.0,29.6
43200.0,33.7
43260.0,32.4
43320.0,33.9
43380.0,35.8
43440.0,38.1
43500.0,37.4
43560.0,32.2
43620.0,31.4
43680.0,32.6
43740.0,28.6
43800.0,29.7
43860.0,29.3
43920.0,29.3
43980.0,27.1
44040.0,21.9
44100.0,26.0
44160.0,26.8
44220.0,29.1
44280.0,29.3
44340.0,28.5
44400.0,28.9
44460.0,27.7
44520.0,29.0
44580.0,31.9
44640.0,31.8
44700.0,31.3
44760.0,30.6
44820.0,30.6
44880.0,29.4
44940.0,29.3
45000.0,28.2
45060.0,29.7
45120.0,31.3
45180.0,26.6
45240.0,27.9
45300.0,27.6
45360.0,28.1
45420.0,28.9
45480.0,27.7
45540.0,28.2
45600.0,27.2
45660.0,26.3
45720.0,26.4
45780.0,27.1
45840.0,28.3
45900.0,28.6
45960.0,29.8
46020.0,23.0
46080.0,25.1
46140.0,26.3
46200.0,25.9
46260.0,26.8
46320.0,27.7
46380.0,27.2
46440.0,24.7
46500.0,24.6
46560.0,25.9
46620.0,27.0
46680.0,27.3
46740.0,25.8
46800.0,26.2
46860.0,25.9
46920.0,23.2
46980.0,25.9
47040.0,26.0
47100.0,28.0
47160.0,28.4
47220.0,28.1
47280.0,26.1
47340.0,27.2
47400.0,25.7
47460.0,26.0
47520.0,28.4
47580.0,27.3
47640.0,25.5
47700.0,27.1
47760.0,29.1
47820.0,29.9
47880.0,30.2
47940.0,30.9
48000.0,30.6
48060.0,27.0
48120.0,28.0
48180.0,28.8
48240.0,29.9
48300.0,31.3
48360.0,33.5
48420.0,33.4
48480.0,35.1
48540.0,33.5
48600.0,34.6
48660.0,33.0
48720.0,33.0
48780.0,31.8
48840.0,32.0
48900.0,33.3
48960.0,32.6
49020.0,32.9
49080.0,32.7
49140.0,32.1
49200.0,33.3
49260.0,32.7
49320.0,30.6
49380.0,30.9
49440.0,32.7
49500.0,33.0
49560.0,31.5
49620.0,33.0
49680.0,30.9
49740.0,29.7
49800.0,32.9
49860.0,36.5
49920.0,35.4
49980.0,36.0
50040.0,36.3
50100.0,35.4
50160.0,35.1
50220.0,32.3
50280.0,30.5
50340.0,31.9
50400.0,31.1
50460.0,29.1
50520.0,28.0
50580.0,28.3
50640.0,28.2
50700.0,28.9
50760.0,28.3
50820.0,31.3
50880.0,28.9
50940.0,20.7
51000.0,20.9
51060.0,23.4
51120.0,25.8
51180.0,23.3
51240.0,22.0
51300.0,23.7
51360.0,23.2
51420.0,23.6
51480.0,23.3
51540.0,24.2
51600.0,25.5
51660.0,25.4
51720.0,26.5
51780.0,26.4
51840.0,26.3
51900.0,27.2
51960.0,27.8
52020.0,27.0
52080.0,26.4
52140.0,30.0
52200.0,32.1
52260.0,31.6
52320.0,28.3
52380.0,32.3
52440.0,39.4
52500.0,34.4
52560.0,36.2
52620.0,35.4
52680.0,36.9
52740.0,37.2
52800.0,38.5
52860.0,38.6
52920.0,38.3
52980.0,37.7
53040.0,37.9
53100.0,39.8
53160.0,40.4
53220.0,39.4
53280.0,40.6
53340.0,42.2
53400.0,42.4
53460.0,42.6
53520.0,42.0
53580.0,42.9
53640.0,42.7
53700.0,41.7
53760.0,42.6
53820.0,43.9
53880.0,43.6
53940.0,43.5
54000.0,43.8
54060.0,42.9
54120.0,42.8
54180.0,43.5
54240.0,43.3
54300.0,44.0
54360.0,43.2
54420.0,42.9
54480.0,43.0
54540.0,44.3
54600.0,43.5
54660.0,40.2
54720.0,43.6
54780.0,45.5
54840.0,45.4
54900.0,45.2
54960.0,43.7
55020.0,43.6
55080.0,43.5
55140.0,44.8
55200.0,44.5
55260.0,44.5
55320.0,44.2
55380.0,43.7
55440.0,44.0
55500.0,44.2
55560.0,44.7
55620.0,44.5
55680.0,44.2
55740.0,44.1
55800.0,44.5
55860.0,44.9
55920.0,45.6
55980.0,44.6
56040.0,43.0
56100.0,43.2
56160.0,43.6
56220.0,43.7
56280.0,43.0
56340.0,44.2
56400.0,44.3
56460.0,45.7
56520.0,44.9
56580.0,45.6
56640.0,45.9
56700.0,45.3
56760.0,43.0
56820.0,44.6
56880.0,46.3
56940.0,45.6
57000.0,46.8
57060.0,46.5
57120.0,45.8
57180.0,45.7
57240.0,46.2
57300.0,46.2
57360.0,46.9
57420.0,47.8
57480.0,47.5
57540.0,46.4
57600.0,45.4
57660.0,48.2
57720.0,49.1
57780.0,47.1
57840.0,46.1
57900.0,48.2
57960.0,48.6
58020.0,49.3
58080.0,48.8
58140.0,49.9
58200.0,49.6
58260.0,49.4
58320.0,49.5
58380.0,49.7
58440.0,50.6
58500.0,50.1
58560.0,50.5
58620.0,50.2
58680.0,48.9
58740.0,51.0
58800.0,50.9
58860.0,51.3
58920.0,50.4
58980.0,50.7
59040.0,49.7
59100.0,51.4
59160.0,51.8
59220.0,52.6
59280.0,52.0
59340.0,52.5
59400.0,52.2
59460.0,51.2
59520.0,51.9
59580.0,52.5
59640.0,51.3
59700.0,52.7
59760.0,52.8
59820.0,52.6
59880.0,50.5
59940.0,50.3
60000.0,51.1
60060.0,50.2
60120.0,48.5
60180.0,53.1
60240.0,51.9
60300.0,52.0
60360.0,51.9
60420.0,50.7
60480.0,51.5
60540.0,52.9
60600.0,52.4
60660.0,52.9
60720.0,52.6
60780.0,51.7
60840.0,53.8
60900.0,53.5
60960.0,53.9
61020.0,53.5
61080.0,52.5
61140.0,52.4
61200.0,53.6
61260.0,54.0
61320.0,55.6
61380.0,53.8
61440.0,54.4
61500.0,54.0
61560.0,56.1
61620.0,55.3
61680.0,54.4
61740.0,54.0
61800.0,54.1
61860.0,55.1
61920.0,55.1
61980.0,53.9
62040.0,54.7
62100.0,54.7
62160.0,55.5
62220.0,55.1
62280.0,52.6
62340.0,53.9
62400.0,54.9
62460.0,54.8
62520.0,55.0
62580.0,53.8
62640.0,55.5
62700.0,54.0
62760.0,55.3
62820.0,56.1
62880.0,56.1
62940.0,56.7
63000.0,56.8
63060.0,56.9
63120.0,56.3
63180.0,57.1
63240.0,57.0
63300.0,56.3
63360.0,55.0
63420.0,56.1
63480.0,56.3
63540.0,55.3
63600.0,56.1
63660.0,57.5
63720.0,56.2
63780.0,56.4
63840.0,57.0
63900.0,57.7
63960.0,56.2
64020.0,56.8
64080.0,56.2
64140.0,54.3
64200.0,57.3
64260.0,55.2
64320.0,55.0
64380.0,53.5
64440.0,55.0
64500.0,55.1
64560.0,55.0
64620.0,55.2
64680.0,54.3
64740.0,56.3
64800.0,54.9
64860.0,55.3
64920.0,54.7
64980.0,53.9
65040.0,54.2
65100.0,54.6
65160.0,53.4
65220.0,55.1
65280.0,54.9
65340.0,55.7
65400.0,55.0
65460.0,55.0
65520.0,55.6
65580.0,55.0
65640.0,55.4
65700.0,56.6
65760.0,56.3
65820.0,57.2
65880.0,55.2
65940.0,54.1
66000.0,55.2
66060.0,55.6
66120.0,57.6
66180.0,55.7
66240.0,55.5
66300.0,54.7
66360.0,56.6
66420.0,55.7
66480.0,57.1
66540.0,57.6
66600.0,58.0
66660.0,57.8
66720.0,58.7
66780.0,58.2
66840.0,57.1
66900.0,56.7
66960.0,57.2
67020.0,57.3
67080.0,57.1
67140.0,57.5
67200.0,57.2
67260.0,57.9
67320.0,58.0
67380.0,59.3
67440.0,57.8
67500.0,57.7
67560.0,58.4
67620.0,57.8
67680.0,57.8
67740.0,59.1
67800.0,57.8
67860.0,-9999.0
67920.0,-9999.0
67980.0,-9999.0
68040.0,-9999.0
68100.0,-9999.0
68160.0,-9999.0
68220.0,-9999.0
68280.0,-9999.0
68340.0,-9999.0
68400.0,-9999.0
68460.0,-9999.0
68520.0,59.0
68580.0,58.8
68640.0,59.0
68700.0,57.2
68760.0,57.7
68820.0,57.5
68880.0,57.7
68940.0,57.2
69000.0,56.6
69060.0,55.7
69120.0,56.8
69180.0,56.1
69240.0,56.5
69300.0,58.5
69360.0,58.0
69420.0,57.4
69480.0,59.0
69540.0,59.1
69600.0,60.2
69660.0,59.4
69720.0,57.7
69780.0,58.0
69840.0,59.6
69900.0,58.6
69960.0,59.1
70020.0,59.7
70080.0,60.1
70140.0,60.0
70200.0,58.6
70260.0,57.3
70320.0,59.0
70380.0,59.4
70440.0,59.8
70500.0,58.9
70560.0,59.6
70620.0,61.0
70680.0,61.8
70740.0,60.9
70800.0,61.5
70860.0,61.3
70920.0,59.6
70980.0,61.1
71040.0,61.4
71100.0,60.3
71160.0,59.9
71220.0,59.4
71280.0,61.2
71340.0,61.1
71400.0,62.7
71460.0,62.8
71520.0,62.1
71580.0,61.5
71640.0,63.1
71700.0,62.4
71760.0,62.5
71820.0,62.4
71880.0,62.2
71940.0,63.3
72000.0,64.2
72060.0,65.2
72120.0,64.9
72180.0,64.5
72240.0,65.4
72300.0,63.5
72360.0,62.9
72420.0,63.3
72480.0,64.9
72540.0,65.0
72600.0,64.9
72660.0,65.2
72720.0,64.7
72780.0,65.2
72840.0,65.6
72900.0,65.1
72960.0,66.1
73020.0,66.6
73080.0,64.0
73140.0,64.9
73200.0,64.0
73260.0,64.3
73320.0,66.6
73380.0,67.0
73440.0,66.0
73500.0,66.4
73560.0,66.0
73620.0,62.8
73680.0,65.0
73740.0,65.2
73800.0,63.5
73860.0,64.5
73920.0,66.0
73980.0,64.5
74040.0,67.8
74100.0,66.3
74160.0,67.1
74220.0,65.8
74280.0,64.9
74340.0,65.2
74400.0,67.0
74460.0,67.1
74520.0,65.6
74580.0,66.4
74640.0,66.3
74700.0,66.8
74760.0,68.3
74820.0,68.0
74880.0,68.1
74940.0,67.9
75000.0,68.7
75060.0,68.2
75120.0,68.2
75180.0,67.2
75240.0,66.8
75300.0,66.3
75360.0,66.7
75420.0,68.0
75480.0,67.1
75540.0,67.9
75600.0,67.9
75660.0,68.6
75720.0,68.2
75780.0,67.7
75840.0,66.6
75900.0,68.2
75960.0,65.9
76020.0,67.8
76080.0,67.6
76140.0,68.7
76200.0,68.1
76260.0,67.8
76320.0,67.4
76380.0,69.1
76440.0,69.3
76500.0,69.2
76560.0,70.2
76620.0,67.3
76680.0,68.5
76740.0,68.3
76800.0,68.4
76860.0,68.6
76920.0,69.2
76980.0,70.4
77040.0,70.4
77100.0,69.5
77160.0,69.7
77220.0,69.3
77280.0,70.1
77340.0,68.5
77400.0,66.9
77460.0,66.8
77520.0,68.6
77580.0,67.7
77640.0,67.0
77700.0,65.6
77760.0,66.7
77820.0,66.9
77880.0,66.1
77940.0,65.3
78000.0,65.9
78060.0,67.6
78120.0,66.7
78180.0,66.0
78240.0,67.3
78300.0,68.3
78360.0,66.5
78420.0,64.6
78480.0,64.8
78540.0,64.2
78600.0,64.4
78660.0,64.1
78720.0,63.7
78780.0,61.1
78840.0,62.7
78900.0,63.8
78960.0,62.8
79020.0,63.4
79080.0,63.9
79140.0,64.1
79200.0,62.6
79260.0,63.7
79320.0,64.1
79380.0,64.1
79440.0,65.3
79500.0,63.4
79560.0,62.6
79620.0,63.1
79680.0,62.7
79740.0,63.6
79800.0,63.3
79860.0,63.5
79920.0,63.6
79980.0,62.4
80040.0,62.6
80100.0,62.6
80160.0,63.6
80220.0,63.5
80280.0,64.1
80340.0,62.3
80400.0,63.7
80460.0,62.1
80520.0,61.8
80580.0,62.5
80640.0,63.0
80700.0,63.2
80760.0,62.6
80820.0,62.4
80880.0,62.6
80940.0,61.4
81000.0,61.5
81060.0,60.0
81120.0,62.5
81180.0,63.2
81240.0,62.7
81300.0,62.1
81360.0,63.0
81420.0,62.0
81480.0,62.2
81540.0,64.2
81600.0,64.0
81660.0,63.9
81720.0,64.1
81780.0,65.1
81840.0,65.0
81900.0,63.2
81960.0,63.1
82020.0,63.7
82080.0,62.8
82140.0,62.0
82200.0,62.8
82260.0,62.7
82320.0,62.1
82380.0,64.2
82440.0,63.7
82500.0,63.2
82560.0,62.0
82620.0,61.6
82680.0,61.6
82740.0,61.7
82800.0,63.7
82860.0,63.5
82920.0,62.5
82980.0,61.8
83040.0,61.9
83100.0,62.0
83160.0,62.6
83220.0,62.4
83280.0,62.9
83340.0,61.6
83400.0,61.0
83460.0,63.0
83520.0,63.1
83580.0,61.7
83640.0,60.8
83700.0,61.9
83760.0,61.2
83820.0,61.7
83880.0,62.8
83940.0,61.4
84000.0,60.5
84060.0,61.4
84120.0,59.8
84180.0,60.9
84240.0,60.7
84300.0,61.1
84360.0,61.9
84420.0,60.7
84480.0,59.0
84540.0,59.1
84600.0,60.9
84660.0,61.8
84720.0,60.8
84780.0,60.8
84840.0,61.4
84900.0,61.9
84960.0,63.6
85020.0,62.0
85080.0,61.8
85140.0,60.0
85200.0,60.3
85260.0,60.1
85320.0,59.8
85380.0,59.7
85440.0,60.6
85500.0,59.1
85560.0,59.5
85620.0,59.4
85680.0,61.5
85740.0,60.5
85800.0,60.2
85860.0,60.7
85920.0,60.9
85980.0,59.7
86040.0,60.5
86100.0,59.7
86160.0,59.8
86220.0,59.1
86280.0,58.9
86340.0,58.2
