CampaignData_and_Merges/R0/CSL_MobileLab_Parked/raw/20240804/USOS-NOAAIodideCIMS-HNO2_MobileLabGround_20240804_RA.ict
33, 1001
Michael A Robinson, Chris Jernigan, Subi Thakali
NOAA ESRL Chemical Sciences Laboratory and CIRES, U. of Colorado
NOAA Iodide CIMS Instrument
USOS
1, 1
2024, 08, 04, 2024, 08, 05
1
starttime_UTC, seconds_past_midnight, seconds_of_day_since_00:00:00_UTC
1
1
-9999
HNO2_NOAACIMS, pptv, Gas_HNO2_InSitu_S_AVMR, 
0
18
PI_CONTACT_INFO: 325 Broadway, R/CSD 7, Boulder, Colorado 80305; michael.a.robinson@noaa.gov; chris.jernigan@noaa.gov;
PLATFORM: NOAA CSL Mobile Lab
LOCATION: SLC, Utah
ASSOCIATED_DATA: 1Hz data also available on request.
INSTRUMENT_INFO: NOAA I- ToF CIMS
DATA_INFO: All data in parts per trillion by volume (pptv). 1 Hz data is available upon request.
UNCERTAINTY: TBD
ULOD_FLAG: -7777
ULOD_VALUE: N/A
LLOD_FLAG: -8888
LLOD_VALUE: N/A
DM_CONTACT_INFO: Nathan Howard; nathan.h.howard@noaa.gov
PROJECT_INFO: USOS, summer 2024. https://csl.noaa.gov/groups/csl7/measurements/2024usos/
STIPULATIONS_ON_USE: Users are strongly encouraged to contact the PI for proper data usage.
OTHER_COMMENTS: 
REVISION: RA
RA: Preliminary Data; For in-field use only
starttime_UTC, HNO2_NOAACIMS
[from data line 1033]
 61980, 56.062
 62040, 37.209
 62100, 38.706
 62160, 46.118
 62220, 59.193
 62280, 73.336
 62340, 72.007
 62400, 57.847
 62460, 62.877
 62520, 77.290
 62580, 68.294
 62640, 52.139
 62700, 71.915
 62760, 67.935
 62820, 67.935
 62880, 63.843
 62940, 63.658
 63000, 69.049
 63060, 74.054
 63120, 57.017
 63180, 46.812
 63240, 66.352
 63300, 73.673
 63360, 66.431
 63420, 57.447
 63480, 67.609
 63540, 88.837
 63600, 70.176
 63660, 81.707
 63720, -9999.000
 63780, 75.959
 63840, 59.065
 63900, 59.145
 63960, 77.935
 64020, 64.940
 64080, 68.108
 64140, 68.501
 64200, 51.426
 64260, 60.801
 64320, 54.997
 64380, 54.981
 64440, 58.865
 64500, 61.707
 64560, 63.444
 64620, 62.291
 64680, 53.653
 64740, 48.391
 64800, 64.668
 64860, 70.136
 64920, 55.410
 64980, 60.885
 65040, 45.727
 65100, 55.126
 65160, 52.339
 65220, 50.612
 65280, 38.145
 65340, 48.298
 65400, 52.243
 65460, 44.300
 65520, 42.417
 65580, 31.047
 65640, 39.549
 65700, 38.405
 65760, 35.512
 65820, 40.757
 65880, 40.405
 65940, 47.384
 66000, 45.335
 66060, 44.388
 66120, 38.600
 66180, 54.438
 66240, 52.926
 66300, 62.484
 66360, 53.898
 66420, 62.333
 66480, 45.409
 66540, 43.410
 66600, 56.389
 66660, 47.339
 66720, 45.561
 66780, 44.102
 66840, 38.101
 66900, 45.628
 66960, 38.406
 67020, 44.305
 67080, 32.852
 67140, 31.913
 67200, 35.768
 67260, 32.528
 67320, 41.490
 67380, 46.564
 67440, 54.721
 67500, 41.941
 67560, 40.351
 67620, 42.110
 67680, 50.764
 67740, 38.883
 67800, 44.470
 67860, 52.449
 67920, 42.126
 67980, 46.152
 68040, 52.551
 68100, 52.954
 68160, 57.895
 68220, 60.165
 68280, 42.006
 68340, 43.280
 68400, 41.016
 68460, 46.063
 68520, 49.664
 68580, 42.348
 68640, 50.507
 68700, 41.129
 68760, 46.792
 68820, 40.725
 68880, 35.239
 68940, 38.356
 69000, 31.235
 69060, 34.141
 69120, 38.323
 69180, 30.057
 69240, 38.733
 69300, 35.914
 69360, 43.128
 69420, 40.476
 69480, 39.235
 69540, 40.454
 69600, 37.701
 69660, 34.017
 69720, 48.980
 69780, 43.186
 69840, 34.650
 69900, 39.296
 69960, 40.824
 70020, 39.998
 70080, 45.005
 70140, 41.352
 70200, 46.534
 70260, 52.886
 70320, 36.382
 70380, 36.228
 70440, 36.950
 70500, 33.561
 70560, 26.563
 70620, 30.058
 70680, 26.792
 70740, 34.220
 70800, 36.884
 70860, 34.685
 70920, 29.936
 70980, 33.919
 71040, 32.623
 71100, -9999.000
 71160, 46.503
 71220, 42.370
 71280, 32.361
 71340, 32.110
 71400, 33.458
 71460, 27.342
 71520, 38.654
 71580, 33.374
 71640, 27.468
 71700, 34.119
 71760, 32.717
 71820, 36.588
 71880, 41.145
 71940, 28.042
 72000, 29.058
 72060, 27.080
 72120, 28.441
 72180, 25.848
 72240, 28.025
 72300, 30.563
 72360, 42.528
 72420, 36.217
 72480, 26.694
 72540, 27.614
 72600, 26.347
 72660, 24.571
 72720, 31.586
 72780, 27.527
 72840, 27.865
 72900, 30.191
 72960, 31.260
 73020, 22.676
 73080, 28.823
 73140, 24.979
 73200, 23.205
 73260, 25.340
 73320, 19.045
 73380, 16.690
 73440, 20.941
 73500, 22.987
 73560, 43.255
 73620, 44.214
 73680, 25.927
 73740, 34.511
 73800, 33.982
 73860, 29.907
 73920, 36.220
 73980, 26.105
 74040, 29.892
 74100, 26.981
 74160, 31.625
 74220, 35.561
 74280, 33.478
 74340, 29.039
 74400, 23.795
 74460, 37.156
 74520, 34.706
 74580, 25.114
 74640, 35.091
 74700, 32.733
 74760, 25.202
 74820, -9999.000
 74880, 18.178
 74940, 19.799
 75000, 25.487
 75060, 30.398
 75120, 25.718
 75180, 28.058
 75240, 38.552
 75300, 36.074
 75360, 32.369
 75420, 27.215
 75480, 33.534
 75540, 26.061
 75600, 26.727
 75660, 27.774
 75720, 31.001
 75780, 33.315
 75840, 34.460
 75900, 30.360
 75960, 33.496
 76020, 32.742
 76080, 30.824
 76140, 23.840
 76200, 29.684
 76260, 31.203
 76320, 22.276
 76380, 22.405
 76440, 25.255
 76500, 26.361
 76560, 23.768
 76620, 32.606
 76680, 22.888
 76740, 29.334
 76800, 30.952
 76860, 26.250
 76920, 23.369
 76980, 23.436
 77040, 19.739
 77100, 24.554
 77160, 17.826
 77220, 17.162
 77280, 20.156
 77340, 23.455
 77400, 26.850
 77460, 22.322
 77520, 18.572
 77580, 21.566
 77640, 27.306
 77700, 24.711
 77760, 22.820
 77820, 33.426
 77880, 30.904
 77940, 33.877
 78000, 28.625
 78060, 23.681
 78120, 26.102
 78180, 24.471
 78240, 15.226
 78300, 19.883
 78360, 20.898
 78420, 15.480
 78480, -9999.000
 78540, 21.993
 78600, 21.091
 78660, 24.221
 78720, 40.182
 78780, 32.767
 78840, 14.476
 78900, 23.525
 78960, 20.502
 79020, 23.017
 79080, 19.047
 79140, 25.992
 79200, 25.578
 79260, 25.012
 79320, 22.638
 79380, 29.307
 79440, 23.450
 79500, 28.110
 79560, 22.302
 79620, 26.647
 79680, 28.611
 79740, 20.671
 79800, 22.681
 79860, 19.607
 79920, 21.197
 79980, 21.936
 80040, 19.926
 80100, 26.726
 80160, 20.039
 80220, 27.331
 80280, 12.994
 80340, -9999.000
 80400, 28.903
 80460, 29.966
 80520, 22.568
 80580, 19.843
 80640, 20.868
 80700, 21.527
 80760, 18.247
 80820, 19.707
 80880, 20.804
 80940, 22.512
 81000, 23.027
 81060, 24.729
 81120, 16.295
 81180, 14.799
 81240, 21.785
 81300, 19.524
 81360, 17.095
 81420, 13.781
 81480, 20.451
 81540, 16.378
 81600, 15.745
 81660, 12.776
 81720, 17.794
 81780, 14.057
 81840, 11.652
 81900, 18.116
 81960, 15.798
 82020, 21.611
 82080, 21.114
 82140, 22.752
 82200, -9999.000
 82260, 25.982
 82320, 21.949
 82380, 11.784
 82440, 16.575
 82500, 16.195
 82560, 21.280
 82620, 25.418
 82680, 19.453
 82740, 22.309
 82800, 12.832
 82860, 17.014
 82920, 20.906
 82980, 22.523
 83040, 16.732
 83100, 13.466
 83160, 12.008
 83220, 11.447
 83280, 13.800
 83340, 13.285
 83400, 21.899
 83460, 14.734
 83520, 18.882
 83580, 21.794
 83640, 21.293
 83700, 19.155
 83760, 19.400
 83820, 14.894
 83880, 11.351
 83940, 16.618
 84000, 18.528
 84060, 17.302
 84120, 10.958
 84180, 12.959
 84240, 15.340
 84300,  7.037
 84360,  8.410
 84420,  6.687
 84480, 19.744
 84540, 15.132
 84600, 10.355
 84660, 10.059
 84720, 16.556
 84780, 12.037
 84840, 13.023
 84900,  8.034
 84960,  7.201
 85020, 13.771
 85080, 15.737
 85140, 18.184
 85200, 16.423
 85260, 17.699
 85320, 15.461
 85380, 20.472
 85440, 15.901
 85500, 16.190
 85560, 14.292
 85620, 16.694
 85680, 11.788
 85740, 16.388
 85800, 11.058
 85860, -9999.000
 85920,  6.157
 85980, 12.154
 86040, 12.812
 86100,  9.055
 86160, 13.107
 86220, 10.117
 86280, 12.953
 86340, 14.366
