CampaignData_and_Merges/R0/CSL_MobileLab_Parked/raw/20240804/USOS-MetNav_MobileLabGround_20240804_R0.ict
44, 1001
Carrie Womack, Nate Howard, Mike Zucker
NOAA Chemical Sciences Laboratory
Mobile Lab MetNav Station
USOS
1, 1
2024, 08, 04, 2024, 12, 21
60
Time_Start, seconds_past_midnight, Seconds from midnight UTC
11
1, 1, 1, 1, 1, 1, 1, 1, 1, 1, 1
-9999, -9999, -9999, -9999, -9999, -9999, -9999, -9999, -9999, -9999, -9999
GPS_Alt_m, meters, Altitude from Differential GPS
GPS_Course_deg, degrees, Course from Differential GPS
GPS_GndSpd_m_s, m/s, Ground Speed from Differential GPS
GPS_Heading_deg, degrees, Heading from Differential GPS
GPS_Lat_deg, degrees, Latitude from Differential GPS
GPS_Lon_deg, degrees, Longitude from Differential GPS
AirTemp_C, Celsius, Air Temperature from Airmar
RelHumidity_pct, percent, Relative Humidity from Airmar
Pressure_mb, millibars, Pressure from Honeywell
WindDir_calc_deg, degrees, Wind Direction from Airmar corrected for van movement
WindSpd_calc_m_s, m/s, Wind Speed from Airmar corrected for van movement
1
SPECIAL COMMENTS:
18
PI_CONTACT_INFO: Address: 325 Broadway R/CSL7, Boulder, CO, 80305
PLATFORM: CSL Mobile Lab
LOCATION: Salt Lake City, UT
ASSOCIATED_DATA: N/A
INSTRUMENT_INFO: N/A
DATA_INFO: Units:
UNCERTAINTY: N/A
ULOD_FLAG: -7777
ULOD_VALUE: N/A
LLOD_FLAG: -8888
LLOD_VALUE: N/A
DM_CONTACT_INFO: Data Manager: Nate Howard
PROJECT_INFO: 
STIPULATIONS_ON_USE: Use of these data require prior ok from PI.
OTHER_COMMENTS: 
REVISION: R0
R0: Final data. Fixed bug in wind averaging code. RA: Preliminary Data. For in-field use only. 
Time_Start, GPS_Alt_m, GPS_Course_deg, GPS_GndSpd_m_s, GPS_Heading_deg, GPS_Lat_deg, GPS_Lon_deg, AirTemp_C, RelHumidity_pct, Pressure_mb, WindDir_calc_deg, WindSpd_calc_m_s
[from data line 834]
50040.0,1309.3,0.93,0.05,0.93,40.73433,-111.87211,26.2,35.5,877.7,129.46,1.1
50100.0,1309.2,0.76,0.06,0.76,40.73433,-111.87211,26.0,37.4,877.7,120.03,1.2
50160.0,1309.6,1.29,0.05,1.29,40.73434,-111.87211,25.8,36.7,877.7,121.85,1.0
50220.0,1310.0,1.64,0.05,1.64,40.73434,-111.87211,25.9,37.0,877.7,121.97,0.9
50280.0,1310.0,1.53,0.05,1.53,40.73434,-111.87211,25.9,37.9,877.8,129.69,1.0
50340.0,1310.0,2.47,0.05,2.47,40.73434,-111.87211,25.9,37.4,877.7,138.71,1.1
50400.0,1310.1,2.21,0.05,2.21,40.73434,-111.87211,26.0,37.8,877.7,155.58,0.9
50460.0,1310.0,2.32,0.05,2.32,40.73434,-111.87211,26.0,37.8,877.7,139.93,1.0
50520.0,1310.1,2.47,0.05,2.47,40.73434,-111.87211,25.9,39.0,877.8,119.82,1.1
50580.0,1310.2,2.78,0.05,2.78,40.73434,-111.87211,25.9,40.2,877.8,121.73,1.1
50640.0,1310.4,3.04,0.06,3.04,40.73434,-111.87211,25.9,38.9,877.8,120.32,0.9
50700.0,1310.7,3.18,0.06,3.18,40.73434,-111.87211,26.0,38.5,877.8,130.89,1.0
50760.0,1310.8,2.95,0.06,2.95,40.73434,-111.87211,26.0,38.2,877.8,124.20,1.1
50820.0,1310.6,2.81,0.06,2.81,40.73434,-111.87211,25.9,38.1,877.8,121.92,1.0
50880.0,1310.2,2.98,0.05,2.98,40.73434,-111.87211,25.9,37.5,877.8,119.04,0.9
50940.0,1310.4,2.90,0.05,2.90,40.73434,-111.87211,25.9,37.1,877.8,116.62,0.7
51000.0,1310.5,2.66,0.05,2.66,40.73434,-111.87211,25.9,37.1,877.8,116.90,0.7
51060.0,1310.4,2.25,0.06,2.25,40.73434,-111.87211,25.8,37.5,877.9,119.27,0.8
51120.0,1310.1,2.31,0.06,2.31,40.73434,-111.87211,25.7,38.4,877.9,113.76,0.9
51180.0,1309.8,2.44,0.05,2.44,40.73434,-111.87211,25.7,38.3,877.9,114.07,0.9
51240.0,1309.5,2.54,0.05,2.54,40.73434,-111.87211,25.7,38.3,877.9,118.14,0.7
51300.0,1309.5,2.84,0.06,2.84,40.73434,-111.87211,25.7,38.4,877.9,121.84,0.7
51360.0,1309.4,1.97,0.05,1.97,40.73434,-111.87211,25.7,38.5,877.9,90.08,0.6
51420.0,1309.4,1.72,0.05,1.72,40.73433,-111.87211,25.8,38.7,878.0,98.65,0.6
51480.0,1309.3,1.40,0.06,1.40,40.73433,-111.87211,25.8,38.0,878.0,131.84,1.1
51540.0,1309.2,1.86,0.06,1.86,40.73433,-111.87210,26.1,37.7,878.0,147.59,1.2
51600.0,1309.3,1.80,0.06,1.80,40.73433,-111.87210,26.3,37.6,878.0,157.03,0.8
51660.0,1309.2,2.28,0.05,2.28,40.73433,-111.87210,26.6,37.0,878.0,130.34,0.9
51720.0,1309.4,2.12,0.06,2.12,40.73433,-111.87210,27.0,37.0,878.0,157.39,1.1
51780.0,1309.7,2.45,0.06,2.45,40.73433,-111.87210,27.5,37.1,878.0,156.36,1.0
51840.0,1310.0,1.81,0.06,1.81,40.73433,-111.87210,27.9,37.0,878.0,149.09,1.2
51900.0,1309.8,1.86,0.05,1.86,40.73433,-111.87210,28.2,35.9,878.0,117.19,1.1
51960.0,1310.0,2.26,0.05,2.26,40.73433,-111.87210,28.5,35.6,878.0,112.12,0.8
52020.0,1309.9,2.07,0.06,2.07,40.73433,-111.87210,28.8,35.5,878.0,116.13,1.0
52080.0,1310.0,2.09,0.05,2.09,40.73433,-111.87210,29.1,35.1,878.0,112.85,1.0
52140.0,1309.9,1.92,0.05,1.92,40.73433,-111.87210,29.3,33.7,878.0,117.97,1.0
52200.0,1309.8,1.94,0.06,1.94,40.73433,-111.87210,29.5,32.7,878.0,99.60,0.7
52260.0,1309.9,2.33,0.06,2.33,40.73433,-111.87210,29.7,32.8,878.0,109.46,0.7
52320.0,1309.9,2.14,0.06,2.14,40.73433,-111.87210,29.8,33.2,878.0,104.85,0.8
52380.0,1309.9,1.72,0.05,1.72,40.73433,-111.87210,29.8,31.9,878.1,124.49,2.0
52440.0,1310.0,2.14,0.05,2.14,40.73433,-111.87211,29.8,30.9,878.0,121.21,1.6
52500.0,1309.9,2.05,0.06,2.05,40.73433,-111.87211,29.8,31.9,878.0,113.28,1.3
52560.0,1309.8,1.92,0.06,1.92,40.73433,-111.87210,30.0,30.9,878.0,123.38,1.1
52620.0,1309.7,2.20,0.05,2.20,40.73433,-111.87210,30.0,30.6,878.0,111.63,1.1
52680.0,1309.5,1.69,0.06,1.69,40.73433,-111.87210,30.1,31.3,878.0,113.54,1.3
52740.0,1309.5,1.97,0.05,1.97,40.73433,-111.87211,30.0,30.5,878.0,115.94,1.7
52800.0,1309.5,1.77,0.05,1.77,40.73433,-111.87211,30.0,30.2,878.0,123.34,1.7
52860.0,1309.5,1.79,0.05,1.79,40.73433,-111.87211,30.1,30.0,878.0,115.23,1.2
52920.0,1309.6,2.13,0.05,2.13,40.73433,-111.87211,30.1,29.9,878.0,117.40,1.6
52980.0,1309.5,2.03,0.05,2.03,40.73433,-111.87211,30.1,30.0,878.0,119.21,1.4
53040.0,1309.4,1.95,0.05,1.95,40.73433,-111.87211,30.2,29.7,878.0,119.63,1.7
53100.0,1309.4,1.94,0.05,1.94,40.73433,-111.87211,30.1,29.4,878.0,130.57,1.9
53160.0,1309.4,1.84,0.05,1.84,40.73433,-111.87211,30.4,29.7,878.0,134.27,1.6
53220.0,1309.4,2.06,0.06,2.06,40.73433,-111.87211,30.4,30.3,878.0,135.34,1.9
53280.0,1309.4,2.52,0.05,2.52,40.73433,-111.87211,30.7,29.3,878.0,142.44,1.5
53340.0,1309.3,1.94,0.06,1.94,40.73433,-111.87211,30.7,29.0,878.1,155.44,1.7
53400.0,1309.3,1.99,0.05,1.99,40.73433,-111.87211,30.8,29.7,878.1,143.60,1.8
53460.0,1309.7,1.84,0.06,1.84,40.73434,-111.87211,30.8,29.7,878.1,127.42,1.3
53520.0,1309.9,1.79,0.05,1.79,40.73434,-111.87211,30.9,29.5,878.1,128.30,1.3
53580.0,1310.0,2.11,0.06,2.11,40.73434,-111.87211,31.1,28.7,878.1,111.80,0.7
53640.0,1310.0,1.58,0.06,1.58,40.73434,-111.87211,31.4,28.5,878.1,144.24,0.9
53700.0,1309.8,1.24,0.05,1.24,40.73434,-111.87211,31.6,28.5,878.1,143.61,1.4
53760.0,1309.9,1.48,0.05,1.48,40.73434,-111.87211,31.6,28.8,878.1,137.75,2.2
53820.0,1309.8,1.53,0.05,1.53,40.73434,-111.87211,31.5,28.8,878.1,127.86,2.0
53880.0,1309.7,1.73,0.06,1.73,40.73434,-111.87211,31.4,28.5,878.1,126.07,1.4
53940.0,1310.0,1.94,0.06,1.94,40.73434,-111.87211,31.6,28.4,878.1,146.20,1.0
54000.0,1310.3,1.97,0.05,1.97,40.73434,-111.87211,31.7,28.1,878.1,116.56,0.9
54060.0,1310.4,2.09,0.05,2.09,40.73434,-111.87211,31.8,28.2,878.1,116.39,0.9
54120.0,1310.5,2.30,0.05,2.30,40.73434,-111.87211,31.9,28.0,878.1,143.15,1.4
54180.0,1310.4,2.07,0.05,2.07,40.73434,-111.87211,32.0,27.8,878.1,145.82,1.4
54240.0,1310.7,2.09,0.05,2.09,40.73434,-111.87211,32.2,27.8,878.1,146.56,0.7
54300.0,1310.6,2.39,0.05,2.39,40.73434,-111.87211,32.4,27.7,878.1,109.22,0.5
54360.0,1310.6,2.36,0.05,2.36,40.73434,-111.87211,32.5,27.8,878.1,129.96,0.8
54420.0,1310.6,2.04,0.04,2.04,40.73434,-111.87211,32.7,27.5,878.1,123.92,1.0
54480.0,1310.8,1.95,0.04,1.95,40.73434,-111.87211,32.8,27.4,878.1,157.81,1.1
54540.0,1310.8,2.32,0.04,2.32,40.73434,-111.87210,33.0,27.5,878.1,162.31,1.1
54600.0,1310.7,2.18,0.05,2.18,40.73434,-111.87210,33.0,27.7,878.2,167.78,1.6
54660.0,1310.6,1.48,0.04,1.48,40.73434,-111.87210,33.0,28.8,878.2,143.31,1.9
54720.0,1310.4,1.00,0.04,1.00,40.73434,-111.87211,33.0,28.3,878.2,130.80,2.0
54780.0,1310.2,0.92,0.05,0.92,40.73434,-111.87211,32.7,27.8,878.2,115.78,1.4
54840.0,1310.1,1.12,0.05,1.12,40.73434,-111.87211,32.6,28.0,878.2,112.66,1.0
54900.0,1310.1,1.05,0.05,1.05,40.73434,-111.87211,32.4,27.5,878.2,120.79,1.5
54960.0,1310.1,0.86,0.04,0.86,40.73434,-111.87211,32.4,27.9,878.1,111.56,1.0
55020.0,1310.1,0.92,0.05,0.92,40.73434,-111.87211,32.3,27.8,878.1,106.48,1.2
55080.0,1310.0,1.27,0.05,1.27,40.73434,-111.87211,32.2,27.5,878.2,119.41,1.6
55140.0,1310.0,1.48,0.05,1.48,40.73434,-111.87211,32.2,26.9,878.2,120.35,1.4
55200.0,1310.0,1.58,0.04,1.58,40.73434,-111.87211,32.5,26.8,878.2,130.69,1.1
55260.0,1309.9,1.50,0.04,1.50,40.73434,-111.87211,32.7,26.8,878.2,132.24,1.3
55320.0,1309.9,1.53,0.04,1.53,40.73434,-111.87211,33.0,26.8,878.2,140.38,1.1
55380.0,1309.9,1.58,0.04,1.58,40.73434,-111.87211,33.2,27.1,878.1,176.10,1.5
55440.0,1309.8,1.42,0.04,1.42,40.73434,-111.87211,33.4,27.1,878.1,172.57,1.0
55500.0,1309.7,1.05,0.04,1.05,40.73434,-111.87211,33.6,26.9,878.1,169.16,0.8
55560.0,1309.6,1.32,0.04,1.32,40.73434,-111.87211,33.8,26.7,878.1,164.48,0.8
55620.0,1309.5,1.74,0.04,1.74,40.73434,-111.87211,34.0,26.5,878.1,132.67,0.7
55680.0,1309.3,2.61,0.04,2.61,40.73434,-111.87211,34.1,26.4,878.2,138.16,0.6
55740.0,1309.5,2.69,0.05,2.69,40.73434,-111.87211,33.8,26.5,878.3,30.82,0.3
55800.0,1309.4,2.45,0.05,2.45,40.73434,-111.87211,33.8,26.3,878.3,80.45,0.1
55860.0,1309.5,2.85,0.04,2.85,40.73434,-111.87211,33.7,25.9,878.3,58.71,0.4
55920.0,1309.5,2.90,0.04,2.90,40.73434,-111.87211,33.6,25.5,878.3,72.70,0.3
55980.0,1309.5,2.09,0.05,2.09,40.73434,-111.87211,33.5,26.1,878.3,86.12,0.7
56040.0,1309.6,2.23,0.05,2.23,40.73434,-111.87211,33.5,26.0,878.3,96.79,0.7
56100.0,1309.4,1.95,0.05,1.95,40.73434,-111.87211,33.5,26.0,878.3,97.09,0.8
56160.0,1309.3,1.53,0.05,1.53,40.73434,-111.87211,33.6,25.8,878.3,114.76,1.2
56220.0,1309.1,1.57,0.05,1.57,40.73434,-111.87211,33.7,26.1,878.4,118.11,1.3
56280.0,1309.1,1.60,0.05,1.60,40.73434,-111.87211,33.7,26.4,878.4,112.83,1.7
56340.0,1309.1,2.09,0.05,2.09,40.73434,-111.87211,33.5,25.8,878.4,114.07,1.7
56400.0,1309.2,1.80,0.04,1.80,40.73434,-111.87211,33.2,25.3,878.3,113.47,1.8
56460.0,1309.4,1.52,0.05,1.52,40.73434,-111.87211,33.0,25.6,878.4,121.48,1.8
56520.0,1309.4,1.06,0.05,1.06,40.73434,-111.87211,32.7,25.9,878.4,119.54,1.7
56580.0,1309.4,1.09,0.05,1.09,40.73434,-111.87211,32.5,26.2,878.4,122.86,2.0
56640.0,1309.5,1.11,0.05,1.11,40.73434,-111.87211,32.4,26.6,878.3,120.68,1.7
56700.0,1309.6,1.55,0.04,1.55,40.73434,-111.87211,32.3,26.9,878.3,112.30,1.3
56760.0,1309.5,1.65,0.04,1.65,40.73434,-111.87210,32.3,27.1,878.3,116.12,1.7
56820.0,1309.5,1.82,0.04,1.82,40.73434,-111.87210,32.3,27.4,878.3,111.71,1.7
56880.0,1309.7,1.21,0.04,1.21,40.73434,-111.87210,32.3,26.7,878.3,127.08,1.3
56940.0,1309.8,1.07,0.04,1.07,40.73434,-111.87210,32.5,26.9,878.3,116.11,1.3
57000.0,1309.8,0.80,0.05,0.80,40.73434,-111.87210,32.7,26.5,878.3,114.23,1.0
57060.0,1309.9,0.59,0.05,0.59,40.73434,-111.87210,32.9,26.5,878.3,115.57,1.1
57120.0,1309.6,1.02,0.05,1.02,40.73434,-111.87210,32.9,26.8,878.3,110.98,1.3
57180.0,1309.7,0.93,0.05,0.93,40.73434,-111.87210,32.7,27.2,878.3,112.86,1.8
57240.0,1309.7,1.01,0.04,1.01,40.73434,-111.87210,32.6,27.7,878.3,112.79,1.9
57300.0,1309.7,0.71,0.04,0.71,40.73434,-111.87210,32.4,27.1,878.3,112.81,1.7
57360.0,1309.7,1.05,0.04,1.05,40.73434,-111.87210,32.5,27.2,878.3,111.59,1.3
57420.0,1309.7,0.68,0.04,0.68,40.73434,-111.87210,32.4,26.8,878.3,98.58,0.9
57480.0,1309.6,0.90,0.04,0.90,40.73434,-111.87210,32.4,26.7,878.2,79.61,0.7
57540.0,1309.5,0.79,0.04,0.79,40.73434,-111.87210,32.5,26.8,878.2,99.14,0.9
57600.0,1309.4,0.65,0.05,0.65,40.73434,-111.87210,32.5,26.8,878.2,110.04,1.6
57660.0,1309.4,0.99,0.05,0.99,40.73434,-111.87210,32.5,26.3,878.2,113.44,1.6
57720.0,1309.3,1.47,0.04,1.47,40.73434,-111.87210,32.7,25.7,878.2,130.31,1.1
57780.0,1309.1,1.80,0.05,1.80,40.73434,-111.87210,32.9,26.4,878.2,127.67,1.4
57840.0,1309.0,1.90,0.05,1.90,40.73434,-111.87210,33.0,27.3,878.2,101.10,1.2
57900.0,1309.1,1.63,0.04,1.63,40.73434,-111.87210,32.8,26.4,878.2,85.74,0.9
57960.0,1309.0,1.83,0.04,1.83,40.73434,-111.87210,32.9,26.2,878.2,96.04,1.0
58020.0,1309.0,2.25,0.04,2.25,40.73434,-111.87210,32.9,25.3,878.2,109.30,0.9
58080.0,1309.0,2.30,0.04,2.30,40.73434,-111.87210,33.1,25.8,878.2,132.64,1.5
58140.0,1309.0,2.70,0.04,2.70,40.73434,-111.87210,33.2,25.3,878.2,146.59,1.5
58200.0,1309.3,2.69,0.04,2.69,40.73434,-111.87210,33.5,25.5,878.2,165.94,0.9
58260.0,1309.4,2.87,0.04,2.87,40.73434,-111.87210,33.7,25.7,878.2,132.56,1.0
58320.0,1309.3,2.27,0.04,2.27,40.73434,-111.87210,33.9,25.6,878.2,129.70,0.8
58380.0,1309.3,2.52,0.04,2.52,40.73434,-111.87210,34.1,25.4,878.2,142.25,1.5
58440.0,1309.3,2.71,0.04,2.71,40.73434,-111.87210,34.2,25.5,878.2,124.67,1.2
58500.0,1309.3,2.74,0.04,2.74,40.73434,-111.87210,34.1,26.0,878.2,122.05,1.9
58560.0,1309.4,2.66,0.04,2.66,40.73434,-111.87210,34.2,25.9,878.2,124.01,1.6
58620.0,1309.5,2.44,0.04,2.44,40.73434,-111.87210,34.2,26.1,878.2,123.60,1.5
58680.0,1309.5,3.06,0.05,3.06,40.73434,-111.87210,34.2,26.1,878.2,116.90,2.0
58740.0,1309.4,3.32,0.05,3.32,40.73434,-111.87210,34.2,25.2,878.2,116.82,1.1
58800.0,1309.3,3.13,0.04,3.13,40.73435,-111.87210,34.1,24.9,878.2,118.42,1.4
58860.0,1309.4,2.70,0.04,2.70,40.73435,-111.87210,34.3,24.9,878.2,113.76,0.9
58920.0,1309.5,2.55,0.04,2.55,40.73435,-111.87210,34.3,25.2,878.2,100.17,0.9
58980.0,1309.6,2.49,0.04,2.49,40.73435,-111.87210,34.5,25.2,878.2,122.04,1.4
59040.0,1309.4,2.21,0.05,2.21,40.73435,-111.87210,34.7,24.8,878.1,138.88,1.7
59100.0,1309.7,2.22,0.04,2.22,40.73435,-111.87210,34.9,24.1,878.1,155.41,1.2
59160.0,1309.8,2.20,0.05,2.20,40.73435,-111.87210,35.2,23.9,878.2,153.75,1.4
59220.0,1309.8,2.14,0.05,2.14,40.73434,-111.87210,35.5,23.4,878.2,170.29,1.0
59280.0,1309.7,1.75,0.05,1.75,40.73434,-111.87210,35.7,23.3,878.2,132.07,0.9
59340.0,1309.7,1.99,0.05,1.99,40.73434,-111.87210,35.8,23.2,878.2,113.31,0.6
59400.0,1309.7,2.15,0.05,2.15,40.73434,-111.87210,35.8,23.1,878.1,103.67,1.1
59460.0,1309.6,2.21,0.04,2.21,40.73434,-111.87210,35.8,23.4,878.2,88.42,0.5
59520.0,1309.4,1.90,0.05,1.90,40.73434,-111.87210,35.8,22.4,878.2,178.61,1.6
59580.0,1309.0,1.79,0.05,1.79,40.73434,-111.87210,35.8,22.3,878.2,161.82,0.4
59640.0,1309.0,1.53,0.04,1.53,40.73434,-111.87210,35.7,22.3,878.2,141.79,1.6
59700.0,1309.5,1.47,0.04,1.47,40.73434,-111.87210,35.6,22.5,878.3,171.29,1.2
59760.0,1309.4,1.35,0.04,1.35,40.73434,-111.87210,35.7,22.9,878.3,119.41,0.9
59820.0,1308.9,1.54,0.04,1.54,40.73434,-111.87210,35.9,22.8,878.3,115.04,0.9
59880.0,1308.7,1.34,0.05,1.34,40.73434,-111.87210,35.9,23.7,878.3,112.03,1.7
59940.0,1308.6,1.13,0.05,1.13,40.73434,-111.87210,35.7,25.0,878.3,125.29,2.4
60000.0,1308.8,1.18,0.04,1.18,40.73434,-111.87210,35.5,23.2,878.3,138.14,2.7
60060.0,1309.3,0.92,0.04,0.92,40.73434,-111.87210,35.0,23.9,878.3,129.75,3.4
60120.0,1309.1,0.88,0.04,0.88,40.73434,-111.87210,35.0,24.6,878.3,144.26,2.4
60180.0,1308.6,1.05,0.05,1.05,40.73433,-111.87210,35.1,23.7,878.3,164.39,2.0
60240.0,1308.4,0.75,0.05,0.75,40.73433,-111.87210,35.2,23.9,878.3,167.21,1.4
60300.0,1308.5,0.81,0.05,0.81,40.73433,-111.87210,35.4,23.8,878.3,132.86,1.1
60360.0,1308.9,0.49,0.05,0.49,40.73434,-111.87210,35.4,23.7,878.3,136.34,1.3
60420.0,1308.9,0.94,0.05,0.94,40.73434,-111.87210,35.0,24.6,878.3,124.24,2.4
60480.0,1308.9,1.12,0.05,1.12,40.73434,-111.87210,35.0,24.0,878.3,176.93,1.8
60540.0,1308.9,0.81,0.05,0.81,40.73434,-111.87210,34.8,24.1,878.3,153.02,2.4
60600.0,1308.8,0.81,0.05,0.81,40.73434,-111.87210,34.7,25.1,878.3,143.94,2.7
60660.0,1308.9,1.39,0.05,1.39,40.73434,-111.87210,34.8,24.5,878.3,157.46,1.7
60720.0,1308.9,1.68,0.06,1.68,40.73434,-111.87210,34.9,24.8,878.3,159.54,2.0
60780.0,1308.9,1.71,0.05,1.71,40.73434,-111.87210,34.9,26.1,878.3,140.64,2.3
60840.0,1308.9,1.66,0.05,1.66,40.73434,-111.87210,35.1,24.4,878.3,148.56,1.0
60900.0,1308.8,1.78,0.04,1.78,40.73434,-111.87210,35.4,24.4,878.3,160.88,1.7
60960.0,1308.8,1.49,0.05,1.49,40.73434,-111.87211,35.1,24.5,878.3,149.57,2.7
61020.0,1308.8,0.91,0.05,0.91,40.73434,-111.87211,35.2,24.5,878.2,163.86,1.9
61080.0,1308.9,0.70,0.04,0.70,40.73434,-111.87211,35.1,25.8,878.2,138.31,2.3
61140.0,1309.0,0.54,0.05,0.54,40.73434,-111.87211,34.9,25.7,878.2,157.20,2.3
61200.0,1309.0,0.50,0.05,0.50,40.73434,-111.87211,35.0,24.9,878.2,150.34,1.6
61260.0,1309.0,0.25,0.04,0.25,40.73434,-111.87211,35.0,25.2,878.2,151.77,1.4
61320.0,1309.0,0.41,0.05,0.41,40.73434,-111.87211,34.9,25.1,878.2,191.42,0.0
61380.0,1309.0,0.71,0.05,0.71,40.73434,-111.87211,34.9,25.1,878.2,141.92,1.1
61440.0,1309.2,1.05,0.05,1.05,40.73434,-111.87211,35.0,24.7,878.2,142.22,2.0
61500.0,1309.4,1.51,0.05,1.51,40.73434,-111.87211,34.7,24.9,878.2,151.44,3.4
61560.0,1309.4,1.75,0.04,1.75,40.73434,-111.87211,34.5,24.8,878.2,149.68,2.5
61620.0,1309.3,1.78,0.05,1.78,40.73434,-111.87211,34.2,25.2,878.2,131.38,1.7
61680.0,1309.4,1.52,0.05,1.52,40.73434,-111.87211,34.3,25.2,878.2,156.19,1.3
61740.0,1309.6,1.39,0.05,1.39,40.73434,-111.87211,34.2,25.5,878.2,166.24,2.1
61800.0,1309.6,1.71,0.05,1.71,40.73434,-111.87211,34.1,25.6,878.2,154.93,2.6
61860.0,1309.7,2.16,0.05,2.16,40.73434,-111.87211,34.2,25.5,878.2,149.21,2.0
61920.0,1309.7,2.10,0.06,2.10,40.73434,-111.87211,34.2,25.6,878.1,155.60,1.4
61980.0,1309.7,2.19,0.05,2.19,40.73434,-111.87211,34.1,25.7,878.2,153.14,2.4
62040.0,1309.8,1.67,0.05,1.67,40.73434,-111.87211,34.0,25.9,878.2,150.59,3.2
62100.0,1310.0,1.48,0.05,1.48,40.73434,-111.87211,33.7,26.3,878.2,165.09,2.5
62160.0,1309.9,1.32,0.05,1.32,40.73434,-111.87211,33.8,25.8,878.1,162.12,1.0
62220.0,1310.0,1.82,0.05,1.82,40.73434,-111.87211,34.0,26.3,878.1,130.46,1.4
62280.0,1310.2,1.96,0.05,1.96,40.73434,-111.87211,34.0,26.5,878.1,134.77,1.9
62340.0,1310.2,1.94,0.04,1.94,40.73434,-111.87211,34.3,25.8,878.1,169.40,2.1
62400.0,1310.0,1.82,0.05,1.82,40.73434,-111.87211,34.3,25.2,878.1,164.85,2.3
