CampaignData_and_Merges/R0/CSL_MobileLab_Parked/raw/20240804/USOS-NOAAIodideCIMS-Halogens_MobileLabGround_20240804_RA.ict
38, 1001
Michael A Robinson, Chris Jernigan, Subi Thakali
NOAA ESRL Chemical Sciences Laboratory and CIRES, U. of Colorado
NOAA Iodide CIMS Instrument
USOS
1, 1
2024, 08, 04, 2024, 08, 05
1
starttime_UTC, seconds_past_midnight, seconds_of_day_since_00:00:00_UTC
6
1, 1, 1, 1, 1, 1
-9999, -9999, -9999, -9999, -9999, -9999
Br2_NOAACIMS, pptv, Gas_Br2_InSitu_S_AVMR, 
BrO_NOAACIMS, pptv, Gas_BrO_InSitu_S_AVMR, 
Cl2_NOAACIMS, pptv, Gas_Cl2_InSitu_S_AVMR, 
ClNO2_NOAACIMS, pptv, Gas_ClNO2_InSitu_S_AVMR, 
BrCl_NOAACIMS, pptv, Gas_BrCl_InSitu_S_AVMR, 
NCl3_NOAACIMS, pptv, Gas_NCl3_InSitu_S_AVMR, 
0
18
PI_CONTACT_INFO: 325 Broadway, R/CSD 7, Boulder, Colorado 80305; michael.a.robinson@noaa.gov; chris.jernigan@noaa.gov;
PLATFORM: NOAA CSL Mobile Lab
LOCATION: SLC, Utah
ASSOCIATED_DATA: 1Hz data also available on request.
INSTRUMENT_INFO: NOAA I- ToF CIMS
DATA_INFO: All data in parts per trillion by volume (pptv). 1 Hz data is available upon request.
UNCERTAINTY: TBD
ULOD_FLAG: -7777
ULOD_VALUE: N/A
LLOD_FLAG: -8888
LLOD_VALUE: N/A
DM_CONTACT_INFO: Nathan Howard; nathan.h.howard@noaa.gov
PROJECT_INFO: USOS, summer 2024. https://csl.noaa.gov/groups/csl7/measurements/2024usos/
STIPULATIONS_ON_USE: Users are strongly encouraged to contact the PI for proper data usage.
OTHER_COMMENTS: 
REVISION: RA
RA: Preliminary Data; For in-field use only
starttime_UTC, Br2_NOAACIMS, BrO_NOAACIMS, Cl2_NOAACIMS, ClNO2_NOAACIMS, BrCl_NOAACIMS, NCl3_NOAACIMS
[from data line 286]
 17160,  0.379, -9999.000,  0.309,  0.078,  0.131,  0.942
 17220,  0.578, -9999.000,  0.336,  0.076,  0.098,  1.254
 17280,  0.288, -9999.000,  0.340,  0.069,  0.127,  0.879
 17340,  0.572, -9999.000,  0.311,  0.060,  0.121,  1.088
 17400,  0.490, -9999.000,  0.391,  0.063,  0.152,  1.117
 17460,  0.245, -9999.000,  0.363,  0.094,  0.097,  1.014
 17520,  0.317, -9999.000,  0.240,  0.086,  0.130,  0.976
 17580,  0.415, -9999.000,  0.327,  0.055,  0.146,  1.019
 17640,  0.137, -9999.000,  0.270,  0.072,  0.112,  0.908
 17700,  0.301, -9999.000,  0.224,  0.072,  0.081,  1.058
 17760, -0.126, -9999.000,  0.198,  0.063,  0.073,  0.369
 17820, -0.241, -9999.000,  0.122,  0.060,  0.000,  0.251
 17880, -0.510, -9999.000,  0.166,  0.037, -0.026,  0.206
 17940, -0.277, -9999.000,  0.087,  0.051, -0.009,  0.197
 18000,  0.241, -9999.000,  0.217,  0.060,  0.100,  0.820
 18060,  0.423, -9999.000,  0.264,  0.100,  0.261,  0.879
 18120,  0.369, -9999.000,  0.201,  0.123,  0.070,  0.803
 18180,  0.402, -9999.000,  0.250,  0.085,  0.162,  1.074
 18240,  0.424, -9999.000,  0.264,  0.077,  0.175,  0.912
 18300,  0.398, -9999.000,  0.244,  0.078,  0.136,  1.054
 18360,  0.157, -9999.000,  0.238,  0.068,  0.104,  0.750
 18420,  0.377, -9999.000,  0.286,  0.071,  0.173,  0.804
 18480,  0.367, -9999.000,  0.284,  0.049,  0.166,  0.983
 18540,  0.183, -9999.000,  0.311,  0.057,  0.118,  0.637
 18600,  0.345, -9999.000,  0.274,  0.066,  0.177,  0.847
 18660,  0.590, -9999.000,  0.312,  0.082,  0.129,  1.194
 18720,  0.526, -9999.000,  0.262,  0.038,  0.124,  1.082
 18780,  0.391, -9999.000,  0.296,  0.070,  0.142,  1.150
 18840,  0.326, -9999.000,  0.238,  0.046,  0.144,  0.860
 18900,  0.555, -9999.000,  0.316,  0.075,  0.140,  1.122
 18960,  0.329, -9999.000,  0.278,  0.044,  0.097,  1.081
 19020,  0.515, -9999.000,  0.419,  0.089,  0.123,  1.108
 19080,  0.307, -9999.000,  0.273,  0.029,  0.066,  0.574
 19140,  0.608, -9999.000,  0.254,  0.097,  0.163,  1.213
 19200,  0.779, -9999.000,  0.356,  0.072,  0.171,  1.147
 19260,  0.681, -9999.000,  0.337,  0.073,  0.197,  1.177
 19320,  0.769, -9999.000,  0.298,  0.067,  0.168,  1.286
 19380,  0.697, -9999.000,  0.300,  0.059,  0.193,  1.204
 19440,  0.825, -9999.000,  0.375,  0.057,  0.215,  1.037
 19500,  0.738, -9999.000,  0.305,  0.062,  0.193,  1.331
 19560,  0.840, -9999.000,  0.313,  0.086,  0.184,  1.138
 19620,  0.870, -9999.000,  0.363,  0.074,  0.188,  1.228
 19680,  0.860, -9999.000,  0.344,  0.088,  0.161,  1.219
 19740,  0.817, -9999.000,  0.337,  0.089,  0.171,  0.926
 19800,  0.869, -9999.000,  0.321,  0.050,  0.188,  0.904
 19860, -9999.000, -9999.000, -9999.000, -9999.000, -9999.000, -9999.000
 19920,  0.783,  0.163,  0.320,  0.036,  0.175,  1.023
 19980,  0.831,  0.144,  0.301,  0.040,  0.169,  0.836
 20040,  0.275,  0.065,  0.217,  0.033,  0.065,  0.475
 20100,  0.823,  0.158,  0.375,  0.068,  0.180,  1.088
 20160,  0.860,  0.206,  0.329,  0.077,  0.137,  1.022
 20220,  0.767,  0.198,  0.435,  0.060,  0.134,  0.990
 20280,  0.727,  0.233,  0.400,  0.093,  0.151,  0.758
 20340,  0.738,  0.163,  0.368,  0.091,  0.129,  1.191
 20400,  0.678,  0.201,  0.356,  0.084,  0.118,  1.172
 20460,  0.827,  0.207,  0.398,  0.113,  0.135,  1.334
 20520,  0.786,  0.289,  0.384,  0.053,  0.135,  1.146
 20580,  0.704,  0.135,  0.406,  0.082,  0.090,  1.299
 20640,  0.815,  0.338,  0.431,  0.062,  0.156,  1.145
 20700,  0.739,  0.080,  0.291,  0.080,  0.099,  1.291
 20760,  0.660,  0.223,  0.386,  0.061,  0.160,  1.114
 20820,  0.760,  0.163,  0.359,  0.079,  0.117,  1.241
 20880,  0.834,  0.146,  0.367,  0.070,  0.110,  1.209
 20940,  0.644,  0.241,  0.371,  0.076,  0.086,  1.187
 21000,  0.796,  0.194,  0.454,  0.070,  0.083,  1.245
 21060,  0.719,  0.179,  0.432,  0.049,  0.062,  1.210
 21120,  0.510,  0.127,  0.460,  0.079,  0.049,  2.305
 21180,  0.054,  0.055,  0.413,  0.077,  0.038,  2.217
 21240,  0.585,  0.160,  0.508,  0.115,  0.119,  3.286
 21300,  0.543,  0.153,  0.504,  0.116,  0.091,  2.880
 21360,  0.546,  0.278,  0.587,  0.166,  0.168,  2.614
 21420,  0.599,  0.231,  0.595,  0.162,  0.135,  2.737
 21480,  0.651,  0.215,  0.605,  0.171,  0.112,  2.783
 21540,  0.708,  0.340,  0.588,  0.161,  0.097,  2.498
 21600,  0.429,  0.163,  0.633,  0.094,  0.094,  2.041
 21660,  0.451,  0.149,  0.566,  0.144,  0.059,  2.011
 21720, -9999.000, -9999.000, -9999.000, -9999.000, -9999.000, -9999.000
 21780,  0.520,  0.180,  0.499,  0.115,  0.152,  1.858
 21840,  0.427,  0.266,  0.512,  0.183,  0.074,  1.997
 21900,  0.617,  0.276,  0.583,  0.155,  0.155,  2.129
 21960,  0.643,  0.070,  0.536,  0.101,  0.115,  2.335
 22020,  0.651,  0.159,  0.517,  0.102,  0.084,  2.320
 22080,  0.524,  0.110,  0.467,  0.140,  0.075,  1.929
 22140,  0.711,  0.137,  0.480,  0.113,  0.096,  2.222
 22200,  0.737,  0.191,  0.611,  0.104,  0.123,  1.976
 22260,  0.585,  0.163,  0.447,  0.132,  0.097,  2.685
 22320, -0.131,  0.055,  0.449,  0.091,  0.010,  1.438
 22380, -0.062, -0.019,  0.338,  0.100, -0.041,  0.784
 22440,  0.278,  0.110,  0.422,  0.075,  0.032,  1.018
 22500,  0.430,  0.105,  0.410,  0.065,  0.114,  1.145
 22560,  0.435,  0.155,  0.418,  0.095,  0.131,  0.979
 22620,  0.468,  0.144,  0.410,  0.123,  0.089,  0.856
 22680,  0.488,  0.128,  0.464,  0.084,  0.101,  0.922
 22740,  0.298,  0.130,  0.420,  0.084,  0.087,  1.154
 22800,  0.366, -0.000,  0.383,  0.098,  0.044,  1.137
 22860,  0.558,  0.086,  0.495,  0.124,  0.071,  1.296
 22920,  0.602,  0.113,  0.477,  0.084,  0.162,  1.466
 22980,  0.657,  0.086,  0.474,  0.104,  0.078,  1.494
 23040,  0.779,  0.078,  0.512,  0.121,  0.108,  1.629
 23100,  0.611,  0.099,  0.646,  0.148,  0.070,  2.191
 23160,  0.594,  0.124,  0.660,  0.204,  0.168,  3.775
 23220,  0.560,  0.078,  0.633,  0.213,  0.093,  3.569
 23280,  0.595,  0.048,  0.703,  0.191,  0.093,  3.595
 23340,  0.549,  0.111,  0.666,  0.291,  0.178,  4.798
 23400,  0.575,  0.090,  0.789,  0.277,  0.135,  5.028
 23460,  0.688,  0.093,  0.774,  0.359,  0.154,  5.386
 23520,  0.514,  0.048,  0.759,  0.286,  0.205,  4.614
 23580, -9999.000, -9999.000, -9999.000, -9999.000, -9999.000, -9999.000
 23640,  0.658,  0.053,  0.746,  0.351,  0.145,  5.681
 23700,  0.589,  0.120,  0.812,  0.346,  0.170,  5.536
 23760,  0.599,  0.147,  0.786,  0.410,  0.139,  5.735
 23820,  0.592,  0.061,  0.812,  0.458,  0.235,  5.746
 23880,  0.668,  0.246,  0.740,  0.379,  0.236,  5.336
 23940,  0.731,  0.053,  0.938,  0.455,  0.127,  5.473
 24000,  0.566,  0.095,  0.721,  0.407,  0.216,  4.836
 24060,  0.254,  0.044,  0.648,  0.382,  0.081,  3.959
 24120,  0.613,  0.084,  0.675,  0.460,  0.192,  4.352
 24180,  0.713,  0.137,  0.768,  0.439,  0.096,  4.272
 24240,  0.563,  0.082,  0.726,  0.418,  0.157,  4.515
 24300,  0.530,  0.094,  0.652,  0.357,  0.212,  4.717
 24360,  0.537,  0.103,  0.767,  0.402,  0.084,  4.461
 24420,  0.642,  0.168,  0.592,  0.262,  0.155,  4.053
 24480,  0.664,  0.123,  0.593,  0.239,  0.167,  4.063
 24540,  0.519,  0.213,  0.630,  0.262,  0.153,  4.170
 24600,  0.599,  0.123,  0.633,  0.209,  0.134,  4.101
 24660,  0.509,  0.129,  0.637,  0.239,  0.180,  4.151
 24720,  0.472,  0.116,  0.623,  0.178,  0.154,  3.003
 24780,  0.705,  0.158,  0.538,  0.167,  0.154,  3.109
 24840,  0.587,  0.093,  0.504,  0.115,  0.172,  2.302
 24900,  0.619,  0.100,  0.486,  0.175,  0.122,  2.470
 24960,  0.608,  0.108,  0.525,  0.151,  0.174,  2.365
 25020,  0.640,  0.081,  0.464,  0.132,  0.156,  2.463
 25080,  0.699,  0.106,  0.466,  0.126,  0.185,  1.971
 25140,  0.556,  0.138,  0.540,  0.140,  0.203,  1.869
 25200,  0.525,  0.218,  0.519,  0.142,  0.163,  1.891
 25260,  0.671,  0.178,  0.488,  0.120,  0.141,  2.189
 25320,  0.594,  0.052,  0.534,  0.124,  0.143,  2.351
 25380,  0.594,  0.031,  0.590,  0.192,  0.116,  1.821
 25440,  0.484,  0.183,  0.535,  0.100,  0.238,  1.598
 25500,  0.636,  0.175,  0.592,  0.127,  0.170,  1.992
 25560,  0.613,  0.059,  0.509,  0.128,  0.116,  2.247
 25620,  0.627,  0.090,  0.532,  0.148,  0.142,  2.857
 25680,  0.704,  0.209,  0.676,  0.129,  0.187,  3.110
 25740,  0.587,  0.087,  0.495,  0.181,  0.223,  3.373
 25800,  0.507,  0.166,  0.465,  0.082,  0.208,  3.671
 25860,  0.512,  0.109,  0.595,  0.147,  0.183,  3.602
 25920,  0.443,  0.205,  0.553,  0.152,  0.153,  2.889
 25980,  0.609,  0.107,  0.470,  0.159,  0.187,  2.823
 26040,  0.647,  0.231,  0.471,  0.141,  0.150,  2.538
 26100,  0.612,  0.186,  0.478,  0.135,  0.172,  2.421
 26160,  0.454,  0.238,  0.620,  0.152,  0.133,  2.363
 26220,  0.500,  0.105,  0.501,  0.135,  0.188,  2.204
 26280,  0.584,  0.126,  0.434,  0.148,  0.217,  2.364
 26340,  0.511,  0.193,  0.446,  0.144,  0.189,  2.247
 26400,  0.591,  0.114,  0.516,  0.161,  0.193,  2.376
 26460,  0.605,  0.164,  0.476,  0.122,  0.176,  2.629
 26520,  0.742,  0.115,  0.484,  0.126,  0.180,  2.631
 26580,  0.448,  0.164,  0.482,  0.185,  0.166,  2.768
 26640,  0.679,  0.098,  0.448,  0.199,  0.176,  2.634
 26700,  0.622,  0.105,  0.457,  0.158,  0.209,  2.630
 26760,  0.503,  0.177,  0.434,  0.199,  0.195,  2.955
 26820,  0.709,  0.238,  0.455,  0.183,  0.174,  3.183
 26880,  0.622,  0.074,  0.494,  0.188,  0.194,  3.157
 26940,  0.528,  0.163,  0.510,  0.148,  0.194,  3.418
 27000,  0.540,  0.111,  0.628,  0.206,  0.209,  3.461
 27060,  0.565,  0.197,  0.653,  0.192,  0.171,  3.330
 27120,  0.580,  0.042,  0.555,  0.209,  0.254,  3.416
 27180,  0.508,  0.085,  0.569,  0.229,  0.246,  3.767
 27240, -9999.000, -9999.000, -9999.000, -9999.000, -9999.000, -9999.000
 27300,  0.543,  0.238,  0.603,  0.270,  0.161,  4.356
 27360,  0.615,  0.179,  0.577,  0.250,  0.215,  4.663
 27420,  0.553,  0.167,  0.578,  0.280,  0.275,  5.106
 27480,  0.506,  0.073,  0.601,  0.244,  0.251,  4.604
 27540,  0.559,  0.078,  0.655,  0.255,  0.262,  5.117
 27600,  0.610,  0.060,  0.466,  0.286,  0.163,  5.017
 27660,  0.632,  0.046,  0.617,  0.213,  0.218,  4.852
 27720,  0.416,  0.074,  0.676,  0.262,  0.227,  5.450
 27780,  0.672,  0.062,  0.583,  0.283,  0.240,  5.409
 27840,  0.643,  0.072,  0.581,  0.288,  0.147,  5.688
 27900,  0.573,  0.062,  0.564,  0.270,  0.176,  5.656
 27960,  0.565, -9999.000,  0.737,  0.282,  0.225,  6.076
 28020,  0.644, -9999.000,  0.607,  0.284,  0.142,  6.996
 28080,  0.614, -9999.000,  0.784,  0.268,  0.145,  7.827
 28140,  0.619, -9999.000,  0.797,  0.294,  0.179,  8.451
 28200,  0.539, -9999.000,  0.740,  0.364,  0.142,  8.751
 28260,  0.649, -9999.000,  0.757,  0.238,  0.143,  8.773
 28320,  0.545, -9999.000,  0.868,  0.330,  0.203,  9.585
 28380,  0.663, -9999.000,  0.859,  0.364,  0.209, 10.770
 28440,  0.497, -9999.000,  0.970,  0.367,  0.196, 11.480
 28500,  0.557, -9999.000,  0.856,  0.436,  0.137, 12.698
 28560,  0.628, -9999.000,  0.921,  0.374,  0.178, 11.595
 28620,  0.557, -9999.000,  0.946,  0.399,  0.098, 11.749
 28680,  0.561, -9999.000,  0.880,  0.396,  0.191,  9.585
 28740,  0.701, -9999.000,  0.875,  0.393,  0.166,  9.909
 28800,  0.674, -9999.000,  0.973,  0.318,  0.123,  9.828
 28860,  0.551, -9999.000,  0.853,  0.454,  0.126,  9.325
 28920,  0.595, -9999.000,  0.824,  0.400,  0.083, 10.417
 28980,  0.514, -9999.000,  0.810,  0.356,  0.055, 10.182
 29040,  0.481, -9999.000,  0.774,  0.373,  0.095,  9.206
 29100, -9999.000, -9999.000, -9999.000, -9999.000, -9999.000, -9999.000
 29160,  0.539, -9999.000,  0.622,  0.262,  0.093,  8.042
 29220,  0.549, -9999.000,  0.731,  0.317,  0.102,  8.345
 29280,  0.655, -9999.000,  0.626,  0.288,  0.111,  8.999
 29340,  0.548, -9999.000,  0.613,  0.253,  0.104,  8.086
 29400,  0.481, -9999.000,  0.764,  0.184,  0.110,  8.062
 29460,  0.521, -9999.000,  0.615,  0.206,  0.119,  9.084
 29520,  0.485, -9999.000,  0.770,  0.205,  0.100,  9.447
 29580,  0.541, -9999.000,  0.654,  0.219,  0.187,  9.186
 29640,  0.579, -9999.000,  0.594,  0.153,  0.106,  8.180
 29700,  0.511, -9999.000,  0.654,  0.180,  0.148,  7.721
 29760,  0.457, -9999.000,  0.631,  0.151,  0.110,  7.268
 29820,  0.231, -9999.000,  0.440,  0.099,  0.006,  4.954
 29880,  0.061, -9999.000,  0.361,  0.079,  0.042,  4.473
 29940,  0.244, -9999.000,  0.418,  0.064,  0.017,  4.043
 30000,  0.556, -9999.000,  0.482,  0.106,  0.106,  5.324
 30060,  0.496, -9999.000,  0.598,  0.157,  0.111,  5.655
 30120,  0.490, -9999.000,  0.565,  0.080,  0.132,  5.339
 30180,  0.538, -9999.000,  0.623,  0.201,  0.166,  6.087
 30240,  0.553,  0.016,  0.751,  0.174,  0.128,  6.213
 30300,  0.675,  0.087,  0.699,  0.197,  0.120,  7.190
 30360,  0.680,  0.109,  0.717,  0.160,  0.154,  7.052
 30420,  0.657,  0.163,  0.583,  0.200,  0.150,  6.436
 30480,  0.630,  0.029,  0.682,  0.210,  0.140,  7.194
 30540,  0.627,  0.081,  0.719,  0.183,  0.199,  6.860
 30600,  0.546,  0.174,  0.665,  0.228,  0.137,  6.260
 30660,  0.517,  0.137,  0.737,  0.202,  0.168,  6.123
 30720,  0.331,  0.107,  0.747,  0.207,  0.180,  6.145
 30780,  0.563,  0.152,  0.646,  0.149,  0.188,  5.057
 30840,  0.448,  0.091,  0.518,  0.106,  0.124,  3.728
 30900,  0.558,  0.116,  0.479,  0.132,  0.281,  3.455
 30960, -9999.000, -9999.000, -9999.000, -9999.000, -9999.000, -9999.000
 31020,  0.240,  0.006,  0.452,  0.125,  0.093,  2.941
 31080,  0.466,  0.105,  0.567,  0.114,  0.105,  3.124
 31140,  0.535,  0.175,  0.500,  0.093,  0.180,  2.865
 31200,  0.550,  0.068,  0.565,  0.092,  0.174,  2.822
 31260,  0.499,  0.153,  0.473,  0.102,  0.132,  3.114
 31320,  0.802,  0.119,  0.441,  0.121,  0.103,  3.022
 31380,  0.558,  0.137,  0.497,  0.137,  0.144,  3.244
 31440,  0.652,  0.213,  0.562,  0.086,  0.124,  3.106
 31500,  0.628,  0.100,  0.494,  0.097,  0.187,  3.136
 31560,  0.570,  0.135,  0.612,  0.138,  0.190,  3.242
 31620,  0.484,  0.209,  0.494,  0.083,  0.170,  3.218
 31680,  0.585,  0.232,  0.479,  0.066,  0.202,  3.575
 31740,  0.675,  0.158,  0.586,  0.074,  0.161,  3.717
 31800,  0.614,  0.080,  0.513,  0.110,  0.160,  3.573
 31860,  0.562,  0.053,  0.590,  0.115,  0.129,  3.482
 31920,  0.594,  0.114,  0.650,  0.128,  0.196,  3.828
 31980,  0.801,  0.054,  0.646,  0.130,  0.207,  4.025
 32040,  0.518,  0.114,  0.596,  0.120,  0.123,  3.717
 32100,  0.602,  0.165,  0.539,  0.103,  0.123,  3.579
 32160,  0.598,  0.081,  0.686,  0.109,  0.126,  3.753
 32220,  0.729,  0.126,  0.607,  0.086,  0.146,  4.171
 32280,  0.567,  0.016,  0.607,  0.087,  0.112,  3.837
 32340,  0.663,  0.187,  0.556,  0.102,  0.158,  3.852
 32400,  0.635,  0.090,  0.529,  0.104,  0.146,  3.771
 32460,  0.611,  0.098,  0.648,  0.106,  0.186,  4.031
 32520,  0.745,  0.076,  0.520,  0.132,  0.185,  3.569
 32580,  0.754,  0.121,  0.501,  0.132,  0.129,  3.638
 32640,  0.799,  0.149,  0.544,  0.100,  0.122,  3.450
 32700,  0.726,  0.120,  0.652,  0.126,  0.138,  3.619
 32760,  0.719,  0.227,  0.591,  0.127,  0.206,  3.331
 32820,  0.912,  0.105,  0.661,  0.185,  0.286,  3.582
 32880,  0.567,  0.113,  0.532,  0.151,  0.186,  4.219
 32940,  0.683,  0.119,  0.697,  0.121,  0.137,  4.672
 33000,  0.719,  0.158,  0.682,  0.161,  0.207,  4.735
 33060,  0.625,  0.123,  0.661,  0.169,  0.169,  4.482
 33120,  0.597,  0.000,  0.728,  0.164,  0.175,  4.453
 33180,  0.536,  0.121,  0.666,  0.155,  0.129,  4.546
 33240,  0.644,  0.036,  0.587,  0.141,  0.147,  4.574
 33300,  0.602,  0.083,  0.607,  0.140,  0.175,  4.425
 33360,  0.615, -0.001,  0.639,  0.153,  0.198,  4.550
 33420,  0.561,  0.178,  0.592,  0.191,  0.179,  4.554
 33480,  0.756,  0.116,  0.620,  0.208,  0.240,  4.296
 33540,  0.568,  0.061,  0.603,  0.191,  0.200,  4.395
 33600,  0.434,  0.116,  0.680,  0.193,  0.147,  3.829
 33660,  0.484, -0.020,  0.690,  0.138,  0.176,  4.602
 33720,  0.610,  0.145,  0.676,  0.165,  0.138,  4.666
 33780,  0.553,  0.008,  0.641,  0.174,  0.181,  4.929
 33840,  0.529,  0.131,  0.654,  0.168,  0.203,  5.133
 33900,  0.536,  0.046,  0.597,  0.181,  0.198,  4.767
 33960,  0.456,  0.061,  0.598,  0.137,  0.186,  4.938
 34020,  0.472,  0.104,  0.602,  0.115,  0.224,  5.460
 34080,  0.488,  0.096,  0.603,  0.153,  0.193,  4.705
