CampaignData_and_Merges/R0/CSL_MobileLab_Parked/raw/20240804/USOS-jNO2_MobileLabGround_20240804_R0.ict
52,1001
Waxman, E.; Rollins, A.; Zuraski, K.; Chace, W.
NOAA Chemical Sciences Laboratory
jNO2 filter radiometer on CSL Mobile Lab
AMMBEC / USOS
1, 1
2024,08,04, 2025,04,01
60
Time_Start, seconds, number_of_seconds_since_0000_UTC
20
1, 1, 1, 1, 1, 1, 1, 1, 1, 1, 1, 1, 1, 1, 1, 1, 1, 1, 1, 1
-9999, -9999, -9999, -9999, -9999, -9999, -9999, -9999, -9999, -9999, -9999, -9999, -9999, -9999, -9999, -9999, -9999, -9999, -9999, -9999
Time_Stop, seconds, number_of_seconds_since_0000_UTC
jNO2_meas, per second, photolysis rate of NO2 measured using a filter radiometer.
jBrCl, per second, photolysis rate of BrCl -> Br + Cl calculated in TUV for cloud-free sky with local AOD
jBr2, per second, photolysis rate of Br2 -> Br + Br calculated in TUV for cloud-free sky with local AOD
jCCl4, per second, photolysis rate of CCl4 -> Products calcualted in TUV for cloud-free sky with local AOD
jCH2Oa, per second, photolysis rate of CH2O -> H + HCO calculated in TUV for cloud-free sky with local AOD
jCH2Ob, per second, photolysis rate of CH2O -> H2 + CO calculated in TUV for cloud-free sky with local AOD
jClNO2, per second, photolysis rate of ClNO2 -> Cl + NO2 calculated in TUV for cloud-free sky with local AOD
jClOa, per second, photolysis rate of ClO -> Cl + O(1D) calculated in TUV for cloud-free sky with local AOD
jClOb, per second, photolysis rate of ClO -> Cl + O(3P) calculated in TUV for cloud-free sky with local AOD
jCl2, per second, photolysis rate of Cl2 -> Cl + Cl calculated in TUV for cloud-free sky with local AOD
jHNO2, per second, photolysis rate of HNO2 -> OH + NO calculated in TUV for cloud-free sky with local AOD
jHNO3, per second, photolysis rate of HNO3 -> OH + NO2 calculated in TUV for cloud-free sky with local AOD
jI2, per second, photolysis rate of I2 -> I + I calculated in TUV for cloud-free sky with local AOD
jNO2, per second, photolysis rate of NO2 -> NO + O(3P) calculated in TUV for cloud-free sky with local AOD
jNO3a, per second, photolysis rate of NO3 -> NO + O2 calculated in TUV for cloud-free sky with local AOD
jNO3b, per second, photolysis rate of NO3 -> NO2 + O(3P) calculated in TUV for cloud-free sky with local AOD
jN2O5, per second, photolysis rate of N2O5 -> NO3 + NO + O(3P) calculated in TUV for cloud-free sky with local AOD
jO3, per second, photolysis rate of O3 -> O2 + O(1D) calculated in TUV for cloud-free sky with local AOD
AOD_500nm, unitless, UTC daily mean AOD at 500 nm from an AERONET station located at 40.178 N, -112.452 E
0
18
PI_CONTACT_INFO: eleanor.waxman@noaa.gov
PLATFORM: CSL Mobile Lab, at ground site
LOCATION: Salt Lake City, UT
ASSOCIATED_DATA:
INSTRUMENT_INFO: jNO2 filter radiometer.  TUV calculations are for mobile van lat/lon/altitude assuming clear sky (cloud AOD = 0) and daily mean AOD.
DATA_INFO:
UNCERTAINTY: Data uncertainties are +/- 20%.  These come from uncertainties in radiometer angular response, radiometer thermal response, local interferences from clouds/aerosols/shadows etc.
ULOD_FLAG: -7777
ULOD_VALUE: N/A
LLOD_FLAG: -8888
LLOD_VALUE: N/A
DM_CONTACT_INFO: eleanor.waxman@noaa.gov
PROJECT_INFO: USOS Project, July - August 2024
STIPULATIONS_ON_USE: Users are strongly encouraged to contact the PI for proper data usage.
OTHER_COMMENTS: 
REVISION: R0
R0: final data
Time_Start, Time_Stop, jNO2_meas, jBrCl, jBr2, jCCl4, jCH2Oa, jCH2Ob, jClNO2, jClOa, jClOb, jCl2, jHNO2, jHNO3, jI2, jNO2, jNO3a, jNO3b, jN2O5, jO3, AOD_500nm
       0,      60,0.00084409,0.007573,0.02438,1.782e-25,1.398e-05,2.543e-05,0.0002547,6.32e-26,1.093e-05,0.001377,0.0009417,1.968e-07,0.09108,0.005988,0.01806,0.1423,2.126e-05,6.774e-06,0.084
      60,     120,0.00082561,0.007542,0.0243,1.751e-25,1.384e-05,2.524e-05,0.0002528,6.214e-26,1.075e-05,0.001369,0.0009363,1.944e-07,0.09086,0.005956,0.01802,0.142,2.109e-05,6.661e-06,0.084
     120,     180,0.00081113,0.007512,0.02423,1.722e-25,1.371e-05,2.505e-05,0.0002511,6.116e-26,1.059e-05,0.001361,0.0009311,1.922e-07,0.09064,0.005926,0.01799,0.1417,2.093e-05,6.556e-06,0.084
     180,     240,0.00079561,0.00748,0.02415,1.693e-25,1.357e-05,2.485e-05,0.0002492,6.014e-26,1.041e-05,0.001352,0.0009256,1.898e-07,0.09041,0.005894,0.01795,0.1414,2.076e-05,6.444e-06,0.084
     240,     300,0.00078336,0.007449,0.02407,1.664e-25,1.343e-05,2.466e-05,0.0002473,5.914e-26,1.024e-05,0.001343,0.0009201,1.874e-07,0.09018,0.005862,0.01791,0.141,2.059e-05,6.334e-06,0.084
     300,     360,0.00077553,0.007418,0.02399,1.637e-25,1.33e-05,2.447e-05,0.0002455,5.822e-26,1.008e-05,0.001335,0.0009148,1.852e-07,0.08996,0.005831,0.01788,0.1407,2.043e-05,6.231e-06,0.084
     360,     420,0.00077078,0.007386,0.02391,1.61e-25,1.316e-05,2.427e-05,0.0002436,5.727e-26,9.906e-06,0.001326,0.0009092,1.829e-07,0.08972,0.005798,0.01784,0.1404,2.026e-05,6.123e-06,0.084
     420,     480,0.00077021,0.007353,0.02382,1.583e-25,1.302e-05,2.407e-05,0.0002417,5.634e-26,9.737e-06,0.001317,0.0009035,1.805e-07,0.08948,0.005765,0.0178,0.14,2.008e-05,6.015e-06,0.084
     480,     540,0.00077447,0.007322,0.02374,1.558e-25,1.289e-05,2.388e-05,0.0002399,5.548e-26,9.578e-06,0.001309,0.0008981,1.783e-07,0.08925,0.005734,0.01776,0.1397,1.992e-05,5.915e-06,0.084
     540,     600,0.00078392,0.007288,0.02366,1.532e-25,1.275e-05,2.367e-05,0.0002379,5.458e-26,9.411e-06,0.0013,0.0008924,1.76e-07,0.089,0.005701,0.01772,0.1393,1.975e-05,5.809e-06,0.084
     600,     660,0.00079604,0.007254,0.02357,1.507e-25,1.262e-05,2.347e-05,0.000236,5.37e-26,9.245e-06,0.001291,0.0008866,1.737e-07,0.08875,0.005667,0.01768,0.1389,1.957e-05,5.704e-06,0.084
     660,     720,0.00081497,0.007222,0.02349,1.483e-25,1.248e-05,2.328e-05,0.0002342,5.289e-26,9.09e-06,0.001282,0.0008811,1.715e-07,0.08851,0.005635,0.01764,0.1386,1.941e-05,5.606e-06,0.084
     720,     780,0.00083351,0.007188,0.0234,1.459e-25,1.235e-05,2.308e-05,0.0002322,5.205e-26,8.927e-06,0.001273,0.0008752,1.692e-07,0.08826,0.0056,0.0176,0.1382,1.923e-05,5.503e-06,0.084
     780,     840,0.00085246,0.007153,0.02331,1.435e-25,1.221e-05,2.287e-05,0.0002302,5.122e-26,8.766e-06,0.001264,0.0008693,1.669e-07,0.088,0.005566,0.01756,0.1378,1.906e-05,5.401e-06,0.084
     840,     900,0.00086574,0.00712,0.02323,1.413e-25,1.207e-05,2.268e-05,0.0002284,5.046e-26,8.615e-06,0.001255,0.0008637,1.647e-07,0.08775,0.005533,0.01752,0.1375,1.889e-05,5.306e-06,0.084
     900,     960,0.00087526,0.007085,0.02313,1.39e-25,1.193e-05,2.247e-05,0.0002264,4.966e-26,8.455e-06,0.001246,0.0008577,1.624e-07,0.08749,0.005498,0.01748,0.1371,1.871e-05,5.205e-06,0.084
     960,    1020,0.00087896,0.007049,0.02304,1.367e-25,1.18e-05,2.226e-05,0.0002244,4.889e-26,8.297e-06,0.001236,0.0008517,1.601e-07,0.08722,0.005463,0.01743,0.1367,1.854e-05,5.106e-06,0.084
    1020,    1080,0.00087979,0.007015,0.02296,1.347e-25,1.166e-05,2.207e-05,0.0002225,4.817e-26,8.15e-06,0.001228,0.000846,1.58e-07,0.08696,0.005429,0.01739,0.1363,1.837e-05,5.014e-06,0.084
    1080,    1140,0.00087334,0.006979,0.02286,1.325e-25,1.152e-05,2.186e-05,0.0002205,4.742e-26,7.995e-06,0.001218,0.0008398,1.557e-07,0.08669,0.005393,0.01734,0.1359,1.819e-05,4.917e-06,0.084
    1140,    1200,0.00086033,0.006942,0.02277,1.304e-25,1.139e-05,2.165e-05,0.0002185,4.668e-26,7.842e-06,0.001209,0.0008337,1.535e-07,0.08641,0.005357,0.0173,0.1355,1.801e-05,4.821e-06,0.084
    1200,    1260,0.00083979,0.006908,0.02267,1.284e-25,1.125e-05,2.145e-05,0.0002166,4.6e-26,7.698e-06,0.0012,0.0008279,1.513e-07,0.08614,0.005323,0.01726,0.1351,1.784e-05,4.731e-06,0.084
    1260,    1320,0.00081612,0.00687,0.02258,1.264e-25,1.111e-05,2.124e-05,0.0002146,4.529e-26,7.548e-06,0.00119,0.0008216,1.491e-07,0.08586,0.005286,0.01721,0.1347,1.767e-05,4.636e-06,0.084
    1320,    1380,0.00079069,0.006833,0.02248,1.244e-25,1.098e-05,2.103e-05,0.0002126,4.46e-26,7.398e-06,0.00118,0.0008154,1.469e-07,0.08557,0.005249,0.01716,0.1343,1.749e-05,4.543e-06,0.084
    1380,    1440,0.00076097,0.006797,0.02239,1.225e-25,1.084e-05,2.083e-05,0.0002107,4.396e-26,7.259e-06,0.001171,0.0008094,1.448e-07,0.08529,0.005214,0.01712,0.1339,1.732e-05,4.456e-06,0.084
    1440,    1500,0.00073471,0.006758,0.02229,1.206e-25,1.07e-05,2.061e-05,0.0002086,4.329e-26,7.113e-06,0.001161,0.0008031,1.426e-07,0.08499,0.005177,0.01707,0.1334,1.714e-05,4.365e-06,0.084
    1500,    1560,0.0007047,0.00672,0.02218,1.187e-25,1.057e-05,2.04e-05,0.0002066,4.263e-26,6.968e-06,0.001152,0.0007967,1.404e-07,0.08469,0.005139,0.01702,0.133,1.696e-05,4.275e-06,0.084
    1560,    1620,0.00068127,0.006683,0.02209,1.169e-25,1.043e-05,2.02e-05,0.0002047,4.202e-26,6.833e-06,0.001142,0.0007906,1.383e-07,0.08441,0.005103,0.01697,0.1326,1.679e-05,4.191e-06,0.084
    1620,    1680,0.00064969,0.006643,0.02198,1.151e-25,1.03e-05,1.998e-05,0.0002026,4.138e-26,6.691e-06,0.001132,0.0007841,1.362e-07,0.0841,0.005065,0.01692,0.1321,1.661e-05,4.102e-06,0.084
    1680,    1740,0.00061915,0.006604,0.02188,1.133e-25,1.016e-05,1.977e-05,0.0002005,4.076e-26,6.551e-06,0.001122,0.0007776,1.34e-07,0.08379,0.005027,0.01687,0.1317,1.643e-05,4.015e-06,0.084
    1740,    1800,0.00059549,0.006566,0.02178,1.116e-25,1.003e-05,1.957e-05,0.0001986,4.018e-26,6.42e-06,0.001113,0.0007715,1.32e-07,0.08349,0.00499,0.01682,0.1312,1.626e-05,3.934e-06,0.084
    1800,    1860,0.00057513,0.006525,0.02167,1.099e-25,9.889e-06,1.935e-05,0.0001965,3.958e-26,6.283e-06,0.001103,0.0007649,1.298e-07,0.08317,0.004951,0.01677,0.1308,1.607e-05,3.849e-06,0.084
    1860,    1920,0.00055078,0.006484,0.02156,1.082e-25,9.751e-06,1.913e-05,0.0001944,3.899e-26,6.147e-06,0.001093,0.0007582,1.277e-07,0.08285,0.004912,0.01671,0.1303,1.589e-05,3.765e-06,0.084
    1920,    1980,0.00053555,0.006446,0.02146,1.066e-25,9.621e-06,1.893e-05,0.0001925,3.844e-26,6.02e-06,0.001083,0.0007519,1.257e-07,0.08254,0.004874,0.01666,0.1298,1.572e-05,3.687e-06,0.084
    1980,    2040,0.00052307,0.006404,0.02135,1.05e-25,9.483e-06,1.871e-05,0.0001904,3.787e-26,5.888e-06,0.001073,0.0007452,1.236e-07,0.08221,0.004835,0.01661,0.1293,1.554e-05,3.605e-06,0.084
    2040,    2100,0.00051561,0.006362,0.02123,1.034e-25,9.346e-06,1.849e-05,0.0001883,3.73e-26,5.757e-06,0.001063,0.0007385,1.215e-07,0.08187,0.004794,0.01655,0.1289,1.536e-05,3.524e-06,0.084
    2100,    2160,0.0005134,0.006322,0.02113,1.019e-25,9.217e-06,1.829e-05,0.0001863,3.678e-26,5.635e-06,0.001053,0.0007321,1.195e-07,0.08155,0.004756,0.0165,0.1284,1.518e-05,3.449e-06,0.084
    2160,    2220,0.00050976,0.006279,0.02101,1.003e-25,9.08e-06,1.807e-05,0.0001842,3.624e-26,5.507e-06,0.001043,0.0007253,1.175e-07,0.0812,0.004716,0.01644,0.1279,1.5e-05,3.37e-06,0.084
    2220,    2280,0.00051649,0.006236,0.0209,9.878e-26,8.944e-06,1.785e-05,0.0001821,3.57e-26,5.38e-06,0.001032,0.0007184,1.154e-07,0.08085,0.004675,0.01638,0.1274,1.482e-05,3.292e-06,0.084
    2280,    2340,0.00051706,0.006195,0.02079,9.736e-26,8.816e-06,1.764e-05,0.0001801,3.52e-26,5.263e-06,0.001023,0.0007119,1.135e-07,0.08052,0.004636,0.01633,0.1269,1.465e-05,3.22e-06,0.084
    2340,    2400,0.00052068,0.006151,0.02067,9.587e-26,8.68e-06,1.743e-05,0.000178,3.469e-26,5.14e-06,0.001012,0.0007049,1.114e-07,0.08016,0.004594,0.01627,0.1263,1.446e-05,3.145e-06,0.084
    2400,    2460,0.00052738,0.006107,0.02055,9.441e-26,8.545e-06,1.721e-05,0.0001759,3.418e-26,5.018e-06,0.001002,0.000698,1.094e-07,0.0798,0.004552,0.01621,0.1258,1.428e-05,3.07e-06,0.084
    2460,    2520,0.00053186,0.006065,0.02043,9.305e-26,8.418e-06,1.7e-05,0.0001739,3.37e-26,4.906e-06,0.0009918,0.0006914,1.075e-07,0.07945,0.004513,0.01615,0.1253,1.411e-05,3.001e-06,0.084
    2520,    2580,0.00054259,0.00602,0.02031,9.164e-26,8.283e-06,1.678e-05,0.0001717,3.321e-26,4.787e-06,0.0009812,0.0006843,1.055e-07,0.07908,0.004471,0.01609,0.1247,1.392e-05,2.929e-06,0.084
    2580,    2640,0.00056049,0.005974,0.02019,9.023e-26,8.148e-06,1.656e-05,0.0001696,3.272e-26,4.67e-06,0.0009705,0.0006772,1.036e-07,0.0787,0.004428,0.01602,0.1242,1.374e-05,2.857e-06,0.084
    2640,    2700,0.00058204,0.005931,0.02007,8.894e-26,8.023e-06,1.635e-05,0.0001676,3.227e-26,4.562e-06,0.0009605,0.0006705,1.017e-07,0.07834,0.004387,0.01596,0.1236,1.357e-05,2.791e-06,0.084
    2700,    2760,0.00060204,0.005884,0.01994,8.759e-26,7.889e-06,1.613e-05,0.0001655,3.18e-26,4.449e-06,0.0009498,0.0006633,9.978e-08,0.07795,0.004344,0.0159,0.1231,1.338e-05,2.722e-06,0.084
    2760,    2820,0.00062611,0.005837,0.01981,8.627e-26,7.757e-06,1.591e-05,0.0001633,3.133e-26,4.337e-06,0.000939,0.0006561,9.785e-08,0.07756,0.004301,0.01583,0.1225,1.32e-05,2.654e-06,0.084
    2820,    2880,0.00064267,0.005793,0.01969,8.504e-26,7.632e-06,1.57e-05,0.0001613,3.09e-26,4.233e-06,0.0009289,0.0006493,9.605e-08,0.07718,0.00426,0.01577,0.1219,1.303e-05,2.591e-06,0.084
    2880,    2940,0.00065857,0.005745,0.01956,8.375e-26,7.5e-06,1.548e-05,0.0001592,3.045e-26,4.124e-06,0.000918,0.000642,9.414e-08,0.07678,0.004216,0.0157,0.1213,1.285e-05,2.525e-06,0.084
    2940,    3000,0.00067084,0.005697,0.01943,8.248e-26,7.369e-06,1.526e-05,0.000157,3e-26,4.018e-06,0.0009071,0.0006347,9.226e-08,0.07637,0.004172,0.01563,0.1207,1.266e-05,2.46e-06,0.084
    3000,    3060,0.0006749,0.005652,0.0193,8.131e-26,7.246e-06,1.505e-05,0.000155,2.959e-26,3.919e-06,0.0008969,0.0006278,9.051e-08,0.07598,0.00413,0.01557,0.1201,1.249e-05,2.4e-06,0.084
    3060,    3120,0.00068089,0.005603,0.01916,8.008e-26,7.116e-06,1.483e-05,0.0001528,2.916e-26,3.815e-06,0.0008859,0.0006203,8.865e-08,0.07556,0.004085,0.0155,0.1195,1.231e-05,2.337e-06,0.084
    3120,    3180,0.00067263,0.005553,0.01903,7.887e-26,6.987e-06,1.46e-05,0.0001507,2.874e-26,3.713e-06,0.0008749,0.000613,8.682e-08,0.07513,0.00404,0.01542,0.1189,1.212e-05,2.276e-06,0.084
    3180,    3240,0.00066903,0.005506,0.01889,7.775e-26,6.871e-06,1.44e-05,0.0001487,2.834e-26,3.619e-06,0.0008647,0.0006059,8.514e-08,0.07472,0.003996,0.01535,0.1183,1.196e-05,2.219e-06,0.084
    3240,    3300,0.00065701,0.005453,0.01875,7.657e-26,6.735e-06,1.416e-05,0.0001464,2.793e-26,3.519e-06,0.0008529,0.0005981,8.327e-08,0.07428,0.003949,0.01528,0.1176,1.176e-05,2.158e-06,0.084
    3300,    3360,0.00063783,0.005399,0.01861,7.541e-26,6.607e-06,1.393e-05,0.000144,2.752e-26,3.422e-06,0.0008405,0.000589,8.146e-08,0.07384,0.003895,0.01521,0.117,1.157e-05,2.099e-06,0.084
    3360,    3420,0.0006213,0.005358,0.01848,7.433e-26,6.487e-06,1.375e-05,0.0001423,2.714e-26,3.332e-06,0.0008321,0.0005839,7.981e-08,0.07342,0.003863,0.01513,0.1163,1.142e-05,2.045e-06,0.084
    3420,    3480,0.00059816,0.005306,0.01833,7.32e-26,6.367e-06,1.353e-05,0.0001402,2.674e-26,3.24e-06,0.000821,0.0005764,7.812e-08,0.07296,0.003816,0.01506,0.1157,1.124e-05,1.99e-06,0.084
    3480,    3540,0.0005694,0.005255,0.01818,7.209e-26,6.241e-06,1.331e-05,0.000138,2.635e-26,3.148e-06,0.0008099,0.0005688,7.639e-08,0.0725,0.00377,0.01498,0.115,1.106e-05,1.935e-06,0.084
    3540,    3600,0.00054519,0.005205,0.01804,7.105e-26,6.124e-06,1.31e-05,0.000136,2.599e-26,3.064e-06,0.0007993,0.0005616,7.478e-08,0.07205,0.003726,0.0149,0.1143,1.089e-05,1.884e-06,0.084
    3600,    3660,0.00051728,0.005152,0.01789,6.997e-26,6e-06,1.289e-05,0.0001339,2.561e-26,2.975e-06,0.0007881,0.0005539,7.309e-08,0.07158,0.003679,0.01482,0.1136,1.071e-05,1.83e-06,0.084
    3660,    3720,0.00049742,0.005099,0.01774,6.891e-26,5.877e-06,1.267e-05,0.0001317,2.523e-26,2.886e-06,0.0007769,0.0005463,7.139e-08,0.07109,0.003631,0.01474,0.1129,1.053e-05,1.777e-06,0.084
    3720,    3780,0.00047452,0.005048,0.0176,6.793e-26,5.762e-06,1.246e-05,0.0001297,2.489e-26,2.807e-06,0.0007664,0.000539,6.984e-08,0.07063,0.003587,0.01466,0.1122,1.036e-05,1.729e-06,0.084
    3780,    3840,0.00044912,0.004994,0.01744,6.689e-26,5.642e-06,1.224e-05,0.0001276,2.452e-26,2.724e-06,0.0007551,0.0005313,6.821e-08,0.07014,0.003539,0.01457,0.1115,1.018e-05,1.679e-06,0.084
    3840,    3900,0.00042465,0.00494,0.01728,6.587e-26,5.521e-06,1.203e-05,0.0001254,2.416e-26,2.641e-06,0.0007439,0.0005236,6.658e-08,0.06963,0.003491,0.01449,0.1107,1e-05,1.63e-06,0.084
    3900,    3960,0.00040072,0.004888,0.01713,6.492e-26,5.409e-06,1.182e-05,0.0001234,2.383e-26,2.565e-06,0.0007332,0.0005162,6.507e-08,0.06915,0.003446,0.0144,0.11,9.834e-06,1.584e-06,0.084
    3960,    4020,0.00037809,0.004832,0.01697,6.393e-26,5.291e-06,1.161e-05,0.0001213,2.347e-26,2.486e-06,0.0007219,0.0005085,6.35e-08,0.06863,0.003398,0.01431,0.1092,9.657e-06,1.537e-06,0.084
    4020,    4080,0.0003582,0.004777,0.01681,6.295e-26,5.174e-06,1.139e-05,0.0001191,2.313e-26,2.409e-06,0.0007106,0.0005007,6.194e-08,0.06811,0.003349,0.01422,0.1084,9.481e-06,1.491e-06,0.084
    4080,    4140,0.00034173,0.004724,0.01665,6.204e-26,5.065e-06,1.119e-05,0.0001171,2.281e-26,2.337e-06,0.0007,0.0004933,6.049e-08,0.0676,0.003303,0.01414,0.1077,9.315e-06,1.448e-06,0.084
    4140,    4200,0.00031856,0.004667,0.01649,6.108e-26,4.95e-06,1.098e-05,0.000115,2.247e-26,2.263e-06,0.0006887,0.0004855,5.897e-08,0.06706,0.003254,0.01404,0.1069,9.14e-06,1.404e-06,0.084
    4200,    4260,0.00030416,0.00461,0.01632,6.014e-26,4.836e-06,1.077e-05,0.0001129,2.213e-26,2.191e-06,0.0006773,0.0004776,5.747e-08,0.06652,0.003205,0.01395,0.106,8.965e-06,1.36e-06,0.084
    4260,    4320,0.00029507,0.004555,0.01616,5.926e-26,4.729e-06,1.057e-05,0.0001109,2.182e-26,2.124e-06,0.0006666,0.0004702,5.607e-08,0.06599,0.003159,0.01386,0.1053,8.801e-06,1.32e-06,0.084
    4320,    4380,0.000284,0.004497,0.01598,5.834e-26,4.618e-06,1.036e-05,0.0001088,2.15e-26,2.055e-06,0.0006553,0.0004623,5.461e-08,0.06542,0.003109,0.01376,0.1044,8.629e-06,1.279e-06,0.084
    4380,    4440,0.00027323,0.004439,0.01581,5.743e-26,4.507e-06,1.015e-05,0.0001067,2.117e-26,1.987e-06,0.000644,0.0004545,5.317e-08,0.06485,0.00306,0.01366,0.1036,8.456e-06,1.238e-06,0.084
    4440,    4500,0.00026638,0.004383,0.01564,5.659e-26,4.404e-06,9.95e-06,0.0001048,2.087e-26,1.925e-06,0.0006333,0.000447,5.184e-08,0.0643,0.003013,0.01356,0.1027,8.295e-06,1.201e-06,0.084
    4500,    4560,0.00026178,0.004324,0.01547,5.57e-26,4.296e-06,9.742e-06,0.0001027,2.056e-26,1.86e-06,0.000622,0.0004391,5.044e-08,0.06371,0.002963,0.01346,0.1018,8.125e-06,1.162e-06,0.084
    4560,    4620,0.00024686,0.004264,0.01528,5.483e-26,4.188e-06,9.536e-06,0.0001006,2.025e-26,1.797e-06,0.0006107,0.0004312,4.906e-08,0.06311,0.002913,0.01336,0.1009,7.955e-06,1.125e-06,0.084
    4620,    4680,0.00023584,0.004207,0.01511,5.402e-26,4.089e-06,9.343e-06,9.87e-05,1.996e-26,1.739e-06,0.0006001,0.0004238,4.779e-08,0.06254,0.002866,0.01326,0.1001,7.797e-06,1.09e-06,0.084
    4680,    4740,0.00022426,0.004146,0.01493,5.316e-26,3.984e-06,9.14e-06,9.665e-05,1.966e-26,1.679e-06,0.0005888,0.0004159,4.646e-08,0.06193,0.002816,0.01315,0.09915,7.63e-06,1.054e-06,0.084
    4740,    4800,0.00021719,0.004085,0.01474,5.232e-26,3.881e-06,8.937e-06,9.461e-05,1.936e-26,1.62e-06,0.0005775,0.000408,4.515e-08,0.0613,0.002765,0.01304,0.09821,7.463e-06,1.019e-06,0.084
    4800,    4860,0.00021029,0.004027,0.01457,5.154e-26,3.785e-06,8.748e-06,9.27e-05,1.908e-26,1.566e-06,0.0005669,0.0004006,4.393e-08,0.0607,0.002718,0.01293,0.09731,7.308e-06,9.866e-07,0.084
    4860,    4920,0.00019721,0.003965,0.01437,5.072e-26,3.684e-06,8.549e-06,9.069e-05,1.878e-26,1.51e-06,0.0005557,0.0003927,4.266e-08,0.06006,0.002667,0.01282,0.09634,7.144e-06,9.534e-07,0.084
    4920,    4980,0.00018813,0.003902,0.01418,4.973e-26,3.584e-06,8.35e-06,8.866e-05,1.845e-26,1.456e-06,0.0005444,0.0003847,4.141e-08,0.05939,0.002616,0.0127,0.09534,6.979e-06,9.207e-07,0.084
