CampaignData_and_Merges/R0/CSL_MobileLab_Parked/raw/20240804/USOS-NOAAIodideCIMS-Halogens_MobileLabGround_20240804_RA.ict
38, 1001
Michael A Robinson, Chris Jernigan, Subi Thakali
NOAA ESRL Chemical Sciences Laboratory and CIRES, U. of Colorado
NOAA Iodide CIMS Instrument
USOS
1, 1
2024, 08, 04, 2024, 08, 05
1
starttime_UTC, seconds_past_midnight, seconds_of_day_since_00:00:00_UTC
6
1, 1, 1, 1, 1, 1
-9999, -9999, -9999, -9999, -9999, -9999
Br2_NOAACIMS, pptv, Gas_Br2_InSitu_S_AVMR, 
BrO_NOAACIMS, pptv, Gas_BrO_InSitu_S_AVMR, 
Cl2_NOAACIMS, pptv, Gas_Cl2_InSitu_S_AVMR, 
ClNO2_NOAACIMS, pptv, Gas_ClNO2_InSitu_S_AVMR, 
BrCl_NOAACIMS, pptv, Gas_BrCl_InSitu_S_AVMR, 
NCl3_NOAACIMS, pptv, Gas_NCl3_InSitu_S_AVMR, 
0
18
PI_CONTACT_INFO: 325 Broadway, R/CSD 7, Boulder, Colorado 80305; michael.a.robinson@noaa.gov; chris.jernigan@noaa.gov;
PLATFORM: NOAA CSL Mobile Lab
LOCATION: SLC, Utah
ASSOCIATED_DATA: 1Hz data also available on request.
INSTRUMENT_INFO: NOAA I- ToF CIMS
DATA_INFO: All data in parts per trillion by volume (pptv). 1 Hz data is available upon request.
UNCERTAINTY: TBD
ULOD_FLAG: -7777
ULOD_VALUE: N/A
LLOD_FLAG: -8888
LLOD_VALUE: N/A
DM_CONTACT_INFO: Nathan Howard; nathan.h.howard@noaa.gov
PROJECT_INFO: USOS, summer 2024. https://csl.noaa.gov/groups/csl7/measurements/2024usos/
STIPULATIONS_ON_USE: Users are strongly encouraged to contact the PI for proper data usage.
OTHER_COMMENTS: 
REVISION: RA
RA: Preliminary Data; For in-field use only
starttime_UTC, Br2_NOAACIMS, BrO_NOAACIMS, Cl2_NOAACIMS, ClNO2_NOAACIMS, BrCl_NOAACIMS, NCl3_NOAACIMS
[from data line 1138]
 68280,  1.584,  0.154,  0.557,  0.089,  0.181,  0.109
 68340,  1.440,  0.253,  0.460,  0.065,  0.250,  0.138
 68400,  0.996,  0.176,  0.417,  0.042,  0.166,  0.132
 68460,  1.473,  0.341,  0.547,  0.087,  0.255,  0.233
 68520,  1.286,  0.143,  0.734,  0.079,  0.249,  0.159
 68580,  1.390,  0.213,  0.585,  0.073,  0.217,  0.185
 68640,  1.176,  0.222,  0.746,  0.073,  0.165,  0.080
 68700,  1.609,  0.388,  0.619,  0.073,  0.209,  0.142
 68760,  1.758,  0.249,  0.871,  0.124,  0.229,  0.189
 68820,  1.670,  0.291,  0.695,  0.107,  0.247,  0.257
 68880,  1.763,  0.263,  0.624,  0.082,  0.216,  0.276
 68940,  1.810,  0.278,  0.687,  0.075,  0.238,  0.237
 69000,  1.214,  0.155,  0.479,  0.070,  0.147,  0.161
 69060,  1.445,  0.238,  0.569,  0.062,  0.178,  0.244
 69120,  1.487,  0.212,  0.557,  0.081,  0.207,  0.164
 69180,  1.645,  0.280,  0.642,  0.070,  0.211,  0.297
 69240, -0.044, -0.003,  0.466, -0.003, -0.006, -0.004
 69300,  1.627,  0.268,  0.640,  0.050,  0.166,  0.280
 69360,  1.756,  0.275,  0.651,  0.106,  0.266,  0.253
 69420,  1.756,  0.424,  0.632,  0.086,  0.253,  0.217
 69480,  1.915,  0.271,  0.533,  0.087,  0.193,  0.196
 69540,  1.461,  0.157,  0.443,  0.107,  0.219,  0.245
 69600,  1.766,  0.227,  0.536,  0.107,  0.271,  0.288
 69660,  1.583,  0.270,  0.510,  0.074,  0.164,  0.229
 69720,  1.738,  0.236,  0.653,  0.123,  0.295,  0.281
 69780,  1.685,  0.322,  0.676,  0.103,  0.293,  0.281
 69840,  1.597,  0.264,  0.439,  0.109,  0.242,  0.244
 69900,  1.428,  0.304,  0.609,  0.097,  0.231,  0.178
 69960,  1.572,  0.172,  0.449,  0.085,  0.225,  0.249
 70020,  1.603,  0.267,  0.545,  0.098,  0.219,  0.209
 70080,  1.517,  0.280,  0.728,  0.091,  0.231,  0.212
 70140,  1.465,  0.170,  0.625,  0.159,  0.310,  0.346
 70200,  1.071,  0.104,  0.688,  0.098,  0.231,  0.130
 70260,  1.593,  0.057,  0.866,  0.117,  0.243,  0.215
 70320,  1.313,  0.169,  0.619,  0.104,  0.260,  0.202
 70380,  1.219,  0.192,  0.619,  0.122,  0.196,  0.256
 70440,  1.432,  0.133,  0.663,  0.150,  0.186,  0.172
 70500,  1.053,  0.109,  0.596,  0.102,  0.199,  0.162
 70560,  0.537, -0.092,  0.401,  0.056,  0.085,  0.035
 70620,  1.326,  0.041,  0.344,  0.101,  0.157,  0.230
 70680,  0.648, -0.024,  0.477,  0.080,  0.121,  0.133
 70740,  0.219, -0.049,  0.471,  0.059,  0.039, -0.058
 70800,  0.007, -0.123,  0.280,  0.064,  0.028, -0.037
 70860,  0.473, -0.159,  0.425,  0.083,  0.119,  0.054
 70920,  0.649,  0.004,  0.393,  0.104,  0.127,  0.022
 70980,  0.910, -0.040,  0.483,  0.069,  0.169,  0.150
 71040,  0.383, -0.186,  0.283,  0.038,  0.055,  0.034
 71100, -9999.000, -9999.000, -9999.000, -9999.000, -9999.000, -9999.000
 71160,  0.843,  0.104,  0.573,  0.078,  0.212,  0.103
 71220,  1.096, -0.007,  0.657,  0.099,  0.158,  0.135
 71280,  0.614,  0.045,  0.489,  0.079,  0.125,  0.037
 71340,  0.845, -0.094,  0.682,  0.072,  0.173,  0.136
 71400,  0.996,  0.026,  0.496,  0.061,  0.135,  0.084
 71460,  0.905, -0.021,  0.478,  0.088,  0.164,  0.038
 71520,  0.774,  0.058,  0.319,  0.057,  0.130,  0.039
 71580,  0.940,  0.063,  0.664,  0.076,  0.208,  0.125
 71640,  1.049,  0.192,  0.516,  0.081,  0.130,  0.110
 71700,  0.831,  0.069,  0.680,  0.123,  0.140,  0.028
 71760,  0.861,  0.119,  0.636,  0.103,  0.210,  0.112
 71820,  0.954,  0.067,  0.640,  0.046,  0.164,  0.059
 71880,  0.939, -0.028,  0.676,  0.076,  0.159,  0.035
 71940,  0.836,  0.060,  0.538,  0.068,  0.184, -0.073
 72000,  0.879,  0.061,  0.585,  0.100,  0.119,  0.067
 72060,  1.009,  0.100,  0.415,  0.143,  0.114,  0.129
 72120,  0.763,  0.237,  0.444,  0.080,  0.141,  0.047
 72180,  0.825,  0.156,  0.402,  0.131,  0.137, -0.119
 72240,  0.683,  0.027,  0.415,  0.060,  0.110, -0.018
 72300,  0.882,  0.128,  0.521,  0.143,  0.111, -0.062
 72360,  0.689,  0.029,  0.599,  0.114,  0.121, -0.088
 72420,  0.644,  0.086,  0.403,  0.085,  0.103, -0.102
 72480,  0.444,  0.034,  0.564,  0.066,  0.083, -0.120
 72540,  0.838,  0.172,  0.699,  0.051,  0.133, -0.108
 72600,  0.623, -0.030,  0.552,  0.038,  0.091, -0.176
 72660,  0.714,  0.123,  0.670,  0.044,  0.100, -0.066
 72720,  0.571,  0.090,  0.880,  0.080,  0.140, -0.047
 72780,  0.545,  0.118,  0.718,  0.072,  0.140, -0.120
 72840,  0.918,  0.192,  0.712,  0.085,  0.171, -0.125
 72900,  0.757,  0.272,  0.787,  0.036,  0.048, -0.115
 72960,  0.938,  0.085,  0.889, -0.022,  0.091, -0.216
 73020,  0.453,  0.147,  0.509,  0.057,  0.082, -0.146
 73080,  0.665,  0.080,  0.491,  0.074,  0.042, -0.124
 73140,  0.723,  0.094,  0.506,  0.051,  0.131, -0.164
 73200,  0.670,  0.141,  0.562,  0.077,  0.119, -0.040
 73260,  0.852,  0.167,  0.597,  0.070,  0.115, -0.035
 73320,  0.730,  0.186,  0.448,  0.079,  0.110, -0.025
 73380,  0.797,  0.198,  0.512,  0.041,  0.086, -0.151
 73440,  0.774,  0.247,  0.583,  0.047,  0.190, -0.054
 73500,  0.824,  0.266,  0.598,  0.031,  0.097, -0.003
 73560,  1.083,  0.262,  0.857,  0.069,  0.225, -0.026
 73620,  0.825,  0.161,  0.861,  0.116,  0.233, -0.038
 73680,  0.767,  0.246,  0.714,  0.046,  0.120, -0.025
 73740,  0.900,  0.235,  0.852,  0.086,  0.267,  0.003
 73800,  0.823,  0.209,  0.715,  0.069,  0.082,  0.090
 73860,  0.888,  0.263,  0.568,  0.077,  0.150,  0.002
 73920,  0.994,  0.183,  0.622,  0.037,  0.074,  0.027
 73980,  1.025,  0.143,  0.612,  0.080,  0.083,  0.051
 74040,  1.065,  0.275,  0.478,  0.038,  0.149,  0.060
 74100,  0.938,  0.361,  0.670,  0.076,  0.142,  0.173
 74160,  0.770,  0.349,  0.739,  0.039,  0.140,  0.051
 74220,  0.639,  0.124,  0.606,  0.020,  0.088, -0.061
 74280,  0.776,  0.211,  0.547,  0.069,  0.056, -0.000
 74340,  0.396,  0.162,  0.469,  0.028, -9999.000, -0.016
 74400,  1.246,  0.282,  0.392,  0.056, -9999.000,  0.076
 74460,  1.152,  0.128,  0.754,  0.072, -9999.000,  0.095
 74520,  1.211,  0.292,  0.812,  0.047, -9999.000,  0.083
 74580,  0.734,  0.130,  0.460,  0.042, -9999.000, -0.044
 74640,  1.146,  0.379,  0.531,  0.117, -9999.000,  0.098
 74700,  0.904,  0.155,  0.572,  0.043, -9999.000,  0.107
 74760, -0.350, -0.105,  0.140, -0.042, -9999.000, -0.192
 74820, -9999.000, -9999.000, -9999.000, -9999.000, -9999.000, -9999.000
 74880,  0.060,  0.024,  0.232,  0.044, -9999.000, -0.034
 74940,  0.405,  0.115,  0.246, -0.017, -9999.000, -0.022
 75000,  0.682,  0.263,  0.373,  0.061, -9999.000,  0.112
 75060,  0.431,  0.194,  0.462,  0.034, -9999.000, -0.053
 75120,  0.938,  0.345,  0.503,  0.064, -9999.000,  0.214
 75180,  0.946,  0.252,  0.491,  0.069, -9999.000,  0.023
 75240,  0.950,  0.152,  0.712,  0.033, -9999.000,  0.121
 75300,  1.125,  0.288,  0.606,  0.094, -9999.000,  0.051
 75360,  1.140,  0.335,  0.748,  0.067, -9999.000,  0.101
 75420,  0.766,  0.270,  0.651,  0.042, -9999.000,  0.036
 75480,  0.801,  0.292,  0.630,  0.079, -9999.000,  0.083
 75540,  0.927,  0.189,  0.605,  0.055, -9999.000,  0.167
 75600,  0.813,  0.312,  0.626,  0.065, -9999.000,  0.135
 75660,  0.957,  0.334,  0.712,  0.094, -9999.000,  0.098
 75720,  1.001,  0.276,  0.672,  0.082,  0.156,  0.172
 75780,  0.947,  0.236,  0.641,  0.080,  0.155,  0.089
 75840,  0.746,  0.223,  0.714,  0.057,  0.180,  0.217
 75900,  0.721,  0.254,  0.921,  0.103,  0.168,  0.153
 75960,  0.664,  0.381,  0.704,  0.078,  0.176,  0.087
 76020,  0.975,  0.229,  0.640,  0.085,  0.125,  0.216
 76080,  0.515,  0.140,  0.690,  0.057,  0.104,  0.072
 76140,  0.460,  0.280,  0.703,  0.076,  0.090,  0.134
 76200,  0.765,  0.359,  0.749,  0.069,  0.174,  0.092
 76260,  0.844,  0.218,  0.919,  0.096,  0.108,  0.205
 76320,  0.453,  0.388,  0.574,  0.085,  0.083,  0.009
 76380,  0.469,  0.330,  0.749,  0.108,  0.084,  0.082
 76440,  0.661,  0.208,  0.840,  0.081,  0.194,  0.159
 76500,  0.735,  0.225,  0.623,  0.144,  0.156,  0.176
 76560,  0.708,  0.414,  0.712,  0.076,  0.170,  0.204
 76620,  0.762,  0.383,  1.334,  0.128,  0.385,  0.226
 76680,  0.699,  0.243,  0.682,  0.017,  0.200,  0.082
 76740,  0.684,  0.264,  0.764,  0.128,  0.274,  0.100
 76800,  0.611,  0.297,  0.592,  0.153,  0.143,  0.133
 76860,  0.564,  0.246,  0.584,  0.063,  0.173,  0.214
 76920,  0.661,  0.280,  0.531,  0.092,  0.208,  0.213
 76980,  0.750,  0.297,  0.622,  0.046,  0.102,  0.053
 77040,  0.654,  0.242,  0.611,  0.088,  0.149,  0.135
 77100,  0.603,  0.292,  0.570,  0.131,  0.161,  0.201
 77160,  0.848,  0.247,  0.586,  0.134,  0.164,  0.170
 77220,  0.852,  0.156,  0.483,  0.080,  0.123,  0.212
 77280,  0.576,  0.301,  0.403,  0.048,  0.116,  0.075
 77340,  0.672,  0.229,  0.639,  0.071,  0.184,  0.227
 77400,  0.738,  0.229,  0.773,  0.101,  0.236,  0.112
 77460,  0.612,  0.254,  0.734,  0.056,  0.223,  0.161
 77520,  0.774,  0.416,  0.582,  0.085,  0.195,  0.107
 77580,  0.883,  0.362,  0.515,  0.077,  0.201,  0.289
 77640,  0.907,  0.469,  0.728,  0.059,  0.145,  0.157
 77700,  0.830,  0.273,  0.735,  0.083,  0.236,  0.170
 77760,  0.880,  0.262,  0.551,  0.103,  0.140,  0.159
 77820,  0.861,  0.457,  0.778,  0.126,  0.200,  0.172
 77880,  0.980,  0.315,  0.643,  0.119,  0.179,  0.218
 77940,  1.057,  0.270,  0.719,  0.129,  0.226,  0.135
 78000,  0.872,  0.248,  0.525,  0.118,  0.146,  0.230
 78060,  0.873,  0.284,  0.550,  0.089,  0.198,  0.134
 78120,  0.885,  0.258,  0.538,  0.083,  0.216,  0.092
 78180,  0.940,  0.351,  0.435,  0.036,  0.198,  0.309
 78240,  0.774,  0.256,  0.451,  0.091,  0.248,  0.130
 78300,  0.800,  0.172,  0.536,  0.069,  0.222,  0.123
 78360,  0.771,  0.248,  0.455,  0.107,  0.196,  0.170
 78420,  1.055,  0.256,  0.580,  0.029,  0.225,  0.067
 78480, -9999.000, -9999.000, -9999.000, -9999.000, -9999.000, -9999.000
 78540,  0.892,  0.194,  0.582,  0.113,  0.306,  0.147
 78600,  0.800,  0.246,  0.462,  0.060,  0.174,  0.112
 78660,  0.783,  0.216,  0.497,  0.101,  0.225,  0.111
 78720,  0.866,  0.285,  0.527,  0.114,  0.198,  0.187
 78780,  0.873,  0.216,  0.687,  0.095,  0.302,  0.151
 78840,  0.776,  0.394,  0.580,  0.071,  0.264,  0.136
 78900,  0.766,  0.285,  0.397,  0.097,  0.271,  0.108
 78960,  0.927,  0.262,  0.443,  0.109,  0.294,  0.215
 79020,  0.897,  0.174,  0.507,  0.088,  0.167,  0.132
 79080,  1.053,  0.224,  0.431,  0.120,  0.225,  0.150
 79140,  0.742,  0.158,  0.434,  0.115,  0.304,  0.112
 79200,  0.739,  0.294,  0.410,  0.096,  0.243,  0.088
 79260,  0.944,  0.409,  0.648,  0.100,  0.218,  0.096
 79320,  0.971,  0.352,  0.664,  0.128,  0.267,  0.169
 79380,  1.153,  0.385,  0.842,  0.112,  0.299,  0.093
 79440,  0.993,  0.229,  0.376,  0.068,  0.285,  0.196
 79500,  1.046,  0.251,  0.638,  0.104,  0.239,  0.114
 79560,  1.090,  0.282,  0.529,  0.113,  0.258,  0.024
 79620,  1.064,  0.320,  0.539,  0.125,  0.240,  0.096
 79680,  1.021,  0.289,  0.623,  0.148,  0.279,  0.197
 79740,  1.087,  0.176,  0.468,  0.081,  0.250,  0.083
 79800,  1.128,  0.396,  0.376,  0.052,  0.361,  0.085
 79860,  1.194,  0.061,  0.375,  0.079,  0.365,  0.055
 79920,  0.667,  0.038,  0.345,  0.068,  0.220,  0.010
 79980,  1.105,  0.247,  0.519,  0.110,  0.299,  0.166
 80040,  1.064,  0.224,  0.637,  0.061,  0.330,  0.189
 80100,  1.251,  0.239,  0.562,  0.081,  0.342,  0.132
 80160,  1.211,  0.206,  0.611,  0.059,  0.399,  0.146
 80220,  1.332,  0.146,  0.594,  0.166,  0.311,  0.124
 80280,  1.552,  0.261,  0.357,  0.057,  0.257,  0.193
 80340, -9999.000, -9999.000, -9999.000, -9999.000, -9999.000, -9999.000
 80400,  0.946,  0.112,  0.757,  0.101,  0.356,  0.047
 80460,  1.253,  0.287,  0.582,  0.111,  0.378,  0.127
 80520,  1.118,  0.171,  0.745,  0.151,  0.358,  0.016
 80580,  1.168,  0.150,  0.499,  0.119,  0.382,  0.007
 80640,  1.128,  0.242,  0.679,  0.088,  0.346,  0.118
 80700,  1.201,  0.214,  0.645,  0.104,  0.307, -0.009
 80760,  1.201,  0.361,  0.583,  0.087,  0.371,  0.163
 80820,  1.309,  0.289,  0.690,  0.082,  0.365,  0.038
 80880,  1.200,  0.206,  0.600,  0.124,  0.300,  0.041
 80940,  1.234,  0.345,  0.589,  0.060,  0.227,  0.080
 81000,  1.046,  0.166,  0.841,  0.074,  0.344,  0.014
 81060,  0.845,  0.255,  0.753,  0.080,  0.219, -0.057
 81120,  0.858,  0.244,  0.477,  0.055,  0.234,  0.014
 81180,  1.294,  0.324,  0.569,  0.062,  0.240,  0.118
 81240,  1.106,  0.332,  0.496,  0.091,  0.270,  0.030
 81300,  1.199,  0.329,  0.549,  0.060,  0.232,  0.070
 81360,  1.208,  0.251,  0.483,  0.085,  0.261,  0.089
 81420,  1.246,  0.257,  0.569,  0.086,  0.257,  0.104
 81480,  1.276,  0.267,  0.743,  0.061,  0.345,  0.084
 81540,  1.239,  0.384,  0.691,  0.079,  0.275, -0.054
 81600,  1.196,  0.255,  0.572,  0.083,  0.290,  0.088
 81660,  1.172,  0.261,  0.598,  0.090,  0.300, -0.003
 81720,  1.459,  0.213,  0.430,  0.045,  0.276, -0.012
 81780,  1.175,  0.407,  0.396,  0.037,  0.278,  0.090
 81840,  1.148,  0.178,  0.392,  0.017,  0.232,  0.041
 81900,  0.110,  0.112,  0.244,  0.042,  0.088, -0.159
 81960,  1.286,  0.293,  0.647,  0.029,  0.254,  0.115
 82020,  1.016,  0.223,  0.480,  0.031,  0.318, -0.093
 82080,  1.365,  0.277,  0.535,  0.079,  0.268,  0.148
 82140,  1.607,  0.140,  0.631,  0.104,  0.190,  0.226
 82200, -9999.000, -9999.000, -9999.000, -9999.000, -9999.000, -9999.000
 82260,  1.246,  0.279,  0.574,  0.072,  0.283,  0.040
 82320,  1.281,  0.247,  0.487,  0.043,  0.280, -0.043
 82380,  1.147,  0.194,  0.391,  0.097,  0.184, -0.052
 82440,  0.615,  0.144,  0.512,  0.002,  0.128, -0.102
 82500,  0.523,  0.080,  0.310,  0.065,  0.106, -0.069
 82560,  0.931,  0.157,  0.546,  0.018,  0.152,  0.006
 82620,  0.501,  0.002,  0.634,  0.027,  0.119, -0.106
 82680,  0.512,  0.052,  0.528,  0.064,  0.124, -0.082
 82740,  1.161,  0.251,  0.863,  0.068,  0.216,  0.084
 82800,  1.183,  0.195,  0.440,  0.021,  0.317,  0.146
 82860,  1.441,  0.345,  0.651,  0.060,  0.296,  0.090
 82920,  1.381,  0.366,  0.783,  0.109,  0.285,  0.098
 82980,  1.355,  0.137,  0.709,  0.063,  0.325,  0.115
 83040,  1.522,  0.245,  0.795,  0.093,  0.260,  0.141
 83100,  1.363,  0.093,  0.782,  0.058,  0.251,  0.176
 83160,  1.298,  0.116,  0.657,  0.064,  0.246,  0.104
 83220,  0.892,  0.030,  0.676,  0.066,  0.213,  0.026
 83280,  1.080,  0.140,  0.504,  0.037,  0.231,  0.005
 83340,  1.172,  0.031,  0.640,  0.055,  0.221,  0.010
 83400,  1.549,  0.185,  0.812,  0.061,  0.302,  0.087
 83460,  1.428,  0.157,  0.646,  0.033,  0.230,  0.040
 83520,  1.289,  0.234,  0.721,  0.062,  0.377,  0.059
 83580,  1.200, -9999.000,  0.640,  0.053,  0.204,  0.071
 83640,  1.463, -9999.000,  0.718,  0.067,  0.273,  0.044
 83700,  1.429, -9999.000,  0.597,  0.085,  0.236,  0.063
 83760,  1.295, -9999.000,  0.719,  0.076,  0.283,  0.063
 83820,  0.848, -9999.000,  0.567,  0.054,  0.199, -0.071
 83880,  0.600, -9999.000,  0.559,  0.045,  0.149, -0.079
 83940,  0.946, -9999.000,  0.761,  0.039,  0.233, -0.141
 84000,  1.062, -9999.000,  0.637,  0.041,  0.166, -0.001
 84060,  1.083, -9999.000,  0.913,  0.036,  0.149,  0.030
 84120,  1.119, -9999.000,  0.623,  0.038,  0.229, -0.000
 84180,  1.196, -9999.000,  0.443,  0.066,  0.164, -0.005
 84240,  0.529, -9999.000,  0.710,  0.027,  0.038, -0.055
 84300,  0.807, -9999.000,  0.531,  0.028,  0.135,  0.031
 84360,  0.860, -9999.000,  0.444,  0.028,  0.078, -0.040
 84420,  0.834, -9999.000,  0.628,  0.050,  0.140,  0.024
 84480,  0.673, -9999.000,  0.761,  0.083,  0.130, -0.011
 84540,  1.310, -9999.000,  0.693,  0.043,  0.226,  0.078
 84600,  0.879, -9999.000,  0.621,  0.066,  0.176,  0.095
 84660,  0.469, -9999.000,  0.562,  0.037,  0.148,  0.028
 84720,  0.512, -9999.000,  0.766,  0.067,  0.166,  0.041
 84780,  0.778, -9999.000,  0.763,  0.025,  0.183,  0.044
 84840,  0.909, -9999.000,  0.727,  0.083,  0.276,  0.060
 84900,  1.094, -9999.000,  0.637,  0.096,  0.229,  0.082
 84960,  0.846, -9999.000,  0.452,  0.034,  0.247,  0.115
 85020,  1.149, -9999.000,  0.612,  0.068,  0.273,  0.074
 85080,  0.832, -9999.000,  0.529,  0.072,  0.349,  0.059
 85140,  1.099, -9999.000,  0.686,  0.068,  0.378, -0.010
 85200,  1.103, -9999.000,  0.674,  0.079,  0.202,  0.024
 85260,  0.957, -9999.000,  0.738,  0.108,  0.296,  0.078
 85320,  1.128, -9999.000,  0.629,  0.091,  0.290,  0.089
 85380,  0.986, -9999.000,  0.743,  0.090,  0.310,  0.097
