CampaignData_and_Merges/R0/CSL_MobileLab_Parked/raw/20240804/USOS-NOAAIodideCIMS-OrgNitrs_MobileLabGround_20240804_RA.ict
37, 1001
Michael A Robinson, Chris Jernigan, Subi Thakali
NOAA ESRL Chemical Sciences Laboratory and CIRES, U. of Colorado
NOAA Iodide CIMS Instrument
USOS
1, 1
2024, 08, 04, 2024, 08, 05
1
starttime_UTC, seconds_past_midnight, seconds_of_day_since_00:00:00_UTC
5
1, 1, 1, 1, 1
-9999, -9999, -9999, -9999, -9999
C4H7NO5_NOAACIMS, pptv, Gas_C4H7NO5_InSitu_S_AVMR, 
ISOPN_NOAACIMS, pptv, Gas_ISOPN_InSitu_S_AVMR, 
C5H10O3_NOAACIMS, pptv, Gas_C5H10O3_InSitu_S_AVMR, 
C5H9NO5_NOAACIMS, pptv, Gas_C5H9NO5_InSitu_S_AVMR, 
C10H17NO4_NOAACIMS, pptv, Gas_C10H17NO4_InSitu_S_AVMR, 
0
18
PI_CONTACT_INFO: 325 Broadway, R/CSD 7, Boulder, Colorado 80305; michael.a.robinson@noaa.gov; chris.jernigan@noaa.gov;
PLATFORM: NOAA CSL Mobile Lab
LOCATION: SLC, Utah
ASSOCIATED_DATA: 1Hz data also available on request.
INSTRUMENT_INFO: NOAA I- ToF CIMS
DATA_INFO: All data in parts per trillion by volume (pptv). 1 Hz data is available upon request.
UNCERTAINTY: TBD
ULOD_FLAG: -7777
ULOD_VALUE: N/A
LLOD_FLAG: -8888
LLOD_VALUE: N/A
DM_CONTACT_INFO: Nathan Howard; nathan.h.howard@noaa.gov
PROJECT_INFO: USOS, summer 2024. https://csl.noaa.gov/groups/csl7/measurements/2024usos/
STIPULATIONS_ON_USE: Users are strongly encouraged to contact the PI for proper data usage.
OTHER_COMMENTS: 
REVISION: RA
RA: Preliminary Data; For in-field use only
starttime_UTC, C4H7NO5_NOAACIMS, ISOPN_NOAACIMS, C5H10O3_NOAACIMS, C5H9NO5_NOAACIMS, C10H17NO4_NOAACIMS
[from data line 1003]
 60180, 11.151, 27.516, 52.332,  7.560,  1.318
 60240, 11.011, 25.986, 55.070,  7.548,  1.236
 60300, 11.054, 25.927, 55.529,  7.204,  1.239
 60360, 10.465, 23.311, 54.038,  7.026,  0.767
 60420, 10.754, 27.133, 57.617,  7.184,  1.248
 60480, 10.483, 26.696, 57.872,  7.341,  1.344
 60540, 10.800, 26.670, 60.860,  6.965,  1.377
 60600, 11.103, 27.517, 60.964,  7.026,  1.276
 60660, 10.852, 25.624, 61.571,  7.342,  1.247
 60720, 11.150, 25.752, 61.553,  7.458,  1.235
 60780, 10.947, 26.272, 61.827,  7.436,  1.426
 60840, 10.690, 24.112, 61.951,  7.175,  0.892
 60900, 11.147, 25.604, 61.209,  7.482,  1.189
 60960, 11.012, 24.812, 62.984,  7.587,  1.374
 61020, 10.945, 24.714, 61.734,  7.766,  1.148
 61080, 11.146, 25.226, 64.458,  7.624,  1.190
 61140, 11.007, 24.655, 62.883,  7.339,  1.093
 61200, 11.500, 24.776, 61.343,  7.767,  1.270
 61260, 11.481, 24.854, 62.772,  7.886,  1.271
 61320, 11.796, 24.067, 60.387,  7.438,  0.937
 61380, 11.691, 24.046, 59.756,  7.704,  1.145
 61440, 11.769, 25.556, 62.115,  7.694,  0.969
 61500, 11.722, 24.542, 64.182,  7.610,  1.182
 61560, 11.495, 24.847, 63.595,  7.465,  0.880
 61620, 11.433, 24.232, 63.839,  6.970,  0.874
 61680, 11.518, 25.173, 63.725,  7.024,  0.863
 61740, 11.673, 26.512, 64.777,  7.382,  1.172
 61800, 11.138, 25.352, 62.524,  7.303,  1.060
 61860, -9999.000, -9999.000, -9999.000, -9999.000, -9999.000
 61920, 11.440, 23.362, 56.939,  7.574,  0.637
 61980, 10.995, 23.382, 59.694,  7.415,  0.717
 62040, 10.539, 23.854, 61.959,  7.266,  0.611
 62100, 10.836, 24.453, 63.509,  7.126,  0.968
 62160, 11.031, 23.765, 63.040,  7.065,  0.724
 62220, 11.318, 24.513, 64.828,  7.624,  0.322
 62280, 11.632, 26.613, 66.181,  7.805,  1.053
 62340, 11.069, 24.741, 63.376,  7.682,  0.667
 62400, 10.329, 22.388, 61.876,  7.465,  0.695
 62460, 10.562, 21.990, 61.367,  7.241,  0.612
 62520, 10.688, 22.658, 61.541,  7.631,  0.759
 62580, 11.055, 24.144, 63.924,  7.830,  0.777
 62640, 11.673, 23.971, 65.831,  7.938,  1.044
 62700, 11.721, 26.094, 66.984,  7.815,  1.026
 62760, 11.633, 24.457, 65.900,  7.601,  0.973
 62820, 11.544, 22.693, 62.189,  7.929,  0.979
 62880, 11.778, 25.353, 67.348,  8.128,  0.906
 62940, 12.006, 23.165, 63.413,  8.131,  0.976
 63000, 12.010, 20.791, 58.182,  8.529,  0.858
 63060, 12.158, 20.606, 58.467,  8.423,  0.848
 63120, 11.784, 20.164, 57.031,  8.369,  0.748
 63180, 11.082, 18.138, 55.446,  7.333,  0.533
 63240, 11.261, 20.519, 55.436,  7.983,  0.291
 63300, 11.478, 21.885, 57.655,  7.911,  0.673
 63360, 10.794, 20.542, 55.124,  7.920,  0.701
 63420, 10.958, 18.287, 53.323,  7.160,  0.457
 63480, 11.028, 20.059, 53.850,  7.905,  0.554
 63540, 10.857, 19.351, 51.826,  7.464,  0.854
 63600, 10.832, 20.560, 51.881,  7.477,  0.866
 63660, 11.119, 20.420, 53.488,  7.918,  0.945
 63720, -9999.000, -9999.000, -9999.000, -9999.000, -9999.000
 63780, 11.372, 21.022, 46.169,  7.730,  0.744
 63840, 10.588, 19.715, 48.440,  7.778,  0.603
 63900,  9.625, 15.744, 45.294,  7.304,  0.631
 63960,  9.510, 15.123, 43.317,  7.228,  0.741
 64020,  9.138, 15.709, 44.313,  6.905,  0.758
 64080,  9.251, 16.738, 46.914,  7.045,  0.826
 64140,  9.004, 16.184, 48.295,  6.485,  0.818
 64200,  8.841, 15.235, 46.178,  6.571,  0.616
 64260,  7.614, 14.396, 49.727,  6.000,  0.794
 64320,  6.432, 13.863, 55.718,  5.225,  0.671
 64380,  6.493, 13.520, 53.453,  5.325,  0.490
 64440,  6.599, 13.541, 53.362,  5.574,  0.758
 64500,  6.589, 12.378, 51.924,  5.339,  0.409
 64560,  6.576, 12.611, 51.684,  5.612,  0.608
 64620,  6.617, 13.756, 52.343,  5.858,  0.710
 64680,  6.693, 13.404, 53.811,  5.502,  0.805
 64740,  6.476, 11.928, 51.382,  5.323,  0.361
 64800,  6.933, 13.701, 54.674,  5.621,  0.774
 64860,  7.338, 14.414, 54.916,  6.179,  0.822
 64920,  7.450, 16.084, 58.781,  6.179,  0.773
 64980,  7.088, 17.912, 66.875,  6.169,  0.995
 65040,  6.960, 17.027, 69.237,  5.768,  0.652
 65100,  7.505, 17.968, 72.799,  5.978,  0.931
 65160,  6.774, 16.133, 69.089,  5.624,  0.787
 65220,  6.956, 15.256, 67.363,  5.627,  0.896
 65280,  6.539, 13.700, 66.005,  5.236,  0.800
 65340,  6.429, 14.157, 61.014,  5.239,  0.937
 65400,  6.406, 14.662, 60.093,  5.377,  0.800
 65460,  6.475, 14.777, 58.995,  5.524,  1.030
 65520,  6.132, 13.420, 57.510,  5.204,  0.971
 65580,  5.399,  8.902, 43.513,  4.822,  0.123
 65640,  4.844,  8.990, 40.693,  4.658,  0.334
 65700,  4.806,  8.610, 38.486,  4.469,  0.684
 65760,  4.298,  7.560, 33.991,  4.291,  0.783
 65820,  4.915,  9.142, 34.885,  4.395,  0.722
 65880,  4.679,  7.387, 36.071,  3.965,  0.256
 65940,  3.604,  5.548, 27.593,  3.603,  0.685
 66000,  3.931,  5.827, 24.824,  3.695,  0.459
 66060,  5.489,  9.922, 31.795,  4.430,  0.571
 66120,  6.329, 10.966, 40.937,  4.878,  0.597
 66180,  6.201, 11.619, 43.723,  4.788,  0.677
 66240,  6.525, 12.128, 46.480,  5.122,  0.660
 66300,  6.477, 10.557, 44.512,  5.048,  0.342
 66360,  6.532,  9.715, 43.977,  4.978,  0.627
 66420,  6.390,  9.223, 41.596,  5.043,  0.526
 66480,  6.231,  9.554, 41.592,  4.882,  0.627
 66540,  6.179,  9.449, 40.988,  4.998,  0.449
 66600,  6.313,  9.518, 40.595,  4.724,  0.486
 66660,  6.512,  9.490, 40.667,  4.845,  0.494
 66720,  6.782,  9.899, 44.026,  4.756,  0.469
 66780,  6.726, 10.284, 44.553,  4.969,  0.517
 66840,  6.341, 10.808, 46.660,  4.583,  0.478
 66900,  6.570, 10.192, 45.434,  4.655,  0.411
 66960,  6.419, 10.439, 45.231,  4.701,  0.386
 67020,  6.280, 10.414, 45.989,  4.616,  0.408
 67080,  5.694,  9.258, 45.611,  4.268,  0.395
 67140,  5.720,  9.009, 44.023,  4.092,  0.417
 67200,  5.718,  8.827, 42.831,  4.263,  0.360
 67260,  5.898,  9.038, 44.070,  4.438,  0.313
 67320,  5.844,  8.516, 41.654,  4.030,  0.285
 67380,  5.931, 10.084, 40.681,  5.367,  0.503
 67440,  5.461,  8.310, 31.082,  4.160,  0.412
 67500,  5.544,  7.242, 34.003,  4.122,  0.198
 67560,  5.585,  7.284, 35.726,  4.100,  0.182
 67620,  5.737,  6.797, 39.055,  4.141,  0.305
 67680,  5.790,  7.974, 37.988,  4.339,  0.319
 67740,  5.879,  7.922, 39.386,  4.404,  0.385
 67800,  6.035,  7.764, 37.417,  4.369,  0.361
 67860,  6.077,  7.568, 38.374,  4.655,  0.517
 67920,  6.018,  7.111, 39.396,  4.565,  0.517
 67980,  6.088,  7.745, 38.103,  4.699,  0.394
 68040,  6.230,  7.237, 39.284,  4.451,  0.527
 68100,  5.961,  7.878, 39.359,  4.451,  0.599
 68160,  6.165,  7.958, 38.905,  4.625,  0.405
 68220,  6.204,  7.998, 39.376,  4.297,  0.481
 68280,  5.661,  8.248, 39.348,  4.268,  0.692
 68340,  5.245,  8.179, 34.726,  4.233,  0.630
 68400,  5.177,  7.511, 32.424,  4.089,  0.431
 68460,  5.264,  7.830, 31.678,  4.065,  0.517
 68520,  5.173,  7.894, 33.401,  4.247,  0.490
 68580,  5.073,  6.556, 30.435,  4.041,  0.487
 68640,  4.921,  6.356, 30.788,  4.092,  0.511
 68700,  5.151,  6.912, 30.984,  4.087,  0.611
 68760,  5.034,  7.592, 31.863,  4.103,  0.652
 68820,  4.766,  6.522, 30.368,  4.052,  0.612
 68880,  4.330,  6.026, 28.358,  3.521,  0.560
 68940,  3.715,  4.998, 25.899,  3.328,  0.513
 69000,  3.418,  4.533, 23.593,  3.227,  0.469
 69060,  3.558,  4.243, 22.603,  3.383,  0.553
 69120,  3.701,  4.931, 22.725,  3.502,  0.648
 69180,  3.398,  4.884, 23.474,  3.410,  0.777
 69240,  3.291,  3.248, 21.208,  2.604,  0.226
 69300,  5.001,  5.876, 27.418,  4.228,  0.647
 69360,  4.922,  6.592, 30.223,  4.344,  0.602
 69420,  5.201,  7.937, 33.512,  4.007,  0.734
 69480,  5.481,  7.822, 35.349,  4.178,  0.689
 69540,  5.264,  7.123, 34.402,  4.522,  0.588
 69600,  5.575,  7.303, 34.664,  4.315,  0.672
 69660,  5.584,  7.080, 34.784,  4.399,  0.495
 69720,  5.479,  6.873, 36.587,  4.101,  0.673
 69780,  5.519,  7.109, 34.704,  4.448,  0.475
 69840,  5.488,  7.376, 35.090,  4.210,  0.570
 69900,  5.439,  7.038, 34.875,  4.283,  0.492
 69960,  5.414,  7.071, 32.898,  4.063,  0.457
 70020,  5.394,  7.140, 32.802,  4.208,  0.599
 70080,  5.417,  7.135, 32.299,  4.156,  0.476
 70140,  5.333,  7.037, 30.728,  4.158,  0.457
 70200,  5.295,  6.685, 32.022,  4.103,  0.350
 70260,  5.191,  6.773, 30.470,  3.783,  0.365
 70320,  5.350,  7.062, 33.860,  3.611,  0.531
 70380,  5.391,  6.865, 34.539,  3.847,  0.366
 70440,  5.404,  6.472, 34.176,  3.903,  0.370
 70500,  5.368,  6.340, 36.118,  3.666,  0.293
 70560,  5.375,  5.257, 36.302,  3.301,  0.195
 70620,  5.850,  6.165, 36.464,  3.582,  0.239
 70680,  6.030,  5.807, 34.984,  3.974,  0.163
 70740,  6.054,  5.565, 37.981,  4.022, -0.037
 70800,  6.308,  5.711, 36.591,  3.999, -0.032
 70860,  6.209,  5.703, 37.253,  3.551,  0.003
 70920,  6.670,  6.311, 39.399,  3.791,  0.124
 70980,  7.240,  7.976, 43.694,  4.101,  0.211
 71040,  7.242,  6.822, 43.481,  3.985, -0.106
 71100, -9999.000, -9999.000, -9999.000, -9999.000, -9999.000
 71160,  6.756,  6.697, 37.148,  4.423,  0.170
 71220,  6.899,  6.884, 39.949,  4.364,  0.203
 71280,  7.008,  7.344, 41.907,  4.091,  0.104
 71340,  7.382,  8.183, 44.799,  4.213,  0.149
 71400,  7.734,  7.811, 45.002,  4.068,  0.280
 71460,  7.430,  8.282, 46.782,  4.384,  0.135
 71520,  7.553,  7.557, 46.366,  4.234,  0.126
 71580,  7.433,  8.161, 47.897,  4.361,  0.273
 71640,  7.859,  8.316, 48.132,  4.527,  0.055
 71700,  7.993,  8.437, 48.814,  4.008,  0.184
 71760,  7.891,  8.534, 46.528,  4.210,  0.250
 71820,  8.143,  7.942, 42.822,  4.317,  0.225
 71880,  8.255,  7.621, 41.453,  4.439,  0.257
 71940,  8.346,  7.977, 42.387,  4.602,  0.155
 72000,  8.416,  8.127, 41.669,  4.513,  0.150
 72060,  8.357,  7.630, 41.386,  4.339,  0.086
 72120,  8.243,  7.952, 42.451,  4.317,  0.165
 72180,  8.283,  8.009, 42.387,  4.124,  0.154
 72240,  8.172,  6.994, 38.775,  4.662,  0.146
 72300,  8.244,  7.161, 38.805,  4.626,  0.223
 72360,  8.207,  7.397, 38.792,  4.236,  0.186
 72420,  8.052,  7.429, 38.478,  4.237,  0.252
 72480,  8.101,  7.901, 39.633,  4.339,  0.138
 72540,  8.122,  7.540, 38.167,  4.397,  0.170
 72600,  8.048,  7.403, 36.546,  4.320,  0.055
 72660,  8.108,  7.277, 38.422,  4.385,  0.145
 72720,  8.084,  7.769, 38.210,  4.246,  0.158
 72780,  8.183,  6.895, 38.400,  4.492,  0.029
 72840,  8.113,  6.976, 36.534,  4.563,  0.211
 72900,  8.069,  7.421, 37.263,  4.439,  0.142
 72960,  8.276,  7.552, 29.025,  4.954,  0.245
 73020,  8.221,  6.826, 33.287,  4.694,  0.153
 73080,  8.150,  6.875, 37.496,  4.685,  0.031
 73140,  8.107,  7.333, 35.198,  4.462,  0.111
 73200,  8.032,  6.843, 36.833,  4.607,  0.195
 73260,  7.966,  7.405, 34.427,  4.536,  0.159
 73320,  8.156,  6.930, 35.427,  4.458,  0.204
 73380,  8.148,  7.084, 36.706,  4.518,  0.146
 73440,  7.994,  6.898, 34.984,  4.416,  0.204
 73500,  7.994,  7.133, 33.560,  4.484,  0.298
 73560,  7.809,  6.757, 34.990,  4.451,  0.253
 73620,  7.483,  7.088, 35.743,  4.672,  0.312
 73680,  7.121,  6.471, 35.162,  4.467,  0.299
 73740,  7.013,  6.142, 35.154,  4.485,  0.372
 73800,  7.060,  6.548, 34.494,  4.205,  0.210
 73860,  7.235,  6.343, 32.358,  4.055,  0.333
 73920,  7.194,  6.307, 33.005,  4.174,  0.208
 73980,  7.083,  6.223, 33.223,  4.269,  0.366
 74040,  7.276,  5.874, 31.626,  4.321,  0.230
 74100,  7.377,  5.972, 32.845,  4.146,  0.433
 74160,  7.377,  6.006, 30.888,  4.115,  0.247
 74220,  7.301,  6.288, 32.625,  4.371,  0.358
 74280,  7.073,  6.355, 33.188,  4.461,  0.309
 74340,  7.121,  6.165, 34.101,  4.659,  0.180
 74400,  7.290,  6.413, 31.636,  4.262,  0.300
 74460,  7.224,  6.152, 31.289,  4.172,  0.304
 74520,  7.069,  5.887, 30.617,  4.001,  0.344
 74580,  7.210,  5.744, 29.661,  4.267,  0.328
 74640,  7.148,  5.594, 30.186,  4.165,  0.361
 74700,  7.115,  5.444, 29.633,  4.208,  0.365
 74760,  7.104,  5.212, 30.246,  4.380,  0.168
 74820, -9999.000, -9999.000, -9999.000, -9999.000, -9999.000
 74880,  6.960,  5.196, 22.980,  4.456,  0.132
 74940,  6.972,  5.639, 27.027,  4.524,  0.188
 75000,  7.212,  5.865, 28.284,  4.595,  0.202
 75060,  7.202,  6.205, 28.504,  4.466,  0.130
 75120,  7.328,  6.382, 29.830,  4.922,  0.282
 75180,  7.225,  6.314, 30.133,  4.693,  0.316
 75240,  7.138,  5.432, 29.561,  4.561,  0.380
 75300,  7.125,  5.427, 29.094,  4.422,  0.242
 75360,  6.916,  5.380, 27.851,  4.579,  0.280
 75420,  7.111,  6.197, 28.046,  4.382,  0.402
 75480,  6.878,  6.322, 29.547,  4.513,  0.332
 75540,  6.914,  6.751, 29.758,  4.562,  0.227
 75600,  6.919,  6.775, 29.371,  4.236,  0.246
 75660,  6.906,  6.870, 28.522,  4.547,  0.262
 75720,  6.767,  6.140, 29.500,  4.339,  0.366
 75780,  6.794,  6.263, 30.237,  4.395,  0.275
 75840,  6.690,  5.893, 29.651,  4.475,  0.244
 75900,  6.701,  6.775, 29.331,  4.302,  0.291
 75960,  6.582,  5.411, 28.879,  4.438,  0.288
 76020,  6.598,  5.616, 25.681,  4.164,  0.190
 76080,  6.537,  5.835, 27.749,  4.318,  0.181
 76140,  6.820,  6.175, 28.868,  4.247,  0.127
 76200,  6.875,  6.151, 29.157,  4.302,  0.203
 76260,  6.799,  6.089, 29.801,  4.024,  0.137
 76320,  6.914,  5.585, 30.935,  4.404,  0.173
 76380,  7.058,  5.879, 31.909,  4.153,  0.143
 76440,  7.070,  5.720, 30.988,  4.172,  0.062
 76500,  7.013,  5.180, 30.357,  4.333,  0.074
 76560,  6.948,  5.150, 30.476,  4.406,  0.131
 76620,  6.963,  5.327, 32.123,  4.366,  0.282
 76680,  6.826,  4.428, 24.024,  4.602, -0.070
 76740,  6.724,  4.993, 26.356,  4.451,  0.023
 76800,  6.857,  5.409, 27.078,  4.591,  0.081
 76860,  6.727,  5.184, 26.842,  4.419,  0.146
 76920,  6.777,  4.885, 27.672,  4.414,  0.104
 76980,  6.873,  4.999, 28.620,  4.579,  0.117
 77040,  6.925,  5.585, 29.022,  4.403,  0.174
 77100,  6.868,  5.801, 30.849,  4.653,  0.177
 77160,  7.016,  5.793, 30.962,  4.506,  0.174
 77220,  6.902,  5.531, 29.622,  4.602,  0.189
 77280,  6.967,  5.885, 31.761,  4.902,  0.145
 77340,  6.857,  6.243, 34.011,  4.768,  0.129
 77400,  6.817,  6.395, 36.936,  4.683,  0.161
 77460,  6.683,  5.658, 37.342,  4.427,  0.087
 77520,  6.749,  5.307, 37.557,  4.407,  0.057
 77580,  6.649,  5.221, 37.263,  4.256,  0.174
 77640,  6.458,  5.553, 37.822,  4.407,  0.152
 77700,  6.490,  5.043, 37.506,  4.470,  0.256
 77760,  6.578,  5.382, 37.013,  4.166,  0.232
 77820,  6.422,  5.572, 36.188,  4.020,  0.103
 77880,  6.465,  5.246, 37.855,  4.025,  0.252
 77940,  6.337,  4.947, 37.032,  4.050,  0.219
 78000,  6.381,  4.563, 37.070,  4.112,  0.247
 78060,  6.256,  4.588, 36.311,  4.211,  0.235
 78120,  6.150,  4.361, 37.040,  4.132,  0.217
 78180,  6.176,  4.232, 35.468,  3.878,  0.143
 78240,  6.187,  4.092, 36.029,  4.083,  0.261
 78300,  6.274,  3.902, 36.196,  3.991,  0.219
 78360,  6.098,  4.777, 36.937,  4.134,  0.206
 78420,  5.665,  4.249, 38.800,  3.735,  0.356
 78480, -9999.000, -9999.000, -9999.000, -9999.000, -9999.000
 78540,  5.541,  4.315, 31.320,  4.105,  0.299
 78600,  5.445,  4.490, 34.815,  3.632,  0.296
 78660,  5.330,  4.467, 37.163,  3.696,  0.176
 78720,  5.337,  5.268, 39.701,  3.699,  0.128
 78780,  5.185,  4.901, 38.827,  3.683,  0.334
 78840,  5.140,  4.878, 42.319,  3.359,  0.201
 78900,  5.339,  5.121, 45.725,  3.478,  0.217
 78960,  5.255,  4.845, 49.344,  3.232,  0.230
 79020,  5.347,  5.362, 50.588,  3.132,  0.264
 79080,  5.620,  5.837, 51.497,  3.282,  0.251
 79140,  5.529,  5.916, 52.505,  3.242,  0.204
 79200,  5.570,  5.363, 51.684,  3.328,  0.128
 79260,  5.670,  5.996, 50.857,  3.186,  0.300
 79320,  5.525,  5.780, 46.528,  3.377,  0.124
 79380,  5.543,  6.034, 46.202,  3.168,  0.255
 79440,  5.431,  5.078, 43.195,  3.006,  0.113
 79500,  5.476,  5.036, 43.589,  3.134,  0.167
 79560,  5.444,  5.641, 42.266,  3.136,  0.151
 79620,  5.512,  5.630, 45.118,  3.271,  0.212
 79680,  5.446,  5.703, 42.504,  3.434,  0.145
 79740,  5.196,  5.561, 44.103,  3.265,  0.220
 79800,  4.941,  5.269, 44.193,  3.005,  0.161
 79860,  4.624,  4.994, 41.793,  3.015,  0.051
 79920,  4.419,  4.497, 41.311,  2.763,  0.052
 79980,  4.472,  4.555, 42.093,  3.001,  0.162
 80040,  4.348,  4.471, 38.533,  2.791,  0.201
 80100,  4.274,  5.109, 38.106,  2.681,  0.159
 80160,  4.448,  4.685, 39.164,  3.077,  0.125
 80220,  4.357,  4.389, 38.985,  2.916,  0.134
 80280,  4.196,  4.747, 36.754,  2.982,  0.211
 80340, -9999.000, -9999.000, -9999.000, -9999.000, -9999.000
