CampaignData_and_Merges/R0/CSL_MobileLab_Parked/raw/20240804/USOS-NOAAIodideCIMS-HCOOH_MobileLabGround_20240804_RA.ict
33, 1001
Michael A Robinson, Chris Jernigan, Subi Thakali
NOAA ESRL Chemical Sciences Laboratory and CIRES, U. of Colorado
NOAA Iodide CIMS Instrument
USOS
1, 1
2024, 08, 04, 2024, 08, 05
1
starttime_UTC, seconds_past_midnight, seconds_of_day_since_00:00:00_UTC
1
1
-9999
HCOOH_NOAACIMS, pptv, Gas_HCOOH_InSitu_S_AVMR, 
0
18
PI_CONTACT_INFO: 325 Broadway, R/CSD 7, Boulder, Colorado 80305; michael.a.robinson@noaa.gov; chris.jernigan@noaa.gov;
PLATFORM: NOAA CSL Mobile Lab
LOCATION: SLC, Utah
ASSOCIATED_DATA: 1Hz data also available on request.
INSTRUMENT_INFO: NOAA I- ToF CIMS
DATA_INFO: All data in parts per trillion by volume (pptv). 1 Hz data is available upon request.
UNCERTAINTY: TBD
ULOD_FLAG: -7777
ULOD_VALUE: N/A
LLOD_FLAG: -8888
LLOD_VALUE: N/A
DM_CONTACT_INFO: Nathan Howard; nathan.h.howard@noaa.gov
PROJECT_INFO: USOS, summer 2024. https://csl.noaa.gov/groups/csl7/measurements/2024usos/
STIPULATIONS_ON_USE: Users are strongly encouraged to contact the PI for proper data usage.
OTHER_COMMENTS: 
REVISION: RA
RA: Preliminary Data; For in-field use only
starttime_UTC, HCOOH_NOAACIMS
[from data line 940]
 56400, 2068.497
 56460, 2003.450
 56520, 2013.338
 56580, 2043.786
 56640, 2050.115
 56700, 2045.398
 56760, -9999.000
 56820, -9999.000
 56880, -9999.000
 56940, -9999.000
 57000, -9999.000
 57060, -9999.000
 57120, -9999.000
 57180, -9999.000
 57240, -9999.000
 57300, -9999.000
 57360, -9999.000
 57420, -9999.000
 57480, -9999.000
 57540, -9999.000
 57600, -9999.000
 57660, -9999.000
 57720, -9999.000
 57780, -9999.000
 57840, -9999.000
 57900, -9999.000
 57960, -9999.000
 58020, 2501.154
 58080, 2363.969
 58140, 2359.260
 58200, 2368.482
 58260, 2421.113
 58320, 2395.528
 58380, 2353.253
 58440, 2289.500
 58500, 2244.256
 58560, 2241.699
 58620, 2312.320
 58680, 2263.166
 58740, 2198.305
 58800, 2267.212
 58860, 2305.219
 58920, 2295.876
 58980, 2306.777
 59040, 2211.680
 59100, 2170.887
 59160, 2105.137
 59220, 1972.901
 59280, 2020.660
 59340, 2097.395
 59400, 2137.458
 59460, 2142.418
 59520, 2008.434
 59580, 1865.912
 59640, 1867.767
 59700, 1837.395
 59760, 1950.800
 59820, 1918.608
 59880, 1868.954
 59940, 1897.128
 60000, -9999.000
 60060, 1813.627
 60120, 1883.494
 60180, 1859.821
 60240, 1921.720
 60300, 2041.841
 60360, 2070.676
 60420, 1855.188
 60480, 1827.480
 60540, 1759.909
 60600, 1741.192
 60660, 1758.231
 60720, 1792.608
 60780, 1808.995
 60840, 1843.927
 60900, 1860.839
 60960, 1794.219
 61020, 1824.802
 61080, 1845.808
 61140, 1831.381
 61200, 1854.805
 61260, 1922.044
 61320, 1862.090
 61380, 1988.703
 61440, 1898.101
 61500, 1803.495
 61560, 1750.816
 61620, 1735.939
 61680, 1843.416
 61740, 1879.899
 61800, 1829.224
 61860, -9999.000
 61920, 1942.114
 61980, 1943.066
 62040, 1805.029
 62100, 1789.675
 62160, 1777.742
 62220, 1836.418
 62280, 1974.907
 62340, 1955.769
 62400, 1862.788
 62460, 1907.900
 62520, 2060.703
 62580, 1959.184
 62640, 1862.751
 62700, 1930.715
 62760, 1912.591
 62820, 1894.408
 62880, 1932.197
 62940, 1919.244
 63000, 1913.278
 63060, 1942.683
 63120, 1877.690
 63180, 1774.980
 63240, 1891.504
 63300, 1996.993
 63360, 1917.410
 63420, 1772.159
 63480, 1858.603
 63540, 2066.186
 63600, 1898.332
 63660, 1919.966
 63720, -9999.000
 63780, 1889.652
 63840, 1778.010
 63900, 1730.589
 63960, 1867.327
 64020, 1742.724
 64080, 1726.937
 64140, 1663.885
 64200, 1592.774
 64260, 1575.210
 64320, 1525.610
 64380, 1497.424
 64440, 1574.595
 64500, 1628.566
 64560, 1648.600
 64620, 1628.445
 64680, 1566.505
 64740, 1450.867
 64800, 1615.465
 64860, 1726.571
 64920, 1628.719
 64980, 1550.672
 65040, 1446.116
 65100, 1494.111
 65160, 1413.726
 65220, 1351.394
 65280, 1341.610
 65340, 1331.208
 65400, 1420.420
 65460, 1368.945
 65520, 1367.955
 65580, 1227.926
 65640, 1211.604
 65700, 1151.254
 65760, 1110.184
 65820, 1133.839
 65880, 1185.252
 65940, 1026.842
 66000, 1057.782
 66060, 1230.254
 66120, 1283.651
 66180, 1356.558
 66240, 1354.937
 66300, 1473.346
 66360, 1565.560
 66420, 1588.995
 66480, 1453.943
 66540, 1352.648
 66600, 1418.016
 66660, 1416.451
 66720, 1332.090
 66780, 1365.527
 66840, 1361.241
 66900, 1411.880
 66960, 1362.977
 67020, 1359.235
 67080, 1246.483
 67140, 1216.057
 67200, 1231.192
 67260, 1261.301
 67320, 1243.428
 67380, 1206.031
 67440, 1332.938
 67500, 1230.202
 67560, 1165.196
 67620, 1233.138
 67680, 1287.997
 67740, 1223.670
 67800, 1228.419
 67860, 1320.672
 67920, 1314.059
 67980, 1313.646
 68040, 1359.697
 68100, 1389.693
 68160, 1406.176
 68220, 1411.071
 68280, 1312.084
 68340, 1222.279
 68400, 1180.520
 68460, 1182.110
 68520, 1264.005
 68580, 1164.198
 68640, 1326.152
 68700, 1228.019
 68760, 1344.129
 68820, 1217.629
 68880, 1156.637
 68940, 1111.952
 69000, 1108.612
 69060, 1076.040
 69120, 1140.903
 69180, 1112.899
 69240, 1200.625
 69300, 1038.776
 69360, 1184.790
 69420, 1139.250
 69480, 1126.144
 69540, 1136.618
 69600, 1131.496
 69660, 1150.279
 69720, 1311.478
 69780, 1248.671
 69840, 1150.919
 69900, 1229.019
 69960, 1159.279
 70020, 1205.877
 70080, 1175.166
 70140, 1210.309
 70200, 1386.461
 70260, 1386.043
 70320, 1222.826
 70380, 1278.854
 70440, 1169.703
 70500, 1213.532
 70560, 1075.976
 70620, 1047.869
 70680, 1056.682
 70740, 1200.010
 70800, 1136.532
 70860, 1155.700
 70920, 1173.629
 70980, 1248.447
 71040, 1253.680
 71100, -9999.000
 71160, 1277.338
 71220, 1313.843
 71280, 1153.263
 71340, 1230.206
 71400, 1125.734
 71460, 1105.519
 71520, 1169.419
 71580, 1269.577
 71640, 1086.019
 71700, 1223.075
 71760, 1241.268
 71820, 1282.203
 71880, 1287.640
 71940, 1125.609
 72000, 1148.902
 72060, 1050.229
 72120, 1076.596
 72180, 1088.282
 72240, 1056.872
 72300, 1203.675
 72360, 1180.288
 72420, 1104.699
 72480, 1161.199
 72540, 1187.132
 72600, 1138.191
 72660, 1129.335
 72720, 1237.973
 72780, 1194.311
 72840, 1188.161
 72900, 1282.260
 72960, 971.313
 73020, 991.194
 73080, 1065.341
 73140, 1026.689
 73200, 1039.602
 73260, 1066.107
 73320, 1019.094
 73380, 1031.447
 73440, 1071.620
 73500, 1076.775
 73560, 1214.280
 73620, 1370.190
 73680, 1213.559
 73740, 1220.702
 73800, 1265.076
 73860, 1207.210
 73920, 1291.566
 73980, 1217.371
 74040, 1076.730
 74100, 1183.767
 74160, 1265.931
 74220, 1305.672
 74280, 1353.336
 74340, 1260.290
 74400, 1126.439
 74460, 1341.377
 74520, 1384.790
 74580, 1159.500
 74640, 1244.935
 74700, 1208.573
 74760, 1027.636
 74820, -9999.000
 74880, 946.152
 74940, 968.778
 75000, 988.343
 75060, 1050.094
 75120, 1069.727
 75180, 1109.160
 75240, 1223.533
 75300, 1329.370
 75360, 1342.113
 75420, 1117.061
 75480, 1282.671
 75540, 1176.715
 75600, 1158.710
 75660, 1135.423
 75720, 1184.247
 75780, 1217.494
 75840, 1216.965
 75900, 1177.600
 75960, 1235.402
 76020, 1150.825
 76080, 1236.888
 76140, 1077.433
 76200, 1125.832
 76260, 1198.537
 76320, 1130.766
 76380, 1138.582
 76440, 1069.673
 76500, 1079.822
 76560, 1104.993
 76620, 1327.801
 76680, 997.510
 76740, 1175.293
 76800, 1113.117
 76860, 1154.108
 76920, 968.156
 76980, 1003.403
 77040, 987.545
 77100, 1053.482
 77160, 962.983
 77220, 919.046
 77280, 985.845
 77340, 1063.174
 77400, 1206.623
 77460, 1127.587
 77520, 996.662
 77580, 1036.837
 77640, 1123.485
 77700, 1091.488
 77760, 1066.366
 77820, 1108.943
 77880, 1176.652
 77940, 1213.818
 78000, 1098.505
 78060, 1039.230
 78120, 1038.295
 78180, 1043.160
 78240, 946.322
 78300, 945.741
 78360, 1046.337
 78420, 1003.619
 78480, -9999.000
 78540, 976.948
 78600, 987.804
 78660, 1028.247
 78720, 1048.972
 78780, 1197.085
 78840, 903.651
 78900, 1042.120
 78960, 1009.442
 79020, 986.543
 79080, 967.499
 79140, 1049.988
 79200, 1053.994
 79260, 1012.491
 79320, 944.081
 79380, 1101.019
 79440, 909.939
 79500, 1037.633
 79560, 958.445
 79620, 1057.238
 79680, 1036.757
 79740, 966.293
 79800, 985.413
 79860, 935.900
 79920, 949.232
 79980, 908.453
 80040, 1006.302
 80100, 978.536
 80160, 907.051
 80220, 996.946
 80280, 822.646
 80340, -9999.000
 80400, 980.095
 80460, 1013.686
 80520, 928.750
 80580, 979.529
 80640, 867.218
 80700, 931.103
 80760, 812.992
 80820, 906.449
 80880, 852.442
 80940, 939.164
 81000, 942.233
 81060, 1018.716
 81120, 838.680
 81180, 825.974
 81240, 873.570
 81300, 893.763
 81360, 801.148
 81420, 842.466
 81480, 889.058
 81540, 830.552
 81600, 787.849
 81660, 862.223
 81720, 759.772
 81780, 759.819
 81840, 780.627
 81900, 803.696
 81960, 897.866
 82020, 884.076
 82080, 927.016
 82140, 907.976
 82200, -9999.000
 82260, 878.423
 82320, 828.239
 82380, 769.621
 82440, 876.850
 82500, 829.111
 82560, 934.002
 82620, 997.188
 82680, 930.788
 82740, 978.077
 82800, 788.649
 82860, 861.917
 82920, 976.660
 82980, 961.179
 83040, 834.160
 83100, 862.097
 83160, 830.021
 83220, 820.020
 83280, 795.041
 83340, 869.050
 83400, 892.378
 83460, 811.226
 83520, 879.202
 83580, 902.281
 83640, 887.792
 83700, 844.556
 83760, 871.030
 83820, 803.144
 83880, 824.523
 83940, 874.619
 84000, 833.602
 84060, 864.021
 84120, 790.432
 84180, 786.099
 84240, 851.750
 84300, 730.902
 84360, 718.139
 84420, 764.210
 84480, 868.195
 84540, 868.077
 84600, 797.565
 84660, 753.032
 84720, 899.405
 84780, 867.671
 84840, 855.378
 84900, 860.593
 84960, 766.904
 85020, 863.875
 85080, 897.366
 85140, 937.617
 85200, 925.799
 85260, 938.555
 85320, 953.404
 85380, 975.982
 85440, 935.707
 85500, 953.963
 85560, 925.242
 85620, 949.533
 85680, 804.051
 85740, 867.819
 85800, 829.139
 85860, -9999.000
 85920, 802.442
 85980, 868.797
 86040, 802.025
 86100, 774.909
 86160, 815.123
 86220, 843.055
 86280, 816.894
 86340, 892.065
