CampaignData_and_Merges/R0/CSL_MobileLab_Parked/raw/20240728/USOS-MetNav_MobileLabGround_20240728_R0.ict
44, 1001
Carrie Womack, Nate Howard, Mike Zucker
NOAA Chemical Sciences Laboratory
Mobile Lab MetNav Station
USOS
1, 1
2024, 07, 28, 2024, 12, 21
60
Time_Start, seconds_past_midnight, Seconds from midnight UTC
11
1, 1, 1, 1, 1, 1, 1, 1, 1, 1, 1
-9999, -9999, -9999, -9999, -9999, -9999, -9999, -9999, -9999, -9999, -9999
GPS_Alt_m, meters, Altitude from Differential GPS
GPS_Course_deg, degrees, Course from Differential GPS
GPS_GndSpd_m_s, m/s, Ground Speed from Differential GPS
GPS_Heading_deg, degrees, Heading from Differential GPS
GPS_Lat_deg, degrees, Latitude from Differential GPS
GPS_Lon_deg, degrees, Longitude from Differential GPS
AirTemp_C, Celsius, Air Temperature from Airmar
RelHumidity_pct, percent, Relative Humidity from Airmar
Pressure_mb, millibars, Pressure from Honeywell
WindDir_calc_deg, degrees, Wind Direction from Airmar corrected for van movement
WindSpd_calc_m_s, m/s, Wind Speed from Airmar corrected for van movement
1
SPECIAL COMMENTS:
18
PI_CONTACT_INFO: Address: 325 Broadway R/CSL7, Boulder, CO, 80305
PLATFORM: CSL Mobile Lab
LOCATION: Salt Lake City, UT
ASSOCIATED_DATA: N/A
INSTRUMENT_INFO: N/A
DATA_INFO: Units:
UNCERTAINTY: N/A
ULOD_FLAG: -7777
ULOD_VALUE: N/A
LLOD_FLAG: -8888
LLOD_VALUE: N/A
DM_CONTACT_INFO: Data Manager: Nate Howard
PROJECT_INFO: 
STIPULATIONS_ON_USE: Use of these data require prior ok from PI.
OTHER_COMMENTS: 
REVISION: R0
R0: Final data. Fixed bug in wind averaging code. RA: Preliminary Data. For in-field use only. 
Time_Start, GPS_Alt_m, GPS_Course_deg, GPS_GndSpd_m_s, GPS_Heading_deg, GPS_Lat_deg, GPS_Lon_deg, AirTemp_C, RelHumidity_pct, Pressure_mb, WindDir_calc_deg, WindSpd_calc_m_s
[from data line 1319]
79140.0,1307.8,2.18,0.05,2.18,40.73434,-111.87211,36.0,15.9,871.0,295.42,0.9
79200.0,1307.8,2.06,0.04,2.06,40.73434,-111.87211,36.1,16.3,871.0,265.16,0.5
79260.0,1308.0,2.34,0.05,2.34,40.73434,-111.87211,36.0,16.6,871.0,323.46,0.3
79320.0,1308.0,2.87,0.04,2.87,40.73434,-111.87211,36.0,16.7,871.0,16.38,0.3
79380.0,1307.9,2.38,0.05,2.38,40.73434,-111.87211,36.1,16.8,871.0,75.96,0.3
79440.0,1307.7,2.36,0.05,2.36,40.73434,-111.87211,36.1,17.2,871.0,31.60,0.3
79500.0,1307.7,2.39,0.05,2.39,40.73434,-111.87211,35.9,17.0,871.0,38.50,0.7
79560.0,1307.5,2.64,0.05,2.64,40.73434,-111.87211,35.8,16.8,871.0,60.90,0.5
79620.0,1307.4,2.43,0.04,2.43,40.73434,-111.87211,35.8,16.4,871.0,350.38,0.3
79680.0,1307.5,2.37,0.04,2.37,40.73434,-111.87211,35.7,16.8,871.0,49.33,0.7
79740.0,1307.5,2.14,0.05,2.14,40.73434,-111.87211,35.6,17.1,871.0,58.44,0.4
79800.0,1307.5,2.62,0.04,2.62,40.73433,-111.87211,35.7,17.1,871.1,84.72,0.6
79860.0,1307.5,2.69,0.04,2.69,40.73433,-111.87211,35.6,16.7,871.0,75.52,0.8
79920.0,1307.6,2.44,0.04,2.44,40.73433,-111.87211,35.6,16.0,871.0,0.24,0.3
79980.0,1307.7,2.01,0.05,2.01,40.73433,-111.87211,35.7,15.8,871.0,96.98,0.6
80040.0,1307.8,2.04,0.06,2.04,40.73433,-111.87211,35.7,16.4,871.0,52.11,0.7
80100.0,1307.9,2.65,0.05,2.65,40.73433,-111.87211,35.7,16.3,871.0,76.63,0.6
80160.0,1308.0,2.67,0.05,2.67,40.73433,-111.87211,35.6,16.3,871.0,66.53,0.8
80220.0,1308.2,2.47,0.05,2.47,40.73433,-111.87211,35.6,16.2,871.0,62.92,0.4
80280.0,1308.4,1.65,0.06,1.65,40.73433,-111.87211,35.6,16.7,871.0,52.02,0.5
80340.0,1308.6,1.77,0.05,1.77,40.73433,-111.87211,35.6,16.8,871.0,94.28,0.8
80400.0,1308.7,2.27,0.05,2.27,40.73433,-111.87211,35.4,16.8,871.0,70.51,0.7
80460.0,1308.7,2.64,0.05,2.64,40.73433,-111.87211,35.5,16.8,871.0,68.95,0.5
80520.0,1308.6,2.89,0.05,2.89,40.73433,-111.87211,35.6,17.3,871.0,85.02,0.7
80580.0,1308.5,1.75,0.05,1.75,40.73433,-111.87211,35.4,16.4,870.9,0.59,0.4
80640.0,1308.4,1.95,0.05,1.95,40.73433,-111.87211,35.4,16.4,870.9,56.47,0.5
80700.0,1308.4,2.17,0.05,2.17,40.73433,-111.87211,35.5,16.5,870.9,25.65,0.2
80760.0,1308.6,2.32,0.05,2.32,40.73433,-111.87211,35.5,16.1,870.9,73.93,0.4
80820.0,1308.6,2.34,0.04,2.34,40.73433,-111.87211,35.6,16.2,871.0,85.62,0.7
80880.0,1308.4,2.06,0.04,2.06,40.73433,-111.87211,35.6,15.9,871.0,73.46,0.5
80940.0,1308.0,1.83,0.05,1.83,40.73434,-111.87211,35.5,15.9,870.9,59.15,0.6
81000.0,1307.6,1.94,0.05,1.94,40.73434,-111.87211,35.5,15.8,870.9,43.77,0.4
81060.0,1307.1,2.55,0.05,2.55,40.73434,-111.87211,35.6,15.8,870.9,77.37,0.3
81120.0,1306.9,2.31,0.04,2.31,40.73434,-111.87211,35.6,16.2,870.9,86.45,0.8
81180.0,1307.1,2.19,0.05,2.19,40.73434,-111.87211,35.8,16.4,870.9,94.81,0.4
81240.0,1307.2,2.34,0.05,2.34,40.73434,-111.87211,35.7,16.0,870.9,30.85,0.4
81300.0,1307.0,2.19,0.05,2.19,40.73434,-111.87211,35.8,16.3,870.9,60.21,0.4
81360.0,1307.0,1.74,0.05,1.74,40.73434,-111.87211,35.8,16.2,870.9,97.45,0.8
81420.0,1307.1,1.62,0.05,1.62,40.73434,-111.87211,36.0,16.2,870.9,103.46,0.5
81480.0,1307.1,1.50,0.06,1.50,40.73434,-111.87211,35.9,16.0,870.9,68.84,0.3
81540.0,1307.1,1.59,0.05,1.59,40.73434,-111.87211,36.0,15.8,870.9,76.18,0.5
81600.0,1307.2,1.57,0.05,1.57,40.73434,-111.87211,36.0,15.7,870.9,72.41,0.3
81660.0,1307.2,2.17,0.05,2.17,40.73434,-111.87211,36.1,15.0,870.9,241.77,0.1
81720.0,1307.4,1.58,0.05,1.58,40.73434,-111.87211,36.0,15.6,870.9,81.11,0.9
81780.0,1307.5,1.18,0.05,1.18,40.73434,-111.87211,35.9,15.9,870.9,39.31,0.4
81840.0,1307.7,1.39,0.05,1.39,40.73434,-111.87211,35.9,16.2,870.9,84.62,0.7
81900.0,1307.9,1.68,0.05,1.68,40.73434,-111.87211,35.9,16.2,870.9,86.86,0.5
81960.0,1308.3,1.93,0.05,1.93,40.73434,-111.87211,36.0,15.9,870.8,134.20,0.4
82020.0,1308.5,2.29,0.05,2.29,40.73434,-111.87211,36.1,16.1,870.8,87.46,0.2
82080.0,1308.6,1.50,0.05,1.50,40.73434,-111.87211,36.0,16.9,870.8,76.10,0.5
82140.0,1308.9,1.26,0.05,1.26,40.73434,-111.87211,36.1,17.0,870.8,75.06,0.7
82200.0,1309.0,1.23,0.05,1.23,40.73434,-111.87211,36.1,16.8,870.8,70.48,0.6
82260.0,1308.9,1.38,0.05,1.38,40.73434,-111.87211,36.0,16.5,870.8,25.76,0.4
82320.0,1309.1,1.80,0.05,1.80,40.73434,-111.87211,36.1,16.0,870.8,263.51,0.4
82380.0,1309.1,1.33,0.05,1.33,40.73434,-111.87211,36.2,16.4,870.7,117.19,0.2
82440.0,1309.2,0.80,0.04,0.80,40.73434,-111.87211,36.2,17.1,870.8,93.44,0.8
82500.0,1309.4,1.18,0.05,1.18,40.73434,-111.87211,36.1,17.2,870.7,69.50,0.8
82560.0,1309.4,1.86,0.05,1.86,40.73434,-111.87211,36.0,16.7,870.7,82.94,0.5
82620.0,1309.6,2.23,0.05,2.23,40.73434,-111.87211,36.0,16.8,870.7,94.63,0.7
82680.0,1309.7,1.61,0.05,1.61,40.73434,-111.87211,36.1,17.1,870.7,90.04,0.6
82740.0,1309.5,1.24,0.06,1.24,40.73434,-111.87211,35.9,17.1,870.7,47.19,0.6
82800.0,1309.5,1.78,0.05,1.78,40.73434,-111.87211,35.8,17.2,870.7,65.23,0.7
82860.0,1309.7,2.01,0.06,2.01,40.73434,-111.87211,35.8,17.0,870.7,74.69,0.5
82920.0,1309.9,1.60,0.05,1.60,40.73434,-111.87211,35.7,17.1,870.7,35.25,0.4
82980.0,1310.2,1.24,0.06,1.24,40.73434,-111.87211,35.7,17.4,870.7,66.85,0.7
83040.0,1310.0,1.33,0.05,1.33,40.73434,-111.87211,35.6,17.0,870.7,354.15,0.3
83100.0,1309.8,1.69,0.06,1.69,40.73434,-111.87211,35.8,17.2,870.7,82.76,0.7
83160.0,1309.8,1.60,0.05,1.60,40.73434,-111.87211,36.0,16.2,870.7,200.35,0.3
83220.0,1309.9,1.57,0.05,1.57,40.73434,-111.87211,36.1,16.2,870.7,101.01,0.5
83280.0,1309.8,1.24,0.05,1.24,40.73434,-111.87211,36.2,16.4,870.7,86.71,0.5
83340.0,1309.7,1.40,0.05,1.40,40.73434,-111.87211,36.1,16.4,870.8,15.63,0.2
83400.0,1309.7,1.64,0.05,1.64,40.73434,-111.87211,36.2,16.8,870.8,106.29,0.8
83460.0,1309.7,1.45,0.05,1.45,40.73434,-111.87211,36.2,16.4,870.8,101.53,0.8
83520.0,1309.6,1.73,0.05,1.73,40.73434,-111.87211,36.2,16.3,870.8,92.13,0.7
83580.0,1309.5,2.09,0.05,2.09,40.73434,-111.87211,36.1,16.0,870.8,17.10,0.3
83640.0,1309.5,1.99,0.04,1.99,40.73434,-111.87211,36.0,16.4,870.8,88.29,0.8
83700.0,1309.5,1.42,0.04,1.42,40.73434,-111.87211,35.9,16.2,870.8,62.16,0.6
83760.0,1309.5,1.58,0.05,1.58,40.73434,-111.87211,35.8,16.1,870.8,55.39,0.3
83820.0,1309.7,1.92,0.05,1.92,40.73434,-111.87211,35.9,16.1,870.8,63.61,0.4
83880.0,1309.6,1.99,0.05,1.99,40.73434,-111.87211,36.0,15.9,870.8,282.96,0.2
83940.0,1309.8,2.00,0.06,2.00,40.73434,-111.87211,36.0,16.0,870.8,357.51,0.1
84000.0,1309.1,2.08,0.05,2.08,40.73434,-111.87211,35.9,16.3,870.8,71.57,0.4
84060.0,1308.9,1.77,0.05,1.77,40.73434,-111.87211,35.9,16.5,870.8,80.26,0.6
84120.0,1308.6,1.67,0.06,1.67,40.73434,-111.87211,36.0,16.3,870.7,97.68,0.5
84180.0,1308.5,1.84,0.05,1.84,40.73434,-111.87211,36.1,16.5,870.8,87.96,0.8
84240.0,1308.5,1.89,0.04,1.89,40.73434,-111.87211,36.0,16.1,870.8,65.13,0.5
84300.0,1308.7,2.66,0.05,2.66,40.73434,-111.87211,35.9,16.2,870.7,86.33,0.7
84360.0,1309.2,3.19,0.05,3.19,40.73434,-111.87211,35.9,16.5,870.7,93.40,0.9
84420.0,1309.6,3.15,0.05,3.15,40.73434,-111.87211,35.7,15.8,870.7,68.75,0.7
84480.0,1309.5,2.83,0.04,2.83,40.73434,-111.87211,35.4,15.5,870.7,348.84,0.4
84540.0,1309.6,2.79,0.05,2.79,40.73434,-111.87211,35.7,15.1,870.7,164.19,0.5
84600.0,1309.8,3.11,0.04,3.11,40.73434,-111.87211,35.6,15.8,870.7,44.02,0.5
84660.0,1309.7,2.82,0.05,2.82,40.73434,-111.87211,35.6,15.3,870.7,64.96,0.5
84720.0,1309.7,2.49,0.05,2.49,40.73434,-111.87211,35.5,15.3,870.7,82.87,0.6
84780.0,1309.3,2.55,0.05,2.55,40.73434,-111.87211,35.6,15.7,870.7,47.41,0.2
84840.0,1309.4,3.00,0.05,3.00,40.73434,-111.87211,35.5,15.8,870.7,114.47,0.7
84900.0,1309.0,3.30,0.05,3.30,40.73434,-111.87211,35.7,16.2,870.7,92.83,0.4
84960.0,1308.7,3.40,0.04,3.40,40.73434,-111.87211,35.5,16.2,870.7,39.35,0.6
85020.0,1308.6,3.16,0.04,3.16,40.73434,-111.87211,35.4,15.9,870.7,79.63,0.8
85080.0,1308.3,3.46,0.05,3.46,40.73434,-111.87211,35.4,16.0,870.7,75.09,0.4
85140.0,1308.2,2.76,0.04,2.76,40.73434,-111.87211,35.3,16.4,870.7,95.70,0.9
85200.0,1308.2,2.16,0.05,2.16,40.73434,-111.87211,35.2,16.5,870.7,74.70,0.6
85260.0,1308.4,2.06,0.05,2.06,40.73434,-111.87211,35.2,16.3,870.7,74.98,0.5
85320.0,1308.4,2.39,0.05,2.39,40.73434,-111.87211,35.3,16.4,870.7,91.59,0.5
85380.0,1308.4,2.20,0.04,2.20,40.73434,-111.87211,35.3,16.7,870.7,81.45,0.5
85440.0,1308.4,2.61,0.05,2.61,40.73434,-111.87211,35.3,16.1,870.6,90.40,0.5
85500.0,1308.6,2.83,0.05,2.83,40.73434,-111.87211,35.3,16.9,870.6,109.18,1.2
85560.0,1308.7,2.69,0.05,2.69,40.73434,-111.87211,35.1,16.4,870.6,82.81,0.8
85620.0,1308.8,2.65,0.05,2.65,40.73434,-111.87211,35.1,16.5,870.6,71.47,0.6
85680.0,1308.8,2.00,0.05,2.00,40.73434,-111.87211,35.1,16.3,870.6,65.86,0.6
85740.0,1308.6,1.45,0.05,1.45,40.73434,-111.87211,35.0,15.5,870.6,55.51,0.7
85800.0,1308.6,1.84,0.04,1.84,40.73434,-111.87211,34.9,15.0,870.6,67.16,0.8
85860.0,1308.5,2.36,0.04,2.36,40.73434,-111.87211,34.9,14.9,870.6,5.13,0.2
85920.0,1308.4,2.52,0.05,2.52,40.73434,-111.87211,35.1,14.7,870.6,103.33,0.2
85980.0,1308.4,2.95,0.05,2.95,40.73434,-111.87211,35.1,14.7,870.6,32.50,0.2
86040.0,1308.2,2.74,0.05,2.74,40.73434,-111.87211,35.3,15.2,870.6,104.06,0.6
86100.0,1308.2,2.64,0.04,2.64,40.73434,-111.87211,35.2,15.6,870.6,103.10,0.9
86160.0,1308.2,2.72,0.04,2.72,40.73433,-111.87211,35.3,15.9,870.6,98.32,0.3
86220.0,1308.2,2.81,0.05,2.81,40.73433,-111.87211,35.4,15.4,870.6,81.22,0.3
86280.0,1308.1,3.02,0.04,3.02,40.73433,-111.87211,35.4,15.5,870.6,92.47,0.8
86340.0,1308.1,3.06,0.04,3.06,40.73433,-111.87211,35.1,15.7,870.6,39.83,0.4
