CampaignData_and_Merges/R0/CSL_MobileLab_Parked/raw/20240728/USOS-NOy-LIF_MobileLabGround_20240728_R0.ict
39,1001
Rollins, A.; Waxman, E.; Zuraski, K.; Chace, W.
NOAA Chemical Sciences Laboratory
LIF NO/NOx/NOy on CSL Mobile Lab
AMMBEC / USOS
1, 1
2024,07,28, 2025,01,04
1
Time_Start, seconds, number_of_seconds_since_0000_UTC
7
1, 1, 1, 1, 1, 1, 1
-9999, -9999, -9999, -9999, -9999, -9999, -9999
Time_Stop, seconds, number_of_seconds_since_0000_UTC
NO_LIF, pptv, Gas_NO_InSitu_S_AVMR, volume mixing ratio of nitric oxide in air
NO2_LIF, pptv, Gas_NO2_InSitu_S_AVMR, volume mixing ratio of nitrogen dioxide in air
NOy_LIF, pptv, Gas_NOy_InSitu_S_AVMR, volume mixing ratio of total oxidized nitrogen in air
NO_LIF_1SigmaAccuracy, pptv, Gas_NO_InSitu_S_AVMR, volume mixing ratio of nitric oxide in air
NO2_LIF_1SigmaAccuracy, pptv, Gas_NO2_InSitu_S_AVMR, volume mixing ratio of nitrogen dioxide in air
NOy_LIF_1SigmaAccuracy, pptv, Gas_NOy_InSitu_S_AVMR, volume mixing ratio of total oxidized nitrogen in air
0
18
PI_CONTACT_INFO: andrew.rollins@noaa.gov
PLATFORM: CSL Mobile Lab
LOCATION: Salt Lake City, UT
ASSOCIATED_DATA:
INSTRUMENT_INFO: NO detection by laser induced fluorescence. NO2 detection by photolytic conversion to NO. NOy detection by catalytic conversion to NO on gold surface
DATA_INFO:
UNCERTAINTY: Included 1 Sigma Accuracy waves represent the combined calibration uncertainties (±6%, ±9%, ±10%) and zero uncertainties (3 ppt, 20 ppt, 100 ppt) for NO, NO2, and NOy, respectively.
ULOD_FLAG: -7777
ULOD_VALUE: N/A
LLOD_FLAG: -8888
LLOD_VALUE: N/A
DM_CONTACT_INFO: andrew.rollins@noaa.gov
PROJECT_INFO: USOS Project, July - August 2024
STIPULATIONS_ON_USE: Users are strongly encouraged to contact the PI for proper data usage.
OTHER_COMMENTS:
REVISION: R0
R0: final data
Time_Start, Time_Stop, NO_LIF, NO2_LIF, NOy_LIF, NO_LIF_1SigmaAccuracy, NO2_LIF_1SigmaAccuracy, NOy_LIF_1SigmaAccuracy
[from data line 532]
   31920,   31980,38.915,10855,12960,5.3349, 996.98, 1396
   31980,   32040,178.7,11833,13681,13.722, 1085, 1468.1
   32040,   32100,78.26,11391,13741,7.6956, 1045.2, 1474.1
   32100,   32160,100.21,10873,13364,9.0125, 998.57, 1436.4
   32160,   32220,46.295,10467,12981,5.7777, 962.01, 1398.1
   32220,   32280,47.821,10184,12748,5.8693, 936.57, 1374.8
   32280,   32340,41.837,10077,12414,5.5102, 926.97, 1341.4
   32340,   32400,34.357,9937.5,12158,5.0614, 914.38, 1315.8
   32400,   32460,17.952,9693.1,11979,4.0771, 892.38, 1297.9
   32460,   32520,19.843,9662.4,11911,4.1906, 889.61, 1291.1
   32520,   32580,20.909,9459.3,11717,4.2545, 871.33, 1271.7
   32580,   32640,14.975,9257.9,11635,3.8985, 853.21, 1263.5
   32640,   32700,15.142,9353.6,11731,3.9085, 861.83, 1273.1
   32700,   32760,13.066,9299.3,11774,3.784, 856.94, 1277.4
   32760,   32820,-9999,-9999,-9999,-9999, -9999, -9999
   32820,   32880,-9999,-9999,-9999,-9999, -9999, -9999
   32880,   32940,-9999,-9999,-9999,-9999, -9999, -9999
   32940,   33000,-9999,-9999,-9999,-9999, -9999, -9999
   33000,   33060,-9999,-9999,-9999,-9999, -9999, -9999
   33060,   33120,-9999,-9999,-9999,-9999, -9999, -9999
   33120,   33180,-9999,-9999,-9999,-9999, -9999, -9999
   33180,   33240,57.81,9656,11999,6.4686, 889.04, 1299.9
   33240,   33300,52.221,9597.2,11920,6.1332, 883.75, 1292
   33300,   33360,24.228,9584.5,11910,4.4537, 882.6, 1291
   33360,   33420,25.079,9511.9,11725,4.5047, 876.07, 1272.5
   33420,   33480,30.78,9585.4,11776,4.8468, 882.68, 1277.6
   33480,   33540,29.404,9509.9,11710,4.7642, 875.89, 1271
   33540,   33600,24.973,9708.1,11911,4.4984, 893.73, 1291.1
   33600,   33660,13.998,9551.4,11873,3.8399, 879.63, 1287.3
   33660,   33720,16.959,9484.9,11858,4.0175, 873.64, 1285.8
   33720,   33780,18.646,9262.6,11619,4.1187, 853.63, 1261.9
   33780,   33840,14.895,9362.3,11629,3.8937, 862.61, 1262.9
   33840,   33900,19.587,9406.7,11712,4.1752, 866.6, 1271.2
   33900,   33960,32.998,9467.8,11919,4.9799, 872.1, 1291.9
   33960,   34020,51.785,9512.3,12276,6.1071, 876.1, 1327.6
   34020,   34080,50.508,9714.3,12160,6.0305, 894.29, 1316
   34080,   34140,27.965,9797.1,12304,4.6779, 901.74, 1330.4
   34140,   34200,23.302,9646.6,12015,4.3981, 888.19, 1301.5
   34200,   34260,27.817,9682.8,12040,4.669, 891.45, 1304
   34260,   34320,20.574,9543.4,11929,4.2344, 878.9, 1292.9
   34320,   34380,11.706,9503.5,11928,3.7024, 875.32, 1292.8
   34380,   34440,14.672,9512.6,11945,3.8803, 876.13, 1294.5
   34440,   34500,37.021,9406.4,11802,5.2213, 866.57, 1280.2
   34500,   34560,20.483,9446.2,11730,4.229, 870.16, 1273
   34560,   34620,16.941,9419.8,11797,4.0165, 867.78, 1279.7
   34620,   34680,23.781,9510.6,11907,4.4269, 875.95, 1290.7
   34680,   34740,28.396,9632.6,12075,4.7038, 886.93, 1307.5
   34740,   34800,34.741,9641.8,12143,5.0844, 887.77, 1314.3
   34800,   34860,18.004,9402.2,11998,4.0803, 866.2, 1299.8
   34860,   34920,22.297,9297,12011,4.3378, 856.73, 1301.1
   34920,   34980,15.133,9220,11711,3.908, 849.8, 1271.1
   34980,   35040,11.166,9135.7,11653,3.67, 842.22, 1265.3
   35040,   35100,12.131,9280.5,11685,3.7279, 855.25, 1268.5
   35100,   35160,27.684,9311.1,11569,4.6611, 858, 1256.9
   35160,   35220,290.05,10886,12446,20.403, 999.73, 1344.6
   35220,   35280,70.082,10175,12481,7.2049, 935.75, 1348.1
   35280,   35340,33.403,9321.9,11804,5.0042, 858.97, 1280.4
   35340,   35400,43.063,9289.7,11827,5.5838, 856.08, 1282.7
   35400,   35460,24.296,9364.6,11725,4.4578, 862.81, 1272.5
   35460,   35520,24.194,9281.1,11711,4.4517, 855.3, 1271.1
   35520,   35580,15.235,9290.7,11719,3.9141, 856.17, 1271.9
   35580,   35640,13.655,9178.3,11566,3.8193, 846.04, 1256.6
   35640,   35700,14.143,9190.4,11578,3.8486, 847.14, 1257.8
   35700,   35760,20.51,9115.5,11519,4.2306, 840.39, 1251.9
   35760,   35820,27.81,9093.9,11497,4.6686, 838.45, 1249.7
   35820,   35880,42.465,9136.1,11542,5.5479, 842.25, 1254.2
   35880,   35940,21.248,9015.8,11478,4.2749, 831.42, 1247.8
   35940,   36000,29.191,9119,11526,4.7514, 840.71, 1252.6
   36000,   36060,28.827,9124.9,11412,4.7296, 841.24, 1241.2
   36060,   36120,19.151,9350.9,11453,4.149, 861.59, 1245.3
   36120,   36180,22.12,9357.6,11451,4.3272, 862.18, 1245.1
   36180,   36240,12.192,9329.5,11491,3.7315, 859.66, 1249.1
   36240,   36300,16.188,9384.5,11645,3.9713, 864.6, 1264.5
   36300,   36360,17.307,9511.6,11690,4.0384, 876.04, 1269
   36360,   36420,21.77,9478.1,11720,4.3062, 873.03, 1272
   36420,   36480,34.081,9677.9,11779,5.0449, 891.01, 1277.9
   36480,   36540,283.66,10493,12294,20.02, 964.35, 1329.4
   36540,   36600,286.89,11415,12574,20.214, 1047.3, 1357.4
   36600,   36660,42.333,10074,12602,5.54, 926.62, 1360.2
   36660,   36720,33.375,9924.1,12489,5.0025, 913.17, 1348.9
   36720,   36780,46.529,10212,12388,5.7917, 939.04, 1338.8
   36780,   36840,50.679,10067,12685,6.0407, 926.01, 1368.5
   36840,   36900,57.288,9930.4,12585,6.4373, 913.74, 1358.5
   36900,   36960,43.985,9863.3,12602,5.6391, 907.7, 1360.2
   36960,   37020,27.975,9677,12449,4.6785, 890.93, 1344.9
   37020,   37080,19.968,9231.7,11974,4.1981, 850.85, 1297.4
   37080,   37140,1411.5,11561,13235,87.692, 1060.5, 1423.5
   37140,   37200,1117.5,12230,16373,70.051, 1120.7, 1737.3
   37200,   37260,301.77,11032,14485,21.106, 1012.9, 1548.5
   37260,   37320,270.79,11817,15481,19.247, 1083.6, 1648.1
   37320,   37380,92.408,10494,13714,8.5445, 964.5, 1471.4
   37380,   37440,59.507,9864.9,12772,6.5704, 907.84, 1377.2
   37440,   37500,44.443,10007,13141,5.6666, 920.62, 1414.1
   37500,   37560,31.532,10071,12826,4.8919, 926.37, 1382.6
   37560,   37620,22.512,9833.8,12701,4.3507, 905.04, 1370.1
   37620,   37680,16.773,9412.7,12203,4.0064, 867.14, 1320.3
   37680,   37740,15.331,9256.2,11840,3.9198, 853.05, 1284
   37740,   37800,19.004,9168.6,11689,4.1403, 845.17, 1268.9
   37800,   37860,16.943,9202.1,11778,4.0166, 848.19, 1277.8
   37860,   37920,14.387,9064.8,11561,3.8632, 835.83, 1256.1
   37920,   37980,19.281,9240.9,11745,4.1569, 851.68, 1274.5
   37980,   38040,31.966,9078.6,11590,4.9179, 837.08, 1259
   38040,   38100,161.57,9314.8,11530,12.694, 858.33, 1253
   38100,   38160,234.05,10139,11742,17.043, 932.54, 1274.2
   38160,   38220,86.959,9566.5,12284,8.2175, 880.99, 1328.4
   38220,   38280,136.27,9993,12160,11.176, 919.37, 1316
   38280,   38340,157.87,11036,14059,12.472, 1013.2, 1505.9
   38340,   38400,95.16,10721,13484,8.7096, 984.86, 1448.4
   38400,   38460,46.748,10166,13152,5.8049, 934.91, 1415.2
   38460,   38520,30.205,9675.9,12665,4.8123, 890.83, 1366.5
   38520,   38580,38.45,9603.4,12256,5.307, 884.31, 1325.6
   38580,   38640,33.13,9775.7,12536,4.9878, 899.82, 1353.6
   38640,   38700,26.268,9532.7,12372,4.5761, 877.94, 1337.2
   38700,   38760,19.074,9329.5,12128,4.1444, 859.65, 1312.8
   38760,   38820,26.181,9287.9,11980,4.5709, 855.91, 1298
   38820,   38880,36.125,9313.1,11940,5.1675, 858.18, 1294
   38880,   38940,21.746,9192.5,12123,4.3048, 847.32, 1312.3
   38940,   39000,18.373,9261.6,12030,4.1024, 853.54, 1303
   39000,   39060,30.345,9216.9,12031,4.8207, 849.52, 1303.1
   39060,   39120,25.591,8907,11623,4.5355, 821.63, 1262.3
   39120,   39180,26.228,8814.7,11430,4.5737, 813.33, 1243
   39180,   39240,28.716,8902.9,11528,4.7229, 821.26, 1252.8
   39240,   39300,38.043,8882.3,11419,5.2826, 819.41, 1241.9
   39300,   39360,49.38,8975.6,11557,5.9628, 827.8, 1255.7
   39360,   39420,33.232,9003.5,11717,4.9939, 830.32, 1271.7
   39420,   39480,35.218,8899,11663,5.1131, 820.91, 1266.3
   39480,   39540,60.613,9058.2,11692,6.6368, 835.24, 1269.2
   39540,   39600,71.362,9035.6,11602,7.2817, 833.2, 1260.2
   39600,   39660,43.479,8969.7,11659,5.6087, 827.27, 1265.9
   39660,   39720,22.421,8779,11540,4.3452, 810.11, 1254
   39720,   39780,18.042,8852,11577,4.0825, 816.68, 1257.7
   39780,   39840,59.695,9983.2,12139,6.5817, 918.49, 1313.9
   39840,   39900,378.43,10774,12772,25.706, 989.65, 1377.2
   39900,   39960,109.76,9706.3,12403,9.5857, 893.57, 1340.3
   39960,   40020,38.356,8796.9,11714,5.3013, 811.72, 1271.4
   40020,   40080,19.867,8520.7,11482,4.192, 786.86, 1248.2
   40080,   40140,18.753,8377.9,11210,4.1252, 774.01, 1221
   40140,   40200,26.494,8470.3,11204,4.5897, 782.33, 1220.4
   40200,   40260,24.27,8330.6,11129,4.4562, 769.75, 1212.9
   40260,   40320,53.097,8341.9,11123,6.1858, 770.77, 1212.3
   40320,   40380,45.736,8401.3,11287,5.7441, 776.11, 1228.7
   40380,   40440,23.668,8444.2,11304,4.4201, 779.98, 1230.4
   40440,   40500,21.354,8302.2,11027,4.2813, 767.2, 1202.7
   40500,   40560,45.342,8383.8,11079,5.7205, 774.54, 1207.9
   40560,   40620,100.91,8419.3,11176,9.0548, 777.73, 1217.6
   40620,   40680,47.069,8111.9,10966,5.8242, 750.07, 1196.6
   40680,   40740,60.704,8390.2,11053,6.6423, 775.12, 1205.3
   40740,   40800,-9999,-9999,-9999,-9999, -9999, -9999
   40800,   40860,-9999,-9999,-9999,-9999, -9999, -9999
   40860,   40920,-9999,-9999,-9999,-9999, -9999, -9999
   40920,   40980,-9999,-9999,-9999,-9999, -9999, -9999
   40980,   41040,-9999,-9999,-9999,-9999, -9999, -9999
   41040,   41100,-9999,-9999,-9999,-9999, -9999, -9999
   41100,   41160,-9999,-9999,-9999,-9999, -9999, -9999
   41160,   41220,87.596,8837.5,11452,8.2557, 815.38, 1245.2
   41220,   41280,63.227,8315.7,11368,6.7936, 768.41, 1236.8
   41280,   41340,24.112,8267.7,11459,4.4467, 764.09, 1245.9
   41340,   41400,20.043,8311.5,11748,4.2026, 768.03, 1274.8
   41400,   41460,37.491,8891.3,11904,5.2495, 820.22, 1290.4
   41460,   41520,41.128,8816.8,11874,5.4677, 813.51, 1287.4
   41520,   41580,31.502,8645.5,11509,4.8901, 798.09, 1250.9
   41580,   41640,21.658,8618,11330,4.2995, 795.62, 1233
   41640,   41700,28.039,8423.5,10652,4.6823, 778.12, 1165.2
   41700,   41760,33.131,8502.2,10735,4.9879, 785.2, 1173.5
   41760,   41820,22.094,8376.3,11067,4.3257, 773.87, 1206.7
   41820,   41880,20.638,8250.2,10982,4.2383, 762.52, 1198.2
   41880,   41940,18.645,8260.2,10962,4.1187, 763.42, 1196.2
   41940,   42000,37.442,8311.7,11038,5.2465, 768.06, 1203.8
   42000,   42060,42.024,8361.2,11165,5.5214, 772.51, 1216.5
   42060,   42120,43.745,8351.9,10963,5.6247, 771.67, 1196.3
   42120,   42180,26.46,8232.7,10855,4.5876, 760.94, 1185.5
   42180,   42240,22.019,7978.3,10714,4.3212, 738.04, 1171.4
   42240,   42300,26.232,7784.7,10301,4.5739, 720.63, 1130.1
   42300,   42360,20.226,7922.5,10569,4.2135, 733.03, 1156.9
   42360,   42420,10.955,7683.3,10522,3.6573, 711.5, 1152.2
   42420,   42480,31.409,7897.7,10547,4.8845, 730.79, 1154.7
   42480,   42540,30.437,7940.3,10679,4.8262, 734.63, 1167.9
   42540,   42600,16.102,7320.7,9879.3,3.9661, 678.86, 1087.9
   42600,   42660,20.169,7387.6,10120,4.2101, 684.89, 1112
   42660,   42720,34.064,7222.6,10117,5.0438, 670.04, 1111.7
   42720,   42780,10.362,7237.5,10089,3.6217, 671.37, 1108.9
   42780,   42840,14.36,7664.5,10139,3.8616, 709.8, 1113.9
   42840,   42900,35.412,8529.2,10230,5.1247, 787.63, 1123
   42900,   42960,42.088,8968.2,10557,5.5253, 827.14, 1155.7
   42960,   43020,45.542,9362.7,11149,5.7325, 862.65, 1214.9
   43020,   43080,26.256,8000.2,10779,4.5754, 740.02, 1177.9
   43080,   43140,11.574,7350.3,10223,3.6944, 681.53, 1122.3
   43140,   43200,18.979,7601.9,10688,4.1387, 704.17, 1168.8
   43200,   43260,220.72,8526.1,11144,16.243, 787.35, 1214.4
   43260,   43320,2377.2,13570,14934,145.63, 1241.3, 1593.4
   43320,   43380,406.38,7862.1,14178,27.383, 727.59, 1517.8
   43380,   43440,51.506,6503.7,11244,6.0903, 605.33, 1224.4
   43440,   43500,29.981,6139.8,9538.1,4.7989, 572.59, 1053.8
   43500,   43560,29.383,6049.5,9513.7,4.763, 564.45, 1051.4
   43560,   43620,67.453,6372.8,9111.1,7.0472, 593.55, 1011.1
   43620,   43680,58.687,6314.9,8963.7,6.5212, 588.34, 996.37
   43680,   43740,105.55,6072.2,8883.8,9.3333, 566.5, 988.38
   43740,   43800,46.738,5787.4,8539.3,5.8043, 540.87, 953.93
   43800,   43860,46.122,5542,8196.1,5.7673, 518.78, 919.61
   43860,   43920,41.137,5679,8274.6,5.4682, 531.11, 927.46
   43920,   43980,53.953,5629.3,8139,6.2372, 526.63, 913.9
   43980,   44040,17.782,5043.4,7504,4.0669, 473.9, 850.4
   44040,   44100,24.495,5279.6,8446.5,4.4697, 495.16, 944.65
   44100,   44160,17.604,4752,7559.1,4.0562, 447.68, 855.91
   44160,   44220,21.024,4872.4,7745.5,4.2614, 458.51, 874.55
   44220,   44280,31.937,5463.4,8162.2,4.9162, 511.7, 916.22
   44280,   44340,36.292,5514.9,7958.9,5.1775, 516.34, 895.89
   44340,   44400,61.334,5811.2,8130.3,6.6801, 543.01, 913.03
   44400,   44460,40.673,5874.3,8499.9,5.4404, 548.69, 949.99
   44460,   44520,57.726,6364.4,8489.4,6.4635, 592.8, 948.94
   44520,   44580,68.786,7083.3,9060.2,7.1272, 657.5, 1006
   44580,   44640,81.181,7107.2,9246.6,7.8709, 659.65, 1024.7
   44640,   44700,80.788,7823.2,10520,7.8473, 724.09, 1152
   44700,   44760,84.812,7553.7,10141,8.0887, 699.83, 1114.1
   44760,   44820,87.901,7434.2,9974.1,8.2741, 689.08, 1097.4
   44820,   44880,88.481,7511.9,9987.9,8.3089, 696.07, 1098.8
   44880,   44940,103.79,7314.1,10014,9.2276, 678.27, 1101.4
   44940,   45000,126.76,7244.9,9903.1,10.606, 672.04, 1090.3
   45000,   45060,142.33,7181.7,9815.1,11.54, 666.35, 1081.5
   45060,   45120,163.81,7251.5,9669.2,12.829, 672.64, 1066.9
   45120,   45180,202.26,7258.1,9668.4,15.136, 673.23, 1066.8
   45180,   45240,176.07,7112.3,9662.2,13.564, 660.11, 1066.2
   45240,   45300,146.96,6961.9,9456.5,11.818, 646.57, 1045.7
   45300,   45360,152.74,7084.4,9633.3,12.165, 657.59, 1063.3
   45360,   45420,247.54,7422.5,9864.4,17.852, 688.03, 1086.4
   45420,   45480,275.18,7419,10167,19.511, 687.71, 1116.7
   45480,   45540,267.16,7089.6,9994,19.03, 658.07, 1099.4
   45540,   45600,209.84,6893.4,9603.1,15.59, 640.41, 1060.3
   45600,   45660,182.92,6693.8,9308.1,13.975, 622.44, 1030.8
   45660,   45720,203.17,6615.6,9075.2,15.19, 615.41, 1007.5
   45720,   45780,391.78,7351,9159.1,26.507, 681.59, 1015.9
   45780,   45840,357.94,7539.8,9680.8,24.477, 698.58, 1068.1
   45840,   45900,324.61,7253.4,10295,22.477, 672.8, 1129.5
   45900,   45960,289.14,6688.3,9518.8,20.348, 621.94, 1051.9
   45960,   46020,299.82,7113.5,9934.7,20.989, 660.21, 1093.5
   46020,   46080,317.02,7245,9654.2,22.021, 672.05, 1065.4
   46080,   46140,481.64,8527.3,9992.8,31.899, 787.46, 1099.3
   46140,   46200,806.94,8588.2,10665,51.416, 792.94, 1166.5
   46200,   46260,808.05,6978.2,10649,51.483, 648.03, 1164.9
   46260,   46320,333.3,5710.5,8811.4,22.998, 533.94, 981.14
   46320,   46380,270.38,5571.2,7980,19.223, 521.41, 898
   46380,   46440,394.49,5905.8,7988.2,26.669, 551.52, 898.82
   46440,   46500,358.13,5833.9,8124.1,24.488, 545.05, 912.41
   46500,   46560,324.74,6084.4,8370.2,22.484, 567.6, 937.02
   46560,   46620,302.4,5765.5,8397.1,21.144, 538.9, 939.71
   46620,   46680,306.67,5438.5,8156.6,21.4, 509.46, 915.66
   46680,   46740,346.5,5665.9,8273.5,23.79, 529.93, 927.35
   46740,   46800,434.17,6156.4,8011.7,29.05, 574.08, 901.17
   46800,   46860,722.01,7624.2,8523,46.32, 706.18, 952.3
   46860,   46920,463.07,6505.5,8884.1,30.784, 605.49, 988.41
   46920,   46980,404.71,6060.5,8641.8,27.283, 565.45, 964.18
   46980,   47040,413.38,6046.7,8353.3,27.803, 564.2, 935.33
   47040,   47100,418.69,5957.6,8377.9,28.121, 556.19, 937.79
   47100,   47160,406.51,5790.6,8389.7,27.39, 541.15, 938.97
   47160,   47220,395.43,5719.3,8450.9,26.726, 534.74, 945.09
   47220,   47280,411.49,5703.4,8423.6,27.689, 533.3, 942.36
   47280,   47340,499.09,6087.8,8279.1,32.945, 567.9, 927.91
   47340,   47400,774.03,7139.8,8852.2,49.442, 662.58, 985.22
   47400,   47460,927.93,7697.3,9628.4,58.676, 712.76, 1062.8
   47460,   47520,905.11,7923.1,11090,57.307, 733.08, 1209
   47520,   47580,746.98,7306.6,10142,47.819, 677.59, 1114.2
   47580,   47640,641.35,6415.3,9164.9,41.481, 597.38, 1016.5
   47640,   47700,717.15,6879.3,9374.5,46.029, 639.14, 1037.5
   47700,   47760,509.12,5576.8,9128.5,33.547, 521.92, 1012.9
   47760,   47820,529.51,5654.2,8563.5,34.77, 528.88, 956.35
