CampaignData_and_Merges/R0/CSL_MobileLab_Parked/raw/20240728/USOS-POPS_MobileLabGround_20240728_R0.ict
78, 1001
Thornberry, T. D.
NOAA Chemical Sciences Laboratory
Portable Optical Particle Spectrometer (POPS)
USOS
1, 1
2024, 07, 28, 2025, 05, 08
60
Time_Start, seconds_past_midnight, Start time of measurement
45
1, 1, 1, 1, 1, 1, 1, 1, 1, 1, 1, 1, 1, 1, 1, 1, 1, 1, 1, 1, 1, 1, 1, 1, 1, 1, 1, 1, 1, 1, 1, 1, 1, 1, 1, 1, 1, 1, 1, 1, 1, 1, 1, 1, 1
-9999, -9999, -9999, -9999, -9999, -9999, -9999, -9999, -9999, -9999, -9999, -9999, -9999, -9999, -9999, -9999, -9999, -9999, -9999, -9999, -9999, -9999, -9999, -9999, -9999, -9999, -9999, -9999, -9999, -9999, -9999, -9999, -9999, -9999, -9999, -9999, -9999, -9999, -9999, -9999, -9999, -9999, -9999, -9999, -9999
Time_Stop, seconds_past_midnight, Stop time of measurement
Time_Mid, seconds_past_midnight, Mid time of measurement
Press_mb, mb, Pressure reported (mb)
Temp_C, degrees C, POPS temperature measurement
Aerosol_concentration, cm^-3, Aerosol concentration
Surface_Area_Conc, um^2 cm^-3, Surface area concentration
Volume_density, um^3 cm^-3, Volume density
Effective_radius, um, Effective radius
Extinction, km^-1, Extinction
Bin01, cm^-3, particle concentration in size range [1401 - 146.3 nm]
Bin02, cm^-3, particle concentration in size range [146.3 - 152.8 nm]
Bin03, cm^-3, particle concentration in size range [152.8 - 159.6 nm]
Bin04, cm^-3, particle concentration in size range [159.6 - 166.8 nm]
Bin05, cm^-3, particle concentration in size range [166.8 - 174.2 nm]
Bin06, cm^-3, particle concentration in size range [174.2 - 181.9 nm]
Bin07, cm^-3, particle concentration in size range [181.9 - 190.0 nm]
Bin08, cm^-3, particle concentration in size range [190.0 - 198.5 nm]
Bin09, cm^-3, particle concentration in size range [198.5 - 207.4 nm]
Bin10, cm^-3, particle concentration in size range [207.4 - 216.6 nm]
Bin11, cm^-3, particle concentration in size range [216.6 - 226.2 nm]
Bin12, cm^-3, particle concentration in size range [226.2 - 236.3 nm]
Bin13, cm^-3, particle concentration in size range [236.3 - 246.8 nm]
Bin14, cm^-3, particle concentration in size range [246.8 - 257.8 nm]
Bin15, cm^-3, particle concentration in size range [257.8 - 269.3 nm]
Bin16, cm^-3, particle concentration in size range [269.3 - 343.4 nm]
Bin17, cm^-3, particle concentration in size range [343.4 - 450.7 nm]
Bin18, cm^-3, particle concentration in size range [450.7 - 525.9 nm]
Bin19, cm^-3, particle concentration in size range [525.9 - 618.5 nm]
Bin20, cm^-3, particle concentration in size range [618.5 - 710.0 nm]
Bin21, cm^-3, particle concentration in size range [710.0 - 822.7 nm]
Bin22, cm^-3, particle concentration in size range [822.7 - 885.9 nm]
Bin23, cm^-3, particle concentration in size range [885.9 - 953.9 nm]
Bin24, cm^-3, particle concentration in size range [953.9 - 1027.2 nm]
Bin25, cm^-3, particle concentration in size range [1027.2 - 1106.1 nm]
Bin26, cm^-3, particle concentration in size range [1106.1 - 1191.0 nm]
Bin27, cm^-3, particle concentration in size range [1191.0 - 1282.5 nm]
Bin28, cm^-3, particle concentration in size range [1282.5 - 1381.0 nm]
Bin29, cm^-3, particle concentration in size range [1381.0 - 1487.1 nm]
Bin30, cm^-3, particle concentration in size range [1487.1 - 1601.3 nm]
Bin31, cm^-3, particle concentration in size range [1601.3 - 1724.3 nm]
[...]
PLATFORM: NOAA CSL Mobile Lab
LOCATION: USOS
ASSOCIATED_DATA: N/A
INSTRUMENT_INFO: Printed Optical Particle Spectrometer counts particles from 140 - 2500 nm in diameter 
DATA_INFO: Particle concentrations reported in number per cubic centimeter,1 Hz data
UNCERTAINTY: Counting uncertainty dominated by air flow, less than 5 percent. Measurement range is ~0 - 3000 per cm3 (varies depending on flow rate- manufacturer quotes 1250 per cm3 at 1.667 cc/s)
ULOD_FLAG: -7777
ULOD_VALUE: N/A
LLOD_FLAG: -8888
LLOD_VALUE: N/A
DM_CONTACT_INFO: Troy Thornberry, 325 Broadway R/CSL6, Boulder, CO 80305; troy.thornberry@noaa.gov; 303-497-3373
PROJECT_INFO: USOS, Utah POPS data from NOAA CSL Mobile Lab
STIPULATIONS_ON_USE: Please contact the PIs for questions regarding applications and uncertainties
OTHER_COMMENTS: POPS bin Edges (nm):  140.1, 146.3, 152.8, 159.6, 166.8, 174.2, 181.9, 190.0, 198.5, 207.4, 216.6, 226.2, 236.3, 246.8, 257.8, 269.3, 343.4, 450.7, 525.9, 618.5, 710.0, 822.7, 885.9, 953.9, 1027.2, 1106.1, 1191.0, 1282.5, 1381.0, 1487.1, 1601.3, 1724.3, 1856.7, 1999.3, 2152.8, 2318.2, 2496.2
Calculations assume organic aerosol refractive index of 1.52+0.00j and extinction wavelength = 532 nm
REVISION: R0
R0: Final data
Time_Start, Time_Stop, Time_Mid, Press_mb, Temp_C, Aerosol_concentration, Surface_Area_Conc, Volume_density, Effective_radius, Extinction, Bin01, Bin02, Bin03, Bin04, Bin05, Bin06, Bin07, Bin08, Bin09, Bin10, Bin11, Bin12, Bin13, Bin14, Bin15, Bin16, Bin17, Bin18, Bin19, Bin20, Bin21, Bin22, Bin23, Bin24, Bin25, Bin26, Bin27, Bin28, Bin29, Bin30, Bin31, Bin32, Bin33, Bin34, Bin35, Bin36
[from data line 276]
16560,16619,16590,864.927,30.785,664.424,129.441,8.310,0.191,0.044,45.191959,41.116062,38.865047,37.133175,35.702774,33.824150,32.295425,31.298409,31.031872,30.018192,29.800503,30.801565,32.505898,32.967632,27.522110,105.836067,34.908428,9.447571,2.272540,0.286762,0.315324,0.200697,0.134739,0.112336,0.117655,0.062244,0.072337,0.072894,0.056234,0.089006,0.096764,0.060791,0.061516,0.022292,0.038480,0.084104
16620,16679,16650,864.968,31.043,666.964,129.434,8.202,0.189,0.044,45.379433,42.658924,38.441597,37.887276,36.610683,33.565617,32.467823,31.444389,30.300657,29.603912,29.987925,31.181467,33.208317,32.401295,27.900562,105.858170,34.105919,9.605422,2.477949,0.292751,0.288882,0.165710,0.099339,0.166665,0.077701,0.082288,0.100367,0.076672,0.066735,0.138749,0.082759,0.071079,0.045440,0.033218,0.055350,0.033340
16680,16739,16710,865.029,31.240,670.561,130.258,8.649,0.198,0.044,46.230732,42.872742,39.533321,38.281872,36.037708,35.304756,32.508976,31.381550,30.202898,30.523750,30.051353,32.099514,32.644272,32.747452,28.007452,104.840286,33.692673,9.456531,2.157247,0.342014,0.298468,0.149371,0.139435,0.116807,0.134216,0.105593,0.073018,0.055798,0.056393,0.100582,0.083189,0.077622,0.061602,0.038515,0.060873,0.092626
16740,16799,16770,865.057,31.150,668.659,128.656,7.997,0.185,0.044,45.641563,42.124607,39.295757,37.712753,36.044819,34.130756,32.473804,32.145893,30.206587,29.898035,29.645433,32.134693,33.867420,32.623966,27.667467,105.005768,34.549786,9.667805,2.080471,0.321758,0.259973,0.170765,0.179119,0.104804,0.061357,0.044148,0.066200,0.049315,0.082140,0.092149,0.083240,0.055470,0.050483,0.026796,0.016703,0.077086
16800,16859,16830,865.044,30.893,672.336,131.078,8.381,0.190,0.045,45.048790,41.656612,38.280781,37.451199,35.608894,35.033939,32.618397,31.829672,30.577894,30.829567,30.284195,31.560755,33.735340,32.862728,28.138826,107.844131,34.903862,9.701777,2.473276,0.357604,0.295840,0.157271,0.130472,0.133687,0.066866,0.100882,0.066980,0.051117,0.083621,0.062069,0.106130,0.085124,0.073755,0.022462,0.067104,0.033966
16860,16919,16890,864.980,30.660,680.669,134.105,8.705,0.194,0.047,45.116680,40.209385,38.559593,37.696835,35.846191,34.428242,33.075836,32.112057,30.512375,31.272793,31.135660,32.965729,34.308460,33.350956,28.914326,110.279716,36.361801,10.125875,2.298352,0.440423,0.312757,0.166128,0.173344,0.117718,0.101381,0.078873,0.089499,0.067080,0.067139,0.090558,0.112094,0.100628,0.039167,0.045390,0.034139,0.061567
16920,16979,16950,864.933,30.547,679.881,133.813,8.594,0.191,0.047,43.656471,41.297050,37.730076,37.007771,35.684818,34.637955,32.059605,32.730850,31.358618,31.228352,30.807388,33.151306,34.488926,33.422630,29.611794,109.894302,36.429790,10.128651,2.617540,0.386534,0.335290,0.174398,0.132941,0.138761,0.052918,0.104659,0.058600,0.051579,0.034131,0.096991,0.104021,0.092197,0.034966,0.029598,0.022857,0.086925
16980,17039,17010,864.912,30.828,685.153,133.842,8.431,0.188,0.046,45.976852,41.558086,39.073021,37.620239,36.734959,34.341747,32.367897,32.947639,31.463186,30.980280,31.314325,33.755497,33.404697,33.363201,28.561686,111.963737,35.598057,9.675103,2.511404,0.358225,0.306825,0.204753,0.130006,0.111862,0.091725,0.057839,0.079280,0.086761,0.085860,0.068778,0.121424,0.045488,0.050730,0.011414,0.073748,0.056497
17040,17099,17070,864.934,31.135,688.951,134.754,8.705,0.193,0.047,45.609547,43.459946,39.455849,38.377571,37.175430,35.342464,33.467995,32.510368,30.878777,31.333323,30.672070,33.058239,33.939053,33.864815,28.676363,110.393158,36.250938,10.253390,2.286775,0.328474,0.283584,0.160198,0.089201,0.158808,0.107783,0.090545,0.055972,0.090092,0.061103,0.121214,0.096269,0.091197,0.096563,0.034443,0.027848,0.051450
17100,17159,17130,864.938,31.098,675.609,133.932,8.910,0.198,0.046,45.001484,39.954895,38.070839,37.193394,35.642849,33.834812,32.117996,32.111691,30.852543,30.009375,31.281139,33.279732,34.212521,33.650974,28.305325,110.125526,35.958069,9.567078,2.404233,0.367826,0.235603,0.248133,0.123352,0.125059,0.119601,0.102331,0.095210,0.095660,0.039577,0.056290,0.089179,0.045188,0.078112,0.022269,0.055998,0.135311
17160,17219,17190,864.961,31.015,670.745,133.234,8.704,0.194,0.046,43.020283,38.786541,37.392231,36.099949,35.640247,33.504658,32.112347,31.806242,30.867155,30.353771,31.550970,32.419296,34.026196,34.501461,29.037476,108.793663,36.366505,10.082436,2.543805,0.337834,0.279546,0.156282,0.072331,0.114320,0.097730,0.060435,0.079963,0.073002,0.109083,0.048105,0.101926,0.049138,0.067065,0.042013,0.061458,0.089782
17220,17279,17250,864.973,30.728,665.307,132.128,8.598,0.194,0.046,41.980831,38.881893,35.950581,36.245102,35.280235,33.087337,32.585114,31.229246,30.775938,30.234558,30.804052,32.789127,33.421215,34.064671,28.147243,110.062866,35.844765,9.396599,2.487681,0.427687,0.299484,0.192164,0.124338,0.117463,0.106270,0.108028,0.072491,0.050029,0.073158,0.078208,0.067230,0.068018,0.072794,0.056454,0.074174,0.049928
17280,17339,17310,864.973,30.812,665.286,132.662,8.302,0.187,0.046,41.584469,38.618214,35.917709,35.008900,34.059807,33.263283,31.353752,31.755735,29.892883,30.455391,30.583366,32.686943,34.521145,33.614048,29.118065,111.798508,36.791748,9.892988,2.403952,0.361227,0.241418,0.149416,0.159173,0.142974,0.096173,0.115878,0.126451,0.119998,0.056761,0.067398,0.115315,0.029016,0.052152,0.046249,0.028626,0.057107
17340,17399,17370,864.966,31.110,662.411,131.659,8.116,0.184,0.046,39.134892,37.712513,34.444813,35.107025,33.572517,32.957367,31.528772,31.515684,31.213821,30.921011,31.159163,32.362309,33.681286,34.257771,29.034754,112.702637,36.678875,10.247479,2.456318,0.336814,0.252366,0.183719,0.125315,0.109532,0.117112,0.060710,0.055736,0.066031,0.065922,0.043518,0.072030,0.066530,0.061625,0.026887,0.033735,0.044007
17400,17459,17430,864.978,31.312,661.748,132.429,8.354,0.188,0.046,38.587242,36.959824,35.394047,34.819767,32.705345,32.486263,31.742243,30.521233,31.092825,30.987295,31.556124,33.533657,35.052513,33.923897,28.626196,112.505051,36.489948,10.535537,2.465096,0.368508,0.262625,0.201567,0.089991,0.093542,0.067071,0.066954,0.077898,0.090005,0.043980,0.061620,0.083069,0.061938,0.066859,0.027826,0.022063,0.078502
17460,17519,17490,864.997,31.179,659.985,132.196,8.385,0.189,0.046,39.557800,36.747807,35.581558,35.249817,32.827187,31.926527,30.788149,31.193766,30.406363,30.902948,30.722347,33.037018,34.737686,33.999958,28.593466,112.275719,36.847038,10.265774,2.474938,0.455015,0.281083,0.148615,0.156514,0.109837,0.072054,0.067013,0.055397,0.071179,0.033390,0.049490,0.105534,0.050322,0.038411,0.005308,0.044404,0.105176
17520,17579,17550,865.033,30.930,666.633,133.635,8.448,0.188,0.047,40.347725,36.160370,35.905010,34.886917,34.229389,32.470322,31.732512,31.685247,31.090826,30.645716,31.296745,33.729923,34.083012,34.288185,30.026888,112.513695,36.500576,10.677309,2.524741,0.304888,0.297794,0.172236,0.127971,0.117774,0.083753,0.095915,0.088027,0.038655,0.073273,0.061865,0.112934,0.045267,0.093658,0.011358,0.067178,0.045561
17580,17639,17610,865.058,30.809,658.137,132.111,8.406,0.189,0.046,39.103565,36.613033,34.150425,34.309147,33.321522,32.404884,31.488747,31.337048,30.053871,30.580473,31.017757,32.983688,34.765450,34.797787,29.260271,111.239517,36.458664,9.978507,2.370305,0.315011,0.282512,0.222892,0.117312,0.129006,0.083045,0.121876,0.081994,0.049776,0.055103,0.105857,0.066560,0.050128,0.055230,0.076922,0.033681,0.055340
17640,17699,17670,865.067,30.869,655.757,131.012,8.118,0.185,0.046,38.758453,36.327492,34.631611,33.456383,33.658386,32.651058,30.710163,31.156010,30.764254,30.898401,30.818632,33.485981,33.980370,34.211708,28.379444,110.412651,36.955734,10.578940,2.158602,0.310341,0.344903,0.138208,0.106604,0.099572,0.132004,0.082719,0.077571,0.044207,0.072567,0.078352,0.054691,0.032851,0.049181,0.028072,0.032831,0.078230
17700,17759,17730,865.089,31.251,656.745,130.840,7.954,0.182,0.045,38.166843,36.344242,33.776630,33.344437,33.155079,32.465698,31.490004,30.881508,30.633045,30.425827,31.653364,32.850952,34.344917,34.779568,29.771914,112.272598,35.859917,10.558358,2.260815,0.361395,0.260812,0.157329,0.083128,0.098900,0.094634,0.081988,0.098965,0.086436,0.061315,0.061096,0.077667,0.048463,0.032647,0.028030,0.032651,0.044130
17760,17819,17790,865.116,31.376,656.249,130.917,7.861,0.179,0.045,37.419086,35.785595,33.589848,32.605587,32.670200,31.857121,31.082527,31.129478,31.034237,29.983032,31.275824,33.672897,34.717236,34.734840,29.810402,113.319244,37.445415,10.259773,2.279898,0.355527,0.230729,0.195700,0.114255,0.091860,0.074587,0.053086,0.041199,0.056836,0.045444,0.057885,0.063028,0.046053,0.046689,0.022921,0.034805,0.045885
17820,17879,17850,865.113,31.183,650.217,130.310,7.857,0.180,0.046,36.550213,35.224312,32.610794,33.592506,32.452099,31.486736,30.543594,30.676893,30.275076,30.310545,30.984612,32.174664,34.785519,34.413795,29.447113,113.604164,37.026031,9.863576,2.461353,0.341899,0.284726,0.192305,0.111130,0.131717,0.093016,0.082602,0.070987,0.055096,0.038855,0.083071,0.082412,0.055275,0.033118,0.016906,0.010836,0.049337
17880,17939,17910,865.130,30.916,661.648,132.263,7.917,0.179,0.046,37.813854,34.512169,33.908535,32.843189,32.625961,32.003433,31.538565,31.790026,31.128584,30.428459,31.202724,34.432434,34.941673,35.246502,30.520267,115.044533,37.381321,10.347706,2.188748,0.411833,0.297026,0.145446,0.071836,0.105542,0.127503,0.094190,0.066267,0.050332,0.077851,0.062671,0.056018,0.060743,0.055398,0.022648,0.011494,0.033007
17940,17999,17970,865.137,30.763,650.648,132.257,8.479,0.191,0.046,35.791420,34.541344,32.620239,31.899765,32.365345,32.156410,30.351093,31.223394,30.555407,30.622845,31.044605,33.245117,34.714275,33.965172,29.564293,114.116699,37.395943,10.381428,2.375153,0.286776,0.269671,0.146328,0.135839,0.106618,0.095050,0.107657,0.056408,0.079011,0.033994,0.044916,0.085528,0.073138,0.022450,0.046031,0.055304,0.073785
18000,18059,18030,865.179,30.747,656.921,132.070,8.016,0.181,0.046,36.534473,34.452946,34.076859,33.209042,32.659698,32.061115,31.830648,31.824280,30.866152,30.886555,31.230858,33.379692,35.009270,34.678059,29.427795,112.769852,37.122120,10.643178,2.441956,0.399001,0.336714,0.156249,0.105357,0.083206,0.083207,0.082615,0.077582,0.060685,0.066701,0.088983,0.088610,0.033512,0.066187,0.026818,0.016891,0.043808
18060,18119,18090,865.223,31.071,655.729,132.142,8.197,0.185,0.046,36.128685,35.329330,33.378212,32.225578,32.465538,32.415794,30.085360,31.075111,30.886572,31.030008,30.878586,33.443771,35.397163,34.665909,30.055353,114.728630,37.032570,10.561400,2.293943,0.309954,0.289123,0.123205,0.144149,0.082118,0.071952,0.094979,0.028701,0.038267,0.033658,0.112745,0.100313,0.073032,0.038892,0.044329,0.021901,0.044006
18120,18179,18150,865.248,31.236,644.672,128.412,7.343,0.171,0.044,34.271729,33.645809,32.142479,32.198898,32.239258,30.894600,30.411064,30.739717,30.017496,30.595217,30.697317,34.022671,34.222687,34.768284,29.728939,113.590950,36.926205,9.716647,2.429183,0.357995,0.214767,0.149537,0.092838,0.059709,0.053681,0.043982,0.050163,0.071854,0.077082,0.071107,0.065882,0.016133,0.022553,0.016127,0.016116,0.033206
18180,18239,18210,865.266,31.069,648.119,131.054,8.108,0.185,0.046,34.796150,32.909168,32.106647,32.932354,32.077946,30.396933,30.992182,30.239761,29.614481,30.646759,31.860123,33.019283,35.888561,35.157688,30.004082,114.388451,37.396767,9.912169,2.196788,0.331290,0.215512,0.116992,0.122105,0.095657,0.088337,0.083711,0.066737,0.049777,0.039249,0.055825,0.084004,0.050382,0.016674,0.077797,0.044589,0.043978
18240,18299,18270,865.343,30.834,630.934,128.223,7.941,0.185,0.045,33.680645,31.329100,31.233734,31.194233,30.863268,30.942852,29.933395,29.452833,28.866947,29.309183,30.140430,32.916508,34.605339,34.639729,29.316811,112.339523,36.336414,9.914104,2.346801,0.273669,0.291821,0.121069,0.135371,0.116625,0.077493,0.060049,0.061001,0.021661,0.066239,0.060761,0.060615,0.038353,0.038568,0.033020,0.049993,0.065354
18300,18359,18330,865.401,30.654,644.016,130.466,8.018,0.183,0.046,34.122017,32.566196,31.604786,30.735909,31.707348,31.088324,30.257824,30.357624,29.930479,30.446051,31.774214,33.791973,35.449574,35.334347,29.658407,114.635368,36.618755,10.050681,2.205312,0.379616,0.255081,0.154793,0.149288,0.060520,0.071655,0.072141,0.066607,0.055843,0.039441,0.077350,0.099072,0.055086,0.016605,0.056098,0.017182,0.054544
18360,18419,18390,865.430,30.682,642.881,130.867,8.356,0.190,0.046,33.984989,33.318985,31.376003,31.426786,32.063385,30.608482,30.577122,30.891914,29.832455,30.249811,30.730442,33.854671,35.030785,34.616562,29.995522,112.723503,37.239319,10.479681,2.306675,0.304091,0.252772,0.116310,0.092923,0.071314,0.109202,0.081604,0.050001,0.043890,0.039055,0.049366,0.066196,0.087921,0.071439,0.043793,0.027777,0.066418
18420,18479,18450,865.507,31.055,643.784,130.246,8.175,0.188,0.046,35.146217,32.599400,31.380178,32.633663,31.860956,30.795265,30.619408,30.370182,30.590784,30.074886,30.975533,33.531719,34.930485,34.869030,29.683279,113.357224,36.113037,10.271984,2.373556,0.323526,0.252684,0.131597,0.098470,0.044196,0.114859,0.066767,0.071168,0.060428,0.021965,0.099007,0.082105,0.088036,0.043655,0.027238,0.038159,0.043676
18480,18539,18510,865.586,31.370,654.355,130.706,7.816,0.178,0.045,35.445045,34.066345,32.983715,32.978977,32.636936,31.692633,30.952166,31.013779,30.865309,30.766596,30.701212,33.575470,35.233868,34.834724,29.920507,115.610962,37.563019,9.711901,2.300702,0.285922,0.301501,0.162832,0.116607,0.071561,0.050383,0.066615,0.050470,0.044213,0.022188,0.060789,0.083738,0.067381,0.033713,0.027719,0.005325,0.049649
18540,18599,18570,865.640,31.293,664.069,133.717,8.310,0.185,0.047,36.176102,35.338280,34.191921,33.027695,33.063519,31.870556,31.347309,31.171530,31.135855,30.837429,32.458691,34.229019,36.451042,34.562714,30.408926,116.496895,37.191967,9.951408,2.425541,0.363672,0.226875,0.153279,0.107827,0.117473,0.085067,0.097491,0.045661,0.067176,0.086120,0.074299,0.067817,0.063329,0.056522,0.050580,0.011319,0.057634
18600,18659,18630,865.706,31.035,660.988,131.769,7.805,0.177,0.046,36.815708,34.861904,32.824436,32.519371,33.065746,32.573814,31.175367,31.718813,30.195135,31.279928,32.085308,33.793491,34.772678,35.424183,30.472809,115.960434,37.600704,9.943412,2.382375,0.291744,0.279688,0.174330,0.128862,0.044304,0.073030,0.062142,0.062575,0.050964,0.061979,0.050582,0.067774,0.062046,0.045338,0.010988,0.027787,0.028490
18660,18719,18690,865.782,30.949,649.102,129.280,7.513,0.174,0.045,35.041054,33.812531,32.339985,31.844387,32.982094,31.547396,31.020344,30.952869,30.029104,30.070005,30.376383,34.278740,33.891376,34.444546,30.499048,115.303726,37.362507,9.739175,2.153354,0.325049,0.263170,0.141656,0.095259,0.084208,0.056688,0.055997,0.028110,0.056244,0.066301,0.022194,0.050478,0.033510,0.055889,0.022812,0.016456,0.039396
18720,18779,18750,865.836,30.777,638.852,128.611,7.757,0.180,0.045,33.904324,32.025021,31.726824,31.463976,30.829361,29.770664,29.948498,29.909374,30.410461,30.268616,30.285563,32.501297,34.757328,35.288708,29.355909,116.020264,37.330402,9.478642,2.148780,0.369816,0.238802,0.106820,0.093461,0.061200,0.072199,0.038678,0.065992,0.022187,0.055845,0.043705,0.039427,0.081578,0.055812,0.021886,0.016361,0.043766
18780,18839,18810,865.919,30.931,634.134,127.173,7.523,0.177,0.044,33.382038,32.704288,31.624228,30.816946,30.633480,30.555233,29.648262,29.954750,29.718546,29.024479,30.408680,32.394302,34.230755,33.863033,31.009039,115.113014,36.328598,9.216462,2.080177,0.345071,0.264397,0.106244,0.122898,0.078585,0.056197,0.055569,0.021864,0.027786,0.046038,0.062706,0.067794,0.038983,0.038606,0.021785,0.022245,0.050961
