CampaignData_and_Merges/R0/CSL_MobileLab_Parked/raw/20240728/USOS-NOAAIodideCIMS-Halogens_MobileLabGround_20240728_RA.ict
38, 1001
Michael A Robinson, Chris Jernigan, Subi Thakali
NOAA ESRL Chemical Sciences Laboratory and CIRES, U. of Colorado
NOAA Iodide CIMS Instrument
USOS
1, 1
2024, 07, 28, 2024, 07, 29
1
starttime_UTC, seconds_past_midnight, seconds_of_day_since_00:00:00_UTC
6
1, 1, 1, 1, 1, 1
-9999, -9999, -9999, -9999, -9999, -9999
Br2_NOAACIMS, pptv, Gas_Br2_InSitu_S_AVMR, 
BrO_NOAACIMS, pptv, Gas_BrO_InSitu_S_AVMR, 
Cl2_NOAACIMS, pptv, Gas_Cl2_InSitu_S_AVMR, 
ClNO2_NOAACIMS, pptv, Gas_ClNO2_InSitu_S_AVMR, 
BrCl_NOAACIMS, pptv, Gas_BrCl_InSitu_S_AVMR, 
NCl3_NOAACIMS, pptv, Gas_NCl3_InSitu_S_AVMR, 
0
18
PI_CONTACT_INFO: 325 Broadway, R/CSD 7, Boulder, Colorado 80305; michael.a.robinson@noaa.gov; chris.jernigan@noaa.gov;
PLATFORM: NOAA CSL Mobile Lab
LOCATION: SLC, Utah
ASSOCIATED_DATA: 1Hz data also available on request.
INSTRUMENT_INFO: NOAA I- ToF CIMS
DATA_INFO: All data in parts per trillion by volume (pptv). 1 Hz data is available upon request.
UNCERTAINTY: TBD
ULOD_FLAG: -7777
ULOD_VALUE: N/A
LLOD_FLAG: -8888
LLOD_VALUE: N/A
DM_CONTACT_INFO: Nathan Howard; nathan.h.howard@noaa.gov
PROJECT_INFO: USOS, summer 2024. https://csl.noaa.gov/groups/csl7/measurements/2024usos/
STIPULATIONS_ON_USE: Users are strongly encouraged to contact the PI for proper data usage.
OTHER_COMMENTS: 
REVISION: RA
RA: Preliminary Data; For in-field use only
starttime_UTC, Br2_NOAACIMS, BrO_NOAACIMS, Cl2_NOAACIMS, ClNO2_NOAACIMS, BrCl_NOAACIMS, NCl3_NOAACIMS
     0,  0.694,  0.202,  1.052,  0.113,  0.069,  0.159
    60,  0.713,  0.101,  1.037,  0.101,  0.067,  0.061
   120,  0.920,  0.126,  1.024,  0.097,  0.102,  0.042
   180,  0.861,  0.047,  0.908,  0.097,  0.134,  0.092
   240,  0.570,  0.272,  1.009,  0.104,  0.085,  0.109
   300,  0.699,  0.127,  0.867,  0.071,  0.072,  0.030
   360,  0.755,  0.232,  0.808,  0.052,  0.108,  0.105
   420,  0.746,  0.250,  0.915,  0.079,  0.117,  0.041
   480,  0.613,  0.072,  1.015,  0.064,  0.073,  0.013
   540,  0.879,  0.181,  1.046,  0.075,  0.139,  0.114
   600,  0.960,  0.071,  0.994,  0.116,  0.110,  0.066
   660,  0.830,  0.167,  1.121,  0.118,  0.123, -0.037
   720,  0.876,  0.122,  1.024,  0.104,  0.114,  0.088
   780,  0.727,  0.181,  1.052,  0.076,  0.083,  0.070
   840,  0.772,  0.141,  1.067,  0.096,  0.135,  0.017
   900,  0.913,  0.213,  1.226,  0.042,  0.115,  0.054
   960,  0.730,  0.228,  1.160,  0.055,  0.062,  0.007
  1020,  0.743,  0.255,  1.080,  0.072,  0.102, -0.013
  1080,  0.918,  0.253,  1.166,  0.077,  0.090,  0.081
  1140, -9999.000, -9999.000, -9999.000, -9999.000, -9999.000, -9999.000
  1200,  0.869,  0.107,  1.097,  0.067,  0.074, -0.034
  1260,  0.659,  0.235,  1.229,  0.112,  0.084,  0.120
  1320,  0.825,  0.149,  1.040,  0.072,  0.033,  0.012
  1380,  0.707,  0.141,  0.897,  0.044,  0.079,  0.032
  1440,  0.905,  0.184,  1.025,  0.060,  0.071, -0.015
  1500,  0.766,  0.332,  1.105,  0.093,  0.056,  0.044
  1560,  0.735,  0.241,  1.053,  0.080,  0.080,  0.015
  1620,  0.838,  0.059,  1.036,  0.072,  0.088, -0.018
  1680,  0.753,  0.252,  1.035,  0.081,  0.086, -0.030
  1740,  0.876,  0.191,  1.227,  0.121,  0.104, -0.048
  1800,  0.777,  0.147,  1.151,  0.128,  0.130, -0.052
  1860,  0.830,  0.162,  1.202,  0.130,  0.089, -0.015
  1920,  0.838,  0.162,  1.263,  0.079,  0.166,  0.089
  1980,  0.880,  0.233,  1.326,  0.158,  0.137, -0.046
  2040,  0.745,  0.201,  1.486,  0.188,  0.138,  0.074
  2100,  1.001,  0.261,  1.598,  0.295,  0.140,  0.365
  2160,  0.823,  0.097,  1.302,  0.212,  0.158,  0.503
  2220,  0.888,  0.176,  1.237,  0.234,  0.183,  0.525
  2280,  0.861,  0.110,  1.171,  0.219,  0.195,  0.320
  2340,  0.849,  0.101,  1.124,  0.217,  0.171,  0.205
  2400,  0.744,  0.095,  1.199,  0.185,  0.114,  0.156
  2460,  0.929,  0.136,  1.033,  0.185,  0.259,  0.382
  2520,  0.833,  0.084,  1.076,  0.262,  0.222,  1.044
  2580,  0.915,  0.091,  1.197,  0.318,  0.176,  2.252
  2640,  0.781,  0.107,  1.089,  0.262,  0.188,  1.817
  2700,  0.774,  0.075,  1.181,  0.266,  0.188,  1.322
  2760,  0.886,  0.098,  1.233,  0.276,  0.211,  0.623
  2820,  0.961,  0.126,  1.240,  0.305,  0.211,  0.702
  2880,  1.093,  0.077,  1.207,  0.330,  0.246,  1.070
  2940,  0.894,  0.013,  1.125,  0.412,  0.286,  1.628
  3000,  0.957,  0.441,  1.301,  0.201,  0.469,  1.244
  3060,  1.006,  0.047,  1.101,  0.328,  0.278,  1.462
  3120,  1.030,  0.131,  1.180,  0.282,  0.257,  1.002
  3180,  0.970,  0.149,  1.244,  0.262,  0.234,  0.631
  3240,  1.036,  0.118,  1.166,  0.209,  0.213,  0.531
  3300,  0.954,  0.041,  1.056,  0.205,  0.258,  0.236
  3360,  0.903,  0.018,  0.997,  0.236,  0.171,  0.120
  3420,  0.885,  0.097,  1.103,  0.195,  0.231,  0.186
  3480,  0.895,  0.100,  1.098,  0.144,  0.187,  0.068
  3540,  0.928,  0.131,  1.071,  0.167,  0.206,  0.024
  3600,  0.904,  0.185,  1.084,  0.221,  0.189,  0.065
  3660,  1.039,  0.146,  1.051,  0.202,  0.166,  0.134
  3720,  0.895,  0.109,  1.022,  0.226,  0.212,  0.064
  3780,  1.040,  0.119,  0.896,  0.222,  0.201,  0.142
  3840,  0.860,  0.105,  0.952,  0.228,  0.159,  0.152
  3900,  0.874,  0.048,  0.903,  0.186,  0.206,  0.100
  3960,  0.828,  0.025,  0.975,  0.192,  0.195,  0.114
  4020,  0.982,  0.098,  0.956,  0.224,  0.203,  0.157
  4080,  0.863,  0.116,  0.898,  0.199,  0.190,  0.048
  4140,  0.956,  0.085,  0.967,  0.198,  0.147,  0.173
  4200,  0.798,  0.050,  0.885,  0.220,  0.159,  0.150
  4260,  0.867,  0.026,  0.914,  0.233,  0.154,  0.216
  4320,  0.752,  0.107,  1.002,  0.161,  0.153,  0.270
  4380,  0.931,  0.196,  0.832,  0.195,  0.150,  0.208
  4440,  0.903,  0.114,  0.896,  0.196,  0.158,  0.239
  4500,  0.630,  0.085,  0.822,  0.158,  0.141,  0.098
  4560,  0.844,  0.077,  0.912,  0.209,  0.163,  0.153
  4620,  0.877,  0.094,  0.897,  0.176,  0.197,  0.352
  4680,  0.812,  0.158,  1.038,  0.177,  0.236,  0.382
  4740,  0.914,  0.145,  0.954,  0.176,  0.250,  0.232
  4800,  1.198, -0.055,  0.817,  0.111,  0.081,  0.393
  4860,  1.006,  0.195,  0.718,  0.160,  0.101,  0.541
  4920,  0.818,  0.092,  0.881,  0.173,  0.163,  0.435
  4980,  0.991,  0.080,  0.818,  0.187,  0.213,  0.563
  5040,  0.950,  0.156,  0.944,  0.190,  0.180,  0.317
  5100,  0.875,  0.067,  1.121,  0.210,  0.221,  0.270
  5160,  0.858,  0.074,  1.003,  0.203,  0.241,  0.242
  5220,  0.866,  0.045,  1.001,  0.224,  0.206,  0.154
  5280,  0.872,  0.070,  0.893,  0.246,  0.127,  0.155
  5340,  0.744,  0.164,  0.968,  0.237,  0.219,  0.209
  5400,  0.705,  0.100,  0.980,  0.224,  0.193,  0.223
  5460,  0.982,  0.146,  0.933,  0.234,  0.237,  0.125
  5520,  0.944,  0.092,  1.069,  0.229,  0.256,  0.279
  5580,  0.550, -0.025,  0.979,  0.226,  0.133,  0.196
  5640,  0.808,  0.019,  1.089,  0.233,  0.195,  0.323
  5700,  0.931,  0.049,  1.008,  0.211,  0.199,  0.317
  5760,  0.798, -0.023,  1.026,  0.267,  0.202,  0.285
  5820,  0.760,  0.047,  0.987,  0.248,  0.198,  0.159
  5880,  0.862,  0.016,  0.971,  0.268,  0.114,  0.281
  5940,  0.888,  0.079,  0.918,  0.273,  0.224,  0.275
  6000,  0.789, -0.017,  1.042,  0.240,  0.198,  0.256
  6060,  0.730,  0.104,  0.905,  0.225,  0.198,  0.286
  6120,  0.784,  0.018,  0.984,  0.222,  0.190,  0.198
  6180,  1.073, -0.002,  1.122,  0.234,  0.212,  0.288
  6240,  0.897, -0.038,  0.970,  0.185,  0.224,  0.291
  6300,  0.866,  0.059,  1.052,  0.233,  0.193,  0.214
  6360,  0.623, -0.054,  1.053,  0.175,  0.159,  0.181
  6420,  0.896, -0.010,  1.100,  0.218,  0.237,  0.207
  6480,  1.158, -0.008,  1.053,  0.219,  0.127,  0.308
  6540,  0.880, -0.050,  1.162,  0.233,  0.187,  0.334
  6600,  0.744,  0.011,  0.980,  0.259,  0.211,  0.298
  6660,  0.665,  0.154,  1.065,  0.281,  0.263,  0.401
  6720,  0.531,  0.105,  1.140,  0.196,  0.157,  0.344
  6780,  0.840, -0.042,  1.310,  0.267,  0.153,  0.432
  6840,  0.891, -0.017,  1.215,  0.265,  0.226,  0.411
  6900,  0.905, -0.022,  1.199,  0.246,  0.191,  0.390
  6960,  0.778, -0.108,  1.118,  0.247,  0.196,  0.296
  7020,  0.734, -0.139,  1.246,  0.274,  0.169,  0.396
  7080,  0.751,  0.005,  1.181,  0.306,  0.163,  0.435
  7140,  0.701, -0.013,  1.310,  0.309,  0.245,  0.325
  7200,  0.725,  0.006,  1.319,  0.336,  0.212,  0.183
  7260,  0.684, -0.016,  1.274,  0.285,  0.156,  0.253
  7320,  0.808,  0.044,  1.313,  0.288,  0.226,  0.349
  7380,  0.944, -0.013,  1.215,  0.367,  0.181,  0.434
  7440,  0.965, -0.089,  1.068,  0.306,  0.183,  0.560
  7500,  0.947,  0.058,  1.205,  0.361,  0.151,  0.559
  7560,  0.838,  0.021,  1.063,  0.447,  0.208,  0.503
  7620,  0.854, -0.014,  1.121,  0.367,  0.184,  0.499
  7680,  0.919, -0.020,  1.097,  0.330,  0.161,  0.434
  7740,  0.837, -0.044,  0.994,  0.350,  0.164,  0.551
  7800,  0.921, -0.015,  0.983,  0.392,  0.182,  0.481
  7860,  0.891,  0.045,  0.881,  0.288,  0.198,  0.525
  7920,  1.064,  0.014,  1.021,  0.319,  0.141,  0.484
  7980,  0.813,  0.027,  0.965,  0.307,  0.214,  0.582
  8040,  0.820,  0.054,  0.976,  0.299,  0.178,  0.615
  8100,  0.830,  0.012,  0.975,  0.256,  0.197,  0.617
  8160,  0.766,  0.069,  0.937,  0.289,  0.133,  0.429
  8220,  0.988, -0.089,  1.047,  0.204,  0.145,  0.420
  8280,  0.903,  0.030,  0.880,  0.172,  0.146,  0.466
  8340,  0.728, -0.023,  0.883,  0.291,  0.197,  0.441
  8400,  0.900, -0.007,  0.955,  0.269,  0.153,  0.378
  8460,  0.849, -0.001,  0.960,  0.268,  0.145,  0.414
  8520, -9999.000, -9999.000, -9999.000, -9999.000, -9999.000, -9999.000
  8580,  0.806,  0.041,  1.011,  0.214,  0.119,  0.369
  8640,  0.770,  0.000,  0.994,  0.296,  0.165,  0.276
  8700,  0.891,  0.021,  0.906,  0.293,  0.155,  0.594
  8760,  0.809, -0.005,  0.843,  0.312,  0.125,  0.703
  8820,  0.850, -0.042,  0.975,  0.330,  0.145,  0.856
  8880,  0.675, -0.053,  0.862,  0.313,  0.176,  0.635
  8940,  0.867, -0.047,  0.966,  0.293,  0.188,  0.378
  9000,  0.702,  0.080,  1.032,  0.259,  0.228,  0.632
  9060,  0.686, -0.028,  1.084,  0.308,  0.181,  0.508
  9120,  0.524, -0.068,  0.928,  0.311,  0.157,  0.189
  9180,  0.604, -0.000,  0.813,  0.311,  0.165,  0.275
  9240,  0.838, -0.080,  0.898,  0.314,  0.154,  0.265
  9300,  0.717, -0.075,  0.904,  0.262,  0.127,  0.353
  9360,  0.777, -0.043,  0.975,  0.300,  0.169,  0.412
  9420,  0.799, -0.019,  0.994,  0.339,  0.257,  0.560
  9480,  0.659, -0.091,  0.972,  0.344,  0.275,  0.441
  9540,  0.839, -0.047,  1.017,  0.360,  0.267,  0.544
  9600,  0.712, -0.016,  1.007,  0.284,  0.235,  0.695
  9660,  0.573,  0.015,  0.745,  0.321,  0.182,  0.786
  9720,  0.763, -0.102,  0.915,  0.377,  0.229,  0.690
  9780,  0.636, -0.060,  0.969,  0.370,  0.233,  0.792
  9840,  0.700,  0.005,  0.875,  0.397,  0.244,  0.614
  9900,  0.785, -0.041,  0.938,  0.320,  0.258,  0.758
  9960,  0.586, -0.129,  0.967,  0.340,  0.232,  0.640
 10020,  0.437, -0.080,  0.870,  0.330,  0.136,  0.508
 10080,  0.626, -0.116,  0.956,  0.387,  0.243,  0.603
 10140,  0.752, -0.084,  0.863,  0.354,  0.243,  0.847
 10200,  0.760, -0.055,  1.037,  0.393,  0.148,  0.883
 10260,  0.717, -0.051,  1.084,  0.362,  0.277,  0.822
 10320,  0.331, -0.186,  0.833,  0.298,  0.172,  0.635
 10380, -9999.000, -9999.000, -9999.000, -9999.000, -9999.000, -9999.000
 10440,  0.695, -0.060,  0.973,  0.345,  0.294,  0.737
 10500,  0.543, -0.129,  1.055,  0.317,  0.216,  0.702
 10560,  0.791, -0.025,  1.042,  0.363,  0.246,  0.737
 10620,  0.741, -0.093,  0.929,  0.373,  0.255,  0.685
 10680,  0.689,  0.015,  0.903,  0.364,  0.295,  0.745
 10740,  0.754,  0.016,  1.023,  0.417,  0.246,  0.735
 10800,  0.767, -0.047,  0.997,  0.341,  0.243,  0.750
 10860,  0.807, -0.030,  0.960,  0.353,  0.278,  0.708
 10920,  0.770, -0.084,  0.976,  0.340,  0.251,  0.910
 10980,  0.843, -0.005,  1.027,  0.354,  0.269,  0.672
 11040,  0.951, -0.015,  0.877,  0.356,  0.257,  0.840
 11100,  0.997, -0.010,  0.992,  0.336,  0.241,  0.759
 11160,  0.867, -0.011,  0.847,  0.395,  0.284,  0.658
 11220,  0.838, -0.023,  0.947,  0.357,  0.272,  0.626
 11280,  0.892,  0.070,  0.913,  0.400,  0.146,  0.591
 11340,  0.964,  0.121,  0.859,  0.356,  0.224,  0.523
 11400,  0.829,  0.035,  1.014,  0.393,  0.191,  0.700
 11460,  0.769,  0.012,  0.812,  0.292,  0.144,  0.437
 11520,  0.809, -0.002,  0.890,  0.306,  0.210,  0.653
 11580,  0.880,  0.015,  0.894,  0.357,  0.170,  0.582
 11640,  0.907,  0.058,  1.048,  0.386,  0.269,  1.120
 11700,  0.992,  0.077,  1.097,  0.416,  0.277,  1.197
 11760,  1.100,  0.131,  1.135,  0.399,  0.261,  1.501
 11820,  0.995,  0.151,  1.215,  0.444,  0.263,  1.616
 11880,  1.226,  0.138,  1.096,  0.722,  0.330,  1.769
 11940,  1.152,  0.135,  1.281,  1.450,  0.292,  2.205
 12000,  1.219,  0.148,  1.235,  3.265,  0.309,  2.120
 12060,  1.103,  0.198,  1.218,  3.340,  0.283,  2.066
 12120,  1.333,  0.170,  1.344,  3.307,  0.306,  2.225
 12180,  1.292,  0.205,  1.506,  3.599,  0.383,  2.674
 12240, -9999.000, -9999.000, -9999.000, -9999.000, -9999.000, -9999.000
 12300,  1.303,  0.160,  1.439,  5.071,  0.364,  2.123
 12360,  1.156,  0.211,  0.962,  2.752,  0.333,  1.426
 12420,  1.178,  0.168,  0.955,  1.799,  0.286,  1.236
 12480,  1.049,  0.122,  0.945,  0.734,  0.263,  0.990
 12540,  1.011,  0.128,  0.988,  0.467,  0.190,  1.088
 12600,  1.169,  0.088,  0.921,  0.520,  0.236,  1.239
 12660,  1.322,  0.262,  0.948,  0.446,  0.290,  1.328
 12720,  1.066,  0.190,  0.966,  0.452,  0.245,  1.279
 12780,  1.057,  0.083,  0.944,  0.393,  0.270,  1.545
 12840,  1.159,  0.203,  0.865,  0.416,  0.262,  1.213
 12900,  0.931,  0.125,  0.809,  0.488,  0.278,  1.304
 12960,  1.232,  0.160,  0.822,  0.453,  0.211,  1.465
 13020,  0.953,  0.126,  0.839,  0.433,  0.219,  1.116
 13080,  1.047,  0.170,  0.824,  0.468,  0.305,  1.008
 13140,  0.983,  0.097,  0.867,  0.467,  0.222,  1.588
 13200,  0.972,  0.147,  0.918,  0.454,  0.270,  1.398
 13260,  0.828,  0.097,  0.877,  0.501,  0.171,  1.296
 13320,  0.987,  0.183,  0.953,  0.429,  0.284,  1.224
 13380,  1.144,  0.152,  0.920,  0.403,  0.270,  1.149
 13440,  1.071,  0.274,  0.904,  0.422,  0.237,  1.318
 13500,  1.102,  0.226,  0.837,  0.551,  0.295,  1.322
 13560,  1.010,  0.095,  0.889,  0.481,  0.292,  1.107
 13620,  1.110,  0.148,  1.058,  0.457,  0.247,  1.305
 13680,  1.005,  0.161,  1.212,  0.528,  0.246,  1.338
 13740,  1.137,  0.202,  1.089,  0.522,  0.279,  1.597
 13800,  1.122,  0.210,  1.130,  0.534,  0.278,  1.516
 13860,  1.006,  0.221,  0.966,  0.538,  0.243,  0.914
 13920,  1.014,  0.136,  0.839,  0.530,  0.292,  0.608
 13980,  1.120,  0.133,  0.886,  0.534,  0.289,  0.664
 14040,  1.223,  0.113,  0.796,  0.471,  0.259,  0.576
 14100,  1.026,  0.408,  1.000,  1.887,  0.261,  2.037
 14160,  1.121,  0.157,  1.182,  2.636,  0.315,  2.596
 14220,  1.086,  0.246,  1.429,  5.288,  0.376,  4.059
 14280,  1.282,  0.284,  1.443,  5.893,  0.320,  3.705
 14340,  0.809,  0.137,  1.375,  4.819,  0.256,  3.950
 14400,  1.243,  0.280,  1.398,  5.221,  0.358,  4.612
 14460,  1.215,  0.260,  1.488,  6.849,  0.397,  5.225
 14520,  1.236,  0.188,  1.567,  7.418,  0.384,  5.325
 14580,  1.133,  0.232,  1.486,  7.924,  0.413,  5.539
 14640,  1.181,  0.230,  1.708,  8.469,  0.349,  5.935
 14700,  1.261,  0.230,  1.724,  7.671,  0.329,  5.667
 14760,  1.159,  0.215,  1.597,  8.639,  0.379,  5.515
 14820,  1.136,  0.141,  1.598,  9.156,  0.289,  4.989
 14880,  0.714,  0.064,  1.407,  9.277,  0.184,  5.285
 14940,  0.839,  0.054,  1.400,  9.446,  0.193,  5.748
 15000,  1.300,  0.264,  1.628,  9.305,  0.288,  6.408
 15060,  1.384,  0.208,  1.549, 10.003,  0.338,  6.353
 15120,  1.461,  0.123,  1.736, 10.058,  0.339,  5.656
 15180,  1.242,  0.220,  1.635, 10.656,  0.337,  5.481
 15240,  1.294,  0.179,  1.728,  9.909,  0.364,  5.223
 15300,  1.236,  0.167,  1.776,  9.805,  0.388,  5.319
 15360,  1.048,  0.139,  1.718, 10.021,  0.286,  5.115
 15420,  1.169,  0.065,  1.836, 10.364,  0.311,  5.152
 15480,  1.336,  0.317,  1.932, 10.873,  0.359,  6.984
 15540,  1.256,  0.084,  1.816, 11.020,  0.306,  6.635
 15600,  1.210,  0.026,  1.923, 11.489,  0.349,  6.593
 15660,  0.993, -0.015,  1.395,  7.685,  0.284,  5.323
 15720,  0.453, -0.055,  1.176,  6.330,  0.135,  4.147
 15780,  1.322,  0.071,  1.707,  9.414,  0.341,  7.712
 15840,  1.153,  0.078,  1.948, 11.271,  0.268,  9.093
 15900, -9999.000, -9999.000, -9999.000, -9999.000, -9999.000, -9999.000
 15960,  0.840, -0.033,  1.712, 10.049,  0.144,  7.884
 16020,  0.840,  0.053,  1.715, 12.399,  0.253,  8.056
 16080,  0.936,  0.042,  1.688, 14.051,  0.265,  7.894
 16140,  1.369,  0.015,  1.903, 14.299,  0.336,  8.373
 16200,  1.305,  0.202,  1.862, 14.685,  0.389,  9.204
 16260,  1.340,  0.209,  1.938, 14.113,  0.403, 10.038
 16320,  1.199,  0.140,  2.056, 14.190,  0.453, 10.375
 16380,  1.272,  0.139,  1.988, 15.020,  0.455, 10.649
 16440,  1.225,  0.209,  1.804, 11.396,  0.495, 10.474
 16500,  1.301,  0.238,  1.876, 14.485,  0.387, 10.108
 16560,  1.268,  0.104,  1.977, 17.925,  0.423,  9.974
 16620,  1.239,  0.094,  1.917, 17.770,  0.343,  9.342
 16680,  1.215,  0.179,  1.980, 17.345,  0.422,  9.657
 16740,  1.247,  0.145,  1.775, 16.932,  0.359, 10.155
 16800,  1.340,  0.139,  1.484, 13.878,  0.433,  9.732
 16860,  1.273,  0.175,  1.354, 13.170,  0.397,  8.420
 16920,  1.381,  0.205,  1.375, 14.231,  0.454,  9.151
 16980,  1.166,  0.125,  1.444, 15.782,  0.378, 10.189
 17040,  1.040,  0.044,  1.300, 14.246,  0.289,  8.041
 17100,  0.972, -0.016,  1.261, 12.791,  0.341,  7.360
 17160,  1.137,  0.143,  1.285, 12.436,  0.302,  6.774
 17220,  0.822, -0.038,  1.125, 11.559,  0.219,  6.124
 17280, -0.074, -0.169,  1.145,  8.567,  0.047,  3.180
