CampaignData_and_Merges/R0/CSL_MobileLab_Parked/raw/20240728/USOS-POPS_MobileLabGround_20240728_R0.ict
78, 1001
Thornberry, T. D.
NOAA Chemical Sciences Laboratory
Portable Optical Particle Spectrometer (POPS)
USOS
1, 1
2024, 07, 28, 2025, 05, 08
60
Time_Start, seconds_past_midnight, Start time of measurement
45
1, 1, 1, 1, 1, 1, 1, 1, 1, 1, 1, 1, 1, 1, 1, 1, 1, 1, 1, 1, 1, 1, 1, 1, 1, 1, 1, 1, 1, 1, 1, 1, 1, 1, 1, 1, 1, 1, 1, 1, 1, 1, 1, 1, 1
-9999, -9999, -9999, -9999, -9999, -9999, -9999, -9999, -9999, -9999, -9999, -9999, -9999, -9999, -9999, -9999, -9999, -9999, -9999, -9999, -9999, -9999, -9999, -9999, -9999, -9999, -9999, -9999, -9999, -9999, -9999, -9999, -9999, -9999, -9999, -9999, -9999, -9999, -9999, -9999, -9999, -9999, -9999, -9999, -9999
Time_Stop, seconds_past_midnight, Stop time of measurement
Time_Mid, seconds_past_midnight, Mid time of measurement
Press_mb, mb, Pressure reported (mb)
Temp_C, degrees C, POPS temperature measurement
Aerosol_concentration, cm^-3, Aerosol concentration
Surface_Area_Conc, um^2 cm^-3, Surface area concentration
Volume_density, um^3 cm^-3, Volume density
Effective_radius, um, Effective radius
Extinction, km^-1, Extinction
Bin01, cm^-3, particle concentration in size range [1401 - 146.3 nm]
Bin02, cm^-3, particle concentration in size range [146.3 - 152.8 nm]
Bin03, cm^-3, particle concentration in size range [152.8 - 159.6 nm]
Bin04, cm^-3, particle concentration in size range [159.6 - 166.8 nm]
Bin05, cm^-3, particle concentration in size range [166.8 - 174.2 nm]
Bin06, cm^-3, particle concentration in size range [174.2 - 181.9 nm]
Bin07, cm^-3, particle concentration in size range [181.9 - 190.0 nm]
Bin08, cm^-3, particle concentration in size range [190.0 - 198.5 nm]
Bin09, cm^-3, particle concentration in size range [198.5 - 207.4 nm]
Bin10, cm^-3, particle concentration in size range [207.4 - 216.6 nm]
Bin11, cm^-3, particle concentration in size range [216.6 - 226.2 nm]
Bin12, cm^-3, particle concentration in size range [226.2 - 236.3 nm]
Bin13, cm^-3, particle concentration in size range [236.3 - 246.8 nm]
Bin14, cm^-3, particle concentration in size range [246.8 - 257.8 nm]
Bin15, cm^-3, particle concentration in size range [257.8 - 269.3 nm]
Bin16, cm^-3, particle concentration in size range [269.3 - 343.4 nm]
Bin17, cm^-3, particle concentration in size range [343.4 - 450.7 nm]
Bin18, cm^-3, particle concentration in size range [450.7 - 525.9 nm]
Bin19, cm^-3, particle concentration in size range [525.9 - 618.5 nm]
Bin20, cm^-3, particle concentration in size range [618.5 - 710.0 nm]
Bin21, cm^-3, particle concentration in size range [710.0 - 822.7 nm]
Bin22, cm^-3, particle concentration in size range [822.7 - 885.9 nm]
Bin23, cm^-3, particle concentration in size range [885.9 - 953.9 nm]
Bin24, cm^-3, particle concentration in size range [953.9 - 1027.2 nm]
Bin25, cm^-3, particle concentration in size range [1027.2 - 1106.1 nm]
Bin26, cm^-3, particle concentration in size range [1106.1 - 1191.0 nm]
Bin27, cm^-3, particle concentration in size range [1191.0 - 1282.5 nm]
Bin28, cm^-3, particle concentration in size range [1282.5 - 1381.0 nm]
Bin29, cm^-3, particle concentration in size range [1381.0 - 1487.1 nm]
Bin30, cm^-3, particle concentration in size range [1487.1 - 1601.3 nm]
Bin31, cm^-3, particle concentration in size range [1601.3 - 1724.3 nm]
[...]
PLATFORM: NOAA CSL Mobile Lab
LOCATION: USOS
ASSOCIATED_DATA: N/A
INSTRUMENT_INFO: Printed Optical Particle Spectrometer counts particles from 140 - 2500 nm in diameter 
DATA_INFO: Particle concentrations reported in number per cubic centimeter,1 Hz data
UNCERTAINTY: Counting uncertainty dominated by air flow, less than 5 percent. Measurement range is ~0 - 3000 per cm3 (varies depending on flow rate- manufacturer quotes 1250 per cm3 at 1.667 cc/s)
ULOD_FLAG: -7777
ULOD_VALUE: N/A
LLOD_FLAG: -8888
LLOD_VALUE: N/A
DM_CONTACT_INFO: Troy Thornberry, 325 Broadway R/CSL6, Boulder, CO 80305; troy.thornberry@noaa.gov; 303-497-3373
PROJECT_INFO: USOS, Utah POPS data from NOAA CSL Mobile Lab
STIPULATIONS_ON_USE: Please contact the PIs for questions regarding applications and uncertainties
OTHER_COMMENTS: POPS bin Edges (nm):  140.1, 146.3, 152.8, 159.6, 166.8, 174.2, 181.9, 190.0, 198.5, 207.4, 216.6, 226.2, 236.3, 246.8, 257.8, 269.3, 343.4, 450.7, 525.9, 618.5, 710.0, 822.7, 885.9, 953.9, 1027.2, 1106.1, 1191.0, 1282.5, 1381.0, 1487.1, 1601.3, 1724.3, 1856.7, 1999.3, 2152.8, 2318.2, 2496.2
Calculations assume organic aerosol refractive index of 1.52+0.00j and extinction wavelength = 532 nm
REVISION: R0
R0: Final data
Time_Start, Time_Stop, Time_Mid, Press_mb, Temp_C, Aerosol_concentration, Surface_Area_Conc, Volume_density, Effective_radius, Extinction, Bin01, Bin02, Bin03, Bin04, Bin05, Bin06, Bin07, Bin08, Bin09, Bin10, Bin11, Bin12, Bin13, Bin14, Bin15, Bin16, Bin17, Bin18, Bin19, Bin20, Bin21, Bin22, Bin23, Bin24, Bin25, Bin26, Bin27, Bin28, Bin29, Bin30, Bin31, Bin32, Bin33, Bin34, Bin35, Bin36
[from data line 1326]
79560,79619,79590,867.138,37.879,514.971,90.703,4.769,0.157,0.026,31.906694,30.593296,29.250080,28.823107,28.084591,27.144901,26.390697,25.800158,25.159580,25.862951,26.428684,28.172245,30.130005,30.389307,24.313734,71.788918,18.380857,4.463142,1.155287,0.161707,0.078265,0.087364,0.050700,0.061617,0.032761,0.028047,0.016855,0.055129,0.016742,0.027613,0.044350,0.016021,0.005669,0.016389,0.016504,0.016540
79620,79679,79650,867.161,37.849,515.610,91.139,4.819,0.158,0.027,32.789429,30.545099,29.563911,28.342196,28.549500,27.246178,25.973795,26.293575,24.598860,26.187132,25.659670,28.857906,30.534912,29.601328,23.570560,71.982895,18.621941,4.618741,1.214116,0.186176,0.147331,0.106646,0.067478,0.056602,0.051179,0.034658,0.011363,0.038401,0.022318,0.010953,0.045615,0.011492,0.022652,0.017180,0.000000,0.028635
79680,79739,79710,867.159,37.850,520.135,92.636,4.958,0.160,0.028,32.202835,30.277689,28.903286,28.593864,28.265511,26.478079,26.298306,26.307114,25.804461,25.911205,26.553658,29.186687,31.776278,29.860437,23.907652,73.639366,19.245497,4.765101,1.415061,0.150488,0.139874,0.055519,0.084473,0.028453,0.022439,0.021714,0.028270,0.038880,0.022642,0.011246,0.033485,0.023119,0.033419,0.021748,0.005688,0.021703
79740,79799,79770,867.157,37.876,510.134,90.064,4.845,0.161,0.026,32.023209,30.323805,28.419451,28.935425,28.081366,26.883730,26.457336,25.070356,24.895245,25.464579,26.333145,27.962252,30.175457,30.289148,23.256102,70.864906,18.250692,4.427014,1.231696,0.255309,0.087910,0.086963,0.028158,0.044986,0.017049,0.021704,0.043515,0.022355,0.016475,0.011121,0.054623,0.026964,0.022140,0.011416,0.011171,0.026805
79800,79859,79830,867.173,37.833,507.198,89.398,4.619,0.155,0.026,32.348377,29.607433,28.644682,27.740234,27.749899,27.463058,25.902977,25.435627,24.907522,25.344662,25.592319,27.891462,29.743614,29.210180,23.185013,71.285179,18.437340,4.765549,1.210192,0.189900,0.110522,0.055299,0.072712,0.033497,0.039161,0.033507,0.010900,0.033286,0.032906,0.022279,0.033190,0.021576,0.021676,0.011290,0.010677,0.000000
79860,79919,79890,867.179,37.794,512.685,91.021,4.921,0.161,0.027,32.268929,29.564013,28.895937,28.505659,27.908796,27.083956,26.662981,25.894655,25.772594,25.945379,25.764566,28.293064,30.588305,28.830557,23.414986,72.098610,18.270756,4.845068,1.274961,0.148076,0.132499,0.072530,0.082794,0.044076,0.033320,0.032372,0.022993,0.027546,0.043440,0.022181,0.038441,0.028321,0.021963,0.022448,0.011093,0.016857
79920,79979,79950,867.164,37.792,514.848,91.481,5.031,0.164,0.027,32.284447,30.211128,29.255684,29.056204,27.662958,27.372986,26.106173,25.979916,25.760878,25.094952,27.199341,28.539165,29.353466,30.001509,23.601301,71.420326,19.053789,4.915454,1.307410,0.110633,0.089247,0.044201,0.055481,0.060954,0.010565,0.038673,0.022107,0.005708,0.011358,0.033711,0.061128,0.044795,0.045008,0.010633,0.016313,0.010600
79980,80039,80010,867.169,37.865,516.505,91.629,4.848,0.158,0.027,31.821730,30.752758,28.279808,28.233488,28.135586,27.888426,26.260544,26.010147,25.562927,26.002903,27.532295,28.765329,30.329704,29.421934,23.795475,71.561165,18.691822,5.514967,1.216901,0.166450,0.094491,0.071896,0.071837,0.044363,0.033186,0.022525,0.039078,0.022201,0.005767,0.022432,0.039441,0.022041,0.033639,0.011002,0.021730,0.005274
80040,80099,80070,867.129,37.904,513.497,91.358,4.951,0.161,0.027,31.828867,29.880039,28.635616,29.145868,28.096342,27.281218,26.255499,25.753176,25.425777,26.013201,26.739716,28.645493,30.764206,28.983921,22.927553,70.597069,19.203556,5.281730,1.380385,0.121067,0.083990,0.071894,0.054597,0.038272,0.038655,0.027718,0.010943,0.000000,0.022184,0.044379,0.022090,0.022489,0.050082,0.010913,0.016601,0.022014
80100,80159,80130,867.131,37.986,514.792,92.803,5.260,0.169,0.028,31.673042,30.751993,28.092836,28.837912,28.324087,26.588766,26.475344,26.112049,25.819929,25.400221,26.254168,28.928606,29.202915,29.546692,23.139593,73.120552,19.083502,5.229950,1.363996,0.160621,0.116371,0.061793,0.065909,0.049649,0.027141,0.016836,0.054116,0.050444,0.016427,0.033165,0.066282,0.027209,0.027385,0.010965,0.021848,0.039432
80160,80219,80190,867.132,38.044,514.881,93.142,5.443,0.174,0.028,31.848402,29.962074,28.375345,28.037880,28.019062,27.216597,26.250734,26.588572,25.585812,25.971123,26.655624,29.020222,30.323101,29.144053,23.033278,71.399055,19.791485,5.424103,1.309347,0.193169,0.128326,0.101006,0.044659,0.066771,0.055016,0.039258,0.027860,0.021502,0.021869,0.016546,0.043558,0.066481,0.016481,0.027161,0.005708,0.050148
80220,80279,80250,867.119,38.056,516.662,92.267,4.982,0.160,0.028,32.110733,29.945345,29.245272,27.724070,28.450714,26.857004,26.608339,27.183964,25.957067,26.522141,26.653513,28.978582,30.121666,28.505047,23.102394,72.066948,18.953856,5.429502,1.461631,0.188801,0.149761,0.044220,0.032970,0.044827,0.038613,0.022551,0.016259,0.038907,0.021913,0.039569,0.055162,0.011245,0.028422,0.005258,0.022473,0.022847
80280,80339,80310,867.108,38.070,516.931,92.430,5.110,0.165,0.028,32.136951,30.124874,29.046902,29.294006,28.172939,27.657434,26.723127,25.813110,25.786936,25.922520,26.764414,28.162659,30.831194,29.730539,22.930269,71.189331,19.319048,5.085929,1.386456,0.211792,0.111997,0.038676,0.071564,0.055859,0.016995,0.044432,0.033219,0.038492,0.027633,0.039621,0.055572,0.022500,0.022252,0.011304,0.022458,0.027645
80340,80399,80370,867.100,38.056,511.203,91.407,5.122,0.167,0.027,31.880444,29.922010,28.812227,28.719904,27.967304,26.532816,26.306103,25.881615,25.728241,25.095449,25.894979,28.380383,29.984869,29.719793,23.110531,71.750824,18.438877,5.003839,1.261030,0.144002,0.156007,0.073244,0.038238,0.032706,0.032843,0.044722,0.027292,0.039268,0.033361,0.027679,0.039678,0.027409,0.017032,0.022043,0.005727,0.050745
80400,80459,80430,867.091,38.052,507.311,89.262,4.768,0.159,0.026,31.829245,30.708860,29.139797,29.152517,27.834692,26.845209,25.664698,25.945477,24.896193,24.774157,25.390408,27.771967,29.072405,29.792564,22.935560,71.068619,18.059498,4.434922,1.181340,0.221677,0.138582,0.100550,0.050227,0.050246,0.021910,0.027455,0.010834,0.043544,0.021522,0.005574,0.027371,0.033043,0.016607,0.000000,0.016450,0.027435
80460,80519,80490,867.103,38.079,505.784,89.933,5.102,0.169,0.027,32.211922,30.329119,28.482754,28.856161,27.930477,26.343584,25.720898,26.420013,25.358372,24.550875,25.580694,28.274220,28.768579,28.464609,23.636297,70.319511,17.804304,4.658772,1.245086,0.187940,0.122353,0.088800,0.044085,0.045046,0.021925,0.016332,0.044894,0.039173,0.005767,0.033056,0.033636,0.038564,0.016504,0.027975,0.016897,0.044504
80520,80579,80550,867.079,38.127,508.111,90.175,4.934,0.162,0.027,32.054367,30.121069,28.385187,28.423035,28.168274,26.642208,25.843006,26.319052,24.574436,25.340408,26.561354,27.772833,29.773405,29.424564,23.409327,70.082466,18.477516,4.666010,1.287741,0.159082,0.164668,0.050542,0.039214,0.062093,0.022421,0.022602,0.033940,0.038765,0.000000,0.022469,0.045048,0.028164,0.033491,0.022506,0.028045,0.011671
80580,80639,80610,867.090,38.171,508.017,90.713,4.983,0.164,0.027,32.130478,30.840864,28.604542,27.864902,26.940475,27.277920,25.840776,25.077173,25.309063,24.898630,26.629055,27.961254,29.566776,29.109188,22.692461,72.068176,18.441734,4.616146,1.298682,0.185720,0.136170,0.062139,0.027974,0.028140,0.039886,0.050860,0.028699,0.056519,0.067951,0.028315,0.045275,0.010973,0.011188,0.022851,0.005765,0.039856
80640,80699,80670,867.078,38.177,512.342,91.466,5.111,0.167,0.027,32.073158,30.386515,28.915995,28.300850,28.448652,26.981976,26.313999,24.998735,25.817078,25.035831,25.590063,28.720896,29.951139,29.505579,23.410921,72.322350,19.085070,4.498991,1.251253,0.144095,0.094069,0.022454,0.072521,0.044577,0.050656,0.011149,0.022485,0.032841,0.017065,0.043870,0.038971,0.021946,0.044242,0.005359,0.033431,0.033272
80700,80759,80730,867.053,38.196,514.033,90.904,4.796,0.157,0.027,31.580624,30.466957,29.452562,29.552679,27.826546,26.842934,26.149975,25.372122,25.866692,26.035576,25.889906,29.383207,30.242933,29.138767,23.273569,71.181496,18.763117,5.067898,1.266053,0.170654,0.099892,0.038340,0.032517,0.027966,0.027440,0.016211,0.061149,0.027515,0.017205,0.038844,0.049586,0.011377,0.016708,0.016406,0.005291,0.022596
80760,80819,80790,867.082,38.191,513.221,91.585,4.932,0.160,0.028,32.063347,30.382196,28.035933,28.048189,27.546858,28.117918,25.714958,25.852365,25.402330,25.952572,27.272024,28.422476,30.216692,29.243275,23.121983,71.376923,19.106689,5.160781,1.417019,0.138401,0.128241,0.110568,0.055777,0.022277,0.027341,0.016735,0.000000,0.045011,0.027702,0.049481,0.039405,0.022300,0.044311,0.022302,0.016834,0.000000
80820,80879,80850,867.068,38.137,518.523,93.236,5.131,0.164,0.028,32.190533,29.874859,28.671816,28.199648,28.038595,27.443632,26.470186,25.816376,26.034613,26.051579,27.367735,29.356216,30.427195,28.751537,24.082415,72.083977,19.700237,5.635423,1.537507,0.148245,0.117811,0.077949,0.067595,0.044389,0.033744,0.028098,0.016836,0.021650,0.032462,0.051292,0.049642,0.039743,0.027239,0.000000,0.005308,0.027272
80880,80939,80910,867.056,38.162,521.373,93.414,5.086,0.162,0.028,31.713938,29.704258,29.678032,28.331551,28.204643,28.542805,26.010248,27.020668,25.460211,26.646555,27.409809,29.623722,30.661209,29.816868,23.208698,71.050377,20.286602,5.762828,1.494717,0.165451,0.098659,0.088639,0.060377,0.027055,0.027249,0.022684,0.049360,0.022550,0.010650,0.033477,0.050430,0.032951,0.000000,0.011009,0.010888,0.033475
80940,80999,80970,867.074,38.189,523.753,93.969,5.106,0.162,0.029,32.172913,30.622637,28.742386,28.798704,28.726528,27.178730,26.968016,26.195084,25.789820,26.486683,27.838619,29.659361,30.429220,29.751398,23.904078,72.634560,19.633446,5.840324,1.556178,0.161847,0.148959,0.066474,0.066456,0.060851,0.049395,0.032435,0.016839,0.011574,0.032828,0.049110,0.033428,0.039079,0.022272,0.005519,0.005482,0.021772
81000,81059,81030,867.064,38.144,524.882,93.982,5.075,0.161,0.029,32.608101,30.172125,28.992702,29.979744,28.289089,27.228258,27.550169,26.931238,25.910164,26.343872,28.053253,29.742447,29.983013,29.311628,22.834593,72.824181,19.826494,5.938943,1.635087,0.175407,0.100842,0.033390,0.067875,0.034119,0.028589,0.011454,0.005415,0.044773,0.063099,0.016713,0.061902,0.028258,0.022102,0.000000,0.016891,0.016260
81060,81119,81090,867.048,38.162,520.872,92.939,5.022,0.161,0.028,32.982010,30.178860,29.356688,29.167576,27.974644,27.660967,26.389372,26.486275,25.535040,25.694767,26.780224,28.711792,30.443386,29.636917,23.688368,72.716461,19.897430,5.536512,1.322874,0.164405,0.128224,0.044781,0.044124,0.049235,0.026896,0.016622,0.043953,0.000000,0.022020,0.043643,0.028070,0.027667,0.011223,0.022029,0.011377,0.027952
81120,81179,81150,867.032,38.110,524.279,94.309,5.189,0.164,0.029,32.246971,30.616777,28.471081,29.193136,28.489775,28.173418,26.537275,26.917986,26.036896,26.284483,27.491976,29.478525,29.475412,30.059135,23.712711,72.794083,20.038832,5.921231,1.633728,0.105010,0.128182,0.039773,0.061189,0.049351,0.039450,0.028374,0.027697,0.005429,0.044193,0.011261,0.049635,0.027609,0.016782,0.027902,0.021963,0.021971
81180,81239,81210,867.042,38.093,527.010,94.679,5.292,0.167,0.029,33.858925,31.063301,28.716587,29.485657,28.500000,27.990589,26.891586,26.693050,26.819880,26.425713,27.446507,29.191311,30.088833,29.637110,23.208311,72.909607,20.053930,5.746038,1.485751,0.149042,0.061568,0.094105,0.033056,0.059682,0.038947,0.027532,0.049921,0.033376,0.017017,0.051092,0.066285,0.038929,0.027389,0.016488,0.010952,0.021999
81240,81299,81270,867.031,38.083,523.794,93.190,5.028,0.161,0.028,33.240456,30.620544,29.281797,29.306885,28.680613,28.227930,26.851795,26.505077,25.821062,25.906816,26.439781,29.674076,30.426847,29.645809,23.190687,72.970932,19.818979,5.026777,1.402356,0.166539,0.122029,0.078256,0.050038,0.033065,0.016670,0.032659,0.022601,0.016902,0.033526,0.050188,0.037982,0.016892,0.011225,0.016754,0.033355,0.016480
81300,81359,81330,867.017,38.063,525.109,93.609,5.070,0.162,0.028,33.029720,30.882202,29.440748,28.972952,28.646118,28.196688,26.494709,26.775841,26.073082,26.251381,27.017653,29.022907,31.476824,29.977924,23.467400,72.378754,19.241144,5.554054,1.472147,0.138662,0.072088,0.083154,0.071922,0.038493,0.033761,0.049015,0.016582,0.011282,0.027843,0.066474,0.038760,0.016876,0.011336,0.016528,0.016742,0.027663
81360,81419,81390,867.024,38.083,525.622,92.879,5.033,0.161,0.027,33.265556,31.317680,29.091274,29.091757,29.730530,28.148979,27.242914,26.592072,26.400990,26.636908,27.439924,28.966696,30.849833,28.854830,24.430969,71.507553,18.920305,5.068560,1.267327,0.199013,0.110064,0.055396,0.060159,0.077596,0.032968,0.027588,0.017017,0.027401,0.011016,0.039136,0.022334,0.022374,0.027468,0.011148,0.039119,0.017110
81420,81479,81450,867.016,38.102,526.208,93.689,5.089,0.162,0.028,33.449821,32.098824,29.390543,30.089985,28.734880,27.340117,27.018660,26.860428,26.253075,25.292322,26.943041,29.092804,30.450253,29.608953,23.270014,73.465302,19.138025,5.527858,1.360415,0.150085,0.099599,0.117457,0.055980,0.044840,0.038833,0.050126,0.032054,0.049889,0.016516,0.027812,0.032856,0.022930,0.017144,0.028096,0.027104,0.011244
81480,81539,81510,866.986,38.079,527.388,93.453,4.888,0.157,0.028,33.012737,31.150618,29.751644,29.035995,28.396471,28.563255,26.625681,26.941566,26.458357,26.242874,27.344593,29.442436,30.179071,30.006016,23.696270,73.020134,20.054750,5.298755,1.371087,0.167004,0.170009,0.099608,0.082724,0.026450,0.028692,0.022512,0.016845,0.022332,0.022071,0.032843,0.038831,0.027218,0.000000,0.016742,0.016500,0.005612
81540,81599,81570,866.982,38.097,536.075,95.491,5.240,0.164,0.029,34.262180,31.833881,30.007359,29.662081,29.300049,29.016068,27.558458,27.011736,26.654900,26.991230,27.815981,30.024332,31.495560,29.395191,23.127119,73.922897,20.212591,5.611649,1.322270,0.196337,0.105858,0.076938,0.061535,0.039411,0.033170,0.050621,0.044576,0.028101,0.038788,0.005688,0.056103,0.044426,0.011479,0.022222,0.028378,0.005688
81600,81659,81630,866.955,38.058,536.694,94.972,4.979,0.156,0.028,33.370995,30.931602,29.512997,29.897684,30.069548,28.694508,27.955219,28.060591,26.660776,26.732821,28.634949,29.665779,31.393566,29.478884,23.846632,73.846970,19.864904,5.824675,1.594282,0.162092,0.106065,0.049423,0.033280,0.027602,0.050618,0.027364,0.044155,0.027351,0.017185,0.022478,0.011419,0.027499,0.011020,0.000000,0.011514,0.027101
81660,81719,81690,866.955,38.079,537.951,96.128,5.172,0.160,0.029,32.870422,30.642649,29.282820,29.293880,29.969906,28.436556,28.161058,27.099840,27.497522,27.316267,28.428310,30.535652,31.795397,29.674206,24.139452,73.747681,20.334858,6.392869,1.602423,0.186417,0.137654,0.054877,0.049152,0.022293,0.044527,0.011416,0.039619,0.011207,0.033279,0.011114,0.021773,0.049471,0.028055,0.000000,0.005631,0.022518
81720,81779,81750,866.965,38.072,544.147,97.865,5.350,0.163,0.030,32.820492,30.768032,29.572544,30.041260,29.649214,29.100470,28.604113,27.177153,28.067085,28.262653,29.104362,30.705824,31.014544,30.348064,23.693598,75.219978,21.437614,6.410952,1.386950,0.143982,0.121715,0.076868,0.087113,0.038595,0.028356,0.028388,0.027416,0.011156,0.016711,0.017071,0.032789,0.027743,0.039041,0.027254,0.011039,0.027039
81780,81839,81810,866.977,38.057,548.742,98.789,5.298,0.160,0.030,33.088688,31.527817,29.936705,30.050325,29.632072,29.522566,28.486343,28.130014,27.644817,28.574558,29.537350,31.277445,31.490355,29.316502,24.173193,75.768150,21.656303,6.598157,1.505916,0.198683,0.106506,0.071802,0.083705,0.021913,0.037871,0.033226,0.032871,0.022802,0.021549,0.044462,0.071200,0.011152,0.027836,0.000000,0.021690,0.017284
81840,81899,81870,866.976,38.056,533.596,95.741,5.180,0.161,0.029,32.648827,30.659878,29.028337,29.745358,28.703465,27.601965,27.397249,27.302654,26.671869,26.857170,27.837101,30.333050,31.808268,30.717989,24.135900,73.224380,21.030357,5.632952,1.439601,0.211442,0.115637,0.093577,0.044475,0.050207,0.039017,0.027203,0.022018,0.027415,0.027509,0.028121,0.016499,0.022336,0.038135,0.016753,0.016365,0.022842
