CampaignData_and_Merges/R0/CSL_MobileLab_Parked/raw/20240728/USOS-O3_MobileLabGround_20240728_R0.ict
34, 1001
Carrie Womack
NOAA Chemical Sciences Laboratory
2B Tech O3 UV Analyzer
USOS
1, 1
2024, 07, 28, 2024, 12, 21
60
Time_Start, seconds_past_midnight, Seconds from midnight UTC
1
1
-9999
O3_ppb, ppb, Ozone from 2B Tech UV Analyzer
1
SPECIAL COMMENTS:
18
PI_CONTACT_INFO: Address: 325 Broadway R/CSL7, Boulder, CO, 80305
PLATFORM: CSL Mobile Lab
LOCATION: Salt Lake City, UT
ASSOCIATED_DATA: N/A
INSTRUMENT_INFO: N/A
DATA_INFO: Units:
UNCERTAINTY: N/A
ULOD_FLAG: -7777
ULOD_VALUE: N/A
LLOD_FLAG: -8888
LLOD_VALUE: N/A
DM_CONTACT_INFO: Data Manager: Nate Howard
PROJECT_INFO: 
STIPULATIONS_ON_USE: Use of these data require prior ok from PI.
OTHER_COMMENTS: N/A
REVISION: R0
R0: Final data. RA: Preliminary Data.  For in-field use only.
Time_Start, O3_ppb
0.0,67.5
60.0,69.9
120.0,69.1
180.0,70.0
240.0,66.1
300.0,71.4
360.0,72.1
420.0,70.7
480.0,69.7
540.0,67.2
600.0,68.7
660.0,71.1
720.0,68.7
780.0,68.2
840.0,69.1
900.0,70.7
960.0,70.2
1020.0,69.9
1080.0,69.1
1140.0,69.0
1200.0,71.7
1260.0,70.5
1320.0,70.8
1380.0,71.4
1440.0,71.3
1500.0,71.8
1560.0,71.5
1620.0,71.5
1680.0,72.2
1740.0,70.9
1800.0,71.1
1860.0,69.3
1920.0,68.9
1980.0,68.0
2040.0,67.5
2100.0,67.4
2160.0,64.8
2220.0,63.6
2280.0,62.2
2340.0,62.4
2400.0,63.0
2460.0,62.3
2520.0,60.7
2580.0,58.7
2640.0,58.2
2700.0,58.8
2760.0,59.5
2820.0,61.0
2880.0,62.5
2940.0,61.9
3000.0,60.2
3060.0,62.0
3120.0,61.9
3180.0,60.5
3240.0,60.9
3300.0,62.8
3360.0,61.5
3420.0,61.1
3480.0,61.1
3540.0,61.4
3600.0,61.6
3660.0,61.4
3720.0,62.1
3780.0,61.3
3840.0,61.4
3900.0,61.4
3960.0,61.9
4020.0,62.1
4080.0,61.3
4140.0,62.5
4200.0,61.3
4260.0,61.1
4320.0,63.1
4380.0,62.5
4440.0,60.4
4500.0,60.9
4560.0,61.6
4620.0,61.7
4680.0,60.6
4740.0,60.5
4800.0,60.4
4860.0,61.5
4920.0,62.6
4980.0,61.8
5040.0,60.8
5100.0,60.1
5160.0,61.8
5220.0,62.3
5280.0,62.1
5340.0,63.7
5400.0,62.5
5460.0,62.7
5520.0,62.0
5580.0,60.8
5640.0,60.8
5700.0,61.4
5760.0,60.3
5820.0,56.1
5880.0,60.0
5940.0,60.3
6000.0,59.9
6060.0,61.1
6120.0,60.1
6180.0,59.2
6240.0,60.9
6300.0,59.5
6360.0,60.0
6420.0,59.7
6480.0,58.6
6540.0,60.3
6600.0,60.1
6660.0,60.7
6720.0,58.3
6780.0,57.0
6840.0,56.0
6900.0,57.0
6960.0,57.9
7020.0,57.8
7080.0,57.5
7140.0,56.1
7200.0,57.0
7260.0,57.3
7320.0,55.9
7380.0,54.9
7440.0,63.1
7500.0,58.9
7560.0,58.1
7620.0,59.6
7680.0,61.8
7740.0,61.0
7800.0,60.8
7860.0,62.6
7920.0,60.5
7980.0,60.3
8040.0,59.5
8100.0,60.0
8160.0,63.0
8220.0,62.2
8280.0,63.4
8340.0,61.2
8400.0,58.9
8460.0,61.5
8520.0,61.1
8580.0,61.1
8640.0,60.9
8700.0,60.4
8760.0,58.5
8820.0,60.3
8880.0,60.6
8940.0,61.4
9000.0,61.4
9060.0,60.1
9120.0,60.6
9180.0,61.5
9240.0,60.8
9300.0,61.0
9360.0,60.8
9420.0,61.5
9480.0,61.2
9540.0,61.7
9600.0,60.8
9660.0,60.2
9720.0,60.6
9780.0,61.1
9840.0,54.4
9900.0,60.1
9960.0,57.3
10020.0,61.2
10080.0,60.1
10140.0,55.3
10200.0,57.0
10260.0,58.7
10320.0,59.4
10380.0,59.0
10440.0,59.2
10500.0,59.6
10560.0,58.2
10620.0,58.1
10680.0,57.5
10740.0,58.2
10800.0,58.7
10860.0,58.8
10920.0,58.1
10980.0,58.0
11040.0,56.5
11100.0,57.6
11160.0,57.9
11220.0,58.3
11280.0,59.7
11340.0,59.5
11400.0,59.1
11460.0,60.0
11520.0,58.6
11580.0,58.8
11640.0,57.3
11700.0,58.5
11760.0,58.6
11820.0,57.4
11880.0,55.9
11940.0,53.5
12000.0,52.7
12060.0,51.9
12120.0,51.4
12180.0,51.3
12240.0,51.0
12300.0,50.1
12360.0,54.4
12420.0,57.3
12480.0,58.5
12540.0,59.1
12600.0,58.7
12660.0,58.7
12720.0,59.0
12780.0,59.1
12840.0,60.7
12900.0,60.1
12960.0,60.6
13020.0,60.2
13080.0,59.3
13140.0,59.8
13200.0,59.5
13260.0,59.1
13320.0,59.2
13380.0,59.4
13440.0,59.7
13500.0,60.2
13560.0,60.8
13620.0,60.3
13680.0,59.7
13740.0,59.4
13800.0,58.6
13860.0,61.6
13920.0,61.2
13980.0,62.6
14040.0,60.3
14100.0,57.9
14160.0,54.6
14220.0,50.2
14280.0,49.7
14340.0,47.7
14400.0,46.6
14460.0,47.2
14520.0,45.8
14580.0,45.0
14640.0,44.4
14700.0,43.7
14760.0,44.0
14820.0,43.6
14880.0,42.1
14940.0,42.9
15000.0,43.9
15060.0,43.6
15120.0,44.3
15180.0,44.4
15240.0,43.4
15300.0,43.8
15360.0,44.3
15420.0,44.3
15480.0,45.6
15540.0,45.1
15600.0,44.1
15660.0,50.4
15720.0,54.3
15780.0,50.2
15840.0,46.2
15900.0,51.3
15960.0,51.1
16020.0,46.7
16080.0,43.6
16140.0,44.1
16200.0,45.0
16260.0,44.6
16320.0,44.7
16380.0,44.7
16440.0,45.4
16500.0,43.3
16560.0,42.6
16620.0,41.8
16680.0,41.3
16740.0,41.6
16800.0,43.2
16860.0,43.4
16920.0,43.1
16980.0,40.9
17040.0,41.9
17100.0,41.6
17160.0,42.8
17220.0,43.0
17280.0,46.9
17340.0,47.6
17400.0,47.5
17460.0,47.5
17520.0,45.9
17580.0,48.5
17640.0,49.4
17700.0,48.5
17760.0,49.2
17820.0,49.9
17880.0,49.7
17940.0,49.4
18000.0,49.8
18060.0,50.7
18120.0,50.3
18180.0,50.3
18240.0,51.1
18300.0,51.1
18360.0,50.1
18420.0,49.9
18480.0,48.0
18540.0,48.2
18600.0,47.8
18660.0,47.7
18720.0,47.5
18780.0,46.9
18840.0,45.9
18900.0,45.0
18960.0,44.0
19020.0,43.6
19080.0,43.0
19140.0,41.4
19200.0,41.4
19260.0,41.7
19320.0,40.9
19380.0,39.9
19440.0,39.5
19500.0,38.8
19560.0,38.0
19620.0,38.6
19680.0,38.6
19740.0,37.6
19800.0,38.7
19860.0,38.2
19920.0,39.0
19980.0,37.2
20040.0,36.7
20100.0,35.0
20160.0,35.0
20220.0,36.0
20280.0,37.7
20340.0,37.0
20400.0,37.3
20460.0,39.2
20520.0,39.7
20580.0,39.7
20640.0,39.4
20700.0,40.6
20760.0,41.4
20820.0,43.6
20880.0,44.5
20940.0,44.9
21000.0,45.2
21060.0,47.8
21120.0,47.5
21180.0,50.0
21240.0,53.7
21300.0,54.3
21360.0,56.3
21420.0,58.7
21480.0,59.7
21540.0,60.7
21600.0,60.0
21660.0,61.1
21720.0,60.3
21780.0,61.4
21840.0,61.5
21900.0,60.6
21960.0,58.6
22020.0,57.6
22080.0,57.0
22140.0,56.4
22200.0,51.2
22260.0,41.3
22320.0,38.7
22380.0,37.5
22440.0,38.0
22500.0,36.3
22560.0,35.0
22620.0,34.1
22680.0,31.6
22740.0,30.7
22800.0,31.2
22860.0,30.5
22920.0,29.7
22980.0,31.1
23040.0,30.3
23100.0,28.7
23160.0,29.2
23220.0,28.7
23280.0,29.3
23340.0,30.0
23400.0,30.7
23460.0,29.6
23520.0,29.0
23580.0,30.1
23640.0,31.4
23700.0,33.0
23760.0,30.2
23820.0,31.4
23880.0,32.2
23940.0,32.8
24000.0,37.5
24060.0,39.7
24120.0,39.9
24180.0,39.8
24240.0,38.4
24300.0,37.4
24360.0,37.0
24420.0,37.5
24480.0,36.0
24540.0,37.5
24600.0,36.4
24660.0,34.8
24720.0,33.7
24780.0,35.4
24840.0,33.2
24900.0,32.7
24960.0,34.1
25020.0,34.3
25080.0,35.1
25140.0,33.6
25200.0,35.4
25260.0,35.2
25320.0,34.6
25380.0,34.4
25440.0,33.7
25500.0,34.1
25560.0,33.5
25620.0,33.9
25680.0,31.8
25740.0,32.5
25800.0,31.4
25860.0,32.3
25920.0,31.6
25980.0,33.2
26040.0,32.4
26100.0,32.0
26160.0,32.3
26220.0,32.2
26280.0,31.9
26340.0,32.5
26400.0,33.2
26460.0,34.6
26520.0,34.7
26580.0,33.4
26640.0,34.0
26700.0,35.3
26760.0,38.3
26820.0,34.6
26880.0,36.2
26940.0,35.2
27000.0,34.5
27060.0,34.9
27120.0,35.9
27180.0,35.2
27240.0,36.7
27300.0,35.6
27360.0,36.9
27420.0,33.6
27480.0,33.5
27540.0,33.2
27600.0,33.0
27660.0,32.8
27720.0,32.3
27780.0,31.2
27840.0,31.4
27900.0,31.2
27960.0,31.5
28020.0,31.0
28080.0,32.2
28140.0,31.1
28200.0,31.6
28260.0,31.2
28320.0,32.4
28380.0,32.0
28440.0,32.1
28500.0,31.9
28560.0,31.3
28620.0,30.5
28680.0,31.0
28740.0,31.1
28800.0,30.7
28860.0,30.8
28920.0,29.5
28980.0,30.4
29040.0,29.9
29100.0,31.8
29160.0,31.3
29220.0,30.2
29280.0,30.3
29340.0,30.1
29400.0,29.4
29460.0,30.0
29520.0,29.8
29580.0,31.2
29640.0,30.6
29700.0,31.0
29760.0,29.1
29820.0,29.3
29880.0,30.0
29940.0,29.4
30000.0,28.3
30060.0,27.3
30120.0,27.8
30180.0,27.9
30240.0,28.3
30300.0,28.0
30360.0,29.4
30420.0,27.9
30480.0,28.6
30540.0,29.0
30600.0,29.3
30660.0,29.1
30720.0,30.2
30780.0,29.4
30840.0,30.6
30900.0,30.1
30960.0,30.7
31020.0,31.0
31080.0,32.2
31140.0,31.0
31200.0,33.5
31260.0,33.8
31320.0,34.6
31380.0,34.9
31440.0,32.9
31500.0,33.0
31560.0,32.0
31620.0,33.1
31680.0,32.4
31740.0,33.8
31800.0,32.2
31860.0,33.1
31920.0,32.1
31980.0,32.8
32040.0,32.0
32100.0,31.7
32160.0,32.2
32220.0,32.2
32280.0,32.8
32340.0,32.1
32400.0,32.1
32460.0,32.7
32520.0,33.5
32580.0,34.9
32640.0,33.9
32700.0,34.6
32760.0,33.6
32820.0,32.9
32880.0,33.1
32940.0,33.5
33000.0,33.7
33060.0,33.5
33120.0,32.8
33180.0,32.3
33240.0,31.5
33300.0,31.3
33360.0,31.6
33420.0,31.5
33480.0,31.5
33540.0,33.3
33600.0,33.9
33660.0,33.8
33720.0,32.5
33780.0,33.4
33840.0,32.7
33900.0,32.6
33960.0,33.0
34020.0,30.6
34080.0,30.6
34140.0,31.1
34200.0,30.8
34260.0,30.5
34320.0,32.1
34380.0,32.2
34440.0,31.3
34500.0,30.7
34560.0,31.2
34620.0,31.3
34680.0,31.1
34740.0,31.2
34800.0,31.5
34860.0,30.7
34920.0,32.6
34980.0,33.5
35040.0,33.4
35100.0,32.1
35160.0,27.6
35220.0,28.3
35280.0,31.0
35340.0,30.7
35400.0,30.2
35460.0,29.7
35520.0,29.5
35580.0,30.2
35640.0,29.9
35700.0,28.4
35760.0,29.3
35820.0,29.0
35880.0,30.6
35940.0,30.0
36000.0,29.0
36060.0,29.4
36120.0,30.0
36180.0,30.7
36240.0,29.1
36300.0,29.0
36360.0,26.8
36420.0,27.6
36480.0,26.9
36540.0,25.3
36600.0,27.7
36660.0,26.8
36720.0,25.9
36780.0,26.1
36840.0,26.3
36900.0,26.3
36960.0,26.6
37020.0,26.8
37080.0,25.5
37140.0,23.9
37200.0,25.0
37260.0,24.3
37320.0,25.8
37380.0,26.9
37440.0,26.8
37500.0,25.4
37560.0,26.0
37620.0,25.0
37680.0,26.6
37740.0,26.2
37800.0,25.7
37860.0,25.3
37920.0,26.0
37980.0,25.0
38040.0,25.4
38100.0,25.4
38160.0,24.0
38220.0,23.0
38280.0,22.9
38340.0,24.4
38400.0,24.1
38460.0,23.8
38520.0,23.6
38580.0,23.0
38640.0,23.4
38700.0,25.0
38760.0,24.3
38820.0,24.2
38880.0,25.4
38940.0,24.7
39000.0,23.8
39060.0,24.9
39120.0,24.2
39180.0,23.1
39240.0,23.7
39300.0,23.3
39360.0,23.7
39420.0,24.7
39480.0,24.4
39540.0,23.9
39600.0,24.5
39660.0,25.3
39720.0,26.3
39780.0,23.0
39840.0,22.1
39900.0,23.7
39960.0,26.5
40020.0,26.2
40080.0,27.6
40140.0,26.0
40200.0,27.5
40260.0,26.2
40320.0,27.0
40380.0,26.4
40440.0,26.7
40500.0,26.7
40560.0,26.9
40620.0,27.6
40680.0,26.2
40740.0,26.6
40800.0,26.0
40860.0,27.1
40920.0,27.4
40980.0,26.0
41040.0,25.5
41100.0,26.3
41160.0,25.7
41220.0,26.3
41280.0,28.5
41340.0,27.7
41400.0,26.7
41460.0,26.5
41520.0,27.0
41580.0,26.1
41640.0,26.2
41700.0,24.7
41760.0,25.9
41820.0,25.2
41880.0,25.8
41940.0,24.6
42000.0,24.6
42060.0,23.3
42120.0,24.2
42180.0,25.5
42240.0,26.0
42300.0,26.4
42360.0,27.6
42420.0,25.8
42480.0,23.7
42540.0,26.5
42600.0,25.7
42660.0,24.6
42720.0,24.4
42780.0,24.5
42840.0,25.4
42900.0,25.5
42960.0,23.2
43020.0,24.4
43080.0,24.8
43140.0,25.5
43200.0,24.7
43260.0,18.2
43320.0,25.5
43380.0,28.6
43440.0,29.8
43500.0,31.0
43560.0,29.4
43620.0,28.8
43680.0,29.0
43740.0,28.2
43800.0,29.6
43860.0,29.5
43920.0,28.3
43980.0,32.0
44040.0,32.3
44100.0,33.6
44160.0,33.3
44220.0,31.6
44280.0,30.1
44340.0,28.7
44400.0,29.0
44460.0,27.1
44520.0,24.4
44580.0,24.0
44640.0,23.8
44700.0,25.4
44760.0,26.1
44820.0,25.2
44880.0,23.2
44940.0,23.3
45000.0,23.1
45060.0,22.7
45120.0,23.8
45180.0,23.9
45240.0,24.6
45300.0,24.0
45360.0,23.3
45420.0,22.4
45480.0,22.4
45540.0,22.3
45600.0,22.3
45660.0,22.8
45720.0,23.5
45780.0,23.4
45840.0,23.9
45900.0,28.6
45960.0,24.7
46020.0,24.1
46080.0,24.5
46140.0,23.3
46200.0,26.0
46260.0,27.6
46320.0,28.2
46380.0,26.4
46440.0,26.1
46500.0,26.2
46560.0,27.1
46620.0,28.2
46680.0,27.1
46740.0,27.9
46800.0,25.8
46860.0,26.2
46920.0,26.6
46980.0,27.5
47040.0,27.4
47100.0,28.0
47160.0,26.8
47220.0,26.7
47280.0,27.3
47340.0,26.6
47400.0,24.5
47460.0,24.9
47520.0,24.7
47580.0,25.4
47640.0,25.5
47700.0,30.1
47760.0,29.5
47820.0,30.2
47880.0,29.4
47940.0,28.7
48000.0,28.1
48060.0,28.1
48120.0,28.7
48180.0,29.5
48240.0,29.1
48300.0,30.6
48360.0,28.8
48420.0,32.4
48480.0,31.5
48540.0,27.0
48600.0,28.1
48660.0,29.4
48720.0,36.7
48780.0,35.4
48840.0,34.5
48900.0,34.9
48960.0,35.4
49020.0,40.1
49080.0,34.3
49140.0,37.3
49200.0,41.3
49260.0,41.0
49320.0,40.0
49380.0,42.3
49440.0,41.4
49500.0,39.5
49560.0,40.3
49620.0,39.1
49680.0,39.1
49740.0,38.0
49800.0,37.3
49860.0,34.5
49920.0,34.7
49980.0,32.7
50040.0,31.4
50100.0,31.3
50160.0,28.6
50220.0,27.9
50280.0,27.4
50340.0,27.5
50400.0,25.6
50460.0,27.1
50520.0,31.4
50580.0,27.9
50640.0,26.0
50700.0,26.2
50760.0,27.2
50820.0,27.8
50880.0,27.8
50940.0,28.9
51000.0,28.6
51060.0,27.4
51120.0,28.0
51180.0,27.8
51240.0,26.4
51300.0,27.4
51360.0,27.6
51420.0,28.6
51480.0,28.6
51540.0,29.4
51600.0,29.0
51660.0,28.3
51720.0,28.5
51780.0,28.1
51840.0,29.0
51900.0,30.0
51960.0,31.0
52020.0,31.2
52080.0,31.7
52140.0,32.2
52200.0,29.9
52260.0,30.5
52320.0,30.8
52380.0,30.2
52440.0,31.2
52500.0,30.1
52560.0,30.2
52620.0,33.5
52680.0,35.0
52740.0,33.7
52800.0,35.6
52860.0,36.6
52920.0,34.4
52980.0,-9999.0
53040.0,-9999.0
53100.0,-9999.0
53160.0,-9999.0
53220.0,-9999.0
53280.0,-9999.0
53340.0,-9999.0
53400.0,-9999.0
53460.0,-9999.0
53520.0,-9999.0
53580.0,-9999.0
53640.0,-9999.0
53700.0,-9999.0
53760.0,-9999.0
53820.0,-9999.0
53880.0,-9999.0
53940.0,-9999.0
54000.0,-9999.0
54060.0,-9999.0
54120.0,-9999.0
54180.0,-9999.0
54240.0,-9999.0
54300.0,-9999.0
54360.0,37.4
54420.0,36.0
54480.0,38.1
54540.0,37.0
54600.0,36.6
54660.0,-9999.0
54720.0,-9999.0
54780.0,-9999.0
54840.0,-9999.0
54900.0,-9999.0
54960.0,-9999.0
55020.0,-9999.0
55080.0,-9999.0
55140.0,-9999.0
55200.0,-9999.0
55260.0,-9999.0
55320.0,-9999.0
55380.0,-9999.0
55440.0,-9999.0
55500.0,-9999.0
55560.0,-9999.0
55620.0,-9999.0
55680.0,-9999.0
55740.0,-9999.0
55800.0,-9999.0
55860.0,-9999.0
55920.0,-9999.0
55980.0,-9999.0
56040.0,-9999.0
56100.0,-9999.0
56160.0,-9999.0
56220.0,-9999.0
56280.0,-9999.0
56340.0,-9999.0
56400.0,-9999.0
56460.0,-9999.0
56520.0,-9999.0
56580.0,-9999.0
56640.0,-9999.0
56700.0,-9999.0
56760.0,-9999.0
56820.0,-9999.0
56880.0,-9999.0
56940.0,-9999.0
57000.0,-9999.0
57060.0,-9999.0
57120.0,-9999.0
57180.0,-9999.0
57240.0,-9999.0
57300.0,-9999.0
57360.0,-9999.0
57420.0,-9999.0
57480.0,-9999.0
57540.0,-9999.0
57600.0,-9999.0
57660.0,-9999.0
57720.0,-9999.0
57780.0,-9999.0
57840.0,-9999.0
57900.0,-9999.0
57960.0,-9999.0
58020.0,-9999.0
58080.0,-9999.0
58140.0,-9999.0
58200.0,-9999.0
58260.0,-9999.0
58320.0,-9999.0
58380.0,-9999.0
58440.0,-9999.0
58500.0,-9999.0
58560.0,-9999.0
58620.0,-9999.0
58680.0,-9999.0
58740.0,-9999.0
58800.0,-9999.0
58860.0,-9999.0
58920.0,-9999.0
58980.0,-9999.0
59040.0,-9999.0
59100.0,-9999.0
59160.0,-9999.0
59220.0,-9999.0
59280.0,-9999.0
59340.0,-9999.0
59400.0,-9999.0
59460.0,-9999.0
59520.0,-9999.0
59580.0,-9999.0
59640.0,-9999.0
59700.0,-9999.0
59760.0,-9999.0
59820.0,-9999.0
59880.0,-9999.0
59940.0,-9999.0
60000.0,-9999.0
60060.0,-9999.0
60120.0,-9999.0
60180.0,-9999.0
60240.0,-9999.0
60300.0,-9999.0
60360.0,-9999.0
60420.0,-9999.0
60480.0,-9999.0
60540.0,-9999.0
60600.0,-9999.0
60660.0,-9999.0
60720.0,-9999.0
60780.0,-9999.0
60840.0,-9999.0
60900.0,-9999.0
60960.0,-9999.0
61020.0,-9999.0
61080.0,-9999.0
61140.0,-9999.0
61200.0,-9999.0
61260.0,-9999.0
61320.0,-9999.0
61380.0,-9999.0
61440.0,-9999.0
61500.0,-9999.0
61560.0,-9999.0
61620.0,-9999.0
61680.0,-9999.0
61740.0,-9999.0
61800.0,-9999.0
61860.0,-9999.0
61920.0,-9999.0
61980.0,-9999.0
62040.0,-9999.0
62100.0,-9999.0
62160.0,-9999.0
62220.0,-9999.0
62280.0,-9999.0
62340.0,-9999.0
62400.0,-9999.0
62460.0,-9999.0
62520.0,-9999.0
62580.0,-9999.0
62640.0,-9999.0
62700.0,-9999.0
62760.0,-9999.0
62820.0,-9999.0
62880.0,-9999.0
62940.0,-9999.0
63000.0,-9999.0
63060.0,-9999.0
63120.0,-9999.0
63180.0,-9999.0
63240.0,-9999.0
63300.0,-9999.0
63360.0,-9999.0
63420.0,-9999.0
63480.0,-9999.0
63540.0,-9999.0
63600.0,-9999.0
63660.0,-9999.0
63720.0,-9999.0
63780.0,-9999.0
63840.0,-9999.0
63900.0,-9999.0
63960.0,-9999.0
64020.0,-9999.0
64080.0,-9999.0
64140.0,-9999.0
64200.0,-9999.0
64260.0,-9999.0
64320.0,-9999.0
64380.0,-9999.0
64440.0,-9999.0
64500.0,-9999.0
64560.0,-9999.0
64620.0,-9999.0
64680.0,-9999.0
64740.0,-9999.0
64800.0,-9999.0
64860.0,-9999.0
64920.0,-9999.0
64980.0,-9999.0
65040.0,-9999.0
65100.0,-9999.0
65160.0,-9999.0
65220.0,-9999.0
65280.0,-9999.0
65340.0,-9999.0
65400.0,-9999.0
65460.0,-9999.0
65520.0,-9999.0
65580.0,-9999.0
65640.0,-9999.0
65700.0,-9999.0
65760.0,-9999.0
65820.0,-9999.0
65880.0,-9999.0
65940.0,-9999.0
66000.0,-9999.0
66060.0,-9999.0
66120.0,-9999.0
66180.0,-9999.0
66240.0,-9999.0
66300.0,-9999.0
66360.0,-9999.0
66420.0,-9999.0
66480.0,-9999.0
66540.0,-9999.0
66600.0,-9999.0
66660.0,-9999.0
66720.0,-9999.0
66780.0,-9999.0
66840.0,-9999.0
66900.0,-9999.0
66960.0,-9999.0
67020.0,-9999.0
67080.0,-9999.0
67140.0,-9999.0
67200.0,-9999.0
67260.0,-9999.0
67320.0,-9999.0
67380.0,-9999.0
67440.0,-9999.0
67500.0,-9999.0
67560.0,-9999.0
67620.0,-9999.0
67680.0,-9999.0
67740.0,-9999.0
67800.0,-9999.0
67860.0,-9999.0
67920.0,-9999.0
67980.0,-9999.0
68040.0,-9999.0
68100.0,-9999.0
68160.0,-9999.0
68220.0,-9999.0
68280.0,-9999.0
68340.0,-9999.0
68400.0,-9999.0
68460.0,-9999.0
68520.0,-9999.0
68580.0,-9999.0
68640.0,-9999.0
68700.0,-9999.0
68760.0,-9999.0
68820.0,-9999.0
68880.0,-9999.0
68940.0,-9999.0
69000.0,-9999.0
69060.0,-9999.0
69120.0,-9999.0
69180.0,-9999.0
69240.0,-9999.0
69300.0,-9999.0
69360.0,-9999.0
69420.0,-9999.0
69480.0,-9999.0
69540.0,-9999.0
69600.0,-9999.0
69660.0,-9999.0
69720.0,-9999.0
69780.0,-9999.0
69840.0,-9999.0
69900.0,-9999.0
69960.0,-9999.0
70020.0,-9999.0
70080.0,-9999.0
70140.0,-9999.0
70200.0,-9999.0
70260.0,-9999.0
70320.0,-9999.0
70380.0,-9999.0
70440.0,-9999.0
70500.0,-9999.0
70560.0,-9999.0
70620.0,-9999.0
70680.0,-9999.0
70740.0,-9999.0
70800.0,-9999.0
70860.0,-9999.0
70920.0,-9999.0
70980.0,-9999.0
71040.0,-9999.0
71100.0,-9999.0
71160.0,-9999.0
71220.0,-9999.0
71280.0,-9999.0
71340.0,-9999.0
71400.0,-9999.0
71460.0,-9999.0
71520.0,-9999.0
71580.0,-9999.0
71640.0,-9999.0
71700.0,-9999.0
71760.0,-9999.0
71820.0,-9999.0
71880.0,-9999.0
71940.0,-9999.0
72000.0,-9999.0
72060.0,-9999.0
72120.0,-9999.0
72180.0,-9999.0
72240.0,-9999.0
72300.0,-9999.0
72360.0,-9999.0
72420.0,-9999.0
72480.0,-9999.0
72540.0,-9999.0
72600.0,-9999.0
72660.0,-9999.0
72720.0,-9999.0
72780.0,-9999.0
72840.0,-9999.0
72900.0,-9999.0
72960.0,-9999.0
73020.0,-9999.0
73080.0,-9999.0
73140.0,-9999.0
73200.0,-9999.0
73260.0,-9999.0
73320.0,-9999.0
73380.0,-9999.0
73440.0,-9999.0
73500.0,-9999.0
73560.0,-9999.0
73620.0,-9999.0
73680.0,-9999.0
73740.0,-9999.0
73800.0,-9999.0
73860.0,-9999.0
73920.0,-9999.0
73980.0,-9999.0
74040.0,-9999.0
74100.0,-9999.0
74160.0,-9999.0
74220.0,-9999.0
74280.0,-9999.0
74340.0,-9999.0
74400.0,-9999.0
74460.0,-9999.0
74520.0,-9999.0
74580.0,-9999.0
74640.0,-9999.0
74700.0,-9999.0
74760.0,-9999.0
74820.0,-9999.0
74880.0,-9999.0
74940.0,-9999.0
75000.0,-9999.0
75060.0,-9999.0
75120.0,-9999.0
75180.0,-9999.0
75240.0,-9999.0
75300.0,-9999.0
75360.0,-9999.0
75420.0,-9999.0
75480.0,-9999.0
75540.0,-9999.0
75600.0,-9999.0
75660.0,-9999.0
75720.0,73.1
75780.0,71.6
75840.0,70.8
75900.0,70.4
75960.0,70.7
76020.0,72.4
76080.0,73.2
76140.0,71.2
76200.0,71.0
76260.0,70.3
76320.0,71.8
76380.0,72.4
76440.0,72.7
76500.0,73.0
76560.0,73.3
76620.0,73.9
76680.0,72.4
76740.0,73.9
76800.0,71.8
76860.0,74.8
76920.0,74.0
76980.0,73.6
77040.0,73.3
77100.0,73.2
77160.0,73.5
77220.0,72.6
77280.0,-9999.0
77340.0,-9999.0
77400.0,-9999.0
77460.0,-9999.0
77520.0,-9999.0
77580.0,-9999.0
77640.0,-9999.0
77700.0,-9999.0
77760.0,-9999.0
77820.0,-9999.0
77880.0,-9999.0
77940.0,-9999.0
78000.0,-9999.0
78060.0,-9999.0
78120.0,71.5
78180.0,73.0
78240.0,73.1
78300.0,73.9
78360.0,74.1
78420.0,73.6
78480.0,74.6
78540.0,73.8
78600.0,73.7
78660.0,74.7
78720.0,74.5
78780.0,73.9
78840.0,74.4
78900.0,73.5
78960.0,74.5
79020.0,74.4
79080.0,73.6
79140.0,74.4
79200.0,74.2
79260.0,73.5
79320.0,73.8
79380.0,72.6
79440.0,72.6
79500.0,73.9
79560.0,74.0
79620.0,75.9
79680.0,74.0
79740.0,73.8
79800.0,73.9
79860.0,73.8
79920.0,74.4
79980.0,73.9
80040.0,74.3
80100.0,73.8
80160.0,73.0
80220.0,75.0
80280.0,73.9
80340.0,73.7
80400.0,73.1
80460.0,72.7
80520.0,72.8
80580.0,73.5
80640.0,75.0
80700.0,74.7
80760.0,75.6
80820.0,74.5
80880.0,74.2
80940.0,74.5
81000.0,73.5
81060.0,74.0
81120.0,73.3
81180.0,73.2
81240.0,75.2
81300.0,74.3
81360.0,74.9
81420.0,75.2
81480.0,74.2
81540.0,75.1
81600.0,75.1
81660.0,75.4
81720.0,74.4
81780.0,73.3
81840.0,73.8
81900.0,74.2
81960.0,73.9
82020.0,73.8
82080.0,72.1
82140.0,72.5
82200.0,72.9
82260.0,73.5
82320.0,75.8
82380.0,73.6
82440.0,72.4
82500.0,71.6
82560.0,72.9
82620.0,72.2
82680.0,71.4
82740.0,72.2
82800.0,73.3
82860.0,74.3
82920.0,72.2
82980.0,72.1
83040.0,72.3
83100.0,72.3
83160.0,73.5
83220.0,74.6
83280.0,73.5
83340.0,73.2
83400.0,71.9
83460.0,72.7
83520.0,72.4
83580.0,73.0
83640.0,72.5
83700.0,73.3
83760.0,74.2
83820.0,74.1
83880.0,74.0
83940.0,73.9
84000.0,72.9
84060.0,73.7
84120.0,73.4
84180.0,72.9
84240.0,72.3
84300.0,73.2
84360.0,71.8
84420.0,73.0
84480.0,72.7
84540.0,73.8
84600.0,71.5
84660.0,72.8
84720.0,74.6
84780.0,73.2
84840.0,72.8
84900.0,71.2
84960.0,77.7
85020.0,76.5
85080.0,75.8
85140.0,73.8
85200.0,75.6
85260.0,73.0
85320.0,74.1
85380.0,75.2
85440.0,74.1
85500.0,74.4
85560.0,74.1
85620.0,74.5
85680.0,72.6
85740.0,75.6
85800.0,75.7
85860.0,73.0
85920.0,74.1
85980.0,73.4
86040.0,72.6
86100.0,73.3
86160.0,75.1
86220.0,72.6
86280.0,73.8
86340.0,72.6
