CampaignData_and_Merges/R0/CSL_MobileLab_Parked/raw/20240728/USOS-NOAAIodideCIMS-Halogens_MobileLabGround_20240728_RA.ict
38, 1001
Michael A Robinson, Chris Jernigan, Subi Thakali
NOAA ESRL Chemical Sciences Laboratory and CIRES, U. of Colorado
NOAA Iodide CIMS Instrument
USOS
1, 1
2024, 07, 28, 2024, 07, 29
1
starttime_UTC, seconds_past_midnight, seconds_of_day_since_00:00:00_UTC
6
1, 1, 1, 1, 1, 1
-9999, -9999, -9999, -9999, -9999, -9999
Br2_NOAACIMS, pptv, Gas_Br2_InSitu_S_AVMR, 
BrO_NOAACIMS, pptv, Gas_BrO_InSitu_S_AVMR, 
Cl2_NOAACIMS, pptv, Gas_Cl2_InSitu_S_AVMR, 
ClNO2_NOAACIMS, pptv, Gas_ClNO2_InSitu_S_AVMR, 
BrCl_NOAACIMS, pptv, Gas_BrCl_InSitu_S_AVMR, 
NCl3_NOAACIMS, pptv, Gas_NCl3_InSitu_S_AVMR, 
0
18
PI_CONTACT_INFO: 325 Broadway, R/CSD 7, Boulder, Colorado 80305; michael.a.robinson@noaa.gov; chris.jernigan@noaa.gov;
PLATFORM: NOAA CSL Mobile Lab
LOCATION: SLC, Utah
ASSOCIATED_DATA: 1Hz data also available on request.
INSTRUMENT_INFO: NOAA I- ToF CIMS
DATA_INFO: All data in parts per trillion by volume (pptv). 1 Hz data is available upon request.
UNCERTAINTY: TBD
ULOD_FLAG: -7777
ULOD_VALUE: N/A
LLOD_FLAG: -8888
LLOD_VALUE: N/A
DM_CONTACT_INFO: Nathan Howard; nathan.h.howard@noaa.gov
PROJECT_INFO: USOS, summer 2024. https://csl.noaa.gov/groups/csl7/measurements/2024usos/
STIPULATIONS_ON_USE: Users are strongly encouraged to contact the PI for proper data usage.
OTHER_COMMENTS: 
REVISION: RA
RA: Preliminary Data; For in-field use only
starttime_UTC, Br2_NOAACIMS, BrO_NOAACIMS, Cl2_NOAACIMS, ClNO2_NOAACIMS, BrCl_NOAACIMS, NCl3_NOAACIMS
[from data line 579]
 34740,  0.682,  0.092,  1.095, 36.023,  0.142, 14.015
 34800,  0.804,  0.033,  1.152, 38.087,  0.237, 14.001
 34860,  0.752,  0.159,  0.894, 35.651,  0.165, 12.164
 34920,  0.665,  0.097,  1.105, 34.937,  0.200, 10.386
 34980,  0.648,  0.136,  1.081, 33.830,  0.222,  9.830
 35040,  0.704,  0.160,  1.210, 34.220,  0.199,  9.466
 35100,  0.575,  0.249,  1.132, 33.910,  0.235, 10.536
 35160,  0.432,  0.114,  0.954, 29.149,  0.171, 12.710
 35220,  0.592,  0.045,  0.894, 30.967,  0.109, 11.676
 35280,  0.517,  0.135,  1.053, 36.649,  0.114, 17.079
 35340,  0.668,  0.184,  1.049, 34.968,  0.180, 13.371
 35400,  0.484,  0.108,  0.986, 33.250,  0.151, 14.865
 35460,  0.441,  0.125,  0.956, 34.209,  0.150, 15.396
 35520,  0.492,  0.138,  1.043, 33.194,  0.137, 13.893
 35580,  0.457,  0.258,  1.001, 34.088,  0.141, 12.407
 35640,  0.562,  0.193,  1.046, 32.283,  0.183, 13.721
 35700,  0.571,  0.129,  0.978, 31.862,  0.192, 13.261
 35760,  0.586,  0.193,  1.017, 32.676,  0.181, 13.494
 35820,  0.668,  0.160,  1.041, 30.731,  0.228, 11.547
 35880,  0.685,  0.342,  1.297, 33.989,  0.306, 14.844
 35940,  0.661,  0.253,  1.269, 32.880,  0.183, 14.202
 36000,  0.369,  0.170,  1.054, 29.955,  0.182, 11.679
 36060,  0.525,  0.172,  1.027, 30.402,  0.184,  9.261
 36120,  0.543,  0.225,  0.973, 31.508,  0.178,  8.783
 36180,  0.551,  0.208,  0.945, 30.960,  0.158,  7.144
 36240, -9999.000, -9999.000, -9999.000, -9999.000, -9999.000, -9999.000
 36300,  0.528,  0.112,  0.817, 30.389,  0.231,  8.328
 36360,  0.490,  0.209,  0.792, 29.595,  0.161,  9.218
 36420,  0.436,  0.152,  0.861, 31.111,  0.145,  9.647
 36480,  0.326,  0.164,  0.855, 29.440,  0.159,  9.011
 36540,  0.563,  0.136,  0.873, 29.570,  0.139,  8.782
 36600,  0.467,  0.217,  0.839, 31.065,  0.173,  9.117
 36660,  0.487,  0.118,  0.726, 31.242,  0.133,  8.690
 36720,  0.389,  0.153,  0.794, 28.672,  0.111,  8.518
 36780,  0.556,  0.178,  0.722, 29.305,  0.155, 12.191
 36840,  0.562,  0.189,  0.828, 31.419,  0.137, 12.594
 36900,  0.459,  0.135,  0.940, 33.638,  0.159, 10.809
 36960,  0.394,  0.080,  0.896, 33.521,  0.130, 11.119
 37020,  0.501,  0.162,  0.900, 34.826,  0.164, 12.525
 37080,  0.435,  0.139,  0.838, 33.373,  0.141, 15.405
 37140,  0.591,  0.073,  0.868, 32.293,  0.158, 18.218
 37200,  0.511,  0.155,  0.724, 32.710,  0.147, 17.218
 37260,  0.475,  0.177,  0.758, 32.686,  0.134, 12.712
 37320,  0.628,  0.138,  0.755, 34.261,  0.168, 11.175
 37380,  0.409,  0.145,  0.765, 34.774,  0.147, 11.811
 37440,  0.481,  0.200,  0.709, 33.882,  0.122, 10.754
 37500,  0.346,  0.075,  0.683, 32.726,  0.081, 10.645
 37560,  0.394,  0.071,  0.740, 32.667,  0.119, 10.810
 37620,  0.527,  0.100,  0.719, 32.869,  0.089, 10.659
 37680,  0.504,  0.131,  0.751, 34.422,  0.072, 12.125
 37740,  0.570,  0.120,  0.782, 34.478,  0.086, 13.442
 37800,  0.392,  0.036,  0.848, 32.658,  0.088, 13.781
 37860,  0.575,  0.201,  0.767, 32.275,  0.101, 13.615
 37920,  0.596,  0.213,  0.730, 33.193,  0.118, 13.276
 37980,  0.633,  0.078,  0.726, 33.674,  0.095, 14.667
 38040,  0.413,  0.208,  0.847, 34.198,  0.106, 16.887
 38100, -9999.000, -9999.000, -9999.000, -9999.000, -9999.000, -9999.000
 38160,  0.393, -0.009,  0.572, 30.581,  0.072, 13.353
 38220,  0.537,  0.078,  0.722, 30.442,  0.047, 14.190
 38280,  0.460,  0.030,  0.698, 29.538,  0.085, 13.662
 38340,  0.361,  0.193,  0.731, 30.192,  0.087, 14.003
 38400,  0.410,  0.050,  0.702, 32.625,  0.060, 14.080
 38460,  0.586,  0.072,  0.729, 31.838,  0.080, 14.043
 38520,  0.463,  0.221,  0.618, 30.231,  0.046, 13.382
 38580,  0.527,  0.084,  0.671, 29.360,  0.126, 13.759
 38640,  0.473,  0.006,  0.656, 31.695,  0.081, 16.425
 38700,  0.587,  0.080,  0.872, 32.390,  0.065, 18.347
 38760,  0.439,  0.013,  0.866, 31.878,  0.073, 17.011
 38820,  0.443,  0.004,  0.745, 31.555,  0.050, 16.598
 38880,  0.504,  0.086,  0.787, 32.398,  0.085, 16.472
 38940,  0.519,  0.109,  0.735, 30.872,  0.071, 16.836
 39000,  0.515,  0.122,  0.871, 31.269,  0.049, 17.593
 39060,  0.637,  0.081,  0.910, 32.553,  0.052, 18.600
 39120,  0.504,  0.034,  0.744, 31.157,  0.081, 18.106
 39180,  0.500,  0.079,  0.789, 30.923,  0.071, 17.843
 39240,  0.402,  0.113,  0.744, 33.064, -0.008, 17.441
 39300,  0.470,  0.125,  0.691, 30.647,  0.067, 18.527
 39360,  0.502,  0.021,  0.780, 30.138,  0.053, 21.536
 39420,  0.462,  0.041,  0.794, 30.988,  0.077, 23.341
 39480,  0.447,  0.091,  0.832, 30.983,  0.043, 24.294
 39540,  0.534,  0.018,  0.863, 30.235,  0.038, 24.076
 39600,  0.511,  0.085,  0.816, 30.201,  0.030, 24.111
 39660,  0.489,  0.155,  1.196, 31.843,  0.018, 28.468
 39720,  0.533,  0.129,  1.137, 33.228,  0.042, 30.440
 39780,  0.579,  0.020,  1.007, 28.254,  0.034, 22.956
 39840,  0.429,  0.117,  0.985, 27.681,  0.048, 23.192
 39900,  0.428,  0.024,  0.905, 28.277,  0.029, 26.632
 39960,  0.446,  0.080,  1.196, 31.317,  0.110, 30.599
 40020,  0.572,  0.152,  1.217, 32.390,  0.074, 31.707
 40080,  0.542,  0.092,  1.372, 33.020,  0.046, 33.749
 40140,  0.315,  0.109,  1.300, 32.430,  0.099, 33.758
 40200,  0.711,  0.153,  1.405, 33.040,  0.048, 34.487
 40260,  0.515,  0.286,  1.301, 31.648,  0.043, 32.608
 40320,  0.450,  0.048,  1.320, 31.157,  0.057, 32.786
 40380,  0.465,  0.120,  1.332, 29.026,  0.072, 34.250
 40440,  0.542,  0.158,  1.150, 29.951,  0.067, 32.154
 40500,  0.581,  0.062,  1.148, 29.520,  0.050, 32.435
 40560,  0.529,  0.142,  1.169, 28.480,  0.110, 32.296
 40620,  0.529,  0.163,  1.060, 29.569,  0.116, 31.269
 40680,  0.508, -0.003,  1.035, 29.240,  0.037, 30.079
 40740,  0.630,  0.249,  1.012, 29.081,  0.054, 30.090
 40800,  0.568,  0.057,  1.014, 29.087,  0.124, 28.727
 40860,  0.598,  0.005,  1.045, 28.708,  0.066, 29.303
 40920,  0.551,  0.183,  1.024, 28.934,  0.076, 29.745
 40980,  0.523,  0.096,  0.949, 28.112,  0.085, 28.762
 41040,  0.481,  0.167,  0.944, 27.741,  0.081, 28.979
 41100,  0.493,  0.013,  0.971, 26.788,  0.069, 28.342
 41160,  0.567,  0.184,  0.893, 26.839,  0.083, 27.104
 41220,  0.609,  0.072,  0.920, 27.669,  0.088, 26.595
 41280,  0.602,  0.139,  0.908, 28.824,  0.137, 25.486
 41340,  0.714,  0.108,  0.931, 28.018,  0.123, 26.330
 41400,  0.590,  0.164,  0.892, 26.644,  0.143, 26.389
 41460,  0.522,  0.144,  0.845, 26.519,  0.087, 25.647
 41520,  0.642,  0.070,  1.011, 26.840,  0.130, 25.341
 41580,  0.569,  0.124,  0.884, 26.244,  0.105, 26.212
 41640,  0.616,  0.090,  0.743, 25.883,  0.107, 24.741
 41700,  0.560,  0.154,  0.824, 25.644,  0.152, 24.634
 41760,  0.887,  0.065,  1.150, 25.490,  0.224, 23.603
 41820,  0.302,  0.284,  0.851, 25.811,  0.089, 30.317
 41880,  0.539,  0.027,  0.823, 26.407,  0.168, 29.924
 41940,  0.552,  0.095,  0.792, 24.986,  0.097, 29.816
 42000,  0.479,  0.066,  0.737, 23.885,  0.136, 28.917
 42060,  0.528,  0.179,  0.780, 23.413,  0.108, 31.960
 42120,  0.559,  0.113,  0.850, 25.174,  0.140, 30.689
 42180,  0.611,  0.133,  0.855, 27.198,  0.121, 30.203
 42240,  0.611,  0.072,  0.923, 28.041,  0.157, 27.994
 42300,  0.604,  0.056,  0.991, 27.188,  0.194, 29.094
 42360,  0.631,  0.086,  0.925, 27.605,  0.193, 27.179
 42420,  0.654,  0.125,  0.975, 26.637,  0.184, 28.682
 42480,  0.498,  0.136,  1.038, 25.119,  0.189, 31.014
 42540,  0.608,  0.154,  0.846, 26.710,  0.166, 25.529
 42600,  0.572,  0.081,  0.749, 25.447,  0.188, 24.465
 42660,  0.522,  0.136,  0.797, 24.165,  0.141, 23.704
 42720,  0.625,  0.120,  1.095, 24.229,  0.338, 26.108
 42780,  0.485,  0.074,  0.867, 24.896,  0.220, 28.110
 42840,  0.511,  0.135,  0.858, 25.983,  0.152, 23.809
 42900,  0.445,  0.132,  0.740, 25.396,  0.124, 23.085
 42960,  0.470,  0.062,  0.727, 24.431,  0.111, 22.615
 43020,  0.560,  0.007,  0.833, 24.285,  0.173, 24.875
 43080,  0.681,  0.056,  0.908, 23.747,  0.183, 22.979
 43140,  0.606,  0.067,  0.744, 24.636,  0.166, 23.692
 43200,  0.530,  0.172,  1.292, 24.692,  0.222, 32.372
 43260,  0.616,  0.076,  0.713, 21.789,  0.109, 21.992
 43320,  0.567,  0.067,  0.694, 20.638,  0.121, 18.271
 43380,  0.545,  0.168,  0.714, 19.917,  0.068, 17.357
 43440,  0.593,  0.029,  0.863, 19.440,  0.115, 17.178
 43500,  0.670,  0.141,  0.821, 18.968,  0.123, 16.925
 43560,  0.557,  0.040,  0.626, 18.898,  0.113, 17.284
 43620,  0.504, -0.138,  0.821, 18.532,  0.061, 16.029
 43680,  0.596,  0.139,  0.689, 17.805,  0.129, 16.555
 43740,  0.567,  0.065,  0.651, 17.345,  0.118, 17.328
 43800,  0.473,  0.076,  0.747, 16.629,  0.134, 18.306
 43860,  0.565,  0.023,  0.809, 16.660,  0.061, 15.891
 43920,  0.575,  0.078,  0.692, 15.941,  0.100, 15.825
 43980,  0.485,  0.091,  0.803, 15.535,  0.123, 16.129
 44040,  0.520,  0.087,  0.739, 15.402,  0.091, 16.618
 44100,  0.707,  0.099,  0.785, 14.293,  0.090, 16.128
 44160,  0.602,  0.191,  0.854, 14.704,  0.085, 16.271
 44220,  0.641,  0.050,  0.725, 14.509,  0.084, 15.575
 44280,  0.554,  0.100,  0.725, 14.449,  0.099, 15.642
 44340,  0.471,  0.033,  0.750, 14.103,  0.071, 14.505
 44400,  0.629,  0.072,  0.776, 15.135,  0.068, 15.689
 44460,  0.391,  0.054,  0.664, 15.956,  0.064, 17.548
 44520,  0.590,  0.031,  0.792, 17.405,  0.087, 19.981
 44580,  0.537,  0.137,  0.806, 17.170,  0.053, 21.019
 44640,  0.526,  0.057,  0.860, 19.266,  0.062, 21.455
 44700,  0.619,  0.055,  1.186, 20.950,  0.156, 30.092
 44760,  0.718,  0.173,  1.043, 19.595,  0.144, 25.961
 44820,  0.656,  0.126,  0.946, 19.300,  0.056, 24.589
 44880,  0.554,  0.140,  0.826, 17.363,  0.118, 20.187
 44940,  0.451,  0.087,  1.065, 16.279,  0.037, 18.155
 45000,  0.509,  0.133,  0.775, 15.944,  0.053, 18.178
 45060,  0.613,  0.036,  0.692, 16.402,  0.027, 18.475
 45120,  0.537,  0.208,  0.678, 14.495,  0.088, 18.536
 45180,  0.570,  0.135,  0.731, 13.927,  0.044, 18.285
 45240,  0.479,  0.092,  0.688, 13.817,  0.010, 18.171
 45300,  0.487,  0.147,  0.688, 14.146,  0.041, 17.525
 45360,  0.406,  0.191,  0.623, 14.162,  0.047, 16.438
 45420,  0.557,  0.086,  0.716, 13.455,  0.003, 16.986
 45480, -9999.000, -9999.000, -9999.000, -9999.000, -9999.000, -9999.000
 45540,  0.466,  0.032,  0.654, 12.919,  0.015, 14.302
 45600,  0.531,  0.123,  0.679, 12.796,  0.023, 14.175
 45660,  0.502,  0.058,  0.631, 12.458,  0.017, 13.630
 45720,  0.565,  0.136,  0.678, 12.186,  0.036, 13.319
 45780,  0.569,  0.257,  0.599, 12.332,  0.018, 13.123
 45840,  0.579,  0.078,  0.670, 11.948,  0.049, 13.595
 45900,  0.566,  0.152,  0.782, 10.868,  0.051, 13.417
 45960,  0.598,  0.066,  0.624, 11.320,  0.043, 12.265
 46020,  0.597,  0.098,  0.620, 11.380, -0.042, 12.396
 46080,  0.542,  0.109,  0.700, 11.481,  0.032, 13.474
 46140,  0.587,  0.109,  0.636, 10.933,  0.012, 13.079
 46200,  0.595,  0.041,  0.632,  9.944, -0.004, 12.896
 46260,  0.588,  0.104,  0.685,  9.311,  0.011, 12.478
 46320,  0.665,  0.082,  0.593,  9.051,  0.040, 11.454
 46380,  0.566,  0.022,  0.590,  8.460,  0.011, 10.822
 46440,  0.569,  0.082,  0.609,  8.348,  0.001, 10.649
 46500,  0.610,  0.026,  0.567,  8.717, -0.030, 10.882
 46560,  0.442,  0.120,  0.634,  8.297,  0.028, 10.396
 46620,  0.593,  0.040,  0.623,  7.749,  0.003, 10.024
 46680,  0.570, -0.029,  0.614,  7.705, -0.010,  9.975
 46740,  0.608,  0.061,  0.583,  7.334, -0.011,  9.911
 46800,  0.680,  0.035,  0.967,  8.303,  0.171, 19.835
 46860,  0.602,  0.114,  1.131,  7.603,  0.146, 19.416
 46920,  0.632,  0.157,  0.973,  6.983,  0.101, 13.193
 46980,  0.656,  0.029,  0.912,  6.825,  0.046, 10.410
 47040,  0.583,  0.048,  0.735,  5.848,  0.027,  8.672
 47100,  0.585,  0.048,  0.751,  5.672, -0.020,  7.666
 47160,  0.517,  0.079,  0.611,  5.686, -0.024,  7.400
 47220,  0.710, -0.004,  0.721,  5.815, -0.014,  7.431
 47280,  0.612,  0.137,  0.580,  5.444, -0.026,  6.964
 47340, -9999.000, -9999.000, -9999.000, -9999.000, -9999.000, -9999.000
 47400,  0.609, -0.011,  0.667,  5.272, -0.013,  6.980
 47460,  0.463, -0.009,  0.608,  4.974,  0.005,  6.774
 47520,  0.561,  0.036,  0.645,  5.019,  0.006,  6.979
 47580,  0.632,  0.026,  0.609,  4.945,  0.030,  6.392
 47640,  0.552, -0.048,  0.687,  4.826,  0.035,  6.971
 47700,  0.661,  0.011,  0.919,  4.694,  0.040,  8.385
 47760,  0.608,  0.012,  0.839,  4.432,  0.042,  8.526
 47820,  0.688,  0.070,  1.183,  4.372,  0.062,  8.812
 47880,  0.566, -0.029,  0.956,  4.634,  0.057,  7.975
 47940,  0.665,  0.034,  0.897,  4.471,  0.042,  7.831
 48000,  0.619,  0.022,  0.948,  4.490,  0.095,  7.376
 48060,  0.498, -0.073,  0.808,  4.467,  0.013,  7.764
 48120,  0.549, -0.040,  0.916,  4.500,  0.030,  7.565
 48180,  0.572,  0.001,  0.946,  4.477,  0.049,  7.338
 48240,  0.549, -0.007,  0.918,  3.970,  0.055,  6.984
 48300,  0.725,  0.055,  0.928,  4.094,  0.061,  6.573
 48360,  0.505, -0.069,  0.873,  3.867,  0.036,  6.736
 48420,  0.636,  0.014,  0.921,  3.515,  0.076,  5.850
 48480,  0.619, -0.003,  0.942,  3.500,  0.053,  5.627
 48540,  0.525, -0.012,  0.763,  3.370,  0.065,  5.405
 48600,  0.629,  0.010,  0.841,  3.340,  0.032,  5.277
 48660,  0.583, -0.027,  0.809,  3.105,  0.067,  4.535
 48720,  0.569, -0.045,  0.856,  2.646,  0.034,  4.013
 48780,  0.541,  0.051,  0.816,  2.669,  0.059,  3.556
 48840,  0.601, -0.073,  0.764,  2.723,  0.081,  3.826
 48900,  0.658, -0.029,  0.795,  2.549,  0.059,  3.017
 48960,  0.519, -0.051,  0.741,  2.562,  0.010,  2.890
 49020,  0.540,  0.033,  0.860,  2.383,  0.075,  2.329
 49080,  0.630, -0.070,  0.949,  2.637,  0.084,  2.739
 49140,  0.538, -0.101,  0.842,  2.617,  0.042,  2.982
 49200, -9999.000, -9999.000, -9999.000, -9999.000, -9999.000, -9999.000
 49260,  0.516,  0.005,  0.784,  2.244,  0.034,  1.906
 49320,  0.540,  0.080,  0.873,  2.346,  0.126,  2.071
 49380,  0.637,  0.023,  0.933,  2.889,  0.108,  2.182
 49440,  0.572, -0.051,  0.882,  2.688,  0.089,  2.070
 49500,  0.635,  0.026,  0.939,  2.409,  0.098,  1.960
 49560,  0.704,  0.063,  0.897,  2.525,  0.123,  1.651
 49620,  0.538,  0.107,  0.926,  2.456,  0.068,  1.794
 49680,  0.676,  0.004,  0.833,  2.493,  0.153,  1.555
 49740,  0.567,  0.086,  0.831,  2.486,  0.138,  1.570
 49800,  0.663,  0.043,  0.846,  2.828,  0.117,  1.907
 49860,  0.528,  0.086,  0.925,  2.824,  0.093,  1.768
 49920,  0.512, -0.028,  0.994,  3.749,  0.110,  1.682
 49980,  0.554,  0.051,  0.922,  4.380,  0.145,  1.610
 50040,  0.413, -0.001,  0.955,  5.061,  0.134,  1.728
 50100,  0.521,  0.024,  0.971,  4.745,  0.065,  1.724
 50160,  0.428,  0.076,  0.981,  4.916,  0.125,  1.602
 50220,  0.328,  0.055,  0.982,  5.205,  0.109,  1.449
 50280,  0.485,  0.023,  1.046,  5.532,  0.105,  1.421
 50340,  0.533,  0.069,  0.998,  5.642,  0.113,  1.319
 50400,  0.582,  0.081,  0.967,  6.573,  0.110,  1.259
 50460,  0.626,  0.046,  0.878,  6.509,  0.077,  1.225
 50520,  0.555,  0.095,  0.857,  5.513,  0.139,  1.012
 50580,  0.490,  0.108,  0.849,  5.914,  0.139,  1.154
 50640,  0.520,  0.064,  0.790,  5.258,  0.149,  0.966
 50700,  0.466,  0.096,  0.848,  5.623,  0.187,  1.014
 50760,  0.458,  0.121,  0.912,  6.250,  0.138,  0.852
 50820,  0.404,  0.146,  0.902,  6.914,  0.100,  0.738
 50880,  0.519,  0.136,  0.846,  6.563,  0.150,  0.812
 50940,  0.644,  0.039,  0.836,  6.502,  0.161,  0.616
 51000,  0.666,  0.153,  0.903,  6.683,  0.118,  0.816
 51060,  0.442,  0.103,  0.933,  6.667,  0.112,  0.480
 51120,  0.452,  0.142,  0.882,  6.749,  0.158,  0.536
 51180,  0.593,  0.129,  0.833,  6.533,  0.142,  0.507
 51240,  0.525,  0.121,  0.799,  6.582,  0.115,  0.462
 51300,  0.488,  0.010,  0.722,  6.379,  0.156,  0.453
 51360,  0.639,  0.096,  0.772,  6.697,  0.153,  0.499
 51420,  0.721,  0.109,  0.728,  6.501,  0.120,  0.446
 51480,  0.565,  0.121,  0.733,  6.064,  0.167,  0.468
 51540,  0.582,  0.075,  0.687,  5.983,  0.165,  0.341
 51600,  0.647,  0.108,  0.660,  5.836,  0.125,  0.370
 51660,  0.542,  0.134,  0.657,  5.774,  0.140,  0.396
 51720,  0.646,  0.147,  0.666,  5.862,  0.153,  0.285
 51780,  0.778,  0.277,  0.590,  5.973,  0.152,  0.304
 51840,  0.849,  0.163,  0.663,  5.670,  0.160,  0.322
 51900,  0.665,  0.338,  0.651,  5.521,  0.224,  0.327
 51960,  0.797,  0.224,  0.597,  5.370,  0.178,  0.339
