CampaignData_and_Merges/R0/CSL_MobileLab_Parked/raw/20240728/USOS-NOAAIodideCIMS-HNO3_MobileLabGround_20240728_RA.ict
33, 1001
Michael A Robinson, Chris Jernigan, Subi Thakali
NOAA ESRL Chemical Sciences Laboratory and CIRES, U. of Colorado
NOAA Iodide CIMS Instrument
USOS
1, 1
2024, 07, 28, 2024, 07, 29
1
starttime_UTC, seconds_past_midnight, seconds_of_day_since_00:00:00_UTC
1
1
-9999
HNO3_NOAACIMS, pptv, Gas_HNO3_InSitu_S_AVMR, 
0
18
PI_CONTACT_INFO: 325 Broadway, R/CSD 7, Boulder, Colorado 80305; michael.a.robinson@noaa.gov; chris.jernigan@noaa.gov;
PLATFORM: NOAA CSL Mobile Lab
LOCATION: SLC, Utah
ASSOCIATED_DATA: 1Hz data also available on request.
INSTRUMENT_INFO: NOAA I- ToF CIMS
DATA_INFO: All data in parts per trillion by volume (pptv). 1 Hz data is available upon request.
UNCERTAINTY: TBD
ULOD_FLAG: -7777
ULOD_VALUE: N/A
LLOD_FLAG: -8888
LLOD_VALUE: N/A
DM_CONTACT_INFO: Nathan Howard; nathan.h.howard@noaa.gov
PROJECT_INFO: USOS, summer 2024. https://csl.noaa.gov/groups/csl7/measurements/2024usos/
STIPULATIONS_ON_USE: Users are strongly encouraged to contact the PI for proper data usage.
OTHER_COMMENTS: 
REVISION: RA
RA: Preliminary Data; For in-field use only
starttime_UTC, HNO3_NOAACIMS
     0, 617.849
    60, 623.152
   120, 616.229
   180, 614.963
   240, 592.954
   300, 603.528
   360, 631.120
   420, 658.167
   480, 653.307
   540, 623.435
   600, 596.757
   660, 589.159
   720, 615.971
   780, 619.947
   840, 583.528
   900, 535.447
   960, 562.462
  1020, 558.643
  1080, 572.521
  1140, -9999.000
  1200, 508.144
  1260, 539.325
  1320, 534.229
  1380, 556.721
  1440, 595.596
  1500, 616.876
  1560, 633.261
  1620, 643.337
  1680, 648.268
  1740, 668.922
  1800, 649.227
  1860, 629.693
  1920, 619.909
  1980, 594.932
  2040, 570.755
  2100, 548.959
  2160, 523.621
  2220, 517.286
  2280, 515.199
  2340, 522.102
  2400, 512.536
  2460, 496.476
  2520, 470.151
  2580, 445.687
  2640, 417.463
  2700, 391.954
  2760, 359.879
  2820, 333.841
  2880, 305.437
  2940, 286.097
  3000, 270.083
  3060, 263.279
  3120, 254.230
  3180, 247.332
  3240, 242.159
  3300, 236.967
  3360, 232.571
  3420, 237.132
  3480, 234.653
  3540, 226.914
  3600, 232.573
  3660, 230.354
  3720, 218.198
  3780, 208.927
  3840, 199.921
  3900, 193.913
  3960, 188.272
  4020, 184.668
  4080, 178.449
  4140, 171.993
  4200, 167.185
  4260, 163.307
  4320, 157.509
  4380, 155.211
  4440, 158.500
  4500, 157.089
  4560, 161.275
  4620, 161.579
  4680, 165.893
  4740, 167.595
  4800, 166.641
  4860, 151.846
  4920, 145.942
  4980, 148.061
  5040, 147.016
  5100, 142.077
  5160, 139.069
  5220, 140.180
  5280, 148.039
  5340, 161.512
  5400, 177.851
  5460, 186.344
  5520, 195.977
  5580, 189.052
  5640, 184.976
  5700, 177.141
  5760, 177.562
  5820, 178.488
  5880, 172.077
  5940, 173.148
  6000, 178.012
  6060, 187.170
  6120, 190.038
  6180, 191.954
  6240, 181.270
  6300, 185.034
  6360, 177.624
  6420, 171.873
  6480, 168.037
  6540, 167.008
  6600, 171.625
  6660, 173.347
  6720, 180.264
  6780, 180.308
  6840, 181.690
  6900, 174.014
  6960, 167.453
  7020, 161.137
  7080, 158.701
  7140, 163.804
  7200, 166.581
  7260, 169.584
  7320, 171.276
  7380, 163.953
  7440, 144.953
  7500, 146.979
  7560, 139.753
  7620, 131.468
  7680, 131.435
  7740, 145.449
  7800, 151.092
  7860, 159.006
  7920, 172.189
  7980, 172.597
  8040, 165.009
  8100, 161.497
  8160, 157.621
  8220, 163.921
  8280, 175.272
  8340, 192.148
  8400, 198.504
  8460, 170.410
  8520, -9999.000
  8580, 150.174
  8640, 152.964
  8700, 157.133
  8760, 163.164
  8820, 170.955
  8880, 184.699
  8940, 197.306
  9000, 202.749
  9060, 204.694
  9120, 198.940
  9180, 195.700
  9240, 195.010
  9300, 187.182
  9360, 185.956
  9420, 189.635
  9480, 197.076
  9540, 200.086
  9600, 199.606
  9660, 199.180
  9720, 197.326
  9780, 192.107
  9840, 198.751
  9900, 190.852
  9960, 194.208
 10020, 185.726
 10080, 187.023
 10140, 193.426
 10200, 184.950
 10260, 173.952
 10320, 168.463
 10380, -9999.000
 10440, 185.071
 10500, 195.000
 10560, 200.952
 10620, 197.819
 10680, 194.650
 10740, 190.637
 10800, 183.007
 10860, 186.938
 10920, 195.049
 10980, 200.331
 11040, 202.083
 11100, 194.745
 11160, 190.730
 11220, 184.035
 11280, 177.477
 11340, 181.765
 11400, 189.584
 11460, 196.925
 11520, 196.934
 11580, 190.649
 11640, 189.408
 11700, 181.609
 11760, 176.055
 11820, 177.614
 11880, 179.377
 11940, 177.515
 12000, 173.744
 12060, 162.038
 12120, 153.138
 12180, 145.051
 12240, -9999.000
 12300, 151.489
 12360, 141.060
 12420, 136.403
 12480, 134.161
 12540, 136.141
 12600, 137.364
 12660, 138.533
 12720, 143.508
 12780, 154.924
 12840, 162.345
 12900, 164.753
 12960, 167.482
 13020, 167.911
 13080, 166.599
 13140, 168.979
 13200, 178.537
 13260, 183.649
 13320, 183.145
 13380, 181.435
 13440, 176.424
 13500, 176.359
 13560, 177.931
 13620, 187.767
 13680, 185.425
 13740, 183.651
 13800, 176.130
 13860, 167.050
 13920, 157.283
 13980, 156.684
 14040, 162.087
 14100, 174.047
 14160, 174.555
 14220, 176.363
 14280, 164.907
 14340, 152.858
 14400, 146.478
 14460, 145.705
 14520, 140.629
 14580, 131.098
 14640, 119.552
 14700, 113.009
 14760, 118.525
 14820, 115.345
 14880, 113.190
 14940, 107.133
 15000, 102.869
 15060, 98.518
 15120, 98.207
 15180, 102.522
 15240, 103.341
 15300, 104.652
 15360, 102.315
 15420, 100.089
 15480, 99.234
 15540, 100.880
 15600, 101.125
 15660, 92.339
 15720, 87.025
 15780, 92.248
 15840, 101.697
 15900, -9999.000
 15960, 113.616
 16020, 113.830
 16080, 114.655
 16140, 110.604
 16200, 109.237
 16260, 113.881
 16320, 116.348
 16380, 120.359
 16440, 113.172
 16500, 109.892
 16560, 112.144
 16620, 115.463
 16680, 116.899
 16740, 116.713
 16800, 113.734
 16860, 108.149
 16920, 108.235
 16980, 110.059
 17040, 109.913
 17100, 106.908
 17160, 102.949
 17220, 98.901
 17280, 100.438
 17340, 102.704
 17400, 104.909
 17460, 105.041
 17520, 102.676
 17580, 98.852
 17640, 100.348
 17700, 105.455
 17760, -9999.000
 17820, 110.374
 17880, 105.719
 17940, 103.109
 18000, 105.376
 18060, 107.569
 18120, 108.965
 18180, 107.724
 18240, 105.899
 18300, 102.664
 18360, 104.613
 18420, 107.941
 18480, 110.270
 18540, 110.017
 18600, 108.294
 18660, 105.454
 18720, 102.922
 18780, 103.603
 18840, 109.978
 18900, 111.637
 18960, 111.869
 19020, 109.803
 19080, 106.164
 19140, 103.355
 19200, 103.699
 19260, 105.356
 19320, 105.747
 19380, 106.213
 19440, 102.063
 19500, 98.454
 19560, 97.693
 19620, -9999.000
 19680, 111.278
 19740, 106.019
 19800, 99.911
 19860, 96.609
 19920, 94.455
 19980, 98.957
 20040, 101.970
 20100, 102.078
 20160, 96.986
 20220, 96.221
 20280, 96.497
 20340, 96.608
 20400, 98.118
 20460, 94.772
 20520, 90.824
 20580, 88.707
 20640, 88.853
 20700, 89.889
 20760, 89.889
 20820, 89.984
 20880, 85.152
 20940, 89.726
 21000, 95.893
 21060, 100.808
 21120, 104.034
 21180, 107.058
 21240, 102.833
 21300, 107.679
 21360, 118.083
 21420, 122.898
 21480, 127.045
 21540, 129.389
 21600, 136.171
 21660, 144.775
 21720, 157.362
 21780, 165.000
 21840, 170.629
 21900, 174.048
 21960, 173.314
 22020, 179.322
 22080, 183.131
 22140, 184.892
 22200, 190.715
 22260, 196.966
 22320, 193.347
 22380, 186.574
 22440, 178.166
 22500, 170.344
 22560, 160.752
 22620, 151.674
 22680, 146.927
 22740, 147.033
 22800, 143.667
 22860, 138.194
 22920, 132.093
 22980, 126.896
 23040, 120.136
 23100, 120.673
 23160, 117.874
 23220, 113.991
 23280, 108.154
 23340, 121.046
 23400, 114.159
 23460, 115.681
 23520, 116.284
 23580, 115.476
 23640, 109.889
 23700, 106.795
 23760, 103.304
 23820, 106.626
 23880, 107.003
 23940, 108.140
 24000, 99.980
 24060, 92.295
 24120, 91.290
 24180, 93.081
 24240, 95.273
 24300, 97.942
 24360, 97.728
 24420, 95.856
 24480, 95.721
 24540, 97.137
 24600, 103.186
 24660, 106.201
 24720, 105.204
 24780, 102.825
 24840, 106.887
 24900, 108.921
 24960, 108.136
 25020, 105.860
 25080, 105.808
 25140, 110.110
 25200, 122.832
 25260, 118.603
 25320, 116.799
 25380, 113.210
 25440, 115.627
 25500, 116.257
 25560, 116.492
 25620, 114.977
 25680, 110.347
 25740, 109.590
 25800, 112.929
 25860, 114.919
 25920, 113.196
 25980, 109.963
 26040, 108.346
 26100, 111.126
 26160, 112.910
 26220, 112.328
 26280, 109.198
 26340, 105.869
 26400, 103.738
 26460, 104.635
 26520, 104.203
 26580, 102.315
 26640, 101.247
 26700, 100.655
 26760, 99.716
 26820, 97.327
 26880, 93.282
 26940, 91.121
 27000, -9999.000
 27060, 104.916
 27120, 100.437
 27180, 97.497
 27240, 97.605
 27300, 99.853
 27360, 102.252
 27420, 101.786
 27480, 97.814
 27540, 96.428
 27600, 97.136
 27660, 97.617
 27720, 99.314
 27780, 97.523
 27840, 100.164
 27900, 104.175
 27960, 107.229
 28020, 107.582
 28080, 107.396
 28140, 102.947
 28200, 105.403
 28260, 105.617
 28320, 101.569
 28380, 97.689
 28440, 99.125
 28500, 103.606
 28560, 101.594
 28620, 96.796
 28680, 92.693
 28740, 92.669
 28800, 94.200
 28860, -9999.000
 28920, 98.220
 28980, 95.193
 29040, 96.521
 29100, 99.354
 29160, 99.748
 29220, 97.902
 29280, 97.677
 29340, 94.579
 29400, 95.862
 29460, 98.410
 29520, 98.543
 29580, 99.883
 29640, 95.709
 29700, 98.154
 29760, 96.926
 29820, 96.060
 29880, 95.415
 29940, 93.925
 30000, 94.976
 30060, 96.690
 30120, 97.138
 30180, 93.375
 30240, 92.562
 30300, 95.721
 30360, 98.072
 30420, 95.440
 30480, 96.000
 30540, 94.767
 30600, 95.155
 30660, 95.783
 30720, -9999.000
 30780, 101.489
 30840, 97.288
 30900, 99.558
 30960, 101.084
 31020, 105.442
 31080, 103.482
 31140, 101.357
 31200, 103.174
 31260, 105.034
 31320, 104.759
 31380, 106.084
 31440, 106.561
 31500, 108.590
 31560, 112.591
 31620, 112.336
 31680, 112.458
 31740, 110.491
 31800, 109.481
 31860, 109.224
 31920, 108.840
 31980, 102.647
 32040, 98.876
 32100, 96.807
 32160, 99.148
 32220, 100.182
 32280, 99.577
 32340, 97.312
 32400, 94.446
 32460, 96.633
 32520, 100.781
 32580, 109.818
 32640, 107.093
 32700, 106.396
 32760, 106.261
 32820, 108.716
 32880, 109.554
 32940, 106.637
 33000, 105.779
 33060, 104.881
 33120, 105.839
 33180, 107.582
 33240, 101.749
 33300, 97.734
 33360, 100.538
 33420, 100.988
 33480, 101.284
 33540, 102.643
 33600, 99.452
 33660, 102.876
 33720, 103.310
 33780, 102.474
 33840, 99.790
 33900, 94.261
 33960, 96.049
 34020, 97.437
 34080, 98.871
 34140, 93.472
 34200, 93.084
 34260, 95.078
 34320, 97.559
 34380, -9999.000
 34440, 100.656
 34500, 99.929
 34560, 103.341
 34620, 104.109
 34680, 99.385
 34740, 97.872
 34800, 98.548
 34860, 98.558
 34920, 100.661
 34980, 100.628
 35040, 98.505
 35100, 96.782
 35160, 97.831
 35220, 92.572
 35280, 87.881
 35340, 87.169
 35400, 86.661
 35460, 87.546
 35520, 85.637
 35580, 84.377
 35640, 84.029
 35700, 87.150
 35760, 84.048
 35820, 84.190
 35880, 83.470
 35940, 86.071
 36000, 85.676
 36060, 86.717
 36120, 84.207
 36180, 81.936
 36240, -9999.000
 36300, 94.920
 36360, 92.060
 36420, 86.057
 36480, 87.405
 36540, 86.959
 36600, 83.521
 36660, 80.610
 36720, 80.529
 36780, 82.202
 36840, 81.383
 36900, 82.276
 36960, 81.138
 37020, 83.206
 37080, 84.404
 37140, 82.749
 37200, 80.691
 37260, 81.860
 37320, 81.746
 37380, 78.252
 37440, 76.511
 37500, 78.187
 37560, 79.942
 37620, 80.542
 37680, 79.478
 37740, 81.481
 37800, 82.293
 37860, 83.925
 37920, 81.908
 37980, 81.545
 38040, 83.727
 38100, -9999.000
 38160, 92.874
 38220, 88.920
 38280, 89.237
 38340, 91.815
 38400, 91.348
 38460, 90.105
 38520, 89.912
 38580, 92.028
 38640, 91.676
 38700, 89.772
 38760, 87.910
 38820, 86.138
 38880, 85.634
 38940, 82.922
 39000, 80.866
 39060, 80.683
 39120, 81.973
 39180, 80.712
 39240, 79.243
 39300, 78.241
 39360, 79.553
 39420, 78.630
 39480, 78.941
 39540, 78.568
 39600, 77.804
 39660, 78.831
 39720, 77.058
 39780, 76.623
 39840, 78.880
 39900, 77.422
 39960, 81.476
 40020, 77.889
 40080, 76.931
 40140, 76.964
 40200, 76.731
 40260, 76.681
 40320, 77.883
 40380, 77.521
 40440, 76.958
 40500, 76.636
 40560, 79.549
 40620, 79.227
 40680, 76.506
 40740, 74.572
 40800, 77.380
 40860, 78.755
 40920, 76.278
 40980, 75.464
 41040, 77.848
 41100, 80.000
 41160, 79.759
 41220, 76.782
 41280, 75.768
 41340, 77.233
 41400, 78.298
 41460, 77.913
 41520, 77.032
 41580, 76.196
 41640, 77.569
 41700, 76.618
 41760, 75.668
 41820, 91.535
 41880, 87.229
 41940, 85.184
 42000, 84.743
 42060, 87.318
 42120, 85.058
 42180, 83.150
 42240, 80.931
 42300, 81.933
 42360, 78.658
 42420, 77.742
 42480, 75.796
 42540, 73.721
 42600, 71.263
 42660, 69.059
 42720, 68.953
 42780, 71.587
 42840, 74.046
 42900, 71.431
 42960, 73.225
 43020, 74.766
 43080, 73.539
 43140, 72.315
 43200, 72.568
 43260, 76.366
 43320, 70.700
 43380, 66.768
 43440, 66.068
 43500, 64.925
 43560, 66.462
 43620, 70.681
 43680, 73.470
 43740, 73.135
 43800, 72.849
 43860, 69.305
 43920, 69.721
 43980, 67.094
 44040, 67.150
 44100, 65.499
 44160, 66.132
 44220, 67.062
 44280, 69.718
 44340, 68.841
 44400, 69.261
 44460, 72.967
 44520, 77.488
 44580, 75.965
 44640, 79.271
 44700, 79.671
 44760, 78.355
 44820, 74.308
 44880, 73.156
 44940, 75.891
 45000, 76.199
 45060, 74.047
 45120, 72.883
 45180, 72.173
 45240, 72.530
 45300, 70.164
 45360, 71.748
 45420, 73.350
 45480, -9999.000
 45540, 74.367
 45600, -9999.000
 45660, -9999.000
 45720, -9999.000
 45780, -9999.000
 45840, -9999.000
 45900, -9999.000
 45960, -9999.000
 46020, -9999.000
 46080, -9999.000
 46140, -9999.000
 46200, -9999.000
 46260, -9999.000
 46320, -9999.000
 46380, -9999.000
 46440, -9999.000
 46500, -9999.000
 46560, -9999.000
 46620, -9999.000
 46680, -9999.000
 46740, -9999.000
 46800, -9999.000
 46860, -9999.000
 46920, -9999.000
 46980, -9999.000
 47040, 147.259
 47100, 129.481
 47160, 118.062
 47220, 107.727
 47280, 105.794
 47340, -9999.000
 47400, 136.528
 47460, 125.780
 47520, 122.552
 47580, 119.866
 47640, 115.157
 47700, 108.109
 47760, 108.796
 47820, 105.686
 47880, 107.133
 47940, 102.149
 48000, 102.474
 48060, 105.520
 48120, 101.546
 48180, 96.202
 48240, 94.834
 48300, 94.032
 48360, 93.644
 48420, 87.771
 48480, 88.398
 48540, 97.017
 48600, 96.797
 48660, 90.353
 48720, 78.369
 48780, 81.397
 48840, 84.000
 48900, 82.722
 48960, 83.712
 49020, 83.823
 49080, 100.107
 49140, 100.147
 49200, -9999.000
 49260, 116.067
 49320, 117.660
 49380, 121.432
 49440, 127.747
 49500, 129.253
 49560, 134.624
 49620, 141.636
 49680, 146.359
 49740, 147.220
 49800, 148.603
 49860, 151.682
 49920, 159.937
 49980, 168.402
 50040, 169.363
 50100, 161.843
 50160, 159.143
 50220, 167.533
 50280, 173.461
 50340, 174.318
 50400, 213.175
 50460, 210.433
 50520, 179.186
 50580, 197.010
 50640, 179.775
 50700, 175.350
 50760, 194.372
 50820, 215.770
 50880, 235.533
 50940, 234.924
 51000, 238.493
 51060, 247.981
 51120, 251.604
 51180, 270.136
 51240, 282.457
 51300, 281.988
 51360, 281.203
 51420, 272.889
 51480, 274.583
 51540, 274.903
 51600, 285.992
 51660, 282.089
 51720, 283.814
 51780, 279.194
 51840, 276.935
 51900, 279.462
 51960, 269.286
 52020, 254.784
 52080, 244.055
 52140, 249.255
 52200, 245.719
 52260, 236.754
 52320, 250.152
 52380, 267.532
 52440, 277.687
 52500, 279.545
 52560, 247.725
 52620, 232.454
 52680, 236.593
 52740, 258.931
 52800, 263.833
 52860, -9999.000
 52920, 250.774
 52980, 263.311
 53040, 254.329
 53100, 274.703
 53160, -9999.000
 53220, -9999.000
 53280, -9999.000
 53340, -9999.000
 53400, -9999.000
 53460, -9999.000
 53520, -9999.000
 53580, -9999.000
 53640, -9999.000
 53700, -9999.000
 53760, -9999.000
 53820, -9999.000
 53880, -9999.000
 53940, -9999.000
 54000, -9999.000
 54060, -9999.000
 54120, -9999.000
 54180, -9999.000
 54240, -9999.000
 54300, -9999.000
 54360, -9999.000
 54420, -9999.000
 54480, -9999.000
 54540, -9999.000
 54600, -9999.000
 54660, -9999.000
 54720, -9999.000
 54780, -9999.000
 54840, -9999.000
 54900, -9999.000
 54960, -9999.000
 55020, -9999.000
 55080, -9999.000
 55140, -9999.000
 55200, -9999.000
 55260, -9999.000
 55320, -9999.000
 55380, -9999.000
 55440, -9999.000
 55500, -9999.000
 55560, -9999.000
 55620, -9999.000
 55680, -9999.000
 55740, -9999.000
 55800, -9999.000
 55860, -9999.000
 55920, -9999.000
 55980, -9999.000
 56040, -9999.000
 56100, -9999.000
 56160, -9999.000
 56220, -9999.000
 56280, -9999.000
 56340, -9999.000
 56400, -9999.000
 56460, -9999.000
 56520, -9999.000
 56580, -9999.000
 56640, -9999.000
 56700, -9999.000
 56760, -9999.000
 56820, -9999.000
 56880, -9999.000
 56940, -9999.000
 57000, -9999.000
 57060, -9999.000
 57120, -9999.000
 57180, -9999.000
 57240, -9999.000
 57300, -9999.000
 57360, -9999.000
 57420, -9999.000
 57480, -9999.000
 57540, -9999.000
 57600, -9999.000
 57660, -9999.000
 57720, -9999.000
 57780, -9999.000
 57840, -9999.000
 57900, -9999.000
 57960, -9999.000
 58020, -9999.000
 58080, -9999.000
 58140, -9999.000
 58200, -9999.000
 58260, -9999.000
 58320, -9999.000
 58380, -9999.000
 58440, -9999.000
 58500, -9999.000
 58560, -9999.000
 58620, -9999.000
 58680, -9999.000
 58740, -9999.000
 58800, -9999.000
 58860, -9999.000
 58920, -9999.000
 58980, -9999.000
 59040, -9999.000
 59100, -9999.000
 59160, -9999.000
 59220, -9999.000
 59280, -9999.000
 59340, -9999.000
 59400, -9999.000
 59460, -9999.000
 59520, -9999.000
 59580, -9999.000
 59640, -9999.000
 59700, -9999.000
 59760, -9999.000
 59820, -9999.000
 59880, -9999.000
