CampaignData_and_Merges/R0/CSL_MobileLab_Parked/raw/20240728/USOS-NOy-LIF_MobileLabGround_20240728_R0.ict
39,1001
Rollins, A.; Waxman, E.; Zuraski, K.; Chace, W.
NOAA Chemical Sciences Laboratory
LIF NO/NOx/NOy on CSL Mobile Lab
AMMBEC / USOS
1, 1
2024,07,28, 2025,01,04
1
Time_Start, seconds, number_of_seconds_since_0000_UTC
7
1, 1, 1, 1, 1, 1, 1
-9999, -9999, -9999, -9999, -9999, -9999, -9999
Time_Stop, seconds, number_of_seconds_since_0000_UTC
NO_LIF, pptv, Gas_NO_InSitu_S_AVMR, volume mixing ratio of nitric oxide in air
NO2_LIF, pptv, Gas_NO2_InSitu_S_AVMR, volume mixing ratio of nitrogen dioxide in air
NOy_LIF, pptv, Gas_NOy_InSitu_S_AVMR, volume mixing ratio of total oxidized nitrogen in air
NO_LIF_1SigmaAccuracy, pptv, Gas_NO_InSitu_S_AVMR, volume mixing ratio of nitric oxide in air
NO2_LIF_1SigmaAccuracy, pptv, Gas_NO2_InSitu_S_AVMR, volume mixing ratio of nitrogen dioxide in air
NOy_LIF_1SigmaAccuracy, pptv, Gas_NOy_InSitu_S_AVMR, volume mixing ratio of total oxidized nitrogen in air
0
18
PI_CONTACT_INFO: andrew.rollins@noaa.gov
PLATFORM: CSL Mobile Lab
LOCATION: Salt Lake City, UT
ASSOCIATED_DATA:
INSTRUMENT_INFO: NO detection by laser induced fluorescence. NO2 detection by photolytic conversion to NO. NOy detection by catalytic conversion to NO on gold surface
DATA_INFO:
UNCERTAINTY: Included 1 Sigma Accuracy waves represent the combined calibration uncertainties (±6%, ±9%, ±10%) and zero uncertainties (3 ppt, 20 ppt, 100 ppt) for NO, NO2, and NOy, respectively.
ULOD_FLAG: -7777
ULOD_VALUE: N/A
LLOD_FLAG: -8888
LLOD_VALUE: N/A
DM_CONTACT_INFO: andrew.rollins@noaa.gov
PROJECT_INFO: USOS Project, July - August 2024
STIPULATIONS_ON_USE: Users are strongly encouraged to contact the PI for proper data usage.
OTHER_COMMENTS:
REVISION: R0
R0: final data
Time_Start, Time_Stop, NO_LIF, NO2_LIF, NOy_LIF, NO_LIF_1SigmaAccuracy, NO2_LIF_1SigmaAccuracy, NOy_LIF_1SigmaAccuracy
[from data line 264]
   15840,   15900,24.342,12234,13455,4.4605, 1121.1, 1445.5
   15900,   15960,15.278,8638.1,12064,3.9167, 797.43, 1306.4
   15960,   16020,24.403,9222.6,10893,4.4642, 850.03, 1189.3
   16020,   16080,15.357,11941,13415,3.9214, 1094.7, 1441.5
   16080,   16140,20.167,12264,14139,4.21, 1123.8, 1513.9
   16140,   16200,14.64,12085,14091,3.8784, 1107.6, 1509.1
   16200,   16260,13.498,12124,14187,3.8099, 1111.2, 1518.7
   16260,   16320,12.264,12323,13997,3.7358, 1129.1, 1499.7
   16320,   16380,11.451,12365,13643,3.6871, 1132.9, 1464.3
   16380,   16440,12.051,12731,13968,3.723, 1165.8, 1496.8
   16440,   16500,43.591,13045,14268,5.6154, 1194.1, 1526.8
   16500,   16560,26.704,13318,15088,4.6022, 1218.7, 1608.8
   16560,   16620,16.067,13095,15190,3.964, 1198.5, 1619
   16620,   16680,32.81,13272,15481,4.9686, 1214.4, 1648.1
   16680,   16740,24.322,13380,15568,4.4593, 1224.2, 1656.8
   16740,   16800,19.344,13579,15595,4.1607, 1242.1, 1659.5
   16800,   16860,-9999,-9999,-9999,-9999, -9999, -9999
   16860,   16920,-9999,-9999,-9999,-9999, -9999, -9999
   16920,   16980,-9999,-9999,-9999,-9999, -9999, -9999
   16980,   17040,-9999,-9999,-9999,-9999, -9999, -9999
   17040,   17100,-9999,-9999,-9999,-9999, -9999, -9999
   17100,   17160,-9999,-9999,-9999,-9999, -9999, -9999
   17160,   17220,-9999,-9999,-9999,-9999, -9999, -9999
   17220,   17280,16.066,12456,14387,3.9639, 1141.1, 1538.7
   17280,   17340,12.933,11915,13831,3.776, 1092.3, 1483.1
   17340,   17400,11.622,10818,12877,3.6973, 993.61, 1387.7
   17400,   17460,20.131,11203,13090,4.2079, 1028.3, 1409
   17460,   17520,15.192,11003,13140,3.9115, 1010.3, 1414
   17520,   17580,23.068,11186,13295,4.3841, 1026.7, 1429.5
   17580,   17640,13.248,9976.1,12467,3.7949, 917.85, 1346.7
   17640,   17700,10.982,9670.3,11611,3.6589, 890.33, 1261.1
   17700,   17760,11.594,9474.2,11574,3.6956, 872.68, 1257.4
   17760,   17820,13.126,8819.1,10741,3.7875, 813.72, 1174.1
   17820,   17880,13.099,8522.7,10246,3.7859, 787.05, 1124.6
   17880,   17940,12.665,8202.6,9938.7,3.7599, 758.23, 1093.9
   17940,   18000,9.6111,8238.5,10012,3.5767, 761.46, 1101.2
   18000,   18060,10.742,8078.3,9938.1,3.6445, 747.05, 1093.8
   18060,   18120,9.4732,7267.2,9341.5,3.5684, 674.05, 1034.1
   18120,   18180,13.817,7561.8,9220,3.829, 700.56, 1022
   18180,   18240,10.864,7103.9,8938.3,3.6519, 659.35, 993.83
   18240,   18300,9.6992,7066.4,8744.8,3.582, 655.97, 974.48
   18300,   18360,10.766,7206.5,8804.5,3.646, 668.59, 980.45
   18360,   18420,11.567,7687,9236.7,3.694, 711.83, 1023.7
   18420,   18480,11.247,8027.3,9685.8,3.6748, 742.46, 1068.6
   18480,   18540,12.002,8069.2,9772.2,3.7201, 746.23, 1077.2
   18540,   18600,11.123,8108.9,9923.9,3.6674, 749.8, 1092.4
   18600,   18660,12.675,7800.7,9565.2,3.7605, 722.06, 1056.5
   18660,   18720,14.301,7330,9130.2,3.8581, 679.7, 1013
   18720,   18780,23.648,7381.6,9038.4,4.4189, 684.34, 1003.8
   18780,   18840,44.231,7533.7,9255.3,5.6538, 698.03, 1025.5
   18840,   18900,16.293,7923.4,9544.7,3.9776, 733.11, 1054.5
   18900,   18960,18.638,8223.7,9978.4,4.1183, 760.13, 1097.8
   18960,   19020,16.248,8443.9,10134,3.9749, 779.95, 1113.4
   19020,   19080,19.081,8889,10595,4.1449, 820.01, 1159.5
   19080,   19140,24.812,9346.6,11083,4.4887, 861.19, 1208.3
   19140,   19200,26.799,9684.3,11376,4.6079, 891.58, 1237.6
   19200,   19260,18.545,9724.4,11526,4.1127, 895.2, 1252.6
   19260,   19320,29.38,9879.6,11678,4.7628, 909.16, 1267.8
   19320,   19380,21.168,9946.4,11739,4.2701, 915.17, 1273.9
   19380,   19440,34.267,10178,11874,5.056, 936.01, 1287.4
   19440,   19500,36.69,10601,12404,5.2014, 974.1, 1340.4
   19500,   19560,29.495,11300,13019,4.7697, 1037, 1401.9
   19560,   19620,20.039,11146,13093,4.2024, 1023.1, 1409.3
   19620,   19680,26.935,10407,12450,4.6161, 956.62, 1345
   19680,   19740,32.688,9810.8,12024,4.9613, 902.97, 1302.4
   19740,   19800,35.668,9468.3,11363,5.1401, 872.15, 1236.3
   19800,   19860,42.735,8976.2,11030,5.5641, 827.86, 1203
   19860,   19920,29.27,8776.2,10261,4.7562, 809.86, 1126.1
   19920,   19980,37.505,8668.2,10540,5.2503, 800.14, 1154
   19980,   20040,52.68,9983.1,10947,6.1608, 918.48, 1194.7
   20040,   20100,221.33,11534,12458,16.28, 1058.1, 1345.8
   20100,   20160,301.8,13085,14998,21.108, 1197.6, 1599.8
   20160,   20220,354.75,13409,15245,24.285, 1226.8, 1624.5
   20220,   20280,190.02,13048,15225,14.401, 1194.4, 1622.5
   20280,   20340,65.167,12472,14747,6.91, 1142.4, 1574.7
   20340,   20400,102.75,12331,14385,9.1649, 1129.8, 1538.5
   20400,   20460,72.719,11990,14257,7.3632, 1099.1, 1525.7
   20460,   20520,57.84,11254,13449,6.4704, 1032.8, 1444.9
   20520,   20580,105.62,10734,12903,9.3371, 986.04, 1390.3
   20580,   20640,485.72,11388,13318,32.143, 1044.9, 1431.8
   20640,   20700,284.46,10882,13781,20.067, 999.41, 1478.1
   20700,   20760,792.09,10881,13512,50.526, 999.32, 1451.2
   20760,   20820,339.83,9905.8,13448,23.39, 911.52, 1444.8
   20820,   20880,116.81,9194.7,11194,10.009, 847.52, 1219.4
   20880,   20940,159.34,9109.5,11460,12.56, 839.86, 1246
   20940,   21000,55.958,9071.6,11048,6.3575, 836.44, 1204.8
   21000,   21060,43.276,8870.1,10960,5.5966, 818.31, 1196
   21060,   21120,88.065,8467,10509,8.2839, 782.03, 1150.9
   21120,   21180,81.561,7792.4,10218,7.8936, 721.32, 1121.8
   21180,   21240,64.45,6826.2,9128.8,6.867, 634.36, 1012.9
   21240,   21300,44.438,5319,7548,5.6663, 498.71, 854.8
   21300,   21360,23.173,4338.4,6026.4,4.3904, 410.46, 702.64
   21360,   21420,39.328,3590.5,5229.8,5.3597, 343.14, 622.98
   21420,   21480,111.45,2598.3,4413.8,9.6867, 253.84, 541.38
   21480,   21540,52.755,2106.9,3391,6.1653, 209.62, 439.1
   21540,   21600,83.832,1921.1,3079,8.0299, 192.9, 407.9
   21600,   21660,71.883,1774.2,3012.1,7.313, 179.68, 401.21
   21660,   21720,26.714,1625.6,2639.8,4.6028, 166.31, 363.98
   21720,   21780,29.121,1601.5,2597.5,4.7473, 164.13, 359.75
   21780,   21840,29.704,1538.6,2563.5,4.7822, 158.48, 356.35
   21840,   21900,27.635,1603.3,2683.2,4.6581, 164.3, 368.32
   21900,   21960,16.499,2035.1,2959,3.9899, 203.16, 395.9
   21960,   22020,12.731,3055.6,4079.3,3.7638, 295, 507.93
   22020,   22080,10.932,3566.1,4653.9,3.6559, 340.95, 565.39
   22080,   22140,11.565,3926.6,5175.9,3.6939, 373.39, 617.59
   22140,   22200,9.2382,4008,5225.7,3.5543, 380.72, 622.57
   22200,   22260,10.974,6402.5,7264.9,3.6584, 596.22, 826.49
   22260,   22320,18.292,11079,12654,4.0975, 1017.1, 1365.4
   22320,   22380,17.995,13209,14912,4.0797, 1208.8, 1591.2
   22380,   22440,20.782,13462,15518,4.2469, 1231.6, 1651.8
   22440,   22500,19.821,13348,15338,4.1892, 1221.3, 1633.8
   22500,   22560,32.484,14374,16483,4.9491, 1313.7, 1748.3
   22560,   22620,50.763,14775,16820,6.0458, 1349.8, 1782
   22620,   22680,31.556,15353,17387,4.8934, 1401.8, 1838.7
   22680,   22740,40.891,17065,19111,5.4535, 1555.9, 2011.1
   22740,   22800,31.386,17276,19451,4.8831, 1574.9, 2045.1
   22800,   22860,24.262,17227,19842,4.4557, 1570.5, 2084.2
   22860,   22920,25.434,17416,19774,4.526, 1587.4, 2077.4
   22920,   22980,33.719,17587,19783,5.0231, 1602.8, 2078.3
   22980,   23040,25.277,17508,19749,4.5166, 1595.7, 2074.9
   23040,   23100,35.059,17598,19812,5.1035, 1603.8, 2081.2
   23100,   23160,52.983,18036,20257,6.179, 1643.2, 2125.7
   23160,   23220,65.946,18646,20912,6.9567, 1698.1, 2191.2
   23220,   23280,62.796,18463,20950,6.7678, 1681.7, 2195
   23280,   23340,36.31,18175,20431,5.1786, 1655.8, 2143.1
   23340,   23400,26.993,17101,19501,4.6196, 1559.1, 2050.1
   23400,   23460,26.493,16239,18529,4.5896, 1481.5, 1952.9
   23460,   23520,32.142,16987,19372,4.9285, 1548.8, 2037.2
   23520,   23580,20.684,16493,18869,4.241, 1504.3, 1986.9
   23580,   23640,18.322,16123,18591,4.0993, 1471.1, 1959.1
   23640,   23700,22.057,15222,17792,4.3234, 1390, 1879.2
   23700,   23760,19.327,14319,16677,4.1596, 1308.7, 1767.7
   23760,   23820,48.774,15495,18094,5.9264, 1414.5, 1909.4
   23820,   23880,36.159,14274,17120,5.1696, 1304.7, 1812
   23880,   23940,24.622,14050,16256,4.4773, 1284.5, 1725.6
   23940,   24000,19.801,13608,15940,4.1881, 1244.7, 1694
   24000,   24060,23.103,9916.3,12507,4.3862, 912.46, 1350.7
   24060,   24120,19.764,8431.3,10564,4.1858, 778.82, 1156.4
   24120,   24180,21.399,8489.5,10340,4.2839, 784.05, 1134
   24180,   24240,23.033,8331.3,10139,4.382, 769.82, 1113.9
   24240,   24300,36.011,9052.9,10609,5.1607, 834.76, 1160.9
   24300,   24360,48.915,10059,11987,5.9349, 925.33, 1298.7
   24360,   24420,36.441,10176,12045,5.1865, 935.82, 1304.5
   24420,   24480,28.183,9867.7,11755,4.691, 908.09, 1275.5
   24480,   24540,19.623,10039,12015,4.1774, 923.48, 1301.5
   24540,   24600,18.428,10384,12068,4.1057, 954.56, 1306.8
   24600,   24660,15.737,11237,13134,3.9442, 1031.4, 1413.4
   24660,   24720,19.51,12826,14231,4.1706, 1174.4, 1523.1
   24720,   24780,19.642,13643,15107,4.1785, 1247.9, 1610.7
   24780,   24840,-9999,-9999,-9999,-9999, -9999, -9999
   24840,   24900,-9999,-9999,-9999,-9999, -9999, -9999
   24900,   24960,-9999,-9999,-9999,-9999, -9999, -9999
   24960,   25020,-9999,-9999,-9999,-9999, -9999, -9999
   25020,   25080,-9999,-9999,-9999,-9999, -9999, -9999
   25080,   25140,-9999,-9999,-9999,-9999, -9999, -9999
   25140,   25200,-9999,-9999,-9999,-9999, -9999, -9999
   25200,   25260,15.049,12697,14862,3.903, 1162.8, 1586.2
   25260,   25320,14.474,12795,14934,3.8684, 1171.6, 1593.4
   25320,   25380,15.298,12842,14935,3.9179, 1175.8, 1593.5
   25380,   25440,15.981,12934,14917,3.9588, 1184.1, 1591.7
   25440,   25500,21.781,13344,15416,4.3068, 1221, 1641.6
   25500,   25560,19.39,13809,15754,4.1634, 1262.8, 1675.4
   25560,   25620,21.552,14008,16137,4.2931, 1280.7, 1713.7
   25620,   25680,25.576,13908,16144,4.5346, 1271.7, 1714.4
   25680,   25740,34.422,14120,16272,5.0653, 1290.8, 1727.2
   25740,   25800,25.12,13872,15947,4.5072, 1268.4, 1694.7
   25800,   25860,22.275,13887,15973,4.3365, 1269.9, 1697.3
   25860,   25920,15.884,14250,16512,3.9531, 1302.5, 1751.2
   25920,   25980,24.722,14121,16272,4.4833, 1290.9, 1727.2
   25980,   26040,17.019,13508,15828,4.0211, 1235.7, 1682.8
   26040,   26100,18.069,13412,15788,4.0842, 1227.1, 1678.8
   26100,   26160,23.492,13379,15587,4.4095, 1224.1, 1658.7
   26160,   26220,25.77,13738,15855,4.5462, 1256.5, 1685.5
   26220,   26280,16.282,13905,16124,3.9769, 1271.5, 1712.4
   26280,   26340,14.792,13557,15714,3.8875, 1240.1, 1671.4
   26340,   26400,16.169,13242,15368,3.9701, 1211.8, 1636.8
   26400,   26460,143.19,13396,15527,11.591, 1225.7, 1652.7
   26460,   26520,42.385,12120,14146,5.5431, 1110.8, 1514.6
   26520,   26580,21.256,11984,13998,4.2753, 1098.5, 1499.8
   26580,   26640,40.382,13055,14857,5.4229, 1194.9, 1585.7
   26640,   26700,47.198,12586,14927,5.8319, 1152.8, 1592.7
   26700,   26760,43.602,11394,14267,5.6161, 1045.4, 1526.7
   26760,   26820,19.187,9529.1,12016,4.1512, 877.62, 1301.6
   26820,   26880,464.88,11890,12482,30.893, 1090.1, 1348.2
   26880,   26940,52.714,10521,12979,6.1628, 966.89, 1397.9
   26940,   27000,66.706,10835,12831,7.0023, 995.11, 1383.1
   27000,   27060,63.247,11144,13000,6.7948, 1023, 1400
   27060,   27120,25.306,10394,12387,4.5183, 955.47, 1338.7
   27120,   27180,18.532,10177,12187,4.1119, 935.91, 1318.7
   27180,   27240,16.594,10176,12130,3.9957, 935.81, 1313
   27240,   27300,39.306,9779,11951,5.3584, 900.11, 1295.1
   27300,   27360,416.72,10920,12747,28.003, 1002.8, 1374.7
   27360,   27420,31.092,10069,11860,4.8655, 926.19, 1286
   27420,   27480,634.43,12405,12894,41.066, 1136.4, 1389.4
   27480,   27540,195.43,11238,14244,14.726, 1031.5, 1524.4
   27540,   27600,58.901,11229,13502,6.5341, 1030.6, 1450.2
   27600,   27660,49.262,10864,13041,5.9557, 997.78, 1404.1
   27660,   27720,67.224,11149,13304,7.0334, 1023.4, 1430.4
   27720,   27780,69.433,11072,13299,7.166, 1016.5, 1429.9
   27780,   27840,71.965,11576,13547,7.3179, 1061.8, 1454.7
   27840,   27900,46.322,11876,13702,5.7793, 1088.9, 1470.2
   27900,   27960,23.775,11970,14020,4.4265, 1097.3, 1502
   27960,   28020,59.93,12406,14619,6.5958, 1136.5, 1561.9
   28020,   28080,56.935,12413,14695,6.4161, 1137.1, 1569.5
   28080,   28140,26.468,12063,14317,4.5881, 1105.7, 1531.7
   28140,   28200,448.23,13016,15900,29.894, 1191.4, 1690
   28200,   28260,156.39,12280,15410,12.384, 1125.2, 1641
   28260,   28320,73.01,11878,14590,7.3806, 1089, 1559
   28320,   28380,30.318,11762,13973,4.8191, 1078.6, 1497.3
   28380,   28440,20.664,11459,13879,4.2399, 1051.3, 1487.9
   28440,   28500,16.689,10969,13285,4.0014, 1007.2, 1428.5
   28500,   28560,17.488,11000,13310,4.0493, 1010, 1431
   28560,   28620,20.242,11288,13503,4.2145, 1035.9, 1450.3
   28620,   28680,62.813,11662,13822,6.7688, 1069.6, 1482.2
   28680,   28740,25.919,11347,13627,4.5551, 1041.2, 1462.7
   28740,   28800,14.526,11381,13643,3.8716, 1044.3, 1464.3
   28800,   28860,22.874,11264,13542,4.3724, 1033.7, 1454.2
   28860,   28920,51.8,11573,13824,6.108, 1061.6, 1482.4
   28920,   28980,42.44,11416,13778,5.5464, 1047.5, 1477.8
   28980,   29040,19.532,11098,13462,4.1719, 1018.8, 1446.2
   29040,   29100,22.164,11087,13412,4.3298, 1017.8, 1441.2
   29100,   29160,16.211,10991,13493,3.9726, 1009.2, 1449.3
   29160,   29220,16.161,10982,13278,3.9697, 1008.4, 1427.8
   29220,   29280,34.214,11083,13423,5.0528, 1017.5, 1442.3
   29280,   29340,49.319,11226,13603,5.9592, 1030.4, 1460.3
   29340,   29400,49.63,11137,13466,5.9778, 1022.4, 1446.6
   29400,   29460,20.28,10895,13260,4.2168, 1000.5, 1426
   29460,   29520,17.699,10879,13018,4.062, 999.13, 1401.8
   29520,   29580,22.8,10820,13123,4.368, 993.84, 1412.3
   29580,   29640,21.625,10690,13057,4.2975, 982.07, 1405.7
   29640,   29700,90.855,10963,13416,8.4513, 1006.7, 1441.6
   29700,   29760,25.765,10796,13594,4.5459, 991.65, 1459.4
   29760,   29820,47.692,10878,13245,5.8615, 998.99, 1424.5
   29820,   29880,21.095,11040,13298,4.2657, 1013.6, 1429.8
   29880,   29940,19.221,11018,13325,4.1533, 1011.7, 1432.5
   29940,   30000,27.936,11230,13241,4.6762, 1030.7, 1424.1
   30000,   30060,31.442,11728,13531,4.8865, 1075.5, 1453.1
   30060,   30120,43.248,12454,14338,5.5949, 1140.8, 1533.8
   30120,   30180,401.68,12437,14616,27.101, 1139.3, 1561.6
   30180,   30240,390.12,12490,15687,26.407, 1144.1, 1668.7
   30240,   30300,54.782,11546,14108,6.2869, 1059.1, 1510.8
   30300,   30360,50.652,11415,13714,6.0391, 1047.3, 1471.4
   30360,   30420,285.04,11516,13770,20.102, 1056.4, 1477
   30420,   30480,210.44,11789,14396,15.626, 1081.1, 1539.6
   30480,   30540,51.623,11238,13820,6.0974, 1031.4, 1482
   30540,   30600,68.251,10727,13197,7.095, 985.43, 1419.7
   30600,   30660,26.835,10320,12737,4.6101, 948.83, 1373.7
   30660,   30720,58.739,10271,12668,6.5244, 944.35, 1366.8
   30720,   30780,57.214,10321,12612,6.4329, 948.93, 1361.2
   30780,   30840,21.494,10296,12656,4.2897, 946.68, 1365.6
   30840,   30900,43.017,10237,12559,5.581, 941.31, 1355.9
   30900,   30960,33.534,10205,12500,5.012, 938.43, 1350
   30960,   31020,159.62,10436,12697,12.577, 959.23, 1369.7
   31020,   31080,56.56,10126,12597,6.3936, 931.31, 1359.7
   31080,   31140,154.49,10139,12479,12.269, 932.51, 1347.9
   31140,   31200,697.29,11224,14963,44.837, 1030.2, 1596.3
   31200,   31260,168.63,9824.6,12973,13.118, 904.22, 1397.3
   31260,   31320,349.61,9737.5,12474,23.976, 896.37, 1347.4
   31320,   31380,42.936,9096.4,11394,5.5762, 838.68, 1239.4
   31380,   31440,17.803,9019.3,11308,4.0682, 831.74, 1230.8
   31440,   31500,17.268,9293.9,11521,4.0361, 856.45, 1252.1
   31500,   31560,16.246,9529.2,11678,3.9747, 877.63, 1267.8
   31560,   31620,22.148,10048,12313,4.3289, 924.31, 1331.3
   31620,   31680,13.95,10293,12506,3.837, 946.33, 1350.6
   31680,   31740,16.764,10331,12604,4.0058, 949.77, 1360.4
   31740,   31800,17.367,10433,12654,4.042, 958.97, 1365.4
   31800,   31860,28.447,10274,12478,4.7068, 944.64, 1347.8
