CampaignData_and_Merges/R0/CSL_MobileLab_Parked/raw/20240728/USOS-Picarro-CO2-CH4-CO-H2O_MobileLabGround_20240728_R0.ict
38, 1001
Ilana Pollack, Nell Schafer, and Jeff Peischl
NOAA Chemical Sciences Laboratory
Picarro 2401-m CO2/CH4/CO/H2O Analyzer
USOS
1, 1
2024, 07, 28, 2024, 11, 20
0
StartTime_UTC, seconds_past_midnight, seconds past midnight
5
1, 1, 1, 1, 1
-9999, -9999, -9999, -9999, -9999
StopTime_UTC, seconds_past_midnight, seconds past midnight
CO2_ppm_1min, ppm, Gas_CO2_InSitu_S_DMF, carbon dioxide mixing ratio
CH4_ppb_1min, ppb, Gas_CH4_InSitu_S_DMF, methane mixing ratio
CO_ppb_1min, ppb, Gas_CO_InSitu_S_DMF, carbon monoxide mixing ratio
H2O_ppmv_1min, ppmv, Met_H2OMRV_InSitu_S_AVMR, water vapor mixing ratio
1
SPECIAL COMMENTS: N/A
18
PI_CONTACT_INFO: Address: NOAA Chemical Sciences Laboratory, Mail Stop CSL7, 325 Broadway, Boulder, CO 80305; Email: Ilana.Pollack@noaa.gov
PLATFORM: NOAA CSL Mobile Laboratory
LOCATION: The mobile lab was stationed in Salt Lake City, Utah.
ASSOCIATED_DATA: N/A
INSTRUMENT_INFO: CO2, CH4, and CO are reported as dry air mole fractions using a commercial wavelength-scanned cavity ring-down analyzer (Picarro 2401-m). An in-field calibration gas standard of 432±0.07 ppm CO2, 2095±1 ppb CH4, and 183±1 ppb CO, calibrated in the Boulder laboratories before and after the field project using primary CO2, CH4, and CO standard tanks tied to the WMO standard (X2019, X2004A, and X2014A, respectively) from the Global Monitoring Laboratory (GML), was delivered to the inlet every 2-3 days to evaluate instrument sensitivity. A H2O measurement was calibrated before the project with a Dew Point Mirror 373 hygrometer. The water correction calculated from these calibrations was applied to the H2O measurement for the entire campaign. Species are measured at 0.5 Hz and reported as 1-minute averages for stationary measurements.
DATA_INFO: Units: CO2, ppm, dry air mole fraction; CH4, ppb, dry air mole fraction; CO, ppb, dry air mole fraction; H2O, ppmv
UNCERTAINTY: Total uncertainties are estimated as ±0.1 ppm for CO2, ±1 ppb for CH4, ±5 ppb for CO, and ±(50 ppm + 4%) for H2O.
ULOD_FLAG: -7777
ULOD_VALUE: N/A
LLOD_FLAG: -8888
LLOD_VALUE: N/A
DM_CONTACT_INFO: Data Manager: Nathan Howard; nathan.h.howard@noaa.gov
PROJECT_INFO: USOS Dates of Study: July – August 2024
STIPULATIONS_ON_USE: Use of these data require prior ok from PI.
OTHER_COMMENTS: Data are averaged to 1 minute intervals. Stationary data collected from a 10 ft tower on top of the mobile van.
REVISION: R0
R0: Final Data
StartTime_UTC, StopTime_UTC, CO2_ppm_1min, CH4_ppb_1min, CO_ppb_1min, H2O_ppmv_1min
[from data line 1168]
70080,70140,-9999,-9999,-9999,-9999
70140,70200,-9999,-9999,-9999,-9999
70200,70260,-9999,-9999,-9999,-9999
70260,70320,-9999,-9999,-9999,-9999
70320,70380,-9999,-9999,-9999,-9999
70380,70440,-9999,-9999,-9999,-9999
70440,70500,-9999,-9999,-9999,-9999
70500,70560,-9999,-9999,-9999,-9999
70560,70620,-9999,-9999,-9999,-9999
70620,70680,-9999,-9999,-9999,-9999
70680,70740,-9999,-9999,-9999,-9999
70740,70800,-9999,-9999,-9999,-9999
70800,70860,-9999,-9999,-9999,-9999
70860,70920,-9999,-9999,-9999,-9999
70920,70980,-9999,-9999,-9999,-9999
70980,71040,-9999,-9999,-9999,-9999
71040,71100,-9999,-9999,-9999,-9999
71100,71160,-9999,-9999,-9999,-9999
71160,71220,-9999,-9999,-9999,-9999
71220,71280,-9999,-9999,-9999,-9999
71280,71340,-9999,-9999,-9999,-9999
71340,71400,-9999,-9999,-9999,-9999
71400,71460,-9999,-9999,-9999,-9999
71460,71520,-9999,-9999,-9999,-9999
71520,71580,-9999,-9999,-9999,-9999
71580,71640,-9999,-9999,-9999,-9999
71640,71700,-9999,-9999,-9999,-9999
71700,71760,-9999,-9999,-9999,-9999
71760,71820,-9999,-9999,-9999,-9999
71820,71880,-9999,-9999,-9999,-9999
71880,71940,-9999,-9999,-9999,-9999
71940,72000,-9999,-9999,-9999,-9999
72000,72060,-9999,-9999,-9999,-9999
72060,72120,-9999,-9999,-9999,-9999
72120,72180,-9999,-9999,-9999,-9999
72180,72240,-9999,-9999,-9999,-9999
72240,72300,-9999,-9999,-9999,-9999
72300,72360,-9999,-9999,-9999,-9999
72360,72420,-9999,-9999,-9999,-9999
72420,72480,-9999,-9999,-9999,-9999
72480,72540,-9999,-9999,-9999,-9999
72540,72600,-9999,-9999,-9999,-9999
72600,72660,-9999,-9999,-9999,-9999
72660,72720,-9999,-9999,-9999,-9999
72720,72780,-9999,-9999,-9999,-9999
72780,72840,-9999,-9999,-9999,-9999
72840,72900,-9999,-9999,-9999,-9999
72900,72960,-9999,-9999,-9999,-9999
72960,73020,-9999,-9999,-9999,-9999
73020,73080,-9999,-9999,-9999,-9999
73080,73140,-9999,-9999,-9999,-9999
73140,73200,-9999,-9999,-9999,-9999
73200,73260,-9999,-9999,-9999,-9999
73260,73320,-9999,-9999,-9999,-9999
73320,73380,-9999,-9999,-9999,-9999
73380,73440,-9999,-9999,-9999,-9999
73440,73500,-9999,-9999,-9999,-9999
73500,73560,-9999,-9999,-9999,-9999
73560,73620,-9999,-9999,-9999,-9999
73620,73680,-9999,-9999,-9999,-9999
73680,73740,-9999,-9999,-9999,-9999
73740,73800,-9999,-9999,-9999,-9999
73800,73860,-9999,-9999,-9999,-9999
73860,73920,-9999,-9999,-9999,-9999
73920,73980,-9999,-9999,-9999,-9999
73980,74040,-9999,-9999,-9999,-9999
74040,74100,-9999,-9999,-9999,-9999
74100,74160,-9999,-9999,-9999,-9999
74160,74220,-9999,-9999,-9999,-9999
74220,74280,-9999,-9999,-9999,-9999
74280,74340,-9999,-9999,-9999,-9999
74340,74400,-9999,-9999,-9999,-9999
74400,74460,-9999,-9999,-9999,-9999
74460,74520,-9999,-9999,-9999,-9999
74520,74580,-9999,-9999,-9999,-9999
74580,74640,-9999,-9999,-9999,-9999
74640,74700,-9999,-9999,-9999,-9999
74700,74760,-9999,-9999,-9999,-9999
74760,74820,-9999,-9999,-9999,-9999
74820,74880,-9999,-9999,-9999,-9999
74880,74940,-9999,-9999,-9999,-9999
74940,75000,-9999,-9999,-9999,-9999
75000,75060,-9999,-9999,-9999,-9999
75060,75120,-9999,-9999,-9999,-9999
75120,75180,-9999,-9999,-9999,-9999
75180,75240,-9999,-9999,-9999,-9999
75240,75300,-9999,-9999,-9999,-9999
75300,75360,-9999,-9999,-9999,-9999
75360,75420,-9999,-9999,-9999,-9999
75420,75480,-9999,-9999,-9999,-9999
75480,75540,-9999,-9999,-9999,-9999
75540,75600,-9999,-9999,-9999,-9999
75600,75660,-9999,-9999,-9999,-9999
75660,75720,-9999,2023.0,172.0,11025.3682
75720,75780,-9999,2022.8,168.0,11435.0449
75780,75840,-9999,2021.5,173.6,11698.5254
75840,75900,-9999,2017.2,169.7,11165.5410
75900,75960,-9999,2013.5,164.2,10987.8701
75960,76020,-9999,2012.5,163.5,10997.3613
76020,76080,-9999,2010.2,159.8,10517.4063
76080,76140,-9999,2010.7,159.6,10389.3057
76140,76200,-9999,2010.9,161.3,10886.5195
76200,76260,-9999,2012.3,163.5,11606.8369
76260,76320,-9999,2012.8,165.7,11449.1445
76320,76380,-9999,2013.2,166.4,11412.3711
76380,76440,433.48,2012.5,166.9,11064.4111
76440,76500,433.45,2014.3,167.1,11018.0947
76500,76560,432.97,2015.7,167.0,11462.8555
76560,76620,432.72,2014.7,167.8,11380.8076
76620,76680,432.40,2014.4,164.9,11759.0830
76680,76740,432.90,2014.8,168.2,11942.0039
76740,76800,433.96,2014.7,169.1,12018.0947
76800,76860,433.94,2014.4,173.4,12176.2021
76860,76920,434.24,2013.6,171.4,12147.4629
76920,76980,434.43,2014.0,173.3,12254.7725
76980,77040,433.69,2013.3,172.1,12229.4307
77040,77100,432.27,2009.1,168.5,11988.0068
77100,77160,431.57,2004.5,164.1,11404.1045
77160,77220,431.69,2001.7,161.2,10923.1924
77220,77280,431.85,2001.9,161.6,11262.1533
77280,77340,432.20,2004.7,163.4,11242.9834
77340,77400,431.76,2005.8,164.7,11941.3701
77400,77460,431.81,2007.1,166.2,12340.7334
77460,77520,432.04,2003.3,163.2,11771.9375
77520,77580,431.65,2001.4,160.5,11531.5703
77580,77640,431.14,2002.1,160.8,11710.7246
77640,77700,430.99,2002.4,161.6,11916.4346
77700,77760,431.33,2002.0,164.7,11590.3408
77760,77820,431.46,2003.1,164.1,12087.5264
77820,77880,432.05,2002.5,166.1,11612.7588
77880,77940,432.09,2003.4,165.5,11988.0332
77940,78000,432.17,2006.3,173.0,12139.8535
78000,78060,432.43,2006.6,169.6,12411.4004
78060,78120,431.87,2006.7,168.2,12584.9297
78120,78180,431.79,2006.8,173.0,12676.6113
78180,78240,431.71,2004.9,172.7,12200.0273
78240,78300,432.13,2001.5,170.5,11627.3457
78300,78360,432.51,1999.2,165.7,11548.4717
78360,78420,433.21,2001.3,166.0,11485.0889
78420,78480,432.84,2003.1,167.5,11713.1826
78480,78540,432.35,2004.7,169.6,12150.0957
78540,78600,432.33,2005.2,169.0,12213.4336
78600,78660,431.93,2001.3,166.7,11434.0381
78660,78720,431.95,2000.2,165.8,11185.8857
78720,78780,431.74,2001.6,166.1,11658.4932
78780,78840,431.49,2004.3,166.8,11918.7842
78840,78900,431.48,2005.1,165.6,12083.9473
78900,78960,431.52,2005.0,166.2,12430.7227
78960,79020,431.36,2000.0,164.1,11514.7852
79020,79080,430.91,1998.5,162.4,11296.5303
79080,79140,430.89,1998.9,163.0,11439.9629
79140,79200,430.89,2000.0,163.1,11614.3076
79200,79260,430.90,2001.2,166.8,12037.9717
79260,79320,431.01,2001.1,164.6,11876.9150
79320,79380,430.85,2000.7,164.9,11992.9102
79380,79440,430.73,2001.6,165.4,12383.6172
79440,79500,431.51,2002.8,165.5,12122.1494
79500,79560,431.61,2002.8,164.3,12151.3184
79560,79620,431.42,2000.9,164.0,11842.0977
79620,79680,431.22,2001.9,163.1,11829.1162
79680,79740,431.25,2003.5,165.2,12208.1025
79740,79800,431.18,2002.2,164.7,12245.0557
79800,79860,431.21,2000.5,163.8,12006.2754
79860,79920,431.16,1997.2,162.3,11414.1328
79920,79980,431.13,1995.5,161.0,11074.5635
79980,80040,431.55,1996.6,162.3,11337.8564
80040,80100,430.99,1996.8,161.7,11518.0596
80100,80160,430.73,1996.3,163.5,11614.4707
80160,80220,430.93,1995.8,161.9,11150.2041
80220,80280,430.89,1999.2,169.3,11735.8623
80280,80340,430.80,2000.9,217.0,12098.8506
80340,80400,430.75,2001.3,178.3,12301.2441
80400,80460,430.76,2000.7,164.6,12203.3779
80460,80520,430.90,2000.7,164.6,12232.9580
80520,80580,430.68,2000.6,165.9,11991.7373
80580,80640,430.89,1999.6,167.0,11603.8301
80640,80700,430.84,2000.1,165.2,11815.0234
80700,80760,431.15,1997.7,163.5,11356.3770
80760,80820,430.46,1994.0,160.8,11151.0576
80820,80880,430.21,1991.8,158.4,10939.1543
80880,80940,430.51,1990.8,159.8,10793.3359
80940,81000,429.95,1992.2,160.6,11320.5752
81000,81060,430.55,1992.8,161.1,11020.1084
81060,81120,430.41,1991.9,160.5,11024.8613
81120,81180,430.85,1994.8,165.6,11480.3818
81180,81240,431.54,1996.0,164.5,11314.2412
81240,81300,431.65,1998.3,166.0,11524.3516
81300,81360,431.75,1997.5,167.3,11343.5625
81360,81420,431.83,1998.4,168.8,11468.1309
81420,81480,431.70,1997.7,168.1,11498.2588
81480,81540,431.39,1994.3,166.7,11006.9580
81540,81600,431.03,1992.8,166.3,10961.6563
81600,81660,430.87,1989.7,163.7,10528.4609
81660,81720,430.73,1987.3,162.3,10171.3994
81720,81780,430.57,1993.3,171.7,11318.4346
81780,81840,430.54,1994.8,164.6,11071.6709
81840,81900,430.20,1996.9,163.2,11382.3535
81900,81960,430.12,1997.5,164.9,11560.3359
81960,82020,430.59,1995.9,164.7,11324.8174
82020,82080,430.20,1997.4,165.1,12015.0830
82080,82140,430.40,1998.9,166.9,12563.8057
82140,82200,431.50,1997.7,168.4,12230.2080
82200,82260,431.98,1996.2,166.7,12110.6445
82260,82320,432.19,1994.7,165.7,11674.4785
82320,82380,432.28,1994.7,210.6,11765.9570
82380,82440,431.48,1994.8,187.4,12122.7363
82440,82500,431.10,1995.3,170.3,12574.5791
82500,82560,430.95,1994.5,167.9,12017.2900
82560,82620,431.51,1996.3,167.3,12302.9697
82620,82680,431.54,1997.5,169.8,12654.7188
82680,82740,431.35,1998.7,170.2,12606.7920
82740,82800,431.32,1996.8,167.2,12433.5488
82800,82860,431.63,1995.7,167.0,12119.9316
82860,82920,431.71,1997.3,168.2,12575.9775
82920,82980,431.38,1997.6,171.2,12524.5576
82980,83040,431.17,1997.6,170.5,12630.3984
83040,83100,430.96,1996.0,170.3,12477.3096
83100,83160,430.76,1993.5,167.4,12136.0830
83160,83220,430.87,1991.2,165.2,11527.5391
83220,83280,430.89,1990.9,165.0,11574.9238
83280,83340,430.84,1992.0,167.3,11968.1787
83340,83400,430.92,1992.3,167.1,12274.7275
83400,83460,430.43,1990.0,164.5,11708.7852
83460,83520,430.33,1990.3,170.7,11593.5518
83520,83580,430.38,1990.3,164.4,11733.2236
83580,83640,430.30,1990.0,162.6,11212.2764
83640,83700,430.06,1991.2,163.1,11465.8721
83700,83760,430.48,1991.5,164.9,11418.9570
83760,83820,430.71,1992.3,164.5,11307.9307
83820,83880,430.81,1993.0,165.2,11435.8877
83880,83940,431.11,1994.0,166.3,11307.6436
83940,84000,430.70,1994.3,167.1,11407.8652
84000,84060,430.82,1994.9,169.7,11577.3027
84060,84120,431.35,1995.6,170.1,11538.8848
84120,84180,431.09,1995.3,169.0,11493.5986
84180,84240,430.91,1995.7,168.2,11706.2510
84240,84300,431.44,1994.8,166.0,11427.6211
84300,84360,431.51,1994.5,167.1,11406.4590
84360,84420,430.74,1992.6,168.2,11186.6279
84420,84480,430.47,1991.7,166.8,10776.3213
84480,84540,430.11,1991.2,163.2,10633.8154
84540,84600,430.41,1990.5,166.8,10809.2803
84600,84660,430.38,1990.4,169.5,10825.9326
84660,84720,430.13,1989.9,165.7,10144.5947
84720,84780,430.12,1992.6,166.3,10942.5869
84780,84840,430.24,1994.6,165.6,10806.7910
84840,84900,430.18,1996.0,166.3,11275.0469
84900,84960,430.84,1998.1,171.9,11449.6914
84960,85020,430.84,1995.6,173.8,11023.1504
85020,85080,431.15,1997.9,169.7,11038.2471
85080,85140,431.37,2001.0,167.7,11233.7969
85140,85200,432.59,2001.6,173.4,11586.5469
85200,85260,430.89,1999.3,165.2,11011.8994
85260,85320,430.89,2001.5,169.6,11359.3076
85320,85380,430.76,2000.5,170.2,11524.3926
85380,85440,431.10,1999.5,169.9,11194.0059
85440,85500,431.56,2001.1,175.2,11687.7715
85500,85560,431.25,2000.1,172.7,11483.4199
85560,85620,432.06,1999.7,172.5,11193.0078
85620,85680,430.39,2000.1,183.4,11453.6582
85680,85740,430.52,1996.0,178.6,10584.0967
85740,85800,430.71,1990.7,172.6,10089.4141
85800,85860,429.14,1986.0,167.3,9749.2803
85860,85920,428.39,1985.6,162.6,9503.5137
85920,85980,428.41,1985.4,163.5,9656.8154
85980,86040,428.62,1986.3,165.8,9912.5918
86040,86100,428.73,1987.8,167.1,10214.8418
86100,86160,430.18,1988.3,170.2,10928.7754
86160,86220,429.05,1989.3,168.6,10354.1924
86220,86280,428.86,1986.4,165.9,9958.1387
86280,86340,429.91,1991.2,168.4,10526.0576
86340,86400,430.08,1992.7,166.3,10834.3643
