CampaignData_and_Merges/R0/CSL_MobileLab_Parked/raw/20240728/USOS-jNO2_MobileLabGround_20240728_R0.ict
52,1001
Waxman, E.; Rollins, A.; Zuraski, K.; Chace, W.
NOAA Chemical Sciences Laboratory
jNO2 filter radiometer on CSL Mobile Lab
AMMBEC / USOS
1, 1
2024,07,28, 2025,04,01
60
Time_Start, seconds, number_of_seconds_since_0000_UTC
20
1, 1, 1, 1, 1, 1, 1, 1, 1, 1, 1, 1, 1, 1, 1, 1, 1, 1, 1, 1
-9999, -9999, -9999, -9999, -9999, -9999, -9999, -9999, -9999, -9999, -9999, -9999, -9999, -9999, -9999, -9999, -9999, -9999, -9999, -9999
Time_Stop, seconds, number_of_seconds_since_0000_UTC
jNO2_meas, per second, photolysis rate of NO2 measured using a filter radiometer.
jBrCl, per second, photolysis rate of BrCl -> Br + Cl calculated in TUV for cloud-free sky with local AOD
jBr2, per second, photolysis rate of Br2 -> Br + Br calculated in TUV for cloud-free sky with local AOD
jCCl4, per second, photolysis rate of CCl4 -> Products calcualted in TUV for cloud-free sky with local AOD
jCH2Oa, per second, photolysis rate of CH2O -> H + HCO calculated in TUV for cloud-free sky with local AOD
jCH2Ob, per second, photolysis rate of CH2O -> H2 + CO calculated in TUV for cloud-free sky with local AOD
jClNO2, per second, photolysis rate of ClNO2 -> Cl + NO2 calculated in TUV for cloud-free sky with local AOD
jClOa, per second, photolysis rate of ClO -> Cl + O(1D) calculated in TUV for cloud-free sky with local AOD
jClOb, per second, photolysis rate of ClO -> Cl + O(3P) calculated in TUV for cloud-free sky with local AOD
jCl2, per second, photolysis rate of Cl2 -> Cl + Cl calculated in TUV for cloud-free sky with local AOD
jHNO2, per second, photolysis rate of HNO2 -> OH + NO calculated in TUV for cloud-free sky with local AOD
jHNO3, per second, photolysis rate of HNO3 -> OH + NO2 calculated in TUV for cloud-free sky with local AOD
jI2, per second, photolysis rate of I2 -> I + I calculated in TUV for cloud-free sky with local AOD
jNO2, per second, photolysis rate of NO2 -> NO + O(3P) calculated in TUV for cloud-free sky with local AOD
jNO3a, per second, photolysis rate of NO3 -> NO + O2 calculated in TUV for cloud-free sky with local AOD
jNO3b, per second, photolysis rate of NO3 -> NO2 + O(3P) calculated in TUV for cloud-free sky with local AOD
jN2O5, per second, photolysis rate of N2O5 -> NO3 + NO + O(3P) calculated in TUV for cloud-free sky with local AOD
jO3, per second, photolysis rate of O3 -> O2 + O(1D) calculated in TUV for cloud-free sky with local AOD
AOD_500nm, unitless, UTC daily mean AOD at 500 nm from an AERONET station located at 40.178 N, -112.452 E
0
18
PI_CONTACT_INFO: eleanor.waxman@noaa.gov
PLATFORM: CSL Mobile Lab, at ground site
LOCATION: Salt Lake City, UT
ASSOCIATED_DATA:
INSTRUMENT_INFO: jNO2 filter radiometer.  TUV calculations are for mobile van lat/lon/altitude assuming clear sky (cloud AOD = 0) and daily mean AOD.
DATA_INFO:
UNCERTAINTY: Data uncertainties are +/- 20%.  These come from uncertainties in radiometer angular response, radiometer thermal response, local interferences from clouds/aerosols/shadows etc.
ULOD_FLAG: -7777
ULOD_VALUE: N/A
LLOD_FLAG: -8888
LLOD_VALUE: N/A
DM_CONTACT_INFO: eleanor.waxman@noaa.gov
PROJECT_INFO: USOS Project, July - August 2024
STIPULATIONS_ON_USE: Users are strongly encouraged to contact the PI for proper data usage.
OTHER_COMMENTS: 
REVISION: R0
R0: final data
Time_Start, Time_Stop, jNO2_meas, jBrCl, jBr2, jCCl4, jCH2Oa, jCH2Ob, jClNO2, jClOa, jClOb, jCl2, jHNO2, jHNO3, jI2, jNO2, jNO3a, jNO3b, jN2O5, jO3, AOD_500nm
[from data line 955]
   57300,   57360,-9999,0.008388,0.0266,5.358e-25,1.898e-05,3.143e-05,0.0003123,1.899e-25,1.994e-05,0.00162,0.001084,2.981e-07,0.09894,0.006801,0.01968,0.1549,2.688e-05,1.27e-05,0.356
   57360,   57420,-9999,0.008413,0.02666,5.502e-25,1.909e-05,3.159e-05,0.0003138,1.953e-25,2.013e-05,0.001626,0.001088,3.003e-07,0.09915,0.006826,0.01972,0.1552,2.701e-05,1.283e-05,0.356
   57420,   57480,-9999,0.008439,0.02673,5.663e-25,1.921e-05,3.174e-05,0.0003153,2.012e-25,2.034e-05,0.001633,0.001092,3.027e-07,0.09937,0.006851,0.01976,0.1555,2.716e-05,1.296e-05,0.356
   57480,   57540,-9999,0.008465,0.0268,5.83e-25,1.933e-05,3.19e-05,0.0003169,2.074e-25,2.055e-05,0.00164,0.001096,3.051e-07,0.09958,0.006877,0.01979,0.1559,2.73e-05,1.31e-05,0.356
   57540,   57600,-9999,0.00849,0.02687,5.993e-25,1.945e-05,3.205e-05,0.0003183,2.134e-25,2.075e-05,0.001647,0.0011,3.073e-07,0.09978,0.0069,0.01983,0.1562,2.744e-05,1.323e-05,0.356
   57600,   57660,-9999,0.008515,0.02694,6.172e-25,1.956e-05,3.221e-05,0.0003198,2.201e-25,2.096e-05,0.001653,0.001105,3.097e-07,0.09999,0.006925,0.01986,0.1565,2.758e-05,1.337e-05,0.356
   57660,   57720,-9999,0.008541,0.02701,6.358e-25,1.968e-05,3.236e-05,0.0003214,2.27e-25,2.117e-05,0.00166,0.001109,3.12e-07,0.1002,0.00695,0.0199,0.1568,2.773e-05,1.351e-05,0.356
   57720,   57780,-9999,0.008565,0.02707,6.54e-25,1.98e-05,3.251e-05,0.0003228,2.338e-25,2.137e-05,0.001667,0.001113,3.143e-07,0.1004,0.006974,0.01993,0.1571,2.786e-05,1.364e-05,0.356
   57780,   57840,-9999,0.00859,0.02714,6.74e-25,1.991e-05,3.266e-05,0.0003243,2.414e-25,2.158e-05,0.001673,0.001117,3.166e-07,0.1006,0.006998,0.01997,0.1574,2.8e-05,1.378e-05,0.356
   57840,   57900,-9999,0.008615,0.0272,6.949e-25,2.003e-05,3.282e-05,0.0003258,2.492e-25,2.179e-05,0.00168,0.001121,3.19e-07,0.1008,0.007022,0.02,0.1577,2.814e-05,1.392e-05,0.356
   57900,   57960,-9999,0.008638,0.02726,7.152e-25,2.014e-05,3.296e-05,0.0003272,2.569e-25,2.199e-05,0.001686,0.001125,3.212e-07,0.101,0.007045,0.02003,0.158,2.828e-05,1.405e-05,0.356
   57960,   58020,-9999,0.008662,0.02733,7.377e-25,2.026e-05,3.311e-05,0.0003287,2.654e-25,2.22e-05,0.001693,0.001129,3.235e-07,0.1012,0.007069,0.02007,0.1582,2.842e-05,1.419e-05,0.356
   58020,   58080,-9999,0.008686,0.02739,7.61e-25,2.037e-05,3.326e-05,0.0003301,2.743e-25,2.241e-05,0.001699,0.001133,3.259e-07,0.1014,0.007093,0.0201,0.1585,2.856e-05,1.434e-05,0.356
   58080,   58140,-9999,0.008709,0.02745,7.839e-25,2.048e-05,3.341e-05,0.0003315,2.83e-25,2.261e-05,0.001705,0.001137,3.281e-07,0.1016,0.007115,0.02013,0.1588,2.869e-05,1.447e-05,0.356
   58140,   58200,-9999,0.008733,0.02752,8.091e-25,2.06e-05,3.355e-05,0.000333,2.926e-25,2.283e-05,0.001712,0.001141,3.304e-07,0.1018,0.007139,0.02016,0.1591,2.882e-05,1.461e-05,0.356
   58200,   58260,-9999,0.008757,0.02758,8.354e-25,2.072e-05,3.37e-05,0.0003344,3.027e-25,2.304e-05,0.001718,0.001145,3.328e-07,0.102,0.007162,0.02019,0.1594,2.896e-05,1.475e-05,0.356
   58260,   58320,-9999,0.008779,0.02764,8.61e-25,2.082e-05,3.384e-05,0.0003358,3.126e-25,2.324e-05,0.001724,0.001149,3.35e-07,0.1021,0.007184,0.02022,0.1596,2.909e-05,1.488e-05,0.356
   58320,   58380,-9999,0.008802,0.0277,8.894e-25,2.094e-05,3.399e-05,0.0003372,3.235e-25,2.345e-05,0.001731,0.001153,3.373e-07,0.1023,0.007207,0.02026,0.1599,2.923e-05,1.503e-05,0.356
   58380,   58440,-9999,0.008825,0.02776,9.189e-25,2.105e-05,3.414e-05,0.0003386,3.35e-25,2.366e-05,0.001737,0.001156,3.396e-07,0.1025,0.00723,0.02029,0.1602,2.936e-05,1.517e-05,0.356
   58440,   58500,-9999,0.008847,0.02781,9.479e-25,2.116e-05,3.427e-05,0.00034,3.463e-25,2.387e-05,0.001743,0.00116,3.418e-07,0.1027,0.007251,0.02032,0.1604,2.949e-05,1.53e-05,0.356
   58500,   58560,-9999,0.008869,0.02787,9.799e-25,2.127e-05,3.442e-05,0.0003414,3.587e-25,2.408e-05,0.001749,0.001164,3.441e-07,0.1029,0.007273,0.02035,0.1607,2.962e-05,1.544e-05,0.356
   58560,   58620,-9999,0.008892,0.02793,1.013e-24,2.138e-05,3.456e-05,0.0003428,3.718e-25,2.429e-05,0.001755,0.001168,3.464e-07,0.103,0.007296,0.02038,0.161,2.976e-05,1.558e-05,0.356
   58620,   58680,-9999,0.008913,0.02799,1.046e-24,2.149e-05,3.47e-05,0.0003441,3.846e-25,2.449e-05,0.001761,0.001171,3.486e-07,0.1032,0.007317,0.0204,0.1612,2.988e-05,1.572e-05,0.356
   58680,   58740,-9999,0.008935,0.02805,1.082e-24,2.16e-05,3.484e-05,0.0003455,3.989e-25,2.471e-05,0.001767,0.001175,3.509e-07,0.1034,0.007339,0.02043,0.1615,3.002e-05,1.586e-05,0.356
   58740,   58800,-9999,0.008957,0.0281,1.12e-24,2.171e-05,3.498e-05,0.0003469,4.139e-25,2.492e-05,0.001773,0.001179,3.532e-07,0.1036,0.00736,0.02046,0.1617,3.015e-05,1.6e-05,0.356
   58800,   58860,-9999,0.008977,0.02816,1.157e-24,2.182e-05,3.511e-05,0.0003482,4.286e-25,2.512e-05,0.001779,0.001182,3.554e-07,0.1037,0.007381,0.02049,0.162,3.027e-05,1.614e-05,0.356
   58860,   58920,-9999,0.008999,0.02821,1.198e-24,2.193e-05,3.525e-05,0.0003495,4.45e-25,2.533e-05,0.001785,0.001186,3.577e-07,0.1039,0.007402,0.02052,0.1622,3.04e-05,1.628e-05,0.356
   58920,   58980,-9999,0.00902,0.02827,1.241e-24,2.204e-05,3.539e-05,0.0003509,4.621e-25,2.555e-05,0.001791,0.00119,3.599e-07,0.1041,0.007423,0.02055,0.1625,3.053e-05,1.642e-05,0.356
   58980,   59040,-9999,0.00904,0.02832,1.283e-24,2.214e-05,3.552e-05,0.0003521,4.791e-25,2.575e-05,0.001796,0.001193,3.621e-07,0.1042,0.007443,0.02057,0.1627,3.065e-05,1.656e-05,0.356
   59040,   59100,-9999,0.009061,0.02838,1.33e-24,2.225e-05,3.566e-05,0.0003535,4.979e-25,2.596e-05,0.001802,0.001197,3.644e-07,0.1044,0.007464,0.0206,0.1629,3.078e-05,1.67e-05,0.356
   59100,   59160,-9999,0.009082,0.02843,1.378e-24,2.236e-05,3.58e-05,0.0003548,5.177e-25,2.617e-05,0.001808,0.0012,3.666e-07,0.1045,0.007485,0.02063,0.1632,3.091e-05,1.684e-05,0.356
   59160,   59220,-9999,0.009101,0.02848,1.426e-24,2.246e-05,3.592e-05,0.0003561,5.372e-25,2.637e-05,0.001813,0.001204,3.687e-07,0.1047,0.007505,0.02065,0.1634,3.103e-05,1.697e-05,0.356
   59220,   59280,-9999,0.009122,0.02853,1.48e-24,2.257e-05,3.606e-05,0.0003574,5.59e-25,2.659e-05,0.001819,0.001207,3.71e-07,0.1049,0.007525,0.02068,0.1636,3.116e-05,1.712e-05,0.356
   59280,   59340,-9999,0.009142,0.02859,1.535e-24,2.267e-05,3.619e-05,0.0003587,5.817e-25,2.68e-05,0.001825,0.001211,3.732e-07,0.105,0.007545,0.02071,0.1639,3.128e-05,1.726e-05,0.356
   59340,   59400,-9999,0.009161,0.02864,1.59e-24,2.277e-05,3.632e-05,0.0003599,6.043e-25,2.7e-05,0.00183,0.001214,3.754e-07,0.1052,0.007565,0.02073,0.1641,3.14e-05,1.739e-05,0.356
   59400,   59460,-9999,0.009181,0.02869,1.651e-24,2.288e-05,3.645e-05,0.0003612,6.295e-25,2.721e-05,0.001836,0.001217,3.776e-07,0.1053,0.007585,0.02076,0.1643,3.152e-05,1.754e-05,0.356
   59460,   59520,-9999,0.009201,0.02874,1.715e-24,2.298e-05,3.658e-05,0.0003625,6.56e-25,2.742e-05,0.001841,0.001221,3.798e-07,0.1055,0.007604,0.02078,0.1645,3.165e-05,1.768e-05,0.356
   59520,   59580,-9999,0.009219,0.02879,1.778e-24,2.308e-05,3.671e-05,0.0003637,6.823e-25,2.762e-05,0.001847,0.001224,3.819e-07,0.1056,0.007623,0.0208,0.1648,3.176e-05,1.781e-05,0.356
   59580,   59640,-9999,0.009238,0.02884,1.848e-24,2.319e-05,3.684e-05,0.000365,7.115e-25,2.783e-05,0.001852,0.001227,3.841e-07,0.1058,0.007642,0.02083,0.165,3.189e-05,1.795e-05,0.356
   59640,   59700,-9999,0.009258,0.02889,1.922e-24,2.329e-05,3.697e-05,0.0003662,7.423e-25,2.805e-05,0.001858,0.001231,3.863e-07,0.1059,0.007662,0.02085,0.1652,3.201e-05,1.81e-05,0.356
   59700,   59760,-9999,0.009275,0.02893,1.994e-24,2.339e-05,3.709e-05,0.0003674,7.729e-25,2.825e-05,0.001863,0.001234,3.884e-07,0.1061,0.00768,0.02088,0.1654,3.212e-05,1.823e-05,0.356
   59760,   59820,-9999,0.009294,0.02898,2.075e-24,2.349e-05,3.721e-05,0.0003686,8.071e-25,2.846e-05,0.001868,0.001237,3.906e-07,0.1062,0.007699,0.0209,0.1656,3.224e-05,1.837e-05,0.356
   59820,   59880,-9999,0.009313,0.02903,2.16e-24,2.359e-05,3.734e-05,0.0003699,8.431e-25,2.867e-05,0.001873,0.00124,3.928e-07,0.1063,0.007718,0.02092,0.1658,3.236e-05,1.851e-05,0.356
   59880,   59940,-9999,0.009331,0.02907,2.244e-24,2.369e-05,3.746e-05,0.000371,8.789e-25,2.887e-05,0.001878,0.001243,3.949e-07,0.1065,0.007736,0.02095,0.166,3.248e-05,1.865e-05,0.356
   59940,   60000,-9999,0.009349,0.02912,2.337e-24,2.379e-05,3.758e-05,0.0003723,9.187e-25,2.908e-05,0.001884,0.001246,3.97e-07,0.1066,0.007754,0.02097,0.1662,3.259e-05,1.879e-05,0.356
   60000,   60060,-9999,0.009367,0.02917,2.436e-24,2.389e-05,3.771e-05,0.0003735,9.61e-25,2.929e-05,0.001889,0.00125,3.992e-07,0.1068,0.007773,0.02099,0.1664,3.271e-05,1.893e-05,0.356
   60060,   60120,-9999,0.009384,0.02921,2.533e-24,2.398e-05,3.783e-05,0.0003746,1.003e-24,2.948e-05,0.001894,0.001253,4.012e-07,0.1069,0.00779,0.02101,0.1666,3.282e-05,1.906e-05,0.356
   60120,   60180,-9999,0.009402,0.02926,2.642e-24,2.408e-05,3.795e-05,0.0003758,1.05e-24,2.969e-05,0.001899,0.001256,4.034e-07,0.107,0.007808,0.02103,0.1668,3.294e-05,1.92e-05,0.356
   60180,   60240,-9999,0.00942,0.0293,2.757e-24,2.418e-05,3.807e-05,0.000377,1.1e-24,2.99e-05,0.001904,0.001259,4.055e-07,0.1072,0.007826,0.02106,0.167,3.305e-05,1.934e-05,0.356
   60240,   60300,-9999,0.009436,0.02934,2.871e-24,2.428e-05,3.818e-05,0.0003781,1.149e-24,3.01e-05,0.001909,0.001262,4.075e-07,0.1073,0.007843,0.02108,0.1672,3.316e-05,1.947e-05,0.356
   60300,   60360,-9999,0.009453,0.02939,2.989e-24,2.437e-05,3.83e-05,0.0003792,1.2e-24,3.028e-05,0.001914,0.001265,4.094e-07,0.1074,0.007861,0.0211,0.1674,3.327e-05,1.959e-05,0.356
   60360,   60420,-9999,0.009465,0.02942,3.097e-24,2.444e-05,3.839e-05,0.0003801,1.249e-24,3.046e-05,0.001917,0.001267,4.112e-07,0.1075,0.007872,0.02111,0.1675,3.336e-05,1.972e-05,0.356
   60420,   60480,-9999,0.009481,0.02946,3.227e-24,2.453e-05,3.85e-05,0.0003812,1.307e-24,3.066e-05,0.001922,0.00127,4.132e-07,0.1076,0.007889,0.02113,0.1677,3.346e-05,1.985e-05,0.356
   60480,   60540,-9999,0.009498,0.0295,3.374e-24,2.463e-05,3.861e-05,0.0003823,1.371e-24,3.086e-05,0.001927,0.001273,4.153e-07,0.1077,0.007906,0.02115,0.1679,3.357e-05,1.999e-05,0.356
   60540,   60600,-9999,0.009514,0.02954,3.528e-24,2.473e-05,3.873e-05,0.0003835,1.439e-24,3.107e-05,0.001932,0.001276,4.174e-07,0.1079,0.007923,0.02117,0.168,3.369e-05,2.013e-05,0.356
   60600,   60660,-9999,0.00953,0.02958,3.681e-24,2.481e-05,3.884e-05,0.0003845,1.507e-24,3.126e-05,0.001936,0.001278,4.193e-07,0.108,0.007939,0.02119,0.1682,3.379e-05,2.026e-05,0.356
   60660,   60720,-9999,0.009546,0.02963,3.853e-24,2.491e-05,3.895e-05,0.0003856,1.584e-24,3.146e-05,0.001941,0.001281,4.214e-07,0.1081,0.007956,0.02121,0.1684,3.39e-05,2.039e-05,0.356
   60720,   60780,-9999,0.009563,0.02967,4.034e-24,2.5e-05,3.907e-05,0.0003868,1.665e-24,3.167e-05,0.001946,0.001284,4.235e-07,0.1082,0.007973,0.02123,0.1686,3.401e-05,2.053e-05,0.356
   60780,   60840,-9999,0.009578,0.0297,4.214e-24,2.509e-05,3.918e-05,0.0003878,1.746e-24,3.186e-05,0.00195,0.001287,4.254e-07,0.1083,0.007988,0.02125,0.1687,3.411e-05,2.066e-05,0.356
   60840,   60900,-9999,0.009594,0.02975,4.417e-24,2.518e-05,3.929e-05,0.0003889,1.837e-24,3.206e-05,0.001955,0.00129,4.274e-07,0.1085,0.008005,0.02127,0.1689,3.422e-05,2.08e-05,0.356
   60900,   60960,-9999,0.00961,0.02979,4.63e-24,2.528e-05,3.94e-05,0.00039,1.933e-24,3.226e-05,0.00196,0.001292,4.295e-07,0.1086,0.008021,0.02129,0.1691,3.433e-05,2.093e-05,0.356
   60960,   61020,-9999,0.009624,0.02982,4.842e-24,2.536e-05,3.95e-05,0.000391,2.029e-24,3.245e-05,0.001964,0.001295,4.314e-07,0.1087,0.008036,0.0213,0.1692,3.443e-05,2.106e-05,0.356
   61020,   61080,-9999,0.00964,0.02986,5.081e-24,2.545e-05,3.962e-05,0.0003921,2.137e-24,3.265e-05,0.001969,0.001298,4.334e-07,0.1088,0.008052,0.02132,0.1694,3.453e-05,2.12e-05,0.356
   61080,   61140,-9999,0.009655,0.0299,5.333e-24,2.554e-05,3.972e-05,0.0003932,2.252e-24,3.285e-05,0.001973,0.001301,4.354e-07,0.1089,0.008068,0.02134,0.1696,3.464e-05,2.133e-05,0.356
   61140,   61200,-9999,0.009669,0.02994,5.584e-24,2.563e-05,3.983e-05,0.0003942,2.366e-24,3.304e-05,0.001977,0.001303,4.373e-07,0.109,0.008082,0.02136,0.1697,3.473e-05,2.146e-05,0.356
   61200,   61260,-9999,0.009684,0.02997,5.865e-24,2.572e-05,3.993e-05,0.0003952,2.495e-24,3.324e-05,0.001982,0.001306,4.393e-07,0.1091,0.008098,0.02138,0.1699,3.484e-05,2.159e-05,0.356
   61260,   61320,-9999,0.009699,0.03001,6.162e-24,2.581e-05,4.004e-05,0.0003963,2.631e-24,3.344e-05,0.001986,0.001308,4.412e-07,0.1092,0.008113,0.02139,0.17,3.494e-05,2.173e-05,0.356
   61320,   61380,-9999,0.009713,0.03005,6.458e-24,2.589e-05,4.014e-05,0.0003972,2.766e-24,3.362e-05,0.00199,0.001311,4.431e-07,0.1093,0.008128,0.02141,0.1702,3.504e-05,2.185e-05,0.356
   61380,   61440,-9999,0.009728,0.03008,6.791e-24,2.598e-05,4.025e-05,0.0003983,2.919e-24,3.382e-05,0.001995,0.001314,4.45e-07,0.1094,0.008143,0.02143,0.1703,3.514e-05,2.198e-05,0.356
   61440,   61500,-9999,0.009742,0.03012,7.142e-24,2.606e-05,4.035e-05,0.0003993,3.081e-24,3.402e-05,0.001999,0.001316,4.47e-07,0.1095,0.008158,0.02144,0.1705,3.524e-05,2.212e-05,0.356
   61500,   61560,-9999,0.009756,0.03015,7.491e-24,2.615e-05,4.045e-05,0.0004002,3.242e-24,3.42e-05,0.002003,0.001319,4.488e-07,0.1096,0.008172,0.02146,0.1706,3.533e-05,2.224e-05,0.356
   61560,   61620,-9999,0.00977,0.03019,7.881e-24,2.623e-05,4.055e-05,0.0004012,3.421e-24,3.439e-05,0.002007,0.001321,4.507e-07,0.1097,0.008186,0.02148,0.1708,3.543e-05,2.237e-05,0.356
   61620,   61680,-9999,0.009784,0.03022,8.289e-24,2.632e-05,4.065e-05,0.0004022,3.608e-24,3.458e-05,0.002011,0.001324,4.526e-07,0.1098,0.008201,0.02149,0.1709,3.553e-05,2.25e-05,0.356
   61680,   61740,-9999,0.009797,0.03026,8.688e-24,2.64e-05,4.075e-05,0.0004032,3.788e-24,3.476e-05,0.002015,0.001326,4.544e-07,0.1099,0.008215,0.02151,0.1711,3.562e-05,2.262e-05,0.356
   61740,   61800,-9999,0.00981,0.03029,9.133e-24,2.648e-05,4.085e-05,0.0004042,4e-24,3.495e-05,0.00202,0.001329,4.563e-07,0.11,0.008229,0.02152,0.1712,3.572e-05,2.274e-05,0.356
   61800,   61860,-9999,0.009824,0.03032,9.622e-24,2.656e-05,4.095e-05,0.0004051,4.248e-24,3.514e-05,0.002024,0.001331,4.582e-07,0.1101,0.008243,0.02154,0.1713,3.581e-05,2.287e-05,0.356
   61860,   61920,-9999,0.009837,0.03036,1.014e-23,2.664e-05,4.104e-05,0.000406,4.501e-24,3.531e-05,0.002027,0.001333,4.599e-07,0.1102,0.008256,0.02155,0.1715,3.59e-05,2.299e-05,0.356
   61920,   61980,-9999,0.00985,0.03039,1.072e-23,2.672e-05,4.114e-05,0.000407,4.773e-24,3.551e-05,0.002031,0.001336,4.618e-07,0.1103,0.00827,0.02157,0.1716,3.6e-05,2.312e-05,0.356
   61980,   62040,-9999,0.009863,0.03042,1.135e-23,2.681e-05,4.124e-05,0.0004079,5.068e-24,3.571e-05,0.002035,0.001338,4.637e-07,0.1104,0.008284,0.02158,0.1717,3.609e-05,2.326e-05,0.356
   62040,   62100,-9999,0.009875,0.03045,1.197e-23,2.688e-05,4.133e-05,0.0004088,5.361e-24,3.589e-05,0.002039,0.00134,4.654e-07,0.1105,0.008297,0.0216,0.1719,3.618e-05,2.338e-05,0.356
   62100,   62160,-9999,0.009888,0.03048,1.264e-23,2.696e-05,4.142e-05,0.0004098,5.663e-24,3.607e-05,0.002043,0.001343,4.672e-07,0.1106,0.00831,0.02161,0.172,3.627e-05,2.351e-05,0.356
   62160,   62220,-9999,0.009901,0.03052,1.337e-23,2.704e-05,4.152e-05,0.0004107,6.028e-24,3.627e-05,0.002047,0.001345,4.691e-07,0.1107,0.008323,0.02163,0.1721,3.637e-05,2.364e-05,0.356
   62220,   62280,-9999,0.009913,0.03054,1.408e-23,2.712e-05,4.161e-05,0.0004116,6.341e-24,3.644e-05,0.002051,0.001347,4.708e-07,0.1108,0.008336,0.02164,0.1722,3.645e-05,2.376e-05,0.356
   62280,   62340,-9999,0.009925,0.03058,1.48e-23,2.72e-05,4.17e-05,0.0004125,6.669e-24,3.666e-05,0.002054,0.001349,4.728e-07,0.1109,0.008349,0.02165,0.1724,3.655e-05,2.39e-05,0.356
   62340,   62400,-9999,0.009938,0.03061,1.575e-23,2.728e-05,4.179e-05,0.0004134,7.129e-24,3.682e-05,0.002058,0.001352,4.745e-07,0.1109,0.008362,0.02167,0.1725,3.663e-05,2.401e-05,0.356
   62400,   62460,-9999,0.009949,0.03063,1.641e-23,2.735e-05,4.188e-05,0.0004142,7.435e-24,3.7e-05,0.002062,0.001354,4.762e-07,0.111,0.008374,0.02168,0.1726,3.672e-05,2.414e-05,0.356
