CampaignData_and_Merges/R0/CSL_MobileLab_Parked/raw/20240728/USOS-PTR_MobileLabGround_20240728_R0.ict
58, 1001
Matthew Coggon, Kelvin Bates, Chelsea Stockwell, Carsten Warneke
NOAA ESRL Chemical Sciences Division
NOAA PTR-ToF-MS
USOS
1,1 
2024, 07, 28, 2025, 09, 19
0
Time_Start, seconds, number of seconds from 00:00 UTC 
22
1, 1, 1, 1, 1, 1, 1, 1, 1, 1, 1, 1, 1, 1, 1, 1, 1, 1, 1, 1, 1, 1
-9999, -9999, -9999, -9999, -9999, -9999, -9999, -9999, -9999, -9999, -9999, -9999, -9999, -9999, -9999, -9999, -9999, -9999, -9999, -9999, -9999, -9999
CH3OH_NOAAPTR_ppbv,  ppbv, Gas_CH3OH_InSitu_S_AVMR, (CH3OH) methanol
CH3CN_NOAAPTR_ppbv,  ppbv, Gas_CH3CN_InSitu_S_AVMR, (CH3CN) acetonitrile
CH3CHO_NOAAPTR_ppbv,  ppbv, Gas_CH3CHO_InSitu_S_AVMR, (CH3CHO) acetaldehyde plus contributions from ethylene glycol and ethylene oxide. Interference from ethanol has been subtracted out.
C2H5OH_NOAAPTR_ppbv,  ppbv, Gas_C2H5OH_InSitu_S_AVMR, (C2H5OH) ethanol
CH3SH_NOAAPTR_ppbv,  ppbv, Gas_CH3SH_InSitu_S_AVMR, (CH3SH) methanethiol, using calibration factor for DMS
Acrolein_NOAAPTR_ppbv,  ppbv, Gas_Acrolein_InSitu_S_AVMR, (C3H4O) acrolein
AcetonePropanal_NOAAPTR_ppbv,  ppbv, Gas_AcetoneAndPropanal_InSitu_S_AVMR, (C3H6O) sum of acetone (dominant isomer) and propanal, using calibration factor for acetone
DMS_NOAAPTR_ppbv,  ppbv, Gas_DMS_InSitu_S_AVMR, (C2H6S) dimethyl sulfide with possible small contributions from ethanethiol
C5H8_NOAAPTR_ppbv,  ppbv, Gas_Isoprene_InSitu_S_AVMR, (C5H8) isoprene and possible fragments from cycloalkanes and aldehydes. Interferences have been subtracted following methods described by Coggon et al (2023)
MVKMAC_NOAAPTR_ppbv,  ppbv, Gas_MVKAndMAC_InSitu_S_AVMR, (C4H6O) sum of methyl vinyl ketone, methacrolein, and small amounts of crotonaldehyde, using weighted calibration factor for MVK (0.637) and MACR (0.363)
Benzene_NOAAPTR_ppbv,  ppbv, Gas_Benzene_InSitu_S_AVMR, (C6H6) benzene
Toluene_NOAAPTR_ppbv,  ppbv, Gas_Toluene_InSitu_S_AVMR, (C7H8) toluene with possible small contributions of fragments from ethyltoluene
Styrene_NOAAPTR_ppbv,  ppbv, Gas_Styrene_InSitu_S_AVMR, (C8H8) styrene
Benzaldehyde_NOAAPTR_ppbv,  ppbv, Gas_Benzaldehyde_InSitu_S_AVMR, (C7H6O) benzaldehyde
C8Aromatics_NOAAPTR_ppbv,  ppbv, Gas_C8Aromatics_InSitu_M_AVMR, (C8H10) sum of m-xylene, p-xylene, o-xylene, and ethyl benzene
C9Aromatics_NOAAPTR_ppbv,  ppbv, Gas_C9Aromatics_InSitu_M_AVMR, (C9H12) sum of C9 aromatics
Naphthalene_NOAAPTR_ppbv,  ppbv, Gas_Naphthalene_InSitu_S_AVMR, (C10H8) naphthalene
Octanal_NOAAPTR_ppbv,  ppbv, Gas_Octanal_InSitu_S_AVMR, (C8H16O) octanal and small amounts of octanone
Monoterpenes_NOAAPTR_ppbv,  ppbv, Gas_Monoterpenes_InSitu_M_AVMR, (C10H16) sum of monoterpenes and possible contributions from fragments of oxygenated monoterpenoids such as eucalyptol.
Nonanal_NOAAPTR_ppbv,  ppbv, Gas_Nonanal_InSitu_M_AVMR, (C9H18O) nonanal and small amounts of nonanone
C7H4ClF3_NOAAPTR_ppbv,  ppbv, Gas_C7H4ClF3_InSitu_S_AVMR, (C7H4ClF3) parachlorobenzotrifluoride
C10H30O5Si5_NOAAPTR_ppbv,  ppbv, Gas_C10H30O5Si5_InSitu_S_AVMR, (C10H30O5Si5) decamethylcyclopentasiloxane
1
SPECIAL COMMENTS:N/A
21
PI_CONTACT_INFO: NOAA ESRL Chemical Sciences Division, Tropospheric Chemistry Group. 325 Broadway, R/CSD7, Boulder, CO 80305
PLATFORM: Mobile Laboratory.
LOCATION: Salt Lake City, UT
ASSOCIATED_DATA: N/A
INSTRUMENT_INFO: NOAA PTR-ToF-MS measurements on NOAA CSL Mobile Lab
DATA_INFO: Units: ppbv
UNCERTAINTY: See OTHER_COMMENTS
ULOD_FLAG: -7777
ULOD_VALUE: N/A
LLOD_FLAG: -8888
LLOD_VALUE: N/A.
DM_CONTACT_INFO: Data Managers: Matt Coggon, Kelvin Bates, Chelsea Stockwell; email: matthew.m.coggon@noaa.gov and kelvin.bates@colorado.edu
PROJECT_INFO: USOS Deployment July-August, 2024
STIPULATIONS_ON_USE: Use of these data require prior OK from PI.
OTHER_COMMENTS: Uncertainties:
CH3OH_NOAAPTR_ppbv:30%; CH3CN_NOAAPTR_ppbv:30%; CH3CHO_NOAAPTR_ppbv:30%; C2H5OH_NOAAPTR_ppbv:30%; CH3SH_NOAAPTR_ppbv:50%; Acrolein_NOAAPTR_ppbv:30%; AcetonePropanal_NOAAPTR_ppbv:30%; DMS_NOAAPTR_ppbv:30%; C5H8_NOAAPTR_ppbv:30%; MVKMAC_NOAAPTR_ppbv:30%; 
Benzene_NOAAPTR_ppbv:30%; Toluene_NOAAPTR_ppbv:30%; Styrene_NOAAPTR_ppbv:30%; Benzaldehyde_NOAAPTR_ppbv:30%; C8Aromatics_NOAAPTR_ppbv:30%; C9Aromatics_NOAAPTR_ppbv:30%; Naphthalene_NOAAPTR_ppbv:30%; Octanal_NOAAPTR_ppbv:30%; Monoterpenes_NOAAPTR_ppbv:30%; Nonanal_NOAAPTR_ppbv:30%; 
C7H4ClF3_NOAAPTR_ppbv:30%; C10H30O5Si5_NOAAPTR_ppbv:30%; 
REVISION: R0
R0: Calibrated PTR Data. See individual species comments for details about measurement uncertainties
Time_Start, CH3OH_NOAAPTR_ppbv, CH3CN_NOAAPTR_ppbv, CH3CHO_NOAAPTR_ppbv, C2H5OH_NOAAPTR_ppbv, CH3SH_NOAAPTR_ppbv, Acrolein_NOAAPTR_ppbv, AcetonePropanal_NOAAPTR_ppbv, DMS_NOAAPTR_ppbv, C5H8_NOAAPTR_ppbv, MVKMAC_NOAAPTR_ppbv, Benzene_NOAAPTR_ppbv, Toluene_NOAAPTR_ppbv, Styrene_NOAAPTR_ppbv, Benzaldehyde_NOAAPTR_ppbv, C8Aromatics_NOAAPTR_ppbv, C9Aromatics_NOAAPTR_ppbv, Naphthalene_NOAAPTR_ppbv, Octanal_NOAAPTR_ppbv, Monoterpenes_NOAAPTR_ppbv, Nonanal_NOAAPTR_ppbv, C7H4ClF3_NOAAPTR_ppbv, C10H30O5Si5_NOAAPTR_ppbv
[from data line 1394]
83640.0, 4.59461, 0.22813, 1.38309, 1.21877, 0.00005, 0.13318, 2.55596, -0.00002, 0.15979, 0.26108, 0.29949, 0.16422, 0.02720, 0.06558, 0.04448, 0.02683, 0.03689, 0.05198, 0.08022, 0.03891, 0.00111, 0.00198 
83700.0, 5.47320, 0.21070, 1.49057, 1.31987, 0.00057, 0.12013, 2.56197, -0.00002, 0.17265, 0.28352, 0.36270, 0.16868, 0.02964, 0.06310, 0.05797, 0.01867, 0.04243, 0.04261, 0.09350, 0.04874, 0.00084, 0.00168 
83760.0, 4.58766, 0.23346, 1.29308, 1.10133, 0.00230, 0.15580, 2.53864, -0.00002, 0.17749, 0.27866, 0.25196, 0.16467, 0.02498, 0.04363, 0.05257, 0.01910, 0.01798, 0.03413, 0.09185, 0.03111, 0.00152, 0.00283 
83820.0, 5.33373, 0.23446, -9999.00000, 1.14212, 0.00278, 0.12227, 2.61622, -0.00002, -9999.00000, 0.28831, 0.25741, 0.17735, 0.02058, 0.05577, 0.07619, 0.02766, 0.02286, 0.03947, 0.06934, 0.04305, -0.00014, 0.00095 
83880.0, -9999.00000, -9999.00000, -9999.00000, -9999.00000, -9999.00000, -9999.00000, -9999.00000, -9999.00000, -9999.00000, -9999.00000, -9999.00000, -9999.00000, -9999.00000, -9999.00000, -9999.00000, -9999.00000, -9999.00000, -9999.00000, -9999.00000, -9999.00000, -9999.00000, -9999.00000 
83940.0, -9999.00000, -9999.00000, -9999.00000, -9999.00000, -9999.00000, -9999.00000, -9999.00000, -9999.00000, -9999.00000, -9999.00000, -9999.00000, -9999.00000, -9999.00000, -9999.00000, -9999.00000, -9999.00000, -9999.00000, -9999.00000, -9999.00000, -9999.00000, -9999.00000, -9999.00000 
84000.0, -9999.00000, -9999.00000, -9999.00000, -9999.00000, -9999.00000, -9999.00000, -9999.00000, -9999.00000, -9999.00000, -9999.00000, -9999.00000, -9999.00000, -9999.00000, -9999.00000, -9999.00000, -9999.00000, -9999.00000, -9999.00000, -9999.00000, -9999.00000, -9999.00000, -9999.00000 
84060.0, -9999.00000, -9999.00000, -9999.00000, -9999.00000, -9999.00000, -9999.00000, -9999.00000, -9999.00000, -9999.00000, -9999.00000, -9999.00000, -9999.00000, -9999.00000, -9999.00000, -9999.00000, -9999.00000, -9999.00000, -9999.00000, -9999.00000, -9999.00000, -9999.00000, -9999.00000 
84120.0, -9999.00000, -9999.00000, -9999.00000, -9999.00000, -9999.00000, -9999.00000, -9999.00000, -9999.00000, -9999.00000, -9999.00000, -9999.00000, -9999.00000, -9999.00000, -9999.00000, -9999.00000, -9999.00000, -9999.00000, -9999.00000, -9999.00000, -9999.00000, -9999.00000, -9999.00000 
84180.0, 5.47499, 0.21969, -9999.00000, 1.89676, 0.00622, 0.16949, 2.83404, -0.00002, -9999.00000, 0.29329, 0.22959, 0.22678, 0.02003, 0.02317, 0.10993, 0.04282, 0.00950, 0.05495, 0.09727, 0.05732, 0.00097, 0.00100 
84240.0, 5.76849, 0.23662, 1.47630, 1.71270, 0.00457, 0.16027, 2.67675, -0.00002, 0.27778, 0.29809, 0.34033, 0.17406, 0.04022, 0.06458, 0.05706, 0.03062, 0.02546, 0.03853, 0.09374, 0.05211, 0.00302, 0.00386 
84300.0, 6.21817, 0.23762, 1.54334, 1.47302, 0.00296, 0.20964, 2.63093, -0.00002, 0.26789, 0.30140, 0.31497, 0.16110, 0.01882, 0.07591, 0.05510, 0.02234, 0.02555, 0.02769, 0.08575, 0.07031, -0.00076, 0.00262 
84360.0, 5.49573, 0.23218, 1.55923, 1.66882, 0.00059, 0.19534, 2.56944, -0.00002, 0.20381, 0.27829, 0.39542, 0.16322, 0.03151, 0.11299, 0.05578, 0.02880, 0.03779, 0.06975, 0.09803, 0.08061, -0.00142, 0.00134 
84420.0, 3.91675, 0.22675, 1.11304, 1.03109, 0.00342, 0.10004, 2.31095, -0.00002, 0.15755, 0.26827, 0.33302, 0.13805, 0.02880, 0.05676, 0.05089, 0.01883, 0.02569, 0.03551, 0.03685, 0.03389, 0.00057, 0.00181 
84480.0, 4.65361, 0.23246, 1.28487, 1.47126, 0.00512, 0.12074, 2.45603, -0.00002, 0.24693, 0.23375, 0.34668, 0.15900, 0.03642, 0.08457, 0.04178, 0.02228, 0.02403, 0.01978, 0.06925, 0.03262, 0.00219, 0.00086 
84540.0, 4.81897, 0.24651, 1.19303, 1.12235, 0.00106, 0.13936, 2.65280, -0.00002, 0.21899, 0.25040, 0.29429, 0.18741, 0.03460, 0.06912, 0.05588, 0.02321, 0.01572, 0.03890, 0.06935, 0.04287, 0.00224, 0.00051 
84600.0, 5.51302, 0.29110, 1.45290, 1.50297, 0.00134, 0.21101, 2.58325, -0.00002, 0.28284, 0.25148, 0.36397, 0.16624, 0.03573, 0.07437, 0.05552, 0.01867, 0.01127, 0.04090, 0.09917, 0.05559, 0.00076, 0.00162 
84660.0, 4.45106, 0.23772, 1.14081, 0.94284, 0.00361, 0.13653, 2.29304, -0.00002, 0.14542, 0.23456, 0.25165, 0.15241, 0.03184, 0.07539, 0.03251, 0.02242, 0.02689, 0.03138, 0.06736, 0.04982, 0.00083, 0.00009 
84720.0, 5.36563, 0.22758, 1.25204, 1.16222, 0.00224, 0.15910, 2.38862, -0.00002, 0.19323, 0.25190, 0.30408, 0.13095, 0.02535, 0.07054, 0.05401, 0.01803, 0.02315, 0.03387, 0.05537, 0.06289, -0.00002, 0.00232 
84780.0, 4.72479, 0.25348, 1.25905, 1.21995, 0.00078, 0.13638, 2.50488, -0.00002, 0.18909, 0.28930, 0.30869, 0.17264, 0.03283, 0.06238, 0.06655, 0.03030, 0.02224, 0.04037, 0.07707, 0.06791, -0.00097, 0.00217 
84840.0, 4.28735, 0.24686, 1.35809, 1.64797, 0.00597, 0.15440, 2.60935, -0.00002, 0.29470, 0.32418, 0.28092, 0.19130, 0.03140, 0.03828, 0.07731, 0.03449, 0.03163, 0.05027, 0.08216, 0.04577, -0.00118, 0.00346 
84900.0, 6.23671, 0.24157, 1.37009, 1.92530, 0.00369, 0.16443, 2.66011, -0.00002, 0.29246, 0.30759, 0.37000, 0.23811, 0.03192, 0.05419, 0.08592, 0.03865, 0.01655, 0.05125, 0.10485, 0.05134, -0.00147, 0.00538 
84960.0, 5.34062, 0.25595, 2.09058, 1.55865, 0.00663, 0.57320, 2.72512, -0.00002, 0.42819, 0.42472, 0.36896, 0.22008, 0.04152, 0.06341, 0.06632, 0.03824, 0.00958, 0.07318, 0.19371, 0.11050, 0.00043, 0.00604 
85020.0, 6.05167, 0.25846, 1.52926, 1.95745, 0.00600, 0.30326, 2.53946, -0.00002, 0.29798, 0.34368, 0.33100, 0.17929, 0.02911, 0.07855, 0.06180, 0.02788, 0.02074, 0.06069, 0.15992, 0.10355, -0.00200, 0.00577 
85080.0, 4.60112, 0.21676, 1.43176, 1.27603, 0.00311, 0.16945, 2.42732, -0.00002, 0.20427, 0.34950, 0.27132, 0.18432, 0.03397, 0.04504, 0.06217, 0.02743, 0.03261, 0.04373, 0.07433, 0.05131, 0.00120, 0.00137 
85140.0, 4.82694, 0.23249, 1.69264, 1.48603, 0.00595, 0.27152, 2.56677, -0.00002, 0.26460, 0.38576, 0.33095, 0.19384, 0.03415, 0.06942, 0.08979, 0.03520, 0.01825, 0.06257, 0.09890, 0.10991, -0.00147, 0.00312 
85200.0, 4.65405, 0.25692, 1.48441, 1.17960, 0.00061, 0.14143, 2.53123, -0.00002, 0.16184, 0.33664, 0.31224, 0.20053, 0.03921, 0.06639, 0.06097, 0.03331, 0.00975, 0.03063, 0.06542, 0.08433, 0.00007, 0.00285 
85260.0, 4.76370, 0.24496, 1.36640, 1.36091, 0.00034, 0.15172, 2.45220, -0.00002, 0.18459, 0.34390, 0.32608, 0.17284, 0.04072, 0.06400, 0.06860, 0.03155, 0.03263, 0.03774, 0.06887, 0.06214, 0.00012, 0.00730 
85320.0, 4.67537, 0.24090, 1.46150, 1.49988, 0.00762, 0.17230, 2.54820, -0.00002, 0.24770, 0.36810, 0.33158, 0.21296, 0.02252, 0.07829, 0.07016, 0.02882, 0.02404, 0.05464, 0.10038, 0.09385, -0.00025, 0.00463 
85380.0, 5.24199, 0.24520, 1.43232, 1.30339, 0.00169, 0.18265, 2.51522, -0.00002, 0.21892, 0.35588, 0.34119, 0.19898, 0.02818, 0.07657, 0.06518, 0.04351, 0.02141, 0.03466, 0.08525, 0.07384, -0.00184, 0.00414 
85440.0, 4.41205, 0.26415, 1.35729, 1.49865, 0.00158, 0.15695, 2.48286, -0.00002, 0.24228, 0.35344, 0.30505, 0.18986, 0.03813, 0.04863, 0.08184, 0.03712, 0.03401, 0.05850, 0.08166, 0.05576, 0.00251, 0.00170 
85500.0, 6.86246, 0.25960, 2.29242, 1.79387, 0.00597, 0.55015, 2.82570, -0.00002, 0.50926, 0.43814, 0.40692, 0.23087, 0.03679, 0.07336, 0.09252, 0.04296, 0.04324, 0.11769, 0.16687, 0.18131, 0.00005, 0.00261 
85560.0, 3.86259, 0.23896, 1.33423, 1.13226, 0.00683, 0.16488, 2.33666, -0.00002, 0.04608, 0.32081, 0.29091, 0.15875, 0.03555, 0.06555, 0.04806, 0.03177, 0.01521, 0.04842, 0.05864, 0.04849, 0.00057, 0.00459 
85620.0, 6.27436, 0.26596, 2.21891, 1.65400, 0.01793, 0.57188, 2.76215, -0.00002, 0.46368, 0.43590, 0.44371, 0.22447, 0.03458, 0.08261, 0.08057, 0.03729, 0.01373, 0.07380, 0.14881, 0.17544, -0.00106, 0.00307 
85680.0, 4.34232, 0.22637, 1.19688, 1.02477, 0.00294, 0.12969, 2.38311, -0.00002, 0.17332, 0.31381, 0.32415, 0.16339, 0.03636, 0.08119, 0.06315, 0.03879, 0.02061, 0.04682, 0.09218, 0.04270, -0.00200, 0.00133 
85740.0, 4.35829, 0.23544, 1.20023, 1.25752, 0.00013, 0.14753, 2.36423, -0.00002, 0.15357, 0.31085, 0.28156, 0.15635, 0.02903, 0.06223, 0.05906, 0.03351, 0.03111, 0.03383, 0.09801, 0.07082, -0.00065, 0.00537 
85800.0, 3.64370, 0.23007, 0.91663, 0.80438, 0.00425, 0.18170, 2.07931, -0.00002, 0.01150, 0.22937, 0.25671, 0.08384, 0.03117, 0.05862, 0.03206, 0.01364, 0.02951, 0.02519, 0.04588, 0.05643, -0.00028, 0.00101 
85860.0, 4.07160, 0.24205, 0.90779, 1.12270, 0.00096, 0.10590, 2.08867, -0.00002, 0.15373, 0.20338, 0.25883, 0.10523, 0.03419, 0.06336, 0.03205, 0.01939, 0.02787, 0.03386, 0.10110, 0.04782, -0.00026, 0.00199 
85920.0, 4.00110, 0.23242, 0.85919, 1.27402, -0.00022, 0.08926, 2.09000, -0.00002, 0.30278, 0.21258, 0.28037, 0.13143, 0.03497, 0.05352, 0.03675, 0.01720, 0.01812, 0.02749, 0.04592, 0.02962, -0.00066, 0.00108 
85980.0, 4.29766, 0.24177, 0.91717, 1.27690, 0.00007, 0.08234, 2.12268, -0.00002, 0.22673, 0.22874, 0.25984, 0.08777, 0.01909, 0.06677, 0.02947, 0.01487, 0.01420, 0.04005, 0.06526, 0.05701, 0.00136, 0.00088 
86040.0, 8.43197, 0.24049, 1.26427, 1.65849, 0.01160, 0.23319, 2.35431, -0.00002, 0.26543, 0.25937, 0.33441, 0.22014, 0.02150, 0.05266, 0.08818, 0.03175, 0.01182, 0.06833, 0.10507, 0.10166, -0.00200, 0.00408 
86100.0, 5.06259, 0.24988, 1.46676, 1.64481, 0.02492, 0.31113, 2.43702, -0.00002, 0.41411, 0.31382, 0.32381, 0.15535, 0.03107, 0.06855, 0.04547, 0.02496, 0.01335, 0.07969, 0.09679, 0.14758, -0.00054, 0.00828 
86160.0, 4.81865, 0.25651, 2.07855, 1.74225, 0.05609, 0.52577, 2.55538, -0.00002, 0.39240, 0.35116, 0.37677, 0.18694, 0.02779, 0.08334, 0.07549, 0.03002, 0.01537, 0.11892, 0.10817, 0.18395, -0.00107, 0.00481 
86220.0, 4.66557, 0.24193, 1.00781, 1.06976, 0.00021, 0.11267, 2.15581, -0.00002, 0.18769, 0.24016, 0.27295, 0.16621, 0.03161, 0.05307, 0.04898, 0.02499, 0.01635, 0.03418, 0.08996, 0.03719, -0.00053, 0.00048 
86280.0, 4.62911, 0.23755, 1.14049, 1.77549, 0.01472, 0.16089, 2.29491, -0.00002, 0.21550, 0.25364, 0.30463, 0.17917, 0.03731, 0.06150, 0.06347, 0.02113, 0.04056, 0.05719, 0.08424, 0.09474, -0.00118, 0.00429 
86340.0, 4.20084, 0.22135, 1.15717, 1.60954, 0.00627, 0.12675, 2.34644, -0.00002, 0.27283, 0.34132, 0.30880, 0.19083, 0.03850, 0.06826, 0.05932, 0.02713, 0.02833, 0.04877, 0.08353, 0.04906, -0.00114, 0.00407 
