CampaignData_and_Merges/R0/CSL_MobileLab_Parked/raw/20240728/USOS-NOAAIodideCIMS-Halogens_MobileLabGround_20240728_RA.ict
38, 1001
Michael A Robinson, Chris Jernigan, Subi Thakali
NOAA ESRL Chemical Sciences Laboratory and CIRES, U. of Colorado
NOAA Iodide CIMS Instrument
USOS
1, 1
2024, 07, 28, 2024, 07, 29
1
starttime_UTC, seconds_past_midnight, seconds_of_day_since_00:00:00_UTC
6
1, 1, 1, 1, 1, 1
-9999, -9999, -9999, -9999, -9999, -9999
Br2_NOAACIMS, pptv, Gas_Br2_InSitu_S_AVMR, 
BrO_NOAACIMS, pptv, Gas_BrO_InSitu_S_AVMR, 
Cl2_NOAACIMS, pptv, Gas_Cl2_InSitu_S_AVMR, 
ClNO2_NOAACIMS, pptv, Gas_ClNO2_InSitu_S_AVMR, 
BrCl_NOAACIMS, pptv, Gas_BrCl_InSitu_S_AVMR, 
NCl3_NOAACIMS, pptv, Gas_NCl3_InSitu_S_AVMR, 
0
18
PI_CONTACT_INFO: 325 Broadway, R/CSD 7, Boulder, Colorado 80305; michael.a.robinson@noaa.gov; chris.jernigan@noaa.gov;
PLATFORM: NOAA CSL Mobile Lab
LOCATION: SLC, Utah
ASSOCIATED_DATA: 1Hz data also available on request.
INSTRUMENT_INFO: NOAA I- ToF CIMS
DATA_INFO: All data in parts per trillion by volume (pptv). 1 Hz data is available upon request.
UNCERTAINTY: TBD
ULOD_FLAG: -7777
ULOD_VALUE: N/A
LLOD_FLAG: -8888
LLOD_VALUE: N/A
DM_CONTACT_INFO: Nathan Howard; nathan.h.howard@noaa.gov
PROJECT_INFO: USOS, summer 2024. https://csl.noaa.gov/groups/csl7/measurements/2024usos/
STIPULATIONS_ON_USE: Users are strongly encouraged to contact the PI for proper data usage.
OTHER_COMMENTS: 
REVISION: RA
RA: Preliminary Data; For in-field use only
starttime_UTC, Br2_NOAACIMS, BrO_NOAACIMS, Cl2_NOAACIMS, ClNO2_NOAACIMS, BrCl_NOAACIMS, NCl3_NOAACIMS
[from data line 290]
 17400,  1.420,  0.137,  1.342,  9.000,  0.490,  5.423
 17460,  1.308,  0.108,  1.404,  8.681,  0.496,  5.401
 17520,  1.395,  0.042,  1.345,  9.864,  0.451,  5.445
 17580,  1.322,  0.036,  1.257,  9.312,  0.446,  5.022
 17640,  1.310,  0.197,  1.280,  8.712,  0.523,  4.499
 17700,  1.439,  0.093,  1.298,  8.206,  0.528,  4.176
 17760, -9999.000, -9999.000, -9999.000, -9999.000, -9999.000, -9999.000
 17820,  1.301,  0.142,  1.279,  7.228,  0.477,  3.422
 17880,  1.121,  0.040,  1.129,  6.963,  0.382,  2.949
 17940,  1.406,  0.041,  1.282,  6.989,  0.410,  2.854
 18000,  1.270,  0.152,  1.127,  6.617,  0.386,  2.965
 18060,  1.240,  0.161,  1.178,  5.306,  0.432,  2.050
 18120,  1.159,  0.056,  1.104,  5.585,  0.386,  1.925
 18180,  1.230,  0.036,  1.119,  5.144,  0.443,  1.745
 18240,  1.200,  0.161,  1.148,  5.071,  0.418,  1.618
 18300,  1.254,  0.101,  1.087,  5.199,  0.424,  1.668
 18360,  1.317,  0.091,  1.134,  4.797,  0.400,  2.745
 18420,  1.284,  0.020,  1.308,  3.599,  0.472,  6.616
 18480,  1.416,  0.045,  1.401,  3.045,  0.453,  8.915
 18540,  1.355,  0.006,  1.343,  3.061,  0.401, 11.282
 18600,  1.224,  0.080,  1.331,  2.747,  0.450, 13.202
 18660,  1.238,  0.146,  1.148,  2.258,  0.371, 14.966
 18720,  1.304,  0.005,  1.090,  2.304,  0.366, 15.788
 18780,  1.171,  0.140,  1.126,  2.539,  0.381, 11.369
 18840,  1.055,  0.110,  1.053,  2.599,  0.343,  6.337
 18900,  1.080,  0.219,  0.889,  2.493,  0.301,  4.332
 18960,  1.045,  0.118,  0.849,  2.750,  0.316,  3.467
 19020,  0.978,  0.066,  0.974,  3.307,  0.295,  2.855
 19080,  1.043,  0.057,  1.049,  3.511,  0.228,  2.362
 19140,  0.982,  0.097,  1.249,  3.516,  0.238,  1.945
 19200,  0.843,  0.122,  1.114,  3.752,  0.290,  1.573
 19260,  0.856,  0.082,  1.168,  4.175,  0.217,  1.694
 19320,  0.990,  0.112,  1.183,  4.253,  0.189,  1.441
 19380,  0.883,  0.173,  1.062,  4.541,  0.228,  1.490
 19440,  0.970,  0.061,  1.081,  4.693,  0.186,  1.343
 19500,  0.851,  0.103,  0.956,  5.290,  0.157,  1.076
 19560,  1.004,  0.011,  0.937,  5.508,  0.216,  0.951
 19620, -9999.000, -9999.000, -9999.000, -9999.000, -9999.000, -9999.000
 19680,  0.903,  0.121,  1.051,  5.572,  0.140,  0.887
 19740,  0.786,  0.186,  0.820,  6.029,  0.163,  0.817
 19800,  0.807,  0.119,  0.903,  6.178,  0.121,  0.866
 19860,  0.865,  0.056,  0.785,  6.194,  0.151,  0.794
 19920,  1.046,  0.143,  0.739,  5.648,  0.179,  0.656
 19980,  0.773,  0.159,  0.788,  5.706,  0.191,  0.803
 20040,  0.609,  0.131,  0.679,  6.551,  0.213,  0.757
 20100,  0.742,  0.049,  0.876,  7.024,  0.170,  0.982
 20160, -0.122, -0.049,  0.613,  7.770,  0.012,  0.490
 20220,  0.513,  0.156,  0.840,  9.027,  0.074,  1.903
 20280,  0.821,  0.082,  0.919,  9.606,  0.160,  2.145
 20340,  0.868,  0.052,  0.902,  9.543,  0.181,  2.268
 20400,  0.926,  0.151,  0.940,  9.656,  0.192,  2.896
 20460,  1.025,  0.083,  0.943,  9.635,  0.179,  4.281
 20520,  1.071,  0.218,  0.911, 10.335,  0.079,  5.397
 20580,  0.972,  0.199,  1.020,  9.608,  0.208,  5.578
 20640,  0.988,  0.139,  0.941,  8.884,  0.205,  6.984
 20700,  1.033,  0.207,  1.133,  8.607,  0.195,  9.199
 20760,  1.005,  0.132,  1.190,  9.541,  0.239, 11.668
 20820,  1.085,  0.149,  1.244, 10.155,  0.246, 13.004
 20880,  1.018,  0.164,  1.279, 10.875,  0.307, 12.839
 20940,  1.174,  0.297,  1.345, 11.411,  0.325, 13.333
 21000,  0.837,  0.047,  1.169, 11.636,  0.256, 12.875
 21060,  0.959,  0.090,  1.284, 10.569,  0.259, 12.523
 21120,  1.089,  0.076,  1.203, 10.806,  0.309, 11.553
 21180,  0.950,  0.134,  1.172, 10.029,  0.244,  9.517
 21240,  1.099,  0.106,  1.034,  7.998,  0.239,  7.015
 21300,  1.145,  0.136,  1.117,  6.588,  0.178,  6.543
 21360,  0.892,  0.024,  0.939,  5.035,  0.236,  5.412
 21420,  0.986,  0.094,  0.838,  3.433,  0.109,  3.838
 21480,  1.022, -0.017,  0.895,  2.383,  0.001,  2.803
 21540,  0.912,  0.009,  0.799,  1.859,  0.210,  2.580
 21600,  0.840,  0.005,  0.741,  1.323,  0.172,  1.663
 21660,  0.998,  0.028,  0.828,  1.283,  0.198,  1.333
 21720,  0.777,  0.172,  0.797,  1.194,  0.162,  1.420
 21780,  0.897,  0.042,  0.654,  1.165,  0.252,  1.161
 21840,  0.939,  0.053,  0.830,  1.319,  0.262,  1.439
 21900,  0.951,  0.053,  0.909,  2.133,  0.188,  2.969
 21960,  1.040,  0.094,  0.946,  3.730,  0.206,  4.601
 22020,  0.907,  0.214,  0.926,  4.658,  0.279,  5.649
 22080,  0.886,  0.132,  0.926,  4.953,  0.257,  7.266
 22140,  0.878,  0.158,  1.024,  5.062,  0.234,  6.889
 22200,  1.094,  0.182,  1.052,  5.633,  0.269,  7.743
 22260,  1.090,  0.129,  1.284,  7.026,  0.337,  8.297
 22320,  1.091,  0.117,  1.558,  7.840,  0.298,  8.382
 22380,  0.813,  0.224,  1.477,  8.278,  0.249,  7.808
 22440,  0.978,  0.152,  1.537,  8.625,  0.284,  8.467
 22500,  0.985,  0.091,  1.731,  8.865,  0.277,  7.962
 22560,  1.169,  0.320,  1.541,  9.304,  0.265,  7.734
 22620,  1.066,  0.178,  1.554,  9.922,  0.281,  8.236
 22680,  1.130,  0.238,  1.726,  8.995,  0.279,  8.541
 22740,  1.013,  0.143,  1.745,  9.542,  0.300,  8.525
 22800,  1.000,  0.189,  2.074,  9.899,  0.322,  8.516
 22860,  1.023,  0.143,  1.833, 10.842,  0.264,  8.572
 22920,  0.852,  0.195,  1.740, 11.825,  0.263,  8.019
 22980,  1.023,  0.289,  1.588, 12.410,  0.214,  8.177
 23040,  0.782,  0.390,  1.520, 12.507,  0.194,  7.978
 23100,  0.768,  0.183,  1.425, 12.707,  0.182,  8.183
 23160,  0.760,  0.038,  1.387, 12.381,  0.185,  8.592
 23220,  0.660,  0.238,  1.229, 12.170,  0.233,  7.936
 23280,  0.984,  0.290,  1.326, 13.330,  0.231,  7.687
 23340,  0.444,  0.137,  0.617, 14.114,  0.187,  7.453
 23400,  0.685,  0.371,  1.066, 14.044,  0.239,  9.029
 23460,  0.763,  0.180,  1.295, 13.703,  0.233,  8.513
 23520,  0.681,  0.208,  1.218, 14.989,  0.186,  8.110
 23580,  0.901,  0.139,  1.221, 14.696,  0.196,  8.487
 23640,  0.930,  0.301,  1.243, 14.894,  0.205,  7.988
 23700,  0.718,  0.196,  1.000, 15.258,  0.221,  7.438
 23760,  0.868,  0.303,  1.180, 16.539,  0.176,  7.347
 23820,  0.858,  0.174,  0.967, 17.273,  0.177,  7.288
 23880,  0.795,  0.254,  0.959, 17.221,  0.150,  7.215
 23940,  0.631,  0.199,  0.923, 17.083,  0.192,  7.137
 24000,  0.915,  0.179,  1.011, 11.995,  0.228,  5.311
 24060,  0.847,  0.151,  1.084,  9.332,  0.150,  4.492
 24120,  0.880,  0.260,  1.015,  9.345,  0.231,  4.203
 24180,  0.904,  0.292,  1.149,  8.660,  0.244,  3.971
 24240,  0.901,  0.203,  1.072,  9.346,  0.219,  4.013
 24300,  0.818,  0.217,  0.820, 10.037,  0.172,  2.972
 24360,  0.959,  0.184,  0.906, 10.600,  0.165,  3.041
 24420,  0.984,  0.286,  0.576, 10.989,  0.183,  1.791
 24480,  0.909,  0.184,  0.591,  9.857,  0.211,  1.587
 24540,  0.230,  0.030,  0.620, 10.063,  0.115,  1.075
 24600,  0.331,  0.207,  0.541, 11.402,  0.101,  0.900
 24660,  0.506,  0.102,  0.533, 12.419,  0.172,  1.444
 24720,  0.820,  0.167,  0.643, 13.703,  0.179,  1.359
 24780,  0.943,  0.266,  0.581, 13.576,  0.124,  1.399
 24840,  0.874,  0.245,  0.450, 13.700,  0.173,  1.273
 24900,  0.914,  0.229,  0.559, 14.027,  0.161,  1.241
 24960,  0.978,  0.149,  0.582, 14.816,  0.124,  1.103
 25020,  0.915,  0.249,  0.587, 15.211,  0.163,  1.150
 25080,  0.975,  0.160,  0.602, 17.026,  0.189,  1.007
 25140,  0.572,  0.156,  0.532, 17.220,  0.115,  0.803
 25200,  0.704,  0.217,  0.444, 16.589,  0.234,  0.966
 25260,  0.831,  0.200,  0.545, 17.039,  0.156,  0.991
 25320,  0.906,  0.322,  0.510, 17.738,  0.129,  0.940
 25380,  1.065,  0.332,  0.481, 19.170,  0.098,  0.924
 25440,  0.851,  0.215,  0.484, 18.614,  0.177,  0.797
 25500,  0.855,  0.109,  0.523, 16.937,  0.191,  0.969
 25560,  0.906,  0.232,  0.554, 17.938,  0.116,  1.271
 25620,  0.936,  0.280,  0.479, 18.507,  0.109,  1.050
 25680,  0.876,  0.159,  0.542, 19.686,  0.145,  1.039
 25740,  0.793,  0.122,  0.513, 19.285,  0.188,  1.047
 25800,  0.743,  0.087,  0.448, 18.430,  0.132,  1.338
 25860,  0.931,  0.124,  0.495, 19.796,  0.173,  2.465
 25920,  0.817,  0.193,  0.553, 20.282,  0.143,  1.779
 25980,  0.840,  0.156,  0.517, 20.817,  0.162,  1.766
 26040,  0.680,  0.178,  0.598, 21.295,  0.143,  1.604
 26100,  0.776,  0.084,  0.577, 22.279,  0.142,  1.366
 26160,  0.686,  0.266,  0.562, 22.038,  0.101,  1.755
 26220,  0.949,  0.177,  0.637, 19.903,  0.181,  1.797
 26280,  0.731,  0.264,  0.791, 21.116,  0.121,  1.827
 26340,  0.621,  0.303,  0.817, 20.758,  0.100,  2.028
 26400,  0.673,  0.105,  0.935, 17.280,  0.122,  2.097
 26460,  0.632,  0.113,  1.004, 17.036,  0.171,  2.302
 26520,  0.716,  0.107,  0.986, 17.711,  0.088,  2.016
 26580,  0.838,  0.090,  0.991, 19.954,  0.142,  2.365
 26640,  0.760,  0.104,  1.210, 18.443,  0.124,  2.503
 26700,  0.729,  0.108,  1.154, 16.858,  0.125,  2.285
 26760,  0.870,  0.085,  1.241, 14.587,  0.186,  2.089
 26820,  0.780,  0.054,  1.119, 13.353,  0.157,  2.055
 26880,  0.850,  0.239,  1.180, 14.226,  0.178,  2.106
 26940,  0.834,  0.036,  1.065, 14.415,  0.089,  2.186
 27000, -9999.000, -9999.000, -9999.000, -9999.000, -9999.000, -9999.000
 27060,  0.731,  0.116,  0.937, 17.553,  0.061,  2.919
 27120,  0.764,  0.144,  0.940, 18.737,  0.160,  3.511
 27180,  0.714,  0.087,  0.977, 18.402,  0.180,  3.446
 27240,  0.719,  0.156,  1.060, 17.699,  0.114,  3.023
 27300,  0.836,  0.143,  0.987, 14.863,  0.146,  2.322
 27360,  0.761,  0.068,  1.022, 17.708,  0.141,  2.377
 27420,  0.657,  0.119,  0.917, 15.347,  0.134,  2.608
 27480,  0.663, -0.007,  0.931, 18.360,  0.115,  2.757
 27540,  0.731,  0.201,  0.936, 19.343,  0.102,  2.847
 27600,  0.831,  0.093,  0.871, 19.864,  0.151,  2.882
 27660,  0.721,  0.122,  0.909, 21.360,  0.096,  4.054
 27720,  0.826,  0.087,  0.876, 22.949,  0.129,  3.900
 27780,  0.693,  0.126,  0.964, 24.907,  0.070,  3.940
 27840,  0.762,  0.246,  0.923, 27.051,  0.113,  3.906
 27900,  0.811,  0.030,  1.029, 28.649,  0.142,  4.181
 27960,  0.922,  0.244,  0.861, 29.787,  0.116,  4.337
 28020,  0.889,  0.084,  0.993, 29.575,  0.115,  5.072
 28080,  0.925,  0.197,  1.018, 30.859,  0.114,  5.622
 28140,  0.901,  0.220,  0.880, 28.153,  0.122,  5.202
 28200,  0.858,  0.149,  0.965, 30.159,  0.125,  5.529
 28260,  0.761,  0.067,  1.025, 30.329,  0.169,  5.697
 28320,  0.953,  0.162,  0.983, 32.269,  0.109,  5.679
 28380,  0.927,  0.253,  0.903, 33.614,  0.094,  5.801
 28440,  0.980,  0.130,  1.074, 30.980,  0.157,  5.698
 28500,  1.000,  0.116,  1.065, 31.744,  0.165,  6.503
 28560,  0.967,  0.176,  1.067, 30.461,  0.136,  6.456
 28620,  0.768,  0.095,  0.874, 28.999,  0.172,  5.598
 28680,  0.756,  0.132,  0.993, 30.950,  0.090,  5.507
 28740,  1.084,  0.094,  1.094, 33.361,  0.071,  5.885
 28800,  0.918,  0.152,  1.001, 33.036,  0.099,  5.510
 28860, -9999.000, -9999.000, -9999.000, -9999.000, -9999.000, -9999.000
 28920,  1.057,  0.154,  0.898, 32.847,  0.089,  5.072
 28980,  1.186,  0.179,  0.828, 34.671,  0.102,  5.278
 29040,  0.997,  0.203,  0.983, 34.185,  0.141,  5.232
 29100,  0.940,  0.213,  0.979, 35.193,  0.144,  5.083
 29160,  0.778,  0.115,  1.010, 35.010,  0.151,  5.102
 29220,  0.986,  0.156,  0.834, 34.952,  0.126,  5.069
 29280,  1.002,  0.178,  0.886, 34.644,  0.160,  5.154
 29340,  0.907,  0.167,  0.882, 34.874,  0.115,  4.697
 29400,  0.749,  0.138,  0.762, 35.269,  0.139,  4.754
 29460,  0.946,  0.222,  0.844, 37.981,  0.134,  4.907
 29520,  0.924,  0.258,  0.974, 38.140,  0.138,  5.098
 29580,  0.831,  0.216,  0.928, 39.261,  0.176,  5.671
 29640,  0.767,  0.202,  0.797, 36.010,  0.139,  4.725
 29700,  0.849,  0.204,  0.904, 37.888,  0.144,  5.213
 29760,  0.781,  0.264,  0.942, 35.234,  0.116,  4.897
 29820,  0.768,  0.180,  1.034, 38.106,  0.144,  5.648
 29880,  0.846,  0.318,  0.893, 39.318,  0.121,  5.953
 29940,  0.748,  0.340,  0.837, 36.581,  0.121,  6.566
 30000,  0.617,  0.176,  0.973, 35.773,  0.106,  9.510
 30060,  0.726,  0.268,  1.074, 35.003,  0.161, 14.915
 30120,  0.475,  0.247,  0.878, 36.114,  0.133, 13.829
 30180,  0.751,  0.216,  0.922, 35.465,  0.101, 11.738
 30240,  0.619,  0.328,  0.923, 38.455,  0.109, 11.816
 30300,  0.750,  0.189,  0.798, 39.776,  0.135,  9.343
 30360,  0.656,  0.248,  0.939, 38.327,  0.206,  6.931
 30420,  0.736,  0.308,  0.849, 36.766,  0.129,  7.141
 30480,  0.599,  0.247,  0.978, 39.815,  0.118,  7.497
 30540,  0.609,  0.371,  0.912, 40.588,  0.137,  7.230
 30600,  0.600,  0.151,  0.968, 40.199,  0.176,  8.447
 30660,  0.573,  0.210,  0.870, 38.899,  0.208,  8.267
 30720, -9999.000, -9999.000, -9999.000, -9999.000, -9999.000, -9999.000
 30780,  0.650,  0.263,  1.066, 41.036,  0.153, 12.291
 30840,  0.647,  0.282,  1.046, 40.979,  0.157, 13.118
 30900,  0.604,  0.167,  1.035, 40.863,  0.153, 12.919
 30960,  0.597,  0.161,  1.094, 39.607,  0.216, 14.122
 31020,  0.557,  0.241,  1.340, 41.926,  0.200, 16.861
 31080,  0.642,  0.265,  1.278, 44.322,  0.220, 18.301
 31140,  0.664,  0.274,  1.373, 40.976,  0.174, 18.432
 31200,  0.645,  0.270,  1.354, 42.034,  0.277, 18.963
 31260,  0.754,  0.123,  1.385, 41.490,  0.229, 18.103
 31320,  0.755,  0.357,  1.081, 40.753,  0.268, 16.603
 31380,  0.606,  0.093,  1.263, 41.813,  0.223, 17.229
 31440,  0.649,  0.204,  1.329, 43.609,  0.152, 17.918
 31500,  0.642,  0.306,  1.241, 42.285,  0.185, 15.391
 31560,  0.602,  0.204,  1.002, 34.569,  0.227, 11.824
 31620,  0.624,  0.170,  1.127, 32.838,  0.232,  9.185
 31680,  0.634,  0.183,  1.218, 29.233,  0.224,  7.035
 31740,  0.639,  0.267,  1.301, 28.650,  0.246,  6.728
 31800,  0.715,  0.360,  1.285, 28.837,  0.202,  6.706
 31860,  0.713,  0.255,  1.218, 27.213,  0.211,  6.350
 31920,  0.553,  0.257,  1.099, 25.558,  0.229,  6.185
 31980,  0.601,  0.140,  1.158, 23.550,  0.254,  5.974
 32040,  0.605,  0.171,  1.094, 25.680,  0.181,  6.354
 32100,  0.514,  0.282,  1.159, 27.714,  0.191,  6.102
 32160,  0.547,  0.209,  1.068, 30.653,  0.174,  6.771
 32220,  0.449,  0.201,  1.075, 31.013,  0.164,  6.669
 32280,  0.612,  0.106,  1.175, 30.379,  0.195,  6.896
 32340,  0.634,  0.269,  1.096, 30.296,  0.219,  6.945
 32400,  0.580,  0.217,  1.243, 31.150,  0.195,  7.566
 32460,  0.614,  0.164,  1.196, 30.962,  0.185,  7.688
 32520,  0.340,  0.003,  1.033, 28.812,  0.236,  7.308
 32580,  0.341,  0.145,  1.323, 31.099,  0.280,  8.142
 32640,  0.638,  0.195,  1.127, 30.741,  0.216,  7.808
 32700,  0.651,  0.259,  1.083, 31.612,  0.251,  7.719
 32760,  0.585,  0.171,  1.086, 29.739,  0.213,  8.127
 32820,  0.463,  0.106,  1.094, 31.001,  0.204,  7.747
 32880,  0.573,  0.113,  1.211, 31.659,  0.216,  7.920
 32940,  0.597,  0.187,  1.102, 32.727,  0.165,  7.724
 33000,  0.699,  0.157,  1.057, 33.477,  0.167,  8.485
 33060,  0.586,  0.160,  0.991, 32.013,  0.202,  8.351
 33120,  0.618,  0.121,  1.047, 32.184,  0.277,  8.301
 33180,  0.672,  0.096,  1.003, 33.117,  0.220,  8.141
 33240,  0.528,  0.041,  1.025, 33.522,  0.158,  7.350
 33300,  0.699,  0.128,  1.080, 34.680,  0.148,  7.470
 33360,  0.661,  0.157,  1.039, 32.203,  0.204,  8.758
 33420,  0.629,  0.019,  1.088, 31.441,  0.168,  9.264
 33480,  0.584,  0.145,  1.081, 31.350,  0.151, 10.953
 33540,  0.698,  0.126,  1.156, 32.195,  0.203, 10.500
 33600,  0.614,  0.081,  1.238, 33.370,  0.190, 12.032
 33660,  0.695,  0.305,  1.319, 33.682,  0.224, 11.089
 33720,  0.681,  0.036,  1.175, 32.301,  0.224, 10.748
 33780,  0.592,  0.134,  1.205, 32.757,  0.262, 10.761
 33840,  0.648,  0.092,  1.125, 33.300,  0.206, 10.380
 33900,  0.742,  0.076,  1.066, 34.084,  0.164, 10.969
 33960,  0.714,  0.108,  1.162, 33.509,  0.239, 11.583
 34020,  0.633,  0.134,  1.091, 32.730,  0.116, 10.441
 34080,  0.682,  0.049,  1.180, 33.670,  0.166, 13.710
 34140,  0.602,  0.075,  1.112, 33.507,  0.162, 14.844
 34200,  0.587,  0.019,  1.227, 33.090,  0.135, 15.935
 34260,  0.702,  0.086,  1.149, 32.663,  0.184, 14.354
 34320,  0.670,  0.127,  1.114, 33.842,  0.181, 14.340
 34380, -9999.000, -9999.000, -9999.000, -9999.000, -9999.000, -9999.000
 34440,  0.590,  0.129,  1.065, 32.177,  0.181, 12.946
 34500,  0.619,  0.057,  1.069, 33.754,  0.176, 13.496
 34560,  0.709,  0.029,  1.046, 35.741,  0.195, 14.064
 34620,  0.589,  0.036,  1.155, 36.968,  0.200, 14.636
