CampaignData_and_Merges/R0/CSL_MobileLab_Parked/raw/20240728/USOS-PTR_MobileLabGround_20240728_R0.ict
58, 1001
Matthew Coggon, Kelvin Bates, Chelsea Stockwell, Carsten Warneke
NOAA ESRL Chemical Sciences Division
NOAA PTR-ToF-MS
USOS
1,1 
2024, 07, 28, 2025, 09, 19
0
Time_Start, seconds, number of seconds from 00:00 UTC 
22
1, 1, 1, 1, 1, 1, 1, 1, 1, 1, 1, 1, 1, 1, 1, 1, 1, 1, 1, 1, 1, 1
-9999, -9999, -9999, -9999, -9999, -9999, -9999, -9999, -9999, -9999, -9999, -9999, -9999, -9999, -9999, -9999, -9999, -9999, -9999, -9999, -9999, -9999
CH3OH_NOAAPTR_ppbv,  ppbv, Gas_CH3OH_InSitu_S_AVMR, (CH3OH) methanol
CH3CN_NOAAPTR_ppbv,  ppbv, Gas_CH3CN_InSitu_S_AVMR, (CH3CN) acetonitrile
CH3CHO_NOAAPTR_ppbv,  ppbv, Gas_CH3CHO_InSitu_S_AVMR, (CH3CHO) acetaldehyde plus contributions from ethylene glycol and ethylene oxide. Interference from ethanol has been subtracted out.
C2H5OH_NOAAPTR_ppbv,  ppbv, Gas_C2H5OH_InSitu_S_AVMR, (C2H5OH) ethanol
CH3SH_NOAAPTR_ppbv,  ppbv, Gas_CH3SH_InSitu_S_AVMR, (CH3SH) methanethiol, using calibration factor for DMS
Acrolein_NOAAPTR_ppbv,  ppbv, Gas_Acrolein_InSitu_S_AVMR, (C3H4O) acrolein
AcetonePropanal_NOAAPTR_ppbv,  ppbv, Gas_AcetoneAndPropanal_InSitu_S_AVMR, (C3H6O) sum of acetone (dominant isomer) and propanal, using calibration factor for acetone
DMS_NOAAPTR_ppbv,  ppbv, Gas_DMS_InSitu_S_AVMR, (C2H6S) dimethyl sulfide with possible small contributions from ethanethiol
C5H8_NOAAPTR_ppbv,  ppbv, Gas_Isoprene_InSitu_S_AVMR, (C5H8) isoprene and possible fragments from cycloalkanes and aldehydes. Interferences have been subtracted following methods described by Coggon et al (2023)
MVKMAC_NOAAPTR_ppbv,  ppbv, Gas_MVKAndMAC_InSitu_S_AVMR, (C4H6O) sum of methyl vinyl ketone, methacrolein, and small amounts of crotonaldehyde, using weighted calibration factor for MVK (0.637) and MACR (0.363)
Benzene_NOAAPTR_ppbv,  ppbv, Gas_Benzene_InSitu_S_AVMR, (C6H6) benzene
Toluene_NOAAPTR_ppbv,  ppbv, Gas_Toluene_InSitu_S_AVMR, (C7H8) toluene with possible small contributions of fragments from ethyltoluene
Styrene_NOAAPTR_ppbv,  ppbv, Gas_Styrene_InSitu_S_AVMR, (C8H8) styrene
Benzaldehyde_NOAAPTR_ppbv,  ppbv, Gas_Benzaldehyde_InSitu_S_AVMR, (C7H6O) benzaldehyde
C8Aromatics_NOAAPTR_ppbv,  ppbv, Gas_C8Aromatics_InSitu_M_AVMR, (C8H10) sum of m-xylene, p-xylene, o-xylene, and ethyl benzene
C9Aromatics_NOAAPTR_ppbv,  ppbv, Gas_C9Aromatics_InSitu_M_AVMR, (C9H12) sum of C9 aromatics
Naphthalene_NOAAPTR_ppbv,  ppbv, Gas_Naphthalene_InSitu_S_AVMR, (C10H8) naphthalene
Octanal_NOAAPTR_ppbv,  ppbv, Gas_Octanal_InSitu_S_AVMR, (C8H16O) octanal and small amounts of octanone
Monoterpenes_NOAAPTR_ppbv,  ppbv, Gas_Monoterpenes_InSitu_M_AVMR, (C10H16) sum of monoterpenes and possible contributions from fragments of oxygenated monoterpenoids such as eucalyptol.
Nonanal_NOAAPTR_ppbv,  ppbv, Gas_Nonanal_InSitu_M_AVMR, (C9H18O) nonanal and small amounts of nonanone
C7H4ClF3_NOAAPTR_ppbv,  ppbv, Gas_C7H4ClF3_InSitu_S_AVMR, (C7H4ClF3) parachlorobenzotrifluoride
C10H30O5Si5_NOAAPTR_ppbv,  ppbv, Gas_C10H30O5Si5_InSitu_S_AVMR, (C10H30O5Si5) decamethylcyclopentasiloxane
1
SPECIAL COMMENTS:N/A
21
PI_CONTACT_INFO: NOAA ESRL Chemical Sciences Division, Tropospheric Chemistry Group. 325 Broadway, R/CSD7, Boulder, CO 80305
PLATFORM: Mobile Laboratory.
LOCATION: Salt Lake City, UT
ASSOCIATED_DATA: N/A
INSTRUMENT_INFO: NOAA PTR-ToF-MS measurements on NOAA CSL Mobile Lab
DATA_INFO: Units: ppbv
UNCERTAINTY: See OTHER_COMMENTS
ULOD_FLAG: -7777
ULOD_VALUE: N/A
LLOD_FLAG: -8888
LLOD_VALUE: N/A.
DM_CONTACT_INFO: Data Managers: Matt Coggon, Kelvin Bates, Chelsea Stockwell; email: matthew.m.coggon@noaa.gov and kelvin.bates@colorado.edu
PROJECT_INFO: USOS Deployment July-August, 2024
STIPULATIONS_ON_USE: Use of these data require prior OK from PI.
OTHER_COMMENTS: Uncertainties:
CH3OH_NOAAPTR_ppbv:30%; CH3CN_NOAAPTR_ppbv:30%; CH3CHO_NOAAPTR_ppbv:30%; C2H5OH_NOAAPTR_ppbv:30%; CH3SH_NOAAPTR_ppbv:50%; Acrolein_NOAAPTR_ppbv:30%; AcetonePropanal_NOAAPTR_ppbv:30%; DMS_NOAAPTR_ppbv:30%; C5H8_NOAAPTR_ppbv:30%; MVKMAC_NOAAPTR_ppbv:30%; 
Benzene_NOAAPTR_ppbv:30%; Toluene_NOAAPTR_ppbv:30%; Styrene_NOAAPTR_ppbv:30%; Benzaldehyde_NOAAPTR_ppbv:30%; C8Aromatics_NOAAPTR_ppbv:30%; C9Aromatics_NOAAPTR_ppbv:30%; Naphthalene_NOAAPTR_ppbv:30%; Octanal_NOAAPTR_ppbv:30%; Monoterpenes_NOAAPTR_ppbv:30%; Nonanal_NOAAPTR_ppbv:30%; 
C7H4ClF3_NOAAPTR_ppbv:30%; C10H30O5Si5_NOAAPTR_ppbv:30%; 
REVISION: R0
R0: Calibrated PTR Data. See individual species comments for details about measurement uncertainties
Time_Start, CH3OH_NOAAPTR_ppbv, CH3CN_NOAAPTR_ppbv, CH3CHO_NOAAPTR_ppbv, C2H5OH_NOAAPTR_ppbv, CH3SH_NOAAPTR_ppbv, Acrolein_NOAAPTR_ppbv, AcetonePropanal_NOAAPTR_ppbv, DMS_NOAAPTR_ppbv, C5H8_NOAAPTR_ppbv, MVKMAC_NOAAPTR_ppbv, Benzene_NOAAPTR_ppbv, Toluene_NOAAPTR_ppbv, Styrene_NOAAPTR_ppbv, Benzaldehyde_NOAAPTR_ppbv, C8Aromatics_NOAAPTR_ppbv, C9Aromatics_NOAAPTR_ppbv, Naphthalene_NOAAPTR_ppbv, Octanal_NOAAPTR_ppbv, Monoterpenes_NOAAPTR_ppbv, Nonanal_NOAAPTR_ppbv, C7H4ClF3_NOAAPTR_ppbv, C10H30O5Si5_NOAAPTR_ppbv
[from data line 739]
44340.0, -9999.00000, -9999.00000, -9999.00000, -9999.00000, -9999.00000, -9999.00000, -9999.00000, -9999.00000, -9999.00000, -9999.00000, -9999.00000, -9999.00000, -9999.00000, -9999.00000, -9999.00000, -9999.00000, -9999.00000, -9999.00000, -9999.00000, -9999.00000, -9999.00000, -9999.00000 
44400.0, -9999.00000, -9999.00000, -9999.00000, -9999.00000, -9999.00000, -9999.00000, -9999.00000, -9999.00000, -9999.00000, -9999.00000, -9999.00000, -9999.00000, -9999.00000, -9999.00000, -9999.00000, -9999.00000, -9999.00000, -9999.00000, -9999.00000, -9999.00000, -9999.00000, -9999.00000 
44460.0, -9999.00000, -9999.00000, -9999.00000, -9999.00000, -9999.00000, -9999.00000, -9999.00000, -9999.00000, -9999.00000, -9999.00000, -9999.00000, -9999.00000, -9999.00000, -9999.00000, -9999.00000, -9999.00000, -9999.00000, -9999.00000, -9999.00000, -9999.00000, -9999.00000, -9999.00000 
44520.0, -9999.00000, -9999.00000, -9999.00000, -9999.00000, -9999.00000, -9999.00000, -9999.00000, -9999.00000, -9999.00000, -9999.00000, -9999.00000, -9999.00000, -9999.00000, -9999.00000, -9999.00000, -9999.00000, -9999.00000, -9999.00000, -9999.00000, -9999.00000, -9999.00000, -9999.00000 
44580.0, -9999.00000, -9999.00000, -9999.00000, -9999.00000, -9999.00000, -9999.00000, -9999.00000, -9999.00000, -9999.00000, -9999.00000, -9999.00000, -9999.00000, -9999.00000, -9999.00000, -9999.00000, -9999.00000, -9999.00000, -9999.00000, -9999.00000, -9999.00000, -9999.00000, -9999.00000 
44640.0, -9999.00000, -9999.00000, -9999.00000, -9999.00000, -9999.00000, -9999.00000, -9999.00000, -9999.00000, -9999.00000, -9999.00000, -9999.00000, -9999.00000, -9999.00000, -9999.00000, -9999.00000, -9999.00000, -9999.00000, -9999.00000, -9999.00000, -9999.00000, -9999.00000, -9999.00000 
44700.0, 21.15244, 0.43500, 3.79335, 14.87365, 0.00889, 0.47415, 5.45169, -0.00009, 0.18480, 0.32396, 0.61572, 0.91739, 0.09762, 0.08165, 0.65791, 0.32451, 0.04406, 0.13309, 0.14863, 0.15177, 0.02144, 0.01765 
44760.0, 20.67173, 0.41175, 3.80918, 14.44696, 0.00800, 0.47368, 5.21308, -0.00009, 0.20544, 0.33139, 0.52305, 0.95867, 0.12831, 0.07001, 0.69835, 0.32323, 0.03211, 0.10357, 0.20050, 0.14575, 0.02112, 0.02736 
44820.0, 27.29840, 0.39331, 3.96105, 14.42077, 0.00515, 0.49809, 5.48478, -0.00009, 0.21303, 0.33422, 0.47959, 1.02766, 0.12835, 0.05958, 0.74757, 0.31430, 0.02522, 0.12135, 0.16701, 0.15031, 0.02310, 0.03317 
44880.0, 28.41878, 0.40360, 3.89999, 16.08218, 0.01006, 0.44990, 5.89670, -0.00009, 0.20481, 0.32503, 0.58876, 1.06448, 0.12117, 0.08390, 0.73976, 0.32314, 0.01455, 0.12571, 0.19064, 0.18951, 0.02734, 0.03587 
44940.0, 27.73373, 0.41341, 3.93295, 16.74461, 0.00931, 0.50173, 6.01120, -0.00009, 0.21841, 0.31851, 0.65666, 1.07034, 0.11355, 0.12005, 0.70931, 0.27885, 0.05047, 0.13142, 0.20625, 0.15654, 0.02068, 0.03535 
45000.0, 29.88634, 0.40253, 3.92911, 15.23863, 0.01076, 0.48146, 6.02741, -0.00009, 0.15153, 0.33029, 0.67192, 1.07213, 0.10208, 0.09177, 0.73921, 0.32715, 0.04530, 0.12179, 0.21127, 0.16520, 0.02093, 0.04146 
45060.0, 34.44261, 0.38538, 3.69904, 14.68578, 0.00996, 0.49695, 5.45355, -0.00009, 0.15309, 0.32614, 0.52874, 0.91389, 0.09408, 0.06667, 0.60506, 0.27852, 0.04456, 0.13693, 0.20301, 0.16695, 0.01589, 0.02973 
45120.0, 32.35533, 0.40568, 3.51063, 13.69849, 0.00627, 0.45965, 5.26216, -0.00009, 0.16639, 0.32129, 0.43953, 0.86330, 0.07110, 0.08107, 0.57937, 0.24675, 0.01990, 0.10961, 0.18918, 0.12133, 0.01830, 0.03588 
45180.0, 32.31324, 0.41542, 3.67953, 14.32613, 0.00899, 0.45794, 5.48470, -0.00008, 0.19496, 0.30794, 0.55993, 0.96275, 0.11377, 0.08664, 0.58116, 0.26208, 0.02641, 0.11194, 0.18583, 0.16914, 0.01399, 0.02888 
45240.0, 30.16322, 0.39367, 3.60211, 15.17093, 0.00802, 0.41167, 5.20909, -0.00008, 0.18776, 0.30594, 0.45936, 0.84890, 0.02985, 0.07244, 0.56235, 0.22717, 0.03812, 0.11249, 0.23462, 0.15811, 0.01378, 0.03179 
45300.0, 30.34847, 0.41362, 3.63489, 14.54684, 0.00846, 0.42546, 5.37404, -0.00008, 0.22814, 0.29445, 0.51313, 0.90092, 0.07602, 0.06758, 0.57887, 0.25403, 0.03449, 0.09182, 0.17597, 0.15743, 0.02881, 0.03405 
45360.0, 30.28351, 0.42199, 3.68166, 14.75636, 0.01276, 0.45956, 5.49832, 0.00065, 0.19487, 0.30639, 0.47931, 0.85765, 0.11149, 0.06406, 0.59171, 0.23906, 0.02261, 0.12700, 0.21006, 0.16864, 0.02378, 0.02892 
45420.0, 34.18149, 0.39790, 3.72002, 16.05458, 0.00964, 0.46223, 5.81124, -0.00008, 0.17252, 0.31552, 0.57568, 0.94493, 0.10418, 0.07198, 0.62924, 0.26200, 0.02169, 0.10412, 0.23785, 0.15508, 0.02182, 0.03943 
45480.0, 28.91065, 0.41959, 4.00044, 17.10012, 0.00753, 0.49162, 5.89382, 0.00772, 0.22033, 0.34568, 0.52365, 0.93877, 0.08687, 0.06982, 0.60297, 0.24394, 0.03638, 0.10020, 0.25283, 0.16212, 0.01973, 0.03939 
45540.0, 27.84723, 0.40210, 3.85417, 16.45300, 0.01145, 0.45495, 5.79617, -0.00008, 0.21884, 0.33048, 0.42753, 0.89206, 0.08914, 0.06949, 0.57707, 0.23642, 0.03136, 0.14181, 0.30554, 0.16918, 0.02141, 0.04865 
45600.0, 27.73827, 0.39779, 3.78146, 16.23667, 0.01140, 0.47582, 5.89029, 0.02091, 0.15021, 0.31476, 0.47174, 0.81934, -0.00535, 0.10630, 0.50592, 0.20417, 0.05235, 0.10609, 0.27404, 0.14892, 0.01741, 0.03521 
45660.0, 26.55450, 0.38475, 3.78289, 17.97054, 0.00677, 0.50232, 5.71937, 0.00246, 0.14757, 0.32382, 0.47470, 0.74246, 0.08982, 0.08659, 0.48603, 0.19212, 0.04151, 0.13404, 0.30106, 0.22118, 0.01995, 0.04287 
45720.0, 26.01541, 0.38207, 3.69747, 17.52601, 0.01464, 0.46871, 5.54260, -0.00008, 0.19747, 0.29842, 0.37892, 0.73673, 0.06796, 0.07215, 0.45278, 0.19924, 0.02292, 0.10238, 0.26840, 0.15281, 0.01587, 0.02806 
45780.0, 26.15129, 0.40798, 3.61587, 16.70367, 0.00892, 0.46419, 5.31802, 0.01558, 0.12739, 0.35944, 0.37449, 0.68127, 0.07495, 0.07506, 0.46773, 0.18883, 0.02438, 0.09076, 0.22858, 0.14228, 0.01378, 0.03544 
45840.0, 23.88978, 0.37977, 3.47913, 16.28495, 0.00659, 0.44368, 5.22011, -0.00008, 0.17650, 0.31644, 0.35378, 0.66666, 0.05469, 0.09413, 0.44072, 0.18737, 0.02950, 0.14235, 0.22968, 0.14274, 0.01303, 0.03471 
45900.0, 21.48103, 0.42333, 3.07915, 13.71706, 0.00949, 0.37112, 4.68112, -0.00008, 0.18397, 0.27168, 0.34795, 0.62256, 0.07032, 0.07007, 0.40253, 0.16996, 0.02593, 0.07381, 0.15323, 0.13348, 0.01564, 0.03007 
45960.0, 27.86218, 0.41456, 3.45371, 16.33863, 0.01431, 0.43484, 5.29185, -0.00008, 0.23333, 0.30573, 0.46970, 0.79373, 0.10080, 0.06946, 0.51579, 0.19792, 0.04186, 0.17863, 0.24899, 0.17859, 0.01292, 0.03198 
46020.0, 27.45029, 0.40590, 3.48354, 15.24840, 0.01509, 0.45162, 5.18272, 0.00355, 0.16433, 0.30030, 0.42015, 0.66347, 0.08106, 0.08169, 0.45175, 0.19225, 0.02763, 0.09268, 0.22992, 0.12070, 0.01605, 0.03686 
46080.0, 31.63576, 0.39415, 3.45670, 15.04780, 0.00548, 0.44441, 5.11064, -0.00008, 0.18651, 0.30530, 0.44253, 0.74808, 0.07151, 0.07969, 0.46282, 0.20530, 0.04880, 0.09521, 0.20895, 0.12382, 0.01195, 0.03666 
46140.0, 28.14469, 0.40686, 3.38574, 16.07518, 0.00576, 0.41627, 5.08125, -0.00008, 0.17769, 0.32267, 0.49824, 0.73911, 0.08171, 0.10242, 0.50851, 0.22960, 0.03228, 0.11475, 0.20652, 0.13510, 0.02008, 0.02802 
46200.0, 20.44250, 0.41643, 3.30740, 15.66378, 0.01439, 0.39443, 4.73242, 0.00086, 0.19759, 0.29391, 0.36267, 0.62587, 0.07953, 0.04631, 0.44494, 0.16523, 0.01958, 0.07599, 0.21538, 0.13871, 0.01385, 0.02530 
46260.0, 22.78955, 0.38144, 3.24346, 14.87962, 0.00964, 0.39955, 4.78282, 0.01072, 0.21634, 0.31057, 0.29702, 0.59437, 0.06023, 0.05828, 0.36592, 0.16709, 0.02771, 0.09157, 0.25342, 0.11137, 0.01068, 0.02379 
46320.0, 42.08171, 0.38799, 3.21522, 16.96295, 0.01403, 0.39147, 4.96165, 0.00133, 0.23636, 0.30366, 0.36635, 0.62256, 0.05817, 0.06344, 0.41590, 0.15924, 0.03871, 0.11746, 0.25065, 0.15168, 0.01314, 0.02259 
46380.0, 45.23854, 0.38688, 3.51863, 16.31292, 0.00950, 0.37908, 4.87654, 0.00813, 0.26766, 0.30117, 0.46869, 0.58610, 0.07213, 0.08316, 0.39618, 0.15896, 0.02918, 0.12340, 0.29607, 0.12792, 0.00894, 0.02559 
46440.0, 38.23123, 0.42429, 3.50071, 17.42575, 0.01782, 0.38570, 4.78614, -0.00008, 0.21373, 0.30729, 0.26925, 0.59912, 0.02090, 0.07641, 0.40087, 0.14777, 0.02780, 0.09652, 0.29078, 0.14303, 0.01894, 0.02914 
46500.0, 32.92496, 0.38936, 3.38248, 16.44180, 0.01034, 0.40789, 4.86369, -0.00008, 0.20669, 0.29697, 0.38022, 0.57151, 0.06466, 0.09032, 0.40120, 0.16831, 0.03129, 0.10403, 0.26535, 0.17596, 0.01616, 0.04319 
46560.0, 30.61170, 0.39099, 3.38344, 16.10284, 0.01199, 0.36586, 4.83497, -0.00008, 0.15367, 0.32829, 0.45371, 0.58483, 0.06721, 0.08746, 0.37411, 0.16695, 0.01874, 0.11449, 0.26589, 0.15855, 0.01375, 0.02371 
46620.0, 24.67265, 0.41421, 3.11439, 14.65801, 0.01090, 0.38392, 4.66899, -0.00008, 0.13062, 0.30145, 0.34537, 0.52485, 0.06076, 0.07676, 0.34666, 0.14285, 0.00624, 0.08527, 0.22952, 0.17269, 0.00986, 0.02235 
46680.0, 31.04586, 0.37548, 3.56872, 20.80307, 0.01157, 0.44911, 5.06007, -0.00008, 0.23328, 0.30367, 0.69236, 1.42644, 0.03449, 0.08865, 0.84273, 0.27612, 0.02585, 0.07586, 0.28368, 0.15151, 0.01884, 0.02511 
46740.0, 27.00802, 0.40962, 3.20022, 14.76663, 0.00426, 0.37363, 4.69547, 0.00180, 0.20969, 0.31477, 0.32172, 0.57845, -0.00548, 0.06048, 0.35842, 0.15307, 0.01157, 0.09930, 0.23822, 0.16147, 0.01547, 0.02685 
46800.0, 29.06917, 0.41441, 3.18977, 15.63483, 0.00926, 0.40294, 4.66910, -0.00007, 0.22199, 0.30879, 0.33570, 0.61615, 0.07656, 0.10726, 0.38426, 0.18406, 0.01296, 0.08869, 0.28542, 0.14434, 0.01134, 0.03426 
46860.0, 28.83520, 0.39244, 3.33297, 17.04467, 0.00584, 0.35893, 4.70693, -0.00007, 0.17383, 0.29336, 0.35818, 0.61631, 0.05483, 0.08778, 0.38990, 0.14732, 0.00919, 0.09032, 0.33284, 0.13778, 0.01144, 0.02619 
46920.0, 29.91869, 0.41062, 3.37864, 16.42688, 0.01164, 0.40806, 4.70836, 0.00431, 0.23606, 0.30473, 0.34649, 0.60898, 0.06510, 0.05737, 0.38171, 0.14537, 0.03031, 0.07900, 0.35148, 0.14711, 0.00972, 0.02707 
46980.0, 34.53101, 0.37926, 3.37441, 16.55924, 0.01100, 0.40225, 4.72074, 0.00122, 0.22296, 0.29682, 0.34355, 0.58784, 0.05575, 0.07694, 0.38780, 0.16656, 0.02651, 0.11090, 0.29669, 0.14178, 0.00858, 0.02884 
47040.0, 29.57034, 0.41291, 3.26532, 17.23912, 0.00583, 0.40699, 4.85695, -0.00007, 0.24078, 0.31536, 0.36221, 0.59976, 0.07407, 0.06344, 0.41038, 0.16737, 0.01674, 0.12116, 0.29420, 0.13794, 0.01857, 0.02973 
47100.0, 28.02540, 0.39318, 3.41675, 16.85436, 0.00738, 0.41248, 4.80642, -0.00007, 0.19835, 0.31400, 0.43887, 0.68716, 0.08951, 0.07127, 0.43584, 0.16059, 0.02469, 0.08659, 0.25593, 0.14144, 0.01855, 0.02988 
47160.0, 32.13431, 0.39378, 3.34464, 16.08416, 0.00986, 0.37592, 4.81160, 0.00873, 0.22950, 0.31334, 0.33711, 0.60022, 0.06628, 0.06768, 0.40202, 0.15755, 0.01701, 0.09948, 0.29514, 0.14455, 0.01548, 0.01936 
47220.0, 30.29990, 0.40218, 3.39801, 15.96120, 0.01189, 0.41093, 4.80316, 0.00499, 0.20702, 0.30852, 0.36928, 0.57981, 0.04810, 0.07288, 0.39646, 0.15622, 0.02529, 0.09850, 0.28735, 0.12165, 0.01736, 0.02752 
47280.0, 32.12437, 0.38538, 3.42703, 16.25575, 0.01051, 0.40809, 4.83456, -0.00007, 0.17817, 0.32540, 0.40266, 0.63914, 0.03475, 0.04826, 0.40454, 0.16676, 0.01826, 0.11587, 0.29768, 0.14293, 0.01013, 0.02440 
47340.0, 29.92050, 0.41164, 3.29984, 15.85950, 0.00847, 0.39719, 4.78214, -0.00007, 0.21832, 0.30174, 0.41531, 0.64406, 0.06437, 0.08331, 0.37653, 0.16928, 0.02307, 0.09370, 0.29338, 0.15049, 0.01881, 0.02533 
47400.0, 29.35418, 0.38711, 3.41009, 16.16361, 0.00505, 0.42302, 4.82445, -0.00007, 0.17708, 0.30814, 0.35528, 0.62524, 0.06583, 0.06330, 0.37981, 0.17545, 0.03510, 0.10852, 0.31044, 0.14498, 0.01268, 0.02604 
47460.0, 28.45101, 0.40959, 3.33403, 14.11751, 0.00699, 0.40853, 4.73155, -0.00007, 0.21739, 0.32039, 0.34353, 0.58572, 0.06760, 0.07705, 0.39338, 0.14325, 0.00566, 0.08964, 0.29395, 0.13926, 0.01278, 0.03084 
47520.0, 30.00016, 0.40776, 3.46679, 16.16771, 0.00988, 0.41554, 4.89568, -0.00007, 0.19524, 0.30153, 0.37555, 0.57677, 0.06695, 0.09909, 0.35630, 0.16505, 0.03318, 0.11641, 0.28232, 0.15294, 0.00697, 0.02871 
47580.0, 30.87199, 0.38613, 3.50441, 15.41856, 0.00991, 0.39271, 4.82429, 0.01661, 0.20909, 0.32644, 0.39714, 0.56961, 0.04271, 0.07079, 0.39099, 0.15157, 0.02175, 0.10374, 0.30561, 0.13831, 0.01077, 0.01682 
47640.0, 44.13877, 0.39786, 3.55253, 14.87661, 0.00544, 0.44489, 4.85105, 0.00743, 0.21264, 0.29102, 0.38036, 0.63686, 0.05877, 0.10374, 0.38238, 0.15647, 0.02377, 0.10076, 0.27849, 0.14765, 0.01145, 0.03335 
47700.0, 28.70472, 0.36890, 2.86240, 10.22534, 0.00363, 0.37543, 4.51088, -0.00007, 0.16596, 0.28973, 0.31407, 0.57488, 0.03043, 0.05152, 0.32511, 0.13666, 0.01072, 0.09418, 0.24182, 0.13705, 0.00973, 0.02261 
47760.0, 31.95520, 0.36719, 3.14735, 13.11439, 0.01167, 0.35897, 4.58357, -0.00007, 0.17772, 0.30414, 0.33593, 0.58411, 0.05254, 0.07127, 0.35524, 0.12665, 0.00708, 0.10362, 0.27125, 0.13426, 0.01363, 0.02709 
47820.0, 23.03375, 0.38179, 2.98378, 11.17838, 0.00641, 0.35903, 4.53941, -0.00007, 0.21869, 0.29796, 0.37630, 0.54614, 0.06153, 0.08151, 0.31301, 0.13509, 0.01568, 0.07570, 0.25177, 0.12376, 0.00917, 0.01935 
47880.0, 25.63790, 0.38945, 2.97663, 11.63744, 0.00960, 0.37023, 4.77775, -0.00007, 0.27903, 0.29804, 0.37950, 0.60787, 0.03229, 0.07959, 0.37689, 0.14890, 0.03249, 0.06600, 0.25587, 0.16048, 0.00685, 0.01895 
47940.0, 27.53232, 0.40305, 3.18420, 11.36594, 0.01365, 0.37139, 4.66039, -0.00007, 0.25390, 0.31982, 0.34900, 0.61469, 0.06418, 0.04492, 0.36645, 0.16812, 0.01733, 0.07577, 0.29776, 0.13368, 0.00585, 0.02582 
48000.0, 124.73991, 0.38857, 3.20156, 13.36394, 0.01133, 0.41453, 4.94387, -0.00007, 0.38323, 0.33394, 0.39142, 0.76886, 0.04844, 0.05707, 0.48065, 0.23623, 0.00503, 0.13039, 0.24592, 0.13177, 0.01101, 0.02922 
48060.0, 106.61082, 0.42013, 3.25238, 13.01236, 0.00481, 0.42484, 4.97629, -0.00007, 0.35085, 0.35368, 0.55106, 0.72600, 0.09585, 0.06369, 0.49401, 0.26910, 0.00579, 0.11115, 0.27350, 0.13511, 0.00934, 0.03217 
48120.0, 25.41567, 0.35900, 2.94510, 10.90006, 0.00834, 0.39140, 4.52708, 0.01060, 0.23334, 0.28422, 0.35646, 0.58504, 0.07352, 0.08175, 0.30948, 0.13671, 0.02250, 0.07200, 0.28072, 0.13853, 0.01321, 0.03202 
48180.0, 28.65146, 0.38064, 3.12271, 10.96450, 0.01584, 0.34857, 4.57608, -0.00007, 0.22014, 0.31783, 0.33628, 0.61112, 0.06070, 0.07886, 0.34750, 0.13743, 0.01556, 0.07469, 0.27952, 0.11341, 0.01573, 0.02515 
48240.0, 27.36686, 0.37109, 3.02573, 10.46133, 0.00686, 0.37031, 4.60920, 0.00726, 0.28561, 0.31598, 0.30047, 0.58343, 0.06449, 0.07764, 0.31803, 0.13981, 0.00362, 0.06521, 0.26997, 0.15855, 0.00935, 0.02534 
48300.0, 26.30556, 0.37350, 2.76823, 10.41790, 0.00752, 0.35423, 4.45689, -0.00006, 0.22675, 0.32312, 0.39155, 0.48405, 0.06199, 0.07543, 0.27636, 0.12484, 0.00563, 0.08683, 0.28187, 0.12420, 0.00788, 0.02279 
48360.0, -9999.00000, -9999.00000, -9999.00000, -9999.00000, -9999.00000, -9999.00000, -9999.00000, -9999.00000, -9999.00000, -9999.00000, -9999.00000, -9999.00000, -9999.00000, -9999.00000, -9999.00000, -9999.00000, -9999.00000, -9999.00000, -9999.00000, -9999.00000, -9999.00000, -9999.00000 
48420.0, -9999.00000, -9999.00000, -9999.00000, -9999.00000, -9999.00000, -9999.00000, -9999.00000, -9999.00000, -9999.00000, -9999.00000, -9999.00000, -9999.00000, -9999.00000, -9999.00000, -9999.00000, -9999.00000, -9999.00000, -9999.00000, -9999.00000, -9999.00000, -9999.00000, -9999.00000 
48480.0, -9999.00000, -9999.00000, -9999.00000, -9999.00000, -9999.00000, -9999.00000, -9999.00000, -9999.00000, -9999.00000, -9999.00000, -9999.00000, -9999.00000, -9999.00000, -9999.00000, -9999.00000, -9999.00000, -9999.00000, -9999.00000, -9999.00000, -9999.00000, -9999.00000, -9999.00000 
