CampaignData_and_Merges/R0/CSL_MobileLab_Parked/raw/20240728/USOS-PTR_MobileLabGround_20240728_R0.ict
58, 1001
Matthew Coggon, Kelvin Bates, Chelsea Stockwell, Carsten Warneke
NOAA ESRL Chemical Sciences Division
NOAA PTR-ToF-MS
USOS
1,1 
2024, 07, 28, 2025, 09, 19
0
Time_Start, seconds, number of seconds from 00:00 UTC 
22
1, 1, 1, 1, 1, 1, 1, 1, 1, 1, 1, 1, 1, 1, 1, 1, 1, 1, 1, 1, 1, 1
-9999, -9999, -9999, -9999, -9999, -9999, -9999, -9999, -9999, -9999, -9999, -9999, -9999, -9999, -9999, -9999, -9999, -9999, -9999, -9999, -9999, -9999
CH3OH_NOAAPTR_ppbv,  ppbv, Gas_CH3OH_InSitu_S_AVMR, (CH3OH) methanol
CH3CN_NOAAPTR_ppbv,  ppbv, Gas_CH3CN_InSitu_S_AVMR, (CH3CN) acetonitrile
CH3CHO_NOAAPTR_ppbv,  ppbv, Gas_CH3CHO_InSitu_S_AVMR, (CH3CHO) acetaldehyde plus contributions from ethylene glycol and ethylene oxide. Interference from ethanol has been subtracted out.
C2H5OH_NOAAPTR_ppbv,  ppbv, Gas_C2H5OH_InSitu_S_AVMR, (C2H5OH) ethanol
CH3SH_NOAAPTR_ppbv,  ppbv, Gas_CH3SH_InSitu_S_AVMR, (CH3SH) methanethiol, using calibration factor for DMS
Acrolein_NOAAPTR_ppbv,  ppbv, Gas_Acrolein_InSitu_S_AVMR, (C3H4O) acrolein
AcetonePropanal_NOAAPTR_ppbv,  ppbv, Gas_AcetoneAndPropanal_InSitu_S_AVMR, (C3H6O) sum of acetone (dominant isomer) and propanal, using calibration factor for acetone
DMS_NOAAPTR_ppbv,  ppbv, Gas_DMS_InSitu_S_AVMR, (C2H6S) dimethyl sulfide with possible small contributions from ethanethiol
C5H8_NOAAPTR_ppbv,  ppbv, Gas_Isoprene_InSitu_S_AVMR, (C5H8) isoprene and possible fragments from cycloalkanes and aldehydes. Interferences have been subtracted following methods described by Coggon et al (2023)
MVKMAC_NOAAPTR_ppbv,  ppbv, Gas_MVKAndMAC_InSitu_S_AVMR, (C4H6O) sum of methyl vinyl ketone, methacrolein, and small amounts of crotonaldehyde, using weighted calibration factor for MVK (0.637) and MACR (0.363)
Benzene_NOAAPTR_ppbv,  ppbv, Gas_Benzene_InSitu_S_AVMR, (C6H6) benzene
Toluene_NOAAPTR_ppbv,  ppbv, Gas_Toluene_InSitu_S_AVMR, (C7H8) toluene with possible small contributions of fragments from ethyltoluene
Styrene_NOAAPTR_ppbv,  ppbv, Gas_Styrene_InSitu_S_AVMR, (C8H8) styrene
Benzaldehyde_NOAAPTR_ppbv,  ppbv, Gas_Benzaldehyde_InSitu_S_AVMR, (C7H6O) benzaldehyde
C8Aromatics_NOAAPTR_ppbv,  ppbv, Gas_C8Aromatics_InSitu_M_AVMR, (C8H10) sum of m-xylene, p-xylene, o-xylene, and ethyl benzene
C9Aromatics_NOAAPTR_ppbv,  ppbv, Gas_C9Aromatics_InSitu_M_AVMR, (C9H12) sum of C9 aromatics
Naphthalene_NOAAPTR_ppbv,  ppbv, Gas_Naphthalene_InSitu_S_AVMR, (C10H8) naphthalene
Octanal_NOAAPTR_ppbv,  ppbv, Gas_Octanal_InSitu_S_AVMR, (C8H16O) octanal and small amounts of octanone
Monoterpenes_NOAAPTR_ppbv,  ppbv, Gas_Monoterpenes_InSitu_M_AVMR, (C10H16) sum of monoterpenes and possible contributions from fragments of oxygenated monoterpenoids such as eucalyptol.
Nonanal_NOAAPTR_ppbv,  ppbv, Gas_Nonanal_InSitu_M_AVMR, (C9H18O) nonanal and small amounts of nonanone
C7H4ClF3_NOAAPTR_ppbv,  ppbv, Gas_C7H4ClF3_InSitu_S_AVMR, (C7H4ClF3) parachlorobenzotrifluoride
C10H30O5Si5_NOAAPTR_ppbv,  ppbv, Gas_C10H30O5Si5_InSitu_S_AVMR, (C10H30O5Si5) decamethylcyclopentasiloxane
1
SPECIAL COMMENTS:N/A
21
PI_CONTACT_INFO: NOAA ESRL Chemical Sciences Division, Tropospheric Chemistry Group. 325 Broadway, R/CSD7, Boulder, CO 80305
PLATFORM: Mobile Laboratory.
LOCATION: Salt Lake City, UT
ASSOCIATED_DATA: N/A
INSTRUMENT_INFO: NOAA PTR-ToF-MS measurements on NOAA CSL Mobile Lab
DATA_INFO: Units: ppbv
UNCERTAINTY: See OTHER_COMMENTS
ULOD_FLAG: -7777
ULOD_VALUE: N/A
LLOD_FLAG: -8888
LLOD_VALUE: N/A.
DM_CONTACT_INFO: Data Managers: Matt Coggon, Kelvin Bates, Chelsea Stockwell; email: matthew.m.coggon@noaa.gov and kelvin.bates@colorado.edu
PROJECT_INFO: USOS Deployment July-August, 2024
STIPULATIONS_ON_USE: Use of these data require prior OK from PI.
OTHER_COMMENTS: Uncertainties:
CH3OH_NOAAPTR_ppbv:30%; CH3CN_NOAAPTR_ppbv:30%; CH3CHO_NOAAPTR_ppbv:30%; C2H5OH_NOAAPTR_ppbv:30%; CH3SH_NOAAPTR_ppbv:50%; Acrolein_NOAAPTR_ppbv:30%; AcetonePropanal_NOAAPTR_ppbv:30%; DMS_NOAAPTR_ppbv:30%; C5H8_NOAAPTR_ppbv:30%; MVKMAC_NOAAPTR_ppbv:30%; 
Benzene_NOAAPTR_ppbv:30%; Toluene_NOAAPTR_ppbv:30%; Styrene_NOAAPTR_ppbv:30%; Benzaldehyde_NOAAPTR_ppbv:30%; C8Aromatics_NOAAPTR_ppbv:30%; C9Aromatics_NOAAPTR_ppbv:30%; Naphthalene_NOAAPTR_ppbv:30%; Octanal_NOAAPTR_ppbv:30%; Monoterpenes_NOAAPTR_ppbv:30%; Nonanal_NOAAPTR_ppbv:30%; 
C7H4ClF3_NOAAPTR_ppbv:30%; C10H30O5Si5_NOAAPTR_ppbv:30%; 
REVISION: R0
R0: Calibrated PTR Data. See individual species comments for details about measurement uncertainties
Time_Start, CH3OH_NOAAPTR_ppbv, CH3CN_NOAAPTR_ppbv, CH3CHO_NOAAPTR_ppbv, C2H5OH_NOAAPTR_ppbv, CH3SH_NOAAPTR_ppbv, Acrolein_NOAAPTR_ppbv, AcetonePropanal_NOAAPTR_ppbv, DMS_NOAAPTR_ppbv, C5H8_NOAAPTR_ppbv, MVKMAC_NOAAPTR_ppbv, Benzene_NOAAPTR_ppbv, Toluene_NOAAPTR_ppbv, Styrene_NOAAPTR_ppbv, Benzaldehyde_NOAAPTR_ppbv, C8Aromatics_NOAAPTR_ppbv, C9Aromatics_NOAAPTR_ppbv, Naphthalene_NOAAPTR_ppbv, Octanal_NOAAPTR_ppbv, Monoterpenes_NOAAPTR_ppbv, Nonanal_NOAAPTR_ppbv, C7H4ClF3_NOAAPTR_ppbv, C10H30O5Si5_NOAAPTR_ppbv
[from data line 73]
 4380.0, 4.30798, 0.29232, 0.66432, 1.14525, 0.00423, 0.10292, 2.50007, 0.09335, 0.11220, 0.08452, 0.13140, 0.07381, 0.01076, 0.01969, 0.03544, 0.00973, -0.00168, 0.02458, 0.07186, 0.01769, 0.00765, 0.00302 
 4440.0, 5.01587, 0.29466, 0.73939, 1.69278, 0.00651, 0.11023, 2.57755, 0.09380, 0.10880, 0.08263, 0.24044, 0.20944, 0.02689, 0.06203, 0.10022, 0.03956, 0.02572, 0.02397, 0.08032, 0.03364, 0.00179, 0.00273 
 4500.0, 4.62794, 0.26509, 0.84990, 5.73562, 0.00844, 0.16256, 2.57985, 0.09148, 0.17496, 0.07381, 0.39235, 0.73199, 0.03652, 0.02621, 0.34033, 0.09930, 0.00642, 0.01630, 0.07752, 0.04446, 0.00191, 0.00244 
 4560.0, 4.57724, 0.27884, 0.71234, 1.52792, 0.00377, 0.08151, 2.64726, 0.09170, 0.08489, 0.10454, 0.20170, 0.14672, 0.01134, 0.05243, 0.07438, 0.03359, 0.00748, 0.02349, 0.08553, 0.05744, 0.00093, 0.00417 
 4620.0, 3.94013, 0.28987, 0.65473, 1.16950, 0.00276, 0.13060, 2.54424, 0.07485, 0.13156, 0.07767, 0.41334, 1.04599, 0.07844, -0.00110, 0.73444, 0.35605, 0.01022, 0.02551, 0.08782, 0.03688, 0.00204, 0.00322 
 4680.0, 4.48708, 0.27319, 0.75019, 1.45889, 0.00708, 0.08009, 2.52407, 0.07499, 0.09268, 0.09189, 0.32491, 0.40900, 0.03245, 0.02501, 0.30979, 0.16597, 0.01443, 0.01667, 0.08527, 0.03805, 0.00028, 0.00231 
 4740.0, 4.79427, 0.26358, 0.66756, 1.41873, 0.00115, 0.08372, 2.53336, 0.06941, 0.13182, 0.09279, 0.21729, 0.17800, 0.01685, 0.06459, 0.12234, 0.05460, 0.01042, 0.03625, 0.06581, 0.04357, 0.00284, 0.00258 
 4800.0, 4.46437, 0.27167, 0.73713, 1.68681, 0.00572, 0.10547, 2.55684, 0.08078, 0.16320, 0.07173, 0.20682, 0.19170, 0.03106, 0.05934, 0.11774, 0.05994, 0.00931, 0.02635, 0.10626, 0.04687, 0.00177, 0.00707 
 4860.0, 3.79326, 0.28460, 0.68900, 1.18273, 0.01059, 0.10453, 2.51731, 0.07334, 0.10470, 0.07686, 0.17611, 0.15165, 0.01535, 0.03596, 0.06575, 0.02981, 0.00537, -0.00091, 0.08439, 0.03628, -0.00032, 0.00080 
 4920.0, 4.09663, 0.26608, 0.62468, 2.63586, 0.00428, 0.08388, 2.60399, 0.06674, 0.16010, 0.07689, 0.25542, 0.33419, 0.03206, 0.04619, 0.17848, 0.06114, 0.01641, 0.02125, 0.08507, 0.04938, 0.00112, 0.00242 
 4980.0, 4.59590, 0.28159, 0.73467, 1.27016, 0.00404, 0.09444, 2.56682, 0.06902, 0.15106, 0.08476, 0.16371, 0.12089, 0.00798, 0.03678, 0.05981, 0.02443, 0.02203, 0.03558, 0.11514, 0.03811, -0.00099, 0.00458 
 5040.0, 6.08652, 0.26492, 0.80054, 2.08333, 0.00650, 0.12133, 2.64846, 0.08573, 0.18253, 0.10209, 0.20918, 0.23069, 0.02173, 0.03354, 0.11627, 0.04956, 0.02189, 0.02399, 0.11334, 0.02776, 0.00007, 0.00178 
 5100.0, 6.46149, 0.25472, 0.83733, 1.90275, 0.00419, 0.13406, 2.64600, 0.05701, 0.14336, 0.09209, 0.15741, 0.23731, 0.02500, 0.02477, 0.12630, 0.04488, 0.00003, 0.02974, 0.14450, 0.06194, 0.00176, 0.00401 
 5160.0, 5.89435, 0.28383, 0.81154, 1.41826, 0.00535, 0.12881, 2.63596, 0.04969, 0.19468, 0.08638, 0.15911, 0.09834, 0.01075, 0.02828, 0.04991, 0.03296, 0.02108, 0.02382, 0.11417, 0.04502, 0.00027, 0.00131 
 5220.0, 4.31793, 0.27378, 0.62341, 1.13902, 0.00178, 0.11034, 2.60058, 0.03622, 0.17173, 0.07745, 0.15757, 0.11538, 0.01375, 0.04233, 0.04403, 0.02160, 0.00039, 0.00807, 0.09828, 0.05126, 0.00199, 0.00405 
 5280.0, 4.70008, 0.25484, 0.71200, 1.34800, 0.00510, 0.09524, 2.76682, 0.02696, 0.12523, 0.07023, 0.12400, 0.09458, 0.01029, 0.03235, 0.04152, 0.02720, 0.00495, 0.02508, 0.09696, 0.04410, 0.00333, 0.00429 
 5340.0, 3.79776, 0.24377, 0.67474, 1.44885, 0.00373, 0.10084, 2.89645, 0.02489, 0.16065, 0.07935, 0.18560, 0.11549, 0.01234, 0.04783, 0.04448, 0.02286, 0.00423, 0.02190, 0.08409, 0.03530, -0.00097, 0.00648 
 5400.0, 5.73631, 0.26510, 0.62095, 1.48957, 0.00605, 0.09477, 5.39144, 0.04075, 0.12865, 0.08621, 0.16384, 0.08299, 0.01305, 0.05038, 0.04258, 0.02640, 0.00996, 0.01717, 0.10446, 0.03548, 0.00173, 0.00387 
 5460.0, 5.48085, 0.26254, 0.71055, 1.28875, 0.00715, 0.08988, 6.38922, 0.03514, 0.16274, 0.09202, 0.18635, 0.08535, 0.01276, 0.04047, 0.03178, 0.02270, 0.01655, 0.02591, 0.11467, 0.02335, 0.00391, 0.00303 
 5520.0, 5.49969, 0.26500, 0.68486, 1.80472, 0.00669, 0.12043, 4.83968, 0.05111, 0.16479, 0.09685, 0.20065, 0.10287, 0.00711, 0.04750, 0.04807, 0.03451, -0.00108, 0.01412, 0.12293, 0.04817, 0.00129, 0.00273 
 5580.0, 6.59080, 0.26986, 0.81986, 1.99874, 0.00599, 0.14681, 4.03391, 0.02574, 0.22246, 0.09059, 0.24640, 0.21107, 0.03139, 0.06073, 0.08980, 0.04366, 0.01393, 0.04070, 0.10941, 0.08153, 0.00012, 0.00234 
 5640.0, 4.83348, 0.26614, 0.78658, 1.79562, 0.00370, 0.11449, 3.88131, 0.05786, 0.18225, 0.08364, 0.15196, 0.11060, 0.02312, 0.04238, 0.06181, 0.02878, 0.01436, 0.03167, 0.12158, 0.05660, 0.00145, 0.00309 
 5700.0, 4.84352, 0.27626, 0.70202, 1.55601, 0.00431, 0.11539, 3.80975, 0.04448, 0.21005, 0.08303, 0.16248, 0.11323, 0.01874, 0.03876, 0.06159, 0.03657, 0.00234, 0.01751, 0.08718, 0.04222, 0.00223, 0.00307 
 5760.0, 6.45715, 0.28707, 0.82302, 3.44258, 0.00498, 0.14648, 3.44972, 0.03299, 0.23414, 0.09186, 0.24640, 0.39926, 0.02966, 0.02054, 0.19985, 0.06849, 0.01406, 0.04529, 0.09600, 0.05435, 0.00448, 0.00450 
 5820.0, 5.05435, 0.28778, 0.84705, 3.38464, 0.00781, 0.12320, 3.01498, 0.04333, 0.21297, 0.09590, 0.17256, 0.33054, 0.02999, 0.02338, 0.17051, 0.06331, 0.01535, 0.02876, 0.08535, 0.04520, 0.00197, 0.00260 
 5880.0, 5.86620, 0.29098, 0.76898, 3.15906, 0.00424, 0.16499, 2.99839, 0.04712, 0.20712, 0.08252, 0.20896, 0.26656, 0.01883, 0.02585, 0.14832, 0.05590, 0.00608, 0.01878, 0.09028, 0.04018, -0.00077, 0.00390 
 5940.0, 4.74302, 0.26219, 0.72163, 1.72999, 0.00393, 0.12458, 2.99721, 0.02828, 0.20411, 0.08857, 0.15206, 0.08044, 0.01782, 0.01882, 0.07079, 0.03395, 0.00718, 0.02513, 0.08008, 0.04788, -0.00011, 0.00367 
 6000.0, 5.22202, 0.28293, 0.77000, 4.16112, 0.00144, 0.13358, 2.80022, 0.03553, 0.19858, 0.08812, 0.16348, 0.14400, 0.00996, 0.02690, 0.07015, 0.02983, 0.00741, 0.01142, 0.09637, 0.02185, 0.00339, 0.00629 
 6060.0, 4.76842, 0.29060, 0.87092, 4.46782, 0.00366, 0.15967, 2.96300, 0.03806, 0.23484, 0.10847, 0.23655, 0.14829, 0.03775, 0.03684, 0.05788, 0.02250, 0.03719, 0.03788, 0.10633, 0.04863, -0.00094, 0.00319 
 6120.0, 5.61987, 0.27431, 0.91398, 3.82960, 0.00602, 0.14349, 3.01684, 0.02408, 0.20010, 0.11502, 0.20513, 0.19147, -0.00750, 0.04722, 0.08763, 0.03806, 0.00165, 0.05052, 0.08616, 0.04914, 0.00297, 0.00338 
 6180.0, 5.96806, 0.25897, 1.06625, 7.54646, 0.00583, 0.14504, 2.98518, 0.03042, 0.18529, 0.11067, 0.55711, 0.91931, 0.03787, 0.01376, 0.47745, 0.14143, 0.01778, 0.02876, 0.09603, 0.04364, 0.00151, 0.00432 
 6240.0, 5.13213, 0.27953, 0.83629, 2.61184, 0.00276, 0.10041, 2.76301, 0.03518, 0.23552, 0.10828, 0.24785, 0.27519, 0.01972, 0.03452, 0.12659, 0.05521, 0.01888, 0.03405, 0.08341, 0.02689, 0.00228, 0.00172 
 6300.0, 6.75527, 0.28396, 0.95396, 3.54985, 0.00535, 0.16676, 2.94239, 0.04373, 0.29233, 0.11872, 0.18637, 0.13954, 0.01529, 0.05147, 0.06457, 0.03382, 0.00737, 0.03473, 0.10983, 0.04073, -0.00109, 0.00680 
 6360.0, 5.87286, 0.27037, 0.78565, 2.40159, 0.00677, 0.15733, 2.90899, 0.03768, 0.20338, 0.09736, 0.20867, 0.12792, 0.01619, 0.05017, 0.06422, 0.03410, 0.00159, 0.01610, 0.07847, 0.04448, 0.00147, 0.00486 
 6420.0, 5.69248, 0.27966, 0.85906, 2.48461, 0.00157, 0.11941, 2.86311, 0.04020, 0.26976, 0.10421, 0.14561, 0.19721, 0.02500, 0.03892, 0.07989, 0.04086, 0.01433, 0.03330, 0.07630, 0.04741, 0.00385, 0.00516 
 6480.0, 6.31965, 0.25228, 0.92748, 3.10903, 0.00208, 0.17358, 2.90556, 0.04706, 0.30884, 0.12052, 0.17514, 0.21906, 0.01860, 0.03618, 0.07508, 0.03863, 0.01234, 0.04320, 0.08957, 0.05614, -0.00025, 0.00247 
 6540.0, 6.24410, 0.28118, 0.92685, 2.57850, 0.00560, 0.17912, 2.90931, 0.03006, 0.26302, 0.11807, 0.13021, 0.20828, 0.01882, 0.03172, 0.06745, 0.03187, 0.00930, 0.03804, 0.09900, 0.02967, 0.00452, 0.00419 
 6600.0, 6.02089, 0.26868, 0.84461, 2.97611, 0.00305, 0.14175, 2.95078, 0.02789, 0.25724, 0.11574, 0.18500, 0.25096, 0.01639, 0.04735, 0.05792, 0.03732, 0.01354, 0.04989, 0.09043, 0.04793, 0.00113, 0.00642 
 6660.0, 6.69885, 0.27389, 0.86540, 2.38903, 0.00549, 0.15422, 2.88071, 0.01676, 0.23234, 0.10265, 0.18991, 0.12402, 0.00566, 0.03199, 0.05528, 0.03028, 0.01307, 0.03383, 0.07242, 0.04346, 0.00316, 0.00687 
 6720.0, 6.56549, 0.29802, 1.01097, 3.06954, 0.00366, 0.16806, 2.97539, 0.03803, 0.26183, 0.10809, 0.20213, 0.20693, 0.02677, 0.04586, 0.09990, 0.04561, 0.01530, 0.04748, 0.08507, 0.07163, 0.00002, 0.00395 
 6780.0, 6.56117, 0.25979, 1.20111, 7.30799, 0.00234, 0.17701, 3.06866, 0.01744, 0.36264, 0.12760, 0.47469, 0.89575, 0.05938, 0.01936, 0.45603, 0.14470, 0.01937, 0.02384, 0.09411, 0.03883, 0.00090, 0.00560 
 6840.0, 7.29725, 0.28026, 1.05474, 3.01266, 0.00397, 0.20210, 3.15459, 0.02673, 0.36052, 0.12517, 0.22978, 0.31191, 0.02970, 0.03839, 0.11590, 0.05516, 0.00691, 0.02916, 0.09465, 0.04452, 0.00243, 0.00427 
 6900.0, 7.37885, 0.29010, 0.98522, 3.47357, 0.00713, 0.17577, 3.14516, 0.00965, 0.29938, 0.12955, 0.26130, 0.23704, 0.02193, 0.06103, 0.10497, 0.04611, 0.00423, 0.02814, 0.10882, 0.03746, 0.00552, 0.00789 
 6960.0, 5.89090, 0.26776, 0.92882, 3.92070, 0.00403, 0.17791, 3.47987, 0.02173, 0.28588, 0.12770, 0.19258, 0.15676, 0.01594, 0.03018, 0.09717, 0.02875, 0.00855, 0.03287, 0.07613, 0.03532, 0.00310, 0.00228 
 7020.0, 6.38282, 0.31099, 1.07520, 4.22612, 0.00176, 0.15356, 3.65621, 0.01638, 0.28783, 0.12659, 0.15915, 0.19257, 0.01576, 0.02966, 0.09853, 0.04918, 0.02794, 0.02718, 0.10251, 0.03632, 0.00370, 0.00789 
 7080.0, 7.35068, 0.29147, 1.13765, 4.48195, 0.00231, 0.20712, 4.10114, 0.00581, 0.26163, 0.13518, 0.15865, 0.18065, 0.01838, 0.02214, 0.12157, 0.04868, 0.00439, 0.03118, 0.10806, 0.06168, 0.00193, 0.00584 
 7140.0, 7.27223, 0.28152, 1.22258, 4.11069, 0.00523, 0.21163, 4.03023, 0.01564, 0.27727, 0.14431, 0.22907, 0.20654, 0.02020, 0.04097, 0.10399, 0.05783, 0.00422, 0.04162, 0.10622, 0.05870, 0.00700, 0.00478 
 7200.0, 9.63789, 0.26169, 1.27656, 5.15901, 0.00515, 0.16761, 3.75272, 0.04541, 0.27724, 0.14140, 0.30213, 0.40335, 0.03752, 0.02033, 0.22356, 0.07722, 0.02150, 0.03561, 0.11502, 0.07514, 0.00325, 0.00384 
 7260.0, 9.53382, 0.27653, 1.22181, 4.26046, 0.00171, 0.17571, 3.67653, 0.01638, 0.31517, 0.13959, 0.21644, 0.19844, 0.02028, 0.04912, 0.11202, 0.04554, 0.00676, 0.03289, 0.08375, 0.05315, 0.00348, 0.00577 
 7320.0, 8.60055, 0.27898, 1.29681, 5.75727, 0.00172, 0.22603, 4.01067, 0.01660, 0.26246, 0.15940, 0.30618, 0.42874, 0.03400, 0.03519, 0.22308, 0.07505, 0.02491, 0.03233, 0.12498, 0.06937, 0.00432, 0.00375 
 7380.0, 9.60027, 0.27752, 1.39605, 4.85136, 0.00339, 0.20908, 4.12738, 0.03080, 0.32416, 0.17700, 0.27414, 0.31458, 0.03180, 0.05528, 0.15658, 0.06941, 0.01836, 0.04872, 0.12694, 0.08640, -0.00198, 0.00820 
 7440.0, 5.84071, 0.29608, 0.91714, 1.90011, 0.00091, 0.11316, 3.07234, 0.01809, 0.28102, 0.17895, 0.15961, 0.13584, 0.01564, 0.04869, 0.05840, 0.02934, 0.00082, 0.02667, 0.09045, 0.03097, 0.00251, 0.00488 
 7500.0, 8.12928, 0.28751, 1.17798, 3.33681, 0.00384, 0.17306, 3.39832, 0.02611, 0.36740, 0.15700, 0.22477, 0.24201, 0.01138, 0.04750, 0.11578, 0.05198, 0.01844, 0.03892, 0.09881, 0.03893, 0.00466, 0.00815 
 7560.0, 9.22761, 0.29341, 1.23417, 3.58128, 0.00452, 0.18880, 3.30316, 0.02174, 0.31546, 0.17417, 0.34359, 0.43661, 0.03977, 0.03177, 0.19247, 0.09610, 0.01248, 0.04950, 0.10669, 0.04694, 0.00474, 0.00615 
 7620.0, 8.77334, 0.28802, 1.24013, 4.09308, 0.00300, 0.21235, 3.34923, 0.01414, 0.29869, 0.17910, 0.25848, 0.36910, 0.03820, 0.00045, 0.21543, 0.07651, 0.01413, 0.02188, 0.10899, 0.05678, 0.00368, 0.00663 
 7680.0, 6.70986, 0.26488, 0.98297, 2.44804, 0.00317, 0.14471, 3.07841, 0.00717, 0.30467, 0.18732, 0.24251, 0.40306, 0.02885, 0.03666, 0.16135, 0.07455, 0.02685, 0.04648, 0.10606, 0.03547, 0.00057, 0.00319 
 7740.0, 7.43945, 0.29204, 1.06204, 3.01219, 0.00171, 0.15579, 3.05005, -0.00032, 0.33150, 0.18312, 0.30873, 0.39999, 0.04292, 0.03547, 0.17212, 0.06707, 0.00965, 0.02333, 0.11204, 0.05739, 0.00132, 0.00766 
 7800.0, 6.49595, 0.30146, 1.00098, 1.96225, 0.00448, 0.16838, 3.09556, 0.01344, 0.31052, 0.17113, 0.26914, 0.23868, 0.03537, 0.06055, 0.09072, 0.04636, 0.01197, 0.02912, 0.07712, 0.05733, 0.00405, 0.00438 
 7860.0, 5.67601, 0.29799, 0.85756, 1.87202, 0.00249, 0.14292, 2.94059, 0.01704, 0.41189, 0.16978, 0.21612, 0.13577, 0.01420, 0.04663, 0.07027, 0.02427, 0.02732, 0.02291, 0.09351, 0.02109, -0.00002, 0.00338 
 7920.0, 5.77226, 0.29377, 0.99835, 2.20455, 0.00282, 0.11776, 2.98648, 0.02746, 0.39050, 0.16910, 0.23639, 0.20787, 0.02569, 0.05877, 0.09589, 0.05114, 0.02198, 0.01815, 0.09996, 0.02826, 0.00186, 0.00399 
 7980.0, 6.18422, 0.28415, -9999.00000, 2.70764, 0.00372, 0.15639, 3.03917, 0.01169, -9999.00000, 0.17284, 0.25021, 0.24324, 0.03111, 0.04473, 0.11458, 0.05554, 0.01722, 0.02510, 0.11849, 0.06182, 0.00079, 0.00795 
 8040.0, -9999.00000, -9999.00000, -9999.00000, -9999.00000, -9999.00000, -9999.00000, -9999.00000, -9999.00000, -9999.00000, -9999.00000, -9999.00000, -9999.00000, -9999.00000, -9999.00000, -9999.00000, -9999.00000, -9999.00000, -9999.00000, -9999.00000, -9999.00000, -9999.00000, -9999.00000 
 8100.0, -9999.00000, -9999.00000, -9999.00000, -9999.00000, -9999.00000, -9999.00000, -9999.00000, -9999.00000, -9999.00000, -9999.00000, -9999.00000, -9999.00000, -9999.00000, -9999.00000, -9999.00000, -9999.00000, -9999.00000, -9999.00000, -9999.00000, -9999.00000, -9999.00000, -9999.00000 
 8160.0, -9999.00000, -9999.00000, -9999.00000, -9999.00000, -9999.00000, -9999.00000, -9999.00000, -9999.00000, -9999.00000, -9999.00000, -9999.00000, -9999.00000, -9999.00000, -9999.00000, -9999.00000, -9999.00000, -9999.00000, -9999.00000, -9999.00000, -9999.00000, -9999.00000, -9999.00000 
 8220.0, -9999.00000, -9999.00000, -9999.00000, -9999.00000, -9999.00000, -9999.00000, -9999.00000, -9999.00000, -9999.00000, -9999.00000, -9999.00000, -9999.00000, -9999.00000, -9999.00000, -9999.00000, -9999.00000, -9999.00000, -9999.00000, -9999.00000, -9999.00000, -9999.00000, -9999.00000 
 8280.0, -9999.00000, -9999.00000, -9999.00000, -9999.00000, -9999.00000, -9999.00000, -9999.00000, -9999.00000, -9999.00000, -9999.00000, -9999.00000, -9999.00000, -9999.00000, -9999.00000, -9999.00000, -9999.00000, -9999.00000, -9999.00000, -9999.00000, -9999.00000, -9999.00000, -9999.00000 
 8340.0, -9999.00000, -9999.00000, -9999.00000, -9999.00000, -9999.00000, -9999.00000, -9999.00000, -9999.00000, -9999.00000, -9999.00000, -9999.00000, -9999.00000, -9999.00000, -9999.00000, -9999.00000, -9999.00000, -9999.00000, -9999.00000, -9999.00000, -9999.00000, -9999.00000, -9999.00000 
 8400.0, -9999.00000, -9999.00000, -9999.00000, -9999.00000, -9999.00000, -9999.00000, -9999.00000, -9999.00000, -9999.00000, -9999.00000, -9999.00000, -9999.00000, -9999.00000, -9999.00000, -9999.00000, -9999.00000, -9999.00000, -9999.00000, -9999.00000, -9999.00000, -9999.00000, -9999.00000 
 8460.0, -9999.00000, -9999.00000, -9999.00000, -9999.00000, -9999.00000, -9999.00000, -9999.00000, -9999.00000, -9999.00000, -9999.00000, -9999.00000, -9999.00000, -9999.00000, -9999.00000, -9999.00000, -9999.00000, -9999.00000, -9999.00000, -9999.00000, -9999.00000, -9999.00000, -9999.00000 
 8520.0, -9999.00000, -9999.00000, -9999.00000, -9999.00000, -9999.00000, -9999.00000, -9999.00000, -9999.00000, -9999.00000, -9999.00000, -9999.00000, -9999.00000, -9999.00000, -9999.00000, -9999.00000, -9999.00000, -9999.00000, -9999.00000, -9999.00000, -9999.00000, -9999.00000, -9999.00000 
 8580.0, -9999.00000, -9999.00000, -9999.00000, -9999.00000, -9999.00000, -9999.00000, -9999.00000, -9999.00000, -9999.00000, -9999.00000, -9999.00000, -9999.00000, -9999.00000, -9999.00000, -9999.00000, -9999.00000, -9999.00000, -9999.00000, -9999.00000, -9999.00000, -9999.00000, -9999.00000 
 8640.0, 6.61229, -9999.00000, -9999.00000, 1.81676, 0.00252, 0.25353, 2.96581, 0.03943, -9999.00000, -9999.00000, 0.06493, 0.16611, 0.01581, -9999.00000, 0.10363, 0.07371, -9999.00000, 0.01543, 0.08228, 0.05113, -9999.00000, -9999.00000 
