CampaignData_and_Merges/R0/CSL_MobileLab_Parked/raw/20240728/USOS-POPS_MobileLabGround_20240728_R0.ict
78, 1001
Thornberry, T. D.
NOAA Chemical Sciences Laboratory
Portable Optical Particle Spectrometer (POPS)
USOS
1, 1
2024, 07, 28, 2025, 05, 08
60
Time_Start, seconds_past_midnight, Start time of measurement
45
1, 1, 1, 1, 1, 1, 1, 1, 1, 1, 1, 1, 1, 1, 1, 1, 1, 1, 1, 1, 1, 1, 1, 1, 1, 1, 1, 1, 1, 1, 1, 1, 1, 1, 1, 1, 1, 1, 1, 1, 1, 1, 1, 1, 1
-9999, -9999, -9999, -9999, -9999, -9999, -9999, -9999, -9999, -9999, -9999, -9999, -9999, -9999, -9999, -9999, -9999, -9999, -9999, -9999, -9999, -9999, -9999, -9999, -9999, -9999, -9999, -9999, -9999, -9999, -9999, -9999, -9999, -9999, -9999, -9999, -9999, -9999, -9999, -9999, -9999, -9999, -9999, -9999, -9999
Time_Stop, seconds_past_midnight, Stop time of measurement
Time_Mid, seconds_past_midnight, Mid time of measurement
Press_mb, mb, Pressure reported (mb)
Temp_C, degrees C, POPS temperature measurement
Aerosol_concentration, cm^-3, Aerosol concentration
Surface_Area_Conc, um^2 cm^-3, Surface area concentration
Volume_density, um^3 cm^-3, Volume density
Effective_radius, um, Effective radius
Extinction, km^-1, Extinction
Bin01, cm^-3, particle concentration in size range [1401 - 146.3 nm]
Bin02, cm^-3, particle concentration in size range [146.3 - 152.8 nm]
Bin03, cm^-3, particle concentration in size range [152.8 - 159.6 nm]
Bin04, cm^-3, particle concentration in size range [159.6 - 166.8 nm]
Bin05, cm^-3, particle concentration in size range [166.8 - 174.2 nm]
Bin06, cm^-3, particle concentration in size range [174.2 - 181.9 nm]
Bin07, cm^-3, particle concentration in size range [181.9 - 190.0 nm]
Bin08, cm^-3, particle concentration in size range [190.0 - 198.5 nm]
Bin09, cm^-3, particle concentration in size range [198.5 - 207.4 nm]
Bin10, cm^-3, particle concentration in size range [207.4 - 216.6 nm]
Bin11, cm^-3, particle concentration in size range [216.6 - 226.2 nm]
Bin12, cm^-3, particle concentration in size range [226.2 - 236.3 nm]
Bin13, cm^-3, particle concentration in size range [236.3 - 246.8 nm]
Bin14, cm^-3, particle concentration in size range [246.8 - 257.8 nm]
Bin15, cm^-3, particle concentration in size range [257.8 - 269.3 nm]
Bin16, cm^-3, particle concentration in size range [269.3 - 343.4 nm]
Bin17, cm^-3, particle concentration in size range [343.4 - 450.7 nm]
Bin18, cm^-3, particle concentration in size range [450.7 - 525.9 nm]
Bin19, cm^-3, particle concentration in size range [525.9 - 618.5 nm]
Bin20, cm^-3, particle concentration in size range [618.5 - 710.0 nm]
Bin21, cm^-3, particle concentration in size range [710.0 - 822.7 nm]
Bin22, cm^-3, particle concentration in size range [822.7 - 885.9 nm]
Bin23, cm^-3, particle concentration in size range [885.9 - 953.9 nm]
Bin24, cm^-3, particle concentration in size range [953.9 - 1027.2 nm]
Bin25, cm^-3, particle concentration in size range [1027.2 - 1106.1 nm]
Bin26, cm^-3, particle concentration in size range [1106.1 - 1191.0 nm]
Bin27, cm^-3, particle concentration in size range [1191.0 - 1282.5 nm]
Bin28, cm^-3, particle concentration in size range [1282.5 - 1381.0 nm]
Bin29, cm^-3, particle concentration in size range [1381.0 - 1487.1 nm]
Bin30, cm^-3, particle concentration in size range [1487.1 - 1601.3 nm]
Bin31, cm^-3, particle concentration in size range [1601.3 - 1724.3 nm]
[...]
PLATFORM: NOAA CSL Mobile Lab
LOCATION: USOS
ASSOCIATED_DATA: N/A
INSTRUMENT_INFO: Printed Optical Particle Spectrometer counts particles from 140 - 2500 nm in diameter 
DATA_INFO: Particle concentrations reported in number per cubic centimeter,1 Hz data
UNCERTAINTY: Counting uncertainty dominated by air flow, less than 5 percent. Measurement range is ~0 - 3000 per cm3 (varies depending on flow rate- manufacturer quotes 1250 per cm3 at 1.667 cc/s)
ULOD_FLAG: -7777
ULOD_VALUE: N/A
LLOD_FLAG: -8888
LLOD_VALUE: N/A
DM_CONTACT_INFO: Troy Thornberry, 325 Broadway R/CSL6, Boulder, CO 80305; troy.thornberry@noaa.gov; 303-497-3373
PROJECT_INFO: USOS, Utah POPS data from NOAA CSL Mobile Lab
STIPULATIONS_ON_USE: Please contact the PIs for questions regarding applications and uncertainties
OTHER_COMMENTS: POPS bin Edges (nm):  140.1, 146.3, 152.8, 159.6, 166.8, 174.2, 181.9, 190.0, 198.5, 207.4, 216.6, 226.2, 236.3, 246.8, 257.8, 269.3, 343.4, 450.7, 525.9, 618.5, 710.0, 822.7, 885.9, 953.9, 1027.2, 1106.1, 1191.0, 1282.5, 1381.0, 1487.1, 1601.3, 1724.3, 1856.7, 1999.3, 2152.8, 2318.2, 2496.2
Calculations assume organic aerosol refractive index of 1.52+0.00j and extinction wavelength = 532 nm
REVISION: R0
R0: Final data
Time_Start, Time_Stop, Time_Mid, Press_mb, Temp_C, Aerosol_concentration, Surface_Area_Conc, Volume_density, Effective_radius, Extinction, Bin01, Bin02, Bin03, Bin04, Bin05, Bin06, Bin07, Bin08, Bin09, Bin10, Bin11, Bin12, Bin13, Bin14, Bin15, Bin16, Bin17, Bin18, Bin19, Bin20, Bin21, Bin22, Bin23, Bin24, Bin25, Bin26, Bin27, Bin28, Bin29, Bin30, Bin31, Bin32, Bin33, Bin34, Bin35, Bin36
[from data line 630]
37800,37859,37830,866.594,31.187,471.492,88.502,5.534,0.186,0.029,35.250309,32.395885,29.577953,27.575653,26.062447,24.478458,22.936760,22.055700,21.413361,20.299240,19.669664,20.559509,21.310846,21.638309,19.470707,76.394974,23.052944,4.648095,1.370403,0.282365,0.174731,0.111552,0.078843,0.131190,0.062647,0.051100,0.079353,0.016928,0.039064,0.073469,0.067005,0.067442,0.016821,0.028085,0.011300,0.038479
37860,37919,37890,866.614,31.385,472.305,88.025,5.273,0.178,0.029,35.498470,32.286674,29.669888,28.022482,26.440907,25.336748,22.666313,21.533674,20.318399,20.059525,19.566971,20.920082,21.390738,22.309780,19.332361,76.483604,23.457741,4.397867,1.388799,0.244105,0.199272,0.134330,0.099021,0.066620,0.060712,0.059496,0.054494,0.016697,0.033072,0.056357,0.044689,0.027678,0.066624,0.010984,0.010949,0.038795
37920,37979,37950,866.611,31.210,475.064,89.716,5.700,0.189,0.030,35.426922,33.216740,29.811201,27.960016,26.901878,24.611832,23.384850,22.841118,20.388855,20.108032,19.855736,20.236895,21.389269,21.447075,19.720818,76.788422,23.761631,4.416735,1.493756,0.215851,0.206729,0.095123,0.099596,0.072576,0.066252,0.055965,0.049241,0.067388,0.044535,0.038878,0.083307,0.028053,0.084089,0.016579,0.028331,0.049730
37980,38039,38010,866.615,30.914,474.063,89.328,5.696,0.189,0.029,35.759930,33.077229,31.227819,28.100409,26.114790,24.355486,23.014614,21.520220,20.766121,19.973366,19.848696,20.884981,20.994389,21.839245,19.382614,77.003609,22.986429,4.585894,1.293884,0.217601,0.216037,0.106489,0.111571,0.077628,0.083581,0.061111,0.050653,0.044876,0.028185,0.067189,0.061489,0.022504,0.055486,0.038716,0.027974,0.062089
38040,38099,38070,866.595,31.058,472.588,88.823,5.744,0.192,0.029,35.550396,33.220680,30.306627,27.197536,26.640387,24.730160,22.572029,21.765541,20.777615,20.565689,19.841219,20.501711,21.149233,21.777184,19.409206,76.531128,22.982420,4.370703,1.400200,0.215462,0.177728,0.138548,0.105800,0.077806,0.065946,0.038850,0.055252,0.039571,0.055684,0.066289,0.049879,0.078998,0.044013,0.010910,0.028302,0.049705
38100,38159,38130,866.607,31.404,468.850,88.139,5.546,0.187,0.029,35.262413,31.999430,28.471855,28.166487,26.236340,24.282040,22.950727,21.755812,20.761023,20.234524,19.827089,20.436743,22.211004,21.160671,19.514006,75.827034,22.649643,4.387316,1.324698,0.247517,0.237426,0.141535,0.096160,0.102062,0.043992,0.084119,0.045035,0.050251,0.022957,0.055365,0.085846,0.050029,0.039981,0.033910,0.016076,0.038541
38160,38219,38190,866.628,31.342,473.988,88.888,5.554,0.186,0.029,36.010391,32.974403,29.936131,27.759945,26.499567,24.714203,22.896009,22.184439,20.927496,19.768852,20.222919,21.205542,20.900068,20.887836,19.537273,77.178673,23.272993,4.463665,1.371321,0.297345,0.203244,0.106830,0.056246,0.085146,0.033671,0.050466,0.027755,0.044889,0.062714,0.068752,0.074099,0.027929,0.045297,0.005650,0.011265,0.074709
38220,38279,38250,866.649,31.018,473.645,89.667,5.957,0.197,0.029,35.924751,32.027264,29.629532,28.666981,25.991802,24.617180,23.073866,22.321737,20.421297,20.198555,19.863556,21.130493,21.271070,21.615458,19.812868,76.953407,22.976217,4.534943,1.402271,0.212899,0.129962,0.077757,0.094919,0.071681,0.056555,0.050214,0.077031,0.055157,0.056288,0.039426,0.039819,0.055297,0.027396,0.039163,0.049955,0.078018
38280,38339,38310,866.670,30.950,468.581,88.084,5.547,0.187,0.029,35.152531,32.501347,29.226652,27.546190,26.082815,24.599733,23.493481,21.409096,20.466284,19.761053,19.588135,20.052633,21.402267,21.711182,19.375488,76.250565,23.070894,4.333289,1.324289,0.191031,0.144342,0.120586,0.083406,0.082980,0.082702,0.055632,0.077647,0.054251,0.038643,0.060527,0.062667,0.039692,0.038520,0.033697,0.010718,0.056022
38340,38399,38370,866.686,31.241,474.509,90.039,5.984,0.197,0.030,35.771809,32.101891,29.765123,28.033970,26.820515,24.798569,22.796288,22.718409,20.531742,20.170107,20.366674,21.298376,21.703602,21.719944,19.580240,75.802994,23.505665,4.140543,1.412964,0.207713,0.278769,0.112277,0.107949,0.105992,0.045124,0.084437,0.039996,0.050442,0.050605,0.074620,0.072016,0.068558,0.056873,0.017495,0.051061,0.045739
38400,38459,38430,866.733,31.255,477.387,90.359,6.018,0.198,0.030,35.898136,32.550053,30.086512,28.854816,27.051773,24.813814,23.076099,22.490273,20.921432,20.174883,19.574232,20.951950,21.842648,21.760515,20.613459,76.451454,23.324865,4.351408,1.226206,0.221468,0.210643,0.073414,0.102425,0.079355,0.067927,0.079087,0.062168,0.050635,0.068156,0.045519,0.067529,0.057154,0.016879,0.062299,0.050996,0.057246
38460,38519,38490,866.760,30.950,472.952,89.741,5.849,0.194,0.030,35.735672,32.076992,29.695642,27.637709,26.479351,25.089499,22.785645,22.112942,20.717316,19.697109,20.386656,21.089771,20.639666,22.015221,19.385723,76.616463,23.366531,4.574365,1.477669,0.181979,0.199620,0.149453,0.116964,0.098714,0.060280,0.066459,0.055196,0.044581,0.038560,0.061743,0.087452,0.061815,0.038952,0.038227,0.021784,0.050229
38520,38579,38550,866.752,30.824,473.029,91.001,6.250,0.204,0.031,35.606991,31.713436,30.589409,28.225382,26.576513,24.673069,23.151974,21.338631,20.581875,20.425568,19.746222,20.619703,21.469738,21.231047,19.319677,76.790428,23.599117,4.390357,1.489759,0.220903,0.199271,0.122312,0.137872,0.055337,0.094197,0.064720,0.055998,0.022517,0.049513,0.054942,0.126943,0.045420,0.088997,0.055757,0.028074,0.067001
38580,38639,38610,866.763,31.170,478.863,90.491,6.028,0.198,0.030,36.799629,32.705093,30.525078,29.116669,26.403473,25.205435,23.158792,22.218967,20.630161,20.946203,20.504251,20.504940,21.835752,21.251869,19.434883,77.302757,23.242399,4.401465,1.328327,0.273147,0.167168,0.078550,0.088128,0.094552,0.065245,0.056281,0.061333,0.044184,0.066589,0.027675,0.072795,0.050948,0.038903,0.033059,0.055449,0.072649
38640,38699,38670,866.786,31.460,475.620,89.648,5.753,0.191,0.029,35.262428,32.399654,29.832918,28.275429,26.803570,25.093611,23.225075,22.352005,21.035913,20.376114,20.695591,21.125420,21.705153,21.246754,19.233549,76.278259,23.620556,4.423112,1.361870,0.185863,0.189333,0.149985,0.082449,0.060626,0.050598,0.083229,0.033385,0.043984,0.033295,0.049722,0.100078,0.039534,0.033271,0.061034,0.038033,0.038594
38700,38759,38730,866.789,31.240,474.850,89.487,5.733,0.190,0.030,35.905205,32.293957,28.858963,29.130672,26.762867,25.053843,22.308958,21.686703,20.883331,20.630926,20.135628,21.203884,21.872494,22.161400,19.348375,75.956886,23.291836,4.503633,1.560345,0.242354,0.200200,0.077534,0.087516,0.076960,0.060809,0.055141,0.022358,0.043616,0.110954,0.065892,0.050013,0.067219,0.051382,0.038434,0.016125,0.034009
38760,38819,38790,866.795,30.925,471.787,89.744,6.099,0.202,0.029,36.144363,32.342392,29.421406,27.960594,25.862146,24.737703,22.868477,21.686817,21.224016,19.814976,19.938747,21.034353,21.315660,21.663111,19.402212,76.474960,23.244286,4.073439,1.187608,0.179621,0.167027,0.129276,0.102811,0.101476,0.063073,0.094808,0.045107,0.079229,0.029492,0.068103,0.072836,0.061470,0.038832,0.027649,0.055945,0.073075
38820,38879,38850,866.798,31.035,474.895,89.931,5.978,0.198,0.030,35.432468,32.190586,30.220129,28.107265,27.112947,25.002407,23.637678,22.179846,20.741226,20.500982,20.165480,20.682171,22.264015,20.932339,19.649670,75.839294,23.009859,4.272009,1.431116,0.283830,0.288552,0.100710,0.061472,0.099533,0.062289,0.082397,0.050015,0.055928,0.050166,0.073109,0.089348,0.077295,0.038705,0.038660,0.016828,0.054748
38880,38939,38910,866.790,31.372,477.210,89.806,5.794,0.192,0.030,36.920422,33.338776,29.102808,27.939632,26.377880,25.072676,23.023146,21.698185,21.023855,20.512289,19.591040,20.621452,22.719032,21.923080,19.639730,77.078957,23.609625,4.265100,1.427617,0.205508,0.199177,0.111298,0.095068,0.083322,0.094318,0.082126,0.033183,0.048896,0.049327,0.038641,0.062041,0.084272,0.038704,0.033311,0.043958,0.021936
38940,38999,38970,866.797,31.341,479.282,90.506,5.786,0.190,0.030,36.258541,32.471691,30.065668,28.522251,26.594152,25.311663,23.487486,22.660885,20.578445,20.284521,20.326468,21.064135,21.526096,21.807058,19.358213,77.546562,24.222057,4.644162,1.263370,0.223464,0.177661,0.106333,0.077248,0.101750,0.067554,0.084084,0.049884,0.028136,0.039374,0.078435,0.027420,0.034254,0.060615,0.033972,0.055165,0.043490
39000,39059,39030,866.789,31.084,477.341,89.707,5.574,0.185,0.029,35.383381,32.753765,30.289989,28.185347,26.319366,24.915771,23.592691,22.256685,21.174707,19.734009,20.135773,21.246750,21.736883,22.175858,19.489445,76.908020,23.839256,4.438339,1.382122,0.334891,0.191051,0.077739,0.122782,0.061650,0.067890,0.078785,0.056085,0.062091,0.039300,0.077299,0.039957,0.038709,0.055777,0.005537,0.028388,0.044877
39060,39119,39090,866.761,31.124,476.875,90.451,5.738,0.188,0.030,35.391781,32.437275,30.007137,28.655237,26.324364,24.440483,23.071186,21.578823,20.901911,20.788790,19.812481,21.421652,21.769220,21.544546,19.755781,77.506310,23.786345,4.709307,1.555921,0.282387,0.204970,0.120431,0.121413,0.061441,0.088466,0.071340,0.060656,0.050028,0.016729,0.071387,0.083339,0.044573,0.038550,0.028294,0.032846,0.039522
39120,39179,39150,866.741,31.354,470.735,89.342,5.877,0.195,0.029,35.604893,31.674541,29.182074,27.613443,26.964397,24.457214,22.968481,21.597746,20.144390,20.111099,19.825855,20.823317,20.768003,22.299345,19.902050,76.508354,23.370367,4.206800,1.318774,0.238369,0.190464,0.117586,0.163517,0.060982,0.057272,0.071662,0.051058,0.056311,0.067392,0.022294,0.051219,0.055936,0.055418,0.044437,0.028711,0.061650
39180,39239,39210,866.758,31.422,473.298,89.569,5.933,0.196,0.030,35.875702,33.005428,29.992662,27.664429,26.755848,25.062780,22.760599,21.619024,20.436602,19.893841,20.635439,20.739393,20.892151,21.872536,19.574825,75.734131,23.564455,4.359681,1.497608,0.283523,0.161071,0.127024,0.077044,0.061138,0.061445,0.054761,0.060870,0.067435,0.061550,0.061830,0.067000,0.077784,0.016077,0.021648,0.034083,0.066685
39240,39299,39270,866.761,31.067,472.743,89.079,5.717,0.191,0.029,35.955868,32.308483,29.822836,28.478165,25.909451,25.006247,22.859077,22.157986,20.413786,19.464130,19.617041,21.198437,21.524752,21.926336,19.575596,76.285873,23.056789,4.512561,1.392111,0.179816,0.240942,0.115239,0.056137,0.104776,0.055550,0.049702,0.060632,0.033176,0.049283,0.065329,0.061418,0.043553,0.022015,0.050432,0.044299,0.045357
39300,39359,39330,866.755,30.935,470.165,89.381,5.842,0.194,0.030,34.735821,32.399612,29.257378,28.215397,26.624659,24.580912,22.561758,21.816645,20.648880,19.910440,20.043686,20.893648,21.572830,21.667236,19.485323,75.169701,23.136421,4.442193,1.507000,0.290921,0.183123,0.160342,0.132492,0.088566,0.089895,0.066178,0.055186,0.033270,0.060963,0.066198,0.050151,0.038850,0.056585,0.027660,0.016820,0.078215
39360,39419,39390,866.755,31.245,474.675,90.724,6.070,0.198,0.030,35.549969,33.155006,29.219728,27.361950,26.308317,25.057486,22.601717,22.393705,21.095264,20.286285,18.999363,21.298769,22.139767,21.838070,19.591640,76.854240,23.860363,4.249483,1.388121,0.206193,0.173571,0.120927,0.081545,0.085714,0.104421,0.075533,0.046533,0.046559,0.057412,0.074849,0.137743,0.052648,0.035049,0.034292,0.028987,0.063274
39420,39479,39450,866.775,31.279,469.976,89.018,5.780,0.192,0.030,34.905785,32.561852,28.623926,27.444195,25.481886,24.881306,22.174583,21.783070,21.302105,20.314787,19.691259,21.161707,21.668242,21.878862,19.657871,76.085281,23.185940,4.405682,1.405623,0.304677,0.183259,0.082938,0.088512,0.067012,0.059778,0.072403,0.054840,0.043796,0.033230,0.084178,0.082958,0.072595,0.044085,0.022261,0.016645,0.048754
39480,39539,39510,866.784,31.015,473.486,89.575,5.726,0.190,0.030,35.735058,31.317829,28.809992,28.309961,26.370659,24.954329,22.854483,21.574436,20.833729,20.199724,19.780666,20.670357,21.944599,21.747192,20.211943,77.563934,23.482096,4.355934,1.431154,0.281657,0.178728,0.121132,0.077757,0.081579,0.033168,0.050498,0.049690,0.060798,0.070504,0.049844,0.105193,0.065952,0.033500,0.011081,0.022185,0.044655
39540,39599,39570,866.784,30.856,475.265,89.342,5.658,0.188,0.029,35.279678,32.734928,29.977297,28.796783,26.266670,24.306238,23.110834,22.096279,20.457544,20.599920,20.260363,20.558754,21.153769,21.605795,20.088879,77.550049,23.600069,4.182800,1.313054,0.234292,0.208229,0.043414,0.128851,0.089182,0.073028,0.055015,0.106372,0.066884,0.039266,0.056285,0.017005,0.061398,0.055073,0.028756,0.017046,0.044816
39600,39659,39630,866.777,31.070,472.270,89.375,5.890,0.195,0.030,36.282681,31.877134,29.581347,27.745750,26.062740,24.349520,22.204357,22.068581,20.747526,19.622726,20.028337,21.343956,21.707422,22.275843,20.257658,76.005890,22.981123,4.305348,1.428745,0.282134,0.210658,0.105936,0.132341,0.094838,0.076683,0.033184,0.055023,0.027301,0.038955,0.044997,0.033569,0.067720,0.055326,0.033809,0.039263,0.061782
39660,39719,39690,866.787,31.258,473.613,91.248,6.318,0.205,0.031,35.499992,32.338032,29.411644,28.445330,26.479128,25.523054,23.186235,21.303190,20.518757,19.752579,20.008287,20.146425,21.903402,22.154306,19.498034,76.841721,23.117350,4.627821,1.354665,0.227440,0.188538,0.156774,0.083338,0.050487,0.077282,0.072925,0.044483,0.066895,0.045232,0.099583,0.115559,0.044433,0.083914,0.022992,0.049727,0.073659
39720,39779,39750,866.789,31.048,479.190,92.048,6.180,0.200,0.031,35.296719,32.135460,29.602957,28.597551,26.872671,24.934784,23.163065,21.402185,21.146046,20.157583,20.110958,21.204746,22.430998,22.460749,19.606810,77.910957,24.451433,4.845310,1.391609,0.149309,0.235844,0.172014,0.083687,0.077882,0.104940,0.055433,0.049288,0.061919,0.066617,0.082795,0.083309,0.088299,0.060602,0.033564,0.016596,0.044924
39780,39839,39810,866.793,30.802,482.076,90.897,5.778,0.189,0.030,36.382198,32.881649,29.959118,28.832525,26.988869,24.618254,23.002371,21.950775,21.062632,20.605057,20.543058,21.139336,21.431013,22.868311,19.652935,79.072723,23.910509,4.365378,1.407534,0.339175,0.207487,0.127805,0.078691,0.078697,0.061716,0.050727,0.060934,0.055952,0.044883,0.033483,0.055405,0.056324,0.039335,0.027673,0.033551,0.050084
39840,39899,39870,866.792,31.025,484.249,93.063,6.357,0.202,0.031,36.135574,31.933977,31.047516,28.688883,27.234163,25.093744,23.237106,22.819548,21.176992,20.408430,21.050055,20.807138,21.998878,22.391470,20.309113,77.672203,24.391279,4.927795,1.321189,0.260250,0.201062,0.161053,0.167451,0.076758,0.122507,0.077930,0.049715,0.039340,0.027768,0.088981,0.089528,0.067475,0.022441,0.011557,0.044570,0.095170
39900,39959,39930,866.820,31.229,479.337,90.985,6.063,0.198,0.030,35.983318,33.180965,29.473604,27.883383,26.674936,24.947412,23.523430,22.433447,21.381584,20.194099,20.206715,21.238348,21.708725,22.400524,19.986389,76.967499,23.783089,4.555288,1.493376,0.211769,0.256416,0.072624,0.099046,0.077085,0.038804,0.054912,0.021849,0.061800,0.039584,0.049755,0.066757,0.076530,0.061554,0.043905,0.039227,0.049640
39960,40019,39990,866.818,31.045,481.362,91.343,5.975,0.194,0.030,36.740459,33.073452,30.236891,29.163750,26.455177,24.656521,23.634785,22.498606,21.283676,20.038260,20.215122,21.170881,21.705732,22.441708,20.055666,77.361633,23.106262,4.475546,1.593601,0.238015,0.221662,0.104042,0.115310,0.067985,0.077916,0.060825,0.049674,0.056106,0.072662,0.083785,0.083383,0.039531,0.060036,0.039558,0.044016,0.039377
40020,40079,40050,866.813,30.902,492.334,92.410,5.617,0.181,0.030,35.914024,33.273888,30.478214,28.261770,27.134331,25.442337,23.673059,22.986902,22.144585,20.527620,21.144056,21.829510,22.594341,23.283066,20.733206,81.271667,24.360378,4.632362,1.419551,0.225792,0.182412,0.122922,0.088326,0.103590,0.050481,0.038136,0.049728,0.033052,0.043993,0.060736,0.071884,0.038500,0.033360,0.016302,0.043306,0.026698
