CampaignData_and_Merges/R0/CSL_MobileLab_Parked/raw/20240728/USOS-NOAAIodideCIMS-OrgNitrs_MobileLabGround_20240728_RA.ict
37, 1001
Michael A Robinson, Chris Jernigan, Subi Thakali
NOAA ESRL Chemical Sciences Laboratory and CIRES, U. of Colorado
NOAA Iodide CIMS Instrument
USOS
1, 1
2024, 07, 28, 2024, 07, 29
1
starttime_UTC, seconds_past_midnight, seconds_of_day_since_00:00:00_UTC
5
1, 1, 1, 1, 1
-9999, -9999, -9999, -9999, -9999
C4H7NO5_NOAACIMS, pptv, Gas_C4H7NO5_InSitu_S_AVMR, 
ISOPN_NOAACIMS, pptv, Gas_ISOPN_InSitu_S_AVMR, 
C5H10O3_NOAACIMS, pptv, Gas_C5H10O3_InSitu_S_AVMR, 
C5H9NO5_NOAACIMS, pptv, Gas_C5H9NO5_InSitu_S_AVMR, 
C10H17NO4_NOAACIMS, pptv, Gas_C10H17NO4_InSitu_S_AVMR, 
0
18
PI_CONTACT_INFO: 325 Broadway, R/CSD 7, Boulder, Colorado 80305; michael.a.robinson@noaa.gov; chris.jernigan@noaa.gov;
PLATFORM: NOAA CSL Mobile Lab
LOCATION: SLC, Utah
ASSOCIATED_DATA: 1Hz data also available on request.
INSTRUMENT_INFO: NOAA I- ToF CIMS
DATA_INFO: All data in parts per trillion by volume (pptv). 1 Hz data is available upon request.
UNCERTAINTY: TBD
ULOD_FLAG: -7777
ULOD_VALUE: N/A
LLOD_FLAG: -8888
LLOD_VALUE: N/A
DM_CONTACT_INFO: Nathan Howard; nathan.h.howard@noaa.gov
PROJECT_INFO: USOS, summer 2024. https://csl.noaa.gov/groups/csl7/measurements/2024usos/
STIPULATIONS_ON_USE: Users are strongly encouraged to contact the PI for proper data usage.
OTHER_COMMENTS: 
REVISION: RA
RA: Preliminary Data; For in-field use only
starttime_UTC, C4H7NO5_NOAACIMS, ISOPN_NOAACIMS, C5H10O3_NOAACIMS, C5H9NO5_NOAACIMS, C10H17NO4_NOAACIMS
[from data line 1243]
 74580, -9999.000, -9999.000, -9999.000, -9999.000, -9999.000
 74640, -9999.000, -9999.000, -9999.000, -9999.000, -9999.000
 74700, -9999.000, -9999.000, -9999.000, -9999.000, -9999.000
 74760, -9999.000, -9999.000, -9999.000, -9999.000, -9999.000
 74820, -9999.000, -9999.000, -9999.000, -9999.000, -9999.000
 74880, -9999.000, -9999.000, -9999.000, -9999.000, -9999.000
 74940, -9999.000, -9999.000, -9999.000, -9999.000, -9999.000
 75000, -9999.000, -9999.000, -9999.000, -9999.000, -9999.000
 75060, -9999.000, -9999.000, -9999.000, -9999.000, -9999.000
 75120, -9999.000, -9999.000, -9999.000, -9999.000, -9999.000
 75180, -9999.000, -9999.000, -9999.000, -9999.000, -9999.000
 75240, -9999.000, -9999.000, -9999.000, -9999.000, -9999.000
 75300, -9999.000, -9999.000, -9999.000, -9999.000, -9999.000
 75360, -9999.000, -9999.000, -9999.000, -9999.000, -9999.000
 75420, -9999.000, -9999.000, -9999.000, -9999.000, -9999.000
 75480, -9999.000, -9999.000, -9999.000, -9999.000, -9999.000
 75540, -9999.000, -9999.000, -9999.000, -9999.000, -9999.000
 75600, -9999.000, -9999.000, -9999.000, -9999.000, -9999.000
 75660, -9999.000, -9999.000, -9999.000, -9999.000, -9999.000
 75720, -9999.000, -9999.000, -9999.000, -9999.000, -9999.000
 75780, -9999.000, -9999.000, -9999.000, -9999.000, -9999.000
 75840, -9999.000, -9999.000, -9999.000, -9999.000, -9999.000
 75900, -9999.000, -9999.000, -9999.000, -9999.000, -9999.000
 75960, -9999.000, -9999.000, -9999.000, -9999.000, -9999.000
 76020, -9999.000, -9999.000, -9999.000, -9999.000, -9999.000
 76080, -9999.000, -9999.000, -9999.000, -9999.000, -9999.000
 76140, -9999.000, -9999.000, -9999.000, -9999.000, -9999.000
 76200, -9999.000, -9999.000, -9999.000, -9999.000, -9999.000
 76260, -9999.000, -9999.000, -9999.000, -9999.000, -9999.000
 76320,  5.642,  3.958, 19.311,  2.403,  0.328
 76380,  5.481,  2.326, 22.288,  2.728, -0.220
 76440,  5.867,  3.110, 22.300,  3.078, -0.061
 76500,  6.343,  4.052, 23.469,  3.495,  0.065
 76560,  6.619,  5.361, 25.714,  3.965,  0.264
 76620,  6.523,  5.576, 26.275,  4.011,  0.211
 76680,  6.713,  5.569, 27.815,  3.960,  0.168
 76740,  6.600,  5.605, 27.789,  4.184,  0.246
 76800,  6.714,  6.130, 29.202,  4.282,  0.290
 76860,  6.637,  5.159, 28.154,  4.158,  0.254
 76920,  6.546,  5.069, 27.384,  4.365,  0.126
 76980,  6.637,  5.693, 28.131,  4.345,  0.260
 77040,  6.369,  5.292, 28.288,  4.069,  0.059
 77100,  6.204,  3.929, 26.716,  3.758, -0.141
 77160,  6.033,  3.293, 26.579,  3.818, -0.028
 77220,  6.180,  4.178, 26.002,  3.800,  0.023
 77280,  6.195,  4.190, 26.832,  3.864,  0.158
 77340,  6.283,  4.885, 27.003,  4.279,  0.310
 77400,  6.298,  5.612, 26.835,  4.139,  0.257
 77460,  6.192,  5.308, 27.009,  4.501,  0.353
 77520,  5.737,  4.286, 26.620,  3.748,  0.129
 77580,  5.986,  4.027, 22.211,  3.924,  0.205
 77640,  5.777,  2.773, 22.235,  3.176,  0.020
 77700,  5.853,  4.221, 23.689,  4.043,  0.200
 77760,  5.862,  4.691, 23.043,  3.932,  0.142
 77820,  5.866,  4.617, 23.066,  4.053,  0.158
 77880,  5.880,  4.804, 21.231,  3.955,  0.282
 77940,  5.787,  4.316, 22.968,  4.038,  0.093
 78000,  5.762,  4.583, 22.030,  4.053,  0.135
 78060,  5.788,  4.301, 23.350,  4.134,  0.167
 78120,  5.658,  4.676, 22.005,  4.010,  0.227
 78180,  5.726,  5.095, 21.068,  3.927,  0.271
 78240,  5.688,  4.580, 21.405,  3.834,  0.205
 78300,  5.589,  4.451, 20.146,  4.007,  0.302
 78360,  5.573,  4.251, 18.441,  3.788,  0.251
 78420,  5.600,  4.368, 18.054,  3.785,  0.319
 78480,  5.588,  4.467, 18.571,  3.986,  0.201
 78540,  5.479,  4.721, 18.666,  3.711,  0.268
 78600,  5.389,  4.051, 17.452,  3.874,  0.367
 78660,  5.509,  4.120, 18.009,  4.009,  0.330
 78720,  5.344,  4.215, 16.287,  3.812,  0.242
 78780,  5.278,  4.253, 17.952,  3.874,  0.167
 78840,  5.009,  3.274, 16.611,  3.469,  0.101
 78900,  5.065,  4.436, 17.150,  3.738,  0.208
 78960,  5.091,  3.880, 15.417,  3.430,  0.290
 79020,  4.991,  3.820, 13.874,  3.727,  0.435
 79080, -9999.000, -9999.000, -9999.000, -9999.000, -9999.000
 79140, -9999.000, -9999.000, -9999.000, -9999.000, -9999.000
 79200, -9999.000, -9999.000, -9999.000, -9999.000, -9999.000
 79260, -9999.000, -9999.000, -9999.000, -9999.000, -9999.000
 79320, -9999.000, -9999.000, -9999.000, -9999.000, -9999.000
 79380, -9999.000, -9999.000, -9999.000, -9999.000, -9999.000
 79440, -9999.000, -9999.000, -9999.000, -9999.000, -9999.000
 79500, -9999.000, -9999.000, -9999.000, -9999.000, -9999.000
 79560, -9999.000, -9999.000, -9999.000, -9999.000, -9999.000
 79620, -9999.000, -9999.000, -9999.000, -9999.000, -9999.000
 79680, -9999.000, -9999.000, -9999.000, -9999.000, -9999.000
 79740, -9999.000, -9999.000, -9999.000, -9999.000, -9999.000
 79800, -9999.000, -9999.000, -9999.000, -9999.000, -9999.000
 79860, -9999.000, -9999.000, -9999.000, -9999.000, -9999.000
 79920, -9999.000, -9999.000, -9999.000, -9999.000, -9999.000
 79980, -9999.000, -9999.000, -9999.000, -9999.000, -9999.000
 80040, -9999.000, -9999.000, -9999.000, -9999.000, -9999.000
 80100, -9999.000, -9999.000, -9999.000, -9999.000, -9999.000
 80160, -9999.000, -9999.000, -9999.000, -9999.000, -9999.000
 80220, -9999.000, -9999.000, -9999.000, -9999.000, -9999.000
 80280, -9999.000, -9999.000, -9999.000, -9999.000, -9999.000
 80340, -9999.000, -9999.000, -9999.000, -9999.000, -9999.000
 80400, -9999.000, -9999.000, -9999.000, -9999.000, -9999.000
 80460, -9999.000, -9999.000, -9999.000, -9999.000, -9999.000
 80520, -9999.000, -9999.000, -9999.000, -9999.000, -9999.000
 80580, -9999.000, -9999.000, -9999.000, -9999.000, -9999.000
 80640, -9999.000, -9999.000, -9999.000, -9999.000, -9999.000
 80700, -9999.000, -9999.000, -9999.000, -9999.000, -9999.000
 80760, -9999.000, -9999.000, -9999.000, -9999.000, -9999.000
 80820, -9999.000, -9999.000, -9999.000, -9999.000, -9999.000
 80880, -9999.000, -9999.000, -9999.000, -9999.000, -9999.000
 80940, -9999.000, -9999.000, -9999.000, -9999.000, -9999.000
 81000, -9999.000, -9999.000, -9999.000, -9999.000, -9999.000
 81060, -9999.000, -9999.000, -9999.000, -9999.000, -9999.000
 81120, -9999.000, -9999.000, -9999.000, -9999.000, -9999.000
 81180, -9999.000, -9999.000, -9999.000, -9999.000, -9999.000
 81240, -9999.000, -9999.000, -9999.000, -9999.000, -9999.000
 81300, -9999.000, -9999.000, -9999.000, -9999.000, -9999.000
 81360, -9999.000, -9999.000, -9999.000, -9999.000, -9999.000
 81420, -9999.000, -9999.000, -9999.000, -9999.000, -9999.000
 81480, -9999.000, -9999.000, -9999.000, -9999.000, -9999.000
 81540, -9999.000, -9999.000, -9999.000, -9999.000, -9999.000
 81600, -9999.000, -9999.000, -9999.000, -9999.000, -9999.000
 81660, -9999.000, -9999.000, -9999.000, -9999.000, -9999.000
 81720, -9999.000, -9999.000, -9999.000, -9999.000, -9999.000
 81780, -9999.000, -9999.000, -9999.000, -9999.000, -9999.000
 81840, -9999.000, -9999.000, -9999.000, -9999.000, -9999.000
 81900, -9999.000, -9999.000, -9999.000, -9999.000, -9999.000
 81960, -9999.000, -9999.000, -9999.000, -9999.000, -9999.000
 82020, -9999.000, -9999.000, -9999.000, -9999.000, -9999.000
 82080, -9999.000, -9999.000, -9999.000, -9999.000, -9999.000
 82140, -9999.000, -9999.000, -9999.000, -9999.000, -9999.000
 82200, -9999.000, -9999.000, -9999.000, -9999.000, -9999.000
 82260, -9999.000, -9999.000, -9999.000, -9999.000, -9999.000
 82320, -9999.000, -9999.000, -9999.000, -9999.000, -9999.000
 82380, -9999.000, -9999.000, -9999.000, -9999.000, -9999.000
 82440, -9999.000, -9999.000, -9999.000, -9999.000, -9999.000
 82500, -9999.000, -9999.000, -9999.000, -9999.000, -9999.000
 82560, -9999.000, -9999.000, -9999.000, -9999.000, -9999.000
 82620, -9999.000, -9999.000, -9999.000, -9999.000, -9999.000
 82680, -9999.000, -9999.000, -9999.000, -9999.000, -9999.000
 82740, -9999.000, -9999.000, -9999.000, -9999.000, -9999.000
 82800, -9999.000, -9999.000, -9999.000, -9999.000, -9999.000
 82860, -9999.000, -9999.000, -9999.000, -9999.000, -9999.000
 82920, -9999.000, -9999.000, -9999.000, -9999.000, -9999.000
 82980, -9999.000, -9999.000, -9999.000, -9999.000, -9999.000
 83040, -9999.000, -9999.000, -9999.000, -9999.000, -9999.000
 83100, -9999.000, -9999.000, -9999.000, -9999.000, -9999.000
 83160, -9999.000, -9999.000, -9999.000, -9999.000, -9999.000
 83220, -9999.000, -9999.000, -9999.000, -9999.000, -9999.000
 83280, -9999.000, -9999.000, -9999.000, -9999.000, -9999.000
 83340, -9999.000, -9999.000, -9999.000, -9999.000, -9999.000
 83400, -9999.000, -9999.000, -9999.000, -9999.000, -9999.000
 83460, -9999.000, -9999.000, -9999.000, -9999.000, -9999.000
 83520,  6.077,  6.887, 39.209,  3.231,  0.179
 83580,  6.126,  6.904, 38.575,  3.408,  0.165
 83640,  6.092,  6.878, 38.458,  3.454,  0.219
 83700,  6.076,  6.947, 38.710,  3.415,  0.192
 83760,  6.139,  7.071, 39.797,  3.578,  0.194
 83820,  6.196,  7.722, 40.477,  3.368,  0.182
 83880,  6.326,  7.484, 40.601,  3.388,  0.221
 83940,  6.319,  7.759, 43.170,  3.484,  0.226
 84000,  6.349,  7.524, 43.755,  3.594,  0.170
 84060,  6.202,  7.812, 42.587,  3.413,  0.193
 84120,  6.269,  7.475, 41.460,  3.395,  0.152
 84180,  6.257,  7.778, 42.087,  3.514,  0.175
 84240,  6.321,  8.083, 42.296,  3.365,  0.189
 84300,  6.244,  7.797, 43.439,  3.423,  0.170
 84360,  6.122,  7.266, 41.532,  3.427,  0.161
 84420,  5.816,  6.946, 38.860,  3.092,  0.192
 84480,  5.785,  6.577, 36.882,  3.047,  0.117
 84540,  5.727,  6.904, 35.705,  3.368,  0.179
 84600,  5.605,  6.609, 35.652,  3.283,  0.251
 84660,  5.763,  6.572, 35.158,  3.184,  0.119
 84720,  5.872,  7.009, 35.293,  3.163,  0.133
 84780,  5.944,  7.110, 38.310,  3.185,  0.160
 84840,  6.103,  8.177, 43.714,  3.340,  0.144
 84900, -9999.000, -9999.000, -9999.000, -9999.000, -9999.000
 84960,  6.081,  8.069, 38.458,  3.340,  0.244
 85020,  6.066,  7.663, 40.848,  3.435,  0.178
 85080,  6.590,  9.114, 47.829,  3.619,  0.196
 85140,  6.660,  9.259, 53.749,  3.535,  0.240
 85200,  6.663,  8.790, 54.469,  3.472,  0.229
 85260,  6.604,  9.298, 55.843,  3.493,  0.185
 85320,  6.672,  9.814, 57.282,  3.684,  0.232
 85380,  6.455,  9.604, 56.896,  3.554,  0.268
 85440,  6.449,  9.488, 55.841,  3.490,  0.201
 85500,  6.462,  9.561, 56.878,  3.560,  0.267
 85560,  6.391,  9.020, 56.611,  3.457,  0.187
 85620,  6.412,  9.283, 58.126,  3.757,  0.290
 85680,  6.248,  8.718, 53.357,  3.581,  0.137
 85740,  5.781,  7.729, 49.357,  3.589,  0.203
 85800,  5.381,  6.902, 40.706,  3.375,  0.228
 85860,  5.062,  6.136, 36.921,  3.334,  0.084
 85920,  5.173,  6.238, 33.267,  3.372,  0.134
 85980,  5.087,  6.359, 32.871,  3.041,  0.131
 86040,  5.292,  6.680, 34.208,  3.210,  0.079
 86100,  5.277,  7.075, 34.368,  3.201,  0.125
 86160,  5.430,  7.030, 36.998,  3.570,  0.228
 86220,  5.327,  6.994, 35.702,  3.405,  0.171
 86280,  5.505,  8.182, 38.212,  3.335,  0.160
 86340,  5.900,  9.288, 49.043,  3.563,  0.099
