CampaignData_and_Merges/R0/CSL_MobileLab_Parked/raw/20240728/USOS-MetNav_MobileLabGround_20240728_R0.ict
44, 1001
Carrie Womack, Nate Howard, Mike Zucker
NOAA Chemical Sciences Laboratory
Mobile Lab MetNav Station
USOS
1, 1
2024, 07, 28, 2024, 12, 21
60
Time_Start, seconds_past_midnight, Seconds from midnight UTC
11
1, 1, 1, 1, 1, 1, 1, 1, 1, 1, 1
-9999, -9999, -9999, -9999, -9999, -9999, -9999, -9999, -9999, -9999, -9999
GPS_Alt_m, meters, Altitude from Differential GPS
GPS_Course_deg, degrees, Course from Differential GPS
GPS_GndSpd_m_s, m/s, Ground Speed from Differential GPS
GPS_Heading_deg, degrees, Heading from Differential GPS
GPS_Lat_deg, degrees, Latitude from Differential GPS
GPS_Lon_deg, degrees, Longitude from Differential GPS
AirTemp_C, Celsius, Air Temperature from Airmar
RelHumidity_pct, percent, Relative Humidity from Airmar
Pressure_mb, millibars, Pressure from Honeywell
WindDir_calc_deg, degrees, Wind Direction from Airmar corrected for van movement
WindSpd_calc_m_s, m/s, Wind Speed from Airmar corrected for van movement
1
SPECIAL COMMENTS:
18
PI_CONTACT_INFO: Address: 325 Broadway R/CSL7, Boulder, CO, 80305
PLATFORM: CSL Mobile Lab
LOCATION: Salt Lake City, UT
ASSOCIATED_DATA: N/A
INSTRUMENT_INFO: N/A
DATA_INFO: Units:
UNCERTAINTY: N/A
ULOD_FLAG: -7777
ULOD_VALUE: N/A
LLOD_FLAG: -8888
LLOD_VALUE: N/A
DM_CONTACT_INFO: Data Manager: Nate Howard
PROJECT_INFO: 
STIPULATIONS_ON_USE: Use of these data require prior ok from PI.
OTHER_COMMENTS: 
REVISION: R0
R0: Final data. Fixed bug in wind averaging code. RA: Preliminary Data. For in-field use only. 
Time_Start, GPS_Alt_m, GPS_Course_deg, GPS_GndSpd_m_s, GPS_Heading_deg, GPS_Lat_deg, GPS_Lon_deg, AirTemp_C, RelHumidity_pct, Pressure_mb, WindDir_calc_deg, WindSpd_calc_m_s
0.0,1308.7,4.23,0.05,4.23,40.73433,-111.87211,35.3,17.9,867.4,93.29,0.8
60.0,1308.6,4.27,0.05,4.27,40.73433,-111.87211,35.1,17.8,867.4,96.87,0.8
120.0,1308.5,4.12,0.05,4.12,40.73433,-111.87211,35.0,17.8,867.4,82.35,0.8
180.0,1308.5,4.14,0.05,4.14,40.73433,-111.87211,35.0,18.0,867.4,104.83,0.9
240.0,1308.4,4.28,0.04,4.28,40.73434,-111.87211,34.9,18.1,867.4,92.79,0.8
300.0,1308.3,4.44,0.05,4.44,40.73434,-111.87211,34.9,16.5,867.4,106.42,0.8
360.0,1308.2,4.32,0.05,4.32,40.73434,-111.87211,34.9,16.6,867.4,104.84,0.9
420.0,1308.2,4.58,0.04,4.58,40.73434,-111.87211,34.9,17.0,867.4,107.67,0.9
480.0,1308.2,4.40,0.05,4.40,40.73434,-111.87211,34.9,17.4,867.5,99.64,0.7
540.0,1308.2,4.21,0.05,4.21,40.73434,-111.87211,34.9,18.7,867.5,87.65,0.7
600.0,1308.2,4.27,0.05,4.27,40.73434,-111.87211,34.9,18.5,867.5,107.73,0.7
660.0,1308.2,4.04,0.05,4.04,40.73434,-111.87211,34.8,17.9,867.5,100.93,0.8
720.0,1308.2,3.92,0.04,3.92,40.73434,-111.87211,34.7,18.1,867.5,105.96,0.6
780.0,1308.3,4.11,0.05,4.11,40.73433,-111.87211,34.6,18.5,867.5,94.92,0.8
840.0,1308.3,4.39,0.05,4.39,40.73433,-111.87211,34.7,18.4,867.5,100.30,0.7
900.0,1308.3,4.32,0.04,4.32,40.73433,-111.87210,34.8,17.4,867.5,97.88,0.5
960.0,1308.3,4.12,0.04,4.12,40.73433,-111.87211,34.9,17.8,867.5,101.80,0.8
1020.0,1308.1,4.04,0.05,4.04,40.73433,-111.87211,35.0,17.4,867.6,86.32,0.4
1080.0,1308.1,3.64,0.05,3.64,40.73433,-111.87211,35.1,17.7,867.6,93.00,0.6
1140.0,1308.0,3.48,0.05,3.48,40.73433,-111.87211,35.2,17.9,867.6,107.94,0.9
1200.0,1308.0,3.05,0.05,3.05,40.73433,-111.87211,35.4,16.7,867.7,104.47,0.7
1260.0,1307.9,2.42,0.05,2.42,40.73433,-111.87211,35.4,17.2,867.7,77.71,0.5
1320.0,1308.0,2.53,0.05,2.53,40.73433,-111.87211,35.3,16.9,867.7,53.08,0.2
1380.0,1308.1,2.47,0.05,2.47,40.73434,-111.87211,35.3,16.9,867.7,104.92,0.5
1440.0,1308.1,2.83,0.05,2.83,40.73434,-111.87211,35.2,17.3,867.7,93.98,0.5
1500.0,1308.1,3.46,0.05,3.46,40.73434,-111.87211,35.2,17.1,867.8,117.71,0.7
1560.0,1308.0,3.24,0.05,3.24,40.73434,-111.87211,35.1,17.4,867.8,112.38,0.2
1620.0,1308.0,2.85,0.05,2.85,40.73434,-111.87211,35.0,17.0,867.8,311.12,0.0
1680.0,1307.7,3.17,0.04,3.17,40.73434,-111.87211,35.0,16.7,867.8,165.74,0.3
1740.0,1307.3,3.83,0.05,3.83,40.73434,-111.87211,35.0,17.3,867.8,126.40,0.3
1800.0,1307.3,3.63,0.05,3.63,40.73434,-111.87211,34.8,17.5,867.8,87.68,0.2
1860.0,1307.3,2.96,0.05,2.96,40.73434,-111.87211,34.8,17.7,867.9,159.06,0.1
1920.0,1306.9,2.77,0.05,2.77,40.73434,-111.87210,34.7,18.0,868.0,113.84,0.1
1980.0,1306.8,3.02,0.04,3.02,40.73434,-111.87210,34.6,18.3,868.1,85.81,0.0
2040.0,1306.9,3.16,0.04,3.16,40.73434,-111.87211,34.3,18.4,868.4,297.47,0.3
2100.0,1307.1,3.07,0.04,3.07,40.73434,-111.87211,34.0,18.8,868.7,9.03,0.4
2160.0,1307.3,3.41,0.05,3.41,40.73434,-111.87211,33.2,19.6,868.8,309.87,1.0
2220.0,1307.3,3.60,0.04,3.60,40.73434,-111.87211,32.5,20.3,868.9,318.97,1.2
2280.0,1307.3,4.10,0.04,4.10,40.73434,-111.87211,31.6,20.8,869.0,324.10,1.3
2340.0,1307.6,4.38,0.04,4.38,40.73434,-111.87211,30.8,21.5,869.1,312.52,1.6
2400.0,1307.5,4.73,0.04,4.73,40.73434,-111.87211,30.5,22.1,869.1,294.52,0.8
2460.0,1307.5,4.54,0.05,4.54,40.73434,-111.87211,30.1,22.7,869.1,309.59,1.0
2520.0,1307.7,4.32,0.05,4.32,40.73434,-111.87211,30.0,23.3,869.1,72.85,0.2
2580.0,1307.9,3.23,0.05,3.23,40.73434,-111.87211,29.8,23.8,869.1,98.43,0.8
2640.0,1308.0,2.98,0.04,2.98,40.73434,-111.87211,29.5,23.9,869.1,58.73,0.3
2700.0,1308.1,3.03,0.05,3.03,40.73434,-111.87211,29.4,24.3,869.1,105.25,0.8
2760.0,1308.2,3.20,0.05,3.20,40.73434,-111.87211,29.1,24.6,869.2,46.77,0.5
2820.0,1308.5,3.47,0.05,3.47,40.73434,-111.87211,28.9,24.8,869.2,71.01,0.8
2880.0,1308.9,3.79,0.04,3.79,40.73434,-111.87211,28.6,24.8,869.2,14.74,0.6
2940.0,1309.1,3.77,0.05,3.77,40.73434,-111.87211,28.5,25.1,869.2,91.35,0.5
3000.0,1309.2,3.49,0.05,3.49,40.73434,-111.87211,28.4,25.3,869.2,6.08,0.5
3060.0,1309.4,3.64,0.05,3.64,40.73434,-111.87211,28.2,25.4,869.2,44.68,0.4
3120.0,1309.5,3.62,0.04,3.62,40.73434,-111.87211,28.2,25.6,869.2,45.07,0.3
3180.0,1309.6,3.30,0.05,3.30,40.73434,-111.87211,28.2,25.7,869.3,71.82,0.6
3240.0,1309.6,3.54,0.05,3.54,40.73434,-111.87211,27.9,25.8,869.3,35.78,0.8
3300.0,1309.5,3.67,0.05,3.67,40.73434,-111.87211,27.8,25.9,869.2,49.89,1.0
3360.0,1309.4,3.36,0.04,3.36,40.73434,-111.87211,27.6,26.2,869.2,66.78,0.8
3420.0,1309.4,2.97,0.04,2.97,40.73434,-111.87211,27.5,26.3,869.3,84.30,0.5
3480.0,1309.4,3.34,0.05,3.34,40.73434,-111.87211,27.5,26.4,869.3,82.33,0.6
3540.0,1309.3,3.14,0.05,3.14,40.73434,-111.87211,27.3,26.3,869.3,27.84,0.3
3600.0,1309.2,3.00,0.05,3.00,40.73434,-111.87211,27.2,26.5,869.4,100.56,0.8
3660.0,1309.1,2.54,0.05,2.54,40.73434,-111.87211,26.8,26.6,869.4,2.18,1.4
3720.0,1309.2,2.43,0.05,2.43,40.73434,-111.87211,26.7,27.0,869.4,42.11,0.8
3780.0,1309.2,2.69,0.05,2.69,40.73434,-111.87211,26.3,27.3,869.5,25.26,1.5
3840.0,1309.2,2.61,0.05,2.61,40.73434,-111.87211,26.3,27.4,869.5,48.42,0.6
3900.0,1309.3,3.07,0.05,3.07,40.73434,-111.87211,26.2,27.4,869.5,48.04,0.7
3960.0,1309.4,3.17,0.05,3.17,40.73434,-111.87211,26.1,27.6,869.5,40.66,0.7
4020.0,1309.4,3.32,0.05,3.32,40.73434,-111.87211,26.0,27.7,869.5,52.55,0.8
4080.0,1309.4,3.05,0.05,3.05,40.73434,-111.87211,25.9,27.9,869.4,56.14,1.3
4140.0,1309.3,2.81,0.05,2.81,40.73434,-111.87211,25.8,27.9,869.4,56.03,0.6
4200.0,1309.1,2.83,0.06,2.83,40.73434,-111.87211,25.8,28.1,869.4,102.58,1.1
4260.0,1309.1,2.16,0.04,2.16,40.73434,-111.87211,25.7,28.2,869.3,78.77,0.5
4320.0,1308.9,1.78,0.05,1.78,40.73434,-111.87211,25.6,27.9,869.2,47.63,0.8
4380.0,1308.6,2.43,0.04,2.43,40.73434,-111.87211,25.6,27.8,869.2,33.70,0.6
4440.0,1308.5,2.33,0.05,2.33,40.73434,-111.87211,25.7,27.7,869.2,87.93,0.5
4500.0,1308.5,2.66,0.05,2.66,40.73434,-111.87211,25.6,27.6,869.1,40.73,0.8
4560.0,1308.6,2.38,0.05,2.38,40.73434,-111.87211,25.6,27.6,869.1,80.00,0.9
4620.0,1308.5,2.69,0.05,2.69,40.73434,-111.87211,25.6,27.5,869.0,101.24,0.6
4680.0,1308.7,2.82,0.06,2.82,40.73434,-111.87211,25.8,27.5,869.0,126.72,0.8
4740.0,1308.9,1.84,0.06,1.84,40.73434,-111.87211,25.8,27.6,869.0,88.55,0.7
4800.0,1308.4,2.43,0.06,2.43,40.73434,-111.87211,25.8,27.4,869.0,83.55,0.7
4860.0,1308.2,3.19,0.05,3.19,40.73434,-111.87211,25.8,27.2,869.0,110.51,0.8
4920.0,1308.3,3.21,0.05,3.21,40.73434,-111.87211,25.9,27.0,869.0,126.81,1.0
4980.0,1308.6,3.51,0.06,3.51,40.73434,-111.87211,25.9,27.2,869.0,81.89,0.4
5040.0,1308.7,3.97,0.05,3.97,40.73434,-111.87211,26.0,27.1,869.0,252.38,0.2
5100.0,1308.7,3.92,0.06,3.92,40.73434,-111.87211,26.1,27.1,869.0,121.48,1.0
5160.0,1308.6,3.42,0.05,3.42,40.73434,-111.87211,26.0,26.8,869.0,75.09,0.8
5220.0,1308.8,2.96,0.06,2.96,40.73434,-111.87211,26.0,26.8,869.0,100.34,0.7
5280.0,1308.7,3.01,0.05,3.01,40.73434,-111.87211,26.0,26.7,869.1,95.57,0.4
5340.0,1308.8,2.89,0.05,2.89,40.73434,-111.87211,26.1,26.6,869.1,157.29,0.4
5400.0,1309.1,3.53,0.05,3.53,40.73434,-111.87211,26.3,26.6,869.1,68.38,0.2
5460.0,1309.2,3.63,0.04,3.63,40.73434,-111.87211,26.3,26.5,869.2,326.18,0.1
5520.0,1309.3,3.74,0.05,3.74,40.73434,-111.87211,26.5,26.4,869.1,128.34,0.8
5580.0,1309.2,3.43,0.05,3.43,40.73434,-111.87211,26.5,26.6,869.1,99.86,0.7
5640.0,1309.3,2.96,0.06,2.96,40.73434,-111.87211,26.5,26.8,869.1,115.99,0.8
5700.0,1309.2,2.90,0.05,2.90,40.73434,-111.87211,26.4,26.8,869.1,96.07,0.5
5760.0,1309.3,3.08,0.05,3.08,40.73434,-111.87211,26.4,26.8,869.1,119.00,0.7
5820.0,1309.7,3.22,0.06,3.22,40.73434,-111.87211,26.4,26.9,869.2,121.83,0.9
5880.0,1309.9,2.98,0.05,2.98,40.73434,-111.87211,26.5,26.5,869.2,90.26,0.3
5940.0,1309.7,3.01,0.06,3.01,40.73434,-111.87211,26.5,26.3,869.1,169.32,0.4
6000.0,1309.5,2.95,0.05,2.95,40.73434,-111.87211,26.6,26.3,869.1,152.71,0.7
6060.0,1309.4,3.82,0.05,3.82,40.73434,-111.87211,26.7,26.2,869.1,122.41,0.8
6120.0,1309.4,3.73,0.05,3.73,40.73434,-111.87211,26.7,26.2,869.1,129.63,0.9
6180.0,1309.4,3.21,0.05,3.21,40.73434,-111.87211,26.7,26.5,869.0,112.79,0.9
6240.0,1309.6,2.98,0.05,2.98,40.73434,-111.87211,26.7,26.2,869.0,140.97,1.1
6300.0,1309.6,3.48,0.05,3.48,40.73434,-111.87211,26.7,27.1,869.0,138.71,1.6
6360.0,1309.6,3.83,0.06,3.83,40.73434,-111.87211,26.7,26.6,869.0,145.51,1.6
6420.0,1309.7,3.75,0.05,3.75,40.73434,-111.87211,26.7,26.5,869.0,155.49,1.3
6480.0,1310.0,3.40,0.05,3.40,40.73434,-111.87211,26.8,26.7,869.0,160.19,1.0
6540.0,1309.9,3.48,0.05,3.48,40.73434,-111.87211,26.8,26.8,868.9,162.12,1.1
6600.0,1309.9,3.77,0.05,3.77,40.73434,-111.87211,26.8,26.8,869.0,171.78,1.3
6660.0,1309.9,4.28,0.06,4.28,40.73434,-111.87211,26.8,26.7,869.0,173.22,1.5
6720.0,1309.9,4.41,0.05,4.41,40.73434,-111.87211,26.9,26.8,869.0,164.18,1.0
6780.0,1310.0,4.21,0.06,4.21,40.73434,-111.87211,26.9,26.8,869.0,116.40,1.0
6840.0,1309.9,4.26,0.05,4.26,40.73434,-111.87211,26.8,27.6,869.0,83.15,0.8
6900.0,1309.8,3.82,0.06,3.82,40.73434,-111.87211,26.8,27.4,869.0,99.51,0.6
6960.0,1309.6,3.62,0.05,3.62,40.73434,-111.87211,26.8,27.0,869.0,117.32,0.8
7020.0,1309.3,3.96,0.06,3.96,40.73434,-111.87211,26.8,26.7,869.0,127.96,1.0
7080.0,1309.2,3.92,0.06,3.92,40.73434,-111.87211,26.9,26.8,869.0,156.89,0.6
7140.0,1309.1,3.77,0.06,3.77,40.73434,-111.87211,26.9,26.8,869.0,140.69,0.5
7200.0,1309.0,3.90,0.06,3.90,40.73434,-111.87211,26.9,26.9,869.0,116.74,0.8
7260.0,1308.9,4.06,0.06,4.06,40.73434,-111.87211,26.8,26.9,869.0,126.48,1.0
7320.0,1308.9,4.11,0.05,4.11,40.73434,-111.87211,26.8,27.5,869.0,126.95,0.9
7380.0,1308.9,3.98,0.05,3.98,40.73434,-111.87211,26.8,27.7,869.0,119.43,1.1
7440.0,1308.8,3.78,0.06,3.78,40.73434,-111.87211,26.8,26.6,869.0,122.07,1.3
7500.0,1308.7,4.13,0.06,4.13,40.73434,-111.87211,26.8,27.1,869.0,145.10,1.5
7560.0,1308.6,3.82,0.06,3.82,40.73434,-111.87211,26.8,27.3,869.0,123.30,1.5
7620.0,1308.6,3.71,0.06,3.71,40.73434,-111.87211,26.8,27.2,869.0,144.66,1.9
7680.0,1308.6,3.52,0.06,3.52,40.73434,-111.87211,26.8,27.0,869.0,128.40,2.1
7740.0,1308.5,3.87,0.06,3.87,40.73434,-111.87211,26.7,27.1,869.0,106.13,1.2
7800.0,1308.4,3.85,0.07,3.85,40.73434,-111.87211,26.7,27.0,869.1,128.52,2.4
7860.0,1308.2,3.63,0.05,3.63,40.73434,-111.87211,26.6,27.0,869.1,130.40,2.8
7920.0,1308.2,3.54,0.06,3.54,40.73434,-111.87211,26.6,27.0,869.1,134.30,3.4
7980.0,1307.4,3.17,0.06,3.17,40.73434,-111.87211,26.6,27.1,869.1,136.12,1.7
8040.0,1306.9,3.47,0.05,3.47,40.73434,-111.87212,26.6,27.2,869.2,128.67,1.4
8100.0,1306.9,3.03,0.06,3.03,40.73434,-111.87212,26.7,27.0,869.2,135.80,1.2
8160.0,1307.2,2.47,0.06,2.47,40.73434,-111.87212,26.7,26.9,869.2,113.88,0.9
8220.0,1307.9,2.60,0.05,2.60,40.73434,-111.87211,26.6,27.0,869.2,97.28,0.6
8280.0,1308.4,2.97,0.06,2.97,40.73434,-111.87211,26.5,26.9,869.2,118.40,2.3
8340.0,1308.4,3.08,0.06,3.08,40.73434,-111.87211,26.5,27.5,869.2,128.02,1.7
8400.0,1308.4,2.97,0.05,2.97,40.73434,-111.87212,26.4,27.5,869.2,119.14,1.8
8460.0,1308.4,2.49,0.05,2.49,40.73434,-111.87212,26.3,27.3,869.3,108.57,1.9
8520.0,1308.4,2.09,0.05,2.09,40.73434,-111.87212,26.2,27.4,869.3,112.90,2.8
8580.0,1308.5,1.94,0.05,1.94,40.73434,-111.87212,26.3,27.4,869.3,124.31,1.4
8640.0,1308.5,2.75,0.05,2.75,40.73434,-111.87212,26.3,27.4,869.3,91.58,0.9
8700.0,1308.5,2.93,0.06,2.93,40.73434,-111.87212,26.2,27.5,869.3,106.90,1.6
8760.0,1308.7,2.79,0.05,2.79,40.73434,-111.87212,26.2,27.8,869.3,115.19,1.7
8820.0,1308.7,2.59,0.06,2.59,40.73434,-111.87212,26.2,27.6,869.3,118.97,1.2
8880.0,1308.8,2.64,0.06,2.64,40.73434,-111.87212,26.3,27.7,869.3,112.95,0.8
8940.0,1308.8,2.29,0.05,2.29,40.73434,-111.87212,26.3,27.6,869.3,111.35,0.9
9000.0,1308.8,2.48,0.06,2.48,40.73434,-111.87212,26.3,27.4,869.3,132.96,0.9
9060.0,1308.9,2.69,0.06,2.69,40.73434,-111.87212,26.4,27.5,869.3,129.91,0.9
9120.0,1309.1,2.64,0.06,2.64,40.73434,-111.87212,26.4,27.5,869.3,102.66,1.1
9180.0,1309.2,2.67,0.05,2.67,40.73434,-111.87212,26.3,27.4,869.3,126.41,2.1
9240.0,1309.4,2.95,0.05,2.95,40.73434,-111.87212,26.3,27.6,869.3,121.40,0.7
9300.0,1309.4,2.76,0.05,2.76,40.73434,-111.87212,26.4,27.5,869.3,81.75,0.2
9360.0,1309.2,2.72,0.05,2.72,40.73434,-111.87212,26.3,27.5,869.3,56.14,0.4
9420.0,1309.2,3.31,0.05,3.31,40.73434,-111.87212,26.3,27.4,869.3,132.99,0.9
9480.0,1309.1,3.54,0.05,3.54,40.73434,-111.87212,26.4,27.4,869.3,119.92,0.7
9540.0,1309.0,3.15,0.05,3.15,40.73434,-111.87212,26.4,27.4,869.4,121.60,1.1
9600.0,1308.9,2.90,0.05,2.90,40.73434,-111.87212,26.4,27.4,869.4,133.90,1.2
9660.0,1308.8,3.05,0.05,3.05,40.73434,-111.87212,26.4,27.6,869.4,132.81,1.7
9720.0,1308.9,2.85,0.05,2.85,40.73434,-111.87212,26.3,27.7,869.4,123.82,1.7
9780.0,1309.2,3.05,0.06,3.05,40.73434,-111.87212,26.2,27.8,869.4,117.97,1.6
9840.0,1309.3,3.22,0.05,3.22,40.73434,-111.87212,26.1,28.0,869.3,121.39,2.4
9900.0,1309.4,3.48,0.05,3.48,40.73434,-111.87212,26.0,27.9,869.3,116.68,2.6
9960.0,1309.4,3.96,0.05,3.96,40.73434,-111.87211,25.9,28.1,869.3,118.24,3.2
10020.0,1309.3,4.27,0.06,4.27,40.73434,-111.87211,25.8,28.1,869.3,118.71,2.8
10080.0,1308.7,4.76,0.06,4.76,40.73434,-111.87211,25.8,28.2,869.3,120.45,2.3
10140.0,1308.3,4.37,0.06,4.37,40.73434,-111.87211,25.7,28.7,869.2,119.61,1.9
10200.0,1308.3,3.69,0.05,3.69,40.73434,-111.87211,25.6,28.5,869.2,111.56,2.0
10260.0,1308.4,3.69,0.06,3.69,40.73434,-111.87211,25.6,28.5,869.2,121.35,2.7
10320.0,1308.4,4.16,0.06,4.16,40.73434,-111.87211,25.5,28.6,869.1,112.48,2.3
10380.0,1308.3,4.15,0.06,4.15,40.73434,-111.87212,25.4,28.8,869.1,111.14,2.2
10440.0,1308.3,3.78,0.05,3.78,40.73435,-111.87212,25.4,28.8,869.0,114.12,2.2
10500.0,1308.3,4.19,0.06,4.19,40.73434,-111.87212,25.4,28.9,869.0,114.29,1.4
10560.0,1308.4,4.16,0.06,4.16,40.73434,-111.87212,25.3,28.8,869.0,97.02,1.7
10620.0,1308.4,4.03,0.05,4.03,40.73435,-111.87212,25.3,28.9,869.0,107.90,1.6
10680.0,1308.4,4.30,0.06,4.30,40.73434,-111.87212,25.2,29.0,868.9,118.50,1.9
10740.0,1308.3,4.22,0.05,4.22,40.73434,-111.87212,25.2,29.2,868.9,120.84,2.6
10800.0,1308.4,4.08,0.05,4.08,40.73434,-111.87212,25.1,29.3,868.9,111.28,1.4
10860.0,1308.5,4.48,0.05,4.48,40.73434,-111.87212,25.0,29.2,868.9,97.88,1.8
10920.0,1308.5,4.37,0.05,4.37,40.73434,-111.87212,25.0,29.2,868.9,110.13,2.1
10980.0,1308.5,4.27,0.05,4.27,40.73434,-111.87211,25.0,29.3,868.9,112.31,1.7
11040.0,1308.6,4.48,0.05,4.48,40.73434,-111.87211,25.0,29.4,868.9,120.59,1.8
11100.0,1308.7,4.68,0.04,4.68,40.73434,-111.87211,25.0,29.3,869.0,114.18,2.2
11160.0,1308.8,4.82,0.05,4.82,40.73434,-111.87211,25.0,29.3,869.0,107.52,1.7
11220.0,1308.8,4.89,0.05,4.89,40.73434,-111.87211,25.0,29.2,869.0,115.87,1.9
11280.0,1308.8,4.35,0.05,4.35,40.73434,-111.87211,25.1,29.0,869.0,132.48,1.2
11340.0,1308.8,3.80,0.05,3.80,40.73434,-111.87211,25.1,29.1,869.0,126.89,0.9
11400.0,1309.2,3.57,0.05,3.57,40.73434,-111.87211,25.1,29.1,869.0,104.35,0.7
11460.0,1309.3,4.22,0.05,4.22,40.73434,-111.87211,25.2,28.9,869.0,113.51,0.9
11520.0,1309.1,4.30,0.05,4.30,40.73434,-111.87211,25.2,28.9,869.0,110.33,1.0
11580.0,1309.2,3.73,0.05,3.73,40.73434,-111.87211,25.2,28.9,869.1,102.42,0.9
11640.0,1309.0,4.22,0.04,4.22,40.73434,-111.87211,25.3,29.0,869.1,90.63,0.6
11700.0,1308.9,4.33,0.05,4.33,40.73434,-111.87211,25.3,29.0,869.1,61.10,0.5
11760.0,1308.8,3.87,0.04,3.87,40.73434,-111.87211,25.4,28.9,869.0,108.63,0.5
11820.0,1308.9,4.13,0.05,4.13,40.73434,-111.87211,25.4,29.0,869.0,76.94,0.4
11880.0,1308.9,3.96,0.05,3.96,40.73434,-111.87211,25.4,29.2,869.0,86.13,0.3
11940.0,1309.0,3.74,0.05,3.74,40.73434,-111.87211,25.5,29.2,869.0,128.52,0.8
12000.0,1309.0,3.52,0.05,3.52,40.73434,-111.87211,25.6,28.9,869.0,86.94,0.6
12060.0,1308.9,3.57,0.04,3.57,40.73434,-111.87211,25.5,29.0,869.0,112.20,1.0
12120.0,1308.9,3.47,0.05,3.47,40.73434,-111.87211,25.5,28.8,869.0,111.44,0.9
12180.0,1308.7,3.53,0.05,3.53,40.73434,-111.87211,25.4,28.8,869.0,120.39,1.3
12240.0,1308.8,4.24,0.05,4.24,40.73434,-111.87211,25.4,29.0,869.0,108.45,0.9
12300.0,1308.5,4.26,0.05,4.26,40.73434,-111.87211,25.3,29.1,869.0,129.86,0.5
12360.0,1308.6,4.61,0.05,4.61,40.73434,-111.87211,25.2,28.7,869.0,96.91,1.1
12420.0,1308.7,4.25,0.05,4.25,40.73434,-111.87211,25.3,28.6,869.0,148.98,0.5
12480.0,1308.1,3.55,0.05,3.55,40.73435,-111.87211,25.4,28.5,869.0,123.97,1.6
12540.0,1308.0,3.18,0.05,3.18,40.73434,-111.87211,25.3,28.7,869.0,115.65,1.8
12600.0,1308.1,3.66,0.05,3.66,40.73434,-111.87211,25.3,28.8,869.0,115.85,1.4
