CampaignData_and_Merges/R0/CSL_MobileLab_Parked/raw/20240728/USOS-Picarro-CO2-CH4-CO-H2O_MobileLabGround_20240728_R0.ict
38, 1001
Ilana Pollack, Nell Schafer, and Jeff Peischl
NOAA Chemical Sciences Laboratory
Picarro 2401-m CO2/CH4/CO/H2O Analyzer
USOS
1, 1
2024, 07, 28, 2024, 11, 20
0
StartTime_UTC, seconds_past_midnight, seconds past midnight
5
1, 1, 1, 1, 1
-9999, -9999, -9999, -9999, -9999
StopTime_UTC, seconds_past_midnight, seconds past midnight
CO2_ppm_1min, ppm, Gas_CO2_InSitu_S_DMF, carbon dioxide mixing ratio
CH4_ppb_1min, ppb, Gas_CH4_InSitu_S_DMF, methane mixing ratio
CO_ppb_1min, ppb, Gas_CO_InSitu_S_DMF, carbon monoxide mixing ratio
H2O_ppmv_1min, ppmv, Met_H2OMRV_InSitu_S_AVMR, water vapor mixing ratio
1
SPECIAL COMMENTS: N/A
18
PI_CONTACT_INFO: Address: NOAA Chemical Sciences Laboratory, Mail Stop CSL7, 325 Broadway, Boulder, CO 80305; Email: Ilana.Pollack@noaa.gov
PLATFORM: NOAA CSL Mobile Laboratory
LOCATION: The mobile lab was stationed in Salt Lake City, Utah.
ASSOCIATED_DATA: N/A
INSTRUMENT_INFO: CO2, CH4, and CO are reported as dry air mole fractions using a commercial wavelength-scanned cavity ring-down analyzer (Picarro 2401-m). An in-field calibration gas standard of 432±0.07 ppm CO2, 2095±1 ppb CH4, and 183±1 ppb CO, calibrated in the Boulder laboratories before and after the field project using primary CO2, CH4, and CO standard tanks tied to the WMO standard (X2019, X2004A, and X2014A, respectively) from the Global Monitoring Laboratory (GML), was delivered to the inlet every 2-3 days to evaluate instrument sensitivity. A H2O measurement was calibrated before the project with a Dew Point Mirror 373 hygrometer. The water correction calculated from these calibrations was applied to the H2O measurement for the entire campaign. Species are measured at 0.5 Hz and reported as 1-minute averages for stationary measurements.
DATA_INFO: Units: CO2, ppm, dry air mole fraction; CH4, ppb, dry air mole fraction; CO, ppb, dry air mole fraction; H2O, ppmv
UNCERTAINTY: Total uncertainties are estimated as ±0.1 ppm for CO2, ±1 ppb for CH4, ±5 ppb for CO, and ±(50 ppm + 4%) for H2O.
ULOD_FLAG: -7777
ULOD_VALUE: N/A
LLOD_FLAG: -8888
LLOD_VALUE: N/A
DM_CONTACT_INFO: Data Manager: Nathan Howard; nathan.h.howard@noaa.gov
PROJECT_INFO: USOS Dates of Study: July – August 2024
STIPULATIONS_ON_USE: Use of these data require prior ok from PI.
OTHER_COMMENTS: Data are averaged to 1 minute intervals. Stationary data collected from a 10 ft tower on top of the mobile van.
REVISION: R0
R0: Final Data
StartTime_UTC, StopTime_UTC, CO2_ppm_1min, CH4_ppb_1min, CO_ppb_1min, H2O_ppmv_1min
0,60,432.98,1973.2,212.4,12247.0078
60,120,430.86,1974.8,211.1,12677.2461
120,180,430.55,1973.4,210.8,11936.6494
180,240,432.05,1975.2,212.0,13159.0625
240,300,432.02,1972.1,214.7,11829.8242
300,360,431.33,1972.0,217.0,11622.0488
360,420,431.57,1972.0,218.0,11665.8936
420,480,430.72,1973.8,216.6,12304.7988
480,540,429.75,1975.1,218.8,13062.2021
540,600,429.46,1974.4,216.8,12734.2461
600,660,430.24,1974.9,216.3,12521.5303
660,720,432.01,1974.8,214.5,12449.8896
720,780,431.82,1974.7,214.8,12447.3330
780,840,433.54,1975.6,216.2,12592.8945
840,900,429.37,1973.1,217.3,12021.7178
900,960,429.59,1974.0,216.8,11941.7041
960,1020,429.66,1974.2,217.2,12272.1689
1020,1080,428.90,1970.4,210.4,11516.0986
1080,1140,428.52,1971.8,211.4,12325.8506
1140,1200,428.94,1968.6,206.6,11255.6787
1200,1260,428.54,1969.6,206.3,11727.2422
1260,1320,428.51,1970.2,203.4,11733.8018
1320,1380,428.82,1970.7,240.2,11580.3242
1380,1440,429.04,1971.8,268.2,11710.7588
1440,1500,428.69,1971.3,203.8,11507.9287
1500,1560,429.17,1972.9,216.0,11945.4004
1560,1620,429.04,1973.4,203.1,11527.3096
1620,1680,429.38,1973.9,203.7,11366.5654
1680,1740,429.70,1975.5,202.8,11527.9775
1740,1800,430.25,1978.0,204.3,11738.7188
1800,1860,430.78,1983.1,204.2,11948.2412
1860,1920,431.35,1988.3,208.1,12014.5586
1920,1980,432.55,2006.6,210.2,12365.8770
1980,2040,433.73,2038.4,214.5,12512.0791
2040,2100,435.20,2063.1,218.8,12707.3926
2100,2160,434.87,2052.7,205.1,13165.4756
2160,2220,431.77,2002.4,173.9,13630.9121
2220,2280,429.32,1980.6,160.4,13800.3906
2280,2340,428.18,1974.1,152.7,13940.6191
2340,2400,427.86,1975.2,152.8,14036.9531
2400,2460,428.26,1981.3,153.7,14127.6563
2460,2520,429.12,1992.3,153.5,14250.2734
2520,2580,430.38,2008.4,152.9,14390.2207
2580,2640,431.63,2021.2,154.4,14457.2188
2640,2700,431.95,2015.9,156.2,14435.5820
2700,2760,430.80,1994.9,160.0,14479.6504
2760,2820,430.28,1991.0,162.2,14520.9580
2820,2880,429.97,1993.4,161.9,14398.2246
2880,2940,430.69,1999.6,159.2,14294.9258
2940,3000,431.49,2006.6,157.6,14328.2666
3000,3060,430.98,2014.8,157.8,14172.7725
3060,3120,430.68,2014.9,154.9,14205.4893
3120,3180,429.81,2015.2,153.9,14167.6055
3180,3240,429.69,2013.2,156.4,14154.0752
3240,3300,429.11,2004.2,155.2,14084.2578
3300,3360,428.76,1997.3,156.0,14107.8428
3360,3420,428.83,1993.6,155.4,14165.1680
3420,3480,428.63,1990.4,156.0,14133.3721
3480,3540,428.59,1985.2,157.1,13907.7598
3540,3600,428.71,1992.3,161.7,13822.6943
3600,3660,428.90,2007.7,162.9,13807.5654
3660,3720,427.94,2021.0,158.1,13815.9863
3720,3780,428.06,2021.4,156.4,13902.0273
3780,3840,428.23,2012.0,161.1,13806.6729
3840,3900,428.55,2005.0,159.2,13772.7734
3900,3960,428.34,1997.2,157.9,13673.9043
3960,4020,428.69,1996.9,156.8,13748.2793
4020,4080,428.87,1991.3,157.2,13736.9053
4080,4140,428.47,1984.2,157.4,13660.8584
4140,4200,428.80,1983.9,159.5,13676.4375
4200,4260,429.99,1984.8,164.7,13751.7393
4260,4320,428.66,1974.8,159.4,13489.9297
4320,4380,427.81,1969.6,152.7,13298.2695
4380,4440,427.96,1968.2,155.6,13263.2178
4440,4500,428.34,1967.3,159.0,13181.1152
4500,4560,428.55,1966.2,162.1,13163.1182
4560,4620,428.17,1965.5,160.4,13078.2070
4620,4680,428.12,1965.3,158.0,13066.1973
4680,4740,428.75,1966.0,158.3,13102.8174
4740,4800,428.92,1965.9,160.1,13152.6699
4800,4860,428.56,1964.4,157.3,12975.9541
4860,4920,427.77,1962.8,152.0,12812.6719
4920,4980,428.13,1963.1,149.5,12838.5723
4980,5040,428.33,1964.4,154.2,12906.8174
5040,5100,428.93,1964.9,161.6,12926.7832
5100,5160,428.60,1964.0,156.4,12839.7344
5160,5220,428.00,1961.9,154.0,12597.6387
5220,5280,428.12,1962.4,152.8,12685.2969
5280,5340,427.95,1962.5,152.9,12607.3574
5340,5400,428.09,1962.9,155.4,12673.5049
5400,5460,427.85,1962.8,154.1,12605.9619
5460,5520,427.68,1965.2,154.5,12646.1436
5520,5580,428.20,1964.7,155.2,12808.6875
5580,5640,428.58,1964.8,160.4,12898.4609
5640,5700,428.21,1965.4,156.6,12885.2051
5700,5760,428.48,1965.2,160.2,12848.2676
5760,5820,429.03,1965.0,163.7,12846.1855
5820,5880,428.92,1964.9,161.6,12679.9346
5880,5940,428.26,1964.6,159.4,12668.0391
5940,6000,428.39,1964.6,160.9,12671.0117
6000,6060,428.71,1965.1,162.2,12686.1338
6060,6120,428.96,1965.5,159.8,12748.4033
6120,6180,429.29,1966.0,160.4,12789.9727
6180,6240,428.98,1965.1,159.0,12726.8750
6240,6300,430.15,1966.0,162.0,12812.9863
6300,6360,429.50,1966.4,162.0,12833.4736
6360,6420,429.70,1966.5,163.9,12815.9531
6420,6480,430.13,1967.2,165.2,12841.7783
6480,6540,429.96,1967.8,163.6,12857.5381
6540,6600,429.81,1967.6,160.1,12859.2422
6600,6660,429.50,1967.5,161.9,12837.4141
6660,6720,429.61,1967.2,162.2,12847.2705
6720,6780,430.17,1968.7,164.4,12962.5313
6780,6840,430.81,1968.9,166.1,13145.3887
6840,6900,434.39,1968.7,163.9,13455.8193
6900,6960,431.15,1969.0,168.1,13125.5781
6960,7020,430.52,1969.4,167.6,12976.6113
7020,7080,432.01,1970.4,170.2,13091.8359
7080,7140,431.73,1970.6,172.3,13128.3994
7140,7200,431.89,1970.8,173.0,13208.1719
7200,7260,432.38,1970.5,177.3,13265.8721
7260,7320,434.50,1971.0,183.8,13474.4463
7320,7380,435.39,1973.1,197.8,13486.0557
7380,7440,434.11,1974.0,188.8,13294.2598
7440,7500,435.30,1975.6,194.4,13237.8965
7500,7560,437.07,1977.7,222.8,13305.8584
7560,7620,439.52,1979.8,231.5,13483.7588
7620,7680,433.07,1977.6,197.3,13141.8281
7680,7740,436.96,1979.4,240.6,13246.4189
7740,7800,432.12,1976.4,184.7,13085.2100
7800,7860,432.12,1975.5,176.8,12994.0234
7860,7920,433.04,1975.9,183.8,13077.0234
7920,7980,434.61,1977.1,196.1,13024.2852
7980,8040,436.35,1976.5,202.8,13189.2344
8040,8100,433.92,1974.5,188.2,13138.2412
8100,8160,431.28,1973.0,174.1,12971.4209
8160,8220,431.81,1973.7,184.1,13106.8076
8220,8280,429.96,1973.3,173.4,12964.0381
8280,8340,430.98,1973.1,166.1,13024.9336
8340,8400,439.40,1973.9,322.3,13264.7119
8400,8460,438.22,1974.4,328.2,13278.4258
8460,8520,430.09,1972.4,170.8,13149.7627
8520,8580,429.42,1972.1,163.9,13153.8154
8580,8640,429.38,1972.2,160.3,13169.2441
8640,8700,430.12,1972.0,162.5,13231.2432
8700,8760,432.57,1972.9,231.7,13269.9775
8760,8820,430.97,1972.0,191.2,13246.9375
8820,8880,431.27,1971.1,184.1,13282.2813
8880,8940,430.54,1971.5,165.8,13227.1084
8940,9000,430.07,1971.4,160.8,13207.6387
9000,9060,430.65,1971.5,159.2,13216.2080
9060,9120,430.68,1971.7,160.9,13249.1836
9120,9180,429.27,1970.0,155.7,13166.1738
9180,9240,430.03,1970.1,155.9,13264.0986
9240,9300,429.72,1970.4,160.2,13186.4639
9300,9360,430.28,1971.2,164.0,13231.4453
9360,9420,429.95,1970.7,158.1,13209.7988
9420,9480,429.84,1970.6,156.0,13180.6553
9480,9540,429.99,1970.5,160.4,13164.0820
9540,9600,430.97,1971.9,168.4,13122.9336
9600,9660,432.41,1972.1,172.2,13206.6953
9660,9720,431.65,1971.0,168.4,13162.0273
9720,9780,431.15,1970.2,167.4,13170.3467
9780,9840,437.45,1972.2,250.3,13366.1309
9840,9900,432.39,1971.2,187.5,13211.4658
9900,9960,436.39,1972.3,216.2,13256.1914
9960,10020,429.89,1970.5,162.8,13174.8564
10020,10080,431.08,1972.3,163.3,13249.2939
10080,10140,436.13,1973.6,197.3,13314.0146
10140,10200,437.15,1974.2,192.5,13425.9883
10200,10260,433.67,1971.9,172.2,13327.6162
10260,10320,431.31,1970.5,164.1,13305.6240
10320,10380,431.31,1970.6,167.3,13298.8740
10380,10440,431.03,1970.5,162.2,13283.8701
10440,10500,432.81,1970.7,163.4,13354.2588
10500,10560,432.45,1971.5,172.2,13334.4004
10560,10620,432.43,1970.4,171.5,13336.6719
10620,10680,432.18,1970.3,169.8,13316.7178
10680,10740,434.20,1970.6,173.0,13370.2617
10740,10800,433.57,1970.1,172.4,13416.1484
10800,10860,433.10,1970.3,171.6,13454.3008
10860,10920,431.46,1970.0,195.0,13317.1826
10920,10980,432.73,1970.3,179.7,13342.2637
10980,11040,432.60,1969.9,172.3,13365.6631
11040,11100,432.76,1970.3,166.3,13359.0332
11100,11160,432.85,1970.4,169.0,13340.4590
11160,11220,432.35,1970.7,164.3,13279.2539
11220,11280,431.96,1971.1,162.7,13221.9844
11280,11340,432.52,1971.1,165.5,13251.2871
11340,11400,432.00,1970.8,160.3,13207.4766
11400,11460,431.72,1970.9,160.8,13161.4854
11460,11520,432.25,1970.7,160.6,13196.1260
11520,11580,432.45,1971.4,163.2,13175.5527
11580,11640,433.04,1973.6,170.8,13204.0723
11640,11700,434.42,1977.2,170.3,13280.3027
11700,11760,433.98,1977.6,172.5,13272.1484
11760,11820,435.47,1979.6,176.5,13379.1533
11820,11880,436.54,1985.1,185.3,13420.1602
11880,11940,439.79,1992.5,207.9,13507.4395
11940,12000,441.21,2000.3,236.7,13457.8945
12000,12060,440.99,2003.6,250.4,13420.6230
12060,12120,442.15,2001.4,237.5,13546.3027
12120,12180,442.27,2002.4,248.7,13445.1162
12180,12240,442.07,2002.9,260.6,13314.4619
12240,12300,443.94,2005.7,262.7,13419.9355
12300,12360,442.63,1997.9,250.1,13376.1777
12360,12420,435.33,1980.1,189.1,13189.5762
12420,12480,433.85,1976.5,181.3,13186.9033
12480,12540,433.89,1974.8,180.5,13216.3809
12540,12600,433.56,1972.9,173.8,13295.2490
12600,12660,433.02,1971.5,167.0,13241.4170
12660,12720,433.63,1971.3,166.1,13298.6875
12720,12780,432.73,1970.5,164.1,13156.5361
12780,12840,433.38,1970.5,164.3,13162.7129
12840,12900,432.71,1969.9,166.6,13116.5889
12900,12960,432.67,1968.9,168.8,13121.3096
12960,13020,432.48,1968.6,171.5,13138.5645
13020,13080,433.20,1968.9,181.2,13184.3301
13080,13140,433.35,1968.8,174.7,13176.7285
13140,13200,432.42,1968.3,162.8,13127.9443
13200,13260,432.38,1968.2,162.2,13083.3887
13260,13320,432.67,1969.2,165.6,13095.0342
13320,13380,432.86,1968.9,165.7,13069.5781
13380,13440,432.79,1968.8,164.6,13053.4160
13440,13500,433.00,1968.7,165.7,13035.5107
13500,13560,432.47,1968.4,163.0,13035.4492
13560,13620,432.49,1968.4,165.8,13026.3496
13620,13680,433.08,1969.1,167.2,13011.3242
13680,13740,434.38,1968.9,168.4,13058.6426
13740,13800,434.80,1970.0,167.1,13072.7471
13800,13860,433.00,1969.5,176.4,12919.5684
13860,13920,431.92,1968.8,171.9,12853.7061
13920,13980,431.79,1973.5,184.1,12800.8984
13980,14040,433.18,1981.7,217.9,12894.8496
14040,14100,435.82,1989.7,267.0,13054.9912
14100,14160,437.93,1996.9,265.2,13202.4619
14160,14220,441.77,2017.7,274.2,13445.1309
14220,14280,444.85,2028.0,275.7,13653.1387
14280,14340,447.70,2031.1,292.5,13729.8770
14340,14400,451.05,2026.5,290.3,13777.4971
14400,14460,448.66,2043.9,304.3,13763.1494
14460,14520,448.68,2051.2,307.3,13812.8242
14520,14580,449.57,2054.8,312.3,13873.1875
14580,14640,450.35,2057.9,316.0,13918.0566
14640,14700,451.97,2058.6,322.0,13940.9795
14700,14760,450.72,2065.2,319.0,13956.2910
14760,14820,451.95,2067.4,316.3,14035.9404
14820,14880,453.59,2067.8,317.9,14101.6504
14880,14940,455.13,2070.0,335.9,14096.6328
14940,15000,452.72,2068.6,334.9,14018.7402
15000,15060,454.50,2068.9,331.1,14086.0254
15060,15120,451.58,2068.4,307.7,14022.6777
15120,15180,452.49,2069.5,308.0,14072.8789
15180,15240,452.32,2068.9,313.1,14005.3232
15240,15300,452.32,2066.6,307.8,13992.8613
15300,15360,449.76,2062.6,294.4,13880.7139
15360,15420,449.93,2062.5,296.3,13895.5098
15420,15480,449.33,2064.2,293.6,13875.0264
15480,15540,449.72,2067.0,290.1,13896.2324
15540,15600,450.27,2067.8,289.3,13939.3262
15600,15660,448.85,2054.8,269.9,13785.3418
15660,15720,442.11,2032.9,238.2,13307.8184
15720,15780,442.98,2035.9,238.7,13383.0264
15780,15840,447.47,2065.5,273.6,13759.7012
15840,15900,446.24,2058.1,267.0,13622.7461
15900,15960,441.01,2024.3,226.4,13234.9385
15960,16020,448.94,2062.9,271.9,13786.2754
16020,16080,450.68,2076.4,289.1,13957.7764
16080,16140,451.95,2079.2,286.1,14033.3789
16140,16200,450.42,2079.4,283.3,13990.7021
16200,16260,449.39,2081.4,284.6,13943.5938
16260,16320,450.13,2077.3,282.3,13953.2832
16320,16380,449.61,2082.6,289.7,13924.3564
16380,16440,449.13,2080.9,289.9,13867.1621
16440,16500,451.75,2075.3,287.7,13899.3613
16500,16560,452.69,2093.1,298.4,14104.3604
16560,16620,453.69,2094.7,302.1,14167.7725
16620,16680,454.96,2096.7,304.5,14213.8975
16680,16740,453.92,2110.5,299.9,14223.0850
16740,16800,451.48,2138.6,293.3,14176.4180
16800,16860,450.50,2159.6,284.7,14140.3359
16860,16920,450.77,2156.3,286.9,14184.7471
16920,16980,453.27,2139.8,299.5,14303.0049
16980,17040,453.27,2149.1,294.6,14313.0391
17040,17100,454.79,2166.4,292.2,14352.0527
17100,17160,451.88,2179.0,281.3,14255.1680
17160,17220,451.77,2178.6,281.5,14229.7520
17220,17280,448.39,2186.6,268.4,14101.7061
17280,17340,445.48,2188.6,255.7,14047.3965
17340,17400,445.13,2188.4,252.8,14047.2676
17400,17460,446.41,2187.9,263.4,14107.7773
17460,17520,447.61,2186.5,267.7,14183.4229
17520,17580,447.01,2181.1,259.4,14210.8301
17580,17640,444.36,2177.7,256.1,14175.4795
17640,17700,444.89,2181.2,258.5,14208.6113
17700,17760,444.14,2177.0,256.0,14198.5156
17760,17820,443.05,2169.9,251.5,14199.9033
17820,17880,443.60,2169.6,253.0,14247.5498
17880,17940,444.08,2169.9,253.9,14294.5518
17940,18000,443.89,2170.1,257.1,14326.4307
18000,18060,442.75,2167.4,254.0,14345.5195
18060,18120,443.65,2166.7,254.8,14401.0420
18120,18180,442.53,2173.8,253.2,14385.9502
18180,18240,441.16,2185.4,248.4,14393.2021
18240,18300,441.68,2187.7,249.4,14439.4893
18300,18360,442.40,2203.0,252.1,14501.8916
18360,18420,443.62,2281.8,266.1,14738.6895
18420,18480,444.01,2325.3,269.1,14921.0215
18480,18540,444.43,2339.3,282.0,15064.8252
18540,18600,443.91,2331.9,270.2,15374.9199
18600,18660,442.55,2299.5,252.6,15801.5762
18660,18720,442.34,2275.1,247.9,15926.6650
18720,18780,441.81,2249.8,242.4,16099.6641
18780,18840,441.78,2232.5,240.8,16381.9805
18840,18900,441.01,2204.9,253.3,16793.0566
18900,18960,441.55,2204.9,260.0,16887.6836
18960,19020,441.61,2200.1,240.0,17040.1152
19020,19080,441.82,2197.4,239.0,17233.8945
19080,19140,442.01,2195.8,237.3,17366.8965
19140,19200,441.38,2191.8,235.1,17573.5391
19200,19260,441.77,2191.6,236.2,17551.6172
19260,19320,442.20,2191.5,236.8,17602.1797
19320,19380,442.07,2186.4,235.3,17747.6113
19380,19440,442.51,2187.0,248.6,17795.9082
19440,19500,443.44,2183.4,239.9,17868.3926
19500,19560,441.99,2168.2,224.2,18021.3496
19560,19620,441.56,2161.0,216.2,18080.9551
19620,19680,441.98,2157.8,211.5,18101.2832
19680,19740,441.67,2156.2,207.2,18069.6973
19740,19800,443.38,2155.8,203.7,18110.6328
19800,19860,442.79,2155.0,202.6,18064.6855
19860,19920,443.01,2155.6,200.9,18066.9199
19920,19980,444.88,2158.2,208.7,18093.4805
19980,20040,444.29,2164.6,217.9,18094.5781
20040,20100,445.05,2173.0,246.0,18095.3828
20100,20160,446.33,2176.8,251.6,18103.3730
20160,20220,447.77,2180.2,272.6,18086.3242
20220,20280,446.37,2183.2,249.6,18000.0938
20280,20340,447.35,2186.9,251.9,17922.3828
20340,20400,448.93,2189.6,277.1,17843.3691
20400,20460,445.53,2195.1,248.1,17633.0000
20460,20520,445.37,2199.3,250.4,17507.5059
20520,20580,445.53,2203.8,244.6,17428.2480
20580,20640,446.58,2209.4,253.6,17400.9355
20640,20700,447.46,2223.6,251.6,17313.5215
20700,20760,446.96,2254.5,254.8,16858.7188
20760,20820,446.67,2271.7,246.8,16501.0254
20820,20880,448.11,2264.7,244.4,16027.0449
20880,20940,448.29,2252.1,242.8,15463.7646
20940,21000,449.34,2243.8,242.6,15285.8105
21000,21060,448.62,2222.0,234.5,14915.0205
21060,21120,448.23,2200.5,227.3,14643.8779
21120,21180,447.31,2171.4,221.5,14348.4092
21180,21240,444.55,2130.4,213.6,13838.9092
21240,21300,441.24,2086.1,199.6,13375.1592
21300,21360,440.36,2062.3,194.0,13226.5762
21360,21420,437.74,2023.2,183.6,12875.2529
21420,21480,436.01,1998.5,174.1,12609.9492
21480,21540,434.64,1986.7,177.6,12437.5918
21540,21600,434.02,1978.5,187.0,12327.9883
21600,21660,433.28,1973.6,178.7,12170.3115
21660,21720,433.54,1972.8,172.9,12170.5986
21720,21780,433.54,1972.3,171.4,12100.8086
21780,21840,433.39,1971.9,172.6,11981.0156
21840,21900,433.75,1977.8,173.0,12027.5146
21900,21960,435.81,2001.3,182.2,12327.7354
21960,22020,438.40,2030.4,188.5,12773.6240
22020,22080,438.62,2037.7,190.9,12825.0020
22080,22140,439.41,2043.4,195.0,13000.5791
22140,22200,440.16,2062.6,200.7,13299.7393
22200,22260,444.93,2135.9,226.8,14976.1387
22260,22320,446.89,2170.1,240.1,15969.3047
22320,22380,447.44,2178.3,244.6,16118.9570
22380,22440,447.74,2181.2,246.1,16130.4824
22440,22500,448.15,2188.3,248.0,16340.4219
22500,22560,449.18,2193.2,246.5,16588.7402
22560,22620,449.55,2194.5,246.5,16829.6152
22620,22680,449.43,2196.5,245.6,17086.3301
22680,22740,449.50,2197.4,246.2,17228.9941
22740,22800,449.64,2198.9,246.3,17324.2129
