CampaignData_and_Merges/R0/CSL_MobileLab_Parked/raw/20240728/USOS-NOAAIodideCIMS-OrgNitrs_MobileLabGround_20240728_RA.ict
37, 1001
Michael A Robinson, Chris Jernigan, Subi Thakali
NOAA ESRL Chemical Sciences Laboratory and CIRES, U. of Colorado
NOAA Iodide CIMS Instrument
USOS
1, 1
2024, 07, 28, 2024, 07, 29
1
starttime_UTC, seconds_past_midnight, seconds_of_day_since_00:00:00_UTC
5
1, 1, 1, 1, 1
-9999, -9999, -9999, -9999, -9999
C4H7NO5_NOAACIMS, pptv, Gas_C4H7NO5_InSitu_S_AVMR, 
ISOPN_NOAACIMS, pptv, Gas_ISOPN_InSitu_S_AVMR, 
C5H10O3_NOAACIMS, pptv, Gas_C5H10O3_InSitu_S_AVMR, 
C5H9NO5_NOAACIMS, pptv, Gas_C5H9NO5_InSitu_S_AVMR, 
C10H17NO4_NOAACIMS, pptv, Gas_C10H17NO4_InSitu_S_AVMR, 
0
18
PI_CONTACT_INFO: 325 Broadway, R/CSD 7, Boulder, Colorado 80305; michael.a.robinson@noaa.gov; chris.jernigan@noaa.gov;
PLATFORM: NOAA CSL Mobile Lab
LOCATION: SLC, Utah
ASSOCIATED_DATA: 1Hz data also available on request.
INSTRUMENT_INFO: NOAA I- ToF CIMS
DATA_INFO: All data in parts per trillion by volume (pptv). 1 Hz data is available upon request.
UNCERTAINTY: TBD
ULOD_FLAG: -7777
ULOD_VALUE: N/A
LLOD_FLAG: -8888
LLOD_VALUE: N/A
DM_CONTACT_INFO: Nathan Howard; nathan.h.howard@noaa.gov
PROJECT_INFO: USOS, summer 2024. https://csl.noaa.gov/groups/csl7/measurements/2024usos/
STIPULATIONS_ON_USE: Users are strongly encouraged to contact the PI for proper data usage.
OTHER_COMMENTS: 
REVISION: RA
RA: Preliminary Data; For in-field use only
starttime_UTC, C4H7NO5_NOAACIMS, ISOPN_NOAACIMS, C5H10O3_NOAACIMS, C5H9NO5_NOAACIMS, C10H17NO4_NOAACIMS
     0,  5.099,  9.081, 30.198,  3.937,  0.297
    60,  5.189,  8.686, 28.868,  3.919,  0.188
   120,  5.113,  8.702, 27.773,  4.170,  0.198
   180,  5.191,  8.711, 28.682,  3.908,  0.258
   240,  5.077,  8.688, 29.038,  4.079,  0.298
   300,  5.239,  8.384, 27.956,  3.831,  0.301
   360,  5.245,  9.003, 30.365,  3.868,  0.302
   420,  5.162,  9.318, 28.261,  3.967,  0.226
   480,  5.125,  8.833, 29.806,  3.969,  0.215
   540,  5.010,  9.052, 30.255,  3.818,  0.312
   600,  4.981,  8.981, 28.394,  3.958,  0.210
   660,  5.137,  9.923, 29.968,  3.815,  0.295
   720,  5.077,  9.820, 29.671,  3.861,  0.265
   780,  5.036,  9.730, 28.502,  3.903,  0.274
   840,  5.000,  9.696, 29.880,  3.755,  0.301
   900,  4.963,  8.420, 28.499,  3.635,  0.253
   960,  4.932,  9.347, 31.013,  3.838,  0.336
  1020,  4.879,  8.209, 30.251,  3.433,  0.260
  1080,  4.898,  8.285, 32.321,  3.697,  0.215
  1140, -9999.000, -9999.000, -9999.000, -9999.000, -9999.000
  1200,  4.613,  7.074, 26.437,  3.425,  0.255
  1260,  4.719,  7.177, 31.030,  3.576,  0.176
  1320,  4.881,  7.043, 33.274,  3.626,  0.209
  1380,  5.295,  7.306, 35.093,  3.942,  0.137
  1440,  5.329,  7.700, 37.445,  3.592,  0.150
  1500,  5.311,  7.420, 38.305,  3.807,  0.257
  1560,  5.195,  7.425, 38.169,  3.859,  0.220
  1620,  5.259,  7.462, 40.353,  3.979,  0.178
  1680,  5.298,  7.272, 43.112,  3.770,  0.260
  1740,  5.229,  7.253, 40.548,  3.857,  0.144
  1800,  5.350,  7.490, 41.155,  3.816,  0.199
  1860,  5.250,  7.594, 39.567,  3.919,  0.240
  1920,  5.349,  7.624, 41.303,  3.965,  0.282
  1980,  5.282,  7.454, 39.910,  4.065,  0.258
  2040,  5.388,  7.707, 39.007,  4.147,  0.310
  2100,  5.366,  8.171, 37.622,  4.098,  0.304
  2160,  4.083,  5.439, 31.337,  3.677,  0.245
  2220,  3.093,  3.726, 24.124,  3.088,  0.179
  2280,  2.387,  2.397, 21.031,  2.656,  0.193
  2340,  2.095,  1.922, 16.415,  2.420,  0.201
  2400,  1.986,  1.485, 14.181,  2.318,  0.127
  2460,  1.968,  1.671, 14.332,  2.233,  0.122
  2520,  1.902,  1.522, 14.360,  2.147,  0.138
  2580,  1.861,  1.551, 11.546,  2.213,  0.047
  2640,  1.853,  1.417, 12.748,  2.206,  0.085
  2700,  1.979,  1.643, 12.550,  2.337,  0.124
  2760,  2.105,  2.210, 12.660,  2.515,  0.148
  2820,  2.204,  2.194, 13.736,  2.343,  0.146
  2880,  2.248,  2.016, 13.801,  2.476,  0.150
  2940,  2.237,  1.746, 12.247,  2.420,  0.022
  3000,  2.085,  1.623, 11.263,  2.463,  0.208
  3060,  2.094,  1.890, 11.216,  2.298,  0.132
  3120,  2.086,  1.803, 12.851,  2.407,  0.118
  3180,  2.113,  1.695, 11.874,  2.259,  0.122
  3240,  2.116,  1.714, 11.525,  2.368,  0.103
  3300,  1.990,  1.714, 11.832,  2.394,  0.094
  3360,  1.783,  1.465, 11.689,  2.266,  0.108
  3420,  1.689,  1.752, 10.974,  2.175,  0.075
  3480,  1.635,  1.527, 10.453,  2.132,  0.109
  3540,  1.540,  1.445,  9.833,  2.089,  0.119
  3600,  1.429,  1.190,  9.188,  1.884,  0.126
  3660,  1.272,  1.030,  8.346,  1.934,  0.096
  3720,  1.160,  1.010,  7.961,  1.830,  0.052
  3780,  1.176,  0.985,  6.562,  1.736,  0.083
  3840,  1.184,  1.074,  6.510,  1.784,  0.113
  3900,  1.249,  0.857,  6.310,  1.862,  0.106
  3960,  1.286,  1.022,  6.805,  1.909,  0.022
  4020,  1.277,  0.916,  6.369,  1.781,  0.113
  4080,  1.303,  0.818,  7.391,  1.841,  0.112
  4140,  1.318,  0.903,  6.837,  1.914,  0.068
  4200,  1.303,  0.892,  6.939,  1.885,  0.098
  4260,  1.293,  1.014,  7.571,  1.978,  0.078
  4320,  1.325,  0.889,  7.851,  1.924,  0.114
  4380,  1.310,  0.762,  7.014,  2.047,  0.072
  4440,  1.289,  0.826,  8.736,  1.880,  0.108
  4500,  1.284,  0.718,  7.336,  1.836,  0.044
  4560,  1.342,  0.787,  8.461,  2.022,  0.137
  4620,  1.310,  0.959,  7.787,  1.897,  0.092
  4680,  1.347,  0.867,  9.038,  1.946,  0.098
  4740,  1.350,  0.945,  8.433,  2.053,  0.127
  4800,  1.263,  0.355,  9.227,  1.752,  0.008
  4860,  1.387,  0.823,  8.183,  1.814,  0.061
  4920,  1.373,  0.906,  8.178,  2.001,  0.112
  4980,  1.400,  1.038,  9.406,  2.073,  0.115
  5040,  1.386,  1.194,  8.967,  1.999,  0.088
  5100,  1.422,  1.052, 10.307,  2.125,  0.151
  5160,  1.477,  1.036,  9.624,  2.114,  0.106
  5220,  1.608,  1.166, 10.137,  2.303,  0.098
  5280,  1.632,  1.397, 10.293,  2.424,  0.083
  5340,  1.697,  1.524, 11.817,  2.426,  0.109
  5400,  1.694,  1.230, 12.471,  2.614,  0.090
  5460,  1.743,  1.321, 11.611,  2.548,  0.103
  5520,  1.698,  1.406, 12.105,  2.417,  0.127
  5580,  1.564,  1.275, 10.648,  2.194,  0.065
  5640,  1.610,  1.490, 11.861,  2.314,  0.110
  5700,  1.615,  1.367, 11.607,  2.384,  0.119
  5760,  1.597,  1.264, 13.467,  2.280,  0.099
  5820,  1.633,  1.401, 12.310,  2.352,  0.143
  5880,  1.661,  1.584, 10.221,  2.553,  0.119
  5940,  1.774,  1.629, 12.247,  2.391,  0.142
  6000,  1.634,  1.572, 14.033,  2.490,  0.131
  6060,  1.728,  1.955, 13.005,  2.420,  0.137
  6120,  1.658,  1.753, 12.741,  2.410,  0.135
  6180,  1.609,  1.586, 12.395,  2.248,  0.118
  6240,  1.638,  1.575, 12.369,  2.411,  0.166
  6300,  1.653,  1.859, 12.345,  2.373,  0.151
  6360,  1.626,  1.799, 12.838,  2.524,  0.151
  6420,  1.559,  1.839, 12.883,  2.402,  0.139
  6480,  1.607,  1.835, 10.356,  2.366,  0.108
  6540,  1.648,  2.097, 13.200,  2.408,  0.162
  6600,  1.678,  2.155, 13.907,  2.443,  0.136
  6660,  1.649,  2.102, 13.365,  2.509,  0.194
  6720,  1.658,  1.891, 12.786,  2.367,  0.146
  6780,  1.723,  1.963, 12.621,  2.330,  0.114
  6840,  1.623,  2.087, 13.216,  2.446,  0.176
  6900,  1.690,  1.903, 13.275,  2.388,  0.180
  6960,  1.779,  2.167, 13.309,  2.610,  0.147
  7020,  1.755,  2.238, 12.958,  2.664,  0.130
  7080,  1.809,  2.232, 11.524,  2.747,  0.160
  7140,  1.793,  2.048, 13.520,  2.549,  0.189
  7200,  1.851,  2.403, 14.401,  2.628,  0.209
  7260,  1.839,  2.328, 13.771,  2.580,  0.124
  7320,  1.857,  2.587, 13.836,  2.647,  0.222
  7380,  1.958,  2.557, 14.603,  2.700,  0.170
  7440,  2.920,  3.786, 17.218,  3.198,  0.193
  7500,  2.751,  3.632, 18.689,  3.269,  0.218
  7560,  2.800,  3.516, 18.100,  3.354,  0.187
  7620,  2.918,  3.974, 19.051,  3.366,  0.217
  7680,  3.226,  4.661, 21.024,  3.445,  0.164
  7740,  3.111,  4.638, 21.885,  3.599,  0.177
  7800,  3.156,  4.967, 22.853,  3.691,  0.203
  7860,  3.075,  4.680, 22.335,  3.767,  0.143
  7920,  2.971,  4.674, 21.660,  3.524,  0.160
  7980,  2.919,  4.355, 21.192,  3.494,  0.148
  8040,  2.819,  4.566, 20.830,  3.453,  0.176
  8100,  2.811,  4.012, 20.656,  3.377,  0.140
  8160,  2.753,  4.118, 20.011,  3.394,  0.129
  8220,  2.713,  4.039, 19.814,  3.346,  0.195
  8280,  2.758,  4.040, 21.434,  3.559,  0.223
  8340,  2.689,  4.205, 20.646,  3.394,  0.168
  8400,  2.571,  4.378, 20.173,  3.317,  0.113
  8460,  2.618,  4.369, 20.110,  3.372,  0.213
  8520, -9999.000, -9999.000, -9999.000, -9999.000, -9999.000
  8580,  2.601,  3.533, 16.041,  3.204,  0.159
  8640,  2.627,  4.082, 18.445,  3.184,  0.197
  8700,  2.637,  4.036, 19.061,  3.240,  0.157
  8760,  2.626,  4.044, 17.166,  3.316,  0.141
  8820,  2.620,  4.275, 18.566,  3.498,  0.186
  8880,  2.595,  4.388, 22.568,  3.518,  0.241
  8940,  2.625,  3.986, 20.577,  3.383,  0.183
  9000,  2.660,  4.040, 20.188,  3.442,  0.243
  9060,  2.670,  4.113, 21.313,  3.451,  0.188
  9120,  2.568,  3.997, 20.031,  3.343,  0.188
  9180,  2.637,  3.743, 22.004,  3.524,  0.215
  9240,  2.617,  3.715, 20.213,  3.476,  0.241
  9300,  2.630,  3.746, 20.692,  3.430,  0.267
  9360,  2.673,  3.957, 21.027,  3.424,  0.194
  9420,  2.621,  3.781, 21.497,  3.512,  0.279
  9480,  2.691,  4.006, 22.656,  3.436,  0.235
  9540,  2.719,  3.931, 22.294,  3.659,  0.242
  9600,  2.784,  3.908, 21.903,  3.660,  0.299
  9660,  2.732,  3.961, 22.975,  3.782,  0.347
  9720,  2.725,  3.926, 20.898,  3.527,  0.283
  9780,  2.752,  4.149, 22.484,  3.723,  0.312
  9840,  2.655,  4.015, 22.671,  3.541,  0.271
  9900,  2.695,  3.481, 21.915,  3.670,  0.261
  9960,  2.681,  3.800, 24.406,  3.785,  0.349
 10020,  2.647,  3.757, 23.047,  3.831,  0.324
 10080,  2.700,  3.501, 23.060,  3.761,  0.381
 10140,  2.602,  3.727, 23.417,  3.670,  0.351
 10200,  2.572,  3.413, 20.452,  3.539,  0.338
 10260,  2.553,  3.460, 21.843,  3.545,  0.321
 10320,  2.579,  3.419, 23.233,  3.701,  0.342
 10380, -9999.000, -9999.000, -9999.000, -9999.000, -9999.000
 10440,  2.484,  3.474, 22.789,  3.507,  0.324
 10500,  2.513,  3.371, 22.127,  3.521,  0.313
 10560,  2.502,  3.558, 20.780,  3.583,  0.364
 10620,  2.513,  3.605, 22.091,  3.664,  0.357
 10680,  2.479,  3.417, 20.573,  3.510,  0.375
 10740,  2.465,  3.309, 20.914,  3.584,  0.401
 10800,  2.403,  3.510, 21.299,  3.431,  0.373
 10860,  2.399,  3.127, 20.726,  3.581,  0.367
 10920,  2.490,  3.468, 23.513,  3.501,  0.479
 10980,  2.509,  3.499, 22.738,  3.680,  0.352
 11040,  2.395,  3.572, 20.356,  3.590,  0.371
 11100,  2.522,  3.473, 22.818,  3.676,  0.377
 11160,  2.520,  3.451, 22.041,  3.854,  0.383
 11220,  2.550,  3.817, 22.358,  3.687,  0.369
 11280,  2.609,  3.478, 19.872,  3.906,  0.327
 11340,  2.627,  3.658, 22.343,  3.872,  0.342
 11400,  2.652,  3.913, 23.882,  4.246,  0.414
 11460,  2.678,  3.714, 23.323,  4.064,  0.329
 11520,  2.640,  3.819, 22.853,  3.972,  0.417
 11580,  2.693,  3.781, 22.490,  4.040,  0.373
 11640,  2.662,  3.616, 22.452,  3.775,  0.383
 11700,  2.651,  3.986, 22.505,  4.230,  0.353
 11760,  2.757,  3.758, 21.790,  3.946,  0.424
 11820,  2.725,  3.952, 23.466,  4.179,  0.391
 11880,  2.722,  4.017, 24.591,  4.108,  0.410
 11940,  2.589,  3.608, 21.109,  4.240,  0.594
 12000,  2.374,  2.872, 18.232,  4.126,  0.575
 12060,  2.398,  2.766, 18.136,  4.355,  0.562
 12120,  2.388,  2.828, 16.104,  4.125,  0.634
 12180,  2.503,  2.970, 16.262,  4.438,  0.819
 12240, -9999.000, -9999.000, -9999.000, -9999.000, -9999.000
 12300,  2.296,  2.563, 13.855,  4.242,  0.604
 12360,  2.610,  3.184, 16.255,  4.451,  0.584
 12420,  2.796,  3.636, 18.640,  4.540,  0.606
 12480,  2.886,  3.942, 19.527,  4.425,  0.521
 12540,  2.883,  3.929, 20.538,  4.306,  0.541
 12600,  2.839,  3.893, 20.064,  4.277,  0.586
 12660,  2.807,  3.844, 20.529,  4.099,  0.510
 12720,  2.883,  3.774, 21.827,  4.267,  0.535
 12780,  2.860,  3.640, 21.070,  4.138,  0.518
 12840,  2.892,  3.882, 23.016,  4.113,  0.520
 12900,  2.842,  3.768, 21.590,  4.143,  0.451
 12960,  2.796,  3.499, 20.516,  3.948,  0.536
 13020,  2.694,  3.564, 20.712,  3.894,  0.565
 13080,  2.679,  3.490, 19.618,  3.819,  0.524
 13140,  2.661,  3.406, 19.490,  3.745,  0.475
 13200,  2.722,  3.337, 21.333,  3.824,  0.475
 13260,  2.602,  3.359, 20.072,  3.721,  0.457
 13320,  2.587,  3.242, 20.255,  3.715,  0.528
 13380,  2.636,  3.290, 20.006,  3.577,  0.529
 13440,  2.610,  3.427, 18.460,  3.624,  0.574
 13500,  2.621,  3.456, 18.582,  3.577,  0.513
 13560,  2.615,  3.278, 20.663,  3.798,  0.536
 13620,  2.572,  3.071, 19.706,  3.837,  0.528
 13680,  2.517,  3.224, 18.960,  3.763,  0.577
 13740,  2.521,  3.183, 18.890,  3.776,  0.565
 13800,  2.518,  3.365, 16.335,  3.489,  0.523
 13860,  2.630,  3.351, 17.882,  3.812,  0.613
 13920,  2.649,  3.405, 18.726,  3.791,  0.505
 13980,  2.806,  3.357, 17.647,  3.833,  0.554
 14040,  2.733,  3.453, 20.127,  3.993,  0.596
 14100,  2.679,  2.668, 17.185,  4.039,  0.744
 14160,  2.634,  2.968, 15.714,  4.137,  0.687
 14220,  2.403,  2.851, 16.630,  4.232,  0.798
 14280,  2.367,  2.662, 15.287,  3.975,  0.684
 14340,  2.274,  2.656, 13.874,  3.957,  0.719
 14400,  2.291,  2.797, 16.558,  3.977,  0.737
 14460,  2.251,  2.674, 15.297,  3.959,  0.770
 14520,  2.198,  2.256, 14.570,  4.074,  0.913
 14580,  2.195,  2.386, 15.163,  4.046,  0.922
 14640,  2.208,  2.286, 13.725,  3.892,  0.821
 14700,  2.178,  2.238, 13.235,  3.876,  0.908
 14760,  2.141,  2.273, 15.017,  4.161,  0.826
 14820,  2.138,  2.311, 14.629,  4.293,  0.886
 14880,  2.034,  1.853, 13.962,  3.885,  0.840
 14940,  2.088,  2.033, 14.805,  4.058,  0.725
 15000,  2.188,  2.313, 13.250,  4.258,  1.010
 15060,  2.213,  2.256, 13.941,  4.195,  1.226
 15120,  2.212,  2.511, 15.022,  4.358,  1.281
 15180,  2.228,  2.357, 15.020,  4.391,  1.295
 15240,  2.194,  2.346, 14.959,  4.328,  1.241
 15300,  2.252,  2.380, 14.795,  4.380,  0.995
 15360,  2.272,  2.241, 13.845,  4.522,  0.806
 15420,  2.290,  2.331, 13.782,  4.785,  1.037
 15480,  2.367,  2.408, 15.051,  4.728,  1.170
 15540,  2.343,  2.535, 14.708,  4.893,  1.138
 15600,  2.398,  2.560, 15.884,  4.885,  1.077
 15660,  2.621,  2.872, 16.263,  4.928,  0.874
 15720,  2.731,  3.096, 15.632,  5.067,  0.580
 15780,  2.690,  2.918, 16.393,  5.069,  0.789
 15840,  2.502,  2.622, 16.476,  5.055,  0.787
 15900, -9999.000, -9999.000, -9999.000, -9999.000, -9999.000
 15960,  2.447,  2.605, 16.564,  4.366,  0.791
 16020,  2.440,  2.846, 15.554,  4.852,  0.908
 16080,  2.415,  2.622, 14.169,  4.873,  0.818
 16140,  2.427,  2.462, 15.788,  4.881,  1.023
 16200,  2.517,  2.619, 15.961,  4.989,  1.057
 16260,  2.508,  2.737, 15.054,  5.044,  0.901
 16320,  2.524,  2.707, 16.665,  4.912,  0.976
 16380,  2.516,  2.753, 15.513,  5.310,  0.867
 16440,  2.577,  2.480, 14.898,  5.231,  0.822
 16500,  2.534,  2.603, 14.167,  5.027,  0.800
 16560,  2.486,  2.673, 16.812,  5.005,  0.982
 16620,  2.532,  2.806, 16.337,  5.018,  0.989
 16680,  2.513,  2.675, 17.125,  5.220,  0.985
 16740,  2.435,  2.630, 15.807,  4.850,  1.039
 16800,  2.460,  2.224, 14.754,  4.661,  0.962
 16860,  2.439,  2.141, 14.151,  4.557,  0.894
 16920,  2.449,  2.314, 15.870,  4.445,  1.040
 16980,  2.440,  2.489, 15.495,  4.715,  0.971
 17040,  2.387,  2.224, 15.299,  4.537,  1.057
 17100,  2.296,  2.128, 15.991,  4.436,  0.949
 17160,  2.348,  2.024, 13.903,  4.406,  0.758
 17220,  2.339,  2.035, 13.692,  4.460,  0.718
 17280,  2.289,  1.412, 14.959,  4.556,  0.474
 17340,  2.277,  1.846, 14.082,  4.417,  0.552
 17400,  2.412,  2.198, 13.515,  4.632,  0.650
 17460,  2.367,  2.130, 14.911,  4.432,  0.624
 17520,  2.302,  2.211, 12.822,  4.511,  0.637
 17580,  2.359,  1.802, 12.410,  4.432,  0.642
 17640,  2.302,  2.152, 15.844,  4.364,  0.716
 17700,  2.350,  2.189, 14.635,  4.570,  0.522
 17760, -9999.000, -9999.000, -9999.000, -9999.000, -9999.000
 17820,  2.184,  2.029, 13.625,  4.069,  0.571
 17880,  2.190,  1.865, 12.400,  4.452,  0.448
 17940,  2.207,  1.818, 12.252,  4.400,  0.540
 18000,  2.243,  1.972, 14.554,  4.353,  0.629
 18060,  2.201,  1.912, 13.754,  4.398,  0.548
 18120,  2.170,  1.935, 12.818,  4.400,  0.452
 18180,  2.264,  1.714, 13.671,  4.383,  0.422
 18240,  2.245,  2.005, 11.219,  4.542,  0.425
 18300,  2.212,  1.987, 12.042,  4.399,  0.384
 18360,  2.310,  1.764, 12.225,  4.374,  0.468
 18420,  2.304,  1.915, 12.812,  4.446,  0.503
 18480,  2.280,  1.924, 14.433,  4.499,  0.492
 18540,  2.232,  1.876, 13.821,  4.415,  0.597
 18600,  2.227,  1.649, 13.949,  4.472,  0.487
 18660,  2.158,  1.687, 14.695,  4.534,  0.502
 18720,  2.188,  1.511, 13.042,  4.427,  0.455
 18780,  2.182,  1.767, 15.186,  4.551,  0.482
 18840,  2.119,  1.863, 17.541,  4.723,  0.499
 18900,  2.112,  1.569, 16.597,  4.690,  0.428
 18960,  2.155,  1.639, 16.877,  4.679,  0.461
 19020,  2.089,  1.752, 17.687,  4.890,  0.484
 19080,  2.053,  1.610, 16.676,  4.948,  0.635
 19140,  2.073,  1.612, 16.749,  4.926,  0.807
 19200,  2.076,  1.818, 20.383,  5.063,  0.892
 19260,  2.117,  1.768, 19.402,  4.911,  0.808
 19320,  1.974,  1.655, 18.666,  5.055,  0.854
 19380,  2.020,  1.818, 19.393,  4.838,  0.889
 19440,  2.038,  1.598, 18.188,  5.084,  0.824
 19500,  2.004,  1.459, 17.524,  4.992,  0.857
 19560,  1.916,  1.852, 20.632,  5.236,  1.090
 19620, -9999.000, -9999.000, -9999.000, -9999.000, -9999.000
 19680,  1.852,  1.646, 16.767,  5.216,  0.871
 19740,  1.940,  1.658, 18.970,  5.071,  0.923
 19800,  1.906,  1.690, 18.243,  5.036,  0.818
 19860,  2.006,  1.669, 19.114,  5.213,  0.768
 19920,  2.015,  1.797, 20.682,  5.137,  0.750
 19980,  2.016,  1.405, 20.576,  5.444,  0.646
 20040,  1.981,  1.761, 20.989,  5.430,  0.599
 20100,  2.036,  1.715, 21.604,  5.287,  0.660
 20160,  2.000,  0.704, 18.309,  5.014,  0.461
 20220,  2.013,  1.350, 18.852,  5.309,  0.496
