CampaignData_and_Merges/R0/CSL_MobileLab_Parked/raw/20240728/USOS-NOAAIodideCIMS-OrgNitrs_MobileLabGround_20240728_RA.ict
37, 1001
Michael A Robinson, Chris Jernigan, Subi Thakali
NOAA ESRL Chemical Sciences Laboratory and CIRES, U. of Colorado
NOAA Iodide CIMS Instrument
USOS
1, 1
2024, 07, 28, 2024, 07, 29
1
starttime_UTC, seconds_past_midnight, seconds_of_day_since_00:00:00_UTC
5
1, 1, 1, 1, 1
-9999, -9999, -9999, -9999, -9999
C4H7NO5_NOAACIMS, pptv, Gas_C4H7NO5_InSitu_S_AVMR, 
ISOPN_NOAACIMS, pptv, Gas_ISOPN_InSitu_S_AVMR, 
C5H10O3_NOAACIMS, pptv, Gas_C5H10O3_InSitu_S_AVMR, 
C5H9NO5_NOAACIMS, pptv, Gas_C5H9NO5_InSitu_S_AVMR, 
C10H17NO4_NOAACIMS, pptv, Gas_C10H17NO4_InSitu_S_AVMR, 
0
18
PI_CONTACT_INFO: 325 Broadway, R/CSD 7, Boulder, Colorado 80305; michael.a.robinson@noaa.gov; chris.jernigan@noaa.gov;
PLATFORM: NOAA CSL Mobile Lab
LOCATION: SLC, Utah
ASSOCIATED_DATA: 1Hz data also available on request.
INSTRUMENT_INFO: NOAA I- ToF CIMS
DATA_INFO: All data in parts per trillion by volume (pptv). 1 Hz data is available upon request.
UNCERTAINTY: TBD
ULOD_FLAG: -7777
ULOD_VALUE: N/A
LLOD_FLAG: -8888
LLOD_VALUE: N/A
DM_CONTACT_INFO: Nathan Howard; nathan.h.howard@noaa.gov
PROJECT_INFO: USOS, summer 2024. https://csl.noaa.gov/groups/csl7/measurements/2024usos/
STIPULATIONS_ON_USE: Users are strongly encouraged to contact the PI for proper data usage.
OTHER_COMMENTS: 
REVISION: RA
RA: Preliminary Data; For in-field use only
starttime_UTC, C4H7NO5_NOAACIMS, ISOPN_NOAACIMS, C5H10O3_NOAACIMS, C5H9NO5_NOAACIMS, C10H17NO4_NOAACIMS
[from data line 677]
 40620,  2.162,  1.629, 17.018,  4.378,  1.038
 40680,  2.079,  1.349, 15.147,  4.394,  0.900
 40740,  2.089,  1.460, 14.820,  4.236,  0.935
 40800,  2.093,  1.749, 16.649,  4.288,  0.900
 40860,  2.138,  1.466, 16.876,  4.241,  0.956
 40920,  2.102,  1.610, 14.864,  4.336,  0.891
 40980,  2.053,  1.501, 15.000,  4.228,  0.773
 41040,  2.073,  1.637, 16.232,  4.283,  0.837
 41100,  2.091,  1.615, 16.064,  4.381,  0.851
 41160,  2.116,  1.502, 14.988,  4.338,  0.798
 41220,  2.044,  1.836, 14.710,  4.180,  0.794
 41280,  2.137,  1.572, 16.191,  4.459,  0.867
 41340,  2.143,  1.716, 16.330,  4.588,  0.899
 41400,  2.117,  1.429, 15.238,  4.369,  0.914
 41460,  2.085,  1.754, 15.685,  4.429,  0.868
 41520,  2.117,  1.475, 15.257,  4.445,  0.877
 41580,  2.042,  1.833, 15.913,  4.512,  0.902
 41640,  2.107,  1.622, 15.132,  4.481,  0.844
 41700,  1.983,  1.583, 14.917,  4.243,  0.844
 41760,  2.082,  1.545, 13.789,  4.018,  0.916
 41820,  1.920,  1.357, 13.630,  3.935,  0.707
 41880,  1.925,  1.617, 14.000,  4.030,  0.842
 41940,  1.944,  1.542, 13.843,  4.077,  0.841
 42000,  1.887,  1.874, 14.773,  4.030,  0.862
 42060,  1.895,  1.610, 14.900,  4.000,  0.862
 42120,  1.894,  1.555, 14.612,  3.996,  0.825
 42180,  1.936,  1.629, 14.195,  4.004,  0.920
 42240,  1.924,  1.632, 15.454,  3.993,  0.815
 42300,  1.910,  1.771, 15.289,  4.030,  0.870
 42360,  2.001,  1.359, 15.082,  4.245,  0.971
 42420,  1.938,  1.439, 14.804,  3.993,  0.884
 42480,  1.851,  1.425, 15.273,  3.910,  0.861
 42540,  1.957,  1.715, 15.733,  3.988,  0.948
 42600,  1.964,  1.869, 15.618,  3.973,  0.937
 42660,  1.987,  1.683, 15.445,  3.949,  0.901
 42720,  2.006,  1.721, 16.211,  4.105,  0.891
 42780,  1.928,  1.774, 16.878,  3.989,  0.821
 42840,  1.936,  1.616, 16.545,  4.065,  0.829
 42900,  1.880,  1.767, 15.368,  4.069,  0.834
 42960,  1.854,  1.708, 15.636,  3.729,  0.813
 43020,  1.907,  1.739, 16.006,  3.855,  0.714
 43080,  1.978,  1.604, 16.098,  3.798,  0.891
 43140,  1.965,  1.916, 16.054,  3.967,  0.905
 43200,  1.948,  1.712, 16.077,  3.840,  0.812
 43260,  1.836,  1.896, 15.787,  3.779,  0.821
 43320,  1.881,  1.913, 15.973,  3.688,  0.746
 43380,  1.906,  1.819, 15.251,  3.824,  0.827
 43440,  1.884,  1.963, 16.172,  3.747,  0.846
 43500,  1.963,  1.720, 16.023,  3.884,  0.756
 43560,  1.910,  2.027, 15.500,  3.902,  0.747
 43620,  1.858,  2.368, 15.585,  3.796,  0.848
 43680,  1.757,  1.759, 15.014,  3.527,  0.871
 43740,  1.756,  1.758, 15.879,  3.518,  0.857
 43800,  1.781,  1.995, 15.587,  3.692,  0.687
 43860,  1.772,  1.939, 15.217,  3.509,  0.701
 43920,  1.715,  1.728, 15.841,  3.699,  0.767
 43980,  1.857,  1.827, 15.699,  3.651,  0.855
 44040,  1.949,  1.753, 15.509,  3.812,  0.813
 44100,  1.946,  1.977, 15.547,  3.841,  0.713
 44160,  2.007,  1.900, 16.239,  3.967,  0.810
 44220,  1.914,  1.820, 16.145,  4.106,  0.769
 44280,  1.941,  1.736, 16.309,  3.751,  0.720
 44340,  1.830,  1.721, 15.284,  3.859,  0.772
 44400,  1.809,  1.674, 16.132,  3.724,  0.787
 44460,  1.794,  1.614, 16.469,  3.773,  0.837
 44520,  1.743,  1.539, 16.322,  3.578,  0.824
 44580,  1.760,  1.494, 15.283,  3.668,  0.788
 44640,  1.737,  1.678, 16.357,  3.745,  0.878
 44700,  1.807,  1.616, 16.673,  3.893,  0.797
 44760,  1.823,  1.529, 15.539,  3.771,  0.871
 44820,  1.780,  1.652, 15.499,  3.741,  0.847
 44880,  1.751,  1.478, 15.809,  3.743,  0.956
 44940,  1.735,  1.532, 15.827,  3.415,  0.872
 45000,  1.687,  1.613, 15.230,  3.488,  0.830
 45060,  1.635,  1.466, 14.274,  3.497,  0.792
 45120,  1.677,  1.594, 15.157,  3.345,  0.732
 45180,  1.636,  1.490, 15.164,  3.481,  0.765
 45240,  1.636,  1.481, 14.077,  3.598,  0.853
 45300,  1.638,  1.369, 13.472,  3.454,  0.750
 45360,  1.627,  1.396, 14.346,  3.430,  0.783
 45420,  1.679,  1.608, 15.104,  3.480,  0.928
 45480, -9999.000, -9999.000, -9999.000, -9999.000, -9999.000
 45540,  1.582,  1.496, 11.892,  2.961,  0.813
 45600,  1.545,  1.427, 13.328,  3.283,  0.871
 45660,  1.534,  1.427, 14.231,  3.283,  0.874
 45720,  1.626,  1.301, 12.602,  3.447,  0.827
 45780,  1.670,  1.409, 12.380,  3.434,  0.821
 45840,  1.685,  1.214, 13.747,  3.411,  0.896
 45900,  1.791,  1.596, 14.239,  3.600,  0.889
 45960,  1.712,  1.572, 12.705,  3.579,  0.784
 46020,  1.688,  1.405, 12.029,  3.491,  0.758
 46080,  1.699,  1.481, 13.673,  3.562,  0.890
 46140,  1.698,  1.542, 14.109,  3.719,  0.852
 46200,  1.650,  1.360, 12.921,  3.501,  0.761
 46260,  1.706,  1.696, 11.971,  3.472,  0.802
 46320,  1.704,  1.758, 13.008,  3.489,  0.812
 46380,  1.686,  1.684, 13.921,  3.318,  0.861
 46440,  1.698,  1.571, 12.667,  3.374,  0.730
 46500,  1.669,  1.487, 11.453,  3.345,  0.703
 46560,  1.686,  1.510, 12.748,  3.270,  0.728
 46620,  1.711,  1.515, 13.299,  3.411,  0.807
 46680,  1.712,  1.537, 12.591,  3.379,  0.785
 46740,  1.738,  1.585, 11.221,  3.483,  0.732
 46800,  1.762,  1.807, 12.241,  3.443,  0.875
 46860,  1.901,  2.305, 14.581,  3.900,  1.288
 46920,  2.031,  2.281, 14.364,  4.284,  1.372
 46980,  1.966,  2.108, 13.576,  4.115,  1.081
 47040,  1.917,  2.288, 14.289,  3.944,  1.079
 47100,  1.910,  2.147, 15.254,  3.844,  1.047
 47160,  1.893,  1.997, 13.364,  3.896,  0.988
 47220,  1.824,  1.871, 12.769,  3.770,  0.912
 47280,  1.907,  1.888, 13.932,  3.945,  0.987
 47340, -9999.000, -9999.000, -9999.000, -9999.000, -9999.000
 47400,  1.865,  1.906, 11.938,  3.609,  0.756
 47460,  1.834,  1.786, 12.443,  3.601,  1.001
 47520,  1.854,  2.106, 13.283,  3.806,  0.820
 47580,  1.844,  1.954, 13.376,  3.591,  0.913
 47640,  1.882,  2.029, 13.208,  3.880,  0.878
 47700,  1.938,  2.068, 12.333,  3.624,  0.947
 47760,  1.995,  2.060, 13.516,  3.626,  0.781
 47820,  2.061,  2.237, 13.564,  3.691,  0.983
 47880,  2.045,  2.104, 12.511,  3.908,  0.901
 47940,  2.080,  2.250, 11.874,  3.776,  0.882
 48000,  2.015,  2.288, 12.879,  3.856,  0.900
 48060,  2.006,  2.102, 13.707,  3.595,  1.002
 48120,  2.049,  2.371, 12.625,  3.758,  0.959
 48180,  2.036,  2.123, 12.623,  3.858,  0.940
 48240,  2.068,  2.084, 13.415,  3.674,  0.953
 48300,  2.055,  2.479, 12.941,  3.794,  1.037
 48360,  2.116,  2.364, 13.193,  3.797,  0.983
 48420,  2.167,  2.592, 12.342,  3.834,  0.882
 48480,  2.203,  2.527, 12.049,  3.908,  0.913
 48540,  2.185,  2.635, 13.099,  4.021,  0.911
 48600,  2.152,  2.673, 12.692,  4.063,  0.934
 48660,  2.264,  2.621, 12.817,  3.975,  0.898
 48720,  2.319,  2.755, 12.168,  3.844,  0.769
 48780,  2.395,  2.783, 12.508,  4.173,  0.809
 48840,  2.329,  2.773, 13.237,  4.136,  0.849
 48900,  2.393,  2.739, 12.732,  4.142,  0.902
 48960,  2.411,  2.966, 12.614,  4.154,  0.770
 49020,  2.610,  3.018, 11.850,  4.225,  0.817
 49080,  2.492,  2.848, 14.481,  4.397,  0.976
 49140,  2.433,  2.976, 14.682,  4.042,  0.884
 49200, -9999.000, -9999.000, -9999.000, -9999.000, -9999.000
 49260,  2.669,  3.176,  9.374,  4.231,  0.625
 49320,  2.760,  3.529, 12.014,  4.732,  0.820
 49380,  2.872,  3.389, 13.648,  4.561,  0.797
 49440,  2.911,  3.274, 12.632,  4.837,  0.787
 49500,  2.833,  3.331, 11.593,  4.793,  0.660
 49560,  2.824,  3.432, 13.997,  4.699,  0.925
 49620,  2.805,  3.617, 14.987,  4.553,  0.945
 49680,  2.811,  3.443, 13.777,  4.675,  0.837
 49740,  2.798,  3.844, 14.112,  4.654,  0.896
 49800,  2.855,  3.851, 13.608,  4.703,  0.791
 49860,  2.839,  4.184, 13.808,  4.770,  0.863
 49920,  2.810,  3.826, 15.298,  4.815,  0.847
 49980,  2.761,  3.951, 17.123,  4.939,  1.083
 50040,  2.844,  3.592, 15.618,  4.865,  1.019
 50100,  2.730,  3.570, 14.691,  4.783,  0.920
 50160,  2.762,  3.557, 16.270,  4.834,  1.057
 50220,  2.709,  3.910, 17.808,  4.855,  1.012
 50280,  2.712,  4.062, 17.041,  4.792,  1.211
 50340,  2.746,  4.138, 16.820,  4.883,  1.284
 50400,  2.675,  3.547, 16.771,  4.973,  1.143
 50460,  2.677,  3.281, 16.837,  5.107,  1.109
 50520,  2.859,  3.307, 16.706,  4.853,  1.232
 50580,  2.725,  3.551, 18.045,  5.140,  1.214
 50640,  2.724,  3.265, 16.678,  4.795,  1.201
 50700,  2.710,  3.314, 16.083,  4.744,  1.197
 50760,  2.709,  2.943, 16.259,  4.972,  1.115
 50820,  2.769,  2.772, 15.943,  5.215,  1.017
 50880,  2.721,  2.519, 17.203,  5.213,  1.136
 50940,  2.747,  2.358, 17.173,  5.225,  1.144
 51000,  2.814,  2.736, 15.829,  5.272,  1.010
 51060,  2.663,  2.764, 14.677,  4.857,  0.953
 51120,  2.659,  2.434, 17.088,  5.230,  1.136
 51180,  2.713,  2.461, 17.146,  5.218,  1.140
 51240,  2.787,  2.588, 15.850,  5.156,  1.118
 51300,  2.815,  2.732, 16.310,  5.323,  1.228
 51360,  2.826,  2.512, 15.728,  5.369,  1.218
 51420,  2.866,  2.636, 14.989,  5.435,  1.195
 51480,  2.844,  2.678, 16.466,  5.418,  1.203
 51540,  2.980,  2.928, 16.644,  5.384,  1.159
 51600,  2.980,  2.962, 16.561,  5.581,  1.155
 51660,  2.987,  3.255, 17.272,  5.650,  1.250
 51720,  2.961,  3.169, 15.561,  5.613,  1.150
 51780,  2.996,  3.057, 14.581,  5.622,  1.087
 51840,  3.001,  3.227, 16.333,  5.727,  1.239
 51900,  3.141,  3.623, 15.796,  5.515,  1.382
 51960,  3.146,  3.783, 16.252,  5.694,  1.166
 52020,  3.260,  4.313, 16.083,  5.670,  1.117
 52080,  3.254,  4.067, 14.980,  5.762,  1.173
 52140,  3.238,  4.291, 14.242,  5.895,  1.147
 52200,  3.232,  4.016, 16.324,  5.795,  1.334
 52260,  3.240,  4.601, 16.907,  5.595,  1.171
 52320,  3.243,  4.908, 16.988,  5.671,  1.301
 52380,  3.025,  4.350, 18.630,  5.674,  1.084
 52440,  3.141,  4.406, 14.505,  5.715,  1.108
 52500,  3.105,  4.750, 17.854,  5.182,  1.257
 52560,  3.217,  5.762, 15.084,  5.570,  1.184
 52620,  3.556,  6.888, 13.755,  5.582,  1.048
 52680,  3.646,  7.250, 16.352,  5.681,  1.068
 52740,  3.610,  7.246, 17.859,  5.822,  1.269
 52800,  3.653,  7.557, 16.180,  5.902,  0.982
 52860, -9999.000, -9999.000, -9999.000, -9999.000, -9999.000
 52920,  3.614,  7.467, 16.119,  5.599,  1.160
 52980,  3.509,  6.517, 16.504,  5.799,  1.217
 53040,  3.445,  6.683, 16.977,  5.641,  1.394
 53100,  3.251,  6.163, 18.132,  5.187,  1.318
 53160, -9999.000, -9999.000, -9999.000, -9999.000, -9999.000
 53220, -9999.000, -9999.000, -9999.000, -9999.000, -9999.000
 53280, -9999.000, -9999.000, -9999.000, -9999.000, -9999.000
 53340, -9999.000, -9999.000, -9999.000, -9999.000, -9999.000
 53400, -9999.000, -9999.000, -9999.000, -9999.000, -9999.000
 53460, -9999.000, -9999.000, -9999.000, -9999.000, -9999.000
 53520, -9999.000, -9999.000, -9999.000, -9999.000, -9999.000
 53580, -9999.000, -9999.000, -9999.000, -9999.000, -9999.000
 53640, -9999.000, -9999.000, -9999.000, -9999.000, -9999.000
 53700, -9999.000, -9999.000, -9999.000, -9999.000, -9999.000
 53760, -9999.000, -9999.000, -9999.000, -9999.000, -9999.000
 53820, -9999.000, -9999.000, -9999.000, -9999.000, -9999.000
 53880, -9999.000, -9999.000, -9999.000, -9999.000, -9999.000
 53940, -9999.000, -9999.000, -9999.000, -9999.000, -9999.000
 54000, -9999.000, -9999.000, -9999.000, -9999.000, -9999.000
 54060, -9999.000, -9999.000, -9999.000, -9999.000, -9999.000
 54120, -9999.000, -9999.000, -9999.000, -9999.000, -9999.000
 54180, -9999.000, -9999.000, -9999.000, -9999.000, -9999.000
 54240, -9999.000, -9999.000, -9999.000, -9999.000, -9999.000
 54300, -9999.000, -9999.000, -9999.000, -9999.000, -9999.000
 54360, -9999.000, -9999.000, -9999.000, -9999.000, -9999.000
 54420, -9999.000, -9999.000, -9999.000, -9999.000, -9999.000
 54480, -9999.000, -9999.000, -9999.000, -9999.000, -9999.000
 54540, -9999.000, -9999.000, -9999.000, -9999.000, -9999.000
 54600, -9999.000, -9999.000, -9999.000, -9999.000, -9999.000
 54660, -9999.000, -9999.000, -9999.000, -9999.000, -9999.000
 54720, -9999.000, -9999.000, -9999.000, -9999.000, -9999.000
 54780, -9999.000, -9999.000, -9999.000, -9999.000, -9999.000
 54840, -9999.000, -9999.000, -9999.000, -9999.000, -9999.000
 54900, -9999.000, -9999.000, -9999.000, -9999.000, -9999.000
 54960, -9999.000, -9999.000, -9999.000, -9999.000, -9999.000
 55020, -9999.000, -9999.000, -9999.000, -9999.000, -9999.000
 55080, -9999.000, -9999.000, -9999.000, -9999.000, -9999.000
 55140, -9999.000, -9999.000, -9999.000, -9999.000, -9999.000
 55200, -9999.000, -9999.000, -9999.000, -9999.000, -9999.000
 55260, -9999.000, -9999.000, -9999.000, -9999.000, -9999.000
 55320, -9999.000, -9999.000, -9999.000, -9999.000, -9999.000
 55380, -9999.000, -9999.000, -9999.000, -9999.000, -9999.000
 55440, -9999.000, -9999.000, -9999.000, -9999.000, -9999.000
 55500, -9999.000, -9999.000, -9999.000, -9999.000, -9999.000
 55560, -9999.000, -9999.000, -9999.000, -9999.000, -9999.000
 55620, -9999.000, -9999.000, -9999.000, -9999.000, -9999.000
 55680, -9999.000, -9999.000, -9999.000, -9999.000, -9999.000
 55740, -9999.000, -9999.000, -9999.000, -9999.000, -9999.000
 55800, -9999.000, -9999.000, -9999.000, -9999.000, -9999.000
 55860, -9999.000, -9999.000, -9999.000, -9999.000, -9999.000
 55920, -9999.000, -9999.000, -9999.000, -9999.000, -9999.000
 55980, -9999.000, -9999.000, -9999.000, -9999.000, -9999.000
 56040, -9999.000, -9999.000, -9999.000, -9999.000, -9999.000
 56100, -9999.000, -9999.000, -9999.000, -9999.000, -9999.000
 56160, -9999.000, -9999.000, -9999.000, -9999.000, -9999.000
 56220, -9999.000, -9999.000, -9999.000, -9999.000, -9999.000
 56280, -9999.000, -9999.000, -9999.000, -9999.000, -9999.000
 56340, -9999.000, -9999.000, -9999.000, -9999.000, -9999.000
 56400, -9999.000, -9999.000, -9999.000, -9999.000, -9999.000
 56460, -9999.000, -9999.000, -9999.000, -9999.000, -9999.000
 56520, -9999.000, -9999.000, -9999.000, -9999.000, -9999.000
 56580, -9999.000, -9999.000, -9999.000, -9999.000, -9999.000
 56640, -9999.000, -9999.000, -9999.000, -9999.000, -9999.000
 56700, -9999.000, -9999.000, -9999.000, -9999.000, -9999.000
 56760, -9999.000, -9999.000, -9999.000, -9999.000, -9999.000
 56820, -9999.000, -9999.000, -9999.000, -9999.000, -9999.000
 56880, -9999.000, -9999.000, -9999.000, -9999.000, -9999.000
 56940, -9999.000, -9999.000, -9999.000, -9999.000, -9999.000
 57000, -9999.000, -9999.000, -9999.000, -9999.000, -9999.000
 57060, -9999.000, -9999.000, -9999.000, -9999.000, -9999.000
 57120, -9999.000, -9999.000, -9999.000, -9999.000, -9999.000
 57180, -9999.000, -9999.000, -9999.000, -9999.000, -9999.000
 57240, -9999.000, -9999.000, -9999.000, -9999.000, -9999.000
 57300, -9999.000, -9999.000, -9999.000, -9999.000, -9999.000
 57360, -9999.000, -9999.000, -9999.000, -9999.000, -9999.000
 57420, -9999.000, -9999.000, -9999.000, -9999.000, -9999.000
 57480, -9999.000, -9999.000, -9999.000, -9999.000, -9999.000
 57540, -9999.000, -9999.000, -9999.000, -9999.000, -9999.000
 57600, -9999.000, -9999.000, -9999.000, -9999.000, -9999.000
 57660, -9999.000, -9999.000, -9999.000, -9999.000, -9999.000
 57720, -9999.000, -9999.000, -9999.000, -9999.000, -9999.000
 57780, -9999.000, -9999.000, -9999.000, -9999.000, -9999.000
 57840, -9999.000, -9999.000, -9999.000, -9999.000, -9999.000
 57900, -9999.000, -9999.000, -9999.000, -9999.000, -9999.000
 57960, -9999.000, -9999.000, -9999.000, -9999.000, -9999.000
 58020, -9999.000, -9999.000, -9999.000, -9999.000, -9999.000
 58080, -9999.000, -9999.000, -9999.000, -9999.000, -9999.000
 58140, -9999.000, -9999.000, -9999.000, -9999.000, -9999.000
 58200, -9999.000, -9999.000, -9999.000, -9999.000, -9999.000
 58260, -9999.000, -9999.000, -9999.000, -9999.000, -9999.000
 58320, -9999.000, -9999.000, -9999.000, -9999.000, -9999.000
 58380, -9999.000, -9999.000, -9999.000, -9999.000, -9999.000
 58440, -9999.000, -9999.000, -9999.000, -9999.000, -9999.000
 58500, -9999.000, -9999.000, -9999.000, -9999.000, -9999.000
 58560, -9999.000, -9999.000, -9999.000, -9999.000, -9999.000
 58620, -9999.000, -9999.000, -9999.000, -9999.000, -9999.000
 58680, -9999.000, -9999.000, -9999.000, -9999.000, -9999.000
 58740, -9999.000, -9999.000, -9999.000, -9999.000, -9999.000
 58800, -9999.000, -9999.000, -9999.000, -9999.000, -9999.000
 58860, -9999.000, -9999.000, -9999.000, -9999.000, -9999.000
 58920, -9999.000, -9999.000, -9999.000, -9999.000, -9999.000
 58980, -9999.000, -9999.000, -9999.000, -9999.000, -9999.000
