CampaignData_and_Merges/R0/CSL_MobileLab_Parked/raw/20240728/USOS-NOAAIodideCIMS-HCOOH_MobileLabGround_20240728_RA.ict
33, 1001
Michael A Robinson, Chris Jernigan, Subi Thakali
NOAA ESRL Chemical Sciences Laboratory and CIRES, U. of Colorado
NOAA Iodide CIMS Instrument
USOS
1, 1
2024, 07, 28, 2024, 07, 29
1
starttime_UTC, seconds_past_midnight, seconds_of_day_since_00:00:00_UTC
1
1
-9999
HCOOH_NOAACIMS, pptv, Gas_HCOOH_InSitu_S_AVMR, 
0
18
PI_CONTACT_INFO: 325 Broadway, R/CSD 7, Boulder, Colorado 80305; michael.a.robinson@noaa.gov; chris.jernigan@noaa.gov;
PLATFORM: NOAA CSL Mobile Lab
LOCATION: SLC, Utah
ASSOCIATED_DATA: 1Hz data also available on request.
INSTRUMENT_INFO: NOAA I- ToF CIMS
DATA_INFO: All data in parts per trillion by volume (pptv). 1 Hz data is available upon request.
UNCERTAINTY: TBD
ULOD_FLAG: -7777
ULOD_VALUE: N/A
LLOD_FLAG: -8888
LLOD_VALUE: N/A
DM_CONTACT_INFO: Nathan Howard; nathan.h.howard@noaa.gov
PROJECT_INFO: USOS, summer 2024. https://csl.noaa.gov/groups/csl7/measurements/2024usos/
STIPULATIONS_ON_USE: Users are strongly encouraged to contact the PI for proper data usage.
OTHER_COMMENTS: 
REVISION: RA
RA: Preliminary Data; For in-field use only
starttime_UTC, HCOOH_NOAACIMS
     0, 925.428
    60, 889.375
   120, 891.250
   180, 899.191
   240, 948.631
   300, 854.627
   360, 843.869
   420, 859.515
   480, 920.698
   540, 966.615
   600, 888.055
   660, 886.184
   720, 897.731
   780, 893.787
   840, 939.686
   900, 861.204
   960, 946.442
  1020, 917.837
  1080, 874.013
  1140, -9999.000
  1200, 857.879
  1260, 901.050
  1320, 894.168
  1380, 878.702
  1440, 891.225
  1500, 851.964
  1560, 902.413
  1620, 889.371
  1680, 879.181
  1740, 899.128
  1800, 881.893
  1860, 919.046
  1920, 944.340
  1980, 963.251
  2040, 979.957
  2100, 982.518
  2160, 787.463
  2220, 725.862
  2280, 620.740
  2340, 603.375
  2400, 576.362
  2460, 599.575
  2520, 621.985
  2580, 637.528
  2640, 636.411
  2700, 660.123
  2760, 683.625
  2820, 668.248
  2880, 632.561
  2940, 643.231
  3000, 627.079
  3060, 619.391
  3120, 663.130
  3180, 654.380
  3240, 645.474
  3300, 648.046
  3360, 658.640
  3420, 680.278
  3480, 672.338
  3540, 651.062
  3600, 553.169
  3660, 375.140
  3720, 336.748
  3780, 344.602
  3840, 364.002
  3900, 387.799
  3960, 407.713
  4020, 434.445
  4080, 479.190
  4140, 478.229
  4200, 504.031
  4260, 571.713
  4320, 546.525
  4380, 538.887
  4440, 597.883
  4500, 597.628
  4560, 638.417
  4620, 637.258
  4680, 690.297
  4740, 709.136
  4800, 673.767
  4860, 740.561
  4920, 750.942
  4980, 772.473
  5040, 777.164
  5100, 808.181
  5160, 792.067
  5220, 787.593
  5280, 766.667
  5340, 807.888
  5400, 869.799
  5460, 806.573
  5520, 816.547
  5580, 871.671
  5640, 910.491
  5700, 867.979
  5760, 927.299
  5820, 920.608
  5880, 815.349
  5940, 851.043
  6000, 877.062
  6060, 890.169
  6120, 978.219
  6180, 1000.323
  6240, 892.037
  6300, 924.330
  6360, 895.297
  6420, 909.519
  6480, 878.797
  6540, 963.936
  6600, 948.680
  6660, 944.920
  6720, 977.721
  6780, 1014.426
  6840, 1016.445
  6900, 1040.975
  6960, 1042.031
  7020, 1093.679
  7080, 1079.633
  7140, 1138.991
  7200, 1171.862
  7260, 1143.166
  7320, 1187.467
  7380, 1181.803
  7440, 1033.183
  7500, 1086.955
  7560, 1081.945
  7620, 1085.654
  7680, 1040.460
  7740, 1057.562
  7800, 1041.033
  7860, 1004.634
  7920, 1040.520
  7980, 1043.191
  8040, 1030.146
  8100, 1036.161
  8160, 976.358
  8220, 1022.027
  8280, 996.330
  8340, 998.122
  8400, 992.526
  8460, 1022.722
  8520, -9999.000
  8580, 993.848
  8640, 1006.114
  8700, 1015.313
  8760, 967.768
  8820, 995.341
  8880, 1067.338
  8940, 1071.070
  9000, 1015.816
  9060, 1082.774
  9120, 1031.732
  9180, 1005.486
  9240, 1030.161
  9300, 1037.515
  9360, 1049.873
  9420, 1034.804
  9480, 1069.895
  9540, 1047.551
  9600, 1021.994
  9660, 1031.924
  9720, 990.888
  9780, 1016.157
  9840, 1038.008
  9900, 981.288
  9960, 1027.318
 10020, 1011.529
 10080, 1044.824
 10140, 1079.681
 10200, 1049.776
 10260, 1063.613
 10320, 1051.406
 10380, -9999.000
 10440, 1053.319
 10500, 1066.301
 10560, 1044.404
 10620, 1053.695
 10680, 1023.750
 10740, 1045.150
 10800, 1040.873
 10860, 1026.687
 10920, 1043.155
 10980, 1039.271
 11040, 1037.494
 11100, 1053.194
 11160, 1054.491
 11220, 1064.260
 11280, 1011.803
 11340, 1091.102
 11400, 1098.976
 11460, 1074.843
 11520, 1121.139
 11580, 1066.951
 11640, 1114.090
 11700, 1155.066
 11760, 1121.485
 11820, 1158.253
 11880, 1225.228
 11940, 1265.676
 12000, 1162.384
 12060, 1245.405
 12120, 1200.547
 12180, 1157.345
 12240, -9999.000
 12300, 1188.749
 12360, 1149.192
 12420, 1151.595
 12480, 1106.779
 12540, 1100.774
 12600, 1044.108
 12660, 1058.908
 12720, 1052.559
 12780, 1055.207
 12840, 1039.497
 12900, 1034.126
 12960, 991.427
 13020, 1029.505
 13080, 995.217
 13140, 1007.321
 13200, 1026.473
 13260, 1070.512
 13320, 1080.528
 13380, 1024.007
 13440, 1011.022
 13500, 997.784
 13560, 1008.622
 13620, 1016.506
 13680, 1011.644
 13740, 1069.195
 13800, 1050.971
 13860, 1014.800
 13920, 985.062
 13980, 972.878
 14040, 1046.862
 14100, 1121.125
 14160, 1129.291
 14220, 1225.685
 14280, 1192.365
 14340, 1161.191
 14400, 1250.564
 14460, 1273.597
 14520, 1284.811
 14580, 1323.120
 14640, 1321.253
 14700, 1391.371
 14760, 1347.103
 14820, 1354.501
 14880, 1389.766
 14940, 1400.677
 15000, 1373.518
 15060, 1422.734
 15120, 1402.935
 15180, 1387.300
 15240, 1367.204
 15300, 1353.105
 15360, 1317.357
 15420, 1326.963
 15480, 1320.360
 15540, 1377.596
 15600, 1414.577
 15660, 1254.186
 15720, 1142.326
 15780, 1248.235
 15840, 1286.170
 15900, -9999.000
 15960, 1334.188
 16020, 1398.623
 16080, 1381.130
 16140, 1369.548
 16200, 1360.306
 16260, 1338.635
 16320, 1337.994
 16380, 1314.892
 16440, 1276.040
 16500, 1287.796
 16560, 1422.091
 16620, 1442.812
 16680, 1467.996
 16740, 1440.995
 16800, 1406.566
 16860, 1478.806
 16920, 1441.845
 16980, 1484.789
 17040, 1474.054
 17100, 1433.152
 17160, 1411.602
 17220, 1434.101
 17280, 1328.487
 17340, 1328.764
 17400, 1384.391
 17460, 1417.164
 17520, 1425.232
 17580, 1348.636
 17640, 1401.770
 17700, 1391.997
 17760, -9999.000
 17820, 1416.404
 17880, 1393.598
 17940, 1379.450
 18000, 1423.145
 18060, 1350.649
 18120, 1366.948
 18180, 1350.972
 18240, 1304.571
 18300, 1368.893
 18360, 1400.695
 18420, 1424.957
 18480, 1478.536
 18540, 1508.900
 18600, 1508.154
 18660, 1560.956
 18720, 1516.424
 18780, 1600.347
 18840, 1629.977
 18900, 1666.338
 18960, 1681.919
 19020, 1707.774
 19080, 1672.997
 19140, 1656.228
 19200, 1706.137
 19260, 1802.222
 19320, 1719.635
 19380, 1738.432
 19440, 1730.046
 19500, 1693.761
 19560, 1613.447
 19620, -9999.000
 19680, 1548.331
 19740, 1654.423
 19800, 1646.691
 19860, 1618.911
 19920, 1635.068
 19980, 1618.674
 20040, 1599.172
 20100, 1657.869
 20160, 1619.515
 20220, 1631.689
 20280, 1719.074
 20340, 1746.504
 20400, 1712.848
 20460, 1727.977
 20520, 1667.505
 20580, 1715.274
 20640, 1782.271
 20700, 1770.242
 20760, 1696.594
 20820, 1697.511
 20880, 1579.180
 20940, 1522.627
 21000, 1556.199
 21060, 1490.262
 21120, 1432.878
 21180, 1391.740
 21240, 1277.944
 21300, 1178.563
 21360, 1206.175
 21420, 1120.764
 21480, 981.171
 21540, 1024.545
 21600, 1020.028
 21660, 1030.437
 21720, 1040.058
 21780, 1056.817
 21840, 1047.204
 21900, 1079.402
 21960, 1118.731
 22020, 1152.896
 22080, 1206.509
 22140, 1217.083
 22200, 1268.133
 22260, 1495.940
 22320, 1547.892
 22380, 1602.848
 22440, 1631.372
 22500, 1620.021
 22560, 1630.306
 22620, 1672.477
 22680, 1670.425
 22740, 1691.619
 22800, 1687.242
 22860, 1677.199
 22920, 1688.972
 22980, 1623.247
 23040, 1733.594
 23100, 1718.694
 23160, 1690.770
 23220, 1744.985
 23280, 1695.749
 23340, 1700.691
 23400, 1662.213
 23460, 1751.708
 23520, 1731.940
 23580, 1701.158
 23640, 1636.427
 23700, 1633.741
 23760, 1819.988
 23820, 1724.786
 23880, 1737.691
 23940, 1760.984
 24000, 1591.437
 24060, 1570.754
 24120, 1579.849
 24180, 1573.369
 24240, 1623.646
 24300, 1610.689
 24360, 1621.476
 24420, 1459.532
 24480, 1555.623
 24540, 1532.987
 24600, 1454.362
 24660, 1491.768
 24720, 1517.097
 24780, 1504.780
 24840, 1508.020
 24900, 1574.215
 24960, 1496.678
 25020, 1535.368
 25080, 1493.768
 25140, 1470.784
 25200, 1453.248
 25260, 1396.371
 25320, 1396.318
 25380, 1362.215
 25440, 1491.451
 25500, 1437.929
 25560, 1456.445
 25620, 1472.513
 25680, 1466.933
 25740, 1503.992
 25800, 1579.332
 25860, 1524.319
 25920, 1538.576
 25980, 1500.423
 26040, 1561.876
 26100, 1612.092
 26160, 1594.399
 26220, 1597.102
 26280, 1544.174
 26340, 1584.051
 26400, 1545.219
 26460, 1469.366
 26520, 1452.394
 26580, 1526.104
 26640, 1510.240
 26700, 1418.328
 26760, 1327.438
 26820, 1425.252
 26880, 1372.434
 26940, 1396.869
 27000, -9999.000
 27060, 1496.474
 27120, 1473.740
 27180, 1468.096
 27240, 1441.248
 27300, 1446.629
 27360, 1465.876
 27420, 1493.300
 27480, 1491.115
 27540, 1539.128
 27600, 1679.863
 27660, 1739.809
 27720, 1770.015
 27780, 1803.240
 27840, 1869.816
 27900, 1874.263
 27960, 1836.723
 28020, 1835.652
 28080, 1840.007
 28140, 1853.242
 28200, 1870.041
 28260, 1972.169
 28320, 1915.185
 28380, 1986.160
 28440, 1982.187
 28500, 2021.130
 28560, 2319.170
 28620, 2333.488
 28680, 2280.098
 28740, 2129.246
 28800, 2187.602
 28860, -9999.000
 28920, 2245.196
 28980, 2140.449
 29040, 2144.909
 29100, 2101.472
 29160, 2155.423
 29220, 2247.848
 29280, 2114.579
 29340, 2227.005
 29400, 2168.711
 29460, 2177.998
 29520, 2051.255
 29580, 1983.738
 29640, 2197.484
 29700, 2126.867
 29760, 2339.111
 29820, 2176.898
 29880, 1991.020
 29940, 2135.181
 30000, 2153.238
 30060, 2149.086
 30120, 2100.944
 30180, 2151.160
 30240, 2096.103
 30300, 2067.840
 30360, 2200.070
 30420, 2277.321
 30480, 2188.730
 30540, 2235.144
 30600, 2258.713
 30660, 2205.296
 30720, -9999.000
 30780, 2201.406
 30840, 2147.941
 30900, 2186.236
 30960, 2195.118
 31020, 2132.528
 31080, 2058.099
 31140, 2085.399
 31200, 2024.460
 31260, 1998.105
 31320, 1968.508
 31380, 2032.761
 31440, 2060.176
 31500, 2059.453
 31560, 2043.614
 31620, 2009.922
 31680, 1903.608
 31740, 1912.173
 31800, 1816.474
 31860, 1745.309
 31920, 1836.131
 31980, 1852.461
 32040, 1852.409
 32100, 1973.139
 32160, 1961.864
 32220, 2002.702
 32280, 1940.180
 32340, 1984.395
 32400, 1922.896
 32460, 1970.556
 32520, 2099.195
 32580, 1824.673
 32640, 1810.498
 32700, 1785.650
 32760, 1842.574
 32820, 1892.507
 32880, 1898.036
 32940, 1903.538
 33000, 1852.637
 33060, 1888.188
 33120, 2010.169
 33180, 2008.300
 33240, 2006.855
 33300, 2017.205
 33360, 2059.185
 33420, 2016.186
 33480, 1997.584
 33540, 1911.642
 33600, 1832.239
 33660, 1838.846
 33720, 1938.170
 33780, 1960.750
 33840, 1867.136
 33900, 1971.318
 33960, 1999.117
 34020, 2037.222
 34080, 1951.924
 34140, 2037.546
 34200, 2020.566
 34260, 2030.404
 34320, 1974.449
 34380, -9999.000
 34440, 1851.519
 34500, 1895.937
 34560, 1968.994
 34620, 1988.766
 34680, 1975.399
 34740, 1990.774
 34800, 1976.584
 34860, 1973.241
 34920, 1880.797
 34980, 1822.174
 35040, 1759.116
 35100, 1822.358
 35160, 2156.287
 35220, 2120.625
 35280, 1898.972
 35340, 1890.049
 35400, 1982.565
 35460, 1977.840
 35520, 1945.650
 35580, 1948.213
 35640, 1959.696
 35700, 1976.595
 35760, 1962.043
 35820, 1920.954
 35880, 1914.688
 35940, 1938.217
 36000, 1877.689
 36060, 1941.390
 36120, 1830.631
 36180, 1890.536
 36240, -9999.000
 36300, 1986.038
 36360, 1999.036
 36420, 2013.275
 36480, 1978.726
 36540, 1996.503
 36600, 1949.950
 36660, 1955.362
 36720, 1999.552
 36780, 2039.175
 36840, 1976.067
 36900, 1966.117
 36960, 1992.530
 37020, 1934.260
 37080, 1931.743
 37140, 1913.427
 37200, 1917.017
 37260, 1889.389
 37320, 1904.736
 37380, 1953.601
 37440, 1930.000
 37500, 1920.601
 37560, 1957.698
 37620, 1998.406
 37680, 1959.697
 37740, 1869.856
 37800, 2005.554
 37860, 2012.358
 37920, 1975.297
 37980, 1915.241
 38040, 1955.163
 38100, -9999.000
 38160, 1914.067
 38220, 1918.829
 38280, 1995.514
 38340, 1962.876
 38400, 1932.823
 38460, 1925.010
 38520, 1972.951
 38580, 1985.538
 38640, 1938.060
 38700, 1928.098
 38760, 1889.383
 38820, 1908.073
 38880, 1956.704
 38940, 1954.284
 39000, 1944.765
 39060, 1922.581
 39120, 1970.533
 39180, 1969.388
 39240, 1906.355
 39300, 1919.846
 39360, 1942.986
 39420, 1969.875
 39480, 1911.418
 39540, 1860.848
 39600, 1904.319
 39660, 1881.031
 39720, 1870.210
 39780, 1974.689
 39840, 2014.127
 39900, 1987.137
 39960, 1848.123
 40020, 1894.930
 40080, 1886.753
 40140, 1912.346
 40200, 1828.509
 40260, 1834.935
 40320, 1881.375
 40380, 1893.074
 40440, 1797.787
 40500, 1859.576
 40560, 1856.665
 40620, 1826.438
 40680, 1771.217
 40740, 1797.571
 40800, 1809.211
 40860, 1811.594
 40920, 1769.701
 40980, 1766.613
 41040, 1824.601
 41100, 1829.472
 41160, 1823.007
 41220, 1848.459
 41280, 1826.928
 41340, 1829.072
 41400, 1830.895
 41460, 1846.563
 41520, 1836.946
 41580, 1839.223
 41640, 1816.789
 41700, 1822.701
 41760, 1861.122
 41820, 1812.097
 41880, 1848.675
 41940, 1881.089
 42000, 1899.469
 42060, 1871.270
 42120, 1926.377
 42180, 1920.626
 42240, 1865.873
 42300, 1794.337
 42360, 1829.451
 42420, 1760.023
 42480, 1865.105
 42540, 1877.785
 42600, 1891.075
 42660, 1825.239
 42720, 1861.917
 42780, 1864.541
 42840, 1800.644
 42900, 1813.245
 42960, 1868.316
 43020, 1825.157
 43080, 1879.579
 43140, 1905.070
 43200, 1837.265
 43260, 1846.983
 43320, 1791.076
 43380, 1686.392
 43440, 1693.977
 43500, 1671.170
 43560, 1643.965
 43620, 1632.040
 43680, 1681.217
 43740, 1669.010
 43800, 1608.374
 43860, 1628.874
 43920, 1680.513
 43980, 1640.500
 44040, 1621.238
 44100, 1583.840
 44160, 1583.312
 44220, 1622.011
 44280, 1602.280
 44340, 1651.991
 44400, 1651.759
 44460, 1662.516
 44520, 1696.104
 44580, 1725.042
 44640, 1773.357
 44700, 1722.277
 44760, 1685.706
 44820, 1689.703
 44880, 1746.582
 44940, 1757.855
 45000, 1654.783
 45060, 1653.139
 45120, 1686.481
 45180, 1658.987
 45240, 1648.688
 45300, 1623.864
 45360, 1682.022
 45420, 1698.959
 45480, -9999.000
 45540, 1667.024
 45600, 1729.875
 45660, 1693.775
 45720, 1746.682
 45780, 1690.631
 45840, 1728.225
 45900, 1648.489
 45960, 1670.648
 46020, 1579.306
 46080, 1668.022
 46140, 1661.748
 46200, 1610.046
 46260, 1521.988
 46320, 1585.180
 46380, 1686.652
 46440, 1665.356
 46500, 1558.209
 46560, 1629.972
 46620, 1605.099
 46680, 1583.024
 46740, 1553.820
 46800, 1821.615
 46860, 2264.706
 46920, 2092.258
 46980, 1874.383
 47040, 1872.783
 47100, 1800.159
 47160, 1738.715
 47220, 1685.146
 47280, 1701.734
 47340, -9999.000
 47400, 1638.778
 47460, 1630.420
 47520, 1612.387
 47580, 1611.016
 47640, 1591.206
 47700, 1519.382
 47760, 1513.924
 47820, 1520.350
 47880, 1482.697
 47940, 1481.737
 48000, 1516.176
 48060, 1503.671
 48120, 1466.867
 48180, 1438.376
 48240, 1472.286
 48300, 1455.811
 48360, 1471.438
 48420, 1392.285
 48480, 1400.048
 48540, 1396.294
 48600, 1383.660
 48660, 1353.916
 48720, 1282.805
 48780, 1303.192
 48840, 1331.833
 48900, 1326.874
 48960, 1316.032
 49020, 1225.642
 49080, 1360.211
 49140, 1326.343
 49200, -9999.000
 49260, 1104.296
 49320, 1159.623
 49380, 1129.031
 49440, 1154.910
 49500, 1129.144
 49560, 1200.571
 49620, 1197.262
 49680, 1198.227
 49740, 1196.602
 49800, 1205.741
 49860, 1213.092
 49920, 1268.952
 49980, 1291.135
 50040, 1325.953
 50100, 1271.406
 50160, 1382.474
 50220, 1404.651
 50280, 1434.757
 50340, 1463.310
 50400, 1420.081
 50460, 1385.593
 50520, 1356.459
 50580, 1388.069
 50640, 1390.965
 50700, 1390.922
 50760, 1395.213
 50820, 1386.967
 50880, 1386.694
 50940, 1407.035
 51000, 1384.664
 51060, 1345.439
 51120, 1403.800
 51180, 1408.883
 51240, 1380.014
 51300, 1427.050
 51360, 1418.463
 51420, 1365.976
 51480, 1431.534
 51540, 1402.475
 51600, 1399.358
 51660, 1401.771
 51720, 1403.669
 51780, 1368.974
 51840, 1405.763
 51900, 1411.455
 51960, 1397.064
 52020, 1376.461
 52080, 1391.825
 52140, 1382.759
 52200, 1422.689
 52260, 1419.596
 52320, 1447.730
 52380, 1454.273
 52440, 1337.295
 52500, 1400.789
 52560, 1363.000
 52620, 1225.585
 52680, 1314.255
 52740, 1389.733
 52800, 1375.113
 52860, -9999.000
 52920, 1543.405
 52980, 1653.737
 53040, 1800.648
 53100, 1652.523
 53160, -9999.000
 53220, -9999.000
 53280, -9999.000
 53340, -9999.000
 53400, -9999.000
 53460, -9999.000
 53520, -9999.000
 53580, -9999.000
 53640, -9999.000
 53700, -9999.000
 53760, -9999.000
 53820, -9999.000
 53880, -9999.000
 53940, -9999.000
 54000, -9999.000
 54060, -9999.000
 54120, -9999.000
 54180, -9999.000
 54240, -9999.000
 54300, -9999.000
 54360, -9999.000
 54420, -9999.000
 54480, -9999.000
 54540, -9999.000
 54600, -9999.000
 54660, -9999.000
 54720, -9999.000
 54780, -9999.000
 54840, -9999.000
 54900, -9999.000
 54960, -9999.000
 55020, -9999.000
 55080, -9999.000
 55140, -9999.000
 55200, -9999.000
 55260, -9999.000
 55320, -9999.000
 55380, -9999.000
 55440, -9999.000
 55500, -9999.000
 55560, -9999.000
 55620, -9999.000
 55680, -9999.000
 55740, -9999.000
 55800, -9999.000
 55860, -9999.000
 55920, -9999.000
 55980, -9999.000
 56040, -9999.000
 56100, -9999.000
 56160, -9999.000
 56220, -9999.000
 56280, -9999.000
 56340, -9999.000
 56400, -9999.000
 56460, -9999.000
 56520, -9999.000
 56580, -9999.000
