CampaignData_and_Merges/R0/CSL_MobileLab_Parked/raw/20240728/USOS-jNO2_MobileLabGround_20240728_R0.ict
52,1001
Waxman, E.; Rollins, A.; Zuraski, K.; Chace, W.
NOAA Chemical Sciences Laboratory
jNO2 filter radiometer on CSL Mobile Lab
AMMBEC / USOS
1, 1
2024,07,28, 2025,04,01
60
Time_Start, seconds, number_of_seconds_since_0000_UTC
20
1, 1, 1, 1, 1, 1, 1, 1, 1, 1, 1, 1, 1, 1, 1, 1, 1, 1, 1, 1
-9999, -9999, -9999, -9999, -9999, -9999, -9999, -9999, -9999, -9999, -9999, -9999, -9999, -9999, -9999, -9999, -9999, -9999, -9999, -9999
Time_Stop, seconds, number_of_seconds_since_0000_UTC
jNO2_meas, per second, photolysis rate of NO2 measured using a filter radiometer.
jBrCl, per second, photolysis rate of BrCl -> Br + Cl calculated in TUV for cloud-free sky with local AOD
jBr2, per second, photolysis rate of Br2 -> Br + Br calculated in TUV for cloud-free sky with local AOD
jCCl4, per second, photolysis rate of CCl4 -> Products calcualted in TUV for cloud-free sky with local AOD
jCH2Oa, per second, photolysis rate of CH2O -> H + HCO calculated in TUV for cloud-free sky with local AOD
jCH2Ob, per second, photolysis rate of CH2O -> H2 + CO calculated in TUV for cloud-free sky with local AOD
jClNO2, per second, photolysis rate of ClNO2 -> Cl + NO2 calculated in TUV for cloud-free sky with local AOD
jClOa, per second, photolysis rate of ClO -> Cl + O(1D) calculated in TUV for cloud-free sky with local AOD
jClOb, per second, photolysis rate of ClO -> Cl + O(3P) calculated in TUV for cloud-free sky with local AOD
jCl2, per second, photolysis rate of Cl2 -> Cl + Cl calculated in TUV for cloud-free sky with local AOD
jHNO2, per second, photolysis rate of HNO2 -> OH + NO calculated in TUV for cloud-free sky with local AOD
jHNO3, per second, photolysis rate of HNO3 -> OH + NO2 calculated in TUV for cloud-free sky with local AOD
jI2, per second, photolysis rate of I2 -> I + I calculated in TUV for cloud-free sky with local AOD
jNO2, per second, photolysis rate of NO2 -> NO + O(3P) calculated in TUV for cloud-free sky with local AOD
jNO3a, per second, photolysis rate of NO3 -> NO + O2 calculated in TUV for cloud-free sky with local AOD
jNO3b, per second, photolysis rate of NO3 -> NO2 + O(3P) calculated in TUV for cloud-free sky with local AOD
jN2O5, per second, photolysis rate of N2O5 -> NO3 + NO + O(3P) calculated in TUV for cloud-free sky with local AOD
jO3, per second, photolysis rate of O3 -> O2 + O(1D) calculated in TUV for cloud-free sky with local AOD
AOD_500nm, unitless, UTC daily mean AOD at 500 nm from an AERONET station located at 40.178 N, -112.452 E
0
18
PI_CONTACT_INFO: eleanor.waxman@noaa.gov
PLATFORM: CSL Mobile Lab, at ground site
LOCATION: Salt Lake City, UT
ASSOCIATED_DATA:
INSTRUMENT_INFO: jNO2 filter radiometer.  TUV calculations are for mobile van lat/lon/altitude assuming clear sky (cloud AOD = 0) and daily mean AOD.
DATA_INFO:
UNCERTAINTY: Data uncertainties are +/- 20%.  These come from uncertainties in radiometer angular response, radiometer thermal response, local interferences from clouds/aerosols/shadows etc.
ULOD_FLAG: -7777
ULOD_VALUE: N/A
LLOD_FLAG: -8888
LLOD_VALUE: N/A
DM_CONTACT_INFO: eleanor.waxman@noaa.gov
PROJECT_INFO: USOS Project, July - August 2024
STIPULATIONS_ON_USE: Users are strongly encouraged to contact the PI for proper data usage.
OTHER_COMMENTS: 
REVISION: R0
R0: final data
Time_Start, Time_Stop, jNO2_meas, jBrCl, jBr2, jCCl4, jCH2Oa, jCH2Ob, jClNO2, jClOa, jClOb, jCl2, jHNO2, jHNO3, jI2, jNO2, jNO3a, jNO3b, jN2O5, jO3, AOD_500nm
[from data line 870]
   52200,   52260,0.0040613,0.005351,0.01799,9.221e-26,8.388e-06,1.607e-05,0.0001623,3.315e-26,5.618e-06,0.0009047,0.0006222,1.12e-07,0.07078,0.004022,0.01469,0.1125,1.336e-05,3.449e-06,0.356
   52260,   52320,0.0041309,0.005397,0.01813,9.374e-26,8.51e-06,1.626e-05,0.0001643,3.367e-26,5.738e-06,0.0009144,0.0006287,1.138e-07,0.07125,0.004063,0.01478,0.1132,1.352e-05,3.524e-06,0.356
   52320,   52380,0.0041915,0.005441,0.01826,9.521e-26,8.624e-06,1.645e-05,0.0001661,3.418e-26,5.852e-06,0.0009236,0.0006348,1.156e-07,0.0717,0.0041,0.01486,0.1139,1.368e-05,3.596e-06,0.356
   52380,   52440,0.0042451,0.005487,0.0184,9.68e-26,8.747e-06,1.664e-05,0.000168,3.473e-26,5.976e-06,0.0009333,0.0006412,1.175e-07,0.07217,0.00414,0.01495,0.1146,1.385e-05,3.673e-06,0.356
   52440,   52500,0.0042848,0.005533,0.01853,9.842e-26,8.869e-06,1.684e-05,0.0001699,3.529e-26,6.1e-06,0.000943,0.0006477,1.194e-07,0.07264,0.00418,0.01504,0.1154,1.401e-05,3.751e-06,0.356
   52500,   52560,0.0043026,0.005576,0.01866,9.997e-26,8.985e-06,1.702e-05,0.0001717,3.583e-26,6.219e-06,0.0009521,0.0006537,1.212e-07,0.07307,0.004217,0.01512,0.116,1.417e-05,3.825e-06,0.356
   52560,   52620,0.0043198,0.005621,0.01879,1.017e-25,9.109e-06,1.722e-05,0.0001737,3.642e-26,6.346e-06,0.0009618,0.0006601,1.232e-07,0.07353,0.004256,0.0152,0.1167,1.434e-05,3.905e-06,0.356
   52620,   52680,0.0043413,0.005667,0.01893,1.034e-25,9.233e-06,1.742e-05,0.0001756,3.701e-26,6.476e-06,0.0009714,0.0006665,1.251e-07,0.07399,0.004296,0.01528,0.1174,1.451e-05,3.986e-06,0.356
   52680,   52740,0.0044259,0.005709,0.01905,1.05e-25,9.35e-06,1.76e-05,0.0001774,3.758e-26,6.598e-06,0.0009805,0.0006725,1.27e-07,0.07441,0.004332,0.01536,0.1181,1.467e-05,4.063e-06,0.356
   52740,   52800,0.0044301,0.005754,0.01919,1.068e-25,9.475e-06,1.78e-05,0.0001793,3.82e-26,6.73e-06,0.0009901,0.0006789,1.29e-07,0.07486,0.004371,0.01544,0.1187,1.483e-05,4.146e-06,0.356
   52800,   52860,0.0042663,0.005798,0.01932,1.086e-25,9.6e-06,1.799e-05,0.0001813,3.883e-26,6.864e-06,0.0009997,0.0006852,1.31e-07,0.07531,0.00441,0.01552,0.1194,1.5e-05,4.23e-06,0.356
   52860,   52920,0.0041444,0.005839,0.01944,1.104e-25,9.718e-06,1.818e-05,0.0001831,3.944e-26,6.99e-06,0.001009,0.0006911,1.329e-07,0.07572,0.004447,0.0156,0.12,1.516e-05,4.309e-06,0.356
   52920,   52980,0.0044505,0.005883,0.01957,1.123e-25,9.843e-06,1.837e-05,0.000185,4.01e-26,7.127e-06,0.001018,0.0006975,1.349e-07,0.07616,0.004485,0.01568,0.1207,1.533e-05,4.395e-06,0.356
   52980,   53040,0.0045219,0.005927,0.0197,1.142e-25,9.97e-06,1.857e-05,0.0001869,4.077e-26,7.264e-06,0.001028,0.0007037,1.369e-07,0.07659,0.004524,0.01575,0.1214,1.55e-05,4.482e-06,0.356
   53040,   53100,0.0045405,0.005968,0.01982,1.161e-25,1.009e-05,1.876e-05,0.0001887,4.142e-26,7.395e-06,0.001037,0.0007096,1.388e-07,0.07699,0.00456,0.01583,0.122,1.566e-05,4.564e-06,0.356
   53100,   53160,0.0045749,0.006011,0.01994,1.181e-25,1.022e-05,1.895e-05,0.0001907,4.212e-26,7.536e-06,0.001046,0.0007159,1.409e-07,0.07742,0.004598,0.0159,0.1226,1.582e-05,4.653e-06,0.356
   53160,   53220,0.0046077,0.006054,0.02007,1.202e-25,1.034e-05,1.915e-05,0.0001926,4.283e-26,7.677e-06,0.001056,0.0007221,1.429e-07,0.07784,0.004636,0.01598,0.1233,1.599e-05,4.742e-06,0.356
   53220,   53280,0.0046477,0.006094,0.02018,1.222e-25,1.046e-05,1.933e-05,0.0001944,4.352e-26,7.812e-06,0.001065,0.000728,1.449e-07,0.07823,0.004672,0.01605,0.1239,1.615e-05,4.828e-06,0.356
   53280,   53340,0.0046848,0.006137,0.02031,1.244e-25,1.059e-05,1.953e-05,0.0001963,4.427e-26,7.957e-06,0.001074,0.0007341,1.47e-07,0.07864,0.00471,0.01613,0.1245,1.632e-05,4.919e-06,0.356
   53340,   53400,0.0047049,0.006179,0.02043,1.266e-25,1.072e-05,1.972e-05,0.0001982,4.504e-26,8.103e-06,0.001083,0.0007403,1.491e-07,0.07906,0.004747,0.0162,0.1251,1.649e-05,5.012e-06,0.356
   53400,   53460,0.0047388,0.006219,0.02055,1.287e-25,1.084e-05,1.991e-05,0.0002,4.577e-26,8.242e-06,0.001092,0.0007461,1.511e-07,0.07944,0.004782,0.01627,0.1257,1.665e-05,5.1e-06,0.356
   53460,   53520,0.0047918,0.006261,0.02067,1.31e-25,1.097e-05,2.01e-05,0.0002019,4.657e-26,8.391e-06,0.001102,0.0007522,1.532e-07,0.07984,0.00482,0.01634,0.1263,1.682e-05,5.194e-06,0.356
   53520,   53580,0.0048652,0.006302,0.02079,1.334e-25,1.109e-05,2.03e-05,0.0002038,4.739e-26,8.541e-06,0.001111,0.0007583,1.553e-07,0.08024,0.004857,0.01641,0.1269,1.699e-05,5.289e-06,0.356
   53580,   53640,0.0048977,0.006341,0.0209,1.357e-25,1.122e-05,2.048e-05,0.0002056,4.818e-26,8.683e-06,0.00112,0.000764,1.573e-07,0.08061,0.004891,0.01648,0.1275,1.714e-05,5.38e-06,0.356
   53640,   53700,0.0049485,0.006382,0.02102,1.382e-25,1.134e-05,2.068e-05,0.0002075,4.904e-26,8.836e-06,0.001129,0.0007701,1.594e-07,0.08101,0.004928,0.01655,0.1281,1.731e-05,5.477e-06,0.356
   53700,   53760,0.0049915,0.006423,0.02113,1.407e-25,1.147e-05,2.087e-05,0.0002094,4.991e-26,8.99e-06,0.001138,0.0007761,1.616e-07,0.0814,0.004965,0.01662,0.1286,1.748e-05,5.575e-06,0.356
   53760,   53820,0.0050011,0.006461,0.02124,1.432e-25,1.159e-05,2.105e-05,0.0002112,5.076e-26,9.137e-06,0.001147,0.0007818,1.636e-07,0.08176,0.004999,0.01668,0.1292,1.764e-05,5.668e-06,0.356
   53820,   53880,0.0050259,0.006501,0.02136,1.458e-25,1.172e-05,2.125e-05,0.0002131,5.168e-26,9.293e-06,0.001156,0.0007878,1.658e-07,0.08214,0.005035,0.01675,0.1298,1.781e-05,5.768e-06,0.356
   53880,   53940,0.0050511,0.006541,0.02147,1.486e-25,1.185e-05,2.144e-05,0.000215,5.261e-26,9.451e-06,0.001165,0.0007937,1.68e-07,0.08252,0.005071,0.01682,0.1303,1.798e-05,5.869e-06,0.356
   53940,   54000,0.0050625,0.006578,0.02158,1.512e-25,1.198e-05,2.162e-05,0.0002168,5.352e-26,9.601e-06,0.001174,0.0007993,1.7e-07,0.08288,0.005105,0.01688,0.1309,1.813e-05,5.965e-06,0.356
   54000,   54060,0.0050879,0.006618,0.02169,1.541e-25,1.21e-05,2.181e-05,0.0002186,5.451e-26,9.761e-06,0.001183,0.0008052,1.722e-07,0.08325,0.005141,0.01695,0.1314,1.83e-05,6.067e-06,0.356
   54060,   54120,0.0051465,0.006657,0.02181,1.57e-25,1.223e-05,2.201e-05,0.0002205,5.552e-26,9.923e-06,0.001192,0.0008111,1.744e-07,0.08362,0.005177,0.01702,0.132,1.847e-05,6.171e-06,0.356
   54120,   54180,0.0051589,0.006694,0.02191,1.598e-25,1.236e-05,2.219e-05,0.0002223,5.65e-26,1.008e-05,0.001201,0.0008167,1.765e-07,0.08396,0.00521,0.01708,0.1325,1.863e-05,6.269e-06,0.356
   54180,   54240,0.005184,0.006733,0.02202,1.629e-25,1.249e-05,2.238e-05,0.0002242,5.756e-26,1.024e-05,0.00121,0.0008225,1.787e-07,0.08432,0.005245,0.01714,0.1331,1.88e-05,6.374e-06,0.356
   54240,   54300,0.0051968,0.006771,0.02213,1.661e-25,1.262e-05,2.257e-05,0.000226,5.865e-26,1.041e-05,0.001219,0.0008283,1.81e-07,0.08468,0.00528,0.01721,0.1336,1.896e-05,6.48e-06,0.356
   54300,   54360,0.0052482,0.006807,0.02223,1.691e-25,1.274e-05,2.275e-05,0.0002278,5.97e-26,1.056e-05,0.001227,0.0008337,1.831e-07,0.08502,0.005313,0.01726,0.1341,1.912e-05,6.581e-06,0.356
   54360,   54420,0.0053072,0.006845,0.02234,1.725e-25,1.287e-05,2.294e-05,0.0002296,6.085e-26,1.073e-05,0.001236,0.0008395,1.853e-07,0.08537,0.005348,0.01733,0.1346,1.929e-05,6.688e-06,0.356
   54420,   54480,0.0053288,0.006883,0.02245,1.759e-25,1.3e-05,2.313e-05,0.0002315,6.203e-26,1.09e-05,0.001245,0.0008453,1.876e-07,0.08572,0.005383,0.01739,0.1352,1.945e-05,6.797e-06,0.356
   54480,   54540,0.0053784,0.006919,0.02255,1.792e-25,1.312e-05,2.331e-05,0.0002332,6.317e-26,1.106e-05,0.001253,0.0008506,1.897e-07,0.08605,0.005415,0.01745,0.1357,1.961e-05,6.9e-06,0.356
   54540,   54600,0.0054236,0.006956,0.02265,1.828e-25,1.325e-05,2.35e-05,0.0002351,6.441e-26,1.123e-05,0.001262,0.0008563,1.92e-07,0.08639,0.005449,0.01751,0.1362,1.978e-05,7.01e-06,0.356
   54600,   54660,-9999,0.006993,0.02276,1.865e-25,1.338e-05,2.369e-05,0.0002369,6.568e-26,1.14e-05,0.001271,0.000862,1.942e-07,0.08673,0.005483,0.01757,0.1367,1.994e-05,7.121e-06,0.356
   54660,   54720,-9999,0.007028,0.02286,1.9e-25,1.35e-05,2.387e-05,0.0002387,6.691e-26,1.157e-05,0.001279,0.0008673,1.964e-07,0.08705,0.005515,0.01762,0.1372,2.01e-05,7.227e-06,0.356
   54720,   54780,-9999,0.007064,0.02296,1.939e-25,1.363e-05,2.406e-05,0.0002405,6.826e-26,1.174e-05,0.001288,0.0008729,1.987e-07,0.08738,0.005549,0.01768,0.1377,2.026e-05,7.339e-06,0.356
   54780,   54840,-9999,0.0071,0.02306,1.979e-25,1.376e-05,2.424e-05,0.0002423,6.964e-26,1.192e-05,0.001296,0.0008785,2.01e-07,0.08772,0.005582,0.01774,0.1382,2.043e-05,7.453e-06,0.356
   54840,   54900,-9999,0.007134,0.02316,2.018e-25,1.389e-05,2.442e-05,0.000244,7.098e-26,1.209e-05,0.001304,0.0008837,2.031e-07,0.08802,0.005614,0.0178,0.1386,2.058e-05,7.56e-06,0.356
   54900,   54960,-9999,0.00717,0.02326,2.06e-25,1.402e-05,2.461e-05,0.0002458,7.244e-26,1.226e-05,0.001313,0.0008892,2.054e-07,0.08835,0.005647,0.01785,0.1391,2.075e-05,7.675e-06,0.356
   54960,   55020,-9999,0.007206,0.02336,2.104e-25,1.415e-05,2.479e-05,0.0002477,7.394e-26,1.244e-05,0.001322,0.0008947,2.077e-07,0.08867,0.00568,0.01791,0.1396,2.091e-05,7.791e-06,0.356
   55020,   55080,-9999,0.007239,0.02345,2.146e-25,1.427e-05,2.497e-05,0.0002494,7.54e-26,1.261e-05,0.00133,0.0008999,2.099e-07,0.08897,0.005711,0.01796,0.14,2.107e-05,7.9e-06,0.356
   55080,   55140,-9999,0.007274,0.02355,2.192e-25,1.44e-05,2.515e-05,0.0002512,7.699e-26,1.279e-05,0.001338,0.0009053,2.122e-07,0.08929,0.005743,0.01802,0.1405,2.123e-05,8.018e-06,0.356
   55140,   55200,-9999,0.007309,0.02365,2.239e-25,1.453e-05,2.534e-05,0.000253,7.863e-26,1.297e-05,0.001347,0.0009107,2.145e-07,0.0896,0.005776,0.01807,0.141,2.139e-05,8.136e-06,0.356
   55200,   55260,-9999,0.007342,0.02374,2.285e-25,1.465e-05,2.551e-05,0.0002546,8.021e-26,1.315e-05,0.001354,0.0009158,2.167e-07,0.08989,0.005806,0.01812,0.1414,2.155e-05,8.247e-06,0.356
   55260,   55320,-9999,0.007376,0.02383,2.335e-25,1.478e-05,2.569e-05,0.0002564,8.194e-26,1.333e-05,0.001363,0.0009212,2.191e-07,0.0902,0.005838,0.01818,0.1419,2.171e-05,8.367e-06,0.356
   55320,   55380,-9999,0.00741,0.02393,2.386e-25,1.491e-05,2.588e-05,0.0002582,8.373e-26,1.352e-05,0.001371,0.0009265,2.214e-07,0.09051,0.00587,0.01823,0.1423,2.187e-05,8.487e-06,0.356
   55380,   55440,-9999,0.007442,0.02402,2.435e-25,1.503e-05,2.605e-05,0.0002599,8.546e-26,1.369e-05,0.001379,0.0009315,2.236e-07,0.09079,0.0059,0.01828,0.1428,2.202e-05,8.601e-06,0.356
   55440,   55500,-9999,0.007476,0.02411,2.49e-25,1.516e-05,2.623e-05,0.0002617,8.736e-26,1.388e-05,0.001387,0.0009368,2.259e-07,0.09109,0.005931,0.01833,0.1432,2.219e-05,8.722e-06,0.356
   55500,   55560,-9999,0.007509,0.0242,2.546e-25,1.529e-05,2.641e-05,0.0002634,8.931e-26,1.407e-05,0.001395,0.000942,2.283e-07,0.09139,0.005963,0.01838,0.1437,2.235e-05,8.844e-06,0.356
   55560,   55620,-9999,0.00754,0.02429,2.6e-25,1.541e-05,2.658e-05,0.0002651,9.121e-26,1.424e-05,0.001403,0.0009469,2.305e-07,0.09166,0.005992,0.01843,0.1441,2.25e-05,8.96e-06,0.356
   55620,   55680,-9999,0.007573,0.02438,2.66e-25,1.554e-05,2.676e-05,0.0002668,9.329e-26,1.443e-05,0.001411,0.0009521,2.328e-07,0.09196,0.006023,0.01848,0.1445,2.266e-05,9.083e-06,0.356
   55680,   55740,-9999,0.007606,0.02447,2.721e-25,1.567e-05,2.694e-05,0.0002686,9.544e-26,1.462e-05,0.001419,0.0009573,2.352e-07,0.09224,0.006054,0.01853,0.1449,2.282e-05,9.208e-06,0.356
   55740,   55800,-9999,0.007637,0.02455,2.781e-25,1.579e-05,2.711e-05,0.0002702,9.752e-26,1.48e-05,0.001427,0.0009621,2.374e-07,0.09251,0.006083,0.01858,0.1453,2.297e-05,9.325e-06,0.356
   55800,   55860,-9999,0.007669,0.02464,2.846e-25,1.592e-05,2.729e-05,0.0002719,9.981e-26,1.5e-05,0.001435,0.0009672,2.398e-07,0.0928,0.006113,0.01863,0.1458,2.313e-05,9.451e-06,0.356
   55860,   55920,-9999,0.007701,0.02473,2.914e-25,1.604e-05,2.746e-05,0.0002737,1.022e-25,1.519e-05,0.001443,0.0009723,2.421e-07,0.09308,0.006143,0.01868,0.1462,2.329e-05,9.576e-06,0.356
   55920,   55980,-9999,0.007731,0.02481,2.979e-25,1.616e-05,2.763e-05,0.0002753,1.045e-25,1.537e-05,0.001451,0.0009771,2.444e-07,0.09334,0.006171,0.01872,0.1466,2.343e-05,9.696e-06,0.356
   55980,   56040,-9999,0.007762,0.0249,3.051e-25,1.629e-05,2.78e-05,0.000277,1.07e-25,1.557e-05,0.001459,0.0009821,2.467e-07,0.09361,0.006201,0.01877,0.147,2.359e-05,9.823e-06,0.356
   56040,   56100,-9999,0.007794,0.02499,3.125e-25,1.642e-05,2.798e-05,0.0002787,1.096e-25,1.576e-05,0.001466,0.0009871,2.491e-07,0.09389,0.006231,0.01882,0.1474,2.375e-05,9.951e-06,0.356
   56100,   56160,-9999,0.007823,0.02507,3.197e-25,1.654e-05,2.815e-05,0.0002803,1.121e-25,1.595e-05,0.001474,0.0009918,2.513e-07,0.09414,0.006259,0.01886,0.1478,2.39e-05,1.007e-05,0.356
   56160,   56220,-9999,0.007854,0.02515,3.275e-25,1.667e-05,2.832e-05,0.000282,1.149e-25,1.615e-05,0.001482,0.0009967,2.537e-07,0.09441,0.006288,0.01891,0.1482,2.405e-05,1.02e-05,0.356
   56220,   56280,-9999,0.007885,0.02523,3.357e-25,1.679e-05,2.849e-05,0.0002837,1.178e-25,1.634e-05,0.001489,0.001002,2.561e-07,0.09467,0.006317,0.01895,0.1486,2.421e-05,1.033e-05,0.356
   56280,   56340,-9999,0.007913,0.02531,3.436e-25,1.691e-05,2.866e-05,0.0002853,1.206e-25,1.653e-05,0.001497,0.001006,2.583e-07,0.09492,0.006345,0.019,0.1489,2.436e-05,1.045e-05,0.356
   56340,   56400,-9999,0.007943,0.02539,3.523e-25,1.704e-05,2.883e-05,0.000287,1.236e-25,1.673e-05,0.001504,0.001011,2.607e-07,0.09518,0.006373,0.01904,0.1493,2.451e-05,1.058e-05,0.356
   56400,   56460,-9999,0.007973,0.02548,3.612e-25,1.716e-05,2.9e-05,0.0002886,1.268e-25,1.693e-05,0.001512,0.001016,2.631e-07,0.09544,0.006402,0.01908,0.1497,2.467e-05,1.071e-05,0.356
   56460,   56520,-9999,0.008001,0.02555,3.699e-25,1.728e-05,2.916e-05,0.0002902,1.299e-25,1.712e-05,0.001519,0.00102,2.653e-07,0.09568,0.006429,0.01913,0.1501,2.481e-05,1.084e-05,0.356
   56520,   56580,-9999,0.008031,0.02563,3.795e-25,1.741e-05,2.933e-05,0.0002918,1.333e-25,1.732e-05,0.001527,0.001025,2.677e-07,0.09593,0.006457,0.01917,0.1504,2.496e-05,1.097e-05,0.356
   56580,   56640,-9999,0.00806,0.02571,3.894e-25,1.753e-05,2.95e-05,0.0002935,1.369e-25,1.752e-05,0.001534,0.00103,2.701e-07,0.09618,0.006485,0.01921,0.1508,2.512e-05,1.11e-05,0.356
   56640,   56700,-9999,0.008088,0.02579,3.99e-25,1.765e-05,2.966e-05,0.000295,1.403e-25,1.771e-05,0.001541,0.001034,2.723e-07,0.09641,0.006511,0.01925,0.1512,2.526e-05,1.123e-05,0.356
   56700,   56760,-9999,0.008116,0.02587,4.096e-25,1.777e-05,2.983e-05,0.0002967,1.441e-25,1.791e-05,0.001549,0.001039,2.747e-07,0.09666,0.006539,0.01929,0.1515,2.541e-05,1.136e-05,0.356
   56760,   56820,-9999,0.008145,0.02594,4.206e-25,1.79e-05,2.999e-05,0.0002983,1.48e-25,1.812e-05,0.001556,0.001044,2.771e-07,0.0969,0.006567,0.01934,0.1519,2.556e-05,1.15e-05,0.356
   56820,   56880,-9999,0.008172,0.02602,4.312e-25,1.801e-05,3.015e-05,0.0002998,1.519e-25,1.831e-05,0.001563,0.001048,2.793e-07,0.09713,0.006592,0.01937,0.1522,2.571e-05,1.162e-05,0.356
   56880,   56940,-9999,0.0082,0.02609,4.429e-25,1.814e-05,3.031e-05,0.0003014,1.561e-25,1.851e-05,0.00157,0.001053,2.817e-07,0.09736,0.006619,0.01942,0.1526,2.586e-05,1.176e-05,0.356
   56940,   57000,-9999,0.008228,0.02617,4.55e-25,1.826e-05,3.048e-05,0.000303,1.605e-25,1.872e-05,0.001578,0.001057,2.841e-07,0.0976,0.006646,0.01946,0.1529,2.601e-05,1.189e-05,0.356
   57000,   57060,-9999,0.008254,0.02624,4.668e-25,1.838e-05,3.063e-05,0.0003045,1.647e-25,1.891e-05,0.001584,0.001061,2.864e-07,0.09782,0.006672,0.01949,0.1532,2.615e-05,1.202e-05,0.356
   57060,   57120,-9999,0.008282,0.02631,4.798e-25,1.85e-05,3.08e-05,0.0003061,1.695e-25,1.912e-05,0.001592,0.001066,2.887e-07,0.09805,0.006698,0.01953,0.1536,2.63e-05,1.216e-05,0.356
   57120,   57180,-9999,0.008309,0.02639,4.933e-25,1.862e-05,3.096e-05,0.0003077,1.744e-25,1.933e-05,0.001599,0.00107,2.911e-07,0.09828,0.006725,0.01957,0.1539,2.644e-05,1.229e-05,0.356
   57180,   57240,-9999,0.008335,0.02645,5.064e-25,1.874e-05,3.111e-05,0.0003092,1.792e-25,1.952e-05,0.001606,0.001075,2.934e-07,0.09849,0.00675,0.01961,0.1542,2.658e-05,1.242e-05,0.356
