CampaignData_and_Merges/R0/CSL_MobileLab_Parked/raw/20240728/USOS-MetNav_MobileLabGround_20240728_R0.ict
44, 1001
Carrie Womack, Nate Howard, Mike Zucker
NOAA Chemical Sciences Laboratory
Mobile Lab MetNav Station
USOS
1, 1
2024, 07, 28, 2024, 12, 21
60
Time_Start, seconds_past_midnight, Seconds from midnight UTC
11
1, 1, 1, 1, 1, 1, 1, 1, 1, 1, 1
-9999, -9999, -9999, -9999, -9999, -9999, -9999, -9999, -9999, -9999, -9999
GPS_Alt_m, meters, Altitude from Differential GPS
GPS_Course_deg, degrees, Course from Differential GPS
GPS_GndSpd_m_s, m/s, Ground Speed from Differential GPS
GPS_Heading_deg, degrees, Heading from Differential GPS
GPS_Lat_deg, degrees, Latitude from Differential GPS
GPS_Lon_deg, degrees, Longitude from Differential GPS
AirTemp_C, Celsius, Air Temperature from Airmar
RelHumidity_pct, percent, Relative Humidity from Airmar
Pressure_mb, millibars, Pressure from Honeywell
WindDir_calc_deg, degrees, Wind Direction from Airmar corrected for van movement
WindSpd_calc_m_s, m/s, Wind Speed from Airmar corrected for van movement
1
SPECIAL COMMENTS:
18
PI_CONTACT_INFO: Address: 325 Broadway R/CSL7, Boulder, CO, 80305
PLATFORM: CSL Mobile Lab
LOCATION: Salt Lake City, UT
ASSOCIATED_DATA: N/A
INSTRUMENT_INFO: N/A
DATA_INFO: Units:
UNCERTAINTY: N/A
ULOD_FLAG: -7777
ULOD_VALUE: N/A
LLOD_FLAG: -8888
LLOD_VALUE: N/A
DM_CONTACT_INFO: Data Manager: Nate Howard
PROJECT_INFO: 
STIPULATIONS_ON_USE: Use of these data require prior ok from PI.
OTHER_COMMENTS: 
REVISION: R0
R0: Final data. Fixed bug in wind averaging code. RA: Preliminary Data. For in-field use only. 
Time_Start, GPS_Alt_m, GPS_Course_deg, GPS_GndSpd_m_s, GPS_Heading_deg, GPS_Lat_deg, GPS_Lon_deg, AirTemp_C, RelHumidity_pct, Pressure_mb, WindDir_calc_deg, WindSpd_calc_m_s
[from data line 420]
25200.0,1309.7,3.49,0.04,3.49,40.73434,-111.87211,21.6,41.4,870.2,121.46,0.6
25260.0,1309.7,3.09,0.04,3.09,40.73434,-111.87211,21.7,41.3,870.2,128.21,0.5
25320.0,1309.8,2.89,0.05,2.89,40.73434,-111.87211,21.8,41.1,870.2,115.14,0.5
25380.0,1309.7,2.92,0.04,2.92,40.73434,-111.87211,21.9,41.1,870.2,145.90,0.3
25440.0,1309.8,3.11,0.05,3.11,40.73434,-111.87211,21.9,41.3,870.2,187.65,0.2
25500.0,1309.9,3.36,0.05,3.36,40.73434,-111.87211,21.9,41.6,870.2,336.33,0.3
25560.0,1309.8,3.27,0.04,3.27,40.73434,-111.87211,21.9,41.6,870.2,74.68,0.2
25620.0,1309.7,4.04,0.06,4.04,40.73434,-111.87211,21.9,41.5,870.2,43.33,0.2
25680.0,1309.7,4.03,0.05,4.03,40.73434,-111.87211,21.9,41.5,870.2,38.77,0.1
25740.0,1309.8,3.75,0.04,3.75,40.73434,-111.87211,21.9,41.4,870.2,110.06,0.6
25800.0,1309.9,3.42,0.05,3.42,40.73434,-111.87211,21.8,42.1,870.3,165.34,1.0
25860.0,1310.0,2.63,0.05,2.63,40.73434,-111.87211,21.9,42.3,870.4,184.54,1.2
25920.0,1309.9,1.98,0.05,1.98,40.73434,-111.87211,21.9,42.5,870.5,179.93,1.4
25980.0,1309.7,2.23,0.05,2.23,40.73434,-111.87211,21.9,42.5,870.6,196.14,1.2
26040.0,1309.6,3.25,0.05,3.25,40.73434,-111.87211,22.0,42.3,870.6,163.03,0.3
26100.0,1309.4,3.85,0.05,3.85,40.73434,-111.87211,21.9,42.5,870.6,142.55,0.9
26160.0,1309.4,3.86,0.05,3.86,40.73434,-111.87211,21.8,42.6,870.6,128.18,0.6
26220.0,1309.2,3.15,0.05,3.15,40.73434,-111.87211,21.8,43.0,870.6,156.18,0.9
26280.0,1309.5,2.52,0.05,2.52,40.73434,-111.87211,21.8,42.9,870.6,146.54,0.9
26340.0,1309.5,2.54,0.05,2.54,40.73434,-111.87211,21.8,43.1,870.6,136.38,1.1
26400.0,1309.3,2.30,0.05,2.30,40.73434,-111.87211,21.7,43.4,870.6,145.37,1.5
26460.0,1309.1,2.72,0.05,2.72,40.73434,-111.87211,21.7,43.8,870.6,152.47,1.6
26520.0,1308.9,3.15,0.05,3.15,40.73434,-111.87211,21.7,44.0,870.7,154.89,1.4
26580.0,1309.0,3.80,0.05,3.80,40.73434,-111.87211,21.6,44.1,870.7,143.58,1.8
26640.0,1309.0,4.07,0.05,4.07,40.73434,-111.87211,21.6,44.6,870.7,142.68,1.9
26700.0,1309.1,3.60,0.05,3.60,40.73434,-111.87211,21.5,44.8,870.7,137.49,1.8
26760.0,1309.2,3.60,0.05,3.60,40.73434,-111.87211,21.4,44.7,870.6,134.09,1.4
26820.0,1308.7,3.70,0.05,3.70,40.73434,-111.87211,21.3,44.9,870.6,120.98,1.3
26880.0,1308.5,4.15,0.05,4.15,40.73434,-111.87211,21.3,44.7,870.5,111.50,1.0
26940.0,1308.6,3.66,0.05,3.66,40.73434,-111.87211,21.2,44.5,870.5,115.50,0.7
27000.0,1308.7,3.50,0.05,3.50,40.73434,-111.87211,21.3,44.4,870.5,112.04,0.8
27060.0,1308.7,3.61,0.05,3.61,40.73434,-111.87211,21.3,44.2,870.5,105.00,0.7
27120.0,1309.2,3.33,0.05,3.33,40.73434,-111.87211,21.2,44.2,870.6,113.19,0.9
27180.0,1309.3,2.95,0.05,2.95,40.73434,-111.87211,21.2,44.4,870.7,125.37,1.3
27240.0,1309.3,3.18,0.06,3.18,40.73434,-111.87211,21.2,44.5,870.7,138.51,1.5
27300.0,1309.2,3.04,0.06,3.04,40.73434,-111.87211,21.2,44.9,870.8,148.78,1.9
27360.0,1309.1,3.63,0.06,3.63,40.73434,-111.87211,21.2,44.9,870.8,133.87,1.7
27420.0,1309.2,3.95,0.06,3.95,40.73434,-111.87211,21.2,45.1,870.8,124.14,1.3
27480.0,1309.2,3.58,0.05,3.58,40.73434,-111.87211,21.2,45.2,870.7,110.10,1.2
27540.0,1308.7,3.39,0.05,3.39,40.73434,-111.87211,21.2,44.8,870.6,102.20,0.9
27600.0,1308.5,3.42,0.05,3.42,40.73434,-111.87211,21.2,44.8,870.5,75.75,0.4
27660.0,1308.5,3.06,0.04,3.06,40.73434,-111.87211,21.2,45.3,870.4,42.01,0.5
27720.0,1308.6,3.40,0.04,3.40,40.73434,-111.87211,21.1,46.0,870.3,39.57,0.5
27780.0,1308.6,3.34,0.04,3.34,40.73434,-111.87211,21.2,46.2,870.3,87.82,0.4
27840.0,1308.7,3.74,0.05,3.74,40.73434,-111.87211,21.2,46.7,870.3,144.85,0.4
27900.0,1308.7,3.22,0.04,3.22,40.73434,-111.87211,21.1,46.5,870.4,157.93,1.2
27960.0,1308.6,3.16,0.06,3.16,40.73434,-111.87211,21.0,47.3,870.5,159.94,2.5
28020.0,1308.5,2.77,0.04,2.77,40.73434,-111.87211,21.0,47.4,870.7,166.52,3.0
28080.0,1308.6,2.17,0.05,2.17,40.73434,-111.87211,21.0,48.0,870.7,158.42,2.5
28140.0,1308.7,1.84,0.05,1.84,40.73434,-111.87211,21.0,48.2,870.7,148.14,1.4
28200.0,1308.7,2.26,0.05,2.26,40.73434,-111.87211,21.1,47.7,870.7,114.81,0.4
28260.0,1308.8,2.71,0.04,2.71,40.73434,-111.87211,21.1,47.9,870.7,86.67,0.5
28320.0,1308.7,2.27,0.04,2.27,40.73434,-111.87211,21.1,47.2,870.8,101.48,0.3
28380.0,1308.5,2.65,0.05,2.65,40.73434,-111.87211,21.2,47.4,870.9,157.90,0.6
28440.0,1308.7,3.10,0.05,3.10,40.73434,-111.87211,21.2,47.5,870.9,197.06,1.2
28500.0,1308.7,3.40,0.04,3.40,40.73434,-111.87211,21.2,48.0,871.0,196.49,1.5
28560.0,1308.8,3.78,0.05,3.78,40.73434,-111.87211,21.2,48.1,871.0,151.44,0.7
28620.0,1308.7,3.64,0.05,3.64,40.73434,-111.87211,21.3,47.6,871.0,131.96,0.7
28680.0,1308.3,3.49,0.04,3.49,40.73434,-111.87211,21.3,47.3,871.0,106.22,0.1
28740.0,1308.1,3.37,0.05,3.37,40.73434,-111.87211,21.3,46.9,871.0,97.84,0.2
28800.0,1308.3,3.31,0.05,3.31,40.73434,-111.87211,21.2,46.9,870.9,64.51,0.4
28860.0,1308.2,3.20,0.05,3.20,40.73434,-111.87211,21.2,46.9,870.9,75.96,0.5
28920.0,1308.3,3.17,0.05,3.17,40.73434,-111.87211,21.2,46.7,870.9,85.30,0.5
28980.0,1308.4,3.01,0.04,3.01,40.73434,-111.87211,21.2,46.2,870.9,98.53,0.5
29040.0,1308.4,2.57,0.04,2.57,40.73434,-111.87211,21.2,46.0,871.0,98.91,0.4
29100.0,1308.6,2.44,0.05,2.44,40.73434,-111.87211,21.2,45.8,871.0,102.69,0.5
29160.0,1308.5,2.25,0.04,2.25,40.73434,-111.87211,21.2,45.9,871.0,65.88,0.5
29220.0,1308.6,2.32,0.05,2.32,40.73434,-111.87211,21.2,45.9,871.0,63.91,0.4
29280.0,1308.6,2.20,0.05,2.20,40.73434,-111.87211,21.2,45.7,871.0,83.39,0.5
29340.0,1308.6,2.40,0.04,2.40,40.73434,-111.87211,21.2,45.4,871.0,100.40,0.5
29400.0,1308.8,2.34,0.05,2.34,40.73434,-111.87211,21.2,46.0,871.0,111.02,0.9
29460.0,1308.7,2.70,0.05,2.70,40.73434,-111.87211,21.2,46.1,871.0,107.29,1.0
29520.0,1308.6,3.20,0.05,3.20,40.73434,-111.87211,21.2,45.9,871.0,98.42,0.7
29580.0,1308.8,3.73,0.05,3.73,40.73434,-111.87211,21.2,45.4,871.0,56.05,0.3
29640.0,1309.1,3.64,0.05,3.64,40.73434,-111.87211,21.2,45.7,871.1,67.18,0.4
29700.0,1308.9,2.97,0.05,2.97,40.73434,-111.87211,21.2,45.6,871.1,68.05,0.4
29760.0,1308.7,3.00,0.06,3.00,40.73434,-111.87211,21.2,45.5,871.0,80.29,0.5
29820.0,1308.4,3.03,0.06,3.03,40.73434,-111.87211,21.1,45.2,871.0,57.65,0.6
29880.0,1308.3,3.35,0.05,3.35,40.73434,-111.87211,21.2,45.0,870.9,110.99,0.6
29940.0,1308.3,3.24,0.05,3.24,40.73434,-111.87211,21.2,45.2,870.9,111.01,0.6
30000.0,1308.4,2.90,0.05,2.90,40.73434,-111.87211,21.2,44.9,870.9,110.67,0.8
30060.0,1308.5,3.14,0.05,3.14,40.73434,-111.87211,21.1,45.7,870.8,110.88,1.4
30120.0,1308.5,3.43,0.05,3.43,40.73434,-111.87211,21.0,46.0,870.8,113.59,2.0
30180.0,1308.6,2.61,0.05,2.61,40.73434,-111.87211,20.9,46.5,870.8,113.39,1.9
30240.0,1308.5,2.26,0.05,2.26,40.73434,-111.87211,20.9,46.9,870.7,124.62,2.0
30300.0,1308.4,2.61,0.05,2.61,40.73434,-111.87211,20.8,47.3,870.7,124.93,2.2
30360.0,1308.3,1.90,0.04,1.90,40.73434,-111.87211,20.6,47.7,870.7,119.35,2.6
30420.0,1308.5,2.06,0.04,2.06,40.73434,-111.87211,20.6,48.1,870.8,119.69,2.9
30480.0,1308.5,2.47,0.04,2.47,40.73434,-111.87211,20.6,48.4,870.8,120.58,2.0
30540.0,1308.6,2.51,0.04,2.51,40.73434,-111.87211,20.5,48.7,870.8,127.42,2.9
30600.0,1308.7,2.42,0.05,2.42,40.73434,-111.87211,20.4,48.7,870.8,125.06,3.0
30660.0,1308.6,2.59,0.05,2.59,40.73434,-111.87211,20.4,48.8,870.7,126.29,3.3
30720.0,1308.5,3.12,0.05,3.12,40.73434,-111.87211,20.4,48.8,870.7,123.28,2.9
30780.0,1308.6,3.42,0.05,3.42,40.73434,-111.87211,20.3,48.6,870.6,113.54,3.4
30840.0,1308.7,3.39,0.05,3.39,40.73434,-111.87211,20.3,48.5,870.6,118.59,3.4
30900.0,1308.7,3.74,0.05,3.74,40.73434,-111.87211,20.3,48.5,870.6,116.41,2.2
30960.0,1308.7,3.82,0.05,3.82,40.73434,-111.87211,20.3,48.4,870.6,120.71,2.4
31020.0,1308.6,3.46,0.05,3.46,40.73434,-111.87211,20.3,48.3,870.6,116.79,2.8
31080.0,1308.6,3.47,0.05,3.47,40.73434,-111.87211,20.3,48.1,870.6,125.20,3.3
31140.0,1308.6,3.45,0.05,3.45,40.73434,-111.87211,20.3,47.9,870.6,131.22,3.3
31200.0,1308.6,3.74,0.05,3.74,40.73434,-111.87211,20.3,47.3,870.6,137.55,3.6
31260.0,1308.5,3.71,0.06,3.71,40.73434,-111.87211,20.4,46.9,870.6,136.52,2.7
31320.0,1308.5,3.77,0.05,3.77,40.73434,-111.87211,20.4,46.2,870.7,136.45,2.0
31380.0,1308.5,3.61,0.05,3.61,40.73434,-111.87211,20.6,45.9,870.8,254.92,0.2
31440.0,1308.5,3.67,0.04,3.67,40.73434,-111.87211,20.6,46.2,870.9,301.02,0.8
31500.0,1308.4,3.65,0.05,3.65,40.73434,-111.87211,20.7,46.4,870.9,277.61,0.7
31560.0,1308.4,3.14,0.05,3.14,40.73434,-111.87211,20.8,46.5,870.9,168.91,0.1
31620.0,1308.4,3.61,0.06,3.61,40.73434,-111.87211,20.9,46.3,870.9,208.96,0.5
31680.0,1308.3,3.80,0.04,3.80,40.73434,-111.87211,21.1,45.7,870.9,154.13,0.3
31740.0,1308.4,3.84,0.04,3.84,40.73434,-111.87211,21.2,45.4,870.8,164.66,1.1
31800.0,1308.5,3.89,0.04,3.89,40.73434,-111.87211,21.2,45.8,870.7,141.12,2.4
31860.0,1308.4,4.02,0.04,4.02,40.73434,-111.87211,21.1,45.7,870.6,132.99,2.0
31920.0,1308.5,4.16,0.05,4.16,40.73434,-111.87211,21.1,45.8,870.6,127.83,1.7
31980.0,1308.5,3.51,0.05,3.51,40.73434,-111.87211,21.1,45.5,870.7,126.07,0.9
32040.0,1308.5,3.38,0.05,3.38,40.73434,-111.87211,21.1,45.5,870.7,61.99,0.3
32100.0,1308.5,3.08,0.05,3.08,40.73434,-111.87211,21.2,45.4,870.8,57.98,0.3
32160.0,1308.6,2.87,0.05,2.87,40.73434,-111.87211,21.1,45.3,870.8,53.56,0.3
32220.0,1308.6,2.68,0.05,2.68,40.73434,-111.87211,21.1,45.4,870.9,51.55,0.4
32280.0,1308.6,2.89,0.04,2.89,40.73434,-111.87211,21.2,45.2,870.9,58.10,0.1
32340.0,1308.7,3.01,0.05,3.01,40.73434,-111.87211,21.2,44.8,870.9,79.38,0.3
32400.0,1308.7,3.10,0.04,3.10,40.73434,-111.87211,21.2,44.6,870.8,221.44,0.1
32460.0,1308.6,2.64,0.05,2.64,40.73434,-111.87211,21.2,44.5,870.8,155.09,0.2
32520.0,1308.5,1.80,0.05,1.80,40.73434,-111.87211,21.3,44.4,870.8,131.94,0.5
32580.0,1308.5,1.52,0.05,1.52,40.73434,-111.87211,21.4,43.9,870.7,139.88,0.6
32640.0,1308.4,1.70,0.04,1.70,40.73434,-111.87211,21.4,43.8,870.7,140.64,1.3
32700.0,1308.4,1.77,0.05,1.77,40.73434,-111.87211,21.4,43.9,870.7,142.12,1.8
32760.0,1308.4,1.96,0.05,1.96,40.73434,-111.87211,21.3,44.3,870.7,128.95,1.6
32820.0,1308.4,2.32,0.04,2.32,40.73434,-111.87211,21.2,44.9,870.7,114.35,1.8
32880.0,1308.5,2.24,0.04,2.24,40.73434,-111.87211,21.1,44.9,870.8,124.51,1.4
32940.0,1308.5,2.59,0.04,2.59,40.73434,-111.87211,21.1,44.8,870.8,129.94,1.3
33000.0,1308.5,2.28,0.05,2.28,40.73434,-111.87211,21.1,45.0,870.8,135.89,1.0
33060.0,1308.6,2.00,0.05,2.00,40.73434,-111.87211,21.1,45.0,870.8,133.47,0.7
33120.0,1308.8,2.57,0.05,2.57,40.73434,-111.87211,21.1,45.1,870.8,81.12,0.2
33180.0,1308.8,2.55,0.04,2.55,40.73434,-111.87211,21.0,44.9,870.8,82.14,0.7
33240.0,1308.9,1.86,0.05,1.86,40.73434,-111.87211,20.9,45.2,870.9,101.10,0.9
33300.0,1309.0,2.11,0.05,2.11,40.73434,-111.87211,20.8,45.2,870.9,109.11,0.9
33360.0,1309.0,3.04,0.05,3.04,40.73434,-111.87211,20.7,45.4,870.8,112.67,1.2
33420.0,1309.1,3.10,0.05,3.10,40.73434,-111.87211,20.6,45.7,870.8,115.61,1.6
33480.0,1308.8,2.82,0.05,2.82,40.73435,-111.87211,20.5,46.0,870.8,109.36,1.4
33540.0,1308.9,3.26,0.05,3.26,40.73435,-111.87211,20.4,45.8,870.7,119.27,1.7
33600.0,1309.1,3.45,0.05,3.45,40.73435,-111.87211,20.4,45.9,870.6,122.78,2.0
33660.0,1309.3,3.14,0.05,3.14,40.73435,-111.87211,20.4,46.1,870.6,119.03,2.0
33720.0,1309.5,2.92,0.05,2.92,40.73435,-111.87211,20.3,46.0,870.6,119.68,1.3
33780.0,1309.2,3.10,0.06,3.10,40.73435,-111.87211,20.3,45.9,870.7,121.22,1.0
33840.0,1308.9,3.44,0.04,3.44,40.73435,-111.87211,20.4,45.8,870.7,108.42,0.5
33900.0,1308.8,3.54,0.05,3.54,40.73435,-111.87211,20.3,46.0,870.7,50.93,0.2
33960.0,1309.0,3.26,0.05,3.26,40.73435,-111.87211,20.3,46.1,870.7,18.62,0.2
34020.0,1308.9,2.96,0.05,2.96,40.73435,-111.87211,20.3,46.2,870.7,340.81,0.1
34080.0,1308.9,2.86,0.06,2.86,40.73435,-111.87212,20.4,46.3,870.7,73.37,0.1
34140.0,1308.9,3.12,0.04,3.12,40.73435,-111.87212,20.4,46.1,870.7,100.02,0.3
34200.0,1309.0,3.06,0.05,3.06,40.73435,-111.87212,20.4,46.0,870.7,114.04,0.7
34260.0,1309.1,3.03,0.06,3.03,40.73435,-111.87212,20.4,46.1,870.8,140.62,0.8
34320.0,1309.1,3.28,0.05,3.28,40.73435,-111.87211,20.4,46.3,870.8,145.64,1.1
34380.0,1309.1,3.46,0.05,3.46,40.73435,-111.87211,20.4,46.3,870.8,125.49,1.2
34440.0,1309.2,3.21,0.05,3.21,40.73435,-111.87211,20.4,46.4,870.8,116.16,0.8
34500.0,1309.3,3.74,0.05,3.74,40.73435,-111.87211,20.3,46.4,870.8,100.19,0.6
34560.0,1309.2,3.66,0.05,3.66,40.73435,-111.87211,20.3,46.2,870.8,68.05,0.4
34620.0,1309.2,3.63,0.05,3.63,40.73435,-111.87211,20.1,46.1,870.8,73.76,0.5
34680.0,1309.2,3.67,0.05,3.67,40.73435,-111.87211,20.2,46.1,870.8,74.79,0.5
34740.0,1309.2,4.22,0.04,4.22,40.73435,-111.87211,20.1,46.0,870.8,97.45,0.4
34800.0,1309.2,4.10,0.04,4.10,40.73435,-111.87211,20.1,46.1,870.8,107.34,0.6
34860.0,1309.1,3.64,0.05,3.64,40.73435,-111.87211,20.1,46.1,870.8,113.76,0.6
34920.0,1309.2,3.57,0.04,3.57,40.73434,-111.87211,20.0,46.1,870.8,105.71,0.7
34980.0,1309.2,3.64,0.05,3.64,40.73434,-111.87211,20.0,46.0,870.8,112.43,0.9
35040.0,1309.1,3.00,0.04,3.00,40.73434,-111.87211,20.0,46.3,870.8,117.45,0.9
35100.0,1309.2,3.22,0.05,3.22,40.73434,-111.87211,20.0,46.5,870.7,130.01,1.1
35160.0,1309.3,2.96,0.05,2.96,40.73434,-111.87211,20.0,46.9,870.7,118.28,0.7
35220.0,1309.3,2.41,0.05,2.41,40.73434,-111.87211,20.0,46.8,870.7,61.83,0.2
35280.0,1309.3,2.31,0.05,2.31,40.73434,-111.87211,20.0,47.2,870.8,30.99,0.1
35340.0,1309.4,3.30,0.05,3.30,40.73434,-111.87211,20.1,46.8,870.8,28.59,0.2
35400.0,1309.2,3.51,0.05,3.51,40.73434,-111.87211,20.0,47.1,870.8,59.49,0.1
35460.0,1309.1,3.47,0.06,3.47,40.73434,-111.87211,20.0,47.0,870.8,50.66,0.2
35520.0,1309.2,3.53,0.05,3.53,40.73434,-111.87211,20.1,46.8,870.8,112.71,0.4
35580.0,1309.4,4.37,0.05,4.37,40.73434,-111.87211,20.1,46.7,870.9,118.15,0.3
35640.0,1309.3,4.50,0.05,4.50,40.73434,-111.87211,20.1,46.5,870.9,121.85,0.3
35700.0,1309.1,4.03,0.05,4.03,40.73434,-111.87211,20.0,46.5,870.9,107.17,0.7
35760.0,1309.1,3.81,0.05,3.81,40.73434,-111.87211,19.9,46.7,870.9,108.67,0.7
35820.0,1309.2,4.02,0.05,4.02,40.73434,-111.87211,19.9,46.8,870.9,104.63,0.5
35880.0,1309.1,4.04,0.05,4.04,40.73434,-111.87211,19.9,46.7,870.9,116.97,0.3
35940.0,1309.1,3.93,0.05,3.93,40.73434,-111.87211,19.8,46.7,870.9,109.29,0.7
36000.0,1309.1,3.16,0.05,3.16,40.73434,-111.87211,19.8,46.9,870.9,114.60,0.7
36060.0,1309.2,2.81,0.05,2.81,40.73434,-111.87211,19.7,47.0,870.9,118.49,0.8
36120.0,1309.3,3.06,0.05,3.06,40.73434,-111.87211,19.7,47.2,870.9,119.12,0.8
36180.0,1309.3,3.03,0.05,3.03,40.73434,-111.87211,19.6,47.4,870.9,114.24,0.8
36240.0,1309.5,2.72,0.05,2.72,40.73434,-111.87211,19.6,47.4,870.9,115.62,0.8
36300.0,1309.9,2.75,0.05,2.75,40.73434,-111.87211,19.6,47.6,870.9,115.53,1.0
36360.0,1310.2,3.52,0.05,3.52,40.73433,-111.87211,19.5,47.9,870.9,114.96,0.9
36420.0,1310.2,3.31,0.05,3.31,40.73433,-111.87211,19.5,48.2,870.9,112.36,0.9
36480.0,1310.3,3.22,0.06,3.22,40.73433,-111.87211,19.4,48.2,870.9,110.42,0.8
36540.0,1310.3,3.03,0.05,3.03,40.73434,-111.87211,19.4,48.3,870.9,107.14,0.8
36600.0,1310.5,3.42,0.05,3.42,40.73433,-111.87211,19.3,48.1,870.9,81.13,0.5
36660.0,1310.4,3.35,0.05,3.35,40.73434,-111.87211,19.3,48.2,870.9,74.97,0.5
36720.0,1310.6,2.85,0.05,2.85,40.73433,-111.87211,19.2,48.2,870.9,73.97,0.5
36780.0,1310.7,3.34,0.06,3.34,40.73433,-111.87211,19.1,48.4,870.9,63.48,0.4
36840.0,1310.8,3.41,0.06,3.41,40.73433,-111.87211,19.1,48.4,870.9,103.01,0.7
36900.0,1310.8,3.33,0.05,3.33,40.73433,-111.87211,19.0,48.7,871.0,109.94,0.7
36960.0,1310.6,3.35,0.05,3.35,40.73433,-111.87211,19.0,48.8,871.0,105.61,0.7
37020.0,1310.7,3.01,0.05,3.01,40.73433,-111.87211,18.9,48.8,871.0,105.68,0.7
37080.0,1310.8,2.26,0.06,2.26,40.73433,-111.87211,18.9,49.0,871.0,107.53,0.7
37140.0,1310.7,2.16,0.06,2.16,40.73433,-111.87211,18.9,49.1,871.1,115.45,0.8
37200.0,1310.6,1.77,0.06,1.77,40.73434,-111.87211,18.9,49.3,871.1,111.11,0.6
37260.0,1310.2,1.70,0.06,1.70,40.73434,-111.87211,18.9,49.0,871.1,80.23,0.5
37320.0,1310.1,2.24,0.05,2.24,40.73434,-111.87211,18.9,49.1,871.1,90.50,0.5
37380.0,1310.2,2.07,0.05,2.07,40.73434,-111.87211,18.8,49.3,871.1,79.03,0.5
37440.0,1310.2,2.61,0.06,2.61,40.73434,-111.87211,18.8,49.2,871.1,96.08,0.5
37500.0,1310.2,2.62,0.05,2.62,40.73434,-111.87211,18.8,49.2,871.1,99.90,0.5
37560.0,1309.8,2.70,0.06,2.70,40.73434,-111.87211,18.8,49.3,871.1,93.83,0.5
37620.0,1309.6,2.97,0.06,2.97,40.73434,-111.87211,18.8,49.4,871.1,83.11,0.5
