CampaignData_and_Merges/R0/CSL_MobileLab_Parked/raw/20240728/USOS-NOAAIodideCIMS-OrgNitrs_MobileLabGround_20240728_RA.ict
37, 1001
Michael A Robinson, Chris Jernigan, Subi Thakali
NOAA ESRL Chemical Sciences Laboratory and CIRES, U. of Colorado
NOAA Iodide CIMS Instrument
USOS
1, 1
2024, 07, 28, 2024, 07, 29
1
starttime_UTC, seconds_past_midnight, seconds_of_day_since_00:00:00_UTC
5
1, 1, 1, 1, 1
-9999, -9999, -9999, -9999, -9999
C4H7NO5_NOAACIMS, pptv, Gas_C4H7NO5_InSitu_S_AVMR, 
ISOPN_NOAACIMS, pptv, Gas_ISOPN_InSitu_S_AVMR, 
C5H10O3_NOAACIMS, pptv, Gas_C5H10O3_InSitu_S_AVMR, 
C5H9NO5_NOAACIMS, pptv, Gas_C5H9NO5_InSitu_S_AVMR, 
C10H17NO4_NOAACIMS, pptv, Gas_C10H17NO4_InSitu_S_AVMR, 
0
18
PI_CONTACT_INFO: 325 Broadway, R/CSD 7, Boulder, Colorado 80305; michael.a.robinson@noaa.gov; chris.jernigan@noaa.gov;
PLATFORM: NOAA CSL Mobile Lab
LOCATION: SLC, Utah
ASSOCIATED_DATA: 1Hz data also available on request.
INSTRUMENT_INFO: NOAA I- ToF CIMS
DATA_INFO: All data in parts per trillion by volume (pptv). 1 Hz data is available upon request.
UNCERTAINTY: TBD
ULOD_FLAG: -7777
ULOD_VALUE: N/A
LLOD_FLAG: -8888
LLOD_VALUE: N/A
DM_CONTACT_INFO: Nathan Howard; nathan.h.howard@noaa.gov
PROJECT_INFO: USOS, summer 2024. https://csl.noaa.gov/groups/csl7/measurements/2024usos/
STIPULATIONS_ON_USE: Users are strongly encouraged to contact the PI for proper data usage.
OTHER_COMMENTS: 
REVISION: RA
RA: Preliminary Data; For in-field use only
starttime_UTC, C4H7NO5_NOAACIMS, ISOPN_NOAACIMS, C5H10O3_NOAACIMS, C5H9NO5_NOAACIMS, C10H17NO4_NOAACIMS
[from data line 339]
 20340,  2.115,  1.977, 21.427,  5.533,  0.810
 20400,  2.123,  1.714, 21.210,  5.658,  0.768
 20460,  2.227,  1.818, 21.693,  5.758,  0.690
 20520,  2.153,  1.725, 18.738,  5.490,  0.692
 20580,  2.205,  1.930, 18.971,  5.608,  0.733
 20640,  2.217,  1.892, 22.219,  5.490,  0.768
 20700,  2.241,  1.584, 21.052,  5.365,  0.708
 20760,  2.302,  1.681, 19.321,  5.285,  0.684
 20820,  2.395,  1.850, 20.176,  5.446,  0.692
 20880,  2.452,  2.020, 17.475,  5.208,  0.596
 20940,  2.545,  1.888, 16.954,  5.437,  0.637
 21000,  2.515,  2.470, 18.662,  5.335,  0.552
 21060,  2.625,  2.208, 17.943,  5.155,  0.618
 21120,  2.560,  2.228, 16.061,  4.877,  0.596
 21180,  2.524,  2.370, 16.996,  4.698,  0.614
 21240,  2.563,  2.401, 15.518,  4.714,  0.602
 21300,  2.630,  2.338, 14.548,  4.934,  0.553
 21360,  2.598,  2.626, 17.603,  4.802,  0.641
 21420,  2.560,  2.415, 17.335,  4.690,  0.581
 21480,  2.522,  2.851, 12.176,  4.331,  0.410
 21540,  2.527,  2.688, 13.504,  4.451,  0.391
 21600,  2.602,  2.768, 14.322,  4.573,  0.509
 21660,  2.632,  2.681, 14.711,  4.723,  0.412
 21720,  2.589,  2.705, 14.710,  4.615,  0.473
 21780,  2.624,  2.660, 14.735,  4.504,  0.436
 21840,  2.647,  2.769, 13.014,  4.324,  0.445
 21900,  2.643,  2.754, 14.802,  4.439,  0.400
 21960,  2.732,  2.808, 13.739,  4.435,  0.417
 22020,  2.768,  2.707, 15.245,  4.699,  0.527
 22080,  2.736,  2.883, 17.266,  4.648,  0.545
 22140,  2.792,  2.963, 16.358,  4.879,  0.597
 22200,  2.644,  2.344, 15.795,  4.812,  0.688
 22260,  2.380,  2.321, 18.344,  4.778,  0.860
 22320,  2.357,  2.310, 19.029,  4.922,  0.833
 22380,  2.345,  2.183, 19.844,  5.000,  0.799
 22440,  2.306,  2.232, 21.270,  4.825,  0.877
 22500,  2.267,  1.997, 20.597,  5.170,  0.850
 22560,  2.292,  1.865, 19.496,  5.066,  0.890
 22620,  2.269,  1.809, 19.906,  4.857,  0.864
 22680,  2.134,  1.731, 21.330,  5.030,  1.010
 22740,  2.165,  1.860, 20.536,  4.986,  0.996
 22800,  2.165,  1.818, 21.459,  4.851,  1.051
 22860,  2.095,  1.699, 20.682,  4.999,  0.965
 22920,  2.046,  1.735, 19.177,  4.771,  0.924
 22980,  2.019,  1.691, 18.281,  4.980,  0.838
 23040,  2.039,  1.766, 20.974,  4.967,  0.956
 23100,  2.023,  1.819, 19.986,  5.020,  0.970
 23160,  2.076,  1.524, 20.113,  4.713,  0.927
 23220,  2.073,  1.671, 20.544,  4.882,  0.972
 23280,  1.897,  2.429, 16.831,  4.442,  1.161
 23340,  1.888,  1.439, 15.364,  4.476,  0.757
 23400,  2.011,  1.848, 17.690,  4.707,  0.832
 23460,  1.988,  1.519, 18.315,  4.921,  0.998
 23520,  2.088,  1.615, 19.014,  4.991,  0.928
 23580,  2.041,  1.575, 19.563,  4.940,  1.064
 23640,  2.027,  1.494, 17.943,  4.929,  0.944
 23700,  2.061,  1.403, 18.052,  4.901,  0.796
 23760,  2.078,  1.667, 19.611,  4.855,  0.981
 23820,  2.087,  1.645, 18.615,  4.919,  0.987
 23880,  2.048,  1.611, 19.556,  4.725,  0.896
 23940,  2.076,  1.718, 19.963,  4.976,  0.915
 24000,  2.015,  1.546, 17.755,  4.535,  1.023
 24060,  1.913,  1.619, 17.302,  4.319,  1.118
 24120,  1.903,  1.587, 18.534,  4.120,  1.091
 24180,  1.881,  1.421, 17.552,  4.189,  1.170
 24240,  1.952,  1.444, 17.522,  4.028,  1.093
 24300,  1.837,  1.461, 19.073,  3.877,  1.136
 24360,  1.811,  1.520, 16.295,  3.809,  1.032
 24420,  1.718,  1.257, 15.979,  3.721,  0.807
 24480,  1.739,  1.359, 18.135,  3.550,  0.852
 24540,  1.694,  0.956, 15.729,  3.233,  0.722
 24600,  1.642,  0.775, 15.369,  3.531,  0.561
 24660,  1.665,  1.365, 16.393,  3.225,  0.772
 24720,  1.737,  1.135, 15.001,  3.525,  0.740
 24780,  1.713,  1.026, 14.742,  3.474,  0.825
 24840,  1.754,  1.288, 16.890,  3.570,  0.752
 24900,  1.736,  1.366, 17.664,  3.537,  0.728
 24960,  1.731,  1.359, 15.961,  3.480,  0.676
 25020,  1.739,  1.332, 16.319,  3.420,  0.777
 25080,  1.719,  1.296, 16.874,  3.420,  0.623
 25140,  1.747,  1.375, 16.230,  3.442,  0.681
 25200,  1.683,  1.293, 15.454,  3.354,  0.564
 25260,  1.745,  1.346, 15.154,  3.472,  0.580
 25320,  1.667,  1.062, 14.116,  3.457,  0.641
 25380,  1.716,  1.301, 13.099,  3.413,  0.468
 25440,  1.732,  1.366, 16.185,  3.363,  0.636
 25500,  1.782,  1.166, 16.327,  3.523,  0.707
 25560,  1.735,  1.146, 15.596,  3.527,  0.557
 25620,  1.693,  1.320, 15.431,  3.474,  0.689
 25680,  1.784,  1.297, 14.307,  3.295,  0.630
 25740,  1.739,  1.295, 14.506,  3.496,  0.657
 25800,  1.684,  1.245, 17.408,  3.411,  0.812
 25860,  1.678,  1.209, 15.708,  3.453,  0.762
 25920,  1.693,  1.163, 14.636,  3.555,  0.753
 25980,  1.713,  1.222, 15.441,  3.456,  0.719
 26040,  1.696,  1.147, 16.086,  3.446,  0.808
 26100,  1.700,  1.292, 16.046,  3.260,  0.843
 26160,  1.706,  1.431, 16.086,  3.338,  0.771
 26220,  1.690,  1.246, 16.059,  3.460,  0.881
 26280,  1.681,  0.973, 13.777,  3.344,  0.734
 26340,  1.651,  1.308, 14.942,  3.508,  0.836
 26400,  1.721,  1.387, 16.764,  3.509,  0.900
 26460,  1.639,  1.080, 16.347,  3.402,  1.004
 26520,  1.665,  1.022, 14.776,  3.262,  1.039
 26580,  1.707,  1.145, 14.408,  3.245,  1.048
 26640,  1.672,  1.241, 15.998,  3.452,  1.135
 26700,  1.666,  1.298, 15.338,  3.248,  1.085
 26760,  1.653,  1.117, 15.373,  3.262,  0.995
 26820,  1.651,  1.105, 14.816,  3.239,  0.962
 26880,  1.639,  1.152, 13.148,  3.301,  0.903
 26940,  1.644,  1.110, 13.119,  3.381,  0.732
 27000, -9999.000, -9999.000, -9999.000, -9999.000, -9999.000
 27060,  1.659,  1.186, 13.611,  3.336,  0.760
 27120,  1.661,  1.147, 13.036,  3.171,  0.758
 27180,  1.666,  1.070, 13.518,  3.393,  0.876
 27240,  1.671,  0.941, 14.458,  3.366,  0.889
 27300,  1.707,  1.220, 14.855,  3.382,  0.768
 27360,  1.672,  1.230, 14.118,  3.408,  0.757
 27420,  1.716,  1.141, 14.943,  3.372,  0.769
 27480,  1.664,  0.965, 13.512,  3.289,  0.822
 27540,  1.648,  1.054, 13.212,  3.295,  0.817
 27600,  1.739,  1.232, 16.719,  3.362,  0.896
 27660,  1.758,  1.243, 17.332,  3.595,  0.976
 27720,  1.801,  1.157, 15.396,  3.648,  0.869
 27780,  1.799,  1.275, 16.520,  3.778,  0.826
 27840,  1.878,  1.281, 17.666,  4.004,  0.854
 27900,  1.907,  1.529, 17.115,  4.082,  0.944
 27960,  1.996,  1.213, 17.389,  4.125,  0.836
 28020,  1.994,  1.254, 17.923,  4.127,  0.850
 28080,  2.063,  1.428, 16.187,  4.230,  0.785
 28140,  2.048,  1.215, 16.314,  4.252,  0.725
 28200,  2.177,  1.204, 18.738,  4.631,  0.797
 28260,  2.388,  1.580, 19.164,  5.061,  0.831
 28320,  2.423,  1.534, 17.545,  5.122,  0.792
 28380,  2.421,  1.406, 17.257,  5.216,  0.729
 28440,  2.338,  1.167, 18.335,  5.000,  0.747
 28500,  2.260,  1.404, 18.535,  4.820,  0.775
 28560,  2.401,  1.441, 18.789,  5.217,  0.745
 28620,  2.397,  1.308, 19.689,  5.000,  0.788
 28680,  2.407,  1.340, 18.461,  5.113,  0.666
 28740,  2.513,  1.347, 18.352,  5.142,  0.741
 28800,  2.540,  1.419, 19.127,  5.254,  0.848
 28860, -9999.000, -9999.000, -9999.000, -9999.000, -9999.000
 28920,  2.523,  1.345, 18.089,  5.141,  0.739
 28980,  2.517,  1.326, 17.890,  5.224,  0.763
 29040,  2.513,  1.388, 19.997,  5.285,  0.632
 29100,  2.513,  1.235, 19.407,  5.394,  0.728
 29160,  2.499,  1.603, 20.279,  5.160,  0.899
 29220,  2.557,  1.544, 20.214,  5.395,  0.826
 29280,  2.497,  1.368, 19.130,  5.373,  0.736
 29340,  2.546,  1.428, 19.210,  5.380,  0.866
 29400,  2.436,  1.204, 21.414,  5.181,  0.999
 29460,  2.460,  1.408, 21.163,  5.213,  0.797
 29520,  2.397,  1.302, 20.020,  5.274,  0.803
 29580,  2.401,  1.303, 19.082,  4.970,  0.728
 29640,  2.455,  1.598, 20.174,  5.061,  0.808
 29700,  2.458,  1.510, 20.662,  4.982,  0.895
 29760,  2.481,  1.562, 22.471,  5.138,  0.958
 29820,  2.393,  1.308, 21.341,  4.956,  0.988
 29880,  2.305,  1.311, 19.393,  4.712,  0.803
 29940,  2.319,  1.150, 19.580,  4.818,  0.799
 30000,  2.298,  1.519, 21.682,  4.714,  0.868
 30060,  2.301,  1.502, 20.360,  4.743,  0.907
 30120,  2.306,  1.413, 19.866,  4.591,  0.884
 30180,  2.218,  1.108, 20.303,  4.504,  0.887
 30240,  2.299,  1.517, 19.813,  4.701,  0.915
 30300,  2.388,  1.304, 20.762,  4.899,  0.867
 30360,  2.414,  1.545, 22.450,  5.127,  1.044
 30420,  2.480,  1.541, 22.293,  5.319,  0.951
 30480,  2.557,  1.424, 20.653,  5.275,  0.860
 30540,  2.609,  1.541, 21.609,  5.426,  0.892
 30600,  2.657,  1.589, 23.340,  5.382,  1.066
 30660,  2.680,  1.778, 24.247,  5.317,  0.808
 30720, -9999.000, -9999.000, -9999.000, -9999.000, -9999.000
 30780,  2.609,  1.678, 19.417,  5.174,  0.850
 30840,  2.745,  1.753, 19.988,  5.680,  0.777
 30900,  2.799,  1.818, 21.326,  5.808,  0.893
 30960,  2.799,  1.779, 22.591,  5.696,  0.798
 31020,  2.811,  1.892, 22.281,  5.808,  0.850
 31080,  2.836,  1.703, 20.673,  5.682,  0.741
 31140,  2.834,  1.777, 21.109,  5.897,  0.828
 31200,  2.892,  2.025, 22.588,  5.856,  0.736
 31260,  2.973,  2.099, 21.898,  5.975,  0.741
 31320,  2.943,  2.087, 20.959,  5.894,  0.713
 31380,  2.975,  2.010, 21.890,  5.811,  0.700
 31440,  2.933,  1.757, 20.512,  5.790,  0.739
 31500,  2.820,  1.707, 20.840,  5.735,  0.706
 31560,  2.627,  2.097, 24.065,  5.347,  0.881
 31620,  2.476,  1.627, 21.804,  5.061,  0.893
 31680,  2.305,  1.445, 19.778,  4.617,  0.836
 31740,  2.293,  1.374, 19.683,  4.724,  0.848
 31800,  2.327,  1.645, 18.468,  4.525,  0.764
 31860,  2.241,  1.453, 17.978,  4.478,  0.765
 31920,  2.253,  1.557, 19.914,  4.568,  0.949
 31980,  2.294,  1.714, 18.384,  4.526,  0.802
 32040,  2.290,  1.593, 16.981,  4.492,  0.739
 32100,  2.282,  1.554, 17.211,  4.361,  0.696
 32160,  2.347,  1.593, 19.205,  4.417,  0.972
 32220,  2.299,  1.743, 19.866,  4.633,  0.916
 32280,  2.210,  1.377, 18.368,  4.471,  0.769
 32340,  2.341,  1.576, 18.526,  4.487,  0.901
 32400,  2.297,  1.478, 17.968,  4.662,  0.845
 32460,  2.296,  1.588, 18.300,  4.553,  0.900
 32520,  2.364,  1.580, 17.514,  4.593,  0.893
 32580,  2.304,  1.665, 16.506,  4.408,  0.726
 32640,  2.363,  1.548, 15.318,  4.472,  0.663
 32700,  2.444,  1.478, 15.775,  4.742,  0.740
 32760,  2.407,  1.670, 18.444,  4.663,  0.780
 32820,  2.298,  1.535, 17.296,  4.688,  0.845
 32880,  2.404,  1.701, 17.783,  4.687,  0.815
 32940,  2.406,  1.658, 17.799,  4.720,  0.735
 33000,  2.388,  1.421, 16.058,  4.631,  0.766
 33060,  2.369,  1.660, 16.008,  4.737,  0.758
 33120,  2.390,  1.629, 18.777,  4.789,  0.759
 33180,  2.395,  1.674, 18.260,  4.747,  0.801
 33240,  2.260,  1.373, 17.144,  4.498,  0.641
 33300,  2.242,  1.457, 16.961,  4.549,  0.670
 33360,  2.292,  1.690, 18.974,  4.438,  1.021
 33420,  2.314,  1.421, 17.590,  4.556,  0.954
 33480,  2.264,  1.230, 18.341,  4.698,  0.840
 33540,  2.378,  1.473, 18.660,  4.747,  0.693
 33600,  2.432,  1.138, 15.855,  4.795,  0.629
 33660,  2.493,  1.261, 16.658,  4.885,  0.743
 33720,  2.499,  1.611, 18.954,  4.887,  0.723
 33780,  2.457,  1.588, 19.335,  4.783,  0.734
 33840,  2.413,  1.441, 16.630,  4.580,  0.720
 33900,  2.415,  1.412, 16.219,  4.847,  0.630
 33960,  2.437,  1.647, 19.774,  4.699,  0.842
 34020,  2.357,  1.594, 17.924,  4.783,  0.775
 34080,  2.309,  1.329, 17.115,  4.590,  0.836
 34140,  2.296,  1.570, 17.069,  4.687,  0.722
 34200,  2.256,  1.349, 17.209,  4.576,  0.772
 34260,  2.213,  1.385, 17.020,  4.563,  0.686
 34320,  2.337,  1.392, 17.933,  4.592,  0.781
 34380, -9999.000, -9999.000, -9999.000, -9999.000, -9999.000
 34440,  2.278,  1.225, 12.472,  4.297,  0.478
 34500,  2.309,  1.306, 13.317,  4.515,  0.603
 34560,  2.295,  1.338, 16.828,  4.607,  0.755
 34620,  2.348,  1.284, 17.323,  4.741,  0.693
 34680,  2.369,  1.197, 15.466,  4.705,  0.675
 34740,  2.369,  1.191, 15.662,  4.591,  0.651
 34800,  2.373,  1.290, 16.946,  4.460,  0.723
 34860,  2.346,  1.482, 16.226,  4.629,  0.731
 34920,  2.304,  1.078, 17.115,  4.648,  0.746
 34980,  2.343,  1.293, 16.713,  4.370,  0.615
 35040,  2.375,  1.343, 14.612,  4.688,  0.635
 35100,  2.322,  1.351, 15.570,  4.654,  0.741
 35160,  2.268,  1.590, 18.732,  4.526,  0.768
 35220,  2.267,  1.356, 17.864,  4.357,  0.774
 35280,  2.310,  0.967, 15.934,  4.427,  0.657
 35340,  2.233,  1.165, 15.707,  4.509,  0.743
 35400,  2.227,  1.461, 18.579,  4.727,  0.907
 35460,  2.215,  1.247, 17.626,  4.563,  0.811
 35520,  2.202,  1.262, 16.018,  4.510,  0.777
 35580,  2.207,  1.216, 16.098,  4.392,  0.770
 35640,  2.163,  1.421, 18.155,  4.299,  0.947
 35700,  2.197,  1.240, 17.137,  4.242,  0.997
 35760,  2.098,  1.335, 16.897,  4.209,  0.889
 35820,  2.134,  1.366, 16.164,  4.219,  0.794
 35880,  2.183,  1.090, 16.301,  4.207,  0.846
 35940,  2.159,  1.219, 16.156,  4.173,  0.865
 36000,  2.167,  1.306, 17.512,  4.283,  0.893
 36060,  2.146,  1.300, 17.489,  4.233,  0.851
 36120,  2.132,  1.268, 14.830,  3.986,  0.890
 36180,  2.181,  1.077, 15.259,  4.061,  0.926
 36240, -9999.000, -9999.000, -9999.000, -9999.000, -9999.000
 36300,  2.175,  1.372, 16.128,  4.006,  0.966
 36360,  2.038,  1.034, 14.284,  3.923,  0.828
 36420,  1.979,  1.264, 15.490,  4.120,  0.789
 36480,  2.076,  1.340, 16.849,  4.003,  0.838
 36540,  2.036,  1.351, 17.122,  4.139,  0.918
 36600,  2.062,  1.212, 15.826,  4.113,  0.765
 36660,  2.019,  0.981, 14.774,  3.981,  0.850
 36720,  2.033,  1.369, 17.583,  4.114,  0.898
 36780,  1.983,  1.203, 17.281,  4.078,  0.727
 36840,  1.999,  1.210, 16.383,  3.932,  0.795
 36900,  2.047,  1.356, 15.972,  3.974,  0.818
 36960,  2.029,  1.373, 16.385,  4.026,  1.018
 37020,  1.980,  1.290, 16.684,  4.038,  0.868
 37080,  2.007,  1.186, 15.110,  4.289,  0.800
 37140,  2.006,  1.440, 16.283,  4.161,  0.779
 37200,  1.917,  1.150, 14.863,  4.011,  0.823
 37260,  1.966,  1.100, 15.649,  3.987,  0.771
 37320,  2.019,  1.267, 16.319,  4.034,  0.779
 37380,  1.970,  1.430, 15.668,  4.117,  0.882
 37440,  1.991,  1.294, 14.862,  4.157,  0.860
 37500,  1.915,  1.021, 14.732,  4.204,  0.792
 37560,  1.956,  1.435, 16.560,  3.981,  0.981
 37620,  1.960,  1.411, 16.491,  4.219,  0.869
 37680,  2.028,  1.459, 14.921,  4.233,  0.867
 37740,  2.007,  1.453, 13.860,  4.226,  0.923
 37800,  2.002,  1.119, 16.549,  4.290,  1.147
 37860,  1.996,  1.426, 16.573,  4.031,  1.042
 37920,  1.959,  1.455, 14.707,  4.217,  0.921
 37980,  1.997,  1.163, 14.440,  4.294,  0.845
 38040,  1.986,  1.040, 16.183,  4.268,  1.019
 38100, -9999.000, -9999.000, -9999.000, -9999.000, -9999.000
 38160,  1.911,  1.354, 12.302,  4.067,  0.769
 38220,  1.912,  1.371, 12.969,  4.010,  0.825
 38280,  1.911,  1.437, 15.373,  4.102,  0.862
 38340,  1.897,  1.283, 15.408,  4.121,  0.905
 38400,  1.908,  1.255, 13.904,  4.130,  0.897
 38460,  1.934,  1.241, 13.441,  4.171,  0.898
 38520,  1.947,  1.307, 14.417,  4.165,  0.938
 38580,  1.912,  1.344, 14.694,  4.032,  1.045
 38640,  1.948,  1.386, 14.538,  3.927,  0.976
 38700,  1.906,  1.242, 13.751,  4.138,  0.955
 38760,  1.847,  1.288, 14.294,  4.082,  0.914
 38820,  1.959,  1.362, 14.067,  4.265,  0.891
 38880,  2.016,  1.232, 15.296,  4.184,  0.932
 38940,  1.924,  1.457, 15.392,  4.067,  0.939
 39000,  1.896,  1.456, 14.599,  4.190,  0.891
 39060,  1.927,  1.263, 14.682,  4.123,  0.908
 39120,  1.929,  1.381, 15.577,  4.121,  0.944
 39180,  1.934,  1.168, 15.876,  3.957,  1.002
 39240,  1.963,  1.155, 13.950,  4.016,  0.880
 39300,  1.922,  1.206, 14.914,  4.053,  0.829
 39360,  1.925,  1.590, 15.943,  3.935,  0.768
 39420,  1.965,  1.465, 15.906,  4.068,  0.952
 39480,  1.939,  1.390, 13.858,  3.930,  0.898
 39540,  1.943,  1.319, 14.279,  4.065,  0.784
 39600,  1.929,  1.270, 14.835,  4.115,  0.876
 39660,  1.965,  1.467, 15.195,  4.045,  0.873
 39720,  2.080,  1.398, 14.674,  4.283,  0.927
 39780,  2.010,  1.541, 14.470,  4.038,  0.857
 39840,  1.937,  1.337, 15.799,  3.980,  0.900
 39900,  1.943,  1.700, 16.668,  3.930,  1.010
 39960,  2.064,  1.656, 12.894,  3.893,  0.843
 40020,  2.100,  1.443, 14.628,  4.186,  0.927
 40080,  2.140,  1.544, 16.003,  4.434,  0.851
 40140,  2.108,  1.442, 15.873,  4.424,  1.045
 40200,  2.139,  1.606, 14.912,  4.254,  0.878
 40260,  2.140,  1.553, 15.353,  4.525,  0.901
 40320,  2.127,  1.425, 16.789,  4.390,  1.023
 40380,  2.105,  1.744, 16.560,  4.224,  1.227
 40440,  2.181,  1.629, 14.640,  4.415,  1.056
 40500,  2.160,  1.561, 14.917,  4.294,  0.989
