CampaignData_and_Merges/R0/CSL_MobileLab_Parked/raw/20240728/USOS-Picarro-CO2-CH4-CO-H2O_MobileLabGround_20240728_R0.ict
38, 1001
Ilana Pollack, Nell Schafer, and Jeff Peischl
NOAA Chemical Sciences Laboratory
Picarro 2401-m CO2/CH4/CO/H2O Analyzer
USOS
1, 1
2024, 07, 28, 2024, 11, 20
0
StartTime_UTC, seconds_past_midnight, seconds past midnight
5
1, 1, 1, 1, 1
-9999, -9999, -9999, -9999, -9999
StopTime_UTC, seconds_past_midnight, seconds past midnight
CO2_ppm_1min, ppm, Gas_CO2_InSitu_S_DMF, carbon dioxide mixing ratio
CH4_ppb_1min, ppb, Gas_CH4_InSitu_S_DMF, methane mixing ratio
CO_ppb_1min, ppb, Gas_CO_InSitu_S_DMF, carbon monoxide mixing ratio
H2O_ppmv_1min, ppmv, Met_H2OMRV_InSitu_S_AVMR, water vapor mixing ratio
1
SPECIAL COMMENTS: N/A
18
PI_CONTACT_INFO: Address: NOAA Chemical Sciences Laboratory, Mail Stop CSL7, 325 Broadway, Boulder, CO 80305; Email: Ilana.Pollack@noaa.gov
PLATFORM: NOAA CSL Mobile Laboratory
LOCATION: The mobile lab was stationed in Salt Lake City, Utah.
ASSOCIATED_DATA: N/A
INSTRUMENT_INFO: CO2, CH4, and CO are reported as dry air mole fractions using a commercial wavelength-scanned cavity ring-down analyzer (Picarro 2401-m). An in-field calibration gas standard of 432±0.07 ppm CO2, 2095±1 ppb CH4, and 183±1 ppb CO, calibrated in the Boulder laboratories before and after the field project using primary CO2, CH4, and CO standard tanks tied to the WMO standard (X2019, X2004A, and X2014A, respectively) from the Global Monitoring Laboratory (GML), was delivered to the inlet every 2-3 days to evaluate instrument sensitivity. A H2O measurement was calibrated before the project with a Dew Point Mirror 373 hygrometer. The water correction calculated from these calibrations was applied to the H2O measurement for the entire campaign. Species are measured at 0.5 Hz and reported as 1-minute averages for stationary measurements.
DATA_INFO: Units: CO2, ppm, dry air mole fraction; CH4, ppb, dry air mole fraction; CO, ppb, dry air mole fraction; H2O, ppmv
UNCERTAINTY: Total uncertainties are estimated as ±0.1 ppm for CO2, ±1 ppb for CH4, ±5 ppb for CO, and ±(50 ppm + 4%) for H2O.
ULOD_FLAG: -7777
ULOD_VALUE: N/A
LLOD_FLAG: -8888
LLOD_VALUE: N/A
DM_CONTACT_INFO: Data Manager: Nathan Howard; nathan.h.howard@noaa.gov
PROJECT_INFO: USOS Dates of Study: July – August 2024
STIPULATIONS_ON_USE: Use of these data require prior ok from PI.
OTHER_COMMENTS: Data are averaged to 1 minute intervals. Stationary data collected from a 10 ft tower on top of the mobile van.
REVISION: R0
R0: Final Data
StartTime_UTC, StopTime_UTC, CO2_ppm_1min, CH4_ppb_1min, CO_ppb_1min, H2O_ppmv_1min
[from data line 381]
22860,22920,449.44,2199.6,238.5,17618.4238
22920,22980,449.32,2201.8,240.6,17680.1973
22980,23040,449.66,2203.6,241.1,17714.2266
23040,23100,450.51,2205.3,241.3,17755.1563
23100,23160,450.64,2208.0,244.0,17768.7695
23160,23220,450.96,2207.9,250.4,17755.2754
23220,23280,451.66,2209.8,253.1,17767.5879
23280,23340,450.74,2213.6,242.5,17761.0742
23340,23400,449.85,2222.9,235.0,17775.0176
23400,23460,450.90,2219.9,240.8,17838.2715
23460,23520,450.25,2211.2,237.0,17800.7090
23520,23580,449.77,2208.5,233.2,17838.5078
23580,23640,449.23,2199.7,229.7,17761.3418
23640,23700,448.38,2190.9,223.8,17656.8926
23700,23760,450.65,2202.7,230.0,17762.9082
23760,23820,450.24,2201.5,229.1,17705.0605
23820,23880,448.95,2193.4,224.2,17638.9141
23880,23940,449.22,2196.2,225.8,17652.9434
23940,24000,446.28,2163.3,210.0,17352.3770
24000,24060,443.32,2131.0,196.2,17074.8789
24060,24120,443.13,2123.0,193.7,17055.5000
24120,24180,442.66,2116.7,193.3,17029.9688
24180,24240,443.24,2119.5,195.6,17035.7969
24240,24300,443.68,2112.4,191.4,17031.1914
24300,24360,443.11,2108.0,189.1,16998.9395
24360,24420,442.22,2098.8,180.9,16887.4004
24420,24480,440.54,2083.5,175.5,16800.0293
24480,24540,440.90,2086.1,177.2,16855.8633
24540,24600,440.04,2079.6,175.9,16807.8730
24600,24660,440.06,2082.6,176.3,16863.3672
24660,24720,440.23,2083.5,178.0,16893.8555
24720,24780,441.37,2082.1,177.2,16900.5254
24780,24840,441.08,2080.5,176.5,16852.8750
24840,24900,442.71,2084.8,177.2,16883.6016
24900,24960,441.99,2081.8,176.6,16833.0547
24960,25020,441.93,2081.1,173.6,16825.2109
25020,25080,441.26,2080.0,174.4,16810.0293
25080,25140,441.23,2079.8,172.6,16801.2227
25140,25200,440.52,2079.2,173.7,16772.3379
25200,25260,439.99,2077.4,174.5,16743.3848
25260,25320,439.84,2076.9,174.6,16738.8145
25320,25380,440.05,2076.4,175.9,16749.3770
25380,25440,440.83,2077.3,177.3,16794.6973
25440,25500,440.76,2078.9,181.8,16846.4766
25500,25560,440.99,2079.9,183.2,16853.9883
25560,25620,441.77,2081.3,185.1,16872.6309
25620,25680,441.72,2082.0,183.8,16878.3652
25680,25740,443.23,2083.9,183.7,16933.1074
25740,25800,443.69,2084.6,183.5,16946.9961
25800,25860,442.28,2084.1,182.8,16930.8652
25860,25920,442.93,2083.8,184.2,16946.5566
25920,25980,442.60,2084.3,183.6,16957.1426
25980,26040,442.33,2086.5,181.8,16980.3906
26040,26100,442.64,2088.1,181.8,17017.9473
26100,26160,442.92,2087.3,185.2,17013.2031
26160,26220,442.76,2085.9,187.0,17026.6230
26220,26280,443.22,2086.6,187.0,17069.9297
26280,26340,443.24,2087.2,187.8,17101.0254
26340,26400,444.55,2088.9,192.1,17149.5098
26400,26460,444.45,2094.5,193.6,17169.2559
26460,26520,443.77,2096.6,191.3,17180.1133
26520,26580,444.62,2094.4,201.1,17175.3770
26580,26640,445.10,2098.3,210.7,17191.6699
26640,26700,445.16,2111.0,201.6,17233.2246
26700,26760,441.24,2166.3,187.6,17159.5371
26760,26820,443.32,2159.4,201.8,17192.7695
26820,26880,444.24,2141.7,220.7,17234.4785
26880,26940,443.35,2143.8,197.0,17236.6348
26940,27000,445.42,2148.7,207.8,17275.0898
27000,27060,445.25,2141.7,199.9,17279.9531
27060,27120,443.60,2135.2,190.5,17223.8809
27120,27180,444.89,2133.2,189.8,17243.8848
27180,27240,443.35,2126.1,185.9,17216.6680
27240,27300,444.98,2128.3,199.8,17230.6172
27300,27360,444.59,2122.5,196.8,17217.8457
27360,27420,444.53,2119.8,215.6,17212.3047
27420,27480,449.21,2119.0,213.0,17349.7148
27480,27540,445.97,2117.8,198.9,17311.6660
27540,27600,446.87,2121.9,196.2,17349.4238
27600,27660,446.35,2120.2,196.6,17369.3105
27660,27720,446.94,2119.8,194.7,17568.8926
27720,27780,447.31,2118.7,197.6,17725.2383
27780,27840,447.48,2114.9,197.9,17918.4023
27840,27900,447.45,2110.1,198.2,17923.5508
27900,27960,446.77,2107.8,196.8,17891.6914
27960,28020,447.78,2109.3,201.7,18078.6875
28020,28080,447.31,2111.8,203.3,18037.6680
28080,28140,448.02,2113.8,240.3,18117.5371
28140,28200,448.27,2115.8,233.4,18179.9668
28200,28260,448.04,2116.8,219.7,18158.4531
28260,28320,447.08,2118.3,212.5,17972.4043
28320,28380,446.93,2119.7,206.2,17943.6074
28380,28440,447.36,2125.6,203.8,18119.4395
28440,28500,446.97,2126.9,201.9,18101.2793
28500,28560,448.45,2124.0,204.7,18396.7188
28560,28620,448.83,2123.8,206.2,18461.0293
28620,28680,448.77,2124.4,211.0,18473.1816
28680,28740,447.72,2126.3,213.8,18306.2109
28740,28800,448.74,2126.4,208.3,18337.6445
28800,28860,449.25,2126.9,206.6,18358.9688
28860,28920,449.87,2129.2,202.6,18395.7012
28920,28980,448.97,2128.4,202.6,18274.9395
28980,29040,448.79,2127.7,202.7,18213.9199
29040,29100,448.26,2126.8,200.6,18141.3320
29100,29160,448.96,2128.2,201.1,18176.0547
29160,29220,449.20,2128.9,200.5,18179.1504
29220,29280,449.52,2127.1,201.8,18157.1563
29280,29340,450.28,2127.3,198.8,18184.2324
29340,29400,450.24,2127.6,200.5,18135.5781
29400,29460,451.55,2131.1,200.1,18200.3125
29460,29520,453.04,2132.2,200.0,18185.8516
29520,29580,449.36,2128.6,199.3,17962.9668
29580,29640,451.71,2134.7,200.1,18136.4824
29640,29700,450.04,2137.9,200.3,18033.8789
29700,29760,452.47,2144.6,200.8,18135.7637
29760,29820,452.29,2143.0,200.8,18094.7246
29820,29880,450.10,2125.0,197.6,17795.7031
29880,29940,452.49,2129.7,197.5,17951.2578
29940,30000,453.70,2128.8,200.2,17993.7598
30000,30060,453.80,2132.1,207.7,17942.4434
30060,30120,454.74,2129.7,208.9,17928.6016
30120,30180,455.41,2127.3,246.5,17929.4336
30180,30240,455.28,2128.2,208.0,18057.6973
30240,30300,456.45,2129.4,204.9,18160.8633
30300,30360,455.28,2135.1,204.7,18207.8281
30360,30420,454.41,2138.1,211.6,18213.8496
30420,30480,454.42,2141.7,208.4,18247.4707
30480,30540,454.73,2143.4,206.9,18289.3730
30540,30600,454.63,2144.2,208.3,18226.4609
30600,30660,456.12,2145.6,208.9,18205.6797
30660,30720,454.15,2148.7,209.2,18082.6465
30720,30780,454.21,2150.0,208.4,18033.4551
30780,30840,453.80,2148.2,208.3,17851.2051
30840,30900,455.12,2149.3,209.5,17916.7188
30900,30960,455.29,2148.2,212.7,17845.4883
30960,31020,455.76,2148.1,237.5,17806.7754
31020,31080,455.68,2147.1,208.8,17684.1934
31080,31140,455.26,2147.5,244.6,17550.1582
31140,31200,455.46,2144.9,220.7,17392.6875
31200,31260,453.48,2138.9,208.7,17032.5684
31260,31320,454.18,2137.2,208.4,16988.1172
31320,31380,453.13,2136.1,209.5,16873.9297
31380,31440,454.01,2141.2,209.8,17152.2363
31440,31500,454.28,2146.7,211.5,17327.1699
31500,31560,452.39,2175.0,208.5,17454.8633
31560,31620,450.64,2189.4,207.2,17480.0293
31620,31680,448.04,2211.4,205.4,17388.3105
31680,31740,447.70,2215.2,204.0,17365.2344
31740,31800,446.85,2210.6,204.3,17291.3945
31800,31860,448.84,2212.4,204.2,17344.4277
31860,31920,448.24,2211.8,209.8,17273.7949
31920,31980,449.03,2209.7,211.6,17258.7031
31980,32040,449.55,2209.0,211.1,17281.2246
32040,32100,450.42,2208.9,211.0,17331.1094
32100,32160,449.65,2211.7,207.5,17332.9434
32160,32220,449.74,2218.6,205.3,17352.3066
32220,32280,449.43,2224.9,204.3,17293.0371
32280,32340,449.75,2225.3,204.0,17270.0371
32340,32400,449.21,2229.5,203.7,17192.6504
32400,32460,449.12,2232.7,203.4,17183.7715
32460,32520,449.63,2228.9,202.7,17126.3184
32520,32580,447.87,2221.2,205.0,16997.5898
32580,32640,447.41,2216.6,203.9,16917.4824
32640,32700,447.36,2216.8,202.9,16920.2363
32700,32760,448.39,2219.2,203.3,16967.2949
32760,32820,450.53,2222.3,211.1,17068.5547
32820,32880,450.03,2224.0,210.1,17081.8262
32880,32940,450.17,2222.4,207.7,17064.7363
32940,33000,450.23,2222.0,203.3,17056.6406
33000,33060,451.70,2219.3,205.9,17095.7988
33060,33120,450.56,2218.2,209.4,17035.4688
33120,33180,450.44,2218.3,205.7,17070.4727
33180,33240,454.97,2230.3,207.7,17175.0605
33240,33300,453.22,2229.5,206.8,17171.4766
33300,33360,452.91,2230.1,206.5,17184.4766
33360,33420,453.28,2234.6,208.5,17178.9531
33420,33480,453.51,2240.4,206.9,17190.8770
33480,33540,451.46,2243.2,205.7,17069.5586
33540,33600,451.08,2241.5,205.9,17069.7441
33600,33660,449.92,2230.0,203.4,16942.7441
33660,33720,450.26,2236.1,205.9,16965.0215
33720,33780,452.28,2238.5,206.0,17042.7422
33780,33840,451.34,2237.0,206.4,17003.3984
33840,33900,453.31,2238.0,206.6,17064.8887
33900,33960,451.58,2242.8,206.1,17018.8711
33960,34020,453.13,2252.2,206.4,17081.9648
34020,34080,454.03,2254.7,206.6,17160.3438
34080,34140,454.24,2249.1,207.3,17184.7070
34140,34200,454.27,2249.5,205.1,17189.0254
34200,34260,455.06,2249.7,207.1,17204.4336
34260,34320,452.96,2243.7,205.4,17150.1250
34320,34380,452.64,2242.0,207.2,17093.6113
34380,34440,452.30,2239.9,206.0,17060.3281
34440,34500,459.40,2240.7,205.4,17170.4063
34500,34560,455.34,2241.3,204.5,17135.8242
34560,34620,453.92,2247.1,206.0,17105.4922
34620,34680,455.47,2253.5,205.5,17128.3301
34680,34740,454.95,2252.1,209.1,17105.6133
34740,34800,454.08,2250.0,207.1,17078.0059
34800,34860,455.33,2252.1,205.7,17117.1738
34860,34920,453.84,2257.7,206.9,17034.7266
34920,34980,449.60,2291.9,205.0,16877.7070
34980,35040,450.01,2294.1,203.8,16882.5195
35040,35100,452.11,2282.0,203.4,16937.4492
35100,35160,457.89,2282.9,211.0,17167.9766
35160,35220,459.60,2275.0,217.2,17229.1348
35220,35280,456.76,2286.9,206.1,17176.7422
35280,35340,454.33,2315.6,205.1,17151.4648
35340,35400,455.04,2302.5,205.3,17165.5547
35400,35460,456.90,2303.8,206.0,17257.9141
35460,35520,456.12,2295.3,205.5,17193.2109
35520,35580,455.52,2297.3,205.4,17156.6836
35580,35640,456.32,2301.8,203.1,17192.6465
35640,35700,456.34,2305.1,204.3,17178.0449
35700,35760,458.76,2305.3,203.0,17186.7109
35760,35820,460.63,2310.8,202.7,17149.0605
35820,35880,455.50,2317.5,204.1,17110.8984
35880,35940,454.76,2319.0,202.1,17151.6895
35940,36000,458.30,2328.5,199.8,17113.6875
36000,36060,465.51,2315.9,202.9,17115.6797
36060,36120,464.53,2318.3,204.1,17104.3984
36120,36180,459.40,2324.7,205.3,17071.5996
36180,36240,462.19,2328.1,204.6,17082.0137
36240,36300,458.35,2336.5,207.8,17069.8242
36300,36360,464.07,2340.6,210.1,17223.7383
36360,36420,463.36,2336.0,214.4,17283.9473
36420,36480,462.51,2336.9,220.4,17276.7070
36480,36540,460.88,2340.4,232.3,17230.7930
36540,36600,461.54,2341.7,220.0,17233.9453
36600,36660,462.20,2342.7,215.9,17239.9766
36660,36720,462.64,2346.1,218.8,17248.5508
36720,36780,463.05,2346.6,222.0,17249.3262
36780,36840,463.11,2345.6,227.5,17266.0020
36840,36900,462.20,2347.1,216.9,17281.0137
36900,36960,460.72,2348.4,212.0,17291.3359
36960,37020,460.69,2351.5,213.5,17290.2910
37020,37080,461.77,2351.4,281.7,17319.9102
37080,37140,462.73,2353.9,1328.8,17314.6719
37140,37200,464.97,2351.9,558.0,17373.8516
37200,37260,462.56,2359.7,622.8,17319.3750
37260,37320,461.71,2357.4,458.2,17290.1699
37320,37380,461.98,2347.6,336.2,17302.9844
37380,37440,461.26,2339.8,308.8,17292.5508
37440,37500,463.12,2343.7,367.1,17337.1738
37500,37560,462.99,2341.9,338.8,17334.6973
37560,37620,463.24,2339.1,307.1,17337.0020
37620,37680,462.90,2333.8,250.9,17328.0156
37680,37740,462.72,2330.2,214.7,17318.0996
37740,37800,463.44,2330.9,215.4,17338.2637
37800,37860,463.35,2331.6,207.6,17335.2480
37860,37920,464.73,2335.1,208.3,17355.4082
37920,37980,466.55,2336.3,208.7,17356.6895
37980,38040,466.49,2332.2,205.8,17381.5020
38040,38100,467.72,2336.4,204.8,17376.1367
38100,38160,464.73,2339.3,204.8,17334.0527
38160,38220,467.48,2336.5,204.8,17395.7832
38220,38280,468.12,2342.1,205.9,17405.3535
38280,38340,467.66,2341.3,205.8,17385.4277
38340,38400,466.40,2339.4,204.6,17346.5723
38400,38460,467.18,2338.2,204.6,17366.5625
38460,38520,468.00,2337.6,205.8,17396.7227
38520,38580,468.65,2338.3,206.1,17409.0215
38580,38640,468.53,2340.0,207.3,17392.0781
38640,38700,465.82,2337.9,205.6,17305.7188
38700,38760,468.79,2338.6,201.9,17337.6074
38760,38820,469.37,2339.2,204.3,17349.1699
38820,38880,466.66,2338.3,207.1,17293.1484
38880,38940,468.70,2338.5,203.7,17305.1699
38940,39000,471.23,2352.3,204.9,17354.3809
39000,39060,470.33,2340.3,202.5,17316.0254
39060,39120,468.96,2340.4,206.2,17340.1895
39120,39180,471.33,2342.5,208.8,17376.5859
39180,39240,468.56,2343.2,212.9,17326.3652
39240,39300,469.83,2344.2,214.8,17336.5762
39300,39360,469.23,2341.8,229.7,17333.3535
39360,39420,467.05,2335.7,224.7,17237.1465
39420,39480,468.90,2337.8,225.6,17271.3027
39480,39540,468.70,2333.7,217.7,17241.4551
39540,39600,468.39,2336.8,212.2,17275.9453
39600,39660,467.73,2331.8,213.5,17238.9453
39660,39720,464.62,2318.3,206.8,17116.2656
39720,39780,470.77,2339.3,233.5,17209.6094
39780,39840,474.05,2354.6,252.1,17295.4512
39840,39900,474.17,2344.5,294.5,17236.5840
39900,39960,468.41,2325.9,295.7,17091.5957
39960,40020,466.22,2309.8,230.7,17017.5176
40020,40080,464.38,2304.2,216.8,16929.0137
40080,40140,465.00,2303.8,216.9,16932.6465
40140,40200,463.72,2294.3,213.2,16829.6777
40200,40260,465.80,2299.8,211.5,16875.1074
40260,40320,465.53,2297.6,210.2,16845.3320
40320,40380,465.30,2296.3,209.6,16800.2012
40380,40440,465.06,2287.1,210.2,16721.4727
40440,40500,465.83,2288.6,208.1,16755.8320
40500,40560,465.75,2284.9,206.6,16699.6582
40560,40620,465.33,2278.5,204.1,16595.0176
40620,40680,466.88,2282.6,205.3,16638.5781
40680,40740,467.10,2286.2,203.7,16656.0273
40740,40800,468.46,2276.2,201.6,16578.9688
40800,40860,468.82,2275.8,201.4,16566.4180
40860,40920,468.69,2272.4,202.7,16535.0449
40920,40980,471.99,2271.4,205.1,16576.2461
40980,41040,469.58,2272.6,205.2,16569.0195
41040,41100,467.97,2266.4,203.1,16467.6309
41100,41160,467.18,2261.3,203.2,16370.9658
41160,41220,469.16,2268.7,203.7,16446.6875
41220,41280,464.10,2238.9,201.9,16078.2373
41280,41340,465.38,2247.9,202.3,16174.9707
41340,41400,466.64,2255.3,200.2,16236.5596
41400,41460,467.23,2260.2,202.1,16299.4072
41460,41520,466.12,2251.3,200.2,16186.8018
41520,41580,467.21,2255.9,200.9,16243.5957
41580,41640,467.52,2254.2,203.0,16225.4268
41640,41700,476.05,2256.3,200.3,16273.3682
41700,41760,470.94,2253.2,202.8,16265.8545
41760,41820,470.86,2260.4,203.7,16415.1328
41820,41880,470.72,2259.2,204.5,16394.0234
41880,41940,471.20,2267.3,204.1,16397.1152
41940,42000,472.54,2267.4,205.3,16441.2090
42000,42060,473.03,2271.0,206.0,16473.3047
42060,42120,473.51,2270.8,206.2,16482.1504
42120,42180,469.99,2261.1,213.2,16377.0732
42180,42240,470.94,2259.3,211.8,16374.3379
42240,42300,472.61,2264.0,210.0,16462.9551
42300,42360,469.86,2250.4,227.0,16213.7227
42360,42420,471.59,2252.1,252.7,16164.2979
42420,42480,474.88,2275.2,213.4,16529.5859
42480,42540,470.72,2263.0,212.7,16302.9385
42540,42600,469.67,2255.4,211.6,16151.7207
42600,42660,469.82,2257.7,211.2,16175.4795
42660,42720,475.83,2262.3,211.2,16233.8184
42720,42780,474.61,2269.7,213.4,16445.0898
42780,42840,473.59,2255.0,234.6,16122.2578
42840,42900,476.23,2262.2,248.6,16130.3545
42900,42960,475.69,2269.9,235.2,16181.1865
42960,43020,477.67,2262.0,226.8,16194.6553
43020,43080,473.02,2261.8,212.0,16221.5693
43080,43140,475.21,2267.7,211.5,16256.3926
43140,43200,475.27,2265.8,211.9,16306.1367
43200,43260,480.92,2259.8,226.2,16147.4404
43260,43320,477.59,2241.7,237.9,15863.5811
43320,43380,473.11,2220.8,223.4,15465.1143
43380,43440,471.94,2221.8,221.3,15369.6836
43440,43500,466.99,2190.3,218.3,14997.6250
43500,43560,470.91,2212.8,226.7,15174.3438
43560,43620,470.07,2212.8,221.4,15163.3779
43620,43680,472.74,2220.2,225.6,15350.2031
43680,43740,472.55,2218.2,221.9,15321.2861
43740,43800,472.59,2208.2,222.5,15178.5566
43800,43860,472.36,2195.6,218.1,15080.0449
43860,43920,474.27,2210.8,221.1,15198.7461
43920,43980,467.88,2188.9,219.6,14770.4580
43980,44040,466.31,2179.4,217.7,14636.5371
44040,44100,465.72,2169.1,215.0,14547.8369
44100,44160,464.01,2153.9,212.2,14378.4297
44160,44220,467.07,2167.6,211.3,14638.8145
44220,44280,468.66,2173.8,213.5,14746.4082
44280,44340,470.62,2183.8,217.0,14862.9971
44340,44400,472.30,2185.1,216.5,14890.2402
44400,44460,473.25,2212.1,219.5,15270.2949
44460,44520,476.19,2242.7,218.5,15582.8564
44520,44580,478.38,2244.8,219.9,15767.8076
44580,44640,479.09,2259.1,230.1,15920.0029
44640,44700,476.28,2258.3,240.0,15900.5615
44700,44760,474.84,2255.4,238.3,15870.5781
44760,44820,478.52,2247.9,237.0,15795.9209
44820,44880,478.65,2253.3,229.8,15850.5107
44880,44940,479.87,2258.6,226.6,15876.5166
44940,45000,481.15,2257.1,226.3,15934.2148
45000,45060,481.21,2252.9,229.1,15877.0361
45060,45120,483.26,2230.4,241.1,15640.8926
