CampaignData_and_Merges/R0/CSL_MobileLab_Parked/raw/20240728/USOS-NOy-LIF_MobileLabGround_20240728_R0.ict
39,1001
Rollins, A.; Waxman, E.; Zuraski, K.; Chace, W.
NOAA Chemical Sciences Laboratory
LIF NO/NOx/NOy on CSL Mobile Lab
AMMBEC / USOS
1, 1
2024,07,28, 2025,01,04
1
Time_Start, seconds, number_of_seconds_since_0000_UTC
7
1, 1, 1, 1, 1, 1, 1
-9999, -9999, -9999, -9999, -9999, -9999, -9999
Time_Stop, seconds, number_of_seconds_since_0000_UTC
NO_LIF, pptv, Gas_NO_InSitu_S_AVMR, volume mixing ratio of nitric oxide in air
NO2_LIF, pptv, Gas_NO2_InSitu_S_AVMR, volume mixing ratio of nitrogen dioxide in air
NOy_LIF, pptv, Gas_NOy_InSitu_S_AVMR, volume mixing ratio of total oxidized nitrogen in air
NO_LIF_1SigmaAccuracy, pptv, Gas_NO_InSitu_S_AVMR, volume mixing ratio of nitric oxide in air
NO2_LIF_1SigmaAccuracy, pptv, Gas_NO2_InSitu_S_AVMR, volume mixing ratio of nitrogen dioxide in air
NOy_LIF_1SigmaAccuracy, pptv, Gas_NOy_InSitu_S_AVMR, volume mixing ratio of total oxidized nitrogen in air
0
18
PI_CONTACT_INFO: andrew.rollins@noaa.gov
PLATFORM: CSL Mobile Lab
LOCATION: Salt Lake City, UT
ASSOCIATED_DATA:
INSTRUMENT_INFO: NO detection by laser induced fluorescence. NO2 detection by photolytic conversion to NO. NOy detection by catalytic conversion to NO on gold surface
DATA_INFO:
UNCERTAINTY: Included 1 Sigma Accuracy waves represent the combined calibration uncertainties (±6%, ±9%, ±10%) and zero uncertainties (3 ppt, 20 ppt, 100 ppt) for NO, NO2, and NOy, respectively.
ULOD_FLAG: -7777
ULOD_VALUE: N/A
LLOD_FLAG: -8888
LLOD_VALUE: N/A
DM_CONTACT_INFO: andrew.rollins@noaa.gov
PROJECT_INFO: USOS Project, July - August 2024
STIPULATIONS_ON_USE: Users are strongly encouraged to contact the PI for proper data usage.
OTHER_COMMENTS:
REVISION: R0
R0: final data
Time_Start, Time_Stop, NO_LIF, NO2_LIF, NOy_LIF, NO_LIF_1SigmaAccuracy, NO2_LIF_1SigmaAccuracy, NOy_LIF_1SigmaAccuracy
       0,      60,896.4,3939,5910.7,56.784, 374.51, 691.07
      60,     120,237.19,2419.6,5509.1,17.231, 237.77, 650.91
     120,     180,350.27,2927.3,4854.2,24.016, 283.46, 585.42
     180,     240,281.99,2730.6,4359.4,19.92, 265.76, 535.94
     240,     300,588.76,4234.1,5616,38.326, 401.07, 661.6
     300,     360,249.44,2644.9,4188,17.966, 258.04, 518.8
     360,     420,223.93,2513.1,4279,16.436, 246.18, 527.9
     420,     480,412.08,3108.5,5070.3,27.725, 299.76, 607.03
     480,     540,218.71,2776.7,4450.6,16.123, 269.91, 545.06
     540,     600,182.13,2779.7,4556.9,13.928, 270.17, 555.69
     600,     660,161.96,2537.6,4264.7,12.718, 248.38, 526.47
     660,     720,151.71,2510.4,4098,12.103, 245.94, 509.8
     720,     780,627.66,3768.5,5010.6,40.66, 359.16, 601.06
     780,     840,811.83,3523.8,6409.2,51.71, 337.14, 740.92
     840,     900,-9999,-9999,-9999,-9999, -9999, -9999
     900,     960,-9999,-9999,-9999,-9999, -9999, -9999
     960,    1020,-9999,-9999,-9999,-9999, -9999, -9999
    1020,    1080,-9999,-9999,-9999,-9999, -9999, -9999
    1080,    1140,-9999,-9999,-9999,-9999, -9999, -9999
    1140,    1200,-9999,-9999,-9999,-9999, -9999, -9999
    1200,    1260,-9999,-9999,-9999,-9999, -9999, -9999
    1260,    1320,154.16,1928.5,3562.3,12.25, 193.57, 456.23
    1320,    1380,139.09,2048.4,3658.6,11.345, 204.35, 465.86
    1380,    1440,212.2,2460.7,3816.1,15.732, 241.46, 481.61
    1440,    1500,127.56,2265.6,3904.2,10.654, 223.9, 490.42
    1500,    1560,104.21,2055.1,3557.9,9.2527, 204.96, 455.79
    1560,    1620,104.17,2110.3,3607.7,9.2502, 209.93, 460.77
    1620,    1680,85.31,1920.2,3415.6,8.1186, 192.82, 441.56
    1680,    1740,85.676,1916.9,3424.3,8.1406, 192.52, 442.43
    1740,    1800,94.663,2206.3,3645.2,8.6798, 218.57, 464.52
    1800,    1860,98.339,2430.6,3865.7,8.9003, 238.75, 486.57
    1860,    1920,102.58,2658.4,4109.9,9.1546, 259.25, 510.99
    1920,    1980,122.96,3112.1,4607.5,10.378, 300.09, 560.75
    1980,    2040,152.61,3903.9,5326.6,12.157, 371.35, 632.66
    2040,    2100,173.32,4634.2,6321.4,13.399, 437.08, 732.14
    2100,    2160,194.07,5158.5,6832.9,14.644, 484.27, 783.29
    2160,    2220,199.39,4617.7,6349.8,14.963, 435.59, 734.98
    2220,    2280,202.44,3662.5,5197,15.146, 349.62, 619.7
    2280,    2340,132.98,2377.8,3605.9,10.979, 234, 460.59
    2340,    2400,99.778,1953.7,2966.6,8.9867, 195.83, 396.66
    2400,    2460,92.737,1970.8,2917.3,8.5642, 197.38, 391.73
    2460,    2520,129.19,2432.1,3378.9,10.751, 238.89, 437.89
    2520,    2580,160.86,3378.4,4277.6,12.652, 324.05, 527.76
    2580,    2640,195.97,4358.8,5332.2,14.758, 412.29, 633.22
    2640,    2700,215.63,5031.7,6171.3,15.938, 472.85, 717.13
    2700,    2760,203.26,4586.4,6157.3,15.195, 432.78, 715.73
    2760,    2820,154.7,3402.1,4693.3,12.282, 326.19, 569.33
    2820,    2880,119.17,2728.5,3896.1,10.15, 265.57, 489.61
    2880,    2940,109.25,2324,3351.8,9.5551, 229.16, 435.18
    2940,    3000,108,2468.4,3506.5,9.4801, 242.16, 450.65
    3000,    3060,111.15,2616.7,3732.1,9.6687, 255.5, 473.21
    3060,    3120,97.785,2403.9,3540.9,8.8671, 236.35, 454.09
    3120,    3180,93.228,2196.2,3364.5,8.5937, 217.66, 436.45
    3180,    3240,84.415,1986.9,3051,8.0649, 198.82, 405.1
    3240,    3300,90.044,2047.6,3025,8.4027, 204.28, 402.5
    3300,    3360,83.459,1674.7,2658.5,8.0075, 170.72, 365.85
    3360,    3420,106.48,1678.9,2599.1,9.3888, 171.1, 359.91
    3420,    3480,99.737,1641.6,2639.2,8.9842, 167.74, 363.92
    3480,    3540,131.25,1710.7,2626.2,10.875, 173.96, 362.62
    3540,    3600,138.13,1871.5,2778.7,11.288, 188.44, 377.87
    3600,    3660,96.213,1608.2,2642.6,8.7728, 164.74, 364.26
    3660,    3720,115.9,1445.1,2386.7,9.9541, 150.06, 338.67
    3720,    3780,88.254,1322.4,2142.7,8.2953, 139.02, 314.27
    3780,    3840,143.54,1644.4,2560.2,11.612, 168, 356.02
    3840,    3900,103.42,1718.3,2617.9,9.2054, 174.65, 361.79
    3900,    3960,86.993,1434.1,2372.5,8.2196, 149.07, 337.25
    3960,    4020,117.05,1468.4,2378.7,10.023, 152.16, 337.87
    4020,    4080,84.984,1547.9,2416.4,8.0991, 159.31, 341.64
    4080,    4140,79.079,1369.4,2278.3,7.7448, 143.25, 327.83
    4140,    4200,68.386,1253.9,2137,7.1031, 132.85, 313.7
    4200,    4260,110.3,1578.1,2374.6,9.6179, 162.02, 337.46
    4260,    4320,159.8,2002.7,2903.5,12.588, 200.24, 390.35
    4320,    4380,77.747,1154.3,2123.8,7.6648, 123.89, 312.38
    4380,    4440,75.753,1074.8,1869.3,7.5452, 116.73, 286.93
    4440,    4500,511.02,2482.6,3221.5,33.661, 243.44, 422.15
    4500,    4560,205.45,2076.4,3167.3,15.327, 206.87, 416.73
    4560,    4620,134.95,1785.7,2709.8,11.097, 180.71, 370.98
    4620,    4680,150.56,1789.7,2650.5,12.033, 181.08, 365.05
    4680,    4740,108.24,1779.3,2656.4,9.4945, 180.13, 365.64
    4740,    4800,149.19,2006.3,2813.4,11.952, 200.57, 381.34
    4800,    4860,139.39,2171.6,2941.9,11.364, 215.44, 394.19
    4860,    4920,103.33,1646.2,2466.8,9.2, 168.16, 346.68
    4920,    4980,73.01,1249.2,2077.6,7.3806, 132.43, 307.76
    4980,    5040,72.561,1306.7,2054.8,7.3537, 137.6, 305.48
    5040,    5100,162.13,1757.7,2499.6,12.728, 178.19, 349.96
    5100,    5160,115.52,1805.3,2801.4,9.9315, 182.47, 380.14
    5160,    5220,82.866,1577.7,2437.3,7.9719, 161.99, 343.73
    5220,    5280,89.196,1555.9,2401.8,8.3518, 160.03, 340.18
    5280,    5340,70.549,1605.8,2478.8,7.233, 164.52, 347.88
    5340,    5400,55.845,1549.3,2377.3,6.3507, 159.44, 337.73
    5400,    5460,49.809,1613.3,2389,5.9886, 165.2, 338.9
    5460,    5520,40.825,1455.7,2224,5.4495, 151.01, 322.4
    5520,    5580,37.95,1447.6,2217.5,5.277, 150.29, 321.75
    5580,    5640,106.63,2013.1,3377.6,9.3978, 201.18, 437.76
    5640,    5700,60.923,1903.3,2681.4,6.6554, 191.3, 368.14
    5700,    5760,44.034,1767.4,2510.5,5.642, 179.07, 351.05
    5760,    5820,59.508,2187.5,2893.9,6.5705, 216.87, 389.39
    5820,    5880,1791.9,6809.7,11256,110.51, 632.87, 1225.6
    5880,    5940,194.11,3476.6,4220.5,14.647, 332.9, 522.05
    5940,    6000,139.46,3398.1,4244.5,11.368, 325.83, 524.45
    6000,    6060,77.404,2936.5,4199.9,7.6442, 284.28, 519.99
    6060,    6120,62.156,2544.1,3434.7,6.7294, 248.97, 443.47
    6120,    6180,63.709,2521.5,3473.2,6.8225, 246.94, 447.32
    6180,    6240,64.887,2470.8,3353.2,6.8932, 242.38, 435.32
    6240,    6300,50.206,1998.7,2843.9,6.0123, 199.88, 384.39
    6300,    6360,68.076,2666.7,3568.5,7.0846, 260, 456.85
    6360,    6420,59.69,2511.6,3380.9,6.5814, 246.05, 438.09
    6420,    6480,62.226,2698.4,3477.1,6.7336, 262.85, 447.71
    6480,    6540,63.096,2684.7,3465.9,6.7858, 261.62, 446.59
    6540,    6600,57.479,2563.3,3441.6,6.4488, 250.7, 444.16
    6600,    6660,57.004,2270.9,3067.8,6.4203, 224.38, 406.78
    6660,    6720,48.445,2251.7,3104.1,5.9067, 222.66, 410.41
    6720,    6780,240.98,3287.4,4634.2,17.459, 315.86, 563.42
    6780,    6840,100.49,3373.1,4364.3,9.0294, 323.58, 536.43
    6840,    6900,71.942,3427.4,4349.3,7.3165, 328.47, 534.93
    6900,    6960,55.132,2956,4157.3,6.3079, 286.04, 515.73
    6960,    7020,49.299,2765.1,3641.7,5.9579, 268.86, 464.17
    7020,    7080,45.817,2832.5,3699.1,5.749, 274.92, 469.91
    7080,    7140,47.656,2952.4,3635.3,5.8593, 285.71, 463.53
    7140,    7200,48.217,2932,3867.8,5.893, 283.88, 486.78
    7200,    7260,40.466,2878.4,3791.7,5.4279, 279.05, 479.17
    7260,    7320,40.546,3226.6,4195.5,5.4328, 310.4, 519.55
    7320,    7380,52.036,3519.6,4119.8,6.1222, 336.77, 511.98
    7380,    7440,58.638,4533.9,4682.1,6.5183, 428.05, 568.21
    7440,    7500,31.51,2570.3,3571.9,4.8906, 251.33, 457.19
    7500,    7560,56.51,4211.1,4840.5,6.3906, 399, 584.05
    7560,    7620,69.027,4221.1,5196.1,7.1416, 399.9, 619.61
    7620,    7680,61.509,3462.3,4650.8,6.6906, 331.61, 565.08
    7680,    7740,144.04,3503.1,3817,11.642, 335.28, 481.7
    7740,    7800,214.14,3555.8,5075.1,15.849, 340.02, 607.51
    7800,    7860,149.41,3021,4274.2,11.965, 291.89, 527.42
    7860,    7920,114.84,2078.6,3570.1,9.8902, 207.07, 457.01
    7920,    7980,398.8,3616.6,4714.6,26.928, 345.49, 571.46
    7980,    8040,306.63,4508.1,7389.4,21.398, 425.73, 838.94
    8040,    8100,120.56,3963.3,6506.4,10.234, 376.7, 750.64
    8100,    8160,46.35,2881.5,3958.3,5.781, 279.33, 495.83
    8160,    8220,33.373,1916.2,2878.1,5.0024, 192.46, 387.81
    8220,    8280,28.015,1886.2,2991.6,4.6809, 189.76, 399.16
    8280,    8340,30.867,1547,2599,4.852, 159.23, 359.9
    8340,    8400,87.121,2149.2,2877.1,8.2272, 213.42, 387.71
    8400,    8460,861.48,3932.9,4700.9,54.689, 373.96, 570.09
    8460,    8520,96.777,1985.1,4222.6,8.8066, 198.66, 522.26
    8520,    8580,204.57,2379,3242.1,15.274, 234.11, 424.21
    8580,    8640,44.485,1784.3,2514.1,5.6691, 180.59, 351.41
    8640,    8700,216.49,3019.8,3410.2,15.989, 291.78, 441.02
    8700,    8760,236.55,3455.6,4150.4,17.193, 331.01, 515.04
    8760,    8820,399,4096.1,5176.5,26.94, 388.65, 617.65
    8820,    8880,-9999,-9999,-9999,-9999, -9999, -9999
    8880,    8940,-9999,-9999,-9999,-9999, -9999, -9999
    8940,    9000,-9999,-9999,-9999,-9999, -9999, -9999
    9000,    9060,-9999,-9999,-9999,-9999, -9999, -9999
    9060,    9120,-9999,-9999,-9999,-9999, -9999, -9999
    9120,    9180,-9999,-9999,-9999,-9999, -9999, -9999
    9180,    9240,-9999,-9999,-9999,-9999, -9999, -9999
    9240,    9300,31.517,1516,2284,4.891, 156.44, 328.4
    9300,    9360,56.35,1597.4,2673.5,6.381, 163.77, 367.35
    9360,    9420,56.082,1750.9,2773.7,6.3649, 177.59, 377.37
    9420,    9480,20.452,1525.8,2392.7,4.2271, 157.32, 339.27
    9480,    9540,18.01,1496.7,2303.2,4.0806, 154.7, 330.32
    9540,    9600,41.558,1973,2716.3,5.4935, 197.57, 371.63
    9600,    9660,27.183,2517.1,3306.5,4.631, 246.54, 430.65
    9660,    9720,24.176,2387.5,3895.1,4.4505, 234.88, 489.51
    9720,    9780,49.815,2407.7,3543.7,5.9889, 236.7, 454.37
    9780,    9840,88.059,2809.6,3274.4,8.2835, 272.87, 427.44
    9840,    9900,2277.9,8983.5,5888.7,139.67, 828.51, 688.87
    9900,    9960,111.41,2536.9,5110.1,9.6846, 248.32, 611.01
    9960,   10020,980.43,5220.6,6887.2,61.826, 489.86, 788.72
   10020,   10080,28.367,1764.2,2756.6,4.702, 178.78, 375.66
   10080,   10140,36.675,2228.4,2958.7,5.2005, 220.56, 395.87
   10140,   10200,1653.2,7847.5,7235.1,102.19, 726.27, 823.51
   10200,   10260,346.96,4137.2,7427.6,23.818, 392.35, 842.76
   10260,   10320,83.115,2390.1,3850.6,7.9869, 235.11, 485.06
   10320,   10380,269.6,2459.9,3175.9,19.176, 241.39, 417.59
   10380,   10440,102.35,2164.6,3705.3,9.1412, 214.81, 470.53
   10440,   10500,54.654,1857.5,2785.6,6.2792, 187.17, 378.56
   10500,   10560,64.946,1884.4,2891.5,6.8967, 189.59, 389.15
   10560,   10620,458.74,3172.8,3595.8,30.524, 305.56, 459.58
   10620,   10680,125.58,2653.9,3772.9,10.535, 258.85, 477.29
   10680,   10740,162.88,2500.2,3360.4,12.773, 245.02, 436.04
   10740,   10800,102.73,2013.6,3173.3,9.1638, 201.22, 417.33
   10800,   10860,50.841,1862.6,2802.3,6.0505, 187.63, 380.23
   10860,   10920,141.24,1998.8,2819.9,11.474, 199.89, 381.99
   10920,   10980,212.43,2613.6,4060.3,15.746, 255.22, 506.03
   10980,   11040,245.08,2657,3851.2,17.705, 259.13, 485.12
   11040,   11100,456.53,4670.9,6148.5,30.392, 440.39, 714.85
   11100,   11160,127.21,2714.9,4191.7,10.632, 264.34, 519.17
   11160,   11220,171.11,2902.8,4012.5,13.267, 281.26, 501.25
   11220,   11280,36.575,2095.2,3024.2,5.1945, 208.57, 402.42
   11280,   11340,33.583,1741.2,2627.8,5.015, 176.71, 362.78
   11340,   11400,47.661,1915.5,2792.7,5.8596, 192.39, 379.27
   11400,   11460,34.757,1708,2566.1,5.0854, 173.72, 356.61
   11460,   11520,34.006,1551.3,2436.9,5.0404, 159.62, 343.69
   11520,   11580,39.665,1833.4,2474.4,5.3799, 185, 347.44
   11580,   11640,92.217,2397.8,3152.1,8.533, 235.81, 415.21
   11640,   11700,45.263,2756.6,3573.9,5.7158, 268.1, 457.39
   11700,   11760,24.909,2199.2,3338.4,4.4946, 217.93, 433.84
   11760,   11820,25.279,2134.7,3067.8,4.5167, 212.13, 406.78
   11820,   11880,19.943,2581.8,3363.9,4.1966, 252.36, 436.39
   11880,   11940,30.982,3410.7,3941.4,4.8589, 326.96, 494.14
   11940,   12000,20.171,5663.6,6248.8,4.2103, 529.72, 724.88
   12000,   12060,10.297,8306.2,9192.7,3.6178, 767.56, 1019.3
   12060,   12120,10.84,7721.9,8855.7,3.6504, 714.97, 985.57
   12120,   12180,9.4481,7861.8,9025.7,3.5669, 727.56, 1002.6
   12180,   12240,9.8446,9236.5,9659,3.5907, 851.29, 1065.9
   12240,   12300,10.436,9751.1,10937,3.6261, 897.6, 1193.7
   12300,   12360,24.588,9858.8,11248,4.4753, 907.29, 1224.8
   12360,   12420,21.28,5755.1,8000.3,4.2768, 537.96, 900.03
   12420,   12480,43.986,3977.6,5176.3,5.6392, 377.98, 617.63
   12480,   12540,64.84,2882.7,3870.9,6.8904, 279.44, 487.09
   12540,   12600,61.409,2394.6,3572.1,6.6845, 235.51, 457.21
   12600,   12660,42.757,2102.4,3059.6,5.5654, 209.22, 405.96
   12660,   12720,56.264,2178.2,3015.1,6.3758, 216.04, 401.51
   12720,   12780,50.917,2066.1,2975.9,6.055, 205.95, 397.59
   12780,   12840,20.067,1682.1,2694.3,4.204, 171.39, 369.43
   12840,   12900,31.709,1589.2,2513.1,4.9025, 163.03, 351.31
   12900,   12960,193.47,1793,2635.7,14.608, 181.37, 363.57
   12960,   13020,72.8,1711.2,2785.2,7.368, 174, 378.52
   13020,   13080,148.71,2080.1,2933,11.923, 207.21, 393.3
   13080,   13140,107.72,2282.5,3293.4,9.4631, 225.43, 429.34
   13140,   13200,32.31,1743.8,2732.9,4.9386, 176.94, 373.29
   13200,   13260,30.411,1544.4,2453.2,4.8246, 159, 345.32
   13260,   13320,17.078,1572.2,2448.6,4.0247, 161.5, 344.86
   13320,   13380,26.51,1750,2530.5,4.5906, 177.5, 353.05
   13380,   13440,112.14,2330.9,3236.1,9.7283, 229.78, 423.61
   13440,   13500,28.554,2155.2,3085.7,4.7132, 213.97, 408.57
   13500,   13560,16.125,1812.8,2861.3,3.9675, 183.15, 386.13
   13560,   13620,20.853,1625.8,2571.2,4.2512, 166.32, 357.12
   13620,   13680,39.072,1975.5,2813.5,5.3443, 197.8, 381.35
   13680,   13740,32.091,2237.4,3069.4,4.9255, 221.37, 406.94
   13740,   13800,48.995,2610.4,3243.2,5.9397, 254.94, 424.32
   13800,   13860,54.665,2744.1,3433.5,6.2799, 266.97, 443.35
   13860,   13920,67.552,1869.4,2945.9,7.0531, 188.25, 394.59
   13920,   13980,108.61,1832.8,2891.9,9.5167, 184.95, 389.19
   13980,   14040,19.44,1403.9,2305.5,4.1664, 146.35, 330.55
   14040,   14100,18.027,2879,3477.3,4.0816, 279.11, 447.73
   14100,   14160,16.431,3929.6,4688.2,3.9859, 373.66, 568.82
   14160,   14220,14.323,5844,6786.1,3.8594, 545.96, 778.61
   14220,   14280,18.869,9556.9,9857.4,4.1321, 880.12, 1085.7
   14280,   14340,21.163,9379.6,10549,4.2698, 864.16, 1154.9
   14340,   14400,201.76,11018,12190,15.106, 1011.6, 1319
   14400,   14460,142.31,11598,12977,11.539, 1063.8, 1397.7
   14460,   14520,27.29,12147,13504,4.6374, 1113.2, 1450.4
   14520,   14580,57.193,12738,14608,6.4316, 1166.5, 1560.8
   14580,   14640,23.652,13031,14919,4.4191, 1192.8, 1591.9
   14640,   14700,17.808,13509,15084,4.0685, 1235.8, 1608.4
   14700,   14760,50.132,14179,16109,6.0079, 1296.1, 1710.9
   14760,   14820,34.886,13774,15980,5.0932, 1259.6, 1698
   14820,   14880,21.189,13714,15568,4.2713, 1254.2, 1656.8
   14880,   14940,37.704,13898,15860,5.2623, 1270.8, 1686
   14940,   15000,32.919,13446,16000,4.9751, 1230.2, 1700
   15000,   15060,32.858,12975,15196,4.9715, 1187.8, 1619.6
   15060,   15120,38.301,12708,15225,5.2981, 1163.8, 1622.5
   15120,   15180,30.677,12195,14422,4.8406, 1117.6, 1542.2
   15180,   15240,25.399,12318,14188,4.5239, 1128.6, 1518.8
   15240,   15300,232.01,13571,14506,16.92, 1241.4, 1550.6
   15300,   15360,99.624,13740,15286,8.9774, 1256.6, 1628.6
   15360,   15420,39.638,13612,15417,5.3783, 1245.1, 1641.7
   15420,   15480,28.211,13564,15592,4.6927, 1240.8, 1659.2
   15480,   15540,18.507,12743,15034,4.1104, 1166.9, 1603.4
   15540,   15600,21.732,12689,14608,4.3039, 1162, 1560.8
   15600,   15660,41.434,12850,14822,5.486, 1176.5, 1582.2
   15660,   15720,25.788,9069.6,13802,4.5473, 836.27, 1480.2
   15720,   15780,21.936,7377,10073,4.3162, 683.93, 1107.3
