CampaignData_and_Merges/R0/CSL_MobileLab_Parked/raw/20240728/USOS-MetNav_MobileLabGround_20240728_R0.ict
44, 1001
Carrie Womack, Nate Howard, Mike Zucker
NOAA Chemical Sciences Laboratory
Mobile Lab MetNav Station
USOS
1, 1
2024, 07, 28, 2024, 12, 21
60
Time_Start, seconds_past_midnight, Seconds from midnight UTC
11
1, 1, 1, 1, 1, 1, 1, 1, 1, 1, 1
-9999, -9999, -9999, -9999, -9999, -9999, -9999, -9999, -9999, -9999, -9999
GPS_Alt_m, meters, Altitude from Differential GPS
GPS_Course_deg, degrees, Course from Differential GPS
GPS_GndSpd_m_s, m/s, Ground Speed from Differential GPS
GPS_Heading_deg, degrees, Heading from Differential GPS
GPS_Lat_deg, degrees, Latitude from Differential GPS
GPS_Lon_deg, degrees, Longitude from Differential GPS
AirTemp_C, Celsius, Air Temperature from Airmar
RelHumidity_pct, percent, Relative Humidity from Airmar
Pressure_mb, millibars, Pressure from Honeywell
WindDir_calc_deg, degrees, Wind Direction from Airmar corrected for van movement
WindSpd_calc_m_s, m/s, Wind Speed from Airmar corrected for van movement
1
SPECIAL COMMENTS:
18
PI_CONTACT_INFO: Address: 325 Broadway R/CSL7, Boulder, CO, 80305
PLATFORM: CSL Mobile Lab
LOCATION: Salt Lake City, UT
ASSOCIATED_DATA: N/A
INSTRUMENT_INFO: N/A
DATA_INFO: Units:
UNCERTAINTY: N/A
ULOD_FLAG: -7777
ULOD_VALUE: N/A
LLOD_FLAG: -8888
LLOD_VALUE: N/A
DM_CONTACT_INFO: Data Manager: Nate Howard
PROJECT_INFO: 
STIPULATIONS_ON_USE: Use of these data require prior ok from PI.
OTHER_COMMENTS: 
REVISION: R0
R0: Final data. Fixed bug in wind averaging code. RA: Preliminary Data. For in-field use only. 
Time_Start, GPS_Alt_m, GPS_Course_deg, GPS_GndSpd_m_s, GPS_Heading_deg, GPS_Lat_deg, GPS_Lon_deg, AirTemp_C, RelHumidity_pct, Pressure_mb, WindDir_calc_deg, WindSpd_calc_m_s
[from data line 212]
12720.0,1308.3,3.71,0.05,3.71,40.73434,-111.87211,25.1,28.8,868.9,115.81,1.4
12780.0,1308.4,4.06,0.05,4.06,40.73434,-111.87211,25.1,28.9,868.9,118.85,1.7
12840.0,1308.3,4.26,0.05,4.26,40.73434,-111.87211,25.1,29.0,869.0,118.03,1.4
12900.0,1308.3,4.31,0.05,4.31,40.73434,-111.87211,24.9,29.0,869.0,118.90,2.4
12960.0,1308.3,4.25,0.05,4.25,40.73434,-111.87211,24.9,29.0,869.0,111.42,2.0
13020.0,1308.3,4.06,0.05,4.06,40.73434,-111.87211,24.9,29.1,869.0,114.72,1.3
13080.0,1308.3,4.11,0.05,4.11,40.73434,-111.87211,24.8,29.2,869.0,112.49,1.7
13140.0,1308.4,4.24,0.05,4.24,40.73434,-111.87211,24.7,29.2,869.0,117.51,3.2
13200.0,1308.6,3.86,0.05,3.86,40.73434,-111.87211,24.7,29.3,869.0,131.98,1.0
13260.0,1308.6,3.82,0.05,3.82,40.73434,-111.87211,24.8,29.2,869.0,139.32,0.6
13320.0,1308.6,3.89,0.05,3.89,40.73434,-111.87211,24.8,29.2,869.0,107.22,0.9
13380.0,1308.7,3.62,0.05,3.62,40.73434,-111.87211,24.8,29.2,869.1,130.09,1.0
13440.0,1308.8,3.37,0.05,3.37,40.73434,-111.87210,24.8,29.1,869.1,106.75,1.0
13500.0,1308.8,3.73,0.05,3.73,40.73434,-111.87210,24.7,29.1,869.1,115.85,1.0
13560.0,1308.6,3.71,0.04,3.71,40.73434,-111.87210,24.7,29.0,869.1,120.66,1.7
13620.0,1308.6,3.45,0.05,3.45,40.73434,-111.87210,24.6,29.2,869.1,111.16,0.8
13680.0,1308.6,3.82,0.04,3.82,40.73434,-111.87210,24.6,29.4,869.1,127.40,1.5
13740.0,1308.6,3.75,0.05,3.75,40.73434,-111.87210,24.6,29.6,869.1,95.24,0.6
13800.0,1308.5,3.27,0.06,3.27,40.73434,-111.87210,24.6,29.4,869.1,100.11,0.8
13860.0,1308.5,3.25,0.05,3.25,40.73434,-111.87210,24.5,29.2,869.1,109.79,2.2
13920.0,1308.5,3.00,0.05,3.00,40.73434,-111.87210,24.5,29.3,869.1,115.33,2.5
13980.0,1308.6,2.29,0.05,2.29,40.73434,-111.87210,24.5,29.2,869.1,114.70,2.0
14040.0,1308.7,2.77,0.05,2.77,40.73434,-111.87210,24.5,29.3,869.1,100.26,0.7
14100.0,1308.7,2.90,0.04,2.90,40.73434,-111.87211,24.6,29.6,869.2,82.68,0.7
14160.0,1308.5,3.86,0.06,3.86,40.73434,-111.87211,24.5,29.9,869.2,69.48,0.6
14220.0,1308.4,4.15,0.04,4.15,40.73434,-111.87211,24.5,30.4,869.2,45.76,0.3
14280.0,1308.4,4.55,0.05,4.55,40.73434,-111.87211,24.4,30.8,869.2,118.98,1.3
14340.0,1308.4,4.77,0.05,4.77,40.73434,-111.87211,24.4,30.8,869.2,118.03,1.0
14400.0,1308.4,4.85,0.05,4.85,40.73434,-111.87211,24.4,30.9,869.2,100.63,0.6
14460.0,1308.4,5.21,0.05,5.21,40.73434,-111.87211,24.3,31.0,869.3,100.21,0.6
14520.0,1308.4,4.44,0.05,4.44,40.73434,-111.87211,24.3,31.2,869.3,86.44,0.5
14580.0,1308.4,4.06,0.05,4.06,40.73434,-111.87211,24.2,31.4,869.3,98.97,0.6
14640.0,1308.3,3.84,0.05,3.84,40.73434,-111.87211,24.1,31.4,869.3,88.12,0.5
14700.0,1307.7,3.20,0.05,3.20,40.73434,-111.87211,24.1,31.5,869.3,91.32,0.5
14760.0,1308.0,3.11,0.06,3.11,40.73434,-111.87211,24.0,31.7,869.4,106.03,0.7
14820.0,1308.4,2.98,0.06,2.98,40.73434,-111.87211,24.0,31.9,869.4,113.58,0.7
14880.0,1308.3,3.43,0.05,3.43,40.73434,-111.87211,23.9,32.0,869.4,112.72,0.8
14940.0,1307.5,3.38,0.05,3.38,40.73434,-111.87211,23.8,32.1,869.4,102.81,0.7
15000.0,1307.4,3.77,0.05,3.77,40.73434,-111.87211,23.9,32.0,869.4,105.03,0.5
15060.0,1307.3,3.64,0.05,3.64,40.73434,-111.87211,23.9,32.1,869.4,109.32,0.4
15120.0,1307.7,3.63,0.05,3.63,40.73434,-111.87211,23.8,32.1,869.4,118.12,0.7
15180.0,1307.9,3.45,0.06,3.45,40.73434,-111.87211,23.8,32.2,869.4,118.94,1.1
15240.0,1308.1,3.43,0.05,3.43,40.73434,-111.87211,23.7,32.2,869.4,118.22,1.1
15300.0,1308.2,3.67,0.05,3.67,40.73434,-111.87211,23.7,32.1,869.3,128.41,0.9
15360.0,1308.2,4.42,0.05,4.42,40.73434,-111.87211,23.7,32.0,869.3,86.13,0.4
15420.0,1308.0,5.02,0.05,5.02,40.73434,-111.87211,23.7,32.0,869.3,114.55,0.4
15480.0,1308.0,4.81,0.05,4.81,40.73434,-111.87211,23.8,32.0,869.3,110.40,0.4
15540.0,1308.0,4.30,0.05,4.30,40.73434,-111.87211,23.7,32.2,869.3,103.45,0.3
15600.0,1308.1,3.64,0.05,3.64,40.73434,-111.87211,23.8,32.3,869.3,93.11,0.2
15660.0,1308.0,3.70,0.05,3.70,40.73434,-111.87211,23.8,32.0,869.3,98.95,0.6
15720.0,1308.0,3.87,0.06,3.87,40.73434,-111.87211,23.8,31.1,869.3,104.79,1.0
15780.0,1308.1,3.74,0.05,3.74,40.73434,-111.87211,23.8,31.5,869.3,66.31,0.1
15840.0,1308.1,3.66,0.05,3.66,40.73434,-111.87211,23.8,31.8,869.4,85.90,0.5
15900.0,1307.9,3.65,0.06,3.65,40.73434,-111.87211,23.8,31.0,869.4,117.24,0.9
15960.0,1307.7,3.62,0.06,3.62,40.73434,-111.87211,23.8,31.2,869.4,80.86,0.2
16020.0,1307.9,3.53,0.05,3.53,40.73434,-111.87211,23.9,31.9,869.4,101.00,0.2
16080.0,1307.9,3.25,0.05,3.25,40.73434,-111.87211,23.9,32.1,869.4,73.61,0.6
16140.0,1308.0,3.10,0.06,3.10,40.73434,-111.87211,23.8,32.1,869.4,91.35,0.5
16200.0,1308.1,3.38,0.05,3.38,40.73434,-111.87211,23.8,31.9,869.4,120.29,0.7
16260.0,1308.3,3.29,0.04,3.29,40.73434,-111.87211,23.8,32.2,869.4,111.36,0.8
16320.0,1308.3,2.61,0.05,2.61,40.73434,-111.87211,23.7,32.2,869.4,112.93,0.9
16380.0,1308.4,3.40,0.05,3.40,40.73434,-111.87211,23.7,32.1,869.4,128.26,1.2
16440.0,1308.3,3.12,0.05,3.12,40.73434,-111.87211,23.7,32.1,869.5,124.68,0.9
16500.0,1308.1,3.13,0.05,3.13,40.73434,-111.87211,23.7,32.3,869.5,157.93,0.3
16560.0,1307.9,3.73,0.05,3.73,40.73434,-111.87211,23.7,32.8,869.5,340.70,0.1
16620.0,1307.9,3.27,0.06,3.27,40.73434,-111.87211,23.6,32.9,869.6,72.88,0.3
16680.0,1307.9,3.34,0.06,3.34,40.73434,-111.87211,23.5,33.0,869.6,96.34,0.7
16740.0,1307.9,3.41,0.05,3.41,40.73434,-111.87211,23.5,33.1,869.6,127.92,0.4
16800.0,1308.1,3.40,0.05,3.40,40.73434,-111.87211,23.6,32.9,869.5,129.11,0.5
16860.0,1308.1,3.25,0.06,3.25,40.73434,-111.87211,23.6,32.8,869.5,150.98,0.3
16920.0,1308.1,3.17,0.05,3.17,40.73434,-111.87211,23.6,33.0,869.5,282.57,0.1
16980.0,1308.2,3.25,0.05,3.25,40.73434,-111.87211,23.6,33.2,869.5,106.91,0.6
17040.0,1308.2,3.02,0.06,3.02,40.73434,-111.87211,23.5,33.3,869.5,111.42,1.2
17100.0,1308.2,3.13,0.05,3.13,40.73434,-111.87211,23.4,33.4,869.5,110.47,0.7
17160.0,1308.3,3.31,0.06,3.31,40.73434,-111.87211,23.4,33.2,869.5,129.06,0.9
17220.0,1308.3,3.30,0.05,3.30,40.73434,-111.87211,23.4,33.0,869.5,139.62,0.6
17280.0,1308.4,3.12,0.06,3.12,40.73434,-111.87211,23.4,32.9,869.5,162.51,0.6
17340.0,1308.3,3.03,0.05,3.03,40.73434,-111.87211,23.5,32.8,869.5,131.78,0.5
17400.0,1308.3,2.98,0.05,2.98,40.73434,-111.87211,23.6,32.8,869.5,137.71,0.6
17460.0,1308.2,3.49,0.05,3.49,40.73435,-111.87211,23.7,32.9,869.6,121.37,0.9
17520.0,1308.2,3.18,0.05,3.18,40.73435,-111.87211,23.7,32.7,869.6,94.65,0.6
17580.0,1308.2,3.16,0.05,3.16,40.73435,-111.87211,23.7,32.8,869.6,203.71,0.2
17640.0,1307.9,2.82,0.05,2.82,40.73435,-111.87211,23.7,32.8,869.6,255.04,0.1
17700.0,1307.9,3.39,0.05,3.39,40.73434,-111.87211,23.7,33.0,869.6,125.55,0.7
17760.0,1307.9,3.58,0.05,3.58,40.73434,-111.87211,23.7,32.8,869.6,132.65,0.7
17820.0,1307.4,3.45,0.05,3.45,40.73434,-111.87211,23.8,32.8,869.7,104.71,0.2
17880.0,1307.2,3.22,0.04,3.22,40.73434,-111.87211,23.8,32.7,869.7,120.23,0.8
17940.0,1307.0,3.04,0.04,3.04,40.73434,-111.87211,23.8,32.6,869.7,103.06,0.4
18000.0,1306.9,2.81,0.04,2.81,40.73434,-111.87211,23.8,33.0,869.8,130.13,1.5
18060.0,1306.8,2.82,0.04,2.82,40.73434,-111.87211,23.8,33.1,869.8,159.06,1.0
18120.0,1306.8,2.86,0.05,2.86,40.73434,-111.87211,23.9,33.1,869.8,137.43,0.6
18180.0,1306.8,2.86,0.04,2.86,40.73434,-111.87211,24.1,32.9,869.9,118.04,0.5
18240.0,1306.7,2.85,0.04,2.85,40.73434,-111.87211,24.2,32.7,869.9,135.72,0.7
18300.0,1306.6,2.90,0.04,2.90,40.73434,-111.87211,24.3,32.7,870.0,154.64,0.7
18360.0,1306.6,2.69,0.04,2.69,40.73434,-111.87211,24.3,33.0,870.1,220.14,0.9
18420.0,1306.6,2.69,0.04,2.69,40.73434,-111.87211,24.3,33.5,870.1,216.20,0.8
18480.0,1306.7,2.28,0.05,2.28,40.73434,-111.87211,24.3,33.8,870.2,184.88,0.3
18540.0,1306.8,2.44,0.04,2.44,40.73434,-111.87211,24.4,34.1,870.2,209.76,0.4
18600.0,1307.0,2.49,0.04,2.49,40.73434,-111.87211,24.5,34.5,870.3,249.47,0.3
18660.0,1307.1,2.18,0.04,2.18,40.73434,-111.87211,24.5,35.0,870.4,183.96,0.4
18720.0,1306.9,1.94,0.05,1.94,40.73434,-111.87211,24.4,35.5,870.5,219.45,1.3
18780.0,1306.9,2.45,0.04,2.45,40.73434,-111.87211,24.3,36.1,870.6,224.78,1.1
18840.0,1307.1,2.54,0.04,2.54,40.73434,-111.87211,24.1,37.1,870.7,277.70,1.1
18900.0,1307.2,2.24,0.05,2.24,40.73434,-111.87211,24.1,37.5,870.7,220.25,0.5
18960.0,1307.4,2.02,0.05,2.02,40.73434,-111.87211,24.1,37.7,870.8,206.11,0.5
19020.0,1307.5,1.88,0.05,1.88,40.73434,-111.87211,24.1,37.9,870.7,114.81,0.1
19080.0,1307.6,1.25,0.05,1.25,40.73434,-111.87211,24.1,38.1,870.7,332.08,0.1
19140.0,1307.7,1.52,0.04,1.52,40.73434,-111.87211,24.0,38.5,870.6,139.77,0.5
19200.0,1308.0,1.80,0.04,1.80,40.73434,-111.87211,23.9,38.8,870.6,114.48,0.1
19260.0,1308.3,2.14,0.04,2.14,40.73434,-111.87211,23.8,38.8,870.6,81.03,0.6
19320.0,1308.2,1.91,0.04,1.91,40.73434,-111.87211,23.8,39.2,870.7,137.37,0.6
19380.0,1308.3,1.44,0.05,1.44,40.73434,-111.87211,23.9,39.5,870.8,127.34,0.3
19440.0,1308.3,1.48,0.04,1.48,40.73434,-111.87211,23.9,39.5,870.9,216.18,0.2
19500.0,1308.3,1.94,0.05,1.94,40.73434,-111.87211,23.9,39.8,870.9,247.35,0.6
19560.0,1308.2,2.05,0.05,2.05,40.73434,-111.87211,23.8,40.4,870.9,224.31,0.9
19620.0,1308.3,1.73,0.05,1.73,40.73435,-111.87211,23.7,40.4,870.8,104.79,0.7
19680.0,1308.5,1.80,0.05,1.80,40.73435,-111.87211,23.5,40.6,870.8,87.84,0.9
19740.0,1308.8,2.08,0.05,2.08,40.73434,-111.87211,23.3,40.6,870.7,93.01,0.7
19800.0,1308.9,2.24,0.05,2.24,40.73434,-111.87211,23.3,40.7,870.7,101.68,0.6
19860.0,1308.7,2.34,0.05,2.34,40.73434,-111.87211,23.2,40.6,870.6,116.59,0.7
19920.0,1308.6,2.41,0.05,2.41,40.73435,-111.87212,23.2,41.1,870.6,131.46,1.0
19980.0,1308.8,2.75,0.05,2.75,40.73434,-111.87211,23.0,41.4,870.6,105.37,0.8
20040.0,1309.1,2.97,0.05,2.97,40.73434,-111.87211,22.8,41.5,870.6,105.29,1.4
20100.0,1309.6,3.03,0.06,3.03,40.73434,-111.87211,22.7,41.9,870.5,111.48,1.8
20160.0,1309.6,3.09,0.05,3.09,40.73434,-111.87211,22.6,42.2,870.4,106.64,1.7
20220.0,1309.5,3.65,0.05,3.65,40.73434,-111.87211,22.5,42.5,870.4,113.58,1.9
20280.0,1309.6,3.81,0.04,3.81,40.73434,-111.87211,22.3,42.4,870.3,113.40,2.0
20340.0,1309.6,3.46,0.05,3.46,40.73434,-111.87211,22.3,42.5,870.3,110.42,1.9
20400.0,1309.6,2.87,0.05,2.87,40.73434,-111.87211,22.2,42.5,870.3,113.39,2.3
20460.0,1309.8,3.01,0.05,3.01,40.73434,-111.87211,22.1,42.7,870.3,113.69,2.8
20520.0,1309.9,3.22,0.05,3.22,40.73434,-111.87211,22.0,42.5,870.2,111.65,3.5
20580.0,1309.7,3.37,0.05,3.37,40.73434,-111.87211,21.9,42.7,870.2,118.78,3.2
20640.0,1309.7,3.12,0.05,3.12,40.73434,-111.87211,21.9,42.7,870.1,120.76,3.5
20700.0,1309.7,3.08,0.04,3.08,40.73434,-111.87211,21.8,42.4,870.0,116.56,3.3
20760.0,1309.6,2.99,0.05,2.99,40.73434,-111.87211,21.9,41.7,869.9,111.24,2.6
20820.0,1309.6,3.35,0.04,3.35,40.73434,-111.87211,21.9,40.9,869.8,107.40,2.6
20880.0,1309.6,3.04,0.05,3.04,40.73434,-111.87211,21.9,39.6,869.6,111.24,3.2
20940.0,1309.6,3.16,0.05,3.16,40.73434,-111.87211,21.9,38.8,869.5,105.49,1.7
21000.0,1309.6,3.44,0.04,3.44,40.73434,-111.87211,22.0,38.1,869.5,110.91,1.4
21060.0,1309.4,3.37,0.04,3.37,40.73434,-111.87211,22.1,37.3,869.4,107.28,1.7
21120.0,1309.2,3.22,0.04,3.22,40.73434,-111.87211,22.1,36.6,869.4,106.06,1.5
21180.0,1309.1,3.27,0.05,3.27,40.73434,-111.87211,22.2,35.7,869.3,106.11,1.3
21240.0,1309.3,3.60,0.05,3.60,40.73434,-111.87211,22.2,34.5,869.2,111.08,1.5
21300.0,1309.3,4.28,0.05,4.28,40.73434,-111.87211,22.3,34.0,869.2,106.84,1.9
21360.0,1309.3,3.70,0.04,3.70,40.73434,-111.87211,22.4,33.4,869.1,105.95,1.2
21420.0,1309.3,3.85,0.04,3.85,40.73434,-111.87211,22.4,32.5,869.1,103.00,2.0
21480.0,1309.4,3.75,0.04,3.75,40.73434,-111.87211,22.6,31.9,869.1,107.42,1.6
21540.0,1309.3,3.00,0.04,3.00,40.73434,-111.87211,22.6,31.5,869.1,95.31,1.4
21600.0,1309.3,3.15,0.04,3.15,40.73434,-111.87211,22.7,31.2,869.0,102.52,1.1
21660.0,1309.3,3.24,0.04,3.24,40.73434,-111.87211,22.8,30.9,869.1,108.48,2.0
21720.0,1309.3,3.58,0.04,3.58,40.73434,-111.87211,22.9,30.6,869.1,120.37,0.5
21780.0,1309.2,3.55,0.04,3.55,40.73434,-111.87211,23.0,30.3,869.2,93.46,0.4
21840.0,1309.1,2.99,0.04,2.99,40.73434,-111.87211,23.1,30.1,869.3,328.86,0.2
21900.0,1309.0,3.57,0.04,3.57,40.73434,-111.87211,23.2,30.2,869.5,340.49,0.2
21960.0,1308.8,3.86,0.04,3.86,40.73434,-111.87211,23.3,30.8,869.6,226.02,1.5
22020.0,1308.7,3.88,0.04,3.88,40.73434,-111.87211,23.4,31.1,869.6,223.03,1.4
22080.0,1308.6,3.98,0.04,3.98,40.73434,-111.87211,23.5,31.4,869.7,199.86,1.8
22140.0,1308.4,4.22,0.05,4.22,40.73434,-111.87211,23.6,31.4,869.8,199.32,2.0
22200.0,1308.2,3.63,0.04,3.63,40.73434,-111.87211,23.7,32.9,869.8,197.87,0.8
22260.0,1308.3,2.84,0.04,2.84,40.73434,-111.87211,23.7,35.7,869.9,220.63,1.1
22320.0,1308.2,3.02,0.05,3.02,40.73434,-111.87211,23.7,36.8,869.9,216.88,0.7
22380.0,1308.3,3.74,0.05,3.74,40.73434,-111.87211,23.6,37.2,869.8,160.84,0.5
22440.0,1308.2,4.13,0.04,4.13,40.73434,-111.87211,23.6,37.3,869.8,271.43,0.3
22500.0,1308.0,3.46,0.05,3.46,40.73434,-111.87211,23.6,37.7,869.8,331.97,0.2
22560.0,1308.0,3.63,0.04,3.63,40.73434,-111.87211,23.6,38.0,869.9,330.85,0.2
22620.0,1308.1,3.58,0.05,3.58,40.73434,-111.87211,23.7,38.4,869.9,232.46,0.5
22680.0,1308.1,3.48,0.04,3.48,40.73434,-111.87211,23.5,39.3,869.9,234.41,1.5
22740.0,1308.0,3.05,0.04,3.05,40.73434,-111.87211,23.5,39.6,869.9,221.80,0.5
22800.0,1308.1,3.43,0.04,3.43,40.73434,-111.87211,23.5,40.1,869.9,233.37,0.7
22860.0,1308.0,3.36,0.06,3.36,40.73434,-111.87211,23.4,40.2,869.9,137.17,0.2
22920.0,1308.0,3.48,0.05,3.48,40.73434,-111.87211,23.5,40.1,869.9,96.91,0.5
22980.0,1308.0,3.62,0.05,3.62,40.73434,-111.87211,23.4,40.4,869.9,229.03,0.7
23040.0,1308.0,4.07,0.05,4.07,40.73434,-111.87211,23.3,40.4,869.8,100.93,0.1
23100.0,1308.1,3.98,0.05,3.98,40.73434,-111.87211,23.1,40.6,869.9,51.29,0.5
23160.0,1308.1,3.70,0.05,3.70,40.73434,-111.87211,23.1,40.7,869.9,70.41,0.3
23220.0,1308.1,3.76,0.04,3.76,40.73434,-111.87211,23.1,40.7,869.9,68.51,0.2
23280.0,1308.2,3.87,0.06,3.87,40.73434,-111.87211,23.1,40.7,870.0,118.51,0.5
23340.0,1308.3,4.17,0.06,4.17,40.73434,-111.87211,23.1,40.8,870.1,202.44,0.8
23400.0,1308.3,3.95,0.05,3.95,40.73434,-111.87211,23.0,41.4,870.1,212.77,1.7
23460.0,1308.5,3.68,0.04,3.68,40.73434,-111.87211,22.9,42.0,870.1,171.20,2.3
23520.0,1308.5,3.57,0.06,3.57,40.73434,-111.87211,22.8,42.5,870.1,156.32,3.0
23580.0,1308.6,3.67,0.05,3.67,40.73434,-111.87211,22.8,42.8,870.1,167.30,1.5
23640.0,1308.5,3.65,0.05,3.65,40.73434,-111.87211,22.7,42.6,870.0,120.10,1.0
23700.0,1308.6,3.71,0.06,3.71,40.73434,-111.87211,22.6,42.2,870.0,38.15,0.4
23760.0,1308.7,3.59,0.05,3.59,40.73434,-111.87211,22.5,42.5,870.0,57.18,0.3
23820.0,1308.8,3.50,0.05,3.50,40.73434,-111.87211,22.5,42.4,870.0,93.47,0.4
23880.0,1308.3,2.96,0.04,2.96,40.73434,-111.87211,22.5,42.3,870.1,118.40,0.2
23940.0,1308.1,3.12,0.05,3.12,40.73434,-111.87211,22.5,42.0,870.1,90.76,0.2
24000.0,1308.2,3.34,0.05,3.34,40.73434,-111.87211,22.5,41.4,870.1,288.59,0.5
24060.0,1308.3,3.36,0.04,3.36,40.73434,-111.87211,22.5,41.0,870.1,277.54,0.5
24120.0,1308.4,3.33,0.04,3.33,40.73434,-111.87211,22.4,40.9,870.1,338.36,0.3
24180.0,1308.4,3.42,0.04,3.42,40.73434,-111.87211,22.3,41.0,870.1,0.78,0.3
24240.0,1308.3,3.49,0.05,3.49,40.73434,-111.87211,22.2,41.1,870.0,65.37,0.7
24300.0,1308.4,3.23,0.05,3.23,40.73434,-111.87211,22.1,41.1,870.1,27.22,0.3
24360.0,1308.5,2.84,0.04,2.84,40.73434,-111.87211,22.2,41.0,870.1,38.36,0.1
24420.0,1308.6,3.44,0.04,3.44,40.73434,-111.87211,22.1,40.8,870.1,234.04,0.4
24480.0,1308.6,2.91,0.05,2.91,40.73434,-111.87211,22.1,41.1,870.2,199.72,1.0
24540.0,1308.7,2.40,0.04,2.40,40.73434,-111.87211,22.0,41.3,870.3,144.75,0.5
24600.0,1308.9,2.54,0.04,2.54,40.73434,-111.87211,22.1,41.2,870.3,129.57,0.2
24660.0,1309.1,2.65,0.05,2.65,40.73434,-111.87211,22.1,41.1,870.3,160.80,0.1
24720.0,1309.3,2.77,0.05,2.77,40.73434,-111.87211,22.1,41.1,870.3,95.31,0.4
24780.0,1309.5,2.62,0.04,2.62,40.73434,-111.87211,21.9,41.1,870.3,26.38,0.5
24840.0,1309.5,2.85,0.04,2.85,40.73434,-111.87211,21.9,41.2,870.2,37.45,0.4
24900.0,1309.8,2.39,0.04,2.39,40.73434,-111.87211,21.8,41.2,870.2,56.66,0.4
24960.0,1309.9,2.48,0.05,2.48,40.73434,-111.87211,21.7,41.2,870.2,59.16,0.4
25020.0,1309.8,2.95,0.05,2.95,40.73434,-111.87211,21.6,41.1,870.2,72.39,0.5
25080.0,1309.8,3.44,0.05,3.44,40.73434,-111.87211,21.6,41.3,870.1,202.73,0.1
