CampaignData_and_Merges/R0/CSL_MobileLab_Parked/raw/20240728/USOS-PTR_MobileLabGround_20240728_R0.ict
58, 1001
Matthew Coggon, Kelvin Bates, Chelsea Stockwell, Carsten Warneke
NOAA ESRL Chemical Sciences Division
NOAA PTR-ToF-MS
USOS
1,1 
2024, 07, 28, 2025, 09, 19
0
Time_Start, seconds, number of seconds from 00:00 UTC 
22
1, 1, 1, 1, 1, 1, 1, 1, 1, 1, 1, 1, 1, 1, 1, 1, 1, 1, 1, 1, 1, 1
-9999, -9999, -9999, -9999, -9999, -9999, -9999, -9999, -9999, -9999, -9999, -9999, -9999, -9999, -9999, -9999, -9999, -9999, -9999, -9999, -9999, -9999
CH3OH_NOAAPTR_ppbv,  ppbv, Gas_CH3OH_InSitu_S_AVMR, (CH3OH) methanol
CH3CN_NOAAPTR_ppbv,  ppbv, Gas_CH3CN_InSitu_S_AVMR, (CH3CN) acetonitrile
CH3CHO_NOAAPTR_ppbv,  ppbv, Gas_CH3CHO_InSitu_S_AVMR, (CH3CHO) acetaldehyde plus contributions from ethylene glycol and ethylene oxide. Interference from ethanol has been subtracted out.
C2H5OH_NOAAPTR_ppbv,  ppbv, Gas_C2H5OH_InSitu_S_AVMR, (C2H5OH) ethanol
CH3SH_NOAAPTR_ppbv,  ppbv, Gas_CH3SH_InSitu_S_AVMR, (CH3SH) methanethiol, using calibration factor for DMS
Acrolein_NOAAPTR_ppbv,  ppbv, Gas_Acrolein_InSitu_S_AVMR, (C3H4O) acrolein
AcetonePropanal_NOAAPTR_ppbv,  ppbv, Gas_AcetoneAndPropanal_InSitu_S_AVMR, (C3H6O) sum of acetone (dominant isomer) and propanal, using calibration factor for acetone
DMS_NOAAPTR_ppbv,  ppbv, Gas_DMS_InSitu_S_AVMR, (C2H6S) dimethyl sulfide with possible small contributions from ethanethiol
C5H8_NOAAPTR_ppbv,  ppbv, Gas_Isoprene_InSitu_S_AVMR, (C5H8) isoprene and possible fragments from cycloalkanes and aldehydes. Interferences have been subtracted following methods described by Coggon et al (2023)
MVKMAC_NOAAPTR_ppbv,  ppbv, Gas_MVKAndMAC_InSitu_S_AVMR, (C4H6O) sum of methyl vinyl ketone, methacrolein, and small amounts of crotonaldehyde, using weighted calibration factor for MVK (0.637) and MACR (0.363)
Benzene_NOAAPTR_ppbv,  ppbv, Gas_Benzene_InSitu_S_AVMR, (C6H6) benzene
Toluene_NOAAPTR_ppbv,  ppbv, Gas_Toluene_InSitu_S_AVMR, (C7H8) toluene with possible small contributions of fragments from ethyltoluene
Styrene_NOAAPTR_ppbv,  ppbv, Gas_Styrene_InSitu_S_AVMR, (C8H8) styrene
Benzaldehyde_NOAAPTR_ppbv,  ppbv, Gas_Benzaldehyde_InSitu_S_AVMR, (C7H6O) benzaldehyde
C8Aromatics_NOAAPTR_ppbv,  ppbv, Gas_C8Aromatics_InSitu_M_AVMR, (C8H10) sum of m-xylene, p-xylene, o-xylene, and ethyl benzene
C9Aromatics_NOAAPTR_ppbv,  ppbv, Gas_C9Aromatics_InSitu_M_AVMR, (C9H12) sum of C9 aromatics
Naphthalene_NOAAPTR_ppbv,  ppbv, Gas_Naphthalene_InSitu_S_AVMR, (C10H8) naphthalene
Octanal_NOAAPTR_ppbv,  ppbv, Gas_Octanal_InSitu_S_AVMR, (C8H16O) octanal and small amounts of octanone
Monoterpenes_NOAAPTR_ppbv,  ppbv, Gas_Monoterpenes_InSitu_M_AVMR, (C10H16) sum of monoterpenes and possible contributions from fragments of oxygenated monoterpenoids such as eucalyptol.
Nonanal_NOAAPTR_ppbv,  ppbv, Gas_Nonanal_InSitu_M_AVMR, (C9H18O) nonanal and small amounts of nonanone
C7H4ClF3_NOAAPTR_ppbv,  ppbv, Gas_C7H4ClF3_InSitu_S_AVMR, (C7H4ClF3) parachlorobenzotrifluoride
C10H30O5Si5_NOAAPTR_ppbv,  ppbv, Gas_C10H30O5Si5_InSitu_S_AVMR, (C10H30O5Si5) decamethylcyclopentasiloxane
1
SPECIAL COMMENTS:N/A
21
PI_CONTACT_INFO: NOAA ESRL Chemical Sciences Division, Tropospheric Chemistry Group. 325 Broadway, R/CSD7, Boulder, CO 80305
PLATFORM: Mobile Laboratory.
LOCATION: Salt Lake City, UT
ASSOCIATED_DATA: N/A
INSTRUMENT_INFO: NOAA PTR-ToF-MS measurements on NOAA CSL Mobile Lab
DATA_INFO: Units: ppbv
UNCERTAINTY: See OTHER_COMMENTS
ULOD_FLAG: -7777
ULOD_VALUE: N/A
LLOD_FLAG: -8888
LLOD_VALUE: N/A.
DM_CONTACT_INFO: Data Managers: Matt Coggon, Kelvin Bates, Chelsea Stockwell; email: matthew.m.coggon@noaa.gov and kelvin.bates@colorado.edu
PROJECT_INFO: USOS Deployment July-August, 2024
STIPULATIONS_ON_USE: Use of these data require prior OK from PI.
OTHER_COMMENTS: Uncertainties:
CH3OH_NOAAPTR_ppbv:30%; CH3CN_NOAAPTR_ppbv:30%; CH3CHO_NOAAPTR_ppbv:30%; C2H5OH_NOAAPTR_ppbv:30%; CH3SH_NOAAPTR_ppbv:50%; Acrolein_NOAAPTR_ppbv:30%; AcetonePropanal_NOAAPTR_ppbv:30%; DMS_NOAAPTR_ppbv:30%; C5H8_NOAAPTR_ppbv:30%; MVKMAC_NOAAPTR_ppbv:30%; 
Benzene_NOAAPTR_ppbv:30%; Toluene_NOAAPTR_ppbv:30%; Styrene_NOAAPTR_ppbv:30%; Benzaldehyde_NOAAPTR_ppbv:30%; C8Aromatics_NOAAPTR_ppbv:30%; C9Aromatics_NOAAPTR_ppbv:30%; Naphthalene_NOAAPTR_ppbv:30%; Octanal_NOAAPTR_ppbv:30%; Monoterpenes_NOAAPTR_ppbv:30%; Nonanal_NOAAPTR_ppbv:30%; 
C7H4ClF3_NOAAPTR_ppbv:30%; C10H30O5Si5_NOAAPTR_ppbv:30%; 
REVISION: R0
R0: Calibrated PTR Data. See individual species comments for details about measurement uncertainties
Time_Start, CH3OH_NOAAPTR_ppbv, CH3CN_NOAAPTR_ppbv, CH3CHO_NOAAPTR_ppbv, C2H5OH_NOAAPTR_ppbv, CH3SH_NOAAPTR_ppbv, Acrolein_NOAAPTR_ppbv, AcetonePropanal_NOAAPTR_ppbv, DMS_NOAAPTR_ppbv, C5H8_NOAAPTR_ppbv, MVKMAC_NOAAPTR_ppbv, Benzene_NOAAPTR_ppbv, Toluene_NOAAPTR_ppbv, Styrene_NOAAPTR_ppbv, Benzaldehyde_NOAAPTR_ppbv, C8Aromatics_NOAAPTR_ppbv, C9Aromatics_NOAAPTR_ppbv, Naphthalene_NOAAPTR_ppbv, Octanal_NOAAPTR_ppbv, Monoterpenes_NOAAPTR_ppbv, Nonanal_NOAAPTR_ppbv, C7H4ClF3_NOAAPTR_ppbv, C10H30O5Si5_NOAAPTR_ppbv
[from data line 444]
26640.0, 12.48624, 0.27728, 2.27478, 6.85407, 0.00264, 0.35498, 3.81397, 0.01986, 0.08413, 0.19583, 0.23123, 0.31244, 0.07527, 0.06178, 0.21890, 0.10897, 0.04417, 0.09547, 0.10789, 0.11686, 0.00804, 0.00458 
26700.0, 12.79567, 0.27084, 2.14973, 5.90237, -0.00098, 0.30531, 3.61297, -0.00008, 0.07767, 0.18125, 0.22739, 0.33551, 0.05589, 0.06845, 0.23164, 0.10943, 0.03413, 0.06435, 0.09018, 0.10275, 0.01495, 0.00675 
26760.0, 12.96284, 0.28717, 2.00699, 4.62664, 0.00861, 0.26695, 3.53614, -0.00007, 0.05199, 0.18742, 0.18587, 0.25896, 0.06414, 0.05151, 0.18216, 0.07176, 0.01992, 0.06710, 0.08221, 0.08861, 0.01373, 0.00534 
26820.0, 13.54461, 0.27970, 2.36156, 5.18674, 0.00375, 0.35120, 3.72515, 0.00553, 0.13848, 0.18861, 0.42450, 0.50213, 0.06573, 0.06682, 0.33665, 0.14597, 0.04479, 0.07516, 0.07447, 0.09524, 0.00987, 0.00410 
26880.0, 12.92548, 0.29002, 2.13352, 4.88983, 0.00335, 0.27564, 3.69086, -0.00007, 0.04118, 0.18718, 0.19037, 0.26122, 0.03378, 0.03912, 0.19010, 0.07554, 0.02150, 0.07850, 0.08447, 0.05078, 0.01621, 0.00469 
26940.0, 13.09885, 0.29641, 2.09573, 6.01849, 0.00512, 0.28110, 3.60564, 0.00700, 0.06866, 0.18554, 0.16328, 0.26500, 0.05186, 0.05311, 0.18617, 0.08339, 0.01936, 0.07345, 0.08389, 0.08670, 0.01063, 0.00787 
27000.0, 13.59024, 0.28700, 2.21406, 5.33262, 0.00099, 0.34608, 3.67424, -0.00007, 0.04865, 0.19790, 0.24309, 0.29769, 0.06705, 0.09525, 0.20288, 0.08930, 0.01596, 0.06815, 0.08309, 0.08617, 0.00488, 0.00612 
27060.0, 13.90798, 0.28785, 2.26145, 5.46050, 0.00363, 0.28536, 3.75078, -0.00007, 0.08179, 0.20631, 0.31807, 0.29480, 0.06677, 0.08285, 0.22147, 0.09286, 0.01986, 0.10611, 0.09945, 0.11247, 0.02064, 0.00644 
27120.0, 12.83836, 0.28769, 2.23959, 6.12528, 0.00200, 0.28490, 3.73685, -0.00007, 0.07589, 0.17590, 0.19321, 0.29478, 0.06146, 0.06024, 0.19825, 0.07930, 0.00652, 0.07541, 0.07178, 0.06799, 0.02067, 0.00684 
27180.0, 13.37587, 0.27506, 2.33990, 7.24158, 0.00598, 0.32273, 3.72691, -0.00007, 0.10821, 0.18895, 0.18356, 0.33222, 0.05117, 0.06536, 0.22272, 0.09209, 0.02657, 0.10133, 0.08676, 0.10197, 0.00542, 0.00956 
27240.0, 13.07207, 0.26827, 2.16190, 6.88031, 0.00465, 0.30994, 3.69167, -0.00007, 0.10537, 0.19505, 0.23055, 0.27626, 0.05148, 0.04491, 0.21004, 0.09638, 0.02015, 0.08066, 0.06496, 0.06540, 0.00826, 0.00826 
27300.0, 12.98426, 0.30010, 2.31028, 6.98995, 0.00455, 0.31213, 3.66630, -0.00007, 0.07476, 0.18528, 0.26610, 0.28763, 0.07034, 0.06488, 0.18996, 0.08092, 0.02792, 0.09205, 0.13360, 0.09408, 0.00857, 0.00491 
27360.0, 12.75192, 0.28605, 2.11790, 5.55608, -0.00098, 0.28666, 3.63681, -0.00007, 0.06581, 0.18896, 0.27043, 0.27512, 0.07109, 0.05282, 0.19604, 0.08971, 0.03124, 0.08946, 0.07946, 0.09331, 0.01831, 0.00998 
27420.0, 13.48811, 0.28644, 2.29794, 5.46750, 0.00348, 0.30137, 3.84534, 0.00191, 0.08930, 0.17148, 0.28543, 0.36886, 0.07325, 0.05453, 0.23955, 0.09747, 0.02699, 0.08475, 0.08596, 0.08716, 0.00889, 0.00373 
27480.0, 14.63129, 0.28171, 2.21478, 6.36877, 0.00274, 0.31185, 3.74535, 0.00927, 0.05806, 0.19097, 0.22991, 0.32868, 0.05765, 0.06793, 0.20879, 0.09158, 0.03104, 0.09156, 0.10046, 0.10929, 0.01317, 0.00526 
27540.0, 13.24069, 0.28078, 2.25855, 6.54581, 0.00391, 0.34901, 3.81478, 0.00141, 0.12425, 0.20751, 0.16132, 0.30566, 0.05973, 0.06460, 0.22293, 0.09573, 0.01589, 0.08887, 0.09772, 0.07517, 0.01134, 0.00897 
27600.0, 15.10680, 0.29116, 2.32274, 6.73579, -0.00056, 0.35467, 3.84369, 0.00115, 0.07346, 0.19404, 0.23528, 0.31765, 0.05552, 0.08522, 0.22522, 0.09523, 0.03523, 0.08074, 0.09286, 0.12141, 0.01793, 0.00754 
27660.0, 13.89927, 0.26629, 2.43695, 8.02596, 0.00764, 0.33506, 3.93125, -0.00007, 0.07580, 0.20603, 0.24404, 0.34240, 0.07502, 0.05700, 0.22684, 0.09824, 0.04112, 0.10047, 0.11341, 0.11731, 0.01088, 0.01264 
27720.0, 14.38579, 0.28789, 2.52159, 8.49280, 0.00255, 0.35554, 4.13596, -0.00007, 0.10541, 0.22090, 0.26455, 0.36973, 0.06818, 0.07957, 0.23034, 0.08939, 0.03852, 0.11659, 0.11114, 0.12753, 0.01337, 0.01212 
27780.0, 13.87264, 0.28693, 2.63359, 7.58170, 0.00369, 0.37153, 4.20678, 0.00620, 0.08246, 0.23095, 0.26138, 0.33600, 0.07400, 0.06268, 0.22928, 0.10609, 0.02615, 0.10410, 0.11042, 0.15002, 0.01106, 0.00760 
27840.0, 15.78568, 0.30222, 2.82552, 9.41648, 0.00537, 0.41739, 4.20789, -0.00006, 0.10968, 0.26784, 0.30125, 0.53143, 0.07773, 0.08102, 0.32781, 0.13496, 0.03313, 0.11740, 0.09235, 0.11978, 0.01857, 0.00879 
27900.0, 15.63748, 0.27389, 2.66735, 7.94615, 0.00055, 0.35858, 4.11189, -0.00006, 0.11818, 0.22328, 0.27929, 0.33248, 0.05605, 0.06794, 0.26624, 0.10235, 0.02964, 0.10792, 0.08601, 0.13970, 0.01684, 0.01106 
27960.0, 16.47740, 0.27928, 2.61378, 7.67512, 0.00492, 0.34659, 4.09508, -0.00006, 0.08924, 0.24544, 0.27204, 0.36809, 0.08724, 0.08187, 0.22203, 0.10508, 0.00303, 0.10339, 0.09728, 0.10841, 0.01511, 0.00697 
28020.0, 15.69543, 0.29319, 2.54626, 7.64746, 0.00110, 0.30834, 4.03012, -0.00006, 0.04556, 0.20273, 0.21340, 0.35612, 0.05617, 0.08203, 0.22692, 0.11068, 0.02456, 0.09059, 0.09347, 0.12987, 0.00739, 0.00586 
28080.0, 24.53613, 0.27239, 2.65800, 8.13583, 0.00243, 0.38021, 4.26612, -0.00006, 0.12544, 0.21610, 0.26909, 0.39992, 0.06026, 0.07590, 0.27205, 0.11389, 0.00624, 0.10944, 0.08280, 0.11770, 0.01104, 0.01128 
28140.0, 18.71559, 0.30978, 3.27042, 9.28758, 0.00077, 0.58067, 4.31168, -0.00006, 0.25135, 0.33933, 0.79773, 1.19407, 0.18047, 0.08251, 0.79568, 0.35517, 0.02417, 0.13228, 0.09086, 0.10984, 0.01011, 0.00836 
28200.0, 15.56244, 0.27105, 2.52050, 6.97605, 0.00246, 0.34463, 4.12349, -0.00006, 0.07298, 0.22749, 0.27749, 0.35855, 0.06493, 0.08970, 0.26075, 0.09976, 0.02512, 0.10343, 0.06977, 0.12260, 0.01095, 0.00982 
28260.0, 17.79334, 0.28069, 2.84752, 8.01686, 0.00219, 0.36904, 4.21897, -0.00006, 0.09430, 0.26000, 0.30966, 0.46849, 0.07276, 0.08973, 0.32034, 0.13513, 0.03430, 0.14031, 0.09161, 0.12312, 0.00967, 0.00908 
28320.0, 16.42916, 0.27128, 2.45259, 6.38794, -0.00097, 0.33443, 4.07249, 0.00516, 0.09958, 0.24735, 0.30670, 0.42500, 0.06816, 0.07637, 0.26484, 0.12188, 0.04477, 0.11729, 0.09519, 0.12987, 0.00576, 0.01114 
28380.0, 18.44980, 0.29184, 2.74530, 7.10068, 0.00490, 0.35671, 4.33472, -0.00006, 0.14169, 0.22852, 0.32803, 0.39356, 0.06157, 0.05754, 0.24717, 0.10270, 0.02503, 0.10728, 0.07746, 0.08173, 0.00714, 0.00877 
28440.0, 15.36432, 0.28354, 2.46482, 6.05330, 0.00236, 0.35779, 4.30437, -0.00006, 0.06214, 0.23592, 0.22257, 0.31561, 0.07730, 0.07839, 0.22603, 0.10886, 0.00825, 0.10107, 0.06521, 0.11149, 0.00958, 0.00628 
28500.0, 17.46593, 0.29282, 2.55482, 6.43851, -0.00097, 0.36785, 4.13406, 0.00424, 0.08645, 0.22764, 0.27639, 0.34548, 0.06736, 0.07193, 0.24922, 0.11374, 0.01466, 0.12154, 0.07371, 0.11004, 0.00838, 0.01169 
28560.0, 27.23680, 0.29341, 2.87043, 7.61006, 0.00490, 0.42745, 4.33493, -0.00006, 0.11300, 0.25893, 0.32771, 0.40968, 0.07472, 0.09127, 0.26618, 0.12333, 0.02544, 0.11925, 0.09509, 0.12567, 0.00811, 0.00532 
28620.0, 25.14157, 0.28020, 3.04613, 11.39144, 0.00543, 0.41513, 4.43237, -0.00006, 0.20276, 0.27160, 0.51293, 0.92057, 0.08548, 0.07803, 0.50777, 0.17717, 0.04898, 0.11798, 0.10369, 0.09449, 0.01281, 0.01181 
28680.0, 18.02167, 0.27649, 2.60738, 7.92020, 0.00195, 0.35887, 4.29449, -0.00006, 0.08063, 0.25835, 0.23533, 0.39649, 0.06251, 0.05460, 0.24879, 0.11246, 0.02275, 0.09922, 0.08187, 0.13271, 0.01751, 0.01020 
28740.0, 19.50955, 0.27409, 2.74650, 6.96707, 0.00001, 0.36399, 4.77119, -0.00005, 0.08821, 0.24781, 0.27046, 0.40416, 0.06171, 0.08459, 0.23778, 0.12366, 0.02381, 0.11792, 0.09187, 0.09286, 0.00660, 0.01284 
28800.0, 20.81064, 0.30663, 2.68340, 7.36529, 0.00227, 0.39893, 4.34272, -0.00005, 0.11957, 0.26176, 0.31365, 0.40097, 0.07119, 0.08941, 0.25973, 0.11233, 0.02650, 0.10614, 0.08375, 0.12620, 0.02088, 0.01497 
28860.0, 18.62487, 0.28316, 2.81104, 8.63680, 0.00427, 0.40430, 4.63955, 0.00684, 0.12031, 0.28039, 0.32608, 0.40808, -0.00475, 0.07577, 0.26752, 0.11934, 0.04222, 0.11118, 0.09900, 0.11278, 0.00544, 0.01394 
28920.0, 16.80118, 0.28542, 2.82416, 8.06313, 0.00390, 0.39142, 4.36608, -0.00005, 0.05537, 0.21017, 0.25608, 0.38562, 0.07223, 0.07779, 0.25881, 0.10399, 0.01176, 0.11939, 0.08338, 0.14936, 0.01130, 0.01541 
28980.0, 16.95939, 0.30215, 2.73981, 8.51371, 0.00194, 0.38215, 4.35099, -0.00005, 0.11796, 0.26829, 0.32811, 0.36893, 0.06616, 0.09023, 0.27664, 0.12134, 0.03446, 0.12435, 0.10076, 0.14406, 0.01553, 0.01725 
29040.0, 16.78218, 0.30111, 2.78371, 8.30732, 0.00289, 0.37626, 4.33006, -0.00005, 0.08095, 0.25338, 0.28295, 0.38690, 0.06005, 0.09199, 0.28108, 0.12150, 0.03247, 0.11315, 0.09244, 0.11064, 0.01436, 0.01177 
29100.0, 17.30079, 0.29544, 2.72254, 7.89967, 0.00130, 0.37200, 4.31513, -0.00005, 0.11814, 0.25759, 0.23736, 0.43243, 0.05662, 0.07267, 0.25688, 0.11357, 0.02897, 0.10527, 0.09136, 0.13253, 0.00865, 0.01148 
29160.0, 18.16502, 0.30654, 2.85661, 8.29770, 0.00060, 0.38133, 4.43107, 0.00318, 0.03674, 0.28466, 0.29285, 0.37534, 0.06527, 0.09931, 0.24569, 0.12505, 0.02555, 0.11462, 0.07963, 0.12071, 0.01211, 0.00972 
29220.0, 17.04648, 0.28707, 2.89218, 8.31853, 0.00564, 0.38279, 4.42046, -0.00005, 0.10302, 0.26687, 0.29571, 0.41166, 0.06511, 0.06252, 0.27397, 0.10440, 0.01272, 0.08570, 0.07942, 0.12185, 0.01135, 0.01548 
29280.0, 16.97087, 0.28335, 3.03940, 8.18684, 0.00424, 0.39340, 4.38980, 0.00913, 0.10046, 0.26465, 0.25729, 0.39043, 0.04297, 0.07480, 0.25142, 0.11416, 0.02772, 0.10967, 0.12920, 0.11662, 0.01430, 0.01551 
29340.0, 16.47023, 0.31254, 2.87571, 9.32286, 0.00439, 0.38287, 4.45947, -0.00005, 0.07703, 0.25922, 0.26726, 0.41249, 0.06315, 0.07074, 0.26775, 0.09328, 0.02994, 0.14547, 0.09435, 0.14536, 0.01224, 0.02682 
29400.0, 17.96408, 0.30764, 2.97659, 8.85283, 0.00585, 0.36698, 4.50807, -0.00005, 0.10949, 0.26750, 0.32473, 0.37254, 0.05326, 0.12151, 0.26453, 0.13289, 0.04058, 0.10980, 0.08823, 0.17654, 0.01299, 0.01422 
29460.0, 16.71753, 0.30759, 2.90669, 8.97797, 0.00138, 0.37977, 4.39052, -0.00005, 0.09018, 0.25730, 0.29659, 0.41887, 0.06837, 0.10215, 0.26038, 0.12126, 0.03595, 0.10715, 0.08436, 0.13962, 0.01066, 0.01040 
29520.0, 18.33929, 0.31455, 2.73802, 8.78861, 0.00505, 0.36282, 4.31055, -0.00005, 0.13532, 0.25911, 0.28932, 0.38958, 0.04069, 0.08721, 0.25773, 0.11701, 0.01784, 0.12504, 0.09844, 0.10644, 0.00125, 0.00958 
29580.0, 14.17664, 0.29420, -9999.00000, 7.03624, 0.00154, 0.37105, 4.16402, -0.00005, -9999.00000, 0.23808, 0.19412, 0.38270, 0.07312, 0.06351, 0.24470, 0.10489, 0.03675, 0.11455, 0.08065, 0.09033, 0.00790, 0.01350 
29640.0, -9999.00000, -9999.00000, -9999.00000, -9999.00000, -9999.00000, -9999.00000, -9999.00000, -9999.00000, -9999.00000, -9999.00000, -9999.00000, -9999.00000, -9999.00000, -9999.00000, -9999.00000, -9999.00000, -9999.00000, -9999.00000, -9999.00000, -9999.00000, -9999.00000, -9999.00000 
29700.0, -9999.00000, -9999.00000, -9999.00000, -9999.00000, -9999.00000, -9999.00000, -9999.00000, -9999.00000, -9999.00000, -9999.00000, -9999.00000, -9999.00000, -9999.00000, -9999.00000, -9999.00000, -9999.00000, -9999.00000, -9999.00000, -9999.00000, -9999.00000, -9999.00000, -9999.00000 
29760.0, -9999.00000, -9999.00000, -9999.00000, -9999.00000, -9999.00000, -9999.00000, -9999.00000, -9999.00000, -9999.00000, -9999.00000, -9999.00000, -9999.00000, -9999.00000, -9999.00000, -9999.00000, -9999.00000, -9999.00000, -9999.00000, -9999.00000, -9999.00000, -9999.00000, -9999.00000 
29820.0, -9999.00000, -9999.00000, -9999.00000, -9999.00000, -9999.00000, -9999.00000, -9999.00000, -9999.00000, -9999.00000, -9999.00000, -9999.00000, -9999.00000, -9999.00000, -9999.00000, -9999.00000, -9999.00000, -9999.00000, -9999.00000, -9999.00000, -9999.00000, -9999.00000, -9999.00000 
29880.0, -9999.00000, -9999.00000, -9999.00000, -9999.00000, -9999.00000, -9999.00000, -9999.00000, -9999.00000, -9999.00000, -9999.00000, -9999.00000, -9999.00000, -9999.00000, -9999.00000, -9999.00000, -9999.00000, -9999.00000, -9999.00000, -9999.00000, -9999.00000, -9999.00000, -9999.00000 
29940.0, -9999.00000, -9999.00000, -9999.00000, -9999.00000, -9999.00000, -9999.00000, -9999.00000, -9999.00000, -9999.00000, -9999.00000, -9999.00000, -9999.00000, -9999.00000, -9999.00000, -9999.00000, -9999.00000, -9999.00000, -9999.00000, -9999.00000, -9999.00000, -9999.00000, -9999.00000 
30000.0, -9999.00000, -9999.00000, -9999.00000, -9999.00000, -9999.00000, -9999.00000, -9999.00000, -9999.00000, -9999.00000, -9999.00000, -9999.00000, -9999.00000, -9999.00000, -9999.00000, -9999.00000, -9999.00000, -9999.00000, -9999.00000, -9999.00000, -9999.00000, -9999.00000, -9999.00000 
30060.0, -9999.00000, -9999.00000, -9999.00000, -9999.00000, -9999.00000, -9999.00000, -9999.00000, -9999.00000, -9999.00000, -9999.00000, -9999.00000, -9999.00000, -9999.00000, -9999.00000, -9999.00000, -9999.00000, -9999.00000, -9999.00000, -9999.00000, -9999.00000, -9999.00000, -9999.00000 
30120.0, -9999.00000, -9999.00000, -9999.00000, -9999.00000, -9999.00000, -9999.00000, -9999.00000, -9999.00000, -9999.00000, -9999.00000, -9999.00000, -9999.00000, -9999.00000, -9999.00000, -9999.00000, -9999.00000, -9999.00000, -9999.00000, -9999.00000, -9999.00000, -9999.00000, -9999.00000 
30180.0, -9999.00000, -9999.00000, -9999.00000, -9999.00000, -9999.00000, -9999.00000, -9999.00000, -9999.00000, -9999.00000, -9999.00000, -9999.00000, -9999.00000, -9999.00000, -9999.00000, -9999.00000, -9999.00000, -9999.00000, -9999.00000, -9999.00000, -9999.00000, -9999.00000, -9999.00000 
30240.0, -9999.00000, -9999.00000, -9999.00000, -9999.00000, -9999.00000, -9999.00000, -9999.00000, -9999.00000, -9999.00000, -9999.00000, -9999.00000, -9999.00000, -9999.00000, -9999.00000, -9999.00000, -9999.00000, -9999.00000, -9999.00000, -9999.00000, -9999.00000, -9999.00000, -9999.00000 
30300.0, 17.23115, 0.31121, 2.96573, 8.75414, 0.00718, 0.40498, 4.44060, -0.00005, 0.10820, 0.28957, 0.32656, 0.49369, 0.04970, 0.08066, 0.32828, 0.14216, 0.01096, 0.10816, 0.10151, 0.09874, 0.00384, 0.01380 
30360.0, 18.09732, 0.31019, 3.01747, 9.70767, 0.00490, 0.39860, 4.48511, -0.00005, 0.10793, 0.27378, 0.36629, 0.46553, 0.07043, 0.09159, 0.32314, 0.13208, 0.01077, 0.11092, 0.09084, 0.12808, 0.01702, 0.01633 
30420.0, 20.50127, 0.29157, 3.06181, 9.34722, 0.00337, 0.41764, 4.50249, -0.00005, 0.10633, 0.26533, 0.33081, 0.46103, 0.06614, 0.06719, 0.30740, 0.14959, 0.02589, 0.10689, 0.11269, 0.13619, 0.01474, 0.01711 
30480.0, 18.96757, 0.28274, 3.16455, 9.09376, 0.00799, 0.41295, 4.50086, -0.00005, 0.13667, 0.28921, 0.26914, 0.43086, 0.06462, 0.07738, 0.27641, 0.12326, 0.03705, 0.12713, 0.09990, 0.15218, 0.00887, 0.01689 
30540.0, 17.43053, 0.30164, 3.03415, 8.66482, 0.00121, 0.41956, 4.52323, -0.00005, 0.11320, 0.27401, 0.27173, 0.42366, 0.02789, 0.07137, 0.32195, 0.13701, 0.01638, 0.11960, 0.09124, 0.10830, 0.00849, 0.00841 
30600.0, 17.40610, 0.28830, 3.13130, 9.10041, 0.00412, 0.38009, 4.48279, -0.00005, 0.08256, 0.29708, 0.34082, 0.46232, 0.04090, 0.10638, 0.28951, 0.12761, 0.03421, 0.16611, 0.10849, 0.11953, 0.01055, 0.01148 
30660.0, 17.81654, 0.31970, 2.94783, 9.16380, 0.00436, 0.38655, 4.41987, -0.00005, 0.13486, 0.28116, 0.26955, 0.46445, 0.05611, 0.08085, 0.29962, 0.12641, 0.02104, 0.09875, 0.09995, 0.13257, 0.00892, 0.01172 
30720.0, 17.65423, 0.30853, 2.92752, 9.00724, 0.00287, 0.40101, 4.49731, -0.00005, 0.11409, 0.28519, 0.24568, 0.44554, 0.06365, 0.07765, 0.30189, 0.12998, 0.01003, 0.10632, 0.09777, 0.13701, 0.00765, 0.00997 
30780.0, 17.36400, 0.29322, 2.95440, 8.61824, 0.00758, 0.39823, 4.41184, -0.00005, 0.08548, 0.24804, 0.26099, 0.37950, 0.06612, 0.06923, 0.29018, 0.12699, 0.01595, 0.11241, 0.08618, 0.10905, 0.01102, 0.01063 
30840.0, 16.89695, 0.30253, 2.90091, 8.55384, 0.00324, 0.39587, 4.30715, -0.00005, 0.15687, 0.27255, 0.26453, 0.44264, 0.06315, 0.06296, 0.29559, 0.13161, 0.01751, 0.11397, 0.08434, 0.09322, 0.00861, 0.01110 
