CampaignData_and_Merges/R0/CSL_MobileLab_Parked/raw/20240728/USOS-jNO2_MobileLabGround_20240728_R0.ict
52,1001
Waxman, E.; Rollins, A.; Zuraski, K.; Chace, W.
NOAA Chemical Sciences Laboratory
jNO2 filter radiometer on CSL Mobile Lab
AMMBEC / USOS
1, 1
2024,07,28, 2025,04,01
60
Time_Start, seconds, number_of_seconds_since_0000_UTC
20
1, 1, 1, 1, 1, 1, 1, 1, 1, 1, 1, 1, 1, 1, 1, 1, 1, 1, 1, 1
-9999, -9999, -9999, -9999, -9999, -9999, -9999, -9999, -9999, -9999, -9999, -9999, -9999, -9999, -9999, -9999, -9999, -9999, -9999, -9999
Time_Stop, seconds, number_of_seconds_since_0000_UTC
jNO2_meas, per second, photolysis rate of NO2 measured using a filter radiometer.
jBrCl, per second, photolysis rate of BrCl -> Br + Cl calculated in TUV for cloud-free sky with local AOD
jBr2, per second, photolysis rate of Br2 -> Br + Br calculated in TUV for cloud-free sky with local AOD
jCCl4, per second, photolysis rate of CCl4 -> Products calcualted in TUV for cloud-free sky with local AOD
jCH2Oa, per second, photolysis rate of CH2O -> H + HCO calculated in TUV for cloud-free sky with local AOD
jCH2Ob, per second, photolysis rate of CH2O -> H2 + CO calculated in TUV for cloud-free sky with local AOD
jClNO2, per second, photolysis rate of ClNO2 -> Cl + NO2 calculated in TUV for cloud-free sky with local AOD
jClOa, per second, photolysis rate of ClO -> Cl + O(1D) calculated in TUV for cloud-free sky with local AOD
jClOb, per second, photolysis rate of ClO -> Cl + O(3P) calculated in TUV for cloud-free sky with local AOD
jCl2, per second, photolysis rate of Cl2 -> Cl + Cl calculated in TUV for cloud-free sky with local AOD
jHNO2, per second, photolysis rate of HNO2 -> OH + NO calculated in TUV for cloud-free sky with local AOD
jHNO3, per second, photolysis rate of HNO3 -> OH + NO2 calculated in TUV for cloud-free sky with local AOD
jI2, per second, photolysis rate of I2 -> I + I calculated in TUV for cloud-free sky with local AOD
jNO2, per second, photolysis rate of NO2 -> NO + O(3P) calculated in TUV for cloud-free sky with local AOD
jNO3a, per second, photolysis rate of NO3 -> NO + O2 calculated in TUV for cloud-free sky with local AOD
jNO3b, per second, photolysis rate of NO3 -> NO2 + O(3P) calculated in TUV for cloud-free sky with local AOD
jN2O5, per second, photolysis rate of N2O5 -> NO3 + NO + O(3P) calculated in TUV for cloud-free sky with local AOD
jO3, per second, photolysis rate of O3 -> O2 + O(1D) calculated in TUV for cloud-free sky with local AOD
AOD_500nm, unitless, UTC daily mean AOD at 500 nm from an AERONET station located at 40.178 N, -112.452 E
0
18
PI_CONTACT_INFO: eleanor.waxman@noaa.gov
PLATFORM: CSL Mobile Lab, at ground site
LOCATION: Salt Lake City, UT
ASSOCIATED_DATA:
INSTRUMENT_INFO: jNO2 filter radiometer.  TUV calculations are for mobile van lat/lon/altitude assuming clear sky (cloud AOD = 0) and daily mean AOD.
DATA_INFO:
UNCERTAINTY: Data uncertainties are +/- 20%.  These come from uncertainties in radiometer angular response, radiometer thermal response, local interferences from clouds/aerosols/shadows etc.
ULOD_FLAG: -7777
ULOD_VALUE: N/A
LLOD_FLAG: -8888
LLOD_VALUE: N/A
DM_CONTACT_INFO: eleanor.waxman@noaa.gov
PROJECT_INFO: USOS Project, July - August 2024
STIPULATIONS_ON_USE: Users are strongly encouraged to contact the PI for proper data usage.
OTHER_COMMENTS: 
REVISION: R0
R0: final data
Time_Start, Time_Stop, jNO2_meas, jBrCl, jBr2, jCCl4, jCH2Oa, jCH2Ob, jClNO2, jClOa, jClOb, jCl2, jHNO2, jHNO3, jI2, jNO2, jNO3a, jNO3b, jN2O5, jO3, AOD_500nm
[from data line 1129]
   67740,   67800,-9999,0.01059,0.03217,6.901e-22,3.186e-05,4.703e-05,0.0004648,3.389e-22,4.857e-05,0.002268,0.001475,5.841e-07,0.1153,0.009066,0.02233,0.1787,4.184e-05,3.203e-05,0.356
   67800,   67860,-9999,0.01059,0.03218,7.041e-22,3.189e-05,4.705e-05,0.000465,3.459e-22,4.863e-05,0.002269,0.001476,5.847e-07,0.1153,0.009069,0.02233,0.1787,4.186e-05,3.207e-05,0.356
   67860,   67920,-9999,0.0106,0.03219,7.189e-22,3.191e-05,4.708e-05,0.0004653,3.532e-22,4.869e-05,0.00227,0.001476,5.853e-07,0.1153,0.009073,0.02233,0.1787,4.189e-05,3.211e-05,0.356
   67920,   67980,-9999,0.0106,0.0322,7.336e-22,3.193e-05,4.711e-05,0.0004655,3.605e-22,4.876e-05,0.002271,0.001477,5.859e-07,0.1153,0.009076,0.02233,0.1787,4.192e-05,3.216e-05,0.356
   67980,   68040,-9999,0.0106,0.0322,7.474e-22,3.195e-05,4.713e-05,0.0004658,3.673e-22,4.882e-05,0.002272,0.001478,5.864e-07,0.1153,0.009079,0.02234,0.1788,4.194e-05,3.22e-05,0.356
   68040,   68100,-9999,0.01061,0.03221,7.617e-22,3.198e-05,4.715e-05,0.000466,3.744e-22,4.888e-05,0.002273,0.001478,5.87e-07,0.1153,0.009082,0.02234,0.1788,4.196e-05,3.224e-05,0.356
   68100,   68160,-9999,0.01061,0.03221,7.761e-22,3.2e-05,4.718e-05,0.0004662,3.815e-22,4.894e-05,0.002274,0.001479,5.875e-07,0.1154,0.009085,0.02234,0.1788,4.199e-05,3.228e-05,0.356
   68160,   68220,-9999,0.01061,0.03222,7.895e-22,3.202e-05,4.72e-05,0.0004665,3.882e-22,4.899e-05,0.002275,0.001479,5.88e-07,0.1154,0.009088,0.02234,0.1788,4.201e-05,3.232e-05,0.356
   68220,   68280,-9999,0.01061,0.03223,8.035e-22,3.204e-05,4.722e-05,0.0004667,3.952e-22,4.905e-05,0.002276,0.00148,5.885e-07,0.1154,0.009091,0.02234,0.1788,4.203e-05,3.236e-05,0.356
   68280,   68340,-9999,0.01062,0.03223,8.174e-22,3.206e-05,4.724e-05,0.0004669,4.02e-22,4.91e-05,0.002276,0.00148,5.89e-07,0.1154,0.009093,0.02235,0.1789,4.205e-05,3.24e-05,0.356
   68340,   68400,-9999,0.01062,0.03224,8.303e-22,3.207e-05,4.726e-05,0.0004671,4.084e-22,4.915e-05,0.002277,0.001481,5.894e-07,0.1154,0.009096,0.02235,0.1789,4.207e-05,3.243e-05,0.356
   68400,   68460,-9999,0.01062,0.03224,8.435e-22,3.209e-05,4.728e-05,0.0004673,4.15e-22,4.92e-05,0.002278,0.001481,5.899e-07,0.1154,0.009099,0.02235,0.1789,4.209e-05,3.246e-05,0.356
   68460,   68520,-9999,0.01062,0.03225,8.568e-22,3.211e-05,4.73e-05,0.0004675,4.216e-22,4.925e-05,0.002279,0.001481,5.903e-07,0.1154,0.009101,0.02235,0.1789,4.211e-05,3.25e-05,0.356
   68520,   68580,-9999,0.01062,0.03225,8.69e-22,3.213e-05,4.732e-05,0.0004676,4.276e-22,4.93e-05,0.002279,0.001482,5.907e-07,0.1155,0.009103,0.02235,0.1789,4.213e-05,3.253e-05,0.356
   68580,   68640,-9999,0.01063,0.03226,8.817e-22,3.214e-05,4.734e-05,0.0004678,4.34e-22,4.935e-05,0.00228,0.001482,5.911e-07,0.1155,0.009106,0.02236,0.1789,4.215e-05,3.256e-05,0.356
   68640,   68700,-9999,0.01063,0.03226,8.941e-22,3.216e-05,4.736e-05,0.000468,4.401e-22,4.939e-05,0.002281,0.001483,5.915e-07,0.1155,0.009108,0.02236,0.179,4.217e-05,3.259e-05,0.356
   68700,   68760,-9999,0.01063,0.03227,9.053e-22,3.217e-05,4.737e-05,0.0004681,4.457e-22,4.943e-05,0.002281,0.001483,5.919e-07,0.1155,0.00911,0.02236,0.179,4.218e-05,3.262e-05,0.356
   68760,   68820,-9999,0.01063,0.03227,9.172e-22,3.219e-05,4.739e-05,0.0004683,4.515e-22,4.947e-05,0.002282,0.001483,5.923e-07,0.1155,0.009112,0.02236,0.179,4.22e-05,3.265e-05,0.356
   68820,   68880,-9999,0.01063,0.03227,9.286e-22,3.22e-05,4.74e-05,0.0004685,4.572e-22,4.951e-05,0.002283,0.001484,5.926e-07,0.1155,0.009114,0.02236,0.179,4.222e-05,3.268e-05,0.356
   68880,   68940,-9999,0.01064,0.03228,9.391e-22,3.221e-05,4.742e-05,0.0004686,4.624e-22,4.955e-05,0.002283,0.001484,5.929e-07,0.1155,0.009116,0.02236,0.179,4.223e-05,3.27e-05,0.356
   68940,   69000,-9999,0.01064,0.03228,9.499e-22,3.223e-05,4.743e-05,0.0004687,4.678e-22,4.958e-05,0.002284,0.001484,5.933e-07,0.1155,0.009118,0.02237,0.179,4.225e-05,3.273e-05,0.356
   69000,   69060,-9999,0.01064,0.03228,9.603e-22,3.224e-05,4.744e-05,0.0004689,4.729e-22,4.962e-05,0.002284,0.001485,5.936e-07,0.1155,0.009119,0.02237,0.1791,4.226e-05,3.275e-05,0.356
   69060,   69120,-9999,0.01064,0.03229,9.695e-22,3.225e-05,4.746e-05,0.000469,4.775e-22,4.965e-05,0.002285,0.001485,5.939e-07,0.1156,0.009121,0.02237,0.1791,4.227e-05,3.277e-05,0.356
   69120,   69180,-9999,0.01064,0.03229,9.79e-22,3.226e-05,4.747e-05,0.0004691,4.823e-22,4.968e-05,0.002285,0.001485,5.941e-07,0.1156,0.009122,0.02237,0.1791,4.228e-05,3.279e-05,0.356
   69180,   69240,-9999,0.01064,0.03229,9.882e-22,3.227e-05,4.748e-05,0.0004692,4.868e-22,4.971e-05,0.002286,0.001486,5.944e-07,0.1156,0.009124,0.02237,0.1791,4.23e-05,3.281e-05,0.356
   69240,   69300,-9999,0.01064,0.0323,9.964e-22,3.228e-05,4.749e-05,0.0004693,4.909e-22,4.974e-05,0.002286,0.001486,5.946e-07,0.1156,0.009125,0.02237,0.1791,4.231e-05,3.283e-05,0.356
   69300,   69360,-9999,0.01064,0.0323,1.005e-21,3.229e-05,4.75e-05,0.0004694,4.95e-22,4.976e-05,0.002287,0.001486,5.949e-07,0.1156,0.009127,0.02237,0.1791,4.232e-05,3.285e-05,0.356
   69360,   69420,-9999,0.01065,0.0323,1.012e-21,3.23e-05,4.751e-05,0.0004695,4.988e-22,4.979e-05,0.002287,0.001486,5.951e-07,0.1156,0.009128,0.02237,0.1791,4.233e-05,3.287e-05,0.356
   69420,   69480,-9999,0.01065,0.0323,1.019e-21,3.231e-05,4.752e-05,0.0004696,5.022e-22,4.981e-05,0.002287,0.001486,5.953e-07,0.1156,0.009129,0.02237,0.1791,4.234e-05,3.288e-05,0.356
   69480,   69540,-9999,0.01065,0.03231,1.026e-21,3.232e-05,4.753e-05,0.0004697,5.057e-22,4.983e-05,0.002288,0.001487,5.955e-07,0.1156,0.00913,0.02237,0.1791,4.234e-05,3.29e-05,0.356
   69540,   69600,-9999,0.01065,0.03231,1.033e-21,3.232e-05,4.754e-05,0.0004698,5.088e-22,4.985e-05,0.002288,0.001487,5.957e-07,0.1156,0.009131,0.02238,0.1791,4.235e-05,3.291e-05,0.356
   69600,   69660,-9999,0.01065,0.03231,1.038e-21,3.233e-05,4.754e-05,0.0004698,5.116e-22,4.987e-05,0.002288,0.001487,5.958e-07,0.1156,0.009132,0.02238,0.1791,4.236e-05,3.292e-05,0.356
   69660,   69720,-9999,0.01065,0.03231,1.043e-21,3.234e-05,4.755e-05,0.0004699,5.143e-22,4.989e-05,0.002288,0.001487,5.96e-07,0.1156,0.009133,0.02238,0.1791,4.237e-05,3.293e-05,0.356
   69720,   69780,-9999,0.01065,0.03231,1.048e-21,3.234e-05,4.756e-05,0.00047,5.166e-22,4.99e-05,0.002289,0.001487,5.961e-07,0.1156,0.009133,0.02238,0.1792,4.237e-05,3.294e-05,0.356
   69780,   69840,-9999,0.01065,0.03231,1.052e-21,3.234e-05,4.756e-05,0.00047,5.186e-22,4.991e-05,0.002289,0.001487,5.962e-07,0.1156,0.009134,0.02238,0.1792,4.238e-05,3.295e-05,0.356
   69840,   69900,-9999,0.01065,0.03232,1.056e-21,3.235e-05,4.756e-05,0.0004701,5.205e-22,4.993e-05,0.002289,0.001487,5.963e-07,0.1156,0.009135,0.02238,0.1792,4.238e-05,3.296e-05,0.356
   69900,   69960,-9999,0.01065,0.03232,1.059e-21,3.235e-05,4.757e-05,0.0004701,5.221e-22,4.994e-05,0.002289,0.001488,5.964e-07,0.1156,0.009135,0.02238,0.1792,4.239e-05,3.297e-05,0.356
   69960,   70020,-9999,0.01065,0.03232,1.062e-21,3.236e-05,4.757e-05,0.0004701,5.234e-22,4.994e-05,0.002289,0.001488,5.965e-07,0.1156,0.009135,0.02238,0.1792,4.239e-05,3.297e-05,0.356
   70020,   70080,-9999,0.01065,0.03232,1.064e-21,3.236e-05,4.757e-05,0.0004701,5.245e-22,4.995e-05,0.002289,0.001488,5.965e-07,0.1156,0.009136,0.02238,0.1792,4.239e-05,3.298e-05,0.356
   70080,   70140,-9999,0.01065,0.03232,1.066e-21,3.236e-05,4.758e-05,0.0004702,5.252e-22,4.995e-05,0.002289,0.001488,5.966e-07,0.1156,0.009136,0.02238,0.1792,4.239e-05,3.298e-05,0.356
   70140,   70200,-9999,0.01065,0.03232,1.067e-21,3.236e-05,4.758e-05,0.0004702,5.257e-22,4.996e-05,0.002289,0.001488,5.966e-07,0.1156,0.009136,0.02238,0.1792,4.239e-05,3.298e-05,0.356
   70200,   70260,-9999,0.01065,0.03232,1.067e-21,3.236e-05,4.758e-05,0.0004702,5.26e-22,4.996e-05,0.002289,0.001488,5.966e-07,0.1156,0.009136,0.02238,0.1792,4.24e-05,3.298e-05,0.356
   70260,   70320,-9999,0.01065,0.03232,1.067e-21,3.236e-05,4.758e-05,0.0004702,5.26e-22,4.996e-05,0.002289,0.001488,5.966e-07,0.1156,0.009136,0.02238,0.1792,4.24e-05,3.298e-05,0.356
   70320,   70380,-9999,0.01065,0.03232,1.067e-21,3.236e-05,4.758e-05,0.0004702,5.258e-22,4.996e-05,0.002289,0.001488,5.966e-07,0.1156,0.009136,0.02238,0.1792,4.239e-05,3.298e-05,0.356
   70380,   70440,-9999,0.01065,0.03232,1.065e-21,3.236e-05,4.758e-05,0.0004702,5.251e-22,4.995e-05,0.002289,0.001488,5.966e-07,0.1156,0.009136,0.02238,0.1792,4.239e-05,3.298e-05,0.356
   70440,   70500,-9999,0.01065,0.03232,1.064e-21,3.236e-05,4.757e-05,0.0004701,5.243e-22,4.995e-05,0.002289,0.001488,5.965e-07,0.1156,0.009136,0.02238,0.1792,4.239e-05,3.298e-05,0.356
   70500,   70560,-9999,0.01065,0.03232,1.062e-21,3.236e-05,4.757e-05,0.0004701,5.233e-22,4.994e-05,0.002289,0.001488,5.965e-07,0.1156,0.009135,0.02238,0.1792,4.239e-05,3.297e-05,0.356
   70560,   70620,-9999,0.01065,0.03232,1.059e-21,3.235e-05,4.757e-05,0.0004701,5.219e-22,4.993e-05,0.002289,0.001488,5.964e-07,0.1156,0.009135,0.02238,0.1792,4.239e-05,3.297e-05,0.356
   70620,   70680,-9999,0.01065,0.03232,1.056e-21,3.235e-05,4.756e-05,0.0004701,5.203e-22,4.992e-05,0.002289,0.001487,5.963e-07,0.1156,0.009135,0.02238,0.1792,4.238e-05,3.296e-05,0.356
   70680,   70740,-9999,0.01065,0.03231,1.052e-21,3.234e-05,4.756e-05,0.00047,5.185e-22,4.991e-05,0.002289,0.001487,5.962e-07,0.1156,0.009134,0.02238,0.1792,4.238e-05,3.295e-05,0.356
   70740,   70800,-9999,0.01065,0.03231,1.047e-21,3.234e-05,4.755e-05,0.00047,5.162e-22,4.99e-05,0.002289,0.001487,5.961e-07,0.1156,0.009133,0.02238,0.1792,4.237e-05,3.294e-05,0.356
   70800,   70860,-9999,0.01065,0.03231,1.043e-21,3.233e-05,4.755e-05,0.0004699,5.138e-22,4.988e-05,0.002288,0.001487,5.959e-07,0.1156,0.009133,0.02238,0.1791,4.237e-05,3.293e-05,0.356
   70860,   70920,-9999,0.01065,0.03231,1.037e-21,3.233e-05,4.754e-05,0.0004698,5.113e-22,4.987e-05,0.002288,0.001487,5.958e-07,0.1156,0.009132,0.02238,0.1791,4.236e-05,3.292e-05,0.356
   70920,   70980,-9999,0.01065,0.03231,1.032e-21,3.232e-05,4.754e-05,0.0004698,5.084e-22,4.985e-05,0.002288,0.001487,5.956e-07,0.1156,0.009131,0.02238,0.1791,4.235e-05,3.291e-05,0.356
   70980,   71040,-9999,0.01065,0.03231,1.025e-21,3.231e-05,4.753e-05,0.0004697,5.052e-22,4.983e-05,0.002287,0.001487,5.955e-07,0.1156,0.00913,0.02237,0.1791,4.234e-05,3.289e-05,0.356
   71040,   71100,-9999,0.01065,0.0323,1.019e-21,3.231e-05,4.752e-05,0.0004696,5.02e-22,4.981e-05,0.002287,0.001486,5.953e-07,0.1156,0.009129,0.02237,0.1791,4.234e-05,3.288e-05,0.356
   71100,   71160,-9999,0.01065,0.0323,1.011e-21,3.23e-05,4.751e-05,0.0004695,4.982e-22,4.979e-05,0.002287,0.001486,5.951e-07,0.1156,0.009128,0.02237,0.1791,4.233e-05,3.286e-05,0.356
   71160,   71220,-9999,0.01064,0.0323,1.003e-21,3.229e-05,4.75e-05,0.0004694,4.943e-22,4.976e-05,0.002286,0.001486,5.948e-07,0.1156,0.009126,0.02237,0.1791,4.232e-05,3.285e-05,0.356
   71220,   71280,-9999,0.01064,0.0323,9.956e-22,3.228e-05,4.749e-05,0.0004693,4.905e-22,4.974e-05,0.002286,0.001486,5.946e-07,0.1156,0.009125,0.02237,0.1791,4.231e-05,3.283e-05,0.356
   71280,   71340,-9999,0.01064,0.03229,9.868e-22,3.227e-05,4.748e-05,0.0004692,4.861e-22,4.971e-05,0.002286,0.001486,5.944e-07,0.1156,0.009124,0.02237,0.1791,4.23e-05,3.281e-05,0.356
   71340,   71400,-9999,0.01064,0.03229,9.777e-22,3.226e-05,4.747e-05,0.0004691,4.816e-22,4.968e-05,0.002285,0.001485,5.941e-07,0.1156,0.009122,0.02237,0.1791,4.228e-05,3.279e-05,0.356
   71400,   71460,-9999,0.01064,0.03229,9.685e-22,3.225e-05,4.746e-05,0.000469,4.77e-22,4.965e-05,0.002285,0.001485,5.938e-07,0.1156,0.009121,0.02237,0.1791,4.227e-05,3.277e-05,0.356
   71460,   71520,-9999,0.01064,0.03228,9.585e-22,3.224e-05,4.744e-05,0.0004689,4.721e-22,4.961e-05,0.002284,0.001485,5.935e-07,0.1155,0.009119,0.02237,0.179,4.226e-05,3.275e-05,0.356
   71520,   71580,-9999,0.01064,0.03228,9.481e-22,3.223e-05,4.743e-05,0.0004687,4.669e-22,4.958e-05,0.002284,0.001484,5.932e-07,0.1155,0.009117,0.02237,0.179,4.224e-05,3.272e-05,0.356
   71580,   71640,-9999,0.01064,0.03228,9.38e-22,3.221e-05,4.742e-05,0.0004686,4.619e-22,4.954e-05,0.002283,0.001484,5.929e-07,0.1155,0.009116,0.02236,0.179,4.223e-05,3.27e-05,0.356
   71640,   71700,-9999,0.01063,0.03227,9.269e-22,3.22e-05,4.74e-05,0.0004684,4.564e-22,4.951e-05,0.002283,0.001484,5.926e-07,0.1155,0.009114,0.02236,0.179,4.221e-05,3.267e-05,0.356
   71700,   71760,-9999,0.01063,0.03227,9.155e-22,3.219e-05,4.739e-05,0.0004683,4.507e-22,4.947e-05,0.002282,0.001483,5.922e-07,0.1155,0.009112,0.02236,0.179,4.22e-05,3.264e-05,0.356
   71760,   71820,-9999,0.01063,0.03226,9.042e-22,3.217e-05,4.737e-05,0.0004681,4.451e-22,4.943e-05,0.002281,0.001483,5.919e-07,0.1155,0.00911,0.02236,0.179,4.218e-05,3.262e-05,0.356
   71820,   71880,-9999,0.01063,0.03226,8.921e-22,3.216e-05,4.735e-05,0.000468,4.391e-22,4.938e-05,0.002281,0.001483,5.915e-07,0.1155,0.009108,0.02236,0.179,4.217e-05,3.259e-05,0.356
   71880,   71940,-9999,0.01063,0.03226,8.797e-22,3.214e-05,4.734e-05,0.0004678,4.329e-22,4.934e-05,0.00228,0.001482,5.911e-07,0.1155,0.009105,0.02236,0.1789,4.215e-05,3.256e-05,0.356
   71940,   72000,-9999,0.01062,0.03225,8.677e-22,3.212e-05,4.732e-05,0.0004676,4.27e-22,4.929e-05,0.002279,0.001482,5.907e-07,0.1155,0.009103,0.02235,0.1789,4.213e-05,3.253e-05,0.356
   72000,   72060,-9999,0.01062,0.03225,8.548e-22,3.211e-05,4.73e-05,0.0004674,4.206e-22,4.925e-05,0.002279,0.001481,5.902e-07,0.1154,0.009101,0.02235,0.1789,4.211e-05,3.249e-05,0.356
   72060,   72120,-9999,0.01062,0.03224,8.414e-22,3.209e-05,4.728e-05,0.0004672,4.139e-22,4.92e-05,0.002278,0.001481,5.898e-07,0.1154,0.009098,0.02235,0.1789,4.209e-05,3.246e-05,0.356
   72120,   72180,-9999,0.01062,0.03224,8.288e-22,3.207e-05,4.726e-05,0.0004671,4.077e-22,4.915e-05,0.002277,0.001481,5.894e-07,0.1154,0.009096,0.02235,0.1789,4.207e-05,3.243e-05,0.356
   72180,   72240,-9999,0.01062,0.03223,8.151e-22,3.205e-05,4.724e-05,0.0004669,4.009e-22,4.91e-05,0.002276,0.00148,5.889e-07,0.1154,0.009093,0.02235,0.1789,4.205e-05,3.239e-05,0.356
   72240,   72300,-9999,0.01061,0.03223,8.013e-22,3.203e-05,4.722e-05,0.0004666,3.94e-22,4.904e-05,0.002275,0.00148,5.884e-07,0.1154,0.00909,0.02234,0.1788,4.203e-05,3.235e-05,0.356
   72300,   72360,-9999,0.01061,0.03222,7.881e-22,3.201e-05,4.72e-05,0.0004664,3.875e-22,4.899e-05,0.002275,0.001479,5.879e-07,0.1154,0.009088,0.02234,0.1788,4.201e-05,3.232e-05,0.356
   72360,   72420,-9999,0.01061,0.03221,7.739e-22,3.199e-05,4.717e-05,0.0004662,3.805e-22,4.893e-05,0.002274,0.001479,5.874e-07,0.1154,0.009085,0.02234,0.1788,4.198e-05,3.228e-05,0.356
   72420,   72480,-9999,0.0106,0.03221,7.594e-22,3.197e-05,4.715e-05,0.000466,3.733e-22,4.887e-05,0.002273,0.001478,5.869e-07,0.1153,0.009082,0.02234,0.1788,4.196e-05,3.224e-05,0.356
   72480,   72540,-9999,0.0106,0.0322,7.458e-22,3.195e-05,4.713e-05,0.0004658,3.665e-22,4.881e-05,0.002272,0.001478,5.864e-07,0.1153,0.009079,0.02234,0.1787,4.194e-05,3.22e-05,0.356
   72540,   72600,-9999,0.0106,0.03219,7.312e-22,3.193e-05,4.71e-05,0.0004655,3.593e-22,4.875e-05,0.002271,0.001477,5.858e-07,0.1153,0.009076,0.02233,0.1787,4.191e-05,3.215e-05,0.356
   72600,   72660,-9999,0.0106,0.03219,7.165e-22,3.191e-05,4.708e-05,0.0004653,3.52e-22,4.868e-05,0.00227,0.001476,5.852e-07,0.1153,0.009072,0.02233,0.1787,4.189e-05,3.211e-05,0.356
   72660,   72720,-9999,0.01059,0.03218,7.027e-22,3.188e-05,4.705e-05,0.000465,3.452e-22,4.862e-05,0.002269,0.001476,5.847e-07,0.1153,0.009069,0.02233,0.1787,4.186e-05,3.207e-05,0.356
   72720,   72780,-9999,0.01059,0.03217,6.878e-22,3.186e-05,4.703e-05,0.0004647,3.378e-22,4.856e-05,0.002268,0.001475,5.841e-07,0.1153,0.009066,0.02233,0.1787,4.183e-05,3.202e-05,0.356
   72780,   72840,-9999,0.01059,0.03217,6.728e-22,3.183e-05,4.7e-05,0.0004645,3.304e-22,4.849e-05,0.002267,0.001475,5.834e-07,0.1152,0.009062,0.02232,0.1786,4.181e-05,3.197e-05,0.356
   72840,   72900,-9999,0.01058,0.03216,6.588e-22,3.181e-05,4.697e-05,0.0004642,3.234e-22,4.842e-05,0.002266,0.001474,5.828e-07,0.1152,0.009059,0.02232,0.1786,4.178e-05,3.193e-05,0.356
   72900,   72960,-9999,0.01058,0.03215,6.439e-22,3.178e-05,4.694e-05,0.0004639,3.161e-22,4.835e-05,0.002265,0.001473,5.822e-07,0.1152,0.009055,0.02232,0.1786,4.175e-05,3.188e-05,0.356
