CampaignData_and_Merges/R0/CSL_MobileLab_Parked/raw/20240728/USOS-jNO2_MobileLabGround_20240728_R0.ict
52,1001
Waxman, E.; Rollins, A.; Zuraski, K.; Chace, W.
NOAA Chemical Sciences Laboratory
jNO2 filter radiometer on CSL Mobile Lab
AMMBEC / USOS
1, 1
2024,07,28, 2025,04,01
60
Time_Start, seconds, number_of_seconds_since_0000_UTC
20
1, 1, 1, 1, 1, 1, 1, 1, 1, 1, 1, 1, 1, 1, 1, 1, 1, 1, 1, 1
-9999, -9999, -9999, -9999, -9999, -9999, -9999, -9999, -9999, -9999, -9999, -9999, -9999, -9999, -9999, -9999, -9999, -9999, -9999, -9999
Time_Stop, seconds, number_of_seconds_since_0000_UTC
jNO2_meas, per second, photolysis rate of NO2 measured using a filter radiometer.
jBrCl, per second, photolysis rate of BrCl -> Br + Cl calculated in TUV for cloud-free sky with local AOD
jBr2, per second, photolysis rate of Br2 -> Br + Br calculated in TUV for cloud-free sky with local AOD
jCCl4, per second, photolysis rate of CCl4 -> Products calcualted in TUV for cloud-free sky with local AOD
jCH2Oa, per second, photolysis rate of CH2O -> H + HCO calculated in TUV for cloud-free sky with local AOD
jCH2Ob, per second, photolysis rate of CH2O -> H2 + CO calculated in TUV for cloud-free sky with local AOD
jClNO2, per second, photolysis rate of ClNO2 -> Cl + NO2 calculated in TUV for cloud-free sky with local AOD
jClOa, per second, photolysis rate of ClO -> Cl + O(1D) calculated in TUV for cloud-free sky with local AOD
jClOb, per second, photolysis rate of ClO -> Cl + O(3P) calculated in TUV for cloud-free sky with local AOD
jCl2, per second, photolysis rate of Cl2 -> Cl + Cl calculated in TUV for cloud-free sky with local AOD
jHNO2, per second, photolysis rate of HNO2 -> OH + NO calculated in TUV for cloud-free sky with local AOD
jHNO3, per second, photolysis rate of HNO3 -> OH + NO2 calculated in TUV for cloud-free sky with local AOD
jI2, per second, photolysis rate of I2 -> I + I calculated in TUV for cloud-free sky with local AOD
jNO2, per second, photolysis rate of NO2 -> NO + O(3P) calculated in TUV for cloud-free sky with local AOD
jNO3a, per second, photolysis rate of NO3 -> NO + O2 calculated in TUV for cloud-free sky with local AOD
jNO3b, per second, photolysis rate of NO3 -> NO2 + O(3P) calculated in TUV for cloud-free sky with local AOD
jN2O5, per second, photolysis rate of N2O5 -> NO3 + NO + O(3P) calculated in TUV for cloud-free sky with local AOD
jO3, per second, photolysis rate of O3 -> O2 + O(1D) calculated in TUV for cloud-free sky with local AOD
AOD_500nm, unitless, UTC daily mean AOD at 500 nm from an AERONET station located at 40.178 N, -112.452 E
0
18
PI_CONTACT_INFO: eleanor.waxman@noaa.gov
PLATFORM: CSL Mobile Lab, at ground site
LOCATION: Salt Lake City, UT
ASSOCIATED_DATA:
INSTRUMENT_INFO: jNO2 filter radiometer.  TUV calculations are for mobile van lat/lon/altitude assuming clear sky (cloud AOD = 0) and daily mean AOD.
DATA_INFO:
UNCERTAINTY: Data uncertainties are +/- 20%.  These come from uncertainties in radiometer angular response, radiometer thermal response, local interferences from clouds/aerosols/shadows etc.
ULOD_FLAG: -7777
ULOD_VALUE: N/A
LLOD_FLAG: -8888
LLOD_VALUE: N/A
DM_CONTACT_INFO: eleanor.waxman@noaa.gov
PROJECT_INFO: USOS Project, July - August 2024
STIPULATIONS_ON_USE: Users are strongly encouraged to contact the PI for proper data usage.
OTHER_COMMENTS: 
REVISION: R0
R0: final data
Time_Start, Time_Stop, jNO2_meas, jBrCl, jBr2, jCCl4, jCH2Oa, jCH2Ob, jClNO2, jClOa, jClOb, jCl2, jHNO2, jHNO3, jI2, jNO2, jNO3a, jNO3b, jN2O5, jO3, AOD_500nm
[from data line 1388]
   83280,   83340,0.0063593,0.00833,0.02644,5.04e-25,1.872e-05,3.109e-05,0.0003089,1.783e-25,1.949e-05,0.001604,0.001074,2.93e-07,0.09846,0.006745,0.0196,0.1542,2.656e-05,1.24e-05,0.356
   83340,   83400,0.0063608,0.008303,0.02637,4.901e-25,1.859e-05,3.092e-05,0.0003074,1.732e-25,1.928e-05,0.001597,0.00107,2.906e-07,0.09823,0.006719,0.01956,0.1539,2.641e-05,1.226e-05,0.356
   83400,   83460,0.0063788,0.008276,0.0263,4.768e-25,1.847e-05,3.076e-05,0.0003058,1.684e-25,1.907e-05,0.00159,0.001065,2.882e-07,0.098,0.006693,0.01952,0.1535,2.626e-05,1.212e-05,0.356
   83460,   83520,0.00636,0.00825,0.02623,4.646e-25,1.836e-05,3.061e-05,0.0003043,1.639e-25,1.888e-05,0.001583,0.001061,2.86e-07,0.09779,0.006667,0.01949,0.1532,2.612e-05,1.2e-05,0.356
   83520,   83580,0.0063354,0.008222,0.02615,4.522e-25,1.823e-05,3.044e-05,0.0003027,1.594e-25,1.867e-05,0.001576,0.001056,2.836e-07,0.09755,0.006641,0.01945,0.1528,2.597e-05,1.186e-05,0.356
   83580,   83640,0.0063329,0.008194,0.02607,4.401e-25,1.811e-05,3.028e-05,0.0003011,1.551e-25,1.847e-05,0.001569,0.001052,2.812e-07,0.09731,0.006613,0.01941,0.1525,2.582e-05,1.173e-05,0.356
   83640,   83700,0.0063333,0.008167,0.026,4.292e-25,1.799e-05,3.012e-05,0.0002995,1.511e-25,1.827e-05,0.001562,0.001047,2.789e-07,0.09709,0.006588,0.01937,0.1522,2.568e-05,1.16e-05,0.356
   83700,   83760,0.0063,0.008139,0.02593,4.179e-25,1.787e-05,2.995e-05,0.0002979,1.471e-25,1.807e-05,0.001554,0.001043,2.766e-07,0.09685,0.00656,0.01933,0.1518,2.553e-05,1.146e-05,0.356
   83760,   83820,0.0062694,0.00811,0.02585,4.071e-25,1.774e-05,2.979e-05,0.0002963,1.432e-25,1.787e-05,0.001547,0.001038,2.742e-07,0.0966,0.006533,0.01929,0.1514,2.538e-05,1.133e-05,0.356
   83820,   83880,0.0062558,0.008083,0.02577,3.972e-25,1.763e-05,2.963e-05,0.0002948,1.396e-25,1.768e-05,0.00154,0.001034,2.719e-07,0.09637,0.006507,0.01925,0.1511,2.523e-05,1.12e-05,0.356
   83880,   83940,0.0062359,0.008054,0.0257,3.87e-25,1.75e-05,2.946e-05,0.0002931,1.36e-25,1.747e-05,0.001533,0.001029,2.695e-07,0.09612,0.006479,0.0192,0.1507,2.508e-05,1.107e-05,0.356
   83940,   84000,0.0062036,0.008024,0.02562,3.772e-25,1.738e-05,2.929e-05,0.0002915,1.325e-25,1.727e-05,0.001525,0.001024,2.672e-07,0.09587,0.006451,0.01916,0.1504,2.493e-05,1.094e-05,0.356
   84000,   84060,0.0061513,0.007996,0.02554,3.682e-25,1.726e-05,2.913e-05,0.0002899,1.293e-25,1.708e-05,0.001518,0.00102,2.649e-07,0.09564,0.006424,0.01912,0.15,2.478e-05,1.081e-05,0.356
   84060,   84120,0.0061112,0.007967,0.02546,3.59e-25,1.713e-05,2.896e-05,0.0002882,1.26e-25,1.688e-05,0.00151,0.001015,2.625e-07,0.09538,0.006396,0.01907,0.1496,2.463e-05,1.068e-05,0.356
   84120,   84180,0.0060766,0.007937,0.02538,3.501e-25,1.701e-05,2.879e-05,0.0002866,1.229e-25,1.668e-05,0.001503,0.00101,2.601e-07,0.09512,0.006367,0.01903,0.1492,2.447e-05,1.055e-05,0.356
   84180,   84240,0.0060798,0.007908,0.0253,3.42e-25,1.689e-05,2.863e-05,0.000285,1.2e-25,1.649e-05,0.001495,0.001005,2.579e-07,0.09488,0.00634,0.01899,0.1489,2.433e-05,1.043e-05,0.356
   84240,   84300,0.0060419,0.007878,0.02522,3.337e-25,1.676e-05,2.845e-05,0.0002833,1.17e-25,1.63e-05,0.001488,0.001,2.555e-07,0.09461,0.006311,0.01894,0.1485,2.417e-05,1.03e-05,0.356
   84300,   84360,0.005992,0.007847,0.02513,3.256e-25,1.664e-05,2.828e-05,0.0002816,1.142e-25,1.61e-05,0.00148,0.0009956,2.531e-07,0.09435,0.006281,0.0189,0.1481,2.402e-05,1.017e-05,0.356
   84360,   84420,0.0059886,0.007818,0.02505,3.182e-25,1.652e-05,2.811e-05,0.00028,1.116e-25,1.591e-05,0.001472,0.0009909,2.509e-07,0.0941,0.006254,0.01885,0.1477,2.387e-05,1.005e-05,0.356
   84420,   84480,0.0059592,0.007787,0.02497,3.106e-25,1.639e-05,2.794e-05,0.0002783,1.089e-25,1.572e-05,0.001465,0.0009859,2.485e-07,0.09382,0.006224,0.01881,0.1473,2.371e-05,9.92e-06,0.356
   84480,   84540,0.0059012,0.007755,0.02488,3.033e-25,1.626e-05,2.776e-05,0.0002766,1.063e-25,1.552e-05,0.001457,0.0009809,2.462e-07,0.09355,0.006194,0.01876,0.1469,2.356e-05,9.792e-06,0.356
   84540,   84600,0.00585,0.007725,0.0248,2.966e-25,1.614e-05,2.76e-05,0.000275,1.04e-25,1.534e-05,0.001449,0.0009762,2.439e-07,0.09329,0.006166,0.01871,0.1465,2.341e-05,9.672e-06,0.356
   84600,   84660,0.0058199,0.007693,0.02471,2.897e-25,1.601e-05,2.742e-05,0.0002733,1.016e-25,1.514e-05,0.001441,0.0009711,2.416e-07,0.09301,0.006136,0.01867,0.1461,2.325e-05,9.545e-06,0.356
   84660,   84720,0.0058161,0.007661,0.02462,2.83e-25,1.588e-05,2.724e-05,0.0002715,9.923e-26,1.495e-05,0.001433,0.000966,2.392e-07,0.09273,0.006106,0.01862,0.1457,2.309e-05,9.419e-06,0.356
   84720,   84780,0.0058208,0.007631,0.02454,2.769e-25,1.576e-05,2.707e-05,0.0002699,9.709e-26,1.477e-05,0.001426,0.0009612,2.37e-07,0.09246,0.006077,0.01857,0.1453,2.294e-05,9.301e-06,0.356
   84780,   84840,0.0057872,0.007598,0.02445,2.706e-25,1.564e-05,2.69e-05,0.0002682,9.489e-26,1.458e-05,0.001418,0.0009561,2.346e-07,0.09218,0.006046,0.01852,0.1448,2.278e-05,9.177e-06,0.356
   84840,   84900,0.0057495,0.007566,0.02436,2.645e-25,1.551e-05,2.672e-05,0.0002664,9.276e-26,1.439e-05,0.001409,0.0009509,2.323e-07,0.09189,0.006016,0.01847,0.1444,2.262e-05,9.053e-06,0.356
   84900,   84960,0.0057122,0.007534,0.02427,2.589e-25,1.539e-05,2.655e-05,0.0002647,9.081e-26,1.421e-05,0.001402,0.000946,2.3e-07,0.09161,0.005986,0.01842,0.144,2.247e-05,8.936e-06,0.356
   84960,   85020,0.0056669,0.007501,0.02418,2.531e-25,1.526e-05,2.637e-05,0.000263,8.881e-26,1.402e-05,0.001393,0.0009407,2.277e-07,0.09132,0.005955,0.01837,0.1436,2.231e-05,8.813e-06,0.356
   85020,   85080,0.0056176,0.007468,0.02409,2.475e-25,1.513e-05,2.618e-05,0.0002612,8.687e-26,1.383e-05,0.001385,0.0009355,2.253e-07,0.09102,0.005924,0.01832,0.1431,2.215e-05,8.691e-06,0.356
   85080,   85140,0.0055676,0.007436,0.024,2.424e-25,1.501e-05,2.601e-05,0.0002596,8.509e-26,1.366e-05,0.001377,0.0009305,2.231e-07,0.09074,0.005894,0.01827,0.1427,2.199e-05,8.577e-06,0.356
   85140,   85200,0.0055203,0.007402,0.0239,2.373e-25,1.488e-05,2.583e-05,0.0002578,8.327e-26,1.347e-05,0.001369,0.0009252,2.208e-07,0.09044,0.005862,0.01822,0.1422,2.183e-05,8.456e-06,0.356
   85200,   85260,0.0054732,0.007368,0.02381,2.322e-25,1.475e-05,2.565e-05,0.000256,8.15e-26,1.328e-05,0.001361,0.0009198,2.185e-07,0.09013,0.00583,0.01816,0.1418,2.167e-05,8.336e-06,0.356
   85260,   85320,0.0054254,0.007335,0.02372,2.275e-25,1.463e-05,2.547e-05,0.0002543,7.987e-26,1.311e-05,0.001353,0.0009148,2.163e-07,0.08984,0.0058,0.01811,0.1413,2.152e-05,8.224e-06,0.356
   85320,   85380,0.0054143,0.0073,0.02362,2.227e-25,1.45e-05,2.529e-05,0.0002525,7.819e-26,1.293e-05,0.001344,0.0009094,2.139e-07,0.08953,0.005768,0.01806,0.1409,2.135e-05,8.105e-06,0.356
   85380,   85440,0.0054089,0.007266,0.02352,2.18e-25,1.437e-05,2.51e-05,0.0002507,7.657e-26,1.275e-05,0.001336,0.000904,2.116e-07,0.08921,0.005735,0.018,0.1404,2.119e-05,7.987e-06,0.356
   85440,   85500,0.0053635,0.007232,0.02343,2.137e-25,1.424e-05,2.493e-05,0.000249,7.508e-26,1.258e-05,0.001328,0.0008988,2.094e-07,0.08891,0.005704,0.01795,0.14,2.103e-05,7.877e-06,0.356
   85500,   85560,0.0053137,0.007197,0.02333,2.092e-25,1.411e-05,2.474e-05,0.0002472,7.355e-26,1.24e-05,0.001319,0.0008933,2.071e-07,0.08859,0.005672,0.0179,0.1395,2.087e-05,7.761e-06,0.356
   85560,   85620,0.0053073,0.007161,0.02323,2.049e-25,1.398e-05,2.456e-05,0.0002454,7.205e-26,1.222e-05,0.001311,0.0008878,2.048e-07,0.08827,0.005638,0.01784,0.139,2.071e-05,7.645e-06,0.356
   85620,   85680,0.0052896,0.007127,0.02314,2.01e-25,1.386e-05,2.438e-05,0.0002437,7.068e-26,1.205e-05,0.001303,0.0008826,2.026e-07,0.08796,0.005607,0.01778,0.1385,2.055e-05,7.537e-06,0.356
   85680,   85740,0.0052661,0.007091,0.02304,1.969e-25,1.373e-05,2.419e-05,0.0002418,6.927e-26,1.187e-05,0.001294,0.000877,2.004e-07,0.08763,0.005574,0.01773,0.138,2.039e-05,7.423e-06,0.356
   85740,   85800,0.0052491,0.007055,0.02293,1.929e-25,1.36e-05,2.401e-05,0.00024,6.79e-26,1.17e-05,0.001285,0.0008714,1.981e-07,0.0873,0.00554,0.01767,0.1375,2.022e-05,7.309e-06,0.356
   85800,   85860,0.0052001,0.00702,0.02284,1.892e-25,1.348e-05,2.383e-05,0.0002383,6.664e-26,1.153e-05,0.001277,0.0008662,1.959e-07,0.08699,0.005508,0.01761,0.1371,2.006e-05,7.204e-06,0.356
   85860,   85920,0.0051476,0.006983,0.02273,1.855e-25,1.335e-05,2.364e-05,0.0002364,6.534e-26,1.136e-05,0.001268,0.0008605,1.936e-07,0.08665,0.005475,0.01755,0.1366,1.99e-05,7.092e-06,0.356
   85920,   85980,0.0051167,0.006946,0.02263,1.818e-25,1.322e-05,2.345e-05,0.0002346,6.407e-26,1.119e-05,0.00126,0.0008548,1.914e-07,0.08631,0.00544,0.01749,0.136,1.973e-05,6.981e-06,0.356
   85980,   86040,0.0051024,0.006911,0.02253,1.784e-25,1.309e-05,2.327e-05,0.0002329,6.291e-26,1.102e-05,0.001251,0.0008495,1.892e-07,0.08598,0.005408,0.01744,0.1356,1.958e-05,6.877e-06,0.356
   86040,   86100,0.005092,0.006873,0.02242,1.75e-25,1.296e-05,2.308e-05,0.000231,6.171e-26,1.085e-05,0.001242,0.0008438,1.87e-07,0.08563,0.005374,0.01737,0.135,1.941e-05,6.768e-06,0.356
   86100,   86160,0.0050663,0.006836,0.02231,1.716e-25,1.283e-05,2.289e-05,0.0002291,6.054e-26,1.069e-05,0.001234,0.000838,1.847e-07,0.08528,0.005339,0.01731,0.1345,1.924e-05,6.659e-06,0.356
   86160,   86220,0.0050589,0.0068,0.02221,1.684e-25,1.271e-05,2.271e-05,0.0002274,5.947e-26,1.053e-05,0.001225,0.0008326,1.826e-07,0.08495,0.005306,0.01725,0.134,1.909e-05,6.558e-06,0.356
   86220,   86280,0.0050429,0.006761,0.0221,1.652e-25,1.258e-05,2.252e-05,0.0002255,5.835e-26,1.036e-05,0.001216,0.0008268,1.804e-07,0.08459,0.005271,0.01719,0.1335,1.892e-05,6.451e-06,0.356
   86280,   86340,0.0050009,0.006723,0.02199,1.621e-25,1.245e-05,2.233e-05,0.0002237,5.727e-26,1.02e-05,0.001207,0.0008209,1.781e-07,0.08423,0.005236,0.01712,0.1329,1.875e-05,6.345e-06,0.356
   86340,   86400,0.0049459,0.006686,0.02189,1.592e-25,1.233e-05,2.215e-05,0.0002219,5.627e-26,1.004e-05,0.001199,0.0008154,1.761e-07,0.08389,0.005203,0.01706,0.1324,1.859e-05,6.246e-06,0.356
