CampaignData_and_Merges/R0/CSL_MobileLab_Parked/raw/20240728/USOS-POPS_MobileLabGround_20240728_R0.ict
78, 1001
Thornberry, T. D.
NOAA Chemical Sciences Laboratory
Portable Optical Particle Spectrometer (POPS)
USOS
1, 1
2024, 07, 28, 2025, 05, 08
60
Time_Start, seconds_past_midnight, Start time of measurement
45
1, 1, 1, 1, 1, 1, 1, 1, 1, 1, 1, 1, 1, 1, 1, 1, 1, 1, 1, 1, 1, 1, 1, 1, 1, 1, 1, 1, 1, 1, 1, 1, 1, 1, 1, 1, 1, 1, 1, 1, 1, 1, 1, 1, 1
-9999, -9999, -9999, -9999, -9999, -9999, -9999, -9999, -9999, -9999, -9999, -9999, -9999, -9999, -9999, -9999, -9999, -9999, -9999, -9999, -9999, -9999, -9999, -9999, -9999, -9999, -9999, -9999, -9999, -9999, -9999, -9999, -9999, -9999, -9999, -9999, -9999, -9999, -9999, -9999, -9999, -9999, -9999, -9999, -9999
Time_Stop, seconds_past_midnight, Stop time of measurement
Time_Mid, seconds_past_midnight, Mid time of measurement
Press_mb, mb, Pressure reported (mb)
Temp_C, degrees C, POPS temperature measurement
Aerosol_concentration, cm^-3, Aerosol concentration
Surface_Area_Conc, um^2 cm^-3, Surface area concentration
Volume_density, um^3 cm^-3, Volume density
Effective_radius, um, Effective radius
Extinction, km^-1, Extinction
Bin01, cm^-3, particle concentration in size range [1401 - 146.3 nm]
Bin02, cm^-3, particle concentration in size range [146.3 - 152.8 nm]
Bin03, cm^-3, particle concentration in size range [152.8 - 159.6 nm]
Bin04, cm^-3, particle concentration in size range [159.6 - 166.8 nm]
Bin05, cm^-3, particle concentration in size range [166.8 - 174.2 nm]
Bin06, cm^-3, particle concentration in size range [174.2 - 181.9 nm]
Bin07, cm^-3, particle concentration in size range [181.9 - 190.0 nm]
Bin08, cm^-3, particle concentration in size range [190.0 - 198.5 nm]
Bin09, cm^-3, particle concentration in size range [198.5 - 207.4 nm]
Bin10, cm^-3, particle concentration in size range [207.4 - 216.6 nm]
Bin11, cm^-3, particle concentration in size range [216.6 - 226.2 nm]
Bin12, cm^-3, particle concentration in size range [226.2 - 236.3 nm]
Bin13, cm^-3, particle concentration in size range [236.3 - 246.8 nm]
Bin14, cm^-3, particle concentration in size range [246.8 - 257.8 nm]
Bin15, cm^-3, particle concentration in size range [257.8 - 269.3 nm]
Bin16, cm^-3, particle concentration in size range [269.3 - 343.4 nm]
Bin17, cm^-3, particle concentration in size range [343.4 - 450.7 nm]
Bin18, cm^-3, particle concentration in size range [450.7 - 525.9 nm]
Bin19, cm^-3, particle concentration in size range [525.9 - 618.5 nm]
Bin20, cm^-3, particle concentration in size range [618.5 - 710.0 nm]
Bin21, cm^-3, particle concentration in size range [710.0 - 822.7 nm]
Bin22, cm^-3, particle concentration in size range [822.7 - 885.9 nm]
Bin23, cm^-3, particle concentration in size range [885.9 - 953.9 nm]
Bin24, cm^-3, particle concentration in size range [953.9 - 1027.2 nm]
Bin25, cm^-3, particle concentration in size range [1027.2 - 1106.1 nm]
Bin26, cm^-3, particle concentration in size range [1106.1 - 1191.0 nm]
Bin27, cm^-3, particle concentration in size range [1191.0 - 1282.5 nm]
Bin28, cm^-3, particle concentration in size range [1282.5 - 1381.0 nm]
Bin29, cm^-3, particle concentration in size range [1381.0 - 1487.1 nm]
Bin30, cm^-3, particle concentration in size range [1487.1 - 1601.3 nm]
Bin31, cm^-3, particle concentration in size range [1601.3 - 1724.3 nm]
[...]
PLATFORM: NOAA CSL Mobile Lab
LOCATION: USOS
ASSOCIATED_DATA: N/A
INSTRUMENT_INFO: Printed Optical Particle Spectrometer counts particles from 140 - 2500 nm in diameter 
DATA_INFO: Particle concentrations reported in number per cubic centimeter,1 Hz data
UNCERTAINTY: Counting uncertainty dominated by air flow, less than 5 percent. Measurement range is ~0 - 3000 per cm3 (varies depending on flow rate- manufacturer quotes 1250 per cm3 at 1.667 cc/s)
ULOD_FLAG: -7777
ULOD_VALUE: N/A
LLOD_FLAG: -8888
LLOD_VALUE: N/A
DM_CONTACT_INFO: Troy Thornberry, 325 Broadway R/CSL6, Boulder, CO 80305; troy.thornberry@noaa.gov; 303-497-3373
PROJECT_INFO: USOS, Utah POPS data from NOAA CSL Mobile Lab
STIPULATIONS_ON_USE: Please contact the PIs for questions regarding applications and uncertainties
OTHER_COMMENTS: POPS bin Edges (nm):  140.1, 146.3, 152.8, 159.6, 166.8, 174.2, 181.9, 190.0, 198.5, 207.4, 216.6, 226.2, 236.3, 246.8, 257.8, 269.3, 343.4, 450.7, 525.9, 618.5, 710.0, 822.7, 885.9, 953.9, 1027.2, 1106.1, 1191.0, 1282.5, 1381.0, 1487.1, 1601.3, 1724.3, 1856.7, 1999.3, 2152.8, 2318.2, 2496.2
Calculations assume organic aerosol refractive index of 1.52+0.00j and extinction wavelength = 532 nm
REVISION: R0
R0: Final data
Time_Start, Time_Stop, Time_Mid, Press_mb, Temp_C, Aerosol_concentration, Surface_Area_Conc, Volume_density, Effective_radius, Extinction, Bin01, Bin02, Bin03, Bin04, Bin05, Bin06, Bin07, Bin08, Bin09, Bin10, Bin11, Bin12, Bin13, Bin14, Bin15, Bin16, Bin17, Bin18, Bin19, Bin20, Bin21, Bin22, Bin23, Bin24, Bin25, Bin26, Bin27, Bin28, Bin29, Bin30, Bin31, Bin32, Bin33, Bin34, Bin35, Bin36
[from data line 394]
23640,23699,23670,865.545,30.944,461.654,85.882,5.311,0.184,0.028,35.925568,30.770792,29.083351,27.013300,25.108080,23.675146,22.288372,20.774820,20.432941,19.753649,19.197548,20.755362,21.327808,21.660816,19.356922,76.218727,21.422230,4.383333,1.341624,0.214036,0.195820,0.123742,0.089208,0.066365,0.045279,0.050848,0.027927,0.034143,0.028178,0.051050,0.056182,0.090715,0.039478,0.028640,0.005765,0.016495
23700,23759,23730,865.495,30.695,460.778,86.176,5.309,0.183,0.028,34.394161,31.297237,29.095877,26.824804,24.846436,23.860117,22.481634,21.157227,20.072195,19.464714,19.595949,20.165474,21.137739,21.609140,19.179277,76.139732,22.450464,4.608082,1.258592,0.239040,0.221397,0.122203,0.082761,0.033891,0.027444,0.033384,0.010929,0.045256,0.071969,0.022396,0.060502,0.067224,0.027489,0.021969,0.011357,0.039466
23760,23819,23790,865.463,30.667,453.788,85.370,5.041,0.175,0.028,32.777328,30.061867,27.468683,25.465677,24.254560,22.699621,21.506847,20.835316,20.007736,19.163628,20.243757,20.576979,21.658859,21.814474,19.303064,76.019615,23.188696,4.320562,1.314542,0.282305,0.179263,0.106646,0.117823,0.072640,0.050182,0.017205,0.023213,0.016210,0.011076,0.017106,0.055165,0.027574,0.067476,0.011330,0.022327,0.028297
23820,23879,23850,865.485,30.948,458.342,85.194,4.960,0.173,0.028,34.314098,30.554510,27.008007,26.427988,24.672733,23.810879,21.705845,20.938276,20.586348,19.882917,20.456371,20.301962,21.254309,21.589119,19.699503,76.307732,22.217087,4.303687,1.203658,0.233716,0.222511,0.105826,0.094660,0.039169,0.056633,0.061267,0.027334,0.016577,0.061128,0.027939,0.033382,0.038527,0.049332,0.005342,0.000000,0.033742
23880,23939,23910,865.496,31.265,454.333,85.006,4.957,0.174,0.028,32.458912,29.544191,27.494453,26.206678,24.617861,22.690155,22.013607,20.813622,20.665228,19.661743,19.393724,20.082569,21.723211,21.623198,19.705116,76.348923,22.407591,4.523062,1.371775,0.180224,0.184924,0.072283,0.072502,0.056190,0.067219,0.050433,0.049459,0.021881,0.028453,0.028418,0.044949,0.045213,0.039399,0.023320,0.005845,0.016393
23940,23999,23970,865.537,31.241,447.640,83.805,4.879,0.173,0.027,31.655436,29.333923,26.850885,25.171225,23.702217,23.041317,21.643076,20.915974,19.491776,19.763554,19.641037,20.198509,21.343960,21.331964,19.048836,76.008026,22.023224,4.120544,1.304052,0.243017,0.195786,0.082728,0.049288,0.071583,0.049697,0.050402,0.021560,0.027414,0.060743,0.050492,0.033250,0.038501,0.022445,0.021973,0.016363,0.015709
24000,24059,24030,865.550,31.059,450.490,85.200,5.070,0.177,0.028,31.782969,29.515432,26.464567,25.562485,24.521633,23.191376,21.059683,20.337904,20.194405,19.386997,19.426651,20.580975,21.701708,22.006939,18.773838,76.006508,22.959032,4.633198,1.353788,0.232847,0.141858,0.084494,0.051625,0.066596,0.089853,0.016497,0.034497,0.056428,0.040957,0.017118,0.067701,0.033597,0.022978,0.022813,0.022905,0.026955
24060,24119,24090,865.543,30.910,430.538,81.150,4.795,0.176,0.026,30.049284,27.488806,25.640169,24.517387,22.885424,21.296045,20.668110,19.838903,19.522461,18.519171,18.802952,19.662981,20.596224,20.664703,18.816208,74.043228,21.108555,4.324462,1.172699,0.192575,0.155904,0.049309,0.050187,0.054618,0.049945,0.050183,0.039062,0.044369,0.022329,0.039351,0.056044,0.028272,0.016805,0.021729,0.011072,0.038465
24120,24179,24150,865.531,30.680,426.781,79.574,4.604,0.172,0.026,30.975420,27.012562,25.837248,25.437347,22.908092,21.576363,20.480326,20.300940,19.578440,18.386518,18.276409,19.122101,20.262850,19.298368,18.432606,71.058540,21.518375,4.299097,1.120525,0.194319,0.127708,0.093845,0.055445,0.055542,0.055602,0.039059,0.043936,0.033704,0.010701,0.022082,0.071666,0.033812,0.005464,0.010616,0.028546,0.016876
24180,24239,24210,865.516,30.963,420.252,77.758,4.314,0.165,0.025,29.557560,26.675142,24.834482,24.258657,23.575741,22.086611,20.640398,20.071384,19.152729,18.471779,18.342731,18.907255,19.619568,19.585342,17.665140,70.303810,20.107901,4.222365,1.224269,0.230606,0.154696,0.088653,0.061077,0.071014,0.082413,0.054729,0.016703,0.044736,0.016954,0.033295,0.022241,0.028020,0.016732,0.010582,0.005747,0.010825
24240,24299,24270,865.525,31.232,428.385,79.736,4.692,0.174,0.026,30.685362,27.639423,25.973993,24.768557,23.540964,22.247643,21.399342,20.351828,18.909103,18.490696,17.657635,20.203369,20.267790,19.974518,18.413240,70.813766,20.799770,4.121511,1.223970,0.229038,0.124912,0.092043,0.045326,0.028591,0.068565,0.033610,0.045626,0.017029,0.028669,0.023099,0.028685,0.023259,0.034740,0.022422,0.017200,0.040202
24300,24359,24330,865.512,31.136,420.674,78.034,4.534,0.173,0.025,30.016308,27.905300,25.798218,24.689535,22.706734,21.793726,20.241663,19.352074,18.962694,18.638119,18.581718,19.278896,19.667017,20.003546,18.182285,68.556885,20.246216,4.031415,1.135685,0.153507,0.187995,0.102733,0.034633,0.046249,0.068290,0.010844,0.005747,0.040393,0.029454,0.052895,0.056351,0.005289,0.017149,0.005508,0.023093,0.045404
24360,24419,24390,865.524,30.907,397.156,72.575,4.027,0.165,0.023,29.155729,26.251766,24.582949,24.490477,22.119970,20.692768,19.399565,18.444662,17.461996,17.334576,17.006887,17.688906,17.875097,18.595680,16.719110,64.831795,18.941141,3.689099,1.076750,0.199762,0.138912,0.094782,0.032994,0.076911,0.022899,0.020835,0.033545,0.021727,0.016641,0.033597,0.021326,0.011181,0.027384,0.016983,0.005574,0.022476
24420,24479,24450,865.537,30.702,402.561,75.357,4.600,0.181,0.025,28.989735,26.597980,24.868191,23.271334,22.858286,20.473665,19.090494,19.150993,17.958147,17.755928,17.642818,18.828032,18.853781,18.062222,16.997683,65.548180,19.461208,4.082282,1.113944,0.174913,0.181062,0.100987,0.040209,0.057210,0.046354,0.028209,0.055923,0.028897,0.016688,0.017011,0.068414,0.028258,0.027742,0.005503,0.044982,0.033573
24480,24539,24510,865.588,30.718,376.691,69.607,4.123,0.176,0.023,27.419996,25.505541,23.472595,22.343960,21.102806,19.722427,18.213120,17.812586,17.285219,16.831816,16.150269,16.741547,17.489811,17.596096,15.792522,59.693550,17.786318,3.775599,1.064074,0.152153,0.174363,0.072478,0.068544,0.033422,0.034592,0.040723,0.050580,0.056260,0.011114,0.038637,0.050329,0.038640,0.035087,0.005845,0.016681,0.011273
24540,24599,24570,865.658,31.131,367.250,66.489,3.643,0.163,0.021,27.601788,25.344725,23.170803,21.544870,20.644741,19.689671,17.711357,17.463064,16.786777,15.656322,15.703814,16.341761,17.196758,16.807692,14.935638,58.224102,17.391783,3.299054,0.978464,0.198072,0.104674,0.044581,0.071215,0.055805,0.021792,0.050228,0.055702,0.021622,0.038477,0.005708,0.027681,0.016746,0.016817,0.011397,0.010727,0.005631
24600,24659,24630,865.732,31.204,376.533,68.527,3.918,0.170,0.022,29.167208,26.192039,23.441917,22.450754,21.900103,19.820728,18.463839,17.661232,17.332415,16.822716,16.251085,16.331022,17.310106,16.531878,15.163769,58.588947,17.531395,3.629993,1.089823,0.194668,0.141225,0.093990,0.066645,0.061210,0.038382,0.005631,0.033921,0.022150,0.033133,0.038704,0.039255,0.010755,0.010903,0.027746,0.010876,0.022920
24660,24719,24690,865.745,30.984,373.321,67.411,3.910,0.172,0.021,28.787193,26.037741,24.194803,23.451071,21.693758,20.325790,18.563318,17.326626,16.607203,15.460417,15.469480,16.581219,16.737047,16.445538,14.533910,58.384850,17.704927,3.355638,0.929166,0.177004,0.132985,0.060822,0.043499,0.033281,0.044485,0.027364,0.027782,0.011290,0.011554,0.022317,0.038161,0.027594,0.000000,0.022571,0.016498,0.033773
24720,24779,24750,865.756,30.656,376.498,68.291,4.153,0.180,0.022,30.392773,27.294262,25.362320,23.498875,21.950518,20.195829,19.000666,17.695625,16.250572,15.995495,15.400564,15.824849,16.881624,16.417263,14.744064,56.512608,17.592161,3.442765,1.171083,0.213617,0.119235,0.073290,0.038755,0.027335,0.057650,0.017587,0.022593,0.062234,0.033527,0.050412,0.039926,0.039042,0.022775,0.000000,0.022916,0.033573
24780,24839,24810,865.738,30.612,377.950,67.263,3.827,0.170,0.021,30.424519,27.638479,25.096443,23.611988,22.132845,20.759851,19.493010,17.841759,16.483717,16.037935,15.651241,16.089085,16.375595,16.095348,14.628935,57.379642,17.156017,3.153151,1.067722,0.210510,0.139109,0.067105,0.050525,0.061507,0.050121,0.016215,0.033142,0.038688,0.027970,0.044198,0.000000,0.038791,0.021465,0.005537,0.016360,0.011227
24840,24899,24870,865.716,30.871,379.052,67.291,3.766,0.167,0.021,30.671419,27.857761,24.882643,23.589226,21.988489,20.087364,18.919842,18.392717,17.078117,16.037058,15.849033,16.255007,16.705502,17.035309,14.345857,57.428215,16.909887,3.303354,0.972343,0.166274,0.110051,0.061499,0.072190,0.050560,0.011361,0.027781,0.033671,0.038503,0.016550,0.032784,0.044689,0.022145,0.021662,0.011377,0.011460,0.010702
24900,24959,24930,865.698,31.197,389.678,68.785,3.909,0.169,0.021,31.633581,28.961308,26.782980,24.482941,23.285057,21.310221,18.875032,19.008627,17.136827,16.609488,16.309494,16.677191,16.750816,17.093386,14.925438,57.677620,16.887402,3.534100,1.006771,0.150324,0.155873,0.054919,0.045470,0.033495,0.022299,0.050189,0.011514,0.027821,0.005688,0.033497,0.044169,0.016187,0.010911,0.028149,0.011319,0.028202
24960,25019,24990,865.662,31.064,390.688,69.575,4.121,0.175,0.022,31.509441,28.935013,26.640566,24.650650,23.259014,20.901560,19.794172,18.488764,17.202858,17.061111,16.338634,16.720213,16.962103,16.404068,14.906284,58.221935,17.409922,3.384154,1.035556,0.163738,0.179974,0.105700,0.061148,0.034348,0.039249,0.035030,0.010900,0.022729,0.016788,0.033805,0.027796,0.045093,0.022886,0.011432,0.034090,0.017241
25020,25079,25050,865.638,30.795,384.128,68.643,4.133,0.178,0.022,31.160925,28.256466,25.591627,24.701639,22.414837,21.559631,19.709604,18.499756,16.929779,16.574465,16.159439,16.619530,16.853437,15.841812,14.774854,56.583229,16.479656,3.524581,0.992425,0.176885,0.153883,0.115836,0.054645,0.038502,0.059877,0.010894,0.027142,0.015807,0.054302,0.021643,0.043636,0.021608,0.011038,0.027844,0.033668,0.033399
25080,25139,25110,865.625,30.626,380.891,67.465,3.939,0.174,0.021,30.952801,27.864981,24.901604,24.167412,22.599318,20.608793,19.519529,18.664829,16.622063,16.062809,15.858037,16.799801,16.664557,16.774343,14.758962,56.352360,16.792919,3.167582,1.003176,0.137804,0.147530,0.065673,0.059233,0.059207,0.033003,0.021797,0.016519,0.022060,0.021715,0.033168,0.022582,0.043490,0.021779,0.011075,0.005394,0.033048
25140,25199,25170,865.598,30.883,378.632,66.778,3.799,0.169,0.021,30.713915,27.335371,24.685482,24.682409,22.251837,20.718819,19.069468,18.250265,16.980091,16.553541,16.566408,16.257374,15.926232,16.134087,14.545793,56.129009,16.951750,3.118048,0.986986,0.139853,0.208823,0.049383,0.061543,0.027812,0.045191,0.028532,0.016584,0.022108,0.011770,0.028795,0.034396,0.055791,0.022387,0.016516,0.005765,0.000000
25200,25259,25230,865.627,31.196,379.772,66.997,3.644,0.162,0.021,29.857491,27.387260,25.348478,24.471384,22.382174,20.898853,19.277237,18.121304,17.013138,16.245398,16.086020,16.823509,16.375818,16.276642,14.638421,56.475349,16.820269,3.539931,0.967055,0.215636,0.135186,0.057388,0.072596,0.039485,0.039217,0.056127,0.016678,0.028081,0.011195,0.016787,0.010902,0.005432,0.022271,0.000000,0.005432,0.033547
25260,25319,25290,865.654,31.237,374.191,65.808,3.618,0.163,0.020,30.031208,27.095789,24.929289,24.041750,22.121771,21.077023,18.982838,17.892082,16.564953,16.141855,15.454099,15.738118,16.402210,16.909538,14.167447,55.367687,16.300465,3.364439,0.918242,0.115960,0.142263,0.054501,0.082471,0.027689,0.038840,0.022761,0.027430,0.038700,0.016884,0.022099,0.038168,0.011204,0.011130,0.005807,0.011300,0.022642
25320,25379,25350,865.669,30.946,381.679,67.321,3.771,0.166,0.021,30.894272,28.462961,25.895548,24.214075,22.494221,20.728682,19.277863,18.516932,17.252396,15.932577,15.734741,16.250853,16.507084,16.922354,14.707167,55.994637,16.761290,3.340118,0.990990,0.172454,0.172336,0.055040,0.061297,0.072661,0.038750,0.033497,0.016569,0.027589,0.010965,0.022530,0.027918,0.011443,0.033062,0.005464,0.011378,0.027590
25380,25439,25410,865.682,30.745,382.696,68.045,3.914,0.170,0.021,30.600557,28.103310,25.052851,24.721157,22.948708,20.829811,19.299118,18.169695,17.462143,16.249220,15.741800,16.707287,16.139858,16.587719,15.181982,56.924324,16.830103,3.368842,0.989462,0.148595,0.159680,0.089812,0.044491,0.049646,0.033291,0.027678,0.017170,0.022288,0.028381,0.027475,0.044260,0.005727,0.022286,0.005464,0.023197,0.038545
25440,25499,25470,865.673,30.799,384.471,67.730,3.812,0.167,0.021,31.146620,28.877911,25.687149,25.104393,22.649904,21.298615,18.904068,18.602091,16.874290,16.842310,16.012911,16.210896,16.154743,17.097528,14.221356,56.696350,17.016632,3.398021,0.873939,0.186094,0.121344,0.077883,0.066588,0.022417,0.033375,0.044344,0.055062,0.022234,0.022757,0.021792,0.049729,0.028029,0.027553,0.000000,0.000000,0.022191
25500,25559,25530,865.656,31.163,390.580,68.642,3.969,0.171,0.021,32.152065,29.533562,26.447231,25.205711,23.595917,21.660904,19.884333,19.403725,17.368338,16.957733,16.064606,16.668896,16.775433,16.252293,14.378315,56.033054,16.945324,3.384831,1.057649,0.132928,0.177987,0.098926,0.061630,0.044744,0.027716,0.033557,0.038634,0.010823,0.016189,0.016504,0.043622,0.022400,0.017086,0.017362,0.016875,0.033427
25560,25619,25590,865.646,31.299,393.383,68.298,3.788,0.165,0.021,32.988007,29.897198,27.263992,25.536066,25.079659,21.926489,19.863266,19.110399,17.493948,16.955130,15.999046,16.610592,16.435999,16.096992,14.371270,56.121998,16.331938,3.504304,1.077432,0.126033,0.104957,0.048853,0.088367,0.032129,0.044186,0.027272,0.016976,0.060794,0.038475,0.032373,0.033032,0.005501,0.000000,0.027066,0.005394,0.027668
25620,25679,25650,865.641,31.079,405.205,70.636,4.219,0.177,0.022,34.764515,32.236576,28.116386,26.981554,25.134659,22.910553,20.505924,19.696238,17.939728,17.402075,16.003851,17.017967,16.424921,16.438723,14.629009,57.061333,16.641685,3.269095,1.120542,0.193562,0.183114,0.044237,0.071403,0.055611,0.044159,0.028238,0.028621,0.027478,0.027357,0.033928,0.027499,0.028289,0.044362,0.010827,0.022327,0.038979
25680,25739,25710,865.636,30.877,404.841,69.632,3.946,0.168,0.021,34.446404,31.397675,28.662712,26.705193,25.108166,22.972139,20.736589,19.595501,18.174137,17.311361,16.760607,16.740942,17.262171,17.007175,14.163121,55.674648,17.243082,3.089878,1.037976,0.178423,0.092901,0.094603,0.094410,0.022363,0.016328,0.021846,0.038930,0.032996,0.005482,0.016792,0.032553,0.021553,0.010813,0.010820,0.033392,0.027328
25740,25799,25770,865.660,30.836,410.640,71.146,4.114,0.172,0.022,35.220474,31.010347,28.852858,26.906122,24.515156,23.061623,21.581964,20.455688,18.731213,17.696955,16.751106,17.284649,16.624306,16.921965,15.361907,57.403767,16.845949,3.592374,1.061765,0.177973,0.101448,0.044694,0.056202,0.050610,0.038176,0.011007,0.050556,0.038458,0.011100,0.022357,0.028297,0.033658,0.028806,0.027288,0.017073,0.022252
25800,25859,25830,865.722,31.142,407.011,71.522,4.372,0.181,0.022,34.019119,31.591610,29.367682,26.699165,24.857214,23.250004,20.796381,19.595156,18.592434,17.350313,16.446804,16.824562,17.211306,16.951639,15.194353,56.022907,16.813484,3.364691,1.064381,0.164273,0.139559,0.066202,0.088470,0.060978,0.076947,0.028291,0.045061,0.044435,0.044511,0.050025,0.049998,0.032859,0.039353,0.011111,0.022373,0.033589
25860,25919,25890,865.793,31.172,404.142,70.379,4.189,0.177,0.022,34.452347,30.575924,28.666243,26.815125,24.704838,23.273569,20.346930,20.230455,18.289158,16.963373,16.865896,16.739529,16.507765,16.821236,14.897244,55.866882,17.039640,3.101458,1.074400,0.170347,0.136508,0.097168,0.073487,0.056076,0.033009,0.067318,0.017378,0.016721,0.044234,0.011324,0.045650,0.044529,0.033354,0.016988,0.034045,0.011434
