CampaignData_and_Merges/R0/CSL_MobileLab_Parked/raw/20240813/USOS-PTR_MobileLabGround_20240813_RA.ict
58, 1001
Matthew Coggon, Kelvin Bates, Chelsea Stockwell, Carsten Warneke
NOAA ESRL Chemical Sciences Division
NOAA PTR-ToF-MS
USOS
1,1 
2024, 08, 13, 2024, 08, 14
0
Time_Start, seconds, number of seconds from 00:00 UTC 
22
1, 1, 1, 1, 1, 1, 1, 1, 1, 1, 1, 1, 1, 1, 1, 1, 1, 1, 1, 1, 1, 1
-9999, -9999, -9999, -9999, -9999, -9999, -9999, -9999, -9999, -9999, -9999, -9999, -9999, -9999, -9999, -9999, -9999, -9999, -9999, -9999, -9999, -9999
CH3OH_NOAAPTR_ppbv,  ppbv, Gas_CH3OH_InSitu_S_AVMR, (CH3OH) methanol
CH3CN_NOAAPTR_ppbv,  ppbv, Gas_CH3CN_InSitu_S_AVMR, (CH3CN) acetonitrile
CH3CHO_NOAAPTR_ppbv,  ppbv, Gas_CH3CHO_InSitu_S_AVMR, (CH3CHO) acetaldehyde plus contributions from ethylene glycol and ethylene oxide. Interference from ethanol has been subtracted out.
C2H5OH_NOAAPTR_ppbv,  ppbv, Gas_C2H5OH_InSitu_S_AVMR, (C2H5OH) ethanol
CH3SH_NOAAPTR_ppbv,  ppbv, Gas_CH3SH_InSitu_S_AVMR, (CH3SH) methanethiol, using calibration factor for DMS
Acrolein_NOAAPTR_ppbv,  ppbv, Gas_Acrolein_InSitu_S_AVMR, (C3H4O) acrolein
AcetonePropanal_NOAAPTR_ppbv,  ppbv, Gas_AcetoneAndPropanal_InSitu_S_AVMR, (C3H6O) sum of acetone (dominant isomer) and propanal, using calibration factor for acetone
DMS_NOAAPTR_ppbv,  ppbv, Gas_DMS_InSitu_S_AVMR, (C2H6S) dimethyl sulfide with possible small contributions from ethanethiol
C5H8_NOAAPTR_ppbv,  ppbv, Gas_Isoprene_InSitu_S_AVMR, (C5H8) isoprene and possible fragments from cycloalkanes and aldehydes. Interferences have been subtracted following methods described by Coggon et al (2023)
MVKMAC_NOAAPTR_ppbv,  ppbv, Gas_MVKAndMAC_InSitu_S_AVMR, (C4H6O) sum of methyl vinyl ketone, methacrolein, and small amounts of crotonaldehyde, using weighted calibration factor for MVK (0.637) and MACR (0.363)
Benzene_NOAAPTR_ppbv,  ppbv, Gas_Benzene_InSitu_S_AVMR, (C6H6) benzene
Toluene_NOAAPTR_ppbv,  ppbv, Gas_Toluene_InSitu_S_AVMR, (C7H8) toluene with possible small contributions of fragments from ethyltoluene
Styrene_NOAAPTR_ppbv,  ppbv, Gas_Styrene_InSitu_S_AVMR, (C8H8) styrene
Benzaldehyde_NOAAPTR_ppbv,  ppbv, Gas_Benzaldehyde_InSitu_S_AVMR, (C7H6O) benzaldehyde
C8Aromatics_NOAAPTR_ppbv,  ppbv, Gas_C8Aromatics_InSitu_M_AVMR, (C8H10) sum of m-xylene, p-xylene, o-xylene, and ethyl benzene
C9Aromatics_NOAAPTR_ppbv,  ppbv, Gas_C9Aromatics_InSitu_M_AVMR, (C9H12) sum of C9 aromatics
Naphthalene_NOAAPTR_ppbv,  ppbv, Gas_Naphthalene_InSitu_S_AVMR, (C10H8) naphthalene
Octanal_NOAAPTR_ppbv,  ppbv, Gas_Octanal_InSitu_S_AVMR, (C8H16O) octanal and small amounts of octanone
Monoterpenes_NOAAPTR_ppbv,  ppbv, Gas_Monoterpenes_InSitu_M_AVMR, (C10H16) sum of monoterpenes and possible contributions from fragments of oxygenated monoterpenoids such as eucalyptol.
Nonanal_NOAAPTR_ppbv,  ppbv, Gas_Nonanal_InSitu_M_AVMR, (C9H18O) nonanal and small amounts of nonanone
C7H4ClF3_NOAAPTR_ppbv,  ppbv, Gas_C7H4ClF3_InSitu_S_AVMR, (C7H4ClF3) parachlorobenzotrifluoride
C10H30O5Si5_NOAAPTR_ppbv,  ppbv, Gas_C10H30O5Si5_InSitu_S_AVMR, (C10H30O5Si5) decamethylcyclopentasiloxane
1
SPECIAL COMMENTS:N/A
21
PI_CONTACT_INFO: NOAA ESRL Chemical Sciences Division, Tropospheric Chemistry Group. 325 Broadway, R/CSD7, Boulder, CO 80305
PLATFORM: Mobile Laboratory.
LOCATION: Salt Lake City, UT
ASSOCIATED_DATA: N/A
INSTRUMENT_INFO: NOAA PTR-ToF-MS measurements on NOAA CSL Mobile Lab
DATA_INFO: Units: ppbv
UNCERTAINTY: See OTHER_COMMENTS
ULOD_FLAG: -7777
ULOD_VALUE: N/A
LLOD_FLAG: -8888
LLOD_VALUE: N/A.
DM_CONTACT_INFO: Data Managers: Matt Coggon, Kelvin Bates, Chelsea Stockwell; email: matthew.m.coggon@noaa.gov and kelvin.bates@colorado.edu
PROJECT_INFO: USOS Deployment July-August, 2024
STIPULATIONS_ON_USE: Use of these data require prior OK from PI.
OTHER_COMMENTS: Uncertainties:
CH3OH_NOAAPTR_ppbv:30%; CH3CN_NOAAPTR_ppbv:30%; CH3CHO_NOAAPTR_ppbv:30%; C2H5OH_NOAAPTR_ppbv:30%; CH3SH_NOAAPTR_ppbv:50%; Acrolein_NOAAPTR_ppbv:30%; AcetonePropanal_NOAAPTR_ppbv:30%; DMS_NOAAPTR_ppbv:30%; C5H8_NOAAPTR_ppbv:30%; MVKMAC_NOAAPTR_ppbv:30%; 
Benzene_NOAAPTR_ppbv:30%; Toluene_NOAAPTR_ppbv:30%; Styrene_NOAAPTR_ppbv:30%; Benzaldehyde_NOAAPTR_ppbv:30%; C8Aromatics_NOAAPTR_ppbv:30%; C9Aromatics_NOAAPTR_ppbv:30%; Naphthalene_NOAAPTR_ppbv:30%; Octanal_NOAAPTR_ppbv:30%; Monoterpenes_NOAAPTR_ppbv:30%; Nonanal_NOAAPTR_ppbv:30%; 
C7H4ClF3_NOAAPTR_ppbv:30%; C10H30O5Si5_NOAAPTR_ppbv:30%; 
REVISION: RA
RA: Field Data
Time_Start, CH3OH_NOAAPTR_ppbv, CH3CN_NOAAPTR_ppbv, CH3CHO_NOAAPTR_ppbv, C2H5OH_NOAAPTR_ppbv, CH3SH_NOAAPTR_ppbv, Acrolein_NOAAPTR_ppbv, AcetonePropanal_NOAAPTR_ppbv, DMS_NOAAPTR_ppbv, C5H8_NOAAPTR_ppbv, MVKMAC_NOAAPTR_ppbv, Benzene_NOAAPTR_ppbv, Toluene_NOAAPTR_ppbv, Styrene_NOAAPTR_ppbv, Benzaldehyde_NOAAPTR_ppbv, C8Aromatics_NOAAPTR_ppbv, C9Aromatics_NOAAPTR_ppbv, Naphthalene_NOAAPTR_ppbv, Octanal_NOAAPTR_ppbv, Monoterpenes_NOAAPTR_ppbv, Nonanal_NOAAPTR_ppbv, C7H4ClF3_NOAAPTR_ppbv, C10H30O5Si5_NOAAPTR_ppbv
[from data line 510]
30600.0, -9999.00000, -9999.00000, -9999.00000, -9999.00000, -9999.00000, -9999.00000, -9999.00000, -9999.00000, -9999.00000, -9999.00000, -9999.00000, -9999.00000, -9999.00000, -9999.00000, -9999.00000, -9999.00000, -9999.00000, -9999.00000, -9999.00000, -9999.00000, -9999.00000, -9999.00000 
30660.0, -9999.00000, -9999.00000, -9999.00000, -9999.00000, -9999.00000, -9999.00000, -9999.00000, -9999.00000, -9999.00000, -9999.00000, -9999.00000, -9999.00000, -9999.00000, -9999.00000, -9999.00000, -9999.00000, -9999.00000, -9999.00000, -9999.00000, -9999.00000, -9999.00000, -9999.00000 
30720.0, -9999.00000, -9999.00000, -9999.00000, -9999.00000, -9999.00000, -9999.00000, -9999.00000, -9999.00000, -9999.00000, -9999.00000, -9999.00000, -9999.00000, -9999.00000, -9999.00000, -9999.00000, -9999.00000, -9999.00000, -9999.00000, -9999.00000, -9999.00000, -9999.00000, -9999.00000 
30780.0, -9999.00000, -9999.00000, -9999.00000, -9999.00000, -9999.00000, -9999.00000, -9999.00000, -9999.00000, -9999.00000, -9999.00000, -9999.00000, -9999.00000, -9999.00000, -9999.00000, -9999.00000, -9999.00000, -9999.00000, -9999.00000, -9999.00000, -9999.00000, -9999.00000, -9999.00000 
30840.0, -9999.00000, -9999.00000, -9999.00000, -9999.00000, -9999.00000, -9999.00000, -9999.00000, -9999.00000, -9999.00000, -9999.00000, -9999.00000, -9999.00000, -9999.00000, -9999.00000, -9999.00000, -9999.00000, -9999.00000, -9999.00000, -9999.00000, -9999.00000, -9999.00000, -9999.00000 
30900.0, -9999.00000, -9999.00000, -9999.00000, -9999.00000, -9999.00000, -9999.00000, -9999.00000, -9999.00000, -9999.00000, -9999.00000, -9999.00000, -9999.00000, -9999.00000, -9999.00000, -9999.00000, -9999.00000, -9999.00000, -9999.00000, -9999.00000, -9999.00000, -9999.00000, -9999.00000 
30960.0, -9999.00000, -9999.00000, -9999.00000, -9999.00000, -9999.00000, -9999.00000, -9999.00000, -9999.00000, -9999.00000, -9999.00000, -9999.00000, -9999.00000, -9999.00000, -9999.00000, -9999.00000, -9999.00000, -9999.00000, -9999.00000, -9999.00000, -9999.00000, -9999.00000, -9999.00000 
31020.0, -9999.00000, -9999.00000, -9999.00000, -9999.00000, -9999.00000, -9999.00000, -9999.00000, -9999.00000, -9999.00000, -9999.00000, -9999.00000, -9999.00000, -9999.00000, -9999.00000, -9999.00000, -9999.00000, -9999.00000, -9999.00000, -9999.00000, -9999.00000, -9999.00000, -9999.00000 
31080.0, 4.47822, -9999.00000, 0.38793, 0.79071, 0.00678, 0.04700, 1.46907, 0.00966, 0.01610, -9999.00000, 0.04490, 0.08106, 0.01168, -9999.00000, 0.02830, 0.02040, 0.01485, 0.01475, 0.07336, 0.02287, 0.00050, -0.00033 
31140.0, 5.19544, 0.15542, 0.37881, 0.82427, 0.00393, 0.01793, 1.49208, 0.02199, 0.03277, 0.04240, 0.04541, 0.07958, 0.01231, -9999.00000, 0.05085, 0.02053, 0.00150, 0.01636, 0.07489, 0.01309, 0.00273, -0.00049 
31200.0, 4.75727, 0.17311, 0.42819, 1.10445, 0.00543, 0.06055, 1.47961, 0.00989, 0.00720, 0.05148, -0.00663, 0.08051, 0.00851, -9999.00000, 0.04232, 0.02179, 0.00623, 0.01310, 0.07194, 0.01266, -0.00063, 0.00171 
31260.0, 4.76220, 0.15423, 0.40169, 0.86408, 0.00578, 0.07541, 1.44047, 0.01474, 0.02274, 0.05816, 0.02671, 0.07463, 0.00468, -9999.00000, 0.04453, 0.02211, -0.00393, 0.00814, 0.08493, 0.02806, 0.00180, 0.00014 
31320.0, 4.61697, 0.15739, 0.38441, 0.95422, 0.00558, 0.07181, 1.48833, 0.00883, 0.02639, 0.05872, -0.00625, 0.06804, 0.00306, -9999.00000, 0.04831, 0.01298, 0.00350, 0.01076, 0.07618, 0.01578, 0.00360, 0.00027 
31380.0, 4.07677, 0.14619, 0.36536, 1.15664, 0.00653, 0.07200, 1.48005, 0.01199, 0.03178, 0.05030, -0.02093, 0.07452, 0.00016, -9999.00000, 0.04706, 0.02522, -0.00874, 0.02531, 0.08673, 0.02016, 0.00009, 0.00004 
31440.0, 4.54308, 0.15756, 0.32522, 0.91845, 0.00605, 0.04296, 1.50907, -0.00020, 0.01998, 0.05474, 0.04439, 0.09658, 0.00000, -9999.00000, 0.05182, 0.02084, -0.00872, 0.00835, 0.09207, 0.01875, 0.00209, 0.00095 
31500.0, 4.19704, 0.14052, 0.35749, 1.00465, 0.00324, 0.05540, 1.38115, 0.01996, 0.01789, 0.03753, -0.03053, 0.06831, -0.00098, -9999.00000, 0.03800, 0.01376, -0.00871, 0.01009, 0.07716, 0.01092, 0.00493, 0.00172 
31560.0, 4.06347, 0.16218, 0.32518, 0.83949, 0.00533, 0.06239, 1.42089, 0.00427, 0.04478, 0.04200, 0.00990, 0.08355, -0.00168, -9999.00000, 0.04816, 0.01307, -0.00680, 0.03334, 0.09697, 0.01627, -0.00027, 0.00265 
31620.0, 4.33262, 0.14850, 0.30804, 0.99058, 0.00801, 0.05719, 1.43685, 0.00397, 0.01784, 0.03553, 0.00931, 0.07138, -0.00196, -9999.00000, 0.04172, 0.02043, 0.00126, 0.00273, 0.08966, 0.02005, 0.00089, 0.00057 
31680.0, 5.18458, 0.16757, 0.38649, 1.22966, 0.00706, 0.05490, 1.49870, 0.01343, 0.05339, 0.04726, 0.00643, 0.06494, 0.01835, -9999.00000, 0.03924, 0.00985, -0.00731, 0.02662, 0.09291, 0.02370, 0.00229, 0.00173 
31740.0, 5.56990, 0.15995, 0.40527, 1.02744, 0.00584, 0.07196, 1.53998, 0.00710, 0.05520, 0.04819, 0.03296, 0.07265, 0.01193, -9999.00000, 0.04150, 0.01106, -0.00026, 0.03789, 0.08461, 0.02115, 0.00393, 0.00059 
31800.0, 4.52633, 0.16177, 0.41239, 0.95096, 0.00693, 0.05936, 1.40170, 0.00546, 0.02771, 0.03809, 0.03865, 0.08432, 0.01335, -9999.00000, 0.03718, 0.01495, 0.00051, 0.01044, 0.09236, 0.02813, 0.00171, 0.00146 
31860.0, 5.18535, 0.14800, 0.47543, 1.30858, 0.00944, 0.03939, 1.45706, 0.00899, 0.05784, 0.03422, 0.00904, 0.08449, 0.00742, -9999.00000, 0.04246, 0.02385, 0.00149, 0.01347, 0.08320, 0.02493, 0.00016, 0.00534 
31920.0, 4.66559, 0.15022, 0.41122, 1.27042, 0.00634, 0.04398, 1.45441, -0.00021, 0.04245, 0.04186, 0.03645, 0.05961, 0.01223, -9999.00000, 0.03763, 0.01522, -0.00763, 0.01295, 0.09620, 0.02828, -0.00027, 0.00143 
31980.0, 4.42725, 0.16589, 0.38141, 1.25704, 0.00922, 0.06727, 1.44705, 0.00103, 0.01802, 0.04200, -0.00035, 0.11406, 0.00554, -9999.00000, 0.06436, 0.02943, 0.00107, 0.01450, 0.09509, 0.02186, 0.00136, 0.00103 
32040.0, 4.40320, 0.15395, 0.37310, 1.11075, 0.00372, 0.05590, 1.38599, 0.01475, 0.02337, 0.04829, -0.00054, 0.06641, 0.01514, -9999.00000, 0.03624, 0.01284, -0.00330, 0.00776, 0.07879, -0.00079, 0.00259, 0.00068 
32100.0, 4.35100, 0.15386, 0.36132, 0.97562, 0.00455, 0.04969, 1.39774, 0.01133, 0.01127, 0.05473, -0.00830, 0.05099, 0.00677, -9999.00000, 0.03797, 0.01547, 0.00249, 0.01294, 0.07641, 0.00455, 0.00164, 0.00194 
32160.0, 3.34961, 0.15808, 0.37197, 0.95799, 0.00708, 0.06402, 1.41087, 0.01950, 0.03262, 0.04562, -0.01931, 0.06434, 0.00331, -9999.00000, 0.02967, 0.01378, -0.00858, 0.02250, 0.06773, 0.01625, 0.00727, 0.00156 
32220.0, 3.75934, 0.13946, 0.44125, 1.02980, 0.00917, 0.05219, 1.44289, 0.00491, 0.02664, 0.04486, -0.00635, 0.07519, 0.01101, -9999.00000, 0.04246, 0.01360, -0.00281, 0.02626, 0.07677, 0.02579, 0.00295, -0.00029 
32280.0, 4.64855, 0.15830, 0.39417, 0.96129, 0.00850, 0.05934, 1.47448, 0.01551, 0.03052, 0.05330, -0.00056, 0.07438, 0.00151, -9999.00000, 0.04296, 0.01662, -0.00003, 0.01958, 0.08079, 0.01747, -0.00119, 0.00134 
32340.0, 4.49239, 0.15930, 0.42429, 1.07459, 0.00759, 0.05428, 1.42648, 0.01832, 0.04280, 0.04132, 0.02132, 0.09041, 0.00556, -9999.00000, 0.03575, 0.01774, -0.00469, 0.01431, 0.11102, 0.01768, 0.00513, 0.00189 
32400.0, 4.21785, 0.16037, 0.40023, 1.21662, 0.00515, 0.03198, 1.46995, 0.01741, 0.03003, 0.03957, 0.00878, 0.08374, 0.00358, -9999.00000, 0.03537, 0.01122, -0.00331, 0.01022, 0.05964, 0.01236, 0.00299, 0.00103 
32460.0, 4.21632, 0.17212, 0.37121, 1.00691, 0.00508, 0.06682, 1.40603, 0.00832, 0.01635, 0.04064, -0.00332, 0.08188, 0.01019, -9999.00000, 0.05000, 0.01835, -0.00029, 0.02692, 0.08192, 0.01209, 0.00920, -0.00023 
32520.0, 5.22483, 0.15205, 0.44379, 1.00988, 0.00718, 0.05060, 1.46918, 0.00488, 0.03698, 0.04902, 0.01147, 0.08558, -0.00205, -9999.00000, 0.05089, 0.02123, -0.00561, 0.02513, 0.07068, 0.01578, 0.00426, 0.00228 
32580.0, 4.05646, 0.16438, 0.41390, 1.06289, 0.00583, 0.04711, 1.42148, 0.01069, 0.04471, 0.04062, 0.02642, 0.09593, -0.00633, -9999.00000, 0.04350, 0.01505, -0.00350, 0.01566, 0.07143, 0.01095, 0.00181, -0.00013 
32640.0, 4.72497, 0.17309, 0.49943, 1.33243, 0.01012, 0.08775, 1.42380, 0.02513, 0.08840, 0.06722, 0.14334, 0.21618, -0.00632, -9999.00000, 0.15781, 0.06020, 0.00726, 0.02658, 0.06340, 0.00621, 0.00254, 0.00356 
32700.0, 4.99857, 0.15183, 0.44517, 1.09135, 0.00622, 0.05907, 1.46058, -0.00023, 0.03826, 0.05277, 0.08419, 0.11704, 0.01584, -9999.00000, 0.07010, 0.03410, 0.00361, 0.02668, 0.09907, 0.02211, 0.00356, 0.00101 
32760.0, 4.48239, 0.15530, 0.43581, 1.04069, 0.00419, 0.04450, 1.42631, 0.00331, 0.03498, 0.05024, 0.02942, 0.07607, 0.00351, -9999.00000, 0.04339, 0.00796, 0.00612, 0.01415, 0.06971, 0.01263, 0.00252, 0.00075 
32820.0, 4.14240, 0.15634, 0.40096, 0.89081, 0.00719, 0.04692, 1.41043, 0.01024, 0.01513, 0.04907, 0.02774, 0.07338, 0.01017, -9999.00000, 0.03923, 0.00647, 0.00716, 0.02000, 0.06525, 0.01906, 0.00362, 0.00119 
32880.0, 4.29445, 0.17125, 0.32755, 0.95551, 0.00751, 0.05708, 1.42171, 0.00604, 0.02898, 0.04893, 0.00981, 0.06686, 0.00553, -9999.00000, 0.03648, 0.00303, 0.00450, 0.02602, 0.05548, 0.00994, 0.00455, 0.00168 
32940.0, 4.07780, 0.15080, 0.34023, 0.87217, 0.00228, 0.06105, 1.39572, 0.01370, 0.01902, 0.03769, 0.01761, 0.05248, -0.00627, -9999.00000, 0.03974, 0.01471, -0.00152, 0.00861, 0.05343, 0.00975, 0.00386, 0.00132 
33000.0, 4.37664, 0.15483, 0.37479, 1.05351, 0.00307, 0.05985, 1.43943, 0.00797, 0.01988, 0.04295, 0.02260, 0.05451, 0.01376, -9999.00000, 0.03294, 0.01395, -0.00842, 0.00823, 0.06461, 0.00811, 0.00072, 0.00233 
33060.0, 4.69382, 0.16786, 0.40107, 0.82578, 0.00692, 0.08058, 1.44256, -0.00020, 0.03722, 0.05527, 0.00688, 0.06682, 0.01799, -9999.00000, 0.04120, 0.00801, -0.00778, 0.00663, 0.08105, 0.01800, 0.00229, 0.00190 
33120.0, 3.96141, 0.14217, 0.37482, 1.01738, 0.00680, 0.02986, 1.45050, 0.00603, 0.03755, 0.04620, 0.04104, 0.06433, 0.01156, -9999.00000, 0.03705, 0.01485, 0.00623, 0.01993, 0.04750, 0.02248, 0.00202, 0.00146 
33180.0, 4.49967, 0.13951, 0.34901, 1.11642, 0.00849, 0.06515, 1.40427, 0.00447, 0.03373, 0.04919, 0.02960, 0.07677, 0.00727, -9999.00000, 0.03745, 0.01612, -0.00350, 0.01239, 0.05931, 0.01766, 0.00220, 0.00217 
33240.0, 4.56860, 0.16020, 0.37897, 1.21023, 0.00229, 0.06415, 1.46452, 0.01122, 0.04217, 0.04101, 0.01115, 0.08114, 0.01534, -9999.00000, 0.03714, 0.01659, -0.00549, 0.01392, 0.07507, 0.00417, 0.00320, -0.00027 
33300.0, 4.60549, 0.14925, 0.41299, 1.23423, 0.01035, 0.05211, 1.49471, 0.01372, 0.02015, 0.05264, 0.00433, 0.06880, 0.01328, -9999.00000, 0.04283, 0.01262, 0.00700, 0.02039, 0.07891, 0.02320, 0.00083, 0.00309 
33360.0, 4.52962, 0.16479, 0.38505, 1.02329, 0.00751, 0.04465, 1.44533, -0.00024, 0.01739, 0.05371, 0.02266, 0.08201, 0.00628, -9999.00000, 0.03176, 0.01085, -0.00214, 0.02044, 0.06710, 0.02186, 0.00443, 0.00111 
33420.0, 4.82217, 0.14672, 0.36310, 0.92937, 0.00363, 0.06833, 1.43634, 0.00660, 0.02650, 0.04765, 0.04541, 0.07953, 0.00877, -9999.00000, 0.03254, 0.02041, -0.00834, 0.00863, 0.07296, 0.01303, 0.00161, 0.00132 
33480.0, 5.31309, 0.14805, 0.36254, 0.94677, 0.00504, 0.09322, 1.47369, 0.00803, 0.03752, 0.05002, 0.03329, 0.07270, -0.00618, -9999.00000, 0.04255, 0.01856, -0.00833, 0.01721, 0.08700, 0.02277, 0.00680, 0.00310 
33540.0, 4.49258, 0.15406, 0.35312, 0.91563, 0.00499, 0.07597, 1.45545, 0.00956, 0.05175, 0.05644, -0.01635, 0.06757, 0.01073, -9999.00000, 0.03623, 0.01935, -0.00210, 0.02436, 0.07925, 0.01936, 0.00046, 0.00119 
33600.0, 5.45108, 0.13101, 0.41662, 1.19938, 0.00789, 0.06515, 1.50146, 0.01590, 0.01477, 0.05816, 0.02383, 0.07953, 0.01533, -9999.00000, 0.05181, 0.01295, -0.00830, 0.01590, 0.09014, 0.01550, 0.00035, 0.00242 
33660.0, 4.80765, 0.14595, 0.41944, 0.94073, 0.00695, 0.07297, 1.50600, 0.00715, 0.02414, 0.05435, 0.00833, 0.07627, 0.02184, -9999.00000, 0.04620, 0.02265, 0.00344, 0.01923, 0.08418, 0.02796, 0.00324, 0.00167 
33720.0, 5.59886, 0.14711, 0.35619, 0.86715, 0.00219, 0.04357, 1.47304, 0.00073, 0.01386, 0.05419, 0.00621, 0.05112, 0.00326, -9999.00000, 0.04255, 0.01442, 0.00818, 0.01614, 0.07348, 0.00661, 0.00516, 0.00087 
33780.0, 5.61162, 0.14029, 0.40776, 0.99832, 0.00871, 0.07356, 1.52675, 0.02113, 0.03415, 0.05684, 0.00087, 0.08479, 0.01233, -9999.00000, 0.05387, 0.01580, -0.00140, 0.00906, 0.09270, 0.02747, 0.00494, 0.00130 
33840.0, 5.26161, 0.15320, 0.41761, 1.29181, 0.01079, 0.06801, 1.56828, 0.01678, 0.03371, 0.05516, -0.00376, 0.07278, 0.01141, -9999.00000, 0.05102, 0.01494, -0.00813, 0.00687, 0.07172, 0.01948, 0.00378, 0.00159 
33900.0, 5.78467, 0.17206, 0.40057, 1.26140, 0.00805, 0.06960, 1.52410, 0.01183, 0.03632, 0.06760, 0.02150, 0.09961, 0.01770, -9999.00000, 0.04751, 0.01623, -0.00824, 0.02312, 0.08024, 0.02165, 0.00475, 0.00100 
33960.0, 5.62001, 0.15941, 0.47615, 1.21950, 0.00968, 0.07923, 1.57328, 0.00857, 0.01623, 0.05530, 0.02915, 0.07155, 0.00860, -9999.00000, 0.05553, 0.02145, 0.00181, 0.01536, 0.09480, 0.00619, -0.00101, 0.00047 
34020.0, 6.26651, 0.15207, 0.41764, 1.22636, 0.00513, 0.06800, 1.59558, 0.00644, 0.04654, 0.05808, 0.03447, 0.07656, 0.01122, -9999.00000, 0.05036, 0.01976, 0.00213, 0.00705, 0.08274, 0.01140, 0.00321, 0.00319 
34080.0, 5.51038, 0.14429, 0.52702, 1.22287, 0.00637, 0.05627, 1.46246, 0.02392, 0.03955, 0.05093, 0.01991, 0.08901, 0.02319, -9999.00000, 0.03403, 0.01539, -0.00609, 0.01820, 0.08474, 0.01049, 0.00220, 0.00218 
34140.0, 6.18602, 0.16695, 0.52172, 1.35524, 0.00940, 0.08545, 1.51439, 0.02051, 0.03430, 0.05639, -0.00121, 0.07390, -0.00608, -9999.00000, 0.04019, 0.01891, -0.00447, 0.02332, 0.09856, 0.01582, 0.00426, 0.00068 
34200.0, 5.66820, 0.17421, 0.51514, 1.29254, 0.00746, 0.10411, 1.55599, 0.01362, 0.05398, 0.06332, 0.06826, 0.14458, -0.00607, -9999.00000, 0.07879, 0.02815, -0.00179, 0.03286, 0.09332, 0.02086, 0.00417, 0.00200 
34260.0, 5.71161, 0.15088, 0.56826, 1.29465, 0.00405, 0.07934, 1.57901, 0.00824, 0.02355, 0.05267, 0.04882, 0.11274, 0.00963, -9999.00000, 0.04752, 0.02751, -0.00453, 0.01337, 0.10700, 0.03063, 0.00615, 0.00492 
34320.0, 5.47921, 0.16975, 0.47012, 1.23313, 0.00936, 0.07048, 1.49227, 0.01735, 0.02713, 0.06288, 0.02828, 0.08239, 0.01160, -9999.00000, 0.04809, 0.02403, 0.00036, 0.01042, 0.10344, 0.02694, -0.00126, 0.00255 
34380.0, 5.56596, 0.15091, 0.47621, 1.66569, 0.00627, 0.07730, 1.51194, 0.01690, 0.00918, 0.04450, 0.02177, 0.07810, 0.00545, -9999.00000, 0.05254, 0.02100, -0.00036, 0.01656, 0.08852, 0.02257, 0.00402, 0.00138 
34440.0, 4.25596, 0.16189, 0.48895, 1.16588, 0.00700, 0.05697, 1.47718, 0.01722, 0.02811, 0.04999, 0.01207, 0.07227, 0.01067, -9999.00000, 0.04280, 0.01260, -0.00243, 0.02896, 0.10965, 0.01729, 0.00393, 0.00152 
34500.0, 5.87718, 0.18735, 0.55550, 1.26575, 0.00648, 0.08887, 1.50281, 0.00632, 0.02586, 0.03522, 0.02470, 0.09817, 0.00966, -9999.00000, 0.03748, 0.01767, -0.00582, 0.00850, 0.09126, 0.02689, 0.00368, 0.00419 
34560.0, 5.03370, 0.17074, 0.46642, 1.48388, 0.00742, 0.07662, 1.53471, 0.01855, 0.04418, 0.04545, 0.02569, 0.08643, 0.00989, -9999.00000, 0.03979, 0.01762, -0.00253, 0.02622, 0.08916, 0.02229, 0.00460, 0.00554 
34620.0, 4.55586, 0.16060, 0.43342, 1.19135, 0.00505, 0.06390, 1.39648, 0.01695, 0.02759, 0.04123, 0.01675, 0.09414, 0.00659, -9999.00000, 0.04314, 0.01630, 0.00430, 0.01376, 0.07680, 0.00479, -0.00116, 0.00143 
34680.0, 4.88875, 0.16306, 0.44167, 1.21594, 0.00720, 0.07897, 1.50379, 0.00663, 0.02108, 0.04842, 0.02833, 0.09452, 0.00823, -9999.00000, 0.04490, 0.02002, -0.00809, 0.01284, 0.07904, 0.02007, -0.00119, 0.00171 
34740.0, 4.99785, 0.17109, 0.46045, 1.29462, 0.00758, 0.05801, 1.46560, 0.00526, 0.04227, 0.04821, 0.04119, 0.08600, 0.01196, -9999.00000, 0.04874, 0.02229, -0.00808, 0.01429, 0.08611, 0.01964, 0.00729, 0.00222 
34800.0, 5.52204, 0.17235, 0.50518, 1.28319, 0.00953, 0.05530, 1.48054, 0.01763, 0.02087, 0.04851, 0.03060, 0.08899, 0.00121, -9999.00000, 0.04944, 0.01932, -0.00007, 0.02200, 0.08156, 0.02071, 0.00029, 0.00112 
