CampaignData_and_Merges/R0/CSL_MobileLab_Parked/raw/20240813/USOS-NOAAIodideCIMS-HNO3_MobileLabGround_20240813_RA.ict
33, 1001
Michael A Robinson, Chris Jernigan, Subi Thakali
NOAA ESRL Chemical Sciences Laboratory and CIRES, U. of Colorado
NOAA Iodide CIMS Instrument
USOS
1, 1
2024, 08, 13, 2024, 08, 15
1
starttime_UTC, seconds_past_midnight, seconds_of_day_since_00:00:00_UTC
1
1
-9999
HNO3_NOAACIMS, pptv, Gas_HNO3_InSitu_S_AVMR, 
0
18
PI_CONTACT_INFO: 325 Broadway, R/CSD 7, Boulder, Colorado 80305; michael.a.robinson@noaa.gov; chris.jernigan@noaa.gov;
PLATFORM: NOAA CSL Mobile Lab
LOCATION: SLC, Utah
ASSOCIATED_DATA: 1Hz data also available on request.
INSTRUMENT_INFO: NOAA I- ToF CIMS
DATA_INFO: All data in parts per trillion by volume (pptv). 1 Hz data is available upon request.
UNCERTAINTY: TBD
ULOD_FLAG: -7777
ULOD_VALUE: N/A
LLOD_FLAG: -8888
LLOD_VALUE: N/A
DM_CONTACT_INFO: Nathan Howard; nathan.h.howard@noaa.gov
PROJECT_INFO: USOS, summer 2024. https://csl.noaa.gov/groups/csl7/measurements/2024usos/
STIPULATIONS_ON_USE: Users are strongly encouraged to contact the PI for proper data usage.
OTHER_COMMENTS: 
REVISION: RA
RA: Preliminary Data; For in-field use only
starttime_UTC, HNO3_NOAACIMS
[from data line 1053]
 63180, 224.171
 63240, 222.344
 63300, 226.079
 63360, 228.708
 63420, 230.892
 63480, 230.364
 63540, 234.872
 63600, 244.365
 63660, 242.016
 63720, 240.429
 63780, 248.544
 63840, 238.116
 63900, 237.517
 63960, 239.419
 64020, 239.808
 64080, 237.118
 64140, 239.638
 64200, 243.146
 64260, 245.125
 64320, 243.852
 64380, 243.062
 64440, 242.646
 64500, 242.911
 64560, 245.648
 64620, 241.598
 64680, 237.197
 64740, 242.569
 64800, 238.532
 64860, 237.193
 64920, 239.384
 64980, 243.513
 65040, 245.115
 65100, 243.830
 65160, 249.486
 65220, 248.492
 65280, 253.628
 65340, 252.312
 65400, 253.105
 65460, 245.493
 65520, 234.968
 65580, 232.289
 65640, -9999.000
 65700, 220.938
 65760, 224.698
 65820, 229.685
 65880, 225.908
 65940, 222.833
 66000, 222.571
 66060, 220.765
 66120, 219.608
 66180, 219.204
 66240, 222.603
 66300, 217.906
 66360, 213.751
 66420, 214.338
 66480, 218.695
 66540, 219.062
 66600, 218.129
 66660, 222.033
 66720, 224.756
 66780, 229.627
 66840, 228.212
 66900, 225.234
 66960, 233.807
 67020, 240.045
 67080, 244.369
 67140, 242.582
 67200, 247.963
 67260, 243.167
 67320, 234.397
 67380, 238.733
 67440, 242.768
 67500, 243.454
 67560, 242.264
 67620, 239.930
 67680, 234.898
 67740, 235.129
 67800, 230.601
 67860, 232.077
 67920, 235.727
 67980, 232.007
 68040, 234.540
 68100, 236.562
 68160, 237.575
 68220, 237.767
 68280, 235.030
 68340, 237.367
 68400, 239.933
 68460, 242.442
 68520, 236.918
 68580, 232.299
 68640, 232.923
 68700, 234.183
 68760, 237.606
 68820, 237.953
 68880, 238.227
 68940, 234.406
 69000, 238.465
 69060, 244.224
 69120, 247.035
 69180, 247.511
 69240, 242.292
 69300, 242.070
 69360, 230.306
 69420, 231.050
 69480, 235.593
 69540, 236.287
 69600, 243.737
 69660, 252.323
 69720, 254.170
 69780, 253.577
 69840, 254.177
 69900, 262.708
 69960, 262.056
 70020, 256.627
 70080, 252.926
 70140, 253.752
 70200, 257.955
 70260, 262.095
 70320, 253.525
 70380, 254.051
 70440, 252.416
 70500, 247.618
 70560, 248.341
 70620, 246.931
 70680, 245.149
 70740, 238.958
 70800, 232.342
 70860, 232.984
 70920, 233.176
 70980, 227.801
 71040, 225.717
 71100, 220.815
 71160, 221.266
 71220, 222.040
 71280, 226.757
 71340, 227.843
 71400, 228.907
 71460, 227.542
 71520, 223.568
 71580, 230.586
 71640, 241.041
 71700, 258.442
 71760, 264.597
 71820, 267.083
 71880, 266.705
 71940, 269.910
 72000, 265.583
 72060, 263.611
 72120, 266.884
 72180, 274.051
 72240, 276.804
 72300, 276.742
 72360, 277.744
 72420, 277.798
 72480, 277.467
 72540, 276.219
 72600, 280.615
 72660, 276.092
 72720, 272.721
 72780, 272.295
 72840, 268.037
 72900, 272.043
 72960, 263.340
 73020, -9999.000
 73080, 245.890
 73140, 245.918
 73200, 246.968
 73260, 246.596
 73320, 247.435
 73380, 245.223
 73440, 250.256
 73500, 249.483
 73560, 251.414
 73620, 255.202
 73680, 259.594
 73740, 258.523
 73800, 257.043
 73860, 258.382
 73920, 262.348
 73980, 256.761
 74040, 252.844
 74100, 251.306
 74160, 252.450
 74220, 256.317
 74280, 256.228
 74340, 256.143
 74400, 254.725
 74460, 246.994
 74520, 234.816
 74580, 236.206
 74640, 240.751
 74700, 245.182
 74760, 250.441
 74820, 255.157
 74880, -9999.000
 74940, 250.027
 75000, 252.845
 75060, 261.022
 75120, 262.774
 75180, 261.919
 75240, 269.429
 75300, 273.345
 75360, 274.871
 75420, 278.761
 75480, 277.223
 75540, 278.331
 75600, 284.111
 75660, 284.860
 75720, 283.727
 75780, 282.650
 75840, 283.215
 75900, 277.720
 75960, 271.915
 76020, 267.408
 76080, 260.210
 76140, 262.347
 76200, 265.029
 76260, 260.393
 76320, 264.341
 76380, 273.191
 76440, 277.159
 76500, 280.828
 76560, 284.865
 76620, 284.596
 76680, 286.433
 76740, -9999.000
 76800, 270.236
 76860, 272.701
 76920, 280.388
 76980, 283.135
 77040, 282.105
 77100, 281.009
 77160, 281.752
 77220, 280.542
 77280, 282.467
 77340, 279.490
 77400, 277.044
 77460, 271.277
 77520, 271.280
 77580, 260.039
 77640, 258.661
 77700, 265.696
 77760, 261.403
 77820, 258.312
 77880, 265.771
 77940, 267.927
 78000, 271.167
 78060, 276.208
 78120, 279.735
 78180, 278.319
 78240, 264.192
 78300, 257.844
 78360, 248.477
 78420, 248.614
 78480, 253.356
 78540, 253.481
 78600, 255.111
 78660, 249.948
 78720, 249.776
 78780, 257.051
 78840, 260.654
 78900, 264.122
 78960, 262.841
 79020, 264.905
 79080, 261.742
 79140, 256.924
 79200, 259.836
 79260, 263.791
 79320, 263.805
 79380, 265.809
 79440, 272.460
 79500, 279.843
 79560, 281.335
 79620, 288.651
 79680, 287.163
 79740, 275.302
 79800, 269.639
 79860, 272.864
 79920, 275.479
 79980, 283.425
 80040, 286.123
 80100, 296.749
 80160, 299.069
 80220, 302.632
 80280, 304.634
 80340, 305.284
 80400, -9999.000
 80460, 296.027
 80520, 288.174
 80580, 288.298
 80640, 286.499
 80700, 288.809
 80760, 285.656
 80820, 291.569
 80880, 289.722
 80940, 297.534
 81000, 293.113
 81060, 290.636
 81120, 287.116
 81180, 283.294
 81240, 286.233
 81300, 294.868
 81360, 300.143
 81420, 309.210
 81480, 311.889
 81540, 320.455
 81600, 327.421
 81660, 335.435
 81720, 340.386
 81780, 334.844
 81840, 339.575
 81900, 339.179
 81960, 337.775
 82020, 332.271
 82080, 321.748
 82140, 319.014
 82200, 314.437
 82260, -9999.000
 82320, 298.435
 82380, 293.211
 82440, 286.332
 82500, 289.866
 82560, 284.073
 82620, 284.720
 82680, 282.151
 82740, 280.495
 82800, 275.060
 82860, 275.769
 82920, 273.520
 82980, 270.755
 83040, 262.599
 83100, 265.991
 83160, 264.877
 83220, 258.955
 83280, 256.367
 83340, 254.372
 83400, 250.353
 83460, 248.557
 83520, 242.008
 83580, 242.747
 83640, 244.248
 83700, 247.177
 83760, 248.211
 83820, 244.017
 83880, 234.571
 83940, 226.311
 84000, 217.625
 84060, 214.441
 84120, -9999.000
 84180, 203.632
 84240, 204.668
 84300, 210.198
 84360, 215.641
 84420, 221.845
 84480, 213.824
 84540, 208.067
 84600, 200.495
 84660, 193.331
 84720, 190.900
 84780, 187.596
 84840, 182.268
 84900, 178.033
 84960, 172.776
 85020, 165.518
 85080, 153.502
 85140, 141.802
 85200, 134.305
 85260, 127.417
 85320, 124.963
 85380, 125.275
 85440, 129.012
 85500, 126.821
 85560, 123.796
 85620, 119.031
 85680, 121.108
 85740, 122.490
 85800, 121.883
 85860, 118.945
 85920, 115.395
 85980, 134.407
 86040, 126.816
 86100, 127.983
 86160, 121.228
 86220, 116.290
 86280, 109.829
 86340, 100.233
