CampaignData_and_Merges/R0/CSL_MobileLab_Parked/raw/20240813/USOS-POPS_MobileLabGround_20240813_R0.ict
78, 1001
Thornberry, T. D.
NOAA Chemical Sciences Laboratory
Portable Optical Particle Spectrometer (POPS)
USOS
1, 1
2024, 08, 13, 2025, 05, 08
60
Time_Start, seconds_past_midnight, Start time of measurement
45
1, 1, 1, 1, 1, 1, 1, 1, 1, 1, 1, 1, 1, 1, 1, 1, 1, 1, 1, 1, 1, 1, 1, 1, 1, 1, 1, 1, 1, 1, 1, 1, 1, 1, 1, 1, 1, 1, 1, 1, 1, 1, 1, 1, 1
-9999, -9999, -9999, -9999, -9999, -9999, -9999, -9999, -9999, -9999, -9999, -9999, -9999, -9999, -9999, -9999, -9999, -9999, -9999, -9999, -9999, -9999, -9999, -9999, -9999, -9999, -9999, -9999, -9999, -9999, -9999, -9999, -9999, -9999, -9999, -9999, -9999, -9999, -9999, -9999, -9999, -9999, -9999, -9999, -9999
Time_Stop, seconds_past_midnight, Stop time of measurement
Time_Mid, seconds_past_midnight, Mid time of measurement
Press_mb, mb, Pressure reported (mb)
Temp_C, degrees C, POPS temperature measurement
Aerosol_concentration, cm^-3, Aerosol concentration
Surface_Area_Conc, um^2 cm^-3, Surface area concentration
Volume_density, um^3 cm^-3, Volume density
Effective_radius, um, Effective radius
Extinction, km^-1, Extinction
Bin01, cm^-3, particle concentration in size range [1401 - 146.3 nm]
Bin02, cm^-3, particle concentration in size range [146.3 - 152.8 nm]
Bin03, cm^-3, particle concentration in size range [152.8 - 159.6 nm]
Bin04, cm^-3, particle concentration in size range [159.6 - 166.8 nm]
Bin05, cm^-3, particle concentration in size range [166.8 - 174.2 nm]
Bin06, cm^-3, particle concentration in size range [174.2 - 181.9 nm]
Bin07, cm^-3, particle concentration in size range [181.9 - 190.0 nm]
Bin08, cm^-3, particle concentration in size range [190.0 - 198.5 nm]
Bin09, cm^-3, particle concentration in size range [198.5 - 207.4 nm]
Bin10, cm^-3, particle concentration in size range [207.4 - 216.6 nm]
Bin11, cm^-3, particle concentration in size range [216.6 - 226.2 nm]
Bin12, cm^-3, particle concentration in size range [226.2 - 236.3 nm]
Bin13, cm^-3, particle concentration in size range [236.3 - 246.8 nm]
Bin14, cm^-3, particle concentration in size range [246.8 - 257.8 nm]
Bin15, cm^-3, particle concentration in size range [257.8 - 269.3 nm]
Bin16, cm^-3, particle concentration in size range [269.3 - 343.4 nm]
Bin17, cm^-3, particle concentration in size range [343.4 - 450.7 nm]
Bin18, cm^-3, particle concentration in size range [450.7 - 525.9 nm]
Bin19, cm^-3, particle concentration in size range [525.9 - 618.5 nm]
Bin20, cm^-3, particle concentration in size range [618.5 - 710.0 nm]
Bin21, cm^-3, particle concentration in size range [710.0 - 822.7 nm]
Bin22, cm^-3, particle concentration in size range [822.7 - 885.9 nm]
Bin23, cm^-3, particle concentration in size range [885.9 - 953.9 nm]
Bin24, cm^-3, particle concentration in size range [953.9 - 1027.2 nm]
Bin25, cm^-3, particle concentration in size range [1027.2 - 1106.1 nm]
Bin26, cm^-3, particle concentration in size range [1106.1 - 1191.0 nm]
Bin27, cm^-3, particle concentration in size range [1191.0 - 1282.5 nm]
Bin28, cm^-3, particle concentration in size range [1282.5 - 1381.0 nm]
Bin29, cm^-3, particle concentration in size range [1381.0 - 1487.1 nm]
Bin30, cm^-3, particle concentration in size range [1487.1 - 1601.3 nm]
Bin31, cm^-3, particle concentration in size range [1601.3 - 1724.3 nm]
[...]
PLATFORM: NOAA CSL Mobile Lab
LOCATION: USOS
ASSOCIATED_DATA: N/A
INSTRUMENT_INFO: Printed Optical Particle Spectrometer counts particles from 140 - 2500 nm in diameter 
DATA_INFO: Particle concentrations reported in number per cubic centimeter,1 Hz data
UNCERTAINTY: Counting uncertainty dominated by air flow, less than 5 percent. Measurement range is ~0 - 3000 per cm3 (varies depending on flow rate- manufacturer quotes 1250 per cm3 at 1.667 cc/s)
ULOD_FLAG: -7777
ULOD_VALUE: N/A
LLOD_FLAG: -8888
LLOD_VALUE: N/A
DM_CONTACT_INFO: Troy Thornberry, 325 Broadway R/CSL6, Boulder, CO 80305; troy.thornberry@noaa.gov; 303-497-3373
PROJECT_INFO: USOS, Utah POPS data from NOAA CSL Mobile Lab
STIPULATIONS_ON_USE: Please contact the PIs for questions regarding applications and uncertainties
OTHER_COMMENTS: POPS bin Edges (nm):  140.1, 146.3, 152.8, 159.6, 166.8, 174.2, 181.9, 190.0, 198.5, 207.4, 216.6, 226.2, 236.3, 246.8, 257.8, 269.3, 343.4, 450.7, 525.9, 618.5, 710.0, 822.7, 885.9, 953.9, 1027.2, 1106.1, 1191.0, 1282.5, 1381.0, 1487.1, 1601.3, 1724.3, 1856.7, 1999.3, 2152.8, 2318.2, 2496.2
Calculations assume organic aerosol refractive index of 1.52+0.00j and extinction wavelength = 532 nm
REVISION: R0
R0: Final data
Time_Start, Time_Stop, Time_Mid, Press_mb, Temp_C, Aerosol_concentration, Surface_Area_Conc, Volume_density, Effective_radius, Extinction, Bin01, Bin02, Bin03, Bin04, Bin05, Bin06, Bin07, Bin08, Bin09, Bin10, Bin11, Bin12, Bin13, Bin14, Bin15, Bin16, Bin17, Bin18, Bin19, Bin20, Bin21, Bin22, Bin23, Bin24, Bin25, Bin26, Bin27, Bin28, Bin29, Bin30, Bin31, Bin32, Bin33, Bin34, Bin35, Bin36
[from data line 1128]
67680,67739,67710,870.261,32.868,184.848,23.726,1.221,0.150,0.005,24.673414,21.804472,18.921911,17.838533,14.596189,13.036134,11.253052,9.481131,8.127913,6.880425,6.152226,6.125470,5.475984,4.761183,3.708219,8.718079,2.041203,0.596155,0.272948,0.104841,0.050011,0.022472,0.033513,0.011189,0.016823,0.016540,0.005411,0.011035,0.022396,0.039421,0.022358,0.005519,0.010903,0.005708,0.005447,0.000000
67740,67799,67770,870.270,32.879,188.445,24.303,1.352,0.161,0.005,25.359957,23.254303,19.269217,17.547253,14.864394,13.510589,11.040214,9.714828,8.438515,7.201913,6.264554,6.129946,5.376372,4.722145,3.555598,8.991211,1.915636,0.537843,0.306573,0.060260,0.116534,0.049434,0.022739,0.016671,0.033701,0.016918,0.016520,0.005708,0.022039,0.022338,0.000000,0.016472,0.027753,0.005556,0.000000,0.011338
67800,67859,67830,870.347,32.920,188.271,24.212,1.258,0.152,0.005,25.040449,22.631041,19.066744,17.483652,15.746275,12.946559,11.538083,9.678362,8.177481,7.099131,6.069184,6.014135,5.601334,4.941193,3.682226,9.078760,2.298026,0.550080,0.245000,0.061088,0.060703,0.045377,0.022022,0.005308,0.016571,0.044246,0.022087,0.027473,0.022557,0.027497,0.000000,0.005931,0.000000,0.005429,0.005593,0.011061
67860,67919,67890,870.256,32.978,184.900,24.324,1.370,0.164,0.005,24.431072,21.874695,18.800503,17.167450,15.269345,12.913352,11.096375,9.252507,8.234753,7.243127,6.228569,5.863627,5.823886,4.732081,3.479341,8.992279,2.282570,0.482885,0.259731,0.072180,0.094715,0.016856,0.044435,0.039190,0.039447,0.016723,0.016419,0.016577,0.028144,0.022031,0.032863,0.000000,0.000000,0.000000,0.011002,0.021731
67920,67979,67950,870.287,32.987,184.528,24.112,1.384,0.166,0.005,24.447161,21.890467,19.251631,17.196777,14.972016,12.952074,10.836959,9.691437,7.972512,7.257750,6.428371,5.652617,5.414227,4.732502,3.563927,8.866114,2.135868,0.529191,0.363242,0.038897,0.027821,0.033594,0.061578,0.038865,0.022091,0.027581,0.005650,0.016968,0.011206,0.010935,0.005688,0.011123,0.021932,0.016593,0.016431,0.006039
67980,68039,68010,870.239,32.947,182.377,23.328,1.203,0.148,0.005,24.019739,21.405355,18.691877,16.757502,15.058179,12.771084,11.262467,9.428903,7.990273,6.811225,6.303418,5.857508,5.551102,4.894106,3.583043,8.888519,2.063421,0.430401,0.238506,0.077388,0.055683,0.038299,0.022046,0.033326,0.016831,0.005574,0.033438,0.010984,0.033306,0.005556,0.011003,0.010859,0.000000,0.000000,0.005482,0.011001
68040,68099,68070,870.248,32.958,181.123,23.729,1.336,0.164,0.005,24.231970,21.576368,18.474228,16.371035,14.616228,12.645461,11.058805,9.345082,7.989262,7.230057,6.108310,5.464178,5.291019,4.798542,3.542223,8.788502,2.251767,0.586811,0.291847,0.111196,0.062144,0.022318,0.045202,0.027747,0.021753,0.027562,0.027783,0.021753,0.022010,0.016895,0.005631,0.022133,0.010808,0.005411,0.005482,0.005519
68100,68159,68130,870.204,32.965,180.637,23.263,1.272,0.157,0.005,23.924135,21.251862,18.819500,16.790583,14.766503,13.073799,10.941360,9.301464,8.090764,6.549533,6.413360,5.640431,4.996951,4.972399,3.404991,8.457216,1.976144,0.554808,0.293824,0.078774,0.083858,0.021944,0.060249,0.022157,0.011187,0.016956,0.016859,0.033221,0.011225,0.000000,0.016221,0.022840,0.005519,0.005650,0.005537,0.005325
68160,68219,68190,870.224,32.966,185.825,23.921,1.282,0.152,0.005,25.188662,22.237391,18.950949,16.998745,14.417338,13.016265,11.240610,9.532674,8.528262,7.370204,6.349391,6.166851,5.171411,4.811293,3.500052,9.107882,2.035519,0.571595,0.262437,0.066835,0.061123,0.044668,0.022475,0.022406,0.027298,0.016842,0.011286,0.005359,0.016524,0.016596,0.016484,0.005574,0.005612,0.000000,0.011534,0.016820
68220,68279,68250,870.198,32.937,182.389,23.831,1.329,0.161,0.005,24.821472,21.611156,18.402191,16.982592,14.967093,12.674728,11.024040,9.362089,7.833115,6.988584,5.933177,5.611646,5.240290,4.810051,3.736875,8.911889,2.267379,0.546613,0.236993,0.049972,0.083264,0.044632,0.016685,0.022044,0.044012,0.027946,0.005537,0.027594,0.005593,0.033318,0.022194,0.011262,0.016649,0.005429,0.000000,0.010650
68280,68339,68310,870.208,32.953,186.163,23.875,1.191,0.147,0.005,25.169546,22.507986,18.971357,16.832722,15.024444,13.227938,11.017008,9.315566,8.530605,7.029109,6.138141,6.094079,5.269075,4.841081,3.548246,9.293101,2.036864,0.585887,0.310354,0.088637,0.087874,0.055958,0.022135,0.016931,0.032783,0.011061,0.016567,0.021868,0.000000,0.011244,0.022209,0.005325,0.027126,0.000000,0.000000,0.000000
68340,68399,68370,870.215,32.986,190.539,25.272,1.556,0.177,0.006,26.004374,22.355894,20.193979,18.102161,15.324457,12.818828,11.359777,9.563940,8.003227,7.037734,6.444960,5.831852,5.597370,4.877435,3.808620,9.578485,2.289757,0.579849,0.308903,0.066554,0.060371,0.043873,0.027941,0.043550,0.027401,0.016195,0.021846,0.027102,0.011399,0.017090,0.021829,0.016234,0.011069,0.011596,0.000000,0.032865
68400,68459,68430,870.207,32.955,186.738,23.898,1.237,0.150,0.005,24.541872,22.113920,19.128721,17.312267,15.754463,13.059505,11.774736,9.862783,8.230996,7.038280,6.579778,5.945341,5.272752,4.596009,3.377677,8.685638,2.286447,0.494723,0.286702,0.055504,0.071478,0.056747,0.027243,0.027789,0.011148,0.028090,0.022097,0.028214,0.016692,0.000000,0.011075,0.011093,0.016612,0.005574,0.000000,0.005767
68460,68519,68490,870.234,32.933,187.921,24.232,1.358,0.162,0.005,25.208040,22.544292,19.101465,17.764334,15.709488,12.739129,10.964281,9.450859,8.456092,7.170187,6.428058,6.095994,5.553792,4.631239,3.768341,8.978769,2.191038,0.574998,0.251425,0.049519,0.044677,0.038861,0.005464,0.027911,0.011363,0.016802,0.011167,0.011216,0.027600,0.016396,0.022317,0.022532,0.016483,0.005482,0.005747,0.005593
68520,68579,68550,870.138,32.904,189.414,24.373,1.286,0.153,0.005,25.240532,22.249647,19.946234,17.670376,15.228548,13.434472,10.951253,9.694051,8.283860,7.345319,6.530693,6.084793,5.496441,5.100823,3.669493,8.957430,2.369200,0.527554,0.266281,0.038656,0.089105,0.044266,0.038878,0.022225,0.010984,0.016726,0.000000,0.016650,0.022268,0.000000,0.016686,0.005537,0.011167,0.016686,0.016857,0.000000
68580,68639,68610,870.136,32.863,192.618,25.520,1.550,0.174,0.006,25.290194,22.954746,19.906136,18.052227,15.624690,13.428146,11.611049,10.093517,8.179490,7.120569,6.575963,6.346807,5.629232,4.827118,3.841858,9.535793,2.313321,0.524933,0.248187,0.099060,0.088304,0.060685,0.027910,0.027615,0.011095,0.016466,0.027976,0.021930,0.022375,0.011150,0.027688,0.016845,0.016578,0.005519,0.016539,0.016724
68640,68699,68670,870.181,32.887,196.616,25.501,1.406,0.159,0.005,25.591543,23.403280,21.223417,18.411705,15.826415,13.434375,11.894475,10.211652,8.748145,7.519144,6.607666,6.396167,5.513589,5.170250,3.967183,9.420938,2.011082,0.506156,0.288047,0.067161,0.066810,0.050298,0.049624,0.050103,0.022082,0.021935,0.016287,0.010788,0.016632,0.027476,0.027596,0.005537,0.010988,0.005097,0.011207,0.010929
68700,68759,68730,870.173,32.908,194.221,25.317,1.489,0.169,0.006,25.990824,22.873457,20.142612,18.270594,15.583497,13.672004,11.318742,10.103551,8.300636,7.570592,6.733217,5.995780,5.846908,4.768784,3.920361,9.623452,2.218658,0.604825,0.271536,0.055298,0.056227,0.044312,0.039036,0.028074,0.027346,0.033122,0.000000,0.000000,0.016309,0.016914,0.021955,0.033910,0.011204,0.016502,0.005447,0.005519
68760,68819,68790,870.137,32.891,194.081,25.160,1.370,0.159,0.005,25.906967,23.026257,20.110756,18.149057,16.070868,13.508466,11.526067,9.979777,8.548120,7.340616,6.816739,6.222236,5.525518,5.045333,3.609906,9.279395,2.136886,0.491600,0.298572,0.077690,0.088919,0.061410,0.022007,0.055484,0.049584,0.005612,0.010932,0.011074,0.016989,0.011023,0.033020,0.005593,0.010565,0.011130,0.011148,0.005747
68820,68879,68850,870.127,32.962,194.577,24.701,1.287,0.150,0.005,26.016264,23.474417,20.601383,18.288723,16.481844,13.936277,11.582814,9.692772,8.148931,7.767988,6.282111,5.922286,5.579167,4.840148,3.654251,9.099144,2.125450,0.393462,0.270583,0.060714,0.094211,0.026966,0.033184,0.011067,0.027388,0.027796,0.027872,0.016362,0.016689,0.021120,0.022103,0.011038,0.010844,0.005669,0.000000,0.005519
68880,68939,68910,870.119,32.898,196.034,24.944,1.256,0.148,0.005,26.018066,23.318567,20.273849,18.626287,15.968416,13.686654,11.617414,10.310643,8.567772,7.547293,6.357374,6.301307,5.790234,4.947195,3.781742,9.307360,2.357437,0.592058,0.265290,0.088489,0.077621,0.032848,0.022372,0.027512,0.033364,0.016686,0.011056,0.011167,0.027690,0.005482,0.005537,0.016539,0.016742,0.005501,0.000000,0.000000
68940,68999,68970,870.130,32.877,197.924,25.177,1.261,0.146,0.005,26.408791,23.172617,20.582972,18.943968,16.747824,13.715410,12.003487,10.096480,8.895609,7.793195,6.331956,5.931296,5.531182,4.962582,3.447875,9.867721,2.216484,0.625530,0.277282,0.077769,0.038912,0.055344,0.010965,0.033308,0.005747,0.022036,0.016592,0.027818,0.027477,0.016360,0.022190,0.005869,0.000000,0.000000,0.000000,0.011369
69000,69059,69030,870.133,32.879,201.648,25.591,1.417,0.161,0.005,27.386765,24.380661,21.237637,19.613514,16.539793,14.320848,11.705160,10.015427,8.861856,7.431670,6.816781,6.165616,5.978786,5.044182,3.818862,8.825254,2.241961,0.559837,0.316439,0.060524,0.054986,0.027155,0.033502,0.050133,0.022468,0.010966,0.005359,0.022047,0.016584,0.011150,0.005593,0.033064,0.016595,0.011093,0.005650,0.000000
69060,69119,69090,870.101,32.924,197.873,25.901,1.481,0.166,0.006,26.228306,23.816576,20.937605,18.799892,15.753774,13.640555,11.638609,10.353765,8.963851,7.148855,6.632055,6.067466,5.669559,5.054175,3.720917,9.646128,2.446728,0.544517,0.346912,0.104401,0.043784,0.055408,0.027950,0.010948,0.021918,0.033179,0.011380,0.027353,0.022227,0.022080,0.033063,0.011187,0.016277,0.000000,0.000000,0.021668
69120,69179,69150,870.095,32.885,195.887,24.844,1.292,0.151,0.005,25.670712,23.774555,20.334558,18.702574,16.062145,13.948637,11.916748,10.374863,8.638983,7.628255,6.283479,6.013594,5.574533,4.807854,3.754076,9.070528,2.056605,0.587291,0.293597,0.060550,0.066139,0.061294,0.022114,0.027638,0.039588,0.016031,0.022022,0.005537,0.011042,0.011093,0.000000,0.016941,0.016612,0.005359,0.011261,0.000000
69180,69239,69210,870.082,32.851,199.567,26.172,1.607,0.175,0.006,26.999554,24.122694,20.657164,18.919006,16.193251,14.001254,11.756470,9.797005,8.198223,7.958556,7.129191,6.102046,6.043134,5.343819,3.852775,9.076291,2.160779,0.488020,0.260714,0.089091,0.067701,0.038274,0.043807,0.067116,0.033562,0.011284,0.000000,0.022429,0.027952,0.005631,0.016874,0.011396,0.010702,0.016530,0.016741,0.027777
69240,69299,69270,870.015,32.877,198.205,25.873,1.456,0.164,0.006,26.201010,23.307343,21.174965,18.327868,16.454338,13.941179,12.082139,10.051885,8.536370,8.016787,6.963584,6.294808,5.592371,4.767854,3.585780,9.403949,2.130584,0.565139,0.292948,0.088499,0.066524,0.044238,0.038389,0.044733,0.027590,0.039082,0.027698,0.011038,0.010955,0.027742,0.038276,0.005519,0.016802,0.016522,0.005429,0.005482
69300,69359,69330,869.999,32.831,199.461,25.597,1.371,0.155,0.005,27.413134,23.790531,21.179741,18.598621,16.155758,13.855491,11.668437,10.256520,8.684596,7.662928,6.758392,6.457008,5.390753,5.000585,3.593110,9.394180,2.336366,0.531981,0.305591,0.072407,0.093594,0.011086,0.022512,0.038885,0.027766,0.022077,0.022245,0.022504,0.011111,0.016612,0.032863,0.005376,0.005556,0.000000,0.005631,0.016768
69360,69419,69390,870.068,32.917,197.905,25.678,1.493,0.166,0.006,26.867033,23.572472,20.672501,18.004072,16.512598,14.182852,12.010102,9.862915,8.343777,7.508544,6.873818,6.381577,5.617093,4.897100,3.681892,9.407909,2.200653,0.601934,0.271110,0.077135,0.071755,0.032918,0.038939,0.044056,0.010949,0.027493,0.005593,0.000000,0.016505,0.027438,0.010820,0.016404,0.016524,0.011130,0.011063,0.016704
69420,69479,69450,870.071,32.972,198.129,25.245,1.285,0.148,0.005,26.711330,24.274527,20.382036,18.134237,16.256554,14.056428,11.252789,10.205675,8.707136,7.422782,6.775105,6.224131,5.736383,5.256149,3.885034,9.228062,2.442680,0.487915,0.309797,0.078139,0.065813,0.033045,0.049221,0.016838,0.027577,0.022097,0.011038,0.021747,0.005747,0.000000,0.005537,0.000000,0.005537,0.010499,0.022265,0.005359
69480,69539,69510,870.082,32.928,197.369,25.741,1.461,0.164,0.006,26.685604,23.320036,20.404982,18.546776,15.938881,13.676506,11.888084,9.960284,8.701335,7.466676,6.540708,6.205685,6.060874,5.109989,3.870401,9.332326,2.258356,0.557597,0.364653,0.104539,0.038607,0.054766,0.033039,0.022433,0.021846,0.022024,0.027798,0.010955,0.038802,0.027630,0.021734,0.027713,0.027133,0.000000,0.000000,0.000000
69540,69599,69570,870.055,32.968,194.587,25.236,1.372,0.158,0.005,26.411804,22.976311,20.130632,17.731251,15.706920,13.881088,11.577209,10.048128,8.100434,7.685770,6.685155,6.550892,5.347225,5.213748,3.644061,9.312711,2.258619,0.576473,0.298202,0.083419,0.077767,0.055786,0.033425,0.022195,0.032655,0.016593,0.017047,0.005631,0.011261,0.022306,0.038670,0.005727,0.000000,0.005574,0.005828,0.016399
69600,69659,69630,870.049,33.017,195.276,25.846,1.554,0.173,0.006,26.151457,22.896143,20.268532,18.315439,15.786365,13.656013,11.530467,10.082673,8.506499,7.642976,6.154500,5.964814,5.847941,5.274184,3.846148,9.793706,2.257472,0.516761,0.239826,0.110874,0.072025,0.022208,0.045047,0.060895,0.022094,0.027397,0.027762,0.016593,0.016724,0.016378,0.038862,0.022564,0.022241,0.005574,0.005612,0.010858
69660,69719,69690,870.115,33.002,194.425,25.953,1.614,0.177,0.006,26.184490,22.896446,20.106882,17.662861,16.067553,13.117092,11.286602,9.884854,8.583065,7.315791,6.769776,6.470431,5.941810,4.968921,3.589157,9.735666,2.418489,0.551772,0.316212,0.095592,0.077130,0.056056,0.050509,0.044213,0.033547,0.038914,0.011002,0.028029,0.005556,0.022212,0.016799,0.033048,0.016744,0.000000,0.011030,0.016728
69720,69779,69750,870.155,33.011,197.290,25.265,1.287,0.149,0.005,26.309900,23.767363,20.313749,18.314453,16.074659,13.957277,11.628962,9.781301,9.124999,7.473825,6.519385,6.235032,5.807545,4.688156,3.746091,9.993224,2.285201,0.572314,0.289267,0.100180,0.055281,0.049851,0.039401,0.022022,0.005574,0.039198,0.005556,0.016817,0.010965,0.011319,0.011299,0.005669,0.011063,0.011414,0.005669,0.005593
69780,69839,69810,870.068,33.053,194.753,25.425,1.457,0.166,0.006,27.294987,23.040304,20.068584,18.176168,16.091415,13.381905,11.268802,9.988384,8.454005,7.249256,6.440105,6.070107,5.539398,5.051228,3.702471,9.314132,2.195976,0.652449,0.342432,0.071628,0.071735,0.038277,0.032858,0.016561,0.028131,0.005593,0.022153,0.022118,0.022279,0.011280,0.027343,0.005669,0.016509,0.011188,0.016688,0.010930
69840,69899,69870,870.008,33.073,197.190,26.063,1.594,0.175,0.006,26.344007,24.429974,19.966433,18.131409,16.319868,13.936573,12.199518,9.667424,8.660171,7.396255,6.351939,6.278252,5.849405,5.032381,3.568659,9.435425,2.275677,0.561152,0.293949,0.066255,0.060332,0.055302,0.021790,0.039232,0.033234,0.038612,0.005556,0.005556,0.016601,0.044692,0.044346,0.010985,0.011093,0.005411,0.005308,0.027159
69900,69959,69930,869.964,33.137,194.131,25.331,1.447,0.165,0.005,25.733852,23.327097,20.088638,17.757114,16.292963,13.950320,11.997966,9.718934,8.212152,7.346906,6.322285,6.181724,5.963832,4.938357,3.517672,9.297078,2.264948,0.508579,0.255195,0.067072,0.049131,0.021886,0.038630,0.039201,0.045009,0.022150,0.022004,0.033714,0.016438,0.022061,0.027892,0.010753,0.005708,0.016805,0.005394,0.011154
69960,70019,69990,870.016,33.183,198.657,25.185,1.249,0.144,0.005,26.635387,23.655478,20.497955,18.365841,16.815662,13.913705,11.607208,10.118541,9.021852,7.349762,6.966938,6.186784,5.517799,5.198561,3.903221,9.285342,2.359879,0.615895,0.298164,0.066155,0.077635,0.032705,0.011181,0.038811,0.016436,0.000000,0.016471,0.000000,0.027471,0.000000,0.016751,0.005593,0.016880,0.005537,0.010947,0.000000
