CampaignData_and_Merges/R0/CSL_MobileLab_Parked/raw/20240813/USOS-MetNav_MobileLabGround_20240813_R0.ict
44, 1001
Carrie Womack, Nate Howard, Mike Zucker
NOAA Chemical Sciences Laboratory
Mobile Lab MetNav Station
USOS
1, 1
2024, 08, 13, 2024, 12, 21
60
Time_Start, seconds_past_midnight, Seconds from midnight UTC
11
1, 1, 1, 1, 1, 1, 1, 1, 1, 1, 1
-9999, -9999, -9999, -9999, -9999, -9999, -9999, -9999, -9999, -9999, -9999
GPS_Alt_m, meters, Altitude from Differential GPS
GPS_Course_deg, degrees, Course from Differential GPS
GPS_GndSpd_m_s, m/s, Ground Speed from Differential GPS
GPS_Heading_deg, degrees, Heading from Differential GPS
GPS_Lat_deg, degrees, Latitude from Differential GPS
GPS_Lon_deg, degrees, Longitude from Differential GPS
AirTemp_C, Celsius, Air Temperature from Airmar
RelHumidity_pct, percent, Relative Humidity from Airmar
Pressure_mb, millibars, Pressure from Honeywell
WindDir_calc_deg, degrees, Wind Direction from Airmar corrected for van movement
WindSpd_calc_m_s, m/s, Wind Speed from Airmar corrected for van movement
1
SPECIAL COMMENTS:
18
PI_CONTACT_INFO: Address: 325 Broadway R/CSL7, Boulder, CO, 80305
PLATFORM: CSL Mobile Lab
LOCATION: Salt Lake City, UT
ASSOCIATED_DATA: N/A
INSTRUMENT_INFO: N/A
DATA_INFO: Units:
UNCERTAINTY: N/A
ULOD_FLAG: -7777
ULOD_VALUE: N/A
LLOD_FLAG: -8888
LLOD_VALUE: N/A
DM_CONTACT_INFO: Data Manager: Nate Howard
PROJECT_INFO: 
STIPULATIONS_ON_USE: Use of these data require prior ok from PI.
OTHER_COMMENTS: 
REVISION: R0
R0: Final data. Fixed bug in wind averaging code. RA: Preliminary Data. For in-field use only. 
Time_Start, GPS_Alt_m, GPS_Course_deg, GPS_GndSpd_m_s, GPS_Heading_deg, GPS_Lat_deg, GPS_Lon_deg, AirTemp_C, RelHumidity_pct, Pressure_mb, WindDir_calc_deg, WindSpd_calc_m_s
[from data line 835]
50100.0,1309.0,2.57,0.06,2.57,40.73433,-111.87211,19.9,55.2,877.0,107.99,0.8
50160.0,1309.0,3.04,0.06,3.04,40.73433,-111.87211,20.0,54.9,877.0,99.66,0.6
50220.0,1309.0,3.44,0.06,3.44,40.73433,-111.87211,20.0,54.3,877.0,94.36,0.5
50280.0,1309.0,2.79,0.06,2.79,40.73433,-111.87210,20.0,54.3,876.9,80.70,0.5
50340.0,1308.9,2.40,0.05,2.40,40.73433,-111.87210,20.1,54.3,876.9,78.59,0.6
50400.0,1308.8,2.76,0.05,2.76,40.73433,-111.87210,20.1,54.1,876.9,85.39,0.6
50460.0,1308.9,2.17,0.05,2.17,40.73433,-111.87210,20.1,54.2,876.9,88.80,0.6
50520.0,1309.1,2.90,0.05,2.90,40.73433,-111.87210,20.1,53.8,876.9,84.58,0.4
50580.0,1309.0,2.71,0.05,2.71,40.73434,-111.87211,20.2,53.9,876.9,107.76,0.7
50640.0,1309.1,2.45,0.05,2.45,40.73434,-111.87211,20.2,54.2,876.9,115.81,0.7
50700.0,1309.0,2.71,0.05,2.71,40.73434,-111.87211,20.2,53.8,876.9,99.43,0.6
50760.0,1308.7,2.32,0.05,2.32,40.73434,-111.87211,20.3,53.4,876.9,68.01,0.4
50820.0,1308.3,1.89,0.05,1.89,40.73434,-111.87211,20.3,53.3,876.9,61.42,0.4
50880.0,1308.2,2.15,0.06,2.15,40.73434,-111.87211,20.4,53.0,876.9,96.82,0.5
50940.0,1308.2,2.35,0.06,2.35,40.73434,-111.87211,20.4,52.8,876.9,116.63,0.1
51000.0,1308.2,2.75,0.06,2.75,40.73434,-111.87211,20.5,52.7,876.9,63.26,0.4
51060.0,1308.3,2.42,0.06,2.42,40.73434,-111.87211,20.4,52.2,876.9,76.27,0.5
51120.0,1308.4,2.40,0.05,2.40,40.73434,-111.87211,20.6,52.4,876.9,99.45,0.4
51180.0,1308.4,2.58,0.06,2.58,40.73434,-111.87211,20.7,52.3,876.9,248.29,0.2
51240.0,1308.4,3.09,0.06,3.09,40.73434,-111.87211,20.8,52.2,876.9,171.57,0.5
51300.0,1308.6,3.20,0.06,3.20,40.73434,-111.87211,20.9,52.1,876.9,114.40,0.7
51360.0,1308.7,3.39,0.06,3.39,40.73434,-111.87211,21.2,51.7,876.9,165.33,0.8
51420.0,1308.7,2.70,0.05,2.70,40.73434,-111.87211,21.4,51.5,876.9,172.76,0.7
51480.0,1308.6,2.62,0.04,2.62,40.73434,-111.87211,21.5,51.2,876.9,101.10,0.3
51540.0,1308.4,2.92,0.05,2.92,40.73434,-111.87211,21.4,51.4,876.9,120.41,1.2
51600.0,1308.3,2.92,0.06,2.92,40.73434,-111.87211,21.3,51.2,876.9,144.30,1.5
51660.0,1308.4,2.91,0.05,2.91,40.73434,-111.87211,21.3,50.2,876.9,115.90,0.9
51720.0,1308.4,2.73,0.05,2.73,40.73434,-111.87211,21.2,49.5,876.8,154.86,0.8
51780.0,1308.4,2.33,0.05,2.33,40.73434,-111.87211,21.2,49.2,876.8,133.39,1.3
51840.0,1308.5,2.29,0.05,2.29,40.73434,-111.87211,21.1,50.0,876.8,126.48,2.1
51900.0,1308.9,2.19,0.05,2.19,40.73434,-111.87211,21.1,50.0,876.8,133.76,2.6
51960.0,1309.4,2.25,0.05,2.25,40.73434,-111.87211,21.1,49.3,876.8,128.56,1.9
52020.0,1308.9,2.54,0.05,2.54,40.73434,-111.87211,21.1,49.8,876.8,149.94,1.5
52080.0,1308.9,2.47,0.06,2.47,40.73434,-111.87211,21.2,50.0,876.9,169.13,2.2
52140.0,1309.3,2.87,0.04,2.87,40.73434,-111.87211,21.4,49.5,876.9,147.23,2.1
52200.0,1309.6,2.29,0.05,2.29,40.73434,-111.87211,21.5,49.5,876.9,145.32,3.1
52260.0,1309.8,2.55,0.05,2.55,40.73434,-111.87211,21.5,49.6,876.9,134.09,2.5
52320.0,1309.8,2.61,0.05,2.61,40.73433,-111.87211,21.4,48.7,876.9,142.59,3.1
52380.0,1309.9,2.70,0.04,2.70,40.73433,-111.87211,21.3,48.7,877.0,135.25,3.7
52440.0,1309.9,2.42,0.05,2.42,40.73433,-111.87211,21.3,49.1,877.0,120.67,3.0
52500.0,1309.8,1.97,0.05,1.97,40.73433,-111.87211,21.2,49.5,877.0,124.39,3.3
52560.0,1309.8,1.58,0.05,1.58,40.73433,-111.87211,21.2,48.4,877.0,133.63,3.5
52620.0,1309.6,1.53,0.05,1.53,40.73434,-111.87211,21.2,49.1,877.0,115.88,2.8
52680.0,1309.4,2.06,0.05,2.06,40.73434,-111.87211,21.3,48.5,877.0,118.75,2.2
52740.0,1309.4,1.85,0.05,1.85,40.73434,-111.87211,21.4,48.6,877.0,138.74,2.7
52800.0,1309.3,1.57,0.04,1.57,40.73434,-111.87211,21.6,49.4,877.0,146.89,2.7
52860.0,1309.3,1.76,0.05,1.76,40.73434,-111.87211,21.8,49.4,877.0,150.97,3.3
52920.0,1309.3,1.17,0.04,1.17,40.73434,-111.87211,22.0,50.0,877.0,173.23,2.1
52980.0,1309.2,1.77,0.04,1.77,40.73434,-111.87211,22.2,50.1,877.0,173.44,2.0
53040.0,1309.2,2.16,0.04,2.16,40.73434,-111.87211,22.5,49.2,877.0,182.66,2.0
53100.0,1309.3,2.28,0.04,2.28,40.73434,-111.87211,22.7,49.1,877.0,167.05,1.8
53160.0,1309.2,2.32,0.04,2.32,40.73434,-111.87211,22.8,48.9,877.0,148.60,2.5
53220.0,1309.2,2.21,0.04,2.21,40.73434,-111.87211,22.9,49.0,877.0,138.63,2.4
53280.0,1309.1,2.46,0.05,2.46,40.73434,-111.87211,23.2,48.8,877.0,183.13,1.4
53340.0,1309.0,2.48,0.04,2.48,40.73434,-111.87211,23.4,48.6,877.0,164.75,1.8
53400.0,1308.9,2.83,0.05,2.83,40.73434,-111.87211,23.5,48.6,877.0,185.80,2.1
53460.0,1308.9,2.96,0.05,2.96,40.73433,-111.87211,23.8,48.2,877.0,199.67,1.6
53520.0,1309.1,3.08,0.05,3.08,40.73433,-111.87211,23.8,48.1,877.1,179.96,1.2
53580.0,1309.0,2.55,0.06,2.55,40.73433,-111.87211,23.7,48.1,877.1,158.74,1.8
53640.0,1308.9,2.22,0.04,2.22,40.73433,-111.87211,23.7,48.1,877.1,170.75,1.2
53700.0,1309.0,2.29,0.04,2.29,40.73433,-111.87211,23.8,47.6,877.1,178.02,1.2
53760.0,1309.1,2.79,0.04,2.79,40.73433,-111.87211,24.0,47.4,877.1,187.85,1.5
53820.0,1308.9,2.86,0.04,2.86,40.73433,-111.87211,24.1,47.1,877.1,168.97,2.2
53880.0,1308.9,2.52,0.04,2.52,40.73433,-111.87211,24.2,45.7,877.1,158.95,1.7
53940.0,1309.1,2.46,0.04,2.46,40.73433,-111.87211,24.4,45.2,877.1,156.45,1.6
54000.0,1309.0,2.60,0.04,2.60,40.73433,-111.87211,24.5,45.9,877.1,170.27,1.1
54060.0,1309.1,2.24,0.04,2.24,40.73433,-111.87211,24.6,46.1,877.1,153.65,1.6
54120.0,1309.2,2.07,0.05,2.07,40.73433,-111.87211,24.6,45.9,877.1,172.92,2.2
54180.0,1309.2,2.44,0.05,2.44,40.73433,-111.87210,24.6,45.9,877.1,164.14,2.3
54240.0,1309.1,2.39,0.05,2.39,40.73433,-111.87210,24.6,45.7,877.1,185.94,2.4
54300.0,1308.9,2.09,0.04,2.09,40.73433,-111.87210,24.7,45.5,877.2,179.45,1.8
54360.0,1308.7,2.12,0.04,2.12,40.73433,-111.87210,24.7,45.2,877.1,181.39,1.7
54420.0,1309.0,1.85,0.04,1.85,40.73433,-111.87210,24.6,45.7,877.1,183.35,2.0
54480.0,1309.1,2.11,0.04,2.11,40.73433,-111.87210,24.6,45.6,877.1,178.97,2.3
54540.0,1309.0,1.60,0.04,1.60,40.73433,-111.87210,24.7,46.2,877.1,166.77,1.7
54600.0,1308.8,1.80,0.05,1.80,40.73433,-111.87210,24.7,45.4,877.1,179.98,2.3
54660.0,1308.7,1.89,0.05,1.89,40.73433,-111.87210,24.7,45.6,877.1,163.67,2.8
54720.0,1308.7,1.90,0.05,1.90,40.73433,-111.87210,24.6,45.9,877.1,164.14,2.9
54780.0,1308.8,1.75,0.05,1.75,40.73433,-111.87210,24.7,45.7,877.1,165.84,1.5
54840.0,1308.6,1.50,0.05,1.50,40.73433,-111.87210,24.8,45.3,877.1,154.89,1.2
54900.0,1308.7,1.61,0.04,1.61,40.73433,-111.87210,24.7,46.0,877.0,138.66,2.6
54960.0,1308.6,1.50,0.04,1.50,40.73433,-111.87210,24.6,45.9,877.0,135.23,3.0
55020.0,1308.6,1.64,0.04,1.64,40.73433,-111.87210,24.2,46.0,877.0,124.85,3.3
55080.0,1308.6,1.97,0.05,1.97,40.73433,-111.87210,24.1,46.2,877.0,137.65,2.3
55140.0,1308.8,1.67,0.05,1.67,40.73433,-111.87210,24.1,45.8,877.0,146.33,2.2
55200.0,1308.8,1.74,0.04,1.74,40.73433,-111.87210,23.8,45.7,877.0,134.21,3.5
55260.0,1308.6,1.32,0.04,1.32,40.73433,-111.87210,23.7,45.9,877.0,139.86,2.7
55320.0,1308.6,1.73,0.04,1.73,40.73433,-111.87210,23.5,46.4,877.0,143.51,3.1
55380.0,1308.5,1.98,0.04,1.98,40.73433,-111.87210,23.5,46.6,877.0,145.07,2.1
55440.0,1308.4,2.25,0.04,2.25,40.73433,-111.87210,23.4,47.5,877.0,136.28,2.4
55500.0,1308.3,2.48,0.05,2.48,40.73433,-111.87210,23.3,47.2,877.0,152.73,2.3
55560.0,1308.2,2.61,0.04,2.61,40.73434,-111.87210,23.5,47.0,877.0,143.20,1.5
55620.0,1308.2,1.90,0.04,1.90,40.73433,-111.87210,23.6,47.1,877.0,152.38,1.7
55680.0,1308.2,2.19,0.05,2.19,40.73433,-111.87210,23.6,46.9,877.0,153.99,2.2
55740.0,1308.3,2.48,0.04,2.48,40.73433,-111.87210,23.8,46.7,877.0,170.87,1.5
55800.0,1308.3,3.09,0.04,3.09,40.73433,-111.87210,24.0,46.1,877.0,168.62,1.8
55860.0,1308.3,2.87,0.04,2.87,40.73434,-111.87210,24.1,46.7,877.0,153.89,1.9
55920.0,1308.3,3.49,0.04,3.49,40.73434,-111.87210,24.2,46.0,877.0,204.64,1.4
55980.0,1308.4,3.33,0.04,3.33,40.73434,-111.87210,24.3,46.1,877.0,169.75,2.0
56040.0,1308.4,3.51,0.04,3.51,40.73434,-111.87210,24.4,45.8,877.0,160.73,2.4
56100.0,1308.3,3.63,0.04,3.63,40.73434,-111.87210,24.5,45.8,876.9,159.79,2.2
56160.0,1308.3,3.43,0.05,3.43,40.73434,-111.87210,24.5,46.5,876.9,147.66,2.3
56220.0,1308.2,3.74,0.05,3.74,40.73434,-111.87210,24.5,46.1,876.9,152.24,2.6
56280.0,1308.2,3.42,0.05,3.42,40.73434,-111.87210,24.4,46.4,876.9,138.60,3.6
56340.0,1308.4,3.40,0.05,3.40,40.73434,-111.87210,24.5,45.2,876.9,165.23,2.1
56400.0,1308.5,3.20,0.05,3.20,40.73434,-111.87210,24.6,45.5,876.9,160.17,1.6
56460.0,1308.5,3.43,0.05,3.43,40.73434,-111.87210,24.8,45.0,876.9,166.62,0.6
56520.0,1308.4,3.18,0.05,3.18,40.73434,-111.87210,25.0,44.6,876.9,189.92,1.9
56580.0,1308.5,2.99,0.05,2.99,40.73434,-111.87210,25.1,44.5,876.9,184.71,2.1
56640.0,1308.5,3.11,0.04,3.11,40.73434,-111.87210,25.1,44.3,876.9,165.40,2.4
56700.0,1308.8,2.87,0.04,2.87,40.73434,-111.87210,25.1,44.8,876.8,143.66,2.7
56760.0,1308.5,3.12,0.05,3.12,40.73434,-111.87210,25.3,44.3,876.8,167.55,1.0
56820.0,1308.5,3.05,0.04,3.05,40.73434,-111.87210,25.5,43.7,876.8,166.82,2.1
56880.0,1308.4,3.17,0.05,3.17,40.73434,-111.87210,25.3,44.0,876.8,136.07,3.9
56940.0,1308.5,2.68,0.05,2.68,40.73434,-111.87210,25.1,44.0,876.8,130.66,3.0
57000.0,1308.6,2.86,0.04,2.86,40.73434,-111.87210,25.5,43.3,876.8,149.60,0.6
57060.0,1308.1,2.72,0.05,2.72,40.73433,-111.87210,25.6,42.8,876.8,134.73,1.6
57120.0,1307.9,2.49,0.05,2.49,40.73433,-111.87210,25.8,42.5,876.8,180.11,1.3
57180.0,1308.1,2.51,0.04,2.51,40.73434,-111.87210,26.0,42.0,876.8,182.90,1.3
57240.0,1308.1,2.52,0.04,2.52,40.73434,-111.87210,26.0,42.5,876.8,148.33,2.2
57300.0,1308.1,2.72,0.04,2.72,40.73434,-111.87210,26.1,41.5,876.8,164.43,2.9
57360.0,1307.5,2.43,0.05,2.43,40.73433,-111.87210,25.9,41.6,876.8,151.21,3.7
57420.0,1307.5,1.99,0.05,1.99,40.73433,-111.87210,25.8,42.1,876.8,149.47,3.5
57480.0,1307.7,2.09,0.04,2.09,40.73433,-111.87210,25.8,42.2,876.8,164.92,3.7
57540.0,1307.8,1.71,0.05,1.71,40.73433,-111.87210,25.7,42.4,876.8,176.66,3.0
57600.0,1308.1,1.69,0.04,1.69,40.73433,-111.87210,25.6,42.5,876.8,161.94,3.5
57660.0,1308.1,1.89,0.05,1.89,40.73433,-111.87210,25.5,42.7,876.8,187.18,2.3
57720.0,1307.7,1.91,0.05,1.91,40.73433,-111.87210,25.7,42.7,876.8,183.71,1.0
57780.0,1307.8,2.15,0.04,2.15,40.73433,-111.87210,26.1,42.4,876.8,188.40,1.0
57840.0,1308.5,1.73,0.04,1.73,40.73433,-111.87210,26.2,41.0,876.8,165.97,2.4
57900.0,1308.5,1.53,0.04,1.53,40.73433,-111.87210,26.2,40.5,876.7,157.49,3.4
57960.0,1307.9,1.41,0.05,1.41,40.73433,-111.87210,26.3,40.0,876.7,185.54,2.5
58020.0,1307.6,1.33,0.05,1.33,40.73433,-111.87210,26.5,40.2,876.7,188.60,2.5
58080.0,1307.6,1.25,0.05,1.25,40.73433,-111.87210,26.4,40.6,876.7,149.81,3.0
58140.0,1307.0,1.48,0.05,1.48,40.73433,-111.87210,26.3,41.8,876.6,140.58,2.9
58200.0,1306.9,1.87,0.06,1.87,40.73433,-111.87211,26.2,39.9,876.6,159.11,3.9
58260.0,1306.9,2.01,0.06,2.01,40.73433,-111.87211,26.2,40.7,876.6,139.90,2.9
58320.0,1307.0,1.86,0.05,1.86,40.73433,-111.87211,26.2,41.1,876.6,132.04,2.7
58380.0,1307.0,1.45,0.05,1.45,40.73433,-111.87211,26.3,41.2,876.6,156.59,2.5
58440.0,1307.1,1.55,0.05,1.55,40.73433,-111.87211,26.6,40.6,876.7,150.92,1.9
58500.0,1307.1,1.66,0.04,1.66,40.73433,-111.87211,26.5,40.1,876.7,151.11,2.9
58560.0,1307.1,2.24,0.04,2.24,40.73433,-111.87211,26.8,39.3,876.7,174.47,2.0
58620.0,1307.2,2.39,0.06,2.39,40.73433,-111.87211,26.9,38.7,876.7,160.04,1.8
58680.0,1307.4,1.93,0.05,1.93,40.73433,-111.87211,26.8,39.6,876.7,137.92,3.1
58740.0,1307.4,1.70,0.05,1.70,40.73433,-111.87211,26.9,38.3,876.6,158.17,2.6
58800.0,1307.5,1.24,0.05,1.24,40.73433,-111.87211,26.8,38.4,876.6,136.25,2.5
58860.0,1307.5,1.23,0.05,1.23,40.73433,-111.87211,26.8,38.2,876.6,151.95,3.0
58920.0,1307.4,1.03,0.04,1.03,40.73433,-111.87211,26.9,36.9,876.7,172.41,3.1
58980.0,1307.5,1.34,0.05,1.34,40.73433,-111.87211,27.0,36.9,876.7,180.42,2.2
59040.0,1307.6,1.52,0.05,1.52,40.73434,-111.87211,27.0,36.7,876.7,165.66,3.3
59100.0,1307.8,1.54,0.04,1.54,40.73434,-111.87211,26.9,37.3,876.6,139.21,3.2
59160.0,1307.9,1.98,0.04,1.98,40.73434,-111.87211,26.9,37.5,876.6,151.01,2.4
59220.0,1308.0,2.21,0.05,2.21,40.73434,-111.87211,27.1,36.4,876.4,167.33,1.2
59280.0,1308.1,1.89,0.05,1.89,40.73434,-111.87211,27.3,37.8,876.4,147.63,1.9
59340.0,1308.2,2.16,0.05,2.16,40.73434,-111.87211,27.0,37.8,876.4,115.91,2.9
59400.0,1308.3,2.21,0.06,2.21,40.73434,-111.87211,26.8,38.4,876.5,127.69,3.6
59460.0,1308.3,2.38,0.05,2.38,40.73434,-111.87211,26.8,37.6,876.6,138.58,3.3
59520.0,1308.2,2.45,0.05,2.45,40.73434,-111.87211,26.6,37.2,876.6,125.56,3.4
59580.0,1308.3,2.29,0.05,2.29,40.73434,-111.87211,26.8,36.9,876.6,156.25,3.0
59640.0,1308.4,2.10,0.06,2.10,40.73434,-111.87211,26.6,37.0,876.6,140.62,3.7
59700.0,1308.5,2.49,0.04,2.49,40.73434,-111.87211,26.7,37.0,876.5,136.03,1.7
59760.0,1308.5,2.32,0.05,2.32,40.73434,-111.87211,26.9,37.4,876.5,165.51,2.1
59820.0,1308.4,2.34,0.05,2.34,40.73434,-111.87211,27.1,37.1,876.5,148.65,2.2
59880.0,1308.4,2.26,0.05,2.26,40.73434,-111.87211,27.2,38.0,876.5,141.74,1.8
59940.0,1308.4,1.93,0.05,1.93,40.73434,-111.87211,26.9,36.8,876.6,128.47,3.2
60000.0,1308.5,2.21,0.05,2.21,40.73434,-111.87211,26.9,36.4,876.6,155.19,3.2
60060.0,1308.8,2.56,0.05,2.56,40.73434,-111.87211,27.0,36.9,876.6,145.05,2.4
60120.0,1309.0,2.69,0.05,2.69,40.73434,-111.87211,26.9,38.4,876.5,116.63,2.1
60180.0,1308.9,2.31,0.05,2.31,40.73434,-111.87211,27.0,37.7,876.6,148.15,2.2
60240.0,1309.0,1.69,0.05,1.69,40.73434,-111.87211,27.3,35.6,876.6,157.23,1.3
60300.0,1309.1,1.68,0.05,1.68,40.73434,-111.87211,27.2,37.0,876.5,129.02,2.5
60360.0,1309.0,1.87,0.05,1.87,40.73434,-111.87211,27.1,36.9,876.5,126.32,3.5
60420.0,1308.8,2.17,0.05,2.17,40.73434,-111.87211,27.2,35.7,876.6,164.13,2.9
60480.0,1308.7,2.13,0.05,2.13,40.73434,-111.87211,27.1,35.9,876.5,119.09,2.5
60540.0,1308.7,1.83,0.04,1.83,40.73434,-111.87211,26.9,36.3,876.6,127.27,3.0
60600.0,1308.9,1.82,0.05,1.82,40.73434,-111.87211,26.9,35.8,876.5,154.43,2.9
60660.0,1309.1,1.53,0.05,1.53,40.73434,-111.87211,26.8,36.0,876.6,139.58,3.3
60720.0,1309.0,1.57,0.05,1.57,40.73434,-111.87211,26.7,36.5,876.6,137.80,3.6
60780.0,1309.0,2.11,0.05,2.11,40.73434,-111.87211,26.6,35.8,876.6,163.08,2.8
60840.0,1309.0,2.72,0.05,2.72,40.73434,-111.87211,26.6,36.2,876.5,159.75,2.9
60900.0,1308.8,2.27,0.05,2.27,40.73434,-111.87211,26.7,36.3,876.5,185.09,2.2
60960.0,1308.8,2.33,0.05,2.33,40.73434,-111.87211,26.8,36.5,876.5,149.43,2.4
61020.0,1308.7,2.78,0.05,2.78,40.73434,-111.87211,26.6,36.3,876.5,128.64,3.9
61080.0,1308.7,2.82,0.05,2.82,40.73434,-111.87211,26.6,37.5,876.5,134.51,3.4
61140.0,1308.7,1.80,0.05,1.80,40.73434,-111.87211,26.7,36.4,876.5,162.06,2.8
61200.0,1308.7,1.65,0.05,1.65,40.73434,-111.87211,26.8,36.0,876.5,171.61,2.9
61260.0,1308.6,2.22,0.05,2.22,40.73434,-111.87211,26.4,36.4,876.5,140.80,3.7
61320.0,1308.5,2.39,0.05,2.39,40.73434,-111.87211,26.3,36.3,876.5,158.32,2.6
61380.0,1308.5,2.56,0.05,2.56,40.73434,-111.87211,26.5,36.3,876.5,177.54,2.4
61440.0,1308.4,2.61,0.05,2.61,40.73434,-111.87211,26.7,35.9,876.5,176.94,2.0
61500.0,1308.5,2.73,0.05,2.73,40.73434,-111.87211,26.9,35.6,876.4,183.38,1.9
61560.0,1308.5,2.15,0.05,2.15,40.73434,-111.87211,27.2,34.8,876.4,148.57,0.7
61620.0,1308.6,2.22,0.04,2.22,40.73434,-111.87211,27.6,34.1,876.4,171.92,0.8
61680.0,1308.5,2.49,0.05,2.49,40.73434,-111.87211,27.8,33.5,876.4,173.10,1.4
61740.0,1308.6,2.47,0.04,2.47,40.73434,-111.87211,27.8,34.6,876.4,130.17,2.8
61800.0,1308.6,2.37,0.04,2.37,40.73434,-111.87210,27.8,34.9,876.4,159.11,1.7
61860.0,1308.6,2.19,0.05,2.19,40.73434,-111.87210,27.7,33.9,876.4,139.63,3.0
61920.0,1308.5,1.85,0.04,1.85,40.73434,-111.87210,27.8,34.2,876.4,135.97,2.5
61980.0,1308.4,1.91,0.05,1.91,40.73434,-111.87211,27.5,34.2,876.4,127.93,2.9
62040.0,1308.3,1.60,0.05,1.60,40.73433,-111.87211,27.8,33.8,876.4,170.81,1.2
62100.0,1308.3,1.40,0.05,1.40,40.73433,-111.87211,28.1,33.3,876.4,166.54,1.1
62160.0,1308.2,1.75,0.04,1.75,40.73433,-111.87211,28.2,33.3,876.4,177.41,2.0
62220.0,1308.3,1.98,0.05,1.98,40.73433,-111.87211,28.4,33.1,876.4,185.03,1.5
62280.0,1308.4,1.99,0.04,1.99,40.73433,-111.87211,28.5,33.1,876.4,154.17,2.7
62340.0,1308.5,2.18,0.05,2.18,40.73433,-111.87211,28.3,33.9,876.4,130.03,2.8
62400.0,1308.5,3.00,0.05,3.00,40.73433,-111.87211,28.4,33.1,876.4,158.51,2.1
62460.0,1308.4,3.07,0.04,3.07,40.73433,-111.87210,28.5,33.3,876.4,157.43,2.1
