CampaignData_and_Merges/R0/CSL_MobileLab_Parked/raw/20240813/USOS-NOy-LIF_MobileLabGround_20240813_R0.ict
39,1001
Rollins, A.; Waxman, E.; Zuraski, K.; Chace, W.
NOAA Chemical Sciences Laboratory
LIF NO/NOx/NOy on CSL Mobile Lab
AMMBEC / USOS
1, 1
2024,08,13, 2025,01,06
1
Time_Start, seconds, number_of_seconds_since_0000_UTC
7
1, 1, 1, 1, 1, 1, 1
-9999, -9999, -9999, -9999, -9999, -9999, -9999
Time_Stop, seconds, number_of_seconds_since_0000_UTC
NO_LIF, pptv, Gas_NO_InSitu_S_AVMR, volume mixing ratio of nitric oxide in air
NO2_LIF, pptv, Gas_NO2_InSitu_S_AVMR, volume mixing ratio of nitrogen dioxide in air
NOy_LIF, pptv, Gas_NOy_InSitu_S_AVMR, volume mixing ratio of total oxidized nitrogen in air
NO_LIF_1SigmaAccuracy, pptv, Gas_NO_InSitu_S_AVMR, volume mixing ratio of nitric oxide in air
NO2_LIF_1SigmaAccuracy, pptv, Gas_NO2_InSitu_S_AVMR, volume mixing ratio of nitrogen dioxide in air
NOy_LIF_1SigmaAccuracy, pptv, Gas_NOy_InSitu_S_AVMR, volume mixing ratio of total oxidized nitrogen in air
0
18
PI_CONTACT_INFO: andrew.rollins@noaa.gov
PLATFORM: CSL Mobile Lab
LOCATION: Salt Lake City, UT
ASSOCIATED_DATA:
INSTRUMENT_INFO: NO detection by laser induced fluorescence. NO2 detection by photolytic conversion to NO. NOy detection by catalytic conversion to NO on gold surface
DATA_INFO:
UNCERTAINTY: Included 1 Sigma Accuracy waves represent the combined calibration uncertainties (±6%, ±9%, ±10%) and zero uncertainties (3 ppt, 20 ppt, 100 ppt) for NO, NO2, and NOy, respectively.
ULOD_FLAG: -7777
ULOD_VALUE: N/A
LLOD_FLAG: -8888
LLOD_VALUE: N/A
DM_CONTACT_INFO: andrew.rollins@noaa.gov
PROJECT_INFO: USOS Project, July - August 2024
STIPULATIONS_ON_USE: Users are strongly encouraged to contact the PI for proper data usage.
OTHER_COMMENTS:
REVISION: R0
R0: final data
Time_Start, Time_Stop, NO_LIF, NO2_LIF, NOy_LIF, NO_LIF_1SigmaAccuracy, NO2_LIF_1SigmaAccuracy, NOy_LIF_1SigmaAccuracy
[from data line 266]
   15960,   16020,101.37,7323.6,8937.9,9.0822, 679.13, 993.79
   16020,   16080,506.56,7871.1,8822.4,33.394, 728.4, 982.24
   16080,   16140,1828.2,9161.6,11218,112.69, 844.55, 1221.8
   16140,   16200,774.73,8751.9,11079,49.484, 807.67, 1207.9
   16200,   16260,396.69,8607.5,10150,26.801, 794.67, 1115
   16260,   16320,293.58,7734.6,10055,20.615, 716.12, 1105.5
   16320,   16380,166.17,6903,8613.4,12.97, 641.27, 961.34
   16380,   16440,118.34,6509.8,7742.8,10.1, 605.88, 874.28
   16440,   16500,170.28,5473.6,7663.2,13.217, 512.62, 866.32
   16500,   16560,274.66,5459.9,7030.2,19.48, 511.39, 803.02
   16560,   16620,295.28,4782,6386.4,20.717, 450.38, 738.64
   16620,   16680,337.38,4951.4,6380.1,23.243, 465.62, 738.01
   16680,   16740,195.73,3927.8,5734.7,14.744, 373.5, 673.47
   16740,   16800,245.12,3979.9,5151.5,17.707, 378.19, 615.15
   16800,   16860,160.7,4324,5239.8,12.642, 409.16, 623.98
   16860,   16920,345.3,4968.6,5604.2,23.718, 467.17, 660.42
   16920,   16980,131.5,5437.4,5990.1,10.89, 509.36, 699.01
   16980,   17040,202.89,6071.8,6822.5,15.174, 566.47, 782.25
   17040,   17100,268.13,6196.2,7077.2,19.088, 577.66, 807.72
   17100,   17160,492.65,5910.6,7167.3,32.559, 551.96, 816.73
   17160,   17220,1610.4,5237.1,8119.7,99.626, 491.34, 911.97
   17220,   17280,666.37,4397,7766.9,42.982, 415.73, 876.69
   17280,   17340,237.01,3994.2,4844.3,17.221, 379.48, 584.43
   17340,   17400,1393.4,4961.2,5693.2,86.605, 466.51, 669.32
   17400,   17460,990.3,4772.4,7014.5,62.418, 449.52, 801.45
   17460,   17520,462.8,3753,5495.5,30.768, 357.77, 649.55
   17520,   17580,240.3,3291.3,4315.5,17.418, 316.22, 531.55
   17580,   17640,483.86,3331.7,4315.3,32.031, 319.85, 531.53
   17640,   17700,239.59,3007.9,4368.9,17.375, 290.71, 536.89
   17700,   17760,121.44,2713.2,3488.2,10.286, 264.19, 448.82
   17760,   17820,221.71,3075.7,3855.1,16.303, 296.82, 485.51
   17820,   17880,508.68,3541.4,4765.1,33.521, 338.73, 576.51
   17880,   17940,150.71,3003.8,4488.6,12.043, 290.34, 548.86
   17940,   18000,143.09,2757.8,3617.9,11.585, 268.2, 461.79
   18000,   18060,-9999,-9999,-9999,-9999, -9999, -9999
   18060,   18120,-9999,-9999,-9999,-9999, -9999, -9999
   18120,   18180,-9999,-9999,-9999,-9999, -9999, -9999
   18180,   18240,-9999,-9999,-9999,-9999, -9999, -9999
   18240,   18300,-9999,-9999,-9999,-9999, -9999, -9999
   18300,   18360,-9999,-9999,-9999,-9999, -9999, -9999
   18360,   18420,-9999,-9999,-9999,-9999, -9999, -9999
   18420,   18480,91.995,2430.4,3277.8,8.5197, 238.74, 427.78
   18480,   18540,464.48,2920.2,4328.3,30.869, 282.82, 532.83
   18540,   18600,56.756,2495.6,3630.5,6.4054, 244.6, 463.05
   18600,   18660,369.99,2722,3324.5,25.2, 264.98, 432.45
   18660,   18720,506.26,2852.4,3823.9,33.376, 276.72, 482.39
   18720,   18780,158.6,2660,3428.7,12.516, 259.4, 442.87
   18780,   18840,81.131,2537.9,3184.5,7.8679, 248.41, 418.45
   18840,   18900,143.58,2617.8,3181,11.615, 255.6, 418.1
   18900,   18960,336.03,2826.8,3542.1,23.162, 274.41, 454.21
   18960,   19020,427.23,3098.1,4140.2,28.634, 298.83, 514.02
   19020,   19080,75.373,2544.2,3348.2,7.5224, 248.98, 434.82
   19080,   19140,73.526,2510.7,3060.1,7.4116, 245.96, 406.01
   19140,   19200,202.74,2655.4,3238.8,15.164, 258.99, 423.88
   19200,   19260,87.11,2644.2,3147.9,8.2266, 257.97, 414.79
   19260,   19320,70.638,2628,3106.4,7.2383, 256.52, 410.64
   19320,   19380,50.365,2644.1,3170.4,6.0219, 257.97, 417.04
   19380,   19440,31.944,2635.5,3121.6,4.9166, 257.19, 412.16
   19440,   19500,65.545,2669.1,3358.7,6.9327, 260.22, 435.87
   19500,   19560,45.297,2714.3,3359.4,5.7178, 264.28, 435.94
   19560,   19620,33.949,2798.3,3321.9,5.0369, 271.85, 432.19
   19620,   19680,32.599,2831.9,3287.1,4.9559, 274.87, 428.71
   19680,   19740,50.982,3069.9,3623.5,6.0589, 296.29, 462.35
   19740,   19800,33.606,3515.3,4046.2,5.0163, 336.37, 504.62
   19800,   19860,38.769,4111.9,4677.8,5.3261, 390.07, 567.78
   19860,   19920,52.871,4041.5,4737.6,6.1723, 383.73, 573.76
   19920,   19980,38.411,3416.9,4094,5.3047, 327.52, 509.4
   19980,   20040,55.411,3174.9,3732.4,6.3247, 305.75, 473.24
   20040,   20100,68.578,3280,4025.4,7.1147, 315.2, 502.54
   20100,   20160,49.041,2606.8,3056.7,5.9425, 254.62, 405.67
   20160,   20220,45.142,2699,3243.9,5.7085, 262.91, 424.39
   20220,   20280,56.608,2254.9,2779.1,6.3965, 222.94, 377.91
   20280,   20340,52.27,2035,2514,6.1362, 203.15, 351.4
   20340,   20400,42.033,2165,2622.2,5.522, 214.85, 362.22
   20400,   20460,20.996,1912.1,2416.3,4.2597, 192.09, 341.63
   20460,   20520,191.55,2255.9,2903.5,14.493, 223.03, 390.35
   20520,   20580,74.56,2164.3,2737.6,7.4736, 214.79, 373.76
   20580,   20640,108.65,2079.7,2658.1,9.5191, 207.17, 365.81
   20640,   20700,64.225,1808.4,2395.3,6.8535, 182.76, 339.53
   20700,   20760,34.93,1949.5,2384.6,5.0958, 195.45, 338.46
   20760,   20820,24.839,1804.9,2190.8,4.4903, 182.44, 319.08
   20820,   20880,15.024,1431.3,1783.6,3.9014, 148.82, 278.36
   20880,   20940,19.366,1503.1,1895.1,4.1619, 155.28, 289.51
   20940,   21000,20.971,1589.6,1951.7,4.2583, 163.06, 295.17
   21000,   21060,21.437,1661.2,2120.1,4.2862, 169.51, 312.01
   21060,   21120,52.43,1765.8,2277.2,6.1458, 178.92, 327.72
   21120,   21180,42.554,1744,2395.5,5.5532, 176.96, 339.55
   21180,   21240,41.086,1839.7,2352.4,5.4651, 185.58, 335.24
   21240,   21300,46.055,1926.8,2459.7,5.7633, 193.41, 345.97
   21300,   21360,26.528,1911.8,2375.8,4.5917, 192.06, 337.58
   21360,   21420,17.23,1889.9,2336.1,4.0338, 190.09, 333.61
   21420,   21480,51.75,1829.6,2359.2,6.105, 184.66, 335.92
   21480,   21540,154.41,1953.1,2432.2,12.265, 195.78, 343.22
   21540,   21600,115.36,1970.6,2706,9.9216, 197.36, 370.6
   21600,   21660,68.221,2166.3,2666,7.0932, 214.97, 366.6
   21660,   21720,56.732,2055.6,2554.6,6.4039, 205.01, 355.46
   21720,   21780,44.839,1911.1,2417.9,5.6903, 192, 341.79
   21780,   21840,24.554,1790.3,2265.6,4.4732, 181.13, 326.56
   21840,   21900,52.26,1716.7,2233.9,6.1356, 174.51, 323.39
   21900,   21960,43.983,1751.5,2180.2,5.639, 177.64, 318.02
   21960,   22020,111.66,1903,2534.8,9.6993, 191.27, 353.48
   22020,   22080,44.668,1673,2065.8,5.6801, 170.57, 306.58
   22080,   22140,69.251,1684.1,2101.9,7.1551, 171.57, 310.19
   22140,   22200,62.825,1600.1,2265.6,6.7695, 164.01, 326.56
   22200,   22260,77.636,1570.3,2136.4,7.6581, 161.32, 313.64
   22260,   22320,202.74,1779.7,2317.8,15.164, 180.17, 331.78
   22320,   22380,79.554,1579.2,2155.3,7.7732, 162.13, 315.53
   22380,   22440,59.051,1559.1,2061.5,6.5431, 160.32, 306.15
   22440,   22500,97.785,1526.4,2036.3,8.8671, 157.37, 303.63
   22500,   22560,55.125,1500.5,1958.1,6.3075, 155.04, 295.81
   22560,   22620,37.212,1495.9,1976.9,5.2327, 154.63, 297.69
   22620,   22680,37.867,1653.2,2117.1,5.272, 168.79, 311.71
   22680,   22740,52.014,1840.8,2324.4,6.1208, 185.67, 332.44
   22740,   22800,127.1,1986.6,2591.9,10.626, 198.8, 359.19
   22800,   22860,70.02,2042.4,2702.2,7.2012, 203.82, 370.22
   22860,   22920,268.78,2468.7,3345.3,19.127, 242.19, 434.53
   22920,   22980,265.41,2553.2,3709.8,18.925, 249.79, 470.98
   22980,   23040,63.142,2252.2,3096.3,6.7885, 222.7, 409.63
   23040,   23100,87.391,2156,2919.9,8.2435, 214.04, 391.99
   23100,   23160,193.63,2211.5,2844.4,14.618, 219.04, 384.44
   23160,   23220,246.05,2561.6,3382.3,17.763, 250.54, 438.23
   23220,   23280,96.975,2458.1,3362.9,8.8185, 241.23, 436.29
   23280,   23340,70.139,2394.1,3191.1,7.2083, 235.47, 419.11
   23340,   23400,14.801,1660.3,2394,3.8881, 169.43, 339.4
   23400,   23460,9.9493,1586.8,2020,3.597, 162.81, 302
   23460,   23520,31.476,1862.5,2350.6,4.8885, 187.63, 335.06
   23520,   23580,13.102,1626.4,2205.5,3.7861, 166.37, 320.55
   23580,   23640,104.14,1913.6,2486,9.2484, 192.22, 348.6
   23640,   23700,49.691,1637.2,2111.5,5.9814, 167.35, 311.15
   23700,   23760,42.394,1678.3,2202.1,5.5436, 171.05, 320.21
   23760,   23820,51.631,1766.6,2255.1,6.0979, 179, 325.51
   23820,   23880,48.97,1910.4,2460.4,5.9382, 191.94, 346.04
   23880,   23940,92.49,2203.2,2669,8.5494, 218.29, 366.9
   23940,   24000,68.92,2291.5,3025.6,7.1352, 226.24, 402.56
   24000,   24060,19.485,2007.7,2611.3,4.1691, 200.69, 361.13
   24060,   24120,47.388,2027.1,2587,5.8433, 202.44, 358.7
   24120,   24180,9.1755,1925.1,2323.8,3.5505, 193.26, 332.38
   24180,   24240,72.721,2162.4,2755.9,7.3632, 214.62, 375.59
   24240,   24300,42.753,2470.7,3016.8,5.5652, 242.36, 401.68
   24300,   24360,17.719,2237.7,2773.2,4.0631, 221.39, 377.32
   24360,   24420,23.638,2339.7,2845,4.4183, 230.58, 384.5
   24420,   24480,20.465,2438.7,2911,4.2279, 239.48, 391.1
   24480,   24540,8.6768,2427.9,2855.3,3.5206, 238.52, 385.53
   24540,   24600,165.71,2618.5,3131.9,12.942, 255.66, 413.19
   24600,   24660,432.03,2672.7,3739.8,28.922, 260.55, 473.98
   24660,   24720,24.353,2404,2875.7,4.4612, 236.36, 387.57
   24720,   24780,23.591,2527.7,3028,4.4155, 247.49, 402.8
   24780,   24840,33.711,2409.2,2876.4,5.0226, 236.83, 387.64
   24840,   24900,85.599,2423.2,2978.5,8.1359, 238.09, 397.85
   24900,   24960,43.832,2352.2,2851,5.6299, 231.7, 385.1
   24960,   25020,16.169,2117.7,2513.9,3.9701, 210.59, 351.39
   25020,   25080,9.9744,2127.5,2545.3,3.5985, 211.48, 354.53
   25080,   25140,16.345,2240.3,2635.6,3.9807, 221.63, 363.56
   25140,   25200,47.886,2384.4,2868.1,5.8732, 234.59, 386.81
   25200,   25260,18.378,2346.1,2725.2,4.1027, 231.15, 372.52
   25260,   25320,12.1,2317.5,2712.3,3.726, 228.57, 371.23
   25320,   25380,14.963,2339.9,2765.7,3.8978, 230.59, 376.57
   25380,   25440,15.539,2350.1,2766.7,3.9324, 231.51, 376.67
   25440,   25500,41.901,2458.6,2921,5.5141, 241.28, 392.1
   25500,   25560,32.825,2445.6,2974.2,4.9695, 240.1, 397.42
   25560,   25620,55.898,2672.7,3141,6.3539, 260.54, 414.1
   25620,   25680,41.131,2789.6,3255.8,5.4679, 271.06, 425.58
   25680,   25740,70.346,2612.8,3191.2,7.2207, 255.15, 419.12
   25740,   25800,75.385,2629.9,3148.1,7.5231, 256.69, 414.81
   25800,   25860,51.448,2386.3,2845.4,6.0869, 234.77, 384.54
   25860,   25920,54.496,2387.5,2874.8,6.2698, 234.88, 387.48
   25920,   25980,44.564,2329.1,2766.9,5.6738, 229.62, 376.69
   25980,   26040,-9999,-9999,-9999,-9999, -9999, -9999
   26040,   26100,-9999,-9999,-9999,-9999, -9999, -9999
   26100,   26160,-9999,-9999,-9999,-9999, -9999, -9999
   26160,   26220,-9999,-9999,-9999,-9999, -9999, -9999
   26220,   26280,-9999,-9999,-9999,-9999, -9999, -9999
   26280,   26340,-9999,-9999,-9999,-9999, -9999, -9999
   26340,   26400,-9999,-9999,-9999,-9999, -9999, -9999
   26400,   26460,79.078,1902.6,2336.2,7.7447, 191.23, 333.62
   26460,   26520,30.516,1764.3,2174.6,4.831, 178.79, 317.46
   26520,   26580,44.813,1825.3,2264.5,5.6888, 184.28, 326.45
   26580,   26640,43.477,1728.8,2141.1,5.6086, 175.6, 314.11
   26640,   26700,43.668,1657.8,2053.5,5.6201, 169.2, 305.35
   26700,   26760,42.544,1670.4,2095.5,5.5527, 170.34, 309.55
   26760,   26820,36.495,1616.6,2075.3,5.1897, 165.49, 307.53
   26820,   26880,67.304,1627.5,2022.8,7.0382, 166.47, 302.28
   26880,   26940,64.904,1590.5,2064.5,6.8943, 163.14, 306.45
   26940,   27000,57.567,1627.2,2162.9,6.454, 166.45, 316.29
   27000,   27060,42.352,1668.3,2172.9,5.5411, 170.15, 317.29
   27060,   27120,40.496,1789.2,2271.6,5.4298, 181.02, 327.16
   27120,   27180,43.086,1878.5,2394.4,5.5851, 189.06, 339.44
   27180,   27240,29.705,1910.6,2456.8,4.7823, 191.95, 345.68
   27240,   27300,41.187,1968.4,2541.8,5.4712, 197.16, 354.18
   27300,   27360,255.96,2201.4,2744.2,18.357, 218.12, 374.42
   27360,   27420,793.01,2635.8,4169.2,50.581, 257.23, 516.92
   27420,   27480,65.726,2394.6,3011.1,6.9436, 235.51, 401.11
   27480,   27540,53.583,2425.5,2975.2,6.215, 238.3, 397.52
   27540,   27600,218.67,2622.8,3442.6,16.12, 256.05, 444.26
   27600,   27660,635.81,3228.3,5752.2,41.149, 310.55, 675.22
   27660,   27720,243,2888,4050.8,17.58, 279.92, 505.08
   27720,   27780,254.26,2944.7,3915.3,18.255, 285.02, 491.53
   27780,   27840,324.47,2882.4,3833.4,22.468, 279.41, 483.34
   27840,   27900,906.98,3630.9,5089.9,57.419, 346.78, 608.99
   27900,   27960,198.69,2561.9,4309.6,14.922, 250.58, 530.96
   27960,   28020,62.374,2275.8,3146.2,6.7425, 224.83, 414.62
   28020,   28080,37.034,1978.2,2919.7,5.2221, 198.04, 391.97
   28080,   28140,16.836,1837,2375.9,4.0101, 185.33, 337.59
   28140,   28200,16.515,1889.5,2377.1,3.9909, 190.05, 337.71
   28200,   28260,29.491,2283.4,2755.4,4.7695, 225.5, 375.54
   28260,   28320,52.083,2496.9,3056.7,6.125, 244.72, 405.67
   28320,   28380,40.011,2654.9,3323.7,5.4007, 258.94, 432.37
   28380,   28440,48.441,2646.4,3338.8,5.9065, 258.18, 433.88
   28440,   28500,60.543,2572.5,3281.8,6.6326, 251.53, 428.18
   28500,   28560,43.569,2557.4,3156,5.6142, 250.17, 415.6
   28560,   28620,69.741,2700.8,3466.6,7.1845, 263.07, 446.66
   28620,   28680,77.711,2634.5,3458.9,7.6626, 257.1, 445.89
   28680,   28740,76.849,2658.7,3452.1,7.6109, 259.28, 445.21
   28740,   28800,86.854,3853.2,4343.7,8.2112, 366.79, 534.37
   28800,   28860,36.768,3259,3899.2,5.2061, 313.31, 489.92
   28860,   28920,33.852,2620.9,3100.1,5.0311, 255.88, 410.01
   28920,   28980,40.499,2555.6,3115.4,5.43, 250, 411.54
   28980,   29040,76.724,2415.5,2956.8,7.6035, 237.4, 395.68
   29040,   29100,49.643,2182.6,2611.9,5.9786, 216.43, 361.19
   29100,   29160,357.13,2315.5,2991.6,24.428, 228.4, 399.16
   29160,   29220,59.682,2052,2634.3,6.5809, 204.68, 363.43
   29220,   29280,40.712,1952.9,2388.3,5.4427, 195.76, 338.83
   29280,   29340,36.043,1906.3,2328.7,5.1626, 191.57, 332.87
   29340,   29400,36.327,1840,2259.6,5.1796, 185.6, 325.96
   29400,   29460,34.277,1786,2238.2,5.0566, 180.74, 323.82
   29460,   29520,30.453,1768.6,2173.8,4.8272, 179.17, 317.38
   29520,   29580,27.411,1693,2142.3,4.6446, 172.37, 314.23
   29580,   29640,39.196,1641.2,2078.3,5.3518, 167.71, 307.83
   29640,   29700,15.125,1583.5,1903.1,3.9075, 162.52, 290.31
   29700,   29760,31.866,1620,2046.8,4.912, 165.8, 304.68
   29760,   29820,20.806,1536.5,1969.6,4.2484, 158.29, 296.96
   29820,   29880,41.057,1587.9,2069.6,5.4634, 162.91, 306.96
   29880,   29940,23.271,1515.1,1905,4.3963, 156.36, 290.5
   29940,   30000,27.773,1493.9,1921,4.6664, 154.45, 292.1
   30000,   30060,14.893,1451.7,1888.2,3.8936, 150.65, 288.82
   30060,   30120,48.449,1382.9,1722.2,5.9069, 144.47, 272.22
   30120,   30180,39.596,1549.5,1961.2,5.3758, 159.45, 296.12
   30180,   30240,26.196,1370.5,1815.6,4.5717, 143.35, 281.56
   30240,   30300,27.408,1400.6,1816.1,4.6445, 146.06, 281.61
   30300,   30360,51.967,1373.5,1810.1,6.118, 143.61, 281.01
   30360,   30420,34.86,1320.4,1924,5.0916, 138.84, 292.4
   30420,   30480,30.154,1360.1,1703.6,4.8092, 142.41, 270.36
   30480,   30540,30.237,1386.5,1966.4,4.8142, 144.79, 296.64
   30540,   30600,58.623,1416.2,1857.2,6.5174, 147.45, 285.72
   30600,   30660,53.516,1464.4,1964.7,6.211, 151.8, 296.47
   30660,   30720,35.781,1578.1,2165,5.1468, 162.03, 316.5
   30720,   30780,10.385,1578.8,2102.8,3.6231, 162.09, 310.28
   30780,   30840,16.115,1540.6,1960.8,3.9669, 158.65, 296.08
   30840,   30900,26.481,1502.1,2017.7,4.5889, 155.19, 301.77
   30900,   30960,12.597,1514.9,1895.5,3.7558, 156.34, 289.55
   30960,   31020,20.671,1606.9,2036.3,4.2403, 164.62, 303.63
   31020,   31080,15.703,1080.6,1421.7,3.9422, 117.25, 242.17
   31080,   31140,10.646,1155,1480.7,3.6388, 123.95, 248.07
   31140,   31200,16.611,1224.2,1503.1,3.9966, 130.18, 250.31
   31200,   31260,12.559,1228.4,1527.1,3.7535, 130.56, 252.71
   31260,   31320,16.565,1220.4,1539.5,3.9939, 129.84, 253.95
   31320,   31380,12.581,1152.8,1521,3.7549, 123.75, 252.1
   31380,   31440,10.375,1047.1,1384.2,3.6225, 114.24, 238.42
   31440,   31500,12.879,1141,1445.5,3.7727, 122.69, 244.55
   31500,   31560,17.275,1245.5,1571,4.0365, 132.09, 257.1
   31560,   31620,15.921,1066.8,1543.4,3.9552, 116.01, 254.34
   31620,   31680,24.517,1173.8,1508.2,4.471, 125.65, 250.82
