CampaignData_and_Merges/R0/CSL_MobileLab_Parked/raw/20240813/USOS-NOAAIodideCIMS-HCOOH_MobileLabGround_20240813_RA.ict
33, 1001
Michael A Robinson, Chris Jernigan, Subi Thakali
NOAA ESRL Chemical Sciences Laboratory and CIRES, U. of Colorado
NOAA Iodide CIMS Instrument
USOS
1, 1
2024, 08, 13, 2024, 08, 15
1
starttime_UTC, seconds_past_midnight, seconds_of_day_since_00:00:00_UTC
1
1
-9999
HCOOH_NOAACIMS, pptv, Gas_HCOOH_InSitu_S_AVMR, 
0
18
PI_CONTACT_INFO: 325 Broadway, R/CSD 7, Boulder, Colorado 80305; michael.a.robinson@noaa.gov; chris.jernigan@noaa.gov;
PLATFORM: NOAA CSL Mobile Lab
LOCATION: SLC, Utah
ASSOCIATED_DATA: 1Hz data also available on request.
INSTRUMENT_INFO: NOAA I- ToF CIMS
DATA_INFO: All data in parts per trillion by volume (pptv). 1 Hz data is available upon request.
UNCERTAINTY: TBD
ULOD_FLAG: -7777
ULOD_VALUE: N/A
LLOD_FLAG: -8888
LLOD_VALUE: N/A
DM_CONTACT_INFO: Nathan Howard; nathan.h.howard@noaa.gov
PROJECT_INFO: USOS, summer 2024. https://csl.noaa.gov/groups/csl7/measurements/2024usos/
STIPULATIONS_ON_USE: Users are strongly encouraged to contact the PI for proper data usage.
OTHER_COMMENTS: 
REVISION: RA
RA: Preliminary Data; For in-field use only
starttime_UTC, HCOOH_NOAACIMS
     0, 325.180
    60, 315.288
   120, 293.694
   180, 310.552
   240, 303.079
   300, 305.940
   360, 304.824
   420, 300.512
   480, 287.731
   540, 306.480
   600, 316.589
   660, 320.740
   720, 335.811
   780, 359.442
   840, 364.905
   900, 373.355
   960, -9999.000
  1020, 393.897
  1080, 394.679
  1140, 409.509
  1200, 437.342
  1260, 477.849
  1320, 468.977
  1380, 475.228
  1440, 483.275
  1500, 510.278
  1560, 519.543
  1620, 537.105
  1680, 534.352
  1740, 548.058
  1800, 560.193
  1860, 547.293
  1920, 566.706
  1980, 571.594
  2040, 572.025
  2100, 568.000
  2160, 563.393
  2220, 553.936
  2280, 552.767
  2340, 553.172
  2400, 579.890
  2460, 594.747
  2520, 584.845
  2580, 588.900
  2640, 573.690
  2700, 573.740
  2760, 577.639
  2820, -9999.000
  2880, 617.528
  2940, 607.168
  3000, 584.430
  3060, 565.101
  3120, 551.424
  3180, 534.049
  3240, 530.104
  3300, 537.477
  3360, 515.062
  3420, 551.486
  3480, 560.989
  3540, 598.477
  3600, 561.192
  3660, 438.527
  3720, 441.101
  3780, 436.209
  3840, 392.723
  3900, 380.739
  3960, 393.050
  4020, 427.589
  4080, 467.596
  4140, 489.210
  4200, 506.477
  4260, 510.515
  4320, 530.774
  4380, 533.538
  4440, 556.559
  4500, 574.560
  4560, 591.327
  4620, 606.233
  4680, 656.402
  4740, 646.191
  4800, 657.999
  4860, 666.090
  4920, 678.456
  4980, 700.810
  5040, 681.530
  5100, 703.822
  5160, 715.169
  5220, 724.398
  5280, 696.546
  5340, 703.183
  5400, 684.805
  5460, 707.939
  5520, 700.177
  5580, 667.979
  5640, 670.574
  5700, 659.455
  5760, 684.331
  5820, 694.584
  5880, 721.231
  5940, 716.441
  6000, 709.163
  6060, 620.616
  6120, 648.077
  6180, 666.416
  6240, 662.539
  6300, 679.514
  6360, 694.166
  6420, 669.396
  6480, 645.317
  6540, 675.292
  6600, 677.208
  6660, 656.279
  6720, 622.244
  6780, 640.508
  6840, 634.128
  6900, 635.334
  6960, 615.871
  7020, 579.617
  7080, 573.698
  7140, 602.665
  7200, 617.078
  7260, 621.805
  7320, 621.043
  7380, 646.342
  7440, 651.478
  7500, 654.553
  7560, 637.917
  7620, 630.697
  7680, 633.715
  7740, 654.139
  7800, 560.556
  7860, 554.154
  7920, 560.591
  7980, 567.198
  8040, 527.283
  8100, 507.679
  8160, 511.642
  8220, 486.631
  8280, 483.624
  8340, 479.510
  8400, 549.333
  8460, 528.443
  8520, 514.357
  8580, 494.392
  8640, 480.350
  8700, 476.251
  8760, 479.646
  8820, 492.332
  8880, 502.318
  8940, 490.103
  9000, 491.528
  9060, 480.407
  9120, 474.897
  9180, 464.444
  9240, 465.177
  9300, 444.527
  9360, 563.440
  9420, 515.599
  9480, 505.869
  9540, 476.515
  9600, 470.094
  9660, 431.949
  9720, 452.291
  9780, 409.820
  9840, 429.094
  9900, 440.460
  9960, 450.595
 10020, 451.607
 10080, 428.108
 10140, 430.293
 10200, -9999.000
 10260, 452.816
 10320, 457.041
 10380, 493.655
 10440, 535.256
 10500, 538.535
 10560, 549.258
 10620, 540.934
 10680, 513.963
 10740, 493.958
 10800, 521.765
 10860, 538.371
 10920, 565.393
 10980, 558.970
 11040, 562.845
 11100, 552.512
 11160, 564.026
 11220, 570.553
 11280, 588.266
 11340, 572.692
 11400, 571.930
 11460, 619.794
 11520, 645.441
 11580, 677.919
 11640, 654.889
 11700, 692.434
 11760, 680.031
 11820, 686.116
 11880, 705.990
 11940, 745.155
 12000, 746.602
 12060, 764.933
 12120, 781.420
 12180, 740.229
 12240, 710.233
 12300, 690.150
 12360, 713.770
 12420, 699.947
 12480, 757.362
 12540, 816.729
 12600, 832.572
 12660, 829.993
 12720, 870.960
 12780, 860.886
 12840, 802.538
 12900, 698.548
 12960, 752.007
 13020, 766.990
 13080, 768.586
 13140, 773.715
 13200, 806.420
 13260, 782.218
 13320, 776.608
 13380, 756.129
 13440, 761.616
 13500, 775.414
 13560, 777.306
 13620, 789.206
 13680, 788.239
 13740, 807.916
 13800, 850.972
 13860, 862.192
 13920, -9999.000
 13980, 846.139
 14040, 806.728
 14100, 823.127
 14160, 843.088
 14220, 826.535
 14280, 806.412
 14340, 803.580
 14400, 781.168
 14460, 803.074
 14520, 796.127
 14580, 821.498
 14640, 844.891
 14700, 853.946
 14760, 800.205
 14820, 840.792
 14880, 811.150
 14940, 809.632
 15000, 809.185
 15060, 783.212
 15120, 823.976
 15180, 820.983
 15240, 836.613
 15300, 797.290
 15360, 755.258
 15420, 758.467
 15480, 768.591
 15540, 780.409
 15600, 758.420
 15660, 706.760
 15720, 677.343
 15780, 736.345
 15840, 741.854
 15900, 718.895
 15960, 684.850
 16020, 695.345
 16080, 712.194
 16140, 704.017
 16200, 711.918
 16260, 717.974
 16320, 704.973
 16380, 692.790
 16440, 689.326
 16500, 646.456
 16560, 628.829
 16620, 656.035
 16680, 598.519
 16740, 636.359
 16800, 606.151
 16860, 631.382
 16920, 639.412
 16980, 630.685
 17040, 620.891
 17100, 608.020
 17160, 574.882
 17220, 534.639
 17280, 541.538
 17340, 569.582
 17400, 563.086
 17460, 541.428
 17520, 522.969
 17580, -9999.000
 17640, 539.243
 17700, 541.583
 17760, 569.214
 17820, 569.134
 17880, 523.265
 17940, 522.978
 18000, 507.255
 18060, 506.021
 18120, 504.480
 18180, 463.669
 18240, 458.684
 18300, 437.488
 18360, 432.507
 18420, 446.786
 18480, 414.246
 18540, 418.494
 18600, 418.921
 18660, 421.769
 18720, 445.155
 18780, 415.591
 18840, 447.534
 18900, 432.315
 18960, 400.650
 19020, 394.698
 19080, 423.064
 19140, 403.757
 19200, 398.930
 19260, 427.187
 19320, 399.712
 19380, 411.245
 19440, -9999.000
 19500, 450.164
 19560, 455.749
 19620, 485.197
 19680, 501.116
 19740, 525.946
 19800, 525.462
 19860, 519.775
 19920, 513.060
 19980, 529.636
 20040, 516.259
 20100, 505.151
 20160, 520.828
 20220, 479.863
 20280, 478.978
 20340, 457.377
 20400, 447.318
 20460, 478.604
 20520, 463.168
 20580, 443.640
 20640, 445.533
 20700, 480.520
 20760, 442.210
 20820, 445.636
 20880, 459.745
 20940, 472.740
 21000, 468.897
 21060, 446.163
 21120, 433.958
 21180, 449.528
 21240, 437.076
 21300, -9999.000
 21360, 431.955
 21420, 435.086
 21480, 447.125
 21540, 464.922
 21600, 452.310
 21660, 451.289
 21720, 436.501
 21780, 416.961
 21840, 421.574
 21900, 434.863
 21960, 447.126
 22020, 448.944
 22080, 450.675
 22140, 451.773
 22200, 443.992
 22260, 452.413
 22320, 460.156
 22380, 439.343
 22440, 448.062
 22500, 458.489
 22560, 476.546
 22620, 477.673
 22680, 479.453
 22740, 495.009
 22800, 497.884
 22860, 519.752
 22920, 530.845
 22980, 551.482
 23040, 537.485
 23100, 519.107
 23160, 518.519
 23220, 527.927
 23280, 512.158
 23340, 487.470
 23400, 494.704
 23460, 505.716
 23520, 507.055
 23580, 488.997
 23640, 504.110
 23700, 490.090
 23760, 495.869
 23820, 481.917
 23880, 528.288
 23940, 511.915
 24000, 515.110
 24060, 500.069
 24120, 498.878
 24180, 483.944
 24240, 467.974
 24300, 471.447
 24360, 476.734
 24420, 421.351
 24480, 421.967
 24540, 445.422
 24600, 404.890
 24660, 420.644
 24720, 437.435
 24780, 462.004
 24840, 476.005
 24900, 438.913
 24960, -9999.000
 25020, 450.360
 25080, 454.802
 25140, 459.613
 25200, 438.742
 25260, 431.287
 25320, 429.648
 25380, 424.073
 25440, 430.849
 25500, 438.987
 25560, 430.906
 25620, 437.352
 25680, 429.208
 25740, 429.224
 25800, 438.374
 25860, 423.038
 25920, 430.492
 25980, 419.600
 26040, 427.587
 26100, 445.746
 26160, 400.844
 26220, 452.970
 26280, 413.302
 26340, 428.911
 26400, 427.442
 26460, 435.500
 26520, 437.419
 26580, 429.889
 26640, 422.092
 26700, 425.865
 26760, 445.551
 26820, 446.648
 26880, 444.201
 26940, 460.714
 27000, 481.508
 27060, 493.520
 27120, 503.833
 27180, 500.999
 27240, 489.094
 27300, 490.178
 27360, 491.642
 27420, 490.682
 27480, 497.257
 27540, 529.942
 27600, 581.002
 27660, 606.338
 27720, 593.470
 27780, 590.575
 27840, 535.012
 27900, 505.182
 27960, 490.054
 28020, 453.817
 28080, 454.802
 28140, 509.237
 28200, 529.143
 28260, 546.680
 28320, 548.635
 28380, 539.660
 28440, 546.080
 28500, 568.758
 28560, 574.007
 28620, 565.852
 28680, -9999.000
 28740, 509.776
 28800, 496.953
 28860, 485.556
 28920, 497.724
 28980, 475.328
 29040, 479.906
 29100, 477.404
 29160, 465.498
 29220, 477.165
 29280, 468.718
 29340, 455.063
 29400, 465.682
 29460, 461.973
 29520, 461.308
 29580, 438.532
 29640, 429.239
 29700, 420.276
 29760, 425.211
 29820, 428.183
 29880, 439.239
 29940, 425.273
 30000, 424.007
 30060, 434.996
 30120, 433.696
 30180, 427.105
 30240, 428.276
 30300, 430.679
 30360, 424.272
 30420, 434.605
 30480, 421.352
 30540, 442.063
 30600, 444.737
 30660, 435.819
 30720, 441.605
 30780, 437.455
 30840, 441.840
 30900, 449.961
 30960, 423.409
 31020, 376.849
 31080, 389.518
 31140, 411.227
 31200, 421.506
 31260, 420.323
 31320, 408.269
 31380, 415.104
 31440, 436.237
 31500, 424.163
 31560, 407.503
 31620, 426.521
 31680, 423.556
 31740, 441.100
 31800, 431.094
 31860, 425.926
 31920, 416.077
 31980, 411.097
 32040, 400.268
 32100, 396.239
 32160, 393.793
 32220, 390.346
 32280, 400.072
 32340, 391.663
 32400, 375.896
 32460, 407.495
 32520, 407.619
 32580, 409.386
 32640, 398.158
 32700, 406.690
 32760, 401.436
 32820, 395.388
 32880, 378.591
 32940, 385.958
 33000, 384.574
 33060, 384.068
 33120, 386.505
 33180, 384.780
 33240, 392.620
 33300, 404.219
 33360, 401.322
 33420, 400.260
 33480, 413.929
 33540, 407.059
 33600, 395.450
 33660, 396.668
 33720, 382.461
 33780, 391.953
 33840, 391.436
 33900, 384.880
 33960, 382.199
 34020, 381.779
 34080, 391.471
 34140, 389.651
 34200, 393.362
 34260, 413.486
 34320, 406.813
 34380, 424.895
 34440, 419.004
 34500, 417.313
 34560, 407.043
 34620, 409.837
 34680, 410.775
 34740, 405.480
 34800, 414.810
 34860, 401.380
 34920, 392.864
 34980, 381.962
 35040, 394.817
 35100, 390.431
 35160, 391.617
 35220, 367.177
 35280, 360.623
 35340, 350.152
 35400, 356.935
 35460, 368.052
 35520, 368.136
 35580, 377.649
 35640, 348.344
 35700, 357.607
 35760, 358.067
 35820, 367.499
 35880, 357.687
 35940, 357.456
 36000, 368.221
 36060, -9999.000
 36120, 347.029
 36180, 357.243
 36240, 355.707
 36300, 366.525
 36360, 375.509
 36420, 389.768
 36480, 372.154
 36540, 375.299
 36600, 372.798
 36660, 374.070
 36720, 379.963
 36780, 390.986
 36840, 382.817
 36900, 378.499
 36960, 385.802
 37020, 397.545
 37080, 400.098
 37140, 398.453
 37200, 389.251
 37260, 388.922
 37320, 396.719
 37380, 403.497
 37440, 403.769
 37500, 405.526
 37560, 410.176
 37620, 424.239
 37680, 434.052
 37740, 423.092
 37800, 430.837
 37860, 435.037
 37920, -9999.000
 37980, 420.095
 38040, 438.028
 38100, 426.971
 38160, 426.900
 38220, 434.966
 38280, 434.567
 38340, 426.883
 38400, 415.600
 38460, 431.737
 38520, 416.184
 38580, 415.345
 38640, 410.150
 38700, 400.755
 38760, 402.428
 38820, 403.814
 38880, 410.052
 38940, 391.139
 39000, 401.116
 39060, 401.640
 39120, 387.064
 39180, 385.277
 39240, 391.705
 39300, 397.012
 39360, 357.101
 39420, 347.436
 39480, 358.854
 39540, 359.074
 39600, 365.969
 39660, 371.292
 39720, 353.329
 39780, -9999.000
 39840, 364.063
 39900, 344.358
 39960, 356.505
 40020, 363.786
 40080, 359.009
 40140, 353.735
 40200, 358.192
 40260, 349.252
 40320, 350.184
 40380, 347.391
 40440, 351.772
 40500, 364.911
 40560, 362.287
 40620, 364.096
 40680, 361.746
 40740, 361.690
 40800, 363.049
 40860, 350.851
 40920, 371.497
 40980, 384.967
 41040, 379.036
 41100, 379.457
 41160, 383.679
 41220, 397.762
 41280, 461.229
 41340, 450.528
 41400, 456.539
 41460, 487.558
 41520, 490.964
 41580, 527.145
 41640, 463.377
 41700, 475.977
 41760, 493.298
 41820, 489.470
 41880, 462.103
 41940, 456.120
 42000, 465.847
 42060, 468.137
 42120, 473.804
 42180, 478.030
 42240, 493.929
 42300, 502.446
 42360, 504.772
 42420, 522.057
 42480, 505.141
 42540, 477.238
 42600, 484.437
 42660, 482.525
 42720, 472.274
 42780, 480.441
 42840, 523.842
 42900, 509.352
 42960, 480.225
 43020, 470.207
 43080, 506.023
 43140, 493.157
 43200, 485.030
 43260, 484.365
 43320, 470.749
 43380, 473.799
 43440, -9999.000
 43500, 478.225
 43560, 457.456
 43620, 459.879
 43680, 454.932
 43740, 462.351
 43800, 433.053
 43860, 445.076
 43920, 426.091
 43980, 434.637
 44040, 445.911
 44100, 414.913
 44160, 409.021
 44220, 406.652
 44280, 445.629
 44340, 411.017
 44400, 420.703
 44460, 429.616
 44520, 424.245
 44580, 404.730
 44640, 415.734
 44700, 394.886
 44760, 380.562
 44820, 399.430
 44880, 397.626
 44940, 407.731
 45000, 412.034
 45060, 425.778
 45120, 409.198
 45180, 416.852
 45240, 419.036
 45300, 425.174
 45360, 406.579
 45420, 385.676
 45480, 399.744
 45540, 378.383
 45600, 393.893
 45660, 414.825
 45720, 426.763
 45780, 422.856
 45840, 400.050
 45900, 407.679
 45960, 409.078
 46020, 360.904
 46080, 368.266
 46140, 376.822
 46200, 355.920
 46260, 355.833
 46320, 363.163
 46380, 347.967
 46440, 344.517
 46500, 342.133
 46560, 346.045
 46620, 340.199
 46680, 349.157
 46740, 346.265
 46800, 373.187
 46860, 480.202
 46920, 443.255
 46980, 405.549
 47040, 393.820
 47100, 393.730
 47160, -9999.000
 47220, 368.044
 47280, 353.278
 47340, 362.987
 47400, 362.886
 47460, 376.733
 47520, 381.123
 47580, 345.189
 47640, 362.800
 47700, 372.551
 47760, 368.149
 47820, 352.315
 47880, 356.232
 47940, 347.911
 48000, 352.280
 48060, 359.102
 48120, 376.634
 48180, 370.542
 48240, 361.310
 48300, 370.543
 48360, 376.558
 48420, 370.527
 48480, 370.148
 48540, 373.461
 48600, 379.678
 48660, 377.749
 48720, 381.975
 48780, 380.068
 48840, 401.957
 48900, 378.309
 48960, 398.436
 49020, 414.865
 49080, 420.799
 49140, 436.561
 49200, 412.509
 49260, 418.020
 49320, 444.667
 49380, 454.127
 49440, 455.836
 49500, 480.861
 49560, 494.892
 49620, 493.770
 49680, 499.867
 49740, 507.528
 49800, 514.753
 49860, 531.380
 49920, 548.209
 49980, 543.415
 50040, 545.908
 50100, 540.770
 50160, 527.394
 50220, 557.622
 50280, 528.401
 50340, 557.197
 50400, 566.392
 50460, 549.412
 50520, 549.164
 50580, 549.433
 50640, 525.571
 50700, 554.051
 50760, 562.861
 50820, 583.777
 50880, 583.729
 50940, 561.773
 51000, 545.857
 51060, 551.197
 51120, 551.743
 51180, 550.637
 51240, 524.000
 51300, 545.634
 51360, 602.984
 51420, 578.770
 51480, 552.722
 51540, 528.256
 51600, 485.502
 51660, 484.655
 51720, 508.510
 51780, 469.719
 51840, 485.178
 51900, 502.241
 51960, 503.045
 52020, 520.939
 52080, 523.325
 52140, 529.457
 52200, 517.725
 52260, 507.038
 52320, 490.147
 52380, 488.737
 52440, 501.646
 52500, 491.403
 52560, 478.735
 52620, 488.923
 52680, 507.087
 52740, 565.015
 52800, 570.194
 52860, 562.633
 52920, 596.531
 52980, 588.913
 53040, 581.455
 53100, 570.931
 53160, 567.834
 53220, 583.421
 53280, 613.823
 53340, 616.127
 53400, 614.384
 53460, 609.257
 53520, 592.126
 53580, 578.614
 53640, 610.164
 53700, 614.432
 53760, 624.623
 53820, 601.431
 53880, 588.640
 53940, 605.305
 54000, 596.697
 54060, 611.927
 54120, 589.763
 54180, 595.715
 54240, 594.321
 54300, 597.446
 54360, 591.993
 54420, 598.722
 54480, 594.441
 54540, -9999.000
 54600, 597.639
 54660, 594.311
 54720, 602.710
 54780, 620.179
 54840, 618.688
 54900, 582.339
 54960, 562.514
 55020, 551.937
 55080, 568.779
 55140, 577.494
 55200, 547.654
 55260, 564.219
 55320, 557.821
 55380, 573.490
 55440, 562.856
 55500, 574.097
 55560, 585.794
 55620, 596.294
 55680, 614.765
 55740, 641.758
 55800, 615.060
 55860, 618.599
 55920, 639.874
 55980, 639.937
 56040, 630.688
 56100, 616.449
 56160, 634.342
 56220, 623.632
 56280, 613.406
 56340, 610.232
 56400, -9999.000
 56460, 684.671
 56520, 656.506
 56580, 651.078
 56640, 628.868
 56700, 642.651
 56760, 668.859
 56820, 689.157
 56880, 647.475
 56940, 645.739
 57000, 691.691
 57060, 677.030
 57120, 718.199
 57180, 701.921
 57240, 691.428
 57300, 670.015
 57360, 650.901
 57420, 667.144
 57480, 633.177
 57540, 634.802
 57600, 617.254
 57660, 618.732
 57720, 657.964
 57780, 670.310
 57840, 632.031
 57900, 607.061
 57960, 610.092
 58020, 623.410
 58080, 605.350
 58140, 608.449
 58200, 596.868
 58260, -9999.000
 58320, 647.307
 58380, 641.420
 58440, 645.395
 58500, 624.196
 58560, 619.362
 58620, 595.603
 58680, 566.044
 58740, 577.668
 58800, 557.340
 58860, 529.194
 58920, 523.458
 58980, 520.354
 59040, 481.463
 59100, 442.814
 59160, 432.159
 59220, 438.589
 59280, 471.170
 59340, 476.435
 59400, 463.630
 59460, 817.551
 59520, 574.698
 59580, 565.202
 59640, 537.039
 59700, 543.397
 59760, 537.153
