CampaignData_and_Merges/R0/CSL_MobileLab_Parked/raw/20240813/USOS-NOAAIodideCIMS-Halogens_MobileLabGround_20240813_RA.ict
38, 1001
Michael A Robinson, Chris Jernigan, Subi Thakali
NOAA ESRL Chemical Sciences Laboratory and CIRES, U. of Colorado
NOAA Iodide CIMS Instrument
USOS
1, 1
2024, 08, 13, 2024, 08, 15
1
starttime_UTC, seconds_past_midnight, seconds_of_day_since_00:00:00_UTC
6
1, 1, 1, 1, 1, 1
-9999, -9999, -9999, -9999, -9999, -9999
Br2_NOAACIMS, pptv, Gas_Br2_InSitu_S_AVMR, 
BrO_NOAACIMS, pptv, Gas_BrO_InSitu_S_AVMR, 
Cl2_NOAACIMS, pptv, Gas_Cl2_InSitu_S_AVMR, 
ClNO2_NOAACIMS, pptv, Gas_ClNO2_InSitu_S_AVMR, 
BrCl_NOAACIMS, pptv, Gas_BrCl_InSitu_S_AVMR, 
NCl3_NOAACIMS, pptv, Gas_NCl3_InSitu_S_AVMR, 
0
18
PI_CONTACT_INFO: 325 Broadway, R/CSD 7, Boulder, Colorado 80305; michael.a.robinson@noaa.gov; chris.jernigan@noaa.gov;
PLATFORM: NOAA CSL Mobile Lab
LOCATION: SLC, Utah
ASSOCIATED_DATA: 1Hz data also available on request.
INSTRUMENT_INFO: NOAA I- ToF CIMS
DATA_INFO: All data in parts per trillion by volume (pptv). 1 Hz data is available upon request.
UNCERTAINTY: TBD
ULOD_FLAG: -7777
ULOD_VALUE: N/A
LLOD_FLAG: -8888
LLOD_VALUE: N/A
DM_CONTACT_INFO: Nathan Howard; nathan.h.howard@noaa.gov
PROJECT_INFO: USOS, summer 2024. https://csl.noaa.gov/groups/csl7/measurements/2024usos/
STIPULATIONS_ON_USE: Users are strongly encouraged to contact the PI for proper data usage.
OTHER_COMMENTS: 
REVISION: RA
RA: Preliminary Data; For in-field use only
starttime_UTC, Br2_NOAACIMS, BrO_NOAACIMS, Cl2_NOAACIMS, ClNO2_NOAACIMS, BrCl_NOAACIMS, NCl3_NOAACIMS
[from data line 1158]
 69480,  0.987, -0.084,  0.640,  0.127,  0.115, -0.019
 69540,  1.015, -0.055,  0.633,  0.105,  0.157, -0.008
 69600,  0.832, -0.047,  0.637,  0.112,  0.123, -0.034
 69660,  1.012, -0.061,  0.592,  0.082,  0.143, -0.028
 69720,  0.966,  0.008,  0.651,  0.120,  0.159, -0.060
 69780,  0.962, -0.035,  0.626,  0.113,  0.119, -0.018
 69840,  0.894,  0.014,  0.595,  0.081,  0.144, -0.008
 69900,  0.931, -0.026,  0.688,  0.107,  0.169,  0.087
 69960,  0.912, -0.031,  0.531,  0.131,  0.147,  0.064
 70020,  0.995,  0.061,  0.694,  0.116,  0.115, -0.022
 70080,  0.911, -0.026,  0.607,  0.122,  0.160, -0.017
 70140,  0.928, -0.051,  0.570,  0.105,  0.109,  0.074
 70200,  0.922,  0.021,  0.671,  0.123,  0.125,  0.038
 70260,  0.926, -0.008,  0.543,  0.139,  0.101,  0.021
 70320,  1.035,  0.023,  0.581,  0.094,  0.139,  0.066
 70380,  0.835,  0.017,  0.732,  0.117,  0.129,  0.066
 70440,  0.856, -0.016,  0.537,  0.140,  0.092,  0.056
 70500,  0.855,  0.050,  0.572,  0.125,  0.108,  0.049
 70560,  0.877,  0.005,  0.626,  0.111,  0.126,  0.089
 70620,  0.969, -0.028,  0.623,  0.141,  0.112,  0.048
 70680,  0.959,  0.042,  0.648,  0.114,  0.123,  0.091
 70740,  0.885,  0.042,  0.611,  0.115,  0.176,  0.104
 70800,  0.899,  0.084,  0.555,  0.084,  0.100,  0.081
 70860,  0.875,  0.000,  0.615,  0.118,  0.126,  0.084
 70920,  0.926,  0.038,  0.682,  0.126,  0.156,  0.126
 70980,  0.896,  0.014,  0.693,  0.142,  0.155,  0.093
 71040,  0.904,  0.060,  0.670,  0.108,  0.140,  0.086
 71100,  0.773,  0.009,  0.595,  0.099,  0.109,  0.146
 71160,  0.864,  0.071,  0.794,  0.179,  0.102,  0.215
 71220,  0.955,  0.014,  0.799,  0.113,  0.136,  0.048
 71280,  0.884,  0.039,  0.658,  0.124,  0.130,  0.117
 71340,  0.970,  0.092,  0.756,  0.143,  0.141,  0.088
 71400,  0.903,  0.017,  0.711,  0.141,  0.180,  0.053
 71460,  0.888,  0.058,  0.674,  0.117,  0.118,  0.128
 71520,  0.855,  0.058,  0.615,  0.101,  0.146,  0.141
 71580,  0.957,  0.035,  0.649,  0.110,  0.123,  0.099
 71640,  0.927,  0.048,  0.646,  0.129,  0.143,  0.107
 71700,  0.957,  0.024,  0.749,  0.092,  0.119,  0.088
 71760,  0.817,  0.028,  0.709,  0.120,  0.117,  0.055
 71820,  0.827,  0.079,  0.673,  0.135,  0.116,  0.064
 71880,  0.898,  0.089,  0.691,  0.135,  0.158,  0.099
 71940,  0.872,  0.062,  0.734,  0.102,  0.131,  0.078
 72000,  0.889, -0.016,  0.804,  0.144,  0.131,  0.024
 72060,  0.861,  0.021,  0.641,  0.125,  0.180,  0.023
 72120,  0.777,  0.005,  0.633,  0.096,  0.120,  0.049
 72180,  0.846,  0.041,  0.705,  0.101,  0.161,  0.084
 72240,  0.787,  0.112,  0.622,  0.128,  0.124,  0.091
 72300,  0.940,  0.062,  0.755,  0.112,  0.148,  0.061
 72360,  0.817,  0.033,  0.633,  0.104,  0.114,  0.053
 72420,  0.904,  0.058,  0.607,  0.081,  0.170,  0.027
 72480,  0.841,  0.048,  0.667,  0.121,  0.089,  0.121
 72540,  0.779,  0.058,  0.620,  0.108,  0.111,  0.063
 72600,  0.946,  0.030,  0.689,  0.115,  0.150,  0.066
 72660,  0.835, -0.012,  0.661,  0.108,  0.173,  0.016
 72720,  0.917,  0.034,  0.758,  0.152,  0.138,  0.110
 72780,  0.958,  0.088,  0.686,  0.101,  0.106,  0.076
 72840,  0.883, -0.011,  0.615,  0.120,  0.108,  0.020
 72900,  0.977, -0.008,  0.629,  0.105,  0.155,  0.074
 72960,  0.769,  0.027,  0.675,  0.117,  0.141,  0.033
 73020, -9999.000, -9999.000, -9999.000, -9999.000, -9999.000, -9999.000
 73080,  0.589,  0.116,  0.637,  0.060,  0.093,  0.041
 73140,  0.842,  0.017,  0.581,  0.091,  0.126,  0.001
 73200,  0.845,  0.023,  0.609,  0.114,  0.154,  0.078
 73260,  0.828,  0.078,  0.620,  0.089,  0.129,  0.040
 73320,  0.805,  0.131,  0.623,  0.086,  0.120,  0.067
 73380,  0.871, -0.024,  0.640,  0.097,  0.155,  0.125
 73440,  0.803,  0.025,  0.644,  0.100,  0.160,  0.055
 73500,  0.883,  0.055,  0.651,  0.107,  0.120,  0.021
 73560,  0.895,  0.041,  0.542,  0.148,  0.151,  0.068
 73620,  0.930,  0.043,  0.598,  0.076,  0.126,  0.035
 73680,  0.844,  0.064,  0.646,  0.113,  0.181,  0.083
 73740,  0.895,  0.095,  0.572,  0.091,  0.165,  0.071
 73800,  0.894,  0.071,  0.647,  0.126,  0.177,  0.011
 73860,  0.933, -0.023,  0.751,  0.095,  0.165,  0.115
 73920,  0.905,  0.032,  0.757,  0.108,  0.141,  0.081
 73980,  0.919,  0.045,  0.651,  0.105,  0.174,  0.108
 74040,  0.977,  0.119,  0.634,  0.106,  0.190,  0.031
 74100,  1.024,  0.034,  0.726,  0.131,  0.163,  0.081
 74160,  0.820,  0.028,  0.675,  0.090,  0.156,  0.078
 74220,  0.952,  0.055,  0.670,  0.095,  0.195,  0.086
 74280,  0.917,  0.024,  0.636,  0.098,  0.159,  0.045
 74340,  0.929,  0.017,  0.674,  0.122,  0.162,  0.125
 74400,  0.910,  0.026,  0.771,  0.133,  0.155,  0.093
 74460,  1.031,  0.033,  0.706,  0.113,  0.181,  0.104
 74520,  0.921, -0.005,  0.702,  0.092,  0.174,  0.129
 74580,  0.962,  0.074,  0.633,  0.141,  0.129,  0.044
 74640,  1.012,  0.016,  0.662,  0.077,  0.196,  0.114
 74700,  0.860,  0.083,  0.718,  0.089,  0.199,  0.090
 74760,  0.939,  0.070,  0.714,  0.118,  0.205,  0.067
 74820,  0.999,  0.004,  0.703,  0.132,  0.194,  0.080
 74880, -9999.000, -9999.000, -9999.000, -9999.000, -9999.000, -9999.000
 74940,  0.789,  0.085,  0.668,  0.111,  0.189,  0.123
 75000,  1.019,  0.010,  0.605,  0.063,  0.217,  0.092
 75060,  0.924,  0.071,  0.696,  0.118,  0.200,  0.121
 75120,  1.003,  0.038,  0.627,  0.128,  0.172,  0.079
 75180,  1.009, -0.007,  0.690,  0.074,  0.204,  0.174
 75240,  0.855,  0.101,  0.703,  0.133,  0.226,  0.115
 75300,  0.877, -0.004,  0.741,  0.069,  0.176,  0.103
 75360,  1.013,  0.095,  0.716,  0.125,  0.158,  0.094
 75420,  0.951,  0.141,  0.745,  0.096,  0.180,  0.073
 75480,  0.976,  0.087,  0.707,  0.104,  0.179,  0.092
 75540,  1.043,  0.015,  0.786,  0.119,  0.195,  0.074
 75600,  0.832,  0.083,  0.768,  0.095,  0.214,  0.094
 75660,  0.943,  0.048,  0.711,  0.146,  0.181,  0.089
 75720,  0.894,  0.055,  0.755,  0.101,  0.188,  0.089
 75780,  0.864,  0.112,  0.791,  0.120,  0.201,  0.131
 75840,  0.893,  0.107,  0.850,  0.088,  0.186,  0.034
 75900,  0.899,  0.108,  0.745,  0.113,  0.202,  0.075
 75960,  0.888,  0.015,  0.706,  0.066,  0.247,  0.056
 76020,  1.010,  0.004,  0.768,  0.126,  0.248,  0.112
 76080,  0.893,  0.075,  0.652,  0.085,  0.216,  0.033
 76140,  0.910,  0.031,  0.897,  0.104,  0.238,  0.082
 76200,  0.947,  0.079,  0.911,  0.137,  0.171,  0.052
 76260,  0.951,  0.045,  0.796,  0.075,  0.205,  0.046
 76320,  1.036,  0.080,  0.714,  0.096,  0.188, -0.008
 76380,  0.959,  0.104,  0.819,  0.103,  0.197,  0.119
 76440,  0.875,  0.045,  0.763,  0.081,  0.159,  0.044
 76500,  0.934,  0.083,  0.795,  0.111,  0.228,  0.095
 76560,  0.881,  0.080,  0.795,  0.106,  0.245,  0.011
 76620,  0.941,  0.100,  0.815,  0.097,  0.194,  0.035
 76680,  0.846,  0.082,  0.740,  0.056,  0.160,  0.080
 76740, -9999.000, -9999.000, -9999.000, -9999.000, -9999.000, -9999.000
 76800,  0.969,  0.031,  0.744,  0.083,  0.254,  0.031
 76860,  0.996,  0.056,  0.798,  0.106,  0.191,  0.027
 76920,  0.938,  0.132,  0.841,  0.100,  0.223,  0.059
 76980,  1.062,  0.022,  0.800,  0.082,  0.170,  0.048
 77040,  1.028,  0.070,  0.784,  0.101,  0.222,  0.044
 77100,  0.930,  0.062,  0.861,  0.094,  0.195,  0.087
 77160,  1.017,  0.032,  0.750,  0.081,  0.220,  0.025
 77220,  0.911,  0.040,  0.780,  0.088,  0.168,  0.033
 77280,  0.936,  0.044,  0.794,  0.099,  0.198,  0.074
 77340,  0.935,  0.067,  0.781,  0.090,  0.203,  0.127
 77400,  0.939,  0.066,  0.869,  0.081,  0.214,  0.095
 77460,  1.038,  0.042,  0.867,  0.123,  0.186,  0.099
 77520,  0.947,  0.020,  0.926,  0.111,  0.167,  0.028
 77580,  0.905,  0.057,  0.871,  0.120,  0.226,  0.087
 77640,  0.969,  0.005,  0.800,  0.091,  0.227,  0.006
 77700,  0.984, -0.004,  0.858,  0.104,  0.172,  0.054
 77760,  0.959,  0.017,  0.839,  0.097,  0.197,  0.100
 77820,  1.102, -0.003,  0.873,  0.097,  0.176,  0.045
 77880,  0.939,  0.029,  0.902,  0.088,  0.197,  0.061
 77940,  0.951,  0.038,  0.805,  0.083,  0.177,  0.091
 78000,  0.904,  0.035,  0.860,  0.134,  0.221,  0.009
 78060,  0.976,  0.001,  0.776,  0.097,  0.175,  0.022
 78120,  1.020,  0.047,  0.858,  0.091,  0.194,  0.076
 78180,  0.879, -0.002,  0.833,  0.138,  0.184,  0.013
 78240,  0.953,  0.007,  0.803,  0.082,  0.169,  0.036
 78300,  0.937,  0.015,  0.890,  0.123,  0.166,  0.063
 78360,  1.040, -0.001,  0.886,  0.082,  0.138,  0.087
 78420,  0.905,  0.021,  0.914,  0.121,  0.166,  0.033
 78480,  1.077, -0.002,  0.973,  0.101,  0.155, -0.005
 78540,  1.180,  0.025,  0.882,  0.081,  0.128, -0.015
 78600,  0.874, -0.027,  0.895,  0.120,  0.084,  0.065
 78660,  0.980,  0.038,  0.764,  0.107,  0.163,  0.018
 78720,  1.085,  0.010,  0.934,  0.063,  0.196,  0.054
 78780,  1.023, -0.025,  0.856,  0.080,  0.164,  0.043
 78840,  1.015,  0.037,  0.872,  0.107,  0.138,  0.055
 78900,  0.919,  0.074,  0.881,  0.086,  0.166,  0.044
 78960,  0.897,  0.027,  0.881,  0.104,  0.184,  0.051
 79020,  1.008,  0.019,  0.889,  0.090,  0.195,  0.065
 79080,  0.966,  0.105,  0.982,  0.094,  0.167,  0.050
 79140,  1.056,  0.028,  0.831,  0.119,  0.186,  0.024
 79200,  0.875,  0.045,  0.847,  0.085,  0.166,  0.002
 79260,  0.931,  0.042,  0.759,  0.102,  0.177, -0.000
 79320,  0.926,  0.038,  0.842,  0.090,  0.152,  0.062
 79380,  1.007,  0.128,  0.835,  0.092,  0.165,  0.008
 79440,  0.857,  0.003,  0.835,  0.088,  0.155,  0.025
 79500,  0.877,  0.035,  0.786,  0.062,  0.137,  0.029
 79560,  0.825,  0.082,  0.831,  0.103,  0.146,  0.011
 79620,  0.798,  0.014,  0.811,  0.059,  0.125, -0.030
 79680,  0.766,  0.032,  0.754,  0.119,  0.100,  0.019
 79740,  1.063,  0.145,  0.782,  0.071,  0.162,  0.013
 79800,  0.971,  0.050,  0.783,  0.100,  0.136,  0.043
 79860,  0.814,  0.034,  0.837,  0.093,  0.121,  0.012
 79920,  0.866,  0.089,  0.712,  0.076,  0.108,  0.006
 79980,  0.791,  0.032,  0.790,  0.082,  0.103,  0.002
 80040,  0.349, -0.011,  0.785,  0.064,  0.001, -0.019
 80100,  0.883,  0.070,  0.730,  0.071,  0.091, -0.008
 80160,  0.900,  0.081,  0.806,  0.102,  0.122,  0.092
 80220,  0.912,  0.059,  0.875,  0.084,  0.151,  0.016
 80280,  0.815,  0.115,  0.805,  0.065,  0.133,  0.038
 80340,  0.920,  0.048,  0.878,  0.081,  0.122,  0.026
 80400, -9999.000, -9999.000, -9999.000, -9999.000, -9999.000, -9999.000
 80460,  0.921,  0.062,  0.621,  0.089,  0.210, -0.061
 80520,  0.866,  0.094,  0.757,  0.131,  0.141,  0.005
 80580,  0.978,  0.137,  0.806,  0.091,  0.145,  0.018
 80640,  0.919,  0.082,  0.685,  0.060,  0.103,  0.061
 80700,  0.851,  0.054,  0.741,  0.110,  0.122,  0.020
 80760,  0.759,  0.024,  0.875,  0.053,  0.089,  0.054
 80820,  0.853,  0.052,  0.827,  0.053,  0.167,  0.045
 80880,  0.691,  0.067,  0.662,  0.060,  0.093,  0.007
 80940,  0.886,  0.071,  0.766,  0.093,  0.156,  0.028
 81000,  1.001,  0.048,  0.810,  0.067,  0.161,  0.027
 81060,  1.021,  0.033,  0.810,  0.067,  0.168,  0.067
 81120,  0.563,  0.007,  0.769,  0.060,  0.101,  0.015
 81180,  0.955,  0.077,  0.829,  0.081,  0.161,  0.109
 81240,  0.973,  0.026,  0.846,  0.082,  0.136, -0.002
 81300,  1.090,  0.049,  0.817,  0.092,  0.204,  0.090
 81360,  1.114,  0.107,  0.835,  0.097,  0.171,  0.041
 81420,  1.065,  0.070,  0.854,  0.112,  0.197,  0.033
 81480,  1.046,  0.036,  0.753,  0.063,  0.198,  0.134
 81540,  1.137,  0.044,  0.774,  0.083,  0.187,  0.066
 81600,  1.143,  0.090,  0.724,  0.076,  0.183,  0.092
 81660,  1.066,  0.015,  0.739,  0.072,  0.187,  0.053
 81720,  1.048,  0.056,  0.845,  0.061,  0.179,  0.106
 81780,  0.917,  0.042,  0.648,  0.053,  0.168,  0.063
 81840,  1.100,  0.158,  0.741,  0.105,  0.245,  0.059
 81900,  1.043, -0.017,  0.699,  0.078,  0.193,  0.050
 81960,  1.082,  0.069,  0.782,  0.076,  0.158,  0.040
 82020,  1.114, -0.012,  0.775,  0.063,  0.218,  0.076
 82080,  1.136,  0.065,  0.785,  0.094,  0.244,  0.080
 82140,  1.130,  0.060,  0.719,  0.071,  0.151,  0.071
 82200,  1.054, -0.027,  0.718,  0.045,  0.201,  0.057
 82260, -9999.000, -9999.000, -9999.000, -9999.000, -9999.000, -9999.000
 82320,  1.094, -0.042,  0.758,  0.097,  0.205,  0.067
 82380,  1.169,  0.085,  0.746,  0.061,  0.183,  0.025
 82440,  0.992,  0.072,  0.636,  0.077,  0.159,  0.043
 82500,  0.900,  0.017,  0.765,  0.052,  0.155,  0.035
 82560,  0.997, -0.034,  0.707,  0.075,  0.148,  0.049
 82620,  0.961,  0.033,  0.739,  0.086,  0.182,  0.079
 82680,  1.129,  0.004,  0.688,  0.045,  0.125,  0.087
 82740,  1.017,  0.010,  0.757,  0.106,  0.171,  0.040
 82800,  0.922,  0.061,  0.790,  0.094,  0.185,  0.053
 82860,  0.906,  0.047,  0.758,  0.117,  0.142,  0.110
 82920,  1.051,  0.028,  0.794,  0.083,  0.202,  0.084
 82980,  1.029,  0.043,  0.820,  0.085,  0.169,  0.071
 83040,  0.911,  0.013,  0.703,  0.128,  0.147,  0.080
 83100,  0.936, -0.014,  0.767,  0.088,  0.171,  0.095
 83160,  0.908,  0.020,  0.797,  0.134,  0.150,  0.045
 83220,  1.004,  0.011,  0.716,  0.090,  0.130,  0.070
 83280,  0.992,  0.010,  0.768,  0.105,  0.166,  0.055
 83340,  1.045, -0.002,  0.667,  0.097,  0.156,  0.032
 83400,  0.937, -0.043,  0.771,  0.116,  0.153,  0.084
 83460,  0.931,  0.099,  0.759,  0.117,  0.162,  0.025
 83520,  0.906, -0.044,  0.667,  0.090,  0.181,  0.014
 83580,  0.900,  0.041,  0.630,  0.111,  0.119,  0.012
 83640,  0.907, -0.008,  0.764,  0.132,  0.155,  0.046
 83700,  0.921,  0.051,  0.735,  0.145,  0.181,  0.038
 83760,  0.922, -0.011,  0.746,  0.107,  0.141,  0.051
 83820,  0.815,  0.059,  0.601,  0.102,  0.148,  0.100
 83880,  0.791, -0.041,  0.696,  0.171,  0.161,  0.118
 83940,  0.822, -0.050,  0.673,  0.179,  0.102,  0.004
 84000,  0.842, -0.050,  0.688,  0.235,  0.139,  0.085
 84060,  0.696, -0.005,  0.539,  0.235,  0.157, -0.027
 84120, -9999.000, -9999.000, -9999.000, -9999.000, -9999.000, -9999.000
 84180,  0.890, -0.018,  0.582,  0.253,  0.115,  0.021
 84240,  0.872,  0.020,  0.498,  0.253,  0.096,  0.520
 84300,  0.767, -0.005,  0.565,  0.267,  0.099,  0.745
 84360,  0.781, -0.013,  0.618,  0.306,  0.113,  1.183
 84420,  0.702,  0.027,  0.591,  0.372,  0.073,  2.288
 84480,  0.772,  0.075,  0.609,  0.270,  0.092,  1.766
 84540,  0.725,  0.051,  0.686,  0.246,  0.083,  0.866
 84600,  0.730,  0.008,  0.602,  0.253,  0.093,  1.087
 84660,  0.667,  0.104,  0.615,  0.225,  0.104,  1.279
 84720,  0.646,  0.014,  0.514,  0.259,  0.097,  1.510
 84780,  0.652,  0.026,  0.571,  0.278,  0.093,  1.528
 84840,  0.599,  0.032,  0.570,  0.283,  0.104,  1.308
 84900,  0.635,  0.018,  0.570,  0.302,  0.099,  1.323
 84960,  0.479,  0.055,  0.549,  0.312,  0.042,  1.314
 85020,  0.613,  0.083,  0.515,  0.313,  0.053,  1.246
 85080,  0.681,  0.013,  0.438,  0.237,  0.080,  1.074
 85140,  0.638,  0.076,  0.548,  0.276,  0.080,  1.038
 85200,  0.523,  0.056,  0.509,  0.246,  0.074,  0.847
 85260,  0.572,  0.073,  0.524,  0.215,  0.068,  0.587
 85320,  0.584,  0.084,  0.467,  0.241,  0.092,  0.600
 85380,  0.598,  0.064,  0.553,  0.214,  0.076,  0.810
 85440,  0.478,  0.129,  0.510,  0.210,  0.088,  1.077
 85500,  0.416,  0.096,  0.449,  0.303,  0.084,  1.318
 85560,  0.464,  0.070,  0.487,  0.334,  0.058,  1.724
 85620,  0.501,  0.081,  0.614,  0.277,  0.058,  2.131
 85680,  0.554,  0.116,  0.555,  0.343,  0.068,  1.877
 85740,  0.519,  0.077,  0.468,  0.268,  0.042,  1.150
 85800,  0.475,  0.084,  0.401,  0.196,  0.053,  0.576
 85860,  0.496,  0.013,  0.440,  0.161,  0.051,  0.360
 85920,  0.419,  0.077,  0.332,  0.168,  0.061,  0.435
 85980,  0.377,  0.028,  0.500,  0.179,  0.066,  0.715
 86040,  0.388,  0.086,  0.414,  0.282,  0.061,  0.597
 86100,  0.415,  0.065,  0.344,  0.244,  0.036,  0.443
 86160,  0.377,  0.043,  0.308,  0.235,  0.059,  0.665
 86220,  0.303,  0.137,  0.318,  0.179,  0.062,  0.575
 86280,  0.494,  0.061,  0.302,  0.309,  0.060,  0.430
 86340,  0.445,  0.015,  0.266,  0.453,  0.018,  0.309
