CampaignData_and_Merges/R0/CSL_MobileLab_Parked/raw/20240813/USOS-HCHO_MobileLabGround_20240813_R0.ict
35,1001
Huang, Yaoxian
Wayne State University
Picarro G2307 on CSL Mobile Lab
USOS
1,1
2024,08,13,2024,08,15
1.0
Time_Start,seconds_since_midnight,number_of_seconds_since_0000_UTC
3
1.0,1.0,1.0
-9999.0,-9999.0,-9999.0
HCHO,ppbv,Gas_HCHO_InSitu_S_AVMR,volume mixing ratio of formaldehyde in air
H2O,ppmv,Gas_H2O_InSitu_S_AVMR,volume mixing ratio of water vapor in air
CH4,ppmv,Gas_CH4_InSitu_S_AVMR,volume mixing ratio of methane in air
0
18
PI_CONTACT_INFO: yaoxian.huang@wayne.edu
PLATFORM: CSL Mobile Lab, at Ground Site
LOCATION: Salt Lake City, UT
ASSOCIATED_DATA: N/A
INSTRUMENT_INFO: Cavity Ring-Down Spectrometer
DATA_INFO: Data is averaged to 1 minute intervals for stationary and 1 second interval for driving. Stationary data collected from a 20 ft tower on top of the mobile lab.
UNCERTAINTY: N/A
ULOD_FLAG: -7777
ULOD_VALUE: N/A
LLOD_FLAG: -8888
LLOD_VALUE: N/A
DM_CONTACT_INFO: Yaoxian Huang; yaoxian.huang@wayne.edu
PROJECT_INFO: USOS, Summer 2024. https://csl.noaa.gov/groups/csl7/measurements/2024usos/
STIPULATIONS_ON_USE: Users are strongly encouraged to contact the PI for proper data usage.
OTHER_COMMENTS: Data have been shifted backwards by 1 minute to align with USOS MetNav and Picarro GHG data.
REVISION: R0
R0: Final Data
Time_Start,HCHO,H2O,CH4
[from data line 531]
31860,0.433248,16963.8,1.87964
31920,0.525198,16996.9,1.88232
31980,0.617202,16883.0,1.88127
32040,0.222599,16818.5,1.88168
32100,0.561977,16808.8,1.87894
32160,0.619117,16823.1,1.87918
32220,0.487213,16760.2,1.8789
32280,0.45911,16858.6,1.88088
32340,0.517925,16811.3,1.87927
32400,0.442357,16848.2,1.87987
32460,0.337393,16769.5,1.87922
32520,0.490592,16795.1,1.88223
32580,0.497332,16723.9,1.88067
32640,0.594471,16748.7,1.87973
32700,0.388773,16717.7,1.88128
32760,0.17412,16818.4,1.88128
32820,0.35071,16744.1,1.87992
32880,0.500481,16644.8,1.88075
32940,0.271778,16576.3,1.87887
33000,0.30959,16607.8,1.88283
33060,0.398373,16698.6,1.88136
33120,0.585139,16822.3,1.87949
33180,0.593091,16965.5,1.88129
33240,0.479469,17030.3,1.87988
33300,0.49154,17010.5,1.88302
33360,0.451656,17027.0,1.8828
33420,0.483129,16913.4,1.8801
33480,0.263132,16982.8,1.88109
33540,0.260094,17058.5,1.88056
33600,0.478699,17083.4,1.88304
33660,0.4975,17165.1,1.88078
33720,0.490603,17290.4,1.88195
33780,0.49604,17411.2,1.8831
33840,0.486073,17490.3,1.88231
33900,0.458352,17556.8,1.88517
33960,0.526588,17565.5,1.88317
34020,0.331417,17565.7,1.88386
34080,0.593359,17634.1,1.88577
34140,0.417379,17619.2,1.88289
34200,0.520026,17474.2,1.88183
34260,0.714678,17484.4,1.88355
34320,0.377162,17419.5,1.88366
34380,0.520172,17228.4,1.88226
34440,0.539882,17102.5,1.88294
34500,0.375768,16985.8,1.88315
34560,0.603446,16908.7,1.88225
34620,0.518499,16882.8,1.88431
34680,0.361513,16806.8,1.88137
34740,0.68326,16865.9,1.88326
34800,0.521704,16862.3,1.88632
34860,0.618061,16811.4,1.88512
34920,0.498033,16882.2,1.88476
34980,0.77441,16851.8,1.88307
35040,0.467093,16882.1,1.88234
35100,0.42867,16950.9,1.88321
35160,0.38054,17064.3,1.88314
35220,0.497417,17188.0,1.88195
35280,0.46968,17307.5,1.88451
35340,0.383926,17465.7,1.88242
35400,0.613056,17554.0,1.8842
35460,0.549668,17623.4,1.88424
35520,0.525238,17697.9,1.88583
35580,0.570713,17729.1,1.88845
35640,0.658764,17879.4,1.88495
35700,0.416765,17973.5,1.88645
35760,0.711321,17978.6,1.88457
35820,0.458888,18078.3,1.8848
35880,0.467107,18167.2,1.88612
35940,0.65704,18296.1,1.88564
36000,0.382336,18488.4,1.88783
36060,0.429454,18728.9,1.8869
36120,0.7367,18871.1,1.88928
36180,0.727186,18852.6,1.88981
36240,0.666464,18870.9,1.88994
36300,0.494241,18860.1,1.88902
36360,0.470655,18891.0,1.8916
36420,0.445832,18845.1,1.88993
36480,0.453712,18951.7,1.89042
36540,0.407432,18967.8,1.88912
36600,0.481314,18991.8,1.89187
36660,0.620082,19040.1,1.89365
36720,0.546266,19030.0,1.89198
36780,0.428795,19026.4,1.89431
36840,0.553147,18982.5,1.89328
36900,0.442463,19132.6,1.88983
36960,0.53262,19056.9,1.89341
37020,0.600701,19072.1,1.89329
37080,0.565177,19035.9,1.89497
37140,0.6162,19094.0,1.88925
37200,0.743049,19110.3,1.89051
37260,0.610713,19128.4,1.89166
37320,0.736464,19169.3,1.8918
37380,0.59708,19138.4,1.89194
37440,0.788599,19253.1,1.89434
37500,0.653934,19205.5,1.89384
37560,0.561252,19184.3,1.8936
37620,0.643205,19180.4,1.89131
37680,0.704797,19202.8,1.89323
37740,0.647923,19176.0,1.89202
37800,0.507716,19188.5,1.89251
37860,0.606657,19176.9,1.89518
37920,0.499783,19209.0,1.89359
37980,0.636661,19205.9,1.89468
38040,0.592885,19235.7,1.89714
38100,0.289528,19094.1,1.89717
38160,0.803066,18838.5,1.89525
38220,0.489827,18871.3,1.89358
38280,0.588187,18949.4,1.89399
38340,0.84431,19017.9,1.89446
38400,0.846889,19099.1,1.89272
38460,0.49376,19107.2,1.89056
38520,0.716342,19217.3,1.89503
38580,0.543965,19163.3,1.8929
38640,0.620195,19172.6,1.89141
38700,0.503897,19045.5,1.89063
38760,0.543263,19034.2,1.89014
38820,0.495012,18912.4,1.88784
38880,0.481532,18895.3,1.89137
38940,0.4917,18844.8,1.88573
39000,0.511767,18780.5,1.88809
39060,0.54429,18871.2,1.88768
39120,0.684448,18698.8,1.88951
39180,0.282383,18674.7,1.88613
39240,0.632713,18653.4,1.88871
39300,0.677812,18614.6,1.88828
39360,0.546971,18588.9,1.88853
39420,0.569841,18493.2,1.88776
39480,0.447554,18477.1,1.88527
39540,0.603151,18435.4,1.88903
39600,0.697993,18435.4,1.88501
39660,0.474015,18496.1,1.89201
39720,0.726397,18492.5,1.88826
39780,0.715039,18462.1,1.89151
39840,0.66623,18437.9,1.88805
39900,0.703507,18373.6,1.88307
39960,0.373458,18356.9,1.88511
40020,0.411638,18380.3,1.89077
40080,0.605222,18462.0,1.88875
40140,0.764865,18364.4,1.88689
40200,0.574947,18360.2,1.88488
40260,0.787028,18335.3,1.8891
40320,0.466865,18314.9,1.88635
40380,0.727944,18256.8,1.88798
40440,0.706011,18290.4,1.88916
40500,0.451746,18273.1,1.88737
40560,0.6505,18248.5,1.88765
40620,0.597146,18221.3,1.88637
40680,0.715063,18216.4,1.88686
40740,0.592244,18181.6,1.88619
40800,0.531236,18244.5,1.88843
40860,0.694344,18290.2,1.88622
40920,0.711067,18339.1,1.88733
40980,0.664809,18293.3,1.88918
41040,0.572422,18292.8,1.88748
41100,0.594476,18289.3,1.88692
41160,0.563569,18206.0,1.88372
41220,0.646649,18300.6,1.88581
41280,0.807971,18418.2,1.88917
41340,0.69741,18470.6,1.88762
41400,0.680485,18381.4,1.88878
41460,0.899748,18419.0,1.8934
41520,0.860163,18454.1,1.89257
41580,0.740911,18490.8,1.89378
41640,0.643812,18456.5,1.89523
41700,0.811721,18304.1,1.89296
41760,17.0866,18479.9,1.87028
41820,0.820344,18379.3,1.8955
41880,0.634298,18291.9,1.89198
41940,0.947893,18298.6,1.88968
42000,0.793,18356.8,1.89552
42060,0.84778,18476.9,1.89795
42120,0.746332,18432.3,1.90087
42180,0.626542,18461.8,1.899
42240,0.906823,18426.6,1.90178
42300,0.784041,18484.6,1.90198
42360,0.74098,18549.9,1.8971
42420,0.84087,18450.0,1.90425
42480,0.746196,18354.5,1.89942
42540,0.473187,18283.1,1.89662
42600,0.836132,18246.3,1.89423
42660,0.642169,18313.2,1.89228
42720,0.855573,18203.7,1.89597
42780,0.940149,18210.6,1.89413
42840,0.852368,18263.2,1.89595
42900,0.982987,18355.0,1.89751
42960,0.685556,18225.1,1.8961
43020,0.692772,18128.0,1.89383
43080,0.70402,18144.4,1.89418
43140,0.891647,18144.7,1.89651
43200,0.573483,18135.0,1.89647
43260,1.03273,18126.0,1.89974
43320,0.762809,18038.8,1.89701
43380,0.650577,17985.0,1.89777
43440,0.77047,17918.1,1.8963
43500,0.535411,17938.9,1.89665
43560,0.686749,17907.4,1.89516
43620,0.70504,17909.9,1.89442
43680,0.970702,17942.0,1.89283
43740,0.530617,18006.7,1.89598
43800,0.761724,18030.0,1.89342
43860,0.64851,18090.1,1.89674
43920,0.696491,18152.0,1.89739
43980,0.684656,18190.8,1.89738
44040,0.521928,18210.0,1.90063
44100,0.604161,18375.4,1.90128
44160,0.587405,18452.7,1.90373
44220,0.48261,18552.8,1.90393
44280,0.390423,18676.7,1.90532
44340,0.612855,18707.8,1.90548
44400,0.565551,18720.6,1.90821
44460,0.815706,18791.8,1.90688
44520,0.595182,18781.9,1.90733
44580,0.558784,18745.3,1.90342
44640,0.844766,18712.9,1.90313
44700,0.529037,18724.7,1.90723
44760,0.634083,18673.6,1.90604
44820,0.396706,18632.5,1.90185
44880,0.55579,18684.7,1.90401
44940,0.546985,18689.4,1.90247
45000,0.652764,18723.1,1.90431
45060,0.796676,18660.7,1.90292
45120,0.652257,18634.6,1.9045
45180,0.604178,18697.7,1.90088
45240,0.663016,18685.7,1.89924
45300,0.889481,18712.5,1.90076
45360,0.816585,18608.4,1.8959
45420,0.734186,18588.7,1.89839
45480,0.44736,18516.7,1.89516
45540,0.506982,18540.5,1.89752
45600,0.656905,18458.1,1.89484
45660,0.32961,18566.2,1.89219
45720,0.677684,18554.5,1.89639
45780,0.685479,18573.3,1.89336
45840,0.474643,18615.5,1.89524
45900,0.76987,18507.8,1.89475
45960,0.723185,18493.6,1.89763
46020,0.380369,18214.7,1.8928
46080,0.650354,18323.4,1.89509
46140,0.363139,18314.6,1.89131
46200,0.572889,18361.6,1.8937
46260,0.495742,18316.0,1.89092
46320,0.608181,18491.2,1.89472
46380,0.668361,18365.5,1.89025
46440,0.538673,18362.9,1.89129
46500,0.82625,18338.9,1.89348
46560,0.528782,18248.9,1.89039
46620,0.48297,18239.1,1.89075
46680,0.830105,18330.2,1.89344
46740,0.405292,18522.7,1.89113
46800,0.805211,18417.7,1.88973
46860,0.57943,18412.2,1.89001
46920,0.773156,18569.6,1.88807
46980,0.492683,18600.3,1.89217
47040,0.729052,18584.1,1.89218
47100,0.576789,18474.7,1.89037
47160,0.588834,18451.8,1.88954
47220,0.700731,18589.1,1.89015
47280,0.789929,18628.0,1.89245
47340,0.558558,18580.2,1.88978
47400,0.609973,18553.4,1.89257
47460,0.75459,18620.7,1.89423
47520,0.844419,18674.8,1.8927
47580,0.558315,18603.9,1.89087
47640,0.560891,18587.9,1.88965
47700,0.643518,18612.4,1.8915
47760,0.582881,18768.6,1.89296
47820,0.711565,18606.9,1.89208
47880,0.657239,18626.2,1.88975
47940,0.663107,18697.5,1.89331
48000,0.788988,18695.7,1.89227
48060,0.761882,18704.3,1.89551
48120,0.689713,18858.5,1.89482
48180,0.780754,18763.1,1.8966
48240,0.657319,18664.7,1.89606
48300,0.807634,18754.1,1.89528
48360,0.75262,18815.3,1.89626
48420,0.827581,18783.9,1.89754
48480,0.873334,18784.0,1.89811
48540,0.959316,18829.7,1.89701
48600,0.631293,18928.5,1.89812
48660,0.677567,18850.2,1.89827
48720,0.718685,18862.1,1.89813
48780,0.756721,18868.0,1.89517
48840,0.889152,18958.8,1.89596
48900,0.668176,18983.8,1.90157
48960,0.96176,18918.8,1.89903
49020,0.855608,19109.6,1.90345
49080,0.859486,19090.4,1.90186
49140,0.746714,19115.2,1.89779
49200,1.02915,18997.1,1.90096
49260,0.839509,18935.8,1.89763
49320,0.967435,18985.3,1.89948
49380,0.81095,19198.5,1.90216
49440,0.812618,19269.5,1.90257
49500,0.776733,19120.1,1.90096
49560,1.01615,19246.6,1.90374
49620,0.978035,19193.5,1.90398
49680,0.807469,19248.4,1.90423
49740,0.96453,19315.7,1.90429
49800,1.23268,19400.4,1.90501
49860,1.16621,19364.9,1.90687
49920,0.993133,19380.3,1.9068
49980,0.86913,19505.1,1.90261
50040,0.806222,19345.4,1.90386
50100,1.03227,19587.3,1.90678
50160,0.994076,19165.2,1.90262
50220,0.86104,19041.2,1.89992
50280,0.968392,19229.2,1.90189
50340,0.902514,19096.9,1.90333
50400,0.964002,19091.8,1.90394
50460,1.09673,19059.2,1.90386
50520,1.23502,19015.3,1.90198
50580,1.19839,19093.7,1.90269
50640,1.30148,19210.9,1.90268
50700,1.04702,19065.2,1.9019
50760,1.04753,18975.3,1.90333
50820,1.04365,19011.6,1.90249
50880,0.945563,19015.1,1.9048
50940,1.17437,19177.9,1.9037
51000,0.984362,18868.0,1.9021
51060,1.10318,18864.2,1.90243
51120,0.878791,18834.5,1.90392
51180,1.01996,18963.5,1.90374
51240,1.0148,18901.7,1.90482
51300,0.874706,18754.4,1.90065
51360,1.12295,18795.5,1.90403
51420,1.106,18775.3,1.90356
51480,1.15914,18786.6,1.90558
51540,1.06482,18871.2,1.9038
51600,1.101,18814.8,1.9034
51660,0.892785,18102.7,1.89948
51720,0.942453,17833.2,1.89962
51780,0.944603,17768.3,1.89941
51840,0.923508,18013.4,1.89638
51900,0.861063,17971.1,1.90005
51960,0.847847,17600.6,1.9013
52020,0.625818,17600.9,1.89851
52080,1.11862,17907.8,1.89803
52140,0.879665,17575.1,1.89481
52200,0.751067,17704.7,1.89697
52260,0.830266,17464.1,1.89348
52320,0.872189,17259.2,1.89354
52380,0.9458,17076.4,1.88923
52440,0.91076,17297.6,1.89321
52500,0.939709,17344.1,1.89267
52560,0.855299,17113.8,1.89991
52620,1.12828,17197.3,1.89594
52680,1.0155,17205.7,1.89701
52740,0.974029,17280.3,1.90005
52800,1.14873,17631.6,1.90143
52860,1.09697,17741.4,1.90723
52920,1.3198,18026.0,1.9037
52980,1.18004,18265.1,1.90487
53040,1.18768,18077.2,1.9036
53100,1.08764,18309.9,1.9004
53160,1.13106,18202.0,1.90228
53220,1.19212,18240.9,1.90485
53280,1.39886,18248.5,1.90387
53340,1.36738,18432.9,1.90251
53400,1.28928,18467.3,1.90654
53460,1.23054,18396.4,1.90458
53520,1.32036,18727.6,1.90503
53580,1.41776,18754.6,1.90371
53640,1.39579,18687.4,1.90645
53700,1.37788,18505.6,1.90904
53760,1.50622,18629.1,1.90648
53820,1.75611,18525.8,1.90714
53880,1.28055,17945.6,1.89924
53940,1.2795,17943.3,1.90056
54000,1.83045,18280.7,1.90416
54060,1.50276,18463.1,1.90569
54120,1.37842,18532.6,1.90391
54180,1.52682,18525.7,1.90535
54240,1.2397,18325.7,1.90515
54300,1.43232,18274.9,1.90429
54360,1.35143,18368.0,1.90255
54420,1.50423,18576.3,1.90389
54480,1.27413,18343.2,1.901
54540,1.60029,18560.8,1.90322
54600,1.4388,18499.7,1.9007
54660,1.5408,18417.4,1.90451
54720,1.43589,18517.8,1.90655
54780,1.38918,18317.0,1.90159
54840,1.51694,18384.6,1.90136
54900,1.48381,18763.2,1.90123
54960,1.39204,18812.6,1.90194
55020,1.45131,18608.8,1.90026
55080,1.38351,18543.4,1.90034
55140,1.31348,18572.6,1.90306
55200,1.2876,18356.0,1.90117
55260,1.36335,18204.4,1.90073
55320,1.32901,18260.3,1.90319
55380,1.45264,18361.4,1.90299
55440,1.61397,18881.1,1.90089
55500,1.37831,18679.3,1.90357
55560,1.67666,18532.0,1.90305
55620,1.55693,18648.7,1.90416
55680,1.75109,18610.9,1.9039
55740,1.53891,18452.5,1.90388
55800,1.52184,18445.1,1.90495
55860,1.5673,18321.4,1.90366
55920,1.6203,18564.6,1.90396
55980,1.58458,18866.1,1.90229
56040,1.81138,18670.1,1.90338
56100,1.49877,18518.1,1.90147
56160,1.62631,18865.1,1.90172
56220,1.43042,18524.0,1.9036
56280,1.65559,18492.8,1.90315
56340,1.65693,18397.9,1.90174
56400,1.43694,18402.6,1.89967
56460,1.67872,18551.1,1.90059
56520,1.40049,18778.2,1.90056
56580,1.83516,18582.9,1.90113
56640,1.7391,18460.7,1.90001
56700,1.79426,18573.0,1.89948
56760,1.57309,18700.9,1.90374
56820,1.4698,18586.4,1.89933
56880,1.4371,18747.5,1.89908
56940,1.72071,18445.2,1.89891
57000,1.80546,18623.4,1.89991
57060,1.55452,18549.3,1.89995
57120,1.73896,18677.5,1.90038
57180,1.98727,19042.5,1.90119
57240,1.8279,19180.5,1.89972
57300,1.89758,18835.9,1.90003
57360,1.80265,18466.6,1.9016
57420,1.78454,18509.2,1.89623
57480,1.86824,18643.0,1.89912
57540,1.70761,18531.7,1.90004
57600,1.82837,18469.0,1.90014
57660,1.60496,18395.7,1.90108
57720,1.96486,18434.8,1.90035
57780,1.98313,18718.5,1.9021
57840,1.86624,18511.1,1.89942
57900,1.58189,18149.0,1.89927
57960,1.95593,18128.0,1.89768
58020,1.77474,17996.5,1.89951
58080,1.67232,18029.0,1.89626
58140,1.44154,18643.5,1.89859
58200,1.76727,18211.5,1.89716
58260,1.81577,17956.5,1.89698
58320,1.76956,18269.5,1.89775
58380,1.74939,18628.0,1.90129
58440,2.11417,18422.0,1.89982
58500,1.90823,18398.5,1.90122
58560,1.76615,18206.0,1.89848
58620,1.86271,17990.2,1.89648
58680,1.8289,18130.7,1.89521
58740,1.72652,17752.1,1.90057
58800,1.59642,17789.8,1.89578
58860,1.67279,17611.1,1.90076
58920,1.37215,17349.2,1.8926
58980,1.41935,17018.6,1.8909
59040,1.38761,17149.1,1.89071
59100,1.66581,17075.9,1.89108
59160,1.26765,17200.9,1.89019
59220,1.25496,16796.6,1.88881
59280,1.62102,17914.8,1.88913
59340,1.41491,17641.7,1.88984
59400,1.52411,17883.3,1.89747
59460,1.29039,17668.4,1.89553
59520,1.3053,17253.0,1.89008
59580,1.5376,17485.6,1.89221
59640,1.77235,17202.9,1.89316
59700,1.63044,17237.3,1.89123
59760,1.79986,17555.4,1.8909
59820,1.41001,17602.5,1.89287
59880,1.7259,17944.2,1.88989
59940,1.91547,17772.4,1.89563
60000,1.22566,16997.0,1.887
60060,1.53793,17351.8,1.89344
60120,1.85532,18046.0,1.89209
60180,1.731,18226.2,1.89315
60240,1.50223,17179.9,1.89291
60300,1.61944,17701.9,1.88969
60360,1.48612,17872.9,1.89102
60420,1.53646,17572.4,1.88789
60480,1.5419,17283.5,1.89019
60540,1.57234,17455.3,1.88872
60600,1.47253,17198.6,1.88867
60660,1.54555,17260.1,1.88768
60720,1.67796,17178.6,1.88886
60780,1.68931,17051.5,1.88695
60840,1.58111,17131.6,1.89108
60900,1.52622,17080.5,1.88948
60960,1.56088,16995.5,1.8887
61020,1.84898,16890.3,1.88693
61080,1.59963,16979.4,1.88787
61140,1.644,17422.9,1.88709
61200,1.58731,17138.2,1.88798
61260,1.35451,17037.5,1.88838
61320,1.12338,16932.9,1.88551
61380,1.81384,16777.5,1.88778
61440,1.69099,16619.7,1.88713
61500,1.75967,16579.8,1.88569
61560,1.66367,16366.6,1.88636
61620,1.71247,16319.1,1.88618
61680,1.71707,16370.7,1.88613
61740,1.85818,16393.8,1.88856
61800,1.76335,17214.4,1.88802
61860,1.99221,16765.8,1.88944
61920,1.69658,16647.6,1.88767
61980,1.70597,16767.1,1.89178
62040,1.85329,16913.5,1.88821
62100,1.59033,16544.9,1.88798
62160,1.99425,16922.4,1.88629
62220,2.10239,16876.3,1.88657
62280,2.25303,16960.5,1.8869
62340,2.14388,17023.5,1.88551
62400,2.16989,16883.7,1.8844
62460,2.18997,16958.5,1.888
62520,2.10311,17142.8,1.88622
62580,2.16111,17117.4,1.89078
62640,2.28483,16923.4,1.88928
62700,2.09597,16726.1,1.88697
62760,2.34114,17344.8,1.88807
62820,2.31214,17309.1,1.88696
62880,2.37314,17160.4,1.8896
62940,2.15193,17562.4,1.88794
63000,2.12478,16676.8,1.88435
63060,2.40549,17119.5,1.88953
63120,2.16686,16679.8,1.88707
63180,1.94179,16752.4,1.88392
63240,2.09416,16370.7,1.88553
63300,2.03793,16535.6,1.88787
63360,2.18194,17052.5,1.88487
