CampaignData_and_Merges/R0/CSL_MobileLab_Parked/raw/20240813/USOS-NOAAIodideCIMS-OrgNitrs_MobileLabGround_20240813_RA.ict
37, 1001
Michael A Robinson, Chris Jernigan, Subi Thakali
NOAA ESRL Chemical Sciences Laboratory and CIRES, U. of Colorado
NOAA Iodide CIMS Instrument
USOS
1, 1
2024, 08, 13, 2024, 08, 15
1
starttime_UTC, seconds_past_midnight, seconds_of_day_since_00:00:00_UTC
5
1, 1, 1, 1, 1
-9999, -9999, -9999, -9999, -9999
C4H7NO5_NOAACIMS, pptv, Gas_C4H7NO5_InSitu_S_AVMR, 
ISOPN_NOAACIMS, pptv, Gas_ISOPN_InSitu_S_AVMR, 
C5H10O3_NOAACIMS, pptv, Gas_C5H10O3_InSitu_S_AVMR, 
C5H9NO5_NOAACIMS, pptv, Gas_C5H9NO5_InSitu_S_AVMR, 
C10H17NO4_NOAACIMS, pptv, Gas_C10H17NO4_InSitu_S_AVMR, 
0
18
PI_CONTACT_INFO: 325 Broadway, R/CSD 7, Boulder, Colorado 80305; michael.a.robinson@noaa.gov; chris.jernigan@noaa.gov;
PLATFORM: NOAA CSL Mobile Lab
LOCATION: SLC, Utah
ASSOCIATED_DATA: 1Hz data also available on request.
INSTRUMENT_INFO: NOAA I- ToF CIMS
DATA_INFO: All data in parts per trillion by volume (pptv). 1 Hz data is available upon request.
UNCERTAINTY: TBD
ULOD_FLAG: -7777
ULOD_VALUE: N/A
LLOD_FLAG: -8888
LLOD_VALUE: N/A
DM_CONTACT_INFO: Nathan Howard; nathan.h.howard@noaa.gov
PROJECT_INFO: USOS, summer 2024. https://csl.noaa.gov/groups/csl7/measurements/2024usos/
STIPULATIONS_ON_USE: Users are strongly encouraged to contact the PI for proper data usage.
OTHER_COMMENTS: 
REVISION: RA
RA: Preliminary Data; For in-field use only
starttime_UTC, C4H7NO5_NOAACIMS, ISOPN_NOAACIMS, C5H10O3_NOAACIMS, C5H9NO5_NOAACIMS, C10H17NO4_NOAACIMS
     0,  0.473,  1.340,  3.921,  0.754,  0.264
    60,  0.443,  1.257,  3.555,  0.740,  0.241
   120,  0.439,  1.212,  3.454,  0.646,  0.295
   180,  0.397,  1.138,  3.431,  0.786,  0.290
   240,  0.440,  1.321,  3.570,  0.684,  0.295
   300,  0.419,  1.207,  3.715,  0.679,  0.312
   360,  0.404,  1.288,  3.836,  0.704,  0.293
   420,  0.400,  1.348,  3.383,  0.665,  0.284
   480,  0.399,  1.352,  3.677,  0.628,  0.254
   540,  0.407,  1.286,  3.592,  0.716,  0.274
   600,  0.421,  1.336,  3.211,  0.687,  0.211
   660,  0.419,  1.340,  3.372,  0.693,  0.335
   720,  0.434,  1.317,  4.307,  0.673,  0.305
   780,  0.449,  1.385,  3.229,  0.638,  0.272
   840,  0.461,  1.279,  3.993,  0.684,  0.301
   900,  0.465,  1.400,  5.097,  0.758,  0.331
   960, -9999.000, -9999.000, -9999.000, -9999.000, -9999.000
  1020,  0.490,  1.291,  4.728,  0.730,  0.251
  1080,  0.522,  1.448,  4.873,  0.744,  0.305
  1140,  0.548,  1.400,  5.333,  0.797,  0.315
  1200,  0.527,  1.390,  5.028,  0.798,  0.329
  1260,  0.528,  1.492,  5.011,  0.796,  0.307
  1320,  0.565,  1.600,  5.228,  0.865,  0.334
  1380,  0.573,  1.537,  6.075,  0.846,  0.312
  1440,  0.598,  1.710,  5.924,  0.872,  0.299
  1500,  0.579,  1.412,  5.737,  0.863,  0.319
  1560,  0.582,  1.332,  5.913,  0.866,  0.282
  1620,  0.632,  1.551,  7.068,  0.965,  0.329
  1680,  0.607,  1.438,  6.428,  0.999,  0.307
  1740,  0.582,  1.260,  6.087,  0.884,  0.297
  1800,  0.595,  1.250,  5.906,  0.947,  0.257
  1860,  0.612,  1.380,  7.341,  1.002,  0.254
  1920,  0.639,  1.295,  7.067,  1.001,  0.361
  1980,  0.616,  1.393,  7.005,  0.984,  0.312
  2040,  0.622,  1.360,  7.421,  0.955,  0.309
  2100,  0.599,  1.551,  7.853,  1.016,  0.338
  2160,  0.580,  1.411,  7.562,  1.007,  0.357
  2220,  0.570,  1.422,  6.841,  0.898,  0.343
  2280,  0.562,  1.548,  7.033,  0.825,  0.338
  2340,  0.558,  1.386,  7.903,  0.941,  0.334
  2400,  0.579,  1.585,  7.638,  0.968,  0.341
  2460,  0.581,  1.487,  6.715,  1.008,  0.339
  2520,  0.552,  1.430,  7.278,  0.904,  0.306
  2580,  0.574,  1.524,  7.408,  0.998,  0.310
  2640,  0.567,  1.510,  7.235,  0.902,  0.350
  2700,  0.556,  1.479,  7.230,  1.007,  0.297
  2760,  0.576,  1.424,  7.258,  0.990,  0.382
  2820, -9999.000, -9999.000, -9999.000, -9999.000, -9999.000
  2880,  0.565,  1.665,  7.570,  0.980,  0.272
  2940,  0.557,  1.626,  7.792,  0.884,  0.309
  3000,  0.529,  1.574,  7.832,  0.972,  0.342
  3060,  0.549,  1.828,  8.048,  0.923,  0.256
  3120,  0.559,  1.766,  8.291,  0.908,  0.384
  3180,  0.533,  1.993,  8.181,  0.857,  0.268
  3240,  0.533,  1.823,  8.492,  0.912,  0.348
  3300,  0.566,  1.991,  7.827,  0.879,  0.341
  3360,  0.515,  2.164,  8.115,  0.870,  0.392
  3420,  0.537,  2.152,  8.390,  0.877,  0.395
  3480,  0.583,  2.263,  8.825,  0.921,  0.363
  3540,  0.600,  2.546,  8.939,  1.060,  0.472
  3600,  0.644,  2.442,  8.173,  1.038,  0.455
  3660,  0.643,  2.318,  8.342,  1.057,  0.395
  3720,  0.586,  2.350,  8.192,  1.052,  0.381
  3780,  0.518,  2.152,  7.329,  0.848,  0.354
  3840,  0.494,  2.148,  6.581,  0.851,  0.249
  3900,  0.470,  1.869,  5.780,  0.748,  0.278
  3960,  0.490,  2.165,  6.833,  0.747,  0.298
  4020,  0.570,  2.162,  7.630,  0.858,  0.433
  4080,  0.640,  2.356,  7.698,  0.967,  0.596
  4140,  0.655,  2.500,  7.274,  0.951,  0.663
  4200,  0.686,  2.498,  7.531,  1.053,  0.833
  4260,  0.670,  2.740,  8.602,  1.095,  0.745
  4320,  0.696,  2.729,  8.637,  0.935,  0.810
  4380,  0.692,  2.719,  8.301,  1.065,  0.856
  4440,  0.700,  2.614,  8.155,  1.065,  0.937
  4500,  0.685,  2.625,  8.263,  1.076,  1.023
  4560,  0.712,  2.668,  8.209,  1.002,  1.010
  4620,  0.740,  3.206,  9.016,  1.076,  0.900
  4680,  0.669,  2.969,  8.004,  1.034,  0.920
  4740,  0.687,  2.784,  7.097,  1.052,  1.081
  4800,  0.671,  2.903,  7.989,  1.065,  1.048
  4860,  0.697,  3.064,  8.695,  1.104,  1.174
  4920,  0.688,  3.055,  9.132,  1.110,  1.209
  4980,  0.647,  2.767,  7.739,  1.030,  1.179
  5040,  0.660,  3.028,  7.915,  0.987,  1.251
  5100,  0.705,  3.029,  8.462,  1.046,  1.227
  5160,  0.673,  3.208,  8.276,  1.022,  1.220
  5220,  0.670,  3.270,  8.558,  1.058,  1.204
  5280,  0.674,  2.912,  7.943,  1.009,  1.047
  5340,  0.716,  3.158,  7.380,  0.998,  1.038
  5400,  0.717,  3.242,  7.609,  1.036,  0.985
  5460,  0.710,  3.283,  8.664,  1.028,  1.097
  5520,  0.737,  3.231,  7.713,  0.995,  0.973
  5580,  0.701,  2.667,  7.563,  1.044,  0.842
  5640,  0.697,  2.810,  7.310,  1.002,  0.796
  5700,  0.703,  2.721,  7.710,  1.060,  0.819
  5760,  0.736,  2.886,  7.598,  1.050,  0.775
  5820,  0.770,  2.970,  7.847,  1.011,  0.822
  5880,  0.855,  3.302,  7.865,  1.159,  0.910
  5940,  0.765,  3.135,  7.850,  1.138,  0.934
  6000,  0.737,  3.228,  8.000,  1.081,  0.957
  6060,  0.719,  3.090,  7.964,  1.105,  0.870
  6120,  0.719,  3.013,  7.642,  1.092,  0.849
  6180,  0.712,  2.944,  7.730,  1.119,  0.908
  6240,  0.710,  3.288,  7.539,  1.110,  0.900
  6300,  0.715,  2.963,  7.542,  1.178,  0.816
  6360,  0.732,  3.124,  7.944,  1.186,  0.899
  6420,  0.735,  3.386,  7.552,  1.057,  0.894
  6480,  0.621,  2.775,  8.072,  0.860,  0.902
  6540,  0.666,  3.042,  6.436,  1.159,  0.745
  6600,  0.717,  3.247,  6.868,  1.121,  0.878
  6660,  0.734,  3.370,  7.839,  1.164,  0.840
  6720,  0.711,  3.412,  7.466,  1.123,  0.778
  6780,  0.752,  3.374,  7.547,  1.208,  0.794
  6840,  0.767,  3.627,  7.523,  1.160,  0.854
  6900,  0.751,  3.410,  7.558,  1.126,  0.855
  6960,  0.740,  3.372,  7.996,  1.175,  0.782
  7020,  0.730,  3.361,  8.097,  1.111,  0.818
  7080,  0.744,  3.292,  7.257,  1.117,  0.810
  7140,  0.733,  3.333,  6.960,  1.123,  0.785
  7200,  0.717,  3.362,  7.296,  1.212,  0.771
  7260,  0.714,  3.454,  8.189,  1.119,  0.782
  7320,  0.671,  3.506,  7.582,  1.123,  0.866
  7380,  0.719,  3.490,  7.748,  1.160,  0.876
  7440,  0.694,  3.674,  7.864,  1.096,  0.852
  7500,  0.706,  3.344,  8.340,  1.168,  0.872
  7560,  0.714,  3.574,  8.236,  1.120,  0.959
  7620,  0.695,  3.554,  7.754,  1.120,  0.905
  7680,  0.687,  3.821,  7.726,  1.126,  0.882
  7740,  0.711,  3.862,  7.579,  1.143,  0.949
  7800,  0.640,  3.823,  7.656,  0.996,  0.876
  7860,  0.602,  3.702,  7.971,  0.930,  0.797
  7920,  0.570,  3.599,  7.195,  0.930,  0.802
  7980,  0.575,  3.683,  6.338,  0.877,  0.740
  8040,  0.543,  3.687,  7.175,  0.865,  0.799
  8100,  0.573,  4.024,  7.460,  0.786,  0.807
  8160,  0.569,  4.020,  7.564,  0.779,  0.811
  8220,  0.578,  4.024,  7.038,  0.869,  0.757
  8280,  0.576,  3.834,  7.046,  0.815,  0.795
  8340,  0.610,  4.654,  7.592,  0.901,  0.497
  8400,  0.602,  3.547,  7.887,  0.967,  0.727
  8460,  0.587,  3.711,  7.683,  0.873,  0.694
  8520,  0.546,  3.553,  7.744,  0.859,  0.728
  8580,  0.520,  3.351,  7.119,  0.786,  0.630
  8640,  0.512,  3.101,  6.976,  0.786,  0.600
  8700,  0.530,  3.380,  8.118,  0.888,  0.622
  8760,  0.528,  3.233,  7.158,  0.869,  0.656
  8820,  0.501,  3.348,  7.405,  0.775,  0.699
  8880,  0.524,  3.421,  7.333,  0.702,  0.702
  8940,  0.528,  3.519,  7.830,  0.731,  0.708
  9000,  0.502,  3.087,  7.339,  0.791,  0.649
  9060,  0.496,  3.226,  7.245,  0.734,  0.752
  9120,  0.492,  3.063,  7.267,  0.743,  0.630
  9180,  0.494,  3.324,  7.347,  0.758,  0.689
  9240,  0.535,  2.994,  7.214,  0.736,  0.731
  9300,  0.482,  2.991,  7.178,  0.743,  0.641
  9360,  0.525,  3.036,  7.729,  0.817,  0.703
  9420,  0.489,  2.968,  7.531,  0.729,  0.619
  9480,  0.484,  2.749,  8.126,  0.832,  0.639
  9540,  0.486,  2.756,  7.489,  0.771,  0.633
  9600,  0.501,  3.100,  8.230,  0.836,  0.706
  9660,  0.460,  2.742,  6.889,  0.686,  0.685
  9720,  0.464,  2.775,  6.833,  0.679,  0.649
  9780,  0.452,  2.451,  7.336,  0.756,  0.612
  9840,  0.461,  2.507,  7.271,  0.693,  0.642
  9900,  0.427,  2.596,  6.829,  0.727,  0.633
  9960,  0.443,  2.601,  6.563,  0.792,  0.659
 10020,  0.449,  2.611,  7.622,  0.716,  0.696
 10080,  0.455,  2.601,  7.483,  0.663,  0.711
 10140,  0.469,  2.640,  7.267,  0.725,  0.696
 10200, -9999.000, -9999.000, -9999.000, -9999.000, -9999.000
 10260,  0.458,  2.400,  5.919,  0.688,  0.702
 10320,  0.462,  2.301,  6.542,  0.679,  0.731
 10380,  0.454,  2.746,  7.427,  0.732,  0.669
 10440,  0.472,  2.690,  7.169,  0.797,  0.781
 10500,  0.482,  2.492,  6.980,  0.885,  0.702
 10560,  0.457,  2.654,  7.269,  0.705,  0.697
 10620,  0.441,  2.535,  7.476,  0.786,  0.818
 10680,  0.477,  2.736,  7.381,  0.731,  0.759
 10740,  0.509,  2.620,  6.702,  0.843,  0.817
 10800,  0.505,  2.750,  7.208,  0.866,  0.827
 10860,  0.495,  2.733,  7.104,  0.947,  0.787
 10920,  0.490,  2.663,  7.025,  0.829,  0.782
 10980,  0.542,  2.668,  7.506,  0.996,  0.846
 11040,  0.565,  2.640,  7.130,  1.056,  0.878
 11100,  0.603,  2.508,  7.453,  1.198,  0.920
 11160,  0.610,  2.586,  7.794,  1.209,  0.969
 11220,  0.623,  2.368,  7.677,  1.192,  0.996
 11280,  0.624,  2.685,  7.808,  1.094,  0.990
 11340,  0.652,  2.424,  6.883,  1.197,  0.910
 11400,  0.616,  2.601,  7.433,  1.216,  0.973
 11460,  0.603,  2.471,  7.590,  1.139,  0.950
 11520,  0.587,  2.495,  7.488,  1.131,  0.910
 11580,  0.567,  2.545,  7.083,  1.106,  0.906
 11640,  0.574,  2.528,  7.582,  1.154,  0.823
 11700,  0.581,  2.566,  7.475,  1.024,  0.921
 11760,  0.560,  2.546,  7.409,  1.109,  1.022
 11820,  0.555,  2.481,  7.400,  1.066,  0.948
 11880,  0.560,  2.416,  6.959,  1.059,  0.813
 11940,  0.584,  2.326,  6.658,  1.137,  0.946
 12000,  0.574,  2.473,  6.957,  1.120,  0.884
 12060,  0.455,  2.561,  5.887,  0.963,  0.925
 12120,  0.526,  2.522,  7.522,  1.037,  0.955
 12180,  0.559,  2.264,  6.091,  1.067,  0.899
 12240,  0.547,  2.484,  6.825,  1.173,  0.937
 12300,  0.565,  2.384,  7.188,  1.225,  0.959
 12360,  0.573,  2.218,  7.082,  1.140,  1.034
 12420,  0.559,  2.303,  6.549,  1.285,  1.004
 12480,  0.562,  2.272,  7.207,  1.221,  0.999
 12540,  0.576,  2.335,  6.979,  1.195,  1.000
 12600,  0.555,  2.291,  7.536,  1.165,  0.935
 12660,  0.578,  2.249,  7.309,  1.147,  0.935
 12720,  0.577,  2.340,  7.406,  1.289,  1.003
 12780,  0.605,  2.442,  7.546,  1.134,  0.971
 12840,  0.592,  2.497,  7.446,  1.323,  1.093
 12900,  0.603,  2.746,  7.389,  1.534,  1.286
 12960,  0.631,  2.716,  7.269,  1.648,  1.300
 13020,  0.611,  2.625,  7.763,  1.471,  1.337
 13080,  0.604,  2.500,  7.308,  1.289,  1.165
 13140,  0.597,  2.411,  8.397,  1.308,  1.261
 13200,  0.595,  2.494,  8.371,  1.314,  1.230
 13260,  0.625,  2.374,  7.272,  1.357,  1.209
 13320,  0.581,  2.630,  7.685,  1.352,  1.193
 13380,  0.625,  2.757,  8.186,  1.390,  1.290
 13440,  0.604,  2.597,  7.682,  1.380,  1.316
 13500,  0.591,  2.812,  7.942,  1.358,  1.530
 13560,  0.565,  2.929,  7.996,  1.403,  1.396
 13620,  0.599,  2.722,  8.185,  1.385,  1.434
 13680,  0.581,  2.752,  7.790,  1.421,  1.446
 13740,  0.598,  2.950,  8.678,  1.437,  1.517
 13800,  0.571,  2.725,  8.032,  1.441,  1.592
 13860,  0.545,  2.488,  8.369,  1.185,  1.656
 13920, -9999.000, -9999.000, -9999.000, -9999.000, -9999.000
 13980,  0.536,  2.965,  8.113,  1.223,  1.495
 14040,  0.573,  3.007,  8.338,  1.235,  1.516
 14100,  0.569,  2.927,  8.318,  1.276,  1.504
 14160,  0.532,  3.047,  8.807,  1.278,  1.652
 14220,  0.549,  3.159,  8.029,  1.334,  1.612
 14280,  0.557,  2.977,  8.376,  1.303,  1.655
 14340,  0.584,  3.054,  8.538,  1.312,  1.648
 14400,  0.580,  3.000,  8.674,  1.234,  1.612
 14460,  0.581,  3.134,  7.778,  1.322,  1.554
 14520,  0.565,  3.199,  8.316,  1.356,  1.542
 14580,  0.591,  3.338,  8.737,  1.418,  1.661
 14640,  0.597,  3.115,  8.189,  1.475,  1.650
 14700,  0.617,  3.101,  7.910,  1.583,  1.730
 14760,  0.598,  3.266,  8.246,  1.591,  1.642
 14820,  0.579,  3.171,  8.141,  1.550,  1.638
 14880,  0.625,  3.262,  8.712,  1.678,  1.703
 14940,  0.608,  2.981,  7.826,  1.644,  1.641
 15000,  0.630,  2.949,  8.262,  1.611,  1.647
 15060,  0.591,  2.877,  8.229,  1.508,  1.493
 15120,  0.554,  2.755,  7.850,  1.405,  1.619
 15180,  0.553,  2.658,  7.768,  1.468,  1.631
 15240,  0.560,  2.888,  7.958,  1.475,  1.583
 15300,  0.570,  2.693,  7.560,  1.373,  1.632
 15360,  0.552,  2.648,  7.617,  1.417,  1.621
 15420,  0.600,  2.898,  8.306,  1.416,  1.719
 15480,  0.576,  3.007,  8.130,  1.460,  1.666
 15540,  0.579,  2.840,  7.133,  1.444,  1.759
 15600,  0.576,  2.771,  7.566,  1.521,  1.681
 15660,  0.562,  2.858,  8.128,  1.498,  1.683
 15720,  0.618,  3.095,  7.658,  1.610,  1.853
 15780,  0.639,  3.194,  7.030,  1.821,  1.811
 15840,  0.586,  2.861,  7.612,  1.726,  1.758
 15900,  0.636,  3.159,  8.387,  1.846,  1.869
 15960,  0.633,  2.994,  7.819,  1.969,  1.909
 16020,  0.628,  3.420,  7.851,  1.820,  1.811
 16080,  0.623,  3.127,  8.162,  1.904,  1.833
 16140,  0.597,  2.833,  7.678,  1.665,  1.771
 16200,  0.620,  2.966,  7.650,  1.744,  1.813
 16260,  0.623,  2.876,  8.015,  1.916,  1.859
 16320,  0.595,  2.750,  8.154,  1.901,  1.864
 16380,  0.575,  2.720,  7.130,  1.797,  1.868
 16440,  0.565,  2.374,  7.412,  1.726,  1.754
 16500,  0.537,  2.379,  7.560,  1.559,  1.713
 16560,  0.514,  2.190,  7.332,  1.549,  1.702
 16620,  0.518,  2.283,  7.579,  1.382,  1.738
 16680,  0.496,  2.098,  6.553,  1.360,  1.827
 16740,  0.478,  2.230,  7.451,  1.421,  1.887
 16800,  0.512,  2.108,  7.257,  1.347,  1.741
 16860,  0.545,  2.287,  7.606,  1.448,  1.807
 16920,  0.534,  2.433,  7.649,  1.425,  1.839
 16980,  0.542,  2.410,  7.378,  1.501,  1.860
 17040,  0.538,  2.444,  7.617,  1.372,  1.757
 17100,  0.478,  2.065,  7.551,  1.283,  1.890
 17160,  0.445,  1.734,  7.229,  1.092,  1.649
 17220,  0.442,  1.598,  6.542,  1.085,  1.604
 17280,  0.447,  1.690,  6.539,  0.971,  1.562
 17340,  0.446,  1.670,  7.139,  1.042,  1.627
 17400,  0.433,  1.499,  6.757,  1.061,  1.521
 17460,  0.414,  1.373,  6.381,  1.070,  1.576
 17520,  0.411,  1.493,  6.569,  0.981,  1.523
 17580, -9999.000, -9999.000, -9999.000, -9999.000, -9999.000
 17640,  0.363,  1.257,  5.198,  0.914,  1.464
 17700,  0.385,  1.304,  5.994,  0.765,  1.450
 17760,  0.397,  1.399,  6.383,  0.834,  1.418
 17820,  0.394,  1.281,  6.402,  0.861,  1.439
 17880,  0.417,  1.360,  6.149,  0.910,  1.555
 17940,  0.411,  1.395,  6.592,  0.907,  1.420
 18000,  0.396,  1.269,  6.288,  0.899,  1.480
 18060,  0.386,  1.299,  5.943,  0.830,  1.439
 18120,  0.417,  1.341,  6.382,  0.831,  1.500
 18180,  0.391,  1.174,  5.281,  0.914,  1.450
 18240,  0.396,  1.056,  5.532,  0.797,  1.402
 18300,  0.392,  1.096,  6.268,  0.896,  1.516
 18360,  0.409,  1.120,  6.160,  0.821,  1.533
 18420,  0.399,  1.145,  5.278,  0.832,  1.486
 18480,  0.412,  1.000,  5.546,  0.885,  1.508
 18540,  0.398,  1.062,  5.460,  0.893,  1.533
 18600,  0.422,  1.214,  5.497,  0.853,  1.543
 18660,  0.403,  1.103,  5.457,  0.849,  1.355
 18720,  0.427,  1.100,  6.065,  0.815,  1.486
 18780,  0.418,  1.061,  5.336,  0.886,  1.473
 18840,  0.423,  1.040,  5.691,  0.836,  1.390
 18900,  0.393,  1.176,  5.900,  0.854,  1.541
 18960,  0.403,  1.061,  5.919,  0.814,  1.493
 19020,  0.411,  0.957,  4.656,  0.722,  1.529
 19080,  0.406,  1.103,  5.362,  0.714,  1.517
 19140,  0.396,  1.162,  6.163,  0.940,  1.561
 19200,  0.419,  0.910,  5.610,  0.776,  1.576
 19260,  0.412,  1.082,  5.905,  0.786,  1.548
 19320,  0.410,  1.028,  5.586,  0.790,  1.517
 19380,  0.417,  0.949,  5.602,  0.871,  1.601
 19440, -9999.000, -9999.000, -9999.000, -9999.000, -9999.000
 19500,  0.402,  1.023,  5.445,  0.819,  1.442
 19560,  0.395,  1.098,  5.623,  0.885,  1.466
 19620,  0.423,  0.869,  4.983,  0.822,  1.514
 19680,  0.447,  1.107,  5.365,  0.876,  1.540
 19740,  0.448,  1.261,  5.748,  0.822,  1.615
 19800,  0.487,  1.173,  6.270,  1.064,  1.575
 19860,  0.515,  1.138,  5.864,  0.997,  1.565
 19920,  0.582,  1.032,  6.093,  1.096,  1.264
 19980,  0.570,  1.240,  6.199,  1.077,  1.135
 20040,  0.580,  1.092,  6.064,  1.134,  1.138
 20100,  0.617,  1.082,  6.178,  1.080,  0.948
 20160,  0.607,  1.145,  6.404,  1.168,  0.873
 20220,  0.618,  0.977,  6.030,  1.124,  0.720
