CampaignData_and_Merges/R0/CSL_MobileLab_Parked/raw/20240813/USOS-jNO2_MobileLabGround_20240813_R0.ict
52,1001
Waxman, E.; Rollins, A.; Zuraski, K.; Chace, W.
NOAA Chemical Sciences Laboratory
jNO2 filter radiometer on CSL Mobile Lab
AMMBEC / USOS
1, 1
2024,08,13, 2025,04,01
60
Time_Start, seconds, number_of_seconds_since_0000_UTC
20
1, 1, 1, 1, 1, 1, 1, 1, 1, 1, 1, 1, 1, 1, 1, 1, 1, 1, 1, 1
-9999, -9999, -9999, -9999, -9999, -9999, -9999, -9999, -9999, -9999, -9999, -9999, -9999, -9999, -9999, -9999, -9999, -9999, -9999, -9999
Time_Stop, seconds, number_of_seconds_since_0000_UTC
jNO2_meas, per second, photolysis rate of NO2 measured using a filter radiometer.
jBrCl, per second, photolysis rate of BrCl -> Br + Cl calculated in TUV for cloud-free sky with local AOD
jBr2, per second, photolysis rate of Br2 -> Br + Br calculated in TUV for cloud-free sky with local AOD
jCCl4, per second, photolysis rate of CCl4 -> Products calcualted in TUV for cloud-free sky with local AOD
jCH2Oa, per second, photolysis rate of CH2O -> H + HCO calculated in TUV for cloud-free sky with local AOD
jCH2Ob, per second, photolysis rate of CH2O -> H2 + CO calculated in TUV for cloud-free sky with local AOD
jClNO2, per second, photolysis rate of ClNO2 -> Cl + NO2 calculated in TUV for cloud-free sky with local AOD
jClOa, per second, photolysis rate of ClO -> Cl + O(1D) calculated in TUV for cloud-free sky with local AOD
jClOb, per second, photolysis rate of ClO -> Cl + O(3P) calculated in TUV for cloud-free sky with local AOD
jCl2, per second, photolysis rate of Cl2 -> Cl + Cl calculated in TUV for cloud-free sky with local AOD
jHNO2, per second, photolysis rate of HNO2 -> OH + NO calculated in TUV for cloud-free sky with local AOD
jHNO3, per second, photolysis rate of HNO3 -> OH + NO2 calculated in TUV for cloud-free sky with local AOD
jI2, per second, photolysis rate of I2 -> I + I calculated in TUV for cloud-free sky with local AOD
jNO2, per second, photolysis rate of NO2 -> NO + O(3P) calculated in TUV for cloud-free sky with local AOD
jNO3a, per second, photolysis rate of NO3 -> NO + O2 calculated in TUV for cloud-free sky with local AOD
jNO3b, per second, photolysis rate of NO3 -> NO2 + O(3P) calculated in TUV for cloud-free sky with local AOD
jN2O5, per second, photolysis rate of N2O5 -> NO3 + NO + O(3P) calculated in TUV for cloud-free sky with local AOD
jO3, per second, photolysis rate of O3 -> O2 + O(1D) calculated in TUV for cloud-free sky with local AOD
AOD_500nm, unitless, UTC daily mean AOD at 500 nm from an AERONET station located at 40.178 N, -112.452 E
0
18
PI_CONTACT_INFO: eleanor.waxman@noaa.gov
PLATFORM: CSL Mobile Lab, at ground site
LOCATION: Salt Lake City, UT
ASSOCIATED_DATA:
INSTRUMENT_INFO: jNO2 filter radiometer.  TUV calculations are for mobile van lat/lon/altitude assuming clear sky (cloud AOD = 0) and daily mean AOD.
DATA_INFO:
UNCERTAINTY: Data uncertainties are +/- 20%.  These come from uncertainties in radiometer angular response, radiometer thermal response, local interferences from clouds/aerosols/shadows etc.
ULOD_FLAG: -7777
ULOD_VALUE: N/A
LLOD_FLAG: -8888
LLOD_VALUE: N/A
DM_CONTACT_INFO: eleanor.waxman@noaa.gov
PROJECT_INFO: USOS Project, July - August 2024
STIPULATIONS_ON_USE: Users are strongly encouraged to contact the PI for proper data usage.
OTHER_COMMENTS: 
REVISION: R0
R0: final data
Time_Start, Time_Stop, jNO2_meas, jBrCl, jBr2, jCCl4, jCH2Oa, jCH2Ob, jClNO2, jClOa, jClOb, jCl2, jHNO2, jHNO3, jI2, jNO2, jNO3a, jNO3b, jN2O5, jO3, AOD_500nm
[from data line 1326]
   79560,   79620,0.0079881,0.009576,0.02911,2.589e-24,2.594e-05,4.069e-05,0.0004007,1.001e-24,3.188e-05,0.002006,0.001324,4.341e-07,0.1038,0.008153,0.02002,0.1605,3.519e-05,2.059e-05,0.057
   79620,   79680,0.0079901,0.009565,0.02909,2.489e-24,2.586e-05,4.059e-05,0.0003998,9.586e-25,3.168e-05,0.002002,0.001321,4.321e-07,0.1037,0.008141,0.02001,0.1604,3.51e-05,2.046e-05,0.057
   79680,   79740,0.0080062,0.009555,0.02906,2.399e-24,2.577e-05,4.049e-05,0.0003989,9.211e-25,3.149e-05,0.001999,0.001319,4.302e-07,0.1037,0.008129,0.02,0.1604,3.501e-05,2.033e-05,0.057
   79740,   79800,0.0079854,0.009544,0.02904,2.308e-24,2.568e-05,4.039e-05,0.0003979,8.832e-25,3.129e-05,0.001995,0.001317,4.282e-07,0.1036,0.008117,0.01999,0.1603,3.491e-05,2.019e-05,0.057
   79800,   79860,0.0079603,0.009533,0.02902,2.221e-24,2.56e-05,4.029e-05,0.0003969,8.473e-25,3.109e-05,0.001991,0.001315,4.262e-07,0.1035,0.008104,0.01998,0.1602,3.481e-05,2.006e-05,0.057
   79860,   79920,0.0079525,0.009522,0.02899,2.143e-24,2.551e-05,4.019e-05,0.000396,8.149e-25,3.089e-05,0.001987,0.001313,4.243e-07,0.1035,0.008092,0.01997,0.1601,3.471e-05,1.993e-05,0.057
   79920,   79980,0.0079346,0.009511,0.02897,2.064e-24,2.542e-05,4.009e-05,0.000395,7.823e-25,3.069e-05,0.001983,0.00131,4.222e-07,0.1034,0.008079,0.01996,0.16,3.461e-05,1.979e-05,0.057
   79980,   80040,0.0079144,0.0095,0.02894,1.988e-24,2.533e-05,3.999e-05,0.000394,7.514e-25,3.049e-05,0.001979,0.001308,4.202e-07,0.1033,0.008066,0.01995,0.1599,3.451e-05,1.965e-05,0.057
   80040,   80100,0.0079134,0.009489,0.02892,1.92e-24,2.524e-05,3.989e-05,0.000393,7.237e-25,3.029e-05,0.001975,0.001306,4.183e-07,0.1033,0.008053,0.01994,0.1598,3.442e-05,1.952e-05,0.057
   80100,   80160,0.0079204,0.009477,0.02889,1.851e-24,2.515e-05,3.978e-05,0.000392,6.956e-25,3.009e-05,0.001971,0.001303,4.162e-07,0.1032,0.00804,0.01993,0.1597,3.431e-05,1.939e-05,0.057
   80160,   80220,0.0079083,0.009466,0.02887,1.785e-24,2.506e-05,3.967e-05,0.000391,6.687e-25,2.988e-05,0.001967,0.001301,4.141e-07,0.1032,0.008027,0.01992,0.1596,3.421e-05,1.925e-05,0.057
   80220,   80280,0.0078848,0.009454,0.02884,1.726e-24,2.497e-05,3.957e-05,0.00039,6.448e-25,2.969e-05,0.001963,0.001299,4.122e-07,0.1031,0.008014,0.01991,0.1595,3.411e-05,1.912e-05,0.057
   80280,   80340,0.0078643,0.009442,0.02881,1.665e-24,2.488e-05,3.946e-05,0.0003889,6.205e-25,2.948e-05,0.001958,0.001296,4.101e-07,0.103,0.008,0.0199,0.1594,3.401e-05,1.898e-05,0.057
   80340,   80400,0.0078474,0.00943,0.02879,1.608e-24,2.478e-05,3.936e-05,0.0003879,5.973e-25,2.928e-05,0.001954,0.001294,4.08e-07,0.1029,0.007986,0.01989,0.1593,3.39e-05,1.884e-05,0.057
   80400,   80460,0.0078307,0.009419,0.02876,1.556e-24,2.469e-05,3.925e-05,0.0003869,5.766e-25,2.908e-05,0.00195,0.001291,4.06e-07,0.1029,0.007973,0.01988,0.1592,3.38e-05,1.871e-05,0.057
   80460,   80520,0.0078137,0.009406,0.02873,1.503e-24,2.46e-05,3.914e-05,0.0003858,5.555e-25,2.887e-05,0.001946,0.001289,4.039e-07,0.1028,0.007959,0.01987,0.1591,3.37e-05,1.857e-05,0.057
   80520,   80580,0.0077932,0.009394,0.02871,1.452e-24,2.45e-05,3.903e-05,0.0003847,5.353e-25,2.867e-05,0.001941,0.001286,4.018e-07,0.1027,0.007945,0.01986,0.159,3.359e-05,1.843e-05,0.057
   80580,   80640,0.0077919,0.009382,0.02868,1.406e-24,2.441e-05,3.892e-05,0.0003837,5.172e-25,2.847e-05,0.001937,0.001284,3.998e-07,0.1027,0.007931,0.01985,0.1589,3.349e-05,1.83e-05,0.057
   80640,   80700,0.0077744,0.009369,0.02865,1.359e-24,2.431e-05,3.881e-05,0.0003826,4.988e-25,2.826e-05,0.001933,0.001281,3.977e-07,0.1026,0.007917,0.01984,0.1588,3.338e-05,1.816e-05,0.057
   80700,   80760,0.0077521,0.009356,0.02862,1.315e-24,2.422e-05,3.87e-05,0.0003815,4.813e-25,2.805e-05,0.001928,0.001279,3.955e-07,0.1025,0.007902,0.01983,0.1587,3.327e-05,1.802e-05,0.057
   80760,   80820,0.0077208,0.009344,0.02859,1.274e-24,2.412e-05,3.859e-05,0.0003805,4.655e-25,2.785e-05,0.001924,0.001276,3.935e-07,0.1024,0.007888,0.01982,0.1586,3.317e-05,1.789e-05,0.057
   80820,   80880,0.0077072,0.009331,0.02856,1.233e-24,2.402e-05,3.847e-05,0.0003794,4.495e-25,2.765e-05,0.00192,0.001273,3.913e-07,0.1024,0.007873,0.01981,0.1585,3.305e-05,1.774e-05,0.057
   80880,   80940,0.0076933,0.009318,0.02853,1.193e-24,2.392e-05,3.835e-05,0.0003782,4.34e-25,2.743e-05,0.001915,0.001271,3.892e-07,0.1023,0.007858,0.01979,0.1584,3.294e-05,1.76e-05,0.057
   80940,   81000,0.007685,0.009305,0.02851,1.158e-24,2.383e-05,3.824e-05,0.0003772,4.202e-25,2.724e-05,0.001911,0.001268,3.871e-07,0.1022,0.007844,0.01978,0.1583,3.284e-05,1.747e-05,0.057
   81000,   81060,0.0076858,0.009291,0.02848,1.121e-24,2.373e-05,3.812e-05,0.000376,4.062e-25,2.703e-05,0.001906,0.001265,3.849e-07,0.1021,0.007829,0.01977,0.1582,3.272e-05,1.733e-05,0.057
   81060,   81120,0.0077189,0.009278,0.02844,1.086e-24,2.363e-05,3.8e-05,0.0003749,3.927e-25,2.681e-05,0.001901,0.001263,3.828e-07,0.1021,0.007813,0.01976,0.1581,3.261e-05,1.719e-05,0.057
   81120,   81180,0.0077293,0.009265,0.02841,1.054e-24,2.353e-05,3.789e-05,0.0003738,3.806e-25,2.662e-05,0.001897,0.00126,3.807e-07,0.102,0.007799,0.01975,0.158,3.25e-05,1.706e-05,0.057
   81180,   81240,0.0077149,0.009251,0.02838,1.022e-24,2.343e-05,3.777e-05,0.0003726,3.682e-25,2.64e-05,0.001892,0.001257,3.785e-07,0.1019,0.007783,0.01973,0.1579,3.239e-05,1.691e-05,0.057
   81240,   81300,0.007512,0.009237,0.02835,9.907e-25,2.333e-05,3.765e-05,0.0003714,3.563e-25,2.619e-05,0.001887,0.001254,3.763e-07,0.1018,0.007767,0.01972,0.1577,3.227e-05,1.677e-05,0.057
   81300,   81360,0.0070868,0.009223,0.02832,9.625e-25,2.323e-05,3.753e-05,0.0003703,3.457e-25,2.599e-05,0.001882,0.001252,3.742e-07,0.1017,0.007752,0.01971,0.1576,3.216e-05,1.664e-05,0.057
   81360,   81420,0.0060283,0.009209,0.02829,9.337e-25,2.313e-05,3.741e-05,0.0003691,3.348e-25,2.578e-05,0.001878,0.001249,3.72e-07,0.1017,0.007736,0.0197,0.1575,3.204e-05,1.65e-05,0.057
   81420,   81480,0.0052358,0.009194,0.02826,9.06e-25,2.302e-05,3.728e-05,0.0003679,3.243e-25,2.557e-05,0.001873,0.001246,3.697e-07,0.1016,0.00772,0.01968,0.1574,3.193e-05,1.636e-05,0.057
   81480,   81540,0.0047558,0.009181,0.02822,8.809e-25,2.292e-05,3.716e-05,0.0003668,3.149e-25,2.537e-05,0.001868,0.001243,3.676e-07,0.1015,0.007704,0.01967,0.1573,3.181e-05,1.622e-05,0.057
   81540,   81600,0.0048018,0.009166,0.02819,8.55e-25,2.282e-05,3.704e-05,0.0003656,3.052e-25,2.516e-05,0.001863,0.00124,3.654e-07,0.1014,0.007687,0.01966,0.1571,3.169e-05,1.608e-05,0.057
   81600,   81660,0.0047829,0.009151,0.02816,8.303e-25,2.271e-05,3.691e-05,0.0003644,2.96e-25,2.494e-05,0.001858,0.001237,3.631e-07,0.1013,0.007671,0.01964,0.157,3.157e-05,1.594e-05,0.057
   81660,   81720,0.0039829,0.009137,0.02812,8.078e-25,2.261e-05,3.679e-05,0.0003632,2.876e-25,2.474e-05,0.001853,0.001234,3.61e-07,0.1012,0.007655,0.01963,0.1569,3.146e-05,1.581e-05,0.057
   81720,   81780,0.0043357,0.009121,0.02809,7.848e-25,2.25e-05,3.666e-05,0.000362,2.791e-25,2.453e-05,0.001848,0.001231,3.587e-07,0.1011,0.007638,0.01962,0.1568,3.134e-05,1.566e-05,0.057
   81780,   81840,0.0040532,0.009106,0.02805,7.627e-25,2.239e-05,3.653e-05,0.0003607,2.709e-25,2.432e-05,0.001843,0.001228,3.564e-07,0.101,0.00762,0.0196,0.1566,3.122e-05,1.552e-05,0.057
   81840,   81900,0.0033627,0.009091,0.02802,7.426e-25,2.229e-05,3.641e-05,0.0003595,2.635e-25,2.412e-05,0.001838,0.001225,3.543e-07,0.101,0.007604,0.01959,0.1565,3.11e-05,1.539e-05,0.057
   81900,   81960,0.0030492,0.009076,0.02798,7.219e-25,2.218e-05,3.627e-05,0.0003583,2.558e-25,2.39e-05,0.001833,0.001222,3.52e-07,0.1009,0.007587,0.01957,0.1564,3.098e-05,1.525e-05,0.057
   81960,   82020,0.0029204,0.00906,0.02795,7.02e-25,2.207e-05,3.614e-05,0.000357,2.485e-25,2.369e-05,0.001827,0.001219,3.497e-07,0.1008,0.007569,0.01956,0.1562,3.085e-05,1.51e-05,0.057
   82020,   82080,0.0027725,0.009045,0.02791,6.84e-25,2.197e-05,3.602e-05,0.0003558,2.419e-25,2.349e-05,0.001822,0.001216,3.476e-07,0.1007,0.007552,0.01955,0.1561,3.074e-05,1.497e-05,0.057
   82080,   82140,0.0026993,0.009029,0.02788,6.655e-25,2.186e-05,3.588e-05,0.0003545,2.352e-25,2.328e-05,0.001817,0.001213,3.453e-07,0.1006,0.007534,0.01953,0.156,3.061e-05,1.483e-05,0.057
   82140,   82200,0.0026301,0.009012,0.02784,6.479e-25,2.175e-05,3.575e-05,0.0003532,2.287e-25,2.306e-05,0.001811,0.00121,3.429e-07,0.1005,0.007516,0.01952,0.1558,3.048e-05,1.469e-05,0.057
   82200,   82260,0.0025751,0.008997,0.0278,6.316e-25,2.164e-05,3.562e-05,0.000352,2.228e-25,2.286e-05,0.001806,0.001206,3.408e-07,0.1004,0.007499,0.0195,0.1557,3.036e-05,1.455e-05,0.057
   82260,   82320,0.0025106,0.00898,0.02776,6.149e-25,2.153e-05,3.548e-05,0.0003506,2.167e-25,2.265e-05,0.001801,0.001203,3.384e-07,0.1003,0.00748,0.01949,0.1555,3.023e-05,1.441e-05,0.057
   82320,   82380,0.0024391,0.008963,0.02773,5.989e-25,2.142e-05,3.534e-05,0.0003493,2.109e-25,2.244e-05,0.001795,0.0012,3.361e-07,0.1002,0.007462,0.01947,0.1554,3.011e-05,1.427e-05,0.057
   82380,   82440,0.0023991,0.008947,0.02769,5.842e-25,2.131e-05,3.521e-05,0.0003481,2.056e-25,2.224e-05,0.00179,0.001197,3.339e-07,0.1001,0.007444,0.01945,0.1553,2.998e-05,1.414e-05,0.057
   82440,   82500,0.002334,0.00893,0.02765,5.692e-25,2.12e-05,3.507e-05,0.0003467,2.002e-25,2.203e-05,0.001784,0.001193,3.316e-07,0.09998,0.007425,0.01944,0.1551,2.985e-05,1.4e-05,0.057
   82500,   82560,0.002303,0.008913,0.02761,5.547e-25,2.108e-05,3.493e-05,0.0003454,1.95e-25,2.181e-05,0.001778,0.00119,3.292e-07,0.09987,0.007406,0.01942,0.155,2.972e-05,1.386e-05,0.057
   82560,   82620,0.002258,0.008896,0.02757,5.414e-25,2.097e-05,3.479e-05,0.0003441,1.903e-25,2.161e-05,0.001773,0.001187,3.27e-07,0.09977,0.007388,0.01941,0.1548,2.96e-05,1.372e-05,0.057
   82620,   82680,0.0022159,0.008879,0.02753,5.279e-25,2.086e-05,3.465e-05,0.0003427,1.854e-25,2.14e-05,0.001767,0.001183,3.247e-07,0.09966,0.007368,0.01939,0.1547,2.947e-05,1.358e-05,0.057
   82680,   82740,0.0021766,0.008861,0.02749,5.148e-25,2.074e-05,3.451e-05,0.0003413,1.807e-25,2.119e-05,0.001761,0.00118,3.223e-07,0.09955,0.007349,0.01937,0.1545,2.933e-05,1.344e-05,0.057
   82740,   82800,0.0021375,0.008844,0.02745,5.028e-25,2.063e-05,3.437e-05,0.00034,1.765e-25,2.099e-05,0.001756,0.001176,3.201e-07,0.09945,0.00733,0.01936,0.1543,2.921e-05,1.331e-05,0.057
   82800,   82860,0.0020956,0.008826,0.02741,4.905e-25,2.051e-05,3.422e-05,0.0003386,1.721e-25,2.078e-05,0.00175,0.001173,3.177e-07,0.09934,0.00731,0.01934,0.1542,2.907e-05,1.317e-05,0.057
   82860,   82920,0.0020455,0.008807,0.02737,4.786e-25,2.04e-05,3.408e-05,0.0003372,1.678e-25,2.056e-05,0.001744,0.001169,3.154e-07,0.09922,0.00729,0.01932,0.154,2.894e-05,1.303e-05,0.057
   82920,   82980,0.0019901,0.00879,0.02732,4.677e-25,2.028e-05,3.394e-05,0.0003359,1.64e-25,2.037e-05,0.001738,0.001166,3.131e-07,0.09911,0.007271,0.01931,0.1539,2.881e-05,1.29e-05,0.057
   82980,   83040,0.0019271,0.008771,0.02728,4.566e-25,2.017e-05,3.379e-05,0.0003345,1.601e-25,2.016e-05,0.001732,0.001162,3.108e-07,0.099,0.00725,0.01929,0.1537,2.867e-05,1.276e-05,0.057
   83040,   83100,0.0018581,0.008752,0.02724,4.458e-25,2.005e-05,3.364e-05,0.000333,1.562e-25,1.994e-05,0.001726,0.001159,3.084e-07,0.09888,0.007229,0.01927,0.1535,2.854e-05,1.262e-05,0.057
   83100,   83160,0.0017877,0.008734,0.0272,4.36e-25,1.993e-05,3.35e-05,0.0003317,1.528e-25,1.975e-05,0.00172,0.001155,3.061e-07,0.09877,0.00721,0.01925,0.1534,2.841e-05,1.249e-05,0.057
   83160,   83220,0.00172,0.008715,0.02715,4.258e-25,1.981e-05,3.335e-05,0.0003302,1.492e-25,1.954e-05,0.001714,0.001151,3.038e-07,0.09865,0.007189,0.01923,0.1532,2.827e-05,1.235e-05,0.057
   83220,   83280,0.0016488,0.008696,0.0271,4.16e-25,1.969e-05,3.319e-05,0.0003288,1.457e-25,1.933e-05,0.001708,0.001148,3.013e-07,0.09853,0.007167,0.01921,0.153,2.813e-05,1.222e-05,0.057
   83280,   83340,0.0015833,0.008677,0.02706,4.07e-25,1.958e-05,3.305e-05,0.0003274,1.426e-25,1.913e-05,0.001702,0.001144,2.991e-07,0.09841,0.007147,0.0192,0.1529,2.8e-05,1.209e-05,0.057
   83340,   83400,0.0015221,0.008657,0.02701,3.978e-25,1.946e-05,3.289e-05,0.0003259,1.393e-25,1.892e-05,0.001696,0.00114,2.967e-07,0.09829,0.007126,0.01918,0.1527,2.785e-05,1.195e-05,0.057
   83400,   83460,0.0014498,0.008637,0.02697,3.888e-25,1.933e-05,3.274e-05,0.0003244,1.362e-25,1.871e-05,0.001689,0.001136,2.943e-07,0.09816,0.007104,0.01916,0.1525,2.771e-05,1.181e-05,0.057
   83460,   83520,0.0013791,0.008618,0.02692,3.807e-25,1.922e-05,3.259e-05,0.000323,1.333e-25,1.852e-05,0.001683,0.001133,2.92e-07,0.09804,0.007083,0.01914,0.1523,2.758e-05,1.168e-05,0.057
   83520,   83580,0.0012984,0.008598,0.02688,3.722e-25,1.91e-05,3.243e-05,0.0003215,1.304e-25,1.831e-05,0.001677,0.001129,2.896e-07,0.09791,0.007061,0.01912,0.1521,2.744e-05,1.155e-05,0.057
   83580,   83640,0.0012146,0.008577,0.02683,3.64e-25,1.897e-05,3.228e-05,0.00032,1.275e-25,1.81e-05,0.00167,0.001125,2.872e-07,0.09778,0.007039,0.0191,0.152,2.729e-05,1.141e-05,0.057
   83640,   83700,0.0011249,0.008558,0.02678,3.565e-25,1.885e-05,3.213e-05,0.0003186,1.249e-25,1.791e-05,0.001664,0.001121,2.849e-07,0.09766,0.007017,0.01908,0.1518,2.716e-05,1.128e-05,0.057
   83700,   83760,0.0010248,0.008537,0.02673,3.488e-25,1.873e-05,3.197e-05,0.0003171,1.222e-25,1.77e-05,0.001658,0.001117,2.825e-07,0.09752,0.006995,0.01906,0.1516,2.701e-05,1.115e-05,0.057
   83760,   83820,0.00091769,0.008515,0.02668,3.413e-25,1.86e-05,3.18e-05,0.0003155,1.196e-25,1.749e-05,0.001651,0.001113,2.801e-07,0.09739,0.006972,0.01904,0.1514,2.687e-05,1.101e-05,0.057
   83820,   83880,0.00081213,0.008495,0.02663,3.345e-25,1.849e-05,3.165e-05,0.0003141,1.173e-25,1.73e-05,0.001645,0.001109,2.778e-07,0.09726,0.00695,0.01902,0.1512,2.673e-05,1.089e-05,0.057
   83880,   83940,0.00071244,0.008474,0.02658,3.274e-25,1.836e-05,3.149e-05,0.0003125,1.148e-25,1.709e-05,0.001638,0.001105,2.754e-07,0.09712,0.006927,0.019,0.151,2.658e-05,1.075e-05,0.057
   83940,   84000,0.00061833,0.008452,0.02653,3.205e-25,1.823e-05,3.132e-05,0.0003109,1.124e-25,1.689e-05,0.001631,0.001101,2.73e-07,0.09698,0.006903,0.01898,0.1508,2.643e-05,1.062e-05,0.057
   84000,   84060,0.00054581,0.008431,0.02648,3.143e-25,1.811e-05,3.117e-05,0.0003094,1.102e-25,1.67e-05,0.001625,0.001097,2.707e-07,0.09685,0.006881,0.01895,0.1506,2.629e-05,1.049e-05,0.057
   84060,   84120,0.00049167,0.008409,0.02643,3.078e-25,1.799e-05,3.1e-05,0.0003079,1.08e-25,1.649e-05,0.001618,0.001093,2.683e-07,0.09671,0.006857,0.01893,0.1504,2.614e-05,1.036e-05,0.057
   84120,   84180,0.00045013,0.008386,0.02638,3.015e-25,1.786e-05,3.084e-05,0.0003063,1.058e-25,1.629e-05,0.001611,0.001089,2.659e-07,0.09656,0.006833,0.01891,0.1502,2.599e-05,1.023e-05,0.057
   84180,   84240,0.00043442,0.008365,0.02632,2.958e-25,1.774e-05,3.068e-05,0.0003048,1.038e-25,1.61e-05,0.001604,0.001085,2.636e-07,0.09643,0.00681,0.01889,0.15,2.585e-05,1.01e-05,0.057
   84240,   84300,0.0004153,0.008342,0.02627,2.898e-25,1.761e-05,3.051e-05,0.0003031,1.017e-25,1.59e-05,0.001597,0.00108,2.611e-07,0.09628,0.006785,0.01886,0.1498,2.57e-05,9.973e-06,0.057
   84300,   84360,0.00039852,0.008319,0.02621,2.84e-25,1.748e-05,3.034e-05,0.0003015,9.974e-26,1.57e-05,0.00159,0.001076,2.587e-07,0.09613,0.006761,0.01884,0.1496,2.555e-05,9.842e-06,0.057
   84360,   84420,0.00039603,0.008297,0.02616,2.787e-25,1.736e-05,3.018e-05,0.0003,9.79e-26,1.551e-05,0.001583,0.001072,2.564e-07,0.09599,0.006737,0.01882,0.1494,2.54e-05,9.72e-06,0.057
   84420,   84480,0.00038808,0.008273,0.02611,2.732e-25,1.723e-05,3e-05,0.0002984,9.6e-26,1.531e-05,0.001576,0.001067,2.54e-07,0.09583,0.006712,0.0188,0.1492,2.525e-05,9.59e-06,0.057
   84480,   84540,0.00036692,0.00825,0.02605,2.678e-25,1.71e-05,2.983e-05,0.0002967,9.415e-26,1.511e-05,0.001569,0.001063,2.516e-07,0.09568,0.006686,0.01877,0.1489,2.509e-05,9.461e-06,0.057
   84540,   84600,0.00033765,0.008227,0.02599,2.629e-25,1.697e-05,2.967e-05,0.0002951,9.245e-26,1.493e-05,0.001562,0.001059,2.493e-07,0.09553,0.006662,0.01875,0.1487,2.495e-05,9.34e-06,0.057
