CampaignData_and_Merges/R0/CSL_MobileLab_Parked/raw/20240813/USOS-MetNav_MobileLabGround_20240813_R0.ict
44, 1001
Carrie Womack, Nate Howard, Mike Zucker
NOAA Chemical Sciences Laboratory
Mobile Lab MetNav Station
USOS
1, 1
2024, 08, 13, 2024, 12, 21
60
Time_Start, seconds_past_midnight, Seconds from midnight UTC
11
1, 1, 1, 1, 1, 1, 1, 1, 1, 1, 1
-9999, -9999, -9999, -9999, -9999, -9999, -9999, -9999, -9999, -9999, -9999
GPS_Alt_m, meters, Altitude from Differential GPS
GPS_Course_deg, degrees, Course from Differential GPS
GPS_GndSpd_m_s, m/s, Ground Speed from Differential GPS
GPS_Heading_deg, degrees, Heading from Differential GPS
GPS_Lat_deg, degrees, Latitude from Differential GPS
GPS_Lon_deg, degrees, Longitude from Differential GPS
AirTemp_C, Celsius, Air Temperature from Airmar
RelHumidity_pct, percent, Relative Humidity from Airmar
Pressure_mb, millibars, Pressure from Honeywell
WindDir_calc_deg, degrees, Wind Direction from Airmar corrected for van movement
WindSpd_calc_m_s, m/s, Wind Speed from Airmar corrected for van movement
1
SPECIAL COMMENTS:
18
PI_CONTACT_INFO: Address: 325 Broadway R/CSL7, Boulder, CO, 80305
PLATFORM: CSL Mobile Lab
LOCATION: Salt Lake City, UT
ASSOCIATED_DATA: N/A
INSTRUMENT_INFO: N/A
DATA_INFO: Units:
UNCERTAINTY: N/A
ULOD_FLAG: -7777
ULOD_VALUE: N/A
LLOD_FLAG: -8888
LLOD_VALUE: N/A
DM_CONTACT_INFO: Data Manager: Nate Howard
PROJECT_INFO: 
STIPULATIONS_ON_USE: Use of these data require prior ok from PI.
OTHER_COMMENTS: 
REVISION: R0
R0: Final data. Fixed bug in wind averaging code. RA: Preliminary Data. For in-field use only. 
Time_Start, GPS_Alt_m, GPS_Course_deg, GPS_GndSpd_m_s, GPS_Heading_deg, GPS_Lat_deg, GPS_Lon_deg, AirTemp_C, RelHumidity_pct, Pressure_mb, WindDir_calc_deg, WindSpd_calc_m_s
[from data line 626]
37560.0,1310.2,2.31,0.05,2.31,40.73433,-111.87210,19.0,59.7,875.1,164.99,2.6
37620.0,1309.9,2.38,0.04,2.38,40.73434,-111.87210,19.0,59.7,875.2,192.39,1.9
37680.0,1309.8,2.38,0.05,2.38,40.73434,-111.87210,19.0,59.4,875.2,182.97,2.0
37740.0,1309.7,2.34,0.05,2.34,40.73434,-111.87210,19.0,59.4,875.2,183.41,2.1
37800.0,1309.5,2.67,0.05,2.67,40.73434,-111.87210,19.0,59.6,875.2,184.33,2.2
37860.0,1308.8,2.57,0.05,2.57,40.73434,-111.87210,19.0,59.6,875.1,184.90,2.3
37920.0,1308.8,2.78,0.06,2.78,40.73434,-111.87210,19.0,59.5,875.1,150.18,2.4
37980.0,1308.9,2.86,0.06,2.86,40.73434,-111.87210,19.0,59.7,875.1,166.89,2.3
38040.0,1309.5,3.08,0.05,3.08,40.73434,-111.87210,18.9,60.0,875.1,187.14,2.4
38100.0,1309.4,3.12,0.04,3.12,40.73434,-111.87210,18.9,59.7,875.2,189.59,3.5
38160.0,1309.1,3.05,0.05,3.05,40.73434,-111.87210,18.9,59.3,875.2,170.99,3.4
38220.0,1309.3,2.90,0.05,2.90,40.73434,-111.87210,18.9,59.3,875.2,190.17,2.1
38280.0,1309.9,2.83,0.05,2.83,40.73434,-111.87210,18.8,59.4,875.2,193.48,1.3
38340.0,1310.1,2.74,0.05,2.74,40.73434,-111.87210,18.9,59.4,875.3,178.49,1.1
38400.0,1310.2,2.90,0.05,2.90,40.73434,-111.87210,19.0,59.4,875.3,191.13,1.8
38460.0,1310.3,3.40,0.05,3.40,40.73434,-111.87210,19.0,59.3,875.3,180.13,2.5
38520.0,1310.5,3.35,0.05,3.35,40.73434,-111.87210,19.0,59.0,875.3,188.77,0.7
38580.0,1310.7,2.99,0.06,2.99,40.73434,-111.87210,19.0,59.0,875.3,181.76,1.0
38640.0,1310.9,3.40,0.05,3.40,40.73434,-111.87210,19.1,59.1,875.3,186.26,1.5
38700.0,1311.2,3.71,0.05,3.71,40.73433,-111.87210,19.0,58.7,875.3,190.01,3.5
38760.0,1311.2,3.59,0.06,3.59,40.73433,-111.87210,19.0,58.6,875.3,187.17,2.3
38820.0,1311.0,3.43,0.05,3.43,40.73434,-111.87210,19.0,58.4,875.3,204.44,2.4
38880.0,1310.9,3.15,0.05,3.15,40.73434,-111.87210,19.1,58.2,875.3,178.36,1.3
38940.0,1310.8,3.63,0.05,3.63,40.73434,-111.87210,19.1,57.8,875.3,176.74,2.6
39000.0,1310.8,3.28,0.05,3.28,40.73434,-111.87210,19.1,57.8,875.3,177.52,2.1
39060.0,1310.8,2.55,0.05,2.55,40.73434,-111.87210,19.1,57.7,875.4,162.20,1.9
39120.0,1310.4,2.50,0.07,2.50,40.73433,-111.87210,19.1,57.4,875.4,163.97,2.0
39180.0,1310.1,2.84,0.05,2.84,40.73433,-111.87210,19.0,57.6,875.4,169.84,2.9
39240.0,1310.0,2.45,0.05,2.45,40.73433,-111.87210,19.1,57.4,875.4,167.34,2.7
39300.0,1310.0,2.29,0.05,2.29,40.73433,-111.87210,19.1,57.3,875.4,180.07,1.9
39360.0,1310.0,2.63,0.05,2.63,40.73433,-111.87210,18.9,57.6,875.4,136.09,3.9
39420.0,1309.9,3.29,0.05,3.29,40.73433,-111.87210,19.0,57.4,875.5,154.70,3.2
39480.0,1309.7,3.12,0.05,3.12,40.73433,-111.87210,18.9,57.4,875.5,169.87,2.7
39540.0,1309.8,3.09,0.05,3.09,40.73433,-111.87210,19.0,57.0,875.5,203.14,1.9
39600.0,1309.9,2.78,0.05,2.78,40.73433,-111.87210,19.1,56.8,875.5,188.58,1.9
39660.0,1309.8,2.72,0.04,2.72,40.73433,-111.87210,19.2,56.8,875.5,155.64,1.8
39720.0,1309.7,2.78,0.04,2.78,40.73433,-111.87210,19.1,56.8,875.5,146.37,1.6
39780.0,1309.6,3.32,0.05,3.32,40.73433,-111.87210,19.1,56.6,875.6,137.17,2.2
39840.0,1309.5,3.53,0.04,3.53,40.73433,-111.87210,19.1,56.8,875.6,162.09,2.6
39900.0,1309.4,3.32,0.04,3.32,40.73433,-111.87210,19.0,56.8,875.7,179.82,3.4
39960.0,1309.4,2.94,0.04,2.94,40.73433,-111.87210,19.1,56.8,875.6,192.58,2.2
40020.0,1309.4,2.90,0.04,2.90,40.73433,-111.87210,19.2,56.5,875.6,170.54,2.0
40080.0,1309.4,2.87,0.05,2.87,40.73433,-111.87210,19.3,56.5,875.6,169.22,1.4
40140.0,1309.3,2.96,0.04,2.96,40.73433,-111.87210,19.3,56.0,875.6,160.57,1.6
40200.0,1309.2,2.74,0.04,2.74,40.73433,-111.87210,19.3,56.1,875.6,192.36,1.3
40260.0,1309.2,2.40,0.05,2.40,40.73433,-111.87210,19.4,55.9,875.6,163.99,1.8
40320.0,1309.1,2.65,0.06,2.65,40.73433,-111.87210,19.3,56.1,875.7,167.93,3.1
40380.0,1309.2,2.61,0.04,2.61,40.73433,-111.87210,19.2,56.1,875.7,134.04,2.8
40440.0,1309.2,2.59,0.04,2.59,40.73433,-111.87210,19.2,56.1,875.7,135.70,1.7
40500.0,1309.2,2.50,0.05,2.50,40.73433,-111.87210,19.3,55.9,875.7,169.57,1.5
40560.0,1309.2,3.30,0.04,3.30,40.73433,-111.87210,19.3,55.6,875.8,163.60,1.5
40620.0,1309.3,3.20,0.05,3.20,40.73433,-111.87210,19.3,55.7,875.8,153.98,2.7
40680.0,1309.5,2.92,0.05,2.92,40.73433,-111.87210,19.4,55.6,875.8,171.41,2.4
40740.0,1309.5,2.64,0.05,2.64,40.73433,-111.87210,19.3,55.5,875.9,194.10,2.5
40800.0,1309.5,2.63,0.04,2.63,40.73433,-111.87210,19.4,55.6,875.9,130.32,1.7
40860.0,1309.5,2.75,0.04,2.75,40.73433,-111.87210,19.3,55.7,875.9,121.64,1.9
40920.0,1309.5,3.03,0.04,3.03,40.73433,-111.87210,19.3,56.0,876.0,130.81,2.1
40980.0,1309.4,2.68,0.04,2.68,40.73433,-111.87210,19.2,55.7,876.0,121.19,1.7
41040.0,1309.5,2.79,0.05,2.79,40.73433,-111.87210,19.2,55.5,876.0,100.99,1.3
41100.0,1309.6,3.13,0.04,3.13,40.73433,-111.87210,19.2,55.4,876.1,103.68,1.0
41160.0,1309.7,3.05,0.04,3.05,40.73433,-111.87210,19.2,55.1,876.1,118.46,1.4
41220.0,1309.7,2.83,0.04,2.83,40.73433,-111.87210,19.3,54.9,876.1,106.99,0.7
41280.0,1309.8,2.64,0.05,2.64,40.73433,-111.87210,19.3,55.1,876.1,88.25,0.5
41340.0,1309.8,2.24,0.05,2.24,40.73433,-111.87210,19.3,55.0,876.1,102.11,0.4
41400.0,1309.9,2.16,0.04,2.16,40.73433,-111.87210,19.4,54.7,876.2,135.03,0.9
41460.0,1309.9,2.11,0.04,2.11,40.73433,-111.87210,19.5,54.5,876.2,105.72,0.5
41520.0,1309.8,2.14,0.05,2.14,40.73433,-111.87210,19.5,54.4,876.2,98.48,0.5
41580.0,1310.1,2.32,0.04,2.32,40.73433,-111.87210,19.5,54.5,876.2,85.47,0.6
41640.0,1310.1,1.72,0.05,1.72,40.73433,-111.87210,19.5,54.5,876.2,67.98,0.4
41700.0,1310.0,1.56,0.04,1.56,40.73433,-111.87210,19.6,54.2,876.3,104.06,0.2
41760.0,1309.8,0.88,0.05,0.88,40.73433,-111.87210,19.6,53.8,876.3,62.23,0.2
41820.0,1309.6,1.05,0.04,1.05,40.73433,-111.87210,19.6,53.7,876.4,50.33,0.4
41880.0,1309.5,1.40,0.04,1.40,40.73433,-111.87210,19.6,53.5,876.4,28.16,0.1
41940.0,1309.4,1.51,0.04,1.51,40.73433,-111.87210,19.7,53.4,876.5,39.91,0.1
42000.0,1309.4,1.55,0.04,1.55,40.73433,-111.87210,19.8,53.2,876.5,1.41,0.1
42060.0,1309.4,1.82,0.04,1.82,40.73433,-111.87210,19.8,53.2,876.4,311.42,0.5
42120.0,1309.2,1.56,0.04,1.56,40.73433,-111.87210,19.8,53.2,876.5,355.65,0.2
42180.0,1309.2,2.13,0.05,2.13,40.73433,-111.87210,19.8,53.3,876.5,24.17,0.3
42240.0,1309.2,2.34,0.04,2.34,40.73433,-111.87210,19.9,53.1,876.5,357.88,0.1
42300.0,1309.1,2.05,0.04,2.05,40.73433,-111.87210,20.0,52.8,876.5,71.15,0.3
42360.0,1309.1,1.94,0.04,1.94,40.73433,-111.87210,20.0,52.8,876.5,88.14,0.6
42420.0,1309.2,2.25,0.04,2.25,40.73433,-111.87210,19.9,52.8,876.5,30.40,0.4
42480.0,1309.3,2.62,0.04,2.62,40.73433,-111.87210,19.9,52.5,876.5,4.53,0.2
42540.0,1309.2,2.15,0.05,2.15,40.73433,-111.87210,20.0,52.2,876.5,331.23,0.2
42600.0,1309.2,2.30,0.05,2.30,40.73433,-111.87210,20.1,51.9,876.5,271.92,0.2
42660.0,1309.2,2.50,0.04,2.50,40.73433,-111.87210,20.0,52.1,876.5,92.56,0.3
42720.0,1309.2,2.64,0.04,2.64,40.73433,-111.87210,20.0,52.0,876.6,333.45,0.6
42780.0,1309.2,2.23,0.05,2.23,40.73433,-111.87210,20.0,51.9,876.6,341.62,0.3
42840.0,1309.6,1.82,0.05,1.82,40.73433,-111.87210,20.0,52.0,876.7,56.21,0.2
42900.0,1309.0,1.49,0.05,1.49,40.73433,-111.87210,20.1,52.1,876.7,257.93,0.3
42960.0,1309.0,1.00,0.05,1.00,40.73433,-111.87210,20.0,52.0,876.7,329.13,0.4
43020.0,1309.3,0.85,0.05,0.85,40.73433,-111.87210,20.0,51.9,876.7,274.35,0.3
43080.0,1309.6,1.44,0.05,1.44,40.73433,-111.87210,20.1,51.7,876.8,47.04,0.1
43140.0,1309.7,2.46,0.04,2.46,40.73433,-111.87210,20.1,51.5,876.8,25.14,0.2
43200.0,1309.7,2.68,0.05,2.68,40.73433,-111.87210,20.1,51.2,876.9,3.71,0.2
43260.0,1309.7,3.05,0.04,3.05,40.73433,-111.87210,20.1,51.2,876.9,60.76,0.4
43320.0,1309.8,3.16,0.04,3.16,40.73433,-111.87210,20.1,51.1,876.9,290.71,0.3
43380.0,1309.9,2.87,0.04,2.87,40.73433,-111.87210,20.0,51.0,876.9,0.23,0.5
43440.0,1309.9,2.17,0.05,2.17,40.73433,-111.87210,19.9,50.9,876.8,328.99,0.7
43500.0,1310.0,1.92,0.05,1.92,40.73433,-111.87210,20.0,51.0,876.8,258.15,0.3
43560.0,1310.0,2.29,0.04,2.29,40.73433,-111.87210,20.1,51.0,876.9,112.37,0.3
43620.0,1310.0,2.63,0.04,2.63,40.73433,-111.87210,20.1,50.9,876.9,25.17,0.4
43680.0,1310.0,2.33,0.05,2.33,40.73433,-111.87210,20.2,50.8,877.0,349.97,0.1
43740.0,1310.0,2.08,0.04,2.08,40.73433,-111.87210,20.2,50.9,877.0,4.71,0.2
43800.0,1310.0,1.73,0.04,1.73,40.73433,-111.87210,20.0,51.1,877.1,287.67,1.6
43860.0,1310.1,1.61,0.05,1.61,40.73433,-111.87210,20.1,51.3,877.1,324.98,0.2
43920.0,1310.0,1.24,0.05,1.24,40.73433,-111.87210,20.2,51.3,877.2,241.43,0.3
43980.0,1310.0,1.51,0.04,1.51,40.73433,-111.87210,20.3,51.2,877.2,320.74,0.4
44040.0,1310.1,1.60,0.05,1.60,40.73433,-111.87210,20.2,51.3,877.2,322.56,0.5
44100.0,1310.1,1.56,0.05,1.56,40.73433,-111.87210,20.2,51.8,877.2,290.47,0.5
44160.0,1310.1,1.52,0.05,1.52,40.73433,-111.87210,20.2,52.0,877.3,309.85,1.0
44220.0,1310.2,1.64,0.05,1.64,40.73433,-111.87210,20.2,52.3,877.3,296.76,0.2
44280.0,1310.2,1.51,0.04,1.51,40.73433,-111.87210,20.2,52.3,877.3,13.80,0.2
44340.0,1310.1,1.76,0.04,1.76,40.73433,-111.87210,20.1,52.6,877.3,263.67,1.1
44400.0,1310.0,2.14,0.04,2.14,40.73433,-111.87210,20.1,52.9,877.3,65.17,0.2
44460.0,1310.0,1.78,0.05,1.78,40.73433,-111.87210,20.2,52.9,877.3,142.86,0.4
44520.0,1309.9,2.14,0.05,2.14,40.73433,-111.87210,20.2,52.8,877.3,233.00,0.2
44580.0,1309.8,2.32,0.05,2.32,40.73433,-111.87210,20.2,52.6,877.3,330.57,0.7
44640.0,1309.6,2.49,0.05,2.49,40.73433,-111.87210,20.1,52.7,877.2,319.96,0.2
44700.0,1309.5,2.06,0.05,2.06,40.73433,-111.87210,20.0,52.9,877.2,332.98,0.6
44760.0,1309.7,2.19,0.04,2.19,40.73434,-111.87210,19.9,52.9,877.3,345.86,0.6
44820.0,1309.6,2.52,0.05,2.52,40.73434,-111.87210,19.9,52.9,877.3,304.35,0.8
44880.0,1309.5,2.46,0.05,2.46,40.73433,-111.87210,19.8,53.0,877.3,288.45,0.9
44940.0,1309.5,2.19,0.05,2.19,40.73433,-111.87210,19.9,53.2,877.3,282.90,0.5
45000.0,1309.7,2.84,0.05,2.84,40.73433,-111.87210,19.7,53.4,877.3,340.66,0.6
45060.0,1309.7,2.63,0.05,2.63,40.73434,-111.87210,19.7,53.4,877.3,336.35,0.3
45120.0,1309.7,2.35,0.05,2.35,40.73434,-111.87210,19.9,53.2,877.4,109.36,0.5
45180.0,1309.5,2.21,0.06,2.21,40.73434,-111.87210,19.9,53.1,877.4,216.38,0.8
45240.0,1309.6,2.50,0.05,2.50,40.73434,-111.87210,19.9,53.3,877.4,262.47,0.2
45300.0,1309.4,2.51,0.05,2.51,40.73434,-111.87210,19.9,53.4,877.4,318.19,0.5
45360.0,1309.3,1.79,0.05,1.79,40.73434,-111.87210,20.0,53.3,877.4,170.40,0.5
45420.0,1309.3,1.88,0.05,1.88,40.73434,-111.87210,20.0,53.4,877.4,163.00,1.6
45480.0,1309.4,2.26,0.04,2.26,40.73434,-111.87210,20.0,53.4,877.4,250.72,0.4
45540.0,1309.3,2.61,0.04,2.61,40.73434,-111.87210,19.9,53.2,877.4,283.24,1.0
45600.0,1309.2,2.60,0.05,2.60,40.73434,-111.87210,19.9,53.1,877.3,121.43,0.6
45660.0,1309.2,2.53,0.05,2.53,40.73434,-111.87210,19.9,53.4,877.3,104.62,0.8
45720.0,1309.2,2.73,0.04,2.73,40.73434,-111.87210,19.9,53.3,877.3,155.18,0.9
45780.0,1309.2,3.00,0.05,3.00,40.73434,-111.87210,19.9,53.3,877.3,110.98,0.8
45840.0,1309.2,2.91,0.05,2.91,40.73434,-111.87210,19.9,53.5,877.3,121.34,1.0
45900.0,1309.1,3.19,0.05,3.19,40.73434,-111.87210,19.8,53.3,877.3,87.74,1.4
45960.0,1309.1,3.13,0.05,3.13,40.73434,-111.87210,19.8,53.3,877.3,91.27,0.3
46020.0,1309.1,2.90,0.05,2.90,40.73434,-111.87210,19.9,52.4,877.3,125.58,0.6
46080.0,1309.0,2.75,0.05,2.75,40.73434,-111.87210,19.9,52.4,877.2,121.13,0.9
46140.0,1309.2,2.73,0.05,2.73,40.73434,-111.87210,19.9,52.7,877.2,115.70,1.0
46200.0,1309.1,2.26,0.05,2.26,40.73434,-111.87210,19.8,52.9,877.2,117.47,1.3
46260.0,1309.2,1.50,0.04,1.50,40.73434,-111.87210,19.9,52.9,877.2,121.57,0.8
46320.0,1308.9,1.42,0.04,1.42,40.73434,-111.87210,19.8,53.0,877.2,117.96,1.4
46380.0,1308.8,2.06,0.05,2.06,40.73434,-111.87210,19.8,53.3,877.2,131.50,2.4
46440.0,1308.8,2.64,0.05,2.64,40.73433,-111.87210,19.7,53.6,877.2,121.17,1.6
46500.0,1308.8,2.34,0.06,2.34,40.73434,-111.87210,19.8,53.7,877.2,139.27,1.5
46560.0,1309.0,1.97,0.06,1.97,40.73434,-111.87210,19.8,53.5,877.3,189.24,0.3
46620.0,1309.2,1.60,0.05,1.60,40.73433,-111.87210,19.8,53.5,877.3,174.27,1.5
46680.0,1309.3,1.99,0.04,1.99,40.73433,-111.87210,19.8,54.2,877.3,148.01,2.0
46740.0,1309.1,1.65,0.05,1.65,40.73433,-111.87210,19.8,54.6,877.3,162.88,2.3
46800.0,1308.9,1.69,0.06,1.69,40.73433,-111.87210,19.8,54.5,877.3,147.94,1.4
46860.0,1308.8,2.25,0.05,2.25,40.73433,-111.87210,19.8,54.6,877.3,156.16,2.2
46920.0,1308.7,2.74,0.06,2.74,40.73433,-111.87210,19.8,55.0,877.3,148.67,2.0
46980.0,1308.8,2.62,0.05,2.62,40.73433,-111.87211,19.7,55.5,877.3,129.81,3.0
47040.0,1308.8,1.81,0.05,1.81,40.73433,-111.87211,19.6,55.7,877.3,148.83,2.3
47100.0,1308.8,1.20,0.05,1.20,40.73433,-111.87211,19.6,55.5,877.3,166.27,2.4
47160.0,1308.6,1.02,0.06,1.02,40.73433,-111.87211,19.6,55.6,877.3,160.58,2.1
47220.0,1308.6,1.14,0.05,1.14,40.73433,-111.87211,19.6,56.1,877.3,137.99,2.3
47280.0,1309.2,0.98,0.05,0.98,40.73433,-111.87211,19.5,56.1,877.3,127.45,1.9
47340.0,1309.3,1.19,0.06,1.19,40.73433,-111.87211,19.5,56.3,877.3,133.91,2.3
47400.0,1309.1,0.70,0.05,0.70,40.73433,-111.87211,19.5,56.2,877.3,169.86,1.6
47460.0,1309.1,0.95,0.05,0.95,40.73433,-111.87211,19.5,56.3,877.3,173.54,1.6
47520.0,1309.2,0.98,0.06,0.98,40.73433,-111.87211,19.6,56.5,877.3,168.37,1.4
47580.0,1309.1,1.09,0.06,1.09,40.73433,-111.87211,19.5,56.5,877.3,138.57,2.8
47640.0,1309.2,0.81,0.06,0.81,40.73433,-111.87211,19.6,56.2,877.3,171.35,0.8
47700.0,1309.4,0.60,0.06,0.60,40.73433,-111.87211,19.7,55.7,877.3,161.79,1.2
47760.0,1309.6,1.60,0.05,1.60,40.73433,-111.87211,19.7,55.7,877.3,142.34,1.8
47820.0,1309.7,1.18,0.05,1.18,40.73433,-111.87211,19.7,55.7,877.3,152.23,2.1
47880.0,1309.8,1.25,0.06,1.25,40.73433,-111.87211,19.7,55.8,877.3,153.41,2.0
47940.0,1310.1,1.78,0.06,1.78,40.73434,-111.87211,19.7,56.2,877.3,142.31,1.7
48000.0,1310.4,2.63,0.05,2.63,40.73434,-111.87210,19.7,56.2,877.3,155.86,1.9
48060.0,1310.4,2.25,0.05,2.25,40.73434,-111.87210,19.6,56.3,877.2,136.18,2.0
48120.0,1310.4,2.72,0.05,2.72,40.73434,-111.87210,19.6,56.7,877.2,117.59,1.9
48180.0,1310.4,2.78,0.05,2.78,40.73434,-111.87210,19.4,56.7,877.2,123.91,2.8
48240.0,1310.2,2.36,0.05,2.36,40.73434,-111.87211,19.4,56.7,877.2,118.41,1.9
48300.0,1310.2,3.05,0.05,3.05,40.73434,-111.87211,19.3,56.8,877.1,122.73,2.1
48360.0,1310.4,3.42,0.05,3.42,40.73434,-111.87211,19.3,56.8,877.1,126.80,1.6
48420.0,1310.6,3.88,0.05,3.88,40.73434,-111.87211,19.2,57.0,877.2,116.30,2.0
48480.0,1310.6,3.35,0.05,3.35,40.73434,-111.87211,19.2,57.0,877.2,114.65,2.1
48540.0,1310.8,3.66,0.05,3.66,40.73434,-111.87211,19.2,57.1,877.2,126.97,1.7
48600.0,1310.9,3.55,0.06,3.55,40.73434,-111.87211,19.1,57.3,877.2,125.90,1.7
48660.0,1311.3,3.17,0.07,3.17,40.73434,-111.87211,19.1,57.1,877.2,113.62,1.5
48720.0,1311.6,3.09,0.05,3.09,40.73434,-111.87211,19.1,57.0,877.2,121.91,1.7
48780.0,1310.7,3.58,0.06,3.58,40.73434,-111.87211,19.1,56.9,877.2,118.41,1.2
48840.0,1310.4,3.72,0.06,3.72,40.73434,-111.87211,19.2,56.9,877.2,122.73,1.0
48900.0,1310.1,2.99,0.05,2.99,40.73434,-111.87211,19.3,57.0,877.2,123.84,1.1
48960.0,1310.0,2.96,0.05,2.96,40.73434,-111.87211,19.3,56.9,877.2,115.14,1.0
49020.0,1309.9,2.87,0.05,2.87,40.73434,-111.87211,19.3,57.0,877.2,102.90,0.7
49080.0,1309.6,2.70,0.06,2.70,40.73434,-111.87211,19.4,56.3,877.2,118.88,0.7
49140.0,1309.3,2.72,0.06,2.72,40.73434,-111.87211,19.5,56.1,877.2,119.56,0.7
49200.0,1309.2,2.27,0.05,2.27,40.73434,-111.87211,19.6,55.6,877.2,117.57,0.7
49260.0,1309.3,2.59,0.05,2.59,40.73434,-111.87211,19.6,55.3,877.2,119.44,1.0
49320.0,1309.2,2.99,0.05,2.99,40.73434,-111.87211,19.6,55.8,877.2,114.66,0.8
49380.0,1309.2,2.88,0.06,2.88,40.73434,-111.87211,19.6,55.7,877.2,109.11,0.7
49440.0,1309.1,3.00,0.06,3.00,40.73434,-111.87210,19.6,55.8,877.2,111.43,0.9
49500.0,1309.1,2.70,0.05,2.70,40.73434,-111.87210,19.6,55.1,877.2,107.13,1.1
49560.0,1309.7,2.37,0.06,2.37,40.73434,-111.87210,19.7,55.3,877.2,105.72,1.0
49620.0,1309.8,2.40,0.06,2.40,40.73434,-111.87210,19.7,55.3,877.2,110.05,1.2
49680.0,1309.2,2.68,0.07,2.68,40.73434,-111.87210,19.7,55.1,877.2,108.79,1.1
49740.0,1309.0,2.79,0.05,2.79,40.73434,-111.87210,19.7,55.4,877.1,108.88,1.2
49800.0,1308.8,2.92,0.05,2.92,40.73434,-111.87211,19.8,55.7,877.1,110.27,1.1
49860.0,1309.1,2.83,0.05,2.83,40.73433,-111.87210,19.8,55.6,877.1,110.58,0.9
49920.0,1309.2,2.54,0.05,2.54,40.73433,-111.87210,19.8,55.5,877.1,114.23,1.2
49980.0,1309.2,2.80,0.06,2.80,40.73433,-111.87210,19.8,55.5,877.0,113.51,1.1
