CampaignData_and_Merges/R0/CSL_MobileLab_Parked/raw/20240813/USOS-Picarro-CO2-CH4-CO-H2O_MobileLabGround_20240813_R0.ict
38, 1001
Ilana Pollack, Nell Schafer, and Jeff Peischl
NOAA Chemical Sciences Laboratory
Picarro 2401-m CO2/CH4/CO/H2O Analyzer
USOS
1, 1
2024, 08, 13, 2024, 11, 20
0
StartTime_UTC, seconds_past_midnight, seconds past midnight
5
1, 1, 1, 1, 1
-9999, -9999, -9999, -9999, -9999
StopTime_UTC, seconds_past_midnight, seconds past midnight
CO2_ppm_1min, ppm, Gas_CO2_InSitu_S_DMF, carbon dioxide mixing ratio
CH4_ppb_1min, ppb, Gas_CH4_InSitu_S_DMF, methane mixing ratio
CO_ppb_1min, ppb, Gas_CO_InSitu_S_DMF, carbon monoxide mixing ratio
H2O_ppmv_1min, ppmv, Met_H2OMRV_InSitu_S_AVMR, water vapor mixing ratio
1
SPECIAL COMMENTS: N/A
18
PI_CONTACT_INFO: Address: NOAA Chemical Sciences Laboratory, Mail Stop CSL7, 325 Broadway, Boulder, CO 80305; Email: Ilana.Pollack@noaa.gov
PLATFORM: NOAA CSL Mobile Laboratory
LOCATION: The mobile lab was stationed in Salt Lake City, Utah.
ASSOCIATED_DATA: N/A
INSTRUMENT_INFO: CO2, CH4, and CO are reported as dry air mole fractions using a commercial wavelength-scanned cavity ring-down analyzer (Picarro 2401-m). An in-field calibration gas standard of 432±0.07 ppm CO2, 2095±1 ppb CH4, and 183±1 ppb CO, calibrated in the Boulder laboratories before and after the field project using primary CO2, CH4, and CO standard tanks tied to the WMO standard (X2019, X2004A, and X2014A, respectively) from the Global Monitoring Laboratory (GML), was delivered to the inlet every 2-3 days to evaluate instrument sensitivity. A H2O measurement was calibrated before the project with a Dew Point Mirror 373 hygrometer. The water correction calculated from these calibrations was applied to the H2O measurement for the entire campaign. Species are measured at 0.5 Hz and reported as 1-minute averages for stationary measurements.
DATA_INFO: Units: CO2, ppm, dry air mole fraction; CH4, ppb, dry air mole fraction; CO, ppb, dry air mole fraction; H2O, ppmv
UNCERTAINTY: Total uncertainties are estimated as ±0.1 ppm for CO2, ±1 ppb for CH4, ±5 ppb for CO, and ±(50 ppm + 4%) for H2O.
ULOD_FLAG: -7777
ULOD_VALUE: N/A
LLOD_FLAG: -8888
LLOD_VALUE: N/A
DM_CONTACT_INFO: Data Manager: Nathan Howard; nathan.h.howard@noaa.gov
PROJECT_INFO: USOS Dates of Study: July – August 2024
STIPULATIONS_ON_USE: Use of these data require prior ok from PI.
OTHER_COMMENTS: Data are averaged to 1 minute intervals. Stationary data collected from a 10 ft tower on top of the mobile van.
REVISION: R0
R0: Final Data
StartTime_UTC, StopTime_UTC, CO2_ppm_1min, CH4_ppb_1min, CO_ppb_1min, H2O_ppmv_1min
0,60,-9999,-9999,-9999,-9999
60,120,-9999,-9999,-9999,-9999
120,180,-9999,-9999,-9999,-9999
180,240,-9999,-9999,-9999,-9999
240,300,-9999,-9999,-9999,-9999
300,360,-9999,-9999,-9999,-9999
360,420,-9999,-9999,-9999,-9999
420,480,-9999,-9999,-9999,-9999
480,540,-9999,-9999,-9999,-9999
540,600,-9999,-9999,-9999,-9999
600,660,-9999,-9999,-9999,-9999
660,720,-9999,-9999,-9999,-9999
720,780,-9999,-9999,-9999,-9999
780,840,-9999,-9999,-9999,-9999
840,900,-9999,-9999,-9999,-9999
900,960,-9999,-9999,-9999,-9999
960,1020,-9999,-9999,-9999,-9999
1020,1080,-9999,-9999,-9999,-9999
1080,1140,-9999,-9999,-9999,-9999
1140,1200,433.14,1938.4,120.8,20304.3984
1200,1260,433.86,1937.3,126.0,19649.2891
1260,1320,432.22,1936.8,114.7,19689.5938
1320,1380,431.79,1936.1,113.7,19426.9727
1380,1440,431.64,1936.3,111.1,19330.7695
1440,1500,434.63,1936.9,117.4,19778.6816
1500,1560,431.45,1935.9,110.7,19081.1172
1560,1620,431.97,1936.1,113.9,19353.1074
1620,1680,430.96,1936.1,109.3,19212.5840
1680,1740,431.52,1936.1,112.1,18808.3945
1740,1800,430.46,1935.7,112.5,18623.6953
1800,1860,431.06,1935.3,127.4,18403.9961
1860,1920,430.93,1935.4,157.7,18658.4277
1920,1980,430.83,1935.8,166.2,18638.6953
1980,2040,431.37,1936.5,129.1,19129.1660
2040,2100,430.84,1936.0,114.7,19004.6875
2100,2160,430.83,1935.8,112.1,19031.2402
2160,2220,430.15,1935.9,117.0,18961.9141
2220,2280,431.12,1935.8,115.4,18867.4180
2280,2340,429.94,1935.7,111.8,18636.9199
2340,2400,430.51,1936.0,106.4,18801.9297
2400,2460,430.62,1936.1,109.7,18951.3535
2460,2520,430.24,1936.2,117.1,18611.0723
2520,2580,429.98,1935.3,113.5,18417.5508
2580,2640,430.03,1934.9,114.2,18440.3125
2640,2700,430.37,1935.3,113.1,18527.7363
2700,2760,429.60,1935.2,109.7,18483.5625
2760,2820,430.38,1935.3,114.7,18484.4980
2820,2880,430.17,1935.3,119.5,18351.4355
2880,2940,430.24,1935.5,112.6,18238.1816
2940,3000,430.26,1935.8,111.2,18442.0098
3000,3060,431.21,1935.7,127.1,18509.2871
3060,3120,431.28,1935.6,117.2,18571.1973
3120,3180,430.73,1935.6,111.3,18502.7285
3180,3240,431.02,1935.7,117.8,18518.8398
3240,3300,430.36,1935.7,117.9,18787.9434
3300,3360,431.76,1935.6,116.5,18709.3652
3360,3420,433.59,1936.5,114.0,18578.7031
3420,3480,432.26,1937.3,113.2,18779.1953
3480,3540,433.90,1940.1,126.7,19093.4551
3540,3600,434.43,1942.7,144.6,18893.7969
3600,3660,434.44,1942.4,141.6,18997.7305
3660,3720,435.81,1944.1,144.9,19389.9219
3720,3780,434.07,1941.9,137.4,18799.2461
3780,3840,432.74,1939.2,129.2,18267.4844
3840,3900,430.84,1936.3,121.5,17513.8887
3900,3960,431.24,1936.6,125.4,17621.0586
3960,4020,432.74,1938.6,131.7,18142.2598
4020,4080,435.10,1944.4,163.0,18716.6797
4080,4140,436.73,1947.6,174.3,19173.0527
4140,4200,438.58,1950.1,190.7,19535.9609
4200,4260,439.33,1951.7,201.3,19762.8438
4260,4320,441.66,1953.1,218.8,19815.7090
4320,4380,442.14,1954.6,220.1,19877.8535
4380,4440,450.58,1955.9,254.1,20076.7480
4440,4500,453.99,1956.2,276.4,20316.6953
4500,4560,448.70,1955.3,246.6,20216.4668
4560,4620,452.33,1955.1,272.3,20266.6699
4620,4680,449.34,1953.9,248.5,20160.9844
4680,4740,446.17,1957.5,247.9,20233.1699
4740,4800,445.05,1958.2,235.0,20031.6406
4800,4860,447.57,1958.2,232.7,20170.0215
4860,4920,453.02,1958.4,243.0,20366.2598
4920,4980,449.33,1959.0,263.6,20585.8164
4980,5040,446.07,1953.4,203.9,19751.4766
5040,5100,452.09,1955.1,262.0,20017.2910
5100,5160,453.78,1955.7,262.4,20169.2207
5160,5220,449.55,1953.2,216.4,19898.9434
5220,5280,446.89,1951.9,223.7,19540.4102
5280,5340,444.83,1951.2,195.1,19394.3438
5340,5400,442.56,1951.6,199.9,19302.6035
5400,5460,444.27,1951.8,189.6,19357.0215
5460,5520,440.17,1953.0,176.9,19284.7285
5520,5580,441.89,1958.0,176.3,19246.6074
5580,5640,439.55,1962.2,168.8,19186.2168
5640,5700,441.42,1960.4,178.1,19230.3926
5700,5760,443.07,1958.5,173.3,19262.2832
5760,5820,443.71,1959.9,188.0,19216.1289
5820,5880,441.79,1959.6,186.7,19216.9141
5880,5940,442.48,1960.2,190.6,19288.8145
5940,6000,440.46,1959.7,191.4,19247.6758
6000,6060,442.57,1956.6,187.3,19243.4707
6060,6120,438.36,1948.8,158.7,18964.4414
6120,6180,438.65,1951.7,164.5,19216.2070
6180,6240,444.35,1952.3,267.3,19365.2734
6240,6300,438.31,1948.7,182.5,18873.7891
6300,6360,439.99,1949.8,166.0,19170.5781
6360,6420,446.83,1953.8,200.7,19423.8398
6420,6480,439.17,1949.2,158.6,19173.0898
6480,6540,437.85,1948.2,157.7,19018.3086
6540,6600,437.44,1949.1,161.2,19119.6758
6600,6660,437.14,1948.7,163.9,19028.8809
6660,6720,440.11,1950.1,179.8,19197.6582
6720,6780,438.92,1948.4,159.7,19186.2539
6780,6840,446.48,1950.4,199.3,19501.7500
6840,6900,441.15,1949.9,168.6,19353.6973
6900,6960,439.21,1949.6,169.9,19216.7949
6960,7020,441.50,1950.1,178.5,19333.2090
7020,7080,439.22,1947.6,163.0,19369.4492
7080,7140,439.01,1948.3,200.4,19208.1621
7140,7200,439.23,1948.9,181.8,19180.6992
7200,7260,442.10,1950.0,188.8,19388.8379
7260,7320,441.96,1949.4,177.4,19133.1387
7320,7380,441.53,1949.0,188.2,19199.6875
7380,7440,442.10,1949.4,181.7,19463.6250
7440,7500,439.84,1948.1,168.2,19242.2285
7500,7560,441.08,1948.7,175.4,19052.8711
7560,7620,442.91,1949.7,191.6,19082.3223
7620,7680,442.77,1947.1,169.5,18796.9453
7680,7740,442.84,1950.0,354.6,18870.3691
7740,7800,441.91,1947.6,197.5,18791.3535
7800,7860,442.45,1943.1,162.1,18309.8398
7860,7920,436.35,1941.4,151.7,18023.3750
7920,7980,438.12,1941.8,132.8,18033.8477
7980,8040,436.31,1941.6,128.4,18032.9531
8040,8100,434.41,1940.6,121.6,17848.4453
8100,8160,434.99,1941.8,130.0,18018.6816
8160,8220,436.54,1941.7,152.6,17982.2188
8220,8280,435.02,1941.1,149.4,18026.3398
8280,8340,434.77,1941.3,159.1,18070.4043
8340,8400,433.12,1941.2,125.9,17874.8691
8400,8460,437.07,1943.7,150.7,18386.5020
8460,8520,443.12,1945.0,163.5,18594.6074
8520,8580,439.02,1943.7,138.6,18079.9121
8580,8640,437.52,1943.0,144.6,17876.2793
8640,8700,433.92,1942.6,120.6,17879.5605
8700,8760,433.39,1942.7,120.1,17918.0234
8760,8820,436.57,1942.9,125.4,17948.2461
8820,8880,435.28,1943.4,124.1,18010.7500
8880,8940,437.15,1943.6,128.6,17991.8496
8940,9000,436.18,1943.4,124.1,17915.9512
9000,9060,436.86,1942.9,122.9,17890.2031
9060,9120,434.46,1942.1,117.9,17704.9883
9120,9180,436.71,1941.9,125.7,17678.4707
9180,9240,436.85,1942.8,130.3,17749.9609
9240,9300,433.87,1943.6,129.6,17707.7910
9300,9360,433.46,1941.9,116.6,17655.7344
9360,9420,436.20,1943.4,118.6,18127.4434
9420,9480,434.03,1942.2,113.3,17668.7207
9480,9540,433.48,1941.1,110.8,17571.1484
9540,9600,433.51,1941.8,113.6,17470.6465
9600,9660,437.49,1942.3,130.5,17837.8203
9660,9720,434.77,1940.6,119.2,17404.0605
9720,9780,434.79,1940.6,115.6,17554.7695
9780,9840,434.05,1940.2,115.5,17346.9355
9840,9900,434.12,1940.4,112.4,17466.1738
9900,9960,433.56,1939.9,110.4,17395.9121
9960,10020,435.59,1940.6,114.4,17683.9805
10020,10080,433.99,1939.5,111.1,17361.3848
10080,10140,435.29,1940.8,120.5,17310.5332
10140,10200,434.83,1940.5,118.0,17385.8398
10200,10260,433.30,1939.4,109.9,17241.8535
10260,10320,434.22,1939.9,113.6,17216.0781
10320,10380,439.66,1941.6,157.9,17348.4063
10380,10440,437.34,1944.0,136.7,17369.9023
10440,10500,436.19,1943.8,130.0,17534.6855
10500,10560,434.45,1942.9,117.6,17577.4941
10560,10620,435.62,1945.8,120.5,17597.6582
10620,10680,435.13,1945.8,118.6,17428.5332
10680,10740,435.42,1945.4,122.1,17406.5391
10740,10800,435.16,1944.2,121.5,17494.7656
10800,10860,436.82,1945.7,122.4,17708.5566
10860,10920,437.74,1947.9,121.5,17837.9512
10920,10980,437.79,1949.9,122.5,17995.7188
10980,11040,438.32,1954.9,139.9,18291.2813
11040,11100,439.03,1958.9,147.8,18554.4258
11100,11160,439.23,1959.8,150.8,18984.0137
11160,11220,439.51,1961.2,154.4,19095.0918
11220,11280,440.37,1961.4,153.7,19107.8184
11280,11340,442.99,1959.8,156.2,18925.9395
11340,11400,441.77,1962.1,164.6,19032.5410
11400,11460,448.19,1962.9,185.4,19306.9141
11460,11520,452.60,1963.0,185.0,19397.9336
11520,11580,454.59,1964.1,186.9,19500.0898
11580,11640,451.05,1962.6,178.0,19252.5527
11640,11700,455.91,1965.9,215.7,19558.6660
11700,11760,456.10,1963.7,241.0,19509.2773
11760,11820,448.68,1963.0,173.2,19151.7578
11820,11880,450.60,1963.0,175.2,19321.4531
11880,11940,448.67,1962.4,161.0,19140.2715
11940,12000,451.83,1963.4,166.1,19309.0996
12000,12060,451.62,1965.7,165.3,19302.4746
12060,12120,451.96,1971.9,169.4,19342.7344
12120,12180,449.54,1978.3,157.3,19154.6074
12180,12240,448.22,1975.2,162.6,19182.3789
12240,12300,445.05,1968.6,158.7,19019.7520
12300,12360,447.09,1969.0,159.0,19183.9707
12360,12420,445.99,1967.2,159.2,19188.5176
12420,12480,445.50,1965.9,156.6,19318.4863
12480,12540,449.89,1981.3,168.3,19616.2930
12540,12600,454.76,1977.2,179.9,19727.1445
12600,12660,454.06,1974.4,175.2,19796.7793
12660,12720,452.99,1976.3,178.8,19583.8320
12720,12780,454.33,1977.7,180.7,19806.3867
12780,12840,453.84,1980.6,183.9,19720.0352
12840,12900,444.89,1968.3,176.0,18959.2793
12900,12960,443.19,1966.3,176.8,18792.3906
12960,13020,446.75,1970.5,182.2,19445.1465
13020,13080,455.03,1974.3,184.9,20095.9180
13080,13140,460.51,1977.7,197.8,20352.8711
13140,13200,458.42,1975.4,214.0,19785.3320
13200,13260,453.74,1975.0,190.3,19541.1758
13260,13320,452.50,1977.6,182.0,19484.1895
13320,13380,457.20,1974.6,196.0,19818.5625
13380,13440,459.96,1975.4,244.2,19744.7949
13440,13500,453.77,1967.4,246.6,19247.3613
13500,13560,461.62,1973.1,245.3,19658.9375
13560,13620,458.03,1978.1,214.6,19299.8574
13620,13680,459.39,1981.4,216.3,19377.5254
13680,13740,458.33,1980.8,218.0,19446.8828
13740,13800,455.88,1979.2,226.9,19354.0156
13800,13860,457.76,1980.4,217.8,19454.8359
13860,13920,460.47,1981.7,219.2,19675.7109
13920,13980,460.73,1978.0,225.2,19575.7148
13980,14040,464.50,1978.5,240.1,19628.5020
14040,14100,464.46,1977.2,235.8,19648.1836
14100,14160,461.12,1978.4,235.6,19517.9961
14160,14220,457.35,1976.4,224.1,19369.2715
14220,14280,459.51,1977.5,241.5,19434.8125
14280,14340,459.68,1978.3,247.0,19343.9277
14340,14400,461.23,1978.6,241.7,19489.0527
14400,14460,469.74,1979.2,274.0,19730.3164
14460,14520,467.38,1982.4,302.1,19891.6523
14520,14580,462.49,1985.0,319.6,19634.8047
14580,14640,462.80,1981.0,246.4,19493.6602
14640,14700,456.70,1972.2,225.6,19302.5371
14700,14760,458.01,1972.9,227.7,19408.5664
14760,14820,462.35,1975.0,236.6,19689.6230
14820,14880,462.10,1974.7,234.7,19631.3516
14880,14940,461.70,1973.3,235.2,19550.0391
14940,15000,457.93,1975.4,232.1,19459.4434
15000,15060,460.73,1984.0,249.6,19637.7813
15060,15120,457.85,1978.9,226.8,19473.7246
15120,15180,453.61,1972.8,215.2,18870.0898
15180,15240,455.15,1974.1,218.7,18997.8418
15240,15300,456.92,1979.2,219.9,19162.2617
15300,15360,456.40,1979.5,210.2,19261.5430
15360,15420,457.33,1978.2,219.3,19209.5801
15420,15480,459.06,1976.0,219.3,19120.9336
15480,15540,455.19,1973.2,203.8,18912.0781
15540,15600,455.65,1973.6,207.2,19028.7246
15600,15660,456.56,1968.8,206.8,18913.2285
15660,15720,453.30,1962.7,214.6,18826.3301
15720,15780,451.06,1960.6,180.9,18875.6660
15780,15840,452.11,1963.5,189.6,18668.5742
15840,15900,453.35,1962.5,207.1,18715.5430
15900,15960,449.48,1959.6,204.2,18553.9023
15960,16020,451.92,1960.2,201.3,18828.3516
16020,16080,455.80,1963.2,214.7,18914.5059
16080,16140,453.93,1967.2,193.4,18759.8203
16140,16200,452.69,1966.1,187.6,18819.6875
16200,16260,451.42,1963.6,179.0,18688.7871
16260,16320,449.22,1960.4,169.5,18431.0313
16320,16380,447.04,1958.4,163.7,18160.7324
16380,16440,445.99,1954.8,154.3,17955.6426
16440,16500,447.56,1953.6,147.6,18131.6348
16500,16560,444.85,1951.6,159.5,17794.2910
16560,16620,444.95,1951.6,153.6,17841.2051
16620,16680,441.92,1947.5,138.3,17557.3203
16680,16740,441.84,1946.4,144.4,17405.4121
16740,16800,442.43,1950.0,138.6,17611.7246
16800,16860,446.08,1951.0,158.7,17832.1055
16860,16920,443.35,1951.6,167.1,17574.1426
16920,16980,444.60,1951.5,171.2,17607.9961
16980,17040,448.96,1952.6,187.8,17892.7695
17040,17100,448.56,1955.1,167.5,18006.2852
17100,17160,444.00,1950.2,146.6,17686.1914
17160,17220,441.51,1947.8,132.9,17284.7598
17220,17280,439.74,1944.7,121.3,17118.0293
17280,17340,443.00,1945.9,127.7,17392.5840
17340,17400,443.09,1946.5,129.2,17438.2500
17400,17460,440.47,1944.1,117.6,17169.7305
17460,17520,439.11,1941.9,111.4,17110.5195
17520,17580,440.33,1941.6,114.6,17175.2188
17580,17640,439.58,1942.0,115.5,17077.7031
17640,17700,437.52,1941.1,106.0,16792.1172
17700,17760,439.76,1941.1,107.5,17219.4258
17760,17820,440.45,1942.2,111.8,17202.6270
17820,17880,439.41,1941.9,105.4,17050.7715
17880,17940,438.77,1941.2,104.8,17002.5723
17940,18000,438.94,1941.3,107.9,17050.1563
18000,18060,437.64,1940.3,104.7,16902.9785
18060,18120,437.23,1939.6,103.6,16798.5313
18120,18180,436.58,1939.7,105.2,16715.4063
18180,18240,435.73,1938.4,108.1,16536.2305
18240,18300,435.78,1938.4,105.6,16743.6621
18300,18360,434.76,1938.1,105.9,16483.2715
18360,18420,436.15,1938.5,104.2,16762.5664
18420,18480,436.16,1939.0,105.8,16773.5801
18480,18540,435.36,1938.4,106.8,16615.7949
18540,18600,436.08,1939.0,111.3,16685.0742
18600,18660,435.70,1939.0,112.0,16613.4453
18660,18720,435.34,1938.9,108.6,16668.5313
18720,18780,435.59,1938.5,106.6,16820.0293
18780,18840,435.89,1939.0,106.4,16821.2031
18840,18900,435.83,1938.8,107.1,16735.8066
18900,18960,437.47,1939.5,113.2,16937.0469
18960,19020,436.02,1938.8,108.4,16718.4102
19020,19080,435.93,1938.5,110.0,16776.5898
19080,19140,435.87,1938.6,107.4,16759.2305
19140,19200,435.51,1938.4,105.5,16625.0723
19200,19260,436.51,1938.7,105.8,16884.6484
19260,19320,436.86,1938.5,106.8,17029.1504
19320,19380,437.52,1938.7,113.2,16979.4434
19380,19440,436.90,1939.4,105.6,16886.9961
19440,19500,437.32,1939.5,106.5,16876.6504
19500,19560,436.86,1940.9,105.6,16780.5957
19560,19620,436.89,1942.7,108.3,16746.4219
19620,19680,437.04,1944.7,110.1,16768.6094
19680,19740,437.46,1947.7,110.9,16724.0430
19740,19800,437.79,1949.8,116.1,16856.5215
19800,19860,437.00,1948.1,118.6,16903.7852
19860,19920,434.43,1946.0,117.2,17040.2871
19920,19980,433.18,1944.6,112.2,17180.1133
19980,20040,434.38,1946.0,114.5,17141.1172
20040,20100,431.90,1942.9,109.4,17090.5488
20100,20160,431.84,1943.4,109.2,17154.3926
20160,20220,431.44,1943.3,107.5,17335.9980
20220,20280,430.02,1941.6,103.8,17355.0723
20280,20340,430.16,1942.0,105.1,17367.2051
20340,20400,429.91,1941.0,103.8,17482.5898
20400,20460,429.74,1941.0,106.5,17348.0664
20460,20520,430.26,1942.2,106.4,17488.5957
20520,20580,429.80,1941.0,104.9,17492.0215
20580,20640,430.24,1940.2,107.4,17621.5547
20640,20700,429.70,1941.1,103.2,17528.5293
20700,20760,430.00,1941.3,103.8,17616.0820
20760,20820,428.67,1939.7,101.8,17674.9648
20820,20880,428.95,1940.3,102.3,17765.0879
20880,20940,429.25,1941.2,102.8,17846.5820
20940,21000,429.55,1941.8,104.0,17888.5020
21000,21060,429.93,1941.7,103.5,17909.6602
21060,21120,430.20,1940.8,104.3,17918.2754
21120,21180,431.38,1941.9,104.5,18168.3535
21180,21240,430.49,1941.8,107.8,17981.9277
21240,21300,430.46,1942.3,111.2,18086.9629
21300,21360,430.31,1942.5,109.2,18050.7324
21360,21420,430.33,1941.5,131.6,18039.5371
21420,21480,431.08,1941.5,109.5,18133.4922
21480,21540,431.26,1941.4,106.6,18107.2930
21540,21600,431.36,1942.6,113.3,18109.1660
21600,21660,431.90,1942.4,108.7,18343.7520
21660,21720,431.24,1941.8,106.4,18228.1055
21720,21780,430.71,1945.3,103.3,18163.1602
21780,21840,431.05,1941.2,104.3,18196.5898
21840,21900,431.07,1941.4,105.3,18149.0273
21900,21960,431.64,1942.1,107.3,18082.0449
21960,22020,430.48,1941.2,104.6,17880.5508
22020,22080,430.44,1941.6,105.4,17804.4512
22080,22140,430.92,1942.0,105.9,17836.5645
22140,22200,431.43,1942.4,104.1,17830.4375
22200,22260,430.76,1941.2,107.0,17744.9004
22260,22320,431.11,1940.8,108.9,17728.9570
22320,22380,431.26,1941.3,106.3,17707.8789
22380,22440,430.78,1939.8,102.3,17462.3730
22440,22500,431.11,1940.1,104.1,17328.0059
22500,22560,431.24,1940.4,102.1,17363.9238
22560,22620,432.04,1941.6,104.1,17415.6836
22620,22680,432.48,1942.1,106.7,17367.9805
22680,22740,433.42,1942.6,111.4,17391.0176
22740,22800,433.99,1944.0,117.6,17450.8477
22800,22860,434.18,1944.8,112.1,17468.1035
22860,22920,434.99,1945.7,111.6,17629.7070
22920,22980,434.61,1947.8,108.5,17618.9336
