CampaignData_and_Merges/R0/CSL_MobileLab_Parked/raw/20240813/USOS-jNO2_MobileLabGround_20240813_R0.ict
52,1001
Waxman, E.; Rollins, A.; Zuraski, K.; Chace, W.
NOAA Chemical Sciences Laboratory
jNO2 filter radiometer on CSL Mobile Lab
AMMBEC / USOS
1, 1
2024,08,13, 2025,04,01
60
Time_Start, seconds, number_of_seconds_since_0000_UTC
20
1, 1, 1, 1, 1, 1, 1, 1, 1, 1, 1, 1, 1, 1, 1, 1, 1, 1, 1, 1
-9999, -9999, -9999, -9999, -9999, -9999, -9999, -9999, -9999, -9999, -9999, -9999, -9999, -9999, -9999, -9999, -9999, -9999, -9999, -9999
Time_Stop, seconds, number_of_seconds_since_0000_UTC
jNO2_meas, per second, photolysis rate of NO2 measured using a filter radiometer.
jBrCl, per second, photolysis rate of BrCl -> Br + Cl calculated in TUV for cloud-free sky with local AOD
jBr2, per second, photolysis rate of Br2 -> Br + Br calculated in TUV for cloud-free sky with local AOD
jCCl4, per second, photolysis rate of CCl4 -> Products calcualted in TUV for cloud-free sky with local AOD
jCH2Oa, per second, photolysis rate of CH2O -> H + HCO calculated in TUV for cloud-free sky with local AOD
jCH2Ob, per second, photolysis rate of CH2O -> H2 + CO calculated in TUV for cloud-free sky with local AOD
jClNO2, per second, photolysis rate of ClNO2 -> Cl + NO2 calculated in TUV for cloud-free sky with local AOD
jClOa, per second, photolysis rate of ClO -> Cl + O(1D) calculated in TUV for cloud-free sky with local AOD
jClOb, per second, photolysis rate of ClO -> Cl + O(3P) calculated in TUV for cloud-free sky with local AOD
jCl2, per second, photolysis rate of Cl2 -> Cl + Cl calculated in TUV for cloud-free sky with local AOD
jHNO2, per second, photolysis rate of HNO2 -> OH + NO calculated in TUV for cloud-free sky with local AOD
jHNO3, per second, photolysis rate of HNO3 -> OH + NO2 calculated in TUV for cloud-free sky with local AOD
jI2, per second, photolysis rate of I2 -> I + I calculated in TUV for cloud-free sky with local AOD
jNO2, per second, photolysis rate of NO2 -> NO + O(3P) calculated in TUV for cloud-free sky with local AOD
jNO3a, per second, photolysis rate of NO3 -> NO + O2 calculated in TUV for cloud-free sky with local AOD
jNO3b, per second, photolysis rate of NO3 -> NO2 + O(3P) calculated in TUV for cloud-free sky with local AOD
jN2O5, per second, photolysis rate of N2O5 -> NO3 + NO + O(3P) calculated in TUV for cloud-free sky with local AOD
jO3, per second, photolysis rate of O3 -> O2 + O(1D) calculated in TUV for cloud-free sky with local AOD
AOD_500nm, unitless, UTC daily mean AOD at 500 nm from an AERONET station located at 40.178 N, -112.452 E
0
18
PI_CONTACT_INFO: eleanor.waxman@noaa.gov
PLATFORM: CSL Mobile Lab, at ground site
LOCATION: Salt Lake City, UT
ASSOCIATED_DATA:
INSTRUMENT_INFO: jNO2 filter radiometer.  TUV calculations are for mobile van lat/lon/altitude assuming clear sky (cloud AOD = 0) and daily mean AOD.
DATA_INFO:
UNCERTAINTY: Data uncertainties are +/- 20%.  These come from uncertainties in radiometer angular response, radiometer thermal response, local interferences from clouds/aerosols/shadows etc.
ULOD_FLAG: -7777
ULOD_VALUE: N/A
LLOD_FLAG: -8888
LLOD_VALUE: N/A
DM_CONTACT_INFO: eleanor.waxman@noaa.gov
PROJECT_INFO: USOS Project, July - August 2024
STIPULATIONS_ON_USE: Users are strongly encouraged to contact the PI for proper data usage.
OTHER_COMMENTS: 
REVISION: R0
R0: final data
Time_Start, Time_Stop, jNO2_meas, jBrCl, jBr2, jCCl4, jCH2Oa, jCH2Ob, jClNO2, jClOa, jClOb, jCl2, jHNO2, jHNO3, jI2, jNO2, jNO3a, jNO3b, jN2O5, jO3, AOD_500nm
[from data line 816]
   48960,   49020,0.00088246,0.003475,0.01299,4.349e-26,2.758e-06,6.741e-06,7.266e-05,1.621e-26,1.011e-06,0.0004578,0.0003238,3.113e-08,0.05593,0.002236,0.01217,0.09032,5.674e-06,6.562e-07,0.057
   49020,   49080,0.00090179,0.003543,0.0132,4.425e-26,2.848e-06,6.93e-06,7.462e-05,1.648e-26,1.054e-06,0.0004691,0.0003318,3.22e-08,0.05667,0.002289,0.0123,0.09144,5.83e-06,6.818e-07,0.057
   49080,   49140,0.0009115,0.003606,0.0134,4.497e-26,2.933e-06,7.11e-06,7.648e-05,1.674e-26,1.094e-06,0.0004797,0.0003394,3.323e-08,0.05736,0.002338,0.01242,0.09246,5.979e-06,7.065e-07,0.057
   49140,   49200,0.00091604,0.003673,0.01361,4.574e-26,3.022e-06,7.299e-06,7.843e-05,1.702e-26,1.138e-06,0.000491,0.0003475,3.432e-08,0.05805,0.002391,0.01254,0.09351,6.136e-06,7.329e-07,0.057
   49200,   49260,0.00090656,0.003735,0.01381,4.646e-26,3.115e-06,7.486e-06,8.035e-05,1.728e-26,1.184e-06,0.0005019,0.0003552,3.544e-08,0.05874,0.002441,0.01266,0.09455,6.29e-06,7.603e-07,0.057
   49260,   49320,0.00089297,0.003797,0.014,4.721e-26,3.204e-06,7.671e-06,8.224e-05,1.755e-26,1.229e-06,0.0005126,0.0003628,3.653e-08,0.05939,0.00249,0.01277,0.09553,6.443e-06,7.872e-07,0.057
   49320,   49380,0.00087261,0.003863,0.0142,4.8e-26,3.301e-06,7.869e-06,8.427e-05,1.783e-26,1.278e-06,0.0005241,0.000371,3.772e-08,0.06007,0.002543,0.01289,0.09655,6.606e-06,8.166e-07,0.057
   49380,   49440,0.00086229,0.003928,0.0144,4.883e-26,3.399e-06,8.069e-06,8.632e-05,1.813e-26,1.328e-06,0.0005356,0.0003791,3.892e-08,0.06074,0.002596,0.01301,0.09755,6.771e-06,8.468e-07,0.057
   49440,   49500,0.00085523,0.003988,0.01459,4.868e-26,3.493e-06,8.259e-06,8.825e-05,1.806e-26,1.377e-06,0.0005465,0.0003868,4.008e-08,0.06136,0.002645,0.01312,0.09848,6.927e-06,8.759e-07,0.057
   49500,   49560,0.00086039,0.004052,0.01478,5.048e-26,3.594e-06,8.462e-06,9.031e-05,1.874e-26,1.431e-06,0.000558,0.000395,4.134e-08,0.06201,0.002697,0.01323,0.09946,7.094e-06,9.09e-07,0.057
   49560,   49620,0.00087599,0.004118,0.01498,5.113e-26,3.704e-06,8.68e-06,9.251e-05,1.896e-26,1.489e-06,0.0005702,0.0004035,4.271e-08,0.06268,0.002752,0.01335,0.1005,7.273e-06,9.433e-07,0.057
   49620,   49680,0.00088878,0.00418,0.01517,5.209e-26,3.802e-06,8.878e-06,9.452e-05,1.929e-26,1.542e-06,0.0005814,0.0004115,4.394e-08,0.06328,0.002803,0.01345,0.1014,7.436e-06,9.752e-07,0.057
   49680,   49740,0.00088467,0.004242,0.01536,5.295e-26,3.908e-06,9.087e-06,9.663e-05,1.96e-26,1.6e-06,0.0005931,0.0004197,4.527e-08,0.0639,0.002855,0.01356,0.1023,7.607e-06,1.01e-06,0.057
   49740,   49800,0.00086248,0.004304,0.01554,5.381e-26,4.015e-06,9.297e-06,9.874e-05,1.99e-26,1.66e-06,0.0006048,0.0004279,4.661e-08,0.06451,0.002907,0.01366,0.1032,7.779e-06,1.045e-06,0.057
   49800,   49860,0.00083661,0.004362,0.01572,5.463e-26,4.116e-06,9.495e-06,0.0001007,2.02e-26,1.717e-06,0.0006157,0.0004356,4.79e-08,0.06507,0.002955,0.01376,0.104,7.942e-06,1.08e-06,0.057
   49860,   49920,0.00081413,0.004423,0.0159,5.551e-26,4.226e-06,9.708e-06,0.0001029,2.051e-26,1.78e-06,0.0006274,0.0004437,4.929e-08,0.06566,0.003007,0.01386,0.1049,8.116e-06,1.117e-06,0.057
   49920,   49980,0.00080751,0.004484,0.01608,5.641e-26,4.336e-06,9.922e-06,0.000105,2.083e-26,1.844e-06,0.0006391,0.0004519,5.07e-08,0.06624,0.003059,0.01396,0.1058,8.291e-06,1.155e-06,0.057
   49980,   50040,0.00081437,0.00454,0.01624,5.726e-26,4.442e-06,1.012e-05,0.000107,2.113e-26,1.906e-06,0.0006501,0.0004596,5.206e-08,0.06677,0.003107,0.01405,0.1066,8.457e-06,1.193e-06,0.057
   50040,   50100,0.00082866,0.0046,0.01642,5.818e-26,4.555e-06,1.034e-05,0.0001092,2.146e-26,1.973e-06,0.0006617,0.0004677,5.351e-08,0.06734,0.003158,0.01414,0.1074,8.634e-06,1.233e-06,0.057
   50100,   50160,0.00084524,0.004659,0.01659,5.91e-26,4.67e-06,1.056e-05,0.0001114,2.179e-26,2.043e-06,0.0006734,0.0004759,5.499e-08,0.06789,0.003209,0.01424,0.1082,8.812e-06,1.274e-06,0.057
   50160,   50220,0.00086065,0.004714,0.01675,5.999e-26,4.778e-06,1.076e-05,0.0001134,2.21e-26,2.109e-06,0.0006843,0.0004835,5.64e-08,0.0684,0.003257,0.01432,0.109,8.979e-06,1.314e-06,0.057
   50220,   50280,0.0008793,0.004772,0.01692,6.094e-26,4.894e-06,1.098e-05,0.0001156,2.244e-26,2.181e-06,0.000696,0.0004916,5.792e-08,0.06893,0.003307,0.01441,0.1098,9.159e-06,1.357e-06,0.057
   50280,   50340,0.00094179,0.00483,0.01709,6.191e-26,5.012e-06,1.12e-05,0.0001177,2.278e-26,2.254e-06,0.0007076,0.0004997,5.946e-08,0.06946,0.003357,0.0145,0.1106,9.338e-06,1.401e-06,0.057
   50340,   50400,0.00092292,0.004883,0.01724,6.283e-26,5.124e-06,1.141e-05,0.0001198,2.311e-26,2.325e-06,0.0007186,0.0005072,6.093e-08,0.06995,0.003404,0.01459,0.1113,9.508e-06,1.443e-06,0.057
   50400,   50460,0.00095314,0.00494,0.0174,6.382e-26,5.244e-06,1.163e-05,0.000122,2.346e-26,2.403e-06,0.0007302,0.0005153,6.251e-08,0.07046,0.003454,0.01467,0.1121,9.69e-06,1.489e-06,0.057
   50460,   50520,0.00099103,0.004996,0.01756,6.482e-26,5.364e-06,1.185e-05,0.0001242,2.381e-26,2.481e-06,0.0007417,0.0005233,6.411e-08,0.07096,0.003503,0.01476,0.1128,9.871e-06,1.536e-06,0.057
   50520,   50580,0.0010311,0.005048,0.01771,6.577e-26,5.479e-06,1.206e-05,0.0001262,2.415e-26,2.557e-06,0.0007526,0.0005308,6.564e-08,0.07142,0.00355,0.01483,0.1135,1.004e-05,1.582e-06,0.057
   50580,   50640,0.0010761,0.005103,0.01787,6.68e-26,5.601e-06,1.228e-05,0.0001284,2.451e-26,2.639e-06,0.0007642,0.0005387,6.727e-08,0.07191,0.003599,0.01492,0.1142,1.022e-05,1.63e-06,0.057
   50640,   50700,0.0011386,0.005157,0.01802,6.784e-26,5.724e-06,1.251e-05,0.0001306,2.488e-26,2.722e-06,0.0007757,0.0005466,6.893e-08,0.07239,0.003648,0.015,0.1149,1.041e-05,1.68e-06,0.057
   50700,   50760,0.0012151,0.005208,0.01817,6.883e-26,5.843e-06,1.272e-05,0.0001327,2.523e-26,2.803e-06,0.0007865,0.0005541,7.053e-08,0.07283,0.003693,0.01507,0.1156,1.058e-05,1.729e-06,0.057
   50760,   50820,0.0013146,0.005262,0.01832,6.99e-26,5.967e-06,1.294e-05,0.0001349,2.561e-26,2.889e-06,0.000798,0.0005619,7.221e-08,0.0733,0.003741,0.01515,0.1163,1.076e-05,1.781e-06,0.057
   50820,   50880,0.0014208,0.005315,0.01846,7.098e-26,6.092e-06,1.317e-05,0.0001371,2.599e-26,2.978e-06,0.0008094,0.0005697,7.392e-08,0.07375,0.003789,0.01523,0.1169,1.095e-05,1.834e-06,0.057
   50880,   50940,0.0014994,0.005364,0.0186,7.202e-26,6.213e-06,1.338e-05,0.0001391,2.635e-26,3.063e-06,0.0008201,0.0005771,7.557e-08,0.07418,0.003834,0.0153,0.1176,1.112e-05,1.885e-06,0.057
   50940,   51000,0.0015374,0.005416,0.01875,7.313e-26,6.339e-06,1.36e-05,0.0001413,2.675e-26,3.155e-06,0.0008315,0.0005848,7.731e-08,0.07462,0.003881,0.01537,0.1182,1.131e-05,1.94e-06,0.057
   51000,   51060,0.0015184,0.005468,0.01889,7.427e-26,6.47e-06,1.383e-05,0.0001435,2.714e-26,3.248e-06,0.0008429,0.0005926,7.909e-08,0.07506,0.003929,0.01544,0.1189,1.149e-05,1.997e-06,0.057
   51060,   51120,0.0014958,0.005516,0.01902,7.535e-26,6.593e-06,1.404e-05,0.0001456,2.752e-26,3.341e-06,0.0008535,0.0005998,8.082e-08,0.07547,0.003973,0.01551,0.1195,1.167e-05,2.052e-06,0.057
   51120,   51180,0.0014669,0.005567,0.01916,7.652e-26,6.713e-06,1.426e-05,0.0001478,2.793e-26,3.435e-06,0.0008647,0.0006074,8.255e-08,0.07589,0.004019,0.01558,0.1201,1.185e-05,2.109e-06,0.057
   51180,   51240,0.0015504,0.005608,0.01928,7.769e-26,6.844e-06,1.448e-05,0.0001498,2.835e-26,3.533e-06,0.0008746,0.0006138,8.435e-08,0.0763,0.004056,0.01565,0.1207,1.202e-05,2.168e-06,0.057
   51240,   51300,0.0022063,0.005661,0.01943,7.882e-26,6.977e-06,1.471e-05,0.000152,2.874e-26,3.629e-06,0.0008863,0.0006218,8.616e-08,0.0767,0.004105,0.01571,0.1213,1.221e-05,2.226e-06,0.057
   51300,   51360,0.0021686,0.005712,0.01956,8.004e-26,7.106e-06,1.493e-05,0.0001542,2.917e-26,3.731e-06,0.0008974,0.0006297,8.799e-08,0.0771,0.004153,0.01578,0.1219,1.24e-05,2.287e-06,0.057
   51360,   51420,0.0014598,0.005761,0.0197,8.127e-26,7.239e-06,1.516e-05,0.0001565,2.96e-26,3.834e-06,0.0009088,0.0006372,8.987e-08,0.0775,0.004199,0.01585,0.1225,1.258e-05,2.35e-06,0.057
   51420,   51480,0.001339,0.005806,0.01982,8.245e-26,7.364e-06,1.537e-05,0.0001585,3.002e-26,3.934e-06,0.0009192,0.0006443,9.165e-08,0.07788,0.004242,0.01591,0.123,1.276e-05,2.41e-06,0.057
   51480,   51540,0.0013911,0.005854,0.01995,8.371e-26,7.497e-06,1.56e-05,0.0001607,3.046e-26,4.04e-06,0.0009302,0.0006517,9.355e-08,0.07826,0.004286,0.01597,0.1236,1.295e-05,2.475e-06,0.057
   51540,   51600,0.0014377,0.005902,0.02008,8.5e-26,7.632e-06,1.582e-05,0.0001629,3.091e-26,4.149e-06,0.0009412,0.0006591,9.548e-08,0.07865,0.004331,0.01604,0.1241,1.313e-05,2.541e-06,0.057
   51600,   51660,0.0014845,0.005946,0.0202,8.623e-26,7.759e-06,1.603e-05,0.0001649,3.135e-26,4.253e-06,0.0009515,0.000666,9.73e-08,0.079,0.004372,0.01609,0.1247,1.331e-05,2.604e-06,0.057
   51660,   51720,0.0015473,0.005992,0.02032,8.756e-26,7.894e-06,1.626e-05,0.0001671,3.181e-26,4.365e-06,0.0009624,0.0006733,9.926e-08,0.07938,0.004416,0.01616,0.1252,1.349e-05,2.672e-06,0.057
   51720,   51780,0.0016241,0.006038,0.02045,8.89e-26,8.029e-06,1.649e-05,0.0001693,3.228e-26,4.479e-06,0.0009733,0.0006806,1.012e-07,0.07974,0.004459,0.01622,0.1258,1.368e-05,2.741e-06,0.057
   51780,   51840,0.0018249,0.006081,0.02056,9.019e-26,8.158e-06,1.67e-05,0.0001713,3.273e-26,4.587e-06,0.0009835,0.0006874,1.031e-07,0.08008,0.0045,0.01627,0.1263,1.386e-05,2.807e-06,0.057
   51840,   51900,0.0022484,0.006126,0.02068,9.158e-26,8.294e-06,1.692e-05,0.0001735,3.322e-26,4.704e-06,0.0009942,0.0006945,1.051e-07,0.08044,0.004543,0.01633,0.1268,1.404e-05,2.878e-06,0.057
   51900,   51960,0.0021987,0.006171,0.0208,9.299e-26,8.431e-06,1.715e-05,0.0001757,3.371e-26,4.823e-06,0.001005,0.0007017,1.071e-07,0.08079,0.004585,0.01639,0.1273,1.423e-05,2.95e-06,0.057
   51960,   52020,0.0025448,0.006212,0.02091,9.435e-26,8.56e-06,1.736e-05,0.0001777,3.419e-26,4.936e-06,0.001015,0.0007083,1.09e-07,0.08112,0.004625,0.01644,0.1278,1.44e-05,3.02e-06,0.057
   52020,   52080,0.0033475,0.006256,0.02103,9.581e-26,8.698e-06,1.758e-05,0.0001798,3.47e-26,5.058e-06,0.001026,0.0007154,1.11e-07,0.08146,0.004667,0.0165,0.1283,1.459e-05,3.094e-06,0.057
   52080,   52140,0.0033158,0.006299,0.02114,9.729e-26,8.836e-06,1.78e-05,0.000182,3.521e-26,5.181e-06,0.001036,0.0007224,1.131e-07,0.0818,0.004709,0.01655,0.1288,1.477e-05,3.17e-06,0.057
   52140,   52200,0.0027885,0.00634,0.02125,9.871e-26,8.966e-06,1.801e-05,0.000184,3.571e-26,5.299e-06,0.001046,0.000729,1.15e-07,0.08211,0.004748,0.0166,0.1292,1.495e-05,3.242e-06,0.057
   52200,   52260,0.0023442,0.006382,0.02136,1.002e-25,9.104e-06,1.824e-05,0.0001861,3.624e-26,5.425e-06,0.001056,0.0007359,1.171e-07,0.08244,0.004789,0.01666,0.1297,1.513e-05,3.319e-06,0.057
   52260,   52320,0.0023026,0.006424,0.02147,1.018e-25,9.243e-06,1.846e-05,0.0001883,3.678e-26,5.553e-06,0.001067,0.0007427,1.192e-07,0.08277,0.00483,0.01671,0.1302,1.532e-05,3.398e-06,0.057
   52320,   52380,0.0027787,0.006464,0.02157,1.033e-25,9.374e-06,1.867e-05,0.0001903,3.73e-26,5.676e-06,0.001077,0.0007492,1.212e-07,0.08307,0.004868,0.01676,0.1306,1.549e-05,3.473e-06,0.057
   52380,   52440,0.0029929,0.006505,0.02168,1.049e-25,9.513e-06,1.889e-05,0.0001924,3.786e-26,5.807e-06,0.001087,0.000756,1.233e-07,0.08338,0.004908,0.01681,0.1311,1.568e-05,3.554e-06,0.057
   52440,   52500,0.0029174,0.006546,0.02179,1.065e-25,9.653e-06,1.911e-05,0.0001945,3.843e-26,5.94e-06,0.001097,0.0007627,1.254e-07,0.08369,0.004948,0.01686,0.1315,1.586e-05,3.636e-06,0.057
   52500,   52560,0.0026776,0.006584,0.02189,1.081e-25,9.784e-06,1.931e-05,0.0001965,3.898e-26,6.066e-06,0.001107,0.000769,1.274e-07,0.08398,0.004985,0.01691,0.132,1.603e-05,3.714e-06,0.057
   52560,   52620,0.0027204,0.006624,0.02199,1.098e-25,9.924e-06,1.953e-05,0.0001986,3.957e-26,6.202e-06,0.001117,0.0007757,1.296e-07,0.08428,0.005024,0.01696,0.1324,1.622e-05,3.798e-06,0.057
   52620,   52680,0.0032469,0.006664,0.0221,1.115e-25,1.006e-05,1.975e-05,0.0002007,4.016e-26,6.34e-06,0.001127,0.0007823,1.318e-07,0.08458,0.005063,0.017,0.1328,1.64e-05,3.883e-06,0.057
   52680,   52740,0.0034521,0.006701,0.02219,1.131e-25,1.02e-05,1.996e-05,0.0002026,4.074e-26,6.471e-06,0.001137,0.0007885,1.338e-07,0.08486,0.0051,0.01705,0.1332,1.657e-05,3.964e-06,0.057
   52740,   52800,0.0041415,0.00674,0.02229,1.149e-25,1.034e-05,2.018e-05,0.0002047,4.136e-26,6.612e-06,0.001147,0.000795,1.36e-07,0.08515,0.005138,0.0171,0.1337,1.676e-05,4.051e-06,0.057
   52800,   52860,0.0036105,0.006779,0.02239,1.167e-25,1.048e-05,2.039e-05,0.0002068,4.199e-26,6.754e-06,0.001156,0.0008015,1.382e-07,0.08544,0.005176,0.01714,0.1341,1.694e-05,4.139e-06,0.057
   52860,   52920,0.0033765,0.006814,0.02248,1.184e-25,1.061e-05,2.06e-05,0.0002087,4.259e-26,6.889e-06,0.001166,0.0008075,1.403e-07,0.0857,0.005212,0.01719,0.1345,1.711e-05,4.223e-06,0.057
   52920,   52980,0.0034631,0.006852,0.02258,1.203e-25,1.075e-05,2.081e-05,0.0002108,4.324e-26,7.034e-06,0.001176,0.0008139,1.425e-07,0.08598,0.005249,0.01723,0.1349,1.729e-05,4.313e-06,0.057
   52980,   53040,0.0043689,0.00689,0.02268,1.222e-25,1.089e-05,2.103e-05,0.0002128,4.39e-26,7.18e-06,0.001185,0.0008203,1.447e-07,0.08626,0.005286,0.01727,0.1353,1.747e-05,4.405e-06,0.057
   53040,   53100,0.0044485,0.006925,0.02277,1.241e-25,1.102e-05,2.123e-05,0.0002148,4.454e-26,7.32e-06,0.001195,0.0008262,1.468e-07,0.08652,0.005321,0.01732,0.1357,1.764e-05,4.491e-06,0.057
   53100,   53160,0.0046527,0.006962,0.02286,1.261e-25,1.116e-05,2.144e-05,0.0002168,4.523e-26,7.469e-06,0.001204,0.0008325,1.49e-07,0.08679,0.005358,0.01736,0.1361,1.782e-05,4.585e-06,0.057
   53160,   53220,0.0045619,0.006998,0.02295,1.281e-25,1.13e-05,2.165e-05,0.0002188,4.592e-26,7.62e-06,0.001214,0.0008387,1.513e-07,0.08705,0.005394,0.0174,0.1364,1.8e-05,4.679e-06,0.057
   53220,   53280,0.0045771,0.007032,0.02304,1.3e-25,1.144e-05,2.185e-05,0.0002207,4.659e-26,7.763e-06,0.001223,0.0008445,1.534e-07,0.0873,0.005428,0.01744,0.1368,1.817e-05,4.768e-06,0.057
   53280,   53340,0.0047204,0.007068,0.02313,1.321e-25,1.158e-05,2.206e-05,0.0002227,4.732e-26,7.917e-06,0.001232,0.0008507,1.557e-07,0.08756,0.005464,0.01748,0.1372,1.835e-05,4.864e-06,0.057
   53340,   53400,0.0049207,0.007103,0.02322,1.342e-25,1.172e-05,2.227e-05,0.0002248,4.806e-26,8.072e-06,0.001242,0.0008567,1.58e-07,0.08781,0.005499,0.01752,0.1375,1.853e-05,4.962e-06,0.057
   53400,   53460,0.0045471,0.007136,0.02331,1.363e-25,1.185e-05,2.247e-05,0.0002266,4.877e-26,8.219e-06,0.001251,0.0008624,1.601e-07,0.08805,0.005533,0.01756,0.1379,1.87e-05,5.054e-06,0.057
   53460,   53520,0.0030472,0.007171,0.02339,1.385e-25,1.199e-05,2.268e-05,0.0002286,4.954e-26,8.377e-06,0.00126,0.0008684,1.624e-07,0.0883,0.005568,0.0176,0.1383,1.887e-05,5.153e-06,0.057
   53520,   53580,0.00275,0.007205,0.02348,1.407e-25,1.213e-05,2.289e-05,0.0002306,5.031e-26,8.536e-06,0.001269,0.0008744,1.647e-07,0.08854,0.005602,0.01764,0.1386,1.905e-05,5.253e-06,0.057
   53580,   53640,0.0040394,0.007237,0.02356,1.429e-25,1.226e-05,2.308e-05,0.0002325,5.107e-26,8.687e-06,0.001278,0.00088,1.669e-07,0.08877,0.005635,0.01768,0.1389,1.922e-05,5.348e-06,0.057
   53640,   53700,0.0048963,0.007271,0.02365,1.453e-25,1.24e-05,2.329e-05,0.0002344,5.188e-26,8.849e-06,0.001287,0.0008858,1.692e-07,0.08901,0.005669,0.01772,0.1393,1.939e-05,5.45e-06,0.057
   53700,   53760,0.0051202,0.007304,0.02373,1.476e-25,1.255e-05,2.35e-05,0.0002364,5.271e-26,9.012e-06,0.001296,0.0008917,1.715e-07,0.08925,0.005703,0.01775,0.1396,1.957e-05,5.552e-06,0.057
   53760,   53820,0.0052405,0.007335,0.02381,1.499e-25,1.268e-05,2.369e-05,0.0002382,5.35e-26,9.167e-06,0.001305,0.0008971,1.737e-07,0.08947,0.005734,0.01779,0.14,1.973e-05,5.65e-06,0.057
   53820,   53880,0.005303,0.007368,0.02389,1.524e-25,1.282e-05,2.389e-05,0.0002402,5.436e-26,9.333e-06,0.001314,0.0009029,1.76e-07,0.0897,0.005768,0.01783,0.1403,1.991e-05,5.755e-06,0.057
   53880,   53940,0.0048628,0.0074,0.02397,1.55e-25,1.296e-05,2.41e-05,0.0002421,5.524e-26,9.499e-06,0.001323,0.0009086,1.784e-07,0.08993,0.005801,0.01786,0.1406,2.008e-05,5.86e-06,0.057
