CampaignData_and_Merges/R0/CSL_MobileLab_Parked/raw/20240813/USOS-NOAAIodideCIMS-Halogens_MobileLabGround_20240813_RA.ict
38, 1001
Michael A Robinson, Chris Jernigan, Subi Thakali
NOAA ESRL Chemical Sciences Laboratory and CIRES, U. of Colorado
NOAA Iodide CIMS Instrument
USOS
1, 1
2024, 08, 13, 2024, 08, 15
1
starttime_UTC, seconds_past_midnight, seconds_of_day_since_00:00:00_UTC
6
1, 1, 1, 1, 1, 1
-9999, -9999, -9999, -9999, -9999, -9999
Br2_NOAACIMS, pptv, Gas_Br2_InSitu_S_AVMR, 
BrO_NOAACIMS, pptv, Gas_BrO_InSitu_S_AVMR, 
Cl2_NOAACIMS, pptv, Gas_Cl2_InSitu_S_AVMR, 
ClNO2_NOAACIMS, pptv, Gas_ClNO2_InSitu_S_AVMR, 
BrCl_NOAACIMS, pptv, Gas_BrCl_InSitu_S_AVMR, 
NCl3_NOAACIMS, pptv, Gas_NCl3_InSitu_S_AVMR, 
0
18
PI_CONTACT_INFO: 325 Broadway, R/CSD 7, Boulder, Colorado 80305; michael.a.robinson@noaa.gov; chris.jernigan@noaa.gov;
PLATFORM: NOAA CSL Mobile Lab
LOCATION: SLC, Utah
ASSOCIATED_DATA: 1Hz data also available on request.
INSTRUMENT_INFO: NOAA I- ToF CIMS
DATA_INFO: All data in parts per trillion by volume (pptv). 1 Hz data is available upon request.
UNCERTAINTY: TBD
ULOD_FLAG: -7777
ULOD_VALUE: N/A
LLOD_FLAG: -8888
LLOD_VALUE: N/A
DM_CONTACT_INFO: Nathan Howard; nathan.h.howard@noaa.gov
PROJECT_INFO: USOS, summer 2024. https://csl.noaa.gov/groups/csl7/measurements/2024usos/
STIPULATIONS_ON_USE: Users are strongly encouraged to contact the PI for proper data usage.
OTHER_COMMENTS: 
REVISION: RA
RA: Preliminary Data; For in-field use only
starttime_UTC, Br2_NOAACIMS, BrO_NOAACIMS, Cl2_NOAACIMS, ClNO2_NOAACIMS, BrCl_NOAACIMS, NCl3_NOAACIMS
[from data line 579]
 34740,  0.733,  0.011,  0.317,  0.210,  0.021,  1.982
 34800,  0.684, -0.032,  0.249,  0.144,  0.001,  1.852
 34860,  0.762,  0.029,  0.302,  0.181,  0.060,  1.785
 34920,  0.811,  0.028,  0.277,  0.200,  0.018,  1.896
 34980,  0.639,  0.087,  0.255,  0.229,  0.008,  1.761
 35040,  0.726, -0.021,  0.286,  0.215,  0.037,  1.925
 35100,  0.792,  0.057,  0.267,  0.220,  0.029,  1.883
 35160,  0.716,  0.133,  0.244,  0.218,  0.038,  1.705
 35220,  0.618, -0.001,  0.280,  0.272,  0.038,  1.832
 35280,  0.716, -0.002,  0.244,  0.253,  0.015,  1.780
 35340,  0.740,  0.015,  0.208,  0.236,  0.038,  1.880
 35400,  0.667,  0.032,  0.286,  0.223,  0.006,  1.706
 35460,  0.821,  0.049,  0.277,  0.277,  0.021,  1.708
 35520,  0.778,  0.088,  0.204,  0.255,  0.031,  1.893
 35580,  0.713,  0.007,  0.209,  0.258,  0.022,  1.717
 35640,  0.610,  0.106,  0.224,  0.339,  0.026,  1.735
 35700,  0.814, -0.007,  0.235,  0.258,  0.018,  1.817
 35760,  0.832,  0.034,  0.238,  0.253,  0.041,  1.896
 35820,  0.819, -0.005,  0.213,  0.315,  0.010,  1.908
 35880,  0.736,  0.040,  0.181,  0.317,  0.026,  1.921
 35940,  0.770,  0.063,  0.227,  0.332,  0.047,  2.047
 36000,  0.651,  0.117,  0.276,  0.450,  0.009,  1.993
 36060, -9999.000, -9999.000, -9999.000, -9999.000, -9999.000, -9999.000
 36120,  0.797,  0.014,  0.285,  0.358,  0.029,  1.751
 36180,  0.788,  0.008,  0.218,  0.335,  0.012,  1.873
 36240,  0.632,  0.038,  0.257,  0.393,  0.056,  2.097
 36300,  0.792,  0.023,  0.223,  0.394,  0.040,  1.997
 36360,  0.763,  0.041,  0.261,  0.375,  0.026,  2.385
 36420,  0.772,  0.039,  0.197,  0.356,  0.043,  2.149
 36480,  0.642,  0.040,  0.230,  0.369,  0.033,  2.028
 36540,  0.645,  0.024,  0.207,  0.321,  0.047,  2.079
 36600,  0.794,  0.037,  0.246,  0.351,  0.058,  2.196
 36660,  0.699,  0.003,  0.227,  0.360,  0.031,  2.168
 36720,  0.814,  0.044,  0.278,  0.340,  0.072,  2.745
 36780,  0.721,  0.009,  0.287,  0.401,  0.040,  2.913
 36840,  0.734,  0.074,  0.239,  0.378,  0.016,  3.297
 36900,  0.763,  0.004,  0.302,  0.465,  0.024,  3.569
 36960,  0.724, -0.023,  0.283,  0.366,  0.064,  3.752
 37020,  0.831, -0.005,  0.255,  0.528,  0.060,  3.904
 37080,  0.648,  0.026,  0.256,  0.438,  0.034,  3.763
 37140,  0.728,  0.007,  0.302,  0.434,  0.044,  3.268
 37200,  0.759, -0.010,  0.250,  0.469,  0.059,  2.650
 37260,  0.821,  0.018,  0.295,  0.448,  0.048,  2.841
 37320,  0.764,  0.035,  0.272,  0.445,  0.047,  2.753
 37380,  0.908,  0.034,  0.247,  0.442,  0.061,  2.538
 37440,  0.726, -0.002,  0.279,  0.484,  0.047,  3.083
 37500,  0.828, -0.003,  0.302,  0.481,  0.075,  3.336
 37560,  0.781, -0.015,  0.284,  0.498,  0.064,  3.292
 37620,  0.798, -0.053,  0.286,  0.482,  0.087,  2.937
 37680,  0.765,  0.008,  0.323,  0.454,  0.073,  2.927
 37740,  0.843, -0.024,  0.228,  0.487,  0.080,  2.807
 37800,  0.746, -0.006,  0.278,  0.531,  0.084,  3.052
 37860,  0.752,  0.029,  0.243,  0.427,  0.069,  2.979
 37920, -9999.000, -9999.000, -9999.000, -9999.000, -9999.000, -9999.000
 37980,  0.700,  0.085,  0.326,  0.431,  0.092,  4.325
 38040,  0.863, -0.030,  0.324,  0.502,  0.105,  3.193
 38100,  0.776,  0.031,  0.283,  0.389,  0.072,  3.679
 38160,  0.720,  0.018,  0.339,  0.506,  0.087,  4.058
 38220,  0.774, -0.006,  0.324,  0.483,  0.074,  3.040
 38280,  0.806, -0.031,  0.289,  0.434,  0.094,  2.982
 38340,  0.864, -0.018,  0.249,  0.680,  0.073,  2.827
 38400,  0.686, -0.041,  0.300,  0.797,  0.088,  3.258
 38460,  0.727, -0.023,  0.378,  0.887,  0.059,  2.892
 38520,  0.719, -0.022,  0.305,  0.950,  0.093,  2.743
 38580,  0.756,  0.011,  0.383,  0.911,  0.071,  2.704
 38640,  0.681, -0.017,  0.308,  0.848,  0.057,  2.568
 38700,  0.777, -0.017,  0.353,  0.699,  0.040,  2.609
 38760,  0.842,  0.001,  0.314,  0.652,  0.098,  2.300
 38820,  0.781,  0.003,  0.365,  0.533,  0.061,  2.542
 38880,  0.645, -0.002,  0.380,  0.457,  0.056,  2.360
 38940,  0.835,  0.020,  0.296,  0.541,  0.081,  2.598
 39000,  0.708, -0.021,  0.368,  0.549,  0.072,  2.823
 39060,  0.701, -0.025,  0.307,  0.508,  0.106,  2.404
 39120,  0.716, -0.032,  0.282,  0.494,  0.059,  2.124
 39180,  0.719, -0.028,  0.227,  0.518,  0.064,  2.209
 39240,  0.684, -0.058,  0.334,  0.507,  0.062,  2.195
 39300,  0.677, -0.031,  0.300,  0.549,  0.087,  2.021
 39360,  0.728, -0.020,  0.308,  0.491,  0.092,  2.190
 39420,  0.767, -0.046,  0.263,  0.456,  0.102,  2.295
 39480,  0.737, -0.059,  0.278,  0.482,  0.089,  2.165
 39540,  0.686, -0.055,  0.297,  0.520,  0.055,  2.094
 39600,  0.738, -0.034,  0.298,  0.473,  0.048,  2.105
 39660,  0.777, -0.050,  0.310,  0.425,  0.080,  2.887
 39720,  0.603,  0.014,  0.256,  0.439,  0.082,  2.612
 39780, -9999.000, -9999.000, -9999.000, -9999.000, -9999.000, -9999.000
 39840,  0.692, -0.001,  0.318,  0.495,  0.060,  2.230
 39900,  0.697, -0.048,  0.283,  0.529,  0.071,  2.301
 39960,  0.733,  0.001,  0.253,  0.460,  0.050,  1.948
 40020,  0.655, -0.023,  0.284,  0.435,  0.056,  2.106
 40080,  0.764, -0.039,  0.307,  0.411,  0.063,  1.881
 40140,  0.734, -0.044,  0.278,  0.423,  0.083,  2.034
 40200,  0.692, -0.042,  0.299,  0.452,  0.059,  1.831
 40260,  0.756, -0.042,  0.291,  0.407,  0.071,  2.151
 40320,  0.643,  0.033,  0.280,  0.386,  0.058,  2.133
 40380,  0.670,  0.002,  0.251,  0.349,  0.064,  1.924
 40440,  0.670,  0.021,  0.226,  0.376,  0.052,  1.968
 40500,  0.733, -0.024,  0.326,  0.419,  0.069,  1.752
 40560,  0.763, -0.028,  0.263,  0.440,  0.047,  1.710
 40620,  0.636, -0.023,  0.301,  0.412,  0.059,  1.912
 40680,  0.703,  0.033,  0.300,  0.421,  0.060,  1.786
 40740,  0.646,  0.034,  0.285,  0.391,  0.058,  1.613
 40800,  0.720, -0.015,  0.293,  0.398,  0.055,  1.881
 40860,  0.640, -0.022,  0.282,  0.362,  0.061,  1.608
 40920,  0.641,  0.034,  0.270,  0.340,  0.050,  1.974
 40980,  0.658,  0.043,  0.223,  0.365,  0.043,  1.795
 41040,  0.748,  0.010,  0.326,  0.370,  0.041,  1.724
 41100,  0.619,  0.057,  0.251,  0.352,  0.043,  1.664
 41160,  0.629,  0.026,  0.253,  0.433,  0.047,  1.682
 41220,  0.695,  0.004,  0.258,  0.462,  0.049,  1.643
 41280,  0.618,  0.000,  0.258,  0.327,  0.057,  1.652
 41340,  0.641,  0.041,  0.209,  0.424,  0.049,  1.568
 41400,  0.601,  0.032,  0.262,  0.434,  0.009,  1.937
 41460,  0.625,  0.014,  0.199,  0.408,  0.035,  2.171
 41520,  0.568,  0.019,  0.262,  0.404,  0.046,  3.208
 41580,  0.409,  0.042,  0.292,  0.361, -0.008,  3.072
 41640,  0.541,  0.012,  0.319,  0.409,  0.061,  3.249
 41700,  0.673,  0.073,  0.258,  0.485,  0.029,  3.034
 41760,  0.644,  0.070,  0.281,  0.421,  0.031,  2.890
 41820,  0.666,  0.068,  0.298,  0.430,  0.038,  2.768
 41880,  0.569,  0.046,  0.253,  0.442,  0.032,  3.126
 41940,  0.712,  0.114,  0.331,  0.507,  0.041,  3.100
 42000,  0.570,  0.035,  0.357,  0.542,  0.015,  3.552
 42060,  0.724,  0.065,  0.379,  0.623,  0.054,  4.830
 42120,  0.647,  0.063,  0.379,  0.569,  0.015,  4.368
 42180,  0.645,  0.029,  0.365,  0.507,  0.008,  4.165
 42240,  0.651,  0.033,  0.366,  0.532, -0.001,  4.354
 42300,  0.639,  0.071,  0.316,  0.517,  0.019,  4.016
 42360,  0.688,  0.057,  0.328,  0.568,  0.010,  3.814
 42420,  0.698,  0.088,  0.306,  0.573,  0.024,  3.370
 42480,  0.743,  0.039,  0.317,  0.664,  0.024,  3.300
 42540,  0.729,  0.042,  0.347,  0.819,  0.010,  3.097
 42600,  0.647,  0.084,  0.358,  0.721,  0.015,  3.127
 42660,  0.767,  0.064,  0.282,  0.723,  0.014,  2.906
 42720,  0.698,  0.070,  0.322,  0.791,  0.045,  3.252
 42780,  0.731,  0.041,  0.340,  0.647,  0.012,  3.152
 42840,  0.670,  0.074,  0.303,  0.615,  0.012,  3.263
 42900,  0.647,  0.064,  0.303,  0.614, -0.008,  3.230
 42960,  0.762,  0.026,  0.366,  0.767,  0.014,  2.769
 43020,  0.826,  0.037,  0.383,  0.864,  0.065,  2.688
 43080,  0.724,  0.072,  0.325,  0.634,  0.003,  2.844
 43140,  0.789,  0.000,  0.456,  0.632,  0.009,  2.484
 43200,  0.759,  0.022,  0.424,  0.728,  0.023,  2.330
 43260,  0.759,  0.016,  0.367,  0.687,  0.028,  2.305
 43320,  0.812,  0.046,  0.462,  0.921,  0.010,  2.024
 43380,  0.882,  0.006,  0.507,  0.876, -0.014,  1.595
 43440, -9999.000, -9999.000, -9999.000, -9999.000, -9999.000, -9999.000
 43500,  0.814,  0.071,  0.530,  0.749,  0.039,  1.583
 43560,  0.779,  0.052,  0.486,  0.885,  0.039,  1.724
 43620,  0.853,  0.056,  0.438,  0.745,  0.020,  1.518
 43680,  0.893, -0.012,  0.477,  0.692,  0.041,  1.772
 43740,  0.859,  0.033,  0.476,  0.623,  0.036,  1.866
 43800,  0.820,  0.027,  0.446,  0.737,  0.032,  1.536
 43860,  0.751,  0.024,  0.384,  0.786,  0.009,  1.788
 43920,  0.903,  0.038,  0.365,  0.872,  0.039,  1.552
 43980,  0.823,  0.003,  0.353,  0.813,  0.031,  1.668
 44040,  0.851,  0.044,  0.381,  0.848,  0.056,  1.677
 44100,  0.854,  0.011,  0.284,  0.867,  0.005,  1.640
 44160,  0.660,  0.060,  0.308,  0.845,  0.045,  1.777
 44220,  0.807,  0.047,  0.282,  0.919,  0.022,  2.061
 44280,  0.800,  0.066,  0.338,  0.706,  0.029,  1.607
 44340,  0.736,  0.056,  0.314,  0.797,  0.022,  1.660
 44400,  0.730,  0.046,  0.358,  0.763,  0.025,  1.769
 44460,  0.776,  0.071,  0.282,  0.716,  0.025,  1.750
 44520,  0.703,  0.078,  0.252,  0.626,  0.047,  1.546
 44580,  0.721,  0.090,  0.320,  0.545,  0.046,  1.308
 44640,  0.767,  0.048,  0.320,  0.652,  0.022,  1.404
 44700,  0.828,  0.047,  0.324,  0.751,  0.049,  1.420
 44760,  0.650,  0.088,  0.353,  0.802,  0.043,  1.484
 44820,  0.771,  0.065,  0.279,  0.803,  0.035,  1.426
 44880,  0.804,  0.035,  0.386,  0.740,  0.043,  1.386
 44940,  0.706,  0.071,  0.348,  0.760,  0.038,  1.425
 45000,  0.748,  0.066,  0.300,  0.714,  0.030,  1.421
 45060,  0.649,  0.059,  0.328,  0.661,  0.057,  1.529
 45120,  0.670,  0.034,  0.259,  0.615,  0.056,  1.445
 45180,  0.681,  0.120,  0.359,  0.571,  0.038,  1.451
 45240,  0.707,  0.052,  0.375,  0.627,  0.041,  1.336
 45300,  0.679, -0.035,  0.591,  0.605, -0.062,  1.513
 45360,  0.536,  0.080,  0.285,  0.464,  0.067,  1.462
 45420,  0.824,  0.100,  0.354,  0.573,  0.059,  1.373
 45480,  0.747,  0.064,  0.332,  0.773,  0.076,  1.480
 45540,  0.668,  0.044,  0.365,  0.829,  0.052,  1.338
 45600,  0.720,  0.091,  0.354,  0.737,  0.047,  1.228
 45660,  0.647,  0.048,  0.268,  0.636,  0.055,  1.370
 45720,  0.755,  0.056,  0.333,  0.721,  0.080,  1.554
 45780,  0.696,  0.010,  0.342,  0.656,  0.085,  1.317
 45840,  0.673,  0.034,  0.365,  0.641,  0.077,  1.313
 45900,  0.637,  0.037,  0.323,  0.578,  0.065,  1.187
 45960,  0.728,  0.012,  0.373,  0.617,  0.082,  1.056
 46020,  0.859,  0.040,  0.397,  0.709,  0.060,  0.895
 46080,  0.768,  0.047,  0.333,  0.738,  0.084,  0.925
 46140,  0.724, -0.020,  0.301,  0.660,  0.063,  1.012
 46200,  0.727, -0.013,  0.411,  0.588,  0.080,  0.933
 46260,  0.740,  0.002,  0.282,  0.520,  0.112,  0.848
 46320,  0.718, -0.027,  0.463,  0.601,  0.092,  0.883
 46380,  0.793, -0.003,  0.524,  0.453,  0.075,  1.179
 46440,  0.784, -0.056,  0.322,  0.401,  0.099,  0.906
 46500,  0.786, -0.003,  0.374,  0.392,  0.053,  0.921
 46560,  0.786, -0.025,  0.368,  0.505,  0.100,  1.188
 46620,  0.756, -0.004,  0.356,  0.560,  0.096,  1.390
 46680,  0.855, -0.050,  0.394,  0.499,  0.069,  2.388
 46740,  0.712, -0.003,  0.375,  0.467,  0.112,  2.177
 46800,  0.785, -0.039,  0.322,  0.400,  0.089,  1.029
 46860,  0.686, -0.065,  0.389,  0.392,  0.073,  0.936
 46920,  0.683, -0.083,  0.434,  0.392,  0.086,  0.848
 46980,  0.600, -0.016,  0.516,  0.415,  0.088,  0.837
 47040,  0.720, -0.084,  0.469,  0.411,  0.087,  0.825
 47100,  0.577, -0.075,  0.390,  0.358,  0.091,  0.813
 47160, -9999.000, -9999.000, -9999.000, -9999.000, -9999.000, -9999.000
 47220,  0.736, -0.048,  0.350,  0.429,  0.082,  0.842
 47280,  0.664, -0.061,  0.361,  0.344,  0.101,  0.882
 47340,  0.704, -0.073,  0.358,  0.439,  0.103,  0.764
 47400,  0.769, -0.037,  0.344,  0.420,  0.077,  0.914
 47460,  0.730, -0.022,  0.400,  0.406,  0.078,  1.047
 47520,  0.617,  0.031,  0.250,  0.395,  0.087,  0.931
 47580,  0.599,  0.007,  0.300,  0.456,  0.082,  0.901
 47640,  0.616, -0.024,  0.321,  0.477,  0.052,  0.885
 47700,  0.694, -0.055,  0.316,  0.374,  0.068,  0.770
 47760,  0.711,  0.027,  0.377,  0.420,  0.103,  0.991
 47820,  0.738, -0.025,  0.395,  0.400,  0.059,  0.794
 47880,  0.664, -0.022,  0.315,  0.386,  0.061,  0.823
 47940,  0.714, -0.008,  0.305,  0.407,  0.083,  0.791
 48000,  0.743, -0.033,  0.321,  0.390,  0.046,  1.034
 48060,  0.565, -0.054,  0.288,  0.332,  0.052,  0.981
 48120,  0.587,  0.003,  0.270,  0.398,  0.075,  0.837
 48180,  0.651,  0.002,  0.330,  0.364,  0.050,  1.107
 48240,  0.589,  0.087,  0.298,  0.371,  0.068,  1.087
 48300,  0.670,  0.015,  0.262,  0.335,  0.049,  1.114
 48360,  0.572,  0.006,  0.261,  0.354,  0.045,  1.144
 48420,  0.636,  0.012,  0.250,  0.384,  0.079,  1.067
 48480,  0.593,  0.072,  0.256,  0.349,  0.042,  1.163
 48540,  0.574,  0.003,  0.250,  0.326,  0.053,  1.195
 48600,  0.592,  0.024,  0.329,  0.314,  0.052,  0.995
 48660,  0.575,  0.088,  0.229,  0.365,  0.041,  1.092
 48720,  0.592,  0.060,  0.286,  0.323,  0.090,  1.328
 48780,  0.650,  0.092,  0.247,  0.390,  0.054,  1.477
 48840,  0.582,  0.009,  0.289,  0.333,  0.038,  1.271
 48900,  0.574,  0.071,  0.257,  0.395,  0.016,  1.555
 48960,  0.608,  0.131,  0.289,  0.310,  0.014,  1.174
 49020,  0.719,  0.122,  0.394,  0.254,  0.096,  0.673
 49080,  0.556,  0.091,  0.268,  0.425,  0.041,  1.139
 49140,  0.488,  0.013,  0.249,  0.380,  0.015,  1.062
 49200,  0.644,  0.070,  0.262,  0.385,  0.040,  1.099
 49260,  0.598,  0.026,  0.290,  0.348,  0.030,  1.060
 49320,  0.567, -0.011,  0.224,  0.317,  0.029,  1.091
 49380,  0.557,  0.050,  0.275,  0.338,  0.015,  1.006
 49440,  0.645,  0.066,  0.227,  0.331,  0.026,  0.944
 49500,  0.583,  0.016,  0.230,  0.368,  0.051,  1.024
 49560,  0.559,  0.023,  0.277,  0.368,  0.040,  0.882
 49620,  0.615, -0.003,  0.261,  0.290,  0.060,  0.742
 49680,  0.623,  0.028,  0.234,  0.353,  0.045,  0.915
 49740,  0.520, -0.010,  0.218,  0.321,  0.026,  0.885
 49800,  0.518,  0.043,  0.183,  0.298,  0.052,  0.755
 49860,  0.451,  0.060,  0.215,  0.330,  0.066,  0.904
 49920,  0.524, -0.037,  0.250,  0.331,  0.034,  0.756
 49980,  0.580,  0.022,  0.230,  0.327,  0.044,  0.820
 50040,  0.542, -0.007,  0.167,  0.296,  0.019,  0.896
 50100,  0.556,  0.069,  0.257,  0.321,  0.067,  1.049
 50160,  0.593,  0.081,  0.264,  0.336,  0.055,  1.296
 50220,  0.513,  0.031,  0.297,  0.334,  0.057,  1.365
 50280,  0.565,  0.036,  0.274,  0.320,  0.049,  1.433
 50340,  0.607,  0.094,  0.226,  0.317,  0.069,  1.423
 50400,  0.442,  0.033,  0.230,  0.295,  0.036,  1.500
 50460,  0.415, -0.016,  0.262,  0.280,  0.037,  1.412
 50520,  0.502,  0.015,  0.220,  0.346,  0.068,  1.143
 50580,  0.481,  0.014,  0.246,  0.276,  0.067,  1.257
 50640,  0.523, -0.032,  0.218,  0.340,  0.061,  1.100
 50700,  0.535, -0.037,  0.266,  0.340,  0.065,  1.229
 50760,  0.555,  0.013,  0.210,  0.316,  0.047,  1.156
 50820,  0.387, -0.077,  0.121,  0.449,  0.150,  1.549
 50880,  0.418, -0.028,  0.306,  0.335, -0.034,  1.412
 50940,  0.499, -0.016,  0.252,  0.283,  0.039,  0.878
 51000,  0.540, -0.007,  0.186,  0.302,  0.062,  0.841
 51060,  0.512, -0.008,  0.216,  0.297,  0.056,  0.880
 51120,  0.487,  0.015,  0.224,  0.256,  0.063,  0.801
 51180,  0.540, -0.003,  0.206,  0.309,  0.060,  0.714
 51240,  0.500, -0.034,  0.217,  0.265,  0.055,  0.653
 51300,  0.596,  0.016,  0.298,  0.259,  0.071,  0.667
 51360,  0.495,  0.032,  0.280,  0.291,  0.058,  0.772
 51420,  0.610,  0.011,  0.294,  0.313,  0.042,  0.595
 51480,  0.573,  0.028,  0.347,  0.324,  0.076,  0.497
 51540,  0.555,  0.005,  0.303,  0.314,  0.028,  0.469
 51600,  0.597, -0.000,  0.265,  0.281,  0.085,  0.523
 51660,  0.581,  0.050,  0.288,  0.320,  0.057,  0.607
 51720,  0.536,  0.009,  0.273,  0.358,  0.047,  0.595
 51780,  0.557,  0.038,  0.222,  0.362,  0.040,  0.511
 51840,  0.610,  0.057,  0.190,  0.342,  0.041,  0.421
 51900,  0.598,  0.028,  0.253,  0.342,  0.069,  0.522
 51960,  0.636,  0.032,  0.262,  0.331,  0.048,  0.431
 52020,  0.610,  0.028,  0.224,  0.321,  0.064,  0.372
