CampaignData_and_Merges/R0/CSL_MobileLab_Parked/raw/20240813/USOS-NOAAIodideCIMS-HCOOH_MobileLabGround_20240813_RA.ict
33, 1001
Michael A Robinson, Chris Jernigan, Subi Thakali
NOAA ESRL Chemical Sciences Laboratory and CIRES, U. of Colorado
NOAA Iodide CIMS Instrument
USOS
1, 1
2024, 08, 13, 2024, 08, 15
1
starttime_UTC, seconds_past_midnight, seconds_of_day_since_00:00:00_UTC
1
1
-9999
HCOOH_NOAACIMS, pptv, Gas_HCOOH_InSitu_S_AVMR, 
0
18
PI_CONTACT_INFO: 325 Broadway, R/CSD 7, Boulder, Colorado 80305; michael.a.robinson@noaa.gov; chris.jernigan@noaa.gov;
PLATFORM: NOAA CSL Mobile Lab
LOCATION: SLC, Utah
ASSOCIATED_DATA: 1Hz data also available on request.
INSTRUMENT_INFO: NOAA I- ToF CIMS
DATA_INFO: All data in parts per trillion by volume (pptv). 1 Hz data is available upon request.
UNCERTAINTY: TBD
ULOD_FLAG: -7777
ULOD_VALUE: N/A
LLOD_FLAG: -8888
LLOD_VALUE: N/A
DM_CONTACT_INFO: Nathan Howard; nathan.h.howard@noaa.gov
PROJECT_INFO: USOS, summer 2024. https://csl.noaa.gov/groups/csl7/measurements/2024usos/
STIPULATIONS_ON_USE: Users are strongly encouraged to contact the PI for proper data usage.
OTHER_COMMENTS: 
REVISION: RA
RA: Preliminary Data; For in-field use only
starttime_UTC, HCOOH_NOAACIMS
[from data line 998]
 59880, 556.964
 59940, 469.261
 60000, 487.474
 60060, 502.893
 60120, 539.954
 60180, 522.838
 60240, 480.401
 60300, 507.861
 60360, 500.406
 60420, 484.062
 60480, 463.496
 60540, 464.143
 60600, 461.633
 60660, 450.184
 60720, 447.294
 60780, 444.915
 60840, 466.412
 60900, 480.676
 60960, 475.282
 61020, 437.923
 61080, 464.300
 61140, 466.361
 61200, 455.014
 61260, 431.859
 61320, 430.122
 61380, 446.265
 61440, 458.739
 61500, 483.124
 61560, 481.220
 61620, 495.799
 61680, 482.396
 61740, 494.795
 61800, 523.470
 61860, 491.635
 61920, -9999.000
 61980, 510.975
 62040, 520.687
 62100, 538.463
 62160, 550.493
 62220, 563.665
 62280, 544.817
 62340, 522.578
 62400, 528.182
 62460, 531.531
 62520, 552.779
 62580, 581.521
 62640, 575.203
 62700, 573.551
 62760, 575.925
 62820, 564.892
 62880, 574.738
 62940, 554.195
 63000, 554.587
 63060, 566.851
 63120, 555.833
 63180, 546.527
 63240, 539.662
 63300, 526.433
 63360, 532.547
 63420, 534.931
 63480, 559.617
 63540, 560.221
 63600, 580.431
 63660, 561.631
 63720, 555.434
 63780, 554.090
 63840, 574.052
 63900, 552.630
 63960, 576.631
 64020, 594.686
 64080, 565.068
 64140, 562.010
 64200, 577.210
 64260, 543.014
 64320, 562.606
 64380, 583.789
 64440, 613.303
 64500, 550.673
 64560, 592.914
 64620, 633.856
 64680, 542.506
 64740, 572.777
 64800, 595.663
 64860, 576.575
 64920, 553.085
 64980, 552.660
 65040, 571.526
 65100, 553.304
 65160, 566.678
 65220, 555.890
 65280, 577.705
 65340, 568.169
 65400, 615.968
 65460, 611.823
 65520, 562.986
 65580, 546.991
 65640, -9999.000
 65700, 563.451
 65760, 561.861
 65820, 566.631
 65880, 585.229
 65940, 582.842
 66000, 599.217
 66060, 584.442
 66120, 558.079
 66180, 570.776
 66240, 582.848
 66300, 596.894
 66360, 582.775
 66420, 608.492
 66480, 593.544
 66540, 610.641
 66600, 607.435
 66660, 609.128
 66720, 628.286
 66780, 625.253
 66840, 620.504
 66900, 611.189
 66960, 590.046
 67020, 603.381
 67080, 606.341
 67140, 642.808
 67200, 641.101
 67260, 608.915
 67320, 580.442
 67380, 587.123
 67440, 576.127
 67500, 559.348
 67560, 583.328
 67620, 604.563
 67680, 592.212
 67740, 591.837
 67800, 588.210
 67860, 604.034
 67920, 605.312
 67980, 592.654
 68040, 613.258
 68100, 598.640
 68160, 607.126
 68220, 610.004
 68280, 623.541
 68340, 587.098
 68400, 625.023
 68460, 604.382
 68520, 595.907
 68580, 637.639
 68640, 625.610
 68700, 621.177
 68760, 631.112
 68820, 613.366
 68880, 628.939
 68940, 607.103
 69000, 613.426
 69060, 630.162
 69120, 653.195
 69180, 680.507
 69240, 658.963
 69300, 670.819
 69360, 601.616
 69420, 619.852
 69480, 639.521
 69540, 615.009
 69600, 606.908
 69660, 611.445
 69720, 628.804
 69780, 620.862
 69840, 617.974
 69900, 644.268
 69960, 592.898
 70020, 624.755
 70080, 605.525
 70140, 611.111
 70200, 603.713
 70260, 599.950
 70320, 605.412
 70380, 608.455
 70440, 608.725
 70500, 598.102
 70560, 611.488
 70620, 618.680
 70680, 616.314
 70740, 627.723
 70800, 610.244
 70860, 603.415
 70920, 659.358
 70980, 659.931
 71040, 659.932
 71100, 656.987
 71160, 682.658
 71220, 658.661
 71280, 634.869
 71340, 684.621
 71400, 706.094
 71460, 659.614
 71520, 640.072
 71580, 622.150
 71640, 630.109
 71700, 673.214
 71760, 674.378
 71820, 697.011
 71880, 697.252
 71940, 685.473
 72000, 720.066
 72060, 680.940
 72120, 657.392
 72180, 669.922
 72240, 672.254
 72300, 684.992
 72360, 673.434
 72420, 644.693
 72480, 655.647
 72540, 653.489
 72600, 671.635
 72660, 662.306
 72720, 701.440
 72780, 679.146
 72840, 678.086
 72900, 678.983
 72960, 688.291
 73020, -9999.000
 73080, 667.455
 73140, 670.583
 73200, 675.801
 73260, 639.777
 73320, 640.680
 73380, 649.889
 73440, 641.912
 73500, 647.445
 73560, 640.776
 73620, 651.169
 73680, 655.168
 73740, 650.430
 73800, 655.495
 73860, 678.003
 73920, 687.625
 73980, 679.495
 74040, 666.814
 74100, 664.418
 74160, 649.798
 74220, 650.936
 74280, 623.475
 74340, 662.752
 74400, 685.068
 74460, 708.203
 74520, 696.613
 74580, 664.705
 74640, 645.320
 74700, 653.208
 74760, 658.137
 74820, 687.124
 74880, -9999.000
 74940, 678.702
 75000, 658.310
 75060, 682.709
 75120, 664.725
 75180, 670.537
 75240, 673.148
 75300, 661.867
 75360, 653.171
 75420, 660.268
 75480, 654.569
 75540, 678.821
 75600, 696.723
 75660, 692.876
 75720, 694.712
 75780, 696.800
 75840, 721.186
 75900, 743.528
 75960, 711.796
 76020, 728.823
 76080, 706.998
 76140, 731.796
 76200, 749.137
 76260, 707.971
 76320, 705.270
 76380, 705.037
 76440, 688.472
 76500, 695.213
 76560, 698.715
 76620, 687.162
 76680, 687.816
 76740, -9999.000
 76800, 685.873
 76860, 679.780
 76920, 690.797
 76980, 686.778
 77040, 693.059
 77100, 714.978
 77160, 709.271
 77220, 720.875
 77280, 703.360
 77340, 695.477
 77400, 723.242
 77460, 737.827
 77520, 764.899
 77580, 713.018
 77640, 686.860
 77700, 734.280
 77760, 722.410
 77820, 694.902
 77880, 724.747
 77940, 685.193
 78000, 680.873
 78060, 683.954
 78120, 700.888
 78180, 701.509
 78240, 681.809
 78300, 727.840
 78360, 714.842
 78420, 701.278
 78480, 695.885
 78540, 681.384
 78600, 678.417
 78660, 664.829
 78720, 645.415
 78780, 663.513
 78840, 683.043
 78900, 680.325
 78960, 679.238
 79020, 710.899
 79080, 734.888
 79140, 687.302
 79200, 684.227
 79260, 672.271
 79320, 655.821
 79380, 665.173
 79440, 644.683
 79500, 651.398
 79560, 646.346
 79620, 663.138
 79680, 658.086
 79740, 661.266
 79800, 655.599
 79860, 669.237
 79920, 638.529
 79980, 642.203
 80040, 640.134
 80100, 633.681
 80160, 622.404
 80220, 623.624
 80280, 635.759
 80340, 638.883
 80400, -9999.000
 80460, 594.397
 80520, 606.420
 80580, 608.500
 80640, 574.604
 80700, 589.965
 80760, 591.856
 80820, 594.193
 80880, 606.694
 80940, 609.525
 81000, 603.231
 81060, 629.914
 81120, 628.863
 81180, 611.947
 81240, 612.796
 81300, 613.891
 81360, 623.378
 81420, 608.870
 81480, 579.961
 81540, 575.340
 81600, 558.965
 81660, 562.033
 81720, 564.974
 81780, 517.787
 81840, 534.059
 81900, 536.898
 81960, 548.184
 82020, 528.317
 82080, 532.733
 82140, 533.733
 82200, 519.839
 82260, -9999.000
 82320, 520.110
 82380, 528.712
 82440, 515.287
 82500, 513.271
 82560, 491.438
 82620, 509.837
 82680, 512.537
 82740, 502.668
 82800, 516.713
 82860, 536.437
 82920, 517.818
 82980, 525.983
 83040, 485.775
 83100, 524.272
 83160, 529.982
 83220, 517.128
 83280, 525.006
 83340, 534.799
 83400, 530.159
 83460, 532.504
 83520, 500.556
 83580, 497.871
 83640, 528.710
 83700, 568.892
 83760, 559.442
 83820, 545.686
 83880, 426.363
 83940, 360.865
 84000, 318.813
 84060, 311.048
 84120, -9999.000
 84180, 319.152
 84240, 313.625
 84300, 332.463
 84360, 325.781
 84420, 347.723
 84480, 330.235
 84540, 351.656
 84600, 315.876
 84660, 337.852
 84720, 303.167
 84780, 327.170
 84840, 353.436
 84900, 355.615
 84960, 394.549
 85020, 399.962
 85080, 381.887
 85140, 362.849
 85200, 385.187
 85260, 390.453
 85320, 454.761
 85380, 516.761
 85440, 592.121
 85500, 559.466
 85560, 562.383
 85620, 566.952
 85680, 666.581
 85740, 653.823
 85800, 662.193
 85860, 573.856
 85920, 582.493
 85980, 572.826
 86040, 532.372
 86100, 545.547
 86160, 512.447
 86220, 398.432
 86280, 368.775
 86340, 379.240
