CampaignData_and_Merges/R0/CSL_MobileLab_Parked/raw/20240813/USOS-HCHO_MobileLabGround_20240813_R0.ict
35,1001
Huang, Yaoxian
Wayne State University
Picarro G2307 on CSL Mobile Lab
USOS
1,1
2024,08,13,2024,08,15
1.0
Time_Start,seconds_since_midnight,number_of_seconds_since_0000_UTC
3
1.0,1.0,1.0
-9999.0,-9999.0,-9999.0
HCHO,ppbv,Gas_HCHO_InSitu_S_AVMR,volume mixing ratio of formaldehyde in air
H2O,ppmv,Gas_H2O_InSitu_S_AVMR,volume mixing ratio of water vapor in air
CH4,ppmv,Gas_CH4_InSitu_S_AVMR,volume mixing ratio of methane in air
0
18
PI_CONTACT_INFO: yaoxian.huang@wayne.edu
PLATFORM: CSL Mobile Lab, at Ground Site
LOCATION: Salt Lake City, UT
ASSOCIATED_DATA: N/A
INSTRUMENT_INFO: Cavity Ring-Down Spectrometer
DATA_INFO: Data is averaged to 1 minute intervals for stationary and 1 second interval for driving. Stationary data collected from a 20 ft tower on top of the mobile lab.
UNCERTAINTY: N/A
ULOD_FLAG: -7777
ULOD_VALUE: N/A
LLOD_FLAG: -8888
LLOD_VALUE: N/A
DM_CONTACT_INFO: Yaoxian Huang; yaoxian.huang@wayne.edu
PROJECT_INFO: USOS, Summer 2024. https://csl.noaa.gov/groups/csl7/measurements/2024usos/
STIPULATIONS_ON_USE: Users are strongly encouraged to contact the PI for proper data usage.
OTHER_COMMENTS: Data have been shifted backwards by 1 minute to align with USOS MetNav and Picarro GHG data.
REVISION: R0
R0: Final Data
Time_Start,HCHO,H2O,CH4
0,0.50705,20323.0,1.8749
60,0.656108,20234.4,1.87681
120,0.772795,20387.9,1.87552
180,0.811812,20490.0,1.87145
240,0.514166,20385.1,1.87573
300,0.755207,20370.9,1.87389
360,0.763458,20256.9,1.87577
420,0.690638,20107.6,1.87337
480,0.716466,20258.1,1.8742
540,0.86342,20377.1,1.8741
600,0.839312,20184.6,1.87514
660,0.778482,20239.0,1.87395
720,0.661469,20217.1,1.87594
780,0.879774,19981.5,1.87162
840,0.629034,19919.8,1.87475
900,0.70413,19582.8,1.87286
960,0.695477,19397.8,1.8748
1020,0.809607,19108.0,1.8723
1080,0.805408,19490.2,1.87023
1140,0.627888,19805.8,1.87448
1200,0.612482,19705.1,1.87127
1260,0.516825,19169.6,1.87153
1320,0.591264,19062.6,1.87231
1380,0.422904,18918.6,1.87179
1440,0.494909,18967.7,1.87315
1500,0.455709,19210.5,1.87483
1560,0.289252,18633.8,1.87174
1620,0.679391,18865.0,1.86975
1680,0.488271,18620.9,1.87242
1740,0.423443,18321.9,1.87375
1800,0.446546,18070.3,1.87436
1860,0.652706,17936.5,1.87493
1920,0.463178,18204.4,1.87423
1980,0.572328,18220.3,1.87435
2040,0.624186,18672.5,1.87355
2100,0.495889,18590.0,1.87299
2160,0.643219,18655.3,1.87249
2220,0.47152,18434.9,1.87445
2280,0.37789,18365.6,1.87394
2340,0.728992,18144.3,1.87263
2400,0.494515,18421.6,1.87095
2460,0.841009,18519.1,1.87413
2520,0.639085,18082.7,1.87336
2580,0.748303,18021.8,1.87488
2640,0.559407,18002.3,1.8719
2700,0.54323,18195.5,1.87241
2760,0.582978,18104.6,1.87368
2820,0.499379,18143.0,1.87196
2880,0.546025,17803.7,1.87265
2940,0.572095,17993.7,1.87593
3000,0.55671,17936.4,1.87315
3060,0.440769,18187.5,1.8733
3120,0.450513,18208.9,1.87443
3180,0.817565,18021.8,1.87233
3240,0.434792,18184.1,1.87479
3300,0.50602,18536.0,1.8743
3360,0.605216,18230.3,1.87268
3420,0.889406,18287.8,1.87698
3480,0.494318,18440.3,1.87718
3540,0.770648,18780.6,1.87731
3600,0.751567,18401.8,1.87944
3660,0.832967,18833.2,1.87774
3720,0.867788,18939.5,1.88325
3780,0.54404,18298.9,1.87756
3840,0.765309,17926.2,1.87622
3900,0.447236,17057.1,1.87466
3960,0.471482,17371.1,1.87648
4020,0.585646,17865.2,1.8802
4080,0.707685,18484.5,1.88295
4140,0.864094,18902.0,1.88391
4200,0.836502,19228.9,1.88516
4260,1.1291,19492.7,1.88469
4320,1.17124,19385.9,1.88777
4380,1.21872,19510.0,1.88909
4440,1.16295,19734.4,1.89098
4500,1.3329,19928.9,1.88924
4560,1.28404,19855.4,1.88729
4620,1.1913,19873.0,1.88836
4680,1.02376,19803.2,1.88936
4740,1.17632,19758.0,1.89039
4800,1.10386,19732.3,1.89082
4860,1.22666,19794.3,1.89057
4920,1.16339,19958.4,1.89175
4980,1.26704,20096.1,1.89081
5040,0.90832,19308.8,1.88746
5100,0.960069,19784.6,1.89155
5160,1.16062,19828.5,1.88966
5220,0.852062,19403.0,1.88669
5280,0.983244,19043.7,1.88856
5340,0.814285,19086.3,1.88811
5400,0.876606,18942.8,1.88793
5460,1.12844,18942.6,1.88848
5520,0.891068,18928.8,1.88775
5580,0.867266,18781.3,1.89643
5640,0.881426,18742.3,1.89792
5700,0.866995,18963.9,1.89504
5760,0.805563,18900.5,1.8955
5820,1.31769,18892.8,1.89534
5880,0.873831,18753.7,1.89401
5940,1.27716,18959.4,1.89511
6000,0.947892,18850.8,1.89659
6060,0.883371,18834.2,1.88904
6120,0.761533,18626.7,1.8859
6180,0.824291,18849.2,1.88825
6240,1.09758,18899.3,1.88533
6300,0.808233,18570.2,1.88478
6360,1.01996,18838.1,1.8845
6420,0.676867,19108.1,1.8879
6480,0.996392,18671.7,1.8849
6540,0.780319,18734.6,1.88492
6600,0.802887,18764.2,1.8867
6660,0.943962,18635.4,1.88705
6720,0.918442,18849.9,1.88591
6780,1.05069,18822.5,1.88382
6840,1.17206,19122.9,1.8868
6900,1.26633,18998.8,1.8827
6960,0.950296,18824.0,1.88581
7020,1.09231,19000.4,1.88301
7080,1.04435,18938.1,1.88541
7140,1.19988,18835.4,1.88402
7200,1.2568,18878.0,1.88609
7260,0.958639,19013.0,1.88225
7320,1.16265,18708.7,1.88366
7380,1.31259,18920.0,1.88409
7440,1.08092,19004.7,1.88356
7500,1.00063,18933.3,1.88338
7560,1.01676,18684.2,1.88379
7620,1.06746,18834.3,1.88565
7680,0.717058,18298.8,1.88389
7740,0.987993,18615.9,1.88563
7800,0.728709,18159.5,1.88357
7860,0.751198,18053.3,1.88172
7920,0.896459,17592.1,1.88143
7980,0.619807,17704.2,1.87941
8040,0.868258,17665.9,1.88015
8100,0.461421,17539.1,1.87879
8160,0.553436,17728.0,1.87785
8220,0.90785,17632.7,1.88018
8280,0.639929,17676.7,1.87853
8340,0.762819,17758.4,1.87848
8400,0.823246,17579.5,1.88129
8460,0.950129,18154.9,1.88348
8520,0.794896,18216.0,1.88416
8580,0.880617,17695.6,1.88181
8640,0.858033,17500.9,1.88351
8700,0.731392,17654.9,1.88139
8760,0.617596,17508.7,1.88338
8820,0.57335,17634.7,1.88289
8880,0.822425,17711.0,1.8843
8940,0.659977,17647.3,1.87983
9000,0.619838,17587.1,1.88313
9060,0.725893,17513.9,1.88014
9120,0.734872,17410.5,1.8817
9180,0.745966,17343.5,1.88169
9240,0.621459,17409.0,1.88506
9300,0.745166,17371.0,1.88254
9360,0.768427,17514.3,1.88112
9420,0.715063,17690.4,1.88326
9480,0.455445,17306.7,1.88056
9540,0.662512,17203.0,1.88112
9600,0.368751,17245.6,1.88136
9660,0.75088,17467.7,1.88079
9720,0.572909,17125.4,1.87998
9780,0.426824,17200.7,1.88075
9840,0.655776,17019.7,1.88196
9900,0.685309,17136.0,1.88018
9960,0.343343,17100.7,1.88009
10020,0.518791,17341.2,1.88102
10080,0.381072,17002.4,1.87852
10140,0.401864,17027.7,1.88074
10200,0.514965,17055.7,1.87829
10260,0.722926,16913.4,1.87978
10320,0.269935,16919.8,1.88219
10380,0.753112,17030.9,1.88495
10440,0.49229,17188.6,1.88478
10500,0.693609,17183.9,1.88353
10560,0.607421,17301.3,1.88534
10620,0.771799,17285.1,1.88531
10680,0.566942,17104.4,1.8878
10740,0.351627,17078.8,1.88665
10800,0.80646,17322.1,1.88504
10860,0.793272,17375.7,1.88525
10920,0.584485,17544.9,1.88881
10980,1.07921,17709.9,1.88865
11040,0.797961,18026.8,1.89175
11100,0.945843,18318.1,1.89646
11160,0.802019,18704.3,1.8957
11220,0.856862,18773.4,1.89837
11280,0.949628,18752.5,1.89557
11340,0.849336,18552.0,1.89726
11400,0.831453,18767.7,1.89846
11460,1.22146,19015.7,1.89819
11520,1.05043,19081.8,1.89724
11580,1.09663,19099.2,1.89843
11640,1.1269,18874.2,1.89686
11700,1.58185,19259.4,1.90038
11760,1.37349,19047.5,1.89831
11820,1.23278,18849.5,1.89942
11880,1.15827,18946.1,1.89921
11940,1.07085,18840.2,1.89865
12000,1.0039,18994.0,1.89997
12060,1.41492,18946.7,1.8998
12120,1.25891,18914.1,1.90474
12180,1.22981,18829.6,1.9123
12240,1.2145,18860.4,1.90992
12300,1.30773,18671.7,1.90253
12360,1.15407,18876.5,1.90393
12420,1.17205,18827.1,1.9016
12480,1.20051,19026.9,1.90069
12540,1.43999,19301.1,1.91504
12600,1.60211,19402.1,1.91199
12660,1.50971,19421.0,1.90967
12720,1.15422,19268.9,1.91232
12780,1.46555,19478.6,1.91096
12840,1.45313,19320.4,1.91366
12900,1.2689,18427.2,1.90138
12960,1.16891,18566.2,1.90478
13020,1.40623,19234.7,1.90478
13080,1.13131,19971.7,1.9072
13140,1.40485,19889.4,1.91074
13200,1.27317,19404.1,1.90897
13260,1.3741,19114.8,1.90808
13320,1.44516,19113.7,1.91248
13380,1.39389,19543.5,1.90766
13440,1.28249,19274.8,1.90873
13500,1.1513,18929.9,1.90526
13560,1.37019,19228.1,1.90863
13620,1.306,18978.0,1.91432
13680,1.44263,19067.9,1.91841
13740,1.39033,19055.9,1.91567
13800,1.64027,19051.9,1.91365
13860,1.56642,19109.2,1.91507
13920,1.54977,19270.5,1.91618
13980,1.67358,19334.5,1.91035
14040,1.36284,19234.3,1.91348
14100,1.31618,19298.6,1.91148
14160,1.33405,19088.3,1.9135
14220,1.49335,19049.6,1.90908
14280,1.2689,19118.5,1.91068
14340,1.35294,18983.8,1.91275
14400,1.46105,19162.1,1.9131
14460,1.33551,19335.2,1.91218
14520,1.4557,19572.8,1.91592
14580,1.48674,19323.1,1.92044
14640,1.2755,19088.8,1.91329
14700,1.26795,18948.2,1.90558
14760,1.22824,19187.6,1.90759
14820,1.19971,19271.9,1.90668
14880,1.3859,19327.6,1.91062
14940,1.28552,19186.1,1.90715
15000,1.37062,19067.4,1.91172
15060,1.37674,19304.6,1.91884
15120,1.11607,18900.7,1.91157
15180,1.20201,18494.3,1.90796
15240,1.23372,18720.8,1.91058
15300,1.22266,18804.5,1.91512
15360,1.1301,18983.1,1.91289
15420,1.13345,18829.1,1.91193
15480,1.10553,18759.6,1.91071
15540,1.07355,18579.9,1.90723
15600,1.04701,18689.4,1.91175
15660,0.802555,18535.4,1.90073
15720,1.04835,18483.8,1.89762
15780,0.883264,18471.4,1.89812
15840,0.876603,18358.4,1.90029
15900,1.01633,18393.3,1.89782
15960,1.0344,18245.0,1.89594
16020,0.76518,18517.4,1.89797
16080,0.899749,18606.9,1.90094
16140,1.03385,18344.8,1.9013
16200,0.979223,18593.9,1.90017
16260,1.02036,18298.7,1.89911
16320,0.810677,18009.4,1.89525
16380,0.927851,17882.3,1.8965
16440,0.797212,17565.2,1.89334
16500,0.806749,17796.8,1.8949
16560,0.93592,17377.9,1.8892
16620,1.06087,17557.5,1.89005
16680,0.611083,17147.4,1.88634
16740,0.751798,17145.1,1.8873
16800,1.18103,17315.5,1.88976
16860,0.742363,17524.1,1.88991
16920,0.701809,17275.6,1.89013
16980,0.923917,17319.2,1.89071
17040,1.07798,17676.0,1.89271
17100,1.03615,17644.3,1.88938
17160,-3.91957,17225.9,1.89341
17220,0.78565,16956.3,1.88702
17280,0.586229,16894.6,1.88327
17340,0.592603,17098.4,1.88699
17400,0.88351,17087.4,1.88286
17460,0.464322,16849.1,1.88309
17520,0.649068,16840.4,1.87985
17580,0.632705,16881.2,1.88205
17640,0.589829,16702.2,1.88376
17700,0.475809,16518.2,1.88215
17760,0.558132,16967.2,1.88243
17820,0.527457,16885.4,1.88276
17880,0.350999,16719.9,1.88146
17940,0.826338,16812.5,1.88572
18000,0.364346,16654.7,1.88086
18060,0.439339,16567.5,1.88075
18120,0.463562,16530.2,1.87823
18180,0.432633,16432.9,1.88023
18240,0.602022,16295.3,1.88078
18300,0.35244,16431.6,1.88044
18360,0.54858,16259.9,1.8813
18420,0.600004,16513.4,1.88062
18480,0.424458,16492.2,1.87982
18540,0.484296,16258.6,1.88218
18600,0.611095,16426.5,1.8807
18660,0.610715,16365.3,1.88101
18720,0.522914,16472.8,1.8791
18780,0.231475,16490.3,1.88123
18840,0.423793,16590.9,1.88169
18900,0.363766,16429.9,1.88156
18960,0.860657,16669.3,1.88286
19020,0.148232,16415.9,1.87851
19080,0.277729,16520.2,1.87885
19140,0.473982,16432.7,1.88152
19200,0.420935,16374.1,1.87837
19260,0.812191,16787.5,1.87963
19320,0.488007,16655.7,1.87884
19380,0.512204,16643.7,1.88031
19440,0.660048,16651.8,1.88386
19500,0.539559,16543.2,1.88045
19560,0.629133,16527.5,1.88423
19620,0.555883,16468.5,1.88347
19680,0.588801,16486.1,1.88877
19740,0.605461,16466.3,1.88814
19800,0.494787,16617.9,1.89213
19860,0.564305,16626.2,1.88601
19920,0.5933,16804.4,1.88737
19980,0.686081,16905.6,1.88691
20040,0.754522,16869.1,1.88413
20100,0.600912,16794.3,1.88355
20160,0.687308,16899.6,1.88577
20220,0.448132,17058.6,1.88487
20280,0.32693,17078.9,1.87948
20340,0.570469,17107.0,1.88247
20400,0.563285,17151.5,1.87944
20460,0.425433,17084.1,1.8817
20520,0.366631,17209.1,1.8836
20580,0.547451,17223.4,1.88388
20640,0.343179,17317.3,1.88064
20700,0.423348,17254.7,1.87838
20760,0.463833,17332.2,1.88024
20820,0.561148,17397.1,1.87994
20880,0.516712,17491.1,1.87818
20940,0.379021,17567.9,1.87794
21000,0.658322,17591.2,1.87928
21060,0.686712,17582.8,1.87931
21120,0.337861,17650.6,1.88196
21180,0.46007,17847.5,1.88015
21240,0.481184,17697.3,1.88098
21300,0.454713,17744.7,1.8803
21360,0.560003,17748.8,1.8805
21420,0.706357,17726.9,1.87964
21480,0.831909,17834.2,1.8815
21540,0.543571,17777.4,1.8811
21600,0.673265,17871.7,1.88192
21660,0.482059,17954.9,1.87959
21720,0.588564,17893.0,1.8799
21780,0.555197,17857.8,1.88466
21840,0.367381,17873.4,1.87749
21900,0.416181,17776.5,1.87745
21960,0.387731,17765.3,1.87906
22020,0.424846,17552.6,1.88038
22080,0.557605,17510.9,1.8796
22140,0.424229,17548.4,1.88078
22200,0.30612,17477.4,1.882
22260,0.505673,17442.9,1.88259
22320,0.751711,17442.3,1.88178
22380,0.848434,17385.2,1.88155
22440,0.36877,17164.6,1.88004
22500,0.339582,17025.6,1.88336
22560,0.25603,17088.2,1.88264
22620,0.32985,17112.8,1.88224
22680,0.368189,17127.1,1.88375
22740,0.475516,17098.1,1.88237
22800,0.449101,17144.0,1.88544
22860,0.80969,17196.2,1.88524
22920,0.555128,17346.2,1.88758
22980,0.633067,17367.2,1.88878
23040,0.495007,17433.2,1.88559
23100,0.766468,17352.0,1.88264
23160,0.703981,17339.0,1.88618
23220,0.420784,17414.8,1.87972
23280,0.581206,17462.6,1.88464
23340,0.46859,17243.7,1.88366
23400,0.567727,17224.6,1.87932
23460,0.6096,17516.1,1.8831
23520,0.474993,17290.6,1.88203
23580,0.68012,17302.7,1.8832
23640,0.637011,17113.3,1.88251
23700,0.546405,17110.1,1.88258
23760,0.469748,17062.4,1.88222
23820,0.580219,17245.2,1.88223
23880,0.826547,17530.1,1.88343
23940,0.49228,17481.5,1.88168
24000,0.374766,17140.2,1.88145
24060,0.825622,17210.1,1.88323
24120,0.510728,17062.8,1.88678
24180,0.577612,17007.3,1.88313
24240,0.651279,16922.7,1.8859
24300,0.50685,16838.3,1.8816
24360,0.637457,16770.8,1.88425
24420,0.379066,16680.5,1.88429
24480,0.470724,16576.6,1.88009
24540,0.260893,16635.6,1.88244
24600,0.556335,16670.7,1.88405
24660,0.539788,16673.7,1.88039
24720,0.332348,16708.7,1.8822
24780,0.592976,16811.6,1.88387
24840,0.393795,17056.9,1.88628
24900,0.403021,17222.3,1.88607
24960,0.57698,17564.0,1.8852
25020,0.536712,17627.3,1.88454
25080,0.403157,17655.1,1.88491
25140,0.50673,17759.1,1.88344
25200,0.645479,17777.8,1.88579
25260,0.379675,17806.1,1.88775
25320,0.465957,17823.8,1.88749
25380,0.485479,17828.2,1.88599
25440,0.577967,17915.4,1.88927
25500,0.746052,17983.3,1.89007
25560,0.446436,18258.3,1.88587
25620,0.302995,18246.6,1.88833
25680,0.370101,18044.8,1.88878
25740,0.667888,17972.9,1.89173
25800,0.483655,17952.6,1.88792
25860,0.370668,17961.1,1.89064
25920,0.415735,17958.3,1.89055
25980,0.547926,18088.0,1.88673
26040,0.461382,18004.2,1.88797
26100,0.47682,17908.8,1.887
26160,0.737903,17958.3,1.88891
26220,0.545766,18042.1,1.8855
26280,0.406843,17990.9,1.88665
26340,0.521806,18087.5,1.88671
26400,0.349355,18102.9,1.88614
26460,0.306589,17920.3,1.88773
26520,0.414632,18015.4,1.88743
26580,0.529195,18045.5,1.88945
26640,0.430517,17983.1,1.88554
26700,0.467299,17868.6,1.88644
26760,0.445428,17632.7,1.8867
26820,0.401148,17328.7,1.88652
26880,0.484616,17243.3,1.88606
26940,0.723536,17254.1,1.88768
27000,0.416026,17024.4,1.8843
27060,0.390481,17108.8,1.88956
27120,0.423482,17160.9,1.88656
27180,0.470507,17164.1,1.88843
27240,0.478957,17260.9,1.88679
27300,0.678625,17339.1,1.89068
27360,0.539681,17231.6,1.88747
27420,0.295132,17271.9,1.88696
27480,0.624427,17356.5,1.89069
27540,0.578187,17439.3,1.88954
27600,0.644913,17457.7,1.8888
27660,0.791267,17534.8,1.89133
27720,0.587708,17594.1,1.89047
27780,0.725579,17471.5,1.89063
27840,0.742245,17231.4,1.89425
27900,0.6979,16678.4,1.89023
27960,0.409755,16490.9,1.88548
28020,0.458107,16202.5,1.88591
28080,0.538675,16076.9,1.88174
28140,0.601388,16026.6,1.88327
28200,0.568971,16441.1,1.88727
28260,0.586986,16654.3,1.89014
28320,0.844822,16992.4,1.8909
28380,0.455514,17028.5,1.89218
28440,0.837935,17017.6,1.88891
28500,0.57327,17161.5,1.89052
28560,0.525934,17297.3,1.89165
28620,0.526127,17387.3,1.89276
28680,0.800854,17298.9,1.89611
28740,0.907526,17383.7,1.89662
28800,0.663066,17771.7,1.89659
28860,0.672615,18158.5,1.89574
28920,0.691903,18234.3,1.89536
28980,0.580126,18302.4,1.89259
29040,0.684692,18200.9,1.8937
29100,0.594036,18099.2,1.8904
29160,0.497315,18322.7,1.88811
29220,0.690479,18323.4,1.88986
29280,0.482786,18483.6,1.8892
29340,0.449688,18579.8,1.88928
29400,0.543627,18592.8,1.8893
29460,0.393232,18540.8,1.89018
29520,0.719269,18505.3,1.88825
29580,0.174585,18639.4,1.88593
29640,0.52008,18760.2,1.88491
29700,0.494238,18766.1,1.88731
29760,0.563344,18703.0,1.88576
29820,0.706053,18714.4,1.88809
29880,0.586918,18545.4,1.88615
29940,0.287929,18527.9,1.88448
30000,0.186968,18421.9,1.88637
30060,0.60275,18316.8,1.88339
30120,0.517245,18491.5,1.88453
30180,0.426645,18282.3,1.88099
30240,0.562383,18266.9,1.88532
30300,0.285203,18231.0,1.88178
30360,0.370614,17942.9,1.88041
30420,0.649407,17839.6,1.88297
30480,0.624494,17816.6,1.88311
30540,0.362102,17783.1,1.88294
30600,0.481963,17920.4,1.8851
30660,0.619714,17821.4,1.88269
30720,0.619431,17826.1,1.88404
30780,0.42883,17718.1,1.88437
30840,0.530568,17580.3,1.88176
30900,0.473052,17562.7,1.88438
30960,0.635706,17651.6,1.88396
31020,0.514087,16984.0,1.8796
31080,0.62639,16987.7,1.87974
31140,0.420017,17086.4,1.8789
31200,0.699,17081.3,1.87928
31260,0.517661,17069.2,1.87875
31320,0.397082,17049.4,1.88163
31380,0.342849,16889.9,1.88005
31440,0.455121,17010.0,1.87815
31500,0.534992,17088.3,1.88119
31560,0.44555,16899.1,1.87946
31620,0.248789,16952.7,1.87924
31680,0.425923,16935.3,1.8786
31740,0.563395,16991.8,1.88088
