CampaignData_and_Merges/R0/CSL_MobileLab_Parked/raw/20240813/USOS-NOAAIodideCIMS-OrgNitrs_MobileLabGround_20240813_RA.ict
37, 1001
Michael A Robinson, Chris Jernigan, Subi Thakali
NOAA ESRL Chemical Sciences Laboratory and CIRES, U. of Colorado
NOAA Iodide CIMS Instrument
USOS
1, 1
2024, 08, 13, 2024, 08, 15
1
starttime_UTC, seconds_past_midnight, seconds_of_day_since_00:00:00_UTC
5
1, 1, 1, 1, 1
-9999, -9999, -9999, -9999, -9999
C4H7NO5_NOAACIMS, pptv, Gas_C4H7NO5_InSitu_S_AVMR, 
ISOPN_NOAACIMS, pptv, Gas_ISOPN_InSitu_S_AVMR, 
C5H10O3_NOAACIMS, pptv, Gas_C5H10O3_InSitu_S_AVMR, 
C5H9NO5_NOAACIMS, pptv, Gas_C5H9NO5_InSitu_S_AVMR, 
C10H17NO4_NOAACIMS, pptv, Gas_C10H17NO4_InSitu_S_AVMR, 
0
18
PI_CONTACT_INFO: 325 Broadway, R/CSD 7, Boulder, Colorado 80305; michael.a.robinson@noaa.gov; chris.jernigan@noaa.gov;
PLATFORM: NOAA CSL Mobile Lab
LOCATION: SLC, Utah
ASSOCIATED_DATA: 1Hz data also available on request.
INSTRUMENT_INFO: NOAA I- ToF CIMS
DATA_INFO: All data in parts per trillion by volume (pptv). 1 Hz data is available upon request.
UNCERTAINTY: TBD
ULOD_FLAG: -7777
ULOD_VALUE: N/A
LLOD_FLAG: -8888
LLOD_VALUE: N/A
DM_CONTACT_INFO: Nathan Howard; nathan.h.howard@noaa.gov
PROJECT_INFO: USOS, summer 2024. https://csl.noaa.gov/groups/csl7/measurements/2024usos/
STIPULATIONS_ON_USE: Users are strongly encouraged to contact the PI for proper data usage.
OTHER_COMMENTS: 
REVISION: RA
RA: Preliminary Data; For in-field use only
starttime_UTC, C4H7NO5_NOAACIMS, ISOPN_NOAACIMS, C5H10O3_NOAACIMS, C5H9NO5_NOAACIMS, C10H17NO4_NOAACIMS
[from data line 1355]
 81300,  5.236, 11.135, 25.373,  3.412,  0.274
 81360,  4.883, 10.647, 25.212,  3.484,  0.239
 81420,  4.772, 10.207, 23.449,  3.267,  0.265
 81480,  4.633,  9.838, 23.065,  3.328,  0.303
 81540,  4.332,  8.414, 20.652,  2.987,  0.202
 81600,  4.351,  8.322, 20.864,  3.252,  0.201
 81660,  4.363,  8.334, 19.205,  2.992,  0.220
 81720,  4.414,  8.624, 19.729,  3.026,  0.246
 81780,  4.155,  7.014, 18.499,  2.980,  0.202
 81840,  4.288,  7.509, 17.667,  3.087,  0.207
 81900,  4.408,  8.199, 17.618,  3.292,  0.215
 81960,  4.549,  8.413, 19.925,  3.464,  0.251
 82020,  4.396,  8.195, 18.071,  3.243,  0.259
 82080,  4.567,  8.312, 17.468,  3.300,  0.243
 82140,  4.528,  8.597, 18.928,  3.294,  0.233
 82200,  4.553,  8.833, 19.135,  3.209,  0.215
 82260, -9999.000, -9999.000, -9999.000, -9999.000, -9999.000
 82320,  4.454,  8.156, 17.150,  3.125,  0.266
 82380,  4.291,  7.676, 17.429,  3.143,  0.291
 82440,  4.014,  7.251, 16.846,  2.971,  0.280
 82500,  4.037,  7.280, 16.790,  3.119,  0.179
 82560,  4.040,  7.328, 16.739,  3.157,  0.242
 82620,  3.992,  7.432, 16.740,  3.052,  0.260
 82680,  4.079,  7.559, 16.989,  3.166,  0.271
 82740,  4.162,  7.884, 17.798,  3.239,  0.220
 82800,  4.125,  7.997, 18.583,  3.235,  0.190
 82860,  4.236,  8.320, 18.021,  3.284,  0.221
 82920,  4.273,  8.756, 18.506,  3.165,  0.244
 82980,  4.416,  8.582, 19.425,  3.184,  0.269
 83040,  4.468,  8.769, 18.901,  3.264,  0.251
 83100,  4.473,  8.903, 19.525,  3.154,  0.260
 83160,  4.341,  8.618, 20.043,  3.038,  0.257
 83220,  4.310,  8.916, 20.125,  3.110,  0.263
 83280,  4.445,  8.972, 20.346,  3.275,  0.263
 83340,  4.334,  8.895, 20.184,  3.050,  0.266
 83400,  4.215,  8.520, 19.562,  3.223,  0.208
 83460,  4.266,  8.388, 20.093,  3.052,  0.264
 83520,  3.990,  7.503, 19.136,  3.006,  0.234
 83580,  4.021,  7.435, 18.999,  3.098,  0.248
 83640,  4.080,  7.447, 19.150,  3.012,  0.200
 83700,  4.153,  7.436, 20.051,  3.112,  0.262
 83760,  4.163,  7.945, 19.945,  3.178,  0.282
 83820,  4.349,  8.633, 20.448,  3.305,  0.317
 83880,  3.055,  5.176, 16.429,  2.429,  0.185
 83940,  2.064,  2.995, 12.677,  1.855,  0.182
 84000,  1.691,  2.087, 10.092,  1.495,  0.147
 84060,  1.487,  1.519,  9.097,  1.302,  0.139
 84120, -9999.000, -9999.000, -9999.000, -9999.000, -9999.000
 84180,  1.207,  1.189,  5.914,  1.109,  0.084
 84240,  1.506,  1.182,  6.695,  1.136,  0.117
 84300,  1.626,  1.639,  8.406,  1.287,  0.127
 84360,  1.969,  1.851, 10.353,  1.519,  0.120
 84420,  2.098,  2.247, 12.502,  1.783,  0.151
 84480,  1.973,  2.100, 11.679,  1.575,  0.126
 84540,  1.791,  2.100, 11.533,  1.577,  0.143
 84600,  1.641,  1.792, 10.485,  1.296,  0.124
 84660,  1.622,  1.692,  9.903,  1.314,  0.158
 84720,  1.724,  1.941, 10.554,  1.487,  0.103
 84780,  1.706,  1.665, 10.478,  1.526,  0.122
 84840,  1.622,  1.977,  9.919,  1.400,  0.106
 84900,  1.676,  1.967, 10.004,  1.469,  0.168
 84960,  1.562,  1.914,  9.229,  1.414,  0.141
 85020,  1.512,  1.617,  8.955,  1.330,  0.101
 85080,  1.355,  1.514,  7.483,  1.152,  0.096
 85140,  1.316,  1.394,  6.134,  1.224,  0.107
 85200,  1.239,  1.058,  5.364,  1.045,  0.108
 85260,  1.270,  1.222,  5.783,  1.063,  0.099
 85320,  1.292,  1.203,  5.332,  1.050,  0.086
 85380,  1.311,  1.552,  6.465,  1.261,  0.114
 85440,  1.570,  1.758,  8.533,  1.549,  0.135
 85500,  1.541,  1.890,  9.099,  1.557,  0.146
 85560,  1.529,  1.685,  8.911,  1.620,  0.091
 85620,  1.515,  1.732,  9.206,  1.612,  0.124
 85680,  1.848,  2.120, 10.760,  1.934,  0.141
 85740,  1.919,  2.290, 11.747,  1.942,  0.235
 85800,  1.826,  2.370, 12.217,  1.981,  0.171
 85860,  1.747,  2.430, 12.410,  1.971,  0.223
 85920,  1.805,  2.427, 12.105,  1.951,  0.153
 85980,  1.813,  2.300, 12.864,  1.781,  0.232
 86040,  1.559,  2.521, 12.848,  1.832,  0.262
 86100,  1.464,  2.856, 13.997,  1.931,  0.279
 86160,  1.314,  2.713, 13.316,  1.817,  0.313
 86220,  1.118,  2.385, 11.651,  1.585,  0.283
 86280,  1.033,  1.892,  9.924,  1.452,  0.239
 86340,  0.993,  1.688,  8.598,  1.399,  0.272
