CampaignData_and_Merges/R0/CSL_MobileLab_Parked/raw/20240813/USOS-O3_MobileLabGround_20240813_R0.ict
34, 1001
Carrie Womack
NOAA Chemical Sciences Laboratory
2B Tech O3 UV Analyzer
USOS
1, 1
2024, 08, 13, 2024, 12, 21
60
Time_Start, seconds_past_midnight, Seconds from midnight UTC
1
1
-9999
O3_ppb, ppb, Ozone from 2B Tech UV Analyzer
1
SPECIAL COMMENTS:
18
PI_CONTACT_INFO: Address: 325 Broadway R/CSL7, Boulder, CO, 80305
PLATFORM: CSL Mobile Lab
LOCATION: Salt Lake City, UT
ASSOCIATED_DATA: N/A
INSTRUMENT_INFO: N/A
DATA_INFO: Units:
UNCERTAINTY: N/A
ULOD_FLAG: -7777
ULOD_VALUE: N/A
LLOD_FLAG: -8888
LLOD_VALUE: N/A
DM_CONTACT_INFO: Data Manager: Nate Howard
PROJECT_INFO: 
STIPULATIONS_ON_USE: Use of these data require prior ok from PI.
OTHER_COMMENTS: N/A
REVISION: R0
R0: Final data. RA: Preliminary Data.  For in-field use only.
Time_Start, O3_ppb
0.0,25.1
60.0,27.2
120.0,26.0
180.0,26.7
240.0,26.6
300.0,26.8
360.0,26.7
420.0,27.9
480.0,27.8
540.0,25.9
600.0,26.0
660.0,27.2
720.0,26.6
780.0,26.2
840.0,26.6
900.0,28.7
960.0,27.9
1020.0,28.0
1080.0,27.1
1140.0,27.6
1200.0,26.3
1260.0,27.5
1320.0,28.2
1380.0,27.4
1440.0,27.5
1500.0,26.9
1560.0,26.6
1620.0,27.5
1680.0,27.7
1740.0,27.5
1800.0,28.1
1860.0,27.5
1920.0,26.1
1980.0,27.4
2040.0,27.6
2100.0,27.9
2160.0,27.1
2220.0,28.1
2280.0,27.3
2340.0,28.2
2400.0,26.4
2460.0,27.3
2520.0,27.7
2580.0,27.3
2640.0,27.0
2700.0,26.9
2760.0,26.7
2820.0,27.2
2880.0,27.1
2940.0,26.5
3000.0,26.5
3060.0,26.2
3120.0,25.8
3180.0,26.5
3240.0,26.1
3300.0,24.9
3360.0,25.2
3420.0,24.9
3480.0,25.6
3540.0,24.2
3600.0,23.8
3660.0,23.4
3720.0,23.0
3780.0,24.3
3840.0,24.9
3900.0,27.3
3960.0,26.2
4020.0,24.9
4080.0,21.9
4140.0,20.2
4200.0,20.0
4260.0,18.5
4320.0,19.1
4380.0,18.0
4440.0,15.7
4500.0,17.1
4560.0,15.1
4620.0,16.4
4680.0,17.3
4740.0,16.9
4800.0,17.3
4860.0,16.4
4920.0,15.3
4980.0,17.3
5040.0,19.0
5100.0,17.2
5160.0,17.9
5220.0,18.3
5280.0,20.5
5340.0,20.4
5400.0,20.3
5460.0,20.9
5520.0,22.6
5580.0,23.3
5640.0,24.0
5700.0,23.4
5760.0,23.4
5820.0,22.1
5880.0,23.4
5940.0,22.1
6000.0,23.1
6060.0,23.6
6120.0,25.0
6180.0,23.2
6240.0,23.2
6300.0,23.1
6360.0,22.6
6420.0,21.8
6480.0,25.3
6540.0,24.9
6600.0,24.8
6660.0,24.4
6720.0,24.9
6780.0,24.1
6840.0,21.1
6900.0,23.9
6960.0,23.7
7020.0,24.2
7080.0,25.4
7140.0,24.6
7200.0,23.4
7260.0,22.6
7320.0,22.6
7380.0,21.3
7440.0,21.1
7500.0,22.7
7560.0,23.4
7620.0,22.1
7680.0,24.3
7740.0,21.5
7800.0,24.5
7860.0,22.7
7920.0,24.8
7980.0,25.1
8040.0,24.2
8100.0,24.9
8160.0,24.0
8220.0,25.0
8280.0,24.9
8340.0,24.7
8400.0,25.1
8460.0,22.3
8520.0,22.7
8580.0,25.7
8640.0,25.7
8700.0,25.0
8760.0,25.6
8820.0,25.2
8880.0,24.4
8940.0,24.2
9000.0,25.9
9060.0,24.6
9120.0,25.2
9180.0,25.0
9240.0,24.8
9300.0,24.5
9360.0,24.6
9420.0,23.5
9480.0,25.0
9540.0,25.0
9600.0,24.5
9660.0,24.7
9720.0,25.2
9780.0,25.7
9840.0,25.2
9900.0,24.8
9960.0,24.4
10020.0,23.4
10080.0,24.2
10140.0,24.4
10200.0,24.4
10260.0,24.8
10320.0,25.2
10380.0,24.0
10440.0,22.5
10500.0,23.6
10560.0,23.1
10620.0,24.3
10680.0,23.9
10740.0,24.8
10800.0,23.5
10860.0,24.1
10920.0,23.1
10980.0,22.3
11040.0,23.9
11100.0,24.1
11160.0,24.4
11220.0,23.9
11280.0,23.7
11340.0,23.0
11400.0,23.1
11460.0,19.6
11520.0,18.1
11580.0,18.1
11640.0,19.4
11700.0,17.9
11760.0,19.1
11820.0,19.6
11880.0,18.9
11940.0,19.1
12000.0,18.4
12060.0,18.6
12120.0,19.3
12180.0,18.8
12240.0,19.6
12300.0,21.3
12360.0,21.4
12420.0,20.7
12480.0,20.0
12540.0,17.9
12600.0,16.1
12660.0,17.8
12720.0,17.6
12780.0,17.1
12840.0,17.7
12900.0,23.1
12960.0,20.6
13020.0,18.6
13080.0,15.1
13140.0,14.9
13200.0,16.7
13260.0,17.9
13320.0,18.3
13380.0,16.8
13440.0,16.5
13500.0,15.7
13560.0,15.3
13620.0,15.9
13680.0,16.3
13740.0,15.4
13800.0,14.0
13860.0,13.7
13920.0,13.1
13980.0,12.7
14040.0,12.5
14100.0,10.9
14160.0,13.1
14220.0,12.2
14280.0,12.4
14340.0,12.2
14400.0,11.0
14460.0,9.9
14520.0,11.2
14580.0,11.1
14640.0,12.4
14700.0,14.1
14760.0,13.5
14820.0,13.6
14880.0,14.1
14940.0,13.1
15000.0,14.0
15060.0,12.6
15120.0,15.1
15180.0,14.4
15240.0,13.5
15300.0,13.8
15360.0,14.2
15420.0,13.2
15480.0,14.4
15540.0,14.0
15600.0,14.6
15660.0,14.0
15720.0,16.6
15780.0,16.4
15840.0,17.3
15900.0,16.5
15960.0,18.8
16020.0,16.6
16080.0,15.0
16140.0,16.0
16200.0,16.1
16260.0,18.6
16320.0,19.5
16380.0,19.9
16440.0,20.3
16500.0,20.3
16560.0,21.6
16620.0,20.9
16680.0,23.4
16740.0,22.6
16800.0,22.0
16860.0,21.1
16920.0,21.7
16980.0,20.9
17040.0,19.4
17100.0,19.3
17160.0,20.4
17220.0,22.8
17280.0,22.9
17340.0,21.1
17400.0,21.9
17460.0,22.8
17520.0,23.2
17580.0,23.5
17640.0,23.5
17700.0,25.0
17760.0,23.8
17820.0,23.7
17880.0,23.9
17940.0,24.0
18000.0,24.5
18060.0,25.3
18120.0,24.9
18180.0,25.9
18240.0,25.5
18300.0,25.8
18360.0,25.3
18420.0,25.2
18480.0,24.7
18540.0,25.4
18600.0,24.8
18660.0,25.1
18720.0,25.2
18780.0,25.6
18840.0,24.8
18900.0,25.9
18960.0,24.6
19020.0,25.8
19080.0,25.5
19140.0,25.5
19200.0,24.8
19260.0,24.0
19320.0,24.1
19380.0,23.4
19440.0,23.2
19500.0,24.3
19560.0,23.9
19620.0,24.5
19680.0,24.0
19740.0,23.4
19800.0,24.4
19860.0,25.5
19920.0,28.0
19980.0,29.4
20040.0,28.6
20100.0,30.4
20160.0,31.2
20220.0,32.8
20280.0,32.9
20340.0,33.3
20400.0,33.6
20460.0,33.2
20520.0,32.4
20580.0,33.1
20640.0,33.4
20700.0,33.0
20760.0,33.3
20820.0,35.4
20880.0,35.0
20940.0,34.0
21000.0,33.3
21060.0,34.1
21120.0,33.5
21180.0,33.6
21240.0,33.1
21300.0,33.4
21360.0,33.9
21420.0,33.8
21480.0,32.7
21540.0,33.1
21600.0,32.3
21660.0,32.7
21720.0,33.1
21780.0,34.3
21840.0,33.3
21900.0,34.4
21960.0,33.2
22020.0,34.3
22080.0,34.4
22140.0,33.8
22200.0,33.9
22260.0,32.7
22320.0,32.8
22380.0,33.7
22440.0,32.6
22500.0,32.4
22560.0,32.4
22620.0,32.0
22680.0,30.4
22740.0,29.9
22800.0,29.6
22860.0,28.6
22920.0,28.7
22980.0,28.5
23040.0,29.3
23100.0,29.8
23160.0,29.9
23220.0,29.7
23280.0,30.3
23340.0,31.8
23400.0,32.1
23460.0,31.6
23520.0,32.0
23580.0,31.3
23640.0,32.0
23700.0,32.3
23760.0,31.8
23820.0,31.1
23880.0,30.0
23940.0,30.2
24000.0,29.5
24060.0,29.9
24120.0,31.1
24180.0,29.7
24240.0,27.6
24300.0,29.5
24360.0,27.0
24420.0,26.8
24480.0,26.2
24540.0,25.1
24600.0,27.1
24660.0,26.8
24720.0,27.4
24780.0,28.0
24840.0,27.7
24900.0,29.8
24960.0,30.7
25020.0,30.7
25080.0,31.7
25140.0,29.7
25200.0,30.8
25260.0,30.5
25320.0,31.5
25380.0,31.3
25440.0,31.2
25500.0,30.4
25560.0,29.9
25620.0,28.4
25680.0,31.1
25740.0,30.8
25800.0,30.8
25860.0,31.1
25920.0,31.1
25980.0,30.1
26040.0,30.1
26100.0,31.3
26160.0,31.1
26220.0,31.6
26280.0,31.1
26340.0,31.3
26400.0,30.2
26460.0,31.2
26520.0,31.0
26580.0,31.2
26640.0,30.8
26700.0,29.5
26760.0,30.4
26820.0,30.5
26880.0,29.9
26940.0,29.9
27000.0,30.0
27060.0,29.3
27120.0,29.4
27180.0,29.0
27240.0,29.1
27300.0,29.0
27360.0,28.4
27420.0,28.1
27480.0,27.1
27540.0,27.1
27600.0,26.3
27660.0,26.0
27720.0,25.8
27780.0,26.0
27840.0,25.5
27900.0,27.6
27960.0,28.0
28020.0,28.1
28080.0,28.6
28140.0,29.2
28200.0,27.2
28260.0,27.2
28320.0,27.2
28380.0,27.0
28440.0,27.2
28500.0,27.1
28560.0,26.2
28620.0,27.0
28680.0,27.0
28740.0,27.3
28800.0,27.6
28860.0,29.0
28920.0,27.9
28980.0,28.3
29040.0,28.0
29100.0,29.0
29160.0,28.7
29220.0,28.3
29280.0,29.0
29340.0,28.6
29400.0,29.7
29460.0,30.6
29520.0,29.9
29580.0,29.9
29640.0,30.5
29700.0,30.6
29760.0,30.1
29820.0,29.3
29880.0,30.9
29940.0,31.6
30000.0,31.0
30060.0,30.8
30120.0,31.2
30180.0,31.4
30240.0,30.9
30300.0,31.3
30360.0,32.3
30420.0,32.6
30480.0,32.5
30540.0,32.3
30600.0,32.0
30660.0,32.2
30720.0,32.2
30780.0,32.4
30840.0,32.2
30900.0,32.9
30960.0,32.8
31020.0,34.1
31080.0,33.6
31140.0,34.3
31200.0,33.9
31260.0,33.3
31320.0,33.6
31380.0,33.5
31440.0,33.7
31500.0,32.8
31560.0,32.1
31620.0,33.1
31680.0,33.5
31740.0,32.6
31800.0,32.4
31860.0,32.9
31920.0,32.9
31980.0,33.3
32040.0,32.8
32100.0,33.3
32160.0,33.5
32220.0,33.2
32280.0,33.3
32340.0,34.1
32400.0,32.6
32460.0,33.4
32520.0,33.2
32580.0,33.3
32640.0,32.8
32700.0,32.2
32760.0,33.6
32820.0,33.3
32880.0,33.9
32940.0,34.3
33000.0,33.7
33060.0,33.8
33120.0,34.1
33180.0,33.1
33240.0,32.9
33300.0,33.5
33360.0,32.5
33420.0,32.5
33480.0,32.9
33540.0,32.4
33600.0,32.3
33660.0,31.9
33720.0,32.1
33780.0,32.4
33840.0,32.1
33900.0,31.3
33960.0,31.9
34020.0,31.1
34080.0,31.7
34140.0,30.6
34200.0,31.7
34260.0,31.0
34320.0,30.7
34380.0,32.1
34440.0,31.5
34500.0,30.7
34560.0,32.0
34620.0,31.5
34680.0,32.5
34740.0,32.1
34800.0,30.9
34860.0,31.5
34920.0,31.6
34980.0,31.0
35040.0,31.4
35100.0,31.2
35160.0,30.5
35220.0,30.9
35280.0,33.0
35340.0,31.5
35400.0,31.4
35460.0,31.9
35520.0,30.8
35580.0,32.4
35640.0,30.7
35700.0,31.0
35760.0,30.8
35820.0,30.9
35880.0,30.4
35940.0,30.9
36000.0,29.9
36060.0,29.8
36120.0,30.3
36180.0,29.6
36240.0,29.8
36300.0,28.8
36360.0,29.5
36420.0,28.6
36480.0,28.5
36540.0,28.6
36600.0,29.0
36660.0,28.5
36720.0,28.7
36780.0,28.5
36840.0,28.3
36900.0,28.1
36960.0,27.9
37020.0,27.0
37080.0,28.2
37140.0,28.8
37200.0,28.4
37260.0,28.0
37320.0,28.3
37380.0,27.2
37440.0,27.6
37500.0,27.8
37560.0,27.1
37620.0,27.0
37680.0,27.0
37740.0,27.5
37800.0,27.1
37860.0,27.5
37920.0,26.6
37980.0,26.4
38040.0,27.2
38100.0,26.4
38160.0,26.9
38220.0,27.9
38280.0,27.0
38340.0,25.4
38400.0,26.3
38460.0,25.8
38520.0,25.2
38580.0,25.8
38640.0,26.1
38700.0,26.5
38760.0,27.0
38820.0,26.6
38880.0,26.9
38940.0,28.0
39000.0,28.1
39060.0,27.6
39120.0,27.6
39180.0,27.8
39240.0,28.5
39300.0,28.5
39360.0,27.6
39420.0,29.2
39480.0,29.4
39540.0,29.2
39600.0,29.5
39660.0,28.2
39720.0,29.4
39780.0,29.4
39840.0,29.4
39900.0,29.4
39960.0,29.1
40020.0,29.2
40080.0,28.6
40140.0,28.2
40200.0,29.2
40260.0,29.1
40320.0,29.1
40380.0,28.5
40440.0,27.8
40500.0,29.2
40560.0,28.2
40620.0,29.3
40680.0,29.2
40740.0,29.3
40800.0,28.5
40860.0,28.8
40920.0,28.4
40980.0,27.3
41040.0,28.0
41100.0,27.4
41160.0,28.4
41220.0,27.5
41280.0,26.0
41340.0,25.9
41400.0,26.6
41460.0,25.9
41520.0,25.9
41580.0,25.6
41640.0,26.1
41700.0,27.3
41760.0,27.6
41820.0,26.6
41880.0,27.2
41940.0,26.6
42000.0,26.5
42060.0,26.1
42120.0,26.6
42180.0,26.6
42240.0,26.0
42300.0,26.0
42360.0,25.3
42420.0,25.9
42480.0,27.1
42540.0,26.8
42600.0,27.3
42660.0,26.9
42720.0,27.7
42780.0,26.9
42840.0,26.7
42900.0,25.8
42960.0,26.5
43020.0,27.6
43080.0,27.1
43140.0,26.8
43200.0,27.1
43260.0,27.3
43320.0,27.8
43380.0,27.8
43440.0,27.4
43500.0,27.6
43560.0,28.1
43620.0,27.8
43680.0,28.6
43740.0,28.4
43800.0,28.6
43860.0,28.6
43920.0,29.0
43980.0,28.6
44040.0,27.8
44100.0,28.4
44160.0,29.0
44220.0,28.0
44280.0,27.4
44340.0,27.8
44400.0,28.1
44460.0,28.6
44520.0,27.4
44580.0,29.4
44640.0,28.6
44700.0,28.7
44760.0,28.3
44820.0,28.2
44880.0,28.4
44940.0,27.8
45000.0,27.7
45060.0,28.2
45120.0,28.5
45180.0,28.0
45240.0,27.9
45300.0,27.8
45360.0,27.9
45420.0,28.5
45480.0,28.9
45540.0,29.5
45600.0,28.7
45660.0,28.6
45720.0,28.1
45780.0,27.4
45840.0,26.8
45900.0,28.1
45960.0,26.5
46020.0,29.6
46080.0,30.1
46140.0,28.9
46200.0,29.2
46260.0,29.1
46320.0,27.2
46380.0,28.4
46440.0,28.4
46500.0,28.2
46560.0,28.9
46620.0,29.6
46680.0,29.2
46740.0,28.2
46800.0,29.4
46860.0,29.3
46920.0,28.3
46980.0,27.9
47040.0,28.6
47100.0,27.7
47160.0,28.7
47220.0,28.1
47280.0,26.2
47340.0,26.7
47400.0,27.7
47460.0,25.9
47520.0,25.3
47580.0,27.2
47640.0,26.4
47700.0,25.8
47760.0,26.1
47820.0,26.5
47880.0,26.9
47940.0,25.8
48000.0,25.3
48060.0,23.8
48120.0,22.8
48180.0,23.8
48240.0,24.8
48300.0,25.2
48360.0,24.8
48420.0,23.7
48480.0,23.1
48540.0,23.2
48600.0,23.6
48660.0,25.0
48720.0,24.6
48780.0,23.0
48840.0,22.0
48900.0,23.5
48960.0,23.5
49020.0,21.7
49080.0,22.8
49140.0,22.7
49200.0,24.5
49260.0,23.7
49320.0,22.1
49380.0,20.0
49440.0,20.8
49500.0,23.2
49560.0,21.6
49620.0,21.1
49680.0,23.6
49740.0,21.4
49800.0,18.5
49860.0,19.3
49920.0,19.3
49980.0,20.9
50040.0,21.6
50100.0,19.7
50160.0,22.1
50220.0,22.4
50280.0,22.8
50340.0,22.7
50400.0,22.1
50460.0,20.6
50520.0,21.5
50580.0,21.2
50640.0,19.2
50700.0,20.5
50760.0,20.0
50820.0,19.9
50880.0,21.0
50940.0,21.5
51000.0,23.6
51060.0,23.5
51120.0,23.6
51180.0,23.1
51240.0,24.1
51300.0,25.1
51360.0,25.4
51420.0,24.4
51480.0,24.4
51540.0,23.5
51600.0,22.8
51660.0,23.8
51720.0,24.8
51780.0,24.1
51840.0,22.8
51900.0,22.6
51960.0,24.6
52020.0,23.0
52080.0,23.1
52140.0,25.0
52200.0,23.4
52260.0,22.2
52320.0,22.8
52380.0,23.9
52440.0,21.0
52500.0,22.1
52560.0,24.1
52620.0,21.7
52680.0,21.7
52740.0,20.8
52800.0,18.8
52860.0,21.0
52920.0,22.1
52980.0,21.4
53040.0,21.8
53100.0,22.9
53160.0,23.1
53220.0,22.7
53280.0,22.6
53340.0,23.5
53400.0,23.4
53460.0,24.4
53520.0,23.6
53580.0,23.9
53640.0,23.0
53700.0,23.0
53760.0,23.6
53820.0,23.8
53880.0,23.8
53940.0,22.5
54000.0,22.5
54060.0,23.1
54120.0,22.1
54180.0,22.9
54240.0,24.6
54300.0,23.2
54360.0,24.1
54420.0,23.3
54480.0,24.5
54540.0,24.3
54600.0,24.2
54660.0,25.1
54720.0,24.5
54780.0,25.2
54840.0,24.6
54900.0,22.8
54960.0,23.1
55020.0,24.0
55080.0,23.8
55140.0,23.0
55200.0,24.4
55260.0,24.9
55320.0,24.5
55380.0,23.5
55440.0,23.7
55500.0,23.6
55560.0,24.7
55620.0,24.2
55680.0,23.9
55740.0,24.6
55800.0,25.5
55860.0,24.7
55920.0,25.1
55980.0,24.8
56040.0,26.0
56100.0,25.8
56160.0,25.5
56220.0,26.4
56280.0,25.2
56340.0,26.9
56400.0,26.3
56460.0,26.3
56520.0,26.9
56580.0,27.6
56640.0,27.3
56700.0,28.0
56760.0,27.0
56820.0,26.4
56880.0,26.4
56940.0,27.6
57000.0,27.0
57060.0,27.1
57120.0,26.8
57180.0,27.7
57240.0,26.7
57300.0,27.4
57360.0,28.3
57420.0,28.1
57480.0,28.5
57540.0,28.2
57600.0,28.5
57660.0,28.5
57720.0,27.9
57780.0,27.4
57840.0,27.6
57900.0,29.0
57960.0,29.6
58020.0,30.2
58080.0,28.7
58140.0,27.2
58200.0,28.4
58260.0,27.8
58320.0,28.3
58380.0,25.8
58440.0,-9999.0
58500.0,-9999.0
58560.0,-9999.0
58620.0,-9999.0
58680.0,-9999.0
58740.0,-9999.0
58800.0,-9999.0
58860.0,-9999.0
58920.0,-9999.0
58980.0,-9999.0
59040.0,-9999.0
59100.0,-9999.0
59160.0,-9999.0
59220.0,-9999.0
59280.0,-9999.0
59340.0,-9999.0
59400.0,-9999.0
59460.0,30.9
59520.0,32.0
59580.0,30.8
59640.0,30.4
59700.0,31.6
59760.0,29.7
59820.0,30.4
59880.0,29.8
59940.0,29.2
60000.0,31.4
60060.0,30.1
60120.0,28.3
60180.0,29.5
60240.0,32.5
60300.0,31.7
60360.0,30.9
60420.0,31.2
60480.0,32.0
60540.0,31.1
60600.0,32.8
60660.0,32.0
60720.0,32.5
60780.0,32.9
60840.0,32.3
60900.0,32.4
60960.0,33.2
61020.0,33.7
61080.0,33.1
61140.0,31.2
61200.0,32.3
61260.0,33.6
61320.0,33.4
61380.0,33.5
61440.0,33.9
61500.0,33.5
61560.0,34.9
61620.0,36.0
61680.0,35.4
61740.0,35.3
61800.0,33.7
61860.0,34.7
61920.0,34.0
61980.0,34.2
62040.0,35.3
62100.0,35.9
62160.0,34.8
62220.0,35.8
62280.0,34.8
62340.0,35.8
62400.0,35.8
62460.0,35.9
62520.0,36.8
62580.0,35.8
62640.0,36.6
62700.0,36.9
62760.0,35.3
62820.0,35.0
62880.0,36.3
62940.0,36.1
63000.0,38.0
63060.0,37.3
63120.0,37.5
63180.0,37.0
63240.0,38.4
63300.0,37.0
63360.0,37.3
63420.0,38.7
63480.0,39.0
63540.0,38.8
63600.0,38.3
63660.0,37.4
63720.0,39.4
63780.0,38.6
63840.0,38.3
63900.0,37.9
63960.0,38.7
64020.0,39.5
64080.0,38.3
64140.0,38.6
64200.0,37.4
64260.0,37.7
64320.0,37.7
64380.0,38.8
64440.0,36.7
64500.0,37.0
64560.0,37.3
64620.0,37.3
64680.0,36.8
64740.0,36.3
64800.0,36.8
64860.0,38.3
64920.0,38.6
64980.0,38.4
65040.0,37.8
65100.0,37.9
65160.0,38.8
65220.0,38.5
65280.0,38.6
65340.0,38.4
65400.0,38.0
65460.0,37.1
65520.0,37.6
65580.0,40.6
65640.0,38.9
65700.0,39.6
65760.0,39.3
65820.0,38.6
65880.0,39.4
65940.0,39.0
66000.0,39.9
66060.0,38.9
66120.0,40.4
66180.0,40.5
66240.0,38.9
66300.0,39.4
66360.0,40.8
66420.0,40.1
66480.0,41.1
66540.0,38.9
66600.0,40.8
66660.0,40.2
66720.0,39.9
66780.0,39.5
66840.0,39.3
66900.0,41.1
66960.0,41.4
67020.0,41.3
67080.0,41.5
67140.0,40.9
67200.0,41.2
67260.0,41.5
67320.0,41.3
67380.0,43.1
67440.0,42.5
67500.0,42.9
67560.0,41.6
67620.0,40.7
67680.0,41.1
67740.0,41.3
67800.0,41.9
67860.0,42.8
67920.0,41.4
67980.0,42.4
68040.0,42.2
68100.0,41.3
68160.0,41.5
68220.0,42.1
68280.0,41.9
68340.0,42.0
68400.0,42.5
68460.0,41.0
68520.0,41.0
68580.0,41.8
68640.0,42.4
68700.0,43.3
68760.0,43.3
68820.0,43.4
68880.0,43.5
68940.0,43.0
69000.0,43.4
69060.0,43.2
69120.0,42.1
69180.0,41.8
69240.0,41.6
69300.0,42.3
69360.0,41.5
69420.0,42.6
69480.0,42.7
69540.0,43.1
69600.0,43.4
69660.0,41.2
69720.0,41.3
69780.0,42.4
69840.0,42.9
69900.0,41.8
69960.0,41.3
70020.0,42.3
70080.0,43.7
70140.0,43.5
70200.0,42.9
70260.0,41.3
70320.0,42.4
70380.0,43.4
70440.0,40.0
70500.0,42.0
70560.0,42.2
70620.0,42.8
70680.0,41.7
70740.0,41.5
70800.0,42.8
70860.0,42.8
70920.0,41.3
70980.0,42.4
71040.0,42.4
71100.0,42.8
71160.0,43.5
71220.0,43.5
71280.0,43.6
71340.0,42.8
71400.0,41.7
71460.0,42.5
71520.0,43.9
71580.0,43.6
71640.0,44.7
71700.0,43.0
71760.0,43.0
71820.0,42.6
71880.0,42.4
71940.0,41.7
72000.0,42.3
72060.0,43.0
72120.0,44.2
72180.0,43.3
72240.0,42.9
72300.0,43.5
72360.0,43.6
72420.0,45.1
72480.0,44.1
72540.0,44.9
72600.0,43.6
72660.0,44.6
72720.0,44.1
72780.0,43.7
72840.0,44.8
72900.0,43.5
72960.0,43.2
73020.0,43.5
73080.0,43.9
73140.0,44.8
73200.0,43.9
73260.0,44.3
73320.0,44.5
73380.0,44.7
73440.0,43.7
73500.0,44.5
73560.0,45.1
73620.0,45.1
73680.0,44.2
73740.0,45.0
73800.0,45.9
73860.0,44.3
73920.0,43.6
73980.0,44.0
74040.0,44.4
74100.0,44.0
74160.0,45.0
74220.0,44.5
74280.0,44.5
74340.0,44.4
74400.0,42.6
74460.0,42.1
74520.0,43.5
74580.0,45.3
74640.0,44.8
74700.0,44.8
74760.0,45.0
74820.0,44.6
74880.0,45.4
74940.0,45.5
75000.0,45.3
75060.0,46.1
75120.0,44.9
75180.0,46.2
75240.0,45.3
75300.0,46.8
75360.0,46.0
75420.0,45.9
75480.0,46.3
75540.0,45.9
75600.0,45.5
75660.0,45.8
75720.0,45.3
75780.0,45.5
75840.0,44.6
75900.0,44.0
75960.0,44.9
76020.0,44.2
76080.0,44.8
76140.0,45.7
76200.0,45.0
76260.0,45.1
76320.0,45.8
76380.0,46.0
76440.0,47.0
76500.0,46.6
76560.0,46.1
76620.0,46.7
76680.0,47.1
76740.0,47.1
76800.0,45.9
76860.0,46.6
76920.0,47.2
76980.0,46.4
77040.0,47.6
77100.0,47.3
77160.0,46.7
77220.0,47.1
77280.0,45.8
77340.0,45.5
77400.0,46.2
77460.0,46.1
77520.0,43.6
77580.0,46.6
77640.0,47.8
77700.0,46.1
77760.0,47.2
77820.0,47.3
77880.0,47.7
77940.0,48.3
78000.0,48.7
78060.0,48.7
78120.0,46.7
78180.0,44.8
78240.0,46.6
78300.0,46.7
78360.0,47.2
78420.0,47.8
78480.0,47.2
78540.0,48.1
78600.0,47.6
78660.0,46.5
78720.0,48.1
78780.0,46.9
78840.0,47.8
78900.0,47.2
78960.0,47.3
79020.0,46.6
79080.0,46.6
79140.0,47.9
79200.0,47.5
79260.0,46.8
79320.0,47.5
79380.0,47.9
79440.0,47.6
79500.0,48.1
79560.0,48.5
79620.0,47.1
79680.0,46.7
79740.0,47.1
79800.0,47.9
79860.0,48.0
79920.0,47.5
79980.0,47.7
80040.0,47.4
80100.0,49.2
80160.0,48.0
80220.0,48.0
80280.0,48.2
80340.0,47.7
80400.0,48.0
80460.0,49.5
80520.0,47.9
80580.0,48.3
80640.0,48.5
80700.0,48.4
80760.0,48.0
80820.0,47.8
80880.0,47.3
80940.0,45.9
81000.0,46.7
81060.0,47.3
81120.0,48.1
81180.0,46.9
81240.0,48.5
81300.0,49.3
81360.0,47.8
81420.0,47.6
81480.0,48.5
81540.0,48.7
81600.0,47.6
81660.0,47.8
81720.0,49.0
81780.0,48.9
81840.0,48.1
81900.0,47.9
81960.0,48.7
82020.0,47.4
82080.0,48.8
82140.0,48.5
82200.0,48.5
82260.0,47.5
82320.0,47.1
82380.0,48.6
82440.0,47.8
82500.0,48.0
82560.0,48.8
82620.0,45.6
82680.0,47.5
82740.0,47.4
82800.0,48.1
82860.0,46.5
82920.0,47.5
82980.0,46.7
83040.0,48.5
83100.0,48.5
83160.0,47.1
83220.0,47.1
83280.0,48.0
83340.0,47.0
83400.0,47.4
83460.0,46.8
83520.0,48.1
83580.0,49.1
83640.0,47.0
83700.0,47.2
83760.0,46.5
83820.0,48.3
83880.0,48.5
83940.0,49.5
84000.0,49.4
84060.0,49.8
84120.0,48.8
84180.0,49.3
84240.0,47.7
84300.0,47.9
84360.0,47.2
84420.0,45.9
84480.0,46.6
84540.0,46.8
84600.0,46.9
84660.0,47.7
84720.0,47.4
84780.0,48.1
84840.0,48.3
84900.0,47.9
84960.0,47.1
85020.0,48.4
85080.0,48.7
85140.0,49.4
85200.0,49.6
85260.0,49.9
85320.0,49.1
85380.0,48.6
85440.0,48.7
85500.0,47.8
85560.0,48.4
85620.0,49.2
85680.0,48.8
85740.0,48.1
85800.0,47.9
85860.0,47.8
85920.0,48.0
85980.0,47.4
86040.0,47.7
86100.0,46.5
86160.0,45.2
86220.0,47.0
86280.0,47.7
86340.0,49.1
