CampaignData_and_Merges/R0/CSL_MobileLab_Parked/raw/20240813/USOS-NOy-LIF_MobileLabGround_20240813_R0.ict
39,1001
Rollins, A.; Waxman, E.; Zuraski, K.; Chace, W.
NOAA Chemical Sciences Laboratory
LIF NO/NOx/NOy on CSL Mobile Lab
AMMBEC / USOS
1, 1
2024,08,13, 2025,01,06
1
Time_Start, seconds, number_of_seconds_since_0000_UTC
7
1, 1, 1, 1, 1, 1, 1
-9999, -9999, -9999, -9999, -9999, -9999, -9999
Time_Stop, seconds, number_of_seconds_since_0000_UTC
NO_LIF, pptv, Gas_NO_InSitu_S_AVMR, volume mixing ratio of nitric oxide in air
NO2_LIF, pptv, Gas_NO2_InSitu_S_AVMR, volume mixing ratio of nitrogen dioxide in air
NOy_LIF, pptv, Gas_NOy_InSitu_S_AVMR, volume mixing ratio of total oxidized nitrogen in air
NO_LIF_1SigmaAccuracy, pptv, Gas_NO_InSitu_S_AVMR, volume mixing ratio of nitric oxide in air
NO2_LIF_1SigmaAccuracy, pptv, Gas_NO2_InSitu_S_AVMR, volume mixing ratio of nitrogen dioxide in air
NOy_LIF_1SigmaAccuracy, pptv, Gas_NOy_InSitu_S_AVMR, volume mixing ratio of total oxidized nitrogen in air
0
18
PI_CONTACT_INFO: andrew.rollins@noaa.gov
PLATFORM: CSL Mobile Lab
LOCATION: Salt Lake City, UT
ASSOCIATED_DATA:
INSTRUMENT_INFO: NO detection by laser induced fluorescence. NO2 detection by photolytic conversion to NO. NOy detection by catalytic conversion to NO on gold surface
DATA_INFO:
UNCERTAINTY: Included 1 Sigma Accuracy waves represent the combined calibration uncertainties (±6%, ±9%, ±10%) and zero uncertainties (3 ppt, 20 ppt, 100 ppt) for NO, NO2, and NOy, respectively.
ULOD_FLAG: -7777
ULOD_VALUE: N/A
LLOD_FLAG: -8888
LLOD_VALUE: N/A
DM_CONTACT_INFO: andrew.rollins@noaa.gov
PROJECT_INFO: USOS Project, July - August 2024
STIPULATIONS_ON_USE: Users are strongly encouraged to contact the PI for proper data usage.
OTHER_COMMENTS:
REVISION: R0
R0: final data
Time_Start, Time_Stop, NO_LIF, NO2_LIF, NOy_LIF, NO_LIF_1SigmaAccuracy, NO2_LIF_1SigmaAccuracy, NOy_LIF_1SigmaAccuracy
       0,      60,-4090.2,-3904.7,-1485.7,-5501.2, -5431.9, -5137.9
      60,     120,1680.6,3273.5,5616.3,103.84, 314.61, 661.63
     120,     180,1741.1,2918.3,4278.3,107.47, 282.65, 527.83
     180,     240,1632.1,3152.3,6405.3,100.93, 303.71, 740.53
     240,     300,1018.5,2697.4,3668.1,64.113, 262.76, 466.81
     300,     360,1405.8,2888.8,5289.6,87.347, 279.99, 628.96
     360,     420,672.32,2394.8,3533.5,43.339, 235.54, 453.35
     420,     480,498.45,2253.1,3361.9,32.907, 222.78, 436.19
     480,     540,893.7,2388.6,3766.2,56.622, 234.97, 476.62
     540,     600,3906.3,4191,8309,237.38, 397.19, 930.9
     600,     660,3053.3,4019.3,8187.4,186.2, 381.74, 918.74
     660,     720,790.34,3003.9,5578.9,50.42, 290.35, 657.89
     720,     780,486.3,2537.1,3502.4,32.178, 248.34, 450.24
     780,     840,1330.5,2666.3,4353.3,82.832, 259.97, 535.33
     840,     900,1012.6,2256.3,3577.1,63.755, 223.07, 457.71
     900,     960,657.39,1905.6,3493.8,42.443, 191.51, 449.38
     960,    1020,412.93,1684.4,2444.7,27.776, 171.6, 344.47
    1020,    1080,474.25,1710.5,2577.4,31.455, 173.94, 357.74
    1080,    1140,312.44,1627.9,2354.2,21.747, 166.51, 335.42
    1140,    1200,271.02,1824.9,2436.3,19.261, 184.24, 343.63
    1200,    1260,-9999,-9999,-9999,-9999, -9999, -9999
    1260,    1320,-9999,-9999,-9999,-9999, -9999, -9999
    1320,    1380,402.16,1369.1,2130.2,27.13, 143.22, 313.02
    1380,    1440,664.28,1569.9,2700.4,42.857, 161.29, 370.04
    1440,    1500,358.33,1530.6,2251.5,24.5, 157.75, 325.15
    1500,    1560,776.68,1849.4,3004.2,49.601, 186.44, 400.42
    1560,    1620,560.28,1588.1,2703.3,36.617, 162.93, 370.33
    1620,    1680,635.32,1751.5,2836.1,41.119, 177.63, 383.61
    1680,    1740,301.22,1485.9,2364.5,21.073, 153.73, 336.45
    1740,    1800,567.05,1622.9,2562.7,37.023, 166.06, 356.27
    1800,    1860,226.28,1286,2085.3,16.577, 135.74, 308.53
    1860,    1920,687.3,1526.6,2714.4,44.238, 157.39, 371.44
    1920,    1980,1212,1835.4,3380.6,75.722, 185.19, 438.06
    1980,    2040,1496.4,2549,5614.2,92.781, 249.41, 661.42
    2040,    2100,862.1,2542.6,4357.2,54.726, 248.84, 535.72
    2100,    2160,-9999,-9999,-9999,-9999, -9999, -9999
    2160,    2220,-9999,-9999,-9999,-9999, -9999, -9999
    2220,    2280,-9999,-9999,-9999,-9999, -9999, -9999
    2280,    2340,-9999,-9999,-9999,-9999, -9999, -9999
    2340,    2400,-9999,-9999,-9999,-9999, -9999, -9999
    2400,    2460,-9999,-9999,-9999,-9999, -9999, -9999
    2460,    2520,-9999,-9999,-9999,-9999, -9999, -9999
    2520,    2580,455.12,1572.3,2735.3,30.307, 161.51, 373.53
    2580,    2640,2592,2546.8,4384,158.52, 249.22, 538.4
    2640,    2700,1019.7,2084.9,4301.8,64.18, 207.64, 530.18
    2700,    2760,502.36,1626.7,2651.2,33.142, 166.4, 365.12
    2760,    2820,260.43,1420.9,2273.4,18.626, 147.88, 327.34
    2820,    2880,337.84,1503.9,2304.7,23.27, 155.35, 330.47
    2880,    2940,285.15,1427.9,2290.8,20.109, 148.51, 329.08
    2940,    3000,305,1429.7,2190.4,21.3, 148.67, 319.04
    3000,    3060,429.76,1409.6,2298.1,28.785, 146.86, 329.81
    3060,    3120,1015.4,1781.4,3545.4,63.924, 180.33, 454.54
    3120,    3180,659.55,1746,3373.5,42.573, 177.14, 437.35
    3180,    3240,321.47,1480.7,2440.8,22.288, 153.26, 344.08
    3240,    3300,316.94,1482.9,2249.4,22.017, 153.46, 324.94
    3300,    3360,296.72,1431.2,2135.5,20.803, 148.81, 313.55
    3360,    3420,1167.8,2228.9,3772.3,73.07, 220.6, 477.23
    3420,    3480,1072,2690,4657.3,67.323, 262.1, 565.73
    3480,    3540,329.27,2099,2936.5,22.756, 208.91, 393.65
    3540,    3600,438.17,3004.7,3816.9,29.29, 290.42, 481.69
    3600,    3660,523.58,3892.3,5022.7,34.415, 370.3, 602.27
    3660,    3720,547.72,3867.9,5017,35.863, 368.11, 601.7
    3720,    3780,673.89,4062.7,5552.7,43.433, 385.64, 655.27
    3780,    3840,467.17,3288.7,4550.2,31.03, 315.98, 555.02
    3840,    3900,407.83,2790.4,3742,27.47, 271.13, 474.2
    3900,    3960,237.72,2178.6,2738.5,17.263, 216.07, 373.85
    3960,    4020,301.65,2468.6,3141,21.099, 242.17, 414.1
    4020,    4080,444.01,3229.2,4045.1,29.64, 310.63, 504.51
    4080,    4140,744.26,5211.5,6513.7,47.656, 489.04, 751.37
    4140,    4200,1027.5,6507.8,8143,64.649, 605.7, 914.3
    4200,    4260,1402.3,7757.7,10045,87.139, 718.2, 1104.5
    4260,    4320,1623.4,8288.2,11141,100.41, 765.94, 1214.1
    4320,    4380,1904.7,8472.8,10800,117.28, 782.55, 1180
    4380,    4440,1895.1,9076.6,11636,116.71, 836.89, 1263.6
    4440,    4500,3416.5,10737,14108,207.99, 986.29, 1510.8
    4500,    4560,2546,9443,13891,155.76, 869.87, 1489.1
    4560,    4620,5217.7,10346,16785,316.06, 951.1, 1778.5
    4620,    4680,6411.1,10032,17867,387.67, 922.89, 1886.7
    4680,    4740,3447.9,8728,14675,209.88, 805.52, 1567.5
    4740,    4800,3568.6,8635.6,13768,217.12, 797.21, 1476.8
    4800,    4860,2055.8,7957.1,11422,126.35, 736.14, 1242.2
    4860,    4920,2328.9,8542.1,11264,142.73, 788.79, 1226.4
    4920,    4980,3029.2,9075.4,12915,184.75, 836.79, 1391.5
    4980,    5040,3308.8,8955.7,13243,201.53, 826.02, 1424.3
    5040,    5100,1672.7,7389.1,9888.2,103.36, 685.02, 1088.8
    5100,    5160,2543.3,7994.4,11276,155.6, 739.5, 1227.6
    5160,    5220,2449,7695.2,11662,149.94, 712.57, 1266.2
    5220,    5280,2315.2,7184.2,10600,141.91, 666.58, 1160
    5280,    5340,2357.4,6997.6,10630,144.44, 649.79, 1163
    5340,    5400,2538.1,6735.3,9957.2,155.29, 626.18, 1095.7
    5400,    5460,2794.3,6908.6,10331,170.66, 641.77, 1133.1
    5460,    5520,1177.1,6057.5,8384,73.628, 565.17, 938.4
    5520,    5580,955.97,5820.3,7416.2,60.358, 543.83, 841.62
    5580,    5640,949.85,5592.1,7482.8,59.991, 523.29, 848.28
    5640,    5700,830.17,5398.6,7088.8,52.81, 505.87, 808.88
    5700,    5760,1456.8,5709.6,8071.2,90.406, 533.86, 907.12
    5760,    5820,1420.5,5732.5,8184.5,88.231, 535.93, 918.45
    5820,    5880,1969,6591.8,9480.4,121.14, 613.26, 1048
    5880,    5940,707.73,5950.5,8844.8,45.464, 555.55, 984.48
    5940,    6000,626.84,6146.6,7413.8,40.61, 573.2, 841.38
    6000,    6060,614.6,5649.3,7065.3,39.876, 528.43, 806.53
    6060,    6120,984.2,5521.6,7626.4,62.052, 516.95, 862.64
    6120,    6180,597.85,4986,6099.2,38.871, 468.74, 709.92
    6180,    6240,612.27,5380.8,6679.6,39.736, 504.27, 767.96
    6240,    6300,2091.7,6590.1,8662.3,128.5, 613.11, 966.23
    6300,    6360,1025.6,5667.9,8929.2,64.536, 530.11, 992.92
    6360,    6420,742.97,5691.7,6952.8,47.578, 532.26, 795.28
    6420,    6480,1599.8,6498.6,8900,98.987, 604.88, 990
    6480,    6540,381.63,5349.5,6830,25.898, 501.45, 783
    6540,    6600,552.33,5381,6443.4,36.14, 504.29, 744.34
    6600,    6660,302.08,5339,6348.7,21.125, 500.51, 734.87
    6660,    6720,743.48,6080.9,8224.1,47.609, 567.28, 922.41
    6720,    6780,704.02,5808.9,9022.2,45.241, 542.8, 1002.2
    6780,    6840,2208.8,6523.4,8310.1,135.53, 607.11, 931.01
    6840,    6900,4090.8,8545.8,14368,248.45, 789.12, 1536.8
    6900,    6960,1894.9,7080.1,11209,116.69, 657.21, 1220.9
    6960,    7020,956.84,6098.5,9275.6,60.41, 568.87, 1027.6
    7020,    7080,942.08,6286,7901.2,59.525, 585.74, 890.12
    7080,    7140,641.46,5806.1,7503.4,41.487, 542.55, 850.34
    7140,    7200,601.55,5689.8,6820.6,39.093, 532.09, 782.06
    7200,    7260,663.46,5774.5,7791,42.808, 539.7, 879.1
    7260,    7320,934.72,6342.4,8187.6,59.083, 590.82, 918.76
    7320,    7380,2653.2,7414.2,10571,162.19, 687.28, 1157.1
    7380,    7440,2553,7517.3,11718,156.18, 696.55, 1271.8
    7440,    7500,1262.3,7039.4,9196.4,78.737, 653.54, 1019.6
    7500,    7560,542.54,6519.8,7721,35.553, 606.78, 872.1
    7560,    7620,641.06,6709,8824.5,41.464, 623.81, 982.45
    7620,    7680,1357.8,7578.6,9502,84.47, 702.07, 1050.2
    7680,    7740,335.68,4986,7593,23.141, 468.74, 859.3
    7740,    7800,1233.3,6418,8077.9,77, 597.62, 907.79
    7800,    7860,687.63,4644,6292.7,44.258, 437.96, 729.27
    7860,    7920,2358.3,4711,7047.7,144.5, 443.99, 804.77
    7920,    7980,2610.7,3645.5,8671.3,159.64, 348.1, 967.13
    7980,    8040,662.17,2977.9,4972.4,42.73, 288.01, 597.24
    8040,    8100,1943.2,3478.2,6671,119.59, 333.04, 767.1
    8100,    8160,391.35,2716.9,4095,26.481, 264.52, 509.5
    8160,    8220,860.33,3690.7,5476,54.62, 352.16, 647.6
    8220,    8280,447.28,3018.5,4074.6,29.837, 291.66, 507.46
    8280,    8340,183.93,2958.4,3772.7,14.036, 286.26, 477.27
    8340,    8400,300.88,3273.7,3878.3,21.053, 314.63, 487.83
    8400,    8460,135.34,2909.5,3488.3,11.121, 281.86, 448.83
    8460,    8520,975.23,4649.9,6350.9,61.514, 438.49, 735.09
    8520,    8580,1292.2,5009,7290.1,80.531, 470.81, 829.01
    8580,    8640,799.95,3372,4487.8,50.997, 323.48, 548.78
    8640,    8700,464.78,2682.9,4303.8,30.887, 261.46, 530.38
    8700,    8760,217.19,2700.2,3255.4,16.031, 263.02, 425.54
    8760,    8820,102.19,2625.2,3281.5,9.1311, 256.27, 428.15
    8820,    8880,282.39,3032.9,3978.4,19.943, 292.96, 497.84
    8880,    8940,158.73,3052.7,4067.2,12.524, 294.74, 506.72
    8940,    9000,367.21,3163.5,4342.2,25.032, 304.72, 534.22
    9000,    9060,274.25,2832.9,3786.1,19.455, 274.96, 478.61
    9060,    9120,550.71,2698.5,3811.8,36.043, 262.86, 481.18
    9120,    9180,631.45,2709.7,4693.4,40.887, 263.87, 569.34
    9180,    9240,206.86,2410.2,3349.2,15.412, 236.92, 434.92
    9240,    9300,188.84,2637.2,3370.8,14.33, 257.35, 437.08
    9300,    9360,98.749,2554.3,3194.8,8.9249, 249.88, 419.48
    9360,    9420,114.16,2480.1,3084.9,9.8498, 243.2, 408.49
    9420,    9480,186.17,2739.9,3611,14.17, 266.59, 461.1
    9480,    9540,86.35,2332.3,3084.3,8.181, 229.9, 408.43
    9540,    9600,68.135,2183.2,2850,7.0881, 216.49, 385
    9600,    9660,75.496,2574,3175.2,7.5298, 251.66, 417.52
    9660,    9720,346.11,2964.5,3941.8,23.766, 286.81, 494.18
    9720,    9780,260.07,2463.7,3382.3,18.604, 241.73, 438.23
    9780,    9840,136.22,2281.4,3069.7,11.173, 225.33, 406.97
    9840,    9900,137.59,2136.4,2847.3,11.256, 212.27, 384.73
    9900,    9960,139.5,2087.9,2715.8,11.37, 207.92, 371.58
    9960,   10020,268.06,2274.4,2979.2,19.084, 224.7, 397.92
   10020,   10080,345.14,2735.6,3229.1,23.709, 266.21, 422.91
   10080,   10140,-9999,-9999,-9999,-9999, -9999, -9999
   10140,   10200,-9999,-9999,-9999,-9999, -9999, -9999
   10200,   10260,-9999,-9999,-9999,-9999, -9999, -9999
   10260,   10320,-9999,-9999,-9999,-9999, -9999, -9999
   10320,   10380,-9999,-9999,-9999,-9999, -9999, -9999
   10380,   10440,-9999,-9999,-9999,-9999, -9999, -9999
   10440,   10500,-9999,-9999,-9999,-9999, -9999, -9999
   10500,   10560,291.22,2805.3,4710.4,20.473, 272.48, 571.04
   10560,   10620,42.289,2603.4,3279.4,5.5373, 254.31, 427.94
   10620,   10680,60.177,2813.8,3504.5,6.6106, 273.24, 450.45
   10680,   10740,70.783,2805.3,3419.2,7.247, 272.48, 441.92
   10740,   10800,107.44,3125.6,3941.4,9.4464, 301.3, 494.14
   10800,   10860,87.042,3092.2,3971.3,8.2225, 298.3, 497.13
   10860,   10920,68.829,3173.1,3925.2,7.1298, 305.58, 492.52
   10920,   10980,96.366,3237.1,4201,8.7819, 311.34, 520.1
   10980,   11040,43.362,3732.8,4173.4,5.6017, 355.95, 517.34
   11040,   11100,75.047,5151.2,5898.6,7.5028, 483.61, 689.86
   11100,   11160,101.05,5818,6666.7,9.063, 543.62, 766.67
   11160,   11220,68.216,6094.9,7076.8,7.093, 568.54, 807.68
   11220,   11280,32.419,6285.9,7203.4,4.9451, 585.73, 820.34
   11280,   11340,42.3,6249.5,7216.8,5.538, 582.46, 821.68
   11340,   11400,50.562,6181.1,7044.9,6.0337, 576.3, 804.49
   11400,   11460,123.13,7072.6,7480.5,10.388, 656.53, 848.05
   11460,   11520,607.07,9365.6,9077.4,39.424, 862.91, 1007.7
   11520,   11580,568.5,9460.8,10525,37.11, 871.47, 1152.5
   11580,   11640,479.63,8830.9,10623,31.778, 814.78, 1162.3
   11640,   11700,541.33,8618.7,10600,35.48, 795.68, 1160
   11700,   11760,850.21,9261.8,10920,54.013, 853.57, 1192
   11760,   11820,544.42,8465.6,11085,35.665, 781.9, 1208.5
   11820,   11880,370.27,7474.1,9991,25.216, 692.67, 1099.1
   11880,   11940,310.32,7304.7,9405.7,21.619, 677.42, 1040.6
   11940,   12000,229.56,7275.5,9055.6,16.774, 674.79, 1005.6
   12000,   12060,210.53,7661.9,9398.1,15.632, 709.57, 1039.8
   12060,   12120,330.96,7358,9300,22.858, 682.22, 1030
   12120,   12180,435.43,7262,9963.5,29.126, 673.58, 1096.3
   12180,   12240,349.37,7413.6,9795.3,23.962, 687.23, 1079.5
   12240,   12300,259,7477.7,9153.6,18.54, 692.99, 1015.4
   12300,   12360,152.49,7018.3,9048.1,12.149, 651.65, 1004.8
   12360,   12420,154.92,7144.4,8836.2,12.295, 663, 983.62
   12420,   12480,106.22,7249.6,8882.5,9.3734, 672.46, 988.25
   12480,   12540,89.251,7092.7,8558.6,8.3551, 658.34, 955.86
   12540,   12600,578.49,8723.4,10982,37.709, 805.11, 1198.2
   12600,   12660,714.9,10137,12397,45.894, 932.3, 1339.7
   12660,   12720,246.8,9097.6,10569,17.808, 838.78, 1156.9
   12720,   12780,116.95,9024.4,10228,10.017, 832.2, 1122.8
   12780,   12840,140.36,9278.4,10619,11.422, 855.06, 1161.9
   12840,   12900,113.55,8934.2,10435,9.813, 824.08, 1143.5
   12900,   12960,24.312,6830.9,8876.1,4.4587, 634.79, 987.61
   12960,   13020,22.948,7424.1,8452.6,4.3769, 688.17, 945.26
   13020,   13080,127.36,7886.6,9106.9,10.642, 729.8, 1010.7
   13080,   13140,755.81,9479.9,10509,48.349, 873.19, 1150.9
   13140,   13200,1064.7,11027,13355,66.88, 1012.4, 1435.5
   13200,   13260,437.67,9918.5,12049,29.26, 912.67, 1304.9
   13260,   13320,151.86,8695.9,10866,12.112, 802.63, 1186.6
   13320,   13380,80.885,8361.1,10133,7.8531, 772.5, 1113.3
   13380,   13440,463.01,9509.6,10293,30.781, 875.86, 1129.3
   13440,   13500,717.1,10673,12447,46.026, 980.55, 1344.7
   13500,   13560,939.59,9286.9,11854,59.375, 855.82, 1285.4
   13560,   13620,2126,10920,15143,130.56, 1002.8, 1614.3
   13620,   13680,663.02,9625.4,11907,42.781, 886.29, 1290.7
   13680,   13740,482.32,10078,11909,31.939, 926.98, 1290.9
   13740,   13800,342.6,10066,11809,23.556, 925.95, 1280.9
   13800,   13860,523.84,10194,12198,34.43, 937.42, 1319.8
   13860,   13920,314.23,10293,11969,21.854, 946.35, 1296.9
   13920,   13980,354.27,10760,12300,24.256, 988.42, 1330
   13980,   14040,919.23,11352,12584,58.154, 1041.7, 1358.4
   14040,   14100,1439.6,10950,13324,89.374, 1005.5, 1432.4
   14100,   14160,2024.7,12156,14862,124.48, 1114, 1586.2
   14160,   14220,754.74,11655,13960,48.285, 1069, 1496
   14220,   14280,577.65,11273,13240,37.659, 1034.5, 1424
   14280,   14340,1169.9,12212,13921,73.196, 1119, 1492.1
   14340,   14400,1048.3,12140,15178,65.899, 1112.6, 1617.8
   14400,   14460,1583.4,12850,15002,98.002, 1176.5, 1600.2
   14460,   14520,2357.1,13816,18553,144.43, 1263.4, 1955.3
   14520,   14580,1701.6,12481,17013,105.09, 1143.3, 1801.3
   14580,   14640,1539.4,12614,15587,95.362, 1155.2, 1658.7
   14640,   14700,701.24,11768,13957,45.074, 1079.1, 1495.7
   14700,   14760,351.57,11598,13377,24.094, 1063.8, 1437.7
   14760,   14820,589.1,11332,13162,38.346, 1039.9, 1416.2
   14820,   14880,1348.9,12154,13601,83.933, 1113.8, 1460.1
   14880,   14940,1233.4,12142,14521,77.003, 1112.7, 1552.1
   14940,   15000,855.36,11891,13887,54.322, 1090.2, 1488.7
   15000,   15060,605.23,11523,13668,39.314, 1057, 1466.8
   15060,   15120,5740.3,12585,17338,347.42, 1152.7, 1833.8
   15120,   15180,1263.1,10870,15736,78.786, 998.26, 1673.6
   15180,   15240,609.81,10331,12624,39.588, 949.81, 1362.4
   15240,   15300,873.87,10556,12345,55.432, 970.03, 1334.5
   15300,   15360,788.62,10355,12802,50.317, 951.98, 1380.2
   15360,   15420,476.75,10199,11502,31.605, 937.92, 1250.2
   15420,   15480,942.97,10601,12499,59.578, 974.12, 1349.9
   15480,   15540,960.32,10143,12024,60.619, 932.83, 1302.4
   15540,   15600,259.37,9361.4,10710,18.562, 862.52, 1171
   15600,   15660,177.18,9745,11054,13.631, 897.05, 1205.4
   15660,   15720,188.17,9728.4,10967,14.29, 895.55, 1196.7
   15720,   15780,380.16,8558.5,10649,25.81, 790.26, 1164.9
   15780,   15840,83.546,7893.8,9169.1,8.0128, 730.44, 1016.9
   15840,   15900,131.92,8306.7,9097.2,10.915, 767.6, 1009.7
