CampaignData_and_Merges/R0/CSL_MobileLab_Parked/raw/20240813/USOS-NOAAIodideCIMS-OrgNitrs_MobileLabGround_20240813_RA.ict
37, 1001
Michael A Robinson, Chris Jernigan, Subi Thakali
NOAA ESRL Chemical Sciences Laboratory and CIRES, U. of Colorado
NOAA Iodide CIMS Instrument
USOS
1, 1
2024, 08, 13, 2024, 08, 15
1
starttime_UTC, seconds_past_midnight, seconds_of_day_since_00:00:00_UTC
5
1, 1, 1, 1, 1
-9999, -9999, -9999, -9999, -9999
C4H7NO5_NOAACIMS, pptv, Gas_C4H7NO5_InSitu_S_AVMR, 
ISOPN_NOAACIMS, pptv, Gas_ISOPN_InSitu_S_AVMR, 
C5H10O3_NOAACIMS, pptv, Gas_C5H10O3_InSitu_S_AVMR, 
C5H9NO5_NOAACIMS, pptv, Gas_C5H9NO5_InSitu_S_AVMR, 
C10H17NO4_NOAACIMS, pptv, Gas_C10H17NO4_InSitu_S_AVMR, 
0
18
PI_CONTACT_INFO: 325 Broadway, R/CSD 7, Boulder, Colorado 80305; michael.a.robinson@noaa.gov; chris.jernigan@noaa.gov;
PLATFORM: NOAA CSL Mobile Lab
LOCATION: SLC, Utah
ASSOCIATED_DATA: 1Hz data also available on request.
INSTRUMENT_INFO: NOAA I- ToF CIMS
DATA_INFO: All data in parts per trillion by volume (pptv). 1 Hz data is available upon request.
UNCERTAINTY: TBD
ULOD_FLAG: -7777
ULOD_VALUE: N/A
LLOD_FLAG: -8888
LLOD_VALUE: N/A
DM_CONTACT_INFO: Nathan Howard; nathan.h.howard@noaa.gov
PROJECT_INFO: USOS, summer 2024. https://csl.noaa.gov/groups/csl7/measurements/2024usos/
STIPULATIONS_ON_USE: Users are strongly encouraged to contact the PI for proper data usage.
OTHER_COMMENTS: 
REVISION: RA
RA: Preliminary Data; For in-field use only
starttime_UTC, C4H7NO5_NOAACIMS, ISOPN_NOAACIMS, C5H10O3_NOAACIMS, C5H9NO5_NOAACIMS, C10H17NO4_NOAACIMS
[from data line 1016]
 60960,  3.733, 10.786,  5.528,  2.497,  0.779
 61020,  3.836, 11.218,  6.021,  2.375,  0.746
 61080,  3.782, 10.936,  6.629,  2.499,  0.759
 61140,  3.554, 11.327,  5.748,  2.391,  0.769
 61200,  3.654, 10.848,  5.946,  2.351,  0.785
 61260,  3.782, 11.163,  5.353,  2.448,  0.714
 61320,  3.991, 11.364,  5.947,  2.410,  0.786
 61380,  4.160, 11.546,  6.276,  2.467,  0.815
 61440,  4.426, 11.984,  6.128,  2.664,  0.755
 61500,  4.558, 12.154,  6.270,  2.583,  0.707
 61560,  4.686, 11.423,  6.139,  2.706,  0.689
 61620,  4.851, 11.774,  6.274,  2.579,  0.714
 61680,  4.935, 11.999,  6.445,  2.775,  0.671
 61740,  5.233, 12.266,  6.625,  2.661,  0.737
 61800,  5.190, 13.747,  7.562,  2.622,  0.794
 61860,  5.509, 13.729,  6.975,  2.864,  0.825
 61920, -9999.000, -9999.000, -9999.000, -9999.000, -9999.000
 61980,  5.710, 14.052,  6.867,  2.967,  0.679
 62040,  5.895, 14.007,  6.918,  2.976,  0.810
 62100,  6.018, 15.169,  7.345,  3.033,  0.810
 62160,  6.212, 15.800,  7.264,  3.316,  0.819
 62220,  6.611, 16.630,  7.710,  3.084,  0.904
 62280,  6.859, 17.143,  7.872,  3.294,  0.880
 62340,  7.123, 16.981,  7.768,  3.340,  0.860
 62400,  7.412, 16.838,  8.196,  3.271,  0.925
 62460,  7.837, 17.183,  8.586,  3.408,  0.862
 62520,  7.987, 17.962,  8.842,  3.505,  0.820
 62580,  7.711, 17.452,  9.010,  3.614,  0.990
 62640,  7.499, 16.176,  9.471,  3.250,  0.842
 62700,  7.827, 16.907,  8.434,  3.542,  0.775
 62760,  8.189, 17.357,  9.575,  3.603,  0.940
 62820,  8.597, 17.932,  9.662,  3.584,  0.930
 62880,  8.721, 17.533,  9.793,  3.635,  0.864
 62940,  8.850, 17.586,  9.756,  3.719,  0.843
 63000,  9.030, 17.974, 10.339,  3.661,  0.787
 63060,  8.854, 17.770, 11.027,  3.630,  0.896
 63120,  8.691, 16.757, 10.479,  3.666,  0.785
 63180,  8.535, 16.504, 10.695,  3.568,  0.845
 63240,  8.827, 16.539, 10.036,  3.562,  0.740
 63300,  9.139, 16.318, 11.128,  3.584,  0.780
 63360,  9.481, 16.659, 11.899,  3.616,  0.764
 63420,  9.829, 17.028, 11.221,  3.820,  0.840
 63480,  9.818, 17.432, 11.182,  3.878,  0.738
 63540, 10.152, 18.524, 10.853,  3.923,  0.841
 63600, 10.322, 18.133, 12.184,  4.106,  0.861
 63660,  9.791, 18.653, 12.178,  3.941,  0.762
 63720, 10.223, 18.074, 12.283,  3.875,  0.779
 63780, 10.498, 16.377, 10.438,  3.461,  0.627
 63840, 10.193, 18.757, 12.890,  3.971,  0.866
 63900, 10.387, 19.108, 13.356,  4.198,  0.947
 63960, 10.807, 20.049, 14.083,  4.324,  0.860
 64020, 10.973, 20.080, 14.060,  4.203,  0.843
 64080,  9.205, 18.957, 14.266,  3.787,  0.871
 64140,  8.410, 18.390, 14.496,  3.484,  0.760
 64200,  8.118, 18.684, 15.352,  3.429,  0.824
 64260,  7.897, 17.130, 15.454,  3.410,  0.813
 64320,  7.872, 18.162, 14.497,  3.133,  0.796
 64380,  8.021, 18.114, 14.039,  3.471,  0.819
 64440,  7.493, 18.010, 14.840,  3.301,  0.894
 64500,  7.510, 17.507, 14.596,  3.202,  0.793
 64560,  7.237, 17.310, 14.977,  3.373,  0.825
 64620,  6.940, 16.515, 13.669,  3.078,  0.870
 64680,  5.992, 14.397, 12.701,  2.658,  0.698
 64740,  5.859, 13.910, 12.857,  2.767,  0.788
 64800,  5.507, 12.935, 11.884,  2.728,  0.676
 64860,  5.693, 13.044, 11.288,  2.804,  0.666
 64920,  5.333, 12.311, 11.699,  2.706,  0.590
 64980,  5.331, 12.021, 11.774,  2.632,  0.534
 65040,  5.195, 11.420, 11.443,  2.721,  0.577
 65100,  5.140, 10.659, 10.890,  2.716,  0.514
 65160,  5.482, 12.013, 11.265,  2.953,  0.676
 65220,  5.641, 11.715, 10.391,  2.807,  0.647
 65280,  5.879, 11.917, 10.437,  2.859,  0.687
 65340,  5.939, 11.866, 11.159,  2.924,  0.694
 65400,  5.965, 12.209, 11.372,  3.142,  0.643
 65460,  5.836, 13.120, 11.518,  3.145,  0.721
 65520,  5.270, 11.875, 11.189,  2.847,  0.537
 65580,  5.462, 11.974, 10.964,  2.789,  0.574
 65640, -9999.000, -9999.000, -9999.000, -9999.000, -9999.000
 65700,  5.339, 11.919, 10.261,  2.948,  0.460
 65760,  5.560, 12.349, 10.760,  2.919,  0.427
 65820,  5.941, 13.281, 11.387,  2.894,  0.632
 65880,  5.688, 12.857, 11.080,  2.989,  0.572
 65940,  5.455, 12.247, 11.230,  2.879,  0.524
 66000,  5.519, 11.877, 11.259,  2.804,  0.532
 66060,  5.263, 11.497, 11.242,  2.844,  0.498
 66120,  5.144, 10.929, 11.340,  2.760,  0.451
 66180,  5.181, 11.388, 11.188,  2.698,  0.442
 66240,  5.265, 12.213, 11.626,  2.858,  0.497
 66300,  5.307, 11.988, 11.694,  3.018,  0.591
 66360,  5.063, 11.262, 10.857,  2.723,  0.543
 66420,  4.472, 10.360, 12.192,  2.683,  0.589
 66480,  4.371,  9.638, 10.873,  2.489,  0.474
 66540,  4.241, 10.133, 11.585,  2.467,  0.532
 66600,  4.262, 10.339, 12.072,  2.551,  0.520
 66660,  4.363, 10.143, 12.851,  2.497,  0.503
 66720,  4.334, 10.579, 12.695,  2.665,  0.549
 66780,  4.380, 11.077, 13.045,  2.623,  0.502
 66840,  4.146, 10.790, 12.950,  2.551,  0.449
 66900,  4.006, 10.208, 13.875,  2.537,  0.451
 66960,  4.044,  9.909, 14.302,  2.531,  0.414
 67020,  4.094, 10.185, 15.077,  2.645,  0.398
 67080,  4.436, 10.592, 14.705,  2.725,  0.465
 67140,  4.617, 11.049, 14.639,  2.728,  0.545
 67200,  5.099, 11.607, 15.066,  2.784,  0.527
 67260,  5.258, 11.739, 14.804,  2.816,  0.521
 67320,  5.509, 11.117, 14.627,  2.786,  0.436
 67380,  5.558, 11.889, 16.288,  2.716,  0.450
 67440,  5.051, 11.023, 15.954,  2.694,  0.448
 67500,  5.013, 11.456, 15.184,  3.305,  0.545
 67560,  5.150, 11.752, 15.687,  2.971,  0.425
 67620,  5.196, 12.112, 16.660,  2.921,  0.523
 67680,  4.628, 10.281, 15.385,  2.678,  0.395
 67740,  4.547,  9.940, 16.667,  2.712,  0.363
 67800,  4.806, 10.526, 15.853,  2.811,  0.419
 67860,  4.742, 10.499, 16.308,  2.865,  0.368
 67920,  4.502,  9.831, 16.299,  2.673,  0.377
 67980,  3.899,  8.039, 15.687,  2.533,  0.388
 68040,  3.974,  8.319, 15.034,  2.469,  0.279
 68100,  4.336,  9.346, 14.329,  2.614,  0.391
 68160,  4.400,  9.197, 14.947,  2.558,  0.446
 68220,  4.256,  8.310, 15.141,  2.536,  0.391
 68280,  3.971,  8.132, 14.618,  2.536,  0.381
 68340,  4.704,  8.598, 14.647,  2.727,  0.391
 68400,  4.803,  9.427, 14.827,  2.665,  0.262
 68460,  4.971,  9.416, 15.706,  2.737,  0.387
 68520,  4.917,  9.666, 15.441,  2.766,  0.377
 68580,  5.586, 10.258, 15.314,  2.939,  0.430
 68640,  6.205, 10.629, 14.602,  3.108,  0.469
 68700,  6.891, 11.742, 15.632,  3.267,  0.481
 68760,  7.478, 11.468, 14.566,  3.443,  0.365
 68820,  7.757, 12.159, 15.501,  3.410,  0.488
 68880,  7.209, 11.889, 16.177,  3.482,  0.467
 68940,  6.840, 11.819, 15.311,  3.334,  0.399
 69000,  7.078, 12.228, 16.061,  3.482,  0.411
 69060,  7.349, 13.050, 17.274,  3.483,  0.430
 69120,  7.345, 13.754, 17.308,  3.538,  0.427
 69180,  7.393, 14.233, 17.812,  3.612,  0.517
 69240,  6.504, 12.273, 16.494,  3.211,  0.523
 69300,  6.128, 11.550, 15.958,  3.191,  0.519
 69360,  5.262,  7.635, 12.349,  2.345,  0.355
 69420,  5.046,  9.381, 13.211,  3.047,  0.323
 69480,  5.520, 10.651, 14.934,  3.109,  0.402
 69540,  5.858, 10.630, 14.312,  2.860,  0.413
 69600,  5.805, 11.084, 16.427,  3.055,  0.430
 69660,  5.299, 10.102, 16.017,  3.045,  0.349
 69720,  5.171,  9.513, 15.260,  2.987,  0.379
 69780,  5.197,  8.782, 14.888,  3.059,  0.387
 69840,  5.183,  9.061, 14.006,  2.872,  0.364
 69900,  5.258, 10.656, 14.889,  2.936,  0.431
 69960,  5.682,  9.219, 13.531,  3.022,  0.320
 70020,  5.493,  9.558, 14.582,  2.885,  0.326
 70080,  5.742,  9.453, 13.966,  3.039,  0.313
 70140,  5.872,  9.979, 14.610,  2.989,  0.334
 70200,  5.347, 10.408, 16.597,  2.993,  0.360
 70260,  5.396, 10.534, 16.797,  3.017,  0.387
 70320,  5.802, 10.816, 15.922,  2.907,  0.313
 70380,  5.932, 10.752, 17.526,  3.051,  0.315
 70440,  5.666, 10.293, 17.145,  3.051,  0.350
 70500,  5.636, 10.477, 17.319,  2.990,  0.382
 70560,  5.703, 10.547, 18.388,  3.092,  0.389
 70620,  5.737, 10.630, 17.580,  3.088,  0.331
 70680,  5.665, 10.324, 17.450,  3.002,  0.436
 70740,  5.703, 10.622, 17.399,  2.968,  0.354
 70800,  5.356,  9.577, 17.767,  2.940,  0.342
 70860,  5.543, 10.410, 17.585,  2.930,  0.387
 70920,  5.713, 11.175, 18.078,  3.128,  0.388
 70980,  5.892, 11.221, 17.480,  3.223,  0.392
 71040,  6.042, 12.028, 18.500,  3.233,  0.384
 71100,  6.003, 12.693, 18.505,  3.264,  0.421
 71160,  6.028, 12.857, 17.387,  2.799,  0.368
 71220,  6.152, 10.506, 15.608,  3.230,  0.393
 71280,  6.118, 11.075, 16.882,  3.393,  0.421
 71340,  6.177, 12.124, 16.944,  3.355,  0.417
 71400,  6.057, 12.468, 17.023,  3.247,  0.474
 71460,  5.757, 11.971, 18.064,  3.091,  0.366
 71520,  5.555, 11.096, 17.500,  3.092,  0.425
 71580,  5.347, 10.017, 16.789,  2.986,  0.372
 71640,  5.462, 10.735, 17.728,  3.067,  0.391
 71700,  5.515, 11.013, 18.442,  3.096,  0.390
 71760,  5.376, 11.022, 18.427,  3.262,  0.360
 71820,  5.430, 12.053, 18.507,  3.140,  0.390
 71880,  5.353, 11.716, 17.928,  3.068,  0.430
 71940,  5.228, 11.588, 20.000,  3.117,  0.473
 72000,  5.245, 11.847, 19.473,  3.089,  0.439
 72060,  5.347, 11.411, 18.078,  3.057,  0.425
 72120,  5.326, 11.849, 19.517,  3.244,  0.375
 72180,  5.165, 11.459, 19.987,  3.053,  0.399
 72240,  4.734,  9.779, 19.778,  3.070,  0.393
 72300,  4.204,  8.371, 17.841,  2.893,  0.371
 72360,  4.225,  8.099, 17.388,  2.962,  0.318
 72420,  4.599,  8.506, 18.266,  2.900,  0.330
 72480,  4.664,  9.121, 18.575,  3.053,  0.333
 72540,  4.988,  9.422, 19.421,  3.144,  0.306
 72600,  5.131,  9.901, 20.635,  3.223,  0.380
 72660,  5.196, 10.499, 19.281,  2.971,  0.360
 72720,  5.032,  9.864, 19.750,  2.980,  0.364
 72780,  4.416,  8.314, 18.506,  2.897,  0.299
 72840,  4.420,  8.334, 18.695,  3.032,  0.359
 72900,  4.577,  9.011, 18.859,  3.059,  0.318
 72960,  4.480,  8.788, 19.345,  3.053,  0.299
 73020, -9999.000, -9999.000, -9999.000, -9999.000, -9999.000
 73080,  4.547,  9.128, 15.171,  3.226,  0.351
 73140,  4.577,  8.604, 15.966,  3.056,  0.317
 73200,  4.595,  8.797, 16.775,  3.042,  0.354
 73260,  4.579,  8.722, 16.858,  3.096,  0.283
 73320,  4.505,  8.670, 18.070,  3.007,  0.263
 73380,  4.418,  8.623, 17.408,  2.982,  0.304
 73440,  4.490,  9.303, 18.265,  2.888,  0.326
 73500,  4.553,  9.409, 18.660,  3.031,  0.345
 73560,  4.614,  9.518, 18.943,  3.002,  0.357
 73620,  4.661,  9.243, 19.076,  3.035,  0.353
 73680,  4.475,  8.462, 18.653,  3.061,  0.333
 73740,  4.349,  7.603, 18.278,  2.971,  0.274
 73800,  4.311,  8.414, 17.913,  2.905,  0.258
 73860,  4.447,  8.554, 18.451,  2.948,  0.302
 73920,  4.574,  9.070, 18.031,  3.055,  0.313
 73980,  4.629,  9.031, 18.127,  2.933,  0.271
 74040,  4.389,  8.434, 17.787,  2.779,  0.322
 74100,  4.481,  8.171, 17.379,  3.028,  0.295
 74160,  4.557,  8.127, 17.248,  3.065,  0.309
 74220,  4.705,  9.079, 17.940,  3.160,  0.311
 74280,  4.633,  9.134, 18.523,  2.972,  0.334
 74340,  4.795,  9.937, 18.916,  2.919,  0.349
 74400,  4.993, 10.424, 20.117,  3.170,  0.341
 74460,  5.138, 11.843, 20.359,  3.250,  0.343
 74520,  5.115, 10.443, 19.720,  2.942,  0.420
 74580,  4.933,  9.424, 19.947,  2.927,  0.417
 74640,  5.049,  9.858, 21.636,  2.918,  0.292
 74700,  4.939,  9.362, 20.779,  2.925,  0.347
 74760,  5.059,  9.664, 20.665,  3.036,  0.311
 74820,  5.039,  9.763, 21.327,  3.139,  0.312
 74880, -9999.000, -9999.000, -9999.000, -9999.000, -9999.000
 74940,  4.308,  8.067, 17.849,  2.954,  0.280
 75000,  4.221,  7.774, 18.492,  2.966,  0.286
 75060,  4.270,  7.881, 18.627,  2.954,  0.306
 75120,  4.102,  7.330, 18.404,  3.047,  0.304
 75180,  4.138,  6.986, 16.536,  2.918,  0.288
 75240,  4.106,  7.012, 17.455,  2.999,  0.265
 75300,  4.086,  6.578, 15.764,  2.911,  0.272
 75360,  4.053,  6.787, 15.354,  2.971,  0.322
 75420,  4.105,  7.893, 17.758,  2.833,  0.244
 75480,  3.989,  7.404, 17.282,  2.988,  0.218
 75540,  3.745,  7.485, 16.599,  2.979,  0.251
 75600,  3.990,  8.038, 17.044,  2.974,  0.320
 75660,  3.870,  7.665, 15.813,  2.932,  0.263
 75720,  3.871,  7.797, 16.287,  2.926,  0.260
 75780,  4.378,  9.135, 17.265,  2.995,  0.332
 75840,  4.681, 10.009, 17.706,  3.053,  0.347
 75900,  4.688, 11.305, 18.199,  3.164,  0.334
 75960,  4.628, 11.794, 20.336,  3.127,  0.315
 76020,  4.334, 10.695, 19.328,  3.058,  0.387
 76080,  4.133,  9.817, 17.452,  2.868,  0.268
 76140,  4.115,  9.510, 17.839,  3.130,  0.335
 76200,  4.073,  9.578, 18.424,  3.176,  0.314
 76260,  4.173,  8.898, 17.483,  2.823,  0.244
 76320,  4.461,  9.517, 18.839,  2.891,  0.253
 76380,  4.989, 11.367, 21.353,  3.067,  0.284
 76440,  5.219, 11.989, 22.588,  3.279,  0.286
 76500,  5.393, 12.648, 25.097,  3.385,  0.252
 76560,  5.008, 11.205, 23.683,  3.252,  0.226
 76620,  4.762, 10.569, 23.906,  3.276,  0.226
 76680,  4.780, 10.587, 24.716,  3.085,  0.350
 76740, -9999.000, -9999.000, -9999.000, -9999.000, -9999.000
 76800,  4.436,  9.513, 19.302,  3.256,  0.197
 76860,  4.478,  9.196, 19.671,  3.361,  0.205
 76920,  4.583,  9.442, 21.223,  3.301,  0.232
 76980,  4.723, 10.673, 21.781,  3.264,  0.292
 77040,  4.843, 10.414, 21.838,  3.181,  0.268
 77100,  5.033, 11.215, 21.609,  3.311,  0.330
 77160,  5.086, 11.174, 22.420,  3.438,  0.255
 77220,  5.250, 11.614, 22.001,  3.270,  0.269
 77280,  5.144, 10.950, 22.142,  3.323,  0.254
 77340,  4.601,  9.142, 21.926,  3.256,  0.341
 77400,  4.390,  8.509, 19.139,  3.184,  0.275
 77460,  4.701,  9.857, 19.020,  3.179,  0.275
 77520,  4.932, 11.475, 19.696,  3.243,  0.333
 77580,  4.937,  9.437, 18.350,  3.332,  0.273
 77640,  4.848,  9.309, 18.605,  3.346,  0.275
 77700,  4.998,  9.879, 18.817,  3.282,  0.293
 77760,  4.724,  9.735, 17.580,  3.196,  0.272
 77820,  4.783,  9.205, 17.776,  3.136,  0.313
 77880,  5.039,  9.875, 18.800,  3.278,  0.247
 77940,  5.326, 10.082, 20.403,  3.526,  0.291
 78000,  5.631, 11.279, 22.231,  3.472,  0.337
 78060,  5.572, 11.453, 23.016,  3.460,  0.244
 78120,  5.574, 12.177, 23.942,  3.452,  0.279
 78180,  5.315, 11.576, 24.334,  3.383,  0.277
 78240,  5.117, 10.911, 24.323,  3.336,  0.351
 78300,  5.088, 11.635, 24.884,  3.394,  0.268
 78360,  4.995, 11.521, 23.312,  3.441,  0.320
 78420,  4.642,  9.914, 22.991,  3.413,  0.353
 78480,  4.330,  8.876, 21.306,  3.052,  0.276
 78540,  4.228,  8.281, 19.988,  3.176,  0.243
 78600,  4.059,  7.161, 16.374,  3.244,  0.177
 78660,  3.854,  6.927, 17.394,  3.059,  0.269
 78720,  3.619,  5.527, 13.887,  2.897,  0.192
 78780,  3.808,  5.981, 14.896,  3.062,  0.223
 78840,  3.931,  6.339, 15.114,  3.063,  0.246
 78900,  4.107,  8.226, 15.412,  3.040,  0.295
 78960,  4.406,  9.867, 18.129,  3.210,  0.271
 79020,  4.491, 10.222, 19.598,  3.271,  0.276
 79080,  4.550, 10.601, 20.926,  3.205,  0.295
 79140,  4.546,  9.043, 19.542,  3.220,  0.291
 79200,  4.742,  9.176, 18.997,  3.298,  0.258
 79260,  4.892,  8.870, 18.509,  3.281,  0.268
 79320,  4.598,  8.116, 17.922,  3.087,  0.276
 79380,  4.606,  7.995, 18.680,  3.121,  0.264
 79440,  4.747,  8.857, 19.821,  3.425,  0.232
 79500,  4.775,  8.646, 20.258,  3.219,  0.264
 79560,  4.783,  8.511, 20.294,  3.201,  0.230
 79620,  4.840,  9.033, 21.048,  3.234,  0.173
 79680,  4.879, 10.015, 21.760,  3.299,  0.219
 79740,  4.822,  9.756, 21.931,  3.590,  0.208
 79800,  4.655,  8.474, 20.567,  3.349,  0.200
 79860,  4.701,  8.604, 20.255,  3.132,  0.200
 79920,  4.693,  8.321, 20.779,  3.144,  0.244
 79980,  4.621,  8.295, 20.743,  3.310,  0.195
 80040,  4.602,  8.325, 19.761,  3.166,  0.092
 80100,  4.773,  9.290, 21.416,  3.224,  0.224
 80160,  4.690,  9.210, 21.934,  3.258,  0.222
 80220,  4.914, 10.085, 23.059,  3.200,  0.163
 80280,  5.089, 10.498, 24.574,  3.225,  0.182
 80340,  5.095, 11.119, 25.366,  3.394,  0.152
 80400, -9999.000, -9999.000, -9999.000, -9999.000, -9999.000
 80460,  4.932,  9.247, 20.354,  3.112,  0.257
 80520,  4.814,  9.676, 22.333,  3.210,  0.209
 80580,  4.583,  8.975, 21.631,  3.293,  0.163
 80640,  4.068,  7.133, 20.063,  3.165,  0.187
 80700,  3.993,  7.647, 20.117,  3.080,  0.169
 80760,  3.980,  7.705, 20.430,  2.914,  0.180
 80820,  4.067,  8.490, 20.382,  3.116,  0.191
 80880,  4.159,  8.478, 21.420,  3.101,  0.161
 80940,  4.301,  9.458, 21.959,  3.019,  0.208
 81000,  4.775, 10.749, 22.807,  3.192,  0.103
 81060,  4.890, 11.192, 24.825,  3.193,  0.235
 81120,  4.924, 11.104, 25.186,  3.273,  0.171
 81180,  4.994, 10.940, 24.598,  3.171,  0.225
