CampaignData_and_Merges/R0/CSL_MobileLab_Parked/raw/20240813/USOS-PTR_MobileLabGround_20240813_RA.ict
58, 1001
Matthew Coggon, Kelvin Bates, Chelsea Stockwell, Carsten Warneke
NOAA ESRL Chemical Sciences Division
NOAA PTR-ToF-MS
USOS
1,1 
2024, 08, 13, 2024, 08, 14
0
Time_Start, seconds, number of seconds from 00:00 UTC 
22
1, 1, 1, 1, 1, 1, 1, 1, 1, 1, 1, 1, 1, 1, 1, 1, 1, 1, 1, 1, 1, 1
-9999, -9999, -9999, -9999, -9999, -9999, -9999, -9999, -9999, -9999, -9999, -9999, -9999, -9999, -9999, -9999, -9999, -9999, -9999, -9999, -9999, -9999
CH3OH_NOAAPTR_ppbv,  ppbv, Gas_CH3OH_InSitu_S_AVMR, (CH3OH) methanol
CH3CN_NOAAPTR_ppbv,  ppbv, Gas_CH3CN_InSitu_S_AVMR, (CH3CN) acetonitrile
CH3CHO_NOAAPTR_ppbv,  ppbv, Gas_CH3CHO_InSitu_S_AVMR, (CH3CHO) acetaldehyde plus contributions from ethylene glycol and ethylene oxide. Interference from ethanol has been subtracted out.
C2H5OH_NOAAPTR_ppbv,  ppbv, Gas_C2H5OH_InSitu_S_AVMR, (C2H5OH) ethanol
CH3SH_NOAAPTR_ppbv,  ppbv, Gas_CH3SH_InSitu_S_AVMR, (CH3SH) methanethiol, using calibration factor for DMS
Acrolein_NOAAPTR_ppbv,  ppbv, Gas_Acrolein_InSitu_S_AVMR, (C3H4O) acrolein
AcetonePropanal_NOAAPTR_ppbv,  ppbv, Gas_AcetoneAndPropanal_InSitu_S_AVMR, (C3H6O) sum of acetone (dominant isomer) and propanal, using calibration factor for acetone
DMS_NOAAPTR_ppbv,  ppbv, Gas_DMS_InSitu_S_AVMR, (C2H6S) dimethyl sulfide with possible small contributions from ethanethiol
C5H8_NOAAPTR_ppbv,  ppbv, Gas_Isoprene_InSitu_S_AVMR, (C5H8) isoprene and possible fragments from cycloalkanes and aldehydes. Interferences have been subtracted following methods described by Coggon et al (2023)
MVKMAC_NOAAPTR_ppbv,  ppbv, Gas_MVKAndMAC_InSitu_S_AVMR, (C4H6O) sum of methyl vinyl ketone, methacrolein, and small amounts of crotonaldehyde, using weighted calibration factor for MVK (0.637) and MACR (0.363)
Benzene_NOAAPTR_ppbv,  ppbv, Gas_Benzene_InSitu_S_AVMR, (C6H6) benzene
Toluene_NOAAPTR_ppbv,  ppbv, Gas_Toluene_InSitu_S_AVMR, (C7H8) toluene with possible small contributions of fragments from ethyltoluene
Styrene_NOAAPTR_ppbv,  ppbv, Gas_Styrene_InSitu_S_AVMR, (C8H8) styrene
Benzaldehyde_NOAAPTR_ppbv,  ppbv, Gas_Benzaldehyde_InSitu_S_AVMR, (C7H6O) benzaldehyde
C8Aromatics_NOAAPTR_ppbv,  ppbv, Gas_C8Aromatics_InSitu_M_AVMR, (C8H10) sum of m-xylene, p-xylene, o-xylene, and ethyl benzene
C9Aromatics_NOAAPTR_ppbv,  ppbv, Gas_C9Aromatics_InSitu_M_AVMR, (C9H12) sum of C9 aromatics
Naphthalene_NOAAPTR_ppbv,  ppbv, Gas_Naphthalene_InSitu_S_AVMR, (C10H8) naphthalene
Octanal_NOAAPTR_ppbv,  ppbv, Gas_Octanal_InSitu_S_AVMR, (C8H16O) octanal and small amounts of octanone
Monoterpenes_NOAAPTR_ppbv,  ppbv, Gas_Monoterpenes_InSitu_M_AVMR, (C10H16) sum of monoterpenes and possible contributions from fragments of oxygenated monoterpenoids such as eucalyptol.
Nonanal_NOAAPTR_ppbv,  ppbv, Gas_Nonanal_InSitu_M_AVMR, (C9H18O) nonanal and small amounts of nonanone
C7H4ClF3_NOAAPTR_ppbv,  ppbv, Gas_C7H4ClF3_InSitu_S_AVMR, (C7H4ClF3) parachlorobenzotrifluoride
C10H30O5Si5_NOAAPTR_ppbv,  ppbv, Gas_C10H30O5Si5_InSitu_S_AVMR, (C10H30O5Si5) decamethylcyclopentasiloxane
1
SPECIAL COMMENTS:N/A
21
PI_CONTACT_INFO: NOAA ESRL Chemical Sciences Division, Tropospheric Chemistry Group. 325 Broadway, R/CSD7, Boulder, CO 80305
PLATFORM: Mobile Laboratory.
LOCATION: Salt Lake City, UT
ASSOCIATED_DATA: N/A
INSTRUMENT_INFO: NOAA PTR-ToF-MS measurements on NOAA CSL Mobile Lab
DATA_INFO: Units: ppbv
UNCERTAINTY: See OTHER_COMMENTS
ULOD_FLAG: -7777
ULOD_VALUE: N/A
LLOD_FLAG: -8888
LLOD_VALUE: N/A.
DM_CONTACT_INFO: Data Managers: Matt Coggon, Kelvin Bates, Chelsea Stockwell; email: matthew.m.coggon@noaa.gov and kelvin.bates@colorado.edu
PROJECT_INFO: USOS Deployment July-August, 2024
STIPULATIONS_ON_USE: Use of these data require prior OK from PI.
OTHER_COMMENTS: Uncertainties:
CH3OH_NOAAPTR_ppbv:30%; CH3CN_NOAAPTR_ppbv:30%; CH3CHO_NOAAPTR_ppbv:30%; C2H5OH_NOAAPTR_ppbv:30%; CH3SH_NOAAPTR_ppbv:50%; Acrolein_NOAAPTR_ppbv:30%; AcetonePropanal_NOAAPTR_ppbv:30%; DMS_NOAAPTR_ppbv:30%; C5H8_NOAAPTR_ppbv:30%; MVKMAC_NOAAPTR_ppbv:30%; 
Benzene_NOAAPTR_ppbv:30%; Toluene_NOAAPTR_ppbv:30%; Styrene_NOAAPTR_ppbv:30%; Benzaldehyde_NOAAPTR_ppbv:30%; C8Aromatics_NOAAPTR_ppbv:30%; C9Aromatics_NOAAPTR_ppbv:30%; Naphthalene_NOAAPTR_ppbv:30%; Octanal_NOAAPTR_ppbv:30%; Monoterpenes_NOAAPTR_ppbv:30%; Nonanal_NOAAPTR_ppbv:30%; 
C7H4ClF3_NOAAPTR_ppbv:30%; C10H30O5Si5_NOAAPTR_ppbv:30%; 
REVISION: RA
RA: Field Data
Time_Start, CH3OH_NOAAPTR_ppbv, CH3CN_NOAAPTR_ppbv, CH3CHO_NOAAPTR_ppbv, C2H5OH_NOAAPTR_ppbv, CH3SH_NOAAPTR_ppbv, Acrolein_NOAAPTR_ppbv, AcetonePropanal_NOAAPTR_ppbv, DMS_NOAAPTR_ppbv, C5H8_NOAAPTR_ppbv, MVKMAC_NOAAPTR_ppbv, Benzene_NOAAPTR_ppbv, Toluene_NOAAPTR_ppbv, Styrene_NOAAPTR_ppbv, Benzaldehyde_NOAAPTR_ppbv, C8Aromatics_NOAAPTR_ppbv, C9Aromatics_NOAAPTR_ppbv, Naphthalene_NOAAPTR_ppbv, Octanal_NOAAPTR_ppbv, Monoterpenes_NOAAPTR_ppbv, Nonanal_NOAAPTR_ppbv, C7H4ClF3_NOAAPTR_ppbv, C10H30O5Si5_NOAAPTR_ppbv
[from data line 147]
 8820.0, -9999.00000, -9999.00000, -9999.00000, -9999.00000, -9999.00000, -9999.00000, -9999.00000, -9999.00000, -9999.00000, -9999.00000, -9999.00000, -9999.00000, -9999.00000, -9999.00000, -9999.00000, -9999.00000, -9999.00000, -9999.00000, -9999.00000, -9999.00000, -9999.00000, -9999.00000 
 8880.0, -9999.00000, -9999.00000, -9999.00000, -9999.00000, -9999.00000, -9999.00000, -9999.00000, -9999.00000, -9999.00000, -9999.00000, -9999.00000, -9999.00000, -9999.00000, -9999.00000, -9999.00000, -9999.00000, -9999.00000, -9999.00000, -9999.00000, -9999.00000, -9999.00000, -9999.00000 
 8940.0, -9999.00000, -9999.00000, -9999.00000, -9999.00000, -9999.00000, -9999.00000, -9999.00000, -9999.00000, -9999.00000, -9999.00000, -9999.00000, -9999.00000, -9999.00000, -9999.00000, -9999.00000, -9999.00000, -9999.00000, -9999.00000, -9999.00000, -9999.00000, -9999.00000, -9999.00000 
 9000.0, -9999.00000, -9999.00000, -9999.00000, -9999.00000, -9999.00000, -9999.00000, -9999.00000, -9999.00000, -9999.00000, -9999.00000, -9999.00000, -9999.00000, -9999.00000, -9999.00000, -9999.00000, -9999.00000, -9999.00000, -9999.00000, -9999.00000, -9999.00000, -9999.00000, -9999.00000 
 9060.0, -9999.00000, -9999.00000, -9999.00000, -9999.00000, -9999.00000, -9999.00000, -9999.00000, -9999.00000, -9999.00000, -9999.00000, -9999.00000, -9999.00000, -9999.00000, -9999.00000, -9999.00000, -9999.00000, -9999.00000, -9999.00000, -9999.00000, -9999.00000, -9999.00000, -9999.00000 
 9120.0, -9999.00000, -9999.00000, -9999.00000, -9999.00000, -9999.00000, -9999.00000, -9999.00000, -9999.00000, -9999.00000, -9999.00000, -9999.00000, -9999.00000, -9999.00000, -9999.00000, -9999.00000, -9999.00000, -9999.00000, -9999.00000, -9999.00000, -9999.00000, -9999.00000, -9999.00000 
 9180.0, -9999.00000, -9999.00000, -9999.00000, -9999.00000, -9999.00000, -9999.00000, -9999.00000, -9999.00000, -9999.00000, -9999.00000, -9999.00000, -9999.00000, -9999.00000, -9999.00000, -9999.00000, -9999.00000, -9999.00000, -9999.00000, -9999.00000, -9999.00000, -9999.00000, -9999.00000 
 9240.0, -9999.00000, -9999.00000, -9999.00000, -9999.00000, -9999.00000, -9999.00000, -9999.00000, -9999.00000, -9999.00000, -9999.00000, -9999.00000, -9999.00000, -9999.00000, -9999.00000, -9999.00000, -9999.00000, -9999.00000, -9999.00000, -9999.00000, -9999.00000, -9999.00000, -9999.00000 
 9300.0, -9999.00000, -9999.00000, -9999.00000, -9999.00000, -9999.00000, -9999.00000, -9999.00000, -9999.00000, -9999.00000, -9999.00000, -9999.00000, -9999.00000, -9999.00000, -9999.00000, -9999.00000, -9999.00000, -9999.00000, -9999.00000, -9999.00000, -9999.00000, -9999.00000, -9999.00000 
 9360.0, -9999.00000, -9999.00000, -9999.00000, -9999.00000, -9999.00000, -9999.00000, -9999.00000, -9999.00000, -9999.00000, -9999.00000, -9999.00000, -9999.00000, -9999.00000, -9999.00000, -9999.00000, -9999.00000, -9999.00000, -9999.00000, -9999.00000, -9999.00000, -9999.00000, -9999.00000 
 9420.0, -9999.00000, -9999.00000, -9999.00000, -9999.00000, -9999.00000, -9999.00000, -9999.00000, -9999.00000, -9999.00000, -9999.00000, -9999.00000, -9999.00000, -9999.00000, -9999.00000, -9999.00000, -9999.00000, -9999.00000, -9999.00000, -9999.00000, -9999.00000, -9999.00000, -9999.00000 
 9480.0, 11.66612, -9999.00000, 0.64182, 1.53815, 0.00695, 0.11943, 2.34308, 0.02082, 0.28090, -9999.00000, 0.07143, 0.16766, 0.03417, -9999.00000, 0.06565, 0.04627, -0.00749, 0.03077, 0.37661, 0.03168, 0.00576, 0.00057 
 9540.0, 10.87186, 0.16537, 0.56244, 1.51684, 0.00636, 0.09943, 2.18293, 0.00857, 0.30040, 0.12461, 0.05498, 0.16729, 0.02374, -9999.00000, 0.08036, 0.03343, 0.00942, 0.03278, 0.38052, 0.02895, -0.00043, 0.00239 
 9600.0, 10.99865, 0.14754, 0.66650, 1.78348, 0.00696, 0.09428, 2.20474, 0.02100, 0.28120, 0.12096, 0.06201, 0.18928, -0.00570, -9999.00000, 0.10183, 0.05261, -0.00102, 0.04192, 0.35219, 0.03674, 0.00171, 0.00079 
 9660.0, 9.49120, 0.12888, 0.64263, 0.92879, 0.00826, 0.08733, 2.03754, 0.02213, 0.29106, 0.10859, 0.05229, 0.15380, 0.01170, -9999.00000, 0.06211, 0.02294, -0.00744, 0.01983, 0.37541, 0.02041, 0.00593, 0.00063 
 9720.0, 10.71627, 0.15823, 0.62129, 1.10751, 0.00351, 0.09231, 2.10401, 0.00485, 0.32409, 0.10872, 0.04254, 0.15088, -0.00082, -9999.00000, 0.06477, 0.02567, -0.00743, 0.03550, 0.35907, 0.05681, -0.00107, 0.00502 
 9780.0, 8.76968, 0.16299, 0.48526, 0.85058, 0.00231, 0.10782, 2.03123, 0.03020, 0.25157, 0.10637, 0.05582, 0.14694, 0.02559, -9999.00000, 0.05950, 0.02277, -0.00701, 0.02391, 0.35489, 0.03314, 0.00236, 0.00187 
 9840.0, 10.11597, 0.15270, 0.50781, 1.21022, 0.00427, 0.08289, 2.05564, -0.00051, 0.27137, 0.09578, 0.07653, 0.12777, 0.01609, -9999.00000, 0.04546, 0.02117, -0.00350, 0.03016, 0.36426, 0.03195, 0.00025, 0.00053 
 9900.0, 10.04451, 0.13588, 0.53305, 1.15010, 0.00816, 0.08126, 2.03501, 0.03010, 0.30279, 0.09556, 0.03472, 0.14264, 0.01367, -9999.00000, 0.03812, 0.02495, -0.00669, 0.01494, 0.34928, 0.02220, 0.00171, 0.00096 
 9960.0, 11.65974, 0.15431, 0.59808, 1.61864, 0.01077, 0.10743, 2.09212, 0.02068, 0.27899, 0.11153, 0.05803, 0.18061, 0.02743, -9999.00000, 0.08115, 0.03897, -0.00737, 0.03706, 0.34950, 0.03876, 0.00605, 0.00190 
10020.0, 10.07690, 0.17027, 0.57020, 1.45176, 0.00580, 0.04736, 2.03158, 0.02633, 0.27593, 0.09730, 0.06626, 0.13659, 0.01659, -9999.00000, 0.04837, 0.02455, 0.00039, 0.03789, 0.33574, 0.03248, 0.00722, 0.00215 
10080.0, 9.75002, 0.15254, 0.60469, 1.40310, 0.00817, 0.09447, 2.07786, 0.01716, 0.26155, 0.10762, 0.05522, 0.13365, 0.02575, -9999.00000, 0.06335, 0.02536, -0.00734, 0.03887, 0.37411, 0.03650, -0.00012, 0.00119 
10140.0, 10.96682, 0.16245, 0.55246, 1.52936, 0.00810, 0.10941, 2.06868, 0.00747, 0.27951, 0.11103, 0.02592, 0.17472, 0.02616, -9999.00000, 0.06824, 0.03740, -0.00732, 0.04391, 0.34989, 0.03167, 0.00422, 0.00154 
10200.0, 12.46957, 0.16029, 0.68425, 1.63072, 0.00874, 0.10168, 2.11873, 0.01643, 0.29339, 0.10327, 0.05766, 0.17094, 0.01601, -9999.00000, 0.06026, 0.02360, -0.00387, 0.04147, 0.39927, 0.03214, 0.00444, 0.00634 
10260.0, 10.27106, 0.14563, 0.60837, 1.73122, 0.00822, 0.05889, 2.07289, 0.02293, 0.24458, 0.09943, 0.02347, 0.14945, 0.01233, -9999.00000, 0.06185, 0.02197, -0.00729, 0.03008, 0.36029, 0.03900, 0.00627, 0.00179 
10320.0, 9.92060, 0.14656, 0.56539, 1.35479, 0.00494, 0.11286, 2.02400, 0.01093, 0.24899, 0.11058, 0.08428, 0.18090, 0.02644, -9999.00000, 0.08223, 0.04782, -0.00066, 0.02634, 0.37853, 0.03352, 0.00581, 0.00042 
10380.0, 11.88400, 0.13390, 0.78348, 1.72173, 0.00709, 0.08390, 2.12240, 0.02883, 0.27930, 0.09681, 0.08297, 0.16339, -0.00559, -9999.00000, 0.07551, 0.04331, 0.00081, 0.03656, 0.36035, 0.05104, 0.00198, 0.00250 
10440.0, 10.36904, 0.16345, 0.76528, 1.76870, 0.00912, 0.09650, 2.10379, 0.02384, 0.29944, 0.11820, 0.03469, 0.14940, 0.02051, -9999.00000, 0.05064, 0.02063, -0.00090, 0.02939, 0.33927, 0.03762, 0.00612, 0.00340 
10500.0, 11.50737, 0.16653, 0.70070, 1.94682, 0.00333, 0.11022, 2.23068, 0.01140, 0.27999, 0.10159, 0.08481, 0.14182, 0.02400, -9999.00000, 0.06558, 0.02621, 0.00451, 0.04510, 0.33534, 0.03968, 0.00268, 0.00318 
10560.0, 10.74719, 0.15550, 0.73728, 2.44493, 0.00655, 0.10181, 2.27073, 0.02082, 0.27572, 0.10622, 0.02170, 0.19511, 0.02668, -9999.00000, 0.07479, 0.03512, 0.00062, 0.03883, 0.38321, 0.02566, 0.00656, 0.00199 
10620.0, 11.02850, 0.16197, 0.73961, 1.94303, 0.00752, 0.09400, 2.18397, 0.03316, 0.27918, 0.10927, 0.07625, 0.16805, 0.04693, -9999.00000, 0.06925, 0.02973, -0.00643, 0.02550, 0.36560, 0.03365, 0.00296, 0.00238 
10680.0, 9.75249, 0.14722, 0.62076, 1.72305, 0.00442, 0.08643, 2.06639, 0.01872, 0.31568, 0.08759, 0.05633, 0.17380, 0.00089, -9999.00000, 0.07177, 0.02808, 0.00603, 0.01499, 0.30605, 0.03454, 0.00359, 0.00302 
10740.0, 9.07557, 0.15548, 0.60638, 1.66898, 0.00363, 0.10026, 2.07245, 0.02114, 0.27839, 0.11143, 0.07071, 0.14307, 0.01434, -9999.00000, 0.07711, 0.03035, -0.00528, 0.00762, 0.24502, 0.02701, 0.00400, 0.00232 
10800.0, 10.43062, 0.15303, 0.75188, 2.11453, 0.00598, 0.12420, 2.21836, 0.01141, 0.27172, 0.11165, 0.01590, 0.16792, 0.02341, -9999.00000, 0.07398, 0.03008, -0.00715, 0.02526, 0.32597, 0.03731, 0.00610, 0.00284 
10860.0, 13.71018, 0.15772, 0.83451, 2.65217, 0.01140, 0.09870, 2.30867, 0.02439, 0.26908, 0.11756, 0.08153, 0.17979, 0.04040, -9999.00000, 0.09528, 0.03982, 0.00188, 0.05919, 0.34394, 0.03655, 0.00400, 0.00645 
10920.0, 13.03027, 0.14615, 0.77247, 2.86537, 0.00878, 0.13153, 2.31533, 0.02940, 0.35173, 0.12365, 0.03051, 0.20684, 0.05216, -9999.00000, 0.07561, 0.04332, -0.00229, 0.03378, 0.34982, 0.01208, 0.00271, 0.00400 
10980.0, 11.13148, 0.15774, 0.87730, 2.95859, 0.01295, 0.11847, 2.39555, 0.04263, 0.22082, 0.10869, 0.06057, 0.23887, 0.03662, -9999.00000, 0.11928, 0.05795, -0.00690, 0.04314, 0.27356, 0.03940, 0.00479, 0.00092 
11040.0, 11.29196, 0.16201, 0.87906, 2.93993, 0.01578, 0.13111, 2.44738, 0.02962, 0.19149, 0.11240, 0.04773, 0.23722, 0.03613, -9999.00000, 0.13881, 0.05004, -0.00709, 0.03040, 0.25637, 0.05478, 0.01335, 0.00603 
11100.0, 11.28749, 0.16272, 0.97579, 2.80995, 0.01442, 0.12626, 2.45937, 0.04878, 0.20724, 0.12085, 0.07345, 0.21716, 0.05285, -9999.00000, 0.12760, 0.05663, -0.00232, 0.04472, 0.23942, 0.01946, 0.01213, 0.00893 
11160.0, 11.26121, 0.15307, 0.90957, 2.70076, 0.02030, 0.14487, 2.41273, 0.05578, 0.18302, 0.12337, 0.08862, 0.23929, 0.04562, -9999.00000, 0.15558, 0.06586, -0.00339, 0.04417, 0.22414, 0.05423, 0.00926, 0.00335 
11220.0, 11.63099, 0.15966, 0.95530, 3.27564, 0.01723, 0.09882, 2.49542, 0.05136, 0.19668, 0.12131, 0.11565, 0.29112, 0.05993, -9999.00000, 0.15162, 0.06609, -0.00704, 0.04089, 0.25290, 0.04615, 0.01699, 0.00639 
11280.0, 12.37846, 0.14927, 1.10705, 3.78849, 0.02129, 0.11612, 2.58511, 0.04578, 0.24786, 0.11855, 0.11056, 0.26154, 0.04949, -9999.00000, 0.11992, 0.06297, -0.00047, 0.05025, 0.26968, 0.05006, 0.00828, 0.00291 
11340.0, 11.87047, 0.16050, 1.19974, 3.40803, 0.01739, 0.10700, 2.48771, 0.04350, 0.20340, 0.12429, 0.07358, 0.26399, 0.02705, -9999.00000, 0.15421, 0.06503, -0.00701, 0.03547, 0.25369, 0.02927, 0.01911, 0.00627 
11400.0, 11.64918, 0.17016, 1.23208, 4.78274, 0.02053, 0.17572, 2.65983, 0.04255, 0.22079, 0.13145, 0.10338, 0.28561, 0.04834, -9999.00000, 0.17090, 0.07474, 0.00446, 0.05932, 0.29485, 0.05164, 0.00977, 0.00548 
11460.0, 14.86460, 0.16585, 1.38462, 4.77296, 0.01799, 0.17774, 2.69913, 0.04240, 0.18671, 0.13815, 0.12742, 0.29721, 0.04738, -9999.00000, 0.16988, 0.06380, -0.00591, 0.07063, 0.32548, 0.03433, 0.00649, 0.00608 
11520.0, 16.69719, 0.16090, 1.56402, 5.16503, 0.01782, 0.22327, 2.83450, 0.06253, 0.26593, 0.14482, 0.03307, 0.29703, 0.06736, -9999.00000, 0.17302, 0.09123, -0.00696, 0.06207, 0.32898, 0.03694, 0.00743, 0.01511 
11580.0, 14.71962, 0.17462, 1.46323, 4.60235, 0.01203, 0.17159, 2.85708, 0.04822, 0.23509, 0.14506, 0.09594, 0.30262, 0.06071, -9999.00000, 0.17962, 0.08262, -0.00695, 0.06300, 0.32185, 0.06906, 0.00764, 0.01201 
11640.0, 23.00407, 0.15544, 1.83498, 6.78481, 0.02339, 0.20310, 3.06773, 0.08552, 0.33165, 0.17635, 0.13137, 0.36264, 0.05530, -9999.00000, 0.21667, 0.09121, -0.00597, 0.09272, 0.34885, 0.08823, 0.00971, 0.01463 
11700.0, 16.83156, 0.15906, 1.64054, 5.60866, 0.01411, 0.20679, 2.99810, 0.06028, 0.25495, 0.16699, 0.20550, 0.50290, 0.06956, -9999.00000, 0.23035, 0.09850, -0.00469, 0.07109, 0.39665, 0.05476, 0.00436, 0.01229 
11760.0, 16.23753, 0.16002, 1.49506, 4.85234, 0.01493, 0.16614, 2.84383, 0.04625, 0.25589, 0.15207, 0.15451, 0.31990, 0.04618, -9999.00000, 0.16910, 0.07188, -0.00480, 0.07233, 0.35236, 0.05555, 0.00917, 0.00723 
11820.0, 15.86354, 0.16761, 1.45763, 4.83877, 0.02086, 0.18112, 2.84269, 0.05939, 0.26954, 0.14990, 0.12118, 0.30220, 0.05816, -9999.00000, 0.18100, 0.08339, 0.00326, 0.06057, 0.35567, 0.05704, 0.00971, 0.01006 
11880.0, 18.66978, 0.15784, 1.54332, 4.48634, 0.01855, 0.18750, 2.86224, 0.06174, 0.29046, 0.15477, 0.08883, 0.33351, 0.04892, -9999.00000, 0.16134, 0.07129, 0.00178, 0.05738, 0.30156, 0.07874, 0.00603, 0.00633 
11940.0, 18.90960, 0.14820, 1.54850, 5.20716, 0.01476, 0.18213, 2.92206, 0.06221, 0.32972, 0.14872, 0.10427, 0.27719, 0.04038, -9999.00000, 0.15630, 0.07211, -0.00481, 0.06455, 0.36191, 0.06068, 0.01159, 0.01450 
12000.0, 17.06137, 0.15839, 1.50628, 6.20272, 0.01832, 0.19199, 2.88404, 0.05514, 0.25468, 0.13866, 0.04185, 0.32545, 0.03939, -9999.00000, 0.15312, 0.06474, -0.00379, 0.07073, 0.34774, 0.06717, 0.00501, 0.01006 
12060.0, 17.36987, 0.16009, 1.58030, 7.56720, 0.02267, 0.19869, 2.94277, 0.06350, 0.28066, 0.15954, 0.12112, 0.35738, 0.04687, -9999.00000, 0.19843, 0.10225, -0.00386, 0.08477, 0.38788, 0.11142, 0.00627, 0.00939 
12120.0, 16.49560, 0.17046, 1.43932, 6.27799, 0.01386, 0.19565, 2.88162, 0.05786, 0.25594, 0.16205, 0.09812, 0.30627, 0.03452, -9999.00000, 0.18137, 0.08087, -0.00462, 0.09607, 0.36259, 0.06440, 0.00571, 0.00925 
12180.0, 16.84593, 0.16223, 1.40948, 5.53300, 0.01635, 0.19258, 2.85223, 0.04616, 0.24882, 0.15533, 0.10141, 0.32598, 0.04529, -9999.00000, 0.20245, 0.06980, -0.00679, 0.04898, 0.27462, 0.06511, 0.00433, 0.00665 
12240.0, 14.69951, 0.16700, 1.35126, 5.03179, 0.01491, 0.17507, 2.79832, 0.04756, 0.29692, 0.14164, 0.12480, 0.31030, 0.03982, -9999.00000, 0.18937, 0.07012, 0.00422, 0.05587, 0.30218, 0.05174, 0.00710, 0.01431 
12300.0, 17.16169, 0.16045, 1.38417, 4.30047, 0.01868, 0.18503, 2.92056, 0.05167, 0.25771, 0.14531, 0.10445, 0.31644, 0.04570, -9999.00000, 0.19490, 0.07391, -0.00038, 0.06616, 0.28512, 0.05699, 0.00753, 0.00414 
12360.0, 14.65824, 0.17435, 1.30999, 5.02958, 0.01846, 0.15596, 2.78561, 0.03861, 0.25471, 0.13376, 0.13036, 0.34173, 0.04940, -9999.00000, 0.20160, 0.08186, 0.00325, 0.07049, 0.32475, 0.07227, 0.00578, 0.00734 
12420.0, 15.57981, 0.16647, 1.40452, 6.49057, 0.02390, 0.18731, 2.78191, 0.04595, 0.27684, 0.12468, 0.21847, 0.78789, 0.05649, -9999.00000, 0.39144, 0.14560, -0.00160, 0.06699, 0.32388, 0.06233, 0.00648, 0.01282 
12480.0, 15.21480, 0.14741, 1.43155, 6.24476, 0.01719, 0.19321, 2.92250, 0.06533, 0.27391, 0.14214, 0.10724, 0.46098, 0.01806, -9999.00000, 0.26082, 0.10234, -0.00601, 0.08172, 0.29959, 0.09010, 0.01140, 0.01045 
12540.0, 21.64670, 0.18175, 1.74391, 6.50446, 0.02689, 0.19980, 3.22448, 0.07611, 0.32782, 0.17847, 0.10557, 0.34446, 0.04992, -9999.00000, 0.21007, 0.10537, 0.00553, 0.08357, 0.39632, 0.08980, 0.00766, 0.01193 
12600.0, 21.07740, 0.18519, 1.66757, 8.15279, 0.02726, 0.20333, 3.19747, 0.04093, 0.35445, 0.18333, 0.18337, 0.53064, 0.04074, -9999.00000, 0.28971, 0.12424, -0.00231, 0.08297, 0.41024, 0.08395, 0.01135, 0.01133 
12660.0, 24.18779, 0.18304, 1.57795, 8.67958, 0.02106, 0.19516, 3.08968, 0.06294, 0.23920, 0.17306, 0.12876, 0.37486, 0.04574, -9999.00000, 0.23458, 0.09283, 0.01266, 0.09308, 0.35578, 0.06667, 0.00925, 0.00892 
12720.0, 24.30410, 0.17041, 1.70931, 8.78421, 0.02334, 0.23090, 3.19078, 0.06492, 0.30698, 0.16877, 0.13181, 0.41451, 0.03103, -9999.00000, 0.23434, 0.09268, 0.00961, 0.09317, 0.34932, 0.06464, 0.01652, 0.01088 
12780.0, 24.85821, 0.14740, 1.68186, 9.02417, 0.02060, 0.24573, 3.13796, 0.06911, 0.22962, 0.16987, 0.10186, 0.39151, 0.04065, -9999.00000, 0.21761, 0.10217, 0.01534, 0.06322, 0.38429, 0.06656, 0.00535, 0.01376 
12840.0, 18.12220, 0.15250, 1.45958, 6.68528, 0.01339, 0.20963, 3.03405, 0.05789, 0.20809, 0.17021, 0.15842, 0.34949, 0.04952, -9999.00000, 0.19509, 0.09282, -0.00204, 0.06725, 0.30754, 0.08238, 0.01017, 0.00689 
12900.0, 17.32473, 0.16661, 1.43122, 5.29016, 0.01095, 0.17115, 2.97945, 0.03731, 0.21988, 0.14044, 0.17533, 0.33543, 0.03528, -9999.00000, 0.18836, 0.08266, 0.01213, 0.05421, 0.24673, 0.05077, 0.01459, 0.01023 
12960.0, 17.50504, 0.16946, 1.44620, 6.48773, 0.01233, 0.16111, 3.11322, 0.02674, 0.27945, 0.16981, 0.17048, 0.43580, 0.03856, -9999.00000, 0.24998, 0.08296, 0.00565, 0.05687, 0.27859, 0.06964, 0.02452, 0.00965 
