CampaignData_and_Merges/R0/CSL_MobileLab_Parked/raw/20240813/USOS-Picarro-CO2-CH4-CO-H2O_MobileLabGround_20240813_R0.ict
38, 1001
Ilana Pollack, Nell Schafer, and Jeff Peischl
NOAA Chemical Sciences Laboratory
Picarro 2401-m CO2/CH4/CO/H2O Analyzer
USOS
1, 1
2024, 08, 13, 2024, 11, 20
0
StartTime_UTC, seconds_past_midnight, seconds past midnight
5
1, 1, 1, 1, 1
-9999, -9999, -9999, -9999, -9999
StopTime_UTC, seconds_past_midnight, seconds past midnight
CO2_ppm_1min, ppm, Gas_CO2_InSitu_S_DMF, carbon dioxide mixing ratio
CH4_ppb_1min, ppb, Gas_CH4_InSitu_S_DMF, methane mixing ratio
CO_ppb_1min, ppb, Gas_CO_InSitu_S_DMF, carbon monoxide mixing ratio
H2O_ppmv_1min, ppmv, Met_H2OMRV_InSitu_S_AVMR, water vapor mixing ratio
1
SPECIAL COMMENTS: N/A
18
PI_CONTACT_INFO: Address: NOAA Chemical Sciences Laboratory, Mail Stop CSL7, 325 Broadway, Boulder, CO 80305; Email: Ilana.Pollack@noaa.gov
PLATFORM: NOAA CSL Mobile Laboratory
LOCATION: The mobile lab was stationed in Salt Lake City, Utah.
ASSOCIATED_DATA: N/A
INSTRUMENT_INFO: CO2, CH4, and CO are reported as dry air mole fractions using a commercial wavelength-scanned cavity ring-down analyzer (Picarro 2401-m). An in-field calibration gas standard of 432±0.07 ppm CO2, 2095±1 ppb CH4, and 183±1 ppb CO, calibrated in the Boulder laboratories before and after the field project using primary CO2, CH4, and CO standard tanks tied to the WMO standard (X2019, X2004A, and X2014A, respectively) from the Global Monitoring Laboratory (GML), was delivered to the inlet every 2-3 days to evaluate instrument sensitivity. A H2O measurement was calibrated before the project with a Dew Point Mirror 373 hygrometer. The water correction calculated from these calibrations was applied to the H2O measurement for the entire campaign. Species are measured at 0.5 Hz and reported as 1-minute averages for stationary measurements.
DATA_INFO: Units: CO2, ppm, dry air mole fraction; CH4, ppb, dry air mole fraction; CO, ppb, dry air mole fraction; H2O, ppmv
UNCERTAINTY: Total uncertainties are estimated as ±0.1 ppm for CO2, ±1 ppb for CH4, ±5 ppb for CO, and ±(50 ppm + 4%) for H2O.
ULOD_FLAG: -7777
ULOD_VALUE: N/A
LLOD_FLAG: -8888
LLOD_VALUE: N/A
DM_CONTACT_INFO: Data Manager: Nathan Howard; nathan.h.howard@noaa.gov
PROJECT_INFO: USOS Dates of Study: July – August 2024
STIPULATIONS_ON_USE: Use of these data require prior ok from PI.
OTHER_COMMENTS: Data are averaged to 1 minute intervals. Stationary data collected from a 10 ft tower on top of the mobile van.
REVISION: R0
R0: Final Data
StartTime_UTC, StopTime_UTC, CO2_ppm_1min, CH4_ppb_1min, CO_ppb_1min, H2O_ppmv_1min
[from data line 384]
23040,23100,433.40,1945.7,106.9,17684.2852
23100,23160,433.18,1944.8,104.8,17621.0977
23160,23220,433.90,1945.5,105.0,17704.3438
23220,23280,434.23,1946.5,105.5,17743.6914
23280,23340,432.08,1943.2,104.0,17575.4023
23340,23400,431.43,1942.0,102.3,17500.9141
23400,23460,433.47,1943.2,103.8,17777.6582
23460,23520,432.05,1942.8,103.3,17631.3691
23520,23580,432.58,1944.2,105.2,17613.3945
23580,23640,431.06,1941.6,102.9,17397.0977
23640,23700,431.41,1942.0,102.7,17410.0664
23700,23760,431.82,1941.4,102.5,17312.1035
23760,23820,432.77,1942.6,105.6,17500.7227
23820,23880,435.44,1942.8,105.4,17796.9785
23880,23940,436.26,1944.4,105.2,17899.7930
23940,24000,433.13,1942.4,103.6,17393.5742
24000,24060,434.75,1942.5,105.2,17534.9590
24060,24120,432.80,1942.9,104.6,17356.5410
24120,24180,432.87,1943.5,108.7,17322.5469
24180,24240,435.81,1943.2,108.4,17205.6035
24240,24300,434.74,1943.3,106.2,17164.1426
24300,24360,434.38,1943.5,107.4,17045.2793
24360,24420,435.92,1942.3,103.8,16982.5000
24420,24480,435.64,1940.8,103.9,16845.4883
24480,24540,436.25,1941.3,106.2,16880.7109
24540,24600,436.08,1942.5,112.9,16978.9883
24600,24660,436.09,1941.2,104.4,16918.8789
24660,24720,435.93,1942.1,106.0,16946.3340
24720,24780,435.56,1942.8,106.0,17079.5918
24780,24840,435.21,1944.3,104.8,17278.8262
24840,24900,434.73,1945.1,105.3,17494.1074
24900,24960,432.77,1945.8,105.0,17812.6445
24960,25020,432.61,1946.4,105.0,17912.0195
25020,25080,432.88,1946.9,104.8,17940.2578
25080,25140,433.68,1948.0,105.1,18026.2578
25140,25200,433.48,1948.4,105.0,18082.0918
25200,25260,432.80,1948.2,104.6,18111.6406
25260,25320,432.68,1948.5,103.0,18132.6563
25320,25380,432.41,1948.5,103.7,18123.7344
25380,25440,432.75,1949.0,102.2,18210.2324
25440,25500,433.07,1949.6,103.8,18273.4707
25500,25560,435.28,1950.7,104.0,18516.8574
25560,25620,436.12,1951.3,104.9,18594.0898
25620,25680,434.03,1951.4,106.0,18357.1680
25680,25740,433.71,1952.2,105.2,18289.9395
25740,25800,433.14,1951.3,104.3,18254.7383
25800,25860,433.40,1951.7,103.6,18288.4609
25860,25920,433.25,1950.6,103.3,18249.7734
25920,25980,434.24,1950.3,105.9,18406.4980
25980,26040,433.68,1949.4,106.5,18325.4004
26040,26100,433.24,1949.7,107.2,18207.2031
26100,26160,434.22,1950.4,109.0,18278.6973
26160,26220,433.85,1949.2,104.6,18359.7227
26220,26280,433.58,1949.9,107.2,18258.3965
26280,26340,433.74,1950.1,117.1,18371.9902
26340,26400,433.57,1950.6,103.1,18475.5957
26400,26460,433.42,1949.4,103.3,18232.9844
26460,26520,433.51,1949.8,101.4,18320.6504
26520,26580,433.27,1949.8,102.2,18322.3184
26580,26640,433.08,1948.9,101.3,18238.9980
26640,26700,433.43,1948.7,102.3,18256.6309
26700,26760,433.65,1947.1,100.8,17954.3203
26760,26820,433.38,1946.0,100.8,17631.3125
26820,26880,433.73,1945.1,100.1,17538.7461
26880,26940,434.24,1945.6,102.2,17586.9492
26940,27000,434.21,1945.9,100.4,17358.9707
27000,27060,434.55,1947.0,100.9,17386.8652
27060,27120,434.77,1947.4,103.6,17440.9785
27120,27180,434.70,1948.1,103.4,17453.2910
27180,27240,435.28,1948.3,102.0,17538.5996
27240,27300,435.71,1949.7,104.7,17621.9199
27300,27360,435.69,1949.5,105.7,17542.7070
27360,27420,436.18,1948.7,105.9,17552.8613
27420,27480,436.71,1949.1,105.6,17611.6895
27480,27540,437.80,1949.9,107.2,17749.5605
27540,27600,439.52,1950.3,107.7,17728.9160
27600,27660,440.18,1951.2,109.5,17848.2441
27660,27720,440.31,1952.1,107.4,17885.0332
27720,27780,439.66,1952.9,108.6,17825.7754
27780,27840,439.42,1954.6,109.9,17582.9297
27840,27900,436.21,1948.7,108.5,17052.3438
27900,27960,435.41,1946.1,106.2,16803.5586
27960,28020,434.90,1942.8,103.6,16536.5742
28020,28080,434.03,1941.2,103.4,16392.5703
28080,28140,433.49,1940.8,103.7,16256.3809
28140,28200,434.76,1945.7,104.8,16623.1133
28200,28260,436.28,1948.4,106.2,16897.5703
28260,28320,437.17,1950.8,104.9,17221.2695
28320,28380,437.71,1952.5,105.5,17404.3301
28380,28440,437.03,1950.0,105.8,17199.3281
28440,28500,437.22,1951.2,104.8,17407.0938
28500,28560,438.26,1953.2,104.6,17585.7852
28560,28620,438.50,1954.7,105.2,17687.8867
28620,28680,437.69,1955.8,106.2,17561.9570
28680,28740,437.02,1957.1,108.6,17654.9629
28740,28800,436.02,1957.2,106.3,17977.3809
28800,28860,435.42,1957.4,103.5,18422.3750
28860,28920,435.36,1960.7,104.2,18552.9297
28920,28980,435.56,1956.9,102.4,18581.4688
28980,29040,434.77,1955.1,103.3,18546.2910
29040,29100,434.38,1953.3,104.0,18397.3750
29100,29160,434.77,1953.2,101.9,18597.9082
29160,29220,434.40,1952.5,101.2,18665.3008
29220,29280,434.22,1952.8,101.0,18747.7383
29280,29340,434.19,1952.8,100.2,18878.8125
29340,29400,434.05,1952.7,99.7,18917.8965
29400,29460,434.02,1952.5,100.4,18882.0449
29460,29520,433.42,1951.9,98.6,18829.5391
29520,29580,433.12,1951.1,100.9,18924.8008
29580,29640,432.42,1950.3,100.0,19065.1582
29640,29700,432.71,1950.8,100.0,19115.9023
29700,29760,432.63,1950.1,99.0,19014.7168
29760,29820,433.63,1951.5,99.2,19075.7344
29820,29880,432.36,1948.9,98.8,18899.8574
29880,29940,432.25,1948.0,98.1,18831.9043
29940,30000,432.31,1948.5,98.2,18829.6016
30000,30060,431.46,1945.7,98.4,18550.7793
30060,30120,433.02,1948.7,99.9,18839.3418
30120,30180,431.93,1946.3,97.3,18611.4160
30180,30240,432.18,1946.1,99.1,18625.7090
30240,30300,431.87,1945.0,99.3,18531.3867
30300,30360,431.31,1944.8,97.7,18326.6094
30360,30420,430.38,1943.0,98.6,18111.9648
30420,30480,430.94,1944.0,99.6,18196.5254
30480,30540,430.33,1942.4,100.1,18025.3477
30540,30600,431.75,1946.1,99.7,18268.1777
30600,30660,431.10,1944.1,99.0,18127.4297
30660,30720,430.96,1944.6,100.3,18116.8438
30720,30780,431.17,1945.1,100.5,18069.8652
30780,30840,430.82,1944.2,104.8,17906.2188
30840,30900,430.60,1944.1,108.0,17853.9551
30900,30960,431.34,1944.3,101.7,17934.0820
30960,31020,429.22,1939.2,100.4,17402.8516
31020,31080,428.49,1937.8,99.5,17271.1094
31080,31140,428.91,1938.9,100.4,17379.3066
31140,31200,428.84,1939.2,100.6,17354.9531
31200,31260,429.02,1939.2,99.3,17362.1641
31260,31320,428.96,1939.6,99.2,17329.9277
31320,31380,428.62,1938.8,99.0,17213.1777
31380,31440,429.10,1940.2,98.4,17270.4004
31440,31500,429.53,1942.2,98.6,17369.0195
31500,31560,429.06,1938.7,100.9,17205.4863
31560,31620,429.33,1939.1,99.6,17214.0234
31620,31680,429.20,1939.4,99.8,17233.1758
31680,31740,429.35,1940.0,98.7,17261.7207
31740,31800,430.25,1941.2,99.6,17377.7813
31800,31860,429.68,1940.4,100.4,17292.8691
31860,31920,429.46,1940.4,100.6,17282.7305
31920,31980,428.97,1939.5,98.3,17171.5898
31980,32040,428.78,1938.9,105.4,17115.3965
32040,32100,428.71,1938.5,102.3,17085.9160
32100,32160,428.69,1938.6,101.8,17092.0625
32160,32220,428.42,1938.4,99.9,17051.9570
32220,32280,428.61,1939.2,99.4,17119.1543
32280,32340,428.65,1939.3,100.0,17113.1816
32340,32400,428.91,1939.6,98.7,17112.8281
32400,32460,428.57,1939.3,99.5,17045.0332
32460,32520,428.72,1939.5,102.4,17074.8867
32520,32580,428.51,1939.3,102.3,17008.8516
32580,32640,428.73,1939.9,100.6,17027.1660
32640,32700,428.59,1939.6,105.7,16979.2383
32700,32760,429.36,1940.3,103.2,17090.2363
32760,32820,428.93,1939.8,101.9,17023.4766
32820,32880,428.19,1939.2,101.3,16926.5215
32880,32940,428.10,1938.9,101.0,16874.5547
32940,33000,428.27,1939.3,100.2,16855.3965
33000,33060,428.61,1939.6,101.7,16960.2891
33060,33120,428.97,1940.3,99.3,17061.9121
33120,33180,429.39,1940.8,100.7,17229.0664
33180,33240,429.80,1941.5,100.1,17304.5117
33240,33300,429.78,1941.5,103.4,17282.4785
33300,33360,430.11,1942.0,101.4,17324.5547
33360,33420,429.76,1941.5,101.3,17215.3477
33420,33480,429.93,1941.5,101.1,17219.7090
33480,33540,430.42,1942.4,101.2,17338.1914
33540,33600,430.44,1942.3,102.5,17361.2637
33600,33660,430.56,1942.3,100.9,17422.2637
33660,33720,430.91,1942.7,102.3,17554.9629
33720,33780,431.33,1942.9,101.2,17684.4707
33780,33840,431.79,1943.4,103.8,17776.4746
33840,33900,431.77,1943.4,103.1,17834.8535
33900,33960,431.89,1943.7,100.2,17855.0684
33960,34020,432.21,1944.0,101.7,17865.7246
34020,34080,432.85,1944.6,102.3,17933.2656
34080,34140,432.84,1944.9,101.4,17915.6191
34140,34200,432.60,1944.6,120.1,17797.4375
34200,34260,432.87,1944.9,133.7,17776.8477
34260,34320,432.69,1945.1,116.2,17725.0703
34320,34380,432.65,1944.2,106.4,17561.7656
34380,34440,431.92,1944.5,103.3,17399.9980
34440,34500,431.73,1943.5,101.6,17287.2852
34500,34560,431.46,1943.3,104.1,17225.6133
34560,34620,431.18,1942.5,102.8,17161.1680
34620,34680,430.91,1942.2,104.6,17088.2363
34680,34740,431.17,1942.6,103.3,17128.3691
34740,34800,431.31,1943.0,103.7,17142.5391
34800,34860,431.14,1942.9,103.1,17096.8711
34860,34920,432.01,1943.0,102.6,17156.8750
34920,34980,431.32,1942.9,101.4,17123.3320
34980,35040,431.23,1942.6,102.2,17156.6934
35040,35100,432.06,1943.1,102.6,17222.4766
35100,35160,432.47,1943.4,102.0,17309.4141
35160,35220,432.71,1943.8,103.2,17451.7734
35220,35280,431.54,1943.7,101.9,17577.6582
35280,35340,431.63,1944.1,101.0,17719.5254
35340,35400,431.49,1944.7,102.4,17834.1426
35400,35460,431.90,1945.3,102.9,17912.5430
35460,35520,431.81,1946.6,104.6,17991.4082
35520,35580,432.11,1946.6,102.8,18019.7480
35580,35640,432.11,1947.8,104.3,18129.5059
35640,35700,431.75,1947.5,103.4,18289.2656
35700,35760,432.20,1947.8,103.3,18289.1582
35760,35820,432.61,1948.0,110.5,18357.8496
35820,35880,432.95,1948.7,106.4,18448.9375
35880,35940,432.49,1949.2,103.9,18585.0371
35940,36000,432.24,1950.1,103.9,18764.1777
36000,36060,433.01,1951.4,104.3,19008.0605
36060,36120,433.32,1952.4,104.8,19177.8730
36120,36180,432.77,1952.8,104.7,19186.8086
36180,36240,433.05,1953.8,104.7,19201.3418
36240,36300,433.26,1953.3,105.3,19220.3164
36300,36360,433.26,1954.0,108.1,19208.2754
36360,36420,433.50,1955.2,109.0,19168.9063
36420,36480,435.00,1955.9,108.0,19277.2832
36480,36540,434.73,1957.3,108.2,19298.2500
36540,36600,434.28,1956.6,107.8,19319.0801
36600,36660,434.37,1956.5,111.7,19353.5273
36660,36720,434.41,1956.0,105.6,19386.0742
36720,36780,434.35,1956.7,104.3,19345.6973
36780,36840,434.43,1957.3,105.2,19373.0078
36840,36900,434.73,1956.6,103.3,19423.0117
36900,36960,434.07,1956.9,101.9,19386.4727
36960,37020,434.55,1957.8,104.3,19417.0957
37020,37080,434.25,1958.1,103.4,19373.7617
37080,37140,434.25,1956.8,102.3,19421.4238
37140,37200,434.38,1956.6,102.5,19441.6914
37200,37260,434.60,1956.5,101.8,19461.0000
37260,37320,434.90,1957.2,101.9,19502.8633
37320,37380,435.02,1957.6,103.4,19523.7383
37380,37440,435.28,1958.1,102.5,19539.2715
37440,37500,435.38,1958.6,103.2,19548.8672
37500,37560,435.14,1958.2,103.8,19525.1035
37560,37620,435.38,1958.5,103.5,19526.5977
37620,37680,435.71,1958.5,104.4,19522.4824
37680,37740,435.97,1958.6,103.2,19527.8789
37740,37800,436.09,1959.0,104.7,19520.7598
37800,37860,436.03,1959.2,104.6,19521.4473
37860,37920,436.33,1960.0,109.5,19546.0078
37920,37980,436.35,1960.2,109.0,19548.7480
37980,38040,436.91,1961.6,109.1,19577.2305
38040,38100,436.54,1961.3,107.8,19471.6641
38100,38160,436.14,1958.3,110.2,19227.4434
38160,38220,436.09,1957.9,107.1,19162.1719
38220,38280,436.59,1957.7,125.1,19274.0313
38280,38340,437.20,1958.4,132.0,19341.7715
38340,38400,436.72,1957.0,113.0,19422.4551
38400,38460,437.14,1957.1,106.7,19471.6816
38460,38520,437.20,1957.1,107.2,19512.8535
38520,38580,437.12,1957.0,108.0,19501.4492
38580,38640,437.35,1957.3,109.0,19517.1582
38640,38700,436.55,1954.9,107.6,19427.5078
38700,38760,436.43,1953.7,107.0,19363.7676
38760,38820,436.09,1952.9,108.8,19261.5332
38820,38880,436.00,1952.9,107.0,19231.6035
38880,38940,435.96,1952.4,106.8,19209.0352
38940,39000,435.48,1951.6,108.6,19124.3164
39000,39060,435.79,1952.3,108.6,19174.8867
39060,39120,435.39,1951.9,108.2,19056.4141
39120,39180,435.42,1952.0,108.8,19013.6758
39180,39240,435.27,1951.7,108.0,18965.6445
39240,39300,435.41,1952.2,109.0,18957.1738
39300,39360,435.62,1952.1,108.8,18911.0625
39360,39420,435.60,1951.6,109.6,18856.4531
39420,39480,434.87,1951.7,109.6,18799.8496
39480,39540,434.73,1951.6,108.7,18773.5430
39540,39600,434.38,1950.9,108.8,18737.1875
39600,39660,435.07,1952.3,111.7,18799.8828
39660,39720,435.49,1952.5,111.5,18834.1055
39720,39780,434.84,1951.8,113.6,18783.8809
39780,39840,434.61,1951.1,112.2,18755.3438
39840,39900,433.92,1949.8,109.3,18718.2070
39900,39960,433.59,1949.2,110.0,18672.2070
39960,40020,433.90,1949.7,108.9,18692.8398
40020,40080,435.76,1950.8,117.8,18776.3516
40080,40140,434.25,1950.0,112.5,18700.0508
40140,40200,434.18,1950.3,113.3,18681.4102
40200,40260,434.21,1950.5,112.1,18636.9531
40260,40320,434.78,1949.9,117.3,18640.4414
40320,40380,435.35,1950.0,119.7,18598.1875
40380,40440,436.21,1950.5,124.8,18588.4844
40440,40500,435.51,1950.6,117.1,18601.0508
40500,40560,434.73,1950.6,114.8,18577.6250
40560,40620,434.38,1950.0,116.2,18543.2930
40620,40680,434.18,1949.5,114.5,18522.4199
40680,40740,433.98,1948.8,112.9,18502.2109
40740,40800,434.66,1949.0,115.0,18535.2539
40800,40860,436.81,1949.6,120.1,18627.4043
40860,40920,437.35,1949.2,119.9,18655.9531
40920,40980,435.99,1950.2,117.8,18592.0859
40980,41040,436.78,1950.7,116.3,18629.3340
41040,41100,436.87,1949.9,117.6,18606.5469
41100,41160,435.63,1949.1,122.4,18552.8223
41160,41220,436.32,1950.3,119.1,18599.4043
41220,41280,437.60,1951.9,118.4,18694.6465
41280,41340,440.35,1952.9,129.1,18808.8906
41340,41400,438.99,1953.1,131.6,18719.0527
41400,41460,438.56,1954.4,119.5,18727.1875
41460,41520,439.45,1956.6,121.6,18786.8574
41520,41580,440.20,1957.6,118.0,18787.9551
41580,41640,440.41,1958.1,115.7,18802.9922
41640,41700,437.77,1955.7,114.8,18636.4102
41700,41760,439.51,1956.5,113.7,18777.2988
41760,41820,439.05,1957.4,116.1,18716.4648
41820,41880,438.38,1956.4,116.8,18622.1406
41880,41940,437.98,1956.4,117.7,18632.7031
41940,42000,438.20,1958.0,120.1,18689.2852
42000,42060,439.17,1961.8,118.1,18783.1523
42060,42120,438.41,1963.8,116.5,18754.0430
42120,42180,439.34,1966.7,116.9,18807.4238
42180,42240,438.84,1964.8,115.9,18762.5977
42240,42300,439.56,1965.9,117.3,18813.7559
42300,42360,439.78,1964.5,115.4,18827.1250
42360,42420,439.88,1966.9,118.7,18814.4121
42420,42480,438.89,1963.0,117.1,18707.1543
42480,42540,437.95,1959.8,116.6,18630.8496
42540,42600,436.82,1956.9,116.9,18539.4141
42600,42660,438.02,1957.8,117.5,18642.1055
42660,42720,437.57,1957.9,116.6,18527.6465
42720,42780,437.21,1958.7,116.9,18512.1270
42780,42840,438.12,1959.3,118.9,18593.9355
42840,42900,439.02,1960.7,120.0,18654.5703
42900,42960,438.26,1960.8,119.4,18574.4688
42960,43020,437.56,1957.6,119.7,18444.6895
43020,43080,437.61,1957.3,118.9,18445.9141
43080,43140,438.19,1959.9,123.7,18482.9199
43140,43200,438.25,1960.5,127.0,18446.9336
43200,43260,438.19,1960.7,128.9,18437.3555
43260,43320,438.27,1960.4,125.7,18384.4473
43320,43380,437.48,1958.7,123.5,18284.5762
43380,43440,437.32,1958.6,121.6,18237.8047
43440,43500,437.27,1958.7,121.4,18257.4727
43500,43560,436.94,1957.0,120.3,18240.1660
43560,43620,436.05,1956.6,117.5,18190.2500
43620,43680,436.09,1956.6,118.0,18265.2383
43680,43740,435.73,1957.3,114.9,18282.4316
43740,43800,435.55,1958.0,116.2,18351.3223
43800,43860,435.18,1958.9,117.7,18382.5801
43860,43920,435.45,1959.9,117.6,18463.1797
43920,43980,434.67,1960.5,118.6,18483.9316
43980,44040,435.86,1962.3,118.8,18518.6973
44040,44100,435.80,1964.3,121.7,18656.1426
44100,44160,435.43,1965.8,129.8,18757.8613
44160,44220,435.16,1968.0,124.8,18869.9746
44220,44280,435.31,1969.6,124.5,18988.2129
44280,44340,436.33,1970.3,128.1,19005.6016
44340,44400,434.94,1970.2,120.8,19054.9902
44400,44460,435.22,1971.0,122.3,19111.4688
44460,44520,435.44,1972.1,122.2,19131.3301
44520,44580,434.56,1969.2,118.3,19067.2578
44580,44640,433.79,1967.7,112.3,19033.3926
44640,44700,434.41,1968.3,115.2,19057.6230
44700,44760,434.20,1967.7,116.3,19014.0332
44760,44820,434.04,1967.1,117.5,18981.5586
44820,44880,434.69,1967.4,121.6,18992.2910
44880,44940,434.81,1967.4,120.8,19000.8691
44940,45000,435.45,1967.1,120.8,19050.6621
45000,45060,435.26,1966.7,120.2,18997.0371
45060,45120,434.99,1964.5,119.4,18983.9922
45120,45180,434.90,1964.4,118.9,18984.1484
45180,45240,435.24,1965.2,119.5,19026.3184
45240,45300,435.61,1965.0,121.5,19041.7266
45300,45360,434.75,1961.5,121.6,18939.4512
