CampaignData_and_Merges/R0/CSL_MobileLab_Parked/raw/20240813/USOS-Picarro-CO2-CH4-CO-H2O_MobileLabGround_20240813_R0.ict
38, 1001
Ilana Pollack, Nell Schafer, and Jeff Peischl
NOAA Chemical Sciences Laboratory
Picarro 2401-m CO2/CH4/CO/H2O Analyzer
USOS
1, 1
2024, 08, 13, 2024, 11, 20
0
StartTime_UTC, seconds_past_midnight, seconds past midnight
5
1, 1, 1, 1, 1
-9999, -9999, -9999, -9999, -9999
StopTime_UTC, seconds_past_midnight, seconds past midnight
CO2_ppm_1min, ppm, Gas_CO2_InSitu_S_DMF, carbon dioxide mixing ratio
CH4_ppb_1min, ppb, Gas_CH4_InSitu_S_DMF, methane mixing ratio
CO_ppb_1min, ppb, Gas_CO_InSitu_S_DMF, carbon monoxide mixing ratio
H2O_ppmv_1min, ppmv, Met_H2OMRV_InSitu_S_AVMR, water vapor mixing ratio
1
SPECIAL COMMENTS: N/A
18
PI_CONTACT_INFO: Address: NOAA Chemical Sciences Laboratory, Mail Stop CSL7, 325 Broadway, Boulder, CO 80305; Email: Ilana.Pollack@noaa.gov
PLATFORM: NOAA CSL Mobile Laboratory
LOCATION: The mobile lab was stationed in Salt Lake City, Utah.
ASSOCIATED_DATA: N/A
INSTRUMENT_INFO: CO2, CH4, and CO are reported as dry air mole fractions using a commercial wavelength-scanned cavity ring-down analyzer (Picarro 2401-m). An in-field calibration gas standard of 432±0.07 ppm CO2, 2095±1 ppb CH4, and 183±1 ppb CO, calibrated in the Boulder laboratories before and after the field project using primary CO2, CH4, and CO standard tanks tied to the WMO standard (X2019, X2004A, and X2014A, respectively) from the Global Monitoring Laboratory (GML), was delivered to the inlet every 2-3 days to evaluate instrument sensitivity. A H2O measurement was calibrated before the project with a Dew Point Mirror 373 hygrometer. The water correction calculated from these calibrations was applied to the H2O measurement for the entire campaign. Species are measured at 0.5 Hz and reported as 1-minute averages for stationary measurements.
DATA_INFO: Units: CO2, ppm, dry air mole fraction; CH4, ppb, dry air mole fraction; CO, ppb, dry air mole fraction; H2O, ppmv
UNCERTAINTY: Total uncertainties are estimated as ±0.1 ppm for CO2, ±1 ppb for CH4, ±5 ppb for CO, and ±(50 ppm + 4%) for H2O.
ULOD_FLAG: -7777
ULOD_VALUE: N/A
LLOD_FLAG: -8888
LLOD_VALUE: N/A
DM_CONTACT_INFO: Data Manager: Nathan Howard; nathan.h.howard@noaa.gov
PROJECT_INFO: USOS Dates of Study: July – August 2024
STIPULATIONS_ON_USE: Use of these data require prior ok from PI.
OTHER_COMMENTS: Data are averaged to 1 minute intervals. Stationary data collected from a 10 ft tower on top of the mobile van.
REVISION: R0
R0: Final Data
StartTime_UTC, StopTime_UTC, CO2_ppm_1min, CH4_ppb_1min, CO_ppb_1min, H2O_ppmv_1min
[from data line 1129]
67740,67800,427.70,1940.2,128.5,16311.4590
67800,67860,426.70,1939.4,117.7,16293.1572
67860,67920,426.98,1940.1,117.8,16291.0811
67920,67980,426.60,1939.5,117.2,16266.9365
67980,68040,426.22,1938.6,114.2,16144.0898
68040,68100,427.00,1939.4,119.1,16360.3330
68100,68160,426.52,1939.9,119.9,16432.7129
68160,68220,427.91,1940.0,125.4,16329.8965
68220,68280,427.01,1939.4,118.3,16264.8027
68280,68340,426.43,1939.5,116.8,16308.1025
68340,68400,427.22,1939.8,120.7,16070.0957
68400,68460,427.96,1940.8,120.6,16411.6641
68460,68520,430.81,1943.5,138.3,16631.6816
68520,68580,427.81,1940.8,126.7,16515.1016
68580,68640,427.95,1940.6,124.5,16556.6934
68640,68700,427.14,1940.5,121.5,16557.6445
68700,68760,427.56,1941.2,127.1,16633.5781
68760,68820,427.73,1941.3,129.4,16689.4160
68820,68880,427.98,1941.7,128.4,16620.9277
68880,68940,427.56,1941.8,131.3,16659.5469
68940,69000,427.01,1940.4,122.0,16354.0127
69000,69060,428.31,1941.3,130.9,16491.9766
69060,69120,428.24,1941.9,136.5,16626.1094
69120,69180,428.87,1942.8,152.7,16804.7305
69180,69240,428.91,1943.6,148.1,17240.5430
69240,69300,427.68,1942.1,130.9,16833.4609
69300,69360,427.76,1942.0,126.9,16722.2285
69360,69420,427.83,1941.4,126.0,16326.9229
69420,69480,428.88,1941.3,132.8,16282.2158
69480,69540,427.40,1942.0,126.4,16639.7402
69540,69600,427.16,1941.2,121.6,16302.2227
69600,69660,427.61,1940.8,125.8,16304.0986
69660,69720,429.01,1941.2,145.4,16736.3223
69720,69780,427.16,1940.5,119.2,16330.9824
69780,69840,427.23,1940.7,119.8,16324.8896
69840,69900,427.39,1941.8,122.9,16353.7637
69900,69960,428.17,1942.7,137.0,16532.9121
69960,70020,430.27,1942.5,141.9,16411.4941
70020,70080,426.76,1941.2,120.2,16238.7568
70080,70140,426.91,1940.7,119.6,16052.3320
70140,70200,427.28,1941.0,125.8,16280.2559
70200,70260,428.19,1941.9,147.7,16205.5127
70260,70320,432.93,1945.1,290.5,16298.1797
70320,70380,427.09,1941.1,125.7,16038.3340
70380,70440,430.77,1944.8,150.9,16422.3965
70440,70500,430.55,1944.6,206.3,16332.9883
70500,70560,428.41,1943.0,142.6,16382.4121
70560,70620,429.21,1945.4,135.2,16434.9199
70620,70680,430.94,1944.7,146.2,16369.7969
70680,70740,429.12,1945.7,137.3,16218.5029
70740,70800,428.98,1943.1,138.2,16351.7178
70800,70860,428.18,1941.9,130.6,16220.8418
70860,70920,428.50,1943.0,132.9,16407.0039
70920,70980,429.53,1945.1,154.5,16491.3652
70980,71040,428.04,1943.0,139.7,16310.4238
71040,71100,428.57,1943.4,139.3,16559.3613
71100,71160,426.66,1942.2,125.8,16271.3877
71160,71220,427.95,1943.0,133.0,16463.4707
71220,71280,428.17,1943.1,130.1,16282.2979
71280,71340,428.65,1943.9,134.2,16255.6367
71340,71400,429.52,1944.4,146.6,16696.5957
71400,71460,429.24,1944.4,139.4,16482.9492
71460,71520,427.67,1943.5,132.4,16401.6875
71520,71580,426.92,1942.3,122.2,15871.2402
71580,71640,426.81,1942.1,122.4,15773.5273
71640,71700,426.84,1942.7,124.2,15933.3252
71700,71760,427.35,1943.5,153.6,16203.7627
71760,71820,427.34,1943.5,137.1,16372.2910
71820,71880,428.30,1944.0,143.2,16299.7246
71880,71940,428.62,1943.9,145.0,16439.8945
71940,72000,428.52,1943.6,142.2,16849.0273
72000,72060,428.17,1943.9,138.8,16365.5908
72060,72120,427.07,1943.4,128.5,16070.5547
72120,72180,427.06,1943.2,129.0,16025.6855
72180,72240,427.38,1943.6,130.9,16204.1455
72240,72300,426.82,1943.4,124.5,16139.4844
72300,72360,426.90,1943.2,123.8,15945.2305
72360,72420,426.46,1942.7,120.9,15785.6475
72420,72480,426.34,1942.3,119.3,15717.5410
72480,72540,426.81,1942.6,119.3,15813.7754
72540,72600,426.58,1943.9,124.5,15937.1035
72600,72660,426.51,1943.2,121.9,16009.4170
72660,72720,426.95,1943.6,125.3,16115.2783
72720,72780,426.77,1943.5,127.7,16111.9238
72780,72840,426.50,1942.8,124.0,15874.1211
72840,72900,426.78,1943.4,127.8,15966.9805
72900,72960,428.78,1944.3,147.5,16184.2725
72960,73020,426.85,1943.6,127.6,15932.4443
73020,73080,426.66,1943.6,124.7,15967.7080
73080,73140,426.39,1943.3,123.3,15972.3584
73140,73200,426.54,1943.4,123.2,15954.5713
73200,73260,426.60,1943.3,122.3,15978.8936
73260,73320,427.31,1942.6,123.0,15878.2666
73320,73380,426.31,1942.5,117.8,15746.6943
73380,73440,426.79,1942.4,121.7,15665.9023
73440,73500,426.52,1942.5,121.1,15645.2334
73500,73560,426.59,1942.8,119.9,15680.0244
73560,73620,426.59,1942.9,121.7,15584.1221
73620,73680,426.67,1943.0,121.6,15619.3818
73680,73740,426.36,1943.1,121.2,15714.1357
73740,73800,426.39,1942.8,119.2,15487.6377
73800,73860,426.42,1943.0,121.7,15608.6934
73860,73920,426.99,1943.6,132.6,15804.3271
73920,73980,428.16,1943.9,129.6,15912.3135
73980,74040,427.41,1943.7,124.4,15832.2891
74040,74100,426.95,1943.4,124.8,15851.4277
74100,74160,427.17,1943.4,127.4,15710.3447
74160,74220,427.86,1943.6,123.9,15740.7227
74220,74280,427.57,1944.1,129.4,15883.1582
74280,74340,428.73,1943.6,129.5,15826.5723
74340,74400,429.12,1944.8,149.8,16291.3662
74400,74460,429.93,1944.9,145.5,16351.4053
74460,74520,428.33,1945.2,135.3,16371.2783
74520,74580,427.16,1943.6,126.8,15951.3584
74580,74640,426.66,1943.2,119.6,15695.7568
74640,74700,426.83,1943.4,124.0,15729.9336
74700,74760,426.80,1943.2,119.5,15658.7939
74760,74820,427.91,1944.0,123.0,15936.9863
74820,74880,427.05,1944.1,124.7,15822.8672
74880,74940,426.88,1943.6,133.6,15728.5049
74940,75000,426.72,1943.7,127.6,15807.4678
75000,75060,426.91,1943.2,120.2,15717.9375
75060,75120,427.17,1943.9,121.5,15996.9004
75120,75180,426.68,1943.4,119.9,15756.9863
75180,75240,426.95,1943.4,122.6,15769.9941
75240,75300,427.10,1943.5,121.2,15824.8340
75300,75360,426.98,1943.0,120.8,15730.5645
75360,75420,427.21,1942.7,119.0,15667.6084
75420,75480,426.67,1943.3,119.6,15820.5576
75480,75540,426.30,1943.7,118.4,15750.5039
75540,75600,427.06,1944.8,122.5,15804.5889
75600,75660,427.09,1944.6,123.1,15930.1826
75660,75720,426.65,1943.9,124.1,15766.5439
75720,75780,426.70,1944.2,123.3,15770.6025
75780,75840,427.25,1944.7,129.0,15996.6836
75840,75900,428.08,1945.1,138.7,16342.3926
75900,75960,428.09,1945.4,136.5,16368.5166
75960,76020,429.12,1945.5,138.8,16344.5742
76020,76080,428.72,1946.0,139.2,16336.4131
76080,76140,426.95,1944.9,125.1,15841.4248
76140,76200,427.18,1945.6,129.7,16182.5361
76200,76260,427.21,1946.0,127.3,16066.0732
76260,76320,426.44,1944.7,120.3,15672.0947
76320,76380,426.92,1944.8,124.6,15749.2539
76380,76440,427.15,1944.8,136.8,15819.8486
76440,76500,426.69,1944.4,124.1,15819.5146
76500,76560,426.59,1945.0,124.0,15926.9883
76560,76620,427.31,1945.3,126.1,15880.4756
76620,76680,426.57,1944.7,128.9,15847.5801
76680,76740,426.99,1944.5,127.5,15807.3613
76740,76800,426.71,1945.0,124.8,15986.1279
76800,76860,426.76,1944.7,125.3,15862.8906
76860,76920,426.73,1944.6,128.9,15765.6240
76920,76980,426.68,1945.0,132.8,16081.1494
76980,77040,426.85,1945.1,127.1,16051.5762
77040,77100,427.02,1945.1,127.3,16021.0811
77100,77160,427.31,1945.8,135.7,16179.8359
77160,77220,426.96,1945.7,130.4,16090.6924
77220,77280,427.83,1946.1,150.1,16217.9756
77280,77340,429.68,1945.7,143.3,16376.0469
77340,77400,430.62,1945.2,150.6,16201.6582
77400,77460,429.92,1945.4,138.6,16276.3711
77460,77520,429.28,1945.9,139.7,16458.6387
77520,77580,429.57,1946.7,144.5,16665.0195
77580,77640,427.54,1945.3,127.6,16077.8613
77640,77700,427.76,1945.7,132.3,16183.3906
77700,77760,429.69,1946.5,153.0,16369.8311
77760,77820,427.47,1945.5,132.7,16010.0693
77820,77880,426.61,1945.1,122.1,15734.7363
77880,77940,426.86,1945.7,126.8,16078.8740
77940,78000,427.01,1945.4,124.4,15938.6240
78000,78060,426.95,1945.6,128.7,15976.6992
78060,78120,427.34,1945.8,134.9,16003.1221
78120,78180,430.04,1946.5,152.8,16102.8066
78180,78240,431.54,1947.1,160.4,16160.5449
78240,78300,429.30,1946.7,146.3,16094.6436
78300,78360,429.96,1947.4,146.4,16239.5996
78360,78420,427.27,1948.7,194.5,16161.7783
78420,78480,427.18,1946.2,159.2,16155.3662
78480,78540,427.35,1946.0,128.4,16036.6348
78540,78600,427.26,1946.1,130.5,16026.7051
78600,78660,427.67,1946.1,128.5,16088.6963
78660,78720,427.46,1945.0,123.2,15676.1270
78720,78780,427.48,1945.0,122.2,15602.0557
78780,78840,427.93,1945.5,123.2,15724.3398
78840,78900,427.88,1945.7,129.1,15772.6055
78900,78960,428.16,1945.9,138.5,15930.8516
78960,79020,428.52,1946.3,151.0,15898.5674
79020,79080,429.96,1946.4,157.3,16046.9063
79080,79140,428.34,1946.7,142.4,16107.4873
79140,79200,427.23,1946.0,128.4,15913.7305
79200,79260,429.08,1946.1,142.8,16043.2637
79260,79320,428.48,1945.4,137.7,15937.1865
79320,79380,428.54,1944.9,130.6,15802.6016
79380,79440,427.10,1944.8,126.1,15638.6953
79440,79500,427.07,1945.4,123.8,15793.6348
79500,79560,427.10,1945.2,125.8,15762.2773
79560,79620,427.16,1945.2,126.2,15863.0127
79620,79680,430.06,1945.7,145.8,16105.9160
79680,79740,431.01,1946.0,195.1,16175.6924
79740,79800,428.21,1945.3,133.7,15956.2598
79800,79860,428.35,1945.0,126.3,15796.7588
79860,79920,428.39,1944.7,123.9,15715.5303
79920,79980,427.66,1944.4,124.5,15614.4482
79980,80040,427.91,1944.8,124.7,15736.9951
80040,80100,427.26,1944.5,127.2,15610.4717
80100,80160,427.35,1944.8,130.6,15845.0410
80160,80220,427.02,1944.2,127.5,15545.3721
80220,80280,427.81,1944.5,132.5,15677.2803
80280,80340,428.18,1944.9,131.9,15846.1914
80340,80400,428.59,1945.0,140.9,15767.0410
80400,80460,427.78,1944.5,127.6,15648.9863
80460,80520,429.72,1945.2,148.6,15964.8379
80520,80580,428.63,1945.2,132.6,15733.8975
80580,80640,427.73,1944.2,126.1,15662.4990
80640,80700,427.91,1943.4,124.6,15522.9775
80700,80760,427.45,1943.1,125.7,15487.8584
80760,80820,427.45,1943.2,124.5,15277.2988
80820,80880,427.46,1943.1,125.5,15226.4336
80880,80940,427.24,1943.3,128.8,15283.0479
80940,81000,429.64,1944.5,193.0,15471.5977
81000,81060,428.86,1944.7,134.1,15512.6250
81060,81120,428.74,1945.0,138.2,15602.9639
81120,81180,429.48,1944.9,134.1,15656.3506
81180,81240,428.96,1944.5,135.7,15437.3398
81240,81300,428.18,1944.8,132.0,15662.2051
81300,81360,428.38,1944.8,133.9,15572.1670
81360,81420,427.66,1944.9,132.0,15665.1670
81420,81480,427.69,1944.8,133.8,15716.8232
81480,81540,427.41,1943.7,124.7,15398.3398
81540,81600,427.73,1943.2,124.9,15316.9707
81600,81660,427.30,1943.3,124.4,15353.0117
81660,81720,427.78,1943.2,126.0,15307.1387
81720,81780,428.44,1943.6,123.0,15387.8330
81780,81840,427.33,1942.4,118.1,14966.8867
81840,81900,428.09,1943.4,122.1,15311.7930
81900,81960,428.00,1943.8,124.0,15414.5146
81960,82020,428.22,1943.9,127.1,15525.8945
82020,82080,428.15,1943.7,126.0,15392.8652
82080,82140,427.78,1944.2,124.8,15384.6104
82140,82200,427.98,1943.8,122.6,15274.9180
82200,82260,428.68,1944.1,124.1,15361.9277
82260,82320,430.13,1945.1,131.6,15576.6201
82320,82380,428.56,1945.1,126.4,15486.9365
82380,82440,429.13,1945.2,127.6,15522.4561
82440,82500,428.26,1943.8,122.7,15214.7773
82500,82560,428.09,1944.1,132.5,15336.9521
82560,82620,428.75,1943.8,130.6,15173.1865
82620,82680,430.92,1945.0,138.0,15426.0615
82680,82740,429.59,1944.5,129.5,15278.6318
82740,82800,429.91,1945.0,134.8,15414.2188
82800,82860,429.71,1946.0,130.0,15438.4248
82860,82920,431.16,1947.0,137.8,15637.5762
82920,82980,430.20,1947.3,142.4,15576.7920
82980,83040,430.01,1947.0,137.0,15484.6240
83040,83100,428.34,1944.9,124.9,15306.5273
83100,83160,431.46,1946.9,141.7,15577.9912
83160,83220,430.40,1946.7,137.1,15651.5762
83220,83280,429.63,1946.4,136.2,15439.2207
83280,83340,429.39,1946.0,131.3,15538.8623
83340,83400,430.13,1946.1,137.5,15490.4756
83400,83460,429.97,1946.2,145.7,15502.0967
83460,83520,430.12,1945.7,137.3,15474.1641
83520,83580,428.80,1944.2,125.4,15262.9561
83580,83640,429.64,1944.4,139.7,15294.5264
83640,83700,429.64,1946.0,138.3,15524.3633
83700,83760,430.38,1948.1,154.1,15739.2822
83760,83820,430.63,1947.4,157.1,15651.2354
83820,83880,430.36,1948.1,139.9,15580.1689
83880,83940,428.55,1951.1,127.0,14626.8242
83940,84000,427.97,1951.0,121.9,14176.6719
84000,84060,427.49,1950.9,123.1,13835.8594
84060,84120,428.05,1951.9,124.9,13814.2207
84120,84180,427.58,1951.6,121.7,13709.7119
84180,84240,428.04,1952.5,124.8,13987.5684
84240,84300,428.14,1953.0,121.2,14809.2178
84300,84360,428.37,1952.8,120.4,15603.0166
84360,84420,430.04,1955.9,118.5,16712.2480
84420,84480,430.62,1957.3,114.2,16918.2422
84480,84540,429.01,1953.8,111.9,16161.3994
84540,84600,428.78,1953.7,113.1,15874.1738
84600,84660,428.27,1954.6,116.9,15519.6826
84660,84720,428.78,1954.2,115.2,15839.8154
84720,84780,428.51,1955.3,110.6,16130.8311
84780,84840,428.94,1958.3,113.7,16232.9580
84840,84900,429.36,1959.6,114.2,16301.4111
84900,84960,429.30,1960.3,113.1,16229.4561
84960,85020,430.71,1961.1,120.3,15933.0469
85020,85080,429.98,1961.6,120.7,15608.3955
85080,85140,429.31,1961.0,121.3,14884.7275
85140,85200,429.15,1960.7,120.9,14608.6406
85200,85260,429.15,1960.2,128.0,14426.2236
85260,85320,429.63,1960.4,140.7,14508.4170
85320,85380,430.92,1961.3,156.4,14942.0801
85380,85440,431.39,1961.6,138.9,15508.6299
85440,85500,430.89,1962.0,127.2,16352.2529
85500,85560,429.17,1961.2,120.6,16044.0576
85560,85620,428.43,1958.9,118.1,15711.7021
85620,85680,428.92,1958.3,118.0,15977.6768
85680,85740,430.90,1959.6,126.0,16626.2813
85740,85800,433.10,1960.0,136.8,17180.5078
85800,85860,431.24,1959.4,133.9,17163.1016
85860,85920,430.16,1959.4,143.6,17013.1211
85920,85980,430.72,1958.9,129.3,17421.2129
85980,86040,432.40,1959.5,131.3,17812.3945
86040,86100,430.64,1959.8,124.2,18084.8457
86100,86160,437.63,1960.7,139.8,19112.7324
86160,86220,433.02,1960.4,129.5,18581.8984
86220,86280,429.46,1958.0,120.2,18248.0762
86280,86340,429.02,1953.8,147.6,17278.6016
86340,86400,426.26,1952.1,108.4,16663.9082
