CampaignData_and_Merges/R0/CSL_MobileLab_Parked/raw/20240813/USOS-MetNav_MobileLabGround_20240813_R0.ict
44, 1001
Carrie Womack, Nate Howard, Mike Zucker
NOAA Chemical Sciences Laboratory
Mobile Lab MetNav Station
USOS
1, 1
2024, 08, 13, 2024, 12, 21
60
Time_Start, seconds_past_midnight, Seconds from midnight UTC
11
1, 1, 1, 1, 1, 1, 1, 1, 1, 1, 1
-9999, -9999, -9999, -9999, -9999, -9999, -9999, -9999, -9999, -9999, -9999
GPS_Alt_m, meters, Altitude from Differential GPS
GPS_Course_deg, degrees, Course from Differential GPS
GPS_GndSpd_m_s, m/s, Ground Speed from Differential GPS
GPS_Heading_deg, degrees, Heading from Differential GPS
GPS_Lat_deg, degrees, Latitude from Differential GPS
GPS_Lon_deg, degrees, Longitude from Differential GPS
AirTemp_C, Celsius, Air Temperature from Airmar
RelHumidity_pct, percent, Relative Humidity from Airmar
Pressure_mb, millibars, Pressure from Honeywell
WindDir_calc_deg, degrees, Wind Direction from Airmar corrected for van movement
WindSpd_calc_m_s, m/s, Wind Speed from Airmar corrected for van movement
1
SPECIAL COMMENTS:
18
PI_CONTACT_INFO: Address: 325 Broadway R/CSL7, Boulder, CO, 80305
PLATFORM: CSL Mobile Lab
LOCATION: Salt Lake City, UT
ASSOCIATED_DATA: N/A
INSTRUMENT_INFO: N/A
DATA_INFO: Units:
UNCERTAINTY: N/A
ULOD_FLAG: -7777
ULOD_VALUE: N/A
LLOD_FLAG: -8888
LLOD_VALUE: N/A
DM_CONTACT_INFO: Data Manager: Nate Howard
PROJECT_INFO: 
STIPULATIONS_ON_USE: Use of these data require prior ok from PI.
OTHER_COMMENTS: 
REVISION: R0
R0: Final data. Fixed bug in wind averaging code. RA: Preliminary Data. For in-field use only. 
Time_Start, GPS_Alt_m, GPS_Course_deg, GPS_GndSpd_m_s, GPS_Heading_deg, GPS_Lat_deg, GPS_Lon_deg, AirTemp_C, RelHumidity_pct, Pressure_mb, WindDir_calc_deg, WindSpd_calc_m_s
[from data line 418]
25080.0,1308.2,2.71,0.05,2.71,40.73433,-111.87210,21.3,49.0,876.2,209.55,1.4
25140.0,1308.3,2.17,0.05,2.17,40.73433,-111.87210,21.3,49.4,876.3,158.09,1.3
25200.0,1308.3,2.22,0.05,2.22,40.73433,-111.87210,21.4,49.4,876.3,166.23,0.9
25260.0,1308.4,2.99,0.05,2.99,40.73433,-111.87210,21.4,49.2,876.3,161.82,1.4
25320.0,1308.3,2.99,0.05,2.99,40.73433,-111.87210,21.4,49.2,876.3,178.03,2.3
25380.0,1308.3,2.42,0.05,2.42,40.73433,-111.87210,21.3,49.3,876.3,188.99,2.2
25440.0,1308.4,2.04,0.04,2.04,40.73433,-111.87210,21.2,50.0,876.3,137.28,2.9
25500.0,1308.4,2.39,0.04,2.39,40.73433,-111.87210,21.2,50.2,876.3,152.33,1.5
25560.0,1308.6,2.20,0.04,2.20,40.73433,-111.87210,21.2,51.2,876.4,133.83,1.7
25620.0,1308.7,1.30,0.05,1.30,40.73433,-111.87210,21.2,51.0,876.4,156.04,2.1
25680.0,1308.9,1.50,0.05,1.50,40.73433,-111.87210,21.0,50.8,876.4,133.76,2.6
25740.0,1308.9,1.41,0.05,1.41,40.73433,-111.87210,21.0,50.6,876.4,179.70,2.2
25800.0,1309.0,1.82,0.05,1.82,40.73433,-111.87210,21.0,50.7,876.4,178.62,2.7
25860.0,1309.0,1.75,0.04,1.75,40.73433,-111.87210,21.0,50.6,876.4,174.02,2.3
25920.0,1308.8,2.12,0.05,2.12,40.73433,-111.87210,21.0,50.9,876.4,143.30,3.0
25980.0,1308.8,1.99,0.06,1.99,40.73433,-111.87210,20.8,51.1,876.2,116.17,3.6
26040.0,1308.8,1.25,0.06,1.25,40.73433,-111.87210,20.8,51.1,876.2,145.53,3.1
26100.0,1308.9,1.30,0.05,1.30,40.73433,-111.87210,20.8,50.9,876.2,146.89,2.1
26160.0,1309.0,1.59,0.04,1.59,40.73433,-111.87210,20.6,51.6,876.1,129.42,4.1
26220.0,1309.1,1.60,0.06,1.60,40.73433,-111.87210,20.6,51.6,876.1,145.04,2.1
26280.0,1309.1,1.24,0.05,1.24,40.73433,-111.87210,20.5,51.6,876.2,140.02,4.1
26340.0,1309.2,1.17,0.05,1.17,40.73433,-111.87210,20.5,51.7,876.1,167.74,3.6
26400.0,1309.2,1.27,0.04,1.27,40.73433,-111.87210,20.5,51.6,876.1,180.01,4.4
26460.0,1309.3,1.43,0.04,1.43,40.73433,-111.87210,20.6,51.5,876.1,176.75,3.7
26520.0,1309.3,1.42,0.04,1.42,40.73433,-111.87210,20.5,51.6,876.1,152.11,4.0
26580.0,1309.4,1.62,0.05,1.62,40.73433,-111.87210,20.5,51.5,876.0,174.24,3.5
26640.0,1309.4,1.30,0.04,1.30,40.73433,-111.87210,20.5,51.5,875.9,158.38,3.6
26700.0,1309.3,1.38,0.05,1.38,40.73433,-111.87210,20.4,51.2,875.8,146.88,5.0
26760.0,1309.2,1.43,0.05,1.43,40.73433,-111.87210,20.4,51.1,875.8,142.26,2.6
26820.0,1309.1,1.90,0.04,1.90,40.73433,-111.87210,20.5,49.8,875.7,150.65,4.4
26880.0,1309.2,2.40,0.05,2.40,40.73433,-111.87210,20.4,50.1,875.5,128.45,4.2
26940.0,1309.3,2.02,0.05,2.02,40.73433,-111.87210,20.4,50.1,875.5,124.07,3.5
27000.0,1309.3,1.73,0.04,1.73,40.73433,-111.87210,20.4,49.4,875.4,113.05,2.8
27060.0,1309.3,2.26,0.04,2.26,40.73434,-111.87210,20.4,49.6,875.4,110.71,3.3
27120.0,1309.2,2.55,0.05,2.55,40.73434,-111.87210,20.3,49.5,875.4,114.66,3.5
27180.0,1309.1,3.02,0.04,3.02,40.73434,-111.87210,20.4,49.6,875.3,117.14,2.6
27240.0,1309.0,2.52,0.05,2.52,40.73434,-111.87210,20.3,49.9,875.4,123.73,4.1
27300.0,1309.0,2.49,0.05,2.49,40.73434,-111.87210,20.2,50.2,875.4,118.08,3.8
27360.0,1308.9,2.49,0.05,2.49,40.73434,-111.87210,20.2,49.9,875.4,121.42,3.5
27420.0,1309.0,2.42,0.05,2.42,40.73434,-111.87210,20.3,50.0,875.5,125.90,2.2
27480.0,1309.1,2.26,0.05,2.26,40.73434,-111.87210,20.3,50.2,875.5,119.99,1.6
27540.0,1309.1,2.42,0.05,2.42,40.73434,-111.87210,20.3,50.2,875.6,79.65,0.5
27600.0,1309.0,2.47,0.05,2.47,40.73434,-111.87210,20.4,50.2,875.5,134.47,0.1
27660.0,1308.9,2.34,0.05,2.34,40.73434,-111.87210,20.4,50.2,875.5,106.05,0.8
27720.0,1308.8,2.57,0.05,2.57,40.73434,-111.87210,20.5,50.0,875.5,129.35,0.5
27780.0,1308.7,2.97,0.04,2.97,40.73434,-111.87210,20.5,49.8,875.5,54.08,0.5
27840.0,1308.7,2.81,0.04,2.81,40.73434,-111.87210,20.4,49.6,875.5,97.00,1.1
27900.0,1308.7,2.93,0.04,2.93,40.73434,-111.87210,20.5,47.7,875.5,122.73,1.8
27960.0,1308.9,2.98,0.04,2.98,40.73434,-111.87210,20.5,47.2,875.5,122.21,1.0
28020.0,1309.0,2.24,0.04,2.24,40.73434,-111.87210,20.7,46.7,875.6,142.59,0.8
28080.0,1309.0,2.40,0.04,2.40,40.73434,-111.87210,20.8,46.2,875.6,203.49,0.9
28140.0,1308.9,1.85,0.05,1.85,40.73434,-111.87210,20.9,45.7,875.7,160.27,1.2
28200.0,1308.9,2.07,0.04,2.07,40.73434,-111.87210,21.1,46.4,875.7,144.63,0.5
28260.0,1308.9,2.10,0.04,2.10,40.73434,-111.87210,21.3,46.4,875.8,209.20,0.1
28320.0,1309.0,2.31,0.05,2.31,40.73434,-111.87210,21.4,46.7,875.8,178.70,0.3
28380.0,1308.9,1.76,0.04,1.76,40.73434,-111.87210,21.4,46.6,875.8,301.46,0.4
28440.0,1308.9,1.88,0.04,1.88,40.73434,-111.87210,21.4,46.7,875.9,301.75,0.7
28500.0,1308.9,1.51,0.05,1.51,40.73434,-111.87210,21.4,46.8,876.0,306.05,0.2
28560.0,1309.1,1.39,0.05,1.39,40.73434,-111.87210,21.5,47.1,876.1,49.65,0.2
28620.0,1309.1,1.40,0.05,1.40,40.73434,-111.87210,21.6,47.0,876.1,321.26,0.1
28680.0,1309.2,1.32,0.05,1.32,40.73434,-111.87210,21.4,46.8,876.1,316.96,0.4
28740.0,1309.2,1.87,0.05,1.87,40.73434,-111.87210,21.3,47.1,876.1,263.33,1.7
28800.0,1309.2,1.75,0.04,1.75,40.73434,-111.87210,21.2,48.2,876.2,229.93,2.9
28860.0,1309.3,0.99,0.05,0.99,40.73434,-111.87210,21.2,49.2,876.1,230.64,2.2
28920.0,1309.3,0.70,0.05,0.70,40.73434,-111.87210,21.1,49.5,876.1,194.32,2.3
28980.0,1309.3,0.81,0.05,0.81,40.73434,-111.87210,21.0,50.2,876.1,168.06,2.8
29040.0,1309.4,0.90,0.05,0.90,40.73434,-111.87210,20.8,50.3,876.1,190.13,3.6
29100.0,1309.6,1.06,0.05,1.06,40.73434,-111.87210,20.9,50.3,876.1,181.51,2.0
29160.0,1309.5,1.76,0.04,1.76,40.73434,-111.87210,20.7,51.3,876.1,142.72,2.1
29220.0,1309.7,1.87,0.05,1.87,40.73434,-111.87210,20.9,51.2,876.1,182.76,1.8
29280.0,1309.8,1.12,0.06,1.12,40.73433,-111.87210,20.8,51.5,876.2,194.39,1.4
29340.0,1309.7,1.22,0.04,1.22,40.73434,-111.87210,20.8,51.9,876.2,186.69,1.3
29400.0,1309.7,1.53,0.04,1.53,40.73434,-111.87210,20.7,52.2,876.3,165.64,1.9
29460.0,1309.8,1.44,0.05,1.44,40.73434,-111.87210,20.7,52.1,876.4,189.82,3.6
29520.0,1309.8,0.89,0.05,0.89,40.73434,-111.87210,20.6,52.4,876.4,149.95,2.8
29580.0,1309.9,1.71,0.05,1.71,40.73434,-111.87210,20.3,53.0,876.4,175.44,4.8
29640.0,1309.9,2.21,0.05,2.21,40.73434,-111.87210,20.3,53.6,876.3,202.29,3.0
29700.0,1309.8,1.52,0.05,1.52,40.73434,-111.87210,20.3,53.8,876.2,145.33,2.6
29760.0,1309.9,1.91,0.04,1.91,40.73434,-111.87210,20.1,54.0,876.1,133.64,2.5
29820.0,1309.8,2.32,0.05,2.32,40.73434,-111.87211,20.0,54.4,876.2,152.44,3.4
29880.0,1309.7,2.26,0.05,2.26,40.73434,-111.87211,20.0,54.0,876.2,187.60,1.4
29940.0,1309.7,2.43,0.05,2.43,40.73434,-111.87210,20.0,54.1,876.2,137.52,2.7
30000.0,1309.8,2.72,0.06,2.72,40.73434,-111.87211,19.9,53.8,876.2,120.71,1.9
30060.0,1309.6,2.51,0.05,2.51,40.73434,-111.87210,19.9,54.0,876.3,131.51,2.0
30120.0,1309.6,2.86,0.05,2.86,40.73434,-111.87211,19.9,54.1,876.4,122.61,1.8
30180.0,1309.9,2.14,0.05,2.14,40.73434,-111.87211,19.8,53.9,876.4,125.41,1.7
30240.0,1310.2,2.29,0.05,2.29,40.73434,-111.87211,19.8,53.7,876.3,130.46,0.8
30300.0,1310.4,2.54,0.05,2.54,40.73434,-111.87211,19.7,53.5,876.3,110.88,2.3
30360.0,1310.8,2.87,0.05,2.87,40.73434,-111.87211,19.6,53.0,876.3,137.38,4.1
30420.0,1310.7,2.76,0.05,2.76,40.73434,-111.87211,19.6,53.1,876.3,138.26,3.2
30480.0,1310.5,3.06,0.05,3.06,40.73434,-111.87211,19.6,53.1,876.2,115.30,2.1
30540.0,1310.3,2.86,0.05,2.86,40.73434,-111.87211,19.6,52.8,876.3,114.66,1.2
30600.0,1310.2,2.65,0.05,2.65,40.73434,-111.87211,19.6,52.8,876.3,89.76,1.5
30660.0,1310.1,2.23,0.05,2.23,40.73434,-111.87211,19.6,52.8,876.3,112.01,1.6
30720.0,1310.0,2.66,0.04,2.66,40.73434,-111.87211,19.6,52.5,876.3,127.70,1.6
30780.0,1310.0,2.35,0.05,2.35,40.73434,-111.87211,19.7,52.3,876.3,131.46,1.2
30840.0,1310.1,3.10,0.04,3.10,40.73434,-111.87211,19.6,52.1,876.3,139.59,2.6
30900.0,1309.9,3.31,0.04,3.31,40.73434,-111.87211,19.6,52.2,876.3,128.71,1.8
30960.0,1309.9,3.03,0.05,3.03,40.73434,-111.87211,19.7,52.2,876.2,142.80,1.7
31020.0,1309.8,2.55,0.05,2.55,40.73434,-111.87211,19.8,50.6,876.1,140.64,1.1
31080.0,1309.9,2.74,0.04,2.74,40.73434,-111.87211,19.8,50.6,876.2,172.67,1.6
31140.0,1309.8,2.97,0.04,2.97,40.73434,-111.87212,20.0,50.6,876.2,189.62,1.3
31200.0,1310.0,2.57,0.04,2.57,40.73434,-111.87211,20.1,50.3,876.2,183.20,1.5
31260.0,1309.9,2.28,0.05,2.28,40.73434,-111.87211,20.2,50.0,876.2,187.99,1.8
31320.0,1310.1,1.55,0.05,1.55,40.73434,-111.87211,20.2,49.8,876.2,186.63,1.1
31380.0,1310.0,1.55,0.05,1.55,40.73434,-111.87211,20.3,49.3,876.2,141.85,0.4
31440.0,1310.0,1.92,0.04,1.92,40.73434,-111.87211,20.4,49.4,876.3,166.94,1.1
31500.0,1309.9,1.36,0.05,1.36,40.73434,-111.87211,20.4,49.2,876.2,122.26,1.2
31560.0,1309.8,0.97,0.05,0.97,40.73434,-111.87211,20.4,48.8,876.2,134.67,3.0
31620.0,1309.6,1.56,0.04,1.56,40.73434,-111.87211,20.4,48.9,876.1,207.28,1.0
31680.0,1309.6,2.37,0.05,2.37,40.73434,-111.87211,20.4,48.9,876.1,193.16,1.9
31740.0,1309.5,2.76,0.05,2.76,40.73434,-111.87211,20.4,49.0,876.1,209.72,1.6
31800.0,1309.4,2.46,0.05,2.46,40.73434,-111.87211,20.5,49.2,876.1,161.41,1.6
31860.0,1309.5,2.19,0.05,2.19,40.73434,-111.87211,20.5,48.8,876.1,192.22,1.5
31920.0,1309.6,2.66,0.05,2.66,40.73434,-111.87211,20.4,48.9,876.1,178.01,2.3
31980.0,1309.5,2.65,0.05,2.65,40.73434,-111.87211,20.4,48.8,876.1,165.18,2.2
32040.0,1309.4,2.61,0.05,2.61,40.73434,-111.87211,20.5,48.5,876.2,185.24,3.3
32100.0,1308.9,2.11,0.05,2.11,40.73434,-111.87211,20.4,48.9,876.2,152.87,4.0
32160.0,1308.9,2.15,0.05,2.15,40.73434,-111.87211,20.3,48.8,876.1,170.46,3.3
32220.0,1309.0,2.30,0.05,2.30,40.73434,-111.87211,20.3,48.9,876.1,173.32,4.1
32280.0,1309.1,2.14,0.05,2.14,40.73434,-111.87211,20.3,49.3,876.1,188.22,2.7
32340.0,1309.3,1.98,0.05,1.98,40.73434,-111.87211,20.4,49.0,876.1,165.52,2.4
32400.0,1309.6,1.88,0.05,1.88,40.73434,-111.87211,20.3,49.0,876.2,177.82,3.5
32460.0,1310.0,2.38,0.05,2.38,40.73433,-111.87211,20.3,48.9,876.1,174.90,3.5
32520.0,1309.9,2.34,0.05,2.34,40.73433,-111.87211,20.3,49.1,876.2,176.14,3.0
32580.0,1309.9,2.37,0.05,2.37,40.73433,-111.87211,20.2,49.0,876.2,176.11,3.8
32640.0,1309.9,2.77,0.06,2.77,40.73433,-111.87210,20.1,49.3,876.2,166.02,3.6
32700.0,1309.9,1.88,0.06,1.88,40.73433,-111.87210,20.2,49.2,876.2,169.82,3.3
32760.0,1310.0,1.68,0.06,1.68,40.73433,-111.87211,20.1,49.3,876.2,174.69,3.4
32820.0,1310.1,1.69,0.04,1.69,40.73433,-111.87211,20.2,49.3,876.1,184.73,2.4
32880.0,1310.1,1.84,0.05,1.84,40.73433,-111.87211,20.1,49.1,876.2,171.23,4.1
32940.0,1310.3,1.55,0.05,1.55,40.73433,-111.87211,20.2,48.8,876.2,183.44,4.1
33000.0,1310.3,0.72,0.05,0.72,40.73433,-111.87211,20.1,48.9,876.2,163.65,3.5
33060.0,1310.4,0.91,0.05,0.91,40.73433,-111.87211,20.2,49.1,876.2,193.54,2.8
33120.0,1310.3,0.91,0.06,0.91,40.73433,-111.87211,20.0,49.7,876.3,180.12,4.5
33180.0,1310.4,0.87,0.06,0.87,40.73433,-111.87211,20.0,50.1,876.2,161.68,3.2
33240.0,1310.6,0.90,0.06,0.90,40.73433,-111.87211,20.1,50.3,876.2,180.10,2.8
33300.0,1310.5,1.00,0.06,1.00,40.73433,-111.87211,20.1,50.1,876.2,187.09,2.5
33360.0,1310.5,0.84,0.05,0.84,40.73433,-111.87211,20.0,50.2,876.2,166.09,3.0
33420.0,1310.6,1.52,0.06,1.52,40.73433,-111.87211,20.0,50.1,876.2,190.59,3.6
33480.0,1310.5,1.84,0.06,1.84,40.73433,-111.87211,20.1,50.3,876.2,189.95,2.6
33540.0,1310.4,1.81,0.05,1.81,40.73433,-111.87211,20.1,50.2,876.2,176.41,2.7
33600.0,1310.3,2.31,0.05,2.31,40.73433,-111.87211,20.1,50.3,876.1,161.16,3.8
33660.0,1309.8,2.30,0.05,2.30,40.73434,-111.87210,20.0,50.7,876.2,174.40,3.4
33720.0,1309.5,2.12,0.05,2.12,40.73434,-111.87210,19.9,51.3,876.2,170.12,4.3
33780.0,1309.6,2.29,0.05,2.29,40.73434,-111.87210,19.8,51.9,876.1,155.41,3.3
33840.0,1310.0,2.16,0.06,2.16,40.73433,-111.87210,19.7,52.2,876.1,185.15,3.2
33900.0,1310.0,2.05,0.06,2.05,40.73434,-111.87210,19.7,52.5,876.0,162.26,3.9
33960.0,1309.7,2.13,0.06,2.13,40.73434,-111.87210,19.7,52.6,876.0,161.29,3.1
34020.0,1310.4,1.76,0.06,1.76,40.73433,-111.87210,19.6,52.9,876.0,142.93,2.9
34080.0,1310.3,1.67,0.06,1.67,40.73433,-111.87210,19.5,53.3,876.0,131.18,2.9
34140.0,1309.8,1.74,0.05,1.74,40.73434,-111.87210,19.5,53.2,876.0,142.31,2.7
34200.0,1309.7,1.53,0.05,1.53,40.73434,-111.87210,19.5,53.0,876.0,150.43,3.0
34260.0,1309.5,1.49,0.05,1.49,40.73434,-111.87210,19.5,53.1,876.0,143.60,2.4
34320.0,1309.9,1.80,0.05,1.80,40.73434,-111.87210,19.5,52.9,876.0,152.50,2.2
34380.0,1310.4,1.82,0.05,1.82,40.73434,-111.87210,19.6,52.1,876.1,165.62,2.7
34440.0,1310.6,2.02,0.05,2.02,40.73434,-111.87210,19.5,51.8,876.1,147.22,3.7
34500.0,1311.0,2.31,0.05,2.31,40.73434,-111.87210,19.5,51.7,876.0,158.01,2.9
34560.0,1310.7,2.53,0.05,2.53,40.73434,-111.87210,19.6,51.4,876.1,154.49,3.4
34620.0,1310.5,2.17,0.05,2.17,40.73434,-111.87210,19.6,51.2,876.1,162.03,3.0
34680.0,1310.4,2.21,0.05,2.21,40.73434,-111.87210,19.6,50.9,876.1,164.05,3.1
34740.0,1310.4,1.62,0.05,1.62,40.73434,-111.87210,19.6,51.0,876.1,159.83,2.4
34800.0,1310.2,1.67,0.05,1.67,40.73434,-111.87210,19.7,50.9,876.1,181.05,3.0
34860.0,1310.1,1.45,0.05,1.45,40.73434,-111.87210,19.7,50.6,876.1,151.18,3.1
34920.0,1310.2,1.47,0.06,1.47,40.73434,-111.87210,19.7,50.9,876.1,143.26,1.9
34980.0,1310.4,1.43,0.06,1.43,40.73434,-111.87210,19.7,50.6,876.1,159.98,3.5
35040.0,1310.0,1.30,0.05,1.30,40.73434,-111.87210,19.7,50.8,876.1,147.46,2.9
35100.0,1310.0,1.10,0.05,1.10,40.73434,-111.87210,19.7,51.1,876.1,136.59,3.0
35160.0,1309.9,1.65,0.05,1.65,40.73434,-111.87210,19.6,51.6,876.1,142.03,2.3
35220.0,1309.9,2.42,0.04,2.42,40.73434,-111.87210,19.6,51.8,876.2,156.64,3.5
35280.0,1309.8,2.31,0.04,2.31,40.73434,-111.87210,19.6,52.2,876.2,155.78,4.7
35340.0,1309.8,2.30,0.04,2.30,40.73434,-111.87210,19.5,52.8,876.2,164.16,4.5
35400.0,1310.3,2.68,0.04,2.68,40.73434,-111.87210,19.5,53.1,876.2,150.58,2.8
35460.0,1310.2,2.38,0.04,2.38,40.73434,-111.87210,19.6,53.3,876.2,166.66,3.1
35520.0,1310.2,2.05,0.05,2.05,40.73434,-111.87210,19.6,53.4,876.2,158.62,2.4
35580.0,1310.4,1.90,0.05,1.90,40.73434,-111.87210,19.6,53.6,876.2,159.18,1.6
35640.0,1310.3,2.33,0.05,2.33,40.73434,-111.87210,19.6,54.1,876.1,144.24,2.7
35700.0,1310.3,2.25,0.04,2.25,40.73434,-111.87210,19.4,54.4,876.1,132.51,3.4
35760.0,1310.3,1.76,0.05,1.76,40.73434,-111.87210,19.4,54.6,876.1,137.25,2.6
35820.0,1310.4,1.66,0.05,1.66,40.73434,-111.87210,19.4,54.8,876.0,145.18,2.8
35880.0,1310.4,1.31,0.05,1.31,40.73434,-111.87210,19.4,55.0,876.0,141.78,2.0
35940.0,1310.4,0.68,0.04,0.68,40.73434,-111.87210,19.2,55.7,876.0,125.75,4.0
36000.0,1310.5,0.55,0.05,0.55,40.73434,-111.87210,19.2,56.5,875.9,132.32,3.9
36060.0,1310.6,0.92,0.04,0.92,40.73434,-111.87210,19.1,57.2,875.9,132.82,3.6
36120.0,1310.6,1.03,0.04,1.03,40.73434,-111.87210,19.1,57.7,875.8,141.87,3.5
36180.0,1310.6,1.40,0.05,1.40,40.73434,-111.87210,19.0,57.7,875.8,139.46,3.4
36240.0,1310.6,1.47,0.05,1.47,40.73434,-111.87210,18.9,57.9,875.7,126.27,3.4
36300.0,1310.6,1.21,0.04,1.21,40.73434,-111.87210,18.9,58.1,875.7,121.18,2.8
36360.0,1310.7,1.13,0.05,1.13,40.73434,-111.87210,18.9,58.0,875.6,121.62,3.0
36420.0,1310.8,1.59,0.05,1.59,40.73434,-111.87210,18.9,58.0,875.5,121.96,2.3
36480.0,1310.3,1.26,0.05,1.26,40.73434,-111.87210,18.9,58.3,875.4,124.88,3.2
36540.0,1310.2,1.05,0.05,1.05,40.73434,-111.87210,18.8,58.5,875.4,116.13,2.8
36600.0,1310.4,0.90,0.05,0.90,40.73434,-111.87210,18.8,58.8,875.3,115.16,3.5
36660.0,1310.5,1.31,0.05,1.31,40.73434,-111.87210,18.8,58.7,875.2,120.65,2.6
36720.0,1310.5,1.55,0.05,1.55,40.73434,-111.87210,18.7,58.9,875.2,120.29,3.3
36780.0,1310.3,1.96,0.05,1.96,40.73434,-111.87210,18.7,59.0,875.1,120.56,3.4
36840.0,1310.2,1.97,0.05,1.97,40.73434,-111.87210,18.6,59.1,875.1,117.05,3.1
36900.0,1310.4,1.63,0.05,1.63,40.73434,-111.87210,18.7,59.1,875.1,158.36,2.1
36960.0,1310.4,1.21,0.05,1.21,40.73434,-111.87210,18.8,59.1,875.1,152.95,2.2
37020.0,1310.5,1.18,0.05,1.18,40.73434,-111.87210,18.9,59.2,875.2,174.08,2.2
37080.0,1310.4,1.80,0.04,1.80,40.73434,-111.87210,18.9,59.1,875.3,188.64,1.8
37140.0,1310.4,1.80,0.04,1.80,40.73434,-111.87210,19.0,58.8,875.3,197.00,1.5
37200.0,1310.3,1.71,0.06,1.71,40.73434,-111.87210,19.1,58.7,875.4,190.22,1.7
37260.0,1310.1,1.94,0.06,1.94,40.73434,-111.87210,19.0,58.9,875.4,173.05,2.5
37320.0,1310.1,2.22,0.05,2.22,40.73434,-111.87210,19.1,59.1,875.3,154.43,2.0
37380.0,1310.1,2.06,0.05,2.06,40.73434,-111.87210,19.1,59.1,875.3,160.46,2.1
37440.0,1310.2,2.75,0.05,2.75,40.73434,-111.87210,19.1,59.1,875.2,150.61,2.3
