CampaignData_and_Merges/R0/CSL_MobileLab_Parked/raw/20240813/USOS-PTR_MobileLabGround_20240813_RA.ict
58, 1001
Matthew Coggon, Kelvin Bates, Chelsea Stockwell, Carsten Warneke
NOAA ESRL Chemical Sciences Division
NOAA PTR-ToF-MS
USOS
1,1 
2024, 08, 13, 2024, 08, 14
0
Time_Start, seconds, number of seconds from 00:00 UTC 
22
1, 1, 1, 1, 1, 1, 1, 1, 1, 1, 1, 1, 1, 1, 1, 1, 1, 1, 1, 1, 1, 1
-9999, -9999, -9999, -9999, -9999, -9999, -9999, -9999, -9999, -9999, -9999, -9999, -9999, -9999, -9999, -9999, -9999, -9999, -9999, -9999, -9999, -9999
CH3OH_NOAAPTR_ppbv,  ppbv, Gas_CH3OH_InSitu_S_AVMR, (CH3OH) methanol
CH3CN_NOAAPTR_ppbv,  ppbv, Gas_CH3CN_InSitu_S_AVMR, (CH3CN) acetonitrile
CH3CHO_NOAAPTR_ppbv,  ppbv, Gas_CH3CHO_InSitu_S_AVMR, (CH3CHO) acetaldehyde plus contributions from ethylene glycol and ethylene oxide. Interference from ethanol has been subtracted out.
C2H5OH_NOAAPTR_ppbv,  ppbv, Gas_C2H5OH_InSitu_S_AVMR, (C2H5OH) ethanol
CH3SH_NOAAPTR_ppbv,  ppbv, Gas_CH3SH_InSitu_S_AVMR, (CH3SH) methanethiol, using calibration factor for DMS
Acrolein_NOAAPTR_ppbv,  ppbv, Gas_Acrolein_InSitu_S_AVMR, (C3H4O) acrolein
AcetonePropanal_NOAAPTR_ppbv,  ppbv, Gas_AcetoneAndPropanal_InSitu_S_AVMR, (C3H6O) sum of acetone (dominant isomer) and propanal, using calibration factor for acetone
DMS_NOAAPTR_ppbv,  ppbv, Gas_DMS_InSitu_S_AVMR, (C2H6S) dimethyl sulfide with possible small contributions from ethanethiol
C5H8_NOAAPTR_ppbv,  ppbv, Gas_Isoprene_InSitu_S_AVMR, (C5H8) isoprene and possible fragments from cycloalkanes and aldehydes. Interferences have been subtracted following methods described by Coggon et al (2023)
MVKMAC_NOAAPTR_ppbv,  ppbv, Gas_MVKAndMAC_InSitu_S_AVMR, (C4H6O) sum of methyl vinyl ketone, methacrolein, and small amounts of crotonaldehyde, using weighted calibration factor for MVK (0.637) and MACR (0.363)
Benzene_NOAAPTR_ppbv,  ppbv, Gas_Benzene_InSitu_S_AVMR, (C6H6) benzene
Toluene_NOAAPTR_ppbv,  ppbv, Gas_Toluene_InSitu_S_AVMR, (C7H8) toluene with possible small contributions of fragments from ethyltoluene
Styrene_NOAAPTR_ppbv,  ppbv, Gas_Styrene_InSitu_S_AVMR, (C8H8) styrene
Benzaldehyde_NOAAPTR_ppbv,  ppbv, Gas_Benzaldehyde_InSitu_S_AVMR, (C7H6O) benzaldehyde
C8Aromatics_NOAAPTR_ppbv,  ppbv, Gas_C8Aromatics_InSitu_M_AVMR, (C8H10) sum of m-xylene, p-xylene, o-xylene, and ethyl benzene
C9Aromatics_NOAAPTR_ppbv,  ppbv, Gas_C9Aromatics_InSitu_M_AVMR, (C9H12) sum of C9 aromatics
Naphthalene_NOAAPTR_ppbv,  ppbv, Gas_Naphthalene_InSitu_S_AVMR, (C10H8) naphthalene
Octanal_NOAAPTR_ppbv,  ppbv, Gas_Octanal_InSitu_S_AVMR, (C8H16O) octanal and small amounts of octanone
Monoterpenes_NOAAPTR_ppbv,  ppbv, Gas_Monoterpenes_InSitu_M_AVMR, (C10H16) sum of monoterpenes and possible contributions from fragments of oxygenated monoterpenoids such as eucalyptol.
Nonanal_NOAAPTR_ppbv,  ppbv, Gas_Nonanal_InSitu_M_AVMR, (C9H18O) nonanal and small amounts of nonanone
C7H4ClF3_NOAAPTR_ppbv,  ppbv, Gas_C7H4ClF3_InSitu_S_AVMR, (C7H4ClF3) parachlorobenzotrifluoride
C10H30O5Si5_NOAAPTR_ppbv,  ppbv, Gas_C10H30O5Si5_InSitu_S_AVMR, (C10H30O5Si5) decamethylcyclopentasiloxane
1
SPECIAL COMMENTS:N/A
21
PI_CONTACT_INFO: NOAA ESRL Chemical Sciences Division, Tropospheric Chemistry Group. 325 Broadway, R/CSD7, Boulder, CO 80305
PLATFORM: Mobile Laboratory.
LOCATION: Salt Lake City, UT
ASSOCIATED_DATA: N/A
INSTRUMENT_INFO: NOAA PTR-ToF-MS measurements on NOAA CSL Mobile Lab
DATA_INFO: Units: ppbv
UNCERTAINTY: See OTHER_COMMENTS
ULOD_FLAG: -7777
ULOD_VALUE: N/A
LLOD_FLAG: -8888
LLOD_VALUE: N/A.
DM_CONTACT_INFO: Data Managers: Matt Coggon, Kelvin Bates, Chelsea Stockwell; email: matthew.m.coggon@noaa.gov and kelvin.bates@colorado.edu
PROJECT_INFO: USOS Deployment July-August, 2024
STIPULATIONS_ON_USE: Use of these data require prior OK from PI.
OTHER_COMMENTS: Uncertainties:
CH3OH_NOAAPTR_ppbv:30%; CH3CN_NOAAPTR_ppbv:30%; CH3CHO_NOAAPTR_ppbv:30%; C2H5OH_NOAAPTR_ppbv:30%; CH3SH_NOAAPTR_ppbv:50%; Acrolein_NOAAPTR_ppbv:30%; AcetonePropanal_NOAAPTR_ppbv:30%; DMS_NOAAPTR_ppbv:30%; C5H8_NOAAPTR_ppbv:30%; MVKMAC_NOAAPTR_ppbv:30%; 
Benzene_NOAAPTR_ppbv:30%; Toluene_NOAAPTR_ppbv:30%; Styrene_NOAAPTR_ppbv:30%; Benzaldehyde_NOAAPTR_ppbv:30%; C8Aromatics_NOAAPTR_ppbv:30%; C9Aromatics_NOAAPTR_ppbv:30%; Naphthalene_NOAAPTR_ppbv:30%; Octanal_NOAAPTR_ppbv:30%; Monoterpenes_NOAAPTR_ppbv:30%; Nonanal_NOAAPTR_ppbv:30%; 
C7H4ClF3_NOAAPTR_ppbv:30%; C10H30O5Si5_NOAAPTR_ppbv:30%; 
REVISION: RA
RA: Field Data
Time_Start, CH3OH_NOAAPTR_ppbv, CH3CN_NOAAPTR_ppbv, CH3CHO_NOAAPTR_ppbv, C2H5OH_NOAAPTR_ppbv, CH3SH_NOAAPTR_ppbv, Acrolein_NOAAPTR_ppbv, AcetonePropanal_NOAAPTR_ppbv, DMS_NOAAPTR_ppbv, C5H8_NOAAPTR_ppbv, MVKMAC_NOAAPTR_ppbv, Benzene_NOAAPTR_ppbv, Toluene_NOAAPTR_ppbv, Styrene_NOAAPTR_ppbv, Benzaldehyde_NOAAPTR_ppbv, C8Aromatics_NOAAPTR_ppbv, C9Aromatics_NOAAPTR_ppbv, Naphthalene_NOAAPTR_ppbv, Octanal_NOAAPTR_ppbv, Monoterpenes_NOAAPTR_ppbv, Nonanal_NOAAPTR_ppbv, C7H4ClF3_NOAAPTR_ppbv, C10H30O5Si5_NOAAPTR_ppbv
[from data line 1014]
60840.0, 6.96243, 0.17298, 0.93285, 2.48143, 0.00385, 0.09764, 2.57364, 0.01518, 0.17398, 0.22335, 0.06740, 0.17670, -0.00120, -9999.00000, 0.10236, 0.04336, -0.00216, 0.00957, 0.10625, 0.01966, 0.01140, 0.00277 
60900.0, 7.29194, 0.17241, 0.96145, 2.03499, 0.00366, 0.11917, 2.35120, 0.00735, 0.24850, 0.20725, 0.04067, 0.14824, -0.00719, -9999.00000, 0.07646, 0.03934, -0.00025, 0.01786, 0.09909, 0.02184, 0.00869, 0.00406 
60960.0, 7.88935, 0.15680, 0.91973, 2.07484, 0.00659, 0.14874, 4.71664, 0.01312, 0.14237, 0.23117, 0.01759, 0.15999, 0.00653, -9999.00000, 0.10326, 0.03529, -0.00162, 0.02282, 0.08439, 0.02947, 0.01269, 0.00542 
61020.0, 6.03183, 0.17890, 0.84368, 1.49025, 0.00278, 0.12219, 2.33104, 0.01290, 0.08736, 0.21833, 0.04004, 0.14346, 0.00571, -9999.00000, 0.07589, 0.02415, -0.00329, 0.01984, 0.07968, 0.02106, 0.00958, 0.00446 
61080.0, 9.09795, 0.18634, 1.32851, 2.48748, 0.01329, 0.17769, 3.38646, 0.00790, 0.26497, 0.21993, 0.27747, 0.35140, 0.02932, -9999.00000, 0.21546, 0.08656, -0.00410, 0.02798, 0.13458, 0.02152, 0.01812, 0.00667 
61140.0, 9.88730, 0.17402, 1.25088, 2.73634, 0.00933, 0.11552, 3.51656, 0.02049, 0.30601, 0.23828, 0.14037, 0.26320, -0.00721, -9999.00000, 0.15669, 0.07544, -0.00877, 0.01415, 0.12917, 0.01655, 0.01945, 0.00427 
61200.0, 7.21258, 0.16950, 1.03286, 1.88736, 0.00726, 0.12370, 2.61022, 0.01221, 0.16636, 0.22698, 0.06498, 0.22393, -0.00721, -9999.00000, 0.11419, 0.04393, -0.00819, 0.01535, 0.10491, 0.01891, 0.02091, 0.00105 
61260.0, 7.06030, 0.17033, 1.02543, 2.10055, 0.00401, 0.09490, 3.31682, 0.01583, 0.10148, 0.21997, 0.05135, 0.15892, 0.02095, -9999.00000, 0.09005, 0.03993, -0.00880, 0.01471, 0.07057, 0.00950, 0.02496, 0.00501 
61320.0, 6.23766, 0.15206, 0.88623, 1.75956, 0.00519, 0.10261, 2.28515, 0.00996, 0.10577, 0.23296, 0.04520, 0.15871, -0.00722, -9999.00000, 0.08828, 0.02895, 0.00074, 0.00917, 0.07282, 0.00779, 0.01522, 0.00102 
61380.0, 6.33925, 0.16478, 0.95981, 1.60348, 0.00344, 0.07192, 2.58317, 0.00969, 0.14422, 0.25184, 0.04953, 0.16275, 0.01063, -9999.00000, 0.07355, 0.03302, -0.00501, 0.00658, 0.07620, 0.02264, 0.01204, 0.00071 
61440.0, 5.50666, 0.15709, 0.87184, 1.65000, 0.00624, 0.10396, 2.36123, -0.00036, 0.14499, 0.23421, 0.06203, 0.15193, 0.00220, -9999.00000, 0.09221, 0.02928, -0.00510, 0.02219, 0.07252, 0.01711, 0.01144, 0.00110 
61500.0, 6.35016, 0.15854, 0.86709, 1.84766, 0.00345, 0.11597, 2.16838, 0.02170, 0.16354, 0.25646, 0.02607, 0.13295, 0.00968, -9999.00000, 0.08246, 0.02431, -0.00793, 0.02022, 0.06543, 0.00787, 0.01419, 0.00421 
61560.0, 5.34680, 0.16297, 0.82398, 1.55135, 0.00664, 0.13204, 2.16808, 0.00270, 0.11342, 0.24335, 0.04282, 0.11849, 0.01160, -9999.00000, 0.11704, 0.02873, -0.00189, 0.01017, 0.04905, 0.03115, 0.01228, 0.00480 
61620.0, 6.09547, 0.15968, 0.87722, 1.77471, 0.00406, 0.10810, 2.18576, 0.00626, 0.11705, 0.24310, 0.03474, 0.14639, 0.00514, -9999.00000, 0.09774, 0.02847, -0.00888, 0.02523, 0.04854, 0.02096, 0.00937, 0.00431 
61680.0, 6.03862, 0.15206, 0.79030, 1.43432, 0.00252, 0.12151, 2.12546, -0.00036, 0.11016, 0.24479, 0.01031, 0.11701, 0.00042, -9999.00000, 0.08410, 0.01127, 0.00001, 0.02476, 0.07285, 0.03299, 0.00779, 0.00176 
61740.0, 6.95061, 0.15774, 0.95554, 2.62925, 0.00476, 0.13855, 2.22989, 0.01577, 0.21669, 0.27230, 0.05994, 0.15102, 0.01710, -9999.00000, 0.09983, 0.03759, -0.00545, 0.02675, 0.10243, 0.01886, 0.00400, 0.00432 
61800.0, 7.51346, 0.16098, 1.02241, 2.34763, 0.00725, 0.15177, 2.30943, 0.02109, 0.30898, 0.28746, 0.02304, 0.15456, 0.00937, -9999.00000, 0.09090, 0.03030, -0.00892, 0.01620, 0.13533, 0.02578, 0.01351, 0.00216 
61860.0, 6.39168, 0.15268, 0.92393, 1.64562, 0.00067, 0.09611, 2.18138, -0.00035, 0.14216, 0.27505, 0.04486, 0.14814, 0.00964, -9999.00000, 0.10380, 0.03857, -0.00411, 0.02402, 0.08502, 0.02001, 0.01188, 0.00393 
61920.0, 6.62159, 0.14626, 1.01717, 2.12416, 0.00024, 0.12521, 2.23943, 0.00903, 0.12847, 0.29735, 0.09181, 0.17102, 0.01754, -9999.00000, 0.12147, 0.04087, -0.00653, 0.01959, 0.08893, 0.01485, 0.01309, 0.00577 
61980.0, 6.79356, 0.16062, 0.96100, 1.96824, 0.01079, 0.13475, 2.25131, -0.00035, 0.16750, 0.26920, 0.01321, 0.14960, -0.00726, -9999.00000, 0.10478, 0.03956, -0.00896, 0.02832, 0.08319, 0.02299, 0.01747, 0.00307 
62040.0, 6.71954, 0.14866, 0.86129, 2.20502, 0.00275, 0.09152, 2.20876, 0.01470, 0.12196, 0.28316, 0.02967, 0.13497, 0.00193, -9999.00000, 0.07385, 0.03941, -0.00725, 0.01417, 0.08185, 0.01818, 0.01444, 0.00279 
62100.0, 7.18243, 0.15426, 1.01225, 1.70458, 0.00375, 0.12761, 2.36103, 0.01418, 0.20387, 0.29304, 0.03709, 0.15851, 0.01181, -9999.00000, 0.09587, 0.04235, -0.00282, 0.02593, 0.07759, 0.01636, 0.01413, 0.00473 
62160.0, 8.74754, 0.17916, 1.00736, 2.90764, 0.00367, 0.14489, 2.29375, 0.02156, 0.26683, 0.33068, 0.07373, 0.28796, 0.02873, -9999.00000, 0.20086, 0.08775, -0.00900, 0.02330, 0.11877, 0.02426, 0.00863, 0.00095 
62220.0, 7.26828, 0.15205, 1.06383, 2.33587, 0.00383, 0.11925, 2.30532, 0.00344, 0.25902, 0.30634, 0.06980, 0.19627, 0.00909, -9999.00000, 0.12863, 0.05023, 0.00233, 0.05142, 0.11082, 0.01598, 0.01546, 0.00301 
62280.0, 7.44993, 0.17322, 0.98085, 2.24915, 0.00312, 0.10213, 2.30215, 0.00808, 0.18782, 0.34169, 0.07455, 0.21440, 0.02298, -9999.00000, 0.13177, 0.04483, -0.00903, 0.02574, 0.10095, 0.03180, 0.00837, 0.00316 
62340.0, 5.73368, 0.17704, 1.07056, 2.15177, 0.00408, 0.14232, 2.29635, 0.02408, 0.17856, 0.33779, 0.05392, 0.22241, -0.00728, -9999.00000, 0.11734, 0.04943, -0.00904, 0.01879, 0.06827, 0.00913, 0.01179, 0.00123 
62400.0, 6.54052, 0.16538, 0.99902, 2.25684, 0.00438, 0.13309, 2.30162, 0.01551, 0.16195, 0.30411, 0.05220, 0.15518, 0.00607, -9999.00000, 0.07321, 0.02847, -0.00308, 0.01666, 0.10113, 0.02985, 0.00858, 0.00518 
62460.0, 7.26339, 0.13744, 1.04486, 2.31389, 0.00725, 0.17899, 2.26992, 0.02167, 0.12910, 0.32902, 0.04376, 0.14693, -0.00508, -9999.00000, 0.07901, 0.02220, -0.00722, 0.02205, 0.10178, 0.01334, 0.00917, 0.00224 
62520.0, 6.35016, 0.15591, 0.96329, 1.89613, 0.00296, 0.11926, 2.24652, 0.00325, 0.14438, 0.33654, 0.05115, 0.17253, 0.00993, -9999.00000, 0.08510, 0.03258, -0.00320, 0.01467, 0.07680, 0.02288, 0.00794, 0.00415 
62580.0, 6.86503, 0.17089, 0.96476, 2.12534, 0.00603, 0.16310, 2.26653, 0.00466, 0.14925, 0.33246, 0.06727, 0.15705, 0.00134, -9999.00000, 0.08617, 0.02899, -0.00910, 0.02156, 0.09050, 0.02295, 0.01279, 0.00633 
62640.0, 7.11728, 0.14056, 1.05047, 2.30279, 0.00517, 0.12995, 2.35955, 0.01333, 0.20200, 0.34165, 0.04949, 0.14665, 0.00433, -9999.00000, 0.10067, 0.02574, 0.00073, 0.03856, 0.07764, 0.02748, 0.01543, 0.00432 
62700.0, 6.45683, 0.16205, 1.08614, 2.46675, 0.00587, 0.12489, 2.29664, 0.00960, 0.29009, 0.32398, 0.05918, 0.16033, 0.00675, -9999.00000, 0.10573, 0.03191, -0.00770, 0.02772, 0.08695, 0.02722, 0.00934, 0.00358 
62760.0, 7.52321, 0.15983, 0.99386, 1.98821, 0.00516, 0.16035, 2.33132, 0.01489, 0.24146, 0.33572, 0.00363, 0.14338, -0.00731, -9999.00000, 0.08654, 0.02465, -0.00914, 0.02574, 0.08628, 0.01033, 0.01467, 0.00276 
62820.0, 7.27075, 0.16013, 1.08491, 2.20309, 0.00333, 0.13528, 2.28491, 0.01298, 0.17398, 0.34642, 0.04231, 0.17680, -0.00731, -9999.00000, 0.09755, 0.03442, -0.00915, 0.01367, 0.07886, 0.02026, 0.00917, 0.00334 
62880.0, 6.81669, 0.16848, 1.15491, 1.94599, 0.00580, 0.11547, 2.40145, 0.01415, 0.16833, 0.35083, 0.02926, 0.18276, 0.00667, -9999.00000, 0.10714, 0.03526, 0.00019, 0.02107, 0.09890, 0.03804, 0.01611, 0.00430 
62940.0, 6.13674, 0.15725, 1.08561, 2.02290, 0.00375, 0.11220, 2.23686, -0.00035, 0.14710, 0.35522, 0.05290, 0.13638, -0.00436, -9999.00000, 0.08786, 0.02277, -0.00034, 0.00605, 0.07766, 0.01168, 0.01966, 0.00278 
63000.0, 6.73205, 0.15397, 0.97179, 2.12147, 0.00472, 0.13006, 2.22128, 0.01733, 0.13337, 0.35850, 0.01161, 0.11990, 0.00207, -9999.00000, 0.08757, 0.03031, -0.00919, 0.01990, 0.08466, 0.01856, 0.01403, 0.00401 
63060.0, 5.95573, 0.14153, 1.19266, 2.01657, 0.00907, 0.12631, 2.31818, 0.00396, 0.19207, 0.32650, 0.03812, 0.14406, -0.00733, -9999.00000, 0.08656, 0.03083, -0.00920, 0.01946, 0.08999, 0.01919, 0.00516, 0.00715 
63120.0, 7.15269, 0.16382, 1.29129, 2.18178, 0.00352, 0.14295, 2.33986, 0.01468, 0.33006, 0.33095, 0.04840, 0.17470, 0.01727, -9999.00000, 0.10049, 0.03787, -0.00397, 0.02309, 0.10207, 0.00442, 0.00960, 0.00468 
63180.0, 5.79732, 0.17185, 1.19165, 1.87116, 0.00060, 0.10705, 2.27372, 0.00335, 0.16782, 0.31260, 0.01628, 0.15448, -0.00734, -9999.00000, 0.07600, 0.02318, -0.00712, 0.01901, 0.06086, 0.00955, 0.01686, 0.00296 
63240.0, 6.77265, 0.15597, 0.99197, 2.15247, 0.00236, 0.13133, 2.28655, 0.01116, 0.17548, 0.33143, 0.04261, 0.17760, 0.00434, -9999.00000, 0.09831, 0.04136, -0.00924, 0.00596, 0.07492, 0.01064, 0.01072, 0.00380 
63300.0, 6.62448, 0.17369, 1.09527, 1.89497, 0.00405, 0.12385, 2.28602, 0.00576, 0.11672, 0.31561, 0.07225, 0.18320, 0.01369, -9999.00000, 0.10305, 0.04021, 0.00144, 0.03779, 0.09719, 0.00923, 0.01067, 0.00376 
63360.0, 6.34074, 0.16371, 0.95237, 1.93451, 0.00261, 0.11259, 2.26958, 0.01081, 0.12476, 0.32994, 0.00722, 0.13895, 0.01356, -9999.00000, 0.07777, 0.02468, -0.00723, 0.03289, 0.07372, 0.01321, 0.01172, 0.00344 
63420.0, 6.82722, 0.15370, 0.91468, 1.89903, 0.00088, 0.10972, 2.30270, 0.01873, 0.11240, 0.33043, 0.03929, 0.13308, 0.00650, -9999.00000, 0.09164, 0.02659, -0.00928, 0.01743, 0.06621, 0.01446, 0.01275, 0.00400 
63480.0, 6.47711, 0.15886, 0.95151, 2.37300, 0.00483, 0.13853, 2.30901, 0.01281, 0.15516, 0.36007, 0.02110, 0.14623, 0.00267, -9999.00000, 0.07734, 0.02523, -0.00930, 0.01702, 0.07558, 0.01948, 0.01080, 0.00332 
63540.0, 6.61272, 0.16810, 0.94810, 2.33326, 0.00315, 0.13202, 2.30342, 0.00454, 0.14318, 0.38158, 0.07729, 0.15666, -0.00437, -9999.00000, 0.08937, 0.02348, -0.00931, 0.01748, 0.08353, 0.03307, 0.01002, 0.00577 
63600.0, 7.32146, 0.17448, 1.19670, 2.56847, 0.00633, 0.16615, 2.38781, 0.01722, 0.21810, 0.38286, 0.09872, 0.26248, 0.00400, -9999.00000, 0.15869, 0.05568, -0.00274, 0.03224, 0.11084, 0.02138, 0.00518, 0.00451 
63660.0, 6.37261, 0.16583, 1.10135, 2.16391, 0.00081, 0.11646, 2.26293, 0.01175, 0.14498, 0.36764, 0.03429, 0.13752, -0.00737, -9999.00000, 0.08996, 0.02278, -0.00017, 0.02416, 0.07450, 0.01693, 0.00497, 0.00459 
63720.0, 5.95128, 0.16739, 0.97189, 2.18438, 0.00244, 0.11528, 2.30204, -0.00035, 0.12668, 0.39509, 0.07042, 0.14384, 0.00697, -9999.00000, 0.07867, 0.02072, -0.00316, 0.00930, 0.04499, 0.01127, 0.00865, 0.00365 
63780.0, 6.83903, 0.15955, 1.06506, 1.98325, 0.00300, 0.13522, 2.35539, 0.00438, 0.18807, 0.36976, 0.02702, 0.18159, 0.00957, -9999.00000, 0.08651, 0.03027, -0.00936, 0.02072, 0.10446, 0.00997, 0.01225, 0.00302 
63840.0, 7.34513, 0.16328, 1.11446, 2.10627, 0.00600, 0.15115, 2.42355, 0.01472, 0.22053, 0.40116, 0.05751, 0.13371, 0.01044, -9999.00000, 0.08227, 0.02858, -0.00938, 0.01993, 0.11210, 0.01750, 0.00746, 0.00555 
63900.0, 5.42010, 0.14486, 1.14540, 1.90408, -0.00032, 0.14474, 2.26371, -0.00034, 0.10874, 0.38069, 0.03222, 0.12995, 0.01163, -9999.00000, 0.07550, 0.02017, -0.00884, 0.01909, 0.05515, 0.01137, 0.00871, 0.00668 
63960.0, 6.25072, 0.17352, 1.14448, 2.06048, 0.00108, 0.14499, 2.38265, 0.00021, 0.26523, 0.42168, 0.04476, 0.15239, -0.00739, -9999.00000, 0.07465, 0.04150, -0.00940, 0.02148, 0.06531, 0.02902, 0.00945, 0.00222 
64020.0, 7.06548, 0.16325, 1.07346, 2.02656, 0.00005, 0.09451, 2.42903, 0.00889, 0.18795, 0.39902, 0.04124, 0.15862, 0.00278, -9999.00000, 0.08317, 0.02455, 0.00225, 0.03472, 0.06361, 0.01698, 0.01346, 0.00422 
64080.0, 5.30995, 0.15878, 0.93480, 1.55685, 0.00570, 0.09886, 2.22651, -0.00034, 0.18418, 0.38457, 0.05354, 0.13560, 0.00258, -9999.00000, 0.07896, 0.01689, -0.00943, 0.02907, 0.07522, 0.00802, 0.01281, 0.00112 
64140.0, 6.64199, 0.14728, 0.85785, 2.07612, 0.00524, 0.12120, 2.24629, -0.00034, 0.33540, 0.38032, 0.04963, 0.16503, 0.01130, -9999.00000, 0.08739, 0.01783, -0.00935, 0.03806, 0.08343, 0.02765, 0.00711, 0.00310 
64200.0, 5.91071, 0.15482, 0.81066, 1.51597, 0.00123, 0.12273, 2.20360, -0.00034, 0.16747, 0.37756, 0.05773, 0.13868, 0.01440, -9999.00000, 0.06784, 0.02285, 0.00713, 0.02155, 0.08081, 0.02666, 0.01142, 0.00332 
64260.0, 5.82641, 0.17691, 1.04297, 2.29857, 0.00566, 0.14962, 2.43461, -0.00034, 0.22275, 0.34945, 0.03235, 0.13243, 0.00894, -9999.00000, 0.09590, 0.03377, -0.00947, 0.02170, 0.11462, 0.02851, 0.01349, 0.00215 
64320.0, 5.66989, 0.16523, 0.98010, 1.45317, 0.00318, 0.13188, 2.37352, 0.00624, 0.15722, 0.33586, 0.01700, 0.16181, -0.00741, -9999.00000, 0.09597, 0.03971, -0.00948, 0.02293, 0.07742, 0.02324, 0.01552, 0.00202 
64380.0, 6.31168, 0.16196, 1.06832, 2.34135, 0.00341, 0.14120, 2.46469, 0.00412, 0.26042, 0.38340, 0.06616, 0.21586, 0.02589, -9999.00000, 0.14600, 0.06027, -0.00586, 0.02267, 0.08712, 0.01867, 0.01515, 0.00308 
64440.0, 6.77551, 0.16700, 1.28784, 3.56493, 0.00564, 0.16581, 2.74649, 0.00735, 0.42131, 0.38605, 0.10086, 0.19146, 0.01974, -9999.00000, 0.17756, 0.04998, -0.00090, 0.01745, 0.09468, 0.02577, 0.01958, 0.00299 
64500.0, 6.11670, 0.16709, 0.97133, 2.23030, 0.00117, 0.09502, 2.48381, -0.00034, 0.19116, 0.35900, 0.06174, 0.17440, 0.00845, -9999.00000, 0.13866, 0.04472, -0.00893, 0.02767, 0.09978, 0.04258, 0.01950, 0.00320 
64560.0, 6.27299, 0.16849, 1.14871, 2.37486, 0.00328, 0.15542, 2.52700, 0.00146, 0.24369, 0.36407, 0.06153, 0.14776, 0.00762, -9999.00000, 0.13880, 0.03234, 0.00210, 0.03177, 0.12667, 0.02896, 0.02300, 0.00467 
64620.0, 7.35197, 0.16598, 1.35594, 3.65478, 0.00620, 0.17051, 2.80130, 0.00352, 0.41673, 0.38029, 0.10254, 0.22965, 0.02134, -9999.00000, 0.20342, 0.06193, -0.00119, 0.03289, 0.15204, 0.02417, 0.02336, 0.00342 
64680.0, 5.62767, 0.17108, 0.92748, 1.98599, 0.00335, 0.13058, 2.59250, 0.01051, 0.16553, 0.32007, 0.06687, 0.20187, 0.01372, -9999.00000, 0.13620, 0.04463, -0.00957, 0.01409, 0.06450, 0.01539, 0.03357, 0.00202 
64740.0, 6.99046, 0.16560, 1.12526, 2.15822, 0.00324, 0.13621, 2.57970, 0.00444, 0.30324, 0.30576, 0.07166, 0.18669, 0.01610, -9999.00000, 0.12750, 0.04714, -0.00704, 0.02780, 0.06386, 0.02655, 0.02963, 0.00275 
64800.0, 7.10607, 0.15757, 1.12953, 2.33450, 0.00510, 0.13678, 2.71497, 0.00971, 0.32101, 0.30947, 0.08202, 0.24963, 0.02329, -9999.00000, 0.16899, 0.06156, -0.00923, 0.01342, 0.08499, 0.01660, 0.02766, -0.00055 
64860.0, 6.11818, 0.16446, 0.91242, 2.05708, 0.00532, 0.13186, 2.72525, -0.00034, 0.23069, 0.30366, 0.02310, 0.15350, -0.00382, -9999.00000, 0.12025, 0.02904, -0.00961, 0.01096, 0.06800, 0.01819, 0.02858, 0.00552 
64920.0, 5.71172, 0.16250, 0.91443, 2.03725, -0.00008, 0.09110, 2.44134, 0.00826, 0.28531, 0.26519, 0.08610, 0.22029, 0.01658, -9999.00000, 0.15073, 0.04139, -0.00159, 0.02280, 0.07093, 0.02789, 0.01659, 0.00365 
64980.0, 6.58079, 0.15109, 0.92618, 2.15631, 0.00276, 0.12358, 2.57054, 0.00888, 0.29005, 0.28260, 0.04596, 0.14279, 0.00682, -9999.00000, 0.11489, 0.02313, 0.00286, 0.02053, 0.05991, 0.01617, 0.04299, 0.00150 
65040.0, 5.46550, 0.17782, 0.83627, 2.15376, 0.00290, 0.10404, 2.52473, 0.01331, 0.28916, 0.26196, 0.05539, 0.14197, 0.00649, -9999.00000, 0.09221, 0.03451, -0.00573, 0.01802, 0.08489, 0.02075, 0.04294, 0.00326 
65100.0, 5.48248, 0.16883, 0.93016, 1.84472, 0.00316, 0.11610, 2.66970, 0.01232, 0.21666, 0.24656, 0.06507, 0.17667, 0.01265, -9999.00000, 0.11247, 0.03485, 0.01509, 0.03090, 0.05989, 0.01651, 0.05313, 0.00414 
65160.0, 5.08628, 0.17655, 1.01816, 2.32715, 0.00573, 0.08141, 2.63035, 0.00826, 0.26774, 0.27219, 0.05773, 0.18446, 0.01700, -9999.00000, 0.11967, 0.02766, 0.00146, 0.03204, 0.09111, 0.02281, 0.06242, 0.00517 
65220.0, 5.42146, 0.16767, 0.98169, 1.74164, 0.00372, 0.07725, 2.57354, 0.00499, 0.13402, 0.26403, 0.03193, 0.15610, 0.01943, -9999.00000, 0.09984, 0.02883, 0.00368, 0.03751, 0.05003, 0.02415, 0.05400, 0.00145 
65280.0, 5.92549, 0.17378, 1.04009, 2.29850, 0.00816, 0.13510, 2.75416, -0.00034, 0.34385, 0.25262, 0.07698, 0.19655, 0.00907, -9999.00000, 0.11080, 0.03142, -0.00211, 0.02883, 0.07895, 0.02759, 0.03660, 0.00336 
