CampaignData_and_Merges/R0/CSL_MobileLab_Parked/raw/20240813/USOS-NOAAIodideCIMS-PANs_MobileLabGround_20240813_RA.ict
35, 1001
Michael A Robinson, Chris Jernigan, Subi Thakali
NOAA ESRL Chemical Sciences Laboratory and CIRES, U. of Colorado
NOAA Iodide CIMS Instrument
USOS
1, 1
2024, 08, 13, 2024, 08, 15
1
starttime_UTC, seconds_past_midnight, seconds_of_day_since_00:00:00_UTC
3
1, 1, 1
-9999, -9999, -9999
PAN_NOAACIMS, pptv, Gas_PAN_InSitu_S_AVMR, 
APAN_NOAACIMS, pptv, Gas_APAN_InSitu_S_AVMR, 
PPN_NOAACIMS, pptv, Gas_PPN_InSitu_S_AVMR, 
0
18
PI_CONTACT_INFO: 325 Broadway, R/CSD 7, Boulder, Colorado 80305; michael.a.robinson@noaa.gov; chris.jernigan@noaa.gov;
PLATFORM: NOAA CSL Mobile Lab
LOCATION: SLC, Utah
ASSOCIATED_DATA: 1Hz data also available on request.
INSTRUMENT_INFO: NOAA I- ToF CIMS
DATA_INFO: All data in parts per trillion by volume (pptv). 1 Hz data is available upon request.
UNCERTAINTY: TBD
ULOD_FLAG: -7777
ULOD_VALUE: N/A
LLOD_FLAG: -8888
LLOD_VALUE: N/A
DM_CONTACT_INFO: Nathan Howard; nathan.h.howard@noaa.gov
PROJECT_INFO: USOS, summer 2024. https://csl.noaa.gov/groups/csl7/measurements/2024usos/
STIPULATIONS_ON_USE: Users are strongly encouraged to contact the PI for proper data usage.
OTHER_COMMENTS: 
REVISION: RA
RA: Preliminary Data; For in-field use only
starttime_UTC, PAN_NOAACIMS, APAN_NOAACIMS, PPN_NOAACIMS
[from data line 816]
 48960, 159.309,  2.395, 12.614
 49020, 168.073,  3.283, 11.921
 49080, 164.593,  3.316, 13.678
 49140, 161.102,  2.706, 13.040
 49200, 159.142,  3.938, 13.093
 49260, 160.621,  3.225, 11.247
 49320, 168.941,  3.397, 13.589
 49380, 162.714,  2.411, 13.848
 49440, 163.371,  3.102, 13.696
 49500, 168.995,  2.926, 15.006
 49560, 167.678,  3.155, 15.791
 49620, 165.522,  3.058, 13.655
 49680, 165.219,  3.288, 12.840
 49740, 161.865,  3.392, 12.906
 49800, 165.734,  3.288, 14.353
 49860, 167.974,  3.323, 14.806
 49920, 170.337,  2.379, 14.263
 49980, 167.479,  4.062, 15.851
 50040, 161.572,  2.799, 14.992
 50100, 163.295,  2.836, 14.951
 50160, 162.449,  3.603, 14.919
 50220, 170.187,  2.477, 15.315
 50280, 181.141,  3.383, 15.509
 50340, 170.458,  3.021, 17.499
 50400, 177.299,  3.062, 15.633
 50460, 178.434,  3.122, 18.119
 50520, 170.294,  2.804, 15.489
 50580, 161.965,  3.263, 15.953
 50640, 164.956,  2.451, 15.789
 50700, 169.208,  3.120, 16.330
 50760, 170.520,  2.707, 17.735
 50820, 170.750,  7.462, 18.568
 50880, 190.424,  3.100, 22.290
 50940, 165.747,  3.660, 15.911
 51000, 161.902,  2.599, 17.657
 51060, 167.952,  3.218, 16.705
 51120, 175.031,  3.682, 19.399
 51180, 180.738,  3.395, 18.579
 51240, 177.417,  3.721, 19.685
 51300, 180.179,  3.014, 18.028
 51360, 179.627,  2.763, 18.489
 51420, 174.845,  3.270, 18.475
 51480, 174.772,  3.159, 19.285
 51540, 175.203,  2.844, 18.751
 51600, 178.698,  2.941, 17.011
 51660, 178.555,  2.932, 20.029
 51720, 177.315,  4.792, 17.050
 51780, 178.489,  3.194, 19.482
 51840, 171.317,  3.167, 20.611
 51900, 165.969,  2.638, 17.789
 51960, 169.377,  2.631, 17.122
 52020, 176.048,  3.597, 18.453
 52080, 181.151,  4.536, 19.776
 52140, 175.721,  2.851, 19.863
 52200, 175.879,  3.386, 20.276
 52260, 176.872,  4.278, 18.745
 52320, 168.117,  3.895, 17.464
 52380, 168.665,  2.878, 18.375
 52440, 170.241,  3.657, 19.590
 52500, 168.876,  2.916, 18.747
 52560, 175.834,  3.967, 19.083
 52620, 182.894,  3.394, 19.376
 52680, 176.821,  3.836, 18.856
 52740, 178.832,  3.088, 20.362
 52800, 173.064,  2.800, 18.618
 52860, 180.280,  3.700, 20.899
 52920, 189.100,  3.568, 21.933
 52980, 202.774,  3.409, 21.599
 53040, 198.477,  3.027, 21.815
 53100, 202.696,  4.814, 24.384
 53160, 198.915,  3.408, 21.789
 53220, 191.884,  3.463, 22.832
 53280, 190.807,  3.732, 22.878
 53340, 199.630,  3.736, 21.631
 53400, 203.506,  4.004, 23.512
 53460, 211.849,  2.800, 23.497
 53520, 215.964,  4.056, 24.824
 53580, 206.388,  3.807, 22.855
 53640, 214.421,  4.634, 24.433
 53700, 210.685,  3.721, 25.752
 53760, 209.490,  3.727, 25.438
 53820, 206.000,  3.276, 24.318
 53880, 210.344,  3.196, 23.323
 53940, 208.222,  4.128, 22.088
 54000, 213.794,  3.777, 25.444
 54060, 210.941,  3.283, 24.306
 54120, 210.085,  3.516, 23.160
 54180, 207.899,  4.738, 24.343
 54240, 213.754,  3.092, 23.888
 54300, 217.791,  3.844, 25.333
 54360, 217.381,  3.644, 24.264
 54420, 213.984,  5.330, 25.580
 54480, 210.490,  4.996, 22.645
 54540, -9999.000, -9999.000, -9999.000
 54600, 214.069,  5.736, 25.056
 54660, 219.832,  3.031, 26.305
 54720, 224.054,  3.380, 26.348
 54780, 214.996,  4.239, 25.828
 54840, 224.804,  5.529, 26.789
 54900, 211.788,  4.696, 26.167
 54960, 216.286,  4.035, 27.014
 55020, 220.491,  3.696, 26.686
 55080, 220.617,  4.448, 26.996
 55140, 223.293,  3.925, 26.551
 55200, 222.776,  3.044, 25.995
 55260, 226.637,  3.524, 28.088
 55320, 220.143,  2.664, 27.166
 55380, 226.936,  4.917, 26.784
 55440, 219.972,  3.719, 29.423
 55500, 225.324,  4.214, 28.345
 55560, 226.620,  2.347, 28.697
 55620, 227.104,  3.796, 27.613
 55680, 226.016,  4.260, 29.121
 55740, 246.081,  4.446, 30.257
 55800, 236.048,  4.657, 30.924
 55860, 232.086,  3.630, 28.245
 55920, 229.506,  4.902, 30.670
 55980, 235.444,  3.916, 32.296
 56040, 234.739,  4.022, 30.716
 56100, 238.140,  4.828, 31.322
 56160, 242.348,  3.292, 33.224
 56220, 241.022,  4.322, 30.483
 56280, 238.977,  3.759, 32.855
 56340, 243.577,  5.926, 33.250
 56400, -9999.000, -9999.000, -9999.000
 56460, 240.255,  4.570, 34.096
 56520, 247.316,  4.742, 34.984
 56580, 248.943,  3.633, 34.073
 56640, 259.892,  5.221, 35.629
 56700, 254.694,  6.227, 34.781
 56760, 257.058,  4.614, 35.197
 56820, 257.971,  3.525, 33.401
 56880, 267.833,  4.914, 36.433
 56940, 262.462,  4.951, 36.555
 57000, 264.215,  4.952, 37.815
 57060, 267.278,  5.566, 37.108
 57120, 275.361,  4.078, 37.389
 57180, 267.105,  5.014, 36.048
 57240, 260.849,  5.331, 37.613
 57300, 279.183,  4.483, 38.134
 57360, 280.981,  4.503, 40.409
 57420, 276.750,  4.421, 39.187
 57480, 278.436,  6.174, 40.758
 57540, 289.831,  5.740, 40.564
 57600, 274.781,  4.574, 39.161
 57660, 271.680,  4.783, 40.369
 57720, 301.973,  3.454, 44.222
 57780, 279.270,  4.095, 39.394
 57840, 273.888,  4.684, 37.817
 57900, 275.270,  5.801, 37.136
 57960, 277.939,  5.342, 42.270
 58020, 277.185,  5.582, 40.921
 58080, 266.582,  4.373, 40.833
 58140, 275.432,  3.513, 39.781
 58200, 280.276,  4.708, 42.047
 58260, -9999.000, -9999.000, -9999.000
 58320, 276.832,  4.261, 41.165
 58380, 283.774,  5.012, 39.968
 58440, 282.116,  3.662, 40.768
 58500, 294.225,  5.284, 40.246
 58560, 275.600,  5.271, 37.574
 58620, 274.116,  4.640, 37.256
 58680, 274.943,  4.203, 36.222
 58740, 277.019,  5.002, 38.117
 58800, 268.515,  5.236, 37.271
 58860, 255.703,  5.046, 33.447
 58920, 241.923,  4.135, 30.901
 58980, 247.545,  3.728, 31.861
 59040, 249.595,  4.306, 31.801
 59100, 239.536,  3.853, 30.487
 59160, 241.444,  3.527, 30.389
 59220, 242.904,  4.149, 31.396
 59280, 253.625,  3.186, 32.382
 59340, 245.572,  3.101, 33.914
 59400, 254.039,  3.408, 32.124
 59460, 243.418,  6.483, 31.208
 59520, 259.541,  2.607, 35.933
 59580, 267.145,  3.991, 35.345
 59640, 266.907,  3.335, 36.428
 59700, 264.053,  4.127, 36.708
 59760, 268.014,  3.424, 36.801
 59820, 272.003,  2.892, 38.470
 59880, 275.915,  3.159, 35.217
 59940, 248.625,  2.802, 30.870
 60000, 246.863,  2.083, 31.380
 60060, 254.423,  1.862, 32.382
 60120, 276.741,  2.816, 39.542
 60180, 274.022,  3.584, 34.442
 60240, 272.207,  3.671, 35.161
 60300, 283.133,  3.599, 36.646
 60360, 266.584,  3.836, 35.739
 60420, 273.840,  3.662, 35.241
 60480, 276.215,  4.855, 35.400
 60540, 271.234,  4.142, 36.234
 60600, 270.479,  2.931, 35.505
 60660, 276.324,  3.736, 35.518
 60720, 277.283,  3.314, 35.182
 60780, 280.605,  4.946, 37.935
 60840, 274.575,  3.498, 38.477
 60900, 275.153,  3.538, 33.402
 60960, 279.121,  4.830, 32.700
 61020, 282.972,  3.322, 35.100
 61080, 270.970,  3.753, 37.220
 61140, 266.761,  3.908, 36.167
 61200, 281.251,  3.246, 37.433
 61260, 277.615,  3.294, 35.195
 61320, 289.593,  4.698, 37.590
 61380, 297.387,  3.491, 38.372
 61440, 301.314,  3.588, 39.744
 61500, 301.154,  4.365, 39.178
 61560, 312.783,  3.697, 41.219
 61620, 311.539,  4.052, 40.578
 61680, 327.829,  4.093, 40.548
 61740, 320.905,  3.304, 38.970
 61800, 319.346,  4.599, 40.531
 61860, 330.398,  3.977, 42.183
 61920, -9999.000, -9999.000, -9999.000
 61980, 328.787,  5.852, 41.347
 62040, 342.422,  5.039, 43.219
 62100, 343.536,  4.584, 46.484
 62160, 363.062,  5.169, 46.637
 62220, 375.707,  4.234, 46.928
 62280, 377.444,  4.505, 48.628
 62340, 382.815,  5.434, 49.300
 62400, 383.521,  5.519, 48.339
 62460, 404.444,  4.822, 50.203
 62520, 411.838,  4.541, 50.958
 62580, 398.117,  5.000, 50.510
 62640, 381.703,  5.032, 47.826
 62700, 397.814,  5.489, 48.787
 62760, 414.324,  4.296, 50.631
 62820, 440.248,  6.702, 54.927
 62880, 421.213,  4.320, 52.836
 62940, 425.005,  5.114, 53.176
 63000, 435.881,  4.824, 51.543
 63060, 431.334,  4.274, 51.841
 63120, 437.804,  4.666, 52.694
 63180, 432.502,  5.088, 52.964
 63240, 429.335,  4.969, 49.612
 63300, 428.429,  4.230, 50.843
 63360, 463.349,  6.297, 58.448
 63420, 481.655,  6.687, 58.961
 63480, 472.813,  6.237, 55.543
 63540, 478.530,  6.922, 56.797
 63600, 461.059,  4.693, 57.447
 63660, 476.894,  4.449, 54.164
 63720, 488.994,  5.398, 58.433
 63780, 501.102,  1.431, 61.160
 63840, 483.097,  5.467, 57.416
 63900, 491.192,  5.164, 56.536
 63960, 519.230,  5.511, 61.490
 64020, 518.479,  4.936, 62.140
 64080, 424.862,  4.452, 48.321
 64140, 405.629,  5.125, 44.983
 64200, 390.352,  5.979, 44.852
 64260, 384.953,  5.114, 42.846
 64320, 393.511,  3.835, 44.406
 64380, 378.950,  6.291, 43.161
 64440, 360.492,  5.906, 40.841
 64500, 355.390,  3.683, 40.054
 64560, 359.500,  4.852, 41.081
 64620, 341.797,  5.411, 39.877
 64680, 315.026,  5.149, 37.274
 64740, 309.152,  3.870, 37.309
 64800, 313.997,  4.577, 37.024
 64860, 329.733,  3.872, 36.762
 64920, 298.997,  4.494, 33.637
 64980, 297.910,  4.399, 34.136
 65040, 298.075,  3.813, 34.526
 65100, 306.605,  4.795, 36.735
 65160, 317.014,  3.712, 37.435
 65220, 325.988,  4.200, 40.630
 65280, 326.099,  3.602, 38.504
 65340, 338.076,  2.861, 40.926
 65400, 335.605,  3.962, 41.831
 65460, 321.368,  4.377, 38.899
 65520, 307.907,  2.311, 37.359
 65580, 316.374,  2.215, 36.425
 65640, -9999.000, -9999.000, -9999.000
 65700, 316.003,  3.645, 39.643
 65760, 317.547,  3.801, 35.212
 65820, 338.144,  3.965, 41.010
 65880, 318.690,  3.380, 38.112
 65940, 314.905,  4.750, 38.285
 66000, 323.525,  3.849, 38.183
 66060, 305.852,  4.151, 35.906
 66120, 296.318,  2.836, 32.017
 66180, 309.293,  4.042, 35.449
 66240, 319.191,  5.060, 35.070
 66300, 319.513,  4.449, 36.151
 66360, 304.814,  3.400, 34.708
 66420, 295.767,  3.274, 31.884
 66480, 297.455,  3.823, 33.743
 66540, 294.034,  3.027, 34.424
 66600, 290.121,  4.788, 32.089
 66660, 298.291,  3.116, 33.858
 66720, 303.543,  2.730, 32.968
 66780, 302.913,  3.843, 31.081
 66840, 290.514,  4.471, 30.830
 66900, 291.178,  2.422, 30.720
 66960, 293.333,  3.563, 29.322
 67020, 300.174,  3.526, 31.423
 67080, 319.654,  4.071, 35.230
 67140, 320.893,  2.553, 34.277
 67200, 340.587,  3.709, 37.174
 67260, 351.976,  4.090, 36.205
 67320, 357.044,  3.414, 39.026
 67380, 356.125,  2.663, 37.397
 67440, 337.968,  2.559, 35.877
 67500, 327.504,  1.563, 41.132
 67560, 345.181,  2.475, 35.333
 67620, 347.290,  2.530, 37.537
 67680, 317.011,  3.810, 32.057
 67740, 313.890,  3.422, 33.797
 67800, 330.123,  3.156, 34.840
 67860, 325.323,  3.394, 33.871
 67920, 314.672,  4.138, 33.036
 67980, 294.515,  2.397, 32.355
 68040, 304.120,  2.614, 32.939
 68100, 320.836,  2.935, 34.110
 68160, 326.459,  3.786, 34.362
 68220, 325.842,  2.084, 34.442
 68280, 306.836,  3.917, 32.615
 68340, 355.318,  2.492, 39.987
 68400, 347.890,  4.289, 35.147
 68460, 347.067,  4.088, 40.094
 68520, 360.520,  3.210, 39.414
 68580, 381.267,  3.121, 43.709
 68640, 416.079,  3.641, 45.563
 68700, 439.781,  3.568, 50.837
 68760, 462.654,  3.312, 50.589
 68820, 457.522,  3.415, 52.175
 68880, 432.221,  2.780, 50.232
 68940, 433.515,  3.526, 47.707
 69000, 425.385,  3.570, 48.481
 69060, 431.932,  3.671, 51.561
 69120, 433.448,  4.930, 48.570
 69180, 434.228,  2.939, 49.420
 69240, 406.217,  3.722, 47.063
 69300, 396.625,  4.521, 45.071
 69360, 373.326,  6.707, 36.665
 69420, 358.967,  3.404, 39.555
 69480, 371.887,  3.622, 40.674
 69540, 384.881,  4.236, 43.053
 69600, 371.476,  3.384, 40.161
 69660, 358.052,  2.685, 37.407
 69720, 363.495,  3.485, 40.943
 69780, 363.948,  2.795, 40.299
 69840, 360.429,  3.003, 36.756
 69900, 368.681,  4.239, 39.878
 69960, 389.695,  3.629, 41.039
 70020, 383.026,  3.894, 41.407
 70080, 388.974,  3.120, 42.362
 70140, 388.112,  4.182, 40.255
 70200, 358.653,  4.090, 39.186
 70260, 364.486,  3.262, 43.034
 70320, 380.608,  2.446, 40.316
 70380, 400.493,  3.850, 44.699
 70440, 371.275,  4.422, 41.444
 70500, 382.499,  4.197, 43.390
 70560, 372.132,  3.406, 39.474
 70620, 373.866,  3.555, 42.040
 70680, 372.494,  3.273, 41.308
 70740, 376.181,  3.172, 40.532
 70800, 373.201,  3.225, 39.621
 70860, 377.754,  4.106, 39.701
 70920, 370.938,  3.959, 42.188
 70980, 377.521,  3.727, 39.343
 71040, 386.040,  2.479, 43.700
 71100, 378.654,  3.870, 41.710
 71160, 377.030,  1.774, 40.976
 71220, 402.814,  6.308, 45.991
 71280, 409.171,  4.028, 45.340
 71340, 388.042,  3.997, 44.321
 71400, 384.975,  5.196, 40.439
 71460, 374.092,  4.177, 39.938
 71520, 367.367,  2.476, 38.694
 71580, 375.339,  2.433, 39.580
 71640, 372.352,  4.820, 39.194
 71700, 369.592,  3.578, 40.165
 71760, 375.769,  3.530, 43.818
 71820, 365.490,  4.439, 39.565
 71880, 375.214,  3.924, 39.585
 71940, 360.107,  3.375, 37.484
 72000, 363.749,  4.583, 38.531
 72060, 373.275,  3.158, 38.254
 72120, 370.073,  5.026, 39.432
 72180, 360.282,  3.096, 39.415
 72240, 340.872,  3.691, 36.587
 72300, 333.568,  3.912, 34.416
 72360, 346.226,  3.951, 35.640
 72420, 355.736,  3.582, 36.765
 72480, 353.850,  2.493, 36.214
 72540, 364.778,  4.485, 37.894
 72600, 369.506,  3.471, 37.482
 72660, 384.858,  2.956, 37.953
 72720, 355.131,  4.448, 37.159
 72780, 342.399,  2.745, 34.217
 72840, 344.275,  3.999, 33.652
 72900, 350.272,  3.710, 37.109
 72960, 345.615,  3.662, 33.534
 73020, -9999.000, -9999.000, -9999.000
 73080, 398.642,  4.432, 37.274
 73140, 370.104,  4.382, 38.428
 73200, 366.829,  3.834, 34.622
 73260, 355.315,  4.152, 36.238
 73320, 355.532,  1.989, 33.560
 73380, 355.874,  3.060, 37.797
 73440, 359.625,  3.912, 33.567
 73500, 365.066,  3.184, 36.791
 73560, 348.736,  3.779, 35.308
 73620, 345.785,  3.370, 37.100
 73680, 344.355,  3.949, 33.394
 73740, 348.291,  4.069, 35.356
 73800, 346.300,  2.429, 35.994
 73860, 341.532,  2.652, 35.734
 73920, 344.204,  3.570, 37.505
 73980, 359.360,  2.431, 33.811
 74040, 354.599,  2.394, 37.953
 74100, 358.060,  2.961, 38.310
 74160, 370.864,  3.032, 39.795
 74220, 366.776,  2.425, 39.828
 74280, 364.142,  3.635, 38.467
 74340, 360.271,  3.905, 38.726
 74400, 362.324,  2.544, 38.168
 74460, 376.503,  2.459, 38.447
 74520, 386.371,  5.092, 37.385
 74580, 364.604,  1.749, 38.338
 74640, 357.563,  3.140, 36.797
 74700, 371.817,  2.428, 40.253
 74760, 383.670,  1.654, 40.418
 74820, 380.727,  1.992, 41.901
 74880, -9999.000, -9999.000, -9999.000
 74940, 365.649,  3.736, 39.919
 75000, 356.788,  3.004, 37.743
 75060, 360.300,  3.953, 39.022
 75120, 347.614,  1.988, 38.580
 75180, 357.104,  2.710, 39.109
 75240, 357.956,  2.071, 35.923
 75300, 370.005,  2.705, 39.893
 75360, 358.354,  3.224, 36.551
 75420, 350.277,  2.870, 36.624
 75480, 341.781,  2.258, 34.597
 75540, 343.036,  2.211, 33.559
 75600, 349.767,  2.781, 36.251
 75660, 343.646,  2.123, 35.657
 75720, 336.427,  1.506, 33.921
 75780, 355.425,  2.698, 37.771
 75840, 375.100,  4.225, 38.359
 75900, 356.058,  1.731, 38.674
 75960, 344.533,  2.483, 37.029
 76020, 344.441,  2.174, 35.763
 76080, 347.646,  2.295, 34.248
 76140, 353.074,  2.617, 34.243
 76200, 337.036,  2.699, 30.296
 76260, 351.223,  2.467, 30.558
 76320, 363.320,  3.934, 32.898
 76380, 384.122,  2.493, 35.157
 76440, 385.481,  1.361, 34.667
 76500, 370.850,  2.348, 34.118
 76560, 379.402,  3.346, 35.221
 76620, 373.288,  2.301, 36.314
 76680, 369.037,  1.734, 32.400
 76740, -9999.000, -9999.000, -9999.000
 76800, 366.634,  2.771, 34.499
 76860, 376.092,  3.205, 34.348
 76920, 380.815,  2.344, 33.793
 76980, 370.446,  3.455, 35.164
 77040, 384.438,  3.540, 34.953
 77100, 384.598,  1.513, 34.920
 77160, 401.225,  4.195, 37.670
 77220, 407.760,  3.167, 38.480
 77280, 394.510,  4.054, 36.705
 77340, 383.504,  1.286, 34.661
 77400, 386.674,  1.841, 36.297
 77460, 389.597,  3.623, 41.446
 77520, 394.227,  2.655, 40.894
 77580, 413.022,  3.601, 43.703
 77640, 415.138,  3.306, 43.733
 77700, 421.392,  4.160, 40.976
 77760, 398.075,  2.278, 38.483
 77820, 393.907,  2.455, 39.501
 77880, 401.127,  2.859, 40.091
 77940, 438.832,  1.757, 43.079
 78000, 434.782,  3.983, 40.525
 78060, 419.074,  2.953, 41.940
 78120, 418.970,  2.879, 39.486
 78180, 407.249,  3.223, 41.183
 78240, 420.487,  3.177, 43.032
 78300, 406.647,  2.014, 43.718
 78360, 401.123,  2.845, 41.892
 78420, 392.730,  3.027, 40.941
 78480, 400.199,  3.250, 40.652
 78540, 407.795,  3.513, 42.312
 78600, 388.008,  3.666, 39.621
 78660, 378.698,  3.308, 37.961
 78720, 385.925,  2.558, 36.882
