CampaignData_and_Merges/R0/CSL_MobileLab_Parked/raw/20240813/USOS-PTR_MobileLabGround_20240813_RA.ict
58, 1001
Matthew Coggon, Kelvin Bates, Chelsea Stockwell, Carsten Warneke
NOAA ESRL Chemical Sciences Division
NOAA PTR-ToF-MS
USOS
1,1 
2024, 08, 13, 2024, 08, 14
0
Time_Start, seconds, number of seconds from 00:00 UTC 
22
1, 1, 1, 1, 1, 1, 1, 1, 1, 1, 1, 1, 1, 1, 1, 1, 1, 1, 1, 1, 1, 1
-9999, -9999, -9999, -9999, -9999, -9999, -9999, -9999, -9999, -9999, -9999, -9999, -9999, -9999, -9999, -9999, -9999, -9999, -9999, -9999, -9999, -9999
CH3OH_NOAAPTR_ppbv,  ppbv, Gas_CH3OH_InSitu_S_AVMR, (CH3OH) methanol
CH3CN_NOAAPTR_ppbv,  ppbv, Gas_CH3CN_InSitu_S_AVMR, (CH3CN) acetonitrile
CH3CHO_NOAAPTR_ppbv,  ppbv, Gas_CH3CHO_InSitu_S_AVMR, (CH3CHO) acetaldehyde plus contributions from ethylene glycol and ethylene oxide. Interference from ethanol has been subtracted out.
C2H5OH_NOAAPTR_ppbv,  ppbv, Gas_C2H5OH_InSitu_S_AVMR, (C2H5OH) ethanol
CH3SH_NOAAPTR_ppbv,  ppbv, Gas_CH3SH_InSitu_S_AVMR, (CH3SH) methanethiol, using calibration factor for DMS
Acrolein_NOAAPTR_ppbv,  ppbv, Gas_Acrolein_InSitu_S_AVMR, (C3H4O) acrolein
AcetonePropanal_NOAAPTR_ppbv,  ppbv, Gas_AcetoneAndPropanal_InSitu_S_AVMR, (C3H6O) sum of acetone (dominant isomer) and propanal, using calibration factor for acetone
DMS_NOAAPTR_ppbv,  ppbv, Gas_DMS_InSitu_S_AVMR, (C2H6S) dimethyl sulfide with possible small contributions from ethanethiol
C5H8_NOAAPTR_ppbv,  ppbv, Gas_Isoprene_InSitu_S_AVMR, (C5H8) isoprene and possible fragments from cycloalkanes and aldehydes. Interferences have been subtracted following methods described by Coggon et al (2023)
MVKMAC_NOAAPTR_ppbv,  ppbv, Gas_MVKAndMAC_InSitu_S_AVMR, (C4H6O) sum of methyl vinyl ketone, methacrolein, and small amounts of crotonaldehyde, using weighted calibration factor for MVK (0.637) and MACR (0.363)
Benzene_NOAAPTR_ppbv,  ppbv, Gas_Benzene_InSitu_S_AVMR, (C6H6) benzene
Toluene_NOAAPTR_ppbv,  ppbv, Gas_Toluene_InSitu_S_AVMR, (C7H8) toluene with possible small contributions of fragments from ethyltoluene
Styrene_NOAAPTR_ppbv,  ppbv, Gas_Styrene_InSitu_S_AVMR, (C8H8) styrene
Benzaldehyde_NOAAPTR_ppbv,  ppbv, Gas_Benzaldehyde_InSitu_S_AVMR, (C7H6O) benzaldehyde
C8Aromatics_NOAAPTR_ppbv,  ppbv, Gas_C8Aromatics_InSitu_M_AVMR, (C8H10) sum of m-xylene, p-xylene, o-xylene, and ethyl benzene
C9Aromatics_NOAAPTR_ppbv,  ppbv, Gas_C9Aromatics_InSitu_M_AVMR, (C9H12) sum of C9 aromatics
Naphthalene_NOAAPTR_ppbv,  ppbv, Gas_Naphthalene_InSitu_S_AVMR, (C10H8) naphthalene
Octanal_NOAAPTR_ppbv,  ppbv, Gas_Octanal_InSitu_S_AVMR, (C8H16O) octanal and small amounts of octanone
Monoterpenes_NOAAPTR_ppbv,  ppbv, Gas_Monoterpenes_InSitu_M_AVMR, (C10H16) sum of monoterpenes and possible contributions from fragments of oxygenated monoterpenoids such as eucalyptol.
Nonanal_NOAAPTR_ppbv,  ppbv, Gas_Nonanal_InSitu_M_AVMR, (C9H18O) nonanal and small amounts of nonanone
C7H4ClF3_NOAAPTR_ppbv,  ppbv, Gas_C7H4ClF3_InSitu_S_AVMR, (C7H4ClF3) parachlorobenzotrifluoride
C10H30O5Si5_NOAAPTR_ppbv,  ppbv, Gas_C10H30O5Si5_InSitu_S_AVMR, (C10H30O5Si5) decamethylcyclopentasiloxane
1
SPECIAL COMMENTS:N/A
21
PI_CONTACT_INFO: NOAA ESRL Chemical Sciences Division, Tropospheric Chemistry Group. 325 Broadway, R/CSD7, Boulder, CO 80305
PLATFORM: Mobile Laboratory.
LOCATION: Salt Lake City, UT
ASSOCIATED_DATA: N/A
INSTRUMENT_INFO: NOAA PTR-ToF-MS measurements on NOAA CSL Mobile Lab
DATA_INFO: Units: ppbv
UNCERTAINTY: See OTHER_COMMENTS
ULOD_FLAG: -7777
ULOD_VALUE: N/A
LLOD_FLAG: -8888
LLOD_VALUE: N/A.
DM_CONTACT_INFO: Data Managers: Matt Coggon, Kelvin Bates, Chelsea Stockwell; email: matthew.m.coggon@noaa.gov and kelvin.bates@colorado.edu
PROJECT_INFO: USOS Deployment July-August, 2024
STIPULATIONS_ON_USE: Use of these data require prior OK from PI.
OTHER_COMMENTS: Uncertainties:
CH3OH_NOAAPTR_ppbv:30%; CH3CN_NOAAPTR_ppbv:30%; CH3CHO_NOAAPTR_ppbv:30%; C2H5OH_NOAAPTR_ppbv:30%; CH3SH_NOAAPTR_ppbv:50%; Acrolein_NOAAPTR_ppbv:30%; AcetonePropanal_NOAAPTR_ppbv:30%; DMS_NOAAPTR_ppbv:30%; C5H8_NOAAPTR_ppbv:30%; MVKMAC_NOAAPTR_ppbv:30%; 
Benzene_NOAAPTR_ppbv:30%; Toluene_NOAAPTR_ppbv:30%; Styrene_NOAAPTR_ppbv:30%; Benzaldehyde_NOAAPTR_ppbv:30%; C8Aromatics_NOAAPTR_ppbv:30%; C9Aromatics_NOAAPTR_ppbv:30%; Naphthalene_NOAAPTR_ppbv:30%; Octanal_NOAAPTR_ppbv:30%; Monoterpenes_NOAAPTR_ppbv:30%; Nonanal_NOAAPTR_ppbv:30%; 
C7H4ClF3_NOAAPTR_ppbv:30%; C10H30O5Si5_NOAAPTR_ppbv:30%; 
REVISION: RA
RA: Field Data
Time_Start, CH3OH_NOAAPTR_ppbv, CH3CN_NOAAPTR_ppbv, CH3CHO_NOAAPTR_ppbv, C2H5OH_NOAAPTR_ppbv, CH3SH_NOAAPTR_ppbv, Acrolein_NOAAPTR_ppbv, AcetonePropanal_NOAAPTR_ppbv, DMS_NOAAPTR_ppbv, C5H8_NOAAPTR_ppbv, MVKMAC_NOAAPTR_ppbv, Benzene_NOAAPTR_ppbv, Toluene_NOAAPTR_ppbv, Styrene_NOAAPTR_ppbv, Benzaldehyde_NOAAPTR_ppbv, C8Aromatics_NOAAPTR_ppbv, C9Aromatics_NOAAPTR_ppbv, Naphthalene_NOAAPTR_ppbv, Octanal_NOAAPTR_ppbv, Monoterpenes_NOAAPTR_ppbv, Nonanal_NOAAPTR_ppbv, C7H4ClF3_NOAAPTR_ppbv, C10H30O5Si5_NOAAPTR_ppbv
[from data line 653]
39180.0, 7.42468, 0.16018, 0.65023, 1.54452, 0.01100, 0.05783, 1.70284, 0.03392, 0.06464, 0.06568, 0.01811, 0.13249, 0.00283, -9999.00000, 0.06292, 0.02568, -0.00751, 0.02202, 0.13399, 0.01663, 0.00560, 0.00419 
39240.0, 7.34023, 0.16389, 0.62779, 1.15996, 0.01406, 0.09170, 1.72943, 0.03426, 0.05364, 0.07362, 0.00172, 0.10400, 0.00559, -9999.00000, 0.05187, 0.03085, -0.00142, 0.02742, 0.13603, 0.01412, 0.00568, 0.00161 
39300.0, 7.60211, 0.15330, 0.59945, 1.63157, 0.00811, 0.07335, 1.70631, 0.03997, 0.06804, 0.06005, 0.03709, 0.13832, 0.01976, -9999.00000, 0.07019, 0.02979, -0.00751, 0.03279, 0.13972, 0.01998, 0.00211, 0.00338 
39360.0, 8.34641, 0.14912, 0.52098, 1.13890, 0.01473, 0.07987, 1.68207, 0.02930, 0.05162, 0.05653, -0.00806, 0.12712, 0.01165, -9999.00000, 0.07047, 0.02205, 0.00568, 0.03406, 0.15119, 0.02012, 0.02181, 0.00484 
39420.0, 6.94407, 0.14590, 0.46789, 1.45382, 0.00908, 0.06667, 1.67134, 0.02870, 0.03969, 0.06792, 0.02893, 0.12614, 0.02393, -9999.00000, 0.07813, 0.02482, -0.00578, 0.02015, 0.12906, 0.01797, 0.01522, 0.00071 
39480.0, 6.70995, 0.15234, 0.51496, 1.39015, 0.00928, 0.08380, 1.66885, 0.02553, 0.03279, 0.05321, 0.05386, 0.13071, 0.02188, -9999.00000, 0.06766, 0.02914, 0.00255, 0.02039, 0.11899, 0.02245, 0.02118, 0.00057 
39540.0, 6.32314, 0.17122, 0.54855, 1.30759, 0.01213, 0.06712, 1.69651, 0.02982, 0.06166, 0.06520, 0.01021, 0.14230, 0.01610, -9999.00000, 0.06707, 0.03232, -0.00495, 0.00857, 0.14055, 0.02066, 0.02321, 0.00186 
39600.0, 6.81428, 0.15391, 0.58595, 1.79063, 0.01523, 0.07451, 1.70072, 0.02178, 0.05849, 0.05799, 0.05954, 0.15216, 0.02259, -9999.00000, 0.07987, 0.02171, -0.00646, 0.01795, 0.14020, 0.02312, 0.02498, 0.00314 
39660.0, 6.66527, 0.16097, 0.54299, 1.73519, 0.01057, 0.10410, 1.74939, 0.02416, 0.04771, 0.06202, 0.05975, 0.14093, 0.02227, -9999.00000, 0.07269, 0.03754, -0.00641, 0.02715, 0.15096, 0.02990, 0.02547, 0.00112 
39720.0, 7.22007, 0.14133, 0.52303, 1.61281, 0.01186, 0.05577, 1.72146, 0.02118, 0.05977, 0.07524, 0.01784, 0.23038, 0.00367, -9999.00000, 0.08696, 0.04099, 0.00085, 0.02459, 0.12924, 0.02830, 0.02693, 0.00171 
39780.0, 6.68344, 0.16096, 0.51394, 1.01567, 0.00737, 0.09311, 1.65471, 0.01513, 0.04533, 0.05851, 0.01488, 0.12950, -0.00556, -9999.00000, 0.06408, 0.02738, 0.00227, 0.02409, 0.14221, 0.02749, 0.02979, 0.00042 
39840.0, 6.25730, 0.14871, 0.51648, 1.11346, 0.00982, 0.08615, 1.64098, 0.02534, 0.03346, 0.05551, 0.02148, 0.14502, 0.01767, -9999.00000, 0.06446, 0.01684, -0.00269, 0.01792, 0.13742, 0.02263, 0.01118, 0.00243 
39900.0, 6.59226, 0.16373, 0.44791, 0.93109, 0.01138, 0.07841, 1.56779, 0.02747, 0.03682, 0.05551, 0.03474, 0.10970, 0.00267, -9999.00000, 0.06495, 0.01418, 0.00579, 0.01795, 0.12007, 0.02284, 0.01114, 0.00120 
39960.0, 6.84467, 0.15270, 0.52536, 1.29486, 0.00861, 0.07524, 1.69049, 0.02620, 0.04112, 0.05419, 0.03221, 0.12766, 0.02123, -9999.00000, 0.06163, 0.02605, 0.00247, 0.02992, 0.11104, 0.01505, 0.01052, 0.00244 
40020.0, 6.19878, 0.13885, 0.49582, 1.47928, 0.01407, 0.05647, 1.66155, 0.01911, 0.05669, 0.06746, 0.03380, 0.12652, 0.03015, -9999.00000, 0.07476, 0.02816, -0.00219, 0.02301, 0.13952, 0.03764, 0.00955, -0.00056 
40080.0, 6.42377, 0.16534, 0.59356, 1.34040, 0.00687, 0.08059, 1.62536, 0.02322, 0.07970, 0.07668, 0.00213, 0.13465, 0.01562, -9999.00000, 0.06908, 0.02636, 0.01042, 0.03012, 0.11511, 0.02623, 0.01182, 0.00315 
40140.0, 6.60362, 0.15465, 0.58345, 1.01015, 0.01078, 0.08088, 1.66905, 0.01816, 0.03384, 0.07001, 0.02189, 0.13878, 0.01264, -9999.00000, 0.08408, 0.03666, 0.00592, 0.02537, 0.12394, 0.01430, 0.00643, 0.00156 
40200.0, 7.61158, 0.15526, 0.55319, 0.96599, 0.01704, 0.07723, 1.66822, 0.02756, 0.05636, 0.06737, 0.06655, 0.14840, 0.01653, -9999.00000, 0.06393, 0.02328, 0.00028, 0.01335, 0.12941, 0.02162, 0.00223, 0.00084 
40260.0, 6.62176, 0.15578, 0.54878, 1.24912, 0.01320, 0.08243, 1.63181, 0.02015, 0.01760, 0.06546, 0.05480, 0.11536, 0.02073, -9999.00000, 0.06472, 0.02264, -0.00528, 0.02092, 0.15259, 0.01388, 0.00453, -0.00060 
40320.0, 6.71079, 0.16227, 0.52338, 1.31580, 0.01051, 0.08517, 1.64232, 0.02539, 0.03785, 0.06345, 0.00094, 0.12015, 0.01579, -9999.00000, 0.05497, 0.01175, 0.00630, 0.01689, 0.13253, 0.01708, 0.00442, 0.00284 
40380.0, 6.84564, 0.16519, 0.55405, 1.11005, 0.01226, 0.10249, 1.63723, 0.02712, 0.05734, 0.06321, 0.01352, 0.11164, 0.01851, -9999.00000, 0.06648, 0.02105, -0.00753, 0.02480, 0.15113, 0.03069, 0.00525, 0.00207 
40440.0, 6.94283, 0.17954, 0.61291, 1.47155, 0.01184, 0.06790, 1.58381, 0.01682, 0.04824, 0.06651, 0.06358, 0.13757, 0.01641, -9999.00000, 0.06259, 0.03016, 0.00341, 0.01266, 0.14051, 0.03119, 0.00453, 0.00550 
40500.0, 6.89822, 0.16521, 0.52857, 1.38686, 0.01040, 0.09412, 1.66911, 0.01800, 0.05023, 0.08235, 0.03977, 0.11926, 0.00848, -9999.00000, 0.06551, 0.01927, -0.00753, 0.02195, 0.13469, 0.02783, 0.00435, 0.00220 
40560.0, 5.96402, 0.16018, 0.55135, 1.08414, 0.00920, 0.10611, 1.62800, 0.01245, 0.04331, 0.06813, 0.02053, 0.13716, 0.01738, -9999.00000, 0.05292, 0.02528, -0.00753, 0.00762, 0.12597, 0.02774, 0.00236, 0.00214 
40620.0, 5.54962, 0.16710, 0.62023, 1.15822, 0.00853, 0.09075, 1.64866, 0.03060, 0.06027, 0.06691, 0.01745, 0.12734, 0.01454, -9999.00000, 0.06006, 0.02441, -0.00112, 0.02422, 0.14474, 0.01641, 0.00241, 0.00455 
40680.0, 6.51984, 0.15224, 0.54252, 1.19683, 0.00869, 0.06165, 1.64575, 0.01927, 0.05402, 0.07057, 0.01540, 0.12707, 0.01433, -9999.00000, 0.06431, 0.02307, -0.00107, 0.03302, 0.14798, 0.02005, -0.00130, 0.00692 
40740.0, 5.86448, 0.16413, 0.52834, 1.21150, 0.01263, 0.07188, 1.61856, 0.03492, 0.04823, 0.05919, 0.01016, 0.12813, 0.02193, -9999.00000, 0.05752, 0.02714, -0.00293, 0.01272, 0.14832, 0.01974, 0.00445, 0.00149 
40800.0, 7.28899, 0.16468, 0.52162, 1.08708, 0.00974, 0.07837, 1.57123, 0.01325, 0.05229, 0.05653, 0.04362, 0.12748, 0.02076, -9999.00000, 0.07371, 0.01690, -0.00753, 0.02046, 0.13863, 0.02623, -0.00075, 0.00331 
40860.0, 7.12567, 0.15267, 0.54238, 1.04064, 0.01337, 0.08269, 1.59452, 0.02913, 0.06699, 0.06457, 0.00573, 0.12731, -0.00559, -9999.00000, 0.04894, 0.02061, -0.00754, 0.02070, 0.15194, 0.01612, 0.00362, 0.00014 
40920.0, 7.37381, 0.15150, 0.57215, 1.16469, 0.01152, 0.09230, 1.65554, 0.02472, 0.04503, 0.06096, 0.00238, 0.10860, 0.02060, -9999.00000, 0.05782, 0.02573, -0.00269, 0.02307, 0.17925, 0.02919, 0.00184, 0.00229 
40980.0, 7.77114, 0.16742, 0.59034, 1.10892, 0.00838, 0.10250, 1.64402, 0.03380, 0.04090, 0.06222, 0.05073, 0.15608, 0.02166, -9999.00000, 0.06190, 0.02625, 0.00044, 0.02929, 0.15751, 0.02657, 0.00178, 0.00336 
41040.0, 6.91081, 0.15833, 0.56568, 1.28762, 0.00546, 0.09466, 1.60916, 0.01188, 0.05846, 0.06394, 0.06116, 0.12325, 0.02355, -9999.00000, 0.06701, 0.02094, 0.00334, 0.01486, 0.15960, 0.03253, -0.00127, 0.00105 
41100.0, 7.04509, 0.15161, 0.52912, 0.95886, 0.01400, 0.07960, 1.62264, 0.01301, 0.04956, 0.07153, 0.05723, 0.14064, -0.00560, -9999.00000, 0.05307, 0.02437, -0.00536, 0.01811, 0.15965, 0.02440, 0.00098, -0.00094 
41160.0, 7.30025, 0.16774, 0.68747, 1.29799, 0.00975, 0.11022, 1.68048, 0.02465, 0.04551, 0.06900, 0.01931, 0.14821, 0.01777, -9999.00000, 0.06329, 0.02338, -0.00063, 0.02601, 0.15005, 0.02347, 0.00070, 0.00063 
41220.0, 8.98186, 0.18690, 0.60128, 1.41936, 0.00897, 0.08158, 1.68635, 0.03287, 0.06905, 0.06604, 0.04456, 0.12792, 0.01511, -9999.00000, 0.06707, 0.02979, 0.00098, 0.01769, 0.15393, 0.04096, 0.00080, 0.00360 
41280.0, 12.43197, 0.17176, 0.74562, 1.73411, 0.01506, 0.10214, 1.81976, 0.03095, 0.05051, 0.07037, 0.07202, 0.13662, 0.00520, -9999.00000, 0.06680, 0.03376, 0.00566, 0.02964, 0.13900, 0.03336, 0.00067, 0.00626 
41340.0, 9.85411, 0.16755, 0.67859, 1.81731, 0.01262, 0.08981, 1.74069, 0.02505, 0.07627, 0.06877, 0.08977, 0.19367, -0.00560, -9999.00000, 0.08567, 0.03444, -0.00484, 0.03640, 0.17788, 0.03121, 0.00031, 0.00391 
41400.0, 8.98946, 0.18854, 0.63826, 1.95946, 0.01132, 0.09516, 1.75328, 0.01846, 0.03161, 0.07428, 0.02202, 0.16608, 0.01873, -9999.00000, 0.07600, 0.02638, -0.00462, 0.02135, 0.11700, 0.03046, 0.00297, 0.00331 
41460.0, 9.02396, 0.19024, 0.79145, 3.01646, 0.01168, 0.12368, 1.80260, 0.05044, 0.11677, 0.08381, 0.08481, 0.45725, 0.01264, -9999.00000, 0.22134, 0.09290, 0.00486, 0.02459, 0.16046, 0.03552, 0.00299, 0.00443 
41520.0, 10.65301, 0.19848, 0.82267, 2.77912, 0.01232, 0.09898, 1.86470, 0.02351, 0.09015, 0.08893, 0.05605, 0.17944, 0.01137, -9999.00000, 0.07393, 0.03595, -0.00555, 0.03079, 0.16801, 0.04270, 0.00258, 0.00349 
41580.0, 9.82403, 0.16075, 0.75448, 2.66729, 0.01653, 0.13725, 1.83778, 0.03383, 0.08222, 0.08397, 0.05277, 0.15876, -0.00561, -9999.00000, 0.10120, 0.03960, -0.00755, 0.01306, 0.15269, 0.04281, 0.00165, 0.00565 
41640.0, 9.12719, 0.17724, 0.75700, 2.58254, 0.01815, 0.11086, 1.79317, 0.02876, 0.10503, 0.07079, 0.01775, 0.16554, 0.01142, -9999.00000, 0.07600, 0.02760, 0.00989, 0.02975, 0.14948, 0.03846, 0.00353, 0.00491 
41700.0, 8.15813, 0.18144, 0.79148, 2.40578, 0.01401, 0.09522, 1.77961, 0.02945, 0.08167, 0.09401, 0.02390, 0.13929, 0.01033, -9999.00000, 0.07885, 0.04135, -0.00755, 0.03263, 0.15810, 0.04240, 0.00282, 0.00379 
41760.0, 7.94503, 0.17015, 0.83286, 2.38230, 0.01153, 0.10682, 1.81002, 0.03496, 0.04682, 0.07467, 0.03469, 0.16649, 0.02557, -9999.00000, 0.07430, 0.03408, -0.00407, 0.02741, 0.14618, 0.02578, 0.00304, 0.00646 
41820.0, 8.54031, 0.15542, 0.75576, 2.33598, 0.01453, 0.08740, 1.77432, 0.03226, 0.04208, 0.07662, 0.02541, 0.16357, -0.00562, -9999.00000, 0.09638, 0.05102, 0.00607, 0.03931, 0.15557, 0.01417, 0.00303, 0.00314 
41880.0, 8.09999, 0.15793, 0.68114, 2.09809, 0.00821, 0.10476, 1.79073, 0.03232, 0.05528, 0.07391, 0.05430, 0.17765, 0.01820, -9999.00000, 0.08637, 0.03929, 0.00681, 0.02089, 0.14104, 0.02348, 0.00081, 0.00322 
41940.0, 8.55509, 0.15098, 0.70343, 2.15857, 0.01196, 0.09014, 1.73629, 0.03400, 0.09380, 0.06011, 0.03736, 0.14862, 0.01038, -9999.00000, 0.08758, 0.03538, 0.00014, 0.02019, 0.17863, 0.04360, 0.00106, 0.00393 
42000.0, 9.29106, 0.18114, 0.76710, 2.19296, 0.01416, 0.09396, 1.84172, 0.02695, 0.05389, 0.06599, 0.04433, 0.16831, 0.01427, -9999.00000, 0.09644, 0.03277, -0.00536, 0.02982, 0.16989, 0.02263, 0.00510, 0.00207 
42060.0, 8.08376, 0.16153, 0.69929, 2.06423, 0.00764, 0.10711, 1.78035, 0.02228, 0.04833, 0.07123, 0.04351, 0.15732, 0.01988, -9999.00000, 0.08264, 0.03344, -0.00476, 0.03479, 0.16614, 0.03765, 0.00613, 0.00231 
42120.0, 8.86020, 0.15751, 0.77890, 2.49504, 0.01713, 0.10270, 1.83571, 0.03612, 0.07640, 0.07787, 0.05191, 0.16726, 0.01748, -9999.00000, 0.07851, 0.04068, -0.00497, 0.03698, 0.15630, 0.03438, 0.01070, 0.00184 
42180.0, 9.15558, 0.15979, 0.81176, 2.51250, 0.00978, 0.12039, 1.85266, 0.01242, 0.10758, 0.09613, 0.05796, 0.16059, 0.01682, -9999.00000, 0.07933, 0.03057, 0.00081, 0.03736, 0.17756, 0.03240, 0.00454, 0.00772 
42240.0, 9.16109, 0.18191, 0.78901, 2.54634, 0.01560, 0.09323, 1.88611, 0.02919, 0.07073, 0.07649, -0.01106, 0.17710, -0.00448, -9999.00000, 0.06708, 0.04296, 0.00248, 0.03444, 0.19208, 0.03687, 0.00838, 0.00237 
42300.0, 8.92852, 0.16940, 0.80164, 2.61576, 0.00982, 0.12581, 1.86881, 0.03625, 0.06403, 0.07968, 0.04425, 0.16124, 0.01590, -9999.00000, 0.08577, 0.03171, -0.00496, 0.03698, 0.15403, 0.03210, 0.00882, 0.00433 
42360.0, 8.98899, 0.15635, 0.82266, 2.59615, 0.01395, 0.08740, 1.80933, 0.02977, 0.07585, 0.07992, 0.01284, 0.17296, 0.01783, -9999.00000, 0.09255, 0.04368, 0.00036, 0.05077, 0.16138, 0.03726, 0.00274, 0.00475 
42420.0, 8.68561, 0.17536, 0.77651, 2.67709, 0.01057, 0.11187, 1.86199, 0.03290, 0.06398, 0.09067, 0.03399, 0.17210, 0.02208, -9999.00000, 0.09831, 0.03556, -0.00756, 0.02935, 0.16384, 0.03554, 0.00571, 0.00141 
42480.0, 7.51896, 0.15861, 0.74755, 2.29065, 0.01267, 0.14570, 1.84409, 0.02274, 0.04620, 0.08836, 0.02196, 0.13793, 0.02748, -9999.00000, 0.09322, 0.03624, -0.00756, 0.03241, 0.17447, 0.02510, 0.00504, 0.00301 
42540.0, 8.63740, 0.15862, 0.71081, 3.11729, 0.01850, 0.09366, 1.80526, 0.01460, 0.06941, 0.06825, 0.00472, 0.14348, 0.00924, -9999.00000, 0.07607, 0.02298, -0.00756, 0.03620, 0.14225, 0.02901, 0.00226, 0.00519 
42600.0, 8.15523, 0.16098, 0.79857, 2.94187, 0.00954, 0.08518, 1.85536, 0.02578, 0.05378, 0.07762, 0.01920, 0.14904, 0.02046, -9999.00000, 0.07733, 0.03666, 0.00178, 0.01890, 0.17278, 0.02910, 0.00509, 0.00410 
42660.0, 7.41990, 0.15100, 0.66226, 1.72382, 0.00924, 0.11562, 1.74766, 0.02449, 0.04990, 0.06999, 0.02791, 0.15685, 0.00966, -9999.00000, 0.07010, 0.02551, -0.00536, 0.03132, 0.16278, 0.01746, 0.00791, 0.00269 
42720.0, 8.34833, 0.15988, 0.79821, 2.57823, 0.01006, 0.10649, 1.80432, 0.02053, 0.05309, 0.08120, 0.01884, 0.14642, -0.00152, -9999.00000, 0.07814, 0.03666, 0.00341, 0.02912, 0.14714, 0.03765, 0.00791, 0.00305 
42780.0, 9.41761, 0.15826, 0.80687, 2.81122, 0.01202, 0.12274, 1.84792, 0.03942, 0.07308, 0.08367, 0.02012, 0.16814, 0.01253, -9999.00000, 0.09042, 0.03613, 0.00601, 0.02375, 0.11571, 0.02412, 0.00943, 0.00465 
42840.0, 8.60553, 0.15443, 0.84524, 3.18355, 0.01275, 0.10559, 1.84844, 0.03264, 0.06661, 0.08663, 0.02948, 0.18027, 0.02592, -9999.00000, 0.08599, 0.03229, 0.00841, 0.03051, 0.17517, 0.03138, 0.00754, 0.00106 
42900.0, 8.70448, 0.17379, 0.78811, 2.60111, 0.00800, 0.11679, 1.83145, 0.01574, 0.07986, 0.06556, 0.01972, 0.16311, 0.01482, -9999.00000, 0.08876, 0.02910, -0.00378, 0.04713, 0.15250, 0.03625, 0.00790, 0.00397 
42960.0, 8.00807, 0.17993, 0.84363, 3.04496, 0.00853, 0.11169, 1.79230, 0.03418, 0.07548, 0.07368, 0.05323, 0.19374, 0.01107, -9999.00000, 0.08864, 0.03067, -0.00258, 0.02578, 0.16156, 0.02543, 0.01006, 0.00262 
43020.0, 8.16452, 0.15164, 0.73385, 1.94014, 0.00822, 0.12568, 1.73382, 0.02025, 0.05196, 0.06735, 0.03529, 0.17831, 0.01905, -9999.00000, 0.08767, 0.03262, -0.00030, 0.01545, 0.14718, 0.01374, 0.00853, 0.00173 
43080.0, 9.78548, 0.16754, 0.84015, 2.95017, 0.01521, 0.09002, 1.88111, 0.02929, 0.07791, 0.08391, 0.05530, 0.18626, 0.02599, -9999.00000, 0.09180, 0.03852, 0.00055, 0.02195, 0.15763, 0.03437, 0.00739, 0.00300 
43140.0, 8.54303, 0.15452, 0.80732, 2.75326, 0.01233, 0.10867, 1.85821, 0.02136, 0.07375, 0.09247, 0.06454, 0.20331, 0.02469, -9999.00000, 0.11166, 0.03751, -0.00389, 0.03196, 0.15927, 0.03200, 0.00455, 0.00561 
43200.0, 8.96376, 0.15954, 0.82568, 2.68461, 0.00824, 0.10888, 1.90343, 0.02323, 0.08430, 0.08362, 0.07116, 0.24037, -0.00566, -9999.00000, 0.13009, 0.03739, -0.00749, 0.02605, 0.17243, 0.03453, 0.00608, 0.00707 
43260.0, 9.31544, 0.14565, 0.74320, 2.47869, 0.00920, 0.11977, 1.83078, 0.02999, 0.06881, 0.07935, 0.01337, 0.21822, 0.02141, -9999.00000, 0.13781, 0.04899, -0.00669, 0.03376, 0.14455, 0.02742, 0.00241, 0.00487 
43320.0, 7.22899, 0.16271, 0.66313, 2.00035, 0.01192, 0.09764, 1.80729, 0.02206, 0.04515, 0.08571, 0.03946, 0.17470, 0.02039, -9999.00000, 0.09303, 0.03734, -0.00757, 0.01591, 0.15754, 0.02278, 0.00377, 0.00298 
43380.0, 7.62605, 0.16292, 0.63178, 1.96634, 0.00938, 0.12160, 1.75881, 0.02825, 0.05221, 0.06803, -0.00092, 0.15356, 0.01898, -9999.00000, 0.08211, 0.03501, -0.00517, 0.02705, 0.13003, 0.01622, 0.00323, 0.00414 
43440.0, 8.15610, 0.15182, 0.76004, 2.33554, 0.00832, 0.11872, 1.82029, 0.02399, 0.06546, 0.07360, 0.07309, 0.19416, 0.01999, -9999.00000, 0.09172, 0.03258, 0.00007, 0.02863, 0.15928, 0.03552, 0.00168, 0.00582 
43500.0, 8.18758, 0.16902, 0.65914, 1.47871, 0.01379, 0.11037, 1.79215, 0.03156, 0.07585, 0.07334, 0.04153, 0.15473, -0.00567, -9999.00000, 0.09508, 0.03468, -0.00757, 0.03169, 0.13348, 0.01580, 0.01130, 0.00200 
43560.0, 7.29527, 0.15037, 0.58110, 1.51228, 0.00839, 0.06271, 1.75081, 0.02412, 0.04121, 0.06835, 0.05010, 0.15213, 0.01425, -9999.00000, 0.07262, 0.02672, -0.00361, 0.01332, 0.13964, 0.00970, 0.00115, 0.00068 
