CampaignData_and_Merges/R0/CSL_MobileLab_Parked/raw/20240813/USOS-jNO2_MobileLabGround_20240813_R0.ict
52,1001
Waxman, E.; Rollins, A.; Zuraski, K.; Chace, W.
NOAA Chemical Sciences Laboratory
jNO2 filter radiometer on CSL Mobile Lab
AMMBEC / USOS
1, 1
2024,08,13, 2025,04,01
60
Time_Start, seconds, number_of_seconds_since_0000_UTC
20
1, 1, 1, 1, 1, 1, 1, 1, 1, 1, 1, 1, 1, 1, 1, 1, 1, 1, 1, 1
-9999, -9999, -9999, -9999, -9999, -9999, -9999, -9999, -9999, -9999, -9999, -9999, -9999, -9999, -9999, -9999, -9999, -9999, -9999, -9999
Time_Stop, seconds, number_of_seconds_since_0000_UTC
jNO2_meas, per second, photolysis rate of NO2 measured using a filter radiometer.
jBrCl, per second, photolysis rate of BrCl -> Br + Cl calculated in TUV for cloud-free sky with local AOD
jBr2, per second, photolysis rate of Br2 -> Br + Br calculated in TUV for cloud-free sky with local AOD
jCCl4, per second, photolysis rate of CCl4 -> Products calcualted in TUV for cloud-free sky with local AOD
jCH2Oa, per second, photolysis rate of CH2O -> H + HCO calculated in TUV for cloud-free sky with local AOD
jCH2Ob, per second, photolysis rate of CH2O -> H2 + CO calculated in TUV for cloud-free sky with local AOD
jClNO2, per second, photolysis rate of ClNO2 -> Cl + NO2 calculated in TUV for cloud-free sky with local AOD
jClOa, per second, photolysis rate of ClO -> Cl + O(1D) calculated in TUV for cloud-free sky with local AOD
jClOb, per second, photolysis rate of ClO -> Cl + O(3P) calculated in TUV for cloud-free sky with local AOD
jCl2, per second, photolysis rate of Cl2 -> Cl + Cl calculated in TUV for cloud-free sky with local AOD
jHNO2, per second, photolysis rate of HNO2 -> OH + NO calculated in TUV for cloud-free sky with local AOD
jHNO3, per second, photolysis rate of HNO3 -> OH + NO2 calculated in TUV for cloud-free sky with local AOD
jI2, per second, photolysis rate of I2 -> I + I calculated in TUV for cloud-free sky with local AOD
jNO2, per second, photolysis rate of NO2 -> NO + O(3P) calculated in TUV for cloud-free sky with local AOD
jNO3a, per second, photolysis rate of NO3 -> NO + O2 calculated in TUV for cloud-free sky with local AOD
jNO3b, per second, photolysis rate of NO3 -> NO2 + O(3P) calculated in TUV for cloud-free sky with local AOD
jN2O5, per second, photolysis rate of N2O5 -> NO3 + NO + O(3P) calculated in TUV for cloud-free sky with local AOD
jO3, per second, photolysis rate of O3 -> O2 + O(1D) calculated in TUV for cloud-free sky with local AOD
AOD_500nm, unitless, UTC daily mean AOD at 500 nm from an AERONET station located at 40.178 N, -112.452 E
0
18
PI_CONTACT_INFO: eleanor.waxman@noaa.gov
PLATFORM: CSL Mobile Lab, at ground site
LOCATION: Salt Lake City, UT
ASSOCIATED_DATA:
INSTRUMENT_INFO: jNO2 filter radiometer.  TUV calculations are for mobile van lat/lon/altitude assuming clear sky (cloud AOD = 0) and daily mean AOD.
DATA_INFO:
UNCERTAINTY: Data uncertainties are +/- 20%.  These come from uncertainties in radiometer angular response, radiometer thermal response, local interferences from clouds/aerosols/shadows etc.
ULOD_FLAG: -7777
ULOD_VALUE: N/A
LLOD_FLAG: -8888
LLOD_VALUE: N/A
DM_CONTACT_INFO: eleanor.waxman@noaa.gov
PROJECT_INFO: USOS Project, July - August 2024
STIPULATIONS_ON_USE: Users are strongly encouraged to contact the PI for proper data usage.
OTHER_COMMENTS: 
REVISION: R0
R0: final data
Time_Start, Time_Stop, jNO2_meas, jBrCl, jBr2, jCCl4, jCH2Oa, jCH2Ob, jClNO2, jClOa, jClOb, jCl2, jHNO2, jHNO3, jI2, jNO2, jNO3a, jNO3b, jN2O5, jO3, AOD_500nm
[from data line 1069]
   64140,   64200,0.0087885,0.01002,0.03007,3.781e-23,2.992e-05,4.506e-05,0.0004432,1.757e-23,4.188e-05,0.002172,0.001418,5.287e-07,0.1062,0.008675,0.02038,0.1639,3.956e-05,2.739e-05,0.057
   64200,   64260,0.008792,0.01003,0.03009,4.13e-23,2.998e-05,4.514e-05,0.0004439,1.899e-23,4.201e-05,0.002175,0.00142,5.301e-07,0.1062,0.008685,0.02038,0.164,3.963e-05,2.747e-05,0.057
   64260,   64320,0.0088107,0.01003,0.0301,4.336e-23,3.004e-05,4.519e-05,0.0004445,1.997e-23,4.216e-05,0.002177,0.001421,5.314e-07,0.1063,0.008692,0.02039,0.164,3.969e-05,2.757e-05,0.057
   64320,   64380,0.0088393,0.01004,0.03011,4.556e-23,3.009e-05,4.525e-05,0.000445,2.1e-23,4.23e-05,0.002179,0.001422,5.327e-07,0.1063,0.008698,0.02039,0.164,3.974e-05,2.767e-05,0.057
   64380,   64440,0.0088786,0.01004,0.03012,4.777e-23,3.014e-05,4.53e-05,0.0004455,2.206e-23,4.243e-05,0.002181,0.001423,5.339e-07,0.1063,0.008704,0.0204,0.1641,3.98e-05,2.776e-05,0.057
   64440,   64500,0.0088714,0.01005,0.03014,4.995e-23,3.019e-05,4.535e-05,0.0004461,2.312e-23,4.257e-05,0.002183,0.001424,5.352e-07,0.1063,0.00871,0.0204,0.1641,3.985e-05,2.786e-05,0.057
   64500,   64560,0.0088867,0.01005,0.03015,5.234e-23,3.024e-05,4.541e-05,0.0004466,2.426e-23,4.271e-05,0.002185,0.001425,5.365e-07,0.1064,0.008716,0.0204,0.1642,3.991e-05,2.796e-05,0.057
   64560,   64620,0.0080397,0.01006,0.03016,5.486e-23,3.029e-05,4.546e-05,0.0004471,2.543e-23,4.284e-05,0.002187,0.001427,5.377e-07,0.1064,0.008722,0.02041,0.1642,3.996e-05,2.804e-05,0.057
   64620,   64680,0.0088599,0.01006,0.03017,5.755e-23,3.034e-05,4.551e-05,0.0004476,2.672e-23,4.298e-05,0.002189,0.001428,5.389e-07,0.1064,0.008728,0.02041,0.1642,4.001e-05,2.814e-05,0.057
   64680,   64740,0.0088249,0.01007,0.03018,6.031e-23,3.038e-05,4.556e-05,0.0004481,2.804e-23,4.311e-05,0.002191,0.001429,5.401e-07,0.1064,0.008734,0.02041,0.1643,4.007e-05,2.823e-05,0.057
   64740,   64800,0.0088262,0.01007,0.03019,6.305e-23,3.043e-05,4.561e-05,0.0004486,2.936e-23,4.324e-05,0.002193,0.00143,5.413e-07,0.1065,0.00874,0.02042,0.1643,4.012e-05,2.832e-05,0.057
   64800,   64860,0.0088446,0.01008,0.0302,6.596e-23,3.048e-05,4.566e-05,0.0004491,3.074e-23,4.337e-05,0.002195,0.001431,5.425e-07,0.1065,0.008745,0.02042,0.1643,4.017e-05,2.841e-05,0.057
   64860,   64920,0.0088835,0.01008,0.03021,6.909e-23,3.053e-05,4.571e-05,0.0004496,3.225e-23,4.351e-05,0.002197,0.001432,5.437e-07,0.1065,0.008751,0.02042,0.1644,4.022e-05,2.85e-05,0.057
   64920,   64980,0.0088663,0.01009,0.03022,7.207e-23,3.057e-05,4.576e-05,0.00045,3.365e-23,4.363e-05,0.002199,0.001433,5.448e-07,0.1065,0.008756,0.02043,0.1644,4.027e-05,2.858e-05,0.057
   64980,   65040,0.0088531,0.01009,0.03023,7.538e-23,3.062e-05,4.581e-05,0.0004505,3.525e-23,4.376e-05,0.0022,0.001434,5.459e-07,0.1066,0.008762,0.02043,0.1644,4.032e-05,2.867e-05,0.057
   65040,   65100,0.0085315,0.0101,0.03024,7.881e-23,3.066e-05,4.586e-05,0.000451,3.688e-23,4.389e-05,0.002202,0.001435,5.471e-07,0.1066,0.008767,0.02043,0.1645,4.037e-05,2.876e-05,0.057
   65100,   65160,0.0088179,0.0101,0.03024,8.216e-23,3.07e-05,4.59e-05,0.0004514,3.849e-23,4.401e-05,0.002204,0.001436,5.482e-07,0.1066,0.008773,0.02044,0.1645,4.042e-05,2.884e-05,0.057
   65160,   65220,0.0088354,0.01011,0.03025,8.584e-23,3.075e-05,4.595e-05,0.0004519,4.025e-23,4.413e-05,0.002206,0.001437,5.493e-07,0.1066,0.008778,0.02044,0.1645,4.046e-05,2.893e-05,0.057
   65220,   65280,0.0088395,0.01011,0.03026,8.964e-23,3.079e-05,4.6e-05,0.0004523,4.207e-23,4.425e-05,0.002207,0.001438,5.504e-07,0.1066,0.008783,0.02044,0.1646,4.051e-05,2.901e-05,0.057
   65280,   65340,0.0088831,0.01011,0.03027,9.334e-23,3.083e-05,4.604e-05,0.0004527,4.385e-23,4.437e-05,0.002209,0.001439,5.515e-07,0.1067,0.008788,0.02045,0.1646,4.056e-05,2.909e-05,0.057
   65340,   65400,0.008917,0.01012,0.03028,9.736e-23,3.088e-05,4.608e-05,0.0004532,4.578e-23,4.449e-05,0.002211,0.001439,5.525e-07,0.1067,0.008793,0.02045,0.1646,4.06e-05,2.917e-05,0.057
   65400,   65460,0.0089498,0.01012,0.03029,1.015e-22,3.092e-05,4.613e-05,0.0004536,4.778e-23,4.461e-05,0.002212,0.00144,5.536e-07,0.1067,0.008798,0.02045,0.1646,4.065e-05,2.926e-05,0.057
   65460,   65520,0.0089509,0.01013,0.0303,1.056e-22,3.096e-05,4.617e-05,0.000454,4.973e-23,4.472e-05,0.002214,0.001441,5.546e-07,0.1067,0.008803,0.02046,0.1647,4.069e-05,2.933e-05,0.057
   65520,   65580,0.0089251,0.01013,0.0303,1.1e-22,3.1e-05,4.621e-05,0.0004544,5.186e-23,4.484e-05,0.002215,0.001442,5.557e-07,0.1068,0.008808,0.02046,0.1647,4.074e-05,2.941e-05,0.057
   65580,   65640,0.0089438,0.01013,0.03031,1.146e-22,3.104e-05,4.626e-05,0.0004549,5.406e-23,4.496e-05,0.002217,0.001443,5.567e-07,0.1068,0.008813,0.02046,0.1647,4.078e-05,2.949e-05,0.057
   65640,   65700,0.0089214,0.01014,0.03032,1.19e-22,3.108e-05,4.63e-05,0.0004553,5.618e-23,4.506e-05,0.002218,0.001444,5.577e-07,0.1068,0.008817,0.02046,0.1647,4.082e-05,2.957e-05,0.057
   65700,   65760,0.0089232,0.01014,0.03033,1.238e-22,3.112e-05,4.634e-05,0.0004557,5.848e-23,4.518e-05,0.00222,0.001445,5.587e-07,0.1068,0.008822,0.02047,0.1648,4.086e-05,2.964e-05,0.057
   65760,   65820,0.0089776,0.01015,0.03034,1.288e-22,3.116e-05,4.638e-05,0.0004561,6.087e-23,4.529e-05,0.002221,0.001446,5.597e-07,0.1068,0.008826,0.02047,0.1648,4.091e-05,2.972e-05,0.057
   65820,   65880,0.0090409,0.01015,0.03034,1.336e-22,3.119e-05,4.642e-05,0.0004564,6.317e-23,4.539e-05,0.002223,0.001446,5.606e-07,0.1068,0.008831,0.02047,0.1648,4.095e-05,2.979e-05,0.057
   65880,   65940,0.0090944,0.01015,0.03035,1.388e-22,3.123e-05,4.646e-05,0.0004568,6.568e-23,4.55e-05,0.002224,0.001447,5.616e-07,0.1069,0.008835,0.02048,0.1648,4.099e-05,2.987e-05,0.057
   65940,   66000,0.0091185,0.01016,0.03036,1.441e-22,3.127e-05,4.649e-05,0.0004572,6.825e-23,4.561e-05,0.002226,0.001448,5.625e-07,0.1069,0.008839,0.02048,0.1649,4.103e-05,2.994e-05,0.057
   66000,   66060,0.0091436,0.01016,0.03037,1.492e-22,3.13e-05,4.653e-05,0.0004576,7.071e-23,4.571e-05,0.002227,0.001449,5.634e-07,0.1069,0.008843,0.02048,0.1649,4.107e-05,3.001e-05,0.057
   66060,   66120,0.0091146,0.01016,0.03037,1.548e-22,3.134e-05,4.657e-05,0.0004579,7.34e-23,4.581e-05,0.002229,0.001449,5.643e-07,0.1069,0.008848,0.02048,0.1649,4.11e-05,3.008e-05,0.057
   66120,   66180,0.0090626,0.01017,0.03038,1.605e-22,3.138e-05,4.661e-05,0.0004583,7.616e-23,4.592e-05,0.00223,0.00145,5.653e-07,0.1069,0.008852,0.02049,0.1649,4.114e-05,3.015e-05,0.057
   66180,   66240,0.0090255,0.01017,0.03039,1.66e-22,3.141e-05,4.664e-05,0.0004586,7.881e-23,4.601e-05,0.002231,0.001451,5.661e-07,0.1069,0.008856,0.02049,0.165,4.118e-05,3.022e-05,0.057
   66240,   66300,0.0090347,0.01017,0.03039,1.72e-22,3.144e-05,4.668e-05,0.000459,8.168e-23,4.611e-05,0.002233,0.001452,5.67e-07,0.107,0.00886,0.02049,0.165,4.122e-05,3.029e-05,0.057
   66300,   66360,0.0090218,0.01018,0.0304,1.781e-22,3.148e-05,4.671e-05,0.0004593,8.462e-23,4.621e-05,0.002234,0.001452,5.679e-07,0.107,0.008864,0.02049,0.165,4.125e-05,3.035e-05,0.057
   66360,   66420,0.0089866,0.01018,0.03041,1.838e-22,3.151e-05,4.675e-05,0.0004597,8.74e-23,4.63e-05,0.002235,0.001453,5.687e-07,0.107,0.008867,0.02049,0.165,4.129e-05,3.042e-05,0.057
   66420,   66480,0.0090079,0.01018,0.03041,1.901e-22,3.154e-05,4.678e-05,0.00046,9.045e-23,4.64e-05,0.002236,0.001454,5.695e-07,0.107,0.008871,0.0205,0.1651,4.132e-05,3.048e-05,0.057
   66480,   66540,0.0090311,0.01019,0.03042,1.966e-22,3.158e-05,4.681e-05,0.0004603,9.355e-23,4.65e-05,0.002238,0.001454,5.704e-07,0.107,0.008875,0.0205,0.1651,4.136e-05,3.055e-05,0.057
   66540,   66600,0.0090885,0.01019,0.03043,2.027e-22,3.161e-05,4.685e-05,0.0004606,9.651e-23,4.658e-05,0.002239,0.001455,5.712e-07,0.107,0.008879,0.0205,0.1651,4.139e-05,3.061e-05,0.057
   66600,   66660,0.009086,0.01019,0.03043,2.093e-22,3.164e-05,4.688e-05,0.000461,9.971e-23,4.667e-05,0.00224,0.001456,5.72e-07,0.1071,0.008882,0.0205,0.1651,4.143e-05,3.067e-05,0.057
   66660,   66720,0.0090803,0.01019,0.03044,2.16e-22,3.167e-05,4.691e-05,0.0004613,1.029e-22,4.676e-05,0.002241,0.001456,5.728e-07,0.1071,0.008886,0.02051,0.1651,4.146e-05,3.073e-05,0.057
   66720,   66780,0.0090858,0.0102,0.03044,2.224e-22,3.17e-05,4.694e-05,0.0004616,1.06e-22,4.685e-05,0.002242,0.001457,5.735e-07,0.1071,0.008889,0.02051,0.1652,4.149e-05,3.079e-05,0.057
   66780,   66840,0.0090948,0.0102,0.03045,2.293e-22,3.173e-05,4.697e-05,0.0004619,1.094e-22,4.694e-05,0.002243,0.001458,5.743e-07,0.1071,0.008893,0.02051,0.1652,4.152e-05,3.085e-05,0.057
   66840,   66900,0.0091002,0.0102,0.03045,2.363e-22,3.176e-05,4.7e-05,0.0004622,1.128e-22,4.702e-05,0.002244,0.001458,5.75e-07,0.1071,0.008896,0.02051,0.1652,4.155e-05,3.091e-05,0.057
   66900,   66960,0.0090842,0.01021,0.03046,2.43e-22,3.178e-05,4.703e-05,0.0004624,1.16e-22,4.71e-05,0.002246,0.001459,5.757e-07,0.1071,0.008899,0.02051,0.1652,4.158e-05,3.096e-05,0.057
   66960,   67020,0.0090625,0.01021,0.03047,2.501e-22,3.181e-05,4.706e-05,0.0004627,1.194e-22,4.718e-05,0.002247,0.001459,5.765e-07,0.1071,0.008902,0.02051,0.1652,4.161e-05,3.102e-05,0.057
   67020,   67080,0.0090391,0.01021,0.03047,2.572e-22,3.184e-05,4.709e-05,0.000463,1.229e-22,4.726e-05,0.002248,0.00146,5.772e-07,0.1071,0.008905,0.02052,0.1652,4.164e-05,3.108e-05,0.057
   67080,   67140,0.0090028,0.01021,0.03048,2.641e-22,3.186e-05,4.711e-05,0.0004633,1.262e-22,4.734e-05,0.002249,0.001461,5.778e-07,0.1072,0.008908,0.02052,0.1653,4.167e-05,3.113e-05,0.057
   67140,   67200,0.0090024,0.01022,0.03048,2.714e-22,3.189e-05,4.714e-05,0.0004635,1.297e-22,4.742e-05,0.00225,0.001461,5.785e-07,0.1072,0.008911,0.02052,0.1653,4.17e-05,3.118e-05,0.057
   67200,   67260,0.0090002,0.01022,0.03049,2.788e-22,3.192e-05,4.717e-05,0.0004638,1.333e-22,4.75e-05,0.002251,0.001462,5.792e-07,0.1072,0.008914,0.02052,0.1653,4.173e-05,3.123e-05,0.057
   67260,   67320,0.0077983,0.01022,0.03049,2.858e-22,3.194e-05,4.719e-05,0.0004641,1.367e-22,4.757e-05,0.002252,0.001462,5.798e-07,0.1072,0.008917,0.02052,0.1653,4.176e-05,3.128e-05,0.057
   67320,   67380,0.0050425,0.01022,0.0305,2.932e-22,3.197e-05,4.722e-05,0.0004643,1.403e-22,4.764e-05,0.002252,0.001463,5.805e-07,0.1072,0.00892,0.02052,0.1653,4.178e-05,3.133e-05,0.057
   67380,   67440,0.0090308,0.01022,0.0305,3.006e-22,3.199e-05,4.724e-05,0.0004646,1.439e-22,4.771e-05,0.002253,0.001463,5.811e-07,0.1072,0.008923,0.02053,0.1653,4.181e-05,3.138e-05,0.057
   67440,   67500,0.0091031,0.01023,0.0305,3.077e-22,3.201e-05,4.727e-05,0.0004648,1.473e-22,4.778e-05,0.002254,0.001464,5.817e-07,0.1072,0.008925,0.02053,0.1654,4.183e-05,3.143e-05,0.057
   67500,   67560,0.009125,0.01023,0.03051,3.152e-22,3.204e-05,4.729e-05,0.000465,1.51e-22,4.785e-05,0.002255,0.001464,5.823e-07,0.1072,0.008928,0.02053,0.1654,4.186e-05,3.148e-05,0.057
   67560,   67620,0.0091051,0.01023,0.03051,3.227e-22,3.206e-05,4.731e-05,0.0004653,1.546e-22,4.792e-05,0.002256,0.001465,5.829e-07,0.1072,0.008931,0.02053,0.1654,4.188e-05,3.152e-05,0.057
   67620,   67680,0.0090102,0.01023,0.03052,3.298e-22,3.208e-05,4.734e-05,0.0004655,1.58e-22,4.798e-05,0.002257,0.001465,5.835e-07,0.1073,0.008933,0.02053,0.1654,4.191e-05,3.157e-05,0.057
   67680,   67740,0.0090433,0.01024,0.03052,3.372e-22,3.21e-05,4.736e-05,0.0004657,1.616e-22,4.804e-05,0.002258,0.001465,5.84e-07,0.1073,0.008936,0.02053,0.1654,4.193e-05,3.161e-05,0.057
   67740,   67800,0.0090588,0.01024,0.03053,3.447e-22,3.212e-05,4.738e-05,0.0004659,1.653e-22,4.811e-05,0.002258,0.001466,5.846e-07,0.1073,0.008938,0.02053,0.1654,4.195e-05,3.165e-05,0.057
   67800,   67860,0.0090307,0.01024,0.03053,3.517e-22,3.214e-05,4.74e-05,0.0004661,1.687e-22,4.816e-05,0.002259,0.001466,5.851e-07,0.1073,0.00894,0.02054,0.1654,4.197e-05,3.169e-05,0.057
   67860,   67920,0.0089974,0.01024,0.03053,3.592e-22,3.216e-05,4.742e-05,0.0004663,1.723e-22,4.823e-05,0.00226,0.001467,5.856e-07,0.1073,0.008942,0.02054,0.1654,4.2e-05,3.174e-05,0.057
   67920,   67980,0.008996,0.01024,0.03054,3.665e-22,3.218e-05,4.744e-05,0.0004665,1.758e-22,4.828e-05,0.002261,0.001467,5.861e-07,0.1073,0.008945,0.02054,0.1655,4.202e-05,3.178e-05,0.057
   67980,   68040,0.008971,0.01024,0.03054,3.734e-22,3.22e-05,4.746e-05,0.0004667,1.792e-22,4.834e-05,0.002261,0.001468,5.866e-07,0.1073,0.008947,0.02054,0.1655,4.204e-05,3.181e-05,0.057
   68040,   68100,0.0089669,0.01025,0.03054,3.805e-22,3.222e-05,4.748e-05,0.0004669,1.826e-22,4.839e-05,0.002262,0.001468,5.871e-07,0.1073,0.008949,0.02054,0.1655,4.206e-05,3.185e-05,0.057
   68100,   68160,0.0089754,0.01025,0.03055,3.877e-22,3.224e-05,4.75e-05,0.0004671,1.861e-22,4.845e-05,0.002263,0.001468,5.876e-07,0.1073,0.008951,0.02054,0.1655,4.208e-05,3.189e-05,0.057
   68160,   68220,0.0089858,0.01025,0.03055,3.944e-22,3.225e-05,4.752e-05,0.0004672,1.894e-22,4.85e-05,0.002263,0.001469,5.88e-07,0.1073,0.008953,0.02054,0.1655,4.209e-05,3.192e-05,0.057
   68220,   68280,0.0089996,0.01025,0.03055,4.014e-22,3.227e-05,4.753e-05,0.0004674,1.928e-22,4.855e-05,0.002264,0.001469,5.884e-07,0.1073,0.008955,0.02054,0.1655,4.211e-05,3.196e-05,0.057
   68280,   68340,0.0090081,0.01025,0.03056,4.083e-22,3.229e-05,4.755e-05,0.0004676,1.961e-22,4.86e-05,0.002265,0.001469,5.889e-07,0.1073,0.008957,0.02055,0.1655,4.213e-05,3.199e-05,0.057
   68340,   68400,0.009015,0.01025,0.03056,4.147e-22,3.23e-05,4.757e-05,0.0004677,1.992e-22,4.864e-05,0.002265,0.00147,5.893e-07,0.1074,0.008958,0.02055,0.1655,4.215e-05,3.202e-05,0.057
   68400,   68460,0.0090074,0.01026,0.03056,4.212e-22,3.232e-05,4.758e-05,0.0004679,2.024e-22,4.869e-05,0.002266,0.00147,5.897e-07,0.1074,0.00896,0.02055,0.1655,4.216e-05,3.205e-05,0.057
   68460,   68520,0.009003,0.01026,0.03056,4.278e-22,3.233e-05,4.76e-05,0.000468,2.056e-22,4.873e-05,0.002266,0.00147,5.901e-07,0.1074,0.008962,0.02055,0.1656,4.218e-05,3.208e-05,0.057
   68520,   68580,0.009024,0.01026,0.03057,4.338e-22,3.235e-05,4.761e-05,0.0004681,2.085e-22,4.877e-05,0.002267,0.001471,5.904e-07,0.1074,0.008963,0.02055,0.1656,4.219e-05,3.211e-05,0.057
   68580,   68640,0.0090607,0.01026,0.03057,4.401e-22,3.236e-05,4.762e-05,0.0004683,2.116e-22,4.881e-05,0.002267,0.001471,5.908e-07,0.1074,0.008965,0.02055,0.1656,4.221e-05,3.214e-05,0.057
   68640,   68700,0.0091015,0.01026,0.03057,4.462e-22,3.237e-05,4.764e-05,0.0004684,2.145e-22,4.885e-05,0.002268,0.001471,5.911e-07,0.1074,0.008966,0.02055,0.1656,4.222e-05,3.217e-05,0.057
   68700,   68760,0.0091364,0.01026,0.03057,4.516e-22,3.239e-05,4.765e-05,0.0004685,2.172e-22,4.889e-05,0.002268,0.001471,5.914e-07,0.1074,0.008968,0.02055,0.1656,4.223e-05,3.219e-05,0.057
   68760,   68820,0.0091629,0.01026,0.03058,4.574e-22,3.24e-05,4.766e-05,0.0004687,2.2e-22,4.893e-05,0.002269,0.001472,5.917e-07,0.1074,0.008969,0.02055,0.1656,4.225e-05,3.222e-05,0.057
   68820,   68880,0.0091647,0.01026,0.03058,4.63e-22,3.241e-05,4.767e-05,0.0004688,2.227e-22,4.896e-05,0.002269,0.001472,5.921e-07,0.1074,0.00897,0.02055,0.1656,4.226e-05,3.224e-05,0.057
   68880,   68940,0.0091779,0.01026,0.03058,4.681e-22,3.242e-05,4.769e-05,0.0004689,2.252e-22,4.899e-05,0.00227,0.001472,5.923e-07,0.1074,0.008971,0.02055,0.1656,4.227e-05,3.226e-05,0.057
   68940,   69000,0.009188,0.01027,0.03058,4.733e-22,3.243e-05,4.77e-05,0.000469,2.277e-22,4.903e-05,0.00227,0.001472,5.926e-07,0.1074,0.008973,0.02055,0.1656,4.228e-05,3.229e-05,0.057
   69000,   69060,0.0091964,0.01027,0.03058,4.783e-22,3.244e-05,4.771e-05,0.0004691,2.301e-22,4.906e-05,0.00227,0.001472,5.929e-07,0.1074,0.008974,0.02055,0.1656,4.229e-05,3.231e-05,0.057
   69060,   69120,0.0092181,0.01027,0.03059,4.826e-22,3.245e-05,4.772e-05,0.0004692,2.322e-22,4.908e-05,0.002271,0.001473,5.931e-07,0.1074,0.008975,0.02056,0.1656,4.23e-05,3.233e-05,0.057
   69120,   69180,0.0091458,0.01027,0.03059,4.872e-22,3.246e-05,4.773e-05,0.0004693,2.344e-22,4.911e-05,0.002271,0.001473,5.934e-07,0.1074,0.008976,0.02056,0.1656,4.231e-05,3.234e-05,0.057
   69180,   69240,0.0087023,0.01027,0.03059,4.915e-22,3.247e-05,4.773e-05,0.0004694,2.365e-22,4.914e-05,0.002271,0.001473,5.936e-07,0.1074,0.008977,0.02056,0.1656,4.232e-05,3.236e-05,0.057
