CampaignData_and_Merges/R0/CSL_MobileLab_Parked/raw/20240813/USOS-NOAAIodideCIMS-Halogens_MobileLabGround_20240813_RA.ict
38, 1001
Michael A Robinson, Chris Jernigan, Subi Thakali
NOAA ESRL Chemical Sciences Laboratory and CIRES, U. of Colorado
NOAA Iodide CIMS Instrument
USOS
1, 1
2024, 08, 13, 2024, 08, 15
1
starttime_UTC, seconds_past_midnight, seconds_of_day_since_00:00:00_UTC
6
1, 1, 1, 1, 1, 1
-9999, -9999, -9999, -9999, -9999, -9999
Br2_NOAACIMS, pptv, Gas_Br2_InSitu_S_AVMR, 
BrO_NOAACIMS, pptv, Gas_BrO_InSitu_S_AVMR, 
Cl2_NOAACIMS, pptv, Gas_Cl2_InSitu_S_AVMR, 
ClNO2_NOAACIMS, pptv, Gas_ClNO2_InSitu_S_AVMR, 
BrCl_NOAACIMS, pptv, Gas_BrCl_InSitu_S_AVMR, 
NCl3_NOAACIMS, pptv, Gas_NCl3_InSitu_S_AVMR, 
0
18
PI_CONTACT_INFO: 325 Broadway, R/CSD 7, Boulder, Colorado 80305; michael.a.robinson@noaa.gov; chris.jernigan@noaa.gov;
PLATFORM: NOAA CSL Mobile Lab
LOCATION: SLC, Utah
ASSOCIATED_DATA: 1Hz data also available on request.
INSTRUMENT_INFO: NOAA I- ToF CIMS
DATA_INFO: All data in parts per trillion by volume (pptv). 1 Hz data is available upon request.
UNCERTAINTY: TBD
ULOD_FLAG: -7777
ULOD_VALUE: N/A
LLOD_FLAG: -8888
LLOD_VALUE: N/A
DM_CONTACT_INFO: Nathan Howard; nathan.h.howard@noaa.gov
PROJECT_INFO: USOS, summer 2024. https://csl.noaa.gov/groups/csl7/measurements/2024usos/
STIPULATIONS_ON_USE: Users are strongly encouraged to contact the PI for proper data usage.
OTHER_COMMENTS: 
REVISION: RA
RA: Preliminary Data; For in-field use only
starttime_UTC, Br2_NOAACIMS, BrO_NOAACIMS, Cl2_NOAACIMS, ClNO2_NOAACIMS, BrCl_NOAACIMS, NCl3_NOAACIMS
     0,  0.657, -0.027,  0.137,  0.068, -0.047,  0.225
    60,  0.603, -0.035,  0.066,  0.109, -0.022,  0.323
   120,  0.638,  0.065,  0.128,  0.081, -0.033,  0.330
   180,  0.575,  0.007,  0.091,  0.064, -0.014,  0.436
   240,  0.692, -0.036,  0.127,  0.071, -0.019,  0.561
   300,  0.569,  0.018,  0.125,  0.076, -0.001,  0.634
   360,  0.550,  0.014,  0.106,  0.084, -0.017,  0.502
   420,  0.582,  0.040,  0.076,  0.069, -0.009,  0.396
   480,  0.586, -0.029,  0.083,  0.071, -0.004,  0.412
   540,  0.462, -0.065,  0.056,  0.080, -0.053,  0.320
   600,  0.335, -0.051,  0.091,  0.080, -0.033,  0.323
   660,  0.586, -0.039,  0.062,  0.057, -0.011,  0.519
   720,  0.403, -0.034,  0.085,  0.038, -0.036,  0.317
   780,  0.455, -0.067,  0.062,  0.078, -0.012,  0.230
   840,  0.599, -0.041,  0.080,  0.070, -0.027,  0.276
   900,  0.587, -0.053,  0.018,  0.069, -0.008,  0.343
   960, -9999.000, -9999.000, -9999.000, -9999.000, -9999.000, -9999.000
  1020,  0.487,  0.017,  0.070,  0.057, -0.042,  0.177
  1080,  0.448, -0.028,  0.023,  0.042, -0.017,  0.151
  1140,  0.634, -0.050,  0.083,  0.063, -0.009,  0.270
  1200,  0.604, -0.019,  0.050,  0.038,  0.016,  0.261
  1260,  0.541, -0.009,  0.076,  0.061,  0.003,  0.205
  1320,  0.490, -0.035,  0.055,  0.037, -0.009,  0.170
  1380,  0.578,  0.015,  0.071,  0.074,  0.023,  0.235
  1440,  0.664, -0.004,  0.055,  0.047,  0.004,  0.176
  1500,  0.610, -0.022,  0.075,  0.049, -0.007,  0.165
  1560,  0.603,  0.028,  0.052,  0.061,  0.011,  0.246
  1620,  0.581, -0.016,  0.101,  0.029,  0.001,  0.142
  1680,  0.652,  0.011,  0.073,  0.055,  0.025,  0.166
  1740,  0.611, -0.039,  0.092,  0.046,  0.030,  0.198
  1800,  0.577,  0.033,  0.066,  0.045,  0.027,  0.118
  1860,  0.583, -0.022,  0.058,  0.059,  0.025,  0.252
  1920,  0.508, -0.006,  0.101,  0.048,  0.031,  0.281
  1980,  0.584, -0.031,  0.076,  0.048,  0.037,  0.342
  2040,  0.570, -0.011,  0.074,  0.030,  0.031,  0.365
  2100,  0.570,  0.013,  0.105,  0.054,  0.044,  0.392
  2160,  0.550, -0.015,  0.114,  0.038,  0.050,  0.316
  2220,  0.590,  0.034,  0.054,  0.052,  0.037,  0.283
  2280,  0.541, -0.028,  0.110,  0.050,  0.040,  0.349
  2340,  0.597, -0.028,  0.121,  0.029,  0.047,  0.365
  2400,  0.603,  0.031,  0.093,  0.061,  0.054,  0.394
  2460,  0.647, -0.011,  0.115,  0.053,  0.054,  0.461
  2520,  0.562,  0.056,  0.072,  0.051,  0.036,  0.411
  2580,  0.601,  0.058,  0.083,  0.061,  0.077,  0.464
  2640,  0.539,  0.013,  0.093,  0.041,  0.053,  0.457
  2700,  0.488,  0.045,  0.105,  0.041,  0.039,  0.427
  2760,  0.523, -0.003,  0.095,  0.055,  0.073,  0.385
  2820, -9999.000, -9999.000, -9999.000, -9999.000, -9999.000, -9999.000
  2880,  0.551,  0.045,  0.077,  0.045,  0.064,  0.181
  2940,  0.655,  0.028,  0.134,  0.045,  0.055,  0.253
  3000,  0.615, -0.013,  0.089,  0.051,  0.073,  0.290
  3060,  0.568,  0.012,  0.149,  0.048,  0.071,  0.234
  3120,  0.537,  0.030,  0.131,  0.036,  0.070,  0.208
  3180,  0.600, -0.007,  0.097,  0.047,  0.082,  0.297
  3240,  0.570,  0.022,  0.083,  0.050,  0.051,  0.268
  3300,  0.562,  0.012,  0.106,  0.055,  0.070,  0.245
  3360,  0.601,  0.006,  0.145,  0.041,  0.085,  0.233
  3420,  0.578,  0.016,  0.130,  0.058,  0.089,  0.294
  3480,  0.633,  0.035,  0.151,  0.082,  0.056,  0.389
  3540,  0.564,  0.039,  0.198,  0.096,  0.060,  0.361
  3600,  0.508,  0.001,  0.226,  0.103,  0.042,  0.565
  3660,  0.558,  0.018,  0.223,  0.114,  0.055,  0.533
  3720,  0.609,  0.006,  0.194,  0.101,  0.101,  0.555
  3780,  0.592,  0.006,  0.197,  0.083,  0.066,  0.505
  3840,  0.534, -0.006,  0.205,  0.078,  0.049,  0.413
  3900,  0.642,  0.020,  0.223,  0.080,  0.060,  0.397
  3960,  0.699,  0.008,  0.297,  0.087,  0.073,  0.386
  4020,  0.640, -0.003,  0.943,  0.164,  0.103,  0.386
  4080,  0.649,  0.048,  1.579,  0.211,  0.082,  0.343
  4140,  0.530,  0.021,  1.823,  0.275,  0.091,  0.353
  4200,  0.544,  0.082,  1.856,  0.256,  0.097,  0.218
  4260,  0.495, -0.022,  1.610,  0.242,  0.046,  0.200
  4320,  0.518,  0.041,  1.130,  0.183,  0.078,  0.255
  4380,  0.535,  0.006,  0.874,  0.215,  0.090,  0.275
  4440,  0.489,  0.050,  0.600,  0.182,  0.051,  0.304
  4500,  0.546, -0.002,  0.520,  0.230,  0.053,  0.255
  4560,  0.430,  0.033,  0.375,  0.206,  0.048,  0.378
  4620,  0.550, -0.008,  0.346,  0.143,  0.073,  0.432
  4680,  0.681, -0.032,  0.223,  0.167,  0.092,  0.358
  4740,  0.428,  0.024,  0.280,  0.171,  0.054,  0.367
  4800,  0.532, -0.006,  0.207,  0.159,  0.047,  0.454
  4860,  0.536,  0.001,  0.200,  0.154,  0.073,  0.418
  4920,  0.513,  0.044,  0.180,  0.126,  0.048,  0.390
  4980,  0.566, -0.006,  0.184,  0.123,  0.071,  0.385
  5040,  0.470, -0.010,  0.143,  0.127,  0.056,  0.401
  5100,  0.588, -0.010,  0.194,  0.170,  0.059,  0.386
  5160,  0.460,  0.027,  0.148,  0.127,  0.070,  0.405
  5220,  0.567,  0.008,  0.208,  0.151,  0.056,  0.355
  5280,  0.514,  0.040,  0.144,  0.153,  0.050,  0.433
  5340,  0.563,  0.043,  0.196,  0.122,  0.049,  0.359
  5400,  0.607,  0.007,  0.182,  0.144,  0.020,  0.425
  5460,  0.570,  0.049,  0.204,  0.164,  0.074,  0.741
  5520,  0.570, -0.022,  0.185,  0.163,  0.056,  0.894
  5580,  0.678,  0.044,  0.233,  0.189,  0.045,  0.907
  5640,  0.557, -0.001,  0.165,  0.172,  0.045,  0.933
  5700,  0.680,  0.019,  0.199,  0.223,  0.044,  1.824
  5760,  0.533,  0.038,  0.194,  0.194,  0.020,  2.059
  5820,  0.607,  0.022,  0.250,  0.166,  0.040,  1.876
  5880,  0.595,  0.006,  0.257,  0.178,  0.033,  1.941
  5940,  0.637,  0.102,  0.206,  0.210,  0.001,  1.764
  6000,  0.609, -0.009,  0.225,  0.201,  0.001,  1.457
  6060,  0.683,  0.074,  0.222,  0.203,  0.043,  1.214
  6120,  0.613,  0.042,  0.216,  0.208,  0.061,  1.578
  6180,  0.747, -0.021,  0.244,  0.198,  0.043,  1.397
  6240,  0.720,  0.042,  0.238,  0.216,  0.017,  1.634
  6300,  0.707,  0.039,  0.270,  0.229,  0.029,  1.654
  6360,  0.637,  0.039,  0.192,  0.208,  0.032,  1.181
  6420,  0.624, -0.003,  0.206,  0.260,  0.019,  1.030
  6480,  0.549,  0.140,  0.259,  0.491,  0.143,  2.098
  6540,  0.689,  0.094,  0.156,  0.237,  0.035,  0.810
  6600,  0.629, -0.010,  0.221,  0.242,  0.052,  0.794
  6660,  0.690,  0.024,  0.197,  0.257,  0.049,  0.710
  6720,  0.697,  0.066,  0.205,  0.287,  0.015,  0.561
  6780,  0.669,  0.021,  0.221,  0.221,  0.024,  0.759
  6840,  0.674,  0.034,  0.226,  0.239,  0.043,  0.719
  6900,  0.682,  0.013,  0.229,  0.259,  0.059,  0.513
  6960,  0.649,  0.053,  0.171,  0.271,  0.035,  0.572
  7020,  0.610,  0.032,  0.226,  0.300,  0.065,  0.559
  7080,  0.773, -0.008,  0.259,  0.261,  0.053,  1.013
  7140,  0.730,  0.058,  0.187,  0.286,  0.044,  0.789
  7200,  0.551,  0.012,  0.193,  0.250,  0.061,  0.665
  7260,  0.660,  0.037,  0.189,  0.234,  0.033,  0.703
  7320,  0.515,  0.013,  0.201,  0.204,  0.035,  0.657
  7380,  0.667,  0.051,  0.217,  0.243,  0.050,  0.815
  7440,  0.583,  0.030,  0.215,  0.256,  0.071,  0.901
  7500,  0.679,  0.121,  0.206,  0.276,  0.082,  0.990
  7560,  0.673,  0.052,  0.224,  0.250,  0.050,  1.035
  7620,  0.711,  0.022,  0.147,  0.233,  0.058,  0.770
  7680,  0.619,  0.021,  0.212,  0.277,  0.063,  0.748
  7740,  0.545,  0.061,  0.214,  0.204,  0.026,  0.798
  7800,  0.642,  0.089,  0.160,  0.142,  0.062,  0.560
  7860,  0.596,  0.101,  0.132,  0.116,  0.092,  0.569
  7920,  0.602,  0.052,  0.131,  0.090,  0.058,  0.566
  7980,  0.570,  0.059,  0.142,  0.121,  0.056,  0.628
  8040,  0.577,  0.107,  0.142,  0.108,  0.064,  0.605
  8100,  0.531,  0.089,  0.109,  0.105,  0.064,  0.649
  8160,  0.569,  0.079,  0.163,  0.136,  0.086,  0.472
  8220,  0.605,  0.088,  0.153,  0.103,  0.100,  0.582
  8280,  0.550,  0.035,  0.181,  0.125,  0.042,  0.672
  8340,  0.531,  0.034,  0.071,  0.155,  0.060,  0.270
  8400,  0.591,  0.021,  0.154,  0.107,  0.027,  0.661
  8460,  0.514,  0.108,  0.196,  0.104,  0.085,  0.597
  8520,  0.569,  0.050,  0.092,  0.114,  0.064,  0.425
  8580,  0.708,  0.008,  0.113,  0.105,  0.068,  0.431
  8640,  0.648,  0.062,  0.139,  0.124,  0.055,  0.543
  8700,  0.676,  0.005,  0.130,  0.106,  0.072,  0.706
  8760,  0.661,  0.008,  0.160,  0.113,  0.087,  0.651
  8820,  0.609, -0.002,  0.125,  0.130,  0.039,  0.562
  8880,  0.731,  0.006,  0.125,  0.118,  0.054,  0.587
  8940,  0.681,  0.044,  0.153,  0.110,  0.054,  0.770
  9000,  0.686, -0.010,  0.149,  0.114,  0.079,  0.556
  9060,  0.588, -0.010,  0.118,  0.097,  0.067,  0.459
  9120,  0.606, -0.026,  0.108,  0.094,  0.037,  0.455
  9180,  0.683, -0.043,  0.099,  0.092,  0.062,  0.567
  9240,  0.689,  0.046,  0.173,  0.130,  0.052,  0.584
  9300,  0.798,  0.010,  0.108,  0.107,  0.095,  0.523
  9360,  0.823, -0.003,  0.128,  0.095,  0.040,  0.440
  9420,  0.662, -0.044,  0.126,  0.124,  0.038,  0.487
  9480,  0.826,  0.043,  0.138,  0.130,  0.054,  0.352
  9540,  0.792,  0.019,  0.160,  0.112,  0.071,  0.381
  9600,  0.736, -0.038,  0.123,  0.117,  0.028,  0.497
  9660,  0.765, -0.047,  0.121,  0.105,  0.047,  0.296
  9720,  0.753, -0.041,  0.120,  0.121,  0.056,  0.451
  9780,  0.737, -0.076,  0.079,  0.089,  0.038,  0.367
  9840,  0.761, -0.068,  0.116,  0.092,  0.050,  0.475
  9900,  0.878, -0.088,  0.079,  0.085,  0.075,  0.549
  9960,  0.759, -0.090,  0.075,  0.106,  0.032,  0.500
 10020,  0.614, -0.082,  0.079,  0.109,  0.039,  0.463
 10080,  0.790, -0.076,  0.070,  0.072,  0.055,  0.608
 10140,  0.767, -0.127,  0.097,  0.097,  0.017,  0.670
 10200, -9999.000, -9999.000, -9999.000, -9999.000, -9999.000, -9999.000
 10260,  0.841, -0.041,  0.061,  0.096,  0.104,  0.533
 10320,  0.811, -0.096,  0.071,  0.104,  0.051,  0.530
 10380,  0.686, -0.065,  0.103,  0.129,  0.061,  0.544
 10440,  0.659, -0.059,  0.092,  0.090,  0.066,  0.478
 10500,  0.727, -0.102,  0.086,  0.134,  0.042,  0.526
 10560,  0.753, -0.083,  0.089,  0.140,  0.033,  0.585
 10620,  0.707, -0.064,  0.103,  0.134,  0.051,  0.512
 10680,  0.734, -0.050,  0.116,  0.145,  0.056,  0.587
 10740,  0.776, -0.040,  0.150,  0.324,  0.069,  0.576
 10800,  0.740, -0.126,  0.138,  0.188,  0.065,  0.506
 10860,  0.705, -0.114,  0.148,  0.182,  0.065,  0.527
 10920,  0.723, -0.089,  0.121,  0.184,  0.044,  0.628
 10980,  0.730, -0.086,  0.312,  0.596,  0.086,  0.868
 11040,  0.776, -0.088,  0.351,  0.630,  0.106,  0.904
 11100,  0.770, -0.077,  0.490,  0.800,  0.101,  1.025
 11160,  0.803, -0.070,  0.615,  0.927,  0.135,  1.357
 11220,  0.829, -0.116,  0.707,  0.988,  0.095,  1.356
 11280,  0.804, -0.082,  0.522,  0.640,  0.095,  1.141
 11340,  0.842, -0.090,  0.864,  1.075,  0.127,  1.248
 11400,  0.924, -0.041,  0.611,  0.582,  0.093,  1.240
 11460,  0.690, -0.102,  0.414,  0.429,  0.075,  1.047
 11520,  0.609, -0.091,  0.388,  0.437,  0.066,  0.869
 11580,  0.647, -0.091,  0.464,  0.541,  0.042,  1.169
 11640,  0.645, -0.148,  0.415,  0.449,  0.094,  1.001
 11700,  0.650, -0.133,  0.255,  0.422,  0.084,  0.938
 11760,  0.703, -0.119,  0.392,  0.544,  0.069,  0.858
 11820,  0.707, -0.108,  0.351,  0.535,  0.080,  0.794
 11880,  0.509, -0.074,  0.355,  0.552,  0.053,  0.872
 11940,  0.603, -0.097,  0.303,  0.608,  0.052,  0.867
 12000,  0.588, -0.011,  0.320,  0.501,  0.048,  1.008
 12060,  0.599, -0.206,  0.588,  0.401,  0.092,  1.316
 12120,  0.599, -0.096,  0.362,  0.464,  0.056,  2.040
 12180,  0.733, -0.140,  0.288,  0.525,  0.090,  1.869
 12240,  0.621, -0.055,  0.393,  0.811,  0.085,  1.430
 12300,  0.671, -0.088,  0.353,  0.753,  0.075,  1.718
 12360,  0.745, -0.078,  0.350,  0.758,  0.055,  1.690
 12420,  0.646, -0.091,  0.368,  0.871,  0.065,  1.448
 12480,  0.604, -0.058,  0.364,  0.614,  0.057,  1.497
 12540,  0.605, -0.089,  0.257,  0.482,  0.074,  1.168
 12600,  0.629, -0.111,  0.338,  0.601,  0.055,  1.076
 12660,  0.546, -0.106,  0.340,  0.872,  0.043,  1.195
 12720,  0.500, -0.051,  0.386,  0.788,  0.063,  1.247
 12780,  0.577, -0.095,  0.434,  0.789,  0.068,  1.084
 12840,  0.683, -0.028,  0.607,  1.315,  0.070,  1.647
 12900,  0.717, -0.112,  0.630,  1.560,  0.060,  1.687
 12960,  0.726, -0.058,  0.635,  1.493,  0.066,  1.710
 13020,  0.661, -0.050,  0.549,  0.907,  0.131,  2.077
 13080,  0.621, -0.103,  0.524,  0.589,  0.216,  3.023
 13140,  0.529, -0.061,  0.480,  0.601,  0.098,  2.039
 13200,  0.649, -0.087,  0.473,  0.799,  0.073,  1.759
 13260,  0.546, -0.019,  0.486,  0.965,  0.078,  1.638
 13320,  0.571, -0.081,  0.512,  0.645,  0.054,  1.579
 13380,  0.575,  0.026,  0.489,  0.591,  0.045,  2.121
 13440,  0.636, -0.071,  0.393,  0.486,  0.067,  1.472
 13500,  0.579, -0.031,  0.369,  0.395,  0.059,  1.363
 13560,  0.669, -0.068,  0.496,  0.741,  0.047,  3.199
 13620,  0.561, -0.061,  0.410,  0.650,  0.080,  2.743
 13680,  0.535, -0.047,  0.431,  0.643,  0.032,  2.622
 13740,  0.539, -0.067,  0.371,  0.553,  0.048,  2.411
 13800,  0.536, -0.035,  0.428,  0.607,  0.045,  2.264
 13860,  0.307, -0.034,  0.345,  0.593,  0.010,  2.333
 13920, -9999.000, -9999.000, -9999.000, -9999.000, -9999.000, -9999.000
 13980,  0.462, -0.060,  0.342,  0.481,  0.067,  2.625
 14040,  0.458, -0.074,  0.334,  0.426,  0.041,  3.218
 14100,  0.569, -0.026,  0.412,  0.508,  0.052,  4.000
 14160,  0.505, -0.033,  0.392,  0.537,  0.038,  4.640
 14220,  0.666, -0.051,  0.455,  0.539,  0.060,  5.599
 14280,  0.625, -0.010,  0.463,  0.583,  0.028,  6.206
 14340,  0.598, -0.033,  0.473,  0.605,  0.008,  6.938
 14400,  0.546,  0.000,  0.432,  0.505,  0.056,  7.612
 14460,  0.523, -0.029,  0.495,  0.633,  0.062,  8.389
 14520,  0.558,  0.008,  0.545,  0.616,  0.069,  8.107
 14580,  0.491, -0.001,  0.500,  0.587,  0.035,  7.714
 14640,  0.584, -0.050,  0.438,  0.756,  0.026,  7.240
 14700,  0.627,  0.034,  0.389,  0.778,  0.026,  6.270
 14760,  0.661,  0.035,  0.420,  0.666,  0.054,  7.176
 14820,  0.607, -0.019,  0.355,  0.617,  0.054,  6.465
 14880,  0.600, -0.016,  0.390,  0.614,  0.079,  6.438
 14940,  0.683,  0.027,  0.435,  0.761,  0.036,  6.903
 15000,  0.595, -0.009,  0.430,  0.713,  0.046,  7.652
 15060,  0.613,  0.076,  0.410,  0.560,  0.051,  7.184
 15120,  0.669,  0.016,  0.395,  0.702,  0.061,  6.825
 15180,  0.533,  0.092,  0.277,  0.669,  0.055,  6.380
 15240,  0.616,  0.010,  0.301,  0.652,  0.015,  6.117
 15300,  0.605,  0.006,  0.253,  0.808,  0.022,  6.046
 15360,  0.636,  0.052,  0.292,  0.637,  0.043,  5.908
 15420,  0.541,  0.076,  0.265,  0.511,  0.053,  5.399
 15480,  0.743,  0.057,  0.377,  0.793,  0.033,  5.396
 15540,  0.605,  0.041,  0.314,  0.818,  0.051,  5.401
 15600,  0.714,  0.063,  0.246,  0.822,  0.070,  4.902
 15660,  0.610,  0.045,  0.253,  0.814,  0.077,  3.950
 15720,  0.822,  0.070,  0.225,  0.868,  0.017,  3.670
 15780,  0.790,  0.065,  0.265,  0.746,  0.026,  4.394
 15840,  0.714,  0.019,  0.321,  0.763,  0.054,  3.594
 15900,  0.748,  0.029,  0.284,  0.751,  0.096,  3.876
 15960,  0.657,  0.082,  0.334,  0.739,  0.077,  4.146
 16020,  0.751,  0.010,  0.236,  0.498,  0.022,  4.220
 16080,  0.703,  0.002,  0.242,  0.532,  0.035,  3.199
 16140,  0.615,  0.018,  0.258,  0.515,  0.072,  3.278
 16200,  0.645,  0.015,  0.214,  0.585,  0.059,  3.198
 16260,  0.599,  0.072,  0.247,  0.689,  0.055,  2.974
 16320,  0.679,  0.093,  0.258,  0.606,  0.067,  3.025
 16380,  0.767,  0.008,  0.206,  0.558,  0.084,  2.567
 16440,  0.574,  0.044,  0.185,  0.474,  0.048,  2.410
 16500,  0.712,  0.046,  0.263,  0.360,  0.048,  2.164
 16560,  0.660,  0.050,  0.176,  0.384,  0.071,  1.938
 16620,  0.725,  0.044,  0.206,  0.367,  0.081,  1.967
 16680,  0.735,  0.020,  0.237,  0.296,  0.077,  1.860
 16740,  0.659,  0.054,  0.195,  0.365,  0.072,  2.053
 16800,  0.660,  0.004,  0.200,  0.344,  0.091,  1.994
 16860,  0.635,  0.074,  0.225,  0.285,  0.035,  2.177
 16920,  0.644,  0.044,  0.210,  0.368,  0.055,  2.592
 16980,  0.607,  0.029,  0.225,  0.304,  0.051,  2.400
 17040,  0.603,  0.053,  0.189,  0.363,  0.080,  2.377
 17100,  0.669,  0.075,  0.195,  0.253,  0.076,  1.826
 17160,  0.675,  0.045,  0.189,  0.249,  0.063,  1.764
 17220,  0.666,  0.062,  0.145,  0.279,  0.062,  1.631
 17280,  0.631,  0.022,  0.171,  0.258,  0.053,  1.667
