CampaignData_and_Merges/R0/CSL_MobileLab_Parked/raw/20240813/USOS-NOy-LIF_MobileLabGround_20240813_R0.ict
39,1001
Rollins, A.; Waxman, E.; Zuraski, K.; Chace, W.
NOAA Chemical Sciences Laboratory
LIF NO/NOx/NOy on CSL Mobile Lab
AMMBEC / USOS
1, 1
2024,08,13, 2025,01,06
1
Time_Start, seconds, number_of_seconds_since_0000_UTC
7
1, 1, 1, 1, 1, 1, 1
-9999, -9999, -9999, -9999, -9999, -9999, -9999
Time_Stop, seconds, number_of_seconds_since_0000_UTC
NO_LIF, pptv, Gas_NO_InSitu_S_AVMR, volume mixing ratio of nitric oxide in air
NO2_LIF, pptv, Gas_NO2_InSitu_S_AVMR, volume mixing ratio of nitrogen dioxide in air
NOy_LIF, pptv, Gas_NOy_InSitu_S_AVMR, volume mixing ratio of total oxidized nitrogen in air
NO_LIF_1SigmaAccuracy, pptv, Gas_NO_InSitu_S_AVMR, volume mixing ratio of nitric oxide in air
NO2_LIF_1SigmaAccuracy, pptv, Gas_NO2_InSitu_S_AVMR, volume mixing ratio of nitrogen dioxide in air
NOy_LIF_1SigmaAccuracy, pptv, Gas_NOy_InSitu_S_AVMR, volume mixing ratio of total oxidized nitrogen in air
0
18
PI_CONTACT_INFO: andrew.rollins@noaa.gov
PLATFORM: CSL Mobile Lab
LOCATION: Salt Lake City, UT
ASSOCIATED_DATA:
INSTRUMENT_INFO: NO detection by laser induced fluorescence. NO2 detection by photolytic conversion to NO. NOy detection by catalytic conversion to NO on gold surface
DATA_INFO:
UNCERTAINTY: Included 1 Sigma Accuracy waves represent the combined calibration uncertainties (±6%, ±9%, ±10%) and zero uncertainties (3 ppt, 20 ppt, 100 ppt) for NO, NO2, and NOy, respectively.
ULOD_FLAG: -7777
ULOD_VALUE: N/A
LLOD_FLAG: -8888
LLOD_VALUE: N/A
DM_CONTACT_INFO: andrew.rollins@noaa.gov
PROJECT_INFO: USOS Project, July - August 2024
STIPULATIONS_ON_USE: Users are strongly encouraged to contact the PI for proper data usage.
OTHER_COMMENTS:
REVISION: R0
R0: final data
Time_Start, Time_Stop, NO_LIF, NO2_LIF, NOy_LIF, NO_LIF_1SigmaAccuracy, NO2_LIF_1SigmaAccuracy, NOy_LIF_1SigmaAccuracy
[from data line 529]
   31740,   31800,22.872,1248.9,1572.9,4.3723, 132.4, 257.29
   31800,   31860,55.56,1355.1,1741.9,6.3336, 141.96, 274.19
   31860,   31920,27.431,1206.6,1616.3,4.6459, 128.59, 261.63
   31920,   31980,22.632,1227.5,1561.9,4.3579, 130.48, 256.19
   31980,   32040,29.62,1130.1,1454.5,4.7772, 121.71, 245.45
   32040,   32100,51.572,1090.9,1419.7,6.0943, 118.18, 241.97
   32100,   32160,44.216,1029.8,1418.8,5.653, 112.68, 241.88
   32160,   32220,39.182,1064.3,1403.9,5.3509, 115.79, 240.39
   32220,   32280,43.262,1013.6,1308.6,5.5957, 111.22, 230.86
   32280,   32340,37.704,1184.1,1504.3,5.2622, 126.57, 250.43
   32340,   32400,27.5,1110.3,1450,4.65, 119.93, 245
   32400,   32460,42.874,1158.7,1517.4,5.5724, 124.28, 251.74
   32460,   32520,47.728,1074.5,1442.5,5.8637, 116.7, 244.25
   32520,   32580,46.046,1118.1,1474.6,5.7628, 120.63, 247.46
   32580,   32640,31.192,1058.2,1359.6,4.8715, 115.24, 235.96
   32640,   32700,30.397,1094.5,1452.4,4.8238, 118.5, 245.24
   32700,   32760,784.01,1408.4,2018,50.041, 146.76, 301.8
   32760,   32820,364.93,1570.6,2229.5,24.896, 161.36, 322.95
   32820,   32880,43.866,1056.3,1387,5.632, 115.06, 238.7
   32880,   32940,29.886,926.47,1243.5,4.7932, 103.38, 224.35
   32940,   33000,39.4,937.45,1266.6,5.364, 104.37, 226.66
   33000,   33060,50.075,976.27,1316.2,6.0045, 107.86, 231.62
   33060,   33120,43.284,1003.5,1281.3,5.597, 110.31, 228.13
   33120,   33180,56.014,1051.2,1371.7,6.3609, 114.61, 237.17
   33180,   33240,35.807,1050.1,1367,5.1484, 114.51, 236.7
   33240,   33300,44.465,1111.1,1439.7,5.6679, 120, 243.97
   33300,   33360,62.864,1178.5,1545,6.7718, 126.06, 254.5
   33360,   33420,141.9,1314.2,1823.6,11.514, 138.28, 282.36
   33420,   33480,37.475,1165.2,1482.5,5.2485, 124.87, 248.25
   33480,   33540,51.361,1219.9,1593.2,6.0816, 129.79, 259.32
   33540,   33600,38.232,1325.7,1684.8,5.2939, 139.31, 268.48
   33600,   33660,33.37,1253.2,1618.4,5.0022, 132.79, 261.84
   33660,   33720,39.975,1275.8,1648.9,5.3985, 134.82, 264.89
   33720,   33780,28.245,1289.5,1648,4.6947, 136.06, 264.8
   33780,   33840,40.442,1341.5,1733.2,5.4265, 140.74, 273.32
   33840,   33900,47.123,1378,1771.8,5.8274, 144.02, 277.18
   33900,   33960,45.842,1381,1770.8,5.7505, 144.29, 277.08
   33960,   34020,-9999,-9999,-9999,-9999, -9999, -9999
   34020,   34080,-9999,-9999,-9999,-9999, -9999, -9999
   34080,   34140,-9999,-9999,-9999,-9999, -9999, -9999
   34140,   34200,-9999,-9999,-9999,-9999, -9999, -9999
   34200,   34260,-9999,-9999,-9999,-9999, -9999, -9999
   34260,   34320,-9999,-9999,-9999,-9999, -9999, -9999
   34320,   34380,-9999,-9999,-9999,-9999, -9999, -9999
   34380,   34440,59.355,1548.3,2046.5,6.5613, 159.35, 304.65
   34440,   34500,58.936,1553,1986,6.5362, 159.77, 298.6
   34500,   34560,42.985,1419,1964.7,5.5791, 147.71, 296.47
   34560,   34620,52.925,1390.6,1781.9,6.1755, 145.16, 278.19
   34620,   34680,39.205,1320.7,1765.5,5.3523, 138.86, 276.55
   34680,   34740,38.556,1272.2,1626.5,5.3134, 134.49, 262.65
   34740,   34800,56.887,1301.9,1716.7,6.4132, 137.17, 271.67
   34800,   34860,54.192,1404.1,1796.1,6.2515, 146.37, 279.61
   34860,   34920,38.422,1301.4,1711.4,5.3053, 137.13, 271.14
   34920,   34980,46.748,1338.7,1798,5.8049, 140.49, 279.8
   34980,   35040,35.792,1330.3,1735,5.1475, 139.72, 273.5
   35040,   35100,24.608,1316.4,1674.7,4.4765, 138.47, 267.47
   35100,   35160,45.733,1370.5,1816.8,5.744, 143.34, 281.68
   35160,   35220,49.21,1400.2,1897.6,5.9526, 146.02, 289.76
   35220,   35280,58.021,1412.2,1838.1,6.4813, 147.1, 283.81
   35280,   35340,28.347,1321.1,1723.2,4.7008, 138.9, 272.32
   35340,   35400,31.845,1329.5,1708.7,4.9107, 139.65, 270.87
   35400,   35460,31.585,1355.7,1732.3,4.8951, 142.01, 273.23
   35460,   35520,30.195,1413.3,1843,4.8117, 147.2, 284.3
   35520,   35580,31.896,1440.2,1782.9,4.9137, 149.62, 278.29
   35580,   35640,43.514,1541.6,1927.5,5.6108, 158.74, 292.75
   35640,   35700,36.191,1472.8,1915.7,5.1715, 152.55, 291.57
   35700,   35760,25.352,1503.1,1905,4.5211, 155.28, 290.5
   35760,   35820,60.437,1735.7,2144.1,6.6262, 176.21, 314.41
   35820,   35880,57.68,1770.6,2352.9,6.4608, 179.35, 335.29
   35880,   35940,34.492,1762.2,2254,5.0695, 178.6, 325.4
   35940,   36000,28.595,1716.4,2217.1,4.7157, 174.48, 321.71
   36000,   36060,29.981,1731.5,2158.8,4.7988, 175.83, 315.88
   36060,   36120,72.566,1757.7,2241,7.354, 178.19, 324.1
   36120,   36180,97.559,1746.5,2307.2,8.8535, 177.18, 330.72
   36180,   36240,41.822,1762.7,2218.7,5.5093, 178.64, 321.87
   36240,   36300,48.187,1768.7,2238.8,5.8912, 179.18, 323.88
   36300,   36360,36.655,1719.7,2203.6,5.1993, 174.77, 320.36
   36360,   36420,31.435,1774.4,2285.6,4.8861, 179.7, 328.56
   36420,   36480,34.44,1833.4,2301.3,5.0664, 185, 330.13
   36480,   36540,94.876,1859.6,2468,8.6926, 187.36, 346.8
   36540,   36600,52.282,1939.2,2484.7,6.1369, 194.53, 348.47
   36600,   36660,48.858,1817.5,2426.2,5.9315, 183.58, 342.62
   36660,   36720,59.39,1841,2359.8,6.5634, 185.69, 335.98
   36720,   36780,69.198,1885.6,2420.1,7.1519, 189.7, 342.01
   36780,   36840,61.707,2051.6,2567.9,6.7024, 204.64, 356.79
   36840,   36900,31.505,2094.1,2665.6,4.8903, 208.47, 366.56
   36900,   36960,35.811,2079.1,2553.8,5.1487, 207.12, 355.38
   36960,   37020,23.998,2150.3,2566.9,4.4399, 213.53, 356.69
   37020,   37080,90.099,2241.2,2772.1,8.406, 221.71, 377.21
   37080,   37140,33.495,2217.5,2625.3,5.0097, 219.57, 362.53
   37140,   37200,17.886,2071.5,2466.8,4.0732, 206.43, 346.68
   37200,   37260,23.297,2036.8,2439.8,4.3978, 203.31, 343.98
   37260,   37320,31.643,1965.8,2392.9,4.8986, 196.92, 339.29
   37320,   37380,58.305,1985,2472.6,6.4983, 198.65, 347.26
   37380,   37440,39.916,2038.6,2475,5.395, 203.47, 347.5
   37440,   37500,24.334,2074.3,2517.5,4.46, 206.69, 351.75
   37500,   37560,23.753,2130.7,2592,4.4252, 211.76, 359.2
   37560,   37620,22.882,2114.3,2617.5,4.3729, 210.29, 361.75
   37620,   37680,39.239,2200.6,2643.3,5.3543, 218.06, 364.33
   37680,   37740,51.501,2288.1,2713,6.09, 225.93, 371.3
   37740,   37800,46.929,2277.3,2716.4,5.8157, 224.96, 371.64
   37800,   37860,54.879,2299.6,2802.6,6.2927, 226.96, 380.26
   37860,   37920,46.997,2303.3,2760.2,5.8198, 227.3, 376.02
   37920,   37980,74.243,2365,2978.6,7.4546, 232.85, 397.86
   37980,   38040,32.679,2349.6,2841.2,4.9608, 231.47, 384.12
   38040,   38100,81.313,2472.8,3007.3,7.8788, 242.55, 400.73
   38100,   38160,71.615,2409,2961.1,7.2969, 236.81, 396.11
   38160,   38220,109.63,2366.7,2997.7,9.5779, 233, 399.77
   38220,   38280,52.706,2309,2835.3,6.1624, 227.81, 383.53
   38280,   38340,76.798,2419.7,2836,7.6079, 237.77, 383.6
   38340,   38400,343.78,2986.5,3800.1,23.627, 288.79, 480.01
   38400,   38460,41.06,3001.7,3490.9,5.4636, 290.16, 449.09
   38460,   38520,92.461,3169.7,3749.9,8.5477, 305.27, 474.99
   38520,   38580,51.451,3457.6,3939.7,6.087, 331.18, 493.97
   38580,   38640,25.327,3465.9,3970.7,4.5196, 331.93, 497.07
   38640,   38700,34.072,3560.5,4068.7,5.0443, 340.45, 506.87
   38700,   38760,41.062,3252.8,3728.4,5.4637, 312.75, 472.84
   38760,   38820,57.52,3232.5,3761.8,6.4512, 310.92, 476.18
   38820,   38880,54.182,2925.1,3367.3,6.2509, 283.26, 436.73
   38880,   38940,57.552,2793.2,3239,6.4531, 271.39, 423.9
   38940,   39000,60.332,2684.8,3139.1,6.6199, 261.63, 413.91
   39000,   39060,61.766,2646.3,3134.9,6.706, 258.17, 413.49
   39060,   39120,46.486,2626.1,3052.6,5.7892, 256.35, 405.26
   39120,   39180,51.848,2609.6,3064.3,6.1109, 254.86, 406.43
   39180,   39240,49.192,2698.1,3157.4,5.9515, 262.83, 415.74
   39240,   39300,54.434,2705,3142,6.266, 263.45, 414.2
   39300,   39360,40.434,2750,3207.6,5.426, 267.5, 420.76
   39360,   39420,55.031,2664.7,3224.4,6.3018, 259.83, 422.44
   39420,   39480,38.819,2521.2,3054.6,5.3291, 246.9, 405.46
   39480,   39540,36.248,2492.7,2923.8,5.1749, 244.35, 392.38
   39540,   39600,31.084,2507.6,2934.6,4.8651, 245.68, 393.46
   39600,   39660,27.878,2440.4,2822.5,4.6727, 239.63, 382.25
   39660,   39720,66.401,2581.9,3025.9,6.9841, 252.37, 402.59
   39720,   39780,39.223,2485.7,2975.2,5.3534, 243.71, 397.52
   39780,   39840,32.983,2490.8,2950.6,4.979, 244.17, 395.06
   39840,   39900,33.935,2339.4,2840.9,5.0361, 230.55, 384.09
   39900,   39960,44.395,2259.4,2703.4,5.6637, 223.35, 370.34
   39960,   40020,40.825,2234,2616.8,5.4495, 221.06, 361.68
   40020,   40080,39.938,2335.3,2714.5,5.3963, 230.18, 371.45
   40080,   40140,68.78,2466.8,2905.3,7.1268, 242.01, 390.53
   40140,   40200,30.161,2303.3,2739.5,4.8096, 227.3, 373.95
   40200,   40260,40.704,2422.8,2811.6,5.4422, 238.05, 381.16
   40260,   40320,37.134,2420.7,2881.5,5.228, 237.86, 388.15
   40320,   40380,34.695,2399.8,2874.9,5.0817, 235.98, 387.49
   40380,   40440,54.441,2397.1,2839.2,6.2665, 235.74, 383.92
   40440,   40500,81.849,2645,3153,7.911, 258.05, 415.3
   40500,   40560,57.429,2483.8,2956.2,6.4457, 243.54, 395.62
   40560,   40620,48.076,2406.8,2803.8,5.8846, 236.62, 380.38
   40620,   40680,42.674,2343.6,2835,5.5605, 230.92, 383.5
   40680,   40740,23.234,2227.2,2706.7,4.394, 220.45, 370.67
   40740,   40800,40.61,2116.7,2524.2,5.4366, 210.51, 352.42
   40800,   40860,45.938,2311.7,2750.4,5.7563, 228.06, 375.04
   40860,   40920,275.64,2760,3187.2,19.538, 268.4, 418.72
   40920,   40980,193.98,2819.8,3968.1,14.639, 273.78, 496.81
   40980,   41040,429.81,3324.4,3985.3,28.788, 319.2, 498.53
   41040,   41100,150.7,3006,4058.6,12.042, 290.54, 505.86
   41100,   41160,125.16,2830.7,3479.7,10.51, 274.76, 447.97
   41160,   41220,53.845,2753.6,3637.6,6.2307, 267.83, 463.76
   41220,   41280,97.782,2850.3,3567.4,8.8669, 276.52, 456.74
   41280,   41340,140.99,3126.4,3715,11.46, 301.38, 471.5
   41340,   41400,156.88,3218.9,4113.6,12.413, 309.7, 511.36
   41400,   41460,79.553,2812.7,3685.3,7.7732, 273.14, 468.53
   41460,   41520,69.905,2665.8,3275,7.1943, 259.92, 427.5
   41520,   41580,106.51,2931.5,3679.4,9.3908, 283.84, 467.94
   41580,   41640,156.75,3155.8,3882.4,12.405, 304.02, 488.24
   41640,   41700,180.34,3023,4025.9,13.82, 292.07, 502.59
   41700,   41760,133.33,2677.4,3536,11, 260.97, 453.6
   41760,   41820,161.22,2887.9,3632.9,12.673, 279.91, 463.29
   41820,   41880,151.55,2831.2,3623.3,12.093, 274.81, 462.33
   41880,   41940,102.71,2784.9,3531.5,9.1624, 270.64, 453.15
   41940,   42000,-9999,-9999,-9999,-9999, -9999, -9999
   42000,   42060,-9999,-9999,-9999,-9999, -9999, -9999
   42060,   42120,-9999,-9999,-9999,-9999, -9999, -9999
   42120,   42180,-9999,-9999,-9999,-9999, -9999, -9999
   42180,   42240,-9999,-9999,-9999,-9999, -9999, -9999
   42240,   42300,-9999,-9999,-9999,-9999, -9999, -9999
   42300,   42360,-9999,-9999,-9999,-9999, -9999, -9999
   42360,   42420,116.94,3143.7,3949.7,10.016, 302.93, 494.97
   42420,   42480,87.018,3025.1,3925,8.2211, 292.26, 492.5
   42480,   42540,96.275,2983.4,3854.6,8.7765, 288.5, 485.46
   42540,   42600,52.591,2963.4,3665.1,6.1554, 286.7, 466.51
   42600,   42660,28.992,2866.3,3488.1,4.7395, 277.96, 448.81
   42660,   42720,46.782,2975.7,3625.9,5.8069, 287.81, 462.59
   42720,   42780,65.184,2925.7,3740.1,6.911, 283.31, 474.01
   42780,   42840,41.821,3058.8,3625.4,5.5092, 295.3, 462.54
   42840,   42900,61.666,3176,3819.1,6.7, 305.84, 481.91
   42900,   42960,141.12,3285.4,4143.8,11.467, 315.69, 514.38
   42960,   43020,58.441,3227.1,3991.3,6.5064, 310.44, 499.13
   43020,   43080,41.209,2990.2,3754,5.4725, 289.12, 475.4
   43080,   43140,59.429,3049.7,3684.8,6.5657, 294.47, 468.48
   43140,   43200,57.552,3210.2,3881.2,6.4531, 308.92, 488.12
   43200,   43260,48.515,3190.7,3679.7,5.9109, 307.16, 467.97
   43260,   43320,42.107,3227.2,3798.8,5.5264, 310.45, 479.88
   43320,   43380,60.837,3212.6,3858.1,6.6502, 309.13, 485.81
   43380,   43440,52.863,3217.6,3762.6,6.1718, 309.59, 476.26
   43440,   43500,63.055,3173,3773,6.7833, 305.57, 477.3
   43500,   43560,53.391,3119.6,3794.4,6.2035, 300.77, 479.44
   43560,   43620,42.959,3061.3,3563.1,5.5775, 295.52, 456.31
   43620,   43680,39.28,2932.2,3485.5,5.3568, 283.9, 448.55
   43680,   43740,39.793,2802,3371,5.3876, 272.18, 437.1
   43740,   43800,65.386,2700.3,3488.5,6.9231, 263.03, 448.85
   43800,   43860,40.376,2712.5,3309.9,5.4226, 264.13, 430.99
   43860,   43920,48.897,2751.7,3232.9,5.9338, 267.66, 423.29
   43920,   43980,28.374,2809.9,3321.5,4.7024, 272.89, 432.15
   43980,   44040,23.781,2899.7,3368.9,4.4269, 280.97, 436.89
   44040,   44100,64.93,3035.3,3562.6,6.8958, 293.18, 456.26
   44100,   44160,53.293,3079,3708.3,6.1976, 297.11, 470.83
   44160,   44220,47.162,3219.4,3743.6,5.8297, 309.74, 474.36
   44220,   44280,36.064,3367.5,3877.6,5.1638, 323.08, 487.76
   44280,   44340,54.219,3454.9,3868.7,6.2532, 330.94, 486.87
   44340,   44400,100.24,3394.3,4037,9.0146, 325.49, 503.7
   44400,   44460,37.387,3282.4,3721.6,5.2432, 315.42, 472.16
   44460,   44520,53.408,3254.3,3707,6.2045, 312.89, 470.7
   44520,   44580,57.682,3383.5,3894.1,6.4609, 324.52, 489.41
   44580,   44640,41.952,2621.5,3149.1,5.5171, 255.93, 414.91
   44640,   44700,57.952,2449,2916.2,6.4771, 240.41, 391.62
   44700,   44760,73.971,2819.3,3281.3,7.4382, 273.73, 428.13
   44760,   44820,48.029,3001.9,3506.4,5.8818, 290.17, 450.64
   44820,   44880,31.806,3093.5,3502.8,4.9084, 298.42, 450.28
   44880,   44940,42.068,3344.5,3841.3,5.5241, 321.01, 484.13
   44940,   45000,41.294,3411.4,3910.1,5.4776, 327.03, 491.01
   45000,   45060,60.242,3374.4,3955.9,6.6145, 323.7, 495.59
   45060,   45120,79.267,3251.2,3975.1,7.756, 312.61, 497.51
   45120,   45180,78.012,2972.8,3644.2,7.6807, 287.55, 464.42
   45180,   45240,57.326,3139.2,3554.1,6.4396, 302.53, 455.41
   45240,   45300,44.799,3306.3,3750.2,5.688, 317.56, 475.02
   45300,   45360,65.078,3368.8,3897,6.9047, 323.19, 489.7
   45360,   45420,67.738,3104.8,3607.5,7.0643, 299.43, 460.75
   45420,   45480,202.18,3534.9,3887.5,15.131, 338.14, 488.75
   45480,   45540,55.519,3224.8,3741.3,6.3311, 310.23, 474.13
   45540,   45600,25.033,3132.4,3664.3,4.502, 301.92, 466.43
   45600,   45660,60.859,3460.4,3759,6.6516, 331.43, 475.9
   45660,   45720,135.03,3370,3865.4,11.102, 323.3, 486.54
   45720,   45780,86.653,3589.7,4010.3,8.1992, 343.08, 501.03
   45780,   45840,60.173,3644.9,4055.6,6.6104, 348.04, 505.56
   45840,   45900,131.35,3811.6,4553.1,10.881, 363.04, 555.31
   45900,   45960,80.288,3791.7,4342.8,7.8173, 361.25, 534.28
   45960,   46020,440.42,4099.3,4643.2,29.425, 388.93, 564.32
   46020,   46080,31.651,2793.4,3060.1,4.899, 271.41, 406.01
   46080,   46140,34.785,2711.7,3153.6,5.0871, 264.05, 415.36
   46140,   46200,44.144,2688.7,3099.7,5.6486, 261.98, 409.97
   46200,   46260,57.101,2942.8,3426.9,6.4261, 284.85, 442.69
   46260,   46320,70.137,2950.3,3636.6,7.2082, 285.53, 463.66
   46320,   46380,183.29,3578.6,4163.7,13.997, 342.07, 516.37
   46380,   46440,153.17,3614.5,4385.1,12.19, 345.31, 538.51
   46440,   46500,202.22,3717,4405.9,15.133, 354.53, 540.59
   46500,   46560,673.79,4589.5,5264.9,43.428, 433.05, 626.49
   46560,   46620,136.29,3109.3,4139.7,11.178, 299.84, 513.97
   46620,   46680,50.873,2695.6,3058.9,6.0524, 262.6, 405.89
   46680,   46740,96.499,3058.6,3531.7,8.79, 295.27, 453.17
   46740,   46800,96.312,3155.3,3553.6,8.7787, 303.97, 455.36
   46800,   46860,176.25,3247.8,3724.2,13.575, 312.3, 472.42
   46860,   46920,202.52,3178.5,3659.5,15.151, 306.06, 465.95
   46920,   46980,286.04,3473.2,4073.6,20.163, 332.59, 507.36
   46980,   47040,319.74,4416.6,4755.7,22.185, 417.49, 575.57
   47040,   47100,291.61,3909.4,4832.9,20.497, 371.84, 583.29
   47100,   47160,100.54,3510.5,4263.5,9.0326, 335.95, 526.35
   47160,   47220,96.349,3455.3,3837.2,8.7809, 330.98, 483.72
   47220,   47280,186.34,4239.2,4699.6,14.181, 401.53, 569.96
   47280,   47340,1107.7,5530.9,5671.8,69.46, 517.78, 667.18
   47340,   47400,800.95,5020.9,6951.6,51.057, 471.88, 795.16
   47400,   47460,191.59,4358.6,4958.6,14.495, 412.28, 595.86
