CampaignData_and_Merges/R0/CSL_MobileLab_Parked/raw/20240813/USOS-NOAAIodideCIMS-PANs_MobileLabGround_20240813_RA.ict
35, 1001
Michael A Robinson, Chris Jernigan, Subi Thakali
NOAA ESRL Chemical Sciences Laboratory and CIRES, U. of Colorado
NOAA Iodide CIMS Instrument
USOS
1, 1
2024, 08, 13, 2024, 08, 15
1
starttime_UTC, seconds_past_midnight, seconds_of_day_since_00:00:00_UTC
3
1, 1, 1
-9999, -9999, -9999
PAN_NOAACIMS, pptv, Gas_PAN_InSitu_S_AVMR, 
APAN_NOAACIMS, pptv, Gas_APAN_InSitu_S_AVMR, 
PPN_NOAACIMS, pptv, Gas_PPN_InSitu_S_AVMR, 
0
18
PI_CONTACT_INFO: 325 Broadway, R/CSD 7, Boulder, Colorado 80305; michael.a.robinson@noaa.gov; chris.jernigan@noaa.gov;
PLATFORM: NOAA CSL Mobile Lab
LOCATION: SLC, Utah
ASSOCIATED_DATA: 1Hz data also available on request.
INSTRUMENT_INFO: NOAA I- ToF CIMS
DATA_INFO: All data in parts per trillion by volume (pptv). 1 Hz data is available upon request.
UNCERTAINTY: TBD
ULOD_FLAG: -7777
ULOD_VALUE: N/A
LLOD_FLAG: -8888
LLOD_VALUE: N/A
DM_CONTACT_INFO: Nathan Howard; nathan.h.howard@noaa.gov
PROJECT_INFO: USOS, summer 2024. https://csl.noaa.gov/groups/csl7/measurements/2024usos/
STIPULATIONS_ON_USE: Users are strongly encouraged to contact the PI for proper data usage.
OTHER_COMMENTS: 
REVISION: RA
RA: Preliminary Data; For in-field use only
starttime_UTC, PAN_NOAACIMS, APAN_NOAACIMS, PPN_NOAACIMS
[from data line 1314]
 78840, 379.373,  2.211, 35.949
 78900, 378.926,  2.505, 38.619
 78960, 386.902,  4.341, 40.329
 79020, 379.092,  3.371, 37.598
 79080, 387.831,  2.541, 40.353
 79140, 392.539,  3.964, 39.624
 79200, 403.451,  3.502, 41.107
 79260, 433.128,  3.943, 40.399
 79320, 410.722,  2.851, 40.232
 79380, 404.531,  4.648, 38.402
 79440, 400.048,  2.965, 39.033
 79500, 436.096,  2.919, 43.575
 79560, 410.888,  4.586, 39.946
 79620, 407.621,  2.799, 40.915
 79680, 398.120,  2.764, 37.138
 79740, 418.240,  2.881, 39.225
 79800, 416.000,  2.815, 39.541
 79860, 410.775,  2.956, 37.548
 79920, 401.771,  4.282, 38.615
 79980, 395.968,  3.821, 40.940
 80040, 409.468,  4.498, 39.693
 80100, 405.073,  3.674, 36.325
 80160, 388.398,  3.053, 35.184
 80220, 402.089,  5.358, 39.032
 80280, 405.133,  3.282, 40.447
 80340, 410.261,  5.201, 39.318
 80400, -9999.000, -9999.000, -9999.000
 80460, 389.890,  7.352, 41.115
 80520, 405.914,  4.692, 39.066
 80580, 411.086,  4.217, 38.378
 80640, 402.712,  4.597, 37.233
 80700, 379.435,  4.450, 35.085
 80760, 377.060,  3.259, 33.690
 80820, 378.993,  5.734, 37.886
 80880, 383.262,  2.886, 35.802
 80940, 374.087,  3.725, 31.817
 81000, 380.995,  4.413, 38.547
 81060, 388.343,  3.982, 38.345
 81120, 399.050,  3.945, 35.547
 81180, 417.288,  2.883, 35.194
 81240, 412.246,  4.283, 40.757
 81300, 429.003,  4.605, 40.865
 81360, 414.519,  4.893, 41.018
 81420, 415.916,  4.662, 41.091
 81480, 407.652,  4.395, 40.785
 81540, 398.230,  3.946, 34.758
 81600, 407.774,  3.970, 38.622
 81660, 408.025,  4.468, 36.907
 81720, 402.847,  3.733, 37.356
 81780, 405.799,  4.676, 33.937
 81840, 407.790,  3.500, 38.632
 81900, 427.161,  3.849, 38.477
 81960, 426.677,  2.229, 40.841
 82020, 413.890,  4.550, 37.646
 82080, 433.901,  2.906, 39.702
 82140, 424.794,  3.231, 35.487
 82200, 417.249,  3.814, 34.968
 82260, -9999.000, -9999.000, -9999.000
 82320, 415.003,  4.879, 38.836
 82380, 429.352,  4.296, 39.583
 82440, 422.014,  2.399, 38.031
 82500, 414.972,  3.163, 37.771
 82560, 404.691,  3.483, 34.186
 82620, 408.876,  4.352, 38.412
 82680, 422.284,  3.717, 39.385
 82740, 411.161,  3.396, 36.231
 82800, 405.721,  4.143, 34.428
 82860, 410.924,  4.588, 36.840
 82920, 419.468,  3.936, 36.221
 82980, 425.379,  4.991, 38.440
 83040, 418.521,  4.269, 36.007
 83100, 418.829,  2.485, 37.781
 83160, 432.684,  4.889, 40.424
 83220, 420.852,  3.832, 35.599
 83280, 398.603,  4.056, 37.182
 83340, 401.898,  2.913, 35.399
 83400, 409.138,  3.260, 33.766
 83460, 413.213,  3.827, 36.873
 83520, 398.670,  3.693, 37.078
 83580, 404.627,  4.150, 33.560
 83640, 417.147,  4.628, 35.943
 83700, 410.815,  4.161, 37.173
 83760, 406.874,  4.015, 35.420
 83820, 418.419,  3.342, 35.284
 83880, 329.490,  3.254, 26.892
 83940, 289.297,  5.728, 25.786
 84000, 274.866,  2.940, 23.093
 84060, 305.908,  3.424, 22.795
 84120, -9999.000, -9999.000, -9999.000
 84180, 256.163,  4.307, 22.420
 84240, 266.886,  3.262, 19.857
 84300, 267.595,  4.029, 21.800
 84360, 296.595,  3.418, 25.074
 84420, 296.773,  3.980, 27.807
 84480, 297.292,  3.956, 24.557
 84540, 289.304,  3.061, 21.395
 84600, 295.807,  3.439, 21.197
 84660, 299.874,  2.961, 22.974
 84720, 303.084,  3.249, 24.422
 84780, 288.880,  1.772, 22.345
 84840, 304.352,  3.994, 24.772
 84900, 294.053,  3.641, 22.974
 84960, 309.451,  3.504, 23.871
 85020, 288.799,  2.843, 21.652
 85080, 275.220,  3.849, 20.776
 85140, 273.365,  2.545, 19.849
 85200, 283.565,  2.539, 20.507
 85260, 265.267,  2.566, 17.209
 85320, 269.828,  3.903, 18.741
 85380, 268.256,  3.946, 17.795
 85440, 269.470,  2.541, 18.789
 85500, 261.446,  2.796, 18.822
 85560, 271.301,  4.088, 19.767
 85620, 268.527,  2.340, 17.375
 85680, 266.642,  2.582, 18.733
 85740, 262.513,  3.529, 18.590
 85800, 256.001,  2.639, 19.632
 85860, 265.736,  2.045, 19.131
 85920, 255.656,  2.587, 16.226
 85980, 259.658,  1.138, 12.826
 86040, 261.220,  3.120, 20.607
 86100, 249.896,  1.539, 19.216
 86160, 253.570,  2.387, 18.065
 86220, 247.813,  2.012, 16.920
 86280, 252.440,  2.398, 16.588
 86340, 251.323,  2.883, 17.570
