CampaignData_and_Merges/R0/CSL_MobileLab_Parked/raw/20240813/USOS-POPS_MobileLabGround_20240813_R0.ict
78, 1001
Thornberry, T. D.
NOAA Chemical Sciences Laboratory
Portable Optical Particle Spectrometer (POPS)
USOS
1, 1
2024, 08, 13, 2025, 05, 08
60
Time_Start, seconds_past_midnight, Start time of measurement
45
1, 1, 1, 1, 1, 1, 1, 1, 1, 1, 1, 1, 1, 1, 1, 1, 1, 1, 1, 1, 1, 1, 1, 1, 1, 1, 1, 1, 1, 1, 1, 1, 1, 1, 1, 1, 1, 1, 1, 1, 1, 1, 1, 1, 1
-9999, -9999, -9999, -9999, -9999, -9999, -9999, -9999, -9999, -9999, -9999, -9999, -9999, -9999, -9999, -9999, -9999, -9999, -9999, -9999, -9999, -9999, -9999, -9999, -9999, -9999, -9999, -9999, -9999, -9999, -9999, -9999, -9999, -9999, -9999, -9999, -9999, -9999, -9999, -9999, -9999, -9999, -9999, -9999, -9999
Time_Stop, seconds_past_midnight, Stop time of measurement
Time_Mid, seconds_past_midnight, Mid time of measurement
Press_mb, mb, Pressure reported (mb)
Temp_C, degrees C, POPS temperature measurement
Aerosol_concentration, cm^-3, Aerosol concentration
Surface_Area_Conc, um^2 cm^-3, Surface area concentration
Volume_density, um^3 cm^-3, Volume density
Effective_radius, um, Effective radius
Extinction, km^-1, Extinction
Bin01, cm^-3, particle concentration in size range [1401 - 146.3 nm]
Bin02, cm^-3, particle concentration in size range [146.3 - 152.8 nm]
Bin03, cm^-3, particle concentration in size range [152.8 - 159.6 nm]
Bin04, cm^-3, particle concentration in size range [159.6 - 166.8 nm]
Bin05, cm^-3, particle concentration in size range [166.8 - 174.2 nm]
Bin06, cm^-3, particle concentration in size range [174.2 - 181.9 nm]
Bin07, cm^-3, particle concentration in size range [181.9 - 190.0 nm]
Bin08, cm^-3, particle concentration in size range [190.0 - 198.5 nm]
Bin09, cm^-3, particle concentration in size range [198.5 - 207.4 nm]
Bin10, cm^-3, particle concentration in size range [207.4 - 216.6 nm]
Bin11, cm^-3, particle concentration in size range [216.6 - 226.2 nm]
Bin12, cm^-3, particle concentration in size range [226.2 - 236.3 nm]
Bin13, cm^-3, particle concentration in size range [236.3 - 246.8 nm]
Bin14, cm^-3, particle concentration in size range [246.8 - 257.8 nm]
Bin15, cm^-3, particle concentration in size range [257.8 - 269.3 nm]
Bin16, cm^-3, particle concentration in size range [269.3 - 343.4 nm]
Bin17, cm^-3, particle concentration in size range [343.4 - 450.7 nm]
Bin18, cm^-3, particle concentration in size range [450.7 - 525.9 nm]
Bin19, cm^-3, particle concentration in size range [525.9 - 618.5 nm]
Bin20, cm^-3, particle concentration in size range [618.5 - 710.0 nm]
Bin21, cm^-3, particle concentration in size range [710.0 - 822.7 nm]
Bin22, cm^-3, particle concentration in size range [822.7 - 885.9 nm]
Bin23, cm^-3, particle concentration in size range [885.9 - 953.9 nm]
Bin24, cm^-3, particle concentration in size range [953.9 - 1027.2 nm]
Bin25, cm^-3, particle concentration in size range [1027.2 - 1106.1 nm]
Bin26, cm^-3, particle concentration in size range [1106.1 - 1191.0 nm]
Bin27, cm^-3, particle concentration in size range [1191.0 - 1282.5 nm]
Bin28, cm^-3, particle concentration in size range [1282.5 - 1381.0 nm]
Bin29, cm^-3, particle concentration in size range [1381.0 - 1487.1 nm]
Bin30, cm^-3, particle concentration in size range [1487.1 - 1601.3 nm]
Bin31, cm^-3, particle concentration in size range [1601.3 - 1724.3 nm]
[...]
PLATFORM: NOAA CSL Mobile Lab
LOCATION: USOS
ASSOCIATED_DATA: N/A
INSTRUMENT_INFO: Printed Optical Particle Spectrometer counts particles from 140 - 2500 nm in diameter 
DATA_INFO: Particle concentrations reported in number per cubic centimeter,1 Hz data
UNCERTAINTY: Counting uncertainty dominated by air flow, less than 5 percent. Measurement range is ~0 - 3000 per cm3 (varies depending on flow rate- manufacturer quotes 1250 per cm3 at 1.667 cc/s)
ULOD_FLAG: -7777
ULOD_VALUE: N/A
LLOD_FLAG: -8888
LLOD_VALUE: N/A
DM_CONTACT_INFO: Troy Thornberry, 325 Broadway R/CSL6, Boulder, CO 80305; troy.thornberry@noaa.gov; 303-497-3373
PROJECT_INFO: USOS, Utah POPS data from NOAA CSL Mobile Lab
STIPULATIONS_ON_USE: Please contact the PIs for questions regarding applications and uncertainties
OTHER_COMMENTS: POPS bin Edges (nm):  140.1, 146.3, 152.8, 159.6, 166.8, 174.2, 181.9, 190.0, 198.5, 207.4, 216.6, 226.2, 236.3, 246.8, 257.8, 269.3, 343.4, 450.7, 525.9, 618.5, 710.0, 822.7, 885.9, 953.9, 1027.2, 1106.1, 1191.0, 1282.5, 1381.0, 1487.1, 1601.3, 1724.3, 1856.7, 1999.3, 2152.8, 2318.2, 2496.2
Calculations assume organic aerosol refractive index of 1.52+0.00j and extinction wavelength = 532 nm
REVISION: R0
R0: Final data
Time_Start, Time_Stop, Time_Mid, Press_mb, Temp_C, Aerosol_concentration, Surface_Area_Conc, Volume_density, Effective_radius, Extinction, Bin01, Bin02, Bin03, Bin04, Bin05, Bin06, Bin07, Bin08, Bin09, Bin10, Bin11, Bin12, Bin13, Bin14, Bin15, Bin16, Bin17, Bin18, Bin19, Bin20, Bin21, Bin22, Bin23, Bin24, Bin25, Bin26, Bin27, Bin28, Bin29, Bin30, Bin31, Bin32, Bin33, Bin34, Bin35, Bin36
[from data line 124]
7440,7499,7470,870.778,31.643,127.560,16.623,1.167,0.197,0.004,20.680681,17.721466,14.405715,12.594007,10.210892,8.165421,7.197557,6.024432,4.867742,4.311379,3.792265,3.422917,3.029381,2.731238,1.548674,4.301593,1.308545,0.449122,0.309509,0.072114,0.094107,0.038707,0.010983,0.050001,0.033354,0.022186,0.022334,0.010949,0.022303,0.016468,0.033192,0.027675,0.016522,0.000000,0.005394,0.010968
7500,7559,7530,870.758,31.545,135.480,17.651,1.176,0.186,0.004,22.551897,18.330639,15.127535,13.779716,11.075875,9.013643,7.419915,5.899192,5.224109,4.348756,3.590277,3.481043,3.386250,2.623518,1.884221,5.021745,1.224042,0.521477,0.367233,0.144594,0.082368,0.077512,0.055213,0.049983,0.016584,0.038599,0.016668,0.027815,0.005593,0.011074,0.033361,0.022066,0.000000,0.016469,0.000000,0.011167
7560,7619,7590,870.740,31.426,131.548,17.164,1.067,0.180,0.004,21.021351,17.715860,14.923785,12.930378,10.666004,8.898690,7.264446,6.385300,5.283640,4.407231,3.594126,3.429904,3.229038,2.638031,1.687252,4.679314,1.417486,0.465682,0.356163,0.099940,0.109798,0.061824,0.033486,0.022076,0.050087,0.022065,0.010739,0.027977,0.016612,0.044219,0.027967,0.000000,0.005556,0.010947,0.000000,0.010949
7620,7679,7650,870.646,31.460,128.158,16.881,1.135,0.193,0.004,19.769356,17.285978,14.492370,13.115858,10.833807,8.534597,7.055287,6.156962,4.712749,4.300339,3.672307,3.263387,3.090994,2.529508,1.844712,5.001012,1.230762,0.381248,0.334850,0.123216,0.100595,0.044353,0.028043,0.044502,0.021822,0.016893,0.022487,0.016817,0.016707,0.039034,0.027731,0.011009,0.016488,0.005274,0.005537,0.011301
7680,7739,7710,870.563,31.609,134.315,17.615,1.300,0.203,0.004,22.219612,18.377413,15.337594,13.345311,10.685618,9.164745,7.516286,6.076068,5.214279,4.089427,3.893808,3.459312,3.194127,2.656814,1.958925,4.629783,1.176678,0.456479,0.315071,0.111162,0.076664,0.049996,0.048974,0.044576,0.016365,0.049404,0.005650,0.011186,0.011262,0.016745,0.022200,0.022474,0.016837,0.011186,0.005537,0.027448
7740,7799,7770,870.530,31.649,139.931,17.693,1.064,0.171,0.004,22.616804,19.204994,16.274252,14.252140,11.935001,9.408343,7.953879,6.323227,5.352785,4.221507,3.872213,3.638785,2.986453,2.794065,1.896516,4.563005,1.274233,0.481782,0.337964,0.089516,0.083187,0.044194,0.076966,0.044332,0.027715,0.022242,0.027860,0.027689,0.010820,0.033305,0.022154,0.011093,0.016577,0.000000,0.005501,0.000000
7800,7859,7830,870.424,31.538,133.818,17.602,1.287,0.203,0.004,21.123379,18.030783,15.372877,13.169065,11.172621,9.331180,7.571023,6.250344,5.381115,4.492651,3.758198,3.532794,3.171409,2.742125,1.850339,4.429351,1.187224,0.434383,0.316597,0.072386,0.072023,0.050312,0.033628,0.016635,0.011130,0.039615,0.033336,0.022025,0.022280,0.022212,0.027629,0.016502,0.011047,0.016746,0.022213,0.011056
7860,7919,7890,870.353,31.423,135.964,17.358,1.067,0.177,0.004,21.799284,18.006826,15.566544,13.586133,11.244677,9.581721,7.678787,6.057491,5.353191,4.323754,3.776702,3.667049,3.172770,2.852958,2.006120,4.576192,1.228508,0.516236,0.402727,0.115076,0.082700,0.071559,0.071094,0.044372,0.032500,0.027384,0.016524,0.032688,0.016626,0.000000,0.016704,0.027604,0.005464,0.000000,0.005556,0.000000
7920,7979,7950,870.244,31.539,136.643,17.303,1.014,0.165,0.004,21.069229,18.359701,15.127394,13.357644,11.300764,9.638963,7.801302,6.705881,5.449518,4.495625,4.190261,3.662947,3.058916,2.937737,2.015137,5.010312,1.295502,0.437702,0.284534,0.072192,0.076894,0.044606,0.050241,0.016886,0.011149,0.027861,0.038348,0.039041,0.016521,0.005747,0.016341,0.005727,0.000000,0.005411,0.000000,0.016777
7980,8039,8010,870.246,31.678,130.042,17.527,1.263,0.199,0.004,19.339706,17.031715,14.762749,12.750952,10.937207,9.033490,7.274791,6.295553,5.210514,4.291323,3.725155,3.496787,3.382336,2.717892,2.074216,5.050641,1.476971,0.384538,0.303205,0.050062,0.038223,0.038587,0.060560,0.044297,0.049814,0.016648,0.038987,0.027656,0.016416,0.011111,0.044326,0.016513,0.010633,0.015975,0.011130,0.011074
8040,8099,8070,870.254,31.641,123.828,15.877,0.917,0.166,0.004,18.725275,15.543390,13.449709,11.965743,10.414936,8.607176,6.976210,6.019115,4.987993,4.051239,3.933114,3.401380,3.183735,2.859205,2.109484,5.236534,1.399302,0.336702,0.269235,0.082898,0.054957,0.027933,0.033001,0.005593,0.005727,0.022248,0.016440,0.027369,0.016618,0.021611,0.022172,0.011001,0.000000,0.000000,0.005376,0.005631
8100,8159,8130,870.272,31.493,124.924,15.552,0.770,0.143,0.003,18.622072,16.490498,13.702066,12.203822,9.933411,8.721530,7.348447,5.767038,4.956555,4.658677,3.706964,3.438605,3.164323,2.886780,2.028397,4.980648,1.274822,0.397851,0.297722,0.072514,0.071703,0.033029,0.066551,0.016817,0.021809,0.011205,0.000000,0.011093,0.000000,0.022151,0.005429,0.000000,0.000000,0.005593,0.000000,0.005482
8160,8219,8190,870.281,31.396,126.149,16.147,0.999,0.176,0.004,18.060112,16.420250,14.020857,12.460468,10.317847,8.710027,7.364889,6.307473,4.982583,4.443695,3.872116,3.837805,3.113084,2.782433,2.093907,4.886860,1.363521,0.466849,0.289440,0.094534,0.055147,0.022223,0.038509,0.022132,0.011252,0.011156,0.005574,0.005537,0.022111,0.011261,0.005708,0.027435,0.005669,0.005631,0.000000,0.010941
8220,8279,8250,870.313,31.472,125.670,16.142,0.992,0.171,0.004,18.003557,16.247627,13.888608,11.968152,10.525569,8.817934,7.521566,6.516564,5.205964,4.254344,3.844968,3.312569,3.322408,2.779371,2.265305,4.913358,1.272155,0.348825,0.232801,0.078335,0.094195,0.027971,0.060791,0.027715,0.022210,0.011058,0.011021,0.011319,0.011300,0.016340,0.011321,0.022168,0.005669,0.005688,0.005631,0.005482
8280,8339,8310,870.347,31.557,129.407,16.424,0.950,0.167,0.004,19.096783,16.374689,14.295742,12.817851,11.023672,9.238197,7.146703,6.199414,5.081336,4.833568,3.725256,3.596675,3.376184,2.797677,2.207946,5.187176,1.338436,0.481676,0.232618,0.066451,0.055731,0.044495,0.022131,0.027674,0.027324,0.005501,0.016783,0.016818,0.016761,0.011149,0.005631,0.016377,0.011186,0.000000,0.005669,0.005708
8340,8399,8370,870.354,31.458,132.886,17.131,1.056,0.174,0.004,19.727955,17.032167,14.687508,12.937769,11.266619,9.523529,7.638323,6.237530,5.150655,4.636613,4.037490,3.623509,3.339391,2.808802,2.237736,5.351900,1.524593,0.507987,0.225616,0.082110,0.038700,0.033159,0.038684,0.016569,0.038714,0.016399,0.033137,0.010878,0.005631,0.016168,0.010667,0.016507,0.011057,0.005631,0.005482,0.010897
8400,8459,8430,870.331,31.305,130.020,16.907,1.003,0.169,0.004,19.161455,16.397350,14.215255,12.612003,10.526533,9.414598,7.699549,6.465226,5.294850,4.518309,3.797311,3.500105,3.375397,2.904804,2.157169,5.514772,1.383468,0.378249,0.265834,0.060405,0.105480,0.044491,0.027694,0.022372,0.027953,0.022416,0.010847,0.027913,0.005612,0.033323,0.022156,0.000000,0.005650,0.005519,0.000000,0.016235
8460,8519,8490,870.302,31.285,131.243,17.195,1.142,0.185,0.004,18.704069,17.066362,14.690955,12.833888,10.977690,8.744637,7.742455,6.503624,5.352282,4.683314,3.931927,3.862483,3.350075,3.100733,2.173856,5.030120,1.351372,0.409654,0.289022,0.067098,0.049661,0.044327,0.038996,0.038908,0.027528,0.027875,0.022318,0.016544,0.016875,0.027782,0.005574,0.028123,0.022282,0.000000,0.000000,0.010932
8520,8579,8550,870.284,31.462,131.774,17.329,1.040,0.174,0.004,18.848269,16.490587,14.399613,12.647984,10.745935,9.100262,8.120848,6.449450,5.180775,5.042562,3.942994,3.777434,3.752719,3.105487,2.147860,5.385843,1.479220,0.462086,0.221235,0.055527,0.083647,0.028114,0.061454,0.033557,0.033446,0.022156,0.055320,0.022716,0.011168,0.005291,0.033033,0.005708,0.005631,0.005411,0.000000,0.011004
8580,8639,8610,870.268,31.545,133.372,17.753,1.123,0.176,0.004,18.939821,16.934019,14.093575,12.767266,11.336221,9.390619,7.584949,6.573517,5.501375,4.968853,4.055272,3.793591,3.495258,3.032841,2.143532,5.914025,1.612417,0.449263,0.320641,0.116383,0.060692,0.038476,0.027819,0.044076,0.033321,0.016958,0.021932,0.000000,0.033598,0.000000,0.022089,0.005631,0.000000,0.016601,0.016586,0.011210
8640,8699,8670,870.261,31.437,133.507,17.837,1.214,0.185,0.004,19.231508,17.175678,14.823843,12.833610,10.995495,8.993873,7.756290,6.573301,5.587071,4.818108,4.287551,3.920602,3.278499,3.012064,2.148972,5.350412,1.522904,0.449207,0.282627,0.100328,0.055604,0.033017,0.027656,0.027802,0.027835,0.011075,0.011223,0.033070,0.016513,0.033412,0.021993,0.011057,0.021510,0.000000,0.027846,0.005308
8700,8759,8730,870.226,31.346,138.198,17.230,0.917,0.151,0.004,20.627356,18.466234,15.304610,13.657401,11.076204,9.406860,8.064603,6.895589,5.266224,5.095502,4.003829,3.610488,3.760672,3.036805,2.099727,5.156837,1.649884,0.378112,0.295564,0.089200,0.044361,0.028100,0.055502,0.022336,0.022339,0.005593,0.010929,0.022339,0.011514,0.005556,0.000000,0.000000,0.005308,0.000000,0.005464,0.017068
8760,8819,8790,870.198,31.431,135.908,17.051,0.885,0.150,0.004,19.533369,17.388769,15.051545,13.172091,11.095862,9.583025,8.185399,6.708660,5.829917,4.793774,3.968910,3.810998,3.483943,3.085488,2.333369,5.506715,1.377430,0.413092,0.253293,0.033379,0.055370,0.033195,0.027876,0.038050,0.010965,0.032971,0.022319,0.000000,0.011242,0.016779,0.044322,0.005556,0.000000,0.000000,0.000000,0.000000
8820,8879,8850,870.198,31.615,133.611,17.146,1.021,0.169,0.004,19.597153,16.779003,14.945389,13.023374,10.801676,9.472273,7.832561,6.648420,5.646999,4.836531,3.961070,3.964088,3.378733,2.965532,2.239762,4.950152,1.385737,0.522516,0.266291,0.049376,0.066618,0.033411,0.027745,0.033600,0.049516,0.027440,0.022101,0.028030,0.005612,0.000000,0.011300,0.011283,0.000000,0.005501,0.011168,0.011063
8880,8939,8910,870.193,31.607,133.609,16.953,0.928,0.158,0.004,19.494942,17.260767,14.368934,12.825296,11.271433,9.578892,7.963327,6.760674,5.092611,4.512910,4.285440,3.677766,3.536379,3.074443,2.157683,5.273995,1.375800,0.479991,0.292345,0.060656,0.027317,0.032832,0.038363,0.016734,0.027564,0.005631,0.016685,0.027928,0.010967,0.011283,0.016687,0.000000,0.021788,0.005501,0.000000,0.005727
8940,8999,8970,870.184,31.474,133.276,16.989,0.973,0.163,0.004,19.641155,16.953991,14.616616,12.742336,11.173528,9.603382,7.575153,6.419113,5.306116,4.471901,4.206628,3.819250,3.394354,2.964177,2.179560,5.610539,1.614389,0.282614,0.338029,0.088472,0.076754,0.033070,0.027486,0.027403,0.011007,0.000000,0.011022,0.011133,0.011242,0.010858,0.016489,0.010685,0.005556,0.005501,0.011300,0.005464
9000,9059,9030,870.168,31.380,133.738,16.907,0.867,0.149,0.004,19.615742,16.587137,15.343683,12.711506,11.087259,9.085156,7.864033,6.591920,5.784076,4.536610,4.011417,3.762724,3.514419,3.078399,2.195538,5.228364,1.554397,0.506557,0.323662,0.044330,0.060810,0.055973,0.028010,0.027835,0.033137,0.022124,0.021986,0.000000,0.022326,0.016689,0.005556,0.005593,0.011133,0.000000,0.000000,0.000000
9060,9119,9090,870.137,31.517,135.467,17.470,1.071,0.172,0.004,19.917635,17.016371,15.132332,12.925473,11.196331,9.454986,7.733840,6.819056,5.620550,4.849845,4.308223,3.629651,3.676229,2.920411,2.226369,5.541890,1.461959,0.419227,0.214767,0.071292,0.049233,0.055612,0.033340,0.038034,0.016417,0.010954,0.011204,0.022058,0.010977,0.027026,0.011319,0.011039,0.005376,0.005537,0.005593,0.016595
9120,9179,9150,870.126,31.597,134.551,17.237,0.964,0.160,0.004,19.622816,16.679310,14.688507,13.228912,10.989353,9.604774,8.096498,6.900515,5.753098,4.575508,4.069253,3.992166,3.290011,3.107998,2.170146,5.117197,1.390549,0.526249,0.348802,0.060891,0.050307,0.071997,0.038751,0.038441,0.016509,0.022207,0.027862,0.005482,0.011076,0.005631,0.016393,0.005574,0.011130,0.011262,0.000000,0.005447
9180,9239,9210,870.143,31.573,131.162,17.124,1.047,0.173,0.004,18.643934,16.811110,13.996959,12.517504,11.388103,9.349848,7.972869,6.423454,5.393576,4.670105,4.121117,3.729844,3.222936,2.878439,2.116639,5.166335,1.609652,0.356960,0.341345,0.088708,0.071795,0.054783,0.027115,0.027744,0.032994,0.022286,0.016452,0.011242,0.027216,0.000000,0.027534,0.016398,0.016539,0.000000,0.010947,0.000000
9240,9299,9270,870.119,31.489,129.221,16.718,0.975,0.167,0.004,18.565889,16.839531,14.328431,12.221929,10.924852,8.908569,7.255869,6.339791,5.230749,4.344368,4.267135,3.727332,3.624843,2.739535,2.151288,5.025116,1.464136,0.565611,0.301700,0.066666,0.071862,0.045218,0.038728,0.028060,0.028126,0.016782,0.010894,0.010633,0.005574,0.005411,0.027659,0.011264,0.011133,0.010911,0.005612,0.000000
9300,9359,9330,870.117,31.535,131.902,16.730,0.958,0.163,0.004,19.479513,16.794319,15.014130,12.927933,10.510436,9.325287,7.572663,6.366322,5.806258,4.451766,3.915647,3.843563,3.415895,3.000680,1.995233,5.069181,1.387017,0.430302,0.267102,0.050501,0.055591,0.022353,0.027951,0.022285,0.022390,0.033680,0.010858,0.021899,0.011005,0.011186,0.000000,0.000000,0.005376,0.005747,0.016971,0.011186
9360,9419,9390,870.131,31.693,133.799,17.564,1.083,0.173,0.004,19.254564,16.704744,14.467343,13.590373,11.304759,9.410032,7.638553,6.564226,5.398313,4.792711,4.135251,3.860779,3.374767,2.964419,2.320511,5.414711,1.344199,0.455903,0.314578,0.110661,0.055728,0.060950,0.055633,0.011111,0.033565,0.005593,0.016779,0.016625,0.022395,0.027558,0.022063,0.011038,0.027652,0.010952,0.000000,0.000000
9420,9479,9450,870.155,31.778,134.797,17.737,1.152,0.183,0.004,19.103636,17.281435,14.501663,12.893345,11.773257,9.186611,7.481884,6.661342,5.463216,4.818813,4.332845,3.761197,3.557548,3.201364,2.248585,5.784647,1.444810,0.448505,0.359129,0.099892,0.066374,0.077499,0.032972,0.049716,0.033054,0.016798,0.005556,0.016466,0.027486,0.005258,0.005669,0.039319,0.000000,0.005631,0.005574,0.005519
9480,9539,9510,870.176,31.659,127.629,16.073,0.840,0.150,0.003,18.708403,15.684508,14.346623,12.926833,10.996345,8.867629,7.317266,6.214136,4.937298,4.234026,3.853458,3.563067,3.384543,2.941602,2.076346,5.213167,1.307165,0.466341,0.244888,0.073017,0.061493,0.033464,0.022317,0.027843,0.021979,0.033105,0.011002,0.016837,0.005464,0.011095,0.005574,0.000000,0.011340,0.000000,0.005631,0.005556
9540,9599,9570,870.213,31.535,129.065,16.860,1.054,0.172,0.004,18.610672,16.412788,13.877540,12.784473,10.494941,9.059340,7.713811,6.575347,5.504765,4.333579,3.836999,3.721892,3.295325,2.910794,2.201926,5.256388,1.339128,0.431587,0.249606,0.094119,0.088471,0.043953,0.055617,0.010899,0.016557,0.016971,0.011130,0.016673,0.016350,0.016706,0.016557,0.011023,0.016692,0.005411,0.005411,0.011244
9600,9659,9630,870.195,31.617,125.057,16.497,1.047,0.179,0.004,18.257816,16.469273,13.601804,12.212340,10.769772,8.937692,7.257244,6.126762,4.838306,4.306173,3.769180,3.611526,2.875027,2.778664,1.897343,5.000906,1.122772,0.422865,0.306004,0.093713,0.032960,0.027992,0.078280,0.050421,0.027726,0.016807,0.022431,0.044673,0.016704,0.011172,0.033449,0.005650,0.016359,0.011357,0.000000,0.005593
9660,9719,9690,870.233,31.797,123.235,15.378,0.774,0.147,0.003,18.037630,15.751095,13.635986,11.559293,10.413198,9.042020,7.427194,5.946074,5.226568,4.074865,3.690778,3.464846,3.227921,2.738093,1.756901,4.920344,1.196823,0.476122,0.327808,0.083057,0.050333,0.061177,0.021974,0.016269,0.000000,0.016527,0.016619,0.011130,0.011224,0.010983,0.000000,0.005574,0.016510,0.000000,0.000000,0.000000
9720,9779,9750,870.218,31.775,123.266,15.789,0.972,0.175,0.004,17.774721,15.835750,13.931759,12.406470,10.252168,8.573357,6.969712,6.144821,4.919806,4.267325,3.678411,3.625655,3.171225,2.594325,2.058938,4.783121,1.356670,0.360944,0.205678,0.071744,0.055950,0.005612,0.027372,0.039174,0.016964,0.011319,0.021974,0.010911,0.005394,0.028002,0.022392,0.016633,0.005258,0.000000,0.010704,0.005556
