CampaignData_and_Merges/R0/CSL_MobileLab_Parked/raw/20240813/USOS-NOAAIodideCIMS-HNO2_MobileLabGround_20240813_RA.ict
33, 1001
Michael A Robinson, Chris Jernigan, Subi Thakali
NOAA ESRL Chemical Sciences Laboratory and CIRES, U. of Colorado
NOAA Iodide CIMS Instrument
USOS
1, 1
2024, 08, 13, 2024, 08, 15
1
starttime_UTC, seconds_past_midnight, seconds_of_day_since_00:00:00_UTC
1
1
-9999
HNO2_NOAACIMS, pptv, Gas_HNO2_InSitu_S_AVMR, 
0
18
PI_CONTACT_INFO: 325 Broadway, R/CSD 7, Boulder, Colorado 80305; michael.a.robinson@noaa.gov; chris.jernigan@noaa.gov;
PLATFORM: NOAA CSL Mobile Lab
LOCATION: SLC, Utah
ASSOCIATED_DATA: 1Hz data also available on request.
INSTRUMENT_INFO: NOAA I- ToF CIMS
DATA_INFO: All data in parts per trillion by volume (pptv). 1 Hz data is available upon request.
UNCERTAINTY: TBD
ULOD_FLAG: -7777
ULOD_VALUE: N/A
LLOD_FLAG: -8888
LLOD_VALUE: N/A
DM_CONTACT_INFO: Nathan Howard; nathan.h.howard@noaa.gov
PROJECT_INFO: USOS, summer 2024. https://csl.noaa.gov/groups/csl7/measurements/2024usos/
STIPULATIONS_ON_USE: Users are strongly encouraged to contact the PI for proper data usage.
OTHER_COMMENTS: 
REVISION: RA
RA: Preliminary Data; For in-field use only
starttime_UTC, HNO2_NOAACIMS
[from data line 1032]
 61920, -9999.000
 61980, 97.141
 62040, 95.408
 62100, 103.356
 62160, 100.807
 62220, 104.323
 62280, 94.604
 62340, 90.009
 62400, 91.391
 62460, 87.446
 62520, 95.841
 62580, 101.720
 62640, 103.903
 62700, 100.935
 62760, 110.459
 62820, 101.308
 62880, 106.447
 62940, 93.726
 63000, 90.099
 63060, 97.556
 63120, 97.532
 63180, 88.177
 63240, 88.655
 63300, 85.272
 63360, 84.730
 63420, 81.749
 63480, 84.638
 63540, 92.491
 63600, 96.694
 63660, 92.725
 63720, 79.134
 63780, 79.993
 63840, 93.825
 63900, 83.346
 63960, 98.301
 64020, 96.548
 64080, 85.116
 64140, 89.317
 64200, 93.643
 64260, 85.893
 64320, 95.030
 64380, 107.721
 64440, 114.039
 64500, 101.505
 64560, 111.892
 64620, 123.567
 64680, 98.998
 64740, 106.858
 64800, 103.671
 64860, 103.866
 64920, 87.463
 64980, 98.360
 65040, 101.445
 65100, 91.568
 65160, 97.167
 65220, 94.908
 65280, 111.367
 65340, 110.116
 65400, 118.272
 65460, 112.048
 65520, 95.257
 65580, 89.980
 65640, -9999.000
 65700, 88.219
 65760, 89.015
 65820, 95.513
 65880, 106.876
 65940, 90.478
 66000, 102.693
 66060, 90.325
 66120, 72.338
 66180, 90.132
 66240, 91.953
 66300, 88.208
 66360, 82.427
 66420, 86.043
 66480, 84.967
 66540, 85.496
 66600, 81.267
 66660, 78.020
 66720, 81.283
 66780, 81.453
 66840, 83.418
 66900, 69.964
 66960, 66.055
 67020, 76.697
 67080, 76.619
 67140, 83.647
 67200, 81.945
 67260, 81.299
 67320, 60.957
 67380, 60.576
 67440, 62.951
 67500, 55.459
 67560, 73.478
 67620, 79.228
 67680, 72.414
 67740, 71.811
 67800, 66.541
 67860, 75.438
 67920, 67.813
 67980, 56.812
 68040, 71.482
 68100, 71.579
 68160, 71.071
 68220, 66.119
 68280, 65.358
 68340, 61.463
 68400, 74.695
 68460, 74.835
 68520, 63.139
 68580, 78.490
 68640, 69.296
 68700, 67.699
 68760, 77.334
 68820, 67.399
 68880, 68.719
 68940, 66.991
 69000, 68.620
 69060, 72.091
 69120, 86.743
 69180, 89.081
 69240, 81.081
 69300, 75.495
 69360, 51.261
 69420, 70.551
 69480, 73.455
 69540, 69.940
 69600, 61.175
 69660, 83.644
 69720, 66.186
 69780, 62.032
 69840, 63.816
 69900, 71.166
 69960, 66.708
 70020, 65.930
 70080, 62.067
 70140, 68.360
 70200, 58.580
 70260, 83.635
 70320, 54.890
 70380, 68.375
 70440, 67.614
 70500, 55.303
 70560, 61.593
 70620, 73.259
 70680, 60.935
 70740, 77.606
 70800, 48.384
 70860, 64.085
 70920, 74.443
 70980, 73.067
 71040, 69.981
 71100, 61.797
 71160, 75.597
 71220, 69.191
 71280, 67.374
 71340, 86.823
 71400, 89.670
 71460, 70.164
 71520, 56.693
 71580, 57.571
 71640, 61.264
 71700, 70.268
 71760, 70.955
 71820, 75.833
 71880, 81.523
 71940, 78.675
 72000, 67.324
 72060, 61.816
 72120, 58.928
 72180, 67.215
 72240, 58.845
 72300, 56.669
 72360, 58.719
 72420, 50.102
 72480, 53.606
 72540, 55.825
 72600, 48.091
 72660, 61.748
 72720, 69.318
 72780, 52.686
 72840, 60.735
 72900, 65.666
 72960, 53.770
 73020, -9999.000
 73080, 55.670
 73140, 57.030
 73200, 61.641
 73260, 50.991
 73320, 52.117
 73380, 60.668
 73440, 52.301
 73500, 54.005
 73560, 48.391
 73620, 47.482
 73680, 49.513
 73740, 51.247
 73800, 51.465
 73860, 54.569
 73920, 64.749
 73980, 63.070
 74040, 59.165
 74100, 60.141
 74160, 57.289
 74220, 58.631
 74280, 54.777
 74340, 63.769
 74400, 69.894
 74460, 75.806
 74520, 67.454
 74580, 48.796
 74640, 46.374
 74700, 49.592
 74760, 63.307
 74820, 56.000
 74880, -9999.000
 74940, 58.282
 75000, 48.312
 75060, 57.682
 75120, 47.853
 75180, 53.628
 75240, 55.227
 75300, 47.295
 75360, 46.798
 75420, 47.142
 75480, 46.064
 75540, 48.536
 75600, 55.117
 75660, 51.085
 75720, 50.449
 75780, 53.592
 75840, 67.323
 75900, 65.258
 75960, 63.480
 76020, 72.555
 76080, 57.311
 76140, 59.524
 76200, 58.834
 76260, 48.330
 76320, 43.883
 76380, 49.200
 76440, 39.290
 76500, 39.640
 76560, 49.286
 76620, 42.908
 76680, 45.262
 76740, -9999.000
 76800, 51.187
 76860, 42.666
 76920, 49.854
 76980, 44.550
 77040, 43.959
 77100, 48.980
 77160, 47.105
 77220, 52.939
 77280, 54.450
 77340, 63.799
 77400, 62.367
 77460, 58.002
 77520, 78.176
 77580, 48.933
 77640, 44.789
 77700, 54.807
 77760, 53.342
 77820, 43.553
 77880, 49.031
 77940, 37.200
 78000, 43.133
 78060, 40.550
 78120, 52.984
 78180, 61.619
 78240, 50.897
 78300, 58.806
 78360, 47.880
 78420, 45.943
 78480, 46.781
 78540, 34.711
 78600, 57.634
 78660, 34.353
 78720, 39.790
 78780, 41.864
 78840, 42.377
 78900, 40.339
 78960, 48.669
 79020, 51.416
 79080, 47.062
 79140, 39.245
 79200, 46.036
 79260, 47.231
 79320, 37.268
 79380, 37.926
 79440, 29.909
 79500, 35.356
 79560, 35.075
 79620, 42.241
 79680, 54.946
 79740, 42.916
 79800, 35.316
 79860, 34.974
 79920, 30.718
 79980, 34.029
 80040, 35.461
 80100, 30.783
 80160, 31.546
 80220, 33.395
 80280, 31.261
 80340, 39.188
 80400, -9999.000
 80460, 48.185
 80520, 28.407
 80580, 34.395
 80640, 30.128
 80700, 33.420
 80760, 24.553
 80820, 28.804
 80880, 30.391
 80940, 41.249
 81000, 39.153
 81060, 39.865
 81120, 36.492
 81180, 33.095
 81240, 30.227
 81300, 34.754
 81360, 30.966
 81420, 35.923
 81480, 24.192
 81540, 27.360
 81600, 23.559
 81660, 26.233
 81720, 26.252
 81780, 16.158
 81840, 23.729
 81900, 25.064
 81960, 23.908
 82020, 21.335
 82080, 24.129
 82140, 22.542
 82200, 19.436
 82260, -9999.000
 82320, 24.072
 82380, 22.262
 82440, 21.817
 82500, 20.735
 82560, 20.002
 82620, 53.272
 82680, 20.882
 82740, 23.108
 82800, 27.985
 82860, 27.348
 82920, 22.873
 82980, 28.941
 83040, 14.607
 83100, 23.605
 83160, 24.705
 83220, 30.270
 83280, 25.761
 83340, 32.321
 83400, 28.077
 83460, 24.184
 83520, 19.234
 83580, 15.274
 83640, 22.367
 83700, 24.350
 83760, 26.685
 83820, 17.908
 83880, 27.339
 83940, 25.962
 84000, 24.633
 84060, 29.439
 84120, -9999.000
 84180, 31.456
 84240, 31.315
 84300, 33.631
 84360, 39.538
 84420, 41.542
 84480, 35.569
 84540, 34.846
 84600, 28.449
 84660, 31.969
 84720, 28.525
 84780, 30.783
 84840, 34.860
 84900, 32.275
 84960, 38.439
 85020, 36.438
 85080, 33.013
 85140, 29.927
 85200, 33.774
 85260, 30.137
 85320, 38.672
 85380, 41.176
 85440, 44.479
 85500, 40.957
 85560, 42.157
 85620, 32.792
 85680, 44.414
 85740, 49.914
 85800, 54.650
 85860, 39.313
 85920, 48.823
 85980, 41.806
 86040, 43.752
 86100, 43.262
 86160, 42.446
 86220, 24.768
 86280, 24.259
 86340, 17.977
