CampaignData_and_Merges/R0/CSL_MobileLab_Parked/raw/20240813/USOS-MetNav_MobileLabGround_20240813_R0.ict
44, 1001
Carrie Womack, Nate Howard, Mike Zucker
NOAA Chemical Sciences Laboratory
Mobile Lab MetNav Station
USOS
1, 1
2024, 08, 13, 2024, 12, 21
60
Time_Start, seconds_past_midnight, Seconds from midnight UTC
11
1, 1, 1, 1, 1, 1, 1, 1, 1, 1, 1
-9999, -9999, -9999, -9999, -9999, -9999, -9999, -9999, -9999, -9999, -9999
GPS_Alt_m, meters, Altitude from Differential GPS
GPS_Course_deg, degrees, Course from Differential GPS
GPS_GndSpd_m_s, m/s, Ground Speed from Differential GPS
GPS_Heading_deg, degrees, Heading from Differential GPS
GPS_Lat_deg, degrees, Latitude from Differential GPS
GPS_Lon_deg, degrees, Longitude from Differential GPS
AirTemp_C, Celsius, Air Temperature from Airmar
RelHumidity_pct, percent, Relative Humidity from Airmar
Pressure_mb, millibars, Pressure from Honeywell
WindDir_calc_deg, degrees, Wind Direction from Airmar corrected for van movement
WindSpd_calc_m_s, m/s, Wind Speed from Airmar corrected for van movement
1
SPECIAL COMMENTS:
18
PI_CONTACT_INFO: Address: 325 Broadway R/CSL7, Boulder, CO, 80305
PLATFORM: CSL Mobile Lab
LOCATION: Salt Lake City, UT
ASSOCIATED_DATA: N/A
INSTRUMENT_INFO: N/A
DATA_INFO: Units:
UNCERTAINTY: N/A
ULOD_FLAG: -7777
ULOD_VALUE: N/A
LLOD_FLAG: -8888
LLOD_VALUE: N/A
DM_CONTACT_INFO: Data Manager: Nate Howard
PROJECT_INFO: 
STIPULATIONS_ON_USE: Use of these data require prior ok from PI.
OTHER_COMMENTS: 
REVISION: R0
R0: Final data. Fixed bug in wind averaging code. RA: Preliminary Data. For in-field use only. 
Time_Start, GPS_Alt_m, GPS_Course_deg, GPS_GndSpd_m_s, GPS_Heading_deg, GPS_Lat_deg, GPS_Lon_deg, AirTemp_C, RelHumidity_pct, Pressure_mb, WindDir_calc_deg, WindSpd_calc_m_s
[from data line 1250]
75000.0,1308.1,3.24,0.05,3.24,40.73433,-111.87210,31.6,26.1,874.5,182.43,4.8
75060.0,1308.2,3.10,0.05,3.10,40.73433,-111.87211,31.5,26.2,874.4,163.57,4.7
75120.0,1308.4,2.82,0.06,2.82,40.73433,-111.87211,31.6,26.6,874.4,168.31,4.0
75180.0,1308.4,2.27,0.05,2.27,40.73433,-111.87211,31.6,26.2,874.4,196.29,3.6
75240.0,1308.4,2.52,0.04,2.52,40.73433,-111.87211,31.5,26.2,874.4,182.70,5.3
75300.0,1308.4,2.59,0.05,2.59,40.73433,-111.87211,31.4,26.3,874.4,168.75,3.8
75360.0,1308.3,2.75,0.05,2.75,40.73433,-111.87211,31.5,26.3,874.3,178.33,2.7
75420.0,1308.4,2.35,0.05,2.35,40.73433,-111.87211,31.5,26.2,874.3,176.20,2.7
75480.0,1308.5,2.26,0.06,2.26,40.73433,-111.87211,31.5,26.6,874.3,157.27,4.3
75540.0,1308.5,2.50,0.05,2.50,40.73433,-111.87211,31.4,26.1,874.3,166.78,4.9
75600.0,1308.3,2.86,0.04,2.86,40.73433,-111.87211,31.2,26.8,874.3,154.65,5.9
75660.0,1308.3,2.60,0.05,2.60,40.73433,-111.87211,31.4,26.5,874.3,190.88,2.9
75720.0,1308.4,2.62,0.05,2.62,40.73433,-111.87211,31.6,26.3,874.2,182.63,3.0
75780.0,1308.3,2.30,0.05,2.30,40.73433,-111.87211,31.8,26.3,874.2,196.11,2.7
75840.0,1308.4,2.58,0.05,2.58,40.73433,-111.87211,32.1,26.4,874.1,172.80,2.1
75900.0,1308.5,2.69,0.04,2.69,40.73433,-111.87211,32.3,26.6,874.1,152.66,1.8
75960.0,1308.6,2.76,0.05,2.76,40.73433,-111.87211,32.3,26.2,874.2,153.15,4.4
76020.0,1308.7,2.40,0.05,2.40,40.73433,-111.87211,32.2,26.4,874.1,163.58,2.8
76080.0,1308.9,2.05,0.05,2.05,40.73433,-111.87211,32.2,25.9,874.1,161.92,4.3
76140.0,1309.0,2.11,0.05,2.11,40.73433,-111.87211,32.2,25.8,874.1,158.51,3.4
76200.0,1309.0,2.90,0.05,2.90,40.73433,-111.87211,32.3,26.1,874.1,182.00,2.9
76260.0,1309.1,2.63,0.05,2.63,40.73433,-111.87211,32.3,25.5,874.1,179.14,4.0
76320.0,1309.2,1.79,0.05,1.79,40.73433,-111.87211,32.1,25.6,874.1,160.56,5.4
76380.0,1309.4,2.08,0.05,2.08,40.73433,-111.87211,32.1,25.7,874.1,178.00,4.4
76440.0,1309.6,2.30,0.05,2.30,40.73433,-111.87211,32.1,25.8,874.1,201.95,4.0
76500.0,1309.6,2.53,0.05,2.53,40.73433,-111.87211,32.1,25.9,874.1,164.03,4.1
76560.0,1309.7,2.49,0.05,2.49,40.73433,-111.87211,32.0,26.0,874.1,184.91,3.0
76620.0,1309.7,2.33,0.05,2.33,40.73433,-111.87211,31.8,26.0,874.1,176.12,4.9
76680.0,1309.5,2.24,0.05,2.24,40.73433,-111.87211,31.9,26.0,874.1,179.49,2.9
76740.0,1309.5,1.62,0.05,1.62,40.73433,-111.87211,31.9,25.9,874.1,193.46,3.8
76800.0,1309.6,1.56,0.05,1.56,40.73433,-111.87211,32.0,26.3,874.1,167.40,2.4
76860.0,1309.6,1.58,0.05,1.58,40.73433,-111.87211,31.9,25.8,874.1,181.23,4.3
76920.0,1309.6,1.78,0.05,1.78,40.73433,-111.87211,32.0,26.1,874.0,158.81,2.8
76980.0,1309.4,1.87,0.04,1.87,40.73433,-111.87211,31.8,26.2,874.0,157.63,4.1
77040.0,1309.2,1.91,0.05,1.91,40.73433,-111.87211,31.9,26.1,874.0,183.60,4.1
77100.0,1309.2,2.61,0.05,2.61,40.73433,-111.87211,31.9,26.4,874.0,180.81,3.5
77160.0,1309.2,2.72,0.05,2.72,40.73433,-111.87211,31.9,26.4,874.0,180.20,3.6
77220.0,1309.0,2.39,0.06,2.39,40.73433,-111.87211,32.0,26.5,873.9,159.06,3.2
77280.0,1308.9,2.06,0.05,2.06,40.73433,-111.87211,32.0,26.6,873.9,147.84,3.7
77340.0,1308.9,2.28,0.05,2.28,40.73433,-111.87211,31.8,27.0,873.8,134.25,4.4
77400.0,1309.3,1.92,0.05,1.92,40.73433,-111.87211,31.7,26.7,873.8,142.05,4.3
77460.0,1309.7,2.14,0.07,2.14,40.73433,-111.87211,31.8,26.9,873.8,147.72,3.0
77520.0,1309.8,1.67,0.05,1.67,40.73433,-111.87211,32.1,27.1,873.8,164.42,2.6
77580.0,1309.7,1.29,0.05,1.29,40.73433,-111.87211,32.2,26.3,873.9,183.68,3.2
77640.0,1309.4,0.78,0.05,0.78,40.73433,-111.87211,32.2,25.9,873.8,152.06,3.8
77700.0,1309.3,1.10,0.05,1.10,40.73433,-111.87211,32.3,26.3,873.8,161.44,3.0
77760.0,1309.6,1.11,0.05,1.11,40.73433,-111.87211,32.4,26.2,873.8,176.46,2.7
77820.0,1310.0,1.22,0.05,1.22,40.73433,-111.87211,32.3,25.6,873.8,158.05,4.1
77880.0,1310.1,0.68,0.05,0.68,40.73433,-111.87211,32.3,25.8,873.8,186.41,3.1
77940.0,1310.0,0.66,0.05,0.66,40.73433,-111.87210,32.4,25.8,873.8,199.29,2.9
78000.0,1310.0,1.15,0.05,1.15,40.73433,-111.87211,32.4,25.7,873.8,200.36,2.8
78060.0,1310.0,1.69,0.05,1.69,40.73433,-111.87211,32.5,25.7,873.7,185.15,2.5
78120.0,1310.0,1.95,0.05,1.95,40.73433,-111.87211,32.6,25.6,873.7,170.58,2.7
78180.0,1310.0,1.83,0.04,1.83,40.73433,-111.87211,32.6,26.0,873.7,150.69,3.6
78240.0,1310.0,1.70,0.05,1.70,40.73433,-111.87211,32.3,26.1,873.7,138.89,3.9
78300.0,1310.1,1.26,0.05,1.26,40.73433,-111.87211,32.4,25.9,873.7,163.52,3.5
78360.0,1310.1,1.39,0.05,1.39,40.73433,-111.87211,32.5,25.9,873.7,194.03,2.8
78420.0,1310.2,1.37,0.04,1.37,40.73433,-111.87211,32.5,25.9,873.7,179.79,3.5
78480.0,1310.2,1.17,0.04,1.17,40.73433,-111.87211,32.3,25.8,873.7,155.48,5.0
78540.0,1310.4,0.97,0.05,0.97,40.73433,-111.87211,32.0,25.7,873.7,172.42,5.6
78600.0,1310.6,1.30,0.05,1.30,40.73433,-111.87211,32.2,26.1,873.6,176.45,2.0
78660.0,1310.7,1.70,0.04,1.70,40.73433,-111.87211,32.3,25.9,873.6,177.79,3.1
78720.0,1310.7,1.58,0.05,1.58,40.73433,-111.87211,32.2,25.2,873.6,189.06,3.8
78780.0,1310.6,1.59,0.05,1.59,40.73433,-111.87211,32.3,25.5,873.6,182.67,2.1
78840.0,1310.4,1.47,0.06,1.47,40.73433,-111.87211,32.5,25.5,873.6,174.03,1.7
78900.0,1310.3,1.63,0.06,1.63,40.73433,-111.87211,32.5,25.4,873.6,157.67,2.7
78960.0,1310.2,1.00,0.06,1.00,40.73433,-111.87210,32.5,25.3,873.6,180.58,3.6
79020.0,1310.2,1.04,0.05,1.04,40.73434,-111.87211,32.7,25.6,873.5,162.06,2.1
79080.0,1309.9,1.55,0.05,1.55,40.73434,-111.87210,33.0,25.5,873.6,190.44,1.3
79140.0,1309.7,1.45,0.05,1.45,40.73434,-111.87210,33.1,25.1,873.6,187.78,2.5
79200.0,1309.8,1.33,0.06,1.33,40.73434,-111.87210,33.0,24.9,873.6,192.55,3.1
79260.0,1309.8,0.84,0.05,0.84,40.73434,-111.87210,32.9,25.5,873.6,149.14,3.8
79320.0,1309.9,0.70,0.05,0.70,40.73434,-111.87211,32.7,24.9,873.6,158.94,4.1
79380.0,1309.9,0.75,0.06,0.75,40.73434,-111.87211,32.8,25.0,873.6,204.24,2.4
79440.0,1309.9,1.13,0.05,1.13,40.73434,-111.87211,32.7,24.8,873.6,168.20,3.9
79500.0,1309.9,1.57,0.05,1.57,40.73434,-111.87211,32.7,25.2,873.5,184.64,2.8
79560.0,1309.9,1.72,0.05,1.72,40.73434,-111.87211,32.6,25.1,873.5,174.08,4.1
79620.0,1309.9,2.00,0.05,2.00,40.73434,-111.87211,32.7,25.4,873.5,164.90,2.7
79680.0,1309.9,2.05,0.04,2.05,40.73434,-111.87211,32.4,25.9,873.5,152.94,4.3
79740.0,1309.9,1.92,0.04,1.92,40.73434,-111.87211,32.3,25.9,873.4,155.98,4.5
79800.0,1310.0,1.92,0.04,1.92,40.73434,-111.87211,32.3,25.5,873.4,185.11,3.9
79860.0,1309.9,1.84,0.04,1.84,40.73434,-111.87211,32.4,25.6,873.3,163.73,2.8
79920.0,1309.8,1.61,0.04,1.61,40.73434,-111.87211,32.2,25.1,873.3,170.49,4.6
79980.0,1309.7,1.72,0.06,1.72,40.73434,-111.87211,32.3,25.3,873.2,172.92,2.9
80040.0,1309.7,1.79,0.05,1.79,40.73434,-111.87211,32.5,25.5,873.1,185.90,2.7
80100.0,1309.6,1.61,0.05,1.61,40.73434,-111.87211,32.5,25.1,873.2,182.41,3.0
80160.0,1309.7,1.56,0.06,1.56,40.73434,-111.87211,32.3,25.8,873.2,155.19,5.0
80220.0,1309.8,1.52,0.05,1.52,40.73434,-111.87211,32.1,25.2,873.2,164.86,4.7
80280.0,1309.7,1.76,0.05,1.76,40.73434,-111.87211,32.3,25.4,873.1,169.16,2.6
80340.0,1309.6,2.08,0.05,2.08,40.73434,-111.87211,32.3,25.7,873.2,165.46,4.0
80400.0,1309.7,2.08,0.05,2.08,40.73434,-111.87211,32.3,25.4,873.2,166.92,3.7
80460.0,1309.7,2.31,0.04,2.31,40.73434,-111.87211,32.4,25.7,873.2,155.67,2.4
80520.0,1310.0,2.34,0.04,2.34,40.73434,-111.87211,32.1,25.6,873.3,154.28,5.6
80580.0,1310.4,2.32,0.05,2.32,40.73434,-111.87211,31.9,25.7,873.3,159.84,5.5
80640.0,1310.8,2.35,0.05,2.35,40.73434,-111.87210,31.7,25.4,873.3,163.03,5.5
80700.0,1311.0,2.03,0.06,2.03,40.73434,-111.87210,31.7,25.7,873.2,161.48,4.6
80760.0,1311.1,2.02,0.05,2.02,40.73434,-111.87210,31.7,25.5,873.2,166.07,4.1
80820.0,1311.0,2.37,0.05,2.37,40.73434,-111.87210,31.7,25.6,873.2,159.66,4.6
80880.0,1311.0,2.93,0.05,2.93,40.73434,-111.87210,31.8,25.5,873.1,168.52,3.1
80940.0,1311.1,3.05,0.05,3.05,40.73434,-111.87210,32.0,25.6,873.1,161.19,3.3
81000.0,1310.8,2.63,0.04,2.63,40.73434,-111.87210,31.9,25.4,873.1,155.92,5.1
81060.0,1310.6,2.45,0.05,2.45,40.73434,-111.87210,32.1,25.7,873.1,161.22,3.3
81120.0,1310.6,2.23,0.05,2.23,40.73434,-111.87210,32.1,25.6,873.1,163.22,3.7
81180.0,1310.4,2.09,0.05,2.09,40.73434,-111.87211,32.3,25.4,873.1,185.29,2.8
81240.0,1310.5,2.12,0.05,2.12,40.73434,-111.87211,32.5,25.5,873.1,148.51,2.6
81300.0,1310.3,1.85,0.05,1.85,40.73434,-111.87211,32.5,25.2,873.1,164.15,2.7
81360.0,1310.2,1.85,0.05,1.85,40.73434,-111.87211,32.7,25.1,873.1,179.91,1.8
81420.0,1310.1,1.69,0.05,1.69,40.73434,-111.87211,32.8,25.2,873.1,141.04,1.3
81480.0,1310.1,1.93,0.05,1.93,40.73434,-111.87211,32.7,24.7,873.2,163.57,3.8
81540.0,1310.0,2.13,0.05,2.13,40.73434,-111.87211,32.6,24.4,873.1,162.80,2.9
81600.0,1310.0,2.26,0.05,2.26,40.73434,-111.87210,32.7,24.5,873.0,184.92,1.8
81660.0,1309.9,1.95,0.06,1.95,40.73434,-111.87210,32.7,24.6,872.7,186.31,2.2
81720.0,1309.9,2.33,0.05,2.33,40.73434,-111.87211,32.7,24.7,872.7,169.72,1.9
81780.0,1309.9,1.96,0.06,1.96,40.73434,-111.87210,32.5,24.3,872.8,168.50,3.8
81840.0,1309.9,2.06,0.05,2.06,40.73434,-111.87210,32.4,24.4,872.7,165.26,3.3
81900.0,1309.9,2.24,0.05,2.24,40.73434,-111.87210,32.3,24.9,872.7,178.15,2.9
81960.0,1309.8,2.18,0.05,2.18,40.73434,-111.87210,32.2,25.4,872.7,164.79,3.1
82020.0,1309.8,2.24,0.04,2.24,40.73434,-111.87210,32.1,25.2,872.7,185.94,2.3
82080.0,1309.7,2.32,0.05,2.32,40.73434,-111.87210,32.1,25.3,872.7,196.78,2.0
82140.0,1309.6,2.31,0.03,2.31,40.73434,-111.87210,32.1,25.3,872.7,184.59,1.9
82200.0,1309.4,2.73,0.05,2.73,40.73434,-111.87211,31.9,25.2,872.7,171.62,3.5
82260.0,1309.5,2.62,0.04,2.62,40.73433,-111.87210,31.8,25.7,872.7,170.82,2.7
82320.0,1309.4,2.53,0.04,2.53,40.73433,-111.87210,31.9,25.8,873.0,187.83,2.1
82380.0,1309.2,2.70,0.05,2.70,40.73433,-111.87210,31.8,25.7,873.0,193.02,2.3
82440.0,1308.9,2.42,0.04,2.42,40.73433,-111.87210,31.8,25.6,873.0,174.00,2.7
82500.0,1308.8,2.21,0.04,2.21,40.73433,-111.87211,31.6,25.6,873.0,179.27,3.1
82560.0,1308.7,2.93,0.05,2.93,40.73433,-111.87211,31.6,25.7,873.0,170.44,2.7
82620.0,1308.7,3.09,0.05,3.09,40.73433,-111.87210,31.4,25.9,873.0,163.66,3.5
82680.0,1308.7,3.14,0.05,3.14,40.73433,-111.87210,31.3,26.1,872.9,162.95,2.6
82740.0,1308.7,2.97,0.04,2.97,40.73433,-111.87210,31.1,26.3,872.9,167.96,3.5
82800.0,1308.7,2.75,0.04,2.75,40.73433,-111.87210,31.1,26.5,872.9,170.79,1.9
82860.0,1308.8,2.86,0.04,2.86,40.73433,-111.87210,31.1,26.6,872.8,159.20,2.7
82920.0,1308.8,2.79,0.05,2.79,40.73433,-111.87210,31.0,27.1,872.8,151.12,3.6
82980.0,1308.8,2.79,0.05,2.79,40.73433,-111.87210,30.8,27.0,872.8,164.62,3.0
83040.0,1308.8,2.78,0.04,2.78,40.73433,-111.87210,30.8,26.7,872.9,181.38,2.8
83100.0,1308.8,2.32,0.06,2.32,40.73433,-111.87210,30.8,27.0,872.8,182.56,2.1
83160.0,1308.7,2.45,0.04,2.45,40.73433,-111.87210,30.6,27.6,872.8,139.81,3.4
83220.0,1308.6,2.13,0.05,2.13,40.73433,-111.87210,30.5,27.2,872.9,168.27,4.0
83280.0,1308.6,2.22,0.05,2.22,40.73433,-111.87210,30.5,27.3,872.9,179.47,2.7
83340.0,1308.6,2.05,0.05,2.05,40.73433,-111.87210,30.5,27.3,872.9,175.09,2.4
83400.0,1308.6,1.54,0.06,1.54,40.73433,-111.87210,30.4,27.2,873.0,167.75,3.5
83460.0,1308.6,1.81,0.05,1.81,40.73433,-111.87210,30.6,27.4,873.0,179.89,1.5
83520.0,1308.6,2.02,0.06,2.02,40.73433,-111.87210,30.6,27.1,873.1,169.82,1.7
83580.0,1308.5,2.61,0.06,2.61,40.73433,-111.87210,30.6,26.9,873.2,180.74,1.5
83640.0,1308.6,2.84,0.05,2.84,40.73433,-111.87210,30.7,27.0,873.3,183.79,1.0
83700.0,1308.6,2.66,0.04,2.66,40.73433,-111.87210,30.7,27.2,873.5,204.44,0.8
83760.0,1308.5,2.32,0.05,2.32,40.73433,-111.87210,30.7,27.5,873.7,277.43,0.4
83820.0,1308.4,1.83,0.06,1.83,40.73433,-111.87210,30.5,27.1,874.0,284.92,1.9
83880.0,1308.2,1.81,0.05,1.81,40.73433,-111.87210,30.1,26.7,874.2,308.54,1.6
83940.0,1307.8,1.89,0.05,1.89,40.73433,-111.87210,29.9,25.7,874.2,290.27,1.1
84000.0,1307.7,1.93,0.06,1.93,40.73433,-111.87210,29.7,25.4,874.2,254.84,1.7
84060.0,1307.6,2.02,0.05,2.02,40.73433,-111.87210,29.3,25.4,874.2,280.84,0.9
84120.0,1307.7,2.02,0.05,2.02,40.73433,-111.87210,28.9,25.6,874.4,277.85,1.5
84180.0,1307.9,2.37,0.05,2.37,40.73433,-111.87210,28.4,25.9,874.4,282.10,1.1
84240.0,1308.0,2.50,0.05,2.50,40.73433,-111.87210,27.9,27.1,874.5,289.88,2.3
84300.0,1308.0,2.48,0.04,2.48,40.73433,-111.87210,27.2,28.6,874.6,326.08,1.8
84360.0,1307.6,2.00,0.05,2.00,40.73434,-111.87210,26.6,30.6,874.7,335.55,1.8
84420.0,1307.6,2.19,0.04,2.19,40.73434,-111.87210,25.8,32.6,874.8,314.07,2.5
84480.0,1307.6,1.88,0.05,1.88,40.73434,-111.87210,25.5,32.7,874.7,356.59,1.2
84540.0,1307.7,1.74,0.05,1.74,40.73434,-111.87210,25.3,32.6,874.7,34.53,0.6
84600.0,1307.9,2.24,0.05,2.24,40.73434,-111.87210,24.8,32.4,874.7,7.84,1.9
84660.0,1308.2,2.65,0.04,2.65,40.73434,-111.87211,24.7,32.8,874.7,44.08,0.4
84720.0,1308.5,2.75,0.05,2.75,40.73434,-111.87211,24.2,33.9,874.8,11.02,1.1
84780.0,1308.3,2.49,0.05,2.49,40.73434,-111.87211,24.1,34.6,874.8,349.18,0.7
84840.0,1308.0,2.61,0.05,2.61,40.73434,-111.87211,23.8,35.3,874.8,15.31,0.8
84900.0,1308.4,3.04,0.05,3.04,40.73434,-111.87211,23.6,35.7,874.8,3.84,1.1
84960.0,1308.7,2.97,0.05,2.97,40.73434,-111.87211,23.6,35.8,874.7,74.82,0.5
85020.0,1308.9,2.79,0.05,2.79,40.73434,-111.87211,23.6,35.3,874.6,37.48,0.5
85080.0,1309.1,2.94,0.05,2.94,40.73434,-111.87211,23.6,34.8,874.6,15.89,0.7
85140.0,1309.0,2.64,0.05,2.64,40.73434,-111.87211,23.6,34.0,874.6,16.34,0.6
85200.0,1309.1,2.81,0.05,2.81,40.73434,-111.87211,23.5,33.7,874.5,25.76,1.1
85260.0,1309.2,2.83,0.05,2.83,40.73434,-111.87211,23.5,33.6,874.5,23.00,0.4
85320.0,1309.2,2.37,0.05,2.37,40.73434,-111.87211,23.5,34.4,874.5,121.49,0.8
85380.0,1309.4,2.19,0.05,2.19,40.73434,-111.87211,23.5,36.2,874.5,35.68,0.6
85440.0,1309.5,2.22,0.04,2.22,40.73434,-111.87211,23.2,37.9,874.7,357.63,0.8
85500.0,1309.3,2.24,0.05,2.24,40.73434,-111.87211,23.0,38.4,874.8,356.84,1.0
85560.0,1309.3,2.15,0.05,2.15,40.73434,-111.87211,22.7,38.9,875.0,40.79,0.9
85620.0,1309.4,1.84,0.05,1.84,40.73434,-111.87211,22.4,38.4,875.2,32.14,0.8
85680.0,1309.4,1.61,0.05,1.61,40.73434,-111.87211,22.3,39.9,875.4,133.53,0.6
85740.0,1309.4,1.85,0.05,1.85,40.73434,-111.87211,22.2,41.0,875.6,127.76,1.3
85800.0,1309.3,2.51,0.05,2.51,40.73434,-111.87211,22.1,41.9,876.0,109.00,0.9
85860.0,1309.4,2.35,0.05,2.35,40.73434,-111.87211,21.7,42.3,876.3,103.35,1.0
85920.0,1309.4,2.15,0.04,2.15,40.73434,-111.87211,21.7,44.4,876.5,76.95,0.6
85980.0,1309.3,1.72,0.04,1.72,40.73434,-111.87211,21.5,45.1,876.6,127.24,0.7
86040.0,1309.3,1.45,0.04,1.45,40.73434,-111.87211,21.0,46.9,876.8,45.79,0.7
86100.0,1309.5,0.99,0.05,0.99,40.73434,-111.87211,20.6,48.2,876.7,114.54,2.2
86160.0,1309.4,1.30,0.05,1.30,40.73434,-111.87211,20.0,53.2,876.7,89.16,1.1
86220.0,1309.2,1.06,0.04,1.06,40.73434,-111.87211,19.3,51.2,876.6,79.50,1.7
86280.0,1309.2,1.48,0.05,1.48,40.73434,-111.87211,18.8,52.3,876.4,35.62,1.1
86340.0,1309.2,2.12,0.05,2.12,40.73434,-111.87211,18.5,49.9,876.2,345.02,1.1
