CampaignData_and_Merges/R0/CSL_MobileLab_Parked/raw/20240813/USOS-HCHO_MobileLabGround_20240813_R0.ict
35,1001
Huang, Yaoxian
Wayne State University
Picarro G2307 on CSL Mobile Lab
USOS
1,1
2024,08,13,2024,08,15
1.0
Time_Start,seconds_since_midnight,number_of_seconds_since_0000_UTC
3
1.0,1.0,1.0
-9999.0,-9999.0,-9999.0
HCHO,ppbv,Gas_HCHO_InSitu_S_AVMR,volume mixing ratio of formaldehyde in air
H2O,ppmv,Gas_H2O_InSitu_S_AVMR,volume mixing ratio of water vapor in air
CH4,ppmv,Gas_CH4_InSitu_S_AVMR,volume mixing ratio of methane in air
0
18
PI_CONTACT_INFO: yaoxian.huang@wayne.edu
PLATFORM: CSL Mobile Lab, at Ground Site
LOCATION: Salt Lake City, UT
ASSOCIATED_DATA: N/A
INSTRUMENT_INFO: Cavity Ring-Down Spectrometer
DATA_INFO: Data is averaged to 1 minute intervals for stationary and 1 second interval for driving. Stationary data collected from a 20 ft tower on top of the mobile lab.
UNCERTAINTY: N/A
ULOD_FLAG: -7777
ULOD_VALUE: N/A
LLOD_FLAG: -8888
LLOD_VALUE: N/A
DM_CONTACT_INFO: Yaoxian Huang; yaoxian.huang@wayne.edu
PROJECT_INFO: USOS, Summer 2024. https://csl.noaa.gov/groups/csl7/measurements/2024usos/
STIPULATIONS_ON_USE: Users are strongly encouraged to contact the PI for proper data usage.
OTHER_COMMENTS: Data have been shifted backwards by 1 minute to align with USOS MetNav and Picarro GHG data.
REVISION: R0
R0: Final Data
Time_Start,HCHO,H2O,CH4
[from data line 1058]
63480,2.49399,16538.3,1.88807
63540,2.26367,16554.7,1.88661
63600,2.44001,16684.7,1.88727
63660,2.56731,17323.3,1.88606
63720,2.17669,16486.3,1.88453
63780,2.20244,16746.7,1.88752
63840,2.45484,17311.9,1.88502
63900,2.34855,17057.6,1.88782
63960,2.38501,16613.6,1.88545
64020,2.7726,16855.6,1.88723
64080,2.5916,16710.4,1.88548
64140,2.02011,16270.9,1.88398
64200,2.26586,16676.0,1.88216
64260,2.17093,16577.4,1.8824
64320,2.26944,16852.0,1.88091
64380,2.38769,16281.9,1.88423
64440,2.27244,16491.2,1.88491
64500,2.3452,16690.6,1.88343
64560,2.08077,17212.0,1.88323
64620,2.33233,17015.9,1.88122
64680,2.30409,16704.2,1.88653
64740,1.98647,16591.9,1.88561
64800,2.18019,16370.0,1.88478
64860,2.12276,16205.5,1.88519
64920,1.97888,16074.9,1.88318
64980,1.8147,16103.5,1.88269
65040,1.80555,16018.2,1.88481
65100,1.85719,16123.8,1.88258
65160,1.78044,15939.6,1.8824
65220,2.01427,16161.6,1.88195
65280,2.14348,16128.6,1.88281
65340,2.15473,16262.5,1.88576
65400,2.10706,16523.3,1.88626
65460,2.4175,16758.2,1.88692
65520,1.93248,16605.2,1.88716
65580,1.75505,15883.8,1.88201
65640,1.92156,16038.6,1.88352
65700,1.86478,15868.3,1.88318
65760,1.68316,15863.8,1.88323
65820,2.07613,16183.7,1.8824
65880,2.1128,16331.4,1.88614
65940,2.01798,16137.6,1.88335
66000,2.00786,16192.4,1.88385
66060,1.96354,16193.9,1.88178
66120,1.95921,15976.5,1.88098
66180,1.71285,15832.4,1.88539
66240,1.77713,15975.6,1.88371
66300,1.91341,16303.9,1.88479
66360,2.16641,16125.5,1.88382
66420,1.72054,16013.2,1.88291
66480,1.75094,16006.1,1.88138
66540,2.01061,16142.3,1.88256
66600,1.5699,16040.8,1.88109
66660,1.69437,16096.1,1.88293
66720,1.79764,16120.6,1.88262
66780,2.12994,16254.6,1.88174
66840,1.80417,16508.2,1.88305
66900,1.73195,16272.9,1.88208
66960,1.98267,16013.0,1.88393
67020,1.82833,16437.1,1.87876
67080,1.90007,16206.0,1.88273
67140,1.81232,16294.5,1.88166
67200,1.84912,16451.7,1.88033
67260,2.05499,16582.7,1.88256
67320,1.72611,16258.9,1.88473
67380,1.96275,16031.3,1.88063
67440,1.60648,16141.6,1.88274
67500,1.39456,16049.9,1.88192
67560,1.97472,16127.4,1.88024
67620,1.72502,16394.1,1.88054
67680,1.71579,16252.5,1.88427
67740,1.74209,15986.5,1.88299
67800,1.72537,16038.9,1.88368
67860,1.759,16040.9,1.88199
67920,1.75992,16058.5,1.88341
67980,1.5834,15988.8,1.88246
68040,1.58295,15916.4,1.88272
68100,1.58616,16060.4,1.88159
68160,1.78063,16226.1,1.88117
68220,1.7168,16063.1,1.8823
68280,1.57855,15992.0,1.8819
68340,1.44724,16007.4,1.88267
68400,1.51281,15863.3,1.88186
68460,1.81581,16227.3,1.88291
68520,1.79881,16375.8,1.8846
68580,2.00115,16239.2,1.88113
68640,1.83467,16292.7,1.88259
68700,2.07559,16291.8,1.88249
68760,1.94667,16378.5,1.88106
68820,2.01426,16425.5,1.88068
68880,2.16607,16377.4,1.88293
68940,2.2275,16340.3,1.88423
69000,2.16275,16103.4,1.8822
69060,2.20468,16264.5,1.88556
69120,2.15458,16389.1,1.88313
69180,2.50207,16573.0,1.88531
69240,2.4738,16901.1,1.88356
69300,2.2003,16578.4,1.8853
69360,2.34876,16420.9,1.88453
69420,2.1404,16009.8,1.88452
69480,2.02468,16091.3,1.88417
69540,1.94317,16339.8,1.88373
69600,2.10641,16004.1,1.8844
69660,1.97099,16158.8,1.88535
69720,1.98701,16373.1,1.88302
69780,2.0997,16063.7,1.88105
69840,1.92537,16029.3,1.88364
69900,1.78588,16165.7,1.88323
69960,2.01389,16224.2,1.88299
70020,1.77511,16146.0,1.88249
70080,1.81511,15911.5,1.88491
70140,1.84924,15847.5,1.88515
70200,2.10377,16012.7,1.88418
70260,1.88078,15952.2,1.88701
70320,2.01166,16041.4,1.88564
70380,1.93246,15824.7,1.88446
70440,2.06939,16181.1,1.88801
70500,1.97665,16115.4,1.88847
70560,1.68786,16091.0,1.88661
70620,1.93321,16082.0,1.8873
70680,2.20521,16102.5,1.88604
70740,2.02749,15982.8,1.88924
70800,2.00048,16125.3,1.88675
70860,2.10912,15892.0,1.88519
70920,2.15254,16209.3,1.8853
70980,2.34492,16210.6,1.88744
71040,2.15221,16135.2,1.88492
71100,2.22585,16173.5,1.88637
71160,2.26017,16088.3,1.88449
71220,2.27127,16186.1,1.88844
71280,2.33023,15978.8,1.88729
71340,2.22126,16051.9,1.88805
71400,2.39468,16453.2,1.88537
71460,2.18125,16274.6,1.88686
71520,2.22293,16039.6,1.8876
71580,2.01396,15519.1,1.88597
71640,1.94707,15561.8,1.88711
71700,2.05295,15752.0,1.88609
71760,2.17761,15972.7,1.88604
71820,2.34117,16175.7,1.8832
71880,2.0999,15994.2,1.88576
71940,1.9985,16264.3,1.88524
72000,1.97718,16531.4,1.88732
72060,2.1166,16038.1,1.88574
72120,1.99179,15827.4,1.88669
72180,2.14429,15793.4,1.88599
72240,1.97908,15948.4,1.88887
72300,1.87451,15815.8,1.88609
72360,1.6746,15673.2,1.88839
72420,1.80498,15550.3,1.88644
72480,1.99602,15492.5,1.88742
72540,1.86248,15597.7,1.88756
72600,1.96257,15707.6,1.88779
72660,2.03266,15764.0,1.88647
72720,1.64247,15916.2,1.88477
72780,1.88435,15780.5,1.88728
72840,1.84486,15615.6,1.88342
72900,1.90713,15841.5,1.88624
72960,1.92235,15873.2,1.8869
73020,1.68204,15683.7,1.88854
73080,1.77298,15715.3,1.88753
73140,1.93204,15689.7,1.88676
73200,1.74157,15783.6,1.8886
73260,1.77542,15632.8,1.88824
73320,1.80994,15656.4,1.8896
73380,1.72633,15504.6,1.88833
73440,1.69511,15464.5,1.88669
73500,1.75031,15390.8,1.8875
73560,1.74967,15418.4,1.88901
73620,1.68389,15332.0,1.88833
73680,1.98688,15381.4,1.88796
73740,1.7619,15455.9,1.88784
73800,1.78353,15276.3,1.8873
73860,1.57439,15419.4,1.88788
73920,2.0781,15554.3,1.88843
73980,1.93561,15687.6,1.88778
74040,1.74106,15615.6,1.88771
74100,1.8691,15574.4,1.88676
74160,2.06595,15474.5,1.88654
74220,1.87348,15524.3,1.89054
74280,1.93145,15633.2,1.88637
74340,1.76498,15648.9,1.88695
74400,2.22025,16027.5,1.88774
74460,2.30609,16149.9,1.89138
74520,2.11894,16077.5,1.88714
74580,1.77561,15595.4,1.8863
74640,1.85463,15465.8,1.88865
74700,1.87944,15480.6,1.88778
74760,1.8991,15438.2,1.88739
74820,2.02658,15712.6,1.88796
74880,2.01443,15523.2,1.88774
74940,1.88551,15529.2,1.88781
75000,1.77334,15517.1,1.88618
75060,1.66433,15478.4,1.88617
75120,1.5819,15760.1,1.8853
75180,1.58487,15535.2,1.88945
75240,1.80377,15530.3,1.8878
75300,1.59135,15559.1,1.88819
75360,1.81973,15475.2,1.88823
75420,1.66749,15470.2,1.8883
75480,1.87239,15688.6,1.8877
75540,1.61431,15367.1,1.88799
75600,1.43178,15613.4,1.8885
75660,1.52216,15628.9,1.88781
75720,1.76845,15475.2,1.88654
75780,1.77679,15598.8,1.88843
75840,2.15192,15766.5,1.88881
75900,2.14923,16118.5,1.89022
75960,2.01579,16102.7,1.88953
76020,2.18696,16147.7,1.88792
76080,2.13959,15987.4,1.88857
76140,1.78293,15637.1,1.88949
76200,1.85544,15923.0,1.88688
76260,2.12603,15785.7,1.89132
76320,1.90069,15428.7,1.89102
76380,2.14814,15487.2,1.88742
76440,1.92308,15583.5,1.88817
76500,2.02982,15585.7,1.88791
76560,2.02449,15685.5,1.8907
76620,1.8389,15708.9,1.88948
76680,1.72353,15562.5,1.88723
76740,1.8338,15552.4,1.88768
76800,2.04597,15731.5,1.88586
76860,1.97472,15636.3,1.88866
76920,2.03595,15535.2,1.88762
76980,2.1194,15822.5,1.88929
77040,1.81049,15844.0,1.88871
77100,1.78262,15785.9,1.88746
77160,2.16941,15916.9,1.88818
77220,2.14455,15822.0,1.88653
77280,2.18716,15999.7,1.88825
77340,1.89724,16147.1,1.88837
77400,1.84482,15954.9,1.88825
77460,1.93864,16018.3,1.89084
77520,2.06989,16290.2,1.8889
77580,1.96012,16267.7,1.89026
77640,1.70632,15812.8,1.88876
77700,1.81632,15989.0,1.88776
77760,2.09384,16090.7,1.89019
77820,1.98205,15653.4,1.89026
77880,1.93423,15569.7,1.88972
77940,1.91993,15820.5,1.88885
78000,2.09628,15697.0,1.88858
78060,1.92736,15701.9,1.88974
78120,2.17895,15776.2,1.89072
78180,2.08813,15930.3,1.89021
78240,2.03516,15846.7,1.88956
78300,2.20789,15854.2,1.89104
78360,2.13861,15966.5,1.88807
78420,2.15278,15941.7,1.89113
78480,1.91413,15892.3,1.8875
78540,1.87294,15749.4,1.88789
78600,1.89185,15805.3,1.88847
78660,2.02234,15838.2,1.88892
78720,1.65189,15336.8,1.88956
78780,1.5683,15396.7,1.88945
78840,1.74337,15490.3,1.88974
78900,1.94895,15583.2,1.88982
78960,1.98014,15669.8,1.88896
79020,2.0993,15661.8,1.88957
79080,2.11403,15842.8,1.89021
79140,2.01316,15815.6,1.88919
79200,2.00522,15676.4,1.89095
79260,2.08276,15868.5,1.88828
79320,1.9895,15605.3,1.88899
79380,1.77634,15545.6,1.88722
79440,1.90054,15386.8,1.88992
79500,1.92583,15560.5,1.88774
79560,1.88138,15558.7,1.88814
79620,1.79148,15625.6,1.88935
79680,2.11431,15883.9,1.88887
79740,2.00915,15932.6,1.89006
79800,1.90784,15647.4,1.88708
79860,1.82039,15573.4,1.88844
79920,1.90331,15394.1,1.8892
79980,1.95407,15387.0,1.89043
80040,2.07796,15538.0,1.88787
80100,2.00094,15312.1,1.89166
80160,2.02196,15603.9,1.88917
80220,2.0954,15306.6,1.88961
80280,2.17473,15439.6,1.88799
80340,1.98928,15655.6,1.88867
80400,2.07639,15483.6,1.88784
80460,1.8725,15438.1,1.88887
80520,2.47935,15682.8,1.88974
80580,1.8239,15517.1,1.89006
80640,1.67861,15369.8,1.8874
80700,1.80221,15330.7,1.88777
80760,1.85399,15132.1,1.8901
80820,1.92318,15129.8,1.88901
80880,1.86573,14957.6,1.88757
80940,2.0319,15075.5,1.88758
81000,2.15323,15218.0,1.88788
81060,2.02549,15323.0,1.88924
81120,2.00569,15346.2,1.88854
81180,2.35997,15409.8,1.88973
81240,2.02493,15210.6,1.88977
81300,2.12895,15403.7,1.89162
81360,2.13968,15323.5,1.88922
81420,2.23906,15459.3,1.89094
81480,2.16945,15443.1,1.88717
81540,2.08505,15108.5,1.88838
81600,1.86122,15078.6,1.88766
81660,1.87109,15140.2,1.88789
81720,2.06687,15087.6,1.88852
81780,1.78615,15089.5,1.88624
81840,1.76525,14762.8,1.89019
81900,1.99637,15123.4,1.89036
81960,2.0742,15243.8,1.88785
82020,1.72949,15214.7,1.88642
82080,2.06122,15167.9,1.88975
82140,2.01657,15149.8,1.88871
82200,1.982,15011.6,1.88746
82260,2.01857,15189.0,1.88942
82320,2.02554,15373.9,1.88896
82380,1.99935,15207.3,1.88895
82440,2.19566,15252.5,1.88758
82500,1.99317,15013.2,1.88955
82560,1.80725,15105.2,1.88818
82620,1.94201,14930.5,1.8904
82680,2.04847,15224.7,1.8884
82740,1.83318,15034.8,1.88966
82800,1.98503,15202.9,1.89069
82860,1.91219,15247.9,1.89066
82920,2.1764,15407.6,1.89036
82980,1.92203,15335.1,1.89366
83040,2.06037,15173.0,1.89165
83100,2.0673,15116.8,1.88977
83160,2.07051,15404.1,1.89053
83220,2.01729,15349.9,1.89018
83280,1.85449,15218.0,1.89081
83340,1.96214,15303.3,1.88907
83400,1.87583,15248.0,1.89106
83460,2.03064,15294.1,1.89022
83520,1.88522,15192.5,1.88977
83580,1.58942,15026.5,1.88824
83640,1.63722,15093.3,1.88657
83700,1.73336,15321.2,1.89058
83760,1.90423,15539.6,1.89185
83820,1.90952,15359.7,1.89058
83880,1.89506,15221.9,1.89095
83940,1.08658,14270.0,1.89548
84000,1.00408,13953.1,1.89846
84060,0.925827,13604.2,1.89853
84120,0.843784,13622.7,1.90071
84180,0.956686,13540.7,1.89973
84240,1.1305,13918.8,1.89968
84300,0.763715,14724.9,1.89655
84360,1.03017,15574.0,1.89667
84420,1.04978,16610.0,1.89703
84480,0.903309,16544.9,1.89935
84540,0.946782,15840.3,1.89621
84600,1.07955,15501.4,1.89857
84660,0.919088,15329.4,1.89956
84720,1.00642,15670.3,1.89724
84780,1.05517,15909.3,1.89828
84840,0.966134,16017.1,1.90158
84900,1.03924,16049.2,1.90131
84960,1.19256,15961.0,1.90096
85020,0.951552,15631.5,1.90342
85080,0.947584,15242.0,1.90631
85140,0.899783,14594.3,1.90596
85200,0.898313,14393.4,1.90787
85260,0.985538,14154.9,1.90868
85320,0.732383,14413.8,1.90776
85380,0.98129,14766.7,1.90706
85440,0.989846,15396.4,1.90503
85500,0.819275,16039.0,1.90535
85560,0.959203,15960.9,1.90623
85620,0.824124,15176.8,1.90427
85680,0.922916,15738.1,1.90043
85740,1.12862,16431.5,1.90088
85800,1.07219,16796.4,1.90279
85860,0.956087,16815.4,1.90081
85920,0.817152,16707.3,1.90182
85980,0.966043,17010.3,1.90053
86040,0.794389,17315.0,1.89777
86100,0.825189,17765.8,1.89909
86160,0.81933,18413.7,1.8962
86220,0.878734,17746.9,1.90008
86280,0.534462,17533.1,1.89655
86340,-9999.0,-9999.0,-9999.0
