CampaignData_and_Merges/R0/CSL_MobileLab_Parked/raw/20240813/USOS-jNO2_MobileLabGround_20240813_R0.ict
52,1001
Waxman, E.; Rollins, A.; Zuraski, K.; Chace, W.
NOAA Chemical Sciences Laboratory
jNO2 filter radiometer on CSL Mobile Lab
AMMBEC / USOS
1, 1
2024,08,13, 2025,04,01
60
Time_Start, seconds, number_of_seconds_since_0000_UTC
20
1, 1, 1, 1, 1, 1, 1, 1, 1, 1, 1, 1, 1, 1, 1, 1, 1, 1, 1, 1
-9999, -9999, -9999, -9999, -9999, -9999, -9999, -9999, -9999, -9999, -9999, -9999, -9999, -9999, -9999, -9999, -9999, -9999, -9999, -9999
Time_Stop, seconds, number_of_seconds_since_0000_UTC
jNO2_meas, per second, photolysis rate of NO2 measured using a filter radiometer.
jBrCl, per second, photolysis rate of BrCl -> Br + Cl calculated in TUV for cloud-free sky with local AOD
jBr2, per second, photolysis rate of Br2 -> Br + Br calculated in TUV for cloud-free sky with local AOD
jCCl4, per second, photolysis rate of CCl4 -> Products calcualted in TUV for cloud-free sky with local AOD
jCH2Oa, per second, photolysis rate of CH2O -> H + HCO calculated in TUV for cloud-free sky with local AOD
jCH2Ob, per second, photolysis rate of CH2O -> H2 + CO calculated in TUV for cloud-free sky with local AOD
jClNO2, per second, photolysis rate of ClNO2 -> Cl + NO2 calculated in TUV for cloud-free sky with local AOD
jClOa, per second, photolysis rate of ClO -> Cl + O(1D) calculated in TUV for cloud-free sky with local AOD
jClOb, per second, photolysis rate of ClO -> Cl + O(3P) calculated in TUV for cloud-free sky with local AOD
jCl2, per second, photolysis rate of Cl2 -> Cl + Cl calculated in TUV for cloud-free sky with local AOD
jHNO2, per second, photolysis rate of HNO2 -> OH + NO calculated in TUV for cloud-free sky with local AOD
jHNO3, per second, photolysis rate of HNO3 -> OH + NO2 calculated in TUV for cloud-free sky with local AOD
jI2, per second, photolysis rate of I2 -> I + I calculated in TUV for cloud-free sky with local AOD
jNO2, per second, photolysis rate of NO2 -> NO + O(3P) calculated in TUV for cloud-free sky with local AOD
jNO3a, per second, photolysis rate of NO3 -> NO + O2 calculated in TUV for cloud-free sky with local AOD
jNO3b, per second, photolysis rate of NO3 -> NO2 + O(3P) calculated in TUV for cloud-free sky with local AOD
jN2O5, per second, photolysis rate of N2O5 -> NO3 + NO + O(3P) calculated in TUV for cloud-free sky with local AOD
jO3, per second, photolysis rate of O3 -> O2 + O(1D) calculated in TUV for cloud-free sky with local AOD
AOD_500nm, unitless, UTC daily mean AOD at 500 nm from an AERONET station located at 40.178 N, -112.452 E
0
18
PI_CONTACT_INFO: eleanor.waxman@noaa.gov
PLATFORM: CSL Mobile Lab, at ground site
LOCATION: Salt Lake City, UT
ASSOCIATED_DATA:
INSTRUMENT_INFO: jNO2 filter radiometer.  TUV calculations are for mobile van lat/lon/altitude assuming clear sky (cloud AOD = 0) and daily mean AOD.
DATA_INFO:
UNCERTAINTY: Data uncertainties are +/- 20%.  These come from uncertainties in radiometer angular response, radiometer thermal response, local interferences from clouds/aerosols/shadows etc.
ULOD_FLAG: -7777
ULOD_VALUE: N/A
LLOD_FLAG: -8888
LLOD_VALUE: N/A
DM_CONTACT_INFO: eleanor.waxman@noaa.gov
PROJECT_INFO: USOS Project, July - August 2024
STIPULATIONS_ON_USE: Users are strongly encouraged to contact the PI for proper data usage.
OTHER_COMMENTS: 
REVISION: R0
R0: final data
Time_Start, Time_Stop, jNO2_meas, jBrCl, jBr2, jCCl4, jCH2Oa, jCH2Ob, jClNO2, jClOa, jClOb, jCl2, jHNO2, jHNO3, jI2, jNO2, jNO3a, jNO3b, jN2O5, jO3, AOD_500nm
[from data line 984]
   59040,   59100,0.0076576,0.009248,0.02838,1.017e-24,2.341e-05,3.775e-05,0.0003724,3.664e-25,2.637e-05,0.001891,0.001257,3.781e-07,0.1019,0.00778,0.01973,0.1578,3.237e-05,1.689e-05,0.057
   59100,   59160,0.0076666,0.009262,0.02841,1.049e-24,2.352e-05,3.787e-05,0.0003736,3.787e-25,2.658e-05,0.001896,0.001259,3.803e-07,0.102,0.007796,0.01974,0.1579,3.248e-05,1.703e-05,0.057
   59160,   59220,0.0076101,0.009275,0.02844,1.081e-24,2.361e-05,3.798e-05,0.0003747,3.907e-25,2.678e-05,0.0019,0.001262,3.824e-07,0.102,0.00781,0.01975,0.158,3.259e-05,1.717e-05,0.057
   59220,   59280,0.0076318,0.009289,0.02847,1.116e-24,2.371e-05,3.81e-05,0.0003758,4.041e-25,2.699e-05,0.001905,0.001265,3.846e-07,0.1021,0.007826,0.01977,0.1582,3.27e-05,1.731e-05,0.057
   59280,   59340,0.0076569,0.009302,0.0285,1.152e-24,2.381e-05,3.822e-05,0.000377,4.18e-25,2.72e-05,0.00191,0.001268,3.868e-07,0.1022,0.007841,0.01978,0.1583,3.282e-05,1.745e-05,0.057
   59340,   59400,0.0076904,0.009315,0.02853,1.187e-24,2.391e-05,3.833e-05,0.000378,4.318e-25,2.74e-05,0.001914,0.00127,3.888e-07,0.1023,0.007855,0.01979,0.1584,3.292e-05,1.758e-05,0.057
   59400,   59460,0.0077402,0.009328,0.02856,1.227e-24,2.401e-05,3.845e-05,0.0003792,4.47e-25,2.761e-05,0.001919,0.001273,3.91e-07,0.1024,0.00787,0.0198,0.1585,3.303e-05,1.772e-05,0.057
   59460,   59520,0.0077536,0.009341,0.02859,1.268e-24,2.411e-05,3.857e-05,0.0003803,4.629e-25,2.782e-05,0.001923,0.001276,3.931e-07,0.1024,0.007885,0.01981,0.1586,3.315e-05,1.786e-05,0.057
   59520,   59580,0.0077385,0.009353,0.02861,1.308e-24,2.42e-05,3.867e-05,0.0003813,4.786e-25,2.802e-05,0.001927,0.001278,3.952e-07,0.1025,0.007899,0.01982,0.1587,3.325e-05,1.799e-05,0.057
   59580,   59640,0.0077292,0.009366,0.02864,1.352e-24,2.43e-05,3.879e-05,0.0003824,4.96e-25,2.823e-05,0.001932,0.001281,3.973e-07,0.1026,0.007914,0.01984,0.1588,3.336e-05,1.813e-05,0.057
   59640,   59700,0.0077397,0.009379,0.02867,1.398e-24,2.439e-05,3.89e-05,0.0003835,5.142e-25,2.843e-05,0.001936,0.001283,3.994e-07,0.1026,0.007928,0.01985,0.1589,3.347e-05,1.827e-05,0.057
   59700,   59760,0.0077318,0.009391,0.0287,1.444e-24,2.449e-05,3.901e-05,0.0003845,5.322e-25,2.863e-05,0.001941,0.001286,4.014e-07,0.1027,0.007942,0.01986,0.159,3.357e-05,1.841e-05,0.057
   59760,   59820,0.0077283,0.009404,0.02873,1.494e-24,2.458e-05,3.912e-05,0.0003856,5.522e-25,2.884e-05,0.001945,0.001288,4.036e-07,0.1028,0.007956,0.01987,0.1591,3.368e-05,1.855e-05,0.057
   59820,   59880,0.0077439,0.009416,0.02875,1.547e-24,2.468e-05,3.923e-05,0.0003867,5.731e-25,2.905e-05,0.001949,0.001291,4.057e-07,0.1029,0.00797,0.01988,0.1592,3.378e-05,1.869e-05,0.057
   59880,   59940,0.0059457,0.009428,0.02878,1.599e-24,2.477e-05,3.934e-05,0.0003877,5.938e-25,2.924e-05,0.001953,0.001293,4.077e-07,0.1029,0.007983,0.01989,0.1593,3.388e-05,1.882e-05,0.057
   59940,   60000,0.0076508,0.00944,0.02881,1.656e-24,2.486e-05,3.944e-05,0.0003887,6.167e-25,2.945e-05,0.001958,0.001296,4.097e-07,0.103,0.007997,0.0199,0.1594,3.399e-05,1.896e-05,0.057
   60000,   60060,0.0076961,0.009452,0.02883,1.716e-24,2.495e-05,3.955e-05,0.0003898,6.408e-25,2.965e-05,0.001962,0.001298,4.118e-07,0.1031,0.008011,0.01991,0.1595,3.409e-05,1.909e-05,0.057
   60060,   60120,0.0077044,0.009463,0.02886,1.775e-24,2.504e-05,3.965e-05,0.0003908,6.646e-25,2.985e-05,0.001966,0.0013,4.138e-07,0.1031,0.008024,0.01992,0.1596,3.419e-05,1.922e-05,0.057
   60120,   60180,0.0077302,0.009475,0.02889,1.84e-24,2.514e-05,3.976e-05,0.0003918,6.911e-25,3.005e-05,0.00197,0.001303,4.159e-07,0.1032,0.008037,0.01993,0.1597,3.429e-05,1.936e-05,0.057
   60180,   60240,0.0077663,0.009486,0.02891,1.909e-24,2.523e-05,3.987e-05,0.0003928,7.19e-25,3.026e-05,0.001974,0.001305,4.179e-07,0.1033,0.008051,0.01994,0.1598,3.44e-05,1.95e-05,0.057
   60240,   60300,0.0077707,0.009497,0.02894,1.976e-24,2.531e-05,3.997e-05,0.0003938,7.465e-25,3.045e-05,0.001978,0.001307,4.198e-07,0.1033,0.008063,0.01995,0.1599,3.449e-05,1.963e-05,0.057
   60300,   60360,0.0077318,0.009509,0.02896,2.051e-24,2.54e-05,4.007e-05,0.0003948,7.771e-25,3.066e-05,0.001982,0.00131,4.219e-07,0.1034,0.008076,0.01996,0.16,3.459e-05,1.977e-05,0.057
   60360,   60420,0.0077031,0.00952,0.02899,2.13e-24,2.549e-05,4.017e-05,0.0003958,8.095e-25,3.086e-05,0.001986,0.001312,4.239e-07,0.1035,0.008089,0.01997,0.1601,3.469e-05,1.99e-05,0.057
   60420,   60480,0.0075776,0.00953,0.02901,2.207e-24,2.558e-05,4.027e-05,0.0003967,8.414e-25,3.105e-05,0.00199,0.001314,4.258e-07,0.1035,0.008101,0.01998,0.1601,3.479e-05,2.003e-05,0.057
   60480,   60540,0.0075905,0.009542,0.02903,2.293e-24,2.567e-05,4.037e-05,0.0003977,8.771e-25,3.125e-05,0.001994,0.001317,4.278e-07,0.1036,0.008114,0.01999,0.1602,3.489e-05,2.017e-05,0.057
   60540,   60600,0.006473,0.009553,0.02906,2.384e-24,2.576e-05,4.047e-05,0.0003987,9.147e-25,3.145e-05,0.001998,0.001319,4.298e-07,0.1036,0.008127,0.02,0.1603,3.499e-05,2.031e-05,0.057
   60600,   60660,0.0073686,0.009563,0.02908,2.472e-24,2.584e-05,4.057e-05,0.0003996,9.518e-25,3.164e-05,0.002001,0.001321,4.317e-07,0.1037,0.008138,0.02001,0.1604,3.508e-05,2.043e-05,0.057
   60660,   60720,0.0070355,0.009573,0.02911,2.572e-24,2.593e-05,4.067e-05,0.0004006,9.934e-25,3.184e-05,0.002005,0.001323,4.337e-07,0.1038,0.008151,0.02002,0.1605,3.518e-05,2.057e-05,0.057
   60720,   60780,0.0044641,0.009584,0.02913,2.676e-24,2.601e-05,4.077e-05,0.0004015,1.037e-24,3.204e-05,0.002009,0.001325,4.357e-07,0.1038,0.008163,0.02002,0.1606,3.527e-05,2.07e-05,0.057
   60780,   60840,0.0069226,0.009594,0.02915,2.779e-24,2.61e-05,4.086e-05,0.0004024,1.081e-24,3.223e-05,0.002013,0.001327,4.375e-07,0.1039,0.008174,0.02003,0.1607,3.536e-05,2.083e-05,0.057
   60840,   60900,0.0065222,0.009604,0.02917,2.893e-24,2.618e-05,4.096e-05,0.0004033,1.129e-24,3.243e-05,0.002016,0.00133,4.395e-07,0.1039,0.008186,0.02004,0.1607,3.546e-05,2.097e-05,0.057
   60900,   60960,0.0076385,0.009615,0.0292,3.014e-24,2.627e-05,4.105e-05,0.0004043,1.181e-24,3.263e-05,0.00202,0.001332,4.414e-07,0.104,0.008198,0.02005,0.1608,3.555e-05,2.11e-05,0.057
   60960,   61020,0.0076053,0.009624,0.02922,3.133e-24,2.635e-05,4.114e-05,0.0004051,1.231e-24,3.281e-05,0.002024,0.001334,4.433e-07,0.104,0.008209,0.02006,0.1609,3.564e-05,2.122e-05,0.057
   61020,   61080,0.0075423,0.009634,0.02924,3.267e-24,2.643e-05,4.124e-05,0.0004061,1.289e-24,3.301e-05,0.002027,0.001336,4.452e-07,0.1041,0.008221,0.02007,0.161,3.573e-05,2.136e-05,0.057
   61080,   61140,0.007714,0.009644,0.02926,3.407e-24,2.651e-05,4.133e-05,0.000407,1.349e-24,3.321e-05,0.002031,0.001338,4.471e-07,0.1042,0.008233,0.02008,0.1611,3.582e-05,2.149e-05,0.057
   61140,   61200,0.005461,0.009654,0.02928,3.546e-24,2.659e-05,4.142e-05,0.0004078,1.409e-24,3.339e-05,0.002034,0.00134,4.489e-07,0.1042,0.008243,0.02008,0.1611,3.591e-05,2.161e-05,0.057
   61200,   61260,0.0038528,0.009663,0.0293,3.702e-24,2.667e-05,4.151e-05,0.0004087,1.476e-24,3.358e-05,0.002038,0.001342,4.508e-07,0.1043,0.008255,0.02009,0.1612,3.6e-05,2.174e-05,0.057
   61260,   61320,0.00578,0.009672,0.02932,3.827e-24,2.673e-05,4.159e-05,0.0004094,1.531e-24,3.374e-05,0.002041,0.001344,4.522e-07,0.1043,0.008264,0.0201,0.1613,3.607e-05,2.185e-05,0.057
   61320,   61380,0.0077975,0.009679,0.02934,3.98e-24,2.681e-05,4.166e-05,0.0004101,1.598e-24,3.392e-05,0.002043,0.001345,4.539e-07,0.1044,0.008272,0.0201,0.1613,3.615e-05,2.197e-05,0.057
   61380,   61440,0.0074284,0.009688,0.02936,4.158e-24,2.689e-05,4.175e-05,0.000411,1.676e-24,3.411e-05,0.002047,0.001347,4.558e-07,0.1044,0.008283,0.02011,0.1614,3.624e-05,2.21e-05,0.057
   61440,   61500,0.0077874,0.009697,0.02938,4.346e-24,2.697e-05,4.184e-05,0.0004119,1.758e-24,3.43e-05,0.00205,0.001349,4.576e-07,0.1045,0.008294,0.02012,0.1615,3.632e-05,2.223e-05,0.057
   61500,   61560,0.007873,0.009706,0.0294,4.532e-24,2.704e-05,4.192e-05,0.0004127,1.84e-24,3.448e-05,0.002053,0.001351,4.594e-07,0.1045,0.008304,0.02013,0.1615,3.641e-05,2.235e-05,0.057
   61560,   61620,0.0078261,0.009715,0.02942,4.74e-24,2.712e-05,4.201e-05,0.0004135,1.932e-24,3.467e-05,0.002057,0.001353,4.612e-07,0.1046,0.008315,0.02014,0.1616,3.649e-05,2.248e-05,0.057
   61620,   61680,0.0079186,0.009724,0.02944,4.959e-24,2.72e-05,4.21e-05,0.0004144,2.028e-24,3.486e-05,0.00206,0.001355,4.63e-07,0.1046,0.008325,0.02014,0.1617,3.658e-05,2.261e-05,0.057
   61680,   61740,0.0077588,0.009733,0.02945,5.177e-24,2.727e-05,4.218e-05,0.0004152,2.125e-24,3.503e-05,0.002063,0.001356,4.647e-07,0.1047,0.008335,0.02015,0.1617,3.666e-05,2.273e-05,0.057
   61740,   61800,0.0064859,0.009742,0.02947,5.42e-24,2.735e-05,4.226e-05,0.000416,2.233e-24,3.522e-05,0.002067,0.001358,4.665e-07,0.1047,0.008346,0.02016,0.1618,3.674e-05,2.285e-05,0.057
   61800,   61860,0.0080111,0.00975,0.02949,5.677e-24,2.742e-05,4.235e-05,0.0004168,2.348e-24,3.541e-05,0.00207,0.00136,4.683e-07,0.1047,0.008356,0.02016,0.1619,3.683e-05,2.298e-05,0.057
   61860,   61920,0.0080497,0.009759,0.02951,5.932e-24,2.749e-05,4.243e-05,0.0004176,2.461e-24,3.558e-05,0.002073,0.001362,4.7e-07,0.1048,0.008365,0.02017,0.1619,3.691e-05,2.31e-05,0.057
   61920,   61980,0.0080758,0.009767,0.02953,6.218e-24,2.757e-05,4.251e-05,0.0004184,2.589e-24,3.576e-05,0.002076,0.001364,4.717e-07,0.1048,0.008376,0.02018,0.162,3.699e-05,2.322e-05,0.057
   61980,   62040,0.0081004,0.009776,0.02955,6.518e-24,2.764e-05,4.259e-05,0.0004192,2.724e-24,3.595e-05,0.002079,0.001365,4.735e-07,0.1049,0.008385,0.02018,0.1621,3.707e-05,2.335e-05,0.057
   62040,   62100,0.0080907,0.009784,0.02957,6.816e-24,2.771e-05,4.267e-05,0.0004199,2.858e-24,3.612e-05,0.002082,0.001367,4.751e-07,0.1049,0.008395,0.02019,0.1621,3.715e-05,2.346e-05,0.057
   62100,   62160,0.0081122,0.009792,0.02958,7.151e-24,2.779e-05,4.275e-05,0.0004207,3.009e-24,3.63e-05,0.002085,0.001369,4.769e-07,0.105,0.008404,0.0202,0.1622,3.723e-05,2.359e-05,0.057
   62160,   62220,0.0081252,0.0098,0.0296,7.504e-24,2.786e-05,4.283e-05,0.0004215,3.169e-24,3.648e-05,0.002088,0.001371,4.786e-07,0.105,0.008414,0.0202,0.1623,3.731e-05,2.371e-05,0.057
   62220,   62280,0.0081522,0.009808,0.02962,7.853e-24,2.793e-05,4.291e-05,0.0004222,3.327e-24,3.665e-05,0.002091,0.001372,4.802e-07,0.1051,0.008423,0.02021,0.1623,3.738e-05,2.382e-05,0.057
   62280,   62340,0.008205,0.009816,0.02964,8.243e-24,2.8e-05,4.298e-05,0.000423,3.504e-24,3.683e-05,0.002094,0.001374,4.819e-07,0.1051,0.008432,0.02022,0.1624,3.746e-05,2.394e-05,0.057
   62340,   62400,0.0081998,0.009824,0.02965,8.655e-24,2.807e-05,4.306e-05,0.0004237,3.692e-24,3.7e-05,0.002097,0.001376,4.836e-07,0.1051,0.008442,0.02022,0.1624,3.754e-05,2.406e-05,0.057
   62400,   62460,0.0082088,0.009831,0.02967,9.064e-24,2.813e-05,4.313e-05,0.0004244,3.878e-24,3.717e-05,0.0021,0.001377,4.851e-07,0.1052,0.00845,0.02023,0.1625,3.761e-05,2.418e-05,0.057
   62460,   62520,0.0082286,0.009839,0.02969,9.521e-24,2.82e-05,4.321e-05,0.0004252,4.086e-24,3.734e-05,0.002103,0.001379,4.868e-07,0.1052,0.00846,0.02024,0.1626,3.769e-05,2.43e-05,0.057
   62520,   62580,0.0082195,0.009847,0.0297,1e-23,2.827e-05,4.329e-05,0.0004259,4.305e-24,3.752e-05,0.002106,0.001381,4.884e-07,0.1053,0.008469,0.02024,0.1626,3.776e-05,2.441e-05,0.057
   62580,   62640,0.0082848,0.009854,0.02972,1.048e-23,2.834e-05,4.336e-05,0.0004266,4.522e-24,3.768e-05,0.002108,0.001382,4.9e-07,0.1053,0.008477,0.02025,0.1627,3.783e-05,2.452e-05,0.057
   62640,   62700,0.0083016,0.009861,0.02973,1.1e-23,2.84e-05,4.343e-05,0.0004273,4.76e-24,3.785e-05,0.002111,0.001384,4.916e-07,0.1053,0.008486,0.02025,0.1627,3.791e-05,2.464e-05,0.057
   62700,   62760,0.0083133,0.009869,0.02975,1.155e-23,2.847e-05,4.351e-05,0.000428,5.007e-24,3.801e-05,0.002114,0.001385,4.931e-07,0.1054,0.008495,0.02026,0.1628,3.798e-05,2.475e-05,0.057
   62760,   62820,0.0083185,0.009875,0.02976,1.208e-23,2.853e-05,4.357e-05,0.0004287,5.242e-24,3.817e-05,0.002116,0.001387,4.946e-07,0.1054,0.008503,0.02026,0.1628,3.805e-05,2.485e-05,0.057
   62820,   62880,0.0083405,0.009883,0.02978,1.267e-23,2.86e-05,4.365e-05,0.0004294,5.531e-24,3.833e-05,0.002119,0.001388,4.962e-07,0.1055,0.008511,0.02027,0.1629,3.812e-05,2.497e-05,0.057
   62880,   62940,0.0083627,0.00989,0.02979,1.333e-23,2.866e-05,4.372e-05,0.0004301,5.863e-24,3.85e-05,0.002122,0.00139,4.977e-07,0.1055,0.00852,0.02028,0.1629,3.819e-05,2.508e-05,0.057
   62940,   63000,0.0083894,0.009897,0.02981,1.399e-23,2.872e-05,4.379e-05,0.0004308,6.18e-24,3.866e-05,0.002124,0.001391,4.992e-07,0.1055,0.008528,0.02028,0.163,3.826e-05,2.519e-05,0.057
   63000,   63060,0.0084341,0.009904,0.02982,1.482e-23,2.879e-05,4.386e-05,0.0004314,6.567e-24,3.884e-05,0.002127,0.001393,5.008e-07,0.1056,0.008536,0.02029,0.163,3.833e-05,2.531e-05,0.057
   63060,   63120,0.0085249,0.00991,0.02984,1.56e-23,2.886e-05,4.393e-05,0.0004321,6.917e-24,3.901e-05,0.00213,0.001394,5.024e-07,0.1056,0.008544,0.02029,0.1631,3.84e-05,2.543e-05,0.057
   63120,   63180,0.0085252,0.009917,0.02985,1.646e-23,2.892e-05,4.399e-05,0.0004327,7.326e-24,3.917e-05,0.002132,0.001396,5.039e-07,0.1056,0.008552,0.0203,0.1631,3.847e-05,2.554e-05,0.057
   63180,   63240,0.0085174,0.009924,0.02987,1.731e-23,2.898e-05,4.406e-05,0.0004334,7.693e-24,3.935e-05,0.002135,0.001397,5.055e-07,0.1057,0.00856,0.0203,0.1632,3.854e-05,2.566e-05,0.057
   63240,   63300,0.0085073,0.00993,0.02988,1.827e-23,2.904e-05,4.413e-05,0.0004341,8.16e-24,3.953e-05,0.002137,0.001398,5.07e-07,0.1057,0.008568,0.02031,0.1632,3.86e-05,2.578e-05,0.057
   63300,   63360,0.0085027,0.009937,0.02989,1.908e-23,2.91e-05,4.419e-05,0.0004347,8.548e-24,3.967e-05,0.00214,0.0014,5.084e-07,0.1057,0.008575,0.02031,0.1633,3.867e-05,2.588e-05,0.057
   63360,   63420,0.0084896,0.009943,0.02991,2.017e-23,2.916e-05,4.426e-05,0.0004353,9.053e-24,3.984e-05,0.002142,0.001401,5.1e-07,0.1058,0.008583,0.02032,0.1633,3.874e-05,2.599e-05,0.057
   63420,   63480,0.0084265,0.00995,0.02992,2.111e-23,2.922e-05,4.432e-05,0.000436,9.459e-24,4.001e-05,0.002145,0.001403,5.115e-07,0.1058,0.008591,0.02032,0.1634,3.88e-05,2.611e-05,0.057
   63480,   63540,0.008409,0.009956,0.02994,2.223e-23,2.928e-05,4.438e-05,0.0004366,1.004e-23,4.018e-05,0.002147,0.001404,5.13e-07,0.1058,0.008598,0.02033,0.1634,3.887e-05,2.622e-05,0.057
   63540,   63600,0.0084081,0.009962,0.02995,2.327e-23,2.934e-05,4.445e-05,0.0004372,1.047e-23,4.031e-05,0.002149,0.001405,5.144e-07,0.1059,0.008605,0.02033,0.1635,3.893e-05,2.633e-05,0.057
   63600,   63660,0.0084276,0.009968,0.02996,2.456e-23,2.94e-05,4.451e-05,0.0004378,1.116e-23,4.045e-05,0.002152,0.001407,5.158e-07,0.1059,0.008613,0.02034,0.1635,3.899e-05,2.643e-05,0.057
   63660,   63720,0.0084797,0.009974,0.02997,2.566e-23,2.945e-05,4.457e-05,0.0004384,1.162e-23,4.066e-05,0.002154,0.001408,5.173e-07,0.1059,0.008619,0.02034,0.1636,3.906e-05,2.655e-05,0.057
   63720,   63780,0.0085117,0.00998,0.02999,2.69e-23,2.951e-05,4.463e-05,0.000439,1.221e-23,4.079e-05,0.002156,0.001409,5.187e-07,0.106,0.008627,0.02034,0.1636,3.912e-05,2.665e-05,0.057
   63780,   63840,0.0085552,0.009986,0.03,2.831e-23,2.957e-05,4.47e-05,0.0004396,1.289e-23,4.095e-05,0.002159,0.00141,5.203e-07,0.106,0.008634,0.02035,0.1636,3.919e-05,2.676e-05,0.057
   63840,   63900,0.0086144,0.009991,0.03001,2.941e-23,2.962e-05,4.475e-05,0.0004402,1.343e-23,4.108e-05,0.002161,0.001412,5.215e-07,0.106,0.008641,0.02035,0.1637,3.924e-05,2.685e-05,0.057
   63900,   63960,0.0086812,0.009997,0.03002,3.104e-23,2.968e-05,4.481e-05,0.0004408,1.422e-23,4.124e-05,0.002163,0.001413,5.229e-07,0.1061,0.008648,0.02036,0.1637,3.93e-05,2.695e-05,0.057
   63960,   64020,0.008756,0.01,0.03004,3.245e-23,2.973e-05,4.487e-05,0.0004414,1.491e-23,4.138e-05,0.002165,0.001414,5.242e-07,0.1061,0.008654,0.02036,0.1638,3.936e-05,2.705e-05,0.057
   64020,   64080,0.008762,0.01001,0.03005,3.374e-23,2.978e-05,4.492e-05,0.0004419,1.557e-23,4.153e-05,0.002167,0.001415,5.255e-07,0.1061,0.008661,0.02037,0.1638,3.942e-05,2.715e-05,0.057
