CampaignData_and_Merges/R0/CSL_MobileLab_Parked/raw/20240813/USOS-POPS_MobileLabGround_20240813_R0.ict
78, 1001
Thornberry, T. D.
NOAA Chemical Sciences Laboratory
Portable Optical Particle Spectrometer (POPS)
USOS
1, 1
2024, 08, 13, 2025, 05, 08
60
Time_Start, seconds_past_midnight, Start time of measurement
45
1, 1, 1, 1, 1, 1, 1, 1, 1, 1, 1, 1, 1, 1, 1, 1, 1, 1, 1, 1, 1, 1, 1, 1, 1, 1, 1, 1, 1, 1, 1, 1, 1, 1, 1, 1, 1, 1, 1, 1, 1, 1, 1, 1, 1
-9999, -9999, -9999, -9999, -9999, -9999, -9999, -9999, -9999, -9999, -9999, -9999, -9999, -9999, -9999, -9999, -9999, -9999, -9999, -9999, -9999, -9999, -9999, -9999, -9999, -9999, -9999, -9999, -9999, -9999, -9999, -9999, -9999, -9999, -9999, -9999, -9999, -9999, -9999, -9999, -9999, -9999, -9999, -9999, -9999
Time_Stop, seconds_past_midnight, Stop time of measurement
Time_Mid, seconds_past_midnight, Mid time of measurement
Press_mb, mb, Pressure reported (mb)
Temp_C, degrees C, POPS temperature measurement
Aerosol_concentration, cm^-3, Aerosol concentration
Surface_Area_Conc, um^2 cm^-3, Surface area concentration
Volume_density, um^3 cm^-3, Volume density
Effective_radius, um, Effective radius
Extinction, km^-1, Extinction
Bin01, cm^-3, particle concentration in size range [1401 - 146.3 nm]
Bin02, cm^-3, particle concentration in size range [146.3 - 152.8 nm]
Bin03, cm^-3, particle concentration in size range [152.8 - 159.6 nm]
Bin04, cm^-3, particle concentration in size range [159.6 - 166.8 nm]
Bin05, cm^-3, particle concentration in size range [166.8 - 174.2 nm]
Bin06, cm^-3, particle concentration in size range [174.2 - 181.9 nm]
Bin07, cm^-3, particle concentration in size range [181.9 - 190.0 nm]
Bin08, cm^-3, particle concentration in size range [190.0 - 198.5 nm]
Bin09, cm^-3, particle concentration in size range [198.5 - 207.4 nm]
Bin10, cm^-3, particle concentration in size range [207.4 - 216.6 nm]
Bin11, cm^-3, particle concentration in size range [216.6 - 226.2 nm]
Bin12, cm^-3, particle concentration in size range [226.2 - 236.3 nm]
Bin13, cm^-3, particle concentration in size range [236.3 - 246.8 nm]
Bin14, cm^-3, particle concentration in size range [246.8 - 257.8 nm]
Bin15, cm^-3, particle concentration in size range [257.8 - 269.3 nm]
Bin16, cm^-3, particle concentration in size range [269.3 - 343.4 nm]
Bin17, cm^-3, particle concentration in size range [343.4 - 450.7 nm]
Bin18, cm^-3, particle concentration in size range [450.7 - 525.9 nm]
Bin19, cm^-3, particle concentration in size range [525.9 - 618.5 nm]
Bin20, cm^-3, particle concentration in size range [618.5 - 710.0 nm]
Bin21, cm^-3, particle concentration in size range [710.0 - 822.7 nm]
Bin22, cm^-3, particle concentration in size range [822.7 - 885.9 nm]
Bin23, cm^-3, particle concentration in size range [885.9 - 953.9 nm]
Bin24, cm^-3, particle concentration in size range [953.9 - 1027.2 nm]
Bin25, cm^-3, particle concentration in size range [1027.2 - 1106.1 nm]
Bin26, cm^-3, particle concentration in size range [1106.1 - 1191.0 nm]
Bin27, cm^-3, particle concentration in size range [1191.0 - 1282.5 nm]
Bin28, cm^-3, particle concentration in size range [1282.5 - 1381.0 nm]
Bin29, cm^-3, particle concentration in size range [1381.0 - 1487.1 nm]
Bin30, cm^-3, particle concentration in size range [1487.1 - 1601.3 nm]
Bin31, cm^-3, particle concentration in size range [1601.3 - 1724.3 nm]
[...]
PLATFORM: NOAA CSL Mobile Lab
LOCATION: USOS
ASSOCIATED_DATA: N/A
INSTRUMENT_INFO: Printed Optical Particle Spectrometer counts particles from 140 - 2500 nm in diameter 
DATA_INFO: Particle concentrations reported in number per cubic centimeter,1 Hz data
UNCERTAINTY: Counting uncertainty dominated by air flow, less than 5 percent. Measurement range is ~0 - 3000 per cm3 (varies depending on flow rate- manufacturer quotes 1250 per cm3 at 1.667 cc/s)
ULOD_FLAG: -7777
ULOD_VALUE: N/A
LLOD_FLAG: -8888
LLOD_VALUE: N/A
DM_CONTACT_INFO: Troy Thornberry, 325 Broadway R/CSL6, Boulder, CO 80305; troy.thornberry@noaa.gov; 303-497-3373
PROJECT_INFO: USOS, Utah POPS data from NOAA CSL Mobile Lab
STIPULATIONS_ON_USE: Please contact the PIs for questions regarding applications and uncertainties
OTHER_COMMENTS: POPS bin Edges (nm):  140.1, 146.3, 152.8, 159.6, 166.8, 174.2, 181.9, 190.0, 198.5, 207.4, 216.6, 226.2, 236.3, 246.8, 257.8, 269.3, 343.4, 450.7, 525.9, 618.5, 710.0, 822.7, 885.9, 953.9, 1027.2, 1106.1, 1191.0, 1282.5, 1381.0, 1487.1, 1601.3, 1724.3, 1856.7, 1999.3, 2152.8, 2318.2, 2496.2
Calculations assume organic aerosol refractive index of 1.52+0.00j and extinction wavelength = 532 nm
REVISION: R0
R0: Final data
Time_Start, Time_Stop, Time_Mid, Press_mb, Temp_C, Aerosol_concentration, Surface_Area_Conc, Volume_density, Effective_radius, Extinction, Bin01, Bin02, Bin03, Bin04, Bin05, Bin06, Bin07, Bin08, Bin09, Bin10, Bin11, Bin12, Bin13, Bin14, Bin15, Bin16, Bin17, Bin18, Bin19, Bin20, Bin21, Bin22, Bin23, Bin24, Bin25, Bin26, Bin27, Bin28, Bin29, Bin30, Bin31, Bin32, Bin33, Bin34, Bin35, Bin36
[from data line 367]
22020,22079,22050,870.472,31.735,91.043,12.205,0.795,0.181,0.003,12.887336,11.474469,10.027653,8.533848,7.727048,6.331790,5.220692,4.401287,3.701459,3.254133,2.774110,2.817852,2.689217,2.118543,1.547607,3.861038,0.774738,0.285296,0.207953,0.082286,0.038051,0.038488,0.044393,0.048905,0.010929,0.022113,0.021938,0.032964,0.011149,0.016513,0.016616,0.011167,0.000000,0.000000,0.000000,0.011186
22080,22139,22110,870.449,31.705,92.103,12.323,0.874,0.196,0.003,12.672367,11.309689,9.940845,9.221661,7.601889,6.471665,5.454095,4.626279,3.743099,3.589715,2.935239,2.911343,2.380594,2.110032,1.536268,3.963274,0.824707,0.296924,0.167782,0.072036,0.066943,0.011357,0.022375,0.033636,0.027854,0.016892,0.000000,0.000000,0.011033,0.011416,0.005258,0.022583,0.010722,0.027679,0.005631,0.000000
22140,22199,22170,870.451,31.601,90.524,12.309,0.875,0.191,0.003,12.566777,11.257156,10.016929,8.618210,7.331302,6.371301,5.393388,4.622456,3.881593,3.383219,2.955316,2.717443,2.204112,2.281747,1.486262,3.774734,0.815645,0.315067,0.182085,0.066472,0.044599,0.022122,0.049682,0.011363,0.005727,0.016525,0.010828,0.005359,0.027315,0.011056,0.022014,0.005556,0.028086,0.005593,0.005501,0.011264
22200,22259,22230,870.339,31.517,91.147,12.244,0.860,0.191,0.003,12.633859,11.218432,9.566349,8.585533,7.889972,6.696335,5.383342,4.749262,3.927943,3.354246,2.953130,2.685582,2.587448,2.038275,1.702343,3.560893,0.812860,0.264601,0.206167,0.076488,0.038514,0.033229,0.033133,0.016949,0.005631,0.010984,0.022027,0.005464,0.005482,0.005359,0.021699,0.005556,0.022152,0.000000,0.010984,0.016652
22260,22319,22290,870.271,31.655,91.409,12.537,0.955,0.207,0.003,12.936196,11.172347,10.031038,8.545573,7.482927,6.442327,5.112520,4.623446,4.177023,3.480704,2.934225,2.826425,2.489750,1.892184,1.643533,3.780450,1.081952,0.200445,0.199969,0.044784,0.050287,0.044618,0.022115,0.022600,0.022024,0.016760,0.005631,0.011013,0.021893,0.022241,0.011093,0.022265,0.005429,0.011357,0.011038,0.011281
22320,22379,22350,870.260,31.781,89.911,12.416,0.932,0.202,0.003,12.551069,10.741943,9.814125,8.442831,7.618195,6.085961,5.457726,4.489885,4.053574,3.593303,2.835969,2.809066,2.491069,2.280641,1.412096,3.476140,0.936793,0.310458,0.121700,0.083347,0.055370,0.028011,0.016762,0.022145,0.022355,0.027713,0.010984,0.011320,0.016512,0.016674,0.016577,0.005501,0.022282,0.005631,0.005574,0.021851
22380,22439,22410,870.182,31.704,90.675,12.750,1.036,0.214,0.003,12.605247,10.969848,9.669073,8.697692,7.494699,6.512781,5.447292,4.400814,3.956204,3.362471,3.108963,2.675115,2.596757,2.324314,1.543473,3.599834,0.844817,0.299703,0.155711,0.072853,0.060774,0.022187,0.033265,0.021968,0.016685,0.016369,0.010947,0.022137,0.005574,0.022007,0.027972,0.016725,0.027838,0.011111,0.005376,0.016394
22440,22499,22470,870.179,31.621,90.036,12.035,0.780,0.180,0.003,12.745951,11.123034,9.645980,8.787693,7.459476,6.397758,4.957728,4.462107,3.829324,3.182962,3.017979,2.726583,2.535316,2.161124,1.515016,3.634355,0.989092,0.332717,0.216112,0.061001,0.055258,0.022195,0.011205,0.021936,0.016649,0.010948,0.038896,0.011111,0.016449,0.000000,0.005650,0.005593,0.022322,0.005556,0.000000,0.011344
22500,22559,22530,870.078,31.555,90.287,12.309,0.873,0.193,0.003,12.575003,11.448564,9.710236,8.566814,7.147888,6.442891,5.107596,4.488238,3.863015,3.274383,2.960305,2.829500,2.617843,2.162861,1.544161,3.846502,0.886665,0.296310,0.155460,0.061681,0.039047,0.056229,0.016576,0.022241,0.022563,0.005631,0.011042,0.022264,0.022297,0.017011,0.016538,0.011131,0.016416,0.011189,0.000000,0.011130
22560,22619,22590,870.022,31.656,90.589,12.306,0.883,0.193,0.003,12.892865,11.622078,9.527694,8.670078,7.456631,6.035152,5.356996,4.716718,3.902926,3.228044,2.767168,2.833175,2.532938,2.157295,1.511706,3.723109,0.874016,0.264635,0.138387,0.060364,0.027312,0.044672,0.021895,0.039280,0.033300,0.022359,0.010755,0.022291,0.005411,0.028415,0.022509,0.011339,0.005556,0.000000,0.005501,0.016874
22620,22679,22650,869.977,31.746,92.100,12.523,0.931,0.196,0.003,13.086285,11.570024,9.864553,8.362867,7.848018,6.676066,5.109434,4.595294,3.863622,3.475752,3.029617,2.879736,2.466490,2.297110,1.602574,3.720994,0.761848,0.332705,0.225494,0.077288,0.032873,0.011116,0.027910,0.033156,0.011082,0.022246,0.011024,0.016340,0.000000,0.005482,0.016799,0.010967,0.016584,0.010805,0.005537,0.022058
22680,22739,22710,869.896,31.672,91.438,12.307,0.836,0.185,0.003,12.755024,11.235406,9.986850,8.722065,7.414530,6.293930,5.456279,4.851026,3.893113,3.489342,3.005599,2.811811,2.669478,2.023435,1.540751,3.648581,0.835734,0.244128,0.189033,0.049792,0.061071,0.022339,0.011377,0.022205,0.044274,0.016435,0.027912,0.021593,0.028119,0.027470,0.011093,0.011114,0.000000,0.000000,0.005727,0.011057
22740,22799,22770,869.878,31.513,93.425,12.953,1.055,0.212,0.003,13.249394,11.904478,10.080453,8.831134,7.726788,6.473396,5.818501,4.587588,3.757557,3.549889,3.029585,2.680878,2.478560,2.274215,1.585947,3.605509,1.037420,0.243521,0.142964,0.055523,0.055161,0.039263,0.011022,0.032980,0.016507,0.011338,0.011244,0.005688,0.011300,0.005727,0.016723,0.011377,0.027590,0.028173,0.005501,0.022014
22800,22859,22830,869.829,31.492,97.298,12.841,0.849,0.183,0.003,14.041667,11.930699,10.721623,9.178515,8.177432,6.652287,5.951955,4.894901,4.279790,3.547973,2.963659,2.968459,2.728271,2.146762,1.660176,3.812705,0.864120,0.244964,0.206512,0.050256,0.049560,0.027717,0.038420,0.011153,0.016509,0.005537,0.005767,0.016388,0.010948,0.016282,0.038406,0.005464,0.011076,0.005631,0.010912,0.005593
22860,22919,22890,869.862,31.631,98.062,12.901,0.837,0.179,0.003,14.083014,12.451829,10.673738,9.572231,7.851285,7.218557,5.773787,5.103528,3.814465,3.483066,3.122554,2.807862,2.608097,2.261577,1.691517,3.784368,0.936358,0.265718,0.253833,0.033063,0.066077,0.016660,0.016471,0.016597,0.033273,0.016558,0.005501,0.016742,0.011281,0.016398,0.011212,0.000000,0.021792,0.000000,0.005708,0.016952
22920,22979,22950,869.842,31.774,99.587,13.134,0.860,0.179,0.003,14.464751,12.827756,10.661029,9.416482,8.124429,7.145055,5.913032,4.853420,3.815321,3.843943,3.481777,2.870716,2.623641,2.265119,1.555380,3.880451,0.950308,0.320614,0.247832,0.061668,0.055974,0.017075,0.022273,0.022571,0.028093,0.011096,0.022472,0.016577,0.005650,0.011115,0.005467,0.000000,0.011510,0.005650,0.005726,0.022752
22980,23039,23010,869.936,31.732,99.234,12.660,0.713,0.159,0.003,14.763720,12.676598,10.657733,9.608261,8.111055,7.049964,5.788721,4.995778,4.265619,3.394701,2.975714,2.795140,2.724516,2.163252,1.624645,3.849779,0.953686,0.289328,0.255814,0.044641,0.038925,0.022321,0.056006,0.027764,0.005556,0.016779,0.016798,0.021913,0.000000,0.000000,0.011223,0.000000,0.010969,0.005519,0.005447,0.005631
23040,23099,23070,870.021,31.588,100.384,13.621,0.968,0.198,0.003,14.495374,12.570332,11.049250,9.988334,8.536621,6.719893,5.902757,4.981915,4.244732,3.676432,3.076922,2.873516,2.656379,2.172907,1.609696,3.830949,1.061038,0.283057,0.231738,0.056084,0.049982,0.044829,0.044650,0.060810,0.016723,0.005593,0.005556,0.022415,0.021989,0.010918,0.027804,0.005376,0.016439,0.016468,0.005464,0.011130
23100,23159,23130,870.012,31.532,99.449,13.091,0.802,0.171,0.003,14.567810,12.331645,10.968609,9.479873,8.338954,7.103492,5.615760,4.812717,3.891598,3.662905,3.111775,3.078688,2.700896,2.466995,1.702255,3.735097,0.986494,0.348982,0.210569,0.050201,0.044231,0.038638,0.016484,0.005848,0.016723,0.027949,0.022420,0.005688,0.028024,0.027899,0.022187,0.000000,0.017026,0.005574,0.005291,0.000000
23160,23219,23190,869.996,31.707,96.779,12.773,0.841,0.182,0.003,13.470092,12.366669,10.814591,9.057149,8.244497,6.682470,5.463766,4.880471,4.056065,3.513421,3.209832,2.814250,2.704241,2.339373,1.661769,3.682317,0.925446,0.294125,0.260673,0.054945,0.089111,0.011075,0.027460,0.033170,0.016750,0.022468,0.005394,0.000000,0.000000,0.010736,0.022430,0.011149,0.005556,0.005631,0.016970,0.005274
23220,23279,23250,870.080,31.785,96.322,12.879,0.872,0.185,0.003,13.420903,11.832005,10.659954,9.445044,7.951180,6.815176,5.670769,4.673920,4.012185,3.307663,3.208461,2.943141,2.766098,2.306397,1.700233,3.820447,0.975997,0.294508,0.228401,0.028008,0.027532,0.017104,0.027726,0.027480,0.028051,0.016567,0.005669,0.011186,0.011111,0.022644,0.016612,0.005537,0.016747,0.005501,0.016723,0.005556
23280,23339,23310,870.136,31.687,95.846,12.926,0.965,0.202,0.003,13.696445,12.220018,10.578872,9.250128,7.887041,6.963071,5.334726,5.009918,3.893426,3.452956,2.942183,2.701768,2.592923,2.052437,1.693772,3.761737,0.975277,0.306098,0.217507,0.022061,0.049590,0.022396,0.038818,0.011074,0.016723,0.010931,0.021860,0.016742,0.011074,0.011102,0.022338,0.016595,0.010987,0.005612,0.011246,0.016613
23340,23399,23370,870.163,31.552,95.342,12.597,0.847,0.180,0.003,13.566479,11.906313,10.659486,9.272290,8.244000,6.617616,5.557550,4.417873,3.830603,3.302724,3.015790,2.898767,2.603271,2.236752,1.576803,3.745546,1.027277,0.340423,0.208183,0.055214,0.022029,0.044270,0.027754,0.027204,0.022262,0.011242,0.027551,0.000000,0.000000,0.022023,0.010984,0.016489,0.010949,0.000000,0.000000,0.016472
23400,23459,23430,870.196,31.581,97.352,12.961,0.923,0.197,0.003,14.030465,12.330336,10.581351,9.692593,8.434652,6.789943,5.644670,4.706598,4.040339,3.445512,3.157022,2.569422,2.551645,2.223130,1.606004,3.835485,0.931584,0.255039,0.165773,0.061113,0.049910,0.005593,0.033185,0.022279,0.016151,0.022102,0.022187,0.027987,0.016474,0.011056,0.016597,0.016799,0.016816,0.011056,0.000000,0.010938
23460,23519,23490,870.227,31.756,93.732,12.926,0.958,0.201,0.003,13.497152,11.738197,9.908321,8.727841,8.017087,6.706833,5.469638,4.551151,3.770395,3.524325,2.975275,2.820720,2.581093,2.344557,1.618706,3.689235,0.930533,0.283121,0.166148,0.083675,0.044434,0.022407,0.027551,0.032896,0.005574,0.027762,0.033312,0.011186,0.027379,0.016952,0.022301,0.005574,0.022377,0.005482,0.005556,0.016753
23520,23579,23550,870.223,31.808,93.681,12.267,0.731,0.167,0.003,13.210128,11.778677,10.307617,8.896808,7.747322,6.264347,5.545471,4.651289,4.004550,3.572803,3.035586,2.828258,2.498585,2.232081,1.563792,3.632783,1.037823,0.317141,0.261880,0.077522,0.055681,0.005593,0.027530,0.016612,0.016855,0.000000,0.016874,0.000000,0.016396,0.010862,0.022010,0.000000,0.016567,0.000000,0.000000,0.011204
23580,23639,23610,870.204,31.709,95.745,12.910,0.870,0.183,0.003,13.129001,12.154633,10.378763,9.264139,8.105392,6.339290,5.422026,4.890770,4.055755,3.666520,3.005834,3.123456,2.677935,2.124009,1.680913,3.956874,0.882705,0.272747,0.215827,0.060395,0.066342,0.055565,0.027471,0.044783,0.011093,0.016669,0.005574,0.033065,0.005556,0.022320,0.005574,0.005501,0.000000,0.016304,0.016670,0.005612
23640,23699,23670,870.157,31.498,93.229,12.492,0.854,0.186,0.003,13.411148,11.316385,9.922419,8.879256,7.901982,6.833044,5.363448,4.744741,3.806020,3.298575,2.848264,2.941983,2.467879,2.080958,1.601635,4.056287,0.940842,0.276566,0.221349,0.044261,0.038954,0.039102,0.005359,0.027650,0.022566,0.032930,0.016639,0.005669,0.016543,0.010952,0.005519,0.011112,0.005519,0.016379,0.005537,0.011149
23700,23759,23730,870.114,31.522,93.081,12.248,0.825,0.181,0.003,13.111565,11.412292,10.078728,8.967721,7.566018,6.585131,5.615417,4.568754,3.942868,3.450275,3.219250,2.525620,2.609864,2.347271,1.633290,3.810161,0.912370,0.310285,0.147832,0.038350,0.027242,0.050023,0.005574,0.016508,0.011130,0.010807,0.005325,0.005519,0.016785,0.022700,0.011243,0.016951,0.000000,0.016632,0.000000,0.011074
23760,23819,23790,870.157,31.733,92.232,12.528,0.869,0.190,0.003,13.300456,11.466632,9.512943,9.112183,7.750724,6.593387,5.311163,4.423581,4.023136,3.413456,2.959830,2.688193,2.488665,2.148481,1.605643,3.775741,0.819344,0.276077,0.204380,0.049463,0.032973,0.021960,0.027674,0.033013,0.027637,0.016343,0.044251,0.005342,0.005537,0.022126,0.033223,0.000000,0.010805,0.010990,0.000000,0.016238
23820,23879,23850,870.181,31.718,96.149,12.322,0.682,0.157,0.003,13.312918,12.372664,10.150348,8.999636,8.278584,6.625555,5.675376,4.628408,4.077989,3.268132,3.117125,3.041464,2.846218,2.359164,1.657985,3.844680,1.111430,0.276554,0.250134,0.038644,0.027443,0.044396,0.005669,0.039053,0.033105,0.005537,0.011063,0.005482,0.005650,0.005688,0.016431,0.011100,0.000000,0.000000,0.000000,0.005359
23880,23939,23910,870.198,31.610,98.006,12.788,0.823,0.181,0.003,13.761535,12.263105,10.439348,9.777625,8.215510,7.137290,5.592557,4.766946,4.137562,3.560575,3.106253,2.991892,2.708318,2.245135,1.630667,3.855206,1.049501,0.327819,0.171642,0.049674,0.027726,0.011338,0.016838,0.022209,0.005593,0.016855,0.027861,0.005650,0.022260,0.005537,0.016819,0.011075,0.005464,0.005574,0.005631,0.011168
23940,23999,23970,870.217,31.497,96.942,12.957,0.865,0.185,0.003,13.553181,11.960007,10.556813,9.118399,8.180407,6.741391,6.091237,4.867735,3.965386,3.601565,2.895932,2.885113,2.817881,2.249039,1.630084,3.870399,1.072833,0.350141,0.177470,0.055988,0.066972,0.022429,0.022336,0.044672,0.011111,0.005631,0.000000,0.016362,0.022278,0.016873,0.038967,0.016603,0.005593,0.005631,0.000000,0.005501
24000,24059,24030,870.263,31.629,97.729,13.790,1.075,0.213,0.004,13.706765,12.143794,10.075047,9.076912,8.288740,6.805903,5.944558,5.026843,3.897002,3.667871,3.102761,2.934484,2.697250,2.455597,1.666223,4.184840,1.002248,0.374381,0.257356,0.050560,0.050377,0.044710,0.033618,0.027983,0.016581,0.028041,0.039411,0.016667,0.011074,0.005631,0.027862,0.011435,0.016892,0.011056,0.000000,0.028063
24060,24119,24090,870.339,31.795,96.573,12.871,0.910,0.193,0.003,13.885490,12.253681,10.758009,9.321490,7.804625,6.275173,5.664069,4.661454,3.921176,3.440281,3.243143,2.940430,2.738147,2.282818,1.672239,3.955320,0.954645,0.278109,0.189313,0.022090,0.050001,0.022237,0.044410,0.027732,0.033606,0.016874,0.011358,0.005593,0.005308,0.022407,0.010840,0.028186,0.021956,0.005556,0.005593,0.000000
24120,24179,24150,870.394,31.816,98.547,13.082,0.900,0.185,0.003,14.500773,12.197974,10.606840,9.613430,8.430345,7.094643,5.839709,4.779551,4.071317,3.562022,3.035437,2.693240,2.613575,2.234860,1.621555,3.906309,0.867309,0.333635,0.183798,0.061105,0.044465,0.016435,0.060619,0.022172,0.022353,0.005447,0.011357,0.005537,0.016506,0.027834,0.022662,0.011224,0.016685,0.000000,0.000000,0.016668
24180,24239,24210,870.413,31.648,98.650,12.739,0.744,0.163,0.003,13.966462,12.156418,11.048755,9.343796,8.311204,7.041328,5.820929,4.915800,4.349553,3.324244,3.210958,2.990604,2.661346,2.209963,1.570563,4.024081,0.787543,0.332682,0.277686,0.061441,0.055918,0.022300,0.027603,0.016455,0.016676,0.016650,0.011204,0.005612,0.011100,0.011149,0.027505,0.005612,0.005519,0.005556,0.000000,0.005482
24240,24299,24270,870.409,31.601,98.037,12.716,0.797,0.173,0.003,14.251619,12.314032,10.970220,9.432240,8.203102,7.083632,5.550998,4.804099,3.860715,3.340022,3.119709,2.704235,2.732310,2.284114,1.682783,3.973966,0.961316,0.250348,0.200126,0.049741,0.066817,0.027819,0.022486,0.016707,0.011077,0.022249,0.016844,0.011262,0.005688,0.016559,0.010969,0.011130,0.010949,0.005447,0.005631,0.005593
24300,24359,24330,870.435,31.740,100.123,13.086,0.826,0.174,0.003,14.053071,12.726579,10.965178,9.373528,8.864084,7.163984,5.819641,5.038469,4.160385,3.497557,3.306875,2.928331,2.687056,2.185883,1.547871,3.948649,1.009914,0.284412,0.199671,0.072808,0.060730,0.032826,0.050148,0.028044,0.011067,0.011186,0.016604,0.005747,0.005359,0.016602,0.016652,0.005708,0.000000,0.005669,0.011192,0.011262
24360,24419,24390,870.406,31.854,105.242,13.399,0.809,0.169,0.003,15.204413,13.252495,11.457703,10.440497,8.537267,7.753633,6.428975,5.450124,4.571738,3.760460,3.207258,2.934511,2.642061,2.339964,1.716908,3.804420,0.998654,0.232056,0.148712,0.077331,0.049902,0.033507,0.049729,0.022365,0.022120,0.011093,0.000000,0.022186,0.005593,0.022112,0.005429,0.011156,0.016704,0.005574,0.000000,0.005631
