CampaignData_and_Merges/R0/CSL_MobileLab_Parked/raw/20240813/USOS-NOAAIodideCIMS-Halogens_MobileLabGround_20240813_RA.ict
38, 1001
Michael A Robinson, Chris Jernigan, Subi Thakali
NOAA ESRL Chemical Sciences Laboratory and CIRES, U. of Colorado
NOAA Iodide CIMS Instrument
USOS
1, 1
2024, 08, 13, 2024, 08, 15
1
starttime_UTC, seconds_past_midnight, seconds_of_day_since_00:00:00_UTC
6
1, 1, 1, 1, 1, 1
-9999, -9999, -9999, -9999, -9999, -9999
Br2_NOAACIMS, pptv, Gas_Br2_InSitu_S_AVMR, 
BrO_NOAACIMS, pptv, Gas_BrO_InSitu_S_AVMR, 
Cl2_NOAACIMS, pptv, Gas_Cl2_InSitu_S_AVMR, 
ClNO2_NOAACIMS, pptv, Gas_ClNO2_InSitu_S_AVMR, 
BrCl_NOAACIMS, pptv, Gas_BrCl_InSitu_S_AVMR, 
NCl3_NOAACIMS, pptv, Gas_NCl3_InSitu_S_AVMR, 
0
18
PI_CONTACT_INFO: 325 Broadway, R/CSD 7, Boulder, Colorado 80305; michael.a.robinson@noaa.gov; chris.jernigan@noaa.gov;
PLATFORM: NOAA CSL Mobile Lab
LOCATION: SLC, Utah
ASSOCIATED_DATA: 1Hz data also available on request.
INSTRUMENT_INFO: NOAA I- ToF CIMS
DATA_INFO: All data in parts per trillion by volume (pptv). 1 Hz data is available upon request.
UNCERTAINTY: TBD
ULOD_FLAG: -7777
ULOD_VALUE: N/A
LLOD_FLAG: -8888
LLOD_VALUE: N/A
DM_CONTACT_INFO: Nathan Howard; nathan.h.howard@noaa.gov
PROJECT_INFO: USOS, summer 2024. https://csl.noaa.gov/groups/csl7/measurements/2024usos/
STIPULATIONS_ON_USE: Users are strongly encouraged to contact the PI for proper data usage.
OTHER_COMMENTS: 
REVISION: RA
RA: Preliminary Data; For in-field use only
starttime_UTC, Br2_NOAACIMS, BrO_NOAACIMS, Cl2_NOAACIMS, ClNO2_NOAACIMS, BrCl_NOAACIMS, NCl3_NOAACIMS
[from data line 869]
 52140,  0.592,  0.038,  0.250,  0.328,  0.029,  0.328
 52200,  0.547,  0.048,  0.294,  0.325,  0.032,  0.236
 52260,  0.657,  0.064,  0.259,  0.338,  0.041,  0.197
 52320,  0.644,  0.086,  0.250,  0.312,  0.032,  0.219
 52380,  0.585,  0.034,  0.216,  0.290,  0.028,  0.280
 52440,  0.643,  0.048,  0.224,  0.325,  0.031,  0.211
 52500,  0.703,  0.152,  0.281,  0.307,  0.031,  0.192
 52560,  0.729,  0.059,  0.319,  0.294,  0.046,  0.127
 52620,  0.573,  0.098,  0.220,  0.295,  0.047,  0.181
 52680,  0.635,  0.102,  0.283,  0.288,  0.029,  0.072
 52740,  0.743,  0.089,  0.296,  0.325,  0.037,  0.218
 52800,  0.649,  0.075,  0.255,  0.344,  0.004,  0.355
 52860,  0.648,  0.077,  0.249,  0.279,  0.035,  0.352
 52920,  0.629,  0.074,  0.324,  0.312,  0.044,  0.217
 52980,  0.517,  0.045,  0.280,  0.289,  0.062,  0.145
 53040,  0.659,  0.057,  0.254,  0.305,  0.032,  0.047
 53100,  0.596,  0.059,  0.271,  0.286,  0.039,  0.001
 53160,  0.671,  0.076,  0.298,  0.313,  0.050,  0.068
 53220,  0.575,  0.098,  0.293,  0.327,  0.048,  0.137
 53280,  0.626,  0.118,  0.304,  0.302,  0.036,  0.434
 53340,  0.651,  0.043,  0.257,  0.245,  0.016,  0.343
 53400,  0.654,  0.043,  0.301,  0.312,  0.067,  0.304
 53460,  0.561,  0.083,  0.300,  0.301,  0.044,  0.148
 53520,  0.549,  0.064,  0.352,  0.290,  0.063,  0.179
 53580,  0.623,  0.049,  0.291,  0.306,  0.069,  0.090
 53640,  0.583,  0.025,  0.363,  0.325,  0.094,  0.043
 53700,  0.551,  0.005,  0.367,  0.288,  0.074,  0.061
 53760,  0.550,  0.040,  0.330,  0.335,  0.060,  0.106
 53820,  0.520,  0.058,  0.275,  0.303,  0.042,  0.042
 53880,  0.542,  0.028,  0.291,  0.268,  0.069,  0.039
 53940,  0.517,  0.044,  0.234,  0.292,  0.048, -0.018
 54000,  0.516,  0.046,  0.330,  0.295,  0.069, -0.014
 54060,  0.513,  0.044,  0.263,  0.292,  0.060, -0.005
 54120,  0.547,  0.028,  0.280,  0.268,  0.063, -0.011
 54180,  0.511,  0.006,  0.216,  0.305,  0.053,  0.003
 54240,  0.508, -0.033,  0.323,  0.271,  0.050,  0.002
 54300,  0.451, -0.010,  0.259,  0.279,  0.046,  0.092
 54360,  0.432, -0.018,  0.273,  0.272,  0.080,  0.155
 54420,  0.446,  0.022,  0.246,  0.269,  0.063,  0.116
 54480,  0.461,  0.060,  0.268,  0.249,  0.064,  0.170
 54540, -9999.000, -9999.000, -9999.000, -9999.000, -9999.000, -9999.000
 54600,  0.504,  0.043,  0.254,  0.285,  0.056,  0.020
 54660,  0.439, -0.037,  0.244,  0.261,  0.067,  0.048
 54720,  0.468, -0.001,  0.173,  0.252,  0.068,  0.082
 54780,  0.587,  0.007,  0.213,  0.257,  0.043,  0.048
 54840,  0.464, -0.031,  0.229,  0.275,  0.122,  0.102
 54900,  0.460,  0.020,  0.148,  0.249,  0.036,  0.073
 54960,  0.481, -0.027,  0.228,  0.264,  0.081,  0.114
 55020,  0.440, -0.001,  0.202,  0.265,  0.048,  0.031
 55080,  0.524, -0.025,  0.214,  0.284,  0.078,  0.121
 55140,  0.509,  0.085,  0.146,  0.246,  0.060,  0.056
 55200,  0.465, -0.017,  0.181,  0.273,  0.044,  0.028
 55260,  0.510,  0.024,  0.178,  0.266,  0.070,  0.044
 55320,  0.499, -0.030,  0.168,  0.287,  0.043,  0.035
 55380,  0.501, -0.001,  0.223,  0.265,  0.083,  0.082
 55440,  0.526, -0.013,  0.140,  0.206,  0.074,  0.021
 55500,  0.573,  0.037,  0.187,  0.268,  0.113,  0.041
 55560,  0.591,  0.080,  0.189,  0.251,  0.105,  0.037
 55620,  0.563,  0.077,  0.196,  0.262,  0.080,  0.078
 55680,  0.639,  0.055,  0.191,  0.253,  0.106,  0.121
 55740,  0.487,  0.022,  0.181,  0.241,  0.115,  0.165
 55800,  0.578,  0.001,  0.159,  0.244,  0.108,  0.093
 55860,  0.537,  0.127,  0.170,  0.233,  0.069,  0.115
 55920,  0.575,  0.099,  0.206,  0.262,  0.108,  0.051
 55980,  0.656,  0.027,  0.250,  0.264,  0.040,  0.084
 56040,  0.620, -0.006,  0.167,  0.238,  0.096,  0.108
 56100,  0.537,  0.030,  0.139,  0.238,  0.119,  0.041
 56160,  0.633,  0.085,  0.150,  0.227,  0.108,  0.140
 56220,  0.704,  0.062,  0.213,  0.243,  0.125,  0.077
 56280,  0.674,  0.059,  0.206,  0.228,  0.112,  0.075
 56340,  0.625,  0.052,  0.164,  0.237,  0.068,  0.094
 56400, -9999.000, -9999.000, -9999.000, -9999.000, -9999.000, -9999.000
 56460,  0.498,  0.039,  0.191,  0.220,  0.115,  0.042
 56520,  0.598, -0.034,  0.215,  0.223,  0.105,  0.053
 56580,  0.670,  0.105,  0.162,  0.218,  0.120,  0.061
 56640,  0.607, -0.000,  0.187,  0.212,  0.129,  0.074
 56700,  0.630,  0.022,  0.227,  0.232,  0.109,  0.072
 56760,  0.703,  0.019,  0.222,  0.256,  0.096,  0.093
 56820,  0.606,  0.071,  0.221,  0.233,  0.109,  0.177
 56880,  0.592,  0.015,  0.138,  0.195,  0.102,  0.048
 56940,  0.696,  0.037,  0.120,  0.188,  0.137,  0.108
 57000,  0.645,  0.019,  0.176,  0.222,  0.096,  0.057
 57060,  0.599,  0.049,  0.385,  0.213,  0.105,  0.379
 57120,  0.691,  0.069,  0.495,  0.239,  0.156,  0.283
 57180,  0.693,  0.063,  0.191,  0.199,  0.123,  0.115
 57240,  0.623,  0.002,  0.194,  0.201,  0.080,  0.053
 57300,  0.660,  0.052,  0.193,  0.184,  0.117,  0.043
 57360,  0.705,  0.051,  0.234,  0.191,  0.126,  0.081
 57420,  0.675,  0.044,  0.219,  0.158,  0.140,  0.084
 57480,  0.678, -0.019,  0.171,  0.185,  0.144,  0.090
 57540,  0.646, -0.032,  0.177,  0.187,  0.133,  0.040
 57600,  0.632,  0.016,  0.135,  0.173,  0.136,  0.035
 57660,  0.671, -0.010,  0.180,  0.186,  0.096,  0.026
 57720,  0.585,  0.001,  0.212,  0.168,  0.102,  0.097
 57780,  0.510, -0.023,  0.199,  0.181,  0.103,  0.064
 57840,  0.547,  0.048,  0.127,  0.180,  0.099,  0.064
 57900,  0.621,  0.004,  0.182,  0.154,  0.079,  0.051
 57960,  0.599, -0.020,  0.205,  0.184,  0.073,  0.032
 58020,  0.664, -0.009,  0.240,  0.200,  0.157,  0.046
 58080,  0.720,  0.072,  0.168,  0.214,  0.081,  0.092
 58140,  0.530,  0.034,  0.148,  0.205,  0.099,  0.055
 58200,  0.583, -0.083,  0.184,  0.216,  0.152,  0.003
 58260, -9999.000, -9999.000, -9999.000, -9999.000, -9999.000, -9999.000
 58320,  0.573, -0.026,  0.174,  0.167,  0.117, -0.007
 58380,  0.534, -0.018,  0.231,  0.188,  0.111,  0.047
 58440,  0.506,  0.028,  0.216,  0.188,  0.120,  0.109
 58500,  0.443,  0.070,  0.190,  0.160,  0.105,  0.026
 58560,  0.583,  0.030,  0.240,  0.193,  0.084,  0.070
 58620,  0.612, -0.028,  0.184,  0.203,  0.086,  0.061
 58680,  0.597, -0.007,  0.220,  0.150,  0.109,  0.067
 58740,  0.676,  0.012,  0.234,  0.168,  0.104,  0.029
 58800,  0.672,  0.016,  0.294,  0.187,  0.101,  0.059
 58860,  0.690,  0.019,  0.227,  0.161,  0.098,  0.019
 58920,  0.636,  0.019,  0.213,  0.220,  0.088, -0.008
 58980,  0.613,  0.077,  0.288,  0.164,  0.085,  0.050
 59040,  0.764,  0.026,  0.291,  0.144,  0.104,  0.025
 59100,  0.664,  0.031,  0.225,  0.178,  0.111,  0.040
 59160,  0.752,  0.058,  0.256,  0.154,  0.077, -0.011
 59220,  0.618,  0.025,  0.260,  0.153,  0.114,  0.018
 59280,  0.642,  0.046,  0.269,  0.178,  0.118,  0.101
 59340,  0.630,  0.024,  0.262,  0.169,  0.113,  0.083
 59400,  0.610,  0.008,  0.273,  0.143,  0.086,  0.046
 59460,  1.546,  0.045,  0.311,  0.197,  0.163,  0.083
 59520,  0.701,  0.044,  0.239,  0.144,  0.124,  0.099
 59580,  0.750,  0.019,  0.287,  0.180,  0.135,  0.040
 59640,  0.799,  0.020,  0.241,  0.166,  0.140,  0.040
 59700,  0.842,  0.057,  0.280,  0.161,  0.144,  0.118
 59760,  0.760,  0.072,  0.314,  0.180,  0.100,  0.069
 59820,  0.655,  0.091,  0.245,  0.231,  0.151,  0.131
 59880,  0.716,  0.101,  0.333,  0.192,  0.103,  0.114
 59940,  0.725,  0.069,  0.256,  0.160,  0.114,  0.073
 60000,  0.766,  0.039,  0.299,  0.162,  0.111,  0.130
 60060,  0.870,  0.132,  0.271,  0.187,  0.140,  0.054
 60120,  0.860,  0.141,  0.392,  0.304,  0.058,  0.102
 60180,  0.707,  0.031,  0.344,  0.141,  0.099,  0.068
 60240,  0.821,  0.078,  0.298,  0.174,  0.084,  0.048
 60300,  0.681,  0.011,  0.239,  0.145,  0.111,  0.071
 60360,  0.686,  0.024,  0.287,  0.167,  0.113,  0.010
 60420,  0.743,  0.057,  0.261,  0.176,  0.132,  0.101
 60480,  0.767,  0.056,  0.243,  0.189,  0.091,  0.002
 60540,  0.798,  0.071,  0.261,  0.173,  0.104,  0.063
 60600,  0.800,  0.027,  0.235,  0.158,  0.146,  0.062
 60660,  0.752,  0.039,  0.255,  0.171,  0.092, -0.016
 60720,  0.751,  0.045,  0.248,  0.131,  0.121,  0.065
 60780,  0.820,  0.100,  0.287,  0.158,  0.094,  0.005
 60840,  0.760,  0.049,  0.330,  0.142,  0.127,  0.047
 60900,  0.770,  0.051,  0.365,  0.181,  0.124,  0.028
 60960,  0.728,  0.035,  0.442,  0.147,  0.112, -0.012
 61020,  0.724,  0.045,  0.442,  0.138,  0.113,  0.037
 61080,  0.781,  0.035,  0.384,  0.161,  0.116,  0.085
 61140,  0.654,  0.047,  0.338,  0.176,  0.125,  0.055
 61200,  0.743,  0.029,  0.307,  0.145,  0.084,  0.075
 61260,  0.747,  0.025,  0.244,  0.183,  0.128,  0.042
 61320,  0.838,  0.045,  0.279,  0.145,  0.083,  0.016
 61380,  0.788,  0.059,  0.271,  0.113,  0.121,  0.033
 61440,  0.720, -0.000,  0.337,  0.165,  0.090, -0.009
 61500,  0.754,  0.017,  0.384,  0.145,  0.089, -0.001
 61560,  0.806,  0.017,  0.336,  0.178,  0.114,  0.062
 61620,  0.850, -0.001,  0.398,  0.175,  0.111,  0.002
 61680,  0.735,  0.021,  0.392,  0.155,  0.098, -0.018
 61740,  0.777, -0.020,  0.328,  0.156,  0.102, -0.035
 61800,  0.734,  0.038,  0.366,  0.148,  0.097,  0.054
 61860,  0.713, -0.024,  0.358,  0.142,  0.146, -0.005
 61920, -9999.000, -9999.000, -9999.000, -9999.000, -9999.000, -9999.000
 61980,  0.928,  0.025,  0.315,  0.176,  0.079, -0.057
 62040,  0.747, -0.005,  0.420,  0.131,  0.058, -0.047
 62100,  0.789, -0.004,  0.404,  0.144,  0.127,  0.039
 62160,  0.675, -0.009,  0.399,  0.174,  0.078,  0.017
 62220,  0.776,  0.038,  0.425,  0.149,  0.144,  0.020
 62280,  0.866,  0.044,  0.379,  0.151,  0.122,  0.107
 62340,  0.743, -0.031,  0.382,  0.153,  0.084,  0.023
 62400,  0.747,  0.012,  0.322,  0.168,  0.133, -0.011
 62460,  0.847,  0.070,  0.355,  0.127,  0.113,  0.017
 62520,  0.712,  0.012,  0.360,  0.139,  0.140,  0.043
 62580,  0.913,  0.011,  0.463,  0.149,  0.121,  0.083
 62640,  0.980,  0.026,  0.399,  0.147,  0.124,  0.074
 62700,  0.811,  0.002,  0.443,  0.134,  0.169,  0.076
 62760,  0.834,  0.047,  0.360,  0.123,  0.173,  0.073
 62820,  0.860, -0.024,  0.334,  0.138,  0.122,  0.042
 62880,  0.805, -0.033,  0.367,  0.172,  0.157,  0.091
 62940,  0.845, -0.011,  0.313,  0.141,  0.107,  0.054
 63000,  0.953,  0.063,  0.400,  0.151,  0.111,  0.093
 63060,  0.810,  0.052,  0.349,  0.173,  0.129,  0.025
 63120,  0.891, -0.058,  0.420,  0.149,  0.090,  0.038
 63180,  0.911,  0.019,  0.383,  0.127,  0.136,  0.050
 63240,  0.869, -0.005,  0.353,  0.109,  0.112,  0.056
 63300,  0.924,  0.092,  0.338,  0.146,  0.085,  0.079
 63360,  0.874,  0.013,  0.363,  0.149,  0.165,  0.076
 63420,  0.872,  0.029,  0.373,  0.129,  0.140,  0.036
 63480,  0.736, -0.000,  0.450,  0.169,  0.101,  0.044
 63540,  0.975, -0.023,  0.438,  0.095,  0.136,  0.095
 63600,  0.926, -0.037,  0.476,  0.153,  0.114,  0.231
 63660,  0.941, -0.030,  0.435,  0.163,  0.117,  0.204
 63720,  1.022, -0.036,  0.402,  0.145,  0.126,  0.085
 63780,  0.821,  0.475,  0.354,  0.137, -0.053, -0.056
 63840,  0.949, -0.006,  0.394,  0.182,  0.146,  0.088
 63900,  1.043,  0.038,  0.420,  0.134,  0.146,  0.079
 63960,  0.974, -0.018,  0.428,  0.199,  0.153,  0.216
 64020,  0.990,  0.046,  0.497,  0.135,  0.169,  0.095
 64080,  0.898, -0.004,  0.433,  0.103,  0.057,  0.127
 64140,  0.983, -0.025,  0.490,  0.144,  0.135,  0.048
 64200,  0.965,  0.060,  0.490,  0.121,  0.110,  0.062
 64260,  1.015, -0.070,  0.434,  0.135,  0.143,  0.074
 64320,  0.923, -0.051,  0.468,  0.101,  0.134,  0.072
 64380,  0.885, -0.031,  0.556,  0.116,  0.139,  0.107
 64440,  0.905, -0.004,  0.553,  0.179,  0.128,  0.072
 64500,  0.940, -0.054,  0.430,  0.144,  0.130,  0.041
 64560,  0.905, -0.015,  0.550,  0.170,  0.147,  0.048
 64620,  0.884, -0.057,  0.534,  0.153,  0.124,  0.055
 64680,  0.823, -0.039,  0.445,  0.123,  0.126,  0.032
 64740,  0.912, -0.037,  0.506,  0.165,  0.133,  0.058
 64800,  0.942, -0.031,  0.589,  0.162,  0.134,  0.081
 64860,  0.877, -0.119,  0.555,  0.133,  0.157,  0.036
 64920,  0.885, -0.075,  0.542,  0.157,  0.119,  0.062
 64980,  0.852, -0.061,  0.621,  0.127,  0.139, -0.001
 65040,  0.818, -0.050,  0.589,  0.131,  0.132,  0.108
 65100,  0.790, -0.040,  0.538,  0.143,  0.135,  0.050
 65160,  0.917, -0.075,  0.643,  0.114,  0.199,  0.042
 65220,  0.851, -0.105,  0.532,  0.151,  0.109,  0.028
 65280,  0.816, -0.049,  0.572,  0.153,  0.156,  0.016
 65340,  0.771, -0.076,  0.603,  0.154,  0.134,  0.012
 65400,  0.785, -0.036,  0.674,  0.154,  0.228,  0.041
 65460,  0.793, -0.059,  0.583,  0.137,  0.178,  0.007
 65520,  1.022, -0.038,  0.590,  0.164,  0.182,  0.024
 65580,  0.925,  0.006,  0.620,  0.122,  0.167,  0.085
 65640, -9999.000, -9999.000, -9999.000, -9999.000, -9999.000, -9999.000
 65700,  0.797, -0.056,  0.578,  0.157,  0.193,  0.124
 65760,  0.728, -0.038,  0.624,  0.158,  0.124,  0.011
 65820,  0.842, -0.036,  0.611,  0.130,  0.197,  0.068
 65880,  0.910, -0.107,  0.623,  0.119,  0.168,  0.005
 65940,  0.819, -0.071,  0.560,  0.134,  0.193,  0.051
 66000,  0.789, -0.121,  0.579,  0.121,  0.187,  0.035
 66060,  0.830, -0.056,  0.568,  0.114,  0.182,  0.021
 66120,  0.896, -0.044,  0.563,  0.156,  0.161,  0.049
 66180,  0.904, -0.028,  0.566,  0.127,  0.170,  0.017
 66240,  0.960, -0.026,  0.615,  0.118,  0.157,  0.078
 66300,  0.913, -0.100,  0.597,  0.128,  0.186,  0.021
 66360,  0.899,  0.029,  0.515,  0.110,  0.184,  0.084
 66420,  0.859, -0.026,  0.544,  0.140,  0.152,  0.041
 66480,  0.937, -0.030,  0.603,  0.105,  0.165,  0.066
 66540,  0.889, -0.042,  0.530,  0.141,  0.143,  0.056
 66600,  0.849,  0.032,  0.579,  0.088,  0.138, -0.025
 66660,  0.825,  0.010,  0.528,  0.090,  0.175,  0.044
 66720,  0.749,  0.039,  0.522,  0.113,  0.168,  0.054
 66780,  0.759,  0.054,  0.642,  0.113,  0.158, -0.007
 66840,  0.921,  0.024,  0.531,  0.107,  0.178,  0.077
 66900,  0.895,  0.038,  0.543,  0.093,  0.207, -0.016
 66960,  0.805,  0.033,  0.550,  0.072,  0.182,  0.052
 67020,  0.794,  0.068,  0.525,  0.112,  0.161,  0.044
 67080,  0.857,  0.018,  0.566,  0.075,  0.158,  0.079
 67140,  0.786,  0.078,  0.651,  0.124,  0.144,  0.040
 67200,  0.824,  0.081,  0.599,  0.131,  0.165,  0.072
 67260,  0.782,  0.071,  0.635,  0.112,  0.164,  0.037
 67320,  0.874,  0.054,  0.508,  0.103,  0.137,  0.021
 67380,  0.773,  0.080,  0.499,  0.092,  0.106,  0.005
 67440,  0.789,  0.187,  0.510,  0.091,  0.197,  0.042
 67500,  0.964,  0.009,  0.314,  0.095,  0.155,  0.192
 67560,  0.790,  0.113,  0.563,  0.136,  0.130,  0.274
 67620,  0.715,  0.091,  0.593,  0.110,  0.173,  0.442
 67680,  0.821,  0.041,  0.683,  0.136,  0.141,  0.324
 67740,  0.725,  0.126,  0.582,  0.124,  0.127,  0.168
 67800,  0.777,  0.148,  0.457,  0.094,  0.153,  0.052
 67860,  0.843,  0.108,  0.580,  0.134,  0.128,  0.147
 67920,  0.856,  0.082,  0.599,  0.105,  0.152,  0.096
 67980,  0.871,  0.031,  0.528,  0.090,  0.108,  0.027
 68040,  0.802,  0.018,  0.545,  0.127,  0.119,  0.020
 68100,  0.918,  0.002,  0.516,  0.100,  0.109,  0.031
 68160,  0.845,  0.008,  0.620,  0.100,  0.155,  0.075
 68220,  0.905,  0.027,  0.558,  0.119,  0.111,  0.054
 68280,  0.856,  0.001,  0.627,  0.117,  0.153,  0.019
 68340,  0.890,  0.050,  0.617,  0.100,  0.114,  0.029
 68400,  0.842,  0.034,  0.643,  0.122,  0.126,  0.063
 68460,  0.887,  0.024,  0.595,  0.129,  0.100,  0.079
 68520,  0.816, -0.009,  0.494,  0.112,  0.147, -0.016
 68580,  0.930,  0.028,  0.582,  0.106,  0.150,  0.004
 68640,  0.917,  0.012,  0.516,  0.117,  0.134,  0.025
 68700,  0.835,  0.017,  0.522,  0.117,  0.176,  0.006
 68760,  0.959, -0.014,  0.596,  0.117,  0.140,  0.012
 68820,  1.005, -0.031,  0.540,  0.127,  0.161,  0.003
 68880,  0.903, -0.030,  0.614,  0.114,  0.171,  0.066
 68940,  0.966,  0.005,  0.689,  0.109,  0.158, -0.049
 69000,  1.063,  0.037,  0.601,  0.094,  0.144,  0.048
 69060,  0.926, -0.084,  0.572,  0.120,  0.143, -0.025
 69120,  0.863, -0.027,  0.654,  0.091,  0.174,  0.004
 69180,  0.879, -0.044,  0.626,  0.147,  0.190,  0.044
 69240,  0.961, -0.072,  0.595,  0.131,  0.128, -0.027
 69300,  1.005, -0.092,  0.662,  0.154,  0.118,  0.041
 69360,  0.812,  0.001,  0.576,  0.153,  0.197, -0.025
