CampaignData_and_Merges/R0/CSL_MobileLab_Parked/raw/20240813/USOS-Picarro-CO2-CH4-CO-H2O_MobileLabGround_20240813_R0.ict
38, 1001
Ilana Pollack, Nell Schafer, and Jeff Peischl
NOAA Chemical Sciences Laboratory
Picarro 2401-m CO2/CH4/CO/H2O Analyzer
USOS
1, 1
2024, 08, 13, 2024, 11, 20
0
StartTime_UTC, seconds_past_midnight, seconds past midnight
5
1, 1, 1, 1, 1
-9999, -9999, -9999, -9999, -9999
StopTime_UTC, seconds_past_midnight, seconds past midnight
CO2_ppm_1min, ppm, Gas_CO2_InSitu_S_DMF, carbon dioxide mixing ratio
CH4_ppb_1min, ppb, Gas_CH4_InSitu_S_DMF, methane mixing ratio
CO_ppb_1min, ppb, Gas_CO_InSitu_S_DMF, carbon monoxide mixing ratio
H2O_ppmv_1min, ppmv, Met_H2OMRV_InSitu_S_AVMR, water vapor mixing ratio
1
SPECIAL COMMENTS: N/A
18
PI_CONTACT_INFO: Address: NOAA Chemical Sciences Laboratory, Mail Stop CSL7, 325 Broadway, Boulder, CO 80305; Email: Ilana.Pollack@noaa.gov
PLATFORM: NOAA CSL Mobile Laboratory
LOCATION: The mobile lab was stationed in Salt Lake City, Utah.
ASSOCIATED_DATA: N/A
INSTRUMENT_INFO: CO2, CH4, and CO are reported as dry air mole fractions using a commercial wavelength-scanned cavity ring-down analyzer (Picarro 2401-m). An in-field calibration gas standard of 432±0.07 ppm CO2, 2095±1 ppb CH4, and 183±1 ppb CO, calibrated in the Boulder laboratories before and after the field project using primary CO2, CH4, and CO standard tanks tied to the WMO standard (X2019, X2004A, and X2014A, respectively) from the Global Monitoring Laboratory (GML), was delivered to the inlet every 2-3 days to evaluate instrument sensitivity. A H2O measurement was calibrated before the project with a Dew Point Mirror 373 hygrometer. The water correction calculated from these calibrations was applied to the H2O measurement for the entire campaign. Species are measured at 0.5 Hz and reported as 1-minute averages for stationary measurements.
DATA_INFO: Units: CO2, ppm, dry air mole fraction; CH4, ppb, dry air mole fraction; CO, ppb, dry air mole fraction; H2O, ppmv
UNCERTAINTY: Total uncertainties are estimated as ±0.1 ppm for CO2, ±1 ppb for CH4, ±5 ppb for CO, and ±(50 ppm + 4%) for H2O.
ULOD_FLAG: -7777
ULOD_VALUE: N/A
LLOD_FLAG: -8888
LLOD_VALUE: N/A
DM_CONTACT_INFO: Data Manager: Nathan Howard; nathan.h.howard@noaa.gov
PROJECT_INFO: USOS Dates of Study: July – August 2024
STIPULATIONS_ON_USE: Use of these data require prior ok from PI.
OTHER_COMMENTS: Data are averaged to 1 minute intervals. Stationary data collected from a 10 ft tower on top of the mobile van.
REVISION: R0
R0: Final Data
StartTime_UTC, StopTime_UTC, CO2_ppm_1min, CH4_ppb_1min, CO_ppb_1min, H2O_ppmv_1min
[from data line 757]
45420,45480,434.39,1960.6,123.0,18876.0273
45480,45540,433.99,1959.4,119.8,18841.1797
45540,45600,433.88,1958.3,121.8,18753.1406
45600,45660,434.95,1958.5,125.5,18877.9727
45660,45720,435.65,1958.8,123.6,18908.0801
45720,45780,434.74,1959.6,125.5,18885.9648
45780,45840,436.53,1958.9,124.0,18924.2422
45840,45900,436.87,1957.9,124.5,18871.0293
45900,45960,438.27,1959.6,122.8,18824.6348
45960,46020,434.17,1955.5,118.1,18615.6406
46020,46080,433.55,1955.2,118.0,18598.3926
46080,46140,433.85,1954.7,117.6,18598.8086
46140,46200,435.86,1954.7,119.4,18715.6855
46200,46260,434.97,1954.0,118.6,18621.2773
46260,46320,438.78,1954.9,124.0,18817.7012
46320,46380,437.95,1955.7,128.6,18705.3770
46380,46440,438.76,1955.3,136.9,18676.6895
46440,46500,440.06,1955.4,181.0,18644.7344
46500,46560,439.04,1954.2,182.3,18627.9570
46560,46620,433.89,1951.8,120.4,18532.7598
46620,46680,434.23,1953.8,120.9,18625.4805
46680,46740,435.06,1954.9,127.4,18848.7559
46740,46800,435.14,1951.9,128.8,18725.9473
46800,46860,437.18,1951.7,136.3,18791.1289
46860,46920,435.81,1952.8,125.7,18833.7207
46920,46980,438.50,1954.3,142.3,18903.9727
46980,47040,439.58,1954.0,137.0,18914.1328
47040,47100,437.42,1952.7,132.1,18837.1172
47100,47160,435.34,1952.2,127.2,18765.3145
47160,47220,437.38,1953.9,131.1,18905.0156
47220,47280,440.35,1954.6,141.9,18939.4824
47280,47340,440.29,1954.2,151.1,18919.6738
47340,47400,437.85,1953.9,134.5,18920.4883
47400,47460,437.43,1954.4,136.8,18899.6152
47460,47520,440.12,1956.5,151.5,18992.0391
47520,47580,439.53,1955.7,147.7,18957.1270
47580,47640,437.55,1954.4,136.8,18905.9238
47640,47700,438.84,1955.3,141.7,18962.2520
47700,47760,441.78,1956.8,164.0,19049.0703
47760,47820,438.66,1955.9,140.4,18959.1934
47820,47880,438.52,1955.7,141.0,18941.0879
47880,47940,442.69,1956.8,149.8,19012.4629
47940,48000,441.73,1956.7,149.3,19042.0469
48000,48060,442.52,1957.3,162.2,19008.0547
48060,48120,451.31,1960.8,190.5,19175.0645
48120,48180,448.25,1963.0,196.3,19134.9980
48180,48240,444.06,1959.4,163.8,19019.2324
48240,48300,441.37,1958.8,156.4,19018.4805
48300,48360,444.37,1961.2,158.5,19145.2891
48360,48420,444.70,1962.4,196.1,19136.6211
48420,48480,446.07,1961.8,199.2,19101.1855
48480,48540,447.30,1962.2,195.6,19156.7891
48540,48600,450.40,1963.1,197.8,19248.6699
48600,48660,446.04,1962.1,161.6,19196.2168
48660,48720,446.77,1962.2,157.4,19198.5156
48720,48780,447.58,1961.6,157.2,19209.5645
48780,48840,447.10,1962.2,227.8,19238.1797
48840,48900,448.50,1963.9,233.2,19350.8789
48900,48960,444.90,1962.7,182.2,19260.7129
48960,49020,449.79,1965.5,207.6,19426.6191
49020,49080,447.35,1965.2,196.5,19423.4922
49080,49140,446.93,1965.2,185.6,19453.6855
49140,49200,445.16,1964.0,177.2,19400.0293
49200,49260,441.71,1962.2,157.9,19237.3789
49260,49320,444.20,1963.7,167.8,19370.4453
49320,49380,446.14,1967.6,180.7,19480.7695
49380,49440,449.19,1967.1,193.7,19558.7422
49440,49500,445.98,1966.2,186.8,19527.8672
49500,49560,446.26,1968.2,256.7,19537.9199
49560,49620,446.24,1970.1,224.2,19602.3965
49620,49680,446.06,1968.6,184.0,19575.2441
49680,49740,447.15,1970.2,179.9,19631.5273
49740,49800,449.68,1972.6,209.1,19755.2500
49800,49860,448.93,1972.0,207.9,19739.1055
49860,49920,450.68,1972.6,253.7,19755.8125
49920,49980,451.26,1971.6,222.5,19815.8301
49980,50040,451.26,1972.0,209.6,19738.1875
50040,50100,453.14,1973.1,219.7,19933.3594
50100,50160,448.39,1968.8,200.5,19609.0957
50160,50220,445.12,1966.7,199.8,19464.8633
50220,50280,445.37,1967.3,264.7,19480.3340
50280,50340,445.91,1967.4,245.4,19423.5859
50340,50400,445.62,1968.0,210.7,19440.7852
50400,50460,446.17,1968.6,216.7,19421.6348
50460,50520,447.15,1967.9,200.6,19445.8516
50520,50580,445.99,1967.0,184.0,19377.5488
50580,50640,446.42,1967.1,183.6,19470.1328
50640,50700,446.61,1967.4,179.9,19487.8418
50700,50760,446.80,1968.4,182.9,19356.5820
50760,50820,446.60,1968.9,180.4,19402.5156
50820,50880,445.86,1968.4,176.4,19385.0273
50880,50940,446.97,1969.5,178.3,19445.5566
50940,51000,443.85,1966.8,179.5,19215.7949
51000,51060,443.78,1966.9,178.9,19208.1992
51060,51120,443.22,1968.2,182.7,19219.8301
51120,51180,443.67,1968.4,208.9,19247.6172
51180,51240,443.07,1967.5,207.7,19258.5527
51240,51300,442.12,1967.3,179.5,19142.0781
51300,51360,441.37,1968.2,165.7,19119.1270
51360,51420,442.36,1969.6,169.0,19171.4336
51420,51480,442.26,1968.5,164.9,19078.6211
51480,51540,441.72,1967.4,161.9,19173.5098
51540,51600,443.79,1968.0,221.3,19170.0117
51600,51660,443.96,1962.8,251.3,18528.9844
51660,51720,441.87,1959.8,176.0,18214.1914
51720,51780,442.44,1958.9,162.0,18083.5469
51780,51840,443.57,1959.4,162.1,18238.1270
51840,51900,450.27,1961.9,176.9,18357.3145
51900,51960,443.58,1961.7,143.5,17964.6875
51960,52020,442.67,1959.3,142.2,17852.9590
52020,52080,446.48,1961.4,162.9,18197.9414
52080,52140,443.56,1958.6,154.6,17935.1250
52140,52200,444.74,1959.0,152.6,18031.7305
52200,52260,448.49,1955.9,182.6,17773.6094
52260,52320,446.48,1954.4,151.4,17628.5742
52320,52380,444.86,1951.9,139.5,17372.6934
52380,52440,446.37,1953.4,171.9,17512.6133
52440,52500,453.94,1955.4,221.1,17660.6777
52500,52560,445.19,1961.4,146.2,17486.2363
52560,52620,447.35,1955.5,163.8,17426.8027
52620,52680,452.39,1958.1,220.2,17552.7676
52680,52740,448.00,1959.4,210.2,17516.5352
52740,52800,454.57,1963.9,226.8,17818.6484
52800,52860,450.20,1966.0,213.2,18111.6563
52860,52920,448.22,1967.3,197.7,18286.0313
52920,52980,447.10,1969.4,197.7,18523.2773
52980,53040,446.32,1967.0,204.0,18452.4160
53040,53100,446.50,1969.0,209.5,18632.5117
53100,53160,446.57,1967.1,205.1,18497.2539
53160,53220,446.61,1967.7,207.0,18632.4297
53220,53280,444.55,1966.0,194.9,18475.0469
53280,53340,444.50,1967.3,200.5,18737.8828
53340,53400,444.38,1967.9,203.6,18819.7773
53400,53460,444.17,1968.4,201.3,18803.1191
53460,53520,444.58,1969.9,216.7,18925.8203
53520,53580,444.50,1970.5,215.0,19005.5508
53580,53640,444.66,1970.7,218.7,19032.9414
53640,53700,444.75,1970.1,230.0,18839.2246
53700,53760,445.37,1971.7,236.8,18963.3574
53760,53820,445.56,1972.2,234.2,18950.2988
53820,53880,445.77,1966.0,231.2,18448.8340
53880,53940,444.74,1962.4,223.0,18148.7715
53940,54000,446.90,1965.9,240.5,18471.0039
54000,54060,445.94,1969.3,232.8,18761.0117
54060,54120,447.56,1969.2,237.1,18845.0098
54120,54180,446.81,1969.5,233.7,18861.7832
54180,54240,445.22,1967.7,219.2,18720.3359
54240,54300,444.79,1967.2,215.9,18665.5410
54300,54360,444.39,1965.7,207.6,18618.2324
54360,54420,444.16,1966.5,208.5,18770.6523
54420,54480,443.67,1965.5,201.9,18706.7832
54480,54540,444.73,1966.4,205.6,18807.4297
54540,54600,444.74,1966.3,211.7,18891.0547
54600,54660,445.75,1966.7,212.3,18777.0371
54660,54720,447.46,1967.5,224.0,18902.3145
54720,54780,443.37,1965.5,198.4,18737.2207
54780,54840,443.21,1964.2,191.6,18757.6660
54840,54900,445.56,1964.8,202.8,18849.0449
54900,54960,449.79,1966.3,219.8,19089.9902
54960,55020,446.81,1966.0,210.3,18952.4063
55020,55080,444.90,1965.3,217.0,18843.6035
55080,55140,445.97,1966.7,218.3,18949.7188
55140,55200,446.70,1964.3,211.3,18770.3457
55200,55260,443.63,1963.8,188.7,18601.8242
55260,55320,446.71,1964.7,208.8,18657.9395
55320,55380,446.06,1966.8,209.7,18718.5840
55380,55440,447.78,1967.4,225.5,18873.6660
55440,55500,449.20,1967.4,224.2,18999.0098
55500,55560,444.16,1966.2,199.7,18841.1484
55560,55620,444.26,1966.7,203.6,18958.8145
55620,55680,446.78,1968.3,303.9,19068.7363
55680,55740,443.29,1966.8,201.3,18803.5195
55740,55800,443.48,1966.4,197.3,18921.0078
55800,55860,443.34,1964.6,196.7,18703.7910
55860,55920,444.22,1965.7,202.9,19007.2129
55920,55980,443.75,1965.3,198.0,18855.7930
55980,56040,444.21,1966.4,203.0,18913.9941
56040,56100,444.09,1965.6,203.6,18843.3828
56100,56160,444.47,1965.9,219.8,19173.1582
56160,56220,443.47,1965.5,195.9,18954.8730
56220,56280,443.77,1964.8,198.3,18838.4766
56280,56340,445.77,1964.8,204.2,18906.3125
56340,56400,443.70,1964.7,198.7,18800.8906
56400,56460,444.31,1965.0,198.6,18936.1191
56460,56520,442.54,1963.9,191.3,18824.6309
56520,56580,442.08,1963.8,182.5,18757.8398
56580,56640,442.14,1963.8,181.8,18789.2617
56640,56700,441.89,1964.0,187.4,18877.6387
56700,56760,443.10,1964.8,192.0,19048.8359
56760,56820,443.06,1965.0,199.6,18966.5977
56820,56880,443.79,1965.6,204.6,19153.8926
56880,56940,443.24,1963.3,195.4,18915.6348
56940,57000,444.61,1963.8,196.4,19073.6113
57000,57060,441.74,1963.4,190.2,18969.9648
57060,57120,444.43,1964.7,206.1,19082.6328
57120,57180,442.01,1964.3,196.4,19119.9609
57180,57240,442.21,1964.4,199.1,19176.0938
57240,57300,443.78,1965.5,199.6,19222.0742
57300,57360,441.06,1962.8,188.9,18742.1504
57360,57420,441.29,1962.6,193.3,18832.2324
57420,57480,441.57,1963.2,192.7,19012.0293
57480,57540,441.52,1963.3,190.8,18871.9590
57540,57600,441.50,1963.1,193.2,18883.5371
57600,57660,441.60,1963.1,192.5,18754.8965
57660,57720,441.14,1962.4,187.9,18750.3203
57720,57780,441.95,1964.4,200.7,19106.0703
57780,57840,442.30,1963.6,204.4,18977.5332
57840,57900,440.80,1961.2,184.1,18509.0391
57900,57960,440.15,1960.7,189.5,18523.0449
57960,58020,440.12,1959.9,184.0,18304.5801
58020,58080,439.79,1959.4,179.4,18278.1348
58080,58140,441.31,1959.8,184.4,18948.1172
58140,58200,442.83,1959.9,188.7,18562.9395
58200,58260,441.46,1958.6,183.1,18196.2344
58260,58320,442.62,1961.7,211.2,18480.3477
58320,58380,442.20,1964.1,197.1,18916.0781
58380,58440,441.72,1962.8,190.9,18754.4453
58440,58500,441.68,1963.2,200.7,18810.6914
58500,58560,440.90,1960.7,190.0,18526.0742
58560,58620,440.62,1959.7,190.5,18283.7832
58620,58680,438.97,1958.1,177.3,18326.4336
58680,58740,439.27,1958.3,175.2,18182.6055
58740,58800,441.19,1958.3,178.8,18104.2793
58800,58860,440.35,1960.3,170.3,17843.0039
58860,58920,437.63,1954.3,159.1,17701.1641
58920,58980,435.31,1950.9,148.2,17312.3125
58980,59040,435.88,1951.3,149.0,17386.0508
59040,59100,438.23,1950.6,156.5,17339.5254
59100,59160,436.02,1949.4,153.1,17530.9160
59160,59220,434.91,1948.3,146.1,17095.3301
59220,59280,435.56,1949.3,154.0,18011.3672
59280,59340,438.06,1950.7,167.6,18018.1230
59340,59400,437.70,1959.1,161.4,18259.6777
59400,59460,438.35,1955.6,160.6,17870.7578
59460,59520,438.37,1950.9,183.0,17752.8594
59520,59580,436.64,1950.3,158.2,17702.7500
59580,59640,437.54,1950.5,159.0,17507.3047
59640,59700,435.02,1950.4,153.0,17498.4824
59700,59760,436.50,1951.7,171.0,17755.8926
59760,59820,436.68,1952.9,174.7,17984.8516
59820,59880,437.01,1953.4,167.2,18189.2266
59880,59940,440.49,1954.7,209.2,18249.2188
59940,60000,435.96,1948.5,167.2,17248.9141
60000,60060,436.20,1951.1,157.1,17644.1660
60060,60120,440.06,1955.8,196.0,18282.6230
60120,60180,438.56,1955.9,184.9,18620.1660
60180,60240,436.28,1952.1,163.5,17704.1563
60240,60300,434.55,1950.8,154.4,17663.0000
60300,60360,434.69,1951.7,195.9,18566.3828
60360,60420,438.95,1950.4,191.5,17920.0293
60420,60480,435.14,1949.6,153.8,17593.6406
60480,60540,435.71,1948.9,152.2,17609.6074
60540,60600,436.65,1949.3,180.6,17584.0176
60600,60660,435.57,1949.5,159.0,17618.5586
60660,60720,434.55,1948.2,158.0,17456.5938
60720,60780,434.42,1948.3,150.4,17421.7715
60780,60840,434.90,1949.1,166.6,17339.1250
60840,60900,434.20,1948.9,145.4,17434.7734
60900,60960,433.76,1948.1,138.7,17265.5234
60960,61020,434.55,1947.9,150.1,17277.5566
61020,61080,435.01,1947.4,167.7,17158.7813
61080,61140,435.94,1948.3,210.5,17802.6289
61140,61200,434.02,1948.2,171.7,17421.2734
61200,61260,434.31,1948.1,154.8,17292.2832
61260,61320,434.98,1947.6,148.6,17266.4199
61320,61380,433.59,1947.2,140.9,17078.8516
61380,61440,432.69,1946.6,138.0,16926.9941
61440,61500,432.34,1946.1,136.8,16830.8262
61500,61560,432.20,1945.7,136.8,16714.7910
61560,61620,432.01,1945.3,139.9,16552.9082
61620,61680,431.87,1945.4,137.0,16624.5371
61680,61740,432.38,1945.8,138.2,16671.4668
61740,61800,433.44,1947.8,149.2,17258.5801
61800,61860,432.95,1947.3,157.2,17170.2520
61860,61920,432.91,1947.3,152.0,16959.5625
61920,61980,434.89,1948.1,170.2,17083.4727
61980,62040,433.26,1947.2,158.2,17195.9297
62040,62100,432.35,1946.1,145.9,16780.3379
62100,62160,433.03,1947.3,154.9,17207.4258
62160,62220,432.44,1946.6,151.9,17128.5273
62220,62280,432.62,1946.6,154.3,17223.3516
62280,62340,433.17,1947.0,150.5,17285.2246
62340,62400,433.07,1946.2,149.7,17230.6758
62400,62460,432.37,1946.1,146.9,17173.4375
62460,62520,431.45,1946.0,143.9,17396.5352
62520,62580,433.23,1946.9,149.3,17491.7031
62580,62640,431.94,1946.6,144.2,17222.0820
62640,62700,431.58,1945.6,141.2,17025.1445
62700,62760,432.28,1946.4,146.9,17451.8242
62760,62820,433.69,1947.6,196.8,17706.3867
62820,62880,433.56,1947.3,220.3,17440.4707
62880,62940,434.96,1947.4,162.5,17852.7715
62940,63000,432.02,1945.3,145.7,17113.2227
63000,63060,435.94,1946.8,148.4,17287.1406
63060,63120,432.72,1945.5,145.9,17095.0039
63120,63180,433.38,1945.0,146.7,16967.9023
63180,63240,432.01,1944.4,141.9,16766.5020
63240,63300,433.19,1944.5,147.8,16760.5293
63300,63360,432.13,1944.3,145.5,17275.9531
63360,63420,431.08,1944.8,140.1,16982.7363
63420,63480,431.64,1945.4,142.2,16789.2832
63480,63540,431.60,1945.6,142.6,16751.7207
63540,63600,431.20,1945.7,142.2,16860.9180
63600,63660,435.69,1946.9,162.1,17650.1914
63660,63720,431.82,1945.2,168.6,16815.7285
63720,63780,430.88,1944.9,145.6,16879.4688
63780,63840,432.27,1945.2,153.4,17600.9531
63840,63900,432.35,1945.7,151.0,17516.7578
63900,63960,432.59,1945.5,154.1,16817.5352
63960,64020,432.35,1945.7,169.8,17110.5742
64020,64080,431.26,1945.5,150.0,16989.6641
64080,64140,431.40,1941.8,137.6,16606.8594
64140,64200,430.90,1941.6,136.0,16884.1465
64200,64260,432.24,1941.6,141.3,16703.7148
64260,64320,432.63,1941.2,149.3,17292.5762
64320,64380,434.27,1942.6,164.4,16558.8223
64380,64440,434.64,1942.5,161.4,16703.5918
64440,64500,433.67,1943.0,168.1,16982.4355
64500,64560,433.49,1942.5,163.5,17331.0078
64560,64620,433.62,1943.2,151.3,17422.7559
64620,64680,433.52,1942.7,148.6,17131.1484
64680,64740,435.49,1942.5,161.3,16704.1504
64740,64800,433.52,1943.0,146.7,16744.0059
64800,64860,431.85,1942.1,146.2,16470.1680
64860,64920,430.88,1941.0,133.3,16396.8457
64920,64980,430.60,1940.6,146.2,16270.2959
64980,65040,430.84,1941.0,137.8,16330.6768
65040,65100,430.01,1940.6,131.1,16359.4229
65100,65160,430.45,1941.0,131.6,16161.2344
65160,65220,430.49,1941.7,134.3,16438.4043
65220,65280,431.09,1941.9,136.5,16351.7217
65280,65340,431.65,1943.0,139.9,16505.1699
65340,65400,431.55,1943.9,143.2,16723.2617
65400,65460,431.65,1944.1,154.0,17008.2402
65460,65520,433.07,1945.5,186.2,16981.5137
65520,65580,430.19,1941.0,146.1,16221.4375
65580,65640,430.49,1941.6,132.1,16275.1377
65640,65700,430.10,1940.6,130.5,16104.0234
65700,65760,429.19,1940.2,130.3,16132.4131
65760,65820,429.97,1941.4,138.0,16336.2178
65820,65880,431.05,1942.6,154.8,16609.8594
65880,65940,430.22,1941.8,141.4,16473.4355
65940,66000,429.55,1940.8,131.3,16410.5938
66000,66060,429.15,1940.7,130.6,16447.1367
66060,66120,429.22,1940.3,128.8,16265.9697
66120,66180,427.94,1939.6,122.6,16103.9717
66180,66240,428.80,1940.2,128.1,16210.6963
66240,66300,429.21,1940.9,133.0,16537.6113
66300,66360,428.51,1940.5,124.4,16389.4336
66360,66420,428.06,1940.1,125.0,16288.0928
66420,66480,427.81,1940.1,123.3,16261.7754
66480,66540,427.71,1940.2,124.3,16379.2256
66540,66600,427.88,1940.0,124.8,16312.5791
66600,66660,427.42,1939.8,121.3,16335.7930
66660,66720,427.15,1939.8,120.8,16369.4336
66720,66780,427.32,1940.3,124.4,16493.4941
66780,66840,427.66,1940.5,131.7,16765.5781
66840,66900,426.95,1939.8,126.6,16590.6152
66900,66960,426.92,1938.8,118.3,16271.5117
66960,67020,426.57,1939.5,119.4,16660.1602
67020,67080,427.16,1939.7,119.1,16469.6035
67080,67140,427.04,1939.6,118.9,16527.9551
67140,67200,427.58,1940.5,120.2,16710.5195
67200,67260,427.85,1941.4,125.0,16881.6113
67260,67320,427.72,1941.8,124.3,16574.0840
67320,67380,427.19,1940.0,120.4,16270.2500
67380,67440,427.71,1940.7,122.7,16425.3340
67440,67500,427.43,1940.0,121.6,16297.0215
67500,67560,427.33,1940.0,118.4,16371.1699
67560,67620,428.00,1941.2,129.2,16621.1875
67620,67680,428.08,1941.1,127.0,16539.9160
