CampaignData_and_Merges/R0/CSL_MobileLab_Parked/raw/20240813/USOS-NOAAIodideCIMS-OrgNitrs_MobileLabGround_20240813_RA.ict
37, 1001
Michael A Robinson, Chris Jernigan, Subi Thakali
NOAA ESRL Chemical Sciences Laboratory and CIRES, U. of Colorado
NOAA Iodide CIMS Instrument
USOS
1, 1
2024, 08, 13, 2024, 08, 15
1
starttime_UTC, seconds_past_midnight, seconds_of_day_since_00:00:00_UTC
5
1, 1, 1, 1, 1
-9999, -9999, -9999, -9999, -9999
C4H7NO5_NOAACIMS, pptv, Gas_C4H7NO5_InSitu_S_AVMR, 
ISOPN_NOAACIMS, pptv, Gas_ISOPN_InSitu_S_AVMR, 
C5H10O3_NOAACIMS, pptv, Gas_C5H10O3_InSitu_S_AVMR, 
C5H9NO5_NOAACIMS, pptv, Gas_C5H9NO5_InSitu_S_AVMR, 
C10H17NO4_NOAACIMS, pptv, Gas_C10H17NO4_InSitu_S_AVMR, 
0
18
PI_CONTACT_INFO: 325 Broadway, R/CSD 7, Boulder, Colorado 80305; michael.a.robinson@noaa.gov; chris.jernigan@noaa.gov;
PLATFORM: NOAA CSL Mobile Lab
LOCATION: SLC, Utah
ASSOCIATED_DATA: 1Hz data also available on request.
INSTRUMENT_INFO: NOAA I- ToF CIMS
DATA_INFO: All data in parts per trillion by volume (pptv). 1 Hz data is available upon request.
UNCERTAINTY: TBD
ULOD_FLAG: -7777
ULOD_VALUE: N/A
LLOD_FLAG: -8888
LLOD_VALUE: N/A
DM_CONTACT_INFO: Nathan Howard; nathan.h.howard@noaa.gov
PROJECT_INFO: USOS, summer 2024. https://csl.noaa.gov/groups/csl7/measurements/2024usos/
STIPULATIONS_ON_USE: Users are strongly encouraged to contact the PI for proper data usage.
OTHER_COMMENTS: 
REVISION: RA
RA: Preliminary Data; For in-field use only
starttime_UTC, C4H7NO5_NOAACIMS, ISOPN_NOAACIMS, C5H10O3_NOAACIMS, C5H9NO5_NOAACIMS, C10H17NO4_NOAACIMS
[from data line 678]
 40680,  0.352,  0.642,  3.636,  0.657,  0.978
 40740,  0.376,  0.749,  4.164,  0.757,  1.148
 40800,  0.371,  0.777,  4.225,  0.674,  0.974
 40860,  0.373,  0.671,  3.851,  0.659,  0.978
 40920,  0.354,  0.626,  3.873,  0.674,  1.048
 40980,  0.371,  0.719,  4.134,  0.651,  0.997
 41040,  0.366,  0.538,  4.158,  0.683,  0.937
 41100,  0.379,  0.459,  4.280,  0.588,  0.995
 41160,  0.378,  0.483,  4.061,  0.655,  0.961
 41220,  0.369,  0.658,  4.334,  0.711,  0.992
 41280,  0.334,  0.621,  4.487,  0.617,  0.984
 41340,  0.374,  0.573,  4.374,  0.695,  0.956
 41400,  0.349,  0.555,  4.642,  0.660,  0.968
 41460,  0.360,  0.612,  4.385,  0.652,  0.903
 41520,  0.341,  0.668,  4.697,  0.709,  0.905
 41580,  0.370,  0.701,  4.541,  0.714,  0.905
 41640,  0.313,  0.383,  4.393,  0.790,  0.965
 41700,  0.334,  0.485,  4.346,  0.801,  0.928
 41760,  0.324,  0.576,  4.062,  0.721,  1.014
 41820,  0.325,  0.547,  4.849,  0.739,  1.011
 41880,  0.365,  0.482,  4.797,  0.736,  1.022
 41940,  0.360,  0.676,  4.412,  0.752,  1.030
 42000,  0.336,  0.618,  4.693,  0.672,  1.079
 42060,  0.351,  0.677,  4.726,  0.754,  1.060
 42120,  0.360,  0.527,  4.500,  0.706,  1.014
 42180,  0.363,  0.637,  5.078,  0.744,  1.096
 42240,  0.353,  0.754,  5.223,  0.787,  1.184
 42300,  0.360,  0.517,  4.669,  0.696,  1.054
 42360,  0.340,  0.657,  4.431,  0.749,  1.041
 42420,  0.350,  0.736,  5.249,  0.788,  1.141
 42480,  0.374,  0.700,  4.845,  0.813,  1.136
 42540,  0.353,  0.571,  4.649,  0.681,  1.077
 42600,  0.390,  0.571,  4.537,  0.768,  1.109
 42660,  0.394,  0.713,  5.116,  0.772,  1.160
 42720,  0.362,  0.677,  4.848,  0.806,  1.144
 42780,  0.382,  0.682,  4.793,  0.838,  1.147
 42840,  0.402,  0.593,  4.822,  0.899,  1.105
 42900,  0.384,  0.700,  4.964,  0.803,  1.240
 42960,  0.389,  0.714,  5.178,  0.822,  1.112
 43020,  0.385,  0.756,  4.885,  0.788,  1.140
 43080,  0.404,  0.695,  5.108,  0.803,  1.139
 43140,  0.391,  0.689,  4.936,  0.771,  1.181
 43200,  0.405,  0.750,  4.911,  0.819,  1.233
 43260,  0.425,  0.736,  5.382,  0.923,  1.184
 43320,  0.437,  0.666,  4.949,  0.819,  1.191
 43380,  0.424,  0.698,  5.316,  0.843,  1.300
 43440, -9999.000, -9999.000, -9999.000, -9999.000, -9999.000
 43500,  0.438,  0.699,  3.985,  0.816,  1.164
 43560,  0.455,  0.725,  4.846,  0.893,  1.172
 43620,  0.432,  0.733,  4.741,  0.878,  1.136
 43680,  0.446,  0.698,  4.982,  0.882,  1.282
 43740,  0.446,  0.687,  5.022,  0.915,  1.245
 43800,  0.489,  0.800,  5.548,  0.902,  1.261
 43860,  0.468,  0.718,  5.148,  0.884,  1.185
 43920,  0.475,  0.826,  5.027,  0.917,  1.228
 43980,  0.482,  0.778,  5.038,  0.949,  1.229
 44040,  0.471,  0.753,  4.975,  0.925,  1.238
 44100,  0.464,  0.798,  5.044,  0.940,  1.214
 44160,  0.463,  0.713,  5.425,  0.914,  1.188
 44220,  0.461,  0.654,  5.016,  0.897,  1.217
 44280,  0.466,  0.737,  4.830,  0.909,  1.161
 44340,  0.444,  0.773,  5.404,  0.940,  1.177
 44400,  0.438,  0.727,  5.632,  0.882,  1.149
 44460,  0.445,  0.806,  5.064,  0.820,  1.065
 44520,  0.431,  0.744,  5.015,  0.928,  1.119
 44580,  0.453,  0.731,  4.717,  0.916,  1.077
 44640,  0.459,  0.889,  4.818,  0.846,  1.015
 44700,  0.432,  0.815,  5.250,  0.827,  1.074
 44760,  0.456,  0.747,  5.220,  0.915,  1.076
 44820,  0.428,  0.638,  4.423,  0.826,  1.011
 44880,  0.433,  0.694,  4.278,  0.831,  1.172
 44940,  0.434,  0.681,  5.114,  0.899,  1.189
 45000,  0.423,  0.712,  4.842,  0.834,  1.100
 45060,  0.419,  0.678,  4.668,  0.894,  1.074
 45120,  0.404,  0.703,  4.645,  0.714,  1.106
 45180,  0.388,  0.529,  4.424,  0.762,  1.128
 45240,  0.381,  0.709,  4.514,  0.805,  1.073
 45300,  0.412,  0.591,  5.350,  0.653,  0.847
 45360,  0.372,  0.648,  4.708,  0.794,  0.995
 45420,  0.379,  0.614,  3.993,  0.785,  1.074
 45480,  0.373,  0.630,  4.520,  0.760,  1.073
 45540,  0.382,  0.712,  4.518,  0.805,  1.089
 45600,  0.405,  0.547,  4.598,  0.759,  1.104
 45660,  0.388,  0.653,  4.783,  0.720,  1.052
 45720,  0.405,  0.606,  4.544,  0.790,  1.011
 45780,  0.378,  0.599,  4.766,  0.719,  1.002
 45840,  0.359,  0.780,  4.806,  0.742,  1.097
 45900,  0.382,  0.625,  4.278,  0.672,  1.012
 45960,  0.377,  0.655,  5.001,  0.720,  1.047
 46020,  0.384,  0.610,  4.063,  0.698,  1.035
 46080,  0.388,  0.614,  4.153,  0.740,  0.977
 46140,  0.383,  0.650,  4.694,  0.640,  1.028
 46200,  0.381,  0.578,  4.593,  0.720,  1.054
 46260,  0.411,  0.658,  4.631,  0.778,  0.970
 46320,  0.384,  0.501,  4.469,  0.663,  1.009
 46380,  0.393,  0.635,  4.555,  0.722,  1.021
 46440,  0.392,  0.593,  4.716,  0.746,  0.981
 46500,  0.385,  0.635,  4.397,  0.666,  1.044
 46560,  0.394,  0.462,  4.333,  0.688,  1.006
 46620,  0.421,  0.582,  4.400,  0.689,  0.961
 46680,  0.399,  0.498,  4.534,  0.684,  1.025
 46740,  0.407,  0.565,  4.513,  0.721,  0.933
 46800,  0.400,  0.680,  4.717,  0.771,  1.082
 46860,  0.433,  0.713,  3.893,  0.771,  1.373
 46920,  0.485,  1.106,  4.693,  0.926,  1.629
 46980,  0.486,  1.205,  5.621,  1.001,  1.442
 47040,  0.470,  1.139,  5.576,  0.995,  1.287
 47100,  0.487,  0.868,  5.235,  1.000,  1.136
 47160, -9999.000, -9999.000, -9999.000, -9999.000, -9999.000
 47220,  0.499,  0.925,  5.054,  0.988,  1.104
 47280,  0.461,  1.039,  4.826,  0.984,  1.107
 47340,  0.488,  0.962,  4.701,  0.943,  1.011
 47400,  0.486,  0.928,  4.685,  1.057,  0.884
 47460,  0.500,  1.092,  4.816,  1.102,  0.939
 47520,  0.498,  1.116,  4.684,  0.987,  0.979
 47580,  0.514,  0.968,  4.594,  1.025,  0.921
 47640,  0.504,  1.059,  5.195,  1.054,  1.027
 47700,  0.518,  0.901,  4.536,  0.960,  1.000
 47760,  0.511,  1.012,  4.434,  0.925,  0.973
 47820,  0.505,  0.912,  4.901,  0.975,  0.989
 47880,  0.533,  0.883,  4.797,  1.078,  0.944
 47940,  0.499,  0.834,  4.448,  1.014,  0.922
 48000,  0.508,  0.736,  3.873,  1.003,  0.844
 48060,  0.537,  0.943,  4.670,  0.943,  0.954
 48120,  0.509,  1.100,  5.083,  0.970,  1.036
 48180,  0.502,  0.852,  3.995,  0.999,  0.890
 48240,  0.530,  0.856,  4.004,  1.006,  0.873
 48300,  0.531,  0.811,  4.642,  1.179,  0.936
 48360,  0.542,  1.004,  4.194,  1.032,  0.918
 48420,  0.535,  0.740,  4.306,  1.042,  0.873
 48480,  0.564,  0.863,  4.667,  1.084,  0.894
 48540,  0.535,  0.845,  3.919,  1.073,  0.938
 48600,  0.548,  0.772,  3.822,  1.018,  1.005
 48660,  0.559,  0.853,  4.498,  1.091,  0.938
 48720,  0.536,  0.782,  4.302,  1.140,  1.016
 48780,  0.548,  0.857,  3.929,  1.049,  1.003
 48840,  0.544,  0.869,  3.480,  1.078,  0.982
 48900,  0.557,  0.784,  4.366,  1.077,  1.066
 48960,  0.546,  0.823,  4.357,  1.097,  1.032
 49020,  0.512,  1.033,  3.452,  0.975,  0.983
 49080,  0.568,  0.841,  3.639,  1.103,  0.887
 49140,  0.550,  0.920,  4.397,  1.116,  1.073
 49200,  0.557,  0.939,  4.140,  1.111,  1.008
 49260,  0.567,  0.857,  4.069,  1.149,  1.041
 49320,  0.579,  0.968,  4.268,  1.061,  1.083
 49380,  0.566,  0.867,  4.348,  1.167,  1.119
 49440,  0.561,  1.003,  4.377,  1.154,  1.070
 49500,  0.563,  1.067,  4.731,  1.143,  1.144
 49560,  0.545,  1.113,  4.803,  1.210,  1.162
 49620,  0.559,  0.985,  4.336,  1.108,  1.057
 49680,  0.573,  1.063,  4.238,  1.158,  1.101
 49740,  0.552,  1.066,  5.234,  1.119,  1.067
 49800,  0.565,  1.095,  5.136,  1.228,  1.103
 49860,  0.554,  1.117,  4.490,  1.171,  1.086
 49920,  0.559,  1.124,  4.514,  1.166,  1.183
 49980,  0.555,  1.305,  5.286,  1.154,  1.189
 50040,  0.542,  1.262,  5.689,  1.166,  1.181
 50100,  0.554,  1.105,  4.904,  1.194,  1.099
 50160,  0.558,  1.210,  5.510,  1.114,  1.163
 50220,  0.574,  1.140,  4.696,  1.153,  1.164
 50280,  0.574,  1.245,  4.584,  1.080,  1.106
 50340,  0.592,  1.222,  5.043,  1.058,  1.086
 50400,  0.579,  1.195,  5.377,  1.226,  1.089
 50460,  0.601,  1.324,  4.800,  1.118,  1.096
 50520,  0.569,  1.101,  4.775,  1.193,  1.124
 50580,  0.578,  1.338,  5.421,  1.223,  1.147
 50640,  0.582,  1.333,  4.976,  1.238,  1.200
 50700,  0.572,  1.195,  5.158,  1.178,  1.144
 50760,  0.570,  1.297,  5.341,  1.278,  1.189
 50820,  0.594,  1.242,  5.543,  1.017,  1.107
 50880,  0.664,  0.908,  3.613,  0.845,  1.072
 50940,  0.580,  1.186,  4.946,  1.086,  1.051
 51000,  0.594,  1.142,  5.064,  1.231,  1.064
 51060,  0.593,  1.167,  4.654,  1.207,  1.105
 51120,  0.606,  1.238,  5.059,  1.211,  1.142
 51180,  0.604,  1.450,  5.026,  1.311,  1.153
 51240,  0.635,  1.392,  5.122,  1.326,  1.053
 51300,  0.628,  1.212,  5.136,  1.286,  1.113
 51360,  0.660,  1.371,  5.365,  1.331,  1.182
 51420,  0.643,  1.343,  4.922,  1.257,  1.080
 51480,  0.639,  1.213,  5.145,  1.328,  1.099
 51540,  0.644,  1.419,  5.609,  1.396,  1.114
 51600,  0.664,  1.576,  4.988,  1.239,  1.161
 51660,  0.616,  1.645,  5.086,  1.195,  1.128
 51720,  0.634,  1.778,  5.322,  1.297,  1.163
 51780,  0.654,  1.697,  4.634,  1.327,  1.171
 51840,  0.661,  1.648,  4.725,  1.236,  1.091
 51900,  0.661,  2.063,  5.331,  1.228,  1.285
 51960,  0.646,  2.023,  5.010,  1.346,  1.219
 52020,  0.697,  2.043,  4.892,  1.451,  1.334
 52080,  0.679,  1.939,  4.993,  1.425,  1.300
 52140,  0.681,  2.316,  5.041,  1.396,  1.256
 52200,  0.696,  2.341,  4.772,  1.299,  1.303
 52260,  0.681,  2.365,  4.729,  1.276,  1.346
 52320,  0.661,  2.485,  5.018,  1.334,  1.359
 52380,  0.655,  2.299,  4.221,  1.244,  1.342
 52440,  0.693,  2.419,  4.307,  1.267,  1.360
 52500,  0.659,  2.197,  5.126,  1.302,  1.239
 52560,  0.655,  2.297,  4.707,  1.291,  1.192
 52620,  0.673,  2.371,  4.435,  1.234,  1.248
 52680,  0.676,  2.084,  5.120,  1.062,  1.339
 52740,  0.732,  2.361,  4.606,  1.402,  1.275
 52800,  0.725,  2.470,  4.942,  1.338,  1.271
 52860,  0.784,  2.643,  5.556,  1.511,  1.326
 52920,  0.790,  2.698,  5.838,  1.526,  1.364
 52980,  0.790,  2.506,  5.161,  1.478,  1.334
 53040,  0.848,  2.416,  5.613,  1.589,  1.359
 53100,  0.842,  2.625,  5.421,  1.592,  1.360
 53160,  0.867,  2.575,  5.170,  1.620,  1.337
 53220,  0.853,  2.882,  5.393,  1.693,  1.354
 53280,  0.875,  2.688,  5.866,  1.596,  1.331
 53340,  0.892,  2.493,  4.892,  1.539,  1.282
 53400,  0.920,  2.430,  5.790,  1.663,  1.279
 53460,  0.959,  2.163,  5.093,  1.730,  1.202
 53520,  0.939,  2.415,  5.020,  1.717,  1.130
 53580,  0.946,  2.590,  6.422,  1.619,  1.259
 53640,  0.941,  2.455,  5.865,  1.657,  1.287
 53700,  0.978,  2.613,  6.177,  1.750,  1.346
 53760,  0.983,  2.655,  6.179,  1.657,  1.351
 53820,  0.977,  2.976,  5.154,  1.694,  1.558
 53880,  0.960,  3.301,  4.416,  1.696,  1.690
 53940,  0.982,  3.457,  5.216,  1.572,  1.818
 54000,  1.000,  2.841,  4.996,  1.746,  1.730
 54060,  0.993,  2.962,  5.407,  1.747,  1.609
 54120,  1.047,  2.921,  5.273,  1.889,  1.599
 54180,  1.038,  3.223,  5.234,  1.774,  1.619
 54240,  1.042,  3.327,  5.754,  1.749,  1.691
 54300,  1.091,  3.111,  5.080,  1.690,  1.733
 54360,  1.087,  3.349,  4.562,  1.939,  1.513
 54420,  1.101,  3.313,  5.427,  1.834,  1.672
 54480,  1.131,  3.543,  5.341,  1.912,  1.540
 54540, -9999.000, -9999.000, -9999.000, -9999.000, -9999.000
 54600,  1.141,  3.533,  5.993,  1.734,  1.350
 54660,  1.171,  3.731,  5.170,  1.882,  1.444
 54720,  1.132,  3.656,  5.166,  1.879,  1.454
 54780,  1.148,  3.598,  5.397,  1.911,  1.312
 54840,  1.170,  3.585,  5.077,  1.836,  1.325
 54900,  1.135,  3.763,  6.195,  1.787,  1.432
 54960,  1.180,  3.700,  6.176,  1.874,  1.376
 55020,  1.178,  4.159,  6.213,  1.899,  1.496
 55080,  1.235,  3.979,  6.770,  1.875,  1.414
 55140,  1.201,  4.360,  5.780,  2.007,  1.395
 55200,  1.265,  4.219,  6.065,  1.939,  1.515
 55260,  1.260,  4.498,  6.494,  1.959,  1.454
 55320,  1.305,  4.454,  6.161,  1.849,  1.427
 55380,  1.308,  4.965,  6.555,  2.031,  1.406
 55440,  1.293,  4.758,  6.808,  1.985,  1.469
 55500,  1.302,  5.479,  6.669,  1.936,  1.464
 55560,  1.345,  5.206,  6.920,  1.935,  1.464
 55620,  1.334,  5.372,  6.658,  1.982,  1.471
 55680,  1.430,  5.577,  6.522,  2.051,  1.461
 55740,  1.409,  5.902,  6.459,  1.981,  1.426
 55800,  1.385,  5.412,  5.896,  1.907,  1.638
 55860,  1.424,  5.644,  6.429,  1.959,  1.689
 55920,  1.437,  5.672,  6.011,  2.024,  1.931
 55980,  1.506,  6.199,  6.267,  2.042,  1.818
 56040,  1.562,  6.587,  6.724,  2.170,  1.616
 56100,  1.584,  6.375,  6.244,  2.170,  1.507
 56160,  1.615,  7.441,  6.544,  2.198,  1.499
 56220,  1.649,  7.026,  6.117,  2.137,  1.486
 56280,  1.665,  6.802,  6.459,  2.122,  1.416
 56340,  1.684,  6.487,  5.984,  2.076,  1.389
 56400, -9999.000, -9999.000, -9999.000, -9999.000, -9999.000
 56460,  1.686,  6.974,  5.833,  2.108,  1.974
 56520,  1.716,  7.222,  6.104,  2.201,  2.007
 56580,  1.838,  7.595,  6.194,  2.145,  1.936
 56640,  1.903,  8.393,  6.237,  2.363,  1.620
 56700,  2.007,  9.020,  6.080,  2.324,  1.473
 56760,  2.026,  9.271,  6.250,  2.488,  1.528
 56820,  2.136,  9.813,  6.221,  2.249,  1.513
 56880,  2.203, 10.118,  6.283,  2.398,  1.563
 56940,  2.281, 10.363,  6.440,  2.445,  1.576
 57000,  2.240, 10.540,  6.468,  2.488,  1.887
 57060,  2.310, 10.968,  6.392,  2.370,  2.063
 57120,  2.397, 11.237,  5.910,  2.529,  2.135
 57180,  2.416, 11.367,  6.464,  2.511,  2.564
 57240,  2.361, 11.407,  7.064,  2.543,  2.422
 57300,  2.498, 11.509,  5.969,  2.579,  1.812
 57360,  2.614, 12.129,  5.972,  2.628,  1.589
 57420,  2.717, 12.777,  6.923,  2.651,  1.663
 57480,  2.780, 12.566,  6.491,  2.653,  1.568
 57540,  2.731, 12.725,  6.890,  2.691,  1.604
 57600,  2.698, 12.216,  6.660,  2.747,  1.593
 57660,  2.634, 11.652,  6.291,  2.792,  1.569
 57720,  2.741, 12.399,  7.098,  2.810,  1.796
 57780,  2.671, 12.447,  7.083,  2.767,  2.228
 57840,  2.506, 10.787,  6.339,  2.661,  1.786
 57900,  2.501, 10.188,  6.162,  2.672,  1.507
 57960,  2.557, 10.077,  5.883,  2.579,  1.493
 58020,  2.467,  9.788,  6.026,  2.699,  1.483
 58080,  2.437,  9.375,  6.410,  2.530,  1.408
 58140,  2.465,  9.478,  6.239,  2.624,  1.542
 58200,  2.392,  9.200,  5.688,  2.537,  1.396
 58260, -9999.000, -9999.000, -9999.000, -9999.000, -9999.000
 58320,  2.531, 10.217,  5.955,  2.530,  1.375
 58380,  2.524, 10.358,  5.841,  2.610,  1.447
 58440,  2.553, 10.776,  5.646,  2.647,  1.632
 58500,  2.639, 11.035,  5.918,  2.554,  1.555
 58560,  2.570, 10.446,  5.643,  2.483,  1.524
 58620,  2.620, 10.383,  5.649,  2.525,  1.492
 58680,  2.593,  9.979,  5.830,  2.557,  1.481
 58740,  2.619, 10.253,  5.260,  2.461,  1.359
 58800,  2.571,  9.945,  4.937,  2.480,  1.285
 58860,  2.475,  9.010,  5.146,  2.463,  1.136
 58920,  2.320,  8.397,  5.012,  2.394,  1.152
 58980,  2.222,  8.133,  4.823,  2.209,  1.106
 59040,  2.252,  7.721,  4.642,  2.186,  1.025
 59100,  2.205,  7.135,  4.563,  2.158,  0.996
 59160,  2.231,  7.052,  4.541,  2.295,  0.972
 59220,  2.245,  6.988,  4.595,  2.231,  0.870
 59280,  2.344,  7.399,  4.769,  2.437,  1.020
 59340,  2.305,  7.676,  5.593,  2.211,  0.932
 59400,  2.246,  7.585,  5.287,  2.235,  0.974
 59460,  2.362,  7.138,  5.153,  1.797,  0.929
 59520,  2.488,  7.833,  4.622,  1.669,  0.911
 59580,  2.537,  8.226,  5.082,  1.822,  0.876
 59640,  2.633,  8.498,  4.708,  2.237,  1.022
 59700,  2.653,  8.453,  5.069,  2.264,  0.951
 59760,  2.793,  9.101,  5.405,  2.271,  1.007
 59820,  2.844,  9.172,  5.158,  2.312,  1.010
 59880,  2.776,  9.042,  5.464,  2.373,  1.070
 59940,  2.604,  8.006,  4.786,  2.311,  0.866
 60000,  2.694,  8.550,  4.961,  2.390,  0.796
 60060,  2.719,  8.072,  4.899,  2.422,  0.704
 60120,  2.898,  9.530,  5.251,  2.432,  0.981
 60180,  2.880,  9.648,  4.971,  2.409,  0.886
 60240,  2.983,  9.194,  4.603,  2.429,  0.880
 60300,  3.106, 10.842,  5.877,  2.605,  0.931
 60360,  3.045,  9.815,  5.371,  2.339,  0.885
 60420,  3.116,  9.564,  4.760,  2.321,  0.851
 60480,  3.204,  9.844,  4.764,  2.540,  0.797
 60540,  3.252,  9.797,  5.321,  2.391,  0.811
 60600,  3.295, 10.104,  5.581,  2.215,  0.815
 60660,  3.416,  9.763,  5.097,  2.389,  0.762
 60720,  3.476, 10.219,  5.500,  2.329,  0.779
 60780,  3.543, 10.639,  5.477,  2.304,  0.865
 60840,  3.603, 11.056,  5.621,  2.393,  0.767
