CampaignData_and_Merges/R0/CSL_MobileLab_Parked/raw/20240813/USOS-POPS_MobileLabGround_20240813_R0.ict
78, 1001
Thornberry, T. D.
NOAA Chemical Sciences Laboratory
Portable Optical Particle Spectrometer (POPS)
USOS
1, 1
2024, 08, 13, 2025, 05, 08
60
Time_Start, seconds_past_midnight, Start time of measurement
45
1, 1, 1, 1, 1, 1, 1, 1, 1, 1, 1, 1, 1, 1, 1, 1, 1, 1, 1, 1, 1, 1, 1, 1, 1, 1, 1, 1, 1, 1, 1, 1, 1, 1, 1, 1, 1, 1, 1, 1, 1, 1, 1, 1, 1
-9999, -9999, -9999, -9999, -9999, -9999, -9999, -9999, -9999, -9999, -9999, -9999, -9999, -9999, -9999, -9999, -9999, -9999, -9999, -9999, -9999, -9999, -9999, -9999, -9999, -9999, -9999, -9999, -9999, -9999, -9999, -9999, -9999, -9999, -9999, -9999, -9999, -9999, -9999, -9999, -9999, -9999, -9999, -9999, -9999
Time_Stop, seconds_past_midnight, Stop time of measurement
Time_Mid, seconds_past_midnight, Mid time of measurement
Press_mb, mb, Pressure reported (mb)
Temp_C, degrees C, POPS temperature measurement
Aerosol_concentration, cm^-3, Aerosol concentration
Surface_Area_Conc, um^2 cm^-3, Surface area concentration
Volume_density, um^3 cm^-3, Volume density
Effective_radius, um, Effective radius
Extinction, km^-1, Extinction
Bin01, cm^-3, particle concentration in size range [1401 - 146.3 nm]
Bin02, cm^-3, particle concentration in size range [146.3 - 152.8 nm]
Bin03, cm^-3, particle concentration in size range [152.8 - 159.6 nm]
Bin04, cm^-3, particle concentration in size range [159.6 - 166.8 nm]
Bin05, cm^-3, particle concentration in size range [166.8 - 174.2 nm]
Bin06, cm^-3, particle concentration in size range [174.2 - 181.9 nm]
Bin07, cm^-3, particle concentration in size range [181.9 - 190.0 nm]
Bin08, cm^-3, particle concentration in size range [190.0 - 198.5 nm]
Bin09, cm^-3, particle concentration in size range [198.5 - 207.4 nm]
Bin10, cm^-3, particle concentration in size range [207.4 - 216.6 nm]
Bin11, cm^-3, particle concentration in size range [216.6 - 226.2 nm]
Bin12, cm^-3, particle concentration in size range [226.2 - 236.3 nm]
Bin13, cm^-3, particle concentration in size range [236.3 - 246.8 nm]
Bin14, cm^-3, particle concentration in size range [246.8 - 257.8 nm]
Bin15, cm^-3, particle concentration in size range [257.8 - 269.3 nm]
Bin16, cm^-3, particle concentration in size range [269.3 - 343.4 nm]
Bin17, cm^-3, particle concentration in size range [343.4 - 450.7 nm]
Bin18, cm^-3, particle concentration in size range [450.7 - 525.9 nm]
Bin19, cm^-3, particle concentration in size range [525.9 - 618.5 nm]
Bin20, cm^-3, particle concentration in size range [618.5 - 710.0 nm]
Bin21, cm^-3, particle concentration in size range [710.0 - 822.7 nm]
Bin22, cm^-3, particle concentration in size range [822.7 - 885.9 nm]
Bin23, cm^-3, particle concentration in size range [885.9 - 953.9 nm]
Bin24, cm^-3, particle concentration in size range [953.9 - 1027.2 nm]
Bin25, cm^-3, particle concentration in size range [1027.2 - 1106.1 nm]
Bin26, cm^-3, particle concentration in size range [1106.1 - 1191.0 nm]
Bin27, cm^-3, particle concentration in size range [1191.0 - 1282.5 nm]
Bin28, cm^-3, particle concentration in size range [1282.5 - 1381.0 nm]
Bin29, cm^-3, particle concentration in size range [1381.0 - 1487.1 nm]
Bin30, cm^-3, particle concentration in size range [1487.1 - 1601.3 nm]
Bin31, cm^-3, particle concentration in size range [1601.3 - 1724.3 nm]
[...]
PLATFORM: NOAA CSL Mobile Lab
LOCATION: USOS
ASSOCIATED_DATA: N/A
INSTRUMENT_INFO: Printed Optical Particle Spectrometer counts particles from 140 - 2500 nm in diameter 
DATA_INFO: Particle concentrations reported in number per cubic centimeter,1 Hz data
UNCERTAINTY: Counting uncertainty dominated by air flow, less than 5 percent. Measurement range is ~0 - 3000 per cm3 (varies depending on flow rate- manufacturer quotes 1250 per cm3 at 1.667 cc/s)
ULOD_FLAG: -7777
ULOD_VALUE: N/A
LLOD_FLAG: -8888
LLOD_VALUE: N/A
DM_CONTACT_INFO: Troy Thornberry, 325 Broadway R/CSL6, Boulder, CO 80305; troy.thornberry@noaa.gov; 303-497-3373
PROJECT_INFO: USOS, Utah POPS data from NOAA CSL Mobile Lab
STIPULATIONS_ON_USE: Please contact the PIs for questions regarding applications and uncertainties
OTHER_COMMENTS: POPS bin Edges (nm):  140.1, 146.3, 152.8, 159.6, 166.8, 174.2, 181.9, 190.0, 198.5, 207.4, 216.6, 226.2, 236.3, 246.8, 257.8, 269.3, 343.4, 450.7, 525.9, 618.5, 710.0, 822.7, 885.9, 953.9, 1027.2, 1106.1, 1191.0, 1282.5, 1381.0, 1487.1, 1601.3, 1724.3, 1856.7, 1999.3, 2152.8, 2318.2, 2496.2
Calculations assume organic aerosol refractive index of 1.52+0.00j and extinction wavelength = 532 nm
REVISION: R0
R0: Final data
Time_Start, Time_Stop, Time_Mid, Press_mb, Temp_C, Aerosol_concentration, Surface_Area_Conc, Volume_density, Effective_radius, Extinction, Bin01, Bin02, Bin03, Bin04, Bin05, Bin06, Bin07, Bin08, Bin09, Bin10, Bin11, Bin12, Bin13, Bin14, Bin15, Bin16, Bin17, Bin18, Bin19, Bin20, Bin21, Bin22, Bin23, Bin24, Bin25, Bin26, Bin27, Bin28, Bin29, Bin30, Bin31, Bin32, Bin33, Bin34, Bin35, Bin36
[from data line 810]
48600,48659,48630,871.806,31.672,242.917,34.746,1.961,0.163,0.008,25.011911,23.085417,20.260153,19.402489,17.706734,16.538191,14.884725,14.068587,12.693555,11.208236,10.345420,10.789379,10.196320,8.520987,6.218207,16.556219,3.615580,0.880322,0.446319,0.067215,0.083277,0.027473,0.022506,0.027898,0.044092,0.011111,0.016612,0.061331,0.010880,0.005556,0.044380,0.022158,0.016448,0.011227,0.005258,0.011263
48660,48719,48690,871.837,31.573,242.421,33.595,1.713,0.150,0.007,25.942909,23.040913,21.445032,19.303699,17.730354,16.485294,14.754810,13.784382,12.656149,11.218485,10.533302,10.544204,9.390697,8.356900,6.065494,16.107193,3.453804,0.860739,0.375912,0.061284,0.060398,0.016272,0.038590,0.027658,0.016511,0.027761,0.027978,0.005325,0.011065,0.011133,0.005394,0.011188,0.027579,0.016438,0.000000,0.005747
48720,48779,48750,871.853,31.630,241.331,34.039,1.959,0.169,0.008,25.812803,23.038614,20.917034,19.104082,18.300215,16.227205,15.008548,13.063999,12.205507,11.096281,10.537086,10.417904,9.723405,8.463671,5.803693,16.254389,3.565460,0.956003,0.406912,0.066760,0.061301,0.039171,0.044357,0.011013,0.022210,0.021759,0.016690,0.011244,0.022030,0.016816,0.011065,0.050162,0.005708,0.010994,0.005519,0.011060
48780,48839,48810,871.870,31.730,237.964,33.801,1.852,0.161,0.008,25.219112,23.205042,20.529348,19.234446,17.788296,16.278492,14.112237,13.084248,11.880238,11.158010,10.554286,10.006001,9.205864,8.312011,5.932501,16.095387,3.568642,0.874624,0.416204,0.071947,0.077815,0.038605,0.038600,0.038354,0.022041,0.022187,0.044315,0.021968,0.022003,0.028036,0.027747,0.011262,0.022113,0.005556,0.010930,0.005501
48840,48899,48870,871.869,31.824,239.967,33.121,1.678,0.150,0.007,25.793638,23.192289,20.489786,19.620811,18.106579,16.770605,14.771946,13.017528,11.806118,10.881762,10.707897,10.262990,9.319699,8.184243,5.763378,16.142168,3.508466,0.913312,0.320779,0.093701,0.071503,0.049942,0.022353,0.011280,0.016594,0.011205,0.005593,0.022206,0.016612,0.005447,0.022042,0.022090,0.011020,0.005501,0.000000,0.005501
48900,48959,48930,871.869,31.745,237.929,33.185,1.781,0.156,0.008,24.921341,23.248224,21.155756,19.847435,17.571236,15.906464,14.308287,13.431412,12.056633,10.839396,10.169516,10.112820,9.688980,8.365708,5.811801,15.558490,3.287375,0.912030,0.317011,0.045086,0.044549,0.044827,0.044197,0.022169,0.033558,0.027909,0.033825,0.000000,0.017008,0.021773,0.022431,0.022282,0.027805,0.000000,0.011475,0.000000
48960,49019,48990,871.857,31.613,238.157,32.716,1.506,0.137,0.007,24.897770,22.724079,20.736198,19.473631,17.306784,16.107775,14.776896,13.439782,11.999734,11.193702,10.809969,9.969383,9.321919,8.493731,5.896481,15.982420,3.319759,0.942676,0.378533,0.083850,0.072533,0.022168,0.067176,0.022604,0.039080,0.011262,0.011002,0.011057,0.011130,0.011224,0.011207,0.000000,0.000000,0.000000,0.005574,0.005574
49020,49079,49050,871.854,31.724,233.764,33.166,1.865,0.164,0.008,24.496435,22.643120,20.143957,18.813868,17.368872,16.028311,14.107626,13.267516,11.912900,10.882466,9.813434,10.179848,9.303632,8.048965,5.787963,16.020889,3.259857,0.876586,0.312274,0.093365,0.066075,0.054757,0.038503,0.016327,0.022135,0.011242,0.043911,0.016612,0.016082,0.027563,0.027146,0.011223,0.016650,0.005464,0.000000,0.027933
49080,49139,49110,871.869,31.842,238.116,33.887,1.946,0.166,0.008,24.612537,23.014734,20.797945,19.686256,17.655491,16.008066,14.363987,13.379956,11.822927,11.082660,10.390651,10.116229,9.798073,8.146774,5.951032,16.021681,3.474614,0.879843,0.455486,0.083238,0.039238,0.038736,0.017104,0.072251,0.045318,0.010875,0.016779,0.011002,0.005631,0.005650,0.016239,0.016537,0.022282,0.028017,0.011319,0.016462
49140,49199,49170,871.847,31.761,236.731,32.750,1.683,0.152,0.007,25.632944,23.026083,20.267555,19.237482,17.586535,15.793344,14.372347,13.331712,11.913390,11.374182,10.115502,10.276302,9.211867,8.196793,5.832181,15.649233,3.265267,0.907667,0.309551,0.110228,0.087754,0.033003,0.022394,0.022318,0.021844,0.016510,0.016804,0.016781,0.016726,0.005650,0.016689,0.016873,0.000000,0.010651,0.005556,0.010806
49200,49259,49230,871.839,31.665,236.165,32.813,1.623,0.146,0.007,24.728437,23.111490,20.929277,18.608974,17.867556,16.114470,14.562621,13.194057,11.760762,10.803365,10.121052,10.334679,9.151119,8.047983,6.085443,15.806055,3.092526,1.011536,0.411798,0.067176,0.094449,0.011167,0.027708,0.045128,0.021883,0.038789,0.016292,0.033406,0.000000,0.021741,0.016779,0.000000,0.011004,0.005342,0.000000,0.011056
49260,49319,49290,871.843,31.734,233.618,32.616,1.744,0.157,0.007,24.893595,22.407665,19.977243,19.374973,17.786362,16.093344,14.205306,13.201881,11.425418,10.873941,10.165431,9.678123,9.301561,8.025773,5.827161,15.461567,3.322525,0.850995,0.356886,0.050071,0.077490,0.016797,0.033197,0.016695,0.044183,0.005556,0.011167,0.016818,0.011084,0.039209,0.005537,0.011205,0.022064,0.005727,0.010718,0.011187
49320,49379,49350,871.855,31.872,236.556,32.245,1.525,0.140,0.007,25.017996,22.786474,21.021997,19.479773,18.284000,16.180195,14.111359,12.922112,12.369593,10.514335,10.049472,10.124803,9.281790,8.603019,5.433937,15.649718,3.219070,0.847735,0.312407,0.061973,0.072256,0.028193,0.038844,0.027937,0.011320,0.022375,0.011058,0.011320,0.005376,0.005411,0.027822,0.005411,0.005537,0.005574,0.000000,0.005612
49380,49439,49410,871.867,31.813,235.857,32.929,1.887,0.166,0.008,25.022141,23.253252,20.450438,19.042219,17.789137,15.871108,14.724840,12.973638,11.987157,11.394019,10.090981,10.177500,9.425643,8.000442,5.830166,14.910907,3.209723,0.946338,0.342034,0.060949,0.072760,0.028140,0.033648,0.016988,0.028272,0.016799,0.011204,0.016874,0.005612,0.016856,0.028404,0.045107,0.005650,0.016856,0.000000,0.011300
49440,49499,49470,871.870,31.656,234.483,32.018,1.494,0.138,0.007,25.070118,22.375271,20.417175,19.023138,17.922052,15.658597,14.213879,13.501059,11.978898,10.859594,10.200153,9.992474,9.253321,7.958033,5.586493,15.726140,3.292676,0.823114,0.298745,0.072379,0.055360,0.021856,0.022447,0.027475,0.027587,0.016798,0.011112,0.021667,0.005376,0.016873,0.010968,0.000000,0.011111,0.005612,0.000000,0.005411
49500,49559,49530,871.841,31.535,238.238,33.079,1.720,0.153,0.008,26.423811,23.433781,20.503380,19.132095,17.672874,15.778095,14.379561,13.519392,11.620943,11.055403,10.018394,9.746274,9.735437,8.074346,5.920691,16.084236,3.424655,0.904392,0.343779,0.117323,0.094461,0.055880,0.022133,0.005556,0.044434,0.011148,0.022001,0.010984,0.005612,0.027547,0.005593,0.021955,0.000000,0.000000,0.011210,0.010897
49560,49619,49590,871.841,31.559,234.975,32.275,1.651,0.150,0.007,25.209536,22.402538,20.645472,19.065029,17.867861,16.113058,14.525861,13.245395,12.008517,10.863162,10.399188,9.985232,9.155670,7.830528,5.458315,15.406860,3.275765,0.748961,0.349389,0.082617,0.077001,0.044108,0.027639,0.044641,0.011075,0.032993,0.027442,0.005464,0.010954,0.000000,0.005519,0.027460,0.000000,0.016431,0.000000,0.005482
49620,49679,49650,871.859,31.729,234.902,32.793,1.669,0.149,0.007,24.818785,22.086428,20.359205,18.839745,17.373857,16.036619,15.296335,13.136507,11.773087,11.039862,10.180794,9.859202,9.371855,8.074398,6.033733,15.534897,3.310688,0.941164,0.367876,0.105276,0.111094,0.039211,0.027890,0.017007,0.022096,0.027699,0.005537,0.022506,0.011167,0.016685,0.022413,0.005593,0.011005,0.011074,0.000000,0.011063
49680,49739,49710,871.854,31.714,231.825,32.402,1.770,0.160,0.007,24.571211,22.256092,20.061314,19.223808,18.001659,15.334742,14.459330,12.538613,12.069964,10.769156,9.768875,9.529183,9.457483,8.108671,5.635407,15.212651,3.203150,0.864226,0.327096,0.072180,0.072285,0.044471,0.027566,0.010913,0.016672,0.028041,0.016634,0.027255,0.010958,0.027507,0.016440,0.022136,0.011056,0.016580,0.000000,0.011223
49740,49799,49770,871.838,31.572,235.881,33.259,1.869,0.162,0.008,25.020401,22.855423,20.281874,19.694073,17.611820,15.766751,14.243127,13.235862,11.849607,10.793636,10.119236,10.416770,9.570024,8.189816,5.799774,15.279698,3.531323,0.782888,0.362635,0.084782,0.073859,0.034001,0.051188,0.028366,0.034132,0.022907,0.011452,0.000000,0.028167,0.005707,0.034173,0.016727,0.011375,0.011300,0.005707,0.022620
49800,49859,49830,871.813,31.468,233.731,32.624,1.712,0.154,0.007,24.423927,22.790285,20.193296,18.881191,17.361217,16.113272,14.456404,12.993679,11.580539,11.205961,10.207849,10.245518,9.517012,7.980766,5.893671,15.224178,3.046243,0.798591,0.377280,0.083391,0.077679,0.016723,0.028190,0.028041,0.017077,0.038937,0.005342,0.016798,0.022021,0.027821,0.033375,0.005669,0.016671,0.011130,0.005574,0.005669
49860,49919,49890,871.792,31.600,233.776,32.143,1.575,0.144,0.007,24.871771,22.810354,19.859972,18.882198,18.310949,15.865253,14.039715,12.875100,11.692674,11.302245,10.536149,9.952767,9.118303,7.951735,5.753116,15.381454,3.128113,0.760958,0.293793,0.088601,0.044611,0.033546,0.027893,0.022716,0.016730,0.022509,0.027389,0.016617,0.028042,0.011338,0.021812,0.000000,0.011261,0.005631,0.005556,0.005411
49920,49979,49950,871.795,31.723,236.355,33.121,1.793,0.159,0.008,25.585369,23.449406,21.016129,18.746521,18.077454,15.410874,14.199124,13.678694,12.200150,10.844443,10.306576,9.630596,8.973868,7.709699,5.829890,15.747098,3.283286,0.838555,0.305711,0.099159,0.111184,0.033544,0.033155,0.016797,0.049804,0.027855,0.016857,0.011204,0.011261,0.011112,0.044810,0.005556,0.016706,0.005501,0.021951,0.005308
49980,50039,50010,871.766,31.649,237.105,33.102,1.766,0.156,0.008,25.582935,23.166687,20.687702,19.637333,18.042656,15.915678,14.521297,13.627727,12.000705,10.889339,10.121873,9.872517,8.827628,7.870832,5.783726,15.408584,3.422716,0.896649,0.388962,0.061197,0.072053,0.022225,0.044189,0.022298,0.038843,0.027594,0.005537,0.022230,0.038934,0.028175,0.011261,0.005612,0.005708,0.005612,0.011094,0.016744
50040,50099,50070,871.734,31.522,234.613,32.974,1.841,0.163,0.008,25.282637,23.194036,20.392761,18.781929,17.636286,16.160509,14.192970,12.643433,12.076766,10.975109,10.070820,9.829388,9.094219,8.192374,5.646230,15.573473,3.155379,0.924041,0.350832,0.055921,0.055415,0.055412,0.033431,0.022487,0.033242,0.011111,0.011020,0.011171,0.027894,0.022260,0.033284,0.016820,0.022338,0.005482,0.010884,0.011074
50100,50159,50130,871.705,31.582,232.086,32.770,1.881,0.167,0.008,24.581104,22.534971,19.796890,18.738945,17.328817,15.929802,14.048591,13.177676,11.687172,10.718938,10.018085,10.094583,9.471761,8.025281,5.919348,14.930655,3.368988,0.922410,0.379490,0.068066,0.045384,0.039317,0.039632,0.011139,0.050912,0.005688,0.016839,0.028290,0.005631,0.011375,0.005785,0.022436,0.011098,0.011300,0.017066,0.022455
50160,50219,50190,871.676,31.726,233.509,31.976,1.562,0.144,0.007,25.426966,22.630436,20.556540,19.037527,17.927654,15.509176,14.285554,13.108656,11.785582,11.033070,10.344576,9.477585,9.044164,8.139993,5.532320,14.830332,3.225986,0.918312,0.277495,0.077314,0.088723,0.016780,0.050298,0.022342,0.033193,0.010984,0.016581,0.016633,0.016860,0.022170,0.022336,0.011148,0.005631,0.000000,0.005688,0.000000
50220,50279,50250,871.654,31.807,230.529,32.286,1.779,0.161,0.007,24.324196,22.187387,19.933638,19.033264,17.612947,15.389142,14.422000,13.164713,11.420353,10.944838,10.172526,9.643838,9.368584,7.630567,5.893524,14.683636,2.984279,0.860755,0.393512,0.071636,0.089163,0.027656,0.066771,0.022068,0.005501,0.027618,0.033437,0.011223,0.000000,0.022330,0.016594,0.016157,0.016570,0.027516,0.000000,0.011130
50280,50339,50310,871.636,31.766,232.674,32.339,1.723,0.155,0.007,24.935932,22.157784,20.995661,19.345053,17.412748,15.577717,14.147667,12.743315,11.449363,10.988589,10.458444,10.252031,9.250345,7.737719,5.409601,15.196121,3.086230,0.772015,0.350831,0.066990,0.061541,0.050098,0.016687,0.022414,0.022454,0.016706,0.005612,0.016488,0.022429,0.022190,0.033542,0.005612,0.005574,0.010824,0.022099,0.005394
50340,50399,50370,871.623,31.569,235.723,32.545,1.672,0.150,0.007,25.607426,23.452795,20.496334,19.490364,17.646778,16.142807,14.173678,13.042725,11.830330,10.807215,10.364216,9.684269,8.731343,8.113783,5.931496,15.294443,3.218498,0.889626,0.388724,0.072251,0.094466,0.038800,0.044431,0.011007,0.011131,0.021879,0.010899,0.011149,0.022099,0.016817,0.022316,0.011167,0.000000,0.011223,0.005464,0.010899
50400,50459,50430,871.602,31.474,238.975,32.439,1.537,0.140,0.007,25.967831,23.286568,21.040453,19.796522,18.214575,16.654564,14.149901,13.379175,12.090400,10.954413,10.267390,10.294438,9.315921,7.853002,5.800910,15.181652,3.198730,0.789104,0.372062,0.044772,0.071886,0.061000,0.027665,0.027710,0.005727,0.039371,0.022347,0.005429,0.022317,0.005612,0.000000,0.005574,0.016632,0.005482,0.005556,0.000000
50460,50519,50490,871.575,31.628,237.633,32.399,1.534,0.140,0.007,25.728354,23.195969,20.448111,19.295322,18.044582,15.952733,14.661356,13.075923,11.864068,11.005863,10.436085,10.100434,9.797764,7.949238,5.975301,15.442908,3.172702,0.735468,0.386097,0.071576,0.067134,0.021578,0.044024,0.022101,0.027401,0.011359,0.022339,0.005482,0.016741,0.016270,0.021842,0.005631,0.000000,0.005325,0.000000,0.005669
50520,50579,50550,871.570,31.750,239.122,32.990,1.732,0.153,0.007,25.749666,23.420464,20.907919,19.317684,17.810701,16.342396,14.584730,13.755484,12.149915,11.058666,10.162596,10.367550,9.540394,7.565217,5.788097,15.916421,3.131575,0.782550,0.365767,0.060899,0.072002,0.033081,0.044294,0.032834,0.010935,0.016762,0.010983,0.027882,0.011130,0.022131,0.011093,0.022028,0.000000,0.005593,0.016742,0.005519
50580,50639,50610,871.550,31.658,241.626,34.002,1.881,0.162,0.008,26.588028,23.313114,20.623495,20.515562,17.864744,16.524988,14.775064,13.259153,12.295720,10.811728,10.041167,10.009731,9.360433,8.217870,6.098206,16.388638,3.171814,0.878510,0.391807,0.077060,0.070787,0.049259,0.054959,0.044589,0.011358,0.011358,0.016347,0.016307,0.011139,0.022546,0.039177,0.011022,0.021729,0.027535,0.005411,0.005631
50640,50699,50670,871.554,31.445,239.976,33.879,1.935,0.167,0.008,26.215508,23.708866,21.388927,19.741201,18.157995,15.945726,14.503837,13.144438,12.348108,11.085799,10.223452,9.804211,9.327076,8.028574,5.892902,15.539673,3.151635,0.774983,0.375997,0.066473,0.098401,0.054781,0.093615,0.049777,0.016836,0.066296,0.021824,0.016615,0.005447,0.027990,0.038634,0.016840,0.010929,0.005464,0.010985,0.016292
50700,50759,50730,871.519,31.449,243.418,34.818,2.099,0.176,0.008,25.874605,24.374649,21.967169,20.040762,18.074280,16.046415,14.730412,13.866776,12.042848,11.230353,10.650567,9.926506,9.440424,8.169411,5.992338,15.824121,3.238426,0.881729,0.431810,0.089038,0.061015,0.044568,0.060766,0.049715,0.050137,0.027676,0.054801,0.022154,0.010824,0.033430,0.032827,0.016615,0.016575,0.000000,0.011156,0.033489
50760,50819,50790,871.530,31.625,246.156,35.496,2.172,0.178,0.009,26.019382,24.159512,21.127663,20.073483,18.126104,16.601345,15.467232,13.260054,12.689578,11.315576,10.911774,10.649172,9.779393,8.521487,6.249516,16.023653,3.201369,0.874925,0.418972,0.100630,0.088766,0.055736,0.044153,0.050351,0.027856,0.049767,0.039306,0.016707,0.027835,0.061514,0.044342,0.033699,0.028159,0.000000,0.000000,0.016933
50820,50879,50850,871.549,31.729,243.413,34.756,2.215,0.185,0.008,25.963678,23.757500,21.733545,20.257097,18.285484,16.562408,14.941873,13.694090,12.433928,11.302814,10.505476,9.921892,9.525162,8.374596,5.864108,15.485128,2.991706,0.788195,0.455722,0.088582,0.082331,0.039237,0.049826,0.033166,0.016270,0.005394,0.027470,0.021809,0.022100,0.038762,0.033449,0.032975,0.016468,0.011075,0.016431,0.032880
50880,50939,50910,871.548,31.714,244.176,35.341,2.318,0.189,0.009,26.834572,24.184872,21.542084,20.098160,18.228619,16.735619,14.939854,13.686609,11.888986,11.415422,10.183249,10.168603,9.344090,8.126752,5.831125,15.665459,3.331074,0.868605,0.448227,0.088022,0.109978,0.043817,0.071479,0.038683,0.016378,0.027425,0.021701,0.021717,0.027857,0.027480,0.027457,0.027490,0.027221,0.022191,0.027375,0.027539
