CampaignData_and_Merges/R0/CSL_MobileLab_Parked/raw/20240813/USOS-NOAAIodideCIMS-HNO3_MobileLabGround_20240813_RA.ict
33, 1001
Michael A Robinson, Chris Jernigan, Subi Thakali
NOAA ESRL Chemical Sciences Laboratory and CIRES, U. of Colorado
NOAA Iodide CIMS Instrument
USOS
1, 1
2024, 08, 13, 2024, 08, 15
1
starttime_UTC, seconds_past_midnight, seconds_of_day_since_00:00:00_UTC
1
1
-9999
HNO3_NOAACIMS, pptv, Gas_HNO3_InSitu_S_AVMR, 
0
18
PI_CONTACT_INFO: 325 Broadway, R/CSD 7, Boulder, Colorado 80305; michael.a.robinson@noaa.gov; chris.jernigan@noaa.gov;
PLATFORM: NOAA CSL Mobile Lab
LOCATION: SLC, Utah
ASSOCIATED_DATA: 1Hz data also available on request.
INSTRUMENT_INFO: NOAA I- ToF CIMS
DATA_INFO: All data in parts per trillion by volume (pptv). 1 Hz data is available upon request.
UNCERTAINTY: TBD
ULOD_FLAG: -7777
ULOD_VALUE: N/A
LLOD_FLAG: -8888
LLOD_VALUE: N/A
DM_CONTACT_INFO: Nathan Howard; nathan.h.howard@noaa.gov
PROJECT_INFO: USOS, summer 2024. https://csl.noaa.gov/groups/csl7/measurements/2024usos/
STIPULATIONS_ON_USE: Users are strongly encouraged to contact the PI for proper data usage.
OTHER_COMMENTS: 
REVISION: RA
RA: Preliminary Data; For in-field use only
starttime_UTC, HNO3_NOAACIMS
     0, 76.801
    60, 74.513
   120, 76.109
   180, 75.844
   240, 77.503
   300, 73.991
   360, 73.755
   420, 73.738
   480, 74.959
   540, 69.427
   600, 68.356
   660, 67.217
   720, 68.122
   780, 65.312
   840, 64.614
   900, 63.652
   960, -9999.000
  1020, 79.795
  1080, 76.883
  1140, 76.944
  1200, 72.995
  1260, 68.442
  1320, 68.819
  1380, 65.992
  1440, 69.927
  1500, 64.538
  1560, 64.881
  1620, 65.682
  1680, 64.043
  1740, 60.619
  1800, 59.977
  1860, 61.958
  1920, 59.139
  1980, 59.984
  2040, 59.316
  2100, 63.049
  2160, 61.246
  2220, 59.521
  2280, 62.258
  2340, 61.857
  2400, 63.540
  2460, 63.340
  2520, 62.449
  2580, 65.011
  2640, 65.843
  2700, 66.778
  2760, 64.084
  2820, -9999.000
  2880, 82.952
  2940, 82.368
  3000, 77.158
  3060, 77.036
  3120, 78.304
  3180, 80.135
  3240, 77.369
  3300, 77.834
  3360, 77.247
  3420, 83.347
  3480, 83.585
  3540, 82.381
  3600, 89.128
  3660, 106.314
  3720, 104.270
  3780, 97.160
  3840, 90.514
  3900, 86.454
  3960, 85.040
  4020, 85.793
  4080, 83.288
  4140, 82.098
  4200, 80.992
  4260, 80.964
  4320, 80.665
  4380, 80.038
  4440, 74.894
  4500, 71.980
  4560, 74.415
  4620, 71.596
  4680, 71.864
  4740, 67.803
  4800, 67.637
  4860, 68.075
  4920, 65.946
  4980, 57.173
  5040, 55.850
  5100, 55.975
  5160, 53.247
  5220, 48.596
  5280, 44.274
  5340, 41.380
  5400, 42.359
  5460, 39.004
  5520, 36.725
  5580, 33.729
  5640, 31.159
  5700, 33.570
  5760, 34.600
  5820, 34.505
  5880, 31.981
  5940, 33.500
  6000, 34.692
  6060, 35.799
  6120, 37.129
  6180, 36.647
  6240, 38.384
  6300, 41.736
  6360, 43.419
  6420, 42.038
  6480, 38.768
  6540, 48.635
  6600, 46.113
  6660, 49.337
  6720, 46.130
  6780, 48.141
  6840, 45.674
  6900, 46.968
  6960, 47.871
  7020, 45.980
  7080, 45.759
  7140, 45.564
  7200, 47.614
  7260, 48.921
  7320, 48.301
  7380, 46.977
  7440, 44.224
  7500, 46.634
  7560, 47.791
  7620, 47.549
  7680, 44.846
  7740, 46.186
  7800, 43.499
  7860, 45.322
  7920, 43.176
  7980, 42.748
  8040, 41.520
  8100, 45.480
  8160, 44.402
  8220, 42.908
  8280, 42.417
  8340, 44.813
  8400, 52.073
  8460, 51.705
  8520, 48.941
  8580, 48.266
  8640, 49.231
  8700, 50.591
  8760, 51.043
  8820, 48.348
  8880, 50.405
  8940, 51.246
  9000, 51.592
  9060, 49.934
  9120, 50.222
  9180, 52.470
  9240, 55.163
  9300, 54.636
  9360, 54.966
  9420, 52.144
  9480, 54.691
  9540, 54.563
  9600, 57.016
  9660, 53.777
  9720, 52.655
  9780, 55.870
  9840, 57.019
  9900, 55.286
  9960, 55.194
 10020, 55.061
 10080, 56.768
 10140, 58.252
 10200, -9999.000
 10260, 59.777
 10320, 62.235
 10380, 63.047
 10440, 62.585
 10500, 61.544
 10560, 60.840
 10620, 62.257
 10680, 63.204
 10740, 59.645
 10800, 62.146
 10860, 63.530
 10920, 66.125
 10980, 65.053
 11040, 63.231
 11100, 64.997
 11160, 65.515
 11220, 67.648
 11280, 67.227
 11340, 66.821
 11400, 67.413
 11460, 68.094
 11520, 71.385
 11580, 66.920
 11640, 66.118
 11700, 64.883
 11760, 64.065
 11820, 62.939
 11880, 60.352
 11940, 56.775
 12000, 56.748
 12060, 66.934
 12120, 58.365
 12180, 55.579
 12240, 53.427
 12300, 53.594
 12360, 53.894
 12420, 53.138
 12480, 52.076
 12540, 52.286
 12600, 54.524
 12660, 54.950
 12720, 52.218
 12780, 51.326
 12840, 49.535
 12900, 48.957
 12960, 49.589
 13020, 51.313
 13080, 52.818
 13140, 53.697
 13200, 51.587
 13260, 49.077
 13320, 47.236
 13380, 48.262
 13440, 48.695
 13500, 52.208
 13560, 48.900
 13620, 46.842
 13680, 48.310
 13740, 47.837
 13800, 47.262
 13860, 46.228
 13920, -9999.000
 13980, 55.042
 14040, 56.000
 14100, 53.692
 14160, 48.838
 14220, 49.222
 14280, 50.818
 14340, 51.742
 14400, 49.626
 14460, 49.060
 14520, 47.107
 14580, 47.791
 14640, 46.866
 14700, 43.623
 14760, 44.898
 14820, 43.580
 14880, 44.133
 14940, 43.459
 15000, 42.573
 15060, 43.141
 15120, 40.376
 15180, 42.314
 15240, 41.521
 15300, 41.207
 15360, 43.343
 15420, 43.597
 15480, 42.650
 15540, 41.798
 15600, 42.438
 15660, 43.007
 15720, 41.357
 15780, 46.548
 15840, 45.444
 15900, 44.248
 15960, 44.343
 16020, 45.992
 16080, 45.197
 16140, 43.116
 16200, 44.789
 16260, 45.102
 16320, 43.477
 16380, 41.015
 16440, 41.485
 16500, 41.329
 16560, 41.940
 16620, 40.920
 16680, 37.221
 16740, 41.028
 16800, 43.879
 16860, 44.542
 16920, 45.074
 16980, 44.408
 17040, 46.711
 17100, 47.035
 17160, 45.093
 17220, 43.058
 17280, 45.974
 17340, 47.324
 17400, 46.565
 17460, 45.278
 17520, 44.940
 17580, -9999.000
 17640, 51.603
 17700, 52.482
 17760, 49.927
 17820, 48.021
 17880, 48.967
 17940, 50.599
 18000, 51.238
 18060, 50.099
 18120, 47.131
 18180, 47.100
 18240, 50.214
 18300, 50.782
 18360, 50.801
 18420, 48.154
 18480, 48.824
 18540, 50.570
 18600, 53.513
 18660, 51.372
 18720, 51.974
 18780, 51.649
 18840, 54.415
 18900, 56.024
 18960, 56.890
 19020, 55.209
 19080, 56.166
 19140, 58.087
 19200, 60.263
 19260, 60.206
 19320, 60.634
 19380, 62.032
 19440, -9999.000
 19500, 66.477
 19560, 65.498
 19620, 63.844
 19680, 63.633
 19740, 65.898
 19800, 67.543
 19860, 64.223
 19920, 65.638
 19980, 64.679
 20040, 64.493
 20100, 65.412
 20160, 63.962
 20220, 62.372
 20280, 64.731
 20340, 65.434
 20400, 64.668
 20460, 64.073
 20520, 61.527
 20580, 63.782
 20640, 65.096
 20700, 66.600
 20760, 62.720
 20820, 61.778
 20880, 61.506
 20940, 64.993
 21000, 66.072
 21060, 64.602
 21120, 64.264
 21180, 63.808
 21240, 67.128
 21300, -9999.000
 21360, 70.782
 21420, 67.911
 21480, 68.781
 21540, 71.372
 21600, 71.128
 21660, 68.715
 21720, 67.065
 21780, 67.087
 21840, 69.019
 21900, 70.303
 21960, 66.840
 22020, 63.785
 22080, 63.196
 22140, 66.370
 22200, 67.351
 22260, 62.173
 22320, 61.201
 22380, 59.936
 22440, 60.813
 22500, 60.362
 22560, 61.071
 22620, 61.017
 22680, 60.485
 22740, 64.018
 22800, 62.812
 22860, 60.387
 22920, 59.556
 22980, 59.906
 23040, 59.380
 23100, 62.600
 23160, 65.228
 23220, 63.170
 23280, 62.594
 23340, 63.317
 23400, 63.440
 23460, 59.652
 23520, 59.693
 23580, 60.187
 23640, 59.696
 23700, 59.479
 23760, 59.668
 23820, 59.099
 23880, 63.120
 23940, 62.351
 24000, 61.972
 24060, 58.171
 24120, 59.497
 24180, 60.656
 24240, 61.578
 24300, 59.297
 24360, 59.678
 24420, 59.373
 24480, 60.609
 24540, 60.114
 24600, 60.550
 24660, 59.465
 24720, 59.224
 24780, 62.303
 24840, 64.913
 24900, 64.776
 24960, -9999.000
 25020, 66.093
 25080, 67.063
 25140, 69.205
 25200, 69.322
 25260, 67.694
 25320, 65.880
 25380, 66.851
 25440, 70.524
 25500, 72.994
 25560, 70.411
 25620, 68.745
 25680, 69.673
 25740, 72.066
 25800, 70.789
 25860, 68.477
 25920, 68.045
 25980, 68.098
 26040, 68.249
 26100, 68.944
 26160, 67.182
 26220, 65.821
 26280, 66.383
 26340, 66.624
 26400, 67.708
 26460, 65.745
 26520, 64.362
 26580, 64.605
 26640, 66.780
 26700, 65.401
 26760, 62.813
 26820, 58.810
 26880, 67.727
 26940, 66.355
 27000, 65.480
 27060, 63.124
 27120, 60.867
 27180, 63.154
 27240, 64.534
 27300, 64.680
 27360, 64.751
 27420, 62.651
 27480, 63.920
 27540, 64.120
 27600, 65.070
 27660, 65.424
 27720, 63.942
 27780, 67.425
 27840, 65.286
 27900, 63.314
 27960, 59.737
 28020, 58.126
 28080, 59.621
 28140, 59.813
 28200, 59.790
 28260, 58.431
 28320, 57.987
 28380, 59.614
 28440, 59.718
 28500, 60.367
 28560, 59.620
 28620, 56.477
 28680, -9999.000
 28740, 69.166
 28800, 67.088
 28860, 65.589
 28920, 62.619
 28980, 66.007
 29040, 66.256
 29100, 65.102
 29160, 64.132
 29220, 62.670
 29280, 63.125
 29340, 64.610
 29400, 64.197
 29460, 63.536
 29520, 59.848
 29580, 59.826
 29640, 61.662
 29700, 61.810
 29760, 61.995
 29820, 59.649
 29880, 57.869
 29940, 59.819
 30000, 58.648
 30060, 59.022
 30120, 57.896
 30180, 57.737
 30240, 60.400
 30300, 59.218
 30360, 58.286
 30420, 56.007
 30480, 56.806
 30540, 62.054
 30600, 61.846
 30660, 59.649
 30720, 58.601
 30780, 60.323
 30840, 60.190
 30900, 58.077
 30960, 56.348
 31020, 59.495
 31080, 58.591
 31140, 57.670
 31200, 56.523
 31260, 55.442
 31320, 56.533
 31380, 58.337
 31440, 58.767
 31500, 56.895
 31560, 56.749
 31620, 59.052
 31680, 60.468
 31740, 60.297
 31800, 61.698
 31860, 60.402
 31920, 61.364
 31980, 62.324
 32040, 62.743
 32100, 61.788
 32160, 61.141
 32220, 64.347
 32280, 64.528
 32340, 62.643
 32400, 69.430
 32460, 65.955
 32520, 67.255
 32580, 68.437
 32640, 64.996
 32700, 65.246
 32760, 66.121
 32820, 66.902
 32880, 67.316
 32940, 63.858
 33000, 62.244
 33060, 63.305
 33120, 65.376
 33180, 66.371
 33240, 63.249
 33300, 64.591
 33360, 65.776
 33420, 66.869
 33480, 66.561
 33540, 65.374
 33600, 65.367
 33660, 65.696
 33720, 66.137
 33780, 65.652
 33840, 65.768
 33900, 65.815
 33960, 68.082
 34020, 66.341
 34080, 64.397
 34140, 65.060
 34200, 65.306
 34260, 70.063
 34320, 67.342
 34380, 64.678
 34440, 64.516
 34500, 66.665
 34560, 64.083
 34620, 61.887
 34680, 59.191
 34740, 61.761
 34800, 61.321
 34860, 59.548
 34920, 60.606
 34980, 60.745
 35040, 60.130
 35100, 60.931
 35160, 59.152
 35220, 56.873
 35280, 58.053
 35340, 60.991
 35400, 59.705
 35460, 58.516
 35520, 57.982
 35580, 60.405
 35640, 61.075
 35700, 62.302
 35760, 60.630
 35820, 59.593
 35880, 63.269
 35940, 62.283
 36000, 63.313
 36060, -9999.000
 36120, 73.841
 36180, 72.483
 36240, 68.114
 36300, 66.636
 36360, 66.565
 36420, 70.111
 36480, 69.860
 36540, 67.197
 36600, 66.732
 36660, 68.880
 36720, 66.769
 36780, 65.873
 36840, 64.607
 36900, 64.774
 36960, 65.435
 37020, 65.666
 37080, 63.996
 37140, 64.299
 37200, 63.891
 37260, 64.671
 37320, 63.244
 37380, 61.600
 37440, 61.470
 37500, 61.522
 37560, 61.245
 37620, 59.062
 37680, 59.136
 37740, 63.419
 37800, 61.026
 37860, 60.290
 37920, -9999.000
 37980, 67.316
 38040, 66.573
 38100, 63.414
 38160, 61.035
 38220, 61.125
 38280, 62.023
 38340, 62.947
 38400, 60.644
 38460, 59.914
 38520, 59.164
 38580, 60.456
 38640, 59.869
 38700, 57.367
 38760, 56.689
 38820, 56.606
 38880, 55.055
 38940, 55.227
 39000, 54.027
 39060, 52.083
 39120, 53.756
 39180, 52.984
 39240, 51.820
 39300, 48.938
 39360, 51.073
 39420, 51.962
 39480, 51.039
 39540, 48.591
 39600, 51.289
 39660, 51.047
 39720, 50.878
 39780, -9999.000
 39840, 55.950
 39900, 56.159
 39960, 55.552
 40020, 53.282
 40080, 53.168
 40140, 52.089
 40200, 53.620
 40260, 53.740
 40320, 52.682
 40380, 49.607
 40440, 52.506
 40500, 52.476
 40560, 51.438
 40620, 48.480
 40680, 49.226
 40740, 51.401
 40800, 50.768
 40860, 49.547
 40920, 49.413
 40980, 52.942
 41040, 53.202
 41100, 51.271
 41160, 50.408
 41220, 50.716
 41280, 53.835
 41340, 52.729
 41400, 49.755
 41460, 51.285
 41520, 53.907
 41580, 57.472
 41640, 57.465
 41700, 55.445
 41760, 54.652
 41820, 54.566
 41880, 55.472
 41940, 54.962
 42000, 53.186
 42060, 52.821
 42120, 54.674
 42180, 53.513
 42240, 52.147
 42300, 50.418
 42360, 52.309
 42420, 53.032
 42480, 52.147
 42540, 50.184
 42600, 49.812
 42660, 51.287
 42720, 49.867
 42780, 49.034
 42840, 47.711
 42900, 48.325
 42960, 50.168
 43020, 49.669
 43080, 48.276
 43140, 45.219
 43200, 47.078
 43260, 48.141
 43320, 47.082
 43380, 46.642
 43440, -9999.000
 43500, 56.581
 43560, 53.791
 43620, 51.592
 43680, 48.748
 43740, 48.733
 43800, 49.562
 43860, 46.887
 43920, 45.984
 43980, 47.338
 44040, 48.210
 44100, 48.602
 44160, 47.037
 44220, 45.059
 44280, 45.492
 44340, 46.847
 44400, 49.265
 44460, 48.423
 44520, 46.068
 44580, 43.987
 44640, 46.394
 44700, 48.612
 44760, 47.797
 44820, 45.220
 44880, 45.565
 44940, 46.573
 45000, 46.943
 45060, 46.267
 45120, 46.889
 45180, 45.537
 45240, 50.256
 45300, 51.451
 45360, 50.141
 45420, 47.516
 45480, 43.254
 45540, 40.844
 45600, 39.965
 45660, 39.497
 45720, 36.280
 45780, 33.818
 45840, 34.555
 45900, 32.800
 45960, 29.294
 46020, 25.161
 46080, 23.844
 46140, 22.979
 46200, 21.716
 46260, 19.589
 46320, 16.825
 46380, 17.751
 46440, 15.355
 46500, 12.737
 46560, 10.633
 46620,  9.793
 46680,  9.918
 46740,  7.584
 46800, -2.454
 46860, -2.253
 46920, 72.808
 46980, 105.187
 47040, 97.070
 47100, 90.701
 47160, -9999.000
 47220, 113.463
 47280, 106.820
 47340, 98.857
 47400, 93.299
 47460, 93.564
 47520, 93.715
 47580, 93.187
 47640, 89.265
 47700, 90.012
 47760, 86.716
 47820, 87.974
 47880, 89.284
 47940, 87.865
 48000, 84.604
 48060, 86.879
 48120, 86.403
 48180, 86.183
 48240, 81.368
 48300, 81.220
 48360, 83.628
 48420, 81.394
 48480, 79.715
 48540, 77.510
 48600, 76.397
 48660, 75.729
 48720, 74.612
 48780, 71.270
 48840, 71.086
 48900, 72.897
 48960, 71.843
 49020, 88.596
 49080, 88.035
 49140, 84.191
 49200, 80.744
 49260, 77.034
 49320, 74.157
 49380, 74.890
 49440, 73.833
 49500, 71.731
 49560, 70.773
 49620, 68.457
 49680, 69.402
 49740, 72.271
 49800, 70.991
 49860, 69.162
 49920, 66.630
 49980, 68.280
 50040, 70.127
 50100, 67.998
 50160, 65.214
 50220, 62.424
 50280, 63.490
 50340, 65.300
 50400, 65.451
 50460, 63.980
 50520, 64.749
 50580, 62.732
 50640, 64.331
 50700, 65.627
 50760, 64.765
 50820, 68.233
 50880, 79.823
 50940, 81.416
 51000, 75.880
 51060, 72.551
 51120, 67.934
 51180, 68.721
 51240, 68.110
 51300, 68.543
 51360, 67.477
 51420, 67.076
 51480, 62.893
 51540, 65.972
 51600, 66.421
 51660, 63.515
 51720, 58.469
 51780, 61.961
 51840, 62.417
 51900, 63.641
 51960, 63.704
 52020, 63.036
 52080, 61.546
 52140, 63.968
 52200, 65.524
 52260, 65.020
 52320, 62.567
 52380, 61.552
 52440, 65.176
 52500, 65.176
 52560, 63.757
 52620, 67.479
 52680, 64.807
 52740, 80.832
 52800, 78.345
 52860, 78.614
 52920, 76.216
 52980, 74.148
 53040, 72.666
 53100, 70.666
 53160, 72.602
 53220, 73.909
 53280, 72.119
 53340, 74.743
 53400, 75.269
 53460, 75.046
 53520, 77.152
 53580, 81.095
 53640, 83.965
 53700, 87.617
 53760, 89.020
 53820, 89.161
 53880, 84.809
 53940, 89.492
 54000, 96.733
 54060, 98.956
 54120, 104.081
 54180, 101.349
 54240, 101.811
 54300, 101.307
 54360, 103.102
 54420, 106.679
 54480, 114.486
 54540, -9999.000
 54600, 126.314
 54660, 125.193
 54720, 120.678
 54780, 119.705
 54840, 121.991
 54900, 131.431
 54960, 140.286
 55020, 137.587
 55080, 141.639
 55140, 142.657
 55200, 138.955
 55260, 139.189
 55320, 136.329
 55380, 134.145
 55440, 137.522
 55500, 136.796
 55560, 135.672
 55620, 130.798
 55680, 124.001
 55740, 117.755
 55800, 110.692
 55860, 107.777
 55920, 106.194
 55980, 110.702
 56040, 115.986
 56100, 117.695
 56160, 115.014
 56220, 116.441
 56280, 117.149
 56340, 118.569
 56400, -9999.000
 56460, 120.985
 56520, 122.383
 56580, 130.003
 56640, 133.193
 56700, 137.889
 56760, 141.780
 56820, 141.601
 56880, 142.665
 56940, 143.436
 57000, 142.570
 57060, 145.922
 57120, 145.312
 57180, 150.084
 57240, 155.699
 57300, 160.553
 57360, 165.738
 57420, 170.299
 57480, 177.903
 57540, 182.805
 57600, 187.530
 57660, 185.536
 57720, 189.247
 57780, 187.584
 57840, 177.049
 57900, 175.638
 57960, 172.302
 58020, 165.208
 58080, 166.801
 58140, 168.418
 58200, 162.969
 58260, -9999.000
 58320, 168.327
 58380, 168.124
 58440, 163.266
 58500, 157.171
 58560, 152.019
 58620, 151.769
 58680, 149.686
 58740, 150.576
 58800, 154.473
 58860, 155.576
 58920, 152.138
 58980, 154.175
 59040, 158.539
 59100, 163.164
 59160, 163.964
 59220, 167.625
 59280, 177.831
 59340, 181.257
 59400, 179.813
 59460, 187.904
 59520, 183.062
 59580, 182.950
 59640, 183.042
 59700, 185.253
 59760, 188.986
 59820, 185.934
 59880, 183.867
 59940, 174.452
 60000, 174.303
 60060, 179.750
 60120, 185.132
 60180, 177.859
 60240, 172.788
 60300, 174.127
 60360, 174.684
 60420, 172.648
 60480, 173.619
 60540, 177.841
 60600, 179.186
 60660, 181.055
 60720, 182.553
 60780, 183.166
 60840, 185.155
 60900, 184.124
 60960, 186.150
 61020, 183.765
 61080, 185.777
 61140, 177.993
 61200, 174.201
 61260, 171.004
 61320, 169.009
 61380, 167.338
 61440, 166.833
 61500, 166.702
 61560, 163.381
 61620, 164.272
 61680, 167.875
 61740, 172.150
 61800, 177.221
 61860, 181.167
 61920, -9999.000
 61980, 186.147
 62040, 181.809
 62100, 185.387
 62160, 188.506
 62220, 190.607
 62280, 195.860
 62340, 202.473
 62400, 204.748
 62460, 208.709
 62520, 215.231
 62580, 218.295
 62640, 219.193
 62700, 221.316
 62760, 227.731
 62820, 228.403
 62880, 233.238
 62940, 229.322
 63000, 228.080
 63060, 227.148
