CampaignData_and_Merges/R0/CSL_MobileLab_Parked/raw/20240721/USOS-Picarro-CO2-CH4-CO-H2O_MobileLabGround_20240721_R0.ict
38, 1001
Ilana Pollack, Nell Schafer, and Jeff Peischl
NOAA Chemical Sciences Laboratory
Picarro 2401-m CO2/CH4/CO/H2O Analyzer
USOS
1, 1
2024, 07, 21, 2024, 11, 20
0
StartTime_UTC, seconds_past_midnight, seconds past midnight
5
1, 1, 1, 1, 1
-9999, -9999, -9999, -9999, -9999
StopTime_UTC, seconds_past_midnight, seconds past midnight
CO2_ppm_1min, ppm, Gas_CO2_InSitu_S_DMF, carbon dioxide mixing ratio
CH4_ppb_1min, ppb, Gas_CH4_InSitu_S_DMF, methane mixing ratio
CO_ppb_1min, ppb, Gas_CO_InSitu_S_DMF, carbon monoxide mixing ratio
H2O_ppmv_1min, ppmv, Met_H2OMRV_InSitu_S_AVMR, water vapor mixing ratio
1
SPECIAL COMMENTS: N/A
18
PI_CONTACT_INFO: Address: NOAA Chemical Sciences Laboratory, Mail Stop CSL7, 325 Broadway, Boulder, CO 80305; Email: Ilana.Pollack@noaa.gov
PLATFORM: NOAA CSL Mobile Laboratory
LOCATION: The mobile lab was stationed in Salt Lake City, Utah.
ASSOCIATED_DATA: N/A
INSTRUMENT_INFO: CO2, CH4, and CO are reported as dry air mole fractions using a commercial wavelength-scanned cavity ring-down analyzer (Picarro 2401-m). An in-field calibration gas standard of 432±0.07 ppm CO2, 2095±1 ppb CH4, and 183±1 ppb CO, calibrated in the Boulder laboratories before and after the field project using primary CO2, CH4, and CO standard tanks tied to the WMO standard (X2019, X2004A, and X2014A, respectively) from the Global Monitoring Laboratory (GML), was delivered to the inlet every 2-3 days to evaluate instrument sensitivity. A H2O measurement was calibrated before the project with a Dew Point Mirror 373 hygrometer. The water correction calculated from these calibrations was applied to the H2O measurement for the entire campaign. Species are measured at 0.5 Hz and reported as 1-minute averages for stationary measurements.
DATA_INFO: Units: CO2, ppm, dry air mole fraction; CH4, ppb, dry air mole fraction; CO, ppb, dry air mole fraction; H2O, ppmv
UNCERTAINTY: Total uncertainties are estimated as ±0.1 ppm for CO2, ±1 ppb for CH4, ±5 ppb for CO, and ±(50 ppm + 4%) for H2O.
ULOD_FLAG: -7777
ULOD_VALUE: N/A
LLOD_FLAG: -8888
LLOD_VALUE: N/A
DM_CONTACT_INFO: Data Manager: Nathan Howard; nathan.h.howard@noaa.gov
PROJECT_INFO: USOS Dates of Study: July – August 2024
STIPULATIONS_ON_USE: Use of these data require prior ok from PI.
OTHER_COMMENTS: Data are averaged to 1 minute intervals. Stationary data collected from a 10 ft tower on top of the mobile van.
REVISION: R0
R0: Final Data
StartTime_UTC, StopTime_UTC, CO2_ppm_1min, CH4_ppb_1min, CO_ppb_1min, H2O_ppmv_1min
0,60,425.21,1989.6,163.3,13596.0293
60,120,425.30,1992.0,171.5,13651.7197
120,180,425.63,1992.7,173.2,13663.5654
180,240,425.35,1993.7,173.2,14020.9912
240,300,425.98,1994.1,177.3,13351.1367
300,360,426.19,1994.5,199.8,13343.9482
360,420,426.28,1994.4,221.6,13333.1162
420,480,426.86,1994.5,241.9,13121.3984
480,540,427.00,1993.7,234.4,13284.0684
540,600,425.92,1993.5,223.5,13382.7070
600,660,426.02,1994.1,230.1,13790.4082
660,720,426.68,1993.6,252.2,13316.0566
720,780,426.54,1994.1,246.8,13644.2783
780,840,426.57,1993.8,255.0,13291.2969
840,900,426.30,1994.6,258.1,13584.3418
900,960,426.01,1993.6,248.6,13330.0977
960,1020,429.27,1993.6,266.9,12827.8350
1020,1080,426.87,1982.6,249.1,12748.4434
1080,1140,424.90,1957.6,161.3,12014.6045
1140,1200,424.91,1955.3,186.6,12474.1211
1200,1260,423.23,1951.9,143.5,12695.3857
1260,1320,423.62,1951.8,177.9,13088.1943
1320,1380,422.80,1951.2,156.5,13213.8145
1380,1440,423.28,1951.1,146.3,13139.5811
1440,1500,423.33,1951.5,155.0,13534.4697
1500,1560,423.19,1952.0,150.7,13735.2900
1560,1620,423.64,1952.0,145.7,13876.9873
1620,1680,422.88,1951.8,141.7,13837.4014
1680,1740,423.44,1952.2,146.7,13795.4111
1740,1800,423.21,1952.7,147.4,13956.8477
1800,1860,424.25,1952.8,145.6,13878.6406
1860,1920,423.66,1952.9,147.6,13914.9463
1920,1980,423.41,1952.5,147.1,13580.0156
1980,2040,423.50,1952.8,145.8,13566.9893
2040,2100,423.23,1953.3,148.5,13544.6523
2100,2160,423.32,1953.6,154.1,13711.0811
2160,2220,424.37,1953.6,154.4,13444.1289
2220,2280,424.20,1953.7,147.5,12987.4727
2280,2340,423.15,1953.3,140.4,12733.5869
2340,2400,424.64,1953.3,163.2,12894.6904
2400,2460,424.27,1953.8,158.8,12868.7529
2460,2520,424.03,1953.7,152.9,12644.3955
2520,2580,424.41,1954.1,154.7,12817.6523
2580,2640,425.20,1954.3,196.7,13007.0723
2640,2700,424.84,1953.9,174.7,12773.6250
2700,2760,424.64,1953.5,157.6,12444.3633
2760,2820,424.80,1953.7,149.4,12154.3223
2820,2880,426.03,1954.4,151.7,12443.3770
2880,2940,426.16,1955.3,146.9,12428.5703
2940,3000,426.50,1955.9,147.9,12630.1484
3000,3060,425.58,1954.9,144.1,11954.9277
3060,3120,427.19,1955.4,183.5,12291.9375
3120,3180,428.76,1956.1,176.0,12523.4238
3180,3240,427.44,1955.8,166.8,12514.4043
3240,3300,429.19,1956.3,168.2,12875.5840
3300,3360,425.79,1954.6,179.8,12506.0088
3360,3420,427.08,1955.1,214.3,12737.6553
3420,3480,426.49,1955.0,181.4,12838.7969
3480,3540,426.40,1954.9,169.9,12919.3555
3540,3600,426.36,1954.6,162.1,12761.6475
3600,3660,424.51,1953.2,145.7,12612.7344
3660,3720,424.57,1953.4,145.9,12746.8955
3720,3780,424.98,1955.3,178.9,12911.5117
3780,3840,426.32,1957.6,287.4,13015.3594
3840,3900,428.05,1956.7,241.5,13316.5566
3900,3960,427.17,1955.3,177.2,13578.5557
3960,4020,425.97,1954.5,163.2,13458.5684
4020,4080,427.49,1954.9,165.3,13716.5615
4080,4140,426.52,1954.3,151.8,13827.6953
4140,4200,424.75,1953.6,145.2,13477.9102
4200,4260,425.42,1954.3,149.1,13747.0449
4260,4320,426.12,1954.0,150.1,13684.6104
4320,4380,426.93,1954.1,151.5,13850.8652
4380,4440,425.53,1953.5,150.6,13562.7178
4440,4500,425.99,1952.8,151.1,13399.9873
4500,4560,425.00,1952.7,157.6,13269.8018
4560,4620,425.89,1952.9,148.0,13705.4912
4620,4680,424.24,1951.9,145.9,13550.5488
4680,4740,426.83,1951.9,146.3,13805.8037
4740,4800,427.13,1953.1,158.2,13825.9580
4800,4860,429.87,1953.0,157.2,14157.2949
4860,4920,425.47,1952.8,148.0,14000.5518
4920,4980,425.83,1953.0,186.7,13834.9766
4980,5040,426.03,1953.0,173.0,13799.0820
5040,5100,424.76,1952.4,147.3,13687.0879
5100,5160,425.21,1952.7,149.6,13842.2139
5160,5220,424.24,1952.3,151.9,13663.1162
5220,5280,424.79,1953.2,155.1,13860.7754
5280,5340,423.43,1952.7,145.0,13534.9219
5340,5400,424.31,1953.2,150.5,13679.5889
5400,5460,424.95,1953.7,151.7,13981.7344
5460,5520,424.92,1953.6,150.3,13626.4727
5520,5580,424.90,1953.4,147.0,13557.7314
5580,5640,425.10,1954.0,179.5,13372.4922
5640,5700,425.56,1954.0,181.8,13457.3467
5700,5760,424.83,1953.1,151.4,12969.1475
5760,5820,424.15,1952.8,146.1,12902.1494
5820,5880,424.40,1953.0,147.5,12851.7744
5880,5940,425.00,1953.0,146.1,12902.3486
5940,6000,424.81,1954.9,171.0,12823.6162
6000,6060,424.75,1953.5,160.5,12803.6875
6060,6120,423.98,1952.7,162.6,12772.5400
6120,6180,423.65,1952.0,169.2,12618.4639
6180,6240,424.38,1952.5,185.3,12726.4961
6240,6300,424.25,1951.9,164.2,12637.0654
6300,6360,425.18,1952.2,148.4,12834.4355
6360,6420,424.27,1952.5,145.1,12786.3340
6420,6480,425.18,1952.7,145.9,13070.3887
6480,6540,425.00,1953.3,148.4,13017.8477
6540,6600,424.54,1952.8,147.4,12968.9756
6600,6660,425.12,1953.3,146.3,13263.7012
6660,6720,423.87,1952.9,144.9,13279.7617
6720,6780,424.71,1953.3,146.7,13341.5713
6780,6840,424.07,1953.3,147.2,13308.4512
6840,6900,425.46,1953.9,150.5,13514.7881
6900,6960,424.76,1953.8,148.6,13592.0879
6960,7020,425.73,1954.2,159.8,13790.7432
7020,7080,425.49,1954.3,157.3,13796.4414
7080,7140,424.90,1954.0,151.2,13435.6465
7140,7200,425.62,1954.2,154.8,13566.8818
7200,7260,426.05,1954.4,155.4,13683.6387
7260,7320,425.92,1954.9,153.8,13669.7773
7320,7380,425.19,1955.0,155.5,13407.5537
7380,7440,425.12,1955.8,159.9,13338.6260
7440,7500,424.97,1956.9,163.2,13427.3877
7500,7560,425.00,1956.4,151.7,13302.6768
7560,7620,425.66,1956.9,155.9,13387.3086
7620,7680,425.44,1956.6,156.8,13452.1992
7680,7740,424.80,1956.6,152.0,13438.8164
7740,7800,424.86,1955.8,153.8,13304.9844
7800,7860,424.83,1955.1,156.6,13129.0850
7860,7920,424.63,1954.6,155.1,13087.1758
7920,7980,424.83,1954.6,156.0,13029.1123
7980,8040,425.26,1954.9,157.3,13134.1660
8040,8100,425.02,1954.9,153.0,13098.5645
8100,8160,425.29,1954.9,153.4,13061.9141
8160,8220,425.71,1954.7,153.8,12968.6836
8220,8280,425.29,1954.7,160.1,12839.1572
8280,8340,426.65,1955.2,166.9,12968.5225
8340,8400,428.53,1955.5,169.3,13129.4482
8400,8460,426.47,1955.8,164.1,12985.0547
8460,8520,427.34,1955.8,157.3,12914.8975
8520,8580,427.45,1955.5,159.3,12991.5479
8580,8640,425.70,1955.4,158.2,12798.6396
8640,8700,426.31,1955.6,164.3,12837.6250
8700,8760,426.81,1956.3,162.2,12876.7471
8760,8820,426.24,1956.5,158.5,12795.1797
8820,8880,427.32,1956.8,163.8,12840.2295
8880,8940,427.52,1956.5,162.9,12757.8350
8940,9000,427.81,1956.4,160.4,12761.7012
9000,9060,427.62,1956.5,160.5,12725.0166
9060,9120,427.07,1956.9,175.6,12589.6533
9120,9180,428.77,1958.0,193.7,12696.3457
9180,9240,427.92,1957.2,168.9,12604.4961
9240,9300,428.35,1957.0,185.4,12595.1543
9300,9360,427.17,1956.6,200.4,12486.1729
9360,9420,426.59,1956.0,177.3,12376.9658
9420,9480,427.51,1956.4,174.8,12438.8721
9480,9540,429.11,1956.7,159.1,12459.6768
9540,9600,429.66,1956.9,156.7,12409.7822
9600,9660,427.46,1956.9,161.4,12222.7549
9660,9720,426.87,1957.2,164.4,12063.4512
9720,9780,426.68,1956.6,157.7,11970.8252
9780,9840,427.03,1956.8,159.7,11886.7988
9840,9900,428.33,1956.8,160.8,11964.0088
9900,9960,426.81,1956.1,149.3,11873.8125
9960,10020,426.67,1955.7,148.5,11844.5654
10020,10080,427.02,1955.3,149.6,11832.3672
10080,10140,427.16,1955.3,146.6,11860.7041
10140,10200,427.36,1955.4,145.3,11806.7285
10200,10260,426.03,1954.7,144.8,11677.2725
10260,10320,425.91,1954.2,150.0,11564.6367
10320,10380,427.04,1955.0,155.2,11595.4307
10380,10440,428.67,1955.5,157.7,11721.3301
10440,10500,428.09,1955.7,157.0,11566.4893
10500,10560,427.22,1955.4,147.1,11492.4463
10560,10620,427.76,1955.6,153.0,11481.9482
10620,10680,428.10,1955.7,151.7,11498.1904
10680,10740,426.67,1956.6,146.5,11415.2998
10740,10800,426.24,1956.8,144.7,11442.7832
10800,10860,426.61,1957.7,141.8,11559.6201
10860,10920,427.83,1957.1,142.9,11589.8008
10920,10980,426.51,1958.4,140.8,11581.3877
10980,11040,427.34,1957.8,150.1,11663.6211
11040,11100,427.28,1957.1,147.3,11639.1963
11100,11160,427.12,1956.8,148.0,11638.3955
11160,11220,427.25,1956.8,141.9,11670.0000
11220,11280,427.82,1957.8,180.5,11647.3779
11280,11340,428.40,1958.0,173.9,11597.7979
11340,11400,427.63,1957.1,147.7,11492.7324
11400,11460,428.07,1956.9,148.2,11502.6777
11460,11520,428.08,1957.5,147.9,11469.8730
11520,11580,427.49,1956.4,147.5,11330.4375
11580,11640,428.17,1956.7,153.9,11378.8281
11640,11700,428.25,1956.8,147.0,11380.3174
11700,11760,427.88,1955.5,144.2,11303.1270
11760,11820,428.15,1955.9,142.8,11342.0928
11820,11880,427.28,1955.3,148.1,11260.2529
11880,11940,427.64,1955.9,147.6,11264.8184
11940,12000,427.79,1955.8,144.3,11217.5313
12000,12060,427.43,1955.2,142.9,11164.4365
12060,12120,427.59,1955.7,143.1,11162.5059
12120,12180,427.57,1955.3,145.6,11148.6768
12180,12240,427.63,1955.1,141.8,11127.9795
12240,12300,427.54,1955.4,146.1,11109.6318
12300,12360,427.21,1955.3,141.6,11082.9219
12360,12420,427.92,1955.2,146.5,11066.5059
12420,12480,428.27,1955.9,145.2,11083.0361
12480,12540,427.37,1955.6,146.3,11016.6855
12540,12600,427.48,1955.4,144.7,11033.7441
12600,12660,428.31,1955.7,146.6,11033.9219
12660,12720,428.78,1955.9,149.3,11088.8027
12720,12780,428.69,1955.7,146.6,11113.3574
12780,12840,428.72,1955.6,148.5,11096.7490
12840,12900,428.77,1956.1,146.7,11062.7314
12900,12960,429.12,1956.0,146.2,11041.4111
12960,13020,427.73,1955.4,141.0,10891.9219
13020,13080,428.35,1955.5,149.9,10891.7441
13080,13140,427.83,1955.5,155.4,10805.6182
13140,13200,428.12,1955.5,149.9,10795.3662
13200,13260,428.18,1955.7,145.3,10828.1396
13260,13320,430.23,1956.2,147.9,10967.3672
13320,13380,429.37,1956.4,146.4,10895.0537
13380,13440,429.57,1956.4,168.3,10860.6094
13440,13500,429.69,1957.0,185.0,10803.5195
13500,13560,428.56,1956.6,144.1,10778.7158
13560,13620,428.32,1956.3,142.8,10758.4766
13620,13680,429.07,1956.4,144.3,10827.1270
13680,13740,429.03,1956.1,146.4,10756.1230
13740,13800,428.77,1955.6,147.2,10775.8115
13800,13860,429.65,1955.7,149.8,10825.1094
13860,13920,429.77,1956.1,147.0,10845.3818
13920,13980,430.12,1957.2,148.5,10874.2910
13980,14040,429.10,1957.0,144.7,10757.1240
14040,14100,429.52,1957.3,150.3,10798.2637
14100,14160,429.90,1957.3,151.9,10799.9590
14160,14220,429.44,1957.3,146.6,10763.8906
14220,14280,429.66,1957.5,149.2,10776.2051
14280,14340,430.97,1957.1,149.7,10908.9258
14340,14400,429.64,1956.8,157.4,10806.2178
14400,14460,430.25,1957.4,179.9,10811.5215
14460,14520,429.80,1956.8,156.9,10836.8096
14520,14580,429.62,1957.5,149.4,10831.9395
14580,14640,429.94,1958.1,150.4,10856.1162
14640,14700,430.10,1958.1,167.9,10895.6064
14700,14760,430.25,1958.1,153.3,10928.7207
14760,14820,430.24,1957.9,149.7,10925.4375
14820,14880,430.99,1958.5,153.8,11025.5107
14880,14940,430.09,1958.2,151.6,10985.2422
14940,15000,430.37,1958.6,167.5,10978.4053
15000,15060,430.27,1958.8,150.0,11022.8623
15060,15120,430.12,1958.7,150.1,11034.0205
15120,15180,429.93,1958.8,148.2,11039.4678
15180,15240,431.90,1959.2,160.6,11105.6865
15240,15300,431.13,1959.7,151.6,11116.5547
15300,15360,430.82,1959.6,181.3,11076.2227
15360,15420,430.98,1960.0,156.2,11092.1182
15420,15480,429.68,1959.8,151.4,11031.7832
15480,15540,431.02,1960.1,167.2,11074.2852
15540,15600,430.69,1960.3,158.7,11097.9824
15600,15660,429.25,1960.0,151.7,10996.8574
15660,15720,429.61,1959.6,153.5,11006.8115
15720,15780,429.23,1959.6,156.3,11003.6074
15780,15840,428.90,1959.1,150.2,11003.8037
15840,15900,429.65,1959.2,146.8,11081.6152
15900,15960,429.29,1958.8,148.8,11092.0244
15960,16020,429.27,1958.5,146.5,11122.7773
16020,16080,429.20,1958.3,145.5,11118.3008
16080,16140,429.51,1958.6,144.3,11197.2969
16140,16200,429.35,1958.5,148.0,11157.3896
16200,16260,429.04,1958.3,159.4,11138.9209
16260,16320,429.14,1957.9,147.5,11153.4912
16320,16380,428.44,1957.8,145.4,11110.2363
16380,16440,429.10,1958.0,161.8,11169.8047
16440,16500,429.56,1958.1,155.5,11219.7852
16500,16560,429.20,1958.2,146.4,11206.9189
16560,16620,429.38,1958.3,147.4,11224.1719
16620,16680,429.71,1958.5,151.8,11239.9883
16680,16740,430.48,1958.7,150.5,11326.7930
16740,16800,429.47,1958.8,150.3,11221.6328
16800,16860,430.03,1959.0,152.2,11244.2090
16860,16920,428.82,1958.8,143.4,11202.3369
16920,16980,429.84,1959.0,144.7,11217.2539
16980,17040,429.40,1959.0,147.2,11187.9502
17040,17100,430.06,1959.5,158.3,11240.2822
17100,17160,429.98,1959.5,147.7,11241.4658
17160,17220,429.56,1959.3,155.2,11212.1191
17220,17280,429.73,1959.9,181.2,11217.2725
17280,17340,429.15,1959.5,146.9,11175.7930
17340,17400,429.07,1959.3,145.1,11173.8613
17400,17460,429.19,1959.3,144.4,11182.6553
17460,17520,428.75,1959.0,145.5,11117.6826
17520,17580,429.11,1959.2,147.8,11162.8008
17580,17640,429.57,1959.3,151.3,11152.5225
17640,17700,429.20,1959.4,146.3,11142.9375
17700,17760,429.52,1959.5,145.7,11138.9072
17760,17820,429.43,1959.5,146.2,11108.9541
17820,17880,429.37,1959.3,144.2,11099.7725
17880,17940,430.08,1959.6,144.3,11180.0605
17940,18000,429.40,1959.3,150.2,11093.7529
18000,18060,429.02,1959.6,146.0,11083.9199
18060,18120,428.82,1959.2,142.5,11097.3438
18120,18180,428.92,1959.3,146.7,11066.0684
18180,18240,429.17,1958.9,144.2,11091.4395
18240,18300,430.05,1959.4,149.6,11094.2373
18300,18360,429.02,1959.5,146.1,11034.5283
18360,18420,428.73,1959.7,144.2,11049.9854
18420,18480,429.31,1959.8,146.3,11063.9961
18480,18540,429.19,1959.9,144.8,11098.9766
18540,18600,429.81,1960.1,142.8,11175.4023
18600,18660,430.50,1960.6,161.9,11109.7393
18660,18720,429.73,1960.3,147.5,11097.1699
18720,18780,429.25,1960.3,144.5,10996.9912
18780,18840,429.52,1960.4,148.7,10990.5088
18840,18900,429.69,1960.8,148.0,11004.6055
18900,18960,429.83,1960.9,144.4,10982.6709
18960,19020,428.86,1960.7,145.1,10894.6719
19020,19080,428.56,1960.5,142.7,10870.7363
19080,19140,429.09,1960.6,141.6,10907.8154
19140,19200,429.31,1960.5,141.9,10975.6953
19200,19260,429.17,1961.1,143.5,10908.0225
19260,19320,430.04,1960.9,143.7,10967.5986
19320,19380,429.92,1960.7,144.1,11023.7070
19380,19440,429.41,1961.1,143.5,10923.2607
19440,19500,430.29,1961.4,144.3,10978.2305
19500,19560,431.17,1961.3,148.8,10988.1396
19560,19620,430.15,1961.2,148.5,10958.5381
19620,19680,429.19,1960.9,143.7,10891.0684
19680,19740,429.40,1960.9,174.8,10919.9717
19740,19800,429.92,1961.1,179.7,10941.7432
19800,19860,430.31,1961.3,145.2,10999.7432
19860,19920,430.62,1962.0,148.2,10976.2148
19920,19980,430.69,1961.9,147.4,11000.7178
19980,20040,430.54,1961.6,143.9,10930.9395
20040,20100,431.95,1962.1,150.0,11046.4111
20100,20160,431.55,1961.9,151.0,11011.0830
20160,20220,430.96,1962.3,144.8,11035.5527
20220,20280,431.32,1962.9,151.2,10926.2598
20280,20340,429.27,1961.5,142.1,10903.2539
20340,20400,430.30,1961.2,152.4,10933.9688
20400,20460,428.17,1960.0,143.9,10814.9961
20460,20520,429.42,1960.3,156.0,10798.2607
20520,20580,429.06,1961.1,143.9,10817.3965
20580,20640,428.29,1960.1,144.9,10698.4873
20640,20700,427.40,1959.3,142.6,10549.0059
20700,20760,428.31,1961.3,273.9,10662.0469
20760,20820,428.65,1962.3,298.2,10661.4990
20820,20880,427.02,1958.8,141.9,10385.7539
20880,20940,427.78,1959.3,139.5,10536.6992
20940,21000,426.97,1959.3,140.4,10462.0283
21000,21060,428.30,1959.9,141.8,10574.1523
21060,21120,428.53,1960.8,142.3,10733.3271
21120,21180,427.68,1960.5,142.2,10621.5605
21180,21240,428.27,1960.9,141.9,10651.9258
21240,21300,430.36,1961.3,157.7,10761.1943
21300,21360,431.85,1961.7,166.3,10855.1836
21360,21420,431.14,1962.1,154.0,10823.1758
21420,21480,429.94,1961.8,148.7,10759.3340
21480,21540,431.15,1962.1,154.1,10845.0957
21540,21600,430.13,1962.2,150.8,10817.1484
21600,21660,431.47,1962.6,155.7,10938.8193
21660,21720,430.44,1963.0,152.8,10881.0635
21720,21780,432.57,1964.2,157.0,10980.0664
21780,21840,431.05,1962.6,153.8,10906.4746
21840,21900,430.10,1962.7,154.9,10877.7754
21900,21960,429.56,1962.2,144.4,10814.3301
21960,22020,430.93,1962.5,145.9,10858.7891
22020,22080,434.72,1963.3,149.0,11001.6367
22080,22140,433.26,1962.9,150.2,10968.1426
22140,22200,432.82,1963.6,147.3,10903.7871
22200,22260,434.40,1964.0,156.0,10911.2656
22260,22320,431.74,1963.6,150.1,10897.3984
22320,22380,430.18,1963.9,145.1,10849.9785
22380,22440,430.59,1963.2,149.1,10845.5068
22440,22500,432.66,1963.1,151.5,10880.0361
22500,22560,432.32,1962.5,150.1,10902.2959
22560,22620,432.10,1963.2,150.0,10902.8193
22620,22680,432.01,1962.8,152.8,10940.0332
22680,22740,432.18,1963.1,147.3,10987.0986
22740,22800,434.97,1964.8,150.0,11164.1816
