CampaignData_and_Merges/R0/CSL_MobileLab_Parked/raw/20240721/USOS-POPS_MobileLabGround_20240721_R0.ict
78, 1001
Thornberry, T. D.
NOAA Chemical Sciences Laboratory
Portable Optical Particle Spectrometer (POPS)
USOS
1, 1
2024, 07, 21, 2025, 05, 08
60
Time_Start, seconds_past_midnight, Start time of measurement
45
1, 1, 1, 1, 1, 1, 1, 1, 1, 1, 1, 1, 1, 1, 1, 1, 1, 1, 1, 1, 1, 1, 1, 1, 1, 1, 1, 1, 1, 1, 1, 1, 1, 1, 1, 1, 1, 1, 1, 1, 1, 1, 1, 1, 1
-9999, -9999, -9999, -9999, -9999, -9999, -9999, -9999, -9999, -9999, -9999, -9999, -9999, -9999, -9999, -9999, -9999, -9999, -9999, -9999, -9999, -9999, -9999, -9999, -9999, -9999, -9999, -9999, -9999, -9999, -9999, -9999, -9999, -9999, -9999, -9999, -9999, -9999, -9999, -9999, -9999, -9999, -9999, -9999, -9999
Time_Stop, seconds_past_midnight, Stop time of measurement
Time_Mid, seconds_past_midnight, Mid time of measurement
Press_mb, mb, Pressure reported (mb)
Temp_C, degrees C, POPS temperature measurement
Aerosol_concentration, cm^-3, Aerosol concentration
Surface_Area_Conc, um^2 cm^-3, Surface area concentration
Volume_density, um^3 cm^-3, Volume density
Effective_radius, um, Effective radius
Extinction, km^-1, Extinction
Bin01, cm^-3, particle concentration in size range [1401 - 146.3 nm]
Bin02, cm^-3, particle concentration in size range [146.3 - 152.8 nm]
Bin03, cm^-3, particle concentration in size range [152.8 - 159.6 nm]
Bin04, cm^-3, particle concentration in size range [159.6 - 166.8 nm]
Bin05, cm^-3, particle concentration in size range [166.8 - 174.2 nm]
Bin06, cm^-3, particle concentration in size range [174.2 - 181.9 nm]
Bin07, cm^-3, particle concentration in size range [181.9 - 190.0 nm]
Bin08, cm^-3, particle concentration in size range [190.0 - 198.5 nm]
Bin09, cm^-3, particle concentration in size range [198.5 - 207.4 nm]
Bin10, cm^-3, particle concentration in size range [207.4 - 216.6 nm]
Bin11, cm^-3, particle concentration in size range [216.6 - 226.2 nm]
Bin12, cm^-3, particle concentration in size range [226.2 - 236.3 nm]
Bin13, cm^-3, particle concentration in size range [236.3 - 246.8 nm]
Bin14, cm^-3, particle concentration in size range [246.8 - 257.8 nm]
Bin15, cm^-3, particle concentration in size range [257.8 - 269.3 nm]
Bin16, cm^-3, particle concentration in size range [269.3 - 343.4 nm]
Bin17, cm^-3, particle concentration in size range [343.4 - 450.7 nm]
Bin18, cm^-3, particle concentration in size range [450.7 - 525.9 nm]
Bin19, cm^-3, particle concentration in size range [525.9 - 618.5 nm]
Bin20, cm^-3, particle concentration in size range [618.5 - 710.0 nm]
Bin21, cm^-3, particle concentration in size range [710.0 - 822.7 nm]
Bin22, cm^-3, particle concentration in size range [822.7 - 885.9 nm]
Bin23, cm^-3, particle concentration in size range [885.9 - 953.9 nm]
Bin24, cm^-3, particle concentration in size range [953.9 - 1027.2 nm]
Bin25, cm^-3, particle concentration in size range [1027.2 - 1106.1 nm]
Bin26, cm^-3, particle concentration in size range [1106.1 - 1191.0 nm]
Bin27, cm^-3, particle concentration in size range [1191.0 - 1282.5 nm]
Bin28, cm^-3, particle concentration in size range [1282.5 - 1381.0 nm]
Bin29, cm^-3, particle concentration in size range [1381.0 - 1487.1 nm]
Bin30, cm^-3, particle concentration in size range [1487.1 - 1601.3 nm]
Bin31, cm^-3, particle concentration in size range [1601.3 - 1724.3 nm]
[...]
PLATFORM: NOAA CSL Mobile Lab
LOCATION: USOS
ASSOCIATED_DATA: N/A
INSTRUMENT_INFO: Printed Optical Particle Spectrometer counts particles from 140 - 2500 nm in diameter 
DATA_INFO: Particle concentrations reported in number per cubic centimeter,1 Hz data
UNCERTAINTY: Counting uncertainty dominated by air flow, less than 5 percent. Measurement range is ~0 - 3000 per cm3 (varies depending on flow rate- manufacturer quotes 1250 per cm3 at 1.667 cc/s)
ULOD_FLAG: -7777
ULOD_VALUE: N/A
LLOD_FLAG: -8888
LLOD_VALUE: N/A
DM_CONTACT_INFO: Troy Thornberry, 325 Broadway R/CSL6, Boulder, CO 80305; troy.thornberry@noaa.gov; 303-497-3373
PROJECT_INFO: USOS, Utah POPS data from NOAA CSL Mobile Lab
STIPULATIONS_ON_USE: Please contact the PIs for questions regarding applications and uncertainties
OTHER_COMMENTS: POPS bin Edges (nm):  140.1, 146.3, 152.8, 159.6, 166.8, 174.2, 181.9, 190.0, 198.5, 207.4, 216.6, 226.2, 236.3, 246.8, 257.8, 269.3, 343.4, 450.7, 525.9, 618.5, 710.0, 822.7, 885.9, 953.9, 1027.2, 1106.1, 1191.0, 1282.5, 1381.0, 1487.1, 1601.3, 1724.3, 1856.7, 1999.3, 2152.8, 2318.2, 2496.2
Calculations assume organic aerosol refractive index of 1.52+0.00j and extinction wavelength = 532 nm
REVISION: R0
R0: Final data
Time_Start, Time_Stop, Time_Mid, Press_mb, Temp_C, Aerosol_concentration, Surface_Area_Conc, Volume_density, Effective_radius, Extinction, Bin01, Bin02, Bin03, Bin04, Bin05, Bin06, Bin07, Bin08, Bin09, Bin10, Bin11, Bin12, Bin13, Bin14, Bin15, Bin16, Bin17, Bin18, Bin19, Bin20, Bin21, Bin22, Bin23, Bin24, Bin25, Bin26, Bin27, Bin28, Bin29, Bin30, Bin31, Bin32, Bin33, Bin34, Bin35, Bin36
[from data line 788]
47280,47339,47310,874.898,33.726,459.593,90.532,5.236,0.172,0.030,21.643867,21.536085,22.255943,22.869606,23.783407,23.182966,22.922951,22.878416,23.271931,22.749815,23.144579,24.204815,24.114172,23.934183,20.755301,82.885628,25.535662,5.335645,1.642481,0.241925,0.202650,0.067977,0.062394,0.038723,0.039650,0.050462,0.022538,0.028049,0.033716,0.010999,0.022911,0.039499,0.016914,0.022415,0.011434,0.033494
47340,47399,47370,874.853,33.774,466.159,92.427,5.408,0.174,0.031,22.052919,22.032051,22.476419,22.392239,23.296392,23.959723,23.684988,22.693766,23.575048,23.241312,23.042055,24.591789,24.761673,23.956329,21.746059,84.047752,26.677509,5.460028,1.492413,0.247868,0.186897,0.100554,0.067392,0.062631,0.005906,0.011455,0.028774,0.016989,0.052019,0.022472,0.045413,0.022639,0.022445,0.023015,0.022522,0.039834
47400,47459,47430,874.883,33.850,463.269,90.867,5.047,0.166,0.031,21.995535,21.586914,22.120173,22.690081,23.738197,23.982800,23.253096,23.880913,23.402903,22.864559,23.032917,24.804178,24.551916,23.442568,21.489996,82.383400,25.823954,5.740239,1.506723,0.290311,0.216738,0.099390,0.046699,0.046392,0.011356,0.052279,0.023594,0.017168,0.005752,0.023377,0.063073,0.011877,0.029561,0.011411,0.011510,0.017395
47460,47519,47490,874.883,33.941,460.451,90.530,5.092,0.168,0.030,21.892416,22.006115,22.132381,22.328743,22.749928,23.499229,23.325979,23.676916,22.636513,23.385210,22.929789,24.034872,24.281178,23.795269,21.321325,82.443848,25.865311,5.601271,1.514666,0.311062,0.230452,0.115826,0.068780,0.063687,0.028238,0.011418,0.011382,0.023016,0.028791,0.028728,0.023051,0.022697,0.011673,0.000000,0.011791,0.039810
47520,47579,47550,874.891,33.861,463.659,91.314,5.084,0.166,0.031,21.716497,22.374823,22.183788,22.742380,23.188015,23.630960,22.900486,23.213049,22.999355,22.633116,23.672831,24.205770,24.460928,24.467859,20.910482,83.794380,26.403952,5.455244,1.822816,0.228665,0.151412,0.112569,0.066277,0.044458,0.050120,0.011007,0.027864,0.033840,0.016875,0.017104,0.043963,0.016705,0.022392,0.005482,0.000000,0.033798
47580,47639,47610,874.876,33.788,458.819,89.368,4.726,0.158,0.030,21.529993,21.359789,21.857727,22.497053,23.242908,22.386473,23.078491,23.131104,23.263737,23.187052,22.572891,23.888132,24.227196,23.892818,21.570930,83.065392,26.586935,5.151321,1.570665,0.260396,0.158617,0.067513,0.056736,0.039696,0.028500,0.034029,0.000000,0.011380,0.016842,0.000000,0.039377,0.011491,0.011356,0.000000,0.005450,0.016956
47640,47699,47670,874.886,33.801,458.682,89.471,4.862,0.162,0.030,21.717327,21.565166,21.922993,23.239704,23.276522,23.695604,22.642622,22.734262,22.392950,22.766211,22.423355,23.833950,24.619478,24.375189,21.170546,83.136559,25.375397,5.466636,1.530102,0.200395,0.208965,0.067110,0.078855,0.033698,0.011282,0.011078,0.021910,0.011453,0.033464,0.022156,0.022347,0.016748,0.022961,0.005432,0.018191,0.011013
47700,47759,47730,874.902,33.838,464.674,90.923,5.151,0.169,0.030,21.918505,22.227160,22.555866,23.346550,23.673475,24.338284,23.542070,23.796297,22.571777,22.782587,22.601713,23.598017,24.931974,23.945547,21.362627,84.566650,25.427885,5.032608,1.574185,0.214037,0.158162,0.087485,0.070856,0.040082,0.023068,0.040496,0.029115,0.023455,0.029697,0.017907,0.029276,0.022920,0.035236,0.023360,0.011798,0.023573
47760,47819,47790,874.911,33.904,463.196,90.630,4.956,0.163,0.030,22.389639,22.067492,21.444118,23.412634,23.547340,23.562599,23.176060,23.495659,22.719618,22.888966,22.865225,24.359055,24.340939,24.107845,21.568108,82.978218,26.175997,5.493714,1.763113,0.202007,0.200793,0.081416,0.069959,0.046236,0.023431,0.035092,0.035251,0.034858,0.011594,0.005728,0.016874,0.017288,0.005884,0.017823,0.023680,0.011850
47820,47879,47850,874.939,33.818,463.460,90.436,4.902,0.162,0.030,21.765984,22.505083,21.991531,22.695148,22.968716,23.139635,23.616932,23.301901,23.486464,22.837908,23.397404,24.278715,25.065758,24.414534,21.767019,82.639542,25.868599,5.168417,1.744373,0.213739,0.114551,0.086621,0.092383,0.052021,0.040771,0.011572,0.033915,0.034786,0.011479,0.011343,0.051626,0.000000,0.005562,0.005766,0.011271,0.028799
47880,47939,47910,874.940,33.751,458.297,89.435,4.940,0.165,0.030,21.406502,21.062035,22.998390,23.337744,22.583872,23.080343,22.794168,23.407639,22.690237,23.419167,22.264574,23.775061,24.620533,24.340858,20.770847,82.819603,25.273001,5.162743,1.614959,0.311324,0.151849,0.107013,0.044819,0.028296,0.022453,0.033267,0.017067,0.011015,0.005707,0.034165,0.034023,0.022343,0.000000,0.011376,0.005650,0.033922
47940,47999,47970,874.900,33.796,456.537,89.983,5.080,0.168,0.030,21.539038,21.416304,22.307402,22.132154,23.089025,23.073668,23.174477,23.097946,22.855776,22.301418,22.343330,23.836634,24.513159,23.300964,21.554193,82.452087,25.652166,5.211753,1.699803,0.296642,0.152231,0.110636,0.105269,0.035024,0.029072,0.017727,0.023508,0.017586,0.017508,0.034904,0.046519,0.023639,0.040420,0.005696,0.011444,0.017371
48000,48059,48030,874.911,33.803,460.236,91.016,5.123,0.168,0.031,21.800468,21.726517,21.564587,22.908688,23.230112,23.225027,23.562071,23.223566,23.257275,22.430973,23.134609,23.675722,24.358145,23.737625,21.268518,82.935608,25.991903,5.629078,1.534969,0.261124,0.149024,0.134655,0.077168,0.072406,0.027851,0.067083,0.016575,0.044604,0.038751,0.022660,0.049667,0.005669,0.022444,0.017045,0.011109,0.022755
48060,48119,48090,874.942,33.857,462.339,91.305,5.189,0.170,0.031,22.058668,21.656973,21.679491,23.209534,23.034678,23.784065,22.722736,23.156460,22.630844,23.207321,23.826624,24.563902,24.010178,23.608030,21.052891,83.735435,26.305094,5.418270,1.768145,0.196925,0.227253,0.101804,0.034095,0.038987,0.028513,0.050415,0.028129,0.011243,0.017127,0.016600,0.040311,0.027855,0.039275,0.027996,0.005926,0.017128
48120,48179,48150,874.916,33.846,462.294,90.803,5.134,0.169,0.030,22.440104,21.002935,22.181725,22.965578,23.396618,23.760401,23.978252,23.308634,22.788485,23.368698,22.737820,23.837702,24.401463,24.331217,21.072821,83.073555,26.073853,5.098391,1.558901,0.188423,0.216307,0.100175,0.048859,0.050017,0.039586,0.027148,0.038998,0.011119,0.021724,0.039190,0.034111,0.011534,0.027485,0.005787,0.033536,0.022559
48180,48239,48210,874.933,33.798,457.001,89.519,4.976,0.166,0.030,22.031151,21.562828,21.531412,23.113529,23.749567,23.515089,22.492773,23.321735,22.785728,23.137625,22.240786,23.777044,23.923845,23.788366,20.925594,81.696823,25.161894,5.483659,1.723637,0.306654,0.229672,0.103648,0.086494,0.040343,0.046407,0.023182,0.028254,0.033869,0.005747,0.040226,0.017503,0.034724,0.011552,0.006092,0.005766,0.017836
48240,48299,48270,874.953,33.745,459.136,89.818,4.961,0.165,0.030,22.003035,21.241194,22.029865,23.135572,23.601976,23.530807,22.880920,23.468908,23.406031,22.458900,23.156008,24.368336,24.208141,23.346495,20.678152,81.926750,25.826101,5.393500,1.587384,0.279674,0.135450,0.106593,0.062563,0.045370,0.039493,0.016584,0.022089,0.022379,0.011715,0.028164,0.045211,0.005631,0.010935,0.016987,0.011114,0.028337
48300,48359,48330,874.938,33.766,465.481,90.596,4.870,0.160,0.030,21.816238,21.967148,22.358013,22.645483,24.221912,23.807211,23.501518,23.417862,23.743011,23.408520,22.751289,24.229021,24.749060,23.574812,22.144802,83.259872,26.014034,5.432110,1.544976,0.301834,0.189437,0.078237,0.061827,0.055796,0.039366,0.033706,0.010753,0.016539,0.005537,0.022026,0.016708,0.005631,0.011171,0.005631,0.016975,0.022525
48360,48419,48390,874.951,33.855,461.934,91.008,5.172,0.169,0.031,21.742199,21.630568,22.039677,22.836649,24.211458,23.782877,23.118225,23.779518,22.491440,23.258009,23.007742,24.101471,24.739655,23.815092,20.648272,82.633492,26.042696,5.349869,1.674715,0.235245,0.261919,0.107229,0.050067,0.044724,0.061814,0.017008,0.022224,0.022062,0.022366,0.033886,0.056242,0.027659,0.028110,0.000000,0.027769,0.011614
48420,48479,48450,874.972,33.848,458.197,89.164,4.709,0.158,0.030,21.313864,21.391594,21.886015,22.914600,23.632824,22.966419,23.909996,23.415600,22.918528,21.930340,22.109909,24.435392,24.351023,24.027365,21.104099,82.734642,25.503538,5.152737,1.577270,0.272020,0.205747,0.088894,0.082233,0.044222,0.033350,0.011224,0.016671,0.027758,0.044904,0.038888,0.022208,0.005807,0.016489,0.000000,0.011020,0.000000
48480,48539,48510,874.984,33.795,461.673,90.156,5.026,0.166,0.030,21.740641,22.527882,21.686537,22.452538,23.243626,24.529188,22.992939,23.036440,23.137842,22.734921,23.492510,23.912004,24.730450,23.788675,21.264364,83.316605,25.216311,5.200433,1.790138,0.237017,0.177919,0.086575,0.057299,0.045441,0.034542,0.028725,0.057430,0.016856,0.011494,0.011464,0.005653,0.045863,0.033616,0.017435,0.000000,0.011494
48540,48599,48570,874.989,33.738,458.758,90.947,5.331,0.174,0.031,21.712570,21.668734,21.900702,22.351433,23.200064,23.594978,22.630272,23.169544,22.635098,22.897552,22.734251,23.744110,24.016188,23.439045,21.432459,83.868263,25.809319,5.467196,1.542150,0.227775,0.150732,0.088698,0.105458,0.055451,0.016744,0.049706,0.022047,0.010949,0.039122,0.027509,0.027929,0.032748,0.011167,0.011207,0.011261,0.055714
48600,48659,48630,874.995,33.721,455.347,89.465,5.015,0.167,0.030,21.063723,21.566223,21.611029,23.303289,23.274302,23.015478,23.039812,23.470190,22.853127,22.429018,22.469915,23.805138,23.909813,23.708269,20.191467,82.121437,25.677105,5.255672,1.657254,0.261702,0.192809,0.154651,0.060188,0.011441,0.028292,0.017010,0.011111,0.011065,0.010840,0.027371,0.022125,0.011139,0.039447,0.032702,0.016529,0.016146
48660,48719,48690,875.020,33.819,461.361,90.477,5.061,0.167,0.030,21.201851,21.996098,22.180885,23.086298,23.556702,23.870510,23.096544,23.843904,22.644619,22.989611,23.356405,23.873314,24.978642,23.753101,21.148252,81.326622,26.511364,5.434164,1.601439,0.258969,0.164571,0.083621,0.087775,0.044047,0.027371,0.033842,0.038634,0.016807,0.016457,0.027797,0.022224,0.021978,0.016861,0.010865,0.005464,0.033475
48720,48779,48750,875.025,33.815,460.716,89.716,4.824,0.161,0.030,22.118465,22.286753,21.742756,23.151287,23.750853,22.809662,23.191656,23.423735,22.297834,22.453159,23.274843,24.147688,24.751078,23.391747,21.203119,82.662025,26.845646,4.994886,1.432293,0.198308,0.121580,0.134021,0.061035,0.016168,0.033231,0.039125,0.027876,0.016556,0.016616,0.049581,0.016896,0.005556,0.016837,0.005574,0.011188,0.016542
48780,48839,48810,875.021,33.781,463.134,90.383,4.979,0.164,0.030,21.207228,21.909496,22.181360,22.934494,23.998463,23.486048,23.750593,23.611176,23.176777,23.029411,23.364735,24.006124,24.835800,24.053591,21.359770,83.042778,25.298264,5.244174,1.679693,0.266812,0.204467,0.129217,0.062615,0.050875,0.040268,0.016680,0.038858,0.011420,0.017025,0.016912,0.023189,0.028324,0.017358,0.011339,0.022620,0.005539
48840,48899,48870,875.041,33.720,453.863,89.163,4.956,0.166,0.030,20.632595,21.542562,21.645882,22.375648,22.844658,23.427162,23.170145,22.870687,22.202118,21.968836,22.653267,24.637924,23.229019,23.283772,20.718479,83.303421,25.800293,5.256452,1.464458,0.266681,0.156210,0.074837,0.075199,0.035567,0.011526,0.023163,0.005967,0.023455,0.029145,0.011688,0.022883,0.011640,0.034759,0.011600,0.011877,0.029442
48900,48959,48930,875.054,33.695,452.093,88.134,4.893,0.166,0.029,21.034534,22.030321,22.115786,22.810617,23.168970,23.164257,22.941147,22.664003,21.782871,22.368279,22.457167,23.352364,24.078766,23.812910,20.800478,81.355385,24.465624,5.144532,1.672151,0.229086,0.184423,0.094736,0.067546,0.050206,0.028509,0.016691,0.033686,0.005521,0.011281,0.033672,0.028021,0.033082,0.016438,0.022831,0.005688,0.011116
48960,49019,48990,875.040,33.694,456.198,88.959,4.800,0.161,0.030,21.804804,21.492476,21.753666,22.939518,23.064678,23.343525,22.637821,22.703690,22.408030,22.874376,22.812710,24.092690,24.526537,23.808750,21.327209,81.126793,25.511967,5.475365,1.675261,0.239731,0.112682,0.104088,0.097884,0.046353,0.033938,0.011381,0.011459,0.045682,0.017538,0.011198,0.023022,0.017335,0.011178,0.017575,0.011673,0.005728
49020,49079,49050,875.049,33.566,457.970,89.444,4.894,0.163,0.030,21.368284,21.646078,22.134281,22.810406,23.761032,23.478958,22.888262,22.949697,22.328672,22.527645,22.601225,23.567837,24.410322,23.945396,20.990805,83.258842,25.816317,5.165679,1.485169,0.204715,0.182395,0.095575,0.048204,0.039244,0.038280,0.038239,0.027753,0.005160,0.021980,0.040173,0.022249,0.021664,0.016096,0.005501,0.016858,0.011343
49080,49139,49110,875.053,32.713,462.353,90.814,5.067,0.166,0.030,21.075499,21.550764,22.492579,22.977118,23.497658,23.828470,23.242380,23.174833,23.340349,22.474327,22.727182,23.771233,23.783646,24.544792,21.374704,84.741409,25.924297,5.435559,1.545493,0.252511,0.189718,0.057494,0.057760,0.051400,0.028952,0.017397,0.017398,0.016764,0.005709,0.017342,0.046059,0.017267,0.011977,0.023184,0.011501,0.028537
49140,49199,49170,875.044,32.427,457.435,89.344,4.899,0.164,0.030,21.202679,21.952131,21.740639,22.467682,23.486511,23.430241,22.674889,23.135159,22.549078,22.583090,22.700560,24.068344,24.133923,24.180639,20.917707,83.132904,25.254349,5.337400,1.646073,0.260977,0.153036,0.049446,0.061800,0.043653,0.045152,0.039191,0.028031,0.027546,0.005537,0.028115,0.022187,0.038170,0.022298,0.005342,0.000000,0.010650
49200,49259,49230,875.027,32.272,461.360,90.274,4.939,0.163,0.030,22.073011,22.025908,21.857027,22.548840,23.609560,23.196062,22.689890,23.795923,22.304792,22.879026,23.249624,24.649332,24.524096,23.246008,22.053188,82.898918,25.869520,5.463856,1.512231,0.233575,0.212453,0.099911,0.072069,0.038672,0.050550,0.055283,0.005612,0.022501,0.011172,0.011137,0.016990,0.011242,0.022374,0.016891,0.016741,0.016396
49260,49319,49290,875.008,32.128,463.186,91.128,5.139,0.168,0.031,21.255329,21.914585,22.107210,23.213236,23.045906,23.142954,23.214745,23.888203,22.887136,22.599710,23.445196,24.549263,24.383659,24.516726,21.963558,82.906662,26.174492,5.315400,1.712496,0.277931,0.177887,0.114721,0.034323,0.028502,0.050748,0.029114,0.040512,0.017441,0.035009,0.017555,0.029090,0.039455,0.011165,0.017577,0.017127,0.011749
49320,49379,49350,875.026,32.098,462.103,90.387,4.908,0.162,0.030,21.561401,21.900175,22.316849,22.872849,23.145452,23.463770,23.177055,23.912544,23.176308,22.756395,23.374458,23.879362,23.864435,24.312452,21.080601,83.612267,25.683861,5.535748,1.605906,0.193831,0.206783,0.116129,0.049638,0.055515,0.056321,0.005688,0.022789,0.027144,0.011248,0.038917,0.027499,0.005342,0.010582,0.010845,0.016478,0.016597
49380,49439,49410,875.055,31.919,469.557,92.522,5.209,0.168,0.031,22.501062,23.219805,23.056175,23.124237,23.856222,23.783997,23.682158,23.288460,22.897621,22.894732,23.589556,24.232622,24.347147,23.840059,21.142857,85.455383,26.250784,5.823044,1.592883,0.278811,0.162273,0.094425,0.067029,0.050377,0.040812,0.039142,0.011344,0.038675,0.016307,0.011651,0.083196,0.011724,0.017027,0.027594,0.005447,0.022246
49440,49499,49470,875.021,31.708,460.514,90.456,5.049,0.166,0.030,22.044531,22.085300,22.360855,23.247404,23.326504,23.585838,23.239996,23.473179,22.211868,22.477209,22.632162,23.873919,24.390408,23.975227,20.826797,82.969269,25.931381,5.244077,1.682623,0.216125,0.215510,0.101104,0.027628,0.085426,0.022516,0.033793,0.010901,0.035030,0.056317,0.021987,0.022845,0.005398,0.028112,0.016874,0.005650,0.030312
49500,49559,49530,875.025,31.569,462.095,91.423,5.215,0.170,0.031,21.868246,21.601807,21.955420,22.289812,23.649261,23.908655,23.201273,23.042698,22.866304,22.402042,23.097097,24.682251,23.741068,23.300642,21.790178,84.747490,25.763336,5.490377,1.746820,0.234578,0.200117,0.109186,0.057284,0.067461,0.044711,0.011368,0.022972,0.005824,0.027986,0.022316,0.028933,0.016987,0.039112,0.005485,0.028222,0.027512
