CampaignData_and_Merges/R0/CSL_MobileLab_Parked/raw/20240721/USOS-POPS_MobileLabGround_20240721_R0.ict
78, 1001
Thornberry, T. D.
NOAA Chemical Sciences Laboratory
Portable Optical Particle Spectrometer (POPS)
USOS
1, 1
2024, 07, 21, 2025, 05, 08
60
Time_Start, seconds_past_midnight, Start time of measurement
45
1, 1, 1, 1, 1, 1, 1, 1, 1, 1, 1, 1, 1, 1, 1, 1, 1, 1, 1, 1, 1, 1, 1, 1, 1, 1, 1, 1, 1, 1, 1, 1, 1, 1, 1, 1, 1, 1, 1, 1, 1, 1, 1, 1, 1
-9999, -9999, -9999, -9999, -9999, -9999, -9999, -9999, -9999, -9999, -9999, -9999, -9999, -9999, -9999, -9999, -9999, -9999, -9999, -9999, -9999, -9999, -9999, -9999, -9999, -9999, -9999, -9999, -9999, -9999, -9999, -9999, -9999, -9999, -9999, -9999, -9999, -9999, -9999, -9999, -9999, -9999, -9999, -9999, -9999
Time_Stop, seconds_past_midnight, Stop time of measurement
Time_Mid, seconds_past_midnight, Mid time of measurement
Press_mb, mb, Pressure reported (mb)
Temp_C, degrees C, POPS temperature measurement
Aerosol_concentration, cm^-3, Aerosol concentration
Surface_Area_Conc, um^2 cm^-3, Surface area concentration
Volume_density, um^3 cm^-3, Volume density
Effective_radius, um, Effective radius
Extinction, km^-1, Extinction
Bin01, cm^-3, particle concentration in size range [1401 - 146.3 nm]
Bin02, cm^-3, particle concentration in size range [146.3 - 152.8 nm]
Bin03, cm^-3, particle concentration in size range [152.8 - 159.6 nm]
Bin04, cm^-3, particle concentration in size range [159.6 - 166.8 nm]
Bin05, cm^-3, particle concentration in size range [166.8 - 174.2 nm]
Bin06, cm^-3, particle concentration in size range [174.2 - 181.9 nm]
Bin07, cm^-3, particle concentration in size range [181.9 - 190.0 nm]
Bin08, cm^-3, particle concentration in size range [190.0 - 198.5 nm]
Bin09, cm^-3, particle concentration in size range [198.5 - 207.4 nm]
Bin10, cm^-3, particle concentration in size range [207.4 - 216.6 nm]
Bin11, cm^-3, particle concentration in size range [216.6 - 226.2 nm]
Bin12, cm^-3, particle concentration in size range [226.2 - 236.3 nm]
Bin13, cm^-3, particle concentration in size range [236.3 - 246.8 nm]
Bin14, cm^-3, particle concentration in size range [246.8 - 257.8 nm]
Bin15, cm^-3, particle concentration in size range [257.8 - 269.3 nm]
Bin16, cm^-3, particle concentration in size range [269.3 - 343.4 nm]
Bin17, cm^-3, particle concentration in size range [343.4 - 450.7 nm]
Bin18, cm^-3, particle concentration in size range [450.7 - 525.9 nm]
Bin19, cm^-3, particle concentration in size range [525.9 - 618.5 nm]
Bin20, cm^-3, particle concentration in size range [618.5 - 710.0 nm]
Bin21, cm^-3, particle concentration in size range [710.0 - 822.7 nm]
Bin22, cm^-3, particle concentration in size range [822.7 - 885.9 nm]
Bin23, cm^-3, particle concentration in size range [885.9 - 953.9 nm]
Bin24, cm^-3, particle concentration in size range [953.9 - 1027.2 nm]
Bin25, cm^-3, particle concentration in size range [1027.2 - 1106.1 nm]
Bin26, cm^-3, particle concentration in size range [1106.1 - 1191.0 nm]
Bin27, cm^-3, particle concentration in size range [1191.0 - 1282.5 nm]
Bin28, cm^-3, particle concentration in size range [1282.5 - 1381.0 nm]
Bin29, cm^-3, particle concentration in size range [1381.0 - 1487.1 nm]
Bin30, cm^-3, particle concentration in size range [1487.1 - 1601.3 nm]
Bin31, cm^-3, particle concentration in size range [1601.3 - 1724.3 nm]
[...]
PLATFORM: NOAA CSL Mobile Lab
LOCATION: USOS
ASSOCIATED_DATA: N/A
INSTRUMENT_INFO: Printed Optical Particle Spectrometer counts particles from 140 - 2500 nm in diameter 
DATA_INFO: Particle concentrations reported in number per cubic centimeter,1 Hz data
UNCERTAINTY: Counting uncertainty dominated by air flow, less than 5 percent. Measurement range is ~0 - 3000 per cm3 (varies depending on flow rate- manufacturer quotes 1250 per cm3 at 1.667 cc/s)
ULOD_FLAG: -7777
ULOD_VALUE: N/A
LLOD_FLAG: -8888
LLOD_VALUE: N/A
DM_CONTACT_INFO: Troy Thornberry, 325 Broadway R/CSL6, Boulder, CO 80305; troy.thornberry@noaa.gov; 303-497-3373
PROJECT_INFO: USOS, Utah POPS data from NOAA CSL Mobile Lab
STIPULATIONS_ON_USE: Please contact the PIs for questions regarding applications and uncertainties
OTHER_COMMENTS: POPS bin Edges (nm):  140.1, 146.3, 152.8, 159.6, 166.8, 174.2, 181.9, 190.0, 198.5, 207.4, 216.6, 226.2, 236.3, 246.8, 257.8, 269.3, 343.4, 450.7, 525.9, 618.5, 710.0, 822.7, 885.9, 953.9, 1027.2, 1106.1, 1191.0, 1282.5, 1381.0, 1487.1, 1601.3, 1724.3, 1856.7, 1999.3, 2152.8, 2318.2, 2496.2
Calculations assume organic aerosol refractive index of 1.52+0.00j and extinction wavelength = 532 nm
REVISION: R0
R0: Final data
Time_Start, Time_Stop, Time_Mid, Press_mb, Temp_C, Aerosol_concentration, Surface_Area_Conc, Volume_density, Effective_radius, Extinction, Bin01, Bin02, Bin03, Bin04, Bin05, Bin06, Bin07, Bin08, Bin09, Bin10, Bin11, Bin12, Bin13, Bin14, Bin15, Bin16, Bin17, Bin18, Bin19, Bin20, Bin21, Bin22, Bin23, Bin24, Bin25, Bin26, Bin27, Bin28, Bin29, Bin30, Bin31, Bin32, Bin33, Bin34, Bin35, Bin36
[from data line 40]
2400,2459,2430,872.413,32.721,433.355,80.146,4.749,0.176,0.026,29.015715,26.703146,25.277822,25.054718,24.208868,24.077982,22.672510,21.683815,20.031370,20.004280,20.405331,21.370552,21.702766,20.620010,18.830481,64.529312,20.156225,4.508996,1.449815,0.285627,0.155463,0.097501,0.087003,0.058332,0.034304,0.051920,0.017040,0.029049,0.005526,0.046058,0.057177,0.040526,0.016824,0.022550,0.017555,0.028483
2460,2519,2490,872.400,32.643,440.180,80.975,4.541,0.167,0.026,28.894482,27.371275,25.084538,25.192282,24.810062,23.787312,22.763058,22.267170,20.807219,20.966883,20.260420,21.405647,21.901527,21.766882,18.383099,66.571625,21.014179,4.487904,1.436411,0.228555,0.253418,0.085759,0.087230,0.069353,0.046450,0.023344,0.028895,0.022918,0.023293,0.005786,0.028840,0.023030,0.040573,0.005747,0.011181,0.023283
2520,2579,2550,872.391,32.536,435.898,79.552,4.277,0.161,0.025,28.611759,26.547497,25.369440,24.834808,24.252502,23.371367,22.540791,21.356150,20.932274,20.090469,20.388414,20.955200,22.237953,21.406984,18.782015,67.053688,20.504360,4.476955,1.392604,0.209760,0.138941,0.117503,0.043466,0.066659,0.011130,0.044633,0.011153,0.016692,0.022116,0.022305,0.022208,0.016180,0.016779,0.005612,0.011111,0.016361
2580,2639,2610,872.384,32.542,432.851,78.773,4.294,0.162,0.025,28.749413,27.419785,25.754723,24.545139,24.445843,22.956852,22.275194,21.107519,20.896456,20.313168,20.116222,20.652740,21.242809,21.435246,18.512081,65.298264,20.628767,4.247636,1.453067,0.231641,0.172520,0.077343,0.045096,0.061529,0.010915,0.033686,0.027465,0.011338,0.016904,0.022353,0.011361,0.016858,0.011208,0.005612,0.016798,0.027377
2640,2699,2670,872.361,32.549,432.385,79.391,4.474,0.168,0.025,28.415228,26.603817,25.797899,25.211376,24.110609,23.223972,22.528934,21.771223,20.336903,19.968090,20.129303,20.407917,21.389404,20.838839,18.731869,65.919601,20.307821,4.273932,1.486373,0.209283,0.192445,0.112509,0.061969,0.034053,0.017256,0.050543,0.033982,0.050634,0.022290,0.011416,0.044852,0.033683,0.022659,0.000000,0.022724,0.011338
2700,2759,2730,872.329,32.757,428.838,78.343,4.208,0.161,0.025,28.880638,26.121904,24.882898,24.479147,23.725573,23.031960,22.215950,21.243284,20.342682,20.302685,19.735504,20.709789,20.968361,20.886854,18.299603,65.442360,21.025837,4.361883,1.352308,0.253881,0.140056,0.051400,0.073763,0.033272,0.061989,0.056101,0.016787,0.016876,0.034003,0.011114,0.022489,0.022364,0.017199,0.000000,0.000000,0.017336
2760,2819,2790,872.332,32.972,421.487,77.457,4.259,0.164,0.025,28.177963,25.364666,24.721878,23.761875,23.920631,22.395390,21.351894,20.740225,20.873367,19.613297,19.530180,20.508245,20.439602,20.177578,18.032536,64.467255,20.897135,4.241781,1.380376,0.294427,0.174536,0.083852,0.085551,0.022593,0.028447,0.011151,0.005415,0.022106,0.033736,0.028129,0.033902,0.022422,0.000000,0.016987,0.011433,0.016913
2820,2879,2850,872.315,33.087,413.958,75.890,4.117,0.161,0.024,27.145016,25.653721,24.174164,23.825054,22.074024,21.915184,21.578299,20.816362,20.403584,19.454628,19.377621,20.259367,20.052729,20.021214,17.517805,63.530949,19.898548,4.040556,1.313233,0.221564,0.205810,0.127976,0.027583,0.039265,0.033712,0.050471,0.033304,0.016561,0.016763,0.039061,0.032446,0.011171,0.033104,0.000000,0.005747,0.011319
2880,2939,2910,872.320,33.299,417.945,77.137,4.290,0.166,0.025,27.247490,25.781315,24.224007,23.971504,23.510324,22.631241,21.419411,20.952448,20.012491,19.520502,19.387531,19.780617,20.131947,20.067156,17.772661,64.372574,20.297819,4.425055,1.551858,0.237484,0.235212,0.072011,0.021917,0.043542,0.038780,0.033682,0.038048,0.011224,0.022106,0.028078,0.022818,0.022149,0.021386,0.005482,0.016704,0.016799
2940,2999,2970,872.344,33.443,419.393,77.283,4.409,0.170,0.025,27.819540,26.111679,24.959761,23.789982,23.112682,22.912121,21.447676,20.325087,19.987255,19.771658,19.174507,20.772568,19.805902,20.733019,17.751476,64.731247,19.575821,4.285290,1.411717,0.227175,0.234213,0.055637,0.038214,0.038525,0.033290,0.044393,0.021785,0.027943,0.011306,0.043786,0.038725,0.032947,0.005464,0.033380,0.016639,0.010775
3000,3059,3030,872.340,33.539,420.169,77.045,4.385,0.169,0.025,27.567823,25.820095,25.013866,24.303179,23.450222,22.766384,21.471609,21.796707,19.326641,19.406361,19.352911,19.928425,20.993093,20.368771,17.609949,64.697792,20.174301,3.971308,1.330647,0.232133,0.174663,0.067386,0.022454,0.050692,0.051058,0.011120,0.022526,0.011006,0.016969,0.016735,0.033828,0.033802,0.022751,0.011225,0.000000,0.040034
3060,3119,3090,872.329,33.697,419.190,76.300,4.114,0.161,0.024,27.712551,26.697943,24.825397,23.531624,23.541527,22.850761,20.985661,20.692841,20.428812,19.736053,19.567532,20.436554,20.322399,19.838858,18.032551,63.559044,19.983299,4.143989,1.482582,0.270660,0.147578,0.073253,0.061858,0.050842,0.039559,0.011332,0.022852,0.017030,0.017046,0.028372,0.023083,0.022656,0.000000,0.011457,0.005669,0.016864
3120,3179,3150,872.353,33.797,417.724,76.424,4.157,0.162,0.024,28.439869,25.992243,24.113968,23.534409,23.296337,22.353773,20.649418,21.254984,20.194981,19.398577,19.216520,20.045893,20.047472,20.069897,18.299551,64.035515,20.504040,4.152326,1.339016,0.186298,0.135487,0.102087,0.050957,0.050253,0.022312,0.045135,0.038971,0.005805,0.022364,0.028639,0.033482,0.028592,0.017082,0.000000,0.011569,0.005669
3180,3239,3210,872.356,33.928,416.381,76.741,4.345,0.168,0.025,28.305445,25.916197,24.881584,23.643530,23.010567,22.649784,21.207365,20.328709,19.656290,19.474777,19.056154,19.773939,20.118225,20.185043,17.748688,64.109398,19.594997,4.306013,1.426979,0.298690,0.177976,0.131134,0.034775,0.045744,0.028710,0.057911,0.011516,0.034333,0.005766,0.040522,0.022811,0.028763,0.017170,0.022973,0.017555,0.011288
3240,3299,3270,872.368,34.012,431.298,77.842,4.092,0.157,0.025,29.555521,28.485455,25.834858,25.349028,24.580870,23.632139,22.433819,20.999142,20.560097,19.945660,19.643906,20.378761,20.840889,19.897354,17.529381,64.754395,20.234718,4.214868,1.523490,0.296543,0.156248,0.055549,0.077228,0.067223,0.039105,0.044233,0.039229,0.033430,0.016367,0.011113,0.028085,0.005537,0.011261,0.005631,0.011397,0.005708
3300,3359,3330,872.384,34.078,440.385,79.180,4.472,0.168,0.025,32.512569,29.203756,27.633692,26.298714,24.860970,23.808111,23.070202,22.032742,20.964314,20.417131,19.728270,21.004389,20.528936,19.787413,17.283110,64.600761,20.196621,4.239063,1.282907,0.259376,0.179866,0.101288,0.079689,0.044789,0.016911,0.023160,0.022432,0.011299,0.022870,0.034014,0.045092,0.022464,0.011491,0.000000,0.017395,0.039642
3360,3419,3390,872.378,34.109,419.017,75.747,4.103,0.162,0.024,29.278830,26.444651,25.754622,24.024036,23.991821,22.862732,21.681492,21.308041,19.850014,19.283445,19.913097,19.738796,19.768099,19.124462,17.114637,63.147518,19.437799,4.042326,1.377858,0.240154,0.218472,0.078258,0.066633,0.039641,0.011282,0.022069,0.045006,0.022623,0.011286,0.005521,0.045102,0.010973,0.021919,0.005845,0.011246,0.016428
3420,3479,3450,872.369,34.161,422.298,76.163,4.110,0.161,0.024,28.903118,27.008125,26.112883,24.911194,24.164925,22.622248,21.692904,20.956093,19.571688,19.473558,19.758821,20.281759,20.573771,19.647833,17.536957,63.106804,19.731520,4.180222,1.298867,0.186914,0.162878,0.087248,0.052353,0.058516,0.029065,0.023205,0.017631,0.017498,0.011623,0.023476,0.035145,0.011611,0.011698,0.000000,0.005967,0.029645
3480,3539,3510,872.392,34.221,412.632,76.106,4.380,0.172,0.025,28.317596,25.865795,24.683083,24.065229,22.975315,21.981201,21.326370,20.218750,19.956543,19.154972,19.732901,19.518967,19.614532,19.821793,16.925684,61.994267,19.861618,4.225470,1.393478,0.206234,0.185650,0.117850,0.101145,0.055605,0.067195,0.028178,0.022576,0.033871,0.028075,0.011250,0.022238,0.028153,0.033507,0.022588,0.028558,0.005485
3540,3599,3570,872.397,34.252,416.637,75.706,4.155,0.164,0.024,29.458698,26.734858,24.411123,24.083769,23.490721,22.174244,20.894743,20.952639,19.816893,19.914087,18.949186,19.563948,20.093626,19.440935,17.344194,63.846420,19.187868,4.121682,1.345911,0.204095,0.194920,0.080900,0.045843,0.028144,0.028312,0.022955,0.028563,0.022812,0.011053,0.011612,0.051596,0.011633,0.034224,0.011689,0.005905,0.017673
3600,3659,3630,872.398,34.231,416.966,76.420,4.407,0.172,0.024,28.169643,26.089828,25.021284,23.907167,23.544525,22.493666,20.838036,20.517403,20.150581,19.634720,19.734343,19.635584,20.280516,19.843143,17.602098,63.316006,19.670828,4.326510,1.395078,0.205422,0.122032,0.100480,0.049635,0.050190,0.032803,0.022166,0.022468,0.016764,0.005556,0.022814,0.022395,0.050058,0.016705,0.011205,0.027801,0.016722
3660,3719,3690,872.405,34.310,416.702,76.099,4.107,0.161,0.024,27.214804,25.641699,25.188932,23.991581,23.160212,22.292538,21.779888,20.777367,19.671137,19.877701,19.339758,19.394953,19.947109,20.169891,17.372244,64.311325,20.257967,4.213104,1.380259,0.171450,0.144244,0.066260,0.055482,0.055199,0.027728,0.022625,0.011339,0.021864,0.011153,0.027586,0.049710,0.016299,0.011418,0.011131,0.000000,0.016183
3720,3779,3750,872.417,34.367,415.837,76.184,4.274,0.167,0.024,27.001087,26.081022,23.484882,24.023504,23.692917,22.740370,21.464779,19.815687,19.881151,19.427004,19.632505,20.905491,20.649767,20.128925,17.695810,63.574955,19.545471,4.003447,1.261601,0.198517,0.152218,0.135859,0.033501,0.039667,0.039810,0.005669,0.022725,0.016843,0.011479,0.028008,0.062057,0.017063,0.011343,0.011531,0.005824,0.034043
3780,3839,3810,872.425,34.389,419.990,76.078,4.039,0.158,0.024,27.978659,26.399370,24.806248,24.342621,23.540821,22.906528,21.223742,20.736162,19.774269,19.587984,20.067047,20.677073,20.692102,19.758533,17.258671,64.332176,19.458534,4.518430,1.218471,0.217292,0.161893,0.044200,0.049741,0.033307,0.022658,0.033051,0.016659,0.011339,0.005482,0.027128,0.033534,0.005519,0.000000,0.027920,0.011149,0.011174
3840,3899,3870,872.419,34.428,423.454,77.276,4.275,0.165,0.025,28.279421,26.312588,24.881004,25.079739,23.553532,23.041927,21.459887,20.898245,20.386898,20.282183,19.291624,21.053526,20.721445,19.590204,17.435349,64.372955,20.280479,4.317857,1.417465,0.210748,0.205461,0.060529,0.054825,0.033333,0.033367,0.016673,0.038522,0.011167,0.022187,0.005482,0.022242,0.022095,0.011281,0.000000,0.016419,0.033421
3900,3959,3930,872.432,34.479,427.445,77.678,4.369,0.167,0.025,28.987131,26.261740,24.882076,24.666851,24.345665,23.627296,22.100332,21.716726,20.523914,20.380743,19.839092,21.404881,20.403275,20.466612,17.646250,64.522560,19.197403,4.328078,1.301920,0.270788,0.145910,0.044672,0.044639,0.028380,0.028313,0.034067,0.040008,0.027956,0.016787,0.022163,0.045139,0.033197,0.016623,0.016333,0.005432,0.022545
3960,4019,3990,872.426,34.526,429.223,78.377,4.537,0.172,0.025,29.697058,27.126369,25.565905,25.209320,24.495975,23.344130,22.742987,21.539072,20.554865,20.013697,19.410177,20.736547,20.791704,19.996700,17.805870,64.246887,19.455336,4.127325,1.371982,0.274539,0.177464,0.068520,0.028555,0.057488,0.034377,0.040205,0.057910,0.028560,0.022839,0.040253,0.045293,0.034543,0.040217,0.005786,0.016941,0.017111
4020,4079,4050,872.430,34.509,428.021,78.001,4.407,0.169,0.025,29.711460,26.888451,25.314749,24.785215,24.276476,23.239666,22.322115,21.611967,21.405764,20.093885,19.638645,20.327911,20.176752,20.321995,17.718136,64.108154,19.305407,4.386405,1.383281,0.249623,0.188624,0.100606,0.072068,0.049686,0.066172,0.044371,0.021854,0.039011,0.027775,0.016893,0.043974,0.033307,0.011130,0.010916,0.005464,0.022641
4080,4139,4110,872.423,34.514,432.560,78.105,4.353,0.166,0.025,29.336323,27.776592,26.660206,25.733177,24.800150,23.793219,22.160660,21.612619,20.625957,20.227926,20.318647,20.999838,20.825594,20.211473,17.403740,63.749565,19.878208,4.311117,1.303649,0.215622,0.175137,0.072947,0.078748,0.045584,0.016933,0.028207,0.017277,0.016880,0.028134,0.022584,0.011649,0.016887,0.017128,0.016930,0.022576,0.027852
4140,4199,4170,872.415,34.549,428.723,77.615,4.372,0.168,0.024,29.065235,26.864813,26.510267,24.955181,23.977850,23.762325,22.226522,21.626352,20.995571,19.972839,20.033928,20.514914,20.577717,20.151333,17.441683,63.970207,19.953833,3.862169,1.420719,0.218516,0.172372,0.102733,0.046120,0.034473,0.023049,0.022866,0.017261,0.017017,0.034779,0.034796,0.016988,0.034580,0.011711,0.017494,0.000000,0.034331
4200,4259,4230,872.430,34.563,422.987,75.964,4.195,0.165,0.024,29.430672,26.705807,26.421490,25.402367,24.389393,23.142273,21.253466,20.993750,19.760403,20.071745,19.924107,20.811731,20.252710,19.495358,16.998287,62.855961,18.868134,4.225355,1.265394,0.197165,0.135307,0.062597,0.034205,0.039446,0.033727,0.016972,0.016973,0.005557,0.017179,0.017029,0.045822,0.022474,0.033852,0.005575,0.022813,0.011571
4260,4319,4290,872.437,34.530,423.027,76.149,4.147,0.163,0.024,30.316135,27.804108,25.651955,24.605917,24.523472,22.539076,21.242550,20.470467,20.605343,19.920765,19.502722,20.390093,20.059601,20.225271,16.806894,62.713062,19.277630,4.178905,1.367253,0.219814,0.120839,0.071766,0.055020,0.077366,0.055248,0.044342,0.021975,0.005501,0.044134,0.022076,0.022168,0.021907,0.011242,0.010702,0.005342,0.016615
4320,4379,4350,872.431,34.537,427.124,77.403,4.406,0.169,0.025,29.723671,28.249960,25.912676,25.056719,24.709566,23.163893,21.953583,21.718910,19.857468,20.309607,19.580204,20.264160,20.288376,19.339306,17.296013,63.929920,19.451796,4.090565,1.284313,0.224279,0.224366,0.061346,0.078132,0.067514,0.039249,0.022675,0.011300,0.028070,0.011338,0.028328,0.044777,0.028313,0.016890,0.016988,0.011262,0.028300
4380,4439,4410,872.435,34.544,442.825,78.852,4.179,0.158,0.025,31.191376,29.654596,27.821913,25.973654,25.946468,24.105686,23.172947,21.918682,21.068743,20.398422,20.485565,20.682714,21.251684,20.981064,17.662458,64.236290,19.662447,4.269604,1.500685,0.258612,0.184437,0.061349,0.050415,0.051059,0.039006,0.044951,0.000000,0.016499,0.016298,0.033483,0.027616,0.005594,0.000000,0.022624,0.022099,0.005785
4440,4499,4470,872.419,34.493,440.546,78.412,4.150,0.158,0.025,32.169689,29.887125,27.450371,26.445940,25.735056,24.768921,23.026854,21.764795,19.729076,19.767172,19.863745,20.791403,20.621405,20.545263,17.273937,64.545853,19.535997,4.393373,1.289626,0.291969,0.165338,0.122359,0.087573,0.022601,0.033166,0.016561,0.033338,0.038847,0.033864,0.016615,0.022227,0.005537,0.027666,0.005574,0.005574,0.011262
4500,4559,4530,872.433,34.477,460.303,80.527,4.189,0.156,0.025,33.931431,31.934372,29.467007,28.934353,27.254980,25.829794,24.262642,22.507614,22.115391,20.406462,20.781185,21.362955,21.287415,20.752935,17.985516,65.384033,19.657650,4.096371,1.406308,0.254633,0.232752,0.095926,0.056444,0.073059,0.045782,0.033848,0.028468,0.011169,0.011283,0.022423,0.033890,0.011244,0.016913,0.005669,0.000000,0.011257
4560,4619,4590,872.438,34.515,470.412,81.445,4.147,0.152,0.025,35.541084,32.350803,30.190969,29.414297,28.324135,26.536026,24.637920,23.772301,22.722404,21.716913,21.099583,21.576481,21.377451,20.819193,18.417412,65.287964,20.125019,4.185888,1.452741,0.289362,0.189844,0.095203,0.095233,0.032708,0.044214,0.017024,0.016537,0.005274,0.000000,0.005574,0.027623,0.011001,0.010861,0.005612,0.005574,0.011244
4620,4679,4650,872.448,34.522,480.739,83.643,4.601,0.164,0.026,36.671391,33.946877,31.475306,30.887812,28.645521,27.516861,24.966776,24.590738,23.028658,22.171118,20.902155,21.665833,22.392473,21.068377,18.762051,65.657753,19.704969,4.142309,1.638579,0.184502,0.226280,0.071859,0.065631,0.089004,0.035561,0.005952,0.023699,0.000000,0.017794,0.047774,0.029730,0.034999,0.029672,0.011749,0.023518,0.006012
