CampaignData_and_Merges/R0/CSL_MobileLab_Parked/raw/20240721/USOS-NOy-LIF_MobileLabGround_20240721_R0.ict
39,1001
Rollins, A.; Waxman, E.; Zuraski, K.; Chace, W.
NOAA Chemical Sciences Laboratory
LIF NO/NOx/NOy on CSL Mobile Lab
AMMBEC / USOS
1, 1
2024,07,21, 2025,01,03
1
Time_Start, seconds, number_of_seconds_since_0000_UTC
7
1, 1, 1, 1, 1, 1, 1
-9999, -9999, -9999, -9999, -9999, -9999, -9999
Time_Stop, seconds, number_of_seconds_since_0000_UTC
NO_LIF, pptv, Gas_NO_InSitu_S_AVMR, volume mixing ratio of nitric oxide in air
NO2_LIF, pptv, Gas_NO2_InSitu_S_AVMR, volume mixing ratio of nitrogen dioxide in air
NOy_LIF, pptv, Gas_NOy_InSitu_S_AVMR, volume mixing ratio of total oxidized nitrogen in air
NO_LIF_1SigmaAccuracy, pptv, Gas_NO_InSitu_S_AVMR, volume mixing ratio of nitric oxide in air
NO2_LIF_1SigmaAccuracy, pptv, Gas_NO2_InSitu_S_AVMR, volume mixing ratio of nitrogen dioxide in air
NOy_LIF_1SigmaAccuracy, pptv, Gas_NOy_InSitu_S_AVMR, volume mixing ratio of total oxidized nitrogen in air
0
18
PI_CONTACT_INFO: andrew.rollins@noaa.gov
PLATFORM: CSL Mobile Lab
LOCATION: Salt Lake City, UT
ASSOCIATED_DATA:
INSTRUMENT_INFO: NO detection by laser induced fluorescence. NO2 detection by photolytic conversion to NO. NOy detection by catalytic conversion to NO on gold surface
DATA_INFO:
UNCERTAINTY: Included 1 Sigma Accuracy waves represent the combined calibration uncertainties (±6%, ±9%, ±10%) and zero uncertainties (3 ppt, 20 ppt, 100 ppt) for NO, NO2, and NOy, respectively.
ULOD_FLAG: -7777
ULOD_VALUE: N/A
LLOD_FLAG: -8888
LLOD_VALUE: N/A
DM_CONTACT_INFO: andrew.rollins@noaa.gov
PROJECT_INFO: USOS Project, July - August 2024
STIPULATIONS_ON_USE: Users are strongly encouraged to contact the PI for proper data usage.
OTHER_COMMENTS:
REVISION: R0
R0: final data
Time_Start, Time_Stop, NO_LIF, NO2_LIF, NOy_LIF, NO_LIF_1SigmaAccuracy, NO2_LIF_1SigmaAccuracy, NOy_LIF_1SigmaAccuracy
[from data line 264]
   15840,   15900,30.716,1009.8,1826.9,4.843, 110.88, 282.69
   15900,   15960,65.43,1024.7,1794,6.9258, 112.22, 279.4
   15960,   16020,58.039,1025.2,1802.1,6.4823, 112.27, 280.21
   16020,   16080,62.313,1003.6,1795.4,6.7388, 110.33, 279.54
   16080,   16140,33.775,948.03,1718,5.0265, 105.32, 271.8
   16140,   16200,19.43,955.32,1677.8,4.1658, 105.98, 267.78
   16200,   16260,366.2,1359.4,2153.1,24.972, 142.34, 315.31
   16260,   16320,525.77,1813.8,3104.1,34.546, 183.24, 410.41
   16320,   16380,120.3,1051.3,2050.6,10.218, 114.62, 305.06
   16380,   16440,455.98,1386,2316,30.359, 144.74, 331.6
   16440,   16500,279.56,1549.9,3181.5,19.774, 159.49, 418.15
   16500,   16560,122.31,1130.7,2146.9,10.339, 121.77, 314.69
   16560,   16620,32.391,975.98,1782.6,4.9434, 107.84, 278.26
   16620,   16680,25.35,895.54,1721.6,4.521, 100.6, 272.16
   16680,   16740,76.551,1072,1969.6,7.5931, 116.48, 296.96
   16740,   16800,62.234,1058.9,1936.1,6.734, 115.3, 293.61
   16800,   16860,259.21,1461.8,2212.1,18.552, 151.56, 321.21
   16860,   16920,49.15,995.89,1843.6,5.949, 109.63, 284.36
   16920,   16980,50.997,870.92,1665.8,6.0598, 98.383, 266.58
   16980,   17040,74.784,933.6,1627.2,7.487, 104.02, 262.72
   17040,   17100,126.42,1263.8,2429.9,10.585, 133.74, 342.99
   17100,   17160,175.04,1388.3,2386.3,13.502, 144.95, 338.63
   17160,   17220,43.162,952.3,1795.4,5.5897, 105.71, 279.54
   17220,   17280,47.827,873.18,1671.3,5.8696, 98.586, 267.13
   17280,   17340,45.609,950.75,1708.9,5.7366, 105.57, 270.89
   17340,   17400,44.938,888.96,1755.3,5.6963, 100.01, 275.53
   17400,   17460,51.037,910.22,1646,6.0622, 101.92, 264.6
   17460,   17520,217.53,1219.4,2280,16.052, 129.75, 328
   17520,   17580,59.006,936.49,1716.3,6.5403, 104.28, 271.63
   17580,   17640,56.171,858.66,1590.7,6.3702, 97.28, 259.07
   17640,   17700,39.615,865.02,1597,5.3769, 97.852, 259.7
   17700,   17760,67.17,927.67,1638.6,7.0302, 103.49, 263.86
   17760,   17820,21.25,879.3,1594.1,4.275, 99.137, 259.41
   17820,   17880,73.422,922.16,1684.8,7.4053, 102.99, 268.48
   17880,   17940,97.742,915.47,1635,8.8645, 102.39, 263.5
   17940,   18000,119.15,1017.8,1793.4,10.149, 111.6, 279.34
   18000,   18060,401.87,1523.3,2727.4,27.112, 157.1, 372.74
   18060,   18120,52.513,861.79,1643.2,6.1508, 97.561, 264.32
   18120,   18180,120.69,947.75,1650,10.241, 105.3, 265
   18180,   18240,1667.3,2806.3,4964.6,103.04, 272.56, 596.46
   18240,   18300,226.67,1339.2,3167,16.6, 140.53, 416.7
   18300,   18360,161.73,1173.4,2017.8,12.704, 125.61, 301.78
   18360,   18420,29.432,832.26,1593.9,4.7659, 94.903, 259.39
   18420,   18480,36.296,811.67,1487.6,5.1778, 93.051, 248.76
   18480,   18540,77.301,950.07,1671.4,7.6381, 105.51, 267.14
   18540,   18600,26.227,816.42,1458.7,4.5736, 93.478, 245.87
   18600,   18660,529.73,1265.3,1860.6,34.784, 133.88, 286.06
   18660,   18720,737.67,2255.5,5221.1,47.26, 223, 622.11
   18720,   18780,35.932,904.24,1679,5.1559, 101.38, 267.9
   18780,   18840,215.61,1022.7,1816.2,15.936, 112.04, 281.62
   18840,   18900,71.982,874.34,1746.7,7.3189, 98.69, 274.67
   18900,   18960,23.043,762.73,1446.3,4.3826, 88.645, 244.63
   18960,   19020,26.076,729.46,1392.5,4.5646, 85.652, 239.25
   19020,   19080,70.932,799.01,1565.3,7.2559, 91.911, 256.53
   19080,   19140,37.821,755.59,1435.4,5.2693, 88.003, 243.54
   19140,   19200,30.805,773.92,1493.5,4.8483, 89.653, 249.35
   19200,   19260,89.416,836.11,1618.8,8.365, 95.25, 261.88
   19260,   19320,657.52,2587.8,3306.2,42.451, 252.91, 430.62
   19320,   19380,58.528,903.11,2372.8,6.5117, 101.28, 337.28
   19380,   19440,29.333,779.47,1422.8,4.76, 90.152, 242.28
   19440,   19500,87.42,933.8,1687.7,8.2452, 104.04, 268.77
   19500,   19560,67.121,911.18,1728.9,7.0273, 102.01, 272.89
   19560,   19620,178.06,1006.1,1816.1,13.684, 110.55, 281.61
   19620,   19680,306.45,1273,2444.5,21.387, 134.57, 344.45
   19680,   19740,83.439,913.84,1801.5,8.0063, 102.25, 280.15
   19740,   19800,24.882,777.91,1557.1,4.4929, 90.011, 255.71
   19800,   19860,30.909,756.23,1438.7,4.8545, 88.061, 243.87
   19860,   19920,37.774,883.65,1539.1,5.2664, 99.528, 253.91
   19920,   19980,143.63,1103.7,1822,11.618, 119.33, 282.2
   19980,   20040,294.77,1195.2,2300.4,20.686, 127.56, 330.04
   20040,   20100,72.526,992.03,1680.8,7.3515, 109.28, 268.08
   20100,   20160,450.93,1465.2,2107.3,30.056, 151.87, 310.73
   20160,   20220,1208.1,3013.7,6822.9,75.486, 291.24, 782.29
   20220,   20280,351.22,1689.7,2994.1,24.073, 172.07, 399.41
   20280,   20340,83.482,972.07,2156.5,8.0089, 107.49, 315.65
   20340,   20400,60.039,764.26,1464,6.6023, 88.784, 246.4
   20400,   20460,282.41,1095.5,1957.1,19.945, 118.59, 295.71
   20460,   20520,2460,2539.8,5449.8,150.6, 248.58, 644.98
   20520,   20580,94.404,698.05,2246.8,8.6643, 82.824, 324.68
   20580,   20640,321.54,1107.8,1904.3,22.293, 119.7, 290.43
   20640,   20700,57.572,691.47,1490.2,6.4543, 82.233, 249.02
   20700,   20760,67.255,698.5,1336.7,7.0353, 82.865, 233.67
   20760,   20820,1870,2672.8,4498.2,115.2, 260.55, 549.82
   20820,   20880,337.04,1553.4,4427.2,23.222, 159.81, 542.72
   20880,   20940,13.365,548.75,1193.4,3.8019, 69.388, 219.34
   20940,   21000,20.696,538.23,1248.4,4.2417, 68.44, 224.84
   21000,   21060,20.542,514.35,1123.8,4.2325, 66.292, 212.38
   21060,   21120,20.612,563.89,1179.7,4.2367, 70.751, 217.97
   21120,   21180,19.566,604.5,1219.9,4.174, 74.405, 221.99
   21180,   21240,32.968,711.21,1414.5,4.9781, 84.009, 241.45
   21240,   21300,20.416,762.15,1442.9,4.225, 88.594, 244.29
   21300,   21360,35.963,881.36,1497.6,5.1578, 99.322, 249.76
   21360,   21420,36.038,936.72,1687.4,5.1623, 104.31, 268.74
   21420,   21480,33.415,892.84,1677.6,5.0049, 100.36, 267.76
   21480,   21540,49.833,941.54,1698.3,5.99, 104.74, 269.83
   21540,   21600,60.124,1067.6,1894.6,6.6074, 116.09, 289.46
   21600,   21660,83.645,1177.7,1846.9,8.0187, 125.99, 284.69
   21660,   21720,480.53,1834.8,3398.3,31.832, 185.13, 439.83
   21720,   21780,331.73,2554.3,3496.6,22.904, 249.89, 449.66
   21780,   21840,129.67,1743.1,3339.3,10.78, 176.88, 433.93
   21840,   21900,1162.9,2616,4213.3,72.773, 255.44, 521.33
   21900,   21960,632.77,2168.3,4275.9,40.966, 215.15, 527.59
   21960,   22020,58.803,1119.6,2000.9,6.5282, 120.77, 300.09
   22020,   22080,50.644,1113.8,2040.3,6.0386, 120.24, 304.03
   22080,   22140,87.737,1352.6,2030.6,8.2642, 141.74, 303.06
   22140,   22200,94.841,1287.6,2008.9,8.6904, 135.88, 300.89
   22200,   22260,48.649,993.59,1768.6,5.9189, 109.42, 276.86
   22260,   22320,607.51,3361.8,3542.7,39.451, 322.56, 454.27
   22320,   22380,169.75,1674.5,3268.6,13.185, 170.7, 426.86
   22380,   22440,23.334,1123.6,1997.6,4.4, 121.12, 299.76
   22440,   22500,33.229,1182.1,1871.5,4.9937, 126.39, 287.15
   22500,   22560,28.216,1007.2,1947.7,4.6929, 110.65, 294.77
   22560,   22620,48.768,1136.6,1834.4,5.9261, 122.3, 283.44
   22620,   22680,126.88,1480,2164,10.613, 153.2, 316.4
   22680,   22740,392.97,2500.6,3598.8,26.578, 245.06, 459.88
   22740,   22800,76.382,1367.3,2509.3,7.5829, 143.06, 350.93
   22800,   22860,48.846,1345.5,2228.9,5.9308, 141.1, 322.89
   22860,   22920,18.509,1008.1,1857.4,4.1105, 110.73, 285.74
   22920,   22980,29.844,1027,1738,4.7906, 112.43, 273.8
   22980,   23040,17.805,1030.1,1791.1,4.0683, 112.71, 279.11
   23040,   23100,42.887,1023.8,1718,5.5732, 112.14, 271.8
   23100,   23160,28.184,997.54,1743.6,4.691, 109.78, 274.36
   23160,   23220,-9999,-9999,-9999,-9999, -9999, -9999
   23220,   23280,-9999,-9999,-9999,-9999, -9999, -9999
   23280,   23340,-9999,-9999,-9999,-9999, -9999, -9999
   23340,   23400,-9999,-9999,-9999,-9999, -9999, -9999
   23400,   23460,-9999,-9999,-9999,-9999, -9999, -9999
   23460,   23520,-9999,-9999,-9999,-9999, -9999, -9999
   23520,   23580,-9999,-9999,-9999,-9999, -9999, -9999
   23580,   23640,29.736,747.23,1356.4,4.7842, 87.251, 235.64
   23640,   23700,49.316,778.75,1468.1,5.9589, 90.088, 246.81
   23700,   23760,19.053,659.83,1424.7,4.1432, 79.385, 242.47
   23760,   23820,50.291,698.38,1314.8,6.0175, 82.855, 231.48
   23820,   23880,60.279,778.04,1442.3,6.6167, 90.023, 244.23
   23880,   23940,41.425,712.68,1386.9,5.4855, 84.141, 238.69
   23940,   24000,30.636,670.46,1328.7,4.8382, 80.341, 232.87
   24000,   24060,185.5,903.75,1643.5,14.13, 101.34, 264.35
   24060,   24120,60.631,742.4,1566.6,6.6379, 86.816, 256.66
   24120,   24180,389.44,1713.3,2758.7,26.366, 174.19, 375.87
   24180,   24240,70.32,841.55,2014.6,7.2192, 95.74, 301.46
   24240,   24300,56.547,693.21,1419.3,6.3928, 82.389, 241.93
   24300,   24360,20.33,667.55,1355.1,4.2198, 80.079, 235.51
   24360,   24420,44.748,715.77,1350.1,5.6849, 84.419, 235.01
   24420,   24480,41.338,794.98,1511.4,5.4803, 91.548, 251.14
   24480,   24540,11.377,690.65,1334.9,3.6826, 82.159, 233.49
   24540,   24600,65.012,755.91,1353.4,6.9007, 88.032, 235.34
   24600,   24660,55.56,860.58,1601.4,6.3336, 97.452, 260.14
   24660,   24720,16.832,780.43,1438.8,4.0099, 90.239, 243.88
   24720,   24780,25.537,809.23,1622.6,4.5322, 92.831, 262.26
   24780,   24840,12.091,780.31,1492.6,3.7255, 90.228, 249.26
   24840,   24900,11.181,787.12,1462.7,3.6708, 90.84, 246.27
   24900,   24960,7.8786,745.01,1393,3.4727, 87.05, 239.3
   24960,   25020,10.329,792.31,1500.4,3.6197, 91.308, 250.04
   25020,   25080,61.205,1000.4,1778,6.6723, 110.03, 277.8
   25080,   25140,160.65,1251.2,1849.1,12.639, 132.61, 284.91
   25140,   25200,82.762,1328.9,2380.4,7.9657, 139.6, 338.04
   25200,   25260,13.767,986.25,1717.5,3.826, 108.76, 271.75
   25260,   25320,17.765,1012.7,1748,4.0659, 111.14, 274.8
   25320,   25380,85.246,1292.7,2131.6,8.1147, 136.34, 313.16
   25380,   25440,35.332,1367.3,1793.9,5.1199, 143.06, 279.39
   25440,   25500,38.373,1531.1,2299.8,5.3024, 157.8, 329.98
   25500,   25560,82.874,1355.5,2194.8,7.9725, 142, 319.48
   25560,   25620,11.604,1196.4,2058.8,3.6962, 127.67, 305.88
   25620,   25680,16.009,1228.8,2065.1,3.9605, 130.6, 306.51
   25680,   25740,57.477,1519.7,2329.1,6.4486, 156.77, 332.91
   25740,   25800,26.234,1451.7,2290.7,4.5741, 150.65, 329.07
   25800,   25860,72.517,1356.5,2172.5,7.351, 142.08, 317.25
   25860,   25920,16.441,1238,2095,3.9865, 131.42, 309.5
   25920,   25980,16.143,1151.9,1883.3,3.9686, 123.67, 288.33
   25980,   26040,25.255,1131.8,1881.1,4.5153, 121.87, 288.11
   26040,   26100,17.735,1205.7,1931.8,4.0641, 128.51, 293.18
   26100,   26160,33.976,1340.2,2056.1,5.0385, 140.62, 305.61
   26160,   26220,14.139,1332.8,2117.2,3.8483, 139.95, 311.72
   26220,   26280,11.873,1247.8,2074.5,3.7124, 132.3, 307.45
   26280,   26340,13.108,1151.5,1948.7,3.7865, 123.64, 294.87
   26340,   26400,6.0322,1071,1812,3.3619, 116.39, 281.2
   26400,   26460,9.3283,1087.4,1771.7,3.5597, 117.87, 277.17
   26460,   26520,9.1237,1095.9,1842.8,3.5474, 118.64, 284.28
   26520,   26580,7.1696,1100.4,1823.8,3.4302, 119.03, 282.38
   26580,   26640,11.664,1124.6,1894.1,3.6998, 121.21, 289.41
   26640,   26700,12.681,1147,1872.8,3.7609, 123.23, 287.28
   26700,   26760,8.7512,1101.7,1841.9,3.5251, 119.15, 284.19
   26760,   26820,8.2817,1113.8,1831.4,3.4969, 120.25, 283.14
   26820,   26880,6.7966,1070.8,1778.8,3.4078, 116.38, 277.88
   26880,   26940,9.5496,1078.4,1801.9,3.573, 117.05, 280.19
   26940,   27000,8.3115,1094.6,1819.1,3.4987, 118.51, 281.91
   27000,   27060,10.214,1120.6,1870.3,3.6128, 120.85, 287.03
   27060,   27120,9.995,1096.8,1865,3.5997, 118.71, 286.5
   27120,   27180,9.1023,1066.7,1836,3.5461, 116, 283.6
   27180,   27240,11.823,1063.5,1823.1,3.7094, 115.71, 282.31
   27240,   27300,7.9894,1060.2,1775.2,3.4794, 115.42, 277.52
   27300,   27360,126.2,1373,2118.1,10.572, 143.57, 311.81
   27360,   27420,93.025,1501.8,2520,8.5815, 155.16, 352
   27420,   27480,32.732,1365.7,2373.5,4.9639, 142.91, 337.35
   27480,   27540,13.002,1003.7,1770.3,3.7801, 110.34, 277.03
   27540,   27600,9.5617,973.31,1699.7,3.5737, 107.6, 269.97
   27600,   27660,15.964,1008.2,1755.4,3.9578, 110.74, 275.54
   27660,   27720,31.861,1082.9,1849.2,4.9117, 117.46, 284.92
   27720,   27780,31.17,1103.9,1820.4,4.8702, 119.35, 282.04
   27780,   27840,64.111,1101.4,1804.1,6.8467, 119.12, 280.41
   27840,   27900,27.349,1048.5,1823.1,4.6409, 114.36, 282.31
   27900,   27960,15.337,988.89,1726.3,3.9202, 109, 272.63
   27960,   28020,283.19,1314.1,1750.1,19.992, 138.27, 275.01
   28020,   28080,351.58,1657.5,3264.1,24.095, 169.18, 426.41
   28080,   28140,46.819,1285.3,2256.4,5.8092, 135.68, 325.64
   28140,   28200,40.195,1399.2,2215.3,5.4117, 145.93, 321.53
   28200,   28260,63.157,1473.7,2314.3,6.7894, 152.64, 331.43
   28260,   28320,21.655,1248.5,2141.1,4.2993, 132.36, 314.11
   28320,   28380,35.986,1109.8,1895.7,5.1591, 119.88, 289.57
   28380,   28440,31.989,1087.9,1811.5,4.9194, 117.91, 281.15
   28440,   28500,32.265,1181,1943.1,4.9359, 126.29, 294.31
   28500,   28560,76.149,1286.7,2106.6,7.569, 135.8, 310.66
   28560,   28620,37.94,1224.7,2140.4,5.2764, 130.22, 314.04
   28620,   28680,14.14,1134.4,1905.1,3.8484, 122.1, 290.51
   28680,   28740,26.437,1174.4,1947,4.5862, 125.7, 294.7
   28740,   28800,236.94,1565.7,2611,17.216, 160.91, 361.1
   28800,   28860,99.992,1625.5,2467.7,8.9995, 166.29, 346.77
   28860,   28920,18.531,1241.7,2140.3,4.1119, 131.76, 314.03
   28920,   28980,19.139,1209.7,1992,4.1483, 128.87, 299.2
   28980,   29040,20.433,1201.1,2004.5,4.226, 128.1, 300.45
   29040,   29100,16.443,1192,1973.3,3.9866, 127.28, 297.33
   29100,   29160,47.005,1225,2019.4,5.8203, 130.25, 301.94
   29160,   29220,238.21,1645.9,2425,17.292, 168.14, 342.5
   29220,   29280,123.31,1668.2,2781.1,10.399, 170.14, 378.11
   29280,   29340,106.04,1385.4,2261.5,9.3621, 144.69, 326.15
   29340,   29400,81.691,1321,2157.2,7.9015, 138.89, 315.72
   29400,   29460,25.348,1192,2041.7,4.5209, 127.28, 304.17
   29460,   29520,31.619,1159.5,1919.1,4.8971, 124.36, 291.91
   29520,   29580,51.648,1182.7,1968,6.0989, 126.44, 296.8
   29580,   29640,47.457,1166,1992.2,5.8474, 124.94, 299.22
   29640,   29700,21.764,1082.2,1885.9,4.3058, 117.4, 288.59
   29700,   29760,14.373,1052.3,1823.2,3.8624, 114.71, 282.32
   29760,   29820,13.682,1050.6,1824.4,3.8209, 114.55, 282.44
   29820,   29880,10.744,1016.5,1793.2,3.6446, 111.49, 279.32
   29880,   29940,53.607,1097.1,1871.4,6.2164, 118.74, 287.14
   29940,   30000,64.812,1205.5,2052.6,6.8887, 128.5, 305.26
   30000,   30060,18.84,1119.4,1949.7,4.1304, 120.75, 294.97
   30060,   30120,20.791,1172.2,1935.5,4.2475, 125.49, 293.55
   30120,   30180,21.085,1263.3,2038.7,4.2651, 133.7, 303.87
   30180,   30240,33.47,1168.2,1997.7,5.0082, 125.14, 299.77
   30240,   30300,57.738,1143.5,1933.1,6.4643, 122.92, 293.31
   30300,   30360,78.668,1302.8,2138.7,7.7201, 137.25, 313.87
   30360,   30420,60.404,1110.1,2018.2,6.6242, 119.91, 301.82
   30420,   30480,66.261,1193.8,2107.7,6.9757, 127.44, 310.77
   30480,   30540,18.015,1031.4,1833.9,4.0809, 112.82, 283.39
   30540,   30600,14.957,1030.4,1817.8,3.8974, 112.74, 281.78
   30600,   30660,490.16,1819.7,2558.8,32.41, 183.78, 355.88
   30660,   30720,603.88,3364.7,4858.4,39.233, 322.82, 585.84
   30720,   30780,150.65,1431,2635.7,12.039, 148.79, 363.57
   30780,   30840,517.5,1931.1,3765.5,34.05, 193.8, 476.55
   30840,   30900,70.316,1360.3,2870.2,7.219, 142.42, 387.02
   30900,   30960,30.232,1087.7,1910.6,4.8139, 117.89, 291.06
   30960,   31020,12.447,977.55,1755.1,3.7468, 107.98, 275.51
   31020,   31080,54.171,1142.5,1902.2,6.2502, 122.83, 290.22
   31080,   31140,30.39,1115.4,1996.5,4.8234, 120.39, 299.65
   31140,   31200,-9999,-9999,-9999,-9999, -9999, -9999
   31200,   31260,-9999,-9999,-9999,-9999, -9999, -9999
   31260,   31320,-9999,-9999,-9999,-9999, -9999, -9999
   31320,   31380,-9999,-9999,-9999,-9999, -9999, -9999
   31380,   31440,-9999,-9999,-9999,-9999, -9999, -9999
   31440,   31500,-9999,-9999,-9999,-9999, -9999, -9999
   31500,   31560,-9999,-9999,-9999,-9999, -9999, -9999
