CampaignData_and_Merges/R0/CSL_MobileLab_Parked/raw/20240721/USOS-POPS_MobileLabGround_20240721_R0.ict
78, 1001
Thornberry, T. D.
NOAA Chemical Sciences Laboratory
Portable Optical Particle Spectrometer (POPS)
USOS
1, 1
2024, 07, 21, 2025, 05, 08
60
Time_Start, seconds_past_midnight, Start time of measurement
45
1, 1, 1, 1, 1, 1, 1, 1, 1, 1, 1, 1, 1, 1, 1, 1, 1, 1, 1, 1, 1, 1, 1, 1, 1, 1, 1, 1, 1, 1, 1, 1, 1, 1, 1, 1, 1, 1, 1, 1, 1, 1, 1, 1, 1
-9999, -9999, -9999, -9999, -9999, -9999, -9999, -9999, -9999, -9999, -9999, -9999, -9999, -9999, -9999, -9999, -9999, -9999, -9999, -9999, -9999, -9999, -9999, -9999, -9999, -9999, -9999, -9999, -9999, -9999, -9999, -9999, -9999, -9999, -9999, -9999, -9999, -9999, -9999, -9999, -9999, -9999, -9999, -9999, -9999
Time_Stop, seconds_past_midnight, Stop time of measurement
Time_Mid, seconds_past_midnight, Mid time of measurement
Press_mb, mb, Pressure reported (mb)
Temp_C, degrees C, POPS temperature measurement
Aerosol_concentration, cm^-3, Aerosol concentration
Surface_Area_Conc, um^2 cm^-3, Surface area concentration
Volume_density, um^3 cm^-3, Volume density
Effective_radius, um, Effective radius
Extinction, km^-1, Extinction
Bin01, cm^-3, particle concentration in size range [1401 - 146.3 nm]
Bin02, cm^-3, particle concentration in size range [146.3 - 152.8 nm]
Bin03, cm^-3, particle concentration in size range [152.8 - 159.6 nm]
Bin04, cm^-3, particle concentration in size range [159.6 - 166.8 nm]
Bin05, cm^-3, particle concentration in size range [166.8 - 174.2 nm]
Bin06, cm^-3, particle concentration in size range [174.2 - 181.9 nm]
Bin07, cm^-3, particle concentration in size range [181.9 - 190.0 nm]
Bin08, cm^-3, particle concentration in size range [190.0 - 198.5 nm]
Bin09, cm^-3, particle concentration in size range [198.5 - 207.4 nm]
Bin10, cm^-3, particle concentration in size range [207.4 - 216.6 nm]
Bin11, cm^-3, particle concentration in size range [216.6 - 226.2 nm]
Bin12, cm^-3, particle concentration in size range [226.2 - 236.3 nm]
Bin13, cm^-3, particle concentration in size range [236.3 - 246.8 nm]
Bin14, cm^-3, particle concentration in size range [246.8 - 257.8 nm]
Bin15, cm^-3, particle concentration in size range [257.8 - 269.3 nm]
Bin16, cm^-3, particle concentration in size range [269.3 - 343.4 nm]
Bin17, cm^-3, particle concentration in size range [343.4 - 450.7 nm]
Bin18, cm^-3, particle concentration in size range [450.7 - 525.9 nm]
Bin19, cm^-3, particle concentration in size range [525.9 - 618.5 nm]
Bin20, cm^-3, particle concentration in size range [618.5 - 710.0 nm]
Bin21, cm^-3, particle concentration in size range [710.0 - 822.7 nm]
Bin22, cm^-3, particle concentration in size range [822.7 - 885.9 nm]
Bin23, cm^-3, particle concentration in size range [885.9 - 953.9 nm]
Bin24, cm^-3, particle concentration in size range [953.9 - 1027.2 nm]
Bin25, cm^-3, particle concentration in size range [1027.2 - 1106.1 nm]
Bin26, cm^-3, particle concentration in size range [1106.1 - 1191.0 nm]
Bin27, cm^-3, particle concentration in size range [1191.0 - 1282.5 nm]
Bin28, cm^-3, particle concentration in size range [1282.5 - 1381.0 nm]
Bin29, cm^-3, particle concentration in size range [1381.0 - 1487.1 nm]
Bin30, cm^-3, particle concentration in size range [1487.1 - 1601.3 nm]
Bin31, cm^-3, particle concentration in size range [1601.3 - 1724.3 nm]
[...]
PLATFORM: NOAA CSL Mobile Lab
LOCATION: USOS
ASSOCIATED_DATA: N/A
INSTRUMENT_INFO: Printed Optical Particle Spectrometer counts particles from 140 - 2500 nm in diameter 
DATA_INFO: Particle concentrations reported in number per cubic centimeter,1 Hz data
UNCERTAINTY: Counting uncertainty dominated by air flow, less than 5 percent. Measurement range is ~0 - 3000 per cm3 (varies depending on flow rate- manufacturer quotes 1250 per cm3 at 1.667 cc/s)
ULOD_FLAG: -7777
ULOD_VALUE: N/A
LLOD_FLAG: -8888
LLOD_VALUE: N/A
DM_CONTACT_INFO: Troy Thornberry, 325 Broadway R/CSL6, Boulder, CO 80305; troy.thornberry@noaa.gov; 303-497-3373
PROJECT_INFO: USOS, Utah POPS data from NOAA CSL Mobile Lab
STIPULATIONS_ON_USE: Please contact the PIs for questions regarding applications and uncertainties
OTHER_COMMENTS: POPS bin Edges (nm):  140.1, 146.3, 152.8, 159.6, 166.8, 174.2, 181.9, 190.0, 198.5, 207.4, 216.6, 226.2, 236.3, 246.8, 257.8, 269.3, 343.4, 450.7, 525.9, 618.5, 710.0, 822.7, 885.9, 953.9, 1027.2, 1106.1, 1191.0, 1282.5, 1381.0, 1487.1, 1601.3, 1724.3, 1856.7, 1999.3, 2152.8, 2318.2, 2496.2
Calculations assume organic aerosol refractive index of 1.52+0.00j and extinction wavelength = 532 nm
REVISION: R0
R0: Final data
Time_Start, Time_Stop, Time_Mid, Press_mb, Temp_C, Aerosol_concentration, Surface_Area_Conc, Volume_density, Effective_radius, Extinction, Bin01, Bin02, Bin03, Bin04, Bin05, Bin06, Bin07, Bin08, Bin09, Bin10, Bin11, Bin12, Bin13, Bin14, Bin15, Bin16, Bin17, Bin18, Bin19, Bin20, Bin21, Bin22, Bin23, Bin24, Bin25, Bin26, Bin27, Bin28, Bin29, Bin30, Bin31, Bin32, Bin33, Bin34, Bin35, Bin36
[from data line 748]
44880,44939,44910,874.689,33.777,469.560,91.830,5.052,0.164,0.031,22.715918,21.788918,22.097338,22.268049,23.854715,23.474546,23.823282,23.669928,23.752554,23.600492,24.248627,25.029203,24.821764,24.226389,21.621241,84.130493,26.610346,5.406549,1.460990,0.256501,0.262964,0.084006,0.083502,0.033033,0.021817,0.033521,0.033512,0.011186,0.016506,0.016873,0.027700,0.022787,0.010894,0.005574,0.016726,0.022013
44940,44999,44970,874.693,33.803,464.904,92.010,5.330,0.173,0.031,21.817282,22.442404,22.452353,23.353741,23.720053,23.633322,23.069996,23.854746,22.688292,22.396894,23.561981,24.306253,24.412004,23.706423,21.398346,82.889900,26.888186,5.413879,1.817826,0.289816,0.280380,0.115787,0.032869,0.055270,0.050530,0.017071,0.022499,0.016780,0.011074,0.021918,0.039413,0.044080,0.038293,0.005556,0.011174,0.027466
45000,45059,45030,874.697,33.872,467.972,91.544,4.923,0.161,0.031,22.152935,21.701700,22.098137,23.289665,23.714066,23.551319,23.345921,23.811199,23.431149,23.379786,22.949099,24.793636,24.476116,24.422688,21.491388,84.560463,26.791466,5.365869,1.734455,0.216087,0.233042,0.129404,0.053141,0.046542,0.023362,0.034789,0.035282,0.017344,0.029227,0.029082,0.017763,0.022584,0.005927,0.000000,0.000000,0.017167
45060,45119,45090,874.690,33.768,462.722,91.218,4.985,0.163,0.031,21.315031,21.802923,22.511080,22.497086,23.493204,22.895147,23.020542,23.422552,23.041245,22.859335,22.827349,23.657248,24.263273,24.037283,21.514940,84.588516,26.671000,5.697630,1.686347,0.274910,0.239768,0.056554,0.079643,0.034471,0.050510,0.030112,0.011750,0.011306,0.016834,0.005672,0.028254,0.011215,0.028603,0.005987,0.022767,0.011859
45120,45179,45150,874.674,33.728,467.169,90.708,4.734,0.156,0.030,21.745497,21.879341,22.139435,23.392056,23.426123,23.835989,23.913420,23.624079,22.837355,22.983242,23.399240,24.510725,25.316416,24.125599,21.607143,84.501251,26.028946,5.559625,1.598098,0.160028,0.195326,0.114171,0.034698,0.040668,0.023202,0.046409,0.028844,0.011553,0.017096,0.022599,0.022784,0.000000,0.000000,0.005672,0.011535,0.011288
45180,45239,45210,874.680,33.756,464.548,91.222,5.176,0.169,0.031,22.489393,21.731035,22.314341,22.916975,24.006876,23.552517,23.180584,23.512373,23.233461,23.133976,23.477915,24.372015,24.599781,23.647663,21.244377,83.312935,25.769060,5.375775,1.755210,0.221847,0.168589,0.096169,0.046522,0.078339,0.061160,0.011356,0.029281,0.016838,0.029237,0.017164,0.039002,0.033450,0.016884,0.023019,0.021825,0.011122
45240,45299,45270,874.730,33.810,464.936,91.846,5.252,0.171,0.031,21.971090,21.856747,21.955145,23.445496,23.967978,23.410131,22.453753,23.990923,22.715389,22.268242,23.486633,24.267710,24.997463,24.239151,21.297832,83.974083,26.560324,5.578800,1.553221,0.282246,0.188572,0.088820,0.055738,0.038409,0.043771,0.005359,0.016473,0.022068,0.017104,0.027581,0.055175,0.022210,0.027611,0.000000,0.016802,0.038348
45300,45359,45330,874.741,33.808,465.187,90.768,4.871,0.160,0.030,22.189556,21.985178,22.448099,22.089617,24.169411,23.969923,23.250221,23.575115,23.311901,22.423985,23.023087,24.949444,24.679041,24.024023,21.110811,84.016235,25.868565,5.445080,1.731310,0.220424,0.232449,0.168622,0.063340,0.040494,0.034523,0.011652,0.022804,0.016785,0.023003,0.029226,0.017626,0.011633,0.000000,0.000000,0.017201,0.016960
45360,45419,45390,874.717,33.746,465.474,90.858,4.856,0.160,0.030,21.710079,21.817905,21.818884,22.891899,24.353729,23.834074,23.524647,23.694731,23.426519,22.902407,23.633671,23.674210,24.419617,23.868641,21.270596,84.690147,25.659332,5.645974,1.781995,0.254636,0.180983,0.083525,0.071433,0.038656,0.043732,0.039230,0.005519,0.016316,0.021750,0.027550,0.016783,0.010845,0.005612,0.022281,0.010571,0.005308
45420,45479,45450,874.730,33.763,466.987,92.381,5.200,0.168,0.031,21.742487,21.333029,22.310848,23.480124,23.784723,23.648569,23.525520,23.330591,23.327559,22.937523,22.987865,24.197702,25.040127,23.949345,21.695391,85.022461,26.603981,5.414971,1.666550,0.250192,0.170566,0.111236,0.067565,0.050778,0.078516,0.045286,0.011191,0.011649,0.022038,0.021987,0.038720,0.005707,0.050753,0.011380,0.022898,0.017157
45480,45539,45510,874.738,33.794,460.264,90.310,5.156,0.171,0.030,21.250856,22.336357,21.487764,22.568201,22.983328,23.511723,23.670444,23.654535,23.069809,23.166792,22.679144,23.830057,24.814362,23.694487,21.455040,83.164146,25.055136,5.386921,1.595668,0.278065,0.168602,0.061117,0.065069,0.032990,0.044235,0.016385,0.016638,0.005865,0.016197,0.033452,0.044954,0.032546,0.016767,0.011007,0.005450,0.040225
45540,45599,45570,874.742,33.863,464.643,92.464,5.435,0.175,0.031,21.760317,22.095490,22.742025,22.453997,23.398565,23.084827,23.682159,23.385967,23.563278,22.431543,23.160450,24.595673,24.796335,23.682055,21.212378,84.428299,25.867411,5.575181,1.606035,0.289761,0.192300,0.129720,0.067989,0.051025,0.034138,0.039499,0.050390,0.028498,0.022866,0.017159,0.061544,0.022343,0.033872,0.033927,0.022890,0.022677
45600,45659,45630,874.753,33.848,465.785,91.968,5.197,0.168,0.031,21.256140,21.856010,21.940565,23.095259,23.734375,23.320402,23.213049,23.455709,23.436291,23.240627,23.389275,24.025623,25.008589,24.542536,21.772518,83.989876,26.184610,5.702357,1.684329,0.284578,0.144834,0.088342,0.069604,0.034482,0.040393,0.041291,0.046381,0.029274,0.023649,0.011413,0.017763,0.022802,0.017508,0.017429,0.023569,0.023465
45660,45719,45690,874.771,33.761,461.467,90.702,5.008,0.165,0.030,21.536289,21.838390,21.959541,23.121309,23.198729,23.334356,23.107260,23.545025,22.287045,22.985937,22.486860,24.036581,24.332281,24.111666,20.963526,84.626564,26.153709,5.214384,1.692039,0.282221,0.230582,0.073715,0.038898,0.072640,0.028576,0.016804,0.022446,0.016838,0.011284,0.022621,0.033980,0.016939,0.027704,0.005707,0.017101,0.016991
45720,45779,45750,874.772,33.731,464.389,91.532,5.098,0.166,0.031,21.302134,21.836226,22.225872,23.071617,23.132175,23.126051,23.581120,23.146654,23.003401,23.058016,23.693680,24.019705,24.691320,24.592825,21.530609,83.687347,26.291664,5.751740,1.714476,0.245367,0.206163,0.100030,0.066648,0.044001,0.044102,0.027396,0.050684,0.011052,0.021707,0.021975,0.016441,0.021691,0.010876,0.000000,0.000000,0.044149
45780,45839,45810,874.782,33.762,467.591,92.221,5.157,0.167,0.031,22.030766,22.319954,22.109415,22.629122,23.541033,24.066319,23.847601,23.641077,23.122278,22.586678,23.936266,24.005817,24.679049,24.427628,21.340178,84.798424,26.032129,5.743454,1.652624,0.374232,0.194799,0.088475,0.056164,0.038687,0.044096,0.038361,0.027731,0.038936,0.022335,0.050646,0.028256,0.022316,0.017163,0.011206,0.010790,0.016668
45840,45899,45870,874.793,33.791,456.920,89.834,5.115,0.170,0.030,21.578030,21.729248,20.876917,22.973417,23.037796,23.328253,22.652895,23.782160,22.566124,22.581352,22.402821,24.676651,23.568577,24.684965,20.676382,82.203094,25.774630,5.148403,1.699372,0.234769,0.248436,0.124202,0.064344,0.035241,0.029847,0.017571,0.018250,0.022978,0.029547,0.023814,0.023353,0.059211,0.012096,0.017778,0.005779,0.011905
45900,45959,45930,874.816,33.827,464.462,91.602,5.157,0.168,0.031,21.522532,22.052187,21.526741,23.109152,24.118294,23.728241,23.494293,23.274689,22.639462,22.678068,23.138777,24.522194,24.929935,24.204556,20.962965,84.256165,26.098949,5.681691,1.610030,0.233757,0.162389,0.104864,0.057801,0.034699,0.046814,0.034800,0.034955,0.017471,0.035426,0.010881,0.040151,0.017603,0.029243,0.017213,0.011800,0.023121
45960,46019,45990,874.825,33.752,467.338,91.844,5.084,0.165,0.031,21.711340,22.617655,22.152386,23.174183,23.191891,24.275389,23.677526,23.847980,22.752607,22.515459,23.423933,24.085678,24.471617,24.629654,21.365755,84.698395,26.891655,5.385140,1.546180,0.237553,0.209794,0.084976,0.045300,0.067640,0.027712,0.045806,0.005726,0.022287,0.017636,0.040146,0.044913,0.016685,0.005575,0.022973,0.017354,0.011478
46020,46079,46050,874.806,33.680,466.830,91.946,5.128,0.166,0.031,21.468031,22.059889,22.238876,23.847485,23.035515,24.026217,23.642757,23.772753,22.376148,22.821104,23.131916,24.287142,25.064262,23.718903,21.458273,84.753334,27.145329,5.544349,1.568636,0.243265,0.169499,0.090867,0.062109,0.039485,0.039281,0.033522,0.005707,0.011151,0.027869,0.033632,0.016701,0.016893,0.022412,0.011327,0.022814,0.022419
46080,46139,46110,874.795,33.723,470.998,93.942,5.458,0.173,0.032,21.821716,21.713770,22.633589,23.069332,23.506632,24.196318,23.821007,24.099335,22.888660,22.893167,23.292534,24.549564,25.176380,23.927334,21.688017,86.063766,27.207048,5.433184,1.817935,0.363861,0.263883,0.069211,0.086859,0.068756,0.034487,0.023246,0.046182,0.028880,0.022804,0.040445,0.034303,0.034694,0.017310,0.017575,0.023008,0.022795
46140,46199,46170,874.815,33.727,467.145,91.649,5.074,0.165,0.031,21.967291,22.737957,22.577692,22.868568,24.049410,23.829679,23.800419,23.631088,23.124615,23.221003,23.246128,24.011263,23.932663,23.877073,22.158798,83.476204,26.108393,5.780410,1.837025,0.277235,0.128449,0.104828,0.088859,0.049688,0.039240,0.028059,0.032868,0.010931,0.022206,0.022046,0.038612,0.016296,0.005394,0.000000,0.011171,0.033539
46200,46259,46230,874.807,33.750,464.623,91.356,5.098,0.167,0.031,21.401365,22.234566,22.058538,22.858801,23.876032,23.799835,23.283752,23.456917,23.341249,22.875797,22.836260,23.980551,24.672815,24.227249,21.204763,84.363396,26.337248,5.272045,1.535538,0.260642,0.243590,0.115696,0.060018,0.059995,0.032840,0.010992,0.039073,0.027760,0.011076,0.027622,0.022375,0.016451,0.033704,0.005650,0.011041,0.027402
46260,46319,46290,874.840,33.680,461.691,90.740,5.008,0.165,0.031,22.024300,21.847382,22.280426,22.980759,23.197227,22.738600,22.847860,23.702642,22.866047,22.646109,23.233238,23.961048,24.468336,23.868456,21.074789,83.429245,26.410582,5.460400,1.716766,0.326901,0.170095,0.077224,0.060557,0.043629,0.032942,0.027219,0.032618,0.010813,0.010636,0.033019,0.039439,0.022444,0.010985,0.005411,0.022144,0.011035
46320,46379,46350,874.821,33.599,463.864,91.182,5.164,0.169,0.031,22.371502,21.591303,22.181145,23.452444,23.326586,23.901197,23.322603,23.077431,23.066719,23.675240,23.466452,24.289850,24.692652,23.194508,21.572796,83.122612,25.494402,5.071219,1.963535,0.305377,0.216001,0.066428,0.066240,0.044162,0.027752,0.050399,0.033276,0.016613,0.010840,0.056388,0.055008,0.027039,0.022022,0.000000,0.005556,0.027051
46380,46439,46410,874.807,33.640,467.051,91.393,5.038,0.165,0.030,22.300592,21.887371,22.700104,23.262608,23.934166,23.573681,23.542139,23.348881,23.077404,23.798983,22.799427,24.231794,24.514946,24.122335,22.071930,83.397461,26.686033,5.322583,1.679760,0.173476,0.173582,0.089199,0.082662,0.016990,0.039431,0.027704,0.022263,0.022475,0.016200,0.038614,0.011435,0.005447,0.022247,0.005574,0.022827,0.028308
46440,46499,46470,874.805,33.738,464.701,91.162,5.231,0.171,0.030,21.809198,22.213049,22.106318,23.962242,24.336325,23.432875,23.254063,23.474806,23.217133,22.849812,23.879025,23.577497,23.878216,23.862619,21.757011,83.579536,25.684958,5.205116,1.637864,0.298595,0.187571,0.087543,0.072101,0.027832,0.039539,0.022314,0.038799,0.016302,0.016182,0.032645,0.021886,0.039164,0.026968,0.005519,0.027349,0.022508
46500,46559,46530,874.796,33.772,462.824,91.120,5.124,0.168,0.031,21.571196,21.712557,22.248138,23.358877,23.667130,23.429182,23.241613,23.307306,22.508408,23.097227,23.383051,23.900415,24.563808,24.760233,21.407167,82.660980,25.951006,5.212249,1.691832,0.308945,0.284317,0.101418,0.095731,0.053114,0.047882,0.029518,0.017930,0.017443,0.041155,0.023840,0.035771,0.035100,0.035565,0.012151,0.005933,0.005952
46560,46619,46590,874.790,33.740,466.345,92.492,5.283,0.170,0.031,21.897394,21.933247,22.690578,23.202539,23.709166,22.772480,23.455460,23.460596,22.929836,23.077307,22.507568,24.536839,24.613604,24.835220,21.798380,84.166725,26.560970,5.360650,1.770725,0.241769,0.192862,0.163766,0.078953,0.050611,0.067638,0.005594,0.039103,0.028473,0.039013,0.033505,0.028634,0.011343,0.005631,0.033907,0.005539,0.039085
46620,46679,46650,874.823,33.683,461.508,90.615,5.170,0.170,0.030,21.797253,22.174664,22.332886,22.822475,23.785872,24.167265,23.012770,23.416574,22.131201,22.852680,23.530016,24.383474,24.575954,23.032566,20.765028,83.291756,25.636637,5.272465,1.545357,0.284596,0.149410,0.125973,0.051174,0.085536,0.033830,0.033913,0.023233,0.011507,0.017184,0.045486,0.016979,0.022448,0.011617,0.005598,0.022767,0.040245
46680,46739,46710,874.807,33.650,464.129,91.134,5.050,0.165,0.031,22.445269,21.991863,22.337549,22.467575,24.188663,23.462967,22.554171,23.477011,23.062300,22.637070,22.672674,24.137705,24.622501,24.008396,21.272060,84.480888,26.580774,5.072218,1.690247,0.285395,0.167711,0.122686,0.067279,0.054912,0.045322,0.028011,0.044657,0.010984,0.011249,0.027739,0.016896,0.022894,0.022317,0.011135,0.000000,0.028141
46740,46799,46770,874.821,33.666,461.762,90.370,4.913,0.162,0.030,22.206078,21.235600,21.650831,22.923372,24.268639,23.932411,22.747938,23.548018,22.370907,22.716082,23.084089,24.191757,24.414127,23.952009,20.988972,83.668716,25.747921,5.510521,1.733914,0.236826,0.161366,0.089182,0.053973,0.060251,0.054532,0.035929,0.017623,0.041819,0.005952,0.017476,0.035655,0.017648,0.011886,0.011773,0.000000,0.017861
46800,46859,46830,874.796,33.737,458.251,89.241,4.817,0.161,0.030,21.297943,21.392761,22.034721,22.795382,23.756872,23.673946,23.172945,23.193594,22.474651,22.800909,23.353413,23.917788,24.079554,23.342743,21.056686,82.139603,25.898838,5.441415,1.675178,0.221231,0.160334,0.071576,0.049343,0.016810,0.033339,0.016816,0.022033,0.010897,0.038586,0.016377,0.038473,0.027472,0.011341,0.005767,0.000000,0.011379
46860,46919,46890,874.801,33.688,462.696,90.305,4.907,0.162,0.030,22.256981,22.336597,22.158857,22.453733,23.331034,22.918987,23.651751,23.754580,23.028078,22.364262,22.721523,24.624537,24.332363,24.036873,21.161533,84.208565,25.306883,5.571909,1.582825,0.209913,0.205331,0.105462,0.071138,0.067660,0.056526,0.016611,0.016630,0.010753,0.044067,0.005574,0.017757,0.022130,0.016170,0.000000,0.010842,0.017217
46920,46979,46950,874.814,33.605,461.441,90.694,5.111,0.168,0.030,21.216784,21.120468,21.998125,23.354992,23.461269,23.550526,22.941389,23.534830,22.991343,22.240160,23.212946,24.379406,24.243351,24.718111,21.309341,83.626472,25.639391,5.418158,1.602391,0.270590,0.208822,0.068089,0.045494,0.021773,0.028499,0.017258,0.017069,0.022280,0.017243,0.017176,0.050816,0.022717,0.017316,0.005669,0.022907,0.027889
46980,47039,47010,874.834,33.621,464.478,91.631,5.210,0.169,0.031,21.199924,21.675756,22.272024,23.436529,23.424852,24.187004,23.774555,23.300730,22.761501,23.422895,22.775938,23.801439,24.116629,24.328346,21.540106,84.355019,26.113195,5.397722,1.614168,0.275442,0.213990,0.092403,0.052208,0.051463,0.034415,0.028677,0.028898,0.040137,0.017694,0.023061,0.022787,0.011598,0.011610,0.005728,0.023364,0.046606
47040,47099,47070,874.863,33.661,458.480,90.426,4.960,0.164,0.030,21.542576,21.516569,20.668839,22.880138,22.853914,22.586781,23.401676,23.012102,23.462688,23.161318,22.946526,23.385798,24.657263,23.900272,21.553059,82.847641,25.940880,5.578904,1.567594,0.235806,0.212024,0.100644,0.102203,0.100630,0.045806,0.027832,0.028021,0.017167,0.022519,0.022452,0.038942,0.005824,0.016456,0.011210,0.011247,0.016746
47100,47159,47130,874.867,33.722,461.283,90.637,5.063,0.166,0.030,21.466419,21.527143,21.938164,22.895748,23.308529,23.708969,22.848280,23.140949,23.180225,23.109587,23.329872,23.855440,24.947458,24.467150,20.536158,82.702782,26.118891,5.507589,1.831211,0.233256,0.250720,0.067535,0.060925,0.044430,0.016801,0.021702,0.000000,0.022067,0.016802,0.011207,0.016572,0.022490,0.016817,0.011038,0.022298,0.028051
47160,47219,47190,874.873,33.766,458.347,88.919,4.708,0.158,0.029,21.693226,22.371365,22.130398,21.809370,23.169815,23.448256,23.022671,23.038061,22.748028,23.032450,22.791615,24.595255,23.909105,23.503899,21.090904,82.891228,25.537117,5.191278,1.562280,0.246570,0.214667,0.075845,0.028786,0.045454,0.028861,0.028298,0.034324,0.011444,0.005634,0.011150,0.034405,0.011287,0.011519,0.000000,0.011343,0.011517
