CampaignData_and_Merges/R0/CSL_MobileLab_Parked/raw/20240721/USOS-NOy-LIF_MobileLabGround_20240721_R0.ict
39,1001
Rollins, A.; Waxman, E.; Zuraski, K.; Chace, W.
NOAA Chemical Sciences Laboratory
LIF NO/NOx/NOy on CSL Mobile Lab
AMMBEC / USOS
1, 1
2024,07,21, 2025,01,03
1
Time_Start, seconds, number_of_seconds_since_0000_UTC
7
1, 1, 1, 1, 1, 1, 1
-9999, -9999, -9999, -9999, -9999, -9999, -9999
Time_Stop, seconds, number_of_seconds_since_0000_UTC
NO_LIF, pptv, Gas_NO_InSitu_S_AVMR, volume mixing ratio of nitric oxide in air
NO2_LIF, pptv, Gas_NO2_InSitu_S_AVMR, volume mixing ratio of nitrogen dioxide in air
NOy_LIF, pptv, Gas_NOy_InSitu_S_AVMR, volume mixing ratio of total oxidized nitrogen in air
NO_LIF_1SigmaAccuracy, pptv, Gas_NO_InSitu_S_AVMR, volume mixing ratio of nitric oxide in air
NO2_LIF_1SigmaAccuracy, pptv, Gas_NO2_InSitu_S_AVMR, volume mixing ratio of nitrogen dioxide in air
NOy_LIF_1SigmaAccuracy, pptv, Gas_NOy_InSitu_S_AVMR, volume mixing ratio of total oxidized nitrogen in air
0
18
PI_CONTACT_INFO: andrew.rollins@noaa.gov
PLATFORM: CSL Mobile Lab
LOCATION: Salt Lake City, UT
ASSOCIATED_DATA:
INSTRUMENT_INFO: NO detection by laser induced fluorescence. NO2 detection by photolytic conversion to NO. NOy detection by catalytic conversion to NO on gold surface
DATA_INFO:
UNCERTAINTY: Included 1 Sigma Accuracy waves represent the combined calibration uncertainties (±6%, ±9%, ±10%) and zero uncertainties (3 ppt, 20 ppt, 100 ppt) for NO, NO2, and NOy, respectively.
ULOD_FLAG: -7777
ULOD_VALUE: N/A
LLOD_FLAG: -8888
LLOD_VALUE: N/A
DM_CONTACT_INFO: andrew.rollins@noaa.gov
PROJECT_INFO: USOS Project, July - August 2024
STIPULATIONS_ON_USE: Users are strongly encouraged to contact the PI for proper data usage.
OTHER_COMMENTS:
REVISION: R0
R0: final data
Time_Start, Time_Stop, NO_LIF, NO2_LIF, NOy_LIF, NO_LIF_1SigmaAccuracy, NO2_LIF_1SigmaAccuracy, NOy_LIF_1SigmaAccuracy
[from data line 1051]
   63060,   63120,-9999,-9999,-9999,-9999, -9999, -9999
   63120,   63180,-9999,-9999,-9999,-9999, -9999, -9999
   63180,   63240,-9999,-9999,-9999,-9999, -9999, -9999
   63240,   63300,-9999,-9999,-9999,-9999, -9999, -9999
   63300,   63360,-9999,-9999,-9999,-9999, -9999, -9999
   63360,   63420,-9999,-9999,-9999,-9999, -9999, -9999
   63420,   63480,-9999,-9999,-9999,-9999, -9999, -9999
   63480,   63540,151.77,656.59,1727.7,12.106, 79.093, 272.77
   63540,   63600,359.86,870.69,2018.2,24.592, 98.362, 301.82
   63600,   63660,335.69,1079.3,2459.1,23.142, 117.14, 345.91
   63660,   63720,337.45,965.27,2165.7,23.247, 106.87, 316.57
   63720,   63780,274.07,889.44,2094.2,19.444, 100.05, 309.42
   63780,   63840,286.41,879.39,2142,20.185, 99.145, 314.2
   63840,   63900,880.15,1877,3254,55.809, 188.93, 425.4
   63900,   63960,438.32,1280.1,2734.4,29.299, 135.21, 373.44
   63960,   64020,252.12,967.04,2263.6,18.127, 107.03, 326.36
   64020,   64080,294.65,883.83,2067.5,20.679, 99.545, 306.75
   64080,   64140,149.86,616.62,1652.1,11.991, 75.496, 265.21
   64140,   64200,181.81,706.23,1810.7,13.909, 83.56, 281.07
   64200,   64260,169.61,654.29,1680.2,13.176, 78.886, 268.02
   64260,   64320,154.19,646.72,1742.8,12.251, 78.205, 274.28
   64320,   64380,187.68,718.71,1830,14.261, 84.684, 283
   64380,   64440,302.22,876.58,1977.6,21.133, 98.892, 297.76
   64440,   64500,517.33,1399.6,2793.5,34.04, 145.96, 379.35
   64500,   64560,182.63,734.17,2083.4,13.958, 86.075, 308.34
   64560,   64620,162.33,670.15,1838.2,12.74, 80.313, 283.82
   64620,   64680,192.13,766.99,1933.1,14.528, 89.029, 293.31
   64680,   64740,175.6,757.92,1989.9,13.536, 88.212, 298.99
   64740,   64800,229.71,777.56,1857,16.783, 89.98, 285.7
   64800,   64860,283.11,932.9,2329.6,19.987, 103.96, 332.96
   64860,   64920,507.45,1164.2,2601.2,33.447, 124.78, 360.12
   64920,   64980,250.89,875.94,2184.9,18.053, 98.835, 318.49
   64980,   65040,311.85,1088.8,2180.1,21.711, 117.99, 318.01
   65040,   65100,182.35,1059.7,2315,13.941, 115.37, 331.5
   65100,   65160,155.11,1008.8,2316.1,12.307, 110.79, 331.61
   65160,   65220,221.65,1075.5,2417.2,16.299, 116.79, 341.72
   65220,   65280,176.99,989.96,2357,13.619, 109.1, 335.7
   65280,   65340,137.01,714.75,1930,11.221, 84.328, 293
   65340,   65400,191.19,942.56,2172.5,14.471, 104.83, 317.25
   65400,   65460,940.13,1706.9,2785.9,59.408, 173.62, 378.59
   65460,   65520,531.74,1393,3050.1,34.904, 145.37, 405.01
   65520,   65580,241.61,1064.2,2458.4,17.497, 115.78, 345.84
   65580,   65640,153.6,945.21,2190.2,12.216, 105.07, 319.02
   65640,   65700,113.96,715.46,1939.6,9.8374, 84.391, 293.96
   65700,   65760,138.86,738.46,1976.5,11.331, 86.462, 297.65
   65760,   65820,167.87,757.79,2063.7,13.072, 88.201, 306.37
   65820,   65880,235.47,884.39,2154.1,17.128, 99.595, 315.41
   65880,   65940,206.47,918.44,2297.7,15.388, 102.66, 329.77
   65940,   66000,835.85,2028.9,2953.3,53.151, 202.6, 395.33
   66000,   66060,480.18,1544.3,3142.2,31.811, 158.98, 414.22
   66060,   66120,1047.1,2155.6,3970.1,65.824, 214, 497.01
   66120,   66180,555.55,1691.7,4571.7,36.333, 172.25, 557.17
   66180,   66240,555.1,1464.9,3142.5,36.306, 151.84, 414.25
   66240,   66300,216.52,861.56,2199.9,15.991, 97.541, 319.99
   66300,   66360,186.04,832.61,2221.2,14.162, 94.935, 322.12
   66360,   66420,163.01,788.66,2108.1,12.78, 90.98, 310.81
   66420,   66480,254.6,995.38,2228.6,18.276, 109.58, 322.86
   66480,   66540,420.2,1403.7,2952.7,28.212, 146.33, 395.27
   66540,   66600,208.25,883.56,2359.5,15.495, 99.521, 335.95
   66600,   66660,462.9,1116.1,2687.8,30.774, 120.45, 368.78
   66660,   66720,229.08,923.77,2306,16.745, 103.14, 330.6
   66720,   66780,345.41,1133.3,2743.6,23.725, 122, 374.36
   66780,   66840,174.9,846.16,2296.6,13.494, 96.155, 329.66
   66840,   66900,284.61,1209.8,2681.6,20.077, 128.88, 368.16
   66900,   66960,220.43,1125.6,2827.5,16.226, 121.3, 382.75
   66960,   67020,263.2,1202.6,2737.4,18.792, 128.24, 373.74
   67020,   67080,509.18,1479.9,3136.2,33.551, 153.19, 413.62
   67080,   67140,355.27,1447.3,3494.9,24.316, 150.25, 449.49
   67140,   67200,381.93,1376.9,2867.7,25.916, 143.93, 386.77
   67200,   67260,416.65,1483.4,3086.7,27.999, 153.51, 408.67
   67260,   67320,1214.3,2158.2,3616.6,75.86, 214.23, 461.66
   67320,   67380,874.35,2270,5083,55.461, 224.3, 608.3
   67380,   67440,267.7,1198.8,3050.7,19.062, 127.9, 405.07
   67440,   67500,130.29,707.65,2019.9,10.817, 83.688, 301.99
   67500,   67560,240.55,998.92,2308.3,17.433, 109.9, 330.83
   67560,   67620,221.95,900.75,2272.5,16.317, 101.07, 327.25
   67620,   67680,234.24,1022.3,2550.2,17.054, 112.01, 355.02
   67680,   67740,359.97,1219.8,2802.6,24.598, 129.79, 380.26
   67740,   67800,396.64,1329.3,2954.7,26.799, 139.63, 395.47
   67800,   67860,387.73,1115.2,2732.4,26.264, 120.36, 373.24
   67860,   67920,208.81,852.64,2417.9,15.528, 96.737, 341.79
   67920,   67980,151.44,724.6,2042.5,12.086, 85.214, 304.25
   67980,   68040,149.91,763.86,2078.3,11.995, 88.747, 307.83
   68040,   68100,289.47,1088.7,2726.9,20.368, 117.98, 372.69
   68100,   68160,386.35,1259.4,2658,26.181, 133.34, 365.8
   68160,   68220,190.52,883.08,2570.4,14.431, 99.478, 357.04
   68220,   68280,662.47,1360.4,3183.8,42.748, 142.43, 418.38
   68280,   68340,150.09,696.66,2222.8,12.005, 82.7, 322.28
   68340,   68400,432.93,1399.8,2567.6,28.976, 145.98, 356.76
   68400,   68460,333.88,1166.9,2882.6,23.033, 125.02, 388.26
   68460,   68520,281.37,1140.7,2672.1,19.882, 122.66, 367.21
   68520,   68580,273.49,1028.3,2545.9,19.409, 112.55, 354.59
   68580,   68640,346.16,1396.5,2955.1,23.77, 145.68, 395.51
   68640,   68700,269.98,1057.7,2765.5,19.199, 115.19, 376.55
   68700,   68760,200.74,936.77,2409.2,15.044, 104.31, 340.92
   68760,   68820,281.14,1134.9,2579.6,19.868, 122.14, 357.96
   68820,   68880,366.17,1419.6,3012.3,24.97, 147.76, 401.23
   68880,   68940,336.9,1186,2832.3,23.214, 126.74, 383.23
   68940,   69000,177.17,805.08,2045,13.63, 92.457, 304.5
   69000,   69060,297.09,1026.6,2359.9,20.825, 112.4, 335.99
   69060,   69120,442.09,1225,2556.5,29.525, 130.25, 355.65
   69120,   69180,256.32,1160.8,2609.5,18.379, 124.47, 360.95
   69180,   69240,168.26,832.23,2059.6,13.096, 94.901, 305.96
   69240,   69300,157.96,732.34,1888.2,12.478, 85.91, 288.82
   69300,   69360,157.97,680.89,1984.1,12.478, 81.28, 298.41
   69360,   69420,133.58,618,1768.3,11.015, 75.62, 276.83
   69420,   69480,206.19,768.16,1886.2,15.371, 89.135, 288.62
   69480,   69540,151.68,676.19,1862.5,12.101, 80.857, 286.25
   69540,   69600,214.33,910.81,2112.6,15.86, 101.97, 311.26
   69600,   69660,206.97,782.34,1912.1,15.418, 90.411, 291.21
   69660,   69720,154.28,742.99,1969.6,12.257, 86.869, 296.96
   69720,   69780,126.47,591.43,1693.5,10.588, 73.229, 269.35
   69780,   69840,109.93,493.62,1510,9.5957, 64.426, 251
   69840,   69900,224.21,805.58,1895.2,16.453, 92.502, 289.52
   69900,   69960,459.1,1177.4,2755.8,30.546, 125.96, 375.58
   69960,   70020,438.51,1182.8,2883.4,29.31, 126.46, 388.34
   70020,   70080,146.27,635.42,1840.9,11.776, 77.188, 284.09
   70080,   70140,837.37,1791,3307,53.242, 181.19, 430.7
   70140,   70200,237.71,1009.9,2464,17.262, 110.89, 346.4
   70200,   70260,545.67,1373.6,3254.2,35.74, 143.63, 425.42
   70260,   70320,113.44,594.21,1765.1,9.8064, 73.479, 276.51
   70320,   70380,159.53,775.9,1888.7,12.572, 89.831, 288.87
   70380,   70440,650.83,1793.9,2553.2,42.05, 181.45, 355.32
   70440,   70500,715.62,2281.9,4118,45.937, 225.37, 511.8
   70500,   70560,241,1034.5,2601.6,17.46, 113.11, 360.16
   70560,   70620,222.09,839.06,2102.5,16.325, 95.516, 310.25
   70620,   70680,224.53,900.03,2330.2,16.472, 101, 333.02
   70680,   70740,121.47,580.92,1784.8,10.288, 72.283, 278.48
   70740,   70800,107.73,541.24,1686.1,9.464, 68.712, 268.61
   70800,   70860,182.81,703.1,1770.6,13.969, 83.279, 277.06
   70860,   70920,324.15,1149.7,2538.5,22.449, 123.47, 353.85
   70920,   70980,334,1200.5,2810.9,23.04, 128.05, 381.09
   70980,   71040,407.98,1634.8,2837.7,27.479, 167.13, 383.77
   71040,   71100,-9999,-9999,-9999,-9999, -9999, -9999
   71100,   71160,-9999,-9999,-9999,-9999, -9999, -9999
   71160,   71220,-9999,-9999,-9999,-9999, -9999, -9999
   71220,   71280,-9999,-9999,-9999,-9999, -9999, -9999
   71280,   71340,-9999,-9999,-9999,-9999, -9999, -9999
   71340,   71400,-9999,-9999,-9999,-9999, -9999, -9999
   71400,   71460,-9999,-9999,-9999,-9999, -9999, -9999
   71460,   71520,1055.9,2607.3,4031.5,66.354, 254.66, 503.15
   71520,   71580,1055.1,2700.6,4922.8,66.304, 263.06, 592.28
   71580,   71640,767.44,2152.8,3081.4,49.046, 213.75, 408.14
   71640,   71700,277.2,1003.8,3006.1,19.632, 110.34, 400.61
   71700,   71760,289.48,966.38,2734,20.369, 106.97, 373.4
   71760,   71820,84.344,449.34,1691.8,8.0606, 60.441, 269.18
   71820,   71880,95.216,484.5,1709.6,8.713, 63.605, 270.96
   71880,   71940,187.96,724.81,1786.4,14.278, 85.233, 278.64
   71940,   72000,203.83,843.88,2236.8,15.23, 95.95, 323.68
   72000,   72060,363.14,1088.8,2541.6,24.788, 117.99, 354.16
   72060,   72120,252.84,1095.2,2411.1,18.17, 118.57, 341.11
   72120,   72180,105.7,517.04,1981.3,9.342, 66.534, 298.13
   72180,   72240,118.48,622.33,1970.1,10.109, 76.009, 297.01
   72240,   72300,191,911.17,2440.7,14.46, 102.01, 344.07
   72300,   72360,303.99,1218.3,2580.7,21.24, 129.65, 358.07
   72360,   72420,129.69,619.23,2000.1,10.782, 75.73, 300.01
   72420,   72480,480.54,1252.3,2771.4,31.832, 132.7, 377.14
   72480,   72540,227.1,839.66,2603,16.626, 95.569, 360.3
   72540,   72600,566.9,1442.5,2548.9,37.014, 149.82, 354.89
   72600,   72660,143.67,573.58,1875.9,11.62, 71.622, 287.59
   72660,   72720,194.83,763.54,1973.8,14.69, 88.719, 297.38
   72720,   72780,192.2,868.16,2128.1,14.532, 98.134, 312.81
   72780,   72840,650.32,1798.6,3026.5,42.019, 181.87, 402.65
   72840,   72900,148.95,698.9,2620.1,11.937, 82.901, 362.01
   72900,   72960,406.89,1345.4,2737.7,27.413, 141.09, 373.77
   72960,   73020,189.51,760.7,2469.7,14.371, 88.463, 346.97
   73020,   73080,406.12,1508.1,3046.7,27.367, 155.73, 404.67
   73080,   73140,215.51,890.24,2397.7,15.931, 100.12, 339.77
   73140,   73200,143.25,695.09,1879.3,11.595, 82.558, 287.93
   73200,   73260,159.61,897.03,2192.5,12.576, 100.73, 319.25
   73260,   73320,242.8,1196.3,2571.8,17.568, 127.67, 357.18
   73320,   73380,263,1264.9,2909.9,18.78, 133.84, 390.99
   73380,   73440,252.4,1169.3,2602.3,18.144, 125.23, 360.23
   73440,   73500,337.41,1510,3515.3,23.245, 155.9, 451.53
   73500,   73560,545.03,2207.2,4048.8,35.702, 218.65, 504.88
   73560,   73620,191.19,970.94,2780.8,14.471, 107.38, 378.08
   73620,   73680,1015.1,2565.1,3949.4,63.905, 250.85, 494.94
   73680,   73740,374.32,1424.6,3629.6,25.459, 148.21, 462.96
   73740,   73800,322.06,1509.4,3353.5,22.324, 155.84, 435.35
   73800,   73860,224.67,1145,3046,16.48, 123.05, 404.6
   73860,   73920,218.51,1280.9,3238.2,16.111, 135.28, 423.82
   73920,   73980,185.04,1259.2,3501.9,14.102, 133.33, 450.19
   73980,   74040,164.71,1104.5,3525.5,12.883, 119.4, 452.55
   74040,   74100,149.37,1096.3,3682.6,11.962, 118.67, 468.26
   74100,   74160,129.99,998.5,3886.4,10.8, 109.87, 488.64
   74160,   74220,130.07,999.11,3886.7,10.804, 109.92, 488.67
   74220,   74280,130.15,999.71,3887.1,10.809, 109.97, 488.71
   74280,   74340,132.4,1001.1,3851.7,10.944, 110.1, 485.17
   74340,   74400,234.6,1201,3555.6,17.076, 128.09, 455.56
   74400,   74460,149.44,938.45,3556,11.966, 104.46, 455.6
   74460,   74520,147.88,953.07,3146.5,11.873, 105.78, 414.65
   74520,   74580,157.13,1014.5,3225.1,12.428, 111.3, 422.51
   74580,   74640,145.57,915.36,3223,11.734, 102.38, 422.3
   74640,   74700,171.25,932.63,3458.9,13.275, 103.94, 445.89
   74700,   74760,184.53,1036.4,3612.2,14.072, 113.27, 461.22
   74760,   74820,125.06,780.71,3288.8,10.503, 90.264, 428.88
   74820,   74880,338.55,1312.4,4125.1,23.313, 138.12, 512.51
   74880,   74940,182.86,991.09,3083.1,13.972, 109.2, 408.31
   74940,   75000,318.95,1220.8,4101.8,22.137, 129.87, 510.18
   75000,   75060,486.75,1885.3,6646.7,32.205, 189.68, 764.67
   75060,   75120,174.04,1157,3761.9,13.442, 124.13, 476.19
   75120,   75180,6408.9,9854.6,25371,387.53, 906.92, 2637.1
   75180,   75240,2447.6,6680.8,12898,149.86, 621.27, 1389.8
   75240,   75300,402.58,2100.7,6767.4,27.155, 209.06, 776.74
   75300,   75360,190.58,1242.9,4081.3,14.435, 131.86, 508.13
   75360,   75420,182.84,1302.6,4130.4,13.97, 137.23, 513.04
   75420,   75480,365.83,1991.5,4993.1,24.95, 199.23, 599.31
   75480,   75540,193.75,1289.2,3997.8,14.625, 136.03, 499.78
   75540,   75600,295.99,1530.5,3578.6,20.759, 157.74, 457.86
   75600,   75660,151.51,991.65,3261.7,12.09, 109.25, 426.17
   75660,   75720,169.67,1192.4,3459.9,13.18, 127.32, 445.99
   75720,   75780,177.06,1249.3,3543.8,13.623, 132.44, 454.38
   75780,   75840,186.4,1163.9,3576.7,14.184, 124.75, 457.67
   75840,   75900,174.91,1202.2,3789.5,13.494, 128.2, 478.95
   75900,   75960,162.26,1192.9,3609.7,12.736, 127.36, 460.97
   75960,   76020,155.14,1096.5,3568.4,12.308, 118.69, 456.84
   76020,   76080,153.86,1019.2,3419.4,12.231, 111.72, 441.94
   76080,   76140,189.79,1281.9,3646.1,14.387, 135.37, 464.61
   76140,   76200,135.56,924.92,3322.1,11.134, 103.24, 432.21
   76200,   76260,130.03,934.31,3240.2,10.802, 104.09, 424.02
   76260,   76320,133.82,935.93,3276.9,11.029, 104.23, 427.69
   76320,   76380,114.08,789.93,3006.4,9.8448, 91.094, 400.64
   76380,   76440,117.86,790.37,3006.8,10.072, 91.133, 400.68
   76440,   76500,120.78,869.32,3011.4,10.247, 98.239, 401.14
   76500,   76560,155.4,1076.4,3240.5,12.324, 116.88, 424.05
   76560,   76620,143.27,1016.7,3483,11.596, 111.51, 448.3
   76620,   76680,401.33,1344.9,3908,27.08, 141.04, 490.8
   76680,   76740,306.29,1441.4,4558.5,21.377, 149.73, 555.85
   76740,   76800,829.27,2721.5,8576.9,52.756, 264.94, 957.69
   76800,   76860,155.1,1052,4112.2,12.306, 114.68, 511.22
   76860,   76920,151.86,1012.1,3330.2,12.111, 111.09, 433.02
   76920,   76980,125.31,847.31,3089.3,10.519, 96.258, 408.93
   76980,   77040,112.14,761.81,2908.2,9.7282, 88.563, 390.82
   77040,   77100,121.79,860.56,2948.4,10.308, 97.451, 394.84
   77100,   77160,109.65,762.25,2911.5,9.5791, 88.603, 391.15
   77160,   77220,949.3,2643.3,4618.4,59.958, 257.9, 561.84
   77220,   77280,241.2,1234.5,3677.5,17.472, 131.11, 467.75
   77280,   77340,281.71,1576.9,3965.5,19.902, 161.92, 496.55
   77340,   77400,134.32,888.41,3264.9,11.059, 99.957, 426.49
   77400,   77460,130.07,866.95,3200.6,10.804, 98.025, 420.06
   77460,   77520,241.82,1435.9,3741.6,17.509, 149.23, 474.16
   77520,   77580,176.22,1192.5,3638.7,13.573, 127.33, 463.87
   77580,   77640,187.11,1276,3643.1,14.226, 134.84, 464.31
   77640,   77700,145.79,1018.2,3175.2,11.747, 111.63, 417.52
   77700,   77760,147.7,1013.1,3209.3,11.862, 111.17, 420.93
   77760,   77820,169.75,1089.1,3368.4,13.185, 118.02, 436.84
   77820,   77880,197.44,1267.2,3536.3,14.847, 134.05, 453.63
   77880,   77940,336.43,1265,3796.5,23.186, 133.85, 479.65
   77940,   78000,226.58,1371.1,3719.1,16.595, 143.4, 471.91
   78000,   78060,172.09,1105.6,3237.3,13.325, 119.5, 423.73
   78060,   78120,317.79,1060.9,3237.7,22.067, 115.48, 423.77
   78120,   78180,169.56,1119.3,3253.5,13.174, 120.74, 425.35
   78180,   78240,154.81,1043.2,3204.2,12.289, 113.88, 420.42
   78240,   78300,140.45,974.81,3099.8,11.427, 107.73, 409.98
   78300,   78360,144.95,1028.6,3200.2,11.697, 112.57, 420.02
   78360,   78420,157.03,1075.9,3151.9,12.422, 116.84, 415.19
   78420,   78480,165.43,1112.3,3196.9,12.926, 120.11, 419.69
   78480,   78540,294.81,1375.1,3813.9,20.689, 143.76, 481.39
   78540,   78600,260.09,1373.1,3503.9,18.606, 143.58, 450.39
   78600,   78660,2088.2,4671.8,9808.8,128.29, 440.46, 1080.9
   78660,   78720,1581,4575.4,11253,97.862, 431.79, 1225.3
   78720,   78780,4057.2,6756.4,15887,246.43, 628.08, 1688.7
