CampaignData_and_Merges/R0/CSL_MobileLab_Parked/raw/20240721/USOS-NOAAIodideCIMS-Halogens_MobileLabGround_20240721_RA.ict
38, 1001
Michael A Robinson, Chris Jernigan, Subi Thakali
NOAA ESRL Chemical Sciences Laboratory and CIRES, U. of Colorado
NOAA Iodide CIMS Instrument
USOS
1, 1
2024, 07, 21, 2024, 07, 23
1
starttime_UTC, seconds_past_midnight, seconds_of_day_since_00:00:00_UTC
6
1, 1, 1, 1, 1, 1
-9999, -9999, -9999, -9999, -9999, -9999
Br2_NOAACIMS, pptv, Gas_Br2_InSitu_S_AVMR, 
BrO_NOAACIMS, pptv, Gas_BrO_InSitu_S_AVMR, 
Cl2_NOAACIMS, pptv, Gas_Cl2_InSitu_S_AVMR, 
ClNO2_NOAACIMS, pptv, Gas_ClNO2_InSitu_S_AVMR, 
BrCl_NOAACIMS, pptv, Gas_BrCl_InSitu_S_AVMR, 
NCl3_NOAACIMS, pptv, Gas_NCl3_InSitu_S_AVMR, 
0
18
PI_CONTACT_INFO: 325 Broadway, R/CSD 7, Boulder, Colorado 80305; michael.a.robinson@noaa.gov; chris.jernigan@noaa.gov;
PLATFORM: NOAA CSL Mobile Lab
LOCATION: SLC, Utah
ASSOCIATED_DATA: 1Hz data also available on request.
INSTRUMENT_INFO: NOAA I- ToF CIMS
DATA_INFO: All data in parts per trillion by volume (pptv). 1 Hz data is available upon request.
UNCERTAINTY: TBD
ULOD_FLAG: -7777
ULOD_VALUE: N/A
LLOD_FLAG: -8888
LLOD_VALUE: N/A
DM_CONTACT_INFO: Nathan Howard; nathan.h.howard@noaa.gov
PROJECT_INFO: USOS, summer 2024. https://csl.noaa.gov/groups/csl7/measurements/2024usos/
STIPULATIONS_ON_USE: Users are strongly encouraged to contact the PI for proper data usage.
OTHER_COMMENTS: 
REVISION: RA
RA: Preliminary Data; For in-field use only
starttime_UTC, Br2_NOAACIMS, BrO_NOAACIMS, Cl2_NOAACIMS, ClNO2_NOAACIMS, BrCl_NOAACIMS, NCl3_NOAACIMS
     0,  0.661, -0.037,  0.570,  0.049,  0.162, -0.041
    60,  0.834,  0.089,  0.619,  0.020,  0.152, -0.030
   120,  0.357, -0.044,  0.534, -0.004,  0.104, -0.152
   180,  0.370, -0.077,  0.391, -0.007,  0.037, -0.230
   240,  0.614, -0.014,  0.565,  0.026,  0.138, -0.208
   300, -9999.000, -9999.000, -9999.000, -9999.000, -9999.000, -9999.000
   360,  0.817,  0.226,  0.642,  0.003,  0.153,  0.200
   420,  0.824,  0.075,  0.621,  0.113,  0.142, -0.024
   480,  0.813,  0.077,  0.424,  0.076,  0.165, -0.055
   540,  0.462, -0.019,  0.364,  0.010,  0.049, -0.181
   600,  0.537, -0.069,  0.302,  0.052,  0.073, -0.221
   660,  0.751,  0.011,  0.397,  0.108,  0.136, -0.108
   720,  0.535,  0.014,  0.494,  0.052,  0.087, -0.160
   780, -9999.000, -0.016,  0.531,  0.033,  0.038, -0.190
   840, -9999.000, -0.061,  0.470,  0.036,  0.071, -0.157
   900, -9999.000,  0.044,  0.512,  0.085,  0.081, -0.120
   960, -9999.000,  0.126,  0.480,  0.088,  0.118, -0.111
  1020, -9999.000,  0.012,  0.409,  0.020,  0.026, -0.191
  1080, -9999.000, -0.122,  0.318,  0.012,  0.013, -0.230
  1140, -9999.000, -0.097,  0.182, -0.036, -0.016, -0.190
  1200, -9999.000, -0.073,  0.416,  0.029,  0.013, -0.115
  1260, -9999.000,  0.144,  0.484,  0.075,  0.071,  0.068
  1320, -9999.000,  0.044,  0.647,  0.016,  0.087,  0.115
  1380, -9999.000,  0.076,  0.537,  0.030,  0.079,  0.081
  1440, -9999.000,  0.126,  0.568,  0.018,  0.083,  0.094
  1500, -9999.000, -0.001,  0.567,  0.013,  0.068,  0.062
  1560, -9999.000,  0.132,  0.567,  0.007,  0.080,  0.048
  1620, -9999.000,  0.094,  0.578,  0.016,  0.087,  0.125
  1680, -9999.000, -0.010,  0.519,  0.017,  0.070,  0.095
  1740, -9999.000,  0.030,  0.566,  0.037,  0.078,  0.087
  1800, -9999.000,  0.062,  0.557,  0.012,  0.077,  0.033
  1860, -9999.000, -0.108,  0.533,  0.018,  0.017, -0.116
  1920, -9999.000, -0.177,  0.249, -0.040, -0.065, -0.262
  1980, -9999.000, -0.006,  0.478,  0.039,  0.078, -0.003
  2040, -9999.000, -0.122,  0.301, -0.011, -0.011, -0.180
  2100, -9999.000, -0.033,  0.369, -0.025,  0.000, -0.113
  2160, -9999.000, -9999.000, -9999.000, -9999.000, -9999.000, -9999.000
  2220, -9999.000, -0.102,  0.532, -0.007, -0.022, -0.106
  2280, -9999.000, -0.102,  0.406,  0.026, -0.013, -0.119
  2340, -9999.000, -0.091,  0.394, -0.005,  0.003, -0.098
  2400, -9999.000, -0.069,  0.402,  0.002, -0.025, -0.016
  2460, -9999.000, -0.095,  0.391,  0.010, -0.028, -0.077
  2520, -9999.000, -0.088,  0.363, -0.014, -0.021, -0.070
  2580, -9999.000, -0.054,  0.606,  0.019,  0.016,  0.007
  2640, -9999.000, -0.094,  0.557,  0.001, -0.012, -0.053
  2700, -9999.000,  0.030,  0.602,  0.059,  0.081,  0.190
  2760, -9999.000,  0.011,  0.460,  0.038,  0.055,  0.177
  2820, -9999.000,  0.075,  0.542,  0.033,  0.092,  0.319
  2880, -9999.000,  0.058,  0.669,  0.051,  0.035,  0.398
  2940,  0.902,  0.076,  0.514,  0.020,  0.015,  0.465
  3000,  0.843,  0.065,  0.593,  0.034,  0.029,  0.345
  3060,  0.903,  0.030,  0.515,  0.029,  0.019,  0.346
  3120,  0.734, -0.013,  0.565,  0.056,  0.051,  0.204
  3180,  0.779, -0.021,  0.635,  0.068,  0.061,  0.225
  3240,  0.785,  0.152,  0.603,  0.056,  0.071,  0.280
  3300,  0.771, -0.070,  0.708,  0.034,  0.031,  0.291
  3360,  0.598, -0.068,  0.556,  0.011,  0.024,  0.140
  3420,  0.518, -0.076,  0.582,  0.040,  0.017,  0.147
  3480,  0.812,  0.129,  0.724,  0.029,  0.058,  0.286
  3540,  0.622, -0.051,  0.718,  0.050,  0.080,  0.150
  3600,  0.625,  0.002,  0.523,  0.033,  0.026,  0.159
  3660,  0.591, -0.021,  0.517,  0.034,  0.023,  0.173
  3720,  0.708,  0.178,  0.615,  0.047,  0.035,  0.352
  3780,  0.533,  0.013,  0.506,  0.042,  0.021,  0.221
  3840,  0.522,  0.098,  0.594,  0.047,  0.045,  0.320
  3900,  0.614,  0.023,  0.668,  0.056,  0.014,  0.239
  3960,  0.434,  0.002,  0.718,  0.091,  0.037,  0.159
  4020, -9999.000, -9999.000, -9999.000, -9999.000, -9999.000, -9999.000
  4080,  0.489,  0.119,  0.627,  0.049,  0.056,  0.324
  4140,  0.608,  0.087,  0.642,  0.060,  0.083,  0.265
  4200,  0.479,  0.095,  0.510,  0.066,  0.060,  0.256
  4260,  0.565,  0.085,  0.481,  0.040,  0.074,  0.124
  4320,  0.518,  0.026,  0.518,  0.037,  0.062,  0.247
  4380,  0.703,  0.039,  0.594,  0.049,  0.063,  0.224
  4440,  0.680,  0.037,  0.677,  0.039,  0.082,  0.141
  4500,  0.730, -0.048,  0.503,  0.036,  0.085,  0.236
  4560,  0.581,  0.032,  0.458,  0.015,  0.083,  0.096
  4620,  0.640,  0.061,  0.410,  0.026,  0.125,  0.276
  4680,  0.640,  0.127,  0.390,  0.017,  0.082,  0.259
  4740,  0.793,  0.095,  0.453,  0.039,  0.076,  0.153
  4800,  0.669, -0.064,  0.514,  0.027,  0.093,  0.257
  4860,  0.589,  0.032,  0.510,  0.043,  0.091,  0.199
  4920,  0.476,  0.006,  0.448,  0.024,  0.090,  0.215
  4980,  0.539, -0.000,  0.474,  0.037,  0.072,  0.064
  5040,  0.671,  0.026,  0.488,  0.018,  0.083,  0.213
  5100,  0.610,  0.001,  0.462,  0.017,  0.123,  0.220
  5160,  0.773,  0.038,  0.528,  0.020,  0.124,  0.100
  5220,  0.717, -0.002,  0.519,  0.027,  0.136,  0.262
  5280,  0.696,  0.004,  0.493,  0.062,  0.120,  0.103
  5340,  0.794, -0.010,  0.549,  0.027,  0.099,  0.191
  5400,  0.778,  0.010,  0.448,  0.023,  0.117,  0.167
  5460,  0.630, -0.043,  0.522, -0.001,  0.151,  0.156
  5520,  0.682, -0.044,  0.586,  0.025,  0.135,  0.216
  5580,  0.746,  0.069,  0.539,  0.028,  0.118,  0.305
  5640,  0.718,  0.044,  0.531,  0.002,  0.134,  0.124
  5700,  0.872,  0.060,  0.521,  0.024,  0.120,  0.193
  5760,  0.810, -0.003,  0.496,  0.030,  0.124,  0.209
  5820,  0.868, -0.040,  0.454,  0.031,  0.137,  0.125
  5880,  0.944,  0.036,  0.388,  0.003,  0.142,  0.333
  5940,  0.795,  0.011,  0.430,  0.016,  0.143,  0.186
  6000,  0.660, -0.067,  0.450,  0.006,  0.079,  0.113
  6060,  0.763,  0.033,  0.497,  0.005,  0.084,  0.075
  6120,  0.771, -0.004,  0.471,  0.025,  0.097,  0.173
  6180,  0.680, -0.058,  0.417,  0.002,  0.123,  0.061
  6240,  0.799,  0.004,  0.429,  0.013,  0.124,  0.038
  6300,  0.849,  0.041,  0.437,  0.026,  0.097,  0.134
  6360,  0.679, -0.034,  0.411,  0.001,  0.083,  0.173
  6420,  0.669,  0.024,  0.474,  0.020,  0.092,  0.188
  6480,  0.738, -0.008,  0.534,  0.052,  0.114,  0.195
  6540,  0.751, -0.066,  0.471,  0.018,  0.119,  0.199
  6600,  0.811, -0.081,  0.483,  0.024,  0.103,  0.171
  6660,  0.827, -0.041,  0.515,  0.052,  0.094,  0.259
  6720,  0.687,  0.007,  0.443,  0.040,  0.154,  0.184
  6780,  0.375, -0.078,  0.407,  0.026,  0.102,  0.231
  6840,  0.649, -0.111,  0.457,  0.027,  0.104,  0.201
  6900,  0.741,  0.019,  0.647,  0.043,  0.084,  0.209
  6960,  0.516, -0.101,  0.455,  0.027,  0.091,  0.259
  7020,  0.708, -0.089,  0.651,  0.046,  0.134,  0.371
  7080,  0.672, -0.090,  0.617,  0.046,  0.122,  0.372
  7140,  0.860, -0.051,  0.585,  0.039,  0.126,  0.363
  7200,  0.756,  0.010,  0.508,  0.036,  0.139,  0.367
  7260,  0.909, -0.058,  0.637,  0.028,  0.119,  0.402
  7320,  0.803, -0.091,  0.561,  0.044,  0.096,  0.429
  7380,  0.742, -0.086,  0.536,  0.053,  0.140,  0.424
  7440,  0.787, -0.082,  0.562,  0.067,  0.093,  0.399
  7500,  0.754, -0.086,  0.549,  0.063,  0.118,  0.379
  7560,  0.722, -0.039,  0.548,  0.060,  0.126,  0.421
  7620,  0.748, -0.008,  0.566,  0.043,  0.088,  0.445
  7680,  0.785, -0.253,  0.486, -0.015,  0.311,  0.213
  7740,  0.711,  0.071,  0.719,  0.038,  0.149,  0.533
  7800,  0.658, -0.050,  0.550,  0.056,  0.090,  0.360
  7860,  0.651, -0.122,  0.555,  0.067,  0.133,  0.309
  7920,  0.680, -0.027,  0.487,  0.084,  0.103,  0.338
  7980,  0.795, -0.028,  0.539,  0.056,  0.081,  0.365
  8040,  0.792, -0.057,  0.479,  0.070,  0.141,  0.449
  8100,  0.729,  0.077,  0.504,  0.033,  0.130,  0.396
  8160,  0.802, -0.033,  0.543,  0.070,  0.115,  0.483
  8220,  0.786, -0.073,  0.547,  0.037,  0.125,  0.341
  8280,  0.809, -0.044,  0.587,  0.048,  0.104,  0.455
  8340,  0.806, -0.027,  0.618,  0.052,  0.120,  0.435
  8400,  0.289, -0.109,  0.514,  0.029,  0.070,  0.229
  8460,  0.731,  0.036,  0.618,  0.066,  0.101,  0.423
  8520,  0.777,  0.083,  0.574,  0.042,  0.144,  0.506
  8580,  0.720, -0.007,  0.647,  0.044,  0.122,  0.431
  8640,  0.914, -0.016,  0.543,  0.051,  0.099,  0.446
  8700,  0.876,  0.031,  0.646,  0.048,  0.108,  0.398
  8760,  0.820, -0.019,  0.661,  0.057,  0.158,  0.571
  8820,  0.831,  0.003,  0.580,  0.059,  0.114,  0.645
  8880,  0.732, -0.055,  0.652,  0.051,  0.143,  0.643
  8940,  0.734,  0.022,  0.531,  0.040,  0.116,  0.504
  9000,  0.759,  0.063,  0.723,  0.028,  0.111,  0.669
  9060,  0.947, -0.008,  0.649,  0.064,  0.176,  0.647
  9120,  0.861,  0.041,  0.603,  0.039,  0.107,  0.639
  9180,  0.894,  0.065,  0.711,  0.049,  0.141,  0.703
  9240,  0.896,  0.023,  0.628,  0.070,  0.129,  0.635
  9300,  0.943,  0.023,  0.665,  0.059,  0.137,  0.684
  9360,  0.838,  0.027,  0.661,  0.078,  0.147,  0.514
  9420,  0.889,  0.079,  0.702,  0.065,  0.171,  0.591
  9480,  1.019,  0.088,  0.643,  0.025,  0.168,  0.695
  9540,  0.340,  0.021,  0.657,  0.046,  0.130,  0.274
  9600,  0.873,  0.052,  0.706,  0.069,  0.121,  0.544
  9660,  0.812,  0.066,  0.630,  0.057,  0.107,  0.640
  9720,  0.904,  0.041,  0.640,  0.045,  0.113,  0.628
  9780,  0.778,  0.089,  0.573,  0.057,  0.085,  0.643
  9840,  0.810,  0.077,  0.596,  0.049,  0.116,  0.562
  9900,  0.893, -0.005,  0.628,  0.043,  0.119,  0.528
  9960,  0.839, -0.017,  0.602,  0.053,  0.135,  0.593
 10020,  0.489, -0.053,  0.499,  0.027,  0.066,  0.397
 10080, -0.333, -0.131,  0.391,  0.004, -0.032, -0.030
 10140,  0.854, -0.066,  0.575,  0.078,  0.083,  0.456
 10200,  0.895, -0.040,  0.494,  0.048,  0.070,  0.425
 10260,  0.696, -0.059,  0.424,  0.024,  0.074,  0.341
 10320,  0.829, -0.000,  0.452,  0.028,  0.069,  0.418
 10380,  0.960,  0.015,  0.503,  0.052,  0.049,  0.604
 10440,  0.696, -0.038,  0.578,  0.028,  0.093,  0.441
 10500,  0.848, -0.072,  0.508,  0.029,  0.080,  0.540
 10560, -0.005, -0.079,  0.427,  0.014, -0.039,  0.207
 10620,  0.781, -0.068,  0.473,  0.027,  0.076,  0.649
 10680,  0.899, -0.059,  0.598,  0.054,  0.100,  0.735
 10740,  0.760, -0.069,  0.512,  0.030,  0.067,  0.637
 10800,  0.794, -0.023,  0.460,  0.023,  0.078,  0.619
 10860,  0.822, -0.034,  0.417,  0.034,  0.073,  0.675
 10920,  0.811, -0.090,  0.473,  0.044,  0.144,  0.978
 10980,  0.768, -0.096,  0.427,  0.038,  0.083,  0.604
 11040,  0.770, -0.046,  0.419,  0.050,  0.089,  0.813
 11100,  0.689, -0.019,  0.460,  0.048,  0.111,  0.749
 11160,  0.778, -0.101,  0.473,  0.043,  0.090,  0.866
 11220,  0.883, -0.066,  0.370,  0.051,  0.049,  0.847
 11280,  0.759, -0.039,  0.398,  0.042,  0.080,  0.804
 11340,  0.680, -0.082,  0.439,  0.078,  0.097,  0.778
 11400, -9999.000, -9999.000, -9999.000, -9999.000, -9999.000, -9999.000
 11460,  0.854, -0.090,  0.412,  0.068,  0.062,  0.819
 11520,  0.859, -0.083,  0.411,  0.063,  0.053,  0.806
 11580,  0.820,  0.000,  0.328,  0.040,  0.074,  0.686
 11640,  0.859, -0.028,  0.362,  0.056,  0.037,  0.693
 11700,  0.889, -0.105,  0.390,  0.057,  0.069,  0.719
 11760,  0.766, -0.012,  0.299,  0.043,  0.085,  0.745
 11820,  0.801, -0.041,  0.408,  0.050,  0.063,  0.763
 11880,  0.973, -0.061,  0.397,  0.049,  0.068,  0.821
 11940,  0.907,  0.020,  0.482,  0.040,  0.086,  0.859
 12000,  0.974, -0.058,  0.402,  0.052,  0.054,  0.997
 12060,  0.990,  0.046,  0.409,  0.049,  0.079,  0.706
 12120,  0.902,  0.016,  0.386,  0.037,  0.060,  0.882
 12180,  0.958, -0.032,  0.370,  0.071,  0.020,  0.702
 12240,  0.536, -0.103,  0.351,  0.041,  0.001,  0.363
 12300,  0.892,  0.031,  0.503,  0.065,  0.028,  0.824
 12360,  0.949,  0.055,  0.481,  0.068,  0.012,  0.835
 12420,  0.868,  0.044,  0.370,  0.037,  0.043,  0.855
 12480,  0.819,  0.005,  0.504,  0.044, -0.016,  0.719
 12540,  0.776,  0.016,  0.418,  0.056,  0.017,  0.705
 12600,  0.884,  0.020,  0.392,  0.020,  0.011,  0.657
 12660,  0.744,  0.011,  0.292,  0.040,  0.009,  0.500
 12720,  0.835,  0.118,  0.368,  0.037,  0.030,  0.484
 12780,  0.971,  0.002,  0.408,  0.043,  0.024,  0.576
 12840,  0.938,  0.150,  0.422,  0.054,  0.026,  0.688
 12900,  0.873,  0.057,  0.465,  0.079,  0.017,  0.758
 12960,  0.874,  0.119,  0.407,  0.056,  0.022,  0.571
 13020,  0.939,  0.114,  0.421,  0.076,  0.005,  0.527
 13080,  0.894,  0.163,  0.295,  0.054,  0.004,  0.425
 13140,  0.708,  0.105,  0.360,  0.060, -0.018,  0.375
 13200,  0.921,  0.111,  0.394,  0.052,  0.013,  0.293
 13260,  0.948,  0.209,  0.353,  0.045, -0.078,  0.335
 13320,  0.922,  0.152,  0.312,  0.044, -0.003,  0.434
 13380,  0.788, -0.015,  0.386,  0.049,  0.053,  0.662
 13440,  0.883,  0.056,  0.361,  0.043,  0.010,  0.553
 13500,  0.846,  0.080,  0.342,  0.053,  0.014,  0.429
 13560,  0.862,  0.060,  0.343,  0.060,  0.010,  0.417
 13620,  0.897, -0.014,  0.359,  0.027,  0.062,  0.391
 13680,  0.919,  0.036,  0.398,  0.041,  0.035,  0.246
 13740,  0.828,  0.072,  0.310,  0.056, -0.037,  0.240
 13800,  1.024,  0.045,  0.330,  0.046,  0.006,  0.207
 13860,  0.840, -0.010,  0.342,  0.065,  0.005,  0.372
 13920,  0.921, -0.011,  0.288,  0.040,  0.016,  0.598
 13980,  1.027,  0.023,  0.417,  0.045,  0.006,  0.415
 14040,  0.919,  0.043,  0.400,  0.024,  0.031,  0.556
 14100,  0.844,  0.018,  0.390,  0.035,  0.065,  0.531
 14160,  0.920,  0.013,  0.412,  0.032,  0.022,  0.598
 14220,  0.832,  0.002,  0.423,  0.026,  0.011,  0.507
 14280,  0.951, -0.011,  0.409,  0.043,  0.012,  0.496
 14340,  1.000,  0.012,  0.382,  0.045,  0.017,  0.513
 14400,  0.952, -0.071,  0.423,  0.023,  0.004,  0.476
 14460,  1.011, -0.020,  0.421,  0.026,  0.024,  0.759
 14520,  0.944, -0.112,  0.435,  0.019,  0.045,  0.450
 14580,  0.917, -0.002,  0.419,  0.044,  0.050,  0.428
 14640,  0.959, -0.029,  0.407,  0.030,  0.047,  0.566
 14700,  0.977, -0.038,  0.411,  0.010,  0.044,  0.570
 14760,  0.876, -0.047,  0.434,  0.029,  0.043,  0.543
 14820,  1.002, -0.098,  0.455,  0.014,  0.069,  0.485
 14880,  0.906, -0.100,  0.441,  0.029,  0.062,  0.810
 14940,  0.932, -0.060,  0.459,  0.013,  0.060,  0.614
 15000,  0.919, -0.092,  0.434,  0.019,  0.031,  0.865
 15060,  0.983, -0.007,  0.460,  0.040,  0.004,  1.054
 15120, -9999.000, -9999.000, -9999.000, -9999.000, -9999.000, -9999.000
 15180,  1.020, -0.069,  0.423,  0.026,  0.055,  0.892
 15240,  0.989, -0.065,  0.384,  0.043,  0.082,  1.106
 15300,  0.923, -0.097,  0.366,  0.031,  0.043,  1.113
 15360,  0.849, -0.134,  0.382,  0.021,  0.040,  1.154
 15420,  0.839, -0.019,  0.444,  0.044,  0.008,  1.217
 15480,  0.998, -0.003,  0.409,  0.027,  0.023,  1.123
 15540,  0.741, -0.033,  0.392,  0.044,  0.070,  1.189
 15600,  0.922, -0.110,  0.417,  0.047,  0.098,  1.020
 15660,  0.906, -0.050,  0.390,  0.035,  0.113,  0.873
 15720,  0.717,  0.000,  0.382,  0.028,  0.069,  0.781
 15780,  0.879, -0.072,  0.366,  0.033,  0.066,  0.629
 15840,  0.705, -0.048,  0.419,  0.012,  0.065,  0.777
 15900,  0.669,  0.016,  0.395,  0.030,  0.073,  0.739
 15960,  0.763, -0.010,  0.364,  0.045,  0.080,  0.839
 16020,  0.759, -0.100,  0.351,  0.015,  0.082,  0.787
 16080,  0.766, -0.094,  0.423,  0.025,  0.038,  0.980
 16140,  0.659, -0.072,  0.374,  0.036,  0.078,  0.904
 16200,  0.830, -0.056,  0.388,  0.055,  0.085,  1.011
 16260,  0.601, -0.019,  0.315,  0.039,  0.075,  0.929
 16320,  0.748, -0.088,  0.357,  0.037,  0.069,  0.880
 16380,  0.708,  0.015,  0.319,  0.033,  0.102,  1.011
 16440,  0.653, -0.018,  0.369,  0.012,  0.106,  0.870
 16500,  0.691,  0.012,  0.360,  0.033,  0.111,  1.049
 16560,  0.611, -0.023,  0.355,  0.043,  0.088,  0.896
 16620,  0.546,  0.057,  0.301,  0.037,  0.065,  0.842
 16680,  0.634, -0.009,  0.345,  0.032,  0.059,  0.777
 16740,  0.430, -0.050,  0.356,  0.022,  0.087,  1.014
 16800,  0.451,  0.020,  0.342,  0.032,  0.085,  1.047
 16860,  0.656, -0.016,  0.338,  0.025,  0.069,  0.955
 16920,  0.723,  0.021,  0.278,  0.061,  0.114,  0.963
 16980,  0.568,  0.002,  0.326,  0.009,  0.093,  0.848
 17040,  0.486,  0.014,  0.313,  0.039,  0.084,  0.719
 17100,  0.512,  0.040,  0.359,  0.040,  0.113,  0.941
 17160,  0.556,  0.045,  0.331,  0.039,  0.062,  1.090
