CampaignData_and_Merges/R0/CSL_MobileLab_Parked/raw/20240721/USOS-NOAAIodideCIMS-HCOOH_MobileLabGround_20240721_RA.ict
33, 1001
Michael A Robinson, Chris Jernigan, Subi Thakali
NOAA ESRL Chemical Sciences Laboratory and CIRES, U. of Colorado
NOAA Iodide CIMS Instrument
USOS
1, 1
2024, 07, 21, 2024, 07, 23
1
starttime_UTC, seconds_past_midnight, seconds_of_day_since_00:00:00_UTC
1
1
-9999
HCOOH_NOAACIMS, pptv, Gas_HCOOH_InSitu_S_AVMR, 
0
18
PI_CONTACT_INFO: 325 Broadway, R/CSD 7, Boulder, Colorado 80305; michael.a.robinson@noaa.gov; chris.jernigan@noaa.gov;
PLATFORM: NOAA CSL Mobile Lab
LOCATION: SLC, Utah
ASSOCIATED_DATA: 1Hz data also available on request.
INSTRUMENT_INFO: NOAA I- ToF CIMS
DATA_INFO: All data in parts per trillion by volume (pptv). 1 Hz data is available upon request.
UNCERTAINTY: TBD
ULOD_FLAG: -7777
ULOD_VALUE: N/A
LLOD_FLAG: -8888
LLOD_VALUE: N/A
DM_CONTACT_INFO: Nathan Howard; nathan.h.howard@noaa.gov
PROJECT_INFO: USOS, summer 2024. https://csl.noaa.gov/groups/csl7/measurements/2024usos/
STIPULATIONS_ON_USE: Users are strongly encouraged to contact the PI for proper data usage.
OTHER_COMMENTS: 
REVISION: RA
RA: Preliminary Data; For in-field use only
starttime_UTC, HCOOH_NOAACIMS
[from data line 941]
 56460, 1711.844
 56520, 1695.708
 56580, 1686.062
 56640, 1673.542
 56700, 1677.799
 56760, 1719.855
 56820, 1704.623
 56880, 1666.359
 56940, 1663.878
 57000, 1700.329
 57060, 1681.399
 57120, 1680.057
 57180, 1714.179
 57240, 1649.991
 57300, 1678.888
 57360, 1768.513
 57420, 1725.356
 57480, 1715.436
 57540, 1717.796
 57600, 1682.360
 57660, 1718.004
 57720, 1727.578
 57780, 1731.342
 57840, 1772.799
 57900, 1715.992
 57960, -9999.000
 58020, 1717.651
 58080, 1711.323
 58140, 1731.578
 58200, 1742.125
 58260, 1770.218
 58320, 1745.028
 58380, 1721.180
 58440, 1670.400
 58500, 1742.272
 58560, 1764.950
 58620, 1777.128
 58680, 1735.294
 58740, 1757.875
 58800, 1819.782
 58860, 1850.391
 58920, 1763.561
 58980, 1778.032
 59040, 1715.774
 59100, 1752.548
 59160, 1720.323
 59220, 1776.306
 59280, 1733.262
 59340, 1713.856
 59400, 1737.883
 59460, 1756.879
 59520, 1788.654
 59580, 1769.739
 59640, 1760.762
 59700, 1783.974
 59760, 1783.213
 59820, 1783.661
 59880, 1823.616
 59940, 1791.054
 60000, 1750.457
 60060, 1776.069
 60120, 1808.735
 60180, 1738.673
 60240, 1696.500
 60300, 1786.039
 60360, 1770.758
 60420, 1831.034
 60480, 1833.695
 60540, 1875.416
 60600, 1739.080
 60660, 1758.709
 60720, 1795.539
 60780, 1837.740
 60840, 1754.370
 60900, 1788.520
 60960, 1740.043
 61020, 1759.530
 61080, 1765.916
 61140, 1830.238
 61200, 1754.005
 61260, 1763.671
 61320, 1778.830
 61380, 1834.655
 61440, 1760.106
 61500, 1807.791
 61560, 1727.706
 61620, -9999.000
 61680, 1817.297
 61740, 1820.622
 61800, 1850.878
 61860, 1793.609
 61920, 1750.179
 61980, 1779.254
 62040, 1792.161
 62100, 1817.807
 62160, 1893.172
 62220, 1803.995
 62280, 1898.295
 62340, 1854.022
 62400, 1872.752
 62460, 1835.413
 62520, 1975.644
 62580, 1904.773
 62640, 1900.577
 62700, 1917.827
 62760, 1853.220
 62820, 1854.907
 62880, 1867.831
 62940, 1878.350
 63000, 1892.161
 63060, 1912.975
 63120, 1943.048
 63180, 1999.411
 63240, 1991.488
 63300, 1904.607
 63360, 1971.231
 63420, 1935.703
 63480, -9999.000
 63540, 1913.902
 63600, 1940.824
 63660, 1905.610
 63720, 1890.803
 63780, 1920.496
 63840, 1914.294
 63900, 1908.648
 63960, 1945.938
 64020, 1964.896
 64080, 1893.343
 64140, 1900.204
 64200, 1889.875
 64260, 1917.798
 64320, 1940.211
 64380, 1959.900
 64440, 2026.943
 64500, 2032.628
 64560, 2026.712
 64620, 2016.401
 64680, 2021.185
 64740, 1973.545
 64800, 1960.348
 64860, 2007.256
 64920, 2003.309
 64980, 2028.079
 65040, 2059.480
 65100, 2148.308
 65160, 2104.781
 65220, 2041.297
 65280, 2001.386
 65340, -9999.000
 65400, 2041.646
 65460, 2052.489
 65520, 2041.405
 65580, 2117.599
 65640, 2044.181
 65700, 2032.743
 65760, 2040.811
 65820, 2047.097
 65880, 2030.601
 65940, 2065.840
 66000, 2162.727
 66060, 2140.404
 66120, 2172.264
 66180, 2119.229
 66240, 2100.012
 66300, 2085.897
 66360, 2114.757
 66420, 2133.247
 66480, 2100.167
 66540, 2121.374
 66600, 2099.897
 66660, 2085.895
 66720, 2069.297
 66780, 2134.707
 66840, 2157.641
 66900, 2285.658
 66960, 2279.859
 67020, 2218.491
 67080, 2156.063
 67140, 2205.539
 67200, -9999.000
 67260, 2223.810
 67320, 2186.004
 67380, 2138.549
 67440, 2101.355
 67500, 2091.739
 67560, 2064.860
 67620, 2057.237
 67680, 2054.133
 67740, 2103.808
 67800, 2016.741
 67860, 1995.839
 67920, 2028.337
 67980, 2136.575
 68040, 2133.401
 68100, 2059.344
 68160, 2131.926
 68220, 2038.306
 68280, 2013.516
 68340, 2002.964
 68400, 2157.095
 68460, 2076.805
 68520, 2121.779
 68580, 2114.170
 68640, 2052.903
 68700, 2039.520
 68760, 2126.006
 68820, 2192.075
 68880, 2069.939
 68940, 2050.790
 69000, 1902.746
 69060, -9999.000
 69120, 1988.981
 69180, 2030.868
 69240, 1887.986
 69300, 1895.897
 69360, 1911.551
 69420, 1838.697
 69480, 1910.520
 69540, 2027.530
 69600, 1955.695
 69660, 1982.069
 69720, 1946.652
 69780, 1847.054
 69840, 1870.675
 69900, 1924.291
 69960, 1931.467
 70020, 1940.840
 70080, 1945.016
 70140, 1996.647
 70200, 1962.251
 70260, 1926.558
 70320, 2012.082
 70380, 2013.887
 70440, 2125.138
 70500, 2129.339
 70560, 2074.037
 70620, 2055.276
 70680, 1947.840
 70740, 2008.767
 70800, 1972.535
 70860, 2039.498
 70920, 1972.625
 70980, 2116.148
 71040, 2208.460
 71100, 1938.295
 71160, 1961.607
 71220, 2039.490
 71280, 2068.369
 71340, 2063.640
 71400, 2077.157
 71460, 2015.840
 71520, 2060.613
 71580, 2068.341
 71640, 2014.797
 71700, 1948.952
 71760, 1876.389
 71820, 1850.566
 71880, 1887.311
 71940, 1929.668
 72000, 1975.663
 72060, 1966.286
 72120, 1913.321
 72180, 1939.312
 72240, 1968.128
 72300, 1963.230
 72360, 1975.311
 72420, 1918.197
 72480, 1868.582
 72540, 1873.519
 72600, 1818.005
 72660, 1796.842
 72720, 1853.950
 72780, -9999.000
 72840, 1825.556
 72900, 1912.903
 72960, 1918.043
 73020, 1925.688
 73080, 1946.785
 73140, 1896.541
 73200, 2071.887
 73260, 2149.049
 73320, 2150.119
 73380, 2036.186
 73440, 2128.839
 73500, 2076.629
 73560, 2001.747
 73620, 2060.164
 73680, 1945.656
 73740, 1987.154
 73800, 1977.468
 73860, 2163.187
 73920, 2376.739
 73980, 2290.662
 74040, 2249.421
 74100, 2198.943
 74160, 2246.283
 74220, 2170.708
 74280, 2167.175
 74340, 2147.975
 74400, 2125.177
 74460, 2249.810
 74520, 2132.016
 74580, 2142.644
 74640, 2050.675
 74700, 2085.304
 74760, 1984.684
 74820, 2162.607
 74880, 2038.880
 74940, 2140.578
 75000, 1963.857
 75060, 1915.640
 75120, 2066.687
 75180, 1973.910
 75240, 2084.660
 75300, 2010.975
 75360, 2029.869
 75420, 2068.437
 75480, 2110.901
 75540, 2045.506
 75600, 1846.071
 75660, 2029.370
 75720, 2123.301
 75780, 2123.289
 75840, 2086.698
 75900, 2161.548
 75960, 2129.712
 76020, 2113.854
 76080, 2159.930
 76140, 2066.554
 76200, 2054.022
 76260, 2029.289
 76320, 2021.474
 76380, 1950.410
 76440, -9999.000
 76500, 2416.756
 76560, 2084.553
 76620, 1990.214
 76680, 2030.596
 76740, 2099.285
 76800, 2043.708
 76860, 2161.014
 76920, 2039.698
 76980, 1978.866
 77040, 1939.607
 77100, 2118.864
 77160, 2191.873
 77220, 1903.266
 77280, 1916.977
 77340, 1862.828
 77400, 1831.650
 77460, 1798.342
 77520, 1909.341
 77580, 2092.417
 77640, 1914.248
 77700, 1964.827
 77760, 2042.984
 77820, 1960.054
 77880, 2098.346
 77940, 2103.553
 78000, 2062.268
 78060, 1995.188
 78120, 2107.270
 78180, 1890.948
 78240, 2017.304
 78300, 1962.434
 78360, 2039.673
 78420, 1912.709
 78480, 1976.734
 78540, 1838.974
 78600, 1862.539
 78660, 2070.119
 78720, 1878.087
 78780, 1964.584
 78840, 1884.161
 78900, 1981.940
 78960, 2015.111
 79020, 1783.941
 79080, 1829.094
 79140, 1893.101
 79200, 1896.258
 79260, 1901.182
 79320, 1872.650
 79380, 1952.347
 79440, 1906.206
 79500, 1864.020
 79560, 1811.091
 79620, 1758.342
 79680, 1837.907
 79740, 1908.426
 79800, 1877.515
 79860, 1869.354
 79920, 1787.727
 79980, 1873.656
 80040, 1673.663
 80100, 1844.664
 80160, -9999.000
 80220, 1626.964
 80280, 1773.716
 80340, 1686.463
 80400, 1746.139
 80460, 1759.238
 80520, 1802.300
 80580, 1820.747
 80640, 1827.024
 80700, 1832.911
 80760, 1827.421
 80820, 1825.514
 80880, 1773.285
 80940, 1809.563
 81000, 1875.414
 81060, 1880.106
 81120, 1969.648
 81180, 1962.265
 81240, 1975.515
 81300, 1922.031
 81360, 1767.845
 81420, 1855.510
 81480, 1891.705
 81540, 1779.184
 81600, 1805.411
 81660, 1743.981
 81720, 1821.116
 81780, 1842.939
 81840, 1842.795
 81900, 1922.787
 81960, 1850.539
 82020, -9999.000
 82080, 1656.417
 82140, 1782.493
 82200, 1780.362
 82260, 1801.544
 82320, 1771.113
 82380, 1775.687
 82440, 1719.570
 82500, 1749.373
 82560, 1683.441
 82620, 1748.848
 82680, 1724.092
 82740, 1695.370
 82800, 1756.929
 82860, 1701.413
 82920, 1772.468
 82980, 1889.694
 83040, 1723.401
 83100, 1810.616
 83160, 1754.120
 83220, 1741.287
 83280, 1700.959
 83340, 1728.263
 83400, 1779.601
 83460, 1882.591
 83520, 1768.424
 83580, 1769.748
 83640, 1739.447
 83700, 1739.867
 83760, 1696.132
 83820, 1689.050
 83880, -9999.000
 83940, 1693.173
 84000, 1768.452
 84060, 1627.809
 84120, 1691.845
 84180, 1647.167
 84240, 1751.144
 84300, 1751.095
 84360, 1727.972
 84420, 1715.118
 84480, 1709.300
 84540, 1722.178
 84600, 1702.253
 84660, 1705.928
 84720, 1705.805
 84780, 1697.803
 84840, 1678.685
 84900, 1703.333
 84960, 1834.191
 85020, 1611.269
 85080, 1790.404
 85140, 1889.050
 85200, 1876.271
 85260, 1872.851
 85320, 1851.303
 85380, 2018.560
 85440, 1985.423
 85500, 1926.553
 85560, 1915.772
 85620, 1913.680
 85680, 1888.391
 85740, -9999.000
 85800, 2007.659
 85860, 2041.321
 85920, 1940.849
 85980, 1903.587
 86040, 2105.781
 86100, 1913.143
 86160, 2031.821
 86220, 1986.693
 86280, 2020.203
 86340, 2043.036
