CampaignData_and_Merges/R0/CSL_MobileLab_Parked/raw/20240721/USOS-NOAAIodideCIMS-HCOOH_MobileLabGround_20240721_RA.ict
33, 1001
Michael A Robinson, Chris Jernigan, Subi Thakali
NOAA ESRL Chemical Sciences Laboratory and CIRES, U. of Colorado
NOAA Iodide CIMS Instrument
USOS
1, 1
2024, 07, 21, 2024, 07, 23
1
starttime_UTC, seconds_past_midnight, seconds_of_day_since_00:00:00_UTC
1
1
-9999
HCOOH_NOAACIMS, pptv, Gas_HCOOH_InSitu_S_AVMR, 
0
18
PI_CONTACT_INFO: 325 Broadway, R/CSD 7, Boulder, Colorado 80305; michael.a.robinson@noaa.gov; chris.jernigan@noaa.gov;
PLATFORM: NOAA CSL Mobile Lab
LOCATION: SLC, Utah
ASSOCIATED_DATA: 1Hz data also available on request.
INSTRUMENT_INFO: NOAA I- ToF CIMS
DATA_INFO: All data in parts per trillion by volume (pptv). 1 Hz data is available upon request.
UNCERTAINTY: TBD
ULOD_FLAG: -7777
ULOD_VALUE: N/A
LLOD_FLAG: -8888
LLOD_VALUE: N/A
DM_CONTACT_INFO: Nathan Howard; nathan.h.howard@noaa.gov
PROJECT_INFO: USOS, summer 2024. https://csl.noaa.gov/groups/csl7/measurements/2024usos/
STIPULATIONS_ON_USE: Users are strongly encouraged to contact the PI for proper data usage.
OTHER_COMMENTS: 
REVISION: RA
RA: Preliminary Data; For in-field use only
starttime_UTC, HCOOH_NOAACIMS
     0, 1468.504
    60, 1527.794
   120, 1557.346
   180, 1609.983
   240, 1622.497
   300, -9999.000
   360, 1434.296
   420, 1609.181
   480, 1626.554
   540, 1702.743
   600, 1653.857
   660, 1726.647
   720, 1742.247
   780, 1783.570
   840, 1710.854
   900, 1735.494
   960, 1654.193
  1020, 1572.544
  1080, 1487.897
  1140, 1170.312
  1200, 1233.291
  1260, 1262.808
  1320, 1329.962
  1380, 1329.265
  1440, 1361.757
  1500, 1435.765
  1560, 1537.188
  1620, 1548.069
  1680, 1514.835
  1740, 1519.834
  1800, 1609.578
  1860, 1575.064
  1920, 1477.842
  1980, 1448.239
  2040, 1439.997
  2100, 1430.435
  2160, -9999.000
  2220, 1310.223
  2280, 1341.481
  2340, 1296.642
  2400, 1347.754
  2460, 1303.346
  2520, 1372.211
  2580, 1385.441
  2640, 1423.586
  2700, 1481.837
  2760, 1359.999
  2820, 1356.356
  2880, 1379.420
  2940, 1368.956
  3000, 1414.435
  3060, 1324.825
  3120, 1396.370
  3180, 1403.770
  3240, 1423.660
  3300, 1459.901
  3360, 1441.503
  3420, 1461.796
  3480, 1521.015
  3540, 1532.366
  3600, 1445.642
  3660, 1023.814
  3720, 987.347
  3780, 998.764
  3840, 1048.932
  3900, 1133.106
  3960, 1157.143
  4020, -9999.000
  4080, 1211.393
  4140, 1269.102
  4200, 1273.685
  4260, 1344.979
  4320, 1386.146
  4380, 1432.972
  4440, 1456.264
  4500, 1431.661
  4560, 1442.269
  4620, 1535.386
  4680, 1596.897
  4740, 1645.221
  4800, 1714.359
  4860, 1738.367
  4920, 1779.433
  4980, 1801.548
  5040, 1792.095
  5100, 1782.365
  5160, 1831.833
  5220, 1874.849
  5280, 1901.530
  5340, 1849.012
  5400, 1877.173
  5460, 1936.790
  5520, 1938.011
  5580, 1992.840
  5640, 1943.501
  5700, 1930.985
  5760, 1837.976
  5820, 1842.971
  5880, 1743.235
  5940, 1779.295
  6000, 1837.054
  6060, 1862.320
  6120, 1877.562
  6180, 1843.880
  6240, 1841.458
  6300, 1817.860
  6360, 1859.521
  6420, 1885.353
  6480, 1906.174
  6540, 1839.329
  6600, 1877.982
  6660, 1924.196
  6720, 1980.432
  6780, 2021.114
  6840, 2044.358
  6900, 2081.239
  6960, 2101.760
  7020, 2143.579
  7080, 2143.464
  7140, 2066.330
  7200, 2086.078
  7260, 2142.632
  7320, 2169.021
  7380, 2117.059
  7440, 2118.823
  7500, 2154.205
  7560, 2036.580
  7620, 2039.807
  7680, 2045.584
  7740, 2042.436
  7800, 2020.285
  7860, 2060.784
  7920, 2033.785
  7980, 1988.422
  8040, 2051.329
  8100, 2050.338
  8160, 2030.226
  8220, 1987.924
  8280, 1985.853
  8340, 2064.696
  8400, 2039.699
  8460, 2085.263
  8520, 2029.949
  8580, 2034.998
  8640, 2093.471
  8700, 2037.231
  8760, 2065.217
  8820, 2052.070
  8880, 2114.161
  8940, 2100.592
  9000, 2123.785
  9060, 2119.049
  9120, 2089.899
  9180, 2163.031
  9240, 2144.304
  9300, 2130.173
  9360, 2139.932
  9420, 2137.169
  9480, 2199.335
  9540, 2137.680
  9600, 2021.188
  9660, 2055.081
  9720, 2062.726
  9780, 1976.735
  9840, 2022.750
  9900, 2032.353
  9960, 2004.613
 10020, 2015.096
 10080, 1985.934
 10140, 1994.865
 10200, 1996.619
 10260, 1982.764
 10320, 1968.603
 10380, 1992.796
 10440, 1967.516
 10500, 2032.829
 10560, 2031.396
 10620, 1983.230
 10680, 1999.969
 10740, 1926.002
 10800, 1935.195
 10860, 2009.260
 10920, 2030.527
 10980, 1986.855
 11040, 1967.640
 11100, 1965.750
 11160, 2017.922
 11220, 2009.537
 11280, 2047.021
 11340, 2021.662
 11400, -9999.000
 11460, 1933.913
 11520, 1942.122
 11580, 1924.483
 11640, 1852.769
 11700, 1900.589
 11760, 1899.617
 11820, 1871.229
 11880, 1887.660
 11940, 1907.696
 12000, 1874.116
 12060, 1874.302
 12120, 1882.209
 12180, 1851.633
 12240, 1877.697
 12300, 1892.072
 12360, 1882.793
 12420, 1868.866
 12480, 1804.362
 12540, 1855.775
 12600, 1850.684
 12660, 1788.316
 12720, 1849.716
 12780, 1908.423
 12840, 1853.916
 12900, 1870.533
 12960, 1897.838
 13020, 1844.278
 13080, 1902.504
 13140, 1887.078
 13200, 1867.582
 13260, 1669.982
 13320, 1773.369
 13380, 1853.984
 13440, 1864.481
 13500, 1865.212
 13560, 1837.346
 13620, 1853.017
 13680, 1843.414
 13740, 1801.102
 13800, 1887.721
 13860, 1882.476
 13920, 1858.686
 13980, 1866.582
 14040, 1857.369
 14100, 1838.515
 14160, 1872.716
 14220, 1851.573
 14280, 1859.322
 14340, 1830.964
 14400, 1825.669
 14460, 1863.347
 14520, 1851.531
 14580, 1903.138
 14640, 1916.029
 14700, 1854.634
 14760, 1853.909
 14820, 1817.012
 14880, 1807.060
 14940, 1801.758
 15000, 1842.236
 15060, 1856.746
 15120, -9999.000
 15180, 1865.620
 15240, 1906.339
 15300, 1897.782
 15360, 1861.863
 15420, 1888.778
 15480, 1868.997
 15540, 1813.166
 15600, 1835.493
 15660, 1868.688
 15720, 1878.713
 15780, 1902.402
 15840, 1890.537
 15900, 1912.132
 15960, 1896.817
 16020, 1915.086
 16080, 1921.700
 16140, 1930.149
 16200, 1847.217
 16260, 1857.151
 16320, 1896.047
 16380, 1885.134
 16440, 1917.852
 16500, 1902.911
 16560, 1929.097
 16620, 1912.826
 16680, 1871.227
 16740, 1913.302
 16800, 1847.493
 16860, 1882.381
 16920, 1864.548
 16980, 1847.885
 17040, 1865.276
 17100, 1861.050
 17160, 1869.053
 17220, 1836.235
 17280, 1868.240
 17340, 1880.664
 17400, 1834.342
 17460, 1815.332
 17520, 1793.977
 17580, 1798.114
 17640, 1806.985
 17700, 1819.915
 17760, 1810.927
 17820, 1807.960
 17880, 1821.703
 17940, 1812.200
 18000, 1749.992
 18060, 1766.038
 18120, 1767.903
 18180, 1759.659
 18240, 1745.702
 18300, 1769.824
 18360, 1746.066
 18420, 1746.781
 18480, 1767.434
 18540, 1759.063
 18600, 1689.543
 18660, 1711.511
 18720, 1693.416
 18780, -9999.000
 18840, 1672.210
 18900, 1748.567
 18960, 1757.601
 19020, 1711.013
 19080, 1726.533
 19140, 1694.456
 19200, 1719.388
 19260, 1715.128
 19320, 1677.757
 19380, 1719.659
 19440, 1715.659
 19500, 1731.299
 19560, 1700.384
 19620, 1711.597
 19680, 1718.030
 19740, 1707.430
 19800, 1728.424
 19860, 1706.231
 19920, 1715.379
 19980, 1681.590
 20040, 1706.676
 20100, 1733.748
 20160, 1746.956
 20220, 1731.228
 20280, 1709.208
 20340, 1663.665
 20400, 1636.787
 20460, 1637.749
 20520, 1626.660
 20580, 1663.679
 20640, -9999.000
 20700, 1604.241
 20760, 1674.821
 20820, 1686.095
 20880, 1672.948
 20940, 1699.461
 21000, 1637.551
 21060, 1657.789
 21120, 1644.575
 21180, 1653.315
 21240, 1673.587
 21300, 1705.918
 21360, 1705.859
 21420, 1743.229
 21480, 1701.013
 21540, 1704.864
 21600, 1709.499
 21660, 1694.756
 21720, 1737.233
 21780, 1721.065
 21840, 1702.107
 21900, 1717.290
 21960, 1716.304
 22020, 1730.001
 22080, 1743.771
 22140, 1762.453
 22200, 1744.583
 22260, 1725.739
 22320, 1729.002
 22380, 1738.555
 22440, 1753.847
 22500, -9999.000
 22560, 1710.128
 22620, 1743.923
 22680, 1722.763
 22740, 1705.400
 22800, 1761.968
 22860, 1776.709
 22920, 1769.785
 22980, 1708.663
 23040, 1738.773
 23100, 1729.013
 23160, 1725.982
 23220, 1752.535
 23280, 1712.363
 23340, 1693.152
 23400, 1705.961
 23460, 1746.081
 23520, 1724.003
 23580, 1701.553
 23640, 1730.869
 23700, 1732.944
 23760, 1699.622
 23820, 1695.215
 23880, 1690.547
 23940, 1711.384
 24000, 1727.845
 24060, 1705.322
 24120, 1726.542
 24180, 1750.360
 24240, 1746.638
 24300, 1742.211
 24360, 1641.911
 24420, 1722.749
 24480, 1742.553
 24540, 1739.954
 24600, 1763.779
 24660, 1755.237
 24720, 1751.210
 24780, 1772.921
 24840, 1725.214
 24900, 1716.364
 24960, 1732.618
 25020, 1741.375
 25080, 1716.307
 25140, 1746.136
 25200, 1780.869
 25260, 1773.544
 25320, 1745.239
 25380, 1760.113
 25440, 1752.697
 25500, 1750.274
 25560, 1775.039
 25620, 1792.336
 25680, 1770.662
 25740, 1737.682
 25800, 1780.825
 25860, 1746.806
 25920, 1747.081
 25980, 1731.283
 26040, 1723.073
 26100, 1745.383
 26160, -9999.000
 26220, 1751.447
 26280, 1759.448
 26340, 1735.087
 26400, 1723.554
 26460, 1764.384
 26520, 1795.155
 26580, 1808.509
 26640, 1803.000
 26700, 1804.150
 26760, 1753.314
 26820, 1746.188
 26880, 1744.261
 26940, 1765.615
 27000, 1777.198
 27060, 1802.457
 27120, 1823.876
 27180, 1787.732
 27240, 1748.544
 27300, 1774.632
 27360, 1795.632
 27420, 1829.066
 27480, 1787.154
 27540, 1787.237
 27600, 1768.781
 27660, 1850.710
 27720, 1837.059
 27780, 1763.984
 27840, 1762.299
 27900, 1767.507
 27960, 1764.137
 28020, -9999.000
 28080, 1695.763
 28140, 1745.092
 28200, 1875.418
 28260, 1772.780
 28320, 1784.774
 28380, 1757.344
 28440, 1767.506
 28500, 1780.877
 28560, 1771.927
 28620, 1753.333
 28680, 1767.449
 28740, 1761.573
 28800, 1805.875
 28860, 1793.393
 28920, 1743.568
 28980, 1782.714
 29040, 1745.832
 29100, 1780.030
 29160, 1804.939
 29220, 1789.284
 29280, 1785.671
 29340, 1780.096
 29400, 1725.051
 29460, 1766.072
 29520, 1778.641
 29580, 1731.380
 29640, 1787.910
 29700, 1756.450
 29760, 1797.393
 29820, 1789.883
 29880, -9999.000
 29940, 1712.329
 30000, 1784.414
 30060, 1755.257
 30120, 1801.164
 30180, 1786.912
 30240, 1724.671
 30300, 1792.732
 30360, 1765.645
 30420, 1796.499
 30480, 1823.157
 30540, 1817.828
 30600, 1774.475
 30660, 1797.354
 30720, 1807.471
 30780, 1827.154
 30840, 1816.810
 30900, 1797.891
 30960, 1811.944
 31020, 1837.003
 31080, 1821.996
 31140, 1794.904
 31200, 1806.818
 31260, 1804.350
 31320, 1802.468
 31380, 1825.716
 31440, 1769.841
 31500, 1795.734
 31560, 1803.580
 31620, 1807.188
 31680, 1794.204
 31740, 1802.275
 31800, 1785.024
 31860, 1795.802
 31920, 1816.783
 31980, 1844.930
 32040, 1827.603
 32100, 1853.060
 32160, 1848.118
 32220, 1834.876
 32280, 1826.488
 32340, 1837.796
 32400, 1830.032
 32460, 1826.329
 32520, 1816.418
 32580, 1825.430
 32640, 1801.360
 32700, 1849.958
 32760, 1853.604
 32820, 1829.114
 32880, 1821.866
 32940, 1837.278
 33000, 1830.385
 33060, 1843.944
 33120, 1863.783
 33180, 1819.726
 33240, 1859.413
 33300, 1842.429
 33360, 1806.951
 33420, 1830.593
 33480, 1860.352
 33540, 1901.070
 33600, 1801.784
 33660, 1840.729
 33720, 1822.265
 33780, 1850.332
 33840, 1835.540
 33900, 1827.725
 33960, 1860.814
 34020, 1887.800
 34080, 1852.141
 34140, 1817.908
 34200, 1857.164
 34260, 1857.082
 34320, 1849.197
 34380, 1876.560
 34440, 1861.192
 34500, 1810.367
 34560, 1843.325
 34620, 1883.021
 34680, 1860.242
 34740, 1868.506
 34800, 1843.012
 34860, 1866.965
 34920, 1852.888
 34980, 1813.847
 35040, 1846.141
 35100, 1862.509
 35160, 1856.077
 35220, 1905.408
 35280, 1840.392
 35340, 1844.140
 35400, 1835.598
 35460, 1788.354
 35520, 1825.098
 35580, 1815.599
 35640, 1811.099
 35700, 1835.386
 35760, 1846.867
 35820, 1852.893
 35880, 1831.054
 35940, 1839.404
 36000, 1843.532
 36060, 1845.282
 36120, 1845.084
 36180, 1890.675
 36240, 1883.576
 36300, 1860.281
 36360, 1841.921
 36420, 1853.886
 36480, 1834.819
 36540, 1836.318
 36600, 1784.262
 36660, 1824.549
 36720, 1824.616
 36780, 1845.554
 36840, 1837.898
 36900, 1828.333
 36960, 1804.717
 37020, 1811.118
 37080, 1833.121
 37140, 1827.137
 37200, 1814.398
 37260, -9999.000
 37320, 1741.225
 37380, 1773.174
 37440, 1810.972
 37500, 1869.907
 37560, 1850.509
 37620, 1839.915
 37680, 1811.196
 37740, 1804.320
 37800, 1817.623
 37860, 1818.283
 37920, 1828.766
 37980, 1838.935
 38040, 1806.818
 38100, 1829.704
 38160, 1836.208
 38220, 1822.159
 38280, 1831.026
 38340, 1844.682
 38400, 1822.151
 38460, 1821.069
 38520, 1817.979
 38580, 1811.742
 38640, 1779.721
 38700, 1804.528
 38760, 1805.268
 38820, 1778.786
 38880, 1814.175
 38940, 1821.495
 39000, 1842.500
 39060, 1832.931
 39120, -9999.000
 39180, 1753.667
 39240, 1813.782
 39300, 1797.767
 39360, 1830.109
 39420, 1812.590
 39480, 1798.381
 39540, 1825.609
 39600, 1814.842
 39660, 1833.286
 39720, 1808.380
 39780, 1827.478
 39840, 1802.421
 39900, 1812.178
 39960, 1799.316
 40020, 1790.362
 40080, 1833.305
 40140, 1798.744
 40200, 1777.241
 40260, 1799.641
 40320, 1771.271
 40380, 1799.853
 40440, 1777.356
 40500, 1767.156
 40560, 1782.431
 40620, 1814.199
 40680, 1785.679
 40740, 1787.855
 40800, 1773.437
 40860, 1769.284
 40920, 1823.106
 40980, -9999.000
 41040, 1760.979
 41100, 1773.526
 41160, 1785.702
 41220, 1770.342
 41280, 1789.311
 41340, 1775.572
 41400, 1785.569
 41460, 1760.400
 41520, 1770.618
 41580, 1773.477
 41640, 1763.560
 41700, 1760.061
 41760, 1752.474
 41820, 1725.555
 41880, 1756.095
 41940, 1765.733
 42000, 1738.873
 42060, 1736.596
 42120, 1754.698
 42180, 1741.749
 42240, 1784.457
 42300, 1743.107
 42360, 1730.842
 42420, 1767.231
 42480, 1764.255
 42540, 1774.598
 42600, 1750.819
 42660, 1740.005
 42720, 1721.839
 42780, 1739.290
 42840, 1746.653
 42900, 1757.292
 42960, 1753.765
 43020, 1740.731
 43080, 1735.997
 43140, 1722.013
 43200, 1786.893
 43260, 1771.646
 43320, 1716.314
 43380, 1732.877
 43440, 1750.476
 43500, 1759.557
 43560, 1796.211
 43620, 1796.988
 43680, 1769.941
 43740, 1755.408
 43800, 1768.698
 43860, 1783.538
 43920, 1787.248
 43980, 1760.574
 44040, 1752.904
 44100, 1788.466
 44160, 1830.283
 44220, 1818.794
 44280, 1753.051
 44340, 1754.227
 44400, 1760.991
 44460, 1765.880
 44520, 1758.723
 44580, 1787.382
 44640, -9999.000
 44700, 1739.846
 44760, 1794.092
 44820, 1788.805
 44880, 1776.820
 44940, 1802.824
 45000, 1772.721
 45060, 1794.221
 45120, 1799.514
 45180, 1799.407
 45240, 1814.179
 45300, 1820.790
 45360, 1824.917
 45420, 1831.327
 45480, 1787.639
 45540, 1777.319
 45600, 1809.543
 45660, 1826.335
 45720, 1790.683
 45780, 1763.769
 45840, 1768.407
 45900, 1824.446
 45960, 1818.638
 46020, 1817.236
 46080, 1781.624
 46140, 1786.396
 46200, 1810.741
 46260, 1803.003
 46320, 1808.632
 46380, 1824.912
 46440, 1798.496
 46500, -9999.000
 46560, 1773.228
 46620, 1779.178
 46680, 1761.596
 46740, 1788.742
 46800, 1916.664
 46860, 2294.881
 46920, 2146.822
 46980, 2022.052
 47040, 1953.943
 47100, 1870.059
 47160, 1845.677
 47220, 1818.489
 47280, 1763.833
 47340, 1726.606
 47400, 1691.259
 47460, 1710.726
 47520, 1694.745
 47580, 1680.539
 47640, 1630.471
 47700, 1661.559
 47760, 1659.956
 47820, 1641.567
 47880, 1620.732
 47940, 1606.041
 48000, 1599.590
 48060, 1617.915
 48120, 1597.921
 48180, 1576.997
 48240, 1536.097
 48300, 1532.834
 48360, -9999.000
 48420, 1548.041
 48480, 1562.475
 48540, 1578.929
 48600, 1536.703
 48660, 1545.287
 48720, 1550.121
 48780, 1566.781
 48840, 1582.569
 48900, 1549.601
 48960, 1517.767
 49020, 1528.726
 49080, 1546.877
 49140, 1579.634
 49200, 1520.266
 49260, 1551.489
 49320, 1558.442
 49380, 1535.977
 49440, 1500.809
 49500, 1562.580
 49560, 1536.906
 49620, 1553.587
 49680, 1538.026
 49740, 1561.365
 49800, 1552.318
 49860, 1571.291
 49920, 1549.104
 49980, 1555.276
 50040, 1558.317
 50100, 1541.435
 50160, 1505.537
 50220, 1509.615
 50280, 1551.890
 50340, 1568.504
 50400, 1622.387
 50460, 1599.238
 50520, 1593.544
 50580, 1586.849
 50640, 1561.648
 50700, 1566.141
 50760, 1584.954
 50820, 1621.031
 50880, 1587.476
 50940, 1616.278
 51000, 1624.776
 51060, 1636.702
 51120, 1578.435
 51180, 1609.612
 51240, 1620.516
 51300, 1619.819
 51360, 1605.263
 51420, 1627.888
 51480, 1634.427
 51540, 1583.731
 51600, 1623.616
 51660, 1595.036
 51720, 1632.279
 51780, 1624.351
 51840, 1630.415
 51900, 1637.300
 51960, 1635.064
 52020, 1639.599
 52080, 1583.438
 52140, 1623.604
 52200, 1688.215
 52260, 1653.691
 52320, 1666.171
 52380, 1664.234
 52440, 1669.931
 52500, 1658.938
 52560, 1679.029
 52620, 1695.391
 52680, 1659.764
 52740, 1654.294
 52800, 1698.699
 52860, 1660.291
 52920, 1636.557
 52980, 1671.447
 53040, 1637.098
 53100, 1647.257
 53160, 1668.195
 53220, 1667.239
 53280, 1651.912
 53340, 1654.222
 53400, 1639.863
 53460, 1660.195
 53520, 1646.096
 53580, 1647.900
 53640, 1611.219
 53700, 1597.207
 53760, 1610.263
 53820, 1584.607
 53880, 1595.879
 53940, 1589.124
 54000, 1554.085
 54060, 1557.742
 54120, 2229.965
 54180, 1972.341
 54240, -9999.000
 54300, 1603.483
 54360, 1630.719
 54420, 1644.825
 54480, 1603.902
 54540, 1641.924
 54600, 1613.569
 54660, 1646.319
 54720, 1647.696
 54780, 1647.626
 54840, 1619.311
 54900, 1640.331
 54960, 1652.221
 55020, 1652.805
 55080, 1650.122
 55140, 1698.626
 55200, 1692.762
 55260, 1728.668
 55320, 1704.499
 55380, 1682.698
 55440, 1633.565
 55500, 1667.798
 55560, 1677.794
 55620, 1678.029
 55680, 1694.580
 55740, 1724.196
 55800, 1653.490
 55860, 1698.882
 55920, 1705.288
 55980, 1690.061
 56040, 1702.536
 56100, -9999.000
 56160, 1641.848
 56220, 1666.409
 56280, 1703.631
 56340, 1686.451
