CampaignData_and_Merges/R0/CSL_MobileLab_Parked/raw/20240721/USOS-jNO2_MobileLabGround_20240721_R0.ict
52,1001
Waxman, E.; Rollins, A.; Zuraski, K.; Chace, W.
NOAA Chemical Sciences Laboratory
jNO2 filter radiometer on CSL Mobile Lab
AMMBEC / USOS
1, 1
2024,07,21, 2025,04,01
60
Time_Start, seconds, number_of_seconds_since_0000_UTC
20
1, 1, 1, 1, 1, 1, 1, 1, 1, 1, 1, 1, 1, 1, 1, 1, 1, 1, 1, 1
-9999, -9999, -9999, -9999, -9999, -9999, -9999, -9999, -9999, -9999, -9999, -9999, -9999, -9999, -9999, -9999, -9999, -9999, -9999, -9999
Time_Stop, seconds, number_of_seconds_since_0000_UTC
jNO2_meas, per second, photolysis rate of NO2 measured using a filter radiometer.
jBrCl, per second, photolysis rate of BrCl -> Br + Cl calculated in TUV for cloud-free sky with local AOD
jBr2, per second, photolysis rate of Br2 -> Br + Br calculated in TUV for cloud-free sky with local AOD
jCCl4, per second, photolysis rate of CCl4 -> Products calcualted in TUV for cloud-free sky with local AOD
jCH2Oa, per second, photolysis rate of CH2O -> H + HCO calculated in TUV for cloud-free sky with local AOD
jCH2Ob, per second, photolysis rate of CH2O -> H2 + CO calculated in TUV for cloud-free sky with local AOD
jClNO2, per second, photolysis rate of ClNO2 -> Cl + NO2 calculated in TUV for cloud-free sky with local AOD
jClOa, per second, photolysis rate of ClO -> Cl + O(1D) calculated in TUV for cloud-free sky with local AOD
jClOb, per second, photolysis rate of ClO -> Cl + O(3P) calculated in TUV for cloud-free sky with local AOD
jCl2, per second, photolysis rate of Cl2 -> Cl + Cl calculated in TUV for cloud-free sky with local AOD
jHNO2, per second, photolysis rate of HNO2 -> OH + NO calculated in TUV for cloud-free sky with local AOD
jHNO3, per second, photolysis rate of HNO3 -> OH + NO2 calculated in TUV for cloud-free sky with local AOD
jI2, per second, photolysis rate of I2 -> I + I calculated in TUV for cloud-free sky with local AOD
jNO2, per second, photolysis rate of NO2 -> NO + O(3P) calculated in TUV for cloud-free sky with local AOD
jNO3a, per second, photolysis rate of NO3 -> NO + O2 calculated in TUV for cloud-free sky with local AOD
jNO3b, per second, photolysis rate of NO3 -> NO2 + O(3P) calculated in TUV for cloud-free sky with local AOD
jN2O5, per second, photolysis rate of N2O5 -> NO3 + NO + O(3P) calculated in TUV for cloud-free sky with local AOD
jO3, per second, photolysis rate of O3 -> O2 + O(1D) calculated in TUV for cloud-free sky with local AOD
AOD_500nm, unitless, UTC daily mean AOD at 500 nm from an AERONET station located at 40.178 N, -112.452 E
0
18
PI_CONTACT_INFO: eleanor.waxman@noaa.gov
PLATFORM: CSL Mobile Lab, at ground site
LOCATION: Salt Lake City, UT
ASSOCIATED_DATA:
INSTRUMENT_INFO: jNO2 filter radiometer.  TUV calculations are for mobile van lat/lon/altitude assuming clear sky (cloud AOD = 0) and daily mean AOD.
DATA_INFO:
UNCERTAINTY: Data uncertainties are +/- 20%.  These come from uncertainties in radiometer angular response, radiometer thermal response, local interferences from clouds/aerosols/shadows etc.
ULOD_FLAG: -7777
ULOD_VALUE: N/A
LLOD_FLAG: -8888
LLOD_VALUE: N/A
DM_CONTACT_INFO: eleanor.waxman@noaa.gov
PROJECT_INFO: USOS Project, July - August 2024
STIPULATIONS_ON_USE: Users are strongly encouraged to contact the PI for proper data usage.
OTHER_COMMENTS: 
REVISION: R0
R0: final data
Time_Start, Time_Stop, jNO2_meas, jBrCl, jBr2, jCCl4, jCH2Oa, jCH2Ob, jClNO2, jClOa, jClOb, jCl2, jHNO2, jHNO3, jI2, jNO2, jNO3a, jNO3b, jN2O5, jO3, AOD_500nm
[from data line 85]
    5100,    5160,0.0025835,0.003887,0.01384,5.292e-26,4.108e-06,9.136e-06,9.542e-05,1.952e-26,1.848e-06,0.0005714,0.0004016,4.868e-08,0.05715,0.00269,0.01218,0.09164,7.581e-06,1.149e-06,0.163
    5160,    5220,0.0025307,0.003833,0.01367,5.216e-26,4.015e-06,8.96e-06,9.364e-05,1.925e-26,1.792e-06,0.0005616,0.0003948,4.748e-08,0.05655,0.002646,0.01207,0.09072,7.435e-06,1.116e-06,0.163
    5220,    5280,0.0024508,0.003775,0.01349,5.135e-26,3.918e-06,8.774e-06,9.176e-05,1.897e-26,1.734e-06,0.0005512,0.0003876,4.623e-08,0.0559,0.0026,0.01195,0.08972,7.281e-06,1.081e-06,0.163
    5280,    5340,0.0024113,0.003717,0.0133,5.055e-26,3.823e-06,8.589e-06,8.989e-05,1.868e-26,1.677e-06,0.0005408,0.0003803,4.5e-08,0.05525,0.002554,0.01183,0.08872,7.128e-06,1.047e-06,0.163
    5340,    5400,0.0023843,0.003661,0.01313,4.982e-26,3.734e-06,8.417e-06,8.815e-05,1.842e-26,1.625e-06,0.0005311,0.0003736,4.386e-08,0.05462,0.00251,0.01171,0.08776,6.986e-06,1.016e-06,0.163
    5400,    5460,0.0023556,0.003603,0.01294,4.904e-26,3.64e-06,8.235e-06,8.63e-05,1.814e-26,1.57e-06,0.0005208,0.0003664,4.266e-08,0.05395,0.002464,0.01159,0.08674,6.835e-06,9.83e-07,0.163
    5460,    5520,0.0022983,0.003544,0.01275,4.827e-26,3.548e-06,8.056e-06,8.448e-05,1.787e-26,1.517e-06,0.0005106,0.0003593,4.149e-08,0.05328,0.002417,0.01146,0.0857,6.686e-06,9.513e-07,0.163
    5520,    5580,0.0022348,0.003488,0.01258,4.756e-26,3.463e-06,7.888e-06,8.277e-05,1.761e-26,1.469e-06,0.000501,0.0003525,4.041e-08,0.05263,0.002374,0.01134,0.08471,6.547e-06,9.225e-07,0.163
    5580,    5640,0.002115,0.003429,0.01238,4.681e-26,3.374e-06,7.711e-06,8.096e-05,1.735e-26,1.418e-06,0.0004908,0.0003454,3.927e-08,0.05194,0.002328,0.01121,0.08364,6.401e-06,8.922e-07,0.163
    5640,    5700,0.00203,0.003369,0.01219,4.654e-26,3.285e-06,7.535e-06,7.917e-05,1.727e-26,1.37e-06,0.0004807,0.0003383,3.816e-08,0.05123,0.002281,0.01108,0.08255,6.255e-06,8.629e-07,0.163
    5700,    5760,0.001992,0.003309,0.01199,4.548e-26,3.197e-06,7.36e-06,7.738e-05,1.69e-26,1.323e-06,0.0004706,0.0003312,3.707e-08,0.05053,0.002235,0.01095,0.08147,6.11e-06,8.35e-07,0.163
    5760,    5820,0.0019465,0.003249,0.0118,4.441e-26,3.111e-06,7.189e-06,7.562e-05,1.651e-26,1.274e-06,0.0004606,0.0003242,3.598e-08,0.04981,0.00219,0.01081,0.08036,5.967e-06,8.058e-07,0.163
    5820,    5880,0.0018923,0.003189,0.0116,4.419e-26,3.027e-06,7.02e-06,7.389e-05,1.653e-26,1.229e-06,0.0004507,0.0003173,3.493e-08,0.04909,0.002144,0.01068,0.07925,5.827e-06,7.788e-07,0.163
    5880,    5940,0.0018823,0.003133,0.01142,4.322e-26,2.949e-06,6.862e-06,7.227e-05,1.607e-26,1.189e-06,0.0004414,0.0003108,3.397e-08,0.04841,0.002101,0.01055,0.07819,5.696e-06,7.544e-07,0.163
    5940,    6000,0.0018473,0.003073,0.01122,4.252e-26,2.868e-06,6.696e-06,7.056e-05,1.581e-26,1.146e-06,0.0004316,0.0003039,3.296e-08,0.04767,0.002056,0.01041,0.07705,5.558e-06,7.288e-07,0.163
    6000,    6060,0.0017738,0.003013,0.01102,4.183e-26,2.788e-06,6.532e-06,6.887e-05,1.557e-26,1.105e-06,0.0004219,0.0002971,3.197e-08,0.04693,0.002011,0.01027,0.0759,5.422e-06,7.04e-07,0.163
    6060,    6120,0.0017284,0.002957,0.01083,4.121e-26,2.713e-06,6.38e-06,6.73e-05,1.535e-26,1.067e-06,0.0004128,0.0002907,3.106e-08,0.04623,0.001969,0.01013,0.07482,5.295e-06,6.812e-07,0.163
    6120,    6180,0.0016974,0.0029,0.01064,4.056e-26,2.639e-06,6.229e-06,6.573e-05,1.511e-26,1.029e-06,0.0004037,0.0002843,3.014e-08,0.0455,0.001927,0.009989,0.07368,5.169e-06,6.583e-07,0.163
    6180,    6240,0.0016704,0.002839,0.01044,3.989e-26,2.563e-06,6.071e-06,6.409e-05,1.487e-26,9.914e-07,0.0003942,0.0002776,2.922e-08,0.04475,0.001882,0.009845,0.07251,5.037e-06,6.356e-07,0.163
    6240,    6300,0.0015559,0.002782,0.01025,3.927e-26,2.493e-06,5.924e-06,6.257e-05,1.465e-26,9.566e-07,0.0003853,0.0002714,2.836e-08,0.04402,0.001841,0.009704,0.07137,4.915e-06,6.147e-07,0.163
    6300,    6360,0.0014351,0.002722,0.01004,3.861e-26,2.419e-06,5.769e-06,6.096e-05,1.441e-26,9.205e-07,0.0003759,0.0002647,2.747e-08,0.04324,0.001796,0.009553,0.07015,4.786e-06,5.929e-07,0.163
    6360,    6420,0.001335,0.002662,0.009836,3.796e-26,2.346e-06,5.617e-06,5.937e-05,1.418e-26,8.856e-07,0.0003666,0.0002582,2.659e-08,0.04245,0.001753,0.009399,0.06893,4.659e-06,5.718e-07,0.163
    6420,    6480,0.0013169,0.002605,0.009642,3.735e-26,2.279e-06,5.475e-06,5.79e-05,1.396e-26,8.536e-07,0.0003579,0.0002521,2.578e-08,0.0417,0.001712,0.009253,0.06776,4.541e-06,5.524e-07,0.163
    6480,    6540,0.0013674,0.002545,0.009434,3.672e-26,2.209e-06,5.327e-06,5.635e-05,1.373e-26,8.207e-07,0.0003488,0.0002456,2.494e-08,0.0409,0.001669,0.009096,0.0665,4.417e-06,5.325e-07,0.163
    6540,    6600,0.0014,0.002484,0.009226,3.609e-26,2.14e-06,5.181e-06,5.483e-05,1.35e-26,7.888e-07,0.0003397,0.0002393,2.412e-08,0.04009,0.001626,0.008937,0.06524,4.295e-06,5.131e-07,0.163
    6600,    6660,0.0013909,0.002428,0.00903,3.55e-26,2.077e-06,5.046e-06,5.341e-05,1.329e-26,7.596e-07,0.0003313,0.0002333,2.337e-08,0.03932,0.001586,0.008785,0.06403,4.182e-06,4.954e-07,0.163
    6660,    6720,0.0013228,0.002368,0.008821,3.489e-26,2.011e-06,4.904e-06,5.192e-05,1.307e-26,7.296e-07,0.0003224,0.0002271,2.258e-08,0.0385,0.001544,0.008622,0.06274,4.064e-06,4.771e-07,0.163
    6720,    6780,0.0012176,0.002308,0.008611,3.428e-26,1.946e-06,4.765e-06,5.046e-05,1.285e-26,7.006e-07,0.0003137,0.000221,2.182e-08,0.03767,0.001502,0.008457,0.06144,3.947e-06,4.594e-07,0.163
    6780,    6840,0.0011522,0.002252,0.008414,3.37e-26,1.887e-06,4.636e-06,4.91e-05,1.264e-26,6.741e-07,0.0003055,0.0002152,2.111e-08,0.03689,0.001463,0.0083,0.0602,3.839e-06,4.432e-07,0.163
    6840,    6900,0.0011238,0.002193,0.008203,3.31e-26,1.825e-06,4.501e-06,4.768e-05,1.242e-26,6.469e-07,0.000297,0.0002092,2.038e-08,0.03605,0.001422,0.008132,0.05887,3.726e-06,4.266e-07,0.163
    6900,    6960,0.0011018,0.002134,0.007993,3.251e-26,1.764e-06,4.369e-06,4.628e-05,1.22e-26,6.205e-07,0.0002885,0.0002033,1.967e-08,0.0352,0.001382,0.007961,0.05754,3.615e-06,4.104e-07,0.163
    6960,    7020,0.0010825,0.002078,0.007795,3.195e-26,1.708e-06,4.246e-06,4.498e-05,1.2e-26,5.965e-07,0.0002806,0.0001978,1.901e-08,0.0344,0.001344,0.007798,0.05627,3.512e-06,3.956e-07,0.163
    7020,    7080,0.0010592,0.00202,0.007584,3.136e-26,1.65e-06,4.118e-06,4.363e-05,1.179e-26,5.718e-07,0.0002724,0.000192,1.834e-08,0.03354,0.001305,0.007624,0.05491,3.404e-06,3.804e-07,0.163
    7080,    7140,0.0010399,0.001962,0.007374,3.078e-26,1.593e-06,3.992e-06,4.229e-05,1.158e-26,5.48e-07,0.0002643,0.0001863,1.768e-08,0.03268,0.001266,0.007448,0.05354,3.299e-06,3.657e-07,0.163
    7140,    7200,0.0010287,0.001907,0.007176,3.024e-26,1.541e-06,3.875e-06,4.106e-05,1.138e-26,5.263e-07,0.0002568,0.000181,1.707e-08,0.03187,0.001229,0.007281,0.05225,3.201e-06,3.523e-07,0.163
    7200,    7260,0.00101,0.00185,0.006967,2.967e-26,1.486e-06,3.754e-06,3.978e-05,1.117e-26,5.04e-07,0.0002489,0.0001755,1.644e-08,0.031,0.001191,0.007101,0.05086,3.099e-06,3.385e-07,0.163
    7260,    7320,0.00098042,0.001793,0.006757,2.911e-26,1.433e-06,3.635e-06,3.851e-05,1.097e-26,4.824e-07,0.0002411,0.0001701,1.583e-08,0.03012,0.001154,0.00692,0.04946,2.999e-06,3.25e-07,0.163
    7320,    7380,0.00098054,0.00174,0.006561,2.858e-26,1.384e-06,3.525e-06,3.734e-05,1.077e-26,4.629e-07,0.0002339,0.000165,1.527e-08,0.0293,0.001119,0.006748,0.04814,2.907e-06,3.128e-07,0.163
    7380,    7440,0.00099432,0.001684,0.006354,2.802e-26,1.333e-06,3.41e-06,3.613e-05,1.057e-26,4.428e-07,0.0002264,0.0001598,1.468e-08,0.02842,0.001083,0.006563,0.04674,2.811e-06,3.003e-07,0.163
    7440,    7500,0.00094793,0.001628,0.006148,2.746e-26,1.284e-06,3.298e-06,3.493e-05,1.037e-26,4.234e-07,0.000219,0.0001546,1.412e-08,0.02754,0.001047,0.006377,0.04532,2.717e-06,2.881e-07,0.163
    7500,    7560,0.00090057,0.001577,0.005954,2.695e-26,1.238e-06,3.194e-06,3.383e-05,1.018e-26,4.058e-07,0.0002122,0.0001499,1.36e-08,0.02671,0.001014,0.006201,0.04399,2.63e-06,2.77e-07,0.163
    7560,    7620,0.00085913,0.001523,0.00575,2.64e-26,1.191e-06,3.086e-06,3.268e-05,9.976e-27,3.878e-07,0.0002051,0.0001449,1.307e-08,0.02583,0.0009801,0.006013,0.04256,2.539e-06,2.656e-07,0.163
    7620,    7680,0.00084149,0.001469,0.005547,2.586e-26,1.145e-06,2.98e-06,3.156e-05,9.776e-27,3.704e-07,0.0001981,0.00014,1.254e-08,0.02494,0.0009462,0.005823,0.04114,2.45e-06,2.546e-07,0.163
    7680,    7740,0.00081342,0.00142,0.005358,2.535e-26,1.102e-06,2.882e-06,3.052e-05,9.59e-27,3.546e-07,0.0001916,0.0001355,1.207e-08,0.02411,0.000915,0.005643,0.03979,2.369e-06,2.446e-07,0.163
    7740,    7800,0.00078997,0.001367,0.00516,2.482e-26,1.058e-06,2.781e-06,2.944e-05,9.394e-27,3.384e-07,0.0001848,0.0001309,1.157e-08,0.02323,0.0008826,0.005452,0.03836,2.284e-06,2.342e-07,0.163
    7800,    7860,0.0007694,0.001316,0.004963,2.428e-26,1.016e-06,2.681e-06,2.839e-05,9.198e-27,3.228e-07,0.0001782,0.0001263,1.11e-08,0.02236,0.0008508,0.005259,0.03694,2.201e-06,2.243e-07,0.163
    7860,    7920,0.00074967,0.001269,0.00478,2.379e-26,9.765e-07,2.59e-06,2.742e-05,9.015e-27,3.087e-07,0.0001721,0.0001221,1.066e-08,0.02154,0.0008215,0.005077,0.0356,2.124e-06,2.152e-07,0.163
    7920,    7980,0.00073165,0.001219,0.004587,2.327e-26,9.359e-07,2.494e-06,2.641e-05,8.821e-27,2.943e-07,0.0001658,0.0001177,1.021e-08,0.02067,0.000791,0.004884,0.03417,2.045e-06,2.058e-07,0.163
    7980,    8040,0.00071828,0.00117,0.004397,2.275e-26,8.963e-07,2.401e-06,2.542e-05,8.628e-27,2.803e-07,0.0001596,0.0001134,9.765e-09,0.0198,0.0007612,0.00469,0.03275,1.967e-06,1.968e-07,0.163
    8040,    8100,0.00070485,0.001125,0.004222,2.226e-26,8.6e-07,2.315e-06,2.451e-05,8.448e-27,2.677e-07,0.0001539,0.0001094,9.364e-09,0.019,0.0007338,0.004508,0.03143,1.896e-06,1.885e-07,0.163
    8100,    8160,0.000691,0.001079,0.004038,2.175e-26,8.225e-07,2.225e-06,2.356e-05,8.257e-27,2.548e-07,0.0001479,0.0001053,8.95e-09,0.01815,0.0007054,0.004314,0.03003,1.822e-06,1.801e-07,0.163
    8160,    8220,0.00065318,0.001033,0.003858,2.123e-26,7.86e-07,2.138e-06,2.264e-05,8.066e-27,2.425e-07,0.0001421,0.0001013,8.548e-09,0.01731,0.0006777,0.004121,0.02864,1.749e-06,1.719e-07,0.163
    8220,    8280,0.00061823,0.0009908,0.003692,2.075e-26,7.526e-07,2.057e-06,2.179e-05,7.888e-27,2.312e-07,0.0001368,9.763e-05,8.181e-09,0.01653,0.0006523,0.00394,0.02735,1.683e-06,1.645e-07,0.163
    8280,    8340,0.00059657,0.0009469,0.003519,2.025e-26,7.18e-07,1.973e-06,2.091e-05,7.699e-27,2.198e-07,0.0001312,9.379e-05,7.802e-09,0.01571,0.0006259,0.003748,0.02598,1.613e-06,1.569e-07,0.163
    8340,    8400,0.00057487,0.0009043,0.00335,1.975e-26,6.845e-07,1.892e-06,2.005e-05,7.512e-27,2.088e-07,0.0001258,9.005e-05,7.436e-09,0.01491,0.0006002,0.003558,0.02464,1.546e-06,1.495e-07,0.163
    8400,    8460,0.00055256,0.0008652,0.003194,1.928e-26,6.538e-07,1.816e-06,1.926e-05,7.336e-27,1.988e-07,0.0001208,8.661e-05,7.102e-09,0.01417,0.0005766,0.003381,0.0234,1.484e-06,1.429e-07,0.163
    8460,    8520,0.00053737,0.0008248,0.003034,1.877e-26,6.222e-07,1.738e-06,1.844e-05,7.149e-27,1.887e-07,0.0001156,8.304e-05,6.757e-09,0.01339,0.0005522,0.003195,0.0221,1.42e-06,1.36e-07,0.163
    8520,    8580,0.00051439,0.0007856,0.002878,1.828e-26,5.915e-07,1.662e-06,1.764e-05,6.964e-27,1.79e-07,0.0001106,7.956e-05,6.424e-09,0.01264,0.0005285,0.003011,0.02082,1.357e-06,1.294e-07,0.163
    8580,    8640,0.00049293,0.0007497,0.002735,1.782e-26,5.634e-07,1.591e-06,1.69e-05,6.789e-27,1.702e-07,0.000106,7.635e-05,6.121e-09,0.01195,0.0005067,0.00284,0.01965,1.3e-06,1.234e-07,0.163
    8640,    8700,0.000476,0.0007127,0.002588,1.733e-26,5.345e-07,1.518e-06,1.614e-05,6.604e-27,1.612e-07,0.0001012,7.302e-05,5.808e-09,0.01123,0.0004841,0.002662,0.01843,1.24e-06,1.172e-07,0.163
    8700,    8760,0.0004565,0.0006769,0.002446,1.684e-26,5.065e-07,1.447e-06,1.539e-05,6.42e-27,1.526e-07,9.652e-05,6.977e-05,5.507e-09,0.01053,0.0004622,0.002487,0.01724,1.182e-06,1.113e-07,0.163
    8760,    8820,0.00043815,0.0006444,0.002317,1.638e-26,4.81e-07,1.382e-06,1.471e-05,6.248e-27,1.449e-07,9.225e-05,6.679e-05,5.233e-09,0.009902,0.0004421,0.002327,0.01616,1.129e-06,1.059e-07,0.163
    8820,    8880,0.00042363,0.0006109,0.002186,1.591e-26,4.548e-07,1.314e-06,1.4e-05,6.065e-27,1.37e-07,8.782e-05,6.37e-05,4.951e-09,0.009255,0.0004213,0.002161,0.01505,1.074e-06,1.003e-07,0.163
    8880,    8940,0.00040695,0.0005787,0.002059,1.543e-26,4.296e-07,1.248e-06,1.331e-05,5.883e-27,1.294e-07,8.352e-05,6.068e-05,4.68e-09,0.008633,0.0004011,0.002,0.01398,1.021e-06,9.504e-08,0.163
    8940,    9000,0.00038426,0.0005494,0.001945,1.498e-26,4.066e-07,1.188e-06,1.268e-05,5.712e-27,1.226e-07,7.957e-05,5.79e-05,4.434e-09,0.008072,0.0003826,0.001854,0.01302,9.719e-07,9.023e-08,0.163
    9000,    9060,0.00037239,0.0005193,0.001828,1.45e-26,3.829e-07,1.125e-06,1.203e-05,5.53e-27,1.157e-07,7.549e-05,5.501e-05,4.181e-09,0.007503,0.0003633,0.001704,0.01203,9.211e-07,8.529e-08,0.163
    9060,    9120,0.00034989,0.0004904,0.001717,1.404e-26,3.602e-07,1.064e-06,1.139e-05,5.35e-27,1.091e-07,7.153e-05,5.221e-05,3.938e-09,0.006963,0.0003447,0.00156,0.0111,8.719e-07,8.056e-08,0.163
    9120,    9180,0.00033767,0.0004642,0.001617,1.36e-26,3.396e-07,1.009e-06,1.081e-05,5.181e-27,1.031e-07,6.79e-05,4.963e-05,3.718e-09,0.006481,0.0003276,0.001432,0.01026,8.269e-07,7.628e-08,0.163
    9180,    9240,0.000325,0.0004374,0.001516,1.313e-26,3.186e-07,9.517e-07,1.021e-05,5.001e-27,9.71e-08,6.416e-05,4.696e-05,3.493e-09,0.005998,0.0003099,0.001302,0.009427,7.805e-07,7.191e-08,0.163
    9240,    9300,0.0003049,0.0004117,0.001419,1.268e-26,2.984e-07,8.962e-07,9.627e-06,4.823e-27,9.133e-08,6.053e-05,4.436e-05,3.278e-09,0.005544,0.0002927,0.00118,0.008643,7.356e-07,6.772e-08,0.163
    9300,    9360,0.00028902,0.0003883,0.001333,1.226e-26,2.801e-07,8.455e-07,9.094e-06,4.655e-27,8.614e-08,5.721e-05,4.198e-05,3.082e-09,0.005143,0.0002769,0.001073,0.00795,6.944e-07,6.392e-08,0.163
    9360,    9420,0.00027454,0.0003645,0.001245,1.181e-26,2.615e-07,7.935e-07,8.546e-06,4.478e-27,8.088e-08,5.38e-05,3.952e-05,2.884e-09,0.004745,0.0002606,0.0009666,0.007268,6.523e-07,6.006e-08,0.163
    9420,    9480,0.00025862,0.0003416,0.001162,1.137e-26,2.438e-07,7.433e-07,8.016e-06,4.302e-27,7.587e-08,5.049e-05,3.713e-05,2.694e-09,0.004374,0.0002448,0.0008691,0.006637,6.115e-07,5.637e-08,0.163
    9480,    9540,0.0002503,0.0003208,0.001088,1.096e-26,2.278e-07,6.978e-07,7.534e-06,4.137e-27,7.138e-08,4.749e-05,3.496e-05,2.524e-09,0.004049,0.0002304,0.0007851,0.006089,5.745e-07,5.304e-08,0.163
    9540,    9600,0.0002344,0.0002996,0.001013,1.053e-26,2.116e-07,6.512e-07,7.039e-06,3.963e-27,6.683e-08,4.44e-05,3.271e-05,2.35e-09,0.003729,0.0002156,0.0007042,0.005554,5.366e-07,4.966e-08,0.163
    9600,    9660,0.00022201,0.0002792,0.0009409,1.011e-26,1.962e-07,6.065e-07,6.564e-06,3.791e-27,6.25e-08,4.142e-05,3.055e-05,2.185e-09,0.003431,0.0002013,0.0006315,0.005065,5.002e-07,4.643e-08,0.163
    9660,    9720,0.00020837,0.0002608,0.0008764,9.734e-27,1.824e-07,5.66e-07,6.132e-06,3.629e-27,5.861e-08,3.871e-05,2.858e-05,2.037e-09,0.003169,0.0001883,0.0005703,0.004643,4.671e-07,4.352e-08,0.163
    9720,    9780,0.00019585,0.000242,0.0008112,9.334e-27,1.686e-07,5.25e-07,5.694e-06,3.461e-27,5.47e-08,3.596e-05,2.657e-05,1.888e-09,0.002911,0.000175,0.0005126,0.004233,4.336e-07,4.058e-08,0.163
    9780,    9840,0.00018619,0.000224,0.0007492,8.964e-27,1.555e-07,4.859e-07,5.275e-06,3.294e-27,5.1e-08,3.333e-05,2.465e-05,1.747e-09,0.00267,0.0001622,0.0004616,0.003857,4.016e-07,3.78e-08,0.163
    9840,    9900,0.00016756,0.0002078,0.0006937,8.615e-27,1.439e-07,4.511e-07,4.901e-06,3.141e-27,4.77e-08,3.097e-05,2.292e-05,1.622e-09,0.002458,0.0001508,0.0004188,0.003532,3.731e-07,3.532e-08,0.163
