CampaignData_and_Merges/R0/CSL_MobileLab_Parked/raw/20240721/USOS-NOAAIodideCIMS-OrgNitrs_MobileLabGround_20240721_RA.ict
37, 1001
Michael A Robinson, Chris Jernigan, Subi Thakali
NOAA ESRL Chemical Sciences Laboratory and CIRES, U. of Colorado
NOAA Iodide CIMS Instrument
USOS
1, 1
2024, 07, 21, 2024, 07, 23
1
starttime_UTC, seconds_past_midnight, seconds_of_day_since_00:00:00_UTC
5
1, 1, 1, 1, 1
-9999, -9999, -9999, -9999, -9999
C4H7NO5_NOAACIMS, pptv, Gas_C4H7NO5_InSitu_S_AVMR, 
ISOPN_NOAACIMS, pptv, Gas_ISOPN_InSitu_S_AVMR, 
C5H10O3_NOAACIMS, pptv, Gas_C5H10O3_InSitu_S_AVMR, 
C5H9NO5_NOAACIMS, pptv, Gas_C5H9NO5_InSitu_S_AVMR, 
C10H17NO4_NOAACIMS, pptv, Gas_C10H17NO4_InSitu_S_AVMR, 
0
18
PI_CONTACT_INFO: 325 Broadway, R/CSD 7, Boulder, Colorado 80305; michael.a.robinson@noaa.gov; chris.jernigan@noaa.gov;
PLATFORM: NOAA CSL Mobile Lab
LOCATION: SLC, Utah
ASSOCIATED_DATA: 1Hz data also available on request.
INSTRUMENT_INFO: NOAA I- ToF CIMS
DATA_INFO: All data in parts per trillion by volume (pptv). 1 Hz data is available upon request.
UNCERTAINTY: TBD
ULOD_FLAG: -7777
ULOD_VALUE: N/A
LLOD_FLAG: -8888
LLOD_VALUE: N/A
DM_CONTACT_INFO: Nathan Howard; nathan.h.howard@noaa.gov
PROJECT_INFO: USOS, summer 2024. https://csl.noaa.gov/groups/csl7/measurements/2024usos/
STIPULATIONS_ON_USE: Users are strongly encouraged to contact the PI for proper data usage.
OTHER_COMMENTS: 
REVISION: RA
RA: Preliminary Data; For in-field use only
starttime_UTC, C4H7NO5_NOAACIMS, ISOPN_NOAACIMS, C5H10O3_NOAACIMS, C5H9NO5_NOAACIMS, C10H17NO4_NOAACIMS
[from data line 334]
 20040,  1.904,  5.464, 65.373,  6.198,  0.716
 20100,  1.842,  5.281, 63.971,  5.934,  0.724
 20160,  1.914,  5.623, 66.350,  6.074,  0.605
 20220,  1.915,  5.842, 66.834,  5.899,  0.639
 20280,  1.939,  5.608, 69.995,  5.960,  0.609
 20340,  1.895,  5.440, 68.178,  6.158,  0.566
 20400,  1.876,  5.412, 67.459,  6.132,  0.578
 20460,  1.926,  5.285, 69.128,  6.429,  0.680
 20520,  1.895,  5.186, 68.264,  6.320,  0.650
 20580,  1.966,  5.308, 67.207,  6.299,  0.645
 20640, -9999.000, -9999.000, -9999.000, -9999.000, -9999.000
 20700,  1.888,  4.915, 63.485,  6.089,  0.565
 20760,  1.886,  5.186, 64.696,  6.429,  0.611
 20820,  1.900,  5.135, 64.969,  6.309,  0.558
 20880,  1.947,  4.988, 69.421,  6.137,  0.650
 20940,  1.911,  5.231, 69.665,  6.017,  0.677
 21000,  1.939,  5.234, 72.013,  6.176,  0.529
 21060,  1.889,  5.096, 70.962,  6.190,  0.627
 21120,  1.899,  5.104, 69.725,  6.441,  0.619
 21180,  1.892,  5.484, 68.667,  6.434,  0.591
 21240,  1.895,  5.418, 68.097,  6.505,  0.573
 21300,  1.878,  5.332, 66.466,  6.216,  0.586
 21360,  1.862,  5.347, 67.035,  6.198,  0.612
 21420,  1.849,  5.252, 66.981,  6.256,  0.584
 21480,  1.897,  5.330, 68.831,  6.338,  0.600
 21540,  1.887,  5.162, 67.312,  6.253,  0.609
 21600,  1.871,  5.538, 66.363,  6.175,  0.575
 21660,  1.888,  5.220, 67.032,  6.185,  0.625
 21720,  1.922,  5.457, 65.706,  6.261,  0.558
 21780,  1.867,  5.286, 65.879,  6.287,  0.535
 21840,  1.863,  5.560, 64.709,  6.313,  0.612
 21900,  1.896,  5.307, 63.413,  6.197,  0.595
 21960,  1.883,  5.456, 64.798,  6.463,  0.680
 22020,  1.865,  5.112, 64.095,  6.159,  0.625
 22080,  1.830,  5.297, 65.016,  6.094,  0.617
 22140,  1.851,  5.626, 65.356,  6.103,  0.612
 22200,  1.866,  5.247, 65.811,  6.217,  0.599
 22260,  1.857,  5.418, 66.436,  5.987,  0.613
 22320,  1.888,  5.590, 67.335,  6.118,  0.702
 22380,  1.869,  5.462, 68.107,  6.155,  0.672
 22440,  1.877,  5.133, 66.896,  6.142,  0.661
 22500, -9999.000, -9999.000, -9999.000, -9999.000, -9999.000
 22560,  1.818,  5.193, 61.643,  5.861,  0.497
 22620,  1.810,  5.397, 63.729,  6.168,  0.602
 22680,  1.851,  5.652, 64.056,  5.916,  0.600
 22740,  1.884,  5.308, 66.861,  5.976,  0.648
 22800,  1.813,  5.329, 67.999,  5.907,  0.630
 22860,  1.851,  5.380, 67.820,  5.903,  0.677
 22920,  1.880,  5.245, 71.360,  6.145,  0.691
 22980,  1.850,  5.135, 69.486,  6.124,  0.679
 23040,  1.871,  5.282, 70.940,  6.220,  0.753
 23100,  1.875,  5.027, 69.787,  6.161,  0.654
 23160,  1.847,  5.464, 67.318,  6.162,  0.662
 23220,  1.843,  5.000, 68.629,  6.166,  0.702
 23280,  1.826,  5.161, 68.646,  6.545,  0.665
 23340,  1.838,  4.964, 67.860,  6.364,  0.755
 23400,  1.815,  5.007, 67.089,  6.347,  0.714
 23460,  1.818,  4.744, 68.164,  6.346,  0.731
 23520,  1.837,  4.783, 68.756,  6.327,  0.759
 23580,  1.868,  4.614, 67.905,  6.418,  0.619
 23640,  1.810,  4.705, 66.631,  6.312,  0.689
 23700,  1.828,  4.378, 64.878,  6.361,  0.762
 23760,  1.838,  4.176, 63.930,  6.547,  0.673
 23820,  1.810,  4.131, 64.456,  6.501,  0.591
 23880,  1.785,  4.128, 61.166,  6.460,  0.664
 23940,  1.762,  3.917, 61.497,  6.404,  0.721
 24000,  1.771,  3.690, 59.441,  6.278,  0.799
 24060,  1.760,  3.876, 57.784,  6.165,  0.704
 24120,  1.797,  3.816, 57.944,  6.082,  0.633
 24180,  1.737,  3.792, 56.965,  6.011,  0.701
 24240,  1.716,  3.585, 56.133,  6.221,  0.726
 24300,  1.731,  3.481, 55.616,  6.243,  0.698
 24360,  1.655,  3.208, 50.300,  6.297,  0.607
 24420,  1.679,  3.395, 53.180,  6.024,  0.753
 24480,  1.703,  3.074, 52.074,  6.001,  0.620
 24540,  1.673,  2.975, 51.900,  5.977,  0.582
 24600,  1.690,  3.105, 52.906,  6.108,  0.661
 24660,  1.731,  3.301, 51.113,  6.003,  0.594
 24720,  1.712,  2.868, 51.591,  5.899,  0.658
 24780,  1.658,  3.055, 49.554,  5.865,  0.666
 24840,  1.729,  2.865, 48.285,  5.877,  0.587
 24900,  1.697,  2.928, 50.039,  6.216,  0.630
 24960,  1.711,  2.780, 47.743,  6.021,  0.568
 25020,  1.637,  2.913, 48.857,  6.143,  0.563
 25080,  1.650,  2.833, 47.753,  6.385,  0.614
 25140,  1.713,  2.620, 46.971,  6.227,  0.655
 25200,  1.611,  2.572, 48.464,  6.407,  0.573
 25260,  1.710,  2.525, 46.246,  6.422,  0.581
 25320,  1.673,  2.510, 45.325,  6.466,  0.542
 25380,  1.691,  2.532, 47.519,  6.519,  0.566
 25440,  1.685,  2.553, 47.205,  6.398,  0.534
 25500,  1.701,  2.519, 46.246,  6.634,  0.625
 25560,  1.742,  2.609, 46.688,  6.556,  0.506
 25620,  1.702,  2.526, 46.309,  6.462,  0.467
 25680,  1.725,  2.533, 46.372,  6.399,  0.535
 25740,  1.715,  2.669, 46.238,  6.598,  0.458
 25800,  1.755,  2.637, 45.165,  6.706,  0.497
 25860,  1.744,  2.561, 47.372,  6.718,  0.476
 25920,  1.718,  2.637, 45.037,  6.659,  0.479
 25980,  1.766,  2.547, 47.227,  6.793,  0.525
 26040,  1.739,  2.357, 44.942,  6.578,  0.475
 26100,  1.739,  2.494, 45.932,  6.603,  0.522
 26160, -9999.000, -9999.000, -9999.000, -9999.000, -9999.000
 26220,  1.600,  2.493, 37.645,  6.357,  0.562
 26280,  1.656,  2.186, 40.404,  6.448,  0.496
 26340,  1.697,  2.603, 43.052,  6.777,  0.463
 26400,  1.748,  2.553, 42.967,  6.720,  0.387
 26460,  1.742,  2.654, 44.068,  6.700,  0.615
 26520,  1.738,  2.465, 43.468,  6.782,  0.623
 26580,  1.722,  2.402, 44.235,  6.823,  0.521
 26640,  1.729,  2.299, 43.647,  6.595,  0.572
 26700,  1.725,  2.402, 43.829,  6.849,  0.597
 26760,  1.710,  2.548, 43.156,  6.839,  0.544
 26820,  1.728,  2.663, 44.406,  6.597,  0.601
 26880,  1.705,  2.439, 43.848,  6.841,  0.596
 26940,  1.734,  2.398, 43.814,  6.821,  0.587
 27000,  1.719,  2.390, 43.883,  6.736,  0.703
 27060,  1.672,  2.403, 42.978,  6.731,  0.608
 27120,  1.704,  2.241, 42.547,  6.691,  0.661
 27180,  1.714,  2.283, 42.331,  6.545,  0.563
 27240,  1.720,  2.210, 42.615,  6.686,  0.596
 27300,  1.664,  2.240, 42.364,  6.496,  0.619
 27360,  1.684,  1.893, 43.549,  6.458,  0.551
 27420,  1.664,  2.407, 42.252,  6.175,  0.511
 27480,  1.664,  2.117, 43.276,  6.386,  0.584
 27540,  1.652,  2.292, 42.270,  6.503,  0.679
 27600,  1.633,  2.395, 41.364,  6.377,  0.579
 27660,  1.656,  2.108, 41.966,  6.357,  0.566
 27720,  1.632,  2.248, 41.075,  6.427,  0.598
 27780,  1.625,  2.029, 42.953,  6.450,  0.640
 27840,  1.642,  2.117, 42.056,  6.554,  0.577
 27900,  1.622,  2.065, 41.275,  6.555,  0.636
 27960,  1.623,  2.101, 42.055,  6.488,  0.601
 28020, -9999.000, -9999.000, -9999.000, -9999.000, -9999.000
 28080,  1.520,  1.818, 38.008,  6.261,  0.546
 28140,  1.588,  2.273, 40.474,  6.309,  0.565
 28200,  1.671,  2.029, 40.052,  6.362,  0.661
 28260,  1.614,  2.074, 40.091,  6.355,  0.570
 28320,  1.639,  2.290, 39.936,  6.341,  0.742
 28380,  1.631,  2.088, 39.238,  6.523,  0.670
 28440,  1.618,  1.950, 39.515,  6.360,  0.614
 28500,  1.598,  2.087, 39.201,  6.094,  0.652
 28560,  1.624,  2.085, 38.129,  6.282,  0.698
 28620,  1.641,  2.126, 40.141,  6.288,  0.691
 28680,  1.631,  2.111, 39.372,  6.260,  0.718
 28740,  1.606,  2.195, 39.226,  6.180,  0.727
 28800,  1.640,  2.243, 39.891,  6.367,  0.706
 28860,  1.616,  2.294, 38.175,  6.252,  0.644
 28920,  1.613,  2.047, 38.416,  6.175,  0.696
 28980,  1.589,  2.114, 40.121,  6.286,  0.767
 29040,  1.636,  2.096, 38.410,  6.288,  0.662
 29100,  1.676,  2.163, 38.953,  6.163,  0.749
 29160,  1.600,  2.393, 39.591,  6.332,  0.759
 29220,  1.652,  2.190, 37.935,  6.312,  0.764
 29280,  1.667,  2.251, 39.085,  6.181,  0.770
 29340,  1.643,  2.458, 38.995,  6.321,  0.717
 29400,  1.617,  2.079, 38.314,  6.164,  0.622
 29460,  1.649,  2.326, 40.477,  6.266,  0.752
 29520,  1.660,  2.453, 40.548,  6.286,  0.764
 29580,  1.640,  2.406, 38.358,  6.192,  0.745
 29640,  1.677,  2.694, 40.856,  6.371,  0.792
 29700,  1.629,  2.248, 39.836,  6.191,  0.784
 29760,  1.677,  2.515, 38.559,  6.230,  0.727
 29820,  1.662,  2.375, 39.060,  6.134,  0.748
 29880, -9999.000, -9999.000, -9999.000, -9999.000, -9999.000
 29940,  1.563,  2.179, 34.838,  5.909,  0.661
 30000,  1.586,  2.233, 37.170,  5.980,  0.687
 30060,  1.637,  2.378, 36.732,  6.291,  0.640
 30120,  1.649,  2.313, 38.993,  6.219,  0.730
 30180,  1.590,  2.289, 37.838,  6.116,  0.719
 30240,  1.666,  2.079, 36.725,  6.132,  0.663
 30300,  1.640,  2.074, 38.590,  6.057,  0.756
 30360,  1.619,  2.094, 37.541,  5.881,  0.745
 30420,  1.622,  2.275, 38.792,  5.982,  0.679
 30480,  1.635,  2.264, 39.325,  5.966,  0.729
 30540,  1.625,  2.049, 36.843,  5.822,  0.652
 30600,  1.611,  2.075, 36.229,  5.865,  0.705
 30660,  1.608,  2.283, 40.218,  5.761,  0.779
 30720,  1.624,  2.106, 38.712,  5.855,  0.695
 30780,  1.621,  1.935, 38.037,  5.940,  0.627
 30840,  1.580,  2.063, 39.027,  5.842,  0.669
 30900,  1.627,  2.034, 37.373,  5.875,  0.668
 30960,  1.583,  1.966, 38.259,  5.727,  0.661
 31020,  1.593,  2.024, 38.896,  5.906,  0.731
 31080,  1.651,  2.057, 39.640,  5.957,  0.710
 31140,  1.639,  2.009, 40.434,  5.987,  0.735
 31200,  1.665,  2.081, 40.874,  6.127,  0.728
 31260,  1.639,  2.362, 40.541,  6.227,  0.766
 31320,  1.659,  2.258, 40.403,  6.133,  0.760
 31380,  1.643,  2.137, 41.562,  6.175,  0.690
 31440,  1.661,  2.195, 40.950,  6.147,  0.742
 31500,  1.652,  2.223, 42.012,  6.116,  0.770
 31560,  1.677,  2.382, 42.702,  6.059,  0.755
 31620,  1.639,  2.043, 40.375,  6.112,  0.715
 31680,  1.631,  2.205, 41.047,  5.907,  0.728
 31740,  1.497,  1.796, 37.101,  5.674,  0.475
 31800,  1.574,  1.940, 36.871,  5.795,  0.583
 31860,  1.584,  1.879, 39.440,  6.056,  0.706
 31920,  1.635,  2.079, 39.401,  5.917,  0.695
 31980,  1.636,  2.043, 39.317,  6.011,  0.712
 32040,  1.653,  1.641, 39.867,  5.967,  0.761
 32100,  1.619,  1.784, 37.665,  5.639,  0.670
 32160,  1.599,  1.846, 38.438,  5.730,  0.693
 32220,  1.595,  1.836, 38.611,  5.704,  0.678
 32280,  1.602,  1.989, 39.719,  5.802,  0.679
 32340,  1.589,  1.882, 37.933,  5.734,  0.734
 32400,  1.570,  1.963, 40.148,  5.769,  0.769
 32460,  1.590,  1.908, 38.594,  5.670,  0.698
 32520,  1.592,  1.943, 36.852,  5.657,  0.611
 32580,  1.585,  1.773, 38.565,  5.840,  0.703
 32640,  1.594,  1.865, 37.501,  5.564,  0.620
 32700,  1.589,  1.975, 37.537,  5.625,  0.747
 32760,  1.570,  1.966, 39.008,  5.887,  0.635
 32820,  1.546,  1.991, 37.154,  5.656,  0.638
 32880,  1.593,  1.962, 36.833,  5.679,  0.637
 32940,  1.587,  1.946, 38.575,  5.876,  0.737
 33000,  1.633,  2.231, 38.658,  5.711,  0.723
 33060,  1.584,  2.201, 38.538,  5.820,  0.749
 33120,  1.642,  2.295, 40.205,  6.022,  0.722
 33180,  1.632,  2.231, 39.224,  5.942,  0.782
 33240,  1.617,  2.344, 37.982,  5.970,  0.685
 33300,  1.614,  2.144, 38.408,  5.833,  0.762
 33360,  1.605,  2.029, 38.037,  5.543,  0.729
 33420,  1.551,  1.932, 37.630,  5.521,  0.676
 33480,  1.573,  1.940, 37.339,  5.604,  0.777
 33540,  1.552,  1.757, 36.972,  5.547,  0.779
 33600,  1.355,  1.872, 30.864,  4.953,  0.528
 33660,  1.538,  1.778, 32.436,  5.310,  0.578
 33720,  1.524,  1.841, 33.806,  5.443,  0.572
 33780,  1.536,  1.857, 34.800,  5.219,  0.667
 33840,  1.546,  1.777, 35.787,  5.282,  0.702
 33900,  1.569,  1.759, 35.495,  5.291,  0.643
 33960,  1.611,  1.846, 35.897,  5.360,  0.596
 34020,  1.568,  1.902, 35.728,  5.411,  0.672
 34080,  1.588,  1.782, 35.676,  5.360,  0.649
 34140,  1.574,  1.544, 36.598,  5.202,  0.669
 34200,  1.573,  1.938, 35.821,  5.282,  0.637
 34260,  1.534,  1.774, 35.369,  5.276,  0.556
 34320,  1.576,  1.697, 35.831,  5.404,  0.598
 34380,  1.593,  1.547, 34.999,  5.278,  0.627
 34440,  1.603,  1.718, 35.006,  5.292,  0.668
 34500,  1.605,  1.643, 36.171,  5.410,  0.714
 34560,  1.549,  1.680, 36.689,  5.233,  0.624
 34620,  1.597,  1.643, 36.107,  5.261,  0.602
 34680,  1.551,  1.676, 36.111,  5.400,  0.694
 34740,  1.588,  1.770, 34.946,  5.310,  0.462
 34800,  1.602,  1.763, 35.312,  5.329,  0.646
 34860,  1.569,  1.497, 36.473,  5.519,  0.548
 34920,  1.563,  1.860, 36.797,  5.357,  0.567
 34980,  1.571,  1.619, 36.327,  5.303,  0.625
 35040,  1.580,  1.569, 36.865,  5.360,  0.639
 35100,  1.566,  1.483, 34.984,  5.152,  0.480
 35160,  1.580,  1.530, 34.764,  5.173,  0.604
 35220,  1.573,  1.663, 36.097,  5.253,  0.492
 35280,  1.578,  1.336, 37.137,  5.212,  0.588
 35340,  1.593,  1.713, 35.216,  5.357,  0.594
 35400,  1.636,  1.409, 36.597,  5.509,  0.490
 35460,  1.537,  1.609, 32.407,  5.126,  0.472
 35520,  1.562,  1.726, 32.570,  5.182,  0.494
 35580,  1.555,  1.781, 33.739,  5.400,  0.555
 35640,  1.574,  1.638, 34.701,  5.303,  0.523
 35700,  1.573,  1.568, 35.097,  5.377,  0.507
 35760,  1.529,  1.529, 33.726,  5.272,  0.489
 35820,  1.543,  1.636, 34.728,  5.365,  0.575
 35880,  1.564,  1.704, 35.155,  5.575,  0.552
 35940,  1.543,  1.559, 34.089,  5.526,  0.564
 36000,  1.579,  1.726, 35.671,  5.651,  0.588
 36060,  1.551,  1.794, 35.111,  5.473,  0.570
 36120,  1.524,  1.317, 34.433,  5.444,  0.555
 36180,  1.505,  1.494, 33.997,  5.384,  0.580
 36240,  1.540,  1.496, 34.901,  5.519,  0.648
 36300,  1.588,  1.601, 35.971,  5.646,  0.623
 36360,  1.579,  1.661, 36.424,  5.961,  0.614
 36420,  1.524,  1.776, 35.352,  5.830,  0.613
 36480,  1.512,  1.594, 36.951,  5.631,  0.567
 36540,  1.555,  1.689, 35.295,  5.750,  0.590
 36600,  1.632,  1.868, 36.163,  6.078,  0.485
 36660,  1.572,  1.785, 37.092,  5.873,  0.545
 36720,  1.549,  1.616, 37.500,  5.826,  0.657
 36780,  1.509,  1.760, 36.455,  5.815,  0.626
 36840,  1.543,  1.695, 34.671,  5.699,  0.662
 36900,  1.629,  2.028, 36.900,  5.839,  0.589
 36960,  1.663,  1.971, 37.264,  5.986,  0.642
 37020,  1.561,  1.438, 36.547,  5.922,  0.575
 37080,  1.555,  1.675, 36.662,  5.625,  0.619
 37140,  1.530,  1.522, 35.740,  5.749,  0.654
 37200,  1.510,  1.530, 34.860,  5.589,  0.543
 37260, -9999.000, -9999.000, -9999.000, -9999.000, -9999.000
 37320,  1.449,  1.592, 30.620,  5.271,  0.509
 37380,  1.490,  1.415, 32.851,  5.452,  0.482
 37440,  1.537,  1.481, 33.256,  5.601,  0.630
 37500,  1.473,  1.539, 34.023,  5.536,  0.638
 37560,  1.509,  1.305, 33.611,  5.511,  0.580
 37620,  1.521,  1.344, 32.933,  5.321,  0.559
 37680,  1.480,  1.425, 32.492,  5.457,  0.603
 37740,  1.486,  1.470, 33.598,  5.287,  0.551
 37800,  1.479,  1.365, 33.449,  5.252,  0.566
 37860,  1.509,  1.335, 33.198,  5.255,  0.571
 37920,  1.527,  1.474, 34.705,  5.251,  0.572
 37980,  1.523,  1.462, 33.840,  5.426,  0.587
 38040,  1.524,  1.539, 34.096,  5.302,  0.526
 38100,  1.491,  1.531, 33.730,  5.213,  0.499
 38160,  1.464,  1.583, 33.974,  5.171,  0.629
 38220,  1.509,  1.524, 32.550,  5.143,  0.558
 38280,  1.515,  1.385, 32.170,  5.128,  0.552
 38340,  1.493,  1.564, 33.842,  5.139,  0.540
 38400,  1.459,  1.403, 34.584,  5.234,  0.540
 38460,  1.506,  1.539, 33.306,  5.241,  0.573
 38520,  1.474,  1.634, 34.332,  5.277,  0.550
 38580,  1.476,  1.564, 33.360,  5.111,  0.550
 38640,  1.487,  1.430, 32.375,  5.106,  0.457
 38700,  1.505,  1.503, 33.780,  5.103,  0.520
 38760,  1.519,  1.501, 33.601,  5.257,  0.586
 38820,  1.489,  1.654, 33.802,  5.122,  0.570
 38880,  1.515,  1.651, 34.258,  5.189,  0.599
 38940,  1.504,  1.699, 33.932,  5.147,  0.498
 39000,  1.528,  1.753, 33.714,  5.108,  0.477
 39060,  1.512,  1.553, 33.098,  5.337,  0.599
 39120, -9999.000, -9999.000, -9999.000, -9999.000, -9999.000
 39180,  1.395,  1.464, 31.385,  5.167,  0.488
 39240,  1.488,  1.592, 32.699,  5.064,  0.599
 39300,  1.487,  1.556, 32.785,  5.100,  0.585
 39360,  1.456,  1.757, 31.352,  5.122,  0.580
 39420,  1.486,  1.473, 32.524,  5.226,  0.526
 39480,  1.490,  1.362, 33.337,  5.167,  0.516
 39540,  1.438,  1.455, 33.155,  5.172,  0.541
 39600,  1.498,  1.594, 33.778,  5.225,  0.553
 39660,  1.493,  1.530, 33.860,  5.099,  0.586
 39720,  1.499,  1.458, 32.830,  5.180,  0.423
 39780,  1.500,  1.350, 33.529,  5.273,  0.616
 39840,  1.543,  1.630, 34.902,  5.031,  0.624
 39900,  1.516,  1.401, 33.412,  5.155,  0.563
 39960,  1.485,  1.478, 32.527,  5.060,  0.525
 40020,  1.490,  1.567, 33.079,  5.190,  0.487
 40080,  1.451,  1.435, 32.719,  5.092,  0.492
 40140,  1.453,  1.363, 33.200,  5.003,  0.561
 40200,  1.510,  1.576, 34.555,  5.156,  0.702
