CampaignData_and_Merges/R0/CSL_MobileLab_Parked/raw/20240721/USOS-NOy-LIF_MobileLabGround_20240721_R0.ict
39,1001
Rollins, A.; Waxman, E.; Zuraski, K.; Chace, W.
NOAA Chemical Sciences Laboratory
LIF NO/NOx/NOy on CSL Mobile Lab
AMMBEC / USOS
1, 1
2024,07,21, 2025,01,03
1
Time_Start, seconds, number_of_seconds_since_0000_UTC
7
1, 1, 1, 1, 1, 1, 1
-9999, -9999, -9999, -9999, -9999, -9999, -9999
Time_Stop, seconds, number_of_seconds_since_0000_UTC
NO_LIF, pptv, Gas_NO_InSitu_S_AVMR, volume mixing ratio of nitric oxide in air
NO2_LIF, pptv, Gas_NO2_InSitu_S_AVMR, volume mixing ratio of nitrogen dioxide in air
NOy_LIF, pptv, Gas_NOy_InSitu_S_AVMR, volume mixing ratio of total oxidized nitrogen in air
NO_LIF_1SigmaAccuracy, pptv, Gas_NO_InSitu_S_AVMR, volume mixing ratio of nitric oxide in air
NO2_LIF_1SigmaAccuracy, pptv, Gas_NO2_InSitu_S_AVMR, volume mixing ratio of nitrogen dioxide in air
NOy_LIF_1SigmaAccuracy, pptv, Gas_NOy_InSitu_S_AVMR, volume mixing ratio of total oxidized nitrogen in air
0
18
PI_CONTACT_INFO: andrew.rollins@noaa.gov
PLATFORM: CSL Mobile Lab
LOCATION: Salt Lake City, UT
ASSOCIATED_DATA:
INSTRUMENT_INFO: NO detection by laser induced fluorescence. NO2 detection by photolytic conversion to NO. NOy detection by catalytic conversion to NO on gold surface
DATA_INFO:
UNCERTAINTY: Included 1 Sigma Accuracy waves represent the combined calibration uncertainties (±6%, ±9%, ±10%) and zero uncertainties (3 ppt, 20 ppt, 100 ppt) for NO, NO2, and NOy, respectively.
ULOD_FLAG: -7777
ULOD_VALUE: N/A
LLOD_FLAG: -8888
LLOD_VALUE: N/A
DM_CONTACT_INFO: andrew.rollins@noaa.gov
PROJECT_INFO: USOS Project, July - August 2024
STIPULATIONS_ON_USE: Users are strongly encouraged to contact the PI for proper data usage.
OTHER_COMMENTS:
REVISION: R0
R0: final data
Time_Start, Time_Stop, NO_LIF, NO2_LIF, NOy_LIF, NO_LIF_1SigmaAccuracy, NO2_LIF_1SigmaAccuracy, NOy_LIF_1SigmaAccuracy
[from data line 527]
   31620,   31680,129.52,1206,1985.1,10.771, 128.54, 298.51
   31680,   31740,160.01,1422.5,2752.6,12.601, 148.03, 375.26
   31740,   31800,15.768,980.84,1853,3.9461, 108.28, 285.3
   31800,   31860,61.151,1084.6,1833.9,6.6691, 117.61, 283.39
   31860,   31920,20.582,1017.6,1829.3,4.2349, 111.58, 282.93
   31920,   31980,17.234,978.33,1754.5,4.034, 108.05, 275.45
   31980,   32040,13.639,956.91,1743.2,3.8183, 106.12, 274.32
   32040,   32100,13.199,944.28,1749.9,3.792, 104.98, 274.99
   32100,   32160,19.433,947.71,1748.8,4.166, 105.29, 274.88
   32160,   32220,14.881,960.92,1747.4,3.8929, 106.48, 274.74
   32220,   32280,99.074,1014.9,1889.3,8.9445, 111.34, 288.93
   32280,   32340,128.49,1249.6,2306.8,10.71, 132.46, 330.68
   32340,   32400,23.565,1026.2,1917.4,4.4139, 112.36, 291.74
   32400,   32460,139.51,1258.6,2112.5,11.371, 133.27, 311.25
   32460,   32520,27.268,1023.6,1943.2,4.6361, 112.12, 294.32
   32520,   32580,10.886,941.97,1770.8,3.6532, 104.78, 277.08
   32580,   32640,12.768,932.63,1698.5,3.7661, 103.94, 269.85
   32640,   32700,791.35,1567.4,2705.1,50.481, 161.06, 370.51
   32700,   32760,79.082,1115,2482.5,7.7449, 120.35, 348.25
   32760,   32820,14.141,922.49,1723.2,3.8484, 103.02, 272.32
   32820,   32880,14.815,943.32,1715.8,3.8889, 104.9, 271.58
   32880,   32940,13.341,931.26,1738.8,3.8005, 103.81, 273.88
   32940,   33000,9.7245,924.57,1674.4,3.5835, 103.21, 267.44
   33000,   33060,11.975,939.71,1690.4,3.7185, 104.57, 269.04
   33060,   33120,9.9716,904.51,1690,3.5983, 101.41, 269
   33120,   33180,8.9185,884.76,1646.6,3.5351, 99.628, 264.66
   33180,   33240,20.928,908.92,1698.8,4.2557, 101.8, 269.88
   33240,   33300,12.643,898.49,1751.5,3.7586, 100.86, 275.15
   33300,   33360,14.098,916.02,1699,3.8459, 102.44, 269.9
   33360,   33420,21.642,940.74,1730.1,4.2985, 104.67, 273.01
   33420,   33480,31.644,981.61,1745.5,4.8987, 108.35, 274.55
   33480,   33540,57.539,1053.9,1895.3,6.4524, 114.85, 289.53
   33540,   33600,25.597,998.78,1814.1,4.5358, 109.89, 281.41
   33600,   33660,13.304,964.44,1768.3,3.7982, 106.8, 276.83
   33660,   33720,35.436,1008.9,1798,5.1262, 110.8, 279.8
   33720,   33780,19.556,981.43,1770.5,4.1734, 108.33, 277.05
   33780,   33840,15.768,980.26,1751.8,3.9461, 108.22, 275.18
   33840,   33900,37.731,977.52,1791.9,5.2639, 107.98, 279.19
   33900,   33960,72.719,1073.9,1966.7,7.3632, 116.65, 296.67
   33960,   34020,40.3,1017.5,1854.4,5.418, 111.58, 285.44
   34020,   34080,20.618,961.99,1786.9,4.2371, 106.58, 278.69
   34080,   34140,19.816,953.18,1852.3,4.189, 105.79, 285.23
   34140,   34200,13.351,933.59,1714.3,3.801, 104.02, 271.43
   34200,   34260,13.253,944.17,1746.3,3.7952, 104.98, 274.63
   34260,   34320,15.036,954.32,1738.7,3.9022, 105.89, 273.87
   34320,   34380,15.786,941.45,1754.8,3.9471, 104.73, 275.48
   34380,   34440,14.551,963.13,1750.5,3.8731, 106.68, 275.05
   34440,   34500,12.077,937.69,1747.2,3.7246, 104.39, 274.72
   34500,   34560,10.606,922.15,1696.1,3.6364, 102.99, 269.61
   34560,   34620,11.699,902.56,1712.1,3.7019, 101.23, 271.21
   34620,   34680,26.618,930.17,1786.5,4.5971, 103.72, 278.65
   34680,   34740,12.545,894.3,1881.1,3.7527, 100.49, 288.11
   34740,   34800,11.113,902.5,1715.5,3.6668, 101.22, 271.55
   34800,   34860,11.419,927.8,1705.8,3.6852, 103.5, 270.58
   34860,   34920,144.26,1052.6,1989.5,11.656, 114.73, 298.95
   34920,   34980,29.828,968.07,1833.1,4.7897, 107.13, 283.31
   34980,   35040,17.268,926.22,1745.8,4.0361, 103.36, 274.58
   35040,   35100,15.247,901.33,1714.1,3.9148, 101.12, 271.41
   35100,   35160,22.44,917.01,1723.6,4.3464, 102.53, 272.36
   35160,   35220,14.65,908.28,1717,3.879, 101.74, 271.7
   35220,   35280,17.139,896.4,1707.6,4.0283, 100.68, 270.76
   35280,   35340,24.566,903.37,1699.4,4.474, 101.3, 269.94
   35340,   35400,15.948,855.76,1800.9,3.9569, 97.019, 280.09
   35400,   35460,16.822,869.11,1672.8,4.0093, 98.22, 267.28
   35460,   35520,15.177,868.42,1664.7,3.9106, 98.158, 266.47
   35520,   35580,21.241,840.18,1665.3,4.2745, 95.616, 266.53
   35580,   35640,13.98,822.93,1594.4,3.8388, 94.063, 259.44
   35640,   35700,13.563,810.1,1604.4,3.8138, 92.909, 260.44
   35700,   35760,31.759,839.16,1640,4.9056, 95.524, 264
   35760,   35820,18.209,842.89,1642.5,4.0925, 95.86, 264.25
   35820,   35880,18.077,813.51,1642,4.0846, 93.216, 264.2
   35880,   35940,10.304,785.54,1548.1,3.6182, 90.699, 254.81
   35940,   36000,17.982,804.38,1562.3,4.0789, 92.394, 256.23
   36000,   36060,15.654,793.7,1560.2,3.9393, 91.433, 256.02
   36060,   36120,10.909,788.16,1554.9,3.6546, 90.935, 255.49
   36120,   36180,13.946,794.63,1557.5,3.8368, 91.516, 255.75
   36180,   36240,14.182,782.08,1539.3,3.8509, 90.387, 253.93
   36240,   36300,10.098,778.48,1513.4,3.6059, 90.063, 251.34
   36300,   36360,11.852,748.89,1532.5,3.7111, 87.4, 253.25
   36360,   36420,11.793,743.93,1509.9,3.7076, 86.954, 250.99
   36420,   36480,12.263,767.05,1523.6,3.7358, 89.035, 252.36
   36480,   36540,9.1473,746.62,1535.5,3.5488, 87.196, 253.55
   36540,   36600,12.158,757.88,1504.5,3.7295, 88.21, 250.45
   36600,   36660,24.822,751.83,1597.5,4.4893, 87.664, 259.75
   36660,   36720,15.85,775.58,1564.4,3.951, 89.803, 256.44
   36720,   36780,10.03,739.58,1512,3.6018, 86.562, 251.2
   36780,   36840,12.246,734.7,1540.6,3.7347, 86.123, 254.06
   36840,   36900,116.71,789.59,1524.1,10.003, 91.063, 252.41
   36900,   36960,364.98,1248.7,2410.9,24.899, 132.39, 341.09
   36960,   37020,19.91,780.2,1622.9,4.1946, 90.218, 262.29
   37020,   37080,20.636,749.98,1535,4.2382, 87.498, 253.5
   37080,   37140,54.204,768.61,1592.3,6.2522, 89.175, 259.23
   37140,   37200,32.857,757.46,1597.4,4.9714, 88.172, 259.74
   37200,   37260,21.751,784.27,1537.2,4.305, 90.584, 253.72
   37260,   37320,9.151,729.99,1479.7,3.5491, 85.699, 247.97
   37320,   37380,14.645,730.46,1478.4,3.8787, 85.742, 247.84
   37380,   37440,16.855,732.16,1474.6,4.0113, 85.895, 247.46
   37440,   37500,7.1716,728.93,1478.3,3.4303, 85.603, 247.83
   37500,   37560,14.117,759.38,1530.8,3.847, 88.345, 253.08
   37560,   37620,10.062,717.6,1599.3,3.6037, 84.584, 259.93
   37620,   37680,8.8536,721.96,1489,3.5312, 84.976, 248.9
   37680,   37740,13.905,749.54,1503.9,3.8343, 87.459, 250.39
   37740,   37800,17.18,769.82,1533.4,4.0308, 89.284, 253.34
   37800,   37860,10.84,760.8,1499.7,3.6504, 88.472, 249.97
   37860,   37920,17.112,759.59,1548.7,4.0267, 88.363, 254.87
   37920,   37980,17.146,742.11,1505.3,4.0288, 86.79, 250.53
   37980,   38040,283.15,1167.2,2305.1,19.989, 125.05, 330.51
   38040,   38100,34.99,886.9,1700.2,5.0994, 99.821, 270.02
   38100,   38160,22.046,779.81,1535.3,4.3228, 90.183, 253.53
   38160,   38220,18.153,771.41,1534.2,4.0892, 89.427, 253.42
   38220,   38280,76.688,839.85,1738.1,7.6013, 95.586, 273.81
   38280,   38340,31.653,804.8,1623.8,4.8992, 92.432, 262.38
   38340,   38400,20.189,757.72,1541.7,4.2113, 88.195, 254.17
   38400,   38460,13.956,733.51,1452.4,3.8374, 86.016, 245.24
   38460,   38520,207.64,973.32,1784.2,15.458, 107.6, 278.42
   38520,   38580,104.49,937.91,1939.3,9.2692, 104.41, 293.93
   38580,   38640,14.254,758.29,1576.7,3.8552, 88.246, 257.67
   38640,   38700,10.974,748.33,1482.1,3.6584, 87.349, 248.21
   38700,   38760,18.742,770,1511.7,4.1245, 89.3, 251.17
   38760,   38820,15.983,762.69,1506.1,3.959, 88.642, 250.61
   38820,   38880,19.725,777.01,1547.7,4.1835, 89.931, 254.77
   38880,   38940,83.073,875.68,1601.1,7.9844, 98.811, 260.11
   38940,   39000,31.731,792.46,1651.6,4.9038, 91.322, 265.16
   39000,   39060,13.015,753.61,1488.9,3.7809, 87.825, 248.89
   39060,   39120,10.763,750.5,1484.7,3.6458, 87.545, 248.47
   39120,   39180,-9999,-9999,-9999,-9999, -9999, -9999
   39180,   39240,-9999,-9999,-9999,-9999, -9999, -9999
   39240,   39300,-9999,-9999,-9999,-9999, -9999, -9999
   39300,   39360,-9999,-9999,-9999,-9999, -9999, -9999
   39360,   39420,-9999,-9999,-9999,-9999, -9999, -9999
   39420,   39480,-9999,-9999,-9999,-9999, -9999, -9999
   39480,   39540,-9999,-9999,-9999,-9999, -9999, -9999
   39540,   39600,22.274,798.32,1644.2,4.3364, 91.849, 264.42
   39600,   39660,12.826,769.28,1515.7,3.7696, 89.235, 251.57
   39660,   39720,12.78,767.69,1524.7,3.7668, 89.092, 252.47
   39720,   39780,9.7165,736.43,1482.8,3.583, 86.279, 248.28
   39780,   39840,146.32,867.92,1685.3,11.779, 98.113, 268.53
   39840,   39900,49.65,840.38,1743.9,5.979, 95.635, 274.39
   39900,   39960,241.71,1023.4,2041.5,17.503, 112.1, 304.15
   39960,   40020,19.32,761.69,1565,4.1592, 88.552, 256.5
   40020,   40080,18.962,726.93,1517.1,4.1377, 85.424, 251.71
   40080,   40140,16.951,751.57,1490.9,4.0171, 87.642, 249.09
   40140,   40200,49.264,827.32,1628.7,5.9559, 94.459, 262.87
   40200,   40260,15.597,747.25,1524,3.9358, 87.253, 252.4
   40260,   40320,15.731,745.17,1517.2,3.9439, 87.066, 251.72
   40320,   40380,12.659,696.77,1474.5,3.7595, 82.71, 247.45
   40380,   40440,16.713,729.49,1465.1,4.0028, 85.654, 246.51
   40440,   40500,14.379,748.68,1485.5,3.8627, 87.382, 248.55
   40500,   40560,16.11,769.36,1499.6,3.9666, 89.242, 249.96
   40560,   40620,14.215,752.63,1514,3.8529, 87.737, 251.4
   40620,   40680,10.822,747.07,1509.2,3.6493, 87.236, 250.92
   40680,   40740,12.823,742.01,1486.9,3.7694, 86.781, 248.69
   40740,   40800,56.716,788.9,1541.3,6.4029, 91.001, 254.13
   40800,   40860,191.51,1086.1,2102.8,14.49, 117.75, 310.28
   40860,   40920,41.096,823.29,1612,5.4658, 94.096, 261.2
   40920,   40980,14.967,798.21,1679.7,3.898, 91.839, 267.97
   40980,   41040,1329.1,1319.8,3646.1,82.747, 138.78, 464.61
   41040,   41100,412.47,1406.3,3287.3,27.748, 146.57, 428.73
   41100,   41160,191.49,1002.2,1930.4,14.489, 110.2, 293.04
   41160,   41220,67.022,911.28,1872.5,7.0213, 102.02, 287.25
   41220,   41280,13.042,794.96,1536,3.7825, 91.547, 253.6
   41280,   41340,19.703,791.25,1529.1,4.1822, 91.212, 252.91
   41340,   41400,87.875,897.42,1707.9,8.2725, 100.77, 270.79
   41400,   41460,34.518,883.66,1688.4,5.0711, 99.53, 268.84
   41460,   41520,12.611,770.07,1513,3.7567, 89.306, 251.3
   41520,   41580,12.565,770.23,1505.8,3.7539, 89.321, 250.58
   41580,   41640,11.905,759.4,1493.8,3.7143, 88.346, 249.38
   41640,   41700,13.06,775.13,1524.2,3.7836, 89.762, 252.42
   41700,   41760,27.492,784.75,1569.7,4.6495, 90.627, 256.97
   41760,   41820,156.59,924.36,1709.1,12.395, 103.19, 270.91
   41820,   41880,80.592,922.35,1846.9,7.8355, 103.01, 284.69
   41880,   41940,14.815,739.55,1490.1,3.8889, 86.56, 249.01
   41940,   42000,13.974,723.95,1480.2,3.8384, 85.156, 248.02
   42000,   42060,13.127,723.66,1482.6,3.7876, 85.13, 248.26
   42060,   42120,15.313,730.97,1482.4,3.9188, 85.787, 248.24
   42120,   42180,16.964,725.24,1471.3,4.0178, 85.272, 247.13
   42180,   42240,13.677,742.94,1473.5,3.8206, 86.864, 247.35
   42240,   42300,34.135,757.99,1523.7,5.0481, 88.219, 252.37
   42300,   42360,20.284,738.73,1504.2,4.2171, 86.486, 250.42
   42360,   42420,11.375,733.47,1455.5,3.6825, 86.012, 245.55
   42420,   42480,9.7255,729.76,1452.6,3.5835, 85.678, 245.26
   42480,   42540,18.795,753.06,1489.3,4.1277, 87.776, 248.93
   42540,   42600,60.185,817.26,1585.6,6.6111, 93.553, 258.56
   42600,   42660,36.153,781.98,1590,5.1692, 90.378, 259
   42660,   42720,9.9402,722.65,1445,3.5964, 85.038, 244.5
   42720,   42780,11.1,714.46,1419.7,3.666, 84.301, 241.97
   42780,   42840,27.432,732.51,1490.1,4.6459, 85.926, 249.01
   42840,   42900,45.089,797.87,1553.2,5.7054, 91.808, 255.32
   42900,   42960,186.91,851.53,1647,14.215, 96.638, 264.7
   42960,   43020,35.042,765.17,1476.7,5.1025, 88.865, 247.67
   43020,   43080,20.325,761.67,1484.1,4.2195, 88.55, 248.41
   43080,   43140,24.013,729.55,1508,4.4408, 85.659, 250.8
   43140,   43200,37.79,751.56,1526.9,5.2674, 87.64, 252.69
   43200,   43260,50.368,836.43,1697,6.0221, 95.278, 269.7
   43260,   43320,22.439,739.78,1493.4,4.3464, 86.581, 249.34
   43320,   43380,283.51,927.55,1609.4,20.01, 103.48, 260.94
   43380,   43440,491.94,1424.3,2753,32.516, 148.19, 375.3
   43440,   43500,78.493,806.76,1612.4,7.7096, 92.609, 261.24
   43500,   43560,57.576,840.87,1714.8,6.4545, 95.678, 271.48
   43560,   43620,45.117,778.11,1554.2,5.707, 90.03, 255.42
   43620,   43680,30.416,740.16,1478.9,4.825, 86.615, 247.89
   43680,   43740,31.095,759.32,1483.4,4.8657, 88.339, 248.34
   43740,   43800,33.996,801.62,1534.5,5.0397, 92.146, 253.45
   43800,   43860,34.582,758.83,1491.1,5.0749, 88.295, 249.11
   43860,   43920,40.563,786.78,1529.8,5.4338, 90.81, 252.98
   43920,   43980,24.325,704.58,1464.9,4.4595, 83.412, 246.49
   43980,   44040,21.745,732.92,1432.8,4.3047, 85.963, 243.28
   44040,   44100,24.744,751.27,1488.3,4.4847, 87.614, 248.83
   44100,   44160,31.437,769.23,1514.8,4.8862, 89.231, 251.48
   44160,   44220,27.648,771.73,1548.3,4.6589, 89.455, 254.83
   44220,   44280,27.059,754,1501.2,4.6235, 87.86, 250.12
   44280,   44340,23.077,734.48,1462.8,4.3846, 86.103, 246.28
   44340,   44400,22.113,735.3,1465.5,4.3268, 86.177, 246.55
   44400,   44460,14.189,702.06,1524,3.8514, 83.185, 252.4
   44460,   44520,22.335,711.34,1437.8,4.3401, 84.021, 243.78
   44520,   44580,13.7,710.53,1423.7,3.822, 83.948, 242.37
   44580,   44640,24.172,739.13,1478.4,4.4503, 86.521, 247.84
   44640,   44700,32.638,790.62,1548.6,4.9583, 91.155, 254.86
   44700,   44760,18.271,716.27,1452.3,4.0962, 84.464, 245.23
   44760,   44820,18.412,731.12,1462,4.1047, 85.801, 246.2
   44820,   44880,17.906,746.61,1473.6,4.0744, 87.195, 247.36
   44880,   44940,17.188,738.51,1459,4.0313, 86.466, 245.9
   44940,   45000,23.737,740.45,1467.6,4.4242, 86.64, 246.76
   45000,   45060,20.451,728.58,1486.8,4.2271, 85.572, 248.68
   45060,   45120,17.998,730.67,1477.3,4.0799, 85.76, 247.73
   45120,   45180,49.862,797.79,1519.8,5.9917, 91.801, 251.98
   45180,   45240,42.233,837.08,1596.5,5.534, 95.337, 259.65
   45240,   45300,27.541,763.95,1503.8,4.6525, 88.755, 250.38
   45300,   45360,32.498,763.15,1495,4.9499, 88.683, 249.5
   45360,   45420,37.572,777.31,1547,5.2543, 89.958, 254.7
   45420,   45480,34.859,762.24,1553.3,5.0915, 88.602, 255.33
   45480,   45540,52.866,754.21,1563.4,6.1719, 87.879, 256.34
   45540,   45600,38.883,794.18,1570,5.333, 91.476, 257
   45600,   45660,30.658,764.88,1508.1,4.8395, 88.839, 250.81
   45660,   45720,41.636,840.3,1586.7,5.4982, 95.627, 258.67
   45720,   45780,32.362,809.84,1564.3,4.9417, 92.885, 256.43
   45780,   45840,72.006,833.76,1616.7,7.3204, 95.038, 261.67
   45840,   45900,36.558,803.06,1561.2,5.1935, 92.275, 256.12
   45900,   45960,31.501,795.87,1543.9,4.89, 91.628, 254.39
   45960,   46020,33.407,783.24,1533.7,5.0044, 90.492, 253.37
   46020,   46080,43.322,845.72,1588.4,5.5993, 96.115, 258.84
   46080,   46140,64.895,944.38,1699.5,6.8937, 104.99, 269.95
   46140,   46200,73.988,987.62,1865.7,7.4393, 108.89, 286.57
   46200,   46260,34.429,851.92,1672.8,5.0658, 96.672, 267.28
   46260,   46320,32.642,775.68,1515,4.9585, 89.811, 251.5
   46320,   46380,63.225,825.17,1606.6,6.7935, 94.266, 260.66
   46380,   46440,99.598,871.76,1707.2,8.9759, 98.458, 270.72
   46440,   46500,592.94,1072.6,2073.7,38.576, 116.54, 307.37
   46500,   46560,54.916,848.94,1747.2,6.295, 96.404, 274.72
   46560,   46620,45.246,841.45,1639.7,5.7148, 95.73, 263.97
   46620,   46680,44.448,838.56,1654.1,5.6669, 95.471, 265.41
   46680,   46740,49.231,855.37,1635.2,5.9538, 96.983, 263.52
   46740,   46800,51.022,869.4,1623.5,6.0613, 98.246, 262.35
   46800,   46860,49.543,880.86,1633.2,5.9726, 99.278, 263.32
   46860,   46920,56.445,883.38,1773.9,6.3867, 99.504, 277.39
   46920,   46980,58.416,860.99,1659.7,6.5049, 97.489, 265.97
   46980,   47040,75.763,964.39,1747.7,7.5458, 106.79, 274.77
   47040,   47100,60.156,948.36,1738.7,6.6094, 105.35, 273.87
   47100,   47160,-9999,-9999,-9999,-9999, -9999, -9999
   47160,   47220,-9999,-9999,-9999,-9999, -9999, -9999
   47220,   47280,-9999,-9999,-9999,-9999, -9999, -9999
