CampaignData_and_Merges/R0/CSL_MobileLab_Parked/raw/20240721/USOS-NOAAIodideCIMS-OrgNitrs_MobileLabGround_20240721_RA.ict
37, 1001
Michael A Robinson, Chris Jernigan, Subi Thakali
NOAA ESRL Chemical Sciences Laboratory and CIRES, U. of Colorado
NOAA Iodide CIMS Instrument
USOS
1, 1
2024, 07, 21, 2024, 07, 23
1
starttime_UTC, seconds_past_midnight, seconds_of_day_since_00:00:00_UTC
5
1, 1, 1, 1, 1
-9999, -9999, -9999, -9999, -9999
C4H7NO5_NOAACIMS, pptv, Gas_C4H7NO5_InSitu_S_AVMR, 
ISOPN_NOAACIMS, pptv, Gas_ISOPN_InSitu_S_AVMR, 
C5H10O3_NOAACIMS, pptv, Gas_C5H10O3_InSitu_S_AVMR, 
C5H9NO5_NOAACIMS, pptv, Gas_C5H9NO5_InSitu_S_AVMR, 
C10H17NO4_NOAACIMS, pptv, Gas_C10H17NO4_InSitu_S_AVMR, 
0
18
PI_CONTACT_INFO: 325 Broadway, R/CSD 7, Boulder, Colorado 80305; michael.a.robinson@noaa.gov; chris.jernigan@noaa.gov;
PLATFORM: NOAA CSL Mobile Lab
LOCATION: SLC, Utah
ASSOCIATED_DATA: 1Hz data also available on request.
INSTRUMENT_INFO: NOAA I- ToF CIMS
DATA_INFO: All data in parts per trillion by volume (pptv). 1 Hz data is available upon request.
UNCERTAINTY: TBD
ULOD_FLAG: -7777
ULOD_VALUE: N/A
LLOD_FLAG: -8888
LLOD_VALUE: N/A
DM_CONTACT_INFO: Nathan Howard; nathan.h.howard@noaa.gov
PROJECT_INFO: USOS, summer 2024. https://csl.noaa.gov/groups/csl7/measurements/2024usos/
STIPULATIONS_ON_USE: Users are strongly encouraged to contact the PI for proper data usage.
OTHER_COMMENTS: 
REVISION: RA
RA: Preliminary Data; For in-field use only
starttime_UTC, C4H7NO5_NOAACIMS, ISOPN_NOAACIMS, C5H10O3_NOAACIMS, C5H9NO5_NOAACIMS, C10H17NO4_NOAACIMS
[from data line 672]
 40320,  1.496,  1.557, 34.190,  5.221,  0.592
 40380,  1.508,  1.429, 33.546,  5.204,  0.591
 40440,  1.499,  1.142, 33.224,  5.009,  0.565
 40500,  1.452,  1.340, 32.781,  5.163,  0.607
 40560,  1.450,  1.365, 35.398,  5.136,  0.623
 40620,  1.523,  1.317, 33.275,  4.895,  0.696
 40680,  1.471,  1.396, 32.804,  5.067,  0.653
 40740,  1.472,  1.391, 33.953,  5.186,  0.704
 40800,  1.463,  1.437, 33.194,  5.139,  0.648
 40860,  1.492,  1.196, 33.084,  4.924,  0.638
 40920,  1.425,  1.694, 34.387,  5.214,  0.589
 40980, -9999.000, -9999.000, -9999.000, -9999.000, -9999.000
 41040,  1.409,  1.372, 28.070,  4.793,  0.554
 41100,  1.422,  1.435, 30.662,  5.007,  0.611
 41160,  1.427,  1.500, 32.148,  4.779,  0.573
 41220,  1.475,  1.509, 31.906,  5.144,  0.589
 41280,  1.438,  1.169, 30.953,  5.027,  0.655
 41340,  1.467,  1.403, 32.466,  4.940,  0.615
 41400,  1.469,  1.435, 32.082,  4.963,  0.616
 41460,  1.475,  1.539, 32.320,  5.008,  0.598
 41520,  1.494,  1.380, 33.139,  5.176,  0.664
 41580,  1.488,  1.507, 31.647,  4.819,  0.644
 41640,  1.510,  1.394, 30.747,  4.898,  0.577
 41700,  1.456,  1.186, 32.238,  4.986,  0.636
 41760,  1.471,  1.275, 31.844,  4.619,  0.668
 41820,  1.491,  1.499, 33.062,  4.851,  0.626
 41880,  1.477,  1.382, 32.307,  4.891,  0.647
 41940,  1.502,  1.472, 33.495,  5.072,  0.585
 42000,  1.523,  1.482, 33.407,  5.012,  0.497
 42060,  1.511,  1.554, 33.774,  4.888,  0.635
 42120,  1.497,  1.417, 33.748,  4.870,  0.638
 42180,  1.496,  1.362, 32.275,  4.738,  0.585
 42240,  1.443,  1.395, 32.482,  4.659,  0.572
 42300,  1.529,  1.507, 32.594,  4.754,  0.605
 42360,  1.445,  1.491, 33.341,  4.810,  0.632
 42420,  1.492,  1.722, 33.278,  4.821,  0.610
 42480,  1.540,  1.452, 33.256,  4.771,  0.633
 42540,  1.501,  1.407, 32.429,  4.608,  0.593
 42600,  1.479,  1.331, 32.446,  4.678,  0.506
 42660,  1.505,  1.380, 33.452,  4.757,  0.681
 42720,  1.485,  1.317, 33.012,  4.541,  0.610
 42780,  1.409,  1.939, 32.614,  4.536,  0.719
 42840,  1.363,  1.460, 29.647,  4.238,  0.572
 42900,  1.427,  1.404, 30.596,  4.619,  0.529
 42960,  1.526,  1.471, 31.157,  4.712,  0.598
 43020,  1.478,  1.378, 32.194,  4.758,  0.639
 43080,  1.503,  1.360, 32.645,  4.558,  0.640
 43140,  1.501,  1.603, 32.028,  4.670,  0.605
 43200,  1.496,  1.388, 32.122,  4.447,  0.586
 43260,  1.481,  1.252, 32.571,  4.595,  0.577
 43320,  1.468,  1.497, 30.868,  4.430,  0.614
 43380,  1.434,  1.319, 31.858,  4.446,  0.567
 43440,  1.453,  1.603, 32.758,  4.662,  0.589
 43500,  1.491,  1.569, 31.631,  4.340,  0.593
 43560,  1.505,  1.370, 32.332,  4.632,  0.632
 43620,  1.490,  1.502, 32.303,  4.545,  0.572
 43680,  1.492,  1.365, 33.173,  4.553,  0.609
 43740,  1.497,  1.444, 33.051,  4.501,  0.547
 43800,  1.486,  1.460, 33.420,  4.576,  0.667
 43860,  1.480,  1.419, 33.021,  4.469,  0.557
 43920,  1.528,  1.435, 32.660,  4.605,  0.526
 43980,  1.507,  1.574, 33.545,  4.541,  0.619
 44040,  1.478,  1.396, 34.131,  4.654,  0.627
 44100,  1.487,  1.474, 32.869,  4.571,  0.612
 44160,  1.512,  1.454, 33.115,  4.485,  0.617
 44220,  1.517,  1.517, 33.762,  4.708,  0.636
 44280,  1.516,  1.511, 32.998,  4.582,  0.476
 44340,  1.524,  1.263, 34.099,  4.603,  0.596
 44400,  1.520,  1.525, 34.749,  4.605,  0.606
 44460,  1.447,  1.404, 33.995,  4.480,  0.651
 44520,  1.464,  1.502, 32.600,  4.589,  0.576
 44580,  1.534,  1.585, 33.431,  4.523,  0.602
 44640, -9999.000, -9999.000, -9999.000, -9999.000, -9999.000
 44700,  1.392,  1.375, 30.308,  4.140,  0.363
 44760,  1.440,  1.354, 31.081,  4.474,  0.556
 44820,  1.508,  1.290, 31.634,  4.621,  0.476
 44880,  1.493,  1.387, 32.164,  4.690,  0.497
 44940,  1.485,  1.365, 33.307,  4.614,  0.479
 45000,  1.538,  1.437, 33.744,  4.682,  0.580
 45060,  1.479,  1.475, 33.866,  4.522,  0.556
 45120,  1.498,  1.385, 32.953,  4.745,  0.492
 45180,  1.554,  1.556, 34.179,  4.474,  0.512
 45240,  1.515,  1.386, 34.519,  4.702,  0.560
 45300,  1.519,  1.336, 33.020,  4.687,  0.546
 45360,  1.551,  1.384, 33.462,  4.711,  0.560
 45420,  1.567,  1.381, 33.704,  4.631,  0.575
 45480,  1.499,  1.422, 33.400,  4.774,  0.505
 45540,  1.520,  1.334, 34.418,  4.812,  0.457
 45600,  1.564,  1.257, 34.314,  4.633,  0.446
 45660,  1.568,  1.286, 33.585,  4.729,  0.443
 45720,  1.515,  1.201, 32.256,  4.625,  0.432
 45780,  1.554,  1.348, 33.037,  4.613,  0.401
 45840,  1.561,  1.353, 34.736,  4.648,  0.494
 45900,  1.529,  1.334, 33.584,  4.663,  0.452
 45960,  1.575,  1.204, 33.183,  4.932,  0.424
 46020,  1.536,  1.422, 33.505,  4.819,  0.478
 46080,  1.515,  1.274, 33.983,  4.821,  0.432
 46140,  1.549,  1.237, 33.900,  4.818,  0.444
 46200,  1.548,  1.207, 34.133,  4.673,  0.412
 46260,  1.566,  1.220, 33.571,  4.637,  0.419
 46320,  1.585,  1.292, 33.690,  4.822,  0.373
 46380,  1.572,  1.269, 33.353,  4.656,  0.407
 46440,  1.564,  1.251, 34.400,  4.700,  0.462
 46500, -9999.000, -9999.000, -9999.000, -9999.000, -9999.000
 46560,  1.500,  1.205, 31.793,  4.544,  0.284
 46620,  1.599,  1.218, 33.184,  4.700,  0.304
 46680,  1.552,  1.200, 31.916,  4.711,  0.352
 46740,  1.593,  1.063, 33.473,  4.894,  0.372
 46800,  1.603,  1.443, 34.609,  4.935,  0.453
 46860,  1.700,  1.641, 36.920,  5.082,  0.664
 46920,  1.822,  2.181, 39.240,  5.500,  1.021
 46980,  1.806,  1.844, 37.941,  5.362,  0.793
 47040,  1.691,  1.607, 37.792,  5.197,  0.731
 47100,  1.708,  1.611, 37.695,  5.024,  0.682
 47160,  1.668,  1.598, 36.830,  4.917,  0.612
 47220,  1.664,  1.406, 37.073,  4.947,  0.617
 47280,  1.692,  1.554, 34.660,  4.625,  0.476
 47340,  1.652,  1.469, 34.822,  4.685,  0.544
 47400,  1.649,  1.366, 35.104,  4.677,  0.542
 47460,  1.656,  1.638, 34.770,  4.659,  0.502
 47520,  1.696,  1.635, 33.885,  4.728,  0.474
 47580,  1.661,  1.515, 34.089,  4.741,  0.630
 47640,  1.683,  1.516, 33.129,  4.733,  0.554
 47700,  1.674,  1.453, 33.421,  4.677,  0.449
 47760,  1.628,  1.472, 33.169,  4.740,  0.521
 47820,  1.698,  1.449, 33.636,  4.510,  0.473
 47880,  1.672,  1.328, 32.722,  4.739,  0.421
 47940,  1.624,  1.470, 32.149,  4.561,  0.451
 48000,  1.652,  1.413, 31.695,  4.494,  0.506
 48060,  1.662,  1.446, 31.890,  4.716,  0.432
 48120,  1.700,  1.543, 32.543,  4.630,  0.450
 48180,  1.692,  1.478, 31.748,  4.737,  0.419
 48240,  1.693,  1.357, 31.470,  4.555,  0.491
 48300,  1.749,  1.153, 32.497,  4.683,  0.565
 48360, -9999.000, -9999.000, -9999.000, -9999.000, -9999.000
 48420,  1.648,  1.373, 28.475,  4.442,  0.396
 48480,  1.629,  1.349, 29.862,  4.407,  0.427
 48540,  1.664,  1.625, 31.047,  4.460,  0.487
 48600,  1.687,  1.375, 29.855,  4.502,  0.456
 48660,  1.681,  1.284, 30.461,  4.488,  0.492
 48720,  1.662,  1.544, 31.330,  4.504,  0.432
 48780,  1.661,  1.570, 31.711,  4.507,  0.429
 48840,  1.675,  1.696, 32.610,  4.396,  0.513
 48900,  1.719,  1.804, 30.881,  4.484,  0.471
 48960,  1.649,  1.666, 30.612,  4.421,  0.381
 49020,  1.714,  1.499, 31.898,  4.345,  0.446
 49080,  1.702,  1.777, 31.739,  4.412,  0.435
 49140,  1.715,  1.752, 31.536,  4.507,  0.419
 49200,  1.716,  1.734, 30.172,  4.562,  0.384
 49260,  1.706,  1.788, 31.644,  4.581,  0.385
 49320,  1.716,  1.740, 32.574,  4.456,  0.493
 49380,  1.679,  1.712, 30.674,  4.468,  0.445
 49440,  1.751,  1.681, 31.421,  4.447,  0.433
 49500,  1.696,  1.957, 32.017,  4.618,  0.465
 49560,  1.725,  1.971, 31.341,  4.438,  0.413
 49620,  1.741,  1.834, 31.960,  4.635,  0.421
 49680,  1.744,  1.949, 33.792,  4.618,  0.402
 49740,  1.714,  2.071, 33.383,  4.561,  0.448
 49800,  1.727,  2.058, 32.386,  4.380,  0.467
 49860,  1.792,  2.025, 32.571,  4.381,  0.437
 49920,  1.759,  2.114, 32.002,  4.485,  0.438
 49980,  1.741,  2.022, 32.438,  4.481,  0.346
 50040,  1.792,  2.228, 33.329,  4.650,  0.450
 50100,  1.757,  2.442, 33.082,  4.474,  0.416
 50160,  1.791,  2.178, 31.340,  4.347,  0.382
 50220,  1.689,  2.098, 31.861,  4.391,  0.488
 50280,  1.744,  2.397, 32.226,  4.456,  0.475
 50340,  1.776,  2.360, 31.797,  4.389,  0.480
 50400,  1.746,  2.870, 33.081,  4.294,  0.336
 50460,  1.794,  2.748, 32.407,  4.435,  0.381
 50520,  1.773,  2.616, 33.231,  4.399,  0.442
 50580,  1.770,  2.703, 33.261,  4.408,  0.447
 50640,  1.774,  2.734, 32.935,  4.363,  0.475
 50700,  1.789,  2.661, 32.792,  4.337,  0.358
 50760,  1.779,  2.928, 34.255,  4.455,  0.398
 50820,  1.792,  2.884, 33.395,  4.385,  0.431
 50880,  1.818,  3.113, 33.028,  4.496,  0.401
 50940,  1.843,  2.962, 34.791,  4.393,  0.430
 51000,  1.844,  3.289, 35.111,  4.532,  0.432
 51060,  1.838,  3.251, 34.623,  4.585,  0.357
 51120,  1.859,  3.123, 34.290,  4.417,  0.418
 51180,  1.855,  3.236, 34.872,  4.607,  0.357
 51240,  1.814,  3.362, 35.340,  4.450,  0.495
 51300,  1.814,  3.298, 34.244,  4.454,  0.289
 51360,  1.880,  3.349, 34.829,  4.570,  0.363
 51420,  1.821,  3.721, 35.248,  4.449,  0.389
 51480,  1.826,  3.459, 34.337,  4.470,  0.333
 51540,  1.901,  3.713, 35.361,  4.666,  0.342
 51600,  1.846,  4.048, 35.637,  4.563,  0.507
 51660,  1.892,  4.156, 35.041,  4.512,  0.482
 51720,  1.861,  4.187, 34.900,  4.500,  0.510
 51780,  1.842,  4.193, 33.895,  4.479,  0.150
 51840,  1.841,  3.535, 35.114,  4.570,  0.203
 51900,  1.915,  4.147, 35.842,  4.553,  0.460
 51960,  1.888,  4.503, 35.091,  4.607,  0.434
 52020,  2.019,  4.651, 35.306,  4.696,  0.448
 52080,  1.829,  4.444, 31.777,  4.254,  0.091
 52140,  1.894,  4.845, 33.008,  4.496,  0.232
 52200,  1.957,  4.995, 35.086,  4.665,  0.443
 52260,  1.931,  4.781, 35.183,  4.718,  0.293
 52320,  1.958,  5.065, 36.984,  4.554,  0.531
 52380,  1.988,  5.042, 35.877,  4.552,  0.344
 52440,  2.051,  5.526, 36.434,  4.785,  0.446
 52500,  2.012,  5.232, 36.801,  4.767,  0.427
 52560,  1.960,  5.824, 37.722,  4.581,  0.537
 52620,  2.036,  6.054, 36.482,  4.628,  0.444
 52680,  1.998,  6.235, 35.763,  4.613,  0.462
 52740,  2.072,  6.134, 37.443,  4.787,  0.501
 52800,  2.070,  6.253, 38.064,  4.711,  0.551
 52860,  2.098,  6.265, 37.539,  4.932,  0.527
 52920,  2.070,  6.335, 36.531,  4.647,  0.492
 52980,  2.075,  6.423, 37.879,  4.812,  0.601
 53040,  2.063,  6.291, 37.687,  4.652,  0.503
 53100,  2.041,  6.366, 35.902,  4.814,  0.608
 53160,  2.114,  6.343, 37.093,  4.762,  0.533
 53220,  2.129,  6.414, 37.141,  4.819,  0.548
 53280,  2.132,  6.808, 38.012,  4.818,  0.695
 53340,  2.099,  7.356, 37.279,  5.044,  0.632
 53400,  2.158,  7.484, 34.114,  4.721,  0.640
 53460,  2.182,  7.596, 36.226,  4.817,  0.625
 53520,  2.178,  7.949, 37.715,  5.025,  0.685
 53580,  2.215,  8.196, 37.554,  4.871,  0.623
 53640,  2.256,  8.469, 37.692,  4.981,  0.724
 53700,  2.234,  8.656, 38.731,  4.964,  0.817
 53760,  2.201,  9.198, 37.905,  5.031,  0.836
 53820,  2.278,  9.662, 38.839,  5.203,  0.963
 53880,  2.356,  9.951, 39.259,  5.153,  0.965
 53940,  2.229,  9.757, 39.364,  5.129,  0.825
 54000,  2.291, 10.305, 40.087,  5.287,  1.058
 54060,  2.288, 10.121, 40.135,  5.200,  0.944
 54120,  2.363, 10.718, 40.437,  5.069,  0.947
 54180,  2.392, 10.535, 39.694,  4.899,  1.019
 54240, -9999.000, -9999.000, -9999.000, -9999.000, -9999.000
 54300,  2.380, 11.305, 35.975,  4.806,  1.146
 54360,  2.294, 11.068, 38.292,  5.089,  1.008
 54420,  2.416, 11.739, 39.342,  5.155,  0.993
 54480,  2.388, 11.599, 39.220,  5.198,  0.920
 54540,  2.435, 11.879, 40.253,  5.142,  1.105
 54600,  2.462, 12.646, 39.457,  5.300,  0.951
 54660,  2.492, 12.394, 40.653,  5.205,  0.880
 54720,  2.431, 11.668, 41.279,  5.063,  0.739
 54780,  2.523, 12.210, 41.364,  5.216,  0.944
 54840,  2.531, 12.526, 41.027,  5.178,  0.914
 54900,  2.462, 12.295, 42.082,  5.171,  0.819
 54960,  2.565, 13.202, 44.610,  5.290,  0.935
 55020,  2.529, 12.888, 42.449,  5.176,  0.867
 55080,  2.612, 13.211, 42.146,  5.107,  0.892
 55140,  2.621, 13.992, 42.753,  5.134,  0.918
 55200,  2.595, 13.805, 43.324,  5.041,  0.782
 55260,  2.653, 14.482, 42.732,  5.059,  0.723
 55320,  2.609, 14.059, 43.792,  4.903,  0.797
 55380,  2.587, 14.683, 42.622,  4.127,  0.704
 55440,  2.618, 13.906, 42.548,  5.070,  0.662
 55500,  2.512, 13.148, 42.129,  4.769,  0.423
 55560,  2.565, 14.138, 42.684,  4.762,  0.585
 55620,  2.612, 13.969, 43.596,  4.855,  0.544
 55680,  2.623, 13.760, 43.053,  4.827,  0.540
 55740,  2.630, 14.086, 44.010,  4.803,  0.579
 55800,  2.553, 13.414, 41.699,  4.244,  0.384
 55860,  2.624, 13.765, 44.286,  4.841,  0.645
 55920,  2.600, 13.902, 43.851,  4.787,  0.521
 55980,  2.600, 13.411, 43.029,  4.709,  0.427
 56040,  2.590, 13.382, 43.070,  4.691,  0.501
 56100, -9999.000, -9999.000, -9999.000, -9999.000, -9999.000
 56160,  2.591, 12.582, 38.719,  4.367,  0.214
 56220,  2.667, 13.802, 41.467,  4.665,  0.490
 56280,  2.720, 14.366, 43.963,  4.763,  0.523
 56340,  2.742, 14.752, 43.018,  4.614,  0.485
 56400,  2.725, 15.205, 43.021,  4.728,  0.548
 56460,  2.669, 13.859, 42.397,  4.642,  0.471
 56520,  2.659, 13.515, 41.674,  4.570,  0.333
 56580,  2.673, 13.933, 43.135,  4.706,  0.463
 56640,  2.690, 14.945, 45.136,  4.721,  0.455
 56700,  2.675, 15.377, 45.603,  4.593,  0.493
 56760,  2.771, 15.461, 44.328,  4.721,  0.395
 56820,  2.713, 14.693, 43.581,  4.603,  0.059
 56880,  2.803, 16.677, 46.400,  4.775,  0.641
 56940,  2.772, 16.446, 46.325,  4.767,  0.492
 57000,  2.803, 16.918, 48.115,  4.874,  0.566
 57060,  2.782, 16.625, 48.216,  4.686,  0.417
 57120,  2.889, 16.967, 48.122,  4.848,  0.610
 57180,  2.915, 16.731, 48.797,  4.850,  0.583
 57240,  2.811, 16.287, 47.152,  4.924,  0.650
 57300,  2.900, 16.725, 47.870,  5.079,  0.607
 57360,  2.953, 17.872, 50.596,  5.133,  0.704
 57420,  2.930, 17.619, 51.109,  4.989,  0.706
 57480,  2.923, 17.017, 50.712,  5.001,  0.676
 57540,  2.887, 16.290, 50.310,  4.837,  0.658
 57600,  2.853, 16.591, 50.261,  4.737,  0.520
 57660,  2.917, 17.727, 51.178,  4.963,  0.687
 57720,  2.962, 18.155, 52.865,  5.072,  0.673
 57780,  2.940, 18.309, 53.907,  5.010,  0.759
 57840,  2.948, 18.834, 55.181,  5.080,  0.781
 57900,  2.909, 18.829, 53.472,  4.825,  0.652
 57960, -9999.000, -9999.000, -9999.000, -9999.000, -9999.000
 58020,  2.884, 18.366, 50.796,  4.691,  0.720
 58080,  2.968, 19.298, 52.990,  4.922,  0.626
 58140,  3.039, 19.940, 55.417,  5.046,  0.789
 58200,  3.094, 20.792, 55.391,  4.914,  0.769
 58260,  3.084, 20.639, 55.899,  5.066,  0.637
 58320,  3.043, 20.098, 58.260,  4.979,  0.615
 58380,  3.186, 21.471, 59.526,  5.142,  0.723
 58440,  3.169, 21.134, 58.713,  4.885,  0.670
 58500,  3.205, 21.690, 60.330,  4.980,  0.681
 58560,  3.250, 21.698, 59.289,  5.057,  0.742
 58620,  3.260, 22.544, 60.067,  5.031,  0.644
 58680,  3.252, 22.947, 62.262,  4.964,  0.751
 58740,  3.332, 22.909, 63.115,  5.210,  0.743
 58800,  3.306, 22.988, 61.944,  4.975,  0.670
 58860,  3.286, 21.491, 60.700,  4.997,  0.661
 58920,  3.264, 20.416, 62.035,  5.255,  0.555
 58980,  3.217, 20.457, 61.771,  5.145,  0.692
 59040,  3.214, 19.728, 60.830,  5.068,  0.629
 59100,  3.269, 20.515, 62.756,  5.230,  0.619
 59160,  3.320, 21.406, 62.178,  5.198,  0.599
 59220,  3.330, 21.105, 63.192,  5.180,  0.417
 59280,  3.282, 19.797, 64.377,  5.215,  0.601
 59340,  3.295, 20.498, 62.493,  5.166,  0.463
 59400,  3.431, 23.103, 68.469,  5.326,  0.665
 59460,  3.416, 23.364, 68.830,  5.088,  0.607
 59520,  3.505, 23.755, 69.811,  5.277,  0.639
 59580,  3.477, 23.239, 70.950,  5.329,  0.587
 59640,  3.518, 23.948, 71.532,  5.191,  0.592
 59700,  3.599, 24.065, 71.598,  5.154,  0.612
 59760,  3.489, 23.668, 73.485,  5.464,  0.725
 59820,  3.542, 24.455, 70.549,  5.268,  0.554
 59880,  3.518, 22.901, 70.166,  4.988,  0.523
 59940,  3.394, 20.791, 70.203,  5.336,  0.636
 60000,  3.319, 20.771, 71.480,  5.082,  0.530
 60060,  3.372, 20.835, 71.220,  5.247,  0.541
 60120,  3.351, 20.924, 72.483,  5.174,  0.544
 60180,  3.367, 20.210, 72.867,  5.338,  0.592
 60240,  3.424, 20.345, 72.771,  5.156,  0.415
 60300,  3.509, 22.785, 76.214,  5.287,  0.633
 60360,  3.531, 24.442, 78.985,  5.260,  0.614
 60420,  3.597, 24.451, 78.729,  5.210,  0.483
 60480,  3.618, 24.905, 80.269,  5.191,  0.522
