CampaignData_and_Merges/R0/CSL_MobileLab_Parked/raw/20240721/USOS-MetNav_MobileLabGround_20240721_R0.ict
44, 1001
Carrie Womack, Nate Howard, Mike Zucker
NOAA Chemical Sciences Laboratory
Mobile Lab MetNav Station
USOS
1, 1
2024, 07, 21, 2024, 12, 21
60
Time_Start, seconds_past_midnight, Seconds from midnight UTC
11
1, 1, 1, 1, 1, 1, 1, 1, 1, 1, 1
-9999, -9999, -9999, -9999, -9999, -9999, -9999, -9999, -9999, -9999, -9999
GPS_Alt_m, meters, Altitude from Differential GPS
GPS_Course_deg, degrees, Course from Differential GPS
GPS_GndSpd_m_s, m/s, Ground Speed from Differential GPS
GPS_Heading_deg, degrees, Heading from Differential GPS
GPS_Lat_deg, degrees, Latitude from Differential GPS
GPS_Lon_deg, degrees, Longitude from Differential GPS
AirTemp_C, Celsius, Air Temperature from Airmar
RelHumidity_pct, percent, Relative Humidity from Airmar
Pressure_mb, millibars, Pressure from Honeywell
WindDir_calc_deg, degrees, Wind Direction from Airmar corrected for van movement
WindSpd_calc_m_s, m/s, Wind Speed from Airmar corrected for van movement
1
SPECIAL COMMENTS:
18
PI_CONTACT_INFO: Address: 325 Broadway R/CSL7, Boulder, CO, 80305
PLATFORM: CSL Mobile Lab
LOCATION: Salt Lake City, UT
ASSOCIATED_DATA: N/A
INSTRUMENT_INFO: N/A
DATA_INFO: Units:
UNCERTAINTY: N/A
ULOD_FLAG: -7777
ULOD_VALUE: N/A
LLOD_FLAG: -8888
LLOD_VALUE: N/A
DM_CONTACT_INFO: Data Manager: Nate Howard
PROJECT_INFO: 
STIPULATIONS_ON_USE: Use of these data require prior ok from PI.
OTHER_COMMENTS: 
REVISION: R0
R0: Final data. Fixed bug in wind averaging code. RA: Preliminary Data. For in-field use only. 
Time_Start, GPS_Alt_m, GPS_Course_deg, GPS_GndSpd_m_s, GPS_Heading_deg, GPS_Lat_deg, GPS_Lon_deg, AirTemp_C, RelHumidity_pct, Pressure_mb, WindDir_calc_deg, WindSpd_calc_m_s
[from data line 599]
35940.0,1309.4,358.91,0.05,358.91,40.73434,-111.87211,24.0,26.9,878.0,113.44,2.9
36000.0,1309.4,359.44,0.05,359.44,40.73434,-111.87211,24.0,27.2,878.0,109.86,3.9
36060.0,1309.3,0.29,0.05,0.29,40.73434,-111.87211,24.0,27.1,878.0,113.27,3.1
36120.0,1309.2,0.23,0.04,0.23,40.73434,-111.87211,23.9,27.3,878.0,117.20,3.4
36180.0,1309.3,0.20,0.05,0.20,40.73434,-111.87211,23.9,27.3,878.0,106.76,3.2
36240.0,1309.2,359.99,0.05,359.99,40.73434,-111.87211,23.9,27.2,878.0,110.69,3.1
36300.0,1309.2,0.27,0.05,0.27,40.73434,-111.87211,23.8,27.1,878.1,105.04,3.9
36360.0,1309.1,0.83,0.04,0.83,40.73434,-111.87211,23.9,26.9,878.0,101.08,1.2
36420.0,1309.2,1.00,0.05,1.00,40.73434,-111.87211,23.9,27.0,878.0,105.74,2.8
36480.0,1309.2,0.87,0.06,0.87,40.73434,-111.87211,23.9,27.1,878.0,111.23,3.9
36540.0,1309.1,1.27,0.05,1.27,40.73434,-111.87211,23.9,27.0,878.0,116.99,4.2
36600.0,1309.8,1.15,0.05,1.15,40.73433,-111.87211,23.9,27.1,878.0,114.27,2.5
36660.0,1310.4,0.92,0.04,0.92,40.73433,-111.87211,23.8,27.2,878.0,113.22,4.1
36720.0,1310.2,0.31,0.05,0.31,40.73433,-111.87211,23.9,27.1,878.1,103.28,2.8
36780.0,1309.9,0.24,0.05,0.24,40.73433,-111.87210,23.8,27.1,878.1,105.82,3.8
36840.0,1309.8,359.79,0.04,359.79,40.73433,-111.87210,23.9,27.1,878.0,110.50,4.0
36900.0,1310.0,359.66,0.05,359.66,40.73433,-111.87210,23.9,27.0,878.0,114.97,2.2
36960.0,1309.9,359.23,0.05,359.23,40.73433,-111.87210,23.9,26.9,878.0,107.90,2.5
37020.0,1309.7,359.46,0.05,359.46,40.73433,-111.87211,23.9,27.0,878.1,111.00,4.4
37080.0,1309.7,359.27,0.04,359.27,40.73433,-111.87211,23.8,27.1,878.1,110.48,5.4
37140.0,1309.6,359.09,0.05,359.09,40.73433,-111.87211,23.7,27.1,878.1,112.52,5.6
37200.0,1309.5,358.85,0.04,358.85,40.73433,-111.87210,23.8,27.1,878.1,110.71,3.3
37260.0,1309.5,358.40,0.04,358.40,40.73433,-111.87210,23.8,27.0,878.0,108.13,4.2
37320.0,1309.5,358.83,0.05,358.83,40.73433,-111.87210,23.8,27.1,878.0,111.57,5.2
37380.0,1309.5,359.10,0.04,359.10,40.73433,-111.87210,23.7,27.2,878.1,110.63,5.1
37440.0,1309.4,359.27,0.04,359.27,40.73433,-111.87210,23.8,26.9,878.0,104.55,2.3
37500.0,1309.5,359.47,0.04,359.47,40.73433,-111.87210,23.8,27.1,878.0,109.33,4.6
37560.0,1309.5,359.27,0.05,359.27,40.73433,-111.87210,23.8,26.9,878.0,106.60,4.4
37620.0,1309.6,359.31,0.04,359.31,40.73433,-111.87210,23.7,27.0,878.0,113.84,5.5
37680.0,1309.6,358.97,0.05,358.97,40.73433,-111.87210,23.8,27.0,878.0,105.06,2.8
37740.0,1309.7,358.69,0.05,358.69,40.73433,-111.87210,23.8,27.1,878.0,107.63,2.7
37800.0,1309.8,358.75,0.05,358.75,40.73433,-111.87210,23.7,27.2,878.0,107.82,4.8
37860.0,1309.7,359.28,0.05,359.28,40.73433,-111.87210,23.7,27.0,878.0,97.35,3.1
37920.0,1309.6,359.79,0.05,359.79,40.73433,-111.87210,23.7,26.9,878.0,106.00,4.1
37980.0,1309.5,359.54,0.05,359.54,40.73433,-111.87210,23.7,27.3,878.0,112.12,3.6
38040.0,1309.7,359.43,0.05,359.43,40.73433,-111.87210,23.7,27.4,878.0,113.16,4.3
38100.0,1309.8,359.53,0.05,359.53,40.73433,-111.87210,23.7,27.3,878.0,115.59,3.7
38160.0,1309.9,359.95,0.05,359.95,40.73433,-111.87210,23.7,27.3,877.9,111.13,3.3
38220.0,1310.0,359.91,0.05,359.91,40.73433,-111.87210,23.7,27.4,878.0,111.78,2.7
38280.0,1310.0,359.55,0.06,359.55,40.73433,-111.87210,23.6,27.4,877.9,110.50,2.5
38340.0,1310.1,359.23,0.06,359.23,40.73433,-111.87210,23.6,27.3,877.9,102.28,3.7
38400.0,1310.1,359.45,0.06,359.45,40.73433,-111.87210,23.5,27.5,878.0,112.38,4.9
38460.0,1310.0,359.39,0.06,359.39,40.73433,-111.87210,23.5,27.5,878.0,104.62,3.9
38520.0,1309.8,359.11,0.06,359.11,40.73433,-111.87210,23.5,27.5,878.0,95.42,2.8
38580.0,1309.9,359.30,0.06,359.30,40.73433,-111.87210,23.6,27.4,878.0,106.03,2.0
38640.0,1309.8,358.96,0.05,358.96,40.73433,-111.87210,23.5,27.5,877.9,111.72,3.8
38700.0,1309.9,358.45,0.06,358.45,40.73433,-111.87210,23.4,27.6,877.9,102.80,3.2
38760.0,1310.0,358.14,0.05,358.14,40.73433,-111.87210,23.4,27.6,877.9,112.10,4.3
38820.0,1310.2,357.48,0.05,357.48,40.73433,-111.87210,23.3,27.7,877.9,104.26,3.5
38880.0,1310.6,357.64,0.05,357.64,40.73433,-111.87210,23.4,27.6,877.9,114.17,4.1
38940.0,1310.5,357.71,0.05,357.71,40.73433,-111.87210,23.4,27.6,877.9,111.81,2.8
39000.0,1310.4,357.74,0.05,357.74,40.73433,-111.87210,23.3,27.6,877.9,105.84,3.9
39060.0,1310.5,357.99,0.06,357.99,40.73433,-111.87210,23.3,27.7,877.9,109.25,4.4
39120.0,1310.4,358.92,0.06,358.92,40.73433,-111.87210,23.3,27.6,877.9,101.16,3.3
39180.0,1310.3,358.42,0.05,358.42,40.73433,-111.87210,23.3,27.6,878.0,104.67,3.5
39240.0,1310.4,358.32,0.06,358.32,40.73433,-111.87210,23.2,27.7,878.0,104.07,3.9
39300.0,1310.2,358.53,0.05,358.53,40.73433,-111.87210,23.2,28.1,878.0,106.27,3.0
39360.0,1310.3,359.14,0.06,359.14,40.73433,-111.87210,23.2,28.0,878.0,117.30,4.1
39420.0,1310.2,359.14,0.05,359.14,40.73433,-111.87210,23.2,28.0,878.0,111.26,4.4
39480.0,1310.2,359.01,0.05,359.01,40.73433,-111.87210,23.1,27.9,878.0,107.58,3.9
39540.0,1310.0,359.18,0.05,359.18,40.73433,-111.87210,23.2,27.9,878.0,111.69,3.5
39600.0,1309.6,359.14,0.06,359.14,40.73433,-111.87210,23.2,27.9,878.1,107.84,3.9
39660.0,1309.7,359.13,0.05,359.13,40.73433,-111.87210,23.2,27.9,878.1,106.34,2.6
39720.0,1309.8,359.39,0.05,359.39,40.73433,-111.87210,23.2,27.8,878.1,111.91,3.2
39780.0,1309.5,359.45,0.05,359.45,40.73433,-111.87210,23.2,28.0,878.0,115.89,4.1
39840.0,1309.5,359.61,0.06,359.61,40.73433,-111.87210,23.2,28.0,878.1,113.83,3.5
39900.0,1309.4,359.36,0.05,359.36,40.73433,-111.87210,23.2,28.1,878.1,113.32,3.1
39960.0,1309.2,359.31,0.06,359.31,40.73433,-111.87210,23.1,28.0,878.1,108.63,4.5
40020.0,1308.8,359.57,0.05,359.57,40.73434,-111.87210,23.1,28.2,878.1,112.30,3.8
40080.0,1307.7,359.66,0.05,359.66,40.73434,-111.87210,23.2,28.2,878.1,114.60,2.1
40140.0,1307.6,359.76,0.05,359.76,40.73434,-111.87210,23.1,28.2,878.1,111.07,2.8
40200.0,1307.9,359.55,0.05,359.55,40.73434,-111.87210,23.1,28.0,878.1,111.12,4.0
40260.0,1308.0,359.41,0.05,359.41,40.73434,-111.87210,23.1,28.1,878.1,106.35,2.6
40320.0,1307.9,358.68,0.05,358.68,40.73434,-111.87210,23.1,27.9,878.1,100.45,4.3
40380.0,1307.9,358.50,0.05,358.50,40.73434,-111.87210,23.1,27.8,878.1,102.69,2.0
40440.0,1307.8,358.61,0.04,358.61,40.73434,-111.87210,23.1,27.9,878.1,100.42,2.9
40500.0,1308.0,359.37,0.04,359.37,40.73434,-111.87210,23.1,28.1,878.1,113.47,3.5
40560.0,1307.8,359.96,0.05,359.96,40.73434,-111.87210,23.0,28.1,878.1,102.17,3.6
40620.0,1307.8,359.32,0.05,359.32,40.73434,-111.87210,23.0,28.0,878.1,106.80,2.9
40680.0,1307.9,358.86,0.05,358.86,40.73434,-111.87210,22.9,28.2,878.1,107.43,5.5
40740.0,1308.6,358.87,0.05,358.87,40.73434,-111.87211,23.0,28.2,878.1,104.74,2.1
40800.0,1308.8,358.96,0.05,358.96,40.73434,-111.87211,23.0,28.1,878.1,105.31,3.7
40860.0,1308.8,358.82,0.05,358.82,40.73434,-111.87211,23.0,28.1,878.1,105.52,4.2
40920.0,1308.9,358.75,0.05,358.75,40.73434,-111.87211,23.0,28.0,878.1,108.13,2.0
40980.0,1308.9,359.40,0.05,359.40,40.73434,-111.87211,23.0,28.2,878.1,112.24,3.8
41040.0,1308.9,359.70,0.04,359.70,40.73434,-111.87211,22.9,28.1,878.1,112.64,3.2
41100.0,1308.4,359.53,0.04,359.53,40.73434,-111.87210,23.0,28.0,878.1,105.99,3.0
41160.0,1308.3,359.45,0.04,359.45,40.73434,-111.87210,22.9,28.4,878.1,110.25,4.7
41220.0,1308.4,359.07,0.04,359.07,40.73434,-111.87210,22.9,28.1,878.1,99.32,2.4
41280.0,1308.2,358.89,0.04,358.89,40.73434,-111.87210,22.9,28.3,878.2,104.73,3.9
41340.0,1308.4,358.90,0.04,358.90,40.73434,-111.87210,22.9,28.2,878.2,110.27,4.1
41400.0,1308.4,358.48,0.04,358.48,40.73434,-111.87210,22.9,28.3,878.2,102.43,2.9
41460.0,1308.6,358.41,0.05,358.41,40.73434,-111.87210,22.9,28.2,878.2,108.64,2.4
41520.0,1308.7,358.47,0.05,358.47,40.73434,-111.87210,22.9,28.3,878.2,104.45,3.9
41580.0,1308.9,358.59,0.04,358.59,40.73434,-111.87210,22.8,28.3,878.2,110.79,3.1
41640.0,1309.0,358.24,0.04,358.24,40.73434,-111.87210,22.8,28.4,878.2,102.74,2.9
41700.0,1309.0,358.10,0.05,358.10,40.73434,-111.87210,22.8,28.4,878.2,106.77,1.9
41760.0,1309.0,358.55,0.05,358.55,40.73434,-111.87210,22.8,28.5,878.2,102.79,3.1
41820.0,1309.1,358.18,0.04,358.18,40.73434,-111.87210,22.8,28.5,878.2,92.08,2.0
41880.0,1309.1,357.83,0.04,357.83,40.73434,-111.87210,22.8,28.3,878.2,104.43,2.5
41940.0,1309.2,358.21,0.05,358.21,40.73434,-111.87210,22.8,28.2,878.2,93.72,2.4
42000.0,1309.2,358.20,0.04,358.20,40.73434,-111.87210,22.8,28.3,878.2,108.90,2.6
42060.0,1309.1,358.05,0.05,358.05,40.73434,-111.87210,22.8,28.4,878.3,104.12,2.8
42120.0,1308.9,358.19,0.05,358.19,40.73434,-111.87210,22.8,28.4,878.2,105.78,3.0
42180.0,1308.8,358.34,0.05,358.34,40.73434,-111.87210,22.8,28.5,878.2,113.43,3.3
42240.0,1308.9,358.48,0.05,358.48,40.73434,-111.87210,22.8,28.5,878.3,107.43,3.6
42300.0,1309.0,358.56,0.05,358.56,40.73434,-111.87210,22.8,28.6,878.3,104.90,2.8
42360.0,1309.1,359.04,0.05,359.04,40.73434,-111.87210,22.8,28.5,878.3,112.87,2.4
42420.0,1309.1,359.16,0.05,359.16,40.73434,-111.87210,22.8,28.4,878.3,111.22,2.2
42480.0,1309.0,359.13,0.05,359.13,40.73434,-111.87210,22.8,28.4,878.3,103.85,2.3
42540.0,1309.0,359.22,0.05,359.22,40.73434,-111.87210,22.8,28.6,878.3,106.79,3.3
42600.0,1309.0,359.45,0.05,359.45,40.73434,-111.87211,22.7,28.4,878.3,102.70,3.2
42660.0,1308.7,359.15,0.05,359.15,40.73434,-111.87211,22.7,28.4,878.3,102.90,2.5
42720.0,1308.6,359.03,0.05,359.03,40.73434,-111.87210,22.7,28.5,878.3,106.62,2.3
42780.0,1308.5,358.86,0.05,358.86,40.73434,-111.87210,22.7,28.6,878.3,112.20,3.1
42840.0,1308.6,358.79,0.06,358.79,40.73434,-111.87210,22.7,28.7,878.3,105.84,3.9
42900.0,1308.7,358.83,0.05,358.83,40.73434,-111.87210,22.6,28.6,878.3,103.48,4.2
42960.0,1308.6,358.72,0.05,358.72,40.73434,-111.87210,22.7,28.7,878.3,113.33,2.8
43020.0,1308.5,358.82,0.05,358.82,40.73434,-111.87210,22.7,28.6,878.3,96.82,1.9
43080.0,1308.5,358.94,0.05,358.94,40.73434,-111.87210,22.6,28.7,878.3,106.78,2.6
43140.0,1308.5,359.23,0.06,359.23,40.73434,-111.87210,22.7,28.8,878.3,107.25,0.8
43200.0,1308.3,359.46,0.06,359.46,40.73434,-111.87210,22.7,28.7,878.3,108.05,1.7
43260.0,1308.1,359.49,0.05,359.49,40.73434,-111.87210,22.6,28.7,878.4,106.90,2.9
43320.0,1308.1,359.19,0.06,359.19,40.73434,-111.87210,22.6,28.8,878.4,115.65,3.1
43380.0,1308.2,359.76,0.06,359.76,40.73434,-111.87210,22.6,28.7,878.4,99.82,2.5
43440.0,1308.3,0.31,0.05,0.31,40.73434,-111.87211,22.6,28.7,878.4,102.81,2.6
43500.0,1308.3,0.20,0.05,0.20,40.73434,-111.87211,22.6,28.8,878.4,109.88,2.6
43560.0,1308.4,0.12,0.07,0.12,40.73434,-111.87211,22.6,28.8,878.4,109.44,2.2
43620.0,1308.7,0.22,0.05,0.22,40.73434,-111.87211,22.5,28.8,878.4,110.49,3.1
43680.0,1308.7,359.74,0.04,359.74,40.73434,-111.87211,22.5,28.9,878.4,108.78,2.6
43740.0,1308.7,359.90,0.04,359.90,40.73434,-111.87210,22.6,28.8,878.4,98.06,2.1
43800.0,1308.7,359.97,0.05,359.97,40.73434,-111.87210,22.4,28.9,878.4,107.40,3.7
43860.0,1308.9,0.26,0.05,0.26,40.73434,-111.87210,22.5,28.8,878.4,103.38,2.6
43920.0,1309.0,0.37,0.05,0.37,40.73434,-111.87210,22.4,28.8,878.4,105.09,3.6
43980.0,1309.1,0.56,0.05,0.56,40.73434,-111.87210,22.5,28.9,878.4,108.23,2.6
44040.0,1309.1,0.56,0.04,0.56,40.73434,-111.87210,22.4,28.9,878.4,105.38,3.8
44100.0,1309.2,0.72,0.05,0.72,40.73434,-111.87210,22.4,29.0,878.4,103.26,3.0
44160.0,1309.3,0.58,0.05,0.58,40.73434,-111.87210,22.4,29.1,878.4,93.38,2.3
44220.0,1309.3,0.98,0.05,0.98,40.73434,-111.87210,22.4,29.0,878.4,94.96,2.5
44280.0,1309.1,1.08,0.05,1.08,40.73434,-111.87210,22.4,29.0,878.4,109.37,2.8
44340.0,1309.0,0.30,0.05,0.30,40.73434,-111.87210,22.4,29.0,878.4,105.96,1.6
44400.0,1309.0,359.81,0.04,359.81,40.73434,-111.87210,22.3,29.1,878.4,106.05,4.3
44460.0,1309.1,359.79,0.05,359.79,40.73434,-111.87210,22.3,29.0,878.4,94.64,3.0
44520.0,1309.1,359.82,0.04,359.82,40.73434,-111.87210,22.4,29.1,878.4,111.86,2.9
44580.0,1308.7,359.75,0.05,359.75,40.73434,-111.87210,22.4,29.2,878.4,111.76,2.3
44640.0,1308.6,359.62,0.05,359.62,40.73434,-111.87210,22.3,29.1,878.5,99.60,2.5
44700.0,1308.5,359.57,0.05,359.57,40.73434,-111.87210,22.3,29.2,878.5,110.72,3.2
44760.0,1308.1,359.77,0.04,359.77,40.73434,-111.87210,22.3,29.3,878.5,109.51,3.7
44820.0,1307.9,359.82,0.05,359.82,40.73434,-111.87210,22.2,29.2,878.5,98.09,3.4
44880.0,1307.9,359.85,0.04,359.85,40.73434,-111.87210,22.2,29.2,878.5,98.58,3.0
44940.0,1307.9,359.66,0.05,359.66,40.73434,-111.87210,22.3,29.2,878.5,103.19,2.2
45000.0,1308.3,359.63,0.05,359.63,40.73434,-111.87210,22.3,29.3,878.5,106.65,2.4
45060.0,1308.8,359.79,0.05,359.79,40.73434,-111.87210,22.2,29.2,878.5,97.24,2.7
45120.0,1308.5,359.77,0.05,359.77,40.73434,-111.87210,22.3,29.2,878.5,113.03,2.5
45180.0,1308.6,0.27,0.05,0.27,40.73434,-111.87211,22.2,29.3,878.5,112.22,3.1
45240.0,1308.5,0.44,0.05,0.44,40.73434,-111.87211,22.2,29.5,878.5,107.20,2.7
45300.0,1308.4,359.74,0.05,359.74,40.73434,-111.87211,22.1,29.4,878.5,102.05,4.6
45360.0,1308.3,359.69,0.05,359.69,40.73434,-111.87211,22.2,29.4,878.5,108.43,2.4
45420.0,1308.4,359.42,0.04,359.42,40.73434,-111.87211,22.2,29.4,878.6,99.17,3.7
45480.0,1308.4,359.55,0.05,359.55,40.73434,-111.87211,22.2,29.3,878.5,105.45,3.8
45540.0,1308.3,359.24,0.05,359.24,40.73434,-111.87211,22.2,29.5,878.5,114.86,3.2
45600.0,1308.2,358.90,0.04,358.90,40.73434,-111.87211,22.2,29.5,878.6,114.35,3.4
45660.0,1308.2,358.87,0.04,358.87,40.73434,-111.87211,22.2,29.6,878.6,109.38,2.5
45720.0,1308.3,359.20,0.05,359.20,40.73434,-111.87211,22.2,29.7,878.6,108.90,3.3
45780.0,1308.3,359.45,0.04,359.45,40.73434,-111.87211,22.2,29.6,878.6,111.66,3.2
45840.0,1308.4,358.82,0.04,358.82,40.73434,-111.87211,22.1,29.6,878.6,105.11,3.1
45900.0,1308.5,358.45,0.04,358.45,40.73434,-111.87211,22.1,29.5,878.6,103.70,3.2
45960.0,1308.5,358.59,0.04,358.59,40.73434,-111.87211,22.1,29.5,878.6,107.19,3.9
46020.0,1308.6,359.12,0.04,359.12,40.73434,-111.87211,22.1,29.5,878.6,94.90,2.7
46080.0,1308.7,359.25,0.04,359.25,40.73434,-111.87211,22.1,29.6,878.6,112.55,3.0
46140.0,1308.8,359.42,0.05,359.42,40.73434,-111.87211,22.1,29.9,878.6,108.75,3.3
46200.0,1308.8,359.78,0.04,359.78,40.73434,-111.87211,22.1,29.8,878.6,105.30,3.2
46260.0,1308.8,359.96,0.05,359.96,40.73434,-111.87211,22.1,29.8,878.7,106.03,3.7
46320.0,1309.1,0.06,0.05,0.06,40.73434,-111.87211,22.1,29.7,878.6,107.86,3.2
46380.0,1309.2,0.36,0.05,0.36,40.73434,-111.87211,22.1,29.7,878.6,111.56,2.8
46440.0,1309.2,359.94,0.04,359.94,40.73434,-111.87211,22.1,29.9,878.6,107.66,2.8
46500.0,1309.4,0.44,0.04,0.44,40.73434,-111.87211,22.1,29.9,878.6,104.91,1.3
46560.0,1309.4,0.26,0.04,0.26,40.73434,-111.87211,22.1,30.1,878.6,107.83,3.0
46620.0,1309.3,359.99,0.05,359.99,40.73434,-111.87211,22.1,30.1,878.6,108.26,3.3
46680.0,1309.4,359.24,0.05,359.24,40.73434,-111.87211,22.1,29.8,878.6,101.91,3.2
46740.0,1309.5,358.79,0.04,358.79,40.73434,-111.87211,22.0,29.9,878.6,106.58,5.4
46800.0,1309.5,359.41,0.04,359.41,40.73434,-111.87211,22.1,29.8,878.6,103.79,2.6
46860.0,1309.5,359.74,0.04,359.74,40.73434,-111.87211,22.1,29.8,878.6,107.36,4.6
46920.0,1309.5,359.31,0.04,359.31,40.73434,-111.87211,22.1,29.9,878.6,110.75,3.9
46980.0,1309.4,359.05,0.04,359.05,40.73434,-111.87211,22.1,30.0,878.7,104.83,3.0
47040.0,1309.4,359.07,0.05,359.07,40.73434,-111.87211,22.2,30.0,878.7,106.87,1.2
47100.0,1309.3,358.53,0.05,358.53,40.73434,-111.87211,22.2,30.0,878.7,107.29,3.4
47160.0,1309.3,358.23,0.04,358.23,40.73434,-111.87211,22.1,30.1,878.7,107.40,3.8
47220.0,1309.4,358.64,0.04,358.64,40.73434,-111.87211,22.2,30.0,878.7,103.22,3.3
47280.0,1309.3,358.74,0.04,358.74,40.73434,-111.87211,22.3,30.1,878.7,115.64,1.9
47340.0,1309.4,358.94,0.04,358.94,40.73434,-111.87211,22.4,30.1,878.7,113.71,2.6
47400.0,1309.5,359.05,0.04,359.05,40.73434,-111.87211,22.3,30.2,878.7,104.02,3.1
47460.0,1309.4,359.38,0.05,359.38,40.73434,-111.87211,22.3,30.1,878.7,104.21,2.5
47520.0,1309.4,359.16,0.04,359.16,40.73433,-111.87211,22.4,30.0,878.7,101.62,2.6
47580.0,1309.4,359.20,0.04,359.20,40.73433,-111.87211,22.5,30.0,878.7,107.11,3.5
47640.0,1309.5,359.14,0.04,359.14,40.73434,-111.87210,22.5,30.0,878.7,106.51,3.6
47700.0,1309.4,358.92,0.04,358.92,40.73434,-111.87210,22.7,30.1,878.7,108.78,2.7
47760.0,1309.3,358.90,0.05,358.90,40.73433,-111.87210,22.7,30.0,878.7,108.76,3.4
