CampaignData_and_Merges/R0/CSL_MobileLab_Parked/raw/20240721/USOS-Picarro-CO2-CH4-CO-H2O_MobileLabGround_20240721_R0.ict
38, 1001
Ilana Pollack, Nell Schafer, and Jeff Peischl
NOAA Chemical Sciences Laboratory
Picarro 2401-m CO2/CH4/CO/H2O Analyzer
USOS
1, 1
2024, 07, 21, 2024, 11, 20
0
StartTime_UTC, seconds_past_midnight, seconds past midnight
5
1, 1, 1, 1, 1
-9999, -9999, -9999, -9999, -9999
StopTime_UTC, seconds_past_midnight, seconds past midnight
CO2_ppm_1min, ppm, Gas_CO2_InSitu_S_DMF, carbon dioxide mixing ratio
CH4_ppb_1min, ppb, Gas_CH4_InSitu_S_DMF, methane mixing ratio
CO_ppb_1min, ppb, Gas_CO_InSitu_S_DMF, carbon monoxide mixing ratio
H2O_ppmv_1min, ppmv, Met_H2OMRV_InSitu_S_AVMR, water vapor mixing ratio
1
SPECIAL COMMENTS: N/A
18
PI_CONTACT_INFO: Address: NOAA Chemical Sciences Laboratory, Mail Stop CSL7, 325 Broadway, Boulder, CO 80305; Email: Ilana.Pollack@noaa.gov
PLATFORM: NOAA CSL Mobile Laboratory
LOCATION: The mobile lab was stationed in Salt Lake City, Utah.
ASSOCIATED_DATA: N/A
INSTRUMENT_INFO: CO2, CH4, and CO are reported as dry air mole fractions using a commercial wavelength-scanned cavity ring-down analyzer (Picarro 2401-m). An in-field calibration gas standard of 432±0.07 ppm CO2, 2095±1 ppb CH4, and 183±1 ppb CO, calibrated in the Boulder laboratories before and after the field project using primary CO2, CH4, and CO standard tanks tied to the WMO standard (X2019, X2004A, and X2014A, respectively) from the Global Monitoring Laboratory (GML), was delivered to the inlet every 2-3 days to evaluate instrument sensitivity. A H2O measurement was calibrated before the project with a Dew Point Mirror 373 hygrometer. The water correction calculated from these calibrations was applied to the H2O measurement for the entire campaign. Species are measured at 0.5 Hz and reported as 1-minute averages for stationary measurements.
DATA_INFO: Units: CO2, ppm, dry air mole fraction; CH4, ppb, dry air mole fraction; CO, ppb, dry air mole fraction; H2O, ppmv
UNCERTAINTY: Total uncertainties are estimated as ±0.1 ppm for CO2, ±1 ppb for CH4, ±5 ppb for CO, and ±(50 ppm + 4%) for H2O.
ULOD_FLAG: -7777
ULOD_VALUE: N/A
LLOD_FLAG: -8888
LLOD_VALUE: N/A
DM_CONTACT_INFO: Data Manager: Nathan Howard; nathan.h.howard@noaa.gov
PROJECT_INFO: USOS Dates of Study: July – August 2024
STIPULATIONS_ON_USE: Use of these data require prior ok from PI.
OTHER_COMMENTS: Data are averaged to 1 minute intervals. Stationary data collected from a 10 ft tower on top of the mobile van.
REVISION: R0
R0: Final Data
StartTime_UTC, StopTime_UTC, CO2_ppm_1min, CH4_ppb_1min, CO_ppb_1min, H2O_ppmv_1min
[from data line 381]
22860,22920,431.63,1962.3,143.5,10999.5830
22920,22980,431.81,1961.5,147.2,10978.6582
22980,23040,431.10,1961.3,148.5,10946.2607
23040,23100,431.69,1961.8,147.8,11029.5967
23100,23160,431.20,1961.8,145.1,10972.8135
23160,23220,430.53,1962.0,142.7,10878.7725
23220,23280,429.82,1961.5,156.2,10782.1152
23280,23340,429.72,1961.5,151.1,10842.2949
23340,23400,431.81,1962.1,148.1,10998.8174
23400,23460,430.59,1962.1,144.7,10842.2559
23460,23520,430.13,1961.0,144.5,10742.5078
23520,23580,429.02,1961.3,142.6,10695.3447
23580,23640,430.85,1962.0,141.0,10850.1104
23640,23700,429.92,1962.0,144.8,10739.7949
23700,23760,428.68,1961.7,141.9,10629.1221
23760,23820,429.09,1962.2,142.9,10656.2471
23820,23880,429.36,1962.3,140.1,10693.2637
23880,23940,429.22,1962.8,142.5,10664.5566
23940,24000,429.96,1963.3,148.1,10694.5947
24000,24060,429.84,1963.4,184.1,10672.2100
24060,24120,430.92,1964.0,148.8,10805.1113
24120,24180,430.06,1963.7,144.3,10704.5527
24180,24240,429.83,1963.9,143.2,10691.2656
24240,24300,429.66,1964.0,140.1,10687.8291
24300,24360,429.93,1964.4,142.5,10690.9834
24360,24420,430.67,1965.0,146.7,10733.3574
24420,24480,430.34,1965.3,142.2,10734.6328
24480,24540,430.48,1965.1,140.3,10767.5205
24540,24600,430.58,1965.3,142.6,10750.6201
24600,24660,430.83,1965.8,142.4,10776.7178
24660,24720,431.68,1966.7,141.8,10850.0400
24720,24780,431.64,1966.8,143.4,10835.2334
24780,24840,431.19,1967.2,144.1,10799.3555
24840,24900,429.93,1966.7,140.0,10696.7285
24900,24960,430.22,1967.1,142.3,10725.6279
24960,25020,431.31,1967.9,143.0,10806.3154
25020,25080,430.44,1968.4,142.3,10707.0176
25080,25140,432.11,1969.2,154.3,10763.7041
25140,25200,431.27,1968.2,146.7,10813.2734
25200,25260,431.53,1968.6,143.4,10838.1787
25260,25320,432.38,1969.4,143.7,10875.9238
25320,25380,430.51,1968.6,142.0,10748.2305
25380,25440,432.08,1969.2,146.9,10780.5684
25440,25500,431.36,1968.6,150.9,10781.3799
25500,25560,431.02,1969.4,144.2,10779.6504
25560,25620,431.26,1969.5,143.1,10795.9941
25620,25680,431.52,1970.0,142.8,10791.0156
25680,25740,430.05,1968.4,141.6,10653.0068
25740,25800,430.64,1968.6,145.7,10719.3047
25800,25860,430.01,1968.9,145.1,10693.2129
25860,25920,429.79,1968.8,142.0,10693.0654
25920,25980,430.28,1968.8,144.7,10743.3613
25980,26040,430.46,1969.4,143.2,10742.7871
26040,26100,431.46,1969.8,144.7,10776.1533
26100,26160,430.68,1969.2,144.6,10761.6963
26160,26220,431.07,1969.2,143.7,10805.7393
26220,26280,431.31,1969.5,142.2,10861.7305
26280,26340,430.36,1968.8,142.6,10782.4033
26340,26400,429.90,1968.9,142.8,10763.5166
26400,26460,430.55,1969.5,142.2,10820.5908
26460,26520,430.34,1969.4,141.6,10808.2539
26520,26580,430.24,1969.2,140.9,10800.1846
26580,26640,431.40,1969.6,141.9,10862.8203
26640,26700,430.93,1969.5,142.3,10821.1377
26700,26760,430.45,1970.1,140.8,10828.4092
26760,26820,430.11,1969.7,141.2,10817.1543
26820,26880,430.14,1969.6,141.6,10826.6875
26880,26940,430.28,1969.3,143.5,10841.2119
26940,27000,430.81,1969.9,142.9,10869.5986
27000,27060,431.38,1970.0,144.8,10922.1846
27060,27120,430.76,1969.9,142.7,10901.5205
27120,27180,430.65,1970.2,141.9,10911.9629
27180,27240,430.26,1970.0,143.5,10890.5537
27240,27300,431.23,1970.2,143.6,10994.6680
27300,27360,431.12,1970.1,143.6,10944.3154
27360,27420,431.78,1970.2,143.4,10993.6719
27420,27480,430.73,1968.9,142.0,10887.0264
27480,27540,430.18,1968.5,142.1,10871.6611
27540,27600,430.36,1969.1,140.9,10884.2686
27600,27660,430.92,1969.4,142.0,10904.7354
27660,27720,431.21,1968.7,142.7,10902.3506
27720,27780,430.70,1968.8,142.9,10900.3623
27780,27840,430.64,1968.1,140.5,10894.2744
27840,27900,430.52,1967.5,142.2,10950.4336
27900,27960,430.66,1967.5,141.6,10955.1807
27960,28020,432.79,1968.3,144.8,10972.4199
28020,28080,431.58,1968.1,142.1,10964.2295
28080,28140,431.11,1968.3,143.1,10967.1719
28140,28200,431.16,1967.8,140.1,10942.0586
28200,28260,431.02,1967.8,141.4,10977.5811
28260,28320,430.84,1967.2,142.6,10964.8301
28320,28380,430.20,1966.4,141.8,10895.7451
28380,28440,430.65,1966.6,144.5,10933.6494
28440,28500,430.87,1967.1,142.2,10963.0801
28500,28560,430.68,1966.9,142.6,10949.5547
28560,28620,430.70,1966.5,141.3,10960.1318
28620,28680,431.13,1966.4,142.1,11005.4209
28680,28740,431.76,1966.4,149.8,11046.0156
28740,28800,431.50,1966.5,146.8,11047.9063
28800,28860,431.15,1966.8,145.7,11022.1582
28860,28920,431.33,1966.1,142.9,11052.4434
28920,28980,432.20,1966.3,144.2,11121.3057
28980,29040,431.37,1965.9,144.1,11045.1221
29040,29100,431.15,1965.8,143.6,11032.6816
29100,29160,431.34,1965.8,155.6,11024.7969
29160,29220,432.36,1966.3,166.2,11113.8115
29220,29280,431.33,1965.6,143.2,11049.9629
29280,29340,431.37,1965.7,144.5,11046.5049
29340,29400,431.41,1966.1,146.0,11066.1396
29400,29460,431.89,1965.7,142.3,11116.7754
29460,29520,431.18,1966.2,144.0,11092.7266
29520,29580,431.67,1966.0,142.0,11117.8740
29580,29640,431.06,1965.6,143.3,11048.4785
29640,29700,431.07,1965.5,142.0,11058.3008
29700,29760,431.23,1965.2,142.0,11069.8457
29760,29820,430.95,1965.1,141.7,11051.4033
29820,29880,431.43,1965.1,141.7,11083.5098
29880,29940,432.14,1965.4,153.7,11147.0020
29940,30000,431.71,1965.4,149.4,11103.6348
30000,30060,431.21,1964.7,144.0,11085.8008
30060,30120,431.81,1965.1,142.7,11133.6953
30120,30180,431.66,1964.8,142.6,11118.4590
30180,30240,431.05,1964.7,144.0,11078.7578
30240,30300,432.07,1964.9,144.9,11165.2363
30300,30360,431.71,1964.7,145.7,11154.7510
30360,30420,432.07,1964.2,142.4,11180.0313
30420,30480,431.77,1964.0,142.3,11190.1094
30480,30540,431.88,1964.2,142.7,11219.9492
30540,30600,431.46,1964.1,141.9,11156.5293
30600,30660,432.50,1964.5,142.0,11208.3096
30660,30720,431.63,1963.9,141.3,11149.9248
30720,30780,432.67,1964.3,149.7,11248.5078
30780,30840,432.97,1964.0,145.7,11282.6289
30840,30900,432.76,1963.8,141.1,11257.3076
30900,30960,432.07,1963.9,141.8,11192.4609
30960,31020,432.49,1964.5,141.2,11255.5693
31020,31080,431.98,1964.1,141.1,11167.7227
31080,31140,431.81,1964.0,140.5,11151.3945
31140,31200,432.14,1963.5,141.7,11178.5146
31200,31260,431.81,1963.7,141.6,11187.7695
31260,31320,431.80,1963.7,139.9,11158.6963
31320,31380,432.01,1964.0,141.4,11211.0049
31380,31440,431.39,1963.4,141.4,11133.0010
31440,31500,431.92,1963.5,142.9,11186.4785
31500,31560,431.77,1964.0,141.8,11173.7920
31560,31620,431.91,1964.1,143.3,11182.2354
31620,31680,432.22,1964.1,146.4,11210.3232
31680,31740,432.65,1964.0,142.8,11275.1328
31740,31800,432.43,1964.1,141.6,11267.9297
31800,31860,431.56,1963.9,142.2,11178.6377
31860,31920,432.14,1964.0,145.0,11219.3203
31920,31980,431.70,1964.4,143.6,11188.9531
31980,32040,431.52,1963.6,141.9,11202.1396
32040,32100,432.21,1963.7,140.8,11286.2852
32100,32160,431.80,1963.7,142.6,11222.3818
32160,32220,431.69,1964.0,140.8,11217.1699
32220,32280,431.98,1963.7,142.5,11248.4053
32280,32340,431.98,1963.9,142.0,11243.0898
32340,32400,431.78,1963.8,143.6,11224.4082
32400,32460,432.45,1963.8,142.0,11306.2324
32460,32520,431.80,1963.8,142.0,11241.6250
32520,32580,431.70,1963.6,141.7,11268.5391
32580,32640,432.11,1963.5,144.0,11329.4082
32640,32700,431.90,1963.5,147.7,11298.2070
32700,32760,431.33,1962.6,141.3,11237.0518
32760,32820,431.89,1963.0,141.6,11315.5068
32820,32880,431.73,1962.8,145.9,11318.6895
32880,32940,431.88,1963.1,143.6,11339.5176
32940,33000,431.89,1963.7,140.3,11316.1563
33000,33060,432.02,1963.9,140.9,11310.9609
33060,33120,431.29,1963.3,140.3,11227.2051
33120,33180,431.83,1963.0,141.7,11274.7520
33180,33240,431.39,1963.1,140.6,11253.6006
33240,33300,431.08,1962.8,140.5,11232.3291
33300,33360,432.06,1962.7,140.4,11370.0742
33360,33420,431.78,1962.7,141.5,11326.1680
33420,33480,432.07,1962.9,150.3,11376.4824
33480,33540,431.79,1962.7,143.7,11355.7100
33540,33600,431.97,1962.8,142.2,11393.6387
33600,33660,432.08,1963.1,141.9,11390.1230
33660,33720,432.05,1963.0,141.3,11400.4277
33720,33780,432.21,1963.8,141.1,11430.5010
33780,33840,432.35,1963.4,142.5,11443.6689
33840,33900,431.65,1963.1,143.1,11349.0566
33900,33960,431.58,1963.2,143.8,11357.5879
33960,34020,431.83,1963.4,141.4,11379.3857
34020,34080,431.69,1963.3,143.0,11357.0762
34080,34140,431.62,1963.2,141.9,11395.6279
34140,34200,431.50,1963.7,141.4,11363.6904
34200,34260,431.57,1963.8,141.4,11354.5732
34260,34320,431.62,1963.0,141.6,11387.4902
34320,34380,431.63,1963.2,141.8,11380.8809
34380,34440,431.35,1963.6,142.6,11329.9102
34440,34500,431.41,1963.5,141.8,11372.9590
34500,34560,431.39,1963.6,140.8,11352.2383
34560,34620,431.55,1963.6,141.4,11368.0195
34620,34680,431.31,1963.4,140.7,11323.2793
34680,34740,431.55,1963.4,141.0,11365.7695
34740,34800,431.70,1963.7,142.0,11393.8115
34800,34860,431.78,1963.8,142.1,11389.7002
34860,34920,431.66,1963.4,146.0,11378.5801
34920,34980,432.33,1963.5,142.5,11444.6074
34980,35040,431.98,1963.8,142.3,11410.7441
35040,35100,431.70,1963.5,142.5,11382.0479
35100,35160,431.50,1963.5,141.6,11369.2461
35160,35220,431.97,1964.1,141.3,11415.0938
35220,35280,432.10,1964.4,141.7,11423.5342
35280,35340,431.47,1963.6,141.9,11349.4180
35340,35400,431.77,1963.6,142.6,11376.8311
35400,35460,431.79,1964.1,140.6,11381.7617
35460,35520,431.77,1964.3,142.8,11359.5205
35520,35580,431.51,1964.1,141.9,11339.4404
35580,35640,431.50,1964.0,142.0,11349.6416
35640,35700,431.70,1964.1,143.4,11368.6963
35700,35760,432.17,1964.7,142.3,11419.0088
35760,35820,431.89,1964.4,141.1,11344.0791
35820,35880,431.10,1964.0,141.6,11270.2090
35880,35940,431.74,1964.6,142.4,11330.8496
35940,36000,432.20,1964.6,147.0,11373.9785
36000,36060,431.93,1964.7,148.9,11356.8496
36060,36120,432.27,1964.6,142.8,11407.8564
36120,36180,432.72,1965.2,142.0,11450.2813
36180,36240,432.08,1964.9,141.7,11352.5664
36240,36300,432.12,1964.9,142.6,11332.6953
36300,36360,431.61,1964.9,140.5,11262.4014
36360,36420,431.92,1965.1,143.3,11300.1387
36420,36480,431.69,1964.7,141.8,11277.3281
36480,36540,431.55,1964.9,141.7,11271.0801
36540,36600,431.89,1964.8,142.2,11268.9541
36600,36660,432.39,1965.6,145.6,11319.8154
36660,36720,431.80,1965.2,144.2,11294.9209
36720,36780,431.57,1965.1,142.3,11272.5391
36780,36840,431.77,1965.6,143.2,11289.1045
36840,36900,432.25,1966.0,184.6,11303.6104
36900,36960,431.55,1965.9,151.3,11220.0332
36960,37020,431.67,1965.9,147.3,11241.0029
37020,37080,431.97,1965.9,142.4,11270.8682
37080,37140,431.43,1964.8,142.6,11246.4023
37140,37200,431.66,1965.1,142.2,11265.2178
37200,37260,431.66,1965.3,142.7,11273.9102
37260,37320,431.18,1964.4,142.5,11205.2412
37320,37380,431.58,1964.9,141.0,11255.7686
37380,37440,431.15,1964.3,142.9,11180.6045
37440,37500,431.60,1964.6,142.5,11227.2998
37500,37560,431.40,1964.8,143.1,11180.6250
37560,37620,431.09,1964.2,143.0,11149.4609
37620,37680,431.67,1964.7,140.4,11230.4814
37680,37740,432.15,1965.0,144.5,11293.9912
37740,37800,431.70,1964.9,143.1,11238.7559
37800,37860,431.75,1964.9,141.5,11242.9102
37860,37920,431.36,1964.8,145.5,11159.5645
37920,37980,432.03,1964.9,143.2,11222.9082
37980,38040,432.03,1965.3,143.6,11240.2529
38040,38100,432.39,1965.4,143.8,11292.8975
38100,38160,432.08,1965.7,142.8,11257.1992
38160,38220,432.29,1965.9,144.5,11272.1289
38220,38280,432.53,1966.0,142.2,11310.6191
38280,38340,432.15,1965.8,145.1,11260.8984
38340,38400,431.80,1965.5,143.7,11232.1494
38400,38460,432.25,1965.8,143.9,11288.2969
38460,38520,432.27,1965.9,177.6,11263.7041
38520,38580,431.95,1965.7,145.2,11231.4404
38580,38640,432.11,1965.8,142.4,11259.6318
38640,38700,432.45,1965.8,142.2,11312.6318
38700,38760,432.03,1966.1,141.1,11237.1953
38760,38820,432.40,1965.9,141.6,11287.6699
38820,38880,432.18,1965.8,141.6,11253.3525
38880,38940,432.29,1965.6,142.3,11255.9697
38940,39000,432.38,1965.8,142.2,11268.5928
39000,39060,432.17,1965.9,140.8,11246.8867
39060,39120,432.16,1966.1,141.1,11239.6875
39120,39180,432.05,1965.9,140.7,11229.8086
39180,39240,432.19,1965.9,142.9,11242.0254
39240,39300,432.68,1965.9,141.3,11317.2227
39300,39360,432.88,1966.3,142.0,11327.3008
39360,39420,432.89,1966.4,142.5,11313.2021
39420,39480,432.65,1966.3,143.9,11261.7930
39480,39540,432.65,1966.4,143.3,11276.1602
39540,39600,432.40,1966.2,142.3,11258.0195
39600,39660,432.17,1966.1,141.9,11220.3877
39660,39720,432.23,1966.1,143.3,11233.8105
39720,39780,432.10,1966.1,143.1,11216.1221
39780,39840,432.65,1966.3,180.9,11274.7393
39840,39900,433.36,1966.3,147.3,11313.8643
39900,39960,432.54,1966.2,144.7,11254.1357
39960,40020,432.05,1965.4,143.4,11233.6660
40020,40080,432.14,1965.8,142.2,11236.0391
40080,40140,432.91,1966.0,142.9,11341.4785
40140,40200,432.21,1965.9,142.9,11235.5645
40200,40260,432.45,1965.9,142.0,11264.6006
40260,40320,431.77,1965.7,142.6,11161.9658
40320,40380,431.81,1965.8,149.0,11191.3682
40380,40440,432.11,1966.6,160.2,11238.8359
40440,40500,432.32,1966.6,147.8,11261.4297
40500,40560,432.53,1966.5,143.0,11292.5488
40560,40620,431.98,1966.4,143.4,11235.2725
40620,40680,432.11,1966.4,143.2,11238.6660
40680,40740,432.18,1966.3,141.9,11260.8320
40740,40800,432.40,1966.8,147.7,11269.9063
40800,40860,432.07,1966.8,144.9,11223.4805
40860,40920,431.91,1967.1,144.9,11225.2031
40920,40980,432.24,1967.5,144.7,11251.5342
40980,41040,432.48,1967.7,144.4,11268.3467
41040,41100,431.98,1967.4,143.8,11227.7158
41100,41160,432.01,1967.4,144.9,11237.6826
41160,41220,432.03,1967.8,142.9,11256.3750
41220,41280,432.11,1968.1,142.3,11256.6738
41280,41340,432.12,1967.8,143.6,11243.3633
41340,41400,432.46,1968.3,144.4,11305.4355
41400,41460,431.91,1968.0,144.0,11234.5918
41460,41520,431.86,1967.8,143.7,11251.5156
41520,41580,431.85,1967.8,142.5,11264.5430
41580,41640,431.89,1968.1,145.3,11266.7197
41640,41700,431.87,1968.3,145.3,11266.6436
41700,41760,432.22,1967.9,144.3,11317.5068
41760,41820,432.28,1967.4,145.9,11330.3145
41820,41880,431.46,1967.3,145.0,11242.4854
41880,41940,431.30,1967.1,143.5,11214.1660
41940,42000,431.24,1966.9,144.8,11192.1807
42000,42060,431.66,1967.4,144.2,11267.4854
42060,42120,431.71,1967.4,143.7,11286.4541
42120,42180,431.48,1967.6,146.0,11260.0439
42180,42240,431.81,1967.5,145.7,11312.8203
42240,42300,431.59,1967.1,146.7,11287.7188
42300,42360,431.52,1967.9,145.6,11280.9844
42360,42420,431.38,1967.4,145.7,11266.6729
42420,42480,431.11,1967.3,146.4,11232.7148
42480,42540,431.54,1967.7,145.2,11270.7705
42540,42600,431.60,1967.5,144.7,11286.2813
42600,42660,430.99,1967.4,144.9,11232.8311
42660,42720,431.16,1967.2,145.5,11254.5068
42720,42780,431.65,1967.3,144.3,11304.6719
42780,42840,431.62,1967.2,146.2,11293.7100
42840,42900,431.58,1967.3,147.1,11288.5889
42900,42960,431.37,1967.0,144.9,11259.8428
42960,43020,431.32,1967.6,147.5,11266.6260
43020,43080,431.30,1967.6,146.1,11271.8271
43080,43140,431.59,1967.4,146.1,11317.7930
43140,43200,431.83,1967.7,144.6,11318.5576
43200,43260,431.24,1967.5,146.0,11254.6826
43260,43320,431.28,1967.3,146.2,11283.0215
43320,43380,431.70,1967.2,149.6,11323.9072
43380,43440,431.08,1967.0,145.3,11255.4756
43440,43500,431.47,1967.4,146.7,11283.6846
43500,43560,431.27,1966.8,146.3,11269.1738
43560,43620,431.44,1967.1,146.1,11287.3916
43620,43680,431.22,1967.1,146.5,11276.1553
43680,43740,431.68,1967.5,146.4,11311.4297
43740,43800,431.39,1968.1,146.3,11282.7529
43800,43860,431.29,1967.5,146.4,11271.5293
43860,43920,431.37,1967.2,145.3,11263.5459
43920,43980,430.97,1967.1,145.8,11237.6445
43980,44040,431.47,1967.3,145.8,11303.5918
44040,44100,431.29,1967.2,146.6,11280.4238
44100,44160,431.29,1967.8,146.0,11281.6641
44160,44220,431.67,1967.7,146.9,11323.2100
44220,44280,431.22,1967.5,144.7,11271.7021
44280,44340,431.50,1967.5,148.1,11297.4453
44340,44400,431.43,1967.3,145.6,11297.7373
44400,44460,431.41,1967.2,145.8,11290.1660
44460,44520,431.33,1967.3,145.4,11272.4990
44520,44580,431.54,1967.4,146.6,11311.6758
44580,44640,431.83,1967.3,145.6,11316.1113
44640,44700,431.49,1966.8,142.5,11296.3438
44700,44760,431.54,1967.1,145.9,11298.6963
44760,44820,431.39,1967.2,146.1,11310.6279
44820,44880,431.28,1967.5,144.3,11288.2139
44880,44940,431.45,1967.6,144.9,11322.9082
44940,45000,431.46,1967.2,143.8,11302.4248
45000,45060,431.49,1966.9,143.5,11312.7773
45060,45120,431.31,1967.1,145.6,11294.2354
