CampaignData_and_Merges/R0/CSL_MobileLab_Parked/raw/20240721/USOS-jNO2_MobileLabGround_20240721_R0.ict
52,1001
Waxman, E.; Rollins, A.; Zuraski, K.; Chace, W.
NOAA Chemical Sciences Laboratory
jNO2 filter radiometer on CSL Mobile Lab
AMMBEC / USOS
1, 1
2024,07,21, 2025,04,01
60
Time_Start, seconds, number_of_seconds_since_0000_UTC
20
1, 1, 1, 1, 1, 1, 1, 1, 1, 1, 1, 1, 1, 1, 1, 1, 1, 1, 1, 1
-9999, -9999, -9999, -9999, -9999, -9999, -9999, -9999, -9999, -9999, -9999, -9999, -9999, -9999, -9999, -9999, -9999, -9999, -9999, -9999
Time_Stop, seconds, number_of_seconds_since_0000_UTC
jNO2_meas, per second, photolysis rate of NO2 measured using a filter radiometer.
jBrCl, per second, photolysis rate of BrCl -> Br + Cl calculated in TUV for cloud-free sky with local AOD
jBr2, per second, photolysis rate of Br2 -> Br + Br calculated in TUV for cloud-free sky with local AOD
jCCl4, per second, photolysis rate of CCl4 -> Products calcualted in TUV for cloud-free sky with local AOD
jCH2Oa, per second, photolysis rate of CH2O -> H + HCO calculated in TUV for cloud-free sky with local AOD
jCH2Ob, per second, photolysis rate of CH2O -> H2 + CO calculated in TUV for cloud-free sky with local AOD
jClNO2, per second, photolysis rate of ClNO2 -> Cl + NO2 calculated in TUV for cloud-free sky with local AOD
jClOa, per second, photolysis rate of ClO -> Cl + O(1D) calculated in TUV for cloud-free sky with local AOD
jClOb, per second, photolysis rate of ClO -> Cl + O(3P) calculated in TUV for cloud-free sky with local AOD
jCl2, per second, photolysis rate of Cl2 -> Cl + Cl calculated in TUV for cloud-free sky with local AOD
jHNO2, per second, photolysis rate of HNO2 -> OH + NO calculated in TUV for cloud-free sky with local AOD
jHNO3, per second, photolysis rate of HNO3 -> OH + NO2 calculated in TUV for cloud-free sky with local AOD
jI2, per second, photolysis rate of I2 -> I + I calculated in TUV for cloud-free sky with local AOD
jNO2, per second, photolysis rate of NO2 -> NO + O(3P) calculated in TUV for cloud-free sky with local AOD
jNO3a, per second, photolysis rate of NO3 -> NO + O2 calculated in TUV for cloud-free sky with local AOD
jNO3b, per second, photolysis rate of NO3 -> NO2 + O(3P) calculated in TUV for cloud-free sky with local AOD
jN2O5, per second, photolysis rate of N2O5 -> NO3 + NO + O(3P) calculated in TUV for cloud-free sky with local AOD
jO3, per second, photolysis rate of O3 -> O2 + O(1D) calculated in TUV for cloud-free sky with local AOD
AOD_500nm, unitless, UTC daily mean AOD at 500 nm from an AERONET station located at 40.178 N, -112.452 E
0
18
PI_CONTACT_INFO: eleanor.waxman@noaa.gov
PLATFORM: CSL Mobile Lab, at ground site
LOCATION: Salt Lake City, UT
ASSOCIATED_DATA:
INSTRUMENT_INFO: jNO2 filter radiometer.  TUV calculations are for mobile van lat/lon/altitude assuming clear sky (cloud AOD = 0) and daily mean AOD.
DATA_INFO:
UNCERTAINTY: Data uncertainties are +/- 20%.  These come from uncertainties in radiometer angular response, radiometer thermal response, local interferences from clouds/aerosols/shadows etc.
ULOD_FLAG: -7777
ULOD_VALUE: N/A
LLOD_FLAG: -8888
LLOD_VALUE: N/A
DM_CONTACT_INFO: eleanor.waxman@noaa.gov
PROJECT_INFO: USOS Project, July - August 2024
STIPULATIONS_ON_USE: Users are strongly encouraged to contact the PI for proper data usage.
OTHER_COMMENTS: 
REVISION: R0
R0: final data
Time_Start, Time_Stop, jNO2_meas, jBrCl, jBr2, jCCl4, jCH2Oa, jCH2Ob, jClNO2, jClOa, jClOb, jCl2, jHNO2, jHNO3, jI2, jNO2, jNO3a, jNO3b, jN2O5, jO3, AOD_500nm
       0,      60,0.0047438,0.007593,0.02442,2.034e-25,1.462e-05,2.604e-05,0.0002603,7.177e-26,1.222e-05,0.001395,0.0009493,2.108e-07,0.09142,0.006023,0.01819,0.1431,2.187e-05,7.618e-06,0.163
      60,     120,0.0045865,0.007561,0.02434,1.996e-25,1.449e-05,2.585e-05,0.0002585,7.046e-26,1.204e-05,0.001387,0.000944,2.084e-07,0.09117,0.005991,0.01814,0.1427,2.17e-05,7.5e-06,0.163
     120,     180,0.0050047,0.007531,0.02426,1.961e-25,1.436e-05,2.567e-05,0.0002568,6.925e-26,1.187e-05,0.001379,0.0009389,2.062e-07,0.09093,0.005962,0.0181,0.1424,2.155e-05,7.39e-06,0.163
     180,     240,0.0050016,0.007499,0.02417,1.925e-25,1.423e-05,2.548e-05,0.0002549,6.8e-26,1.169e-05,0.001371,0.0009335,2.038e-07,0.09067,0.00593,0.01806,0.142,2.138e-05,7.274e-06,0.163
     240,     300,0.005001,0.007466,0.02409,1.889e-25,1.409e-05,2.529e-05,0.0002531,6.678e-26,1.151e-05,0.001362,0.0009281,2.015e-07,0.09041,0.005898,0.01802,0.1416,2.121e-05,7.159e-06,0.163
     300,     360,0.0047117,0.007435,0.02401,1.857e-25,1.396e-05,2.511e-05,0.0002513,6.566e-26,1.134e-05,0.001354,0.0009229,1.992e-07,0.09017,0.005868,0.01798,0.1412,2.105e-05,7.051e-06,0.163
     360,     420,0.0046451,0.007402,0.02392,1.823e-25,1.383e-05,2.491e-05,0.0002495,6.45e-26,1.116e-05,0.001345,0.0009174,1.969e-07,0.0899,0.005836,0.01793,0.1408,2.089e-05,6.938e-06,0.163
     420,     480,0.0048404,0.007369,0.02383,1.79e-25,1.369e-05,2.472e-05,0.0002476,6.336e-26,1.099e-05,0.001337,0.0009119,1.945e-07,0.08964,0.005803,0.01789,0.1404,2.072e-05,6.825e-06,0.163
     480,     540,0.0049009,0.007337,0.02375,1.76e-25,1.357e-05,2.454e-05,0.0002458,6.232e-26,1.082e-05,0.001328,0.0009066,1.923e-07,0.08938,0.005772,0.01785,0.1401,2.056e-05,6.72e-06,0.163
     540,     600,0.0048208,0.007303,0.02366,1.729e-25,1.343e-05,2.434e-05,0.000244,6.123e-26,1.065e-05,0.00132,0.000901,1.9e-07,0.08911,0.005739,0.0178,0.1397,2.039e-05,6.609e-06,0.163
     600,     660,0.00488,0.007269,0.02357,1.698e-25,1.33e-05,2.415e-05,0.0002421,6.018e-26,1.048e-05,0.001311,0.0008954,1.877e-07,0.08883,0.005706,0.01775,0.1393,2.022e-05,6.499e-06,0.163
     660,     720,0.0046726,0.007237,0.02348,1.67e-25,1.317e-05,2.396e-05,0.0002403,5.921e-26,1.032e-05,0.001303,0.00089,1.855e-07,0.08857,0.005674,0.01771,0.1389,2.006e-05,6.396e-06,0.163
     720,     780,0.0045995,0.007202,0.02339,1.64e-25,1.303e-05,2.377e-05,0.0002384,5.82e-26,1.015e-05,0.001294,0.0008843,1.832e-07,0.08829,0.005641,0.01766,0.1385,1.989e-05,6.287e-06,0.163
     780,     840,0.0048872,0.007167,0.02329,1.612e-25,1.29e-05,2.357e-05,0.0002365,5.721e-26,9.977e-06,0.001285,0.0008786,1.809e-07,0.08801,0.005607,0.01761,0.138,1.972e-05,6.18e-06,0.163
     840,     900,0.0050142,0.007134,0.0232,1.585e-25,1.277e-05,2.338e-05,0.0002347,5.63e-26,9.82e-06,0.001276,0.0008732,1.787e-07,0.08773,0.005575,0.01757,0.1376,1.955e-05,6.08e-06,0.163
     900,     960,0.0050337,0.007098,0.02311,1.558e-25,1.263e-05,2.318e-05,0.0002328,5.536e-26,9.653e-06,0.001267,0.0008674,1.764e-07,0.08744,0.00554,0.01752,0.1372,1.938e-05,5.974e-06,0.163
     960,    1020,0.0049593,0.007062,0.02301,1.531e-25,1.25e-05,2.298e-05,0.0002309,5.444e-26,9.488e-06,0.001258,0.0008615,1.741e-07,0.08715,0.005506,0.01747,0.1368,1.921e-05,5.869e-06,0.163
    1020,    1080,0.0050422,0.007028,0.02292,1.507e-25,1.237e-05,2.279e-05,0.0002291,5.359e-26,9.335e-06,0.00125,0.000856,1.72e-07,0.08687,0.005473,0.01742,0.1364,1.905e-05,5.772e-06,0.163
    1080,    1140,0.0050274,0.006992,0.02282,1.481e-25,1.223e-05,2.259e-05,0.0002271,5.27e-26,9.172e-06,0.00124,0.0008501,1.697e-07,0.08657,0.005438,0.01737,0.1359,1.887e-05,5.669e-06,0.163
    1140,    1200,0.0049344,0.006955,0.02272,1.456e-25,1.21e-05,2.239e-05,0.0002252,5.184e-26,9.012e-06,0.001231,0.0008442,1.674e-07,0.08626,0.005403,0.01732,0.1355,1.87e-05,5.567e-06,0.163
    1200,    1260,0.0048328,0.00692,0.02263,1.433e-25,1.197e-05,2.22e-05,0.0002233,5.104e-26,8.861e-06,0.001222,0.0008385,1.653e-07,0.08598,0.00537,0.01727,0.135,1.854e-05,5.472e-06,0.163
    1260,    1320,0.0047076,0.006883,0.02253,1.409e-25,1.183e-05,2.2e-05,0.0002214,5.021e-26,8.703e-06,0.001213,0.0008325,1.631e-07,0.08566,0.005334,0.01722,0.1346,1.836e-05,5.372e-06,0.163
    1320,    1380,0.004522,0.006845,0.02243,1.385e-25,1.17e-05,2.18e-05,0.0002194,4.94e-26,8.546e-06,0.001204,0.0008265,1.608e-07,0.08535,0.005298,0.01716,0.1341,1.819e-05,5.273e-06,0.163
    1380,    1440,0.0041967,0.006809,0.02233,1.364e-25,1.157e-05,2.161e-05,0.0002176,4.865e-26,8.4e-06,0.001195,0.0008208,1.587e-07,0.08505,0.005264,0.01711,0.1337,1.803e-05,5.18e-06,0.163
    1440,    1500,0.0040791,0.006771,0.02223,1.341e-25,1.143e-05,2.14e-05,0.0002156,4.787e-26,8.246e-06,0.001186,0.0008147,1.565e-07,0.08473,0.005228,0.01706,0.1332,1.785e-05,5.083e-06,0.163
    1500,    1560,0.0040735,0.006733,0.02212,1.319e-25,1.13e-05,2.12e-05,0.0002137,4.711e-26,8.093e-06,0.001176,0.0008085,1.543e-07,0.08441,0.005191,0.017,0.1327,1.768e-05,4.987e-06,0.163
    1560,    1620,0.0036713,0.006696,0.02202,1.299e-25,1.117e-05,2.101e-05,0.0002118,4.64e-26,7.951e-06,0.001167,0.0008027,1.522e-07,0.0841,0.005157,0.01695,0.1322,1.751e-05,4.897e-06,0.163
    1620,    1680,0.0033316,0.006657,0.02192,1.278e-25,1.104e-05,2.08e-05,0.0002098,4.567e-26,7.801e-06,0.001158,0.0007965,1.5e-07,0.08377,0.00512,0.01689,0.1318,1.734e-05,4.803e-06,0.163
    1680,    1740,0.0033012,0.006617,0.02181,1.257e-25,1.09e-05,2.06e-05,0.0002078,4.495e-26,7.653e-06,0.001148,0.0007903,1.479e-07,0.08343,0.005083,0.01684,0.1313,1.716e-05,4.71e-06,0.163
    1740,    1800,0.0033492,0.00658,0.02171,1.238e-25,1.077e-05,2.04e-05,0.000206,4.429e-26,7.514e-06,0.001139,0.0007844,1.458e-07,0.08311,0.005047,0.01678,0.1308,1.7e-05,4.623e-06,0.163
    1800,    1860,0.003472,0.00654,0.0216,1.218e-25,1.064e-05,2.019e-05,0.000204,4.36e-26,7.369e-06,0.001129,0.0007781,1.437e-07,0.08277,0.00501,0.01672,0.1303,1.682e-05,4.532e-06,0.163
    1860,    1920,0.0032668,0.006499,0.02149,1.198e-25,1.051e-05,1.999e-05,0.000202,4.292e-26,7.225e-06,0.00112,0.0007717,1.415e-07,0.08242,0.004972,0.01666,0.1298,1.664e-05,4.442e-06,0.163
    1920,    1980,0.003125,0.006461,0.02138,1.18e-25,1.038e-05,1.979e-05,0.0002001,4.229e-26,7.09e-06,0.001111,0.0007657,1.395e-07,0.0821,0.004936,0.01661,0.1293,1.648e-05,4.358e-06,0.163
    1980,    2040,0.0031143,0.00642,0.02127,1.161e-25,1.024e-05,1.959e-05,0.0001981,4.164e-26,6.949e-06,0.001101,0.0007593,1.374e-07,0.08174,0.004898,0.01655,0.1287,1.63e-05,4.269e-06,0.163
    2040,    2100,0.0034523,0.006379,0.02115,1.143e-25,1.011e-05,1.938e-05,0.0001961,4.1e-26,6.81e-06,0.001091,0.0007529,1.353e-07,0.08138,0.004859,0.01649,0.1282,1.613e-05,4.182e-06,0.163
    2100,    2160,0.0034348,0.00634,0.02105,1.125e-25,9.985e-06,1.918e-05,0.0001942,4.041e-26,6.68e-06,0.001082,0.0007468,1.333e-07,0.08104,0.004823,0.01643,0.1277,1.596e-05,4.101e-06,0.163
    2160,    2220,0.0032978,0.006298,0.02093,1.108e-25,9.852e-06,1.897e-05,0.0001922,3.979e-26,6.543e-06,0.001072,0.0007403,1.312e-07,0.08068,0.004784,0.01636,0.1272,1.578e-05,4.016e-06,0.163
    2220,    2280,0.0031068,0.006255,0.02081,1.09e-25,9.719e-06,1.877e-05,0.0001901,3.918e-26,6.408e-06,0.001062,0.0007338,1.291e-07,0.08031,0.004744,0.0163,0.1266,1.561e-05,3.932e-06,0.163
    2280,    2340,0.0030385,0.006215,0.0207,1.074e-25,9.594e-06,1.857e-05,0.0001882,3.862e-26,6.282e-06,0.001053,0.0007277,1.272e-07,0.07996,0.004707,0.01624,0.1261,1.544e-05,3.854e-06,0.163
    2340,    2400,0.0030643,0.006172,0.02058,1.057e-25,9.461e-06,1.836e-05,0.0001862,3.804e-26,6.15e-06,0.001043,0.0007211,1.251e-07,0.07958,0.004668,0.01618,0.1255,1.526e-05,3.772e-06,0.163
    2400,    2460,0.0032004,0.006129,0.02046,1.041e-25,9.329e-06,1.815e-05,0.0001842,3.746e-26,6.02e-06,0.001033,0.0007145,1.231e-07,0.0792,0.004628,0.01611,0.1249,1.509e-05,3.691e-06,0.163
    2460,    2520,0.0031503,0.006088,0.02035,1.026e-25,9.205e-06,1.795e-05,0.0001823,3.693e-26,5.898e-06,0.001023,0.0007082,1.212e-07,0.07883,0.00459,0.01605,0.1244,1.492e-05,3.615e-06,0.163
    2520,    2580,0.0030543,0.006044,0.02022,1.01e-25,9.074e-06,1.774e-05,0.0001802,3.638e-26,5.771e-06,0.001013,0.0007015,1.191e-07,0.07844,0.00455,0.01598,0.1238,1.474e-05,3.536e-06,0.163
    2580,    2640,0.0027389,0.006,0.0201,9.94e-26,8.943e-06,1.753e-05,0.0001782,3.583e-26,5.645e-06,0.001003,0.0006948,1.171e-07,0.07805,0.004509,0.01591,0.1232,1.457e-05,3.458e-06,0.163
    2640,    2700,0.0025112,0.005958,0.01998,9.796e-26,8.82e-06,1.734e-05,0.0001763,3.533e-26,5.528e-06,0.0009935,0.0006885,1.153e-07,0.07767,0.004471,0.01585,0.1227,1.44e-05,3.386e-06,0.163
    2700,    2760,0.0024401,0.005913,0.01985,9.645e-26,8.689e-06,1.713e-05,0.0001742,3.48e-26,5.405e-06,0.0009833,0.0006818,1.133e-07,0.07727,0.00443,0.01578,0.1221,1.423e-05,3.31e-06,0.163
    2760,    2820,0.0023364,0.005868,0.01973,9.496e-26,8.56e-06,1.692e-05,0.0001722,3.428e-26,5.284e-06,0.0009731,0.000675,1.113e-07,0.07686,0.004389,0.0157,0.1214,1.405e-05,3.235e-06,0.163
    2820,    2880,0.0023152,0.005825,0.0196,9.359e-26,8.438e-06,1.672e-05,0.0001703,3.381e-26,5.171e-06,0.0009635,0.0006686,1.095e-07,0.07647,0.00435,0.01564,0.1209,1.388e-05,3.166e-06,0.163
    2880,    2940,0.0023022,0.005779,0.01947,9.215e-26,8.309e-06,1.651e-05,0.0001682,3.33e-26,5.053e-06,0.0009532,0.0006617,1.075e-07,0.07605,0.004309,0.01556,0.1202,1.371e-05,3.093e-06,0.163
    2940,    3000,0.0023234,0.005733,0.01934,9.074e-26,8.18e-06,1.63e-05,0.0001662,3.281e-26,4.936e-06,0.0009429,0.0006549,1.056e-07,0.07563,0.004267,0.01549,0.1196,1.353e-05,3.022e-06,0.163
    3000,    3060,0.0023363,0.005689,0.01922,8.944e-26,8.06e-06,1.61e-05,0.0001643,3.236e-26,4.828e-06,0.0009332,0.0006484,1.038e-07,0.07523,0.004228,0.01542,0.119,1.336e-05,2.955e-06,0.163
    3060,    3120,0.002411,0.005642,0.01909,8.807e-26,7.932e-06,1.589e-05,0.0001622,3.188e-26,4.715e-06,0.0009229,0.0006415,1.019e-07,0.0748,0.004185,0.01535,0.1184,1.319e-05,2.886e-06,0.163
    3120,    3180,0.0024387,0.005595,0.01895,8.673e-26,7.805e-06,1.568e-05,0.0001602,3.141e-26,4.603e-06,0.0009125,0.0006345,1.001e-07,0.07436,0.004143,0.01527,0.1177,1.301e-05,2.817e-06,0.163
    3180,    3240,0.0023605,0.00555,0.01882,8.549e-26,7.686e-06,1.548e-05,0.0001582,3.098e-26,4.5e-06,0.0009028,0.000628,9.831e-08,0.07395,0.004103,0.0152,0.1171,1.285e-05,2.753e-06,0.163
    3240,    3300,0.002523,0.005502,0.01868,8.418e-26,7.56e-06,1.527e-05,0.0001562,3.052e-26,4.391e-06,0.0008923,0.000621,9.646e-08,0.0735,0.00406,0.01512,0.1164,1.267e-05,2.687e-06,0.163
    3300,    3360,0.0027369,0.005454,0.01855,8.29e-26,7.435e-06,1.506e-05,0.0001541,3.008e-26,4.284e-06,0.0008819,0.000614,9.462e-08,0.07305,0.004018,0.01504,0.1157,1.25e-05,2.621e-06,0.163
    3360,    3420,0.002793,0.005408,0.01841,8.172e-26,7.318e-06,1.487e-05,0.0001522,2.967e-26,4.185e-06,0.0008721,0.0006074,9.292e-08,0.07262,0.003977,0.01496,0.1151,1.233e-05,2.561e-06,0.163
    3420,    3480,0.0026424,0.005359,0.01827,8.049e-26,7.194e-06,1.466e-05,0.0001502,2.923e-26,4.081e-06,0.0008616,0.0006003,9.112e-08,0.07216,0.003934,0.01488,0.1144,1.216e-05,2.497e-06,0.163
    3480,    3540,0.0022834,0.00531,0.01813,7.927e-26,7.07e-06,1.445e-05,0.0001481,2.881e-26,3.978e-06,0.0008511,0.0005932,8.933e-08,0.07169,0.00389,0.0148,0.1137,1.198e-05,2.435e-06,0.163
    3540,    3600,0.0022251,0.005263,0.01799,7.815e-26,6.955e-06,1.425e-05,0.0001462,2.841e-26,3.884e-06,0.0008412,0.0005866,8.767e-08,0.07125,0.003849,0.01472,0.113,1.182e-05,2.377e-06,0.163
    3600,    3660,0.0022112,0.005213,0.01785,7.696e-26,6.833e-06,1.404e-05,0.0001441,2.8e-26,3.784e-06,0.0008307,0.0005794,8.592e-08,0.07077,0.003805,0.01464,0.1123,1.165e-05,2.317e-06,0.163
    3660,    3720,0.0021976,0.005163,0.0177,7.581e-26,6.711e-06,1.383e-05,0.0001421,2.759e-26,3.687e-06,0.00082,0.0005721,8.418e-08,0.07029,0.003761,0.01455,0.1116,1.147e-05,2.258e-06,0.163
    3720,    3780,0.0021776,0.005116,0.01756,7.473e-26,6.597e-06,1.365e-05,0.0001402,2.721e-26,3.597e-06,0.0008102,0.0005657,8.256e-08,0.06983,0.00372,0.01447,0.1109,1.131e-05,2.203e-06,0.163
    3780,    3840,0.0021594,0.005064,0.01741,7.361e-26,6.476e-06,1.343e-05,0.0001381,2.682e-26,3.501e-06,0.0007995,0.0005583,8.083e-08,0.06934,0.003675,0.01438,0.1101,1.114e-05,2.145e-06,0.163
    3840,    3900,0.0021499,0.005013,0.01726,7.25e-26,6.358e-06,1.322e-05,0.0001361,2.643e-26,3.409e-06,0.0007888,0.0005511,7.917e-08,0.06884,0.00363,0.01429,0.1094,1.096e-05,2.089e-06,0.163
    3900,    3960,0.0021484,0.004962,0.01711,7.147e-26,6.25e-06,1.303e-05,0.0001342,2.607e-26,3.324e-06,0.0007787,0.0005441,7.763e-08,0.06836,0.003587,0.01421,0.1087,1.08e-05,2.038e-06,0.163
    3960,    4020,0.0022061,0.004909,0.01696,7.039e-26,6.131e-06,1.281e-05,0.000132,2.569e-26,3.235e-06,0.0007672,0.000536,7.597e-08,0.06785,0.003539,0.01412,0.1079,1.062e-05,1.984e-06,0.163
    4020,    4080,0.0023949,0.004861,0.01681,6.933e-26,6.012e-06,1.262e-05,0.0001302,2.532e-26,3.146e-06,0.000758,0.0005301,7.434e-08,0.06733,0.0035,0.01403,0.1071,1.047e-05,1.93e-06,0.163
    4080,    4140,0.0024968,0.004812,0.01666,6.835e-26,5.904e-06,1.243e-05,0.0001282,2.497e-26,3.064e-06,0.0007479,0.0005232,7.282e-08,0.06684,0.003457,0.01394,0.1064,1.031e-05,1.88e-06,0.163
    4140,    4200,0.002683,0.004759,0.01651,6.732e-26,5.79e-06,1.222e-05,0.0001262,2.461e-26,2.981e-06,0.0007373,0.000516,7.125e-08,0.06631,0.003412,0.01384,0.1056,1.014e-05,1.83e-06,0.163
    4200,    4260,0.0030297,0.004705,0.01635,6.63e-26,5.674e-06,1.202e-05,0.0001242,2.425e-26,2.897e-06,0.0007267,0.0005087,6.965e-08,0.06577,0.003367,0.01375,0.1048,9.969e-06,1.779e-06,0.163
    4260,    4320,0.0029447,0.004655,0.0162,6.535e-26,5.567e-06,1.183e-05,0.0001223,2.392e-26,2.82e-06,0.0007166,0.0005018,6.818e-08,0.06526,0.003324,0.01366,0.104,9.81e-06,1.733e-06,0.163
    4320,    4380,0.0029209,0.004601,0.01603,6.437e-26,5.454e-06,1.163e-05,0.0001203,2.357e-26,2.739e-06,0.000706,0.0004946,6.664e-08,0.06472,0.003278,0.01356,0.1032,9.643e-06,1.684e-06,0.163
    4380,    4440,0.0029145,0.004547,0.01587,6.34e-26,5.342e-06,1.143e-05,0.0001183,2.323e-26,2.661e-06,0.0006954,0.0004873,6.512e-08,0.06416,0.003233,0.01346,0.1023,9.476e-06,1.637e-06,0.163
    4440,    4500,0.0027748,0.004496,0.01572,6.25e-26,5.239e-06,1.124e-05,0.0001165,2.291e-26,2.588e-06,0.0006855,0.0004804,6.371e-08,0.06364,0.00319,0.01336,0.1015,9.321e-06,1.594e-06,0.163
    4500,    4560,0.0027049,0.004441,0.01555,6.155e-26,5.129e-06,1.104e-05,0.0001145,2.258e-26,2.512e-06,0.0006748,0.0004731,6.222e-08,0.06307,0.003144,0.01326,0.1007,9.155e-06,1.548e-06,0.163
    4560,    4620,0.0027531,0.004386,0.01538,6.062e-26,5.021e-06,1.084e-05,0.0001125,2.225e-26,2.438e-06,0.0006642,0.0004658,6.076e-08,0.0625,0.003098,0.01316,0.09979,8.991e-06,1.503e-06,0.163
    4620,    4680,0.0026656,0.004334,0.01522,5.976e-26,4.919e-06,1.065e-05,0.0001106,2.194e-26,2.369e-06,0.0006543,0.000459,5.94e-08,0.06195,0.003055,0.01306,0.09896,8.838e-06,1.462e-06,0.163
    4680,    4740,0.0025956,0.004278,0.01505,5.885e-26,4.812e-06,1.046e-05,0.0001087,2.162e-26,2.298e-06,0.0006437,0.0004517,5.796e-08,0.06137,0.003009,0.01295,0.09807,8.674e-06,1.419e-06,0.163
    4740,    4800,0.0026155,0.004222,0.01488,5.796e-26,4.707e-06,1.026e-05,0.0001067,2.131e-26,2.228e-06,0.0006331,0.0004444,5.656e-08,0.06078,0.002963,0.01285,0.09717,8.513e-06,1.377e-06,0.163
    4800,    4860,0.0026416,0.004169,0.01472,5.712e-26,4.608e-06,1.008e-05,0.0001049,2.101e-26,2.164e-06,0.0006232,0.0004375,5.525e-08,0.06021,0.002919,0.01274,0.09631,8.362e-06,1.339e-06,0.163
    4860,    4920,0.0025945,0.004113,0.01455,5.625e-26,4.505e-06,9.886e-06,0.000103,2.07e-26,2.098e-06,0.0006127,0.0004302,5.388e-08,0.05961,0.002873,0.01263,0.09539,8.202e-06,1.299e-06,0.163
    4920,    4980,0.002584,0.004056,0.01437,5.539e-26,4.402e-06,9.693e-06,0.000101,2.04e-26,2.032e-06,0.0006021,0.0004229,5.253e-08,0.05899,0.002826,0.01252,0.09445,8.042e-06,1.259e-06,0.163
    4980,    5040,0.0025689,0.004002,0.0142,5.459e-26,4.307e-06,9.514e-06,9.922e-05,2.012e-26,1.972e-06,0.0005923,0.0004161,5.128e-08,0.05841,0.002783,0.01241,0.09356,7.894e-06,1.224e-06,0.163
