CampaignData_and_Merges/R0/CSL_MobileLab_Parked/raw/20240721/USOS-NOAAIodideCIMS-OrgNitrs_MobileLabGround_20240721_RA.ict
37, 1001
Michael A Robinson, Chris Jernigan, Subi Thakali
NOAA ESRL Chemical Sciences Laboratory and CIRES, U. of Colorado
NOAA Iodide CIMS Instrument
USOS
1, 1
2024, 07, 21, 2024, 07, 23
1
starttime_UTC, seconds_past_midnight, seconds_of_day_since_00:00:00_UTC
5
1, 1, 1, 1, 1
-9999, -9999, -9999, -9999, -9999
C4H7NO5_NOAACIMS, pptv, Gas_C4H7NO5_InSitu_S_AVMR, 
ISOPN_NOAACIMS, pptv, Gas_ISOPN_InSitu_S_AVMR, 
C5H10O3_NOAACIMS, pptv, Gas_C5H10O3_InSitu_S_AVMR, 
C5H9NO5_NOAACIMS, pptv, Gas_C5H9NO5_InSitu_S_AVMR, 
C10H17NO4_NOAACIMS, pptv, Gas_C10H17NO4_InSitu_S_AVMR, 
0
18
PI_CONTACT_INFO: 325 Broadway, R/CSD 7, Boulder, Colorado 80305; michael.a.robinson@noaa.gov; chris.jernigan@noaa.gov;
PLATFORM: NOAA CSL Mobile Lab
LOCATION: SLC, Utah
ASSOCIATED_DATA: 1Hz data also available on request.
INSTRUMENT_INFO: NOAA I- ToF CIMS
DATA_INFO: All data in parts per trillion by volume (pptv). 1 Hz data is available upon request.
UNCERTAINTY: TBD
ULOD_FLAG: -7777
ULOD_VALUE: N/A
LLOD_FLAG: -8888
LLOD_VALUE: N/A
DM_CONTACT_INFO: Nathan Howard; nathan.h.howard@noaa.gov
PROJECT_INFO: USOS, summer 2024. https://csl.noaa.gov/groups/csl7/measurements/2024usos/
STIPULATIONS_ON_USE: Users are strongly encouraged to contact the PI for proper data usage.
OTHER_COMMENTS: 
REVISION: RA
RA: Preliminary Data; For in-field use only
starttime_UTC, C4H7NO5_NOAACIMS, ISOPN_NOAACIMS, C5H10O3_NOAACIMS, C5H9NO5_NOAACIMS, C10H17NO4_NOAACIMS
[from data line 1010]
 60600,  3.653, 25.037, 81.600,  5.477,  0.633
 60660,  3.555, 23.567, 82.521,  5.211,  0.615
 60720,  3.463, 23.195, 80.953,  5.187,  0.671
 60780,  3.411, 21.287, 78.908,  5.144,  0.522
 60840,  3.365, 21.000, 80.027,  5.226,  0.567
 60900,  3.379, 20.896, 78.523,  5.048,  0.491
 60960,  3.304, 19.468, 78.040,  5.025,  0.294
 61020,  3.417, 19.240, 77.419,  5.271,  0.479
 61080,  3.518, 20.913, 77.535,  5.274,  0.496
 61140,  3.540, 22.458, 82.109,  5.318,  0.558
 61200,  3.649, 23.131, 84.249,  5.310,  0.611
 61260,  3.613, 22.367, 83.312,  5.045,  0.485
 61320,  3.648, 23.093, 82.680,  5.398,  0.563
 61380,  3.733, 24.082, 84.604,  5.220,  0.558
 61440,  3.594, 21.994, 85.689,  5.119,  0.439
 61500,  3.682, 22.249, 85.660,  5.090,  0.334
 61560,  3.885, 24.737, 88.536,  5.237,  0.574
 61620, -9999.000, -9999.000, -9999.000, -9999.000, -9999.000
 61680,  3.765, 25.945, 82.209,  5.416,  0.379
 61740,  3.689, 24.587, 87.187,  4.649,  0.171
 61800,  3.979, 25.770, 90.968,  5.460,  0.627
 61860,  3.930, 24.511, 91.826,  5.416,  0.583
 61920,  3.909, 23.956, 91.085,  5.517,  0.727
 61980,  4.005, 25.444, 91.010,  5.458,  0.559
 62040,  4.155, 27.298, 93.490,  5.298,  0.552
 62100,  4.337, 29.461, 99.290,  5.707,  0.720
 62160,  4.482, 31.422, 103.136,  5.675,  0.765
 62220,  4.537, 31.572, 108.604,  5.702,  0.726
 62280,  4.531, 31.362, 108.064,  5.510,  0.718
 62340,  4.330, 28.682, 104.376,  5.263,  0.728
 62400,  4.290, 28.422, 105.014,  5.425,  0.668
 62460,  4.427, 29.794, 108.728,  5.384,  0.679
 62520,  4.427, 29.788, 107.126,  5.259,  0.623
 62580,  4.455, 28.890, 109.161,  5.579,  0.575
 62640,  4.495, 29.163, 108.144,  5.684,  0.699
 62700,  4.656, 32.056, 110.885,  5.425,  0.534
 62760,  4.737, 32.307, 115.917,  5.327,  0.809
 62820,  4.532, 29.151, 116.318,  5.409,  0.392
 62880,  4.623, 29.388, 114.230,  5.691,  0.687
 62940,  4.545, 29.557, 112.876,  5.558,  0.637
 63000,  4.774, 31.312, 119.317,  5.518,  0.745
 63060,  4.947, 31.958, 123.342,  5.656,  0.758
 63120,  4.984, 33.459, 122.503,  5.503,  0.717
 63180,  5.108, 34.713, 127.469,  5.467,  0.788
 63240,  5.016, 33.820, 126.126,  5.590,  0.730
 63300,  5.131, 34.056, 129.375,  5.659,  0.732
 63360,  5.208, 35.128, 127.899,  5.790,  0.813
 63420,  5.359, 36.462, 134.944,  5.676,  0.767
 63480, -9999.000, -9999.000, -9999.000, -9999.000, -9999.000
 63540,  5.222, 37.073, 128.430,  5.717,  0.621
 63600,  5.316, 35.936, 131.719,  5.812,  0.712
 63660,  5.144, 33.379, 129.211,  5.487,  0.463
 63720,  5.313, 34.563, 130.366,  5.604,  0.769
 63780,  5.407, 35.101, 132.251,  5.678,  0.607
 63840,  5.647, 37.638, 138.402,  5.595,  0.746
 63900,  5.635, 38.115, 141.852,  5.547,  0.708
 63960,  5.498, 36.827, 140.868,  5.819,  0.842
 64020,  5.427, 36.001, 140.296,  5.733,  0.759
 64080,  5.312, 34.953, 140.198,  5.574,  0.703
 64140,  5.421, 34.847, 142.806,  5.482,  0.441
 64200,  5.515, 35.495, 145.533,  5.143,  0.333
 64260,  5.873, 39.378, 152.951,  5.965,  0.736
 64320,  5.897, 39.833, 156.430,  6.095,  0.487
 64380,  6.090, 41.816, 160.733,  5.980,  0.451
 64440,  6.184, 44.666, 162.605,  5.933,  0.682
 64500,  6.347, 45.998, 170.559,  5.981,  0.923
 64560,  6.435, 46.455, 176.573,  6.154,  0.833
 64620,  6.482, 45.138, 173.021,  6.226,  0.877
 64680,  6.408, 45.011, 172.404,  6.094,  0.713
 64740,  6.362, 44.212, 175.123,  5.983,  0.651
 64800,  6.313, 45.258, 176.351,  5.322,  0.390
 64860,  6.663, 47.142, 182.882,  5.915,  0.703
 64920,  6.698, 48.508, 185.739,  5.955,  0.958
 64980,  6.830, 49.848, 186.823,  6.275,  0.950
 65040,  6.972, 49.562, 187.455,  6.051,  0.801
 65100,  6.939, 48.521, 180.877,  5.775,  0.762
 65160,  7.104, 49.981, 179.120,  6.015,  0.837
 65220,  7.278, 50.637, 183.456,  6.137,  0.882
 65280,  7.375, 51.089, 186.088,  6.258,  0.782
 65340, -9999.000, -9999.000, -9999.000, -9999.000, -9999.000
 65400,  7.474, 48.804, 159.051,  5.781,  0.621
 65460,  7.652, 52.175, 169.028,  6.245,  0.832
 65520,  7.586, 52.083, 177.973,  6.247,  0.648
 65580,  7.683, 52.499, 186.104,  6.344,  0.757
 65640,  7.648, 52.867, 191.217,  6.344,  0.844
 65700,  7.756, 53.380, 190.963,  6.293,  0.751
 65760,  7.877, 53.022, 194.528,  6.182,  0.797
 65820,  7.802, 53.791, 194.525,  6.370,  0.806
 65880,  7.767, 53.160, 192.717,  6.195,  0.826
 65940,  7.775, 53.111, 189.725,  6.296,  0.781
 66000,  8.039, 56.490, 191.498,  6.460,  0.874
 66060,  8.111, 55.311, 198.951,  6.436,  0.967
 66120,  8.169, 57.530, 201.605,  6.594,  0.919
 66180,  8.081, 56.347, 204.114,  6.327,  0.902
 66240,  8.174, 55.979, 204.819,  6.525,  0.904
 66300,  8.398, 56.735, 209.185,  6.738,  0.830
 66360,  8.401, 56.093, 208.675,  6.492,  0.754
 66420,  8.216, 54.410, 206.248,  6.739,  0.904
 66480,  8.201, 54.552, 200.192,  6.665,  0.853
 66540,  8.260, 55.391, 205.253,  6.433,  0.806
 66600,  8.334, 55.215, 203.794,  6.526,  0.798
 66660,  8.464, 56.049, 206.405,  6.542,  0.999
 66720,  8.902, 59.154, 218.547,  7.040,  0.855
 66780,  8.626, 58.030, 214.803,  6.788,  0.896
 66840,  8.656, 57.648, 213.821,  6.640,  0.906
 66900,  8.900, 60.119, 215.942,  6.709,  0.967
 66960,  8.940, 58.857, 217.392,  6.652,  0.839
 67020,  9.016, 60.132, 221.610,  6.799,  1.000
 67080,  9.049, 60.719, 223.073,  6.864,  0.950
 67140,  8.845, 58.602, 221.098,  6.977,  0.997
 67200, -9999.000, -9999.000, -9999.000, -9999.000, -9999.000
 67260,  8.860, 58.504, 201.333,  6.773,  0.807
 67320,  8.962, 59.607, 209.047,  6.969,  0.993
 67380,  8.898, 56.830, 216.110,  6.883,  0.885
 67440,  8.293, 52.136, 209.467,  6.679,  0.796
 67500,  8.210, 49.862, 205.333,  6.598,  0.766
 67560,  8.316, 50.874, 208.245,  6.773,  0.707
 67620,  8.680, 53.938, 217.839,  6.766,  0.833
 67680,  8.961, 55.926, 220.336,  6.550,  0.688
 67740,  8.738, 55.275, 219.513,  6.542,  0.722
 67800,  8.492, 52.435, 221.196,  6.540,  0.748
 67860,  8.426, 51.720, 219.731,  6.715,  0.849
 67920,  8.520, 53.479, 228.057,  6.507,  0.736
 67980,  8.397, 52.403, 225.638,  6.700,  0.774
 68040,  8.488, 54.821, 232.003,  6.638,  0.826
 68100,  8.394, 53.427, 232.188,  6.713,  0.735
 68160,  8.392, 54.247, 230.751,  6.746,  0.759
 68220,  8.372, 54.287, 236.282,  6.494,  0.593
 68280,  8.491, 54.145, 243.343,  6.765,  0.600
 68340,  8.456, 55.019, 245.538,  6.693,  0.443
 68400,  8.410, 55.123, 238.221,  6.473,  0.647
 68460,  8.249, 51.635, 237.707,  6.530,  0.430
 68520,  8.246, 52.774, 237.747,  6.550,  0.729
 68580,  8.498, 55.591, 242.283,  6.617,  0.680
 68640,  8.709, 56.329, 251.074,  6.655,  0.782
 68700,  8.582, 55.723, 248.144,  6.626,  0.681
 68760,  8.694, 57.173, 252.188,  6.535,  0.630
 68820,  8.840, 57.838, 250.303,  6.828,  0.691
 68880,  7.714, 47.419, 217.462,  6.447,  0.655
 68940,  7.862, 46.248, 213.657,  6.576,  0.582
 69000,  7.581, 40.929, 202.424,  6.815,  0.104
 69060, -9999.000, -9999.000, -9999.000, -9999.000, -9999.000
 69120,  7.349, 40.526, 169.234,  6.164,  0.373
 69180,  7.140, 38.954, 168.938,  6.324,  0.522
 69240,  7.002, 38.136, 172.412,  6.281,  0.504
 69300,  7.087, 40.041, 183.010,  6.404,  0.235
 69360,  7.275, 41.247, 196.157,  6.155,  0.414
 69420,  6.754, 36.423, 179.935,  6.015,  0.492
 69480,  7.071, 39.412, 187.646,  6.181,  0.557
 69540,  7.490, 44.859, 200.075,  5.952,  0.740
 69600,  7.713, 46.103, 219.980,  6.225,  0.764
 69660,  7.529, 43.982, 213.670,  6.017,  0.647
 69720,  6.873, 39.911, 197.795,  5.867,  0.643
 69780,  6.237, 34.528, 184.914,  5.754,  0.581
 69840,  6.250, 35.064, 184.466,  5.943,  0.559
 69900,  6.822, 39.750, 196.047,  5.801,  0.525
 69960,  7.550, 46.562, 222.425,  6.118,  0.669
 70020,  7.925, 48.086, 243.340,  6.116,  0.755
 70080,  8.228, 51.447, 257.293,  6.265,  0.788
 70140,  7.896, 49.168, 248.847,  6.524,  0.813
 70200,  7.807, 50.390, 259.302,  6.440,  0.678
 70260,  7.692, 49.162, 268.111,  6.142,  0.714
 70320,  7.737, 49.283, 267.782,  6.463,  0.599
 70380,  8.298, 57.924, 295.605,  6.267,  0.713
 70440,  8.596, 60.381, 297.409,  6.328,  0.801
 70500,  8.277, 57.238, 306.764,  6.251,  0.908
 70560,  7.874, 53.076, 301.812,  6.061,  0.778
 70620,  7.645, 50.337, 292.586,  5.821,  0.740
 70680,  7.380, 47.646, 290.439,  5.944,  0.812
 70740,  7.162, 45.956, 278.205,  5.877,  0.775
 70800,  7.095, 44.946, 283.037,  5.791,  0.738
 70860,  7.260, 47.281, 283.409,  5.998,  0.807
 70920,  6.874, 49.177, 259.717,  6.104,  0.618
 70980,  7.282, 47.742, 262.134,  6.133,  0.902
 71040,  7.199, 46.866, 261.376,  5.923,  0.800
 71100,  6.906, 44.345, 286.880,  6.100,  0.790
 71160,  7.156, 48.264, 301.188,  6.043,  0.797
 71220,  7.211, 49.109, 299.489,  5.916,  0.801
 71280,  7.141, 48.966, 295.870,  6.212,  0.755
 71340,  7.161, 48.388, 300.287,  5.806,  0.663
 71400,  7.392, 51.513, 307.503,  5.954,  0.940
 71460,  7.644, 52.294, 321.593,  5.960,  0.806
 71520,  7.482, 53.541, 315.564,  6.015,  0.685
 71580,  7.253, 49.619, 308.718,  5.686,  0.499
 71640,  7.306, 48.460, 306.878,  5.738,  0.579
 71700,  7.556, 46.533, 329.472,  6.067,  0.771
 71760,  8.387, 49.054, 358.072,  6.340,  0.780
 71820,  8.396, 49.701, 368.095,  6.337,  0.796
 71880,  8.409, 50.106, 369.266,  6.528,  0.839
 71940,  8.458, 49.431, 367.788,  6.257,  0.704
 72000,  8.665, 49.792, 368.827,  6.369,  0.770
 72060, 10.132, 54.504, 388.257,  6.862,  0.674
 72120, 10.661, 56.088, 408.671,  7.220,  0.839
 72180, 10.677, 55.169, 407.613,  7.287,  0.777
 72240, 10.255, 53.044, 401.453,  7.104,  0.720
 72300,  9.001, 50.433, 391.948,  6.793,  0.693
 72360,  7.787, 47.324, 371.743,  6.208,  0.703
 72420,  7.432, 47.165, 372.481,  6.369,  0.737
 72480,  7.383, 45.485, 363.607,  6.131,  0.714
 72540,  7.144, 44.111, 352.865,  6.205,  0.624
 72600,  6.842, 41.298, 341.086,  6.185,  0.530
 72660,  7.118, 42.817, 346.885,  5.927,  0.588
 72720,  7.200, 41.939, 356.434,  6.443,  0.625
 72780, -9999.000, -9999.000, -9999.000, -9999.000, -9999.000
 72840,  7.567, 44.401, 306.583,  6.206,  0.415
 72900,  7.476, 44.014, 315.521,  6.326,  0.456
 72960,  7.534, 44.302, 335.319,  6.336,  0.478
 73020,  8.032, 46.256, 351.851,  6.484,  0.669
 73080,  7.865, 45.689, 356.344,  6.294,  0.530
 73140,  6.909, 41.756, 335.750,  6.201,  0.398
 73200,  7.308, 42.992, 328.801,  6.067,  0.564
 73260,  9.245, 50.928, 361.506,  6.647,  0.643
 73320, 10.084, 55.733, 386.685,  6.538,  0.634
 73380, 10.053, 55.977, 405.907,  6.781,  0.550
 73440, 10.715, 58.697, 418.158,  7.357,  0.687
 73500, 11.924, 62.307, 439.773,  7.142,  0.503
 73560, 11.449, 58.843, 444.191,  7.023,  0.275
 73620, 11.812, 59.347, 450.305,  7.285,  0.369
 73680, 12.134, 59.032, 463.681,  7.503,  0.176
 73740, 12.292, 58.386, 463.299,  7.199,  0.293
 73800, 12.484, 57.841, 466.602,  7.502,  0.262
 73860, 12.888, 54.775, 452.116,  7.559,  0.160
 73920, 16.023, 49.581, 369.537,  8.409,  0.538
 73980, 17.066, 45.516, 337.695,  9.115,  0.664
 74040, 17.337, 46.106, 332.204,  9.007,  0.778
 74100, 17.345, 46.453, 335.076,  9.207,  0.694
 74160, 17.232, 46.459, 334.649,  9.180,  0.659
 74220, 17.160, 46.729, 338.991,  9.350,  0.633
 74280, 17.573, 44.522, 322.179,  9.313,  0.582
 74340, 17.750, 41.895, 310.433,  9.175,  0.517
 74400, 17.299, 42.183, 306.962,  9.527,  0.654
 74460, 16.674, 42.798, 317.044,  8.982,  0.664
 74520, 16.634, 43.287, 318.987,  8.616,  0.675
 74580, 16.710, 44.348, 321.811,  9.299,  0.763
 74640, 16.328, 43.375, 294.316,  8.875,  0.545
 74700, 16.256, 44.601, 323.414,  9.111,  0.696
 74760, 16.326, 43.391, 335.223,  9.293,  0.720
 74820, 15.535, 42.399, 335.569,  8.571,  0.687
 74880, 15.268, 41.100, 339.493,  8.778,  0.612
 74940, 15.204, 40.164, 326.073,  8.731,  0.619
 75000, 15.921, 36.176, 302.866,  8.975,  0.509
 75060, 16.654, 32.356, 270.508,  9.281,  0.628
 75120, 17.139, 30.652, 238.914,  9.634,  0.631
 75180, 17.319, 31.511, 244.536,  9.735,  0.694
 75240, 17.376, 29.246, 225.581,  9.733,  0.664
 75300, 18.357, 27.834, 218.486,  9.954,  0.579
 75360, 18.829, 27.446, 202.158, 10.062,  0.701
 75420, 17.816, 31.388, 225.806, 10.107,  0.770
 75480, 16.506, 34.787, 256.890,  9.426,  0.637
 75540, 15.782, 38.181, 289.655,  9.521,  0.744
 75600, 15.015, 36.492, 308.693,  9.317,  0.731
 75660, 14.809, 33.778, 288.879,  8.892,  0.513
 75720, 15.276, 34.200, 280.852,  8.860,  0.621
 75780, 15.542, 33.360, 268.911,  9.279,  0.733
 75840, 15.259, 31.316, 251.074,  8.885,  0.690
 75900, 14.982, 30.766, 244.589,  9.327,  0.788
 75960, 14.951, 29.041, 233.800,  8.727,  0.680
 76020, 14.591, 30.486, 244.446,  8.802,  0.610
 76080, 14.601, 30.813, 249.707,  8.901,  0.753
 76140, 14.624, 31.825, 255.605,  8.959,  0.800
 76200, 14.702, 32.982, 271.674,  8.960,  0.813
 76260, 14.904, 32.179, 270.516,  8.985,  0.781
 76320, 14.501, 32.476, 276.827,  8.759,  0.734
 76380, 14.640, 32.410, 281.289,  8.872,  0.806
 76440, -9999.000, -9999.000, -9999.000, -9999.000, -9999.000
 76500, 14.042, 28.165, 210.035,  8.793,  0.624
 76560, 14.594, 28.458, 205.971,  9.111,  0.710
 76620, 14.180, 27.619, 218.323,  9.114,  0.701
 76680, 13.832, 28.347, 233.280,  8.902,  0.733
 76740, 13.686, 27.702, 238.696,  8.767,  0.786
 76800, 13.555, 28.836, 240.445,  8.796,  0.741
 76860, 13.713, 29.207, 251.797,  8.688,  0.789
 76920, 13.474, 29.221, 259.738,  8.305,  0.792
 76980, 13.102, 30.005, 271.941,  8.386,  0.729
 77040, 13.487, 29.581, 273.041,  8.257,  0.610
 77100, 13.619, 29.522, 265.046,  8.409,  0.751
 77160, 13.720, 28.903, 261.246,  8.448,  0.622
 77220, 13.899, 29.323, 268.029,  8.842,  0.659
 77280, 13.862, 29.778, 272.321,  8.709,  0.671
 77340, 14.168, 27.090, 253.787,  8.867,  0.516
 77400, 14.081, 26.532, 244.017,  9.071,  0.628
 77460, 13.995, 25.825, 235.654,  8.895,  0.615
 77520, 13.882, 25.775, 228.663,  8.870,  0.599
 77580, 13.674, 25.259, 224.393,  8.967,  0.597
 77640, 13.014, 22.530, 205.911,  8.524,  0.581
 77700, 12.654, 22.469, 201.453,  8.655,  0.506
 77760, 12.456, 21.784, 206.150,  8.187,  0.524
 77820, 12.350, 22.294, 200.419,  8.091,  0.582
 77880, 12.446, 21.777, 200.848,  8.290,  0.550
 77940, 12.315, 22.765, 196.920,  8.189,  0.600
 78000, 11.966, 23.448, 196.359,  8.242,  0.628
 78060, 11.846, 23.387, 201.472,  7.873,  0.582
 78120, 12.164, 26.175, 212.666,  7.836,  0.481
 78180, 12.909, 27.807, 234.501,  8.204,  0.493
 78240, 12.773, 27.205, 244.922,  7.603,  0.450
 78300, 12.506, 26.632, 240.410,  8.389,  0.655
 78360, 11.665, 24.327, 196.934,  7.487,  0.514
 78420, 12.037, 25.730, 216.359,  7.897,  0.551
 78480, 11.083, 22.181, 212.330,  7.179,  0.488
 78540, 11.010, 21.639, 213.098,  7.286,  0.518
 78600, 11.271, 21.716, 219.081,  7.490,  0.508
 78660, 11.321, 22.833, 218.268,  7.401,  0.577
 78720, 11.264, 23.238, 229.778,  7.484,  0.608
 78780, 11.318, 22.498, 227.067,  7.528,  0.582
 78840, 11.055, 21.320, 230.291,  7.449,  0.542
 78900, 10.970, 21.200, 228.568,  7.423,  0.502
 78960, 10.803, 22.339, 232.506,  7.448,  0.630
 79020, 11.203, 22.014, 222.892,  7.664,  0.495
 79080, 10.887, 21.095, 212.220,  7.464,  0.480
 79140,  9.583, 19.949, 218.814,  7.174,  0.697
 79200,  9.477, 20.268, 217.279,  7.181,  0.525
 79260,  9.280, 19.438, 208.805,  7.107,  0.525
 79320,  8.668, 18.027, 206.426,  6.888,  0.441
 79380,  8.746, 18.615, 205.734,  6.993,  0.531
 79440,  8.799, 18.159, 204.225,  6.775,  0.504
 79500,  8.759, 18.208, 203.868,  6.802,  0.592
 79560,  8.402, 17.442, 198.101,  6.896,  0.588
 79620,  8.113, 17.041, 196.395,  6.768,  0.460
 79680,  8.273, 17.380, 185.690,  6.479,  0.498
 79740,  8.074, 16.845, 182.803,  6.454,  0.430
 79800,  7.789, 16.714, 181.686,  6.482,  0.445
 79860,  7.588, 16.941, 174.067,  6.519,  0.489
 79920,  7.258, 16.067, 182.514,  6.379,  0.451
 79980,  7.167, 15.868, 185.169,  6.268,  0.446
 80040,  6.873, 15.294, 185.337,  6.256,  0.462
 80100,  7.086, 15.125, 181.382,  6.262,  0.469
 80160, -9999.000, -9999.000, -9999.000, -9999.000, -9999.000
 80220,  5.984, 12.722, 133.593,  6.180,  0.326
 80280,  6.220, 12.973, 145.027,  6.155,  0.385
 80340,  6.322, 13.901, 153.693,  6.398,  0.382
 80400,  6.369, 14.308, 159.308,  6.431,  0.363
