CampaignData_and_Merges/R0/CSL_MobileLab_Parked/raw/20240721/USOS-NOAAIodideCIMS-Halogens_MobileLabGround_20240721_RA.ict
38, 1001
Michael A Robinson, Chris Jernigan, Subi Thakali
NOAA ESRL Chemical Sciences Laboratory and CIRES, U. of Colorado
NOAA Iodide CIMS Instrument
USOS
1, 1
2024, 07, 21, 2024, 07, 23
1
starttime_UTC, seconds_past_midnight, seconds_of_day_since_00:00:00_UTC
6
1, 1, 1, 1, 1, 1
-9999, -9999, -9999, -9999, -9999, -9999
Br2_NOAACIMS, pptv, Gas_Br2_InSitu_S_AVMR, 
BrO_NOAACIMS, pptv, Gas_BrO_InSitu_S_AVMR, 
Cl2_NOAACIMS, pptv, Gas_Cl2_InSitu_S_AVMR, 
ClNO2_NOAACIMS, pptv, Gas_ClNO2_InSitu_S_AVMR, 
BrCl_NOAACIMS, pptv, Gas_BrCl_InSitu_S_AVMR, 
NCl3_NOAACIMS, pptv, Gas_NCl3_InSitu_S_AVMR, 
0
18
PI_CONTACT_INFO: 325 Broadway, R/CSD 7, Boulder, Colorado 80305; michael.a.robinson@noaa.gov; chris.jernigan@noaa.gov;
PLATFORM: NOAA CSL Mobile Lab
LOCATION: SLC, Utah
ASSOCIATED_DATA: 1Hz data also available on request.
INSTRUMENT_INFO: NOAA I- ToF CIMS
DATA_INFO: All data in parts per trillion by volume (pptv). 1 Hz data is available upon request.
UNCERTAINTY: TBD
ULOD_FLAG: -7777
ULOD_VALUE: N/A
LLOD_FLAG: -8888
LLOD_VALUE: N/A
DM_CONTACT_INFO: Nathan Howard; nathan.h.howard@noaa.gov
PROJECT_INFO: USOS, summer 2024. https://csl.noaa.gov/groups/csl7/measurements/2024usos/
STIPULATIONS_ON_USE: Users are strongly encouraged to contact the PI for proper data usage.
OTHER_COMMENTS: 
REVISION: RA
RA: Preliminary Data; For in-field use only
starttime_UTC, Br2_NOAACIMS, BrO_NOAACIMS, Cl2_NOAACIMS, ClNO2_NOAACIMS, BrCl_NOAACIMS, NCl3_NOAACIMS
[from data line 288]
 17280,  0.530,  0.062,  0.297,  0.038,  0.093,  1.131
 17340,  0.544,  0.004,  0.314,  0.040,  0.071,  1.302
 17400,  0.606,  0.005,  0.318,  0.055,  0.090,  1.126
 17460,  0.715,  0.074,  0.296,  0.017,  0.058,  1.082
 17520,  0.655,  0.046,  0.293,  0.039,  0.095,  1.210
 17580,  0.652, -0.013,  0.328,  0.038,  0.083,  1.114
 17640,  0.649,  0.051,  0.347,  0.043,  0.075,  0.995
 17700,  0.593,  0.011,  0.365,  0.025,  0.067,  1.195
 17760,  0.612, -0.031,  0.310,  0.027,  0.084,  1.261
 17820,  0.663,  0.016,  0.373,  0.023,  0.099,  1.070
 17880,  0.690, -0.068,  0.313,  0.014,  0.064,  1.189
 17940,  0.748,  0.070,  0.379,  0.029,  0.067,  1.006
 18000,  0.961,  0.057,  0.397,  0.042,  0.103,  1.162
 18060,  0.695, -0.039,  0.304,  0.049,  0.053,  1.095
 18120,  0.676,  0.030,  0.268,  0.032,  0.092,  1.047
 18180,  0.771, -0.050,  0.272,  0.017,  0.080,  1.029
 18240,  0.764, -0.053,  0.270,  0.007,  0.089,  0.953
 18300,  0.757, -0.005,  0.315,  0.026,  0.113,  1.256
 18360,  0.771, -0.013,  0.308,  0.030,  0.091,  0.995
 18420,  0.892,  0.006,  0.256,  0.023,  0.066,  1.198
 18480,  0.766,  0.015,  0.351,  0.022,  0.060,  0.979
 18540,  0.878,  0.098,  0.272,  0.041,  0.070,  0.870
 18600,  0.884,  0.006,  0.288,  0.021,  0.072,  1.015
 18660,  0.584, -0.023,  0.323,  0.026,  0.057,  0.969
 18720,  0.949,  0.040,  0.279,  0.041,  0.085,  1.064
 18780, -9999.000, -9999.000, -9999.000, -9999.000, -9999.000, -9999.000
 18840,  0.652, -0.058,  0.250,  0.020,  0.082,  0.696
 18900,  0.954,  0.029,  0.273,  0.041,  0.062,  0.753
 18960,  0.790,  0.024,  0.315,  0.035,  0.046,  0.628
 19020,  0.931, -0.018,  0.328,  0.011,  0.087,  0.616
 19080,  0.848,  0.010,  0.330,  0.043,  0.076,  0.794
 19140,  0.797, -0.048,  0.224,  0.034,  0.072,  0.840
 19200,  0.979,  0.004,  0.294,  0.019,  0.099,  0.722
 19260,  0.966,  0.025,  0.292,  0.030,  0.086,  0.719
 19320,  0.924,  0.067,  0.317,  0.030,  0.087,  0.836
 19380,  0.875,  0.016,  0.257,  0.026,  0.087,  0.815
 19440,  0.970,  0.108,  0.335,  0.031,  0.063,  0.903
 19500,  0.906,  0.079,  0.343,  0.034,  0.078,  0.920
 19560,  0.865, -0.038,  0.424,  0.015,  0.090,  0.903
 19620,  0.892, -0.042,  0.367,  0.046,  0.087,  0.934
 19680,  0.891, -0.016,  0.364,  0.035,  0.081,  1.025
 19740,  0.873,  0.054,  0.314,  0.035,  0.099,  1.048
 19800,  0.989, -0.037,  0.355,  0.018,  0.049,  1.219
 19860,  0.836, -0.016,  0.331,  0.030,  0.079,  1.152
 19920,  0.975, -0.030,  0.343,  0.009,  0.082,  1.239
 19980,  0.942,  0.017,  0.282,  0.012,  0.100,  1.140
 20040,  0.867,  0.062,  0.358,  0.006,  0.091,  1.323
 20100,  0.918,  0.050,  0.384,  0.034,  0.103,  1.398
 20160,  0.926, -0.036,  0.401,  0.022,  0.097,  1.673
 20220,  0.887,  0.031,  0.390,  0.031,  0.099,  1.433
 20280,  1.026, -0.007,  0.306,  0.034,  0.097,  0.972
 20340,  0.810, -0.004,  0.323, -0.007,  0.093,  0.918
 20400,  0.763, -0.063,  0.331,  0.002,  0.089,  0.673
 20460,  0.842, -0.001,  0.327,  0.016,  0.084,  0.841
 20520,  1.029,  0.026,  0.297,  0.028,  0.098,  0.857
 20580,  1.030,  0.065,  0.355,  0.023,  0.098,  0.899
 20640, -9999.000, -9999.000, -9999.000, -9999.000, -9999.000, -9999.000
 20700,  1.103, -0.018,  0.304,  0.007,  0.100,  0.616
 20760,  0.923, -0.043,  0.244,  0.013,  0.106,  0.747
 20820,  0.923,  0.007,  0.381,  0.034,  0.102,  0.772
 20880,  0.937, -0.001,  0.259,  0.018,  0.076,  0.641
 20940,  0.967,  0.011,  0.326,  0.012,  0.091,  0.437
 21000,  0.999,  0.019,  0.287,  0.034,  0.113,  0.411
 21060,  0.905,  0.068,  0.302,  0.037,  0.082,  0.446
 21120,  0.971,  0.072,  0.319,  0.031,  0.059,  0.579
 21180,  1.004, -0.015,  0.312,  0.013,  0.104,  0.466
 21240,  0.844,  0.016,  0.291,  0.011,  0.092,  0.540
 21300,  0.918,  0.073,  0.338,  0.051,  0.097,  0.538
 21360,  0.765,  0.035,  0.243,  0.034,  0.065,  0.801
 21420,  0.702,  0.125,  0.352,  0.029,  0.084,  0.794
 21480,  0.877,  0.072,  0.348,  0.040,  0.081,  0.884
 21540,  0.848,  0.061,  0.349,  0.012,  0.061,  0.874
 21600,  0.785,  0.103,  0.376,  0.038,  0.082,  1.130
 21660,  0.795,  0.131,  0.432,  0.037,  0.086,  1.178
 21720,  0.814,  0.071,  0.433,  0.058,  0.079,  1.222
 21780,  0.768,  0.053,  0.421,  0.054,  0.081,  1.098
 21840,  0.645,  0.038,  0.311,  0.058,  0.051,  1.062
 21900,  0.679,  0.089,  0.384,  0.032,  0.123,  1.189
 21960,  0.616,  0.130,  0.293,  0.048,  0.041,  1.079
 22020,  0.550,  0.093,  0.356,  0.036,  0.056,  1.088
 22080,  0.764,  0.144,  0.428,  0.072,  0.051,  1.174
 22140,  0.882,  0.173,  0.324,  0.061,  0.061,  1.062
 22200,  0.744,  0.147,  0.351,  0.053,  0.050,  0.960
 22260,  0.652,  0.136,  0.334,  0.075,  0.063,  0.947
 22320,  0.518,  0.197,  0.280,  0.046,  0.028,  1.174
 22380,  0.625,  0.139,  0.329,  0.073,  0.059,  1.137
 22440,  0.784,  0.117,  0.416,  0.063,  0.049,  1.172
 22500, -9999.000, -9999.000, -9999.000, -9999.000, -9999.000, -9999.000
 22560,  0.637,  0.074,  0.365,  0.076,  0.033,  1.301
 22620,  0.614,  0.081,  0.395,  0.066,  0.072,  1.348
 22680,  0.715,  0.088,  0.383,  0.062,  0.028,  1.515
 22740,  0.619,  0.076,  0.373,  0.055,  0.017,  1.603
 22800,  0.602,  0.075,  0.433,  0.073,  0.017,  1.638
 22860,  0.618,  0.059,  0.402,  0.073,  0.065,  1.619
 22920,  0.551,  0.072,  0.417,  0.053,  0.070,  1.594
 22980,  0.649,  0.099,  0.411,  0.058,  0.033,  1.849
 23040,  0.719,  0.067,  0.431,  0.061,  0.043,  2.188
 23100,  0.707,  0.034,  0.447,  0.072,  0.022,  2.295
 23160,  0.677,  0.068,  0.386,  0.050,  0.049,  1.801
 23220,  0.631,  0.031,  0.310,  0.056,  0.078,  1.290
 23280,  0.774, -0.012,  0.278,  0.053,  0.049,  1.102
 23340,  0.732, -0.007,  0.281,  0.065,  0.054,  1.315
 23400,  0.660,  0.026,  0.337,  0.067,  0.030,  1.284
 23460,  0.723, -0.022,  0.334,  0.065,  0.073,  1.132
 23520,  0.643, -0.016,  0.391,  0.063,  0.037,  1.001
 23580,  0.678, -0.017,  0.268,  0.057,  0.032,  1.041
 23640,  0.775, -0.011,  0.374,  0.058,  0.050,  1.045
 23700,  0.757, -0.081,  0.335,  0.029,  0.043,  1.135
 23760,  0.823, -0.034,  0.278,  0.044,  0.045,  0.844
 23820,  0.716, -0.061,  0.298,  0.041,  0.087,  0.830
 23880,  0.583, -0.053,  0.350,  0.030,  0.004,  0.760
 23940,  0.793, -0.098,  0.299,  0.055,  0.064,  0.963
 24000,  0.853, -0.005,  0.290,  0.054,  0.091,  0.816
 24060,  0.689, -0.021,  0.333,  0.043,  0.059,  0.829
 24120,  0.649, -0.037,  0.305,  0.055,  0.071,  0.911
 24180,  0.747, -0.088,  0.315,  0.055,  0.074,  0.818
 24240,  0.719, -0.145,  0.381,  0.059,  0.056,  1.198
 24300,  0.830, -0.064,  0.306,  0.042,  0.052,  1.144
 24360,  0.664, -0.137,  0.346,  0.029,  0.059,  0.882
 24420,  0.724, -0.184,  0.377,  0.030,  0.063,  1.206
 24480,  0.730, -0.091,  0.407,  0.067,  0.049,  1.219
 24540,  0.704, -0.143,  0.382,  0.050,  0.052,  1.358
 24600,  0.778, -0.123,  0.456,  0.087,  0.061,  1.644
 24660,  0.699, -0.093,  0.503,  0.042,  0.048,  1.684
 24720,  0.729, -0.090,  0.484,  0.058,  0.065,  1.641
 24780,  0.861, -0.032,  0.448,  0.080,  0.059,  1.403
 24840,  0.786, -0.051,  0.346,  0.060,  0.017,  1.268
 24900,  0.673, -0.090,  0.352,  0.044,  0.053,  1.098
 24960,  0.839, -0.029,  0.395,  0.062,  0.073,  1.015
 25020,  0.663,  0.021,  0.363,  0.048,  0.057,  1.110
 25080,  0.719,  0.064,  0.274,  0.070,  0.056,  1.006
 25140,  0.758, -0.025,  0.365,  0.068,  0.078,  1.039
 25200,  0.701, -0.004,  0.277,  0.089,  0.093,  1.052
 25260,  0.753, -0.063,  0.378,  0.068,  0.092,  1.072
 25320,  0.730, -0.011,  0.340,  0.062,  0.075,  1.171
 25380,  0.721,  0.053,  0.333,  0.063,  0.085,  1.095
 25440,  0.741,  0.032,  0.325,  0.061,  0.084,  1.237
 25500,  0.740, -0.005,  0.328,  0.074,  0.057,  1.078
 25560,  0.661,  0.063,  0.372,  0.076,  0.087,  1.273
 25620,  0.625,  0.001,  0.382,  0.092,  0.061,  1.053
 25680,  0.639,  0.112,  0.359,  0.067,  0.090,  1.173
 25740,  0.721,  0.065,  0.361,  0.092,  0.056,  1.156
 25800,  0.749,  0.082,  0.320,  0.093,  0.092,  0.981
 25860,  0.689,  0.058,  0.300,  0.082,  0.133,  0.668
 25920,  0.710,  0.116,  0.311,  0.096,  0.090,  0.861
 25980,  0.412,  0.115,  0.276,  0.078,  0.105,  1.065
 26040,  0.634,  0.116,  0.348,  0.102,  0.067,  1.024
 26100,  0.698,  0.105,  0.353,  0.101,  0.086,  0.948
 26160, -9999.000, -9999.000, -9999.000, -9999.000, -9999.000, -9999.000
 26220,  0.903,  0.057,  0.399,  0.062,  0.077,  1.267
 26280,  0.740,  0.110,  0.261,  0.093,  0.081,  1.198
 26340,  0.658,  0.070,  0.289,  0.113,  0.098,  1.059
 26400,  0.602,  0.186,  0.323,  0.109,  0.093,  1.163
 26460,  0.670,  0.076,  0.270,  0.090,  0.087,  1.275
 26520,  0.673,  0.065,  0.235,  0.105,  0.114,  1.191
 26580,  0.714,  0.143,  0.275,  0.065,  0.105,  1.314
 26640,  0.657,  0.098,  0.298,  0.106,  0.103,  1.345
 26700,  0.749,  0.090,  0.280,  0.081,  0.078,  1.272
 26760,  0.637,  0.059,  0.229,  0.082,  0.081,  1.388
 26820,  0.770,  0.029,  0.260,  0.097,  0.101,  1.369
 26880,  0.637,  0.075,  0.290,  0.075,  0.070,  1.232
 26940,  0.695,  0.132,  0.287,  0.081,  0.060,  1.481
 27000,  0.700,  0.068,  0.329,  0.079,  0.090,  1.303
 27060,  0.840,  0.110,  0.324,  0.099,  0.097,  1.249
 27120,  0.707,  0.059,  0.330,  0.114,  0.083,  1.205
 27180,  0.799,  0.081,  0.300,  0.074,  0.073,  1.380
 27240,  0.925,  0.099,  0.292,  0.099,  0.100,  1.441
 27300,  0.731,  0.089,  0.384,  0.098,  0.076,  1.369
 27360,  0.811,  0.135,  0.423,  0.085,  0.109,  1.369
 27420,  0.782,  0.110,  0.314,  0.090,  0.076,  1.319
 27480,  0.701,  0.041,  0.302,  0.063,  0.066,  1.302
 27540,  0.877,  0.106,  0.300,  0.063,  0.068,  1.432
 27600,  0.729,  0.072,  0.254,  0.089,  0.119,  1.335
 27660,  0.821,  0.084,  0.264,  0.069,  0.064,  1.229
 27720,  0.878,  0.157,  0.254,  0.074,  0.059,  1.371
 27780,  0.600,  0.038,  0.342,  0.115,  0.076,  1.442
 27840,  0.837,  0.064,  0.303,  0.101,  0.094,  1.228
 27900,  0.797,  0.025,  0.251,  0.054,  0.078,  1.449
 27960,  0.976,  0.044,  0.270,  0.079,  0.083,  1.415
 28020, -9999.000, -9999.000, -9999.000, -9999.000, -9999.000, -9999.000
 28080,  0.923, -0.042,  0.307,  0.081,  0.117,  1.366
 28140,  0.805,  0.082,  0.284,  0.053,  0.100,  1.169
 28200,  0.880,  0.153,  0.323,  0.064,  0.103,  0.952
 28260,  0.813,  0.102,  0.289,  0.090,  0.071,  1.027
 28320,  0.806,  0.031,  0.307,  0.084,  0.056,  1.111
 28380,  0.886,  0.009,  0.213,  0.074,  0.052,  1.209
 28440,  0.851, -0.022,  0.283,  0.063,  0.074,  1.284
 28500,  0.803, -0.017,  0.266,  0.081,  0.063,  1.170
 28560,  0.815,  0.051,  0.272,  0.112,  0.017,  1.030
 28620,  0.730,  0.025,  0.256,  0.087,  0.079,  1.023
 28680,  0.682,  0.031,  0.308,  0.110,  0.050,  1.027
 28740,  0.789, -0.031,  0.275,  0.103,  0.027,  1.121
 28800,  0.701, -0.024,  0.276,  0.108,  0.084,  1.012
 28860,  0.897,  0.022,  0.271,  0.118,  0.069,  1.056
 28920,  0.804, -0.034,  0.300,  0.107,  0.066,  1.027
 28980,  0.661,  0.017,  0.318,  0.115,  0.066,  0.978
 29040,  0.737,  0.032,  0.306,  0.101,  0.061,  0.797
 29100,  0.757,  0.015,  0.277,  0.101,  0.072,  0.848
 29160,  0.712, -0.006,  0.329,  0.114,  0.066,  0.984
 29220,  0.809,  0.043,  0.273,  0.103,  0.070,  1.009
 29280,  0.699, -0.033,  0.328,  0.094,  0.072,  0.905
 29340,  0.753, -0.034,  0.293,  0.102,  0.056,  0.873
 29400,  0.700, -0.015,  0.333,  0.125,  0.040,  0.973
 29460,  0.659,  0.022,  0.395,  0.079,  0.056,  1.208
 29520,  0.706, -0.033,  0.348,  0.103,  0.073,  1.289
 29580,  0.769,  0.017,  0.321,  0.100,  0.041,  1.326
 29640,  0.561,  0.033,  0.286,  0.109,  0.050,  1.248
 29700,  0.721, -0.061,  0.340,  0.112,  0.054,  1.166
 29760,  0.854, -0.072,  0.351,  0.130,  0.049,  1.202
 29820,  0.741, -0.099,  0.300,  0.166,  0.127,  1.113
 29880, -9999.000, -9999.000, -9999.000, -9999.000, -9999.000, -9999.000
 29940,  0.802, -0.084,  0.304,  0.112,  0.061,  1.334
 30000,  0.789, -0.006,  0.287,  0.147,  0.055,  1.116
 30060,  0.627,  0.014,  0.348,  0.104,  0.080,  1.112
 30120,  0.764, -0.027,  0.334,  0.105,  0.048,  1.200
 30180,  0.825, -0.062,  0.356,  0.113,  0.070,  1.057
 30240,  0.778, -0.030,  0.358,  0.130,  0.054,  1.011
 30300,  0.705,  0.024,  0.279,  0.144,  0.051,  1.007
 30360,  0.719,  0.009,  0.253,  0.110,  0.055,  1.186
 30420,  0.863, -0.006,  0.366,  0.136,  0.065,  1.087
 30480,  0.689, -0.039,  0.332,  0.126,  0.061,  1.176
 30540,  0.690, -0.008,  0.330,  0.101,  0.064,  1.270
 30600,  0.909,  0.029,  0.295,  0.157,  0.077,  1.169
 30660,  0.821,  0.058,  0.375,  0.132,  0.097,  1.323
 30720,  0.731,  0.003,  0.332,  0.111,  0.093,  1.308
 30780,  0.667,  0.023,  0.388,  0.128,  0.091,  1.131
 30840,  0.710,  0.016,  0.302,  0.150,  0.054,  1.096
 30900,  0.697,  0.047,  0.301,  0.159,  0.094,  1.260
 30960,  0.836,  0.090,  0.319,  0.131,  0.085,  1.272
 31020,  0.654,  0.086,  0.314,  0.160,  0.122,  1.355
 31080,  0.815,  0.007,  0.295,  0.135,  0.073,  1.251
 31140,  0.864,  0.045,  0.425,  0.144,  0.110,  1.366
 31200,  0.776,  0.018,  0.416,  0.144,  0.089,  1.145
 31260,  0.638,  0.145,  0.348,  0.120,  0.107,  1.181
 31320,  0.780,  0.039,  0.347,  0.160,  0.100,  1.180
 31380,  0.863,  0.066,  0.354,  0.135,  0.104,  1.238
 31440,  0.666,  0.063,  0.330,  0.110,  0.093,  1.223
 31500,  0.843,  0.042,  0.369,  0.146,  0.066,  1.140
 31560,  0.703,  0.050,  0.316,  0.131,  0.100,  1.310
 31620,  0.781,  0.092,  0.341,  0.125,  0.101,  1.306
 31680,  0.765,  0.131,  0.383,  0.107,  0.100,  1.466
 31740,  0.473,  0.163,  0.148,  0.088,  0.221,  1.369
 31800,  0.915,  0.069,  0.354,  0.150,  0.094,  1.250
 31860,  0.789,  0.103,  0.345,  0.153,  0.082,  1.145
 31920,  0.769,  0.123,  0.370,  0.138,  0.064,  1.327
 31980,  0.727,  0.089,  0.333,  0.136,  0.102,  1.498
 32040,  0.885,  0.002,  0.278,  0.138,  0.060,  1.409
 32100,  0.796,  0.137,  0.337,  0.154,  0.112,  1.193
 32160,  0.909,  0.143,  0.338,  0.170,  0.105,  1.256
 32220,  0.884,  0.021,  0.397,  0.135,  0.098,  1.315
 32280,  0.770,  0.087,  0.366,  0.199,  0.098,  1.262
 32340,  0.603,  0.124,  0.298,  0.124,  0.062,  1.244
 32400,  0.952,  0.151,  0.336,  0.155,  0.085,  1.294
 32460,  0.806,  0.087,  0.293,  0.152,  0.069,  1.131
 32520,  0.859,  0.069,  0.400,  0.187,  0.101,  1.126
 32580,  0.741,  0.017,  0.334,  0.191,  0.075,  1.214
 32640,  0.818,  0.079,  0.350,  0.165,  0.091,  1.084
 32700,  0.794,  0.045,  0.368,  0.165,  0.081,  1.005
 32760,  0.863,  0.061,  0.339,  0.151,  0.063,  1.075
 32820,  0.861,  0.076,  0.392,  0.153,  0.074,  1.067
 32880,  0.759,  0.075,  0.334,  0.178,  0.076,  1.150
 32940,  0.840,  0.046,  0.352,  0.164,  0.102,  1.075
 33000,  0.737,  0.086,  0.315,  0.139,  0.043,  1.188
 33060,  0.708,  0.089,  0.396,  0.128,  0.070,  1.238
 33120,  0.790,  0.043,  0.317,  0.166,  0.070,  1.153
 33180,  0.899,  0.058,  0.357,  0.140,  0.072,  1.224
 33240,  0.798,  0.101,  0.371,  0.139,  0.078,  0.781
 33300,  0.868,  0.072,  0.309,  0.200,  0.046,  0.874
 33360,  0.779,  0.081,  0.364,  0.228,  0.043,  0.936
 33420,  0.883,  0.056,  0.281,  0.141,  0.072,  0.969
 33480,  0.880,  0.076,  0.347,  0.180,  0.079,  0.989
 33540,  0.497,  0.024,  0.375,  0.222,  0.060,  1.742
 33600,  0.666,  0.033,  0.324,  0.243,  0.120,  1.147
 33660,  0.883,  0.039,  0.373,  0.202,  0.034,  1.038
 33720,  0.908,  0.033,  0.318,  0.196,  0.038,  1.103
 33780,  0.808,  0.074,  0.382,  0.154,  0.080,  1.188
 33840,  0.754,  0.075,  0.330,  0.176,  0.067,  1.131
 33900,  0.782,  0.049,  0.339,  0.227,  0.087,  1.045
 33960,  0.867,  0.072,  0.376,  0.228,  0.068,  0.964
 34020,  0.916,  0.039,  0.263,  0.164,  0.044,  0.849
 34080,  0.832, -0.005,  0.312,  0.195,  0.052,  1.230
 34140,  0.860,  0.109,  0.338,  0.164,  0.058,  0.993
 34200,  0.660,  0.037,  0.295,  0.204,  0.038,  0.865
 34260,  0.783,  0.083,  0.321,  0.147,  0.066,  1.183
 34320,  0.820,  0.040,  0.297,  0.150,  0.038,  1.150
 34380,  0.884,  0.083,  0.318,  0.160,  0.077,  0.934
 34440,  0.767,  0.020,  0.324,  0.220,  0.081,  1.035
 34500,  0.799,  0.108,  0.348,  0.150,  0.074,  1.164
