CampaignData_and_Merges/R0/CSL_MobileLab_Parked/raw/20240721/USOS-jNO2_MobileLabGround_20240721_R0.ict
52,1001
Waxman, E.; Rollins, A.; Zuraski, K.; Chace, W.
NOAA Chemical Sciences Laboratory
jNO2 filter radiometer on CSL Mobile Lab
AMMBEC / USOS
1, 1
2024,07,21, 2025,04,01
60
Time_Start, seconds, number_of_seconds_since_0000_UTC
20
1, 1, 1, 1, 1, 1, 1, 1, 1, 1, 1, 1, 1, 1, 1, 1, 1, 1, 1, 1
-9999, -9999, -9999, -9999, -9999, -9999, -9999, -9999, -9999, -9999, -9999, -9999, -9999, -9999, -9999, -9999, -9999, -9999, -9999, -9999
Time_Stop, seconds, number_of_seconds_since_0000_UTC
jNO2_meas, per second, photolysis rate of NO2 measured using a filter radiometer.
jBrCl, per second, photolysis rate of BrCl -> Br + Cl calculated in TUV for cloud-free sky with local AOD
jBr2, per second, photolysis rate of Br2 -> Br + Br calculated in TUV for cloud-free sky with local AOD
jCCl4, per second, photolysis rate of CCl4 -> Products calcualted in TUV for cloud-free sky with local AOD
jCH2Oa, per second, photolysis rate of CH2O -> H + HCO calculated in TUV for cloud-free sky with local AOD
jCH2Ob, per second, photolysis rate of CH2O -> H2 + CO calculated in TUV for cloud-free sky with local AOD
jClNO2, per second, photolysis rate of ClNO2 -> Cl + NO2 calculated in TUV for cloud-free sky with local AOD
jClOa, per second, photolysis rate of ClO -> Cl + O(1D) calculated in TUV for cloud-free sky with local AOD
jClOb, per second, photolysis rate of ClO -> Cl + O(3P) calculated in TUV for cloud-free sky with local AOD
jCl2, per second, photolysis rate of Cl2 -> Cl + Cl calculated in TUV for cloud-free sky with local AOD
jHNO2, per second, photolysis rate of HNO2 -> OH + NO calculated in TUV for cloud-free sky with local AOD
jHNO3, per second, photolysis rate of HNO3 -> OH + NO2 calculated in TUV for cloud-free sky with local AOD
jI2, per second, photolysis rate of I2 -> I + I calculated in TUV for cloud-free sky with local AOD
jNO2, per second, photolysis rate of NO2 -> NO + O(3P) calculated in TUV for cloud-free sky with local AOD
jNO3a, per second, photolysis rate of NO3 -> NO + O2 calculated in TUV for cloud-free sky with local AOD
jNO3b, per second, photolysis rate of NO3 -> NO2 + O(3P) calculated in TUV for cloud-free sky with local AOD
jN2O5, per second, photolysis rate of N2O5 -> NO3 + NO + O(3P) calculated in TUV for cloud-free sky with local AOD
jO3, per second, photolysis rate of O3 -> O2 + O(1D) calculated in TUV for cloud-free sky with local AOD
AOD_500nm, unitless, UTC daily mean AOD at 500 nm from an AERONET station located at 40.178 N, -112.452 E
0
18
PI_CONTACT_INFO: eleanor.waxman@noaa.gov
PLATFORM: CSL Mobile Lab, at ground site
LOCATION: Salt Lake City, UT
ASSOCIATED_DATA:
INSTRUMENT_INFO: jNO2 filter radiometer.  TUV calculations are for mobile van lat/lon/altitude assuming clear sky (cloud AOD = 0) and daily mean AOD.
DATA_INFO:
UNCERTAINTY: Data uncertainties are +/- 20%.  These come from uncertainties in radiometer angular response, radiometer thermal response, local interferences from clouds/aerosols/shadows etc.
ULOD_FLAG: -7777
ULOD_VALUE: N/A
LLOD_FLAG: -8888
LLOD_VALUE: N/A
DM_CONTACT_INFO: eleanor.waxman@noaa.gov
PROJECT_INFO: USOS Project, July - August 2024
STIPULATIONS_ON_USE: Users are strongly encouraged to contact the PI for proper data usage.
OTHER_COMMENTS: 
REVISION: R0
R0: final data
Time_Start, Time_Stop, jNO2_meas, jBrCl, jBr2, jCCl4, jCH2Oa, jCH2Ob, jClNO2, jClOa, jClOb, jCl2, jHNO2, jHNO3, jI2, jNO2, jNO3a, jNO3b, jN2O5, jO3, AOD_500nm
[from data line 695]
   41700,   41760,-9999,1.843e-07,5.21e-07,5.037e-30,1.686e-10,5.132e-10,5.47e-09,1.996e-30,7.114e-11,3.305e-08,2.494e-08,2.013e-12,1.361e-06,1.568e-07,1.556e-07,1.706e-06,4.187e-10,5.034e-11,0.163
   41760,   41820,-9999,2.403e-07,6.724e-07,7.117e-30,2.24e-10,6.821e-10,7.246e-09,2.816e-30,9.231e-11,4.365e-08,3.295e-08,2.659e-12,1.718e-06,2.063e-07,1.871e-07,2.122e-06,5.547e-10,6.545e-11,0.163
   41820,   41880,-9999,3.116e-07,8.642e-07,1.003e-29,2.966e-10,9.004e-10,9.533e-09,3.966e-30,1.208e-10,5.724e-08,4.319e-08,3.509e-12,2.17e-06,2.696e-07,2.273e-07,2.649e-06,7.3e-10,8.565e-11,0.163
   41880,   41940,-9999,3.96e-07,1.091e-06,1.386e-29,3.851e-10,1.163e-09,1.227e-08,5.478e-30,1.565e-10,7.347e-08,5.539e-08,4.551e-12,2.704e-06,3.449e-07,2.755e-07,3.274e-06,9.407e-10,1.108e-10,0.163
   41940,   42000,-9999,5.068e-07,1.388e-06,1.937e-29,5.043e-10,1.512e-09,1.591e-08,7.654e-30,2.057e-10,9.49e-08,7.147e-08,5.958e-12,3.406e-06,4.439e-07,3.394e-07,4.098e-06,1.22e-09,1.453e-10,0.163
   42000,   42060,-9999,6.447e-07,1.758e-06,2.692e-29,6.558e-10,1.95e-09,2.046e-08,1.064e-29,2.699e-10,1.217e-07,9.152e-08,7.757e-12,4.284e-06,5.671e-07,4.201e-07,5.131e-06,1.571e-09,1.901e-10,0.163
   42060,   42120,-9999,8.019e-07,2.182e-06,3.554e-29,8.257e-10,2.443e-09,2.558e-08,1.405e-29,3.419e-10,1.519e-07,1.141e-07,9.774e-12,5.302e-06,7.067e-07,5.146e-07,6.33e-06,1.966e-09,2.403e-10,0.163
   42120,   42180,-9999,9.92e-07,2.695e-06,4.813e-29,1.045e-09,3.06e-09,3.193e-08,1.904e-29,4.391e-10,1.89e-07,1.418e-07,1.239e-11,6.546e-06,8.762e-07,6.342e-07,7.811e-06,2.458e-09,3.074e-10,0.163
   42180,   42240,-9999,1.236e-06,3.359e-06,6.498e-29,1.321e-09,3.838e-09,3.999e-08,2.573e-29,5.64e-10,2.363e-07,1.769e-07,1.572e-11,8.166e-06,1.093e-06,7.907e-07,9.738e-06,3.082e-09,3.936e-10,0.163
   42240,   42300,-9999,1.53e-06,4.161e-06,8.454e-29,1.646e-09,4.759e-09,4.954e-08,3.349e-29,7.093e-10,2.925e-07,2.188e-07,1.962e-11,1.013e-05,1.351e-06,9.841e-07,1.208e-05,3.821e-09,4.94e-10,0.163
   42300,   42360,-9999,1.855e-06,5.062e-06,1.104e-28,2.012e-09,5.775e-09,6.005e-08,4.376e-29,8.813e-10,3.542e-07,2.646e-07,2.406e-11,1.241e-05,1.634e-06,1.219e-06,1.483e-05,4.637e-09,6.119e-10,0.163
   42360,   42420,-9999,2.298e-06,6.29e-06,1.45e-28,2.493e-09,7.124e-09,7.411e-08,5.757e-29,1.108e-09,4.371e-07,3.264e-07,2.992e-11,1.551e-05,2.018e-06,1.543e-06,1.857e-05,5.726e-09,7.677e-10,0.163
   42420,   42480,-9999,2.754e-06,7.576e-06,1.806e-28,2.977e-09,8.489e-09,8.837e-08,7.171e-29,1.335e-09,5.216e-07,3.893e-07,3.58e-11,1.884e-05,2.409e-06,1.906e-06,2.263e-05,6.83e-09,9.235e-10,0.163
   42480,   42540,-9999,3.404e-06,9.416e-06,2.332e-28,3.648e-09,1.039e-08,1.083e-07,9.272e-29,1.655e-09,6.404e-07,4.78e-07,4.401e-11,2.362e-05,2.962e-06,2.437e-06,2.848e-05,8.375e-09,1.144e-09,0.163
   42540,   42600,-9999,4.099e-06,1.141e-05,2.88e-28,4.341e-09,1.237e-08,1.292e-07,1.146e-28,1.979e-09,7.652e-07,5.711e-07,5.245e-11,2.896e-05,3.547e-06,3.058e-06,3.51e-05,9.986e-09,1.367e-09,0.163
   42600,   42660,-9999,4.935e-06,1.383e-05,3.525e-28,5.14e-09,1.469e-08,1.538e-07,1.403e-28,2.353e-09,9.129e-07,6.816e-07,6.22e-11,3.55e-05,4.243e-06,3.84e-06,4.326e-05,1.188e-08,1.626e-09,0.163
   42660,   42720,-9999,6.028e-06,1.702e-05,4.4e-28,6.163e-09,1.768e-08,1.855e-07,1.753e-28,2.836e-09,1.104e-06,8.246e-07,7.473e-11,4.424e-05,5.147e-06,4.921e-06,5.424e-05,1.432e-08,1.96e-09,0.163
   42720,   42780,-9999,7.221e-06,2.055e-05,5.3e-28,7.234e-09,2.084e-08,2.193e-07,2.112e-28,3.326e-09,1.309e-06,9.779e-07,8.774e-11,5.422e-05,6.119e-06,6.228e-06,6.701e-05,1.692e-08,2.302e-09,0.163
   42780,   42840,-9999,8.586e-06,2.464e-05,6.302e-28,8.417e-09,2.438e-08,2.572e-07,2.512e-28,3.862e-09,1.541e-06,1.151e-06,1.021e-10,6.597e-05,7.221e-06,7.826e-06,8.219e-05,1.983e-08,2.676e-09,0.163
   42840,   42900,5.3281e-07,1.033e-05,2.989e-05,7.528e-28,9.867e-09,2.878e-08,3.046e-07,3.002e-28,4.506e-09,1.831e-06,1.368e-06,1.197e-10,8.136e-05,8.611e-06,9.993e-06,0.0001023,2.346e-08,3.13e-09,0.163
   42900,   42960,-9999,1.244e-05,3.635e-05,8.948e-28,1.156e-08,3.399e-08,3.61e-07,3.57e-28,5.245e-09,2.179e-06,1.63e-06,1.401e-10,0.0001006,1.029e-05,1.278e-05,0.0001277,2.777e-08,3.652e-09,0.163
   42960,   43020,-9999,1.471e-05,4.335e-05,1.043e-27,1.333e-08,3.948e-08,4.205e-07,4.161e-28,6e-09,2.547e-06,1.906e-06,1.614e-10,0.0001219,1.206e-05,1.595e-05,0.0001561,3.231e-08,4.188e-09,0.163
   43020,   43080,3.0512e-07,1.754e-05,5.217e-05,1.218e-27,1.547e-08,4.618e-08,4.933e-07,4.861e-28,6.89e-09,3e-06,2.246e-06,1.869e-10,0.0001494,1.426e-05,2.011e-05,0.000193,3.787e-08,4.824e-09,0.163
   43080,   43140,4.462e-06,2.067e-05,6.202e-05,1.406e-27,1.78e-08,5.349e-08,5.728e-07,5.613e-28,7.836e-09,3.496e-06,2.617e-06,2.145e-10,0.0001807,1.665e-05,2.494e-05,0.0002355,4.393e-08,5.502e-09,0.163
   43140,   43200,4.4538e-06,2.397e-05,7.255e-05,1.597e-27,2.02e-08,6.11e-08,6.557e-07,6.376e-28,8.792e-09,4.014e-06,3.005e-06,2.43e-10,0.0002148,1.917e-05,3.031e-05,0.0002823,5.024e-08,6.191e-09,0.163
   43200,   43260,6.075e-06,2.811e-05,8.583e-05,1.823e-27,2.314e-08,7.046e-08,7.579e-07,7.278e-28,9.929e-09,4.656e-06,3.485e-06,2.775e-10,0.0002585,2.229e-05,3.725e-05,0.0003424,5.802e-08,7.016e-09,0.163
   43260,   43320,1.0831e-05,3.295e-05,0.0001015,2.074e-27,2.649e-08,8.123e-08,8.758e-07,8.278e-28,1.12e-08,5.399e-06,4.04e-06,3.168e-10,0.0003105,2.59e-05,4.558e-05,0.0004144,6.698e-08,7.941e-09,0.163
   43320,   43380,7.9148e-06,3.84e-05,0.0001192,2.342e-27,3.021e-08,9.323e-08,1.007e-06,9.351e-28,1.258e-08,6.23e-06,4.661e-06,3.601e-10,0.0003698,2.996e-05,5.506e-05,0.0004966,7.697e-08,8.948e-09,0.163
   43380,   43440,1.1898e-05,4.386e-05,0.0001373,2.591e-27,3.389e-08,1.051e-07,1.137e-06,1.034e-27,1.388e-08,7.048e-06,5.27e-06,4.025e-10,0.0004325,3.394e-05,6.539e-05,0.0005848,8.679e-08,9.909e-09,0.163
   43440,   43500,1.79e-05,5.037e-05,0.0001588,2.884e-27,3.826e-08,1.191e-07,1.29e-06,1.151e-27,1.542e-08,8.022e-06,5.994e-06,4.527e-10,0.0005074,3.869e-05,7.774e-05,0.0006903,9.846e-08,1.104e-08,0.163
   43500,   43560,1.9606e-05,5.836e-05,0.0001852,3.225e-27,4.35e-08,1.362e-07,1.478e-06,1.286e-27,1.724e-08,9.213e-06,6.882e-06,5.13e-10,0.0005979,4.452e-05,9.234e-05,0.0008169,1.127e-07,1.239e-08,0.163
   43560,   43620,2.7413e-05,6.506e-05,0.000208,3.489e-27,4.795e-08,1.503e-07,1.632e-06,1.391e-27,1.871e-08,1.019e-05,7.605e-06,5.632e-10,0.0006808,4.929e-05,0.0001065,0.0009359,1.244e-07,1.348e-08,0.163
   43620,   43680,2.8935e-05,7.537e-05,0.0002424,3.89e-27,5.465e-08,1.721e-07,1.87e-06,1.551e-27,2.094e-08,1.171e-05,8.736e-06,6.393e-10,0.0008003,5.674e-05,0.0001259,0.001104,1.425e-07,1.515e-08,0.163
   43680,   43740,3.4027e-05,8.287e-05,0.0002681,4.158e-27,5.959e-08,1.877e-07,2.04e-06,1.656e-27,2.251e-08,1.279e-05,9.532e-06,6.945e-10,0.0008952,6.202e-05,0.0001423,0.001242,1.554e-07,1.632e-08,0.163
   43740,   43800,3.9028e-05,9.352e-05,0.0003041,4.528e-27,6.651e-08,2.098e-07,2.283e-06,1.803e-27,2.471e-08,1.434e-05,1.068e-05,7.721e-10,0.001024,6.959e-05,0.0001638,0.001426,1.738e-07,1.797e-08,0.163
   43800,   43860,4.2148e-05,0.0001056,0.000345,4.939e-27,7.439e-08,2.351e-07,2.559e-06,1.966e-27,2.719e-08,1.61e-05,1.198e-05,8.603e-10,0.00117,7.823e-05,0.0001884,0.001636,1.948e-07,1.984e-08,0.163
   43860,   43920,5.0697e-05,0.0001154,0.0003786,5.244e-27,8.086e-08,2.553e-07,2.778e-06,2.086e-27,2.915e-08,1.75e-05,1.301e-05,9.316e-10,0.001296,8.505e-05,0.00021,0.001818,2.115e-07,2.131e-08,0.163
   43920,   43980,5.6512e-05,0.0001272,0.0004193,5.605e-27,8.874e-08,2.799e-07,3.047e-06,2.228e-27,3.152e-08,1.921e-05,1.426e-05,1.018e-09,0.001446,9.341e-05,0.0002357,0.002037,2.319e-07,2.31e-08,0.163
   43980,   44040,6.3863e-05,0.0001409,0.0004658,6.009e-27,9.784e-08,3.084e-07,3.357e-06,2.387e-27,3.425e-08,2.118e-05,1.572e-05,1.119e-09,0.001615,0.0001031,0.0002646,0.002283,2.555e-07,2.515e-08,0.163
   44040,   44100,7.2089e-05,0.0001555,0.0005154,6.432e-27,1.077e-07,3.393e-07,3.692e-06,2.554e-27,3.717e-08,2.332e-05,1.729e-05,1.227e-09,0.001795,0.0001135,0.0002953,0.002544,2.81e-07,2.737e-08,0.163
   44100,   44160,8.0489e-05,0.0001731,0.0005749,7.982e-27,1.196e-07,3.768e-07,4.1e-06,2.797e-27,4.071e-08,2.591e-05,1.92e-05,1.358e-09,0.002012,0.0001261,0.0003344,0.002863,3.12e-07,3.004e-08,0.163
   44160,   44220,9.0305e-05,0.0001896,0.0006311,8.251e-27,1.31e-07,4.12e-07,4.48e-06,2.963e-27,4.401e-08,2.831e-05,2.097e-05,1.482e-09,0.002221,0.0001379,0.0003735,0.003176,3.41e-07,3.254e-08,0.163
   44220,   44280,9.9629e-05,0.0002048,0.0006833,8.554e-27,1.418e-07,4.446e-07,4.831e-06,3.112e-27,4.709e-08,3.053e-05,2.26e-05,1.599e-09,0.002419,0.0001486,0.0004111,0.003473,3.677e-07,3.486e-08,0.163
   44280,   44340,0.00010692,0.0002219,0.0007419,8.92e-27,1.54e-07,4.814e-07,5.226e-06,3.275e-27,5.056e-08,3.302e-05,2.442e-05,1.731e-09,0.002642,0.0001607,0.0004558,0.003814,3.979e-07,3.747e-08,0.163
   44340,   44400,0.00011668,0.0002398,0.0008036,9.289e-27,1.67e-07,5.202e-07,5.642e-06,3.441e-27,5.425e-08,3.564e-05,2.634e-05,1.871e-09,0.002881,0.0001734,0.0005061,0.004186,4.297e-07,4.024e-08,0.163
   44400,   44460,0.00012512,0.0002573,0.0008644,9.662e-27,1.799e-07,5.584e-07,6.051e-06,3.599e-27,5.789e-08,3.821e-05,2.821e-05,2.01e-09,0.003121,0.0001858,0.0005593,0.004566,4.609e-07,4.298e-08,0.163
   44460,   44520,0.00013443,0.0002768,0.0009323,1.006e-26,1.944e-07,6.011e-07,6.506e-06,3.77e-27,6.198e-08,4.106e-05,3.029e-05,2.165e-09,0.003396,0.0001996,0.0006231,0.005007,4.957e-07,4.604e-08,0.163
   44520,   44580,0.0001493,0.0002971,0.001004,1.047e-26,2.097e-07,6.456e-07,6.98e-06,3.941e-27,6.628e-08,4.402e-05,3.244e-05,2.33e-09,0.003691,0.0002138,0.0006948,0.005491,5.32e-07,4.925e-08,0.163
   44580,   44640,0.0001625,0.0003169,0.001074,1.088e-26,2.248e-07,6.892e-07,7.443e-06,4.106e-27,7.054e-08,4.692e-05,3.455e-05,2.492e-09,0.00399,0.0002277,0.0007698,0.005988,5.676e-07,5.241e-08,0.163
   44640,   44700,0.0001718,0.0003389,0.001153,1.131e-26,2.417e-07,7.374e-07,7.953e-06,4.281e-27,7.528e-08,5.01e-05,3.685e-05,2.672e-09,0.004331,0.000243,0.0008578,0.006563,6.067e-07,5.593e-08,0.163
   44700,   44760,0.00017888,0.0003617,0.001235,1.175e-26,2.594e-07,7.874e-07,8.481e-06,4.457e-27,8.027e-08,5.339e-05,3.923e-05,2.861e-09,0.004699,0.0002587,0.0009543,0.007189,6.473e-07,5.961e-08,0.163
   44760,   44820,0.00019629,0.0003839,0.001317,1.218e-26,2.767e-07,8.359e-07,8.993e-06,4.623e-27,8.517e-08,5.658e-05,4.153e-05,3.046e-09,0.005068,0.0002739,0.001053,0.007822,6.867e-07,6.321e-08,0.163
   44820,   44880,0.0002093,0.0004086,0.001408,1.263e-26,2.959e-07,8.894e-07,9.556e-06,4.801e-27,9.064e-08,6.009e-05,4.405e-05,3.251e-09,0.00549,0.0002906,0.001166,0.008548,7.301e-07,6.721e-08,0.163
   44880,   44940,0.00022274,0.0004342,0.001504,1.308e-26,3.161e-07,9.447e-07,1.014e-05,4.979e-27,9.637e-08,6.371e-05,4.664e-05,3.466e-09,0.00594,0.0003077,0.001287,0.009327,7.749e-07,7.138e-08,0.163
   44940,   45000,0.00023691,0.0004593,0.001598,1.352e-26,3.357e-07,9.984e-07,1.07e-05,5.148e-27,1.02e-07,6.722e-05,4.914e-05,3.676e-09,0.006391,0.0003243,0.001408,0.01011,8.184e-07,7.548e-08,0.163
   45000,   45060,0.0002529,0.000487,0.001704,1.398e-26,3.575e-07,1.057e-06,1.132e-05,5.328e-27,1.083e-07,7.105e-05,5.187e-05,3.909e-09,0.006899,0.0003424,0.001543,0.01099,8.66e-07,8e-08,0.163
   45060,   45120,0.00026428,0.0005156,0.001814,1.445e-26,3.801e-07,1.118e-06,1.195e-05,5.508e-27,1.149e-07,7.499e-05,5.466e-05,4.15e-09,0.007434,0.000361,0.001685,0.01191,9.149e-07,8.47e-08,0.163
   45120,   45180,0.00027482,0.0005438,0.001923,1.489e-26,4.021e-07,1.176e-06,1.256e-05,5.679e-27,1.213e-07,7.881e-05,5.736e-05,4.386e-09,0.007965,0.000379,0.001826,0.01283,9.624e-07,8.93e-08,0.163
   45180,   45240,0.00029789,0.0005747,0.002044,1.537e-26,4.265e-07,1.24e-06,1.323e-05,5.86e-27,1.285e-07,8.299e-05,6.03e-05,4.647e-09,0.008557,0.0003986,0.00198,0.01385,1.014e-06,9.439e-08,0.163
   45240,   45300,0.00031234,0.0006069,0.00217,1.585e-26,4.517e-07,1.306e-06,1.392e-05,6.043e-27,1.36e-07,8.728e-05,6.332e-05,4.917e-09,0.009176,0.0004188,0.002141,0.01492,1.068e-06,9.968e-08,0.163
   45300,   45360,0.00032578,0.0006382,0.002293,1.63e-26,4.762e-07,1.369e-06,1.458e-05,6.215e-27,1.434e-07,9.143e-05,6.622e-05,5.181e-09,0.009782,0.0004383,0.002297,0.01596,1.119e-06,1.048e-07,0.163
   45360,   45420,0.00034332,0.0006726,0.002429,1.678e-26,5.032e-07,1.439e-06,1.53e-05,6.398e-27,1.516e-07,9.596e-05,6.938e-05,5.471e-09,0.01045,0.0004596,0.002466,0.0171,1.176e-06,1.105e-07,0.163
   45420,   45480,0.00035715,0.0007082,0.00257,1.727e-26,5.309e-07,1.509e-06,1.604e-05,6.582e-27,1.601e-07,0.0001006,7.261e-05,5.77e-09,0.01114,0.0004814,0.00264,0.01828,1.233e-06,1.164e-07,0.163
   45480,   45540,0.00037467,0.0007428,0.002708,1.773e-26,5.58e-07,1.578e-06,1.676e-05,6.755e-27,1.685e-07,0.0001051,7.573e-05,6.063e-09,0.01181,0.0005025,0.002807,0.01942,1.289e-06,1.222e-07,0.163
   45540,   45600,0.00038901,0.0007807,0.002858,1.822e-26,5.877e-07,1.652e-06,1.754e-05,6.941e-27,1.778e-07,0.00011,7.913e-05,6.383e-09,0.01255,0.0005255,0.002988,0.02066,1.35e-06,1.286e-07,0.163
   45600,   45660,0.00040829,0.0008199,0.003014,1.871e-26,6.183e-07,1.728e-06,1.834e-05,7.126e-27,1.875e-07,0.000115,8.26e-05,6.715e-09,0.0133,0.0005492,0.003172,0.02194,1.412e-06,1.352e-07,0.163
   45660,   45720,0.00042387,0.0008578,0.003165,1.918e-26,6.48e-07,1.802e-06,1.911e-05,7.302e-27,1.969e-07,0.0001198,8.595e-05,7.038e-09,0.01403,0.0005721,0.003347,0.02316,1.472e-06,1.416e-07,0.163
   45720,   45780,0.00044664,0.0008992,0.003329,1.968e-26,6.804e-07,1.882e-06,1.994e-05,7.489e-27,2.075e-07,0.0001251,8.96e-05,7.392e-09,0.01481,0.0005971,0.003535,0.02448,1.538e-06,1.487e-07,0.163
   45780,   45840,0.00046325,0.0009416,0.003497,2.018e-26,7.138e-07,1.963e-06,2.08e-05,7.676e-27,2.184e-07,0.0001305,9.332e-05,7.756e-09,0.01561,0.0006226,0.003725,0.02581,1.605e-06,1.56e-07,0.163
   45840,   45900,0.00048017,0.0009826,0.00366,2.066e-26,7.462e-07,2.042e-06,2.163e-05,7.854e-27,2.291e-07,0.0001357,9.691e-05,8.11e-09,0.01638,0.0006473,0.003905,0.02709,1.67e-06,1.631e-07,0.163
   45900,   45960,0.0004999,0.001027,0.003836,2.117e-26,7.815e-07,2.127e-06,2.253e-05,8.043e-27,2.409e-07,0.0001414,0.0001008,8.498e-09,0.01721,0.0006743,0.004097,0.02847,1.74e-06,1.709e-07,0.163
   45960,   46020,0.00052232,0.001073,0.004016,2.168e-26,8.179e-07,2.214e-06,2.345e-05,8.233e-27,2.533e-07,0.0001472,0.0001048,8.899e-09,0.01804,0.0007019,0.00429,0.02985,1.812e-06,1.791e-07,0.163
   46020,   46080,0.00054078,0.001117,0.004188,2.217e-26,8.531e-07,2.298e-06,2.433e-05,8.413e-27,2.653e-07,0.0001528,0.0001087,9.287e-09,0.01884,0.0007286,0.004472,0.03117,1.882e-06,1.87e-07,0.163
   46080,   46140,0.00055893,0.001164,0.004374,2.268e-26,8.913e-07,2.389e-06,2.529e-05,8.604e-27,2.786e-07,0.0001588,0.0001128,9.711e-09,0.01969,0.0007575,0.004665,0.03258,1.957e-06,1.956e-07,0.163
   46140,   46200,0.00058259,0.001213,0.004563,2.32e-26,9.308e-07,2.482e-06,2.628e-05,8.797e-27,2.925e-07,0.000165,0.0001171,1.015e-08,0.02056,0.0007872,0.004859,0.03399,2.035e-06,2.046e-07,0.163
   46200,   46260,0.00060666,0.00126,0.004744,2.369e-26,9.689e-07,2.572e-06,2.723e-05,8.979e-27,3.06e-07,0.000171,0.0001212,1.057e-08,0.02137,0.0008158,0.005042,0.03533,2.109e-06,2.134e-07,0.163
   46260,   46320,0.0006284,0.00131,0.004938,2.422e-26,1.01e-06,2.669e-06,2.826e-05,9.173e-27,3.209e-07,0.0001774,0.0001257,1.104e-08,0.02225,0.0008468,0.005235,0.03676,2.19e-06,2.23e-07,0.163
   46320,   46380,0.00065503,0.001361,0.005135,2.475e-26,1.053e-06,2.768e-06,2.931e-05,9.369e-27,3.364e-07,0.000184,0.0001303,1.151e-08,0.02312,0.0008785,0.005427,0.03818,2.273e-06,2.33e-07,0.163
   46380,   46440,0.00067238,0.00141,0.005322,2.526e-26,1.094e-06,2.864e-06,3.032e-05,9.554e-27,3.516e-07,0.0001903,0.0001347,1.198e-08,0.02395,0.000909,0.005608,0.03953,2.353e-06,2.426e-07,0.163
   46440,   46500,0.00069733,0.001462,0.005522,2.579e-26,1.139e-06,2.967e-06,3.142e-05,9.752e-27,3.682e-07,0.0001972,0.0001394,1.248e-08,0.02483,0.000942,0.005799,0.04095,2.439e-06,2.532e-07,0.163
