CampaignData_and_Merges/R0/CSL_MobileLab_Parked/raw/20240721/USOS-PTR_MobileLabGround_20240721_R0.ict
58, 1001
Matthew Coggon, Kelvin Bates, Chelsea Stockwell, Carsten Warneke
NOAA ESRL Chemical Sciences Division
NOAA PTR-ToF-MS
USOS
1,1 
2024, 07, 21, 2025, 09, 19
0
Time_Start, seconds, number of seconds from 00:00 UTC 
22
1, 1, 1, 1, 1, 1, 1, 1, 1, 1, 1, 1, 1, 1, 1, 1, 1, 1, 1, 1, 1, 1
-9999, -9999, -9999, -9999, -9999, -9999, -9999, -9999, -9999, -9999, -9999, -9999, -9999, -9999, -9999, -9999, -9999, -9999, -9999, -9999, -9999, -9999
CH3OH_NOAAPTR_ppbv,  ppbv, Gas_CH3OH_InSitu_S_AVMR, (CH3OH) methanol
CH3CN_NOAAPTR_ppbv,  ppbv, Gas_CH3CN_InSitu_S_AVMR, (CH3CN) acetonitrile
CH3CHO_NOAAPTR_ppbv,  ppbv, Gas_CH3CHO_InSitu_S_AVMR, (CH3CHO) acetaldehyde plus contributions from ethylene glycol and ethylene oxide. Interference from ethanol has been subtracted out.
C2H5OH_NOAAPTR_ppbv,  ppbv, Gas_C2H5OH_InSitu_S_AVMR, (C2H5OH) ethanol
CH3SH_NOAAPTR_ppbv,  ppbv, Gas_CH3SH_InSitu_S_AVMR, (CH3SH) methanethiol, using calibration factor for DMS
Acrolein_NOAAPTR_ppbv,  ppbv, Gas_Acrolein_InSitu_S_AVMR, (C3H4O) acrolein
AcetonePropanal_NOAAPTR_ppbv,  ppbv, Gas_AcetoneAndPropanal_InSitu_S_AVMR, (C3H6O) sum of acetone (dominant isomer) and propanal, using calibration factor for acetone
DMS_NOAAPTR_ppbv,  ppbv, Gas_DMS_InSitu_S_AVMR, (C2H6S) dimethyl sulfide with possible small contributions from ethanethiol
C5H8_NOAAPTR_ppbv,  ppbv, Gas_Isoprene_InSitu_S_AVMR, (C5H8) isoprene and possible fragments from cycloalkanes and aldehydes. Interferences have been subtracted following methods described by Coggon et al (2023)
MVKMAC_NOAAPTR_ppbv,  ppbv, Gas_MVKAndMAC_InSitu_S_AVMR, (C4H6O) sum of methyl vinyl ketone, methacrolein, and small amounts of crotonaldehyde, using weighted calibration factor for MVK (0.637) and MACR (0.363)
Benzene_NOAAPTR_ppbv,  ppbv, Gas_Benzene_InSitu_S_AVMR, (C6H6) benzene
Toluene_NOAAPTR_ppbv,  ppbv, Gas_Toluene_InSitu_S_AVMR, (C7H8) toluene with possible small contributions of fragments from ethyltoluene
Styrene_NOAAPTR_ppbv,  ppbv, Gas_Styrene_InSitu_S_AVMR, (C8H8) styrene
Benzaldehyde_NOAAPTR_ppbv,  ppbv, Gas_Benzaldehyde_InSitu_S_AVMR, (C7H6O) benzaldehyde
C8Aromatics_NOAAPTR_ppbv,  ppbv, Gas_C8Aromatics_InSitu_M_AVMR, (C8H10) sum of m-xylene, p-xylene, o-xylene, and ethyl benzene
C9Aromatics_NOAAPTR_ppbv,  ppbv, Gas_C9Aromatics_InSitu_M_AVMR, (C9H12) sum of C9 aromatics
Naphthalene_NOAAPTR_ppbv,  ppbv, Gas_Naphthalene_InSitu_S_AVMR, (C10H8) naphthalene
Octanal_NOAAPTR_ppbv,  ppbv, Gas_Octanal_InSitu_S_AVMR, (C8H16O) octanal and small amounts of octanone
Monoterpenes_NOAAPTR_ppbv,  ppbv, Gas_Monoterpenes_InSitu_M_AVMR, (C10H16) sum of monoterpenes and possible contributions from fragments of oxygenated monoterpenoids such as eucalyptol.
Nonanal_NOAAPTR_ppbv,  ppbv, Gas_Nonanal_InSitu_M_AVMR, (C9H18O) nonanal and small amounts of nonanone
C7H4ClF3_NOAAPTR_ppbv,  ppbv, Gas_C7H4ClF3_InSitu_S_AVMR, (C7H4ClF3) parachlorobenzotrifluoride
C10H30O5Si5_NOAAPTR_ppbv,  ppbv, Gas_C10H30O5Si5_InSitu_S_AVMR, (C10H30O5Si5) decamethylcyclopentasiloxane
1
SPECIAL COMMENTS:N/A
21
PI_CONTACT_INFO: NOAA ESRL Chemical Sciences Division, Tropospheric Chemistry Group. 325 Broadway, R/CSD7, Boulder, CO 80305
PLATFORM: Mobile Laboratory.
LOCATION: Salt Lake City, UT
ASSOCIATED_DATA: N/A
INSTRUMENT_INFO: NOAA PTR-ToF-MS measurements on NOAA CSL Mobile Lab
DATA_INFO: Units: ppbv
UNCERTAINTY: See OTHER_COMMENTS
ULOD_FLAG: -7777
ULOD_VALUE: N/A
LLOD_FLAG: -8888
LLOD_VALUE: N/A.
DM_CONTACT_INFO: Data Managers: Matt Coggon, Kelvin Bates, Chelsea Stockwell; email: matthew.m.coggon@noaa.gov and kelvin.bates@colorado.edu
PROJECT_INFO: USOS Deployment July-August, 2024
STIPULATIONS_ON_USE: Use of these data require prior OK from PI.
OTHER_COMMENTS: Uncertainties:
CH3OH_NOAAPTR_ppbv:30%; CH3CN_NOAAPTR_ppbv:30%; CH3CHO_NOAAPTR_ppbv:30%; C2H5OH_NOAAPTR_ppbv:30%; CH3SH_NOAAPTR_ppbv:50%; Acrolein_NOAAPTR_ppbv:30%; AcetonePropanal_NOAAPTR_ppbv:30%; DMS_NOAAPTR_ppbv:30%; C5H8_NOAAPTR_ppbv:30%; MVKMAC_NOAAPTR_ppbv:30%; 
Benzene_NOAAPTR_ppbv:30%; Toluene_NOAAPTR_ppbv:30%; Styrene_NOAAPTR_ppbv:30%; Benzaldehyde_NOAAPTR_ppbv:30%; C8Aromatics_NOAAPTR_ppbv:30%; C9Aromatics_NOAAPTR_ppbv:30%; Naphthalene_NOAAPTR_ppbv:30%; Octanal_NOAAPTR_ppbv:30%; Monoterpenes_NOAAPTR_ppbv:30%; Nonanal_NOAAPTR_ppbv:30%; 
C7H4ClF3_NOAAPTR_ppbv:30%; C10H30O5Si5_NOAAPTR_ppbv:30%; 
REVISION: R0
R0: Calibrated PTR Data. See individual species comments for details about measurement uncertainties
Time_Start, CH3OH_NOAAPTR_ppbv, CH3CN_NOAAPTR_ppbv, CH3CHO_NOAAPTR_ppbv, C2H5OH_NOAAPTR_ppbv, CH3SH_NOAAPTR_ppbv, Acrolein_NOAAPTR_ppbv, AcetonePropanal_NOAAPTR_ppbv, DMS_NOAAPTR_ppbv, C5H8_NOAAPTR_ppbv, MVKMAC_NOAAPTR_ppbv, Benzene_NOAAPTR_ppbv, Toluene_NOAAPTR_ppbv, Styrene_NOAAPTR_ppbv, Benzaldehyde_NOAAPTR_ppbv, C8Aromatics_NOAAPTR_ppbv, C9Aromatics_NOAAPTR_ppbv, Naphthalene_NOAAPTR_ppbv, Octanal_NOAAPTR_ppbv, Monoterpenes_NOAAPTR_ppbv, Nonanal_NOAAPTR_ppbv, C7H4ClF3_NOAAPTR_ppbv, C10H30O5Si5_NOAAPTR_ppbv
    0.0, 8.45761, 0.24531, 1.39535, 1.94872, 0.00254, 0.23376, 4.54629, 0.03177, 0.75703, 0.58457, 0.04828, 0.16605, -0.00682, -0.04495, 0.09798, 0.03096, -0.00492, 0.02325, 0.17995, 0.04853, 0.01217, 0.00312 
   60.0, 9.55111, 0.25542, 1.50898, 3.31929, 0.00775, 0.24410, 4.74873, 0.02934, 0.90085, 0.61954, 0.15617, 0.17459, 0.00973, 0.02704, 0.10126, 0.02676, 0.00596, 0.04889, 0.33666, 0.07539, 0.00720, 0.00321 
  120.0, 8.27696, 0.25069, 1.56618, 2.21006, 0.00379, 0.25314, 4.75807, 0.02313, 0.63310, 0.62783, 0.04841, 0.22227, -0.00694, -0.02469, 0.09720, 0.04387, -0.01112, 0.04654, 0.31513, 0.07272, 0.00385, 0.00433 
  180.0, 9.51259, 0.25363, 1.47767, 3.02303, 0.00168, 0.23630, 4.70023, 0.02300, 0.99514, 0.63886, 0.02215, 0.20527, 0.00170, -0.03244, 0.11727, 0.05277, 0.00050, 0.02273, 0.29580, 0.07668, 0.00796, 0.00401 
  240.0, 8.57821, 0.25473, 1.72295, 2.70086, 0.00241, 0.26629, 5.11574, 0.02604, 0.81896, 0.67020, 0.13570, 0.21993, 0.00185, 0.03672, 0.11475, 0.05288, -0.00071, 0.02089, 0.27338, 0.07856, 0.01123, 0.00292 
  300.0, 9.84597, 0.36551, 1.99721, 2.91723, 0.00544, 0.37992, 5.46039, 0.00412, 0.78925, 0.71518, 0.08385, 0.25442, 0.00789, -0.00474, 0.14175, 0.05544, -0.00475, 0.03543, 0.29235, 0.07214, 0.01099, 0.00268 
  360.0, 10.71422, 0.40334, 2.12857, 2.68939, 0.00953, 0.44337, 5.57191, 0.03385, 0.89435, 0.78273, 0.12929, 0.23295, 0.01745, -0.00700, 0.09811, 0.05311, -0.01219, 0.02515, 0.26323, 0.06741, 0.00391, 0.00206 
  420.0, 11.44653, 0.46826, 2.30397, 2.31419, 0.00957, 0.47356, 5.53665, -0.00012, 0.88505, 0.80287, 0.15370, 0.23167, 0.01269, 0.00118, 0.11830, 0.05079, -0.00661, 0.01683, 0.30206, 0.04520, 0.00746, 0.00282 
  480.0, 11.29103, 0.48164, 2.59055, 2.88994, 0.01089, 0.58978, 5.40321, 0.02358, 0.69207, 0.94440, 0.21806, 0.33184, 0.03010, 0.04777, 0.17102, 0.07083, 0.00170, 0.05242, 0.22408, 0.15170, 0.00575, 0.00414 
  540.0, 11.63350, 0.41971, 2.29922, 2.50330, 0.00890, 0.47999, 5.24634, 0.02032, 0.94196, 0.91269, 0.11163, 0.25137, 0.01145, -0.00370, 0.12546, 0.05594, -0.00210, 0.06108, 0.39252, 0.06642, 0.00155, 0.00703 
  600.0, 10.80548, 0.45566, 2.38347, 2.72469, 0.00619, 0.52019, 5.39788, 0.00700, 0.98314, 0.90770, 0.13626, 0.28051, 0.00770, -0.01250, 0.11914, 0.06137, 0.01251, 0.02815, 0.46619, 0.04267, 0.00131, 0.00462 
  660.0, 11.84788, 0.54242, 2.47468, 2.43204, 0.01136, 0.58423, 5.25820, 0.00476, 1.11988, 0.95456, 0.19943, 0.23108, 0.02186, 0.01665, 0.10638, 0.04093, -0.01219, 0.02866, 0.23533, 0.05259, -0.00078, 0.00396 
  720.0, 13.03324, 0.54537, 2.85379, 3.15443, 0.01326, 0.66955, 5.51695, 0.00539, 1.24587, 0.99954, 0.25130, 0.30125, 0.01789, 0.00048, 0.14062, 0.06446, 0.00719, 0.03446, 0.47734, 0.14998, 0.01009, 0.00157 
  780.0, 11.45629, 0.50455, 2.67236, 2.81515, 0.00882, 0.63603, 5.33838, -0.00012, 1.19311, 0.98741, 0.33550, 0.27302, -0.00694, 0.08378, 0.10609, 0.04675, 0.01306, 0.04266, 0.33110, 0.14519, 0.00102, 0.00455 
  840.0, 11.44897, 0.53299, 2.59663, 2.84820, 0.01007, 0.60683, 5.36993, 0.01547, 1.11348, 0.98012, 0.18246, 0.27761, 0.01654, 0.00463, 0.11396, 0.04469, -0.00307, 0.04436, 0.39232, 0.07152, 0.00779, 0.00131 
  900.0, 12.18664, 0.51691, 2.66766, 2.40800, 0.01129, 0.60243, 5.38220, -0.00012, 1.00765, 1.02196, 0.41688, 0.25190, 0.03151, 0.10755, 0.09273, 0.05192, 0.01229, 0.04120, 0.25146, 0.06777, 0.00235, 0.00546 
  960.0, 12.15888, 0.55232, 2.59936, 2.39189, 0.00770, 0.56744, 5.29604, 0.01298, 1.15283, 0.99320, 0.19333, 0.24916, 0.01268, 0.01635, 0.09321, 0.03414, 0.01796, 0.02818, 0.22479, 0.04426, 0.00833, 0.00339 
 1020.0, 12.17242, 0.72549, 3.80883, 2.08774, 0.01792, 0.81745, 5.49003, -0.00012, 1.09387, 1.06582, 0.23857, 0.27362, 0.01104, 0.00499, 0.10446, 0.04234, 0.01432, 0.01784, 0.27646, 0.05113, 0.00999, 0.00176 
 1080.0, 9.67542, 0.35479, 1.90879, 1.73987, 0.00837, 0.42484, 4.49568, 0.00108, 1.59754, 1.01049, 0.13274, 0.16873, 0.01722, 0.00424, 0.08786, 0.03285, -0.00389, 0.02991, 0.37926, 0.04425, 0.00181, 0.00052 
 1140.0, 8.16706, 0.24707, 1.31447, 1.56065, 0.00252, 0.31805, 4.01447, -0.00012, 1.98514, 1.04763, 0.10764, 0.11003, -0.00694, 0.00659, 0.04982, 0.02420, 0.00139, 0.04031, 0.36425, 0.02081, 0.00307, 0.00239 
 1200.0, 8.00645, 0.22993, 1.25443, 1.53048, 0.00101, 0.27459, 4.13420, 0.00560, 2.07844, 1.06056, 0.07920, 0.14487, 0.00695, 0.00333, 0.05635, 0.02750, 0.00493, 0.04349, 0.43847, 0.03898, 0.00557, 0.00210 
 1260.0, 9.05052, 0.24833, 1.43566, 1.93780, 0.00021, 0.30491, 4.30542, -0.00012, 2.18598, 1.08339, 0.07643, 0.16610, -0.00694, 0.01577, 0.05697, 0.02479, -0.01219, 0.05422, 0.40289, 0.04350, 0.00355, 0.00162 
 1320.0, 9.99563, 0.26017, 1.46882, 1.85884, -0.00002, 0.32116, 4.44706, -0.00012, 2.13037, 1.11697, 0.10415, 0.16450, 0.00797, 0.01490, 0.06226, 0.04059, 0.01432, 0.06316, 0.40229, 0.06740, 0.00222, 0.00021 
 1380.0, 8.99408, 0.21592, 1.53666, 2.05453, 0.00368, 0.32949, 4.46371, 0.00468, 2.25859, 1.14778, 0.08107, 0.14698, 0.00474, 0.02199, 0.04580, 0.03400, 0.01223, 0.06993, 0.44750, 0.08466, 0.00641, 0.00576 
 1440.0, 9.34322, 0.24542, 1.52194, 1.61878, 0.00331, 0.31087, 4.57225, -0.00012, 2.45223, 1.11892, 0.11896, 0.15102, 0.00989, 0.03902, 0.06702, 0.03571, -0.00312, 0.06714, 0.37983, 0.05206, 0.00540, 0.00117 
 1500.0, 10.20296, 0.22714, 1.61498, 2.09198, 0.00285, 0.35378, 4.68965, -0.00012, 2.44745, 1.24900, 0.09944, 0.18051, 0.01806, 0.03766, 0.06698, 0.03847, -0.01114, 0.04322, 0.47503, 0.07559, 0.00483, 0.00072 
 1560.0, 10.88249, 0.23400, 1.75358, 2.40609, 0.00810, 0.36030, 4.88211, 0.00336, 2.42972, 1.23137, 0.12202, 0.24505, 0.00087, 0.04621, 0.11474, 0.05605, -0.00437, 0.05883, 0.50390, 0.07220, 0.00482, 0.00012 
 1620.0, 10.99776, 0.24325, 1.75081, 2.04067, 0.00152, 0.34464, 4.80916, 0.00733, 2.48453, 1.20586, 0.60932, 0.14861, 0.02268, 0.24285, 0.06646, 0.04011, 0.00617, 0.06426, 0.42376, 0.10101, 0.00441, 0.00371 
 1680.0, 10.59929, 0.22303, 1.90244, 2.55907, 0.00519, 0.38848, 4.99523, 0.02431, 2.61747, 1.26499, 0.15349, 0.26061, 0.01049, 0.05340, 0.11450, 0.04795, -0.00232, 0.08035, 0.49990, 0.12648, 0.00821, 0.00327 
 1740.0, 11.02845, 0.25366, 1.92004, 4.15453, 0.00286, 0.39684, 4.95434, 0.01975, 2.66338, 1.20991, 0.23653, 0.50398, 0.02957, 0.02394, 0.29718, 0.11401, 0.00031, 0.05678, 0.43537, 0.05215, -0.00085, 0.00172 
 1800.0, 9.40509, 0.25953, 1.72797, 2.37521, 0.00393, 0.38675, 5.04765, 0.00923, 2.60247, 1.24478, 0.20280, 0.19320, 0.00954, 0.06602, 0.07086, 0.05143, -0.01219, 0.07362, 0.45718, 0.08041, 0.00541, 0.00490 
 1860.0, 10.99389, 0.23260, 1.85345, 4.07409, 0.01017, 0.37523, 4.94349, 0.01455, 2.72577, 1.26429, 0.21739, 0.38809, -0.00694, 0.04165, 0.21421, 0.10258, 0.00320, 0.05392, 0.45635, 0.09145, 0.00178, 0.00048 
 1920.0, 9.20789, 0.21102, 1.55746, 1.73533, 0.00086, 0.36131, 4.61195, 0.01894, 2.11188, 1.30044, 0.54211, 0.10281, 0.01537, 0.21510, 0.05072, 0.03279, -0.01219, 0.03913, 0.29528, 0.06809, 0.00293, -0.00020 
 1980.0, 9.99960, 0.24401, 1.65559, 1.78342, 0.00413, 0.32293, 4.81875, 0.00686, 2.37523, 1.21931, 0.03781, 0.14554, 0.01845, 0.00535, 0.05885, 0.02791, -0.01219, 0.06201, 0.32496, 0.06499, 0.00895, 0.00157 
 2040.0, 10.31465, 0.23274, 1.66892, 2.07716, 0.00264, 0.33690, 4.66672, 0.00379, 2.28678, 1.24336, 0.07683, 0.21956, 0.01065, 0.04057, 0.10472, 0.05608, -0.00950, 0.07126, 0.36124, 0.08923, 0.00503, 0.00174 
 2100.0, 11.27578, 0.22361, 1.95850, 5.13568, 0.00617, 0.39863, 4.89112, 0.01016, 2.42886, 1.30439, 0.30527, 0.71796, 0.04152, 0.01697, 0.43891, 0.16229, 0.01234, 0.08326, 0.43219, 0.08859, 0.00703, 0.00418 
 2160.0, 7.98236, 0.24795, 1.36840, 1.65113, 0.00325, 0.29281, 4.26060, 0.01017, 1.88935, 1.22486, 0.09387, 0.13729, 0.00847, 0.01606, 0.06204, 0.03536, -0.00510, 0.05886, 0.29063, 0.04123, 0.00528, 0.00898 
 2220.0, 10.63709, 0.25614, 1.67722, 2.06163, 0.00076, 0.31575, 4.46551, 0.00938, 2.12315, 1.23512, 0.05031, 0.16080, -0.00694, 0.00260, 0.07830, 0.03213, -0.01219, 0.06739, 0.41195, 0.06481, 0.00161, 0.00510 
 2280.0, 8.62441, 0.24921, 1.39153, 1.82760, 0.00220, 0.29554, 4.27184, 0.01036, 1.97208, 1.17721, 0.01372, 0.12042, 0.01243, -0.00434, 0.03698, 0.02650, -0.00744, 0.03008, 0.34235, 0.06002, 0.00712, 0.00267 
 2340.0, 9.63331, 0.24531, 1.53186, 2.04454, 0.00238, 0.26713, 4.35358, 0.00979, 2.10097, 1.21780, 0.01598, 0.15449, -0.00694, -0.03513, 0.05015, 0.04123, -0.01219, 0.05441, 0.37630, 0.10928, 0.01095, 0.00662 
 2400.0, 8.93314, 0.24246, 1.49917, 1.84652, 0.00104, 0.33218, 4.29392, 0.00534, 2.19352, 1.19601, -0.00069, 0.15390, -0.00021, -0.01673, 0.04940, 0.03460, -0.00916, 0.03412, 0.36451, 0.06416, 0.00571, 0.00794 
 2460.0, 8.15345, 0.26770, 1.25165, 1.51723, -0.00030, 0.26755, 4.01271, 0.00780, 1.93657, 1.12827, -0.03412, 0.12478, -0.00694, -0.02508, 0.04396, 0.02531, -0.01219, 0.03994, 0.28952, 0.04656, 0.00347, 0.00346 
 2520.0, 8.63464, 0.23897, 1.35358, 1.84151, 0.00284, 0.29392, 4.05918, -0.00012, 2.20544, 1.16652, 0.05753, 0.11288, -0.00398, 0.00172, 0.05772, 0.02998, -0.00736, 0.02568, 0.41462, 0.06828, 0.01247, 0.00182 
 2580.0, 10.02521, 0.25381, 1.50903, 1.86960, 0.00492, 0.30531, 4.18215, 0.00154, 2.36095, 1.18010, 0.07845, 0.16001, -0.00694, -0.00039, 0.06762, 0.04255, -0.00090, 0.03935, 0.41831, 0.05941, 0.00625, 0.00328 
 2640.0, 10.03350, 0.25908, 1.67292, 3.32280, 0.00492, 0.34547, 4.32499, 0.01619, 2.36199, 1.24178, 0.15984, 0.31397, 0.01352, 0.00857, 0.17161, 0.07587, -0.00949, 0.04547, 0.46492, 0.10946, 0.00763, 0.00293 
 2700.0, 8.93202, 0.24891, 1.17368, 2.23182, -0.00099, 0.27166, 4.04346, 0.00961, 2.46013, 1.21825, 0.11930, 0.14799, 0.00316, 0.00258, 0.06205, 0.02955, -0.01219, 0.01552, 0.40238, 0.05296, 0.00723, 0.00227 
 2760.0, 8.66263, 0.25398, 1.22168, 1.56908, 0.00202, 0.27928, 4.02802, 0.00496, 2.51131, 1.15026, 0.12088, 0.15280, -0.00694, 0.03181, 0.06146, 0.03020, -0.01219, 0.02712, 0.36917, 0.04101, 0.00805, -0.00048 
 2820.0, 8.75625, 0.24276, 1.24321, 1.71558, 0.00368, 0.26967, 3.89266, 0.00428, 2.55395, 1.11424, 0.00257, 0.16495, 0.01876, -0.03371, 0.06926, 0.02659, -0.01179, 0.02081, 0.32449, 0.05116, 0.00567, 0.00351 
 2880.0, 10.34952, 0.25579, 1.34329, 2.11207, 0.00498, 0.27520, 4.04196, -0.00012, 2.57876, 1.17243, 0.04477, 0.16855, 0.00521, -0.00751, 0.05961, 0.03752, -0.01219, 0.02875, 0.39653, 0.04457, 0.00614, 0.00481 
 2940.0, 9.95460, 0.26474, 1.37595, 2.40238, 0.00178, 0.27620, 4.01305, -0.00012, 2.50831, 1.15688, 0.03132, 0.18376, -0.00282, -0.02718, 0.06668, 0.04072, -0.00181, 0.03398, 0.39957, 0.04777, 0.01178, 0.00264 
 3000.0, 9.59835, 0.24832, 1.46260, 1.76267, -0.00080, 0.28460, 4.02933, 0.00521, 2.44979, 1.22928, 0.01030, 0.17001, -0.00694, -0.04495, 0.05277, 0.03647, -0.00154, 0.02400, 0.38619, 0.02633, 0.00407, 0.00342 
 3060.0, 9.74391, 0.24716, 1.42345, 2.19806, 0.00241, 0.28654, 4.01733, -0.00012, 2.45981, 1.19963, 0.07969, 0.20794, 0.00890, -0.01593, 0.09125, 0.04255, -0.00890, 0.03590, 0.33900, 0.04732, 0.00289, 0.00531 
 3120.0, 10.41294, 0.24434, 1.49851, 2.64960, 0.00228, 0.28975, 4.06826, 0.01333, 2.39531, 1.18726, 0.18915, 0.26917, 0.01948, 0.00571, 0.15622, 0.07943, 0.00531, 0.02491, 0.39372, 0.04527, 0.00100, 0.00561 
 3180.0, 9.26214, 0.27837, 1.58724, 3.25948, 0.00305, 0.28557, 4.14292, 0.00416, 2.44207, 1.18407, 0.07300, 0.23093, 0.01534, -0.01964, 0.10416, 0.06870, -0.01219, 0.03113, 0.37251, 0.03664, 0.00881, 0.00467 
 3240.0, 10.37330, 0.24822, 1.59427, 2.85793, -0.00050, 0.32563, 4.28127, -0.00012, 2.43007, 1.22436, 0.05862, 0.21013, -0.00694, -0.03613, 0.09621, 0.03787, -0.01219, 0.04506, 0.40696, 0.04882, 0.00910, 0.00607 
 3300.0, 10.68322, 0.26018, 1.61053, 2.54433, 0.00023, 0.29670, 4.35852, 0.01616, 2.26323, 1.21174, 0.01964, 0.19194, -0.00694, -0.03205, 0.07957, 0.04775, -0.00728, 0.05857, 0.35508, 0.05232, 0.00723, 0.00190 
 3360.0, 11.24266, 0.24604, 1.58154, 2.41824, 0.00456, 0.34049, 4.32702, -0.00012, 2.44984, 1.18928, 0.06982, 0.19656, -0.00694, -0.03973, 0.07175, 0.04518, -0.01219, 0.02749, 0.38704, 0.06695, 0.00471, 0.00147 
 3420.0, 10.25204, 0.24085, 1.48559, 2.13817, 0.00246, 0.30065, 4.24124, -0.00012, 2.23710, 1.19100, 0.04879, 0.15257, 0.00328, 0.00704, 0.07321, 0.04069, -0.00324, 0.04956, 0.32617, 0.07465, 0.00675, 0.00196 
 3480.0, 10.74630, 0.24374, 1.47273, 2.56165, 0.00186, 0.30176, 4.31476, 0.01374, 2.32082, 1.19870, 0.05572, 0.18007, 0.00908, -0.00952, 0.08489, 0.03808, -0.00448, 0.03915, 0.35607, 0.05686, 0.00605, 0.00184 
 3540.0, 11.49145, 0.24860, 1.60978, 2.84544, 0.00542, 0.31301, 4.34594, 0.00517, 2.19377, 1.18587, 0.46933, 0.16095, 0.01443, 0.17948, 0.08759, 0.04535, 0.00110, 0.06338, 0.42089, 0.06474, 0.00400, 0.01123 
 3600.0, 9.49639, 0.22629, 1.35112, 1.75519, 0.00133, 0.29329, 4.20229, 0.00424, 2.55311, 1.19527, 0.16006, 0.17575, 0.00145, 0.03749, 0.06358, 0.03705, -0.00338, 0.03290, 0.37259, 0.03820, 0.00475, 0.00430 
 3660.0, 10.28150, 0.23128, -9999.00000, 1.77710, 0.00283, 0.29483, 4.23693, -0.00012, -9999.00000, 1.16929, 0.14548, 0.21699, -0.00694, 0.02478, 0.07839, 0.03807, 0.00012, 0.04765, 0.38576, 0.09455, 0.00365, 0.00285 
 3720.0, -9999.00000, -9999.00000, -9999.00000, -9999.00000, -9999.00000, -9999.00000, -9999.00000, -9999.00000, -9999.00000, -9999.00000, -9999.00000, -9999.00000, -9999.00000, -9999.00000, -9999.00000, -9999.00000, -9999.00000, -9999.00000, -9999.00000, -9999.00000, -9999.00000, -9999.00000 
 3780.0, -9999.00000, -9999.00000, -9999.00000, -9999.00000, -9999.00000, -9999.00000, -9999.00000, -9999.00000, -9999.00000, -9999.00000, -9999.00000, -9999.00000, -9999.00000, -9999.00000, -9999.00000, -9999.00000, -9999.00000, -9999.00000, -9999.00000, -9999.00000, -9999.00000, -9999.00000 
 3840.0, -9999.00000, -9999.00000, -9999.00000, -9999.00000, -9999.00000, -9999.00000, -9999.00000, -9999.00000, -9999.00000, -9999.00000, -9999.00000, -9999.00000, -9999.00000, -9999.00000, -9999.00000, -9999.00000, -9999.00000, -9999.00000, -9999.00000, -9999.00000, -9999.00000, -9999.00000 
 3900.0, -9999.00000, -9999.00000, -9999.00000, -9999.00000, -9999.00000, -9999.00000, -9999.00000, -9999.00000, -9999.00000, -9999.00000, -9999.00000, -9999.00000, -9999.00000, -9999.00000, -9999.00000, -9999.00000, -9999.00000, -9999.00000, -9999.00000, -9999.00000, -9999.00000, -9999.00000 
 3960.0, -9999.00000, -9999.00000, -9999.00000, -9999.00000, -9999.00000, -9999.00000, -9999.00000, -9999.00000, -9999.00000, -9999.00000, -9999.00000, -9999.00000, -9999.00000, -9999.00000, -9999.00000, -9999.00000, -9999.00000, -9999.00000, -9999.00000, -9999.00000, -9999.00000, -9999.00000 
 4020.0, -9999.00000, -9999.00000, -9999.00000, -9999.00000, -9999.00000, -9999.00000, -9999.00000, -9999.00000, -9999.00000, -9999.00000, -9999.00000, -9999.00000, -9999.00000, -9999.00000, -9999.00000, -9999.00000, -9999.00000, -9999.00000, -9999.00000, -9999.00000, -9999.00000, -9999.00000 
 4080.0, -9999.00000, -9999.00000, -9999.00000, -9999.00000, -9999.00000, -9999.00000, -9999.00000, -9999.00000, -9999.00000, -9999.00000, -9999.00000, -9999.00000, -9999.00000, -9999.00000, -9999.00000, -9999.00000, -9999.00000, -9999.00000, -9999.00000, -9999.00000, -9999.00000, -9999.00000 
 4140.0, -9999.00000, -9999.00000, -9999.00000, -9999.00000, -9999.00000, -9999.00000, -9999.00000, -9999.00000, -9999.00000, -9999.00000, -9999.00000, -9999.00000, -9999.00000, -9999.00000, -9999.00000, -9999.00000, -9999.00000, -9999.00000, -9999.00000, -9999.00000, -9999.00000, -9999.00000 
 4200.0, -9999.00000, -9999.00000, -9999.00000, -9999.00000, -9999.00000, -9999.00000, -9999.00000, -9999.00000, -9999.00000, -9999.00000, -9999.00000, -9999.00000, -9999.00000, -9999.00000, -9999.00000, -9999.00000, -9999.00000, -9999.00000, -9999.00000, -9999.00000, -9999.00000, -9999.00000 
 4260.0, -9999.00000, -9999.00000, -9999.00000, -9999.00000, -9999.00000, -9999.00000, -9999.00000, -9999.00000, -9999.00000, -9999.00000, -9999.00000, -9999.00000, -9999.00000, -9999.00000, -9999.00000, -9999.00000, -9999.00000, -9999.00000, -9999.00000, -9999.00000, -9999.00000, -9999.00000 
