CampaignData_and_Merges/R0/CSL_MobileLab_Parked/raw/20240721/USOS-jNO2_MobileLabGround_20240721_R0.ict
52,1001
Waxman, E.; Rollins, A.; Zuraski, K.; Chace, W.
NOAA Chemical Sciences Laboratory
jNO2 filter radiometer on CSL Mobile Lab
AMMBEC / USOS
1, 1
2024,07,21, 2025,04,01
60
Time_Start, seconds, number_of_seconds_since_0000_UTC
20
1, 1, 1, 1, 1, 1, 1, 1, 1, 1, 1, 1, 1, 1, 1, 1, 1, 1, 1, 1
-9999, -9999, -9999, -9999, -9999, -9999, -9999, -9999, -9999, -9999, -9999, -9999, -9999, -9999, -9999, -9999, -9999, -9999, -9999, -9999
Time_Stop, seconds, number_of_seconds_since_0000_UTC
jNO2_meas, per second, photolysis rate of NO2 measured using a filter radiometer.
jBrCl, per second, photolysis rate of BrCl -> Br + Cl calculated in TUV for cloud-free sky with local AOD
jBr2, per second, photolysis rate of Br2 -> Br + Br calculated in TUV for cloud-free sky with local AOD
jCCl4, per second, photolysis rate of CCl4 -> Products calcualted in TUV for cloud-free sky with local AOD
jCH2Oa, per second, photolysis rate of CH2O -> H + HCO calculated in TUV for cloud-free sky with local AOD
jCH2Ob, per second, photolysis rate of CH2O -> H2 + CO calculated in TUV for cloud-free sky with local AOD
jClNO2, per second, photolysis rate of ClNO2 -> Cl + NO2 calculated in TUV for cloud-free sky with local AOD
jClOa, per second, photolysis rate of ClO -> Cl + O(1D) calculated in TUV for cloud-free sky with local AOD
jClOb, per second, photolysis rate of ClO -> Cl + O(3P) calculated in TUV for cloud-free sky with local AOD
jCl2, per second, photolysis rate of Cl2 -> Cl + Cl calculated in TUV for cloud-free sky with local AOD
jHNO2, per second, photolysis rate of HNO2 -> OH + NO calculated in TUV for cloud-free sky with local AOD
jHNO3, per second, photolysis rate of HNO3 -> OH + NO2 calculated in TUV for cloud-free sky with local AOD
jI2, per second, photolysis rate of I2 -> I + I calculated in TUV for cloud-free sky with local AOD
jNO2, per second, photolysis rate of NO2 -> NO + O(3P) calculated in TUV for cloud-free sky with local AOD
jNO3a, per second, photolysis rate of NO3 -> NO + O2 calculated in TUV for cloud-free sky with local AOD
jNO3b, per second, photolysis rate of NO3 -> NO2 + O(3P) calculated in TUV for cloud-free sky with local AOD
jN2O5, per second, photolysis rate of N2O5 -> NO3 + NO + O(3P) calculated in TUV for cloud-free sky with local AOD
jO3, per second, photolysis rate of O3 -> O2 + O(1D) calculated in TUV for cloud-free sky with local AOD
AOD_500nm, unitless, UTC daily mean AOD at 500 nm from an AERONET station located at 40.178 N, -112.452 E
0
18
PI_CONTACT_INFO: eleanor.waxman@noaa.gov
PLATFORM: CSL Mobile Lab, at ground site
LOCATION: Salt Lake City, UT
ASSOCIATED_DATA:
INSTRUMENT_INFO: jNO2 filter radiometer.  TUV calculations are for mobile van lat/lon/altitude assuming clear sky (cloud AOD = 0) and daily mean AOD.
DATA_INFO:
UNCERTAINTY: Data uncertainties are +/- 20%.  These come from uncertainties in radiometer angular response, radiometer thermal response, local interferences from clouds/aerosols/shadows etc.
ULOD_FLAG: -7777
ULOD_VALUE: N/A
LLOD_FLAG: -8888
LLOD_VALUE: N/A
DM_CONTACT_INFO: eleanor.waxman@noaa.gov
PROJECT_INFO: USOS Project, July - August 2024
STIPULATIONS_ON_USE: Users are strongly encouraged to contact the PI for proper data usage.
OTHER_COMMENTS: 
REVISION: R0
R0: final data
Time_Start, Time_Stop, jNO2_meas, jBrCl, jBr2, jCCl4, jCH2Oa, jCH2Ob, jClNO2, jClOa, jClOb, jCl2, jHNO2, jHNO3, jI2, jNO2, jNO3a, jNO3b, jN2O5, jO3, AOD_500nm
[from data line 776]
   46560,   46620,0.0007778,0.001567,0.005916,2.685e-26,1.229e-06,3.174e-06,3.362e-05,1.014e-26,4.024e-07,0.0002109,0.000149,1.35e-08,0.02654,0.001008,0.006166,0.04372,2.613e-06,2.749e-07,0.163
   46620,   46680,0.00081304,0.001621,0.006121,2.739e-26,1.277e-06,3.284e-06,3.478e-05,1.034e-26,4.21e-07,0.0002181,0.000154,1.405e-08,0.02743,0.001043,0.006354,0.04514,2.705e-06,2.866e-07,0.163
   46680,   46740,0.00084496,0.001677,0.006328,2.794e-26,1.327e-06,3.396e-06,3.598e-05,1.054e-26,4.403e-07,0.0002255,0.0001591,1.461e-08,0.02831,0.001079,0.00654,0.04656,2.799e-06,2.987e-07,0.163
   46740,   46800,0.00086775,0.001729,0.006523,2.847e-26,1.374e-06,3.504e-06,3.712e-05,1.073e-26,4.591e-07,0.0002325,0.0001641,1.516e-08,0.02914,0.001113,0.006714,0.04789,2.889e-06,3.105e-07,0.163
   46800,   46860,0.00089016,0.001786,0.006731,2.903e-26,1.426e-06,3.62e-06,3.835e-05,1.094e-26,4.797e-07,0.0002401,0.0001694,1.575e-08,0.03001,0.001149,0.006897,0.04929,2.987e-06,3.234e-07,0.163
   46860,   46920,0.00091488,0.001843,0.00694,2.96e-26,1.479e-06,3.739e-06,3.961e-05,1.115e-26,5.012e-07,0.0002479,0.0001748,1.636e-08,0.03088,0.001187,0.007078,0.05068,3.086e-06,3.367e-07,0.163
   46920,   46980,0.00095143,0.001896,0.007137,3.014e-26,1.53e-06,3.853e-06,4.082e-05,1.134e-26,5.22e-07,0.0002553,0.00018,1.695e-08,0.0317,0.001222,0.007247,0.05199,3.182e-06,3.497e-07,0.163
   46980,   47040,0.00098038,0.001954,0.007347,3.071e-26,1.586e-06,3.976e-06,4.213e-05,1.155e-26,5.45e-07,0.0002633,0.0001856,1.759e-08,0.03257,0.001261,0.007426,0.05337,3.285e-06,3.639e-07,0.163
   47040,   47100,0.001007,0.002012,0.007558,3.129e-26,1.643e-06,4.101e-06,4.346e-05,1.176e-26,5.687e-07,0.0002714,0.0001913,1.825e-08,0.03343,0.0013,0.007602,0.05474,3.391e-06,3.785e-07,0.163
   47100,   47160,0.0010331,0.002067,0.007755,3.184e-26,1.697e-06,4.221e-06,4.472e-05,1.196e-26,5.918e-07,0.0002791,0.0001967,1.889e-08,0.03424,0.001337,0.007766,0.05601,3.491e-06,3.927e-07,0.163
   47160,   47220,0.0010642,0.002126,0.007966,3.243e-26,1.756e-06,4.351e-06,4.61e-05,1.218e-26,6.172e-07,0.0002874,0.0002025,1.958e-08,0.03509,0.001377,0.007939,0.05736,3.6e-06,4.083e-07,0.163
   47220,   47280,0.0011013,0.002185,0.008176,3.303e-26,1.817e-06,4.484e-06,4.75e-05,1.239e-26,6.434e-07,0.0002959,0.0002084,2.029e-08,0.03594,0.001417,0.00811,0.0587,3.711e-06,4.244e-07,0.163
   47280,   47340,0.0011367,0.002241,0.008374,3.359e-26,1.875e-06,4.611e-06,4.883e-05,1.26e-26,6.689e-07,0.0003039,0.0002141,2.097e-08,0.03673,0.001455,0.008269,0.05995,3.818e-06,4.401e-07,0.163
   47340,   47400,0.001165,0.0023,0.008584,3.42e-26,1.938e-06,4.747e-06,5.027e-05,1.282e-26,6.969e-07,0.0003125,0.0002202,2.172e-08,0.03757,0.001497,0.008436,0.06127,3.932e-06,4.572e-07,0.163
   47400,   47460,0.0011798,0.00236,0.008794,3.481e-26,2.003e-06,4.886e-06,5.173e-05,1.304e-26,7.259e-07,0.0003213,0.0002263,2.248e-08,0.0384,0.001538,0.008601,0.06258,4.049e-06,4.748e-07,0.163
   47460,   47520,0.0012152,0.002416,0.00899,3.539e-26,2.064e-06,5.019e-06,5.312e-05,1.325e-26,7.539e-07,0.0003296,0.0002322,2.322e-08,0.03917,0.001578,0.008755,0.06379,4.159e-06,4.919e-07,0.163
   47520,   47580,0.0012748,0.002477,0.009199,3.601e-26,2.132e-06,5.162e-06,5.463e-05,1.347e-26,7.847e-07,0.0003385,0.0002385,2.402e-08,0.03999,0.00162,0.008916,0.06507,4.279e-06,5.106e-07,0.163
   47580,   47640,0.0013063,0.002537,0.009407,3.664e-26,2.2e-06,5.308e-06,5.615e-05,1.37e-26,8.165e-07,0.0003476,0.0002448,2.483e-08,0.0408,0.001663,0.009076,0.06634,4.401e-06,5.299e-07,0.163
   47640,   47700,0.0013416,0.002593,0.009603,3.723e-26,2.266e-06,5.447e-06,5.761e-05,1.392e-26,8.473e-07,0.0003562,0.0002509,2.562e-08,0.04155,0.001704,0.009224,0.06752,4.517e-06,5.486e-07,0.163
   47700,   47760,0.0013719,0.002654,0.009809,3.788e-26,2.337e-06,5.597e-06,5.917e-05,1.415e-26,8.811e-07,0.0003654,0.0002573,2.648e-08,0.04235,0.001747,0.00938,0.06877,4.643e-06,5.691e-07,0.163
   47760,   47820,0.001405,0.002714,0.01001,3.853e-26,2.409e-06,5.749e-06,6.075e-05,1.438e-26,9.159e-07,0.0003747,0.0002639,2.735e-08,0.04313,0.001791,0.009533,0.07,4.769e-06,5.901e-07,0.163
   47820,   47880,0.0014418,0.002771,0.01021,3.915e-26,2.478e-06,5.894e-06,6.226e-05,1.46e-26,9.496e-07,0.0003835,0.0002701,2.819e-08,0.04387,0.001832,0.009676,0.07114,4.89e-06,6.104e-07,0.163
   47880,   47940,0.0014759,0.002831,0.01041,3.981e-26,2.553e-06,6.05e-06,6.388e-05,1.484e-26,9.865e-07,0.0003929,0.0002767,2.91e-08,0.04465,0.001876,0.009826,0.07235,5.02e-06,6.327e-07,0.163
   47940,   48000,0.00151,0.002892,0.01062,4.048e-26,2.629e-06,6.208e-06,6.552e-05,1.508e-26,1.024e-06,0.0004025,0.0002834,3.002e-08,0.04541,0.001921,0.00997,0.07353,5.152e-06,6.553e-07,0.163
   48000,   48060,0.0015459,0.002946,0.0108,4.111e-26,2.699e-06,6.351e-06,6.7e-05,1.531e-26,1.06e-06,0.0004111,0.0002895,3.088e-08,0.0461,0.001961,0.01011,0.07461,5.271e-06,6.768e-07,0.163
   48060,   48120,0.0015826,0.003005,0.01099,4.174e-26,2.777e-06,6.511e-06,6.865e-05,1.554e-26,1.1e-06,0.0004206,0.0002962,3.184e-08,0.04684,0.002005,0.01025,0.07575,5.404e-06,7.008e-07,0.163
   48120,   48180,0.0016211,0.003065,0.01119,4.243e-26,2.857e-06,6.674e-06,7.033e-05,1.578e-26,1.141e-06,0.0004303,0.000303,3.283e-08,0.04758,0.00205,0.01039,0.0769,5.54e-06,7.255e-07,0.163
   48180,   48240,0.001656,0.003122,0.01138,4.309e-26,2.934e-06,6.83e-06,7.194e-05,1.602e-26,1.181e-06,0.0004395,0.0003095,3.377e-08,0.04827,0.002093,0.01052,0.07797,5.669e-06,7.494e-07,0.163
   48240,   48300,0.0016946,0.003182,0.01158,4.383e-26,3.016e-06,6.997e-06,7.366e-05,1.631e-26,1.225e-06,0.0004494,0.0003164,3.48e-08,0.049,0.002138,0.01066,0.0791,5.808e-06,7.76e-07,0.163
   48300,   48360,0.0017336,0.003241,0.01177,4.459e-26,3.1e-06,7.166e-06,7.539e-05,1.656e-26,1.269e-06,0.0004593,0.0003233,3.584e-08,0.04972,0.002184,0.01079,0.08021,5.949e-06,8.025e-07,0.163
   48360,   48420,0.0017688,0.003298,0.01196,4.529e-26,3.181e-06,7.327e-06,7.704e-05,1.682e-26,1.313e-06,0.0004687,0.0003299,3.686e-08,0.05039,0.002227,0.01092,0.08126,6.082e-06,8.293e-07,0.163
   48420,   48480,0.00181,0.00336,0.01216,4.594e-26,3.274e-06,7.511e-06,7.892e-05,1.706e-26,1.363e-06,0.0004792,0.0003373,3.801e-08,0.05113,0.002275,0.01106,0.0824,6.235e-06,8.59e-07,0.163
   48480,   48540,0.0018517,0.003421,0.01236,4.671e-26,3.362e-06,7.687e-06,8.073e-05,1.731e-26,1.412e-06,0.0004895,0.0003445,3.913e-08,0.05185,0.002322,0.0112,0.0835,6.381e-06,8.884e-07,0.163
   48540,   48600,0.0018875,0.003477,0.01254,4.742e-26,3.446e-06,7.853e-06,8.242e-05,1.756e-26,1.459e-06,0.000499,0.0003512,4.018e-08,0.0525,0.002365,0.01132,0.08451,6.519e-06,9.163e-07,0.163
   48600,   48660,0.001926,0.003536,0.01273,4.817e-26,3.536e-06,8.032e-06,8.423e-05,1.783e-26,1.511e-06,0.0005092,0.0003583,4.134e-08,0.05319,0.002411,0.01145,0.08556,6.667e-06,9.473e-07,0.163
   48660,   48720,0.001956,0.003595,0.01292,4.894e-26,3.629e-06,8.212e-06,8.606e-05,1.811e-26,1.564e-06,0.0005195,0.0003654,4.251e-08,0.05387,0.002458,0.01157,0.0866,6.816e-06,9.79e-07,0.163
   48720,   48780,0.001983,0.00365,0.01309,4.967e-26,3.716e-06,8.382e-06,8.779e-05,1.837e-26,1.614e-06,0.0005291,0.0003722,4.362e-08,0.0545,0.002501,0.01169,0.08757,6.957e-06,1.009e-06,0.163
   48780,   48840,0.002034,0.003709,0.01328,5.045e-26,3.81e-06,8.564e-06,8.964e-05,1.864e-26,1.669e-06,0.0005394,0.0003794,4.483e-08,0.05516,0.002547,0.01181,0.08859,7.108e-06,1.042e-06,0.163
   48840,   48900,0.0020839,0.003767,0.01346,5.124e-26,3.906e-06,8.749e-06,9.151e-05,1.893e-26,1.726e-06,0.0005498,0.0003866,4.606e-08,0.05581,0.002594,0.01194,0.08959,7.261e-06,1.076e-06,0.163
   48900,   48960,0.0021215,0.003822,0.01364,5.2e-26,3.996e-06,8.924e-06,9.327e-05,1.92e-26,1.781e-06,0.0005595,0.0003934,4.723e-08,0.05643,0.002637,0.01205,0.09053,7.405e-06,1.109e-06,0.163
   48960,   49020,0.0021666,0.00388,0.01382,5.281e-26,4.094e-06,9.111e-06,9.516e-05,1.949e-26,1.84e-06,0.00057,0.0004006,4.851e-08,0.05707,0.002684,0.01217,0.09151,7.56e-06,1.145e-06,0.163
   49020,   49080,0.0022046,0.003937,0.014,5.364e-26,4.193e-06,9.299e-06,9.706e-05,1.978e-26,1.901e-06,0.0005804,0.0004079,4.979e-08,0.0577,0.00273,0.01228,0.09248,7.715e-06,1.181e-06,0.163
   49080,   49140,0.0022415,0.003991,0.01417,5.443e-26,4.287e-06,9.477e-06,9.885e-05,2.006e-26,1.959e-06,0.0005902,0.0004147,5.102e-08,0.05829,0.002774,0.01239,0.09338,7.863e-06,1.216e-06,0.163
   49140,   49200,0.0022812,0.004048,0.01435,5.528e-26,4.388e-06,9.668e-06,0.0001008,2.036e-26,2.023e-06,0.0006007,0.000422,5.235e-08,0.05891,0.00282,0.01251,0.09433,8.021e-06,1.254e-06,0.163
   49200,   49260,0.002327,0.004105,0.01452,5.614e-26,4.49e-06,9.86e-06,0.0001027,2.066e-26,2.088e-06,0.0006112,0.0004293,5.369e-08,0.05953,0.002866,0.01262,0.09526,8.18e-06,1.293e-06,0.163
   49260,   49320,0.0023642,0.004158,0.01469,5.695e-26,4.588e-06,1.004e-05,0.0001045,2.095e-26,2.151e-06,0.0006211,0.0004361,5.498e-08,0.0601,0.00291,0.01272,0.09614,8.33e-06,1.331e-06,0.163
   49320,   49380,0.0023961,0.004215,0.01486,5.784e-26,4.692e-06,1.024e-05,0.0001065,2.126e-26,2.219e-06,0.0006317,0.0004434,5.636e-08,0.0607,0.002956,0.01283,0.09705,8.491e-06,1.372e-06,0.163
   49380,   49440,0.0024422,0.004271,0.01503,5.873e-26,4.798e-06,1.043e-05,0.0001084,2.158e-26,2.288e-06,0.0006423,0.0004507,5.777e-08,0.06129,0.003002,0.01294,0.09795,8.653e-06,1.413e-06,0.163
   49440,   49500,0.0024891,0.004323,0.01519,5.958e-26,4.898e-06,1.062e-05,0.0001103,2.188e-26,2.355e-06,0.0006522,0.0004576,5.911e-08,0.06184,0.003046,0.01304,0.09879,8.806e-06,1.453e-06,0.163
   49500,   49560,0.0025281,0.004378,0.01536,6.049e-26,5.006e-06,1.081e-05,0.0001122,2.22e-26,2.428e-06,0.0006628,0.0004648,6.055e-08,0.06242,0.003092,0.01314,0.09967,8.969e-06,1.497e-06,0.163
   49560,   49620,0.0025768,0.004433,0.01553,6.142e-26,5.114e-06,1.101e-05,0.0001142,2.253e-26,2.501e-06,0.0006734,0.0004721,6.201e-08,0.06299,0.003138,0.01325,0.1005,9.132e-06,1.541e-06,0.163
   49620,   49680,0.0026114,0.004485,0.01568,6.231e-26,5.217e-06,1.12e-05,0.0001161,2.285e-26,2.572e-06,0.0006834,0.000479,6.341e-08,0.06353,0.003181,0.01334,0.1014,9.288e-06,1.584e-06,0.163
   49680,   49740,0.0026536,0.004539,0.01585,6.327e-26,5.328e-06,1.14e-05,0.0001181,2.318e-26,2.65e-06,0.000694,0.0004863,6.491e-08,0.06409,0.003227,0.01345,0.1022,9.454e-06,1.63e-06,0.163
   49740,   49800,0.0026905,0.004594,0.01601,6.423e-26,5.439e-06,1.16e-05,0.0001201,2.353e-26,2.728e-06,0.0007046,0.0004936,6.643e-08,0.06464,0.003272,0.01355,0.103,9.62e-06,1.677e-06,0.163
   49800,   49860,0.0027375,0.004644,0.01617,6.516e-26,5.545e-06,1.179e-05,0.0001219,2.385e-26,2.803e-06,0.0007145,0.0005004,6.787e-08,0.06516,0.003315,0.01364,0.1038,9.777e-06,1.723e-06,0.163
   49860,   49920,0.0027903,0.004698,0.01633,6.616e-26,5.658e-06,1.199e-05,0.0001239,2.42e-26,2.885e-06,0.0007252,0.0005077,6.942e-08,0.0657,0.003361,0.01374,0.1046,9.945e-06,1.772e-06,0.163
   49920,   49980,0.0028263,0.004751,0.01649,6.717e-26,5.772e-06,1.219e-05,0.0001259,2.456e-26,2.968e-06,0.0007358,0.000515,7.1e-08,0.06624,0.003406,0.01383,0.1055,1.011e-05,1.822e-06,0.163
   49980,   50040,0.0028599,0.004801,0.01663,6.814e-26,5.882e-06,1.239e-05,0.0001279,2.49e-26,3.049e-06,0.0007458,0.0005218,7.252e-08,0.06674,0.003448,0.01392,0.1062,1.027e-05,1.871e-06,0.163
   50040,   50100,0.0029017,0.004854,0.01679,6.918e-26,5.992e-06,1.259e-05,0.0001298,2.527e-26,3.133e-06,0.0007564,0.000529,7.407e-08,0.06726,0.003493,0.01402,0.107,1.044e-05,1.922e-06,0.163
   50100,   50160,0.0029408,0.004903,0.01694,7.024e-26,6.111e-06,1.278e-05,0.0001316,2.564e-26,3.222e-06,0.0007656,0.000535,7.571e-08,0.06778,0.003533,0.01411,0.1078,1.059e-05,1.975e-06,0.163
   50160,   50220,0.0029874,0.004951,0.01708,7.125e-26,6.222e-06,1.299e-05,0.0001337,2.599e-26,3.305e-06,0.0007764,0.0005426,7.727e-08,0.06826,0.003577,0.01419,0.1085,1.077e-05,2.026e-06,0.163
   50220,   50280,0.0030323,0.005005,0.01724,7.234e-26,6.342e-06,1.319e-05,0.0001358,2.637e-26,3.396e-06,0.0007873,0.0005501,7.894e-08,0.06877,0.003624,0.01428,0.1093,1.094e-05,2.081e-06,0.163
   50280,   50340,0.0030766,0.005057,0.01739,7.345e-26,6.463e-06,1.34e-05,0.0001379,2.676e-26,3.491e-06,0.0007981,0.0005573,8.068e-08,0.06927,0.003669,0.01437,0.11,1.112e-05,2.139e-06,0.163
   50340,   50400,0.0031247,0.005106,0.01753,7.45e-26,6.571e-06,1.36e-05,0.0001398,2.713e-26,3.578e-06,0.0008081,0.0005642,8.222e-08,0.06973,0.003711,0.01445,0.1107,1.128e-05,2.191e-06,0.163
   50400,   50460,0.0031668,0.005157,0.01768,7.564e-26,6.694e-06,1.381e-05,0.0001418,2.753e-26,3.673e-06,0.0008187,0.0005715,8.394e-08,0.07022,0.003756,0.01454,0.1115,1.145e-05,2.249e-06,0.163
   50460,   50520,0.0032087,0.005207,0.01783,7.68e-26,6.815e-06,1.401e-05,0.0001439,2.794e-26,3.77e-06,0.0008292,0.0005784,8.567e-08,0.0707,0.003799,0.01463,0.1122,1.162e-05,2.308e-06,0.163
   50520,   50580,0.0032615,0.005253,0.01797,7.79e-26,6.93e-06,1.421e-05,0.0001458,2.833e-26,3.863e-06,0.0008391,0.0005851,8.731e-08,0.07116,0.003841,0.01471,0.1129,1.179e-05,2.365e-06,0.163
   50580,   50640,0.0033084,0.005303,0.01811,7.91e-26,7.053e-06,1.442e-05,0.0001478,2.875e-26,3.964e-06,0.0008496,0.0005922,8.908e-08,0.07162,0.003884,0.0148,0.1136,1.196e-05,2.426e-06,0.163
   50640,   50700,0.0033501,0.005352,0.01825,8.031e-26,7.176e-06,1.463e-05,0.0001499,2.917e-26,4.066e-06,0.0008601,0.0005993,9.086e-08,0.07209,0.003928,0.01487,0.1143,1.213e-05,2.488e-06,0.163
   50700,   50760,0.0033917,0.005399,0.01839,8.147e-26,7.293e-06,1.482e-05,0.0001518,2.958e-26,4.163e-06,0.00087,0.000606,9.255e-08,0.07253,0.003968,0.01495,0.115,1.23e-05,2.548e-06,0.163
   50760,   50820,0.0034382,0.005447,0.01853,8.272e-26,7.417e-06,1.503e-05,0.0001538,3.002e-26,4.268e-06,0.0008804,0.000613,9.436e-08,0.07299,0.004012,0.01503,0.1156,1.247e-05,2.612e-06,0.163
   50820,   50880,0.003478,0.005495,0.01867,8.399e-26,7.542e-06,1.524e-05,0.0001559,3.046e-26,4.375e-06,0.0008908,0.00062,9.619e-08,0.07344,0.004054,0.01511,0.1163,1.265e-05,2.677e-06,0.163
   50880,   50940,0.0035154,0.00554,0.01879,8.522e-26,7.661e-06,1.544e-05,0.0001578,3.089e-26,4.477e-06,0.0009006,0.0006266,9.792e-08,0.07386,0.004095,0.01518,0.117,1.281e-05,2.74e-06,0.163
   50940,   51000,0.003553,0.005588,0.01893,8.654e-26,7.787e-06,1.565e-05,0.0001599,3.135e-26,4.587e-06,0.000911,0.0006335,9.978e-08,0.0743,0.004137,0.01526,0.1176,1.299e-05,2.807e-06,0.163
   51000,   51060,0.0035863,0.005635,0.01907,8.787e-26,7.914e-06,1.586e-05,0.0001619,3.181e-26,4.698e-06,0.0009214,0.0006405,1.017e-07,0.07474,0.004179,0.01534,0.1183,1.316e-05,2.875e-06,0.163
   51060,   51120,0.0036273,0.00568,0.01919,8.916e-26,8.034e-06,1.606e-05,0.0001638,3.226e-26,4.805e-06,0.0009311,0.000647,1.034e-07,0.07515,0.004219,0.01541,0.1189,1.333e-05,2.941e-06,0.163
   51120,   51180,0.003667,0.005726,0.01933,9.054e-26,8.162e-06,1.627e-05,0.0001659,3.274e-26,4.92e-06,0.0009415,0.0006539,1.053e-07,0.07557,0.004261,0.01548,0.1195,1.35e-05,3.011e-06,0.163
   51180,   51240,0.0037017,0.005772,0.01946,9.194e-26,8.29e-06,1.648e-05,0.0001679,3.323e-26,5.036e-06,0.0009517,0.0006607,1.073e-07,0.076,0.004303,0.01555,0.1202,1.368e-05,3.083e-06,0.163
   51240,   51300,0.0037325,0.005816,0.01958,9.329e-26,8.411e-06,1.667e-05,0.0001699,3.37e-26,5.146e-06,0.0009614,0.0006672,1.091e-07,0.07639,0.004342,0.01562,0.1207,1.385e-05,3.151e-06,0.163
   51300,   51360,0.003774,0.005861,0.01971,9.474e-26,8.54e-06,1.689e-05,0.0001719,3.421e-26,5.266e-06,0.0009716,0.000674,1.11e-07,0.0768,0.004383,0.0157,0.1214,1.402e-05,3.224e-06,0.163
   51360,   51420,0.0038153,0.005907,0.01984,9.623e-26,8.67e-06,1.71e-05,0.0001739,3.473e-26,5.387e-06,0.0009818,0.0006808,1.13e-07,0.07721,0.004424,0.01577,0.122,1.42e-05,3.299e-06,0.163
   51420,   51480,0.0038603,0.005949,0.01996,9.764e-26,8.793e-06,1.729e-05,0.0001759,3.522e-26,5.502e-06,0.0009914,0.0006871,1.148e-07,0.07759,0.004463,0.01583,0.1225,1.437e-05,3.37e-06,0.163
