CampaignData_and_Merges/R0/CSL_MobileLab_Parked/raw/20240721/USOS-POPS_MobileLabGround_20240721_R0.ict
78, 1001
Thornberry, T. D.
NOAA Chemical Sciences Laboratory
Portable Optical Particle Spectrometer (POPS)
USOS
1, 1
2024, 07, 21, 2025, 05, 08
60
Time_Start, seconds_past_midnight, Start time of measurement
45
1, 1, 1, 1, 1, 1, 1, 1, 1, 1, 1, 1, 1, 1, 1, 1, 1, 1, 1, 1, 1, 1, 1, 1, 1, 1, 1, 1, 1, 1, 1, 1, 1, 1, 1, 1, 1, 1, 1, 1, 1, 1, 1, 1, 1
-9999, -9999, -9999, -9999, -9999, -9999, -9999, -9999, -9999, -9999, -9999, -9999, -9999, -9999, -9999, -9999, -9999, -9999, -9999, -9999, -9999, -9999, -9999, -9999, -9999, -9999, -9999, -9999, -9999, -9999, -9999, -9999, -9999, -9999, -9999, -9999, -9999, -9999, -9999, -9999, -9999, -9999, -9999, -9999, -9999
Time_Stop, seconds_past_midnight, Stop time of measurement
Time_Mid, seconds_past_midnight, Mid time of measurement
Press_mb, mb, Pressure reported (mb)
Temp_C, degrees C, POPS temperature measurement
Aerosol_concentration, cm^-3, Aerosol concentration
Surface_Area_Conc, um^2 cm^-3, Surface area concentration
Volume_density, um^3 cm^-3, Volume density
Effective_radius, um, Effective radius
Extinction, km^-1, Extinction
Bin01, cm^-3, particle concentration in size range [1401 - 146.3 nm]
Bin02, cm^-3, particle concentration in size range [146.3 - 152.8 nm]
Bin03, cm^-3, particle concentration in size range [152.8 - 159.6 nm]
Bin04, cm^-3, particle concentration in size range [159.6 - 166.8 nm]
Bin05, cm^-3, particle concentration in size range [166.8 - 174.2 nm]
Bin06, cm^-3, particle concentration in size range [174.2 - 181.9 nm]
Bin07, cm^-3, particle concentration in size range [181.9 - 190.0 nm]
Bin08, cm^-3, particle concentration in size range [190.0 - 198.5 nm]
Bin09, cm^-3, particle concentration in size range [198.5 - 207.4 nm]
Bin10, cm^-3, particle concentration in size range [207.4 - 216.6 nm]
Bin11, cm^-3, particle concentration in size range [216.6 - 226.2 nm]
Bin12, cm^-3, particle concentration in size range [226.2 - 236.3 nm]
Bin13, cm^-3, particle concentration in size range [236.3 - 246.8 nm]
Bin14, cm^-3, particle concentration in size range [246.8 - 257.8 nm]
Bin15, cm^-3, particle concentration in size range [257.8 - 269.3 nm]
Bin16, cm^-3, particle concentration in size range [269.3 - 343.4 nm]
Bin17, cm^-3, particle concentration in size range [343.4 - 450.7 nm]
Bin18, cm^-3, particle concentration in size range [450.7 - 525.9 nm]
Bin19, cm^-3, particle concentration in size range [525.9 - 618.5 nm]
Bin20, cm^-3, particle concentration in size range [618.5 - 710.0 nm]
Bin21, cm^-3, particle concentration in size range [710.0 - 822.7 nm]
Bin22, cm^-3, particle concentration in size range [822.7 - 885.9 nm]
Bin23, cm^-3, particle concentration in size range [885.9 - 953.9 nm]
Bin24, cm^-3, particle concentration in size range [953.9 - 1027.2 nm]
Bin25, cm^-3, particle concentration in size range [1027.2 - 1106.1 nm]
Bin26, cm^-3, particle concentration in size range [1106.1 - 1191.0 nm]
Bin27, cm^-3, particle concentration in size range [1191.0 - 1282.5 nm]
Bin28, cm^-3, particle concentration in size range [1282.5 - 1381.0 nm]
Bin29, cm^-3, particle concentration in size range [1381.0 - 1487.1 nm]
Bin30, cm^-3, particle concentration in size range [1487.1 - 1601.3 nm]
Bin31, cm^-3, particle concentration in size range [1601.3 - 1724.3 nm]
[...]
PLATFORM: NOAA CSL Mobile Lab
LOCATION: USOS
ASSOCIATED_DATA: N/A
INSTRUMENT_INFO: Printed Optical Particle Spectrometer counts particles from 140 - 2500 nm in diameter 
DATA_INFO: Particle concentrations reported in number per cubic centimeter,1 Hz data
UNCERTAINTY: Counting uncertainty dominated by air flow, less than 5 percent. Measurement range is ~0 - 3000 per cm3 (varies depending on flow rate- manufacturer quotes 1250 per cm3 at 1.667 cc/s)
ULOD_FLAG: -7777
ULOD_VALUE: N/A
LLOD_FLAG: -8888
LLOD_VALUE: N/A
DM_CONTACT_INFO: Troy Thornberry, 325 Broadway R/CSL6, Boulder, CO 80305; troy.thornberry@noaa.gov; 303-497-3373
PROJECT_INFO: USOS, Utah POPS data from NOAA CSL Mobile Lab
STIPULATIONS_ON_USE: Please contact the PIs for questions regarding applications and uncertainties
OTHER_COMMENTS: POPS bin Edges (nm):  140.1, 146.3, 152.8, 159.6, 166.8, 174.2, 181.9, 190.0, 198.5, 207.4, 216.6, 226.2, 236.3, 246.8, 257.8, 269.3, 343.4, 450.7, 525.9, 618.5, 710.0, 822.7, 885.9, 953.9, 1027.2, 1106.1, 1191.0, 1282.5, 1381.0, 1487.1, 1601.3, 1724.3, 1856.7, 1999.3, 2152.8, 2318.2, 2496.2
Calculations assume organic aerosol refractive index of 1.52+0.00j and extinction wavelength = 532 nm
REVISION: R0
R0: Final data
Time_Start, Time_Stop, Time_Mid, Press_mb, Temp_C, Aerosol_concentration, Surface_Area_Conc, Volume_density, Effective_radius, Extinction, Bin01, Bin02, Bin03, Bin04, Bin05, Bin06, Bin07, Bin08, Bin09, Bin10, Bin11, Bin12, Bin13, Bin14, Bin15, Bin16, Bin17, Bin18, Bin19, Bin20, Bin21, Bin22, Bin23, Bin24, Bin25, Bin26, Bin27, Bin28, Bin29, Bin30, Bin31, Bin32, Bin33, Bin34, Bin35, Bin36
[from data line 395]
23700,23759,23730,874.192,33.446,440.936,84.673,4.543,0.160,0.028,23.929001,22.885485,22.889612,22.645384,22.927755,21.774948,22.369093,21.977478,21.377640,21.270977,20.835337,23.012108,22.666983,21.414698,19.471189,78.285751,23.378689,5.288265,1.619524,0.321505,0.224157,0.100060,0.053104,0.046997,0.041237,0.011876,0.011605,0.017725,0.000000,0.005623,0.017702,0.023321,0.017757,0.005988,0.005733,0.011855
23760,23819,23790,874.205,33.386,436.373,84.394,4.654,0.164,0.028,22.916401,22.352211,22.516512,22.186897,22.861052,22.020149,21.724447,21.898111,21.371181,21.572126,21.277330,22.635569,21.671860,21.489622,19.146145,76.883865,24.216190,5.266124,1.547778,0.235162,0.207791,0.106230,0.039607,0.028109,0.005885,0.022568,0.022756,0.017024,0.027811,0.016857,0.000000,0.022472,0.022558,0.010936,0.017160,0.016848
23820,23879,23850,874.205,33.474,438.236,84.733,4.558,0.161,0.028,23.199171,22.478798,22.586771,22.522829,23.055189,21.843441,21.983425,22.037598,21.201441,20.691769,20.997873,22.842989,21.924280,21.437071,19.392237,77.754448,24.469378,5.304654,1.676900,0.233303,0.221709,0.094172,0.032637,0.055127,0.016489,0.038505,0.016742,0.022546,0.016723,0.032385,0.000000,0.016539,0.005612,0.011148,0.011186,0.010948
23880,23939,23910,874.203,33.558,436.889,84.136,4.472,0.159,0.028,23.039867,22.238775,22.352467,22.338909,23.189907,22.442089,21.858574,21.966955,21.511671,20.927473,20.672426,22.037884,22.517269,22.191444,19.359379,76.650398,23.602131,5.214627,1.893869,0.343322,0.183652,0.088607,0.039031,0.045175,0.038765,0.022317,0.000000,0.022369,0.016686,0.011300,0.027594,0.016538,0.005612,0.005325,0.016457,0.000000
23940,23999,23970,874.217,33.698,429.466,82.801,4.425,0.160,0.028,22.753159,22.308365,21.512283,21.835472,22.464825,22.440983,20.923887,21.886463,20.443739,20.341724,20.807571,21.887062,22.203690,21.466497,19.410868,75.104126,24.117035,5.356173,1.439103,0.209760,0.185540,0.120116,0.034574,0.039714,0.022957,0.017206,0.011672,0.023366,0.011345,0.017343,0.011408,0.011161,0.017435,0.005634,0.011932,0.011484
24000,24059,24030,874.221,33.681,430.284,83.275,4.650,0.167,0.028,22.996576,22.073645,21.955032,21.888029,21.941481,22.409136,21.996401,21.711163,21.597492,21.029016,20.923912,22.331894,21.888189,21.500828,18.618189,74.308823,23.624933,5.093817,1.494457,0.217189,0.218143,0.099912,0.066430,0.055271,0.038741,0.033709,0.011132,0.022394,0.005464,0.022213,0.022208,0.005556,0.022093,0.011160,0.022119,0.027728
24060,24119,24090,874.220,33.588,427.816,82.658,4.433,0.160,0.028,22.934278,21.549316,21.636608,22.005983,22.339733,22.458025,21.393007,21.265278,21.061684,20.849545,20.442482,21.178875,21.698900,21.635315,19.094900,74.662514,23.737328,5.451750,1.597661,0.287609,0.178191,0.073699,0.062422,0.045025,0.022657,0.011473,0.016712,0.022615,0.005381,0.011574,0.022249,0.005765,0.028638,0.011632,0.005726,0.011242
24120,24179,24150,874.189,33.518,425.173,82.958,4.545,0.164,0.028,22.149618,22.325527,21.164894,21.933140,21.824074,21.753574,21.251963,21.259857,20.414621,20.374432,20.065500,21.151234,21.730345,21.407970,18.395344,76.108086,23.816494,5.397205,1.731774,0.258026,0.206378,0.131386,0.057124,0.052062,0.069114,0.023055,0.017360,0.011630,0.011401,0.011459,0.011349,0.011650,0.000000,0.000000,0.017016,0.028780
24180,24239,24210,874.193,33.490,423.157,80.958,4.211,0.156,0.027,22.590931,22.123077,22.330469,21.560387,21.830256,21.824104,21.115288,21.658808,20.884129,20.138992,20.139315,21.615345,21.148346,21.170908,18.162523,73.848145,23.748434,4.947999,1.538568,0.247593,0.202641,0.061315,0.061539,0.027940,0.044980,0.028138,0.005398,0.017205,0.022368,0.023144,0.011356,0.016749,0.011046,0.000000,0.000000,0.000000
24240,24299,24270,874.204,33.435,421.952,81.521,4.341,0.159,0.027,22.302336,21.865295,21.339096,21.958254,21.992092,21.437441,21.392811,21.423491,20.513165,20.345592,19.956387,20.898134,21.380184,21.381016,18.311106,74.570374,23.032997,5.468524,1.559352,0.261654,0.144370,0.071753,0.089152,0.050252,0.045284,0.022267,0.027685,0.000000,0.022211,0.028153,0.017263,0.005464,0.016403,0.011378,0.005688,0.005429
24300,24359,24330,874.179,33.484,420.357,80.997,4.192,0.155,0.027,23.076481,21.456497,21.006662,22.223541,21.523125,21.575785,21.093916,20.955433,19.916546,19.989508,20.843456,22.198036,20.538040,20.585123,18.211290,73.659798,23.660246,5.460752,1.579592,0.220226,0.210647,0.073459,0.079387,0.028386,0.044969,0.028197,0.028460,0.027709,0.017001,0.022459,0.005726,0.000000,0.011190,0.000000,0.000000,0.005688
24360,24419,24390,874.161,33.534,420.938,81.613,4.420,0.161,0.028,21.868765,21.862785,21.620127,21.213173,21.773430,21.777439,21.591715,20.934834,20.469271,20.716532,20.795441,20.989914,21.835802,20.686981,18.012604,73.623688,23.138258,5.369242,1.757183,0.263135,0.215253,0.134337,0.053330,0.052095,0.005790,0.035072,0.023518,0.011837,0.005771,0.018066,0.029770,0.011639,0.017924,0.006177,0.000000,0.017432
24420,24479,24450,874.182,33.592,420.239,82.101,4.671,0.169,0.028,22.225376,21.878468,21.622559,21.815952,21.986483,21.194809,20.237473,20.252600,20.696564,20.516521,20.527727,21.787344,21.231867,20.780951,18.982868,73.552773,23.411434,4.989514,1.621186,0.223696,0.250875,0.105917,0.034777,0.017435,0.040964,0.058560,0.023609,0.012099,0.017512,0.011735,0.041455,0.005790,0.011623,0.011794,0.023480,0.034960
24480,24539,24510,874.162,33.611,413.354,79.962,4.285,0.160,0.027,22.578947,21.034159,20.498077,21.157770,21.340130,21.785433,20.602890,21.088409,19.750769,20.563980,19.572052,20.920536,20.508005,20.284557,18.299074,72.781509,23.229338,4.924002,1.560989,0.215287,0.220699,0.081305,0.075945,0.045992,0.035140,0.023532,0.035368,0.017413,0.040828,0.017306,0.035039,0.017459,0.000000,0.005809,0.005868,0.000000
24540,24599,24570,874.172,33.605,414.386,79.657,4.152,0.156,0.027,21.489811,21.168312,20.841578,21.956223,21.960447,20.729797,20.821220,21.018616,19.754688,20.153221,20.050249,20.463772,21.009666,20.784231,18.497074,72.974472,23.462563,5.090170,1.427108,0.226630,0.173121,0.100506,0.038595,0.055200,0.028067,0.021990,0.011357,0.010582,0.005574,0.005708,0.028047,0.011230,0.000000,0.005394,0.005291,0.005447
24600,24659,24630,874.176,33.541,415.083,80.366,4.332,0.161,0.027,21.901188,21.197437,21.108034,21.183098,22.350649,21.133444,21.061321,20.576410,20.597944,19.572662,20.017115,21.162987,20.891790,20.596716,18.646513,72.457138,23.307369,4.802291,1.621477,0.260816,0.198697,0.077370,0.094514,0.049234,0.049991,0.027894,0.005519,0.039012,0.016613,0.005650,0.022155,0.000000,0.011020,0.016554,0.005612,0.017012
24660,24719,24690,874.181,33.436,412.998,80.464,4.451,0.165,0.027,22.311724,21.143482,20.891733,21.552631,21.131901,20.903139,20.699646,20.425983,19.971155,20.263144,19.674896,20.687395,20.579863,20.405453,18.149704,73.134888,23.405960,5.206635,1.567941,0.239487,0.199736,0.125641,0.068857,0.040186,0.028558,0.022941,0.022615,0.010982,0.011487,0.022502,0.028934,0.028537,0.011381,0.011380,0.011160,0.006007
24720,24779,24750,874.162,33.438,410.560,79.915,4.427,0.165,0.027,21.900223,20.799875,20.686167,20.837414,20.970171,20.988739,20.834265,20.653801,19.926516,20.222637,19.911983,20.600031,21.034941,20.661896,17.746387,72.079628,23.252754,5.032500,1.633872,0.237445,0.160841,0.060594,0.044048,0.050079,0.033001,0.032924,0.011076,0.022225,0.005650,0.016744,0.039096,0.016649,0.016687,0.016674,0.005727,0.016644
24780,24839,24810,874.193,33.376,412.522,79.715,4.354,0.163,0.027,21.923813,21.389063,21.846794,21.141932,21.763046,20.802969,20.588825,20.882168,19.733801,19.507858,20.384216,21.380665,20.634289,20.612329,18.344404,71.532150,22.595058,4.836816,1.680283,0.288791,0.289336,0.067794,0.034074,0.034486,0.022847,0.044876,0.028248,0.022887,0.022564,0.005824,0.017278,0.017066,0.011030,0.005688,0.022874,0.005785
24840,24899,24870,874.196,33.445,406.598,78.378,4.158,0.158,0.026,21.683037,20.699537,20.392385,21.156576,21.353844,20.821873,21.516861,20.433582,19.326773,19.117264,20.083364,20.314735,20.306337,20.238646,18.323990,70.519562,22.653791,5.397663,1.459860,0.233954,0.180363,0.110811,0.058842,0.063822,0.022879,0.022917,0.017526,0.011448,0.006156,0.017263,0.011338,0.017816,0.005771,0.011727,0.000000,0.006071
24900,24959,24930,874.164,33.599,405.235,79.051,4.405,0.166,0.027,21.586143,21.111012,20.608635,20.915754,21.446053,21.356159,19.913746,20.271179,19.314585,18.677641,19.638132,20.139853,20.570351,20.384295,17.526081,71.208359,22.861326,5.222926,1.646641,0.282686,0.171200,0.099600,0.044384,0.016293,0.017007,0.032893,0.016894,0.038241,0.033615,0.000000,0.010985,0.005291,0.005394,0.011205,0.016582,0.033709
24960,25019,24990,874.213,33.673,400.041,77.219,4.077,0.158,0.026,21.050173,21.181391,20.265856,20.301064,21.091583,20.531626,19.724859,20.462734,19.717739,18.605125,19.652292,20.037598,19.747620,19.908501,17.378222,70.890045,22.170652,4.966211,1.569887,0.261005,0.160682,0.066632,0.083171,0.049803,0.033683,0.005342,0.016431,0.027384,0.022543,0.000000,0.028234,0.005411,0.011102,0.005612,0.005537,0.005394
25020,25079,25050,874.194,33.635,401.354,78.018,4.329,0.165,0.026,21.597242,21.000881,20.738731,20.645267,20.749937,20.312937,19.984528,20.264603,19.861570,19.433292,19.164772,19.979713,19.693491,19.764803,17.076231,70.998199,22.698328,5.038713,1.571364,0.191915,0.203209,0.095654,0.056476,0.039629,0.016791,0.017030,0.005650,0.011265,0.011376,0.017086,0.028365,0.022926,0.033545,0.011235,0.011414,0.005785
25080,25139,25110,874.160,33.565,398.381,77.065,4.129,0.160,0.026,21.289192,21.144762,20.715973,20.674212,20.331635,20.000246,19.931963,19.955324,19.733067,18.633097,19.742559,19.989763,19.851358,19.940378,17.316767,69.473000,22.094992,5.196506,1.585160,0.242852,0.166916,0.066864,0.044042,0.055390,0.038027,0.027682,0.027675,0.021979,0.005593,0.011186,0.022334,0.005464,0.016701,0.017266,0.011300,0.000000
25140,25199,25170,874.179,33.498,398.966,77.973,4.381,0.167,0.026,21.284452,20.954786,20.191286,20.601809,20.501616,19.459587,20.173950,19.745522,18.839411,19.545958,19.200531,19.798349,20.604509,19.935358,18.280121,70.338226,22.236656,4.871567,1.455093,0.271361,0.222366,0.106033,0.033403,0.066600,0.032960,0.016507,0.022008,0.016526,0.010915,0.038199,0.033096,0.016327,0.027288,0.011244,0.005631,0.016621
25200,25259,25230,874.162,33.477,398.669,77.155,4.128,0.160,0.026,20.894117,20.854700,20.684666,20.173250,20.724588,20.354565,19.628349,19.721926,19.752195,19.137440,19.181274,20.353716,20.671700,19.849882,17.017454,69.479004,22.892960,5.009335,1.463705,0.304179,0.158127,0.073288,0.079296,0.051053,0.016700,0.022516,0.022606,0.022053,0.005557,0.022758,0.000000,0.011301,0.011434,0.000000,0.005669,0.017142
25260,25319,25290,874.192,33.474,398.388,77.016,4.191,0.163,0.026,21.011150,20.689713,20.414537,20.475632,20.486526,20.910839,20.162165,20.203831,19.228651,19.320868,18.872141,19.426208,19.970501,20.499325,17.548639,69.775848,22.534256,4.650883,1.417529,0.239887,0.149588,0.083070,0.039041,0.050550,0.060662,0.016329,0.005828,0.005308,0.033661,0.044279,0.000000,0.016801,0.016550,0.011005,0.011186,0.005376
25320,25379,25350,874.189,33.497,396.716,77.545,4.456,0.172,0.026,21.446476,20.556656,19.889063,20.515284,20.768284,20.216604,19.338173,19.830961,19.295731,19.056364,19.180574,20.260252,19.974426,19.765135,17.481346,69.813950,22.059769,4.880163,1.526347,0.196964,0.225451,0.073366,0.045618,0.033863,0.028539,0.022602,0.033824,0.027404,0.038678,0.016752,0.034207,0.033095,0.005669,0.016843,0.000000,0.027849
25380,25439,25410,874.192,33.605,394.046,77.534,4.476,0.172,0.026,21.508495,20.557993,20.091942,20.076994,20.414553,19.999893,19.361652,19.477524,18.679531,18.830746,18.922014,19.974253,19.784643,19.842144,17.721510,68.738663,22.773178,4.991608,1.357800,0.177327,0.195346,0.128104,0.060979,0.055896,0.055200,0.022682,0.016724,0.044270,0.033345,0.027954,0.022458,0.027943,0.039543,0.022263,0.000000,0.011192
25440,25499,25470,874.175,33.728,397.033,77.477,4.417,0.169,0.026,21.990080,20.558163,20.615351,20.136095,20.715509,19.840359,20.228338,19.793610,19.738094,19.072968,19.039434,19.936989,19.982542,19.473001,16.899759,69.132446,22.430933,4.953131,1.606597,0.258096,0.207661,0.073216,0.050342,0.056393,0.022402,0.022859,0.033882,0.016857,0.005594,0.022775,0.028543,0.028448,0.022605,0.011282,0.005557,0.022619
25500,25559,25530,874.184,33.787,395.678,77.558,4.427,0.170,0.026,21.038965,20.396433,20.065329,20.419716,20.015476,20.046009,19.557318,19.870382,18.799009,19.160952,18.828943,19.853231,20.976158,19.781559,17.629366,69.580742,22.107405,5.278757,1.450183,0.203996,0.185634,0.100910,0.044575,0.068091,0.033982,0.016838,0.011183,0.011356,0.005688,0.022124,0.011176,0.016820,0.022604,0.022169,0.028466,0.016917
25560,25619,25590,874.257,33.785,395.116,76.669,4.283,0.166,0.026,21.280167,20.063061,19.966387,20.319696,21.006155,20.210228,20.287367,19.894503,19.246979,19.324818,19.833591,19.703217,19.789099,19.898466,16.985909,67.993759,22.240499,4.700310,1.566280,0.225896,0.147448,0.117176,0.028144,0.039821,0.056882,0.017143,0.028194,0.027775,0.011318,0.005594,0.016561,0.011065,0.011096,0.022703,0.028049,0.011190
25620,25679,25650,874.216,33.682,396.897,77.364,4.283,0.165,0.026,21.068451,20.516302,20.348841,20.157227,20.285507,19.951454,19.998699,19.795359,19.002302,19.539236,19.596006,20.189394,20.047998,19.823931,17.617369,69.320564,22.088629,5.103948,1.602665,0.243614,0.173362,0.055049,0.066302,0.060076,0.038178,0.028175,0.028018,0.022348,0.017104,0.027845,0.022375,0.016949,0.016396,0.005727,0.005411,0.016341
25680,25739,25710,874.208,33.612,399.035,77.642,4.376,0.168,0.026,21.243910,20.734657,20.317074,20.992775,20.884487,20.099331,20.062082,20.182720,19.267776,19.070251,18.918880,19.952688,20.770979,19.964134,17.623175,69.742607,21.748098,5.030065,1.471123,0.332993,0.196041,0.106518,0.044793,0.056386,0.028734,0.011396,0.011282,0.028310,0.011172,0.022745,0.028503,0.022650,0.016935,0.005669,0.011195,0.022682
25740,25799,25770,874.210,33.619,395.700,77.314,4.406,0.170,0.026,20.299753,21.086931,20.409925,20.237511,21.161341,20.338177,19.614473,19.512224,19.897259,19.322870,19.012825,19.198687,20.599224,19.502317,16.878660,68.847504,22.591017,4.871854,1.421246,0.269875,0.137705,0.091918,0.086394,0.011318,0.039793,0.040320,0.022758,0.022785,0.017029,0.022894,0.057700,0.022993,0.017416,0.005786,0.011477,0.017535
25800,25859,25830,874.251,33.570,393.453,76.465,4.123,0.161,0.026,20.754009,20.105686,19.967388,20.040081,21.177963,20.038433,19.473480,19.435163,19.399757,19.114676,18.782398,19.454327,20.268061,19.399494,16.991899,69.109955,22.521086,5.114837,1.501710,0.243147,0.157812,0.090254,0.062470,0.034117,0.045377,0.044857,0.016993,0.011447,0.011359,0.000000,0.028621,0.016847,0.033758,0.000000,0.005594,0.000000
25860,25919,25890,874.210,33.625,394.716,77.506,4.401,0.169,0.026,21.068251,20.097460,20.685780,20.419195,20.012831,20.175642,19.623411,19.370140,19.184383,18.560438,18.927507,19.528299,20.056997,19.264568,17.899687,70.082329,22.303949,4.985690,1.436149,0.314648,0.163171,0.122439,0.063920,0.100544,0.041301,0.040731,0.029368,0.029203,0.017412,0.023263,0.017371,0.029164,0.000000,0.017864,0.000000,0.023336
25920,25979,25950,874.207,33.686,397.405,77.056,4.174,0.162,0.026,21.133604,21.204224,20.173672,20.038523,20.527218,20.143036,19.525784,19.507795,19.620554,19.158255,19.168896,19.662531,20.360910,20.243433,17.528578,69.904663,22.081337,5.232970,1.371590,0.251009,0.146039,0.106318,0.067221,0.016875,0.028052,0.022716,0.039732,0.022812,0.016662,0.016685,0.044296,0.022564,0.010967,0.000000,0.000000,0.005593
