CampaignData_and_Merges/R0/CSL_MobileLab_Parked/raw/20240721/USOS-NOAAIodideCIMS-Halogens_MobileLabGround_20240721_RA.ict
38, 1001
Michael A Robinson, Chris Jernigan, Subi Thakali
NOAA ESRL Chemical Sciences Laboratory and CIRES, U. of Colorado
NOAA Iodide CIMS Instrument
USOS
1, 1
2024, 07, 21, 2024, 07, 23
1
starttime_UTC, seconds_past_midnight, seconds_of_day_since_00:00:00_UTC
6
1, 1, 1, 1, 1, 1
-9999, -9999, -9999, -9999, -9999, -9999
Br2_NOAACIMS, pptv, Gas_Br2_InSitu_S_AVMR, 
BrO_NOAACIMS, pptv, Gas_BrO_InSitu_S_AVMR, 
Cl2_NOAACIMS, pptv, Gas_Cl2_InSitu_S_AVMR, 
ClNO2_NOAACIMS, pptv, Gas_ClNO2_InSitu_S_AVMR, 
BrCl_NOAACIMS, pptv, Gas_BrCl_InSitu_S_AVMR, 
NCl3_NOAACIMS, pptv, Gas_NCl3_InSitu_S_AVMR, 
0
18
PI_CONTACT_INFO: 325 Broadway, R/CSD 7, Boulder, Colorado 80305; michael.a.robinson@noaa.gov; chris.jernigan@noaa.gov;
PLATFORM: NOAA CSL Mobile Lab
LOCATION: SLC, Utah
ASSOCIATED_DATA: 1Hz data also available on request.
INSTRUMENT_INFO: NOAA I- ToF CIMS
DATA_INFO: All data in parts per trillion by volume (pptv). 1 Hz data is available upon request.
UNCERTAINTY: TBD
ULOD_FLAG: -7777
ULOD_VALUE: N/A
LLOD_FLAG: -8888
LLOD_VALUE: N/A
DM_CONTACT_INFO: Nathan Howard; nathan.h.howard@noaa.gov
PROJECT_INFO: USOS, summer 2024. https://csl.noaa.gov/groups/csl7/measurements/2024usos/
STIPULATIONS_ON_USE: Users are strongly encouraged to contact the PI for proper data usage.
OTHER_COMMENTS: 
REVISION: RA
RA: Preliminary Data; For in-field use only
starttime_UTC, Br2_NOAACIMS, BrO_NOAACIMS, Cl2_NOAACIMS, ClNO2_NOAACIMS, BrCl_NOAACIMS, NCl3_NOAACIMS
[from data line 577]
 34620,  0.717,  0.075,  0.314,  0.172,  0.079,  0.984
 34680,  0.820,  0.003,  0.304,  0.202,  0.110,  1.006
 34740,  0.650, -0.027,  0.383,  0.193,  0.086,  1.067
 34800,  0.894,  0.044,  0.272,  0.181,  0.067,  1.009
 34860,  0.786,  0.063,  0.322,  0.219,  0.064,  0.932
 34920,  0.765, -0.026,  0.320,  0.159,  0.055,  1.214
 34980,  0.736,  0.029,  0.274,  0.170,  0.086,  1.004
 35040,  0.704,  0.077,  0.358,  0.172,  0.069,  1.198
 35100,  0.638, -0.001,  0.262,  0.171,  0.081,  0.899
 35160,  0.716,  0.069,  0.391,  0.163,  0.067,  1.012
 35220,  0.888,  0.046,  0.346,  0.158,  0.085,  1.101
 35280,  0.793,  0.051,  0.342,  0.180,  0.082,  1.062
 35340,  0.898, -0.014,  0.272,  0.176,  0.051,  0.889
 35400,  0.747,  0.081,  0.320,  0.184,  0.073,  1.005
 35460,  0.673,  0.064,  0.313,  0.166,  0.084,  0.871
 35520,  0.927,  0.049,  0.325,  0.140,  0.076,  0.943
 35580,  0.848,  0.046,  0.265,  0.153,  0.089,  0.938
 35640,  0.783,  0.024,  0.302,  0.157,  0.117,  0.937
 35700,  0.768,  0.084,  0.309,  0.203,  0.030,  1.174
 35760,  0.856,  0.107,  0.325,  0.164,  0.098,  1.137
 35820,  0.782,  0.035,  0.299,  0.157,  0.066,  0.935
 35880,  0.782,  0.088,  0.292,  0.125,  0.076,  0.898
 35940,  0.779,  0.021,  0.314,  0.134,  0.083,  0.899
 36000,  0.723,  0.003,  0.271,  0.131,  0.082,  0.924
 36060,  0.763,  0.055,  0.367,  0.152,  0.070,  0.950
 36120,  0.780,  0.109,  0.275,  0.132,  0.055,  0.975
 36180,  0.769,  0.143,  0.301,  0.154,  0.074,  1.035
 36240,  0.882,  0.061,  0.325,  0.157,  0.056,  1.068
 36300,  0.973,  0.185,  0.292,  0.141,  0.059,  0.930
 36360,  0.867,  0.047,  0.297,  0.134,  0.057,  0.761
 36420,  0.869,  0.081,  0.288,  0.131,  0.057,  1.076
 36480,  0.887,  0.116,  0.263,  0.120,  0.034,  1.009
 36540,  0.830,  0.132,  0.394,  0.136,  0.047,  1.002
 36600,  0.953,  0.122,  0.343,  0.163,  0.068,  1.055
 36660,  0.886,  0.087,  0.286,  0.124,  0.082,  1.097
 36720,  0.914,  0.107,  0.261,  0.147,  0.048,  0.979
 36780,  0.819,  0.185,  0.266,  0.130,  0.067,  0.834
 36840,  0.927,  0.108,  0.333,  0.132,  0.053,  0.923
 36900,  0.757,  0.117,  0.337,  0.105,  0.059,  0.872
 36960,  0.832,  0.149,  0.304,  0.126,  0.052,  0.910
 37020,  0.937,  0.109,  0.280,  0.143,  0.050,  1.011
 37080,  0.960,  0.113,  0.296,  0.127,  0.069,  0.965
 37140,  0.925,  0.104,  0.274,  0.182,  0.059,  0.995
 37200,  0.823,  0.177,  0.283,  0.199,  0.034,  0.935
 37260, -9999.000, -9999.000, -9999.000, -9999.000, -9999.000, -9999.000
 37320,  0.798,  0.176,  0.319,  0.129,  0.028,  0.898
 37380,  0.907,  0.096,  0.264,  0.134,  0.076,  0.771
 37440,  0.910,  0.151,  0.328,  0.144,  0.040,  0.697
 37500,  0.738,  0.101,  0.342,  0.141,  0.032,  0.751
 37560,  0.953,  0.064,  0.329,  0.147,  0.045,  0.639
 37620,  0.778,  0.062,  0.323,  0.136,  0.055,  0.574
 37680,  0.908,  0.082,  0.249,  0.148,  0.092,  0.819
 37740,  0.818,  0.120,  0.289,  0.136,  0.109,  0.840
 37800,  0.746,  0.086,  0.310,  0.135,  0.061,  0.842
 37860,  0.744,  0.030,  0.268,  0.146,  0.076,  0.860
 37920,  0.776,  0.050,  0.293,  0.134,  0.049,  0.665
 37980,  0.762,  0.053,  0.325,  0.113,  0.066,  0.797
 38040,  0.784,  0.156,  0.363,  0.154,  0.071,  0.892
 38100,  0.739,  0.057,  0.357,  0.143,  0.064,  0.873
 38160,  0.742,  0.092,  0.351,  0.137,  0.114,  0.929
 38220,  0.737,  0.068,  0.389,  0.165,  0.087,  0.922
 38280,  0.779,  0.090,  0.347,  0.150,  0.039,  0.988
 38340,  0.624,  0.058,  0.397,  0.144,  0.083,  0.826
 38400,  0.711,  0.054,  0.324,  0.134,  0.084,  0.870
 38460,  0.827,  0.055,  0.289,  0.152,  0.099,  0.987
 38520,  0.612,  0.006,  0.325,  0.155,  0.083,  0.863
 38580,  0.679,  0.085,  0.352,  0.172,  0.083,  1.012
 38640,  0.735,  0.022,  0.378,  0.139,  0.128,  0.964
 38700,  0.631,  0.011,  0.339,  0.123,  0.057,  1.031
 38760,  0.694, -0.015,  0.388,  0.140,  0.100,  1.105
 38820,  0.626, -0.051,  0.356,  0.148,  0.098,  0.952
 38880,  0.677,  0.032,  0.363,  0.157,  0.112,  1.048
 38940,  0.591,  0.019,  0.364,  0.140,  0.092,  0.890
 39000,  0.556,  0.036,  0.360,  0.145,  0.090,  0.936
 39060,  0.565, -0.065,  0.441,  0.143,  0.104,  0.682
 39120, -9999.000, -9999.000, -9999.000, -9999.000, -9999.000, -9999.000
 39180,  0.570, -0.022,  0.302,  0.167,  0.104,  0.802
 39240,  0.501, -0.016,  0.356,  0.132,  0.103,  0.940
 39300,  0.631, -0.025,  0.359,  0.171,  0.048,  0.931
 39360,  0.613, -0.015,  0.384,  0.176,  0.049,  0.967
 39420,  0.526, -0.028,  0.332,  0.153,  0.100,  0.991
 39480,  0.596,  0.048,  0.329,  0.135,  0.080,  1.004
 39540,  0.689,  0.003,  0.353,  0.150,  0.084,  0.898
 39600,  0.411,  0.031,  0.334,  0.148,  0.091,  0.812
 39660,  0.526, -0.025,  0.391,  0.136,  0.073,  0.742
 39720,  0.685, -0.039,  0.355,  0.137,  0.092,  0.806
 39780,  0.603,  0.034,  0.334,  0.155,  0.049,  0.857
 39840,  0.540, -0.079,  0.379,  0.139,  0.052,  0.927
 39900,  0.509,  0.002,  0.382,  0.174,  0.109,  0.939
 39960,  0.642,  0.048,  0.351,  0.180,  0.070,  0.789
 40020,  0.443,  0.054,  0.330,  0.139,  0.035,  0.862
 40080,  0.635, -0.087,  0.317,  0.154,  0.081,  0.711
 40140,  0.476, -0.023,  0.356,  0.171,  0.081,  1.138
 40200,  0.522,  0.030,  0.403,  0.141,  0.062,  1.035
 40260,  0.609,  0.055,  0.331,  0.127,  0.048,  0.950
 40320,  0.568, -0.008,  0.344,  0.159,  0.099,  0.713
 40380,  0.627,  0.000,  0.335,  0.180,  0.041,  0.849
 40440,  0.623,  0.017,  0.398,  0.171,  0.065,  0.980
 40500,  0.682,  0.012,  0.358,  0.160,  0.062,  0.876
 40560,  0.519, -0.010,  0.327,  0.163,  0.066,  0.945
 40620,  0.504, -0.035,  0.326,  0.160,  0.047,  0.952
 40680,  0.612, -0.019,  0.322,  0.158,  0.039,  0.800
 40740,  0.520,  0.036,  0.393,  0.204,  0.028,  0.892
 40800,  0.529,  0.020,  0.336,  0.171,  0.041,  1.458
 40860,  0.554, -0.047,  0.307,  0.182,  0.064,  0.863
 40920,  0.589,  0.029,  0.317,  0.191,  0.068,  0.874
 40980, -9999.000, -9999.000, -9999.000, -9999.000, -9999.000, -9999.000
 41040,  0.508, -0.061,  0.285,  0.231,  0.054,  0.893
 41100,  0.527,  0.008,  0.371,  0.157,  0.048,  0.809
 41160,  0.513, -0.037,  0.277,  0.183,  0.054,  0.893
 41220,  0.615, -0.011,  0.303,  0.169,  0.067,  0.916
 41280,  0.610, -0.056,  0.309,  0.167,  0.035,  1.002
 41340,  0.584, -0.085,  0.306,  0.188,  0.054,  0.860
 41400,  0.530, -0.013,  0.331,  0.170,  0.065,  0.887
 41460,  0.532,  0.016,  0.284,  0.167,  0.082,  0.762
 41520,  0.489, -0.013,  0.357,  0.180,  0.105,  0.710
 41580,  0.594,  0.042,  0.308,  0.197,  0.055,  0.834
 41640,  0.637, -0.044,  0.348,  0.178,  0.075,  0.906
 41700,  0.679,  0.068,  0.383,  0.159,  0.072,  0.919
 41760,  0.606, -0.014,  0.253,  0.151,  0.091,  0.912
 41820,  0.667, -0.034,  0.317,  0.164,  0.106,  0.706
 41880,  0.632,  0.027,  0.293,  0.166,  0.069,  0.710
 41940,  0.640, -0.075,  0.254,  0.169,  0.095,  0.619
 42000,  0.619, -0.050,  0.311,  0.150,  0.073,  0.591
 42060,  0.702, -0.060,  0.302,  0.214,  0.065,  0.753
 42120,  0.576, -0.034,  0.310,  0.153,  0.066,  0.658
 42180,  0.641, -0.013,  0.378,  0.173,  0.111,  0.727
 42240,  0.773, -0.052,  0.273,  0.162,  0.080,  0.741
 42300,  0.695, -0.107,  0.294,  0.170,  0.121,  0.772
 42360,  0.654, -0.030,  0.366,  0.149,  0.120,  0.902
 42420,  0.590, -0.070,  0.299,  0.138,  0.087,  0.960
 42480,  0.755, -0.046,  0.299,  0.179,  0.080,  1.228
 42540,  0.685, -0.106,  0.307,  0.152,  0.127,  0.992
 42600,  0.753, -0.072,  0.324,  0.163,  0.135,  0.940
 42660,  0.691, -0.098,  0.289,  0.160,  0.110,  0.838
 42720,  0.742, -0.063,  0.288,  0.142,  0.150,  0.907
 42780,  0.527, -0.099,  0.399,  0.178,  0.087,  0.926
 42840,  0.587, -0.099,  0.342,  0.187,  0.119,  1.110
 42900,  0.653, -0.037,  0.304,  0.141,  0.084,  0.899
 42960,  0.661,  0.010,  0.199,  0.162,  0.102,  0.854
 43020,  0.629, -0.091,  0.247,  0.151,  0.121,  0.914
 43080,  0.698, -0.087,  0.312,  0.139,  0.120,  0.909
 43140,  0.691, -0.049,  0.373,  0.193,  0.112,  1.002
 43200,  0.756, -0.003,  0.317,  0.161,  0.116,  1.045
 43260,  0.595, -0.059,  0.299,  0.191,  0.093,  0.973
 43320,  0.624, -0.058,  0.332,  0.166,  0.090,  0.899
 43380,  0.664, -0.062,  0.317,  0.147,  0.095,  0.888
 43440,  0.713, -0.064,  0.316,  0.171,  0.090,  0.797
 43500,  0.761, -0.089,  0.343,  0.156,  0.073,  0.866
 43560,  0.770,  0.003,  0.293,  0.152,  0.109,  1.092
 43620,  0.758, -0.010,  0.336,  0.159,  0.087,  1.255
 43680,  0.754, -0.013,  0.313,  0.149,  0.098,  0.862
 43740,  0.816, -0.017,  0.375,  0.167,  0.063,  0.961
 43800,  0.658, -0.034,  0.350,  0.160,  0.055,  1.090
 43860,  0.579,  0.095,  0.365,  0.158,  0.088,  0.914
 43920,  0.617, -0.018,  0.351,  0.178,  0.038,  0.857
 43980,  0.700, -0.037,  0.353,  0.139,  0.072,  0.971
 44040,  0.663,  0.002,  0.355,  0.196,  0.065,  1.018
 44100,  0.719,  0.056,  0.341,  0.188,  0.071,  0.952
 44160,  0.736,  0.005,  0.332,  0.193,  0.063,  1.069
 44220,  0.712, -0.046,  0.360,  0.192,  0.083,  0.952
 44280,  0.661,  0.052,  0.329,  0.160,  0.052,  0.956
 44340,  0.700, -0.021,  0.290,  0.141,  0.045,  0.980
 44400,  0.701,  0.042,  0.326,  0.141,  0.036,  0.702
 44460,  0.835,  0.087,  0.351,  0.170,  0.074,  0.649
 44520,  0.752,  0.012,  0.351,  0.138,  0.063,  0.758
 44580,  0.759, -0.060,  0.334,  0.176,  0.037,  0.845
 44640, -9999.000, -9999.000, -9999.000, -9999.000, -9999.000, -9999.000
 44700,  0.805,  0.062,  0.351,  0.150,  0.042,  0.532
 44760,  0.665,  0.011,  0.322,  0.185,  0.029,  0.868
 44820,  0.661,  0.038,  0.301,  0.180,  0.068,  0.769
 44880,  0.693,  0.069,  0.332,  0.172,  0.041,  0.738
 44940,  0.694,  0.015,  0.338,  0.179,  0.023,  0.819
 45000,  0.707,  0.020,  0.316,  0.146,  0.050,  0.637
 45060,  0.688, -0.049,  0.329,  0.125, -0.009,  0.916
 45120,  0.660, -0.044,  0.366,  0.190,  0.054,  0.955
 45180,  0.580,  0.010,  0.411,  0.207,  0.052,  1.110
 45240,  0.653, -0.027,  0.406,  0.192,  0.029,  0.901
 45300,  0.733, -0.003,  0.358,  0.185,  0.076,  0.832
 45360,  0.678,  0.020,  0.360,  0.140,  0.036,  0.714
 45420,  0.819, -0.037,  0.341,  0.172,  0.024,  0.697
 45480,  0.723, -0.024,  0.322,  0.166,  0.053,  0.655
 45540,  0.587,  0.085,  0.290,  0.166,  0.045,  0.642
 45600,  0.708, -0.077,  0.376,  0.145,  0.050,  0.697
 45660,  0.843,  0.004,  0.399,  0.145,  0.047,  0.684
 45720,  0.763, -0.077,  0.381,  0.155,  0.041,  0.744
 45780,  0.804, -0.036,  0.417,  0.177,  0.045,  0.692
 45840,  0.851, -0.040,  0.352,  0.153,  0.006,  0.733
 45900,  0.780, -0.047,  0.340,  0.180,  0.061,  0.652
 45960,  0.746,  0.003,  0.311,  0.197,  0.067,  0.498
 46020,  0.629, -0.092,  0.364,  0.147,  0.043,  0.626
 46080,  0.638, -0.107,  0.309,  0.202,  0.043,  0.695
 46140,  0.672, -0.016,  0.408,  0.170,  0.049,  0.570
 46200,  0.769, -0.068,  0.409,  0.168,  0.035,  0.623
 46260,  0.683, -0.094,  0.419,  0.133,  0.056,  0.490
 46320,  0.774, -0.104,  0.291,  0.128,  0.067,  0.536
 46380,  0.809,  0.033,  0.323,  0.179,  0.056,  0.639
 46440,  0.678, -0.111,  0.340,  0.177,  0.039,  0.567
 46500, -9999.000, -9999.000, -9999.000, -9999.000, -9999.000, -9999.000
 46560,  0.724, -0.083,  0.310,  0.155,  0.087,  0.637
 46620,  0.761, -0.001,  0.380,  0.124,  0.053,  0.499
 46680,  0.609, -0.120,  0.339,  0.145,  0.048,  0.470
 46740,  0.794, -0.079,  0.327,  0.200,  0.057,  0.561
 46800,  0.665, -0.100,  0.318,  0.165,  0.057,  0.512
 46860,  0.626, -0.072,  0.349,  0.155,  0.039,  0.512
 46920,  0.640, -0.012,  0.554,  0.152,  0.053,  0.361
 46980,  0.554, -0.060,  0.654,  0.133,  0.049,  0.385
 47040,  0.710,  0.010,  0.595,  0.122,  0.030,  0.515
 47100,  0.562, -0.045,  0.451,  0.176,  0.040,  0.662
 47160,  0.682, -0.027,  0.409,  0.145,  0.052,  0.522
 47220,  0.674, -0.033,  0.458,  0.136,  0.046,  0.456
 47280,  0.723, -0.065,  0.427,  0.157,  0.033,  0.507
 47340,  0.817, -0.063,  0.399,  0.162,  0.034,  0.674
 47400,  0.587, -0.011,  0.398,  0.160,  0.037,  0.546
 47460,  0.583, -0.036,  0.376,  0.147,  0.039,  0.451
 47520,  0.715, -0.025,  0.413,  0.136,  0.031,  0.637
 47580,  0.732, -0.070,  0.363,  0.133,  0.007,  0.437
 47640,  0.714, -0.050,  0.378,  0.143,  0.017,  0.522
 47700,  0.691, -0.054,  0.434,  0.145,  0.022,  0.497
 47760,  0.669, -0.095,  0.390,  0.171,  0.006,  0.453
 47820,  0.669, -0.020,  0.399,  0.141,  0.006,  0.571
 47880,  0.724, -0.079,  0.342,  0.103, -0.002,  0.377
 47940,  0.778, -0.082,  0.347,  0.141,  0.037,  0.413
 48000,  0.765, -0.022,  0.361,  0.146,  0.042,  0.470
 48060,  0.732, -0.018,  0.369,  0.142,  0.003,  0.382
 48120,  0.662, -0.131,  0.403,  0.146,  0.039,  0.343
 48180,  0.744, -0.044,  0.383,  0.123,  0.009,  0.429
 48240,  0.787, -0.046,  0.392,  0.150,  0.007,  0.367
 48300,  0.826, -0.129,  0.447,  0.124, -0.013,  0.315
 48360, -9999.000, -9999.000, -9999.000, -9999.000, -9999.000, -9999.000
 48420,  0.564, -0.033,  0.299,  0.110, -0.010,  0.384
 48480,  0.659, -0.043,  0.318,  0.140,  0.000,  0.330
 48540,  0.663, -0.060,  0.351,  0.115,  0.006,  0.437
 48600,  0.793, -0.045,  0.403,  0.131,  0.040,  0.405
 48660,  0.748,  0.063,  0.413,  0.139,  0.031,  0.375
 48720,  0.629, -0.010,  0.324,  0.124,  0.022,  0.386
 48780,  0.562,  0.068,  0.387,  0.143,  0.009,  0.356
 48840,  0.752, -0.012,  0.378,  0.117,  0.020,  0.306
 48900,  0.560, -0.021,  0.268,  0.140,  0.040,  0.445
 48960,  0.798, -0.029,  0.204,  0.121,  0.029,  0.341
 49020,  0.640, -0.027,  0.319,  0.133,  0.015,  0.367
 49080,  0.661, -0.002,  0.318,  0.099,  0.013,  0.325
 49140,  0.654,  0.045,  0.404,  0.114,  0.013,  0.428
 49200,  0.630,  0.072,  0.340,  0.131,  0.059,  0.332
 49260,  0.627,  0.075,  0.324,  0.130,  0.046,  0.357
 49320,  0.643, -0.014,  0.375,  0.094,  0.073,  0.310
 49380,  0.689, -0.026,  0.329,  0.140,  0.032,  0.360
 49440,  0.728,  0.044,  0.326,  0.098,  0.044,  0.330
 49500,  0.569, -0.014,  0.264,  0.114,  0.030,  0.251
 49560,  0.668,  0.054,  0.293,  0.098,  0.024,  0.311
 49620,  0.753,  0.060,  0.366,  0.103,  0.061,  0.315
 49680,  0.607,  0.024,  0.274,  0.079,  0.030,  0.237
 49740,  0.578,  0.072,  0.405,  0.112,  0.072,  0.242
 49800,  0.497,  0.109,  0.296,  0.084,  0.110,  0.302
 49860,  0.604,  0.055,  0.384,  0.088,  0.046,  0.289
 49920,  0.634,  0.084,  0.294,  0.100,  0.059,  0.304
 49980,  0.443,  0.056,  0.288,  0.103,  0.026,  0.123
 50040,  0.590,  0.054,  0.269,  0.111,  0.088,  0.306
 50100,  0.705,  0.041,  0.288,  0.079,  0.073,  0.241
 50160,  0.551,  0.082,  0.280,  0.121,  0.077,  0.180
 50220,  0.452,  0.193,  0.131,  0.124,  0.019,  0.295
 50280,  0.520,  0.057,  0.308,  0.137,  0.051,  0.214
 50340,  0.563,  0.090,  0.301,  0.112,  0.068,  0.267
 50400,  0.681,  0.076,  0.327,  0.130,  0.062,  0.330
 50460,  0.680,  0.110,  0.389,  0.071,  0.082,  0.231
 50520,  0.664,  0.037,  0.392,  0.088,  0.060,  0.200
 50580,  0.222,  0.035,  0.320,  0.086,  0.030,  0.184
 50640,  0.538,  0.066,  0.328,  0.066,  0.024,  0.199
 50700,  0.583, -0.001,  0.388,  0.039,  0.052,  0.166
 50760,  0.743,  0.126,  0.394,  0.087,  0.029,  0.234
 50820,  0.736,  0.135,  0.297,  0.078,  0.038,  0.292
 50880,  0.785,  0.103,  0.338,  0.090,  0.047,  0.271
 50940,  0.700,  0.084,  0.314,  0.093,  0.060,  0.269
 51000,  0.668,  0.094,  0.350,  0.057,  0.043,  0.211
 51060,  0.745,  0.082,  0.469,  0.108,  0.046,  0.221
 51120,  0.761,  0.062,  0.337,  0.100,  0.016,  0.145
 51180,  0.636,  0.128,  0.286,  0.077,  0.035,  0.112
 51240,  0.709, -0.005,  0.348,  0.053,  0.016,  0.177
 51300,  0.386, -0.004,  0.378,  0.064, -0.001,  0.175
 51360,  0.358, -0.046,  0.235,  0.064, -0.031,  0.012
 51420,  0.509,  0.024,  0.337,  0.051, -0.008,  0.063
 51480,  0.848,  0.045,  0.357,  0.068,  0.038,  0.113
 51540,  0.792,  0.003,  0.281,  0.080,  0.037,  0.093
 51600,  0.884,  0.035,  0.363,  0.054,  0.031,  0.094
 51660,  0.850,  0.029,  0.297,  0.083, -0.001,  0.185
 51720,  0.891, -0.005,  0.417,  0.062,  0.021,  0.172
 51780,  0.090, -0.004,  0.278,  0.058, -0.030,  0.009
 51840, -0.199, -0.055,  0.238,  0.044, -0.054, -0.093
