CampaignData_and_Merges/R0/CSL_MobileLab_Parked/raw/20240721/USOS-PTR_MobileLabGround_20240721_R0.ict
58, 1001
Matthew Coggon, Kelvin Bates, Chelsea Stockwell, Carsten Warneke
NOAA ESRL Chemical Sciences Division
NOAA PTR-ToF-MS
USOS
1,1 
2024, 07, 21, 2025, 09, 19
0
Time_Start, seconds, number of seconds from 00:00 UTC 
22
1, 1, 1, 1, 1, 1, 1, 1, 1, 1, 1, 1, 1, 1, 1, 1, 1, 1, 1, 1, 1, 1
-9999, -9999, -9999, -9999, -9999, -9999, -9999, -9999, -9999, -9999, -9999, -9999, -9999, -9999, -9999, -9999, -9999, -9999, -9999, -9999, -9999, -9999
CH3OH_NOAAPTR_ppbv,  ppbv, Gas_CH3OH_InSitu_S_AVMR, (CH3OH) methanol
CH3CN_NOAAPTR_ppbv,  ppbv, Gas_CH3CN_InSitu_S_AVMR, (CH3CN) acetonitrile
CH3CHO_NOAAPTR_ppbv,  ppbv, Gas_CH3CHO_InSitu_S_AVMR, (CH3CHO) acetaldehyde plus contributions from ethylene glycol and ethylene oxide. Interference from ethanol has been subtracted out.
C2H5OH_NOAAPTR_ppbv,  ppbv, Gas_C2H5OH_InSitu_S_AVMR, (C2H5OH) ethanol
CH3SH_NOAAPTR_ppbv,  ppbv, Gas_CH3SH_InSitu_S_AVMR, (CH3SH) methanethiol, using calibration factor for DMS
Acrolein_NOAAPTR_ppbv,  ppbv, Gas_Acrolein_InSitu_S_AVMR, (C3H4O) acrolein
AcetonePropanal_NOAAPTR_ppbv,  ppbv, Gas_AcetoneAndPropanal_InSitu_S_AVMR, (C3H6O) sum of acetone (dominant isomer) and propanal, using calibration factor for acetone
DMS_NOAAPTR_ppbv,  ppbv, Gas_DMS_InSitu_S_AVMR, (C2H6S) dimethyl sulfide with possible small contributions from ethanethiol
C5H8_NOAAPTR_ppbv,  ppbv, Gas_Isoprene_InSitu_S_AVMR, (C5H8) isoprene and possible fragments from cycloalkanes and aldehydes. Interferences have been subtracted following methods described by Coggon et al (2023)
MVKMAC_NOAAPTR_ppbv,  ppbv, Gas_MVKAndMAC_InSitu_S_AVMR, (C4H6O) sum of methyl vinyl ketone, methacrolein, and small amounts of crotonaldehyde, using weighted calibration factor for MVK (0.637) and MACR (0.363)
Benzene_NOAAPTR_ppbv,  ppbv, Gas_Benzene_InSitu_S_AVMR, (C6H6) benzene
Toluene_NOAAPTR_ppbv,  ppbv, Gas_Toluene_InSitu_S_AVMR, (C7H8) toluene with possible small contributions of fragments from ethyltoluene
Styrene_NOAAPTR_ppbv,  ppbv, Gas_Styrene_InSitu_S_AVMR, (C8H8) styrene
Benzaldehyde_NOAAPTR_ppbv,  ppbv, Gas_Benzaldehyde_InSitu_S_AVMR, (C7H6O) benzaldehyde
C8Aromatics_NOAAPTR_ppbv,  ppbv, Gas_C8Aromatics_InSitu_M_AVMR, (C8H10) sum of m-xylene, p-xylene, o-xylene, and ethyl benzene
C9Aromatics_NOAAPTR_ppbv,  ppbv, Gas_C9Aromatics_InSitu_M_AVMR, (C9H12) sum of C9 aromatics
Naphthalene_NOAAPTR_ppbv,  ppbv, Gas_Naphthalene_InSitu_S_AVMR, (C10H8) naphthalene
Octanal_NOAAPTR_ppbv,  ppbv, Gas_Octanal_InSitu_S_AVMR, (C8H16O) octanal and small amounts of octanone
Monoterpenes_NOAAPTR_ppbv,  ppbv, Gas_Monoterpenes_InSitu_M_AVMR, (C10H16) sum of monoterpenes and possible contributions from fragments of oxygenated monoterpenoids such as eucalyptol.
Nonanal_NOAAPTR_ppbv,  ppbv, Gas_Nonanal_InSitu_M_AVMR, (C9H18O) nonanal and small amounts of nonanone
C7H4ClF3_NOAAPTR_ppbv,  ppbv, Gas_C7H4ClF3_InSitu_S_AVMR, (C7H4ClF3) parachlorobenzotrifluoride
C10H30O5Si5_NOAAPTR_ppbv,  ppbv, Gas_C10H30O5Si5_InSitu_S_AVMR, (C10H30O5Si5) decamethylcyclopentasiloxane
1
SPECIAL COMMENTS:N/A
21
PI_CONTACT_INFO: NOAA ESRL Chemical Sciences Division, Tropospheric Chemistry Group. 325 Broadway, R/CSD7, Boulder, CO 80305
PLATFORM: Mobile Laboratory.
LOCATION: Salt Lake City, UT
ASSOCIATED_DATA: N/A
INSTRUMENT_INFO: NOAA PTR-ToF-MS measurements on NOAA CSL Mobile Lab
DATA_INFO: Units: ppbv
UNCERTAINTY: See OTHER_COMMENTS
ULOD_FLAG: -7777
ULOD_VALUE: N/A
LLOD_FLAG: -8888
LLOD_VALUE: N/A.
DM_CONTACT_INFO: Data Managers: Matt Coggon, Kelvin Bates, Chelsea Stockwell; email: matthew.m.coggon@noaa.gov and kelvin.bates@colorado.edu
PROJECT_INFO: USOS Deployment July-August, 2024
STIPULATIONS_ON_USE: Use of these data require prior OK from PI.
OTHER_COMMENTS: Uncertainties:
CH3OH_NOAAPTR_ppbv:30%; CH3CN_NOAAPTR_ppbv:30%; CH3CHO_NOAAPTR_ppbv:30%; C2H5OH_NOAAPTR_ppbv:30%; CH3SH_NOAAPTR_ppbv:50%; Acrolein_NOAAPTR_ppbv:30%; AcetonePropanal_NOAAPTR_ppbv:30%; DMS_NOAAPTR_ppbv:30%; C5H8_NOAAPTR_ppbv:30%; MVKMAC_NOAAPTR_ppbv:30%; 
Benzene_NOAAPTR_ppbv:30%; Toluene_NOAAPTR_ppbv:30%; Styrene_NOAAPTR_ppbv:30%; Benzaldehyde_NOAAPTR_ppbv:30%; C8Aromatics_NOAAPTR_ppbv:30%; C9Aromatics_NOAAPTR_ppbv:30%; Naphthalene_NOAAPTR_ppbv:30%; Octanal_NOAAPTR_ppbv:30%; Monoterpenes_NOAAPTR_ppbv:30%; Nonanal_NOAAPTR_ppbv:30%; 
C7H4ClF3_NOAAPTR_ppbv:30%; C10H30O5Si5_NOAAPTR_ppbv:30%; 
REVISION: R0
R0: Calibrated PTR Data. See individual species comments for details about measurement uncertainties
Time_Start, CH3OH_NOAAPTR_ppbv, CH3CN_NOAAPTR_ppbv, CH3CHO_NOAAPTR_ppbv, C2H5OH_NOAAPTR_ppbv, CH3SH_NOAAPTR_ppbv, Acrolein_NOAAPTR_ppbv, AcetonePropanal_NOAAPTR_ppbv, DMS_NOAAPTR_ppbv, C5H8_NOAAPTR_ppbv, MVKMAC_NOAAPTR_ppbv, Benzene_NOAAPTR_ppbv, Toluene_NOAAPTR_ppbv, Styrene_NOAAPTR_ppbv, Benzaldehyde_NOAAPTR_ppbv, C8Aromatics_NOAAPTR_ppbv, C9Aromatics_NOAAPTR_ppbv, Naphthalene_NOAAPTR_ppbv, Octanal_NOAAPTR_ppbv, Monoterpenes_NOAAPTR_ppbv, Nonanal_NOAAPTR_ppbv, C7H4ClF3_NOAAPTR_ppbv, C10H30O5Si5_NOAAPTR_ppbv
[from data line 73]
 4380.0, 13.33190, 0.25087, 1.68121, 2.40080, 0.00488, 0.39623, 4.88463, 0.01262, 2.67507, 1.23054, 0.06783, 0.22267, 0.01746, 0.01853, 0.08382, 0.05111, -0.00780, 0.07391, 0.46839, 0.08073, 0.00308, 0.00477 
 4440.0, 14.15638, 0.24137, 1.79726, 2.65114, 0.00905, 0.38762, 5.21060, 0.02180, 2.69418, 1.27833, 0.10441, 0.26701, 0.01923, 0.00896, 0.09759, 0.05122, -0.00596, 0.07711, 0.43407, 0.07564, 0.00068, 0.00252 
 4500.0, 13.92496, 0.24422, 1.73720, 2.65119, 0.00631, 0.32880, 4.91416, 0.01092, 2.36173, 1.22457, 0.08909, 0.21777, -0.00663, 0.01157, 0.09027, 0.05443, -0.00211, 0.05733, 0.45074, 0.05939, 0.00258, 0.00559 
 4560.0, 16.35271, 0.22959, 1.69087, 2.24044, 0.00276, 0.39314, 4.85683, 0.01116, 2.46719, 1.21889, 0.10374, 0.21556, -0.00702, 0.02797, 0.09475, 0.05291, 0.00263, 0.07763, 0.43219, 0.06349, 0.00012, 0.00147 
 4620.0, 13.99178, 0.24909, 1.70558, 1.85560, 0.00452, 0.37521, 5.06340, 0.00781, 2.69869, 1.21589, 0.06562, 0.20045, 0.01882, 0.02342, 0.06678, 0.03618, -0.01217, 0.07625, 0.45239, 0.05339, 0.00217, 0.00075 
 4680.0, 15.16734, 0.21231, 1.68178, 1.94294, 0.00702, 0.38044, 5.39048, 0.01111, 2.80206, 1.27269, 0.09254, 0.23139, 0.00533, 0.02255, 0.06591, 0.04038, -0.00495, 0.06002, 0.50160, 0.05571, 0.00406, -0.00125 
 4740.0, 20.13009, 0.23249, 1.73692, 2.14390, 0.00582, 0.43008, 5.22977, -0.00011, 3.05804, 1.28401, 0.07848, 0.22418, 0.00752, 0.03809, 0.08107, 0.04346, -0.01217, 0.06955, 0.49938, 0.04969, -0.00115, 0.00305 
 4800.0, 17.18838, 0.23658, 1.81323, 2.20859, 0.00606, 0.38428, 5.24284, 0.02121, 3.20453, 1.25607, 0.10032, 0.20268, 0.02191, 0.01249, 0.07612, 0.03656, 0.00567, 0.08126, 0.54076, 0.06775, 0.00177, 0.00046 
 4860.0, 16.92129, 0.23960, 1.82031, 2.02042, 0.00695, 0.40704, 5.40536, 0.02703, 3.17944, 1.26346, 0.01773, 0.23110, 0.00354, 0.00756, 0.07184, 0.03951, -0.01217, 0.07808, 0.50598, 0.06573, 0.01011, 0.00049 
 4920.0, 15.99292, 0.23119, 1.57309, 2.15615, 0.00654, 0.37703, 5.28081, -0.00010, 3.08419, 1.23423, 0.06106, 0.20238, -0.00707, 0.01143, 0.05740, 0.03642, 0.00484, 0.07820, 0.50136, 0.07150, 0.00273, 0.00103 
 4980.0, 17.34790, 0.22908, 1.77051, 2.55886, 0.00453, 0.41446, 5.32981, 0.01803, 3.01809, 1.29233, 0.09374, 0.27580, 0.01875, 0.01164, 0.09574, 0.05750, -0.01216, 0.10946, 0.54751, 0.05656, 0.00333, 0.00183 
 5040.0, 16.13144, 0.23416, 1.69803, 2.04834, 0.00468, 0.36850, 5.35251, 0.01204, 2.96770, 1.22105, 0.06201, 0.23047, 0.02379, 0.03704, 0.07142, 0.02789, 0.01086, 0.07258, 0.51748, 0.05087, 0.00041, 0.00057 
 5100.0, 17.75618, 0.24367, 1.74727, 2.32868, 0.00251, 0.36350, 5.31030, 0.01093, 3.16150, 1.23697, 0.08492, 0.23860, 0.01290, 0.00853, 0.07464, 0.04541, -0.01216, 0.09448, 0.54505, 0.06814, 0.00107, 0.00203 
 5160.0, 14.66118, 0.26724, 1.68036, 1.66854, 0.00225, 0.38926, 5.17969, 0.00842, 2.90918, 1.20802, 0.05785, 0.20738, 0.00984, 0.03578, 0.07644, 0.03963, -0.01216, 0.10438, 0.48791, 0.09047, 0.00457, 0.00294 
 5220.0, 17.52953, 0.26077, 1.73532, 2.39694, 0.00470, 0.42830, 5.28349, 0.00173, 3.15427, 1.24766, 0.11257, 0.24495, 0.02031, 0.03437, 0.09054, 0.04828, -0.01215, 0.09797, 0.54051, 0.13267, 0.00012, 0.00138 
 5280.0, 15.56665, 0.23709, 1.64547, 1.83841, 0.00114, 0.38085, 5.13775, 0.02806, 2.92863, 1.20221, 0.04832, 0.21467, 0.01794, 0.03979, 0.06335, 0.04663, -0.01215, 0.07029, 0.51782, 0.04866, -0.00116, -0.00002 
 5340.0, 15.17415, 0.22933, 3.21998, 2.37680, 0.00635, 0.38525, 5.17102, 0.01478, 3.12874, 1.26639, 0.05522, 0.23592, 0.00562, 0.01048, 0.07278, 0.05100, -0.00838, 0.06346, 0.57630, 0.07746, 0.00420, 0.00647 
 5400.0, 16.98950, 0.21972, 3.26312, 3.31429, 0.00654, 0.35648, 5.13512, -0.00010, 3.26027, 1.28494, 0.06449, 0.29591, 0.02816, 0.00226, 0.12303, 0.04674, -0.01215, 0.09135, 0.55825, 0.04669, 0.00166, 0.00223 
 5460.0, 16.13323, 0.22311, 2.33350, 2.01345, 0.00653, 0.36874, 5.08569, -0.00010, 3.03483, 1.27055, 0.10073, 0.25642, -0.00713, 0.02828, 0.12417, 0.06313, -0.00495, 0.06916, 0.49835, 0.10105, 0.00398, 0.00614 
 5520.0, 15.61046, 0.23097, 2.11853, 3.99893, -0.00098, 0.39703, 5.11086, 0.03528, 3.16707, 1.29319, 0.18811, 0.39319, -0.00714, 0.00429, 0.21159, 0.09049, -0.01146, 0.07322, 0.50672, 0.06546, 0.00343, 0.00338 
 5580.0, 14.28052, 0.23028, 1.89036, 2.36138, 0.00684, 0.37408, 4.99426, 0.00350, 3.00514, 1.25098, 0.10124, 0.21293, 0.00504, 0.03531, 0.08721, 0.04513, -0.00727, 0.06555, 0.47989, 0.04691, 0.01044, 0.00125 
 5640.0, 15.52331, 0.24402, 2.01516, 2.51147, 0.00221, 0.39417, 4.82964, -0.00009, 2.85481, 1.19961, 0.11595, 0.25835, 0.01323, 0.02460, 0.09711, 0.05008, -0.01214, 0.06950, 0.45003, 0.04606, 0.00353, 0.00202 
 5700.0, 15.24553, 0.25119, 1.77649, 2.56020, 0.00513, 0.34174, 4.69130, 0.00421, 2.62178, 1.15375, 0.01896, 0.19663, -0.00716, -0.00493, 0.08297, 0.03950, -0.00649, 0.05779, 0.45049, 0.06533, 0.00028, 0.00084 
 5760.0, 12.14222, 0.23634, 1.66818, 2.30229, 0.00053, 0.35119, 4.62158, 0.00704, 2.67322, 1.16343, 0.06737, 0.23508, 0.01441, 0.00336, 0.06621, 0.03638, -0.00480, 0.07441, 0.43105, 0.05116, 0.00289, 0.00215 
 5820.0, 13.54759, 0.22642, 1.59335, 2.10081, 0.00249, 0.32330, 4.69245, -0.00009, 2.57485, 1.15097, 0.07091, 0.21222, -0.00654, 0.01347, 0.09202, 0.04357, -0.01214, 0.04843, 0.40510, 0.06135, 0.00480, 0.00047 
 5880.0, 12.12483, 0.24342, 1.67228, 2.51360, 0.00494, 0.34872, 4.61072, 0.00367, 2.61966, 1.15085, 0.08604, 0.25294, 0.02451, 0.00279, 0.12275, 0.05633, -0.01100, 0.03384, 0.46523, 0.03583, 0.00414, 0.00288 
 5940.0, 11.86339, 0.22859, 1.52030, 2.56103, 0.00296, 0.30033, 4.57223, -0.00009, 2.67323, 1.12329, 0.05757, 0.19372, 0.00463, 0.01170, 0.08007, 0.03980, -0.01213, 0.06724, 0.41317, 0.06713, 0.00494, 0.00403 
 6000.0, 12.29816, 0.23262, 1.51062, 2.29113, 0.00635, 0.30157, 4.55657, 0.00239, 2.79267, 1.11510, 0.15593, 0.27814, 0.03132, 0.01312, 0.10698, 0.06093, -0.00267, 0.06107, 0.44273, 0.04301, 0.00071, 0.00412 
 6060.0, 12.03412, 0.23149, 1.49161, 2.19251, 0.00472, 0.35493, 4.51633, 0.02003, 2.79855, 1.16788, 0.06127, 0.22099, 0.00861, 0.02790, 0.08483, 0.05266, -0.01213, 0.06371, 0.44413, 0.04229, 0.00568, 0.00136 
 6120.0, 12.36754, 0.23295, 1.49393, 2.10633, 0.00246, 0.33790, 4.50739, -0.00009, 2.76143, 1.13984, 0.07134, 0.21536, 0.01708, 0.01059, 0.08642, 0.04220, -0.01107, 0.04352, 0.43277, 0.03332, 0.00209, -0.00040 
 6180.0, 12.02532, 0.24610, 1.50997, 1.88110, 0.00485, 0.35350, 4.46890, 0.01902, 2.56646, 1.14110, 0.01923, 0.20103, -0.00722, -0.01970, 0.08045, 0.03238, -0.00942, 0.03291, 0.40502, 0.06982, 0.00577, 0.00207 
 6240.0, 13.20029, 0.23454, 1.66382, 2.55246, 0.00675, 0.34316, 4.58245, -0.00009, 2.82521, 1.19242, 0.15196, 0.46012, 0.06027, 0.02852, 0.19261, 0.10894, 0.00279, 0.04577, 0.42759, 0.06368, 0.00213, 0.00136 
 6300.0, 12.15938, 0.23936, 1.45382, 1.88601, 0.00219, 0.35301, 4.47554, -0.00009, 2.73080, 1.15757, 0.05715, 0.23252, 0.01469, 0.00871, 0.07669, 0.05130, 0.01266, 0.06369, 0.39659, 0.03842, 0.00371, 0.00126 
 6360.0, 12.87286, 0.23984, 1.53439, 1.88679, 0.00773, 0.34805, 4.48784, -0.00008, 2.86193, 1.17693, 0.07271, 0.19703, 0.01578, -0.00340, 0.07445, 0.04272, -0.00166, 0.05332, 0.45604, 0.05087, 0.00626, 0.00261 
 6420.0, 14.12759, 0.23112, 1.46818, 1.65288, 0.00220, 0.32862, 4.60823, -0.00008, 2.76882, 1.13128, 0.08243, 0.19447, 0.00535, 0.03036, 0.07495, 0.02477, -0.00737, 0.04713, 0.44186, 0.06212, 0.00034, 0.00178 
 6480.0, 13.44279, 0.23778, 1.57694, 2.42283, 0.00118, 0.36653, 4.56576, 0.00242, 2.92107, 1.15090, 0.11634, 0.21633, 0.01801, 0.01500, 0.07111, 0.04421, -0.00668, 0.05858, 0.45650, 0.05777, 0.00300, 0.00338 
 6540.0, 12.60771, 0.23866, 1.48418, 2.32806, 0.00356, 0.38679, 4.59811, 0.01223, 3.14488, 1.16785, 0.08006, 0.19264, -0.00492, -0.00623, 0.07336, 0.03809, -0.01077, 0.04486, 0.44131, 0.06602, 0.00657, 0.00184 
 6600.0, 14.19937, 0.24496, 1.63673, 2.33890, 0.00495, 0.32902, 4.61688, -0.00008, 3.25106, 1.20246, 0.06638, 0.22626, 0.02012, 0.01055, 0.08593, 0.03661, 0.00200, 0.04606, 0.49965, 0.06455, 0.00633, 0.00050 
 6660.0, 14.21173, 0.23957, 1.56906, 1.98325, 0.00428, 0.37061, 4.58524, 0.02616, 3.16990, 1.19317, 0.08186, 0.23622, 0.00671, 0.00762, 0.08912, 0.03623, -0.01211, 0.04272, 0.50827, 0.05599, -0.00013, 0.00431 
 6720.0, 14.14456, 0.24076, 1.60542, 1.97255, 0.00466, 0.34534, 4.69037, 0.00904, 3.38089, 1.23254, 0.11195, 0.24483, 0.01222, 0.02904, 0.07723, 0.04514, -0.01211, 0.05697, 0.48290, 0.07787, 0.00401, 0.00097 
 6780.0, 13.25168, 0.23406, 1.57589, 1.97653, 0.00402, 0.34936, 4.81582, 0.01929, 3.59244, 1.20390, 0.06735, 0.18391, 0.01709, -0.00810, 0.07253, 0.04682, -0.01211, 0.06994, 0.47382, 0.04622, 0.00541, 0.00256 
 6840.0, 14.41823, 0.24219, 1.67106, 2.30481, 0.00714, 0.37781, 4.72159, 0.00476, 3.63902, 1.30399, 0.05245, 0.22006, -0.00730, 0.01289, 0.08388, 0.03349, -0.01211, 0.04917, 0.57082, 0.07403, 0.00190, 0.00140 
 6900.0, 14.23897, 0.24752, 1.64647, 2.13416, 0.00336, 0.37457, 4.80761, 0.01374, 3.82205, 1.29079, 0.07434, 0.21983, -0.00730, 0.00528, 0.09028, 0.04352, -0.01029, 0.03013, 0.52994, 0.05749, 0.00533, 0.00144 
 6960.0, 14.53494, 0.24257, 1.65846, 3.87012, 0.00691, 0.37143, 4.91603, 0.01475, 4.00452, 1.26402, 0.04963, 0.23727, 0.01915, 0.00817, 0.08809, 0.04309, -0.01132, 0.05538, 0.52685, 0.05209, 0.00334, 0.00123 
 7020.0, 14.27442, 0.24102, 1.64260, 2.70802, 0.00276, 0.37633, 4.83848, 0.00018, 3.97511, 1.28177, 0.03781, 0.27423, 0.00899, 0.01014, 0.10051, 0.03608, -0.00707, 0.09038, 0.56056, 0.04632, 0.00409, 0.00115 
 7080.0, 13.45988, 0.21806, 1.68773, 2.49703, 0.00630, 0.38877, 4.85562, 0.01682, 3.95966, 1.28433, 0.09441, 0.24099, 0.02342, 0.01788, 0.08549, 0.04058, -0.00261, 0.05315, 0.52644, 0.07119, 0.00144, 0.00125 
 7140.0, 13.16157, 0.22949, 1.74585, 2.58029, 0.00569, 0.36126, 4.78934, 0.02358, 3.83952, 1.26284, 0.02875, 0.24430, 0.01169, 0.01179, 0.08050, 0.04446, -0.00818, 0.04701, 0.58496, 0.06275, 0.00221, 0.00593 
 7200.0, 12.87372, 0.22992, 1.65109, 1.90867, 0.00857, 0.33995, 4.73017, 0.01055, 4.03027, 1.25379, 0.02606, 0.24487, -0.00376, 0.00080, 0.08593, 0.04574, -0.01210, 0.06335, 0.52932, 0.04370, 0.00203, 0.00034 
 7260.0, 14.51351, 0.24797, 1.91439, 7.52375, 0.00717, 0.39560, 4.92750, 0.02237, 4.10233, 1.28265, 0.04656, 0.25799, -0.00735, -0.01590, 0.09500, 0.04394, -0.01209, 0.04980, 0.55624, 0.03519, 0.00228, 0.00500 
 7320.0, 13.09169, 0.23002, 1.62064, 4.27412, 0.00532, 0.36561, 4.78650, 0.00749, 3.73564, 1.21018, 0.03189, 0.22901, 0.01719, -0.00980, 0.08543, 0.03834, -0.01209, 0.03892, 0.53059, 0.03851, -0.00119, 0.00355 
 7380.0, 14.14528, 0.23725, 1.56667, 2.82930, 0.00369, 0.37597, 4.88196, 0.02618, 3.81006, 1.16720, 0.05676, 0.25868, 0.01083, -0.02216, 0.07406, 0.05507, -0.01209, 0.05712, 0.51916, 0.07678, 0.00262, 0.00273 
 7440.0, 14.12247, 0.24703, 1.50931, 2.31526, 0.00673, 0.35218, 4.78101, 0.02207, 3.84083, 1.21201, 0.05978, 0.25389, 0.02228, -0.00222, 0.08835, 0.05424, -0.00488, 0.04414, 0.55476, 0.05864, 0.00346, 0.00693 
 7500.0, 14.86985, 0.22880, 1.80912, 2.61632, 0.00672, 0.37599, 4.85074, -0.00007, 3.90316, 1.25164, 0.05790, 0.27973, -0.00737, 0.02285, 0.12171, 0.05609, -0.01209, 0.05120, 0.60191, 0.04751, 0.00910, 0.00607 
 7560.0, 14.54322, 0.24608, 1.67645, 2.04315, 0.00698, 0.38024, 4.73996, 0.01513, 3.77888, 1.16860, 0.09065, 0.25282, 0.00965, 0.02524, 0.09415, 0.04835, -0.00145, 0.05343, 0.52414, 0.07768, 0.00672, 0.00113 
 7620.0, 14.71360, 0.20564, 1.61227, 2.25350, 0.00616, 0.35693, 4.85155, 0.00784, 3.84424, 1.22916, 0.09566, 0.28856, 0.03030, 0.00023, 0.10716, 0.04275, -0.00865, 0.04411, 0.53373, 0.06323, 0.00267, -0.00040 
 7680.0, 14.41113, 0.23543, 1.60174, 2.22356, 0.00406, 0.42281, 4.79833, 0.02465, 4.02442, 1.24245, 0.07751, 0.23772, 0.02620, 0.02188, 0.09087, 0.05202, -0.01208, 0.06240, 0.58014, 0.08132, 0.00140, 0.00355 
 7740.0, 15.11797, 0.24784, 1.59541, 2.24151, 0.00213, 0.41418, 4.83133, 0.00640, 3.90870, 1.27025, 0.03317, 0.27289, 0.02708, -0.00519, 0.09135, 0.05624, -0.00370, 0.05733, 0.57615, 0.07307, 0.00249, 0.00546 
 7800.0, 14.27512, 0.22182, 1.67856, 1.84960, 0.00700, 0.43372, 4.68885, 0.00999, 3.72841, 1.20073, 0.08832, 0.23621, 0.01014, 0.00165, 0.07872, 0.04432, -0.01070, 0.05061, 0.54044, 0.05383, 0.00647, 0.00299 
 7860.0, 14.32489, 0.26662, 1.60535, 1.99761, 0.00772, 0.41295, 4.72445, 0.01809, 3.77754, 1.22791, 0.09252, 0.23840, 0.01052, -0.01863, 0.07026, 0.03578, -0.00501, 0.04664, 0.48803, 0.03928, 0.00520, 0.00333 
 7920.0, 14.12859, 0.24011, 1.57893, 2.17744, 0.00494, 0.37877, 4.68918, 0.01234, 3.49866, 1.16341, 0.06655, 0.20702, 0.01909, -0.00514, 0.09267, 0.03786, -0.00481, 0.02813, 0.52439, 0.04656, 0.00540, 0.00061 
 7980.0, 12.51321, 0.23718, 1.56792, 1.81107, 0.00744, 0.37403, 4.61839, 0.00807, 3.52769, 1.16814, 0.05567, 0.23266, 0.02136, -0.01143, 0.07161, 0.03654, -0.01207, 0.04988, 0.49162, 0.04876, 0.00133, -0.00006 
 8040.0, 13.42037, 0.23615, 1.48361, 2.15895, 0.00778, 0.36936, 4.57613, 0.00913, 3.76783, 1.13764, 0.08722, 0.21101, 0.03624, -0.00131, 0.06324, 0.04610, -0.00786, 0.04021, 0.47744, 0.03985, 0.00139, 0.00252 
 8100.0, 13.60858, 0.22700, 1.68406, 2.39677, 0.01278, 0.38004, 4.62502, -0.00006, 3.64319, 1.16799, 0.10615, 0.25077, -0.00745, -0.00017, 0.07272, 0.04221, -0.00936, 0.05167, 0.52225, 0.05622, 0.01236, 0.00185 
 8160.0, 13.61225, 0.24560, 1.57719, 2.59448, 0.00483, 0.39603, 4.67693, 0.02835, 3.59308, 1.17957, 0.07986, 0.23567, -0.00745, 0.00265, 0.09663, 0.04784, -0.00152, 0.06362, 0.49779, 0.05901, 0.00130, 0.00161 
 8220.0, 12.57357, 0.23219, 1.47456, 1.94004, 0.00607, 0.34535, 4.52310, -0.00006, 3.38193, 1.13853, 0.04485, 0.22875, 0.02293, 0.00920, 0.07526, 0.05144, 0.00190, 0.04955, 0.53721, 0.06281, 0.00537, 0.00037 
 8280.0, 13.15806, 0.24374, 1.49070, 2.52062, 0.00229, 0.34267, 4.62416, 0.01004, 3.45188, 1.15417, 0.07775, 0.25990, 0.02015, -0.00739, 0.08036, 0.04651, -0.00731, 0.04847, 0.50058, 0.06589, 0.00133, -0.00011 
 8340.0, 12.82443, 0.25392, 1.56329, 2.73185, 0.00538, 0.33981, 4.68660, 0.01188, 3.44938, 1.16688, 0.05989, 0.27126, 0.00757, 0.00959, 0.10969, 0.04943, -0.00486, 0.06250, 0.49665, 0.05570, 0.00139, 0.00140 
 8400.0, 13.69792, 0.24942, 1.46247, 2.62828, 0.00680, 0.33445, 4.68300, -0.00006, 3.46674, 1.14268, 0.06820, 0.23598, 0.00582, 0.00243, 0.11572, 0.05447, -0.00508, 0.03955, 0.51247, 0.06608, 0.00143, 0.00331 
 8460.0, 14.11101, 0.24098, 1.58408, 2.55065, 0.00576, 0.35977, 4.63687, 0.00964, 3.35844, 1.13964, 0.08508, 0.24983, 0.00601, -0.04033, 0.10151, 0.05083, -0.01206, 0.05749, 0.50952, 0.05682, -0.00121, 0.00393 
 8520.0, 12.42524, 0.24706, 1.43859, 2.09091, 0.00422, 0.33718, 4.50910, -0.00006, 3.51191, 1.10674, 0.04613, 0.22527, 0.02206, -0.01278, 0.08716, 0.04881, -0.00506, 0.02192, 0.47636, 0.04954, 0.00189, -0.00004 
 8580.0, 13.47360, 0.24650, 1.51268, 2.41436, 0.00426, 0.33619, 4.56239, 0.01423, 3.42922, 1.09268, 0.03987, 0.24655, -0.00750, -0.01555, 0.09500, 0.05628, 0.00068, 0.04964, 0.48909, 0.03594, 0.00804, 0.00435 
 8640.0, 12.79522, 0.20779, 1.49932, 2.36434, 0.00165, 0.34678, 4.57771, 0.01036, 3.34637, 1.08745, 0.03213, 0.25109, 0.00964, -0.01248, 0.09758, 0.05894, -0.01205, 0.02468, 0.46441, 0.04664, 0.08010, 0.00029 
 8700.0, 12.05953, 0.24662, 1.49775, 2.43095, 0.00643, 0.28763, 4.58465, 0.01213, 3.32598, 1.12265, 0.05517, 0.26018, 0.00707, -0.03530, 0.07799, 0.05449, -0.01205, 0.03204, 0.52523, 0.05634, 0.09888, 0.00132 
 8760.0, 13.06787, 0.23505, 1.63082, 2.80952, 0.00662, 0.32836, 4.65811, -0.00005, 3.27277, 1.13182, 0.05930, 0.26263, -0.00753, -0.01124, 0.10821, 0.05934, -0.01205, 0.04240, 0.52188, 0.05808, 0.19795, 0.00529 
 8820.0, 13.98858, 0.23075, 1.74847, 2.49953, 0.00571, 0.35590, 4.61720, 0.01654, 3.36951, 1.16049, 0.08180, 0.23895, 0.00150, -0.00873, 0.09125, 0.03655, -0.00896, 0.02376, 0.50576, 0.05134, 0.07363, 0.00559 
