CampaignData_and_Merges/R0/CSL_MobileLab_Parked/raw/20240721/USOS-PTR_MobileLabGround_20240721_R0.ict
58, 1001
Matthew Coggon, Kelvin Bates, Chelsea Stockwell, Carsten Warneke
NOAA ESRL Chemical Sciences Division
NOAA PTR-ToF-MS
USOS
1,1 
2024, 07, 21, 2025, 09, 19
0
Time_Start, seconds, number of seconds from 00:00 UTC 
22
1, 1, 1, 1, 1, 1, 1, 1, 1, 1, 1, 1, 1, 1, 1, 1, 1, 1, 1, 1, 1, 1
-9999, -9999, -9999, -9999, -9999, -9999, -9999, -9999, -9999, -9999, -9999, -9999, -9999, -9999, -9999, -9999, -9999, -9999, -9999, -9999, -9999, -9999
CH3OH_NOAAPTR_ppbv,  ppbv, Gas_CH3OH_InSitu_S_AVMR, (CH3OH) methanol
CH3CN_NOAAPTR_ppbv,  ppbv, Gas_CH3CN_InSitu_S_AVMR, (CH3CN) acetonitrile
CH3CHO_NOAAPTR_ppbv,  ppbv, Gas_CH3CHO_InSitu_S_AVMR, (CH3CHO) acetaldehyde plus contributions from ethylene glycol and ethylene oxide. Interference from ethanol has been subtracted out.
C2H5OH_NOAAPTR_ppbv,  ppbv, Gas_C2H5OH_InSitu_S_AVMR, (C2H5OH) ethanol
CH3SH_NOAAPTR_ppbv,  ppbv, Gas_CH3SH_InSitu_S_AVMR, (CH3SH) methanethiol, using calibration factor for DMS
Acrolein_NOAAPTR_ppbv,  ppbv, Gas_Acrolein_InSitu_S_AVMR, (C3H4O) acrolein
AcetonePropanal_NOAAPTR_ppbv,  ppbv, Gas_AcetoneAndPropanal_InSitu_S_AVMR, (C3H6O) sum of acetone (dominant isomer) and propanal, using calibration factor for acetone
DMS_NOAAPTR_ppbv,  ppbv, Gas_DMS_InSitu_S_AVMR, (C2H6S) dimethyl sulfide with possible small contributions from ethanethiol
C5H8_NOAAPTR_ppbv,  ppbv, Gas_Isoprene_InSitu_S_AVMR, (C5H8) isoprene and possible fragments from cycloalkanes and aldehydes. Interferences have been subtracted following methods described by Coggon et al (2023)
MVKMAC_NOAAPTR_ppbv,  ppbv, Gas_MVKAndMAC_InSitu_S_AVMR, (C4H6O) sum of methyl vinyl ketone, methacrolein, and small amounts of crotonaldehyde, using weighted calibration factor for MVK (0.637) and MACR (0.363)
Benzene_NOAAPTR_ppbv,  ppbv, Gas_Benzene_InSitu_S_AVMR, (C6H6) benzene
Toluene_NOAAPTR_ppbv,  ppbv, Gas_Toluene_InSitu_S_AVMR, (C7H8) toluene with possible small contributions of fragments from ethyltoluene
Styrene_NOAAPTR_ppbv,  ppbv, Gas_Styrene_InSitu_S_AVMR, (C8H8) styrene
Benzaldehyde_NOAAPTR_ppbv,  ppbv, Gas_Benzaldehyde_InSitu_S_AVMR, (C7H6O) benzaldehyde
C8Aromatics_NOAAPTR_ppbv,  ppbv, Gas_C8Aromatics_InSitu_M_AVMR, (C8H10) sum of m-xylene, p-xylene, o-xylene, and ethyl benzene
C9Aromatics_NOAAPTR_ppbv,  ppbv, Gas_C9Aromatics_InSitu_M_AVMR, (C9H12) sum of C9 aromatics
Naphthalene_NOAAPTR_ppbv,  ppbv, Gas_Naphthalene_InSitu_S_AVMR, (C10H8) naphthalene
Octanal_NOAAPTR_ppbv,  ppbv, Gas_Octanal_InSitu_S_AVMR, (C8H16O) octanal and small amounts of octanone
Monoterpenes_NOAAPTR_ppbv,  ppbv, Gas_Monoterpenes_InSitu_M_AVMR, (C10H16) sum of monoterpenes and possible contributions from fragments of oxygenated monoterpenoids such as eucalyptol.
Nonanal_NOAAPTR_ppbv,  ppbv, Gas_Nonanal_InSitu_M_AVMR, (C9H18O) nonanal and small amounts of nonanone
C7H4ClF3_NOAAPTR_ppbv,  ppbv, Gas_C7H4ClF3_InSitu_S_AVMR, (C7H4ClF3) parachlorobenzotrifluoride
C10H30O5Si5_NOAAPTR_ppbv,  ppbv, Gas_C10H30O5Si5_InSitu_S_AVMR, (C10H30O5Si5) decamethylcyclopentasiloxane
1
SPECIAL COMMENTS:N/A
21
PI_CONTACT_INFO: NOAA ESRL Chemical Sciences Division, Tropospheric Chemistry Group. 325 Broadway, R/CSD7, Boulder, CO 80305
PLATFORM: Mobile Laboratory.
LOCATION: Salt Lake City, UT
ASSOCIATED_DATA: N/A
INSTRUMENT_INFO: NOAA PTR-ToF-MS measurements on NOAA CSL Mobile Lab
DATA_INFO: Units: ppbv
UNCERTAINTY: See OTHER_COMMENTS
ULOD_FLAG: -7777
ULOD_VALUE: N/A
LLOD_FLAG: -8888
LLOD_VALUE: N/A.
DM_CONTACT_INFO: Data Managers: Matt Coggon, Kelvin Bates, Chelsea Stockwell; email: matthew.m.coggon@noaa.gov and kelvin.bates@colorado.edu
PROJECT_INFO: USOS Deployment July-August, 2024
STIPULATIONS_ON_USE: Use of these data require prior OK from PI.
OTHER_COMMENTS: Uncertainties:
CH3OH_NOAAPTR_ppbv:30%; CH3CN_NOAAPTR_ppbv:30%; CH3CHO_NOAAPTR_ppbv:30%; C2H5OH_NOAAPTR_ppbv:30%; CH3SH_NOAAPTR_ppbv:50%; Acrolein_NOAAPTR_ppbv:30%; AcetonePropanal_NOAAPTR_ppbv:30%; DMS_NOAAPTR_ppbv:30%; C5H8_NOAAPTR_ppbv:30%; MVKMAC_NOAAPTR_ppbv:30%; 
Benzene_NOAAPTR_ppbv:30%; Toluene_NOAAPTR_ppbv:30%; Styrene_NOAAPTR_ppbv:30%; Benzaldehyde_NOAAPTR_ppbv:30%; C8Aromatics_NOAAPTR_ppbv:30%; C9Aromatics_NOAAPTR_ppbv:30%; Naphthalene_NOAAPTR_ppbv:30%; Octanal_NOAAPTR_ppbv:30%; Monoterpenes_NOAAPTR_ppbv:30%; Nonanal_NOAAPTR_ppbv:30%; 
C7H4ClF3_NOAAPTR_ppbv:30%; C10H30O5Si5_NOAAPTR_ppbv:30%; 
REVISION: R0
R0: Calibrated PTR Data. See individual species comments for details about measurement uncertainties
Time_Start, CH3OH_NOAAPTR_ppbv, CH3CN_NOAAPTR_ppbv, CH3CHO_NOAAPTR_ppbv, C2H5OH_NOAAPTR_ppbv, CH3SH_NOAAPTR_ppbv, Acrolein_NOAAPTR_ppbv, AcetonePropanal_NOAAPTR_ppbv, DMS_NOAAPTR_ppbv, C5H8_NOAAPTR_ppbv, MVKMAC_NOAAPTR_ppbv, Benzene_NOAAPTR_ppbv, Toluene_NOAAPTR_ppbv, Styrene_NOAAPTR_ppbv, Benzaldehyde_NOAAPTR_ppbv, C8Aromatics_NOAAPTR_ppbv, C9Aromatics_NOAAPTR_ppbv, Naphthalene_NOAAPTR_ppbv, Octanal_NOAAPTR_ppbv, Monoterpenes_NOAAPTR_ppbv, Nonanal_NOAAPTR_ppbv, C7H4ClF3_NOAAPTR_ppbv, C10H30O5Si5_NOAAPTR_ppbv
[from data line 738]
44280.0, 7.69708, 0.26684, 0.96918, 1.31525, 0.00209, 0.13809, 4.26681, -0.00016, 0.12987, 0.18416, 0.02708, 0.06813, -0.00135, -0.00084, 0.03636, 0.01182, -0.00080, 0.02748, 0.07674, 0.02330, 0.00365, 0.00174 
44340.0, 7.70823, 0.27520, 0.93206, 1.94535, -0.00029, 0.16313, 4.36603, 0.00511, 0.17651, 0.20761, 0.08125, 0.17143, -0.00135, -0.00085, 0.08590, 0.02893, -0.00080, 0.00653, 0.10087, 0.02170, 0.00042, 0.00026 
44400.0, 7.30910, 0.24715, 0.88714, 0.95027, -0.00083, 0.14929, 4.26771, 0.00180, 0.15267, 0.19542, 0.05924, 0.06039, -0.00135, 0.00758, 0.03263, 0.01170, -0.00080, 0.02311, 0.08435, 0.03209, 0.00333, 0.00054 
44460.0, 8.05623, 0.28961, 0.95270, 1.07611, -0.00083, 0.13647, 4.33947, 0.01126, 0.15106, 0.19676, 0.02405, 0.09621, 0.00428, -0.00085, 0.03739, 0.01460, -0.00080, 0.02466, 0.10369, 0.03045, 0.00251, 0.00065 
44520.0, 7.55607, 0.24556, 0.85202, 1.16744, -0.00098, 0.15230, 4.30091, -0.00016, 0.13466, 0.19321, 0.01302, 0.06788, -0.00136, -0.00086, 0.03708, 0.01159, -0.00056, 0.01694, 0.07538, 0.03036, 0.00144, 0.00155 
44580.0, 7.60633, 0.28323, 0.94437, 1.28919, 0.00175, 0.16130, 4.28669, 0.00470, 0.14316, 0.18404, 0.00493, 0.09048, 0.01071, 0.00304, 0.04246, 0.01803, 0.00771, 0.01704, 0.08169, 0.01583, -0.00215, 0.00008 
44640.0, 7.06147, 0.27069, 0.86513, 0.88592, -0.00042, 0.15283, 4.18600, 0.00498, 0.10800, 0.19107, 0.05837, 0.06929, 0.01338, -0.00016, 0.03835, 0.01120, -0.00080, 0.02312, 0.09713, 0.01260, 0.00271, -0.00003 
44700.0, 8.97459, 0.27822, 0.92210, 1.22997, 0.00226, 0.17179, 4.20967, -0.00015, 0.15825, 0.18926, 0.03701, 0.08463, -0.00136, 0.01084, 0.03154, 0.01842, 0.00207, 0.00981, 0.08329, 0.02916, -0.00120, 0.00106 
44760.0, 7.04640, 0.28696, 0.85328, 1.35425, 0.00197, 0.16593, 4.24302, -0.00015, 0.12504, 0.20355, 0.01741, 0.07339, -0.00136, -0.00087, 0.02744, 0.00898, -0.00002, 0.01485, 0.09283, 0.01968, 0.00048, 0.00074 
44820.0, 7.32877, 0.27276, 0.95564, 1.29286, 0.00190, 0.15538, 4.26077, 0.00952, 0.13298, 0.20232, 0.02805, 0.08501, 0.00198, 0.00850, 0.03721, 0.01111, -0.00080, 0.02471, 0.09084, 0.02302, -0.00349, 0.00120 
44880.0, 7.13070, 0.27008, 0.97946, 1.14522, -0.00099, 0.15426, 4.30587, -0.00015, 0.15228, 0.20215, 0.04308, 0.08605, 0.00545, -0.00088, 0.03510, 0.00711, -0.00080, 0.00865, 0.10806, 0.01232, -0.00159, 0.00056 
44940.0, 7.80032, 0.25384, 0.93532, 1.03465, -0.00099, 0.16640, 4.30293, -0.00015, 0.13409, 0.20523, 0.04812, 0.06092, -0.00137, 0.00504, 0.03219, 0.01655, -0.00080, 0.03472, 0.10491, 0.02807, -0.00251, 0.00303 
45000.0, 8.15537, 0.27261, 0.93477, 0.91099, 0.00187, 0.16240, 4.21648, 0.00684, 0.14116, 0.19443, 0.04271, 0.09968, -0.00137, -0.00089, 0.02427, 0.01772, -0.00080, 0.00195, 0.09278, 0.00896, 0.00143, 0.00252 
45060.0, 8.35386, 0.25605, 0.89173, 0.94778, -0.00045, 0.12847, 4.22955, 0.00269, 0.14373, 0.19468, 0.01973, 0.07146, 0.00287, -0.00089, 0.04306, 0.01101, 0.00279, 0.01339, 0.09469, 0.01100, -0.00313, 0.00152 
45120.0, 8.35730, 0.27021, 0.98372, 1.22332, -0.00100, 0.15939, 4.26002, 0.00472, 0.17430, 0.19924, 0.01289, 0.08814, 0.00119, 0.00330, 0.03184, 0.01058, 0.00265, 0.01882, 0.09366, 0.02863, -0.00145, -0.00083 
45180.0, 7.14742, 0.26830, 0.97429, 1.17712, -0.00100, 0.16475, 4.27638, -0.00014, 0.15565, 0.19953, 0.06053, 0.08557, -0.00138, 0.00403, 0.03749, 0.01841, 0.00184, 0.01837, 0.08583, 0.03842, 0.00419, 0.00218 
45240.0, 8.05129, 0.27372, 0.91999, 1.19423, -0.00100, 0.15161, 4.31485, 0.00808, 0.13558, 0.20755, 0.02160, 0.06932, -0.00138, -0.00090, 0.02926, 0.01475, 0.01251, 0.01493, 0.06761, 0.01539, 0.00245, -0.00013 
45300.0, 8.24078, 0.29026, 0.95952, 1.20514, 0.00002, 0.13672, 4.33308, 0.00030, 0.12714, 0.18582, 0.04901, 0.08683, 0.00252, 0.02219, 0.04534, 0.01275, -0.00079, 0.01836, 0.07141, 0.03890, -0.00001, -0.00010 
45360.0, 6.94674, 0.27594, 1.00253, 1.15847, -0.00011, 0.18295, 4.26840, 0.00727, 0.14959, 0.19086, -0.00551, 0.09876, -0.00138, -0.00091, 0.03122, 0.01438, -0.00079, 0.01749, 0.09480, 0.01521, 0.00647, 0.00005 
45420.0, 7.68676, 0.27265, 0.92083, 1.25307, 0.00518, 0.15138, 4.27950, 0.00100, 0.13163, 0.20160, 0.04722, 0.09691, 0.00211, 0.00115, 0.02406, 0.01255, 0.00006, 0.02805, 0.07968, 0.02140, -0.00065, 0.00081 
45480.0, 8.31000, 0.25518, 0.86691, 1.15607, -0.00101, 0.17602, 4.24692, 0.00484, 0.15507, 0.20608, 0.00729, 0.06965, 0.00859, -0.00092, 0.04443, 0.01321, -0.00079, 0.02234, 0.11697, 0.02624, 0.00021, 0.00007 
45540.0, 7.89970, 0.25225, 1.04605, 1.22113, 0.00189, 0.16159, 4.39030, -0.00013, 0.14969, 0.20213, 0.01453, 0.08077, -0.00139, 0.00027, 0.03661, 0.00608, -0.00079, 0.02382, 0.07722, 0.02374, 0.00111, 0.00064 
45600.0, 8.65848, 0.26538, 0.97699, 1.19830, -0.00101, 0.16003, 4.19934, -0.00013, 0.13662, 0.21540, 0.05475, 0.09110, -0.00139, -0.00092, 0.03085, 0.01187, 0.00468, 0.02641, 0.10389, 0.02032, 0.00076, 0.00147 
45660.0, 8.36650, 0.27520, 1.02856, 1.17395, -0.00101, 0.15206, 4.31732, 0.01828, 0.15002, 0.19983, 0.03723, 0.09686, 0.00774, -0.00058, 0.05359, 0.02035, 0.00696, 0.02043, 0.11731, 0.03492, 0.00275, 0.00125 
45720.0, 7.24360, 0.24728, 0.95455, 1.68909, 0.00082, 0.15409, 4.30739, -0.00013, 0.14893, 0.19293, 0.02348, 0.07874, -0.00140, -0.00093, 0.04767, 0.01964, -0.00079, 0.01517, 0.09175, 0.02304, -0.00001, -0.00017 
45780.0, 7.25259, 0.26231, 0.96424, 1.37137, 0.00017, 0.17102, 4.34012, -0.00013, 0.15967, 0.20639, 0.08636, 0.07116, -0.00140, 0.00900, 0.04122, 0.00664, 0.00773, 0.01382, 0.08640, 0.01340, -0.00205, 0.00015 
45840.0, 8.20168, 0.27546, 0.89969, 1.63483, 0.00166, 0.17767, 4.30436, -0.00013, 0.12356, 0.18051, 0.02991, 0.08599, -0.00140, -0.00094, 0.03128, 0.01829, -0.00079, 0.01639, 0.10461, 0.02233, 0.00362, 0.00056 
45900.0, 7.95094, 0.26208, 0.94176, 1.11393, 0.00007, 0.19215, 4.27626, -0.00013, 0.15357, 0.19155, 0.00822, 0.09516, -0.00140, -0.00094, 0.02292, 0.00596, 0.00492, 0.01413, 0.12049, 0.03281, 0.00291, 0.00104 
45960.0, 7.84432, 0.26362, 0.89652, 1.03942, 0.00091, 0.12957, 4.33906, 0.00341, 0.13290, 0.18873, 0.02062, 0.07126, -0.00140, -0.00094, 0.02891, 0.01041, -0.00079, 0.02427, 0.09578, 0.02457, 0.00485, 0.00074 
46020.0, 8.46176, 0.27307, 0.93600, 1.56287, 0.00208, 0.16100, 4.33601, 0.00394, 0.17427, 0.21055, 0.04348, 0.10039, 0.00284, -0.00095, 0.02821, 0.01692, -0.00079, 0.02226, 0.10320, 0.02657, 0.00470, 0.00248 
46080.0, 7.60177, 0.26440, 0.97104, 1.11008, 0.00007, 0.17045, 4.35143, -0.00012, 0.14934, 0.20886, 0.03203, 0.09503, -0.00141, -0.00095, 0.02457, 0.01485, -0.00079, 0.01812, 0.08484, 0.02767, -0.00220, 0.00192 
46140.0, 9.01397, 0.27677, 0.93919, 1.37675, 0.00000, 0.17130, 4.30829, 0.00445, 0.13516, 0.20320, 0.02890, 0.07681, 0.00125, -0.00096, 0.04292, 0.01597, 0.01013, 0.01174, 0.08260, 0.00623, -0.00154, 0.00135 
46200.0, 8.26826, 0.26709, 0.93128, 1.40974, 0.00090, 0.16663, 4.29302, 0.00449, 0.16606, 0.19943, 0.01703, 0.08535, 0.00129, 0.00397, 0.03229, 0.01269, -0.00079, 0.01242, 0.07638, 0.01380, 0.00037, 0.00239 
46260.0, 7.65950, 0.26272, 0.96361, 1.10713, 0.00332, 0.18563, 4.32264, -0.00012, 0.17410, 0.20919, 0.03229, 0.08936, -0.00141, 0.01566, 0.03286, 0.01544, -0.00079, 0.01061, 0.09781, 0.01767, 0.00092, 0.00093 
46320.0, 7.37514, 0.26194, 0.91393, 1.15316, 0.00119, 0.16017, 4.30713, 0.00147, 0.21397, 0.18096, 0.00962, 0.07406, -0.00142, -0.00097, 0.02498, 0.01026, -0.00079, 0.02161, 0.08970, 0.03080, -0.00299, -0.00001 
46380.0, 7.89968, 0.27616, 0.88559, 1.20649, -0.00025, 0.15522, 4.25279, -0.00012, 0.16422, 0.19898, 0.03363, 0.08006, -0.00142, 0.00891, 0.03682, 0.01277, 0.00250, 0.01295, 0.07583, 0.04337, -0.00096, -0.00064 
46440.0, 8.51877, 0.26850, 0.93699, 1.21386, 0.00024, 0.15186, 4.28791, 0.00708, 0.17427, 0.21631, 0.04906, 0.10235, 0.00457, -0.00097, 0.03757, 0.01698, -0.00079, 0.01193, 0.11430, 0.02319, -0.00309, 0.00345 
46500.0, 8.30205, 0.25803, 0.99484, 1.21327, -0.00042, 0.13966, 4.34436, 0.00457, 0.17218, 0.18117, 0.01707, 0.10050, 0.00377, -0.00098, 0.02724, 0.01258, 0.00155, 0.02518, 0.11623, 0.02488, -0.00063, 0.00027 
46560.0, 7.73701, 0.26646, 0.93565, 1.01392, 0.00002, 0.15801, 4.31344, 0.00799, 0.22042, 0.18539, 0.01730, 0.07984, -0.00142, -0.00098, 0.03360, 0.01017, -0.00078, 0.01524, 0.11593, 0.02086, 0.00323, 0.00008 
46620.0, 7.61293, 0.26020, 0.90918, 1.20716, 0.00065, 0.17701, 4.31120, -0.00011, 0.15588, 0.18765, 0.01474, 0.08646, 0.00156, -0.00098, 0.03214, 0.01071, -0.00078, 0.00849, 0.11863, 0.00864, -0.00094, 0.00046 
46680.0, 7.19176, 0.27622, 0.90923, 1.04759, -0.00105, 0.16395, 4.34398, -0.00011, 0.16245, 0.19122, 0.03893, 0.07826, -0.00143, 0.01373, 0.03660, 0.01203, -0.00078, 0.01492, 0.08320, 0.03663, 0.00064, 0.00163 
46740.0, 8.05379, 0.26535, 0.89314, 1.04836, 0.00197, 0.16281, 4.29089, 0.00030, 0.19051, 0.19803, 0.04560, 0.07443, -0.00066, 0.01172, 0.04087, 0.01239, 0.00475, 0.01715, 0.10617, 0.00808, -0.00008, 0.00184 
46800.0, 8.21534, 0.27411, 0.94350, 1.34301, -0.00011, 0.14525, 4.34445, -0.00011, 0.14769, 0.18924, 0.03554, 0.07734, -0.00143, -0.00099, 0.04252, 0.01495, -0.00078, 0.03179, 0.07910, 0.00360, 0.00281, 0.00053 
46860.0, 8.32046, 0.27088, -9999.00000, 0.95912, -0.00098, 0.16149, 4.27160, 0.00132, -9999.00000, 0.21372, 0.04067, 0.10197, 0.00552, 0.01690, 0.03739, 0.01691, -0.00078, 0.01332, 0.08921, 0.02048, -0.00287, 0.00079 
46920.0, -9999.00000, -9999.00000, -9999.00000, -9999.00000, -9999.00000, -9999.00000, -9999.00000, -9999.00000, -9999.00000, -9999.00000, -9999.00000, -9999.00000, -9999.00000, -9999.00000, -9999.00000, -9999.00000, -9999.00000, -9999.00000, -9999.00000, -9999.00000, -9999.00000, -9999.00000 
46980.0, -9999.00000, -9999.00000, -9999.00000, -9999.00000, -9999.00000, -9999.00000, -9999.00000, -9999.00000, -9999.00000, -9999.00000, -9999.00000, -9999.00000, -9999.00000, -9999.00000, -9999.00000, -9999.00000, -9999.00000, -9999.00000, -9999.00000, -9999.00000, -9999.00000, -9999.00000 
47040.0, -9999.00000, -9999.00000, -9999.00000, -9999.00000, -9999.00000, -9999.00000, -9999.00000, -9999.00000, -9999.00000, -9999.00000, -9999.00000, -9999.00000, -9999.00000, -9999.00000, -9999.00000, -9999.00000, -9999.00000, -9999.00000, -9999.00000, -9999.00000, -9999.00000, -9999.00000 
47100.0, -9999.00000, -9999.00000, -9999.00000, -9999.00000, -9999.00000, -9999.00000, -9999.00000, -9999.00000, -9999.00000, -9999.00000, -9999.00000, -9999.00000, -9999.00000, -9999.00000, -9999.00000, -9999.00000, -9999.00000, -9999.00000, -9999.00000, -9999.00000, -9999.00000, -9999.00000 
47160.0, -9999.00000, -9999.00000, -9999.00000, -9999.00000, -9999.00000, -9999.00000, -9999.00000, -9999.00000, -9999.00000, -9999.00000, -9999.00000, -9999.00000, -9999.00000, -9999.00000, -9999.00000, -9999.00000, -9999.00000, -9999.00000, -9999.00000, -9999.00000, -9999.00000, -9999.00000 
47220.0, -9999.00000, -9999.00000, -9999.00000, -9999.00000, -9999.00000, -9999.00000, -9999.00000, -9999.00000, -9999.00000, -9999.00000, -9999.00000, -9999.00000, -9999.00000, -9999.00000, -9999.00000, -9999.00000, -9999.00000, -9999.00000, -9999.00000, -9999.00000, -9999.00000, -9999.00000 
47280.0, -9999.00000, -9999.00000, -9999.00000, -9999.00000, -9999.00000, -9999.00000, -9999.00000, -9999.00000, -9999.00000, -9999.00000, -9999.00000, -9999.00000, -9999.00000, -9999.00000, -9999.00000, -9999.00000, -9999.00000, -9999.00000, -9999.00000, -9999.00000, -9999.00000, -9999.00000 
47340.0, -9999.00000, -9999.00000, -9999.00000, -9999.00000, -9999.00000, -9999.00000, -9999.00000, -9999.00000, -9999.00000, -9999.00000, -9999.00000, -9999.00000, -9999.00000, -9999.00000, -9999.00000, -9999.00000, -9999.00000, -9999.00000, -9999.00000, -9999.00000, -9999.00000, -9999.00000 
47400.0, -9999.00000, -9999.00000, -9999.00000, -9999.00000, -9999.00000, -9999.00000, -9999.00000, -9999.00000, -9999.00000, -9999.00000, -9999.00000, -9999.00000, -9999.00000, -9999.00000, -9999.00000, -9999.00000, -9999.00000, -9999.00000, -9999.00000, -9999.00000, -9999.00000, -9999.00000 
47460.0, -9999.00000, -9999.00000, -9999.00000, -9999.00000, -9999.00000, -9999.00000, -9999.00000, -9999.00000, -9999.00000, -9999.00000, -9999.00000, -9999.00000, -9999.00000, -9999.00000, -9999.00000, -9999.00000, -9999.00000, -9999.00000, -9999.00000, -9999.00000, -9999.00000, -9999.00000 
47520.0, 7.83630, -9999.00000, -9999.00000, 1.37437, 0.00158, 0.20416, 4.44026, 0.00003, -9999.00000, 0.31419, 0.02397, 0.10903, -0.00141, -0.00098, 0.06164, 0.05491, -0.00081, 0.01251, 0.13137, 0.03821, -0.00099, 0.00035 
47580.0, 9.07663, 0.29123, 1.00045, 1.48466, 0.00194, 0.13750, 4.35881, 0.01076, 0.23756, 0.21493, 0.01779, 0.10647, -0.00141, -0.00098, 0.04125, 0.01959, -0.00081, 0.02102, 0.13583, 0.04967, 0.00032, 0.00091 
47640.0, 7.87360, 0.25432, 0.98218, 1.38280, 0.00100, 0.17104, 4.29161, 0.01269, 0.23743, 0.20731, 0.09468, 0.10233, 0.00863, 0.00929, 0.04598, 0.01849, 0.00775, 0.01392, 0.10902, 0.02060, 0.00567, 0.00003 
47700.0, 8.00899, 0.26211, 1.03814, 1.09070, 0.00406, 0.17449, 4.32970, -0.00012, 0.22224, 0.21805, 0.04692, 0.09310, 0.00804, 0.00178, 0.03110, 0.02252, 0.00237, 0.02029, 0.12698, 0.01831, 0.00222, 0.00003 
47760.0, 8.32687, 0.26886, 1.02486, 1.05495, -0.00005, 0.15204, 4.34315, 0.00637, 0.24049, 0.19733, 0.06166, 0.09210, 0.00062, -0.00097, 0.03744, 0.02006, -0.00083, 0.00616, 0.09997, 0.01557, 0.00373, 0.00207 
47820.0, 8.09050, 0.26461, 1.00829, 1.77551, 0.00106, 0.17230, 4.35950, 0.00011, 0.25569, 0.21028, 0.05709, 0.18530, 0.00224, 0.01127, 0.08360, 0.03076, -0.00083, 0.02538, 0.11354, 0.00959, -0.00024, 0.00047 
47880.0, 8.31530, 0.27054, 0.96030, 0.95668, -0.00018, 0.18612, 4.31420, -0.00012, 0.20581, 0.22609, 0.03161, 0.08064, -0.00139, -0.00022, 0.03506, 0.01098, -0.00083, 0.01958, 0.11386, 0.02620, 0.00015, 0.00009 
47940.0, 8.18837, 0.28285, 1.08504, 1.37297, 0.00087, 0.19270, 4.35436, 0.00148, 0.23443, 0.19627, 0.02060, 0.09465, 0.00249, -0.00096, 0.04572, 0.01876, 0.02022, 0.01897, 0.12001, 0.01552, 0.00677, 0.00097 
48000.0, 8.24033, 0.26935, 0.97794, 1.39720, -0.00105, 0.17684, 4.43434, 0.00725, 0.26143, 0.21579, 0.09321, 0.13536, -0.00021, -0.00095, 0.07276, 0.03348, 0.00958, 0.02436, 0.11532, 0.03156, -0.00209, 0.00008 
48060.0, 7.95406, 0.26947, 1.06341, 1.29701, 0.00025, 0.17721, 4.40948, 0.00202, 0.23105, 0.19700, 0.01223, 0.08673, 0.00140, 0.00572, 0.04773, 0.01343, 0.00257, 0.01721, 0.14291, 0.02030, 0.00363, 0.00258 
48120.0, 8.24990, 0.27128, 0.99920, 1.16979, -0.00105, 0.16498, 4.36930, -0.00013, 0.23761, 0.20133, 0.02378, 0.09206, 0.00358, 0.00076, 0.03258, 0.00709, -0.00085, 0.01477, 0.11058, 0.02676, -0.00052, 0.00087 
48180.0, 7.09527, 0.28890, 0.97086, 1.09673, -0.00055, 0.17406, 4.32080, -0.00013, 0.23386, 0.20026, 0.01679, 0.09817, -0.00137, -0.00094, 0.03806, 0.02114, 0.00397, 0.02477, 0.10887, 0.01714, 0.00052, 0.00172 
48240.0, 7.68313, 0.27674, 0.97736, 1.34919, 0.00004, 0.15629, 4.34961, 0.00473, 0.24478, 0.21745, 0.01625, 0.08415, 0.00529, -0.00094, 0.03365, 0.01320, -0.00086, 0.01889, 0.10319, 0.01806, 0.00320, 0.00215 
48300.0, 7.61439, 0.25181, 0.91846, 1.40640, 0.00143, 0.16515, 4.37667, -0.00014, 0.25445, 0.19660, 0.05616, 0.08866, -0.00136, 0.00093, 0.03871, 0.01172, -0.00087, 0.01722, 0.13522, 0.01578, -0.00297, 0.00106 
48360.0, 7.94569, 0.27370, 1.01507, 1.14530, -0.00011, 0.14420, 4.36571, -0.00014, 0.26139, 0.21607, 0.08019, 0.09372, -0.00136, 0.01368, 0.03940, 0.02120, -0.00087, 0.02005, 0.11330, 0.02388, 0.00572, 0.00001 
48420.0, 8.08526, 0.26885, 0.97827, 1.36828, -0.00105, 0.17922, 4.45309, -0.00014, 0.29643, 0.20834, 0.02067, 0.10093, -0.00136, 0.00779, 0.03420, 0.01519, -0.00088, -0.00077, 0.11899, 0.02049, 0.00024, 0.00190 
