CampaignData_and_Merges/R0/CSL_MobileLab_Parked/raw/20240721/USOS-MetNav_MobileLabGround_20240721_R0.ict
44, 1001
Carrie Womack, Nate Howard, Mike Zucker
NOAA Chemical Sciences Laboratory
Mobile Lab MetNav Station
USOS
1, 1
2024, 07, 21, 2024, 12, 21
60
Time_Start, seconds_past_midnight, Seconds from midnight UTC
11
1, 1, 1, 1, 1, 1, 1, 1, 1, 1, 1
-9999, -9999, -9999, -9999, -9999, -9999, -9999, -9999, -9999, -9999, -9999
GPS_Alt_m, meters, Altitude from Differential GPS
GPS_Course_deg, degrees, Course from Differential GPS
GPS_GndSpd_m_s, m/s, Ground Speed from Differential GPS
GPS_Heading_deg, degrees, Heading from Differential GPS
GPS_Lat_deg, degrees, Latitude from Differential GPS
GPS_Lon_deg, degrees, Longitude from Differential GPS
AirTemp_C, Celsius, Air Temperature from Airmar
RelHumidity_pct, percent, Relative Humidity from Airmar
Pressure_mb, millibars, Pressure from Honeywell
WindDir_calc_deg, degrees, Wind Direction from Airmar corrected for van movement
WindSpd_calc_m_s, m/s, Wind Speed from Airmar corrected for van movement
1
SPECIAL COMMENTS:
18
PI_CONTACT_INFO: Address: 325 Broadway R/CSL7, Boulder, CO, 80305
PLATFORM: CSL Mobile Lab
LOCATION: Salt Lake City, UT
ASSOCIATED_DATA: N/A
INSTRUMENT_INFO: N/A
DATA_INFO: Units:
UNCERTAINTY: N/A
ULOD_FLAG: -7777
ULOD_VALUE: N/A
LLOD_FLAG: -8888
LLOD_VALUE: N/A
DM_CONTACT_INFO: Data Manager: Nate Howard
PROJECT_INFO: 
STIPULATIONS_ON_USE: Use of these data require prior ok from PI.
OTHER_COMMENTS: 
REVISION: R0
R0: Final data. Fixed bug in wind averaging code. RA: Preliminary Data. For in-field use only. 
Time_Start, GPS_Alt_m, GPS_Course_deg, GPS_GndSpd_m_s, GPS_Heading_deg, GPS_Lat_deg, GPS_Lon_deg, AirTemp_C, RelHumidity_pct, Pressure_mb, WindDir_calc_deg, WindSpd_calc_m_s
[from data line 202]
12120.0,1308.8,0.50,0.06,0.50,40.73434,-111.87210,29.3,21.0,877.0,109.92,2.4
12180.0,1308.5,0.64,0.06,0.64,40.73434,-111.87210,29.4,20.9,877.0,107.99,2.1
12240.0,1308.8,0.58,0.05,0.58,40.73434,-111.87210,29.3,20.9,877.0,108.15,3.5
12300.0,1308.7,1.47,0.06,1.47,40.73434,-111.87211,29.3,20.9,877.1,105.69,2.6
12360.0,1308.7,0.76,0.06,0.76,40.73434,-111.87210,29.2,20.9,877.1,105.29,3.0
12420.0,1308.8,0.45,0.05,0.45,40.73434,-111.87210,29.2,20.9,877.1,110.65,3.0
12480.0,1308.8,0.54,0.05,0.54,40.73434,-111.87210,29.2,20.9,877.1,105.59,2.2
12540.0,1308.5,359.93,0.05,359.93,40.73434,-111.87210,29.2,20.9,877.1,108.67,2.0
12600.0,1308.2,359.77,0.05,359.77,40.73434,-111.87210,29.2,20.9,877.2,100.10,2.0
12660.0,1308.5,359.98,0.04,359.98,40.73434,-111.87210,29.2,20.9,877.2,100.24,2.2
12720.0,1308.5,359.79,0.05,359.79,40.73434,-111.87210,29.2,21.1,877.2,116.24,1.9
12780.0,1308.6,359.86,0.04,359.86,40.73434,-111.87210,29.1,21.1,877.2,112.47,3.1
12840.0,1308.7,0.09,0.04,0.09,40.73434,-111.87210,29.1,21.1,877.2,110.13,2.0
12900.0,1308.6,359.85,0.04,359.85,40.73434,-111.87210,29.1,21.0,877.2,111.10,2.3
12960.0,1308.6,0.12,0.05,0.12,40.73434,-111.87210,29.1,21.0,877.2,99.54,2.1
13020.0,1308.3,0.44,0.05,0.44,40.73434,-111.87210,29.0,20.9,877.2,107.96,2.6
13080.0,1308.3,0.30,0.05,0.30,40.73434,-111.87210,29.0,20.8,877.2,106.86,2.7
13140.0,1308.3,359.78,0.05,359.78,40.73434,-111.87210,29.0,20.7,877.2,107.74,2.6
13200.0,1308.5,359.22,0.06,359.22,40.73434,-111.87210,29.0,20.7,877.1,107.37,2.6
13260.0,1308.5,359.30,0.05,359.30,40.73433,-111.87210,29.1,20.8,877.1,121.68,2.3
13320.0,1308.6,359.40,0.05,359.40,40.73433,-111.87210,29.1,21.1,877.1,117.75,2.6
13380.0,1308.6,359.57,0.05,359.57,40.73433,-111.87210,28.9,20.9,877.2,116.16,3.9
13440.0,1308.6,359.81,0.06,359.81,40.73433,-111.87210,28.9,20.9,877.2,110.50,4.4
13500.0,1308.5,359.72,0.05,359.72,40.73433,-111.87210,28.9,20.8,877.3,108.80,3.1
13560.0,1308.4,359.70,0.05,359.70,40.73433,-111.87210,28.9,20.7,877.3,103.19,2.7
13620.0,1308.4,359.73,0.05,359.73,40.73433,-111.87210,28.9,20.7,877.3,108.28,3.3
13680.0,1308.6,359.63,0.05,359.63,40.73433,-111.87210,28.9,20.9,877.3,109.61,2.8
13740.0,1308.5,359.59,0.06,359.59,40.73433,-111.87210,28.9,20.7,877.3,105.01,1.5
13800.0,1308.4,359.47,0.05,359.47,40.73433,-111.87210,29.0,20.9,877.3,113.18,1.5
13860.0,1308.4,359.77,0.04,359.77,40.73433,-111.87210,28.9,20.9,877.3,99.71,2.4
13920.0,1308.4,359.43,0.04,359.43,40.73433,-111.87210,28.9,21.0,877.3,108.20,2.1
13980.0,1308.4,359.39,0.05,359.39,40.73433,-111.87210,28.8,20.9,877.3,107.64,3.7
14040.0,1308.6,359.66,0.04,359.66,40.73433,-111.87210,28.8,20.8,877.3,105.46,3.3
14100.0,1308.7,359.29,0.04,359.29,40.73434,-111.87210,28.8,20.8,877.3,109.48,3.7
14160.0,1308.6,359.31,0.05,359.31,40.73433,-111.87210,28.8,20.9,877.4,105.72,2.3
14220.0,1308.4,359.30,0.05,359.30,40.73434,-111.87210,28.8,20.8,877.4,112.25,3.4
14280.0,1308.3,359.08,0.05,359.08,40.73434,-111.87210,28.8,21.1,877.4,114.28,3.1
14340.0,1308.2,359.31,0.06,359.31,40.73434,-111.87210,28.8,21.0,877.5,114.12,3.6
14400.0,1308.1,359.85,0.06,359.85,40.73433,-111.87210,28.7,20.9,877.5,113.24,3.3
14460.0,1308.3,0.14,0.05,0.14,40.73434,-111.87210,28.8,21.0,877.4,110.78,3.0
14520.0,1308.3,359.63,0.04,359.63,40.73434,-111.87210,28.8,21.0,877.4,103.03,2.5
14580.0,1308.2,359.89,0.05,359.89,40.73434,-111.87210,28.7,21.0,877.4,112.67,2.3
14640.0,1308.1,359.90,0.05,359.90,40.73434,-111.87210,28.7,21.1,877.4,99.11,2.1
14700.0,1308.0,359.65,0.05,359.65,40.73434,-111.87210,28.7,21.2,877.3,111.56,2.3
14760.0,1307.9,359.51,0.06,359.51,40.73434,-111.87210,28.6,21.2,877.3,109.48,3.0
14820.0,1307.8,359.41,0.05,359.41,40.73434,-111.87210,28.6,21.4,877.4,109.86,3.4
14880.0,1307.7,359.52,0.05,359.52,40.73434,-111.87210,28.5,21.3,877.4,112.52,3.6
14940.0,1307.8,359.84,0.05,359.84,40.73434,-111.87210,28.5,21.3,877.4,110.33,3.1
15000.0,1307.9,359.62,0.06,359.62,40.73434,-111.87210,28.5,21.5,877.4,111.90,2.7
15060.0,1307.9,359.57,0.05,359.57,40.73434,-111.87210,28.4,21.5,877.4,107.67,2.9
15120.0,1308.0,359.79,0.04,359.79,40.73434,-111.87210,28.5,21.6,877.4,106.77,1.7
15180.0,1308.1,359.97,0.05,359.97,40.73434,-111.87210,28.4,21.7,877.4,117.39,2.6
15240.0,1307.9,359.78,0.05,359.78,40.73434,-111.87210,28.4,21.8,877.4,111.96,2.4
15300.0,1307.8,359.43,0.05,359.43,40.73434,-111.87210,28.3,21.7,877.3,119.43,3.2
15360.0,1307.6,359.25,0.05,359.25,40.73434,-111.87210,28.3,21.7,877.4,111.74,2.9
15420.0,1307.8,359.30,0.05,359.30,40.73434,-111.87210,28.3,21.8,877.3,112.82,2.8
15480.0,1308.0,359.50,0.05,359.50,40.73434,-111.87210,28.2,21.7,877.3,112.25,4.5
15540.0,1308.1,359.85,0.05,359.85,40.73434,-111.87210,28.2,21.9,877.4,111.77,4.2
15600.0,1308.1,0.15,0.05,0.15,40.73434,-111.87210,28.2,21.7,877.4,112.18,3.4
15660.0,1308.0,359.65,0.04,359.65,40.73434,-111.87210,28.3,21.7,877.4,94.71,2.0
15720.0,1308.0,359.77,0.04,359.77,40.73434,-111.87210,28.3,21.7,877.4,98.61,2.1
15780.0,1308.3,0.30,0.05,0.30,40.73434,-111.87210,28.3,21.6,877.4,113.43,2.2
15840.0,1308.5,359.98,0.05,359.98,40.73434,-111.87210,28.3,21.8,877.4,113.28,2.1
15900.0,1308.4,359.88,0.04,359.88,40.73434,-111.87210,28.2,21.8,877.4,106.60,3.6
15960.0,1308.3,359.67,0.05,359.67,40.73434,-111.87210,28.3,21.8,877.4,109.96,2.6
16020.0,1308.2,359.31,0.06,359.31,40.73434,-111.87210,28.2,21.8,877.4,104.17,2.9
16080.0,1308.2,359.59,0.05,359.59,40.73434,-111.87210,28.2,22.0,877.3,113.26,2.5
16140.0,1308.6,359.12,0.05,359.12,40.73434,-111.87210,28.2,22.0,877.3,118.11,1.8
16200.0,1308.9,359.04,0.04,359.04,40.73434,-111.87210,28.2,21.9,877.3,105.84,4.6
16260.0,1308.9,358.93,0.04,358.93,40.73434,-111.87210,28.2,22.0,877.3,105.16,4.0
16320.0,1308.8,358.99,0.04,358.99,40.73434,-111.87210,28.1,22.1,877.3,105.41,4.1
16380.0,1308.9,359.48,0.04,359.48,40.73434,-111.87210,28.1,22.0,877.4,108.19,3.5
16440.0,1309.0,359.84,0.05,359.84,40.73434,-111.87210,28.2,22.1,877.3,105.42,2.7
16500.0,1308.8,359.98,0.05,359.98,40.73434,-111.87210,28.1,22.2,877.3,104.57,2.6
16560.0,1308.8,359.40,0.05,359.40,40.73434,-111.87210,28.1,22.1,877.4,96.04,2.9
16620.0,1308.8,359.38,0.05,359.38,40.73433,-111.87210,28.1,22.2,877.4,112.05,3.2
16680.0,1308.8,359.76,0.06,359.76,40.73433,-111.87210,28.1,22.4,877.3,123.18,2.8
16740.0,1308.5,0.15,0.06,0.15,40.73434,-111.87210,28.1,22.4,877.3,112.96,4.0
16800.0,1308.6,0.43,0.05,0.43,40.73434,-111.87210,28.0,22.3,877.3,109.19,3.0
16860.0,1308.7,0.31,0.05,0.31,40.73433,-111.87210,27.9,22.2,877.4,102.95,4.6
16920.0,1308.7,359.98,0.05,359.98,40.73433,-111.87210,28.0,22.4,877.4,109.55,3.0
16980.0,1308.6,359.61,0.05,359.61,40.73433,-111.87210,28.1,22.3,877.4,115.52,1.6
17040.0,1308.5,359.76,0.05,359.76,40.73433,-111.87210,28.1,22.4,877.4,113.15,1.8
17100.0,1308.5,359.78,0.05,359.78,40.73433,-111.87210,28.0,22.4,877.4,109.27,2.3
17160.0,1308.5,359.70,0.06,359.70,40.73433,-111.87210,27.9,22.4,877.4,107.58,3.1
17220.0,1308.5,359.82,0.06,359.82,40.73433,-111.87210,27.9,22.4,877.4,106.58,2.7
17280.0,1308.4,359.42,0.06,359.42,40.73433,-111.87210,27.9,22.4,877.4,106.42,2.5
17340.0,1308.4,359.16,0.05,359.16,40.73433,-111.87210,27.9,22.3,877.5,104.42,2.9
17400.0,1308.3,359.03,0.05,359.03,40.73433,-111.87210,27.9,22.3,877.4,115.00,4.1
17460.0,1308.4,359.15,0.06,359.15,40.73434,-111.87210,27.9,22.3,877.4,101.79,3.1
17520.0,1308.5,359.11,0.05,359.11,40.73433,-111.87210,27.9,22.3,877.4,103.99,3.8
17580.0,1308.4,359.38,0.05,359.38,40.73434,-111.87210,28.0,22.3,877.4,115.14,2.9
17640.0,1308.1,359.28,0.06,359.28,40.73434,-111.87210,28.0,22.3,877.4,112.08,3.0
17700.0,1307.8,359.09,0.06,359.09,40.73434,-111.87210,27.9,22.3,877.4,104.57,3.3
17760.0,1308.2,359.00,0.06,359.00,40.73434,-111.87210,28.0,22.3,877.4,107.93,2.8
17820.0,1308.1,359.11,0.06,359.11,40.73433,-111.87210,28.0,22.2,877.4,107.44,3.5
17880.0,1308.1,359.21,0.05,359.21,40.73433,-111.87210,27.9,22.3,877.4,104.40,3.4
17940.0,1308.2,359.66,0.05,359.66,40.73433,-111.87210,27.9,22.2,877.4,106.23,3.6
18000.0,1308.4,359.14,0.06,359.14,40.73433,-111.87210,28.0,22.2,877.3,112.49,3.9
18060.0,1308.1,359.04,0.06,359.04,40.73434,-111.87210,27.9,22.3,877.4,102.53,3.7
18120.0,1308.7,359.23,0.05,359.23,40.73434,-111.87210,28.0,22.2,877.4,109.93,2.8
18180.0,1308.7,359.43,0.05,359.43,40.73434,-111.87210,28.0,22.2,877.4,108.38,3.4
18240.0,1308.3,359.57,0.05,359.57,40.73434,-111.87210,28.0,22.1,877.4,100.46,3.1
18300.0,1308.5,359.31,0.05,359.31,40.73434,-111.87210,28.0,22.2,877.4,107.27,2.2
18360.0,1308.6,359.23,0.06,359.23,40.73434,-111.87210,27.9,22.1,877.4,108.92,3.9
18420.0,1308.7,359.02,0.06,359.02,40.73434,-111.87210,27.9,22.1,877.4,105.57,3.2
18480.0,1308.6,359.02,0.06,359.02,40.73434,-111.87210,27.9,22.1,877.4,112.07,4.3
18540.0,1308.7,359.01,0.05,359.01,40.73434,-111.87210,27.9,22.3,877.4,112.80,3.6
18600.0,1308.7,359.28,0.05,359.28,40.73434,-111.87210,27.9,22.3,877.4,117.29,3.0
18660.0,1308.6,359.55,0.05,359.55,40.73434,-111.87210,27.9,22.3,877.4,118.03,3.6
18720.0,1308.6,359.33,0.05,359.33,40.73434,-111.87210,27.9,22.3,877.4,114.57,2.1
18780.0,1308.6,359.72,0.05,359.72,40.73434,-111.87210,27.9,22.1,877.5,97.20,2.8
18840.0,1308.6,359.56,0.05,359.56,40.73434,-111.87210,27.8,22.2,877.5,114.66,3.2
18900.0,1308.6,359.47,0.05,359.47,40.73434,-111.87210,27.8,22.2,877.5,113.72,2.7
18960.0,1308.5,0.23,0.06,0.23,40.73434,-111.87210,27.8,22.1,877.5,108.69,3.2
19020.0,1308.4,0.42,0.05,0.42,40.73434,-111.87210,27.7,22.0,877.5,112.09,4.6
19080.0,1308.3,0.17,0.05,0.17,40.73434,-111.87210,27.8,22.0,877.5,114.41,3.9
19140.0,1308.4,359.99,0.05,359.99,40.73434,-111.87210,27.7,22.1,877.5,111.90,4.6
19200.0,1308.1,359.53,0.05,359.53,40.73434,-111.87210,27.8,22.2,877.5,117.64,3.0
19260.0,1308.0,359.39,0.06,359.39,40.73434,-111.87210,27.8,22.1,877.5,120.88,3.2
19320.0,1307.9,359.57,0.05,359.57,40.73434,-111.87210,27.7,22.4,877.5,116.41,3.4
19380.0,1307.8,359.53,0.05,359.53,40.73434,-111.87210,27.7,22.2,877.5,103.53,3.2
19440.0,1307.5,359.88,0.05,359.88,40.73434,-111.87211,27.7,22.3,877.5,118.14,3.7
19500.0,1307.2,359.28,0.05,359.28,40.73433,-111.87211,27.7,22.3,877.6,116.69,3.7
19560.0,1307.1,358.95,0.04,358.95,40.73433,-111.87211,27.6,22.3,877.6,111.59,3.8
19620.0,1307.2,358.73,0.04,358.73,40.73433,-111.87211,27.5,22.4,877.6,110.33,4.9
19680.0,1307.1,358.58,0.05,358.58,40.73433,-111.87211,27.6,22.2,877.6,113.76,3.1
19740.0,1307.0,358.32,0.05,358.32,40.73433,-111.87211,27.6,22.3,877.6,117.88,3.8
19800.0,1307.0,358.36,0.04,358.36,40.73433,-111.87211,27.6,22.3,877.7,115.48,3.6
19860.0,1306.9,358.17,0.04,358.17,40.73433,-111.87211,27.6,22.5,877.7,118.56,3.0
19920.0,1307.0,358.50,0.04,358.50,40.73433,-111.87211,27.5,22.5,877.7,124.02,4.6
19980.0,1307.0,358.20,0.04,358.20,40.73433,-111.87211,27.4,22.4,877.7,123.55,5.3
20040.0,1307.0,358.15,0.04,358.15,40.73433,-111.87211,27.4,22.6,877.8,123.12,4.7
20100.0,1307.0,358.16,0.04,358.16,40.73433,-111.87211,27.4,22.7,877.8,117.10,4.7
20160.0,1307.0,358.15,0.05,358.15,40.73433,-111.87211,27.4,22.8,877.8,116.49,3.8
20220.0,1307.0,358.18,0.05,358.18,40.73433,-111.87211,27.4,22.6,877.8,127.15,3.7
20280.0,1306.9,358.39,0.04,358.39,40.73433,-111.87211,27.4,22.6,877.8,131.12,5.0
20340.0,1306.9,357.81,0.05,357.81,40.73433,-111.87211,27.5,22.5,877.8,137.62,4.7
20400.0,1307.0,357.85,0.04,357.85,40.73433,-111.87211,27.5,22.3,877.8,138.94,6.5
20460.0,1307.1,358.06,0.04,358.06,40.73433,-111.87211,27.6,22.4,877.8,130.57,5.0
20520.0,1307.2,357.76,0.04,357.76,40.73433,-111.87211,27.6,22.2,877.8,116.24,5.2
20580.0,1307.3,357.74,0.04,357.74,40.73434,-111.87211,27.7,22.1,877.8,105.71,4.2
20640.0,1307.2,357.65,0.05,357.65,40.73434,-111.87211,27.9,21.6,877.8,109.64,4.3
20700.0,1307.3,357.92,0.05,357.92,40.73434,-111.87211,28.0,21.7,877.7,101.93,3.2
20760.0,1307.4,357.70,0.05,357.70,40.73434,-111.87211,28.0,21.7,877.7,104.88,3.1
20820.0,1307.4,357.85,0.05,357.85,40.73434,-111.87211,28.1,21.4,877.7,103.17,3.5
20880.0,1307.6,358.44,0.04,358.44,40.73434,-111.87211,28.2,21.3,877.7,104.01,2.3
20940.0,1307.6,358.81,0.04,358.81,40.73434,-111.87211,28.2,21.2,877.7,97.50,2.6
21000.0,1307.5,358.44,0.05,358.44,40.73434,-111.87211,28.3,21.3,877.8,114.47,3.1
21060.0,1307.6,358.14,0.05,358.14,40.73434,-111.87211,28.3,21.5,877.8,117.69,3.6
21120.0,1307.6,358.08,0.05,358.08,40.73434,-111.87211,28.3,21.6,877.8,114.38,1.9
21180.0,1307.7,358.50,0.05,358.50,40.73434,-111.87211,28.3,21.3,877.7,115.47,1.7
21240.0,1308.0,359.16,0.04,359.16,40.73434,-111.87211,28.4,21.3,877.7,111.02,1.6
21300.0,1308.0,359.09,0.05,359.09,40.73434,-111.87211,28.4,21.5,877.7,119.24,1.9
21360.0,1308.1,358.86,0.05,358.86,40.73434,-111.87211,28.3,21.8,877.7,117.68,2.0
21420.0,1308.3,358.38,0.05,358.38,40.73434,-111.87211,28.3,21.7,877.8,111.55,1.9
21480.0,1308.5,358.35,0.05,358.35,40.73434,-111.87211,28.2,21.6,877.8,113.00,2.6
21540.0,1308.7,358.20,0.05,358.20,40.73434,-111.87211,28.2,21.7,877.8,116.82,3.3
21600.0,1308.7,358.64,0.05,358.64,40.73434,-111.87211,28.2,21.8,877.8,114.04,3.2
21660.0,1308.6,359.51,0.05,359.51,40.73434,-111.87211,28.1,21.9,877.8,116.19,4.1
21720.0,1309.0,359.89,0.05,359.89,40.73434,-111.87211,28.1,22.0,877.8,119.69,2.7
21780.0,1309.3,0.38,0.04,0.38,40.73434,-111.87211,28.0,21.9,877.8,115.31,3.4
21840.0,1309.1,0.31,0.05,0.31,40.73434,-111.87211,27.9,22.1,877.9,118.33,3.4
21900.0,1309.0,0.48,0.05,0.48,40.73434,-111.87211,28.0,22.0,877.9,114.47,2.1
21960.0,1309.2,359.86,0.04,359.86,40.73434,-111.87210,28.0,21.9,877.9,124.04,2.7
22020.0,1309.0,0.14,0.04,0.14,40.73434,-111.87210,27.9,22.0,877.9,129.77,2.8
22080.0,1309.0,0.58,0.05,0.58,40.73434,-111.87210,27.9,22.1,877.9,107.82,2.3
22140.0,1308.9,359.97,0.05,359.97,40.73434,-111.87210,27.9,22.2,877.8,127.15,2.5
22200.0,1308.8,359.97,0.04,359.97,40.73434,-111.87210,27.9,22.2,877.8,127.93,2.5
22260.0,1308.8,359.95,0.04,359.95,40.73434,-111.87210,27.9,22.2,877.9,127.77,2.6
22320.0,1309.0,359.78,0.04,359.78,40.73434,-111.87210,27.8,22.2,877.9,124.12,3.3
22380.0,1309.2,359.35,0.05,359.35,40.73434,-111.87210,27.8,22.0,877.9,120.31,3.0
22440.0,1309.1,359.51,0.05,359.51,40.73434,-111.87210,27.8,22.4,877.9,118.31,2.1
22500.0,1309.1,359.31,0.04,359.31,40.73434,-111.87210,27.8,22.4,877.9,120.24,2.4
22560.0,1309.1,359.11,0.05,359.11,40.73434,-111.87210,27.8,22.4,878.0,116.06,2.8
22620.0,1309.0,359.35,0.04,359.35,40.73434,-111.87210,27.7,22.4,878.0,120.79,1.9
22680.0,1309.1,359.69,0.05,359.69,40.73434,-111.87210,27.7,22.3,878.0,133.76,2.6
22740.0,1309.1,359.65,0.04,359.65,40.73434,-111.87210,27.7,22.7,878.0,126.09,2.6
22800.0,1308.9,359.69,0.05,359.69,40.73434,-111.87210,27.6,22.7,878.0,121.75,2.0
22860.0,1308.9,359.73,0.05,359.73,40.73434,-111.87210,27.6,22.5,878.0,111.66,2.4
22920.0,1308.8,359.64,0.05,359.64,40.73434,-111.87210,27.5,22.5,878.0,127.17,2.8
22980.0,1308.7,359.92,0.04,359.92,40.73434,-111.87210,27.5,22.5,878.0,121.12,2.8
23040.0,1308.8,359.85,0.05,359.85,40.73434,-111.87210,27.5,22.6,878.0,123.68,4.2
23100.0,1308.8,359.83,0.04,359.83,40.73434,-111.87210,27.4,22.7,878.0,115.37,2.1
23160.0,1308.9,0.43,0.04,0.43,40.73434,-111.87210,27.4,22.4,878.0,116.54,3.1
23220.0,1309.0,0.17,0.04,0.17,40.73434,-111.87210,27.4,22.3,878.0,114.69,3.9
23280.0,1309.1,359.83,0.04,359.83,40.73434,-111.87210,27.5,22.4,878.0,123.19,3.6
23340.0,1309.0,359.27,0.04,359.27,40.73434,-111.87210,27.4,22.6,878.0,118.52,3.7
23400.0,1308.9,359.63,0.04,359.63,40.73434,-111.87210,27.4,22.7,878.0,117.34,1.9
23460.0,1308.8,359.96,0.04,359.96,40.73434,-111.87210,27.4,22.3,878.0,116.62,3.1
23520.0,1308.6,359.47,0.04,359.47,40.73434,-111.87210,27.4,22.2,878.0,119.58,4.3
23580.0,1308.4,359.56,0.04,359.56,40.73434,-111.87210,27.4,22.3,878.0,114.35,2.5
23640.0,1308.3,359.98,0.05,359.98,40.73434,-111.87210,27.5,22.2,878.0,117.88,2.9
23700.0,1308.3,359.91,0.04,359.91,40.73434,-111.87210,27.5,22.1,878.0,111.36,3.3
23760.0,1308.2,359.72,0.04,359.72,40.73434,-111.87210,27.5,22.0,878.0,113.78,2.9
23820.0,1308.1,359.44,0.04,359.44,40.73434,-111.87210,27.5,21.9,878.0,115.09,2.8
23880.0,1308.1,358.96,0.05,358.96,40.73434,-111.87210,27.5,22.1,878.0,114.55,4.8
23940.0,1308.1,359.02,0.04,359.02,40.73434,-111.87210,27.5,22.1,878.0,107.62,3.5
