CampaignData_and_Merges/R0/CSL_MobileLab_Parked/raw/20240721/USOS-NOAAIodideCIMS-OrgNitrs_MobileLabGround_20240721_RA.ict
37, 1001
Michael A Robinson, Chris Jernigan, Subi Thakali
NOAA ESRL Chemical Sciences Laboratory and CIRES, U. of Colorado
NOAA Iodide CIMS Instrument
USOS
1, 1
2024, 07, 21, 2024, 07, 23
1
starttime_UTC, seconds_past_midnight, seconds_of_day_since_00:00:00_UTC
5
1, 1, 1, 1, 1
-9999, -9999, -9999, -9999, -9999
C4H7NO5_NOAACIMS, pptv, Gas_C4H7NO5_InSitu_S_AVMR, 
ISOPN_NOAACIMS, pptv, Gas_ISOPN_InSitu_S_AVMR, 
C5H10O3_NOAACIMS, pptv, Gas_C5H10O3_InSitu_S_AVMR, 
C5H9NO5_NOAACIMS, pptv, Gas_C5H9NO5_InSitu_S_AVMR, 
C10H17NO4_NOAACIMS, pptv, Gas_C10H17NO4_InSitu_S_AVMR, 
0
18
PI_CONTACT_INFO: 325 Broadway, R/CSD 7, Boulder, Colorado 80305; michael.a.robinson@noaa.gov; chris.jernigan@noaa.gov;
PLATFORM: NOAA CSL Mobile Lab
LOCATION: SLC, Utah
ASSOCIATED_DATA: 1Hz data also available on request.
INSTRUMENT_INFO: NOAA I- ToF CIMS
DATA_INFO: All data in parts per trillion by volume (pptv). 1 Hz data is available upon request.
UNCERTAINTY: TBD
ULOD_FLAG: -7777
ULOD_VALUE: N/A
LLOD_FLAG: -8888
LLOD_VALUE: N/A
DM_CONTACT_INFO: Nathan Howard; nathan.h.howard@noaa.gov
PROJECT_INFO: USOS, summer 2024. https://csl.noaa.gov/groups/csl7/measurements/2024usos/
STIPULATIONS_ON_USE: Users are strongly encouraged to contact the PI for proper data usage.
OTHER_COMMENTS: 
REVISION: RA
RA: Preliminary Data; For in-field use only
starttime_UTC, C4H7NO5_NOAACIMS, ISOPN_NOAACIMS, C5H10O3_NOAACIMS, C5H9NO5_NOAACIMS, C10H17NO4_NOAACIMS
     0,  7.485, 15.504, 178.722,  6.869,  0.345
    60,  7.448, 15.119, 177.842,  6.447,  0.198
   120,  7.644, 16.176, 179.120,  6.512,  0.216
   180,  7.926, 15.634, 176.373,  6.522,  0.227
   240,  8.225, 16.674, 182.791,  6.785,  0.220
   300, -9999.000, -9999.000, -9999.000, -9999.000, -9999.000
   360,  9.548, 18.842, 170.886,  7.585,  0.389
   420,  9.555, 20.648, 187.890,  7.749,  0.389
   480, 10.114, 22.974, 214.671,  8.315,  0.537
   540,  9.964, 23.217, 218.683,  8.265,  0.372
   600, 10.157, 23.533, 225.797,  7.675,  0.396
   660, 10.112, 23.897, 228.759,  7.871,  0.461
   720,  9.999, 24.869, 233.377,  8.389,  0.499
   780,  9.850, 24.504, 224.163,  7.944,  0.495
   840,  9.896, 24.194, 230.120,  8.126,  0.532
   900,  9.822, 25.150, 225.857,  7.996,  0.464
   960,  9.883, 25.302, 233.278,  7.973,  0.534
  1020,  9.863, 24.474, 233.334,  7.634,  0.396
  1080,  8.714, 25.724, 237.877,  7.268,  0.327
  1140,  6.610, 23.125, 233.311,  5.310,  0.137
  1200,  6.248, 22.307, 220.558,  5.005,  0.315
  1260,  6.246, 23.382, 217.938,  5.050,  0.508
  1320,  6.308, 24.692, 216.442,  4.941,  0.466
  1380,  6.399, 24.361, 215.745,  4.858,  0.376
  1440,  6.372, 25.182, 219.089,  5.072,  0.411
  1500,  6.485, 25.663, 217.932,  5.016,  0.492
  1560,  6.577, 25.793, 219.536,  5.493,  0.375
  1620,  6.769, 26.341, 224.426,  5.291,  0.434
  1680,  6.935, 25.562, 226.541,  5.317,  0.490
  1740,  6.940, 26.060, 228.525,  5.161,  0.388
  1800,  7.014, 27.446, 236.801,  5.469,  0.475
  1860,  6.926, 27.060, 245.779,  5.240,  0.164
  1920,  6.831, 26.779, 252.079,  5.353, -0.000
  1980,  6.912, 28.056, 260.695,  5.225,  0.289
  2040,  6.888, 28.384, 270.699,  5.310,  0.125
  2100,  6.898, 28.628, 271.087,  5.282,  0.215
  2160, -9999.000, -9999.000, -9999.000, -9999.000, -9999.000
  2220,  6.771, 28.400, 250.572,  5.381,  0.165
  2280,  6.864, 29.092, 281.195,  5.279,  0.234
  2340,  6.969, 28.692, 295.778,  5.224,  0.215
  2400,  6.845, 28.843, 301.983,  5.209,  0.186
  2460,  6.930, 28.842, 308.343,  5.208,  0.212
  2520,  7.076, 30.134, 317.568,  5.292,  0.234
  2580,  6.953, 28.828, 317.120,  5.395,  0.340
  2640,  7.014, 28.741, 314.502,  5.265,  0.255
  2700,  7.053, 28.992, 310.669,  5.365,  0.342
  2760,  7.147, 28.847, 310.855,  5.301,  0.392
  2820,  7.059, 29.301, 314.060,  5.233,  0.375
  2880,  6.938, 28.784, 297.555,  5.164,  0.381
  2940,  7.003, 28.631, 300.303,  5.089,  0.417
  3000,  6.928, 28.012, 292.249,  5.195,  0.401
  3060,  7.117, 28.158, 299.672,  5.308,  0.369
  3120,  7.016, 28.505, 288.730,  5.285,  0.441
  3180,  7.006, 28.209, 282.030,  5.175,  0.366
  3240,  7.010, 28.370, 286.308,  5.207,  0.344
  3300,  7.039, 28.269, 281.062,  5.195,  0.416
  3360,  6.959, 27.786, 290.970,  5.323,  0.359
  3420,  7.035, 27.771, 288.182,  5.405,  0.393
  3480,  7.008, 27.503, 286.631,  5.478,  0.460
  3540,  6.999, 27.793, 289.627,  5.308,  0.351
  3600,  6.986, 27.003, 283.390,  5.556,  0.312
  3660,  6.866, 23.881, 260.455,  5.234,  0.246
  3720,  6.654, 22.425, 241.980,  5.305,  0.247
  3780,  6.650, 22.809, 233.714,  5.280,  0.208
  3840,  6.698, 24.089, 234.892,  5.381,  0.373
  3900,  6.699, 25.306, 232.666,  5.336,  0.312
  3960,  6.732, 24.848, 232.413,  5.266,  0.357
  4020, -9999.000, -9999.000, -9999.000, -9999.000, -9999.000
  4080,  6.780, 24.812, 203.028,  5.609,  0.333
  4140,  6.830, 25.860, 219.808,  5.730,  0.352
  4200,  6.973, 25.571, 227.626,  5.703,  0.264
  4260,  6.981, 26.890, 237.683,  5.812,  0.314
  4320,  7.137, 27.490, 243.983,  5.846,  0.405
  4380,  7.074, 26.948, 243.306,  5.630,  0.298
  4440,  7.131, 27.728, 252.859,  5.861,  0.400
  4500,  7.034, 27.882, 257.021,  5.777,  0.361
  4560,  7.080, 28.008, 264.404,  5.813,  0.347
  4620,  7.106, 28.446, 268.089,  5.956,  0.427
  4680,  7.151, 28.944, 274.510,  6.280,  0.384
  4740,  7.310, 29.956, 279.636,  6.405,  0.446
  4800,  7.311, 30.071, 283.515,  6.441,  0.417
  4860,  7.267, 30.012, 281.883,  6.412,  0.500
  4920,  7.207, 30.224, 280.866,  6.368,  0.466
  4980,  7.278, 31.378, 283.104,  6.221,  0.471
  5040,  7.246, 30.657, 284.468,  6.131,  0.450
  5100,  7.197, 29.574, 283.988,  6.226,  0.467
  5160,  7.157, 30.132, 288.145,  6.139,  0.446
  5220,  7.169, 29.519, 287.976,  6.180,  0.470
  5280,  7.125, 30.054, 285.568,  6.202,  0.485
  5340,  7.206, 30.145, 287.294,  6.300,  0.480
  5400,  7.175, 31.029, 285.778,  6.213,  0.409
  5460,  7.139, 30.850, 275.415,  6.294,  0.492
  5520,  7.088, 31.896, 278.240,  6.154,  0.528
  5580,  7.040, 30.873, 276.988,  6.238,  0.435
  5640,  7.044, 31.051, 276.919,  5.969,  0.489
  5700,  7.025, 31.040, 274.565,  5.971,  0.470
  5760,  6.762, 29.376, 269.857,  5.836,  0.445
  5820,  6.738, 29.078, 269.131,  5.779,  0.500
  5880,  6.527, 27.293, 234.429,  5.686,  0.351
  5940,  6.492, 27.783, 245.089,  5.766,  0.415
  6000,  6.482, 29.223, 254.076,  5.794,  0.415
  6060,  6.631, 29.110, 260.248,  6.021,  0.390
  6120,  6.636, 29.445, 265.188,  6.100,  0.401
  6180,  6.633, 29.783, 269.754,  6.176,  0.487
  6240,  6.538, 29.602, 264.313,  5.891,  0.478
  6300,  6.542, 31.085, 266.701,  6.206,  0.475
  6360,  6.507, 30.883, 266.311,  6.036,  0.491
  6420,  6.492, 30.377, 267.342,  5.984,  0.476
  6480,  6.352, 30.088, 260.520,  5.918,  0.481
  6540,  6.418, 29.628, 257.447,  5.946,  0.466
  6600,  6.430, 30.510, 265.995,  5.992,  0.525
  6660,  6.356, 29.835, 264.042,  6.024,  0.493
  6720,  6.447, 30.730, 271.523,  6.133,  0.473
  6780,  6.431, 31.143, 276.361,  6.163,  0.397
  6840,  6.516, 31.767, 284.373,  6.359,  0.503
  6900,  6.459, 31.710, 279.271,  6.328,  0.500
  6960,  6.630, 32.691, 284.496,  6.470,  0.464
  7020,  6.465, 32.547, 281.723,  6.342,  0.478
  7080,  6.365, 31.745, 279.203,  6.482,  0.546
  7140,  6.379, 32.542, 274.418,  6.469,  0.448
  7200,  6.267, 32.567, 272.994,  6.142,  0.554
  7260,  6.316, 33.177, 271.489,  6.385,  0.528
  7320,  6.099, 31.748, 263.730,  6.347,  0.598
  7380,  5.907, 31.746, 255.552,  6.289,  0.530
  7440,  5.991, 31.672, 246.933,  6.244,  0.494
  7500,  5.985, 31.974, 242.984,  6.215,  0.573
  7560,  5.792, 30.772, 234.250,  6.097,  0.518
  7620,  5.778, 31.816, 229.385,  6.236,  0.522
  7680,  5.588, 33.391, 225.462,  6.091,  0.477
  7740,  5.469, 29.059, 192.336,  5.783,  0.199
  7800,  5.580, 30.744, 201.033,  5.993,  0.410
  7860,  5.587, 31.530, 208.787,  6.321,  0.535
  7920,  5.624, 31.398, 214.300,  6.273,  0.452
  7980,  5.614, 32.324, 211.510,  6.256,  0.509
  8040,  5.654, 32.068, 215.227,  6.199,  0.464
  8100,  5.432, 31.048, 213.711,  6.043,  0.591
  8160,  5.471, 31.404, 215.464,  6.109,  0.462
  8220,  5.502, 30.637, 208.847,  5.986,  0.476
  8280,  5.520, 31.504, 210.968,  6.059,  0.582
  8340,  5.435, 31.783, 211.058,  6.061,  0.481
  8400,  5.300, 30.652, 204.447,  6.042,  0.400
  8460,  5.435, 31.810, 208.688,  6.153,  0.554
  8520,  5.328, 31.209, 210.343,  6.241,  0.516
  8580,  5.262, 30.183, 204.328,  5.869,  0.461
  8640,  5.320, 32.105, 209.614,  6.088,  0.533
  8700,  5.300, 30.534, 207.823,  6.112,  0.469
  8760,  5.266, 29.565, 205.862,  5.994,  0.524
  8820,  5.178, 30.041, 207.102,  6.077,  0.554
  8880,  5.196, 29.942, 206.188,  6.045,  0.483
  8940,  5.178, 29.984, 205.317,  6.064,  0.494
  9000,  5.135, 28.809, 205.473,  5.928,  0.577
  9060,  5.067, 29.209, 200.838,  5.975,  0.416
  9120,  5.013, 28.416, 205.307,  6.025,  0.591
  9180,  5.044, 28.346, 203.015,  6.019,  0.435
  9240,  5.006, 27.333, 202.468,  5.961,  0.465
  9300,  4.903, 27.140, 197.629,  5.862,  0.409
  9360,  4.856, 26.998, 199.795,  5.978,  0.513
  9420,  4.907, 26.686, 200.263,  5.948,  0.467
  9480,  4.775, 26.668, 198.873,  5.729,  0.426
  9540,  4.859, 26.118, 195.739,  5.733,  0.495
  9600,  4.540, 23.543, 176.460,  5.724,  0.397
  9660,  4.592, 24.180, 184.301,  5.759,  0.378
  9720,  4.474, 23.638, 186.847,  5.965,  0.374
  9780,  4.482, 23.170, 185.651,  5.739,  0.386
  9840,  4.403, 23.426, 183.179,  5.810,  0.353
  9900,  4.418, 22.703, 184.840,  5.604,  0.414
  9960,  4.372, 22.413, 183.766,  5.609,  0.389
 10020,  4.272, 21.797, 183.997,  5.665,  0.314
 10080,  4.168, 21.133, 183.904,  5.496,  0.068
 10140,  4.291, 21.120, 181.420,  5.699,  0.449
 10200,  4.231, 21.218, 181.541,  5.561,  0.401
 10260,  4.209, 20.614, 182.187,  5.567,  0.463
 10320,  4.225, 20.583, 185.177,  5.768,  0.467
 10380,  4.232, 20.252, 182.578,  5.629,  0.389
 10440,  4.169, 19.895, 178.736,  5.510,  0.461
 10500,  4.181, 20.030, 177.278,  5.536,  0.371
 10560,  4.025, 18.796, 176.762,  5.621,  0.142
 10620,  4.060, 19.000, 176.924,  5.752,  0.451
 10680,  4.041, 18.768, 171.827,  5.592,  0.469
 10740,  3.990, 18.359, 175.235,  5.597,  0.458
 10800,  3.956, 18.405, 172.259,  5.640,  0.449
 10860,  3.905, 18.130, 171.761,  5.543,  0.482
 10920,  3.916, 17.661, 168.054,  5.573,  0.526
 10980,  3.846, 17.439, 167.806,  5.393,  0.464
 11040,  3.782, 17.146, 162.505,  5.292,  0.538
 11100,  3.713, 16.617, 158.645,  5.423,  0.518
 11160,  3.714, 16.967, 158.849,  5.363,  0.524
 11220,  3.674, 16.084, 154.660,  5.373,  0.456
 11280,  3.708, 16.400, 154.305,  5.546,  0.524
 11340,  3.632, 16.600, 151.343,  5.295,  0.550
 11400, -9999.000, -9999.000, -9999.000, -9999.000, -9999.000
 11460,  3.449, 15.164, 128.073,  5.262,  0.464
 11520,  3.503, 15.954, 131.347,  5.513,  0.523
 11580,  3.560, 15.818, 138.756,  5.542,  0.492
 11640,  3.535, 15.929, 135.453,  5.543,  0.416
 11700,  3.564, 15.208, 138.968,  5.609,  0.571
 11760,  3.614, 15.634, 141.423,  5.525,  0.527
 11820,  3.588, 15.329, 137.850,  5.619,  0.482
 11880,  3.598, 15.819, 138.860,  5.652,  0.497
 11940,  3.567, 15.845, 138.560,  5.733,  0.459
 12000,  3.577, 15.538, 138.023,  5.709,  0.447
 12060,  3.611, 15.820, 140.756,  5.814,  0.503
 12120,  3.585, 15.566, 139.829,  5.832,  0.512
 12180,  3.616, 15.997, 137.889,  5.751,  0.470
 12240,  3.586, 16.128, 138.888,  5.604,  0.454
 12300,  3.612, 15.969, 139.696,  5.983,  0.426
 12360,  3.539, 15.770, 142.066,  5.962,  0.516
 12420,  3.553, 16.316, 140.957,  5.906,  0.539
 12480,  3.452, 15.837, 131.788,  5.776,  0.469
 12540,  3.463, 15.436, 137.050,  6.121,  0.460
 12600,  3.536, 15.779, 138.330,  6.041,  0.457
 12660,  3.392, 14.893, 133.904,  6.057,  0.397
 12720,  3.359, 14.926, 133.150,  5.995,  0.448
 12780,  3.394, 14.666, 132.038,  5.910,  0.470
 12840,  3.312, 14.617, 131.139,  6.010,  0.391
 12900,  3.303, 14.152, 131.083,  5.961,  0.419
 12960,  3.202, 14.165, 128.993,  6.184,  0.348
 13020,  3.146, 14.026, 124.137,  6.119,  0.405
 13080,  3.073, 13.462, 126.238,  5.881,  0.390
 13140,  3.054, 13.063, 121.792,  6.027,  0.304
 13200,  3.049, 13.074, 119.234,  6.112,  0.310
 13260,  2.720, 13.594, 99.725,  6.016,  0.097
 13320,  2.858, 12.156, 107.682,  5.805,  0.226
 13380,  2.881, 11.949, 111.557,  5.902,  0.336
 13440,  2.784, 11.358, 109.287,  5.999,  0.299
 13500,  2.795, 11.584, 110.044,  5.746,  0.248
 13560,  2.726, 11.217, 110.071,  5.826,  0.339
 13620,  2.699, 11.132, 109.207,  6.008,  0.352
 13680,  2.695, 10.716, 108.548,  5.753,  0.403
 13740,  2.631, 10.591, 105.660,  5.755,  0.259
 13800,  2.631, 10.595, 107.385,  5.841,  0.358
 13860,  2.704, 10.879, 107.557,  5.665,  0.293
 13920,  2.626, 10.151, 105.510,  5.673,  0.312
 13980,  2.540,  9.878, 104.973,  5.851,  0.354
 14040,  2.547,  9.677, 103.732,  5.680,  0.272
 14100,  2.424,  9.280, 101.895,  5.826,  0.318
 14160,  2.412,  9.233, 101.169,  5.764,  0.326
 14220,  2.384,  8.815, 99.976,  5.617,  0.355
 14280,  2.442,  8.848, 99.859,  5.601,  0.393
 14340,  2.351,  8.682, 97.777,  5.786,  0.400
 14400,  2.381,  8.573, 98.590,  5.908,  0.357
 14460,  2.400,  8.974, 99.330,  5.923,  0.390
 14520,  2.359,  8.839, 101.363,  5.959,  0.381
 14580,  2.361,  8.760, 98.163,  6.113,  0.472
 14640,  2.382,  8.668, 100.613,  6.054,  0.521
 14700,  2.281,  8.653, 96.534,  5.908,  0.417
 14760,  2.286,  8.482, 97.451,  5.821,  0.443
 14820,  2.279,  8.389, 99.588,  6.043,  0.458
 14880,  2.251,  8.368, 96.263,  5.886,  0.506
 14940,  2.257,  8.749, 97.658,  5.873,  0.458
 15000,  2.294,  8.244, 99.489,  6.278,  0.529
 15060,  2.289,  8.286, 96.902,  6.180,  0.610
 15120, -9999.000, -9999.000, -9999.000, -9999.000, -9999.000
 15180,  2.283,  8.263, 88.688,  5.999,  0.504
 15240,  2.303,  8.700, 93.917,  6.080,  0.491
 15300,  2.271,  8.939, 94.387,  6.182,  0.475
 15360,  2.284,  9.084, 95.139,  6.373,  0.505
 15420,  2.318,  9.191, 98.051,  6.508,  0.533
 15480,  2.318,  8.747, 97.616,  6.516,  0.617
 15540,  2.319,  8.527, 99.970,  6.816,  0.607
 15600,  2.322,  8.995, 98.067,  6.746,  0.630
 15660,  2.377,  8.811, 99.141,  6.906,  0.667
 15720,  2.281,  9.080, 100.868,  6.936,  0.702
 15780,  2.322,  8.950, 101.916,  6.864,  0.697
 15840,  2.313,  8.820, 101.050,  6.988,  0.627
 15900,  2.313,  9.021, 102.246,  7.112,  0.626
 15960,  2.330,  9.003, 101.052,  6.873,  0.701
 16020,  2.350,  9.067, 100.482,  6.995,  0.621
 16080,  2.315,  9.156, 100.813,  6.915,  0.728
 16140,  2.322,  9.265, 100.389,  6.716,  0.674
 16200,  2.359,  8.907, 98.053,  6.581,  0.658
 16260,  2.347,  9.566, 102.719,  6.981,  0.662
 16320,  2.342,  9.207, 101.097,  6.861,  0.640
 16380,  2.350,  9.052, 99.787,  6.796,  0.675
 16440,  2.357,  9.600, 100.243,  6.897,  0.711
 16500,  2.277,  9.216, 99.673,  6.698,  0.692
 16560,  2.309,  9.159, 97.646,  6.727,  0.652
 16620,  2.258,  9.126, 96.462,  7.141,  0.692
 16680,  2.234,  8.864, 94.401,  6.590,  0.598
 16740,  2.214,  8.529, 92.608,  6.613,  0.543
 16800,  2.236,  8.985, 90.912,  6.723,  0.557
 16860,  2.170,  8.630, 92.705,  6.721,  0.624
 16920,  2.156,  8.175, 92.859,  6.666,  0.498
 16980,  2.094,  7.914, 80.504,  6.563,  0.513
 17040,  2.146,  8.425, 85.041,  6.616,  0.617
 17100,  2.184,  8.420, 83.905,  6.568,  0.598
 17160,  2.179,  8.173, 86.880,  6.837,  0.614
 17220,  2.159,  8.037, 83.933,  6.758,  0.591
 17280,  2.172,  8.309, 85.998,  6.721,  0.668
 17340,  2.201,  7.955, 83.372,  6.650,  0.647
 17400,  2.157,  8.044, 83.791,  6.699,  0.631
 17460,  2.144,  7.707, 85.452,  6.752,  0.723
 17520,  2.139,  7.827, 84.974,  6.788,  0.723
 17580,  2.122,  7.823, 82.996,  6.572,  0.709
 17640,  2.115,  7.923, 84.710,  6.488,  0.715
 17700,  2.105,  7.867, 82.286,  6.625,  0.663
 17760,  2.140,  7.876, 84.697,  6.778,  0.682
 17820,  2.101,  7.366, 81.566,  6.675,  0.757
 17880,  2.111,  7.474, 83.030,  6.700,  0.629
 17940,  2.088,  7.645, 80.965,  6.512,  0.699
 18000,  2.071,  7.373, 79.718,  6.532,  0.697
 18060,  2.080,  7.507, 83.639,  6.538,  0.751
 18120,  2.055,  7.387, 82.110,  6.505,  0.774
 18180,  2.083,  7.182, 82.774,  6.502,  0.719
 18240,  2.115,  7.541, 82.136,  6.471,  0.721
 18300,  2.046,  7.496, 80.892,  6.414,  0.749
 18360,  2.044,  7.149, 80.812,  6.448,  0.708
 18420,  2.103,  7.012, 79.463,  6.453,  0.604
 18480,  2.043,  6.883, 79.240,  6.239,  0.740
 18540,  2.038,  7.116, 77.378,  6.280,  0.721
 18600,  2.013,  6.885, 75.379,  6.262,  0.759
 18660,  2.047,  7.085, 78.028,  6.358,  0.739
 18720,  2.039,  6.592, 73.852,  6.231,  0.616
 18780, -9999.000, -9999.000, -9999.000, -9999.000, -9999.000
 18840,  1.912,  6.115, 61.947,  6.106,  0.603
 18900,  1.935,  6.241, 63.686,  6.177,  0.743
 18960,  1.960,  6.274, 65.463,  6.382,  0.699
 19020,  1.932,  6.148, 65.363,  6.198,  0.692
 19080,  1.973,  6.230, 66.972,  6.223,  0.705
 19140,  1.965,  5.717, 64.959,  6.126,  0.629
 19200,  1.999,  5.720, 65.114,  6.244,  0.668
 19260,  1.959,  5.902, 64.184,  6.041,  0.619
 19320,  1.956,  5.874, 63.415,  5.943,  0.610
 19380,  1.939,  6.035, 65.206,  6.085,  0.637
 19440,  1.874,  5.699, 65.673,  6.093,  0.699
 19500,  1.898,  5.869, 64.986,  6.037,  0.681
 19560,  1.900,  5.723, 65.184,  5.946,  0.695
 19620,  1.899,  5.755, 65.456,  5.998,  0.648
 19680,  1.912,  5.600, 65.505,  5.922,  0.659
 19740,  1.940,  5.620, 65.914,  6.016,  0.730
 19800,  1.900,  5.406, 65.361,  5.840,  0.685
 19860,  1.893,  5.465, 64.373,  6.097,  0.580
 19920,  1.957,  5.483, 65.020,  5.990,  0.665
