CampaignData_and_Merges/R0/CSL_MobileLab_Parked/raw/20240721/USOS-MetNav_MobileLabGround_20240721_R0.ict
44, 1001
Carrie Womack, Nate Howard, Mike Zucker
NOAA Chemical Sciences Laboratory
Mobile Lab MetNav Station
USOS
1, 1
2024, 07, 21, 2024, 12, 21
60
Time_Start, seconds_past_midnight, Seconds from midnight UTC
11
1, 1, 1, 1, 1, 1, 1, 1, 1, 1, 1
-9999, -9999, -9999, -9999, -9999, -9999, -9999, -9999, -9999, -9999, -9999
GPS_Alt_m, meters, Altitude from Differential GPS
GPS_Course_deg, degrees, Course from Differential GPS
GPS_GndSpd_m_s, m/s, Ground Speed from Differential GPS
GPS_Heading_deg, degrees, Heading from Differential GPS
GPS_Lat_deg, degrees, Latitude from Differential GPS
GPS_Lon_deg, degrees, Longitude from Differential GPS
AirTemp_C, Celsius, Air Temperature from Airmar
RelHumidity_pct, percent, Relative Humidity from Airmar
Pressure_mb, millibars, Pressure from Honeywell
WindDir_calc_deg, degrees, Wind Direction from Airmar corrected for van movement
WindSpd_calc_m_s, m/s, Wind Speed from Airmar corrected for van movement
1
SPECIAL COMMENTS:
18
PI_CONTACT_INFO: Address: 325 Broadway R/CSL7, Boulder, CO, 80305
PLATFORM: CSL Mobile Lab
LOCATION: Salt Lake City, UT
ASSOCIATED_DATA: N/A
INSTRUMENT_INFO: N/A
DATA_INFO: Units:
UNCERTAINTY: N/A
ULOD_FLAG: -7777
ULOD_VALUE: N/A
LLOD_FLAG: -8888
LLOD_VALUE: N/A
DM_CONTACT_INFO: Data Manager: Nate Howard
PROJECT_INFO: 
STIPULATIONS_ON_USE: Use of these data require prior ok from PI.
OTHER_COMMENTS: 
REVISION: R0
R0: Final data. Fixed bug in wind averaging code. RA: Preliminary Data. For in-field use only. 
Time_Start, GPS_Alt_m, GPS_Course_deg, GPS_GndSpd_m_s, GPS_Heading_deg, GPS_Lat_deg, GPS_Lon_deg, AirTemp_C, RelHumidity_pct, Pressure_mb, WindDir_calc_deg, WindSpd_calc_m_s
[from data line 998]
59880.0,1308.4,0.32,0.04,0.32,40.73434,-111.87211,29.9,24.0,878.9,108.41,2.1
59940.0,1308.5,0.54,0.04,0.54,40.73434,-111.87210,29.8,23.1,878.9,113.79,3.6
60000.0,1308.5,0.03,0.05,0.03,40.73434,-111.87210,29.9,23.1,878.9,100.12,1.7
60060.0,1308.6,359.92,0.04,359.92,40.73434,-111.87210,30.1,23.4,878.9,118.17,2.4
60120.0,1308.8,0.04,0.05,0.04,40.73434,-111.87210,29.9,23.5,878.9,101.03,2.8
60180.0,1308.8,359.81,0.05,359.81,40.73434,-111.87210,29.8,22.2,878.9,101.31,2.6
60240.0,1308.8,359.52,0.05,359.52,40.73434,-111.87210,29.9,22.7,878.9,97.86,1.9
60300.0,1309.0,359.41,0.04,359.41,40.73434,-111.87210,29.9,22.7,878.9,96.88,1.7
60360.0,1309.0,359.03,0.05,359.03,40.73434,-111.87210,30.0,22.9,878.9,113.66,1.4
60420.0,1309.0,359.02,0.05,359.02,40.73434,-111.87210,30.2,23.1,878.9,117.07,2.0
60480.0,1309.0,359.00,0.05,359.00,40.73434,-111.87210,30.2,23.6,878.9,114.92,2.9
60540.0,1309.1,358.62,0.05,358.62,40.73434,-111.87210,30.2,23.2,878.9,101.76,2.9
60600.0,1308.9,358.60,0.05,358.60,40.73433,-111.87210,30.1,22.5,878.9,115.12,3.5
60660.0,1308.9,358.61,0.04,358.61,40.73433,-111.87210,30.1,22.4,878.9,101.97,2.0
60720.0,1308.8,358.13,0.04,358.13,40.73433,-111.87210,30.2,22.7,878.9,103.72,1.4
60780.0,1308.8,358.21,0.04,358.21,40.73433,-111.87210,30.1,22.4,878.9,100.68,2.6
60840.0,1308.7,358.39,0.04,358.39,40.73433,-111.87210,30.0,22.2,878.9,105.29,3.0
60900.0,1308.6,358.33,0.04,358.33,40.73433,-111.87210,30.2,22.6,878.9,103.30,2.1
60960.0,1308.7,358.18,0.04,358.18,40.73433,-111.87210,30.2,21.8,878.9,107.59,2.1
61020.0,1308.5,358.66,0.04,358.66,40.73433,-111.87210,30.5,22.4,878.9,118.16,2.3
61080.0,1308.4,358.98,0.04,358.98,40.73433,-111.87210,30.4,22.5,878.9,109.54,3.0
61140.0,1308.4,359.29,0.04,359.29,40.73433,-111.87210,30.2,22.2,878.9,114.50,5.1
61200.0,1308.4,359.42,0.05,359.42,40.73433,-111.87210,30.1,22.6,878.9,113.87,4.2
61260.0,1308.3,359.31,0.05,359.31,40.73433,-111.87210,30.2,22.6,878.9,116.06,2.4
61320.0,1308.3,359.29,0.04,359.29,40.73433,-111.87210,30.4,22.4,878.9,107.85,1.0
61380.0,1308.3,359.72,0.04,359.72,40.73433,-111.87210,30.4,22.5,878.9,120.70,3.3
61440.0,1308.2,359.95,0.04,359.95,40.73433,-111.87210,30.3,22.3,878.9,113.12,2.9
61500.0,1308.1,360.00,0.04,360.00,40.73434,-111.87210,30.3,22.2,879.0,115.27,3.3
61560.0,1308.1,0.32,0.04,0.32,40.73434,-111.87210,30.3,22.4,878.9,111.77,3.3
61620.0,1308.2,0.08,0.04,0.08,40.73434,-111.87210,30.3,22.3,878.9,117.54,2.3
61680.0,1308.3,359.90,0.05,359.90,40.73434,-111.87210,30.5,23.1,878.9,113.39,1.8
61740.0,1308.3,359.99,0.04,359.99,40.73434,-111.87210,30.6,22.9,878.9,114.14,2.7
61800.0,1308.2,0.56,0.05,0.56,40.73434,-111.87210,30.6,22.3,878.9,102.51,1.4
61860.0,1308.1,1.23,0.04,1.23,40.73434,-111.87210,30.5,21.7,878.9,96.23,1.9
61920.0,1308.0,1.16,0.05,1.16,40.73434,-111.87210,30.7,21.9,878.9,102.03,1.7
61980.0,1308.0,1.54,0.04,1.54,40.73434,-111.87210,30.8,22.1,878.9,115.34,2.7
62040.0,1308.2,1.51,0.05,1.51,40.73434,-111.87210,30.9,22.2,878.9,120.41,2.7
62100.0,1308.2,1.46,0.05,1.46,40.73434,-111.87210,31.0,22.8,878.9,119.87,2.8
62160.0,1308.1,1.07,0.04,1.07,40.73434,-111.87210,30.9,22.3,878.9,112.70,3.3
62220.0,1308.0,0.64,0.04,0.64,40.73434,-111.87210,30.8,22.7,878.8,114.58,3.6
62280.0,1308.2,1.03,0.04,1.03,40.73434,-111.87210,30.8,22.4,878.8,113.19,3.4
62340.0,1308.3,1.07,0.04,1.07,40.73434,-111.87210,31.0,22.1,878.8,117.35,2.0
62400.0,1308.2,0.36,0.05,0.36,40.73434,-111.87210,31.0,22.8,878.8,116.75,3.1
62460.0,1308.0,0.26,0.05,0.26,40.73434,-111.87210,31.0,22.6,878.8,112.07,2.9
62520.0,1307.8,0.25,0.04,0.25,40.73434,-111.87210,31.2,22.5,878.7,118.74,2.5
62580.0,1308.1,0.19,0.05,0.19,40.73434,-111.87210,31.2,22.6,878.8,116.95,3.4
62640.0,1308.1,0.17,0.05,0.17,40.73434,-111.87210,31.2,22.6,878.8,116.03,3.0
62700.0,1308.0,359.79,0.04,359.79,40.73434,-111.87210,31.2,22.4,878.8,110.56,3.2
62760.0,1307.6,359.54,0.04,359.54,40.73433,-111.87210,31.0,21.7,878.8,112.99,4.9
62820.0,1307.7,359.11,0.05,359.11,40.73433,-111.87210,31.1,22.0,878.8,103.53,2.0
62880.0,1307.8,359.04,0.04,359.04,40.73433,-111.87210,31.1,21.9,878.8,103.73,2.6
62940.0,1307.8,359.42,0.05,359.42,40.73433,-111.87210,31.1,21.6,878.8,96.91,1.9
63000.0,1307.7,359.58,0.05,359.58,40.73433,-111.87210,31.3,21.8,878.7,114.64,2.2
63060.0,1307.9,359.68,0.05,359.68,40.73433,-111.87210,31.4,22.3,878.7,114.97,2.9
63120.0,1307.9,359.74,0.04,359.74,40.73433,-111.87210,31.6,23.1,878.7,110.27,1.7
63180.0,1308.0,359.52,0.04,359.52,40.73433,-111.87210,31.6,22.3,878.7,110.87,2.2
63240.0,1307.8,359.14,0.05,359.14,40.73433,-111.87210,31.7,21.9,878.7,110.41,2.6
63300.0,1307.6,358.99,0.05,358.99,40.73433,-111.87210,31.6,22.0,878.7,112.56,3.5
63360.0,1307.8,359.20,0.04,359.20,40.73433,-111.87210,31.7,22.5,878.7,112.43,3.4
63420.0,1308.2,359.07,0.05,359.07,40.73433,-111.87210,31.5,22.1,878.7,113.23,3.8
63480.0,1308.2,359.03,0.05,359.03,40.73433,-111.87210,31.6,21.7,878.7,120.76,2.7
63540.0,1308.0,358.91,0.04,358.91,40.73433,-111.87210,31.6,22.6,878.7,113.57,3.3
63600.0,1307.6,358.43,0.05,358.43,40.73433,-111.87210,31.4,21.4,878.7,104.75,2.8
63660.0,1307.8,358.76,0.05,358.76,40.73433,-111.87210,31.6,21.7,878.7,119.51,3.0
63720.0,1308.0,358.38,0.05,358.38,40.73433,-111.87210,31.4,21.8,878.7,109.80,4.4
63780.0,1308.0,358.32,0.05,358.32,40.73433,-111.87210,31.5,22.0,878.7,116.58,4.3
63840.0,1308.1,358.52,0.05,358.52,40.73433,-111.87210,31.5,22.4,878.7,121.37,4.2
63900.0,1308.2,358.76,0.05,358.76,40.73433,-111.87210,31.5,22.6,878.6,110.83,3.5
63960.0,1308.3,358.62,0.05,358.62,40.73433,-111.87210,31.5,22.9,878.7,114.01,3.7
64020.0,1308.3,358.99,0.05,358.99,40.73433,-111.87210,31.4,21.6,878.7,111.97,4.7
64080.0,1308.4,359.18,0.05,359.18,40.73433,-111.87210,31.3,21.4,878.7,113.67,4.2
64140.0,1308.5,358.85,0.05,358.85,40.73433,-111.87210,31.3,22.2,878.7,110.64,4.0
64200.0,1308.6,359.13,0.06,359.13,40.73433,-111.87210,31.3,22.0,878.6,112.90,4.5
64260.0,1308.6,359.22,0.06,359.22,40.73433,-111.87210,31.1,22.1,878.6,111.40,4.9
64320.0,1308.7,359.45,0.04,359.45,40.73433,-111.87210,31.2,22.7,878.6,113.07,4.9
64380.0,1308.6,359.25,0.05,359.25,40.73434,-111.87210,31.3,22.9,878.6,108.92,3.0
64440.0,1308.7,359.15,0.05,359.15,40.73434,-111.87210,31.5,23.3,878.6,113.09,3.6
64500.0,1308.7,359.37,0.05,359.37,40.73434,-111.87210,31.5,22.7,878.6,114.50,3.5
64560.0,1308.7,359.48,0.05,359.48,40.73434,-111.87210,31.5,22.7,878.6,107.43,3.2
64620.0,1308.7,359.46,0.04,359.46,40.73434,-111.87210,31.7,22.4,878.6,107.25,2.3
64680.0,1308.6,359.79,0.05,359.79,40.73434,-111.87210,31.9,22.3,878.6,94.79,2.3
64740.0,1308.6,359.31,0.04,359.31,40.73434,-111.87210,31.9,22.0,878.6,101.77,2.5
64800.0,1308.6,359.39,0.04,359.39,40.73434,-111.87210,31.9,22.1,878.6,113.97,4.1
64860.0,1308.7,359.26,0.05,359.26,40.73434,-111.87210,32.0,22.7,878.5,114.76,4.6
64920.0,1308.8,359.71,0.05,359.71,40.73434,-111.87210,31.9,22.3,878.5,116.90,5.0
64980.0,1308.9,359.85,0.05,359.85,40.73434,-111.87210,31.8,22.7,878.5,111.16,3.1
65040.0,1308.8,0.01,0.05,0.01,40.73434,-111.87210,31.7,22.8,878.5,106.08,1.9
65100.0,1308.9,359.75,0.04,359.75,40.73434,-111.87210,31.9,23.2,878.5,115.38,1.8
65160.0,1309.1,359.50,0.06,359.50,40.73434,-111.87210,31.5,22.8,878.5,98.78,2.2
65220.0,1309.1,359.25,0.05,359.25,40.73434,-111.87210,31.4,22.8,878.5,99.10,2.3
65280.0,1309.1,359.29,0.05,359.29,40.73434,-111.87210,31.3,22.6,878.5,98.59,2.4
65340.0,1309.1,359.58,0.05,359.58,40.73434,-111.87210,31.5,23.0,878.5,106.18,2.1
65400.0,1309.2,359.85,0.05,359.85,40.73434,-111.87210,31.7,23.5,878.5,113.33,2.7
65460.0,1309.3,359.65,0.05,359.65,40.73434,-111.87210,31.8,23.9,878.5,110.86,2.8
65520.0,1309.3,359.51,0.05,359.51,40.73434,-111.87210,31.9,22.9,878.5,105.18,2.3
65580.0,1309.3,359.60,0.04,359.60,40.73434,-111.87210,31.7,22.8,878.5,109.13,3.1
65640.0,1309.3,359.61,0.04,359.61,40.73434,-111.87210,31.5,22.7,878.5,108.11,2.3
65700.0,1309.3,359.09,0.05,359.09,40.73434,-111.87210,31.5,22.8,878.5,103.09,2.7
65760.0,1309.2,358.99,0.04,358.99,40.73434,-111.87210,31.4,23.2,878.4,112.03,4.2
65820.0,1309.1,358.90,0.05,358.90,40.73434,-111.87210,31.3,22.9,878.5,112.59,4.3
65880.0,1309.2,359.33,0.05,359.33,40.73434,-111.87210,31.3,22.9,878.4,113.77,3.2
65940.0,1309.3,359.15,0.05,359.15,40.73434,-111.87210,31.6,23.8,878.4,109.76,2.4
66000.0,1309.3,359.03,0.05,359.03,40.73434,-111.87210,31.7,24.0,878.4,105.88,2.6
66060.0,1309.3,359.07,0.05,359.07,40.73434,-111.87210,32.0,23.8,878.4,110.36,2.3
66120.0,1309.3,358.82,0.05,358.82,40.73434,-111.87210,31.8,23.3,878.4,112.18,3.5
66180.0,1309.4,358.76,0.05,358.76,40.73434,-111.87210,31.7,23.3,878.4,107.04,2.8
66240.0,1309.4,359.05,0.05,359.05,40.73434,-111.87210,31.7,22.7,878.4,106.07,3.4
66300.0,1309.5,358.59,0.05,358.59,40.73434,-111.87210,31.8,23.0,878.4,104.74,2.5
66360.0,1309.5,358.45,0.05,358.45,40.73434,-111.87210,32.1,23.4,878.4,110.83,2.7
66420.0,1309.5,358.55,0.05,358.55,40.73434,-111.87210,32.2,22.5,878.4,110.69,2.3
66480.0,1309.6,358.35,0.05,358.35,40.73434,-111.87210,32.3,23.0,878.4,111.93,3.3
66540.0,1309.7,358.54,0.05,358.54,40.73434,-111.87210,32.2,22.5,878.4,114.91,4.5
66600.0,1309.7,358.44,0.04,358.44,40.73434,-111.87210,32.3,22.4,878.3,97.47,2.4
66660.0,1309.6,358.50,0.05,358.50,40.73434,-111.87210,32.3,22.2,878.3,111.82,3.7
66720.0,1309.5,358.72,0.04,358.72,40.73434,-111.87210,32.2,22.3,878.3,109.51,3.5
66780.0,1309.3,358.63,0.05,358.63,40.73434,-111.87210,32.4,22.2,878.3,84.85,1.6
66840.0,1309.3,359.06,0.05,359.06,40.73434,-111.87210,32.7,22.9,878.3,111.19,1.7
66900.0,1309.4,359.19,0.04,359.19,40.73434,-111.87210,32.9,22.6,878.3,105.82,1.8
66960.0,1309.4,0.32,0.05,0.32,40.73434,-111.87210,33.1,22.6,878.3,110.41,1.3
67020.0,1309.4,0.01,0.05,0.01,40.73434,-111.87210,33.2,21.7,878.3,105.37,1.9
67080.0,1309.2,359.99,0.05,359.99,40.73434,-111.87210,33.3,22.0,878.3,108.44,2.4
67140.0,1309.1,359.83,0.05,359.83,40.73434,-111.87210,33.4,22.1,878.3,107.89,2.0
67200.0,1308.8,359.79,0.05,359.79,40.73434,-111.87210,33.4,22.1,878.3,110.62,2.8
67260.0,1308.7,359.52,0.05,359.52,40.73434,-111.87211,33.7,22.4,878.3,114.58,1.5
67320.0,1308.7,359.24,0.04,359.24,40.73434,-111.87211,33.7,21.7,878.3,112.12,2.7
67380.0,1308.8,359.67,0.05,359.67,40.73434,-111.87210,33.7,20.8,878.2,106.32,2.2
67440.0,1308.6,359.50,0.05,359.50,40.73434,-111.87211,33.7,20.6,878.2,98.36,1.6
67500.0,1308.8,359.29,0.04,359.29,40.73434,-111.87211,33.8,20.9,878.3,108.23,2.6
67560.0,1308.9,359.09,0.04,359.09,40.73434,-111.87211,33.7,20.6,878.3,106.61,2.7
67620.0,1308.8,358.67,0.05,358.67,40.73434,-111.87211,33.8,20.7,878.2,105.56,1.9
67680.0,1308.7,358.12,0.05,358.12,40.73434,-111.87211,33.8,21.0,878.2,105.26,2.3
67740.0,1308.6,358.74,0.04,358.74,40.73434,-111.87211,33.7,20.5,878.3,104.74,2.5
67800.0,1308.6,358.46,0.04,358.46,40.73434,-111.87211,33.6,20.2,878.2,103.89,2.8
67860.0,1308.8,358.59,0.05,358.59,40.73434,-111.87211,33.6,20.1,878.2,110.26,2.8
67920.0,1308.8,358.92,0.05,358.92,40.73434,-111.87211,33.7,20.8,878.2,108.49,2.2
67980.0,1308.8,359.17,0.04,359.17,40.73434,-111.87211,34.0,21.1,878.2,97.52,1.0
68040.0,1308.6,359.40,0.05,359.40,40.73434,-111.87211,33.9,20.8,878.2,114.55,3.5
68100.0,1308.8,359.40,0.05,359.40,40.73434,-111.87211,33.9,20.7,878.2,112.57,2.7
68160.0,1309.0,359.33,0.04,359.33,40.73434,-111.87211,33.8,20.5,878.2,109.00,3.7
68220.0,1309.1,359.31,0.04,359.31,40.73434,-111.87211,33.7,20.2,878.2,109.08,3.5
68280.0,1309.3,359.30,0.04,359.30,40.73434,-111.87211,33.5,20.2,878.1,112.02,4.0
68340.0,1309.4,359.26,0.04,359.26,40.73434,-111.87211,33.7,21.4,878.1,108.38,2.7
68400.0,1309.6,359.15,0.04,359.15,40.73434,-111.87211,33.8,20.9,878.1,101.43,1.8
68460.0,1309.6,359.35,0.04,359.35,40.73434,-111.87211,33.9,20.7,878.1,106.11,1.9
68520.0,1309.6,359.47,0.04,359.47,40.73434,-111.87211,34.0,20.3,878.1,110.25,2.6
68580.0,1309.6,359.38,0.05,359.38,40.73434,-111.87211,34.0,20.4,878.1,104.95,1.8
68640.0,1309.7,359.08,0.05,359.08,40.73434,-111.87211,34.0,20.5,878.1,106.64,2.1
68700.0,1309.9,358.86,0.05,358.86,40.73434,-111.87211,34.1,20.6,878.0,115.90,2.9
68760.0,1310.0,358.94,0.04,358.94,40.73434,-111.87211,34.3,21.1,878.0,106.17,1.8
68820.0,1309.8,359.34,0.05,359.34,40.73434,-111.87211,34.3,20.5,878.0,121.58,3.2
68880.0,1310.0,358.98,0.05,358.98,40.73434,-111.87211,34.3,19.8,878.0,108.04,2.7
68940.0,1309.8,358.86,0.05,358.86,40.73434,-111.87211,34.3,18.9,878.0,101.84,2.4
69000.0,1309.9,358.81,0.04,358.81,40.73434,-111.87211,34.3,19.0,878.0,113.33,3.0
69060.0,1309.9,358.58,0.04,358.58,40.73434,-111.87211,34.4,19.3,878.0,113.50,2.1
69120.0,1309.9,358.92,0.04,358.92,40.73434,-111.87211,34.5,19.9,877.9,110.12,2.4
69180.0,1309.8,359.07,0.04,359.07,40.73434,-111.87211,34.6,18.9,877.9,108.53,2.0
69240.0,1309.8,359.27,0.04,359.27,40.73434,-111.87211,34.7,19.2,877.9,106.13,2.0
69300.0,1309.8,359.23,0.04,359.23,40.73434,-111.87211,34.5,18.5,877.9,98.19,1.9
69360.0,1309.8,359.41,0.04,359.41,40.73434,-111.87211,34.6,18.6,877.9,110.75,3.0
69420.0,1309.8,359.43,0.05,359.43,40.73434,-111.87211,34.5,18.6,877.9,114.28,3.0
69480.0,1309.8,359.97,0.04,359.97,40.73434,-111.87211,34.6,19.1,877.8,115.85,2.8
69540.0,1309.8,359.99,0.05,359.99,40.73434,-111.87211,34.6,18.9,877.8,117.69,3.1
69600.0,1310.0,0.02,0.05,0.02,40.73434,-111.87211,34.5,19.2,877.8,111.70,3.3
69660.0,1310.2,359.49,0.04,359.49,40.73434,-111.87211,34.6,19.4,877.8,107.86,2.5
69720.0,1310.2,359.38,0.06,359.38,40.73434,-111.87211,34.5,18.5,877.8,102.03,2.4
69780.0,1310.1,359.15,0.05,359.15,40.73434,-111.87211,34.5,17.9,877.8,120.56,3.2
69840.0,1310.2,359.47,0.05,359.47,40.73434,-111.87210,34.6,18.6,877.8,109.26,2.5
69900.0,1310.2,0.00,0.05,0.00,40.73434,-111.87210,34.5,18.8,877.8,118.51,3.7
69960.0,1310.1,0.01,0.04,0.01,40.73434,-111.87211,34.4,19.0,877.8,111.94,3.4
70020.0,1310.2,359.89,0.04,359.89,40.73434,-111.87210,34.4,19.5,877.8,115.36,3.6
70080.0,1310.2,0.41,0.05,0.41,40.73434,-111.87210,34.4,20.0,877.8,109.84,2.8
70140.0,1310.2,0.44,0.05,0.44,40.73434,-111.87210,34.5,19.5,877.7,112.46,2.5
70200.0,1310.1,0.03,0.05,0.03,40.73434,-111.87210,34.6,20.6,877.7,117.76,2.7
70260.0,1310.1,359.54,0.05,359.54,40.73434,-111.87210,34.8,19.1,877.7,107.51,1.1
70320.0,1309.8,359.36,0.05,359.36,40.73434,-111.87210,35.0,19.2,877.7,114.28,1.6
70380.0,1309.8,359.52,0.04,359.52,40.73434,-111.87210,35.1,19.6,877.7,110.79,2.2
70440.0,1310.0,359.56,0.05,359.56,40.73434,-111.87210,35.2,20.3,877.7,108.64,2.2
70500.0,1310.1,359.51,0.05,359.51,40.73434,-111.87210,35.2,20.0,877.7,116.90,2.5
70560.0,1310.3,359.51,0.05,359.51,40.73434,-111.87210,35.2,19.4,877.7,109.30,2.4
70620.0,1310.4,359.06,0.05,359.06,40.73435,-111.87210,35.4,19.0,877.7,108.59,1.9
70680.0,1310.1,358.25,0.04,358.25,40.73434,-111.87210,35.2,19.0,877.7,108.90,2.9
70740.0,1310.1,358.33,0.05,358.33,40.73435,-111.87210,35.1,18.4,877.7,105.92,2.5
70800.0,1310.6,358.66,0.05,358.66,40.73434,-111.87210,35.1,18.3,877.7,111.40,2.8
70860.0,1310.0,358.47,0.05,358.47,40.73435,-111.87210,35.4,18.6,877.6,91.78,0.9
70920.0,1309.7,358.47,0.05,358.47,40.73435,-111.87210,35.7,18.7,877.6,105.73,1.2
70980.0,1309.7,358.45,0.04,358.45,40.73435,-111.87210,36.0,19.7,877.6,105.01,1.5
71040.0,1309.8,358.11,0.05,358.11,40.73435,-111.87210,36.1,18.5,877.6,97.51,1.3
71100.0,1309.3,358.21,0.05,358.21,40.73435,-111.87211,36.2,17.4,877.6,105.25,1.9
71160.0,1309.3,357.87,0.05,357.87,40.73435,-111.87211,36.1,17.8,877.6,114.05,3.0
71220.0,1309.5,358.34,0.06,358.34,40.73435,-111.87211,36.1,18.2,877.5,116.92,2.5
71280.0,1309.7,358.83,0.05,358.83,40.73435,-111.87211,36.3,18.2,877.5,113.35,2.0
71340.0,1309.9,359.08,0.05,359.08,40.73435,-111.87211,36.3,18.5,877.5,116.68,2.6
71400.0,1310.0,358.91,0.04,358.91,40.73435,-111.87210,36.3,17.9,877.5,109.24,1.7
71460.0,1310.0,358.86,0.06,358.86,40.73435,-111.87211,36.3,18.7,877.4,109.41,2.1
71520.0,1310.3,359.31,0.05,359.31,40.73435,-111.87210,36.4,18.2,877.4,114.60,2.2
71580.0,1310.0,359.49,0.05,359.49,40.73435,-111.87210,36.5,18.3,877.4,111.81,2.5
71640.0,1310.1,359.23,0.05,359.23,40.73435,-111.87210,36.1,17.0,877.4,112.21,4.2
71700.0,1310.2,358.93,0.04,358.93,40.73435,-111.87210,35.9,17.0,877.4,110.47,3.3
