CampaignData_and_Merges/R0/CSL_MobileLab_Parked/raw/20240721/USOS-NOAAIodideCIMS-PANs_MobileLabGround_20240721_RA.ict
35, 1001
Michael A Robinson, Chris Jernigan, Subi Thakali
NOAA ESRL Chemical Sciences Laboratory and CIRES, U. of Colorado
NOAA Iodide CIMS Instrument
USOS
1, 1
2024, 07, 21, 2024, 07, 23
1
starttime_UTC, seconds_past_midnight, seconds_of_day_since_00:00:00_UTC
3
1, 1, 1
-9999, -9999, -9999
PAN_NOAACIMS, pptv, Gas_PAN_InSitu_S_AVMR, 
APAN_NOAACIMS, pptv, Gas_APAN_InSitu_S_AVMR, 
PPN_NOAACIMS, pptv, Gas_PPN_InSitu_S_AVMR, 
0
18
PI_CONTACT_INFO: 325 Broadway, R/CSD 7, Boulder, Colorado 80305; michael.a.robinson@noaa.gov; chris.jernigan@noaa.gov;
PLATFORM: NOAA CSL Mobile Lab
LOCATION: SLC, Utah
ASSOCIATED_DATA: 1Hz data also available on request.
INSTRUMENT_INFO: NOAA I- ToF CIMS
DATA_INFO: All data in parts per trillion by volume (pptv). 1 Hz data is available upon request.
UNCERTAINTY: TBD
ULOD_FLAG: -7777
ULOD_VALUE: N/A
LLOD_FLAG: -8888
LLOD_VALUE: N/A
DM_CONTACT_INFO: Nathan Howard; nathan.h.howard@noaa.gov
PROJECT_INFO: USOS, summer 2024. https://csl.noaa.gov/groups/csl7/measurements/2024usos/
STIPULATIONS_ON_USE: Users are strongly encouraged to contact the PI for proper data usage.
OTHER_COMMENTS: 
REVISION: RA
RA: Preliminary Data; For in-field use only
starttime_UTC, PAN_NOAACIMS, APAN_NOAACIMS, PPN_NOAACIMS
[from data line 1313]
 78780, 373.560,  4.016, 51.476
 78840, 367.462,  1.987, 51.551
 78900, 353.788,  2.995, 48.129
 78960, 343.627,  3.916, 48.873
 79020, 358.484,  3.566, 51.815
 79080, 363.467,  3.500, 51.026
 79140, 302.293,  2.835, 36.890
 79200, 309.727,  2.804, 35.877
 79260, 272.320,  3.351, 35.133
 79320, 288.801,  3.227, 36.201
 79380, 275.820,  3.170, 33.849
 79440, 263.379,  2.897, 34.041
 79500, 272.961,  3.320, 35.987
 79560, 270.551,  3.124, 33.305
 79620, 292.396,  2.708, 34.173
 79680, 290.744,  3.021, 36.275
 79740, 270.100,  2.249, 33.652
 79800, 254.673,  2.551, 31.080
 79860, 243.337,  2.426, 27.750
 79920, 244.976,  2.558, 25.598
 79980, 242.495,  2.180, 23.790
 80040, 232.481,  2.161, 24.185
 80100, 224.358,  2.451, 23.491
 80160, -9999.000, -9999.000, -9999.000
 80220, 204.627,  2.639, 20.121
 80280, 207.766,  3.047, 19.921
 80340, 200.715,  2.770, 19.624
 80400, 179.933,  2.500, 16.627
 80460, 173.515,  1.951, 15.252
 80520, 203.497,  2.158, 19.319
 80580, 211.648,  3.032, 21.626
 80640, 216.623,  3.073, 22.754
 80700, 216.383,  3.703, 22.197
 80760, 200.295,  2.414, 20.716
 80820, 203.181,  3.025, 18.054
 80880, 205.525,  2.508, 20.101
 80940, 213.188,  3.451, 20.839
 81000, 212.727,  2.224, 20.747
 81060, 210.993,  2.432, 21.620
 81120, 203.573,  2.371, 20.881
 81180, 205.260,  2.837, 19.783
 81240, 216.191,  2.557, 25.355
 81300, 229.081,  1.787, 26.251
 81360, 211.636,  2.810, 21.838
 81420, 196.930,  2.602, 17.661
 81480, 179.276,  2.147, 14.004
 81540, 179.014,  1.978, 14.143
 81600, 177.642,  2.120, 14.797
 81660, 177.794,  1.578, 17.375
 81720, 179.311,  1.566, 18.345
 81780, 178.544,  2.346, 15.594
 81840, 190.761,  2.502, 19.000
 81900, 192.758,  2.831, 19.443
 81960, 193.627,  1.859, 19.536
 82020, -9999.000, -9999.000, -9999.000
 82080, 184.174,  2.680, 18.128
 82140, 194.674,  1.937, 19.743
 82200, 175.813,  1.571, 15.752
 82260, 166.984,  2.147, 13.976
 82320, 161.267,  2.655, 11.204
 82380, 163.288,  2.381, 11.577
 82440, 162.278,  1.849, 12.056
 82500, 161.580,  2.279, 11.568
 82560, 161.428,  2.023, 11.857
 82620, 152.170,  2.212,  9.863
 82680, 158.872,  2.566,  9.494
 82740, 161.473,  2.226, 11.830
 82800, 158.552,  2.195, 11.057
 82860, 161.548,  2.892, 11.497
 82920, 155.519,  1.360, 10.235
 82980, 157.781,  3.026, 11.215
 83040, 150.006,  2.834, 10.073
 83100, 150.617,  3.008, 11.400
 83160, 174.501,  3.080, 12.544
 83220, 168.900,  2.137, 10.315
 83280, 149.896,  2.603,  8.063
 83340, 143.744,  1.952,  7.752
 83400, 142.746,  1.696,  7.876
 83460, 151.447,  1.669,  7.500
 83520, 160.808,  2.483, 11.191
 83580, 168.488,  2.590, 10.456
 83640, 178.992,  2.444,  9.041
 83700, 187.494,  2.017, 12.230
 83760, 175.745,  2.897, 10.606
 83820, 164.755,  2.090, 10.005
 83880, -9999.000, -9999.000, -9999.000
 83940, 137.152,  2.370,  5.486
 84000, 136.745,  1.744,  5.841
 84060, 148.584,  2.007,  7.040
 84120, 169.712,  2.522,  8.370
 84180, 160.001,  2.297,  8.525
 84240, 144.972,  2.548,  6.949
 84300, 148.831,  2.876,  8.310
 84360, 143.503,  2.211,  7.552
 84420, 143.464,  2.577,  8.615
 84480, 140.536,  2.487,  6.869
 84540, 144.180,  2.352,  5.959
 84600, 148.904,  2.554,  7.504
 84660, 161.337,  2.599,  7.762
 84720, 165.102,  2.380,  8.525
 84780, 172.126,  2.639, 10.024
 84840, 187.983,  2.663, 12.405
 84900, 197.514,  3.601, 12.891
 84960, 199.301,  2.077, 13.808
 85020, 175.885,  3.065, 10.771
 85080, 170.501,  2.321, 10.853
 85140, 180.633,  2.225, 11.113
 85200, 177.727,  2.268, 11.203
 85260, 180.698,  1.934, 12.380
 85320, 174.052,  2.336,  9.646
 85380, 167.644,  2.404,  9.808
 85440, 167.695,  3.267,  8.621
 85500, 166.695,  2.595,  9.862
 85560, 180.985,  2.069, 11.104
 85620, 188.539,  2.772, 10.362
 85680, 181.017,  2.710,  8.765
 85740, -9999.000, -9999.000, -9999.000
 85800, 193.278,  2.904, 11.789
 85860, 194.311,  1.862, 10.782
 85920, 198.270,  2.996, 10.698
 85980, 195.913,  3.144, 12.367
 86040, 202.954,  2.394, 13.289
 86100, 194.912,  2.691, 12.241
 86160, 199.151,  1.417, 11.343
 86220, 205.715,  2.710, 12.015
 86280, 207.052,  2.778, 11.783
 86340, 195.968,  2.567,  7.245
