CampaignData_and_Merges/R0/CSL_MobileLab_Parked/raw/20240721/USOS-Picarro-CO2-CH4-CO-H2O_MobileLabGround_20240721_R0.ict
38, 1001
Ilana Pollack, Nell Schafer, and Jeff Peischl
NOAA Chemical Sciences Laboratory
Picarro 2401-m CO2/CH4/CO/H2O Analyzer
USOS
1, 1
2024, 07, 21, 2024, 11, 20
0
StartTime_UTC, seconds_past_midnight, seconds past midnight
5
1, 1, 1, 1, 1
-9999, -9999, -9999, -9999, -9999
StopTime_UTC, seconds_past_midnight, seconds past midnight
CO2_ppm_1min, ppm, Gas_CO2_InSitu_S_DMF, carbon dioxide mixing ratio
CH4_ppb_1min, ppb, Gas_CH4_InSitu_S_DMF, methane mixing ratio
CO_ppb_1min, ppb, Gas_CO_InSitu_S_DMF, carbon monoxide mixing ratio
H2O_ppmv_1min, ppmv, Met_H2OMRV_InSitu_S_AVMR, water vapor mixing ratio
1
SPECIAL COMMENTS: N/A
18
PI_CONTACT_INFO: Address: NOAA Chemical Sciences Laboratory, Mail Stop CSL7, 325 Broadway, Boulder, CO 80305; Email: Ilana.Pollack@noaa.gov
PLATFORM: NOAA CSL Mobile Laboratory
LOCATION: The mobile lab was stationed in Salt Lake City, Utah.
ASSOCIATED_DATA: N/A
INSTRUMENT_INFO: CO2, CH4, and CO are reported as dry air mole fractions using a commercial wavelength-scanned cavity ring-down analyzer (Picarro 2401-m). An in-field calibration gas standard of 432±0.07 ppm CO2, 2095±1 ppb CH4, and 183±1 ppb CO, calibrated in the Boulder laboratories before and after the field project using primary CO2, CH4, and CO standard tanks tied to the WMO standard (X2019, X2004A, and X2014A, respectively) from the Global Monitoring Laboratory (GML), was delivered to the inlet every 2-3 days to evaluate instrument sensitivity. A H2O measurement was calibrated before the project with a Dew Point Mirror 373 hygrometer. The water correction calculated from these calibrations was applied to the H2O measurement for the entire campaign. Species are measured at 0.5 Hz and reported as 1-minute averages for stationary measurements.
DATA_INFO: Units: CO2, ppm, dry air mole fraction; CH4, ppb, dry air mole fraction; CO, ppb, dry air mole fraction; H2O, ppmv
UNCERTAINTY: Total uncertainties are estimated as ±0.1 ppm for CO2, ±1 ppb for CH4, ±5 ppb for CO, and ±(50 ppm + 4%) for H2O.
ULOD_FLAG: -7777
ULOD_VALUE: N/A
LLOD_FLAG: -8888
LLOD_VALUE: N/A
DM_CONTACT_INFO: Data Manager: Nathan Howard; nathan.h.howard@noaa.gov
PROJECT_INFO: USOS Dates of Study: July – August 2024
STIPULATIONS_ON_USE: Use of these data require prior ok from PI.
OTHER_COMMENTS: Data are averaged to 1 minute intervals. Stationary data collected from a 10 ft tower on top of the mobile van.
REVISION: R0
R0: Final Data
StartTime_UTC, StopTime_UTC, CO2_ppm_1min, CH4_ppb_1min, CO_ppb_1min, H2O_ppmv_1min
[from data line 753]
45180,45240,432.01,1967.6,146.6,11390.8809
45240,45300,431.71,1967.3,144.8,11354.4063
45300,45360,431.49,1966.9,145.3,11331.5459
45360,45420,431.72,1967.5,145.4,11356.3037
45420,45480,431.38,1966.5,145.3,11316.7393
45480,45540,431.47,1966.7,150.7,11327.6855
45540,45600,432.09,1967.3,147.3,11415.9795
45600,45660,432.29,1967.5,148.3,11433.4570
45660,45720,432.09,1967.3,147.0,11445.9063
45720,45780,431.81,1967.3,147.3,11426.5537
45780,45840,431.64,1967.1,147.5,11422.7832
45840,45900,431.62,1967.0,145.8,11391.4688
45900,45960,431.29,1967.0,145.7,11365.9189
45960,46020,431.53,1967.4,145.6,11414.8066
46020,46080,431.82,1967.5,151.7,11424.1123
46080,46140,431.80,1967.9,182.5,11437.6563
46140,46200,431.68,1967.9,152.8,11486.7520
46200,46260,431.46,1967.5,145.6,11451.8203
46260,46320,431.30,1967.4,146.4,11430.9785
46320,46380,431.35,1967.6,147.6,11440.8623
46380,46440,431.43,1967.7,149.9,11459.2568
46440,46500,431.52,1967.6,148.4,11518.0137
46500,46560,431.53,1967.8,147.3,11511.9844
46560,46620,431.62,1967.7,146.7,11551.8506
46620,46680,431.79,1967.7,148.6,11555.5029
46680,46740,431.32,1967.7,148.2,11463.4355
46740,46800,431.17,1967.6,149.2,11463.0977
46800,46860,431.25,1967.9,148.3,11484.2988
46860,46920,431.04,1967.7,149.5,11438.1221
46920,46980,431.41,1968.1,152.5,11553.6348
46980,47040,431.60,1968.6,152.6,11625.4238
47040,47100,431.27,1968.5,150.6,11556.3525
47100,47160,431.35,1968.4,150.3,11577.0381
47160,47220,431.11,1968.2,149.6,11556.0303
47220,47280,431.40,1969.0,153.5,11616.3984
47280,47340,431.34,1969.1,151.7,11638.6992
47340,47400,431.60,1969.5,151.3,11716.8154
47400,47460,431.12,1968.7,147.9,11623.9707
47460,47520,430.99,1968.8,147.9,11651.7217
47520,47580,430.98,1968.6,151.5,11616.5469
47580,47640,430.83,1968.8,151.4,11636.8320
47640,47700,430.89,1969.0,148.9,11650.2881
47700,47760,430.91,1969.1,148.4,11704.3516
47760,47820,430.96,1969.2,152.8,11694.8633
47820,47880,430.66,1969.0,155.2,11678.8105
47880,47940,430.59,1968.8,150.8,11686.3887
47940,48000,430.78,1968.9,149.0,11755.7666
48000,48060,430.54,1969.2,151.5,11724.4785
48060,48120,430.48,1968.9,148.1,11680.6436
48120,48180,430.18,1968.5,147.9,11640.5752
48180,48240,430.50,1968.5,148.9,11685.7607
48240,48300,430.23,1968.6,145.9,11672.5156
48300,48360,430.20,1968.8,148.5,11763.6924
48360,48420,430.36,1968.6,147.5,11744.1924
48420,48480,430.24,1968.8,148.2,11728.6250
48480,48540,430.34,1969.1,149.9,11860.6260
48540,48600,430.30,1969.4,156.6,11864.0439
48600,48660,429.86,1969.4,150.5,11807.5439
48660,48720,430.26,1969.7,150.0,11906.2822
48720,48780,430.12,1969.5,149.5,11816.2646
48780,48840,430.47,1969.6,150.4,11906.2246
48840,48900,429.88,1969.4,149.9,11792.8730
48900,48960,429.99,1969.2,150.4,11736.7734
48960,49020,429.72,1969.6,150.3,11839.5059
49020,49080,429.77,1969.8,148.4,11914.7646
49080,49140,429.56,1969.9,150.6,11809.8486
49140,49200,429.69,1970.0,154.5,11844.6895
49200,49260,429.88,1970.4,153.1,11908.2725
49260,49320,429.62,1970.3,152.6,11909.6279
49320,49380,429.36,1970.2,154.9,11843.8047
49380,49440,429.47,1969.9,155.4,11820.4385
49440,49500,429.20,1969.8,150.9,11755.9756
49500,49560,428.91,1970.1,149.3,11820.7119
49560,49620,-9999,-9999,-9999,-9999
49620,49680,-9999,-9999,-9999,-9999
49680,49740,-9999,-9999,-9999,-9999
49740,49800,-9999,-9999,-9999,-9999
49800,49860,428.88,1971.7,151.7,12081.6357
49860,49920,428.99,1971.2,148.7,11894.9014
49920,49980,428.72,1971.1,147.8,11861.4922
49980,50040,428.72,1971.0,150.1,11837.8389
50040,50100,428.76,1971.4,150.3,11928.2861
50100,50160,428.44,1971.8,151.1,11989.6904
50160,50220,428.78,1972.2,169.3,12057.4658
50220,50280,428.96,1972.2,160.8,12028.4072
50280,50340,428.69,1972.4,153.9,12112.7334
50340,50400,428.44,1972.7,152.7,12204.6680
50400,50460,428.07,1972.4,151.8,12123.1465
50460,50520,428.37,1973.0,199.8,12227.9141
50520,50580,428.09,1972.8,181.4,12118.6455
50580,50640,427.74,1972.3,151.3,12086.9326
50640,50700,427.67,1972.5,148.9,12146.6387
50700,50760,427.52,1972.7,149.3,12176.9854
50760,50820,427.79,1972.5,149.9,12252.6387
50820,50880,427.38,1972.3,147.9,12144.4521
50880,50940,427.34,1972.2,149.8,12147.7773
50940,51000,427.07,1972.4,153.9,12337.7529
51000,51060,427.27,1972.4,151.7,12329.5137
51060,51120,427.14,1972.1,155.1,12213.6641
51120,51180,427.09,1972.4,154.7,12189.6992
51180,51240,426.98,1972.5,150.6,12210.1504
51240,51300,426.83,1972.5,149.6,12427.0449
51300,51360,427.30,1972.3,158.9,12240.0479
51360,51420,427.47,1972.6,150.3,12122.8545
51420,51480,427.27,1973.0,152.3,12181.1914
51480,51540,426.90,1972.5,152.8,12066.1855
51540,51600,427.22,1973.2,158.1,12085.2539
51600,51660,427.13,1973.4,172.5,12146.1348
51660,51720,426.65,1973.9,151.8,12325.6143
51720,51780,427.00,1974.2,153.4,12309.4385
51780,51840,427.62,1974.2,153.7,12247.5459
51840,51900,427.38,1973.5,152.0,12277.6797
51900,51960,427.18,1973.7,157.9,12329.3438
51960,52020,427.41,1974.0,156.8,12459.9590
52020,52080,426.81,1973.8,163.0,12194.7373
52080,52140,427.04,1973.7,165.1,12318.9766
52140,52200,427.25,1974.7,164.1,12718.8369
52200,52260,426.95,1973.7,152.6,12456.3535
52260,52320,427.21,1973.6,158.8,12419.1621
52320,52380,427.19,1973.6,157.7,12389.3682
52380,52440,426.60,1974.0,162.2,12526.8350
52440,52500,426.27,1974.0,154.6,12365.4502
52500,52560,426.94,1974.6,151.6,12370.8320
52560,52620,426.18,1974.6,150.5,12398.8926
52620,52680,426.17,1974.9,151.5,12383.2383
52680,52740,426.16,1974.8,149.9,12478.5879
52740,52800,426.94,1975.0,159.9,12487.5508
52800,52860,426.16,1974.3,159.8,12289.5791
52860,52920,425.99,1974.4,151.4,12263.9121
52920,52980,426.00,1974.8,160.8,12334.1455
52980,53040,425.82,1974.5,150.1,12309.9023
53040,53100,425.87,1975.0,151.5,12498.4463
53100,53160,425.66,1974.4,148.4,12363.3906
53160,53220,426.49,1974.5,151.1,12273.9775
53220,53280,426.45,1974.9,156.5,12260.5283
53280,53340,426.04,1975.3,151.4,12327.3721
53340,53400,426.24,1975.3,153.6,12465.5215
53400,53460,426.27,1975.3,161.7,12481.7832
53460,53520,426.26,1975.0,163.4,12376.6182
53520,53580,425.58,1975.4,162.8,12546.6240
53580,53640,425.73,1974.9,165.4,12620.7539
53640,53700,425.34,1975.0,161.4,12521.6240
53700,53760,426.86,1975.9,177.5,12786.1094
53760,53820,425.50,1975.8,158.2,12655.4834
53820,53880,425.94,1975.9,158.1,12852.9883
53880,53940,425.16,1975.4,160.9,12765.5303
53940,54000,425.40,1975.5,156.9,12736.1563
54000,54060,425.91,1975.2,155.6,12623.1055
54060,54120,426.01,1975.7,158.4,12726.5820
54120,54180,425.46,1975.9,157.1,12713.6768
54180,54240,424.53,1976.8,156.8,13023.5850
54240,54300,424.66,1976.2,157.5,12946.1396
54300,54360,424.72,1975.5,158.7,12780.6523
54360,54420,424.96,1975.0,155.7,12611.8018
54420,54480,424.56,1974.7,153.4,12816.2646
54480,54540,424.52,1974.9,151.4,12818.9531
54540,54600,424.47,1975.3,153.4,12886.7207
54600,54660,424.44,1975.2,153.2,12840.4404
54660,54720,424.71,1975.3,157.9,12922.9355
54720,54780,424.97,1975.1,157.7,12912.9658
54780,54840,424.95,1974.7,155.3,12642.2832
54840,54900,424.56,1974.5,148.9,12621.4414
54900,54960,425.00,1974.8,152.2,12763.6543
54960,55020,424.28,1975.0,154.6,12773.9473
55020,55080,424.51,1975.5,154.5,12968.7998
55080,55140,424.71,1976.2,156.5,12895.8965
55140,55200,424.04,1976.7,153.5,13008.0977
55200,55260,424.14,1977.5,161.8,13176.5430
55260,55320,424.04,1976.7,158.6,13010.6729
55320,55380,426.22,1976.8,163.1,13020.0078
55380,55440,424.58,1976.7,157.1,12861.6650
55440,55500,424.52,1977.3,153.8,12894.1553
55500,55560,424.09,1977.5,152.4,12760.4375
55560,55620,424.27,1977.6,155.9,12825.1523
55620,55680,423.36,1977.6,157.5,13110.9707
55680,55740,424.28,1977.8,157.4,12908.3301
55740,55800,424.45,1977.3,153.4,12756.1348
55800,55860,424.46,1977.0,160.0,12816.8506
55860,55920,424.42,1977.7,173.5,12861.4463
55920,55980,424.58,1977.4,166.3,12748.9316
55980,56040,424.31,1977.9,164.6,12972.0850
56040,56100,425.17,1977.9,155.1,12573.0469
56100,56160,425.26,1978.0,155.3,12610.7549
56160,56220,424.51,1978.6,157.5,12685.6094
56220,56280,425.15,1979.6,157.9,12857.3984
56280,56340,424.89,1980.0,151.6,12712.3301
56340,56400,424.49,1980.1,154.3,12968.6787
56400,56460,424.83,1979.3,171.1,12731.9902
56460,56520,424.80,1979.2,156.8,12834.9414
56520,56580,424.62,1979.0,151.4,12735.2354
56580,56640,424.62,1979.5,150.0,12556.4619
56640,56700,425.15,1979.6,152.6,12750.4443
56700,56760,424.28,1980.1,153.1,13098.2490
56760,56820,424.31,1980.4,151.9,13252.3701
56820,56880,425.44,1979.9,150.4,12723.9688
56880,56940,424.83,1979.8,151.3,12989.3262
56940,57000,424.95,1979.1,153.1,12759.7813
57000,57060,424.34,1979.1,153.0,12743.4902
57060,57120,424.91,1978.8,158.6,12797.5244
57120,57180,424.54,1979.1,157.9,12923.7881
57180,57240,424.99,1977.6,153.2,12584.7998
57240,57300,425.04,1977.7,167.6,12789.4707
57300,57360,425.02,1978.7,194.5,13093.2246
57360,57420,424.32,1978.8,154.9,13020.0557
57420,57480,424.79,1977.7,157.1,12951.1699
57480,57540,425.11,1976.7,155.1,12803.7080
57540,57600,424.19,1976.2,152.4,12818.3623
57600,57660,424.64,1976.9,169.5,12898.5791
57660,57720,423.76,1976.9,160.6,12953.0068
57720,57780,423.41,1977.0,156.8,12992.7988
57780,57840,423.85,1976.8,167.6,13318.9414
57840,57900,423.63,1976.5,156.5,13191.8740
57900,57960,423.62,1975.6,155.8,12855.4180
57960,58020,423.82,1975.7,152.2,12901.0488
58020,58080,423.63,1976.2,152.8,12823.0156
58080,58140,423.36,1976.9,150.9,12787.6416
58140,58200,423.61,1978.1,263.4,13369.7266
58200,58260,423.05,1978.0,190.8,13307.6719
58260,58320,423.49,1976.7,156.8,12930.8516
58320,58380,424.21,1977.4,203.0,12644.8164
58380,58440,423.44,1976.8,155.6,12693.6660
58440,58500,422.85,1977.3,155.3,13153.9902
58500,58560,422.88,1977.5,154.5,13154.0430
58560,58620,423.88,1977.7,155.1,13328.5400
58620,58680,423.66,1977.6,156.7,13182.5557
58680,58740,423.04,1978.2,154.9,13365.1953
58740,58800,422.67,1978.4,162.4,13620.2754
58800,58860,423.51,1977.1,158.8,13254.1484
58860,58920,423.88,1976.0,163.5,12882.6270
58920,58980,423.58,1976.4,165.6,12985.2207
58980,59040,423.53,1976.1,156.5,12858.0420
59040,59100,423.42,1976.2,163.1,12897.0068
59100,59160,423.44,1976.8,160.2,12940.2422
59160,59220,424.58,1976.7,158.9,13055.6123
59220,59280,423.92,1976.4,150.9,12792.2266
59280,59340,423.26,1976.9,162.7,13138.5430
59340,59400,423.58,1977.1,158.2,12944.7168
59400,59460,423.99,1977.5,160.2,13202.5732
59460,59520,423.14,1977.5,157.6,13271.4307
59520,59580,422.87,1977.4,151.7,13206.7773
59580,59640,423.11,1977.7,157.1,13127.2109
59640,59700,424.25,1977.3,178.5,13103.7988
59700,59760,424.22,1976.9,165.9,13161.2158
59760,59820,423.75,1977.4,167.6,13443.9707
59820,59880,423.04,1977.0,158.5,13671.0811
59880,59940,424.43,1975.4,156.9,13033.6152
59940,60000,423.65,1974.3,154.8,12859.5752
60000,60060,423.19,1975.1,150.0,13137.2490
60060,60120,422.60,1975.7,152.5,13690.0928
60120,60180,423.53,1974.3,149.6,12845.1826
60180,60240,423.55,1974.1,151.5,12675.8213
60240,60300,423.36,1975.0,158.3,13116.4580
60300,60360,423.33,1975.3,154.9,13062.5156
60360,60420,422.85,1975.9,155.8,13428.9697
60420,60480,423.39,1976.4,156.3,13555.9258
60480,60540,423.31,1976.9,155.1,13895.3154
60540,60600,423.10,1976.9,180.7,13062.9727
60600,60660,423.59,1975.1,163.3,12960.0391
60660,60720,423.44,1974.7,158.6,13087.4277
60720,60780,422.84,1974.7,154.0,13170.1680
60780,60840,422.93,1973.4,151.2,12752.9863
60840,60900,423.06,1973.4,155.3,12992.3447
60900,60960,422.66,1972.4,150.6,12851.6973
60960,61020,422.73,1972.0,151.1,12897.5811
61020,61080,424.39,1972.7,176.2,13040.0615
61080,61140,423.54,1973.2,160.8,12927.4551
61140,61200,424.02,1973.8,156.0,12754.1543
61200,61260,422.61,1973.4,155.8,13144.2959
61260,61320,422.98,1973.3,156.1,12928.4688
61320,61380,423.22,1973.2,165.8,12972.9189
61380,61440,422.79,1973.3,151.5,13029.3096
61440,61500,422.38,1973.7,152.9,12952.9336
61500,61560,422.70,1974.8,155.6,12979.5771
61560,61620,422.03,1975.2,151.4,12955.7822
61620,61680,421.57,1975.5,153.4,13270.2041
61680,61740,421.64,1975.6,158.6,13519.2617
61740,61800,421.94,1975.5,156.1,13332.5518
61800,61860,422.44,1974.7,150.9,12940.3994
61860,61920,422.26,1973.3,151.6,12716.5684
61920,61980,422.14,1974.2,159.3,13036.1904
61980,62040,422.64,1974.5,165.5,13278.2686
62040,62100,423.25,1975.2,160.6,13364.3438
62100,62160,422.76,1976.2,176.0,13658.1592
62160,62220,422.04,1976.1,164.9,13131.6250
62220,62280,422.41,1976.4,166.5,13637.4365
62280,62340,421.80,1976.0,153.1,13438.5889
62340,62400,421.70,1975.6,156.6,13419.7422
62400,62460,421.74,1975.5,158.2,13234.0908
62460,62520,421.38,1976.1,157.6,13843.2461
62520,62580,421.02,1975.8,154.5,13670.1826
62580,62640,421.94,1975.2,154.0,13670.7969
62640,62700,421.61,1975.8,169.8,13804.0869
62700,62760,423.14,1975.3,167.4,13239.5254
62760,62820,421.79,1974.7,156.2,13041.4248
62820,62880,421.24,1975.0,152.9,13351.2295
62880,62940,422.18,1974.1,157.5,13127.2979
62940,63000,421.15,1974.6,155.2,13274.8252
63000,63060,422.32,1975.7,161.2,13545.6582
63060,63120,421.35,1976.1,160.2,13907.5391
63120,63180,420.56,1976.6,159.6,14004.2881
63180,63240,420.95,1976.3,159.5,13922.9150
63240,63300,421.40,1975.5,158.3,13415.2754
63300,63360,423.37,1976.0,238.0,13971.1152
63360,63420,421.95,1976.0,178.7,13484.4023
63420,63480,421.10,1976.7,155.7,13621.6055
63480,63540,420.78,1977.5,164.3,13950.9902
63540,63600,421.45,1975.7,163.1,13759.4092
63600,63660,421.40,1974.9,157.6,13232.3701
63660,63720,421.71,1975.4,163.0,13409.7334
63720,63780,421.45,1976.1,162.3,13444.6621
63780,63840,422.06,1976.4,169.1,13521.0508
63840,63900,424.25,1975.5,164.6,13439.7959
63900,63960,421.09,1974.9,154.1,13814.7881
63960,64020,421.54,1974.1,154.9,13669.1797
64020,64080,420.82,1973.5,153.6,13263.5020
64080,64140,421.65,1974.3,152.1,13233.0947
64140,64200,421.52,1974.7,155.2,13321.5713
64200,64260,421.63,1975.0,153.7,13387.0010
64260,64320,420.97,1975.8,152.0,13628.2490
64320,64380,421.41,1976.5,159.1,14017.5859
64380,64440,421.52,1977.2,171.9,14117.7676
64440,64500,420.41,1977.3,161.0,14483.8340
64500,64560,421.07,1977.1,156.2,14113.7607
64560,64620,420.32,1976.4,155.1,14066.7285
64620,64680,420.35,1976.4,155.6,14107.1475
64680,64740,420.18,1975.6,154.6,14008.6895
64740,64800,421.09,1975.9,184.4,13890.4902
64800,64860,420.10,1976.5,160.6,14319.7031
64860,64920,420.54,1976.4,159.7,14012.6299
64920,64980,420.51,1977.3,158.5,14170.3213
64980,65040,420.26,1978.4,164.0,14542.1191
65040,65100,420.27,1980.2,160.7,14741.7803
65100,65160,420.47,1980.6,161.3,14607.6729
65160,65220,421.11,1981.3,161.6,14228.6035
65220,65280,420.15,1981.2,156.3,14080.6328
65280,65340,420.11,1981.5,157.2,14270.6953
65340,65400,420.16,1981.7,160.4,14583.0225
65400,65460,422.40,1982.1,171.7,15031.8955
65460,65520,419.82,1981.7,159.7,14866.4473
65520,65580,419.34,1981.8,157.1,14873.2471
65580,65640,419.98,1981.8,155.7,14435.5645
65640,65700,419.32,1982.0,155.4,14410.4082
65700,65760,419.41,1982.6,162.0,14630.3564
65760,65820,419.20,1982.4,158.6,14415.9326
65820,65880,420.99,1981.8,164.4,14399.0879
65880,65940,419.41,1981.9,166.0,14562.0137
65940,66000,420.46,1983.3,189.4,15299.2324
66000,66060,419.11,1982.7,163.2,14892.9727
66060,66120,420.04,1983.0,168.7,15132.2988
66120,66180,420.80,1982.3,170.9,14882.1025
66180,66240,419.62,1981.7,163.2,14541.2031
66240,66300,419.31,1982.2,159.7,14609.6045
66300,66360,418.65,1982.7,160.8,14837.0684
66360,66420,419.14,1981.8,161.8,14871.4805
66420,66480,419.66,1980.9,169.2,14519.7119
66480,66540,420.75,1982.1,178.5,14851.2871
66540,66600,419.40,1981.1,162.0,14696.1143
66600,66660,418.98,1981.3,160.4,14497.0820
66660,66720,420.38,1982.5,164.5,14323.1797
66720,66780,419.39,1982.1,160.6,14643.3867
66780,66840,418.59,1981.8,162.9,14870.2354
66840,66900,419.06,1982.7,164.0,15315.3740
66900,66960,418.91,1983.1,166.1,15431.6289
66960,67020,418.74,1983.2,163.0,15006.1455
67020,67080,419.11,1982.8,159.1,14782.4258
67080,67140,418.97,1983.2,161.7,15095.5098
67140,67200,418.94,1982.5,165.9,15186.1484
67200,67260,420.19,1982.4,171.3,15459.9287
67260,67320,419.35,1981.7,177.1,15159.9033
67320,67380,420.05,1981.3,162.6,14833.4590
67380,67440,419.89,1979.1,158.0,13999.4258
67440,67500,420.09,1978.7,161.2,14264.7920
