CampaignData_and_Merges/R0/CSL_MobileLab_Parked/raw/20240721/USOS-Picarro-CO2-CH4-CO-H2O_MobileLabGround_20240721_R0.ict
38, 1001
Ilana Pollack, Nell Schafer, and Jeff Peischl
NOAA Chemical Sciences Laboratory
Picarro 2401-m CO2/CH4/CO/H2O Analyzer
USOS
1, 1
2024, 07, 21, 2024, 11, 20
0
StartTime_UTC, seconds_past_midnight, seconds past midnight
5
1, 1, 1, 1, 1
-9999, -9999, -9999, -9999, -9999
StopTime_UTC, seconds_past_midnight, seconds past midnight
CO2_ppm_1min, ppm, Gas_CO2_InSitu_S_DMF, carbon dioxide mixing ratio
CH4_ppb_1min, ppb, Gas_CH4_InSitu_S_DMF, methane mixing ratio
CO_ppb_1min, ppb, Gas_CO_InSitu_S_DMF, carbon monoxide mixing ratio
H2O_ppmv_1min, ppmv, Met_H2OMRV_InSitu_S_AVMR, water vapor mixing ratio
1
SPECIAL COMMENTS: N/A
18
PI_CONTACT_INFO: Address: NOAA Chemical Sciences Laboratory, Mail Stop CSL7, 325 Broadway, Boulder, CO 80305; Email: Ilana.Pollack@noaa.gov
PLATFORM: NOAA CSL Mobile Laboratory
LOCATION: The mobile lab was stationed in Salt Lake City, Utah.
ASSOCIATED_DATA: N/A
INSTRUMENT_INFO: CO2, CH4, and CO are reported as dry air mole fractions using a commercial wavelength-scanned cavity ring-down analyzer (Picarro 2401-m). An in-field calibration gas standard of 432±0.07 ppm CO2, 2095±1 ppb CH4, and 183±1 ppb CO, calibrated in the Boulder laboratories before and after the field project using primary CO2, CH4, and CO standard tanks tied to the WMO standard (X2019, X2004A, and X2014A, respectively) from the Global Monitoring Laboratory (GML), was delivered to the inlet every 2-3 days to evaluate instrument sensitivity. A H2O measurement was calibrated before the project with a Dew Point Mirror 373 hygrometer. The water correction calculated from these calibrations was applied to the H2O measurement for the entire campaign. Species are measured at 0.5 Hz and reported as 1-minute averages for stationary measurements.
DATA_INFO: Units: CO2, ppm, dry air mole fraction; CH4, ppb, dry air mole fraction; CO, ppb, dry air mole fraction; H2O, ppmv
UNCERTAINTY: Total uncertainties are estimated as ±0.1 ppm for CO2, ±1 ppb for CH4, ±5 ppb for CO, and ±(50 ppm + 4%) for H2O.
ULOD_FLAG: -7777
ULOD_VALUE: N/A
LLOD_FLAG: -8888
LLOD_VALUE: N/A
DM_CONTACT_INFO: Data Manager: Nathan Howard; nathan.h.howard@noaa.gov
PROJECT_INFO: USOS Dates of Study: July – August 2024
STIPULATIONS_ON_USE: Use of these data require prior ok from PI.
OTHER_COMMENTS: Data are averaged to 1 minute intervals. Stationary data collected from a 10 ft tower on top of the mobile van.
REVISION: R0
R0: Final Data
StartTime_UTC, StopTime_UTC, CO2_ppm_1min, CH4_ppb_1min, CO_ppb_1min, H2O_ppmv_1min
[from data line 1126]
67560,67620,420.29,1979.0,161.5,14231.8750
67620,67680,420.94,1979.6,162.8,14575.0283
67680,67740,420.25,1979.2,164.1,14759.0723
67740,67800,420.73,1977.8,160.0,13807.9131
67800,67860,420.59,1977.4,159.4,13988.6523
67860,67920,420.30,1977.9,155.6,14000.0869
67920,67980,418.80,1978.6,156.7,14855.7236
67980,68040,419.61,1979.4,160.6,14703.2520
68040,68100,419.74,1978.0,162.5,14123.7920
68100,68160,420.18,1978.5,165.1,14493.4766
68160,68220,420.18,1978.2,159.9,14024.6055
68220,68280,420.62,1978.3,161.7,13851.5273
68280,68340,422.37,1978.2,172.1,14104.0732
68340,68400,423.91,1979.1,181.0,14849.1953
68400,68460,419.61,1978.9,161.2,14306.5361
68460,68520,419.75,1979.0,163.5,14493.4326
68520,68580,419.98,1978.9,165.6,14299.4365
68580,68640,419.58,1978.4,174.4,14162.9424
68640,68700,419.47,1978.3,170.1,14251.4053
68700,68760,419.30,1979.2,209.4,14852.9668
68760,68820,420.68,1979.1,203.1,14920.7979
68820,68880,422.36,1973.7,196.0,13800.7881
68880,68940,421.09,1973.3,192.2,13626.1553
68940,69000,421.91,1971.7,168.3,13099.9990
69000,69060,421.12,1972.5,206.4,13128.0234
69060,69120,420.06,1972.7,213.1,14124.8711
69120,69180,420.47,1971.9,212.7,13842.9805
69180,69240,421.66,1969.4,164.6,12728.4248
69240,69300,421.99,1970.5,162.1,12950.0820
69300,69360,420.50,1970.8,158.9,12988.9170
69360,69420,421.99,1968.8,160.4,12911.7656
69420,69480,421.38,1970.5,166.9,13180.7285
69480,69540,422.96,1972.2,167.7,13779.7783
69540,69600,421.16,1972.3,158.0,13350.3877
69600,69660,421.67,1972.0,167.0,13579.3477
69660,69720,420.99,1970.3,156.8,13053.2979
69720,69780,420.87,1967.9,152.3,12316.6104
69780,69840,421.69,1967.9,159.1,12981.9150
69840,69900,421.34,1969.7,174.4,13188.2070
69900,69960,421.35,1971.7,201.1,13195.8311
69960,70020,420.93,1972.4,170.9,13310.2051
70020,70080,423.04,1973.6,195.5,13707.5928
70080,70140,420.22,1972.5,169.2,13906.3008
70140,70200,421.04,1972.1,162.9,13600.8643
70200,70260,418.62,1972.0,156.3,13804.0752
70260,70320,418.84,1972.1,157.0,13684.7363
70320,70380,420.77,1974.3,166.6,13775.9600
70380,70440,422.71,1975.9,186.7,14710.9170
70440,70500,419.33,1975.7,167.6,15002.6025
70500,70560,419.46,1974.0,182.5,14282.7695
70560,70620,419.62,1973.3,163.3,14160.8457
70620,70680,419.30,1971.9,158.1,13402.7021
70680,70740,419.70,1971.7,163.8,13800.7100
70740,70800,419.75,1970.6,159.2,12975.6416
70800,70860,422.73,1971.0,171.0,13553.7354
70860,70920,419.92,1970.4,161.6,13655.6689
70920,70980,420.28,1971.4,165.9,14026.7451
70980,71040,420.39,1971.2,166.7,14393.2236
71040,71100,418.97,1968.3,162.9,12901.1563
71100,71160,420.17,1970.0,167.2,12990.3252
71160,71220,419.52,1971.2,167.8,13951.7979
71220,71280,421.38,1970.0,171.4,13424.3701
71280,71340,421.48,1970.0,174.9,13702.7432
71340,71400,426.79,1970.0,202.7,13494.9990
71400,71460,419.48,1970.4,170.8,13372.9150
71460,71520,420.45,1970.8,193.5,14210.8906
71520,71580,419.46,1970.4,172.6,13589.2002
71580,71640,422.96,1969.4,219.2,13042.4092
71640,71700,422.67,1968.3,185.0,12499.5938
71700,71760,420.34,1967.7,158.9,12034.8936
71760,71820,420.82,1967.7,156.5,11941.2041
71820,71880,419.65,1968.0,164.3,12333.1484
71880,71940,420.18,1968.2,175.4,12322.5928
71940,72000,421.19,1968.7,167.4,12742.6729
72000,72060,422.92,1971.5,224.6,12388.4102
72060,72120,419.23,1970.0,161.8,12748.2725
72120,72180,419.31,1969.7,160.3,13174.1875
72180,72240,419.97,1969.0,164.2,12457.6855
72240,72300,421.09,1968.1,172.8,13149.8467
72300,72360,420.52,1967.9,179.3,13399.7949
72360,72420,420.79,1967.7,161.0,12887.7412
72420,72480,422.95,1967.2,180.0,11906.1191
72480,72540,422.86,1966.5,172.7,11660.7939
72540,72600,420.77,1965.6,160.8,11835.2773
72600,72660,421.22,1966.2,165.2,11443.7109
72660,72720,421.18,1967.2,166.1,12102.3320
72720,72780,422.91,1967.2,187.7,12339.1387
72780,72840,421.24,1966.8,175.5,11783.9912
72840,72900,423.69,1967.2,180.8,12299.2021
72900,72960,420.78,1967.0,168.3,12048.0723
72960,73020,422.28,1967.4,173.4,12000.7002
73020,73080,419.95,1967.0,165.5,12335.0537
73080,73140,420.49,1965.9,169.9,11873.0352
73140,73200,419.74,1967.6,176.5,13014.5107
73200,73260,419.76,1970.0,175.4,13443.1670
73260,73320,420.09,1971.3,188.0,14120.9990
73320,73380,420.96,1970.6,171.8,12979.4658
73380,73440,422.32,1971.1,179.6,13019.7813
73440,73500,421.22,1972.8,196.9,13579.5117
73500,73560,420.83,1972.2,171.8,13086.7490
73560,73620,421.99,1972.6,188.2,13153.2773
73620,73680,422.27,1972.1,176.7,12776.0918
73680,73740,424.65,1972.5,173.6,12933.9629
73740,73800,425.19,1972.8,181.5,13962.7891
73800,73860,421.04,1973.5,181.7,13887.7275
73860,73920,422.19,1977.6,179.0,13555.7842
73920,73980,421.79,1978.8,176.6,13482.2354
73980,74040,422.03,1978.6,176.6,13185.3574
74040,74100,422.07,1978.2,175.3,13037.5039
74100,74160,421.93,1978.5,176.1,12955.2861
74160,74220,422.11,1977.0,174.1,12552.8223
74220,74280,422.14,1977.7,176.0,12627.2588
74280,74340,422.29,1978.1,174.8,12583.2705
74340,74400,422.28,1977.7,175.2,12475.0215
74400,74460,421.88,1977.3,174.7,12639.5186
74460,74520,422.07,1976.8,175.7,12582.4395
74520,74580,422.17,1976.5,176.5,12549.0361
74580,74640,422.13,1976.0,175.5,12433.3340
74640,74700,422.22,1975.0,174.3,12206.7168
74700,74760,421.94,1974.8,171.9,12207.7217
74760,74820,422.18,1973.8,174.0,12135.2549
74820,74880,422.48,1973.6,172.3,11827.5596
74880,74940,422.09,1973.8,175.4,12270.2178
74940,75000,422.96,1975.6,175.7,11527.8398
75000,75060,423.68,1978.9,177.5,11608.3887
75060,75120,424.84,1980.6,182.1,11787.6465
75120,75180,425.41,1979.1,184.3,11342.5020
75180,75240,424.11,1978.3,180.3,11823.1709
75240,75300,424.18,1981.3,180.2,11706.1104
75300,75360,424.91,1984.9,183.0,11725.0156
75360,75420,424.00,1983.7,192.5,12264.4492
75420,75480,423.37,1981.5,185.5,12325.6758
75480,75540,424.66,1978.8,176.3,11669.8379
75540,75600,422.79,1978.0,179.7,11748.4336
75600,75660,423.47,1979.9,190.6,13022.9258
75660,75720,421.73,1981.8,182.2,13113.8867
75720,75780,423.03,1990.9,177.5,12705.3506
75780,75840,423.06,1996.8,179.0,12915.5469
75840,75900,422.97,1999.5,178.9,13298.8721
75900,75960,423.34,2001.7,177.5,13025.8340
75960,76020,423.17,1998.6,174.7,12792.4941
76020,76080,423.41,1998.2,180.8,12946.0234
76080,76140,423.01,1993.1,178.6,12578.0352
76140,76200,422.55,1987.9,173.6,12321.3340
76200,76260,422.95,1990.6,175.8,12261.7793
76260,76320,423.24,1986.0,173.6,11729.9512
76320,76380,423.27,1985.2,172.7,11700.0723
76380,76440,422.96,1986.4,174.1,11781.1563
76440,76500,421.87,1988.3,176.5,13535.3350
76500,76560,423.98,1998.1,176.5,12347.4668
76560,76620,423.80,1996.8,176.2,12075.1689
76620,76680,423.67,1992.9,175.9,11963.2080
76680,76740,423.95,1991.1,178.0,11832.7031
76740,76800,422.71,1991.3,176.6,12337.1465
76800,76860,422.24,1991.1,175.6,12694.5820
76860,76920,422.44,1987.5,175.8,12187.9609
76920,76980,422.49,1984.9,177.6,11861.4072
76980,77040,422.67,1986.2,176.9,11884.7305
77040,77100,423.20,1988.4,173.9,11847.2051
77100,77160,424.55,1989.9,177.2,11286.2256
77160,77220,424.00,1989.5,172.7,10993.1270
77220,77280,423.92,1988.6,174.4,11042.4629
77280,77340,424.46,1994.4,177.2,11276.5771
77340,77400,424.03,1996.8,174.6,11365.0303
77400,77460,424.00,1997.2,175.4,11686.2412
77460,77520,423.49,1996.8,175.7,12494.2852
77520,77580,422.93,1997.7,180.3,12947.1406
77580,77640,423.35,1997.1,173.3,12089.8047
77640,77700,423.37,1995.6,175.0,12269.0508
77700,77760,422.96,1993.9,176.6,12830.6289
77760,77820,422.81,1993.1,178.5,12662.1895
77820,77880,422.65,1993.0,178.6,12804.8262
77880,77940,422.72,1993.9,178.6,12712.6602
77940,78000,423.58,1991.4,178.0,12014.5010
78000,78060,423.58,1990.6,177.5,11943.5342
78060,78120,423.11,1991.0,177.0,12434.8330
78120,78180,422.96,1991.1,174.1,12088.3115
78180,78240,422.69,1990.8,176.2,12172.5547
78240,78300,422.37,1990.9,178.3,12402.4590
78300,78360,422.53,1990.4,174.3,12621.2920
78360,78420,422.80,1989.6,174.7,11942.7871
78420,78480,423.02,1989.0,175.0,12019.8252
78480,78540,423.25,1988.0,174.0,11770.8301
78540,78600,423.82,1987.8,176.4,11350.4082
78600,78660,424.30,1988.0,183.0,11700.6895
78660,78720,424.54,1986.1,179.9,11153.9561
78720,78780,423.20,1986.6,177.4,11564.7129
78780,78840,423.21,1985.7,177.0,11585.4043
78840,78900,423.40,1985.7,177.8,11385.4141
78900,78960,423.26,1986.2,179.1,11407.3652
78960,79020,423.48,1986.8,177.2,11482.4307
79020,79080,423.86,1985.8,178.7,11272.3125
79080,79140,423.21,1982.6,176.9,10684.6904
79140,79200,423.11,1983.7,179.1,11053.5137
79200,79260,423.54,1982.4,181.4,11129.7314
79260,79320,422.84,1980.9,176.2,10853.5674
79320,79380,423.79,1981.6,181.1,10663.5625
79380,79440,424.51,1981.7,184.3,10676.9824
79440,79500,424.92,1981.9,184.6,10574.8740
79500,79560,424.16,1981.0,180.1,10444.4297
79560,79620,423.64,1979.9,176.5,10117.0938
79620,79680,423.52,1980.7,176.8,10658.1533
79680,79740,423.59,1980.7,178.7,10836.5898
79740,79800,422.68,1980.2,179.5,11733.9805
79800,79860,422.57,1980.5,176.8,11185.5010
79860,79920,421.86,1980.9,172.3,10924.2568
79920,79980,421.77,1980.4,171.4,10920.4844
79980,80040,421.77,1977.8,168.9,10244.4141
80040,80100,421.90,1978.8,172.5,10559.5361
80100,80160,421.73,1978.5,171.1,10324.0186
80160,80220,421.83,1977.5,173.0,10147.5400
80220,80280,422.13,1977.2,174.0,10157.4336
80280,80340,422.54,1977.1,172.8,9842.1738
80340,80400,423.36,1978.0,176.6,9951.2324
80400,80460,423.49,1979.9,177.8,10247.6133
80460,80520,421.92,1983.3,173.9,10889.2783
80520,80580,422.45,1983.8,173.3,10708.3018
80580,80640,422.65,1983.8,173.5,10653.3730
80640,80700,422.25,1985.1,174.4,10968.6396
80700,80760,422.40,1984.2,176.4,11230.5313
80760,80820,421.81,1977.9,172.2,11068.2822
80820,80880,422.05,1978.8,172.7,10849.3975
80880,80940,421.75,1981.4,174.8,11007.8223
80940,81000,421.46,1982.0,174.5,11277.5654
81000,81060,422.07,1981.8,179.2,11242.5566
81060,81120,422.91,1981.4,180.3,11249.2969
81120,81180,422.25,1981.7,180.8,11423.0352
81180,81240,423.07,1981.9,177.7,10819.9189
81240,81300,422.64,1981.9,178.6,11149.0117
81300,81360,422.80,1979.4,176.1,10610.6357
81360,81420,422.66,1973.7,173.9,10256.9424
81420,81480,422.46,1970.8,179.6,10626.0850
81480,81540,422.89,1971.4,175.0,10030.5840
81540,81600,422.90,1972.2,179.3,10124.1436
81600,81660,422.58,1972.1,172.8,9909.6123
81660,81720,422.50,1974.3,176.1,10252.5801
81720,81780,422.56,1976.3,177.0,10571.8389
81780,81840,422.71,1976.9,178.4,10789.6279
81840,81900,422.88,1977.1,179.4,10829.8477
81900,81960,422.75,1976.5,177.9,10762.8887
81960,82020,422.86,1973.8,174.2,9861.0225
82020,82080,422.76,1974.5,173.5,9952.5137
82080,82140,422.78,1973.4,173.4,10180.7764
82140,82200,422.63,1972.1,171.7,10048.1309
82200,82260,422.56,1971.9,173.3,10103.7559
82260,82320,422.41,1971.4,172.5,10098.0537
82320,82380,422.27,1970.8,172.2,9958.5430
82380,82440,422.64,1970.4,170.1,9686.1494
82440,82500,424.22,1970.9,172.9,9916.2881
82500,82560,424.44,1971.2,170.5,9812.3633
82560,82620,424.50,1972.0,175.3,9836.6846
82620,82680,423.80,1972.3,174.9,10015.7539
82680,82740,422.96,1971.2,171.8,9812.6230
82740,82800,422.66,1971.2,172.3,10087.7383
82800,82860,422.41,1970.4,172.6,9898.4414
82860,82920,422.12,1970.6,172.9,10366.6279
82920,82980,422.18,1971.5,172.7,10794.7754
82980,83040,422.31,1969.3,171.7,9859.1729
83040,83100,422.03,1970.5,173.8,10513.1611
83100,83160,422.39,1969.9,172.5,9983.3965
83160,83220,422.25,1969.3,173.0,10088.2119
83220,83280,422.26,1969.8,174.0,10012.4111
83280,83340,421.95,1969.8,173.4,10248.2373
83340,83400,421.88,1970.3,176.7,10417.0986
83400,83460,422.21,1971.2,176.6,10543.4014
83460,83520,422.41,1968.6,172.0,9820.8799
83520,83580,422.43,1968.3,171.8,9706.1104
83580,83640,422.31,1968.3,172.9,9866.5117
83640,83700,422.32,1967.6,169.9,9648.0850
83700,83760,422.38,1968.5,170.4,9820.5908
83760,83820,422.35,1968.3,170.6,9740.9570
83820,83880,422.42,1968.4,171.8,9962.3574
83880,83940,421.96,1968.4,172.9,10127.0205
83940,84000,422.33,1967.7,174.3,9925.6211
84000,84060,422.35,1965.3,171.5,9412.1328
84060,84120,422.20,1965.6,169.9,9538.4219
84120,84180,422.34,1963.5,171.3,9176.2461
84180,84240,422.29,1963.2,172.1,9677.6660
84240,84300,421.73,1964.1,176.4,10190.5908
84300,84360,422.32,1965.0,179.8,9894.8252
84360,84420,422.45,1966.5,178.1,9801.0684
84420,84480,423.36,1967.4,177.3,9464.9707
84480,84540,423.39,1967.9,173.6,9520.3467
84540,84600,423.06,1968.6,174.1,9817.9951
84600,84660,422.94,1969.0,174.1,9925.9082
84660,84720,422.50,1968.6,171.8,9802.6309
84720,84780,422.30,1967.8,172.4,9930.9668
84780,84840,422.63,1967.8,172.0,9621.7646
84840,84900,422.55,1968.2,172.8,9795.1768
84900,84960,422.63,1968.8,175.4,9900.8213
84960,85020,422.40,1968.8,174.2,9774.4463
85020,85080,422.37,1968.3,189.1,9927.1553
85080,85140,422.05,1968.9,196.6,10500.3174
85140,85200,422.48,1969.6,186.4,10250.9473
85200,85260,422.35,1970.2,180.1,10279.2510
85260,85320,422.21,1970.7,176.0,10187.7705
85320,85380,421.92,1972.2,180.4,11078.7148
85380,85440,421.86,1971.0,177.4,10950.8779
85440,85500,421.99,1971.5,177.1,10629.0283
85500,85560,422.11,1978.9,178.7,10280.8389
85560,85620,422.12,1984.2,178.5,10266.7773
85620,85680,421.94,1976.1,176.0,10347.8975
85680,85740,422.23,1980.7,178.8,10169.2080
85740,85800,422.24,1979.9,178.4,10842.7334
85800,85860,421.45,1979.0,178.7,11344.0703
85860,85920,421.70,1974.5,177.3,10693.8496
85920,85980,421.65,1973.1,177.0,10610.8340
85980,86040,421.84,1973.6,176.3,10838.6943
86040,86100,421.55,1973.1,178.3,10908.5332
86100,86160,422.41,1972.9,181.3,10848.9707
86160,86220,421.89,1973.3,181.3,10955.0430
86220,86280,421.90,1973.7,178.8,10716.8916
86280,86340,421.72,1973.4,179.1,10717.1660
86340,86400,421.62,1971.5,177.9,10805.8770
