CampaignData_and_Merges/R0/CSL_MobileLab_Parked/raw/20240721/USOS-NOAAIodideCIMS-HNO3_MobileLabGround_20240721_RA.ict
33, 1001
Michael A Robinson, Chris Jernigan, Subi Thakali
NOAA ESRL Chemical Sciences Laboratory and CIRES, U. of Colorado
NOAA Iodide CIMS Instrument
USOS
1, 1
2024, 07, 21, 2024, 07, 23
1
starttime_UTC, seconds_past_midnight, seconds_of_day_since_00:00:00_UTC
1
1
-9999
HNO3_NOAACIMS, pptv, Gas_HNO3_InSitu_S_AVMR, 
0
18
PI_CONTACT_INFO: 325 Broadway, R/CSD 7, Boulder, Colorado 80305; michael.a.robinson@noaa.gov; chris.jernigan@noaa.gov;
PLATFORM: NOAA CSL Mobile Lab
LOCATION: SLC, Utah
ASSOCIATED_DATA: 1Hz data also available on request.
INSTRUMENT_INFO: NOAA I- ToF CIMS
DATA_INFO: All data in parts per trillion by volume (pptv). 1 Hz data is available upon request.
UNCERTAINTY: TBD
ULOD_FLAG: -7777
ULOD_VALUE: N/A
LLOD_FLAG: -8888
LLOD_VALUE: N/A
DM_CONTACT_INFO: Nathan Howard; nathan.h.howard@noaa.gov
PROJECT_INFO: USOS, summer 2024. https://csl.noaa.gov/groups/csl7/measurements/2024usos/
STIPULATIONS_ON_USE: Users are strongly encouraged to contact the PI for proper data usage.
OTHER_COMMENTS: 
REVISION: RA
RA: Preliminary Data; For in-field use only
starttime_UTC, HNO3_NOAACIMS
     0, 678.537
    60, 663.415
   120, 638.924
   180, 648.244
   240, 656.003
   300, -9999.000
   360, 641.159
   420, 642.953
   480, 685.945
   540, 701.148
   600, 721.727
   660, 727.532
   720, 720.137
   780, 696.890
   840, 713.573
   900, 718.065
   960, 737.388
  1020, 785.930
  1080, 769.098
  1140, 693.007
  1200, 596.518
  1260, 530.148
  1320, 487.805
  1380, 459.691
  1440, 427.083
  1500, 425.317
  1560, 420.325
  1620, 422.802
  1680, 417.738
  1740, 413.369
  1800, 403.651
  1860, 408.410
  1920, 398.153
  1980, 389.024
  2040, 384.090
  2100, 383.144
  2160, -9999.000
  2220, 396.627
  2280, 385.516
  2340, 390.948
  2400, 378.633
  2460, 373.320
  2520, 369.447
  2580, 371.459
  2640, 351.898
  2700, 340.125
  2760, 353.128
  2820, 359.091
  2880, 361.340
  2940, 359.164
  3000, 361.130
  3060, 355.754
  3120, 361.432
  3180, 347.738
  3240, 338.527
  3300, 339.607
  3360, 334.033
  3420, 327.921
  3480, 323.619
  3540, 329.472
  3600, 334.946
  3660, 352.350
  3720, 347.108
  3780, 333.616
  3840, 316.747
  3900, 298.863
  3960, 291.943
  4020, -9999.000
  4080, 291.896
  4140, 298.327
  4200, 296.619
  4260, 298.830
  4320, 291.122
  4380, 283.523
  4440, 282.471
  4500, 280.385
  4560, 288.319
  4620, 292.819
  4680, 298.682
  4740, 300.850
  4800, 291.878
  4860, 286.448
  4920, 269.860
  4980, 270.860
  5040, 274.000
  5100, 284.284
  5160, 295.350
  5220, 295.921
  5280, 294.689
  5340, 300.694
  5400, 305.179
  5460, 304.565
  5520, 304.601
  5580, 309.262
  5640, 304.611
  5700, 299.270
  5760, 299.203
  5820, 301.223
  5880, 301.756
  5940, 301.046
  6000, 304.408
  6060, 310.201
  6120, 313.391
  6180, 311.519
  6240, 315.630
  6300, 309.761
  6360, 313.847
  6420, 308.448
  6480, 310.643
  6540, 304.697
  6600, 306.070
  6660, 304.275
  6720, 302.675
  6780, 303.454
  6840, 300.128
  6900, 298.847
  6960, 295.571
  7020, 295.953
  7080, 291.904
  7140, 291.486
  7200, 295.032
  7260, 292.367
  7320, 283.243
  7380, 285.971
  7440, 283.415
  7500, 286.264
  7560, 289.184
  7620, 291.278
  7680, 286.625
  7740, 280.918
  7800, 279.875
  7860, 280.431
  7920, 281.865
  7980, 284.592
  8040, 283.296
  8100, 284.127
  8160, 281.401
  8220, 280.274
  8280, 278.202
  8340, 274.730
  8400, 262.636
  8460, 254.337
  8520, 261.659
  8580, 265.038
  8640, 261.930
  8700, 270.035
  8760, 266.555
  8820, 260.332
  8880, 254.102
  8940, 248.945
  9000, 251.068
  9060, 249.061
  9120, 247.699
  9180, 244.224
  9240, 238.834
  9300, 241.302
  9360, 242.212
  9420, 246.926
  9480, 250.564
  9540, 247.948
  9600, 236.899
  9660, 235.594
  9720, 236.235
  9780, 240.288
  9840, 242.066
  9900, 241.817
  9960, 240.958
 10020, 240.798
 10080, 240.815
 10140, 240.804
 10200, 236.586
 10260, 234.931
 10320, 237.877
 10380, 238.804
 10440, 239.580
 10500, 227.172
 10560, 219.770
 10620, 229.368
 10680, 233.874
 10740, 241.299
 10800, 244.879
 10860, 249.032
 10920, 244.753
 10980, 238.722
 11040, 233.451
 11100, 229.013
 11160, 229.995
 11220, 232.456
 11280, 227.258
 11340, 225.894
 11400, -9999.000
 11460, 211.994
 11520, 212.829
 11580, 218.741
 11640, 226.713
 11700, 230.382
 11760, 233.350
 11820, 235.503
 11880, 226.603
 11940, 225.499
 12000, 223.369
 12060, 219.985
 12120, 215.473
 12180, 217.445
 12240, 216.169
 12300, 213.198
 12360, 212.274
 12420, 212.280
 12480, 213.279
 12540, 217.992
 12600, 221.376
 12660, 220.408
 12720, 217.155
 12780, 217.278
 12840, 212.020
 12900, 204.342
 12960, 201.920
 13020, 203.111
 13080, 201.162
 13140, 201.418
 13200, 206.219
 13260, 216.867
 13320, 212.514
 13380, 203.800
 13440, 203.410
 13500, 204.076
 13560, 210.202
 13620, 208.991
 13680, 211.705
 13740, 206.412
 13800, 204.900
 13860, 204.463
 13920, 202.241
 13980, 200.693
 14040, 203.813
 14100, 211.880
 14160, 206.820
 14220, 206.373
 14280, 204.876
 14340, 203.121
 14400, 198.589
 14460, 199.266
 14520, 200.196
 14580, 199.038
 14640, 196.306
 14700, 192.725
 14760, 185.476
 14820, 193.633
 14880, 191.620
 14940, 194.860
 15000, 194.280
 15060, 194.728
 15120, -9999.000
 15180, 183.543
 15240, 179.865
 15300, 173.208
 15360, 171.920
 15420, 173.949
 15480, 180.177
 15540, 191.805
 15600, 186.235
 15660, 183.377
 15720, 187.355
 15780, 185.107
 15840, 186.436
 15900, 183.753
 15960, 181.355
 16020, 178.987
 16080, 183.107
 16140, 183.488
 16200, 188.949
 16260, 192.099
 16320, 189.820
 16380, 189.994
 16440, 193.402
 16500, 188.585
 16560, 181.960
 16620, 182.326
 16680, 181.078
 16740, 173.641
 16800, 175.277
 16860, 176.544
 16920, 178.387
 16980, 180.020
 17040, 182.733
 17100, 182.557
 17160, 181.305
 17220, 177.411
 17280, 177.242
 17340, 173.234
 17400, 175.943
 17460, 181.587
 17520, 187.545
 17580, 189.058
 17640, 185.043
 17700, 180.236
 17760, 181.295
 17820, 182.175
 17880, 178.515
 17940, 176.863
 18000, 176.447
 18060, 176.375
 18120, 183.304
 18180, 187.806
 18240, 191.452
 18300, 185.171
 18360, 179.412
 18420, 180.490
 18480, 176.766
 18540, 173.285
 18600, 174.827
 18660, 176.937
 18720, 173.000
 18780, -9999.000
 18840, 174.285
 18900, 174.288
 18960, 171.002
 19020, 173.234
 19080, 174.086
 19140, 175.588
 19200, 176.245
 19260, 174.039
 19320, 174.884
 19380, 173.428
 19440, 177.353
 19500, 171.273
 19560, 166.879
 19620, 163.040
 19680, 164.664
 19740, 165.307
 19800, 164.426
 19860, 165.056
 19920, 164.127
 19980, 167.357
 20040, 167.313
 20100, 163.128
 20160, 162.939
 20220, 158.523
 20280, 157.780
 20340, 159.729
 20400, 167.023
 20460, 175.707
 20520, 184.161
 20580, 185.859
 20640, -9999.000
 20700, 195.144
 20760, 195.370
 20820, 186.223
 20880, 189.339
 20940, 195.904
 21000, 201.765
 21060, 206.767
 21120, 207.636
 21180, 207.036
 21240, 204.604
 21300, 195.787
 21360, 181.162
 21420, 175.154
 21480, 172.989
 21540, 180.195
 21600, 176.197
 21660, 181.184
 21720, 186.723
 21780, 185.241
 21840, 180.142
 21900, 179.847
 21960, 176.807
 22020, 173.266
 22080, 168.545
 22140, 156.550
 22200, 157.585
 22260, 169.075
 22320, 165.512
 22380, 171.522
 22440, 175.293
 22500, -9999.000
 22560, 168.157
 22620, 166.896
 22680, 163.165
 22740, 162.142
 22800, 165.569
 22860, 161.289
 22920, 164.074
 22980, 167.307
 23040, 165.020
 23100, 163.211
 23160, 160.106
 23220, 162.143
 23280, 170.898
 23340, 177.617
 23400, 175.229
 23460, 166.368
 23520, 168.616
 23580, 175.625
 23640, 174.458
 23700, 167.781
 23760, 172.469
 23820, 180.288
 23880, 183.144
 23940, 180.254
 24000, 180.303
 24060, 178.680
 24120, 173.527
 24180, 165.284
 24240, 165.027
 24300, 165.597
 24360, 167.705
 24420, 169.026
 24480, 167.167
 24540, 163.971
 24600, 162.141
 24660, 158.884
 24720, 157.816
 24780, 152.318
 24840, 153.209
 24900, 156.418
 24960, 163.902
 25020, 162.412
 25080, 158.915
 25140, 156.142
 25200, 146.025
 25260, 145.264
 25320, 147.260
 25380, 150.704
 25440, 155.930
 25500, 157.398
 25560, 158.597
 25620, 157.129
 25680, 153.709
 25740, 157.469
 25800, 159.863
 25860, 165.326
 25920, 168.294
 25980, 171.917
 26040, 172.533
 26100, 165.175
 26160, -9999.000
 26220, 152.008
 26280, 154.216
 26340, 161.382
 26400, 166.782
 26460, 169.328
 26520, 161.971
 26580, 163.587
 26640, 158.473
 26700, 156.294
 26760, 159.849
 26820, 163.146
 26880, 168.194
 26940, 169.508
 27000, 169.749
 27060, 162.794
 27120, 157.325
 27180, 160.242
 27240, 163.145
 27300, 163.385
 27360, 164.618
 27420, 161.242
 27480, 157.262
 27540, 159.520
 27600, 161.420
 27660, 162.236
 27720, 160.586
 27780, 163.826
 27840, 163.374
 27900, 164.997
 27960, 168.917
 28020, -9999.000
 28080, 166.368
 28140, 170.000
 28200, 169.069
 28260, 168.322
 28320, 167.169
 28380, 170.146
 28440, 171.419
 28500, 172.815
 28560, 171.905
 28620, 175.533
 28680, 180.737
 28740, 176.857
 28800, 171.966
 28860, 168.695
 28920, 168.962
 28980, 175.912
 29040, 176.739
 29100, 178.135
 29160, 175.509
 29220, 166.050
 29280, 157.971
 29340, 163.296
 29400, 167.845
 29460, 172.848
 29520, 174.201
 29580, 173.872
 29640, 170.103
 29700, 173.357
 29760, 170.583
 29820, 170.929
 29880, -9999.000
 29940, 168.602
 30000, 159.136
 30060, 159.192
 30120, 163.997
 30180, 163.845
 30240, 168.097
 30300, 172.505
 30360, 172.175
 30420, 166.897
 30480, 163.216
 30540, 164.859
 30600, 164.420
 30660, 166.913
 30720, 167.858
 30780, 167.142
 30840, 161.491
 30900, 160.524
 30960, 157.182
 31020, 157.346
 31080, 158.375
 31140, 164.794
 31200, 163.364
 31260, 164.068
 31320, 162.686
 31380, 161.141
 31440, 164.135
 31500, 169.202
 31560, 167.040
 31620, 166.780
 31680, 165.661
 31740, 160.026
 31800, 164.431
 31860, 166.449
 31920, 168.016
 31980, 163.688
 32040, 165.699
 32100, 165.719
 32160, 166.354
 32220, 168.294
 32280, 168.822
 32340, 168.549
 32400, 167.729
 32460, 161.853
 32520, 160.930
 32580, 164.006
 32640, 167.914
 32700, 164.146
 32760, 166.098
 32820, 167.904
 32880, 166.880
 32940, 163.461
 33000, 168.033
 33060, 165.363
 33120, 163.723
 33180, 165.445
 33240, 163.768
 33300, 168.098
 33360, 175.955
 33420, 174.181
 33480, 173.366
 33540, 167.806
 33600, 164.561
 33660, 165.410
 33720, 170.918
 33780, 174.274
 33840, 168.138
 33900, 167.010
 33960, 165.951
 34020, 165.031
 34080, 169.426
 34140, 174.995
 34200, 173.003
 34260, 173.435
 34320, 168.805
 34380, 170.162
 34440, 169.411
 34500, 176.947
 34560, 175.244
 34620, 173.284
 34680, 173.872
 34740, 174.330
 34800, 174.384
 34860, 177.226
 34920, 178.901
 34980, 177.830
 35040, 172.762
 35100, 168.799
 35160, 168.384
 35220, 171.693
 35280, 175.729
 35340, 170.272
 35400, 171.876
 35460, 173.880
 35520, 172.429
 35580, 173.711
 35640, 177.982
 35700, 174.538
 35760, 173.593
 35820, 167.871
 35880, 166.503
 35940, 170.526
 36000, 169.452
 36060, 167.763
 36120, 164.230
 36180, 158.306
 36240, 159.396
 36300, 162.798
 36360, 165.197
 36420, 163.991
 36480, 162.682
 36540, 158.133
 36600, 159.641
 36660, 162.350
 36720, 158.446
 36780, 158.481
 36840, 158.731
 36900, 158.540
 36960, 157.512
 37020, 159.033
 37080, 161.198
 37140, 158.797
 37200, 160.189
 37260, -9999.000
 37320, 161.709
 37380, 167.142
 37440, 166.261
 37500, 167.140
 37560, 165.009
 37620, 164.339
 37680, 170.048
 37740, 169.509
 37800, 164.749
 37860, 163.480
 37920, 155.415
 37980, 156.310
 38040, 159.585
 38100, 160.706
 38160, 158.327
 38220, 156.668
 38280, 149.871
 38340, 146.093
 38400, 148.479
 38460, 152.713
 38520, 148.730
 38580, 144.553
 38640, 144.513
 38700, 146.587
 38760, 147.476
 38820, 149.321
 38880, 146.013
 38940, 142.261
 39000, 142.244
 39060, 141.636
 39120, -9999.000
 39180, 149.854
 39240, 146.729
 39300, 147.998
 39360, 143.781
 39420, 142.338
 39480, 143.501
 39540, 143.734
 39600, 142.616
 39660, 142.272
 39720, 139.761
 39780, 141.003
 39840, 145.914
 39900, 145.123
 39960, 141.812
 40020, 139.810
 40080, 140.045
 40140, 143.948
 40200, 143.875
 40260, 142.446
 40320, 141.135
 40380, 140.621
 40440, 143.569
 40500, 144.084
 40560, 143.982
 40620, 142.386
 40680, 143.821
 40740, 141.952
 40800, 147.050
 40860, 144.497
 40920, 140.693
 40980, -9999.000
 41040, 141.251
 41100, 140.346
 41160, 144.778
 41220, 145.402
 41280, 142.931
 41340, 142.046
 41400, 143.630
 41460, 143.732
 41520, 141.711
 41580, 141.026
 41640, 143.026
 41700, 141.737
 41760, 143.955
 41820, 144.286
 41880, 138.123
 41940, 135.658
 42000, 136.628
 42060, 140.710
 42120, 141.649
 42180, 143.242
 42240, 139.902
 42300, 138.591
 42360, 139.085
 42420, 138.615
 42480, 141.144
 42540, 140.152
 42600, 138.850
 42660, 138.457
 42720, 141.761
 42780, 141.198
 42840, 140.149
 42900, 137.529
 42960, 135.927
 43020, 137.394
 43080, 139.662
 43140, 139.867
 43200, 137.945
 43260, 131.457
 43320, 132.747
 43380, 135.161
 43440, 135.521
 43500, 134.595
 43560, 132.182
 43620, 133.157
 43680, 135.314
 43740, 139.078
 43800, 136.116
 43860, 133.526
 43920, 130.764
 43980, 133.756
 44040, 137.152
 44100, 134.767
 44160, 133.827
 44220, 133.535
 44280, 134.766
 44340, 137.317
 44400, 136.528
 44460, 136.806
 44520, 131.526
 44580, 132.031
 44640, -9999.000
 44700, 137.090
 44760, 134.168
 44820, 134.362
 44880, 135.408
 44940, 136.970
 45000, 139.416
 45060, 137.440
 45120, 137.034
 45180, 137.818
 45240, 137.625
 45300, 135.564
 45360, 132.878
 45420, 134.644
 45480, 134.927
 45540, 138.398
 45600, 135.855
 45660, 131.427
 45720, 130.224
 45780, 132.434
 45840, 135.487
 45900, 133.541
 45960, 133.196
 46020, 134.050
 46080, 135.293
 46140, 133.063
 46200, 129.925
 46260, 128.891
 46320, 128.050
 46380, 128.912
 46440, 133.057
 46500, -9999.000
 46560, 134.758
 46620, 127.934
 46680, 123.603
 46740, 123.232
 46800, 117.105
 46860, 116.293
 46920, 215.038
 46980, 245.024
 47040, 229.613
 47100, 219.327
 47160, 205.920
 47220, 198.837
 47280, 196.844
 47340, 194.363
 47400, 193.418
 47460, 186.404
 47520, 181.095
 47580, 175.748
 47640, 176.715
 47700, 174.943
 47760, 174.061
 47820, 171.282
 47880, 164.282
 47940, 161.160
 48000, 160.398
 48060, 162.297
 48120, 159.243
 48180, 155.885
 48240, 153.076
 48300, 150.597
 48360, -9999.000
 48420, 172.367
 48480, 169.179
 48540, 164.447
 48600, 165.945
 48660, 163.261
 48720, 165.553
 48780, 161.431
 48840, 159.825
 48900, 157.112
 48960, 157.044
 49020, 159.941
 49080, 159.642
 49140, 156.095
 49200, 157.956
 49260, 154.835
 49320, 153.728
 49380, 150.863
 49440, 150.240
 49500, 147.485
 49560, 147.744
 49620, 152.819
 49680, 153.686
 49740, 157.322
 49800, 153.327
 49860, 154.526
 49920, 151.183
 49980, 151.458
 50040, 156.509
 50100, 159.710
 50160, 159.971
 50220, 168.991
 50280, 166.902
 50340, 161.712
 50400, 158.385
 50460, 159.504
 50520, 163.282
 50580, 155.882
 50640, 155.365
 50700, 160.014
 50760, 164.024
 50820, 159.167
 50880, 158.539
 50940, 161.628
 51000, 163.224
 51060, 162.813
 51120, 163.691
 51180, 164.895
 51240, 163.721
 51300, 166.147
 51360, 164.146
 51420, 163.806
 51480, 167.593
 51540, 171.444
 51600, 165.811
 51660, 168.948
 51720, 164.451
 51780, 162.011
 51840, 158.208
 51900, 156.588
 51960, 157.926
 52020, 161.042
 52080, 175.765
 52140, 176.235
 52200, 169.693
 52260, 165.505
 52320, 170.353
 52380, 169.886
 52440, 172.000
 52500, 175.072
 52560, 176.210
 52620, 173.508
 52680, 174.811
 52740, 174.228
 52800, 173.101
 52860, 168.320
 52920, 167.449
 52980, 170.423
 53040, 173.820
 53100, 173.849
 53160, 170.153
 53220, 169.818
 53280, 171.120
 53340, 170.720
 53400, 178.021
 53460, 175.041
 53520, 170.649
 53580, 173.193
 53640, 171.423
 53700, 170.612
 53760, 168.269
 53820, 165.810
 53880, 166.535
 53940, 159.791
 54000, 163.362
 54060, 163.508
 54120, 172.267
 54180, 172.545
 54240, -9999.000
 54300, 174.003
 54360, 178.349
 54420, 176.814
 54480, 179.712
 54540, 176.891
 54600, 176.265
 54660, 177.591
 54720, 177.924
 54780, 174.471
 54840, 169.916
 54900, 171.343
 54960, 178.010
 55020, 179.544
 55080, 178.017
 55140, 172.976
 55200, 172.238
 55260, 176.506
 55320, 174.225
 55380, 168.279
 55440, 168.957
 55500, 169.667
 55560, 169.905
 55620, 173.146
 55680, 176.840
 55740, 172.570
 55800, 171.772
 55860, 178.503
 55920, 182.078
 55980, 179.136
 56040, 177.087
 56100, -9999.000
 56160, 179.204
 56220, 179.849
 56280, 182.521
 56340, 182.865
 56400, 185.785
 56460, 178.804
 56520, 176.806
 56580, 178.079
 56640, 183.842
 56700, 185.754
 56760, 185.083
 56820, 184.304
 56880, 184.367
 56940, 182.550
 57000, 178.066
 57060, 185.126
 57120, 187.107
 57180, 185.049
 57240, 181.494
 57300, 185.599
 57360, 188.334
 57420, 187.589
 57480, 185.721
 57540, 185.440
 57600, 188.508
 57660, 184.991
 57720, 190.049
 57780, 196.054
 57840, 196.865
 57900, 195.449
 57960, -9999.000
 58020, 206.223
 58080, 204.537
 58140, 206.638
 58200, 212.552
 58260, 213.752
 58320, 208.264
 58380, 211.875
 58440, 211.865
 58500, 207.505
 58560, 207.173
 58620, 208.457
 58680, 206.571
 58740, 209.744
 58800, 213.388
 58860, 208.586
 58920, 207.962
 58980, 209.192
 59040, 211.788
 59100, 212.272
 59160, 214.060
 59220, 213.817
 59280, 215.305
 59340, 220.319
 59400, 216.096
 59460, 217.019
 59520, 210.982
 59580, 213.455
 59640, 212.203
 59700, 212.045
 59760, 210.019
