CampaignData_and_Merges/R0/CSL_MobileLab_Parked/raw/20240721/USOS-NOAAIodideCIMS-Halogens_MobileLabGround_20240721_RA.ict
38, 1001
Michael A Robinson, Chris Jernigan, Subi Thakali
NOAA ESRL Chemical Sciences Laboratory and CIRES, U. of Colorado
NOAA Iodide CIMS Instrument
USOS
1, 1
2024, 07, 21, 2024, 07, 23
1
starttime_UTC, seconds_past_midnight, seconds_of_day_since_00:00:00_UTC
6
1, 1, 1, 1, 1, 1
-9999, -9999, -9999, -9999, -9999, -9999
Br2_NOAACIMS, pptv, Gas_Br2_InSitu_S_AVMR, 
BrO_NOAACIMS, pptv, Gas_BrO_InSitu_S_AVMR, 
Cl2_NOAACIMS, pptv, Gas_Cl2_InSitu_S_AVMR, 
ClNO2_NOAACIMS, pptv, Gas_ClNO2_InSitu_S_AVMR, 
BrCl_NOAACIMS, pptv, Gas_BrCl_InSitu_S_AVMR, 
NCl3_NOAACIMS, pptv, Gas_NCl3_InSitu_S_AVMR, 
0
18
PI_CONTACT_INFO: 325 Broadway, R/CSD 7, Boulder, Colorado 80305; michael.a.robinson@noaa.gov; chris.jernigan@noaa.gov;
PLATFORM: NOAA CSL Mobile Lab
LOCATION: SLC, Utah
ASSOCIATED_DATA: 1Hz data also available on request.
INSTRUMENT_INFO: NOAA I- ToF CIMS
DATA_INFO: All data in parts per trillion by volume (pptv). 1 Hz data is available upon request.
UNCERTAINTY: TBD
ULOD_FLAG: -7777
ULOD_VALUE: N/A
LLOD_FLAG: -8888
LLOD_VALUE: N/A
DM_CONTACT_INFO: Nathan Howard; nathan.h.howard@noaa.gov
PROJECT_INFO: USOS, summer 2024. https://csl.noaa.gov/groups/csl7/measurements/2024usos/
STIPULATIONS_ON_USE: Users are strongly encouraged to contact the PI for proper data usage.
OTHER_COMMENTS: 
REVISION: RA
RA: Preliminary Data; For in-field use only
starttime_UTC, Br2_NOAACIMS, BrO_NOAACIMS, Cl2_NOAACIMS, ClNO2_NOAACIMS, BrCl_NOAACIMS, NCl3_NOAACIMS
[from data line 866]
 51960,  0.861, -0.000,  0.339,  0.086,  0.016,  0.164
 52020,  1.029, -0.134,  0.397,  0.173, -0.075,  0.425
 52080,  0.259, -0.028,  0.368,  0.071, -0.033,  0.102
 52140,  0.324, -0.059,  0.258,  0.036, -0.038, -0.003
 52200,  0.677,  0.011,  0.336,  0.063,  0.006,  0.126
 52260,  0.389, -0.037,  0.359,  0.055,  0.010,  0.042
 52320,  0.581,  0.048,  0.369,  0.076, -0.006,  0.039
 52380,  0.605,  0.020,  0.311,  0.103, -0.028,  0.067
 52440,  0.700,  0.077,  0.401,  0.075,  0.034,  0.119
 52500,  0.671,  0.036,  0.349,  0.072,  0.026,  0.122
 52560,  0.625,  0.047,  0.299,  0.090,  0.031,  0.131
 52620,  0.736,  0.122,  0.337,  0.088,  0.013,  0.197
 52680,  0.775,  0.069,  0.410,  0.071,  0.012,  0.170
 52740,  0.651,  0.036,  0.386,  0.082,  0.006,  0.131
 52800,  0.597,  0.090,  0.280,  0.094,  0.024,  0.107
 52860,  0.625,  0.118,  0.318,  0.071,  0.015,  0.127
 52920,  0.608,  0.097,  0.344,  0.096,  0.039,  0.231
 52980,  0.686,  0.046,  0.365,  0.059,  0.040,  0.155
 53040,  0.446,  0.034,  0.218,  0.073,  0.044,  0.115
 53100,  0.507,  0.023,  0.276,  0.072,  0.027,  0.175
 53160,  0.520,  0.099,  0.295,  0.099,  0.032,  0.131
 53220,  0.469,  0.045,  0.302,  0.064,  0.044,  0.147
 53280,  0.638,  0.103,  0.273,  0.077,  0.049,  0.261
 53340,  0.784,  0.070,  0.204,  0.090,  0.102,  0.322
 53400,  0.586,  0.097,  0.293,  0.082,  0.027,  0.115
 53460,  0.694,  0.069,  0.298,  0.102,  0.071,  0.200
 53520,  0.714,  0.116,  0.339,  0.073,  0.078,  0.191
 53580,  0.743,  0.058,  0.324,  0.072,  0.033,  0.087
 53640,  0.937,  0.130,  0.426,  0.097,  0.034,  0.181
 53700,  0.945,  0.167,  0.373,  0.080,  0.059,  0.191
 53760,  1.075,  0.108,  0.375,  0.097,  0.079,  0.276
 53820,  1.159,  0.115,  0.381,  0.096,  0.075,  0.206
 53880,  1.233,  0.151,  0.446,  0.086,  0.090,  0.323
 53940,  0.827,  0.086,  0.390,  0.081,  0.045,  0.178
 54000,  1.621,  0.122,  0.427,  0.121,  0.094,  0.213
 54060,  0.951,  0.091,  0.396,  0.070,  0.063,  0.189
 54120,  1.498,  0.133,  0.335,  0.058,  0.058,  0.250
 54180,  1.329,  0.176,  0.353,  0.086,  0.098,  0.219
 54240, -9999.000, -9999.000, -9999.000, -9999.000, -9999.000, -9999.000
 54300,  1.526,  0.229,  0.372,  0.096,  0.089,  0.325
 54360,  1.505,  0.087,  0.371,  0.089,  0.096,  0.192
 54420,  1.609,  0.148,  0.391,  0.088,  0.091,  0.288
 54480,  1.374,  0.097,  0.383,  0.075,  0.073,  0.223
 54540,  1.514,  0.088,  0.360,  0.089,  0.098,  0.303
 54600,  1.669,  0.190,  0.337,  0.100,  0.088,  0.273
 54660,  1.223,  0.101,  0.422,  0.087,  0.070,  0.150
 54720,  0.899,  0.056,  0.369,  0.080,  0.043,  0.104
 54780,  1.408,  0.116,  0.428,  0.090,  0.079,  0.257
 54840,  1.457,  0.219,  0.410,  0.109,  0.088,  0.237
 54900,  0.975,  0.071,  0.294,  0.067,  0.065,  0.147
 54960,  1.414,  0.185,  0.386,  0.077,  0.092,  0.304
 55020,  1.482,  0.201,  0.425,  0.080,  0.091,  0.320
 55080,  1.381,  0.123,  0.348,  0.076,  0.080,  0.260
 55140,  1.372,  0.135,  0.373,  0.102,  0.094,  0.262
 55200,  1.082,  0.124,  0.387,  0.100,  0.056,  0.096
 55260,  1.052,  0.045,  0.338,  0.081,  0.048,  0.111
 55320,  1.278,  0.162,  0.368,  0.085,  0.083,  0.177
 55380,  0.669,  0.079,  0.415,  0.100,  0.042,  0.153
 55440,  1.133,  0.148,  0.435,  0.098,  0.046,  0.249
 55500,  0.402,  0.023,  0.280,  0.068,  0.009,  0.063
 55560,  0.620,  0.088,  0.310,  0.073,  0.039,  0.134
 55620,  0.635,  0.038,  0.334,  0.076,  0.064,  0.212
 55680,  0.849,  0.161,  0.283,  0.064,  0.023,  0.163
 55740,  0.569,  0.082,  0.313,  0.082,  0.039,  0.084
 55800,  0.423,  0.126,  0.336,  0.066,  0.003,  0.145
 55860,  0.850,  0.070,  0.406,  0.086,  0.066,  0.252
 55920,  0.662,  0.039,  0.366,  0.051,  0.019,  0.108
 55980,  0.692,  0.050,  0.291,  0.080,  0.076,  0.133
 56040,  0.695,  0.062,  0.400,  0.052,  0.039,  0.191
 56100, -9999.000, -9999.000, -9999.000, -9999.000, -9999.000, -9999.000
 56160,  0.272,  0.074,  0.271,  0.075,  0.015,  0.124
 56220,  0.735,  0.035,  0.329,  0.064,  0.044,  0.164
 56280,  0.777,  0.088,  0.346,  0.094,  0.036,  0.180
 56340,  0.832,  0.190,  0.294,  0.096,  0.049,  0.207
 56400,  0.918,  0.083,  0.341,  0.106,  0.061,  0.171
 56460,  0.837,  0.130,  0.410,  0.087,  0.038,  0.194
 56520,  0.852,  0.106,  0.347,  0.069,  0.023,  0.123
 56580,  0.810,  0.106,  0.375,  0.056,  0.054,  0.218
 56640,  0.734,  0.113,  0.309,  0.061,  0.030,  0.131
 56700,  0.549,  0.043,  0.380,  0.049,  0.052,  0.154
 56760,  0.343,  0.020,  0.315,  0.058,  0.016,  0.056
 56820, -0.532, -0.044,  0.301,  0.030, -0.044, -0.059
 56880,  0.940,  0.016,  0.405,  0.063,  0.063,  0.223
 56940,  0.522,  0.045,  0.361,  0.041,  0.025,  0.085
 57000,  0.704,  0.058,  0.381,  0.074,  0.064,  0.073
 57060,  0.386,  0.016,  0.366,  0.032,  0.030,  0.009
 57120,  0.877,  0.101,  0.374,  0.053,  0.066,  0.077
 57180,  0.925,  0.039,  0.473,  0.055,  0.094,  0.114
 57240,  0.708, -0.022,  0.417,  0.045,  0.049,  0.158
 57300,  0.851,  0.035,  0.372,  0.051,  0.084,  0.157
 57360,  0.771,  0.072,  0.424,  0.053,  0.075,  0.075
 57420,  0.949,  0.049,  0.370,  0.045,  0.053,  0.131
 57480,  0.947,  0.121,  0.399,  0.047,  0.078,  0.120
 57540,  0.691,  0.075,  0.392,  0.029,  0.028,  0.107
 57600,  0.773,  0.096,  0.433,  0.042,  0.042,  0.102
 57660,  0.960,  0.130,  0.492,  0.067,  0.077,  0.108
 57720,  1.006,  0.108,  0.427,  0.052,  0.059,  0.126
 57780,  1.028,  0.026,  0.597,  0.050,  0.054,  0.111
 57840,  1.025,  0.137,  0.521,  0.050,  0.095,  0.070
 57900,  0.882,  0.087,  0.570,  0.043,  0.096,  0.200
 57960, -9999.000, -9999.000, -9999.000, -9999.000, -9999.000, -9999.000
 58020,  1.030,  0.130,  0.408,  0.063,  0.138,  0.182
 58080,  0.822,  0.089,  0.384,  0.046,  0.061,  0.100
 58140,  0.988,  0.135,  0.401,  0.065,  0.102,  0.101
 58200,  1.010,  0.096,  0.452,  0.070,  0.056,  0.084
 58260,  0.598,  0.110,  0.516,  0.057,  0.049,  0.074
 58320,  0.418, -0.033,  0.374,  0.037,  0.002, -0.017
 58380,  0.888,  0.047,  0.390,  0.044,  0.084,  0.076
 58440,  0.682,  0.091,  0.408,  0.075,  0.028,  0.079
 58500,  0.495,  0.117,  0.506,  0.020,  0.045,  0.072
 58560,  0.874,  0.128,  0.609,  0.071,  0.088,  0.102
 58620,  0.834,  0.096,  0.448,  0.058,  0.057,  0.159
 58680,  0.897,  0.108,  0.454,  0.040,  0.080,  0.093
 58740,  0.886,  0.138,  0.397,  0.031,  0.086,  0.158
 58800,  0.784,  0.022,  0.620,  0.066,  0.072,  0.071
 58860,  0.693,  0.132,  0.501,  0.042,  0.062,  0.064
 58920,  0.492, -0.024,  0.455,  0.024,  0.024,  0.029
 58980,  0.888,  0.158,  0.574,  0.055,  0.109,  0.102
 59040,  0.828,  0.083,  0.494,  0.053,  0.057,  0.075
 59100,  0.844,  0.132,  0.468,  0.067,  0.131,  0.082
 59160,  0.649,  0.036,  0.467,  0.089,  0.106,  0.026
 59220,  0.500,  0.074,  0.468,  0.044,  0.050,  0.033
 59280,  0.594,  0.108,  0.516,  0.035,  0.100,  0.041
 59340,  0.654,  0.053,  0.492,  0.061,  0.057,  0.046
 59400,  0.775,  0.079,  0.444,  0.043,  0.093,  0.137
 59460,  0.757,  0.069,  0.476,  0.078,  0.100,  0.103
 59520,  0.836,  0.072,  0.499,  0.060,  0.074,  0.038
 59580,  0.743,  0.093,  0.478,  0.079,  0.040,  0.061
 59640,  0.573, -0.008,  0.528,  0.038,  0.083,  0.047
 59700,  0.683,  0.087,  0.480,  0.061,  0.060,  0.133
 59760,  0.839,  0.017,  0.519,  0.045,  0.083,  0.053
 59820,  0.626,  0.018,  0.439,  0.075,  0.035,  0.113
 59880,  0.685,  0.063,  0.521,  0.081,  0.079,  0.119
 59940,  0.782,  0.034,  0.581,  0.047,  0.092,  0.146
 60000,  0.226, -0.025,  0.402,  0.047,  0.056,  0.027
 60060,  0.793,  0.046,  0.500,  0.070,  0.081,  0.080
 60120,  0.298,  0.121,  0.453,  0.063,  0.066,  0.076
 60180,  0.727,  0.019,  0.441,  0.065,  0.055,  0.297
 60240,  0.358,  0.048,  0.459,  0.047,  0.018,  0.068
 60300,  0.623,  0.014,  0.498,  0.070,  0.061,  0.337
 60360,  0.786,  0.024,  0.451,  0.068,  0.110,  0.296
 60420,  0.403,  0.049,  0.470,  0.085,  0.064,  0.181
 60480,  0.444, -0.016,  0.529,  0.041,  0.090,  0.184
 60540,  0.521, -0.037,  0.538,  0.050,  0.062,  0.217
 60600,  0.772,  0.006,  0.443,  0.069,  0.060,  0.294
 60660,  0.450, -0.025,  0.497,  0.039,  0.050,  0.179
 60720,  0.668,  0.001,  0.580,  0.068,  0.061,  0.279
 60780,  0.370, -0.015,  0.551,  0.066,  0.038,  0.105
 60840,  0.343, -0.052,  0.419,  0.048,  0.054,  0.147
 60900,  0.254,  0.073,  0.476,  0.038,  0.054,  0.161
 60960, -0.096, -0.046,  0.393,  0.037,  0.015,  0.008
 61020,  0.280,  0.003,  0.527,  0.049,  0.040,  0.075
 61080,  0.142, -0.051,  0.527,  0.069, -0.007,  0.073
 61140,  0.621, -0.058,  0.466,  0.066,  0.037,  0.147
 61200,  0.838,  0.075,  0.450,  0.067,  0.058,  0.130
 61260,  0.336, -0.055,  0.440,  0.055,  0.018,  0.040
 61320,  0.705,  0.050,  0.509,  0.058,  0.063,  0.112
 61380,  0.570, -0.058,  0.458,  0.048,  0.006,  0.126
 61440, -0.069, -0.038,  0.365,  0.030,  0.011, -0.027
 61500, -0.010, -0.054,  0.321,  0.053,  0.012,  0.007
 61560,  0.726,  0.029,  0.480,  0.046,  0.054,  0.104
 61620, -9999.000, -9999.000, -9999.000, -9999.000, -9999.000, -9999.000
 61680,  0.318,  0.136,  0.366,  0.028,  0.077,  0.057
 61740, -0.615, -0.154,  0.348,  0.014, -0.045, -0.072
 61800,  0.350,  0.074,  0.373,  0.056,  0.020,  0.044
 61860,  0.531,  0.026,  0.408,  0.042,  0.010, -0.015
 61920,  0.735,  0.036,  0.419,  0.050,  0.069,  0.096
 61980,  0.646,  0.013,  0.382,  0.033,  0.038,  0.127
 62040,  0.574,  0.054,  0.357,  0.068,  0.048,  0.076
 62100,  0.705, -0.031,  0.515,  0.055,  0.074,  0.144
 62160,  0.724, -0.013,  0.501,  0.066,  0.088,  0.166
 62220,  0.783, -0.042,  0.457,  0.037,  0.073,  0.110
 62280,  0.741,  0.022,  0.466,  0.030,  0.096,  0.163
 62340,  0.819,  0.030,  0.481,  0.019,  0.056,  0.131
 62400,  0.735, -0.013,  0.479,  0.058,  0.069,  0.080
 62460,  0.811,  0.021,  0.456,  0.017,  0.045,  0.067
 62520,  0.388,  0.025,  0.549,  0.048,  0.043,  0.071
 62580,  0.301, -0.093,  0.442,  0.004,  0.030,  0.053
 62640,  0.818, -0.097,  0.582,  0.022,  0.046,  0.165
 62700,  0.155, -0.147,  0.489,  0.018, -0.023, -0.041
 62760,  0.857,  0.057,  0.423,  0.031,  0.082,  0.159
 62820, -0.106, -0.085,  0.464,  0.023, -0.015,  0.036
 62880,  0.778, -0.013,  0.559,  0.039,  0.082,  0.079
 62940,  0.533, -0.074,  0.549,  0.047,  0.015,  0.200
 63000,  0.696, -0.056,  0.582,  0.029,  0.013,  0.191
 63060,  0.786, -0.049,  0.503,  0.021,  0.129,  0.187
 63120,  0.771,  0.026,  0.669,  0.036,  0.071,  0.169
 63180,  0.763, -0.099,  0.624,  0.044,  0.026,  0.232
 63240,  0.702, -0.022,  0.688,  0.031,  0.074,  0.244
 63300,  0.848, -0.044,  0.559,  0.020,  0.057,  0.225
 63360,  0.901,  0.017,  0.611,  0.016,  0.083,  0.203
 63420,  0.584, -0.068,  0.483,  0.006,  0.074,  0.078
 63480, -9999.000, -9999.000, -9999.000, -9999.000, -9999.000, -9999.000
 63540,  0.381, -0.021,  0.395,  0.026, -0.008,  0.071
 63600,  0.581,  0.041,  0.576,  0.007,  0.038,  0.231
 63660,  0.002, -0.158,  0.525, -0.007, -0.003,  0.078
 63720,  0.626, -0.041,  0.651,  0.012,  0.067,  0.138
 63780,  0.475, -0.126,  0.524,  0.017,  0.062,  0.068
 63840,  0.743, -0.049,  0.496,  0.004,  0.064,  0.150
 63900,  0.634, -0.003,  0.485,  0.029,  0.075,  0.105
 63960,  0.822, -0.013,  0.490,  0.030,  0.069,  0.120
 64020,  0.601, -0.067,  0.502,  0.022,  0.063,  0.121
 64080,  0.615, -0.072,  0.628, -0.007,  0.059,  0.088
 64140, -0.054, -0.096,  0.480, -0.001,  0.005,  0.097
 64200, -0.196, -0.134,  0.457,  0.028, -0.023,  0.022
 64260,  0.721, -0.063,  0.562,  0.001,  0.040,  0.085
 64320, -0.379, -0.143,  0.473, -0.022, -0.051, -0.143
 64380, -0.385, -0.174,  0.506, -0.007, -0.016, -0.067
 64440,  0.422, -0.073,  0.395,  0.013, -0.001,  0.049
 64500,  0.514, -0.033,  0.619,  0.009,  0.056,  0.074
 64560,  0.610, -0.031,  0.486,  0.024,  0.028,  0.038
 64620,  0.906,  0.020,  0.710,  0.044,  0.093,  0.122
 64680,  0.687, -0.038,  0.620,  0.023,  0.084,  0.065
 64740,  0.423, -0.102,  0.645,  0.010,  0.030,  0.001
 64800, -0.301, -0.153,  0.457,  0.011, -0.021,  0.018
 64860,  0.517, -0.103,  0.557,  0.043,  0.028,  0.039
 64920,  0.844,  0.025,  0.623,  0.021,  0.082,  0.162
 64980,  0.972,  0.124,  0.600,  0.032,  0.089,  0.196
 65040,  0.803,  0.064,  0.696,  0.016,  0.062,  0.057
 65100,  0.459,  0.027,  0.664,  0.009,  0.026,  0.001
 65160,  0.818, -0.032,  0.637,  0.034,  0.072,  0.085
 65220,  0.651, -0.020,  0.618,  0.045,  0.040,  0.093
 65280,  0.871, -0.005,  0.553,  0.021,  0.119,  0.022
 65340, -9999.000, -9999.000, -9999.000, -9999.000, -9999.000, -9999.000
 65400,  0.612, -0.041,  0.601,  0.005, -0.000,  0.019
 65460,  0.832, -0.023,  0.670,  0.038,  0.064,  0.200
 65520,  0.235, -0.078,  0.487,  0.016, -0.013, -0.003
 65580,  0.717, -0.016,  0.666,  0.053,  0.078,  0.139
 65640,  0.712,  0.050,  0.526,  0.031,  0.048,  0.158
 65700,  0.880,  0.094,  0.630,  0.027,  0.079,  0.189
 65760,  0.614,  0.020,  0.670,  0.026,  0.059,  0.143
 65820,  0.733, -0.010,  0.675,  0.034,  0.070,  0.272
 65880,  0.919,  0.105,  0.563,  0.047,  0.052,  0.118
 65940,  0.509,  0.040,  0.678,  0.037,  0.065,  0.042
 66000,  0.711,  0.021,  0.622,  0.043,  0.076,  0.119
 66060,  0.808,  0.081,  0.728,  0.051,  0.134,  0.157
 66120,  0.532,  0.079,  0.610,  0.023,  0.076,  0.099
 66180,  0.855,  0.130,  0.635,  0.058,  0.079,  0.059
 66240,  0.684,  0.096,  0.607,  0.030,  0.070,  0.125
 66300,  0.761,  0.168,  0.775,  0.061,  0.098,  0.135
 66360,  0.596,  0.123,  0.615,  0.013,  0.063,  0.030
 66420,  0.625,  0.172,  0.636,  0.036,  0.102,  0.094
 66480,  0.911,  0.077,  0.601,  0.038,  0.118,  0.070
 66540,  0.819,  0.104,  0.721,  0.058,  0.096,  0.069
 66600,  0.898,  0.102,  0.602,  0.068,  0.125,  0.134
 66660,  0.761,  0.056,  0.573,  0.061,  0.139,  0.182
 66720,  0.896,  0.088,  0.576,  0.084,  0.111,  0.171
 66780,  0.950,  0.153,  0.669,  0.050,  0.117,  0.173
 66840,  0.858,  0.107,  0.651,  0.027,  0.149,  0.029
 66900,  0.692,  0.135,  0.811,  0.043,  0.115,  0.170
 66960,  0.738,  0.185,  0.701,  0.063,  0.148,  0.157
 67020,  0.775,  0.175,  0.723,  0.083,  0.133,  0.184
 67080,  0.586,  0.220,  0.753,  0.050,  0.135,  0.164
 67140,  0.762,  0.216,  0.714,  0.031,  0.140,  0.047
 67200, -9999.000, -9999.000, -9999.000, -9999.000, -9999.000, -9999.000
 67260,  0.345,  0.132,  0.578,  0.015,  0.070,  0.016
 67320,  0.795,  0.320,  0.649,  0.075,  0.135,  0.150
 67380,  0.741,  0.252,  0.706,  0.055,  0.125,  0.148
 67440,  0.899,  0.180,  0.684,  0.048,  0.113,  0.102
 67500,  0.901,  0.100,  0.727,  0.053,  0.111,  0.128
 67560,  0.809,  0.079,  0.569,  0.054,  0.107,  0.129
 67620,  0.918,  0.289,  0.629,  0.032,  0.091,  0.121
 67680,  0.601,  0.120,  0.646,  0.040,  0.090,  0.038
 67740,  0.535,  0.198,  0.581,  0.041,  0.087,  0.130
 67800,  0.921,  0.130,  0.696,  0.028,  0.082,  0.060
 67860,  0.994,  0.113,  0.774,  0.073,  0.076,  0.154
 67920,  0.867,  0.108,  0.620,  0.036,  0.125,  0.114
 67980,  0.619,  0.150,  0.708,  0.062,  0.070,  0.094
 68040,  0.912,  0.138,  0.627,  0.045,  0.087,  0.160
 68100,  1.050,  0.151,  0.694,  0.045,  0.098,  0.181
 68160,  0.854,  0.129,  0.693,  0.053,  0.090,  0.082
 68220,  0.435, -0.010,  0.469,  0.036,  0.030, -0.003
 68280,  0.638,  0.157,  0.627,  0.028,  0.030,  0.032
 68340, -0.065, -0.001,  0.417,  0.000, -0.004, -0.088
 68400,  0.353,  0.007,  0.518,  0.018,  0.015, -0.005
 68460, -0.132, -0.066,  0.529,  0.014, -0.049, -0.076
 68520,  0.680,  0.067,  0.689,  0.029,  0.017,  0.028
 68580,  1.101,  0.137,  0.770,  0.017,  0.054,  0.113
 68640,  1.293,  0.147,  0.651,  0.058,  0.078,  0.179
 68700,  0.881,  0.090,  0.671,  0.015,  0.060,  0.163
 68760,  0.636, -0.012,  0.647,  0.018,  0.010,  0.046
 68820,  0.766,  0.035,  0.662,  0.021,  0.048,  0.058
 68880,  0.823,  0.072,  0.643,  0.050,  0.035,  0.094
 68940,  0.951,  0.062,  0.776,  0.020,  0.003,  0.030
 69000, -0.426, -0.091,  0.445, -0.013, -0.071, -0.089
 69060, -9999.000, -9999.000, -9999.000, -9999.000, -9999.000, -9999.000
 69120,  0.791, -0.054,  0.522,  0.000, -0.027,  0.005
