CampaignData_and_Merges/R0/CSL_MobileLab_Parked/raw/20240721/USOS-NOAAIodideCIMS-N2O5_MobileLabGround_20240721_RA.ict
33, 1001
Michael A Robinson, Chris Jernigan, Subi Thakali
NOAA ESRL Chemical Sciences Laboratory and CIRES, U. of Colorado
NOAA Iodide CIMS Instrument
USOS
1, 1
2024, 07, 21, 2024, 07, 23
1
starttime_UTC, seconds_past_midnight, seconds_of_day_since_00:00:00_UTC
1
1
-9999
N2O5_NOAACIMS, pptv, Gas_N2O5_InSitu_S_AVMR, 
0
18
PI_CONTACT_INFO: 325 Broadway, R/CSD 7, Boulder, Colorado 80305; michael.a.robinson@noaa.gov; chris.jernigan@noaa.gov;
PLATFORM: NOAA CSL Mobile Lab
LOCATION: SLC, Utah
ASSOCIATED_DATA: 1Hz data also available on request.
INSTRUMENT_INFO: NOAA I- ToF CIMS
DATA_INFO: All data in parts per trillion by volume (pptv). 1 Hz data is available upon request.
UNCERTAINTY: TBD
ULOD_FLAG: -7777
ULOD_VALUE: N/A
LLOD_FLAG: -8888
LLOD_VALUE: N/A
DM_CONTACT_INFO: Nathan Howard; nathan.h.howard@noaa.gov
PROJECT_INFO: USOS, summer 2024. https://csl.noaa.gov/groups/csl7/measurements/2024usos/
STIPULATIONS_ON_USE: Users are strongly encouraged to contact the PI for proper data usage.
OTHER_COMMENTS: 
REVISION: RA
RA: Preliminary Data; For in-field use only
starttime_UTC, N2O5_NOAACIMS
     0, -9999.000
    60, -9999.000
   120, -9999.000
   180, -9999.000
   240, -9999.000
   300, -9999.000
   360, -9999.000
   420, -9999.000
   480, -9999.000
   540, -9999.000
   600, -9999.000
   660, -9999.000
   720, -9999.000
   780, -9999.000
   840, -9999.000
   900, -9999.000
   960, -9999.000
  1020, -9999.000
  1080, -9999.000
  1140, -9999.000
  1200, -9999.000
  1260, -9999.000
  1320, -9999.000
  1380, -9999.000
  1440, -9999.000
  1500, -9999.000
  1560, -9999.000
  1620, -9999.000
  1680, -9999.000
  1740, -9999.000
  1800, -9999.000
  1860, -9999.000
  1920, -9999.000
  1980, -9999.000
  2040, -9999.000
  2100, -9999.000
  2160, -9999.000
  2220, -9999.000
  2280, -9999.000
  2340, -9999.000
  2400, -9999.000
  2460, -9999.000
  2520, -9999.000
  2580, -9999.000
  2640, -9999.000
  2700, -9999.000
  2760, -9999.000
  2820, -9999.000
  2880, -9999.000
  2940, -9999.000
  3000, -9999.000
  3060, -9999.000
  3120, -9999.000
  3180, -9999.000
  3240, -9999.000
  3300, -9999.000
  3360, -9999.000
  3420, -9999.000
  3480, -9999.000
  3540, -9999.000
  3600, -9999.000
  3660, -9999.000
  3720, -9999.000
  3780, -9999.000
  3840, -9999.000
  3900, -9999.000
  3960, -9999.000
  4020, -9999.000
  4080, -9999.000
  4140, -9999.000
  4200, -9999.000
  4260, -9999.000
  4320, -9999.000
  4380, -9999.000
  4440, -9999.000
  4500, -9999.000
  4560, -9999.000
  4620, -9999.000
  4680, -9999.000
  4740, -9999.000
  4800, -9999.000
  4860, -9999.000
  4920, -9999.000
  4980, -9999.000
  5040, -9999.000
  5100, -9999.000
  5160, -9999.000
  5220, -9999.000
  5280, -9999.000
  5340, -9999.000
  5400, -9999.000
  5460, -9999.000
  5520, -9999.000
  5580, -9999.000
  5640,  0.433
  5700,  0.400
  5760,  0.352
  5820,  0.322
  5880,  0.195
  5940,  0.375
  6000,  0.362
  6060,  0.410
  6120,  0.342
  6180,  0.318
  6240,  0.357
  6300,  0.425
  6360,  0.428
  6420,  0.440
  6480,  0.239
  6540,  0.318
  6600,  0.308
  6660,  0.420
  6720,  0.286
  6780,  0.298
  6840,  0.175
  6900,  0.330
  6960,  0.374
  7020,  0.380
  7080,  0.218
  7140,  0.287
  7200,  0.292
  7260,  0.273
  7320,  0.195
  7380,  0.317
  7440,  0.257
  7500,  0.429
  7560,  0.270
  7620,  0.305
  7680,  0.475
  7740,  0.655
  7800,  0.354
  7860,  0.322
  7920,  0.276
  7980,  0.384
  8040,  0.351
  8100,  0.304
  8160,  0.277
  8220,  0.309
  8280,  0.357
  8340,  0.403
  8400,  0.455
  8460,  0.522
  8520,  0.316
  8580,  0.330
  8640,  0.293
  8700,  0.395
  8760,  0.447
  8820,  0.465
  8880,  0.423
  8940,  0.566
  9000,  0.445
  9060,  0.475
  9120,  0.353
  9180,  0.438
  9240,  0.438
  9300,  0.473
  9360,  0.468
  9420,  0.376
  9480,  0.509
  9540,  0.011
  9600,  0.292
  9660,  0.372
  9720,  0.402
  9780,  0.298
  9840,  0.375
  9900,  0.443
  9960,  0.323
 10020,  0.261
 10080,  0.173
 10140,  0.381
 10200,  0.239
 10260,  0.291
 10320,  0.224
 10380,  0.468
 10440,  0.392
 10500,  0.440
 10560,  0.221
 10620,  0.331
 10680,  0.323
 10740,  0.182
 10800,  0.263
 10860,  0.318
 10920,  0.345
 10980,  0.299
 11040,  0.290
 11100,  0.271
 11160,  0.249
 11220,  0.272
 11280,  0.241
 11340,  0.335
 11400, -9999.000
 11460,  0.343
 11520,  0.261
 11580,  0.319
 11640,  0.308
 11700,  0.341
 11760,  0.364
 11820,  0.474
 11880,  0.382
 11940,  0.408
 12000,  0.499
 12060,  0.483
 12120,  0.300
 12180,  0.413
 12240,  0.457
 12300,  0.392
 12360,  0.360
 12420,  0.498
 12480,  0.492
 12540,  0.253
 12600,  0.344
 12660,  0.363
 12720,  0.375
 12780,  0.428
 12840,  0.477
 12900,  0.305
 12960,  0.296
 13020,  0.402
 13080,  0.334
 13140,  0.316
 13200,  0.285
 13260,  0.237
 13320,  0.520
 13380,  0.328
 13440,  0.369
 13500,  0.428
 13560,  0.283
 13620,  0.427
 13680,  0.382
 13740,  0.444
 13800,  0.341
 13860,  0.586
 13920,  0.424
 13980,  0.391
 14040,  0.493
 14100,  0.374
 14160,  0.364
 14220,  0.519
 14280,  0.379
 14340,  0.476
 14400,  0.492
 14460,  0.541
 14520,  0.520
 14580,  0.609
 14640,  0.557
 14700,  0.674
 14760,  0.506
 14820,  0.476
 14880,  0.650
 14940,  0.675
 15000,  0.579
 15060,  0.495
 15120, -9999.000
 15180,  0.563
 15240,  0.498
 15300,  0.517
 15360,  0.529
 15420,  0.589
 15480,  0.845
 15540,  0.498
 15600,  0.534
 15660,  0.681
 15720,  0.591
 15780,  0.545
 15840,  0.596
 15900,  0.580
 15960,  0.458
 16020,  0.698
 16080,  0.627
 16140,  0.558
 16200,  0.629
 16260,  0.546
 16320,  0.539
 16380,  0.685
 16440,  0.798
 16500,  0.721
 16560,  0.559
 16620,  0.694
 16680,  0.573
 16740,  0.600
 16800,  0.669
 16860,  0.504
 16920,  0.602
 16980,  0.715
 17040,  0.514
 17100,  0.533
 17160,  0.630
 17220,  0.697
 17280,  0.693
 17340,  0.711
 17400,  0.800
 17460,  0.572
 17520,  0.681
 17580,  0.691
 17640,  0.600
 17700,  0.779
 17760,  0.673
 17820,  0.814
 17880,  0.733
 17940,  0.642
 18000,  0.823
 18060,  0.740
 18120,  0.601
 18180,  0.566
 18240,  0.680
 18300,  0.734
 18360,  0.699
 18420,  0.693
 18480,  0.628
 18540,  0.746
 18600,  0.773
 18660,  0.576
 18720,  0.864
 18780, -9999.000
 18840,  0.860
 18900,  0.849
 18960,  0.701
 19020,  0.889
 19080,  0.714
 19140,  0.768
 19200,  0.762
 19260,  0.719
 19320,  0.874
 19380,  0.702
 19440,  0.737
 19500,  1.070
 19560,  0.705
 19620,  0.869
 19680,  0.856
 19740,  0.938
 19800,  0.906
 19860,  0.843
 19920,  0.881
 19980,  0.656
 20040,  0.939
 20100,  0.857
 20160,  0.832
 20220,  0.894
 20280,  0.779
 20340,  1.047
 20400,  0.880
 20460,  0.806
 20520,  0.848
 20580,  0.956
 20640, -9999.000
 20700,  0.932
 20760,  0.769
 20820,  0.823
 20880,  0.637
 20940,  0.736
 21000,  0.699
 21060,  0.805
 21120,  0.790
 21180,  0.995
 21240,  0.950
 21300,  0.922
 21360,  0.857
 21420,  0.912
 21480,  0.823
 21540,  0.852
 21600,  1.003
 21660,  0.967
 21720,  0.863
 21780,  1.099
 21840,  0.938
 21900,  0.986
 21960,  0.974
 22020,  0.855
 22080,  1.063
 22140,  0.890
 22200,  0.877
 22260,  0.952
 22320,  1.110
 22380,  0.921
 22440,  0.902
 22500, -9999.000
 22560,  0.734
 22620,  1.047
 22680,  1.048
 22740,  0.979
 22800,  0.669
 22860,  0.886
 22920,  0.894
 22980,  1.047
 23040,  1.152
 23100,  0.721
 23160,  1.075
 23220,  0.869
 23280,  0.805
 23340,  1.096
 23400,  0.930
 23460,  0.774
 23520,  0.912
 23580,  1.104
 23640,  0.799
 23700,  1.103
 23760,  1.162
 23820,  0.902
 23880,  1.130
 23940,  1.191
 24000,  0.977
 24060,  1.252
 24120,  1.163
 24180,  1.283
 24240,  1.315
 24300,  1.378
 24360,  1.646
 24420,  1.384
 24480,  1.522
 24540,  1.489
 24600,  1.399
 24660,  1.760
 24720,  1.530
 24780,  1.612
 24840,  2.045
 24900,  1.892
 24960,  1.986
 25020,  1.876
 25080,  2.599
 25140,  2.040
 25200,  2.077
 25260,  2.567
 25320,  2.461
 25380,  2.846
 25440,  2.861
 25500,  3.062
 25560,  2.930
 25620,  2.933
 25680,  3.543
 25740,  3.993
 25800,  3.968
 25860,  3.321
 25920,  4.144
 25980,  3.630
 26040,  3.481
 26100,  3.260
 26160, -9999.000
 26220,  3.768
 26280,  4.289
 26340,  4.689
 26400,  4.470
 26460,  3.919
 26520,  4.255
 26580,  4.110
 26640,  3.719
 26700,  4.117
 26760,  4.416
 26820,  4.868
 26880,  4.664
 26940,  4.500
 27000,  4.283
 27060,  3.969
 27120,  4.270
 27180,  4.245
 27240,  4.304
 27300,  3.594
 27360,  3.158
 27420,  3.426
 27480,  4.298
 27540,  4.389
 27600,  4.074
 27660,  3.213
 27720,  3.883
 27780,  3.427
 27840,  4.015
 27900,  4.591
 27960,  3.995
 28020, -9999.000
 28080,  4.322
 28140,  3.608
 28200,  4.384
 28260,  4.845
 28320,  5.025
 28380,  5.096
 28440,  4.930
 28500,  4.717
 28560,  5.657
 28620,  5.581
 28680,  4.967
 28740,  4.119
 28800,  4.200
 28860,  5.115
 28920,  5.930
 28980,  5.053
 29040,  5.378
 29100,  5.552
 29160,  4.217
 29220,  3.929
 29280,  4.564
 29340,  4.397
 29400,  4.653
 29460,  3.888
 29520,  4.059
 29580,  4.534
 29640,  4.372
 29700,  4.741
 29760,  4.742
 29820,  4.775
 29880, -9999.000
 29940,  3.730
 30000,  3.755
 30060,  4.510
 30120,  4.341
 30180,  4.583
 30240,  4.579
 30300,  3.691
 30360,  4.303
 30420,  3.870
 30480,  4.680
 30540,  4.906
 30600,  4.381
 30660,  3.023
 30720,  4.330
 30780,  3.532
 30840,  3.144
 30900,  3.931
 30960,  4.339
 31020,  3.588
 31080,  4.136
 31140,  3.733
 31200,  4.223
 31260,  4.330
 31320,  4.377
 31380,  3.962
 31440,  4.497
 31500,  3.961
 31560,  3.415
 31620,  4.063
 31680,  3.268
 31740,  4.321
 31800,  3.919
 31860,  4.367
 31920,  4.030
 31980,  4.362
 32040,  4.812
 32100,  4.631
 32160,  4.362
 32220,  4.520
 32280,  4.292
 32340,  4.618
 32400,  4.124
 32460,  4.404
 32520,  4.898
 32580,  4.243
 32640,  4.374
 32700,  4.072
 32760,  5.009
 32820,  4.882
 32880,  4.980
 32940,  4.391
 33000,  4.213
 33060,  4.233
 33120,  4.653
 33180,  4.885
 33240,  5.572
 33300,  6.024
 33360,  4.765
 33420,  5.466
 33480,  4.906
 33540,  4.709
 33600,  5.109
 33660,  4.901
 33720,  5.179
 33780,  4.414
 33840,  4.679
 33900,  5.726
 33960,  5.777
 34020,  4.785
 34080,  5.644
 34140,  4.899
 34200,  4.939
 34260,  5.179
 34320,  6.111
 34380,  5.572
 34440,  5.977
 34500,  5.601
 34560,  6.003
 34620,  6.237
 34680,  6.550
 34740,  6.004
 34800,  6.013
 34860,  5.727
 34920,  5.835
 34980,  5.335
 35040,  5.581
 35100,  6.496
 35160,  6.519
 35220,  5.670
 35280,  4.972
 35340,  7.143
 35400,  6.191
 35460,  5.850
 35520,  6.242
 35580,  6.352
 35640,  5.996
 35700,  5.391
 35760,  4.796
 35820,  5.668
 35880,  5.911
 35940,  4.840
 36000,  4.595
 36060,  5.318
 36120,  4.698
 36180,  4.418
 36240,  4.844
 36300,  5.217
 36360,  4.979
 36420,  4.980
 36480,  5.131
 36540,  5.112
 36600,  5.081
 36660,  4.213
 36720,  4.591
 36780,  5.351
 36840,  5.126
 36900,  4.204
 36960,  4.869
 37020,  4.763
 37080,  4.639
 37140,  5.127
 37200,  5.006
 37260, -9999.000
 37320,  5.023
 37380,  5.060
 37440,  5.642
 37500,  4.621
 37560,  5.561
 37620,  5.792
 37680,  4.804
 37740,  4.615
 37800,  4.699
 37860,  4.666
 37920,  4.457
 37980,  4.514
 38040,  4.347
 38100,  4.348
 38160,  4.435
 38220,  3.961
 38280,  4.131
 38340,  4.087
 38400,  4.757
 38460,  3.970
 38520,  4.046
 38580,  4.457
 38640,  4.545
 38700,  4.346
 38760,  4.277
 38820,  4.367
 38880,  4.130
 38940,  4.364
 39000,  4.072
 39060,  4.882
 39120, -9999.000
 39180,  4.920
 39240,  4.518
 39300,  4.541
 39360,  4.507
 39420,  3.733
 39480,  4.510
 39540,  3.786
 39600,  4.162
 39660,  4.105
 39720,  4.349
 39780,  4.069
 39840,  3.400
 39900,  3.477
 39960,  3.923
 40020,  4.213
 40080,  4.537
 40140,  3.448
 40200,  3.624
 40260,  4.079
 40320,  4.830
 40380,  4.807
 40440,  4.158
 40500,  3.810
 40560,  3.793
 40620,  3.934
 40680,  4.316
 40740,  4.141
 40800,  3.548
 40860,  4.121
 40920,  4.424
 40980, -9999.000
 41040,  4.075
 41100,  4.234
 41160,  3.779
 41220,  4.583
 41280,  5.070
 41340,  4.761
 41400,  3.669
 41460,  4.786
 41520,  4.103
 41580,  4.657
 41640,  4.105
 41700,  4.295
 41760,  4.020
 41820,  4.148
 41880,  4.406
 41940,  4.536
 42000,  4.295
 42060,  3.819
 42120,  3.984
 42180,  4.256
 42240,  3.953
 42300,  4.359
 42360,  3.683
 42420,  3.838
 42480,  3.938
 42540,  3.959
 42600,  3.735
 42660,  3.934
 42720,  4.108
 42780,  3.697
 42840,  3.359
 42900,  3.686
 42960,  4.235
 43020,  3.587
 43080,  3.823
 43140,  3.455
 43200,  3.028
 43260,  3.617
 43320,  3.902
 43380,  3.049
 43440,  3.542
 43500,  3.107
 43560,  3.634
 43620,  3.611
 43680,  3.680
 43740,  2.996
 43800,  3.333
 43860,  3.549
 43920,  3.712
 43980,  3.702
 44040,  3.177
 44100,  3.331
 44160,  3.152
 44220,  3.218
 44280,  3.680
 44340,  2.724
 44400,  2.910
 44460,  2.970
 44520,  3.362
 44580,  2.840
 44640, -9999.000
 44700,  2.789
 44760,  3.054
 44820,  3.045
 44880,  3.243
 44940,  2.607
 45000,  2.599
 45060,  3.083
 45120,  3.153
 45180,  2.646
 45240,  2.667
 45300,  2.621
 45360,  3.180
 45420,  2.671
 45480,  2.798
 45540,  2.656
 45600,  2.451
 45660,  2.483
 45720,  2.641
 45780,  2.594
 45840,  2.270
 45900,  2.746
 45960,  2.715
 46020,  2.512
 46080,  2.550
 46140,  2.392
 46200,  2.448
 46260,  2.210
 46320,  2.596
 46380,  2.732
 46440,  2.261
 46500, -9999.000
 46560,  2.583
 46620,  2.474
 46680,  2.807
 46740,  2.611
 46800, -9999.000
 46860, -9999.000
 46920, -9999.000
 46980, -9999.000
 47040, -9999.000
 47100, -9999.000
 47160, -9999.000
 47220, -9999.000
 47280, -9999.000
 47340, -9999.000
 47400, -9999.000
 47460, -9999.000
 47520, -9999.000
 47580, -9999.000
 47640, -9999.000
 47700, -9999.000
 47760, -9999.000
 47820, -9999.000
 47880, -9999.000
 47940, -9999.000
 48000, -9999.000
 48060, -9999.000
 48120, -9999.000
 48180, -9999.000
 48240, -9999.000
 48300, -9999.000
 48360, -9999.000
 48420, -9999.000
 48480, -9999.000
 48540, -9999.000
 48600, -9999.000
 48660, -9999.000
 48720, -9999.000
 48780, -9999.000
 48840, -9999.000
 48900, -9999.000
 48960, -9999.000
 49020, -9999.000
 49080, -9999.000
 49140, -9999.000
 49200, -9999.000
 49260, -9999.000
 49320, -9999.000
 49380, -9999.000
 49440, -9999.000
 49500, -9999.000
 49560, -9999.000
 49620, -9999.000
 49680, -9999.000
 49740, -9999.000
 49800, -9999.000
 49860, -9999.000
 49920, -9999.000
 49980, -9999.000
 50040, -9999.000
 50100, -9999.000
 50160, -9999.000
 50220, -9999.000
 50280, -9999.000
 50340, -9999.000
 50400, -9999.000
 50460, -9999.000
 50520, -9999.000
 50580, -9999.000
 50640, -9999.000
 50700, -9999.000
 50760, -9999.000
 50820, -9999.000
 50880, -9999.000
 50940, -9999.000
 51000, -9999.000
 51060, -9999.000
 51120, -9999.000
 51180, -9999.000
 51240, -9999.000
 51300, -9999.000
 51360, -9999.000
 51420, -9999.000
 51480, -9999.000
 51540, -9999.000
 51600, -9999.000
 51660, -9999.000
 51720, -9999.000
 51780, -9999.000
 51840, -9999.000
 51900, -9999.000
 51960, -9999.000
 52020, -9999.000
 52080, -9999.000
 52140, -9999.000
 52200, -9999.000
 52260, -9999.000
 52320, -9999.000
 52380, -9999.000
 52440, -9999.000
 52500, -9999.000
 52560, -9999.000
 52620, -9999.000
 52680, -9999.000
 52740, -9999.000
 52800, -9999.000
 52860, -9999.000
 52920, -9999.000
 52980, -9999.000
 53040, -9999.000
 53100, -9999.000
 53160, -9999.000
 53220, -9999.000
 53280, -9999.000
 53340, -9999.000
 53400, -9999.000
 53460, -9999.000
 53520, -9999.000
 53580, -9999.000
 53640, -9999.000
 53700, -9999.000
 53760, -9999.000
 53820, -9999.000
 53880, -9999.000
 53940, -9999.000
 54000, -9999.000
 54060, -9999.000
 54120, -9999.000
 54180, -9999.000
 54240, -9999.000
 54300, -9999.000
 54360, -9999.000
 54420, -9999.000
 54480, -9999.000
 54540, -9999.000
 54600, -9999.000
 54660, -9999.000
 54720, -9999.000
 54780, -9999.000
 54840, -9999.000
 54900, -9999.000
 54960, -9999.000
 55020, -9999.000
 55080, -9999.000
 55140, -9999.000
 55200, -9999.000
 55260, -9999.000
 55320, -9999.000
 55380, -9999.000
 55440, -9999.000
 55500, -9999.000
 55560, -9999.000
 55620, -9999.000
 55680, -9999.000
 55740, -9999.000
 55800, -9999.000
 55860, -9999.000
 55920, -9999.000
 55980, -9999.000
 56040, -9999.000
 56100, -9999.000
 56160, -9999.000
 56220, -9999.000
 56280, -9999.000
 56340, -9999.000
 56400, -9999.000
 56460, -9999.000
 56520, -9999.000
 56580, -9999.000
 56640, -9999.000
 56700, -9999.000
 56760, -9999.000
 56820, -9999.000
 56880, -9999.000
 56940, -9999.000
 57000, -9999.000
 57060, -9999.000
 57120, -9999.000
 57180, -9999.000
 57240, -9999.000
 57300, -9999.000
 57360, -9999.000
 57420, -9999.000
 57480, -9999.000
 57540, -9999.000
 57600, -9999.000
 57660, -9999.000
 57720, -9999.000
 57780, -9999.000
 57840, -9999.000
 57900, -9999.000
 57960, -9999.000
 58020, -9999.000
 58080, -9999.000
 58140, -9999.000
 58200, -9999.000
 58260, -9999.000
 58320, -9999.000
 58380, -9999.000
 58440, -9999.000
 58500, -9999.000
 58560, -9999.000
 58620, -9999.000
 58680, -9999.000
 58740, -9999.000
 58800, -9999.000
 58860, -9999.000
 58920, -9999.000
 58980, -9999.000
 59040, -9999.000
 59100, -9999.000
 59160, -9999.000
 59220, -9999.000
 59280, -9999.000
 59340, -9999.000
 59400, -9999.000
 59460, -9999.000
 59520, -9999.000
 59580, -9999.000
 59640, -9999.000
 59700, -9999.000
 59760, -9999.000
 59820, -9999.000
 59880, -9999.000
 59940, -9999.000
 60000, -9999.000
