CampaignData_and_Merges/R0/CSL_MobileLab_Parked/raw/20240721/USOS-MetNav_MobileLabGround_20240721_R0.ict
44, 1001
Carrie Womack, Nate Howard, Mike Zucker
NOAA Chemical Sciences Laboratory
Mobile Lab MetNav Station
USOS
1, 1
2024, 07, 21, 2024, 12, 21
60
Time_Start, seconds_past_midnight, Seconds from midnight UTC
11
1, 1, 1, 1, 1, 1, 1, 1, 1, 1, 1
-9999, -9999, -9999, -9999, -9999, -9999, -9999, -9999, -9999, -9999, -9999
GPS_Alt_m, meters, Altitude from Differential GPS
GPS_Course_deg, degrees, Course from Differential GPS
GPS_GndSpd_m_s, m/s, Ground Speed from Differential GPS
GPS_Heading_deg, degrees, Heading from Differential GPS
GPS_Lat_deg, degrees, Latitude from Differential GPS
GPS_Lon_deg, degrees, Longitude from Differential GPS
AirTemp_C, Celsius, Air Temperature from Airmar
RelHumidity_pct, percent, Relative Humidity from Airmar
Pressure_mb, millibars, Pressure from Honeywell
WindDir_calc_deg, degrees, Wind Direction from Airmar corrected for van movement
WindSpd_calc_m_s, m/s, Wind Speed from Airmar corrected for van movement
1
SPECIAL COMMENTS:
18
PI_CONTACT_INFO: Address: 325 Broadway R/CSL7, Boulder, CO, 80305
PLATFORM: CSL Mobile Lab
LOCATION: Salt Lake City, UT
ASSOCIATED_DATA: N/A
INSTRUMENT_INFO: N/A
DATA_INFO: Units:
UNCERTAINTY: N/A
ULOD_FLAG: -7777
ULOD_VALUE: N/A
LLOD_FLAG: -8888
LLOD_VALUE: N/A
DM_CONTACT_INFO: Data Manager: Nate Howard
PROJECT_INFO: 
STIPULATIONS_ON_USE: Use of these data require prior ok from PI.
OTHER_COMMENTS: 
REVISION: R0
R0: Final data. Fixed bug in wind averaging code. RA: Preliminary Data. For in-field use only. 
Time_Start, GPS_Alt_m, GPS_Course_deg, GPS_GndSpd_m_s, GPS_Heading_deg, GPS_Lat_deg, GPS_Lon_deg, AirTemp_C, RelHumidity_pct, Pressure_mb, WindDir_calc_deg, WindSpd_calc_m_s
0.0,1310.1,359.78,0.05,359.78,40.73434,-111.87210,39.1,16.1,876.1,79.48,0.8
60.0,1310.0,359.41,0.04,359.41,40.73434,-111.87210,39.1,16.3,876.1,82.41,0.8
120.0,1310.0,359.58,0.05,359.58,40.73434,-111.87210,39.2,16.4,876.1,85.38,0.8
180.0,1310.1,359.73,0.05,359.73,40.73434,-111.87210,39.3,16.4,876.0,87.22,1.1
240.0,1310.2,359.55,0.05,359.55,40.73434,-111.87210,39.3,16.7,876.1,76.20,0.9
300.0,1310.2,359.94,0.05,359.94,40.73434,-111.87210,39.2,16.2,876.1,81.24,0.9
360.0,1310.2,0.24,0.05,0.24,40.73434,-111.87210,39.1,16.0,876.1,102.63,1.1
420.0,1310.3,359.76,0.05,359.76,40.73434,-111.87210,39.3,15.5,876.0,133.89,1.4
480.0,1310.0,359.99,0.05,359.99,40.73434,-111.87210,39.3,16.0,876.0,98.14,1.1
540.0,1310.1,359.31,0.05,359.31,40.73434,-111.87210,39.1,16.3,876.0,66.11,0.7
600.0,1310.0,359.27,0.06,359.27,40.73434,-111.87210,39.2,16.3,876.0,98.25,1.2
660.0,1310.1,359.09,0.05,359.09,40.73434,-111.87210,39.0,16.3,876.0,61.55,0.9
720.0,1310.2,359.29,0.06,359.29,40.73434,-111.87210,39.1,16.3,876.1,98.59,1.0
780.0,1310.2,359.28,0.04,359.28,40.73434,-111.87210,39.1,16.1,876.1,88.71,1.0
840.0,1310.2,359.47,0.05,359.47,40.73434,-111.87210,39.0,16.3,876.1,80.92,0.9
900.0,1310.1,359.45,0.06,359.45,40.73434,-111.87210,39.0,16.2,876.1,109.27,1.4
960.0,1310.2,359.48,0.06,359.48,40.73434,-111.87210,38.8,16.0,876.2,114.09,2.4
1020.0,1310.5,359.84,0.06,359.84,40.73434,-111.87210,38.3,15.9,876.2,113.58,5.0
1080.0,1310.3,359.95,0.05,359.95,40.73434,-111.87210,38.0,15.3,876.2,121.81,3.6
1140.0,1310.1,359.31,0.05,359.31,40.73434,-111.87210,37.2,15.8,876.2,110.69,4.6
1200.0,1310.0,359.31,0.06,359.31,40.73434,-111.87210,36.9,16.1,876.2,103.03,2.6
1260.0,1310.1,359.34,0.06,359.34,40.73434,-111.87210,36.7,16.8,876.2,112.63,2.7
1320.0,1309.9,359.14,0.04,359.14,40.73434,-111.87210,36.4,17.1,876.2,112.19,2.9
1380.0,1309.9,359.32,0.05,359.32,40.73434,-111.87210,36.2,17.4,876.2,110.17,2.7
1440.0,1310.2,359.94,0.05,359.94,40.73434,-111.87210,35.9,17.8,876.2,111.95,2.6
1500.0,1310.2,359.88,0.04,359.88,40.73434,-111.87210,36.0,18.2,876.2,108.89,1.2
1560.0,1310.1,359.81,0.04,359.81,40.73434,-111.87210,36.0,18.3,876.2,101.16,0.8
1620.0,1310.1,359.55,0.04,359.55,40.73434,-111.87210,35.8,18.3,876.2,99.80,1.7
1680.0,1310.1,359.40,0.05,359.40,40.73434,-111.87210,35.9,18.5,876.2,103.88,1.0
1740.0,1309.8,359.32,0.04,359.32,40.73434,-111.87210,35.7,18.5,876.2,109.96,2.0
1800.0,1309.8,359.30,0.04,359.30,40.73434,-111.87210,35.5,18.5,876.2,104.14,2.2
1860.0,1310.0,359.10,0.04,359.10,40.73434,-111.87210,35.2,18.6,876.2,108.33,2.8
1920.0,1309.8,359.29,0.05,359.29,40.73434,-111.87210,35.1,18.8,876.1,106.29,2.0
1980.0,1309.5,359.99,0.04,359.99,40.73434,-111.87210,34.8,18.5,876.1,108.95,3.0
2040.0,1309.4,0.07,0.05,0.07,40.73434,-111.87210,34.7,18.6,876.1,107.43,1.8
2100.0,1309.4,0.12,0.05,0.12,40.73434,-111.87210,34.9,18.8,876.1,102.81,1.0
2160.0,1309.3,359.99,0.05,359.99,40.73434,-111.87210,34.8,18.7,876.1,110.46,2.0
2220.0,1309.2,359.81,0.05,359.81,40.73434,-111.87210,34.7,18.7,876.1,108.92,2.3
2280.0,1309.2,359.70,0.04,359.70,40.73434,-111.87210,34.6,18.2,876.1,105.99,2.5
2340.0,1309.3,359.38,0.05,359.38,40.73434,-111.87210,34.6,18.4,876.1,107.74,1.6
2400.0,1309.3,359.78,0.05,359.78,40.73434,-111.87210,34.6,18.2,876.1,112.21,2.4
2460.0,1309.2,359.77,0.05,359.77,40.73434,-111.87210,34.5,18.4,876.1,107.14,2.3
2520.0,1309.2,359.49,0.05,359.49,40.73434,-111.87210,34.6,18.3,876.1,103.62,1.4
2580.0,1309.3,359.40,0.05,359.40,40.73434,-111.87211,34.6,18.6,876.1,108.41,1.8
2640.0,1309.2,359.58,0.05,359.58,40.73434,-111.87211,34.7,18.8,876.1,92.75,1.0
2700.0,1309.2,359.77,0.06,359.77,40.73434,-111.87211,34.7,18.4,876.0,95.71,1.1
2760.0,1309.2,358.98,0.05,358.98,40.73434,-111.87211,34.8,17.9,876.1,120.71,1.6
2820.0,1309.1,358.76,0.05,358.76,40.73434,-111.87211,34.7,17.8,876.0,105.71,1.6
2880.0,1309.0,358.94,0.05,358.94,40.73434,-111.87211,34.6,18.1,876.1,112.29,1.8
2940.0,1309.0,359.05,0.05,359.05,40.73434,-111.87211,34.5,18.3,876.1,108.91,1.8
3000.0,1309.0,359.28,0.05,359.28,40.73434,-111.87211,34.5,18.0,876.1,111.87,1.8
3060.0,1309.0,359.33,0.05,359.33,40.73434,-111.87211,34.4,17.7,876.1,121.10,1.7
3120.0,1309.1,359.59,0.05,359.59,40.73434,-111.87211,34.4,18.0,876.1,112.42,1.7
3180.0,1309.1,359.35,0.05,359.35,40.73434,-111.87210,34.3,18.5,876.1,112.59,1.6
3240.0,1309.1,359.48,0.05,359.48,40.73434,-111.87211,34.2,18.7,876.1,104.14,1.6
3300.0,1309.0,359.23,0.05,359.23,40.73434,-111.87211,34.1,19.0,876.1,109.86,1.9
3360.0,1309.1,358.88,0.04,358.88,40.73434,-111.87211,34.0,18.8,876.1,112.82,1.9
3420.0,1309.1,358.81,0.05,358.81,40.73434,-111.87211,34.0,18.9,876.1,115.92,1.6
3480.0,1308.9,358.95,0.04,358.95,40.73434,-111.87211,34.1,19.2,876.1,109.23,1.4
3540.0,1308.8,359.63,0.04,359.63,40.73434,-111.87211,34.0,19.1,876.1,108.34,1.1
3600.0,1308.9,359.40,0.04,359.40,40.73434,-111.87210,33.9,18.8,876.1,107.10,1.6
3660.0,1309.2,359.64,0.05,359.64,40.73434,-111.87210,34.0,19.0,876.1,107.36,1.0
3720.0,1309.1,359.72,0.05,359.72,40.73434,-111.87210,33.8,19.1,876.1,109.02,1.9
3780.0,1308.9,359.43,0.05,359.43,40.73434,-111.87210,33.7,19.3,876.2,109.83,2.2
3840.0,1308.9,359.14,0.04,359.14,40.73434,-111.87210,33.6,19.5,876.2,118.65,1.9
3900.0,1309.0,358.67,0.05,358.67,40.73434,-111.87211,33.5,20.2,876.2,109.10,1.9
3960.0,1309.0,359.11,0.05,359.11,40.73434,-111.87211,33.4,20.0,876.2,114.54,2.1
4020.0,1308.9,358.94,0.05,358.94,40.73434,-111.87211,33.4,20.4,876.2,116.52,1.9
4080.0,1308.9,358.78,0.04,358.78,40.73434,-111.87211,33.2,20.8,876.2,110.86,2.1
4140.0,1309.1,358.98,0.04,358.98,40.73434,-111.87211,33.1,20.7,876.2,109.86,2.6
4200.0,1309.3,359.14,0.05,359.14,40.73434,-111.87211,33.0,20.7,876.2,111.19,2.4
4260.0,1309.6,359.35,0.04,359.35,40.73434,-111.87211,32.9,20.9,876.2,111.34,2.6
4320.0,1309.9,359.53,0.04,359.53,40.73434,-111.87211,32.9,21.1,876.2,111.99,2.3
4380.0,1309.7,359.76,0.06,359.76,40.73434,-111.87211,32.9,20.9,876.2,104.70,2.0
4440.0,1309.8,359.82,0.05,359.82,40.73434,-111.87211,32.9,20.9,876.2,116.65,3.1
4500.0,1309.7,0.06,0.04,0.06,40.73434,-111.87211,32.8,20.8,876.2,113.58,3.1
4560.0,1309.7,0.36,0.05,0.36,40.73434,-111.87211,32.7,21.0,876.2,113.77,4.2
4620.0,1309.7,0.57,0.05,0.57,40.73434,-111.87211,32.6,21.0,876.2,112.12,4.1
4680.0,1309.7,0.65,0.06,0.65,40.73434,-111.87211,32.5,21.3,876.2,114.35,3.7
4740.0,1309.7,0.45,0.05,0.45,40.73434,-111.87211,32.4,21.7,876.2,112.28,3.6
4800.0,1309.7,359.81,0.05,359.81,40.73434,-111.87211,32.4,21.7,876.2,113.94,3.3
4860.0,1309.8,359.72,0.05,359.72,40.73434,-111.87211,32.5,22.0,876.2,109.92,1.9
4920.0,1309.7,359.84,0.05,359.84,40.73434,-111.87211,32.5,22.0,876.2,111.02,2.0
4980.0,1309.7,359.71,0.05,359.71,40.73434,-111.87211,32.5,21.7,876.2,109.22,2.2
5040.0,1309.6,359.61,0.05,359.61,40.73434,-111.87211,32.4,21.5,876.2,111.87,3.6
5100.0,1309.5,359.67,0.05,359.67,40.73434,-111.87211,32.4,21.4,876.2,108.86,2.9
5160.0,1309.7,0.09,0.05,0.09,40.73434,-111.87211,32.5,21.9,876.2,105.49,1.7
5220.0,1309.7,359.87,0.05,359.87,40.73434,-111.87211,32.4,21.8,876.2,110.62,2.0
5280.0,1309.7,359.70,0.05,359.70,40.73434,-111.87211,32.4,21.4,876.2,109.64,2.1
5340.0,1309.6,359.22,0.05,359.22,40.73434,-111.87211,32.5,21.4,876.2,111.86,1.4
5400.0,1309.6,359.37,0.05,359.37,40.73434,-111.87211,32.6,21.6,876.2,113.86,1.6
5460.0,1309.5,359.33,0.05,359.33,40.73434,-111.87211,32.5,21.6,876.2,97.00,1.8
5520.0,1309.4,359.28,0.05,359.28,40.73434,-111.87211,32.7,21.6,876.2,107.34,0.9
5580.0,1309.3,358.72,0.05,358.72,40.73434,-111.87211,32.7,21.2,876.2,106.86,2.1
5640.0,1309.3,358.80,0.04,358.80,40.73434,-111.87211,32.7,21.2,876.2,117.09,1.8
5700.0,1309.2,359.37,0.05,359.37,40.73434,-111.87211,32.7,21.1,876.2,98.28,1.5
5760.0,1309.2,359.25,0.05,359.25,40.73434,-111.87211,32.7,20.7,876.2,109.49,2.1
5820.0,1309.2,358.81,0.05,358.81,40.73434,-111.87211,32.7,20.3,876.2,108.62,2.0
5880.0,1309.3,358.89,0.05,358.89,40.73434,-111.87211,32.8,20.5,876.2,108.32,1.6
5940.0,1309.2,358.52,0.05,358.52,40.73434,-111.87211,32.8,20.4,876.2,113.94,2.3
6000.0,1309.3,358.59,0.05,358.59,40.73434,-111.87211,32.8,20.3,876.2,106.97,1.9
6060.0,1309.3,358.48,0.05,358.48,40.73434,-111.87211,32.7,20.4,876.2,93.73,1.5
6120.0,1309.0,359.00,0.06,359.00,40.73434,-111.87211,32.6,20.2,876.2,102.57,2.6
6180.0,1308.8,359.16,0.06,359.16,40.73434,-111.87211,32.6,20.0,876.2,112.51,2.7
6240.0,1308.8,358.91,0.05,358.91,40.73434,-111.87211,32.5,20.1,876.2,111.88,2.6
6300.0,1308.7,359.03,0.05,359.03,40.73434,-111.87211,32.5,20.4,876.2,111.01,2.7
6360.0,1308.5,358.91,0.05,358.91,40.73434,-111.87211,32.5,20.6,876.2,112.11,2.2
6420.0,1308.7,359.41,0.05,359.41,40.73434,-111.87211,32.5,20.5,876.2,111.04,1.5
6480.0,1309.4,359.81,0.05,359.81,40.73434,-111.87211,32.5,20.7,876.2,108.50,1.7
6540.0,1309.2,359.93,0.05,359.93,40.73434,-111.87211,32.5,20.7,876.2,114.55,1.6
6600.0,1309.5,359.68,0.05,359.68,40.73434,-111.87211,32.5,20.9,876.2,109.20,1.6
6660.0,1309.6,359.85,0.05,359.85,40.73433,-111.87211,32.5,21.0,876.2,107.96,1.0
6720.0,1309.8,0.07,0.05,0.07,40.73433,-111.87211,32.6,21.0,876.3,117.11,1.3
6780.0,1309.7,0.35,0.05,0.35,40.73433,-111.87211,32.5,21.1,876.3,104.01,2.2
6840.0,1309.7,1.25,0.05,1.25,40.73433,-111.87211,32.5,21.2,876.3,112.11,1.4
6900.0,1309.3,0.84,0.05,0.84,40.73434,-111.87210,32.5,21.3,876.3,116.76,2.4
6960.0,1309.3,0.56,0.05,0.56,40.73434,-111.87211,32.4,21.7,876.3,114.67,2.4
7020.0,1309.3,0.01,0.05,0.01,40.73434,-111.87210,32.4,21.7,876.3,111.01,1.7
7080.0,1309.3,359.78,0.04,359.78,40.73434,-111.87210,32.3,21.6,876.3,109.92,2.4
7140.0,1309.3,359.38,0.05,359.38,40.73434,-111.87210,32.3,21.4,876.3,120.06,1.8
7200.0,1309.5,359.87,0.06,359.87,40.73433,-111.87210,32.2,21.7,876.3,116.26,3.1
7260.0,1309.9,0.11,0.06,0.11,40.73433,-111.87210,32.2,22.2,876.3,113.08,2.3
7320.0,1310.0,0.65,0.05,0.65,40.73433,-111.87210,32.1,21.6,876.4,113.37,2.9
7380.0,1310.0,359.92,0.05,359.92,40.73433,-111.87210,32.1,21.6,876.4,115.18,1.9
7440.0,1309.8,359.83,0.05,359.83,40.73433,-111.87210,32.1,21.4,876.4,101.25,1.5
7500.0,1309.8,359.90,0.05,359.90,40.73433,-111.87210,32.0,21.5,876.4,107.09,1.8
7560.0,1309.7,359.71,0.05,359.71,40.73433,-111.87210,32.0,21.3,876.4,109.98,1.9
7620.0,1309.7,359.43,0.05,359.43,40.73433,-111.87210,32.0,21.7,876.4,102.59,1.1
7680.0,1309.6,359.51,0.04,359.51,40.73433,-111.87210,32.0,21.5,876.4,107.07,1.9
7740.0,1309.6,359.48,0.06,359.48,40.73433,-111.87210,32.0,21.6,876.5,105.23,1.6
7800.0,1309.6,359.76,0.05,359.76,40.73433,-111.87210,31.9,21.3,876.5,90.44,1.1
7860.0,1309.6,359.72,0.05,359.72,40.73433,-111.87210,31.9,21.3,876.5,107.64,1.7
7920.0,1309.7,359.70,0.06,359.70,40.73433,-111.87210,31.8,21.2,876.5,99.03,1.9
7980.0,1309.6,359.74,0.06,359.74,40.73433,-111.87210,31.8,21.1,876.5,110.15,1.9
8040.0,1309.8,359.70,0.05,359.70,40.73433,-111.87210,31.8,21.3,876.5,109.50,1.7
8100.0,1309.9,359.71,0.05,359.71,40.73433,-111.87210,31.7,21.5,876.5,108.77,1.7
8160.0,1309.7,359.42,0.06,359.42,40.73433,-111.87210,31.7,21.3,876.5,111.12,2.0
8220.0,1309.8,359.23,0.05,359.23,40.73433,-111.87210,31.5,21.2,876.5,107.62,2.0
8280.0,1309.9,359.19,0.05,359.19,40.73433,-111.87210,31.6,21.3,876.5,115.16,1.9
8340.0,1310.1,359.54,0.06,359.54,40.73433,-111.87210,31.5,21.5,876.5,114.04,1.5
8400.0,1310.2,359.80,0.05,359.80,40.73433,-111.87210,31.5,21.5,876.5,109.29,1.5
8460.0,1310.3,0.12,0.05,0.12,40.73433,-111.87210,31.4,21.4,876.5,110.33,2.0
8520.0,1310.2,359.81,0.05,359.81,40.73433,-111.87210,31.4,21.4,876.5,113.23,2.3
8580.0,1310.3,359.84,0.06,359.84,40.73434,-111.87210,31.3,21.3,876.5,106.51,1.9
8640.0,1310.2,0.03,0.05,0.03,40.73434,-111.87210,31.2,21.4,876.5,96.83,1.6
8700.0,1310.1,359.92,0.06,359.92,40.73434,-111.87210,31.2,21.5,876.5,111.11,1.6
8760.0,1310.0,359.57,0.06,359.57,40.73434,-111.87210,31.1,21.5,876.6,117.24,2.1
8820.0,1309.8,359.47,0.06,359.47,40.73434,-111.87210,31.1,21.4,876.5,109.86,1.9
8880.0,1309.8,359.49,0.06,359.49,40.73434,-111.87210,31.1,21.6,876.6,115.30,1.5
8940.0,1309.7,359.44,0.06,359.44,40.73434,-111.87210,31.0,21.5,876.6,123.07,1.8
9000.0,1309.6,359.16,0.05,359.16,40.73434,-111.87210,31.0,21.6,876.6,115.20,1.2
9060.0,1309.5,358.93,0.06,358.93,40.73434,-111.87210,30.9,21.6,876.6,111.26,1.8
9120.0,1309.4,358.78,0.06,358.78,40.73434,-111.87210,30.9,21.6,876.6,112.99,1.5
9180.0,1309.3,358.86,0.05,358.86,40.73434,-111.87210,30.9,21.7,876.6,109.60,1.2
9240.0,1309.3,359.00,0.05,359.00,40.73434,-111.87210,30.8,21.7,876.6,115.81,1.2
9300.0,1309.2,359.26,0.06,359.26,40.73433,-111.87210,30.8,21.4,876.6,111.28,0.9
9360.0,1309.1,358.99,0.05,358.99,40.73433,-111.87210,30.8,21.4,876.6,119.16,1.6
9420.0,1309.1,358.63,0.07,358.63,40.73433,-111.87210,30.8,21.4,876.6,116.47,1.1
9480.0,1309.0,358.37,0.06,358.37,40.73433,-111.87210,30.8,21.3,876.6,125.80,1.5
9540.0,1309.0,358.76,0.06,358.76,40.73433,-111.87210,30.7,21.5,876.6,116.16,1.7
9600.0,1308.9,358.71,0.05,358.71,40.73433,-111.87210,30.7,21.4,876.6,110.96,1.4
9660.0,1308.9,358.93,0.06,358.93,40.73433,-111.87210,30.6,21.2,876.6,111.05,1.3
9720.0,1308.8,359.07,0.05,359.07,40.73433,-111.87210,30.5,21.2,876.7,113.47,1.7
9780.0,1308.7,359.26,0.06,359.26,40.73433,-111.87210,30.5,20.8,876.7,105.76,2.0
9840.0,1308.8,358.93,0.05,358.93,40.73433,-111.87210,30.5,21.0,876.7,108.72,1.5
9900.0,1308.9,358.99,0.06,358.99,40.73433,-111.87210,30.5,21.1,876.7,113.18,1.9
9960.0,1307.8,358.68,0.06,358.68,40.73433,-111.87210,30.4,21.1,876.7,107.12,1.8
10020.0,1308.2,358.89,0.05,358.89,40.73433,-111.87210,30.4,21.0,876.8,115.28,2.2
10080.0,1308.4,359.02,0.05,359.02,40.73433,-111.87210,30.3,21.0,876.8,113.27,1.9
10140.0,1308.6,358.74,0.06,358.74,40.73433,-111.87210,30.3,21.0,876.8,113.18,1.6
10200.0,1308.7,358.53,0.05,358.53,40.73433,-111.87210,30.3,20.9,876.8,105.94,1.7
10260.0,1308.8,358.70,0.06,358.70,40.73433,-111.87210,30.2,20.8,876.8,110.59,2.3
10320.0,1308.9,358.10,0.06,358.10,40.73433,-111.87210,30.2,20.8,876.8,110.06,1.7
10380.0,1309.1,358.15,0.05,358.15,40.73433,-111.87211,30.2,21.0,876.8,119.73,1.4
10440.0,1309.2,358.58,0.06,358.58,40.73433,-111.87211,30.2,20.9,876.8,115.52,1.5
10500.0,1309.2,358.41,0.05,358.41,40.73433,-111.87211,30.2,20.8,876.8,112.16,0.8
10560.0,1309.3,358.61,0.06,358.61,40.73433,-111.87211,30.2,20.7,876.8,117.75,1.7
10620.0,1309.6,358.60,0.05,358.60,40.73433,-111.87211,30.2,20.8,876.8,119.32,0.9
10680.0,1309.7,358.74,0.06,358.74,40.73433,-111.87211,30.2,20.8,876.8,112.18,1.1
10740.0,1309.8,358.90,0.07,358.90,40.73433,-111.87211,30.1,20.7,876.8,107.07,1.2
10800.0,1309.5,359.25,0.05,359.25,40.73433,-111.87211,30.1,20.7,876.8,103.44,1.5
10860.0,1309.4,359.31,0.06,359.31,40.73433,-111.87211,30.1,21.0,876.8,125.03,1.3
10920.0,1309.5,358.97,0.05,358.97,40.73433,-111.87211,30.1,20.9,876.8,100.81,1.5
10980.0,1309.4,358.71,0.05,358.71,40.73433,-111.87211,30.0,21.1,876.8,109.54,2.6
11040.0,1309.2,358.51,0.05,358.51,40.73433,-111.87210,29.9,21.1,876.8,104.48,2.1
11100.0,1309.1,358.33,0.05,358.33,40.73433,-111.87210,29.9,21.2,876.8,106.69,2.4
11160.0,1308.9,358.86,0.05,358.86,40.73433,-111.87210,29.8,21.2,876.8,110.84,2.0
11220.0,1308.8,359.37,0.06,359.37,40.73433,-111.87210,29.8,21.3,876.9,115.18,1.6
11280.0,1308.7,359.79,0.05,359.79,40.73433,-111.87210,29.8,21.3,876.9,112.94,1.9
11340.0,1308.7,359.79,0.05,359.79,40.73433,-111.87210,29.6,21.1,876.9,110.40,3.1
11400.0,1308.7,0.09,0.05,0.09,40.73433,-111.87210,29.6,21.1,876.9,110.78,2.4
11460.0,1308.7,0.61,0.05,0.61,40.73433,-111.87210,29.6,21.1,876.9,106.95,1.4
11520.0,1308.8,0.72,0.05,0.72,40.73433,-111.87210,29.6,21.0,876.9,111.59,2.6
11580.0,1308.8,0.49,0.05,0.49,40.73433,-111.87210,29.6,21.0,876.9,105.35,2.3
11640.0,1308.8,0.11,0.05,0.11,40.73433,-111.87210,29.6,21.0,876.9,114.94,1.9
11700.0,1308.7,0.14,0.05,0.14,40.73433,-111.87210,29.5,21.1,876.9,114.34,2.4
11760.0,1308.9,359.76,0.05,359.76,40.73434,-111.87210,29.5,21.0,876.9,108.10,1.9
11820.0,1309.4,359.90,0.06,359.90,40.73434,-111.87210,29.5,21.0,877.0,100.56,1.6
11880.0,1309.4,359.93,0.05,359.93,40.73434,-111.87210,29.5,21.0,877.0,113.32,1.6
11940.0,1309.1,0.20,0.05,0.20,40.73434,-111.87210,29.5,21.0,877.0,112.33,2.7
12000.0,1309.1,0.68,0.06,0.68,40.73434,-111.87210,29.4,20.9,877.0,110.93,2.8
