CampaignData_and_Merges/R0/CSL_MobileLab_Parked/raw/20240721/USOS-NOAAIodideCIMS-HNO2_MobileLabGround_20240721_RA.ict
33, 1001
Michael A Robinson, Chris Jernigan, Subi Thakali
NOAA ESRL Chemical Sciences Laboratory and CIRES, U. of Colorado
NOAA Iodide CIMS Instrument
USOS
1, 1
2024, 07, 21, 2024, 07, 23
1
starttime_UTC, seconds_past_midnight, seconds_of_day_since_00:00:00_UTC
1
1
-9999
HNO2_NOAACIMS, pptv, Gas_HNO2_InSitu_S_AVMR, 
0
18
PI_CONTACT_INFO: 325 Broadway, R/CSD 7, Boulder, Colorado 80305; michael.a.robinson@noaa.gov; chris.jernigan@noaa.gov;
PLATFORM: NOAA CSL Mobile Lab
LOCATION: SLC, Utah
ASSOCIATED_DATA: 1Hz data also available on request.
INSTRUMENT_INFO: NOAA I- ToF CIMS
DATA_INFO: All data in parts per trillion by volume (pptv). 1 Hz data is available upon request.
UNCERTAINTY: TBD
ULOD_FLAG: -7777
ULOD_VALUE: N/A
LLOD_FLAG: -8888
LLOD_VALUE: N/A
DM_CONTACT_INFO: Nathan Howard; nathan.h.howard@noaa.gov
PROJECT_INFO: USOS, summer 2024. https://csl.noaa.gov/groups/csl7/measurements/2024usos/
STIPULATIONS_ON_USE: Users are strongly encouraged to contact the PI for proper data usage.
OTHER_COMMENTS: 
REVISION: RA
RA: Preliminary Data; For in-field use only
starttime_UTC, HNO2_NOAACIMS
[from data line 1063]
 63780, 15.301
 63840, 13.298
 63900, 14.462
 63960, 14.102
 64020, 16.267
 64080,  9.746
 64140,  8.830
 64200,  3.413
 64260, 10.706
 64320,  6.555
 64380, 11.333
 64440, 19.727
 64500, 20.635
 64560,  7.565
 64620, 12.774
 64680, 14.983
 64740,  9.352
 64800,  7.214
 64860, 13.760
 64920, 14.575
 64980, 15.872
 65040, 13.540
 65100, 18.569
 65160, 22.205
 65220, 11.613
 65280, 11.712
 65340, -9999.000
 65400, 26.012
 65460, 27.706
 65520, 21.209
 65580, 19.960
 65640, 12.139
 65700, 15.472
 65760, 14.382
 65820, 15.533
 65880, 10.669
 65940, 24.447
 66000, 35.865
 66060, 23.085
 66120, 29.370
 66180, 17.025
 66240, 12.847
 66300, 14.722
 66360, 21.160
 66420, 17.689
 66480, 20.802
 66540, 21.913
 66600, 22.100
 66660, 15.865
 66720, 14.514
 66780, 16.462
 66840, 22.259
 66900, 25.053
 66960, 24.795
 67020, 22.631
 67080, 25.332
 67140, 26.132
 67200, -9999.000
 67260, 25.816
 67320, 32.860
 67380, 24.685
 67440, 14.212
 67500, 16.087
 67560, 16.561
 67620, 18.696
 67680, 23.382
 67740, 19.728
 67800, 12.210
 67860, 14.405
 67920,  9.518
 67980, 17.091
 68040, 18.443
 68100, 12.349
 68160, 22.060
 68220, 12.369
 68280,  4.789
 68340,  7.226
 68400, 25.402
 68460, 15.620
 68520, 16.971
 68580, 16.640
 68640,  8.846
 68700, 17.300
 68760, 14.929
 68820, 19.911
 68880, 18.626
 68940, 11.208
 69000,  7.815
 69060, -9999.000
 69120, 18.557
 69180, 22.096
 69240, 11.906
 69300, 13.096
 69360,  3.721
 69420,  6.986
 69480,  8.606
 69540, 15.870
 69600,  6.818
 69660,  9.908
 69720, 12.042
 69780,  3.678
 69840,  5.504
 69900, 10.244
 69960, 12.293
 70020,  8.115
 70080, 11.488
 70140, 13.486
 70200,  6.649
 70260, 11.950
 70320,  9.358
 70380,  7.470
 70440, 27.309
 70500,  9.195
 70560, 12.507
 70620, 18.571
 70680,  4.774
 70740,  7.723
 70800,  7.310
 70860, 15.683
 70920, 17.760
 70980, 23.947
 71040, 43.981
 71100,  7.615
 71160,  2.567
 71220, 14.545
 71280, 23.609
 71340, 15.895
 71400, 67.371
 71460, 13.281
 71520, 21.293
 71580, 11.361
 71640, 16.151
 71700,  8.765
 71760,  1.680
 71820,  4.630
 71880, -0.974
 71940,  9.750
 72000, 10.931
 72060, 11.752
 72120,  5.093
 72180,  6.346
 72240, 12.782
 72300, 14.818
 72360, 17.222
 72420, 13.798
 72480,  7.682
 72540,  8.432
 72600, -1.212
 72660,  7.587
 72720,  4.181
 72780, -9999.000
 72840, 12.084
 72900, 17.353
 72960,  6.544
 73020, 13.345
 73080,  9.085
 73140, 10.232
 73200, 20.728
 73260, 21.639
 73320, 19.031
 73380, 14.311
 73440, 15.596
 73500, 15.202
 73560,  5.017
 73620, 12.959
 73680,  5.340
 73740, 12.927
 73800, 12.245
 73860, 18.323
 73920, 21.777
 73980, 17.844
 74040, 16.014
 74100, 18.295
 74160, 19.991
 74220, 12.467
 74280, 18.141
 74340, 16.578
 74400,  8.435
 74460, 16.631
 74520, 23.802
 74580, 22.354
 74640, 16.250
 74700, 12.643
 74760, 13.379
 74820, 20.760
 74880, 11.020
 74940, 16.210
 75000, 10.673
 75060,  7.462
 75120, 43.830
 75180, 56.487
 75240, 31.565
 75300,  5.767
 75360, 13.871
 75420, 14.202
 75480, 21.048
 75540, 17.310
 75600,  2.396
 75660,  9.746
 75720, 16.197
 75780, 12.304
 75840, 16.415
 75900, 19.702
 75960, 16.005
 76020, 17.736
 76080, 18.298
 76140, 15.441
 76200, 10.815
 76260, 15.898
 76320, 13.986
 76380,  7.670
 76440, -9999.000
 76500, 25.780
 76560, 14.151
 76620, 12.396
 76680, 12.671
 76740, 25.634
 76800, 18.056
 76860, 18.032
 76920, 16.595
 76980, 12.154
 77040,  8.603
 77100, 14.636
 77160, 20.252
 77220,  3.805
 77280, 10.914
 77340,  7.152
 77400,  1.909
 77460,  2.035
 77520, 11.198
 77580, 17.425
 77640,  2.902
 77700, 13.730
 77760, 12.013
 77820, 15.186
 77880, 18.074
 77940, 18.716
 78000, 14.957
 78060,  9.154
 78120, 13.291
 78180, 12.541
 78240,  8.477
 78300, 15.336
 78360, 13.706
 78420,  6.091
 78480, 11.480
 78540,  7.937
 78600,  7.326
 78660, 48.468
 78720, 44.158
 78780, 13.884
 78840,  6.121
 78900, 11.725
 78960, 12.691
 79020,  8.855
 79080, 16.088
 79140, 11.870
 79200, 10.997
 79260, 42.416
 79320,  9.587
 79380, 25.323
 79440, 45.239
 79500, 24.636
 79560, 23.323
 79620,  2.868
 79680, 16.024
 79740, 17.004
 79800, 10.014
 79860, 11.999
 79920, 11.341
 79980,  1.633
 80040,  0.274
 80100, 11.437
 80160, -9999.000
 80220,  0.875
 80280,  7.176
 80340, 19.031
 80400, 34.349
 80460, 41.856
 80520,  5.837
 80580, 15.816
 80640, 15.679
 80700,  6.571
 80760,  7.971
 80820,  5.433
 80880,  3.346
 80940,  8.006
 81000,  7.356
 81060, 11.414
 81120, 14.632
 81180, 16.302
 81240,  9.746
 81300, 11.461
 81360,  3.486
 81420,  6.043
 81480, 14.533
 81540,  1.008
 81600,  4.095
 81660,  0.554
 81720,  2.396
 81780,  6.990
 81840,  4.003
 81900,  9.928
 81960,  8.021
 82020, -9999.000
 82080,  2.970
 82140,  5.081
 82200,  5.519
 82260,  5.886
 82320,  7.747
 82380,  6.030
 82440,  6.274
 82500, 16.957
 82560,  9.627
 82620,  7.360
 82680,  5.007
 82740,  4.291
 82800,  8.696
 82860,  5.213
 82920, 12.760
 82980, 12.351
 83040,  7.793
 83100, 10.110
 83160,  4.833
 83220,  9.506
 83280,  6.723
 83340,  8.949
 83400, 11.352
 83460, 17.911
 83520, 10.444
 83580,  9.008
 83640,  8.715
 83700,  5.474
 83760, 16.115
 83820, 12.274
 83880, -9999.000
 83940, 13.558
 84000, 13.486
 84060,  8.182
 84120,  9.267
 84180,  5.337
 84240, 15.924
 84300, 11.892
 84360, 21.920
 84420,  8.548
 84480, 15.007
 84540,  8.934
 84600, 12.430
 84660, 11.611
 84720,  5.916
 84780, 10.137
 84840,  9.350
 84900,  6.963
 84960, 11.968
 85020,  7.882
 85080, 12.785
 85140, 13.057
 85200, 15.150
 85260, 12.150
 85320,  6.124
 85380, 14.368
 85440, 16.264
 85500, 13.339
 85560, 11.889
 85620,  9.781
 85680,  5.831
 85740, -9999.000
 85800, 18.943
 85860, 19.348
 85920,  7.893
 85980,  9.577
 86040, 10.608
 86100, 12.658
 86160, 13.420
 86220,  9.529
 86280,  9.667
 86340,  6.168
