CampaignData_and_Merges/R0/CSL_MobileLab_Parked/raw/20240721/USOS-PTR_MobileLabGround_20240721_R0.ict
58, 1001
Matthew Coggon, Kelvin Bates, Chelsea Stockwell, Carsten Warneke
NOAA ESRL Chemical Sciences Division
NOAA PTR-ToF-MS
USOS
1,1 
2024, 07, 21, 2025, 09, 19
0
Time_Start, seconds, number of seconds from 00:00 UTC 
22
1, 1, 1, 1, 1, 1, 1, 1, 1, 1, 1, 1, 1, 1, 1, 1, 1, 1, 1, 1, 1, 1
-9999, -9999, -9999, -9999, -9999, -9999, -9999, -9999, -9999, -9999, -9999, -9999, -9999, -9999, -9999, -9999, -9999, -9999, -9999, -9999, -9999, -9999
CH3OH_NOAAPTR_ppbv,  ppbv, Gas_CH3OH_InSitu_S_AVMR, (CH3OH) methanol
CH3CN_NOAAPTR_ppbv,  ppbv, Gas_CH3CN_InSitu_S_AVMR, (CH3CN) acetonitrile
CH3CHO_NOAAPTR_ppbv,  ppbv, Gas_CH3CHO_InSitu_S_AVMR, (CH3CHO) acetaldehyde plus contributions from ethylene glycol and ethylene oxide. Interference from ethanol has been subtracted out.
C2H5OH_NOAAPTR_ppbv,  ppbv, Gas_C2H5OH_InSitu_S_AVMR, (C2H5OH) ethanol
CH3SH_NOAAPTR_ppbv,  ppbv, Gas_CH3SH_InSitu_S_AVMR, (CH3SH) methanethiol, using calibration factor for DMS
Acrolein_NOAAPTR_ppbv,  ppbv, Gas_Acrolein_InSitu_S_AVMR, (C3H4O) acrolein
AcetonePropanal_NOAAPTR_ppbv,  ppbv, Gas_AcetoneAndPropanal_InSitu_S_AVMR, (C3H6O) sum of acetone (dominant isomer) and propanal, using calibration factor for acetone
DMS_NOAAPTR_ppbv,  ppbv, Gas_DMS_InSitu_S_AVMR, (C2H6S) dimethyl sulfide with possible small contributions from ethanethiol
C5H8_NOAAPTR_ppbv,  ppbv, Gas_Isoprene_InSitu_S_AVMR, (C5H8) isoprene and possible fragments from cycloalkanes and aldehydes. Interferences have been subtracted following methods described by Coggon et al (2023)
MVKMAC_NOAAPTR_ppbv,  ppbv, Gas_MVKAndMAC_InSitu_S_AVMR, (C4H6O) sum of methyl vinyl ketone, methacrolein, and small amounts of crotonaldehyde, using weighted calibration factor for MVK (0.637) and MACR (0.363)
Benzene_NOAAPTR_ppbv,  ppbv, Gas_Benzene_InSitu_S_AVMR, (C6H6) benzene
Toluene_NOAAPTR_ppbv,  ppbv, Gas_Toluene_InSitu_S_AVMR, (C7H8) toluene with possible small contributions of fragments from ethyltoluene
Styrene_NOAAPTR_ppbv,  ppbv, Gas_Styrene_InSitu_S_AVMR, (C8H8) styrene
Benzaldehyde_NOAAPTR_ppbv,  ppbv, Gas_Benzaldehyde_InSitu_S_AVMR, (C7H6O) benzaldehyde
C8Aromatics_NOAAPTR_ppbv,  ppbv, Gas_C8Aromatics_InSitu_M_AVMR, (C8H10) sum of m-xylene, p-xylene, o-xylene, and ethyl benzene
C9Aromatics_NOAAPTR_ppbv,  ppbv, Gas_C9Aromatics_InSitu_M_AVMR, (C9H12) sum of C9 aromatics
Naphthalene_NOAAPTR_ppbv,  ppbv, Gas_Naphthalene_InSitu_S_AVMR, (C10H8) naphthalene
Octanal_NOAAPTR_ppbv,  ppbv, Gas_Octanal_InSitu_S_AVMR, (C8H16O) octanal and small amounts of octanone
Monoterpenes_NOAAPTR_ppbv,  ppbv, Gas_Monoterpenes_InSitu_M_AVMR, (C10H16) sum of monoterpenes and possible contributions from fragments of oxygenated monoterpenoids such as eucalyptol.
Nonanal_NOAAPTR_ppbv,  ppbv, Gas_Nonanal_InSitu_M_AVMR, (C9H18O) nonanal and small amounts of nonanone
C7H4ClF3_NOAAPTR_ppbv,  ppbv, Gas_C7H4ClF3_InSitu_S_AVMR, (C7H4ClF3) parachlorobenzotrifluoride
C10H30O5Si5_NOAAPTR_ppbv,  ppbv, Gas_C10H30O5Si5_InSitu_S_AVMR, (C10H30O5Si5) decamethylcyclopentasiloxane
1
SPECIAL COMMENTS:N/A
21
PI_CONTACT_INFO: NOAA ESRL Chemical Sciences Division, Tropospheric Chemistry Group. 325 Broadway, R/CSD7, Boulder, CO 80305
PLATFORM: Mobile Laboratory.
LOCATION: Salt Lake City, UT
ASSOCIATED_DATA: N/A
INSTRUMENT_INFO: NOAA PTR-ToF-MS measurements on NOAA CSL Mobile Lab
DATA_INFO: Units: ppbv
UNCERTAINTY: See OTHER_COMMENTS
ULOD_FLAG: -7777
ULOD_VALUE: N/A
LLOD_FLAG: -8888
LLOD_VALUE: N/A.
DM_CONTACT_INFO: Data Managers: Matt Coggon, Kelvin Bates, Chelsea Stockwell; email: matthew.m.coggon@noaa.gov and kelvin.bates@colorado.edu
PROJECT_INFO: USOS Deployment July-August, 2024
STIPULATIONS_ON_USE: Use of these data require prior OK from PI.
OTHER_COMMENTS: Uncertainties:
CH3OH_NOAAPTR_ppbv:30%; CH3CN_NOAAPTR_ppbv:30%; CH3CHO_NOAAPTR_ppbv:30%; C2H5OH_NOAAPTR_ppbv:30%; CH3SH_NOAAPTR_ppbv:50%; Acrolein_NOAAPTR_ppbv:30%; AcetonePropanal_NOAAPTR_ppbv:30%; DMS_NOAAPTR_ppbv:30%; C5H8_NOAAPTR_ppbv:30%; MVKMAC_NOAAPTR_ppbv:30%; 
Benzene_NOAAPTR_ppbv:30%; Toluene_NOAAPTR_ppbv:30%; Styrene_NOAAPTR_ppbv:30%; Benzaldehyde_NOAAPTR_ppbv:30%; C8Aromatics_NOAAPTR_ppbv:30%; C9Aromatics_NOAAPTR_ppbv:30%; Naphthalene_NOAAPTR_ppbv:30%; Octanal_NOAAPTR_ppbv:30%; Monoterpenes_NOAAPTR_ppbv:30%; Nonanal_NOAAPTR_ppbv:30%; 
C7H4ClF3_NOAAPTR_ppbv:30%; C10H30O5Si5_NOAAPTR_ppbv:30%; 
REVISION: R0
R0: Calibrated PTR Data. See individual species comments for details about measurement uncertainties
Time_Start, CH3OH_NOAAPTR_ppbv, CH3CN_NOAAPTR_ppbv, CH3CHO_NOAAPTR_ppbv, C2H5OH_NOAAPTR_ppbv, CH3SH_NOAAPTR_ppbv, Acrolein_NOAAPTR_ppbv, AcetonePropanal_NOAAPTR_ppbv, DMS_NOAAPTR_ppbv, C5H8_NOAAPTR_ppbv, MVKMAC_NOAAPTR_ppbv, Benzene_NOAAPTR_ppbv, Toluene_NOAAPTR_ppbv, Styrene_NOAAPTR_ppbv, Benzaldehyde_NOAAPTR_ppbv, C8Aromatics_NOAAPTR_ppbv, C9Aromatics_NOAAPTR_ppbv, Naphthalene_NOAAPTR_ppbv, Octanal_NOAAPTR_ppbv, Monoterpenes_NOAAPTR_ppbv, Nonanal_NOAAPTR_ppbv, C7H4ClF3_NOAAPTR_ppbv, C10H30O5Si5_NOAAPTR_ppbv
[from data line 297]
17820.0, 8.35969, 0.26249, 1.04423, 1.99160, -0.00061, 0.25249, 4.17403, 0.00990, 0.91320, 0.39460, 0.04079, 0.12694, 0.00813, -0.00882, 0.05091, 0.02136, -0.01030, 0.01533, 0.14645, 0.02747, -0.00141, 0.00257 
17880.0, 8.74656, 0.26134, 0.95853, 2.31182, 0.00167, 0.17537, 4.16192, -0.00002, 0.93251, 0.39611, 0.06584, 0.10925, -0.00768, -0.02657, 0.05272, 0.01622, -0.01259, 0.01920, 0.16746, 0.03035, -0.00068, 0.00210 
17940.0, 9.37949, 0.27507, 1.11852, 1.89976, 0.00160, 0.20929, 4.18343, -0.00002, 0.93739, 0.39711, 0.08471, 0.12409, -0.00183, -0.00567, 0.05166, 0.02754, -0.00708, 0.01537, 0.14220, 0.03781, 0.00276, 0.00171 
18000.0, 7.61050, 0.28385, 0.99761, 1.66810, 0.00009, 0.18986, 4.19579, 0.00588, 0.93048, 0.41987, -0.00166, 0.13096, -0.00429, -0.00352, 0.05467, 0.01989, -0.01261, 0.01620, 0.14474, 0.04360, -0.00020, 0.00294 
18060.0, 8.28620, 0.26326, -9999.00000, 1.55236, 0.00567, 0.17843, 4.14823, -0.00002, -9999.00000, 0.36778, 0.09593, 0.11893, 0.01178, -0.01442, 0.04642, 0.02053, 0.00289, 0.02104, 0.14948, 0.02680, 0.00398, 0.00193 
18120.0, -9999.00000, -9999.00000, -9999.00000, -9999.00000, -9999.00000, -9999.00000, -9999.00000, -9999.00000, -9999.00000, -9999.00000, -9999.00000, -9999.00000, -9999.00000, -9999.00000, -9999.00000, -9999.00000, -9999.00000, -9999.00000, -9999.00000, -9999.00000, -9999.00000, -9999.00000 
18180.0, -9999.00000, -9999.00000, -9999.00000, -9999.00000, -9999.00000, -9999.00000, -9999.00000, -9999.00000, -9999.00000, -9999.00000, -9999.00000, -9999.00000, -9999.00000, -9999.00000, -9999.00000, -9999.00000, -9999.00000, -9999.00000, -9999.00000, -9999.00000, -9999.00000, -9999.00000 
18240.0, -9999.00000, -9999.00000, -9999.00000, -9999.00000, -9999.00000, -9999.00000, -9999.00000, -9999.00000, -9999.00000, -9999.00000, -9999.00000, -9999.00000, -9999.00000, -9999.00000, -9999.00000, -9999.00000, -9999.00000, -9999.00000, -9999.00000, -9999.00000, -9999.00000, -9999.00000 
18300.0, -9999.00000, -9999.00000, -9999.00000, -9999.00000, -9999.00000, -9999.00000, -9999.00000, -9999.00000, -9999.00000, -9999.00000, -9999.00000, -9999.00000, -9999.00000, -9999.00000, -9999.00000, -9999.00000, -9999.00000, -9999.00000, -9999.00000, -9999.00000, -9999.00000, -9999.00000 
18360.0, -9999.00000, -9999.00000, -9999.00000, -9999.00000, -9999.00000, -9999.00000, -9999.00000, -9999.00000, -9999.00000, -9999.00000, -9999.00000, -9999.00000, -9999.00000, -9999.00000, -9999.00000, -9999.00000, -9999.00000, -9999.00000, -9999.00000, -9999.00000, -9999.00000, -9999.00000 
18420.0, -9999.00000, -9999.00000, -9999.00000, -9999.00000, -9999.00000, -9999.00000, -9999.00000, -9999.00000, -9999.00000, -9999.00000, -9999.00000, -9999.00000, -9999.00000, -9999.00000, -9999.00000, -9999.00000, -9999.00000, -9999.00000, -9999.00000, -9999.00000, -9999.00000, -9999.00000 
18480.0, -9999.00000, -9999.00000, -9999.00000, -9999.00000, -9999.00000, -9999.00000, -9999.00000, -9999.00000, -9999.00000, -9999.00000, -9999.00000, -9999.00000, -9999.00000, -9999.00000, -9999.00000, -9999.00000, -9999.00000, -9999.00000, -9999.00000, -9999.00000, -9999.00000, -9999.00000 
18540.0, -9999.00000, -9999.00000, -9999.00000, -9999.00000, -9999.00000, -9999.00000, -9999.00000, -9999.00000, -9999.00000, -9999.00000, -9999.00000, -9999.00000, -9999.00000, -9999.00000, -9999.00000, -9999.00000, -9999.00000, -9999.00000, -9999.00000, -9999.00000, -9999.00000, -9999.00000 
18600.0, -9999.00000, -9999.00000, -9999.00000, -9999.00000, -9999.00000, -9999.00000, -9999.00000, -9999.00000, -9999.00000, -9999.00000, -9999.00000, -9999.00000, -9999.00000, -9999.00000, -9999.00000, -9999.00000, -9999.00000, -9999.00000, -9999.00000, -9999.00000, -9999.00000, -9999.00000 
18660.0, -9999.00000, -9999.00000, -9999.00000, -9999.00000, -9999.00000, -9999.00000, -9999.00000, -9999.00000, -9999.00000, -9999.00000, -9999.00000, -9999.00000, -9999.00000, -9999.00000, -9999.00000, -9999.00000, -9999.00000, -9999.00000, -9999.00000, -9999.00000, -9999.00000, -9999.00000 
18720.0, 8.48705, -9999.00000, -9999.00000, 1.72001, 0.00467, 0.25427, 4.10923, 0.00295, -9999.00000, 0.45123, 0.09530, 0.16974, 0.02224, 0.00292, 0.11243, 0.08594, -0.01136, 0.01494, 0.13470, 0.02566, 0.00155, 0.00104 
18780.0, 9.02321, 0.27931, 0.93179, 1.22690, 0.00214, 0.14779, 4.01218, -0.00004, 0.86480, 0.37399, 0.04454, 0.09155, 0.01209, -0.00451, 0.04941, 0.01862, 0.00371, 0.01789, 0.13836, 0.02338, -0.00157, 0.00077 
18840.0, 7.28048, 0.26783, 0.80824, 1.40746, 0.00577, 0.15176, 4.03159, 0.00555, 0.78671, 0.34027, 0.05506, 0.16181, -0.00323, -0.01928, 0.04917, 0.03294, -0.00084, 0.02014, 0.14798, 0.03447, 0.00282, 0.00165 
18900.0, 8.18951, 0.27999, 0.99802, 1.54840, 0.00077, 0.15716, 4.09101, 0.00320, 0.77831, 0.37316, 0.08635, 0.13641, 0.00981, -0.02068, 0.07774, 0.03694, -0.00822, 0.02050, 0.15792, 0.03641, 0.00049, 0.00359 
18960.0, 7.53271, 0.26178, 0.85139, 1.14001, 0.00106, 0.15489, 4.04830, -0.00005, 0.77214, 0.33573, 0.08089, 0.09474, 0.00316, -0.00863, 0.03915, 0.01890, -0.00631, 0.00988, 0.10437, 0.02973, -0.00010, 0.00014 
19020.0, 8.68422, 0.27783, 0.89286, 1.51368, -0.00076, 0.15324, 4.07635, 0.00916, 0.76865, 0.34042, 0.01761, 0.09474, -0.00290, 0.00609, 0.03875, 0.02411, -0.00117, 0.02296, 0.13471, 0.02894, 0.00211, 0.00098 
19080.0, 8.56357, 0.27055, 0.88446, 1.12354, 0.00639, 0.17335, 4.05711, 0.00798, 0.69755, 0.34483, 0.08425, 0.11167, 0.01137, 0.00164, 0.04435, 0.01500, -0.01134, 0.02613, 0.13740, 0.03807, 0.00172, 0.00113 
19140.0, 7.83162, 0.27082, 0.87862, 1.33497, 0.00284, 0.16352, 3.93541, 0.00230, 0.76645, 0.32602, 0.01831, 0.10292, 0.01205, -0.01046, 0.04462, 0.01846, -0.00120, 0.02446, 0.12871, 0.02523, 0.00138, 0.00159 
19200.0, 7.82047, 0.25464, 0.89293, 1.31140, 0.00268, 0.15821, 4.01686, 0.00779, 0.72162, 0.35790, 0.05975, 0.12037, 0.00198, -0.00389, 0.05305, 0.02632, -0.00298, 0.01457, 0.14283, 0.02327, 0.00316, 0.00267 
19260.0, 8.42561, 0.25495, 0.86014, 1.59138, 0.00289, 0.17721, 4.13854, -0.00006, 0.71558, 0.34066, 0.08706, 0.11174, 0.01224, -0.00007, 0.04957, 0.02210, -0.00401, 0.01119, 0.14371, 0.03001, 0.00012, 0.00303 
19320.0, 8.50531, 0.27446, 0.92423, 1.57893, 0.00089, 0.16137, 4.16850, -0.00007, 0.71317, 0.33407, 0.03820, 0.12192, 0.01440, -0.01676, 0.04963, 0.02739, 0.00034, 0.01600, 0.11143, 0.02789, 0.00037, 0.00292 
19380.0, 7.41069, 0.26537, 0.90887, 1.28973, 0.00645, 0.15527, 4.12226, -0.00007, 0.69787, 0.32213, 0.03438, 0.12536, 0.00393, 0.00271, 0.04968, 0.01214, -0.00318, 0.01023, 0.10459, 0.02173, 0.00250, 0.00064 
19440.0, 9.54793, 0.24962, 0.88034, 1.64239, 0.00371, 0.19256, 4.05901, 0.00090, 0.75258, 0.33230, 0.05151, 0.13021, -0.00506, -0.00202, 0.05554, 0.02922, -0.01074, 0.00843, 0.14025, 0.03076, 0.00665, 0.00019 
19500.0, 8.14924, 0.24784, 0.99823, 1.18200, 0.00249, 0.15760, 4.09193, 0.00661, 0.65801, 0.33199, 0.06532, 0.13644, 0.00793, -0.00480, 0.04942, 0.02271, -0.00188, 0.01616, 0.14063, 0.02483, 0.00610, 0.00030 
19560.0, 7.59716, 0.28993, 0.98137, 1.84420, 0.00387, 0.16960, 4.16597, -0.00008, 0.73726, 0.31461, 0.07112, 0.13528, 0.00283, -0.01124, 0.05609, 0.02355, -0.00428, 0.02899, 0.14756, 0.04268, 0.00078, 0.00027 
19620.0, 8.19704, 0.26452, 0.95766, 1.57616, 0.00032, 0.16382, 4.01710, 0.00226, 0.76333, 0.30855, 0.06702, 0.11686, 0.00942, 0.00199, 0.06544, 0.02111, -0.00198, 0.01208, 0.14116, 0.01870, -0.00095, 0.00025 
19680.0, 8.52782, 0.25423, 0.96754, 1.49838, 0.00008, 0.15317, 4.01815, -0.00008, 0.66901, 0.31714, 0.13135, 0.13223, 0.01050, -0.01830, 0.05328, 0.02485, 0.00500, 0.02279, 0.13722, 0.02221, -0.00186, 0.00026 
19740.0, 7.73668, 0.26398, 0.87845, 1.59129, 0.00468, 0.19577, 3.99705, -0.00009, 0.75392, 0.33783, 0.01938, 0.12985, 0.00685, -0.00171, 0.06623, 0.02246, -0.01024, 0.03057, 0.11295, 0.03996, -0.00053, -0.00021 
19800.0, 7.67820, 0.26366, 0.86448, 1.30463, 0.00399, 0.17178, 4.01503, -0.00009, 0.71493, 0.32707, 0.03582, 0.10230, -0.00005, -0.00556, 0.05147, 0.01475, -0.00761, 0.01601, 0.12667, 0.02410, 0.00631, 0.00127 
19860.0, 8.95128, 0.24982, 0.95351, 1.73572, 0.00090, 0.15959, 4.12279, 0.00082, 0.75489, 0.30260, 0.06416, 0.13352, 0.02327, 0.01082, 0.07535, 0.01692, -0.00088, 0.02376, 0.13938, 0.02405, -0.00138, 0.00142 
19920.0, 7.66770, 0.26447, 0.94358, 1.57939, -0.00097, 0.16114, 3.99153, 0.00390, 0.67742, 0.33754, 0.08843, 0.13195, 0.01487, 0.01763, 0.05103, 0.02166, -0.00982, 0.01865, 0.12593, 0.04202, -0.00014, -0.00006 
19980.0, 7.83194, 0.25900, 0.87172, 1.59528, 0.00535, 0.16356, 4.02888, -0.00010, 0.66432, 0.32025, 0.11481, 0.13174, 0.00377, 0.00617, 0.04815, 0.02640, 0.00794, 0.01555, 0.11951, 0.02954, -0.00126, 0.00247 
20040.0, 8.01667, 0.25219, 0.83295, 1.61925, 0.00204, 0.15189, 4.03324, -0.00010, 0.70943, 0.31842, 0.03714, 0.11844, 0.01128, -0.00342, 0.05612, 0.02236, 0.00700, 0.01796, 0.13729, 0.03922, 0.00047, 0.00036 
20100.0, 8.64769, 0.25840, 0.87220, 1.70455, -0.00064, 0.15418, 4.06788, -0.00010, 0.70031, 0.31662, 0.08117, 0.11533, 0.00864, 0.00708, 0.05117, 0.02405, 0.00971, 0.03958, 0.13315, 0.02864, -0.00157, 0.00205 
20160.0, 8.91714, 0.24153, 0.91792, 1.68539, 0.00290, 0.18220, 4.07845, 0.00485, 0.73764, 0.32224, 0.10074, 0.10854, 0.01437, 0.00179, 0.04473, 0.01862, -0.00602, 0.02701, 0.14659, 0.02817, -0.00086, 0.00088 
20220.0, 7.41150, 0.27818, 0.89035, 1.75064, 0.00231, 0.16725, 3.97350, -0.00011, 0.69681, 0.30712, 0.03776, 0.12809, 0.01071, 0.00482, 0.05500, 0.02344, -0.00521, 0.02416, 0.12321, 0.03155, 0.00657, 0.00257 
20280.0, 8.04722, 0.26300, 0.89446, 1.23860, 0.00179, 0.18442, 4.05008, -0.00011, 0.67692, 0.32989, 0.05690, 0.13251, 0.01367, 0.01435, 0.05696, 0.02175, -0.00031, 0.01525, 0.12047, 0.02722, -0.00109, 0.00048 
20340.0, 7.06600, 0.25514, 0.99226, 1.25394, 0.00058, 0.15641, 4.03581, -0.00011, 0.76683, 0.31331, 0.03036, 0.10825, 0.00766, -0.00641, 0.04254, 0.01528, 0.00955, 0.01498, 0.12066, 0.02661, 0.00045, 0.00020 
20400.0, 11.92231, 0.27230, 0.98005, 1.14166, -0.00054, 0.15080, 3.93818, 0.00350, 0.72371, 0.32838, 0.04752, 0.08491, 0.00989, -0.00412, 0.04584, 0.01141, -0.00646, 0.01552, 0.09833, 0.02929, -0.00071, 0.00095 
20460.0, 7.94890, 0.28925, 0.89939, 1.46533, 0.00512, 0.14565, 4.07904, -0.00012, 0.73212, 0.32806, 0.15147, 0.13223, 0.01567, 0.02118, 0.05992, 0.02126, 0.00747, 0.02332, 0.10322, 0.02636, -0.00144, 0.00006 
20520.0, 7.54349, 0.26233, 0.91628, 1.20036, -0.00046, 0.14355, 3.97831, 0.00304, 0.69065, 0.31122, 0.07976, 0.09492, 0.01162, 0.02050, 0.04981, 0.01226, 0.01350, 0.00769, 0.12223, 0.03089, 0.00261, 0.00127 
20580.0, 7.07043, 0.26524, 0.88434, 1.51650, 0.00317, 0.15307, 3.98177, 0.00023, 0.67005, 0.29761, 0.01164, 0.10718, 0.00527, 0.01525, 0.04744, 0.01640, -0.00885, 0.01530, 0.09728, 0.03535, 0.00148, 0.00044 
20640.0, 6.66788, 0.26642, 0.74180, 0.94911, -0.00096, 0.13689, 3.91847, 0.00047, 0.63731, 0.29682, 0.05266, 0.08755, -0.00558, 0.00409, 0.04500, 0.01503, -0.00649, 0.00513, 0.10568, 0.01539, -0.00126, 0.00133 
20700.0, 6.97497, 0.25644, 0.86005, 1.05041, 0.00162, 0.14697, 4.00456, -0.00013, 0.64296, 0.30205, 0.03741, 0.07326, -0.00553, 0.02619, 0.02978, 0.01634, 0.00114, 0.01170, 0.07933, 0.02468, 0.00360, -0.00097 
20760.0, 7.15502, 0.28764, 0.89022, 1.27956, -0.00039, 0.17234, 4.00539, -0.00013, 0.68919, 0.32820, 0.27005, 0.47897, 0.08199, 0.00609, 0.21625, 0.12456, 0.02908, 0.00993, 0.09161, 0.03188, 0.00038, 0.00007 
20820.0, 7.12813, 0.24327, 0.80739, 1.03606, 0.00281, 0.11310, 3.89928, -0.00013, 0.62283, 0.29937, 0.05640, 0.10086, 0.01356, 0.01409, 0.03710, 0.02100, -0.00845, 0.01636, 0.07248, 0.02004, 0.00154, 0.00149 
20880.0, 6.76473, 0.26497, 0.77951, 1.11052, 0.00439, 0.13491, 3.96590, -0.00014, 0.66164, 0.25928, 0.07690, 0.11506, 0.00098, 0.03312, 0.03533, 0.01521, 0.00328, 0.02012, 0.09307, 0.02508, 0.00389, 0.00053 
20940.0, 7.04180, 0.25776, 0.70993, 1.35179, -0.00023, 0.12516, 3.96009, -0.00014, 0.60981, 0.27426, 0.08704, 0.11525, 0.01360, 0.02919, 0.04840, 0.01992, 0.01403, 0.01036, 0.10740, 0.03574, -0.00032, 0.00011 
21000.0, 6.67573, 0.24697, 0.64977, 0.86827, 0.00522, 0.14116, 3.95706, 0.00110, 0.64131, 0.30524, 0.03825, 0.09148, 0.01608, 0.01805, 0.03967, 0.00985, 0.00310, 0.01397, 0.09068, 0.02854, 0.00291, 0.00058 
21060.0, 8.43717, 0.26074, 0.75592, 1.41595, 0.00338, 0.14815, 4.01366, 0.00883, 0.62786, 0.29722, 0.07643, 0.07206, 0.01513, 0.02865, 0.03698, 0.01578, 0.01457, 0.01029, 0.08327, 0.02325, 0.00213, 0.00015 
21120.0, 7.13192, 0.25383, 0.86507, 1.13620, 0.00256, 0.15053, 3.94045, 0.00187, 0.63230, 0.28437, 0.04360, 0.09626, -0.00342, 0.00044, 0.04040, 0.01565, 0.00028, 0.01751, 0.08749, 0.01851, -0.00009, 0.00222 
21180.0, 7.85782, 0.26131, 0.77830, 1.40447, 0.00083, 0.14837, 4.03857, -0.00015, 0.69377, 0.29073, 0.06701, 0.09379, 0.00912, 0.00659, 0.03918, 0.01813, 0.00231, 0.01243, 0.10169, 0.02773, -0.00068, -0.00046 
21240.0, 6.51046, 0.24954, 0.88790, 1.19036, 0.00257, 0.13945, 3.93890, -0.00015, 0.57664, 0.28126, 0.06935, 0.08252, 0.02008, 0.01706, 0.03631, 0.01254, -0.00775, 0.02458, 0.08702, 0.03016, 0.00290, 0.00253 
21300.0, 7.91947, 0.23959, 0.83756, 1.63428, 0.00472, 0.15264, 4.16694, 0.00340, 0.67916, 0.28538, 0.05822, 0.11095, 0.02222, -0.00996, 0.04898, 0.02074, 0.00990, 0.02185, 0.09317, 0.03933, 0.00399, 0.00069 
21360.0, 8.62361, 0.24197, 0.96685, 1.50105, 0.00349, 0.14586, 3.98286, -0.00016, 0.59160, 0.27994, 0.07275, 0.09320, 0.01396, 0.01406, 0.04775, 0.02008, -0.00755, 0.02259, 0.09104, 0.02590, -0.00063, 0.00119 
21420.0, 7.97951, 0.26515, 1.00363, 1.79966, 0.00102, 0.15844, 4.05656, 0.00127, 0.68304, 0.30164, 0.03218, 0.09171, 0.01402, -0.01323, 0.04932, 0.01969, 0.00165, 0.01319, 0.12413, 0.02974, -0.00069, 0.00168 
21480.0, 7.58443, 0.26414, 0.87747, 1.71782, 0.00115, 0.15879, 3.97168, 0.00744, 0.62484, 0.28239, 0.07237, 0.11912, -0.00483, -0.00418, 0.05691, 0.02034, 0.00548, 0.01127, 0.12586, 0.01169, 0.00025, 0.00211 
21540.0, 8.13614, 0.25317, 0.87459, 1.62408, 0.00242, 0.15188, 4.09587, -0.00017, 0.68048, 0.31078, 0.07577, 0.11707, 0.01037, 0.00864, 0.04937, 0.02752, -0.00613, 0.02143, 0.10840, 0.03349, 0.00204, 0.00041 
21600.0, 7.47768, 0.26411, 0.91814, 1.70586, 0.00248, 0.17578, 4.01568, 0.01035, 0.67866, 0.30412, 0.04598, 0.11618, 0.01276, -0.00889, 0.06805, 0.01940, -0.00406, 0.02859, 0.10685, 0.04731, 0.00378, 0.00233 
21660.0, 7.56668, 0.28448, 0.88182, 1.26523, 0.00110, 0.17641, 4.05225, -0.00017, 0.65683, 0.31297, 0.10183, 0.12166, 0.00932, 0.01733, 0.07609, 0.02510, 0.00661, 0.01546, 0.11649, 0.02510, 0.00789, 0.00087 
21720.0, 7.80747, 0.25781, 0.96429, 1.89891, 0.00598, 0.19713, 4.06148, -0.00018, 0.66061, 0.30617, 0.08514, 0.13589, 0.01049, -0.00324, 0.08093, 0.02933, -0.00438, 0.01095, 0.12536, 0.03141, 0.00324, 0.00164 
21780.0, 8.07719, 0.26168, 0.85173, 1.16690, 0.00072, 0.15641, 4.02898, -0.00018, 0.61525, 0.30961, 0.07607, 0.09734, 0.00939, 0.02245, 0.04194, 0.02335, -0.00685, 0.01729, 0.10932, 0.00964, 0.00323, 0.00065 
21840.0, 6.80819, 0.29360, 0.99441, 2.23476, 0.00199, 0.16932, 4.06337, 0.00727, 0.63634, 0.32775, 0.18395, 0.63652, 0.04319, -0.00715, 0.18654, 0.08103, -0.00475, 0.02769, 0.12172, 0.03777, 0.00729, 0.00389 
21900.0, 7.47981, 0.26758, 0.85227, 1.18186, 0.00342, 0.18202, 3.96996, -0.00018, 0.63025, 0.30238, 0.06975, 0.11513, 0.01810, 0.00058, 0.05531, 0.02272, -0.00283, 0.01569, 0.14097, 0.03543, 0.00352, 0.00253 
21960.0, 7.58718, 0.29387, 0.82392, 1.64004, 0.00533, 0.13661, 4.01959, -0.00019, 0.62683, 0.28543, 0.10348, 0.12167, -0.00440, 0.02304, 0.06193, 0.02558, -0.00205, 0.02781, 0.10681, 0.01867, 0.00098, -0.00044 
22020.0, 7.52277, 0.26647, 0.85141, 1.74061, 0.00691, 0.14629, 4.05013, -0.00019, 0.61357, 0.29755, 0.08163, 0.12652, 0.01185, 0.01834, 0.05146, 0.02776, -0.00227, 0.01253, 0.11288, 0.02062, 0.00079, 0.00243 
22080.0, 8.04395, 0.24520, 1.01990, 1.95965, 0.00501, 0.16699, 3.98054, 0.00361, 0.59126, 0.28058, 0.06631, 0.10037, 0.00278, -0.00134, 0.05635, 0.02879, 0.00620, 0.02343, 0.12676, 0.02296, 0.00467, 0.00111 
