CampaignData_and_Merges/R0/CSL_MobileLab_Parked/raw/20240721/USOS-NOAAIodideCIMS-PANs_MobileLabGround_20240721_RA.ict
35, 1001
Michael A Robinson, Chris Jernigan, Subi Thakali
NOAA ESRL Chemical Sciences Laboratory and CIRES, U. of Colorado
NOAA Iodide CIMS Instrument
USOS
1, 1
2024, 07, 21, 2024, 07, 23
1
starttime_UTC, seconds_past_midnight, seconds_of_day_since_00:00:00_UTC
3
1, 1, 1
-9999, -9999, -9999
PAN_NOAACIMS, pptv, Gas_PAN_InSitu_S_AVMR, 
APAN_NOAACIMS, pptv, Gas_APAN_InSitu_S_AVMR, 
PPN_NOAACIMS, pptv, Gas_PPN_InSitu_S_AVMR, 
0
18
PI_CONTACT_INFO: 325 Broadway, R/CSD 7, Boulder, Colorado 80305; michael.a.robinson@noaa.gov; chris.jernigan@noaa.gov;
PLATFORM: NOAA CSL Mobile Lab
LOCATION: SLC, Utah
ASSOCIATED_DATA: 1Hz data also available on request.
INSTRUMENT_INFO: NOAA I- ToF CIMS
DATA_INFO: All data in parts per trillion by volume (pptv). 1 Hz data is available upon request.
UNCERTAINTY: TBD
ULOD_FLAG: -7777
ULOD_VALUE: N/A
LLOD_FLAG: -8888
LLOD_VALUE: N/A
DM_CONTACT_INFO: Nathan Howard; nathan.h.howard@noaa.gov
PROJECT_INFO: USOS, summer 2024. https://csl.noaa.gov/groups/csl7/measurements/2024usos/
STIPULATIONS_ON_USE: Users are strongly encouraged to contact the PI for proper data usage.
OTHER_COMMENTS: 
REVISION: RA
RA: Preliminary Data; For in-field use only
starttime_UTC, PAN_NOAACIMS, APAN_NOAACIMS, PPN_NOAACIMS
[from data line 816]
 48960, 254.680,  2.709, 18.864
 49020, 255.786,  3.341, 18.404
 49080, 259.829,  2.898, 19.523
 49140, 265.939,  3.487, 19.858
 49200, 257.843,  3.040, 19.343
 49260, 251.944,  3.567, 21.097
 49320, 259.650,  4.221, 20.432
 49380, 264.369,  3.395, 19.854
 49440, 260.202,  3.254, 19.367
 49500, 268.940,  3.365, 20.700
 49560, 268.472,  2.376, 19.572
 49620, 262.889,  3.295, 19.679
 49680, 259.715,  3.099, 19.094
 49740, 266.102,  2.249, 20.234
 49800, 267.979,  3.689, 20.377
 49860, 268.348,  2.926, 20.483
 49920, 275.671,  2.559, 20.394
 49980, 273.410,  3.938, 20.791
 50040, 269.947,  3.425, 21.528
 50100, 269.602,  3.081, 20.431
 50160, 265.266,  2.429, 19.082
 50220, 273.250,  1.820, 19.919
 50280, 264.423,  2.899, 19.625
 50340, 271.012,  3.709, 21.067
 50400, 279.676,  3.272, 21.042
 50460, 277.244,  2.890, 21.408
 50520, 275.019,  3.502, 19.316
 50580, 279.507,  3.638, 20.600
 50640, 278.935,  2.849, 19.713
 50700, 279.619,  2.822, 20.180
 50760, 275.049,  2.771, 21.436
 50820, 281.122,  2.235, 20.989
 50880, 279.825,  2.584, 20.525
 50940, 283.432,  2.690, 21.498
 51000, 277.195,  2.383, 21.532
 51060, 283.483,  2.902, 20.565
 51120, 281.585,  3.028, 20.709
 51180, 284.105,  2.601, 20.935
 51240, 282.497,  2.837, 21.042
 51300, 281.750,  2.342, 20.159
 51360, 283.427,  2.673, 19.581
 51420, 294.600,  2.411, 20.984
 51480, 292.916,  2.393, 20.202
 51540, 291.116,  3.723, 19.829
 51600, 297.834,  3.736, 20.916
 51660, 298.886,  3.528, 22.145
 51720, 295.192,  4.244, 21.111
 51780, 293.587,  3.633, 21.065
 51840, 291.256,  3.974, 18.819
 51900, 297.717,  3.506, 20.727
 51960, 302.222,  3.481, 21.227
 52020, 282.435,  2.447, 17.691
 52080, 290.988,  2.001, 17.783
 52140, 291.558,  3.299, 20.454
 52200, 294.195,  3.703, 20.350
 52260, 297.708,  3.682, 20.831
 52320, 297.412,  3.210, 21.279
 52380, 299.871,  3.016, 19.622
 52440, 299.601,  3.564, 22.154
 52500, 313.771,  3.468, 21.543
 52560, 315.785,  3.296, 23.538
 52620, 326.126,  3.369, 23.134
 52680, 322.071,  3.550, 24.010
 52740, 312.019,  2.875, 24.446
 52800, 318.573,  3.160, 24.407
 52860, 325.502,  3.737, 25.581
 52920, 322.605,  2.716, 24.040
 52980, 327.052,  4.023, 23.432
 53040, 322.448,  3.971, 25.164
 53100, 319.061,  3.712, 24.183
 53160, 330.300,  4.165, 24.378
 53220, 324.131,  2.924, 24.892
 53280, 325.002,  3.641, 26.130
 53340, 330.998,  4.972, 26.583
 53400, 329.989,  2.043, 26.543
 53460, 332.449,  3.472, 24.689
 53520, 325.865,  2.939, 25.392
 53580, 326.795,  2.991, 24.403
 53640, 330.128,  3.721, 23.989
 53700, 333.138,  3.688, 27.707
 53760, 337.648,  4.240, 25.482
 53820, 338.528,  3.370, 26.078
 53880, 339.588,  4.418, 27.380
 53940, 339.630,  4.729, 25.420
 54000, 338.204,  4.207, 25.667
 54060, 338.626,  4.605, 26.475
 54120, 311.786,  4.841, 23.815
 54180, 321.437,  3.683, 24.918
 54240, -9999.000, -9999.000, -9999.000
 54300, 335.715,  4.979, 27.881
 54360, 341.751,  4.952, 30.039
 54420, 348.338,  5.183, 28.044
 54480, 337.398,  4.080, 25.945
 54540, 349.520,  2.941, 27.276
 54600, 342.706,  4.192, 26.827
 54660, 347.640,  4.598, 28.471
 54720, 336.987,  4.579, 27.332
 54780, 347.082,  3.824, 27.465
 54840, 349.496,  4.558, 26.775
 54900, 353.565,  4.034, 26.810
 54960, 349.917,  3.987, 29.510
 55020, 348.300,  4.541, 29.851
 55080, 349.706,  4.068, 27.397
 55140, 360.937,  3.736, 28.976
 55200, 363.469,  4.630, 30.317
 55260, 358.385,  4.866, 30.670
 55320, 361.594,  3.478, 29.936
 55380, 342.875,  2.411, 26.421
 55440, 353.796,  3.159, 28.778
 55500, 359.876,  4.829, 28.613
 55560, 366.221,  4.164, 28.438
 55620, 353.803,  4.290, 29.576
 55680, 356.126,  3.402, 29.738
 55740, 363.978,  4.639, 29.512
 55800, 354.950,  4.111, 27.070
 55860, 355.794,  4.166, 29.144
 55920, 345.067,  4.243, 28.127
 55980, 355.360,  4.044, 28.476
 56040, 353.691,  3.927, 30.476
 56100, -9999.000, -9999.000, -9999.000
 56160, 357.112,  4.781, 26.426
 56220, 359.260,  3.415, 27.874
 56280, 374.034,  4.462, 29.815
 56340, 372.025,  4.565, 29.385
 56400, 365.066,  3.400, 31.178
 56460, 370.619,  3.565, 29.569
 56520, 362.186,  4.210, 28.546
 56580, 365.267,  4.896, 29.125
 56640, 373.573,  3.559, 31.885
 56700, 368.485,  4.219, 30.002
 56760, 366.129,  4.273, 28.436
 56820, 362.393,  5.807, 27.371
 56880, 374.101,  4.470, 30.814
 56940, 370.517,  4.599, 28.877
 57000, 367.711,  3.728, 31.448
 57060, 368.598,  3.896, 30.365
 57120, 362.342,  3.542, 29.263
 57180, 359.460,  4.435, 29.433
 57240, 362.718,  4.550, 28.564
 57300, 358.021,  3.997, 29.860
 57360, 355.893,  4.303, 29.626
 57420, 368.477,  4.379, 30.268
 57480, 357.485,  4.449, 27.800
 57540, 355.192,  4.755, 27.811
 57600, 352.433,  4.756, 27.384
 57660, 354.484,  4.064, 27.926
 57720, 354.555,  4.068, 29.741
 57780, 356.366,  4.200, 29.031
 57840, 348.391,  3.695, 29.562
 57900, 349.291,  3.165, 27.137
 57960, -9999.000, -9999.000, -9999.000
 58020, 347.085,  4.154, 26.392
 58080, 358.698,  4.258, 27.803
 58140, 366.664,  3.216, 28.453
 58200, 356.973,  3.407, 27.473
 58260, 359.375,  3.489, 27.926
 58320, 367.437,  4.723, 29.647
 58380, 364.582,  3.676, 30.007
 58440, 374.643,  3.596, 30.295
 58500, 374.470,  5.596, 30.403
 58560, 373.426,  4.103, 29.670
 58620, 368.726,  4.680, 31.094
 58680, 379.160,  3.170, 31.968
 58740, 371.089,  4.297, 29.232
 58800, 369.338,  4.267, 30.296
 58860, 359.710,  4.066, 26.610
 58920, 359.719,  3.166, 28.856
 58980, 355.666,  2.977, 28.430
 59040, 352.987,  4.343, 27.833
 59100, 363.364,  3.493, 28.374
 59160, 352.903,  4.418, 27.485
 59220, 361.378,  4.069, 28.275
 59280, 373.979,  2.778, 28.831
 59340, 362.881,  3.907, 28.636
 59400, 367.606,  3.523, 30.763
 59460, 361.713,  3.005, 29.156
 59520, 370.541,  3.206, 28.555
 59580, 367.162,  3.740, 26.634
 59640, 357.643,  5.228, 28.462
 59700, 357.291,  3.775, 27.972
 59760, 367.464,  3.485, 27.946
 59820, 352.502,  3.058, 23.569
 59880, 340.638,  3.014, 26.544
 59940, 336.984,  4.155, 26.342
 60000, 341.285,  3.358, 25.545
 60060, 341.966,  4.063, 26.363
 60120, 342.473,  3.660, 26.588
 60180, 340.591,  3.448, 26.372
 60240, 341.632,  3.945, 25.035
 60300, 349.909,  3.588, 26.200
 60360, 349.342,  3.707, 26.796
 60420, 345.096,  4.558, 25.139
 60480, 337.572,  4.062, 26.632
 60540, 346.482,  3.671, 26.752
 60600, 349.464,  3.905, 26.543
 60660, 345.402,  3.881, 27.062
 60720, 344.082,  4.116, 27.969
 60780, 338.484,  3.110, 24.964
 60840, 340.885,  4.018, 26.413
 60900, 332.497,  2.904, 24.729
 60960, 325.574,  3.303, 23.498
 61020, 316.998,  4.567, 23.432
 61080, 313.992,  3.718, 23.342
 61140, 335.204,  3.434, 24.599
 61200, 336.012,  3.451, 25.538
 61260, 333.830,  2.422, 25.463
 61320, 326.410,  3.688, 24.254
 61380, 330.551,  4.797, 26.230
 61440, 335.170,  5.087, 24.955
 61500, 342.081,  4.064, 25.241
 61560, 343.848,  3.764, 27.236
 61620, -9999.000, -9999.000, -9999.000
 61680, 346.639,  5.609, 30.719
 61740, 341.588,  4.148, 23.667
 61800, 347.883,  4.513, 25.665
 61860, 350.057,  3.546, 27.319
 61920, 333.322,  4.083, 26.691
 61980, 341.126,  3.886, 25.139
 62040, 340.401,  3.216, 28.023
 62100, 345.752,  2.321, 27.790
 62160, 346.566,  3.403, 26.519
 62220, 367.523,  4.553, 28.599
 62280, 352.700,  2.881, 27.390
 62340, 351.956,  4.428, 27.902
 62400, 349.877,  4.057, 26.683
 62460, 352.818,  4.227, 27.642
 62520, 347.740,  2.959, 24.738
 62580, 342.779,  3.933, 25.267
 62640, 340.117,  3.981, 26.802
 62700, 332.450,  3.540, 25.514
 62760, 346.316,  3.462, 26.581
 62820, 341.746,  4.217, 24.405
 62880, 336.727,  4.673, 25.283
 62940, 335.652,  3.617, 26.717
 63000, 348.523,  3.196, 26.698
 63060, 344.407,  3.454, 27.689
 63120, 335.746,  5.099, 26.247
 63180, 347.857,  3.117, 28.050
 63240, 341.172,  4.491, 26.640
 63300, 339.233,  3.775, 26.546
 63360, 330.881,  2.539, 25.844
 63420, 349.667,  3.687, 27.580
 63480, -9999.000, -9999.000, -9999.000
 63540, 347.170,  4.143, 28.126
 63600, 342.400,  2.764, 28.258
 63660, 345.509,  4.216, 25.605
 63720, 344.704,  4.256, 27.566
 63780, 346.373,  3.454, 26.145
 63840, 344.684,  4.660, 26.026
 63900, 346.130,  3.304, 26.237
 63960, 344.031,  3.347, 26.811
 64020, 336.791,  4.162, 26.292
 64080, 339.530,  3.042, 25.663
 64140, 339.982,  4.328, 25.114
 64200, 346.666,  2.674, 22.081
 64260, 358.116,  3.752, 28.012
 64320, 355.583,  4.453, 28.426
 64380, 364.769,  4.943, 29.369
 64440, 357.655,  2.918, 28.847
 64500, 370.431,  3.762, 29.586
 64560, 369.694,  3.109, 29.790
 64620, 366.069,  3.711, 28.729
 64680, 360.554,  4.654, 29.735
 64740, 358.119,  3.533, 26.924
 64800, 354.432,  3.432, 22.588
 64860, 357.142,  3.750, 27.280
 64920, 362.515,  3.842, 28.655
 64980, 362.198,  3.052, 26.513
 65040, 376.616,  4.202, 29.097
 65100, 378.564,  5.049, 30.088
 65160, 401.236,  5.315, 30.583
 65220, 406.751,  3.682, 31.874
 65280, 426.202,  3.408, 32.417
 65340, -9999.000, -9999.000, -9999.000
 65400, 412.178,  5.231, 34.756
 65460, 398.844,  5.132, 32.164
 65520, 411.857,  5.244, 30.056
 65580, 412.802,  3.290, 33.369
 65640, 430.119,  4.068, 34.135
 65700, 437.006,  4.569, 34.725
 65760, 440.121,  4.092, 37.056
 65820, 440.027,  5.133, 36.926
 65880, 436.499,  4.814, 36.070
 65940, 423.210,  3.714, 32.379
 66000, 415.650,  3.970, 33.227
 66060, 426.100,  4.526, 35.126
 66120, 419.542,  3.659, 33.532
 66180, 419.500,  3.929, 34.169
 66240, 416.135,  4.561, 33.745
 66300, 425.811,  4.409, 33.512
 66360, 424.949,  4.860, 32.536
 66420, 407.831,  4.582, 33.819
 66480, 408.719,  4.640, 31.894
 66540, 414.757,  3.706, 31.529
 66600, 410.637,  3.212, 34.260
 66660, 418.482,  5.303, 32.827
 66720, 427.280,  4.029, 33.085
 66780, 420.219,  4.663, 31.805
 66840, 413.167,  4.387, 33.285
 66900, 419.556,  4.645, 33.329
 66960, 413.368,  5.086, 31.893
 67020, 417.987,  3.760, 33.853
 67080, 417.780,  4.039, 33.092
 67140, 407.899,  3.627, 31.221
 67200, -9999.000, -9999.000, -9999.000
 67260, 405.362,  4.206, 31.632
 67320, 393.915,  3.827, 30.111
 67380, 408.876,  3.819, 32.484
 67440, 389.501,  3.855, 30.570
 67500, 375.156,  3.550, 27.291
 67560, 379.887,  4.258, 29.123
 67620, 392.264,  3.794, 29.797
 67680, 389.137,  4.103, 27.430
 67740, 380.147,  4.611, 27.867
 67800, 375.037,  3.949, 25.957
 67860, 368.777,  4.219, 26.745
 67920, 367.206,  4.659, 27.202
 67980, 360.861,  5.330, 27.260
 68040, 361.898,  5.048, 26.800
 68100, 353.827,  4.250, 28.276
 68160, 356.715,  3.209, 26.192
 68220, 356.694,  4.586, 24.382
 68280, 358.276,  4.239, 26.519
 68340, 352.413,  4.128, 27.195
 68400, 351.475,  4.963, 24.931
 68460, 343.744,  4.792, 25.417
 68520, 342.827,  3.618, 26.474
 68580, 346.910,  3.778, 24.052
 68640, 347.452,  3.664, 25.328
 68700, 341.818,  4.172, 26.155
 68760, 342.564,  4.059, 24.496
 68820, 333.454,  3.973, 23.359
 68880, 303.423,  3.422, 22.866
 68940, 308.061,  4.779, 23.174
 69000, 297.644,  3.751, 18.692
 69060, -9999.000, -9999.000, -9999.000
 69120, 289.071,  3.613, 19.785
 69180, 282.145,  3.625, 19.305
 69240, 280.656,  3.370, 18.259
 69300, 283.137,  4.213, 21.715
 69360, 282.224,  2.904, 19.394
 69420, 259.072,  3.186, 17.578
 69480, 270.976,  3.003, 18.098
 69540, 275.542,  3.539, 19.683
 69600, 278.278,  3.703, 19.337
 69660, 268.608,  3.483, 18.901
 69720, 254.566,  3.092, 15.613
 69780, 240.662,  2.682, 16.281
 69840, 233.293,  2.353, 13.794
 69900, 248.541,  2.344, 16.139
 69960, 266.076,  2.939, 17.750
 70020, 272.971,  3.260, 17.536
 70080, 266.369,  4.146, 18.741
 70140, 262.907,  4.085, 16.605
 70200, 262.549,  3.490, 17.195
 70260, 256.243,  3.826, 16.176
 70320, 251.062,  3.333, 17.216
 70380, 262.423,  2.988, 16.083
 70440, 255.346,  3.538, 17.788
 70500, 262.265,  3.556, 15.677
 70560, 253.546,  2.883, 15.119
 70620, 242.841,  2.659, 16.925
 70680, 235.579,  1.813, 16.157
 70740, 230.974,  1.969, 14.061
 70800, 230.732,  2.787, 15.354
 70860, 224.415,  3.747, 11.785
 70920, 217.610,  7.109, 14.080
 70980, 223.283,  3.471, 13.669
 71040, 218.453,  3.758, 14.353
 71100, 218.545,  1.447, 13.394
 71160, 219.627,  1.694, 12.887
 71220, 211.400,  3.189, 14.281
 71280, 211.122,  3.365, 11.238
 71340, 208.104,  2.351, 12.171
 71400, 185.451,  2.519, 10.760
 71460, 211.456,  4.147, 12.670
 71520, 198.898,  2.415, 11.301
 71580, 201.429,  2.328, 10.322
 71640, 202.903,  3.083, 11.500
 71700, 204.935,  3.509, 13.514
 71760, 233.208,  2.571, 13.738
 71820, 227.875,  3.447, 13.435
 71880, 225.481,  3.554, 16.439
 71940, 220.451,  2.671, 13.668
 72000, 221.895,  2.007, 13.844
 72060, 266.611,  3.312, 17.131
 72120, 284.348,  3.573, 22.221
 72180, 274.282,  3.405, 20.370
 72240, 260.025,  3.141, 17.944
 72300, 213.943,  3.111, 13.777
 72360, 196.116,  2.904, 11.501
 72420, 186.153,  1.435, 11.791
 72480, 182.034,  2.842, 11.431
 72540, 185.689,  3.160,  9.685
 72600, 178.072,  2.221, 11.163
 72660, 186.929,  2.607, 11.662
 72720, 193.192,  2.501, 11.351
 72780, -9999.000, -9999.000, -9999.000
 72840, 209.818,  2.201, 11.470
 72900, 194.680,  2.910, 13.864
 72960, 204.880,  2.916, 12.176
 73020, 205.584,  2.383, 12.686
 73080, 201.269,  2.901, 11.960
 73140, 185.019,  2.547,  9.835
 73200, 192.857,  2.345, 12.637
 73260, 240.543,  2.812, 18.406
 73320, 253.299,  3.836, 19.029
 73380, 262.649,  3.243, 21.333
 73440, 270.667,  4.014, 20.147
 73500, 290.857,  2.821, 23.674
 73560, 290.259,  3.894, 20.503
 73620, 287.721,  4.215, 21.068
 73680, 307.479,  3.079, 22.021
 73740, 302.295,  3.521, 23.702
 73800, 302.026,  2.973, 24.841
 73860, 325.144,  2.890, 26.627
 73920, 448.139,  3.081, 47.376
 73980, 479.583,  3.853, 50.089
 74040, 479.589,  2.843, 49.318
 74100, 488.254,  3.971, 51.927
 74160, 479.593,  3.510, 51.286
 74220, 480.094,  3.438, 50.484
 74280, 494.702,  4.435, 50.590
 74340, 501.416,  3.276, 52.223
 74400, 502.057,  3.330, 52.466
 74460, 474.822,  3.232, 48.732
 74520, 473.639,  3.559, 49.030
 74580, 467.281,  3.797, 45.891
 74640, 468.199,  2.319, 43.362
 74700, 449.009,  2.311, 45.251
 74760, 448.636,  3.570, 42.114
 74820, 413.369,  2.666, 38.084
 74880, 418.332,  3.579, 38.874
 74940, 407.009,  3.042, 37.421
 75000, 472.281,  3.927, 50.996
 75060, 529.873,  3.668, 62.527
 75120, 516.075,  5.048, 60.313
 75180, 457.713,  2.099, 52.477
 75240, 518.295,  3.401, 55.114
 75300, 578.156,  3.829, 69.916
 75360, 600.483,  3.376, 78.625
 75420, 555.799,  3.131, 72.017
 75480, 511.635,  3.298, 61.331
 75540, 478.330,  3.100, 59.728
 75600, 458.273,  2.739, 54.069
 75660, 469.282,  3.734, 54.907
 75720, 476.168,  3.795, 58.114
 75780, 524.298,  4.898, 75.710
 75840, 533.921,  2.595, 75.072
 75900, 530.365,  3.218, 77.784
 75960, 546.611,  4.799, 82.415
 76020, 522.284,  4.468, 78.585
 76080, 520.739,  4.245, 74.514
 76140, 499.100,  5.280, 68.065
 76200, 483.251,  3.261, 64.671
 76260, 498.807,  2.613, 68.424
 76320, 483.339,  3.569, 63.460
 76380, 467.970,  3.876, 62.485
 76440, -9999.000, -9999.000, -9999.000
 76500, 481.648,  6.571, 71.446
 76560, 537.117,  4.007, 81.853
 76620, 511.127,  3.559, 77.234
 76680, 494.412,  3.991, 70.641
 76740, 464.496,  3.960, 66.284
 76800, 456.392,  3.866, 64.626
 76860, 467.493,  3.949, 64.354
 76920, 448.928,  4.485, 60.906
 76980, 431.207,  3.219, 56.445
 77040, 441.744,  4.630, 58.329
 77100, 457.182,  3.191, 63.616
 77160, 476.445,  4.983, 64.989
 77220, 491.934,  3.864, 69.583
 77280, 474.810,  4.157, 67.322
 77340, 505.827,  4.402, 73.957
 77400, 489.885,  3.208, 72.249
 77460, 482.870,  3.457, 73.011
 77520, 465.831,  3.451, 71.278
 77580, 463.032,  3.940, 71.495
 77640, 471.953,  3.338, 74.861
 77700, 456.756,  3.425, 70.999
 77760, 444.080,  3.143, 68.407
 77820, 435.152,  2.969, 67.462
 77880, 424.716,  3.179, 68.817
 77940, 423.950,  3.431, 66.056
 78000, 419.085,  3.588, 61.453
 78060, 409.146,  3.684, 61.849
 78120, 430.723,  3.725, 62.087
 78180, 427.809,  3.510, 62.516
 78240, 435.608,  4.612, 60.738
 78300, 422.367,  1.786, 59.597
 78360, 408.267,  2.572, 55.646
 78420, 414.939,  3.471, 57.502
 78480, 367.119,  3.910, 49.668
 78540, 348.150,  3.395, 51.237
 78600, 364.942,  2.740, 50.604
 78660, 335.124,  3.139, 44.253
