CampaignData_and_Merges/R0/CSL_MobileLab_Parked/raw/20240721/USOS-NOAAIodideCIMS-HNO3_MobileLabGround_20240721_RA.ict
33, 1001
Michael A Robinson, Chris Jernigan, Subi Thakali
NOAA ESRL Chemical Sciences Laboratory and CIRES, U. of Colorado
NOAA Iodide CIMS Instrument
USOS
1, 1
2024, 07, 21, 2024, 07, 23
1
starttime_UTC, seconds_past_midnight, seconds_of_day_since_00:00:00_UTC
1
1
-9999
HNO3_NOAACIMS, pptv, Gas_HNO3_InSitu_S_AVMR, 
0
18
PI_CONTACT_INFO: 325 Broadway, R/CSD 7, Boulder, Colorado 80305; michael.a.robinson@noaa.gov; chris.jernigan@noaa.gov;
PLATFORM: NOAA CSL Mobile Lab
LOCATION: SLC, Utah
ASSOCIATED_DATA: 1Hz data also available on request.
INSTRUMENT_INFO: NOAA I- ToF CIMS
DATA_INFO: All data in parts per trillion by volume (pptv). 1 Hz data is available upon request.
UNCERTAINTY: TBD
ULOD_FLAG: -7777
ULOD_VALUE: N/A
LLOD_FLAG: -8888
LLOD_VALUE: N/A
DM_CONTACT_INFO: Nathan Howard; nathan.h.howard@noaa.gov
PROJECT_INFO: USOS, summer 2024. https://csl.noaa.gov/groups/csl7/measurements/2024usos/
STIPULATIONS_ON_USE: Users are strongly encouraged to contact the PI for proper data usage.
OTHER_COMMENTS: 
REVISION: RA
RA: Preliminary Data; For in-field use only
starttime_UTC, HNO3_NOAACIMS
[from data line 998]
 59880, 224.968
 59940, 222.290
 60000, 219.246
 60060, 224.403
 60120, 223.474
 60180, 222.917
 60240, 222.080
 60300, 219.955
 60360, 213.825
 60420, 215.256
 60480, 215.434
 60540, 212.296
 60600, 215.743
 60660, 219.026
 60720, 217.786
 60780, 212.715
 60840, 209.420
 60900, 210.976
 60960, 208.593
 61020, 216.454
 61080, 212.778
 61140, 205.051
 61200, 210.853
 61260, 208.506
 61320, 210.214
 61380, 209.981
 61440, 209.297
 61500, 208.334
 61560, 209.450
 61620, -9999.000
 61680, 236.751
 61740, 229.042
 61800, 231.832
 61860, 233.564
 61920, 233.996
 61980, 234.806
 62040, 236.462
 62100, 236.095
 62160, 234.084
 62220, 228.143
 62280, 234.342
 62340, 233.918
 62400, 234.208
 62460, 235.272
 62520, 233.757
 62580, 231.070
 62640, 233.541
 62700, 235.161
 62760, 230.064
 62820, 234.613
 62880, 236.760
 62940, 231.924
 63000, 236.187
 63060, 242.127
 63120, 241.109
 63180, 241.262
 63240, 242.425
 63300, 239.900
 63360, 242.123
 63420, 234.176
 63480, -9999.000
 63540, 253.089
 63600, 255.391
 63660, 252.747
 63720, 257.049
 63780, 253.273
 63840, 252.705
 63900, 249.820
 63960, 255.540
 64020, 253.560
 64080, 255.000
 64140, 254.765
 64200, 252.894
 64260, 261.947
 64320, 267.694
 64380, 261.630
 64440, 257.823
 64500, 256.201
 64560, 265.452
 64620, 265.719
 64680, 267.124
 64740, 269.000
 64800, 264.040
 64860, 270.347
 64920, 272.769
 64980, 276.741
 65040, 274.964
 65100, 270.387
 65160, 263.176
 65220, 259.601
 65280, 253.211
 65340, -9999.000
 65400, 269.267
 65460, 263.992
 65520, 257.305
 65580, 265.223
 65640, 264.662
 65700, 263.429
 65760, 269.817
 65820, 265.484
 65880, 263.966
 65940, 266.299
 66000, 262.597
 66060, 263.426
 66120, 261.894
 66180, 264.368
 66240, 262.263
 66300, 269.371
 66360, 272.407
 66420, 274.926
 66480, 280.079
 66540, 280.839
 66600, 285.861
 66660, 293.750
 66720, 298.950
 66780, 297.658
 66840, 299.370
 66900, 295.623
 66960, 298.458
 67020, 300.588
 67080, 308.676
 67140, 314.134
 67200, -9999.000
 67260, 320.591
 67320, 317.761
 67380, 317.799
 67440, 314.097
 67500, 325.623
 67560, 326.216
 67620, 326.628
 67680, 330.642
 67740, 325.602
 67800, 320.165
 67860, 328.295
 67920, 329.089
 67980, 331.098
 68040, 333.467
 68100, 326.793
 68160, 325.124
 68220, 326.399
 68280, 323.560
 68340, 327.032
 68400, 312.404
 68460, 310.591
 68520, 312.793
 68580, 315.247
 68640, 318.837
 68700, 325.042
 68760, 322.921
 68820, 312.531
 68880, 303.765
 68940, 317.162
 69000, 315.724
 69060, -9999.000
 69120, 335.103
 69180, 326.055
 69240, 323.596
 69300, 323.695
 69360, 321.490
 69420, 327.811
 69480, 326.895
 69540, 325.646
 69600, 320.757
 69660, 320.608
 69720, 313.541
 69780, 315.841
 69840, 329.889
 69900, 323.990
 69960, 316.138
 70020, 325.641
 70080, 330.552
 70140, 319.845
 70200, 322.763
 70260, 333.760
 70320, 338.087
 70380, 338.367
 70440, 339.205
 70500, 324.544
 70560, 315.908
 70620, 321.922
 70680, 325.586
 70740, 323.595
 70800, 321.140
 70860, 319.436
 70920, 312.443
 70980, 333.692
 71040, 329.443
 71100, 332.102
 71160, 342.085
 71220, 347.111
 71280, 338.086
 71340, 334.125
 71400, 335.572
 71460, 340.371
 71520, 344.889
 71580, 341.740
 71640, 322.644
 71700, 344.725
 71760, 376.002
 71820, 408.523
 71880, 411.832
 71940, 418.736
 72000, 424.517
 72060, 441.251
 72120, 482.869
 72180, 513.929
 72240, 512.896
 72300, 500.589
 72360, 447.741
 72420, 426.171
 72480, 400.659
 72540, 394.509
 72600, 393.939
 72660, 394.934
 72720, 396.761
 72780, -9999.000
 72840, 369.096
 72900, 371.766
 72960, 352.794
 73020, 370.131
 73080, 360.584
 73140, 341.008
 73200, 336.459
 73260, 338.488
 73320, 365.957
 73380, 381.088
 73440, 406.724
 73500, 445.385
 73560, 445.913
 73620, 463.057
 73680, 464.981
 73740, 502.964
 73800, 492.922
 73860, 517.746
 73920, 522.937
 73980, 590.652
 74040, 675.333
 74100, 711.308
 74160, 734.607
 74220, 749.199
 74280, 772.365
 74340, 812.155
 74400, 822.877
 74460, 807.500
 74520, 777.069
 74580, 784.589
 74640, 729.275
 74700, 756.285
 74760, 771.339
 74820, 768.714
 74880, 755.962
 74940, 738.766
 75000, 798.474
 75060, 880.896
 75120, 939.311
 75180, 1047.697
 75240, 1015.326
 75300, 1049.328
 75360, 1128.792
 75420, 1135.950
 75480, 995.797
 75540, 968.991
 75600, 972.565
 75660, 972.924
 75720, 873.807
 75780, 840.109
 75840, 799.070
 75900, 735.167
 75960, 705.398
 76020, 695.343
 76080, 698.310
 76140, 676.326
 76200, 727.412
 76260, 715.145
 76320, 723.045
 76380, 798.971
 76440, -9999.000
 76500, 599.314
 76560, 633.660
 76620, 680.912
 76680, 683.394
 76740, 698.648
 76800, 673.628
 76860, 644.944
 76920, 614.858
 76980, 627.072
 77040, 648.435
 77100, 645.315
 77160, 706.888
 77220, 746.410
 77280, 773.282
 77340, 790.065
 77400, 817.186
 77460, 842.871
 77520, 811.637
 77580, 768.334
 77640, 722.306
 77700, 708.548
 77760, 699.815
 77820, 695.981
 77880, 682.430
 77940, 633.723
 78000, 635.401
 78060, 646.320
 78120, 612.160
 78180, 635.183
 78240, 633.856
 78300, 631.592
 78360, 568.813
 78420, 587.352
 78480, 606.302
 78540, 628.734
 78600, 655.288
 78660, 694.325
 78720, 704.996
 78780, 691.674
 78840, 675.451
 78900, 653.330
 78960, 627.192
 79020, 677.150
 79080, 690.771
 79140, 660.755
 79200, 641.592
 79260, 637.924
 79320, 574.988
 79380, 580.698
 79440, 589.034
 79500, 593.353
 79560, 577.341
 79620, 554.264
 79680, 549.973
 79740, 520.930
 79800, 510.782
 79860, 508.847
 79920, 486.422
 79980, 455.275
 80040, 469.865
 80100, 469.771
 80160, -9999.000
 80220, 418.214
 80280, 415.073
 80340, 432.139
 80400, 452.726
 80460, 476.849
 80520, 454.037
 80580, 462.271
 80640, 460.980
 80700, 443.659
 80760, 442.462
 80820, 428.755
 80880, 439.275
 80940, 439.563
 81000, 427.292
 81060, 440.852
 81120, 431.412
 81180, 423.713
 81240, 440.133
 81300, 463.913
 81360, 467.237
 81420, 427.172
 81480, 393.134
 81540, 373.212
 81600, 374.642
 81660, 373.830
 81720, 374.790
 81780, 372.563
 81840, 381.450
 81900, 400.761
 81960, 391.552
 82020, -9999.000
 82080, 375.922
 82140, 372.973
 82200, 372.692
 82260, 361.420
 82320, 376.733
 82380, 373.485
 82440, 396.551
 82500, 405.644
 82560, 440.342
 82620, 450.370
 82680, 464.154
 82740, 455.987
 82800, 435.508
 82860, 424.438
 82920, 407.831
 82980, 380.421
 83040, 398.842
 83100, 400.860
 83160, 407.411
 83220, 394.194
 83280, 388.452
 83340, 406.222
 83400, 382.811
 83460, 380.058
 83520, 400.389
 83580, 403.334
 83640, 411.182
 83700, 403.487
 83760, 414.169
 83820, 428.474
 83880, -9999.000
 83940, 368.340
 84000, 389.929
 84060, 397.199
 84120, 387.622
 84180, 386.442
 84240, 377.830
 84300, 371.066
 84360, 374.552
 84420, 392.164
 84480, 419.220
 84540, 454.675
 84600, 471.092
 84660, 458.209
 84720, 456.849
 84780, 446.083
 84840, 449.510
 84900, 455.219
 84960, 442.478
 85020, 466.451
 85080, 467.218
 85140, 440.803
 85200, 436.643
 85260, 437.629
 85320, 448.293
 85380, 430.177
 85440, 415.249
 85500, 428.587
 85560, 441.066
 85620, 462.838
 85680, 486.496
 85740, -9999.000
 85800, 451.242
 85860, 416.146
 85920, 431.322
 85980, 457.203
 86040, 450.162
 86100, 451.891
 86160, 432.180
 86220, 437.679
 86280, 436.192
 86340, 432.736
