CampaignData_and_Merges/R0/CSL_MobileLab_Parked/raw/20240817/USOS-NOAAIodideCIMS-Halogens_MobileLabGround_20240817_RA.ict
38, 1001
Michael A Robinson, Chris Jernigan, Subi Thakali
NOAA ESRL Chemical Sciences Laboratory and CIRES, U. of Colorado
NOAA Iodide CIMS Instrument
USOS
1, 1
2024, 08, 17, 2024, 08, 20
1
starttime_UTC, seconds_past_midnight, seconds_of_day_since_00:00:00_UTC
6
1, 1, 1, 1, 1, 1
-9999, -9999, -9999, -9999, -9999, -9999
Br2_NOAACIMS, pptv, Gas_Br2_InSitu_S_AVMR, 
BrO_NOAACIMS, pptv, Gas_BrO_InSitu_S_AVMR, 
Cl2_NOAACIMS, pptv, Gas_Cl2_InSitu_S_AVMR, 
ClNO2_NOAACIMS, pptv, Gas_ClNO2_InSitu_S_AVMR, 
BrCl_NOAACIMS, pptv, Gas_BrCl_InSitu_S_AVMR, 
NCl3_NOAACIMS, pptv, Gas_NCl3_InSitu_S_AVMR, 
0
18
PI_CONTACT_INFO: 325 Broadway, R/CSD 7, Boulder, Colorado 80305; michael.a.robinson@noaa.gov; chris.jernigan@noaa.gov;
PLATFORM: NOAA CSL Mobile Lab
LOCATION: SLC, Utah
ASSOCIATED_DATA: 1Hz data also available on request.
INSTRUMENT_INFO: NOAA I- ToF CIMS
DATA_INFO: All data in parts per trillion by volume (pptv). 1 Hz data is available upon request.
UNCERTAINTY: TBD
ULOD_FLAG: -7777
ULOD_VALUE: N/A
LLOD_FLAG: -8888
LLOD_VALUE: N/A
DM_CONTACT_INFO: Nathan Howard; nathan.h.howard@noaa.gov
PROJECT_INFO: USOS, summer 2024. https://csl.noaa.gov/groups/csl7/measurements/2024usos/
STIPULATIONS_ON_USE: Users are strongly encouraged to contact the PI for proper data usage.
OTHER_COMMENTS: 
REVISION: RA
RA: Preliminary Data; For in-field use only
starttime_UTC, Br2_NOAACIMS, BrO_NOAACIMS, Cl2_NOAACIMS, ClNO2_NOAACIMS, BrCl_NOAACIMS, NCl3_NOAACIMS
[from data line 756]
 45360,  0.397, -0.025,  0.676,  1.345,  0.135, 17.847
 45420,  0.400, -0.029,  0.605,  1.281,  0.200, 17.668
 45480,  0.394,  0.026,  0.637,  1.271,  0.161, 16.106
 45540,  0.418, -0.024,  0.605,  1.224,  0.179, 15.673
 45600, -9999.000, -9999.000, -9999.000, -9999.000, -9999.000, -9999.000
 45660,  0.434, -0.035,  0.628,  1.136,  0.119, 13.391
 45720,  0.399,  0.022,  0.567,  1.135,  0.166, 14.260
 45780,  0.360, -0.018,  0.554,  1.097,  0.140, 14.539
 45840,  0.375,  0.030,  0.656,  1.187,  0.150, 14.750
 45900,  0.323,  0.040,  0.677,  1.230,  0.190, 16.223
 45960,  0.359, -0.016,  0.614,  1.184,  0.153, 15.664
 46020,  0.323, -0.064,  0.607,  1.100,  0.162, 14.466
 46080,  0.390,  0.057,  0.701,  1.252,  0.133, 15.312
 46140,  0.405,  0.003,  0.635,  1.194,  0.113, 15.216
 46200,  0.362,  0.071,  0.679,  1.151,  0.156, 15.791
 46260,  0.363, -0.010,  0.622,  1.223,  0.132, 15.144
 46320,  0.367, -0.000,  0.663,  1.250,  0.125, 14.799
 46380,  0.412, -0.007,  0.708,  1.264,  0.149, 15.367
 46440,  0.381,  0.015,  0.644,  1.327,  0.103, 15.139
 46500,  0.361, -0.027,  0.636,  1.263,  0.136, 14.476
 46560,  0.269, -0.013,  0.643,  1.237,  0.043, 15.532
 46620,  0.305,  0.001,  0.706,  1.323,  0.138, 16.868
 46680,  0.425,  0.044,  0.692,  1.321,  0.125, 16.422
 46740,  0.381,  0.073,  0.606,  1.204,  0.112, 15.206
 46800,  0.355,  0.020,  0.590,  1.235,  0.087, 14.769
 46860,  0.371, -0.013,  0.783,  1.267,  0.116, 14.477
 46920,  0.385,  0.015,  0.869,  1.132,  0.136, 13.570
 46980,  0.442,  0.007,  0.769,  1.263,  0.119, 14.338
 47040,  0.326,  0.040,  0.695,  1.248,  0.116, 14.613
 47100,  0.378,  0.080,  0.857,  1.295,  0.131, 16.203
 47160,  0.444,  0.100,  0.939,  1.173,  0.106, 13.785
 47220,  0.346,  0.094,  0.765,  1.118,  0.128, 12.063
 47280,  0.317,  0.040,  0.754,  1.087,  0.087, 11.824
 47340,  0.443,  0.025,  0.874,  1.079,  0.118, 10.817
 47400,  0.493,  0.039,  0.782,  1.130,  0.113, 10.961
 47460, -9999.000, -9999.000, -9999.000, -9999.000, -9999.000, -9999.000
 47520,  0.466,  0.067,  0.860,  1.060,  0.053, 10.263
 47580,  0.405,  0.079,  0.782,  1.084,  0.117,  9.710
 47640,  0.339,  0.053,  0.753,  1.088,  0.076,  9.586
 47700,  0.390,  0.018,  0.644,  1.069,  0.095,  9.230
 47760,  0.452,  0.014,  0.816,  1.077,  0.120,  9.354
 47820,  0.375,  0.060,  0.724,  1.029,  0.134,  8.820
 47880,  0.360,  0.056,  0.793,  1.042,  0.109,  8.771
 47940,  0.337,  0.036,  0.817,  1.015,  0.077,  8.190
 48000,  0.249,  0.055,  0.735,  0.951,  0.089,  8.629
 48060,  0.109, -0.005,  0.692,  1.139,  0.044,  9.958
 48120,  0.293, -0.000,  0.800,  0.956,  0.078,  8.553
 48180,  0.269,  0.039,  0.826,  0.979,  0.099,  9.383
 48240,  0.442,  0.005,  0.737,  1.001,  0.135,  8.281
 48300,  0.483,  0.022,  0.811,  0.905,  0.107,  6.616
 48360,  0.300,  0.010,  0.824,  0.890,  0.119,  6.314
 48420,  0.306, -0.040,  0.800,  0.917,  0.114,  6.533
 48480,  0.414,  0.032,  0.784,  0.885,  0.114,  5.707
 48540,  0.440,  0.041,  0.718,  0.917,  0.110,  6.227
 48600,  0.410,  0.073,  0.791,  0.885,  0.112,  5.665
 48660,  0.433,  0.023,  0.680,  0.827,  0.139,  5.427
 48720,  0.347,  0.006,  0.624,  0.861,  0.097,  4.800
 48780,  0.368,  0.013,  0.685,  0.779,  0.094,  4.741
 48840,  0.458,  0.032,  0.736,  0.849,  0.125,  4.433
 48900,  0.401,  0.012,  0.753,  0.811,  0.155,  4.277
 48960,  0.306,  0.009,  0.746,  0.754,  0.109,  4.383
 49020,  0.419, -0.057,  0.748,  0.756,  0.111,  3.863
 49080,  0.479, -0.005,  0.781,  0.818,  0.117,  3.898
 49140,  0.388,  0.032,  0.702,  0.802,  0.113,  3.558
 49200,  0.486,  0.037,  0.780,  0.774,  0.128,  3.618
 49260,  0.489,  0.010,  0.713,  0.844,  0.116,  3.158
 49320, -9999.000, -9999.000, -9999.000, -9999.000, -9999.000, -9999.000
 49380,  0.400, -0.060,  0.708,  0.771,  0.089,  2.898
 49440,  0.359,  0.042,  0.700,  0.720,  0.118,  2.806
 49500,  0.400, -0.007,  0.701,  0.754,  0.118,  2.571
 49560,  0.398,  0.010,  0.710,  0.788,  0.144,  2.588
 49620,  0.500,  0.003,  0.796,  0.723,  0.134,  2.443
 49680,  0.413,  0.019,  0.715,  0.739,  0.127,  2.642
 49740,  0.422, -0.067,  0.846,  0.762,  0.118,  2.837
 49800,  0.470,  0.029,  0.819,  0.765,  0.172,  2.689
 49860,  0.439, -0.039,  0.793,  0.761,  0.169,  2.571
 49920,  0.456, -0.040,  0.765,  0.738,  0.171,  2.630
 49980,  0.465, -0.026,  0.745,  0.660,  0.139,  1.933
 50040,  0.521, -0.028,  0.646,  0.673,  0.141,  2.101
 50100,  0.516, -0.067,  0.673,  0.733,  0.137,  1.849
 50160,  0.482, -0.012,  0.608,  0.812,  0.146,  1.446
 50220,  0.563, -0.062,  0.620,  0.721,  0.175,  1.343
 50280,  0.467,  0.005,  0.563,  0.666,  0.116,  1.010
 50340,  0.515, -0.042,  0.529,  0.632,  0.168,  1.112
 50400,  0.488,  0.038,  0.569,  0.678,  0.145,  0.973
 50460,  0.536, -0.005,  0.510,  0.639,  0.175,  0.845
 50520,  0.539, -0.099,  0.484,  0.648,  0.208,  0.971
 50580,  0.563, -0.011,  0.512,  0.668,  0.162,  0.704
 50640,  0.444, -0.021,  0.474,  0.667,  0.149,  0.595
 50700,  0.437, -0.058,  0.479,  0.653,  0.137,  0.728
 50760,  0.469, -0.050,  0.485,  0.637,  0.149,  0.902
 50820,  0.513, -0.002,  0.482,  0.624,  0.153,  0.829
 50880,  0.463, -0.083,  0.431,  0.612,  0.122,  0.660
 50940,  0.545, -0.048,  0.515,  0.618,  0.159,  0.702
 51000,  0.515, -0.080,  0.458,  0.579,  0.137,  0.719
 51060,  0.583, -0.013,  0.448,  0.670,  0.137,  0.722
 51120,  0.599, -0.092,  0.404,  0.684,  0.216,  0.724
 51180,  0.366,  0.027,  0.511,  0.662,  0.106,  0.546
 51240,  0.606, -0.015,  0.446,  0.562,  0.113,  0.810
 51300,  0.498, -0.021,  0.502,  0.561,  0.134,  0.657
 51360,  0.565, -0.035,  0.534,  0.570,  0.146,  0.706
 51420,  0.499, -0.063,  0.537,  0.610,  0.162,  0.614
 51480,  0.606, -0.003,  0.462,  0.544,  0.168,  0.465
 51540,  0.567, -0.042,  0.442,  0.610,  0.138,  0.438
 51600,  0.302, -0.080,  0.387,  0.591,  0.091,  0.334
 51660,  0.586,  0.032,  0.431,  0.545,  0.111,  0.277
 51720,  0.477,  0.005,  0.453,  0.545,  0.113,  0.192
 51780,  0.582, -0.024,  0.370,  0.597,  0.181,  0.221
 51840,  0.467, -0.030,  0.419,  0.521,  0.164,  0.236
 51900,  0.577, -0.076,  0.356,  0.553,  0.131,  0.337
 51960,  0.528, -0.025,  0.361,  0.532,  0.153,  0.246
 52020,  0.552,  0.008,  0.389,  0.549,  0.191,  0.223
 52080,  0.588, -0.006,  0.359,  0.473,  0.147,  0.324
 52140,  0.538,  0.043,  0.392,  0.502,  0.145,  0.308
 52200,  0.589,  0.060,  0.390,  0.526,  0.131,  0.239
 52260,  0.640,  0.029,  0.333,  0.595,  0.137,  0.212
 52320,  0.656,  0.035,  0.341,  0.520,  0.170,  0.259
 52380,  0.453,  0.029,  0.232,  0.495,  0.113,  0.190
 52440,  0.640,  0.015,  0.308,  0.464,  0.187,  0.396
 52500,  0.549,  0.046,  0.330,  0.530,  0.191,  0.781
 52560,  0.515, -0.032,  0.278,  0.576,  0.097,  0.722
 52620,  0.626,  0.086,  0.297,  0.540,  0.178,  0.581
 52680,  0.579,  0.068,  0.204,  0.513,  0.170,  0.214
 52740,  0.570,  0.064,  0.233,  0.426,  0.157,  0.170
 52800,  0.632,  0.036,  0.238,  0.493,  0.156,  0.165
 52860,  0.585,  0.063,  0.221,  0.450,  0.177,  0.197
 52920,  0.374, -0.006,  0.212,  0.438,  0.116,  0.144
 52980, -9999.000, -9999.000, -9999.000, -9999.000, -9999.000, -9999.000
 53040,  0.599, -0.004,  0.199,  0.384,  0.089,  0.244
 53100,  0.557,  0.047,  0.183,  0.487,  0.140,  0.164
 53160,  0.585,  0.056,  0.227,  0.490,  0.174,  0.152
 53220,  0.622,  0.026,  0.248,  0.431,  0.185,  0.164
 53280,  0.590,  0.112,  0.245,  0.445,  0.185,  0.118
 53340,  0.528,  0.140,  0.259,  0.418,  0.173,  0.091
 53400,  0.491,  0.106,  0.196,  0.403,  0.146,  0.220
 53460,  0.637,  0.050,  0.199,  0.439,  0.141,  0.151
 53520,  0.616,  0.057,  0.198,  0.342,  0.155,  0.125
 53580,  0.448, -0.027,  0.147,  0.424,  0.084,  0.077
 53640,  0.505,  0.071,  0.182,  0.450,  0.165,  0.089
 53700,  0.626,  0.084,  0.241,  0.400,  0.181,  0.135
 53760,  0.559,  0.086,  0.309,  0.370,  0.130,  0.111
 53820,  0.697,  0.100,  0.224,  0.396,  0.189,  0.152
 53880,  0.662,  0.116,  0.273,  0.396,  0.182,  0.146
 53940,  0.670,  0.129,  0.307,  0.374,  0.211,  0.091
 54000,  0.660,  0.103,  0.285,  0.396,  0.193,  0.103
 54060,  0.484,  0.087,  0.277,  0.401,  0.186,  0.120
 54120,  0.579,  0.054,  0.262,  0.357,  0.150,  0.131
 54180,  0.555,  0.037,  0.275,  0.397,  0.217,  0.117
 54240,  0.659,  0.088,  0.252,  0.362,  0.147,  0.159
 54300,  0.562,  0.096,  0.237,  0.399,  0.112,  0.166
 54360,  0.593,  0.096,  0.271,  0.345,  0.197,  0.131
 54420,  0.576,  0.047,  0.334,  0.377,  0.224,  0.136
 54480,  0.631,  0.097,  0.398,  0.404,  0.181,  0.130
 54540,  0.609,  0.060,  0.508,  0.409,  0.160,  0.118
 54600,  0.591,  0.071,  0.516,  0.398,  0.200,  0.175
 54660,  0.577,  0.172,  0.595,  0.365,  0.213,  0.163
 54720,  0.632,  0.037,  0.413,  0.369,  0.186,  0.195
 54780,  0.615,  0.101,  0.444,  0.387,  0.163,  0.188
 54840,  0.624,  0.090,  0.250,  0.410,  0.407,  0.251
 54900,  0.640,  0.167,  0.347,  0.328,  0.184,  0.270
 54960,  0.629,  0.079,  0.401,  0.366,  0.192,  0.235
 55020,  0.662,  0.106,  0.332,  0.350,  0.149,  0.152
 55080,  0.626,  0.064,  0.317,  0.263,  0.173,  0.119
 55140,  0.650,  0.140,  0.335,  0.334,  0.171,  0.138
 55200,  0.692,  0.091,  0.274,  0.363,  0.150,  0.203
 55260,  0.698,  0.074,  0.270,  0.312,  0.167,  0.171
 55320,  0.553,  0.091,  0.459,  0.345,  0.147,  0.152
 55380,  0.675,  0.078,  0.284,  0.344,  0.184,  0.151
 55440,  0.646,  0.088,  0.332,  0.328,  0.160,  0.167
 55500,  0.620,  0.101,  0.316,  0.329,  0.156,  0.118
 55560,  0.562,  0.019,  0.341,  0.284,  0.121,  0.093
 55620,  0.663,  0.030,  0.367,  0.297,  0.158,  0.062
 55680,  0.804,  0.132,  0.353,  0.233,  0.090,  0.144
 55740,  0.678,  0.027,  0.313,  0.278,  0.140,  0.098
 55800,  0.693,  0.131,  0.281,  0.276,  0.168,  0.093
 55860,  0.725,  0.059,  0.263,  0.235,  0.180,  0.059
 55920,  0.708,  0.039,  0.322,  0.261,  0.169,  0.105
 55980,  0.633,  0.075,  0.309,  0.321,  0.135,  0.081
 56040,  0.679,  0.019,  0.357,  0.270,  0.148,  0.056
 56100,  0.716,  0.092,  0.355,  0.221,  0.144,  0.016
 56160,  0.686,  0.038,  0.338,  0.203,  0.123,  0.052
 56220,  0.592,  0.070,  0.316,  0.273,  0.127,  0.070
 56280,  0.684,  0.038,  0.282,  0.245,  0.139,  0.046
 56340,  0.672,  0.028,  0.315,  0.286,  0.150,  0.066
 56400,  0.686,  0.043,  0.327,  0.247,  0.126,  0.062
 56460,  0.773,  0.064,  0.360,  0.203,  0.124, -0.019
 56520,  0.744,  0.034,  0.311,  0.242,  0.149,  0.014
 56580,  0.686,  0.101,  0.282,  0.236,  0.125,  0.076
 56640,  0.649,  0.040,  0.356,  0.207,  0.132,  0.027
 56700, -9999.000, -9999.000, -9999.000, -9999.000, -9999.000, -9999.000
 56760,  0.765,  0.119,  0.328,  0.208,  0.135,  0.098
 56820,  0.787, -0.007,  0.288,  0.189,  0.172,  0.035
 56880,  0.753,  0.042,  0.287,  0.216,  0.122,  0.076
 56940,  0.711,  0.096,  0.222,  0.263,  0.166,  0.099
 57000,  0.805,  0.047,  0.311,  0.237,  0.176,  0.035
 57060,  0.852,  0.155,  0.312,  0.222,  0.154,  0.038
 57120,  0.830,  0.056,  0.232,  0.247,  0.240,  0.062
 57180,  0.696,  0.070,  0.247,  0.218,  0.192,  0.113
 57240,  0.897,  0.134,  0.233,  0.166,  0.147,  0.056
 57300,  0.842,  0.090,  0.256,  0.188,  0.131,  0.078
 57360,  0.874,  0.136,  0.285,  0.193,  0.205,  0.111
 57420,  0.901,  0.182,  0.189,  0.234,  0.193,  0.079
 57480,  0.911,  0.136,  0.223,  0.230,  0.178,  0.060
 57540,  0.971,  0.114,  0.217,  0.216,  0.214,  0.123
 57600,  0.977,  0.106,  0.324,  0.199,  0.223,  0.099
 57660,  0.946,  0.124,  0.341,  0.185,  0.188,  0.109
 57720,  0.913,  0.060,  0.288,  0.230,  0.183,  0.058
 57780,  0.884,  0.177,  0.251,  0.197,  0.191,  0.101
 57840,  0.851,  0.132,  0.254,  0.206,  0.259,  0.110
 57900,  0.906,  0.135,  0.250,  0.203,  0.194,  0.059
 57960,  0.897,  0.098,  0.209,  0.207,  0.210,  0.150
 58020,  1.006,  0.132,  0.313,  0.190,  0.235,  0.164
 58080,  1.001,  0.085,  0.344,  0.215,  0.229,  0.180
 58140,  0.935,  0.138,  0.378,  0.270,  0.280,  0.105
 58200,  0.861,  0.100,  0.253,  0.202,  0.204,  0.133
 58260,  0.694,  0.067,  0.236,  0.198,  0.142,  0.078
 58320,  0.434, -0.001,  0.156,  0.122,  0.083,  0.048
 58380,  1.012,  0.210,  0.337,  0.274,  0.150,  0.162
 58440, -9999.000, -9999.000, -9999.000, -9999.000, -9999.000, -9999.000
 58500, -9999.000, -9999.000, -9999.000, -9999.000, -9999.000, -9999.000
 58560, -9999.000, -9999.000, -9999.000, -9999.000, -9999.000, -9999.000
 58620, -9999.000, -9999.000, -9999.000, -9999.000, -9999.000, -9999.000
 58680, -9999.000, -9999.000, -9999.000, -9999.000, -9999.000, -9999.000
 58740, -9999.000, -9999.000, -9999.000, -9999.000, -9999.000, -9999.000
 58800, -9999.000, -9999.000, -9999.000, -9999.000, -9999.000, -9999.000
 58860, -9999.000, -9999.000, -9999.000, -9999.000, -9999.000, -9999.000
 58920, -9999.000, -9999.000, -9999.000, -9999.000, -9999.000, -9999.000
 58980, -9999.000, -9999.000, -9999.000, -9999.000, -9999.000, -9999.000
 59040, -9999.000, -9999.000, -9999.000, -9999.000, -9999.000, -9999.000
 59100, -9999.000, -9999.000, -9999.000, -9999.000, -9999.000, -9999.000
 59160, -9999.000, -9999.000, -9999.000, -9999.000, -9999.000, -9999.000
 59220, -9999.000, -9999.000, -9999.000, -9999.000, -9999.000, -9999.000
 59280, -9999.000, -9999.000, -9999.000, -9999.000, -9999.000, -9999.000
 59340, -9999.000, -9999.000, -9999.000, -9999.000, -9999.000, -9999.000
 59400, -9999.000, -9999.000, -9999.000, -9999.000, -9999.000, -9999.000
 59460, -9999.000, -9999.000, -9999.000, -9999.000, -9999.000, -9999.000
 59520, -9999.000, -9999.000, -9999.000, -9999.000, -9999.000, -9999.000
 59580, -9999.000, -9999.000, -9999.000, -9999.000, -9999.000, -9999.000
 59640, -9999.000, -9999.000, -9999.000, -9999.000, -9999.000, -9999.000
 59700, -9999.000, -9999.000, -9999.000, -9999.000, -9999.000, -9999.000
 59760, -9999.000, -9999.000, -9999.000, -9999.000, -9999.000, -9999.000
 59820, -9999.000, -9999.000, -9999.000, -9999.000, -9999.000, -9999.000
 59880, -9999.000, -9999.000, -9999.000, -9999.000, -9999.000, -9999.000
 59940, -9999.000, -9999.000, -9999.000, -9999.000, -9999.000, -9999.000
 60000, -9999.000, -9999.000, -9999.000, -9999.000, -9999.000, -9999.000
 60060, -9999.000, -9999.000, -9999.000, -9999.000, -9999.000, -9999.000
 60120, -9999.000, -9999.000, -9999.000, -9999.000, -9999.000, -9999.000
 60180, -9999.000, -9999.000, -9999.000, -9999.000, -9999.000, -9999.000
 60240, -9999.000, -9999.000, -9999.000, -9999.000, -9999.000, -9999.000
 60300, -9999.000, -9999.000, -9999.000, -9999.000, -9999.000, -9999.000
 60360, -9999.000, -9999.000, -9999.000, -9999.000, -9999.000, -9999.000
 60420, -9999.000, -9999.000, -9999.000, -9999.000, -9999.000, -9999.000
 60480, -9999.000, -9999.000, -9999.000, -9999.000, -9999.000, -9999.000
 60540, -9999.000, -9999.000, -9999.000, -9999.000, -9999.000, -9999.000
 60600, -9999.000, -9999.000, -9999.000, -9999.000, -9999.000, -9999.000
 60660, -9999.000, -9999.000, -9999.000, -9999.000, -9999.000, -9999.000
 60720, -9999.000, -9999.000, -9999.000, -9999.000, -9999.000, -9999.000
 60780, -9999.000, -9999.000, -9999.000, -9999.000, -9999.000, -9999.000
 60840, -9999.000, -9999.000, -9999.000, -9999.000, -9999.000, -9999.000
 60900, -9999.000, -9999.000, -9999.000, -9999.000, -9999.000, -9999.000
 60960, -9999.000, -9999.000, -9999.000, -9999.000, -9999.000, -9999.000
 61020, -9999.000, -9999.000, -9999.000, -9999.000, -9999.000, -9999.000
 61080, -9999.000, -9999.000, -9999.000, -9999.000, -9999.000, -9999.000
 61140, -9999.000, -9999.000, -9999.000, -9999.000, -9999.000, -9999.000
 61200, -9999.000, -9999.000, -9999.000, -9999.000, -9999.000, -9999.000
 61260, -9999.000, -9999.000, -9999.000, -9999.000, -9999.000, -9999.000
 61320, -9999.000, -9999.000, -9999.000, -9999.000, -9999.000, -9999.000
 61380, -9999.000, -9999.000, -9999.000, -9999.000, -9999.000, -9999.000
 61440, -9999.000, -9999.000, -9999.000, -9999.000, -9999.000, -9999.000
 61500, -9999.000, -9999.000, -9999.000, -9999.000, -9999.000, -9999.000
 61560, -9999.000, -9999.000, -9999.000, -9999.000, -9999.000, -9999.000
