CampaignData_and_Merges/R0/CSL_MobileLab_Parked/raw/20240817/USOS-NOAAIodideCIMS-HNO2_MobileLabGround_20240817_RA.ict
33, 1001
Michael A Robinson, Chris Jernigan, Subi Thakali
NOAA ESRL Chemical Sciences Laboratory and CIRES, U. of Colorado
NOAA Iodide CIMS Instrument
USOS
1, 1
2024, 08, 17, 2024, 08, 20
1
starttime_UTC, seconds_past_midnight, seconds_of_day_since_00:00:00_UTC
1
1
-9999
HNO2_NOAACIMS, pptv, Gas_HNO2_InSitu_S_AVMR, 
0
18
PI_CONTACT_INFO: 325 Broadway, R/CSD 7, Boulder, Colorado 80305; michael.a.robinson@noaa.gov; chris.jernigan@noaa.gov;
PLATFORM: NOAA CSL Mobile Lab
LOCATION: SLC, Utah
ASSOCIATED_DATA: 1Hz data also available on request.
INSTRUMENT_INFO: NOAA I- ToF CIMS
DATA_INFO: All data in parts per trillion by volume (pptv). 1 Hz data is available upon request.
UNCERTAINTY: TBD
ULOD_FLAG: -7777
ULOD_VALUE: N/A
LLOD_FLAG: -8888
LLOD_VALUE: N/A
DM_CONTACT_INFO: Nathan Howard; nathan.h.howard@noaa.gov
PROJECT_INFO: USOS, summer 2024. https://csl.noaa.gov/groups/csl7/measurements/2024usos/
STIPULATIONS_ON_USE: Users are strongly encouraged to contact the PI for proper data usage.
OTHER_COMMENTS: 
REVISION: RA
RA: Preliminary Data; For in-field use only
starttime_UTC, HNO2_NOAACIMS
     0, 79.307
    60, 79.465
   120, 65.812
   180, 56.711
   240, 49.523
   300, 47.856
   360, 46.027
   420, 53.653
   480, 59.781
   540, 50.337
   600, 58.956
   660, 50.563
   720, 72.409
   780, 50.212
   840, 60.797
   900, 60.315
   960, 68.630
  1020, 47.362
  1080, 51.912
  1140, 33.459
  1200, 38.008
  1260, 43.764
  1320, 28.769
  1380, 33.438
  1440, 32.482
  1500, 32.137
  1560, -9999.000
  1620, -9999.000
  1680, -9999.000
  1740, -9999.000
  1800, -9999.000
  1860, -9999.000
  1920, -9999.000
  1980, -9999.000
  2040, -9999.000
  2100, -9999.000
  2160, -9999.000
  2220, -9999.000
  2280, -9999.000
  2340, -9999.000
  2400, -9999.000
  2460, -9999.000
  2520, -9999.000
  2580, -9999.000
  2640, -9999.000
  2700, -9999.000
  2760, -9999.000
  2820, -9999.000
  2880, -9999.000
  2940, -9999.000
  3000, -9999.000
  3060, -9999.000
  3120, -9999.000
  3180, -9999.000
  3240, -9999.000
  3300, -9999.000
  3360, -9999.000
  3420, -9999.000
  3480, -9999.000
  3540, -9999.000
  3600, -9999.000
  3660, -9999.000
  3720, -9999.000
  3780, -9999.000
  3840, -9999.000
  3900, -9999.000
  3960, -9999.000
  4020, -9999.000
  4080, -9999.000
  4140, -9999.000
  4200, -9999.000
  4260, -9999.000
  4320, -9999.000
  4380, -9999.000
  4440, -9999.000
  4500, -9999.000
  4560, -9999.000
  4620, -9999.000
  4680, -9999.000
  4740, -9999.000
  4800, -9999.000
  4860, -9999.000
  4920, -9999.000
  4980, -9999.000
  5040, -9999.000
  5100, -9999.000
  5160, -9999.000
  5220, -9999.000
  5280, -9999.000
  5340, -9999.000
  5400, -9999.000
  5460, -9999.000
  5520, -9999.000
  5580, -9999.000
  5640, -9999.000
  5700, -9999.000
  5760, -9999.000
  5820, -9999.000
  5880, -9999.000
  5940, -9999.000
  6000, -9999.000
  6060, -9999.000
  6120, -9999.000
  6180, -9999.000
  6240, -9999.000
  6300, -9999.000
  6360, -9999.000
  6420, -9999.000
  6480, -9999.000
  6540, -9999.000
  6600, -9999.000
  6660, -9999.000
  6720, -9999.000
  6780, -9999.000
  6840, -9999.000
  6900, -9999.000
  6960, -9999.000
  7020, -9999.000
  7080, -9999.000
  7140, -9999.000
  7200, -9999.000
  7260, -9999.000
  7320, -9999.000
  7380, -9999.000
  7440, -9999.000
  7500, -9999.000
  7560, -9999.000
  7620, -9999.000
  7680, -9999.000
  7740, -9999.000
  7800, -9999.000
  7860, -9999.000
  7920, -9999.000
  7980, -9999.000
  8040, -9999.000
  8100, -9999.000
  8160, -9999.000
  8220, -9999.000
  8280, -9999.000
  8340, -9999.000
  8400, -9999.000
  8460, -9999.000
  8520, -9999.000
  8580, -9999.000
  8640, -9999.000
  8700, -9999.000
  8760, -9999.000
  8820, -9999.000
  8880, -9999.000
  8940, -9999.000
  9000, -9999.000
  9060, -9999.000
  9120, -9999.000
  9180, -9999.000
  9240, -9999.000
  9300, -9999.000
  9360, -9999.000
  9420, -9999.000
  9480, -9999.000
  9540, -9999.000
  9600, -9999.000
  9660, -9999.000
  9720, -9999.000
  9780, -9999.000
  9840, -9999.000
  9900, -9999.000
  9960, -9999.000
 10020, -9999.000
 10080, -9999.000
 10140, -9999.000
 10200, -9999.000
 10260, -9999.000
 10320, -9999.000
 10380, -9999.000
 10440, -9999.000
 10500, -9999.000
 10560, -9999.000
 10620, -9999.000
 10680, -9999.000
 10740, -9999.000
 10800, -9999.000
 10860, -9999.000
 10920, -9999.000
 10980, -9999.000
 11040, -9999.000
 11100, -9999.000
 11160, -9999.000
 11220, -9999.000
 11280, -9999.000
 11340, -9999.000
 11400, -9999.000
 11460, -9999.000
 11520, -9999.000
 11580, -9999.000
 11640, -9999.000
 11700, -9999.000
 11760, -9999.000
 11820, -9999.000
 11880, -9999.000
 11940, -9999.000
 12000, -9999.000
 12060, -9999.000
 12120, -9999.000
 12180, -9999.000
 12240, -9999.000
 12300, -9999.000
 12360, -9999.000
 12420, -9999.000
 12480, -9999.000
 12540, -9999.000
 12600, -9999.000
 12660, -9999.000
 12720, -9999.000
 12780, -9999.000
 12840, -9999.000
 12900, -9999.000
 12960, -9999.000
 13020, -9999.000
 13080, -9999.000
 13140, -9999.000
 13200, -9999.000
 13260, -9999.000
 13320, -9999.000
 13380, -9999.000
 13440, -9999.000
 13500, -9999.000
 13560, -9999.000
 13620, -9999.000
 13680, -9999.000
 13740, -9999.000
 13800, -9999.000
 13860, -9999.000
 13920, -9999.000
 13980, -9999.000
 14040, -9999.000
 14100, -9999.000
 14160, -9999.000
 14220, -9999.000
 14280, -9999.000
 14340, -9999.000
 14400, -9999.000
 14460, -9999.000
 14520, -9999.000
 14580, -9999.000
 14640, -9999.000
 14700, -9999.000
 14760, -9999.000
 14820, -9999.000
 14880, -9999.000
 14940, -9999.000
 15000, -9999.000
 15060, -9999.000
 15120, -9999.000
 15180, -9999.000
 15240, -9999.000
 15300, -9999.000
 15360, -9999.000
 15420, -9999.000
 15480, -9999.000
 15540, -9999.000
 15600, -9999.000
 15660, -9999.000
 15720, -9999.000
 15780, -9999.000
 15840, -9999.000
 15900, -9999.000
 15960, -9999.000
 16020, -9999.000
 16080, -9999.000
 16140, -9999.000
 16200, -9999.000
 16260, -9999.000
 16320, -9999.000
 16380, -9999.000
 16440, -9999.000
 16500, -9999.000
 16560, -9999.000
 16620, -9999.000
 16680, -9999.000
 16740, -9999.000
 16800, -9999.000
 16860, -9999.000
 16920, -9999.000
 16980, -9999.000
 17040, -9999.000
 17100, -9999.000
 17160, -9999.000
 17220, -9999.000
 17280, -9999.000
 17340, -9999.000
 17400, -9999.000
 17460, -9999.000
 17520, -9999.000
 17580, -9999.000
 17640, -9999.000
 17700, -9999.000
 17760, -9999.000
 17820, -9999.000
 17880, -9999.000
 17940, -9999.000
 18000, -9999.000
 18060, -9999.000
 18120, -9999.000
 18180, -9999.000
 18240, -9999.000
 18300, -9999.000
 18360, -9999.000
 18420, -9999.000
 18480, -9999.000
 18540, -9999.000
 18600, -9999.000
 18660, -9999.000
 18720, -9999.000
 18780, -9999.000
 18840, -9999.000
 18900, -9999.000
 18960, -9999.000
 19020, -9999.000
 19080, -9999.000
 19140, -9999.000
 19200, -9999.000
 19260, -9999.000
 19320, -9999.000
 19380, -9999.000
 19440, -9999.000
 19500, -9999.000
 19560, -9999.000
 19620, -9999.000
 19680, -9999.000
 19740, -9999.000
 19800, -9999.000
 19860, -9999.000
 19920, -9999.000
 19980, -9999.000
 20040, -9999.000
 20100, -9999.000
 20160, -9999.000
 20220, -9999.000
 20280, -9999.000
 20340, -9999.000
 20400, -9999.000
 20460, -9999.000
 20520, -9999.000
 20580, -9999.000
 20640, -9999.000
 20700, -9999.000
 20760, -9999.000
 20820, -9999.000
 20880, -9999.000
 20940, -9999.000
 21000, -9999.000
 21060, -9999.000
 21120, -9999.000
 21180, -9999.000
 21240, -9999.000
 21300, -9999.000
 21360, -9999.000
 21420, -9999.000
 21480, -9999.000
 21540, -9999.000
 21600, -9999.000
 21660, -9999.000
 21720, -9999.000
 21780, -9999.000
 21840, -9999.000
 21900, -9999.000
 21960, -9999.000
 22020, -9999.000
 22080, -9999.000
 22140, -9999.000
 22200, -9999.000
 22260, -9999.000
 22320, -9999.000
 22380, -9999.000
 22440, -9999.000
 22500, -9999.000
 22560, -9999.000
 22620, -9999.000
 22680, -9999.000
 22740, -9999.000
 22800, -9999.000
 22860, 94.669
 22920, -9999.000
 22980, -9999.000
 23040, -9999.000
 23100, -9999.000
 23160, -9999.000
 23220, -9999.000
 23280, -9999.000
 23340, 209.356
 23400, 184.512
 23460, -9999.000
 23520, 189.654
 23580, 138.147
 23640, 155.402
 23700, 152.146
 23760, 128.473
 23820, 126.282
 23880, 124.002
 23940, 131.800
 24000, 181.594
 24060, 159.779
 24120, 188.067
 24180, 202.601
 24240, 198.052
 24300, 175.766
 24360, 136.639
 24420, 217.202
 24480, 168.814
 24540, 249.725
 24600, 200.667
 24660, 162.808
 24720, 148.021
 24780, 136.529
 24840, 144.700
 24900, 161.972
 24960, 168.369
 25020, 148.496
 25080, 118.156
 25140, 98.259
 25200, 108.901
 25260, 130.004
 25320, 153.974
 25380, 160.727
 25440, 192.702
 25500, 160.004
 25560, 171.440
 25620, 187.053
 25680, 195.258
 25740, 199.727
 25800, 239.872
 25860, 235.025
 25920, 184.913
 25980, 144.560
 26040, 122.594
 26100, 147.300
 26160, 167.789
 26220, 134.242
 26280, 118.473
 26340, 129.307
 26400, 144.986
 26460, 163.566
 26520, 165.011
 26580, 168.351
 26640, 180.791
 26700, 178.855
 26760, 132.826
 26820, 131.625
 26880, 125.968
 26940, 166.280
 27000, 156.870
 27060, 131.584
 27120, -9999.000
 27180, 179.724
 27240, 116.676
 27300, 252.135
 27360, 199.379
 27420, 140.496
 27480, 124.081
 27540, 120.649
 27600, 119.641
 27660, 97.496
 27720, 105.941
 27780, 105.626
 27840, 95.543
 27900, 103.025
 27960, 107.974
 28020, 105.361
 28080, 114.936
 28140, 109.825
 28200, 107.477
 28260, 97.696
 28320, 100.231
 28380, 99.829
 28440, 102.964
 28500, 109.524
 28560, 101.176
 28620, 92.247
 28680, 87.530
 28740, 82.491
 28800, 83.363
 28860, 92.387
 28920, 101.317
 28980, -9999.000
 29040, 105.980
 29100, 102.053
 29160, 103.702
 29220, 97.065
 29280, 106.907
 29340, 123.341
 29400, 131.913
 29460, 132.278
 29520, 151.621
 29580, 153.375
 29640, 143.855
 29700, 145.385
 29760, 198.547
 29820, 172.470
 29880, 153.842
 29940, 149.803
 30000, 159.130
 30060, 161.004
 30120, 171.782
 30180, 181.820
 30240, 154.090
 30300, 148.169
 30360, 142.445
 30420, 140.591
 30480, 147.899
 30540, 154.003
 30600, 153.596
 30660, 140.452
 30720, 127.380
 30780, 134.916
 30840, -9999.000
 30900, 134.454
 30960, 128.541
 31020, 121.143
 31080, 135.001
 31140, 137.200
 31200, 125.295
 31260, 134.079
 31320, 150.114
 31380, 133.312
 31440, 138.658
 31500, 139.469
 31560, 124.182
 31620, 117.220
 31680, 131.891
 31740, 125.145
 31800, 125.269
 31860, 126.020
 31920, 121.987
 31980, 117.189
 32040, 110.419
 32100, 120.244
 32160, 119.668
 32220, 111.421
 32280, 119.992
 32340, 103.232
 32400, 122.319
 32460, 115.210
 32520, 111.290
 32580, 105.557
 32640, 105.621
 32700, 109.077
 32760, 106.671
 32820, 122.118
 32880, 110.864
 32940, 114.093
 33000, 109.616
 33060, 109.367
 33120, 111.847
 33180, 103.892
 33240, 106.261
 33300, 109.435
 33360, 113.380
 33420, 110.907
 33480, 116.417
 33540, 110.751
 33600, 118.124
 33660, 118.466
 33720, 114.215
 33780, 108.622
 33840, 112.844
 33900, 103.659
 33960, 111.449
 34020, 112.299
 34080, 114.985
 34140, 127.173
 34200, 107.663
 34260, 112.928
 34320, 118.378
 34380, 121.410
 34440, 120.319
 34500, 104.357
 34560, 114.070
 34620, 116.903
 34680, 121.240
 34740, 134.250
 34800, 146.023
 34860, 136.563
 34920, 138.102
 34980, 144.267
 35040, 150.058
 35100, 153.424
 35160, 181.087
 35220, 202.202
 35280, 183.267
 35340, 161.968
 35400, 177.367
 35460, 196.297
 35520, 206.630
 35580, 204.677
 35640, 207.648
 35700, 196.463
 35760, 249.850
 35820, 251.554
 35880, 220.110
 35940, 208.392
 36000, 238.643
 36060, 247.240
 36120, 238.583
 36180, 248.038
 36240, 254.662
 36300, 248.148
 36360, 301.681
 36420, 277.342
 36480, 277.990
 36540, 227.080
 36600, 250.487
 36660, 257.405
 36720, 270.657
 36780, 252.760
 36840, 265.579
 36900, 266.417
 36960, 241.587
 37020, 232.714
 37080, 248.881
 37140, 222.520
 37200, 252.138
 37260, 258.320
 37320, 232.527
 37380, 241.076
 37440, 249.911
 37500, 229.017
 37560, 234.795
 37620, 319.231
 37680, 327.651
 37740, 228.756
 37800, 233.209
 37860, 235.015
 37920, 222.666
 37980, 238.693
 38040, 229.893
 38100, 273.880
 38160, 254.803
 38220, -9999.000
 38280, 414.098
 38340, 316.479
 38400, 388.572
 38460, 324.829
 38520, 272.814
 38580, 285.447
 38640, 288.559
 38700, 257.946
 38760, 300.644
 38820, 303.787
 38880, 315.273
 38940, 285.601
 39000, 261.927
 39060, 582.384
 39120, 385.889
 39180, 451.683
 39240, 354.095
 39300, 328.836
 39360, 297.420
 39420, 287.525
 39480, 295.837
 39540, 272.299
 39600, 293.401
 39660, 283.906
 39720, 292.423
 39780, 296.939
 39840, 275.691
 39900, 291.778
 39960, 297.291
 40020, 290.693
 40080, 335.433
 40140, 321.818
 40200, 305.555
 40260, 326.275
 40320, 327.122
 40380, 324.955
 40440, 327.992
 40500, 332.617
 40560, 341.001
 40620, 329.629
 40680, 335.750
 40740, 337.553
 40800, 331.245
 40860, 321.091
 40920, 332.774
 40980, 334.191
 41040, 324.577
 41100, 290.517
 41160, 313.700
 41220, 347.985
 41280, 337.477
 41340, 324.124
 41400, 309.429
 41460, 307.283
 41520, 313.363
 41580, 308.018
 41640, 302.589
 41700, 313.777
 41760, 331.669
 41820, 324.885
 41880, 322.429
 41940, -9999.000
 42000, 290.024
 42060, 294.782
 42120, 282.759
 42180, 276.033
 42240, 287.985
 42300, 282.904
 42360, 291.893
 42420, 283.278
 42480, 296.910
 42540, 287.056
 42600, 275.951
 42660, 297.931
 42720, 314.845
 42780, 323.412
 42840, 304.978
 42900, 309.437
 42960, 319.682
 43020, 321.816
 43080, 320.895
 43140, 326.531
 43200, 341.338
 43260, 367.863
 43320, 331.570
 43380, 308.287
 43440, 318.366
 43500, 319.104
 43560, 312.059
 43620, 308.727
 43680, 304.955
 43740, 307.024
 43800, 317.445
 43860, 299.719
 43920, 295.727
 43980, 291.093
 44040, 293.649
 44100, 308.421
 44160, 294.562
 44220, 295.453
 44280, 282.757
 44340, 299.171
 44400, 299.137
 44460, 309.515
 44520, 319.070
 44580, 321.075
 44640, 326.023
 44700, 303.442
 44760, 304.886
 44820, 309.925
 44880, 335.829
 44940, 331.853
 45000, 348.524
 45060, 340.029
 45120, 335.328
 45180, 319.061
 45240, 331.593
 45300, 340.698
 45360, 335.676
 45420, 342.871
 45480, 343.620
 45540, 332.248
 45600, -9999.000
 45660, 367.025
 45720, 353.969
 45780, 366.650
 45840, 365.753
 45900, 314.754
 45960, 351.068
 46020, 342.389
 46080, 315.345
 46140, 344.518
 46200, 343.364
 46260, 358.102
 46320, 351.486
 46380, 360.583
 46440, 342.378
 46500, 345.034
 46560, 362.453
 46620, 377.987
 46680, 376.792
 46740, 370.121
 46800, 374.813
 46860, 333.133
 46920, 298.641
 46980, 314.132
 47040, 306.491
 47100, 289.056
 47160, 259.589
 47220, 277.366
 47280, 265.671
 47340, 239.800
 47400, 230.780
 47460, -9999.000
 47520, 230.436
 47580, 239.757
 47640, 236.975
 47700, 238.809
 47760, 214.415
 47820, 218.042
 47880, 214.885
 47940, 202.041
 48000, 207.508
 48060, 219.020
 48120, 202.395
 48180, 211.428
 48240, 197.585
 48300, 185.044
 48360, 203.448
 48420, 202.051
 48480, 176.618
 48540, 201.115
 48600, 192.978
 48660, 196.099
 48720, 234.194
 48780, 213.763
 48840, 190.156
 48900, 179.167
 48960, 185.881
 49020, 185.859
 49080, 154.268
 49140, 141.939
 49200, 141.740
 49260, 133.938
 49320, -9999.000
 49380, 143.849
 49440, 147.395
 49500, 155.429
 49560, 147.440
 49620, 163.642
 49680, 136.190
 49740, 135.946
 49800, 131.349
 49860, 132.691
 49920, 133.555
 49980, 127.158
 50040, 131.680
 50100, 119.862
 50160, 110.120
 50220, 120.362
 50280, 104.208
 50340, 117.194
 50400, 114.174
 50460, 110.515
 50520, 120.338
 50580, 109.702
 50640, 109.591
 50700, 116.724
 50760, 131.652
 50820, 141.083
 50880, 157.112
 50940, 153.577
 51000, 139.190
 51060, 142.001
 51120, 146.795
 51180, 161.293
 51240, 160.300
 51300, 165.293
 51360, 174.846
 51420, 160.302
 51480, 153.179
 51540, 155.370
 51600, 145.031
 51660, 145.885
 51720, 126.018
 51780, 139.534
 51840, 114.507
 51900, 105.758
 51960, 112.364
 52020, 107.513
 52080, 137.725
 52140, 157.477
 52200, 110.661
 52260, 114.755
 52320, 110.955
 52380, 109.554
 52440, 122.147
 52500, 126.864
 52560, 128.645
 52620, 131.477
 52680, 94.449
 52740, 86.170
 52800, 83.979
 52860, 93.973
 52920, 120.123
 52980, -9999.000
 53040, 128.313
 53100, 107.831
 53160, 91.524
 53220, 121.534
 53280, 123.521
 53340, 126.471
 53400, 130.594
 53460, 115.285
 53520, 128.005
 53580, 104.729
 53640, 113.832
 53700, 128.054
 53760, 140.766
 53820, 148.782
 53880, 141.895
 53940, 143.585
 54000, 107.640
 54060, 97.247
 54120, 99.078
 54180, 133.565
 54240, 131.993
 54300, 131.939
 54360, 134.681
 54420, 131.943
 54480, 144.849
 54540, 160.363
 54600, 146.473
 54660, 141.248
 54720, 127.827
 54780, 127.065
 54840, 143.696
 54900, 118.426
 54960, 106.241
 55020, 108.853
 55080, 125.734
 55140, 122.978
 55200, 99.899
 55260, 106.460
 55320, 122.306
 55380, 119.536
 55440, 119.580
 55500, 119.829
 55560, 108.865
 55620, 123.043
 55680, 101.085
 55740, 82.014
 55800, 90.091
 55860, 105.339
 55920, 149.403
 55980, 144.005
 56040, 131.571
 56100, 102.916
 56160, 99.680
 56220, 86.734
 56280, 99.050
 56340, 107.141
 56400, 91.704
 56460, 92.854
 56520, 96.740
 56580, 93.895
 56640, 86.212
 56700, -9999.000
 56760, 97.263
 56820, 83.079
 56880, 94.047
 56940, 106.017
 57000, 80.534
 57060, 80.812
 57120, 79.207
 57180, 86.652
 57240, 78.819
 57300, 73.054
 57360, 72.117
