CampaignData_and_Merges/R0/CSL_MobileLab_Parked/raw/20240817/USOS-NOy-LIF_MobileLabGround_20240817_R0.ict
39,1001
Rollins, A.; Waxman, E.; Zuraski, K.; Chace, W.
NOAA Chemical Sciences Laboratory
LIF NO/NOx/NOy on CSL Mobile Lab
AMMBEC / USOS
1, 1
2024,08,17, 2025,01,06
1
Time_Start, seconds, number_of_seconds_since_0000_UTC
7
1, 1, 1, 1, 1, 1, 1
-9999, -9999, -9999, -9999, -9999, -9999, -9999
Time_Stop, seconds, number_of_seconds_since_0000_UTC
NO_LIF, pptv, Gas_NO_InSitu_S_AVMR, volume mixing ratio of nitric oxide in air
NO2_LIF, pptv, Gas_NO2_InSitu_S_AVMR, volume mixing ratio of nitrogen dioxide in air
NOy_LIF, pptv, Gas_NOy_InSitu_S_AVMR, volume mixing ratio of total oxidized nitrogen in air
NO_LIF_1SigmaAccuracy, pptv, Gas_NO_InSitu_S_AVMR, volume mixing ratio of nitric oxide in air
NO2_LIF_1SigmaAccuracy, pptv, Gas_NO2_InSitu_S_AVMR, volume mixing ratio of nitrogen dioxide in air
NOy_LIF_1SigmaAccuracy, pptv, Gas_NOy_InSitu_S_AVMR, volume mixing ratio of total oxidized nitrogen in air
0
18
PI_CONTACT_INFO: andrew.rollins@noaa.gov
PLATFORM: CSL Mobile Lab
LOCATION: Salt Lake City, UT
ASSOCIATED_DATA:
INSTRUMENT_INFO: NO detection by laser induced fluorescence. NO2 detection by photolytic conversion to NO. NOy detection by catalytic conversion to NO on gold surface
DATA_INFO:
UNCERTAINTY: Included 1 Sigma Accuracy waves represent the combined calibration uncertainties (±6%, ±9%, ±10%) and zero uncertainties (3 ppt, 20 ppt, 100 ppt) for NO, NO2, and NOy, respectively.
ULOD_FLAG: -7777
ULOD_VALUE: N/A
LLOD_FLAG: -8888
LLOD_VALUE: N/A
DM_CONTACT_INFO: andrew.rollins@noaa.gov
PROJECT_INFO: USOS Project, July - August 2024
STIPULATIONS_ON_USE: Users are strongly encouraged to contact the PI for proper data usage.
OTHER_COMMENTS:
REVISION: R0
R0: final data
Time_Start, Time_Stop, NO_LIF, NO2_LIF, NOy_LIF, NO_LIF_1SigmaAccuracy, NO2_LIF_1SigmaAccuracy, NOy_LIF_1SigmaAccuracy
[from data line 276]
   16560,   16620,-9999,-9999,-9999,-9999, -9999, -9999
   16620,   16680,-9999,-9999,-9999,-9999, -9999, -9999
   16680,   16740,-9999,-9999,-9999,-9999, -9999, -9999
   16740,   16800,-9999,-9999,-9999,-9999, -9999, -9999
   16800,   16860,-9999,-9999,-9999,-9999, -9999, -9999
   16860,   16920,-9999,-9999,-9999,-9999, -9999, -9999
   16920,   16980,-9999,-9999,-9999,-9999, -9999, -9999
   16980,   17040,-9999,-9999,-9999,-9999, -9999, -9999
   17040,   17100,-9999,-9999,-9999,-9999, -9999, -9999
   17100,   17160,-9999,-9999,-9999,-9999, -9999, -9999
   17160,   17220,-9999,-9999,-9999,-9999, -9999, -9999
   17220,   17280,-9999,-9999,-9999,-9999, -9999, -9999
   17280,   17340,-9999,-9999,-9999,-9999, -9999, -9999
   17340,   17400,-9999,-9999,-9999,-9999, -9999, -9999
   17400,   17460,-9999,-9999,-9999,-9999, -9999, -9999
   17460,   17520,-9999,-9999,-9999,-9999, -9999, -9999
   17520,   17580,-9999,-9999,-9999,-9999, -9999, -9999
   17580,   17640,-9999,-9999,-9999,-9999, -9999, -9999
   17640,   17700,-9999,-9999,-9999,-9999, -9999, -9999
   17700,   17760,-9999,-9999,-9999,-9999, -9999, -9999
   17760,   17820,-9999,-9999,-9999,-9999, -9999, -9999
   17820,   17880,-9999,-9999,-9999,-9999, -9999, -9999
   17880,   17940,-9999,-9999,-9999,-9999, -9999, -9999
   17940,   18000,-9999,-9999,-9999,-9999, -9999, -9999
   18000,   18060,-9999,-9999,-9999,-9999, -9999, -9999
   18060,   18120,-9999,-9999,-9999,-9999, -9999, -9999
   18120,   18180,-9999,-9999,-9999,-9999, -9999, -9999
   18180,   18240,-9999,-9999,-9999,-9999, -9999, -9999
   18240,   18300,-9999,-9999,-9999,-9999, -9999, -9999
   18300,   18360,-9999,-9999,-9999,-9999, -9999, -9999
   18360,   18420,-9999,-9999,-9999,-9999, -9999, -9999
   18420,   18480,-9999,-9999,-9999,-9999, -9999, -9999
   18480,   18540,-9999,-9999,-9999,-9999, -9999, -9999
   18540,   18600,-9999,-9999,-9999,-9999, -9999, -9999
   18600,   18660,-9999,-9999,-9999,-9999, -9999, -9999
   18660,   18720,-9999,-9999,-9999,-9999, -9999, -9999
   18720,   18780,-9999,-9999,-9999,-9999, -9999, -9999
   18780,   18840,-9999,-9999,-9999,-9999, -9999, -9999
   18840,   18900,-9999,-9999,-9999,-9999, -9999, -9999
   18900,   18960,-9999,-9999,-9999,-9999, -9999, -9999
   18960,   19020,-9999,-9999,-9999,-9999, -9999, -9999
   19020,   19080,-9999,-9999,-9999,-9999, -9999, -9999
   19080,   19140,-9999,-9999,-9999,-9999, -9999, -9999
   19140,   19200,-9999,-9999,-9999,-9999, -9999, -9999
   19200,   19260,-9999,-9999,-9999,-9999, -9999, -9999
   19260,   19320,-9999,-9999,-9999,-9999, -9999, -9999
   19320,   19380,-9999,-9999,-9999,-9999, -9999, -9999
   19380,   19440,-9999,-9999,-9999,-9999, -9999, -9999
   19440,   19500,-9999,-9999,-9999,-9999, -9999, -9999
   19500,   19560,-9999,-9999,-9999,-9999, -9999, -9999
   19560,   19620,-9999,-9999,-9999,-9999, -9999, -9999
   19620,   19680,-9999,-9999,-9999,-9999, -9999, -9999
   19680,   19740,-9999,-9999,-9999,-9999, -9999, -9999
   19740,   19800,-9999,-9999,-9999,-9999, -9999, -9999
   19800,   19860,-9999,-9999,-9999,-9999, -9999, -9999
   19860,   19920,-9999,-9999,-9999,-9999, -9999, -9999
   19920,   19980,-9999,-9999,-9999,-9999, -9999, -9999
   19980,   20040,-9999,-9999,-9999,-9999, -9999, -9999
   20040,   20100,-9999,-9999,-9999,-9999, -9999, -9999
   20100,   20160,-9999,-9999,-9999,-9999, -9999, -9999
   20160,   20220,-9999,-9999,-9999,-9999, -9999, -9999
   20220,   20280,-9999,-9999,-9999,-9999, -9999, -9999
   20280,   20340,-9999,-9999,-9999,-9999, -9999, -9999
   20340,   20400,-9999,-9999,-9999,-9999, -9999, -9999
   20400,   20460,-9999,-9999,-9999,-9999, -9999, -9999
   20460,   20520,-9999,-9999,-9999,-9999, -9999, -9999
   20520,   20580,-9999,-9999,-9999,-9999, -9999, -9999
   20580,   20640,-9999,-9999,-9999,-9999, -9999, -9999
   20640,   20700,-9999,-9999,-9999,-9999, -9999, -9999
   20700,   20760,-9999,-9999,-9999,-9999, -9999, -9999
   20760,   20820,-9999,-9999,-9999,-9999, -9999, -9999
   20820,   20880,-9999,-9999,-9999,-9999, -9999, -9999
   20880,   20940,-9999,-9999,-9999,-9999, -9999, -9999
   20940,   21000,-9999,-9999,-9999,-9999, -9999, -9999
   21000,   21060,-9999,-9999,-9999,-9999, -9999, -9999
   21060,   21120,-9999,-9999,-9999,-9999, -9999, -9999
   21120,   21180,-9999,-9999,-9999,-9999, -9999, -9999
   21180,   21240,-9999,-9999,-9999,-9999, -9999, -9999
   21240,   21300,-9999,-9999,-9999,-9999, -9999, -9999
   21300,   21360,-9999,-9999,-9999,-9999, -9999, -9999
   21360,   21420,-9999,-9999,-9999,-9999, -9999, -9999
   21420,   21480,-9999,-9999,-9999,-9999, -9999, -9999
   21480,   21540,-9999,-9999,-9999,-9999, -9999, -9999
   21540,   21600,-9999,-9999,-9999,-9999, -9999, -9999
   21600,   21660,-9999,-9999,-9999,-9999, -9999, -9999
   21660,   21720,-9999,-9999,-9999,-9999, -9999, -9999
   21720,   21780,-9999,-9999,-9999,-9999, -9999, -9999
   21780,   21840,-9999,-9999,-9999,-9999, -9999, -9999
   21840,   21900,-9999,-9999,-9999,-9999, -9999, -9999
   21900,   21960,-9999,-9999,-9999,-9999, -9999, -9999
   21960,   22020,-9999,-9999,-9999,-9999, -9999, -9999
   22020,   22080,-9999,-9999,-9999,-9999, -9999, -9999
   22080,   22140,-9999,-9999,-9999,-9999, -9999, -9999
   22140,   22200,-9999,-9999,-9999,-9999, -9999, -9999
   22200,   22260,296.98,9593.5,10621,20.819, 883.41, 1162.1
   22260,   22320,209.82,8857.4,10066,15.589, 817.16, 1106.6
   22320,   22380,211.7,7376.6,8851.5,15.702, 683.9, 985.15
   22380,   22440,316.87,8834.5,9860,22.012, 815.11, 1086
   22440,   22500,256.97,9783.6,10755,18.418, 900.52, 1175.5
   22500,   22560,158.56,9151.8,9987.6,12.514, 843.66, 1098.8
   22560,   22620,104.24,8919.7,10244,9.2547, 822.77, 1124.4
   22620,   22680,51.376,7110.7,9059.8,6.0825, 659.96, 1006
   22680,   22740,58.906,7122.1,8787,6.5344, 660.99, 978.7
   22740,   22800,-9999,-9999,-9999,-9999, -9999, -9999
   22800,   22860,-9999,-9999,-9999,-9999, -9999, -9999
   22860,   22920,-9999,-9999,-9999,-9999, -9999, -9999
   22920,   22980,-9999,-9999,-9999,-9999, -9999, -9999
   22980,   23040,-9999,-9999,-9999,-9999, -9999, -9999
   23040,   23100,-9999,-9999,-9999,-9999, -9999, -9999
   23100,   23160,-9999,-9999,-9999,-9999, -9999, -9999
   23160,   23220,-9999,-9999,-9999,-9999, -9999, -9999
   23220,   23280,-9999,-9999,-9999,-9999, -9999, -9999
   23280,   23340,-9999,-9999,-9999,-9999, -9999, -9999
   23340,   23400,-9999,-9999,-9999,-9999, -9999, -9999
   23400,   23460,-9999,-9999,-9999,-9999, -9999, -9999
   23460,   23520,17.733,9286.7,10466,4.064, 855.81, 1146.6
   23520,   23580,20.126,8891.7,9995.5,4.2076, 820.25, 1099.6
   23580,   23640,1551.4,9806.2,13425,96.085, 902.55, 1442.5
   23640,   23700,55.963,9071.4,10679,6.3578, 836.43, 1167.9
   23700,   23760,216.6,10281,11394,15.996, 945.26, 1239.4
   23760,   23820,169.95,9749.8,11490,13.197, 897.48, 1249
   23820,   23880,-9999,-9999,-9999,-9999, -9999, -9999
   23880,   23940,-9999,-9999,-9999,-9999, -9999, -9999
   23940,   24000,-9999,-9999,-9999,-9999, -9999, -9999
   24000,   24060,-9999,-9999,-9999,-9999, -9999, -9999
   24060,   24120,-9999,-9999,-9999,-9999, -9999, -9999
   24120,   24180,-9999,-9999,-9999,-9999, -9999, -9999
   24180,   24240,-9999,-9999,-9999,-9999, -9999, -9999
   24240,   24300,160.5,10753,13206,12.63, 987.78, 1420.6
   24300,   24360,36.124,9421.9,12961,5.1674, 867.97, 1396.1
   24360,   24420,34.339,7686.2,11744,5.0603, 711.76, 1274.4
   24420,   24480,38.398,7319.9,11274,5.3039, 678.79, 1227.4
   24480,   24540,73.799,9009.3,11376,7.4279, 830.83, 1237.6
   24540,   24600,347.76,7970.7,17485,23.865, 737.36, 1848.5
   24600,   24660,435.45,10280,12775,29.127, 945.22, 1377.5
   24660,   24720,21.08,7179.7,9992.6,4.2648, 666.17, 1099.3
   24720,   24780,23.993,5851.7,8349.5,4.4396, 546.65, 934.95
   24780,   24840,66.936,6101.8,9377,7.0162, 569.16, 1037.7
   24840,   24900,107.48,6378.6,10563,9.4487, 594.07, 1156.3
   24900,   24960,83.933,6081.1,10998,8.036, 567.29, 1199.8
   24960,   25020,113.8,7682.9,10249,9.8278, 711.46, 1124.9
   25020,   25080,74.083,6986.5,9394.7,7.445, 648.78, 1039.5
   25080,   25140,26.231,6371.4,8906.7,4.5739, 593.43, 990.67
   25140,   25200,11.071,4575.9,7260.8,3.6642, 431.83, 826.08
   25200,   25260,13.271,4438,6443.5,3.7963, 419.42, 744.35
   25260,   25320,34.241,5716.1,6913.1,5.0545, 534.45, 791.31
   25320,   25380,70.673,7375.9,8549.9,7.2404, 683.83, 954.99
   25380,   25440,78.897,7822.3,10464,7.7338, 724, 1146.4
   25440,   25500,58.869,8418,10877,6.5321, 777.62, 1187.7
   25500,   25560,25.771,7854.1,9501.7,4.5462, 726.87, 1050.2
   25560,   25620,11.784,6883.3,9955.4,3.7071, 639.5, 1095.5
   25620,   25680,24.916,7827.2,10164,4.495, 724.44, 1116.4
   25680,   25740,16.28,8458.6,10132,3.9768, 781.27, 1113.2
   25740,   25800,21.281,7678.2,9605.5,4.2769, 711.03, 1060.6
   25800,   25860,117.22,9242.4,10569,10.033, 851.81, 1156.9
   25860,   25920,29.374,8254.2,9797.3,4.7624, 762.88, 1079.7
   25920,   25980,15.615,7935.9,9519.6,3.9369, 734.23, 1052
   25980,   26040,147.06,6751.8,10123,11.824, 627.66, 1112.3
   26040,   26100,273.01,6967.8,9067.9,19.38, 647.1, 1006.8
   26100,   26160,92.949,5984,8162.4,8.577, 558.56, 916.24
   26160,   26220,67.612,7053.8,8380.7,7.0567, 654.84, 938.07
   26220,   26280,37.593,7441.3,8843.8,5.2556, 689.72, 984.38
   26280,   26340,17.22,5809.1,8155.5,4.0332, 542.82, 915.55
   26340,   26400,13.014,5448.7,7408.3,3.7808, 510.38, 840.83
   26400,   26460,19.574,6146.3,7421.5,4.1745, 573.17, 842.15
   26460,   26520,19.456,6311.8,7614.3,4.1673, 588.06, 861.43
   26520,   26580,24.228,6635.8,8079.6,4.4537, 617.22, 907.96
   26580,   26640,127.83,7786.1,7868.6,10.67, 720.75, 886.86
   26640,   26700,127.63,8972.1,8200.6,10.658, 827.49, 920.06
   26700,   26760,30.435,6616,8344,4.8261, 615.44, 934.4
   26760,   26820,19.924,7626.9,8223.8,4.1955, 706.42, 922.38
   26820,   26880,281.44,6128.6,7893.3,19.886, 571.57, 889.33
   26880,   26940,344.95,7297.5,9383.8,23.697, 676.77, 1038.4
   26940,   27000,53.126,5529.7,8326.8,6.1875, 517.68, 932.68
   27000,   27060,177.62,6529.7,8944,13.657, 607.67, 994.4
   27060,   27120,73.075,5660.9,8990.2,7.3845, 529.48, 999.02
   27120,   27180,19.48,5329.5,8423.4,4.1688, 499.65, 942.34
   27180,   27240,307.18,8409,8481.3,21.431, 776.81, 948.13
   27240,   27300,543.85,9667.3,11929,35.631, 890.06, 1292.9
   27300,   27360,200.68,7982,14424,15.041, 738.38, 1542.4
   27360,   27420,1015,18263,21438,63.899, 1663.7, 2243.8
   27420,   27480,290.77,11004,20068,20.446, 1010.4, 2106.8
   27480,   27540,90.624,8086.3,18206,8.4374, 747.77, 1920.6
   27540,   27600,48.924,5945,10774,5.9355, 555.05, 1177.4
   27600,   27660,53.791,5168.5,7704.9,6.2275, 485.16, 870.49
   27660,   27720,17.464,3659.9,6639.9,4.0478, 349.39, 763.99
   27720,   27780,22.069,3641.8,4445.6,4.3242, 347.76, 544.56
   27780,   27840,12.171,3762.4,4411.2,3.7302, 358.61, 541.12
   27840,   27900,33.659,3549.1,4830,5.0195, 339.42, 583
   27900,   27960,33.714,3936.9,4645.7,5.0228, 374.32, 564.57
   27960,   28020,53.099,4723.7,5408.3,6.1859, 445.13, 640.83
   28020,   28080,42.446,4269.4,6018.4,5.5468, 404.25, 701.84
   28080,   28140,145.52,4362.3,5490.3,11.731, 412.61, 649.03
   28140,   28200,807.79,8850.7,8185.7,51.467, 816.56, 918.57
   28200,   28260,309.06,7106.8,9061.7,21.544, 659.61, 1006.2
   28260,   28320,168.89,5637.6,8124.5,13.133, 527.38, 912.45
   28320,   28380,85.627,4548.4,8984,8.1376, 429.36, 998.4
   28380,   28440,30.26,3793,6850.7,4.8156, 361.37, 785.07
   28440,   28500,56.167,3445.5,4170.1,6.37, 330.1, 517.01
   28500,   28560,27.077,3335.4,3945.2,4.6246, 320.19, 494.52
   28560,   28620,17.6,3245.6,4064.8,4.056, 312.1, 506.48
   28620,   28680,7.9676,2811.1,3824.5,3.4781, 273, 482.45
   28680,   28740,19.032,2888.1,3550.8,4.1419, 279.93, 455.08
   28740,   28800,12.159,2645.7,3429.6,3.7295, 258.11, 442.96
   28800,   28860,10.428,2501.7,3087,3.6257, 245.16, 408.7
   28860,   28920,19.481,2542.5,3152.6,4.1688, 248.82, 415.26
   28920,   28980,57.058,2843.8,3349.5,6.4235, 275.94, 434.95
   28980,   29040,15.279,3085.2,3560.9,3.9167, 297.67, 456.09
   29040,   29100,7.1647,3054.6,3609.2,3.4299, 294.91, 460.92
   29100,   29160,4.5334,3141,3905.9,3.272, 302.69, 490.59
   29160,   29220,6.4954,3240.5,3840.2,3.3897, 311.64, 484.02
   29220,   29280,5.111,3225.9,3878.1,3.3067, 310.33, 487.81
   29280,   29340,8.9507,3508.8,4034.1,3.537, 335.79, 503.41
   29340,   29400,17.44,4018.8,4440,4.0464, 381.7, 544
   29400,   29460,28.484,5071.5,5189,4.7091, 476.43, 618.9
   29460,   29520,21.08,5239.9,5522.2,4.2648, 491.59, 652.22
   29520,   29580,28.59,4909,5781.5,4.7154, 461.81, 678.15
   29580,   29640,24.097,4891.6,5953.8,4.4458, 460.24, 695.38
   29640,   29700,7.1361,4762.7,6233.7,3.4282, 448.64, 723.37
   29700,   29760,12.216,4782,6219.9,3.733, 450.38, 721.99
   29760,   29820,27.667,5253.8,6767.6,4.66, 492.84, 776.76
   29820,   29880,16.012,5380.8,6512.8,3.9607, 504.27, 751.28
   29880,   29940,11.532,5084.8,6591.9,3.6919, 477.64, 759.19
   29940,   30000,7.1297,5275.5,6459.8,3.4278, 494.79, 745.98
   30000,   30060,30.311,6849.4,6740.2,4.8187, 636.45, 774.02
   30060,   30120,31.719,6220.9,6987.8,4.9032, 579.88, 798.78
   30120,   30180,13.657,5902.8,6727.7,3.8194, 551.25, 772.77
   30180,   30240,22.863,6104.2,6907.5,4.3718, 569.38, 790.75
   30240,   30300,8.0021,6077.3,6703.2,3.4801, 566.96, 770.32
   30300,   30360,10.46,5547.7,6622.4,3.6276, 519.29, 762.24
   30360,   30420,7.0187,5314.1,6871.5,3.4211, 498.26, 787.15
   30420,   30480,7.8272,4867.6,6429.2,3.4696, 458.08, 742.92
   30480,   30540,8.2206,4857.4,6698.1,3.4932, 457.16, 769.81
   30540,   30600,13.305,5046.4,6704.1,3.7983, 474.18, 770.41
   30600,   30660,30.049,5407.5,6869.2,4.803, 506.68, 786.92
   30660,   30720,22.265,4669,6632.9,4.3359, 440.21, 763.29
   30720,   30780,11.338,4142.9,5579.5,3.6803, 392.86, 657.95
   30780,   30840,9.9938,3980,5022.6,3.5996, 378.2, 602.26
   30840,   30900,10.832,4114.6,4946.3,3.6499, 390.31, 594.63
   30900,   30960,35.133,4096.5,5180.6,5.108, 388.69, 618.06
   30960,   31020,57.375,4387.7,5187.9,6.4425, 414.9, 618.79
   31020,   31080,14.101,3763.9,4808.3,3.846, 358.75, 580.83
   31080,   31140,17.646,3972.9,5157,4.0588, 377.56, 615.7
   31140,   31200,39.755,3975,5384.9,5.3853, 377.75, 638.49
   31200,   31260,21.852,3692.2,4901.9,4.3111, 352.3, 590.19
   31260,   31320,11.202,3366.9,4431.3,3.6721, 323.02, 543.13
   31320,   31380,504.19,5797.1,4698.2,33.251, 541.74, 569.82
   31380,   31440,194.69,5083,6813.9,14.681, 477.47, 781.39
   31440,   31500,119.41,4527.2,6432.5,10.165, 427.45, 743.25
   31500,   31560,208.19,5286.2,7935.2,15.491, 495.76, 893.52
   31560,   31620,89.373,4437.9,6941.6,8.3624, 419.41, 794.16
   31620,   31680,19.626,3433.6,5605,4.1775, 329.03, 660.5
   31680,   31740,30.875,3458.9,5037,4.8525, 331.3, 603.7
   31740,   31800,83.754,3866.7,4653.2,8.0252, 368, 565.32
   31800,   31860,-9999,-9999,-9999,-9999, -9999, -9999
   31860,   31920,-9999,-9999,-9999,-9999, -9999, -9999
   31920,   31980,-9999,-9999,-9999,-9999, -9999, -9999
   31980,   32040,-9999,-9999,-9999,-9999, -9999, -9999
   32040,   32100,-9999,-9999,-9999,-9999, -9999, -9999
   32100,   32160,-9999,-9999,-9999,-9999, -9999, -9999
   32160,   32220,-9999,-9999,-9999,-9999, -9999, -9999
   32220,   32280,17.161,2876.8,3693.8,4.0296, 278.91, 469.38
   32280,   32340,46.281,3152.6,3720.7,5.7768, 303.73, 472.07
   32340,   32400,137.36,3463.9,3965.3,11.242, 331.75, 496.53
   32400,   32460,14.583,3088,3738.6,3.875, 297.92, 473.86
   32460,   32520,12.582,3049.7,3674.7,3.7549, 294.48, 467.47
   32520,   32580,91.752,3363.7,4442,8.5051, 322.73, 544.2
   32580,   32640,50.17,2960.4,5009.6,6.0102, 286.44, 600.96
   32640,   32700,11.545,2788.2,3541.1,3.6927, 270.94, 454.11
   32700,   32760,20.692,3012.5,3465.7,4.2415, 291.12, 446.57
   32760,   32820,15.857,3020.3,3641.8,3.9514, 291.83, 464.18
