CampaignData_and_Merges/R0/CSL_MobileLab_Parked/raw/20240817/USOS-NOAAIodideCIMS-Halogens_MobileLabGround_20240817_RA.ict
38, 1001
Michael A Robinson, Chris Jernigan, Subi Thakali
NOAA ESRL Chemical Sciences Laboratory and CIRES, U. of Colorado
NOAA Iodide CIMS Instrument
USOS
1, 1
2024, 08, 17, 2024, 08, 20
1
starttime_UTC, seconds_past_midnight, seconds_of_day_since_00:00:00_UTC
6
1, 1, 1, 1, 1, 1
-9999, -9999, -9999, -9999, -9999, -9999
Br2_NOAACIMS, pptv, Gas_Br2_InSitu_S_AVMR, 
BrO_NOAACIMS, pptv, Gas_BrO_InSitu_S_AVMR, 
Cl2_NOAACIMS, pptv, Gas_Cl2_InSitu_S_AVMR, 
ClNO2_NOAACIMS, pptv, Gas_ClNO2_InSitu_S_AVMR, 
BrCl_NOAACIMS, pptv, Gas_BrCl_InSitu_S_AVMR, 
NCl3_NOAACIMS, pptv, Gas_NCl3_InSitu_S_AVMR, 
0
18
PI_CONTACT_INFO: 325 Broadway, R/CSD 7, Boulder, Colorado 80305; michael.a.robinson@noaa.gov; chris.jernigan@noaa.gov;
PLATFORM: NOAA CSL Mobile Lab
LOCATION: SLC, Utah
ASSOCIATED_DATA: 1Hz data also available on request.
INSTRUMENT_INFO: NOAA I- ToF CIMS
DATA_INFO: All data in parts per trillion by volume (pptv). 1 Hz data is available upon request.
UNCERTAINTY: TBD
ULOD_FLAG: -7777
ULOD_VALUE: N/A
LLOD_FLAG: -8888
LLOD_VALUE: N/A
DM_CONTACT_INFO: Nathan Howard; nathan.h.howard@noaa.gov
PROJECT_INFO: USOS, summer 2024. https://csl.noaa.gov/groups/csl7/measurements/2024usos/
STIPULATIONS_ON_USE: Users are strongly encouraged to contact the PI for proper data usage.
OTHER_COMMENTS: 
REVISION: RA
RA: Preliminary Data; For in-field use only
starttime_UTC, Br2_NOAACIMS, BrO_NOAACIMS, Cl2_NOAACIMS, ClNO2_NOAACIMS, BrCl_NOAACIMS, NCl3_NOAACIMS
[from data line 466]
 27960,  0.466,  0.090,  0.663,  0.163,  0.193,  4.654
 28020,  0.428,  0.083,  0.529,  0.177,  0.155,  4.717
 28080,  0.545,  0.102,  0.582,  0.177,  0.146,  4.531
 28140,  0.451,  0.039,  0.682,  0.222,  0.119,  4.636
 28200,  0.533,  0.028,  0.668,  0.213,  0.177,  4.956
 28260,  0.459,  0.141,  0.667,  0.154,  0.180,  5.143
 28320,  0.453,  0.109,  0.701,  0.158,  0.204,  4.823
 28380,  0.501,  0.105,  0.652,  0.201,  0.146,  5.114
 28440,  0.488,  0.164,  0.688,  0.200,  0.201,  4.898
 28500,  0.361,  0.044,  0.758,  0.203,  0.184,  4.610
 28560,  0.523,  0.068,  0.774,  0.200,  0.164,  4.818
 28620,  0.337,  0.107,  0.719,  0.201,  0.121,  4.639
 28680,  0.529,  0.101,  0.666,  0.194,  0.191,  4.984
 28740,  0.504,  0.065,  0.743,  0.178,  0.180,  5.211
 28800,  0.425,  0.121,  0.873,  0.172,  0.161,  5.407
 28860,  0.322,  0.196,  0.713,  0.168,  0.173,  5.170
 28920,  0.391,  0.125,  0.760,  0.206,  0.189,  5.547
 28980, -9999.000, -9999.000, -9999.000, -9999.000, -9999.000, -9999.000
 29040,  0.453,  0.090,  0.692,  0.282,  0.180,  4.467
 29100,  0.497,  0.140,  0.754,  0.266,  0.208,  4.796
 29160,  0.572,  0.121,  0.784,  0.243,  0.189,  4.890
 29220,  0.622,  0.025,  0.703,  0.245,  0.235,  5.064
 29280,  0.491,  0.118,  0.748,  0.251,  0.191,  4.857
 29340,  0.483,  0.126,  0.749,  0.223,  0.182,  4.936
 29400,  0.411,  0.088,  0.755,  0.271,  0.194,  4.865
 29460,  0.527,  0.113,  0.723,  0.285,  0.217,  4.794
 29520,  0.508,  0.152,  0.690,  0.262,  0.173,  4.590
 29580,  0.438,  0.143,  0.711,  0.307,  0.175,  4.612
 29640,  0.450,  0.088,  0.695,  0.290,  0.147,  5.396
 29700,  0.508,  0.116,  0.772,  0.317,  0.191,  5.396
 29760,  0.451,  0.084,  0.764,  0.406,  0.198,  9.358
 29820,  0.447,  0.111,  0.739,  0.356,  0.216,  6.330
 29880,  0.558,  0.101,  0.654,  0.370,  0.141,  5.409
 29940,  0.613,  0.030,  0.758,  0.308,  0.172,  5.125
 30000,  0.544,  0.086,  0.699,  0.403,  0.169,  4.973
 30060,  0.572,  0.117,  0.693,  0.361,  0.196,  5.266
 30120,  0.502,  0.135,  0.679,  0.361,  0.136,  5.316
 30180,  0.460,  0.123,  0.714,  0.371,  0.154,  5.343
 30240,  0.496,  0.108,  0.771,  0.379,  0.135,  5.098
 30300,  0.507,  0.144,  0.726,  0.433,  0.207,  5.069
 30360,  0.603,  0.050,  0.711,  0.419,  0.198,  5.074
 30420,  0.606,  0.068,  0.777,  0.469,  0.161,  5.019
 30480,  0.596,  0.072,  0.743,  0.388,  0.176,  4.800
 30540,  0.521,  0.076,  0.749,  0.386,  0.173,  5.455
 30600,  0.593,  0.098,  0.846,  0.368,  0.164,  5.463
 30660,  0.557,  0.101,  0.797,  0.339,  0.152,  5.672
 30720,  0.594,  0.097,  0.850,  0.457,  0.161,  5.691
 30780,  0.634,  0.077,  0.708,  0.458,  0.116,  6.168
 30840, -9999.000, -9999.000, -9999.000, -9999.000, -9999.000, -9999.000
 30900,  0.651,  0.146,  0.753,  0.401,  0.156,  6.670
 30960,  0.590,  0.120,  0.866,  0.379,  0.170,  6.715
 31020,  0.662,  0.094,  0.889,  0.414,  0.181,  6.430
 31080,  0.647,  0.098,  0.794,  0.438,  0.195,  6.293
 31140,  0.644,  0.135,  0.726,  0.389,  0.150,  5.821
 31200,  0.597,  0.158,  0.737,  0.500,  0.212,  5.976
 31260,  0.726,  0.128,  0.841,  0.417,  0.189,  5.993
 31320,  0.587,  0.044,  0.758,  0.339,  0.190,  5.725
 31380,  0.591,  0.085,  0.712,  0.369,  0.200,  5.924
 31440,  0.658,  0.047,  0.756,  0.432,  0.156,  5.841
 31500,  0.539,  0.073,  0.711,  0.383,  0.183,  5.961
 31560,  0.553,  0.133,  0.683,  0.396,  0.193,  6.274
 31620,  0.509,  0.068,  0.700,  0.402,  0.185,  6.741
 31680,  0.585,  0.082,  0.627,  0.383,  0.187,  6.559
 31740,  0.585,  0.031,  0.705,  0.426,  0.186,  6.406
 31800,  0.642,  0.064,  0.702,  0.494,  0.187,  6.707
 31860,  0.613,  0.103,  0.742,  0.474,  0.206,  6.569
 31920,  0.681,  0.053,  0.731,  0.454,  0.176,  6.103
 31980,  0.655,  0.054,  0.710,  0.344,  0.202,  6.197
 32040,  0.560,  0.031,  0.711,  0.370,  0.174,  6.321
 32100,  0.617,  0.141,  0.757,  0.369,  0.189,  6.239
 32160,  0.673,  0.069,  0.663,  0.415,  0.220,  6.348
 32220,  0.545,  0.064,  0.750,  0.371,  0.183,  6.243
 32280,  0.670,  0.059,  0.685,  0.437,  0.195,  6.143
 32340,  0.610,  0.136,  0.689,  0.433,  0.181,  6.181
 32400,  0.684,  0.035,  0.707,  0.375,  0.173,  5.674
 32460,  0.533,  0.096,  0.693,  0.358,  0.166,  6.288
 32520,  0.647,  0.129,  0.692,  0.390,  0.166,  6.136
 32580,  0.586,  0.016,  0.678,  0.372,  0.168,  6.256
 32640,  0.668,  0.088,  0.648,  0.382,  0.177,  6.154
 32700,  0.658,  0.035,  0.692,  0.431,  0.113,  6.381
 32760,  0.566,  0.078,  0.617,  0.420,  0.176,  6.422
 32820,  0.518,  0.054,  0.662,  0.411,  0.171,  5.979
 32880,  0.493,  0.066,  0.671,  0.433,  0.149,  6.346
 32940,  0.636,  0.079,  0.657,  0.432,  0.179,  6.788
 33000,  0.720,  0.098,  0.692,  0.426,  0.171,  6.593
 33060,  0.690,  0.087,  0.662,  0.486,  0.153,  6.749
 33120,  0.678,  0.037,  0.702,  0.451,  0.182,  6.926
 33180,  0.621,  0.069,  0.621,  0.496,  0.182,  6.698
 33240,  0.599,  0.071,  0.642,  0.463,  0.185,  7.076
 33300,  0.703,  0.132,  0.677,  0.552,  0.177,  6.863
 33360,  0.563,  0.065,  0.681,  0.500,  0.207,  6.781
 33420,  0.505,  0.074,  0.743,  0.486,  0.164,  7.009
 33480,  0.641,  0.102,  0.726,  0.544,  0.179,  7.363
 33540,  0.577,  0.094,  0.751,  0.614,  0.190,  6.808
 33600,  0.631,  0.039,  0.739,  0.562,  0.173,  7.126
 33660,  0.530,  0.112,  0.746,  0.583,  0.175,  7.385
 33720,  0.672,  0.072,  0.828,  0.606,  0.196,  7.254
 33780,  0.670,  0.048,  0.758,  0.675,  0.144,  7.328
 33840,  0.602,  0.084,  0.770,  0.695,  0.131,  7.444
 33900,  0.623,  0.076,  0.701,  0.668,  0.181,  7.308
 33960,  0.543,  0.086,  0.731,  0.637,  0.176,  7.435
 34020,  0.587,  0.092,  0.772,  0.687,  0.156,  7.243
 34080,  0.645,  0.029,  0.776,  0.560,  0.128,  7.438
 34140,  0.605,  0.075,  0.680,  0.709,  0.154,  8.102
 34200,  0.554,  0.070,  0.736,  0.642,  0.187,  7.687
 34260,  0.493,  0.065,  0.714,  0.612,  0.119,  7.886
 34320,  0.526,  0.116,  0.762,  0.562,  0.210,  7.890
 34380,  0.589,  0.067,  0.742,  0.565,  0.161,  7.594
 34440,  0.439,  0.098,  0.770,  0.637,  0.163,  7.612
 34500,  0.084,  0.018,  0.808,  0.699,  0.097,  8.130
 34560,  0.492,  0.134,  0.891,  0.625,  0.110,  9.980
 34620,  0.502,  0.078,  0.798,  0.746,  0.162,  8.277
 34680,  0.502,  0.063,  0.729,  0.697,  0.143,  8.045
 34740,  0.578,  0.044,  0.778,  0.764,  0.199,  8.775
 34800,  0.565,  0.078,  0.730,  0.744,  0.191,  8.520
 34860,  0.661,  0.019,  0.822,  0.747,  0.155,  8.584
 34920,  0.642,  0.006,  0.743,  0.736,  0.160,  8.956
 34980,  0.523,  0.095,  0.849,  0.656,  0.185,  8.580
 35040,  0.564,  0.094,  0.870,  0.718,  0.193,  8.881
 35100,  0.491,  0.130,  0.951,  0.706,  0.156,  9.054
 35160,  0.594,  0.121,  0.871,  0.709,  0.200,  9.025
 35220,  0.504,  0.047,  0.759,  0.731,  0.189,  9.225
 35280,  0.599,  0.171,  0.776,  0.714,  0.182,  8.938
 35340,  0.592,  0.066,  0.794,  0.719,  0.189,  9.053
 35400,  0.526,  0.063,  0.879,  0.784,  0.160,  9.310
 35460,  0.562,  0.032,  0.844,  0.704,  0.153,  9.858
 35520,  0.587,  0.084,  0.795,  0.711,  0.191, 10.400
 35580,  0.493,  0.065,  0.818,  0.726,  0.184, 10.137
 35640,  0.566,  0.073,  0.791,  0.647,  0.168, 10.278
 35700,  0.545,  0.090,  0.848,  0.722,  0.189,  9.959
 35760,  0.553,  0.076,  0.746,  0.652,  0.239,  9.785
 35820,  0.548,  0.114,  0.785,  0.637,  0.179,  9.892
 35880,  0.580,  0.029,  0.730,  0.628,  0.200, 10.053
 35940,  0.559,  0.049,  0.869,  0.727,  0.233, 10.455
 36000,  0.542,  0.088,  0.730,  0.720,  0.235,  9.905
 36060,  0.647,  0.109,  0.729,  0.735,  0.231,  9.704
 36120,  0.525,  0.077,  0.709,  0.691,  0.219, 10.046
 36180,  0.524,  0.080,  0.747,  0.767,  0.218, 10.371
 36240,  0.511,  0.090,  0.773,  0.715,  0.241,  9.913
 36300,  0.491,  0.145,  0.728,  0.620,  0.223,  9.678
 36360,  0.763,  0.284,  0.992,  0.642,  0.437,  8.171
 36420,  0.512,  0.117,  0.673,  0.561,  0.280,  9.226
 36480,  0.552,  0.094,  0.614,  0.627,  0.203,  9.413
 36540,  0.534,  0.129,  0.780,  0.729,  0.250, 10.583
 36600,  0.537,  0.075,  0.726,  0.797,  0.207, 10.042
 36660,  0.533,  0.064,  0.617,  0.661,  0.196, 10.095
 36720,  0.562,  0.069,  0.723,  0.667,  0.182, 10.735
 36780,  0.510,  0.070,  0.766,  0.719,  0.219, 12.394
 36840,  0.548,  0.068,  0.703,  0.672,  0.188, 12.611
 36900,  0.502,  0.040,  0.796,  0.666,  0.246, 13.014
 36960,  0.440,  0.036,  0.854,  0.706,  0.218, 12.228
 37020,  0.625, -0.016,  0.781,  0.801,  0.231, 12.508
 37080,  0.507,  0.076,  0.766,  0.761,  0.206, 13.146
 37140,  0.510,  0.073,  0.776,  0.759,  0.232, 12.189
 37200,  0.543,  0.020,  0.717,  0.654,  0.240, 12.358
 37260,  0.564,  0.092,  0.748,  0.760,  0.237, 12.646
 37320,  0.551, -0.019,  0.870,  0.794,  0.254, 12.431
 37380,  0.464,  0.112,  0.781,  0.721,  0.221, 12.839
 37440,  0.497,  0.078,  0.745,  0.795,  0.165, 13.253
 37500,  0.497,  0.066,  0.877,  0.851,  0.185, 14.009
 37560,  0.510,  0.027,  0.821,  0.754,  0.244, 13.875
 37620,  0.454,  0.029,  0.787,  0.781,  0.185, 12.670
 37680,  0.449,  0.033,  0.761,  0.745,  0.178, 13.223
 37740,  0.532,  0.067,  0.914,  0.843,  0.246, 12.256
 37800,  0.557,  0.057,  0.807,  0.766,  0.218, 12.357
 37860,  0.432,  0.042,  0.703,  0.810,  0.243, 11.822
 37920,  0.511,  0.026,  0.732,  0.775,  0.212, 11.247
 37980,  0.441, -0.006,  0.806,  0.767,  0.203, 11.368
 38040,  0.443,  0.045,  0.783,  0.817,  0.187, 13.722
 38100,  0.463,  0.036,  0.754,  0.808,  0.189, 13.310
 38160,  0.490,  0.010,  0.696,  0.866,  0.241, 14.233
 38220, -9999.000, -9999.000, -9999.000, -9999.000, -9999.000, -9999.000
 38280,  0.556,  0.084,  0.561,  0.735,  0.217, 11.532
 38340,  0.510,  0.068,  0.737,  0.755,  0.164, 12.618
 38400,  0.384,  0.090,  0.736,  0.832,  0.143, 15.199
 38460,  0.411,  0.003,  0.794,  0.845,  0.218, 17.719
 38520,  0.400,  0.043,  0.764,  0.887,  0.186, 16.468
 38580,  0.450, -0.023,  0.753,  0.774,  0.155, 15.080
 38640,  0.552,  0.050,  0.691,  0.801,  0.192, 13.509
 38700,  0.484,  0.034,  0.899,  1.007,  0.300, 18.423
 38760,  0.505, -0.005,  0.978,  1.139,  0.340, 19.131
 38820,  0.425, -0.002,  0.892,  0.983,  0.273, 17.974
 38880,  0.459,  0.116,  0.870,  0.937,  0.241, 17.105
 38940,  0.389,  0.021,  0.901,  0.904,  0.200, 16.213
 39000,  0.455,  0.069,  0.881,  0.851,  0.214, 17.880
 39060,  0.501,  0.061,  1.033,  1.149,  0.299, 23.267
 39120,  0.423,  0.031,  0.783,  0.911,  0.247, 18.366
 39180,  0.418,  0.025,  0.992,  1.091,  0.232, 22.212
 39240,  0.377,  0.089,  0.950,  1.019,  0.222, 18.380
 39300,  0.475,  0.049,  1.019,  1.023,  0.194, 17.271
 39360,  0.490,  0.068,  0.744,  0.889,  0.163, 16.176
 39420,  0.480,  0.012,  0.816,  1.058,  0.223, 18.249
 39480,  0.419, -0.010,  0.836,  1.009,  0.135, 16.545
 39540,  0.359,  0.049,  0.898,  0.868,  0.188, 16.424
 39600,  0.429,  0.097,  0.744,  0.906,  0.123, 16.051
 39660,  0.386,  0.009,  0.763,  0.907,  0.155, 16.515
 39720,  0.465,  0.120,  0.800,  0.930,  0.126, 16.356
 39780,  0.355,  0.065,  0.739,  0.928,  0.109, 16.614
 39840,  0.488, -0.015,  0.796,  1.020,  0.135, 17.790
 39900,  0.418,  0.142,  0.830,  1.017,  0.165, 17.777
 39960,  0.332,  0.032,  0.802,  0.956,  0.132, 17.896
 40020,  0.435,  0.081,  0.955,  0.884,  0.167, 17.617
 40080,  0.649,  0.624,  0.377,  0.930,  0.234, 20.302
 40140,  0.454,  0.024,  0.839,  0.925,  0.130, 19.017
 40200,  0.375, -0.034,  0.767,  1.002,  0.098, 18.431
 40260,  0.377,  0.019,  0.838,  0.944,  0.113, 19.477
 40320,  0.442,  0.033,  0.807,  0.952,  0.147, 18.622
 40380,  0.374,  0.150,  0.782,  1.062,  0.113, 19.497
 40440,  0.385,  0.014,  0.865,  1.015,  0.105, 19.131
 40500,  0.423,  0.027,  0.801,  1.023,  0.108, 19.062
 40560,  0.353, -0.007,  0.756,  0.920,  0.121, 18.492
 40620,  0.451,  0.024,  0.820,  1.007,  0.133, 18.131
 40680,  0.321, -0.010,  0.855,  0.965,  0.133, 17.886
 40740,  0.531,  0.009,  0.817,  0.978,  0.134, 16.819
 40800,  0.455,  0.011,  0.714,  1.036,  0.108, 16.180
 40860,  0.481, -0.020,  0.625,  1.016,  0.144, 17.006
 40920,  0.328, -0.005,  0.659,  1.067,  0.137, 15.621
 40980,  0.465,  0.081,  0.742,  1.026,  0.125, 15.923
 41040,  0.467, -0.017,  0.701,  1.090,  0.112, 15.667
 41100,  0.432,  0.072,  0.730,  0.902,  0.134, 15.329
 41160,  0.439,  0.019,  0.762,  0.925,  0.101, 14.967
 41220,  0.431,  0.021,  0.645,  0.834,  0.064, 14.136
 41280,  0.471, -0.010,  0.688,  0.842,  0.134, 14.160
 41340,  0.333,  0.023,  0.682,  0.864,  0.144, 14.166
 41400,  0.422,  0.033,  0.705,  0.939,  0.116, 14.081
 41460,  0.472,  0.004,  0.755,  1.002,  0.121, 14.424
 41520,  0.417,  0.034,  0.622,  0.974,  0.129, 13.358
 41580,  0.432,  0.058,  0.696,  0.989,  0.140, 13.936
 41640,  0.489,  0.026,  0.687,  1.011,  0.168, 14.065
 41700,  0.393,  0.007,  0.719,  1.013,  0.102, 14.806
 41760,  0.391, -0.040,  0.685,  0.992,  0.120, 14.996
 41820,  0.377,  0.011,  0.725,  1.018,  0.137, 14.881
 41880,  0.350,  0.003,  0.534,  1.039,  0.130, 15.228
 41940, -9999.000, -9999.000, -9999.000, -9999.000, -9999.000, -9999.000
 42000,  0.410, -0.024,  0.649,  1.012,  0.146, 15.862
 42060,  0.467, -0.005,  0.695,  0.944,  0.118, 16.080
 42120,  0.478,  0.003,  0.808,  1.008,  0.131, 16.752
 42180,  0.453,  0.046,  0.806,  0.946,  0.108, 17.270
 42240,  0.442,  0.013,  0.806,  0.981,  0.138, 17.397
 42300,  0.485,  0.096,  0.792,  1.038,  0.142, 17.699
 42360,  0.407,  0.054,  0.708,  1.085,  0.134, 16.179
 42420,  0.543,  0.044,  0.812,  0.931,  0.139, 18.264
 42480,  0.537,  0.041,  0.711,  0.961,  0.149, 17.404
 42540,  0.353,  0.085,  0.790,  1.112,  0.152, 17.710
 42600,  0.576,  0.104,  0.882,  1.068,  0.156, 17.830
 42660,  0.561,  0.069,  0.810,  1.118,  0.157, 18.493
 42720,  0.507,  0.081,  0.784,  0.923,  0.150, 17.300
 42780,  0.506,  0.074,  0.763,  0.856,  0.128, 17.085
 42840,  0.465,  0.066,  0.745,  0.916,  0.138, 17.024
 42900,  0.505,  0.006,  0.643,  0.947,  0.124, 16.195
 42960,  0.521,  0.077,  0.736,  1.046,  0.166, 16.303
 43020,  0.477,  0.063,  0.725,  1.069,  0.138, 17.423
 43080,  0.497,  0.056,  0.725,  0.997,  0.138, 16.864
 43140,  0.536,  0.018,  0.663,  0.939,  0.140, 16.203
 43200,  0.485,  0.094,  0.616,  0.874,  0.136, 15.153
 43260,  0.500,  0.072,  0.568,  0.901,  0.152, 15.228
 43320,  0.507,  0.083,  0.635,  1.018,  0.159, 16.899
 43380,  0.517,  0.082,  0.749,  1.182,  0.138, 17.228
 43440,  0.388,  0.197,  0.781,  1.278,  0.219, 20.735
 43500,  0.491,  0.120,  0.812,  1.393,  0.216, 21.193
 43560,  0.545,  0.102,  0.838,  1.383,  0.193, 22.085
 43620,  0.579,  0.206,  0.878,  1.440,  0.208, 24.647
 43680,  0.421,  0.115,  0.906,  1.439,  0.209, 23.464
 43740,  0.611,  0.031,  0.867,  1.386,  0.131, 20.902
 43800,  0.661,  0.220,  1.055,  1.884,  0.314, 30.814
 43860,  0.468,  0.104,  0.974,  1.407,  0.203, 26.216
 43920,  0.501,  0.071,  0.835,  1.244,  0.230, 20.524
 43980,  0.495,  0.110,  0.783,  1.144,  0.163, 20.400
 44040,  0.498,  0.083,  0.909,  1.326,  0.233, 23.297
 44100,  0.474,  0.082,  0.809,  1.415,  0.197, 22.616
 44160,  0.582,  0.126,  0.822,  1.358,  0.199, 22.204
 44220,  0.563,  0.080,  0.835,  1.252,  0.208, 20.468
 44280,  0.535,  0.075,  0.840,  1.307,  0.151, 20.295
 44340,  0.464,  0.144,  0.870,  1.352,  0.177, 21.652
 44400,  0.507,  0.107,  0.843,  1.310,  0.203, 23.769
 44460,  0.420,  0.039,  0.807,  1.391,  0.219, 23.982
 44520,  0.512,  0.059,  0.736,  1.496,  0.190, 21.253
 44580,  0.402,  0.025,  0.688,  1.444,  0.191, 22.463
 44640,  0.469,  0.045,  0.831,  1.512,  0.207, 22.392
 44700,  0.581,  0.045,  0.690,  1.282,  0.133, 19.950
 44760,  0.499,  0.048,  0.740,  1.423,  0.177, 19.423
 44820,  0.438,  0.011,  0.753,  1.363,  0.160, 18.971
 44880,  0.453,  0.090,  0.663,  1.446,  0.175, 21.733
 44940,  0.522,  0.049,  0.694,  1.400,  0.156, 21.016
 45000,  0.440,  0.033,  0.717,  1.266,  0.167, 19.853
 45060,  0.325,  0.016,  0.686,  1.372,  0.150, 19.696
 45120,  0.405,  0.009,  0.741,  1.355,  0.170, 19.717
 45180,  0.470,  0.047,  0.774,  1.269,  0.171, 18.618
 45240,  0.433,  0.096,  0.661,  1.402,  0.167, 18.754
