CampaignData_and_Merges/R0/CSL_MobileLab_Parked/raw/20240817/USOS-POPS_MobileLabGround_20240817_R0.ict
78, 1001
Thornberry, T. D.
NOAA Chemical Sciences Laboratory
Portable Optical Particle Spectrometer (POPS)
USOS
1, 1
2024, 08, 17, 2025, 05, 08
60
Time_Start, seconds_past_midnight, Start time of measurement
45
1, 1, 1, 1, 1, 1, 1, 1, 1, 1, 1, 1, 1, 1, 1, 1, 1, 1, 1, 1, 1, 1, 1, 1, 1, 1, 1, 1, 1, 1, 1, 1, 1, 1, 1, 1, 1, 1, 1, 1, 1, 1, 1, 1, 1
-9999, -9999, -9999, -9999, -9999, -9999, -9999, -9999, -9999, -9999, -9999, -9999, -9999, -9999, -9999, -9999, -9999, -9999, -9999, -9999, -9999, -9999, -9999, -9999, -9999, -9999, -9999, -9999, -9999, -9999, -9999, -9999, -9999, -9999, -9999, -9999, -9999, -9999, -9999, -9999, -9999, -9999, -9999, -9999, -9999
Time_Stop, seconds_past_midnight, Stop time of measurement
Time_Mid, seconds_past_midnight, Mid time of measurement
Press_mb, mb, Pressure reported (mb)
Temp_C, degrees C, POPS temperature measurement
Aerosol_concentration, cm^-3, Aerosol concentration
Surface_Area_Conc, um^2 cm^-3, Surface area concentration
Volume_density, um^3 cm^-3, Volume density
Effective_radius, um, Effective radius
Extinction, km^-1, Extinction
Bin01, cm^-3, particle concentration in size range [1401 - 146.3 nm]
Bin02, cm^-3, particle concentration in size range [146.3 - 152.8 nm]
Bin03, cm^-3, particle concentration in size range [152.8 - 159.6 nm]
Bin04, cm^-3, particle concentration in size range [159.6 - 166.8 nm]
Bin05, cm^-3, particle concentration in size range [166.8 - 174.2 nm]
Bin06, cm^-3, particle concentration in size range [174.2 - 181.9 nm]
Bin07, cm^-3, particle concentration in size range [181.9 - 190.0 nm]
Bin08, cm^-3, particle concentration in size range [190.0 - 198.5 nm]
Bin09, cm^-3, particle concentration in size range [198.5 - 207.4 nm]
Bin10, cm^-3, particle concentration in size range [207.4 - 216.6 nm]
Bin11, cm^-3, particle concentration in size range [216.6 - 226.2 nm]
Bin12, cm^-3, particle concentration in size range [226.2 - 236.3 nm]
Bin13, cm^-3, particle concentration in size range [236.3 - 246.8 nm]
Bin14, cm^-3, particle concentration in size range [246.8 - 257.8 nm]
Bin15, cm^-3, particle concentration in size range [257.8 - 269.3 nm]
Bin16, cm^-3, particle concentration in size range [269.3 - 343.4 nm]
Bin17, cm^-3, particle concentration in size range [343.4 - 450.7 nm]
Bin18, cm^-3, particle concentration in size range [450.7 - 525.9 nm]
Bin19, cm^-3, particle concentration in size range [525.9 - 618.5 nm]
Bin20, cm^-3, particle concentration in size range [618.5 - 710.0 nm]
Bin21, cm^-3, particle concentration in size range [710.0 - 822.7 nm]
Bin22, cm^-3, particle concentration in size range [822.7 - 885.9 nm]
Bin23, cm^-3, particle concentration in size range [885.9 - 953.9 nm]
Bin24, cm^-3, particle concentration in size range [953.9 - 1027.2 nm]
Bin25, cm^-3, particle concentration in size range [1027.2 - 1106.1 nm]
Bin26, cm^-3, particle concentration in size range [1106.1 - 1191.0 nm]
Bin27, cm^-3, particle concentration in size range [1191.0 - 1282.5 nm]
Bin28, cm^-3, particle concentration in size range [1282.5 - 1381.0 nm]
Bin29, cm^-3, particle concentration in size range [1381.0 - 1487.1 nm]
Bin30, cm^-3, particle concentration in size range [1487.1 - 1601.3 nm]
Bin31, cm^-3, particle concentration in size range [1601.3 - 1724.3 nm]
[...]
PLATFORM: NOAA CSL Mobile Lab
LOCATION: USOS
ASSOCIATED_DATA: N/A
INSTRUMENT_INFO: Printed Optical Particle Spectrometer counts particles from 140 - 2500 nm in diameter 
DATA_INFO: Particle concentrations reported in number per cubic centimeter,1 Hz data
UNCERTAINTY: Counting uncertainty dominated by air flow, less than 5 percent. Measurement range is ~0 - 3000 per cm3 (varies depending on flow rate- manufacturer quotes 1250 per cm3 at 1.667 cc/s)
ULOD_FLAG: -7777
ULOD_VALUE: N/A
LLOD_FLAG: -8888
LLOD_VALUE: N/A
DM_CONTACT_INFO: Troy Thornberry, 325 Broadway R/CSL6, Boulder, CO 80305; troy.thornberry@noaa.gov; 303-497-3373
PROJECT_INFO: USOS, Utah POPS data from NOAA CSL Mobile Lab
STIPULATIONS_ON_USE: Please contact the PIs for questions regarding applications and uncertainties
OTHER_COMMENTS: POPS bin Edges (nm):  140.1, 146.3, 152.8, 159.6, 166.8, 174.2, 181.9, 190.0, 198.5, 207.4, 216.6, 226.2, 236.3, 246.8, 257.8, 269.3, 343.4, 450.7, 525.9, 618.5, 710.0, 822.7, 885.9, 953.9, 1027.2, 1106.1, 1191.0, 1282.5, 1381.0, 1487.1, 1601.3, 1724.3, 1856.7, 1999.3, 2152.8, 2318.2, 2496.2
Calculations assume organic aerosol refractive index of 1.52+0.00j and extinction wavelength = 532 nm
REVISION: R0
R0: Final data
Time_Start, Time_Stop, Time_Mid, Press_mb, Temp_C, Aerosol_concentration, Surface_Area_Conc, Volume_density, Effective_radius, Extinction, Bin01, Bin02, Bin03, Bin04, Bin05, Bin06, Bin07, Bin08, Bin09, Bin10, Bin11, Bin12, Bin13, Bin14, Bin15, Bin16, Bin17, Bin18, Bin19, Bin20, Bin21, Bin22, Bin23, Bin24, Bin25, Bin26, Bin27, Bin28, Bin29, Bin30, Bin31, Bin32, Bin33, Bin34, Bin35, Bin36
[from data line 638]
38280,38339,38310,870.313,31.776,101.970,16.174,1.427,0.246,0.005,16.753468,13.640379,11.115474,8.838989,7.679735,6.113223,5.200995,4.598487,3.772610,3.241751,2.825805,2.779582,2.408346,2.149230,1.718550,5.561461,1.671766,0.670668,0.437179,0.088465,0.099482,0.088608,0.060985,0.066270,0.028236,0.071946,0.060605,0.055329,0.027713,0.044346,0.027494,0.016801,0.021882,0.005631,0.011435,0.016704
38340,38399,38370,870.298,31.841,100.685,15.926,1.428,0.245,0.005,16.040958,13.438819,10.993017,9.358792,7.236498,6.456998,5.432506,4.189506,3.250433,3.234807,2.965780,2.825100,2.333494,2.262283,1.749160,5.398556,1.841374,0.538460,0.410707,0.116622,0.093980,0.038966,0.060632,0.027585,0.055504,0.039285,0.038698,0.044630,0.027779,0.044783,0.067486,0.016725,0.021986,0.011187,0.005556,0.016468
38400,38459,38430,870.311,31.900,100.666,15.198,1.227,0.222,0.005,16.165312,13.303430,10.847208,9.357195,7.620227,6.439042,5.322917,4.546797,3.527156,3.268927,2.693005,2.752621,2.319474,2.305270,1.727794,5.156317,1.741421,0.598980,0.349230,0.067259,0.061085,0.066826,0.050338,0.066133,0.056089,0.049731,0.016799,0.027835,0.033393,0.033525,0.038863,0.011093,0.016704,0.005650,0.011242,0.010985
38460,38519,38490,870.343,31.967,99.987,16.067,1.607,0.268,0.005,16.002125,12.989336,11.104267,9.031511,7.794219,6.259611,4.879825,4.519720,3.667330,3.168136,2.956154,2.457245,2.493411,2.320479,1.733654,5.337252,1.703349,0.562089,0.322695,0.072121,0.067063,0.061207,0.050499,0.050030,0.033636,0.027802,0.011319,0.061627,0.044263,0.055409,0.044138,0.027658,0.022241,0.005574,0.016670,0.033455
38520,38579,38550,870.354,31.934,99.744,15.721,1.556,0.257,0.005,15.787095,12.901419,11.110085,9.396194,7.328719,6.060946,5.149035,4.240290,3.707583,3.171897,2.900001,3.024283,2.310270,2.395688,1.715449,5.173686,1.649628,0.616953,0.383078,0.144393,0.082835,0.083480,0.077736,0.061009,0.021933,0.027799,0.005574,0.016505,0.022414,0.022372,0.033300,0.050199,0.022317,0.011023,0.005612,0.033470
38580,38639,38610,870.339,31.852,99.444,15.456,1.434,0.250,0.005,15.406925,13.475584,11.229500,8.723550,7.540721,6.519721,5.253304,4.242249,3.507755,3.165710,2.857946,2.705956,2.581190,2.130274,1.723431,5.083047,1.688910,0.545149,0.356202,0.078312,0.116606,0.072100,0.077997,0.022119,0.061451,0.039003,0.016560,0.044199,0.022261,0.038936,0.016706,0.038836,0.022316,0.011338,0.011324,0.016343
38640,38699,38670,870.349,31.851,100.618,15.827,1.406,0.247,0.005,15.895853,13.612032,10.822005,9.128731,7.780599,6.214691,5.212743,4.393682,3.549301,3.059222,3.159399,2.478241,2.393323,2.281888,1.762171,5.473592,1.710238,0.587539,0.375889,0.127683,0.067015,0.071745,0.060970,0.066747,0.038910,0.038825,0.027891,0.016667,0.043974,0.044638,0.027852,0.011056,0.044517,0.011149,0.010862,0.016576
38700,38759,38730,870.369,31.987,100.088,16.794,1.860,0.294,0.006,16.083307,13.381700,11.076962,8.976908,7.679331,6.130504,5.234689,4.097980,3.616013,3.281290,2.735191,2.464345,2.497880,2.275858,1.791063,5.492455,1.552122,0.537572,0.326227,0.127488,0.083962,0.066966,0.060876,0.072221,0.005501,0.038790,0.066400,0.056103,0.055511,0.027928,0.044422,0.044415,0.033520,0.010863,0.033455,0.027838
38760,38819,38790,870.364,32.100,101.233,17.173,1.928,0.311,0.006,15.941818,14.034974,10.871277,9.228410,7.683809,6.626417,5.358927,4.316404,3.651740,3.176032,2.746043,2.768301,2.345731,2.102945,1.647841,5.311203,1.574152,0.545252,0.400467,0.105928,0.166744,0.022100,0.072561,0.060940,0.072351,0.033428,0.038640,0.033550,0.033343,0.038823,0.072213,0.033289,0.033484,0.011167,0.027580,0.044670
38820,38879,38850,870.373,32.031,98.499,14.998,1.254,0.234,0.005,15.907885,13.260974,11.220894,8.813683,7.511221,6.342217,4.882281,4.164514,3.680529,3.220686,2.600530,2.403971,2.383489,2.241387,1.562163,5.146934,1.662083,0.476112,0.382139,0.077624,0.055167,0.088460,0.061125,0.022208,0.044054,0.044221,0.038409,0.043582,0.016326,0.049800,0.044187,0.005612,0.005574,0.005574,0.011206,0.022136
38880,38939,38910,870.352,32.071,100.009,17.274,1.920,0.303,0.006,15.814663,13.447982,10.205961,9.453103,7.662285,6.391348,4.817442,4.508189,3.668048,2.982112,2.954767,2.719396,2.215533,2.191728,1.742975,5.624755,1.649299,0.597290,0.365696,0.082099,0.171602,0.066588,0.077731,0.072121,0.082936,0.044088,0.061063,0.055643,0.038712,0.044270,0.066544,0.050255,0.021935,0.022082,0.005411,0.033533
38940,38999,38970,870.333,32.220,100.352,17.346,1.940,0.303,0.006,15.829184,13.501268,10.951514,8.939157,7.687206,6.522099,5.256652,4.483809,3.335400,3.178261,2.570851,2.715871,2.443959,2.333048,1.632223,5.363572,1.607939,0.569514,0.422866,0.139133,0.128069,0.077609,0.050115,0.066824,0.066861,0.066810,0.055595,0.066980,0.033295,0.050013,0.055710,0.050102,0.039157,0.016780,0.033353,0.011204
39000,39059,39030,870.373,32.359,99.776,16.704,1.743,0.292,0.006,15.489668,13.504041,11.004338,8.855682,7.533473,6.431079,5.047764,4.016605,3.505539,3.296254,2.729986,2.762170,2.455956,2.361264,1.771999,5.379158,1.684503,0.721337,0.376690,0.116147,0.105812,0.099734,0.072324,0.038800,0.033269,0.038417,0.066482,0.033099,0.033469,0.050160,0.038710,0.027819,0.022151,0.005394,0.027478,0.038886
39060,39119,39090,870.394,32.232,101.643,17.292,2.014,0.315,0.006,16.355856,13.676909,10.957801,9.323507,7.665383,6.259649,4.928219,4.555793,3.537723,3.409579,3.038743,2.824095,2.478972,2.465261,1.767195,4.885952,1.571845,0.604294,0.432788,0.088729,0.105736,0.077741,0.077298,0.033338,0.050417,0.066134,0.050015,0.055181,0.049916,0.033018,0.061067,0.072231,0.016324,0.011041,0.022076,0.033211
39120,39179,39150,870.406,32.027,103.921,16.927,1.693,0.275,0.006,16.897352,14.017821,11.258300,9.471545,7.770237,6.561565,5.326990,4.508205,3.538360,3.028331,2.980355,2.724185,2.419737,2.390491,1.809134,5.389359,1.939905,0.718841,0.368505,0.083507,0.111578,0.083521,0.083615,0.033378,0.039194,0.044505,0.044254,0.022079,0.038633,0.055467,0.027937,0.033373,0.055848,0.005482,0.016616,0.022248
39180,39239,39210,870.393,32.078,102.282,16.804,1.797,0.290,0.005,15.996952,13.620559,11.303461,9.344057,8.150219,6.409114,5.322179,4.154876,3.674650,3.349963,2.976800,2.652982,2.434190,2.338146,1.710164,5.565408,1.634318,0.526224,0.381853,0.093783,0.082903,0.044001,0.049961,0.038610,0.061125,0.027451,0.027819,0.049882,0.032979,0.032924,0.043995,0.027802,0.033448,0.027582,0.016648,0.044519
39240,39299,39270,870.416,32.222,103.974,18.056,2.022,0.309,0.006,16.473406,14.070188,11.203446,9.441566,8.133549,6.425057,5.178376,4.304928,3.911463,3.167313,2.788575,2.735143,2.721508,2.319056,1.906242,5.322616,1.809651,0.623728,0.433519,0.183311,0.105691,0.088943,0.088525,0.044291,0.067183,0.038567,0.033345,0.038690,0.039038,0.044753,0.077459,0.022094,0.044303,0.005612,0.033432,0.049426
39300,39359,39330,870.411,32.236,104.783,17.403,1.831,0.280,0.006,16.394236,13.932230,11.838122,9.520905,8.173433,6.590022,5.291255,4.514970,4.139925,3.218460,2.669698,2.787327,2.653340,2.514083,1.737118,5.248581,1.630043,0.694224,0.366922,0.088902,0.155475,0.060884,0.067016,0.022077,0.055932,0.050322,0.039027,0.038868,0.055606,0.050320,0.066674,0.022509,0.027890,0.000000,0.010875,0.055639
39360,39419,39390,870.399,31.996,104.698,18.345,1.958,0.294,0.007,16.615170,13.923733,11.033778,10.110986,8.025088,6.517549,5.287963,4.232327,3.762390,3.182319,2.921408,2.721750,2.399557,2.373420,1.866680,5.580934,1.762911,0.798583,0.470592,0.166141,0.165534,0.082646,0.061028,0.077328,0.082681,0.049793,0.066230,0.066557,0.032512,0.050117,0.077553,0.021773,0.050051,0.005519,0.033175,0.022223
39420,39479,39450,870.385,31.895,104.159,18.132,2.068,0.322,0.007,16.896650,13.898751,11.492877,9.431572,7.753139,6.185993,5.390209,4.447736,3.681700,3.159838,2.787385,2.685787,2.624650,2.356779,1.933024,5.347532,1.884396,0.691298,0.479433,0.122515,0.167252,0.094799,0.027786,0.055702,0.050152,0.072377,0.022135,0.044684,0.072195,0.067007,0.089193,0.072087,0.027614,0.016837,0.016782,0.011076
39480,39539,39510,870.402,32.014,103.946,18.365,2.229,0.333,0.007,16.790606,13.575718,11.527454,9.717661,7.765958,6.426656,5.641778,4.243221,3.695612,3.099387,2.679678,2.630130,2.577447,2.291715,1.832329,5.512246,1.891907,0.664925,0.366236,0.121939,0.127477,0.083377,0.083567,0.067174,0.049791,0.083242,0.011004,0.033041,0.038399,0.055455,0.072143,0.061132,0.038764,0.005631,0.044412,0.039126
39540,39599,39570,870.393,32.072,102.598,17.340,1.827,0.289,0.006,16.514177,14.009569,11.139918,9.292345,7.731242,6.165109,5.102602,4.470405,3.610746,3.359850,2.903822,2.722962,2.595979,2.409909,1.791315,5.040101,1.798806,0.629054,0.367835,0.099834,0.128434,0.111367,0.067129,0.055291,0.060914,0.055902,0.055506,0.050685,0.033729,0.044328,0.044482,0.016874,0.038809,0.022339,0.011149,0.044975
39600,39659,39630,870.401,32.016,100.403,16.528,1.614,0.271,0.006,16.150368,13.696261,10.566617,9.021932,7.370786,6.303261,4.865761,4.355439,3.650543,3.265968,2.862328,2.761224,2.549895,2.080256,1.598887,5.557553,1.920626,0.606189,0.362634,0.116870,0.116686,0.082799,0.083639,0.066402,0.038877,0.044306,0.044346,0.022337,0.033691,0.033412,0.078517,0.022076,0.011186,0.016650,0.027890,0.016779
39660,39719,39690,870.411,32.030,100.697,16.105,1.582,0.268,0.005,16.041557,13.598129,11.248322,9.215425,7.613663,6.134861,4.706673,4.374315,3.598285,3.198111,2.885271,2.712146,2.569027,2.269165,1.703736,5.414378,1.748473,0.599552,0.383442,0.105596,0.077714,0.055677,0.066258,0.033285,0.033327,0.027705,0.016688,0.027891,0.011338,0.055449,0.028063,0.027418,0.066512,0.022131,0.010875,0.016761
39720,39779,39750,870.407,32.115,103.095,16.148,1.524,0.261,0.005,16.830658,13.306800,11.346922,9.210268,8.340603,6.356159,5.362383,4.360350,3.882588,3.616108,2.661692,2.612350,2.329874,2.100827,1.864608,5.529557,1.669015,0.632748,0.405803,0.104770,0.077867,0.027475,0.055542,0.044690,0.038635,0.033090,0.039030,0.044245,0.044058,0.022285,0.022336,0.033189,0.049994,0.010941,0.010806,0.016515
39780,39839,39810,870.436,32.170,101.586,16.130,1.499,0.256,0.005,16.629044,13.079867,11.341214,9.020868,7.917521,6.398262,5.208062,4.542943,3.853291,3.164944,2.814622,2.545130,2.383687,2.396082,1.569359,5.211744,1.679522,0.581429,0.441616,0.116357,0.099022,0.099243,0.055220,0.066271,0.055289,0.033656,0.049881,0.038420,0.044355,0.038608,0.027392,0.022320,0.005574,0.016593,0.005241,0.033086
39840,39899,39870,870.430,32.016,100.554,16.426,1.685,0.273,0.005,16.191286,13.272379,10.997252,9.539590,7.506097,6.080400,5.118533,4.450355,3.687335,3.161433,2.709013,2.650334,2.414083,2.148987,1.759203,5.357977,1.733638,0.630958,0.366318,0.141551,0.056562,0.101378,0.045432,0.028263,0.017179,0.027866,0.050941,0.061797,0.045319,0.033784,0.056200,0.033904,0.011114,0.016511,0.022622,0.028176
39900,39959,39930,870.437,31.924,103.131,16.887,1.771,0.286,0.005,16.640635,14.106149,11.168492,9.636668,7.683182,6.328191,4.951351,4.348372,3.998282,3.134969,2.828217,2.587451,2.567128,2.350824,1.889763,5.668012,1.548512,0.584568,0.356613,0.089195,0.084167,0.033507,0.066610,0.033525,0.044848,0.044688,0.044919,0.028062,0.055944,0.039082,0.060890,0.027493,0.016937,0.027510,0.022391,0.033679
39960,40019,39990,870.453,32.067,102.687,16.762,1.618,0.261,0.005,15.814332,13.728407,11.063892,9.247455,8.017859,6.653913,5.083492,4.538841,3.905583,3.206514,2.778751,2.943261,2.683366,2.428713,1.797764,5.421065,1.542177,0.638618,0.365830,0.094840,0.094738,0.077936,0.061029,0.093885,0.044321,0.033150,0.032843,0.038787,0.044708,0.049868,0.067081,0.011056,0.022278,0.022174,0.011093,0.027824
40020,40079,40050,870.443,32.196,102.179,16.717,1.565,0.259,0.005,16.330681,13.555588,11.159361,8.848236,7.805409,6.248956,5.239713,4.256726,3.799997,3.383085,3.029361,2.729826,2.774660,2.403180,1.915064,5.235477,1.570035,0.561654,0.433075,0.139051,0.077415,0.054821,0.055883,0.094475,0.093867,0.050212,0.055356,0.055786,0.038882,0.060732,0.044206,0.011245,0.016557,0.022618,0.005669,0.022211
40080,40139,40110,870.452,32.159,102.181,17.200,1.771,0.286,0.006,16.029690,13.194859,11.273254,9.573936,8.135138,6.538857,5.148476,4.387870,3.602568,3.459070,2.875236,2.351578,2.575219,2.129466,1.773890,5.379548,1.722278,0.619264,0.529756,0.117022,0.111168,0.061718,0.055964,0.061304,0.055590,0.039285,0.083308,0.011075,0.039249,0.060877,0.061248,0.022450,0.039266,0.016742,0.022186,0.022169
40140,40199,40170,870.459,31.956,100.836,16.976,1.861,0.299,0.006,15.779760,13.278708,11.139222,9.341791,7.389816,5.982254,5.189800,4.551515,3.705435,3.301701,2.745017,2.723849,2.677353,2.277620,1.865624,5.211600,1.828858,0.691094,0.360811,0.072465,0.116846,0.055790,0.066890,0.055837,0.038473,0.027559,0.043977,0.033447,0.033636,0.027545,0.066977,0.044018,0.027763,0.039008,0.016419,0.027653
40200,40259,40230,870.458,32.049,102.828,16.007,1.514,0.268,0.005,16.664536,13.733737,11.141902,9.009912,7.892288,6.573873,5.264725,4.321084,3.857583,3.239068,2.862091,2.886099,2.483134,2.252346,1.792026,5.410970,1.792253,0.606027,0.349880,0.094970,0.072156,0.055461,0.027490,0.050241,0.094652,0.033474,0.021969,0.033271,0.044492,0.005574,0.055235,0.055641,0.027967,0.011167,0.005669,0.005519
40260,40319,40290,870.478,32.150,103.046,17.325,1.796,0.284,0.006,16.517483,13.101481,11.045713,9.350022,8.002442,6.535491,5.432289,4.688363,3.718415,3.339351,2.902754,2.676332,2.344368,2.289043,1.810660,5.527850,1.709752,0.627806,0.493945,0.121893,0.094347,0.138354,0.094190,0.055971,0.033561,0.044748,0.027934,0.055917,0.027892,0.066349,0.050028,0.033320,0.022027,0.021909,0.016514,0.027505
40320,40379,40350,870.484,32.216,103.749,16.915,1.643,0.264,0.006,16.454693,13.447931,11.438933,9.690606,7.703594,6.201881,5.284795,4.257442,3.874009,3.331273,2.790946,2.867457,2.543247,2.580550,1.855885,5.734319,1.901376,0.595491,0.404445,0.071582,0.098814,0.066350,0.088597,0.060537,0.055000,0.033270,0.032937,0.049507,0.016914,0.039170,0.072568,0.027433,0.021885,0.027802,0.005612,0.022140
40380,40439,40410,870.492,32.058,101.953,16.378,1.574,0.262,0.005,16.246954,13.922394,10.935562,9.539249,7.709121,6.615831,5.172616,4.239572,3.910201,2.940268,2.818521,2.770663,2.478466,2.029697,1.588417,5.472681,1.744518,0.622924,0.416097,0.100375,0.100212,0.078278,0.061169,0.022377,0.055803,0.049883,0.027699,0.055584,0.016704,0.066899,0.044380,0.027835,0.027888,0.016539,0.005482,0.021638
40440,40499,40470,870.478,32.027,103.364,16.746,1.695,0.284,0.005,16.498371,14.015417,10.924020,9.704235,8.075158,6.084348,5.504596,4.473815,3.521449,3.315896,3.114434,2.569235,2.453451,2.355513,1.926617,5.400840,1.645587,0.643250,0.407326,0.094491,0.077751,0.027929,0.022046,0.071606,0.061408,0.038384,0.022027,0.038744,0.038572,0.050144,0.088476,0.032784,0.005556,0.016520,0.016560,0.027538
40500,40559,40530,870.465,32.086,102.535,17.435,1.860,0.291,0.006,16.461166,13.263656,11.302546,9.651205,7.836689,6.465964,5.293561,4.227676,3.544001,3.267209,2.799512,2.596650,2.822863,2.283448,1.955671,5.304326,1.602757,0.567380,0.389735,0.099734,0.072490,0.060584,0.083371,0.055449,0.077644,0.033286,0.061171,0.038874,0.060535,0.067117,0.050290,0.016855,0.050116,0.022187,0.021936,0.027475
40560,40619,40590,870.476,32.165,103.358,17.302,1.722,0.283,0.006,16.544767,13.344719,11.350715,9.318455,8.181163,6.833858,5.253416,4.489700,3.545530,3.173028,2.715129,2.546256,2.680771,2.521405,1.856529,5.247749,1.760441,0.655051,0.350162,0.094292,0.139047,0.077987,0.144437,0.055365,0.060991,0.044037,0.055940,0.044451,0.033330,0.082930,0.050100,0.022248,0.033750,0.027909,0.005556,0.016559
40620,40679,40650,870.484,31.931,104.588,17.027,1.748,0.283,0.005,17.117506,14.161865,11.437602,9.509293,7.650384,6.273734,5.367323,4.521508,3.761615,3.233131,2.895786,2.754966,2.637833,2.455561,1.851932,5.258805,1.926293,0.672979,0.344889,0.100441,0.077474,0.078084,0.049648,0.050193,0.033159,0.061355,0.033618,0.027649,0.044509,0.022242,0.038733,0.022042,0.022032,0.027471,0.027931,0.038596
