CampaignData_and_Merges/R0/CSL_MobileLab_Parked/raw/20240817/USOS-O3_MobileLabGround_20240817_R0.ict
34, 1001
Carrie Womack
NOAA Chemical Sciences Laboratory
2B Tech O3 UV Analyzer
USOS
1, 1
2024, 08, 17, 2024, 12, 21
60
Time_Start, seconds_past_midnight, Seconds from midnight UTC
1
1
-9999
O3_ppb, ppb, Ozone from 2B Tech UV Analyzer
1
SPECIAL COMMENTS:
18
PI_CONTACT_INFO: Address: 325 Broadway R/CSL7, Boulder, CO, 80305
PLATFORM: CSL Mobile Lab
LOCATION: Salt Lake City, UT
ASSOCIATED_DATA: N/A
INSTRUMENT_INFO: N/A
DATA_INFO: Units:
UNCERTAINTY: N/A
ULOD_FLAG: -7777
ULOD_VALUE: N/A
LLOD_FLAG: -8888
LLOD_VALUE: N/A
DM_CONTACT_INFO: Data Manager: Nate Howard
PROJECT_INFO: 
STIPULATIONS_ON_USE: Use of these data require prior ok from PI.
OTHER_COMMENTS: N/A
REVISION: R0
R0: Final data. RA: Preliminary Data.  For in-field use only.
Time_Start, O3_ppb
0.0,49.9
60.0,44.4
120.0,49.4
180.0,47.4
240.0,50.1
300.0,48.9
360.0,50.3
420.0,48.0
480.0,48.4
540.0,48.5
600.0,47.3
660.0,48.5
720.0,45.6
780.0,46.1
840.0,46.3
900.0,47.8
960.0,48.9
1020.0,48.7
1080.0,49.4
1140.0,51.6
1200.0,50.4
1260.0,50.2
1320.0,50.3
1380.0,49.5
1440.0,50.8
1500.0,48.3
1560.0,49.1
1620.0,45.9
1680.0,49.0
1740.0,48.6
1800.0,47.5
1860.0,49.5
1920.0,48.7
1980.0,47.0
2040.0,47.5
2100.0,48.0
2160.0,44.6
2220.0,49.3
2280.0,50.2
2340.0,49.5
2400.0,49.9
2460.0,49.7
2520.0,48.5
2580.0,49.1
2640.0,48.9
2700.0,48.6
2760.0,48.3
2820.0,48.4
2880.0,45.0
2940.0,44.3
3000.0,46.8
3060.0,45.7
3120.0,46.0
3180.0,46.7
3240.0,43.2
3300.0,48.4
3360.0,46.5
3420.0,45.1
3480.0,46.3
3540.0,48.5
3600.0,46.2
3660.0,-9999.0
3720.0,-9999.0
3780.0,-9999.0
3840.0,-9999.0
3900.0,-9999.0
3960.0,-9999.0
4020.0,-9999.0
4080.0,-9999.0
4140.0,-9999.0
4200.0,-9999.0
4260.0,-9999.0
4320.0,-9999.0
4380.0,-9999.0
4440.0,-9999.0
4500.0,-9999.0
4560.0,-9999.0
4620.0,-9999.0
4680.0,-9999.0
4740.0,44.4
4800.0,45.7
4860.0,45.5
4920.0,43.3
4980.0,41.7
5040.0,44.4
5100.0,44.6
5160.0,42.6
5220.0,44.8
5280.0,41.8
5340.0,43.9
5400.0,44.2
5460.0,44.0
5520.0,42.1
5580.0,44.7
5640.0,44.1
5700.0,44.2
5760.0,45.6
5820.0,43.9
5880.0,43.2
5940.0,43.4
6000.0,45.2
6060.0,44.9
6120.0,44.9
6180.0,45.1
6240.0,45.0
6300.0,43.0
6360.0,44.7
6420.0,43.4
6480.0,41.6
6540.0,42.5
6600.0,43.3
6660.0,41.0
6720.0,39.9
6780.0,39.2
6840.0,37.1
6900.0,34.9
6960.0,41.5
7020.0,40.2
7080.0,38.9
7140.0,44.3
7200.0,42.9
7260.0,42.4
7320.0,39.7
7380.0,37.8
7440.0,39.0
7500.0,38.4
7560.0,39.0
7620.0,38.1
7680.0,37.1
7740.0,36.9
7800.0,35.9
7860.0,36.2
7920.0,36.9
7980.0,36.4
8040.0,35.9
8100.0,-9999.0
8160.0,-9999.0
8220.0,-9999.0
8280.0,-9999.0
8340.0,-9999.0
8400.0,-9999.0
8460.0,-9999.0
8520.0,-9999.0
8580.0,-9999.0
8640.0,-9999.0
8700.0,-9999.0
8760.0,-9999.0
8820.0,-9999.0
8880.0,-9999.0
8940.0,-9999.0
9000.0,-9999.0
9060.0,-9999.0
9120.0,-9999.0
9180.0,-9999.0
9240.0,-9999.0
9300.0,-9999.0
9360.0,-9999.0
9420.0,-9999.0
9480.0,-9999.0
9540.0,-9999.0
9600.0,-9999.0
9660.0,-9999.0
9720.0,-9999.0
9780.0,-9999.0
9840.0,-9999.0
9900.0,-9999.0
9960.0,-9999.0
10020.0,-9999.0
10080.0,-9999.0
10140.0,-9999.0
10200.0,-9999.0
10260.0,-9999.0
10320.0,-9999.0
10380.0,-9999.0
10440.0,-9999.0
10500.0,-9999.0
10560.0,-9999.0
10620.0,-9999.0
10680.0,-9999.0
10740.0,-9999.0
10800.0,-9999.0
10860.0,-9999.0
10920.0,-9999.0
10980.0,-9999.0
11040.0,-9999.0
11100.0,-9999.0
11160.0,-9999.0
11220.0,-9999.0
11280.0,-9999.0
11340.0,-9999.0
11400.0,-9999.0
11460.0,-9999.0
11520.0,-9999.0
11580.0,-9999.0
11640.0,-9999.0
11700.0,-9999.0
11760.0,-9999.0
11820.0,-9999.0
11880.0,-9999.0
11940.0,-9999.0
12000.0,-9999.0
12060.0,-9999.0
12120.0,-9999.0
12180.0,-9999.0
12240.0,-9999.0
12300.0,-9999.0
12360.0,-9999.0
12420.0,-9999.0
12480.0,-9999.0
12540.0,-9999.0
12600.0,-9999.0
12660.0,-9999.0
12720.0,-9999.0
12780.0,-9999.0
12840.0,-9999.0
12900.0,-9999.0
12960.0,-9999.0
13020.0,-9999.0
13080.0,-9999.0
13140.0,-9999.0
13200.0,-9999.0
13260.0,-9999.0
13320.0,-9999.0
13380.0,-9999.0
13440.0,-9999.0
13500.0,-9999.0
13560.0,-9999.0
13620.0,-9999.0
13680.0,-9999.0
13740.0,-9999.0
13800.0,-9999.0
13860.0,-9999.0
13920.0,-9999.0
13980.0,-9999.0
14040.0,-9999.0
14100.0,-9999.0
14160.0,-9999.0
14220.0,-9999.0
14280.0,-9999.0
14340.0,-9999.0
14400.0,-9999.0
14460.0,-9999.0
14520.0,-9999.0
14580.0,-9999.0
14640.0,-9999.0
14700.0,-9999.0
14760.0,-9999.0
14820.0,-9999.0
14880.0,-9999.0
14940.0,-9999.0
15000.0,-9999.0
15060.0,-9999.0
15120.0,-9999.0
15180.0,-9999.0
15240.0,-9999.0
15300.0,-9999.0
15360.0,-9999.0
15420.0,-9999.0
15480.0,-9999.0
15540.0,-9999.0
15600.0,-9999.0
15660.0,-9999.0
15720.0,-9999.0
15780.0,-9999.0
15840.0,-9999.0
15900.0,-9999.0
15960.0,-9999.0
16020.0,-9999.0
16080.0,-9999.0
16140.0,-9999.0
16200.0,-9999.0
16260.0,-9999.0
16320.0,-9999.0
16380.0,-9999.0
16440.0,-9999.0
16500.0,-9999.0
16560.0,-9999.0
16620.0,-9999.0
16680.0,-9999.0
16740.0,-9999.0
16800.0,-9999.0
16860.0,-9999.0
16920.0,-9999.0
16980.0,-9999.0
17040.0,-9999.0
17100.0,-9999.0
17160.0,-9999.0
17220.0,-9999.0
17280.0,-9999.0
17340.0,-9999.0
17400.0,-9999.0
17460.0,-9999.0
17520.0,-9999.0
17580.0,-9999.0
17640.0,-9999.0
17700.0,-9999.0
17760.0,-9999.0
17820.0,-9999.0
17880.0,-9999.0
17940.0,-9999.0
18000.0,-9999.0
18060.0,-9999.0
18120.0,-9999.0
18180.0,-9999.0
18240.0,-9999.0
18300.0,-9999.0
18360.0,-9999.0
18420.0,-9999.0
18480.0,-9999.0
18540.0,-9999.0
18600.0,-9999.0
18660.0,-9999.0
18720.0,-9999.0
18780.0,-9999.0
18840.0,-9999.0
18900.0,-9999.0
18960.0,-9999.0
19020.0,-9999.0
19080.0,-9999.0
19140.0,-9999.0
19200.0,-9999.0
19260.0,-9999.0
19320.0,-9999.0
19380.0,-9999.0
19440.0,-9999.0
19500.0,-9999.0
19560.0,-9999.0
19620.0,-9999.0
19680.0,-9999.0
19740.0,-9999.0
19800.0,-9999.0
19860.0,-9999.0
19920.0,-9999.0
19980.0,-9999.0
20040.0,-9999.0
20100.0,-9999.0
20160.0,-9999.0
20220.0,-9999.0
20280.0,-9999.0
20340.0,-9999.0
20400.0,-9999.0
20460.0,-9999.0
20520.0,-9999.0
20580.0,-9999.0
20640.0,-9999.0
20700.0,-9999.0
20760.0,-9999.0
20820.0,-9999.0
20880.0,-9999.0
20940.0,-9999.0
21000.0,-9999.0
21060.0,-9999.0
21120.0,-9999.0
21180.0,-9999.0
21240.0,-9999.0
21300.0,-9999.0
21360.0,-9999.0
21420.0,-9999.0
21480.0,-9999.0
21540.0,-9999.0
21600.0,-9999.0
21660.0,-9999.0
21720.0,-9999.0
21780.0,-9999.0
21840.0,-9999.0
21900.0,-9999.0
21960.0,-9999.0
22020.0,-9999.0
22080.0,-9999.0
22140.0,-9999.0
22200.0,-9999.0
22260.0,27.6
22320.0,-9999.0
22380.0,-9999.0
22440.0,-9999.0
22500.0,-9999.0
22560.0,-9999.0
22620.0,-9999.0
22680.0,-9999.0
22740.0,-9999.0
22800.0,-9999.0
22860.0,-9999.0
22920.0,-9999.0
22980.0,-9999.0
23040.0,-9999.0
23100.0,-9999.0
23160.0,-9999.0
23220.0,-9999.0
23280.0,29.1
23340.0,31.0
23400.0,30.9
23460.0,30.5
23520.0,30.6
23580.0,30.0
23640.0,31.5
23700.0,30.5
23760.0,32.3
23820.0,34.8
23880.0,34.7
23940.0,34.9
24000.0,32.4
24060.0,31.0
24120.0,30.4
24180.0,27.3
24240.0,26.1
24300.0,29.0
24360.0,32.6
24420.0,33.5
24480.0,28.0
24540.0,32.4
24600.0,27.5
24660.0,31.8
24720.0,34.9
24780.0,37.1
24840.0,36.1
24900.0,37.1
24960.0,34.2
25020.0,35.8
25080.0,36.2
25140.0,40.3
25200.0,40.5
25260.0,39.2
25320.0,37.4
25380.0,35.1
25440.0,33.1
25500.0,33.0
25560.0,35.6
25620.0,33.6
25680.0,33.4
25740.0,33.1
25800.0,30.4
25860.0,31.3
25920.0,31.5
25980.0,35.7
26040.0,36.3
26100.0,38.5
26160.0,36.7
26220.0,35.3
26280.0,39.1
26340.0,39.7
26400.0,38.6
26460.0,37.6
26520.0,35.9
26580.0,35.1
26640.0,35.0
26700.0,34.4
26760.0,34.6
26820.0,38.6
26880.0,37.0
26940.0,37.3
27000.0,34.8
27060.0,37.7
27120.0,38.3
27180.0,35.3
27240.0,34.3
27300.0,37.6
27360.0,24.1
27420.0,32.6
27480.0,35.6
27540.0,38.5
27600.0,38.4
27660.0,41.1
27720.0,42.1
27780.0,42.3
27840.0,41.9
27900.0,41.3
27960.0,40.0
28020.0,41.3
28080.0,41.1
28140.0,36.2
28200.0,38.5
28260.0,39.7
28320.0,41.0
28380.0,41.8
28440.0,41.2
28500.0,42.7
28560.0,42.3
28620.0,43.0
28680.0,42.9
28740.0,43.0
28800.0,42.8
28860.0,42.5
28920.0,42.0
28980.0,41.8
29040.0,41.7
29100.0,42.0
29160.0,42.1
29220.0,41.6
29280.0,42.1
29340.0,40.2
29400.0,39.9
29460.0,38.2
29520.0,38.0
29580.0,37.4
29640.0,38.6
29700.0,38.8
29760.0,37.4
29820.0,34.8
29880.0,36.4
29940.0,38.4
30000.0,36.7
30060.0,34.3
30120.0,36.5
30180.0,34.8
30240.0,34.8
30300.0,36.1
30360.0,36.7
30420.0,37.5
30480.0,37.8
30540.0,37.1
30600.0,35.3
30660.0,36.8
30720.0,39.3
30780.0,39.7
30840.0,38.1
30900.0,37.9
30960.0,38.6
31020.0,39.3
31080.0,37.0
31140.0,37.2
31200.0,39.7
31260.0,39.4
31320.0,37.5
31380.0,37.7
31440.0,37.4
31500.0,37.5
31560.0,38.0
31620.0,39.8
31680.0,39.3
31740.0,39.4
31800.0,39.2
31860.0,39.8
31920.0,38.5
31980.0,39.3
32040.0,39.9
32100.0,39.9
32160.0,39.5
32220.0,39.5
32280.0,40.3
32340.0,40.5
32400.0,40.3
32460.0,39.6
32520.0,40.4
32580.0,40.3
32640.0,40.7
32700.0,40.3
32760.0,40.3
32820.0,39.3
32880.0,39.9
32940.0,40.4
33000.0,40.1
33060.0,40.6
33120.0,38.5
33180.0,39.6
33240.0,40.1
33300.0,40.4
33360.0,40.1
33420.0,40.1
33480.0,39.7
33540.0,39.2
33600.0,39.0
33660.0,38.5
33720.0,38.6
33780.0,39.2
33840.0,38.3
33900.0,38.6
33960.0,39.4
34020.0,39.4
34080.0,38.6
34140.0,38.0
34200.0,38.2
34260.0,38.6
34320.0,38.2
34380.0,37.7
34440.0,37.5
34500.0,38.3
34560.0,36.2
34620.0,37.8
34680.0,37.0
34740.0,36.6
34800.0,36.2
34860.0,36.5
34920.0,36.9
34980.0,36.4
35040.0,35.5
35100.0,36.0
35160.0,34.5
35220.0,33.3
35280.0,32.7
35340.0,34.2
35400.0,32.9
35460.0,33.1
35520.0,31.5
35580.0,28.8
35640.0,29.1
35700.0,31.6
35760.0,30.3
35820.0,26.2
35880.0,28.6
35940.0,30.5
36000.0,29.1
36060.0,29.4
36120.0,28.1
36180.0,29.4
36240.0,28.7
36300.0,28.5
36360.0,25.6
36420.0,25.7
36480.0,26.1
36540.0,24.9
36600.0,29.9
36660.0,25.9
36720.0,26.6
36780.0,26.1
36840.0,24.9
36900.0,26.4
36960.0,26.7
37020.0,28.1
37080.0,28.8
37140.0,28.4
37200.0,27.5
37260.0,27.8
37320.0,27.4
37380.0,28.7
37440.0,28.4
37500.0,28.1
37560.0,28.9
37620.0,29.2
37680.0,26.0
37740.0,27.7
37800.0,29.1
37860.0,30.3
37920.0,28.6
37980.0,31.4
38040.0,31.0
38100.0,28.3
38160.0,27.1
38220.0,27.5
38280.0,26.4
38340.0,23.3
38400.0,24.3
38460.0,22.6
38520.0,25.5
38580.0,26.4
38640.0,25.5
38700.0,25.5
38760.0,23.3
38820.0,22.1
38880.0,23.6
38940.0,24.4
39000.0,25.7
39060.0,24.2
39120.0,19.6
39180.0,22.3
39240.0,18.2
39300.0,20.3
39360.0,22.3
39420.0,21.9
39480.0,23.7
39540.0,23.8
39600.0,24.1
39660.0,23.5
39720.0,23.8
39780.0,24.0
39840.0,23.1
39900.0,23.4
39960.0,23.1
40020.0,24.0
40080.0,22.7
40140.0,21.3
40200.0,22.1
40260.0,23.7
40320.0,21.5
40380.0,21.3
40440.0,21.3
40500.0,21.2
40560.0,22.3
40620.0,20.0
40680.0,19.7
40740.0,21.0
40800.0,22.6
40860.0,21.3
40920.0,21.2
40980.0,20.4
41040.0,21.9
41100.0,22.7
41160.0,23.3
41220.0,20.3
41280.0,18.2
41340.0,15.6
41400.0,21.1
41460.0,23.0
41520.0,23.1
41580.0,18.8
41640.0,21.7
41700.0,20.3
41760.0,22.5
41820.0,21.5
41880.0,21.4
41940.0,22.7
42000.0,24.0
42060.0,23.7
42120.0,23.8
42180.0,23.1
42240.0,23.1
42300.0,22.8
42360.0,22.2
42420.0,22.4
42480.0,24.3
42540.0,24.2
42600.0,23.7
42660.0,23.7
42720.0,21.9
42780.0,18.0
42840.0,20.1
42900.0,21.7
42960.0,21.0
43020.0,20.7
43080.0,21.1
43140.0,20.0
43200.0,17.9
43260.0,16.9
43320.0,19.5
43380.0,20.6
43440.0,20.2
43500.0,19.5
43560.0,20.6
43620.0,22.1
43680.0,21.2
43740.0,22.8
43800.0,21.5
43860.0,22.2
43920.0,22.4
43980.0,21.4
44040.0,21.6
44100.0,22.5
44160.0,22.3
44220.0,21.8
44280.0,22.3
44340.0,23.2
44400.0,21.3
44460.0,21.0
44520.0,21.4
44580.0,20.8
44640.0,20.0
44700.0,19.3
44760.0,21.2
44820.0,21.7
44880.0,21.7
44940.0,18.7
45000.0,17.4
45060.0,18.6
45120.0,20.3
45180.0,20.0
45240.0,20.1
45300.0,19.5
45360.0,18.2
45420.0,19.5
45480.0,18.6
45540.0,18.2
45600.0,18.0
45660.0,17.2
45720.0,18.6
45780.0,17.8
45840.0,16.8
45900.0,18.7
45960.0,19.8
46020.0,18.3
46080.0,19.2
46140.0,22.0
46200.0,19.2
46260.0,18.4
46320.0,18.4
46380.0,17.9
46440.0,18.0
46500.0,17.8
46560.0,18.5
46620.0,17.9
46680.0,16.6
46740.0,15.4
46800.0,16.9
46860.0,19.6
46920.0,19.8
46980.0,20.7
47040.0,16.4
47100.0,17.0
47160.0,17.6
47220.0,17.7
47280.0,11.8
47340.0,14.2
47400.0,20.5
47460.0,20.8
47520.0,18.8
47580.0,19.8
47640.0,19.0
47700.0,18.3
47760.0,18.8
47820.0,20.4
47880.0,19.9
47940.0,19.6
48000.0,20.6
48060.0,18.2
48120.0,19.0
48180.0,18.9
48240.0,18.1
48300.0,21.4
48360.0,20.2
48420.0,19.3
48480.0,22.8
48540.0,23.1
48600.0,20.2
48660.0,21.3
48720.0,20.1
48780.0,16.1
48840.0,22.3
48900.0,22.2
48960.0,20.9
49020.0,23.5
49080.0,23.5
49140.0,25.9
49200.0,27.2
49260.0,27.6
49320.0,26.0
49380.0,26.5
49440.0,24.6
49500.0,23.9
49560.0,24.3
49620.0,26.4
49680.0,24.3
49740.0,26.9
49800.0,26.8
49860.0,25.6
49920.0,27.3
49980.0,28.3
50040.0,27.1
50100.0,26.3
50160.0,27.0
50220.0,28.1
50280.0,27.1
50340.0,28.4
50400.0,25.4
50460.0,27.9
50520.0,27.0
50580.0,25.9
50640.0,27.1
50700.0,27.8
50760.0,26.5
50820.0,25.6
50880.0,21.3
50940.0,22.1
51000.0,23.5
51060.0,25.5
51120.0,24.1
51180.0,25.4
51240.0,22.8
51300.0,24.1
51360.0,23.0
51420.0,23.4
51480.0,25.1
51540.0,24.7
51600.0,24.4
51660.0,25.6
51720.0,25.6
51780.0,25.7
51840.0,25.5
51900.0,25.7
51960.0,27.3
52020.0,26.0
52080.0,26.5
52140.0,23.3
52200.0,23.4
52260.0,26.3
52320.0,26.2
52380.0,29.0
52440.0,25.9
52500.0,25.7
52560.0,27.1
52620.0,25.8
52680.0,26.1
52740.0,29.1
52800.0,28.4
52860.0,28.6
52920.0,27.1
52980.0,24.1
53040.0,24.3
53100.0,26.5
53160.0,27.4
53220.0,27.7
53280.0,26.2
53340.0,25.6
53400.0,25.7
53460.0,24.0
53520.0,24.2
53580.0,25.2
53640.0,27.4
53700.0,27.8
53760.0,25.7
53820.0,23.9
53880.0,24.9
53940.0,25.5
54000.0,24.3
54060.0,27.9
54120.0,28.0
54180.0,27.1
54240.0,25.4
54300.0,25.1
54360.0,25.7
54420.0,25.6
54480.0,26.2
54540.0,25.7
54600.0,25.7
54660.0,25.5
54720.0,25.7
54780.0,25.7
54840.0,25.3
54900.0,27.9
54960.0,26.8
55020.0,28.5
55080.0,27.4
55140.0,26.4
55200.0,26.8
55260.0,28.9
55320.0,28.8
55380.0,25.9
55440.0,27.3
55500.0,27.1
55560.0,29.2
55620.0,28.9
55680.0,28.2
55740.0,33.0
55800.0,32.5
55860.0,31.9
55920.0,30.1
55980.0,24.2
56040.0,27.2
56100.0,30.1
56160.0,32.1
56220.0,34.7
56280.0,32.2
56340.0,30.4
56400.0,32.2
56460.0,33.8
56520.0,33.0
56580.0,34.5
56640.0,35.1
56700.0,34.9
56760.0,31.6
56820.0,34.5
56880.0,35.4
56940.0,28.3
57000.0,32.5
57060.0,36.2
57120.0,36.6
57180.0,36.2
57240.0,34.4
57300.0,36.4
57360.0,36.9
57420.0,35.0
57480.0,34.5
57540.0,36.6
57600.0,34.3
57660.0,33.1
57720.0,32.3
57780.0,32.3
57840.0,31.0
57900.0,28.0
57960.0,33.9
58020.0,33.0
58080.0,35.2
58140.0,32.4
58200.0,33.8
58260.0,34.9
58320.0,36.7
58380.0,35.6
58440.0,35.1
58500.0,37.7
58560.0,34.8
58620.0,37.3
58680.0,35.3
58740.0,36.0
58800.0,34.5
58860.0,35.7
58920.0,33.4
58980.0,33.3
59040.0,34.3
59100.0,35.0
59160.0,36.3
59220.0,36.1
59280.0,35.5
59340.0,33.9
59400.0,37.1
59460.0,36.6
59520.0,35.8
59580.0,37.6
59640.0,37.3
59700.0,37.3
59760.0,38.2
59820.0,37.5
59880.0,40.1
59940.0,40.5
60000.0,40.2
60060.0,40.8
60120.0,40.6
60180.0,41.2
60240.0,41.0
60300.0,41.3
60360.0,40.7
60420.0,40.2
60480.0,40.7
60540.0,40.8
60600.0,40.8
60660.0,39.8
60720.0,40.4
60780.0,40.4
60840.0,39.8
60900.0,39.5
60960.0,40.5
61020.0,40.2
61080.0,40.2
61140.0,39.8
61200.0,39.7
61260.0,40.0
61320.0,40.3
61380.0,41.1
61440.0,41.0
61500.0,41.9
61560.0,41.2
61620.0,41.4
61680.0,41.2
61740.0,41.8
61800.0,41.5
61860.0,41.1
61920.0,38.7
61980.0,39.9
62040.0,41.7
62100.0,40.6
62160.0,40.0
62220.0,41.8
62280.0,40.8
62340.0,41.7
62400.0,41.8
62460.0,41.8
62520.0,39.3
62580.0,39.3
62640.0,40.1
62700.0,41.6
62760.0,41.2
62820.0,41.2
62880.0,40.8
62940.0,40.6
63000.0,40.4
63060.0,40.7
63120.0,40.8
63180.0,40.8
63240.0,40.7
63300.0,38.9
63360.0,39.4
63420.0,38.8
63480.0,40.0
63540.0,40.2
63600.0,39.8
63660.0,39.1
63720.0,39.2
63780.0,38.6
63840.0,40.3
63900.0,39.0
63960.0,40.4
64020.0,40.3
64080.0,40.2
64140.0,38.2
64200.0,39.0
64260.0,38.8
64320.0,39.0
64380.0,39.0
64440.0,38.5
64500.0,38.9
64560.0,37.7
64620.0,38.1
64680.0,36.7
64740.0,38.4
64800.0,36.9
64860.0,38.1
64920.0,38.2
64980.0,38.1
65040.0,38.3
65100.0,37.3
65160.0,36.2
65220.0,38.1
65280.0,36.8
65340.0,35.2
65400.0,34.2
65460.0,35.1
65520.0,35.4
65580.0,36.1
65640.0,35.2
65700.0,35.3
65760.0,34.9
65820.0,36.4
65880.0,35.6
65940.0,36.0
66000.0,33.5
66060.0,33.7
66120.0,33.2
66180.0,33.8
66240.0,32.5
66300.0,32.0
66360.0,31.5
66420.0,31.6
66480.0,32.0
66540.0,31.0
66600.0,31.0
66660.0,30.8
66720.0,30.1
66780.0,30.3
66840.0,29.5
66900.0,27.3
66960.0,25.6
67020.0,24.0
67080.0,23.8
67140.0,21.1
67200.0,21.2
67260.0,25.3
67320.0,26.9
67380.0,28.2
67440.0,29.2
67500.0,29.3
67560.0,30.6
67620.0,28.8
67680.0,27.3
67740.0,28.2
67800.0,25.8
67860.0,26.8
67920.0,35.8
67980.0,34.0
68040.0,33.5
68100.0,31.6
68160.0,32.1
68220.0,30.7
68280.0,28.8
68340.0,29.9
68400.0,30.3
68460.0,29.6
68520.0,30.1
68580.0,28.4
68640.0,27.3
68700.0,29.4
68760.0,31.6
68820.0,31.4
68880.0,30.0
68940.0,31.1
69000.0,30.0
69060.0,27.9
69120.0,30.3
69180.0,27.4
69240.0,28.3
69300.0,29.4
69360.0,29.4
69420.0,29.1
69480.0,28.6
69540.0,29.9
69600.0,29.6
69660.0,31.0
69720.0,30.0
69780.0,30.0
69840.0,30.5
69900.0,31.1
69960.0,32.9
70020.0,33.4
70080.0,34.2
70140.0,33.7
70200.0,33.3
70260.0,33.8
70320.0,34.3
70380.0,32.8
70440.0,34.5
70500.0,33.7
70560.0,34.5
70620.0,34.2
70680.0,35.1
70740.0,33.6
70800.0,34.0
70860.0,33.3
70920.0,33.6
70980.0,35.2
71040.0,35.4
71100.0,35.4
71160.0,34.3
71220.0,34.8
71280.0,34.2
71340.0,34.8
71400.0,34.5
71460.0,34.9
71520.0,34.8
71580.0,35.3
71640.0,36.4
71700.0,35.9
71760.0,36.2
71820.0,37.5
71880.0,35.2
71940.0,35.5
72000.0,35.1
72060.0,36.7
72120.0,36.3
72180.0,34.7
72240.0,36.3
72300.0,36.5
72360.0,36.8
72420.0,35.5
72480.0,37.3
72540.0,35.9
72600.0,36.2
72660.0,36.3
72720.0,35.6
72780.0,35.5
72840.0,35.6
72900.0,37.7
72960.0,35.6
73020.0,35.0
73080.0,35.5
73140.0,35.1
73200.0,35.8
73260.0,33.4
73320.0,34.9
73380.0,34.1
73440.0,33.5
73500.0,32.5
73560.0,31.1
73620.0,31.1
73680.0,29.8
73740.0,29.0
73800.0,27.3
73860.0,27.4
73920.0,30.8
73980.0,29.6
74040.0,30.0
74100.0,29.0
74160.0,30.0
74220.0,28.4
74280.0,29.1
74340.0,29.6
74400.0,30.2
74460.0,28.2
74520.0,27.5
74580.0,27.1
74640.0,29.3
74700.0,28.3
74760.0,28.1
74820.0,28.6
74880.0,30.0
74940.0,27.3
75000.0,26.3
75060.0,23.9
75120.0,21.9
75180.0,24.4
75240.0,26.0
75300.0,24.8
75360.0,27.4
75420.0,24.8
75480.0,26.1
75540.0,26.1
75600.0,24.6
75660.0,25.8
75720.0,25.1
75780.0,25.4
75840.0,26.7
75900.0,25.4
75960.0,25.9
76020.0,25.5
76080.0,26.0
76140.0,27.4
76200.0,27.9
76260.0,28.9
76320.0,29.7
76380.0,30.5
76440.0,31.8
76500.0,32.3
76560.0,32.1
76620.0,30.6
76680.0,31.6
76740.0,31.8
76800.0,33.0
76860.0,32.1
76920.0,33.0
76980.0,35.5
77040.0,35.2
77100.0,34.7
77160.0,35.3
77220.0,36.1
77280.0,35.6
77340.0,33.7
77400.0,35.3
77460.0,35.3
77520.0,34.8
77580.0,36.2
77640.0,36.3
77700.0,36.9
77760.0,35.3
77820.0,33.3
77880.0,37.0
77940.0,35.0
78000.0,34.2
78060.0,34.6
78120.0,34.5
78180.0,36.8
78240.0,33.4
78300.0,34.5
78360.0,33.6
78420.0,34.4
78480.0,34.8
78540.0,34.5
78600.0,35.7
78660.0,35.8
78720.0,34.7
78780.0,33.7
78840.0,35.3
78900.0,35.5
78960.0,34.3
79020.0,35.9
79080.0,36.0
79140.0,35.1
79200.0,33.4
79260.0,34.4
79320.0,36.1
79380.0,36.3
79440.0,36.3
79500.0,32.6
79560.0,36.4
79620.0,38.1
79680.0,37.4
79740.0,37.2
79800.0,42.0
79860.0,40.4
79920.0,35.0
79980.0,35.7
80040.0,41.6
80100.0,40.0
80160.0,41.5
80220.0,40.4
80280.0,38.8
80340.0,42.3
80400.0,39.4
80460.0,41.5
80520.0,42.8
80580.0,42.5
80640.0,43.0
80700.0,42.1
80760.0,42.7
80820.0,42.5
80880.0,42.2
80940.0,42.4
81000.0,41.0
81060.0,40.8
81120.0,40.6
81180.0,42.2
81240.0,42.3
81300.0,42.7
81360.0,42.3
81420.0,41.0
81480.0,41.3
81540.0,42.1
81600.0,42.3
81660.0,41.2
81720.0,40.1
81780.0,42.9
81840.0,41.1
81900.0,40.8
81960.0,41.7
82020.0,42.5
82080.0,42.5
82140.0,42.1
82200.0,42.1
82260.0,43.6
82320.0,42.9
82380.0,41.2
82440.0,40.7
82500.0,42.5
82560.0,43.1
82620.0,41.1
82680.0,41.3
82740.0,42.3
82800.0,44.0
82860.0,43.3
82920.0,42.7
82980.0,42.4
83040.0,43.7
83100.0,44.1
83160.0,43.8
83220.0,43.4
83280.0,42.7
83340.0,42.2
83400.0,40.9
83460.0,41.7
83520.0,42.7
83580.0,42.6
83640.0,43.3
83700.0,42.3
83760.0,42.3
83820.0,42.1
83880.0,43.8
83940.0,43.3
84000.0,44.9
84060.0,42.9
84120.0,43.3
84180.0,43.5
84240.0,44.4
84300.0,44.4
84360.0,43.4
84420.0,43.8
84480.0,43.2
84540.0,42.3
84600.0,43.5
84660.0,42.7
84720.0,41.6
84780.0,42.7
84840.0,43.8
84900.0,44.2
84960.0,43.8
85020.0,42.9
85080.0,42.5
85140.0,42.3
85200.0,43.3
85260.0,42.5
85320.0,41.2
85380.0,40.5
85440.0,42.3
85500.0,43.0
85560.0,41.8
85620.0,42.5
85680.0,42.7
85740.0,41.2
85800.0,39.9
85860.0,38.3
85920.0,39.5
85980.0,38.5
86040.0,41.6
86100.0,40.6
86160.0,40.5
86220.0,42.2
86280.0,42.0
86340.0,41.2
