CampaignData_and_Merges/R0/CSL_MobileLab_Parked/raw/20240817/USOS-Picarro-CO2-CH4-CO-H2O_MobileLabGround_20240817_R0.ict
38, 1001
Ilana Pollack, Nell Schafer, and Jeff Peischl
NOAA Chemical Sciences Laboratory
Picarro 2401-m CO2/CH4/CO/H2O Analyzer
USOS
1, 1
2024, 08, 17, 2024, 11, 20
0
StartTime_UTC, seconds_past_midnight, seconds past midnight
5
1, 1, 1, 1, 1
-9999, -9999, -9999, -9999, -9999
StopTime_UTC, seconds_past_midnight, seconds past midnight
CO2_ppm_1min, ppm, Gas_CO2_InSitu_S_DMF, carbon dioxide mixing ratio
CH4_ppb_1min, ppb, Gas_CH4_InSitu_S_DMF, methane mixing ratio
CO_ppb_1min, ppb, Gas_CO_InSitu_S_DMF, carbon monoxide mixing ratio
H2O_ppmv_1min, ppmv, Met_H2OMRV_InSitu_S_AVMR, water vapor mixing ratio
1
SPECIAL COMMENTS: N/A
18
PI_CONTACT_INFO: Address: NOAA Chemical Sciences Laboratory, Mail Stop CSL7, 325 Broadway, Boulder, CO 80305; Email: Ilana.Pollack@noaa.gov
PLATFORM: NOAA CSL Mobile Laboratory
LOCATION: The mobile lab was stationed in Salt Lake City, Utah.
ASSOCIATED_DATA: N/A
INSTRUMENT_INFO: CO2, CH4, and CO are reported as dry air mole fractions using a commercial wavelength-scanned cavity ring-down analyzer (Picarro 2401-m). An in-field calibration gas standard of 432±0.07 ppm CO2, 2095±1 ppb CH4, and 183±1 ppb CO, calibrated in the Boulder laboratories before and after the field project using primary CO2, CH4, and CO standard tanks tied to the WMO standard (X2019, X2004A, and X2014A, respectively) from the Global Monitoring Laboratory (GML), was delivered to the inlet every 2-3 days to evaluate instrument sensitivity. A H2O measurement was calibrated before the project with a Dew Point Mirror 373 hygrometer. The water correction calculated from these calibrations was applied to the H2O measurement for the entire campaign. Species are measured at 0.5 Hz and reported as 1-minute averages for stationary measurements.
DATA_INFO: Units: CO2, ppm, dry air mole fraction; CH4, ppb, dry air mole fraction; CO, ppb, dry air mole fraction; H2O, ppmv
UNCERTAINTY: Total uncertainties are estimated as ±0.1 ppm for CO2, ±1 ppb for CH4, ±5 ppb for CO, and ±(50 ppm + 4%) for H2O.
ULOD_FLAG: -7777
ULOD_VALUE: N/A
LLOD_FLAG: -8888
LLOD_VALUE: N/A
DM_CONTACT_INFO: Data Manager: Nathan Howard; nathan.h.howard@noaa.gov
PROJECT_INFO: USOS Dates of Study: July – August 2024
STIPULATIONS_ON_USE: Use of these data require prior ok from PI.
OTHER_COMMENTS: Data are averaged to 1 minute intervals. Stationary data collected from a 10 ft tower on top of the mobile van.
REVISION: R0
R0: Final Data
StartTime_UTC, StopTime_UTC, CO2_ppm_1min, CH4_ppb_1min, CO_ppb_1min, H2O_ppmv_1min
[from data line 1178]
70680,70740,429.66,1959.6,126.8,21579.5000
70740,70800,430.49,1959.6,128.5,22077.8496
70800,70860,429.87,1958.8,133.7,21986.7676
70860,70920,429.84,1959.2,134.2,22466.3223
70920,70980,428.03,1958.6,132.0,21686.5313
70980,71040,427.44,1958.8,124.1,21817.4883
71040,71100,428.08,1958.9,125.7,21847.7227
71100,71160,428.05,1958.9,125.1,21988.9766
71160,71220,428.15,1959.3,131.9,22217.1152
71220,71280,427.69,1958.9,123.2,21708.8320
71280,71340,427.54,1959.4,120.4,21821.8789
71340,71400,427.21,1959.3,117.2,21593.3887
71400,71460,427.02,1959.5,116.2,21947.5762
71460,71520,427.31,1958.9,117.3,21900.1816
71520,71580,427.30,1958.1,114.5,21347.2051
71580,71640,426.65,1957.5,112.5,21051.6172
71640,71700,426.12,1957.0,111.5,21188.1836
71700,71760,426.54,1957.1,111.8,21300.8906
71760,71820,426.42,1955.7,111.5,20767.5859
71820,71880,426.34,1955.0,114.8,20785.4199
71880,71940,427.42,1954.8,117.2,21168.3906
71940,72000,427.94,1954.9,117.2,21543.8418
72000,72060,426.75,1952.4,110.8,20946.4824
72060,72120,426.33,1950.9,115.6,20563.4180
72120,72180,426.42,1950.5,116.4,20799.1289
72180,72240,427.57,1950.7,121.1,20573.1309
72240,72300,427.47,1949.6,114.5,20360.0059
72300,72360,426.98,1947.6,110.2,19871.7227
72360,72420,428.37,1947.7,116.4,19945.2207
72420,72480,428.54,1947.1,114.7,20167.5215
72480,72540,427.73,1946.3,113.0,19771.0000
72540,72600,430.08,1946.7,120.6,20219.7637
72600,72660,427.66,1946.2,116.4,19867.4238
72660,72720,427.94,1946.9,118.1,20305.7832
72720,72780,428.38,1947.7,119.7,20204.2852
72780,72840,428.50,1947.0,116.1,20505.3398
72840,72900,427.53,1946.4,117.8,19779.3359
72900,72960,428.59,1947.1,116.7,20301.4590
72960,73020,428.81,1948.7,116.2,20972.9805
73020,73080,427.85,1946.8,112.3,20357.0977
73080,73140,427.61,1948.3,114.9,20517.3750
73140,73200,428.55,1949.9,119.9,20496.9727
73200,73260,431.66,1952.3,131.5,21094.5488
73260,73320,431.20,1950.6,141.5,21122.9199
73320,73380,430.03,1949.9,182.7,20981.3574
73380,73440,430.00,1950.4,180.5,21309.9082
73440,73500,429.91,1950.5,172.9,21504.4551
73500,73560,430.01,1952.6,167.0,22581.1426
73560,73620,429.60,1955.3,166.0,22539.3438
73620,73680,430.37,1959.7,157.2,22780.5098
73680,73740,431.04,1963.9,164.0,23112.1719
73740,73800,431.30,1965.3,155.4,23430.7344
73800,73860,432.23,1965.9,174.1,23656.5898
73860,73920,432.73,1969.4,184.9,22698.9805
73920,73980,433.85,1971.0,187.0,22969.9590
73980,74040,435.54,1974.1,194.0,22845.8164
74040,74100,435.94,1973.8,208.2,22732.8477
74100,74160,435.71,1972.5,204.6,22612.1211
74160,74220,436.13,1972.6,207.3,22554.3242
74220,74280,436.65,1974.0,204.0,22610.4141
74280,74340,437.42,1975.5,209.6,22817.6875
74340,74400,436.29,1970.9,194.1,22240.3691
74400,74460,436.89,1971.7,192.9,22577.2832
74460,74520,439.08,1971.5,219.0,22963.8223
74520,74580,439.23,1973.0,251.7,22915.2539
74580,74640,437.91,1976.4,241.1,22899.9824
74640,74700,437.33,1978.6,220.5,22834.1992
74700,74760,438.02,1978.8,224.3,23092.9766
74760,74820,438.25,1978.6,237.6,23149.3047
74820,74880,437.83,1976.8,231.0,23066.5195
74880,74940,438.09,1976.8,219.6,22980.4609
74940,75000,439.03,1977.5,223.2,23591.6387
75000,75060,442.81,1980.3,239.0,24061.8945
75060,75120,448.78,1981.5,290.3,24262.8848
75120,75180,447.88,1982.6,279.9,24236.2051
75180,75240,445.24,1978.1,240.4,23912.3125
75240,75300,445.09,1975.2,229.5,23412.1777
75300,75360,442.87,1977.6,227.2,23463.8691
75360,75420,448.84,1982.8,262.7,23627.0742
75420,75480,447.15,1984.0,280.6,23975.0527
75480,75540,450.42,1984.0,298.2,23841.9238
75540,75600,448.90,1981.7,241.0,23773.0059
75600,75660,453.75,1984.0,278.1,23856.9199
75660,75720,446.38,1980.8,232.8,23788.0195
75720,75780,445.29,1977.7,216.5,23884.1699
75780,75840,442.90,1976.1,246.5,23872.1895
75840,75900,442.71,1975.3,212.5,23782.6582
75900,75960,443.54,1974.7,209.4,23915.6387
75960,76020,444.41,1974.0,205.0,24024.8770
76020,76080,445.23,1972.4,190.0,24085.2168
76080,76140,439.71,1967.7,174.2,23921.1387
76140,76200,438.30,1965.3,170.5,23752.1250
76200,76260,437.64,1961.8,165.3,23625.8125
76260,76320,436.84,1960.7,163.4,23311.1563
76320,76380,437.45,1959.1,164.3,23268.2090
76380,76440,435.62,1958.2,159.2,23091.3398
76440,76500,434.17,1956.4,160.3,22680.9434
76500,76560,434.86,1956.6,160.8,22713.0508
76560,76620,434.35,1955.9,156.5,22867.8203
76620,76680,433.94,1956.2,153.4,22932.5645
76680,76740,434.03,1955.8,158.4,22956.9238
76740,76800,434.00,1954.4,153.9,22861.8281
76800,76860,433.22,1953.2,150.1,22753.2500
76860,76920,432.20,1951.3,142.1,22367.3457
76920,76980,433.08,1950.7,150.9,22298.0293
76980,77040,430.81,1948.4,140.4,21802.7754
77040,77100,432.31,1947.2,139.0,21678.0820
77100,77160,433.89,1947.8,143.8,21878.2676
77160,77220,430.63,1945.5,128.7,21366.1406
77220,77280,430.32,1945.0,126.1,21398.6660
77280,77340,431.91,1945.9,153.0,21889.1660
77340,77400,431.58,1945.2,142.6,21925.0957
77400,77460,431.23,1944.1,131.5,21728.1309
77460,77520,430.67,1943.6,127.7,21530.0098
77520,77580,429.37,1943.2,131.0,21584.5898
77580,77640,429.32,1942.9,131.1,21551.1191
77640,77700,428.81,1942.4,118.9,21115.7207
77700,77760,432.57,1943.2,135.8,21055.0703
77760,77820,441.40,1946.0,166.3,21558.6074
77820,77880,429.72,1942.5,125.8,21245.4297
77880,77940,430.99,1943.7,155.3,21127.4102
77940,78000,429.45,1942.4,130.5,21349.9668
78000,78060,428.97,1943.0,132.6,22061.1523
78060,78120,428.33,1942.5,157.0,21704.7617
78120,78180,427.69,1942.2,132.6,21561.2910
78180,78240,429.02,1942.4,188.5,21457.9941
78240,78300,430.57,1942.5,217.1,21647.4492
78300,78360,431.23,1942.4,145.0,21508.5137
78360,78420,432.30,1942.9,142.7,22266.7852
78420,78480,428.13,1941.6,119.8,21504.0430
78480,78540,432.37,1942.5,126.1,21888.9922
78540,78600,428.73,1942.3,118.8,21603.2988
78600,78660,428.11,1942.0,119.9,21429.5664
78660,78720,426.92,1941.3,118.1,21326.3164
78720,78780,431.24,1942.6,139.0,22096.5313
78780,78840,430.37,1942.9,137.5,21382.3145
78840,78900,430.79,1941.5,132.0,20952.1992
78900,78960,429.06,1941.6,145.5,22018.2891
78960,79020,426.29,1939.7,121.6,20866.4180
79020,79080,427.69,1940.9,125.6,21355.8359
79080,79140,428.97,1942.1,134.0,21549.3828
79140,79200,435.67,1943.5,161.2,22117.9121
79200,79260,433.45,1942.9,154.1,22005.8223
79260,79320,430.60,1942.9,137.9,21521.5684
79320,79380,430.72,1942.0,147.0,20918.3477
79380,79440,431.53,1941.8,137.4,20860.6094
79440,79500,434.09,1946.3,169.5,21819.8105
79500,79560,430.83,1947.2,157.8,21513.4297
79560,79620,432.35,1943.2,136.8,20462.1523
79620,79680,432.88,1945.2,159.8,21033.8008
79680,79740,426.80,1939.6,128.2,18938.2871
79740,79800,426.23,1937.4,120.6,18697.2500
79800,79860,425.38,1937.9,110.8,18896.7246
79860,79920,423.58,1939.7,121.8,21192.1504
79920,79980,422.52,1942.9,123.7,22964.4785
79980,80040,424.40,1939.1,114.1,20318.1387
80040,80100,424.37,1938.5,114.1,19565.0332
80100,80160,425.70,1939.3,117.2,19612.9297
80160,80220,424.87,1939.4,115.2,19160.2695
80220,80280,426.47,1939.9,158.8,19798.1270
80280,80340,428.82,1939.3,164.2,19319.1699
80340,80400,425.53,1938.1,120.1,18694.4395
80400,80460,426.49,1938.6,119.1,18877.3516
80460,80520,427.41,1937.5,120.1,18098.1836
80520,80580,428.51,1938.1,141.2,18668.1348
80580,80640,426.31,1937.3,114.9,18119.0391
80640,80700,431.21,1938.3,128.1,18920.4629
80700,80760,429.08,1937.6,125.9,19197.2090
80760,80820,428.05,1937.8,126.6,18624.2441
80820,80880,428.13,1938.6,137.3,18228.7813
80880,80940,427.50,1938.9,137.4,19037.0430
80940,81000,426.95,1939.1,129.7,19712.2168
81000,81060,426.07,1939.4,126.2,19962.0664
81060,81120,426.06,1939.3,122.0,20299.8789
81120,81180,425.59,1939.1,122.5,19842.8516
81180,81240,426.14,1939.8,125.7,19579.2148
81240,81300,426.14,1939.9,122.5,19386.2793
81300,81360,426.59,1939.8,123.4,19006.3945
81360,81420,426.48,1940.2,122.8,19400.8965
81420,81480,426.05,1940.9,128.3,19561.3887
81480,81540,426.67,1940.0,136.8,18870.3535
81540,81600,426.94,1939.3,129.4,18713.4355
81600,81660,427.09,1939.4,124.2,18764.9531
81660,81720,425.97,1939.6,129.7,20011.3145
81720,81780,427.14,1939.2,127.9,19199.1602
81780,81840,426.66,1939.9,122.8,19072.2148
81840,81900,426.73,1941.4,128.1,19810.8965
81900,81960,427.50,1940.9,128.3,19784.3770
81960,82020,427.85,1940.3,124.9,19340.9180
82020,82080,426.69,1939.8,120.9,19008.4180
82080,82140,426.95,1940.6,126.2,19402.2344
82140,82200,426.52,1940.5,122.3,19686.1660
82200,82260,426.29,1939.7,124.5,18829.6426
82260,82320,425.68,1939.9,123.7,18786.1348
82320,82380,426.03,1939.8,125.0,18774.5098
82380,82440,427.01,1941.1,138.0,19937.6797
82440,82500,426.89,1941.2,132.9,19612.0215
82500,82560,427.60,1941.2,128.1,19413.7988
82560,82620,426.33,1941.0,123.8,19593.5410
82620,82680,426.03,1940.7,123.7,19472.4746
82680,82740,426.55,1941.4,125.5,19763.0762
82740,82800,426.68,1941.3,132.0,19033.3066
82800,82860,426.80,1941.5,125.7,19085.5742
82860,82920,426.67,1941.3,127.8,19184.6133
82920,82980,426.59,1941.2,127.9,19250.4727
82980,83040,426.49,1940.5,129.1,18722.8984
83040,83100,426.59,1941.5,126.0,18742.0664
83100,83160,426.34,1940.8,123.5,18700.4004
83160,83220,426.59,1940.9,124.6,19188.5938
83220,83280,427.65,1941.2,136.8,19403.6719
83280,83340,427.98,1942.1,145.6,19128.6270
83340,83400,426.28,1942.3,144.7,19918.8086
83400,83460,426.23,1941.9,141.4,20029.5762
83460,83520,426.64,1941.2,134.9,19282.5215
83520,83580,426.68,1941.3,136.2,19445.8691
83580,83640,427.09,1940.9,136.8,19229.7012
83640,83700,427.26,1940.9,137.0,19143.6484
83700,83760,426.91,1941.2,140.7,19284.9531
83760,83820,427.24,1941.7,156.3,19701.7832
83820,83880,426.61,1940.0,131.8,18451.2773
83880,83940,425.32,1938.0,115.8,17696.3438
83940,84000,425.97,1938.0,119.2,17868.3203
84000,84060,424.22,1937.7,119.3,18340.3633
84060,84120,425.16,1937.7,120.0,18048.8516
84120,84180,426.58,1939.8,128.8,18371.9941
84180,84240,425.90,1939.4,123.1,17784.2559
84240,84300,425.85,1940.1,124.9,18122.5410
84300,84360,426.48,1940.8,129.3,18462.0820
84360,84420,428.11,1940.6,149.4,18468.5215
84420,84480,425.22,1939.2,122.2,18338.2012
84480,84540,425.12,1939.8,122.2,18923.3359
84540,84600,425.06,1939.6,122.6,18382.9414
84600,84660,425.62,1939.4,125.2,18392.9453
84660,84720,427.03,1940.5,138.5,19002.7422
84720,84780,426.40,1941.2,146.4,19299.5742
84780,84840,426.96,1941.6,134.9,18632.2266
84840,84900,426.46,1941.1,129.4,18408.4141
84900,84960,426.83,1941.6,135.1,18609.9707
84960,85020,426.56,1941.6,131.9,18670.2949
85020,85080,426.49,1941.1,132.5,18615.9707
85080,85140,426.84,1941.5,135.8,18980.0645
85140,85200,427.06,1942.3,140.0,18569.7148
85200,85260,427.12,1941.6,139.3,18637.1113
85260,85320,426.94,1941.6,143.5,19465.1875
85320,85380,428.76,1942.6,153.0,19734.7480
85380,85440,427.51,1942.2,138.6,18787.5039
85440,85500,427.44,1942.5,139.4,18782.1309
85500,85560,428.68,1943.8,150.6,18932.7773
85560,85620,428.30,1944.8,149.8,18974.5918
85620,85680,428.18,1945.3,149.8,18868.8496
85680,85740,427.52,1944.8,143.2,18817.6719
85740,85800,427.34,1944.0,139.2,18751.4609
85800,85860,435.56,1944.2,179.9,18891.3828
85860,85920,433.10,1942.8,192.6,18964.3828
85920,85980,436.09,1943.0,320.3,19019.9082
85980,86040,429.88,1941.0,185.1,18703.6934
86040,86100,430.58,1941.7,185.1,18773.1270
86100,86160,429.94,1944.0,168.1,18966.4961
86160,86220,432.07,1944.2,162.5,18800.7266
86220,86280,429.59,1944.5,173.0,18607.5234
86280,86340,430.33,1944.9,171.2,18812.4883
86340,86400,429.69,1945.6,169.7,19020.7793
