CampaignData_and_Merges/R0/CSL_MobileLab_Parked/raw/20240817/USOS-MetNav_MobileLabGround_20240817_R0.ict
44, 1001
Carrie Womack, Nate Howard, Mike Zucker
NOAA Chemical Sciences Laboratory
Mobile Lab MetNav Station
USOS
1, 1
2024, 08, 17, 2024, 12, 21
60
Time_Start, seconds_past_midnight, Seconds from midnight UTC
11
1, 1, 1, 1, 1, 1, 1, 1, 1, 1, 1
-9999, -9999, -9999, -9999, -9999, -9999, -9999, -9999, -9999, -9999, -9999
GPS_Alt_m, meters, Altitude from Differential GPS
GPS_Course_deg, degrees, Course from Differential GPS
GPS_GndSpd_m_s, m/s, Ground Speed from Differential GPS
GPS_Heading_deg, degrees, Heading from Differential GPS
GPS_Lat_deg, degrees, Latitude from Differential GPS
GPS_Lon_deg, degrees, Longitude from Differential GPS
AirTemp_C, Celsius, Air Temperature from Airmar
RelHumidity_pct, percent, Relative Humidity from Airmar
Pressure_mb, millibars, Pressure from Honeywell
WindDir_calc_deg, degrees, Wind Direction from Airmar corrected for van movement
WindSpd_calc_m_s, m/s, Wind Speed from Airmar corrected for van movement
1
SPECIAL COMMENTS:
18
PI_CONTACT_INFO: Address: 325 Broadway R/CSL7, Boulder, CO, 80305
PLATFORM: CSL Mobile Lab
LOCATION: Salt Lake City, UT
ASSOCIATED_DATA: N/A
INSTRUMENT_INFO: N/A
DATA_INFO: Units:
UNCERTAINTY: N/A
ULOD_FLAG: -7777
ULOD_VALUE: N/A
LLOD_FLAG: -8888
LLOD_VALUE: N/A
DM_CONTACT_INFO: Data Manager: Nate Howard
PROJECT_INFO: 
STIPULATIONS_ON_USE: Use of these data require prior ok from PI.
OTHER_COMMENTS: 
REVISION: R0
R0: Final data. Fixed bug in wind averaging code. RA: Preliminary Data. For in-field use only. 
Time_Start, GPS_Alt_m, GPS_Course_deg, GPS_GndSpd_m_s, GPS_Heading_deg, GPS_Lat_deg, GPS_Lon_deg, AirTemp_C, RelHumidity_pct, Pressure_mb, WindDir_calc_deg, WindSpd_calc_m_s
[from data line 337]
20220.0,-9999.0,-9999.00,-9999.00,-9999.00,-9999.00000,-9999.00000,-9999.0,-9999.0,-9999.0,-9999.00,-9999.0
20280.0,-9999.0,-9999.00,-9999.00,-9999.00,-9999.00000,-9999.00000,-9999.0,-9999.0,-9999.0,-9999.00,-9999.0
20340.0,-9999.0,-9999.00,-9999.00,-9999.00,-9999.00000,-9999.00000,-9999.0,-9999.0,-9999.0,-9999.00,-9999.0
20400.0,-9999.0,-9999.00,-9999.00,-9999.00,-9999.00000,-9999.00000,-9999.0,-9999.0,-9999.0,-9999.00,-9999.0
20460.0,-9999.0,-9999.00,-9999.00,-9999.00,-9999.00000,-9999.00000,-9999.0,-9999.0,-9999.0,-9999.00,-9999.0
20520.0,-9999.0,-9999.00,-9999.00,-9999.00,-9999.00000,-9999.00000,-9999.0,-9999.0,-9999.0,-9999.00,-9999.0
20580.0,-9999.0,-9999.00,-9999.00,-9999.00,-9999.00000,-9999.00000,-9999.0,-9999.0,-9999.0,-9999.00,-9999.0
20640.0,-9999.0,-9999.00,-9999.00,-9999.00,-9999.00000,-9999.00000,-9999.0,-9999.0,-9999.0,-9999.00,-9999.0
20700.0,-9999.0,-9999.00,-9999.00,-9999.00,-9999.00000,-9999.00000,-9999.0,-9999.0,-9999.0,-9999.00,-9999.0
20760.0,-9999.0,-9999.00,-9999.00,-9999.00,-9999.00000,-9999.00000,-9999.0,-9999.0,-9999.0,-9999.00,-9999.0
20820.0,-9999.0,-9999.00,-9999.00,-9999.00,-9999.00000,-9999.00000,-9999.0,-9999.0,-9999.0,-9999.00,-9999.0
20880.0,-9999.0,-9999.00,-9999.00,-9999.00,-9999.00000,-9999.00000,-9999.0,-9999.0,-9999.0,-9999.00,-9999.0
20940.0,-9999.0,-9999.00,-9999.00,-9999.00,-9999.00000,-9999.00000,-9999.0,-9999.0,-9999.0,-9999.00,-9999.0
21000.0,-9999.0,-9999.00,-9999.00,-9999.00,-9999.00000,-9999.00000,-9999.0,-9999.0,-9999.0,-9999.00,-9999.0
21060.0,-9999.0,-9999.00,-9999.00,-9999.00,-9999.00000,-9999.00000,-9999.0,-9999.0,-9999.0,-9999.00,-9999.0
21120.0,-9999.0,-9999.00,-9999.00,-9999.00,-9999.00000,-9999.00000,-9999.0,-9999.0,-9999.0,-9999.00,-9999.0
21180.0,-9999.0,-9999.00,-9999.00,-9999.00,-9999.00000,-9999.00000,-9999.0,-9999.0,-9999.0,-9999.00,-9999.0
21240.0,-9999.0,-9999.00,-9999.00,-9999.00,-9999.00000,-9999.00000,-9999.0,-9999.0,-9999.0,-9999.00,-9999.0
21300.0,-9999.0,-9999.00,-9999.00,-9999.00,-9999.00000,-9999.00000,-9999.0,-9999.0,-9999.0,-9999.00,-9999.0
21360.0,-9999.0,-9999.00,-9999.00,-9999.00,-9999.00000,-9999.00000,-9999.0,-9999.0,-9999.0,-9999.00,-9999.0
21420.0,-9999.0,-9999.00,-9999.00,-9999.00,-9999.00000,-9999.00000,-9999.0,-9999.0,-9999.0,-9999.00,-9999.0
21480.0,-9999.0,-9999.00,-9999.00,-9999.00,-9999.00000,-9999.00000,-9999.0,-9999.0,-9999.0,-9999.00,-9999.0
21540.0,-9999.0,-9999.00,-9999.00,-9999.00,-9999.00000,-9999.00000,-9999.0,-9999.0,-9999.0,-9999.00,-9999.0
21600.0,-9999.0,-9999.00,-9999.00,-9999.00,-9999.00000,-9999.00000,-9999.0,-9999.0,-9999.0,-9999.00,-9999.0
21660.0,-9999.0,-9999.00,-9999.00,-9999.00,-9999.00000,-9999.00000,-9999.0,-9999.0,-9999.0,-9999.00,-9999.0
21720.0,-9999.0,-9999.00,-9999.00,-9999.00,-9999.00000,-9999.00000,-9999.0,-9999.0,-9999.0,-9999.00,-9999.0
21780.0,-9999.0,-9999.00,-9999.00,-9999.00,-9999.00000,-9999.00000,-9999.0,-9999.0,-9999.0,-9999.00,-9999.0
21840.0,-9999.0,-9999.00,-9999.00,-9999.00,-9999.00000,-9999.00000,-9999.0,-9999.0,-9999.0,-9999.00,-9999.0
21900.0,-9999.0,-9999.00,-9999.00,-9999.00,-9999.00000,-9999.00000,-9999.0,-9999.0,-9999.0,-9999.00,-9999.0
21960.0,-9999.0,-9999.00,-9999.00,-9999.00,-9999.00000,-9999.00000,-9999.0,-9999.0,-9999.0,-9999.00,-9999.0
22020.0,-9999.0,-9999.00,-9999.00,-9999.00,-9999.00000,-9999.00000,-9999.0,-9999.0,-9999.0,-9999.00,-9999.0
22080.0,-9999.0,-9999.00,-9999.00,-9999.00,-9999.00000,-9999.00000,-9999.0,-9999.0,-9999.0,-9999.00,-9999.0
22140.0,-9999.0,-9999.00,-9999.00,-9999.00,-9999.00000,-9999.00000,-9999.0,-9999.0,-9999.0,-9999.00,-9999.0
22200.0,-9999.0,-9999.00,-9999.00,-9999.00,-9999.00000,-9999.00000,-9999.0,-9999.0,-9999.0,-9999.00,-9999.0
22260.0,1308.4,3.95,0.05,3.95,40.73434,-111.87211,23.4,22.7,874.0,117.95,0.8
22320.0,1308.4,3.63,0.05,3.63,40.73434,-111.87211,23.4,22.2,873.9,116.04,0.9
22380.0,1308.5,4.17,0.05,4.17,40.73434,-111.87211,23.3,22.8,873.9,112.36,0.6
22440.0,1308.6,3.50,0.05,3.50,40.73434,-111.87211,23.3,22.7,873.9,131.84,0.6
22500.0,1308.6,3.59,0.05,3.59,40.73434,-111.87211,23.2,22.9,874.2,123.36,0.9
22560.0,1308.5,3.59,0.05,3.59,40.73434,-111.87211,23.2,22.8,874.4,109.65,0.8
22620.0,1308.0,3.79,0.05,3.79,40.73434,-111.87211,23.1,22.8,874.4,117.58,0.8
22680.0,1308.1,3.67,0.05,3.67,40.73434,-111.87211,23.1,22.9,874.2,138.99,0.8
22740.0,1308.2,3.54,0.04,3.54,40.73434,-111.87211,23.1,23.4,874.0,119.77,0.9
22800.0,1308.2,3.53,0.04,3.53,40.73434,-111.87211,23.0,23.1,874.2,114.79,0.8
22860.0,1308.3,3.29,0.04,3.29,40.73434,-111.87211,23.1,23.1,874.3,126.45,0.9
22920.0,1308.2,3.33,0.05,3.33,40.73434,-111.87210,23.0,23.3,874.3,122.27,1.2
22980.0,1308.2,3.76,0.05,3.76,40.73434,-111.87210,23.0,23.1,874.2,110.50,0.8
23040.0,1308.2,3.47,0.05,3.47,40.73434,-111.87210,23.1,23.0,874.1,128.97,0.9
23100.0,1308.2,3.21,0.05,3.21,40.73434,-111.87210,23.1,23.6,874.6,130.59,0.8
23160.0,1308.3,3.60,0.04,3.60,40.73434,-111.87210,23.1,23.6,874.6,136.47,0.8
23220.0,1308.2,3.50,0.04,3.50,40.73434,-111.87210,23.1,23.5,874.5,140.33,0.6
23280.0,1308.1,3.22,0.04,3.22,40.73434,-111.87210,23.2,23.5,874.4,129.57,0.6
23340.0,1308.1,2.67,0.04,2.67,40.73434,-111.87210,23.2,23.3,874.4,121.69,0.4
23400.0,1308.1,2.82,0.05,2.82,40.73434,-111.87210,23.3,23.0,874.4,105.51,0.3
23460.0,1308.0,2.91,0.05,2.91,40.73434,-111.87210,23.3,23.1,874.4,104.64,0.4
23520.0,1308.0,3.04,0.05,3.04,40.73434,-111.87210,23.2,23.2,874.4,72.53,0.4
23580.0,1308.0,3.20,0.04,3.20,40.73434,-111.87210,23.2,23.4,874.3,113.39,0.8
23640.0,1307.9,3.13,0.05,3.13,40.73434,-111.87210,23.2,22.9,874.4,113.39,0.7
23700.0,1307.8,3.35,0.05,3.35,40.73434,-111.87210,23.2,22.5,874.4,103.89,0.7
23760.0,1307.7,3.15,0.05,3.15,40.73434,-111.87210,23.2,22.5,874.4,104.72,1.0
23820.0,1307.5,2.90,0.05,2.90,40.73434,-111.87210,23.2,22.2,874.5,91.65,1.0
23880.0,1307.6,3.39,0.05,3.39,40.73434,-111.87210,23.2,22.2,874.5,122.25,1.1
23940.0,1307.7,3.48,0.05,3.48,40.73434,-111.87210,23.3,22.1,874.5,136.15,0.8
24000.0,1307.6,3.13,0.04,3.13,40.73434,-111.87210,23.4,22.5,874.5,156.58,0.3
24060.0,1307.7,3.34,0.05,3.34,40.73434,-111.87210,23.6,23.0,874.5,300.57,0.2
24120.0,1307.6,3.40,0.04,3.40,40.73434,-111.87210,23.6,23.1,874.5,34.47,0.2
24180.0,1307.6,3.77,0.04,3.77,40.73434,-111.87210,23.6,23.2,874.5,320.48,0.1
24240.0,1307.8,4.13,0.05,4.13,40.73434,-111.87210,23.7,23.6,874.5,264.63,0.3
24300.0,1307.8,3.92,0.05,3.92,40.73434,-111.87210,23.8,23.7,874.6,191.43,0.1
24360.0,1307.8,3.25,0.04,3.25,40.73434,-111.87210,23.8,23.2,874.5,148.01,0.3
24420.0,1307.7,3.12,0.05,3.12,40.73434,-111.87210,23.7,23.3,874.6,136.76,0.7
24480.0,1307.8,3.67,0.04,3.67,40.73434,-111.87210,23.7,23.7,874.6,117.60,0.7
24540.0,1307.8,3.34,0.05,3.34,40.73434,-111.87210,23.6,23.3,874.6,123.35,0.5
24600.0,1307.7,2.53,0.05,2.53,40.73434,-111.87210,23.6,23.8,874.6,167.97,0.3
24660.0,1307.7,2.68,0.05,2.68,40.73434,-111.87210,23.6,23.7,874.6,115.76,0.2
24720.0,1307.8,3.17,0.05,3.17,40.73434,-111.87210,23.6,21.9,874.6,115.00,0.8
24780.0,1308.0,3.55,0.04,3.55,40.73433,-111.87210,23.6,21.9,874.6,125.23,0.7
24840.0,1307.9,3.46,0.04,3.46,40.73433,-111.87210,23.6,21.8,874.6,132.90,0.5
24900.0,1307.8,3.41,0.05,3.41,40.73433,-111.87210,23.7,21.6,874.6,123.00,0.6
24960.0,1307.8,3.32,0.05,3.32,40.73433,-111.87210,23.7,21.8,874.6,131.37,0.8
25020.0,1307.8,3.17,0.05,3.17,40.73433,-111.87210,23.7,21.1,874.6,144.02,0.9
25080.0,1307.9,3.40,0.05,3.40,40.73433,-111.87210,23.7,20.9,874.6,150.99,1.2
25140.0,1307.9,3.47,0.05,3.47,40.73433,-111.87210,23.7,19.6,874.6,138.95,1.7
25200.0,1308.1,2.85,0.05,2.85,40.73433,-111.87210,23.8,19.3,874.5,141.03,1.4
25260.0,1308.1,2.98,0.04,2.98,40.73433,-111.87210,23.9,19.9,874.4,136.97,0.8
25320.0,1308.0,3.32,0.04,3.32,40.73433,-111.87210,23.9,20.4,874.4,130.79,0.4
25380.0,1308.1,3.89,0.05,3.89,40.73433,-111.87210,24.0,20.9,874.4,92.95,0.4
25440.0,1308.2,3.97,0.04,3.97,40.73433,-111.87210,23.9,21.5,874.4,123.23,0.4
25500.0,1308.1,3.46,0.05,3.46,40.73433,-111.87210,23.9,20.9,874.5,87.68,0.4
25560.0,1308.1,3.19,0.05,3.19,40.73433,-111.87210,23.8,20.9,874.5,82.29,0.4
25620.0,1308.2,3.08,0.04,3.08,40.73433,-111.87211,23.8,21.4,874.5,120.97,0.5
25680.0,1308.3,3.13,0.04,3.13,40.73433,-111.87211,23.7,20.9,874.6,131.32,0.3
25740.0,1308.3,3.30,0.05,3.30,40.73433,-111.87211,23.7,21.3,874.6,89.91,0.3
25800.0,1308.3,3.72,0.05,3.72,40.73433,-111.87210,23.6,21.8,874.6,132.64,0.7
25860.0,1308.3,3.51,0.04,3.51,40.73433,-111.87210,23.6,22.0,874.7,115.41,0.5
25920.0,1308.4,4.21,0.04,4.21,40.73434,-111.87211,23.4,21.3,874.6,103.11,0.8
25980.0,1308.5,4.16,0.04,4.16,40.73433,-111.87210,23.4,20.7,874.6,99.69,0.8
26040.0,1308.4,4.12,0.05,4.12,40.73433,-111.87210,23.5,20.1,874.6,140.70,1.7
26100.0,1308.3,4.33,0.05,4.33,40.73433,-111.87210,23.6,19.2,874.6,145.97,1.9
26160.0,1308.3,4.24,0.05,4.24,40.73434,-111.87210,23.7,20.0,874.6,145.09,1.0
26220.0,1308.3,5.11,0.05,5.11,40.73434,-111.87210,23.7,19.6,874.6,148.52,1.2
26280.0,1308.3,4.30,0.05,4.30,40.73433,-111.87210,23.7,19.2,874.6,136.86,1.5
26340.0,1308.2,4.19,0.05,4.19,40.73433,-111.87210,23.8,19.2,874.6,133.94,1.1
26400.0,1308.2,3.83,0.05,3.83,40.73433,-111.87210,23.8,19.2,874.6,136.45,1.2
26460.0,1308.2,3.79,0.04,3.79,40.73433,-111.87210,23.9,19.4,874.6,146.80,0.7
26520.0,1308.3,3.63,0.05,3.63,40.73433,-111.87210,23.9,20.3,874.6,141.18,0.5
26580.0,1308.3,4.00,0.05,4.00,40.73433,-111.87210,24.0,20.0,874.6,76.00,0.4
26640.0,1308.3,4.03,0.05,4.03,40.73433,-111.87210,24.0,19.7,874.6,120.48,0.5
26700.0,1308.3,3.80,0.05,3.80,40.73433,-111.87210,23.9,20.9,874.6,129.59,1.1
26760.0,1308.4,3.64,0.05,3.64,40.73433,-111.87210,23.8,20.7,874.6,115.36,0.9
26820.0,1308.3,3.68,0.04,3.68,40.73434,-111.87210,23.8,19.5,874.6,117.57,0.9
26880.0,1308.2,3.17,0.05,3.17,40.73434,-111.87210,23.8,19.3,874.6,115.76,1.1
26940.0,1308.1,3.20,0.04,3.20,40.73433,-111.87210,23.9,19.5,874.6,127.17,0.8
27000.0,1308.1,3.36,0.04,3.36,40.73434,-111.87210,23.8,20.4,874.6,136.65,0.8
27060.0,1308.3,3.40,0.05,3.40,40.73434,-111.87210,23.8,20.7,874.6,149.78,0.9
27120.0,1308.4,3.63,0.04,3.63,40.73434,-111.87210,23.8,21.3,874.6,146.05,1.0
27180.0,1308.5,4.25,0.04,4.25,40.73434,-111.87210,23.7,20.7,874.6,140.45,1.1
27240.0,1308.5,3.92,0.05,3.92,40.73434,-111.87210,23.7,20.6,874.6,138.29,1.0
27300.0,1308.5,3.69,0.05,3.69,40.73434,-111.87210,23.7,20.8,874.6,144.61,1.0
27360.0,1308.5,3.82,0.05,3.82,40.73434,-111.87210,23.7,21.1,874.6,157.26,1.1
27420.0,1308.5,3.69,0.04,3.69,40.73434,-111.87210,23.6,21.8,874.6,130.67,1.2
27480.0,1308.6,4.21,0.05,4.21,40.73434,-111.87210,23.5,21.1,874.6,121.27,1.1
27540.0,1308.6,3.84,0.04,3.84,40.73433,-111.87210,23.5,19.6,874.6,125.90,1.3
27600.0,1308.6,2.79,0.05,2.79,40.73433,-111.87210,23.5,19.3,874.6,127.69,1.1
27660.0,1308.6,2.62,0.05,2.62,40.73433,-111.87210,23.6,18.7,874.6,144.37,2.0
27720.0,1308.5,2.85,0.05,2.85,40.73433,-111.87210,23.7,18.4,874.6,145.05,1.9
27780.0,1308.6,2.69,0.05,2.69,40.73433,-111.87210,23.7,18.3,874.5,149.74,2.0
27840.0,1308.6,2.36,0.04,2.36,40.73433,-111.87210,23.8,18.3,874.6,144.28,1.7
27900.0,1308.6,1.83,0.05,1.83,40.73433,-111.87210,23.9,18.6,874.6,131.30,1.2
27960.0,1308.7,2.25,0.05,2.25,40.73433,-111.87210,23.9,18.7,874.6,137.10,1.5
28020.0,1308.9,2.44,0.04,2.44,40.73433,-111.87210,24.0,18.5,874.6,137.87,1.4
28080.0,1308.8,2.53,0.05,2.53,40.73433,-111.87210,24.0,18.4,874.7,146.74,1.1
28140.0,1308.8,2.98,0.05,2.98,40.73433,-111.87210,24.0,18.1,874.7,143.72,1.2
28200.0,1309.1,3.11,0.04,3.11,40.73433,-111.87210,24.1,18.4,874.7,135.22,1.6
28260.0,1309.3,3.24,0.05,3.24,40.73433,-111.87211,24.1,18.2,874.7,145.13,1.8
28320.0,1309.3,3.43,0.04,3.43,40.73433,-111.87211,24.1,18.5,874.7,130.28,1.6
28380.0,1309.2,3.59,0.04,3.59,40.73433,-111.87210,24.1,18.3,874.7,128.69,1.5
28440.0,1309.1,3.71,0.04,3.71,40.73433,-111.87210,24.2,17.9,874.7,149.08,1.8
28500.0,1309.2,3.75,0.05,3.75,40.73434,-111.87211,24.3,17.8,874.7,168.63,1.4
28560.0,1309.0,3.13,0.05,3.13,40.73433,-111.87210,24.4,17.9,874.7,157.61,1.2
28620.0,1309.0,2.95,0.05,2.95,40.73434,-111.87211,24.4,18.1,874.8,127.53,1.7
28680.0,1309.0,3.52,0.05,3.52,40.73434,-111.87211,24.4,18.1,874.7,119.98,1.8
28740.0,1309.1,3.57,0.05,3.57,40.73434,-111.87211,24.4,17.8,874.8,121.09,1.8
28800.0,1309.1,3.50,0.05,3.50,40.73434,-111.87211,24.5,18.1,874.8,137.39,1.2
28860.0,1308.8,4.00,0.05,4.00,40.73434,-111.87211,24.5,18.1,874.8,153.94,1.3
28920.0,1308.6,4.57,0.04,4.57,40.73434,-111.87211,24.5,18.2,874.8,167.07,0.9
28980.0,1308.6,4.86,0.05,4.86,40.73434,-111.87211,24.6,17.9,874.8,174.16,1.0
29040.0,1308.7,3.95,0.05,3.95,40.73434,-111.87211,24.6,18.2,874.8,138.23,1.2
29100.0,1308.8,3.79,0.05,3.79,40.73434,-111.87211,24.5,18.6,874.7,141.74,1.1
29160.0,1308.8,3.30,0.06,3.30,40.73434,-111.87211,24.5,18.0,874.8,139.50,0.8
29220.0,1308.9,3.74,0.06,3.74,40.73434,-111.87211,24.5,18.3,874.8,138.49,1.0
29280.0,1309.3,4.30,0.05,4.30,40.73434,-111.87211,24.5,18.1,874.8,141.59,1.0
29340.0,1309.5,4.55,0.05,4.55,40.73434,-111.87211,24.5,19.0,874.8,138.27,0.7
29400.0,1309.5,4.44,0.04,4.44,40.73434,-111.87211,24.4,19.8,874.8,132.31,0.7
29460.0,1309.3,4.41,0.05,4.41,40.73434,-111.87211,24.3,19.4,874.8,135.96,0.5
29520.0,1309.0,4.16,0.05,4.16,40.73434,-111.87211,24.4,19.5,874.8,153.75,0.3
29580.0,1309.0,4.17,0.05,4.17,40.73434,-111.87211,24.3,19.7,874.8,184.22,0.3
29640.0,1308.8,3.94,0.05,3.94,40.73434,-111.87211,24.3,19.9,874.8,247.83,0.1
29700.0,1308.6,4.47,0.06,4.47,40.73434,-111.87211,24.2,19.8,874.8,116.14,0.3
29760.0,1308.6,4.24,0.06,4.24,40.73434,-111.87211,24.0,20.1,874.8,176.20,0.1
29820.0,1308.6,4.54,0.05,4.54,40.73434,-111.87211,24.0,20.1,874.8,99.10,0.4
29880.0,1308.8,4.18,0.05,4.18,40.73434,-111.87211,23.8,20.0,874.8,106.71,0.6
29940.0,1309.0,3.87,0.05,3.87,40.73434,-111.87211,23.7,20.1,874.8,97.88,0.4
30000.0,1309.1,4.07,0.05,4.07,40.73434,-111.87211,23.7,19.6,874.9,150.62,0.9
30060.0,1309.1,4.10,0.04,4.10,40.73434,-111.87211,23.7,20.5,874.9,167.83,0.6
30120.0,1309.2,4.59,0.05,4.59,40.73434,-111.87211,23.7,20.1,874.9,138.61,0.8
30180.0,1309.3,4.01,0.04,4.01,40.73434,-111.87211,23.7,20.9,874.9,145.48,0.7
30240.0,1309.2,3.45,0.06,3.45,40.73434,-111.87211,23.6,20.4,874.9,111.53,0.3
30300.0,1309.2,3.08,0.04,3.08,40.73434,-111.87211,23.6,20.0,874.9,108.03,0.3
30360.0,1309.4,3.10,0.04,3.10,40.73434,-111.87211,23.5,20.3,874.9,124.19,0.8
30420.0,1309.3,3.86,0.04,3.86,40.73434,-111.87211,23.5,20.2,874.9,116.20,0.6
30480.0,1309.3,3.67,0.05,3.67,40.73434,-111.87211,23.4,20.1,874.9,106.81,0.4
30540.0,1309.4,3.76,0.04,3.76,40.73434,-111.87211,23.4,20.6,874.9,118.60,0.8
30600.0,1309.4,3.95,0.05,3.95,40.73434,-111.87211,23.4,20.7,874.9,145.60,0.8
30660.0,1309.3,4.18,0.05,4.18,40.73434,-111.87211,23.3,20.7,874.9,119.89,1.0
30720.0,1309.2,4.03,0.05,4.03,40.73433,-111.87211,23.3,20.3,874.9,136.18,1.2
30780.0,1309.1,4.38,0.05,4.38,40.73433,-111.87211,23.4,19.9,874.9,159.02,1.8
30840.0,1309.2,4.38,0.04,4.38,40.73433,-111.87211,23.4,20.5,874.9,130.75,1.4
30900.0,1309.2,4.69,0.04,4.69,40.73433,-111.87211,23.4,20.8,874.9,133.58,1.4
30960.0,1309.2,4.94,0.04,4.94,40.73433,-111.87211,23.3,20.3,874.9,130.21,1.3
31020.0,1309.2,4.45,0.04,4.45,40.73433,-111.87210,23.3,20.2,874.9,132.33,1.1
31080.0,1309.2,4.32,0.04,4.32,40.73433,-111.87210,23.4,20.8,874.9,127.93,1.2
31140.0,1309.3,4.44,0.04,4.44,40.73433,-111.87210,23.3,21.3,874.9,140.96,1.2
31200.0,1309.4,4.31,0.05,4.31,40.73433,-111.87210,23.3,20.6,874.9,130.71,1.0
31260.0,1309.5,3.99,0.05,3.99,40.73433,-111.87210,23.3,20.6,874.9,117.84,1.1
31320.0,1309.5,3.68,0.05,3.68,40.73433,-111.87210,23.2,20.8,874.9,128.01,1.5
31380.0,1309.5,4.30,0.05,4.30,40.73433,-111.87210,23.2,20.8,874.9,126.64,1.0
31440.0,1309.5,4.84,0.05,4.84,40.73433,-111.87210,23.1,21.0,874.9,122.49,1.2
31500.0,1309.4,4.26,0.05,4.26,40.73433,-111.87210,23.2,21.0,874.9,119.18,0.9
31560.0,1309.4,3.61,0.04,3.61,40.73433,-111.87210,23.1,21.1,874.9,125.54,1.3
31620.0,1309.5,3.41,0.05,3.41,40.73433,-111.87210,23.1,20.9,874.9,137.37,1.2
31680.0,1309.8,2.59,0.06,2.59,40.73433,-111.87210,23.0,21.2,874.9,125.82,1.5
31740.0,1309.9,2.44,0.05,2.44,40.73433,-111.87211,23.0,21.2,874.9,122.83,1.3
