CampaignData_and_Merges/R0/CSL_MobileLab_Parked/raw/20240817/USOS-MetNav_MobileLabGround_20240817_R0.ict
44, 1001
Carrie Womack, Nate Howard, Mike Zucker
NOAA Chemical Sciences Laboratory
Mobile Lab MetNav Station
USOS
1, 1
2024, 08, 17, 2024, 12, 21
60
Time_Start, seconds_past_midnight, Seconds from midnight UTC
11
1, 1, 1, 1, 1, 1, 1, 1, 1, 1, 1
-9999, -9999, -9999, -9999, -9999, -9999, -9999, -9999, -9999, -9999, -9999
GPS_Alt_m, meters, Altitude from Differential GPS
GPS_Course_deg, degrees, Course from Differential GPS
GPS_GndSpd_m_s, m/s, Ground Speed from Differential GPS
GPS_Heading_deg, degrees, Heading from Differential GPS
GPS_Lat_deg, degrees, Latitude from Differential GPS
GPS_Lon_deg, degrees, Longitude from Differential GPS
AirTemp_C, Celsius, Air Temperature from Airmar
RelHumidity_pct, percent, Relative Humidity from Airmar
Pressure_mb, millibars, Pressure from Honeywell
WindDir_calc_deg, degrees, Wind Direction from Airmar corrected for van movement
WindSpd_calc_m_s, m/s, Wind Speed from Airmar corrected for van movement
1
SPECIAL COMMENTS:
18
PI_CONTACT_INFO: Address: 325 Broadway R/CSL7, Boulder, CO, 80305
PLATFORM: CSL Mobile Lab
LOCATION: Salt Lake City, UT
ASSOCIATED_DATA: N/A
INSTRUMENT_INFO: N/A
DATA_INFO: Units:
UNCERTAINTY: N/A
ULOD_FLAG: -7777
ULOD_VALUE: N/A
LLOD_FLAG: -8888
LLOD_VALUE: N/A
DM_CONTACT_INFO: Data Manager: Nate Howard
PROJECT_INFO: 
STIPULATIONS_ON_USE: Use of these data require prior ok from PI.
OTHER_COMMENTS: 
REVISION: R0
R0: Final data. Fixed bug in wind averaging code. RA: Preliminary Data. For in-field use only. 
Time_Start, GPS_Alt_m, GPS_Course_deg, GPS_GndSpd_m_s, GPS_Heading_deg, GPS_Lat_deg, GPS_Lon_deg, AirTemp_C, RelHumidity_pct, Pressure_mb, WindDir_calc_deg, WindSpd_calc_m_s
[from data line 1156]
69360.0,1309.7,3.50,0.04,3.50,40.73434,-111.87211,17.6,69.4,879.7,115.11,2.7
69420.0,1309.4,4.15,0.05,4.15,40.73434,-111.87211,17.6,69.1,879.6,109.71,2.1
69480.0,1309.4,4.19,0.05,4.19,40.73434,-111.87211,17.6,69.7,879.5,109.22,2.1
69540.0,1309.3,3.84,0.05,3.84,40.73434,-111.87211,17.6,69.4,879.5,111.75,2.1
69600.0,1309.3,3.45,0.05,3.45,40.73434,-111.87211,17.6,70.3,879.5,108.83,1.5
69660.0,1309.3,3.12,0.04,3.12,40.73434,-111.87211,17.6,69.6,879.5,102.55,2.0
69720.0,1309.3,3.25,0.05,3.25,40.73434,-111.87211,17.6,69.6,879.5,106.66,1.8
69780.0,1309.5,3.41,0.05,3.41,40.73434,-111.87211,17.7,68.7,879.4,113.59,1.7
69840.0,1309.6,2.46,0.05,2.46,40.73434,-111.87211,17.8,69.6,879.4,108.36,1.7
69900.0,1309.6,3.06,0.04,3.06,40.73434,-111.87211,17.7,68.7,879.3,109.46,2.3
69960.0,1309.3,3.87,0.05,3.87,40.73434,-111.87211,17.8,68.1,879.2,107.54,1.7
70020.0,1309.3,4.23,0.05,4.23,40.73434,-111.87211,17.8,67.2,879.2,106.71,2.5
70080.0,1309.4,4.76,0.05,4.76,40.73434,-111.87211,17.9,66.8,879.2,110.01,1.9
70140.0,1309.5,4.88,0.05,4.88,40.73434,-111.87211,17.8,66.0,879.2,105.65,2.5
70200.0,1309.6,5.49,0.05,5.49,40.73434,-111.87211,17.9,67.0,879.1,109.95,1.5
70260.0,1309.5,5.08,0.05,5.08,40.73434,-111.87211,18.0,66.4,879.1,111.32,2.1
70320.0,1309.5,4.64,0.05,4.64,40.73434,-111.87211,18.0,65.4,879.0,108.66,2.2
70380.0,1309.6,4.20,0.05,4.20,40.73434,-111.87211,18.2,66.4,878.9,107.98,1.5
70440.0,1309.5,3.32,0.05,3.32,40.73434,-111.87211,18.2,65.3,878.9,111.80,3.0
70500.0,1309.4,3.06,0.05,3.06,40.73434,-111.87211,18.3,64.6,878.9,106.90,2.3
70560.0,1309.3,3.57,0.05,3.57,40.73434,-111.87211,18.4,64.6,878.8,109.79,2.1
70620.0,1308.8,3.40,0.04,3.40,40.73435,-111.87210,18.5,64.0,878.8,109.19,2.0
70680.0,1308.9,3.80,0.04,3.80,40.73435,-111.87210,18.6,62.9,878.8,109.70,2.7
70740.0,1309.0,3.54,0.04,3.54,40.73435,-111.87210,18.7,62.8,878.8,109.67,2.0
70800.0,1309.1,3.44,0.05,3.44,40.73435,-111.87210,18.9,63.4,878.7,116.51,1.7
70860.0,1309.2,3.89,0.04,3.89,40.73435,-111.87210,19.0,63.5,878.7,113.79,2.3
70920.0,1309.1,3.70,0.04,3.70,40.73435,-111.87210,19.2,62.6,878.7,109.58,2.2
70980.0,1309.1,3.58,0.04,3.58,40.73435,-111.87210,19.4,60.4,878.6,107.94,2.0
71040.0,1309.0,3.84,0.05,3.84,40.73435,-111.87210,19.6,60.6,878.6,117.54,1.2
71100.0,1309.0,3.82,0.04,3.82,40.73435,-111.87210,19.7,59.8,878.6,111.95,1.4
71160.0,1309.0,3.82,0.04,3.82,40.73435,-111.87210,20.0,60.1,878.6,93.07,1.1
71220.0,1309.0,4.06,0.04,4.06,40.73435,-111.87210,20.0,59.2,878.6,105.38,1.9
71280.0,1309.0,4.16,0.05,4.16,40.73435,-111.87210,20.2,58.3,878.5,111.80,1.1
71340.0,1308.9,3.80,0.04,3.80,40.73435,-111.87210,20.3,57.8,878.5,106.34,1.9
71400.0,1308.9,3.43,0.04,3.43,40.73435,-111.87210,20.4,58.3,878.5,87.24,0.6
71460.0,1308.9,3.19,0.04,3.19,40.73435,-111.87210,20.5,57.6,878.5,103.74,0.9
71520.0,1308.9,3.32,0.04,3.32,40.73435,-111.87210,20.7,56.7,878.5,110.39,1.6
71580.0,1308.8,3.55,0.04,3.55,40.73435,-111.87210,20.7,55.5,878.5,107.50,2.0
71640.0,1308.8,3.84,0.04,3.84,40.73435,-111.87210,20.8,55.2,878.5,113.72,1.6
71700.0,1308.7,3.68,0.04,3.68,40.73435,-111.87210,20.9,56.1,878.5,105.99,1.6
71760.0,1308.8,3.61,0.04,3.61,40.73435,-111.87210,20.9,55.2,878.5,116.13,2.0
71820.0,1308.8,3.14,0.04,3.14,40.73435,-111.87210,20.9,54.0,878.6,114.51,3.1
71880.0,1308.8,2.59,0.04,2.59,40.73435,-111.87210,21.1,55.2,878.6,108.92,0.7
71940.0,1309.0,3.32,0.04,3.32,40.73435,-111.87210,21.1,55.4,878.7,110.34,1.5
72000.0,1309.2,3.45,0.04,3.45,40.73435,-111.87210,21.2,55.3,878.8,114.84,1.3
72060.0,1309.3,3.62,0.04,3.62,40.73435,-111.87210,21.1,54.0,878.9,113.47,1.7
72120.0,1309.1,3.72,0.05,3.72,40.73434,-111.87210,21.1,54.0,878.9,110.09,1.6
72180.0,1309.0,3.28,0.05,3.28,40.73434,-111.87210,21.2,54.3,879.1,109.93,1.1
72240.0,1308.9,2.92,0.04,2.92,40.73434,-111.87210,21.0,53.7,879.3,107.67,2.0
72300.0,1308.8,2.92,0.04,2.92,40.73434,-111.87210,21.0,52.8,879.3,104.13,1.7
72360.0,1308.8,2.77,0.04,2.77,40.73434,-111.87210,21.0,52.2,879.3,106.58,1.8
72420.0,1308.9,2.79,0.04,2.79,40.73434,-111.87210,21.0,52.2,879.4,110.35,1.8
72480.0,1308.9,3.57,0.04,3.57,40.73434,-111.87210,21.1,52.9,879.4,114.29,1.2
72540.0,1308.9,3.52,0.04,3.52,40.73434,-111.87210,21.1,52.6,879.5,116.44,1.0
72600.0,1308.9,3.38,0.04,3.38,40.73434,-111.87210,21.2,53.8,879.6,94.54,0.6
72660.0,1309.0,3.70,0.04,3.70,40.73434,-111.87210,21.2,53.3,879.8,99.50,0.5
72720.0,1309.0,4.31,0.05,4.31,40.73434,-111.87210,21.2,52.9,879.9,123.56,0.7
72780.0,1309.0,4.55,0.04,4.55,40.73434,-111.87210,21.3,52.8,880.0,144.28,1.1
72840.0,1309.0,4.50,0.05,4.50,40.73434,-111.87210,21.3,52.4,880.1,69.14,0.7
72900.0,1309.2,4.16,0.05,4.16,40.73434,-111.87210,21.3,51.0,880.2,148.77,0.4
72960.0,1309.3,4.06,0.05,4.06,40.73434,-111.87210,21.3,54.3,880.1,72.38,0.6
73020.0,1309.3,4.17,0.06,4.17,40.73434,-111.87210,21.2,54.6,880.2,61.02,0.5
73080.0,1309.1,4.29,0.05,4.29,40.73434,-111.87210,21.2,54.1,880.2,96.87,0.4
73140.0,1309.1,4.33,0.04,4.33,40.73434,-111.87210,21.2,54.0,880.3,218.57,0.8
73200.0,1309.1,4.06,0.05,4.06,40.73434,-111.87210,21.2,55.4,880.5,141.29,0.6
73260.0,1309.0,3.78,0.05,3.78,40.73434,-111.87210,21.3,55.5,880.5,193.13,1.3
73320.0,1309.0,3.60,0.04,3.60,40.73434,-111.87210,21.4,55.0,880.5,199.84,1.5
73380.0,1309.0,3.83,0.05,3.83,40.73434,-111.87210,21.5,55.5,880.5,156.40,0.9
73440.0,1309.0,4.51,0.05,4.51,40.73434,-111.87210,21.4,56.9,880.5,94.04,0.7
73500.0,1308.8,4.60,0.04,4.60,40.73434,-111.87210,21.3,58.0,880.5,75.49,0.5
73560.0,1308.8,4.79,0.05,4.79,40.73434,-111.87210,21.2,60.1,880.5,96.05,0.6
73620.0,1308.9,4.45,0.05,4.45,40.73434,-111.87210,21.2,59.7,880.6,67.34,0.4
73680.0,1308.8,4.29,0.05,4.29,40.73434,-111.87210,21.1,61.2,880.6,37.02,0.2
73740.0,1308.8,4.19,0.05,4.19,40.73434,-111.87210,21.1,62.1,880.6,320.54,0.3
73800.0,1308.8,4.36,0.04,4.36,40.73434,-111.87210,21.1,61.5,880.7,211.99,0.2
73860.0,1308.8,4.03,0.05,4.03,40.73434,-111.87210,21.1,60.9,880.7,308.84,0.4
73920.0,1308.9,3.99,0.05,3.99,40.73434,-111.87210,21.1,60.4,880.8,236.20,0.1
73980.0,1308.8,3.55,0.05,3.55,40.73434,-111.87210,21.1,60.2,880.8,206.46,0.9
74040.0,1308.7,3.61,0.04,3.61,40.73434,-111.87210,21.1,59.6,880.9,218.29,0.8
74100.0,1308.6,3.68,0.05,3.68,40.73434,-111.87210,21.1,60.0,880.9,194.74,0.4
74160.0,1308.7,3.56,0.05,3.56,40.73434,-111.87210,21.1,59.6,881.0,242.71,0.3
74220.0,1308.8,3.67,0.05,3.67,40.73434,-111.87210,21.1,60.0,881.1,219.33,0.8
74280.0,1308.7,3.77,0.05,3.77,40.73434,-111.87210,21.0,60.6,881.2,223.86,0.8
74340.0,1308.6,4.05,0.05,4.05,40.73434,-111.87210,21.0,60.5,881.4,238.21,0.9
74400.0,1308.6,3.72,0.05,3.72,40.73434,-111.87210,20.9,59.9,881.7,229.30,0.8
74460.0,1308.5,3.49,0.05,3.49,40.73434,-111.87210,20.8,61.3,881.9,193.78,1.8
74520.0,1308.2,3.66,0.05,3.66,40.73434,-111.87210,20.7,62.7,882.2,200.66,2.4
74580.0,1308.2,3.90,0.06,3.90,40.73434,-111.87210,20.6,64.1,882.3,193.66,2.0
74640.0,1308.3,4.06,0.05,4.06,40.73434,-111.87210,20.4,64.5,882.4,214.25,2.5
74700.0,1308.3,4.48,0.06,4.48,40.73434,-111.87210,20.2,66.0,882.4,205.74,2.3
74760.0,1308.3,4.76,0.05,4.76,40.73434,-111.87210,20.1,68.4,882.3,185.58,1.5
74820.0,1308.4,4.23,0.05,4.23,40.73434,-111.87210,19.9,68.8,882.2,139.76,1.2
74880.0,1308.4,4.23,0.05,4.23,40.73434,-111.87210,19.7,71.0,882.0,66.51,0.7
74940.0,1308.7,4.44,0.05,4.44,40.73434,-111.87210,19.5,71.8,881.9,100.96,0.8
75000.0,1308.7,4.33,0.04,4.33,40.73434,-111.87210,19.4,73.4,881.7,106.74,0.6
75060.0,1308.8,4.52,0.05,4.52,40.73434,-111.87210,19.3,73.7,881.7,114.43,0.8
75120.0,1308.8,4.37,0.04,4.37,40.73433,-111.87210,19.1,73.3,881.6,110.05,0.8
75180.0,1308.9,4.24,0.05,4.24,40.73433,-111.87210,19.0,72.8,881.6,114.06,1.2
75240.0,1309.0,4.16,0.05,4.16,40.73433,-111.87210,18.8,71.1,881.6,114.47,2.2
75300.0,1309.0,4.42,0.05,4.42,40.73433,-111.87210,18.5,71.5,881.6,122.62,2.8
75360.0,1309.1,4.09,0.05,4.09,40.73433,-111.87210,18.3,72.1,881.6,113.74,2.8
75420.0,1309.3,3.56,0.05,3.56,40.73433,-111.87210,18.2,73.4,881.5,122.16,2.8
75480.0,1309.5,3.74,0.06,3.74,40.73433,-111.87210,18.1,73.6,881.5,111.99,2.6
75540.0,1309.5,4.23,0.05,4.23,40.73433,-111.87210,18.0,73.9,881.4,109.41,2.2
75600.0,1309.4,4.22,0.06,4.22,40.73433,-111.87210,17.9,74.3,881.4,120.09,2.2
75660.0,1309.2,3.85,0.05,3.85,40.73433,-111.87210,17.8,74.3,881.3,114.11,2.4
75720.0,1309.1,3.59,0.05,3.59,40.73433,-111.87210,17.8,74.8,881.2,104.56,2.0
75780.0,1309.1,3.83,0.05,3.83,40.73433,-111.87210,17.6,75.4,881.0,105.49,2.7
75840.0,1309.2,4.05,0.05,4.05,40.73433,-111.87210,17.5,75.4,880.9,104.08,3.1
75900.0,1309.2,4.03,0.05,4.03,40.73433,-111.87210,17.5,75.4,880.6,108.81,2.2
75960.0,1309.3,3.91,0.04,3.91,40.73433,-111.87210,17.5,75.9,880.4,101.67,2.1
76020.0,1309.3,3.96,0.04,3.96,40.73433,-111.87210,17.4,76.3,880.1,107.00,2.2
76080.0,1309.4,3.81,0.04,3.81,40.73433,-111.87210,17.4,76.1,879.9,110.54,2.8
76140.0,1309.3,3.49,0.05,3.49,40.73433,-111.87210,17.2,76.2,879.7,107.59,3.4
76200.0,1309.2,3.34,0.05,3.34,40.73434,-111.87210,17.3,76.4,879.6,107.99,2.1
76260.0,1309.3,3.44,0.05,3.44,40.73434,-111.87210,17.2,75.4,879.5,109.20,2.5
76320.0,1309.3,3.00,0.06,3.00,40.73434,-111.87210,17.1,75.4,879.6,108.54,3.4
76380.0,1309.3,3.35,0.05,3.35,40.73434,-111.87210,17.1,75.3,879.5,112.52,2.2
76440.0,1309.5,3.52,0.05,3.52,40.73434,-111.87210,17.1,74.9,879.4,113.64,2.2
76500.0,1309.5,3.30,0.05,3.30,40.73434,-111.87210,17.0,74.1,879.4,125.56,2.4
76560.0,1309.5,3.03,0.05,3.03,40.73434,-111.87210,17.1,74.5,879.3,84.69,1.0
76620.0,1309.7,2.87,0.05,2.87,40.73434,-111.87210,17.1,74.5,879.2,114.79,1.9
76680.0,1309.7,2.52,0.05,2.52,40.73434,-111.87210,17.1,74.2,879.1,115.13,1.8
76740.0,1309.8,3.07,0.06,3.07,40.73434,-111.87210,17.1,74.5,879.1,99.14,1.1
76800.0,1310.0,3.04,0.05,3.04,40.73434,-111.87210,17.2,74.0,879.1,121.80,0.8
76860.0,1310.0,2.78,0.05,2.78,40.73433,-111.87210,17.2,73.6,879.1,107.09,1.8
76920.0,1309.9,2.46,0.06,2.46,40.73433,-111.87210,17.2,73.2,879.2,110.07,1.7
76980.0,1310.1,3.25,0.05,3.25,40.73433,-111.87210,17.1,72.1,879.2,99.65,2.2
77040.0,1310.0,3.33,0.06,3.33,40.73433,-111.87210,17.1,71.1,879.3,109.64,2.6
77100.0,1310.3,2.97,0.06,2.97,40.73433,-111.87210,17.1,71.5,879.4,109.65,2.1
77160.0,1310.4,3.09,0.06,3.09,40.73433,-111.87210,17.1,71.4,879.4,114.87,3.2
77220.0,1310.5,3.07,0.06,3.07,40.73433,-111.87210,17.1,70.2,879.4,105.37,2.5
77280.0,1310.5,3.34,0.05,3.34,40.73433,-111.87210,17.1,70.5,879.3,108.70,2.5
77340.0,1311.1,3.22,0.05,3.22,40.73433,-111.87210,17.1,71.5,879.2,112.20,2.6
77400.0,1310.9,2.85,0.06,2.85,40.73433,-111.87210,17.1,71.1,879.1,111.44,2.5
77460.0,1310.8,2.37,0.05,2.37,40.73433,-111.87210,17.2,70.4,879.0,105.52,2.7
77520.0,1310.6,2.79,0.05,2.79,40.73433,-111.87210,17.2,70.8,879.0,107.61,2.5
77580.0,1310.5,3.09,0.04,3.09,40.73433,-111.87210,17.3,70.0,878.9,108.94,2.2
77640.0,1310.5,2.45,0.05,2.45,40.73433,-111.87210,17.3,69.5,878.9,106.74,2.3
77700.0,1310.5,2.61,0.05,2.61,40.73433,-111.87210,17.3,68.4,878.9,117.88,2.3
77760.0,1310.6,2.67,0.06,2.67,40.73433,-111.87210,17.4,68.7,878.9,127.62,2.3
77820.0,1310.6,2.76,0.06,2.76,40.73433,-111.87210,17.5,69.7,878.9,102.70,0.7
77880.0,1310.4,2.58,0.05,2.58,40.73433,-111.87210,17.6,67.4,878.9,116.83,1.5
77940.0,1310.0,2.61,0.06,2.61,40.73433,-111.87210,17.7,68.0,878.9,107.02,1.7
78000.0,1310.1,2.22,0.06,2.22,40.73433,-111.87210,17.8,67.3,878.8,92.53,1.0
78060.0,1310.1,2.76,0.05,2.76,40.73433,-111.87210,17.9,67.7,878.8,98.34,2.0
78120.0,1309.9,2.49,0.05,2.49,40.73433,-111.87210,18.0,67.5,878.8,109.34,1.6
78180.0,1309.7,2.07,0.05,2.07,40.73434,-111.87210,18.1,66.0,878.8,109.19,1.9
78240.0,1309.7,2.15,0.05,2.15,40.73434,-111.87210,18.3,66.5,878.8,110.58,1.8
78300.0,1309.6,2.45,0.07,2.45,40.73434,-111.87210,18.3,66.3,878.9,110.52,2.2
78360.0,1309.4,2.29,0.05,2.29,40.73434,-111.87210,18.6,66.7,878.9,114.20,2.1
78420.0,1309.5,2.18,0.05,2.18,40.73433,-111.87210,18.6,66.1,879.0,109.01,2.4
78480.0,1309.5,2.67,0.04,2.67,40.73434,-111.87210,18.9,64.9,879.0,116.05,1.7
78540.0,1309.5,2.70,0.05,2.70,40.73434,-111.87210,19.0,64.5,879.1,120.77,1.6
78600.0,1309.4,2.62,0.05,2.62,40.73434,-111.87210,19.3,63.6,879.1,128.22,1.4
78660.0,1309.4,2.79,0.05,2.79,40.73434,-111.87210,19.4,61.4,879.2,111.82,1.6
78720.0,1309.4,2.76,0.05,2.76,40.73434,-111.87210,19.7,63.0,879.2,104.15,0.8
78780.0,1309.2,2.69,0.05,2.69,40.73434,-111.87210,19.9,62.2,879.2,114.91,1.6
78840.0,1309.0,2.98,0.04,2.98,40.73434,-111.87210,20.0,59.9,879.2,120.35,1.7
78900.0,1308.8,3.37,0.04,3.37,40.73434,-111.87210,20.1,59.6,879.3,114.01,2.1
78960.0,1308.8,3.43,0.04,3.43,40.73434,-111.87210,20.3,59.4,879.3,109.00,1.5
79020.0,1308.7,3.26,0.05,3.26,40.73434,-111.87210,20.3,58.1,879.3,109.07,1.8
79080.0,1308.6,2.98,0.04,2.98,40.73434,-111.87210,20.4,58.6,879.3,114.54,2.1
79140.0,1308.5,2.72,0.05,2.72,40.73434,-111.87210,20.5,59.0,879.3,114.42,1.5
79200.0,1308.4,3.10,0.05,3.10,40.73434,-111.87211,20.8,59.9,879.3,143.16,2.2
79260.0,1308.2,3.13,0.05,3.13,40.73434,-111.87211,21.0,58.0,879.3,148.29,2.0
79320.0,1308.2,3.36,0.05,3.36,40.73434,-111.87210,21.1,56.7,879.3,129.93,2.3
79380.0,1308.2,3.00,0.05,3.00,40.73434,-111.87211,21.2,56.2,879.3,132.88,2.6
79440.0,1308.4,3.49,0.05,3.49,40.73434,-111.87211,21.2,56.7,879.3,148.37,3.1
79500.0,1308.5,3.97,0.05,3.97,40.73434,-111.87211,21.3,58.6,879.3,126.55,2.2
79560.0,1308.6,3.85,0.05,3.85,40.73434,-111.87210,21.3,55.2,879.2,127.61,2.8
79620.0,1308.8,3.54,0.05,3.54,40.73434,-111.87210,21.4,52.7,879.2,115.70,2.0
79680.0,1309.0,3.94,0.04,3.94,40.73434,-111.87210,21.6,53.7,879.2,160.29,1.9
79740.0,1309.1,4.27,0.05,4.27,40.73434,-111.87210,21.8,49.7,879.2,135.23,1.1
79800.0,1309.3,3.98,0.04,3.98,40.73434,-111.87210,21.9,48.4,879.1,10.48,0.3
79860.0,1309.6,4.06,0.05,4.06,40.73434,-111.87210,22.1,51.0,879.1,93.58,0.8
79920.0,1309.6,4.11,0.04,4.11,40.73434,-111.87210,22.4,54.8,879.0,94.49,0.6
79980.0,1309.0,4.03,0.05,4.03,40.73434,-111.87210,22.7,52.5,879.0,64.90,0.2
80040.0,1309.0,4.02,0.05,4.02,40.73434,-111.87210,22.9,46.3,879.0,104.32,1.1
80100.0,1309.0,4.01,0.06,4.01,40.73434,-111.87210,23.0,45.7,879.0,122.70,1.4
80160.0,1309.0,4.10,0.06,4.10,40.73434,-111.87210,23.0,45.9,879.0,107.60,1.9
80220.0,1309.0,3.89,0.05,3.89,40.73434,-111.87210,23.0,44.5,878.9,105.85,1.5
80280.0,1308.7,4.28,0.05,4.28,40.73434,-111.87211,23.0,46.7,878.9,111.58,1.9
80340.0,1308.8,4.11,0.05,4.11,40.73434,-111.87211,23.0,43.3,878.8,110.96,1.4
80400.0,1308.8,4.04,0.05,4.04,40.73434,-111.87211,23.0,43.0,878.8,115.60,1.6
80460.0,1308.7,4.15,0.05,4.15,40.73433,-111.87211,23.0,43.6,878.7,118.26,2.3
80520.0,1308.9,4.44,0.05,4.44,40.73433,-111.87210,23.1,41.7,878.7,113.04,2.3
80580.0,1309.0,3.98,0.05,3.98,40.73433,-111.87210,23.1,42.5,878.7,123.00,3.5
80640.0,1309.1,3.91,0.05,3.91,40.73433,-111.87210,23.3,42.8,878.7,119.43,2.2
80700.0,1309.0,4.51,0.05,4.51,40.73433,-111.87210,23.5,43.1,878.6,137.68,1.6
80760.0,1309.1,4.71,0.06,4.71,40.73433,-111.87210,23.7,42.2,878.7,121.88,1.5
80820.0,1309.3,4.49,0.05,4.49,40.73433,-111.87210,23.8,41.5,878.7,129.70,2.1
80880.0,1309.6,4.17,0.05,4.17,40.73433,-111.87210,24.1,41.2,878.7,128.24,1.2
80940.0,1309.3,3.99,0.06,3.99,40.73433,-111.87210,24.3,41.7,878.7,93.26,0.8
81000.0,1309.3,3.85,0.05,3.85,40.73433,-111.87210,24.5,41.7,878.6,105.20,1.2
81060.0,1309.2,3.28,0.05,3.28,40.73433,-111.87210,24.6,41.8,878.6,60.31,0.5
81120.0,1308.8,3.39,0.05,3.39,40.73433,-111.87210,24.9,39.3,878.6,26.05,0.1
81180.0,1308.9,3.39,0.05,3.39,40.73433,-111.87210,25.1,39.1,878.7,25.56,0.5
81240.0,1308.8,3.67,0.05,3.67,40.73433,-111.87210,24.9,38.4,878.7,51.00,0.7
81300.0,1308.7,4.13,0.04,4.13,40.73433,-111.87210,24.7,37.2,878.7,35.23,0.8
81360.0,1308.6,4.06,0.04,4.06,40.73433,-111.87210,24.8,37.3,878.7,79.85,0.3
81420.0,1308.5,3.42,0.05,3.42,40.73433,-111.87210,24.8,38.0,878.7,93.50,0.6
81480.0,1308.4,3.68,0.05,3.68,40.73433,-111.87210,24.8,37.3,878.7,111.25,1.1
81540.0,1308.4,4.16,0.04,4.16,40.73433,-111.87210,24.6,37.6,878.6,113.55,1.3
81600.0,1308.2,4.06,0.05,4.06,40.73433,-111.87210,24.5,37.4,878.5,109.78,1.7
81660.0,1307.9,4.13,0.06,4.13,40.73433,-111.87210,24.5,38.7,878.5,119.08,1.4
81720.0,1307.8,4.17,0.05,4.17,40.73433,-111.87210,24.6,39.6,878.5,147.98,1.1
