CampaignData_and_Merges/R0/CSL_MobileLab_Parked/raw/20240817/USOS-jNO2_MobileLabGround_20240817_R0.ict
52,1001
Waxman, E.; Rollins, A.; Zuraski, K.; Chace, W.
NOAA Chemical Sciences Laboratory
jNO2 filter radiometer on CSL Mobile Lab
AMMBEC / USOS
1, 1
2024,08,17, 2025,04,01
60
Time_Start, seconds, number_of_seconds_since_0000_UTC
20
1, 1, 1, 1, 1, 1, 1, 1, 1, 1, 1, 1, 1, 1, 1, 1, 1, 1, 1, 1
-9999, -9999, -9999, -9999, -9999, -9999, -9999, -9999, -9999, -9999, -9999, -9999, -9999, -9999, -9999, -9999, -9999, -9999, -9999, -9999
Time_Stop, seconds, number_of_seconds_since_0000_UTC
jNO2_meas, per second, photolysis rate of NO2 measured using a filter radiometer.
jBrCl, per second, photolysis rate of BrCl -> Br + Cl calculated in TUV for cloud-free sky with local AOD
jBr2, per second, photolysis rate of Br2 -> Br + Br calculated in TUV for cloud-free sky with local AOD
jCCl4, per second, photolysis rate of CCl4 -> Products calcualted in TUV for cloud-free sky with local AOD
jCH2Oa, per second, photolysis rate of CH2O -> H + HCO calculated in TUV for cloud-free sky with local AOD
jCH2Ob, per second, photolysis rate of CH2O -> H2 + CO calculated in TUV for cloud-free sky with local AOD
jClNO2, per second, photolysis rate of ClNO2 -> Cl + NO2 calculated in TUV for cloud-free sky with local AOD
jClOa, per second, photolysis rate of ClO -> Cl + O(1D) calculated in TUV for cloud-free sky with local AOD
jClOb, per second, photolysis rate of ClO -> Cl + O(3P) calculated in TUV for cloud-free sky with local AOD
jCl2, per second, photolysis rate of Cl2 -> Cl + Cl calculated in TUV for cloud-free sky with local AOD
jHNO2, per second, photolysis rate of HNO2 -> OH + NO calculated in TUV for cloud-free sky with local AOD
jHNO3, per second, photolysis rate of HNO3 -> OH + NO2 calculated in TUV for cloud-free sky with local AOD
jI2, per second, photolysis rate of I2 -> I + I calculated in TUV for cloud-free sky with local AOD
jNO2, per second, photolysis rate of NO2 -> NO + O(3P) calculated in TUV for cloud-free sky with local AOD
jNO3a, per second, photolysis rate of NO3 -> NO + O2 calculated in TUV for cloud-free sky with local AOD
jNO3b, per second, photolysis rate of NO3 -> NO2 + O(3P) calculated in TUV for cloud-free sky with local AOD
jN2O5, per second, photolysis rate of N2O5 -> NO3 + NO + O(3P) calculated in TUV for cloud-free sky with local AOD
jO3, per second, photolysis rate of O3 -> O2 + O(1D) calculated in TUV for cloud-free sky with local AOD
AOD_500nm, unitless, UTC daily mean AOD at 500 nm from an AERONET station located at 40.178 N, -112.452 E
0
18
PI_CONTACT_INFO: eleanor.waxman@noaa.gov
PLATFORM: CSL Mobile Lab, at ground site
LOCATION: Salt Lake City, UT
ASSOCIATED_DATA:
INSTRUMENT_INFO: jNO2 filter radiometer.  TUV calculations are for mobile van lat/lon/altitude assuming clear sky (cloud AOD = 0) and daily mean AOD.
DATA_INFO:
UNCERTAINTY: Data uncertainties are +/- 20%.  These come from uncertainties in radiometer angular response, radiometer thermal response, local interferences from clouds/aerosols/shadows etc.
ULOD_FLAG: -7777
ULOD_VALUE: N/A
LLOD_FLAG: -8888
LLOD_VALUE: N/A
DM_CONTACT_INFO: eleanor.waxman@noaa.gov
PROJECT_INFO: USOS Project, July - August 2024
STIPULATIONS_ON_USE: Users are strongly encouraged to contact the PI for proper data usage.
OTHER_COMMENTS: 
REVISION: R0
R0: final data
Time_Start, Time_Stop, jNO2_meas, jBrCl, jBr2, jCCl4, jCH2Oa, jCH2Ob, jClNO2, jClOa, jClOb, jCl2, jHNO2, jHNO3, jI2, jNO2, jNO3a, jNO3b, jN2O5, jO3, AOD_500nm
[from data line 1336]
   80160,   80220,0.0068338,0.009402,0.02865,1.478e-24,2.473e-05,3.934e-05,0.0003875,5.448e-25,2.897e-05,0.001952,0.001293,4.058e-07,0.1023,0.007976,0.01974,0.1582,3.385e-05,1.863e-05,0.034
   80220,   80280,0.0064218,0.00939,0.02863,1.432e-24,2.464e-05,3.924e-05,0.0003865,5.267e-25,2.878e-05,0.001949,0.001291,4.038e-07,0.1022,0.007963,0.01973,0.1581,3.375e-05,1.85e-05,0.034
   80280,   80340,0.0053801,0.009379,0.0286,1.385e-24,2.454e-05,3.913e-05,0.0003855,5.083e-25,2.858e-05,0.001944,0.001288,4.017e-07,0.1021,0.007949,0.01972,0.158,3.364e-05,1.836e-05,0.034
   80340,   80400,0.0076202,0.009367,0.02857,1.34e-24,2.445e-05,3.902e-05,0.0003844,4.907e-25,2.837e-05,0.00194,0.001286,3.996e-07,0.1021,0.007936,0.01971,0.1579,3.354e-05,1.822e-05,0.034
   80400,   80460,0.0081847,0.009355,0.02855,1.3e-24,2.436e-05,3.891e-05,0.0003834,4.748e-25,2.818e-05,0.001936,0.001283,3.976e-07,0.102,0.007923,0.0197,0.1579,3.344e-05,1.809e-05,0.034
   80460,   80520,0.0087985,0.009343,0.02852,1.258e-24,2.426e-05,3.88e-05,0.0003823,4.587e-25,2.797e-05,0.001932,0.001281,3.955e-07,0.1019,0.007909,0.01969,0.1578,3.333e-05,1.796e-05,0.034
   80520,   80580,0.0088925,0.009331,0.02849,1.218e-24,2.417e-05,3.869e-05,0.0003812,4.432e-25,2.776e-05,0.001927,0.001278,3.934e-07,0.1019,0.007894,0.01968,0.1577,3.322e-05,1.782e-05,0.034
   80580,   80640,0.0086586,0.009319,0.02847,1.183e-24,2.407e-05,3.858e-05,0.0003802,4.293e-25,2.757e-05,0.001923,0.001276,3.914e-07,0.1018,0.007881,0.01967,0.1576,3.312e-05,1.769e-05,0.034
   80640,   80700,0.0085435,0.009307,0.02844,1.146e-24,2.398e-05,3.847e-05,0.0003791,4.151e-25,2.736e-05,0.001919,0.001273,3.893e-07,0.1017,0.007866,0.01966,0.1575,3.301e-05,1.755e-05,0.034
   80700,   80760,0.0084589,0.009294,0.02841,1.11e-24,2.388e-05,3.835e-05,0.000378,4.015e-25,2.715e-05,0.001914,0.00127,3.871e-07,0.1017,0.007852,0.01965,0.1574,3.29e-05,1.741e-05,0.034
   80760,   80820,0.0083985,0.009282,0.02839,1.079e-24,2.379e-05,3.824e-05,0.000377,3.893e-25,2.696e-05,0.00191,0.001268,3.851e-07,0.1016,0.007838,0.01964,0.1573,3.28e-05,1.728e-05,0.034
   80820,   80880,0.008372,0.009269,0.02836,1.046e-24,2.369e-05,3.813e-05,0.0003758,3.768e-25,2.675e-05,0.001905,0.001265,3.829e-07,0.1015,0.007823,0.01963,0.1572,3.269e-05,1.714e-05,0.034
   80880,   80940,0.0083965,0.009256,0.02833,1.014e-24,2.358e-05,3.801e-05,0.0003747,3.648e-25,2.654e-05,0.001901,0.001263,3.808e-07,0.1015,0.007808,0.01962,0.1571,3.257e-05,1.7e-05,0.034
   80940,   81000,0.0085426,0.009243,0.0283,9.857e-25,2.349e-05,3.79e-05,0.0003736,3.54e-25,2.634e-05,0.001896,0.00126,3.787e-07,0.1014,0.007794,0.01961,0.157,3.247e-05,1.687e-05,0.034
   81000,   81060,0.0086432,0.00923,0.02827,9.566e-25,2.339e-05,3.778e-05,0.0003725,3.43e-25,2.614e-05,0.001892,0.001257,3.765e-07,0.1013,0.007779,0.0196,0.1569,3.235e-05,1.673e-05,0.034
   81060,   81120,0.0083495,0.009216,0.02824,9.285e-25,2.329e-05,3.766e-05,0.0003713,3.324e-25,2.593e-05,0.001887,0.001255,3.744e-07,0.1012,0.007763,0.01959,0.1568,3.224e-05,1.659e-05,0.034
   81120,   81180,0.0072992,0.009204,0.02821,9.031e-25,2.319e-05,3.754e-05,0.0003702,3.228e-25,2.573e-05,0.001882,0.001252,3.723e-07,0.1012,0.007749,0.01958,0.1567,3.213e-05,1.646e-05,0.034
   81180,   81240,0.0051062,0.00919,0.02818,8.769e-25,2.309e-05,3.742e-05,0.0003691,3.13e-25,2.552e-05,0.001878,0.001249,3.701e-07,0.1011,0.007733,0.01957,0.1565,3.201e-05,1.631e-05,0.034
   81240,   81300,0.0048053,0.009176,0.02815,8.518e-25,2.298e-05,3.73e-05,0.0003679,3.037e-25,2.531e-05,0.001873,0.001246,3.679e-07,0.101,0.007717,0.01955,0.1564,3.19e-05,1.617e-05,0.034
   81300,   81360,0.0040293,0.009163,0.02812,8.29e-25,2.289e-05,3.718e-05,0.0003668,2.952e-25,2.511e-05,0.001868,0.001244,3.658e-07,0.1009,0.007702,0.01954,0.1563,3.179e-05,1.604e-05,0.034
   81360,   81420,0.0053605,0.009149,0.02809,8.057e-25,2.278e-05,3.706e-05,0.0003656,2.865e-25,2.49e-05,0.001863,0.001241,3.635e-07,0.1009,0.007686,0.01953,0.1562,3.167e-05,1.59e-05,0.034
   81420,   81480,0.0042514,0.009134,0.02806,7.832e-25,2.268e-05,3.693e-05,0.0003644,2.782e-25,2.469e-05,0.001858,0.001238,3.613e-07,0.1008,0.00767,0.01952,0.1561,3.155e-05,1.576e-05,0.034
   81480,   81540,0.00381,0.009121,0.02803,7.628e-25,2.258e-05,3.681e-05,0.0003632,2.706e-25,2.449e-05,0.001853,0.001235,3.592e-07,0.1007,0.007654,0.01951,0.156,3.144e-05,1.563e-05,0.034
   81540,   81600,0.0051233,0.009106,0.02799,7.417e-25,2.247e-05,3.668e-05,0.000362,2.629e-25,2.428e-05,0.001848,0.001232,3.57e-07,0.1006,0.007638,0.01949,0.1559,3.132e-05,1.549e-05,0.034
   81600,   81660,0.0055145,0.009091,0.02796,7.215e-25,2.236e-05,3.655e-05,0.0003608,2.555e-25,2.407e-05,0.001843,0.001229,3.547e-07,0.1005,0.007621,0.01948,0.1557,3.12e-05,1.535e-05,0.034
   81660,   81720,0.0059847,0.009077,0.02793,7.032e-25,2.226e-05,3.643e-05,0.0003596,2.487e-25,2.387e-05,0.001839,0.001226,3.526e-07,0.1004,0.007605,0.01947,0.1556,3.108e-05,1.522e-05,0.034
   81720,   81780,0.0067416,0.009062,0.0279,6.843e-25,2.215e-05,3.63e-05,0.0003583,2.419e-25,2.366e-05,0.001833,0.001223,3.503e-07,0.1004,0.007588,0.01946,0.1555,3.096e-05,1.508e-05,0.034
   81780,   81840,0.0057672,0.009047,0.02786,6.664e-25,2.204e-05,3.617e-05,0.0003571,2.353e-25,2.345e-05,0.001828,0.00122,3.48e-07,0.1003,0.007571,0.01944,0.1554,3.084e-05,1.494e-05,0.034
   81840,   81900,0.0062731,0.009033,0.02783,6.499e-25,2.194e-05,3.605e-05,0.0003559,2.293e-25,2.325e-05,0.001823,0.001217,3.459e-07,0.1002,0.007555,0.01943,0.1553,3.072e-05,1.481e-05,0.034
   81900,   81960,0.0066416,0.009017,0.0278,6.329e-25,2.183e-05,3.591e-05,0.0003546,2.231e-25,2.304e-05,0.001818,0.001214,3.436e-07,0.1001,0.007537,0.01942,0.1551,3.06e-05,1.466e-05,0.034
   81960,   82020,0.0069858,0.009002,0.02776,6.165e-25,2.172e-05,3.578e-05,0.0003533,2.171e-25,2.283e-05,0.001813,0.001211,3.413e-07,0.1,0.00752,0.0194,0.155,3.047e-05,1.452e-05,0.034
   82020,   82080,0.0055181,0.008987,0.02773,6.016e-25,2.162e-05,3.565e-05,0.0003521,2.118e-25,2.263e-05,0.001808,0.001208,3.392e-07,0.09992,0.007503,0.01939,0.1549,3.036e-05,1.439e-05,0.034
   82080,   82140,0.0061681,0.008971,0.02769,5.862e-25,2.15e-05,3.552e-05,0.0003508,2.062e-25,2.242e-05,0.001802,0.001205,3.369e-07,0.09983,0.007485,0.01938,0.1548,3.023e-05,1.425e-05,0.034
   82140,   82200,0.005827,0.008955,0.02765,5.714e-25,2.139e-05,3.538e-05,0.0003495,2.009e-25,2.221e-05,0.001797,0.001201,3.346e-07,0.09973,0.007467,0.01936,0.1546,3.01e-05,1.411e-05,0.034
   82200,   82260,0.0047473,0.008939,0.02762,5.579e-25,2.129e-05,3.525e-05,0.0003483,1.96e-25,2.201e-05,0.001791,0.001198,3.324e-07,0.09965,0.007449,0.01935,0.1545,2.998e-05,1.398e-05,0.034
   82260,   82320,0.0042429,0.008923,0.02758,5.44e-25,2.117e-05,3.511e-05,0.000347,1.911e-25,2.18e-05,0.001786,0.001195,3.3e-07,0.09955,0.007431,0.01933,0.1544,2.985e-05,1.384e-05,0.034
   82320,   82380,0.0063956,0.008906,0.02755,5.306e-25,2.106e-05,3.497e-05,0.0003456,1.863e-25,2.159e-05,0.00178,0.001192,3.277e-07,0.09945,0.007412,0.01932,0.1542,2.972e-05,1.37e-05,0.034
   82380,   82440,0.007734,0.008891,0.02751,5.184e-25,2.095e-05,3.484e-05,0.0003444,1.819e-25,2.139e-05,0.001775,0.001189,3.255e-07,0.09936,0.007395,0.01931,0.1541,2.96e-05,1.357e-05,0.034
   82440,   82500,0.0065448,0.008874,0.02747,5.058e-25,2.084e-05,3.47e-05,0.000343,1.775e-25,2.118e-05,0.001769,0.001185,3.232e-07,0.09926,0.007376,0.01929,0.154,2.947e-05,1.343e-05,0.034
   82500,   82560,0.0071236,0.008857,0.02743,4.937e-25,2.072e-05,3.455e-05,0.0003416,1.731e-25,2.097e-05,0.001764,0.001182,3.209e-07,0.09916,0.007357,0.01927,0.1538,2.934e-05,1.329e-05,0.034
   82560,   82620,0.007912,0.00884,0.0274,4.825e-25,2.061e-05,3.442e-05,0.0003403,1.692e-25,2.077e-05,0.001758,0.001179,3.186e-07,0.09907,0.007339,0.01926,0.1537,2.921e-05,1.316e-05,0.034
   82620,   82680,0.0079729,0.008823,0.02736,4.711e-25,2.049e-05,3.427e-05,0.000339,1.651e-25,2.056e-05,0.001752,0.001175,3.163e-07,0.09896,0.007319,0.01924,0.1535,2.908e-05,1.302e-05,0.034
   82680,   82740,0.0083475,0.008805,0.02732,4.601e-25,2.038e-05,3.413e-05,0.0003376,1.612e-25,2.035e-05,0.001747,0.001172,3.14e-07,0.09886,0.0073,0.01923,0.1534,2.895e-05,1.289e-05,0.034
   82740,   82800,0.0083183,0.008789,0.02728,4.5e-25,2.027e-05,3.399e-05,0.0003363,1.577e-25,2.016e-05,0.001741,0.001168,3.117e-07,0.09876,0.007281,0.01921,0.1532,2.882e-05,1.276e-05,0.034
   82800,   82860,0.0083665,0.008771,0.02724,4.396e-25,2.015e-05,3.384e-05,0.0003349,1.54e-25,1.995e-05,0.001735,0.001165,3.094e-07,0.09866,0.007261,0.0192,0.1531,2.868e-05,1.262e-05,0.034
   82860,   82920,0.0082608,0.008753,0.0272,4.295e-25,2.003e-05,3.37e-05,0.0003334,1.505e-25,1.974e-05,0.001729,0.001161,3.07e-07,0.09855,0.007241,0.01918,0.1529,2.855e-05,1.248e-05,0.034
   82920,   82980,0.0081015,0.008735,0.02716,4.203e-25,1.992e-05,3.355e-05,0.0003321,1.472e-25,1.954e-05,0.001723,0.001158,3.048e-07,0.09845,0.007222,0.01917,0.1528,2.842e-05,1.235e-05,0.034
   82980,   83040,0.0077006,0.008717,0.02711,4.108e-25,1.98e-05,3.34e-05,0.0003307,1.439e-25,1.933e-05,0.001717,0.001154,3.024e-07,0.09834,0.007201,0.01915,0.1526,2.828e-05,1.221e-05,0.034
   83040,   83100,0.0078125,0.008698,0.02707,4.016e-25,1.968e-05,3.325e-05,0.0003292,1.407e-25,1.913e-05,0.001711,0.00115,3e-07,0.09822,0.00718,0.01913,0.1525,2.814e-05,1.208e-05,0.034
   83100,   83160,0.0078291,0.008681,0.02703,3.933e-25,1.956e-05,3.311e-05,0.0003279,1.378e-25,1.893e-05,0.001705,0.001147,2.978e-07,0.09812,0.007161,0.01912,0.1523,2.801e-05,1.195e-05,0.034
   83160,   83220,0.0077399,0.008662,0.02699,3.846e-25,1.944e-05,3.296e-05,0.0003264,1.347e-25,1.872e-05,0.001699,0.001143,2.954e-07,0.09801,0.00714,0.0191,0.1522,2.787e-05,1.181e-05,0.034
   83220,   83280,0.0076864,0.008642,0.02694,3.762e-25,1.932e-05,3.28e-05,0.0003249,1.318e-25,1.851e-05,0.001693,0.001139,2.93e-07,0.09789,0.007118,0.01908,0.152,2.773e-05,1.168e-05,0.034
   83280,   83340,0.0076233,0.008624,0.0269,3.685e-25,1.921e-05,3.266e-05,0.0003235,1.291e-25,1.832e-05,0.001687,0.001136,2.908e-07,0.09778,0.007098,0.01907,0.1518,2.76e-05,1.155e-05,0.034
   83340,   83400,0.0074574,0.008604,0.02686,3.606e-25,1.908e-05,3.25e-05,0.0003221,1.264e-25,1.811e-05,0.001681,0.001132,2.884e-07,0.09766,0.007077,0.01905,0.1517,2.746e-05,1.141e-05,0.034
   83400,   83460,0.0075322,0.008585,0.02681,3.529e-25,1.896e-05,3.234e-05,0.0003206,1.237e-25,1.791e-05,0.001674,0.001128,2.86e-07,0.09754,0.007055,0.01903,0.1515,2.732e-05,1.128e-05,0.034
   83460,   83520,0.0075022,0.008566,0.02677,3.459e-25,1.884e-05,3.219e-05,0.0003192,1.212e-25,1.772e-05,0.001668,0.001124,2.837e-07,0.09743,0.007034,0.01901,0.1513,2.718e-05,1.115e-05,0.034
   83520,   83580,0.0074192,0.008546,0.02672,3.386e-25,1.872e-05,3.204e-05,0.0003176,1.187e-25,1.751e-05,0.001662,0.00112,2.813e-07,0.09731,0.007012,0.01899,0.1512,2.704e-05,1.102e-05,0.034
   83580,   83640,0.0073128,0.008525,0.02667,3.315e-25,1.859e-05,3.188e-05,0.0003161,1.162e-25,1.73e-05,0.001655,0.001116,2.789e-07,0.09719,0.00699,0.01897,0.151,2.689e-05,1.088e-05,0.034
   83640,   83700,0.0072085,0.008506,0.02663,3.25e-25,1.848e-05,3.172e-05,0.0003147,1.14e-25,1.711e-05,0.001649,0.001113,2.766e-07,0.09707,0.006968,0.01896,0.1508,2.676e-05,1.076e-05,0.034
   83700,   83760,0.0071208,0.008485,0.02658,3.184e-25,1.835e-05,3.156e-05,0.0003131,1.117e-25,1.691e-05,0.001642,0.001109,2.742e-07,0.09694,0.006946,0.01894,0.1506,2.661e-05,1.062e-05,0.034
   83760,   83820,0.0070341,0.008464,0.02653,3.119e-25,1.823e-05,3.14e-05,0.0003116,1.094e-25,1.671e-05,0.001636,0.001105,2.718e-07,0.09681,0.006923,0.01892,0.1505,2.646e-05,1.049e-05,0.034
   83820,   83880,0.0069479,0.008444,0.02649,3.059e-25,1.811e-05,3.124e-05,0.0003101,1.074e-25,1.652e-05,0.001629,0.001101,2.695e-07,0.09669,0.006901,0.0189,0.1503,2.632e-05,1.037e-05,0.034
   83880,   83940,0.0068833,0.008423,0.02644,2.999e-25,1.798e-05,3.108e-05,0.0003085,1.053e-25,1.631e-05,0.001622,0.001097,2.671e-07,0.09656,0.006877,0.01888,0.1501,2.618e-05,1.024e-05,0.034
   83940,   84000,0.0068355,0.008401,0.02639,2.939e-25,1.785e-05,3.091e-05,0.000307,1.032e-25,1.611e-05,0.001615,0.001092,2.647e-07,0.09643,0.006854,0.01886,0.1499,2.603e-05,1.01e-05,0.034
   84000,   84060,0.0067964,0.008381,0.02634,2.884e-25,1.773e-05,3.076e-05,0.0003055,1.013e-25,1.592e-05,0.001609,0.001088,2.624e-07,0.0963,0.006831,0.01884,0.1497,2.589e-05,9.982e-06,0.034
   84060,   84120,0.006756,0.008359,0.02629,2.828e-25,1.76e-05,3.059e-05,0.0003039,9.934e-26,1.572e-05,0.001602,0.001084,2.6e-07,0.09617,0.006807,0.01882,0.1495,2.573e-05,9.851e-06,0.034
   84120,   84180,0.0067311,0.008337,0.02623,2.773e-25,1.747e-05,3.042e-05,0.0003023,9.744e-26,1.552e-05,0.001595,0.00108,2.576e-07,0.09603,0.006783,0.0188,0.1494,2.558e-05,9.722e-06,0.034
   84180,   84240,0.0067096,0.008315,0.02619,2.722e-25,1.735e-05,3.026e-05,0.0003007,9.569e-26,1.534e-05,0.001588,0.001076,2.553e-07,0.0959,0.00676,0.01878,0.1492,2.544e-05,9.6e-06,0.034
   84240,   84300,0.0067006,0.008293,0.02613,2.669e-25,1.722e-05,3.009e-05,0.0002991,9.388e-26,1.514e-05,0.001581,0.001071,2.529e-07,0.09576,0.006736,0.01876,0.149,2.529e-05,9.471e-06,0.034
   84300,   84360,0.0066845,0.00827,0.02608,2.618e-25,1.709e-05,2.991e-05,0.0002975,9.212e-26,1.494e-05,0.001574,0.001067,2.505e-07,0.09562,0.006711,0.01873,0.1488,2.513e-05,9.343e-06,0.034
   84360,   84420,0.0066731,0.008248,0.02603,2.572e-25,1.697e-05,2.975e-05,0.0002959,9.05e-26,1.476e-05,0.001567,0.001063,2.482e-07,0.09548,0.006687,0.01871,0.1486,2.499e-05,9.223e-06,0.034
   84420,   84480,0.0066531,0.008225,0.02597,2.523e-25,1.684e-05,2.958e-05,0.0002943,8.883e-26,1.456e-05,0.00156,0.001058,2.458e-07,0.09534,0.006662,0.01869,0.1484,2.484e-05,9.096e-06,0.034
   84480,   84540,0.006624,0.008201,0.02592,2.476e-25,1.671e-05,2.94e-05,0.0002926,8.72e-26,1.436e-05,0.001553,0.001054,2.433e-07,0.09519,0.006636,0.01867,0.1481,2.468e-05,8.97e-06,0.034
   84540,   84600,0.0066025,0.008179,0.02586,2.432e-25,1.658e-05,2.924e-05,0.000291,8.57e-26,1.418e-05,0.001546,0.00105,2.411e-07,0.09505,0.006612,0.01865,0.1479,2.453e-05,8.851e-06,0.034
   84600,   84660,0.0065899,0.008154,0.02581,2.387e-25,1.645e-05,2.906e-05,0.0002893,8.414e-26,1.399e-05,0.001538,0.001045,2.386e-07,0.0949,0.006586,0.01862,0.1477,2.438e-05,8.725e-06,0.034
   84660,   84720,0.0064843,0.00813,0.02575,2.343e-25,1.632e-05,2.888e-05,0.0002876,8.263e-26,1.379e-05,0.001531,0.001041,2.362e-07,0.09475,0.00656,0.0186,0.1475,2.422e-05,8.601e-06,0.034
   84720,   84780,0.0063576,0.008107,0.0257,2.303e-25,1.619e-05,2.871e-05,0.000286,8.124e-26,1.361e-05,0.001524,0.001036,2.339e-07,0.0946,0.006535,0.01858,0.1473,2.407e-05,8.484e-06,0.034
   84780,   84840,0.0065498,0.008082,0.02564,2.261e-25,1.606e-05,2.853e-05,0.0002843,7.98e-26,1.342e-05,0.001516,0.001031,2.315e-07,0.09445,0.006509,0.01855,0.1471,2.391e-05,8.361e-06,0.034
   84840,   84900,0.0065491,0.008057,0.02558,2.22e-25,1.592e-05,2.835e-05,0.0002826,7.839e-26,1.323e-05,0.001509,0.001027,2.291e-07,0.09429,0.006482,0.01853,0.1469,2.375e-05,8.238e-06,0.034
   84900,   84960,0.0064051,0.008033,0.02552,2.183e-25,1.58e-05,2.818e-05,0.000281,7.709e-26,1.305e-05,0.001501,0.001022,2.268e-07,0.09414,0.006456,0.01851,0.1466,2.36e-05,8.123e-06,0.034
   84960,   85020,0.0046111,0.008008,0.02546,2.144e-25,1.566e-05,2.8e-05,0.0002792,7.575e-26,1.286e-05,0.001494,0.001017,2.244e-07,0.09398,0.006429,0.01848,0.1464,2.344e-05,8.001e-06,0.034
   85020,   85080,0.0034897,0.007982,0.0254,2.106e-25,1.553e-05,2.781e-05,0.0002775,7.444e-26,1.268e-05,0.001486,0.001013,2.22e-07,0.09381,0.006401,0.01846,0.1462,2.328e-05,7.88e-06,0.034
   85080,   85140,0.0050635,0.007958,0.02534,2.071e-25,1.54e-05,2.764e-05,0.0002758,7.324e-26,1.25e-05,0.001479,0.001008,2.197e-07,0.09366,0.006375,0.01843,0.1459,2.313e-05,7.767e-06,0.034
   85140,   85200,0.0051144,0.007931,0.02528,2.034e-25,1.526e-05,2.745e-05,0.0002741,7.198e-26,1.231e-05,0.001471,0.001003,2.173e-07,0.09349,0.006347,0.01841,0.1457,2.296e-05,7.648e-06,0.034
