CampaignData_and_Merges/R0/CSL_MobileLab_Parked/raw/20240817/USOS-jNO2_MobileLabGround_20240817_R0.ict
52,1001
Waxman, E.; Rollins, A.; Zuraski, K.; Chace, W.
NOAA Chemical Sciences Laboratory
jNO2 filter radiometer on CSL Mobile Lab
AMMBEC / USOS
1, 1
2024,08,17, 2025,04,01
60
Time_Start, seconds, number_of_seconds_since_0000_UTC
20
1, 1, 1, 1, 1, 1, 1, 1, 1, 1, 1, 1, 1, 1, 1, 1, 1, 1, 1, 1
-9999, -9999, -9999, -9999, -9999, -9999, -9999, -9999, -9999, -9999, -9999, -9999, -9999, -9999, -9999, -9999, -9999, -9999, -9999, -9999
Time_Stop, seconds, number_of_seconds_since_0000_UTC
jNO2_meas, per second, photolysis rate of NO2 measured using a filter radiometer.
jBrCl, per second, photolysis rate of BrCl -> Br + Cl calculated in TUV for cloud-free sky with local AOD
jBr2, per second, photolysis rate of Br2 -> Br + Br calculated in TUV for cloud-free sky with local AOD
jCCl4, per second, photolysis rate of CCl4 -> Products calcualted in TUV for cloud-free sky with local AOD
jCH2Oa, per second, photolysis rate of CH2O -> H + HCO calculated in TUV for cloud-free sky with local AOD
jCH2Ob, per second, photolysis rate of CH2O -> H2 + CO calculated in TUV for cloud-free sky with local AOD
jClNO2, per second, photolysis rate of ClNO2 -> Cl + NO2 calculated in TUV for cloud-free sky with local AOD
jClOa, per second, photolysis rate of ClO -> Cl + O(1D) calculated in TUV for cloud-free sky with local AOD
jClOb, per second, photolysis rate of ClO -> Cl + O(3P) calculated in TUV for cloud-free sky with local AOD
jCl2, per second, photolysis rate of Cl2 -> Cl + Cl calculated in TUV for cloud-free sky with local AOD
jHNO2, per second, photolysis rate of HNO2 -> OH + NO calculated in TUV for cloud-free sky with local AOD
jHNO3, per second, photolysis rate of HNO3 -> OH + NO2 calculated in TUV for cloud-free sky with local AOD
jI2, per second, photolysis rate of I2 -> I + I calculated in TUV for cloud-free sky with local AOD
jNO2, per second, photolysis rate of NO2 -> NO + O(3P) calculated in TUV for cloud-free sky with local AOD
jNO3a, per second, photolysis rate of NO3 -> NO + O2 calculated in TUV for cloud-free sky with local AOD
jNO3b, per second, photolysis rate of NO3 -> NO2 + O(3P) calculated in TUV for cloud-free sky with local AOD
jN2O5, per second, photolysis rate of N2O5 -> NO3 + NO + O(3P) calculated in TUV for cloud-free sky with local AOD
jO3, per second, photolysis rate of O3 -> O2 + O(1D) calculated in TUV for cloud-free sky with local AOD
AOD_500nm, unitless, UTC daily mean AOD at 500 nm from an AERONET station located at 40.178 N, -112.452 E
0
18
PI_CONTACT_INFO: eleanor.waxman@noaa.gov
PLATFORM: CSL Mobile Lab, at ground site
LOCATION: Salt Lake City, UT
ASSOCIATED_DATA:
INSTRUMENT_INFO: jNO2 filter radiometer.  TUV calculations are for mobile van lat/lon/altitude assuming clear sky (cloud AOD = 0) and daily mean AOD.
DATA_INFO:
UNCERTAINTY: Data uncertainties are +/- 20%.  These come from uncertainties in radiometer angular response, radiometer thermal response, local interferences from clouds/aerosols/shadows etc.
ULOD_FLAG: -7777
ULOD_VALUE: N/A
LLOD_FLAG: -8888
LLOD_VALUE: N/A
DM_CONTACT_INFO: eleanor.waxman@noaa.gov
PROJECT_INFO: USOS Project, July - August 2024
STIPULATIONS_ON_USE: Users are strongly encouraged to contact the PI for proper data usage.
OTHER_COMMENTS: 
REVISION: R0
R0: final data
Time_Start, Time_Stop, jNO2_meas, jBrCl, jBr2, jCCl4, jCH2Oa, jCH2Ob, jClNO2, jClOa, jClOb, jCl2, jHNO2, jHNO3, jI2, jNO2, jNO3a, jNO3b, jN2O5, jO3, AOD_500nm
[from data line 995]
   59700,   59760,0.0084604,0.009348,0.02853,1.278e-24,2.431e-05,3.885e-05,0.0003828,4.662e-25,2.807e-05,0.001934,0.001282,3.965e-07,0.102,0.007915,0.0197,0.1578,3.338e-05,1.802e-05,0.034
   59760,   59820,0.0083686,0.00936,0.02856,1.32e-24,2.44e-05,3.896e-05,0.0003839,4.827e-25,2.827e-05,0.001938,0.001284,3.986e-07,0.102,0.007929,0.01971,0.1579,3.349e-05,1.816e-05,0.034
   59820,   59880,0.0077432,0.009372,0.02858,1.364e-24,2.45e-05,3.907e-05,0.0003849,5e-25,2.848e-05,0.001942,0.001287,4.007e-07,0.1021,0.007942,0.01972,0.158,3.359e-05,1.83e-05,0.034
   59880,   59940,0.0078172,0.009384,0.02861,1.407e-24,2.459e-05,3.918e-05,0.0003859,5.17e-25,2.867e-05,0.001946,0.001289,4.027e-07,0.1022,0.007955,0.01973,0.1581,3.369e-05,1.843e-05,0.034
   59940,   60000,0.008087,0.009395,0.02864,1.455e-24,2.468e-05,3.929e-05,0.000387,5.357e-25,2.888e-05,0.00195,0.001292,4.048e-07,0.1022,0.007969,0.01974,0.1582,3.38e-05,1.856e-05,0.034
   60000,   60060,0.0080719,0.009407,0.02866,1.505e-24,2.477e-05,3.939e-05,0.000388,5.554e-25,2.908e-05,0.001955,0.001294,4.068e-07,0.1023,0.007982,0.01975,0.1583,3.39e-05,1.87e-05,0.034
   60060,   60120,0.0081032,0.009418,0.02868,1.554e-24,2.486e-05,3.949e-05,0.000389,5.749e-25,2.927e-05,0.001958,0.001296,4.088e-07,0.1024,0.007995,0.01976,0.1583,3.4e-05,1.883e-05,0.034
   60120,   60180,0.0083045,0.009429,0.02871,1.608e-24,2.495e-05,3.96e-05,0.00039,5.964e-25,2.948e-05,0.001963,0.001299,4.108e-07,0.1024,0.008008,0.01976,0.1584,3.41e-05,1.897e-05,0.034
   60180,   60240,0.0083417,0.009441,0.02873,1.665e-24,2.505e-05,3.971e-05,0.000391,6.191e-25,2.968e-05,0.001967,0.001301,4.129e-07,0.1025,0.008021,0.01977,0.1585,3.42e-05,1.91e-05,0.034
   60240,   60300,0.0083939,0.009451,0.02876,1.72e-24,2.513e-05,3.98e-05,0.000392,6.414e-25,2.987e-05,0.00197,0.001303,4.148e-07,0.1025,0.008033,0.01978,0.1586,3.43e-05,1.923e-05,0.034
   60300,   60360,0.0064311,0.009462,0.02878,1.781e-24,2.522e-05,3.991e-05,0.000393,6.661e-25,3.007e-05,0.001974,0.001306,4.168e-07,0.1026,0.008046,0.01979,0.1587,3.44e-05,1.937e-05,0.034
   60360,   60420,0.0058541,0.009473,0.02881,1.846e-24,2.531e-05,4.001e-05,0.000394,6.921e-25,3.027e-05,0.001978,0.001308,4.188e-07,0.1027,0.008059,0.0198,0.1588,3.45e-05,1.95e-05,0.034
   60420,   60480,0.0057335,0.009483,0.02883,1.909e-24,2.54e-05,4.011e-05,0.0003949,7.177e-25,3.046e-05,0.001982,0.00131,4.207e-07,0.1027,0.008071,0.01981,0.1588,3.459e-05,1.963e-05,0.034
   60480,   60540,0.0041099,0.009494,0.02885,1.979e-24,2.549e-05,4.021e-05,0.0003959,7.463e-25,3.066e-05,0.001986,0.001312,4.227e-07,0.1028,0.008083,0.01982,0.1589,3.469e-05,1.977e-05,0.034
   60540,   60600,0.0035161,0.009505,0.02887,2.053e-24,2.557e-05,4.031e-05,0.0003968,7.764e-25,3.086e-05,0.00199,0.001314,4.247e-07,0.1028,0.008096,0.01983,0.159,3.479e-05,1.99e-05,0.034
   60600,   60660,0.0037008,0.009515,0.0289,2.125e-24,2.566e-05,4.04e-05,0.0003977,8.059e-25,3.105e-05,0.001994,0.001317,4.266e-07,0.1029,0.008107,0.01983,0.1591,3.488e-05,2.003e-05,0.034
   60660,   60720,0.0039415,0.009525,0.02892,2.205e-24,2.574e-05,4.05e-05,0.0003987,8.389e-25,3.125e-05,0.001997,0.001319,4.286e-07,0.1029,0.008119,0.01984,0.1592,3.497e-05,2.016e-05,0.034
   60720,   60780,0.0037804,0.009535,0.02894,2.289e-24,2.583e-05,4.06e-05,0.0003996,8.737e-25,3.145e-05,0.002001,0.001321,4.305e-07,0.103,0.008131,0.01985,0.1592,3.507e-05,2.029e-05,0.034
   60780,   60840,0.0046939,0.009545,0.02896,2.372e-24,2.591e-05,4.069e-05,0.0004005,9.081e-25,3.163e-05,0.002005,0.001323,4.324e-07,0.1031,0.008143,0.01986,0.1593,3.516e-05,2.042e-05,0.034
   60840,   60900,0.0064806,0.009555,0.02898,2.464e-24,2.6e-05,4.079e-05,0.0004015,9.464e-25,3.183e-05,0.002008,0.001325,4.343e-07,0.1031,0.008154,0.01987,0.1594,3.525e-05,2.055e-05,0.034
   60900,   60960,0.0060272,0.009565,0.02901,2.561e-24,2.608e-05,4.088e-05,0.0004024,9.868e-25,3.203e-05,0.002012,0.001327,4.362e-07,0.1032,0.008166,0.01988,0.1595,3.535e-05,2.068e-05,0.034
   60960,   61020,0.0043222,0.009574,0.02903,2.655e-24,2.616e-05,4.097e-05,0.0004032,1.026e-24,3.221e-05,0.002016,0.001329,4.381e-07,0.1032,0.008177,0.01988,0.1595,3.543e-05,2.081e-05,0.034
   61020,   61080,0.0065435,0.009584,0.02905,2.761e-24,2.624e-05,4.107e-05,0.0004042,1.071e-24,3.24e-05,0.002019,0.001331,4.4e-07,0.1033,0.008188,0.01989,0.1596,3.553e-05,2.094e-05,0.034
   61080,   61140,0.0063722,0.009594,0.02907,2.873e-24,2.633e-05,4.116e-05,0.0004051,1.118e-24,3.26e-05,0.002023,0.001333,4.419e-07,0.1033,0.0082,0.0199,0.1597,3.562e-05,2.107e-05,0.034
   61140,   61200,0.0082143,0.009603,0.02909,2.982e-24,2.64e-05,4.125e-05,0.0004059,1.164e-24,3.278e-05,0.002026,0.001335,4.437e-07,0.1034,0.00821,0.01991,0.1598,3.57e-05,2.119e-05,0.034
   61200,   61260,0.0068727,0.009612,0.02911,3.104e-24,2.649e-05,4.134e-05,0.0004068,1.216e-24,3.297e-05,0.00203,0.001337,4.455e-07,0.1034,0.008221,0.01991,0.1598,3.579e-05,2.132e-05,0.034
   61260,   61320,0.0055772,0.009622,0.02913,3.232e-24,2.657e-05,4.143e-05,0.0004077,1.271e-24,3.317e-05,0.002033,0.001339,4.474e-07,0.1035,0.008232,0.01992,0.1599,3.588e-05,2.145e-05,0.034
   61320,   61380,0.0046364,0.00963,0.02915,3.359e-24,2.664e-05,4.152e-05,0.0004085,1.325e-24,3.335e-05,0.002036,0.001341,4.492e-07,0.1035,0.008243,0.01993,0.16,3.597e-05,2.158e-05,0.034
   61380,   61440,0.0042996,0.00964,0.02917,3.5e-24,2.672e-05,4.161e-05,0.0004094,1.386e-24,3.354e-05,0.00204,0.001343,4.51e-07,0.1036,0.008253,0.01993,0.16,3.605e-05,2.171e-05,0.034
   61440,   61500,0.0044926,0.009649,0.02919,3.649e-24,2.68e-05,4.169e-05,0.0004102,1.45e-24,3.373e-05,0.002043,0.001345,4.529e-07,0.1036,0.008264,0.01994,0.1601,3.614e-05,2.183e-05,0.034
   61500,   61560,0.0049243,0.009657,0.02921,3.796e-24,2.688e-05,4.178e-05,0.000411,1.514e-24,3.39e-05,0.002046,0.001347,4.546e-07,0.1037,0.008274,0.01995,0.1602,3.622e-05,2.195e-05,0.034
   61560,   61620,0.0045712,0.009663,0.02922,3.916e-24,2.693e-05,4.183e-05,0.0004116,1.567e-24,3.405e-05,0.002048,0.001348,4.559e-07,0.1037,0.008281,0.01995,0.1602,3.628e-05,2.205e-05,0.034
   61620,   61680,0.0044946,0.009671,0.02924,4.085e-24,2.701e-05,4.192e-05,0.0004124,1.64e-24,3.423e-05,0.002052,0.00135,4.577e-07,0.1037,0.008291,0.01996,0.1603,3.637e-05,2.218e-05,0.034
   61680,   61740,0.0044419,0.00968,0.02925,4.253e-24,2.708e-05,4.2e-05,0.0004132,1.714e-24,3.441e-05,0.002055,0.001351,4.594e-07,0.1038,0.008301,0.01997,0.1603,3.645e-05,2.23e-05,0.034
   61740,   61800,0.0044192,0.009688,0.02927,4.44e-24,2.716e-05,4.209e-05,0.000414,1.796e-24,3.459e-05,0.002058,0.001353,4.612e-07,0.1038,0.008311,0.01997,0.1604,3.653e-05,2.242e-05,0.034
   61800,   61860,0.0044321,0.009697,0.02929,4.638e-24,2.723e-05,4.217e-05,0.0004148,1.883e-24,3.478e-05,0.002061,0.001355,4.63e-07,0.1039,0.008321,0.01998,0.1605,3.661e-05,2.255e-05,0.034
   61860,   61920,0.0045072,0.009705,0.02931,4.833e-24,2.73e-05,4.225e-05,0.0004156,1.969e-24,3.495e-05,0.002064,0.001357,4.646e-07,0.1039,0.00833,0.01999,0.1605,3.669e-05,2.266e-05,0.034
   61920,   61980,0.0044597,0.009713,0.02933,5.051e-24,2.738e-05,4.233e-05,0.0004164,2.065e-24,3.513e-05,0.002067,0.001359,4.664e-07,0.104,0.00834,0.01999,0.1606,3.677e-05,2.279e-05,0.034
   61980,   62040,0.0044757,0.009721,0.02934,5.28e-24,2.745e-05,4.241e-05,0.0004172,2.166e-24,3.531e-05,0.00207,0.00136,4.681e-07,0.104,0.00835,0.02,0.1607,3.685e-05,2.291e-05,0.034
   62040,   62100,0.0045878,0.009729,0.02936,5.507e-24,2.752e-05,4.249e-05,0.0004179,2.267e-24,3.549e-05,0.002073,0.001362,4.698e-07,0.104,0.008359,0.02001,0.1607,3.693e-05,2.303e-05,0.034
   62100,   62160,0.0046273,0.009737,0.02938,5.761e-24,2.759e-05,4.257e-05,0.0004187,2.38e-24,3.566e-05,0.002076,0.001364,4.715e-07,0.1041,0.008368,0.02001,0.1608,3.701e-05,2.315e-05,0.034
   62160,   62220,0.0045801,0.009745,0.02939,6.028e-24,2.767e-05,4.265e-05,0.0004195,2.499e-24,3.584e-05,0.002079,0.001365,4.732e-07,0.1041,0.008378,0.02002,0.1608,3.709e-05,2.327e-05,0.034
   62220,   62280,0.0052402,0.009752,0.02941,6.293e-24,2.773e-05,4.272e-05,0.0004202,2.618e-24,3.601e-05,0.002082,0.001367,4.748e-07,0.1042,0.008387,0.02002,0.1609,3.716e-05,2.338e-05,0.034
   62280,   62340,0.0056609,0.00976,0.02943,6.587e-24,2.781e-05,4.28e-05,0.0004209,2.75e-24,3.619e-05,0.002085,0.001369,4.765e-07,0.1042,0.008396,0.02003,0.1609,3.724e-05,2.35e-05,0.034
   62340,   62400,0.0067287,0.009768,0.02944,6.898e-24,2.788e-05,4.288e-05,0.0004217,2.89e-24,3.636e-05,0.002088,0.00137,4.781e-07,0.1042,0.008405,0.02004,0.161,3.732e-05,2.362e-05,0.034
   62400,   62460,0.0060995,0.009775,0.02946,7.206e-24,2.794e-05,4.295e-05,0.0004224,3.028e-24,3.653e-05,0.002091,0.001372,4.797e-07,0.1043,0.008413,0.02004,0.161,3.739e-05,2.373e-05,0.034
   62460,   62520,0.0045392,0.009783,0.02947,7.551e-24,2.801e-05,4.303e-05,0.0004231,3.184e-24,3.67e-05,0.002094,0.001374,4.813e-07,0.1043,0.008422,0.02005,0.1611,3.747e-05,2.385e-05,0.034
   62520,   62580,0.0039559,0.00979,0.02949,7.913e-24,2.808e-05,4.31e-05,0.0004239,3.348e-24,3.688e-05,0.002097,0.001375,4.83e-07,0.1044,0.008431,0.02005,0.1612,3.754e-05,2.397e-05,0.034
   62580,   62640,0.0035527,0.009797,0.0295,8.271e-24,2.814e-05,4.317e-05,0.0004245,3.51e-24,3.704e-05,0.002099,0.001377,4.845e-07,0.1044,0.00844,0.02006,0.1612,3.761e-05,2.408e-05,0.034
   62640,   62700,0.0032367,0.009804,0.02952,8.669e-24,2.821e-05,4.325e-05,0.0004253,3.691e-24,3.721e-05,0.002102,0.001378,4.861e-07,0.1044,0.008448,0.02006,0.1613,3.769e-05,2.42e-05,0.034
   62700,   62760,0.00297,0.009812,0.02954,9.089e-24,2.828e-05,4.332e-05,0.000426,3.882e-24,3.738e-05,0.002105,0.00138,4.877e-07,0.1045,0.008457,0.02007,0.1613,3.776e-05,2.431e-05,0.034
   62760,   62820,0.0027402,0.009818,0.02955,9.504e-24,2.834e-05,4.339e-05,0.0004266,4.071e-24,3.753e-05,0.002107,0.001381,4.892e-07,0.1045,0.008465,0.02007,0.1614,3.783e-05,2.442e-05,0.034
   62820,   62880,0.002544,0.009825,0.02956,9.966e-24,2.841e-05,4.346e-05,0.0004273,4.282e-24,3.77e-05,0.00211,0.001383,4.908e-07,0.1045,0.008473,0.02008,0.1614,3.79e-05,2.453e-05,0.034
   62880,   62940,0.0023669,0.009832,0.02958,1.045e-23,2.847e-05,4.353e-05,0.000428,4.503e-24,3.787e-05,0.002113,0.001384,4.924e-07,0.1046,0.008482,0.02009,0.1615,3.797e-05,2.464e-05,0.034
   62940,   63000,0.0022067,0.009839,0.02959,1.093e-23,2.853e-05,4.36e-05,0.0004287,4.72e-24,3.802e-05,0.002115,0.001386,4.938e-07,0.1046,0.008489,0.02009,0.1615,3.804e-05,2.475e-05,0.034
   63000,   63060,0.0020535,0.009846,0.02961,1.145e-23,2.86e-05,4.367e-05,0.0004293,4.959e-24,3.818e-05,0.002118,0.001387,4.953e-07,0.1047,0.008497,0.0201,0.1616,3.811e-05,2.486e-05,0.034
   63060,   63120,0.0019124,0.009852,0.02962,1.2e-23,2.866e-05,4.374e-05,0.00043,5.202e-24,3.834e-05,0.00212,0.001389,4.968e-07,0.1047,0.008505,0.0201,0.1616,3.818e-05,2.496e-05,0.034
   63120,   63180,0.0017809,0.009859,0.02964,1.253e-23,2.872e-05,4.38e-05,0.0004306,5.438e-24,3.848e-05,0.002123,0.00139,4.982e-07,0.1047,0.008513,0.02011,0.1617,3.824e-05,2.506e-05,0.034
   63180,   63240,0.0016575,0.009865,0.02965,1.313e-23,2.878e-05,4.387e-05,0.0004313,5.745e-24,3.864e-05,0.002125,0.001391,4.997e-07,0.1048,0.008521,0.02011,0.1617,3.831e-05,2.517e-05,0.034
   63240,   63300,0.0015364,0.009872,0.02966,1.378e-23,2.884e-05,4.393e-05,0.0004319,6.066e-24,3.88e-05,0.002128,0.001393,5.012e-07,0.1048,0.008529,0.02011,0.1618,3.837e-05,2.528e-05,0.034
   63300,   63360,0.0014188,0.009878,0.02968,1.446e-23,2.89e-05,4.4e-05,0.0004325,6.388e-24,3.895e-05,0.00213,0.001394,5.026e-07,0.1048,0.008536,0.02012,0.1618,3.844e-05,2.538e-05,0.034
   63360,   63420,0.0013099,0.009884,0.02969,1.527e-23,2.896e-05,4.406e-05,0.0004332,6.768e-24,3.913e-05,0.002133,0.001396,5.041e-07,0.1048,0.008543,0.02012,0.1618,3.85e-05,2.55e-05,0.034
   63420,   63480,0.0012205,0.00989,0.0297,1.608e-23,2.902e-05,4.413e-05,0.0004338,7.137e-24,3.93e-05,0.002135,0.001397,5.056e-07,0.1049,0.008551,0.02013,0.1619,3.857e-05,2.562e-05,0.034
   63480,   63540,0.0011367,0.009896,0.02971,1.691e-23,2.908e-05,4.419e-05,0.0004344,7.516e-24,3.944e-05,0.002137,0.001398,5.07e-07,0.1049,0.008558,0.02013,0.1619,3.863e-05,2.572e-05,0.034
   63540,   63600,0.0010732,0.009902,0.02973,1.778e-23,2.914e-05,4.425e-05,0.000435,7.914e-24,3.96e-05,0.00214,0.0014,5.085e-07,0.1049,0.008565,0.02014,0.162,3.87e-05,2.583e-05,0.034
   63600,   63660,0.0010052,0.009908,0.02974,1.863e-23,2.92e-05,4.431e-05,0.0004356,8.311e-24,3.978e-05,0.002142,0.001401,5.1e-07,0.105,0.008572,0.02014,0.162,3.876e-05,2.595e-05,0.034
   63660,   63720,0.0009411,0.009914,0.02975,1.942e-23,2.925e-05,4.437e-05,0.0004362,8.694e-24,3.992e-05,0.002144,0.001402,5.113e-07,0.105,0.008579,0.02015,0.1621,3.882e-05,2.604e-05,0.034
   63720,   63780,0.00087487,0.00992,0.02976,2.048e-23,2.931e-05,4.443e-05,0.0004368,9.177e-24,4.006e-05,0.002147,0.001403,5.127e-07,0.105,0.008586,0.02015,0.1621,3.888e-05,2.615e-05,0.034
   63780,   63840,0.0008166,0.009926,0.02978,2.139e-23,2.937e-05,4.45e-05,0.0004374,9.571e-24,4.025e-05,0.002149,0.001405,5.143e-07,0.1051,0.008593,0.02015,0.1621,3.895e-05,2.627e-05,0.034
   63840,   63900,0.00075864,0.009931,0.02979,2.246e-23,2.942e-05,4.455e-05,0.000438,1.013e-23,4.038e-05,0.002151,0.001406,5.155e-07,0.1051,0.0086,0.02016,0.1622,3.9e-05,2.636e-05,0.034
   63900,   63960,0.00071055,0.009937,0.0298,2.347e-23,2.948e-05,4.461e-05,0.0004385,1.055e-23,4.051e-05,0.002153,0.001407,5.169e-07,0.1051,0.008607,0.02016,0.1622,3.907e-05,2.646e-05,0.034
   63960,   64020,0.00067309,0.009942,0.02981,2.47e-23,2.953e-05,4.467e-05,0.0004391,1.12e-23,4.07e-05,0.002155,0.001408,5.184e-07,0.1051,0.008613,0.02017,0.1623,3.913e-05,2.657e-05,0.034
   64020,   64080,0.00062844,0.009948,0.02982,2.578e-23,2.958e-05,4.473e-05,0.0004397,1.166e-23,4.084e-05,0.002158,0.001409,5.196e-07,0.1052,0.00862,0.02017,0.1623,3.918e-05,2.667e-05,0.034
   64080,   64140,0.00060698,0.009953,0.02983,2.673e-23,2.964e-05,4.478e-05,0.0004402,1.211e-23,4.096e-05,0.00216,0.001411,5.21e-07,0.1052,0.008626,0.02018,0.1623,3.924e-05,2.676e-05,0.034
   64140,   64200,0.00057949,0.009958,0.02985,2.838e-23,2.969e-05,4.484e-05,0.0004408,1.291e-23,4.11e-05,0.002162,0.001412,5.223e-07,0.1052,0.008633,0.02018,0.1624,3.93e-05,2.686e-05,0.034
   64200,   64260,0.00056332,0.009963,0.02986,2.919e-23,2.974e-05,4.489e-05,0.0004413,1.329e-23,4.127e-05,0.002164,0.001413,5.236e-07,0.1053,0.008639,0.02018,0.1624,3.936e-05,2.696e-05,0.034
   64260,   64320,0.00053807,0.009969,0.02987,3.099e-23,2.98e-05,4.495e-05,0.0004419,1.418e-23,4.141e-05,0.002166,0.001414,5.25e-07,0.1053,0.008645,0.02019,0.1624,3.941e-05,2.707e-05,0.034
   64320,   64380,0.00050795,0.009974,0.02988,3.19e-23,2.984e-05,4.5e-05,0.0004424,1.46e-23,4.154e-05,0.002168,0.001415,5.261e-07,0.1053,0.008652,0.02019,0.1625,3.947e-05,2.715e-05,0.034
   64380,   64440,0.00047941,0.009979,0.02989,3.367e-23,2.989e-05,4.505e-05,0.0004429,1.55e-23,4.166e-05,0.00217,0.001416,5.273e-07,0.1053,0.008657,0.02019,0.1625,3.952e-05,2.723e-05,0.034
   64440,   64500,0.00044642,0.009984,0.0299,3.451e-23,2.995e-05,4.511e-05,0.0004434,1.591e-23,4.183e-05,0.002172,0.001417,5.288e-07,0.1054,0.008664,0.0202,0.1626,3.958e-05,2.736e-05,0.034
   64500,   64560,0.00042164,0.009989,0.02991,3.631e-23,3e-05,4.516e-05,0.0004439,1.685e-23,4.194e-05,0.002174,0.001419,5.299e-07,0.1054,0.00867,0.0202,0.1626,3.963e-05,2.743e-05,0.034
   64560,   64620,0.00039617,0.009993,0.02992,3.823e-23,3.005e-05,4.522e-05,0.0004445,1.778e-23,4.212e-05,0.002176,0.00142,5.315e-07,0.1054,0.008675,0.02021,0.1626,3.969e-05,2.755e-05,0.034
   64620,   64680,0.00037808,0.01,0.02994,4.229e-23,3.013e-05,4.53e-05,0.0004453,1.943e-23,4.226e-05,0.002179,0.001421,5.329e-07,0.1055,0.008686,0.02021,0.1627,3.977e-05,2.764e-05,0.034
   64680,   64740,0.00035711,0.01001,0.02995,4.426e-23,3.017e-05,4.536e-05,0.0004458,2.036e-23,4.239e-05,0.002181,0.001423,5.341e-07,0.1055,0.008691,0.02022,0.1627,3.982e-05,2.773e-05,0.034
