CampaignData_and_Merges/R0/CSL_MobileLab_Parked/raw/20240817/USOS-NOy-LIF_MobileLabGround_20240817_R0.ict
39,1001
Rollins, A.; Waxman, E.; Zuraski, K.; Chace, W.
NOAA Chemical Sciences Laboratory
LIF NO/NOx/NOy on CSL Mobile Lab
AMMBEC / USOS
1, 1
2024,08,17, 2025,01,06
1
Time_Start, seconds, number_of_seconds_since_0000_UTC
7
1, 1, 1, 1, 1, 1, 1
-9999, -9999, -9999, -9999, -9999, -9999, -9999
Time_Stop, seconds, number_of_seconds_since_0000_UTC
NO_LIF, pptv, Gas_NO_InSitu_S_AVMR, volume mixing ratio of nitric oxide in air
NO2_LIF, pptv, Gas_NO2_InSitu_S_AVMR, volume mixing ratio of nitrogen dioxide in air
NOy_LIF, pptv, Gas_NOy_InSitu_S_AVMR, volume mixing ratio of total oxidized nitrogen in air
NO_LIF_1SigmaAccuracy, pptv, Gas_NO_InSitu_S_AVMR, volume mixing ratio of nitric oxide in air
NO2_LIF_1SigmaAccuracy, pptv, Gas_NO2_InSitu_S_AVMR, volume mixing ratio of nitrogen dioxide in air
NOy_LIF_1SigmaAccuracy, pptv, Gas_NOy_InSitu_S_AVMR, volume mixing ratio of total oxidized nitrogen in air
0
18
PI_CONTACT_INFO: andrew.rollins@noaa.gov
PLATFORM: CSL Mobile Lab
LOCATION: Salt Lake City, UT
ASSOCIATED_DATA:
INSTRUMENT_INFO: NO detection by laser induced fluorescence. NO2 detection by photolytic conversion to NO. NOy detection by catalytic conversion to NO on gold surface
DATA_INFO:
UNCERTAINTY: Included 1 Sigma Accuracy waves represent the combined calibration uncertainties (±6%, ±9%, ±10%) and zero uncertainties (3 ppt, 20 ppt, 100 ppt) for NO, NO2, and NOy, respectively.
ULOD_FLAG: -7777
ULOD_VALUE: N/A
LLOD_FLAG: -8888
LLOD_VALUE: N/A
DM_CONTACT_INFO: andrew.rollins@noaa.gov
PROJECT_INFO: USOS Project, July - August 2024
STIPULATIONS_ON_USE: Users are strongly encouraged to contact the PI for proper data usage.
OTHER_COMMENTS:
REVISION: R0
R0: final data
Time_Start, Time_Stop, NO_LIF, NO2_LIF, NOy_LIF, NO_LIF_1SigmaAccuracy, NO2_LIF_1SigmaAccuracy, NOy_LIF_1SigmaAccuracy
[from data line 813]
   48780,   48840,7441.3,16289,21031,449.48, 1486, 2203.1
   48840,   48900,2739.9,10903,19948,167.4, 1001.2, 2094.8
   48900,   48960,4082.7,11308,18070,247.96, 1037.8, 1907
   48960,   49020,5043.5,12577,18036,305.61, 1151.9, 1903.6
   49020,   49080,2850,10260,19319,174, 943.42, 2031.9
   49080,   49140,3366.4,10481,18414,204.98, 963.3, 1941.4
   49140,   49200,1955.9,8429.1,15737,120.36, 778.62, 1673.7
   49200,   49260,1748.3,8031.1,14848,107.9, 742.8, 1584.8
   49260,   49320,1403.8,7567,11608,87.227, 701.03, 1260.8
   49320,   49380,3560.5,9321.6,11927,216.63, 858.94, 1292.7
   49380,   49440,2778,9157.8,14382,169.68, 844.2, 1538.2
   49440,   49500,3135.8,9625.9,14274,191.15, 886.33, 1527.4
   49500,   49560,4141.8,10642,16168,251.51, 977.77, 1716.8
   49560,   49620,3403.4,10517,15959,207.21, 966.55, 1695.9
   49620,   49680,2441,9028.8,14478,149.46, 832.59, 1547.8
   49680,   49740,2976.2,10122,14459,181.57, 930.95, 1545.9
   49740,   49800,2494.9,8983.9,14253,152.7, 828.55, 1525.3
   49800,   49860,2261.3,8748.9,13023,138.68, 807.41, 1402.3
   49860,   49920,2515.6,9591.1,12661,153.94, 883.2, 1366.1
   49920,   49980,2200.2,8968,12261,135.01, 827.12, 1326.1
   49980,   50040,1919.5,8219.8,11088,118.17, 759.78, 1208.8
   50040,   50100,2188.6,8829.1,11496,134.31, 814.62, 1249.6
   50100,   50160,2121.2,9501.4,12404,130.27, 875.13, 1340.4
   50160,   50220,2031,9200.6,12572,124.86, 848.06, 1357.2
   50220,   50280,1734.3,8208.7,11173,107.06, 758.78, 1217.3
   50280,   50340,2251.7,8919.9,12325,138.1, 822.79, 1332.5
   50340,   50400,1983.3,8465.2,11317,122, 781.87, 1231.7
   50400,   50460,2390.4,9244.1,12204,146.43, 851.97, 1320.4
   50460,   50520,2389.3,8614.7,11968,146.36, 795.32, 1296.8
   50520,   50580,2438.7,9057.5,11943,149.32, 835.17, 1294.3
   50580,   50640,2373.7,9260.4,12361,145.42, 853.44, 1336.1
   50640,   50700,1874.9,8714.6,12271,115.49, 804.31, 1327.1
   50700,   50760,2367.5,8754.4,12526,145.05, 807.9, 1352.6
   50760,   50820,2508.5,9934.5,12721,153.51, 914.11, 1372.1
   50820,   50880,1898.6,9578.1,13044,116.92, 882.03, 1404.4
   50880,   50940,6838,12927,20952,413.28, 1183.4, 2195.2
   50940,   51000,4375.9,12923,21015,265.55, 1183.1, 2201.5
   51000,   51060,3093.3,11158,17233,188.6, 1024.2, 1823.3
   51060,   51120,2545.3,9567.2,14943,155.72, 881.05, 1594.3
   51120,   51180,2391.1,9555.3,14028,146.46, 879.97, 1502.8
   51180,   51240,2412.2,8844.1,13307,147.73, 815.97, 1430.7
   51240,   51300,2237,9041,13012,137.22, 833.69, 1401.2
   51300,   51360,3026.3,9168.8,13467,184.58, 845.19, 1446.7
   51360,   51420,2490.3,9208.2,13440,152.42, 848.74, 1444
   51420,   51480,2584.5,9752.3,13556,158.07, 897.71, 1455.6
   51480,   51540,2648.9,9374,13731,161.93, 863.66, 1473.1
   51540,   51600,2827.2,9186.2,13571,172.63, 846.76, 1457.1
   51600,   51660,2545,9163.9,13633,155.7, 844.75, 1463.3
   51660,   51720,2317.6,8992.9,13179,142.06, 829.37, 1417.9
   51720,   51780,1966.1,8872.4,12602,120.96, 818.52, 1360.2
   51780,   51840,1837.3,8553.2,12116,113.24, 789.79, 1311.6
   51840,   51900,1806.3,8578.8,11838,111.38, 792.09, 1283.8
   51900,   51960,1945.6,8877.8,11954,119.73, 819, 1295.4
   51960,   52020,1774.5,8886,12037,109.47, 819.74, 1303.7
   52020,   52080,1782.2,9136,11939,109.93, 842.24, 1293.9
   52080,   52140,1643.8,8782.2,11894,101.63, 810.4, 1289.4
   52140,   52200,2400.2,10335,14236,147.01, 950.14, 1523.6
   52200,   52260,2154.2,9928.4,13879,132.25, 913.56, 1487.9
   52260,   52320,2162.9,9276.9,13595,132.77, 854.92, 1459.5
   52320,   52380,2155.6,9104.7,13047,132.34, 839.43, 1404.7
   52380,   52440,1884.4,7978.8,11336,116.06, 738.09, 1233.6
   52440,   52500,2207.6,8343.3,12144,135.45, 770.89, 1314.4
   52500,   52560,2238,8890.1,12746,137.28, 820.11, 1374.6
   52560,   52620,2157.2,9236.2,12792,132.43, 851.26, 1379.2
   52620,   52680,1811.7,9217.3,12608,111.7, 849.56, 1360.8
   52680,   52740,1861.9,9356,12631,114.72, 862.04, 1363.1
   52740,   52800,1849.1,8651.6,11962,113.94, 798.65, 1296.2
   52800,   52860,1969.9,8740.9,11875,121.19, 806.68, 1287.5
   52860,   52920,2127.9,9319.7,12212,130.67, 858.78, 1321.2
   52920,   52980,2767,11159,13716,169.02, 1024.3, 1471.6
   52980,   53040,2074.9,10663,13930,127.49, 979.68, 1493
   53040,   53100,2512.8,11246,14896,153.77, 1032.2, 1589.6
   53100,   53160,2483.9,10730,14978,152.03, 985.73, 1597.8
   53160,   53220,2071.4,9114.8,13219,127.29, 840.34, 1421.9
   53220,   53280,2113.2,8813.2,12748,129.79, 813.18, 1374.8
   53280,   53340,2588.6,8733.8,13483,158.32, 806.04, 1448.3
   53340,   53400,2883.8,8567.4,13068,176.03, 791.06, 1406.8
   53400,   53460,2920.4,8742.4,12955,178.23, 806.82, 1395.5
   53460,   53520,3349.4,10419,13748,203.97, 957.68, 1474.8
   53520,   53580,4891.7,12744,17432,296.5, 1167, 1843.2
   53580,   53640,3879.5,10926,17599,235.77, 1003.3, 1859.9
   53640,   53700,3646.7,9932.1,15205,221.8, 913.89, 1620.5
   53700,   53760,3295,9106.5,14446,200.7, 839.58, 1544.6
   53760,   53820,3203,10201,14788,195.18, 938.12, 1578.8
   53820,   53880,3474.6,10167,14869,211.48, 935.04, 1586.9
   53880,   53940,3089.5,9276.2,14297,188.37, 854.86, 1529.7
   53940,   54000,2900.5,9266.2,14152,177.03, 853.96, 1515.2
   54000,   54060,2328.2,9764.3,13530,142.69, 898.79, 1453
   54060,   54120,2060.1,8850.8,12752,126.61, 816.57, 1375.2
   54120,   54180,2094.4,8905.2,12596,128.67, 821.47, 1359.6
   54180,   54240,2356.5,9002.3,12666,144.39, 830.21, 1366.6
   54240,   54300,2950.5,9539.6,14379,180.03, 878.56, 1537.9
   54300,   54360,2782.7,8972.2,14805,169.96, 827.5, 1580.5
   54360,   54420,2728.7,8683.1,14298,166.72, 801.48, 1529.8
   54420,   54480,2937.5,8939.3,13661,179.25, 824.54, 1466.1
   54480,   54540,3266.5,8805.6,13677,198.99, 812.5, 1467.7
   54540,   54600,3750.2,8454.5,13678,228.01, 780.9, 1467.8
   54600,   54660,3819.6,8440.1,13773,232.17, 779.61, 1477.3
   54660,   54720,3901.4,8997.7,14157,237.09, 829.79, 1515.7
   54720,   54780,3539.7,9891.7,15234,215.38, 910.25, 1623.4
   54780,   54840,2629.1,9441.7,14424,160.74, 869.75, 1542.4
   54840,   54900,2324.2,9380.2,13451,142.45, 864.22, 1445.1
   54900,   54960,2199.6,8573.7,12613,134.97, 791.64, 1361.3
   54960,   55020,2381.2,8284.5,11993,145.87, 765.6, 1299.3
   55020,   55080,2211.8,8184.8,11780,135.71, 756.64, 1278
   55080,   55140,2042.3,8684.1,11936,125.54, 801.57, 1293.6
   55140,   55200,2393.1,9221.6,12308,146.59, 849.94, 1330.8
   55200,   55260,2273.8,9429.7,12165,139.43, 868.67, 1316.5
   55260,   55320,2019.7,8416.5,12573,124.18, 777.49, 1357.3
   55320,   55380,2070.9,8512.4,12258,127.25, 786.11, 1325.8
   55380,   55440,2076,9175.5,11974,127.56, 845.8, 1297.4
   55440,   55500,2434.7,9010.2,12623,149.08, 830.92, 1362.3
   55500,   55560,2236.4,8642.6,12300,137.18, 797.83, 1330
   55560,   55620,2299,8539.2,12137,140.94, 788.53, 1313.7
   55620,   55680,2238.3,8487.7,11876,137.3, 783.9, 1287.6
   55680,   55740,2708,8826.7,12368,165.48, 814.4, 1336.8
   55740,   55800,-9999,-9999,-9999,-9999, -9999, -9999
   55800,   55860,-9999,-9999,-9999,-9999, -9999, -9999
   55860,   55920,-9999,-9999,-9999,-9999, -9999, -9999
   55920,   55980,-9999,-9999,-9999,-9999, -9999, -9999
   55980,   56040,-9999,-9999,-9999,-9999, -9999, -9999
   56040,   56100,-9999,-9999,-9999,-9999, -9999, -9999
   56100,   56160,-9999,-9999,-9999,-9999, -9999, -9999
   56160,   56220,5264.5,10595,15581,318.87, 973.58, 1658.1
   56220,   56280,2415.2,7664.7,13050,147.91, 709.82, 1405
   56280,   56340,3591.9,9498.9,12085,218.52, 874.9, 1308.5
   56340,   56400,3948.5,10581,15992,239.91, 972.29, 1699.2
   56400,   56460,2503.7,8844.2,14333,153.22, 815.98, 1533.3
   56460,   56520,1723.3,7178.3,11393,106.4, 666.04, 1239.3
   56520,   56580,2039,8014.9,11483,125.34, 741.34, 1248.3
   56580,   56640,1678.4,6871.2,10188,103.7, 638.41, 1118.8
   56640,   56700,1761.8,6973.6,9830.9,108.71, 647.63, 1083.1
   56700,   56760,1922,7389.4,10253,118.32, 685.04, 1125.3
   56760,   56820,2208.5,7903.5,10298,135.51, 731.32, 1129.8
   56820,   56880,1927.2,6428.4,9988.2,118.63, 598.55, 1098.8
   56880,   56940,1942.5,5483.3,8807.3,119.55, 513.49, 980.73
   56940,   57000,12217,13826,22275,736, 1264.3, 2327.5
   57000,   57060,5057.8,9234.3,23455,306.47, 851.08, 2445.5
   57060,   57120,1843,5364.2,13287,113.58, 502.78, 1428.7
   57120,   57180,1627.8,5020.1,8961.9,100.67, 471.81, 996.19
   57180,   57240,1798.4,5793.3,7888.6,110.9, 541.4, 888.86
   57240,   57300,1882.7,6703.3,8770.2,115.96, 623.3, 977.02
   57300,   57360,1417.9,5775.1,8307.1,88.077, 539.76, 930.71
   57360,   57420,1371.5,5643.4,7955.6,85.288, 527.91, 895.56
   57420,   57480,1853.2,7051.3,9254.4,114.19, 654.62, 1025.4
   57480,   57540,2132.8,7660.1,11328,130.97, 709.41, 1232.8
   57540,   57600,1448.8,6207.6,9032.8,89.928, 578.68, 1003.3
   57600,   57660,1729.2,7118.8,9348.4,106.75, 660.69, 1034.8
   57660,   57720,1667.2,7229.6,9689,103.03, 670.66, 1068.9
   57720,   57780,2025.2,7728.7,10331,124.51, 715.58, 1133.1
   57780,   57840,2140.5,8271.1,10547,131.43, 764.39, 1154.7
   57840,   57900,2790.7,9209,11671,170.44, 848.81, 1267.1
   57900,   57960,4079.7,11661,14867,247.78, 1069.5, 1586.7
   57960,   58020,1968.3,7042.5,12874,121.1, 653.82, 1387.4
   58020,   58080,2315.9,7747.4,11686,141.95, 717.27, 1268.6
   58080,   58140,2039.4,6205.6,10045,125.37, 578.51, 1104.5
   58140,   58200,2986.8,6910.4,10414,182.21, 641.93, 1141.4
   58200,   58260,2994,6473.4,10548,182.64, 602.61, 1154.8
   58260,   58320,2345.4,5769.8,9524.3,143.73, 539.29, 1052.4
   58320,   58380,1631.2,5505.5,8258.1,100.87, 515.5, 925.81
   58380,   58440,1586.7,5853.9,8317,98.202, 546.85, 931.7
   58440,   58500,1766.7,5964.2,8626.8,109, 556.78, 962.68
   58500,   58560,1451.7,5557.5,8083.6,90.105, 520.17, 908.36
   58560,   58620,1397.9,6017.9,8412.6,86.875, 561.61, 941.26
   58620,   58680,1745.5,5643.6,8381.8,107.73, 527.93, 938.18
   58680,   58740,1957.6,6515.6,9171,120.46, 606.4, 1017.1
   58740,   58800,1844.8,6732.8,9557.1,113.69, 625.95, 1055.7
   58800,   58860,1670.8,6756.6,9353.5,103.25, 628.09, 1035.4
   58860,   58920,1649.2,6228,9101,101.95, 580.52, 1010.1
   58920,   58980,2880.4,8826.1,10201,175.83, 814.35, 1120.1
   58980,   59040,2817.2,8292.2,10593,172.03, 766.29, 1159.3
   59040,   59100,2724.5,6621.1,10259,166.47, 615.9, 1125.9
   59100,   59160,2798.6,5871.8,10001,170.92, 548.46, 1100.1
   59160,   59220,2709.4,5698.5,9719.8,165.57, 532.86, 1072
   59220,   59280,2668.8,5718,9475.6,163.13, 534.62, 1047.6
   59280,   59340,3354.5,7999.7,11098,204.27, 739.97, 1209.8
   59340,   59400,3772.4,8661.1,13141,229.34, 799.5, 1414.1
   59400,   59460,2700.8,6257.6,9897.3,165.05, 583.18, 1089.7
   59460,   59520,3480.4,6673.4,11375,211.82, 620.6, 1237.5
   59520,   59580,3182.8,7114.3,11469,193.97, 660.29, 1246.9
   59580,   59640,2737.7,6999.8,10328,167.26, 649.98, 1132.8
   59640,   59700,2666.5,6056,9707,162.99, 565.04, 1070.7
   59700,   59760,2738.5,5681.9,9573.8,167.31, 531.37, 1057.4
   59760,   59820,2588.3,5507.4,9536.6,158.3, 515.67, 1053.7
   59820,   59880,2524.6,5350.3,9051.3,154.47, 501.53, 1005.1
   59880,   59940,1363.7,3177.5,6084.1,84.825, 305.98, 708.41
   59940,   60000,995.24,2589.5,4308.5,62.714, 253.06, 530.85
   60000,   60060,1023.8,2633.1,4295.1,64.428, 256.98, 529.51
   60060,   60120,966.83,2446.5,4157.9,61.01, 240.18, 515.79
   60120,   60180,945.23,2340.7,4012.9,59.714, 230.66, 501.29
   60180,   60240,877.35,2227.8,3738.6,55.641, 220.5, 473.86
   60240,   60300,880.69,2204.5,3842.1,55.842, 218.4, 484.21
   60300,   60360,971.45,2230.4,3850.6,61.287, 220.74, 485.06
   60360,   60420,960.72,2293.7,3877.8,60.643, 226.44, 487.78
   60420,   60480,1031.2,2653.9,4511.1,64.874, 258.85, 551.11
   60480,   60540,662.23,2162.3,3547.8,42.734, 214.61, 454.78
   60540,   60600,559.76,2187.2,3377.5,36.586, 216.85, 437.75
   60600,   60660,512.95,2383.9,3551.2,33.777, 234.55, 455.12
   60660,   60720,657.95,2770.2,3965,42.477, 269.32, 496.5
   60720,   60780,596.49,2715.5,3936.8,38.789, 264.4, 493.68
   60780,   60840,565.28,2570.9,3761.9,36.917, 251.38, 476.19
   60840,   60900,1169.4,3191,4964.8,73.164, 307.19, 596.48
   60900,   60960,1159.6,3028.1,4902.3,72.576, 292.53, 590.23
   60960,   61020,1012.1,2924,4677.1,63.726, 283.16, 567.71
   61020,   61080,701.3,2698.8,4121,45.078, 262.89, 512.1
   61080,   61140,734.09,2769.9,4224.9,47.045, 269.29, 522.49
   61140,   61200,1311.3,3314.8,5114.8,81.676, 318.33, 611.48
   61200,   61260,1020.5,2775.4,4509.2,64.23, 269.79, 550.92
   61260,   61320,1265.4,2924,4716,78.923, 283.16, 571.6
   61320,   61380,984.37,2997.3,4586.4,62.062, 289.75, 558.64
   61380,   61440,874.58,2918,4402.3,55.475, 282.62, 540.23
   61440,   61500,649.4,2620.1,3892.5,41.964, 255.81, 489.25
   61500,   61560,498.48,2094.4,3281.2,32.909, 208.49, 428.12
   61560,   61620,1263.8,2351.7,4831.2,78.826, 231.65, 583.12
   61620,   61680,568.7,2063.9,3252.8,37.122, 205.75, 425.28
   61680,   61740,543.41,2152,3369.1,35.605, 213.68, 436.91
   61740,   61800,573.36,2238.9,3496.6,37.401, 221.5, 449.66
   61800,   61860,586.77,2253.4,3464.6,38.206, 222.8, 446.46
   61860,   61920,596.65,2435.5,3677,38.799, 239.19, 467.7
   61920,   61980,1337.4,3692.9,5538.8,83.244, 352.36, 653.88
   61980,   62040,974.84,3347.2,5106.2,61.49, 321.25, 610.62
   62040,   62100,587.29,2499.4,3757.4,38.237, 244.95, 475.74
   62100,   62160,693.07,2415.7,3843.9,44.584, 237.42, 484.39
   62160,   62220,1075.4,2843.8,4530.2,67.522, 275.94, 553.02
   62220,   62280,744.02,2566.3,3894,47.641, 250.97, 489.4
   62280,   62340,700.29,2427.4,3798.5,45.017, 238.46, 479.85
   62340,   62400,770.49,2512.9,3906.5,49.229, 246.16, 490.65
   62400,   62460,637.52,2109.3,3387.7,41.251, 209.84, 438.77
   62460,   62520,773.27,2168.7,3573,49.396, 215.18, 457.3
   62520,   62580,3010.8,4574.3,7131.5,183.65, 431.69, 813.15
   62580,   62640,1054,3338.1,5633.9,66.24, 320.43, 663.39
   62640,   62700,608.49,2691.2,3940.5,39.509, 262.21, 494.05
   62700,   62760,330.73,1753.2,2743.2,22.844, 177.79, 374.32
   62760,   62820,291.43,1588.3,2352.9,20.486, 162.95, 335.29
   62820,   62880,296.71,1772.3,2551.5,20.803, 179.51, 355.15
   62880,   62940,297.46,1794.7,2631.9,20.847, 181.52, 363.19
   62940,   63000,462.86,2316.9,3317.8,30.772, 228.52, 431.78
   63000,   63060,413.8,2271.7,3334.6,27.828, 224.46, 433.46
   63060,   63120,308.96,2190.8,3082.9,21.537, 217.17, 408.29
   63120,   63180,340.32,2048,3020.3,23.419, 204.32, 402.03
   63180,   63240,264.34,1983.7,2790.5,18.861, 198.53, 379.05
   63240,   63300,239.18,2054.1,2678.3,17.351, 204.87, 367.83
   63300,   63360,447.34,2610.4,3577.4,29.84, 254.94, 457.74
   63360,   63420,367.68,2692.1,3713.2,25.061, 262.29, 471.32
   63420,   63480,252.74,2291.1,3035.9,18.165, 226.2, 403.59
   63480,   63540,218.11,1767.8,2470,16.087, 179.11, 347
   63540,   63600,229.71,1568.1,2182.4,16.783, 161.13, 318.24
   63600,   63660,287.56,1860.9,2458.6,20.253, 187.48, 345.86
   63660,   63720,307.35,2425.9,3287.8,21.441, 238.33, 428.78
   63720,   63780,-9999,-9999,-9999,-9999, -9999, -9999
   63780,   63840,-9999,-9999,-9999,-9999, -9999, -9999
   63840,   63900,-9999,-9999,-9999,-9999, -9999, -9999
   63900,   63960,-9999,-9999,-9999,-9999, -9999, -9999
   63960,   64020,-9999,-9999,-9999,-9999, -9999, -9999
   64020,   64080,-9999,-9999,-9999,-9999, -9999, -9999
   64080,   64140,-9999,-9999,-9999,-9999, -9999, -9999
   64140,   64200,852.52,4253.2,5818.9,54.151, 402.78, 681.89
   64200,   64260,205.69,3407.6,4167,15.341, 326.68, 516.7
   64260,   64320,133.6,3279.2,4045.1,11.016, 315.13, 504.51
   64320,   64380,206.01,3582.6,4383.1,15.361, 342.43, 538.31
   64380,   64440,255.21,4060.3,5007.8,18.313, 385.43, 600.78
   64440,   64500,369.67,5107.9,6247.4,25.18, 479.71, 724.74
   64500,   64560,226.35,5308.7,6249.3,16.581, 497.78, 724.93
   64560,   64620,152.73,5416.3,6304.1,12.164, 507.47, 730.41
   64620,   64680,188.74,5647.1,6589.2,14.324, 528.24, 758.92
