CampaignData_and_Merges/R0/CSL_MobileLab_Parked/raw/20240817/USOS-NOAAIodideCIMS-HNO3_MobileLabGround_20240817_RA.ict
33, 1001
Michael A Robinson, Chris Jernigan, Subi Thakali
NOAA ESRL Chemical Sciences Laboratory and CIRES, U. of Colorado
NOAA Iodide CIMS Instrument
USOS
1, 1
2024, 08, 17, 2024, 08, 20
1
starttime_UTC, seconds_past_midnight, seconds_of_day_since_00:00:00_UTC
1
1
-9999
HNO3_NOAACIMS, pptv, Gas_HNO3_InSitu_S_AVMR, 
0
18
PI_CONTACT_INFO: 325 Broadway, R/CSD 7, Boulder, Colorado 80305; michael.a.robinson@noaa.gov; chris.jernigan@noaa.gov;
PLATFORM: NOAA CSL Mobile Lab
LOCATION: SLC, Utah
ASSOCIATED_DATA: 1Hz data also available on request.
INSTRUMENT_INFO: NOAA I- ToF CIMS
DATA_INFO: All data in parts per trillion by volume (pptv). 1 Hz data is available upon request.
UNCERTAINTY: TBD
ULOD_FLAG: -7777
ULOD_VALUE: N/A
LLOD_FLAG: -8888
LLOD_VALUE: N/A
DM_CONTACT_INFO: Nathan Howard; nathan.h.howard@noaa.gov
PROJECT_INFO: USOS, summer 2024. https://csl.noaa.gov/groups/csl7/measurements/2024usos/
STIPULATIONS_ON_USE: Users are strongly encouraged to contact the PI for proper data usage.
OTHER_COMMENTS: 
REVISION: RA
RA: Preliminary Data; For in-field use only
starttime_UTC, HNO3_NOAACIMS
     0, 338.397
    60, 322.105
   120, 346.528
   180, 320.589
   240, 337.281
   300, 356.433
   360, 353.856
   420, 351.027
   480, 325.422
   540, 361.086
   600, 312.152
   660, 358.494
   720, 328.404
   780, 349.947
   840, 317.315
   900, 354.543
   960, 310.461
  1020, 346.102
  1080, 341.695
  1140, 382.512
  1200, 386.020
  1260, 375.652
  1320, 383.206
  1380, 381.782
  1440, 400.380
  1500, 413.907
  1560, -9999.000
  1620, -9999.000
  1680, -9999.000
  1740, -9999.000
  1800, -9999.000
  1860, -9999.000
  1920, -9999.000
  1980, -9999.000
  2040, -9999.000
  2100, -9999.000
  2160, -9999.000
  2220, -9999.000
  2280, -9999.000
  2340, -9999.000
  2400, -9999.000
  2460, -9999.000
  2520, -9999.000
  2580, -9999.000
  2640, -9999.000
  2700, -9999.000
  2760, -9999.000
  2820, -9999.000
  2880, -9999.000
  2940, -9999.000
  3000, -9999.000
  3060, -9999.000
  3120, -9999.000
  3180, -9999.000
  3240, -9999.000
  3300, -9999.000
  3360, -9999.000
  3420, -9999.000
  3480, -9999.000
  3540, -9999.000
  3600, -9999.000
  3660, -9999.000
  3720, -9999.000
  3780, -9999.000
  3840, -9999.000
  3900, -9999.000
  3960, -9999.000
  4020, -9999.000
  4080, -9999.000
  4140, -9999.000
  4200, -9999.000
  4260, -9999.000
  4320, -9999.000
  4380, -9999.000
  4440, -9999.000
  4500, -9999.000
  4560, -9999.000
  4620, -9999.000
  4680, -9999.000
  4740, -9999.000
  4800, -9999.000
  4860, -9999.000
  4920, -9999.000
  4980, -9999.000
  5040, -9999.000
  5100, -9999.000
  5160, -9999.000
  5220, -9999.000
  5280, -9999.000
  5340, -9999.000
  5400, -9999.000
  5460, -9999.000
  5520, -9999.000
  5580, -9999.000
  5640, -9999.000
  5700, -9999.000
  5760, -9999.000
  5820, -9999.000
  5880, -9999.000
  5940, -9999.000
  6000, -9999.000
  6060, -9999.000
  6120, -9999.000
  6180, -9999.000
  6240, -9999.000
  6300, -9999.000
  6360, -9999.000
  6420, -9999.000
  6480, -9999.000
  6540, -9999.000
  6600, -9999.000
  6660, -9999.000
  6720, -9999.000
  6780, -9999.000
  6840, -9999.000
  6900, -9999.000
  6960, -9999.000
  7020, -9999.000
  7080, -9999.000
  7140, -9999.000
  7200, -9999.000
  7260, -9999.000
  7320, -9999.000
  7380, -9999.000
  7440, -9999.000
  7500, -9999.000
  7560, -9999.000
  7620, -9999.000
  7680, -9999.000
  7740, -9999.000
  7800, -9999.000
  7860, -9999.000
  7920, -9999.000
  7980, -9999.000
  8040, -9999.000
  8100, -9999.000
  8160, -9999.000
  8220, -9999.000
  8280, -9999.000
  8340, -9999.000
  8400, -9999.000
  8460, -9999.000
  8520, -9999.000
  8580, -9999.000
  8640, -9999.000
  8700, -9999.000
  8760, -9999.000
  8820, -9999.000
  8880, -9999.000
  8940, -9999.000
  9000, -9999.000
  9060, -9999.000
  9120, -9999.000
  9180, -9999.000
  9240, -9999.000
  9300, -9999.000
  9360, -9999.000
  9420, -9999.000
  9480, -9999.000
  9540, -9999.000
  9600, -9999.000
  9660, -9999.000
  9720, -9999.000
  9780, -9999.000
  9840, -9999.000
  9900, -9999.000
  9960, -9999.000
 10020, -9999.000
 10080, -9999.000
 10140, -9999.000
 10200, -9999.000
 10260, -9999.000
 10320, -9999.000
 10380, -9999.000
 10440, -9999.000
 10500, -9999.000
 10560, -9999.000
 10620, -9999.000
 10680, -9999.000
 10740, -9999.000
 10800, -9999.000
 10860, -9999.000
 10920, -9999.000
 10980, -9999.000
 11040, -9999.000
 11100, -9999.000
 11160, -9999.000
 11220, -9999.000
 11280, -9999.000
 11340, -9999.000
 11400, -9999.000
 11460, -9999.000
 11520, -9999.000
 11580, -9999.000
 11640, -9999.000
 11700, -9999.000
 11760, -9999.000
 11820, -9999.000
 11880, -9999.000
 11940, -9999.000
 12000, -9999.000
 12060, -9999.000
 12120, -9999.000
 12180, -9999.000
 12240, -9999.000
 12300, -9999.000
 12360, -9999.000
 12420, -9999.000
 12480, -9999.000
 12540, -9999.000
 12600, -9999.000
 12660, -9999.000
 12720, -9999.000
 12780, -9999.000
 12840, -9999.000
 12900, -9999.000
 12960, -9999.000
 13020, -9999.000
 13080, -9999.000
 13140, -9999.000
 13200, -9999.000
 13260, -9999.000
 13320, -9999.000
 13380, -9999.000
 13440, -9999.000
 13500, -9999.000
 13560, -9999.000
 13620, -9999.000
 13680, -9999.000
 13740, -9999.000
 13800, -9999.000
 13860, -9999.000
 13920, -9999.000
 13980, -9999.000
 14040, -9999.000
 14100, -9999.000
 14160, -9999.000
 14220, -9999.000
 14280, -9999.000
 14340, -9999.000
 14400, -9999.000
 14460, -9999.000
 14520, -9999.000
 14580, -9999.000
 14640, -9999.000
 14700, -9999.000
 14760, -9999.000
 14820, -9999.000
 14880, -9999.000
 14940, -9999.000
 15000, -9999.000
 15060, -9999.000
 15120, -9999.000
 15180, -9999.000
 15240, -9999.000
 15300, -9999.000
 15360, -9999.000
 15420, -9999.000
 15480, -9999.000
 15540, -9999.000
 15600, -9999.000
 15660, -9999.000
 15720, -9999.000
 15780, -9999.000
 15840, -9999.000
 15900, -9999.000
 15960, -9999.000
 16020, -9999.000
 16080, -9999.000
 16140, -9999.000
 16200, -9999.000
 16260, -9999.000
 16320, -9999.000
 16380, -9999.000
 16440, -9999.000
 16500, -9999.000
 16560, -9999.000
 16620, -9999.000
 16680, -9999.000
 16740, -9999.000
 16800, -9999.000
 16860, -9999.000
 16920, -9999.000
 16980, -9999.000
 17040, -9999.000
 17100, -9999.000
 17160, -9999.000
 17220, -9999.000
 17280, -9999.000
 17340, -9999.000
 17400, -9999.000
 17460, -9999.000
 17520, -9999.000
 17580, -9999.000
 17640, -9999.000
 17700, -9999.000
 17760, -9999.000
 17820, -9999.000
 17880, -9999.000
 17940, -9999.000
 18000, -9999.000
 18060, -9999.000
 18120, -9999.000
 18180, -9999.000
 18240, -9999.000
 18300, -9999.000
 18360, -9999.000
 18420, -9999.000
 18480, -9999.000
 18540, -9999.000
 18600, -9999.000
 18660, -9999.000
 18720, -9999.000
 18780, -9999.000
 18840, -9999.000
 18900, -9999.000
 18960, -9999.000
 19020, -9999.000
 19080, -9999.000
 19140, -9999.000
 19200, -9999.000
 19260, -9999.000
 19320, -9999.000
 19380, -9999.000
 19440, -9999.000
 19500, -9999.000
 19560, -9999.000
 19620, -9999.000
 19680, -9999.000
 19740, -9999.000
 19800, -9999.000
 19860, -9999.000
 19920, -9999.000
 19980, -9999.000
 20040, -9999.000
 20100, -9999.000
 20160, -9999.000
 20220, -9999.000
 20280, -9999.000
 20340, -9999.000
 20400, -9999.000
 20460, -9999.000
 20520, -9999.000
 20580, -9999.000
 20640, -9999.000
 20700, -9999.000
 20760, -9999.000
 20820, -9999.000
 20880, -9999.000
 20940, -9999.000
 21000, -9999.000
 21060, -9999.000
 21120, -9999.000
 21180, -9999.000
 21240, -9999.000
 21300, -9999.000
 21360, -9999.000
 21420, -9999.000
 21480, -9999.000
 21540, -9999.000
 21600, -9999.000
 21660, -9999.000
 21720, -9999.000
 21780, -9999.000
 21840, -9999.000
 21900, -9999.000
 21960, -9999.000
 22020, -9999.000
 22080, -9999.000
 22140, -9999.000
 22200, -9999.000
 22260, -9999.000
 22320, -9999.000
 22380, -9999.000
 22440, -9999.000
 22500, -9999.000
 22560, -9999.000
 22620, -9999.000
 22680, -9999.000
 22740, -9999.000
 22800, -9999.000
 22860, 95.295
 22920, -9999.000
 22980, -9999.000
 23040, -9999.000
 23100, -9999.000
 23160, -9999.000
 23220, -9999.000
 23280, -9999.000
 23340, 104.458
 23400, 108.889
 23460, -9999.000
 23520, 92.155
 23580, 84.956
 23640, 80.317
 23700, 75.339
 23760, 67.854
 23820, 74.388
 23880, 76.984
 23940, 79.850
 24000, 82.775
 24060, 80.448
 24120, 82.206
 24180, 83.443
 24240, 80.611
 24300, 80.326
 24360, 77.448
 24420, 85.960
 24480, 78.479
 24540, 84.496
 24600, 79.516
 24660, 79.204
 24720, 78.546
 24780, 77.781
 24840, 77.980
 24900, 77.789
 24960, 71.634
 25020, 68.813
 25080, 72.110
 25140, 79.184
 25200, 84.787
 25260, 87.390
 25320, 85.311
 25380, 85.782
 25440, 85.274
 25500, 83.088
 25560, 83.874
 25620, 83.575
 25680, 81.217
 25740, 81.176
 25800, 80.118
 25860, 79.350
 25920, 75.653
 25980, 72.158
 26040, 71.037
 26100, 76.857
 26160, 75.127
 26220, 74.335
 26280, 78.904
 26340, 79.082
 26400, 74.937
 26460, 74.364
 26520, 78.532
 26580, 83.475
 26640, 86.139
 26700, 84.317
 26760, 83.951
 26820, 83.216
 26880, 80.765
 26940, 78.524
 27000, 72.788
 27060, 73.418
 27120, -9999.000
 27180, 73.796
 27240, 71.300
 27300, 78.916
 27360, 67.334
 27420, 65.822
 27480, 69.021
 27540, 69.019
 27600, 68.524
 27660, 72.288
 27720, 74.406
 27780, 74.677
 27840, 77.086
 27900, 77.942
 27960, 72.706
 28020, 74.466
 28080, 73.481
 28140, 72.921
 28200, 77.643
 28260, 80.764
 28320, 81.950
 28380, 83.361
 28440, 86.138
 28500, 88.846
 28560, 92.726
 28620, 93.654
 28680, 92.918
 28740, 94.680
 28800, 95.035
 28860, 96.088
 28920, 98.588
 28980, -9999.000
 29040, 101.947
 29100, 104.626
 29160, 103.275
 29220, 102.372
 29280, 98.737
 29340, 95.723
 29400, 92.872
 29460, 89.016
 29520, 89.917
 29580, 87.371
 29640, 88.341
 29700, 88.920
 29760, 90.616
 29820, 85.970
 29880, 85.287
 29940, 83.283
 30000, 78.891
 30060, 75.357
 30120, 73.856
 30180, 74.970
 30240, 73.660
 30300, 76.330
 30360, 78.222
 30420, 79.369
 30480, 80.180
 30540, 77.929
 30600, 72.728
 30660, 67.534
 30720, 72.132
 30780, 76.631
 30840, -9999.000
 30900, 87.575
 30960, 85.825
 31020, 89.018
 31080, 84.934
 31140, 82.713
 31200, 83.918
 31260, 86.405
 31320, 89.580
 31380, 90.091
 31440, 87.220
 31500, 83.718
 31560, 86.537
 31620, 87.318
 31680, 87.356
 31740, 84.771
 31800, 87.669
 31860, 89.211
 31920, 90.113
 31980, 90.350
 32040, 93.637
 32100, 93.811
 32160, 93.744
 32220, 93.657
 32280, 95.694
 32340, 93.764
 32400, 94.502
 32460, 93.719
 32520, 96.719
 32580, 96.518
 32640, 96.238
 32700, 97.759
 32760, 98.820
 32820, 99.560
 32880, 98.877
 32940, 96.772
 33000, 98.650
 33060, 96.332
 33120, 85.143
 33180, 92.773
 33240, 99.763
 33300, 102.619
 33360, 100.819
 33420, 100.118
 33480, 103.727
 33540, 104.210
 33600, 103.596
 33660, 102.715
 33720, 99.950
 33780, 100.910
 33840, 103.625
 33900, 105.324
 33960, 105.738
 34020, 106.289
 34080, 104.501
 34140, 98.793
 34200, 100.801
 34260, 104.122
 34320, 103.482
 34380, 98.730
 34440, 90.235
 34500, 89.081
 34560, 96.011
 34620, 100.036
 34680, 98.396
 34740, 96.997
 34800, 91.462
 34860, 91.665
 34920, 91.085
 34980, 90.828
 35040, 90.590
 35100, 86.575
 35160, 85.481
 35220, 85.678
 35280, 86.299
 35340, 86.943
 35400, 86.277
 35460, 86.917
 35520, 85.350
 35580, 88.412
 35640, 86.436
 35700, 85.279
 35760, 85.240
 35820, 80.336
 35880, 80.137
 35940, 78.187
 36000, 81.492
 36060, 78.253
 36120, 76.913
 36180, 75.096
 36240, 76.446
 36300, 76.918
 36360, 76.868
 36420, 77.775
 36480, 78.078
 36540, 76.397
 36600, 78.253
 36660, 77.481
 36720, 75.692
 36780, 74.834
 36840, 76.302
 36900, 73.438
 36960, 70.440
 37020, 68.035
 37080, 69.629
 37140, 70.043
 37200, 67.940
 37260, 66.542
 37320, 64.714
 37380, 65.688
 37440, 64.786
 37500, 63.075
 37560, 58.850
 37620, 59.934
 37680, 61.665
 37740, 58.613
 37800, 57.376
 37860, 57.099
 37920, 55.319
 37980, 57.142
 38040, 59.765
 38100, 58.750
 38160, 60.026
 38220, -9999.000
 38280, 72.213
 38340, 69.527
 38400, 69.981
 38460, 68.436
 38520, 66.074
 38580, 66.945
 38640, 64.757
 38700, 64.996
 38760, 68.906
 38820, 67.096
 38880, 64.743
 38940, 62.627
 39000, 61.729
 39060, 66.690
 39120, 62.694
 39180, 64.314
 39240, 63.698
 39300, 64.662
 39360, 63.837
 39420, 62.155
 39480, 61.208
 39540, 62.154
 39600, 60.593
 39660, 60.654
 39720, 58.436
 39780, 58.628
 39840, 57.864
 39900, 57.227
 39960, 56.213
 40020, 55.234
 40080, 64.310
 40140, 64.439
 40200, 60.166
 40260, 61.109
 40320, 61.696
 40380, 61.969
 40440, 60.172
 40500, 58.893
 40560, 60.162
 40620, 61.602
 40680, 58.576
 40740, 57.176
 40800, 58.639
 40860, 58.200
 40920, 59.697
 40980, 56.097
 41040, 57.363
 41100, 56.890
 41160, 53.668
 41220, 51.411
 41280, 50.271
 41340, 50.045
 41400, 46.879
 41460, 46.272
 41520, 49.205
 41580, 48.867
 41640, 49.934
 41700, 48.928
 41760, 49.603
 41820, 49.333
 41880, 49.688
 41940, -9999.000
 42000, 55.622
 42060, 55.584
 42120, 56.011
 42180, 54.632
 42240, 54.799
 42300, 56.057
 42360, 55.802
 42420, 53.431
 42480, 51.766
 42540, 51.769
 42600, 52.524
 42660, 53.010
 42720, 50.752
 42780, 49.489
 42840, 48.944
 42900, 50.134
 42960, 48.396
 43020, 49.445
 43080, 48.060
 43140, 49.801
 43200, 48.066
 43260, 48.887
 43320, 47.721
 43380, 48.731
 43440, 50.204
 43500, 48.259
 43560, 48.437
 43620, 49.553
 43680, 50.067
 43740, 48.039
 43800, 54.628
 43860, 52.105
 43920, 51.958
 43980, 51.157
 44040, 50.195
 44100, 51.552
 44160, 53.434
 44220, 53.227
 44280, 52.239
 44340, 52.431
 44400, 53.748
 44460, 54.310
 44520, 52.786
 44580, 53.618
 44640, 54.159
 44700, 54.085
 44760, 53.665
 44820, 52.375
 44880, 53.933
 44940, 55.536
 45000, 55.579
 45060, 53.380
 45120, 52.772
 45180, 51.356
 45240, 50.362
 45300, 49.698
 45360, 48.496
 45420, 48.831
 45480, 49.490
 45540, 49.054
 45600, -9999.000
 45660, 54.023
 45720, 51.768
 45780, 49.588
 45840, 47.597
 45900, 44.730
 45960, 46.223
 46020, 44.520
 46080, 40.941
 46140, 39.570
 46200, 36.653
 46260, 35.849
 46320, 32.196
 46380, 28.518
 46440, 25.414
 46500, 22.767
 46560, 20.430
 46620, 19.720
 46680, 16.985
 46740, 13.111
 46800,  8.016
 46860, 27.289
 46920, 111.678
 46980, 128.129
 47040, 108.730
 47100, 92.435
 47160, 83.192
 47220, 79.986
 47280, 76.429
 47340, 70.148
 47400, 66.602
 47460, -9999.000
 47520, 81.118
 47580, 76.602
 47640, 73.394
 47700, 75.289
 47760, 73.189
 47820, 71.962
 47880, 69.452
 47940, 69.110
 48000, 68.615
 48060, 69.452
 48120, 68.364
 48180, 66.856
 48240, 67.338
 48300, 67.406
 48360, 66.095
 48420, 64.106
 48480, 60.703
 48540, 62.342
 48600, 62.799
 48660, 59.706
 48720, 60.970
 48780, 60.245
 48840, 59.002
 48900, 58.821
 48960, 58.195
 49020, 59.771
 49080, 60.747
 49140, 61.609
 49200, 63.894
 49260, 63.298
 49320, -9999.000
 49380, 79.994
 49440, 78.031
 49500, 78.706
 49560, 76.991
 49620, 76.732
 49680, 77.267
 49740, 77.757
 49800, 81.035
 49860, 84.246
 49920, 85.353
 49980, 85.615
 50040, 90.486
 50100, 97.232
 50160, 100.907
 50220, 107.111
 50280, 107.005
 50340, 109.729
 50400, 108.144
 50460, 107.962
 50520, 111.775
 50580, 113.081
 50640, 113.945
 50700, 114.472
 50760, 115.411
 50820, 114.253
 50880, 112.833
 50940, 116.024
 51000, 116.283
 51060, 118.867
 51120, 118.317
 51180, 122.441
 51240, 122.130
 51300, 123.690
 51360, 128.582
 51420, 137.721
 51480, 150.335
 51540, 162.959
 51600, 171.612
 51660, 180.098
 51720, 189.340
 51780, 200.645
 51840, 206.675
 51900, 212.322
 51960, 221.310
 52020, 218.474
 52080, 225.059
 52140, 227.547
 52200, 218.633
 52260, 214.872
 52320, 204.325
 52380, 193.707
 52440, 189.809
 52500, 181.289
 52560, 172.748
 52620, 169.695
 52680, 165.017
 52740, 166.218
 52800, 165.700
 52860, 165.365
 52920, 162.178
 52980, -9999.000
 53040, 157.430
 53100, 145.856
 53160, 136.720
 53220, 138.513
 53280, 135.351
 53340, 133.786
 53400, 129.331
 53460, 126.328
 53520, 126.526
 53580, 122.458
 53640, 120.376
 53700, 121.013
 53760, 119.554
 53820, 118.073
 53880, 118.858
 53940, 124.494
 54000, 133.953
 54060, 145.580
 54120, 157.247
 54180, 167.378
 54240, 169.767
 54300, 171.486
 54360, 171.737
 54420, 168.726
 54480, 164.024
 54540, 163.846
 54600, 162.008
 54660, 164.471
 54720, 169.460
 54780, 177.171
 54840, 181.891
 54900, 187.423
 54960, 188.121
 55020, 192.969
 55080, 195.651
 55140, 197.906
 55200, 196.933
 55260, 201.079
 55320, 209.849
 55380, 212.850
 55440, 216.210
 55500, 211.325
 55560, 206.990
 55620, 205.508
 55680, 193.161
 55740, 187.714
 55800, 191.737
 55860, 188.839
 55920, 186.853
 55980, 174.765
 56040, 164.895
 56100, 147.388
 56160, 146.751
 56220, 144.705
 56280, 145.952
 56340, 147.010
 56400, 145.337
 56460, 147.434
 56520, 146.059
 56580, 147.525
 56640, 145.486
 56700, -9999.000
 56760, 158.788
 56820, 152.637
 56880, 160.429
 56940, 161.736
 57000, 158.596
 57060, 163.778
 57120, 160.761
 57180, 159.985
 57240, 151.568
 57300, 153.894
 57360, 163.958
 57420, 168.555
 57480, 164.295
 57540, 169.842
 57600, 170.011
 57660, 166.805
 57720, 162.214
 57780, 161.553
 57840, 165.621
 57900, 161.260
 57960, 165.088
 58020, 164.167
 58080, 167.161
 58140, 167.642
 58200, 162.764
 58260, 168.531
 58320, 180.643
 58380, 184.796
 58440, -9999.000
 58500, -9999.000
 58560, -9999.000
 58620, -9999.000
