CampaignData_and_Merges/R0/CSL_MobileLab_Parked/raw/20240817/USOS-Picarro-CO2-CH4-CO-H2O_MobileLabGround_20240817_R0.ict
38, 1001
Ilana Pollack, Nell Schafer, and Jeff Peischl
NOAA Chemical Sciences Laboratory
Picarro 2401-m CO2/CH4/CO/H2O Analyzer
USOS
1, 1
2024, 08, 17, 2024, 11, 20
0
StartTime_UTC, seconds_past_midnight, seconds past midnight
5
1, 1, 1, 1, 1
-9999, -9999, -9999, -9999, -9999
StopTime_UTC, seconds_past_midnight, seconds past midnight
CO2_ppm_1min, ppm, Gas_CO2_InSitu_S_DMF, carbon dioxide mixing ratio
CH4_ppb_1min, ppb, Gas_CH4_InSitu_S_DMF, methane mixing ratio
CO_ppb_1min, ppb, Gas_CO_InSitu_S_DMF, carbon monoxide mixing ratio
H2O_ppmv_1min, ppmv, Met_H2OMRV_InSitu_S_AVMR, water vapor mixing ratio
1
SPECIAL COMMENTS: N/A
18
PI_CONTACT_INFO: Address: NOAA Chemical Sciences Laboratory, Mail Stop CSL7, 325 Broadway, Boulder, CO 80305; Email: Ilana.Pollack@noaa.gov
PLATFORM: NOAA CSL Mobile Laboratory
LOCATION: The mobile lab was stationed in Salt Lake City, Utah.
ASSOCIATED_DATA: N/A
INSTRUMENT_INFO: CO2, CH4, and CO are reported as dry air mole fractions using a commercial wavelength-scanned cavity ring-down analyzer (Picarro 2401-m). An in-field calibration gas standard of 432±0.07 ppm CO2, 2095±1 ppb CH4, and 183±1 ppb CO, calibrated in the Boulder laboratories before and after the field project using primary CO2, CH4, and CO standard tanks tied to the WMO standard (X2019, X2004A, and X2014A, respectively) from the Global Monitoring Laboratory (GML), was delivered to the inlet every 2-3 days to evaluate instrument sensitivity. A H2O measurement was calibrated before the project with a Dew Point Mirror 373 hygrometer. The water correction calculated from these calibrations was applied to the H2O measurement for the entire campaign. Species are measured at 0.5 Hz and reported as 1-minute averages for stationary measurements.
DATA_INFO: Units: CO2, ppm, dry air mole fraction; CH4, ppb, dry air mole fraction; CO, ppb, dry air mole fraction; H2O, ppmv
UNCERTAINTY: Total uncertainties are estimated as ±0.1 ppm for CO2, ±1 ppb for CH4, ±5 ppb for CO, and ±(50 ppm + 4%) for H2O.
ULOD_FLAG: -7777
ULOD_VALUE: N/A
LLOD_FLAG: -8888
LLOD_VALUE: N/A
DM_CONTACT_INFO: Data Manager: Nathan Howard; nathan.h.howard@noaa.gov
PROJECT_INFO: USOS Dates of Study: July – August 2024
STIPULATIONS_ON_USE: Use of these data require prior ok from PI.
OTHER_COMMENTS: Data are averaged to 1 minute intervals. Stationary data collected from a 10 ft tower on top of the mobile van.
REVISION: R0
R0: Final Data
StartTime_UTC, StopTime_UTC, CO2_ppm_1min, CH4_ppb_1min, CO_ppb_1min, H2O_ppmv_1min
[from data line 806]
48360,48420,479.80,2137.3,252.3,12429.1045
48420,48480,476.90,2135.3,241.3,12452.4697
48480,48540,467.93,2112.4,219.3,12354.8730
48540,48600,478.28,2122.4,286.0,12605.3818
48600,48660,476.88,2124.1,281.1,12566.1523
48660,48720,475.27,2114.9,261.0,12564.3936
48720,48780,489.71,2122.0,272.0,12737.8037
48780,48840,484.25,2117.5,250.7,12818.7422
48840,48900,473.66,2101.0,261.2,12747.2471
48900,48960,468.63,2085.7,243.1,12595.3633
48960,49020,469.85,2095.7,222.1,12659.1855
49020,49080,469.26,2095.3,221.9,12736.2871
49080,49140,464.02,2076.8,209.4,12614.3975
49140,49200,462.20,2068.8,230.6,12557.1650
49200,49260,461.48,2064.4,217.0,12628.5029
49260,49320,459.85,2062.6,203.0,12654.9756
49320,49380,463.69,2066.2,247.2,12784.1055
49380,49440,461.88,2065.9,221.8,12794.3906
49440,49500,463.28,2067.3,214.7,12904.3145
49500,49560,464.20,2067.4,213.7,13021.3486
49560,49620,464.52,2068.1,250.6,12991.8242
49620,49680,466.99,2069.7,288.5,13093.3213
49680,49740,461.96,2063.3,243.5,13008.9990
49740,49800,461.02,2061.5,240.5,12988.2227
49800,49860,460.14,2057.6,242.8,13033.3184
49860,49920,461.72,2059.8,270.5,13223.4551
49920,49980,458.50,2054.5,227.9,13088.8057
49980,50040,457.66,2051.5,226.2,13163.1260
50040,50100,459.10,2052.6,234.4,13238.5684
50100,50160,459.71,2052.0,232.2,13323.9600
50160,50220,456.94,2049.7,223.6,13227.8535
50220,50280,458.88,2050.9,221.1,13380.1055
50280,50340,456.57,2048.8,205.7,13239.6143
50340,50400,460.68,2052.1,219.6,13442.6260
50400,50460,458.59,2052.1,223.7,13555.5986
50460,50520,456.63,2051.5,217.1,13451.6084
50520,50580,458.71,2052.6,225.4,13508.7266
50580,50640,456.93,2052.1,217.3,13544.4785
50640,50700,457.62,2052.5,216.6,13555.0508
50700,50760,457.25,2053.3,216.0,13455.2383
50760,50820,459.13,2056.1,218.0,14038.4229
50820,50880,460.87,2057.6,251.9,14099.4355
50880,50940,460.08,2060.9,294.3,14159.6143
50940,51000,459.51,2065.6,266.2,14412.3887
51000,51060,457.67,2059.6,237.0,14060.4365
51060,51120,457.42,2061.6,233.4,14072.0801
51120,51180,457.22,2059.5,226.4,14058.6191
51180,51240,456.73,2066.7,221.5,14342.0068
51240,51300,458.61,2065.6,229.3,14510.7168
51300,51360,459.39,2068.5,236.4,14711.4697
51360,51420,460.54,2068.3,236.3,14612.9561
51420,51480,462.78,2064.6,236.1,14413.1963
51480,51540,461.32,2061.4,233.3,14249.4092
51540,51600,461.04,2062.0,228.3,14646.8496
51600,51660,459.51,2059.1,220.8,14634.2656
51660,51720,459.34,2060.1,222.1,14720.4805
51720,51780,456.31,2059.4,219.6,14466.7461
51780,51840,457.73,2057.7,224.0,14825.0674
51840,51900,455.25,2057.5,228.3,14439.5723
51900,51960,454.52,2053.6,221.4,14273.8252
51960,52020,455.21,2053.7,224.5,14375.3164
52020,52080,455.70,2051.8,215.2,14343.1729
52080,52140,456.51,2054.4,224.1,14950.8955
52140,52200,458.07,2056.0,227.4,15495.4102
52200,52260,456.99,2052.9,237.0,14495.5127
52260,52320,457.46,2053.6,237.3,14402.5010
52320,52380,454.92,2050.3,212.8,14274.6455
52380,52440,454.35,2048.8,207.2,14090.5586
52440,52500,454.24,2052.4,221.6,15211.5117
52500,52560,455.11,2052.8,222.2,14847.6230
52560,52620,455.00,2052.1,217.0,14654.2803
52620,52680,454.48,2051.3,216.2,15034.9639
52680,52740,456.37,2048.3,213.9,14291.8838
52740,52800,452.85,2047.4,205.9,14027.9219
52800,52860,452.67,2047.7,206.2,14068.4619
52860,52920,455.38,2049.7,221.7,14182.2568
52920,52980,456.76,2052.6,225.2,15078.8203
52980,53040,456.56,2054.2,221.5,15486.1377
53040,53100,457.06,2055.7,404.2,14888.8027
53100,53160,455.80,2056.3,377.6,14888.8428
53160,53220,453.92,2051.6,214.9,14547.9873
53220,53280,454.66,2054.2,272.2,15156.4395
53280,53340,455.41,2053.6,242.6,15140.9941
53340,53400,454.88,2053.6,249.9,15587.5850
53400,53460,454.35,2053.9,239.8,15831.6719
53460,53520,457.56,2051.5,234.3,14890.1572
53520,53580,459.42,2050.8,230.4,14921.7646
53580,53640,457.07,2049.9,226.5,14801.0313
53640,53700,456.77,2051.1,225.6,15027.4307
53700,53760,454.37,2053.3,217.6,15555.5439
53760,53820,455.94,2053.0,228.6,15874.0771
53820,53880,456.15,2052.9,237.5,15933.9834
53880,53940,453.75,2051.2,228.6,15937.1504
53940,54000,454.75,2051.4,245.0,15949.5449
54000,54060,451.98,2050.1,250.5,15592.8369
54060,54120,450.94,2049.0,237.7,15364.1582
54120,54180,450.43,2047.7,223.6,15186.8340
54180,54240,449.23,2058.4,257.0,16311.2686
54240,54300,449.78,2061.2,382.1,16230.8066
54300,54360,449.50,2059.0,302.8,16232.7197
54360,54420,451.26,2063.4,287.1,16164.2803
54420,54480,453.48,2068.7,283.9,16408.2109
54480,54540,451.07,2075.2,310.2,16627.7383
54540,54600,450.37,2076.2,310.5,16953.7910
54600,54660,450.70,2076.6,376.1,16955.3984
54660,54720,450.59,2074.7,375.2,16851.3789
54720,54780,450.32,2070.7,305.7,16774.3262
54780,54840,449.55,2069.7,279.7,16885.9844
54840,54900,449.31,2063.9,248.1,16639.9531
54900,54960,449.07,2058.5,235.2,16169.7119
54960,55020,448.45,2059.3,233.6,16361.5654
55020,55080,448.71,2055.8,227.7,16331.8984
55080,55140,447.82,2056.3,229.2,16731.6914
55140,55200,448.12,2055.5,237.3,16644.2441
55200,55260,448.18,2047.2,228.6,15657.9619
55260,55320,447.92,2046.3,226.5,15814.4238
55320,55380,447.48,2050.2,228.0,16610.1563
55380,55440,451.40,2051.0,247.3,16372.7012
55440,55500,448.75,2049.6,235.8,16452.4492
55500,55560,449.54,2048.3,242.1,16282.3232
55560,55620,449.55,2039.7,238.1,15558.5518
55620,55680,448.99,2039.9,252.0,15990.6738
55680,55740,447.94,2027.3,237.1,14807.9385
55740,55800,445.68,2016.6,212.0,13696.9248
55800,55860,446.63,2020.2,219.8,14110.3018
55860,55920,447.07,2019.0,226.5,14283.0557
55920,55980,453.58,2023.8,261.7,14839.0801
55980,56040,454.33,2023.4,278.8,14855.4229
56040,56100,454.52,2020.4,306.4,14607.0205
56100,56160,450.57,2005.0,308.1,12848.0566
56160,56220,451.45,2001.8,269.4,12940.9629
56220,56280,447.83,2000.5,241.0,12696.0801
56280,56340,451.51,2000.6,267.7,12873.8652
56340,56400,449.93,2000.4,242.0,13130.5010
56400,56460,446.21,1998.8,215.2,12914.9678
56460,56520,448.07,1999.1,300.6,12951.3154
56520,56580,447.03,1997.9,287.9,12802.8438
56580,56640,447.16,1998.1,296.7,12946.0791
56640,56700,447.15,1998.7,247.4,12467.8457
56700,56760,445.61,2000.5,241.7,13108.5508
56760,56820,450.22,2005.0,324.0,13429.2930
56820,56880,445.92,2004.2,276.6,12933.6328
56880,56940,448.06,2004.3,238.5,13265.1299
56940,57000,448.69,2003.1,283.5,13214.9092
57000,57060,445.23,2001.1,313.7,12834.7842
57060,57120,444.31,2001.4,209.3,13092.8633
57120,57180,447.53,2001.9,210.2,13202.1475
57180,57240,453.93,2002.1,238.9,13266.7529
57240,57300,446.79,2000.1,218.7,13055.7021
57300,57360,444.03,1997.2,199.2,12716.7021
57360,57420,443.92,1998.4,200.7,12654.0801
57420,57480,449.20,2000.0,222.4,13124.3662
57480,57540,444.97,1999.5,201.1,12882.4707
57540,57600,445.61,2002.7,358.9,13179.8818
57600,57660,445.39,2002.8,357.3,13641.1299
57660,57720,446.51,2003.1,317.9,13995.7617
57720,57780,446.79,2002.8,258.7,13653.5811
57780,57840,446.38,2003.7,266.9,14020.1270
57840,57900,445.95,2004.5,338.8,14641.5293
57900,57960,444.41,2003.2,302.5,14111.7588
57960,58020,443.77,2003.3,231.2,13865.1719
58020,58080,444.21,2003.1,217.1,13745.5957
58080,58140,443.96,2003.1,217.4,14277.5098
58140,58200,441.42,2003.4,232.3,15462.2354
58200,58260,442.77,2001.3,220.1,14394.2910
58260,58320,442.05,1998.2,208.2,13772.1533
58320,58380,440.98,1997.8,205.3,13742.5313
58380,58440,441.75,1999.5,224.1,14171.4395
58440,58500,440.78,1996.6,209.7,13670.1074
58500,58560,440.39,1995.8,206.5,13951.1543
58560,58620,440.63,1997.0,211.5,14490.6719
58620,58680,443.20,1996.6,223.3,13789.8262
58680,58740,444.20,1997.1,227.5,13850.6426
58740,58800,444.08,1997.0,226.5,14251.6904
58800,58860,442.12,1995.6,224.8,14031.9932
58860,58920,443.07,1995.1,222.6,13932.4561
58920,58980,444.41,1995.3,223.7,14294.6406
58980,59040,441.81,1996.0,220.2,14730.9639
59040,59100,439.25,1996.8,223.0,15501.4004
59100,59160,440.69,1996.8,236.5,15024.3418
59160,59220,439.91,1997.0,219.4,14404.0918
59220,59280,442.26,1993.4,231.4,14404.3135
59280,59340,445.43,1991.6,239.4,14539.9805
59340,59400,442.80,1991.6,222.7,13951.4307
59400,59460,442.99,1990.6,222.7,14209.2139
59460,59520,444.47,1990.8,255.3,14487.1582
59520,59580,440.62,1986.6,222.8,14381.6533
59580,59640,444.23,1987.2,223.8,14353.9229
59640,59700,440.56,1987.9,227.4,14210.5527
59700,59760,439.90,1988.1,232.3,14213.7305
59760,59820,438.42,1986.1,221.3,14272.4385
59820,59880,435.14,1976.8,204.2,14160.0654
59880,59940,431.24,1967.7,157.9,13479.8672
59940,60000,430.52,1961.3,151.9,13459.9541
60000,60060,430.23,1962.0,155.2,13507.4238
60060,60120,430.25,1959.6,155.1,13352.0479
60120,60180,429.38,1955.2,147.2,13046.9521
60180,60240,429.70,1956.4,150.0,13270.5273
60240,60300,429.28,1955.1,152.8,13300.5928
60300,60360,429.61,1954.4,149.9,13338.4277
60360,60420,431.87,1953.7,156.1,13387.5850
60420,60480,429.66,1954.1,149.4,13493.4727
60480,60540,429.31,1952.1,146.1,13109.6318
60540,60600,429.94,1953.3,144.2,13093.0254
60600,60660,430.95,1954.6,156.8,13232.1973
60660,60720,431.41,1954.6,177.2,13196.1367
60720,60780,430.37,1953.8,152.0,13222.7500
60780,60840,430.50,1954.0,154.1,13206.7676
60840,60900,430.99,1955.0,158.4,13347.2080
60900,60960,430.92,1955.1,164.0,13309.3662
60960,61020,430.36,1956.3,164.2,13620.7090
61020,61080,430.65,1956.4,158.5,13346.1992
61080,61140,430.59,1957.2,209.7,13498.2139
61140,61200,431.66,1957.8,347.9,13770.8877
61200,61260,431.60,1956.6,191.5,13638.6143
61260,61320,431.61,1954.6,163.0,13483.7676
61320,61380,430.48,1954.1,154.4,13527.6191
61380,61440,429.69,1950.6,148.1,13331.7881
61440,61500,429.05,1950.1,140.7,13228.7998
61500,61560,428.86,1950.4,138.9,13280.4063
61560,61620,428.81,1949.2,134.9,13284.3242
61620,61680,429.02,1950.5,137.8,13385.1260
61680,61740,429.04,1951.5,141.3,13511.2227
61740,61800,429.03,1949.8,157.7,13437.8711
61800,61860,429.64,1950.8,148.5,13562.7559
61860,61920,431.13,1950.4,175.4,13719.1016
61920,61980,433.80,1950.4,189.8,13961.8262
61980,62040,429.60,1951.4,152.2,13847.8057
62040,62100,429.35,1950.6,150.7,13671.0625
62100,62160,429.37,1950.2,148.0,13685.3408
62160,62220,430.05,1951.2,153.4,13693.3750
62220,62280,429.72,1951.5,147.0,13798.3076
62280,62340,428.87,1950.7,145.4,13940.8887
62340,62400,431.37,1950.8,159.7,13702.8574
62400,62460,428.35,1948.2,138.8,13624.2158
62460,62520,429.99,1949.3,157.5,14072.4297
62520,62580,432.72,1947.3,175.8,14025.8525
62580,62640,429.85,1948.5,150.3,13971.7959
62640,62700,427.75,1946.4,135.1,13946.4512
62700,62760,426.37,1942.5,123.7,13732.6133
62760,62820,427.95,1943.3,132.1,13901.2686
62820,62880,427.04,1942.0,131.5,13762.0459
62880,62940,429.36,1942.9,149.2,14028.5107
62940,63000,427.60,1943.3,137.4,14053.8945
63000,63060,427.73,1944.7,134.0,14079.2490
63060,63120,427.01,1944.1,132.9,13999.7705
63120,63180,427.32,1943.5,134.5,14075.6074
63180,63240,427.13,1942.6,134.6,13907.9131
63240,63300,428.29,1944.0,142.0,13988.0547
63300,63360,428.31,1944.2,139.9,14039.3848
63360,63420,428.12,1943.0,136.7,14078.1289
63420,63480,427.03,1940.7,128.3,13959.7285
63480,63540,426.51,1938.9,123.8,13847.1777
63540,63600,426.60,1938.7,123.6,13792.5693
63600,63660,430.03,1940.7,141.1,13999.6328
63660,63720,428.63,1940.9,136.4,13870.2627
63720,63780,428.36,1941.0,135.1,13878.7246
63780,63840,427.98,1942.1,136.2,13814.3271
63840,63900,429.11,1942.8,140.9,13842.7627
63900,63960,428.95,1943.5,141.5,13802.1191
63960,64020,429.57,1944.0,149.1,13821.8652
64020,64080,429.12,1943.7,146.5,13716.7031
64080,64140,429.42,1943.7,164.8,13752.0234
64140,64200,430.01,1944.9,179.8,13805.6572
64200,64260,430.60,1945.7,157.9,13868.3467
64260,64320,431.29,1947.3,155.9,13885.6982
64320,64380,432.06,1949.9,159.1,13766.2334
64380,64440,432.66,1953.2,165.6,13683.6641
64440,64500,434.34,1955.7,176.1,13744.5244
64500,64560,435.59,1960.9,176.9,13614.0635
64560,64620,436.28,1962.9,186.0,13581.0342
64620,64680,437.28,1963.7,192.2,13620.2734
64680,64740,437.77,1963.9,202.1,13536.4492
64740,64800,437.91,1963.6,213.2,13467.5547
64800,64860,437.66,1964.1,249.2,13369.4336
64860,64920,437.84,1964.2,244.6,13332.0566
64920,64980,438.02,1963.8,187.2,13270.9453
64980,65040,438.95,1971.6,185.9,13130.2041
65040,65100,439.81,1975.5,186.5,13347.6279
65100,65160,437.12,1967.1,170.6,14030.3975
65160,65220,433.32,1956.3,147.7,14655.8545
65220,65280,432.23,1953.2,139.4,14975.0605
65280,65340,431.61,1950.6,136.6,15372.1650
65340,65400,431.40,1949.7,135.7,15960.5908
65400,65460,429.97,1948.5,133.6,16574.6992
65460,65520,429.37,1947.7,134.9,17252.4258
65520,65580,428.37,1945.7,123.4,17768.3691
65580,65640,428.84,1946.1,127.3,18722.7656
65640,65700,428.88,1945.6,126.4,19291.0801
65700,65760,429.44,1946.3,129.8,19852.0410
65760,65820,429.24,1947.5,127.9,20060.4785
65820,65880,429.40,1949.4,129.5,20447.9648
65880,65940,429.05,1949.7,126.7,20040.4141
65940,66000,430.01,1950.2,126.9,20660.2324
66000,66060,429.79,1947.8,125.3,20841.2715
66060,66120,430.05,1946.7,125.1,20829.9395
66120,66180,429.99,1945.6,124.5,21070.5273
66180,66240,430.28,1946.8,127.5,21504.0078
66240,66300,431.22,1949.0,129.7,21698.3770
66300,66360,431.68,1951.5,129.0,22044.4727
66360,66420,431.35,1952.6,142.1,21691.1914
66420,66480,431.67,1951.8,140.3,21504.5000
66480,66540,432.52,1952.0,135.4,21537.0957
66540,66600,433.15,1952.7,135.9,21740.7539
66600,66660,433.57,1952.5,138.6,21748.1211
66660,66720,433.67,1953.1,141.0,21711.0391
66720,66780,434.04,1953.7,140.1,21929.8672
66780,66840,434.21,1954.5,140.7,22315.0527
66840,66900,435.38,1955.3,138.1,23197.6289
66900,66960,435.69,1954.3,145.5,23022.5293
66960,67020,448.55,1960.7,188.0,23430.2520
67020,67080,456.76,1961.3,270.3,23433.8008
67080,67140,444.36,1964.1,235.3,22825.2852
67140,67200,455.73,1964.0,224.6,23290.9941
67200,67260,442.38,1961.8,174.7,23051.3945
67260,67320,441.89,1958.4,182.9,23008.0742
67320,67380,440.56,1957.5,175.0,22899.3027
67380,67440,438.76,1957.5,163.2,22888.7617
67440,67500,437.78,1955.9,156.4,22565.0566
67500,67560,438.02,1953.7,149.9,22270.8613
67560,67620,438.38,1954.2,148.2,22279.3574
67620,67680,440.13,1955.3,150.9,23023.4063
67680,67740,436.32,1955.9,141.9,23196.9648
67740,67800,437.70,1958.0,160.9,23229.6563
67800,67860,437.14,1957.1,161.8,23065.0625
67860,67920,432.67,1948.8,141.0,21202.1777
67920,67980,430.76,1945.8,130.6,20260.6836
67980,68040,431.34,1946.8,131.6,21059.7363
68040,68100,434.25,1948.1,144.5,20817.0234
68100,68160,439.10,1948.6,156.2,21327.5488
68160,68220,438.19,1947.9,168.0,20843.8867
68220,68280,442.24,1949.5,165.9,21727.0332
68280,68340,443.95,1949.6,165.0,22147.6934
68340,68400,440.44,1948.8,154.2,21815.0898
68400,68460,437.33,1948.9,146.9,22141.6953
68460,68520,435.57,1947.5,142.0,21617.6719
68520,68580,436.84,1948.1,147.4,22101.7109
68580,68640,437.94,1950.0,150.7,22766.3105
68640,68700,440.51,1951.7,154.7,23212.4941
68700,68760,436.21,1948.2,137.4,22296.0098
68760,68820,435.46,1946.6,132.9,22215.2891
68820,68880,435.59,1947.0,133.0,22351.8418
68880,68940,435.61,1948.5,135.2,22303.2617
68940,69000,436.37,1951.1,139.6,22497.1504
69000,69060,437.90,1951.9,141.3,22823.9316
69060,69120,437.26,1952.1,140.7,22894.0059
69120,69180,436.74,1952.8,139.1,22822.1055
69180,69240,436.68,1954.8,141.5,22894.2402
69240,69300,436.24,1958.4,145.6,22592.5801
69300,69360,436.97,1962.5,168.2,22420.8379
69360,69420,438.01,1970.1,172.5,22318.8691
69420,69480,437.02,1975.3,160.9,22554.3379
69480,69540,435.38,1980.8,145.5,22425.6543
69540,69600,436.77,1982.6,151.3,22718.8105
69600,69660,435.70,1991.2,147.6,22540.8184
69660,69720,436.29,1995.3,167.7,22330.9121
69720,69780,436.19,1996.3,160.5,22248.2188
69780,69840,441.91,1995.6,173.0,22560.5938
69840,69900,436.32,1994.7,171.1,22501.5605
69900,69960,433.40,1988.9,159.9,21894.8691
69960,70020,432.73,1986.5,147.5,22030.8145
70020,70080,432.10,1984.5,138.5,21624.0000
70080,70140,431.50,1984.5,133.8,21918.5684
70140,70200,431.71,1984.3,135.5,21763.3086
70200,70260,431.42,1982.7,133.9,22096.9414
70260,70320,433.11,1980.1,134.5,21927.9336
70320,70380,433.30,1976.8,131.8,21962.1934
70380,70440,432.46,1971.9,131.8,22156.4414
70440,70500,430.32,1968.5,128.8,21719.8613
70500,70560,429.53,1964.7,132.4,21591.6738
70560,70620,430.78,1963.4,150.5,21833.8223
