CampaignData_and_Merges/R0/CSL_MobileLab_Parked/raw/20240817/USOS-POPS_MobileLabGround_20240817_R0.ict
78, 1001
Thornberry, T. D.
NOAA Chemical Sciences Laboratory
Portable Optical Particle Spectrometer (POPS)
USOS
1, 1
2024, 08, 17, 2025, 05, 08
60
Time_Start, seconds_past_midnight, Start time of measurement
45
1, 1, 1, 1, 1, 1, 1, 1, 1, 1, 1, 1, 1, 1, 1, 1, 1, 1, 1, 1, 1, 1, 1, 1, 1, 1, 1, 1, 1, 1, 1, 1, 1, 1, 1, 1, 1, 1, 1, 1, 1, 1, 1, 1, 1
-9999, -9999, -9999, -9999, -9999, -9999, -9999, -9999, -9999, -9999, -9999, -9999, -9999, -9999, -9999, -9999, -9999, -9999, -9999, -9999, -9999, -9999, -9999, -9999, -9999, -9999, -9999, -9999, -9999, -9999, -9999, -9999, -9999, -9999, -9999, -9999, -9999, -9999, -9999, -9999, -9999, -9999, -9999, -9999, -9999
Time_Stop, seconds_past_midnight, Stop time of measurement
Time_Mid, seconds_past_midnight, Mid time of measurement
Press_mb, mb, Pressure reported (mb)
Temp_C, degrees C, POPS temperature measurement
Aerosol_concentration, cm^-3, Aerosol concentration
Surface_Area_Conc, um^2 cm^-3, Surface area concentration
Volume_density, um^3 cm^-3, Volume density
Effective_radius, um, Effective radius
Extinction, km^-1, Extinction
Bin01, cm^-3, particle concentration in size range [1401 - 146.3 nm]
Bin02, cm^-3, particle concentration in size range [146.3 - 152.8 nm]
Bin03, cm^-3, particle concentration in size range [152.8 - 159.6 nm]
Bin04, cm^-3, particle concentration in size range [159.6 - 166.8 nm]
Bin05, cm^-3, particle concentration in size range [166.8 - 174.2 nm]
Bin06, cm^-3, particle concentration in size range [174.2 - 181.9 nm]
Bin07, cm^-3, particle concentration in size range [181.9 - 190.0 nm]
Bin08, cm^-3, particle concentration in size range [190.0 - 198.5 nm]
Bin09, cm^-3, particle concentration in size range [198.5 - 207.4 nm]
Bin10, cm^-3, particle concentration in size range [207.4 - 216.6 nm]
Bin11, cm^-3, particle concentration in size range [216.6 - 226.2 nm]
Bin12, cm^-3, particle concentration in size range [226.2 - 236.3 nm]
Bin13, cm^-3, particle concentration in size range [236.3 - 246.8 nm]
Bin14, cm^-3, particle concentration in size range [246.8 - 257.8 nm]
Bin15, cm^-3, particle concentration in size range [257.8 - 269.3 nm]
Bin16, cm^-3, particle concentration in size range [269.3 - 343.4 nm]
Bin17, cm^-3, particle concentration in size range [343.4 - 450.7 nm]
Bin18, cm^-3, particle concentration in size range [450.7 - 525.9 nm]
Bin19, cm^-3, particle concentration in size range [525.9 - 618.5 nm]
Bin20, cm^-3, particle concentration in size range [618.5 - 710.0 nm]
Bin21, cm^-3, particle concentration in size range [710.0 - 822.7 nm]
Bin22, cm^-3, particle concentration in size range [822.7 - 885.9 nm]
Bin23, cm^-3, particle concentration in size range [885.9 - 953.9 nm]
Bin24, cm^-3, particle concentration in size range [953.9 - 1027.2 nm]
Bin25, cm^-3, particle concentration in size range [1027.2 - 1106.1 nm]
Bin26, cm^-3, particle concentration in size range [1106.1 - 1191.0 nm]
Bin27, cm^-3, particle concentration in size range [1191.0 - 1282.5 nm]
Bin28, cm^-3, particle concentration in size range [1282.5 - 1381.0 nm]
Bin29, cm^-3, particle concentration in size range [1381.0 - 1487.1 nm]
Bin30, cm^-3, particle concentration in size range [1487.1 - 1601.3 nm]
Bin31, cm^-3, particle concentration in size range [1601.3 - 1724.3 nm]
[...]
PLATFORM: NOAA CSL Mobile Lab
LOCATION: USOS
ASSOCIATED_DATA: N/A
INSTRUMENT_INFO: Printed Optical Particle Spectrometer counts particles from 140 - 2500 nm in diameter 
DATA_INFO: Particle concentrations reported in number per cubic centimeter,1 Hz data
UNCERTAINTY: Counting uncertainty dominated by air flow, less than 5 percent. Measurement range is ~0 - 3000 per cm3 (varies depending on flow rate- manufacturer quotes 1250 per cm3 at 1.667 cc/s)
ULOD_FLAG: -7777
ULOD_VALUE: N/A
LLOD_FLAG: -8888
LLOD_VALUE: N/A
DM_CONTACT_INFO: Troy Thornberry, 325 Broadway R/CSL6, Boulder, CO 80305; troy.thornberry@noaa.gov; 303-497-3373
PROJECT_INFO: USOS, Utah POPS data from NOAA CSL Mobile Lab
STIPULATIONS_ON_USE: Please contact the PIs for questions regarding applications and uncertainties
OTHER_COMMENTS: POPS bin Edges (nm):  140.1, 146.3, 152.8, 159.6, 166.8, 174.2, 181.9, 190.0, 198.5, 207.4, 216.6, 226.2, 236.3, 246.8, 257.8, 269.3, 343.4, 450.7, 525.9, 618.5, 710.0, 822.7, 885.9, 953.9, 1027.2, 1106.1, 1191.0, 1282.5, 1381.0, 1487.1, 1601.3, 1724.3, 1856.7, 1999.3, 2152.8, 2318.2, 2496.2
Calculations assume organic aerosol refractive index of 1.52+0.00j and extinction wavelength = 532 nm
REVISION: R0
R0: Final data
Time_Start, Time_Stop, Time_Mid, Press_mb, Temp_C, Aerosol_concentration, Surface_Area_Conc, Volume_density, Effective_radius, Extinction, Bin01, Bin02, Bin03, Bin04, Bin05, Bin06, Bin07, Bin08, Bin09, Bin10, Bin11, Bin12, Bin13, Bin14, Bin15, Bin16, Bin17, Bin18, Bin19, Bin20, Bin21, Bin22, Bin23, Bin24, Bin25, Bin26, Bin27, Bin28, Bin29, Bin30, Bin31, Bin32, Bin33, Bin34, Bin35, Bin36
[from data line 434]
26040,26099,26070,869.302,31.173,108.932,15.749,1.231,0.214,0.005,17.576097,14.219441,11.798669,10.600598,8.277610,6.799588,5.585186,4.706792,3.834950,3.577161,3.013784,3.063434,2.826798,2.468862,1.665052,5.612391,1.753500,0.520810,0.509613,0.094594,0.082909,0.066211,0.049774,0.016760,0.022212,0.016932,0.022244,0.011223,0.033600,0.011261,0.022410,0.021880,0.005612,0.016467,0.005556,0.022162
26100,26159,26130,869.253,31.222,105.841,14.836,1.032,0.193,0.004,16.781261,13.867480,11.670160,9.660643,8.163285,7.043644,5.689748,4.743879,4.291199,3.462958,2.754272,2.651865,2.361840,2.414874,1.936781,5.354115,1.611403,0.544594,0.349650,0.072206,0.105187,0.049676,0.055687,0.055392,0.005708,0.016873,0.022094,0.016689,0.011058,0.016271,0.016332,0.005593,0.000000,0.011005,0.005688,0.022298
26160,26219,26190,869.244,31.375,90.331,13.288,1.077,0.213,0.004,14.107677,12.018001,9.995750,8.530309,6.975890,5.647065,4.638439,3.970059,3.250436,2.827846,2.736558,2.484994,2.173063,2.075161,1.556170,4.675558,1.543308,0.420467,0.272215,0.066313,0.044290,0.033343,0.050083,0.033274,0.033226,0.011242,0.005537,0.005556,0.005556,0.027654,0.038608,0.005519,0.033113,0.016506,0.011056,0.011223
26220,26279,26250,869.291,31.581,89.657,12.604,0.867,0.192,0.003,14.647353,11.797838,9.750502,8.003504,6.718619,5.444981,4.740058,4.016239,3.338480,2.855445,2.574860,2.351937,2.291673,2.001310,1.624641,4.867566,1.495988,0.479523,0.299522,0.061207,0.066675,0.028082,0.000000,0.038882,0.033446,0.011043,0.011280,0.005308,0.016895,0.022284,0.016723,0.011186,0.011093,0.016840,0.005650,0.000000
26280,26339,26310,869.308,31.668,89.415,12.977,0.955,0.202,0.004,14.475179,11.591655,9.725541,8.206618,6.657055,5.240348,4.446166,4.122238,3.190036,3.058158,2.491421,2.518041,2.273418,1.964183,1.732509,4.928782,1.559566,0.471801,0.282597,0.066431,0.099488,0.043680,0.049413,0.038513,0.022149,0.027384,0.016221,0.027544,0.010983,0.011189,0.016799,0.016741,0.010869,0.010984,0.005688,0.005631
26340,26399,26370,869.297,31.701,90.871,13.283,1.015,0.213,0.004,14.354404,11.749542,10.147761,8.260398,6.994826,5.805377,4.756311,4.253294,3.385822,2.810879,2.485751,2.510116,2.112821,2.059001,1.530228,4.850843,1.481937,0.521341,0.344648,0.055669,0.088806,0.027632,0.022312,0.028233,0.022232,0.028233,0.022317,0.022450,0.022106,0.044386,0.032703,0.016415,0.005501,0.000000,0.011041,0.005593
26400,26459,26430,869.287,31.610,90.042,13.073,0.994,0.210,0.004,14.314177,12.009008,9.553018,8.620162,6.887630,5.602262,4.755455,3.642139,3.191173,2.802698,2.691620,2.496773,2.319848,2.056443,1.594842,4.678041,1.605502,0.450957,0.323769,0.061213,0.088862,0.039230,0.022323,0.016685,0.022620,0.028138,0.033577,0.022432,0.027308,0.022506,0.016931,0.016644,0.000000,0.005612,0.011095,0.011077
26460,26519,26490,869.289,31.440,85.763,12.008,0.766,0.181,0.003,13.712108,10.963043,9.152462,7.736630,6.579641,5.230607,4.339739,3.888268,3.305776,2.947859,2.443480,2.224616,2.256855,2.129769,1.537476,4.776740,1.442559,0.483231,0.277432,0.044541,0.039197,0.039399,0.027863,0.016798,0.022451,0.022177,0.005574,0.033733,0.033235,0.016503,0.010984,0.011130,0.010968,0.000000,0.000000,0.000000
26520,26579,26550,869.295,31.364,86.951,12.441,0.907,0.195,0.003,13.885992,11.937214,9.062462,7.857491,6.589985,5.177335,4.300390,4.037203,3.401619,2.729240,2.725291,2.560210,2.036180,2.149441,1.504574,4.459782,1.360563,0.447167,0.348591,0.082543,0.038513,0.032679,0.010990,0.027540,0.016383,0.022223,0.016596,0.022229,0.022488,0.027385,0.022244,0.011076,0.011056,0.000000,0.005464,0.011167
26580,26639,26610,869.302,31.345,88.389,12.488,0.822,0.185,0.003,14.971599,11.535733,9.630237,7.975348,6.688825,5.320214,4.634773,3.941323,3.097871,2.640255,2.515637,2.218389,2.073300,2.050400,1.592592,4.594370,1.753096,0.531720,0.237566,0.055131,0.066253,0.027675,0.021953,0.022208,0.061331,0.016449,0.016341,0.016341,0.005411,0.011076,0.049533,0.000000,0.005556,0.000000,0.000000,0.010965
26640,26699,26670,869.316,31.297,89.532,12.961,0.960,0.205,0.004,14.480753,11.905615,9.716570,8.172213,6.652690,5.512567,4.591453,3.986095,3.347234,2.720844,2.581252,2.410375,2.316257,2.105255,1.471839,4.845438,1.533825,0.425675,0.308708,0.038972,0.077834,0.021884,0.038135,0.055116,0.027741,0.027562,0.021671,0.033294,0.022170,0.011246,0.032997,0.016933,0.005537,0.011111,0.000000,0.005556
26700,26759,26730,869.308,31.310,86.563,12.887,1.058,0.220,0.004,13.848186,11.374354,9.309684,7.779009,7.072764,5.114723,4.337621,3.644717,3.225898,2.923872,2.424223,2.545505,2.151968,1.794775,1.479097,4.902802,1.466696,0.451114,0.243651,0.089493,0.094386,0.044429,0.027584,0.033373,0.011021,0.005556,0.021891,0.016451,0.011212,0.033307,0.016489,0.005574,0.011205,0.010983,0.016650,0.022301
26760,26819,26790,869.302,31.271,85.746,12.219,0.899,0.198,0.003,13.653737,10.856659,9.357679,8.022781,6.817780,5.306805,4.622430,3.874412,3.139961,2.697892,2.561231,2.285410,2.045225,1.993880,1.492801,4.590398,1.348009,0.467803,0.246866,0.060872,0.049504,0.027739,0.033356,0.016395,0.022188,0.022040,0.011168,0.005429,0.021988,0.016522,0.033507,0.011093,0.000000,0.021851,0.005574,0.005447
26820,26879,26850,869.326,31.267,87.229,12.950,1.064,0.223,0.004,13.823928,11.616744,9.387858,7.861051,6.880276,5.586193,4.368110,3.930797,3.380115,2.619236,2.513686,2.158910,2.016744,2.021459,1.527382,4.734473,1.549700,0.458743,0.266486,0.100013,0.100354,0.038530,0.082824,0.027719,0.011076,0.016559,0.011207,0.011022,0.005447,0.027567,0.033492,0.022170,0.011026,0.005612,0.005612,0.016742
26880,26939,26910,869.314,31.216,88.296,12.537,0.876,0.194,0.004,14.122038,11.456476,9.688983,7.776872,6.679083,5.704449,4.709824,3.648535,3.241219,3.083796,2.542877,2.265774,2.219850,2.142690,1.599943,4.859446,1.469481,0.380274,0.301732,0.072946,0.078485,0.027862,0.028069,0.027878,0.033447,0.016579,0.000000,0.011377,0.016874,0.010950,0.033482,0.011360,0.022029,0.005482,0.005631,0.000000
26940,26999,26970,869.293,31.321,88.512,13.098,1.073,0.219,0.004,14.338580,11.626350,9.566269,8.227187,6.949932,5.384635,4.784431,3.655703,3.159103,2.663285,2.705615,2.279811,2.157359,1.974687,1.503064,4.797754,1.566000,0.377555,0.361721,0.049980,0.066733,0.050086,0.060997,0.022004,0.016539,0.010788,0.022316,0.016654,0.011153,0.005807,0.038835,0.005501,0.005429,0.005482,0.016938,0.028002
27000,27059,27030,869.291,31.543,83.357,11.943,0.890,0.207,0.003,13.209698,10.776791,9.205059,7.754457,6.617424,5.223494,4.389300,3.480913,3.178080,2.541979,2.638802,2.369228,1.840587,1.855455,1.434199,4.551604,1.295794,0.329166,0.235508,0.027941,0.094886,0.067333,0.022278,0.022509,0.016673,0.027619,0.016856,0.027627,0.011141,0.033256,0.027446,0.016873,0.000000,0.005556,0.005593,0.005411
27060,27119,27090,869.281,31.563,83.407,12.010,0.943,0.211,0.003,13.388888,11.156817,8.838881,7.404633,6.331097,5.240347,4.297084,3.819313,3.302943,2.746345,2.237304,2.187671,1.962529,2.065200,1.566412,4.440928,1.373966,0.367775,0.311907,0.072370,0.044263,0.005537,0.039039,0.022396,0.039209,0.016413,0.005308,0.022359,0.011074,0.005747,0.027673,0.022026,0.011186,0.005669,0.000000,0.016913
27120,27179,27150,869.302,31.521,84.980,11.868,0.849,0.191,0.003,13.801470,11.159042,9.025364,8.273669,6.420019,5.343312,4.525190,3.849084,3.061490,2.822801,2.253773,2.263567,2.171385,1.795097,1.356917,4.423294,1.394848,0.410365,0.250619,0.072419,0.089516,0.027336,0.022429,0.016471,0.022279,0.011223,0.016874,0.016649,0.021633,0.005593,0.011093,0.016854,0.011281,0.000000,0.005556,0.011149
27180,27239,27210,869.302,31.435,83.898,12.246,1.006,0.224,0.003,13.200704,11.044177,8.970793,8.073309,6.659778,4.850592,4.247694,3.691367,3.446111,2.769151,2.623010,2.233842,2.044326,1.965409,1.319186,4.297867,1.273810,0.544033,0.242912,0.027511,0.066593,0.039151,0.010966,0.022298,0.044466,0.033004,0.016649,0.033188,0.016874,0.005574,0.022155,0.027892,0.005612,0.005519,0.016855,0.005501
27240,27299,27270,869.321,31.539,83.280,12.011,0.901,0.203,0.003,13.218222,10.854821,8.650350,7.848300,6.509342,5.142563,4.732258,3.448049,3.048421,2.847169,2.305479,2.232971,2.113857,1.786446,1.489931,4.611550,1.356734,0.433232,0.255533,0.077759,0.033377,0.055482,0.033337,0.016650,0.038753,0.016632,0.005593,0.027892,0.005631,0.005593,0.027805,0.011075,0.011205,0.011149,0.005612,0.011205
27300,27359,27330,869.337,31.479,84.298,12.127,0.899,0.202,0.003,13.157863,11.379560,8.798617,7.473910,6.480700,5.475599,4.766840,3.791821,3.041486,2.832916,2.399564,2.218714,2.031034,1.919729,1.597414,4.487073,1.340088,0.478017,0.283869,0.066923,0.022159,0.038405,0.022160,0.005688,0.038296,0.005727,0.016934,0.000000,0.016451,0.038998,0.022153,0.005650,0.027439,0.000000,0.005429,0.011189
27360,27419,27390,869.341,31.405,86.118,12.651,0.940,0.198,0.004,13.340912,11.066960,9.230202,7.871667,6.464904,5.445127,4.175518,3.871564,3.359824,2.977514,2.439703,2.234767,2.441586,2.011512,1.684761,4.821225,1.421695,0.534716,0.278075,0.071987,0.089462,0.061681,0.027566,0.011187,0.033447,0.038881,0.005537,0.005650,0.011190,0.022395,0.011056,0.005556,0.022322,0.011242,0.000000,0.016933
27420,27479,27450,869.334,31.384,82.758,11.395,0.727,0.179,0.003,13.081780,10.905250,8.863846,7.553041,6.225814,5.315403,4.144714,3.630359,3.225408,2.739682,2.470601,2.274743,2.101006,1.786265,1.481845,4.520698,1.468906,0.491763,0.210637,0.022062,0.022048,0.033472,0.044071,0.033470,0.022391,0.011186,0.005519,0.005612,0.000000,0.005556,0.032991,0.011130,0.005447,0.005650,0.005376,0.000000
27480,27539,27510,869.351,31.299,85.888,12.100,0.798,0.185,0.003,13.697198,11.154775,9.349669,7.582559,6.651944,5.800502,3.986185,3.759602,2.995888,2.889376,2.746996,2.288686,2.358662,1.917574,1.654573,4.579958,1.345567,0.445572,0.299734,0.033539,0.071558,0.050354,0.044495,0.033355,0.022243,0.016435,0.027910,0.005556,0.011075,0.021864,0.022098,0.005464,0.000000,0.005574,0.005828,0.005631
27540,27599,27570,869.358,31.247,87.239,13.423,1.182,0.242,0.004,13.782480,11.324293,9.282615,7.803211,6.754891,5.481179,4.583120,3.933874,3.280365,2.853533,2.383503,2.409621,2.248049,2.015248,1.531429,4.788495,1.404200,0.484315,0.311696,0.083312,0.083682,0.066529,0.066933,0.044506,0.022005,0.016741,0.050395,0.011186,0.022081,0.005556,0.038443,0.021826,0.005631,0.011093,0.016690,0.016608
27600,27659,27630,869.333,31.373,85.469,13.129,1.237,0.254,0.004,13.548288,11.433503,9.293857,8.009595,6.583416,5.228203,4.165074,3.698390,3.367152,2.760957,2.421773,2.170694,1.865611,1.898468,1.483509,4.797992,1.520846,0.460137,0.271998,0.050376,0.066712,0.039041,0.055820,0.016632,0.022098,0.022281,0.033263,0.000000,0.016854,0.027650,0.066579,0.038895,0.005519,0.000000,0.005612,0.022205
27660,27719,27690,869.336,31.642,85.223,12.075,0.855,0.197,0.003,13.658209,11.242690,9.716668,7.432013,6.518871,5.537880,4.006488,3.526651,3.087331,2.798208,2.583508,2.302489,2.160974,1.838088,1.496067,4.695583,1.491086,0.494332,0.262944,0.072240,0.055527,0.033116,0.039092,0.022280,0.027724,0.011093,0.005650,0.011186,0.011095,0.022438,0.027818,0.016951,0.005501,0.000000,0.000000,0.011112
27720,27779,27750,869.321,31.728,85.046,12.162,0.954,0.212,0.003,13.627073,11.582170,9.136657,7.776225,6.619583,5.132036,4.566557,3.546916,3.094150,2.719479,2.221038,2.542530,1.970088,1.989886,1.516161,4.520724,1.389929,0.421788,0.310903,0.066508,0.050452,0.022189,0.033023,0.016799,0.016530,0.022195,0.005556,0.005537,0.016914,0.033614,0.022262,0.027878,0.000000,0.005669,0.005631,0.011021
27780,27839,27810,869.322,31.737,82.735,11.941,0.901,0.210,0.003,12.897311,10.621523,8.799148,7.603186,6.270468,5.154936,4.270809,3.601610,3.420130,2.660624,2.389252,2.228353,2.267334,1.884935,1.550718,4.715502,1.446265,0.387406,0.233428,0.049955,0.033583,0.027399,0.016612,0.011151,0.027703,0.022318,0.011042,0.000000,0.027399,0.038827,0.022280,0.016414,0.010913,0.000000,0.011096,0.005574
27840,27899,27870,869.346,31.679,79.763,11.836,0.978,0.218,0.003,12.255304,10.265738,8.606264,6.920189,6.487756,4.885847,4.182827,3.495701,2.999580,2.580254,2.268164,2.067565,2.079605,1.815110,1.651080,4.631014,1.457140,0.428572,0.315500,0.066382,0.077457,0.022006,0.044303,0.033377,0.000000,0.016273,0.000000,0.000000,0.005394,0.021737,0.011113,0.021897,0.005593,0.016310,0.011227,0.016557
27900,27959,27930,869.376,31.607,80.338,11.350,0.794,0.190,0.003,12.940072,10.801126,8.732005,7.108116,5.961647,4.909809,4.174915,3.288620,3.022221,2.696941,2.463388,2.352992,1.883550,1.913572,1.549497,4.304801,1.272819,0.377042,0.278588,0.033710,0.055803,0.016526,0.011223,0.027694,0.016799,0.016875,0.011007,0.039026,0.011223,0.005519,0.022448,0.005482,0.010967,0.011224,0.005593,0.005482
27960,28019,27990,869.362,31.455,81.659,11.823,0.898,0.208,0.003,13.219066,10.877267,8.266013,7.584626,6.312788,5.203422,4.136645,3.408538,3.094079,2.650120,2.189152,2.123241,2.110224,1.925950,1.476264,4.539836,1.452519,0.533381,0.199492,0.061696,0.049918,0.028175,0.027984,0.016760,0.005631,0.005556,0.027798,0.033085,0.010967,0.005593,0.033615,0.016470,0.011111,0.005556,0.016567,0.000000
28020,28079,28050,869.382,31.345,80.786,11.731,0.952,0.214,0.003,12.863039,10.679654,8.839481,7.714393,5.961619,4.681592,4.031550,3.456320,3.058237,2.701453,2.183455,2.228042,1.953243,1.932899,1.527744,4.492668,1.463607,0.421729,0.284446,0.050046,0.027873,0.016800,0.022372,0.022279,0.016649,0.011205,0.022134,0.016835,0.000000,0.016414,0.016704,0.027834,0.016522,0.016607,0.005519,0.005482
28080,28139,28110,869.384,31.287,81.557,11.527,0.827,0.195,0.003,12.602969,10.590846,8.626936,7.600200,6.203628,5.412194,4.434060,3.526713,3.021067,2.588374,2.349992,2.279800,2.067582,1.866930,1.360490,4.449882,1.534405,0.528690,0.255815,0.055847,0.027526,0.016707,0.011224,0.005411,0.005376,0.010840,0.000000,0.022434,0.027837,0.017047,0.011319,0.016648,0.011281,0.005447,0.000000,0.011242
28140,28199,28170,869.397,31.299,80.478,11.720,0.925,0.207,0.003,12.763516,10.755151,8.814925,7.224048,5.908381,5.219988,4.113791,3.249178,3.129409,2.492084,2.435951,1.980120,2.027005,1.724689,1.604781,4.467264,1.501378,0.417239,0.260978,0.077241,0.032919,0.066767,0.033139,0.000000,0.033299,0.033431,0.016821,0.005593,0.005519,0.005342,0.021991,0.022214,0.011204,0.000000,0.005556,0.017009
28200,28259,28230,869.401,31.255,80.229,11.221,0.708,0.179,0.003,12.787442,10.550670,8.663106,7.475868,5.965127,4.885208,4.060780,3.288444,3.223995,2.656116,2.410143,2.044090,2.047182,1.706916,1.463096,4.459455,1.514814,0.433878,0.260547,0.049506,0.055672,0.021871,0.028011,0.011167,0.044365,0.022287,0.033037,0.000000,0.022190,0.011244,0.011112,0.010933,0.010990,0.000000,0.000000,0.000000
28260,28319,28290,869.430,31.186,80.398,11.907,1.004,0.228,0.003,12.705315,10.437822,9.101357,7.163243,6.175834,4.723057,4.121937,3.431233,3.041918,2.845381,2.181963,2.259145,1.933118,1.890280,1.399487,4.493227,1.457111,0.405570,0.221338,0.049641,0.055219,0.044393,0.049901,0.021968,0.005376,0.027706,0.033248,0.016429,0.011417,0.005612,0.016705,0.027723,0.016436,0.005376,0.011223,0.011130
28320,28379,28350,869.414,31.232,79.877,11.957,0.975,0.213,0.003,12.246012,10.363501,8.817513,7.348237,5.932451,5.106233,4.063526,3.470741,2.965508,2.721702,2.368752,2.281004,1.805337,1.807843,1.325188,4.661105,1.432672,0.507017,0.289951,0.072623,0.038985,0.027978,0.022467,0.005631,0.016635,0.027413,0.033417,0.016505,0.016817,0.005556,0.005669,0.005537,0.028119,0.011056,0.000000,0.028174
28380,28439,28410,869.447,31.418,79.538,11.451,0.784,0.191,0.003,12.452970,10.447951,8.706539,7.385372,5.945408,4.901114,3.951458,3.566961,3.004973,2.460283,2.239608,2.163520,1.917667,1.900010,1.432650,4.412392,1.515273,0.511688,0.311263,0.033447,0.044036,0.016877,0.027542,0.016761,0.039151,0.027984,0.027430,0.011225,0.005556,0.011026,0.016917,0.000000,0.010948,0.005631,0.005556,0.011186
