CampaignData_and_Merges/R0/CSL_MobileLab_Parked/raw/20240817/USOS-Picarro-CO2-CH4-CO-H2O_MobileLabGround_20240817_R0.ict
38, 1001
Ilana Pollack, Nell Schafer, and Jeff Peischl
NOAA Chemical Sciences Laboratory
Picarro 2401-m CO2/CH4/CO/H2O Analyzer
USOS
1, 1
2024, 08, 17, 2024, 11, 20
0
StartTime_UTC, seconds_past_midnight, seconds past midnight
5
1, 1, 1, 1, 1
-9999, -9999, -9999, -9999, -9999
StopTime_UTC, seconds_past_midnight, seconds past midnight
CO2_ppm_1min, ppm, Gas_CO2_InSitu_S_DMF, carbon dioxide mixing ratio
CH4_ppb_1min, ppb, Gas_CH4_InSitu_S_DMF, methane mixing ratio
CO_ppb_1min, ppb, Gas_CO_InSitu_S_DMF, carbon monoxide mixing ratio
H2O_ppmv_1min, ppmv, Met_H2OMRV_InSitu_S_AVMR, water vapor mixing ratio
1
SPECIAL COMMENTS: N/A
18
PI_CONTACT_INFO: Address: NOAA Chemical Sciences Laboratory, Mail Stop CSL7, 325 Broadway, Boulder, CO 80305; Email: Ilana.Pollack@noaa.gov
PLATFORM: NOAA CSL Mobile Laboratory
LOCATION: The mobile lab was stationed in Salt Lake City, Utah.
ASSOCIATED_DATA: N/A
INSTRUMENT_INFO: CO2, CH4, and CO are reported as dry air mole fractions using a commercial wavelength-scanned cavity ring-down analyzer (Picarro 2401-m). An in-field calibration gas standard of 432±0.07 ppm CO2, 2095±1 ppb CH4, and 183±1 ppb CO, calibrated in the Boulder laboratories before and after the field project using primary CO2, CH4, and CO standard tanks tied to the WMO standard (X2019, X2004A, and X2014A, respectively) from the Global Monitoring Laboratory (GML), was delivered to the inlet every 2-3 days to evaluate instrument sensitivity. A H2O measurement was calibrated before the project with a Dew Point Mirror 373 hygrometer. The water correction calculated from these calibrations was applied to the H2O measurement for the entire campaign. Species are measured at 0.5 Hz and reported as 1-minute averages for stationary measurements.
DATA_INFO: Units: CO2, ppm, dry air mole fraction; CH4, ppb, dry air mole fraction; CO, ppb, dry air mole fraction; H2O, ppmv
UNCERTAINTY: Total uncertainties are estimated as ±0.1 ppm for CO2, ±1 ppb for CH4, ±5 ppb for CO, and ±(50 ppm + 4%) for H2O.
ULOD_FLAG: -7777
ULOD_VALUE: N/A
LLOD_FLAG: -8888
LLOD_VALUE: N/A
DM_CONTACT_INFO: Data Manager: Nathan Howard; nathan.h.howard@noaa.gov
PROJECT_INFO: USOS Dates of Study: July – August 2024
STIPULATIONS_ON_USE: Use of these data require prior ok from PI.
OTHER_COMMENTS: Data are averaged to 1 minute intervals. Stationary data collected from a 10 ft tower on top of the mobile van.
REVISION: R0
R0: Final Data
StartTime_UTC, StopTime_UTC, CO2_ppm_1min, CH4_ppb_1min, CO_ppb_1min, H2O_ppmv_1min
[from data line 429]
25740,25800,458.99,1992.4,201.8,7977.4771
25800,25860,462.34,1996.5,202.6,8250.3418
25860,25920,461.36,2001.5,193.7,8321.1201
25920,25980,455.92,1987.1,188.8,7753.6431
25980,26040,451.54,1977.1,175.0,7283.7593
26040,26100,445.81,1977.5,155.2,6781.2769
26100,26160,449.31,1998.0,158.8,7063.8877
26160,26220,453.60,1994.9,175.1,7258.4258
26220,26280,447.57,1978.1,158.6,6932.4897
26280,26340,444.74,1974.3,149.1,6758.1260
26340,26400,448.41,1976.8,155.0,6888.6270
26400,26460,451.13,1978.8,156.9,6933.9746
26460,26520,454.96,1981.9,162.5,7255.0493
26520,26580,448.96,1981.7,152.1,7192.4688
26580,26640,447.91,1979.5,147.8,7113.3135
26640,26700,450.75,1987.5,146.3,7460.2124
26700,26760,451.04,1986.6,150.2,7425.4727
26760,26820,447.71,1978.9,143.6,7068.7822
26820,26880,447.22,1978.0,170.2,6903.7002
26880,26940,447.56,1976.8,140.4,6954.5112
26940,27000,454.64,1981.6,245.4,7455.3462
27000,27060,453.16,1979.3,194.5,7424.5723
27060,27120,449.93,1981.8,144.7,7124.9829
27120,27180,453.57,1990.0,152.4,7318.6606
27180,27240,454.01,1991.1,162.0,7266.3174
27240,27300,442.87,1970.7,134.3,6755.2148
27300,27360,461.63,1997.8,177.8,7645.3779
27360,27420,455.38,1986.5,175.9,7376.8765
27420,27480,448.19,1976.0,161.9,6973.7891
27480,27540,446.24,1971.6,156.9,6815.1382
27540,27600,446.04,1971.4,154.8,6826.2495
27600,27660,443.86,1971.9,136.4,6837.8457
27660,27720,440.78,1974.7,126.1,6622.4272
27720,27780,441.33,1970.7,129.3,6618.7261
27780,27840,441.97,1968.8,139.4,6623.3750
27840,27900,439.78,1965.8,129.0,6515.9038
27900,27960,443.61,1968.5,140.6,6646.5928
27960,28020,444.39,1972.0,137.0,6672.5239
28020,28080,444.15,1971.1,134.8,6690.8813
28080,28140,443.51,1970.4,146.8,6678.6230
28140,28200,442.64,1969.1,141.5,6643.7651
28200,28260,443.87,1970.0,132.6,6664.9663
28260,28320,444.60,1971.4,129.8,6697.5835
28320,28380,441.30,1972.7,123.4,6606.3979
28380,28440,442.74,1971.1,126.4,6647.1875
28440,28500,441.94,1969.2,124.7,6658.8262
28500,28560,440.11,1969.2,123.3,6673.0044
28560,28620,439.49,1967.7,124.6,6660.8813
28620,28680,440.19,1966.4,124.0,6670.8057
28680,28740,438.78,1965.2,123.2,6575.0342
28740,28800,439.01,1965.7,119.7,6661.2915
28800,28860,438.09,1967.0,122.1,6693.3257
28860,28920,439.28,1974.9,123.8,6729.1128
28920,28980,440.60,1971.7,127.7,6767.7305
28980,29040,438.34,1966.9,126.7,6667.5898
29040,29100,439.94,1968.6,128.7,6760.9941
29100,29160,439.23,1967.6,133.3,6746.4678
29160,29220,438.99,1967.1,133.3,6717.1895
29220,29280,439.97,1967.5,135.5,6735.0278
29280,29340,442.39,1968.1,153.1,6806.5508
29340,29400,445.56,1969.3,152.5,6955.5933
29400,29460,446.30,1970.1,155.0,7041.9946
29460,29520,446.51,1971.3,151.1,7087.5977
29520,29580,449.25,1975.1,145.8,7309.3071
29580,29640,447.22,1981.3,143.6,7229.4863
29640,29700,445.52,1979.6,142.4,7102.5156
29700,29760,446.85,1984.6,140.2,7224.9326
29760,29820,452.75,2010.2,135.4,7775.1665
29820,29880,448.61,1990.7,141.2,7415.9805
29880,29940,448.01,1985.2,143.5,7328.3750
29940,30000,448.31,1979.4,152.8,7269.1323
30000,30060,453.09,1980.4,152.0,7444.8027
30060,30120,450.63,1980.7,149.1,7398.7261
30120,30180,451.04,1984.1,147.0,7496.2217
30180,30240,453.38,1988.3,147.4,7639.9131
30240,30300,448.59,1981.6,146.6,7357.6855
30300,30360,448.30,1981.3,146.2,7366.5840
30360,30420,447.67,1979.6,143.3,7324.9717
30420,30480,446.76,1978.5,141.1,7289.9761
30480,30540,447.38,1981.1,144.6,7370.9502
30540,30600,449.41,1981.8,146.4,7502.4409
30600,30660,449.86,1981.0,146.1,7539.5503
30660,30720,446.00,1981.6,134.5,7387.5347
30720,30780,443.54,1980.2,133.0,7295.8979
30780,30840,445.73,1982.5,130.5,7425.9985
30840,30900,447.25,1981.7,130.8,7481.7734
30900,30960,446.38,1979.7,131.0,7474.6343
30960,31020,444.00,1977.3,130.1,7411.3999
31020,31080,445.11,1977.6,125.8,7570.9248
31080,31140,448.93,1986.3,125.9,7763.1455
31140,31200,445.51,1984.7,125.2,7533.2104
31200,31260,444.13,1978.4,126.7,7463.1543
31260,31320,444.50,1977.8,125.5,7475.5879
31320,31380,445.22,1978.9,124.9,7478.3394
31380,31440,445.92,1980.3,131.1,7588.4482
31440,31500,446.27,1981.5,152.0,7601.9668
31500,31560,446.23,1984.5,155.1,7581.0430
31560,31620,445.98,1979.6,121.5,7594.7075
31620,31680,444.39,1979.2,120.4,7513.9976
31680,31740,445.19,1982.3,120.9,7583.5083
31740,31800,444.22,1980.9,121.5,7493.7222
31800,31860,444.36,1981.5,121.1,7515.0522
31860,31920,443.34,1982.3,121.9,7448.2598
31920,31980,445.71,1983.5,122.1,7555.5029
31980,32040,445.72,1978.1,125.5,7552.1045
32040,32100,442.53,1976.2,116.0,7442.3970
32100,32160,443.84,1979.0,117.1,7522.1216
32160,32220,443.94,1978.3,117.1,7517.2183
32220,32280,443.61,1974.6,114.6,7456.5859
32280,32340,445.56,1979.3,118.9,7584.6060
32340,32400,443.45,1976.3,121.7,7448.4551
32400,32460,444.02,1978.8,118.2,7492.5337
32460,32520,444.05,1976.0,115.4,7482.5806
32520,32580,442.93,1974.8,119.7,7463.6152
32580,32640,440.96,1973.1,115.3,7411.7729
32640,32700,441.95,1974.4,117.5,7461.7686
32700,32760,442.64,1980.4,116.2,7532.1924
32760,32820,442.49,1977.4,115.2,7525.7441
32820,32880,443.75,1983.2,117.7,7592.7227
32880,32940,443.19,1975.8,120.7,7559.2065
32940,33000,441.70,1976.2,124.2,7520.9893
33000,33060,441.82,1975.9,124.1,7567.9468
33060,33120,442.46,1976.6,156.0,7600.9106
33120,33180,443.81,1979.1,141.8,7689.9404
33180,33240,442.29,1977.4,125.8,7657.6338
33240,33300,443.11,1978.8,127.2,7731.2354
33300,33360,443.56,1978.8,130.7,7786.1426
33360,33420,444.06,1980.4,131.5,7784.2061
33420,33480,442.09,1978.2,132.8,7772.1113
33480,33540,442.77,1980.5,133.8,7803.5918
33540,33600,443.15,1983.1,135.4,7823.8384
33600,33660,443.35,1982.6,149.7,7839.9976
33660,33720,443.44,1981.6,147.5,7853.0757
33720,33780,443.68,1980.7,142.1,7877.2920
33780,33840,442.28,1980.0,132.5,7855.2720
33840,33900,443.97,1981.5,133.2,7942.2954
33900,33960,443.00,1984.5,130.4,7949.4590
33960,34020,443.27,1987.3,128.2,7978.5942
34020,34080,442.45,1984.1,124.7,7958.6660
34080,34140,444.85,1983.0,129.5,8054.2939
34140,34200,444.45,1983.8,126.9,8088.3477
34200,34260,443.13,1982.4,122.1,7999.3936
34260,34320,445.25,1983.5,124.3,8069.5146
34320,34380,444.43,1986.3,124.1,8094.7949
34380,34440,444.97,1984.3,174.4,8126.2324
34440,34500,445.22,1984.6,234.3,8152.8838
34500,34560,444.95,1987.1,772.7,8140.4722
34560,34620,444.59,1983.9,176.3,8202.6201
34620,34680,444.40,1984.5,127.4,8216.9238
34680,34740,444.73,1987.1,126.3,8251.9170
34740,34800,446.47,1986.9,126.4,8342.4688
34800,34860,447.71,1987.6,125.8,8446.5557
34860,34920,446.81,1987.4,126.0,8406.6416
34920,34980,447.01,1987.3,125.0,8417.4463
34980,35040,447.36,1989.1,124.3,8484.1094
35040,35100,448.39,1991.7,124.9,8581.5742
35100,35160,449.11,1993.5,123.4,8652.5352
35160,35220,451.47,1996.6,126.8,8773.0908
35220,35280,455.65,2001.0,129.5,8998.6494
35280,35340,453.85,1999.7,127.8,8904.4424
35340,35400,453.15,2000.9,127.4,8853.4121
35400,35460,452.61,2000.9,127.7,8847.2695
35460,35520,457.68,2016.6,126.5,9185.4248
35520,35580,458.60,2024.6,128.6,9246.3379
35580,35640,458.81,2030.4,126.8,9289.1826
35640,35700,460.36,2028.2,126.8,9412.3770
35700,35760,457.29,2021.4,128.3,9140.7148
35760,35820,465.68,2036.5,133.3,9588.0059
35820,35880,464.75,2037.0,130.8,9595.7334
35880,35940,462.56,2029.0,127.0,9519.2021
35940,36000,459.14,2020.8,126.7,9284.6504
36000,36060,464.51,2030.9,125.9,9681.8320
36060,36120,464.16,2030.7,125.0,9600.2061
36120,36180,462.88,2026.6,126.6,9535.0469
36180,36240,464.14,2025.9,130.9,9502.1748
36240,36300,465.16,2027.4,131.1,9560.5801
36300,36360,466.39,2028.9,130.8,9604.0479
36360,36420,470.98,2035.4,129.4,9885.3408
36420,36480,467.97,2031.6,129.4,9755.6504
36480,36540,470.01,2035.4,129.0,9856.4531
36540,36600,464.89,2029.2,129.9,9640.3193
36600,36660,466.30,2031.5,127.5,9710.9248
36660,36720,469.24,2038.3,126.7,9838.6797
36720,36780,468.93,2038.0,125.4,9946.2402
36780,36840,467.89,2037.4,125.6,9890.5850
36840,36900,471.34,2041.7,129.4,10047.1025
36900,36960,468.95,2040.5,125.6,9944.5127
36960,37020,465.11,2033.2,127.0,9796.4395
37020,37080,463.76,2031.5,124.9,9715.5225
37080,37140,465.15,2033.0,125.3,9842.5352
37140,37200,463.42,2026.2,125.7,9714.6543
37200,37260,465.47,2030.0,125.6,9854.3096
37260,37320,466.31,2029.3,127.3,9890.1924
37320,37380,462.85,2022.7,130.0,9721.1865
37380,37440,464.81,2025.5,132.9,9847.9854
37440,37500,465.05,2025.6,130.4,9878.0156
37500,37560,462.92,2024.6,125.9,9803.4277
37560,37620,462.54,2022.4,123.4,9813.1123
37620,37680,469.16,2026.2,125.2,9883.0908
37680,37740,471.89,2028.9,128.2,10020.4248
37740,37800,461.37,2015.9,123.0,9522.2568
37800,37860,461.42,2015.2,123.1,9534.8896
37860,37920,463.26,2019.5,124.2,9709.7422
37920,37980,461.60,2014.9,122.6,9628.5254
37980,38040,461.14,2008.3,121.7,9307.5449
38040,38100,464.89,2020.5,123.5,9724.2656
38100,38160,468.44,2021.8,123.2,9855.0664
38160,38220,466.80,2022.7,120.2,9992.7559
38220,38280,467.76,2025.9,121.5,10062.0010
38280,38340,476.80,2027.2,122.8,10111.3691
38340,38400,472.10,2027.6,123.8,10059.4795
38400,38460,478.40,2032.8,128.9,10227.8271
38460,38520,475.54,2032.5,127.7,10468.2178
38520,38580,469.33,2029.9,126.6,10154.0801
38580,38640,471.63,2037.8,128.0,10191.2656
38640,38700,470.79,2043.2,131.0,10014.4590
38700,38760,468.52,2045.3,125.5,10151.6240
38760,38820,474.23,2048.0,126.5,10578.3965
38820,38880,474.67,2045.5,125.3,10466.4814
38880,38940,473.95,2043.5,124.5,10378.2207
38940,39000,472.16,2041.3,123.6,10297.8984
39000,39060,469.63,2037.4,120.0,10163.3438
39060,39120,495.92,2038.8,122.4,10391.2178
39120,39180,478.07,2035.2,123.2,10020.5938
39180,39240,480.11,2049.5,123.5,10364.4688
39240,39300,474.62,2050.1,126.8,10372.7236
39300,39360,474.09,2049.6,125.7,10384.7773
39360,39420,472.72,2051.9,128.8,10390.0605
39420,39480,472.53,2055.9,128.9,10404.4229
39480,39540,471.95,2053.8,127.3,10347.3242
39540,39600,473.03,2059.4,133.2,10383.8281
39600,39660,474.71,2065.0,153.4,10437.6035
39660,39720,473.57,2066.7,156.9,10397.2783
39720,39780,473.57,2066.6,145.0,10418.9150
39780,39840,473.97,2065.6,142.1,10437.3633
39840,39900,473.07,2068.8,134.9,10415.4268
39900,39960,474.56,2072.9,134.0,10531.2666
39960,40020,473.15,2069.6,133.4,10463.9629
40020,40080,472.71,2068.4,134.5,10411.7764
40080,40140,477.65,2089.5,135.1,10648.1914
40140,40200,478.62,2096.7,136.5,10704.3652
40200,40260,475.21,2084.8,137.8,10556.3145
40260,40320,476.90,2097.7,147.8,10644.4238
40320,40380,477.98,2098.5,150.0,10721.9551
40380,40440,477.96,2100.0,147.6,10795.5039
40440,40500,476.63,2093.9,149.5,10701.8223
40500,40560,476.55,2092.7,150.8,10675.3604
40560,40620,478.58,2097.2,151.2,10792.9424
40620,40680,479.71,2097.6,153.3,10833.4023
40680,40740,478.45,2092.0,150.4,10781.8184
40740,40800,478.39,2087.0,150.4,10756.6377
40800,40860,480.22,2085.1,148.0,10751.7900
40860,40920,479.11,2086.0,150.1,10737.2168
40920,40980,481.72,2079.7,146.3,10809.0693
40980,41040,482.87,2074.3,148.1,10817.1025
41040,41100,483.25,2072.4,146.7,10807.9082
41100,41160,479.64,2063.3,175.6,10683.8154
41160,41220,479.34,2061.9,176.4,10707.5820
41220,41280,481.70,2059.1,160.4,10901.6123
41280,41340,482.50,2058.4,145.5,11041.4063
41340,41400,480.99,2055.5,144.9,10887.9365
41400,41460,478.66,2049.9,134.6,10839.0986
41460,41520,477.41,2048.9,137.8,10829.8047
41520,41580,483.70,2050.3,143.4,10965.8154
41580,41640,481.98,2059.2,149.2,10931.0283
41640,41700,484.29,2048.5,139.6,10945.4756
41700,41760,483.15,2051.9,134.1,10973.6484
41760,41820,482.36,2056.9,140.3,11098.3477
41820,41880,484.06,2057.8,138.4,11094.7988
41880,41940,480.50,2052.3,130.9,10917.0195
41940,42000,478.50,2048.8,129.0,10837.4717
42000,42060,477.85,2052.0,166.9,10814.8965
42060,42120,479.56,2059.5,360.4,10941.0107
42120,42180,477.00,2049.2,176.6,10843.5420
42180,42240,477.61,2047.3,140.6,10831.2471
42240,42300,477.78,2047.9,142.9,10860.5859
42300,42360,478.12,2049.0,148.2,10894.5322
42360,42420,479.02,2051.2,169.4,10946.5566
42420,42480,477.47,2048.8,147.8,10853.7402
42480,42540,478.36,2047.9,154.8,10861.0986
42540,42600,477.80,2048.4,147.3,10866.1465
42600,42660,476.29,2045.9,140.3,10846.2178
42660,42720,478.65,2048.5,144.6,10959.1699
42720,42780,480.88,2048.3,158.2,10904.4063
42780,42840,481.25,2050.7,248.5,10865.7988
42840,42900,478.55,2049.5,226.1,10886.6611
42900,42960,481.01,2049.0,197.2,11040.0645
42960,43020,481.07,2050.0,197.3,10998.5244
43020,43080,481.76,2052.2,204.0,11046.6016
43080,43140,480.06,2049.7,182.3,10971.6162
43140,43200,480.54,2051.7,180.4,10900.5000
43200,43260,482.64,2054.0,190.3,10942.1172
43260,43320,486.71,2056.5,202.3,11222.8643
43320,43380,480.89,2051.5,211.9,11112.5176
43380,43440,478.99,2053.7,203.0,11041.8906
43440,43500,480.42,2052.2,206.6,11170.2871
43500,43560,478.75,2048.3,217.8,11056.1670
43560,43620,478.17,2045.7,189.3,11064.2715
43620,43680,478.98,2045.8,185.5,11187.7188
43680,43740,478.47,2046.0,186.1,11105.2988
43740,43800,476.88,2044.8,157.5,11016.9492
43800,43860,476.48,2039.8,152.3,11149.6934
43860,43920,476.05,2040.2,146.3,11180.8936
43920,43980,475.18,2039.2,148.5,11045.5234
43980,44040,475.22,2040.5,146.6,11039.6152
44040,44100,476.12,2041.6,137.2,11208.0566
44100,44160,479.31,2042.0,140.2,11307.1260
44160,44220,477.18,2045.9,144.4,11272.6035
44220,44280,479.13,2048.5,145.0,11318.2793
44280,44340,475.99,2042.5,147.4,11131.5244
44340,44400,478.08,2045.4,148.6,11269.3418
44400,44460,478.78,2046.4,152.4,11357.8682
44460,44520,478.58,2046.2,149.5,11381.0107
44520,44580,477.86,2044.6,143.0,11304.2227
44580,44640,480.55,2046.4,147.7,11481.3809
44640,44700,479.71,2046.3,149.3,11431.7695
44700,44760,479.50,2045.3,154.2,11326.9404
44760,44820,479.22,2046.0,158.2,11289.3418
44820,44880,477.83,2042.9,156.2,11187.1494
44880,44940,481.66,2046.9,157.5,11343.2734
44940,45000,482.07,2048.9,158.5,11375.1670
45000,45060,482.16,2049.2,159.7,11373.1543
45060,45120,482.86,2049.8,174.9,11348.3213
45120,45180,483.30,2050.4,184.3,11372.3008
45180,45240,481.72,2049.2,183.9,11339.5605
45240,45300,482.14,2050.7,178.8,11392.4043
45300,45360,482.87,2050.8,190.3,11436.0859
45360,45420,484.60,2054.0,171.2,11471.8623
45420,45480,486.39,2057.2,171.5,11590.2891
45480,45540,486.10,2053.8,161.0,11512.6777
45540,45600,482.70,2052.3,161.7,11425.9258
45600,45660,484.75,2057.5,168.3,11557.1035
45660,45720,486.69,2057.5,169.3,11654.0684
45720,45780,484.44,2054.2,178.9,11525.6494
45780,45840,486.94,2057.2,220.4,11553.9160
45840,45900,488.64,2060.3,226.9,11644.3457
45900,45960,483.48,2060.5,203.6,11444.1494
45960,46020,488.86,2066.5,214.8,11710.2334
46020,46080,487.94,2069.8,206.5,11769.8555
46080,46140,481.72,2061.5,187.4,11520.4854
46140,46200,484.60,2065.9,190.1,11629.2158
46200,46260,486.01,2064.3,247.4,11683.5049
46260,46320,488.78,2064.8,233.3,11831.5625
46320,46380,485.58,2059.4,199.0,11765.7119
46380,46440,485.73,2064.1,220.2,11743.6758
46440,46500,483.49,2068.0,212.7,11646.0586
46500,46560,484.76,2070.1,215.4,11731.0303
46560,46620,487.07,2069.6,215.7,11736.8672
46620,46680,491.96,2068.0,215.3,11881.2461
46680,46740,494.33,2065.5,253.2,11930.7783
46740,46800,494.60,2063.4,273.1,11968.8760
46800,46860,491.29,2064.6,233.7,11989.5049
46860,46920,487.17,2063.2,237.8,11889.1816
46920,46980,482.51,2059.3,230.8,11793.0029
46980,47040,491.50,2065.2,257.7,12085.8896
47040,47100,494.45,2068.9,270.9,12285.0693
47100,47160,489.98,2066.3,255.3,12293.7500
47160,47220,486.16,2065.7,215.9,12201.0244
47220,47280,489.24,2066.2,229.8,12186.1660
47280,47340,486.76,2067.3,204.2,12181.5020
47340,47400,480.36,2067.1,186.7,12058.7383
47400,47460,479.60,2067.1,188.4,12051.6240
47460,47520,481.15,2073.4,186.0,12175.5713
47520,47580,479.26,2078.1,187.2,12141.4297
47580,47640,480.90,2079.9,190.5,12226.7334
47640,47700,482.28,2088.6,213.2,12323.1982
47700,47760,487.16,2106.8,221.8,12482.2100
47760,47820,477.79,2119.0,212.8,12347.9619
47820,47880,476.57,2118.7,214.8,12349.8447
47880,47940,477.03,2112.7,210.5,12422.6582
47940,48000,475.82,2115.8,206.9,12420.6572
48000,48060,478.95,2110.2,213.0,12496.4131
48060,48120,479.51,2112.4,220.5,12589.7129
48120,48180,476.11,2123.2,223.3,12470.4688
48180,48240,475.38,2110.2,223.8,12511.7539
48240,48300,474.58,2119.9,223.0,12434.2549
