CampaignData_and_Merges/R0/CSL_MobileLab_Parked/raw/20240817/USOS-MetNav_MobileLabGround_20240817_R0.ict
44, 1001
Carrie Womack, Nate Howard, Mike Zucker
NOAA Chemical Sciences Laboratory
Mobile Lab MetNav Station
USOS
1, 1
2024, 08, 17, 2024, 12, 21
60
Time_Start, seconds_past_midnight, Seconds from midnight UTC
11
1, 1, 1, 1, 1, 1, 1, 1, 1, 1, 1
-9999, -9999, -9999, -9999, -9999, -9999, -9999, -9999, -9999, -9999, -9999
GPS_Alt_m, meters, Altitude from Differential GPS
GPS_Course_deg, degrees, Course from Differential GPS
GPS_GndSpd_m_s, m/s, Ground Speed from Differential GPS
GPS_Heading_deg, degrees, Heading from Differential GPS
GPS_Lat_deg, degrees, Latitude from Differential GPS
GPS_Lon_deg, degrees, Longitude from Differential GPS
AirTemp_C, Celsius, Air Temperature from Airmar
RelHumidity_pct, percent, Relative Humidity from Airmar
Pressure_mb, millibars, Pressure from Honeywell
WindDir_calc_deg, degrees, Wind Direction from Airmar corrected for van movement
WindSpd_calc_m_s, m/s, Wind Speed from Airmar corrected for van movement
1
SPECIAL COMMENTS:
18
PI_CONTACT_INFO: Address: 325 Broadway R/CSL7, Boulder, CO, 80305
PLATFORM: CSL Mobile Lab
LOCATION: Salt Lake City, UT
ASSOCIATED_DATA: N/A
INSTRUMENT_INFO: N/A
DATA_INFO: Units:
UNCERTAINTY: N/A
ULOD_FLAG: -7777
ULOD_VALUE: N/A
LLOD_FLAG: -8888
LLOD_VALUE: N/A
DM_CONTACT_INFO: Data Manager: Nate Howard
PROJECT_INFO: 
STIPULATIONS_ON_USE: Use of these data require prior ok from PI.
OTHER_COMMENTS: 
REVISION: R0
R0: Final data. Fixed bug in wind averaging code. RA: Preliminary Data. For in-field use only. 
Time_Start, GPS_Alt_m, GPS_Course_deg, GPS_GndSpd_m_s, GPS_Heading_deg, GPS_Lat_deg, GPS_Lon_deg, AirTemp_C, RelHumidity_pct, Pressure_mb, WindDir_calc_deg, WindSpd_calc_m_s
[from data line 1364]
81840.0,1307.9,4.31,0.04,4.31,40.73433,-111.87210,25.0,38.8,878.5,109.60,0.5
81900.0,1307.9,5.03,0.04,5.03,40.73433,-111.87210,25.2,39.7,878.5,151.18,0.5
81960.0,1308.0,5.01,0.04,5.01,40.73433,-111.87210,25.4,38.5,878.5,172.46,1.4
82020.0,1307.9,4.77,0.04,4.77,40.73433,-111.87210,25.6,38.8,878.5,175.28,1.9
82080.0,1308.0,4.90,0.05,4.90,40.73433,-111.87210,25.7,38.5,878.5,166.82,1.0
82140.0,1308.1,5.09,0.05,5.09,40.73433,-111.87210,25.7,39.3,878.4,160.87,1.7
82200.0,1308.2,4.81,0.04,4.81,40.73433,-111.87210,25.8,40.5,878.4,153.06,2.1
82260.0,1308.2,4.52,0.05,4.52,40.73433,-111.87210,25.6,38.7,878.3,147.00,2.8
82320.0,1308.2,4.14,0.04,4.14,40.73433,-111.87210,25.4,39.9,878.3,126.06,2.1
82380.0,1308.3,4.33,0.05,4.33,40.73433,-111.87210,25.3,41.2,878.3,136.29,1.9
82440.0,1308.6,4.29,0.05,4.29,40.73433,-111.87210,25.5,41.6,878.3,173.31,1.0
82500.0,1308.5,4.06,0.05,4.06,40.73433,-111.87210,25.6,40.0,878.2,162.53,1.9
82560.0,1308.2,3.83,0.05,3.83,40.73433,-111.87210,25.7,40.1,878.2,178.77,1.7
82620.0,1308.6,3.59,0.07,3.59,40.73433,-111.87210,25.9,40.2,878.2,170.72,1.0
82680.0,1308.5,3.59,0.06,3.59,40.73433,-111.87210,26.1,40.1,878.2,164.20,2.0
82740.0,1308.5,3.59,0.05,3.59,40.73433,-111.87210,26.2,39.8,878.1,188.78,1.5
82800.0,1308.7,3.34,0.05,3.34,40.73433,-111.87210,26.3,39.1,878.1,180.33,1.9
82860.0,1308.7,3.26,0.04,3.26,40.73433,-111.87210,26.4,39.5,878.1,159.99,1.6
82920.0,1308.7,3.58,0.04,3.58,40.73433,-111.87210,26.5,39.3,878.1,153.10,1.7
82980.0,1308.5,4.31,0.05,4.31,40.73433,-111.87210,26.6,39.0,878.1,166.00,1.0
83040.0,1308.2,3.51,0.05,3.51,40.73433,-111.87210,26.8,38.0,878.1,151.53,0.7
83100.0,1308.3,3.72,0.04,3.72,40.73433,-111.87210,27.0,36.9,878.1,133.27,0.9
83160.0,1308.4,3.48,0.05,3.48,40.73433,-111.87210,27.2,36.8,878.0,151.88,0.9
83220.0,1308.2,3.69,0.05,3.69,40.73433,-111.87210,27.4,37.2,878.0,172.54,1.7
83280.0,1307.8,4.04,0.04,4.04,40.73433,-111.87210,27.6,37.1,878.0,169.83,1.7
83340.0,1307.7,3.87,0.05,3.87,40.73434,-111.87210,27.7,37.6,878.0,109.70,0.8
83400.0,1307.4,3.78,0.05,3.78,40.73434,-111.87210,27.7,38.4,878.0,138.81,1.5
83460.0,1307.4,4.11,0.04,4.11,40.73434,-111.87210,27.8,36.7,878.0,169.75,2.0
83520.0,1307.3,4.55,0.04,4.55,40.73434,-111.87210,27.9,37.2,878.0,162.70,1.9
83580.0,1307.5,4.87,0.04,4.87,40.73434,-111.87210,28.1,37.3,878.0,193.11,1.5
83640.0,1307.7,4.39,0.05,4.39,40.73434,-111.87210,28.1,36.3,877.9,180.74,1.5
83700.0,1308.0,4.12,0.05,4.12,40.73434,-111.87210,28.1,37.6,877.9,135.02,1.8
83760.0,1308.0,4.58,0.05,4.58,40.73434,-111.87210,28.2,37.5,877.9,135.22,1.3
83820.0,1308.0,4.26,0.04,4.26,40.73434,-111.87210,28.0,37.0,877.9,115.34,1.8
83880.0,1308.3,4.19,0.04,4.19,40.73434,-111.87211,27.8,35.3,877.9,125.13,2.0
83940.0,1308.4,4.26,0.04,4.26,40.73434,-111.87211,27.8,34.5,877.9,127.93,1.5
84000.0,1308.4,4.31,0.05,4.31,40.73434,-111.87211,27.7,34.8,877.9,102.07,0.7
84060.0,1308.6,4.03,0.05,4.03,40.73434,-111.87211,27.8,34.5,877.9,124.03,1.1
84120.0,1308.3,4.52,0.05,4.52,40.73434,-111.87211,27.9,34.4,877.9,138.91,0.9
84180.0,1308.2,4.74,0.05,4.74,40.73434,-111.87211,28.1,33.7,877.8,169.36,0.8
84240.0,1308.3,4.66,0.05,4.66,40.73434,-111.87211,28.3,33.8,877.8,133.78,0.6
84300.0,1308.4,4.88,0.04,4.88,40.73434,-111.87211,28.4,33.5,877.8,122.98,0.8
84360.0,1308.4,4.98,0.05,4.98,40.73434,-111.87211,28.5,33.4,877.8,159.00,1.8
84420.0,1308.3,4.74,0.04,4.74,40.73434,-111.87211,28.4,33.2,877.8,160.86,1.7
84480.0,1308.3,4.51,0.05,4.51,40.73434,-111.87211,28.6,33.5,877.7,154.83,1.2
84540.0,1308.3,4.09,0.05,4.09,40.73434,-111.87211,28.5,34.0,877.7,167.96,2.0
84600.0,1308.3,4.12,0.05,4.12,40.73434,-111.87211,28.6,33.8,877.7,151.25,1.5
84660.0,-9999.0,-9999.00,-9999.00,-9999.00,-9999.00000,-9999.00000,-9999.0,-9999.0,-9999.0,-9999.00,-9999.0
84720.0,-9999.0,-9999.00,-9999.00,-9999.00,-9999.00000,-9999.00000,-9999.0,-9999.0,-9999.0,-9999.00,-9999.0
84780.0,-9999.0,-9999.00,-9999.00,-9999.00,-9999.00000,-9999.00000,-9999.0,-9999.0,-9999.0,-9999.00,-9999.0
84840.0,-9999.0,-9999.00,-9999.00,-9999.00,-9999.00000,-9999.00000,-9999.0,-9999.0,-9999.0,-9999.00,-9999.0
84900.0,-9999.0,-9999.00,-9999.00,-9999.00,-9999.00000,-9999.00000,-9999.0,-9999.0,-9999.0,-9999.00,-9999.0
84960.0,-9999.0,-9999.00,-9999.00,-9999.00,-9999.00000,-9999.00000,-9999.0,-9999.0,-9999.0,-9999.00,-9999.0
85020.0,-9999.0,-9999.00,-9999.00,-9999.00,-9999.00000,-9999.00000,-9999.0,-9999.0,-9999.0,-9999.00,-9999.0
85080.0,-9999.0,-9999.00,-9999.00,-9999.00,-9999.00000,-9999.00000,-9999.0,-9999.0,-9999.0,-9999.00,-9999.0
85140.0,-9999.0,-9999.00,-9999.00,-9999.00,-9999.00000,-9999.00000,-9999.0,-9999.0,-9999.0,-9999.00,-9999.0
85200.0,-9999.0,-9999.00,-9999.00,-9999.00,-9999.00000,-9999.00000,-9999.0,-9999.0,-9999.0,-9999.00,-9999.0
85260.0,-9999.0,-9999.00,-9999.00,-9999.00,-9999.00000,-9999.00000,-9999.0,-9999.0,-9999.0,-9999.00,-9999.0
85320.0,-9999.0,-9999.00,-9999.00,-9999.00,-9999.00000,-9999.00000,-9999.0,-9999.0,-9999.0,-9999.00,-9999.0
85380.0,-9999.0,-9999.00,-9999.00,-9999.00,-9999.00000,-9999.00000,-9999.0,-9999.0,-9999.0,-9999.00,-9999.0
85440.0,-9999.0,-9999.00,-9999.00,-9999.00,-9999.00000,-9999.00000,-9999.0,-9999.0,-9999.0,-9999.00,-9999.0
85500.0,-9999.0,-9999.00,-9999.00,-9999.00,-9999.00000,-9999.00000,-9999.0,-9999.0,-9999.0,-9999.00,-9999.0
85560.0,-9999.0,-9999.00,-9999.00,-9999.00,-9999.00000,-9999.00000,-9999.0,-9999.0,-9999.0,-9999.00,-9999.0
85620.0,-9999.0,-9999.00,-9999.00,-9999.00,-9999.00000,-9999.00000,-9999.0,-9999.0,-9999.0,-9999.00,-9999.0
85680.0,-9999.0,-9999.00,-9999.00,-9999.00,-9999.00000,-9999.00000,-9999.0,-9999.0,-9999.0,-9999.00,-9999.0
85740.0,-9999.0,-9999.00,-9999.00,-9999.00,-9999.00000,-9999.00000,-9999.0,-9999.0,-9999.0,-9999.00,-9999.0
85800.0,-9999.0,-9999.00,-9999.00,-9999.00,-9999.00000,-9999.00000,-9999.0,-9999.0,-9999.0,-9999.00,-9999.0
85860.0,-9999.0,-9999.00,-9999.00,-9999.00,-9999.00000,-9999.00000,-9999.0,-9999.0,-9999.0,-9999.00,-9999.0
85920.0,-9999.0,-9999.00,-9999.00,-9999.00,-9999.00000,-9999.00000,-9999.0,-9999.0,-9999.0,-9999.00,-9999.0
85980.0,-9999.0,-9999.00,-9999.00,-9999.00,-9999.00000,-9999.00000,-9999.0,-9999.0,-9999.0,-9999.00,-9999.0
86040.0,-9999.0,-9999.00,-9999.00,-9999.00,-9999.00000,-9999.00000,-9999.0,-9999.0,-9999.0,-9999.00,-9999.0
86100.0,-9999.0,-9999.00,-9999.00,-9999.00,-9999.00000,-9999.00000,-9999.0,-9999.0,-9999.0,-9999.00,-9999.0
86160.0,-9999.0,-9999.00,-9999.00,-9999.00,-9999.00000,-9999.00000,-9999.0,-9999.0,-9999.0,-9999.00,-9999.0
86220.0,-9999.0,-9999.00,-9999.00,-9999.00,-9999.00000,-9999.00000,-9999.0,-9999.0,-9999.0,-9999.00,-9999.0
86280.0,-9999.0,-9999.00,-9999.00,-9999.00,-9999.00000,-9999.00000,-9999.0,-9999.0,-9999.0,-9999.00,-9999.0
86340.0,-9999.0,-9999.00,-9999.00,-9999.00,-9999.00000,-9999.00000,-9999.0,-9999.0,-9999.0,-9999.00,-9999.0
