CampaignData_and_Merges/R0/CSL_MobileLab_Parked/raw/20240817/USOS-NOAAIodideCIMS-OrgNitrs_MobileLabGround_20240817_RA.ict
37, 1001
Michael A Robinson, Chris Jernigan, Subi Thakali
NOAA ESRL Chemical Sciences Laboratory and CIRES, U. of Colorado
NOAA Iodide CIMS Instrument
USOS
1, 1
2024, 08, 17, 2024, 08, 20
1
starttime_UTC, seconds_past_midnight, seconds_of_day_since_00:00:00_UTC
5
1, 1, 1, 1, 1
-9999, -9999, -9999, -9999, -9999
C4H7NO5_NOAACIMS, pptv, Gas_C4H7NO5_InSitu_S_AVMR, 
ISOPN_NOAACIMS, pptv, Gas_ISOPN_InSitu_S_AVMR, 
C5H10O3_NOAACIMS, pptv, Gas_C5H10O3_InSitu_S_AVMR, 
C5H9NO5_NOAACIMS, pptv, Gas_C5H9NO5_InSitu_S_AVMR, 
C10H17NO4_NOAACIMS, pptv, Gas_C10H17NO4_InSitu_S_AVMR, 
0
18
PI_CONTACT_INFO: 325 Broadway, R/CSD 7, Boulder, Colorado 80305; michael.a.robinson@noaa.gov; chris.jernigan@noaa.gov;
PLATFORM: NOAA CSL Mobile Lab
LOCATION: SLC, Utah
ASSOCIATED_DATA: 1Hz data also available on request.
INSTRUMENT_INFO: NOAA I- ToF CIMS
DATA_INFO: All data in parts per trillion by volume (pptv). 1 Hz data is available upon request.
UNCERTAINTY: TBD
ULOD_FLAG: -7777
ULOD_VALUE: N/A
LLOD_FLAG: -8888
LLOD_VALUE: N/A
DM_CONTACT_INFO: Nathan Howard; nathan.h.howard@noaa.gov
PROJECT_INFO: USOS, summer 2024. https://csl.noaa.gov/groups/csl7/measurements/2024usos/
STIPULATIONS_ON_USE: Users are strongly encouraged to contact the PI for proper data usage.
OTHER_COMMENTS: 
REVISION: RA
RA: Preliminary Data; For in-field use only
starttime_UTC, C4H7NO5_NOAACIMS, ISOPN_NOAACIMS, C5H10O3_NOAACIMS, C5H9NO5_NOAACIMS, C10H17NO4_NOAACIMS
[from data line 566]
 33960,  1.656,  3.914, 29.843,  3.749,  1.091
 34020,  1.685,  3.828, 29.470,  3.673,  0.928
 34080,  1.676,  3.786, 29.297,  3.734,  0.976
 34140,  1.661,  3.864, 28.849,  3.820,  1.015
 34200,  1.704,  3.967, 29.830,  3.873,  1.005
 34260,  1.691,  4.197, 30.471,  3.897,  1.036
 34320,  1.674,  3.917, 28.945,  3.747,  1.015
 34380,  1.676,  3.871, 29.398,  3.767,  0.932
 34440,  1.685,  3.974, 29.015,  3.653,  1.007
 34500,  1.726,  3.887, 28.075,  3.053,  0.704
 34560,  1.707,  3.955, 25.342,  3.915,  0.908
 34620,  1.659,  3.782, 27.253,  3.819,  0.955
 34680,  1.721,  3.822, 28.073,  3.826,  0.993
 34740,  1.650,  3.651, 27.961,  3.669,  1.087
 34800,  1.627,  3.625, 27.529,  3.764,  0.990
 34860,  1.669,  3.808, 27.654,  3.762,  1.063
 34920,  1.624,  4.055, 28.328,  3.650,  1.149
 34980,  1.656,  3.666, 28.902,  3.795,  1.037
 35040,  1.624,  3.614, 28.174,  3.775,  1.152
 35100,  1.605,  3.688, 29.028,  3.629,  1.105
 35160,  1.588,  3.596, 27.611,  3.474,  1.053
 35220,  1.478,  3.378, 26.656,  3.189,  1.098
 35280,  1.528,  3.404, 26.371,  3.464,  1.017
 35340,  1.580,  3.304, 26.877,  3.482,  1.121
 35400,  1.562,  3.365, 25.773,  3.594,  1.230
 35460,  1.446,  3.218, 26.151,  3.162,  1.117
 35520,  1.447,  3.180, 25.627,  3.204,  1.058
 35580,  1.435,  3.160, 24.669,  3.068,  1.115
 35640,  1.425,  2.984, 25.015,  3.038,  1.046
 35700,  1.481,  3.270, 25.389,  3.110,  1.203
 35760,  1.384,  2.822, 24.349,  2.819,  1.162
 35820,  1.308,  2.464, 23.225,  2.792,  1.077
 35880,  1.333,  2.801, 23.684,  2.707,  1.035
 35940,  1.442,  2.914, 24.322,  3.055,  1.162
 36000,  1.328,  2.698, 23.706,  2.879,  1.166
 36060,  1.332,  2.710, 22.393,  2.724,  1.215
 36120,  1.347,  2.671, 22.698,  2.825,  1.131
 36180,  1.359,  2.529, 22.256,  2.744,  1.244
 36240,  1.359,  2.854, 22.260,  2.785,  1.220
 36300,  1.340,  2.518, 22.807,  2.807,  1.167
 36360,  1.225,  2.545, 22.143,  2.616,  1.330
 36420,  1.293,  2.528, 20.631,  2.446,  1.073
 36480,  1.238,  2.520, 20.840,  2.517,  1.177
 36540,  1.343,  2.765, 20.454,  2.588,  1.142
 36600,  1.301,  2.651, 21.323,  2.632,  1.189
 36660,  1.301,  2.450, 20.174,  2.413,  1.154
 36720,  1.222,  2.523, 19.889,  2.363,  1.209
 36780,  1.277,  2.471, 19.767,  2.614,  1.146
 36840,  1.253,  2.577, 20.377,  2.325,  1.206
 36900,  1.255,  2.486, 19.992,  2.340,  1.215
 36960,  1.308,  2.353, 19.376,  2.666,  1.194
 37020,  1.336,  2.617, 20.002,  2.673,  1.248
 37080,  1.316,  2.439, 19.950,  2.696,  1.256
 37140,  1.367,  2.829, 20.215,  2.821,  1.142
 37200,  1.306,  2.670, 20.113,  2.646,  1.190
 37260,  1.291,  2.449, 19.592,  2.604,  1.086
 37320,  1.387,  2.604, 19.833,  2.696,  1.191
 37380,  1.328,  2.763, 20.565,  2.579,  1.210
 37440,  1.325,  2.876, 20.122,  2.707,  1.148
 37500,  1.379,  2.851, 19.575,  2.840,  1.194
 37560,  1.376,  2.706, 19.894,  2.887,  1.192
 37620,  1.396,  2.668, 19.889,  2.668,  1.121
 37680,  1.381,  2.882, 20.449,  2.739,  1.073
 37740,  1.397,  2.888, 19.568,  2.791,  1.179
 37800,  1.379,  3.034, 20.426,  2.967,  1.180
 37860,  1.410,  2.732, 19.163,  2.791,  1.198
 37920,  1.372,  2.987, 19.862,  2.737,  1.183
 37980,  1.453,  3.239, 20.019,  2.966,  1.230
 38040,  1.394,  2.858, 20.293,  2.831,  1.216
 38100,  1.343,  2.622, 20.560,  2.709,  1.145
 38160,  1.327,  2.900, 20.505,  2.486,  1.072
 38220, -9999.000, -9999.000, -9999.000, -9999.000, -9999.000
 38280,  1.250,  2.442, 17.940,  2.227,  1.019
 38340,  1.323,  2.683, 18.235,  2.536,  1.021
 38400,  1.245,  2.559, 18.225,  2.445,  1.102
 38460,  1.263,  2.633, 19.690,  2.243,  0.957
 38520,  1.240,  2.463, 18.394,  2.379,  1.158
 38580,  1.276,  2.586, 18.902,  2.319,  1.039
 38640,  1.322,  2.590, 18.532,  2.426,  1.134
 38700,  1.314,  2.522, 18.167,  2.528,  1.064
 38760,  1.298,  2.671, 19.227,  2.379,  1.092
 38820,  1.252,  2.626, 19.034,  2.380,  1.042
 38880,  1.231,  2.569, 18.461,  2.451,  1.077
 38940,  1.203,  2.455, 17.931,  2.267,  1.037
 39000,  1.277,  2.332, 18.446,  2.468,  1.156
 39060,  1.301,  2.591, 18.914,  2.447,  1.064
 39120,  1.288,  2.730, 17.978,  2.536,  1.320
 39180,  1.267,  2.477, 18.151,  2.510,  1.181
 39240,  1.296,  2.492, 18.381,  2.464,  1.099
 39300,  1.313,  2.431, 18.331,  2.457,  1.037
 39360,  1.287,  2.521, 18.601,  2.553,  1.135
 39420,  1.302,  2.753, 18.374,  2.525,  1.233
 39480,  1.260,  2.479, 18.226,  2.510,  1.163
 39540,  1.280,  2.533, 18.156,  2.562,  1.197
 39600,  1.286,  2.399, 18.323,  2.386,  1.181
 39660,  1.320,  2.478, 18.577,  2.511,  1.212
 39720,  1.338,  2.498, 18.548,  2.523,  1.247
 39780,  1.286,  2.531, 18.390,  2.658,  1.189
 39840,  1.296,  2.556, 18.774,  2.488,  1.238
 39900,  1.282,  2.477, 18.257,  2.640,  1.213
 39960,  1.310,  2.436, 18.131,  2.562,  1.327
 40020,  1.321,  2.330, 18.004,  2.640,  1.344
 40080,  1.206,  2.616, 17.974,  2.100,  1.073
 40140,  1.230,  2.313, 17.899,  2.348,  1.098
 40200,  1.279,  2.492, 17.895,  2.493,  1.271
 40260,  1.311,  2.449, 17.908,  2.489,  1.147
 40320,  1.262,  2.185, 17.811,  2.562,  1.213
 40380,  1.293,  2.510, 18.378,  2.396,  1.204
 40440,  1.313,  2.346, 19.016,  2.483,  1.188
 40500,  1.310,  2.283, 17.822,  2.436,  1.342
 40560,  1.331,  2.403, 17.848,  2.423,  1.143
 40620,  1.341,  2.471, 18.826,  2.558,  1.299
 40680,  1.305,  2.627, 18.107,  2.519,  1.292
 40740,  1.351,  2.366, 17.223,  2.470,  1.262
 40800,  1.322,  2.395, 18.048,  2.505,  1.253
 40860,  1.321,  2.408, 18.420,  2.482,  1.253
 40920,  1.330,  2.538, 17.542,  2.440,  1.232
 40980,  1.305,  2.579, 17.343,  2.390,  1.277
 41040,  1.316,  2.270, 17.243,  2.475,  1.246
 41100,  1.373,  2.559, 17.567,  2.522,  1.252
 41160,  1.335,  2.548, 17.539,  2.541,  1.257
 41220,  1.326,  2.238, 17.205,  2.692,  1.267
 41280,  1.343,  2.538, 17.962,  2.513,  1.244
 41340,  1.356,  2.491, 18.012,  2.504,  1.294
 41400,  1.365,  2.633, 17.193,  2.629,  1.285
 41460,  1.340,  2.528, 16.912,  2.538,  1.242
 41520,  1.372,  2.346, 17.619,  2.673,  1.253
 41580,  1.342,  2.668, 18.166,  2.525,  1.304
 41640,  1.362,  2.524, 17.727,  2.613,  1.214
 41700,  1.351,  2.458, 17.656,  2.596,  1.213
 41760,  1.350,  2.577, 17.692,  2.669,  1.283
 41820,  1.366,  2.343, 18.476,  2.610,  1.305
 41880,  1.361,  2.768, 17.722,  2.268,  1.175
 41940, -9999.000, -9999.000, -9999.000, -9999.000, -9999.000
 42000,  1.315,  2.457, 15.537,  2.541,  1.172
 42060,  1.303,  2.330, 17.055,  2.599,  1.213
 42120,  1.337,  2.537, 16.719,  2.440,  1.228
 42180,  1.330,  2.644, 16.451,  2.529,  1.238
 42240,  1.336,  2.295, 16.307,  2.690,  1.200
 42300,  1.359,  2.448, 17.202,  2.384,  1.300
 42360,  1.351,  2.329, 16.954,  2.544,  1.182
 42420,  1.357,  2.460, 17.540,  2.617,  1.305
 42480,  1.359,  2.238, 16.972,  2.568,  1.344
 42540,  1.326,  2.636, 16.410,  2.564,  1.297
 42600,  1.306,  2.616, 16.998,  2.820,  1.245
 42660,  1.314,  2.601, 17.404,  2.694,  1.245
 42720,  1.348,  2.498, 17.402,  2.771,  1.196
 42780,  1.347,  2.511, 16.760,  2.727,  1.272
 42840,  1.389,  2.586, 17.379,  2.728,  1.277
 42900,  1.379,  2.469, 17.598,  2.682,  1.220
 42960,  1.331,  2.549, 17.399,  2.702,  1.357
 43020,  1.363,  2.497, 17.319,  2.783,  1.270
 43080,  1.373,  2.303, 17.318,  2.757,  1.227
 43140,  1.373,  2.614, 17.656,  2.643,  1.295
 43200,  1.321,  2.552, 16.910,  2.751,  1.282
 43260,  1.323,  2.408, 17.263,  2.681,  1.176
 43320,  1.344,  2.600, 17.708,  2.770,  1.199
 43380,  1.347,  2.600, 17.930,  2.828,  1.310
 43440,  1.385,  2.562, 18.063,  2.638,  1.206
 43500,  1.378,  2.504, 18.039,  2.782,  1.223
 43560,  1.362,  2.396, 17.720,  2.689,  1.257
 43620,  1.362,  2.657, 17.939,  2.835,  1.298
 43680,  1.333,  2.467, 17.632,  2.766,  1.442
 43740,  1.339,  2.510, 17.693,  2.755,  1.175
 43800,  1.315,  2.400, 16.308,  2.691,  1.221
 43860,  1.335,  2.440, 16.681,  2.717,  1.263
 43920,  1.283,  2.265, 16.460,  2.672,  1.377
 43980,  1.273,  2.288, 16.764,  2.771,  1.327
 44040,  1.327,  2.530, 17.192,  2.692,  1.345
 44100,  1.305,  2.495, 17.365,  2.855,  1.269
 44160,  1.308,  2.379, 17.515,  2.716,  1.226
 44220,  1.347,  2.256, 18.079,  2.641,  1.324
 44280,  1.294,  2.346, 17.290,  2.774,  1.286
 44340,  1.334,  2.364, 17.104,  2.806,  1.279
 44400,  1.308,  2.456, 17.100,  2.625,  1.304
 44460,  1.289,  2.481, 17.088,  2.751,  1.324
 44520,  1.299,  2.466, 16.745,  2.726,  1.235
 44580,  1.321,  2.459, 17.531,  2.757,  1.336
 44640,  1.344,  2.431, 17.457,  2.781,  1.159
 44700,  1.296,  2.490, 17.956,  2.697,  1.284
 44760,  1.314,  2.456, 17.662,  2.693,  1.207
 44820,  1.337,  2.414, 16.206,  2.856,  1.306
 44880,  1.330,  2.396, 17.173,  2.650,  1.261
 44940,  1.335,  2.387, 17.696,  2.700,  1.234
 45000,  1.316,  2.566, 16.720,  2.639,  1.195
 45060,  1.367,  2.725, 17.079,  2.690,  1.266
 45120,  1.355,  2.502, 16.803,  2.756,  1.209
 45180,  1.415,  2.712, 16.972,  2.831,  1.377
 45240,  1.386,  2.628, 16.649,  2.869,  1.274
 45300,  1.364,  2.523, 17.096,  2.968,  1.360
 45360,  1.385,  2.597, 17.090,  2.856,  1.307
 45420,  1.362,  2.582, 16.557,  2.748,  1.234
 45480,  1.353,  2.487, 17.680,  2.731,  1.292
 45540,  1.409,  2.755, 17.339,  2.743,  1.283
 45600, -9999.000, -9999.000, -9999.000, -9999.000, -9999.000
 45660,  1.344,  2.462, 15.180,  2.538,  1.142
 45720,  1.307,  2.559, 15.672,  2.675,  1.209
 45780,  1.386,  2.659, 15.795,  2.776,  1.273
 45840,  1.401,  2.482, 15.772,  2.822,  1.203
 45900,  1.469,  2.723, 16.079,  2.867,  1.182
 45960,  1.424,  2.546, 16.246,  2.823,  1.287
 46020,  1.410,  2.765, 17.289,  2.764,  1.222
 46080,  1.431,  2.766, 16.224,  2.797,  1.207
 46140,  1.451,  2.508, 15.849,  2.825,  1.193
 46200,  1.475,  2.581, 16.511,  2.840,  1.333
 46260,  1.383,  2.420, 16.483,  2.831,  1.234
 46320,  1.406,  2.498, 16.170,  2.877,  1.361
 46380,  1.431,  2.510, 15.818,  2.700,  1.230
 46440,  1.442,  2.697, 16.196,  2.839,  1.326
 46500,  1.485,  2.750, 16.054,  2.862,  1.354
 46560,  1.495,  2.753, 16.371,  2.992,  1.286
 46620,  1.486,  2.730, 16.286,  2.947,  1.281
 46680,  1.460,  2.405, 16.188,  3.056,  1.269
 46740,  1.502,  2.699, 16.453,  2.896,  1.379
 46800,  1.482,  2.661, 16.022,  2.939,  1.236
 46860,  1.575,  2.871, 16.849,  3.125,  1.416
 46920,  1.664,  3.047, 17.592,  3.318,  1.624
 46980,  1.644,  2.620, 18.027,  3.149,  1.275
 47040,  1.520,  2.576, 17.310,  2.911,  1.281
 47100,  1.563,  2.429, 17.151,  2.972,  1.110
 47160,  1.621,  2.512, 16.979,  3.058,  1.021
 47220,  1.591,  2.430, 16.583,  3.089,  1.065
 47280,  1.579,  2.262, 16.639,  2.941,  1.090
 47340,  1.673,  2.463, 15.301,  3.149,  1.019
 47400,  1.706,  2.524, 15.645,  3.227,  1.005
 47460, -9999.000, -9999.000, -9999.000, -9999.000, -9999.000
 47520,  1.736,  2.173, 14.295,  3.125,  0.871
 47580,  1.758,  2.501, 14.835,  3.251,  0.932
 47640,  1.699,  2.512, 14.873,  3.201,  0.945
 47700,  1.667,  2.418, 15.797,  3.103,  0.931
 47760,  1.728,  2.519, 15.618,  3.314,  0.841
 47820,  1.770,  2.222, 14.976,  3.428,  0.884
 47880,  1.791,  2.588, 15.349,  3.454,  0.854
 47940,  1.848,  2.632, 15.069,  3.604,  0.865
 48000,  1.858,  2.336, 16.110,  3.500,  0.917
 48060,  1.796,  2.250, 15.941,  3.409,  0.877
 48120,  1.910,  2.604, 15.614,  3.550,  0.787
 48180,  1.905,  2.712, 14.697,  3.514,  0.885
 48240,  1.981,  2.702, 15.222,  3.658,  0.818
 48300,  2.028,  2.784, 15.459,  3.844,  0.891
 48360,  2.017,  2.838, 15.415,  3.760,  0.977
 48420,  2.012,  2.891, 15.420,  3.667,  0.917
 48480,  2.116,  2.894, 15.224,  3.938,  0.813
 48540,  2.108,  2.690, 16.324,  3.642,  0.884
 48600,  2.063,  2.731, 15.870,  3.709,  0.934
 48660,  2.105,  2.985, 15.253,  3.853,  0.916
 48720,  2.104,  2.946, 15.798,  3.851,  0.883
 48780,  2.052,  2.710, 15.634,  3.725,  1.026
 48840,  2.115,  2.981, 15.908,  3.889,  0.900
 48900,  2.207,  3.140, 15.475,  3.897,  1.033
 48960,  2.226,  3.110, 15.505,  3.775,  0.903
 49020,  2.190,  2.914, 14.641,  3.862,  0.855
 49080,  2.245,  3.171, 15.391,  4.000,  0.838
 49140,  2.330,  3.251, 15.491,  4.101,  0.852
 49200,  2.350,  3.411, 15.424,  4.083,  0.926
 49260,  2.408,  3.584, 16.023,  4.300,  0.881
 49320, -9999.000, -9999.000, -9999.000, -9999.000, -9999.000
 49380,  2.396,  3.653, 14.156,  4.103,  0.829
 49440,  2.439,  3.414, 15.496,  4.166,  0.883
 49500,  2.482,  3.532, 15.745,  4.086,  0.954
 49560,  2.550,  3.650, 16.126,  4.415,  0.901
 49620,  2.566,  3.700, 15.663,  4.244,  0.945
 49680,  2.694,  3.624, 15.869,  4.467,  0.989
 49740,  2.752,  3.629, 16.670,  4.425,  0.964
 49800,  2.736,  3.644, 16.144,  4.586,  0.884
 49860,  2.736,  3.772, 16.733,  4.567,  1.020
 49920,  2.855,  3.796, 17.166,  4.664,  0.932
 49980,  2.873,  4.062, 17.036,  4.756,  0.945
 50040,  2.912,  3.874, 17.484,  4.830,  0.998
 50100,  2.851,  3.978, 18.826,  4.797,  0.940
 50160,  2.958,  4.019, 18.334,  4.752,  0.891
 50220,  3.023,  4.029, 18.276,  4.914,  0.975
 50280,  3.016,  3.969, 18.175,  4.914,  0.902
 50340,  3.005,  4.297, 19.418,  4.911,  0.933
 50400,  2.972,  4.357, 19.758,  4.980,  0.988
 50460,  3.001,  4.447, 19.637,  4.868,  0.973
 50520,  3.006,  4.431, 19.728,  4.950,  0.872
 50580,  3.021,  4.622, 19.577,  4.915,  0.973
 50640,  3.067,  4.718, 19.742,  4.848,  0.984
 50700,  3.089,  4.772, 19.548,  4.979,  0.915
 50760,  2.980,  4.580, 20.514,  4.833,  1.006
 50820,  2.965,  4.388, 20.002,  4.745,  0.935
 50880,  2.994,  4.475, 20.031,  4.642,  0.939
 50940,  2.988,  4.549, 20.611,  4.683,  1.108
 51000,  3.082,  4.716, 19.319,  4.635,  1.010
 51060,  3.096,  4.745, 19.283,  4.563,  1.042
 51120,  3.054,  5.341, 19.505,  4.584,  1.083
 51180,  2.961,  4.996, 18.429,  4.538,  1.006
 51240,  3.041,  4.999, 18.234,  4.520,  1.082
 51300,  3.094,  5.256, 18.531,  4.641,  1.091
 51360,  3.047,  5.285, 18.756,  4.440,  1.127
 51420,  3.027,  5.977, 17.996,  4.541,  1.084
 51480,  3.165,  6.346, 16.710,  4.658,  1.150
 51540,  3.056,  6.658, 18.053,  4.683,  1.244
 51600,  3.074,  6.853, 17.965,  4.560,  1.088
 51660,  3.064,  7.176, 17.953,  4.493,  1.169
 51720,  3.087,  7.261, 17.561,  4.520,  1.195
 51780,  3.094,  6.994, 18.085,  4.559,  1.043
 51840,  3.133,  8.187, 17.926,  4.384,  1.151
 51900,  3.201,  8.397, 18.161,  4.579,  1.103
 51960,  3.249,  8.313, 18.497,  4.669,  1.191
 52020,  3.236,  9.104, 18.766,  4.606,  1.166
 52080,  3.324,  9.288, 20.383,  4.718,  1.240
 52140,  3.238,  8.560, 22.390,  4.584,  1.219
 52200,  3.377,  9.348, 20.321,  4.668,  1.240
 52260,  3.427,  9.322, 19.837,  4.816,  1.209
 52320,  3.405,  8.322, 19.118,  4.735,  1.179
 52380,  3.468,  8.298, 18.465,  4.862,  1.192
 52440,  3.416,  8.973, 20.443,  4.885,  1.219
 52500,  3.404,  8.758, 19.894,  4.919,  1.193
 52560,  3.402,  8.480, 19.076,  4.744,  1.220
 52620,  3.420,  8.488, 20.031,  5.181,  1.201
 52680,  3.508,  8.663, 19.496,  4.854,  1.073
 52740,  3.691,  8.734, 18.578,  5.162,  1.248
 52800,  3.618,  9.217, 18.586,  5.090,  1.183
 52860,  3.734,  9.377, 18.342,  5.193,  1.278
 52920,  3.639,  8.836, 20.616,  5.104,  1.112
 52980, -9999.000, -9999.000, -9999.000, -9999.000, -9999.000
 53040,  3.586,  8.509, 16.949,  5.012,  1.153
 53100,  3.649,  9.748, 18.395,  4.911,  1.123
 53160,  3.729, 10.047, 18.764,  5.206,  1.254
 53220,  3.731,  9.881, 19.421,  5.211,  1.302
 53280,  3.763,  9.975, 19.447,  5.104,  1.279
 53340,  3.830, 10.383, 20.646,  5.261,  1.238
 53400,  3.781, 10.289, 20.736,  5.171,  1.262
 53460,  3.853, 11.222, 19.613,  5.175,  1.349
 53520,  3.870, 10.969, 19.171,  5.230,  1.319
 53580,  3.914, 11.303, 18.805,  5.196,  1.341
 53640,  4.001, 11.709, 18.793,  5.188,  1.307
 53700,  4.020, 11.663, 19.517,  5.396,  1.297
 53760,  3.989, 11.395, 19.958,  5.178,  1.414
 53820,  3.989, 11.247, 19.895,  5.356,  1.276
 53880,  3.944, 11.795, 19.696,  5.269,  1.363
 53940,  3.964, 11.828, 19.229,  5.141,  1.291
 54000,  4.004, 12.533, 19.252,  5.140,  1.324
 54060,  4.130, 13.255, 18.301,  5.227,  1.191
 54120,  4.155, 13.299, 18.482,  5.177,  1.219
