CampaignData_and_Merges/R0/CSL_MobileLab_Parked/raw/20240817/USOS-MetNav_MobileLabGround_20240817_R0.ict
44, 1001
Carrie Womack, Nate Howard, Mike Zucker
NOAA Chemical Sciences Laboratory
Mobile Lab MetNav Station
USOS
1, 1
2024, 08, 17, 2024, 12, 21
60
Time_Start, seconds_past_midnight, Seconds from midnight UTC
11
1, 1, 1, 1, 1, 1, 1, 1, 1, 1, 1
-9999, -9999, -9999, -9999, -9999, -9999, -9999, -9999, -9999, -9999, -9999
GPS_Alt_m, meters, Altitude from Differential GPS
GPS_Course_deg, degrees, Course from Differential GPS
GPS_GndSpd_m_s, m/s, Ground Speed from Differential GPS
GPS_Heading_deg, degrees, Heading from Differential GPS
GPS_Lat_deg, degrees, Latitude from Differential GPS
GPS_Lon_deg, degrees, Longitude from Differential GPS
AirTemp_C, Celsius, Air Temperature from Airmar
RelHumidity_pct, percent, Relative Humidity from Airmar
Pressure_mb, millibars, Pressure from Honeywell
WindDir_calc_deg, degrees, Wind Direction from Airmar corrected for van movement
WindSpd_calc_m_s, m/s, Wind Speed from Airmar corrected for van movement
1
SPECIAL COMMENTS:
18
PI_CONTACT_INFO: Address: 325 Broadway R/CSL7, Boulder, CO, 80305
PLATFORM: CSL Mobile Lab
LOCATION: Salt Lake City, UT
ASSOCIATED_DATA: N/A
INSTRUMENT_INFO: N/A
DATA_INFO: Units:
UNCERTAINTY: N/A
ULOD_FLAG: -7777
ULOD_VALUE: N/A
LLOD_FLAG: -8888
LLOD_VALUE: N/A
DM_CONTACT_INFO: Data Manager: Nate Howard
PROJECT_INFO: 
STIPULATIONS_ON_USE: Use of these data require prior ok from PI.
OTHER_COMMENTS: 
REVISION: R0
R0: Final data. Fixed bug in wind averaging code. RA: Preliminary Data. For in-field use only. 
Time_Start, GPS_Alt_m, GPS_Course_deg, GPS_GndSpd_m_s, GPS_Heading_deg, GPS_Lat_deg, GPS_Lon_deg, AirTemp_C, RelHumidity_pct, Pressure_mb, WindDir_calc_deg, WindSpd_calc_m_s
[from data line 531]
31860.0,1309.8,2.89,0.06,2.89,40.73433,-111.87211,23.0,20.8,874.8,131.89,1.7
31920.0,1309.7,2.95,0.05,2.95,40.73433,-111.87211,23.0,20.9,874.8,131.53,1.4
31980.0,1309.9,3.00,0.05,3.00,40.73433,-111.87211,23.0,21.1,874.8,119.83,1.5
32040.0,1309.9,2.43,0.05,2.43,40.73433,-111.87211,23.0,21.0,874.8,124.01,1.4
32100.0,1310.0,2.65,0.05,2.65,40.73433,-111.87211,23.0,20.6,874.8,124.06,1.7
32160.0,1309.9,2.88,0.05,2.88,40.73433,-111.87211,23.0,20.8,874.8,129.67,1.5
32220.0,1309.8,2.75,0.05,2.75,40.73433,-111.87211,23.0,20.8,874.8,123.14,1.9
32280.0,1309.8,2.81,0.06,2.81,40.73433,-111.87211,23.0,20.8,874.8,138.40,1.6
32340.0,1309.6,2.76,0.05,2.76,40.73433,-111.87211,23.0,20.6,874.6,138.30,1.6
32400.0,1309.6,2.90,0.06,2.90,40.73433,-111.87211,23.0,20.8,874.6,123.16,1.3
32460.0,1309.5,3.14,0.05,3.14,40.73433,-111.87211,23.1,20.7,874.7,133.20,1.6
32520.0,1309.4,3.23,0.06,3.23,40.73433,-111.87211,23.0,21.0,874.8,122.41,1.6
32580.0,1309.2,3.32,0.05,3.32,40.73433,-111.87211,23.0,20.7,874.9,121.09,2.3
32640.0,1309.0,3.84,0.06,3.84,40.73433,-111.87211,23.0,20.4,874.9,119.43,2.0
32700.0,1308.5,3.86,0.05,3.86,40.73433,-111.87211,23.0,20.5,874.9,132.13,2.0
32760.0,1308.1,3.73,0.06,3.73,40.73433,-111.87210,23.1,20.6,874.8,124.85,1.5
32820.0,1308.2,4.25,0.05,4.25,40.73433,-111.87210,23.1,20.9,874.8,136.88,1.8
32880.0,1308.3,3.79,0.06,3.79,40.73434,-111.87210,23.1,20.7,874.8,128.50,1.5
32940.0,1308.3,3.39,0.05,3.39,40.73434,-111.87210,23.0,20.8,874.8,126.02,2.2
33000.0,1308.3,3.34,0.05,3.34,40.73434,-111.87210,23.0,20.8,874.8,133.27,2.1
33060.0,1308.2,3.81,0.05,3.81,40.73434,-111.87210,23.1,20.7,874.8,127.92,1.6
33120.0,1308.1,3.91,0.05,3.91,40.73434,-111.87210,23.1,21.0,874.8,128.78,1.9
33180.0,1308.3,3.06,0.05,3.06,40.73434,-111.87210,23.1,21.1,874.8,127.05,2.1
33240.0,1308.3,3.05,0.05,3.05,40.73434,-111.87210,23.0,21.0,874.8,127.18,1.8
33300.0,1308.1,3.74,0.05,3.74,40.73434,-111.87210,23.0,21.3,874.8,132.70,1.4
33360.0,1308.1,4.05,0.04,4.05,40.73434,-111.87210,23.0,21.3,874.8,132.40,1.6
33420.0,1308.0,3.40,0.05,3.40,40.73434,-111.87210,23.0,21.5,874.8,122.10,1.4
33480.0,1307.9,3.37,0.05,3.37,40.73434,-111.87210,23.0,21.4,874.8,137.35,1.9
33540.0,1307.9,3.41,0.05,3.41,40.73434,-111.87210,23.0,21.6,874.9,139.93,1.3
33600.0,1308.0,3.81,0.05,3.81,40.73434,-111.87210,23.0,21.5,874.9,131.80,1.0
33660.0,1307.9,3.54,0.05,3.54,40.73434,-111.87210,23.0,21.5,874.9,142.56,0.9
33720.0,1307.9,3.42,0.05,3.42,40.73434,-111.87210,23.0,21.5,874.9,142.88,1.5
33780.0,1307.9,3.51,0.05,3.51,40.73434,-111.87210,23.0,21.6,874.9,134.53,1.4
33840.0,1308.0,3.30,0.05,3.30,40.73434,-111.87210,22.9,21.4,874.9,147.90,1.9
33900.0,1308.1,2.91,0.05,2.91,40.73434,-111.87210,23.0,21.6,874.9,124.51,1.1
33960.0,1307.8,3.09,0.04,3.09,40.73434,-111.87210,22.9,21.8,874.9,128.72,1.4
34020.0,1307.6,3.22,0.05,3.22,40.73434,-111.87210,22.9,21.9,874.9,130.66,1.2
34080.0,1307.6,3.60,0.05,3.60,40.73434,-111.87210,22.9,21.7,874.9,133.34,1.5
34140.0,1307.5,3.68,0.05,3.68,40.73434,-111.87210,22.9,22.0,874.9,126.88,1.2
34200.0,1307.5,3.85,0.05,3.85,40.73434,-111.87210,22.9,22.3,874.9,130.50,1.4
34260.0,1307.7,3.35,0.04,3.35,40.73434,-111.87210,22.8,21.8,874.9,134.00,1.5
34320.0,1308.5,3.21,0.05,3.21,40.73434,-111.87210,22.8,22.1,874.9,123.59,1.5
34380.0,1308.6,2.93,0.04,2.93,40.73434,-111.87210,22.8,22.3,874.9,121.42,1.1
34440.0,1308.6,3.71,0.05,3.71,40.73434,-111.87210,22.8,22.4,875.0,122.53,1.4
34500.0,1308.4,3.36,0.04,3.36,40.73434,-111.87210,22.8,22.4,875.0,125.88,1.5
34560.0,1308.1,2.96,0.05,2.96,40.73434,-111.87210,22.8,22.4,875.0,127.77,0.8
34620.0,1308.1,3.54,0.05,3.54,40.73434,-111.87210,22.7,22.6,874.9,132.46,1.0
34680.0,1308.2,3.21,0.05,3.21,40.73434,-111.87210,22.7,22.4,875.0,127.54,1.1
34740.0,1308.2,3.07,0.05,3.07,40.73434,-111.87210,22.7,22.6,875.0,122.05,1.1
34800.0,1308.3,3.32,0.04,3.32,40.73434,-111.87210,22.7,22.9,875.0,127.59,0.9
34860.0,1308.5,3.31,0.04,3.31,40.73434,-111.87210,22.7,23.1,875.0,140.22,0.8
34920.0,1308.6,2.87,0.04,2.87,40.73434,-111.87210,22.6,23.2,875.0,131.11,0.9
34980.0,1308.6,3.01,0.04,3.01,40.73434,-111.87210,22.5,23.5,875.0,99.92,0.6
35040.0,1308.7,3.24,0.05,3.24,40.73434,-111.87210,22.5,23.7,875.0,116.14,0.7
35100.0,1308.7,2.80,0.05,2.80,40.73434,-111.87210,22.4,23.7,875.0,120.06,0.7
35160.0,1308.6,3.00,0.04,3.00,40.73434,-111.87210,22.2,24.1,875.0,86.98,0.3
35220.0,1308.8,2.90,0.05,2.90,40.73434,-111.87210,22.2,24.3,875.1,110.19,0.3
35280.0,1308.8,2.86,0.04,2.86,40.73434,-111.87210,22.0,24.5,875.0,73.58,0.2
35340.0,1308.8,3.09,0.05,3.09,40.73434,-111.87210,22.0,24.4,875.1,39.18,0.2
35400.0,1308.8,3.17,0.05,3.17,40.73434,-111.87210,21.9,24.5,875.1,101.52,0.6
35460.0,1308.8,2.77,0.05,2.77,40.73434,-111.87210,21.7,24.9,875.1,98.86,0.4
35520.0,1308.9,2.64,0.05,2.64,40.73434,-111.87210,21.6,25.6,875.1,107.42,0.4
35580.0,1309.1,3.09,0.04,3.09,40.73434,-111.87211,21.5,26.0,875.1,107.53,0.5
35640.0,1308.9,3.10,0.05,3.10,40.73434,-111.87210,21.4,26.2,875.1,111.11,0.5
35700.0,1309.0,2.82,0.05,2.82,40.73434,-111.87210,21.3,26.2,875.1,90.94,0.4
35760.0,1309.1,2.77,0.05,2.77,40.73434,-111.87210,21.2,26.5,875.1,107.17,0.5
35820.0,1309.1,3.11,0.05,3.11,40.73434,-111.87210,21.2,26.8,875.1,133.92,0.6
35880.0,1309.0,2.97,0.05,2.97,40.73434,-111.87210,21.1,26.6,875.1,125.14,0.7
35940.0,1309.0,2.85,0.05,2.85,40.73434,-111.87210,21.0,26.7,875.1,71.02,0.4
36000.0,1309.0,2.83,0.05,2.83,40.73434,-111.87210,20.9,26.9,875.1,118.26,0.6
36060.0,1309.1,2.72,0.05,2.72,40.73434,-111.87211,20.8,26.8,875.2,108.11,0.4
36120.0,1309.0,2.71,0.05,2.71,40.73434,-111.87211,20.8,27.1,875.2,127.96,0.8
36180.0,1308.9,3.11,0.04,3.11,40.73434,-111.87211,20.7,26.9,875.2,107.38,0.4
36240.0,1308.8,3.16,0.05,3.16,40.73434,-111.87211,20.6,27.6,875.2,92.31,0.3
36300.0,1308.8,3.74,0.04,3.74,40.73434,-111.87211,20.5,27.4,875.2,78.71,0.3
36360.0,1308.9,3.86,0.05,3.86,40.73434,-111.87211,20.4,27.7,875.2,126.32,0.6
36420.0,1308.9,3.38,0.04,3.38,40.73434,-111.87211,20.4,27.7,875.3,123.95,0.6
36480.0,1309.1,3.56,0.06,3.56,40.73434,-111.87211,20.4,27.9,875.3,120.12,0.6
36540.0,1309.0,3.26,0.05,3.26,40.73434,-111.87211,20.3,28.5,875.2,109.70,0.4
36600.0,1308.9,3.44,0.06,3.44,40.73434,-111.87211,20.3,28.3,875.2,91.99,0.3
36660.0,1309.0,4.00,0.05,4.00,40.73434,-111.87211,20.2,28.5,875.2,89.62,0.4
36720.0,1308.9,3.54,0.05,3.54,40.73434,-111.87211,20.1,28.8,875.2,118.60,0.6
36780.0,1309.1,3.81,0.05,3.81,40.73434,-111.87211,20.0,28.8,875.2,121.80,0.5
36840.0,1309.1,3.97,0.06,3.97,40.73434,-111.87211,20.0,29.1,875.2,130.92,0.6
36900.0,1309.0,4.27,0.05,4.27,40.73434,-111.87211,19.9,28.9,875.3,120.26,0.7
36960.0,1308.9,4.09,0.05,4.09,40.73434,-111.87211,19.8,29.0,875.3,111.74,0.8
37020.0,1309.2,4.34,0.04,4.34,40.73434,-111.87210,19.8,29.2,875.3,121.68,0.6
37080.0,1309.2,4.52,0.05,4.52,40.73434,-111.87210,19.8,29.4,875.3,120.93,0.5
37140.0,1309.0,4.18,0.05,4.18,40.73434,-111.87210,19.7,29.3,875.3,110.04,0.6
37200.0,1309.0,4.75,0.05,4.75,40.73434,-111.87210,19.6,29.8,875.3,122.14,0.7
37260.0,1309.4,5.45,0.05,5.45,40.73434,-111.87210,19.6,29.5,875.3,126.98,0.8
37320.0,1309.8,5.11,0.05,5.11,40.73434,-111.87210,19.6,29.8,875.3,120.62,0.7
37380.0,1309.8,4.75,0.05,4.75,40.73434,-111.87210,19.6,29.8,875.3,118.02,0.4
37440.0,1310.0,4.05,0.05,4.05,40.73434,-111.87210,19.6,29.6,875.3,113.84,0.6
37500.0,1309.9,4.42,0.05,4.42,40.73434,-111.87210,19.5,29.6,875.3,119.60,0.7
37560.0,1309.6,4.72,0.05,4.72,40.73434,-111.87210,19.5,29.5,875.4,114.79,0.6
37620.0,1309.3,4.69,0.05,4.69,40.73434,-111.87210,19.5,29.6,875.3,98.56,0.2
37680.0,1309.5,4.57,0.05,4.57,40.73434,-111.87210,19.5,29.8,875.4,143.80,0.3
37740.0,1309.3,4.20,0.05,4.20,40.73434,-111.87210,19.5,29.8,875.4,108.14,0.6
37800.0,1309.1,3.99,0.05,3.99,40.73434,-111.87210,19.5,29.8,875.4,109.91,0.7
37860.0,1309.1,4.18,0.04,4.18,40.73434,-111.87210,19.4,29.8,875.4,117.70,0.8
37920.0,1309.1,4.12,0.04,4.12,40.73434,-111.87210,19.4,30.1,875.4,111.84,0.6
37980.0,1309.0,3.87,0.05,3.87,40.73434,-111.87210,19.4,29.7,875.4,83.54,0.1
38040.0,1309.0,3.89,0.04,3.89,40.73434,-111.87210,19.4,30.1,875.4,56.10,0.3
38100.0,1309.0,4.41,0.06,4.41,40.73434,-111.87210,19.3,30.2,875.4,107.01,0.6
38160.0,1309.0,4.91,0.05,4.91,40.73434,-111.87210,19.3,30.4,875.4,120.32,0.6
38220.0,1308.9,4.86,0.05,4.86,40.73434,-111.87210,19.2,30.8,875.4,102.67,0.5
38280.0,1308.9,4.96,0.05,4.96,40.73434,-111.87210,19.2,30.8,875.4,85.11,0.3
38340.0,1308.7,4.95,0.05,4.95,40.73434,-111.87210,19.2,31.0,875.5,99.69,0.6
38400.0,1308.8,4.69,0.05,4.69,40.73434,-111.87210,19.1,30.8,875.5,79.50,0.5
38460.0,1308.7,4.47,0.05,4.47,40.73434,-111.87210,19.1,31.6,875.5,128.81,0.7
38520.0,1308.8,4.63,0.04,4.63,40.73434,-111.87210,19.0,31.5,875.5,114.42,0.5
38580.0,1308.9,4.75,0.05,4.75,40.73434,-111.87210,19.0,31.7,875.5,122.44,0.6
38640.0,1308.8,4.20,0.04,4.20,40.73434,-111.87210,19.0,31.6,875.5,110.43,0.5
38700.0,1308.8,4.02,0.04,4.02,40.73434,-111.87210,19.0,31.1,875.5,113.92,0.8
38760.0,1308.7,3.67,0.04,3.67,40.73434,-111.87210,18.9,31.7,875.4,127.44,0.7
38820.0,1308.6,3.45,0.04,3.45,40.73434,-111.87210,18.9,31.8,875.4,121.13,0.6
38880.0,1308.5,3.55,0.04,3.55,40.73434,-111.87210,18.9,31.6,875.5,121.68,0.6
38940.0,1308.4,3.76,0.05,3.76,40.73434,-111.87210,18.9,31.8,875.5,122.91,0.8
39000.0,1308.2,3.42,0.04,3.42,40.73434,-111.87210,18.9,31.7,875.5,110.64,0.5
39060.0,1308.1,3.33,0.04,3.33,40.73434,-111.87210,18.9,31.4,875.5,83.47,0.4
39120.0,1308.0,3.86,0.04,3.86,40.73434,-111.87210,18.8,31.9,875.5,73.46,0.4
39180.0,1308.1,4.22,0.04,4.22,40.73434,-111.87211,18.7,31.4,875.5,60.21,0.4
39240.0,1308.2,4.56,0.04,4.56,40.73434,-111.87211,18.7,31.5,875.5,111.77,0.3
39300.0,1308.4,4.75,0.04,4.75,40.73434,-111.87210,18.8,31.6,875.5,116.99,0.5
39360.0,1308.4,4.96,0.04,4.96,40.73434,-111.87211,18.7,31.9,875.5,79.67,0.4
39420.0,1308.4,4.62,0.04,4.62,40.73434,-111.87210,18.6,32.1,875.5,109.45,0.4
39480.0,1308.4,4.88,0.04,4.88,40.73434,-111.87210,18.6,32.1,875.5,117.04,0.5
39540.0,1308.3,4.91,0.04,4.91,40.73434,-111.87210,18.6,32.3,875.5,99.21,0.5
39600.0,1308.3,5.06,0.04,5.06,40.73434,-111.87210,18.6,32.6,875.5,115.98,0.6
39660.0,1308.3,5.10,0.04,5.10,40.73434,-111.87210,18.6,32.7,875.5,116.70,0.6
39720.0,1308.4,5.28,0.04,5.28,40.73434,-111.87210,18.5,32.6,875.5,123.67,0.7
39780.0,1308.3,4.86,0.05,4.86,40.73434,-111.87210,18.5,32.5,875.5,117.42,0.4
39840.0,1308.3,4.49,0.05,4.49,40.73433,-111.87210,18.5,32.5,875.5,97.97,0.4
39900.0,1308.3,4.54,0.05,4.54,40.73433,-111.87210,18.4,32.5,875.5,106.16,0.5
39960.0,1308.3,3.99,0.05,3.99,40.73434,-111.87210,18.5,33.0,875.6,114.83,0.6
40020.0,1308.3,4.36,0.05,4.36,40.73434,-111.87210,18.4,32.6,875.6,96.49,0.2
40080.0,1308.3,3.82,0.05,3.82,40.73433,-111.87210,18.4,32.7,875.5,76.57,0.2
40140.0,1308.4,3.28,0.04,3.28,40.73433,-111.87210,18.3,33.0,875.6,53.79,0.4
40200.0,1308.4,3.56,0.05,3.56,40.73433,-111.87210,18.3,33.1,875.6,79.09,0.3
40260.0,1308.6,3.51,0.04,3.51,40.73433,-111.87210,18.3,33.0,875.6,94.03,0.2
40320.0,1308.6,3.58,0.05,3.58,40.73433,-111.87210,18.3,33.0,875.5,108.78,0.6
40380.0,1308.7,3.65,0.05,3.65,40.73433,-111.87210,18.3,33.4,875.5,108.11,0.4
40440.0,1308.7,4.11,0.05,4.11,40.73433,-111.87210,18.3,33.7,875.6,90.81,0.4
40500.0,1308.7,3.81,0.05,3.81,40.73433,-111.87210,18.2,33.4,875.6,85.97,0.4
40560.0,1308.8,3.96,0.05,3.96,40.73433,-111.87210,18.2,33.3,875.5,105.61,0.2
40620.0,1309.0,4.04,0.04,4.04,40.73433,-111.87210,18.2,33.4,875.6,124.76,0.4
40680.0,1309.1,4.03,0.05,4.03,40.73433,-111.87210,18.2,33.7,875.6,113.60,0.7
40740.0,1309.1,4.49,0.04,4.49,40.73433,-111.87210,18.2,33.9,875.5,117.21,0.6
40800.0,1308.9,4.09,0.04,4.09,40.73433,-111.87210,18.2,34.0,875.5,136.44,0.5
40860.0,1308.9,4.07,0.05,4.07,40.73433,-111.87210,18.2,33.7,875.5,128.47,0.5
40920.0,1308.9,4.33,0.05,4.33,40.73433,-111.87210,18.2,33.6,875.6,118.61,0.6
40980.0,1308.8,4.41,0.05,4.41,40.73433,-111.87210,18.2,34.2,875.6,120.73,0.9
41040.0,1308.8,4.56,0.05,4.56,40.73433,-111.87210,18.2,34.0,875.5,125.70,0.7
41100.0,1308.8,4.46,0.05,4.46,40.73433,-111.87210,18.2,33.9,875.5,111.21,0.8
41160.0,1308.6,3.52,0.04,3.52,40.73433,-111.87210,18.2,33.6,875.5,94.58,0.5
41220.0,1308.4,3.22,0.04,3.22,40.73433,-111.87210,18.2,33.7,875.6,126.98,0.7
41280.0,1308.6,2.93,0.04,2.93,40.73433,-111.87210,18.2,34.7,875.6,123.59,0.8
41340.0,1308.6,3.27,0.05,3.27,40.73433,-111.87210,18.2,34.5,875.6,106.41,0.4
41400.0,1308.7,3.73,0.05,3.73,40.73433,-111.87210,18.2,34.6,875.6,125.84,0.7
41460.0,1308.6,3.69,0.05,3.69,40.73433,-111.87210,18.1,34.6,875.6,112.40,1.1
41520.0,1308.6,3.98,0.05,3.98,40.73433,-111.87210,18.1,34.9,875.6,128.93,0.6
41580.0,1308.5,3.76,0.05,3.76,40.73433,-111.87210,18.1,34.8,875.6,122.95,0.6
41640.0,1308.5,3.40,0.05,3.40,40.73433,-111.87210,18.1,34.5,875.6,108.71,0.6
41700.0,1308.6,3.56,0.05,3.56,40.73433,-111.87210,18.0,35.2,875.6,121.30,1.1
41760.0,1308.6,3.73,0.04,3.73,40.73433,-111.87210,18.0,35.3,875.6,117.34,0.7
41820.0,1308.8,3.39,0.04,3.39,40.73433,-111.87210,18.0,35.2,875.6,122.32,0.6
41880.0,1308.8,3.21,0.04,3.21,40.73433,-111.87210,18.0,35.7,875.6,118.05,1.0
41940.0,1308.9,3.27,0.05,3.27,40.73433,-111.87210,18.0,35.4,875.6,116.19,0.8
42000.0,1308.9,3.83,0.06,3.83,40.73433,-111.87210,18.0,35.1,875.6,120.02,0.8
42060.0,1309.0,3.92,0.05,3.92,40.73433,-111.87210,17.9,35.7,875.6,127.29,0.9
42120.0,1309.4,3.64,0.06,3.64,40.73433,-111.87210,17.9,35.4,875.6,113.72,0.9
42180.0,1309.5,3.23,0.05,3.23,40.73433,-111.87210,17.9,35.0,875.7,126.68,0.7
42240.0,1309.5,3.05,0.05,3.05,40.73433,-111.87210,18.0,35.0,875.7,128.63,0.8
42300.0,1309.7,2.79,0.04,2.79,40.73433,-111.87210,18.0,35.2,875.7,126.38,0.8
42360.0,1309.7,2.92,0.04,2.92,40.73433,-111.87210,18.1,35.3,875.7,104.60,0.5
42420.0,1309.8,3.64,0.05,3.64,40.73433,-111.87210,18.0,34.9,875.7,101.91,0.6
42480.0,1309.8,3.49,0.05,3.49,40.73433,-111.87210,18.0,34.9,875.7,94.39,0.5
42540.0,1309.8,3.66,0.05,3.66,40.73433,-111.87210,18.0,35.0,875.7,124.62,0.4
42600.0,1309.8,3.26,0.04,3.26,40.73433,-111.87211,18.0,35.1,875.7,115.78,0.6
42660.0,1309.9,3.00,0.04,3.00,40.73433,-111.87211,18.0,35.0,875.7,118.97,0.6
42720.0,1309.9,2.99,0.05,2.99,40.73434,-111.87210,18.1,35.1,875.8,107.29,0.6
42780.0,1309.9,3.17,0.05,3.17,40.73434,-111.87211,18.0,35.1,875.7,116.59,0.7
42840.0,1310.0,3.18,0.04,3.18,40.73433,-111.87211,18.0,34.9,875.7,113.77,0.7
42900.0,1309.9,3.98,0.05,3.98,40.73434,-111.87211,18.1,35.3,875.8,127.62,0.7
42960.0,1309.9,3.47,0.04,3.47,40.73434,-111.87211,18.0,35.3,875.8,110.19,0.6
43020.0,1310.0,3.02,0.05,3.02,40.73434,-111.87211,18.1,35.3,875.8,111.16,0.6
43080.0,1310.0,3.28,0.05,3.28,40.73433,-111.87210,18.1,35.5,875.8,113.16,0.4
43140.0,1310.0,3.60,0.05,3.60,40.73433,-111.87210,18.0,35.0,875.8,95.05,0.3
43200.0,1309.9,3.15,0.05,3.15,40.73434,-111.87210,18.1,34.8,875.8,88.77,0.5
43260.0,1309.9,3.16,0.04,3.16,40.73434,-111.87210,18.1,34.9,875.8,101.81,0.4
43320.0,1309.8,2.97,0.04,2.97,40.73434,-111.87210,18.1,35.2,875.8,74.44,0.3
43380.0,1310.0,3.66,0.04,3.66,40.73433,-111.87210,18.1,34.9,875.9,113.03,0.3
43440.0,1310.1,3.40,0.05,3.40,40.73434,-111.87210,18.1,35.0,875.9,86.59,0.5
43500.0,1309.9,3.03,0.05,3.03,40.73433,-111.87210,18.0,35.1,875.9,67.35,0.5
43560.0,1309.9,2.55,0.05,2.55,40.73433,-111.87210,18.0,35.0,875.9,74.78,0.4
43620.0,1309.8,3.42,0.05,3.42,40.73433,-111.87210,18.0,34.8,875.9,87.85,0.4
43680.0,1309.8,3.35,0.05,3.35,40.73433,-111.87210,17.9,34.9,875.9,89.67,0.5
43740.0,1309.9,3.16,0.05,3.16,40.73434,-111.87210,17.9,35.0,875.9,97.74,0.4
43800.0,1309.8,3.57,0.05,3.57,40.73434,-111.87210,17.9,34.9,875.9,91.56,0.6
43860.0,1309.6,3.20,0.04,3.20,40.73434,-111.87210,17.9,35.3,875.9,119.00,0.7
43920.0,1309.3,2.94,0.05,2.94,40.73434,-111.87210,17.9,35.5,875.9,107.08,0.6
43980.0,1309.3,3.04,0.05,3.04,40.73434,-111.87210,17.8,35.0,875.9,84.69,0.6
44040.0,1309.3,3.74,0.05,3.74,40.73434,-111.87210,17.8,35.2,875.9,97.10,0.4
44100.0,1309.4,3.93,0.05,3.93,40.73434,-111.87210,17.8,35.8,876.0,127.79,0.6
44160.0,1309.3,3.81,0.05,3.81,40.73434,-111.87210,17.8,36.1,875.9,111.57,0.7
44220.0,1309.2,3.27,0.04,3.27,40.73434,-111.87210,17.8,36.3,875.9,100.11,0.5
44280.0,1309.2,3.35,0.04,3.35,40.73434,-111.87210,17.8,36.3,876.0,81.66,0.4
