CampaignData_and_Merges/R0/CSL_MobileLab_Parked/raw/20240817/USOS-HCHO_MobileLabGround_20240817_R0.ict
35,1001
Huang, Yaoxian
Wayne State University
Picarro G2307 on CSL Mobile Lab
USOS
1,1
2024,08,17,2025,03,31
1.0
Time_Start,seconds_since_midnight,number_of_seconds_since_0000_UTC
3
1.0,1.0,1.0
-9999.0,-9999.0,-9999.0
HCHO,ppbv,Gas_HCHO_InSitu_S_AVMR,volume mixing ratio of formaldehyde in air
H2O,ppmv,Gas_H2O_InSitu_S_AVMR,volume mixing ratio of water vapor in air
CH4,ppmv,Gas_CH4_InSitu_S_AVMR,volume mixing ratio of methane in air
0
18
PI_CONTACT_INFO: yaoxian.huang@wayne.edu
PLATFORM: CSL Mobile Lab, at Ground Site
LOCATION: Salt Lake City, UT
ASSOCIATED_DATA: N/A
INSTRUMENT_INFO: Cavity Ring-Down Spectrometer
DATA_INFO: Data is averaged to 1 minute intervals for stationary and 1 second interval for driving. Stationary data collected from a 20 ft tower on top of the mobile lab. On drive days, for parked data, anytime the mobile lab is driving, report as missing data in the parked files.
UNCERTAINTY: N/A
ULOD_FLAG: -7777
ULOD_VALUE: N/A
LLOD_FLAG: -8888
LLOD_VALUE: N/A
DM_CONTACT_INFO: Yaoxian Huang; yaoxian.huang@wayne.edu
PROJECT_INFO: USOS, Summer 2024. https://csl.noaa.gov/groups/csl7/measurements/2024usos/
STIPULATIONS_ON_USE: Users are strongly encouraged to contact the PI for proper data usage.
OTHER_COMMENTS: Data have been shifted backwards by 1 minute to align with USOS MetNav and Picarro GHG data.
REVISION: R0
R0: Final Data
Time_Start,HCHO,H2O,CH4
[from data line 542]
32520,0.980737,7444.46,1.93779
32580,1.22994,7455.97,1.93541
32640,1.23317,7426.06,1.93349
32700,1.24047,7475.96,1.93893
32760,1.17064,7516.86,1.93987
32820,1.25394,7565.94,1.94122
32880,0.977797,7529.16,1.94197
32940,1.25298,7576.31,1.9367
33000,1.0953,7545.35,1.93652
33060,0.994838,7552.55,1.9373
33120,1.34991,7634.45,1.93944
33180,1.37642,7678.66,1.94058
33240,1.21506,7643.34,1.93928
33300,1.40798,7736.03,1.9413
33360,1.16036,7755.29,1.94217
33420,1.32012,7782.51,1.94197
33480,1.08901,7750.92,1.93998
33540,1.21356,7816.97,1.94356
33600,1.3952,7812.57,1.94302
33660,1.31573,7840.96,1.94622
33720,1.39098,7848.95,1.94016
33780,1.15963,7857.9,1.94049
33840,1.40606,7886.84,1.94257
33900,1.29133,7914.62,1.94282
33960,1.29469,7932.16,1.94589
34020,1.30416,7989.26,1.95028
34080,1.21334,7953.36,1.9426
34140,1.65503,8079.22,1.94512
34200,1.20373,8030.65,1.94409
34260,1.1931,7980.72,1.9423
34320,1.49095,8081.53,1.94748
34380,1.15759,8089.12,1.9434
34440,1.35448,8104.82,1.94432
34500,1.34419,8099.59,1.94509
34560,1.39099,8195.32,1.94593
34620,1.39598,8168.05,1.94375
34680,1.49876,8194.03,1.94395
34740,1.24575,8249.81,1.9475
34800,1.46959,8376.0,1.94706
34860,1.28554,8377.01,1.94905
34920,1.45268,8370.98,1.94884
34980,1.24051,8378.04,1.94749
35040,1.44452,8519.67,1.94955
35100,1.32262,8536.72,1.95095
35160,1.41354,8653.15,1.95159
35220,1.63164,8857.57,1.95858
35280,1.64943,8872.49,1.95575
35340,1.69243,8784.44,1.95612
35400,1.48579,8811.13,1.95785
35460,1.69333,8797.5,1.95987
35520,1.55763,9058.93,1.97192
35580,1.87068,9178.61,1.98266
35640,1.69124,9210.61,1.98388
35700,1.81737,9088.17,1.97663
35760,1.53187,9142.33,1.98001
35820,2.02284,9740.8,1.99491
35880,1.62173,9414.73,1.98801
35940,1.549,9214.92,1.97868
36000,1.89139,9487.48,1.98475
36060,1.80583,9427.23,1.98392
36120,1.82061,9554.11,1.98667
36180,1.60967,9399.44,1.97934
36240,1.89283,9450.77,1.98274
36300,1.73854,9425.29,1.97945
36360,1.97017,9727.36,1.98934
36420,1.81315,9720.02,1.98692
36480,1.86694,9699.1,1.98752
36540,1.88339,9724.25,1.98669
36600,1.89066,9403.42,1.97859
36660,1.82913,9715.19,1.9889
36720,2.15206,9850.65,1.99239
36780,1.86854,9743.13,1.98964
36840,1.96607,9871.34,1.99481
36900,1.82615,9922.57,1.99433
36960,1.94269,9786.37,1.99463
37020,1.98244,9628.58,1.98676
37080,2.07953,9628.24,1.98704
37140,1.81394,9707.91,1.98583
37200,1.95579,9671.77,1.98338
37260,1.96128,9698.14,1.98375
37320,1.82833,9822.96,1.98303
37380,1.55976,9677.38,1.97829
37440,1.7617,9755.37,1.97903
37500,1.85307,9785.84,1.97896
37560,1.5503,9757.03,1.98005
37620,1.66191,9695.02,1.97806
37680,1.93939,9886.69,1.98213
37740,1.74479,9662.18,1.97654
37800,1.70982,9499.79,1.97233
37860,1.68844,9468.35,1.971
37920,1.59893,9688.31,1.97431
37980,1.43245,9275.97,1.96517
38040,1.64434,9273.1,1.96609
38100,1.80193,9739.36,1.97643
38160,1.72518,9810.91,1.9761
38220,1.57352,9900.4,1.97943
38280,2.01282,9950.75,1.97947
38340,1.87345,10051.9,1.98219
38400,2.04906,9975.33,1.98327
38460,1.97313,10244.9,1.98653
38520,1.91786,10163.0,1.98256
38580,1.90304,10168.1,1.98854
38640,1.94048,9947.63,1.99308
38700,1.8389,9956.84,1.99873
38760,2.04979,10234.2,1.99726
38820,1.98257,10445.4,1.99974
38880,2.19681,10324.9,1.99586
38940,1.78052,10283.6,1.99852
39000,1.96892,10171.5,1.9971
39060,1.84412,9973.82,1.98659
39120,1.82171,10153.4,1.99046
39180,1.85041,10020.7,1.99535
39240,2.15366,10343.8,2.00213
39300,1.89862,10310.0,2.00283
39360,1.84506,10226.0,2.00149
39420,2.11793,10385.3,2.00715
39480,1.99663,10200.3,2.00686
39540,1.97749,10272.0,2.00943
39600,2.0013,10283.9,2.01697
39660,2.01138,10257.0,2.01896
39720,1.90531,10344.1,2.02095
39780,2.01294,10307.9,2.01956
39840,2.05436,10365.5,2.01779
39900,2.07877,10378.5,2.02326
39960,2.18076,10458.2,2.02567
40020,2.24085,10309.9,2.02032
40080,1.82527,10455.0,2.02772
40140,2.18378,10549.7,2.0481
40200,2.50799,10605.1,2.04026
40260,2.10905,10439.3,2.03756
40320,2.39648,10577.2,2.04961
40380,2.13699,10623.7,2.04825
40440,2.15839,10715.6,2.04927
40500,2.01781,10575.9,2.04384
40560,2.40177,10548.0,2.04227
40620,2.16644,10774.4,2.04965
40680,2.38333,10708.0,2.04679
40740,2.17597,10648.1,2.03776
40800,1.99997,10594.8,2.03313
40860,2.22068,10666.0,2.03636
40920,2.10818,10669.8,2.03546
40980,2.23339,10777.4,2.02689
41040,2.26094,10680.8,2.02261
41100,2.01742,10638.6,2.02428
41160,2.00088,10660.2,2.01357
41220,2.25794,10663.0,2.01575
41280,2.06428,10869.8,2.00818
41340,1.90322,10927.6,2.01044
41400,2.00568,10737.4,2.00609
41460,1.98738,10713.6,2.0011
41520,1.98881,10742.4,2.00034
41580,2.09757,10909.0,2.00234
41640,2.08205,10800.3,2.01018
41700,1.80487,10865.1,2.00246
41760,2.16995,10916.9,2.00607
41820,2.28272,10998.8,2.00738
41880,2.21277,10960.3,2.00957
41940,2.05943,10736.4,2.00097
42000,2.0499,10670.2,1.99787
42060,2.11849,10794.8,2.008
42120,2.10881,10760.7,2.00367
42180,2.25976,10719.9,1.99732
42240,2.28004,10758.7,1.99934
42300,1.9073,10757.8,1.99976
42360,2.21854,10819.3,2.00342
42420,2.16466,10858.3,2.00383
42480,2.09015,10738.7,1.99837
42540,2.27032,10710.3,1.99925
42600,1.84828,10756.5,1.99635
42660,2.13471,10799.6,1.99754
42720,1.95299,10855.6,1.99789
42780,2.0548,10793.6,2.00196
42840,2.19452,10734.0,2.00302
42900,2.15358,10804.2,1.99879
42960,2.19691,10929.2,2.00291
43020,2.22587,10909.3,2.00556
43080,2.11924,10920.6,2.00433
43140,2.25542,10847.5,2.00416
43200,2.23659,10804.5,2.00501
43260,2.14629,10894.1,2.00709
43320,2.4127,11088.2,2.00541
43380,2.16427,10972.4,2.00159
43440,2.25226,10986.4,2.00641
43500,2.20316,11078.5,2.00568
43560,2.01225,10930.1,2.00163
43620,2.16292,11010.8,1.99769
43680,2.05901,11058.1,1.99886
43740,2.11416,10950.1,1.99542
43800,2.10845,10939.9,1.99653
43860,2.21572,11150.4,1.99214
43920,2.01221,10968.0,1.99277
43980,1.91454,10899.2,1.99357
44040,2.22646,10978.4,1.9935
44100,2.0057,11122.3,1.99228
44160,1.86804,11166.0,1.99461
44220,2.00589,11164.9,1.99936
44280,2.29058,11209.6,1.99969
44340,2.11815,11007.4,1.99647
44400,2.09275,11258.0,1.99854
44460,2.24401,11229.2,1.99665
44520,1.80582,11202.0,1.99833
44580,2.23934,11256.2,1.99598
44640,2.05811,11347.6,1.99561
44700,2.00681,11335.3,1.99481
44760,2.24315,11168.4,1.99596
44820,2.18616,11175.8,1.99397
44880,2.08021,11097.0,1.99497
44940,2.19941,11255.4,1.99714
45000,2.40875,11256.5,1.99988
45060,2.30838,11257.9,1.99865
45120,2.24033,11248.8,1.99851
45180,2.16571,11249.7,1.99922
45240,2.24898,11233.6,2.00001
45300,2.506,11306.4,2.00123
45360,2.38538,11325.4,2.00266
45420,2.30896,11406.4,2.00403
45480,2.33382,11449.3,2.00694
45540,2.4923,11415.7,2.00435
45600,2.19617,11280.5,2.00376
45660,2.3851,11497.1,2.00802
45720,2.38933,11523.8,2.00807
45780,2.18056,11357.9,2.00646
45840,2.4995,11506.8,2.00829
45900,2.32631,11408.5,2.00699
45960,2.27063,11383.1,2.01155
46020,2.56433,11603.8,2.0166
46080,2.308,11565.2,2.01816
46140,2.39582,11369.2,2.01181
46200,2.31483,11534.5,2.01543
46260,2.31851,11629.9,2.01485
46320,2.29805,11682.7,2.01444
46380,2.27217,11655.0,2.01027
46440,2.25614,11567.3,2.01317
46500,2.31493,11585.9,2.01783
46560,2.5162,11580.6,2.02076
46620,2.3143,11660.5,2.01882
46680,2.27848,11834.7,2.0152
46740,2.14984,11743.4,2.00955
46800,1.94854,11823.8,2.0115
46860,2.19949,11824.4,2.01099
46920,2.27305,11760.3,2.0147
46980,2.3686,11663.2,2.00607
47040,2.43947,12100.0,2.01684
47100,2.42885,12170.0,2.01614
47160,2.37298,12120.7,2.01518
47220,2.35225,12026.8,2.0136
47280,2.33546,11997.7,2.01292
47340,2.3726,12012.7,2.01449
47400,2.11146,11866.5,2.01476
47460,2.31294,11936.7,2.01812
47520,2.12116,12058.6,2.02072
47580,2.32428,12032.2,2.03004
47640,2.29413,12130.2,2.03043
47700,2.36713,12203.1,2.04376
47760,2.47007,12338.5,2.05839
47820,2.50917,12151.3,2.06657
47880,2.4756,12268.7,2.06387
47940,2.46108,12240.2,2.06347
48000,2.42919,12252.9,2.06189
48060,2.38059,12477.5,2.05184
48120,2.34012,12278.3,2.07066
48180,2.44354,12282.6,2.06431
48240,2.49895,12399.4,2.05767
48300,2.58512,12203.9,2.07301
48360,2.46269,12220.9,2.08302
48420,2.38726,12308.5,2.08235
48480,2.21296,12249.6,2.07389
48540,2.26784,12249.9,2.05739
48600,2.523,12437.2,2.07215
48660,2.62941,12374.3,2.07078
48720,2.45436,12428.4,2.05538
48780,2.71624,12696.9,2.07513
48840,2.28801,12577.4,2.05434
48900,2.28539,12477.5,2.03449
48960,2.37545,12504.9,2.03832
49020,1.9988,12472.1,2.04139
49080,2.04776,12550.9,2.03402
49140,2.12632,12427.1,2.02111
49200,2.03261,12413.8,2.01391
49260,2.00346,12472.3,2.00938
49320,1.97143,12582.7,2.01103
49380,1.92452,12594.3,2.017
49440,2.03691,12745.5,2.01363
49500,1.9799,12686.7,2.01291
49560,1.93124,12927.0,2.0122
49620,1.78652,12775.6,2.01511
49680,2.00764,13005.9,2.01359
49740,1.90913,12755.3,2.00654
49800,1.5938,12797.9,2.00702
49860,1.87467,13022.1,2.00826
49920,1.96013,12939.4,2.00318
49980,1.90819,12928.4,1.9994
50040,1.74102,13028.7,1.9976
50100,1.80377,13130.9,2.00082
50160,2.01256,13159.3,1.99809
50220,1.7962,13080.8,1.99642
50280,1.82042,13148.1,1.99656
50340,1.7421,13114.9,1.9971
50400,1.82581,13417.8,1.9999
50460,1.87187,13256.5,1.99682
50520,1.73777,13315.8,1.99667
50580,1.78712,13352.2,1.99932
50640,1.63574,13359.0,1.99643
50700,1.91926,13305.8,2.00031
50760,2.1558,13574.6,2.00161
50820,2.17063,13833.3,1.99952
50880,2.44104,13884.9,2.0027
50940,2.47645,14018.6,2.00482
51000,2.16531,14076.3,2.00714
51060,2.27512,13815.8,2.00279
51120,2.05906,13886.6,2.00569
51180,2.18669,13846.4,2.00496
51240,2.0432,14374.5,2.01237
51300,2.092,14207.8,2.00635
51360,2.29244,14613.9,2.01127
51420,2.53544,14245.4,2.00857
51480,1.96999,13968.3,2.00525
51540,2.27071,14245.3,2.00532
51600,2.45509,14345.7,2.00513
51660,2.30267,14630.7,2.0035
51720,2.52065,14320.9,2.00102
51780,2.01673,14387.4,2.00421
51840,2.16727,14549.8,1.99926
51900,2.17632,14181.2,2.00001
51960,2.01769,13859.6,1.99921
52020,2.25544,14236.6,1.99708
52080,2.22569,14273.3,1.99611
52140,2.39323,15032.9,1.99755
52200,2.50371,15010.3,1.99482
52260,2.11512,14047.0,1.99797
52320,2.45861,14382.0,1.99794
52380,2.22842,13777.9,1.99363
52440,2.17655,14478.2,1.99223
52500,2.41751,14674.5,1.99355
52560,2.29419,14529.0,1.99379
52620,2.37925,14523.9,1.99459
52680,2.20595,14578.8,1.9943
52740,1.94403,13954.4,1.99298
52800,2.18008,13910.9,1.99055
52860,2.04052,13871.3,1.99347
52920,2.12635,14091.5,1.9934
52980,2.43275,15341.4,1.99512
53040,2.24079,14932.5,1.99454
53100,2.17984,14724.6,1.99884
53160,2.14495,14500.9,1.99668
53220,2.14556,14455.9,1.99551
53280,2.45993,14928.4,1.99596
53340,2.26074,15114.5,1.99282
53400,2.43801,15326.8,1.99489
53460,2.33741,15375.6,1.99534
53520,2.20778,14564.7,1.9926
53580,2.39711,14703.1,1.99244
53640,2.37733,14670.2,1.99461
53700,2.14528,14767.9,1.99192
53760,2.189,15455.1,1.99238
53820,2.5648,15723.9,1.9939
53880,2.51055,15591.9,1.99143
53940,2.60918,15553.3,1.9904
54000,2.5826,15833.8,1.9914
54060,2.56753,15024.4,1.99083
54120,2.48766,14939.1,1.98977
54180,2.68251,15326.2,1.99486
54240,2.56183,16217.0,1.99955
54300,2.65893,15857.6,1.99953
54360,2.43394,15919.2,1.99964
54420,2.7076,16048.1,2.00527
54480,2.7764,16184.2,2.00515
54540,2.85265,16485.0,2.0138
54600,3.14879,16713.3,2.01354
54660,3.09031,16563.8,2.01332
54720,2.72237,16446.7,2.009
54780,2.787,16503.6,2.00759
54840,2.76677,16750.3,2.00594
54900,2.92469,15961.0,1.99898
54960,2.77013,16015.9,1.99664
55020,2.87103,16069.9,1.99838
55080,3.10281,16163.0,1.99605
55140,2.73765,16372.4,1.99526
55200,2.75632,16017.0,1.99395
55260,2.54258,15434.6,1.98767
55320,2.85642,15643.5,1.98601
55380,2.79409,16470.6,1.98787
55440,2.80281,15957.5,1.98481
55500,3.09106,16191.7,1.98684
55560,2.99901,15689.5,1.98681
55620,2.91137,15523.6,1.98068
55680,2.86973,15840.1,1.97836
55740,2.22316,13631.8,1.9664
55800,2.36209,13667.6,1.96502
55860,2.46385,13838.0,1.9645
55920,2.54037,14545.7,1.9672
55980,2.57544,14575.0,1.96707
56040,2.46218,14434.8,1.96553
56100,2.83264,13898.7,1.96466
56160,2.22116,12847.5,1.95009
56220,1.99195,12428.8,1.94892
56280,2.15813,12730.1,1.95084
56340,2.29861,12791.0,1.94922
56400,2.25286,12813.3,1.94884
56460,2.31434,12922.5,1.94746
56520,2.19483,12506.6,1.94773
56580,2.23198,12686.3,1.94711
56640,2.20169,12578.1,1.94782
56700,2.24504,12465.9,1.94921
56760,2.07477,13215.2,1.94744
56820,2.38718,13039.6,1.95232
56880,2.06761,12819.0,1.95234
56940,2.15741,13050.3,1.95054
57000,2.4028,12926.4,1.95154
57060,2.19082,12747.5,1.94784
57120,2.15686,12941.2,1.94979
57180,2.17577,13051.0,1.94959
57240,2.15184,13186.3,1.94662
57300,2.35901,12679.9,1.94689
57360,2.29449,12490.1,1.94855
57420,2.25974,12819.1,1.94517
57480,2.33974,12795.5,1.94939
57540,2.0912,12801.3,1.94828
57600,2.3481,13174.0,1.95071
57660,2.48589,13569.9,1.95051
57720,2.46926,13526.9,1.94981
57780,2.62792,13642.6,1.94985
57840,2.53943,14120.7,1.95049
57900,3.0118,14609.6,1.94794
57960,2.71237,13436.5,1.94937
58020,2.56053,13740.8,1.94993
58080,2.26742,13524.7,1.95077
58140,2.68523,14687.2,1.94732
58200,2.69067,14677.3,1.94746
58260,2.70003,14228.6,1.94831
58320,2.60044,13352.9,1.94624
58380,2.45522,13737.6,1.94476
58440,2.68637,13924.0,1.94514
58500,2.5903,13375.1,1.94202
58560,2.52062,14538.2,1.94107
58620,2.35503,13379.2,1.94706
58680,2.57041,13866.6,1.94297
58740,2.73381,13624.9,1.94298
58800,2.99901,14056.7,1.94244
58860,2.50178,13671.3,1.94003
58920,2.76647,13843.2,1.94328
58980,2.76469,14331.1,1.94003
59040,2.6496,14704.7,1.94112
59100,2.8368,14934.3,1.94024
59160,2.72121,14631.9,1.93827
59220,2.88081,14459.7,1.94281
59280,2.70396,14210.1,1.9391
59340,2.7526,14175.5,1.93897
59400,2.6705,13627.7,1.93894
59460,2.80432,14351.3,1.93815
59520,2.89485,14400.0,1.93578
59580,2.90752,13956.3,1.93085
59640,2.77049,14141.4,1.93523
59700,2.88131,13962.5,1.93282
59760,2.77965,14030.2,1.93289
59820,2.67464,14387.4,1.93191
59880,2.1456,13414.0,1.91735
59940,2.11237,13167.7,1.91305
60000,1.93338,13466.6,1.91254
60060,2.01258,13255.4,1.90694
60120,1.883,13021.0,1.90727
60180,1.9984,13046.3,1.90698
60240,2.04465,13172.7,1.90553
60300,1.86199,13022.5,1.90323
60360,2.07131,13196.2,1.90221
60420,1.96796,13274.1,1.90059
60480,1.70056,13074.9,1.90171
60540,1.63678,12978.4,1.90414
60600,1.59177,12974.2,1.90318
60660,1.95351,13099.2,1.90358
60720,1.93495,13046.6,1.90638
60780,1.88918,13061.9,1.90362
60840,1.81553,13064.6,1.90291
60900,2.00676,13129.9,1.90291
60960,1.90889,13287.3,1.90685
61020,1.92991,13329.7,1.90237
61080,2.0878,13242.0,1.90417
61140,2.24234,13490.4,1.90609
61200,2.09294,13461.6,1.9046
61260,1.95367,13387.4,1.90329
61320,2.054,13336.4,1.90468
61380,2.13942,13228.9,1.90088
61440,1.79635,13218.6,1.90058
61500,1.80609,13061.5,1.90141
61560,1.72558,13102.8,1.89866
61620,1.78548,13190.3,1.89807
61680,1.75846,13217.6,1.9008
61740,2.04743,13332.4,1.89943
61800,1.87203,13271.7,1.89966
61860,1.8486,13452.2,1.89855
61920,1.94713,13675.8,1.90073
61980,1.86994,13712.7,1.90013
62040,1.96048,13597.0,1.89946
62100,1.81217,13443.7,1.89873
62160,1.84822,13598.1,1.89817
62220,2.18397,13511.8,1.89916
62280,1.95001,13748.5,1.89975
62340,1.95342,13609.4,1.89858
62400,1.96267,13429.3,1.89767
62460,1.87418,13577.2,1.89588
62520,2.00534,13916.2,1.8969
62580,1.89811,13863.9,1.89407
62640,2.0193,13804.6,1.89576
62700,1.76334,13681.3,1.89026
62760,1.73323,13594.2,1.89103
62820,1.7668,13681.8,1.88903
62880,1.61551,13698.5,1.89068
62940,1.51745,13837.9,1.88966
63000,1.65634,13903.8,1.89278
63060,1.64242,13873.1,1.89291
63120,1.72324,13795.2,1.89083
63180,1.62681,13938.5,1.89104
63240,1.32325,13701.4,1.89065
63300,1.48168,13823.0,1.89141
63360,1.48197,13870.0,1.89047
63420,1.55887,13846.3,1.89051
63480,1.05749,13736.8,1.8895
63540,1.24192,13678.7,1.88709
63600,1.43883,13627.3,1.88872
63660,1.44905,13806.3,1.88803
63720,1.25138,13659.9,1.89141
63780,1.29784,13736.9,1.88816
63840,1.37856,13609.2,1.89099
63900,1.77352,13619.8,1.89291
63960,1.37971,13670.0,1.895
64020,1.62296,13588.2,1.89051
64080,1.63933,13551.4,1.89196
64140,1.51652,13584.1,1.89042
64200,1.56291,13664.9,1.89209
64260,1.6231,13692.7,1.89303
64320,1.92998,13721.0,1.89549
64380,1.88094,13500.5,1.90077
64440,1.7598,13546.3,1.90065
64500,1.66702,13526.6,1.90509
64560,1.99792,13401.6,1.91027
64620,2.11035,13431.2,1.9105
64680,2.12053,13432.9,1.91229
