CampaignData_and_Merges/R0/CSL_MobileLab_Parked/raw/20240817/USOS-NOy-LIF_MobileLabGround_20240817_R0.ict
39,1001
Rollins, A.; Waxman, E.; Zuraski, K.; Chace, W.
NOAA Chemical Sciences Laboratory
LIF NO/NOx/NOy on CSL Mobile Lab
AMMBEC / USOS
1, 1
2024,08,17, 2025,01,06
1
Time_Start, seconds, number_of_seconds_since_0000_UTC
7
1, 1, 1, 1, 1, 1, 1
-9999, -9999, -9999, -9999, -9999, -9999, -9999
Time_Stop, seconds, number_of_seconds_since_0000_UTC
NO_LIF, pptv, Gas_NO_InSitu_S_AVMR, volume mixing ratio of nitric oxide in air
NO2_LIF, pptv, Gas_NO2_InSitu_S_AVMR, volume mixing ratio of nitrogen dioxide in air
NOy_LIF, pptv, Gas_NOy_InSitu_S_AVMR, volume mixing ratio of total oxidized nitrogen in air
NO_LIF_1SigmaAccuracy, pptv, Gas_NO_InSitu_S_AVMR, volume mixing ratio of nitric oxide in air
NO2_LIF_1SigmaAccuracy, pptv, Gas_NO2_InSitu_S_AVMR, volume mixing ratio of nitrogen dioxide in air
NOy_LIF_1SigmaAccuracy, pptv, Gas_NOy_InSitu_S_AVMR, volume mixing ratio of total oxidized nitrogen in air
0
18
PI_CONTACT_INFO: andrew.rollins@noaa.gov
PLATFORM: CSL Mobile Lab
LOCATION: Salt Lake City, UT
ASSOCIATED_DATA:
INSTRUMENT_INFO: NO detection by laser induced fluorescence. NO2 detection by photolytic conversion to NO. NOy detection by catalytic conversion to NO on gold surface
DATA_INFO:
UNCERTAINTY: Included 1 Sigma Accuracy waves represent the combined calibration uncertainties (±6%, ±9%, ±10%) and zero uncertainties (3 ppt, 20 ppt, 100 ppt) for NO, NO2, and NOy, respectively.
ULOD_FLAG: -7777
ULOD_VALUE: N/A
LLOD_FLAG: -8888
LLOD_VALUE: N/A
DM_CONTACT_INFO: andrew.rollins@noaa.gov
PROJECT_INFO: USOS Project, July - August 2024
STIPULATIONS_ON_USE: Users are strongly encouraged to contact the PI for proper data usage.
OTHER_COMMENTS:
REVISION: R0
R0: final data
Time_Start, Time_Stop, NO_LIF, NO2_LIF, NOy_LIF, NO_LIF_1SigmaAccuracy, NO2_LIF_1SigmaAccuracy, NOy_LIF_1SigmaAccuracy
[from data line 1079]
   64740,   64800,158.92,5852.5,6825.6,12.535, 546.72, 782.56
   64800,   64860,155.13,5992.4,7077.9,12.308, 559.31, 807.79
   64860,   64920,105.8,5558,6429,9.3483, 520.22, 742.9
   64920,   64980,101.91,5446.7,6302.3,9.1148, 510.2, 730.23
   64980,   65040,140.77,5803.9,6662.6,11.446, 542.35, 766.26
   65040,   65100,233.82,6452,7499.2,17.029, 600.68, 849.92
   65100,   65160,170.25,6583.9,7492.6,13.215, 612.55, 849.26
   65160,   65220,158.07,5254.7,6075.7,12.484, 492.92, 707.57
   65220,   65280,114.48,4322.4,5040,9.8685, 409.02, 604
   65280,   65340,97.327,4329.8,4971.4,8.8396, 409.68, 597.14
   65340,   65400,106.75,4712.3,5324.8,9.4049, 444.11, 632.48
   65400,   65460,174.45,4481.9,5214.9,13.467, 423.37, 621.49
   65460,   65520,133.86,3953.2,4565,11.032, 375.79, 556.5
   65520,   65580,124.66,3574.9,4138.3,10.479, 341.74, 513.83
   65580,   65640,132.86,3291,3854.5,10.971, 316.19, 485.45
   65640,   65700,211.92,3473.9,4048.5,15.715, 332.65, 504.85
   65700,   65760,198.84,3538.2,4032.9,14.93, 338.44, 503.29
   65760,   65820,158.51,3513.5,4099.3,12.51, 336.21, 509.93
   65820,   65880,140.24,3249,3609.7,11.415, 312.41, 460.97
   65880,   65940,128.94,3065.7,3389.4,10.736, 295.91, 438.94
   65940,   66000,133.75,3192,3471.9,11.025, 307.28, 447.19
   66000,   66060,145.92,3560.8,3952.1,11.755, 340.47, 495.21
   66060,   66120,180.94,3779.3,4162.7,13.856, 360.14, 516.27
   66120,   66180,199.95,3931.9,4406.5,14.997, 373.87, 540.65
   66180,   66240,164.78,3581.5,4171.6,12.887, 342.34, 517.16
   66240,   66300,143.26,3714.2,4146.7,11.596, 354.28, 514.67
   66300,   66360,184.19,3863.1,4273.7,14.052, 367.68, 527.37
   66360,   66420,217.87,4056.2,4478.5,16.072, 385.05, 547.85
   66420,   66480,270.25,4582.8,4986.4,19.215, 432.45, 598.64
   66480,   66540,227.84,4408.7,4892.5,16.67, 416.78, 589.25
   66540,   66600,261.45,4662.9,5097.4,18.687, 439.66, 609.74
   66600,   66660,239.09,4876.1,5299.2,17.345, 458.85, 629.92
   66660,   66720,220.94,5011.1,5401.9,16.256, 471, 640.19
   66720,   66780,234.51,5262.2,5676.7,17.071, 493.6, 667.67
   66780,   66840,181.25,5136,5547.2,13.875, 482.24, 654.72
   66840,   66900,165.97,5106.5,5629.1,12.958, 479.59, 662.91
   66900,   66960,241.38,5491,5535.5,17.483, 514.19, 653.55
   66960,   67020,1041,8156.1,6321.4,65.461, 754.05, 732.14
   67020,   67080,1074.4,7996.1,9750.7,67.463, 739.65, 1075.1
   67080,   67140,5078.3,9849.3,13243,307.7, 906.44, 1424.3
   67140,   67200,6367.1,13180,15573,385.03, 1206.2, 1657.3
   67200,   67260,10528,13179,29164,634.66, 1206.1, 3016.4
   67260,   67320,876.7,7240.1,13668,55.602, 671.61, 1466.8
   67320,   67380,741.36,6402.2,7619.7,47.482, 596.2, 861.97
   67380,   67440,397.72,5486.8,6832.5,26.863, 513.82, 783.25
   67440,   67500,229.09,4770.4,5692.2,16.745, 449.33, 669.22
   67500,   67560,311.86,4531.2,5279.4,21.711, 427.81, 627.94
   67560,   67620,202.18,3978.2,4705.5,15.131, 378.04, 570.55
   67620,   67680,492.44,4567.1,4881.6,32.546, 431.04, 588.16
   67680,   67740,266.09,4309.2,5049.3,18.965, 407.83, 604.93
   67740,   67800,256.66,4754.7,5057.2,18.4, 447.93, 605.72
   67800,   67860,427.87,6528.2,6661.5,28.672, 607.54, 766.15
   67860,   67920,257.24,5715.4,6602.8,18.434, 534.38, 760.28
   67920,   67980,84.298,3488.5,3920.5,8.0579, 333.97, 492.05
   67980,   68040,87.127,3613.7,3963.4,8.2276, 345.24, 496.34
   68040,   68100,88.125,3667.7,4147.3,8.2875, 350.09, 514.73
   68100,   68160,346.29,4451,4359.2,23.777, 420.59, 535.92
   68160,   68220,684.96,4826.1,5257.9,44.098, 454.35, 625.79
   68220,   68280,452.2,4642.3,6770.8,30.132, 437.8, 777.08
   68280,   68340,1112.3,5597.5,6029.5,69.737, 523.77, 702.95
   68340,   68400,442.37,4705,5827.7,29.542, 443.45, 682.77
   68400,   68460,414.41,4579.1,5507.2,27.865, 432.12, 650.72
   68460,   68520,384.67,4875.5,5902.4,26.08, 458.8, 690.24
   68520,   68580,379.16,5137.9,5941,25.75, 482.41, 694.1
   68580,   68640,338.79,5222.5,6663.8,23.327, 490.02, 766.38
   68640,   68700,591.35,5662.8,6698.4,38.481, 529.65, 769.84
   68700,   68760,587.87,5445.6,7081.1,38.272, 510.1, 808.11
   68760,   68820,363.61,4556.4,5573.4,24.817, 430.08, 657.34
   68820,   68880,303.46,4417,5210.2,21.208, 417.53, 621.02
   68880,   68940,335.56,4461.6,5239.7,23.134, 421.54, 623.97
   68940,   69000,366.53,4058,4903,24.992, 385.22, 590.3
   69000,   69060,441.45,4399.5,5072.3,29.487, 415.95, 607.23
   69060,   69120,847.14,5487.5,6159,53.828, 513.88, 715.9
   69120,   69180,412.21,4367,5634.5,27.733, 413.03, 663.45
   69180,   69240,469.38,4496.1,5459.5,31.163, 424.65, 645.95
   69240,   69300,523.31,4450.6,5426.5,34.398, 420.55, 642.65
   69300,   69360,947.43,4808.2,5931.6,59.846, 452.74, 693.16
   69360,   69420,1313,5647.8,7117.6,81.779, 528.3, 811.76
   69420,   69480,2143.7,5329.8,7296.5,131.62, 499.68, 829.65
   69480,   69540,703.07,4709.8,6502.3,45.184, 443.88, 750.23
   69540,   69600,903.27,4507.9,5789.1,57.196, 425.71, 678.91
   69600,   69660,973.67,5069.2,6278,61.42, 476.23, 727.8
   69660,   69720,1433.4,4812.3,6377.2,89.006, 453.11, 737.72
   69720,   69780,1832.9,5380,7954.7,112.97, 504.2, 895.47
   69780,   69840,3633.1,6842.4,10908,220.99, 635.81, 1190.8
   69840,   69900,2430.8,6410.7,10144,148.85, 596.97, 1114.4
   69900,   69960,1122.3,4437.2,6543.8,70.336, 419.35, 754.38
   69960,   70020,813.62,3712.3,5231.6,51.817, 354.11, 623.16
   70020,   70080,1079,3643.7,4999,67.742, 347.93, 599.9
   70080,   70140,950.4,3522.6,5016.6,60.024, 337.04, 601.66
   70140,   70200,678.77,3066.8,4293.9,43.726, 296.01, 529.39
   70200,   70260,1059.2,3501.8,4499.2,66.55, 335.16, 549.92
   70260,   70320,745.84,3143.7,4452.8,47.75, 302.93, 545.28
   70320,   70380,1217.1,3239.8,4687.2,76.024, 311.58, 568.72
   70380,   70440,1153.5,3355.4,4975.4,72.213, 321.98, 597.54
   70440,   70500,818.39,2762.3,4205.2,52.103, 268.61, 520.52
   70500,   70560,749.04,2526.8,3741.9,47.942, 247.41, 474.19
   70560,   70620,635.2,2290.7,3346.7,41.112, 226.16, 434.67
   70620,   70680,1765.8,2999.7,4396.6,108.95, 289.97, 539.66
   70680,   70740,771.02,2310.3,4273.1,49.261, 227.92, 527.31
   70740,   70800,1137.9,2792.1,4328.7,71.271, 271.29, 532.87
   70800,   70860,938.46,2635.4,4209.4,59.308, 257.19, 520.94
   70860,   70920,1118.1,2628.9,4367.1,70.083, 256.6, 536.71
   70920,   70980,959.33,2372.7,4223.8,60.56, 233.55, 522.38
   70980,   71040,750.82,1981.7,3412.2,48.049, 198.35, 441.22
   71040,   71100,682.2,1892.2,3025,43.932, 190.29, 402.5
   71100,   71160,1167.5,2296.3,3513.4,73.053, 226.66, 451.34
   71160,   71220,791.22,2234.9,3513,50.473, 221.14, 451.3
   71220,   71280,1525,2990.3,4923.2,94.5, 289.13, 592.32
   71280,   71340,1022,2759.4,4410.5,64.321, 268.35, 541.05
   71340,   71400,794.11,2163.5,3503.4,50.647, 214.72, 450.34
   71400,   71460,700.09,2075.3,3440.3,45.005, 206.78, 444.03
   71460,   71520,610.44,2095.3,3294.4,39.627, 208.58, 429.44
   71520,   71580,532.83,1909.7,3072,34.97, 191.88, 407.2
   71580,   71640,406,1673,2657.1,27.36, 170.57, 365.71
   71640,   71700,355.96,1530.3,2419.2,24.358, 157.73, 341.92
   71700,   71760,-9999,-9999,-9999,-9999, -9999, -9999
   71760,   71820,-9999,-9999,-9999,-9999, -9999, -9999
   71820,   71880,-9999,-9999,-9999,-9999, -9999, -9999
   71880,   71940,-9999,-9999,-9999,-9999, -9999, -9999
   71940,   72000,-9999,-9999,-9999,-9999, -9999, -9999
   72000,   72060,-9999,-9999,-9999,-9999, -9999, -9999
   72060,   72120,-9999,-9999,-9999,-9999, -9999, -9999
   72120,   72180,315.67,1712.1,2650,21.94, 174.08, 365
   72180,   72240,259.99,1691.6,2585.1,18.599, 172.24, 358.51
   72240,   72300,424.89,1986.6,2895,28.493, 198.79, 389.5
   72300,   72360,220.01,1679.2,2538.5,16.201, 171.13, 353.85
   72360,   72420,365.72,1793.7,2544.1,24.943, 181.44, 354.41
   72420,   72480,333.12,2009.3,2926.5,22.987, 200.84, 392.65
   72480,   72540,219.23,1816.9,2817.1,16.154, 183.52, 381.71
   72540,   72600,241.13,2209.7,2750.1,17.468, 218.87, 375.01
   72600,   72660,189.7,2042.1,2770.9,14.382, 203.79, 377.09
   72660,   72720,205.24,2056.3,2649.8,15.314, 205.07, 364.98
   72720,   72780,189.53,2233.8,2887.3,14.372, 221.04, 388.73
   72780,   72840,158.28,2027.8,2776.1,12.497, 202.5, 377.61
   72840,   72900,139.22,1781.8,2500.1,11.353, 180.36, 350.01
   72900,   72960,150.65,1675.1,2271.9,12.039, 170.76, 327.19
   72960,   73020,182.48,1925.2,2530.8,13.949, 193.27, 353.08
   73020,   73080,186.64,1872,2734.8,14.198, 188.48, 373.48
   73080,   73140,138.89,1679.9,2302.3,11.333, 171.19, 330.23
   73140,   73200,247.25,2690.2,3222.3,17.835, 262.12, 422.23
   73200,   73260,300.39,3192.1,4632.9,21.023, 307.29, 563.29
   73260,   73320,339.59,3102.2,4061.1,23.376, 299.2, 506.11
   73320,   73380,214.49,2413.8,3185.5,15.869, 237.24, 418.55
   73380,   73440,233.28,2531.3,3320.4,16.997, 247.81, 432.04
   73440,   73500,222.16,2513.1,3382.9,16.33, 246.18, 438.29
   73500,   73560,197.86,2500.5,3186.4,14.871, 245.04, 418.64
   73560,   73620,205.79,2414.9,3182.6,15.347, 237.34, 418.26
   73620,   73680,292.62,2978.8,3518.1,20.557, 288.1, 451.81
   73680,   73740,395.31,3254.9,4028,26.719, 312.94, 502.8
   73740,   73800,472.77,3718.4,4400.8,31.366, 354.65, 540.08
   73800,   73860,560.96,4091.9,4965.4,36.657, 388.27, 596.54
   73860,   73920,586.15,4498,5464.8,38.169, 424.82, 646.48
   73920,   73980,660.25,5774.8,6646.6,42.615, 539.73, 764.66
   73980,   74040,665.65,6399.8,7690.2,42.939, 595.98, 869.02
   74040,   74100,654.24,7321.5,8661.3,42.254, 678.93, 966.13
   74100,   74160,580.93,7510.1,8766,37.856, 695.91, 976.6
   74160,   74220,829.47,8400.4,9489.4,52.768, 776.03, 1048.9
   74220,   74280,798,9175.6,10682,50.88, 845.8, 1168.2
   74280,   74340,656.74,9271.1,10663,42.405, 854.4, 1166.3
   74340,   74400,574.88,9180.9,10598,37.493, 846.28, 1159.8
   74400,   74460,532.55,9076.8,10383,34.953, 836.91, 1138.3
   74460,   74520,467.16,9604,10801,31.029, 884.36, 1180.1
   74520,   74580,434.73,10679,11863,29.084, 981.07, 1286.3
   74580,   74640,437.33,10433,11547,29.24, 958.95, 1254.7
   74640,   74700,415.69,10042,11064,27.941, 923.78, 1206.4
   74700,   74760,535.56,10028,11246,35.134, 922.54, 1224.6
   74760,   74820,613.12,10318,11482,39.787, 948.59, 1248.2
   74820,   74880,487.62,9767.4,10792,32.257, 899.06, 1179.2
   74880,   74940,453.59,9061.3,10182,30.215, 835.52, 1118.2
   74940,   75000,408.31,9271.7,10001,27.499, 854.46, 1100.1
   75000,   75060,425.95,9582.5,10067,28.557, 882.43, 1106.7
   75060,   75120,1128.8,10744,10115,70.73, 986.95, 1111.5
   75120,   75180,1970,12113,12508,121.2, 1110.1, 1350.8
   75180,   75240,1171.4,10846,14325,73.285, 996.18, 1532.5
   75240,   75300,781.84,8940.4,12020,49.91, 824.64, 1302
   75300,   75360,2751.5,10273,13086,168.09, 944.54, 1408.6
   75360,   75420,808.46,8598.4,11344,51.508, 793.85, 1234.4
   75420,   75480,1009.5,9555.4,10579,63.571, 879.99, 1157.9
   75480,   75540,829.09,9183.1,10388,52.745, 846.48, 1138.8
   75540,   75600,842.84,9249.9,10482,53.57, 852.49, 1148.2
   75600,   75660,3097,10410,11506,188.82, 956.87, 1250.6
   75660,   75720,1613.8,9333.8,13290,99.828, 860.04, 1429
   75720,   75780,2118.4,9121.8,11994,130.1, 840.96, 1299.4
   75780,   75840,893.22,7857.5,9480,56.593, 727.17, 1048
   75840,   75900,677.1,7336.6,8665.9,43.626, 680.3, 966.59
   75900,   75960,2219.4,7902.3,9795.1,136.17, 731.21, 1079.5
   75960,   76020,619.62,6954.5,8603,40.177, 645.91, 960.3
   76020,   76080,1399,7120.5,8517.8,86.937, 660.84, 951.78
   76080,   76140,981.53,6681.9,8844.6,61.892, 621.37, 984.46
   76140,   76200,750.78,5917.9,7165.7,48.047, 552.61, 816.57
   76200,   76260,651.97,5685.3,6717,42.118, 531.68, 771.7
   76260,   76320,583.07,5353.9,6257.3,37.984, 501.85, 725.73
   76320,   76380,575.76,5312.3,6271.8,37.546, 498.11, 727.18
   76380,   76440,509.04,5017.3,6066.7,33.542, 471.56, 706.67
   76440,   76500,650.21,5152.2,6241.1,42.013, 483.7, 724.11
   76500,   76560,700.8,5235.3,6192.5,45.048, 491.18, 719.25
   76560,   76620,646.66,5256.9,6257.4,41.8, 493.12, 725.74
   76620,   76680,628.28,5278.1,6341.4,40.697, 495.03, 734.14
   76680,   76740,503.08,4662.5,5761.8,33.185, 439.62, 676.18
   76740,   76800,464.68,4198.4,5224.6,30.881, 397.85, 622.46
   76800,   76860,738.81,4206.5,5122.9,47.329, 398.58, 612.29
   76860,   76920,620.63,4092.8,5397.4,40.238, 388.35, 639.74
   76920,   76980,399.18,3490.9,4590.5,26.951, 334.18, 559.05
   76980,   77040,405.92,2988,3795.3,27.355, 288.92, 479.53
   77040,   77100,271.11,2366.6,3160.4,19.266, 232.99, 416.04
   77100,   77160,479.85,2518,3065.5,31.791, 246.62, 406.55
   77160,   77220,968.45,3171.6,4207.9,61.107, 305.44, 520.79
   77220,   77280,578.02,2706.4,3834,37.681, 263.57, 483.4
   77280,   77340,560.32,2564.5,3617.1,36.619, 250.8, 461.71
   77340,   77400,443.44,2694.5,3507.6,29.606, 262.51, 450.76
   77400,   77460,365.24,2188.6,3030.2,24.914, 216.98, 403.02
   77460,   77520,483.42,2091,3036.7,32.005, 208.19, 403.67
   77520,   77580,483.82,1972.3,2985,32.029, 197.51, 398.5
   77580,   77640,516.79,1907,2719.7,34.007, 191.63, 371.97
   77640,   77700,607.18,1984.9,3037.8,39.431, 198.64, 403.78
   77700,   77760,361.88,1953.9,2741.3,24.713, 195.85, 374.13
   77760,   77820,1866.8,4089.1,5320.4,115.01, 388.02, 632.04
   77820,   77880,1018.7,3582.5,6383.8,64.12, 342.42, 738.38
   77880,   77940,409.55,1852,3469.2,27.573, 186.68, 446.92
   77940,   78000,493.5,2081.7,3081.7,32.61, 207.36, 408.17
   78000,   78060,336.79,1741.6,2673.9,23.207, 176.75, 367.39
   78060,   78120,361.81,1497.9,2279.4,24.709, 154.81, 327.94
   78120,   78180,409.4,1558.4,2470.3,27.564, 160.26, 347.03
   78180,   78240,586.75,1580.1,2435.7,38.205, 162.2, 343.57
   78240,   78300,1384.3,3125.2,4120.7,86.057, 301.26, 512.07
   78300,   78360,1479.1,2988.7,5030.6,91.748, 288.98, 603.06
   78360,   78420,1297,2627.1,4913.4,80.819, 256.44, 591.34
   78420,   78480,875.68,1980.6,4403.7,55.541, 198.26, 540.37
   78480,   78540,492.34,1407.6,2817.5,32.54, 146.68, 381.75
   78540,   78600,793.26,1756.5,3180.5,50.596, 178.08, 418.05
   78600,   78660,565.35,1543.2,2938.1,36.921, 158.88, 393.81
   78660,   78720,905.61,1997.8,3100.4,57.336, 199.8, 410.04
   78720,   78780,876.57,2259.4,3525.8,55.594, 223.34, 452.58
   78780,   78840,2104.2,3848.2,5825.9,129.25, 366.34, 682.59
   78840,   78900,1343.8,2990.4,5276.9,83.631, 289.14, 627.69
   78900,   78960,840.15,2162,4056.2,53.409, 214.58, 505.62
   78960,   79020,884.35,2285.5,4071.9,56.061, 225.7, 507.19
   79020,   79080,984.62,2101.3,3293.3,62.077, 209.11, 429.33
   79080,   79140,748.23,1961.8,3567.3,47.894, 196.56, 456.73
   79140,   79200,1279.1,2876.9,3777.7,79.745, 278.92, 477.77
   79200,   79260,2144.1,3742.1,5447.1,131.65, 356.79, 644.71
   79260,   79320,1869.1,3494.8,6015.5,115.15, 334.53, 701.55
   79320,   79380,1282,2822.6,4930.9,79.922, 274.03, 593.09
   79380,   79440,1175.6,2445.4,3998.6,73.537, 240.09, 499.86
   79440,   79500,1267.6,2888.2,4112.3,79.058, 279.93, 511.23
   79500,   79560,2707.8,4650.1,6239,165.47, 438.51, 723.9
   79560,   79620,1698.5,3242.1,6124.3,104.91, 311.79, 712.43
   79620,   79680,1115.8,2288.2,5209.3,69.948, 225.93, 620.93
   79680,   79740,-9999,-9999,-9999,-9999, -9999, -9999
   79740,   79800,-9999,-9999,-9999,-9999, -9999, -9999
   79800,   79860,-9999,-9999,-9999,-9999, -9999, -9999
   79860,   79920,-9999,-9999,-9999,-9999, -9999, -9999
   79920,   79980,-9999,-9999,-9999,-9999, -9999, -9999
   79980,   80040,-9999,-9999,-9999,-9999, -9999, -9999
   80040,   80100,-9999,-9999,-9999,-9999, -9999, -9999
   80100,   80160,550.64,1417.4,2284.8,36.038, 147.56, 328.48
   80160,   80220,410.49,1145.2,2218.3,27.63, 123.07, 321.83
   80220,   80280,418.62,1266.9,2044.5,28.117, 134.02, 304.45
   80280,   80340,722.73,1722.8,2642.4,46.364, 175.05, 364.24
   80340,   80400,365.36,1127.6,2290.9,24.922, 121.49, 329.09
   80400,   80460,2017.7,3687.8,3016.4,124.06, 351.91, 401.64
