CampaignData_and_Merges/R0/CSL_MobileLab_Parked/raw/20240817/USOS-POPS_MobileLabGround_20240817_R0.ict
78, 1001
Thornberry, T. D.
NOAA Chemical Sciences Laboratory
Portable Optical Particle Spectrometer (POPS)
USOS
1, 1
2024, 08, 17, 2025, 05, 08
60
Time_Start, seconds_past_midnight, Start time of measurement
45
1, 1, 1, 1, 1, 1, 1, 1, 1, 1, 1, 1, 1, 1, 1, 1, 1, 1, 1, 1, 1, 1, 1, 1, 1, 1, 1, 1, 1, 1, 1, 1, 1, 1, 1, 1, 1, 1, 1, 1, 1, 1, 1, 1, 1
-9999, -9999, -9999, -9999, -9999, -9999, -9999, -9999, -9999, -9999, -9999, -9999, -9999, -9999, -9999, -9999, -9999, -9999, -9999, -9999, -9999, -9999, -9999, -9999, -9999, -9999, -9999, -9999, -9999, -9999, -9999, -9999, -9999, -9999, -9999, -9999, -9999, -9999, -9999, -9999, -9999, -9999, -9999, -9999, -9999
Time_Stop, seconds_past_midnight, Stop time of measurement
Time_Mid, seconds_past_midnight, Mid time of measurement
Press_mb, mb, Pressure reported (mb)
Temp_C, degrees C, POPS temperature measurement
Aerosol_concentration, cm^-3, Aerosol concentration
Surface_Area_Conc, um^2 cm^-3, Surface area concentration
Volume_density, um^3 cm^-3, Volume density
Effective_radius, um, Effective radius
Extinction, km^-1, Extinction
Bin01, cm^-3, particle concentration in size range [1401 - 146.3 nm]
Bin02, cm^-3, particle concentration in size range [146.3 - 152.8 nm]
Bin03, cm^-3, particle concentration in size range [152.8 - 159.6 nm]
Bin04, cm^-3, particle concentration in size range [159.6 - 166.8 nm]
Bin05, cm^-3, particle concentration in size range [166.8 - 174.2 nm]
Bin06, cm^-3, particle concentration in size range [174.2 - 181.9 nm]
Bin07, cm^-3, particle concentration in size range [181.9 - 190.0 nm]
Bin08, cm^-3, particle concentration in size range [190.0 - 198.5 nm]
Bin09, cm^-3, particle concentration in size range [198.5 - 207.4 nm]
Bin10, cm^-3, particle concentration in size range [207.4 - 216.6 nm]
Bin11, cm^-3, particle concentration in size range [216.6 - 226.2 nm]
Bin12, cm^-3, particle concentration in size range [226.2 - 236.3 nm]
Bin13, cm^-3, particle concentration in size range [236.3 - 246.8 nm]
Bin14, cm^-3, particle concentration in size range [246.8 - 257.8 nm]
Bin15, cm^-3, particle concentration in size range [257.8 - 269.3 nm]
Bin16, cm^-3, particle concentration in size range [269.3 - 343.4 nm]
Bin17, cm^-3, particle concentration in size range [343.4 - 450.7 nm]
Bin18, cm^-3, particle concentration in size range [450.7 - 525.9 nm]
Bin19, cm^-3, particle concentration in size range [525.9 - 618.5 nm]
Bin20, cm^-3, particle concentration in size range [618.5 - 710.0 nm]
Bin21, cm^-3, particle concentration in size range [710.0 - 822.7 nm]
Bin22, cm^-3, particle concentration in size range [822.7 - 885.9 nm]
Bin23, cm^-3, particle concentration in size range [885.9 - 953.9 nm]
Bin24, cm^-3, particle concentration in size range [953.9 - 1027.2 nm]
Bin25, cm^-3, particle concentration in size range [1027.2 - 1106.1 nm]
Bin26, cm^-3, particle concentration in size range [1106.1 - 1191.0 nm]
Bin27, cm^-3, particle concentration in size range [1191.0 - 1282.5 nm]
Bin28, cm^-3, particle concentration in size range [1282.5 - 1381.0 nm]
Bin29, cm^-3, particle concentration in size range [1381.0 - 1487.1 nm]
Bin30, cm^-3, particle concentration in size range [1487.1 - 1601.3 nm]
Bin31, cm^-3, particle concentration in size range [1601.3 - 1724.3 nm]
[...]
PLATFORM: NOAA CSL Mobile Lab
LOCATION: USOS
ASSOCIATED_DATA: N/A
INSTRUMENT_INFO: Printed Optical Particle Spectrometer counts particles from 140 - 2500 nm in diameter 
DATA_INFO: Particle concentrations reported in number per cubic centimeter,1 Hz data
UNCERTAINTY: Counting uncertainty dominated by air flow, less than 5 percent. Measurement range is ~0 - 3000 per cm3 (varies depending on flow rate- manufacturer quotes 1250 per cm3 at 1.667 cc/s)
ULOD_FLAG: -7777
ULOD_VALUE: N/A
LLOD_FLAG: -8888
LLOD_VALUE: N/A
DM_CONTACT_INFO: Troy Thornberry, 325 Broadway R/CSL6, Boulder, CO 80305; troy.thornberry@noaa.gov; 303-497-3373
PROJECT_INFO: USOS, Utah POPS data from NOAA CSL Mobile Lab
STIPULATIONS_ON_USE: Please contact the PIs for questions regarding applications and uncertainties
OTHER_COMMENTS: POPS bin Edges (nm):  140.1, 146.3, 152.8, 159.6, 166.8, 174.2, 181.9, 190.0, 198.5, 207.4, 216.6, 226.2, 236.3, 246.8, 257.8, 269.3, 343.4, 450.7, 525.9, 618.5, 710.0, 822.7, 885.9, 953.9, 1027.2, 1106.1, 1191.0, 1282.5, 1381.0, 1487.1, 1601.3, 1724.3, 1856.7, 1999.3, 2152.8, 2318.2, 2496.2
Calculations assume organic aerosol refractive index of 1.52+0.00j and extinction wavelength = 532 nm
REVISION: R0
R0: Final data
Time_Start, Time_Stop, Time_Mid, Press_mb, Temp_C, Aerosol_concentration, Surface_Area_Conc, Volume_density, Effective_radius, Extinction, Bin01, Bin02, Bin03, Bin04, Bin05, Bin06, Bin07, Bin08, Bin09, Bin10, Bin11, Bin12, Bin13, Bin14, Bin15, Bin16, Bin17, Bin18, Bin19, Bin20, Bin21, Bin22, Bin23, Bin24, Bin25, Bin26, Bin27, Bin28, Bin29, Bin30, Bin31, Bin32, Bin33, Bin34, Bin35, Bin36
[from data line 1084]
65040,65099,65070,871.872,32.518,165.379,21.698,1.317,0.173,0.005,25.897905,22.376385,18.617964,15.869310,13.133233,10.366181,8.940069,7.457901,6.793903,5.029430,4.790850,4.428874,4.142640,3.734720,2.741369,7.510562,1.843250,0.732709,0.406945,0.071936,0.082727,0.072043,0.021942,0.061189,0.033413,0.054892,0.027939,0.039080,0.011248,0.022174,0.027495,0.016289,0.011300,0.000000,0.000000,0.011358
65100,65159,65130,872.082,32.524,147.400,20.040,1.299,0.184,0.005,22.720234,18.797428,15.708900,14.322132,11.807887,9.758499,7.757126,6.790334,5.821997,4.958151,4.368159,4.261650,3.715833,3.397045,2.485904,6.989186,2.145894,0.597002,0.388999,0.133445,0.078774,0.044358,0.055538,0.077948,0.028060,0.027566,0.016761,0.038863,0.022159,0.016726,0.016933,0.016837,0.005519,0.005556,0.011262,0.011246
65160,65219,65190,872.271,32.718,148.496,21.912,1.902,0.235,0.006,22.638123,19.390579,15.818015,14.218797,11.662251,9.693830,8.037914,6.922400,5.640288,5.026552,4.404964,4.037554,3.794922,3.543286,2.612784,7.305498,1.945286,0.677776,0.378593,0.117557,0.099197,0.038375,0.060951,0.022804,0.043571,0.027500,0.016823,0.044298,0.044374,0.022809,0.067041,0.027960,0.045849,0.022155,0.028555,0.017005
65220,65279,65250,872.484,32.870,148.394,21.126,1.631,0.217,0.006,22.615219,19.494791,16.468218,13.687834,11.978584,9.363936,7.892434,6.750017,5.620724,4.919503,4.783281,4.118557,3.858259,3.441654,2.407960,7.114828,2.106292,0.715640,0.400298,0.072623,0.094838,0.044140,0.088368,0.033028,0.033587,0.033366,0.044402,0.027679,0.011418,0.049932,0.022188,0.022125,0.021938,0.027989,0.000000,0.027897
65280,65339,65310,872.495,32.879,139.291,19.973,1.621,0.231,0.006,21.519154,17.728998,15.049479,13.184751,11.316613,8.842753,7.767440,6.534656,5.294546,4.977892,4.021264,3.700198,3.638601,3.072978,2.506743,6.332665,1.966193,0.700418,0.550835,0.049781,0.105929,0.016798,0.067472,0.044615,0.022352,0.033195,0.033890,0.016781,0.033721,0.027718,0.016435,0.039252,0.021809,0.016541,0.027242,0.010841
65340,65399,65370,872.556,32.806,111.793,19.019,2.206,0.316,0.006,16.780628,14.046828,11.785948,10.399592,8.728959,7.054193,6.124875,5.222530,4.505885,3.762707,3.445664,3.284498,3.024590,2.810763,1.868960,5.561031,1.610311,0.563952,0.343818,0.121777,0.065937,0.038502,0.055657,0.076999,0.038566,0.049950,0.038991,0.033641,0.038949,0.055031,0.059849,0.033381,0.032764,0.033022,0.038873,0.055725
65400,65459,65430,872.562,32.784,104.177,19.036,2.528,0.347,0.007,15.465695,12.941006,11.020849,9.530137,8.334810,6.945552,5.847324,4.395813,4.026542,3.685047,3.440840,2.805197,2.955424,2.456959,1.868503,5.281259,1.388598,0.493790,0.348942,0.095026,0.116263,0.039019,0.071596,0.044595,0.038714,0.045009,0.027567,0.055107,0.055995,0.028141,0.055916,0.038628,0.100318,0.027750,0.005464,0.099586
65460,65519,65490,872.529,32.717,101.769,19.972,2.838,0.388,0.007,14.873075,12.580544,11.256840,9.211702,7.739912,6.180584,5.557592,4.462844,3.917098,3.574449,3.216547,3.064673,2.778919,2.616236,2.044519,5.099059,1.589174,0.532697,0.367439,0.088619,0.115977,0.105344,0.078026,0.033640,0.033599,0.033137,0.060967,0.061095,0.061710,0.050640,0.055158,0.050090,0.105285,0.077770,0.028080,0.066319
65520,65579,65550,872.798,32.726,98.330,18.790,2.634,0.387,0.007,14.473525,12.247205,10.433520,8.837768,7.609347,6.380932,5.106296,4.684824,3.901264,3.592247,3.089260,2.716883,2.626406,2.375480,1.717688,5.043067,1.459638,0.556630,0.360366,0.111259,0.144492,0.083366,0.078078,0.083190,0.038690,0.050273,0.056317,0.021718,0.061100,0.033487,0.072050,0.089029,0.078473,0.049922,0.016674,0.049822
65580,65639,65610,872.987,32.776,94.588,19.807,3.000,0.416,0.008,13.563240,11.364750,9.374408,8.536083,7.475303,6.233020,5.364211,4.253403,3.657820,3.461576,2.825603,2.739504,2.802031,2.543475,1.805526,4.898421,1.420106,0.539668,0.416463,0.160390,0.104410,0.106972,0.099784,0.088084,0.065985,0.055930,0.055977,0.055723,0.066844,0.082842,0.077737,0.077793,0.054579,0.027952,0.050144,0.082294
65640,65699,65670,873.096,32.948,99.658,17.445,2.058,0.324,0.006,14.773870,12.434725,10.669152,8.712973,7.603788,6.582377,5.374494,4.572205,4.002051,3.385971,3.293375,3.061422,2.967706,2.276201,2.029426,4.627962,1.416506,0.454855,0.441305,0.092739,0.123259,0.094452,0.084169,0.086710,0.044866,0.027044,0.049599,0.040249,0.055266,0.060730,0.050895,0.056946,0.043384,0.011111,0.011112,0.044912
65700,65759,65730,873.109,33.034,99.029,18.092,2.204,0.327,0.006,13.948103,12.140342,10.134743,8.772285,7.704172,6.254870,5.500158,4.898421,3.739901,3.772605,2.954818,3.095614,3.041356,2.694503,1.861589,5.098897,1.402517,0.534358,0.473421,0.094553,0.099867,0.077157,0.071814,0.122094,0.060894,0.038916,0.050215,0.055815,0.033537,0.028291,0.083607,0.044734,0.055628,0.010880,0.027779,0.050287
65760,65819,65790,873.223,33.009,98.860,17.966,2.197,0.346,0.006,13.860293,11.781656,10.107233,8.760756,7.904735,6.518091,5.607022,4.656264,4.276055,3.743032,3.081842,2.982055,2.942257,2.476057,1.870680,4.853881,1.437861,0.534886,0.463490,0.143147,0.088411,0.093948,0.088296,0.049441,0.060749,0.072222,0.027696,0.038847,0.055364,0.043979,0.044594,0.038501,0.044852,0.022443,0.022010,0.066902
65820,65879,65850,873.388,32.948,100.041,18.706,2.266,0.342,0.007,14.178689,11.890149,10.195245,8.889015,7.968771,6.662866,5.242484,4.898455,3.999428,3.479478,3.125815,3.132363,3.114047,2.910753,1.684876,4.817575,1.456481,0.698529,0.516820,0.198464,0.122717,0.111273,0.044344,0.093806,0.061315,0.088461,0.060850,0.043999,0.043750,0.044342,0.077453,0.038920,0.038687,0.044546,0.027406,0.038696
65880,65939,65910,873.364,32.872,108.278,21.639,2.796,0.360,0.009,14.612452,13.079836,10.779181,9.752142,8.268521,7.182209,5.807536,5.210020,4.473848,3.957129,3.609465,3.313723,3.290845,2.781051,2.033895,5.541945,1.552371,0.745291,0.624433,0.228451,0.278553,0.171842,0.122417,0.144457,0.116790,0.072465,0.049668,0.049265,0.027964,0.094481,0.072601,0.055853,0.060737,0.016782,0.038546,0.061001
65940,65999,65970,873.321,33.047,109.960,22.121,2.845,0.363,0.009,15.341113,13.329678,10.611371,9.502401,8.787466,6.912145,6.005957,5.590744,4.231021,3.893892,3.631349,3.206667,3.315623,2.964306,2.246628,5.341459,1.842676,0.720534,0.806346,0.226736,0.295071,0.176215,0.130128,0.090723,0.096556,0.067680,0.062495,0.067861,0.068001,0.062349,0.096442,0.067732,0.079358,0.022819,0.022527,0.045600
66000,66059,66030,873.244,33.148,117.668,24.062,3.097,0.367,0.010,16.515697,13.611461,12.015090,10.461468,8.674470,7.560803,6.398767,5.580248,5.099545,3.790008,3.927615,3.502929,3.542639,2.996155,2.126094,6.180010,1.921513,0.947122,0.919172,0.342165,0.243933,0.216081,0.116104,0.143843,0.155427,0.077442,0.093820,0.065815,0.027532,0.071657,0.083084,0.066319,0.061170,0.044054,0.033279,0.055475
66060,66119,66090,873.302,33.082,121.322,23.940,2.937,0.346,0.009,16.552444,14.030468,12.330265,10.968460,9.780291,7.650126,6.443939,5.545490,5.043935,4.551654,3.835280,3.729363,3.562185,3.084175,2.408444,6.496331,1.954362,0.809029,0.770460,0.299473,0.178681,0.210632,0.155419,0.105256,0.127440,0.127437,0.071831,0.066797,0.061196,0.066415,0.072300,0.044370,0.049735,0.038864,0.049519,0.049594
66120,66179,66150,873.350,33.064,121.467,23.712,2.870,0.342,0.009,16.850052,14.150765,12.533033,10.614228,9.083358,7.947920,6.647531,5.959576,4.729611,4.503557,3.773942,3.714389,3.491204,3.424614,2.524040,6.055252,1.978205,0.943503,0.804172,0.321999,0.244280,0.128069,0.149509,0.122258,0.044589,0.099980,0.099973,0.088685,0.066633,0.083196,0.088527,0.055454,0.033198,0.011379,0.061141,0.038919
66180,66239,66210,873.280,33.263,113.424,21.792,2.472,0.317,0.009,15.866308,13.141471,11.293604,9.921090,8.406296,7.327905,6.352791,5.403121,4.682915,4.046447,3.589271,3.618165,3.689937,3.059743,2.244213,5.765861,1.599704,0.909516,0.766248,0.333875,0.239824,0.188799,0.149772,0.105303,0.100710,0.116994,0.082955,0.044553,0.049844,0.083402,0.077674,0.055103,0.044470,0.027452,0.033174,0.005669
66240,66299,66270,873.201,33.327,109.020,21.208,2.437,0.313,0.008,15.080591,12.787055,10.923850,9.800920,8.485910,6.939624,5.895121,5.220980,4.461832,3.946126,3.884981,3.347507,3.352193,3.036357,2.030884,5.045419,1.606704,0.650270,0.770220,0.327529,0.222502,0.166762,0.150865,0.116125,0.139579,0.128860,0.072664,0.089043,0.067309,0.038792,0.088028,0.028101,0.033523,0.016741,0.022451,0.044163
66300,66359,66330,873.149,33.209,106.098,20.273,2.297,0.316,0.008,14.978615,12.101115,10.726600,8.886962,8.078472,6.820694,6.010070,5.153589,4.471375,3.931233,3.223479,3.489753,3.330362,3.065413,1.895474,5.279370,1.562076,0.749264,0.770682,0.259510,0.295955,0.161199,0.128688,0.083190,0.066326,0.117433,0.066200,0.044404,0.038721,0.072783,0.094211,0.044671,0.022218,0.028005,0.038573,0.011075
66360,66419,66390,873.162,33.169,106.908,21.182,2.573,0.338,0.008,14.665769,12.615496,10.544061,9.700114,8.186367,6.945509,5.831414,5.228427,4.424236,3.707437,3.425655,3.493177,3.179233,3.242409,2.096066,4.959993,1.465293,0.698687,0.846573,0.294711,0.160031,0.154758,0.139484,0.153302,0.066650,0.128148,0.111621,0.061094,0.071951,0.027511,0.094113,0.044280,0.055060,0.022380,0.033468,0.033107
66420,66479,66450,873.207,33.365,109.169,21.654,2.616,0.341,0.009,15.284879,13.382403,11.423388,10.141410,7.957342,6.931024,5.831464,5.327900,4.345920,3.810937,3.493359,3.289054,3.236349,2.780301,1.954658,5.245049,1.421490,0.723218,0.875771,0.317291,0.238824,0.121852,0.150160,0.105441,0.105616,0.077895,0.083402,0.083885,0.039399,0.088926,0.122045,0.027875,0.061308,0.022354,0.033376,0.033244
66480,66539,66510,873.285,33.468,109.128,22.557,2.941,0.361,0.009,15.029400,12.853336,11.202814,9.834286,8.412576,6.719904,5.926696,5.278553,4.232656,4.129348,3.610312,3.272856,3.385863,2.988282,2.122166,5.266834,1.529990,0.743513,0.796342,0.253898,0.248500,0.198297,0.118560,0.130236,0.067620,0.084207,0.130302,0.067426,0.045513,0.118430,0.084911,0.051214,0.101906,0.028215,0.011414,0.051141
66540,66599,66570,873.362,33.386,106.945,20.891,2.605,0.350,0.008,15.055322,12.858610,10.813317,9.397329,8.234799,6.770241,5.719653,4.892290,4.452075,3.900474,3.740800,3.441805,3.107014,2.624479,1.845250,5.619773,1.423788,0.728671,0.734303,0.233331,0.206793,0.188194,0.139698,0.066694,0.133428,0.094935,0.083134,0.088384,0.049907,0.044221,0.038842,0.067003,0.044541,0.044398,0.016635,0.044421
66600,66659,66630,873.419,33.301,108.073,21.447,2.687,0.346,0.008,15.665290,13.359439,11.237387,9.774900,8.101583,6.743433,5.677782,4.787313,4.195215,3.665502,3.416889,3.515351,3.500764,2.723717,1.984289,5.075799,1.377774,0.706733,0.797713,0.255825,0.311733,0.156308,0.150107,0.140669,0.105779,0.105239,0.061829,0.077446,0.060920,0.078388,0.072796,0.055378,0.022224,0.033228,0.027894,0.050294
66660,66719,66690,873.504,33.439,100.690,18.977,2.115,0.309,0.007,14.341249,11.843557,10.402569,8.825870,7.583920,6.546171,5.345164,4.692864,4.126399,3.445281,3.171198,3.301336,3.066111,2.644447,1.937945,4.927460,1.528100,0.619937,0.897454,0.267250,0.206467,0.116022,0.143842,0.094346,0.083242,0.088999,0.100352,0.055248,0.038581,0.066790,0.055046,0.049982,0.016287,0.016615,0.027378,0.016762
66720,66779,66750,873.601,33.492,100.249,20.421,2.652,0.361,0.008,14.798843,12.392164,10.172431,8.652142,7.536309,6.253452,5.336275,4.622556,3.903088,3.397406,3.176829,3.009064,3.077787,2.707458,1.708727,4.960109,1.509378,0.666013,0.620058,0.255627,0.272032,0.155362,0.144560,0.172291,0.094540,0.089125,0.066480,0.082556,0.044076,0.072106,0.110602,0.072838,0.038910,0.016696,0.033502,0.027948
66780,66839,66810,873.713,33.453,97.855,20.390,2.575,0.346,0.009,13.661062,11.964603,10.186237,9.186402,7.270884,5.933770,4.925304,4.234878,3.723519,3.504109,2.982941,3.079165,2.984625,2.637672,1.916181,4.877647,1.294693,0.779122,0.819602,0.327867,0.282651,0.231024,0.140980,0.147443,0.118816,0.078998,0.067975,0.056311,0.118737,0.084991,0.050224,0.067647,0.050877,0.028223,0.028122,0.011452
66840,66899,66870,873.826,33.548,92.608,18.868,2.338,0.342,0.008,13.121305,11.078934,9.611115,8.650227,6.740903,6.002232,4.768672,4.254549,3.554915,3.239465,2.932019,2.888769,2.783880,2.534147,1.720319,4.306508,1.338819,0.682644,0.746959,0.305122,0.242706,0.188390,0.094297,0.116772,0.094516,0.077688,0.044319,0.100123,0.083213,0.066278,0.088582,0.049703,0.049914,0.005574,0.011093,0.033340
66900,66959,66930,873.955,33.659,94.882,20.101,2.677,0.371,0.008,13.786859,11.350428,9.657327,8.387437,7.103519,5.983062,5.177050,4.344077,3.783390,3.067417,2.875211,2.834888,3.008948,2.472562,1.596946,4.731753,1.410896,0.860239,0.731608,0.294207,0.239031,0.155649,0.133754,0.144710,0.116331,0.100283,0.072561,0.049530,0.066801,0.044302,0.089238,0.050047,0.044404,0.044700,0.011224,0.061350
66960,67019,66990,874.097,33.623,98.686,20.739,2.659,0.356,0.009,13.975470,12.028793,10.122035,8.884194,7.350235,6.241825,5.609674,4.482647,3.736610,3.174955,3.012120,2.896926,3.036008,2.556650,1.780709,4.889364,1.347960,0.820225,0.954575,0.393266,0.277850,0.099687,0.132444,0.116196,0.122070,0.071870,0.094627,0.083256,0.083605,0.038854,0.071685,0.027762,0.038831,0.027730,0.055589,0.050020
67020,67079,67050,874.271,33.593,100.890,21.630,2.787,0.364,0.009,14.283738,11.908765,10.478580,8.581978,7.796590,6.505108,4.904669,4.240314,3.982412,3.387442,2.978984,3.145252,3.301832,2.874279,1.901151,5.152553,1.574186,0.949096,0.925027,0.349578,0.337889,0.162944,0.197744,0.158526,0.157460,0.101390,0.085217,0.073252,0.062008,0.056462,0.089923,0.067558,0.011065,0.028063,0.045191,0.033957
67080,67139,67110,874.495,33.722,104.797,23.190,3.074,0.375,0.010,14.702623,12.878750,10.088269,9.202667,8.134626,6.494098,5.410773,4.833006,3.881577,3.556892,3.415615,3.432617,3.358563,2.893023,1.831740,5.262279,1.482442,0.850259,0.885049,0.353403,0.299243,0.199724,0.203662,0.160661,0.188621,0.100030,0.099918,0.088809,0.115215,0.071473,0.088819,0.050453,0.060837,0.060768,0.032701,0.027634
67140,67199,67170,874.671,33.697,110.759,23.207,2.904,0.349,0.010,16.135948,13.635837,10.774426,9.309121,8.305369,7.009455,5.824036,4.754165,4.382069,3.989354,3.607200,3.522653,3.349709,2.841319,1.881706,5.516703,1.736177,0.906949,0.993299,0.501359,0.409963,0.244703,0.178505,0.143802,0.161881,0.077637,0.083103,0.039481,0.072102,0.093642,0.077862,0.071708,0.038843,0.022433,0.033133,0.032921
67200,67259,67230,874.861,33.538,112.676,23.480,3.026,0.371,0.010,16.469221,13.329663,11.321879,9.853408,8.676961,7.161004,6.137130,4.991929,4.443196,3.829061,3.656394,3.525007,3.394331,2.982031,1.976392,5.291374,1.701153,0.769119,0.985729,0.443029,0.310350,0.188384,0.197851,0.138158,0.132175,0.077497,0.116424,0.122930,0.083035,0.060655,0.110843,0.088299,0.016854,0.038672,0.027801,0.027651
67260,67319,67290,875.045,33.697,112.749,22.889,2.891,0.354,0.009,16.957212,14.399029,11.437712,9.762910,8.484978,7.008950,5.718345,5.082188,4.295638,3.625907,3.477616,3.489418,3.330484,2.941546,2.074159,5.230926,1.558827,1.046191,0.817140,0.376318,0.310341,0.177545,0.177431,0.082962,0.188338,0.116398,0.061143,0.093709,0.055467,0.077392,0.110234,0.066249,0.016362,0.022114,0.022046,0.055710
67320,67379,67350,875.232,33.743,119.610,23.681,2.903,0.345,0.010,18.960424,15.700048,12.433746,10.825454,8.767350,7.527513,6.094663,5.081846,4.376298,3.820469,3.222538,3.514965,3.551045,2.829439,2.086147,5.359352,1.524119,0.884459,0.945176,0.416809,0.277718,0.172375,0.217806,0.167085,0.111229,0.072975,0.128365,0.117494,0.066828,0.083344,0.077873,0.061434,0.044390,0.022581,0.039041,0.027914
