CampaignData_and_Merges/R0/CSL_MobileLab_Parked/raw/20240817/USOS-HCHO_MobileLabGround_20240817_R0.ict
35,1001
Huang, Yaoxian
Wayne State University
Picarro G2307 on CSL Mobile Lab
USOS
1,1
2024,08,17,2025,03,31
1.0
Time_Start,seconds_since_midnight,number_of_seconds_since_0000_UTC
3
1.0,1.0,1.0
-9999.0,-9999.0,-9999.0
HCHO,ppbv,Gas_HCHO_InSitu_S_AVMR,volume mixing ratio of formaldehyde in air
H2O,ppmv,Gas_H2O_InSitu_S_AVMR,volume mixing ratio of water vapor in air
CH4,ppmv,Gas_CH4_InSitu_S_AVMR,volume mixing ratio of methane in air
0
18
PI_CONTACT_INFO: yaoxian.huang@wayne.edu
PLATFORM: CSL Mobile Lab, at Ground Site
LOCATION: Salt Lake City, UT
ASSOCIATED_DATA: N/A
INSTRUMENT_INFO: Cavity Ring-Down Spectrometer
DATA_INFO: Data is averaged to 1 minute intervals for stationary and 1 second interval for driving. Stationary data collected from a 20 ft tower on top of the mobile lab. On drive days, for parked data, anytime the mobile lab is driving, report as missing data in the parked files.
UNCERTAINTY: N/A
ULOD_FLAG: -7777
ULOD_VALUE: N/A
LLOD_FLAG: -8888
LLOD_VALUE: N/A
DM_CONTACT_INFO: Yaoxian Huang; yaoxian.huang@wayne.edu
PROJECT_INFO: USOS, Summer 2024. https://csl.noaa.gov/groups/csl7/measurements/2024usos/
STIPULATIONS_ON_USE: Users are strongly encouraged to contact the PI for proper data usage.
OTHER_COMMENTS: Data have been shifted backwards by 1 minute to align with USOS MetNav and Picarro GHG data.
REVISION: R0
R0: Final Data
Time_Start,HCHO,H2O,CH4
[from data line 1080]
64800,2.15728,13300.5,1.91071
64860,2.04345,13169.5,1.91286
64920,2.3463,13138.8,1.9135
64980,2.15145,13067.8,1.91495
65040,2.43846,13042.8,1.92451
65100,2.21405,13394.8,1.92275
65160,2.0828,14226.5,1.90868
65220,1.67959,14602.1,1.90104
65280,1.67142,14955.5,1.89977
65340,1.91155,15493.1,1.89341
65400,1.55189,16237.9,1.89037
65460,1.64316,16835.6,1.88957
65520,1.36841,17488.0,1.88492
65580,1.54916,18143.4,1.88326
65640,1.45024,18964.4,1.88263
65700,1.58333,19209.4,1.88075
65760,1.35622,20131.2,1.87897
65820,1.76998,20337.9,1.87995
65880,1.5081,20403.4,1.87997
65940,1.70753,20542.7,1.88096
66000,1.51079,20934.2,1.87992
66060,1.14486,20723.3,1.8787
66120,1.28344,20951.4,1.87638
66180,1.26709,21042.3,1.87655
66240,1.50064,21101.4,1.8772
66300,1.44728,21953.8,1.88044
66360,1.53975,21784.1,1.88277
66420,1.3493,21623.3,1.87989
66480,1.34726,21351.9,1.88151
66540,1.40127,21536.6,1.88589
66600,1.20695,21720.3,1.87996
66660,1.45246,21520.0,1.88345
66720,1.3233,21675.4,1.87916
66780,1.32994,21844.4,1.88297
66840,1.34775,22159.6,1.88259
66900,1.56231,22824.1,1.88266
66960,1.38221,22673.6,1.88385
67020,1.97727,23199.9,1.88901
67080,1.8351,22776.5,1.8893
67140,1.62586,22702.1,1.89075
67200,1.65568,22723.7,1.88676
67260,1.40034,22570.3,1.88899
67320,1.48165,22659.2,1.88656
67380,1.37039,22421.5,1.88495
67440,1.28492,22307.3,1.88486
67500,1.24395,22158.8,1.88278
67560,1.27402,21736.1,1.8813
67620,1.11672,22063.0,1.88079
67680,1.61306,23032.5,1.88183
67740,1.55912,22751.8,1.88383
67800,1.72683,22862.0,1.88458
67860,1.51056,22702.0,1.88398
67920,1.21075,19766.0,1.87718
67980,1.35993,20388.6,1.87875
68040,1.27381,20590.9,1.8765
68100,1.2831,20973.2,1.8807
68160,1.19319,20286.4,1.88112
68220,1.14319,20947.5,1.88119
68280,1.38534,21607.1,1.8777
68340,1.12742,21481.3,1.87666
68400,1.3249,21276.6,1.8777
68460,1.46179,21541.3,1.87933
68520,1.10581,21373.1,1.87886
68580,1.36473,22011.1,1.87804
68640,1.2401,22603.4,1.8771
68700,1.12911,22360.6,1.87943
68760,1.33367,21712.0,1.87601
68820,1.21104,22006.1,1.8758
68880,1.12582,22040.5,1.87519
68940,1.29572,21821.2,1.88123
69000,1.20188,22315.9,1.87735
69060,1.18571,22523.1,1.87936
69120,1.18115,22217.3,1.87943
69180,1.13362,22527.8,1.8801
69240,1.2714,22254.5,1.88621
69300,1.34811,22022.2,1.88768
69360,1.47141,22056.2,1.89308
69420,1.3449,21866.8,1.90112
69480,1.31213,22168.8,1.90578
69540,1.14574,22024.7,1.90941
69600,1.14436,22337.7,1.91295
69660,1.28352,21921.8,1.91988
69720,1.27935,21795.6,1.92131
69780,1.16762,21796.0,1.92281
69840,1.35275,22176.0,1.92242
69900,1.3717,21798.5,1.92172
69960,1.21513,21452.6,1.91579
70020,1.09377,21340.5,1.91323
70080,0.975409,21423.8,1.91394
70140,1.10159,21161.0,1.91201
70200,1.41975,21592.3,1.91182
70260,1.4572,21567.8,1.91155
70320,1.17879,21280.7,1.90877
70380,1.17504,21683.5,1.902
70440,1.23942,21438.8,1.89847
70500,0.912456,21291.1,1.89892
70560,0.997648,21224.1,1.89233
70620,1.24625,21383.5,1.89118
70680,1.07394,21194.0,1.89064
70740,1.34414,21129.9,1.89404
70800,1.30036,21595.7,1.88933
70860,1.30339,21634.0,1.88821
70920,1.18791,21782.9,1.88943
70980,1.30344,21190.1,1.88983
71040,1.40578,21575.6,1.89127
71100,1.15913,21283.1,1.88731
71160,1.57693,21723.7,1.89052
71220,1.29594,21379.9,1.88821
71280,1.5508,21431.3,1.88818
71340,1.30421,21362.4,1.89029
71400,1.25406,21432.8,1.88823
71460,1.46452,21371.5,1.88804
71520,1.37899,21171.2,1.88778
71580,1.37318,20808.9,1.88924
71640,1.32974,20541.5,1.89058
71700,1.40905,20882.5,1.88967
71760,1.24028,20779.0,1.88995
71820,1.14205,20105.7,1.88908
71880,1.2683,20490.3,1.88682
71940,1.17174,20877.7,1.88686
72000,1.41656,20819.0,1.88471
72060,1.40218,20305.6,1.88614
72120,1.15994,20229.3,1.88537
72180,1.2406,20447.1,1.88325
72240,1.06571,20125.0,1.88634
72300,1.22875,-895826.0,-89.6533
72360,-9999.0,-9999.0,-9999.0
72420,-9999.0,-9999.0,-9999.0
72480,-9999.0,-9999.0,-9999.0
72540,-9999.0,-9999.0,-9999.0
72600,-9999.0,-9999.0,-9999.0
72660,-9999.0,-9999.0,-9999.0
72720,-9999.0,-9999.0,-9999.0
72780,-9999.0,-9999.0,-9999.0
72840,-9999.0,-9999.0,-9999.0
72900,-9999.0,-9999.0,-9999.0
72960,-9999.0,-9999.0,-9999.0
73020,-9999.0,-9999.0,-9999.0
73080,-9999.0,-9999.0,-9999.0
73140,-9999.0,-9999.0,-9999.0
73200,-9999.0,-9999.0,-9999.0
73260,-9999.0,-9999.0,-9999.0
73320,-9999.0,-9999.0,-9999.0
73380,-9999.0,-9999.0,-9999.0
73440,-9999.0,-9999.0,-9999.0
73500,-9999.0,-9999.0,-9999.0
73560,-9999.0,-9999.0,-9999.0
73620,-9999.0,-9999.0,-9999.0
73680,-9999.0,-9999.0,-9999.0
73740,-9999.0,-9999.0,-9999.0
73800,-9999.0,-9999.0,-9999.0
73860,-9999.0,-9999.0,-9999.0
73920,-9999.0,-9999.0,-9999.0
73980,-9999.0,-9999.0,-9999.0
74040,-9999.0,-9999.0,-9999.0
74100,-9999.0,-9999.0,-9999.0
74160,-9999.0,-9999.0,-9999.0
74220,-9999.0,-9999.0,-9999.0
74280,1.78553,21958.2,1.84357
74340,1.64715,22421.9,1.89967
74400,1.72707,22101.7,1.89778
74460,1.47582,22512.1,1.89639
74520,1.74003,22656.2,1.89839
74580,1.64831,22573.7,1.90201
74640,1.71402,22485.4,1.9049
74700,1.53626,22550.6,1.90637
74760,1.44078,22826.1,1.9052
74820,1.43411,22687.7,1.90246
74880,1.52332,22513.7,1.90218
74940,1.14069,22863.2,1.90264
75000,1.31034,23298.7,1.90285
75060,1.36469,23830.4,1.90182
75120,1.56792,23791.4,1.90332
75180,1.42533,23560.8,1.90311
75240,1.35823,23253.3,1.90262
75300,1.30482,23081.3,1.90112
75360,1.19629,23081.0,1.90283
75420,1.29003,23425.2,1.9094
75480,1.66336,23426.5,1.90746
75540,1.45839,23324.5,1.90671
75600,1.72864,23276.9,1.90593
75660,1.49251,23415.9,1.90615
75720,1.56098,23352.6,1.90353
75780,1.31046,23421.5,1.89807
75840,1.42058,23346.1,1.8997
75900,1.36897,23383.9,1.90009
75960,1.27103,23468.2,1.89793
76020,1.39434,23607.7,1.89762
76080,1.39109,23583.2,1.89224
76140,1.27931,23307.8,1.8906
76200,1.17193,23309.9,1.88738
76260,1.3362,22911.6,1.88875
76320,1.37282,22864.1,1.88435
76380,1.4154,22704.0,1.8857
76440,1.10141,22557.4,1.88206
76500,1.25601,22185.0,1.88428
76560,1.05474,22380.2,1.8819
76620,1.04329,22485.0,1.88225
76680,1.16778,22410.0,1.88273
76740,1.15784,22469.2,1.87935
76800,1.07878,22240.5,1.88178
76860,1.10117,22053.3,1.88081
76920,1.03178,21953.6,1.8804
76980,1.08394,21504.3,1.88105
77040,0.917942,21199.3,1.87647
77100,0.739023,21331.5,1.87628
77160,0.825202,21246.6,1.87717
77220,0.999574,20943.1,1.87621
77280,0.900801,21077.6,1.87619
77340,1.21361,21648.2,1.87582
77400,1.25494,21304.9,1.87393
77460,1.05983,21170.0,1.87306
77520,0.942583,21314.2,1.87385
77580,0.885381,20959.5,1.87203
77640,0.867548,20835.3,1.87485
77700,0.894203,20638.4,1.87449
77760,0.812833,20753.4,1.87649
77820,1.09795,21316.1,1.87893
77880,0.847501,20318.4,1.87461
77940,1.03558,20842.4,1.87478
78000,0.778467,21250.5,1.87617
78060,1.07314,21209.3,1.8752
78120,0.924596,21408.6,1.87401
78180,1.03361,20869.4,1.87428
78240,0.847498,21215.9,1.87392
78300,1.15409,21184.6,1.87338
78360,1.00311,21580.1,1.87339
78420,0.871816,21351.6,1.87104
78480,0.88829,21031.5,1.87263
78540,0.996088,21456.5,1.87037
78600,0.850654,21211.2,1.87256
78660,1.18091,20469.2,1.8739
78720,1.01826,21255.0,1.87257
78780,1.0614,21559.2,1.87391
78840,1.11342,20670.9,1.87313
78900,0.841887,20631.8,1.87344
78960,1.20233,21066.8,1.87134
79020,1.02021,20480.3,1.87379
79080,1.26828,20745.9,1.87453
79140,1.1925,21478.7,1.87458
79200,1.02711,21826.8,1.8725
79260,1.1744,21173.8,1.87079
79320,1.02506,20714.9,1.87377
79380,1.00236,20463.3,1.87666
79440,1.19053,20709.3,1.87441
79500,1.27784,21636.0,1.87605
79560,1.56246,20544.4,1.8792
79620,0.788167,19713.4,1.87588
79680,1.27788,20238.7,1.87741
79740,1.27026,18448.0,1.8742
79800,0.81708,17845.4,1.87767
79860,1.11577,18661.7,1.87468
79920,1.21014,21202.9,1.87216
79980,1.38303,22020.5,1.86882
80040,1.22243,19107.8,1.874
80100,0.906063,19167.5,1.87574
80160,1.10543,18893.9,1.87723
80220,1.20736,18751.9,1.87784
80280,0.830174,19504.9,1.87424
80340,1.04832,18165.2,1.87776
80400,1.06165,18636.2,1.87419
80460,1.24245,18644.9,1.8772
80520,0.91324,17680.4,1.87513
80580,1.19937,17944.3,1.87658
80640,1.09118,18091.4,1.87446
80700,1.15846,18631.8,1.87546
80760,1.01488,18327.6,1.87513
80820,1.14407,17921.5,1.87849
80880,1.13094,18173.9,1.87687
80940,1.28146,18333.1,1.87523
81000,1.43249,18940.4,1.87686
81060,1.46678,19193.6,1.87199
81120,1.15369,19316.1,1.87527
81180,1.31579,18879.7,1.87475
81240,1.29817,18481.7,1.87504
81300,1.38188,18265.3,1.87702
81360,1.21325,18316.0,1.87641
81420,1.44869,18583.4,1.87856
81480,1.31303,18514.4,1.87924
81540,1.30102,18140.7,1.87584
81600,1.31477,18102.5,1.87727
81660,1.39635,19486.4,1.87377
81720,1.34359,20103.4,1.87378
81780,1.35518,18758.1,1.87587
81840,1.66073,18906.7,1.879
81900,1.59653,19249.3,1.8757
81960,1.60393,18772.0,1.87523
82020,1.49349,18849.1,1.87759
82080,1.42105,18411.7,1.87748
82140,1.33564,18908.9,1.87593
82200,1.40446,19607.2,1.8741
82260,1.09984,18730.2,1.87394
82320,1.35954,18672.0,1.87688
82380,1.44733,18958.0,1.87844
82440,1.53769,19295.8,1.87583
82500,1.37996,18903.0,1.8759
82560,1.40719,18772.6,1.87821
82620,1.38919,19055.4,1.87798
82680,1.52388,18995.9,1.8768
82740,1.66975,19654.8,1.87479
82800,1.69812,18929.2,1.87549
82860,1.68047,18842.5,1.87869
82920,1.71051,18816.7,1.87856
82980,1.56975,18793.6,1.87659
83040,1.50884,18285.3,1.87733
83100,1.37954,18154.8,1.87679
83160,1.57314,18416.8,1.87614
83220,1.58943,18699.7,1.87678
83280,1.60917,18754.8,1.87751
83340,1.52526,18658.7,1.87686
83400,1.43721,19534.9,1.87725
83460,1.79579,18901.1,1.87995
83520,1.52822,18757.7,1.87702
83580,1.576,18801.7,1.8754
83640,1.58168,18509.4,1.8758
83700,1.3891,18642.6,1.87455
83760,1.70577,18719.1,1.87665
83820,1.52605,18700.2,1.87934
83880,1.34338,17651.6,1.87992
83940,1.45431,17531.3,1.87664
84000,1.37098,17494.6,1.87563
84060,1.50745,17853.1,1.87411
84120,1.38435,17703.2,1.87853
84180,1.58067,17648.3,1.87733
84240,1.468,17555.7,1.87741
84300,1.64303,17739.2,1.87964
84360,1.53501,18081.3,1.8789
84420,1.36267,17960.6,1.87675
84480,1.47005,17964.3,1.87854
84540,1.51081,18224.1,1.87839
84600,1.51558,17903.0,1.87874
84660,1.62249,17975.0,1.87901
84720,1.82467,18686.4,1.87532
84780,1.75001,18304.3,1.88068
84840,1.54603,18016.8,1.88208
84900,1.64151,17999.3,1.87902
84960,1.84464,18074.2,1.87549
85020,1.73731,18071.8,1.87934
85080,1.90987,18158.0,1.88055
85140,1.98567,18223.8,1.88042
85200,1.95197,18064.5,1.88225
85260,1.74454,18241.1,1.87804
85320,1.94497,18721.7,1.87863
85380,1.83303,18774.0,1.87954
85440,1.85914,18146.7,1.8796
85500,1.88741,18159.5,1.87947
85560,2.00199,18911.8,1.88019
85620,2.06629,19517.3,1.87766
85680,1.68206,19361.0,1.88133
85740,1.72839,18759.9,1.88175
85800,1.90265,18490.4,1.8814
85860,1.78329,18508.9,1.88163
85920,1.87227,18572.4,1.87764
85980,2.03973,19304.3,1.8798
86040,1.72502,18775.5,1.87729
86100,1.76092,18821.6,1.8806
86160,2.04028,18701.5,1.87981
86220,1.78014,18288.0,1.88078
86280,2.16836,18482.5,1.88192
86340,-9999.0,-9999.0,-9999.0
