CampaignData_and_Merges/R0/CSL_MobileLab_Parked/raw/20240817/USOS-NOAAIodideCIMS-OrgNitrs_MobileLabGround_20240817_RA.ict
37, 1001
Michael A Robinson, Chris Jernigan, Subi Thakali
NOAA ESRL Chemical Sciences Laboratory and CIRES, U. of Colorado
NOAA Iodide CIMS Instrument
USOS
1, 1
2024, 08, 17, 2024, 08, 20
1
starttime_UTC, seconds_past_midnight, seconds_of_day_since_00:00:00_UTC
5
1, 1, 1, 1, 1
-9999, -9999, -9999, -9999, -9999
C4H7NO5_NOAACIMS, pptv, Gas_C4H7NO5_InSitu_S_AVMR, 
ISOPN_NOAACIMS, pptv, Gas_ISOPN_InSitu_S_AVMR, 
C5H10O3_NOAACIMS, pptv, Gas_C5H10O3_InSitu_S_AVMR, 
C5H9NO5_NOAACIMS, pptv, Gas_C5H9NO5_InSitu_S_AVMR, 
C10H17NO4_NOAACIMS, pptv, Gas_C10H17NO4_InSitu_S_AVMR, 
0
18
PI_CONTACT_INFO: 325 Broadway, R/CSD 7, Boulder, Colorado 80305; michael.a.robinson@noaa.gov; chris.jernigan@noaa.gov;
PLATFORM: NOAA CSL Mobile Lab
LOCATION: SLC, Utah
ASSOCIATED_DATA: 1Hz data also available on request.
INSTRUMENT_INFO: NOAA I- ToF CIMS
DATA_INFO: All data in parts per trillion by volume (pptv). 1 Hz data is available upon request.
UNCERTAINTY: TBD
ULOD_FLAG: -7777
ULOD_VALUE: N/A
LLOD_FLAG: -8888
LLOD_VALUE: N/A
DM_CONTACT_INFO: Nathan Howard; nathan.h.howard@noaa.gov
PROJECT_INFO: USOS, summer 2024. https://csl.noaa.gov/groups/csl7/measurements/2024usos/
STIPULATIONS_ON_USE: Users are strongly encouraged to contact the PI for proper data usage.
OTHER_COMMENTS: 
REVISION: RA
RA: Preliminary Data; For in-field use only
starttime_UTC, C4H7NO5_NOAACIMS, ISOPN_NOAACIMS, C5H10O3_NOAACIMS, C5H9NO5_NOAACIMS, C10H17NO4_NOAACIMS
[from data line 266]
 15960, -9999.000, -9999.000, -9999.000, -9999.000, -9999.000
 16020, -9999.000, -9999.000, -9999.000, -9999.000, -9999.000
 16080, -9999.000, -9999.000, -9999.000, -9999.000, -9999.000
 16140, -9999.000, -9999.000, -9999.000, -9999.000, -9999.000
 16200, -9999.000, -9999.000, -9999.000, -9999.000, -9999.000
 16260, -9999.000, -9999.000, -9999.000, -9999.000, -9999.000
 16320, -9999.000, -9999.000, -9999.000, -9999.000, -9999.000
 16380, -9999.000, -9999.000, -9999.000, -9999.000, -9999.000
 16440, -9999.000, -9999.000, -9999.000, -9999.000, -9999.000
 16500, -9999.000, -9999.000, -9999.000, -9999.000, -9999.000
 16560, -9999.000, -9999.000, -9999.000, -9999.000, -9999.000
 16620, -9999.000, -9999.000, -9999.000, -9999.000, -9999.000
 16680, -9999.000, -9999.000, -9999.000, -9999.000, -9999.000
 16740, -9999.000, -9999.000, -9999.000, -9999.000, -9999.000
 16800, -9999.000, -9999.000, -9999.000, -9999.000, -9999.000
 16860, -9999.000, -9999.000, -9999.000, -9999.000, -9999.000
 16920, -9999.000, -9999.000, -9999.000, -9999.000, -9999.000
 16980, -9999.000, -9999.000, -9999.000, -9999.000, -9999.000
 17040, -9999.000, -9999.000, -9999.000, -9999.000, -9999.000
 17100, -9999.000, -9999.000, -9999.000, -9999.000, -9999.000
 17160, -9999.000, -9999.000, -9999.000, -9999.000, -9999.000
 17220, -9999.000, -9999.000, -9999.000, -9999.000, -9999.000
 17280, -9999.000, -9999.000, -9999.000, -9999.000, -9999.000
 17340, -9999.000, -9999.000, -9999.000, -9999.000, -9999.000
 17400, -9999.000, -9999.000, -9999.000, -9999.000, -9999.000
 17460, -9999.000, -9999.000, -9999.000, -9999.000, -9999.000
 17520, -9999.000, -9999.000, -9999.000, -9999.000, -9999.000
 17580, -9999.000, -9999.000, -9999.000, -9999.000, -9999.000
 17640, -9999.000, -9999.000, -9999.000, -9999.000, -9999.000
 17700, -9999.000, -9999.000, -9999.000, -9999.000, -9999.000
 17760, -9999.000, -9999.000, -9999.000, -9999.000, -9999.000
 17820, -9999.000, -9999.000, -9999.000, -9999.000, -9999.000
 17880, -9999.000, -9999.000, -9999.000, -9999.000, -9999.000
 17940, -9999.000, -9999.000, -9999.000, -9999.000, -9999.000
 18000, -9999.000, -9999.000, -9999.000, -9999.000, -9999.000
 18060, -9999.000, -9999.000, -9999.000, -9999.000, -9999.000
 18120, -9999.000, -9999.000, -9999.000, -9999.000, -9999.000
 18180, -9999.000, -9999.000, -9999.000, -9999.000, -9999.000
 18240, -9999.000, -9999.000, -9999.000, -9999.000, -9999.000
 18300, -9999.000, -9999.000, -9999.000, -9999.000, -9999.000
 18360, -9999.000, -9999.000, -9999.000, -9999.000, -9999.000
 18420, -9999.000, -9999.000, -9999.000, -9999.000, -9999.000
 18480, -9999.000, -9999.000, -9999.000, -9999.000, -9999.000
 18540, -9999.000, -9999.000, -9999.000, -9999.000, -9999.000
 18600, -9999.000, -9999.000, -9999.000, -9999.000, -9999.000
 18660, -9999.000, -9999.000, -9999.000, -9999.000, -9999.000
 18720, -9999.000, -9999.000, -9999.000, -9999.000, -9999.000
 18780, -9999.000, -9999.000, -9999.000, -9999.000, -9999.000
 18840, -9999.000, -9999.000, -9999.000, -9999.000, -9999.000
 18900, -9999.000, -9999.000, -9999.000, -9999.000, -9999.000
 18960, -9999.000, -9999.000, -9999.000, -9999.000, -9999.000
 19020, -9999.000, -9999.000, -9999.000, -9999.000, -9999.000
 19080, -9999.000, -9999.000, -9999.000, -9999.000, -9999.000
 19140, -9999.000, -9999.000, -9999.000, -9999.000, -9999.000
 19200, -9999.000, -9999.000, -9999.000, -9999.000, -9999.000
 19260, -9999.000, -9999.000, -9999.000, -9999.000, -9999.000
 19320, -9999.000, -9999.000, -9999.000, -9999.000, -9999.000
 19380, -9999.000, -9999.000, -9999.000, -9999.000, -9999.000
 19440, -9999.000, -9999.000, -9999.000, -9999.000, -9999.000
 19500, -9999.000, -9999.000, -9999.000, -9999.000, -9999.000
 19560, -9999.000, -9999.000, -9999.000, -9999.000, -9999.000
 19620, -9999.000, -9999.000, -9999.000, -9999.000, -9999.000
 19680, -9999.000, -9999.000, -9999.000, -9999.000, -9999.000
 19740, -9999.000, -9999.000, -9999.000, -9999.000, -9999.000
 19800, -9999.000, -9999.000, -9999.000, -9999.000, -9999.000
 19860, -9999.000, -9999.000, -9999.000, -9999.000, -9999.000
 19920, -9999.000, -9999.000, -9999.000, -9999.000, -9999.000
 19980, -9999.000, -9999.000, -9999.000, -9999.000, -9999.000
 20040, -9999.000, -9999.000, -9999.000, -9999.000, -9999.000
 20100, -9999.000, -9999.000, -9999.000, -9999.000, -9999.000
 20160, -9999.000, -9999.000, -9999.000, -9999.000, -9999.000
 20220, -9999.000, -9999.000, -9999.000, -9999.000, -9999.000
 20280, -9999.000, -9999.000, -9999.000, -9999.000, -9999.000
 20340, -9999.000, -9999.000, -9999.000, -9999.000, -9999.000
 20400, -9999.000, -9999.000, -9999.000, -9999.000, -9999.000
 20460, -9999.000, -9999.000, -9999.000, -9999.000, -9999.000
 20520, -9999.000, -9999.000, -9999.000, -9999.000, -9999.000
 20580, -9999.000, -9999.000, -9999.000, -9999.000, -9999.000
 20640, -9999.000, -9999.000, -9999.000, -9999.000, -9999.000
 20700, -9999.000, -9999.000, -9999.000, -9999.000, -9999.000
 20760, -9999.000, -9999.000, -9999.000, -9999.000, -9999.000
 20820, -9999.000, -9999.000, -9999.000, -9999.000, -9999.000
 20880, -9999.000, -9999.000, -9999.000, -9999.000, -9999.000
 20940, -9999.000, -9999.000, -9999.000, -9999.000, -9999.000
 21000, -9999.000, -9999.000, -9999.000, -9999.000, -9999.000
 21060, -9999.000, -9999.000, -9999.000, -9999.000, -9999.000
 21120, -9999.000, -9999.000, -9999.000, -9999.000, -9999.000
 21180, -9999.000, -9999.000, -9999.000, -9999.000, -9999.000
 21240, -9999.000, -9999.000, -9999.000, -9999.000, -9999.000
 21300, -9999.000, -9999.000, -9999.000, -9999.000, -9999.000
 21360, -9999.000, -9999.000, -9999.000, -9999.000, -9999.000
 21420, -9999.000, -9999.000, -9999.000, -9999.000, -9999.000
 21480, -9999.000, -9999.000, -9999.000, -9999.000, -9999.000
 21540, -9999.000, -9999.000, -9999.000, -9999.000, -9999.000
 21600, -9999.000, -9999.000, -9999.000, -9999.000, -9999.000
 21660, -9999.000, -9999.000, -9999.000, -9999.000, -9999.000
 21720, -9999.000, -9999.000, -9999.000, -9999.000, -9999.000
 21780, -9999.000, -9999.000, -9999.000, -9999.000, -9999.000
 21840, -9999.000, -9999.000, -9999.000, -9999.000, -9999.000
 21900, -9999.000, -9999.000, -9999.000, -9999.000, -9999.000
 21960, -9999.000, -9999.000, -9999.000, -9999.000, -9999.000
 22020, -9999.000, -9999.000, -9999.000, -9999.000, -9999.000
 22080, -9999.000, -9999.000, -9999.000, -9999.000, -9999.000
 22140, -9999.000, -9999.000, -9999.000, -9999.000, -9999.000
 22200, -9999.000, -9999.000, -9999.000, -9999.000, -9999.000
 22260, -9999.000, -9999.000, -9999.000, -9999.000, -9999.000
 22320, -9999.000, -9999.000, -9999.000, -9999.000, -9999.000
 22380, -9999.000, -9999.000, -9999.000, -9999.000, -9999.000
 22440, -9999.000, -9999.000, -9999.000, -9999.000, -9999.000
 22500, -9999.000, -9999.000, -9999.000, -9999.000, -9999.000
 22560, -9999.000, -9999.000, -9999.000, -9999.000, -9999.000
 22620, -9999.000, -9999.000, -9999.000, -9999.000, -9999.000
 22680, -9999.000, -9999.000, -9999.000, -9999.000, -9999.000
 22740, -9999.000, -9999.000, -9999.000, -9999.000, -9999.000
 22800, -9999.000, -9999.000, -9999.000, -9999.000, -9999.000
 22860,  1.195,  1.829, 17.631,  2.046,  0.794
 22920, -9999.000, -9999.000, -9999.000, -9999.000, -9999.000
 22980, -9999.000, -9999.000, -9999.000, -9999.000, -9999.000
 23040, -9999.000, -9999.000, -9999.000, -9999.000, -9999.000
 23100, -9999.000, -9999.000, -9999.000, -9999.000, -9999.000
 23160, -9999.000, -9999.000, -9999.000, -9999.000, -9999.000
 23220, -9999.000, -9999.000, -9999.000, -9999.000, -9999.000
 23280, -9999.000, -9999.000, -9999.000, -9999.000, -9999.000
 23340,  1.773,  3.749, 24.766,  2.951,  1.130
 23400,  1.585,  3.150, 23.449,  3.051,  0.969
 23460, -9999.000, -9999.000, -9999.000, -9999.000, -9999.000
 23520,  1.375,  3.450, 15.853,  2.530,  1.264
 23580,  1.450,  3.659, 16.913,  2.712,  1.333
 23640,  1.432,  3.901, 17.851,  2.535,  1.272
 23700,  1.416,  3.536, 17.947,  2.596,  1.362
 23760,  1.441,  3.536, 18.399,  2.474,  1.300
 23820,  1.496,  3.563, 20.124,  2.303,  1.296
 23880,  1.450,  3.446, 20.008,  2.474,  1.362
 23940,  1.367,  3.622, 20.184,  2.220,  1.314
 24000,  1.353,  3.443, 19.855,  2.426,  1.354
 24060,  1.348,  3.337, 18.939,  2.331,  1.230
 24120,  1.400,  3.482, 19.564,  2.320,  1.336
 24180,  1.420,  3.224, 19.667,  2.319,  1.236
 24240,  1.329,  3.223, 17.870,  2.320,  1.297
 24300,  1.423,  3.535, 17.688,  2.351,  1.303
 24360,  1.390,  3.462, 18.269,  2.317,  1.330
 24420,  1.368,  3.276, 20.375,  2.295,  1.223
 24480,  1.382,  3.330, 18.390,  2.291,  1.181
 24540,  1.370,  3.217, 20.101,  2.217,  1.228
 24600,  1.386,  3.589, 18.418,  2.334,  1.294
 24660,  1.382,  3.195, 19.379,  2.344,  1.348
 24720,  1.437,  3.250, 19.449,  2.398,  1.335
 24780,  1.409,  3.430, 20.432,  2.214,  1.283
 24840,  1.344,  3.152, 20.836,  2.215,  1.078
 24900,  1.362,  3.149, 22.157,  2.263,  1.095
 24960,  1.357,  3.204, 21.122,  2.130,  0.966
 25020,  1.345,  3.173, 21.077,  2.022,  1.004
 25080,  1.403,  3.050, 21.161,  2.119,  0.970
 25140,  1.389,  3.365, 24.081,  2.257,  1.062
 25200,  1.411,  3.196, 24.329,  2.228,  0.990
 25260,  1.425,  3.397, 24.878,  2.154,  1.045
 25320,  1.351,  2.924, 21.432,  2.231,  0.944
 25380,  1.342,  3.083, 23.058,  2.263,  0.921
 25440,  1.366,  2.839, 22.876,  2.257,  0.958
 25500,  1.343,  3.014, 22.093,  2.290,  1.047
 25560,  1.350,  2.991, 23.046,  2.218,  1.084
 25620,  1.316,  2.925, 22.698,  2.123,  1.123
 25680,  1.348,  2.974, 22.345,  2.274,  1.185
 25740,  1.321,  2.844, 22.021,  2.077,  1.060
 25800,  1.288,  2.637, 20.570,  1.998,  0.997
 25860,  1.290,  2.837, 20.829,  2.125,  1.188
 25920,  1.275,  2.764, 19.768,  2.082,  1.184
 25980,  1.233,  2.886, 21.367,  1.936,  0.975
 26040,  1.253,  2.578, 21.498,  2.024,  0.883
 26100,  1.283,  2.707, 23.730,  2.077,  0.828
 26160,  1.231,  2.784, 23.161,  2.135,  0.933
 26220,  1.278,  2.821, 22.980,  1.997,  0.845
 26280,  1.285,  2.816, 23.462,  2.045,  0.883
 26340,  1.279,  2.711, 24.361,  2.012,  0.955
 26400,  1.274,  2.672, 23.947,  1.980,  0.888
 26460,  1.271,  2.750, 24.456,  2.067,  0.941
 26520,  1.256,  2.768, 24.020,  1.997,  0.980
 26580,  1.225,  2.510, 22.839,  1.964,  0.902
 26640,  1.255,  2.624, 23.815,  2.030,  0.943
 26700,  1.158,  2.530, 22.579,  1.870,  0.992
 26760,  1.222,  2.687, 22.946,  2.001,  0.914
 26820,  1.261,  2.766, 24.009,  1.878,  1.005
 26880,  1.259,  2.633, 24.888,  2.013,  0.899
 26940,  1.197,  2.649, 25.137,  1.961,  0.951
 27000,  1.190,  2.403, 23.722,  1.973,  0.935
 27060,  1.243,  2.581, 23.202,  2.032,  0.920
 27120, -9999.000, -9999.000, -9999.000, -9999.000, -9999.000
 27180,  1.175,  2.714, 20.428,  1.889,  0.723
 27240,  1.206,  2.551, 20.363,  1.892,  0.798
 27300,  1.265,  2.493, 23.415,  2.000,  0.832
 27360,  1.226,  2.405, 21.049,  1.914,  0.855
 27420,  1.193,  2.604, 21.946,  1.945,  0.815
 27480,  1.193,  2.573, 22.676,  1.918,  0.814
 27540,  1.207,  2.432, 22.685,  1.929,  0.864
 27600,  1.193,  2.434, 22.404,  1.951,  0.858
 27660,  1.212,  2.767, 23.186,  2.060,  0.820
 27720,  1.198,  2.614, 23.161,  1.935,  0.633
 27780,  1.205,  2.771, 23.624,  1.990,  0.837
 27840,  1.245,  2.743, 24.013,  2.046,  0.648
 27900,  1.223,  2.699, 24.514,  2.016,  0.658
 27960,  1.258,  2.664, 24.792,  1.912,  0.745
 28020,  1.247,  2.820, 24.750,  1.916,  0.759
 28080,  1.193,  2.834, 24.001,  1.898,  0.698
 28140,  1.201,  2.765, 23.764,  1.886,  0.549
 28200,  1.228,  2.763, 24.526,  1.885,  0.651
 28260,  1.252,  2.737, 25.250,  2.166,  0.664
 28320,  1.221,  2.768, 25.230,  2.083,  0.705
 28380,  1.225,  2.850, 25.199,  2.132,  0.705
 28440,  1.247,  2.772, 25.547,  2.108,  0.694
 28500,  1.243,  2.741, 25.320,  2.127,  0.744
 28560,  1.254,  2.863, 25.107,  2.064,  0.737
 28620,  1.286,  2.775, 25.333,  2.100,  0.742
 28680,  1.316,  2.938, 25.471,  2.150,  0.699
 28740,  1.323,  2.985, 25.959,  2.168,  0.665
 28800,  1.301,  2.944, 25.860,  2.114,  0.854
 28860,  1.295,  2.878, 25.406,  2.031,  0.636
 28920,  1.259,  3.122, 26.242,  2.133,  0.684
 28980, -9999.000, -9999.000, -9999.000, -9999.000, -9999.000
 29040,  1.267,  2.945, 24.234,  2.047,  0.765
 29100,  1.299,  2.977, 24.703,  2.061,  0.825
 29160,  1.297,  3.115, 25.181,  2.190,  0.895
 29220,  1.308,  2.944, 25.862,  2.219,  0.861
 29280,  1.291,  2.921, 26.113,  2.128,  0.726
 29340,  1.255,  2.874, 25.087,  2.132,  0.805
 29400,  1.245,  2.668, 26.037,  2.078,  0.755
 29460,  1.225,  2.871, 25.862,  2.000,  0.719
 29520,  1.180,  2.810, 24.498,  1.961,  0.818
 29580,  1.181,  2.832, 23.720,  2.081,  0.792
 29640,  1.239,  2.762, 23.661,  2.087,  0.855
 29700,  1.237,  2.868, 24.258,  2.078,  0.879
 29760,  1.135,  2.496, 24.268,  1.936,  0.829
 29820,  1.169,  2.539, 22.441,  2.055,  0.831
 29880,  1.199,  2.607, 23.017,  2.091,  1.004
 29940,  1.227,  2.889, 22.959,  2.047,  0.903
 30000,  1.264,  2.778, 24.364,  2.033,  0.843
 30060,  1.183,  2.738, 23.189,  2.126,  0.767
 30120,  1.207,  2.861, 23.250,  2.143,  0.856
 30180,  1.196,  2.629, 22.499,  1.972,  0.893
 30240,  1.266,  2.887, 23.445,  2.072,  1.009
 30300,  1.287,  2.958, 24.022,  2.238,  1.002
 30360,  1.335,  2.934, 24.500,  2.548,  0.950
 30420,  1.395,  3.085, 24.971,  2.594,  0.969
 30480,  1.349,  3.018, 25.479,  2.647,  0.986
 30540,  1.335,  3.052, 25.988,  2.501,  0.866
 30600,  1.326,  2.845, 25.247,  2.461,  0.847
 30660,  1.361,  2.797, 24.999,  2.515,  0.878
 30720,  1.404,  3.136, 25.984,  2.733,  0.930
 30780,  1.414,  3.178, 26.690,  2.806,  0.881
 30840, -9999.000, -9999.000, -9999.000, -9999.000, -9999.000
 30900,  1.348,  2.952, 23.771,  2.673,  0.829
 30960,  1.411,  3.012, 25.037,  2.871,  0.834
 31020,  1.390,  3.078, 26.695,  2.842,  0.939
 31080,  1.395,  3.011, 26.662,  2.747,  0.930
 31140,  1.425,  3.157, 24.865,  2.778,  0.922
 31200,  1.423,  3.305, 25.244,  2.941,  0.874
 31260,  1.433,  3.282, 25.731,  2.761,  0.852
 31320,  1.448,  3.267, 26.707,  2.825,  0.930
 31380,  1.404,  3.109, 26.815,  2.676,  0.958
 31440,  1.382,  3.172, 26.453,  2.663,  0.966
 31500,  1.407,  3.052, 25.716,  2.756,  0.943
 31560,  1.400,  3.376, 26.207,  2.653,  0.928
 31620,  1.363,  3.134, 27.489,  2.927,  1.070
 31680,  1.371,  3.209, 26.625,  2.650,  0.984
 31740,  1.398,  3.215, 26.750,  2.926,  1.034
 31800,  1.452,  3.297, 26.731,  2.857,  0.968
 31860,  1.398,  3.162, 27.069,  2.796,  1.011
 31920,  1.432,  3.383, 26.504,  2.876,  1.031
 31980,  1.379,  3.573, 27.415,  2.849,  0.993
 32040,  1.400,  3.379, 27.339,  2.840,  1.000
 32100,  1.399,  3.231, 27.193,  2.937,  0.962
 32160,  1.427,  3.319, 28.049,  2.942,  1.042
 32220,  1.437,  3.209, 27.522,  2.879,  0.911
 32280,  1.408,  2.965, 27.153,  2.748,  1.017
 32340,  1.451,  3.477, 28.062,  2.762,  0.976
 32400,  1.430,  3.447, 27.505,  3.040,  1.045
 32460,  1.460,  3.595, 26.885,  2.962,  0.980
 32520,  1.431,  3.218, 27.455,  3.001,  0.978
 32580,  1.402,  3.623, 27.631,  2.890,  1.041
 32640,  1.396,  3.296, 26.898,  2.878,  1.121
 32700,  1.326,  2.809, 25.185,  2.714,  0.844
 32760,  1.374,  3.393, 25.546,  2.787,  0.972
 32820,  1.399,  3.121, 26.550,  2.804,  0.970
 32880,  1.441,  3.444, 26.636,  3.148,  0.980
 32940,  1.434,  3.483, 26.579,  3.014,  0.937
 33000,  1.451,  3.619, 26.922,  3.076,  0.997
 33060,  1.536,  3.588, 27.636,  3.133,  0.896
 33120,  1.474,  3.372, 26.938,  3.162,  0.947
 33180,  1.516,  3.785, 27.892,  3.206,  1.046
 33240,  1.567,  3.897, 28.174,  3.237,  0.943
 33300,  1.538,  3.591, 27.351,  3.307,  0.933
 33360,  1.553,  3.693, 28.124,  3.393,  0.952
 33420,  1.556,  3.911, 28.081,  3.516,  0.965
 33480,  1.607,  3.729, 27.532,  3.488,  0.927
 33540,  1.583,  3.746, 29.366,  3.558,  1.003
 33600,  1.594,  3.829, 28.917,  3.520,  0.943
 33660,  1.622,  3.841, 29.175,  3.446,  0.904
 33720,  1.632,  3.993, 29.002,  3.618,  0.958
 33780,  1.684,  3.741, 29.455,  3.752,  0.982
 33840,  1.664,  3.762, 28.936,  3.831,  0.924
