CampaignData_and_Merges/R0/CSL_MobileLab_Parked/raw/20240817/USOS-POPS_MobileLabGround_20240817_R0.ict
78, 1001
Thornberry, T. D.
NOAA Chemical Sciences Laboratory
Portable Optical Particle Spectrometer (POPS)
USOS
1, 1
2024, 08, 17, 2025, 05, 08
60
Time_Start, seconds_past_midnight, Start time of measurement
45
1, 1, 1, 1, 1, 1, 1, 1, 1, 1, 1, 1, 1, 1, 1, 1, 1, 1, 1, 1, 1, 1, 1, 1, 1, 1, 1, 1, 1, 1, 1, 1, 1, 1, 1, 1, 1, 1, 1, 1, 1, 1, 1, 1, 1
-9999, -9999, -9999, -9999, -9999, -9999, -9999, -9999, -9999, -9999, -9999, -9999, -9999, -9999, -9999, -9999, -9999, -9999, -9999, -9999, -9999, -9999, -9999, -9999, -9999, -9999, -9999, -9999, -9999, -9999, -9999, -9999, -9999, -9999, -9999, -9999, -9999, -9999, -9999, -9999, -9999, -9999, -9999, -9999, -9999
Time_Stop, seconds_past_midnight, Stop time of measurement
Time_Mid, seconds_past_midnight, Mid time of measurement
Press_mb, mb, Pressure reported (mb)
Temp_C, degrees C, POPS temperature measurement
Aerosol_concentration, cm^-3, Aerosol concentration
Surface_Area_Conc, um^2 cm^-3, Surface area concentration
Volume_density, um^3 cm^-3, Volume density
Effective_radius, um, Effective radius
Extinction, km^-1, Extinction
Bin01, cm^-3, particle concentration in size range [1401 - 146.3 nm]
Bin02, cm^-3, particle concentration in size range [146.3 - 152.8 nm]
Bin03, cm^-3, particle concentration in size range [152.8 - 159.6 nm]
Bin04, cm^-3, particle concentration in size range [159.6 - 166.8 nm]
Bin05, cm^-3, particle concentration in size range [166.8 - 174.2 nm]
Bin06, cm^-3, particle concentration in size range [174.2 - 181.9 nm]
Bin07, cm^-3, particle concentration in size range [181.9 - 190.0 nm]
Bin08, cm^-3, particle concentration in size range [190.0 - 198.5 nm]
Bin09, cm^-3, particle concentration in size range [198.5 - 207.4 nm]
Bin10, cm^-3, particle concentration in size range [207.4 - 216.6 nm]
Bin11, cm^-3, particle concentration in size range [216.6 - 226.2 nm]
Bin12, cm^-3, particle concentration in size range [226.2 - 236.3 nm]
Bin13, cm^-3, particle concentration in size range [236.3 - 246.8 nm]
Bin14, cm^-3, particle concentration in size range [246.8 - 257.8 nm]
Bin15, cm^-3, particle concentration in size range [257.8 - 269.3 nm]
Bin16, cm^-3, particle concentration in size range [269.3 - 343.4 nm]
Bin17, cm^-3, particle concentration in size range [343.4 - 450.7 nm]
Bin18, cm^-3, particle concentration in size range [450.7 - 525.9 nm]
Bin19, cm^-3, particle concentration in size range [525.9 - 618.5 nm]
Bin20, cm^-3, particle concentration in size range [618.5 - 710.0 nm]
Bin21, cm^-3, particle concentration in size range [710.0 - 822.7 nm]
Bin22, cm^-3, particle concentration in size range [822.7 - 885.9 nm]
Bin23, cm^-3, particle concentration in size range [885.9 - 953.9 nm]
Bin24, cm^-3, particle concentration in size range [953.9 - 1027.2 nm]
Bin25, cm^-3, particle concentration in size range [1027.2 - 1106.1 nm]
Bin26, cm^-3, particle concentration in size range [1106.1 - 1191.0 nm]
Bin27, cm^-3, particle concentration in size range [1191.0 - 1282.5 nm]
Bin28, cm^-3, particle concentration in size range [1282.5 - 1381.0 nm]
Bin29, cm^-3, particle concentration in size range [1381.0 - 1487.1 nm]
Bin30, cm^-3, particle concentration in size range [1487.1 - 1601.3 nm]
Bin31, cm^-3, particle concentration in size range [1601.3 - 1724.3 nm]
[...]
PLATFORM: NOAA CSL Mobile Lab
LOCATION: USOS
ASSOCIATED_DATA: N/A
INSTRUMENT_INFO: Printed Optical Particle Spectrometer counts particles from 140 - 2500 nm in diameter 
DATA_INFO: Particle concentrations reported in number per cubic centimeter,1 Hz data
UNCERTAINTY: Counting uncertainty dominated by air flow, less than 5 percent. Measurement range is ~0 - 3000 per cm3 (varies depending on flow rate- manufacturer quotes 1250 per cm3 at 1.667 cc/s)
ULOD_FLAG: -7777
ULOD_VALUE: N/A
LLOD_FLAG: -8888
LLOD_VALUE: N/A
DM_CONTACT_INFO: Troy Thornberry, 325 Broadway R/CSL6, Boulder, CO 80305; troy.thornberry@noaa.gov; 303-497-3373
PROJECT_INFO: USOS, Utah POPS data from NOAA CSL Mobile Lab
STIPULATIONS_ON_USE: Please contact the PIs for questions regarding applications and uncertainties
OTHER_COMMENTS: POPS bin Edges (nm):  140.1, 146.3, 152.8, 159.6, 166.8, 174.2, 181.9, 190.0, 198.5, 207.4, 216.6, 226.2, 236.3, 246.8, 257.8, 269.3, 343.4, 450.7, 525.9, 618.5, 710.0, 822.7, 885.9, 953.9, 1027.2, 1106.1, 1191.0, 1282.5, 1381.0, 1487.1, 1601.3, 1724.3, 1856.7, 1999.3, 2152.8, 2318.2, 2496.2
Calculations assume organic aerosol refractive index of 1.52+0.00j and extinction wavelength = 532 nm
REVISION: R0
R0: Final data
Time_Start, Time_Stop, Time_Mid, Press_mb, Temp_C, Aerosol_concentration, Surface_Area_Conc, Volume_density, Effective_radius, Extinction, Bin01, Bin02, Bin03, Bin04, Bin05, Bin06, Bin07, Bin08, Bin09, Bin10, Bin11, Bin12, Bin13, Bin14, Bin15, Bin16, Bin17, Bin18, Bin19, Bin20, Bin21, Bin22, Bin23, Bin24, Bin25, Bin26, Bin27, Bin28, Bin29, Bin30, Bin31, Bin32, Bin33, Bin34, Bin35, Bin36
[from data line 1288]
77280,77339,77310,874.354,34.658,71.322,10.572,0.838,0.213,0.003,10.659453,9.146353,7.458476,6.603065,5.883630,4.723882,3.922244,3.050595,2.629512,2.347615,2.369749,2.154018,2.160766,1.786648,1.217050,3.176165,0.777718,0.361064,0.360695,0.150285,0.105355,0.049914,0.011057,0.038878,0.027383,0.016822,0.027711,0.005556,0.000000,0.033412,0.027858,0.022192,0.005556,0.005556,0.005556,0.000000
77340,77399,77370,874.323,34.572,66.881,9.665,0.714,0.203,0.003,10.416839,8.908682,7.073276,5.940977,5.234523,4.477787,3.547916,3.115196,2.593865,2.203487,1.931117,2.189518,1.877627,1.730442,1.101212,2.647128,0.725047,0.355050,0.304016,0.126568,0.093553,0.060614,0.044406,0.032847,0.027489,0.022003,0.022059,0.011151,0.011069,0.016539,0.011167,0.016688,0.000000,0.005593,0.005669,0.000000
77400,77459,77430,874.245,34.694,67.131,9.649,0.637,0.184,0.003,9.756563,8.626465,7.115733,6.216013,5.323328,4.617665,3.628748,3.121603,2.736066,2.228326,2.133837,2.004996,2.080491,1.664440,1.008578,3.081203,0.619093,0.378427,0.289313,0.099718,0.138574,0.050024,0.033485,0.038955,0.016816,0.011186,0.016691,0.033042,0.022132,0.005574,0.027879,0.005708,0.000000,0.000000,0.000000,0.000000
77460,77519,77490,874.136,34.689,68.276,9.821,0.700,0.197,0.003,10.593303,8.492646,7.209712,6.569194,5.522185,4.331187,3.678459,3.226309,2.737488,2.493248,2.194851,1.969149,1.996094,1.784341,0.989537,2.706529,0.603555,0.333691,0.303887,0.116869,0.120943,0.060318,0.071886,0.027749,0.022022,0.022048,0.022060,0.005574,0.011005,0.021934,0.016396,0.010933,0.005631,0.000000,0.005519,0.000000
77520,77579,77550,874.052,34.611,66.692,10.235,0.844,0.220,0.003,9.906608,8.823940,7.046198,6.176548,5.146519,4.389166,3.699253,3.087008,2.625168,2.389151,1.999921,1.948013,1.964803,1.731760,0.991866,2.891472,0.668925,0.280924,0.304527,0.116976,0.116051,0.098850,0.055732,0.050073,0.016598,0.011119,0.016521,0.027634,0.027566,0.027580,0.022114,0.005537,0.000000,0.016673,0.000000,0.010947
77580,77639,77610,873.973,34.664,61.461,9.602,0.873,0.242,0.003,9.220840,7.889339,6.648763,5.576765,4.852604,4.064335,3.463539,2.945218,2.272471,2.131507,1.878054,1.796403,1.811199,1.599210,1.039009,2.565975,0.603312,0.271123,0.299316,0.099552,0.077966,0.071504,0.033059,0.044664,0.027819,0.027728,0.011186,0.016575,0.022097,0.022262,0.028041,0.011042,0.011148,0.005376,0.011026,0.011019
77640,77699,77670,873.933,34.659,58.754,8.719,0.693,0.211,0.003,9.224727,7.630949,5.958479,5.139541,4.744562,3.713677,3.224244,2.777361,2.336291,2.103621,1.912432,1.844804,1.739391,1.386811,1.023472,2.497486,0.496771,0.321941,0.271240,0.056530,0.050799,0.056636,0.055988,0.028326,0.028480,0.022380,0.028122,0.000000,0.016843,0.005631,0.022694,0.005539,0.005688,0.005688,0.011262,0.005521
77700,77759,77730,873.875,34.615,60.513,8.942,0.719,0.211,0.003,8.946169,7.906577,6.198943,5.656853,4.822854,4.006874,3.193774,2.896550,2.333959,2.055655,1.915186,1.913796,1.834845,1.476567,1.041506,2.593040,0.673712,0.306200,0.329259,0.089038,0.094087,0.027891,0.033251,0.022205,0.027526,0.033404,0.010912,0.000000,0.005464,0.000000,0.027819,0.016725,0.005631,0.000000,0.011205,0.005669
77760,77819,77790,873.841,34.676,59.784,9.545,0.935,0.253,0.003,9.221689,7.892567,6.471008,5.343971,4.773227,3.965087,3.055398,2.750180,2.186260,2.221873,1.684407,1.773710,1.822865,1.584955,0.935689,2.511908,0.525362,0.260566,0.288617,0.088622,0.038547,0.061138,0.055069,0.027452,0.044449,0.033286,0.005537,0.021896,0.016638,0.011038,0.055045,0.011130,0.011093,0.005556,0.016651,0.011262
77820,77879,77850,873.811,34.680,60.806,8.930,0.707,0.207,0.003,9.551048,7.883117,6.786566,5.301597,4.826323,3.891279,3.516689,2.863196,2.352618,2.077975,1.764723,1.819795,1.589120,1.551525,1.096395,2.501755,0.434470,0.278802,0.310532,0.050475,0.056064,0.039287,0.049972,0.061446,0.027952,0.022103,0.016686,0.011283,0.005447,0.027898,0.005727,0.000000,0.000000,0.011148,0.011358,0.011338
77880,77939,77910,873.789,34.561,62.793,8.727,0.696,0.199,0.002,10.227765,8.626311,6.761208,5.728998,4.970690,4.051593,3.387943,2.788622,2.386598,2.179120,1.849963,1.884209,1.960583,1.427846,1.028039,2.254830,0.477744,0.284509,0.172420,0.077885,0.027681,0.033597,0.021957,0.033504,0.027710,0.011113,0.000000,0.038366,0.011130,0.005482,0.010878,0.016613,0.016520,0.000000,0.000000,0.011204
77940,77999,77970,873.810,34.576,66.417,9.523,0.732,0.206,0.003,10.842553,8.954020,7.216952,5.859752,5.166063,4.216245,3.408122,3.051551,2.657525,2.459370,1.992739,1.912102,1.663409,1.522118,0.897212,2.842125,0.647053,0.326017,0.271487,0.133632,0.122055,0.027561,0.066093,0.033393,0.022451,0.011111,0.016600,0.022065,0.000000,0.011141,0.005556,0.016578,0.005519,0.005411,0.000000,0.011168
78000,78059,78030,873.773,34.608,63.460,8.988,0.633,0.192,0.002,10.006299,8.459242,6.503857,6.152029,5.058549,3.906264,3.452804,2.820763,2.374432,2.174001,1.900910,1.887324,1.763817,1.531770,1.101485,2.748730,0.677782,0.325853,0.286968,0.060677,0.044406,0.038572,0.050076,0.005537,0.016859,0.011205,0.005669,0.027471,0.011192,0.005593,0.016912,0.000000,0.016725,0.005359,0.011112,0.000000
78060,78119,78090,873.787,34.504,63.062,8.646,0.614,0.190,0.002,9.847651,8.079743,6.577885,5.990178,5.256275,4.156862,3.525871,3.176912,2.407732,2.052088,1.916131,1.790336,1.825274,1.523095,1.061169,2.578249,0.459033,0.260407,0.231271,0.067814,0.056342,0.057171,0.039785,0.022929,0.016783,0.000000,0.016806,0.022618,0.011319,0.000000,0.005575,0.011649,0.000000,0.005707,0.000000,0.011377
78120,78179,78150,873.722,34.478,65.124,9.245,0.683,0.198,0.003,9.890290,8.619658,7.245409,6.081181,4.925342,4.088357,3.517709,3.177079,2.502856,2.124966,2.048376,2.035634,1.873001,1.634998,1.132453,2.544532,0.684263,0.272627,0.287397,0.089082,0.072158,0.049569,0.021993,0.044632,0.050116,0.011249,0.027698,0.016491,0.005325,0.005501,0.016673,0.022185,0.000000,0.005411,0.000000,0.000000
78180,78239,78210,873.689,34.554,62.800,8.662,0.567,0.178,0.002,9.283129,8.492594,6.307626,5.822571,4.933662,4.094999,3.660769,2.837427,2.496856,2.327142,1.963234,2.041816,1.962437,1.467855,1.062967,2.598725,0.583915,0.228191,0.262062,0.100092,0.077755,0.055286,0.010913,0.050590,0.005464,0.005537,0.011076,0.011020,0.011003,0.000000,0.005650,0.005464,0.016836,0.000000,0.000000,0.005631
78240,78299,78270,873.678,34.533,64.902,9.330,0.709,0.198,0.003,9.752724,7.761801,7.041968,6.057407,5.108900,4.307375,3.558684,3.271116,2.744427,2.315508,1.955865,2.153396,2.075577,1.739627,0.961186,2.560468,0.635418,0.260787,0.222786,0.061369,0.072254,0.072396,0.016594,0.044337,0.016705,0.022222,0.022153,0.016612,0.011418,0.011075,0.016741,0.011242,0.005519,0.005708,0.005501,0.005612
78300,78359,78330,873.677,34.430,66.178,9.590,0.738,0.206,0.003,9.733709,8.348918,7.324064,6.267154,5.083746,4.182899,3.713396,2.846615,2.553077,2.319008,2.301296,1.987094,2.295032,1.650903,1.196128,2.729371,0.637758,0.309819,0.249125,0.088427,0.104826,0.022009,0.044542,0.027742,0.016578,0.033139,0.011114,0.016396,0.027820,0.005519,0.016779,0.016630,0.005708,0.000000,0.005708,0.005464
78360,78419,78390,873.714,34.475,66.468,9.045,0.513,0.163,0.002,9.736175,8.449458,7.302522,6.380633,5.337145,4.372930,3.652991,2.996676,2.692402,2.470924,2.142743,2.047476,1.848395,1.622567,1.060332,2.680507,0.664891,0.332618,0.270982,0.105821,0.094850,0.060951,0.016669,0.022043,0.027836,0.033135,0.011019,0.005519,0.000000,0.011494,0.011005,0.000000,0.005612,0.000000,0.000000,0.000000
78420,78479,78450,873.745,34.535,66.653,9.427,0.679,0.196,0.003,9.967032,8.678678,7.006700,6.009945,5.412268,4.251501,3.819351,3.049200,2.887709,2.389674,2.153326,2.152505,2.041250,1.516314,0.995424,2.736500,0.657633,0.319799,0.225944,0.077303,0.061046,0.039041,0.044220,0.027436,0.005537,0.022264,0.022042,0.011093,0.011003,0.005556,0.016466,0.005650,0.022096,0.000000,0.011130,0.000000
78480,78539,78510,873.779,34.395,65.325,9.673,0.833,0.228,0.003,9.824720,8.005736,6.904423,6.086352,5.376185,4.307963,3.561610,2.957031,2.652730,2.314486,1.830938,2.226275,2.083936,1.788598,1.082959,2.803978,0.614360,0.221764,0.254298,0.072193,0.066384,0.055563,0.027542,0.033024,0.027669,0.022040,0.021985,0.005574,0.011149,0.011186,0.005519,0.016596,0.022278,0.010806,0.005519,0.011223
78540,78599,78570,873.800,34.369,65.899,9.437,0.682,0.198,0.003,9.527104,8.854201,6.990707,6.110489,4.908871,4.385107,3.488955,3.165146,2.517092,2.379622,2.189717,2.045764,2.140879,1.715772,1.190441,2.571950,0.693979,0.305730,0.305695,0.071818,0.089554,0.050441,0.033411,0.039322,0.016668,0.005593,0.011021,0.016129,0.016582,0.028130,0.011131,0.011056,0.000000,0.000000,0.005556,0.005574
78600,78659,78630,873.833,34.489,61.527,9.231,0.816,0.232,0.003,9.025326,7.538320,6.357456,5.724559,4.873331,4.308195,3.487091,2.849211,2.508558,2.184187,1.905980,1.858461,1.946838,1.602622,1.082274,2.677080,0.622535,0.298753,0.260282,0.066104,0.060760,0.022355,0.033338,0.050059,0.022393,0.027856,0.016687,0.010990,0.005359,0.038755,0.010893,0.033338,0.005574,0.005612,0.005727,0.000000
78660,78719,78690,873.897,34.526,61.153,9.196,0.805,0.231,0.003,8.609713,7.215276,6.413623,5.877224,5.009973,4.377105,3.289956,2.810877,2.456274,2.242227,2.053160,2.040439,2.000125,1.480872,0.976444,2.698306,0.592139,0.321572,0.243946,0.049462,0.060713,0.050171,0.077417,0.044242,0.027973,0.027992,0.005612,0.000000,0.022207,0.016396,0.016724,0.033407,0.000000,0.000000,0.005537,0.005537
78720,78779,78750,873.961,34.403,61.931,9.103,0.755,0.213,0.003,9.099209,8.152677,6.378770,5.676380,5.021049,4.247131,3.367695,3.140547,2.175743,2.074411,1.952391,1.982581,1.917977,1.594102,0.951544,2.626671,0.675997,0.273144,0.278038,0.066671,0.027700,0.033582,0.038643,0.028005,0.028308,0.021610,0.016506,0.011148,0.005464,0.000000,0.016837,0.005556,0.005612,0.016801,0.000000,0.022039
78780,78839,78810,874.009,34.398,61.599,8.519,0.573,0.179,0.002,9.383421,8.097217,6.338195,5.466517,4.895905,4.133473,3.462513,2.794560,2.493928,2.110423,1.929276,2.111242,1.800518,1.643060,1.082763,2.440426,0.620870,0.277593,0.243991,0.049558,0.039643,0.027711,0.027856,0.000000,0.021968,0.027661,0.016467,0.011148,0.000000,0.011167,0.016915,0.000000,0.011111,0.000000,0.000000,0.011416
78840,78899,78870,874.065,34.469,61.182,8.869,0.662,0.192,0.002,9.171386,7.713958,6.718398,5.634489,4.610182,4.026719,3.204443,3.054513,2.388768,2.108673,1.852430,1.851471,1.830393,1.748550,0.925804,2.805373,0.666400,0.310401,0.166239,0.077572,0.083771,0.044161,0.016638,0.038653,0.033210,0.022027,0.011093,0.000000,0.005574,0.016686,0.000000,0.000000,0.022149,0.000000,0.016361,0.005464
78900,78959,78930,874.077,34.395,60.358,8.428,0.632,0.193,0.002,8.921505,7.370879,6.681591,5.631760,4.805650,4.488157,3.472248,2.798274,2.498019,2.067157,1.779477,1.795103,1.744609,1.518671,0.998500,2.436450,0.627601,0.217322,0.216141,0.060839,0.055975,0.044289,0.011074,0.005669,0.000000,0.027818,0.011214,0.005593,0.005650,0.000000,0.027817,0.005574,0.005612,0.005482,0.000000,0.016473
78960,79019,78990,874.097,34.295,64.413,8.908,0.656,0.198,0.002,10.175484,8.403363,6.913062,5.781739,5.548572,4.191648,3.381884,2.874404,2.455698,2.260037,2.011582,1.998217,1.914019,1.570783,0.877751,2.618668,0.560124,0.276955,0.261023,0.065947,0.060645,0.044328,0.016875,0.016726,0.027619,0.016724,0.016779,0.011223,0.016861,0.000000,0.005593,0.016670,0.005429,0.005537,0.011111,0.000000
79020,79079,79050,874.091,34.387,63.170,8.953,0.683,0.197,0.002,9.534944,8.227484,7.029348,5.875381,4.959058,4.027711,3.536286,2.813120,2.379435,2.283422,2.076148,1.949326,2.057249,1.550751,0.940858,2.589162,0.562076,0.222606,0.182648,0.066904,0.061007,0.033172,0.033484,0.033448,0.027992,0.016706,0.005501,0.016742,0.011187,0.016817,0.016689,0.005574,0.005593,0.005482,0.005593,0.011100
79080,79139,79110,874.148,34.455,60.392,8.287,0.569,0.186,0.002,9.443866,7.661432,6.601071,5.605752,4.749576,4.149891,3.306766,2.732600,2.016603,2.012219,2.004595,1.921993,1.715834,1.504820,0.966243,2.687039,0.577825,0.272774,0.166710,0.061848,0.033450,0.027686,0.027527,0.011111,0.027900,0.016672,0.011223,0.005631,0.032774,0.011075,0.010936,0.011167,0.000000,0.000000,0.000000,0.005631
79140,79199,79170,874.184,34.488,57.143,7.619,0.516,0.175,0.002,8.546808,7.377975,6.293934,5.166121,4.759032,3.705312,3.326801,2.479724,2.252843,1.988846,1.823767,1.879952,1.672522,1.485579,0.798974,2.401145,0.595963,0.216205,0.171521,0.027651,0.033174,0.028024,0.022209,0.010879,0.022243,0.005669,0.005612,0.005612,0.005537,0.000000,0.005593,0.011130,0.000000,0.005359,0.000000,0.011039
79200,79259,79230,874.173,34.331,62.221,8.362,0.484,0.162,0.002,9.512923,7.904890,6.552930,6.026525,4.897243,3.847565,3.468426,2.767710,2.302396,2.202258,1.955045,1.971128,2.015568,1.567453,0.952779,2.882948,0.599698,0.299923,0.222051,0.066792,0.044326,0.038891,0.033096,0.005612,0.010895,0.016708,0.010667,0.016742,0.000000,0.011038,0.005574,0.000000,0.005574,0.000000,0.000000,0.005574
79260,79319,79290,874.143,34.320,60.727,8.548,0.599,0.189,0.002,9.078032,7.651787,6.635445,5.751715,4.665537,4.143128,3.381770,2.787137,2.437075,2.119832,2.027813,1.821280,1.967479,1.499030,0.959265,2.339574,0.654826,0.239122,0.188909,0.077828,0.056024,0.044341,0.044318,0.016819,0.022130,0.011149,0.016650,0.027838,0.021986,0.011111,0.011130,0.005482,0.000000,0.000000,0.005556,0.005574
79320,79379,79350,874.119,34.443,70.480,9.496,0.668,0.189,0.002,10.583222,9.716634,7.492100,6.853709,5.737432,4.721232,3.863792,3.310407,2.852291,2.426852,2.056906,2.110924,2.116119,1.564414,0.931169,2.743725,0.535212,0.350180,0.195912,0.060751,0.056072,0.027834,0.027837,0.022437,0.016685,0.011264,0.005556,0.022076,0.011021,0.011038,0.005556,0.011192,0.016728,0.000000,0.005708,0.005556
79380,79439,79410,874.104,34.464,79.516,10.311,0.671,0.175,0.002,13.205153,10.639448,8.860427,7.241997,6.205730,5.273085,4.303706,3.688378,2.957507,2.677993,2.459522,2.190075,2.059187,1.976340,1.287380,3.250401,0.595297,0.271227,0.122151,0.027710,0.027951,0.016653,0.039066,0.021580,0.005537,0.005669,0.022620,0.022280,0.005556,0.011038,0.016916,0.000000,0.005574,0.005669,0.000000,0.016742
79440,79499,79470,874.123,34.368,83.153,11.259,0.701,0.173,0.003,12.179729,10.202605,8.609226,7.383087,6.471660,5.560509,4.663588,3.875008,3.423234,3.183780,2.676907,2.795455,2.793187,2.224773,1.637411,3.958816,0.721696,0.270786,0.199772,0.050098,0.049485,0.050006,0.033106,0.016667,0.027816,0.005650,0.021988,0.011378,0.005537,0.005501,0.011300,0.000000,0.010861,0.011130,0.005359,0.005688
79500,79559,79530,874.147,34.289,69.397,9.049,0.510,0.156,0.002,10.545151,9.227965,7.192304,6.355967,5.502425,4.494281,3.706008,3.517911,2.557735,2.423563,2.039927,2.291996,2.190781,1.765782,1.127426,3.112983,0.657643,0.310385,0.138463,0.049519,0.038782,0.016486,0.027504,0.011149,0.016614,0.011150,0.010858,0.011367,0.016816,0.011130,0.005519,0.005482,0.000000,0.005482,0.000000,0.000000
79560,79619,79590,874.149,34.406,60.031,7.821,0.456,0.161,0.002,9.874754,8.196433,6.395214,5.491885,4.625762,3.742500,3.199610,2.813435,2.213639,1.938458,1.858735,2.004392,1.678514,1.370179,1.009620,2.441029,0.589208,0.205336,0.154811,0.038720,0.033491,0.033192,0.033548,0.011042,0.022077,0.000000,0.000000,0.005464,0.021970,0.005464,0.005593,0.000000,0.011116,0.000000,0.005537,0.000000
79620,79679,79650,874.149,34.524,73.208,10.186,0.799,0.204,0.003,11.379506,9.201041,7.777442,6.608354,5.777974,4.805451,4.040297,3.568847,2.804847,2.403634,2.403516,2.531114,2.296558,1.974853,1.228334,2.942872,0.690383,0.248279,0.220857,0.061363,0.038585,0.033026,0.016521,0.011058,0.010948,0.016326,0.022266,0.016506,0.005574,0.016693,0.005501,0.010879,0.000000,0.005482,0.011002,0.022149
