CampaignData_and_Merges/R0/CSL_MobileLab_Parked/raw/20240817/USOS-jNO2_MobileLabGround_20240817_R0.ict
52,1001
Waxman, E.; Rollins, A.; Zuraski, K.; Chace, W.
NOAA Chemical Sciences Laboratory
jNO2 filter radiometer on CSL Mobile Lab
AMMBEC / USOS
1, 1
2024,08,17, 2025,04,01
60
Time_Start, seconds, number_of_seconds_since_0000_UTC
20
1, 1, 1, 1, 1, 1, 1, 1, 1, 1, 1, 1, 1, 1, 1, 1, 1, 1, 1, 1
-9999, -9999, -9999, -9999, -9999, -9999, -9999, -9999, -9999, -9999, -9999, -9999, -9999, -9999, -9999, -9999, -9999, -9999, -9999, -9999
Time_Stop, seconds, number_of_seconds_since_0000_UTC
jNO2_meas, per second, photolysis rate of NO2 measured using a filter radiometer.
jBrCl, per second, photolysis rate of BrCl -> Br + Cl calculated in TUV for cloud-free sky with local AOD
jBr2, per second, photolysis rate of Br2 -> Br + Br calculated in TUV for cloud-free sky with local AOD
jCCl4, per second, photolysis rate of CCl4 -> Products calcualted in TUV for cloud-free sky with local AOD
jCH2Oa, per second, photolysis rate of CH2O -> H + HCO calculated in TUV for cloud-free sky with local AOD
jCH2Ob, per second, photolysis rate of CH2O -> H2 + CO calculated in TUV for cloud-free sky with local AOD
jClNO2, per second, photolysis rate of ClNO2 -> Cl + NO2 calculated in TUV for cloud-free sky with local AOD
jClOa, per second, photolysis rate of ClO -> Cl + O(1D) calculated in TUV for cloud-free sky with local AOD
jClOb, per second, photolysis rate of ClO -> Cl + O(3P) calculated in TUV for cloud-free sky with local AOD
jCl2, per second, photolysis rate of Cl2 -> Cl + Cl calculated in TUV for cloud-free sky with local AOD
jHNO2, per second, photolysis rate of HNO2 -> OH + NO calculated in TUV for cloud-free sky with local AOD
jHNO3, per second, photolysis rate of HNO3 -> OH + NO2 calculated in TUV for cloud-free sky with local AOD
jI2, per second, photolysis rate of I2 -> I + I calculated in TUV for cloud-free sky with local AOD
jNO2, per second, photolysis rate of NO2 -> NO + O(3P) calculated in TUV for cloud-free sky with local AOD
jNO3a, per second, photolysis rate of NO3 -> NO + O2 calculated in TUV for cloud-free sky with local AOD
jNO3b, per second, photolysis rate of NO3 -> NO2 + O(3P) calculated in TUV for cloud-free sky with local AOD
jN2O5, per second, photolysis rate of N2O5 -> NO3 + NO + O(3P) calculated in TUV for cloud-free sky with local AOD
jO3, per second, photolysis rate of O3 -> O2 + O(1D) calculated in TUV for cloud-free sky with local AOD
AOD_500nm, unitless, UTC daily mean AOD at 500 nm from an AERONET station located at 40.178 N, -112.452 E
0
18
PI_CONTACT_INFO: eleanor.waxman@noaa.gov
PLATFORM: CSL Mobile Lab, at ground site
LOCATION: Salt Lake City, UT
ASSOCIATED_DATA:
INSTRUMENT_INFO: jNO2 filter radiometer.  TUV calculations are for mobile van lat/lon/altitude assuming clear sky (cloud AOD = 0) and daily mean AOD.
DATA_INFO:
UNCERTAINTY: Data uncertainties are +/- 20%.  These come from uncertainties in radiometer angular response, radiometer thermal response, local interferences from clouds/aerosols/shadows etc.
ULOD_FLAG: -7777
ULOD_VALUE: N/A
LLOD_FLAG: -8888
LLOD_VALUE: N/A
DM_CONTACT_INFO: eleanor.waxman@noaa.gov
PROJECT_INFO: USOS Project, July - August 2024
STIPULATIONS_ON_USE: Users are strongly encouraged to contact the PI for proper data usage.
OTHER_COMMENTS: 
REVISION: R0
R0: final data
Time_Start, Time_Stop, jNO2_meas, jBrCl, jBr2, jCCl4, jCH2Oa, jCH2Ob, jClNO2, jClOa, jClOb, jCl2, jHNO2, jHNO3, jI2, jNO2, jNO3a, jNO3b, jN2O5, jO3, AOD_500nm
[from data line 1165]
   69900,   69960,0.0025407,0.01021,0.03036,3.697e-22,3.228e-05,4.755e-05,0.0004672,1.772e-22,4.846e-05,0.002262,0.001467,5.881e-07,0.1065,0.008934,0.02036,0.1641,4.21e-05,3.189e-05,0.034
   69960,   70020,0.002588,0.01021,0.03036,3.702e-22,3.228e-05,4.755e-05,0.0004672,1.774e-22,4.846e-05,0.002262,0.001467,5.881e-07,0.1065,0.008935,0.02036,0.1641,4.21e-05,3.189e-05,0.034
   70020,   70080,0.0026634,0.01021,0.03036,3.705e-22,3.228e-05,4.755e-05,0.0004673,1.775e-22,4.846e-05,0.002262,0.001467,5.881e-07,0.1065,0.008935,0.02036,0.1641,4.21e-05,3.189e-05,0.034
   70080,   70140,0.0028175,0.01021,0.03036,3.704e-22,3.228e-05,4.755e-05,0.0004673,1.775e-22,4.846e-05,0.002262,0.001467,5.881e-07,0.1065,0.008935,0.02036,0.1641,4.21e-05,3.189e-05,0.034
   70140,   70200,0.0030644,0.01021,0.03036,3.703e-22,3.228e-05,4.755e-05,0.0004673,1.774e-22,4.846e-05,0.002262,0.001467,5.881e-07,0.1065,0.008935,0.02036,0.1641,4.21e-05,3.189e-05,0.034
   70200,   70260,0.0033661,0.01021,0.03036,3.7e-22,3.228e-05,4.755e-05,0.0004672,1.773e-22,4.846e-05,0.002262,0.001467,5.881e-07,0.1065,0.008935,0.02036,0.1641,4.21e-05,3.189e-05,0.034
   70260,   70320,0.0036704,0.01021,0.03036,3.694e-22,3.228e-05,4.754e-05,0.0004672,1.77e-22,4.846e-05,0.002262,0.001467,5.881e-07,0.1065,0.008934,0.02036,0.1641,4.21e-05,3.189e-05,0.034
   70320,   70380,0.0039014,0.01021,0.03036,3.687e-22,3.228e-05,4.754e-05,0.0004672,1.767e-22,4.845e-05,0.002262,0.001467,5.88e-07,0.1065,0.008934,0.02036,0.1641,4.21e-05,3.189e-05,0.034
   70380,   70440,0.0039465,0.01021,0.03036,3.677e-22,3.228e-05,4.754e-05,0.0004672,1.762e-22,4.844e-05,0.002261,0.001467,5.879e-07,0.1064,0.008934,0.02036,0.1641,4.209e-05,3.188e-05,0.034
   70440,   70500,0.0039251,0.0102,0.03035,3.665e-22,3.227e-05,4.754e-05,0.0004672,1.756e-22,4.843e-05,0.002261,0.001467,5.879e-07,0.1064,0.008934,0.02036,0.1641,4.209e-05,3.187e-05,0.034
   70500,   70560,0.0039555,0.0102,0.03035,3.653e-22,3.227e-05,4.753e-05,0.0004671,1.75e-22,4.842e-05,0.002261,0.001467,5.878e-07,0.1064,0.008933,0.02036,0.1641,4.209e-05,3.187e-05,0.034
   70560,   70620,0.0041036,0.0102,0.03035,3.637e-22,3.227e-05,4.753e-05,0.0004671,1.743e-22,4.841e-05,0.002261,0.001467,5.877e-07,0.1064,0.008933,0.02036,0.1641,4.208e-05,3.186e-05,0.034
   70620,   70680,0.0043469,0.0102,0.03035,3.62e-22,3.226e-05,4.752e-05,0.000467,1.734e-22,4.84e-05,0.002261,0.001467,5.876e-07,0.1064,0.008932,0.02036,0.1641,4.208e-05,3.185e-05,0.034
   70680,   70740,0.0046201,0.0102,0.03035,3.602e-22,3.226e-05,4.752e-05,0.000467,1.725e-22,4.838e-05,0.002261,0.001466,5.874e-07,0.1064,0.008932,0.02036,0.1641,4.207e-05,3.184e-05,0.034
   70740,   70800,0.0049519,0.0102,0.03035,3.58e-22,3.225e-05,4.751e-05,0.0004669,1.715e-22,4.837e-05,0.00226,0.001466,5.873e-07,0.1064,0.008931,0.02036,0.1641,4.207e-05,3.183e-05,0.034
   70800,   70860,0.0053545,0.0102,0.03035,3.557e-22,3.224e-05,4.751e-05,0.0004669,1.704e-22,4.835e-05,0.00226,0.001466,5.871e-07,0.1064,0.00893,0.02035,0.1641,4.206e-05,3.181e-05,0.034
   70860,   70920,0.005454,0.0102,0.03035,3.534e-22,3.224e-05,4.75e-05,0.0004668,1.692e-22,4.833e-05,0.00226,0.001466,5.87e-07,0.1064,0.00893,0.02035,0.1641,4.205e-05,3.18e-05,0.034
   70920,   70980,0.006121,0.0102,0.03035,3.507e-22,3.223e-05,4.749e-05,0.0004667,1.679e-22,4.831e-05,0.00226,0.001466,5.868e-07,0.1064,0.008929,0.02035,0.164,4.204e-05,3.179e-05,0.034
   70980,   71040,0.0058179,0.0102,0.03035,3.479e-22,3.222e-05,4.749e-05,0.0004667,1.666e-22,4.828e-05,0.002259,0.001466,5.866e-07,0.1064,0.008928,0.02035,0.164,4.204e-05,3.177e-05,0.034
   71040,   71100,0.005471,0.0102,0.03034,3.451e-22,3.222e-05,4.748e-05,0.0004666,1.652e-22,4.826e-05,0.002259,0.001466,5.864e-07,0.1064,0.008927,0.02035,0.164,4.203e-05,3.175e-05,0.034
   71100,   71160,0.0051879,0.0102,0.03034,3.418e-22,3.221e-05,4.747e-05,0.0004665,1.636e-22,4.823e-05,0.002259,0.001465,5.861e-07,0.1064,0.008926,0.02035,0.164,4.202e-05,3.174e-05,0.034
   71160,   71220,0.004695,0.0102,0.03034,3.385e-22,3.22e-05,4.746e-05,0.0004664,1.62e-22,4.82e-05,0.002258,0.001465,5.859e-07,0.1064,0.008925,0.02035,0.164,4.201e-05,3.172e-05,0.034
   71220,   71280,0.0043369,0.0102,0.03034,3.353e-22,3.219e-05,4.745e-05,0.0004663,1.605e-22,4.818e-05,0.002258,0.001465,5.856e-07,0.1064,0.008924,0.02035,0.164,4.2e-05,3.17e-05,0.034
   71280,   71340,0.0041187,0.0102,0.03034,3.316e-22,3.218e-05,4.744e-05,0.0004662,1.587e-22,4.815e-05,0.002258,0.001465,5.854e-07,0.1064,0.008923,0.02035,0.164,4.199e-05,3.168e-05,0.034
   71340,   71400,0.0039798,0.0102,0.03034,3.279e-22,3.217e-05,4.743e-05,0.0004661,1.569e-22,4.811e-05,0.002257,0.001465,5.851e-07,0.1064,0.008922,0.02035,0.164,4.197e-05,3.165e-05,0.034
   71400,   71460,0.003866,0.01019,0.03033,3.241e-22,3.216e-05,4.742e-05,0.000466,1.551e-22,4.808e-05,0.002257,0.001464,5.848e-07,0.1064,0.008921,0.02035,0.164,4.196e-05,3.163e-05,0.034
   71460,   71520,0.0038154,0.01019,0.03033,3.201e-22,3.214e-05,4.74e-05,0.0004658,1.531e-22,4.804e-05,0.002256,0.001464,5.845e-07,0.1064,0.008919,0.02035,0.164,4.195e-05,3.161e-05,0.034
   71520,   71580,0.003834,0.01019,0.03033,3.159e-22,3.213e-05,4.739e-05,0.0004657,1.511e-22,4.801e-05,0.002256,0.001464,5.842e-07,0.1064,0.008918,0.02035,0.164,4.194e-05,3.158e-05,0.034
   71580,   71640,0.0038689,0.01019,0.03033,3.119e-22,3.212e-05,4.738e-05,0.0004656,1.492e-22,4.797e-05,0.002256,0.001464,5.838e-07,0.1064,0.008916,0.02035,0.164,4.192e-05,3.156e-05,0.034
   71640,   71700,0.0038947,0.01019,0.03032,3.076e-22,3.211e-05,4.737e-05,0.0004655,1.47e-22,4.793e-05,0.002255,0.001463,5.835e-07,0.1064,0.008915,0.02035,0.164,4.191e-05,3.153e-05,0.034
   71700,   71760,0.0038606,0.01019,0.03032,3.031e-22,3.209e-05,4.735e-05,0.0004653,1.449e-22,4.789e-05,0.002254,0.001463,5.831e-07,0.1064,0.008913,0.02035,0.164,4.189e-05,3.15e-05,0.034
   71760,   71820,0.003603,0.01019,0.03032,2.986e-22,3.208e-05,4.734e-05,0.0004652,1.427e-22,4.785e-05,0.002254,0.001463,5.827e-07,0.1064,0.008912,0.02034,0.164,4.188e-05,3.147e-05,0.034
   71820,   71880,0.0032567,0.01019,0.03032,2.94e-22,3.206e-05,4.732e-05,0.000465,1.405e-22,4.78e-05,0.002253,0.001463,5.823e-07,0.1064,0.00891,0.02034,0.1639,4.186e-05,3.144e-05,0.034
   71880,   71940,0.002829,0.01018,0.03031,2.892e-22,3.205e-05,4.73e-05,0.0004649,1.382e-22,4.775e-05,0.002253,0.001462,5.819e-07,0.1064,0.008908,0.02034,0.1639,4.185e-05,3.141e-05,0.034
   71940,   72000,0.0024196,0.01018,0.03031,2.847e-22,3.203e-05,4.729e-05,0.0004647,1.36e-22,4.771e-05,0.002252,0.001462,5.815e-07,0.1063,0.008907,0.02034,0.1639,4.183e-05,3.138e-05,0.034
   72000,   72060,0.0020413,0.01018,0.03031,2.797e-22,3.201e-05,4.727e-05,0.0004645,1.336e-22,4.766e-05,0.002252,0.001462,5.811e-07,0.1063,0.008905,0.02034,0.1639,4.181e-05,3.134e-05,0.034
   72060,   72120,0.001724,0.01018,0.0303,2.746e-22,3.2e-05,4.725e-05,0.0004644,1.311e-22,4.761e-05,0.002251,0.001461,5.806e-07,0.1063,0.008903,0.02034,0.1639,4.179e-05,3.131e-05,0.034
   72120,   72180,0.0014559,0.01018,0.0303,2.699e-22,3.198e-05,4.724e-05,0.0004642,1.288e-22,4.756e-05,0.00225,0.001461,5.802e-07,0.1063,0.008901,0.02034,0.1639,4.177e-05,3.127e-05,0.034
   72180,   72240,0.0012605,0.01018,0.0303,2.648e-22,3.196e-05,4.722e-05,0.000464,1.264e-22,4.75e-05,0.00225,0.00146,5.797e-07,0.1063,0.008899,0.02034,0.1639,4.175e-05,3.123e-05,0.034
   72240,   72300,0.0011341,0.01017,0.03029,2.597e-22,3.194e-05,4.72e-05,0.0004638,1.239e-22,4.745e-05,0.002249,0.00146,5.792e-07,0.1063,0.008897,0.02034,0.1639,4.173e-05,3.12e-05,0.034
   72300,   72360,0.00105,0.01017,0.03029,2.548e-22,3.192e-05,4.718e-05,0.0004636,1.215e-22,4.739e-05,0.002248,0.00146,5.788e-07,0.1063,0.008895,0.02034,0.1639,4.171e-05,3.116e-05,0.034
   72360,   72420,0.00097716,0.01017,0.03029,2.496e-22,3.19e-05,4.716e-05,0.0004634,1.19e-22,4.733e-05,0.002247,0.001459,5.782e-07,0.1063,0.008892,0.02033,0.1639,4.169e-05,3.112e-05,0.034
   72420,   72480,0.0009392,0.01017,0.03028,2.442e-22,3.188e-05,4.714e-05,0.0004632,1.164e-22,4.727e-05,0.002247,0.001459,5.777e-07,0.1063,0.00889,0.02033,0.1638,4.167e-05,3.108e-05,0.034
   72480,   72540,0.00092534,0.01017,0.03028,2.392e-22,3.186e-05,4.712e-05,0.000463,1.14e-22,4.721e-05,0.002246,0.001458,5.772e-07,0.1063,0.008888,0.02033,0.1638,4.165e-05,3.103e-05,0.034
   72540,   72600,0.00093864,0.01017,0.03028,2.34e-22,3.184e-05,4.71e-05,0.0004628,1.115e-22,4.715e-05,0.002245,0.001458,5.766e-07,0.1063,0.008885,0.02033,0.1638,4.163e-05,3.099e-05,0.034
   72600,   72660,0.00098144,0.01016,0.03027,2.287e-22,3.182e-05,4.707e-05,0.0004626,1.089e-22,4.708e-05,0.002244,0.001458,5.76e-07,0.1063,0.008883,0.02033,0.1638,4.16e-05,3.095e-05,0.034
   72660,   72720,0.0010463,0.01016,0.03027,2.237e-22,3.18e-05,4.705e-05,0.0004624,1.065e-22,4.702e-05,0.002244,0.001457,5.755e-07,0.1062,0.00888,0.02033,0.1638,4.158e-05,3.09e-05,0.034
   72720,   72780,0.0011117,0.01016,0.03026,2.184e-22,3.178e-05,4.703e-05,0.0004621,1.039e-22,4.695e-05,0.002243,0.001457,5.749e-07,0.1062,0.008878,0.02033,0.1638,4.155e-05,3.086e-05,0.034
   72780,   72840,0.0011695,0.01016,0.03026,2.13e-22,3.175e-05,4.7e-05,0.0004619,1.013e-22,4.688e-05,0.002242,0.001456,5.743e-07,0.1062,0.008875,0.02032,0.1638,4.153e-05,3.081e-05,0.034
   72840,   72900,0.001209,0.01016,0.03025,2.08e-22,3.173e-05,4.698e-05,0.0004617,9.895e-23,4.681e-05,0.002241,0.001456,5.737e-07,0.1062,0.008873,0.02032,0.1637,4.15e-05,3.076e-05,0.034
   72900,   72960,0.0012148,0.01015,0.03025,2.028e-22,3.17e-05,4.695e-05,0.0004614,9.642e-23,4.674e-05,0.00224,0.001455,5.73e-07,0.1062,0.00887,0.02032,0.1637,4.148e-05,3.071e-05,0.034
   72960,   73020,0.0011793,0.01015,0.03024,1.976e-22,3.168e-05,4.693e-05,0.0004612,9.39e-23,4.667e-05,0.002239,0.001455,5.724e-07,0.1062,0.008867,0.02032,0.1637,4.145e-05,3.066e-05,0.034
   73020,   73080,0.0011145,0.01015,0.03024,1.927e-22,3.165e-05,4.69e-05,0.0004609,9.153e-23,4.66e-05,0.002238,0.001454,5.718e-07,0.1062,0.008864,0.02032,0.1637,4.142e-05,3.061e-05,0.034
   73080,   73140,0.0010481,0.01015,0.03024,1.874e-22,3.163e-05,4.687e-05,0.0004606,8.901e-23,4.652e-05,0.002237,0.001454,5.711e-07,0.1062,0.008861,0.02032,0.1637,4.139e-05,3.056e-05,0.034
   73140,   73200,0.00099192,0.01014,0.03023,1.823e-22,3.16e-05,4.685e-05,0.0004604,8.653e-23,4.644e-05,0.002236,0.001453,5.704e-07,0.1062,0.008858,0.02031,0.1637,4.137e-05,3.05e-05,0.034
   73200,   73260,0.00096597,0.01014,0.03023,1.775e-22,3.157e-05,4.682e-05,0.0004601,8.423e-23,4.636e-05,0.002235,0.001452,5.697e-07,0.1061,0.008855,0.02031,0.1636,4.134e-05,3.045e-05,0.034
   73260,   73320,0.00098063,0.01014,0.03022,1.725e-22,3.155e-05,4.679e-05,0.0004598,8.18e-23,4.628e-05,0.002234,0.001452,5.69e-07,0.1061,0.008852,0.02031,0.1636,4.131e-05,3.04e-05,0.034
   73320,   73380,0.0010432,0.01014,0.03021,1.675e-22,3.152e-05,4.676e-05,0.0004595,7.94e-23,4.62e-05,0.002233,0.001451,5.682e-07,0.1061,0.008849,0.02031,0.1636,4.128e-05,3.034e-05,0.034
   73380,   73440,0.0011696,0.01013,0.03021,1.628e-22,3.149e-05,4.673e-05,0.0004593,7.717e-23,4.612e-05,0.002232,0.001451,5.675e-07,0.1061,0.008846,0.02031,0.1636,4.125e-05,3.028e-05,0.034
   73440,   73500,0.0013243,0.01013,0.0302,1.579e-22,3.146e-05,4.67e-05,0.000459,7.479e-23,4.603e-05,0.002231,0.00145,5.668e-07,0.1061,0.008842,0.02031,0.1636,4.121e-05,3.022e-05,0.034
   73500,   73560,0.0014669,0.01013,0.0302,1.531e-22,3.143e-05,4.667e-05,0.0004587,7.248e-23,4.595e-05,0.00223,0.001449,5.66e-07,0.1061,0.008839,0.0203,0.1636,4.118e-05,3.016e-05,0.034
   73560,   73620,0.001564,0.01013,0.03019,1.486e-22,3.14e-05,4.664e-05,0.0004584,7.034e-23,4.586e-05,0.002228,0.001449,5.652e-07,0.1061,0.008835,0.0203,0.1635,4.115e-05,3.011e-05,0.034
   73620,   73680,0.0015821,0.01012,0.03019,1.44e-22,3.137e-05,4.661e-05,0.000458,6.809e-23,4.577e-05,0.002227,0.001448,5.644e-07,0.1061,0.008832,0.0203,0.1635,4.112e-05,3.004e-05,0.034
   73680,   73740,0.0015073,0.01012,0.03018,1.394e-22,3.134e-05,4.658e-05,0.0004577,6.588e-23,4.568e-05,0.002226,0.001448,5.636e-07,0.106,0.008828,0.0203,0.1635,4.108e-05,2.998e-05,0.034
   73740,   73800,0.0013611,0.01012,0.03017,1.351e-22,3.131e-05,4.654e-05,0.0004574,6.383e-23,4.559e-05,0.002225,0.001447,5.628e-07,0.106,0.008825,0.0203,0.1635,4.105e-05,2.992e-05,0.034
   73800,   73860,0.0012004,0.01011,0.03017,1.306e-22,3.128e-05,4.651e-05,0.0004571,6.167e-23,4.549e-05,0.002224,0.001446,5.62e-07,0.106,0.008821,0.02029,0.1635,4.101e-05,2.986e-05,0.034
   73860,   73920,0.0010219,0.01011,0.03016,1.263e-22,3.124e-05,4.647e-05,0.0004567,5.958e-23,4.54e-05,0.002222,0.001445,5.611e-07,0.106,0.008817,0.02029,0.1634,4.098e-05,2.979e-05,0.034
   73920,   73980,0.00084914,0.01011,0.03016,1.222e-22,3.121e-05,4.644e-05,0.0004564,5.764e-23,4.531e-05,0.002221,0.001445,5.603e-07,0.106,0.008813,0.02029,0.1634,4.094e-05,2.973e-05,0.034
   73980,   74040,0.00072269,0.0101,0.03015,1.18e-22,3.118e-05,4.641e-05,0.0004561,5.563e-23,4.521e-05,0.00222,0.001444,5.594e-07,0.106,0.008809,0.02029,0.1634,4.091e-05,2.966e-05,0.034
   74040,   74100,0.00066124,0.0101,0.03014,1.139e-22,3.114e-05,4.637e-05,0.0004557,5.365e-23,4.511e-05,0.002218,0.001443,5.585e-07,0.1059,0.008805,0.02028,0.1634,4.087e-05,2.959e-05,0.034
   74100,   74160,0.00061401,0.0101,0.03014,1.101e-22,3.111e-05,4.633e-05,0.0004554,5.181e-23,4.501e-05,0.002217,0.001443,5.577e-07,0.1059,0.008801,0.02028,0.1633,4.083e-05,2.952e-05,0.034
   74160,   74220,0.00055415,0.01009,0.03013,1.062e-22,3.107e-05,4.63e-05,0.000455,4.992e-23,4.491e-05,0.002216,0.001442,5.567e-07,0.1059,0.008797,0.02028,0.1633,4.079e-05,2.945e-05,0.034
   74220,   74280,0.00048194,0.01009,0.03012,1.023e-22,3.103e-05,4.626e-05,0.0004546,4.808e-23,4.48e-05,0.002214,0.001441,5.558e-07,0.1059,0.008793,0.02028,0.1633,4.075e-05,2.938e-05,0.034
   74280,   74340,0.00041593,0.01009,0.03011,9.877e-23,3.1e-05,4.622e-05,0.0004543,4.638e-23,4.47e-05,0.002213,0.00144,5.549e-07,0.1059,0.008789,0.02027,0.1633,4.072e-05,2.931e-05,0.034
   74340,   74400,0.00036512,0.01008,0.03011,9.51e-23,3.096e-05,4.618e-05,0.0004539,4.462e-23,4.459e-05,0.002212,0.00144,5.54e-07,0.1059,0.008784,0.02027,0.1633,4.067e-05,2.924e-05,0.034
   74400,   74460,0.00032669,0.01008,0.0301,9.152e-23,3.092e-05,4.614e-05,0.0004535,4.291e-23,4.448e-05,0.00221,0.001439,5.53e-07,0.1058,0.00878,0.02027,0.1632,4.063e-05,2.916e-05,0.034
   74460,   74520,0.00035838,0.01008,0.03009,8.82e-23,3.089e-05,4.61e-05,0.0004531,4.132e-23,4.438e-05,0.002209,0.001438,5.52e-07,0.1058,0.008776,0.02027,0.1632,4.059e-05,2.909e-05,0.034
   74520,   74580,0.00041661,0.01007,0.03008,8.481e-23,3.085e-05,4.606e-05,0.0004527,3.97e-23,4.427e-05,0.002207,0.001437,5.51e-07,0.1058,0.008771,0.02026,0.1632,4.055e-05,2.901e-05,0.034
   74580,   74640,0.000435,0.01007,0.03008,8.151e-23,3.081e-05,4.602e-05,0.0004523,3.812e-23,4.415e-05,0.002206,0.001436,5.5e-07,0.1058,0.008766,0.02026,0.1632,4.051e-05,2.894e-05,0.034
   74640,   74700,0.0004522,0.01007,0.03007,7.85e-23,3.077e-05,4.598e-05,0.0004519,3.668e-23,4.405e-05,0.002204,0.001435,5.491e-07,0.1058,0.008762,0.02026,0.1631,4.047e-05,2.886e-05,0.034
   74700,   74760,0.0004943,0.01006,0.03006,7.538e-23,3.073e-05,4.594e-05,0.0004515,3.518e-23,4.393e-05,0.002203,0.001435,5.48e-07,0.1057,0.008757,0.02026,0.1631,4.042e-05,2.878e-05,0.034
   74760,   74820,0.00051838,0.01006,0.03005,7.232e-23,3.068e-05,4.589e-05,0.000451,3.372e-23,4.381e-05,0.002201,0.001434,5.47e-07,0.1057,0.008752,0.02025,0.1631,4.038e-05,2.87e-05,0.034
   74820,   74880,0.00052427,0.01005,0.03004,6.955e-23,3.065e-05,4.585e-05,0.0004506,3.239e-23,4.37e-05,0.002199,0.001433,5.459e-07,0.1057,0.008747,0.02025,0.163,4.033e-05,2.863e-05,0.034
   74880,   74940,0.00052422,0.01005,0.03004,6.67e-23,3.06e-05,4.581e-05,0.0004502,3.104e-23,4.358e-05,0.002198,0.001432,5.449e-07,0.1057,0.008742,0.02025,0.163,4.029e-05,2.854e-05,0.034
   74940,   75000,0.00051161,0.01004,0.03003,6.397e-23,3.056e-05,4.576e-05,0.0004498,2.976e-23,4.346e-05,0.002196,0.001431,5.438e-07,0.1057,0.008737,0.02024,0.163,4.024e-05,2.846e-05,0.034
