CampaignData_and_Merges/R0/CSL_MobileLab_Parked/raw/20240817/USOS-jNO2_MobileLabGround_20240817_R0.ict
52,1001
Waxman, E.; Rollins, A.; Zuraski, K.; Chace, W.
NOAA Chemical Sciences Laboratory
jNO2 filter radiometer on CSL Mobile Lab
AMMBEC / USOS
1, 1
2024,08,17, 2025,04,01
60
Time_Start, seconds, number_of_seconds_since_0000_UTC
20
1, 1, 1, 1, 1, 1, 1, 1, 1, 1, 1, 1, 1, 1, 1, 1, 1, 1, 1, 1
-9999, -9999, -9999, -9999, -9999, -9999, -9999, -9999, -9999, -9999, -9999, -9999, -9999, -9999, -9999, -9999, -9999, -9999, -9999, -9999
Time_Stop, seconds, number_of_seconds_since_0000_UTC
jNO2_meas, per second, photolysis rate of NO2 measured using a filter radiometer.
jBrCl, per second, photolysis rate of BrCl -> Br + Cl calculated in TUV for cloud-free sky with local AOD
jBr2, per second, photolysis rate of Br2 -> Br + Br calculated in TUV for cloud-free sky with local AOD
jCCl4, per second, photolysis rate of CCl4 -> Products calcualted in TUV for cloud-free sky with local AOD
jCH2Oa, per second, photolysis rate of CH2O -> H + HCO calculated in TUV for cloud-free sky with local AOD
jCH2Ob, per second, photolysis rate of CH2O -> H2 + CO calculated in TUV for cloud-free sky with local AOD
jClNO2, per second, photolysis rate of ClNO2 -> Cl + NO2 calculated in TUV for cloud-free sky with local AOD
jClOa, per second, photolysis rate of ClO -> Cl + O(1D) calculated in TUV for cloud-free sky with local AOD
jClOb, per second, photolysis rate of ClO -> Cl + O(3P) calculated in TUV for cloud-free sky with local AOD
jCl2, per second, photolysis rate of Cl2 -> Cl + Cl calculated in TUV for cloud-free sky with local AOD
jHNO2, per second, photolysis rate of HNO2 -> OH + NO calculated in TUV for cloud-free sky with local AOD
jHNO3, per second, photolysis rate of HNO3 -> OH + NO2 calculated in TUV for cloud-free sky with local AOD
jI2, per second, photolysis rate of I2 -> I + I calculated in TUV for cloud-free sky with local AOD
jNO2, per second, photolysis rate of NO2 -> NO + O(3P) calculated in TUV for cloud-free sky with local AOD
jNO3a, per second, photolysis rate of NO3 -> NO + O2 calculated in TUV for cloud-free sky with local AOD
jNO3b, per second, photolysis rate of NO3 -> NO2 + O(3P) calculated in TUV for cloud-free sky with local AOD
jN2O5, per second, photolysis rate of N2O5 -> NO3 + NO + O(3P) calculated in TUV for cloud-free sky with local AOD
jO3, per second, photolysis rate of O3 -> O2 + O(1D) calculated in TUV for cloud-free sky with local AOD
AOD_500nm, unitless, UTC daily mean AOD at 500 nm from an AERONET station located at 40.178 N, -112.452 E
0
18
PI_CONTACT_INFO: eleanor.waxman@noaa.gov
PLATFORM: CSL Mobile Lab, at ground site
LOCATION: Salt Lake City, UT
ASSOCIATED_DATA:
INSTRUMENT_INFO: jNO2 filter radiometer.  TUV calculations are for mobile van lat/lon/altitude assuming clear sky (cloud AOD = 0) and daily mean AOD.
DATA_INFO:
UNCERTAINTY: Data uncertainties are +/- 20%.  These come from uncertainties in radiometer angular response, radiometer thermal response, local interferences from clouds/aerosols/shadows etc.
ULOD_FLAG: -7777
ULOD_VALUE: N/A
LLOD_FLAG: -8888
LLOD_VALUE: N/A
DM_CONTACT_INFO: eleanor.waxman@noaa.gov
PROJECT_INFO: USOS Project, July - August 2024
STIPULATIONS_ON_USE: Users are strongly encouraged to contact the PI for proper data usage.
OTHER_COMMENTS: 
REVISION: R0
R0: final data
Time_Start, Time_Stop, jNO2_meas, jBrCl, jBr2, jCCl4, jCH2Oa, jCH2Ob, jClNO2, jClOa, jClOb, jCl2, jHNO2, jHNO3, jI2, jNO2, jNO3a, jNO3b, jN2O5, jO3, AOD_500nm
[from data line 745]
   44700,   44760,4.2165e-06,2.673e-05,8.432e-05,1.497e-27,1.833e-08,5.853e-08,6.497e-07,5.965e-28,7.723e-09,4.107e-06,3.093e-06,2.21e-10,0.0002582,2.028e-05,3.764e-05,0.0003425,4.938e-08,5.504e-09,0.034
   44760,   44820,5.2558e-06,3.147e-05,9.988e-05,1.733e-27,2.118e-08,6.806e-08,7.57e-07,6.909e-28,8.814e-09,4.798e-06,3.614e-06,2.548e-10,0.0003099,2.373e-05,4.586e-05,0.0004139,5.749e-08,6.303e-09,0.034
   44820,   44880,8.3819e-06,3.724e-05,0.0001189,2.01e-27,2.459e-08,7.957e-08,8.865e-07,8.012e-28,1.009e-08,5.634e-06,4.243e-06,2.95e-10,0.000374,2.79e-05,5.607e-05,0.0005026,6.727e-08,7.242e-09,0.034
   44880,   44940,1.245e-05,4.393e-05,0.0001411,2.318e-27,2.849e-08,9.279e-08,1.035e-06,9.239e-28,1.151e-08,6.597e-06,4.966e-06,3.409e-10,0.0004492,3.272e-05,6.805e-05,0.0006072,7.85e-08,8.295e-09,0.034
   44940,   45000,1.4565e-05,5.126e-05,0.0001657,2.615e-27,3.259e-08,1.069e-07,1.195e-06,1.042e-27,1.294e-08,7.636e-06,5.747e-06,3.886e-10,0.000533,3.794e-05,8.139e-05,0.0007238,9.052e-08,9.361e-09,0.034
   45000,   45060,1.9502e-05,5.83e-05,0.0001893,2.93e-27,3.681e-08,1.209e-07,1.352e-06,1.167e-27,1.439e-08,8.647e-06,6.502e-06,4.372e-10,0.0006156,4.296e-05,9.424e-05,0.0008392,1.024e-07,1.045e-08,0.034
   45060,   45120,2.1548e-05,6.744e-05,0.0002201,3.303e-27,4.207e-08,1.388e-07,1.552e-06,1.316e-27,1.617e-08,9.946e-06,7.476e-06,4.978e-10,0.0007222,4.946e-05,0.0001112,0.0009884,1.175e-07,1.178e-08,0.034
   45120,   45180,2.8092e-05,7.805e-05,0.0002557,3.72e-27,4.813e-08,1.594e-07,1.785e-06,1.482e-27,1.819e-08,1.146e-05,8.607e-06,5.674e-10,0.0008449,5.701e-05,0.0001305,0.00116,1.35e-07,1.331e-08,0.034
   45180,   45240,3.311e-05,8.731e-05,0.0002872,4.054e-27,5.351e-08,1.774e-07,1.985e-06,1.614e-27,1.987e-08,1.276e-05,9.576e-06,6.281e-10,0.0009573,6.35e-05,0.0001479,0.001318,1.502e-07,1.459e-08,0.034
   45240,   45300,4.3179e-05,0.0001006,0.0003321,4.537e-27,6.116e-08,2.033e-07,2.277e-06,1.805e-27,2.231e-08,1.465e-05,1.099e-05,7.151e-10,0.001114,7.295e-05,0.0001726,0.001537,1.721e-07,1.644e-08,0.034
   45300,   45360,4.1461e-05,0.0001111,0.0003678,4.886e-27,6.731e-08,2.237e-07,2.503e-06,1.943e-27,2.416e-08,1.612e-05,1.208e-05,7.836e-10,0.001241,8.026e-05,0.0001922,0.001717,1.893e-07,1.786e-08,0.034
   45360,   45420,5.2943e-05,0.0001282,0.0004254,5.464e-27,7.725e-08,2.573e-07,2.88e-06,2.173e-27,2.723e-08,1.856e-05,1.391e-05,8.957e-10,0.001442,9.247e-05,0.0002241,0.002,2.177e-07,2.021e-08,0.034
   45420,   45480,5.9658e-05,0.0001405,0.0004677,5.842e-27,8.471e-08,2.817e-07,3.149e-06,2.321e-27,2.938e-08,2.029e-05,1.519e-05,9.777e-10,0.001594,0.0001011,0.0002477,0.002216,2.38e-07,2.186e-08,0.034
   45480,   45540,6.9819e-05,0.0001539,0.0005132,6.24e-27,9.283e-08,3.082e-07,3.441e-06,2.478e-27,3.171e-08,2.218e-05,1.659e-05,1.067e-09,0.001757,0.0001104,0.0002722,0.002444,2.602e-07,2.365e-08,0.034
   45540,   45600,7.4927e-05,0.0001701,0.0005684,6.715e-27,1.028e-07,3.406e-07,3.799e-06,2.664e-27,3.455e-08,2.449e-05,1.83e-05,1.176e-09,0.001951,0.0001219,0.000301,0.002716,2.873e-07,2.585e-08,0.034
   45600,   45660,8.3461e-05,0.0001888,0.0006313,7.25e-27,1.144e-07,3.782e-07,4.214e-06,2.875e-27,3.784e-08,2.716e-05,2.028e-05,1.303e-09,0.002169,0.0001351,0.0003329,0.00302,3.187e-07,2.838e-08,0.034
   45660,   45720,9.4272e-05,0.0002089,0.0006985,7.818e-27,1.269e-07,4.189e-07,4.664e-06,3.098e-27,4.138e-08,3.005e-05,2.243e-05,1.44e-09,0.0024,0.0001495,0.0003659,0.003339,3.527e-07,3.112e-08,0.034
   45720,   45780,0.00010759,0.0002342,0.0008123,9.442e-27,1.406e-07,4.631e-07,5.149e-06,3.373e-27,4.52e-08,3.32e-05,2.473e-05,1.59e-09,0.003238,0.0001649,0.0008552,0.005325,3.895e-07,3.407e-08,0.034
   45780,   45840,0.00011586,0.0002563,0.0009003,9.835e-27,1.538e-07,5.044e-07,5.6e-06,3.567e-27,4.878e-08,3.61e-05,2.685e-05,1.731e-09,0.003725,0.0001791,0.001035,0.006276,4.237e-07,3.683e-08,0.034
   45840,   45900,0.00012867,0.0002789,0.0009928,1.026e-26,1.671e-07,5.459e-07,6.051e-06,3.756e-27,5.238e-08,3.902e-05,2.897e-05,1.875e-09,0.004254,0.0001933,0.001226,0.007305,4.58e-07,3.961e-08,0.034
   45900,   45960,0.00013955,0.0003049,0.001101,1.071e-26,1.822e-07,5.925e-07,6.558e-06,3.96e-27,5.644e-08,4.229e-05,3.134e-05,2.037e-09,0.004888,0.0002091,0.001447,0.008527,4.966e-07,4.273e-08,0.034
   45960,   46020,0.00015248,0.000333,0.001221,1.12e-26,1.983e-07,6.416e-07,7.09e-06,4.169e-27,6.074e-08,4.575e-05,3.382e-05,2.209e-09,0.005595,0.0002258,0.001684,0.009872,5.371e-07,4.604e-08,0.034
   46020,   46080,0.00016406,0.0003613,0.001344,1.167e-26,2.144e-07,6.901e-07,7.614e-06,4.367e-27,6.502e-08,4.916e-05,3.626e-05,2.38e-09,0.006322,0.0002421,0.001918,0.01124,5.771e-07,4.931e-08,0.034
   46080,   46140,0.00017911,0.0003934,0.001484,1.219e-26,2.323e-07,7.437e-07,8.192e-06,4.579e-27,6.979e-08,5.294e-05,3.894e-05,2.571e-09,0.007154,0.0002602,0.002175,0.01278,6.213e-07,5.296e-08,0.034
   46140,   46200,0.00019313,0.0004279,0.001636,1.271e-26,2.513e-07,7.999e-07,8.798e-06,4.793e-27,7.485e-08,5.692e-05,4.173e-05,2.772e-09,0.008049,0.0002791,0.00244,0.01441,6.676e-07,5.68e-08,0.034
   46200,   46260,0.00021192,0.0004624,0.00179,1.321e-26,2.701e-07,8.549e-07,9.39e-06,4.996e-27,7.985e-08,6.082e-05,4.446e-05,2.972e-09,0.008942,0.0002976,0.002695,0.01602,7.13e-07,6.059e-08,0.034
   46260,   46320,0.00022405,0.0005012,0.001963,1.376e-26,2.91e-07,9.157e-07,1.004e-05,5.213e-27,8.545e-08,6.515e-05,4.746e-05,3.194e-09,0.009939,0.0003181,0.002971,0.01779,7.631e-07,6.481e-08,0.034
   46320,   46380,0.00024075,0.0005424,0.002147,1.432e-26,3.13e-07,9.788e-07,1.072e-05,5.431e-27,9.134e-08,6.967e-05,5.057e-05,3.427e-09,0.01098,0.0003395,0.003249,0.01962,8.153e-07,6.922e-08,0.034
   46380,   46440,0.00025614,0.0005832,0.002329,1.484e-26,3.347e-07,1.04e-06,1.138e-05,5.637e-27,9.717e-08,7.41e-05,5.361e-05,3.656e-09,0.012,0.0003605,0.003513,0.02139,8.662e-07,7.357e-08,0.034
   46440,   46500,0.00027123,0.0006286,0.002531,1.54e-26,3.586e-07,1.108e-06,1.211e-05,5.856e-27,1.036e-07,7.897e-05,5.692e-05,3.91e-09,0.01311,0.0003836,0.003793,0.0233,9.222e-07,7.838e-08,0.034
   46500,   46560,0.00028945,0.0006763,0.002743,1.597e-26,3.838e-07,1.178e-06,1.287e-05,6.076e-27,1.105e-07,8.405e-05,6.037e-05,4.176e-09,0.01426,0.0004078,0.004074,0.02525,9.804e-07,8.342e-08,0.034
   46560,   46620,0.00030601,0.0007232,0.00295,1.651e-26,4.084e-07,1.246e-06,1.36e-05,6.284e-27,1.172e-07,8.902e-05,6.373e-05,4.438e-09,0.01536,0.0004315,0.004338,0.02711,1.037e-06,8.837e-08,0.034
   46620,   46680,0.00032486,0.0007751,0.003178,1.709e-26,4.357e-07,1.321e-06,1.441e-05,6.505e-27,1.248e-07,9.449e-05,6.743e-05,4.727e-09,0.01655,0.0004577,0.004618,0.0291,1.1e-06,9.386e-08,0.034
   46680,   46740,0.00034725,0.000829,0.003413,1.767e-26,4.641e-07,1.398e-06,1.524e-05,6.727e-27,1.327e-07,0.0001002,7.125e-05,5.029e-09,0.01776,0.000485,0.004895,0.03111,1.164e-06,9.959e-08,0.034
   46740,   46800,0.00036632,0.0008815,0.003641,1.822e-26,4.918e-07,1.472e-06,1.606e-05,6.936e-27,1.405e-07,0.0001057,7.498e-05,5.324e-09,0.01891,0.0005118,0.005155,0.033,1.227e-06,1.052e-07,0.034
   46800,   46860,0.00038195,0.0009389,0.003887,1.88e-26,5.224e-07,1.554e-06,1.695e-05,7.159e-27,1.492e-07,0.0001117,7.905e-05,5.649e-09,0.02013,0.0005412,0.005426,0.03501,1.296e-06,1.114e-07,0.034
   46860,   46920,0.00040082,0.0009982,0.00414,1.94e-26,5.542e-07,1.638e-06,1.787e-05,7.382e-27,1.583e-07,0.000118,8.329e-05,5.989e-09,0.02137,0.0005719,0.005696,0.03702,1.368e-06,1.179e-07,0.034
   46920,   46980,0.00041931,0.001056,0.004383,1.996e-26,5.853e-07,1.72e-06,1.877e-05,7.593e-27,1.673e-07,0.0001241,8.742e-05,6.321e-09,0.02254,0.0006019,0.005946,0.03891,1.437e-06,1.242e-07,0.034
   46980,   47040,0.00044327,0.001118,0.004645,2.055e-26,6.195e-07,1.81e-06,1.975e-05,7.818e-27,1.773e-07,0.0001308,9.194e-05,6.687e-09,0.02378,0.0006349,0.006209,0.04091,1.514e-06,1.312e-07,0.034
   47040,   47100,0.00046391,0.001182,0.00491,2.115e-26,6.549e-07,1.902e-06,2.077e-05,8.043e-27,1.878e-07,0.0001377,9.662e-05,7.068e-09,0.02502,0.0006691,0.006468,0.0429,1.592e-06,1.386e-07,0.034
   47100,   47160,0.00048553,0.001243,0.005161,2.171e-26,6.893e-07,1.991e-06,2.175e-05,8.255e-27,1.981e-07,0.0001443,0.0001012,7.438e-09,0.02617,0.0007022,0.006707,0.04474,1.669e-06,1.457e-07,0.034
   47160,   47220,0.00050281,0.00131,0.005432,2.232e-26,7.272e-07,2.088e-06,2.283e-05,8.482e-27,2.095e-07,0.0001516,0.0001061,7.848e-09,0.0274,0.0007387,0.006957,0.0467,1.752e-06,1.536e-07,0.034
   47220,   47280,0.00052426,0.001377,0.005705,2.293e-26,7.665e-07,2.189e-06,2.394e-05,8.71e-27,2.216e-07,0.0001591,0.0001113,8.272e-09,0.02862,0.0007763,0.007204,0.04863,1.839e-06,1.618e-07,0.034
   47280,   47340,0.00054384,0.001442,0.005963,2.351e-26,8.047e-07,2.286e-06,2.502e-05,8.924e-27,2.334e-07,0.0001664,0.0001163,8.687e-09,0.02975,0.0008127,0.007431,0.05042,1.922e-06,1.698e-07,0.034
   47340,   47400,0.00056409,0.001511,0.006239,2.412e-26,8.466e-07,2.392e-06,2.62e-05,9.153e-27,2.465e-07,0.0001742,0.0001217,9.142e-09,0.03095,0.0008525,0.007669,0.05231,2.014e-06,1.787e-07,0.034
   47400,   47460,0.00058329,0.001582,0.006515,2.474e-26,8.9e-07,2.501e-06,2.742e-05,9.383e-27,2.603e-07,0.0001823,0.0001273,9.615e-09,0.03214,0.0008934,0.007902,0.05417,2.108e-06,1.88e-07,0.034
   47460,   47520,0.00060521,0.001648,0.006774,2.532e-26,9.319e-07,2.606e-06,2.859e-05,9.599e-27,2.737e-07,0.0001901,0.0001327,1.007e-08,0.03324,0.0009327,0.008116,0.05589,2.199e-06,1.97e-07,0.034
   47520,   47580,0.00062898,0.00172,0.00705,2.595e-26,9.781e-07,2.722e-06,2.987e-05,9.831e-27,2.887e-07,0.0001985,0.0001386,1.058e-08,0.03439,0.0009755,0.00834,0.05769,2.298e-06,2.07e-07,0.034
   47580,   47640,0.00064972,0.001793,0.007326,2.658e-26,1.026e-06,2.84e-06,3.118e-05,1.006e-26,3.043e-07,0.0002072,0.0001447,1.11e-08,0.03554,0.001019,0.008559,0.05947,2.401e-06,2.173e-07,0.034
   47640,   47700,0.00067285,0.001861,0.007586,2.717e-26,1.072e-06,2.954e-06,3.245e-05,1.028e-26,3.197e-07,0.0002155,0.0001505,1.161e-08,0.0366,0.001061,0.008762,0.06112,2.499e-06,2.275e-07,0.034
   47700,   47760,0.00069713,0.001935,0.00786,2.78e-26,1.123e-06,3.079e-06,3.383e-05,1.052e-26,3.368e-07,0.0002245,0.0001569,1.217e-08,0.03771,0.001107,0.008972,0.06284,2.606e-06,2.386e-07,0.034
   47760,   47820,0.00071796,0.002008,0.008132,2.845e-26,1.175e-06,3.206e-06,3.524e-05,1.075e-26,3.545e-07,0.0002336,0.0001633,1.275e-08,0.0388,0.001153,0.009178,0.06452,2.716e-06,2.502e-07,0.034
   47820,   47880,0.00074106,0.002078,0.008388,2.905e-26,1.225e-06,3.329e-06,3.66e-05,1.098e-26,3.719e-07,0.0002424,0.0001696,1.331e-08,0.03981,0.001198,0.009368,0.06609,2.822e-06,2.615e-07,0.034
   47880,   47940,0.00076444,0.002152,0.008659,2.97e-26,1.281e-06,3.463e-06,3.808e-05,1.121e-26,3.913e-07,0.0002519,0.0001763,1.393e-08,0.04088,0.001245,0.009565,0.06772,2.937e-06,2.74e-07,0.034
   47940,   48000,0.00080199,0.002226,0.008928,3.035e-26,1.338e-06,3.601e-06,3.959e-05,1.145e-26,4.114e-07,0.0002615,0.0001832,1.457e-08,0.04192,0.001294,0.009758,0.06932,3.055e-06,2.87e-07,0.034
   48000,   48060,0.00087332,0.002296,0.009179,3.097e-26,1.393e-06,3.733e-06,4.105e-05,1.168e-26,4.312e-07,0.0002707,0.0001897,1.519e-08,0.04289,0.00134,0.009936,0.07081,3.169e-06,2.997e-07,0.034
   48060,   48120,0.0009384,0.002371,0.009443,3.163e-26,1.453e-06,3.877e-06,4.262e-05,1.192e-26,4.53e-07,0.0002807,0.0001968,1.586e-08,0.0439,0.00139,0.01012,0.07235,3.291e-06,3.136e-07,0.034
   48120,   48180,0.0010045,0.002445,0.009705,3.229e-26,1.515e-06,4.023e-06,4.422e-05,1.216e-26,4.757e-07,0.0002907,0.000204,1.656e-08,0.04489,0.001441,0.0103,0.07386,3.416e-06,3.281e-07,0.034
   48180,   48240,0.0010626,0.002515,0.00995,3.292e-26,1.575e-06,4.164e-06,4.576e-05,1.239e-26,4.979e-07,0.0003003,0.0002109,1.724e-08,0.0458,0.001489,0.01047,0.07526,3.537e-06,3.422e-07,0.034
   48240,   48300,0.0011762,0.002589,0.01021,3.36e-26,1.64e-06,4.317e-06,4.742e-05,1.264e-26,5.225e-07,0.0003107,0.0002183,1.798e-08,0.04676,0.00154,0.01064,0.07672,3.667e-06,3.577e-07,0.034
   48300,   48360,0.0013354,0.002663,0.01046,3.428e-26,1.707e-06,4.474e-06,4.912e-05,1.289e-26,5.481e-07,0.0003211,0.0002259,1.874e-08,0.0477,0.001592,0.01081,0.07815,3.8e-06,3.738e-07,0.034
   48360,   48420,0.0014578,0.002733,0.0107,3.492e-26,1.772e-06,4.624e-06,5.074e-05,1.312e-26,5.731e-07,0.0003311,0.000233,1.948e-08,0.04857,0.001641,0.01097,0.07948,3.927e-06,3.895e-07,0.034
   48420,   48480,0.00155,0.002807,0.01095,3.561e-26,1.842e-06,4.786e-06,5.248e-05,1.337e-26,6.007e-07,0.0003418,0.0002407,2.029e-08,0.04948,0.001694,0.01113,0.08085,4.064e-06,4.067e-07,0.034
   48480,   48540,0.0016184,0.00288,0.0112,3.631e-26,1.914e-06,4.951e-06,5.425e-05,1.363e-26,6.293e-07,0.0003526,0.0002484,2.112e-08,0.05037,0.001747,0.01129,0.0822,4.203e-06,4.245e-07,0.034
   48540,   48600,0.0016668,0.002949,0.01143,3.696e-26,1.984e-06,5.109e-06,5.594e-05,1.387e-26,6.573e-07,0.0003628,0.0002558,2.192e-08,0.0512,0.001797,0.01143,0.08345,4.336e-06,4.419e-07,0.034
   48600,   48660,0.0015933,0.003022,0.01167,3.768e-26,2.06e-06,5.28e-06,5.777e-05,1.412e-26,6.881e-07,0.0003738,0.0002637,2.279e-08,0.05206,0.00185,0.01159,0.08475,4.48e-06,4.61e-07,0.034
   48660,   48720,0.0013976,0.003095,0.01191,3.839e-26,2.137e-06,5.454e-06,5.962e-05,1.438e-26,7.201e-07,0.0003849,0.0002717,2.369e-08,0.0529,0.001904,0.01173,0.08602,4.626e-06,4.808e-07,0.034
   48720,   48780,0.0014363,0.003162,0.01213,3.907e-26,2.212e-06,5.62e-06,6.138e-05,1.463e-26,7.513e-07,0.0003955,0.0002793,2.456e-08,0.05368,0.001955,0.01187,0.0872,4.765e-06,5e-07,0.034
   48780,   48840,0.0017223,0.003234,0.01237,3.979e-26,2.292e-06,5.799e-06,6.327e-05,1.489e-26,7.855e-07,0.0004067,0.0002873,2.55e-08,0.05449,0.002009,0.01201,0.08842,4.914e-06,5.21e-07,0.034
   48840,   48900,0.0019018,0.003305,0.0126,4.053e-26,2.375e-06,5.981e-06,6.518e-05,1.515e-26,8.21e-07,0.000418,0.0002955,2.647e-08,0.05529,0.002063,0.01215,0.08962,5.066e-06,5.427e-07,0.034
   48900,   48960,0.0018441,0.003372,0.01281,4.122e-26,2.454e-06,6.154e-06,6.701e-05,1.541e-26,8.556e-07,0.0004287,0.0003032,2.74e-08,0.05603,0.002114,0.01228,0.09073,5.211e-06,5.639e-07,0.034
   48960,   49020,0.0017602,0.003443,0.01304,4.197e-26,2.54e-06,6.341e-06,6.896e-05,1.568e-26,8.936e-07,0.0004402,0.0003114,2.842e-08,0.0568,0.002169,0.01241,0.09188,5.366e-06,5.871e-07,0.034
   49020,   49080,0.0018833,0.003513,0.01326,4.272e-26,2.627e-06,6.531e-06,7.094e-05,1.595e-26,9.329e-07,0.0004517,0.0003197,2.945e-08,0.05755,0.002223,0.01255,0.09302,5.523e-06,6.11e-07,0.034
   49080,   49140,0.0021012,0.003578,0.01346,4.344e-26,2.711e-06,6.711e-06,7.282e-05,1.62e-26,9.711e-07,0.0004627,0.0003275,3.045e-08,0.05825,0.002275,0.01267,0.09406,5.673e-06,6.342e-07,0.034
   49140,   49200,0.0022004,0.003647,0.01368,4.421e-26,2.802e-06,6.904e-06,7.482e-05,1.648e-26,1.013e-06,0.0004742,0.0003358,3.154e-08,0.05898,0.002329,0.01279,0.09515,5.833e-06,6.595e-07,0.034
   49200,   49260,0.0022772,0.003716,0.01389,4.498e-26,2.894e-06,7.101e-06,7.685e-05,1.676e-26,1.056e-06,0.0004859,0.0003441,3.264e-08,0.05969,0.002384,0.01291,0.09622,5.995e-06,6.856e-07,0.034
   49260,   49320,0.0023349,0.00378,0.01409,4.572e-26,2.983e-06,7.287e-06,7.878e-05,1.702e-26,1.098e-06,0.000497,0.000352,3.371e-08,0.06035,0.002435,0.01302,0.0972,6.149e-06,7.109e-07,0.034
   49320,   49380,0.002384,0.003847,0.0143,4.651e-26,3.078e-06,7.487e-06,8.083e-05,1.731e-26,1.143e-06,0.0005087,0.0003604,3.484e-08,0.06104,0.002489,0.01314,0.09821,6.314e-06,7.382e-07,0.034
   49380,   49440,0.0024276,0.003911,0.0145,4.727e-26,3.17e-06,7.678e-06,8.279e-05,1.758e-26,1.189e-06,0.0005198,0.0003683,3.598e-08,0.06168,0.002541,0.01325,0.09919,6.472e-06,7.659e-07,0.034
   49440,   49500,0.0024774,0.003973,0.01469,4.801e-26,3.263e-06,7.869e-06,8.475e-05,1.785e-26,1.235e-06,0.0005309,0.0003762,3.711e-08,0.06231,0.002591,0.01336,0.1001,6.629e-06,7.934e-07,0.034
