CampaignData_and_Merges/R0/CSL_MobileLab_Parked/raw/20240817/USOS-HCHO_MobileLabGround_20240817_R0.ict
35,1001
Huang, Yaoxian
Wayne State University
Picarro G2307 on CSL Mobile Lab
USOS
1,1
2024,08,17,2025,03,31
1.0
Time_Start,seconds_since_midnight,number_of_seconds_since_0000_UTC
3
1.0,1.0,1.0
-9999.0,-9999.0,-9999.0
HCHO,ppbv,Gas_HCHO_InSitu_S_AVMR,volume mixing ratio of formaldehyde in air
H2O,ppmv,Gas_H2O_InSitu_S_AVMR,volume mixing ratio of water vapor in air
CH4,ppmv,Gas_CH4_InSitu_S_AVMR,volume mixing ratio of methane in air
0
18
PI_CONTACT_INFO: yaoxian.huang@wayne.edu
PLATFORM: CSL Mobile Lab, at Ground Site
LOCATION: Salt Lake City, UT
ASSOCIATED_DATA: N/A
INSTRUMENT_INFO: Cavity Ring-Down Spectrometer
DATA_INFO: Data is averaged to 1 minute intervals for stationary and 1 second interval for driving. Stationary data collected from a 20 ft tower on top of the mobile lab. On drive days, for parked data, anytime the mobile lab is driving, report as missing data in the parked files.
UNCERTAINTY: N/A
ULOD_FLAG: -7777
ULOD_VALUE: N/A
LLOD_FLAG: -8888
LLOD_VALUE: N/A
DM_CONTACT_INFO: Yaoxian Huang; yaoxian.huang@wayne.edu
PROJECT_INFO: USOS, Summer 2024. https://csl.noaa.gov/groups/csl7/measurements/2024usos/
STIPULATIONS_ON_USE: Users are strongly encouraged to contact the PI for proper data usage.
OTHER_COMMENTS: Data have been shifted backwards by 1 minute to align with USOS MetNav and Picarro GHG data.
REVISION: R0
R0: Final Data
Time_Start,HCHO,H2O,CH4
0,1.51751,7366.09,1.91716
60,1.81669,7921.26,1.91698
120,1.29473,7383.72,1.91712
180,1.30875,7458.49,1.91577
240,1.37048,7217.25,1.91704
300,1.453,7520.45,1.91678
360,1.41481,7158.69,1.9159
420,1.58273,7243.78,1.9166
480,1.58875,7288.66,1.91844
540,1.41638,7240.17,1.91762
600,1.52598,7512.38,1.91382
660,1.19007,7178.62,1.91547
720,1.46065,7419.23,1.91531
780,1.16071,7365.69,1.91404
840,1.34138,7385.85,1.91514
900,1.35928,7352.96,1.91517
960,1.49951,7178.27,1.91786
1020,1.36593,7090.77,1.91667
1080,1.24662,7047.87,1.91682
1140,1.19587,6764.37,1.91647
1200,1.19079,6961.74,1.91886
1260,1.22605,6955.38,1.9172
1320,1.18268,6745.99,1.91541
1380,1.29481,6819.93,1.91592
1440,1.1471,6673.3,1.91445
1500,1.39369,7221.33,1.91753
1560,1.28679,6893.64,1.91512
1620,1.31049,7099.36,1.91832
1680,1.25513,6975.06,1.91479
1740,1.23394,7127.17,1.91546
1800,1.30679,7118.79,1.91529
1860,1.13088,6955.19,1.91538
1920,1.27005,7058.49,1.91498
1980,1.34332,7167.85,1.91781
2040,1.4121,7117.92,1.91547
2100,1.44701,7037.61,1.91642
2160,1.59587,7366.63,1.91746
2220,1.18588,6777.01,1.91652
2280,1.12741,6728.6,1.91599
2340,0.969005,6699.07,1.91475
2400,1.12141,6638.48,1.91822
2460,1.12675,6682.67,1.91541
2520,1.28184,6842.55,1.91593
2580,1.20006,6950.05,1.91755
2640,1.23438,6962.68,1.91782
2700,1.18151,6957.11,1.91597
2760,1.21791,6989.73,1.91741
2820,1.30145,7085.87,1.91738
2880,1.46504,7392.77,1.91416
2940,1.26058,7455.58,1.91525
3000,1.50553,7227.23,1.91559
3060,1.17933,7168.05,1.91332
3120,1.49646,7329.45,1.91564
3180,1.29498,6920.62,1.91542
3240,1.36713,7073.75,1.91599
3300,0.996057,6617.03,1.91407
3360,1.1299,6765.4,1.91481
3420,1.05281,6986.37,1.9147
3480,1.41589,6972.01,1.91644
3540,0.95721,6777.48,1.91306
3600,0.988972,6730.84,1.91039
3660,1.15088,6921.21,1.91502
3720,1.32459,7073.71,1.9169
3780,1.05273,7176.02,1.9127
3840,1.45542,7390.73,1.91672
3900,1.39768,7106.79,1.91652
3960,1.18441,7003.78,1.91856
4020,1.24879,7340.59,1.91841
4080,1.61882,7380.27,1.91866
4140,1.48869,7288.92,1.91481
4200,1.3683,7630.3,1.91472
4260,1.39818,7387.27,1.91428
4320,1.21667,7188.24,1.91553
4380,1.19985,7074.29,1.91554
4440,1.16483,7312.99,1.91629
4500,1.59914,7497.0,1.91452
4560,1.49452,7630.82,1.9148
4620,1.64039,8258.85,1.91392
4680,1.67513,8141.27,1.91531
4740,1.60983,7638.34,1.91513
4800,1.538,7320.14,1.91657
4860,1.49236,7455.06,1.91415
4920,1.54747,7587.12,1.91372
4980,1.6695,7773.85,1.917
5040,1.56701,7357.44,1.91676
5100,1.58255,7273.14,1.91513
5160,1.41316,7643.0,1.91581
5220,1.33715,7329.17,1.91817
5280,1.51388,7851.92,1.91835
5340,1.51211,7449.71,1.91646
5400,1.46856,7660.26,1.91683
5460,1.56774,7392.31,1.91871
5520,1.63722,7503.46,1.91793
5580,1.45007,7408.75,1.91899
5640,1.65677,7412.33,1.92064
5700,1.31236,7102.31,1.91631
5760,1.40271,7226.01,1.91886
5820,1.53788,7404.3,1.91795
5880,1.25017,7791.57,1.91918
5940,1.76904,7617.83,1.91969
6000,1.35817,7588.22,1.91522
6060,1.50682,7439.45,1.91727
6120,1.42624,7359.14,1.91852
6180,1.43728,7496.99,1.91741
6240,1.47658,7479.54,1.91863
6300,1.70034,7624.32,1.92066
6360,1.75987,7701.33,1.91915
6420,1.65275,7778.27,1.91963
6480,1.53449,7610.15,1.91805
6540,1.5476,7690.86,1.92015
6600,1.59621,7475.15,1.9173
6660,1.55718,8058.58,1.92094
6720,1.66398,8196.44,1.91795
6780,1.72722,8008.27,1.91845
6840,1.80057,7772.96,1.91973
6900,1.81865,7985.42,1.91974
6960,1.53046,7689.85,1.92026
7020,1.90161,7849.03,1.92073
7080,2.09399,8024.24,1.92216
7140,1.74377,7555.79,1.91886
7200,1.9375,7715.48,1.92164
7260,1.87125,7683.34,1.92275
7320,2.07508,7901.47,1.92145
7380,2.06085,8289.38,1.92499
7440,2.26029,8598.73,1.92253
7500,2.12496,8734.78,1.9242
7560,2.13895,8728.12,1.92322
7620,2.00697,8487.49,1.92328
7680,2.2064,8503.61,1.9264
7740,2.26101,8618.53,1.92927
7800,2.27427,9100.8,1.93169
7860,2.31966,9167.57,1.93096
7920,2.19803,9212.04,1.92897
7980,2.17726,8959.07,1.92785
8040,-9999.0,-9999.0,-9999.0
8100,-9999.0,-9999.0,-9999.0
8160,-9999.0,-9999.0,-9999.0
8220,-9999.0,-9999.0,-9999.0
8280,-9999.0,-9999.0,-9999.0
8340,-9999.0,-9999.0,-9999.0
8400,-9999.0,-9999.0,-9999.0
8460,-9999.0,-9999.0,-9999.0
8520,-9999.0,-9999.0,-9999.0
8580,-9999.0,-9999.0,-9999.0
8640,-9999.0,-9999.0,-9999.0
8700,-9999.0,-9999.0,-9999.0
8760,-9999.0,-9999.0,-9999.0
8820,-9999.0,-9999.0,-9999.0
8880,-9999.0,-9999.0,-9999.0
8940,-9999.0,-9999.0,-9999.0
9000,-9999.0,-9999.0,-9999.0
9060,-9999.0,-9999.0,-9999.0
9120,-9999.0,-9999.0,-9999.0
9180,-9999.0,-9999.0,-9999.0
9240,-9999.0,-9999.0,-9999.0
9300,-9999.0,-9999.0,-9999.0
9360,-9999.0,-9999.0,-9999.0
9420,-9999.0,-9999.0,-9999.0
9480,-9999.0,-9999.0,-9999.0
9540,-9999.0,-9999.0,-9999.0
9600,-9999.0,-9999.0,-9999.0
9660,-9999.0,-9999.0,-9999.0
9720,-9999.0,-9999.0,-9999.0
9780,-9999.0,-9999.0,-9999.0
9840,-9999.0,-9999.0,-9999.0
9900,-9999.0,-9999.0,-9999.0
9960,-9999.0,-9999.0,-9999.0
10020,-9999.0,-9999.0,-9999.0
10080,-9999.0,-9999.0,-9999.0
10140,-9999.0,-9999.0,-9999.0
10200,-9999.0,-9999.0,-9999.0
10260,-9999.0,-9999.0,-9999.0
10320,-9999.0,-9999.0,-9999.0
10380,-9999.0,-9999.0,-9999.0
10440,-9999.0,-9999.0,-9999.0
10500,-9999.0,-9999.0,-9999.0
10560,-9999.0,-9999.0,-9999.0
10620,-9999.0,-9999.0,-9999.0
10680,-9999.0,-9999.0,-9999.0
10740,-9999.0,-9999.0,-9999.0
10800,-9999.0,-9999.0,-9999.0
10860,-9999.0,-9999.0,-9999.0
10920,-9999.0,-9999.0,-9999.0
10980,-9999.0,-9999.0,-9999.0
11040,-9999.0,-9999.0,-9999.0
11100,-9999.0,-9999.0,-9999.0
11160,-9999.0,-9999.0,-9999.0
11220,-9999.0,-9999.0,-9999.0
11280,-9999.0,-9999.0,-9999.0
11340,-9999.0,-9999.0,-9999.0
11400,-9999.0,-9999.0,-9999.0
11460,-9999.0,-9999.0,-9999.0
11520,-9999.0,-9999.0,-9999.0
11580,-9999.0,-9999.0,-9999.0
11640,-9999.0,-9999.0,-9999.0
11700,-9999.0,-9999.0,-9999.0
11760,-9999.0,-9999.0,-9999.0
11820,-9999.0,-9999.0,-9999.0
11880,-9999.0,-9999.0,-9999.0
11940,-9999.0,-9999.0,-9999.0
12000,-9999.0,-9999.0,-9999.0
12060,-9999.0,-9999.0,-9999.0
12120,-9999.0,-9999.0,-9999.0
12180,-9999.0,-9999.0,-9999.0
12240,-9999.0,-9999.0,-9999.0
12300,-9999.0,-9999.0,-9999.0
12360,-9999.0,-9999.0,-9999.0
12420,-9999.0,-9999.0,-9999.0
12480,-9999.0,-9999.0,-9999.0
12540,-9999.0,-9999.0,-9999.0
12600,-9999.0,-9999.0,-9999.0
12660,-9999.0,-9999.0,-9999.0
12720,-9999.0,-9999.0,-9999.0
12780,-9999.0,-9999.0,-9999.0
12840,-9999.0,-9999.0,-9999.0
12900,-9999.0,-9999.0,-9999.0
12960,-9999.0,-9999.0,-9999.0
13020,-9999.0,-9999.0,-9999.0
13080,-9999.0,-9999.0,-9999.0
13140,-9999.0,-9999.0,-9999.0
13200,-9999.0,-9999.0,-9999.0
13260,-9999.0,-9999.0,-9999.0
13320,-9999.0,-9999.0,-9999.0
13380,-9999.0,-9999.0,-9999.0
13440,-9999.0,-9999.0,-9999.0
13500,-9999.0,-9999.0,-9999.0
13560,-9999.0,-9999.0,-9999.0
13620,-9999.0,-9999.0,-9999.0
13680,-9999.0,-9999.0,-9999.0
13740,-9999.0,-9999.0,-9999.0
13800,-9999.0,-9999.0,-9999.0
13860,-9999.0,-9999.0,-9999.0
13920,-9999.0,-9999.0,-9999.0
13980,-9999.0,-9999.0,-9999.0
14040,-9999.0,-9999.0,-9999.0
14100,-9999.0,-9999.0,-9999.0
14160,-9999.0,-9999.0,-9999.0
14220,-9999.0,-9999.0,-9999.0
14280,-9999.0,-9999.0,-9999.0
14340,-9999.0,-9999.0,-9999.0
14400,-9999.0,-9999.0,-9999.0
14460,-9999.0,-9999.0,-9999.0
14520,-9999.0,-9999.0,-9999.0
14580,-9999.0,-9999.0,-9999.0
14640,-9999.0,-9999.0,-9999.0
14700,-9999.0,-9999.0,-9999.0
14760,-9999.0,-9999.0,-9999.0
14820,-9999.0,-9999.0,-9999.0
14880,-9999.0,-9999.0,-9999.0
14940,-9999.0,-9999.0,-9999.0
15000,-9999.0,-9999.0,-9999.0
15060,-9999.0,-9999.0,-9999.0
15120,-9999.0,-9999.0,-9999.0
15180,-9999.0,-9999.0,-9999.0
15240,-9999.0,-9999.0,-9999.0
15300,-9999.0,-9999.0,-9999.0
15360,-9999.0,-9999.0,-9999.0
15420,-9999.0,-9999.0,-9999.0
15480,-9999.0,-9999.0,-9999.0
15540,-9999.0,-9999.0,-9999.0
15600,-9999.0,-9999.0,-9999.0
15660,-9999.0,-9999.0,-9999.0
15720,-9999.0,-9999.0,-9999.0
15780,-9999.0,-9999.0,-9999.0
15840,-9999.0,-9999.0,-9999.0
15900,-9999.0,-9999.0,-9999.0
15960,-9999.0,-9999.0,-9999.0
16020,-9999.0,-9999.0,-9999.0
16080,-9999.0,-9999.0,-9999.0
16140,-9999.0,-9999.0,-9999.0
16200,-9999.0,-9999.0,-9999.0
16260,-9999.0,-9999.0,-9999.0
16320,-9999.0,-9999.0,-9999.0
16380,-9999.0,-9999.0,-9999.0
16440,-9999.0,-9999.0,-9999.0
16500,-9999.0,-9999.0,-9999.0
16560,-9999.0,-9999.0,-9999.0
16620,-9999.0,-9999.0,-9999.0
16680,-9999.0,-9999.0,-9999.0
16740,-9999.0,-9999.0,-9999.0
16800,-9999.0,-9999.0,-9999.0
16860,-9999.0,-9999.0,-9999.0
16920,-9999.0,-9999.0,-9999.0
16980,-9999.0,-9999.0,-9999.0
17040,-9999.0,-9999.0,-9999.0
17100,-9999.0,-9999.0,-9999.0
17160,-9999.0,-9999.0,-9999.0
17220,-9999.0,-9999.0,-9999.0
17280,-9999.0,-9999.0,-9999.0
17340,-9999.0,-9999.0,-9999.0
17400,-9999.0,-9999.0,-9999.0
17460,-9999.0,-9999.0,-9999.0
17520,-9999.0,-9999.0,-9999.0
17580,-9999.0,-9999.0,-9999.0
17640,-9999.0,-9999.0,-9999.0
17700,-9999.0,-9999.0,-9999.0
17760,-9999.0,-9999.0,-9999.0
17820,-9999.0,-9999.0,-9999.0
17880,-9999.0,-9999.0,-9999.0
17940,-9999.0,-9999.0,-9999.0
18000,-9999.0,-9999.0,-9999.0
18060,-9999.0,-9999.0,-9999.0
18120,-9999.0,-9999.0,-9999.0
18180,-9999.0,-9999.0,-9999.0
18240,-9999.0,-9999.0,-9999.0
18300,-9999.0,-9999.0,-9999.0
18360,-9999.0,-9999.0,-9999.0
18420,-9999.0,-9999.0,-9999.0
18480,-9999.0,-9999.0,-9999.0
18540,-9999.0,-9999.0,-9999.0
18600,-9999.0,-9999.0,-9999.0
18660,-9999.0,-9999.0,-9999.0
18720,-9999.0,-9999.0,-9999.0
18780,-9999.0,-9999.0,-9999.0
18840,-9999.0,-9999.0,-9999.0
18900,-9999.0,-9999.0,-9999.0
18960,-9999.0,-9999.0,-9999.0
19020,-9999.0,-9999.0,-9999.0
19080,-9999.0,-9999.0,-9999.0
19140,-9999.0,-9999.0,-9999.0
19200,-9999.0,-9999.0,-9999.0
19260,-9999.0,-9999.0,-9999.0
19320,-9999.0,-9999.0,-9999.0
19380,-9999.0,-9999.0,-9999.0
19440,-9999.0,-9999.0,-9999.0
19500,-9999.0,-9999.0,-9999.0
19560,-9999.0,-9999.0,-9999.0
19620,-9999.0,-9999.0,-9999.0
19680,-9999.0,-9999.0,-9999.0
19740,-9999.0,-9999.0,-9999.0
19800,-9999.0,-9999.0,-9999.0
19860,-9999.0,-9999.0,-9999.0
19920,-9999.0,-9999.0,-9999.0
19980,-9999.0,-9999.0,-9999.0
20040,-9999.0,-9999.0,-9999.0
20100,-9999.0,-9999.0,-9999.0
20160,-9999.0,-9999.0,-9999.0
20220,-9999.0,-9999.0,-9999.0
20280,-9999.0,-9999.0,-9999.0
20340,-9999.0,-9999.0,-9999.0
20400,-9999.0,-9999.0,-9999.0
20460,-9999.0,-9999.0,-9999.0
20520,-9999.0,-9999.0,-9999.0
20580,-9999.0,-9999.0,-9999.0
20640,-9999.0,-9999.0,-9999.0
20700,-9999.0,-9999.0,-9999.0
20760,-9999.0,-9999.0,-9999.0
20820,-9999.0,-9999.0,-9999.0
20880,-9999.0,-9999.0,-9999.0
20940,-9999.0,-9999.0,-9999.0
21000,-9999.0,-9999.0,-9999.0
21060,-9999.0,-9999.0,-9999.0
21120,-9999.0,-9999.0,-9999.0
21180,-9999.0,-9999.0,-9999.0
21240,-9999.0,-9999.0,-9999.0
21300,-9999.0,-9999.0,-9999.0
21360,-9999.0,-9999.0,-9999.0
21420,-9999.0,-9999.0,-9999.0
21480,-9999.0,-9999.0,-9999.0
21540,-9999.0,-9999.0,-9999.0
21600,-9999.0,-9999.0,-9999.0
21660,-9999.0,-9999.0,-9999.0
21720,-9999.0,-9999.0,-9999.0
21780,-9999.0,-9999.0,-9999.0
21840,-9999.0,-9999.0,-9999.0
21900,-9999.0,-9999.0,-9999.0
21960,-9999.0,-9999.0,-9999.0
22020,-9999.0,-9999.0,-9999.0
22080,-9999.0,-9999.0,-9999.0
22140,-164.837,9215.03,-164.742
22200,1.53539,9444.87,1.94359
22260,1.82583,9209.82,1.94202
22320,1.69347,8708.67,1.93487
22380,1.86749,9004.1,1.93892
22440,1.71041,8854.84,1.93666
22500,1.72531,9073.03,1.95186
22560,1.73574,8873.04,1.93948
22620,2.62384,8922.68,1.9728
22680,1.54782,8456.63,1.93719
22740,1.38929,8537.86,1.93596
22800,1.52218,8578.2,1.93813
22860,1.68733,8546.27,1.94019
22920,1.62817,8531.27,1.94223
22980,1.59692,8347.24,1.94403
23040,1.53439,8328.04,1.94199
23100,1.71676,8529.55,1.94579
23160,1.685,8481.46,1.94594
23220,1.91347,8738.96,1.94596
23280,1.84602,8741.39,1.95049
23340,1.63077,8556.33,1.95091
23400,1.65165,8462.98,1.94965
23460,1.99828,8566.09,1.95148
23520,1.70985,8525.88,1.95061
23580,1.82648,8521.93,1.95082
23640,1.75125,8363.05,1.95162
23700,1.71482,8291.94,1.95064
23760,1.79208,8377.49,1.94963
23820,1.42478,8027.27,1.94722
23880,1.68828,8105.8,1.94718
23940,1.52991,8074.1,1.94718
24000,1.62635,8300.08,1.94932
24060,1.72736,8492.35,1.95122
24120,1.7856,8385.0,1.95295
24180,2.1054,8600.47,1.95874
24240,2.05044,8980.6,1.96853
24300,1.96451,8682.29,1.95826
24360,1.60856,8208.15,1.95236
24420,1.89228,8109.01,1.95127
24480,1.92607,8883.12,1.95938
24540,1.55106,8135.13,1.94882
24600,1.98092,8862.78,1.95904
24660,1.65094,8420.85,1.95199
24720,1.4356,7951.2,1.9436
24780,1.49863,7796.5,1.9449
24840,1.63509,7734.9,1.94535
24900,1.44656,7502.88,1.94158
24960,1.54886,7842.31,1.94325
25020,1.5127,7593.38,1.94329
25080,1.33522,7487.38,1.94235
25140,1.08142,7013.36,1.93587
25200,1.28722,6942.05,1.93434
25260,1.39062,7085.63,1.93685
25320,1.40121,7236.81,1.94049
25380,1.54696,7440.91,1.9429
25440,1.58329,7648.4,1.94502
25500,1.64601,7799.33,1.95258
25560,1.29278,7509.28,1.94499
25620,1.36708,7710.72,1.94722
25680,1.57494,7729.37,1.9479
25740,1.85513,7798.04,1.94962
25800,1.65774,8202.46,1.95299
25860,1.78118,8224.3,1.9569
25920,1.65203,8133.33,1.95607
25980,1.22191,7360.38,1.9431
26040,1.32255,7237.33,1.93903
26100,1.16326,6801.34,1.94516
26160,1.21996,7175.04,1.96171
26220,1.52971,7163.74,1.94757
26280,1.27589,6849.12,1.93985
26340,1.224,6780.85,1.93598
26400,1.22881,6924.33,1.94084
26460,1.13939,7061.13,1.94265
26520,1.45637,7196.63,1.94474
26580,1.58124,7206.89,1.94355
26640,1.47602,7146.17,1.94396
26700,1.5608,7532.02,1.95024
26760,1.49814,7353.72,1.94554
26820,1.09752,6894.48,1.94128
26880,1.23263,6927.0,1.94205
26940,1.19613,6983.28,1.93955
27000,1.4156,7546.92,1.94409
27060,1.22693,7233.76,1.94141
27120,1.71369,7100.99,1.94466
27180,1.60897,7218.05,1.95186
27240,1.45646,7010.19,1.94285
27300,1.43119,6867.28,1.93758
27360,1.51842,7748.29,1.95898
27420,1.33026,7124.25,1.94325
27480,1.09597,6904.87,1.93728
27540,1.08421,6829.52,1.93696
27600,1.36274,6870.78,1.93527
27660,1.14977,6713.11,1.93389
27720,1.06144,6735.07,1.93913
27780,1.00683,6612.26,1.9313
27840,1.05824,6547.74,1.93111
27900,1.01635,6600.4,1.93277
27960,0.950848,6692.62,1.93228
28020,0.927761,6664.29,1.93509
28080,1.10886,6712.19,1.93481
28140,1.09863,6660.35,1.93452
28200,1.05363,6692.51,1.93402
28260,1.25158,6647.12,1.93201
28320,1.00915,6658.78,1.93452
28380,1.13128,6675.46,1.93792
28440,0.919091,6666.57,1.9347
28500,0.942974,6662.27,1.93153
28560,1.14239,6720.15,1.93124
28620,1.00791,6656.78,1.93101
28680,1.20721,6666.67,1.92851
28740,0.989853,6623.69,1.92884
28800,0.952144,6668.94,1.92995
28860,1.12306,6733.27,1.93309
28920,1.04449,6789.44,1.93953
28980,1.09243,6720.57,1.93184
29040,1.27557,6727.23,1.92962
29100,1.17892,6772.66,1.93078
29160,1.33256,6761.18,1.93274
29220,1.21205,6750.43,1.93006
29280,1.12216,6741.13,1.93087
29340,1.26938,6932.33,1.93338
29400,1.36651,6937.25,1.93236
29460,1.34799,7051.86,1.93403
29520,1.25172,7167.96,1.93558
29580,1.34179,7310.93,1.93927
29640,1.25807,7151.58,1.9418
29700,1.24699,7092.3,1.94131
29760,1.32623,7418.03,1.95658
29820,1.63581,7716.54,1.96722
29880,1.62587,7346.18,1.94876
29940,1.32422,7218.51,1.94265
30000,1.42305,7245.85,1.93997
30060,1.31779,7563.59,1.94247
30120,1.26959,7294.17,1.93874
30180,1.37353,7646.12,1.95023
30240,1.37658,7471.9,1.94602
30300,1.41605,7364.01,1.9447
30360,1.45859,7314.0,1.94006
30420,1.30521,7305.05,1.94037
30480,1.13141,7308.55,1.94279
30540,1.36569,7397.79,1.94197
30600,1.36277,7580.68,1.94434
30660,1.26484,7486.71,1.94288
30720,1.40911,7323.44,1.94329
30780,1.32888,7316.55,1.94163
30840,1.23338,7433.57,1.94327
30900,1.00798,7479.29,1.94288
30960,1.27517,7461.23,1.94084
31020,1.47619,7432.79,1.93923
31080,1.62671,7641.81,1.94153
31140,1.08903,7643.69,1.95015
31200,1.29762,7510.38,1.94162
31260,1.40369,7385.08,1.9396
31320,1.37686,7505.44,1.9428
31380,1.30652,7514.6,1.94053
31440,1.46909,7612.87,1.94215
31500,1.20597,7510.44,1.94373
31560,1.30371,7593.18,1.94328
31620,1.34283,7515.62,1.94037
31680,1.29091,7546.88,1.94119
31740,1.46716,7554.17,1.94235
31800,1.07856,7486.08,1.94224
31860,1.2171,7473.98,1.93963
31920,1.37652,7517.51,1.94696
31980,1.14763,7540.27,1.94119
32040,1.15693,7471.59,1.94009
32100,1.18693,7479.79,1.94068
32160,1.07649,7513.03,1.94089
32220,1.26758,7479.51,1.93797
32280,0.921184,7549.0,1.93595
32340,1.31907,7465.07,1.94156
32400,1.00174,7458.43,1.94001
