CampaignData_and_Merges/R0/CSL_MobileLab_Parked/raw/20240817/USOS-NOy-LIF_MobileLabGround_20240817_R0.ict
39,1001
Rollins, A.; Waxman, E.; Zuraski, K.; Chace, W.
NOAA Chemical Sciences Laboratory
LIF NO/NOx/NOy on CSL Mobile Lab
AMMBEC / USOS
1, 1
2024,08,17, 2025,01,06
1
Time_Start, seconds, number_of_seconds_since_0000_UTC
7
1, 1, 1, 1, 1, 1, 1
-9999, -9999, -9999, -9999, -9999, -9999, -9999
Time_Stop, seconds, number_of_seconds_since_0000_UTC
NO_LIF, pptv, Gas_NO_InSitu_S_AVMR, volume mixing ratio of nitric oxide in air
NO2_LIF, pptv, Gas_NO2_InSitu_S_AVMR, volume mixing ratio of nitrogen dioxide in air
NOy_LIF, pptv, Gas_NOy_InSitu_S_AVMR, volume mixing ratio of total oxidized nitrogen in air
NO_LIF_1SigmaAccuracy, pptv, Gas_NO_InSitu_S_AVMR, volume mixing ratio of nitric oxide in air
NO2_LIF_1SigmaAccuracy, pptv, Gas_NO2_InSitu_S_AVMR, volume mixing ratio of nitrogen dioxide in air
NOy_LIF_1SigmaAccuracy, pptv, Gas_NOy_InSitu_S_AVMR, volume mixing ratio of total oxidized nitrogen in air
0
18
PI_CONTACT_INFO: andrew.rollins@noaa.gov
PLATFORM: CSL Mobile Lab
LOCATION: Salt Lake City, UT
ASSOCIATED_DATA:
INSTRUMENT_INFO: NO detection by laser induced fluorescence. NO2 detection by photolytic conversion to NO. NOy detection by catalytic conversion to NO on gold surface
DATA_INFO:
UNCERTAINTY: Included 1 Sigma Accuracy waves represent the combined calibration uncertainties (±6%, ±9%, ±10%) and zero uncertainties (3 ppt, 20 ppt, 100 ppt) for NO, NO2, and NOy, respectively.
ULOD_FLAG: -7777
ULOD_VALUE: N/A
LLOD_FLAG: -8888
LLOD_VALUE: N/A
DM_CONTACT_INFO: andrew.rollins@noaa.gov
PROJECT_INFO: USOS Project, July - August 2024
STIPULATIONS_ON_USE: Users are strongly encouraged to contact the PI for proper data usage.
OTHER_COMMENTS:
REVISION: R0
R0: final data
Time_Start, Time_Stop, NO_LIF, NO2_LIF, NOy_LIF, NO_LIF_1SigmaAccuracy, NO2_LIF_1SigmaAccuracy, NOy_LIF_1SigmaAccuracy
[from data line 548]
   32880,   32940,12.501,3075.7,3909,3.7501, 296.82, 490.9
   32940,   33000,22.733,2910.9,3643.8,4.364, 281.98, 464.38
   33000,   33060,15.016,2861.3,3450.4,3.901, 277.52, 445.04
   33060,   33120,50.742,2928.2,3570.2,6.0445, 283.54, 457.02
   33120,   33180,249.96,3945.6,4154.7,17.997, 375.1, 515.47
   33180,   33240,41.768,3083.4,4208.4,5.5061, 297.51, 520.84
   33240,   33300,23.349,2950.8,3676.5,4.401, 285.57, 467.65
   33300,   33360,22.984,2968.6,3591.4,4.379, 287.17, 459.14
   33360,   33420,20.381,2944.9,3539.2,4.2229, 285.04, 453.92
   33420,   33480,19.862,3014.8,3659.5,4.1917, 291.34, 465.95
   33480,   33540,9.4509,2881,3520.8,3.5671, 279.29, 452.08
   33540,   33600,9.9205,2985.3,3581.1,3.5952, 288.68, 458.11
   33600,   33660,19.975,3289.3,3855.8,4.1985, 316.03, 485.58
   33660,   33720,43.355,3795.2,4493.6,5.6013, 361.57, 549.36
   33720,   33780,27.968,3734.7,4521.6,4.6781, 356.12, 552.16
   33780,   33840,14.908,3583.8,4639.4,3.8945, 342.54, 563.94
   33840,   33900,8.242,3293.8,4225.9,3.4945, 316.44, 522.59
   33900,   33960,7.7664,3144.3,3979.3,3.466, 302.98, 497.93
   33960,   34020,7.2452,2983.9,3889.6,3.4347, 288.55, 488.96
   34020,   34080,7.6198,3008.8,3765.5,3.4572, 290.79, 476.55
   34080,   34140,7.5677,2998.8,3681.4,3.4541, 289.89, 468.14
   34140,   34200,45.777,3345.4,3939.8,5.7466, 321.09, 493.98
   34200,   34260,18.303,3141,3814.4,4.0982, 302.69, 481.44
   34260,   34320,46.577,3361.8,3883.9,5.7946, 322.57, 488.39
   34320,   34380,61.406,3413.2,4049.8,6.6844, 327.19, 504.98
   34380,   34440,169.82,4022,4371,13.189, 381.98, 537.1
   34440,   34500,250.23,4422.4,4859.9,18.014, 418.01, 585.99
   34500,   34560,260.34,3930.2,4769.2,18.62, 373.72, 576.92
   34560,   34620,1109.6,6810.4,6005.5,69.578, 632.94, 700.55
   34620,   34680,37.118,3524.5,5841.8,5.2271, 337.21, 684.18
   34680,   34740,27.769,3757.2,5084.8,4.6661, 358.14, 608.48
   34740,   34800,28.345,3992.9,5507.3,4.7007, 379.36, 650.73
   34800,   34860,39.034,4318.1,6460.7,5.342, 408.63, 746.07
   34860,   34920,14.907,4231.3,7128.2,3.8944, 400.82, 812.82
   34920,   34980,8.602,3882.5,6523.6,3.5161, 369.42, 752.36
   34980,   35040,10.343,3789.7,6432,3.6206, 361.07, 743.2
   35040,   35100,19.172,4030.6,5894.4,4.1503, 382.75, 689.44
   35100,   35160,15.402,3926.8,5778.9,3.9241, 373.41, 677.89
   35160,   35220,15.35,3966,5805,3.921, 376.94, 680.5
   35220,   35280,114.91,4787.9,5801.3,9.8948, 450.91, 680.13
   35280,   35340,76.349,4766,6072.1,7.5809, 448.94, 707.21
   35340,   35400,51.759,4438.7,5625.5,6.1055, 419.49, 662.55
   35400,   35460,35.774,4412.5,5572.9,5.1464, 417.13, 657.29
   35460,   35520,24.679,4386.1,5674.5,4.4808, 414.75, 667.45
   35520,   35580,39.795,4799.2,6338.1,5.3877, 451.93, 733.81
   35580,   35640,86.587,5037.5,6391.7,8.1952, 473.38, 739.17
   35640,   35700,43.323,5016.9,6336.4,5.5994, 471.52, 733.64
   35700,   35760,47.153,4860.4,6744.8,5.8292, 457.44, 774.48
   35760,   35820,97.418,5332.3,6982.7,8.8451, 499.9, 798.27
   35820,   35880,154.96,6102.3,7351.8,12.297, 569.21, 835.18
   35880,   35940,67.835,5427.8,6969.4,7.0701, 508.51, 796.94
   35940,   36000,43.099,5068,6708.3,5.586, 476.12, 770.83
   36000,   36060,87.757,5523.1,6685,8.2654, 517.08, 768.5
   36060,   36120,43.774,5295.5,6640.1,5.6265, 496.6, 764.01
   36120,   36180,83.974,5746.8,6613,8.0384, 537.21, 761.3
   36180,   36240,46.849,5614.8,6692.1,5.8109, 525.33, 769.21
   36240,   36300,66.026,5841.2,7045.1,6.9616, 545.71, 804.51
   36300,   36360,77.155,5919.8,7317.8,7.6293, 552.78, 831.78
   36360,   36420,165.13,6737.7,7824.4,12.908, 626.39, 882.44
   36420,   36480,94.744,6623.8,7707.4,8.6846, 616.14, 870.74
   36480,   36540,93.968,6379.8,7521.7,8.6381, 594.18, 852.17
   36540,   36600,122.23,6366.7,7511.7,10.334, 593, 851.17
   36600,   36660,48.942,5384.6,7335.7,5.9365, 504.61, 833.57
   36660,   36720,91.487,5941.7,7514.2,8.4892, 554.75, 851.42
   36720,   36780,96.271,5954.9,7277.9,8.7763, 555.94, 827.79
   36780,   36840,64.394,5573.5,6814.5,6.8637, 521.61, 781.45
   36840,   36900,94.691,5916.5,6920.6,8.6815, 552.48, 792.06
   36900,   36960,59.038,5877.1,6895.4,6.5423, 548.94, 789.54
   36960,   37020,55.096,5746.4,6932.1,6.3057, 537.18, 793.21
   37020,   37080,24.199,5318.5,6740.4,4.452, 498.66, 774.04
   37080,   37140,35.277,5256,6665.7,5.1166, 493.04, 766.57
   37140,   37200,51.219,5372.4,6714.8,6.0731, 503.52, 771.48
   37200,   37260,100.81,5635.7,6831.4,9.0489, 527.21, 783.14
   37260,   37320,43.368,5366,6874.4,5.6021, 502.94, 787.44
   37320,   37380,44.544,5407.4,6857.7,5.6727, 506.67, 785.77
   37380,   37440,32.51,5150.6,6807.8,4.9506, 483.56, 780.78
   37440,   37500,34.533,5276.1,6661.2,5.072, 494.84, 766.12
   37500,   37560,33.249,5244,6460.1,4.9949, 491.96, 746.01
   37560,   37620,23.502,5073,6255.2,4.4101, 476.57, 725.52
   37620,   37680,410.21,5439.6,6185.3,27.613, 509.57, 718.53
   37680,   37740,1038.7,7912.3,7427,65.323, 732.11, 842.7
   37740,   37800,240.93,6420.3,8336.4,17.456, 597.83, 933.64
   37800,   37860,157.27,6114.6,8789.1,12.436, 570.32, 978.91
   37860,   37920,173.66,5756.1,10347,13.42, 538.05, 1134.7
   37920,   37980,37.789,5438.7,8985.2,5.2673, 509.48, 998.52
   37980,   38040,490.02,5038.7,7376.5,32.401, 473.48, 837.65
   38040,   38100,762.86,6082.3,9260,48.772, 567.41, 1026
   38100,   38160,170.64,5841.3,7445.9,13.238, 545.72, 844.59
   38160,   38220,948.21,6505.6,8689.4,59.893, 605.5, 968.94
   38220,   38280,59.712,5567.8,8224.4,6.5827, 521.1, 922.44
   38280,   38340,837.85,6289.5,7918,53.271, 586.06, 891.8
   38340,   38400,3260.3,9092.1,10391,198.62, 838.29, 1139.1
   38400,   38460,1936.4,7603.6,8755.1,119.19, 704.32, 975.51
   38460,   38520,2527.4,8099.3,16277,154.65, 748.94, 1727.7
   38520,   38580,617.48,6457,12081,40.049, 601.13, 1308.1
   38580,   38640,978.17,6286.2,10893,61.69, 585.76, 1189.3
   38640,   38700,1239.7,7269.5,10628,77.384, 674.26, 1162.8
   38700,   38760,524.23,6522.8,8820.1,34.454, 607.06, 982.01
   38760,   38820,475.31,7636.7,7764.3,31.519, 707.3, 876.43
   38820,   38880,802.93,8213.3,9086.5,51.176, 759.2, 1008.6
   38880,   38940,423.71,7099.9,10701,28.423, 658.99, 1170.1
   38940,   39000,475.38,7463.8,11160,31.523, 691.74, 1216
   39000,   39060,150.96,6234.5,7992.4,12.057, 581.11, 899.24
   39060,   39120,5209.8,11151,9703.6,315.59, 1023.6, 1070.4
   39120,   39180,8948,14275,17278,539.88, 1304.8, 1827.8
   39180,   39240,2464.6,10880,14859,150.88, 999.2, 1585.9
   39240,   39300,3319.1,12957,11964,202.15, 1186.1, 1296.4
   39300,   39360,787.83,11365,12179,50.27, 1042.9, 1317.9
   39360,   39420,204.71,8582.4,11013,15.283, 792.42, 1201.3
   39420,   39480,167.23,8361.7,9955.1,13.034, 772.55, 1095.5
   39480,   39540,81.272,7426,9305.5,7.8763, 688.34, 1030.6
   39540,   39600,83.764,7225.6,8918,8.0259, 670.3, 991.8
   39600,   39660,134.92,7260.2,8487.8,11.095, 673.42, 948.78
   39660,   39720,108.93,7334.9,8570,9.5361, 680.14, 957
   39720,   39780,95.991,7315,8483,8.7595, 678.35, 948.3
   39780,   39840,-9999,-9999,-9999,-9999, -9999, -9999
   39840,   39900,-9999,-9999,-9999,-9999, -9999, -9999
   39900,   39960,-9999,-9999,-9999,-9999, -9999, -9999
   39960,   40020,-9999,-9999,-9999,-9999, -9999, -9999
   40020,   40080,-9999,-9999,-9999,-9999, -9999, -9999
   40080,   40140,-9999,-9999,-9999,-9999, -9999, -9999
   40140,   40200,-9999,-9999,-9999,-9999, -9999, -9999
   40200,   40260,70.159,6808.9,8370.7,7.2095, 632.8, 937.07
   40260,   40320,63.938,7124.4,8822.5,6.8363, 661.19, 982.25
   40320,   40380,95.078,7735.1,9034.7,8.7047, 716.16, 1003.5
   40380,   40440,97.419,7567,8980.5,8.8451, 701.03, 998.05
   40440,   40500,64.172,7320.5,8760.6,6.8503, 678.85, 976.06
   40500,   40560,90.834,7479.1,8611.6,8.45, 693.12, 961.16
   40560,   40620,80.553,7421.8,8511,7.8332, 687.97, 951.1
   40620,   40680,218.43,8521.2,9293.2,16.106, 786.91, 1029.3
   40680,   40740,148.65,9259.8,9746.1,11.919, 853.38, 1074.6
   40740,   40800,88.834,8389.7,9739.6,8.3301, 775.08, 1074
   40800,   40860,70.674,7624.6,9427.5,7.2405, 706.21, 1042.7
   40860,   40920,56.698,7870,9355.6,6.4019, 728.3, 1035.6
   40920,   40980,39.869,7911.1,8970.8,5.3921, 732, 997.08
   40980,   41040,34.972,7579.5,8629.7,5.0983, 702.16, 962.97
   41040,   41100,22.96,7269.9,8457.1,4.3776, 674.29, 945.71
   41100,   41160,29.157,7027.4,8416.1,4.7494, 652.47, 941.61
   41160,   41220,63.55,6871.1,7824.3,6.813, 638.4, 882.43
   41220,   41280,3060.6,9601,8118.8,186.63, 884.09, 911.88
   41280,   41340,2890.9,11397,10251,176.45, 1045.7, 1125.1
   41340,   41400,3253.8,13063,19515,198.23, 1195.7, 2051.5
   41400,   41460,714.23,9080.9,17898,45.854, 837.28, 1889.8
   41460,   41520,89.215,6941.8,13656,8.3529, 644.76, 1465.6
   41520,   41580,131.06,7417.2,12328,10.864, 687.55, 1332.8
   41580,   41640,325.22,8937.8,10964,22.513, 824.4, 1196.4
   41640,   41700,135.49,8409.2,9939.7,11.129, 776.83, 1094
   41700,   41760,89.487,7997.9,10480,8.3692, 739.81, 1148
   41760,   41820,66.551,7172.8,10006,6.9931, 665.55, 1100.6
   41820,   41880,133.42,7829.7,9505.7,11.005, 724.67, 1050.6
   41880,   41940,138.02,7799.9,9481.8,11.281, 721.99, 1048.2
   41940,   42000,49.806,6321.3,9063.8,5.9883, 588.92, 1006.4
   42000,   42060,35.528,5906.8,8167.4,5.1317, 551.61, 916.74
   42060,   42120,53.06,6520,7976.2,6.1836, 606.8, 897.62
   42120,   42180,267.93,6752.9,7828,19.076, 627.76, 882.8
   42180,   42240,286.44,6674.5,8439.3,20.186, 620.7, 943.93
   42240,   42300,198.81,6847.7,8136.1,14.929, 636.3, 913.61
   42300,   42360,286.28,7329.6,8147.4,20.177, 679.66, 914.74
   42360,   42420,162.57,7391.7,8221.5,12.754, 685.26, 922.15
   42420,   42480,70.255,6795.3,8040,7.2153, 631.58, 904
   42480,   42540,50.1,6524.7,8075.5,6.006, 607.22, 907.55
   42540,   42600,37.678,6515.7,7949,5.2607, 606.41, 894.9
   42600,   42660,33.961,6526.2,8085.3,5.0377, 607.36, 908.53
   42660,   42720,44.028,6791.4,8112.1,5.6417, 631.23, 911.21
   42720,   42780,256.68,7916.2,8491.9,18.401, 732.46, 949.19
   42780,   42840,1144,12706,11198,71.641, 1163.5, 1219.8
   42840,   42900,614.7,10672,12867,39.882, 980.46, 1386.7
   42900,   42960,267.98,9146.5,11178,19.079, 843.19, 1217.8
   42960,   43020,165.7,9101.3,10390,12.942, 839.12, 1139
   43020,   43080,110.12,9099.4,10435,9.6074, 838.94, 1143.5
   43080,   43140,87.212,9410.2,10282,8.2327, 866.92, 1128.2
   43140,   43200,1163.4,9951.9,10368,72.803, 915.67, 1136.8
   43200,   43260,2431,13039,12429,148.86, 1193.5, 1342.9
   43260,   43320,1738.6,13235,13985,107.31, 1211.1, 1498.5
   43320,   43380,556.52,11118,13184,36.391, 1020.6, 1418.4
   43380,   43440,145.02,9359.5,11468,11.701, 862.35, 1246.8
   43440,   43500,103.07,9406.5,10861,9.1841, 866.59, 1186.1
   43500,   43560,236.88,10413,11248,17.213, 957.14, 1224.8
   43560,   43620,96.764,10619,11472,8.8059, 975.71, 1247.2
   43620,   43680,55.473,9116.3,11450,6.3284, 840.46, 1245
   43680,   43740,106.92,9442.6,10318,9.4152, 869.83, 1131.8
   43740,   43800,80.976,8117,9691.9,7.8586, 750.53, 1069.2
   43800,   43860,472.69,9505.4,8866.8,31.362, 875.49, 986.68
   43860,   43920,209.23,8146.5,10027,15.554, 753.18, 1102.7
   43920,   43980,382.99,8627.3,9604.9,25.979, 796.46, 1060.5
   43980,   44040,627.65,9819.5,9925.4,40.659, 903.76, 1092.5
   44040,   44100,216.96,8281.4,9712.6,16.018, 765.32, 1071.3
   44100,   44160,154.89,7811.6,9557.8,12.293, 723.04, 1055.8
   44160,   44220,108.48,7676,9306.7,9.5088, 710.84, 1030.7
   44220,   44280,113.5,7044.9,8882.9,9.8099, 654.04, 988.29
   44280,   44340,101.22,7103.2,8805.4,9.0729, 659.29, 980.54
   44340,   44400,49.606,6908.2,8968.6,5.9764, 641.73, 996.86
   44400,   44460,167.87,7288.6,8661.3,13.072, 675.97, 966.13
   44460,   44520,781.55,8424.8,8489.5,49.893, 778.23, 948.95
   44520,   44580,284.88,7709.6,8520.8,20.093, 713.86, 952.08
   44580,   44640,165.29,7652.5,10254,12.917, 708.72, 1125.4
   44640,   44700,194.71,8446.3,10289,14.683, 780.17, 1128.9
   44700,   44760,148.37,8580.5,10052,11.902, 792.25, 1105.2
   44760,   44820,97.276,7781.3,9340.6,8.8365, 720.32, 1034.1
   44820,   44880,86.579,7521.1,9165.8,8.1947, 696.9, 1016.6
   44880,   44940,102.18,7920.5,8908,9.131, 732.84, 990.8
   44940,   45000,414.87,10382,9975.5,27.892, 954.38, 1097.5
   45000,   45060,368.09,10797,11559,25.086, 991.73, 1255.9
   45060,   45120,280.66,10729,12165,19.84, 985.64, 1316.5
   45120,   45180,185.7,9121.9,11720,14.142, 840.97, 1272
   45180,   45240,596.61,9892.5,11100,38.797, 910.33, 1210
   45240,   45300,349.93,9616.2,10864,23.996, 885.46, 1186.4
   45300,   45360,239.77,9589.8,10793,17.386, 883.09, 1179.3
   45360,   45420,251.71,9831.1,10844,18.103, 904.8, 1184.4
   45420,   45480,239.67,9135.6,11266,17.38, 842.21, 1226.6
   45480,   45540,210.79,8671.5,10138,15.647, 800.44, 1113.8
   45540,   45600,389.54,9052.1,10305,26.372, 834.69, 1130.5
   45600,   45660,681.08,10228,12800,43.865, 940.48, 1380
   45660,   45720,660.58,10623,12195,42.635, 976.08, 1319.5
   45720,   45780,418.78,9960.8,11731,28.127, 916.47, 1273.1
   45780,   45840,499.6,10410,12235,32.976, 956.9, 1323.5
   45840,   45900,621.72,11428,12891,40.303, 1048.5, 1389.1
   45900,   45960,378.06,9778,12444,25.683, 900.02, 1344.4
   45960,   46020,340.28,9365.9,11673,23.417, 862.93, 1267.3
   46020,   46080,382.51,9619.9,11747,25.951, 885.79, 1274.7
   46080,   46140,329.58,8661.2,10831,22.775, 799.51, 1183.1
   46140,   46200,272.97,8283.5,10280,19.378, 765.51, 1128
   46200,   46260,587.25,9187.9,10221,38.235, 846.91, 1122.1
   46260,   46320,1012,10214,11083,63.721, 939.22, 1208.3
   46320,   46380,481.33,9254.8,11759,31.88, 852.93, 1275.9
   46380,   46440,510.36,9464.7,11032,33.621, 871.82, 1203.2
   46440,   46500,700.71,11050,12817,45.042, 1014.5, 1381.7
   46500,   46560,572.68,10763,12546,37.361, 988.63, 1354.6
   46560,   46620,502.02,10309,12188,33.121, 947.8, 1318.8
   46620,   46680,885.58,11391,12488,56.135, 1045.2, 1348.8
   46680,   46740,1137.5,12015,12933,71.247, 1101.3, 1393.3
   46740,   46800,2720.8,12765,14373,166.25, 1168.9, 1537.3
   46800,   46860,1273.1,11332,14842,79.388, 1039.9, 1584.2
   46860,   46920,861.35,10377,13656,54.681, 953.89, 1465.6
   46920,   46980,1056.6,10324,12761,66.397, 949.13, 1376.1
   46980,   47040,734.97,9774.2,12371,47.098, 899.68, 1337.1
   47040,   47100,817.65,10672,12587,52.059, 980.48, 1358.7
   47100,   47160,924.4,11358,13416,58.464, 1042.2, 1441.6
   47160,   47220,804.86,10603,13945,51.292, 974.24, 1494.5
   47220,   47280,3526.9,11728,13075,214.61, 1075.5, 1407.5
   47280,   47340,7188.4,16509,15190,434.31, 1505.8, 1619
   47340,   47400,3281.8,14028,17846,199.91, 1282.5, 1884.6
   47400,   47460,1298.6,10563,17253,80.913, 970.7, 1825.3
   47460,   47520,963.73,9739.9,15558,60.824, 896.59, 1655.8
   47520,   47580,1018.4,10175,14121,64.105, 935.78, 1512.1
   47580,   47640,1072.7,10344,12817,67.363, 950.99, 1381.7
   47640,   47700,1364.5,10940,13087,84.868, 1004.6, 1408.7
   47700,   47760,1904.7,11221,13940,117.28, 1029.8, 1494
   47760,   47820,-9999,-9999,-9999,-9999, -9999, -9999
   47820,   47880,-9999,-9999,-9999,-9999, -9999, -9999
   47880,   47940,-9999,-9999,-9999,-9999, -9999, -9999
   47940,   48000,-9999,-9999,-9999,-9999, -9999, -9999
   48000,   48060,-9999,-9999,-9999,-9999, -9999, -9999
   48060,   48120,-9999,-9999,-9999,-9999, -9999, -9999
   48120,   48180,-9999,-9999,-9999,-9999, -9999, -9999
   48180,   48240,2068.5,12045,14391,127.11, 1104, 1539.1
   48240,   48300,1689.2,11672,14766,104.35, 1070.5, 1576.6
   48300,   48360,1725.7,11071,14451,106.54, 1016.4, 1545.1
   48360,   48420,1820.5,11044,14215,112.23, 1013.9, 1521.5
   48420,   48480,2038.9,11651,14428,125.33, 1068.6, 1542.8
   48480,   48540,1611.1,10663,15006,99.669, 979.7, 1600.6
   48540,   48600,1543.2,10226,16145,95.591, 940.33, 1714.5
   48600,   48660,2294.1,11344,15960,140.65, 1041, 1696
   48660,   48720,2572.9,11475,15140,157.37, 1052.8, 1614
