CampaignData_and_Merges/R0/CSL_MobileLab_Parked/raw/20240807/USOS-NOAAIodideCIMS-Halogens_MobileLabGround_20240807_RA.ict
38, 1001
Michael A Robinson, Chris Jernigan, Subi Thakali
NOAA ESRL Chemical Sciences Laboratory and CIRES, U. of Colorado
NOAA Iodide CIMS Instrument
USOS
1, 1
2024, 08, 07, 2024, 08, 08
1
starttime_UTC, seconds_past_midnight, seconds_of_day_since_00:00:00_UTC
6
1, 1, 1, 1, 1, 1
-9999, -9999, -9999, -9999, -9999, -9999
Br2_NOAACIMS, pptv, Gas_Br2_InSitu_S_AVMR, 
BrO_NOAACIMS, pptv, Gas_BrO_InSitu_S_AVMR, 
Cl2_NOAACIMS, pptv, Gas_Cl2_InSitu_S_AVMR, 
ClNO2_NOAACIMS, pptv, Gas_ClNO2_InSitu_S_AVMR, 
BrCl_NOAACIMS, pptv, Gas_BrCl_InSitu_S_AVMR, 
NCl3_NOAACIMS, pptv, Gas_NCl3_InSitu_S_AVMR, 
0
18
PI_CONTACT_INFO: 325 Broadway, R/CSD 7, Boulder, Colorado 80305; michael.a.robinson@noaa.gov; chris.jernigan@noaa.gov;
PLATFORM: NOAA CSL Mobile Lab
LOCATION: SLC, Utah
ASSOCIATED_DATA: 1Hz data also available on request.
INSTRUMENT_INFO: NOAA I- ToF CIMS
DATA_INFO: All data in parts per trillion by volume (pptv). 1 Hz data is available upon request.
UNCERTAINTY: TBD
ULOD_FLAG: -7777
ULOD_VALUE: N/A
LLOD_FLAG: -8888
LLOD_VALUE: N/A
DM_CONTACT_INFO: Nathan Howard; nathan.h.howard@noaa.gov
PROJECT_INFO: USOS, summer 2024. https://csl.noaa.gov/groups/csl7/measurements/2024usos/
STIPULATIONS_ON_USE: Users are strongly encouraged to contact the PI for proper data usage.
OTHER_COMMENTS: 
REVISION: RA
RA: Preliminary Data; For in-field use only
starttime_UTC, Br2_NOAACIMS, BrO_NOAACIMS, Cl2_NOAACIMS, ClNO2_NOAACIMS, BrCl_NOAACIMS, NCl3_NOAACIMS
     0,  1.017,  0.198,  0.954,  0.028,  0.175,  0.040
    60,  1.282,  0.181,  0.828,  0.051,  0.225,  0.182
   120,  0.812,  0.072,  0.658,  0.040,  0.254, -0.038
   180,  1.095,  0.119,  0.550,  0.037,  0.182,  0.083
   240,  1.357,  0.209,  0.706,  0.056,  0.248,  0.029
   300,  1.399,  0.224,  0.777,  0.070,  0.214, -0.012
   360,  1.014,  0.117,  0.544,  0.036,  0.197,  0.014
   420,  1.032,  0.256,  0.624,  0.076,  0.192,  0.086
   480,  1.080,  0.149,  0.677,  0.079,  0.250,  0.012
   540,  1.356,  0.237,  0.635,  0.067,  0.241,  0.045
   600,  1.170,  0.246,  0.676,  0.051,  0.275,  0.030
   660,  1.392,  0.257,  0.669,  0.101,  0.229,  0.024
   720,  1.281,  0.073,  0.621,  0.066,  0.199, -0.047
   780,  1.121,  0.304,  0.564,  0.051,  0.195,  0.046
   840,  1.230,  0.355,  0.512,  0.052,  0.203, -0.013
   900,  0.972,  0.180,  0.800,  0.081,  0.140, -0.084
   960,  0.826,  0.193,  0.640,  0.067,  0.074, -0.140
  1020,  1.132,  0.314,  0.663,  0.043,  0.196, -0.086
  1080,  1.248,  0.325,  0.711,  0.055,  0.210, -0.056
  1140,  1.130,  0.284,  0.750,  0.047,  0.171,  0.005
  1200,  1.187,  0.238,  0.819,  0.070,  0.196,  0.032
  1260, -9999.000, -9999.000, -9999.000, -9999.000, -9999.000, -9999.000
  1320,  0.948,  0.265,  0.608,  0.023,  0.118, -0.050
  1380,  1.300,  0.303,  0.498,  0.077,  0.217, -0.116
  1440,  0.953,  0.272,  0.619,  0.077,  0.120, -0.026
  1500,  1.174,  0.186,  0.600,  0.063,  0.210, -0.085
  1560,  1.135,  0.218,  0.444,  0.033,  0.115, -0.030
  1620,  0.835,  0.246,  0.439,  0.036,  0.102, -0.067
  1680,  1.169,  0.214,  0.541,  0.066,  0.153, -0.038
  1740,  1.066,  0.254,  0.538,  0.082,  0.085, -0.012
  1800,  1.215,  0.352,  0.646,  0.054,  0.174, -0.034
  1860,  1.090,  0.292,  0.633,  0.028,  0.176, -0.060
  1920,  0.993,  0.224,  0.707,  0.046,  0.110, -0.063
  1980,  0.240,  0.114,  0.249,  0.008,  0.015, -0.169
  2040,  1.194,  0.192,  0.488,  0.045,  0.111,  0.039
  2100,  1.040,  0.170,  0.557,  0.060,  0.124, -0.065
  2160,  1.291,  0.320,  0.521,  0.045,  0.108, -0.022
  2220,  1.174,  0.231,  0.498,  0.057,  0.118, -0.013
  2280,  0.628,  0.172,  0.482,  0.053,  0.030, -0.139
  2340,  1.337,  0.326,  0.794,  0.071,  0.221, -0.055
  2400, -9999.000, -9999.000, -9999.000, -9999.000, -9999.000, -9999.000
  2460, -9999.000, -9999.000, -9999.000, -9999.000, -9999.000, -9999.000
  2520, -9999.000, -9999.000, -9999.000, -9999.000, -9999.000, -9999.000
  2580, -9999.000, -9999.000, -9999.000, -9999.000, -9999.000, -9999.000
  2640, -9999.000, -9999.000, -9999.000, -9999.000, -9999.000, -9999.000
  2700, -9999.000, -9999.000, -9999.000, -9999.000, -9999.000, -9999.000
  2760, -9999.000, -9999.000, -9999.000, -9999.000, -9999.000, -9999.000
  2820, -9999.000, -9999.000, -9999.000, -9999.000, -9999.000, -9999.000
  2880, -9999.000, -9999.000, -9999.000, -9999.000, -9999.000, -9999.000
  2940, -9999.000, -9999.000, -9999.000, -9999.000, -9999.000, -9999.000
  3000, -9999.000, -9999.000, -9999.000, -9999.000, -9999.000, -9999.000
  3060, -9999.000, -9999.000, -9999.000, -9999.000, -9999.000, -9999.000
  3120, -9999.000, -9999.000, -9999.000, -9999.000, -9999.000, -9999.000
  3180, -9999.000, -9999.000, -9999.000, -9999.000, -9999.000, -9999.000
  3240, -9999.000, -9999.000, -9999.000, -9999.000, -9999.000, -9999.000
  3300, -9999.000, -9999.000, -9999.000, -9999.000, -9999.000, -9999.000
  3360, -9999.000, -9999.000, -9999.000, -9999.000, -9999.000, -9999.000
  3420, -9999.000, -9999.000, -9999.000, -9999.000, -9999.000, -9999.000
  3480, -9999.000, -9999.000, -9999.000, -9999.000, -9999.000, -9999.000
  3540, -9999.000, -9999.000, -9999.000, -9999.000, -9999.000, -9999.000
  3600, -9999.000, -9999.000, -9999.000, -9999.000, -9999.000, -9999.000
  3660, -9999.000, -9999.000, -9999.000, -9999.000, -9999.000, -9999.000
  3720, -9999.000, -9999.000, -9999.000, -9999.000, -9999.000, -9999.000
  3780, -9999.000, -9999.000, -9999.000, -9999.000, -9999.000, -9999.000
  3840, -9999.000, -9999.000, -9999.000, -9999.000, -9999.000, -9999.000
  3900, -9999.000, -9999.000, -9999.000, -9999.000, -9999.000, -9999.000
  3960, -9999.000, -9999.000, -9999.000, -9999.000, -9999.000, -9999.000
  4020, -9999.000, -9999.000, -9999.000, -9999.000, -9999.000, -9999.000
  4080, -9999.000, -9999.000, -9999.000, -9999.000, -9999.000, -9999.000
  4140, -9999.000, -9999.000, -9999.000, -9999.000, -9999.000, -9999.000
  4200, -9999.000, -9999.000, -9999.000, -9999.000, -9999.000, -9999.000
  4260, -9999.000, -9999.000, -9999.000, -9999.000, -9999.000, -9999.000
  4320, -9999.000, -9999.000, -9999.000, -9999.000, -9999.000, -9999.000
  4380, -9999.000, -9999.000, -9999.000, -9999.000, -9999.000, -9999.000
  4440, -9999.000, -9999.000, -9999.000, -9999.000, -9999.000, -9999.000
  4500, -9999.000, -9999.000, -9999.000, -9999.000, -9999.000, -9999.000
  4560, -9999.000, -9999.000, -9999.000, -9999.000, -9999.000, -9999.000
  4620, -9999.000, -9999.000, -9999.000, -9999.000, -9999.000, -9999.000
  4680, -9999.000, -9999.000, -9999.000, -9999.000, -9999.000, -9999.000
  4740, -9999.000, -9999.000, -9999.000, -9999.000, -9999.000, -9999.000
  4800, -9999.000, -9999.000, -9999.000, -9999.000, -9999.000, -9999.000
  4860, -9999.000, -9999.000, -9999.000, -9999.000, -9999.000, -9999.000
  4920, -9999.000, -9999.000, -9999.000, -9999.000, -9999.000, -9999.000
  4980, -9999.000, -9999.000, -9999.000, -9999.000, -9999.000, -9999.000
  5040, -9999.000, -9999.000, -9999.000, -9999.000, -9999.000, -9999.000
  5100, -9999.000, -9999.000, -9999.000, -9999.000, -9999.000, -9999.000
  5160, -9999.000, -9999.000, -9999.000, -9999.000, -9999.000, -9999.000
  5220, -9999.000, -9999.000, -9999.000, -9999.000, -9999.000, -9999.000
  5280, -9999.000, -9999.000, -9999.000, -9999.000, -9999.000, -9999.000
  5340, -9999.000, -9999.000, -9999.000, -9999.000, -9999.000, -9999.000
  5400, -9999.000, -9999.000, -9999.000, -9999.000, -9999.000, -9999.000
  5460, -9999.000, -9999.000, -9999.000, -9999.000, -9999.000, -9999.000
  5520, -9999.000, -9999.000, -9999.000, -9999.000, -9999.000, -9999.000
  5580, -9999.000, -9999.000, -9999.000, -9999.000, -9999.000, -9999.000
  5640, -9999.000, -9999.000, -9999.000, -9999.000, -9999.000, -9999.000
  5700, -9999.000, -9999.000, -9999.000, -9999.000, -9999.000, -9999.000
  5760, -9999.000, -9999.000, -9999.000, -9999.000, -9999.000, -9999.000
  5820, -9999.000, -9999.000, -9999.000, -9999.000, -9999.000, -9999.000
  5880, -9999.000, -9999.000, -9999.000, -9999.000, -9999.000, -9999.000
  5940,  1.805,  0.179,  0.378,  0.035,  0.289,  0.141
  6000,  1.485,  0.104,  0.269,  0.002,  0.204,  0.077
  6060,  2.026,  0.219,  0.291,  0.033,  0.331,  0.156
  6120,  2.232,  0.230,  0.309,  0.045,  0.295,  0.214
  6180,  1.922,  0.218,  0.387,  0.035,  0.316,  0.147
  6240,  2.339,  0.252,  0.355,  0.041,  0.316,  0.114
  6300,  1.948,  0.202,  0.405,  0.046,  0.348,  0.148
  6360,  1.998,  0.255,  0.467, -0.000,  0.374,  0.171
  6420,  1.829,  0.254,  0.445,  0.012,  0.323,  0.179
  6480,  2.124,  0.259,  0.503,  0.030,  0.370,  0.233
  6540,  2.416,  0.273,  0.717,  0.036,  0.476,  0.237
  6600,  2.256,  0.202,  0.822,  0.040,  0.469,  0.235
  6660,  2.340,  0.174,  0.809,  0.079,  0.454,  0.189
  6720,  1.794,  0.159,  0.687,  0.041,  0.287,  0.191
  6780, -9999.000, -9999.000, -9999.000, -9999.000, -9999.000, -9999.000
  6840,  1.732,  0.205,  0.737,  0.090,  0.342,  0.203
  6900,  1.992,  0.180,  0.642,  0.102,  0.374,  0.707
  6960,  1.745,  0.182,  0.667,  0.049,  0.310,  0.602
  7020,  1.872,  0.201,  0.764,  0.075,  0.421,  0.885
  7080,  1.727,  0.205,  0.766,  0.107,  0.445,  1.169
  7140,  1.986,  0.205,  0.873,  0.055,  0.554,  1.662
  7200,  2.010,  0.169,  0.967,  0.064,  0.519,  1.594
  7260,  1.786,  0.230,  0.938,  0.105,  0.434,  3.962
  7320,  1.245,  0.125,  0.921,  0.127,  0.298,  4.587
  7380,  1.594,  0.155,  0.990,  0.105,  0.410,  7.209
  7440,  1.462,  0.129,  1.044,  0.150,  0.366,  5.701
  7500,  1.111,  0.060,  1.019,  0.146,  0.303,  4.933
  7560,  1.590,  0.130,  1.066,  0.121,  0.466,  4.886
  7620,  1.791,  0.086,  1.101,  0.133,  0.386,  5.479
  7680,  1.421,  0.106,  1.102,  0.105,  0.474,  4.787
  7740,  1.546,  0.086,  0.952,  0.150,  0.426,  4.001
  7800,  1.019,  0.048,  0.816,  0.192,  0.302,  2.456
  7860,  1.514,  0.095,  1.062,  0.164,  0.489,  4.498
  7920,  1.437,  0.064,  1.124,  0.145,  0.501,  4.866
  7980,  1.012, -0.053,  1.042,  0.172,  0.343,  4.281
  8040,  1.444,  0.063,  1.111,  0.134,  0.574,  7.133
  8100,  1.229,  0.100,  1.078,  0.162,  0.438,  6.795
  8160,  1.230, -0.009,  1.233,  0.193,  0.554,  6.090
  8220,  1.236,  0.018,  1.133,  0.190,  0.510,  5.958
  8280,  1.403,  0.176,  1.297,  0.177,  0.521,  6.413
  8340,  1.306, -0.029,  1.154,  0.197,  0.523,  5.460
  8400,  1.146, -0.039,  1.261,  0.150,  0.531,  5.710
  8460,  1.166,  0.028,  1.369,  0.250,  0.563,  5.655
  8520,  1.083, -0.029,  1.286,  0.198,  0.480,  4.606
  8580,  0.818,  0.013,  1.437,  0.198,  0.423,  3.565
  8640, -9999.000, -9999.000, -9999.000, -9999.000, -9999.000, -9999.000
  8700,  0.894, -0.054,  1.344,  0.182,  0.496,  3.083
  8760,  1.128,  0.024,  1.442,  0.181,  0.516,  2.704
  8820,  1.143, -0.031,  1.616,  0.218,  0.639,  2.554
  8880,  1.070,  0.005,  1.624,  0.208,  0.622,  2.505
  8940,  1.050, -0.014,  1.577,  0.158,  0.548,  1.958
  9000,  1.129,  0.117,  1.720,  0.236,  0.541,  1.989
  9060,  1.051, -0.042,  1.673,  0.176,  0.552,  1.932
  9120,  1.218, -0.030,  1.675,  0.166,  0.583,  1.493
  9180,  1.009,  0.024,  1.754,  0.153,  0.626,  1.553
  9240,  1.095,  0.015,  1.679,  0.152,  0.608,  1.700
  9300,  1.091, -0.010,  1.641,  0.189,  0.572,  1.557
  9360,  1.142,  0.014,  1.624,  0.160,  0.555,  1.669
  9420,  0.977,  0.101,  1.746,  0.159,  0.560,  1.586
  9480,  1.141, -0.015,  1.410,  0.142,  0.627,  1.997
  9540,  0.992,  0.053,  1.442,  0.163,  0.550,  2.274
  9600,  1.043,  0.103,  1.394,  0.136,  0.507,  2.245
  9660,  1.112, -0.008,  1.204,  0.139,  0.564,  2.288
  9720,  0.925,  0.044,  1.220,  0.147,  0.587,  2.579
  9780,  0.990, -0.003,  1.275,  0.155,  0.481,  2.491
  9840,  1.027, -0.028,  1.263,  0.191,  0.518,  2.583
  9900,  0.966,  0.060,  1.204,  0.202,  0.482,  2.624
  9960,  0.954,  0.110,  1.238,  0.199,  0.549,  2.722
 10020,  0.883,  0.066,  1.171,  0.150,  0.537,  2.647
 10080,  0.884,  0.078,  1.044,  0.127,  0.558,  2.607
 10140,  0.834,  0.049,  1.004,  0.112,  0.418,  2.388
 10200,  0.666, -0.002,  1.105,  0.135,  0.375,  2.362
 10260,  1.032,  0.073,  0.989,  0.124,  0.518,  2.913
 10320,  1.040,  0.155,  1.088,  0.115,  0.518,  2.956
 10380,  0.951,  0.089,  1.030,  0.162,  0.552,  2.539
 10440,  1.018,  0.115,  0.989,  0.107,  0.423,  2.606
 10500,  0.815,  0.038,  0.969,  0.103,  0.440,  2.532
 10560,  0.948,  0.117,  1.049,  0.141,  0.488,  2.419
 10620,  0.941,  0.054,  1.118,  0.154,  0.545,  2.592
 10680,  1.055,  0.142,  1.049,  0.130,  0.504,  2.594
 10740,  1.021,  0.160,  1.020,  0.132,  0.477,  2.503
 10800,  0.968,  0.099,  0.992,  0.082,  0.476,  2.053
 10860,  0.934,  0.078,  1.000,  0.122,  0.457,  2.290
 10920,  0.840,  0.109,  0.939,  0.086,  0.442,  2.079
 10980,  0.834,  0.127,  0.992,  0.103,  0.477,  2.215
 11040,  0.954,  0.030,  0.961,  0.119,  0.546,  2.012
 11100,  1.001,  0.045,  1.082,  0.167,  0.532,  2.108
 11160,  1.001,  0.022,  0.976,  0.124,  0.482,  2.019
 11220,  1.103,  0.070,  1.057,  0.135,  0.477,  2.356
 11280,  1.075,  0.170,  0.886,  0.121,  0.518,  2.215
 11340,  1.093,  0.082,  1.019,  0.097,  0.486,  2.295
 11400,  1.046,  0.053,  0.998,  0.135,  0.571,  2.276
 11460,  1.216,  0.118,  0.911,  0.096,  0.471,  2.213
 11520,  0.985,  0.078,  0.933,  0.078,  0.476,  2.339
 11580,  0.981,  0.004,  0.983,  0.095,  0.491,  2.240
 11640,  1.144,  0.105,  0.859,  0.113,  0.498,  1.980
 11700,  1.149,  0.075,  0.958,  0.084,  0.533,  2.063
 11760,  1.160,  0.000,  0.836,  0.085,  0.477,  1.733
 11820,  0.950,  0.071,  0.955,  0.110,  0.529,  1.575
 11880,  0.924,  0.106,  0.876,  0.113,  0.565,  1.690
 11940,  1.028,  0.074,  0.961,  0.090,  0.395,  1.427
 12000,  1.091,  0.071,  0.842,  0.097,  0.542,  1.779
 12060,  0.963,  0.019,  0.827,  0.082,  0.454,  1.850
 12120,  1.161,  0.066,  0.848,  0.103,  0.447,  1.701
 12180,  1.100,  0.072,  0.863,  0.108,  0.531,  2.092
 12240,  1.034,  0.043,  0.885,  0.112,  0.527,  2.262
 12300,  1.395,  0.082,  0.929,  0.128,  0.604,  2.502
 12360,  0.861,  0.054,  0.830,  0.149,  0.425,  2.315
 12420,  1.037,  0.055,  0.935,  0.119,  0.481,  2.436
 12480,  1.003,  0.036,  0.826,  0.091,  0.406,  2.395
 12540,  0.924,  0.024,  0.830,  0.075,  0.407,  2.348
 12600,  0.946,  0.003,  0.835,  0.077,  0.420,  2.429
 12660,  0.892,  0.070,  0.870,  0.112,  0.400,  2.531
 12720,  0.886,  0.028,  0.837,  0.084,  0.422,  2.371
 12780,  0.998,  0.071,  0.946,  0.086,  0.523,  2.574
 12840,  0.425, -0.034,  0.745,  0.068,  0.255,  1.690
 12900,  1.231,  0.027,  0.896,  0.087,  0.609,  5.591
 12960,  1.175,  0.072,  0.940,  0.109,  0.662,  5.247
 13020,  1.247,  0.086,  0.879,  0.109,  0.494,  2.833
 13080,  1.014,  0.070,  0.915,  0.126,  0.549,  3.040
 13140,  1.062,  0.078,  0.926,  0.093,  0.469,  2.636
 13200,  1.142,  0.064,  0.773,  0.120,  0.486,  2.429
 13260,  1.013,  0.126,  0.832,  0.095,  0.502,  2.356
 13320,  0.809,  0.097,  0.754,  0.098,  0.396,  2.225
 13380,  0.580, -0.024,  0.757,  0.065,  0.353,  1.868
 13440,  1.045,  0.024,  0.813,  0.092,  0.460,  2.307
 13500,  1.077,  0.077,  0.808,  0.126,  0.506,  2.735
 13560,  1.096,  0.047,  0.815,  0.101,  0.500,  2.764
 13620,  0.954,  0.032,  0.801,  0.103,  0.434,  2.347
 13680,  1.105,  0.107,  0.854,  0.076,  0.595,  2.671
 13740,  0.966,  0.018,  0.837,  0.070,  0.550,  2.626
 13800,  1.164,  0.095,  0.828,  0.123,  0.481,  2.656
 13860,  1.139,  0.141,  0.777,  0.122,  0.584,  2.810
 13920,  1.175,  0.179,  0.831,  0.095,  0.523,  2.554
 13980,  1.132,  0.109,  0.868,  0.102,  0.532,  2.435
 14040,  1.106,  0.082,  0.904,  0.106,  0.502,  2.465
 14100,  1.122,  0.118,  0.888,  0.150,  0.516,  2.273
 14160,  1.306,  0.061,  0.810,  0.126,  0.556,  1.942
 14220,  1.119,  0.091,  0.830,  0.081,  0.501,  2.114
 14280,  1.240,  0.030,  0.872,  0.118,  0.557,  2.302
 14340,  1.089,  0.112,  0.832,  0.103,  0.513,  2.129
 14400,  1.116,  0.025,  0.796,  0.107,  0.464,  2.172
 14460,  0.957,  0.012,  0.750,  0.085,  0.476,  2.207
 14520,  1.068, -0.003,  0.854,  0.091,  0.448,  1.919
 14580,  1.128,  0.030,  0.784,  0.111,  0.465,  1.876
 14640,  1.026,  0.028,  0.787,  0.076,  0.527,  2.118
 14700,  0.973, -0.024,  0.882,  0.098,  0.537,  1.997
 14760,  1.163, -0.004,  0.758,  0.103,  0.561,  2.119
 14820,  1.141,  0.041,  0.859,  0.099,  0.595,  2.129
 14880,  1.359,  0.066,  0.941,  0.159,  0.950,  5.490
 14940,  1.192,  0.005,  0.766,  0.096,  0.568,  1.667
 15000,  1.123,  0.050,  0.853,  0.081,  0.574,  3.204
 15060,  1.291,  0.033,  1.005,  0.146,  0.895,  5.618
 15120,  1.226,  0.038,  0.724,  0.068,  0.553,  2.450
 15180,  1.285,  0.023,  0.949,  0.150,  0.926,  5.242
 15240,  1.234, -0.049,  0.846,  0.066,  0.575,  1.929
 15300,  1.216,  0.058,  0.849,  0.108,  0.731,  4.427
 15360,  1.186, -0.025,  0.832,  0.123,  0.564,  2.425
 15420,  1.416, -0.030,  0.983,  0.129,  0.669,  4.794
 15480,  1.206, -0.020,  0.811,  0.064,  0.534,  1.836
 15540,  1.155, -0.034,  1.017,  0.129,  0.787,  9.555
 15600,  1.368,  0.027,  1.069,  0.127,  0.866,  9.811
 15660,  1.455,  0.065,  1.275,  0.262,  1.143, 14.239
 15720,  1.402,  0.048,  1.027,  0.133,  0.725,  6.259
 15780,  1.310, -0.060,  0.967,  0.121,  0.742,  6.486
 15840,  1.211, -0.047,  0.897,  0.114,  0.621,  4.131
 15900,  1.087, -0.005,  0.869,  0.113,  0.636,  3.048
 15960,  1.291, -0.127,  0.914,  0.123,  0.668,  5.569
 16020, -9999.000, -9999.000, -9999.000, -9999.000, -9999.000, -9999.000
 16080,  1.401, -0.058,  0.717,  0.076,  0.418,  1.824
 16140,  1.067, -0.102,  0.713,  0.073,  0.550,  2.205
