CampaignData_and_Merges/R0/CSL_MobileLab_Parked/raw/20240807/USOS-NOAAIodideCIMS-HCOOH_MobileLabGround_20240807_RA.ict
33, 1001
Michael A Robinson, Chris Jernigan, Subi Thakali
NOAA ESRL Chemical Sciences Laboratory and CIRES, U. of Colorado
NOAA Iodide CIMS Instrument
USOS
1, 1
2024, 08, 07, 2024, 08, 08
1
starttime_UTC, seconds_past_midnight, seconds_of_day_since_00:00:00_UTC
1
1
-9999
HCOOH_NOAACIMS, pptv, Gas_HCOOH_InSitu_S_AVMR, 
0
18
PI_CONTACT_INFO: 325 Broadway, R/CSD 7, Boulder, Colorado 80305; michael.a.robinson@noaa.gov; chris.jernigan@noaa.gov;
PLATFORM: NOAA CSL Mobile Lab
LOCATION: SLC, Utah
ASSOCIATED_DATA: 1Hz data also available on request.
INSTRUMENT_INFO: NOAA I- ToF CIMS
DATA_INFO: All data in parts per trillion by volume (pptv). 1 Hz data is available upon request.
UNCERTAINTY: TBD
ULOD_FLAG: -7777
ULOD_VALUE: N/A
LLOD_FLAG: -8888
LLOD_VALUE: N/A
DM_CONTACT_INFO: Nathan Howard; nathan.h.howard@noaa.gov
PROJECT_INFO: USOS, summer 2024. https://csl.noaa.gov/groups/csl7/measurements/2024usos/
STIPULATIONS_ON_USE: Users are strongly encouraged to contact the PI for proper data usage.
OTHER_COMMENTS: 
REVISION: RA
RA: Preliminary Data; For in-field use only
starttime_UTC, HCOOH_NOAACIMS
[from data line 941]
 56460, 2039.315
 56520, 2013.123
 56580, 1977.992
 56640, 1974.509
 56700, 2077.315
 56760, 2067.424
 56820, 2085.835
 56880, 2115.669
 56940, 2049.128
 57000, 2058.857
 57060, 2099.679
 57120, 2093.753
 57180, 2128.196
 57240, 2108.971
 57300, 2129.471
 57360, 2128.256
 57420, 2122.362
 57480, 2133.183
 57540, 2109.168
 57600, 2107.280
 57660, 2075.276
 57720, 2014.124
 57780, 1959.078
 57840, 1950.331
 57900, 1957.025
 57960, 1935.048
 58020, 1976.912
 58080, 1997.646
 58140, 1978.572
 58200, 1986.881
 58260, 2046.201
 58320, 2028.415
 58380, 1995.830
 58440, 2021.144
 58500, 1958.529
 58560, 2228.969
 58620, 2155.154
 58680, 2207.857
 58740, 2046.780
 58800, 2011.133
 58860, 2079.955
 58920, 2265.937
 58980, 2125.422
 59040, 2209.287
 59100, 2100.622
 59160, 2042.394
 59220, 2176.330
 59280, 2190.800
 59340, 1954.826
 59400, 2037.812
 59460, 1963.053
 59520, 2068.904
 59580, 2150.100
 59640, 2068.556
 59700, 2160.456
 59760, 2100.312
 59820, 2232.240
 59880, 2166.146
 59940, 2021.196
 60000, 2251.888
 60060, 2055.249
 60120, 1968.978
 60180, 2024.959
 60240, 2036.149
 60300, 2007.111
 60360, -9999.000
 60420, 2248.753
 60480, 2005.445
 60540, 1912.752
 60600, 1835.840
 60660, 1787.558
 60720, 1736.530
 60780, 1752.535
 60840, 1722.400
 60900, 1808.167
 60960, 2105.768
 61020, 2057.315
 61080, 2147.094
 61140, 2118.457
 61200, 2164.645
 61260, 2193.487
 61320, 2247.237
 61380, 2228.671
 61440, 2187.587
 61500, 2207.050
 61560, 2361.700
 61620, 2192.454
 61680, 2151.236
 61740, 2135.462
 61800, 2116.426
 61860, 2080.721
 61920, 2083.749
 61980, 2054.914
 62040, 2053.297
 62100, 2055.853
 62160, 2063.061
 62220, -9999.000
 62280, 2098.360
 62340, 2135.154
 62400, 2125.691
 62460, 2054.714
 62520, 2082.131
 62580, 2094.168
 62640, 2152.674
 62700, 2339.306
 62760, 2241.348
 62820, 2135.495
 62880, 2118.257
 62940, 2118.703
 63000, 2213.045
 63060, 2360.729
 63120, 2290.105
 63180, 2167.556
 63240, 2164.486
 63300, 2048.046
 63360, 1992.488
 63420, 1946.617
 63480, 1974.631
 63540, 1984.253
 63600, 1972.520
 63660, 2018.863
 63720, 1953.492
 63780, 1964.993
 63840, 1963.379
 63900, 1989.444
 63960, 2002.969
 64020, 2072.614
 64080, -9999.000
 64140, 1946.834
 64200, 1960.811
 64260, 1966.871
 64320, 1917.850
 64380, 1939.290
 64440, 2022.806
 64500, 2140.400
 64560, 2005.064
 64620, 1991.459
 64680, 2017.740
 64740, 2026.347
 64800, 2018.910
 64860, 1929.600
 64920, 1928.681
 64980, 1926.030
 65040, 2201.576
 65100, 2294.833
 65160, 2277.980
 65220, 2192.845
 65280, 2347.591
 65340, 2268.946
 65400, 2288.111
 65460, 2338.891
 65520, 2261.275
 65580, 2398.993
 65640, 2401.527
 65700, 2154.978
 65760, 2454.976
 65820, 2185.819
 65880, 2097.820
 65940, 2219.922
 66000, 2070.597
 66060, 2017.291
 66120, 2006.393
 66180, 2210.415
 66240, 2035.771
 66300, 2021.834
 66360, 2305.753
 66420, 2179.516
 66480, 2037.620
 66540, 2111.192
 66600, 2057.397
 66660, 2114.882
 66720, 2011.243
 66780, 1981.686
 66840, 2049.871
 66900, 1912.373
 66960, 1992.821
 67020, 1990.517
 67080, 2069.201
 67140, 2101.319
 67200, 1864.671
 67260, 1945.396
 67320, 2029.780
 67380, 1957.713
 67440, 2027.323
 67500, 2025.466
 67560, 1924.340
 67620, 1911.283
 67680, 1917.031
 67740, -9999.000
 67800, 1887.286
 67860, 1821.580
 67920, 1877.484
 67980, 1685.700
 68040, 1857.545
 68100, 1839.170
 68160, 1930.362
 68220, 1926.509
 68280, 1868.569
 68340, 1898.452
 68400, 1923.934
 68460, 1939.827
 68520, 1894.598
 68580, 1989.109
 68640, 1922.793
 68700, 1789.722
 68760, 1889.987
 68820, 1614.497
 68880, 1756.414
 68940, 1772.302
 69000, 1733.701
 69060, 1671.645
 69120, 1791.560
 69180, 1803.750
 69240, 1807.400
 69300, 1611.073
 69360, 1781.643
 69420, 1631.409
 69480, 1649.755
 69540, 1688.915
 69600, -9999.000
 69660, 5026.438
 69720, 2827.778
 69780, 2157.459
 69840, 2058.986
 69900, 1814.088
 69960, 1973.924
 70020, 1998.281
 70080, 1771.211
 70140, 1788.394
 70200, 1733.121
 70260, 1648.344
 70320, 1681.110
 70380, 1815.566
 70440, 1655.422
 70500, 1519.623
 70560, 1535.284
 70620, 1659.096
 70680, 1746.678
 70740, 1706.646
 70800, 1788.630
 70860, 1728.235
 70920, 1691.206
 70980, 1968.685
 71040, 1706.415
 71100, 1667.892
 71160, 1653.783
 71220, 1679.902
 71280, 1734.951
 71340, 1747.501
 71400, 1516.314
 71460, -9999.000
 71520, 1766.396
 71580, 1780.832
 71640, 1779.948
 71700, 1814.252
 71760, 1843.950
 71820, 1703.980
 71880, 1768.065
 71940, 1832.196
 72000, 1836.856
 72060, 1588.084
 72120, 1708.313
 72180, 1701.246
 72240, 1714.329
 72300, 1573.818
 72360, 1650.235
 72420, 1427.319
 72480, 1418.950
 72540, 1455.140
 72600, 1421.517
 72660, 1393.791
 72720, 1281.821
 72780, 1389.323
 72840, 1269.632
 72900, 1125.171
 72960, 1248.750
 73020, 1250.557
 73080, 1200.388
 73140, 1190.548
 73200, 1141.599
 73260, 1093.179
 73320, 1163.216
 73380, 1080.352
 73440, 1058.591
 73500, 1016.383
 73560, 1082.602
 73620, 1075.093
 73680, 1097.782
 73740, 1035.847
 73800, 842.035
 73860, 582.847
 73920, 551.577
 73980, 568.299
 74040, 558.326
 74100, 533.587
 74160, 471.265
 74220, 470.309
 74280, 477.177
 74340, 712.267
 74400, 794.724
 74460, 723.954
 74520, 709.345
 74580, 669.748
 74640, 675.092
 74700, 674.748
 74760, 644.487
 74820, 642.412
 74880, 661.287
 74940, 624.409
 75000, 599.485
 75060, 584.592
 75120, 527.636
 75180, 532.673
 75240, 551.758
 75300, 545.678
 75360, 516.784
 75420, 518.144
 75480, 477.547
 75540, 481.755
 75600, 476.521
 75660, 477.926
 75720, 463.303
 75780, 477.562
 75840, 444.457
 75900, 427.932
 75960, 388.598
 76020, 393.384
 76080, 372.598
 76140, 380.228
 76200, 378.953
 76260, 345.566
 76320, 349.363
 76380, 363.694
 76440, 363.483
 76500, 335.492
 76560, 316.810
 76620, 325.122
 76680, 437.500
 76740, 448.521
 76800, 326.488
 76860, 283.664
 76920, 278.119
 76980, 309.205
 77040, 357.361
 77100, 404.361
 77160, 349.956
 77220, 308.364
 77280, 296.719
 77340, 269.869
 77400, 258.356
 77460, 298.080
 77520, 299.366
 77580, 289.527
 77640, 273.847
 77700, 251.108
 77760, 253.637
 77820, 223.118
 77880, 209.329
 77940, 192.329
 78000, 231.236
 78060, 986.931
 78120, 251.438
 78180, 2376.584
 78240, 764.459
 78300, 603.616
 78360, 627.398
 78420, 465.335
 78480, 411.151
 78540, 376.057
 78600, 353.960
 78660, 361.332
 78720, 323.972
 78780, 316.296
 78840, -9999.000
 78900, 255.373
 78960, 263.187
 79020, 274.412
 79080, 304.346
 79140, 290.172
 79200, 298.046
 79260, 296.872
 79320, 301.703
 79380, 309.295
 79440, 324.386
 79500, 330.416
 79560, 333.867
 79620, 354.249
 79680, 358.366
 79740, 369.094
 79800, 351.757
 79860, 381.121
 79920, 389.165
 79980, 399.426
 80040, 409.287
 80100, 402.610
 80160, 418.974
 80220, 407.592
 80280, 407.454
 80340, 403.229
 80400, 385.490
 80460, 396.343
 80520, 420.693
 80580, 426.558
 80640, 443.398
 80700, 402.446
 80760, 389.706
 80820, 422.598
 80880, 432.589
 80940, 446.554
 81000, 445.176
 81060, 422.093
 81120, 425.051
 81180, 449.461
 81240, 456.857
 81300, 475.834
 81360, 488.170
 81420, 448.778
 81480, 437.415
 81540, 421.625
 81600, 419.333
 81660, 419.535
 81720, 448.960
 81780, 422.301
 81840, 397.706
 81900, 407.925
 81960, 412.165
 82020, 433.614
 82080, 448.321
 82140, 407.853
 82200, 401.880
 82260, 393.464
 82320, 436.746
 82380, 459.502
 82440, 447.227
 82500, 440.679
 82560, -9999.000
 82620, 437.610
 82680, 442.459
 82740, 453.216
 82800, 496.679
 82860, 477.675
 82920, 473.718
 82980, 437.154
 83040, 489.858
 83100, 486.701
 83160, 510.994
 83220, 500.017
 83280, 568.580
 83340, 505.441
 83400, 483.605
 83460, 469.232
 83520, 485.043
 83580, 525.462
 83640, 571.360
 83700, 597.830
 83760, 557.820
 83820, 562.393
 83880, 594.714
 83940, 552.825
 84000, 585.040
 84060, 624.073
 84120, 633.924
 84180, 620.670
 84240, 601.607
 84300, 599.796
 84360, 607.640
 84420, 586.131
 84480, 635.646
 84540, 632.877
 84600, 634.439
 84660, 671.720
 84720, 650.437
 84780, 657.383
 84840, 695.337
 84900, 702.276
 84960, 606.863
 85020, 656.310
 85080, 662.114
 85140, 644.605
 85200, 672.717
 85260, 710.255
 85320, 719.684
 85380, 713.086
 85440, 667.426
 85500, 735.495
 85560, 664.837
 85620, 675.386
 85680, 697.591
 85740, 658.767
 85800, 700.635
 85860, 697.402
 85920, 677.155
 85980, 703.499
 86040, 725.847
 86100, 718.996
 86160, 676.165
 86220, -9999.000
 86280, 588.710
 86340, 638.633
