CampaignData_and_Merges/R0/CSL_MobileLab_Parked/raw/20240807/USOS-O3_MobileLabGround_20240807_R0.ict
34, 1001
Carrie Womack
NOAA Chemical Sciences Laboratory
2B Tech O3 UV Analyzer
USOS
1, 1
2024, 08, 07, 2024, 12, 21
60
Time_Start, seconds_past_midnight, Seconds from midnight UTC
1
1
-9999
O3_ppb, ppb, Ozone from 2B Tech UV Analyzer
1
SPECIAL COMMENTS:
18
PI_CONTACT_INFO: Address: 325 Broadway R/CSL7, Boulder, CO, 80305
PLATFORM: CSL Mobile Lab
LOCATION: Salt Lake City, UT
ASSOCIATED_DATA: N/A
INSTRUMENT_INFO: N/A
DATA_INFO: Units:
UNCERTAINTY: N/A
ULOD_FLAG: -7777
ULOD_VALUE: N/A
LLOD_FLAG: -8888
LLOD_VALUE: N/A
DM_CONTACT_INFO: Data Manager: Nate Howard
PROJECT_INFO: 
STIPULATIONS_ON_USE: Use of these data require prior ok from PI.
OTHER_COMMENTS: N/A
REVISION: R0
R0: Final data. RA: Preliminary Data.  For in-field use only.
Time_Start, O3_ppb
0.0,62.8
60.0,61.7
120.0,61.5
180.0,61.3
240.0,61.5
300.0,61.6
360.0,61.4
420.0,60.8
480.0,61.6
540.0,61.8
600.0,59.3
660.0,59.7
720.0,58.8
780.0,59.9
840.0,59.8
900.0,58.9
960.0,59.0
1020.0,59.2
1080.0,60.2
1140.0,59.6
1200.0,59.8
1260.0,59.4
1320.0,63.3
1380.0,61.5
1440.0,61.5
1500.0,61.6
1560.0,63.1
1620.0,63.0
1680.0,61.9
1740.0,60.6
1800.0,62.6
1860.0,62.2
1920.0,61.2
1980.0,61.4
2040.0,60.8
2100.0,60.6
2160.0,59.5
2220.0,60.2
2280.0,58.7
2340.0,59.5
2400.0,60.4
2460.0,60.1
2520.0,60.0
2580.0,60.1
2640.0,60.1
2700.0,58.8
2760.0,57.5
2820.0,57.9
2880.0,57.0
2940.0,55.8
3000.0,56.9
3060.0,55.6
3120.0,56.6
3180.0,58.0
3240.0,58.0
3300.0,58.0
3360.0,57.3
3420.0,59.2
3480.0,58.7
3540.0,57.6
3600.0,56.9
3660.0,56.2
3720.0,54.8
3780.0,54.3
3840.0,55.2
3900.0,53.8
3960.0,53.9
4020.0,56.6
4080.0,56.9
4140.0,56.1
4200.0,56.0
4260.0,55.4
4320.0,56.2
4380.0,56.2
4440.0,55.3
4500.0,56.1
4560.0,56.6
4620.0,56.9
4680.0,57.8
4740.0,56.8
4800.0,58.0
4860.0,56.8
4920.0,55.5
4980.0,56.5
5040.0,54.8
5100.0,54.8
5160.0,54.5
5220.0,55.2
5280.0,56.1
5340.0,55.6
5400.0,54.2
5460.0,54.8
5520.0,53.6
5580.0,54.5
5640.0,56.9
5700.0,56.8
5760.0,55.9
5820.0,52.0
5880.0,50.8
5940.0,57.5
6000.0,56.0
6060.0,57.3
6120.0,56.3
6180.0,56.5
6240.0,56.3
6300.0,56.2
6360.0,57.2
6420.0,55.7
6480.0,55.7
6540.0,55.4
6600.0,51.5
6660.0,52.2
6720.0,52.9
6780.0,52.1
6840.0,52.8
6900.0,51.3
6960.0,49.4
7020.0,49.6
7080.0,49.7
7140.0,49.2
7200.0,48.7
7260.0,48.1
7320.0,48.7
7380.0,45.1
7440.0,40.2
7500.0,44.8
7560.0,45.8
7620.0,45.3
7680.0,45.1
7740.0,47.4
7800.0,50.0
7860.0,47.5
7920.0,45.3
7980.0,41.4
8040.0,44.0
8100.0,43.9
8160.0,44.5
8220.0,43.1
8280.0,42.7
8340.0,44.3
8400.0,43.1
8460.0,42.4
8520.0,42.0
8580.0,43.3
8640.0,42.2
8700.0,43.3
8760.0,40.5
8820.0,41.4
8880.0,40.2
8940.0,40.5
9000.0,41.4
9060.0,42.5
9120.0,40.9
9180.0,42.2
9240.0,42.2
9300.0,41.9
9360.0,43.3
9420.0,41.6
9480.0,40.9
9540.0,42.8
9600.0,42.5
9660.0,41.0
9720.0,40.7
9780.0,41.9
9840.0,41.3
9900.0,41.1
9960.0,41.3
10020.0,41.3
10080.0,41.9
10140.0,41.5
10200.0,40.5
10260.0,42.1
10320.0,42.2
10380.0,41.9
10440.0,42.2
10500.0,42.7
10560.0,42.5
10620.0,43.5
10680.0,43.4
10740.0,43.1
10800.0,43.7
10860.0,43.6
10920.0,43.5
10980.0,43.8
11040.0,43.0
11100.0,43.3
11160.0,43.3
11220.0,42.8
11280.0,44.7
11340.0,43.5
11400.0,43.7
11460.0,45.9
11520.0,45.4
11580.0,43.5
11640.0,42.0
11700.0,45.0
11760.0,44.2
11820.0,44.8
11880.0,44.8
11940.0,45.0
12000.0,43.8
12060.0,45.4
12120.0,44.8
12180.0,45.7
12240.0,44.1
12300.0,44.6
12360.0,42.8
12420.0,43.8
12480.0,44.0
12540.0,43.1
12600.0,45.4
12660.0,44.1
12720.0,45.1
12780.0,45.9
12840.0,45.7
12900.0,45.9
12960.0,45.2
13020.0,44.0
13080.0,43.8
13140.0,44.2
13200.0,44.5
13260.0,45.5
13320.0,45.9
13380.0,46.3
13440.0,46.5
13500.0,45.2
13560.0,45.2
13620.0,45.4
13680.0,45.8
13740.0,45.8
13800.0,44.6
13860.0,46.0
13920.0,45.0
13980.0,44.6
14040.0,46.2
14100.0,46.4
14160.0,45.5
14220.0,46.3
14280.0,45.5
14340.0,45.4
14400.0,46.1
14460.0,46.1
14520.0,45.9
14580.0,45.4
14640.0,45.5
14700.0,47.8
14760.0,47.2
14820.0,46.1
14880.0,45.4
14940.0,46.9
15000.0,47.6
15060.0,45.9
15120.0,46.4
15180.0,47.3
15240.0,46.6
15300.0,48.0
15360.0,45.8
15420.0,48.0
15480.0,46.8
15540.0,47.0
15600.0,46.7
15660.0,47.1
15720.0,46.6
15780.0,46.7
15840.0,46.6
15900.0,47.2
15960.0,46.7
16020.0,47.0
16080.0,47.1
16140.0,48.0
16200.0,47.2
16260.0,47.5
16320.0,47.1
16380.0,47.1
16440.0,48.6
16500.0,48.3
16560.0,47.0
16620.0,47.8
16680.0,47.6
16740.0,48.1
16800.0,46.4
16860.0,47.2
16920.0,45.5
16980.0,46.1
17040.0,45.8
17100.0,46.2
17160.0,45.2
17220.0,44.6
17280.0,44.2
17340.0,43.2
17400.0,44.8
17460.0,46.6
17520.0,46.1
17580.0,46.7
17640.0,45.3
17700.0,47.6
17760.0,47.2
17820.0,47.1
17880.0,46.0
17940.0,45.8
18000.0,43.9
18060.0,45.6
18120.0,45.2
18180.0,44.8
18240.0,46.5
18300.0,44.4
18360.0,44.7
18420.0,46.0
18480.0,45.7
18540.0,45.1
18600.0,46.5
18660.0,45.7
18720.0,45.5
18780.0,47.1
18840.0,46.5
18900.0,43.8
18960.0,42.6
19020.0,40.6
19080.0,40.0
19140.0,38.7
19200.0,43.4
19260.0,43.0
19320.0,44.4
19380.0,44.8
19440.0,42.5
19500.0,40.6
19560.0,38.2
19620.0,39.0
19680.0,39.0
19740.0,38.9
19800.0,41.3
19860.0,40.5
19920.0,42.4
19980.0,42.3
20040.0,42.5
20100.0,43.3
20160.0,42.9
20220.0,41.2
20280.0,41.3
20340.0,41.3
20400.0,40.6
20460.0,41.8
20520.0,42.1
20580.0,41.7
20640.0,41.1
20700.0,42.0
20760.0,40.3
20820.0,41.6
20880.0,42.1
20940.0,41.6
21000.0,42.0
21060.0,41.7
21120.0,42.6
21180.0,42.1
21240.0,38.3
21300.0,41.4
21360.0,42.7
21420.0,41.9
21480.0,41.2
21540.0,38.7
21600.0,42.1
21660.0,43.3
21720.0,41.7
21780.0,38.9
21840.0,41.8
21900.0,40.3
21960.0,40.5
22020.0,42.3
22080.0,42.4
22140.0,41.3
22200.0,41.6
22260.0,41.5
22320.0,42.2
22380.0,41.6
22440.0,40.9
22500.0,41.1
22560.0,40.4
22620.0,41.2
22680.0,40.6
22740.0,40.8
22800.0,40.6
22860.0,39.0
22920.0,40.6
22980.0,39.8
23040.0,38.7
23100.0,37.9
23160.0,39.5
23220.0,38.1
23280.0,39.0
23340.0,39.5
23400.0,39.8
23460.0,40.0
23520.0,38.2
23580.0,39.6
23640.0,39.6
23700.0,39.4
23760.0,41.0
23820.0,40.3
23880.0,39.1
23940.0,40.7
24000.0,41.5
24060.0,40.9
24120.0,40.2
24180.0,40.6
24240.0,41.1
24300.0,41.5
24360.0,40.2
24420.0,40.6
24480.0,41.8
24540.0,41.8
24600.0,40.7
24660.0,39.6
24720.0,41.8
24780.0,41.1
24840.0,40.8
24900.0,40.8
24960.0,41.6
25020.0,41.4
25080.0,40.9
25140.0,40.0
25200.0,38.7
25260.0,38.1
25320.0,37.6
25380.0,38.5
25440.0,39.7
25500.0,38.9
25560.0,38.3
25620.0,38.2
25680.0,36.5
25740.0,37.5
25800.0,37.2
25860.0,35.9
25920.0,34.9
25980.0,29.9
26040.0,27.6
26100.0,35.0
26160.0,35.9
26220.0,37.0
26280.0,37.1
26340.0,36.0
26400.0,33.4
26460.0,29.0
26520.0,34.1
26580.0,34.5
26640.0,33.6
26700.0,34.9
26760.0,36.7
26820.0,34.9
26880.0,33.1
26940.0,40.0
27000.0,39.3
27060.0,39.3
27120.0,38.4
27180.0,35.5
27240.0,36.2
27300.0,41.7
27360.0,35.8
27420.0,33.9
27480.0,36.0
27540.0,37.8
27600.0,40.4
27660.0,36.4
27720.0,40.7
27780.0,39.8
27840.0,38.3
27900.0,37.7
27960.0,39.2
28020.0,36.8
28080.0,34.6
28140.0,34.7
28200.0,35.1
28260.0,35.4
28320.0,35.7
28380.0,34.4
28440.0,33.0
28500.0,35.4
28560.0,37.2
28620.0,36.6
28680.0,35.4
28740.0,35.8
28800.0,35.8
28860.0,35.7
28920.0,35.6
28980.0,34.4
29040.0,35.6
29100.0,36.1
29160.0,36.7
29220.0,34.9
29280.0,34.3
29340.0,34.8
29400.0,34.3
29460.0,33.0
29520.0,33.8
29580.0,33.5
29640.0,33.2
29700.0,34.0
29760.0,33.3
29820.0,32.2
29880.0,31.0
29940.0,30.5
30000.0,31.2
30060.0,31.4
30120.0,30.9
30180.0,31.7
30240.0,30.8
30300.0,30.3
30360.0,30.3
30420.0,28.7
30480.0,29.8
30540.0,29.3
30600.0,30.5
30660.0,28.6
30720.0,29.9
30780.0,28.9
30840.0,29.3
30900.0,28.8
30960.0,29.0
31020.0,28.4
31080.0,29.8
31140.0,30.6
31200.0,30.6
31260.0,31.8
31320.0,32.7
31380.0,34.7
31440.0,33.5
31500.0,35.3
31560.0,36.2
31620.0,36.8
31680.0,38.4
31740.0,36.4
31800.0,37.6
31860.0,37.4
31920.0,38.2
31980.0,39.3
32040.0,39.1
32100.0,39.9
32160.0,40.0
32220.0,41.3
32280.0,40.8
32340.0,40.8
32400.0,40.6
32460.0,41.1
32520.0,41.1
32580.0,41.6
32640.0,41.1
32700.0,40.5
32760.0,41.3
32820.0,40.2
32880.0,39.3
32940.0,39.4
33000.0,40.0
33060.0,38.8
33120.0,40.0
33180.0,39.5
33240.0,39.5
33300.0,40.0
33360.0,39.1
33420.0,37.7
33480.0,38.4
33540.0,38.7
33600.0,40.3
33660.0,39.1
33720.0,38.9
33780.0,39.8
33840.0,39.1
33900.0,39.6
33960.0,38.4
34020.0,37.8
34080.0,36.8
34140.0,36.0
34200.0,36.1
34260.0,36.4
34320.0,35.9
34380.0,36.3
34440.0,37.6
34500.0,36.1
34560.0,36.4
34620.0,35.4
34680.0,33.9
34740.0,38.1
34800.0,38.1
34860.0,39.3
34920.0,40.5
34980.0,40.3
35040.0,40.4
35100.0,38.6
35160.0,36.8
35220.0,34.7
35280.0,34.1
35340.0,33.4
35400.0,34.8
35460.0,34.5
35520.0,32.7
35580.0,33.4
35640.0,34.6
35700.0,33.9
35760.0,31.6
35820.0,32.8
35880.0,33.0
35940.0,33.8
36000.0,34.3
36060.0,33.6
36120.0,32.8
36180.0,32.8
36240.0,34.0
36300.0,27.7
36360.0,24.3
36420.0,27.3
36480.0,27.6
36540.0,25.9
36600.0,26.2
36660.0,26.5
36720.0,28.2
36780.0,28.5
36840.0,28.4
36900.0,32.1
36960.0,31.6
37020.0,29.8
37080.0,28.7
37140.0,30.7
37200.0,31.7
37260.0,31.8
37320.0,33.9
37380.0,32.5
37440.0,29.3
37500.0,33.1
37560.0,35.5
37620.0,36.1
37680.0,35.3
37740.0,35.6
37800.0,34.8
37860.0,35.1
37920.0,36.8
37980.0,36.0
38040.0,35.6
38100.0,36.9
38160.0,35.2
38220.0,36.1
38280.0,33.3
38340.0,31.9
38400.0,33.2
38460.0,33.3
38520.0,32.9
38580.0,32.0
38640.0,33.1
38700.0,31.0
38760.0,31.5
38820.0,32.8
38880.0,32.8
38940.0,31.2
39000.0,31.8
39060.0,31.3
39120.0,29.8
39180.0,32.1
39240.0,29.3
39300.0,28.2
39360.0,27.9
39420.0,30.0
39480.0,30.1
39540.0,29.4
39600.0,29.1
39660.0,28.5
39720.0,30.1
39780.0,31.3
39840.0,29.6
39900.0,28.7
39960.0,28.8
40020.0,28.5
40080.0,29.1
40140.0,29.1
40200.0,29.8
40260.0,18.7
40320.0,23.7
40380.0,26.3
40440.0,26.9
40500.0,27.5
40560.0,28.6
40620.0,28.2
40680.0,29.2
40740.0,27.7
40800.0,29.3
40860.0,30.9
40920.0,30.7
40980.0,28.5
41040.0,28.1
41100.0,25.9
41160.0,24.7
41220.0,26.4
41280.0,26.7
41340.0,25.7
41400.0,26.8
41460.0,27.7
41520.0,28.0
41580.0,26.0
41640.0,25.9
41700.0,24.4
41760.0,30.9
41820.0,31.1
41880.0,32.7
41940.0,33.0
42000.0,31.9
42060.0,30.0
42120.0,33.0
42180.0,33.9
42240.0,34.0
42300.0,33.6
42360.0,33.6
42420.0,32.2
42480.0,31.3
42540.0,31.1
42600.0,32.3
42660.0,30.6
42720.0,27.7
42780.0,30.6
42840.0,30.1
42900.0,28.4
42960.0,25.3
43020.0,24.7
43080.0,18.7
43140.0,25.6
43200.0,27.1
43260.0,28.2
43320.0,26.9
43380.0,26.6
43440.0,26.9
43500.0,21.5
43560.0,23.8
43620.0,20.4
43680.0,25.7
43740.0,27.0
43800.0,28.4
43860.0,28.3
43920.0,27.5
43980.0,28.2
44040.0,28.5
44100.0,28.2
44160.0,27.2
44220.0,25.1
44280.0,24.9
44340.0,24.5
44400.0,26.4
44460.0,25.8
44520.0,23.6
44580.0,25.2
44640.0,24.1
44700.0,20.9
44760.0,23.5
44820.0,23.8
44880.0,24.2
44940.0,24.7
45000.0,25.7
45060.0,26.1
45120.0,27.7
45180.0,27.2
45240.0,28.6
45300.0,28.9
45360.0,29.4
45420.0,30.5
45480.0,29.2
45540.0,28.8
45600.0,28.3
45660.0,28.6
45720.0,28.7
45780.0,29.8
45840.0,28.1
45900.0,27.7
45960.0,27.4
46020.0,27.8
46080.0,28.7
46140.0,25.8
46200.0,26.0
46260.0,23.9
46320.0,24.5
46380.0,26.1
46440.0,26.0
46500.0,29.5
46560.0,29.2
46620.0,30.1
46680.0,29.8
46740.0,29.7
46800.0,27.5
46860.0,27.2
46920.0,26.6
46980.0,27.6
47040.0,25.8
47100.0,25.0
47160.0,27.7
47220.0,21.0
47280.0,29.2
47340.0,31.1
47400.0,30.9
47460.0,30.1
47520.0,30.3
47580.0,31.2
47640.0,30.5
47700.0,30.2
47760.0,29.6
47820.0,27.3
47880.0,25.5
47940.0,19.4
48000.0,24.7
48060.0,20.9
48120.0,20.4
48180.0,25.9
48240.0,26.2
48300.0,27.4
48360.0,27.8
48420.0,27.8
48480.0,28.6
48540.0,29.1
48600.0,27.3
48660.0,26.6
48720.0,27.9
48780.0,26.2
48840.0,26.2
48900.0,26.0
48960.0,27.1
49020.0,27.7
49080.0,26.3
49140.0,29.5
49200.0,29.5
49260.0,28.3
49320.0,27.8
49380.0,27.3
49440.0,27.5
49500.0,27.7
49560.0,25.7
49620.0,28.7
49680.0,24.3
49740.0,22.9
49800.0,20.5
49860.0,20.7
49920.0,18.6
49980.0,16.9
50040.0,19.0
50100.0,17.9
50160.0,17.4
50220.0,16.1
50280.0,16.0
50340.0,15.7
50400.0,14.9
50460.0,14.2
50520.0,17.7
50580.0,14.6
50640.0,14.7
50700.0,17.1
50760.0,21.0
50820.0,18.8
50880.0,17.0
50940.0,16.1
51000.0,15.2
51060.0,15.6
51120.0,18.4
51180.0,20.8
51240.0,19.3
51300.0,19.9
51360.0,20.4
51420.0,21.2
51480.0,20.5
51540.0,20.1
51600.0,19.7
51660.0,20.7
51720.0,23.0
51780.0,23.5
51840.0,23.7
51900.0,23.6
51960.0,24.6
52020.0,25.2
52080.0,27.6
52140.0,27.6
52200.0,26.5
52260.0,27.9
52320.0,28.6
52380.0,30.4
52440.0,30.0
52500.0,29.0
52560.0,29.6
52620.0,33.3
52680.0,34.6
52740.0,34.8
52800.0,35.2
52860.0,34.6
52920.0,33.9
52980.0,35.4
53040.0,35.0
53100.0,33.7
53160.0,35.3
53220.0,36.2
53280.0,35.5
53340.0,34.3
53400.0,34.2
53460.0,34.3
53520.0,35.4
53580.0,35.3
53640.0,34.3
53700.0,35.1
53760.0,36.2
53820.0,35.4
53880.0,33.8
53940.0,33.6
54000.0,33.2
54060.0,35.2
54120.0,32.2
54180.0,31.4
54240.0,31.6
54300.0,34.3
54360.0,33.8
54420.0,34.6
54480.0,34.3
54540.0,35.1
54600.0,35.9
54660.0,35.7
54720.0,35.1
54780.0,35.4
54840.0,34.6
54900.0,33.7
54960.0,30.5
55020.0,34.8
55080.0,36.0
55140.0,34.1
55200.0,34.6
55260.0,33.9
55320.0,37.1
55380.0,35.1
55440.0,34.0
55500.0,35.9
55560.0,34.1
55620.0,34.0
55680.0,35.8
55740.0,35.4
55800.0,38.0
55860.0,37.5
55920.0,38.6
55980.0,39.9
56040.0,36.6
56100.0,39.8
56160.0,39.3
56220.0,39.1
56280.0,39.1
56340.0,39.5
56400.0,40.7
56460.0,40.9
56520.0,41.8
56580.0,42.8
56640.0,43.0
56700.0,42.3
56760.0,42.1
56820.0,35.5
56880.0,40.5
56940.0,41.0
57000.0,43.2
57060.0,43.0
57120.0,43.2
57180.0,43.1
57240.0,42.2
57300.0,40.5
57360.0,43.8
57420.0,43.6
57480.0,43.3
57540.0,42.8
57600.0,44.6
57660.0,43.0
57720.0,45.4
57780.0,49.0
57840.0,47.0
57900.0,50.8
57960.0,49.2
58020.0,49.6
58080.0,50.5
58140.0,51.5
58200.0,51.1
58260.0,50.9
58320.0,51.7
58380.0,52.3
58440.0,51.3
58500.0,51.4
58560.0,50.9
58620.0,52.1
58680.0,52.0
58740.0,53.5
58800.0,53.2
58860.0,53.1
58920.0,50.2
58980.0,53.9
59040.0,54.1
59100.0,53.1
59160.0,52.5
59220.0,55.4
59280.0,54.5
59340.0,56.0
59400.0,57.0
59460.0,55.9
59520.0,56.3
59580.0,56.9
59640.0,56.3
59700.0,57.3
59760.0,57.5
59820.0,57.1
59880.0,55.5
59940.0,56.7
60000.0,56.2
60060.0,56.1
60120.0,58.5
60180.0,58.4
60240.0,58.4
60300.0,58.5
60360.0,57.5
60420.0,57.2
60480.0,57.6
60540.0,58.0
60600.0,59.2
60660.0,58.9
60720.0,60.5
60780.0,58.9
60840.0,59.4
60900.0,58.3
60960.0,58.3
61020.0,58.2
61080.0,59.8
61140.0,59.6
61200.0,59.2
61260.0,60.1
61320.0,59.4
61380.0,59.7
61440.0,59.8
61500.0,59.3
61560.0,59.0
61620.0,61.1
61680.0,60.7
61740.0,61.7
61800.0,60.0
61860.0,61.9
61920.0,62.5
61980.0,60.9
62040.0,62.0
62100.0,62.9
62160.0,63.2
62220.0,64.1
62280.0,63.6
62340.0,63.1
62400.0,62.4
62460.0,62.9
62520.0,63.4
62580.0,64.2
62640.0,60.3
62700.0,62.0
62760.0,63.4
62820.0,63.7
62880.0,65.6
62940.0,64.2
63000.0,62.9
63060.0,62.6
63120.0,62.9
63180.0,64.6
63240.0,63.8
63300.0,63.1
63360.0,64.4
63420.0,65.1
63480.0,64.9
63540.0,66.0
63600.0,65.4
63660.0,62.4
63720.0,60.3
63780.0,62.0
63840.0,63.8
63900.0,64.6
63960.0,66.6
64020.0,66.7
64080.0,65.2
64140.0,66.5
64200.0,66.4
64260.0,67.4
64320.0,68.1
64380.0,68.1
64440.0,68.1
64500.0,67.9
64560.0,69.1
64620.0,69.6
64680.0,68.9
64740.0,66.8
64800.0,66.2
64860.0,62.0
64920.0,64.4
64980.0,67.4
65040.0,66.8
65100.0,68.6
65160.0,69.6
65220.0,69.3
65280.0,68.1
65340.0,70.0
65400.0,72.1
65460.0,71.4
65520.0,70.5
65580.0,71.2
65640.0,70.1
65700.0,70.9
65760.0,70.7
65820.0,71.0
65880.0,73.3
65940.0,72.3
66000.0,72.4
66060.0,74.6
66120.0,75.5
66180.0,73.6
66240.0,74.8
66300.0,73.4
66360.0,71.7
66420.0,73.6
66480.0,74.7
66540.0,73.5
66600.0,73.2
66660.0,71.9
66720.0,73.4
66780.0,73.9
66840.0,72.5
66900.0,74.9
66960.0,74.8
67020.0,74.7
67080.0,72.8
67140.0,74.0
67200.0,75.0
67260.0,74.7
67320.0,74.5
67380.0,74.6
67440.0,76.0
67500.0,75.4
67560.0,74.3
67620.0,74.1
67680.0,75.1
67740.0,74.2
67800.0,73.9
67860.0,75.0
67920.0,73.7
67980.0,75.0
68040.0,73.1
68100.0,74.4
68160.0,74.7
68220.0,74.0
68280.0,74.1
68340.0,75.0
68400.0,75.0
68460.0,73.8
68520.0,74.5
68580.0,74.3
68640.0,72.3
68700.0,72.8
68760.0,72.0
68820.0,73.2
68880.0,73.3
68940.0,72.9
69000.0,73.2
69060.0,73.9
69120.0,74.0
69180.0,72.5
69240.0,74.1
69300.0,74.4
69360.0,73.0
69420.0,72.8
69480.0,74.2
69540.0,71.4
69600.0,-9999.0
69660.0,-9999.0
69720.0,-9999.0
69780.0,-9999.0
69840.0,-9999.0
69900.0,-9999.0
69960.0,-9999.0
70020.0,-9999.0
70080.0,-9999.0
70140.0,-9999.0
70200.0,-9999.0
70260.0,-9999.0
70320.0,-9999.0
70380.0,-9999.0
70440.0,-9999.0
70500.0,-9999.0
70560.0,74.4
70620.0,72.9
70680.0,71.5
70740.0,71.4
70800.0,71.9
70860.0,75.6
70920.0,75.4
70980.0,73.0
71040.0,74.6
71100.0,75.6
71160.0,75.4
71220.0,75.7
71280.0,74.2
71340.0,73.7
71400.0,74.9
71460.0,71.7
71520.0,75.7
71580.0,77.1
71640.0,77.8
71700.0,80.1
71760.0,78.1
71820.0,79.3
71880.0,78.7
71940.0,78.2
72000.0,75.5
72060.0,77.6
72120.0,76.1
72180.0,76.9
72240.0,76.3
72300.0,77.4
72360.0,77.5
72420.0,77.4
72480.0,76.2
72540.0,77.1
72600.0,-9999.0
72660.0,-9999.0
72720.0,-9999.0
72780.0,-9999.0
72840.0,-9999.0
72900.0,-9999.0
72960.0,-9999.0
73020.0,-9999.0
73080.0,-9999.0
73140.0,-9999.0
73200.0,-9999.0
73260.0,-9999.0
73320.0,-9999.0
73380.0,-9999.0
73440.0,-9999.0
73500.0,-9999.0
73560.0,-9999.0
73620.0,-9999.0
73680.0,-9999.0
73740.0,-9999.0
73800.0,-9999.0
73860.0,-9999.0
73920.0,-9999.0
73980.0,-9999.0
74040.0,-9999.0
74100.0,-9999.0
74160.0,-9999.0
74220.0,-9999.0
74280.0,-9999.0
74340.0,-9999.0
74400.0,-9999.0
74460.0,-9999.0
74520.0,-9999.0
74580.0,-9999.0
74640.0,-9999.0
74700.0,-9999.0
74760.0,-9999.0
74820.0,-9999.0
74880.0,-9999.0
74940.0,-9999.0
75000.0,-9999.0
75060.0,-9999.0
75120.0,-9999.0
75180.0,-9999.0
75240.0,-9999.0
75300.0,-9999.0
75360.0,-9999.0
75420.0,-9999.0
75480.0,-9999.0
75540.0,-9999.0
75600.0,-9999.0
75660.0,-9999.0
75720.0,-9999.0
75780.0,-9999.0
75840.0,-9999.0
75900.0,-9999.0
75960.0,-9999.0
76020.0,-9999.0
76080.0,-9999.0
76140.0,-9999.0
76200.0,-9999.0
76260.0,-9999.0
76320.0,-9999.0
76380.0,-9999.0
76440.0,-9999.0
76500.0,-9999.0
76560.0,-9999.0
76620.0,-9999.0
76680.0,-9999.0
76740.0,-9999.0
76800.0,-9999.0
76860.0,-9999.0
76920.0,-9999.0
76980.0,-9999.0
77040.0,-9999.0
77100.0,-9999.0
77160.0,-9999.0
77220.0,-9999.0
77280.0,-9999.0
77340.0,-9999.0
77400.0,-9999.0
77460.0,-9999.0
77520.0,-9999.0
77580.0,-9999.0
77640.0,-9999.0
77700.0,-9999.0
77760.0,-9999.0
77820.0,-9999.0
77880.0,-9999.0
77940.0,-9999.0
78000.0,-9999.0
78060.0,-9999.0
78120.0,63.5
78180.0,66.7
78240.0,66.3
78300.0,67.3
78360.0,66.5
78420.0,66.2
78480.0,66.4
78540.0,65.5
78600.0,63.3
78660.0,62.6
78720.0,63.5
78780.0,65.0
78840.0,62.6
78900.0,63.5
78960.0,65.8
79020.0,64.0
79080.0,59.2
79140.0,61.6
79200.0,63.1
79260.0,65.1
79320.0,65.9
79380.0,66.1
79440.0,67.1
79500.0,66.4
79560.0,67.5
79620.0,67.1
79680.0,64.2
79740.0,65.9
79800.0,66.2
79860.0,67.2
79920.0,65.4
79980.0,66.8
80040.0,66.1
80100.0,65.8
80160.0,67.0
80220.0,66.2
80280.0,66.6
80340.0,66.8
80400.0,65.8
80460.0,65.3
80520.0,65.5
80580.0,64.6
80640.0,64.1
80700.0,65.0
80760.0,64.4
80820.0,65.1
80880.0,61.9
80940.0,58.3
81000.0,58.5
81060.0,62.9
81120.0,63.4
81180.0,62.8
81240.0,61.6
81300.0,61.1
81360.0,60.2
81420.0,60.4
81480.0,60.9
81540.0,59.1
81600.0,61.9
81660.0,63.5
81720.0,62.3
81780.0,62.4
81840.0,63.7
81900.0,63.7
81960.0,63.6
82020.0,62.9
82080.0,61.3
82140.0,59.7
82200.0,61.2
82260.0,60.9
82320.0,60.8
82380.0,59.6
82440.0,60.3
82500.0,60.9
82560.0,60.1
82620.0,59.8
82680.0,61.3
82740.0,62.0
82800.0,59.6
82860.0,58.8
82920.0,61.1
82980.0,60.7
83040.0,61.4
83100.0,61.5
83160.0,59.4
83220.0,60.6
83280.0,58.4
83340.0,58.9
83400.0,61.2
83460.0,63.0
83520.0,63.0
83580.0,62.1
83640.0,60.2
83700.0,60.8
83760.0,62.3
83820.0,64.7
83880.0,62.8
83940.0,63.1
84000.0,63.6
84060.0,62.6
84120.0,63.0
84180.0,62.4
84240.0,63.9
84300.0,63.4
84360.0,63.5
84420.0,62.4
84480.0,61.7
84540.0,62.5
84600.0,62.7
84660.0,60.2
84720.0,60.4
84780.0,60.7
84840.0,60.5
84900.0,59.9
84960.0,62.7
85020.0,62.5
85080.0,61.9
85140.0,63.8
85200.0,63.2
85260.0,61.6
85320.0,61.8
85380.0,61.2
85440.0,62.6
85500.0,61.3
85560.0,62.1
85620.0,63.0
85680.0,60.8
85740.0,60.9
85800.0,61.5
85860.0,61.3
85920.0,61.2
85980.0,59.9
86040.0,59.0
86100.0,58.3
86160.0,58.2
86220.0,57.7
86280.0,57.1
86340.0,57.5
