CampaignData_and_Merges/R0/CSL_MobileLab_Parked/raw/20240807/USOS-MetNav_MobileLabGround_20240807_R0.ict
44, 1001
Carrie Womack, Nate Howard, Mike Zucker
NOAA Chemical Sciences Laboratory
Mobile Lab MetNav Station
USOS
1, 1
2024, 08, 07, 2024, 12, 21
60
Time_Start, seconds_past_midnight, Seconds from midnight UTC
11
1, 1, 1, 1, 1, 1, 1, 1, 1, 1, 1
-9999, -9999, -9999, -9999, -9999, -9999, -9999, -9999, -9999, -9999, -9999
GPS_Alt_m, meters, Altitude from Differential GPS
GPS_Course_deg, degrees, Course from Differential GPS
GPS_GndSpd_m_s, m/s, Ground Speed from Differential GPS
GPS_Heading_deg, degrees, Heading from Differential GPS
GPS_Lat_deg, degrees, Latitude from Differential GPS
GPS_Lon_deg, degrees, Longitude from Differential GPS
AirTemp_C, Celsius, Air Temperature from Airmar
RelHumidity_pct, percent, Relative Humidity from Airmar
Pressure_mb, millibars, Pressure from Honeywell
WindDir_calc_deg, degrees, Wind Direction from Airmar corrected for van movement
WindSpd_calc_m_s, m/s, Wind Speed from Airmar corrected for van movement
1
SPECIAL COMMENTS:
18
PI_CONTACT_INFO: Address: 325 Broadway R/CSL7, Boulder, CO, 80305
PLATFORM: CSL Mobile Lab
LOCATION: Salt Lake City, UT
ASSOCIATED_DATA: N/A
INSTRUMENT_INFO: N/A
DATA_INFO: Units:
UNCERTAINTY: N/A
ULOD_FLAG: -7777
ULOD_VALUE: N/A
LLOD_FLAG: -8888
LLOD_VALUE: N/A
DM_CONTACT_INFO: Data Manager: Nate Howard
PROJECT_INFO: 
STIPULATIONS_ON_USE: Use of these data require prior ok from PI.
OTHER_COMMENTS: 
REVISION: R0
R0: Final data. Fixed bug in wind averaging code. RA: Preliminary Data. For in-field use only. 
Time_Start, GPS_Alt_m, GPS_Course_deg, GPS_GndSpd_m_s, GPS_Heading_deg, GPS_Lat_deg, GPS_Lon_deg, AirTemp_C, RelHumidity_pct, Pressure_mb, WindDir_calc_deg, WindSpd_calc_m_s
0.0,1308.6,1.98,0.05,1.98,40.73434,-111.87211,40.4,13.7,876.1,82.79,0.7
60.0,1308.8,2.09,0.05,2.09,40.73434,-111.87211,40.5,14.1,876.2,84.86,1.2
120.0,1309.0,2.33,0.05,2.33,40.73434,-111.87211,40.5,13.8,876.2,48.63,0.5
180.0,1309.1,2.24,0.05,2.24,40.73434,-111.87211,40.6,13.7,876.2,73.23,0.9
240.0,1309.2,1.96,0.05,1.96,40.73434,-111.87211,40.6,13.8,876.2,83.48,1.0
300.0,1309.2,1.91,0.05,1.91,40.73434,-111.87211,40.7,14.0,876.1,100.41,1.4
360.0,1308.9,1.79,0.04,1.79,40.73434,-111.87211,40.6,14.0,876.1,96.97,1.3
420.0,1308.9,2.05,0.04,2.05,40.73434,-111.87211,40.5,13.8,876.1,89.55,1.3
480.0,1308.9,2.14,0.04,2.14,40.73434,-111.87211,40.4,13.7,876.1,79.61,1.2
540.0,1309.0,2.03,0.05,2.03,40.73434,-111.87211,40.0,13.4,876.1,68.94,1.1
600.0,1308.8,1.49,0.04,1.49,40.73434,-111.87211,40.1,13.6,876.1,69.66,1.0
660.0,1308.5,1.62,0.04,1.62,40.73434,-111.87211,40.1,14.1,876.1,80.99,1.0
720.0,1308.7,1.84,0.05,1.84,40.73434,-111.87211,40.1,14.0,876.0,83.23,0.9
780.0,1308.6,2.03,0.04,2.03,40.73434,-111.87211,40.2,13.6,876.0,68.60,0.7
840.0,1308.3,2.17,0.04,2.17,40.73434,-111.87211,40.1,13.6,876.0,72.36,0.8
900.0,1308.3,1.83,0.05,1.83,40.73434,-111.87211,40.2,13.8,876.0,91.01,1.2
960.0,1308.4,1.34,0.05,1.34,40.73434,-111.87211,40.1,14.1,876.0,80.29,1.0
1020.0,1308.4,1.11,0.05,1.11,40.73434,-111.87211,40.2,13.7,876.0,80.66,0.7
1080.0,1308.5,1.15,0.05,1.15,40.73434,-111.87211,40.2,14.2,876.0,84.86,1.0
1140.0,1308.6,1.39,0.05,1.39,40.73434,-111.87211,40.2,14.1,876.0,82.85,1.0
1200.0,1308.6,1.89,0.05,1.89,40.73434,-111.87211,40.2,14.5,876.0,80.82,1.1
1260.0,1308.6,1.60,0.05,1.60,40.73434,-111.87211,40.2,14.1,876.0,77.13,0.9
1320.0,1308.6,1.45,0.04,1.45,40.73434,-111.87211,40.3,13.7,876.0,79.41,0.9
1380.0,1308.6,1.32,0.05,1.32,40.73434,-111.87211,40.3,14.1,876.0,85.48,1.2
1440.0,1308.6,1.07,0.04,1.07,40.73434,-111.87211,40.2,14.4,876.0,84.65,1.1
1500.0,1308.5,0.74,0.04,0.74,40.73434,-111.87211,40.1,14.3,876.0,88.94,1.2
1560.0,1308.5,0.51,0.04,0.51,40.73434,-111.87211,40.0,13.8,875.9,104.19,1.3
1620.0,1308.6,0.75,0.05,0.75,40.73434,-111.87211,39.8,13.7,875.9,90.25,1.4
1680.0,1308.6,1.41,0.04,1.41,40.73434,-111.87211,39.8,14.1,875.9,81.65,0.9
1740.0,1308.5,0.97,0.06,0.97,40.73434,-111.87211,39.8,14.0,875.9,89.24,0.9
1800.0,1308.4,1.13,0.05,1.13,40.73434,-111.87211,40.0,13.6,875.9,91.83,1.0
1860.0,1308.4,0.55,0.05,0.55,40.73434,-111.87211,40.0,13.7,875.9,66.61,0.7
1920.0,1308.3,0.62,0.06,0.62,40.73434,-111.87211,40.2,13.7,875.9,94.97,0.9
1980.0,1308.0,0.78,0.05,0.78,40.73434,-111.87211,40.2,13.4,875.9,73.86,0.6
2040.0,1307.7,0.90,0.06,0.90,40.73434,-111.87211,40.3,13.5,875.9,80.25,0.9
2100.0,1307.7,1.01,0.06,1.01,40.73434,-111.87211,40.1,14.1,875.9,83.33,1.1
2160.0,1308.2,1.56,0.06,1.56,40.73434,-111.87211,40.1,13.8,875.9,104.31,1.3
2220.0,1308.1,1.89,0.06,1.89,40.73434,-111.87211,40.0,13.9,875.9,81.82,0.9
2280.0,1308.0,1.21,0.05,1.21,40.73434,-111.87211,39.9,13.9,875.8,85.28,0.9
2340.0,1308.1,1.32,0.05,1.32,40.73434,-111.87211,40.0,13.4,875.8,71.86,0.5
2400.0,1308.2,1.10,0.06,1.10,40.73434,-111.87211,40.0,13.8,875.8,78.07,0.8
2460.0,1308.1,1.45,0.05,1.45,40.73434,-111.87211,40.1,13.1,875.8,138.06,0.3
2520.0,1307.9,1.72,0.05,1.72,40.73434,-111.87211,40.3,12.8,875.8,101.46,1.1
2580.0,1308.2,1.79,0.06,1.79,40.73434,-111.87211,40.4,12.8,875.8,101.74,1.1
2640.0,1308.4,1.92,0.05,1.92,40.73433,-111.87211,40.4,12.7,875.8,98.39,1.1
2700.0,1308.4,1.69,0.05,1.69,40.73434,-111.87211,40.4,13.4,875.8,84.07,1.0
2760.0,1308.8,1.93,0.05,1.93,40.73433,-111.87211,40.5,13.4,875.8,92.91,0.9
2820.0,1309.1,2.13,0.04,2.13,40.73433,-111.87211,40.4,13.3,875.8,91.88,0.9
2880.0,1308.6,1.55,0.05,1.55,40.73433,-111.87211,40.5,13.5,875.8,91.48,1.2
2940.0,1308.6,1.71,0.05,1.71,40.73433,-111.87211,40.4,14.0,875.8,87.66,1.1
3000.0,1308.6,2.05,0.05,2.05,40.73433,-111.87211,40.2,14.3,875.8,93.90,1.2
3060.0,1308.6,2.56,0.05,2.56,40.73433,-111.87211,40.0,14.6,875.8,94.20,1.1
3120.0,1308.7,2.14,0.04,2.14,40.73433,-111.87211,40.0,13.5,875.8,97.63,0.8
3180.0,1308.7,1.86,0.05,1.86,40.73433,-111.87211,40.0,13.1,875.8,97.66,1.2
3240.0,1308.7,1.72,0.05,1.72,40.73433,-111.87211,40.1,13.0,875.8,97.50,1.1
3300.0,1308.8,2.16,0.05,2.16,40.73433,-111.87211,40.1,13.3,875.7,98.78,1.3
3360.0,1309.0,1.44,0.05,1.44,40.73433,-111.87211,40.1,13.2,875.7,95.75,1.0
3420.0,1309.0,1.34,0.05,1.34,40.73433,-111.87211,40.2,12.9,875.7,97.52,1.1
3480.0,1308.8,1.38,0.06,1.38,40.73433,-111.87211,40.4,12.6,875.3,99.87,1.3
3540.0,1308.9,2.16,0.06,2.16,40.73433,-111.87211,40.5,12.8,875.2,101.57,0.7
3600.0,1308.9,2.50,0.05,2.50,40.73433,-111.87211,40.5,13.1,875.2,94.89,1.1
3660.0,1308.9,1.76,0.05,1.76,40.73433,-111.87211,40.5,13.5,875.2,87.80,0.9
3720.0,1308.8,1.56,0.05,1.56,40.73433,-111.87211,40.2,14.0,875.2,86.54,1.1
3780.0,1308.7,2.00,0.05,2.00,40.73433,-111.87211,40.0,14.0,875.2,89.31,1.0
3840.0,1308.9,2.37,0.05,2.37,40.73433,-111.87211,39.8,14.1,875.2,94.23,1.1
3900.0,1309.0,2.24,0.06,2.24,40.73433,-111.87211,39.6,13.8,875.2,81.25,0.9
3960.0,1309.3,2.54,0.06,2.54,40.73433,-111.87210,39.4,14.1,875.2,78.67,0.8
4020.0,1309.3,2.66,0.06,2.66,40.73433,-111.87210,39.5,13.3,875.2,96.54,1.0
4080.0,1309.2,2.78,0.05,2.78,40.73433,-111.87210,39.3,13.5,875.2,86.57,1.0
4140.0,1309.1,2.41,0.05,2.41,40.73433,-111.87210,39.2,13.3,875.2,94.89,1.1
4200.0,1309.4,2.39,0.05,2.39,40.73433,-111.87210,39.2,13.8,875.2,100.65,1.2
4260.0,1309.4,2.60,0.05,2.60,40.73433,-111.87210,39.1,13.7,875.2,97.48,1.1
4320.0,1309.3,2.66,0.05,2.66,40.73433,-111.87210,38.9,13.6,875.2,108.55,1.5
4380.0,1309.3,2.39,0.05,2.39,40.73434,-111.87210,38.8,13.6,875.2,103.28,1.4
4440.0,1309.1,2.44,0.06,2.44,40.73434,-111.87210,38.9,13.5,875.2,116.93,1.4
4500.0,1308.7,2.54,0.06,2.54,40.73434,-111.87210,39.0,13.3,875.2,109.16,1.2
4560.0,1308.7,2.34,0.06,2.34,40.73434,-111.87210,39.1,12.8,875.3,123.34,1.1
4620.0,1308.5,2.29,0.06,2.29,40.73434,-111.87210,39.3,12.8,875.6,120.50,1.2
4680.0,1308.3,1.72,0.06,1.72,40.73434,-111.87210,39.4,12.9,875.6,130.48,2.2
4740.0,1308.0,1.66,0.06,1.66,40.73434,-111.87210,39.5,12.8,875.6,106.17,1.3
4800.0,1307.8,1.69,0.06,1.69,40.73434,-111.87210,39.6,12.9,875.6,105.71,1.1
4860.0,1307.7,1.52,0.06,1.52,40.73434,-111.87210,39.7,13.3,875.6,99.78,1.0
4920.0,1307.7,1.41,0.06,1.41,40.73434,-111.87211,39.8,13.4,875.6,99.73,1.0
4980.0,1307.7,1.97,0.05,1.97,40.73434,-111.87211,39.9,13.4,875.6,96.92,1.1
5040.0,1307.7,2.08,0.05,2.08,40.73433,-111.87211,39.8,14.0,875.6,102.83,1.3
5100.0,1307.7,2.10,0.05,2.10,40.73434,-111.87210,39.9,14.1,875.6,89.10,1.0
5160.0,1307.8,2.12,0.05,2.12,40.73434,-111.87210,39.9,14.1,875.6,95.19,1.1
5220.0,1307.9,1.50,0.05,1.50,40.73434,-111.87210,39.9,14.2,875.6,95.15,1.0
5280.0,1308.0,1.35,0.05,1.35,40.73434,-111.87210,39.8,13.8,875.6,82.62,0.8
5340.0,1308.0,1.81,0.05,1.81,40.73434,-111.87210,39.7,13.8,875.6,81.48,0.8
5400.0,1307.9,1.74,0.05,1.74,40.73434,-111.87210,39.6,14.0,875.6,89.61,1.0
5460.0,1307.9,1.70,0.05,1.70,40.73434,-111.87210,39.3,14.3,875.6,94.78,1.0
5520.0,1307.9,1.52,0.06,1.52,40.73434,-111.87211,39.2,14.5,875.6,111.44,1.5
5580.0,1307.8,1.62,0.06,1.62,40.73434,-111.87211,39.0,14.4,875.6,110.99,1.3
5640.0,1308.0,1.61,0.06,1.61,40.73434,-111.87211,38.9,13.0,875.5,108.68,1.1
5700.0,1308.0,1.27,0.06,1.27,40.73434,-111.87211,38.9,13.3,875.5,109.85,1.3
5760.0,1307.9,1.03,0.05,1.03,40.73434,-111.87211,38.7,13.5,875.4,108.26,1.3
5820.0,1307.7,1.23,0.06,1.23,40.73433,-111.87211,38.6,13.8,875.0,106.72,1.2
5880.0,1307.5,1.02,0.05,1.02,40.73433,-111.87211,38.3,14.3,875.4,97.27,1.0
5940.0,1307.4,0.48,0.05,0.48,40.73433,-111.87211,38.2,13.2,874.8,109.36,1.5
6000.0,1307.5,0.62,0.06,0.62,40.73433,-111.87211,38.0,13.6,874.6,110.23,1.4
6060.0,1307.7,0.75,0.04,0.75,40.73434,-111.87211,38.0,13.5,874.4,114.29,1.4
6120.0,1307.7,0.87,0.05,0.87,40.73434,-111.87211,37.9,13.9,874.5,116.22,1.5
6180.0,1307.8,0.40,0.05,0.40,40.73434,-111.87211,37.9,14.8,874.7,116.05,1.4
6240.0,1307.9,0.66,0.05,0.66,40.73434,-111.87211,37.8,14.7,875.1,110.60,1.2
6300.0,1308.1,1.01,0.06,1.01,40.73434,-111.87211,37.7,14.6,875.1,102.94,1.2
6360.0,1308.1,0.91,0.05,0.91,40.73434,-111.87211,37.6,14.1,875.0,104.92,1.3
6420.0,1308.3,1.18,0.06,1.18,40.73434,-111.87211,37.5,14.5,875.0,104.10,1.2
6480.0,1308.3,1.02,0.05,1.02,40.73434,-111.87211,37.4,14.6,875.0,98.77,1.0
6540.0,1308.3,1.50,0.05,1.50,40.73434,-111.87211,37.2,15.0,875.0,93.60,0.9
6600.0,1308.3,1.51,0.06,1.51,40.73434,-111.87211,37.0,15.8,875.0,100.11,1.0
6660.0,1308.4,0.89,0.05,0.89,40.73434,-111.87211,36.9,15.6,875.0,92.55,1.0
6720.0,1308.5,0.79,0.05,0.79,40.73434,-111.87211,36.8,15.3,875.0,92.84,0.9
6780.0,1308.6,1.02,0.05,1.02,40.73434,-111.87211,36.6,15.6,875.0,97.16,1.0
6840.0,1308.4,0.87,0.05,0.87,40.73434,-111.87211,36.6,15.4,875.1,94.58,0.8
6900.0,1308.3,1.05,0.05,1.05,40.73434,-111.87211,36.5,15.5,875.2,94.74,0.9
6960.0,1308.4,0.56,0.06,0.56,40.73434,-111.87211,36.4,15.6,875.3,94.36,0.9
7020.0,1308.6,0.73,0.06,0.73,40.73434,-111.87211,36.4,15.8,875.2,100.86,1.1
7080.0,1308.7,0.98,0.04,0.98,40.73434,-111.87211,36.3,16.1,875.0,99.03,1.0
7140.0,1308.5,1.26,0.06,1.26,40.73434,-111.87211,36.2,16.2,875.2,101.22,1.0
7200.0,1308.4,1.55,0.06,1.55,40.73434,-111.87211,36.1,16.6,875.0,103.31,1.0
7260.0,1308.5,1.52,0.06,1.52,40.73434,-111.87211,36.1,16.4,875.1,110.29,1.3
7320.0,1308.5,1.98,0.05,1.98,40.73434,-111.87211,36.0,16.8,875.3,115.53,1.4
7380.0,1308.6,1.83,0.05,1.83,40.73434,-111.87211,36.0,16.6,875.4,109.07,1.4
7440.0,1308.6,1.54,0.05,1.54,40.73434,-111.87211,35.9,17.2,875.4,102.88,1.2
7500.0,1308.5,1.87,0.05,1.87,40.73434,-111.87211,35.8,17.1,875.4,111.79,1.3
7560.0,1308.4,2.18,0.06,2.18,40.73434,-111.87211,35.8,17.2,875.3,114.24,1.3
7620.0,1308.2,2.48,0.05,2.48,40.73434,-111.87211,35.8,17.5,875.2,108.19,1.1
7680.0,1308.2,2.83,0.07,2.83,40.73434,-111.87211,35.8,17.4,875.1,104.45,1.1
7740.0,1308.2,2.95,0.06,2.95,40.73434,-111.87211,35.7,17.1,875.3,106.58,1.1
7800.0,1308.2,2.90,0.05,2.90,40.73434,-111.87211,35.7,17.1,875.2,102.69,1.0
7860.0,1308.3,2.97,0.05,2.97,40.73434,-111.87211,35.6,17.3,874.9,105.54,1.1
7920.0,1308.6,2.55,0.06,2.55,40.73434,-111.87211,35.6,17.6,874.8,106.33,1.1
7980.0,1308.5,2.75,0.05,2.75,40.73434,-111.87211,35.4,18.0,874.8,110.10,1.2
8040.0,1308.2,2.81,0.05,2.81,40.73434,-111.87211,35.3,18.1,874.8,112.47,1.2
8100.0,1308.1,3.48,0.04,3.48,40.73434,-111.87211,35.3,18.3,874.8,103.68,1.0
8160.0,1308.0,3.40,0.06,3.40,40.73434,-111.87211,35.2,18.3,874.8,108.39,1.1
8220.0,1307.9,2.54,0.05,2.54,40.73434,-111.87211,35.1,18.5,874.8,103.61,0.9
8280.0,1307.8,2.40,0.06,2.40,40.73434,-111.87211,35.0,18.4,874.8,106.87,1.0
8340.0,1307.9,2.53,0.06,2.53,40.73434,-111.87211,34.9,18.6,874.9,101.37,0.9
8400.0,1308.0,2.30,0.04,2.30,40.73434,-111.87211,34.8,18.8,875.3,99.64,0.9
8460.0,1308.0,2.34,0.05,2.34,40.73434,-111.87211,34.6,19.3,875.4,106.54,1.0
8520.0,1308.1,2.73,0.05,2.73,40.73434,-111.87211,34.5,19.4,875.4,111.29,1.2
8580.0,1308.1,2.45,0.04,2.45,40.73434,-111.87211,34.4,19.6,875.4,108.13,1.1
8640.0,1308.2,2.62,0.05,2.62,40.73434,-111.87211,34.2,19.8,875.4,106.73,1.0
8700.0,1308.2,2.81,0.04,2.81,40.73434,-111.87211,34.1,19.7,875.4,109.37,1.0
8760.0,1308.2,2.67,0.05,2.67,40.73434,-111.87211,34.0,20.1,875.4,108.70,1.0
8820.0,1308.6,2.58,0.04,2.58,40.73434,-111.87211,33.9,20.2,875.4,108.86,1.0
8880.0,1308.5,2.66,0.05,2.66,40.73434,-111.87211,33.8,20.4,875.4,114.01,1.1
8940.0,1308.1,2.52,0.05,2.52,40.73434,-111.87211,33.6,20.5,875.4,112.02,1.2
9000.0,1308.3,2.14,0.05,2.14,40.73434,-111.87211,33.5,20.7,875.4,112.87,1.2
9060.0,1308.4,2.21,0.05,2.21,40.73434,-111.87211,33.4,20.6,875.4,114.94,1.3
9120.0,1308.6,2.03,0.05,2.03,40.73434,-111.87211,33.2,20.4,875.4,112.38,1.5
9180.0,1308.8,2.22,0.06,2.22,40.73434,-111.87210,33.1,20.3,875.4,111.73,1.1
9240.0,1308.6,1.85,0.05,1.85,40.73434,-111.87211,33.0,20.6,875.4,115.97,1.3
9300.0,1308.6,2.00,0.06,2.00,40.73434,-111.87211,32.9,20.5,875.4,113.50,1.3
9360.0,1308.4,1.95,0.05,1.95,40.73434,-111.87210,32.8,20.5,875.4,115.18,1.2
9420.0,1308.4,1.65,0.05,1.65,40.73434,-111.87210,32.7,20.6,875.4,113.12,1.2
9480.0,1308.4,1.86,0.05,1.86,40.73434,-111.87210,32.6,20.6,875.4,112.65,1.4
9540.0,1308.3,1.83,0.06,1.83,40.73434,-111.87210,32.5,20.6,875.4,112.92,1.2
9600.0,1308.3,1.61,0.06,1.61,40.73434,-111.87210,32.4,20.6,875.4,115.03,1.6
9660.0,1308.2,1.84,0.05,1.84,40.73434,-111.87211,32.3,20.7,875.5,113.20,1.1
9720.0,1308.2,1.07,0.05,1.07,40.73434,-111.87211,32.1,20.4,875.5,111.90,1.9
9780.0,1308.2,1.72,0.05,1.72,40.73434,-111.87211,32.1,20.7,875.5,117.34,1.5
9840.0,1308.3,1.44,0.05,1.44,40.73434,-111.87211,31.9,20.8,875.5,118.72,1.7
9900.0,1308.4,1.55,0.05,1.55,40.73434,-111.87211,31.8,20.8,875.5,114.44,1.7
9960.0,1308.3,1.87,0.05,1.87,40.73434,-111.87211,31.7,20.9,875.5,112.66,1.7
10020.0,1308.1,2.00,0.05,2.00,40.73434,-111.87211,31.6,21.1,875.5,119.59,1.6
10080.0,1308.0,2.18,0.05,2.18,40.73434,-111.87211,31.5,20.9,875.5,116.62,2.4
10140.0,1307.9,2.20,0.05,2.20,40.73434,-111.87211,31.4,21.1,875.5,118.28,1.9
10200.0,1307.7,2.37,0.05,2.37,40.73434,-111.87211,31.4,21.1,875.6,118.34,1.7
10260.0,1307.6,2.01,0.06,2.01,40.73434,-111.87211,31.3,21.2,875.6,115.37,1.4
10320.0,1307.6,2.22,0.05,2.22,40.73434,-111.87211,31.3,21.2,875.6,120.94,1.4
10380.0,1307.6,2.06,0.05,2.06,40.73434,-111.87211,31.2,21.2,875.6,122.19,1.7
10440.0,1307.5,2.37,0.05,2.37,40.73434,-111.87211,31.1,21.3,875.6,110.79,1.1
10500.0,1307.3,1.98,0.05,1.98,40.73434,-111.87211,31.0,21.1,875.6,111.65,1.6
10560.0,1307.3,2.28,0.05,2.28,40.73434,-111.87211,31.0,21.3,875.6,120.95,1.2
10620.0,1307.2,2.43,0.05,2.43,40.73434,-111.87211,31.0,21.3,875.6,115.68,1.0
10680.0,1307.1,2.21,0.05,2.21,40.73434,-111.87211,30.9,21.3,875.6,115.08,0.9
10740.0,1307.3,1.97,0.05,1.97,40.73434,-111.87211,30.8,21.4,875.6,116.77,1.3
10800.0,1307.4,1.65,0.05,1.65,40.73434,-111.87211,30.7,21.0,875.6,101.24,1.3
10860.0,1307.4,1.54,0.05,1.54,40.73434,-111.87211,30.7,21.2,875.6,117.56,1.4
10920.0,1307.5,1.77,0.05,1.77,40.73434,-111.87211,30.6,21.2,875.7,114.97,1.6
10980.0,1307.4,1.66,0.04,1.66,40.73434,-111.87211,30.6,21.3,875.7,116.10,1.7
11040.0,1307.3,1.19,0.04,1.19,40.73434,-111.87211,30.6,21.3,875.7,119.71,1.5
11100.0,1307.6,1.32,0.04,1.32,40.73434,-111.87211,30.5,21.3,875.7,118.88,1.5
11160.0,1307.9,1.90,0.05,1.90,40.73434,-111.87211,30.5,21.5,875.7,117.37,1.0
11220.0,1308.0,2.00,0.05,2.00,40.73434,-111.87211,30.5,21.3,875.8,114.62,1.1
11280.0,1307.6,2.04,0.05,2.04,40.73434,-111.87211,30.4,21.2,875.8,116.51,1.8
11340.0,1307.8,1.66,0.05,1.66,40.73434,-111.87211,30.4,21.5,875.8,123.79,1.2
11400.0,1308.0,1.87,0.05,1.87,40.73434,-111.87211,30.3,21.3,875.8,111.82,1.2
11460.0,1308.0,1.63,0.05,1.63,40.73434,-111.87211,30.3,21.3,875.9,111.75,1.1
11520.0,1308.1,1.62,0.05,1.62,40.73434,-111.87211,30.2,21.0,875.9,121.89,2.0
11580.0,1308.3,1.26,0.05,1.26,40.73434,-111.87211,30.2,21.3,875.9,123.35,1.2
11640.0,1308.7,1.42,0.05,1.42,40.73434,-111.87210,30.2,21.3,875.9,116.39,1.9
11700.0,1308.5,1.76,0.04,1.76,40.73434,-111.87211,30.1,21.2,875.9,115.59,1.5
11760.0,1308.9,1.95,0.04,1.95,40.73434,-111.87210,30.1,21.2,875.9,118.09,1.6
11820.0,1309.0,1.86,0.05,1.86,40.73434,-111.87210,30.1,21.3,875.9,117.29,1.2
11880.0,1309.1,2.51,0.04,2.51,40.73434,-111.87210,30.1,21.3,875.9,120.14,1.7
11940.0,1308.8,2.71,0.04,2.71,40.73434,-111.87210,30.1,21.4,875.9,128.79,1.6
12000.0,1308.2,2.56,0.05,2.56,40.73434,-111.87211,30.0,21.5,875.9,119.03,1.7
12060.0,1308.1,2.18,0.05,2.18,40.73434,-111.87211,29.9,21.3,875.9,118.44,2.3
12120.0,1308.1,1.78,0.05,1.78,40.73434,-111.87211,29.9,21.4,875.9,115.68,2.1
12180.0,1308.0,1.87,0.05,1.87,40.73434,-111.87211,29.9,21.4,875.9,115.48,2.2
12240.0,1308.1,2.00,0.05,2.00,40.73434,-111.87211,29.8,21.8,875.9,116.49,1.5
12300.0,1308.4,2.70,0.05,2.70,40.73434,-111.87211,29.8,21.6,876.0,119.41,2.2
12360.0,1308.5,2.74,0.06,2.74,40.73434,-111.87210,29.8,22.0,876.0,124.87,1.8
12420.0,1308.7,2.15,0.05,2.15,40.73434,-111.87210,29.7,22.0,876.0,123.44,1.5
12480.0,1308.7,2.06,0.05,2.06,40.73434,-111.87210,29.7,21.8,876.0,122.75,1.9
12540.0,1308.9,1.85,0.05,1.85,40.73434,-111.87210,29.6,21.7,876.0,117.01,2.5
12600.0,1308.5,2.03,0.05,2.03,40.73434,-111.87210,29.6,21.7,876.0,122.03,2.1
