CampaignData_and_Merges/R0/CSL_MobileLab_Parked/raw/20240807/USOS-NOAAIodideCIMS-HNO3_MobileLabGround_20240807_RA.ict
33, 1001
Michael A Robinson, Chris Jernigan, Subi Thakali
NOAA ESRL Chemical Sciences Laboratory and CIRES, U. of Colorado
NOAA Iodide CIMS Instrument
USOS
1, 1
2024, 08, 07, 2024, 08, 08
1
starttime_UTC, seconds_past_midnight, seconds_of_day_since_00:00:00_UTC
1
1
-9999
HNO3_NOAACIMS, pptv, Gas_HNO3_InSitu_S_AVMR, 
0
18
PI_CONTACT_INFO: 325 Broadway, R/CSD 7, Boulder, Colorado 80305; michael.a.robinson@noaa.gov; chris.jernigan@noaa.gov;
PLATFORM: NOAA CSL Mobile Lab
LOCATION: SLC, Utah
ASSOCIATED_DATA: 1Hz data also available on request.
INSTRUMENT_INFO: NOAA I- ToF CIMS
DATA_INFO: All data in parts per trillion by volume (pptv). 1 Hz data is available upon request.
UNCERTAINTY: TBD
ULOD_FLAG: -7777
ULOD_VALUE: N/A
LLOD_FLAG: -8888
LLOD_VALUE: N/A
DM_CONTACT_INFO: Nathan Howard; nathan.h.howard@noaa.gov
PROJECT_INFO: USOS, summer 2024. https://csl.noaa.gov/groups/csl7/measurements/2024usos/
STIPULATIONS_ON_USE: Users are strongly encouraged to contact the PI for proper data usage.
OTHER_COMMENTS: 
REVISION: RA
RA: Preliminary Data; For in-field use only
starttime_UTC, HNO3_NOAACIMS
[from data line 999]
 59940, 806.658
 60000, 832.632
 60060, 793.902
 60120, 815.161
 60180, 831.682
 60240, 828.506
 60300, 838.002
 60360, -9999.000
 60420, 664.452
 60480, 686.105
 60540, 717.558
 60600, 755.100
 60660, 778.926
 60720, 792.721
 60780, 803.384
 60840, 813.940
 60900, 833.002
 60960, 831.955
 61020, 803.651
 61080, 801.392
 61140, 840.089
 61200, 874.675
 61260, 895.996
 61320, 883.254
 61380, 898.610
 61440, 930.970
 61500, 967.120
 61560, 991.929
 61620, 1004.357
 61680, 1048.118
 61740, 1102.019
 61800, 1134.068
 61860, 1176.650
 61920, 1221.983
 61980, 1220.230
 62040, 1253.223
 62100, 1267.316
 62160, 1277.545
 62220, -9999.000
 62280, 1091.876
 62340, 1151.960
 62400, 1151.827
 62460, 1184.970
 62520, 1222.204
 62580, 1277.242
 62640, 1246.222
 62700, 1124.341
 62760, 1153.748
 62820, 1250.876
 62880, 1350.033
 62940, 1420.315
 63000, 1446.029
 63060, 1444.871
 63120, 1424.120
 63180, 1497.951
 63240, 1565.709
 63300, 1588.866
 63360, 1552.214
 63420, 1661.525
 63480, 1650.029
 63540, 1703.054
 63600, 1707.432
 63660, 1683.325
 63720, 1650.555
 63780, 1661.438
 63840, 1664.214
 63900, 1587.947
 63960, 1651.814
 64020, 1660.799
 64080, -9999.000
 64140, 1369.832
 64200, 1507.815
 64260, 1590.544
 64320, 1709.412
 64380, 1794.868
 64440, 1868.197
 64500, 1869.873
 64560, 1876.356
 64620, 2016.095
 64680, 2072.502
 64740, 2013.943
 64800, 1988.443
 64860, 1949.747
 64920, 1886.435
 64980, 1903.162
 65040, 1907.971
 65100, 1816.738
 65160, 1864.041
 65220, 1868.308
 65280, 1810.887
 65340, 1758.934
 65400, 1760.594
 65460, 1696.463
 65520, 1577.608
 65580, 1553.091
 65640, 1523.516
 65700, 1547.621
 65760, 1561.323
 65820, 1582.310
 65880, 1666.756
 65940, 1497.704
 66000, 1526.007
 66060, 1623.203
 66120, 1729.414
 66180, 1754.694
 66240, 1797.786
 66300, 1810.074
 66360, 1765.550
 66420, 1691.570
 66480, 1743.897
 66540, 1769.934
 66600, 1727.789
 66660, 1637.488
 66720, 1579.620
 66780, 1652.814
 66840, 1635.111
 66900, 1617.630
 66960, 1672.587
 67020, 1679.285
 67080, 1719.288
 67140, 1722.373
 67200, 1670.252
 67260, 1722.601
 67320, 1763.483
 67380, 1756.189
 67440, 1804.369
 67500, 1769.531
 67560, 1779.169
 67620, 1796.919
 67680, 1815.651
 67740, -9999.000
 67800, 1405.986
 67860, 1471.944
 67920, 1548.304
 67980, 1615.222
 68040, 1736.186
 68100, 1715.086
 68160, 1728.627
 68220, 1722.555
 68280, 1726.804
 68340, 1778.152
 68400, 1869.873
 68460, 1832.059
 68520, 1854.019
 68580, 1850.218
 68640, 1680.384
 68700, 1641.426
 68760, 1599.897
 68820, 1505.698
 68880, 1559.851
 68940, 1511.691
 69000, 1465.838
 69060, 1493.561
 69120, 1510.138
 69180, 1500.800
 69240, 1484.366
 69300, 1498.543
 69360, 1494.777
 69420, 1432.116
 69480, 1459.314
 69540, 1488.707
 69600, -9999.000
 69660, 1306.642
 69720, 1361.170
 69780, 1395.341
 69840, 1420.247
 69900, 1447.672
 69960, 1335.938
 70020, 1300.871
 70080, 1350.284
 70140, 1353.004
 70200, 1420.926
 70260, 1327.686
 70320, 1272.901
 70380, 1152.281
 70440, 1117.515
 70500, 1191.045
 70560, 1321.186
 70620, 1382.503
 70680, 1316.671
 70740, 1241.382
 70800, 1321.548
 70860, 1426.442
 70920, 1466.666
 70980, 1239.057
 71040, 1337.986
 71100, 1418.558
 71160, 1395.809
 71220, 1371.833
 71280, 1120.576
 71340, 1030.463
 71400, 1395.814
 71460, -9999.000
 71520, 1203.227
 71580, 1324.077
 71640, 1483.534
 71700, 1579.105
 71760, 1542.457
 71820, 1582.537
 71880, 1559.156
 71940, 1548.343
 72000, 1422.147
 72060, 1545.752
 72120, 1463.780
 72180, 1564.787
 72240, 1481.310
 72300, 1561.061
 72360, 1521.949
 72420, 1460.467
 72480, 1116.084
 72540, 1415.637
 72600, 1355.973
 72660, 1681.773
 72720, 1664.369
 72780, 1624.323
 72840, 1703.003
 72900, 1896.287
 72960, 1416.148
 73020, 1450.289
 73080, 1329.069
 73140, 1305.550
 73200, 1542.708
 73260, 1364.878
 73320, 1149.355
 73380, 1317.812
 73440, 1354.908
 73500, 1296.307
 73560, 1268.050
 73620, 1360.468
 73680, 1346.723
 73740, 1236.809
 73800, 1138.920
 73860, 977.545
 73920, 881.957
 73980, 808.676
 74040, 776.877
 74100, 835.199
 74160, 822.518
 74220, 883.785
 74280, 923.704
 74340, 809.560
 74400, 1012.760
 74460, 1050.948
 74520, 1045.174
 74580, 1045.447
 74640, 1013.250
 74700, 1047.051
 74760, 1086.771
 74820, 1070.391
 74880, 1030.653
 74940, 1059.358
 75000, 1064.218
 75060, 1039.772
 75120, 993.305
 75180, 789.002
 75240, 871.320
 75300, 913.285
 75360, 958.679
 75420, 965.529
 75480, 898.916
 75540, 894.979
 75600, 931.507
 75660, 900.079
 75720, 895.181
 75780, 914.052
 75840, 923.969
 75900, 880.935
 75960, 858.019
 76020, 802.992
 76080, 561.575
 76140, 668.210
 76200, 661.951
 76260, 630.963
 76320, 570.039
 76380, 574.340
 76440, 641.079
 76500, 586.046
 76560, 456.783
 76620, 466.215
 76680, 538.539
 76740, 519.994
 76800, 508.664
 76860, 465.594
 76920, 547.893
 76980, 258.993
 77040, 484.241
 77100, 523.923
 77160, 512.165
 77220, 417.956
 77280, 455.802
 77340, 461.361
 77400, 492.091
 77460, 464.163
 77520, 408.104
 77580, 376.337
 77640, 372.541
 77700, 338.604
 77760, 285.095
 77820, 246.074
 77880, 245.382
 77940, 275.086
 78000, 249.970
 78060, 1060.032
 78120, 971.924
 78180, 854.952
 78240, 744.273
 78300, 661.747
 78360, 468.695
 78420, 288.584
 78480, 322.503
 78540, 389.047
 78600, 426.636
 78660, 448.185
 78720, 429.053
 78780, 422.710
 78840, -9999.000
 78900, 403.766
 78960, 405.581
 79020, 414.407
 79080, 402.706
 79140, 391.126
 79200, 393.981
 79260, 399.632
 79320, 396.670
 79380, 370.356
 79440, 384.645
 79500, 382.194
 79560, 396.831
 79620, 405.743
 79680, 397.742
 79740, 411.897
 79800, 406.471
 79860, 405.954
 79920, 379.244
 79980, 411.838
 80040, 416.761
 80100, 441.291
 80160, 453.834
 80220, 454.559
 80280, 422.541
 80340, 433.101
 80400, 435.648
 80460, 438.410
 80520, 439.746
 80580, 431.022
 80640, 448.202
 80700, 430.787
 80760, 415.897
 80820, 446.588
 80880, 468.862
 80940, 473.209
 81000, 477.512
 81060, 465.062
 81120, 462.404
 81180, 474.068
 81240, 468.058
 81300, 458.211
 81360, 456.898
 81420, 450.078
 81480, 451.480
 81540, 445.793
 81600, 442.296
 81660, 428.553
 81720, 438.899
 81780, 425.298
 81840, 438.209
 81900, 451.877
 81960, 451.079
 82020, 436.466
 82080, 421.856
 82140, 407.798
 82200, 429.655
 82260, 436.851
 82320, 436.234
 82380, 430.282
 82440, 428.388
 82500, 436.967
 82560, -9999.000
 82620, 398.376
 82680, 411.103
 82740, 414.926
 82800, 410.346
 82860, 397.301
 82920, 400.016
 82980, 419.099
 83040, 416.281
 83100, 435.712
 83160, 458.021
 83220, 453.672
 83280, 459.039
 83340, 443.023
 83400, 441.327
 83460, 459.443
 83520, 464.969
 83580, 475.304
 83640, 483.580
 83700, 481.179
 83760, 485.131
 83820, 491.092
 83880, 495.836
 83940, 510.625
 84000, 516.243
 84060, 505.996
 84120, 499.174
 84180, 498.464
 84240, 522.822
 84300, 526.469
 84360, 532.911
 84420, 488.956
 84480, 502.927
 84540, 503.568
 84600, 508.146
 84660, 510.803
 84720, 505.351
 84780, 506.492
 84840, 506.675
 84900, 502.116
 84960, 511.293
 85020, 543.805
 85080, 527.635
 85140, 531.613
 85200, 540.102
 85260, 530.275
 85320, 519.597
 85380, 515.908
 85440, 520.490
 85500, 523.529
 85560, 528.398
 85620, 537.545
 85680, 520.003
 85740, 525.829
 85800, 528.197
 85860, 511.756
 85920, 508.459
 85980, 500.528
 86040, 483.877
 86100, 479.120
 86160, 472.203
 86220, -9999.000
 86280, 436.460
 86340, 436.729
