CampaignData_and_Merges/R0/CSL_MobileLab_Parked/raw/20240807/USOS-NOAAIodideCIMS-OrgNitrs_MobileLabGround_20240807_RA.ict
37, 1001
Michael A Robinson, Chris Jernigan, Subi Thakali
NOAA ESRL Chemical Sciences Laboratory and CIRES, U. of Colorado
NOAA Iodide CIMS Instrument
USOS
1, 1
2024, 08, 07, 2024, 08, 08
1
starttime_UTC, seconds_past_midnight, seconds_of_day_since_00:00:00_UTC
5
1, 1, 1, 1, 1
-9999, -9999, -9999, -9999, -9999
C4H7NO5_NOAACIMS, pptv, Gas_C4H7NO5_InSitu_S_AVMR, 
ISOPN_NOAACIMS, pptv, Gas_ISOPN_InSitu_S_AVMR, 
C5H10O3_NOAACIMS, pptv, Gas_C5H10O3_InSitu_S_AVMR, 
C5H9NO5_NOAACIMS, pptv, Gas_C5H9NO5_InSitu_S_AVMR, 
C10H17NO4_NOAACIMS, pptv, Gas_C10H17NO4_InSitu_S_AVMR, 
0
18
PI_CONTACT_INFO: 325 Broadway, R/CSD 7, Boulder, Colorado 80305; michael.a.robinson@noaa.gov; chris.jernigan@noaa.gov;
PLATFORM: NOAA CSL Mobile Lab
LOCATION: SLC, Utah
ASSOCIATED_DATA: 1Hz data also available on request.
INSTRUMENT_INFO: NOAA I- ToF CIMS
DATA_INFO: All data in parts per trillion by volume (pptv). 1 Hz data is available upon request.
UNCERTAINTY: TBD
ULOD_FLAG: -7777
ULOD_VALUE: N/A
LLOD_FLAG: -8888
LLOD_VALUE: N/A
DM_CONTACT_INFO: Nathan Howard; nathan.h.howard@noaa.gov
PROJECT_INFO: USOS, summer 2024. https://csl.noaa.gov/groups/csl7/measurements/2024usos/
STIPULATIONS_ON_USE: Users are strongly encouraged to contact the PI for proper data usage.
OTHER_COMMENTS: 
REVISION: RA
RA: Preliminary Data; For in-field use only
starttime_UTC, C4H7NO5_NOAACIMS, ISOPN_NOAACIMS, C5H10O3_NOAACIMS, C5H9NO5_NOAACIMS, C10H17NO4_NOAACIMS
     0,  5.111,  6.781, 34.445,  3.230,  0.063
    60,  5.044,  6.450, 33.554,  3.024,  0.114
   120,  4.519,  6.018, 33.244,  3.119,  0.019
   180,  4.406,  6.083, 33.487,  2.749,  0.093
   240,  4.443,  5.632, 33.310,  2.832,  0.177
   300,  4.490,  5.801, 32.330,  2.928,  0.130
   360,  4.512,  5.699, 31.751,  2.896,  0.137
   420,  4.340,  5.736, 32.123,  2.881,  0.008
   480,  4.038,  5.944, 30.511,  2.918,  0.062
   540,  3.852,  5.911, 29.693,  2.803,  0.180
   600,  4.001,  5.781, 29.507,  2.796,  0.107
   660,  3.952,  6.190, 29.891,  2.647,  0.116
   720,  3.755,  5.824, 29.519,  2.641,  0.104
   780,  3.605,  6.096, 30.108,  2.800,  0.115
   840,  3.743,  5.467, 28.956,  2.725,  0.010
   900,  3.732,  5.204, 29.997,  2.566,  0.011
   960,  3.954,  5.216, 30.785,  2.738, -0.049
  1020,  4.339,  6.294, 33.459,  2.909,  0.115
  1080,  4.461,  6.158, 34.315,  2.866,  0.205
  1140,  4.480,  5.901, 36.346,  2.874,  0.059
  1200,  4.493,  5.852, 34.536,  2.903,  0.174
  1260, -9999.000, -9999.000, -9999.000, -9999.000, -9999.000
  1320,  5.271,  5.775, 33.890,  3.203,  0.073
  1380,  5.274,  6.048, 40.059,  3.259,  0.133
  1440,  5.350,  5.827, 39.819,  3.130,  0.007
  1500,  5.002,  5.765, 39.212,  3.138,  0.113
  1560,  4.834,  5.645, 36.134,  3.005,  0.076
  1620,  4.958,  5.585, 36.849,  3.123,  0.004
  1680,  5.037,  6.086, 39.727,  3.166,  0.057
  1740,  5.144,  6.346, 41.944,  3.154,  0.119
  1800,  5.110,  6.881, 42.596,  3.135,  0.188
  1860,  5.107,  6.650, 43.443,  3.123,  0.150
  1920,  4.873,  6.535, 42.743,  3.069,  0.055
  1980,  4.474,  5.589, 40.162,  2.844, -0.088
  2040,  4.540,  5.804, 38.184,  2.822,  0.088
  2100,  4.404,  5.641, 38.903,  3.038,  0.094
  2160,  4.508,  5.341, 38.193,  2.729,  0.078
  2220,  4.282,  5.924, 38.664,  2.981,  0.081
  2280,  3.975,  4.757, 36.052,  2.280,  0.009
  2340,  3.913,  6.490, 35.562,  2.774,  0.312
  2400, -9999.000, -9999.000, -9999.000, -9999.000, -9999.000
  2460, -9999.000, -9999.000, -9999.000, -9999.000, -9999.000
  2520, -9999.000, -9999.000, -9999.000, -9999.000, -9999.000
  2580, -9999.000, -9999.000, -9999.000, -9999.000, -9999.000
  2640, -9999.000, -9999.000, -9999.000, -9999.000, -9999.000
  2700, -9999.000, -9999.000, -9999.000, -9999.000, -9999.000
  2760, -9999.000, -9999.000, -9999.000, -9999.000, -9999.000
  2820, -9999.000, -9999.000, -9999.000, -9999.000, -9999.000
  2880, -9999.000, -9999.000, -9999.000, -9999.000, -9999.000
  2940, -9999.000, -9999.000, -9999.000, -9999.000, -9999.000
  3000, -9999.000, -9999.000, -9999.000, -9999.000, -9999.000
  3060, -9999.000, -9999.000, -9999.000, -9999.000, -9999.000
  3120, -9999.000, -9999.000, -9999.000, -9999.000, -9999.000
  3180, -9999.000, -9999.000, -9999.000, -9999.000, -9999.000
  3240, -9999.000, -9999.000, -9999.000, -9999.000, -9999.000
  3300, -9999.000, -9999.000, -9999.000, -9999.000, -9999.000
  3360, -9999.000, -9999.000, -9999.000, -9999.000, -9999.000
  3420, -9999.000, -9999.000, -9999.000, -9999.000, -9999.000
  3480, -9999.000, -9999.000, -9999.000, -9999.000, -9999.000
  3540, -9999.000, -9999.000, -9999.000, -9999.000, -9999.000
  3600, -9999.000, -9999.000, -9999.000, -9999.000, -9999.000
  3660, -9999.000, -9999.000, -9999.000, -9999.000, -9999.000
  3720, -9999.000, -9999.000, -9999.000, -9999.000, -9999.000
  3780, -9999.000, -9999.000, -9999.000, -9999.000, -9999.000
  3840, -9999.000, -9999.000, -9999.000, -9999.000, -9999.000
  3900, -9999.000, -9999.000, -9999.000, -9999.000, -9999.000
  3960, -9999.000, -9999.000, -9999.000, -9999.000, -9999.000
  4020, -9999.000, -9999.000, -9999.000, -9999.000, -9999.000
  4080, -9999.000, -9999.000, -9999.000, -9999.000, -9999.000
  4140, -9999.000, -9999.000, -9999.000, -9999.000, -9999.000
  4200, -9999.000, -9999.000, -9999.000, -9999.000, -9999.000
  4260, -9999.000, -9999.000, -9999.000, -9999.000, -9999.000
  4320, -9999.000, -9999.000, -9999.000, -9999.000, -9999.000
  4380, -9999.000, -9999.000, -9999.000, -9999.000, -9999.000
  4440, -9999.000, -9999.000, -9999.000, -9999.000, -9999.000
  4500, -9999.000, -9999.000, -9999.000, -9999.000, -9999.000
  4560, -9999.000, -9999.000, -9999.000, -9999.000, -9999.000
  4620, -9999.000, -9999.000, -9999.000, -9999.000, -9999.000
  4680, -9999.000, -9999.000, -9999.000, -9999.000, -9999.000
  4740, -9999.000, -9999.000, -9999.000, -9999.000, -9999.000
  4800, -9999.000, -9999.000, -9999.000, -9999.000, -9999.000
  4860, -9999.000, -9999.000, -9999.000, -9999.000, -9999.000
  4920, -9999.000, -9999.000, -9999.000, -9999.000, -9999.000
  4980, -9999.000, -9999.000, -9999.000, -9999.000, -9999.000
  5040, -9999.000, -9999.000, -9999.000, -9999.000, -9999.000
  5100, -9999.000, -9999.000, -9999.000, -9999.000, -9999.000
  5160, -9999.000, -9999.000, -9999.000, -9999.000, -9999.000
  5220, -9999.000, -9999.000, -9999.000, -9999.000, -9999.000
  5280, -9999.000, -9999.000, -9999.000, -9999.000, -9999.000
  5340, -9999.000, -9999.000, -9999.000, -9999.000, -9999.000
  5400, -9999.000, -9999.000, -9999.000, -9999.000, -9999.000
  5460, -9999.000, -9999.000, -9999.000, -9999.000, -9999.000
  5520, -9999.000, -9999.000, -9999.000, -9999.000, -9999.000
  5580, -9999.000, -9999.000, -9999.000, -9999.000, -9999.000
  5640, -9999.000, -9999.000, -9999.000, -9999.000, -9999.000
  5700, -9999.000, -9999.000, -9999.000, -9999.000, -9999.000
  5760, -9999.000, -9999.000, -9999.000, -9999.000, -9999.000
  5820, -9999.000, -9999.000, -9999.000, -9999.000, -9999.000
  5880, -9999.000, -9999.000, -9999.000, -9999.000, -9999.000
  5940,  1.964,  4.065, 16.286,  2.414,  0.202
  6000,  1.908,  4.010, 15.604,  2.363,  0.151
  6060,  1.952,  4.608, 17.012,  2.576,  0.222
  6120,  2.003,  4.767, 17.123,  2.526,  0.245
  6180,  1.989,  4.555, 17.220,  2.537,  0.262
  6240,  2.010,  4.833, 17.567,  2.568,  0.243
  6300,  2.017,  4.702, 18.159,  2.585,  0.284
  6360,  2.085,  5.047, 18.816,  2.692,  0.307
  6420,  2.074,  4.869, 19.631,  2.645,  0.263
  6480,  2.048,  5.145, 18.267,  2.730,  0.328
  6540,  2.118,  5.178, 19.884,  2.780,  0.392
  6600,  2.148,  5.029, 19.905,  2.734,  0.371
  6660,  2.038,  5.574, 20.497,  2.872,  0.423
  6720,  1.963,  5.398, 19.248,  2.880,  0.263
  6780, -9999.000, -9999.000, -9999.000, -9999.000, -9999.000
  6840,  2.033,  5.373, 17.901,  2.869,  0.270
  6900,  2.198,  6.539, 18.794,  2.975,  0.358
  6960,  2.159,  6.549, 19.316,  2.991,  0.348
  7020,  2.218,  6.853, 19.902,  2.758,  0.405
  7080,  2.289,  6.845, 20.261,  2.870,  0.420
  7140,  2.299,  6.811, 19.901,  2.940,  0.395
  7200,  2.331,  7.140, 21.129,  2.906,  0.395
  7260,  2.371,  7.454, 20.845,  2.960,  0.473
  7320,  2.366,  7.301, 21.103,  2.935,  0.308
  7380,  2.428,  7.728, 20.637,  2.895,  0.441
  7440,  2.375,  7.666, 20.754,  2.927,  0.419
  7500,  2.395,  7.155, 20.375,  3.000,  0.260
  7560,  2.334,  8.044, 21.447,  3.115,  0.454
  7620,  2.409,  8.451, 22.102,  3.212,  0.434
  7680,  2.476,  9.061, 24.534,  3.136,  0.427
  7740,  2.657, 10.400, 28.595,  3.351,  0.361
  7800,  2.643,  9.794, 32.470,  2.495,  0.248
  7860,  2.615, 10.282, 30.025,  3.224,  0.351
  7920,  2.702, 10.374, 29.761,  3.219,  0.427
  7980,  2.800, 10.726, 32.095,  3.228,  0.255
  8040,  2.796, 10.490, 30.733,  3.366,  0.453
  8100,  2.829, 10.835, 31.745,  3.489,  0.365
  8160,  2.817, 11.236, 32.748,  3.438,  0.481
  8220,  2.919, 11.716, 33.360,  3.660,  0.378
  8280,  2.925, 11.559, 35.150,  3.530,  0.418
  8340,  2.948, 11.618, 37.094,  3.649,  0.391
  8400,  2.920, 11.448, 35.913,  3.585,  0.461
  8460,  2.922, 11.590, 36.194,  3.503,  0.452
  8520,  2.893, 11.570, 38.469,  3.505,  0.362
  8580,  2.968, 11.801, 40.235,  3.665,  0.431
  8640, -9999.000, -9999.000, -9999.000, -9999.000, -9999.000
  8700,  2.871, 11.148, 35.815,  3.615,  0.342
  8760,  2.970, 12.389, 39.572,  3.719,  0.377
  8820,  3.001, 12.535, 38.965,  3.833,  0.470
  8880,  2.988, 12.401, 41.625,  3.965,  0.447
  8940,  2.920, 12.381, 42.581,  3.930,  0.538
  9000,  2.927, 12.641, 44.125,  4.081,  0.457
  9060,  2.864, 12.171, 44.929,  3.957,  0.415
  9120,  2.810, 11.865, 44.480,  3.855,  0.426
  9180,  2.844, 11.772, 44.787,  3.880,  0.432
  9240,  2.767, 12.068, 44.446,  3.992,  0.404
  9300,  2.774, 11.626, 45.363,  3.719,  0.421
  9360,  2.723, 11.407, 44.937,  3.742,  0.459
  9420,  2.781, 11.954, 45.895,  3.947,  0.465
  9480,  2.799, 12.253, 46.270,  3.962,  0.462
  9540,  2.788, 11.967, 47.341,  4.224,  0.428
  9600,  2.728, 12.165, 46.243,  4.227,  0.439
  9660,  2.741, 13.159, 47.526,  4.436,  0.520
  9720,  2.793, 13.328, 48.256,  4.596,  0.527
  9780,  2.740, 13.096, 48.765,  4.650,  0.521
  9840,  2.779, 13.138, 48.053,  4.624,  0.472
  9900,  2.748, 12.723, 49.014,  4.846,  0.479
  9960,  2.686, 13.093, 48.444,  4.903,  0.511
 10020,  2.805, 13.189, 49.548,  4.950,  0.493
 10080,  2.743, 13.317, 50.242,  4.771,  0.464
 10140,  2.747, 13.461, 49.745,  4.801,  0.464
 10200,  2.761, 12.923, 49.362,  4.768,  0.526
 10260,  2.748, 12.448, 49.368,  4.805,  0.503
 10320,  2.753, 12.217, 48.567,  4.771,  0.528
 10380,  2.682, 11.972, 49.513,  4.817,  0.483
 10440,  2.668, 11.983, 49.582,  4.956,  0.481
 10500,  2.596, 10.447, 45.199,  4.317,  0.430
 10560,  2.603, 11.114, 46.079,  4.893,  0.500
 10620,  2.620, 10.591, 46.667,  4.891,  0.518
 10680,  2.641, 10.475, 47.540,  4.886,  0.478
 10740,  2.637, 11.069, 47.507,  4.721,  0.471
 10800,  2.656, 11.523, 49.354,  4.663,  0.428
 10860,  2.664, 11.211, 49.272,  4.551,  0.470
 10920,  2.708, 11.309, 50.138,  4.580,  0.446
 10980,  2.694, 11.391, 50.572,  4.533,  0.450
 11040,  2.692, 11.519, 50.638,  4.548,  0.443
 11100,  2.694, 11.283, 50.521,  4.571,  0.382
 11160,  2.661, 11.724, 49.784,  4.364,  0.423
 11220,  2.621, 11.082, 48.844,  4.432,  0.452
 11280,  2.649, 10.273, 49.754,  4.518,  0.444
 11340,  2.627,  9.964, 48.060,  4.467,  0.372
 11400,  2.581, 10.238, 47.022,  4.388,  0.393
 11460,  2.627, 10.156, 48.260,  4.605,  0.396
 11520,  2.548, 10.354, 46.601,  4.452,  0.394
 11580,  2.606, 10.920, 46.318,  4.112,  0.413
 11640,  2.579, 10.384, 46.245,  4.299,  0.460
 11700,  2.531, 10.249, 46.630,  4.441,  0.366
 11760,  2.514,  9.983, 46.696,  4.304,  0.413
 11820,  2.506,  9.814, 45.188,  4.329,  0.393
 11880,  2.530,  9.732, 46.796,  4.324,  0.344
 11940,  2.538, 10.109, 46.837,  4.266,  0.381
 12000,  2.581,  9.611, 47.018,  4.196,  0.373
 12060,  2.549, 10.126, 46.416,  4.128,  0.408
 12120,  2.560,  9.583, 46.356,  4.141,  0.278
 12180,  2.614, 10.110, 47.215,  3.985,  0.328
 12240,  2.590, 10.109, 46.778,  4.166,  0.340
 12300,  2.579,  9.861, 46.000,  3.904,  0.493
 12360,  2.448,  9.964, 41.477,  3.430,  0.111
 12420,  2.384,  9.763, 41.946,  3.776,  0.362
 12480,  2.503, 10.084, 44.171,  4.011,  0.386
 12540,  2.500,  9.747, 45.439,  4.178,  0.322
 12600,  2.461,  8.971, 44.335,  4.098,  0.346
 12660,  2.487,  8.909, 44.408,  4.102,  0.379
 12720,  2.431,  8.895, 45.411,  4.235,  0.360
 12780,  2.437,  8.798, 44.042,  4.221,  0.335
 12840,  2.405,  8.596, 43.916,  4.213,  0.261
 12900,  2.450,  8.558, 43.657,  4.190,  0.411
 12960,  2.431,  8.823, 43.754,  3.982,  0.418
 13020,  2.474,  8.834, 42.234,  4.217,  0.439
 13080,  2.425,  8.679, 43.477,  4.019,  0.396
 13140,  2.386,  8.429, 41.885,  4.053,  0.430
 13200,  2.416,  8.737, 41.574,  4.146,  0.459
 13260,  2.397,  8.463, 42.179,  4.097,  0.391
 13320,  2.410,  8.297, 41.816,  4.218,  0.418
 13380,  2.375,  8.255, 42.182,  4.045,  0.348
 13440,  2.417,  8.385, 43.173,  4.100,  0.449
 13500,  2.423,  8.813, 41.844,  3.961,  0.417
 13560,  2.399,  8.515, 44.169,  4.217,  0.501
 13620,  2.414,  8.390, 43.378,  4.313,  0.446
 13680,  2.479,  8.252, 43.536,  4.290,  0.516
 13740,  2.426,  8.594, 43.270,  4.206,  0.484
 13800,  2.449,  8.492, 43.310,  4.299,  0.563
 13860,  2.486,  8.675, 44.565,  4.380,  0.487
 13920,  2.456,  9.029, 44.568,  4.428,  0.574
 13980,  2.447,  8.542, 44.346,  4.297,  0.611
 14040,  2.478,  8.581, 44.244,  4.382,  0.625
 14100,  2.576,  8.285, 45.770,  4.569,  0.647
 14160,  2.484,  8.219, 47.166,  4.864,  0.811
 14220,  2.531,  8.588, 42.635,  4.459,  0.534
 14280,  2.581,  8.877, 43.982,  4.781,  0.654
 14340,  2.562,  8.686, 45.401,  4.730,  0.656
 14400,  2.702,  9.342, 47.485,  4.805,  0.715
 14460,  2.702,  9.374, 47.270,  4.942,  0.543
 14520,  2.689,  9.344, 46.790,  4.918,  0.593
 14580,  2.698,  9.307, 47.086,  5.013,  0.678
 14640,  2.707,  9.781, 48.392,  5.056,  0.668
 14700,  2.691,  9.092, 48.673,  5.224,  0.630
 14760,  2.684,  9.664, 47.641,  5.219,  0.736
 14820,  2.739, 10.055, 48.570,  5.147,  0.688
 14880,  2.695,  9.592, 48.026,  5.150,  0.713
 14940,  2.728,  9.997, 47.824,  5.453,  0.726
 15000,  2.701,  9.507, 47.901,  5.292,  0.739
 15060,  2.674,  9.569, 47.238,  5.285,  0.706
 15120,  2.667,  9.354, 48.202,  5.298,  0.752
 15180,  2.611,  9.683, 46.963,  5.279,  0.645
 15240,  2.644,  9.856, 46.858,  5.214,  0.676
 15300,  2.584,  9.102, 45.793,  5.333,  0.736
 15360,  2.594,  9.296, 46.574,  5.361,  0.705
 15420,  2.556,  9.269, 44.482,  5.057,  0.662
 15480,  2.588,  9.599, 45.195,  5.410,  0.683
 15540,  2.543,  9.359, 45.015,  5.253,  0.623
 15600,  2.522,  9.715, 44.991,  5.027,  0.670
 15660,  2.552,  9.377, 44.677,  5.224,  0.700
 15720,  2.547,  9.461, 45.446,  5.140,  0.649
 15780,  2.541,  9.185, 43.782,  5.133,  0.649
 15840,  2.560,  9.539, 45.661,  5.431,  0.802
 15900,  2.533,  9.127, 44.234,  5.259,  0.728
 15960,  2.500,  9.434, 44.629,  5.232,  0.696
 16020, -9999.000, -9999.000, -9999.000, -9999.000, -9999.000
 16080,  2.420,  8.186, 37.729,  4.699,  0.626
 16140,  2.436,  8.719, 40.437,  5.116,  0.631
 16200,  2.462,  8.790, 41.092,  5.166,  0.726
 16260,  2.439,  8.608, 41.663,  5.133,  0.661
 16320,  2.437,  8.687, 42.647,  5.111,  0.742
 16380,  2.439,  8.668, 41.540,  5.148,  0.721
 16440,  2.416,  8.837, 42.551,  5.275,  0.735
 16500,  2.383,  8.723, 42.298,  5.205,  0.712
 16560,  2.350,  8.483, 41.393,  5.129,  0.709
 16620,  2.408,  8.705, 42.396,  5.338,  0.708
 16680,  2.448,  8.775, 42.547,  5.169,  0.744
 16740,  2.410,  9.264, 41.635,  5.080,  0.769
 16800,  2.299,  8.967, 40.758,  5.166,  0.787
 16860,  2.345,  8.843, 40.155,  5.364,  0.701
 16920,  2.327,  8.266, 37.988,  5.509,  0.692
 16980,  2.258,  8.418, 37.903,  5.441,  0.655
 17040,  2.308,  8.673, 39.308,  5.612,  0.620
 17100,  2.288,  8.392, 39.055,  5.631,  0.727
 17160,  2.283,  7.914, 37.478,  5.477,  0.783
 17220,  2.290,  8.263, 36.120,  5.600,  0.787
 17280,  2.262,  7.812, 36.467,  5.469,  0.750
 17340,  2.273,  8.148, 36.879,  5.405,  0.822
 17400,  2.298,  8.148, 37.385,  5.507,  0.744
 17460,  2.264,  8.278, 37.392,  5.349,  0.747
 17520,  2.316,  8.442, 38.064,  5.609,  0.731
 17580,  2.373,  8.578, 39.323,  5.583,  0.792
 17640,  2.307,  8.953, 38.774,  5.528,  0.601
 17700,  2.332,  8.805, 39.485,  5.757,  0.720
 17760,  2.331,  8.423, 39.112,  5.591,  0.704
 17820,  2.419,  8.782, 39.545,  5.537,  0.814
 17880, -9999.000, -9999.000, -9999.000, -9999.000, -9999.000
 17940,  2.373,  9.024, 38.210,  5.492,  0.880
 18000,  2.474,  8.828, 39.681,  5.738,  0.892
 18060,  2.459,  9.386, 40.570,  5.820,  0.861
 18120,  2.520,  9.126, 41.351,  5.867,  0.892
 18180,  2.485,  8.872, 40.752,  5.939,  0.760
 18240,  2.574,  9.099, 40.913,  5.945,  0.884
 18300,  2.593,  9.324, 42.217,  5.950,  0.883
 18360,  2.573,  9.355, 41.938,  6.128,  0.816
 18420,  2.571,  9.279, 41.287,  5.950,  0.808
 18480,  2.621,  9.699, 41.420,  6.213,  0.828
 18540,  2.604,  9.575, 42.531,  6.480,  0.892
 18600,  2.562,  9.229, 41.386,  6.180,  0.743
 18660,  2.568,  9.240, 41.303,  6.150,  0.763
 18720,  2.503,  9.156, 41.085,  6.431,  0.784
 18780,  2.528,  9.023, 40.758,  6.310,  0.805
 18840,  2.489,  9.326, 39.178,  5.998,  0.768
 18900,  2.508,  9.282, 38.536,  6.094,  0.758
 18960,  2.546,  9.718, 38.606,  6.112,  0.715
 19020,  2.452,  9.382, 37.376,  5.913,  0.742
 19080,  2.524,  9.338, 37.900,  6.115,  0.689
 19140,  2.546,  9.369, 38.408,  6.426,  0.768
