CampaignData_and_Merges/R0/CSL_MobileLab_Parked/raw/20240807/USOS-jNO2_MobileLabGround_20240807_R0.ict
52,1001
Waxman, E.; Rollins, A.; Zuraski, K.; Chace, W.
NOAA Chemical Sciences Laboratory
jNO2 filter radiometer on CSL Mobile Lab
AMMBEC / USOS
1, 1
2024,08,07, 2025,04,01
60
Time_Start, seconds, number_of_seconds_since_0000_UTC
20
1, 1, 1, 1, 1, 1, 1, 1, 1, 1, 1, 1, 1, 1, 1, 1, 1, 1, 1, 1
-9999, -9999, -9999, -9999, -9999, -9999, -9999, -9999, -9999, -9999, -9999, -9999, -9999, -9999, -9999, -9999, -9999, -9999, -9999, -9999
Time_Stop, seconds, number_of_seconds_since_0000_UTC
jNO2_meas, per second, photolysis rate of NO2 measured using a filter radiometer.
jBrCl, per second, photolysis rate of BrCl -> Br + Cl calculated in TUV for cloud-free sky with local AOD
jBr2, per second, photolysis rate of Br2 -> Br + Br calculated in TUV for cloud-free sky with local AOD
jCCl4, per second, photolysis rate of CCl4 -> Products calcualted in TUV for cloud-free sky with local AOD
jCH2Oa, per second, photolysis rate of CH2O -> H + HCO calculated in TUV for cloud-free sky with local AOD
jCH2Ob, per second, photolysis rate of CH2O -> H2 + CO calculated in TUV for cloud-free sky with local AOD
jClNO2, per second, photolysis rate of ClNO2 -> Cl + NO2 calculated in TUV for cloud-free sky with local AOD
jClOa, per second, photolysis rate of ClO -> Cl + O(1D) calculated in TUV for cloud-free sky with local AOD
jClOb, per second, photolysis rate of ClO -> Cl + O(3P) calculated in TUV for cloud-free sky with local AOD
jCl2, per second, photolysis rate of Cl2 -> Cl + Cl calculated in TUV for cloud-free sky with local AOD
jHNO2, per second, photolysis rate of HNO2 -> OH + NO calculated in TUV for cloud-free sky with local AOD
jHNO3, per second, photolysis rate of HNO3 -> OH + NO2 calculated in TUV for cloud-free sky with local AOD
jI2, per second, photolysis rate of I2 -> I + I calculated in TUV for cloud-free sky with local AOD
jNO2, per second, photolysis rate of NO2 -> NO + O(3P) calculated in TUV for cloud-free sky with local AOD
jNO3a, per second, photolysis rate of NO3 -> NO + O2 calculated in TUV for cloud-free sky with local AOD
jNO3b, per second, photolysis rate of NO3 -> NO2 + O(3P) calculated in TUV for cloud-free sky with local AOD
jN2O5, per second, photolysis rate of N2O5 -> NO3 + NO + O(3P) calculated in TUV for cloud-free sky with local AOD
jO3, per second, photolysis rate of O3 -> O2 + O(1D) calculated in TUV for cloud-free sky with local AOD
AOD_500nm, unitless, UTC daily mean AOD at 500 nm from an AERONET station located at 40.178 N, -112.452 E
0
18
PI_CONTACT_INFO: eleanor.waxman@noaa.gov
PLATFORM: CSL Mobile Lab, at ground site
LOCATION: Salt Lake City, UT
ASSOCIATED_DATA:
INSTRUMENT_INFO: jNO2 filter radiometer.  TUV calculations are for mobile van lat/lon/altitude assuming clear sky (cloud AOD = 0) and daily mean AOD.
DATA_INFO:
UNCERTAINTY: Data uncertainties are +/- 20%.  These come from uncertainties in radiometer angular response, radiometer thermal response, local interferences from clouds/aerosols/shadows etc.
ULOD_FLAG: -7777
ULOD_VALUE: N/A
LLOD_FLAG: -8888
LLOD_VALUE: N/A
DM_CONTACT_INFO: eleanor.waxman@noaa.gov
PROJECT_INFO: USOS Project, July - August 2024
STIPULATIONS_ON_USE: Users are strongly encouraged to contact the PI for proper data usage.
OTHER_COMMENTS: 
REVISION: R0
R0: final data
Time_Start, Time_Stop, jNO2_meas, jBrCl, jBr2, jCCl4, jCH2Oa, jCH2Ob, jClNO2, jClOa, jClOb, jCl2, jHNO2, jHNO3, jI2, jNO2, jNO3a, jNO3b, jN2O5, jO3, AOD_500nm
       0,      60,0.005621,0.007397,0.02393,1.664e-25,1.336e-05,2.447e-05,0.0002454,5.911e-26,1.025e-05,0.001333,0.0009122,1.868e-07,0.08986,0.005814,0.01788,0.1406,2.045e-05,6.346e-06,0.276
      60,     120,0.0056103,0.007364,0.02385,1.636e-25,1.322e-05,2.427e-05,0.0002435,5.813e-26,1.008e-05,0.001324,0.0009065,1.845e-07,0.08961,0.005781,0.01784,0.1403,2.027e-05,6.236e-06,0.276
     120,     180,0.0055859,0.007332,0.02377,1.609e-25,1.309e-05,2.408e-05,0.0002417,5.722e-26,9.92e-06,0.001315,0.0009012,1.823e-07,0.08937,0.005749,0.0178,0.1399,2.011e-05,6.135e-06,0.276
     180,     240,0.0055388,0.007298,0.02368,1.582e-25,1.295e-05,2.388e-05,0.0002398,5.628e-26,9.75e-06,0.001306,0.0008954,1.799e-07,0.08912,0.005716,0.01776,0.1395,1.994e-05,6.027e-06,0.276
     240,     300,0.005496,0.007264,0.02359,1.555e-25,1.281e-05,2.368e-05,0.0002378,5.536e-26,9.582e-06,0.001297,0.0008897,1.776e-07,0.08886,0.005682,0.01772,0.1392,1.976e-05,5.92e-06,0.276
     300,     360,0.0054938,0.007232,0.02351,1.531e-25,1.268e-05,2.349e-05,0.000236,5.451e-26,9.426e-06,0.001289,0.0008842,1.754e-07,0.08861,0.00565,0.01768,0.1388,1.96e-05,5.821e-06,0.276
     360,     420,0.0054665,0.007197,0.02342,1.505e-25,1.254e-05,2.328e-05,0.0002341,5.363e-26,9.26e-06,0.00128,0.0008784,1.731e-07,0.08834,0.005616,0.01763,0.1384,1.943e-05,5.716e-06,0.276
     420,     480,0.0054516,0.007162,0.02332,1.48e-25,1.24e-05,2.308e-05,0.0002321,5.276e-26,9.096e-06,0.00127,0.0008725,1.708e-07,0.08807,0.005581,0.01759,0.138,1.925e-05,5.613e-06,0.276
     480,     540,0.0054247,0.007129,0.02324,1.457e-25,1.227e-05,2.289e-05,0.0002303,5.196e-26,8.943e-06,0.001262,0.0008669,1.686e-07,0.08782,0.005548,0.01755,0.1376,1.909e-05,5.516e-06,0.276
     540,     600,0.0053728,0.007093,0.02314,1.433e-25,1.213e-05,2.268e-05,0.0002283,5.113e-26,8.781e-06,0.001253,0.0008609,1.663e-07,0.08754,0.005513,0.0175,0.1372,1.891e-05,5.414e-06,0.276
     600,     660,0.0053528,0.007057,0.02305,1.409e-25,1.2e-05,2.247e-05,0.0002263,5.031e-26,8.621e-06,0.001243,0.0008549,1.64e-07,0.08726,0.005478,0.01746,0.1368,1.873e-05,5.313e-06,0.276
     660,     720,0.0053277,0.007023,0.02296,1.388e-25,1.187e-05,2.228e-05,0.0002245,4.956e-26,8.472e-06,0.001234,0.0008492,1.619e-07,0.087,0.005445,0.01741,0.1364,1.857e-05,5.219e-06,0.276
     720,     780,0.005312,0.006987,0.02286,1.365e-25,1.173e-05,2.207e-05,0.0002225,4.878e-26,8.314e-06,0.001225,0.0008432,1.596e-07,0.08671,0.005409,0.01736,0.136,1.839e-05,5.119e-06,0.276
     780,     840,0.0052987,0.00695,0.02277,1.343e-25,1.159e-05,2.187e-05,0.0002205,4.801e-26,8.158e-06,0.001216,0.000837,1.573e-07,0.08642,0.005373,0.01732,0.1356,1.821e-05,5.021e-06,0.276
     840,     900,0.0052655,0.006915,0.02268,1.322e-25,1.146e-05,2.167e-05,0.0002186,4.73e-26,8.013e-06,0.001207,0.0008312,1.552e-07,0.08615,0.005339,0.01727,0.1352,1.805e-05,4.93e-06,0.276
     900,     960,0.0052302,0.006877,0.02258,1.301e-25,1.132e-05,2.146e-05,0.0002166,4.656e-26,7.859e-06,0.001197,0.000825,1.53e-07,0.08585,0.005302,0.01722,0.1347,1.787e-05,4.834e-06,0.276
     960,    1020,0.0051814,0.006839,0.02248,1.28e-25,1.118e-05,2.125e-05,0.0002146,4.584e-26,7.707e-06,0.001187,0.0008188,1.507e-07,0.08555,0.005265,0.01717,0.1343,1.769e-05,4.738e-06,0.276
    1020,    1080,0.005152,0.006803,0.02238,1.261e-25,1.105e-05,2.105e-05,0.0002127,4.517e-26,7.566e-06,0.001178,0.0008129,1.486e-07,0.08527,0.00523,0.01712,0.1339,1.752e-05,4.65e-06,0.276
    1080,    1140,0.0051287,0.006765,0.02228,1.241e-25,1.091e-05,2.084e-05,0.0002106,4.447e-26,7.417e-06,0.001169,0.0008066,1.464e-07,0.08496,0.005193,0.01707,0.1334,1.734e-05,4.557e-06,0.276
    1140,    1200,0.0050822,0.006726,0.02217,1.221e-25,1.077e-05,2.063e-05,0.0002086,4.378e-26,7.27e-06,0.001159,0.0008002,1.442e-07,0.08465,0.005155,0.01702,0.133,1.716e-05,4.465e-06,0.276
    1200,    1260,0.0050309,0.006688,0.02208,1.203e-25,1.064e-05,2.043e-05,0.0002067,4.315e-26,7.132e-06,0.00115,0.0007942,1.421e-07,0.08435,0.00512,0.01697,0.1325,1.699e-05,4.378e-06,0.276
    1260,    1320,0.0050019,0.006649,0.02197,1.183e-25,1.05e-05,2.022e-05,0.0002046,4.249e-26,6.987e-06,0.00114,0.0007878,1.399e-07,0.08403,0.005082,0.01692,0.1321,1.681e-05,4.288e-06,0.276
    1320,    1380,0.0049727,0.006609,0.02186,1.165e-25,1.036e-05,2e-05,0.0002026,4.184e-26,6.844e-06,0.00113,0.0007813,1.378e-07,0.08371,0.005043,0.01687,0.1316,1.663e-05,4.199e-06,0.276
    1380,    1440,0.0049605,0.006571,0.02176,1.148e-25,1.023e-05,1.98e-05,0.0002007,4.124e-26,6.711e-06,0.00112,0.0007752,1.357e-07,0.0834,0.005007,0.01681,0.1311,1.646e-05,4.116e-06,0.276
    1440,    1500,0.0049291,0.00653,0.02165,1.13e-25,1.01e-05,1.959e-05,0.0001986,4.062e-26,6.571e-06,0.00111,0.0007686,1.336e-07,0.08307,0.004968,0.01676,0.1307,1.628e-05,4.029e-06,0.276
    1500,    1560,0.0048941,0.006489,0.02154,1.112e-25,9.959e-06,1.937e-05,0.0001965,4e-26,6.432e-06,0.0011,0.0007621,1.314e-07,0.08274,0.004929,0.0167,0.1302,1.61e-05,3.943e-06,0.276
    1560,    1620,0.0048638,0.00645,0.02144,1.095e-25,9.829e-06,1.917e-05,0.0001946,3.943e-26,6.303e-06,0.001091,0.0007558,1.294e-07,0.08242,0.004892,0.01665,0.1297,1.593e-05,3.863e-06,0.276
    1620,    1680,0.0048375,0.006408,0.02132,1.078e-25,9.692e-06,1.895e-05,0.0001925,3.884e-26,6.167e-06,0.001081,0.0007491,1.273e-07,0.08208,0.004852,0.01659,0.1292,1.575e-05,3.779e-06,0.276
    1680,    1740,0.0047763,0.006366,0.02121,1.062e-25,9.555e-06,1.874e-05,0.0001904,3.825e-26,6.033e-06,0.001071,0.0007424,1.252e-07,0.08173,0.004812,0.01653,0.1287,1.557e-05,3.696e-06,0.276
    1740,    1800,0.0047392,0.006326,0.0211,1.046e-25,9.426e-06,1.853e-05,0.0001885,3.771e-26,5.909e-06,0.001061,0.0007361,1.232e-07,0.0814,0.004774,0.01648,0.1282,1.54e-05,3.619e-06,0.276
    1800,    1860,0.0046872,0.006283,0.02099,1.03e-25,9.29e-06,1.832e-05,0.0001864,3.715e-26,5.778e-06,0.001051,0.0007293,1.211e-07,0.08105,0.004734,0.01642,0.1277,1.521e-05,3.538e-06,0.276
    1860,    1920,0.0046715,0.00624,0.02087,1.014e-25,9.153e-06,1.81e-05,0.0001843,3.659e-26,5.648e-06,0.00104,0.0007225,1.19e-07,0.08068,0.004693,0.01636,0.1271,1.503e-05,3.458e-06,0.276
    1920,    1980,0.0046446,0.006199,0.02076,9.993e-26,9.026e-06,1.79e-05,0.0001823,3.608e-26,5.528e-06,0.001031,0.0007161,1.171e-07,0.08034,0.004654,0.0163,0.1266,1.486e-05,3.384e-06,0.276
    1980,    2040,0.0046249,0.006155,0.02064,9.839e-26,8.89e-06,1.768e-05,0.0001802,3.554e-26,5.402e-06,0.00102,0.0007092,1.151e-07,0.07997,0.004613,0.01624,0.1261,1.468e-05,3.306e-06,0.276
    2040,    2100,0.0046045,0.00611,0.02051,9.687e-26,8.755e-06,1.746e-05,0.0001781,3.501e-26,5.277e-06,0.00101,0.0007023,1.13e-07,0.0796,0.004572,0.01617,0.1255,1.449e-05,3.23e-06,0.276
    2100,    2160,0.004565,0.006068,0.0204,9.547e-26,8.628e-06,1.725e-05,0.0001761,3.453e-26,5.162e-06,0.001,0.0006957,1.111e-07,0.07924,0.004532,0.01611,0.125,1.432e-05,3.159e-06,0.276
    2160,    2220,0.0045292,0.006023,0.02027,9.401e-26,8.494e-06,1.704e-05,0.000174,3.401e-26,5.041e-06,0.0009895,0.0006887,1.091e-07,0.07886,0.00449,0.01605,0.1244,1.414e-05,3.084e-06,0.276
    2220,    2280,0.0044952,0.005977,0.02015,9.256e-26,8.359e-06,1.682e-05,0.0001719,3.351e-26,4.92e-06,0.0009789,0.0006817,1.071e-07,0.07847,0.004448,0.01598,0.1238,1.396e-05,3.011e-06,0.276
    2280,    2340,0.0044718,0.005934,0.02003,9.123e-26,8.234e-06,1.661e-05,0.0001699,3.304e-26,4.809e-06,0.0009689,0.000675,1.053e-07,0.0781,0.004408,0.01592,0.1233,1.379e-05,2.943e-06,0.276
    2340,    2400,0.0044314,0.005888,0.0199,8.983e-26,8.101e-06,1.639e-05,0.0001677,3.256e-26,4.693e-06,0.0009583,0.0006679,1.033e-07,0.0777,0.004365,0.01585,0.1227,1.36e-05,2.871e-06,0.276
    2400,    2460,0.0043802,0.005841,0.01977,8.845e-26,7.968e-06,1.617e-05,0.0001656,3.208e-26,4.578e-06,0.0009477,0.0006608,1.013e-07,0.0773,0.004322,0.01579,0.1221,1.342e-05,2.801e-06,0.276
    2460,    2520,0.0043205,0.005796,0.01965,8.718e-26,7.844e-06,1.597e-05,0.0001636,3.163e-26,4.471e-06,0.0009376,0.0006541,9.952e-08,0.07691,0.004281,0.01572,0.1215,1.325e-05,2.736e-06,0.276
    2520,    2580,0.0042782,0.005749,0.01952,8.586e-26,7.712e-06,1.575e-05,0.0001615,3.117e-26,4.36e-06,0.0009269,0.0006469,9.76e-08,0.0765,0.004237,0.01565,0.1209,1.307e-05,2.668e-06,0.276
    2580,    2640,0.0042299,0.005701,0.01938,8.455e-26,7.58e-06,1.553e-05,0.0001594,3.071e-26,4.249e-06,0.000916,0.0006396,9.569e-08,0.07608,0.004193,0.01558,0.1203,1.289e-05,2.601e-06,0.276
    2640,    2700,0.0041783,0.005655,0.01925,8.334e-26,7.458e-06,1.532e-05,0.0001573,3.029e-26,4.147e-06,0.0009059,0.0006328,9.392e-08,0.07568,0.004152,0.01551,0.1197,1.271e-05,2.539e-06,0.276
    2700,    2760,0.004164,0.005606,0.01912,8.207e-26,7.328e-06,1.51e-05,0.0001552,2.984e-26,4.041e-06,0.000895,0.0006255,9.205e-08,0.07525,0.004108,0.01544,0.1191,1.253e-05,2.474e-06,0.276
    2760,    2820,0.004144,0.005557,0.01898,8.082e-26,7.198e-06,1.488e-05,0.0001531,2.94e-26,3.936e-06,0.0008842,0.0006182,9.019e-08,0.07481,0.004063,0.01536,0.1184,1.235e-05,2.41e-06,0.276
    2820,    2880,0.0041123,0.005511,0.01885,7.967e-26,7.077e-06,1.468e-05,0.0001511,2.9e-26,3.838e-06,0.0008739,0.0006112,8.846e-08,0.07439,0.004021,0.01529,0.1178,1.218e-05,2.351e-06,0.276
    2880,    2940,0.0040743,0.005461,0.0187,7.845e-26,6.949e-06,1.446e-05,0.0001489,2.857e-26,3.736e-06,0.0008629,0.0006038,8.663e-08,0.07395,0.003976,0.01521,0.1171,1.2e-05,2.289e-06,0.276
    2940,    3000,0.0040277,0.00541,0.01856,7.726e-26,6.823e-06,1.424e-05,0.0001468,2.815e-26,3.636e-06,0.0008521,0.0005964,8.483e-08,0.07349,0.00393,0.01514,0.1164,1.182e-05,2.228e-06,0.276
    3000,    3060,0.0039809,0.005361,0.01842,7.616e-26,6.703e-06,1.403e-05,0.0001447,2.776e-26,3.544e-06,0.0008414,0.0005892,8.316e-08,0.07306,0.003886,0.01506,0.1158,1.165e-05,2.173e-06,0.276
    3060,    3120,0.0039259,0.005307,0.01827,7.5e-26,6.575e-06,1.381e-05,0.0001426,2.736e-26,3.445e-06,0.0008301,0.0005814,8.136e-08,0.0726,0.003838,0.01498,0.1151,1.146e-05,2.113e-06,0.276
    3120,    3180,0.0038767,0.005255,0.01813,7.386e-26,6.448e-06,1.356e-05,0.0001401,2.696e-26,3.351e-06,0.0008175,0.0005726,7.956e-08,0.07213,0.003789,0.0149,0.1144,1.126e-05,2.056e-06,0.276
    3180,    3240,0.0038379,0.00521,0.01799,7.28e-26,6.335e-06,1.339e-05,0.0001385,2.658e-26,3.264e-06,0.0008092,0.0005673,7.799e-08,0.07168,0.003752,0.01482,0.1137,1.112e-05,2.003e-06,0.276
    3240,    3300,0.003791,0.005158,0.01784,7.169e-26,6.209e-06,1.317e-05,0.0001364,2.619e-26,3.17e-06,0.0007981,0.0005598,7.625e-08,0.07119,0.003706,0.01474,0.113,1.094e-05,1.947e-06,0.276
    3300,    3360,0.0037501,0.005105,0.01769,7.059e-26,6.085e-06,1.295e-05,0.0001342,2.581e-26,3.082e-06,0.0007869,0.0005522,7.456e-08,0.0707,0.003659,0.01465,0.1123,1.076e-05,1.893e-06,0.276
    3360,    3420,0.0036775,0.005054,0.01754,6.957e-26,5.97e-06,1.275e-05,0.0001322,2.545e-26,2.998e-06,0.0007765,0.000545,7.297e-08,0.07023,0.003615,0.01457,0.1116,1.059e-05,1.843e-06,0.276
    3420,    3480,0.0036282,0.005,0.01739,6.851e-26,5.85e-06,1.254e-05,0.0001301,2.508e-26,2.911e-06,0.0007653,0.0005374,7.131e-08,0.06973,0.003568,0.01449,0.1108,1.041e-05,1.791e-06,0.276
    3480,    3540,0.0036017,0.004946,0.01723,6.747e-26,5.729e-06,1.232e-05,0.000128,2.471e-26,2.826e-06,0.0007542,0.0005298,6.966e-08,0.06922,0.00352,0.0144,0.11,1.023e-05,1.739e-06,0.276
    3540,    3600,0.0035502,0.004895,0.01708,6.65e-26,5.616e-06,1.212e-05,0.000126,2.437e-26,2.747e-06,0.0007437,0.0005226,6.813e-08,0.06873,0.003476,0.01431,0.1093,1.007e-05,1.692e-06,0.276
    3600,    3660,0.0034971,0.00484,0.01692,6.548e-26,5.498e-06,1.19e-05,0.0001239,2.401e-26,2.664e-06,0.0007325,0.0005149,6.653e-08,0.0682,0.003428,0.01422,0.1085,9.891e-06,1.642e-06,0.276
    3660,    3720,0.0034607,0.004784,0.01675,6.447e-26,5.379e-06,1.169e-05,0.0001217,2.365e-26,2.584e-06,0.0007213,0.0005072,6.493e-08,0.06767,0.00338,0.01413,0.1077,9.714e-06,1.594e-06,0.276
    3720,    3780,0.0034366,0.004732,0.0166,6.354e-26,5.269e-06,1.149e-05,0.0001198,2.332e-26,2.509e-06,0.0007107,0.0004999,6.345e-08,0.06716,0.003335,0.01404,0.107,9.549e-06,1.549e-06,0.276
    3780,    3840,0.0033791,0.004675,0.01643,6.256e-26,5.153e-06,1.128e-05,0.0001177,2.298e-26,2.432e-06,0.0006995,0.0004922,6.19e-08,0.06662,0.003286,0.01394,0.1061,9.375e-06,1.503e-06,0.276
    3840,    3900,0.0033358,0.004619,0.01626,6.16e-26,5.039e-06,1.107e-05,0.0001156,2.264e-26,2.356e-06,0.0006883,0.0004844,6.037e-08,0.06606,0.003238,0.01385,0.1053,9.201e-06,1.458e-06,0.276
    3900,    3960,0.0032935,0.004565,0.0161,6.07e-26,4.931e-06,1.087e-05,0.0001136,2.232e-26,2.286e-06,0.0006777,0.0004771,5.895e-08,0.06553,0.003192,0.01375,0.1045,9.037e-06,1.416e-06,0.276
    3960,    4020,0.0032424,0.004507,0.01593,5.976e-26,4.819e-06,1.066e-05,0.0001115,2.198e-26,2.214e-06,0.0006665,0.0004693,5.746e-08,0.06496,0.003143,0.01365,0.1036,8.865e-06,1.372e-06,0.276
    4020,    4080,0.0031968,0.004449,0.01576,5.883e-26,4.707e-06,1.045e-05,0.0001094,2.166e-26,2.143e-06,0.0006553,0.0004616,5.599e-08,0.06439,0.003094,0.01355,0.1028,8.693e-06,1.33e-06,0.276
    4080,    4140,0.003153,0.004395,0.01559,5.797e-26,4.603e-06,1.025e-05,0.0001075,2.135e-26,2.078e-06,0.0006447,0.0004542,5.463e-08,0.06383,0.003048,0.01345,0.1019,8.532e-06,1.291e-06,0.276
    4140,    4200,0.003102,0.004336,0.01542,5.707e-26,4.493e-06,1.005e-05,0.0001054,2.103e-26,2.01e-06,0.0006335,0.0004465,5.32e-08,0.06324,0.002999,0.01335,0.1011,8.362e-06,1.25e-06,0.276
    4200,    4260,0.0030612,0.004277,0.01524,5.617e-26,4.386e-06,9.842e-06,0.0001033,2.071e-26,1.943e-06,0.0006223,0.0004387,5.18e-08,0.06264,0.00295,0.01324,0.1001,8.193e-06,1.211e-06,0.276
    4260,    4320,0.0030271,0.00422,0.01507,5.534e-26,4.284e-06,9.648e-06,0.0001014,2.042e-26,1.882e-06,0.0006118,0.0004313,5.049e-08,0.06206,0.002903,0.01314,0.09928,8.034e-06,1.174e-06,0.276
    4320,    4380,0.0029784,0.004161,0.01488,5.447e-26,4.178e-06,9.445e-06,9.937e-05,2.011e-26,1.819e-06,0.0006006,0.0004235,4.912e-08,0.06145,0.002854,0.01303,0.09834,7.867e-06,1.136e-06,0.276
    4380,    4440,0.0029257,0.0041,0.0147,5.361e-26,4.073e-06,9.243e-06,9.734e-05,1.98e-26,1.757e-06,0.0005894,0.0004157,4.777e-08,0.06082,0.002804,0.01292,0.09739,7.701e-06,1.099e-06,0.276
    4440,    4500,0.0028722,0.004043,0.01452,5.281e-26,3.976e-06,9.055e-06,9.544e-05,1.952e-26,1.7e-06,0.0005789,0.0004084,4.653e-08,0.06022,0.002757,0.01281,0.09649,7.545e-06,1.065e-06,0.276
    4500,    4560,0.0028193,0.003982,0.01433,5.198e-26,3.874e-06,8.856e-06,9.343e-05,1.922e-26,1.642e-06,0.0005678,0.0004006,4.523e-08,0.05958,0.002708,0.01269,0.09551,7.382e-06,1.03e-06,0.276
    4560,    4620,0.0027767,0.00392,0.01414,5.114e-26,3.773e-06,8.658e-06,9.142e-05,1.893e-26,1.584e-06,0.0005567,0.0003928,4.394e-08,0.05892,0.002658,0.01258,0.09452,7.218e-06,9.955e-07,0.276
    4620,    4680,0.0027299,0.003862,0.01396,5.037e-26,3.679e-06,8.473e-06,8.955e-05,1.865e-26,1.531e-06,0.0005463,0.0003855,4.275e-08,0.0583,0.002611,0.01246,0.09357,7.065e-06,9.64e-07,0.276
    4680,    4740,0.0026814,0.0038,0.01377,4.956e-26,3.581e-06,8.279e-06,8.758e-05,1.836e-26,1.477e-06,0.0005352,0.0003778,4.152e-08,0.05762,0.002561,0.01234,0.09255,6.905e-06,9.315e-07,0.276
    4740,    4800,0.0026305,0.003736,0.01357,4.925e-26,3.484e-06,8.083e-06,8.558e-05,1.817e-26,1.424e-06,0.000524,0.0003698,4.03e-08,0.05692,0.00251,0.01222,0.09149,6.743e-06,8.998e-07,0.276
    4800,    4860,0.0025913,0.003674,0.01337,4.81e-26,3.387e-06,7.892e-06,8.364e-05,1.785e-26,1.372e-06,0.0005131,0.0003622,3.909e-08,0.05624,0.00246,0.01209,0.09045,6.586e-06,8.691e-07,0.276
    4860,    4920,0.0025439,0.003611,0.01317,4.684e-26,3.293e-06,7.703e-06,8.171e-05,1.739e-26,1.322e-06,0.0005022,0.0003545,3.792e-08,0.05554,0.002411,0.01197,0.08938,6.429e-06,8.383e-07,0.276
    4920,    4980,0.002497,0.003547,0.01297,4.644e-26,3.2e-06,7.515e-06,7.979e-05,1.726e-26,1.272e-06,0.0004913,0.0003469,3.677e-08,0.05483,0.002361,0.01184,0.0883,6.274e-06,8.09e-07,0.276
