CampaignData_and_Merges/R0/CSL_MobileLab_Parked/raw/20240807/USOS-MetNav_MobileLabGround_20240807_R0.ict
44, 1001
Carrie Womack, Nate Howard, Mike Zucker
NOAA Chemical Sciences Laboratory
Mobile Lab MetNav Station
USOS
1, 1
2024, 08, 07, 2024, 12, 21
60
Time_Start, seconds_past_midnight, Seconds from midnight UTC
11
1, 1, 1, 1, 1, 1, 1, 1, 1, 1, 1
-9999, -9999, -9999, -9999, -9999, -9999, -9999, -9999, -9999, -9999, -9999
GPS_Alt_m, meters, Altitude from Differential GPS
GPS_Course_deg, degrees, Course from Differential GPS
GPS_GndSpd_m_s, m/s, Ground Speed from Differential GPS
GPS_Heading_deg, degrees, Heading from Differential GPS
GPS_Lat_deg, degrees, Latitude from Differential GPS
GPS_Lon_deg, degrees, Longitude from Differential GPS
AirTemp_C, Celsius, Air Temperature from Airmar
RelHumidity_pct, percent, Relative Humidity from Airmar
Pressure_mb, millibars, Pressure from Honeywell
WindDir_calc_deg, degrees, Wind Direction from Airmar corrected for van movement
WindSpd_calc_m_s, m/s, Wind Speed from Airmar corrected for van movement
1
SPECIAL COMMENTS:
18
PI_CONTACT_INFO: Address: 325 Broadway R/CSL7, Boulder, CO, 80305
PLATFORM: CSL Mobile Lab
LOCATION: Salt Lake City, UT
ASSOCIATED_DATA: N/A
INSTRUMENT_INFO: N/A
DATA_INFO: Units:
UNCERTAINTY: N/A
ULOD_FLAG: -7777
ULOD_VALUE: N/A
LLOD_FLAG: -8888
LLOD_VALUE: N/A
DM_CONTACT_INFO: Data Manager: Nate Howard
PROJECT_INFO: 
STIPULATIONS_ON_USE: Use of these data require prior ok from PI.
OTHER_COMMENTS: 
REVISION: R0
R0: Final data. Fixed bug in wind averaging code. RA: Preliminary Data. For in-field use only. 
Time_Start, GPS_Alt_m, GPS_Course_deg, GPS_GndSpd_m_s, GPS_Heading_deg, GPS_Lat_deg, GPS_Lon_deg, AirTemp_C, RelHumidity_pct, Pressure_mb, WindDir_calc_deg, WindSpd_calc_m_s
[from data line 1043]
62580.0,1308.6,2.14,0.04,2.14,40.73434,-111.87210,34.7,19.9,878.9,130.27,1.8
62640.0,1308.6,1.91,0.05,1.91,40.73434,-111.87210,34.9,20.6,878.9,118.31,1.4
62700.0,1308.6,1.70,0.05,1.70,40.73434,-111.87210,35.3,20.4,878.9,134.90,0.8
62760.0,1308.4,1.50,0.05,1.50,40.73434,-111.87210,35.6,19.5,878.9,124.46,1.1
62820.0,1308.4,1.45,0.05,1.45,40.73434,-111.87210,35.7,19.3,878.9,118.60,1.7
62880.0,1308.4,1.59,0.04,1.59,40.73434,-111.87210,35.7,20.0,878.9,130.01,2.0
62940.0,1308.3,1.46,0.05,1.46,40.73434,-111.87210,35.7,19.7,878.9,120.37,1.9
63000.0,1308.3,1.29,0.04,1.29,40.73434,-111.87210,35.7,20.2,878.9,118.79,1.8
63060.0,1308.2,0.94,0.05,0.94,40.73434,-111.87210,35.8,20.4,878.9,120.77,1.2
63120.0,1308.1,1.23,0.05,1.23,40.73434,-111.87210,36.1,19.2,878.9,159.30,1.4
63180.0,1308.1,1.41,0.05,1.41,40.73434,-111.87210,36.2,19.1,878.9,131.59,0.9
63240.0,1308.1,1.87,0.05,1.87,40.73434,-111.87210,36.4,19.2,878.9,133.76,1.3
63300.0,1308.4,1.16,0.04,1.16,40.73434,-111.87210,36.4,19.8,878.9,142.00,2.3
63360.0,1308.5,1.28,0.05,1.28,40.73434,-111.87211,36.1,20.5,878.8,133.16,3.1
63420.0,1308.7,0.69,0.04,0.69,40.73434,-111.87211,36.0,19.8,878.8,122.83,2.1
63480.0,1308.8,0.98,0.05,0.98,40.73434,-111.87211,35.9,20.3,878.8,123.00,2.3
63540.0,1308.4,0.72,0.04,0.72,40.73434,-111.87211,36.0,19.6,878.8,145.84,1.4
63600.0,1308.4,1.58,0.05,1.58,40.73434,-111.87211,36.1,19.6,878.8,121.10,1.5
63660.0,1308.4,1.69,0.05,1.69,40.73434,-111.87211,36.0,20.6,878.8,125.32,2.0
63720.0,1308.3,1.79,0.04,1.79,40.73434,-111.87211,36.0,20.2,878.8,128.22,2.3
63780.0,1308.4,1.56,0.04,1.56,40.73434,-111.87211,35.9,20.1,878.8,125.48,2.4
63840.0,1308.5,1.38,0.04,1.38,40.73434,-111.87211,35.7,20.2,878.8,126.65,3.1
63900.0,1308.5,0.98,0.04,0.98,40.73434,-111.87211,35.7,19.5,878.8,164.66,2.2
63960.0,1308.4,1.35,0.04,1.35,40.73434,-111.87211,35.9,19.5,878.7,141.58,0.5
64020.0,1308.4,1.69,0.04,1.69,40.73433,-111.87210,36.0,19.7,878.7,95.03,0.7
64080.0,1308.4,2.19,0.04,2.19,40.73433,-111.87210,36.0,19.2,878.7,147.89,2.3
64140.0,1308.4,1.66,0.04,1.66,40.73434,-111.87210,36.1,19.1,878.7,145.41,2.2
64200.0,1308.7,1.29,0.04,1.29,40.73434,-111.87210,36.0,19.9,878.7,114.11,1.7
64260.0,1308.7,0.78,0.04,0.78,40.73434,-111.87210,35.9,20.2,878.7,113.90,1.7
64320.0,1308.7,0.81,0.04,0.81,40.73434,-111.87210,35.8,19.3,878.7,119.57,2.0
64380.0,1308.5,0.75,0.05,0.75,40.73434,-111.87210,35.8,19.6,878.7,125.69,1.7
64440.0,1308.6,1.26,0.05,1.26,40.73434,-111.87210,36.1,19.3,878.7,100.30,0.9
64500.0,1308.6,1.53,0.05,1.53,40.73434,-111.87210,36.3,19.0,878.7,112.27,0.8
64560.0,1308.6,1.51,0.05,1.51,40.73434,-111.87210,36.4,18.7,878.7,109.20,1.2
64620.0,1308.6,1.21,0.05,1.21,40.73434,-111.87211,36.5,18.5,878.7,129.80,1.5
64680.0,1308.6,1.17,0.05,1.17,40.73434,-111.87211,36.6,18.6,878.6,101.68,1.1
64740.0,1308.6,1.22,0.05,1.22,40.73434,-111.87211,36.6,19.6,878.6,109.81,1.6
64800.0,1308.7,1.32,0.05,1.32,40.73434,-111.87211,36.5,20.0,878.6,109.37,1.9
64860.0,1308.7,0.94,0.04,0.94,40.73434,-111.87211,36.2,20.8,878.6,117.39,3.0
64920.0,1308.8,1.35,0.04,1.35,40.73434,-111.87211,36.0,20.9,878.6,114.57,3.1
64980.0,1308.8,1.70,0.04,1.70,40.73434,-111.87211,35.8,19.0,878.6,119.46,2.6
65040.0,1308.9,1.99,0.04,1.99,40.73434,-111.87211,36.2,18.9,878.6,135.50,0.7
65100.0,1309.0,1.52,0.04,1.52,40.73434,-111.87211,36.5,19.1,878.6,108.59,0.9
65160.0,1309.0,1.08,0.05,1.08,40.73434,-111.87211,36.8,18.6,878.5,112.92,1.1
65220.0,1309.3,1.83,0.05,1.83,40.73434,-111.87211,37.1,18.8,878.5,91.44,0.6
65280.0,1309.2,2.05,0.04,2.05,40.73434,-111.87211,37.4,18.9,878.5,94.67,1.1
65340.0,1309.3,1.95,0.05,1.95,40.73434,-111.87211,37.6,18.7,878.5,112.38,0.5
65400.0,1309.0,1.26,0.05,1.26,40.73434,-111.87211,37.8,17.9,878.5,146.84,0.9
65460.0,1309.1,1.12,0.03,1.12,40.73434,-111.87211,37.9,18.2,878.5,110.68,0.4
65520.0,1309.3,2.20,0.05,2.20,40.73434,-111.87211,37.9,18.6,878.5,84.13,0.7
65580.0,1309.4,2.64,0.05,2.64,40.73434,-111.87211,38.1,17.9,878.5,112.00,0.7
65640.0,1309.4,2.49,0.05,2.49,40.73434,-111.87211,38.3,18.2,878.5,95.64,0.6
65700.0,1309.4,2.26,0.05,2.26,40.73434,-111.87211,38.2,17.8,878.5,348.25,0.2
65760.0,1309.2,2.37,0.04,2.37,40.73434,-111.87211,38.3,18.1,878.5,86.27,0.7
65820.0,1309.3,2.47,0.05,2.47,40.73434,-111.87210,38.5,17.6,878.4,205.73,0.4
65880.0,1309.3,2.65,0.05,2.65,40.73434,-111.87210,38.3,17.6,878.5,41.55,0.3
65940.0,1309.4,2.51,0.05,2.51,40.73434,-111.87210,38.5,17.3,878.5,95.04,0.5
66000.0,1309.4,2.65,0.05,2.65,40.73434,-111.87210,38.2,17.1,878.5,313.68,0.4
66060.0,1309.5,2.47,0.05,2.47,40.73434,-111.87210,38.3,17.1,878.5,296.67,0.3
66120.0,1309.7,1.86,0.05,1.86,40.73434,-111.87210,38.3,16.8,878.5,130.66,1.3
66180.0,1309.9,1.86,0.05,1.86,40.73434,-111.87210,38.3,17.2,878.5,107.95,1.1
66240.0,1310.0,1.90,0.04,1.90,40.73434,-111.87210,38.1,17.4,878.5,83.01,0.4
66300.0,1310.2,1.93,0.05,1.93,40.73434,-111.87210,38.0,17.7,878.5,114.21,1.9
66360.0,1310.0,1.39,0.05,1.39,40.73434,-111.87210,38.0,18.5,878.5,93.32,0.9
66420.0,1309.8,1.36,0.05,1.36,40.73434,-111.87210,38.1,17.4,878.5,128.57,0.6
66480.0,1309.8,0.22,0.05,0.22,40.73434,-111.87210,38.2,16.8,878.5,151.64,0.6
66540.0,1309.8,0.40,0.05,0.40,40.73434,-111.87210,38.3,17.1,878.5,88.86,0.3
66600.0,1309.7,0.64,0.05,0.64,40.73434,-111.87210,38.5,17.4,878.5,84.85,0.7
66660.0,1309.6,0.87,0.05,0.87,40.73434,-111.87210,38.5,17.7,878.5,59.95,0.4
66720.0,1309.5,0.64,0.04,0.64,40.73434,-111.87210,38.4,17.4,878.5,52.74,0.4
66780.0,1309.6,0.39,0.04,0.39,40.73435,-111.87210,38.2,17.1,878.5,17.40,0.3
66840.0,1309.7,0.83,0.06,0.83,40.73435,-111.87210,38.1,17.4,878.5,48.88,0.5
66900.0,1309.7,1.01,0.05,1.01,40.73435,-111.87210,38.0,17.1,878.5,42.02,0.4
66960.0,1309.9,1.05,0.05,1.05,40.73434,-111.87210,38.0,17.1,878.5,57.68,0.4
67020.0,1310.0,0.81,0.05,0.81,40.73434,-111.87210,38.1,17.1,878.5,97.00,0.9
67080.0,1310.4,1.14,0.05,1.14,40.73434,-111.87210,38.1,17.4,878.4,93.37,1.0
67140.0,1310.6,1.15,0.05,1.15,40.73434,-111.87210,38.0,17.7,878.4,71.64,0.8
67200.0,1310.6,1.48,0.05,1.48,40.73434,-111.87210,37.9,17.4,878.5,61.96,0.7
67260.0,1310.5,1.04,0.05,1.04,40.73434,-111.87210,38.0,17.0,878.5,82.13,0.8
67320.0,1310.1,0.83,0.05,0.83,40.73434,-111.87210,38.0,17.7,878.5,84.27,0.9
67380.0,1310.2,0.76,0.05,0.76,40.73434,-111.87210,38.0,17.3,878.5,84.65,1.0
67440.0,1310.2,1.06,0.04,1.06,40.73434,-111.87210,38.1,17.7,878.4,96.95,1.1
67500.0,1309.9,1.34,0.05,1.34,40.73434,-111.87210,38.1,17.7,878.5,90.99,1.0
67560.0,1309.8,2.06,0.06,2.06,40.73434,-111.87210,38.0,17.2,878.4,67.81,0.9
67620.0,1309.8,1.94,0.04,1.94,40.73434,-111.87210,37.9,16.9,878.5,30.61,0.5
67680.0,1309.8,1.59,0.04,1.59,40.73434,-111.87210,37.9,16.2,878.5,127.20,0.3
67740.0,1309.8,1.44,0.06,1.44,40.73434,-111.87210,38.0,16.9,878.5,74.38,0.7
67800.0,1309.7,1.12,0.05,1.12,40.73434,-111.87210,38.1,16.5,878.4,94.73,0.7
67860.0,1309.4,1.13,0.05,1.13,40.73434,-111.87210,38.2,16.5,878.4,111.51,0.5
67920.0,1309.3,1.72,0.05,1.72,40.73434,-111.87210,38.0,17.1,878.4,68.86,0.7
67980.0,1309.1,1.88,0.05,1.88,40.73434,-111.87210,38.1,16.5,878.4,115.22,1.5
68040.0,1309.1,1.54,0.04,1.54,40.73434,-111.87210,38.1,17.4,878.4,103.93,1.2
68100.0,1309.0,1.57,0.05,1.57,40.73434,-111.87210,38.1,17.5,878.4,82.60,0.7
68160.0,1309.0,1.62,0.05,1.62,40.73434,-111.87210,38.2,17.1,878.4,83.75,0.8
68220.0,1309.0,1.52,0.05,1.52,40.73434,-111.87210,38.2,17.6,878.4,81.08,0.7
68280.0,1309.0,1.06,0.04,1.06,40.73434,-111.87210,38.2,17.6,878.4,87.20,1.1
68340.0,1308.9,1.34,0.05,1.34,40.73434,-111.87210,38.3,17.2,878.4,106.04,1.4
68400.0,1308.6,1.49,0.04,1.49,40.73434,-111.87210,38.3,16.8,878.4,105.97,1.0
68460.0,1308.5,1.19,0.04,1.19,40.73434,-111.87210,38.4,17.1,878.4,109.52,0.7
68520.0,1308.5,1.07,0.05,1.07,40.73434,-111.87210,38.6,16.7,878.4,111.90,0.5
68580.0,1308.4,1.75,0.04,1.75,40.73434,-111.87210,38.7,17.4,878.4,90.43,0.9
68640.0,1308.4,1.90,0.05,1.90,40.73434,-111.87210,38.6,17.8,878.4,50.59,0.7
68700.0,1308.4,1.45,0.05,1.45,40.73434,-111.87210,38.7,16.8,878.4,169.44,0.5
68760.0,1308.5,1.46,0.04,1.46,40.73434,-111.87210,38.8,17.1,878.4,52.07,0.2
68820.0,1308.5,1.76,0.04,1.76,40.73434,-111.87210,38.7,17.2,878.4,68.00,0.8
68880.0,1308.4,1.81,0.04,1.81,40.73434,-111.87210,38.8,17.0,878.3,88.58,0.7
68940.0,1308.3,1.46,0.04,1.46,40.73434,-111.87210,38.7,17.2,878.4,81.46,0.8
69000.0,1308.3,1.48,0.04,1.48,40.73434,-111.87210,38.8,16.8,878.4,99.21,0.6
69060.0,1308.2,1.55,0.04,1.55,40.73434,-111.87210,38.8,16.4,878.4,122.73,0.2
69120.0,1308.1,1.26,0.05,1.26,40.73434,-111.87210,39.0,16.3,878.4,101.18,1.1
69180.0,1308.0,1.37,0.05,1.37,40.73434,-111.87210,39.2,16.6,878.3,107.97,1.0
69240.0,1307.9,0.83,0.05,0.83,40.73434,-111.87210,39.4,16.3,878.3,104.81,1.0
69300.0,1307.9,0.52,0.05,0.52,40.73434,-111.87210,39.4,16.3,878.3,65.96,0.3
69360.0,1307.9,0.41,0.04,0.41,40.73434,-111.87210,39.3,17.0,878.3,85.18,1.1
69420.0,1307.8,0.96,0.05,0.96,40.73434,-111.87210,39.3,17.1,878.3,83.50,0.9
69480.0,1307.7,1.14,0.05,1.14,40.73434,-111.87210,39.0,16.6,878.2,72.64,0.9
69540.0,1307.7,0.94,0.05,0.94,40.73434,-111.87210,39.0,16.4,878.0,76.02,0.5
69600.0,1307.8,1.04,0.04,1.04,40.73434,-111.87210,38.9,16.8,878.0,82.60,0.9
69660.0,1307.8,1.05,0.05,1.05,40.73434,-111.87210,38.8,16.5,877.9,73.97,0.8
69720.0,1307.8,1.38,0.05,1.38,40.73434,-111.87210,38.8,16.5,878.2,83.05,0.8
69780.0,1307.8,1.42,0.05,1.42,40.73434,-111.87210,38.8,16.3,878.2,88.11,0.9
69840.0,1308.0,1.74,0.04,1.74,40.73434,-111.87210,39.0,16.1,878.2,94.38,0.7
69900.0,1307.9,1.57,0.06,1.57,40.73434,-111.87210,39.1,15.8,878.2,95.71,1.0
69960.0,1308.1,1.55,0.05,1.55,40.73434,-111.87210,39.1,16.1,878.2,82.87,0.6
70020.0,1308.1,2.00,0.05,2.00,40.73434,-111.87210,39.2,16.2,878.2,56.42,0.3
70080.0,1308.0,2.41,0.05,2.41,40.73434,-111.87210,39.2,15.9,878.2,44.08,0.4
70140.0,1308.1,1.56,0.05,1.56,40.73434,-111.87210,39.2,15.9,878.2,69.08,0.4
70200.0,1308.2,1.68,0.05,1.68,40.73434,-111.87210,39.2,15.8,878.2,43.78,0.3
70260.0,1308.3,1.23,0.05,1.23,40.73434,-111.87210,39.1,16.0,878.2,46.73,0.5
70320.0,1308.2,1.37,0.05,1.37,40.73434,-111.87210,39.0,15.7,878.2,48.51,0.2
70380.0,1308.3,1.33,0.05,1.33,40.73434,-111.87210,39.2,15.5,878.2,100.60,1.0
70440.0,1308.4,1.31,0.06,1.31,40.73434,-111.87210,39.3,15.4,878.2,93.64,0.6
70500.0,1308.4,1.26,0.05,1.26,40.73434,-111.87210,39.5,14.7,878.2,107.74,0.6
70560.0,1308.4,0.71,0.05,0.71,40.73434,-111.87210,39.7,14.5,878.2,123.64,0.6
70620.0,1308.5,0.94,0.05,0.94,40.73434,-111.87210,39.9,15.0,878.1,117.18,0.7
70680.0,1308.7,0.56,0.05,0.56,40.73434,-111.87210,39.9,16.0,878.1,83.60,1.0
70740.0,1308.9,0.22,0.05,0.22,40.73434,-111.87210,39.8,16.8,878.1,91.25,1.1
70800.0,1308.9,0.89,0.05,0.89,40.73434,-111.87210,39.7,16.1,878.2,43.29,0.4
70860.0,1308.9,1.25,0.05,1.25,40.73434,-111.87211,39.7,15.8,878.1,84.13,0.8
70920.0,1308.9,0.95,0.06,0.95,40.73434,-111.87211,39.7,15.8,878.2,70.72,0.6
70980.0,1308.9,1.07,0.05,1.07,40.73434,-111.87211,39.6,16.5,878.2,82.05,0.9
71040.0,1308.9,0.93,0.05,0.93,40.73434,-111.87211,39.6,15.8,878.2,69.22,0.7
71100.0,1308.9,1.53,0.04,1.53,40.73434,-111.87211,39.7,15.4,878.1,81.09,0.5
71160.0,1308.9,2.00,0.05,2.00,40.73434,-111.87211,39.4,15.7,878.1,65.76,0.9
71220.0,1309.0,2.17,0.06,2.17,40.73434,-111.87211,39.2,15.5,878.1,13.79,0.4
71280.0,1308.9,2.34,0.05,2.34,40.73434,-111.87211,39.2,16.1,878.1,65.57,0.7
71340.0,1308.7,2.22,0.05,2.22,40.73434,-111.87211,39.1,16.2,878.1,95.35,1.3
71400.0,1308.6,1.40,0.05,1.40,40.73434,-111.87211,39.0,15.8,878.1,87.59,1.0
71460.0,1308.7,1.08,0.05,1.08,40.73434,-111.87211,39.1,16.5,878.0,95.56,1.0
71520.0,1308.8,1.21,0.06,1.21,40.73434,-111.87211,39.2,15.8,878.1,77.41,0.6
71580.0,1309.0,1.26,0.05,1.26,40.73434,-111.87211,39.4,15.7,878.0,92.60,0.7
71640.0,1308.9,1.24,0.04,1.24,40.73434,-111.87211,39.5,15.1,878.0,164.97,0.5
71700.0,1308.8,1.15,0.05,1.15,40.73434,-111.87211,39.8,15.2,878.0,161.35,0.6
71760.0,1308.8,1.41,0.05,1.41,40.73434,-111.87211,39.9,15.5,878.0,93.03,0.5
71820.0,1308.7,1.34,0.05,1.34,40.73434,-111.87211,39.5,15.6,878.0,334.66,0.5
71880.0,1308.8,1.54,0.05,1.54,40.73434,-111.87211,39.5,15.8,878.0,63.83,0.4
71940.0,1308.9,1.31,0.05,1.31,40.73434,-111.87211,39.7,15.8,877.8,97.97,1.0
72000.0,1308.7,1.80,0.05,1.80,40.73434,-111.87211,39.7,16.6,877.7,90.07,1.1
72060.0,1308.9,1.84,0.04,1.84,40.73434,-111.87211,39.4,15.5,877.7,28.62,0.5
72120.0,1309.0,1.78,0.05,1.78,40.73434,-111.87211,39.4,16.0,877.8,89.05,1.0
72180.0,1309.1,1.57,0.04,1.57,40.73434,-111.87211,39.5,15.7,877.6,104.71,1.0
72240.0,1309.1,1.29,0.04,1.29,40.73434,-111.87211,39.4,16.1,877.8,84.58,0.9
72300.0,1309.4,1.00,0.04,1.00,40.73434,-111.87211,39.4,15.7,877.9,89.24,0.7
72360.0,1309.7,1.61,0.04,1.61,40.73434,-111.87211,39.4,15.3,877.9,69.94,0.5
72420.0,1309.5,1.82,0.05,1.82,40.73434,-111.87211,39.2,15.3,877.9,74.67,0.9
72480.0,1309.5,1.60,0.04,1.60,40.73434,-111.87211,39.1,15.2,877.9,89.20,0.6
72540.0,1309.5,1.30,0.05,1.30,40.73434,-111.87211,39.2,15.3,877.9,95.41,0.8
72600.0,-9999.0,-9999.00,-9999.00,-9999.00,-9999.00000,-9999.00000,-9999.0,-9999.0,-9999.0,-9999.00,-9999.0
72660.0,-9999.0,-9999.00,-9999.00,-9999.00,-9999.00000,-9999.00000,-9999.0,-9999.0,-9999.0,-9999.00,-9999.0
72720.0,-9999.0,-9999.00,-9999.00,-9999.00,-9999.00000,-9999.00000,-9999.0,-9999.0,-9999.0,-9999.00,-9999.0
72780.0,-9999.0,-9999.00,-9999.00,-9999.00,-9999.00000,-9999.00000,-9999.0,-9999.0,-9999.0,-9999.00,-9999.0
72840.0,-9999.0,-9999.00,-9999.00,-9999.00,-9999.00000,-9999.00000,-9999.0,-9999.0,-9999.0,-9999.00,-9999.0
72900.0,-9999.0,-9999.00,-9999.00,-9999.00,-9999.00000,-9999.00000,-9999.0,-9999.0,-9999.0,-9999.00,-9999.0
72960.0,-9999.0,-9999.00,-9999.00,-9999.00,-9999.00000,-9999.00000,-9999.0,-9999.0,-9999.0,-9999.00,-9999.0
73020.0,-9999.0,-9999.00,-9999.00,-9999.00,-9999.00000,-9999.00000,-9999.0,-9999.0,-9999.0,-9999.00,-9999.0
73080.0,-9999.0,-9999.00,-9999.00,-9999.00,-9999.00000,-9999.00000,-9999.0,-9999.0,-9999.0,-9999.00,-9999.0
73140.0,-9999.0,-9999.00,-9999.00,-9999.00,-9999.00000,-9999.00000,-9999.0,-9999.0,-9999.0,-9999.00,-9999.0
73200.0,-9999.0,-9999.00,-9999.00,-9999.00,-9999.00000,-9999.00000,-9999.0,-9999.0,-9999.0,-9999.00,-9999.0
73260.0,-9999.0,-9999.00,-9999.00,-9999.00,-9999.00000,-9999.00000,-9999.0,-9999.0,-9999.0,-9999.00,-9999.0
73320.0,-9999.0,-9999.00,-9999.00,-9999.00,-9999.00000,-9999.00000,-9999.0,-9999.0,-9999.0,-9999.00,-9999.0
73380.0,-9999.0,-9999.00,-9999.00,-9999.00,-9999.00000,-9999.00000,-9999.0,-9999.0,-9999.0,-9999.00,-9999.0
73440.0,-9999.0,-9999.00,-9999.00,-9999.00,-9999.00000,-9999.00000,-9999.0,-9999.0,-9999.0,-9999.00,-9999.0
73500.0,-9999.0,-9999.00,-9999.00,-9999.00,-9999.00000,-9999.00000,-9999.0,-9999.0,-9999.0,-9999.00,-9999.0
73560.0,-9999.0,-9999.00,-9999.00,-9999.00,-9999.00000,-9999.00000,-9999.0,-9999.0,-9999.0,-9999.00,-9999.0
73620.0,-9999.0,-9999.00,-9999.00,-9999.00,-9999.00000,-9999.00000,-9999.0,-9999.0,-9999.0,-9999.00,-9999.0
73680.0,-9999.0,-9999.00,-9999.00,-9999.00,-9999.00000,-9999.00000,-9999.0,-9999.0,-9999.0,-9999.00,-9999.0
73740.0,-9999.0,-9999.00,-9999.00,-9999.00,-9999.00000,-9999.00000,-9999.0,-9999.0,-9999.0,-9999.00,-9999.0
73800.0,-9999.0,-9999.00,-9999.00,-9999.00,-9999.00000,-9999.00000,-9999.0,-9999.0,-9999.0,-9999.00,-9999.0
73860.0,-9999.0,-9999.00,-9999.00,-9999.00,-9999.00000,-9999.00000,-9999.0,-9999.0,-9999.0,-9999.00,-9999.0
73920.0,-9999.0,-9999.00,-9999.00,-9999.00,-9999.00000,-9999.00000,-9999.0,-9999.0,-9999.0,-9999.00,-9999.0
73980.0,-9999.0,-9999.00,-9999.00,-9999.00,-9999.00000,-9999.00000,-9999.0,-9999.0,-9999.0,-9999.00,-9999.0
74040.0,-9999.0,-9999.00,-9999.00,-9999.00,-9999.00000,-9999.00000,-9999.0,-9999.0,-9999.0,-9999.00,-9999.0
74100.0,-9999.0,-9999.00,-9999.00,-9999.00,-9999.00000,-9999.00000,-9999.0,-9999.0,-9999.0,-9999.00,-9999.0
74160.0,-9999.0,-9999.00,-9999.00,-9999.00,-9999.00000,-9999.00000,-9999.0,-9999.0,-9999.0,-9999.00,-9999.0
74220.0,-9999.0,-9999.00,-9999.00,-9999.00,-9999.00000,-9999.00000,-9999.0,-9999.0,-9999.0,-9999.00,-9999.0
74280.0,-9999.0,-9999.00,-9999.00,-9999.00,-9999.00000,-9999.00000,-9999.0,-9999.0,-9999.0,-9999.00,-9999.0
