CampaignData_and_Merges/R0/CSL_MobileLab_Parked/raw/20240807/USOS-POPS_MobileLabGround_20240807_R0.ict
78, 1001
Thornberry, T. D.
NOAA Chemical Sciences Laboratory
Portable Optical Particle Spectrometer (POPS)
USOS
1, 1
2024, 08, 07, 2025, 05, 08
60
Time_Start, seconds_past_midnight, Start time of measurement
45
1, 1, 1, 1, 1, 1, 1, 1, 1, 1, 1, 1, 1, 1, 1, 1, 1, 1, 1, 1, 1, 1, 1, 1, 1, 1, 1, 1, 1, 1, 1, 1, 1, 1, 1, 1, 1, 1, 1, 1, 1, 1, 1, 1, 1
-9999, -9999, -9999, -9999, -9999, -9999, -9999, -9999, -9999, -9999, -9999, -9999, -9999, -9999, -9999, -9999, -9999, -9999, -9999, -9999, -9999, -9999, -9999, -9999, -9999, -9999, -9999, -9999, -9999, -9999, -9999, -9999, -9999, -9999, -9999, -9999, -9999, -9999, -9999, -9999, -9999, -9999, -9999, -9999, -9999
Time_Stop, seconds_past_midnight, Stop time of measurement
Time_Mid, seconds_past_midnight, Mid time of measurement
Press_mb, mb, Pressure reported (mb)
Temp_C, degrees C, POPS temperature measurement
Aerosol_concentration, cm^-3, Aerosol concentration
Surface_Area_Conc, um^2 cm^-3, Surface area concentration
Volume_density, um^3 cm^-3, Volume density
Effective_radius, um, Effective radius
Extinction, km^-1, Extinction
Bin01, cm^-3, particle concentration in size range [1401 - 146.3 nm]
Bin02, cm^-3, particle concentration in size range [146.3 - 152.8 nm]
Bin03, cm^-3, particle concentration in size range [152.8 - 159.6 nm]
Bin04, cm^-3, particle concentration in size range [159.6 - 166.8 nm]
Bin05, cm^-3, particle concentration in size range [166.8 - 174.2 nm]
Bin06, cm^-3, particle concentration in size range [174.2 - 181.9 nm]
Bin07, cm^-3, particle concentration in size range [181.9 - 190.0 nm]
Bin08, cm^-3, particle concentration in size range [190.0 - 198.5 nm]
Bin09, cm^-3, particle concentration in size range [198.5 - 207.4 nm]
Bin10, cm^-3, particle concentration in size range [207.4 - 216.6 nm]
Bin11, cm^-3, particle concentration in size range [216.6 - 226.2 nm]
Bin12, cm^-3, particle concentration in size range [226.2 - 236.3 nm]
Bin13, cm^-3, particle concentration in size range [236.3 - 246.8 nm]
Bin14, cm^-3, particle concentration in size range [246.8 - 257.8 nm]
Bin15, cm^-3, particle concentration in size range [257.8 - 269.3 nm]
Bin16, cm^-3, particle concentration in size range [269.3 - 343.4 nm]
Bin17, cm^-3, particle concentration in size range [343.4 - 450.7 nm]
Bin18, cm^-3, particle concentration in size range [450.7 - 525.9 nm]
Bin19, cm^-3, particle concentration in size range [525.9 - 618.5 nm]
Bin20, cm^-3, particle concentration in size range [618.5 - 710.0 nm]
Bin21, cm^-3, particle concentration in size range [710.0 - 822.7 nm]
Bin22, cm^-3, particle concentration in size range [822.7 - 885.9 nm]
Bin23, cm^-3, particle concentration in size range [885.9 - 953.9 nm]
Bin24, cm^-3, particle concentration in size range [953.9 - 1027.2 nm]
Bin25, cm^-3, particle concentration in size range [1027.2 - 1106.1 nm]
Bin26, cm^-3, particle concentration in size range [1106.1 - 1191.0 nm]
Bin27, cm^-3, particle concentration in size range [1191.0 - 1282.5 nm]
Bin28, cm^-3, particle concentration in size range [1282.5 - 1381.0 nm]
Bin29, cm^-3, particle concentration in size range [1381.0 - 1487.1 nm]
Bin30, cm^-3, particle concentration in size range [1487.1 - 1601.3 nm]
Bin31, cm^-3, particle concentration in size range [1601.3 - 1724.3 nm]
[...]
PLATFORM: NOAA CSL Mobile Lab
LOCATION: USOS
ASSOCIATED_DATA: N/A
INSTRUMENT_INFO: Printed Optical Particle Spectrometer counts particles from 140 - 2500 nm in diameter 
DATA_INFO: Particle concentrations reported in number per cubic centimeter,1 Hz data
UNCERTAINTY: Counting uncertainty dominated by air flow, less than 5 percent. Measurement range is ~0 - 3000 per cm3 (varies depending on flow rate- manufacturer quotes 1250 per cm3 at 1.667 cc/s)
ULOD_FLAG: -7777
ULOD_VALUE: N/A
LLOD_FLAG: -8888
LLOD_VALUE: N/A
DM_CONTACT_INFO: Troy Thornberry, 325 Broadway R/CSL6, Boulder, CO 80305; troy.thornberry@noaa.gov; 303-497-3373
PROJECT_INFO: USOS, Utah POPS data from NOAA CSL Mobile Lab
STIPULATIONS_ON_USE: Please contact the PIs for questions regarding applications and uncertainties
OTHER_COMMENTS: POPS bin Edges (nm):  140.1, 146.3, 152.8, 159.6, 166.8, 174.2, 181.9, 190.0, 198.5, 207.4, 216.6, 226.2, 236.3, 246.8, 257.8, 269.3, 343.4, 450.7, 525.9, 618.5, 710.0, 822.7, 885.9, 953.9, 1027.2, 1106.1, 1191.0, 1282.5, 1381.0, 1487.1, 1601.3, 1724.3, 1856.7, 1999.3, 2152.8, 2318.2, 2496.2
Calculations assume organic aerosol refractive index of 1.52+0.00j and extinction wavelength = 532 nm
REVISION: R0
R0: Final data
Time_Start, Time_Stop, Time_Mid, Press_mb, Temp_C, Aerosol_concentration, Surface_Area_Conc, Volume_density, Effective_radius, Extinction, Bin01, Bin02, Bin03, Bin04, Bin05, Bin06, Bin07, Bin08, Bin09, Bin10, Bin11, Bin12, Bin13, Bin14, Bin15, Bin16, Bin17, Bin18, Bin19, Bin20, Bin21, Bin22, Bin23, Bin24, Bin25, Bin26, Bin27, Bin28, Bin29, Bin30, Bin31, Bin32, Bin33, Bin34, Bin35, Bin36
[from data line 242]
14520,14579,14550,870.559,33.405,243.059,33.297,2.095,0.184,0.008,32.437595,28.339136,25.066681,22.250217,19.670429,16.592581,14.280207,11.788767,10.337405,8.913754,7.939461,7.541585,6.923380,5.993399,4.837531,13.418345,4.446746,1.204272,0.515663,0.122167,0.055712,0.033422,0.028003,0.044974,0.044484,0.028061,0.027748,0.022078,0.016456,0.011148,0.016617,0.049361,0.022358,0.005342,0.016876,0.016991
14580,14639,14610,870.563,33.381,245.947,34.366,2.199,0.187,0.009,32.936790,29.304607,25.434059,22.032810,19.814528,16.781239,14.037267,12.237808,10.439017,9.069216,7.765108,7.205184,6.768322,5.952261,4.658405,14.332347,4.550888,1.418992,0.557131,0.105254,0.083051,0.022390,0.072413,0.033377,0.033412,0.044585,0.027597,0.016764,0.039378,0.039146,0.027599,0.033395,0.028043,0.016632,0.011223,0.016708
14640,14699,14670,870.550,33.242,247.299,35.447,2.524,0.208,0.009,32.836910,28.732609,25.478086,22.180849,19.857058,17.044941,14.261045,12.416467,10.497835,9.263237,7.954061,7.717402,6.718160,6.290244,4.834665,14.060372,4.561617,1.295482,0.576769,0.088796,0.072818,0.033314,0.055912,0.022087,0.038597,0.049560,0.044108,0.044240,0.016597,0.060831,0.055950,0.038848,0.038497,0.005501,0.022060,0.033272
14700,14759,14730,870.560,33.248,245.034,34.272,2.308,0.194,0.009,32.885052,28.943956,24.990589,21.945332,19.823687,16.812162,14.204773,12.440248,10.297886,8.907402,7.708568,7.623978,6.566418,6.385515,4.844697,13.960690,4.416931,1.136054,0.497695,0.099947,0.060612,0.060770,0.049789,0.033439,0.033108,0.022227,0.038129,0.010911,0.022133,0.055680,0.027489,0.038590,0.016725,0.033506,0.011245,0.027909
14760,14819,14790,870.555,33.265,249.996,35.192,2.330,0.192,0.009,34.291698,29.588671,25.697723,23.115431,19.538754,16.824898,14.064881,12.072945,10.367346,9.234793,8.314204,7.731449,6.691916,5.986978,4.854628,14.575051,4.481271,1.201394,0.639612,0.105949,0.077722,0.032830,0.061440,0.055440,0.038681,0.033373,0.060948,0.038807,0.016857,0.027367,0.055878,0.033489,0.033420,0.017028,0.022395,0.011102
14820,14879,14850,870.558,33.287,253.776,35.905,2.532,0.204,0.009,34.456768,29.575062,26.704811,23.611675,19.994368,17.586758,14.963304,12.062702,10.427741,8.851763,8.277257,7.501720,7.088065,6.029352,5.104269,14.387254,4.768280,1.138535,0.511373,0.116270,0.105943,0.044835,0.044908,0.038934,0.044072,0.011201,0.028271,0.044883,0.022718,0.044708,0.038460,0.033543,0.027891,0.022118,0.022311,0.043749
14880,14939,14910,870.547,33.227,252.932,35.796,2.443,0.198,0.009,35.496452,30.331011,25.563643,22.920433,20.672132,16.858299,14.267896,12.710947,10.216445,9.210040,8.080010,7.580318,6.591045,5.780450,4.922034,14.370773,4.591062,1.313900,0.612228,0.127696,0.116704,0.049348,0.066898,0.077726,0.066431,0.027778,0.022039,0.044107,0.033545,0.027390,0.071921,0.038791,0.016858,0.011074,0.016762,0.027318
14940,14999,14970,870.547,33.170,251.869,35.172,2.304,0.191,0.009,34.488285,30.098295,25.349188,22.582888,20.275288,17.567150,14.623410,12.828004,10.371559,8.806896,7.929155,7.621690,6.913730,6.415958,4.690087,14.529843,4.386323,1.198090,0.569277,0.091683,0.085310,0.046175,0.034397,0.034268,0.028871,0.017243,0.028855,0.023202,0.022635,0.022744,0.068411,0.005786,0.045728,0.011353,0.017338,0.040162
15000,15059,15030,870.564,33.107,256.857,36.233,2.532,0.204,0.009,35.312004,31.143074,26.257334,23.548664,20.661255,17.480108,14.408410,12.242352,10.425276,9.105208,8.196815,7.468455,7.323678,6.301262,5.104008,14.797268,4.538160,1.185039,0.646597,0.089317,0.044392,0.066413,0.039005,0.044373,0.056066,0.044375,0.022429,0.016557,0.055605,0.060746,0.039027,0.049737,0.027697,0.011204,0.005631,0.038913
15060,15119,15090,870.555,33.054,248.145,35.462,2.567,0.208,0.009,33.320137,29.347305,25.612579,22.665163,20.175816,16.688805,14.227493,12.631229,10.363078,8.729393,8.169751,7.322430,6.720997,5.716944,4.847219,14.519968,4.614112,1.284446,0.437461,0.126314,0.066267,0.043990,0.060792,0.044254,0.055293,0.044018,0.038872,0.016724,0.027864,0.022200,0.054893,0.033229,0.011338,0.016281,0.044258,0.044426
15120,15179,15150,870.557,33.051,248.771,34.675,2.248,0.188,0.009,33.619942,29.734629,25.453827,22.441168,20.108212,16.865519,14.500759,12.276535,10.330573,9.209350,8.325336,7.265042,6.648352,5.972475,4.744752,14.095927,4.744341,1.233141,0.529186,0.111538,0.071932,0.038924,0.071920,0.060799,0.043655,0.022284,0.027855,0.039051,0.016677,0.011205,0.044562,0.027946,0.016450,0.022454,0.016837,0.027716
15180,15239,15210,870.579,33.072,248.873,34.582,2.219,0.186,0.009,33.465607,29.701387,25.301992,22.988367,19.853699,16.994862,14.529775,12.279454,10.634810,8.487589,7.687577,7.384025,7.010084,6.096743,5.003827,14.591996,4.481393,1.230424,0.514217,0.149761,0.044289,0.044742,0.032856,0.038486,0.043936,0.050137,0.022281,0.022043,0.022353,0.016545,0.027534,0.022409,0.032529,0.016652,0.021883,0.027044
15240,15299,15270,870.574,33.112,245.668,34.373,2.303,0.193,0.009,32.758438,29.074444,25.626553,22.439087,19.475321,17.052166,14.611627,12.244943,9.865197,9.068619,8.147792,7.205417,6.663074,5.644097,4.700676,14.038765,4.554197,1.305201,0.556756,0.110944,0.078053,0.028157,0.039192,0.039115,0.033396,0.033447,0.022391,0.044228,0.038673,0.011149,0.027891,0.038748,0.022562,0.011205,0.033815,0.022271
15300,15359,15330,870.585,33.082,245.913,34.271,2.269,0.192,0.009,33.111382,28.804279,25.160070,23.144928,20.000601,16.463964,14.267076,11.995410,10.257444,8.758937,7.871031,7.533203,6.751735,6.052240,4.866592,13.847857,4.507691,1.259633,0.532261,0.155028,0.121665,0.094181,0.044116,0.033552,0.033485,0.016576,0.021861,0.011303,0.016593,0.011186,0.049520,0.044529,0.011320,0.016487,0.011228,0.033892
15360,15419,15390,870.571,32.953,244.624,33.271,1.985,0.174,0.008,32.122231,29.362221,25.283897,22.622101,19.132111,16.700453,14.089705,11.753490,10.656346,8.897071,7.675781,7.445782,6.845776,6.095644,4.675955,14.461743,4.590935,1.206202,0.472889,0.139042,0.077714,0.033363,0.050350,0.027543,0.005501,0.011224,0.022301,0.016651,0.022191,0.010918,0.016653,0.044883,0.022332,0.016787,0.010949,0.005574
15420,15479,15450,870.586,32.889,245.225,34.117,2.192,0.187,0.009,33.190289,29.227818,25.015560,22.238491,19.643925,17.091391,14.448099,12.237991,9.852216,8.805700,7.754462,7.453207,6.459124,5.842031,5.041472,14.079632,4.483364,1.104202,0.526983,0.133203,0.083824,0.044508,0.089736,0.044566,0.055313,0.027953,0.038692,0.039286,0.000000,0.032929,0.033446,0.033395,0.028029,0.016749,0.000000,0.027854
15480,15539,15510,870.565,32.821,243.419,33.851,2.247,0.193,0.009,32.070000,28.615814,24.693789,22.628361,19.883579,17.035023,13.864612,11.999849,10.271193,9.051358,7.870759,7.307859,6.890945,5.656192,4.701798,14.046375,4.536907,1.187005,0.590324,0.066925,0.078194,0.010983,0.038720,0.033545,0.022188,0.011056,0.027601,0.005612,0.011149,0.044412,0.022356,0.044262,0.044733,0.016932,0.027921,0.011042
15540,15599,15570,870.574,32.706,242.005,34.151,2.222,0.190,0.009,32.222328,28.321959,24.019691,22.480833,19.456596,16.489367,13.852288,12.169233,10.437233,8.926690,7.564494,7.263143,6.952696,6.019801,4.515182,14.177384,4.660521,1.232116,0.531369,0.136416,0.079453,0.045079,0.062249,0.033737,0.045146,0.039194,0.039357,0.045381,0.005557,0.028177,0.050899,0.022602,0.022197,0.011301,0.016752,0.028065
15600,15659,15630,870.564,32.608,240.577,33.489,2.145,0.185,0.008,31.199739,28.051140,25.154242,21.997330,19.298035,16.545498,14.030997,11.806906,10.494651,8.884541,7.621567,7.232255,6.596887,6.018357,4.560657,14.297207,4.583805,1.182498,0.434099,0.084172,0.095316,0.038944,0.045485,0.027958,0.028244,0.033942,0.011358,0.034039,0.034185,0.005824,0.028175,0.028040,0.033994,0.017026,0.017067,0.022755
15660,15719,15690,870.564,32.664,242.848,34.526,2.411,0.200,0.009,33.080421,28.446739,25.415844,21.587921,19.567581,16.174459,14.117397,12.471802,9.895750,8.781683,7.754891,7.223720,6.768381,5.920507,4.633578,14.017888,4.595157,1.214729,0.471400,0.072560,0.083561,0.077617,0.033118,0.050381,0.016817,0.022385,0.044628,0.050266,0.033195,0.050417,0.056587,0.033302,0.016492,0.005556,0.027691,0.033882
15720,15779,15750,870.560,32.662,241.340,33.733,2.170,0.186,0.009,32.232975,28.411657,24.019136,21.756386,19.778534,16.224148,14.081940,12.107615,10.330977,8.626849,8.059342,7.134726,6.686133,5.907563,4.718211,14.570958,4.345361,1.107988,0.569245,0.112232,0.084795,0.085079,0.044606,0.033528,0.027971,0.044579,0.022544,0.033475,0.011318,0.022623,0.039971,0.033960,0.034206,0.005805,0.005669,0.027848
15780,15839,15810,870.553,32.627,242.611,34.330,2.268,0.191,0.009,31.826124,29.303764,24.786804,21.797966,19.557190,16.253780,14.037850,12.159552,10.346920,9.037623,8.191816,7.175249,6.249784,5.783995,4.624455,14.253854,4.413660,1.407466,0.682967,0.116545,0.133009,0.066527,0.044375,0.028313,0.027324,0.050066,0.021779,0.016486,0.043761,0.033077,0.033401,0.027972,0.022197,0.011093,0.000000,0.044300
15840,15899,15870,870.555,32.637,246.102,34.776,2.384,0.199,0.009,33.127632,28.613598,25.543655,22.684601,19.724607,16.641344,14.264490,12.121048,9.883207,9.292626,7.847029,7.392221,6.481934,6.129736,4.621628,14.572251,4.659012,1.275593,0.521843,0.100444,0.117892,0.055895,0.033895,0.039114,0.050106,0.021906,0.016749,0.055408,0.011038,0.033525,0.033228,0.045222,0.005411,0.033433,0.033608,0.016669
15900,15959,15930,870.542,32.649,242.451,34.214,2.350,0.198,0.009,32.988522,28.848425,24.322191,22.266956,19.445482,16.142408,13.870912,12.128254,10.134338,8.811932,7.740775,7.342083,6.649882,5.917729,4.871246,14.000210,4.427988,1.275943,0.572249,0.155880,0.089155,0.033525,0.061270,0.033395,0.016734,0.033174,0.005537,0.032958,0.016649,0.028080,0.049877,0.044150,0.027306,0.021824,0.022208,0.022111
15960,16019,15990,870.553,32.609,241.256,34.648,2.343,0.194,0.009,31.218767,27.511869,24.565487,22.311214,19.408581,16.886396,13.691227,12.001019,9.787386,8.986567,7.738698,7.449528,6.970330,6.189861,4.874830,14.351590,4.667848,1.286560,0.578140,0.149375,0.105747,0.060847,0.044696,0.027985,0.066755,0.027726,0.011223,0.050265,0.044903,0.028200,0.039231,0.028041,0.033467,0.016725,0.022318,0.022081
16020,16079,16050,870.556,32.568,241.432,34.042,2.309,0.198,0.009,32.060413,28.407776,24.819220,21.870470,19.725027,16.289051,14.038508,11.878767,10.288542,8.862619,7.699264,7.191189,6.773364,5.919558,4.646190,14.208647,4.435932,1.127266,0.450208,0.111541,0.134164,0.061871,0.044374,0.033465,0.033371,0.044111,0.005612,0.027928,0.044381,0.055489,0.027330,0.038530,0.016345,0.016601,0.011338,0.033401
16080,16139,16110,870.547,32.577,240.161,33.976,2.298,0.194,0.009,31.731684,28.218454,24.829226,21.695181,18.892914,16.603474,13.754450,11.716214,10.154251,8.914482,7.552112,7.509498,6.683634,6.064144,4.842755,13.923679,4.634743,1.237903,0.578915,0.098844,0.071694,0.060907,0.038950,0.038818,0.022284,0.016582,0.016558,0.038730,0.022393,0.021986,0.044092,0.032896,0.043909,0.011188,0.005501,0.038499
16140,16199,16170,870.539,32.575,241.260,34.305,2.334,0.195,0.009,31.511812,28.031996,24.540621,22.243534,18.948692,16.506111,14.597865,12.253028,10.055802,9.074707,7.827846,7.322131,6.614158,6.080238,4.302219,14.236495,4.679777,1.226521,0.499003,0.127328,0.084191,0.027883,0.055639,0.022280,0.061721,0.039074,0.021972,0.022600,0.028009,0.044467,0.049389,0.033275,0.033409,0.011111,0.016898,0.027753
16200,16259,16230,870.545,32.608,238.031,33.920,2.419,0.204,0.009,31.160011,26.994877,24.844938,21.856838,18.668770,16.635731,14.061766,12.128917,10.130904,8.563749,7.945111,6.829303,6.521266,5.689542,4.673315,14.647259,4.372427,1.244860,0.451817,0.117184,0.044184,0.043926,0.033113,0.027761,0.005574,0.016668,0.027659,0.033560,0.043624,0.038832,0.032865,0.038554,0.028044,0.016653,0.005556,0.055695
16260,16319,16290,870.552,32.624,238.586,33.774,2.378,0.204,0.009,31.821211,28.219975,24.100103,21.542198,19.644331,15.762744,13.588264,11.428065,10.134964,9.028119,7.854847,7.327699,6.315698,6.004858,4.839274,14.257462,4.249949,1.238679,0.595133,0.089210,0.055557,0.050038,0.055642,0.038753,0.027618,0.022354,0.027671,0.033577,0.016504,0.032994,0.044387,0.066117,0.027654,0.011112,0.000000,0.033275
16320,16379,16350,870.556,32.650,239.713,33.248,2.088,0.180,0.008,31.837648,28.649593,24.596895,22.250725,18.938433,16.162931,13.878317,11.628779,10.058940,8.344069,7.568501,7.327910,6.540220,5.991948,4.983389,14.159271,4.492416,1.112298,0.587841,0.084961,0.117649,0.067790,0.067804,0.022599,0.022586,0.039702,0.005450,0.011008,0.016987,0.011169,0.039237,0.022562,0.011116,0.011299,0.011472,0.039192
16380,16439,16410,870.555,32.627,238.099,33.325,2.054,0.179,0.008,31.141033,27.536810,24.338896,22.507999,19.143888,16.288692,13.731373,11.426341,9.900514,8.895600,7.413554,7.177214,6.530244,6.121473,4.736433,13.976648,4.769454,1.376563,0.498154,0.094494,0.093854,0.061146,0.022414,0.021813,0.049691,0.016539,0.027876,0.016879,0.033487,0.044375,0.027630,0.005519,0.011242,0.011223,0.011111,0.038621
16440,16499,16470,870.542,32.593,239.320,33.285,2.011,0.175,0.008,31.562799,27.404451,24.266750,22.460608,19.020981,16.505167,13.593747,11.785008,9.674994,8.862175,7.971985,7.414773,6.613554,5.977812,4.867697,14.432740,4.450523,1.291929,0.581019,0.074169,0.061874,0.039418,0.039592,0.045245,0.045175,0.050854,0.056574,0.005557,0.033951,0.022716,0.033664,0.027977,0.016906,0.005745,0.005485,0.016838
16500,16559,16530,870.545,32.569,239.954,32.692,1.934,0.172,0.008,31.498466,27.952787,24.590223,21.284164,19.988714,16.817102,13.708625,12.010947,9.720841,8.927308,7.778453,7.313287,6.616841,6.080896,4.699026,14.268353,4.487638,1.285842,0.462455,0.083834,0.088237,0.039254,0.033234,0.033085,0.005464,0.011224,0.005767,0.005394,0.027904,0.016950,0.022264,0.033597,0.011225,0.022337,0.005537,0.016894
16560,16619,16590,870.548,32.578,238.120,33.359,2.105,0.185,0.009,31.439423,27.777956,24.308731,21.826263,18.947149,16.151274,14.106302,11.475893,10.002643,9.051914,7.793172,7.262056,6.398269,5.876873,4.730590,13.874960,4.778992,1.121437,0.559544,0.115851,0.093590,0.055040,0.049931,0.027697,0.038290,0.022437,0.022450,0.033486,0.011148,0.016897,0.055419,0.016801,0.021950,0.016893,0.010966,0.027686
16620,16679,16650,870.557,32.471,239.865,33.464,2.056,0.179,0.008,31.575659,27.438417,24.947323,21.734951,19.206545,16.310123,13.938222,12.254310,10.170534,8.698236,7.846190,6.696341,6.742088,5.930895,4.847249,14.569865,4.530406,1.297538,0.514643,0.122119,0.104879,0.044376,0.027745,0.044383,0.038948,0.038856,0.027831,0.005342,0.027505,0.010933,0.022410,0.011269,0.022192,0.022563,0.022431,0.022114
16680,16739,16710,870.548,32.484,239.190,34.042,2.261,0.192,0.009,31.488724,28.268726,24.153017,21.422928,18.698969,16.213871,14.077262,12.112297,10.226686,8.502132,7.819439,7.337835,7.045784,5.952020,4.669474,13.978030,4.753694,1.206073,0.583966,0.116466,0.099871,0.028175,0.049879,0.039043,0.022372,0.033485,0.039310,0.028371,0.050057,0.038929,0.027773,0.016630,0.016840,0.011021,0.022048,0.038875
16740,16799,16770,870.562,32.421,236.012,32.474,1.864,0.169,0.008,30.957230,27.234119,24.010111,21.464331,18.911821,16.065159,13.874731,11.906503,9.861592,8.611754,7.681619,7.240642,6.524642,5.947499,4.798621,13.964884,4.746161,1.146252,0.510343,0.138606,0.061280,0.043834,0.039013,0.055005,0.011056,0.005359,0.022046,0.016545,0.016593,0.055589,0.033524,0.016817,0.011038,0.005519,0.011435,0.011020
16800,16859,16830,870.570,32.397,236.818,33.042,2.005,0.177,0.008,30.502810,27.529350,23.831427,21.810102,18.868500,15.815837,13.666332,12.099212,10.137651,8.863228,7.443783,7.529360,6.714803,5.926096,4.401277,14.884027,4.475679,1.217532,0.487729,0.139364,0.088514,0.055643,0.027582,0.033337,0.017046,0.033411,0.016874,0.011139,0.022413,0.044223,0.044544,0.022658,0.016857,0.016913,0.011242,0.011300
