CampaignData_and_Merges/R0/CSL_MobileLab_Parked/raw/20240807/USOS-NOy-LIF_MobileLabGround_20240807_R0.ict
39,1001
Rollins, A.; Waxman, E.; Zuraski, K.; Chace, W.
NOAA Chemical Sciences Laboratory
LIF NO/NOx/NOy on CSL Mobile Lab
AMMBEC / USOS
1, 1
2024,08,07, 2025,01,04
1
Time_Start, seconds, number_of_seconds_since_0000_UTC
7
1, 1, 1, 1, 1, 1, 1
-9999, -9999, -9999, -9999, -9999, -9999, -9999
Time_Stop, seconds, number_of_seconds_since_0000_UTC
NO_LIF, pptv, Gas_NO_InSitu_S_AVMR, volume mixing ratio of nitric oxide in air
NO2_LIF, pptv, Gas_NO2_InSitu_S_AVMR, volume mixing ratio of nitrogen dioxide in air
NOy_LIF, pptv, Gas_NOy_InSitu_S_AVMR, volume mixing ratio of total oxidized nitrogen in air
NO_LIF_1SigmaAccuracy, pptv, Gas_NO_InSitu_S_AVMR, volume mixing ratio of nitric oxide in air
NO2_LIF_1SigmaAccuracy, pptv, Gas_NO2_InSitu_S_AVMR, volume mixing ratio of nitrogen dioxide in air
NOy_LIF_1SigmaAccuracy, pptv, Gas_NOy_InSitu_S_AVMR, volume mixing ratio of total oxidized nitrogen in air
0
18
PI_CONTACT_INFO: andrew.rollins@noaa.gov
PLATFORM: CSL Mobile Lab
LOCATION: Salt Lake City, UT
ASSOCIATED_DATA:
INSTRUMENT_INFO: NO detection by laser induced fluorescence. NO2 detection by photolytic conversion to NO. NOy detection by catalytic conversion to NO on gold surface
DATA_INFO:
UNCERTAINTY: Included 1 Sigma Accuracy waves represent the combined calibration uncertainties (±6%, ±9%, ±10%) and zero uncertainties (3 ppt, 20 ppt, 100 ppt) for NO, NO2, and NOy, respectively.
ULOD_FLAG: -7777
ULOD_VALUE: N/A
LLOD_FLAG: -8888
LLOD_VALUE: N/A
DM_CONTACT_INFO: andrew.rollins@noaa.gov
PROJECT_INFO: USOS Project, July - August 2024
STIPULATIONS_ON_USE: Users are strongly encouraged to contact the PI for proper data usage.
OTHER_COMMENTS:
REVISION: R0
R0: final data
Time_Start, Time_Stop, NO_LIF, NO2_LIF, NOy_LIF, NO_LIF_1SigmaAccuracy, NO2_LIF_1SigmaAccuracy, NOy_LIF_1SigmaAccuracy
       0,      60,194.09,1361.1,2398.6,14.646, 142.5, 339.86
      60,     120,195.32,1370.6,2319,14.719, 143.35, 331.9
     120,     180,196.81,1406.8,2434.3,14.809, 146.62, 343.43
     180,     240,156.71,1089.4,2064.9,12.403, 118.05, 306.49
     240,     300,150.81,1119,1938.7,12.049, 120.71, 293.87
     300,     360,165.29,1254.9,2098.6,12.918, 132.94, 309.86
     360,     420,173.04,1224.5,2119.3,13.382, 130.2, 311.93
     420,     480,167.72,1230.9,2085.8,13.063, 130.78, 308.58
     480,     540,219.77,1495.8,2424,16.186, 154.62, 342.4
     540,     600,187.11,1283.2,2288.4,14.226, 135.49, 328.84
     600,     660,223.48,1504,2483.5,16.409, 155.36, 348.35
     660,     720,251.08,1739.6,2725.9,18.065, 176.57, 372.59
     720,     780,234.16,1623.5,2677.9,17.049, 166.12, 367.79
     780,     840,205.75,1347.8,2272.2,15.345, 141.3, 327.22
     840,     900,174.76,1196.2,2092.6,13.486, 127.65, 309.26
     900,     960,202.64,1347.8,2210,15.158, 141.3, 321
     960,    1020,190.49,1464.4,2276,14.429, 151.8, 327.6
    1020,    1080,270.13,1645.5,2596,19.208, 168.1, 359.6
    1080,    1140,312.5,2102.8,3017.5,21.75, 209.25, 401.75
    1140,    1200,264.86,1873.9,2843.4,18.891, 188.65, 384.34
    1200,    1260,189.87,1531.7,2523.5,14.392, 157.85, 352.35
    1260,    1320,187.28,1508.4,2455.2,14.237, 155.75, 345.52
    1320,    1380,-9999,-9999,-9999,-9999, -9999, -9999
    1380,    1440,-9999,-9999,-9999,-9999, -9999, -9999
    1440,    1500,-9999,-9999,-9999,-9999, -9999, -9999
    1500,    1560,-9999,-9999,-9999,-9999, -9999, -9999
    1560,    1620,-9999,-9999,-9999,-9999, -9999, -9999
    1620,    1680,-9999,-9999,-9999,-9999, -9999, -9999
    1680,    1740,-9999,-9999,-9999,-9999, -9999, -9999
    1740,    1800,145.24,1199.3,2079.4,11.714, 127.94, 307.94
    1800,    1860,133.66,1039.7,1949.1,11.019, 113.57, 294.91
    1860,    1920,147.2,1126.2,2007.9,11.832, 121.35, 300.79
    1920,    1980,174.42,1368.8,2214.6,13.465, 143.19, 321.46
    1980,    2040,147.88,1126.9,2014.9,11.873, 121.42, 301.49
    2040,    2100,141.34,1151,1970.2,11.48, 123.59, 297.02
    2100,    2160,145.76,1165,2095.4,11.746, 124.85, 309.54
    2160,    2220,124.81,1148.9,2002.6,10.489, 123.4, 300.26
    2220,    2280,144.4,1232.5,2027.2,11.664, 130.93, 302.72
    2280,    2340,187.06,1476.8,2338.8,14.223, 152.91, 333.88
    2340,    2400,188.83,1429.7,2301.6,14.33, 148.67, 330.16
    2400,    2460,173.61,1357.9,2300.4,13.416, 142.21, 330.04
    2460,    2520,177.3,1341.1,2202.7,13.638, 140.7, 320.27
    2520,    2580,165.18,1221,2035.9,12.911, 129.89, 303.59
    2580,    2640,168.62,1285.7,2109,13.117, 135.71, 310.9
    2640,    2700,167.92,1315.1,2120.4,13.075, 138.36, 312.04
    2700,    2760,165,1378.7,2230.1,12.9, 144.08, 323.01
    2760,    2820,209.45,1709,2479.8,15.567, 173.81, 347.98
    2820,    2880,216.39,1714.4,2561.9,15.983, 174.29, 356.19
    2880,    2940,212.59,1844.6,2612.8,15.755, 186.01, 361.28
    2940,    3000,213.77,1929.1,2830,15.826, 193.62, 383
    3000,    3060,177.78,1633.2,2626.1,13.667, 166.99, 362.61
    3060,    3120,154.82,1568.8,2567.5,12.289, 161.19, 356.75
    3120,    3180,169.83,1450.8,2377.5,13.19, 150.57, 337.75
    3180,    3240,137.11,1122.3,1903.6,11.227, 121.01, 290.36
    3240,    3300,118.78,962.65,1723,10.127, 106.64, 272.3
    3300,    3360,122.18,1034.2,1795.8,10.331, 113.08, 279.58
    3360,    3420,126.86,1091.9,1774.6,10.611, 118.27, 277.46
    3420,    3480,99.332,878.28,1590.7,8.9599, 99.045, 259.07
    3480,    3540,126.46,1067.6,1761.5,10.588, 116.08, 276.15
    3540,    3600,138.24,1196.5,1940.1,11.295, 127.69, 294.01
    3600,    3660,159.83,1487.5,2273.1,12.59, 153.87, 327.31
    3660,    3720,210.29,1649.7,2431.9,15.618, 168.47, 343.19
    3720,    3780,218,1819.6,2633.6,16.08, 183.76, 363.36
    3780,    3840,187.53,1833,2745.7,14.252, 184.97, 374.57
    3840,    3900,182.52,1959.5,2701.5,13.951, 196.36, 370.15
    3900,    3960,176.28,1935.1,2854.1,13.577, 194.15, 385.41
    3960,    4020,203.05,1921.1,3087.2,15.183, 192.9, 408.72
    4020,    4080,151.49,1409,2450,12.09, 146.81, 345
    4080,    4140,128.38,1321.2,2050.8,10.703, 138.91, 305.08
    4140,    4200,128.74,1349.8,2087.6,10.724, 141.48, 308.76
    4200,    4260,123.84,1311.3,2006.1,10.43, 138.02, 300.61
    4260,    4320,131.01,1476.7,2094.5,10.861, 152.91, 309.45
    4320,    4380,132.94,1490.9,2078.4,10.976, 154.18, 307.84
    4380,    4440,137.3,1696.3,2381.2,11.238, 172.67, 338.12
    4440,    4500,152.62,1683.6,2506,12.157, 171.53, 350.6
    4500,    4560,145.37,1510.6,2238.3,11.722, 155.95, 323.83
    4560,    4620,166.98,1716.4,2510.9,13.019, 174.48, 351.09
    4620,    4680,156,1643.6,2303.7,12.36, 167.92, 330.37
    4680,    4740,169.06,1824.3,2583.1,13.143, 184.19, 358.31
    4740,    4800,151.19,1687.4,2531.5,12.071, 171.86, 353.15
    4800,    4860,139.64,1537.3,2257.8,11.379, 158.36, 325.78
    4860,    4920,120.79,1421.6,2140.7,10.248, 147.94, 314.07
    4920,    4980,134.33,1657.6,2403.2,11.06, 169.18, 340.32
    4980,    5040,145.89,1765,2536.5,11.753, 178.85, 353.65
    5040,    5100,138.74,1885.2,2683.5,11.325, 189.67, 368.35
    5100,    5160,144.29,1929.5,2795.5,11.657, 193.65, 379.55
    5160,    5220,129.39,1904.7,2759.8,10.763, 191.42, 375.98
    5220,    5280,130.56,2034.8,2695.4,10.834, 203.13, 369.54
    5280,    5340,112.04,1689,2650.7,9.7223, 172.01, 365.07
    5340,    5400,116.49,1648.1,2458,9.9896, 168.33, 345.8
    5400,    5460,122.18,1720.9,2495.8,10.331, 174.88, 349.58
    5460,    5520,118.73,1762.9,2495.8,10.124, 178.66, 349.58
    5520,    5580,105.57,1820.8,2548.2,9.3344, 183.87, 354.82
    5580,    5640,97.824,1704.4,2451.3,8.8694, 173.4, 345.13
    5640,    5700,108.11,1700.4,2318.1,9.4866, 173.04, 331.81
    5700,    5760,119.28,1768.9,2480.3,10.157, 179.21, 348.03
    5760,    5820,205.46,2397.9,2795.8,15.327, 235.81, 379.58
    5820,    5880,453.11,5553,6945.6,30.187, 519.77, 794.56
    5880,    5940,255.9,4434,5595.8,18.354, 419.06, 659.58
    5940,    6000,98.799,1675.8,2659.3,8.9279, 170.82, 365.93
    6000,    6060,97.021,2122.8,3101,8.8213, 211.05, 410.1
    6060,    6120,107.47,1901.5,2436.6,9.4482, 191.13, 343.66
    6120,    6180,119.09,2210.4,2781.2,10.146, 218.94, 378.12
    6180,    6240,95.542,1762.4,2631,8.7325, 178.62, 363.1
    6240,    6300,89.68,1669.1,2586.8,8.3808, 170.22, 358.68
    6300,    6360,84.945,1843.7,2765.1,8.0967, 185.93, 376.51
    6360,    6420,98.73,2223.2,2940.2,8.9238, 220.09, 394.02
    6420,    6480,96.562,2346.5,2940.9,8.7937, 231.19, 394.09
    6480,    6540,91.645,2331.5,3118.5,8.4987, 229.84, 411.85
    6540,    6600,107.55,2346.6,3133,9.4532, 231.2, 413.3
    6600,    6660,136.05,2607.5,3359.4,11.163, 254.68, 435.94
    6660,    6720,104.52,2545.4,3258.8,9.2715, 249.08, 425.88
    6720,    6780,100.44,2452,3307.8,9.0266, 240.68, 430.78
    6780,    6840,100.85,2608.5,3306.7,9.0508, 254.76, 430.67
    6840,    6900,83.687,2531.8,3321,8.0212, 247.86, 432.1
    6900,    6960,270.89,5491.2,4417,19.254, 514.21, 541.7
    6960,    7020,264.33,6460.2,7169.4,18.86, 601.42, 816.94
    7020,    7080,178.86,5230.3,7024.8,13.732, 490.73, 802.48
    7080,    7140,155.29,5160.4,6162.5,12.317, 484.43, 716.25
    7140,    7200,180.03,5436.9,6187.6,13.802, 509.32, 718.76
    7200,    7260,155.38,5603.4,6980.3,12.323, 524.31, 798.03
    7260,    7320,153.22,5376.9,6569.2,12.193, 503.92, 756.92
    7320,    7380,193.21,5841.3,6486.6,14.592, 545.72, 748.66
    7380,    7440,472.12,8823.1,8815.8,31.327, 814.08, 981.58
    7440,    7500,1138.6,12750,12084,71.318, 1167.5, 1308.4
    7500,    7560,624.12,8630.1,10650,40.447, 796.7, 1165
    7560,    7620,213.96,6964.9,8940.7,15.838, 646.84, 994.07
    7620,    7680,249.51,7275.6,9278.2,17.97, 674.81, 1027.8
    7680,    7740,210.91,7564.2,8693.9,15.655, 700.78, 969.39
    7740,    7800,129.47,5908.9,7520.8,10.768, 551.8, 852.08
    7800,    7860,104.95,5137.8,6901.4,9.2967, 482.4, 790.14
    7860,    7920,112.93,6161.4,7045.9,9.7759, 574.53, 804.59
    7920,    7980,129.51,7077.3,7990.5,10.771, 656.96, 899.05
    7980,    8040,377.77,9480.5,10547,25.666, 873.24, 1154.7
    8040,    8100,143.57,7468.1,9305.5,11.614, 692.13, 1030.6
    8100,    8160,114.98,7444.2,9121.1,9.899, 689.98, 1012.1
    8160,    8220,120.46,7659.2,9048.6,10.228, 709.33, 1004.9
    8220,    8280,202.16,8185.9,8793.6,15.129, 756.73, 979.36
    8280,    8340,145.37,8176.9,9569.5,11.722, 755.92, 1057
    8340,    8400,110.13,7374.4,9125.8,9.608, 683.7, 1012.6
    8400,    8460,166.25,8223.2,9083.5,12.975, 760.09, 1008.3
    8460,    8520,114.16,7652.7,9048.9,9.8495, 708.74, 1004.9
    8520,    8580,108.01,6640.4,8727,9.4809, 617.64, 972.7
    8580,    8640,114.7,6090.1,8360.5,9.8823, 568.11, 936.05
    8640,    8700,101.09,6510.3,8409,9.0651, 605.92, 940.9
    8700,    8760,144.04,5761.3,6809.5,11.643, 538.52, 780.95
    8760,    8820,169.82,7217.3,8258.3,13.189, 669.55, 925.83
    8820,    8880,127.05,7430.5,8185,10.623, 688.75, 918.5
    8880,    8940,135.55,8199.5,8978.5,11.133, 757.95, 997.85
    8940,    9000,78.458,6720.6,9304.8,7.7075, 624.85, 1030.5
    9000,    9060,73.086,6366.4,8729.1,7.3852, 592.98, 972.91
    9060,    9120,126.75,6197.9,8137.7,10.605, 577.81, 913.77
    9120,    9180,122.76,6054.6,7626.3,10.366, 564.92, 862.63
    9180,    9240,80.348,5735.6,7112.2,7.8209, 536.2, 811.22
    9240,    9300,93.37,5783.7,6908.8,8.6022, 540.53, 790.88
    9300,    9360,-9999,-9999,-9999,-9999, -9999, -9999
    9360,    9420,-9999,-9999,-9999,-9999, -9999, -9999
    9420,    9480,-9999,-9999,-9999,-9999, -9999, -9999
    9480,    9540,-9999,-9999,-9999,-9999, -9999, -9999
    9540,    9600,-9999,-9999,-9999,-9999, -9999, -9999
    9600,    9660,-9999,-9999,-9999,-9999, -9999, -9999
    9660,    9720,-9999,-9999,-9999,-9999, -9999, -9999
    9720,    9780,113.09,5359.1,6775.4,9.7856, 502.32, 777.54
    9780,    9840,85.373,5605.7,6802.8,8.1224, 524.51, 780.28
    9840,    9900,105.5,5804.5,7025.6,9.3303, 542.4, 802.56
    9900,    9960,107.45,5272.3,6426,9.447, 494.51, 742.6
    9960,   10020,149.73,5384.7,6438.8,11.984, 504.62, 743.88
   10020,   10080,103.54,5347,6298.3,9.2122, 501.23, 729.83
   10080,   10140,193.41,5687.5,6621.4,14.604, 531.88, 762.14
   10140,   10200,282.85,5741.9,6507.3,19.971, 536.77, 750.73
   10200,   10260,251.22,6181.9,6889.9,18.073, 576.37, 788.99
   10260,   10320,133.65,5412.5,6630,11.019, 507.12, 763
   10320,   10380,58.736,4704.4,5963.4,6.5241, 443.4, 696.34
   10380,   10440,33.53,4601.9,5806.6,5.0118, 434.17, 680.66
   10440,   10500,42.146,4418.8,5415.2,5.5288, 417.69, 641.52
   10500,   10560,38.875,3716.8,4862.2,5.3325, 354.51, 586.22
   10560,   10620,34.402,3673.6,4488.9,5.0641, 350.62, 548.89
   10620,   10680,46.877,3521.1,4441.9,5.8126, 336.9, 544.19
   10680,   10740,30.199,3343.2,4200.1,4.8119, 320.88, 520.01
   10740,   10800,54.184,3495.2,4137,6.251, 334.56, 513.7
   10800,   10860,315.84,4072.5,4915.7,21.95, 386.52, 591.57
   10860,   10920,148.56,4280,5185.3,11.914, 405.2, 618.53
   10920,   10980,137.25,3715.7,4976.6,11.235, 354.42, 597.66
   10980,   11040,127.43,3639.7,5279.2,10.646, 347.57, 627.92
   11040,   11100,564.52,4875.8,5288.9,36.871, 458.82, 628.89
   11100,   11160,130.31,3599.4,5085.2,10.818, 343.94, 608.52
   11160,   11220,173.81,4136,5754.5,13.429, 392.24, 675.45
   11220,   11280,85.229,4040.5,4773.6,8.1138, 383.64, 577.36
   11280,   11340,36.367,2578.9,3934,5.182, 252.1, 493.4
   11340,   11400,23.946,3020.2,3571.8,4.4368, 291.81, 457.18
   11400,   11460,40.832,2680.5,3479.7,5.4499, 261.25, 447.97
   11460,   11520,83.723,2917.9,3534,8.0234, 282.61, 453.4
   11520,   11580,116.73,2637.4,3628.6,10.004, 257.37, 462.86
   11580,   11640,294.63,4397.2,4563,20.678, 415.75, 556.3
   11640,   11700,182.74,4792.3,5321.6,13.965, 451.31, 632.16
   11700,   11760,66.185,3028.7,4000.7,6.9711, 292.58, 500.07
   11760,   11820,69.516,3075.1,3894.6,7.1709, 296.76, 489.46
   11820,   11880,49.501,2856.1,3930.2,5.97, 277.05, 493.02
   11880,   11940,49.721,2425,3535.5,5.9832, 238.25, 453.55
   11940,   12000,76.383,2691.3,3589.3,7.583, 262.22, 458.93
   12000,   12060,51.74,2560,3530.4,6.1044, 250.4, 453.04
   12060,   12120,235.17,2371.7,3104.4,17.11, 233.45, 410.44
   12120,   12180,267.21,3161.8,4421.2,19.033, 304.56, 542.12
   12180,   12240,141.17,2506.6,3076.9,11.47, 245.6, 407.69
   12240,   12300,239.66,3609.1,4234.5,17.379, 344.82, 523.45
   12300,   12360,200,3033.9,3601.5,15, 293.05, 460.15
   12360,   12420,236.74,3421.8,4236.5,17.205, 327.96, 523.65
   12420,   12480,145.68,2921.4,3809.5,11.741, 282.93, 480.95
   12480,   12540,260.63,3617.1,4332.4,18.638, 345.54, 533.24
   12540,   12600,261.73,3186.5,4566.4,18.704, 306.78, 556.64
   12600,   12660,78.56,2141.6,3419,7.7136, 212.74, 441.9
   12660,   12720,80.625,2300.4,2938.2,7.8375, 227.03, 393.82
   12720,   12780,64.696,1960,2851.5,6.8818, 196.4, 385.15
   12780,   12840,56.48,1894.5,2630.6,6.3888, 190.5, 363.06
   12840,   12900,44.791,1841.2,2459.8,5.6874, 185.71, 345.98
   12900,   12960,41.819,1744.3,2353.9,5.5091, 176.99, 335.39
   12960,   13020,155.65,2249.8,2840.8,12.339, 222.48, 384.08
   13020,   13080,207.54,3407.7,3698.9,15.452, 326.69, 469.89
   13080,   13140,94.933,2524.7,3977.7,8.696, 247.23, 497.77
   13140,   13200,98.806,2672.9,3462.2,8.9284, 260.56, 446.22
   13200,   13260,49.716,2563.4,3113,5.9829, 250.71, 411.3
   13260,   13320,27.668,2051.2,2755.5,4.6601, 204.61, 375.55
   13320,   13380,20.919,2030.3,2711.6,4.2552, 202.73, 371.16
   13380,   13440,70.871,2043,2619.7,7.2523, 203.87, 361.97
   13440,   13500,71.485,1942.5,2668,7.2891, 194.82, 366.8
   13500,   13560,167.24,2695.8,3120.7,13.034, 262.63, 412.07
   13560,   13620,45.081,2105.1,3096.3,5.7049, 209.46, 409.63
   13620,   13680,70.04,2001.8,2801.9,7.2024, 200.16, 380.19
   13680,   13740,75.419,2049.6,2790.5,7.5252, 204.47, 379.05
   13740,   13800,82.254,2282.2,2858,7.9352, 225.4, 385.8
   13800,   13860,87.45,2080.3,2746.2,8.247, 207.22, 374.62
   13860,   13920,57.044,2159.5,2935.3,6.4226, 214.35, 393.53
   13920,   13980,169.51,2492.1,3091.8,13.171, 244.29, 409.18
   13980,   14040,184,2776,3678.5,14.04, 269.84, 467.85
   14040,   14100,40.964,2082.7,2705.4,5.4579, 207.44, 370.54
   14100,   14160,27.794,1739.5,2451.5,4.6677, 176.55, 345.15
   14160,   14220,17.894,1639.2,2178,4.0737, 167.53, 317.8
   14220,   14280,51.184,1730.3,2237,6.071, 175.72, 323.7
   14280,   14340,63.392,2016.9,2497.8,6.8035, 201.52, 349.78
   14340,   14400,38.319,1855.9,2615.9,5.2991, 187.03, 361.59
   14400,   14460,29.389,1833.9,2436.9,4.7633, 185.05, 343.69
   14460,   14520,209.65,2456.4,3003.1,15.579, 241.07, 400.31
   14520,   14580,95.876,2458.8,3093.4,8.7526, 241.29, 409.34
   14580,   14640,35.575,2294.8,3060.5,5.1345, 226.54, 406.05
   14640,   14700,20.549,2081.2,2739.4,4.2329, 207.31, 373.94
   14700,   14760,21.674,2073.1,2689.8,4.3004, 206.58, 368.98
   14760,   14820,103.02,2161.7,2881.5,9.1812, 214.56, 388.15
   14820,   14880,119.58,2595.3,3370.7,10.175, 253.58, 437.07
   14880,   14940,122.21,3813.3,4365.5,10.333, 363.2, 536.55
   14940,   15000,52.48,2724.8,4290.3,6.1488, 265.23, 529.03
   15000,   15060,52.193,2007.5,2571.4,6.1316, 200.67, 357.14
   15060,   15120,60.479,2354.3,2891.8,6.6287, 231.89, 389.18
   15120,   15180,37.247,1911.9,2816.3,5.2348, 192.07, 381.63
   15180,   15240,40.12,2018.9,2507.2,5.4072, 201.7, 350.72
   15240,   15300,27.786,1851.8,2676.8,4.6672, 186.66, 367.68
   15300,   15360,22.202,1805.3,2393.7,4.3321, 182.48, 339.37
   15360,   15420,14.558,1975.6,2330.6,3.8735, 197.8, 333.06
   15420,   15480,24.632,1708.4,2293.5,4.4779, 173.76, 329.35
   15480,   15540,33.166,1844.2,2351.5,4.9899, 185.98, 335.15
   15540,   15600,37.899,1738.9,2335.1,5.274, 176.5, 333.51
   15600,   15660,89.124,2474.2,2956.1,8.3474, 242.68, 395.61
   15660,   15720,141.4,2417.8,2913.8,11.484, 237.6, 391.38
   15720,   15780,104.23,2813.7,3661.8,9.2539, 273.23, 466.18
