CampaignData_and_Merges/R0/CSL_MobileLab_Parked/raw/20240807/USOS-NOy-LIF_MobileLabGround_20240807_R0.ict
39,1001
Rollins, A.; Waxman, E.; Zuraski, K.; Chace, W.
NOAA Chemical Sciences Laboratory
LIF NO/NOx/NOy on CSL Mobile Lab
AMMBEC / USOS
1, 1
2024,08,07, 2025,01,04
1
Time_Start, seconds, number_of_seconds_since_0000_UTC
7
1, 1, 1, 1, 1, 1, 1
-9999, -9999, -9999, -9999, -9999, -9999, -9999
Time_Stop, seconds, number_of_seconds_since_0000_UTC
NO_LIF, pptv, Gas_NO_InSitu_S_AVMR, volume mixing ratio of nitric oxide in air
NO2_LIF, pptv, Gas_NO2_InSitu_S_AVMR, volume mixing ratio of nitrogen dioxide in air
NOy_LIF, pptv, Gas_NOy_InSitu_S_AVMR, volume mixing ratio of total oxidized nitrogen in air
NO_LIF_1SigmaAccuracy, pptv, Gas_NO_InSitu_S_AVMR, volume mixing ratio of nitric oxide in air
NO2_LIF_1SigmaAccuracy, pptv, Gas_NO2_InSitu_S_AVMR, volume mixing ratio of nitrogen dioxide in air
NOy_LIF_1SigmaAccuracy, pptv, Gas_NOy_InSitu_S_AVMR, volume mixing ratio of total oxidized nitrogen in air
0
18
PI_CONTACT_INFO: andrew.rollins@noaa.gov
PLATFORM: CSL Mobile Lab
LOCATION: Salt Lake City, UT
ASSOCIATED_DATA:
INSTRUMENT_INFO: NO detection by laser induced fluorescence. NO2 detection by photolytic conversion to NO. NOy detection by catalytic conversion to NO on gold surface
DATA_INFO:
UNCERTAINTY: Included 1 Sigma Accuracy waves represent the combined calibration uncertainties (±6%, ±9%, ±10%) and zero uncertainties (3 ppt, 20 ppt, 100 ppt) for NO, NO2, and NOy, respectively.
ULOD_FLAG: -7777
ULOD_VALUE: N/A
LLOD_FLAG: -8888
LLOD_VALUE: N/A
DM_CONTACT_INFO: andrew.rollins@noaa.gov
PROJECT_INFO: USOS Project, July - August 2024
STIPULATIONS_ON_USE: Users are strongly encouraged to contact the PI for proper data usage.
OTHER_COMMENTS:
REVISION: R0
R0: final data
Time_Start, Time_Stop, NO_LIF, NO2_LIF, NOy_LIF, NO_LIF_1SigmaAccuracy, NO2_LIF_1SigmaAccuracy, NOy_LIF_1SigmaAccuracy
[from data line 1341]
   80460,   80520,-9999,-9999,-9999,-9999, -9999, -9999
   80520,   80580,-9999,-9999,-9999,-9999, -9999, -9999
   80580,   80640,-9999,-9999,-9999,-9999, -9999, -9999
   80640,   80700,-9999,-9999,-9999,-9999, -9999, -9999
   80700,   80760,-9999,-9999,-9999,-9999, -9999, -9999
   80760,   80820,-9999,-9999,-9999,-9999, -9999, -9999
   80820,   80880,-9999,-9999,-9999,-9999, -9999, -9999
   80880,   80940,-9999,-9999,-9999,-9999, -9999, -9999
   80940,   81000,-9999,-9999,-9999,-9999, -9999, -9999
   81000,   81060,-9999,-9999,-9999,-9999, -9999, -9999
   81060,   81120,-9999,-9999,-9999,-9999, -9999, -9999
   81120,   81180,-9999,-9999,-9999,-9999, -9999, -9999
   81180,   81240,-9999,-9999,-9999,-9999, -9999, -9999
   81240,   81300,-9999,-9999,-9999,-9999, -9999, -9999
   81300,   81360,-9999,-9999,-9999,-9999, -9999, -9999
   81360,   81420,-9999,-9999,-9999,-9999, -9999, -9999
   81420,   81480,-9999,-9999,-9999,-9999, -9999, -9999
   81480,   81540,-9999,-9999,-9999,-9999, -9999, -9999
   81540,   81600,-9999,-9999,-9999,-9999, -9999, -9999
   81600,   81660,-9999,-9999,-9999,-9999, -9999, -9999
   81660,   81720,-9999,-9999,-9999,-9999, -9999, -9999
   81720,   81780,-9999,-9999,-9999,-9999, -9999, -9999
   81780,   81840,-9999,-9999,-9999,-9999, -9999, -9999
   81840,   81900,-9999,-9999,-9999,-9999, -9999, -9999
   81900,   81960,-9999,-9999,-9999,-9999, -9999, -9999
   81960,   82020,-9999,-9999,-9999,-9999, -9999, -9999
   82020,   82080,-9999,-9999,-9999,-9999, -9999, -9999
   82080,   82140,-9999,-9999,-9999,-9999, -9999, -9999
   82140,   82200,-9999,-9999,-9999,-9999, -9999, -9999
   82200,   82260,-9999,-9999,-9999,-9999, -9999, -9999
   82260,   82320,-9999,-9999,-9999,-9999, -9999, -9999
   82320,   82380,-9999,-9999,-9999,-9999, -9999, -9999
   82380,   82440,-9999,-9999,-9999,-9999, -9999, -9999
   82440,   82500,-9999,-9999,-9999,-9999, -9999, -9999
   82500,   82560,321.74,1628.9,2967.8,22.304, 166.6, 396.78
   82560,   82620,338.11,1717.3,2844.2,23.286, 174.56, 384.42
   82620,   82680,284.85,1518.2,2847.3,20.091, 156.64, 384.73
   82680,   82740,235.14,1161.6,2176.3,17.109, 124.54, 317.63
   82740,   82800,199.49,1028.5,1983.1,14.97, 112.56, 298.31
   82800,   82860,287.47,1154,2381.9,20.248, 123.86, 338.19
   82860,   82920,701.68,2083,3056,45.101, 207.47, 405.6
   82920,   82980,536.32,1502,2552,35.179, 155.18, 355.2
   82980,   83040,348.01,1361.1,2434.9,23.881, 142.5, 343.49
   83040,   83100,193.78,967.5,1842.5,14.627, 107.07, 284.25
   83100,   83160,240.96,1234.5,2141,17.458, 131.11, 314.1
   83160,   83220,380.84,1513.2,2466.8,25.851, 156.19, 346.68
   83220,   83280,689.94,2628.2,3941.7,44.397, 256.54, 494.17
   83280,   83340,527.5,2706.3,4092.2,34.65, 263.57, 509.22
   83340,   83400,546.81,2321.8,4149.4,35.809, 228.96, 514.94
   83400,   83460,399.23,1575.7,3187.3,26.954, 161.81, 418.73
   83460,   83520,227.39,1153.4,2061.2,16.644, 123.81, 306.12
   83520,   83580,249.97,1301.7,2280.3,17.998, 137.16, 328.03
   83580,   83640,265.59,1411.4,2457.9,18.935, 147.02, 345.79
   83640,   83700,272.83,1610.7,2692.1,19.37, 164.96, 369.21
   83700,   83760,289.08,1602.5,2819.7,20.345, 164.22, 381.97
   83760,   83820,300.35,1651.9,2910.9,21.021, 168.67, 391.09
   83820,   83880,271.37,1499.5,2711.2,19.282, 154.96, 371.12
   83880,   83940,265.7,1576.2,2722.5,18.942, 161.86, 372.25
   83940,   84000,239.27,1482.7,2707.9,17.356, 153.45, 370.79
   84000,   84060,234.36,1477.9,2581.4,17.061, 153.01, 358.14
   84060,   84120,268.94,1578.9,2739,19.136, 162.1, 373.9
   84120,   84180,302.1,1739,2942.2,21.126, 176.51, 394.22
   84180,   84240,306.65,1798.7,2996.1,21.399, 181.88, 399.61
   84240,   84300,284.46,1715.8,2858.3,20.067, 174.42, 385.83
   84300,   84360,332.06,1902.4,3159.3,22.923, 191.21, 415.93
   84360,   84420,311.67,1831.8,3050.7,21.7, 184.86, 405.07
   84420,   84480,320.11,1864.7,3107.5,22.207, 187.82, 410.75
   84480,   84540,381.19,2252.5,3442.3,25.871, 222.73, 444.23
   84540,   84600,305.37,1843.1,2952.7,21.322, 185.88, 395.27
   84600,   84660,257.96,1534.5,2595,18.477, 158.1, 359.5
   84660,   84720,335.32,1960.7,3064.3,23.119, 196.46, 406.43
   84720,   84780,349.92,2020.9,3392.3,23.995, 201.88, 439.23
   84780,   84840,438.25,2397.9,3530.1,29.295, 235.81, 453.01
   84840,   84900,395.92,2422.9,3588.6,26.755, 238.06, 458.86
   84900,   84960,345.72,2220,3569.2,23.743, 219.8, 456.92
   84960,   85020,274.23,1599,2646.6,19.454, 163.91, 364.66
   85020,   85080,304.99,1704.2,2713.8,21.299, 173.38, 371.38
   85080,   85140,220.6,1434.4,2575.5,16.236, 149.09, 357.55
   85140,   85200,148.01,952.48,1950.8,11.881, 105.72, 295.08
   85200,   85260,177.89,1224.5,2077.4,13.674, 130.21, 307.74
   85260,   85320,201.61,1317.4,2289.1,15.096, 138.56, 328.91
   85320,   85380,217.61,1438.2,2514.1,16.057, 149.44, 351.41
   85380,   85440,237.06,1601.6,2570.1,17.224, 164.15, 357.01
   85440,   85500,314.89,1950.9,2946,21.894, 195.58, 394.6
   85500,   85560,305.8,2030.8,3291.7,21.348, 202.77, 429.17
   85560,   85620,233.17,1457.4,2586.3,16.99, 151.17, 358.63
   85620,   85680,235.1,1315.5,2457.2,17.106, 138.4, 345.72
   85680,   85740,225.15,1462.3,2619.9,16.509, 151.6, 361.99
   85740,   85800,171.26,1113.3,2130.9,13.276, 120.2, 313.09
   85800,   85860,142.93,933.36,1767,11.576, 104, 276.7
   85860,   85920,186.93,1145.5,2036.3,14.216, 123.1, 303.63
   85920,   85980,238.91,1524,2499.9,17.334, 157.16, 349.99
   85980,   86040,220.42,1524.9,2485.7,16.225, 157.24, 348.57
   86040,   86100,226.17,1567.2,2553.5,16.57, 161.05, 355.35
   86100,   86160,285.69,1837.8,2845.6,20.141, 185.4, 384.56
   86160,   86220,314.28,2119.5,3075.8,21.857, 210.75, 407.58
   86220,   86280,291.82,2032.7,2976.2,20.509, 202.95, 397.62
   86280,   86340,260.34,1703.8,2695.1,18.62, 173.34, 369.51
   86340,   86400,233.34,1578.6,2482.4,17, 162.07, 348.24
