CampaignData_and_Merges/R0/CSL_MobileLab_Parked/raw/20240807/USOS-NOy-LIF_MobileLabGround_20240807_R0.ict
39,1001
Rollins, A.; Waxman, E.; Zuraski, K.; Chace, W.
NOAA Chemical Sciences Laboratory
LIF NO/NOx/NOy on CSL Mobile Lab
AMMBEC / USOS
1, 1
2024,08,07, 2025,01,04
1
Time_Start, seconds, number_of_seconds_since_0000_UTC
7
1, 1, 1, 1, 1, 1, 1
-9999, -9999, -9999, -9999, -9999, -9999, -9999
Time_Stop, seconds, number_of_seconds_since_0000_UTC
NO_LIF, pptv, Gas_NO_InSitu_S_AVMR, volume mixing ratio of nitric oxide in air
NO2_LIF, pptv, Gas_NO2_InSitu_S_AVMR, volume mixing ratio of nitrogen dioxide in air
NOy_LIF, pptv, Gas_NOy_InSitu_S_AVMR, volume mixing ratio of total oxidized nitrogen in air
NO_LIF_1SigmaAccuracy, pptv, Gas_NO_InSitu_S_AVMR, volume mixing ratio of nitric oxide in air
NO2_LIF_1SigmaAccuracy, pptv, Gas_NO2_InSitu_S_AVMR, volume mixing ratio of nitrogen dioxide in air
NOy_LIF_1SigmaAccuracy, pptv, Gas_NOy_InSitu_S_AVMR, volume mixing ratio of total oxidized nitrogen in air
0
18
PI_CONTACT_INFO: andrew.rollins@noaa.gov
PLATFORM: CSL Mobile Lab
LOCATION: Salt Lake City, UT
ASSOCIATED_DATA:
INSTRUMENT_INFO: NO detection by laser induced fluorescence. NO2 detection by photolytic conversion to NO. NOy detection by catalytic conversion to NO on gold surface
DATA_INFO:
UNCERTAINTY: Included 1 Sigma Accuracy waves represent the combined calibration uncertainties (±6%, ±9%, ±10%) and zero uncertainties (3 ppt, 20 ppt, 100 ppt) for NO, NO2, and NOy, respectively.
ULOD_FLAG: -7777
ULOD_VALUE: N/A
LLOD_FLAG: -8888
LLOD_VALUE: N/A
DM_CONTACT_INFO: andrew.rollins@noaa.gov
PROJECT_INFO: USOS Project, July - August 2024
STIPULATIONS_ON_USE: Users are strongly encouraged to contact the PI for proper data usage.
OTHER_COMMENTS:
REVISION: R0
R0: final data
Time_Start, Time_Stop, NO_LIF, NO2_LIF, NOy_LIF, NO_LIF_1SigmaAccuracy, NO2_LIF_1SigmaAccuracy, NOy_LIF_1SigmaAccuracy
[from data line 264]
   15840,   15900,47.184,2065.5,2989.4,5.831, 205.9, 398.94
   15900,   15960,41.393,1848.8,2575.9,5.4836, 186.39, 357.59
   15960,   16020,25.089,1608.3,2266.9,4.5054, 164.75, 326.69
   16020,   16080,23.097,1387.3,2050.3,4.3858, 144.86, 305.03
   16080,   16140,21.269,1306.9,1958.5,4.2761, 137.62, 295.85
   16140,   16200,16.025,1151.7,1629.8,3.9615, 123.65, 262.98
   16200,   16260,36.033,1243.1,1740.9,5.162, 131.88, 274.09
   16260,   16320,11.116,1091.7,1658.4,3.667, 118.25, 265.84
   16320,   16380,12.264,1147.9,1684.9,3.7358, 123.31, 268.49
   16380,   16440,19.07,1200.5,1709.5,4.1442, 128.04, 270.95
   16440,   16500,52.66,1268.7,1799.9,6.1596, 134.18, 279.99
   16500,   16560,20.506,1241.3,1809.2,4.2304, 131.72, 280.92
   16560,   16620,17.867,1271,1759.2,4.072, 134.39, 275.92
   16620,   16680,23.295,1253.3,1802.8,4.3977, 132.8, 280.28
   16680,   16740,66.022,1404.1,1805.1,6.9613, 146.37, 280.51
   16740,   16800,53.219,1655.8,2212.3,6.1931, 169.03, 321.23
   16800,   16860,48.669,1662.7,2177.8,5.9201, 169.64, 317.78
   16860,   16920,19.456,1653.8,2270.6,4.1674, 168.84, 327.06
   16920,   16980,16.083,2076.5,2674,3.965, 206.89, 367.4
   16980,   17040,33.786,2374.6,3085.6,5.0272, 233.71, 408.56
   17040,   17100,10.168,2062.3,2748.1,3.6101, 205.6, 374.81
   17100,   17160,8.0245,2072.5,2535.8,3.4815, 206.53, 353.58
   17160,   17220,15.502,2286.8,2881.9,3.9301, 225.81, 388.19
   17220,   17280,10.885,2408.8,3011.2,3.6531, 236.8, 401.12
   17280,   17340,-9999,-9999,-9999,-9999, -9999, -9999
   17340,   17400,-9999,-9999,-9999,-9999, -9999, -9999
   17400,   17460,-9999,-9999,-9999,-9999, -9999, -9999
   17460,   17520,-9999,-9999,-9999,-9999, -9999, -9999
   17520,   17580,-9999,-9999,-9999,-9999, -9999, -9999
   17580,   17640,-9999,-9999,-9999,-9999, -9999, -9999
   17640,   17700,-9999,-9999,-9999,-9999, -9999, -9999
   17700,   17760,64.127,1963,2953.3,6.8476, 196.67, 395.33
   17760,   17820,67.698,1662.1,2958.5,7.0619, 169.59, 395.85
   17820,   17880,33.1,2116.6,2819.4,4.986, 210.49, 381.94
   17880,   17940,36.85,2228.4,2880.2,5.211, 220.56, 388.02
   17940,   18000,150.87,2833.6,3240.7,12.052, 275.03, 424.07
   18000,   18060,1420.5,4074.8,5677.4,88.229, 386.73, 667.74
   18060,   18120,74.079,2350,3415.1,7.4447, 231.5, 441.51
   18120,   18180,12.001,2273.4,2732.3,3.7201, 224.6, 373.23
   18180,   18240,145.18,2815.3,3083.6,11.711, 273.38, 408.36
   18240,   18300,27.943,2211.5,2829.6,4.6766, 219.04, 382.96
   18300,   18360,29.129,2654.9,3275.8,4.7478, 258.94, 427.58
   18360,   18420,11.131,2559.4,2997.4,3.6679, 250.34, 399.74
   18420,   18480,9.167,2262.7,2796,3.55, 223.65, 379.6
   18480,   18540,61.835,2437.3,3165.7,6.7101, 239.36, 416.57
   18540,   18600,148.59,3038.3,4045.2,11.915, 293.45, 504.52
   18600,   18660,8.4771,1838.1,2450.5,3.5086, 185.43, 345.05
   18660,   18720,143.76,2444.8,3138.6,11.625, 240.03, 413.86
   18720,   18780,406.24,3595.8,4778.4,27.374, 343.63, 577.84
   18780,   18840,78.862,2439.3,3285.2,7.7317, 239.53, 428.52
   18840,   18900,143.2,2425.7,2902.5,11.592, 238.31, 390.25
   18900,   18960,538.93,4539.2,4942.7,35.336, 428.53, 594.27
   18960,   19020,482.53,4615.1,5422.8,31.952, 435.36, 642.28
   19020,   19080,1121.9,7603.5,9485.5,70.314, 704.31, 1048.6
   19080,   19140,878.3,7982,11499,55.698, 738.38, 1249.9
   19140,   19200,236.14,7667.1,8280.4,17.168, 710.04, 928.04
   19200,   19260,16.608,4420,5427.1,3.9965, 417.8, 642.71
   19260,   19320,10.73,3770.5,4431.9,3.6438, 359.34, 543.19
   19320,   19380,6.0326,3547.7,4264.7,3.362, 339.3, 526.47
   19380,   19440,79.016,3835.3,4686.4,7.741, 365.18, 568.64
   19440,   19500,532.77,5266.2,5929.1,34.966, 493.96, 692.91
   19500,   19560,17.438,6385.6,7189,4.0463, 594.7, 818.9
   19560,   19620,32.109,6628.6,7677.9,4.9266, 616.57, 867.79
   19620,   19680,23.1,7275.7,8230.2,4.386, 674.81, 923.02
   19680,   19740,31.317,6837.7,7999.5,4.879, 635.4, 899.95
   19740,   19800,437.08,7225.9,8065.9,29.225, 670.33, 906.59
   19800,   19860,63.87,5613,6628.3,6.8322, 525.17, 762.83
   19860,   19920,78.99,5243.8,6348.4,7.7394, 491.94, 734.84
   19920,   19980,28.586,4596.1,5534.1,4.7151, 433.65, 653.41
   19980,   20040,17.708,4804,5653.7,4.0625, 452.36, 665.37
   20040,   20100,34.566,4558.3,5706.3,5.074, 430.24, 670.63
   20100,   20160,28.19,4217.9,5134.4,4.6914, 399.61, 613.44
   20160,   20220,106.73,4558.1,5505.7,9.4039, 430.23, 650.57
   20220,   20280,144.22,5096.7,6157.4,11.653, 478.7, 715.74
   20280,   20340,47.512,5001.4,6262,5.8507, 470.13, 726.2
   20340,   20400,13.275,4752.2,5879.8,3.7965, 447.7, 687.98
   20400,   20460,22.902,5203.9,5789.4,4.3741, 488.35, 678.94
   20460,   20520,33.756,4843.4,5646.7,5.0254, 455.9, 664.67
   20520,   20580,34.495,4506.3,5752.1,5.0697, 425.57, 675.21
   20580,   20640,14.922,4774.9,5585.9,3.8953, 449.74, 658.59
   20640,   20700,5.6155,4657.8,5728.7,3.3369, 439.2, 672.87
   20700,   20760,62.14,4731.1,5784.6,6.7284, 445.8, 678.46
   20760,   20820,41.587,4818.7,6119.3,5.4952, 453.69, 711.93
   20820,   20880,99.536,4295.1,6021.1,8.9722, 406.55, 702.11
   20880,   20940,37.625,3486.7,5148.3,5.2575, 333.8, 614.83
   20940,   21000,2148.3,5894.2,6024.1,131.9, 550.47, 702.41
   21000,   21060,812.14,4497.3,9104.8,51.729, 424.75, 1010.5
   21060,   21120,388.8,4931.5,6258.2,26.328, 463.83, 725.82
   21120,   21180,89.835,3473.3,4875.4,8.3901, 332.59, 587.54
   21180,   21240,293.78,4172,4628.2,20.627, 395.48, 562.82
   21240,   21300,1396.5,8103.8,8303.4,86.787, 749.34, 930.34
   21300,   21360,147.26,4868.8,10424,11.836, 458.2, 1142.4
   21360,   21420,39.427,4214.7,7212.1,5.3656, 399.32, 821.21
   21420,   21480,17.623,3937.1,6166.2,4.0574, 374.34, 716.62
   21480,   21540,128.03,4931,5432.3,10.682, 463.79, 643.23
   21540,   21600,251.11,7161.5,6818.9,18.066, 664.53, 781.89
   21600,   21660,17.706,3770.2,6136.3,4.0623, 359.32, 713.63
   21660,   21720,15.576,3485.4,4754.8,3.9346, 333.69, 575.48
   21720,   21780,160.03,3815.5,4515.2,12.602, 363.39, 551.52
   21780,   21840,1234.8,7841.2,8462,77.086, 725.71, 946.2
   21840,   21900,204.97,4027.6,6495.6,15.298, 382.48, 749.56
   21900,   21960,988.01,5627.3,6699,62.28, 526.46, 769.9
   21960,   22020,240.61,4597.4,6154.8,17.436, 433.76, 715.48
   22020,   22080,18.038,3458.1,4565.5,4.0823, 331.23, 556.55
   22080,   22140,20.463,3445.6,4202.3,4.2278, 330.1, 520.23
   22140,   22200,16.669,3447.9,4205.7,4.0001, 330.31, 520.57
   22200,   22260,40.829,3712.7,4363.2,5.4497, 354.15, 536.32
   22260,   22320,14.912,3621.9,4454.9,3.8947, 345.97, 545.49
   22320,   22380,8.3595,3604.5,4362.6,3.5016, 344.41, 536.26
   22380,   22440,14.024,3780.6,4497.8,3.8414, 360.25, 549.78
   22440,   22500,13.113,4038.8,4725.6,3.7868, 383.49, 572.56
   22500,   22560,27.076,4716.6,5149.8,4.6246, 444.49, 614.98
   22560,   22620,33.352,4288.3,5081.5,5.0011, 405.94, 608.15
   22620,   22680,11.346,4221.1,5028.5,3.6808, 399.9, 602.85
   22680,   22740,6.6863,4082.4,5100.1,3.4012, 387.42, 610.01
   22740,   22800,6.8912,4017.1,4980,3.4135, 381.53, 598
   22800,   22860,6.2442,4015.6,4913.3,3.3747, 381.41, 591.33
   22860,   22920,21.395,4110,5065.3,4.2837, 389.9, 606.53
   22920,   22980,16.66,4056,5225.5,3.9996, 385.04, 622.55
   22980,   23040,36.299,4290.7,5385,5.1779, 406.16, 638.5
   23040,   23100,49.265,4254.9,5456,5.9559, 402.94, 645.6
   23100,   23160,42.148,4275.7,5212,5.5289, 404.82, 621.2
   23160,   23220,35.608,4290,5266.4,5.1365, 406.1, 626.64
   23220,   23280,27.281,4180.9,5559,4.6369, 396.28, 655.9
   23280,   23340,23.82,4210.8,5690.5,4.4292, 398.97, 669.05
   23340,   23400,21.279,3925.8,5429,4.2767, 373.32, 642.9
   23400,   23460,28.977,3863.3,5237.2,4.7386, 367.7, 623.72
   23460,   23520,57.747,3815.3,5139.5,6.4648, 363.38, 613.95
   23520,   23580,107.01,4462.3,5132.7,9.4208, 421.61, 613.27
   23580,   23640,29.512,3539.1,4778.8,4.7707, 338.52, 577.88
   23640,   23700,60.68,3540.1,4487.6,6.6408, 338.61, 548.76
   23700,   23760,32.471,3414.5,4601,4.9483, 327.3, 560.1
   23760,   23820,42.099,3214,4466.3,5.5259, 309.26, 546.63
   23820,   23880,43.8,3563.7,4970.9,5.628, 340.73, 597.09
   23880,   23940,77.24,4236.6,5099.6,7.6344, 401.3, 609.96
   23940,   24000,40.07,3476.4,4302.9,5.4042, 332.87, 530.29
   24000,   24060,16.175,3430.4,4423,3.9705, 328.73, 542.3
   24060,   24120,9.9508,3154.9,4214.5,3.597, 303.95, 521.45
   24120,   24180,8.0752,2885.4,4268.2,3.4845, 279.69, 526.82
   24180,   24240,25.989,2900.1,4033.4,4.5594, 281.01, 503.34
   24240,   24300,37.854,3150,4522.1,5.2713, 303.5, 552.21
   24300,   24360,6.7484,2609.6,4042.1,3.4049, 254.87, 504.21
   24360,   24420,6.2349,2739.9,3762.1,3.3741, 266.59, 476.21
   24420,   24480,7.8148,2476.5,3797.5,3.4689, 242.89, 479.75
   24480,   24540,10.069,2383.9,3289.5,3.6042, 234.55, 428.95
   24540,   24600,15.538,2447,3355.2,3.9323, 240.23, 435.52
   24600,   24660,18.854,2944.5,3840.2,4.1312, 285.01, 484.02
   24660,   24720,14.753,3060.9,3853.9,3.8852, 295.48, 485.39
   24720,   24780,5.8738,2479.7,3379.6,3.3524, 243.17, 437.96
   24780,   24840,13.809,2363.7,3260.4,3.8285, 232.74, 426.04
   24840,   24900,7.2698,2460.5,3250.2,3.4362, 241.45, 425.02
   24900,   24960,5.4844,2359.3,3279.7,3.3291, 232.33, 427.97
   24960,   25020,5.1986,2401.3,3326.1,3.3119, 236.12, 432.61
   25020,   25080,7.0851,2362.4,3347.1,3.4251, 232.61, 434.71
   25080,   25140,5.9388,2545.8,3326,3.3563, 249.12, 432.6
   25140,   25200,8.9647,3277.5,3468.3,3.5379, 314.97, 446.83
   25200,   25260,5.738,3570.7,3722.1,3.3443, 341.36, 472.21
   25260,   25320,-9999,-9999,-9999,-9999, -9999, -9999
   25320,   25380,-9999,-9999,-9999,-9999, -9999, -9999
   25380,   25440,-9999,-9999,-9999,-9999, -9999, -9999
   25440,   25500,-9999,-9999,-9999,-9999, -9999, -9999
   25500,   25560,-9999,-9999,-9999,-9999, -9999, -9999
   25560,   25620,-9999,-9999,-9999,-9999, -9999, -9999
   25620,   25680,-9999,-9999,-9999,-9999, -9999, -9999
   25680,   25740,5.524,2939.4,5382.1,3.3314, 284.55, 638.21
   25740,   25800,7.1755,3055.2,5086,3.4305, 294.97, 608.6
   25800,   25860,22.112,3380.9,5169.4,4.3267, 324.29, 616.94
   25860,   25920,14.709,3727.9,5228.8,3.8826, 355.51, 622.88
   25920,   25980,498.08,4791.1,5689,32.885, 451.2, 668.9
   25980,   26040,19412,12425,10685,1167.7, 1138.3, 1168.5
   26040,   26100,13678,9641.9,35320,823.66, 887.77, 3632
   26100,   26160,169.58,4298.8,9339.1,13.175, 406.89, 1033.9
   26160,   26220,183.49,3968,6707.9,14.009, 377.12, 770.79
   26220,   26280,887.01,5442,6777.1,56.221, 509.78, 777.71
   26280,   26340,117.8,3656.6,6163,10.068, 349.09, 716.3
   26340,   26400,314.23,4252.8,5305,21.854, 402.75, 630.5
   26400,   26460,1679.1,9793.6,9569.6,103.74, 901.42, 1057
   26460,   26520,1310.6,11339,17502,81.633, 1040.5, 1850.2
   26520,   26580,230.82,6907.2,11642,16.849, 641.65, 1264.2
   26580,   26640,90.886,6085.5,9201.8,8.4532, 567.7, 1020.2
   26640,   26700,46.32,6305.4,10850,5.7792, 587.49, 1185
   26700,   26760,19.063,5692.8,6991.5,4.1438, 532.35, 799.15
   26760,   26820,11.596,4586.9,6333.5,3.6957, 432.82, 733.35
   26820,   26880,12.651,6821.7,7584.4,3.759, 633.95, 858.44
   26880,   26940,10.226,6914.6,8392.2,3.6136, 642.32, 939.22
   26940,   27000,9.8286,3210.4,5261.2,3.5897, 308.94, 626.12
   27000,   27060,17.371,3617.6,4711.3,4.0422, 345.58, 571.13
   27060,   27120,9.4261,3274.6,4231.4,3.5656, 314.71, 523.14
   27120,   27180,9.8724,3458.1,4469.7,3.5923, 331.23, 546.97
   27180,   27240,5.5101,5267.7,5898.7,3.3306, 494.1, 689.87
   27240,   27300,11.423,5124.2,6093.9,3.6854, 481.18, 709.39
   27300,   27360,7.6408,3403,3949.1,3.4585, 326.27, 494.91
   27360,   27420,178.04,5024.3,5610.6,13.682, 472.19, 661.06
   27420,   27480,691.17,6550.9,7349.2,44.47, 609.58, 834.92
   27480,   27540,43.266,5206.5,6971.3,5.5959, 488.59, 797.13
   27540,   27600,81.761,5014.6,6903.1,7.9057, 471.31, 790.31
   27600,   27660,18.983,4225.5,6337.2,4.139, 400.29, 733.72
   27660,   27720,22.11,4771.9,6633.9,4.3266, 449.47, 763.39
   27720,   27780,7.9441,3322.8,5359.8,3.4766, 319.05, 635.98
   27780,   27840,6.848,3766.5,5118.5,3.4109, 358.99, 611.85
   27840,   27900,11.788,3977.3,5069.8,3.7073, 377.96, 606.98
   27900,   27960,17.047,4210.5,5373.9,4.0228, 398.95, 637.39
   27960,   28020,18.685,3987.4,5538.5,4.1211, 378.86, 653.85
   28020,   28080,73.43,4725,6370.7,7.4058, 445.25, 737.07
   28080,   28140,98.063,5310.1,6577.4,8.8838, 497.91, 757.74
   28140,   28200,79.327,4960.5,6319.5,7.7596, 466.44, 731.95
   28200,   28260,32.348,4589.1,5884.5,4.9409, 433.02, 688.45
   28260,   28320,16.583,4458.9,5634.3,3.995, 421.3, 663.43
   28320,   28380,11.329,4286.9,5535.9,3.6798, 405.82, 653.59
   28380,   28440,84.341,4758.2,5835.2,8.0605, 448.24, 683.52
   28440,   28500,120.98,4984.7,6069.8,10.259, 468.62, 706.98
   28500,   28560,21.717,4372.3,5550.6,4.303, 413.51, 655.06
   28560,   28620,13.181,3860.9,5102.6,3.7908, 367.48, 610.26
   28620,   28680,14.82,3976.8,4966.9,3.8892, 377.91, 596.69
   28680,   28740,10.646,4073.1,5177.9,3.6387, 386.58, 617.79
   28740,   28800,5.2683,4066.9,5139,3.3161, 386.02, 613.9
   28800,   28860,6.323,4021.9,4951.8,3.3794, 381.97, 595.18
   28860,   28920,9.3762,4078.9,4864.9,3.5626, 387.1, 586.49
   28920,   28980,16.161,4382,5256.3,3.9697, 414.38, 625.63
   28980,   29040,13.573,3931.9,5175,3.8144, 373.87, 617.5
   29040,   29100,12.737,4071.8,5085.4,3.7642, 386.46, 608.54
   29100,   29160,6.6624,3810.6,4870.9,3.3997, 362.95, 587.09
   29160,   29220,4.9444,3876.1,4985.5,3.2967, 368.85, 598.55
   29220,   29280,8.5412,4083.2,5020.4,3.5125, 387.49, 602.04
   29280,   29340,6.1691,4101.7,4941.3,3.3701, 389.15, 594.13
   29340,   29400,66.985,4305.4,4998.5,7.0191, 407.49, 599.85
   29400,   29460,65.597,4470.3,5195.5,6.9358, 422.32, 619.55
   29460,   29520,117.95,4859.1,5574.3,10.077, 457.32, 657.43
   29520,   29580,33.809,5039.5,5896.2,5.0286, 473.56, 689.62
   29580,   29640,24.278,5170.9,6292,4.4567, 485.38, 729.2
   29640,   29700,16.524,5206.8,6037.6,3.9914, 488.61, 703.76
   29700,   29760,8.1875,5100.9,6127,3.4912, 479.08, 712.7
   29760,   29820,7.1436,5363.5,6402.2,3.4286, 502.72, 740.22
   29820,   29880,9.1039,5602.9,6638.6,3.5462, 524.26, 763.86
   29880,   29940,15.731,5546.5,6826.8,3.9439, 519.18, 782.68
   29940,   30000,13.048,5521.3,6685,3.7829, 516.92, 768.5
   30000,   30060,12.309,5684.3,6664.5,3.7386, 531.59, 766.45
   30060,   30120,22.833,5932.4,6651.9,4.37, 553.92, 765.19
   30120,   30180,76.062,6319.8,6998.5,7.5637, 588.78, 799.85
   30180,   30240,56.632,6058.5,7031.2,6.3979, 565.27, 803.12
   30240,   30300,63.655,6096.4,7115.4,6.8193, 568.68, 811.54
   30300,   30360,32.495,6128.1,7222.8,4.9497, 571.53, 822.28
   30360,   30420,42.927,6316.9,7311,5.5756, 588.52, 831.1
   30420,   30480,224.74,7476.1,7829.5,16.484, 692.84, 882.95
   30480,   30540,31.293,7087.4,8210.2,4.8776, 657.87, 921.02
   30540,   30600,54.131,6911.6,8169.5,6.2479, 642.05, 916.95
   30600,   30660,142.12,7481.8,8287.2,11.527, 693.36, 928.72
   30660,   30720,165.95,7549.5,8698.2,12.957, 699.45, 969.82
   30720,   30780,24.394,7683.3,8568.4,4.4637, 711.49, 956.84
   30780,   30840,13.712,8730.6,9054.6,3.8227, 805.75, 1005.5
   30840,   30900,14.454,8802.7,8939.6,3.8672, 812.24, 993.96
   30900,   30960,13.383,8864.7,9025.5,3.803, 817.82, 1002.5
   30960,   31020,16.666,9157.5,9443.7,3.9999, 844.18, 1044.4
   31020,   31080,22.829,9066.6,9696.9,4.3697, 835.99, 1069.7
   31080,   31140,117,9366.6,10130,10.02, 862.99, 1113
   31140,   31200,147.43,9639.5,10830,11.846, 887.55, 1183
   31200,   31260,57.756,8924.6,10755,6.4653, 823.22, 1175.5
   31260,   31320,23.127,8356.1,10300,4.3876, 772.05, 1130
   31320,   31380,15.591,8037.5,9919.4,3.9355, 743.38, 1091.9
   31380,   31440,11.837,6928.9,8993.4,3.7102, 643.6, 999.34
   31440,   31500,68.62,7142.3,8546,7.1172, 662.8, 954.6
   31500,   31560,45.968,6549.8,8361.9,5.7581, 609.48, 936.19
