CampaignData_and_Merges/R0/CSL_MobileLab_Parked/raw/20240807/USOS-NOAAIodideCIMS-OrgNitrs_MobileLabGround_20240807_RA.ict
37, 1001
Michael A Robinson, Chris Jernigan, Subi Thakali
NOAA ESRL Chemical Sciences Laboratory and CIRES, U. of Colorado
NOAA Iodide CIMS Instrument
USOS
1, 1
2024, 08, 07, 2024, 08, 08
1
starttime_UTC, seconds_past_midnight, seconds_of_day_since_00:00:00_UTC
5
1, 1, 1, 1, 1
-9999, -9999, -9999, -9999, -9999
C4H7NO5_NOAACIMS, pptv, Gas_C4H7NO5_InSitu_S_AVMR, 
ISOPN_NOAACIMS, pptv, Gas_ISOPN_InSitu_S_AVMR, 
C5H10O3_NOAACIMS, pptv, Gas_C5H10O3_InSitu_S_AVMR, 
C5H9NO5_NOAACIMS, pptv, Gas_C5H9NO5_InSitu_S_AVMR, 
C10H17NO4_NOAACIMS, pptv, Gas_C10H17NO4_InSitu_S_AVMR, 
0
18
PI_CONTACT_INFO: 325 Broadway, R/CSD 7, Boulder, Colorado 80305; michael.a.robinson@noaa.gov; chris.jernigan@noaa.gov;
PLATFORM: NOAA CSL Mobile Lab
LOCATION: SLC, Utah
ASSOCIATED_DATA: 1Hz data also available on request.
INSTRUMENT_INFO: NOAA I- ToF CIMS
DATA_INFO: All data in parts per trillion by volume (pptv). 1 Hz data is available upon request.
UNCERTAINTY: TBD
ULOD_FLAG: -7777
ULOD_VALUE: N/A
LLOD_FLAG: -8888
LLOD_VALUE: N/A
DM_CONTACT_INFO: Nathan Howard; nathan.h.howard@noaa.gov
PROJECT_INFO: USOS, summer 2024. https://csl.noaa.gov/groups/csl7/measurements/2024usos/
STIPULATIONS_ON_USE: Users are strongly encouraged to contact the PI for proper data usage.
OTHER_COMMENTS: 
REVISION: RA
RA: Preliminary Data; For in-field use only
starttime_UTC, C4H7NO5_NOAACIMS, ISOPN_NOAACIMS, C5H10O3_NOAACIMS, C5H9NO5_NOAACIMS, C10H17NO4_NOAACIMS
[from data line 1336]
 80160,  2.653,  3.042, 20.330,  3.578,  0.210
 80220,  2.577,  3.174, 18.169,  3.442,  0.090
 80280,  2.408,  2.900, 17.236,  3.386,  0.114
 80340,  2.362,  3.201, 17.061,  3.299,  0.101
 80400,  2.155,  2.148, 16.270,  3.412,  0.124
 80460,  2.148,  2.512, 16.146,  3.382,  0.124
 80520,  2.203,  2.682, 16.349,  3.135,  0.189
 80580,  2.262,  2.651, 17.817,  3.394,  0.226
 80640,  2.251,  3.036, 19.105,  3.269,  0.124
 80700,  1.981,  0.802, 16.940,  3.124,  0.246
 80760,  2.078,  2.918, 18.869,  3.340,  0.147
 80820,  2.050,  2.918, 19.030,  3.065, -0.043
 80880,  2.105,  3.330, 19.981,  3.210,  0.175
 80940,  2.088,  3.409, 18.614,  3.324,  0.124
 81000,  2.064,  3.059, 18.409,  3.272,  0.252
 81060,  2.028,  2.762, 18.271,  3.287,  0.244
 81120,  1.985,  3.018, 18.076,  3.211,  0.073
 81180,  2.022,  2.943, 17.624,  3.259,  0.165
 81240,  2.025,  3.907, 19.751,  3.379,  0.159
 81300,  2.061,  4.034, 18.909,  3.202,  0.189
 81360,  1.994,  4.358, 19.612,  3.269,  0.292
 81420,  1.892,  4.068, 17.923,  3.005,  0.214
 81480,  1.869,  3.329, 16.067,  2.920,  0.132
 81540,  1.771,  3.210, 16.378,  3.017,  0.146
 81600,  1.612,  1.566, 15.624,  2.750, -0.104
 81660,  1.698,  2.790, 17.106,  2.680,  0.105
 81720,  1.819,  3.957, 18.795,  3.062,  0.241
 81780,  1.923,  3.649, 18.906,  2.972,  0.201
 81840,  1.879,  3.460, 18.498,  3.203,  0.329
 81900,  1.863,  3.454, 19.145,  3.014,  0.272
 81960,  1.838,  3.473, 19.145,  3.099,  0.296
 82020,  1.808,  3.910, 18.831,  2.979,  0.201
 82080,  1.693,  4.071, 19.060,  2.967,  0.263
 82140,  1.600,  3.213, 16.251,  3.066,  0.125
 82200,  1.650,  3.073, 15.270,  3.199,  0.166
 82260,  1.673,  3.509, 16.288,  3.226,  0.268
 82320,  1.724,  4.266, 15.523,  3.294,  0.228
 82380,  1.713,  4.148, 16.024,  3.085,  0.244
 82440,  1.727,  4.267, 15.988,  3.430,  0.306
 82500,  1.708,  4.073, 16.332,  3.119,  0.188
 82560, -9999.000, -9999.000, -9999.000, -9999.000, -9999.000
 82620,  1.666,  4.227, 13.742,  3.280,  0.304
 82680,  1.659,  3.638, 14.249,  3.288,  0.297
 82740,  1.634,  3.461, 13.982,  3.272,  0.289
 82800,  1.605,  3.922, 14.354,  3.101,  0.276
 82860,  1.565,  3.035, 13.590,  3.016,  0.305
 82920,  1.562,  2.803, 13.366,  3.132,  0.222
 82980,  1.550,  3.156, 14.321,  3.235,  0.185
 83040,  1.644,  3.119, 14.851,  3.373,  0.237
 83100,  1.739,  3.442, 15.427,  3.266,  0.230
 83160,  1.717,  3.456, 15.683,  3.347,  0.207
 83220,  1.798,  3.761, 14.930,  3.451,  0.175
 83280,  1.887,  4.275, 14.550,  3.336,  0.292
 83340,  1.748,  4.039, 14.536,  3.299,  0.220
 83400,  1.708,  3.425, 13.334,  3.274,  0.188
 83460,  1.774,  3.117, 15.218,  3.274,  0.089
 83520,  1.835,  3.258, 15.418,  3.480,  0.131
 83580,  1.765,  2.951, 16.444,  3.434, -0.028
 83640,  1.809,  2.891, 16.660,  3.244, -0.091
 83700,  2.013,  3.811, 17.228,  3.225,  0.141
 83760,  2.116,  3.615, 17.436,  3.557,  0.095
 83820,  2.140,  3.647, 17.540,  3.642,  0.190
 83880,  2.123,  3.712, 17.321,  3.386,  0.166
 83940,  2.128,  3.910, 17.650,  3.549,  0.099
 84000,  2.126,  4.317, 17.796,  3.565,  0.131
 84060,  2.145,  4.690, 17.811,  3.523,  0.119
 84120,  2.181,  4.363, 18.954,  3.789,  0.055
 84180,  2.167,  4.540, 18.656,  3.569,  0.066
 84240,  2.177,  4.327, 17.688,  3.688, -0.064
 84300,  2.086,  3.944, 17.966,  3.606, -0.114
 84360,  1.966,  3.915, 18.587,  3.173, -0.061
 84420,  1.991,  5.322, 16.890,  3.405,  0.117
 84480,  2.018,  5.040, 17.061,  3.358, -0.089
 84540,  1.877,  4.182, 17.029,  3.473, -0.247
 84600,  1.989,  5.172, 18.129,  3.547,  0.009
 84660,  1.944,  5.352, 18.077,  3.339,  0.118
 84720,  1.939,  4.821, 18.282,  3.171,  0.052
 84780,  1.949,  5.851, 19.739,  3.312,  0.092
 84840,  2.002,  6.512, 20.455,  3.291,  0.078
 84900,  2.002,  6.947, 21.356,  3.335,  0.137
 84960,  2.043,  4.719, 17.004,  3.241,  0.109
 85020,  2.095,  5.797, 19.557,  3.473,  0.086
 85080,  2.091,  7.391, 23.438,  3.402,  0.081
 85140,  2.063,  8.261, 26.559,  3.464,  0.017
 85200,  2.173,  8.902, 27.622,  3.496,  0.157
 85260,  2.279,  7.840, 25.482,  3.506,  0.047
 85320,  2.262,  8.907, 25.429,  3.397,  0.159
 85380,  2.258,  8.599, 26.117,  3.389,  0.115
 85440,  2.267,  9.004, 24.347,  3.465,  0.071
 85500,  2.472,  9.004, 26.281,  3.459,  0.163
 85560,  2.235,  7.792, 25.499,  3.403,  0.136
 85620,  2.243,  8.145, 26.635,  3.555,  0.097
 85680,  2.215,  8.555, 28.018,  3.451,  0.169
 85740,  2.080,  8.507, 30.525,  3.349,  0.179
 85800,  2.045,  8.811, 31.394,  3.382,  0.162
 85860,  2.103,  9.057, 31.675,  3.348,  0.172
 85920,  2.050,  9.277, 31.365,  3.291,  0.208
 85980,  2.083,  8.826, 29.135,  3.433,  0.196
 86040,  2.083,  8.906, 27.586,  3.456,  0.186
 86100,  2.089,  8.881, 27.647,  3.524,  0.221
 86160,  2.002,  8.753, 27.541,  3.386,  0.121
 86220, -9999.000, -9999.000, -9999.000, -9999.000, -9999.000
 86280,  1.823,  7.817, 25.364,  3.537,  0.120
 86340,  1.930,  8.449, 25.595,  3.346,  0.229
