CampaignData_and_Merges/R0/CSL_MobileLab_Parked/raw/20240807/USOS-PTR_MobileLabGround_20240807_RA.ict
58, 1001
Matthew Coggon, Kelvin Bates, Chelsea Stockwell, Carsten Warneke
NOAA ESRL Chemical Sciences Division
NOAA PTR-ToF-MS
USOS
1,1 
2024, 08, 07, 2023, 08, 09
0
Time_Start, seconds, number of seconds from 00:00 UTC 
22
1, 1, 1, 1, 1, 1, 1, 1, 1, 1, 1, 1, 1, 1, 1, 1, 1, 1, 1, 1, 1, 1
-9999, -9999, -9999, -9999, -9999, -9999, -9999, -9999, -9999, -9999, -9999, -9999, -9999, -9999, -9999, -9999, -9999, -9999, -9999, -9999, -9999, -9999
CH3OH_NOAAPTR_ppbv,  ppbv, Gas_CH3OH_InSitu_S_AVMR, (CH3OH) methanol
CH3CN_NOAAPTR_ppbv,  ppbv, Gas_CH3CN_InSitu_S_AVMR, (CH3CN) acetonitrile
CH3CHO_NOAAPTR_ppbv,  ppbv, Gas_CH3CHO_InSitu_S_AVMR, (CH3CHO) acetaldehyde plus contributions from ethylene glycol and ethylene oxide. Interference from ethanol has been subtracted out.
C2H5OH_NOAAPTR_ppbv,  ppbv, Gas_C2H5OH_InSitu_S_AVMR, (C2H5OH) ethanol
CH3SH_NOAAPTR_ppbv,  ppbv, Gas_CH3SH_InSitu_S_AVMR, (CH3SH) methanethiol, using calibration factor for DMS
Acrolein_NOAAPTR_ppbv,  ppbv, Gas_Acrolein_InSitu_S_AVMR, (C3H4O) acrolein
AcetonePropanal_NOAAPTR_ppbv,  ppbv, Gas_AcetoneAndPropanal_InSitu_S_AVMR, (C3H6O) sum of acetone (dominant isomer) and propanal, using calibration factor for acetone
DMS_NOAAPTR_ppbv,  ppbv, Gas_DMS_InSitu_S_AVMR, (C2H6S) dimethyl sulfide with possible small contributions from ethanethiol
C5H8_NOAAPTR_ppbv,  ppbv, Gas_Isoprene_InSitu_S_AVMR, (C5H8) isoprene and possible fragments from cycloalkanes and aldehydes. Interferences have been subtracted following methods described by Coggon et al (2023)
MVKMAC_NOAAPTR_ppbv,  ppbv, Gas_MVKAndMAC_InSitu_S_AVMR, (C4H6O) sum of methyl vinyl ketone, methacrolein, and small amounts of crotonaldehyde, using weighted calibration factor for MVK (0.637) and MACR (0.363)
Benzene_NOAAPTR_ppbv,  ppbv, Gas_Benzene_InSitu_S_AVMR, (C6H6) benzene
Toluene_NOAAPTR_ppbv,  ppbv, Gas_Toluene_InSitu_S_AVMR, (C7H8) toluene with possible small contributions of fragments from ethyltoluene
Styrene_NOAAPTR_ppbv,  ppbv, Gas_Styrene_InSitu_S_AVMR, (C8H8) styrene
Benzaldehyde_NOAAPTR_ppbv,  ppbv, Gas_Benzaldehyde_InSitu_S_AVMR, (C7H6O) benzaldehyde
C8Aromatics_NOAAPTR_ppbv,  ppbv, Gas_C8Aromatics_InSitu_M_AVMR, (C8H10) sum of m-xylene, p-xylene, o-xylene, and ethyl benzene
C9Aromatics_NOAAPTR_ppbv,  ppbv, Gas_C9Aromatics_InSitu_M_AVMR, (C9H12) sum of C9 aromatics
Naphthalene_NOAAPTR_ppbv,  ppbv, Gas_Naphthalene_InSitu_S_AVMR, (C10H8) naphthalene
Octanal_NOAAPTR_ppbv,  ppbv, Gas_Octanal_InSitu_S_AVMR, (C8H16O) octanal and small amounts of octanone
Monoterpenes_NOAAPTR_ppbv,  ppbv, Gas_Monoterpenes_InSitu_M_AVMR, (C10H16) sum of monoterpenes and possible contributions from fragments of oxygenated monoterpenoids such as eucalyptol.
Nonanal_NOAAPTR_ppbv,  ppbv, Gas_Nonanal_InSitu_M_AVMR, (C9H18O) nonanal and small amounts of nonanone
C7H4ClF3_NOAAPTR_ppbv,  ppbv, Gas_C7H4ClF3_InSitu_S_AVMR, (C7H4ClF3) parachlorobenzotrifluoride
C10H30O5Si5_NOAAPTR_ppbv,  ppbv, Gas_C10H30O5Si5_InSitu_S_AVMR, (C10H30O5Si5) decamethylcyclopentasiloxane
1
SPECIAL COMMENTS:N/A
21
PI_CONTACT_INFO: NOAA ESRL Chemical Sciences Division, Tropospheric Chemistry Group. 325 Broadway, R/CSD7, Boulder, CO 80305
PLATFORM: Mobile Laboratory.
LOCATION: Salt Lake City, UT
ASSOCIATED_DATA: N/A
INSTRUMENT_INFO: NOAA PTR-ToF-MS measurements on NOAA CSL Mobile Lab
DATA_INFO: Units: ppbv
UNCERTAINTY: See OTHER_COMMENTS
ULOD_FLAG: -7777
ULOD_VALUE: N/A
LLOD_FLAG: -8888
LLOD_VALUE: N/A.
DM_CONTACT_INFO: Data Managers: Matt Coggon, Kelvin Bates, Chelsea Stockwell; email: matthew.m.coggon@noaa.gov and kelvin.bates@colorado.edu
PROJECT_INFO: USOS Deployment July-August, 2024
STIPULATIONS_ON_USE: Use of these data require prior OK from PI.
OTHER_COMMENTS: Uncertainties:
CH3OH_NOAAPTR_ppbv:30%; CH3CN_NOAAPTR_ppbv:30%; CH3CHO_NOAAPTR_ppbv:30%; C2H5OH_NOAAPTR_ppbv:30%; CH3SH_NOAAPTR_ppbv:50%; Acrolein_NOAAPTR_ppbv:30%; AcetonePropanal_NOAAPTR_ppbv:30%; DMS_NOAAPTR_ppbv:30%; C5H8_NOAAPTR_ppbv:30%; MVKMAC_NOAAPTR_ppbv:30%; 
Benzene_NOAAPTR_ppbv:30%; Toluene_NOAAPTR_ppbv:30%; Styrene_NOAAPTR_ppbv:30%; Benzaldehyde_NOAAPTR_ppbv:30%; C8Aromatics_NOAAPTR_ppbv:30%; C9Aromatics_NOAAPTR_ppbv:30%; Naphthalene_NOAAPTR_ppbv:30%; Octanal_NOAAPTR_ppbv:30%; Monoterpenes_NOAAPTR_ppbv:30%; Nonanal_NOAAPTR_ppbv:30%; 
C7H4ClF3_NOAAPTR_ppbv:30%; C10H30O5Si5_NOAAPTR_ppbv:30%; 
REVISION: RA
RA: Field Data
Time_Start, CH3OH_NOAAPTR_ppbv, CH3CN_NOAAPTR_ppbv, CH3CHO_NOAAPTR_ppbv, C2H5OH_NOAAPTR_ppbv, CH3SH_NOAAPTR_ppbv, Acrolein_NOAAPTR_ppbv, AcetonePropanal_NOAAPTR_ppbv, DMS_NOAAPTR_ppbv, C5H8_NOAAPTR_ppbv, MVKMAC_NOAAPTR_ppbv, Benzene_NOAAPTR_ppbv, Toluene_NOAAPTR_ppbv, Styrene_NOAAPTR_ppbv, Benzaldehyde_NOAAPTR_ppbv, C8Aromatics_NOAAPTR_ppbv, C9Aromatics_NOAAPTR_ppbv, Naphthalene_NOAAPTR_ppbv, Octanal_NOAAPTR_ppbv, Monoterpenes_NOAAPTR_ppbv, Nonanal_NOAAPTR_ppbv, C7H4ClF3_NOAAPTR_ppbv, C10H30O5Si5_NOAAPTR_ppbv
[from data line 804]
48240.0, 21.56090, 0.22677, 2.99266, 9.33300, 0.00448, 0.38458, 4.56093, 0.02047, 0.38335, 0.42777, 0.16924, 0.55347, 0.04855, -9999.00000, 0.36588, 0.16564, 0.02384, 0.06917, 0.35026, 0.10859, 0.03471, 0.02548 
48300.0, 20.78673, 0.24672, 2.82007, 10.30488, 0.00433, 0.36323, 4.54058, 0.00966, 0.39048, 0.44796, 0.17079, 0.58138, 0.05418, -9999.00000, 0.39866, 0.15713, 0.00514, 0.04252, 0.32727, 0.08694, 0.04215, 0.02073 
48360.0, 22.48569, 0.26741, 2.90883, 10.44502, 0.00840, 0.36237, 4.73035, 0.01217, 0.37829, 0.44796, 0.20792, 0.58971, 0.07310, -9999.00000, 0.38399, 0.14661, 0.00262, 0.08365, 0.32327, 0.11724, 0.03486, 0.02776 
48420.0, 23.31210, 0.21789, 2.81467, 9.63482, 0.00979, 0.31981, 4.56163, 0.00277, 0.45208, 0.45534, 0.22007, 0.64182, 0.05835, -9999.00000, 0.40349, 0.15410, 0.01639, 0.06183, 0.32000, 0.10596, 0.03750, 0.02521 
48480.0, 19.28992, 0.24119, 2.69570, 7.69885, 0.00642, 0.33508, 4.31163, 0.02452, 0.39737, 0.42438, 0.20823, 0.60601, 0.05563, -9999.00000, 0.35212, 0.16098, 0.01141, 0.08205, 0.26508, 0.07757, 0.01764, 0.01450 
48540.0, 20.19680, 0.25041, 2.70373, 7.13662, 0.00122, 0.31377, 4.29959, 0.01621, 0.34393, 0.40006, 0.11132, 0.53288, 0.04572, -9999.00000, 0.31343, 0.14392, 0.00494, 0.06932, 0.25947, 0.08745, 0.01997, 0.01823 
48600.0, 21.63647, 0.23972, 2.85412, 8.30900, 0.00238, 0.35810, 4.32233, 0.00823, 0.39306, 0.42761, 0.18766, 0.56331, 0.02825, -9999.00000, 0.31434, 0.15562, 0.01198, 0.05239, 0.24249, 0.08767, 0.02307, 0.01412 
48660.0, 18.72067, 0.24861, 2.76242, 7.60693, 0.00816, 0.31737, 4.36736, 0.02302, 0.41890, 0.44307, 0.14831, 0.56030, -0.00506, -9999.00000, 0.36075, 0.15087, -0.00001, 0.04565, 0.22082, 0.09911, 0.03189, 0.02014 
48720.0, 42.94931, 0.24452, 2.81445, 9.36824, 0.00600, 0.34523, 4.53773, 0.00055, 0.44807, 0.42436, 0.17795, 0.74477, 0.07037, -9999.00000, 0.39764, 0.16457, 0.01444, 0.06531, 0.28015, 0.09361, 0.03228, 0.02158 
48780.0, 24.49916, 0.23454, 3.04278, 9.95495, 0.00755, 0.35707, 4.65770, 0.00698, 0.38076, 0.45229, 0.23441, 0.64596, 0.07116, -9999.00000, 0.38175, 0.15973, 0.00809, 0.07865, 0.31113, 0.12999, 0.02134, 0.02774 
48840.0, 26.16887, 0.24250, 3.20790, 10.91999, 0.00965, 0.38787, 4.87440, -0.00062, 0.37770, 0.46778, 0.31973, 0.83841, 0.07248, -9999.00000, 0.45888, 0.19478, 0.01234, 0.06398, 0.33971, 0.11534, 0.03269, 0.02549 
48900.0, 22.06679, 0.22636, 2.97872, 9.90532, 0.00635, 0.42476, 4.65721, 0.00734, 0.51760, 0.48832, 0.21296, 0.64181, 0.03316, -9999.00000, 0.35632, 0.16019, 0.00730, 0.07845, 0.27424, 0.11222, 0.02673, 0.02973 
48960.0, 23.58360, 0.24323, 3.16694, 10.69037, 0.01071, 0.35518, 4.72576, 0.02000, 0.52760, 0.46822, 0.23748, 0.87805, 0.05790, -9999.00000, 0.46040, 0.18281, 0.00919, 0.08751, 0.31275, 0.11795, 0.03758, 0.02000 
49020.0, 21.60429, 0.21098, 3.24832, 11.53680, 0.00735, 0.39373, 4.74279, 0.01923, 0.52261, 0.47972, 0.28624, 1.13761, 0.06446, -9999.00000, 0.58137, 0.19570, 0.00932, 0.08607, 0.31213, 0.10315, 0.02838, 0.02658 
49080.0, 19.90732, 0.22418, 2.90617, 10.41502, 0.00587, 0.34958, 4.54241, 0.01921, 0.56831, 0.44323, 0.14525, 0.61198, 0.05440, -9999.00000, 0.34690, 0.15989, 0.01487, 0.08155, 0.28859, 0.09093, 0.01787, 0.02136 
49140.0, 18.16853, 0.23182, 2.92047, 9.56853, 0.00876, 0.31155, 4.79658, 0.01155, 0.48161, 0.44343, 0.20211, 0.70093, 0.08021, -9999.00000, 0.43447, 0.15659, -0.00929, 0.05667, 0.34506, 0.08943, 0.01842, 0.02694 
49200.0, 22.71805, 0.21465, 2.91619, 10.50913, 0.00630, 0.34830, 4.65836, 0.01466, 0.53186, 0.47043, 0.35674, 0.77035, 0.06463, -9999.00000, 0.48297, 0.16993, 0.04292, 0.09560, 0.32777, 0.07795, 0.01899, 0.02061 
49260.0, 35.68846, 0.20178, 3.03615, 9.83947, 0.00978, 0.35235, 4.80237, 0.01695, 0.65656, 0.47286, 0.33258, 0.88487, 0.09047, -9999.00000, 0.47989, 0.19720, 0.01874, 0.07009, 0.33889, 0.08239, 0.02744, 0.02512 
49320.0, 21.54876, 0.21424, -9999.00000, 7.65176, 0.00520, 0.30304, 4.24259, -0.00065, -9999.00000, 0.42480, 0.28858, 0.64797, 0.07047, -9999.00000, 0.35104, 0.17922, 0.00488, 0.08311, 0.34163, 0.09737, 0.01319, 0.01580 
49380.0, -9999.00000, -9999.00000, -9999.00000, -9999.00000, -9999.00000, -9999.00000, -9999.00000, -9999.00000, -9999.00000, -9999.00000, -9999.00000, -9999.00000, -9999.00000, -9999.00000, -9999.00000, -9999.00000, -9999.00000, -9999.00000, -9999.00000, -9999.00000, -9999.00000, -9999.00000 
49440.0, -9999.00000, -9999.00000, -9999.00000, -9999.00000, -9999.00000, -9999.00000, -9999.00000, -9999.00000, -9999.00000, -9999.00000, -9999.00000, -9999.00000, -9999.00000, -9999.00000, -9999.00000, -9999.00000, -9999.00000, -9999.00000, -9999.00000, -9999.00000, -9999.00000, -9999.00000 
49500.0, -9999.00000, -9999.00000, -9999.00000, -9999.00000, -9999.00000, -9999.00000, -9999.00000, -9999.00000, -9999.00000, -9999.00000, -9999.00000, -9999.00000, -9999.00000, -9999.00000, -9999.00000, -9999.00000, -9999.00000, -9999.00000, -9999.00000, -9999.00000, -9999.00000, -9999.00000 
49560.0, -9999.00000, -9999.00000, -9999.00000, -9999.00000, -9999.00000, -9999.00000, -9999.00000, -9999.00000, -9999.00000, -9999.00000, -9999.00000, -9999.00000, -9999.00000, -9999.00000, -9999.00000, -9999.00000, -9999.00000, -9999.00000, -9999.00000, -9999.00000, -9999.00000, -9999.00000 
49620.0, -9999.00000, -9999.00000, -9999.00000, -9999.00000, -9999.00000, -9999.00000, -9999.00000, -9999.00000, -9999.00000, -9999.00000, -9999.00000, -9999.00000, -9999.00000, -9999.00000, -9999.00000, -9999.00000, -9999.00000, -9999.00000, -9999.00000, -9999.00000, -9999.00000, -9999.00000 
49680.0, -9999.00000, -9999.00000, -9999.00000, -9999.00000, -9999.00000, -9999.00000, -9999.00000, -9999.00000, -9999.00000, -9999.00000, -9999.00000, -9999.00000, -9999.00000, -9999.00000, -9999.00000, -9999.00000, -9999.00000, -9999.00000, -9999.00000, -9999.00000, -9999.00000, -9999.00000 
49740.0, -9999.00000, -9999.00000, -9999.00000, -9999.00000, -9999.00000, -9999.00000, -9999.00000, -9999.00000, -9999.00000, -9999.00000, -9999.00000, -9999.00000, -9999.00000, -9999.00000, -9999.00000, -9999.00000, -9999.00000, -9999.00000, -9999.00000, -9999.00000, -9999.00000, -9999.00000 
49800.0, -9999.00000, -9999.00000, -9999.00000, -9999.00000, -9999.00000, -9999.00000, -9999.00000, -9999.00000, -9999.00000, -9999.00000, -9999.00000, -9999.00000, -9999.00000, -9999.00000, -9999.00000, -9999.00000, -9999.00000, -9999.00000, -9999.00000, -9999.00000, -9999.00000, -9999.00000 
49860.0, -9999.00000, -9999.00000, -9999.00000, -9999.00000, -9999.00000, -9999.00000, -9999.00000, -9999.00000, -9999.00000, -9999.00000, -9999.00000, -9999.00000, -9999.00000, -9999.00000, -9999.00000, -9999.00000, -9999.00000, -9999.00000, -9999.00000, -9999.00000, -9999.00000, -9999.00000 
49920.0, -9999.00000, -9999.00000, -9999.00000, -9999.00000, -9999.00000, -9999.00000, -9999.00000, -9999.00000, -9999.00000, -9999.00000, -9999.00000, -9999.00000, -9999.00000, -9999.00000, -9999.00000, -9999.00000, -9999.00000, -9999.00000, -9999.00000, -9999.00000, -9999.00000, -9999.00000 
49980.0, 25.26255, -9999.00000, -9999.00000, 9.85191, 0.00869, 0.45289, 5.05338, 0.01539, -9999.00000, -9999.00000, 0.39836, 0.89733, 0.09856, -9999.00000, 0.54341, 0.27033, 0.00779, 0.08129, 0.33877, 0.11550, 0.02022, 0.02480 
50040.0, 21.55174, 0.21202, 3.10115, 8.82906, 0.00667, 0.37538, 4.59836, 0.00953, 0.49304, 0.47566, 0.33665, 0.72908, 0.07360, -9999.00000, 0.53473, 0.22776, 0.02888, 0.06462, 0.31096, 0.09256, 0.01885, 0.02588 
50100.0, 22.72899, 0.21464, 3.13056, 8.34346, 0.00497, 0.39987, 4.54071, 0.01555, 0.50984, 0.48003, 0.28843, 0.73153, 0.06925, -9999.00000, 0.51931, 0.22757, -0.00257, 0.08518, 0.33147, 0.14119, 0.01451, 0.02906 
50160.0, 22.00862, 0.23001, 3.26305, 10.35174, 0.00710, 0.34494, 4.60209, 0.02118, 0.54361, 0.46542, 0.27158, 0.72974, 0.05115, -9999.00000, 0.54543, 0.22547, 0.00698, 0.07984, 0.34274, 0.08480, 0.01733, 0.02611 
50220.0, 27.68440, 0.21481, 3.42332, 9.25963, 0.00389, 0.41182, 4.59266, 0.02289, 0.64287, 0.49372, 0.31515, 0.79626, 0.09005, -9999.00000, 0.53588, 0.24208, 0.01557, 0.07418, 0.39463, 0.06971, 0.01471, 0.02346 
50280.0, 25.92413, 0.22134, 3.44102, 9.51947, 0.00750, 0.39871, 4.67194, -0.00069, 0.76253, 0.50955, 0.35267, 0.88306, 0.08202, -9999.00000, 0.56489, 0.24662, 0.00861, 0.07761, 0.34773, 0.09102, 0.01540, 0.02117 
50340.0, 22.61499, 0.21270, 3.38381, 8.74904, 0.00670, 0.36881, 4.61762, -0.00069, 0.86428, 0.47643, 0.44086, 0.87025, 0.04489, -9999.00000, 0.56367, 0.23261, -0.00088, 0.05680, 0.36933, 0.11030, 0.01939, 0.02878 
50400.0, 25.68399, 0.21781, 3.64112, 9.24094, 0.00602, 0.36874, 4.69505, -0.00069, 0.83935, 0.49482, 0.43883, 0.88159, 0.07976, -9999.00000, 0.58444, 0.26010, 0.00582, 0.08512, 0.45828, 0.09787, 0.01650, 0.03404 
50460.0, 21.82179, 0.21939, 3.32386, 8.50809, 0.00095, 0.36528, 4.62418, 0.00450, 0.53554, 0.50376, 0.32213, 0.78642, 0.08504, -9999.00000, 0.51510, 0.22708, -0.00943, 0.08592, 0.40844, 0.12137, 0.01608, 0.02610 
50520.0, 25.29945, 0.21699, 3.44445, 9.21952, 0.00681, 0.36307, 4.74998, -0.00070, 0.73610, 0.48578, 0.37329, 0.84169, 0.08186, -9999.00000, 0.56635, 0.25088, 0.01306, 0.08700, 0.40528, 0.08146, 0.01294, 0.01885 
50580.0, 25.71112, 0.20703, 3.42698, 9.25488, 0.00637, 0.39100, 4.72659, 0.01340, 0.98167, 0.52002, 0.40267, 0.85470, 0.05793, -9999.00000, 0.60224, 0.24979, -0.00073, 0.04149, 0.43662, 0.08571, 0.01153, 0.01994 
50640.0, 24.47984, 0.22540, 3.11501, 8.32305, 0.00220, 0.37286, 4.64860, -0.00070, 0.86420, 0.50900, 0.36314, 0.74061, 0.07991, -9999.00000, 0.49702, 0.23785, 0.00537, 0.08282, 0.35439, 0.14425, 0.02146, 0.02575 
50700.0, 22.74479, 0.20636, 3.01846, 7.71948, 0.00419, 0.37388, 4.46570, 0.01743, 0.56794, 0.49327, 0.24877, 0.64427, 0.07067, -9999.00000, 0.48475, 0.20985, 0.01458, 0.06510, 0.32631, 0.09406, 0.02286, 0.03085 
50760.0, 23.30388, 0.21025, 3.09289, 8.62718, 0.00564, 0.33026, 4.56519, 0.00991, 0.61597, 0.50088, 0.30497, 0.71407, 0.05869, -9999.00000, 0.49573, 0.23888, 0.00373, 0.06912, 0.32568, 0.10765, 0.03395, 0.02348 
50820.0, 23.87276, 0.20930, 3.08023, 9.38168, 0.01247, 0.39841, 4.63685, 0.01816, 0.70573, 0.52625, 0.34250, 0.72161, 0.06789, -9999.00000, 0.51187, 0.22240, -0.00245, 0.06528, 0.35696, 0.10774, 0.02110, 0.02257 
50880.0, 24.74501, 0.21553, 3.56197, 9.30012, 0.00611, 0.42366, 4.85623, 0.00227, 0.78780, 0.55492, 0.32735, 1.02562, 0.10299, -9999.00000, 0.66305, 0.30203, 0.02440, 0.06729, 0.37199, 0.13889, 0.01583, 0.02226 
50940.0, 26.02390, 0.21583, 3.51596, 9.50534, 0.00351, 0.46434, 4.74729, 0.02799, 0.98401, 0.53750, 0.34363, 0.99768, 0.09604, -9999.00000, 0.68126, 0.28575, -0.00785, 0.08598, 0.38992, 0.15437, 0.03022, 0.02715 
51000.0, 25.40830, 0.22859, 3.73772, 9.27248, 0.00893, 0.44277, 4.91337, 0.03666, 1.09783, 0.57498, 0.32573, 1.05347, 0.08593, -9999.00000, 0.67341, 0.29941, 0.03928, 0.08119, 0.38418, 0.12613, 0.02084, 0.02722 
51060.0, 24.17818, 0.21383, 3.42456, 8.05915, 0.00386, 0.38481, 4.64925, 0.03194, 0.98989, 0.54409, 0.33284, 0.84299, 0.07934, -9999.00000, 0.56439, 0.22900, 0.00490, 0.08031, 0.37725, 0.14011, 0.02024, 0.02534 
51120.0, 21.57934, 0.23133, 3.28325, 9.34704, 0.00576, 0.37846, 4.57880, 0.01631, 1.03266, 0.58231, 0.27719, 0.72642, 0.08333, -9999.00000, 0.49143, 0.21496, 0.01697, 0.08678, 0.40502, 0.11471, 0.02229, 0.02073 
51180.0, 22.48890, 0.19555, 3.42432, 8.55453, 0.01203, 0.37400, 4.62590, -0.00019, 0.92957, 0.55094, 0.36014, 0.68982, 0.07780, -9999.00000, 0.47088, 0.21169, 0.00697, 0.06294, 0.36365, 0.09684, 0.01780, 0.02075 
51240.0, 24.96762, 0.22615, 3.77491, 9.80777, 0.00511, 0.36232, 5.03860, 0.01362, 0.94850, 0.54540, 0.44961, 0.74439, 0.06898, -9999.00000, 0.51038, 0.22131, -0.00788, 0.07122, 0.41814, 0.11279, 0.01988, 0.02061 
51300.0, 21.79712, 0.20435, 3.71732, 9.12009, 0.00736, 0.38817, 4.97155, 0.00195, 0.85366, 0.52707, 0.31991, 0.67843, 0.06151, -9999.00000, 0.48081, 0.21330, -0.00201, 0.07380, 0.37726, 0.09207, 0.01726, 0.01797 
51360.0, 22.85641, 0.22106, 3.74706, 9.36766, 0.00511, 0.36845, 4.73771, 0.01233, 1.05708, 0.52280, 0.34485, 0.83062, 0.07203, -9999.00000, 0.55967, 0.25800, 0.01900, 0.06618, 0.33065, 0.10486, 0.01836, 0.02256 
51420.0, 23.30425, 0.22984, 3.96860, 9.68419, 0.00240, 0.44074, 4.87421, 0.02122, 0.95256, 0.52934, 0.29039, 0.76707, 0.08633, -9999.00000, 0.50597, 0.25916, 0.00657, 0.08652, 0.30228, 0.11111, 0.02778, 0.02427 
51480.0, 25.27763, 0.23826, 4.12679, 9.67439, 0.00654, 0.41577, 5.19724, 0.00356, 0.93219, 0.55438, 0.31329, 0.77198, 0.07500, -9999.00000, 0.49335, 0.22656, 0.01722, 0.10366, 0.36922, 0.16817, 0.01765, 0.02803 
51540.0, 24.84967, 0.22409, 3.80152, 8.71603, 0.00689, 0.40241, 5.11066, 0.01950, 0.97176, 0.55404, 0.35330, 0.75886, 0.07126, -9999.00000, 0.50549, 0.22826, 0.01362, 0.07502, 0.35605, 0.10378, 0.02865, 0.02540 
51600.0, 25.58405, 0.22152, 3.74969, 8.92864, 0.00851, 0.37541, 4.95232, 0.00431, 0.98103, 0.58018, 0.32091, 0.89859, 0.01710, -9999.00000, 0.54951, 0.23809, 0.01720, 0.08405, 0.39846, 0.15178, 0.01598, 0.03063 
51660.0, 22.46890, 0.20545, -9999.00000, 7.04550, 0.00330, 0.34316, 5.04520, 0.00756, -9999.00000, 0.52548, 0.30668, 0.63850, 0.05750, -9999.00000, 0.43829, 0.18934, 0.01535, 0.07896, 0.33278, 0.10639, 0.01691, 0.01939 
51720.0, -9999.00000, -9999.00000, -9999.00000, -9999.00000, -9999.00000, -9999.00000, -9999.00000, -9999.00000, -9999.00000, -9999.00000, -9999.00000, -9999.00000, -9999.00000, -9999.00000, -9999.00000, -9999.00000, -9999.00000, -9999.00000, -9999.00000, -9999.00000, -9999.00000, -9999.00000 
51780.0, -9999.00000, -9999.00000, -9999.00000, -9999.00000, -9999.00000, -9999.00000, -9999.00000, -9999.00000, -9999.00000, -9999.00000, -9999.00000, -9999.00000, -9999.00000, -9999.00000, -9999.00000, -9999.00000, -9999.00000, -9999.00000, -9999.00000, -9999.00000, -9999.00000, -9999.00000 
51840.0, -9999.00000, -9999.00000, -9999.00000, -9999.00000, -9999.00000, -9999.00000, -9999.00000, -9999.00000, -9999.00000, -9999.00000, -9999.00000, -9999.00000, -9999.00000, -9999.00000, -9999.00000, -9999.00000, -9999.00000, -9999.00000, -9999.00000, -9999.00000, -9999.00000, -9999.00000 
51900.0, -9999.00000, -9999.00000, -9999.00000, -9999.00000, -9999.00000, -9999.00000, -9999.00000, -9999.00000, -9999.00000, -9999.00000, -9999.00000, -9999.00000, -9999.00000, -9999.00000, -9999.00000, -9999.00000, -9999.00000, -9999.00000, -9999.00000, -9999.00000, -9999.00000, -9999.00000 
51960.0, -9999.00000, -9999.00000, -9999.00000, -9999.00000, -9999.00000, -9999.00000, -9999.00000, -9999.00000, -9999.00000, -9999.00000, -9999.00000, -9999.00000, -9999.00000, -9999.00000, -9999.00000, -9999.00000, -9999.00000, -9999.00000, -9999.00000, -9999.00000, -9999.00000, -9999.00000 
52020.0, -9999.00000, -9999.00000, -9999.00000, -9999.00000, -9999.00000, -9999.00000, -9999.00000, -9999.00000, -9999.00000, -9999.00000, -9999.00000, -9999.00000, -9999.00000, -9999.00000, -9999.00000, -9999.00000, -9999.00000, -9999.00000, -9999.00000, -9999.00000, -9999.00000, -9999.00000 
52080.0, -9999.00000, -9999.00000, -9999.00000, -9999.00000, -9999.00000, -9999.00000, -9999.00000, -9999.00000, -9999.00000, -9999.00000, -9999.00000, -9999.00000, -9999.00000, -9999.00000, -9999.00000, -9999.00000, -9999.00000, -9999.00000, -9999.00000, -9999.00000, -9999.00000, -9999.00000 
52140.0, -9999.00000, -9999.00000, -9999.00000, -9999.00000, -9999.00000, -9999.00000, -9999.00000, -9999.00000, -9999.00000, -9999.00000, -9999.00000, -9999.00000, -9999.00000, -9999.00000, -9999.00000, -9999.00000, -9999.00000, -9999.00000, -9999.00000, -9999.00000, -9999.00000, -9999.00000 
52200.0, -9999.00000, -9999.00000, -9999.00000, -9999.00000, -9999.00000, -9999.00000, -9999.00000, -9999.00000, -9999.00000, -9999.00000, -9999.00000, -9999.00000, -9999.00000, -9999.00000, -9999.00000, -9999.00000, -9999.00000, -9999.00000, -9999.00000, -9999.00000, -9999.00000, -9999.00000 
