CampaignData_and_Merges/R0/CSL_MobileLab_Parked/raw/20240807/USOS-MetNav_MobileLabGround_20240807_R0.ict
44, 1001
Carrie Womack, Nate Howard, Mike Zucker
NOAA Chemical Sciences Laboratory
Mobile Lab MetNav Station
USOS
1, 1
2024, 08, 07, 2024, 12, 21
60
Time_Start, seconds_past_midnight, Seconds from midnight UTC
11
1, 1, 1, 1, 1, 1, 1, 1, 1, 1, 1
-9999, -9999, -9999, -9999, -9999, -9999, -9999, -9999, -9999, -9999, -9999
GPS_Alt_m, meters, Altitude from Differential GPS
GPS_Course_deg, degrees, Course from Differential GPS
GPS_GndSpd_m_s, m/s, Ground Speed from Differential GPS
GPS_Heading_deg, degrees, Heading from Differential GPS
GPS_Lat_deg, degrees, Latitude from Differential GPS
GPS_Lon_deg, degrees, Longitude from Differential GPS
AirTemp_C, Celsius, Air Temperature from Airmar
RelHumidity_pct, percent, Relative Humidity from Airmar
Pressure_mb, millibars, Pressure from Honeywell
WindDir_calc_deg, degrees, Wind Direction from Airmar corrected for van movement
WindSpd_calc_m_s, m/s, Wind Speed from Airmar corrected for van movement
1
SPECIAL COMMENTS:
18
PI_CONTACT_INFO: Address: 325 Broadway R/CSL7, Boulder, CO, 80305
PLATFORM: CSL Mobile Lab
LOCATION: Salt Lake City, UT
ASSOCIATED_DATA: N/A
INSTRUMENT_INFO: N/A
DATA_INFO: Units:
UNCERTAINTY: N/A
ULOD_FLAG: -7777
ULOD_VALUE: N/A
LLOD_FLAG: -8888
LLOD_VALUE: N/A
DM_CONTACT_INFO: Data Manager: Nate Howard
PROJECT_INFO: 
STIPULATIONS_ON_USE: Use of these data require prior ok from PI.
OTHER_COMMENTS: 
REVISION: R0
R0: Final data. Fixed bug in wind averaging code. RA: Preliminary Data. For in-field use only. 
Time_Start, GPS_Alt_m, GPS_Course_deg, GPS_GndSpd_m_s, GPS_Heading_deg, GPS_Lat_deg, GPS_Lon_deg, AirTemp_C, RelHumidity_pct, Pressure_mb, WindDir_calc_deg, WindSpd_calc_m_s
[from data line 212]
12720.0,1307.4,2.59,0.05,2.59,40.73434,-111.87211,29.5,21.8,876.0,121.39,1.9
12780.0,1307.6,2.11,0.05,2.11,40.73434,-111.87210,29.4,21.6,876.0,110.29,1.8
12840.0,1308.1,2.35,0.06,2.35,40.73434,-111.87210,29.4,21.6,876.0,119.21,2.1
12900.0,1308.0,2.02,0.05,2.02,40.73434,-111.87210,29.4,22.7,876.1,116.86,1.8
12960.0,1308.0,2.15,0.06,2.15,40.73434,-111.87210,29.4,22.2,876.1,114.85,1.1
13020.0,1307.9,1.48,0.06,1.48,40.73434,-111.87210,29.3,22.5,876.1,121.51,1.4
13080.0,1307.9,1.27,0.06,1.27,40.73434,-111.87210,29.3,22.8,876.1,117.12,1.0
13140.0,1307.8,1.33,0.04,1.33,40.73434,-111.87210,29.2,23.2,876.1,113.34,1.8
13200.0,1307.9,1.19,0.05,1.19,40.73434,-111.87210,29.0,23.3,876.1,103.60,1.7
13260.0,1307.9,1.31,0.05,1.31,40.73434,-111.87210,29.0,23.2,876.1,110.39,1.0
13320.0,1307.9,1.76,0.05,1.76,40.73434,-111.87210,29.0,22.6,876.1,116.54,1.2
13380.0,1308.1,1.94,0.05,1.94,40.73434,-111.87210,28.9,22.4,876.2,114.97,1.5
13440.0,1308.1,1.35,0.06,1.35,40.73434,-111.87210,28.9,23.4,876.2,110.76,1.3
13500.0,1307.8,1.42,0.06,1.42,40.73433,-111.87210,28.9,23.7,876.2,125.01,1.5
13560.0,1308.1,1.43,0.06,1.43,40.73434,-111.87210,28.8,22.9,876.2,116.11,1.7
13620.0,1308.4,1.27,0.05,1.27,40.73434,-111.87210,28.7,23.4,876.2,112.06,1.5
13680.0,1308.1,1.42,0.05,1.42,40.73434,-111.87210,28.6,23.6,876.2,116.53,1.9
13740.0,1308.3,1.19,0.05,1.19,40.73433,-111.87210,28.6,23.8,876.2,115.69,1.7
13800.0,1308.4,1.41,0.05,1.41,40.73433,-111.87210,28.6,23.1,876.2,114.32,1.4
13860.0,1308.4,1.30,0.05,1.30,40.73433,-111.87210,28.6,23.3,876.2,121.22,1.2
13920.0,1308.3,1.32,0.05,1.32,40.73433,-111.87210,28.5,23.3,876.2,117.24,1.4
13980.0,1308.3,1.22,0.05,1.22,40.73434,-111.87210,28.5,23.3,876.2,121.75,1.7
14040.0,1308.0,1.05,0.05,1.05,40.73433,-111.87210,28.5,23.3,876.2,104.84,0.9
14100.0,1307.8,0.94,0.05,0.94,40.73433,-111.87210,28.5,23.1,876.2,115.51,1.2
14160.0,1308.0,0.73,0.05,0.73,40.73433,-111.87210,28.5,22.8,876.3,116.15,1.3
14220.0,1308.1,0.76,0.06,0.76,40.73434,-111.87210,28.5,23.4,876.3,110.24,1.0
14280.0,1308.2,1.23,0.05,1.23,40.73434,-111.87210,28.5,23.2,876.3,117.17,1.3
14340.0,1308.2,1.49,0.05,1.49,40.73434,-111.87210,28.5,22.9,876.3,120.93,1.3
14400.0,1308.2,1.48,0.05,1.48,40.73434,-111.87210,28.5,23.1,876.3,118.91,1.1
14460.0,1308.2,1.29,0.05,1.29,40.73434,-111.87210,28.5,22.9,876.3,124.28,1.7
14520.0,1308.2,1.23,0.05,1.23,40.73434,-111.87210,28.4,23.5,876.3,107.15,1.6
14580.0,1308.3,1.70,0.06,1.70,40.73434,-111.87210,28.4,23.4,876.3,118.80,1.5
14640.0,1308.3,2.08,0.05,2.08,40.73434,-111.87210,28.4,23.5,876.3,117.66,2.1
14700.0,1308.3,2.28,0.05,2.28,40.73434,-111.87210,28.3,23.1,876.3,113.03,1.9
14760.0,1308.3,2.49,0.05,2.49,40.73434,-111.87210,28.3,23.2,876.3,125.55,1.7
14820.0,1308.3,2.58,0.05,2.58,40.73434,-111.87210,28.4,22.8,876.3,121.79,1.1
14880.0,1308.2,2.30,0.05,2.30,40.73434,-111.87210,28.3,23.2,876.3,128.04,1.6
14940.0,1308.3,1.56,0.06,1.56,40.73434,-111.87210,28.4,23.1,876.3,104.02,0.8
15000.0,1308.2,1.37,0.06,1.37,40.73434,-111.87210,28.4,22.8,876.3,113.20,1.4
15060.0,1308.2,1.26,0.05,1.26,40.73434,-111.87210,28.4,23.0,876.3,113.65,1.2
15120.0,1308.1,1.18,0.05,1.18,40.73434,-111.87210,28.4,22.6,876.4,120.96,1.4
15180.0,1307.6,1.49,0.05,1.49,40.73434,-111.87210,28.4,23.2,876.4,117.72,1.1
15240.0,1307.6,1.65,0.05,1.65,40.73434,-111.87210,28.4,22.4,876.4,119.57,1.1
15300.0,1307.5,1.26,0.05,1.26,40.73434,-111.87210,28.5,22.2,876.4,118.89,1.6
15360.0,1307.4,1.01,0.04,1.01,40.73434,-111.87210,28.5,22.6,876.4,100.78,0.7
15420.0,1307.3,0.98,0.04,0.98,40.73434,-111.87210,28.5,22.3,876.4,110.33,0.9
15480.0,1307.3,0.91,0.04,0.91,40.73434,-111.87210,28.5,22.5,876.4,120.89,0.7
15540.0,1307.2,1.16,0.04,1.16,40.73434,-111.87210,28.5,22.6,876.4,123.87,1.3
15600.0,1307.1,0.91,0.04,0.91,40.73434,-111.87210,28.6,22.7,876.3,125.33,1.1
15660.0,1307.1,0.85,0.04,0.85,40.73434,-111.87210,28.5,22.9,876.3,119.92,1.4
15720.0,1307.2,0.45,0.04,0.45,40.73434,-111.87210,28.5,22.6,876.3,120.62,1.1
15780.0,1307.2,0.58,0.04,0.58,40.73434,-111.87210,28.5,23.4,876.3,125.92,1.5
15840.0,1307.2,0.43,0.04,0.43,40.73434,-111.87210,28.5,22.3,876.3,119.03,1.2
15900.0,1307.3,0.76,0.04,0.76,40.73434,-111.87210,28.4,22.8,876.3,117.55,1.1
15960.0,1307.3,0.72,0.05,0.72,40.73434,-111.87210,28.4,22.5,876.3,121.73,1.6
16020.0,1307.3,0.63,0.04,0.63,40.73434,-111.87210,28.4,22.2,876.3,121.22,1.4
16080.0,1307.3,0.24,0.04,0.24,40.73434,-111.87211,28.4,22.3,876.3,119.96,0.9
16140.0,1307.3,0.38,0.04,0.38,40.73434,-111.87211,28.4,21.9,876.3,120.08,1.9
16200.0,1307.3,0.34,0.05,0.34,40.73434,-111.87211,28.4,22.6,876.3,114.87,1.3
16260.0,1307.6,359.95,0.04,359.95,40.73434,-111.87211,28.4,21.8,876.3,110.60,1.6
16320.0,1307.6,359.85,0.05,359.85,40.73434,-111.87211,28.4,21.9,876.3,121.32,1.5
16380.0,1307.5,359.91,0.05,359.91,40.73434,-111.87211,28.4,22.0,876.3,100.16,1.0
16440.0,1307.4,0.17,0.05,0.17,40.73434,-111.87211,28.4,21.9,876.3,118.05,1.8
16500.0,1307.3,359.98,0.05,359.98,40.73434,-111.87211,28.4,21.9,876.3,115.18,1.5
16560.0,1307.5,359.89,0.05,359.89,40.73434,-111.87211,28.4,22.4,876.3,121.10,1.2
16620.0,1307.7,359.93,0.05,359.93,40.73434,-111.87211,28.4,21.4,876.3,108.77,0.5
16680.0,1308.0,359.55,0.05,359.55,40.73434,-111.87211,28.5,21.5,876.4,115.45,1.3
16740.0,1308.0,0.01,0.04,0.01,40.73434,-111.87211,28.5,21.7,876.3,111.40,0.9
16800.0,1308.1,359.86,0.04,359.86,40.73434,-111.87211,28.6,22.1,876.4,133.25,1.1
16860.0,1307.9,359.25,0.05,359.25,40.73434,-111.87211,28.6,22.0,876.4,118.68,0.7
16920.0,1307.9,359.25,0.05,359.25,40.73434,-111.87211,28.7,21.7,876.3,121.72,0.5
16980.0,1308.0,359.33,0.05,359.33,40.73434,-111.87211,28.7,22.0,876.3,120.38,0.8
17040.0,1308.1,359.50,0.04,359.50,40.73434,-111.87211,28.7,21.3,876.3,118.27,1.3
17100.0,1308.2,0.00,0.04,0.00,40.73434,-111.87211,28.7,21.9,876.3,117.90,1.0
17160.0,1308.3,359.17,0.06,359.17,40.73434,-111.87211,28.7,21.7,876.3,122.63,0.6
17220.0,1308.6,359.37,0.05,359.37,40.73434,-111.87211,28.7,22.5,876.3,114.51,0.8
17280.0,1308.6,0.28,0.05,0.28,40.73434,-111.87211,28.7,22.3,876.3,119.28,1.0
17340.0,1308.7,0.69,0.05,0.69,40.73434,-111.87211,28.6,22.8,876.2,111.89,1.0
17400.0,1308.6,0.98,0.05,0.98,40.73434,-111.87211,28.6,22.0,876.3,144.85,1.8
17460.0,1308.9,1.36,0.05,1.36,40.73434,-111.87211,28.5,22.7,876.3,125.71,1.9
17520.0,1309.1,1.21,0.05,1.21,40.73434,-111.87211,28.5,22.2,876.3,141.07,1.1
17580.0,1309.5,1.74,0.05,1.74,40.73434,-111.87211,28.5,21.4,876.3,132.07,1.1
17640.0,1309.4,2.09,0.04,2.09,40.73434,-111.87211,28.5,22.4,876.3,130.52,1.7
17700.0,1309.9,1.58,0.05,1.58,40.73434,-111.87211,28.4,21.9,876.3,127.07,2.5
17760.0,1309.7,1.85,0.05,1.85,40.73434,-111.87211,28.4,22.0,876.3,128.16,2.3
17820.0,1309.2,1.38,0.05,1.38,40.73434,-111.87211,28.4,22.9,876.4,143.27,1.8
17880.0,1309.6,1.68,0.05,1.68,40.73434,-111.87211,28.4,22.6,876.4,141.25,1.9
17940.0,1309.8,1.66,0.04,1.66,40.73434,-111.87210,28.3,22.1,876.3,144.44,2.0
18000.0,1310.0,1.93,0.04,1.93,40.73434,-111.87210,28.3,22.6,876.3,152.40,2.2
18060.0,1309.7,1.40,0.05,1.40,40.73434,-111.87210,28.4,21.8,876.3,179.15,2.0
18120.0,1309.7,1.49,0.05,1.49,40.73434,-111.87210,28.5,21.8,876.3,178.96,1.9
18180.0,1309.5,1.25,0.04,1.25,40.73434,-111.87210,28.6,21.5,876.3,170.18,1.9
18240.0,1309.4,1.81,0.05,1.81,40.73434,-111.87210,28.7,21.4,876.3,170.01,2.1
18300.0,1309.3,1.88,0.04,1.88,40.73434,-111.87210,28.8,21.6,876.3,168.33,1.7
18360.0,1309.2,2.24,0.04,2.24,40.73434,-111.87210,28.9,21.6,876.3,159.53,1.5
18420.0,1309.2,1.82,0.05,1.82,40.73434,-111.87210,29.0,21.4,876.3,170.44,1.5
18480.0,1309.0,1.80,0.04,1.80,40.73434,-111.87210,29.0,21.5,876.3,148.25,2.6
18540.0,1308.7,1.63,0.04,1.63,40.73434,-111.87210,29.0,21.8,876.3,152.52,2.7
18600.0,1308.5,1.64,0.04,1.64,40.73434,-111.87210,28.9,21.2,876.3,142.76,2.8
18660.0,1308.5,1.38,0.05,1.38,40.73434,-111.87210,28.7,22.9,876.4,124.70,3.0
18720.0,1308.6,1.50,0.05,1.50,40.73434,-111.87210,28.6,22.0,876.4,129.81,3.3
18780.0,1308.7,1.86,0.04,1.86,40.73434,-111.87210,28.5,21.7,876.4,127.97,2.8
18840.0,1308.8,2.04,0.04,2.04,40.73434,-111.87210,28.5,22.9,876.4,125.83,2.3
18900.0,1308.8,1.68,0.04,1.68,40.73434,-111.87210,28.4,23.4,876.4,128.72,2.1
18960.0,1308.7,1.57,0.04,1.57,40.73434,-111.87210,28.3,23.9,876.4,131.23,1.6
19020.0,1308.7,1.69,0.04,1.69,40.73434,-111.87210,28.3,23.9,876.5,142.47,1.6
19080.0,1308.7,1.91,0.04,1.91,40.73434,-111.87210,28.3,24.1,876.5,131.18,1.2
19140.0,1308.7,2.15,0.04,2.15,40.73434,-111.87210,28.3,23.9,876.5,129.31,0.9
19200.0,1308.6,1.77,0.04,1.77,40.73434,-111.87210,28.4,22.1,876.6,127.72,0.7
19260.0,1308.6,1.63,0.04,1.63,40.73434,-111.87210,28.6,21.9,876.6,179.68,1.2
19320.0,1308.7,1.77,0.04,1.77,40.73434,-111.87210,28.9,21.6,876.7,192.64,1.7
19380.0,1308.6,1.94,0.03,1.94,40.73434,-111.87210,29.1,21.4,876.8,184.56,1.6
19440.0,1308.5,2.06,0.04,2.06,40.73434,-111.87210,29.1,22.1,876.8,157.75,3.7
19500.0,1308.5,1.86,0.04,1.86,40.73434,-111.87210,29.1,22.4,876.8,154.37,3.9
19560.0,1308.5,1.95,0.04,1.95,40.73434,-111.87210,29.0,23.3,876.8,155.33,3.2
19620.0,1308.5,2.01,0.04,2.01,40.73434,-111.87210,29.0,22.8,876.8,145.22,3.4
19680.0,1308.5,1.69,0.04,1.69,40.73434,-111.87210,28.8,23.8,876.8,132.20,3.1
19740.0,1308.4,1.86,0.04,1.86,40.73434,-111.87210,28.8,23.4,876.8,159.46,2.4
19800.0,1308.4,1.77,0.05,1.77,40.73434,-111.87210,28.6,23.4,876.8,129.12,3.9
19860.0,1308.4,1.88,0.04,1.88,40.73434,-111.87210,28.6,23.5,876.8,122.98,3.2
19920.0,1308.4,1.77,0.05,1.77,40.73434,-111.87210,28.5,23.4,876.8,125.55,3.0
19980.0,1308.3,1.94,0.05,1.94,40.73434,-111.87210,28.5,22.8,876.8,125.57,2.6
20040.0,1308.4,1.45,0.05,1.45,40.73434,-111.87210,28.5,23.4,876.8,124.73,2.2
20100.0,1308.3,1.18,0.04,1.18,40.73434,-111.87210,28.6,22.7,876.8,128.38,2.5
20160.0,1308.4,1.47,0.04,1.47,40.73434,-111.87210,28.5,23.6,876.8,131.13,2.0
20220.0,1308.3,1.34,0.04,1.34,40.73434,-111.87210,28.5,23.7,876.9,134.62,1.9
20280.0,1308.4,1.39,0.05,1.39,40.73434,-111.87210,28.6,23.8,876.9,129.66,1.3
20340.0,1308.4,1.84,0.04,1.84,40.73434,-111.87210,28.5,25.1,876.8,124.90,1.2
20400.0,1308.4,2.28,0.04,2.28,40.73434,-111.87210,28.5,24.2,876.8,123.37,1.3
20460.0,1308.5,2.45,0.04,2.45,40.73434,-111.87210,28.5,23.5,876.8,118.85,1.2
20520.0,1308.6,2.37,0.04,2.37,40.73434,-111.87210,28.5,22.8,876.8,113.49,1.2
20580.0,1308.6,1.96,0.05,1.96,40.73434,-111.87210,28.6,23.5,876.8,127.00,1.3
20640.0,1308.7,1.68,0.04,1.68,40.73434,-111.87210,28.6,23.2,876.9,120.69,1.5
20700.0,1308.6,1.28,0.05,1.28,40.73434,-111.87210,28.5,24.0,876.9,120.29,1.8
20760.0,1308.7,0.98,0.05,0.98,40.73434,-111.87210,28.5,23.6,876.9,119.26,1.6
20820.0,1308.6,1.17,0.05,1.17,40.73434,-111.87210,28.5,24.2,876.9,116.36,2.2
20880.0,1308.3,1.39,0.06,1.39,40.73434,-111.87210,28.4,22.9,876.9,116.40,2.4
20940.0,1308.2,1.30,0.05,1.30,40.73434,-111.87210,28.4,23.3,876.9,120.08,2.7
21000.0,1307.8,1.69,0.04,1.69,40.73434,-111.87210,28.4,23.2,876.9,127.09,2.7
21060.0,1307.4,1.57,0.04,1.57,40.73434,-111.87211,28.4,23.9,877.0,128.55,2.0
21120.0,1307.4,1.57,0.05,1.57,40.73434,-111.87211,28.3,24.1,877.0,122.55,2.1
21180.0,1307.6,2.09,0.04,2.09,40.73434,-111.87211,28.3,24.0,877.0,132.92,1.7
21240.0,1307.8,1.55,0.04,1.55,40.73434,-111.87211,28.3,24.0,877.0,128.76,1.9
21300.0,1308.1,1.07,0.05,1.07,40.73434,-111.87211,28.3,23.7,877.0,125.88,1.5
21360.0,1308.1,1.40,0.04,1.40,40.73434,-111.87211,28.4,23.4,877.0,130.13,1.5
21420.0,1308.3,1.30,0.04,1.30,40.73434,-111.87211,28.4,23.7,877.0,134.89,1.5
21480.0,1308.2,1.69,0.04,1.69,40.73434,-111.87211,28.4,23.6,877.0,131.08,1.6
21540.0,1308.2,2.16,0.04,2.16,40.73434,-111.87210,28.4,24.2,877.0,129.31,1.8
21600.0,1308.2,1.75,0.05,1.75,40.73434,-111.87210,28.4,23.7,877.0,129.57,2.0
21660.0,1308.0,2.22,0.04,2.22,40.73434,-111.87211,28.4,24.4,877.0,129.56,2.0
21720.0,1307.9,2.00,0.04,2.00,40.73434,-111.87211,28.4,23.8,877.0,121.16,2.2
21780.0,1307.8,1.81,0.05,1.81,40.73434,-111.87211,28.3,24.4,877.0,122.36,2.2
21840.0,1307.9,1.04,0.04,1.04,40.73434,-111.87211,28.3,24.0,877.0,120.39,2.6
21900.0,1308.1,1.13,0.04,1.13,40.73434,-111.87211,28.3,23.6,877.0,127.08,2.7
21960.0,1308.3,1.28,0.04,1.28,40.73434,-111.87211,28.2,23.4,876.9,115.67,2.5
22020.0,1308.5,1.66,0.04,1.66,40.73434,-111.87211,28.2,23.3,876.9,122.63,3.0
22080.0,1308.5,1.78,0.04,1.78,40.73434,-111.87211,28.2,23.4,876.9,121.71,2.5
22140.0,1308.5,1.65,0.04,1.65,40.73434,-111.87211,28.3,23.3,876.9,114.23,1.7
22200.0,1308.5,1.63,0.05,1.63,40.73434,-111.87211,28.2,23.2,876.9,113.07,1.9
22260.0,1308.8,0.55,0.05,0.55,40.73434,-111.87211,28.3,23.0,876.9,116.58,1.5
22320.0,1309.2,0.99,0.05,0.99,40.73434,-111.87211,28.3,22.9,876.9,119.12,1.6
22380.0,1309.3,1.36,0.04,1.36,40.73434,-111.87211,28.3,23.2,876.9,119.80,1.4
22440.0,1309.3,1.24,0.04,1.24,40.73434,-111.87211,28.4,23.4,876.8,120.25,1.3
22500.0,1309.5,1.29,0.04,1.29,40.73434,-111.87211,28.3,23.9,876.8,114.70,1.4
22560.0,1309.6,1.13,0.05,1.13,40.73434,-111.87211,28.3,23.2,876.8,116.05,1.8
22620.0,1309.6,1.18,0.05,1.18,40.73434,-111.87211,28.3,23.3,876.8,110.76,1.7
22680.0,1309.6,1.56,0.04,1.56,40.73434,-111.87211,28.3,23.2,876.8,107.13,1.1
22740.0,1309.5,1.58,0.05,1.58,40.73434,-111.87211,28.3,23.0,876.9,111.31,1.1
22800.0,1309.6,1.47,0.05,1.47,40.73434,-111.87211,28.3,23.1,876.8,103.14,0.6
22860.0,1309.6,1.31,0.05,1.31,40.73434,-111.87211,28.4,23.3,876.8,96.56,0.5
22920.0,1309.6,1.10,0.05,1.10,40.73434,-111.87211,28.5,23.3,876.8,100.64,0.3
22980.0,1309.6,1.26,0.04,1.26,40.73434,-111.87211,28.6,23.6,876.8,101.68,0.3
23040.0,1309.6,1.00,0.05,1.00,40.73434,-111.87211,28.7,23.5,876.8,101.09,0.3
23100.0,1309.7,1.00,0.04,1.00,40.73434,-111.87211,28.9,23.3,876.8,122.24,0.2
23160.0,1309.9,0.94,0.05,0.94,40.73434,-111.87211,29.0,23.4,876.8,97.51,0.4
23220.0,1309.9,1.10,0.05,1.10,40.73434,-111.87211,29.0,23.3,876.8,91.72,0.4
23280.0,1309.9,1.36,0.05,1.36,40.73434,-111.87211,29.0,23.2,876.9,95.89,0.4
23340.0,1310.1,1.98,0.05,1.98,40.73434,-111.87211,29.1,23.1,876.8,118.82,0.5
23400.0,1309.9,1.73,0.05,1.73,40.73434,-111.87211,29.0,23.1,876.8,131.53,0.6
23460.0,1309.9,1.20,0.05,1.20,40.73434,-111.87211,29.0,23.2,876.9,113.26,0.6
23520.0,1309.9,1.10,0.05,1.10,40.73434,-111.87211,28.9,23.0,876.9,112.73,0.5
23580.0,1309.8,0.67,0.06,0.67,40.73434,-111.87211,29.0,23.0,876.9,125.75,0.3
23640.0,1309.9,0.95,0.05,0.95,40.73434,-111.87211,29.0,23.0,876.9,108.83,0.4
23700.0,1310.1,0.91,0.05,0.91,40.73434,-111.87211,29.0,22.8,876.9,112.77,0.7
23760.0,1310.3,1.13,0.05,1.13,40.73434,-111.87211,28.9,22.7,876.9,130.06,1.0
23820.0,1310.2,1.46,0.05,1.46,40.73434,-111.87211,28.8,22.5,876.9,123.49,0.9
23880.0,1309.8,1.23,0.05,1.23,40.73434,-111.87211,28.7,23.1,876.9,114.77,1.1
23940.0,1309.9,1.56,0.05,1.56,40.73434,-111.87211,28.6,22.3,876.9,112.31,0.9
24000.0,1309.9,1.70,0.05,1.70,40.73434,-111.87211,28.5,22.7,876.9,120.90,1.0
24060.0,1309.9,2.36,0.05,2.36,40.73434,-111.87211,28.5,23.2,876.9,127.40,1.4
24120.0,1309.4,2.28,0.04,2.28,40.73434,-111.87211,28.4,23.8,876.9,125.74,1.3
24180.0,1309.5,2.22,0.05,2.22,40.73434,-111.87211,28.3,23.4,876.9,124.02,1.3
24240.0,1309.6,2.12,0.05,2.12,40.73434,-111.87211,28.3,23.0,876.9,126.35,1.4
24300.0,1309.4,2.32,0.05,2.32,40.73434,-111.87211,28.2,23.3,876.8,123.69,1.1
24360.0,1309.2,2.15,0.05,2.15,40.73434,-111.87211,28.2,23.3,876.8,122.27,1.3
24420.0,1309.2,1.83,0.05,1.83,40.73434,-111.87211,28.2,23.8,876.8,122.43,1.1
24480.0,1309.2,2.02,0.06,2.02,40.73434,-111.87211,28.1,23.0,876.8,103.33,0.6
24540.0,1309.2,1.94,0.05,1.94,40.73434,-111.87211,28.1,22.9,876.8,111.77,0.6
24600.0,1309.2,2.09,0.05,2.09,40.73434,-111.87211,28.0,23.8,876.8,117.27,0.8
24660.0,1309.0,1.68,0.04,1.68,40.73434,-111.87211,28.0,23.4,876.8,99.70,0.4
24720.0,1308.7,1.50,0.04,1.50,40.73434,-111.87211,28.1,23.2,876.8,106.88,0.3
24780.0,1308.7,1.57,0.05,1.57,40.73434,-111.87211,28.1,22.8,876.9,94.53,0.5
24840.0,1308.7,1.49,0.05,1.49,40.73434,-111.87211,28.1,22.8,876.9,100.12,0.6
24900.0,1308.7,1.37,0.05,1.37,40.73434,-111.87211,28.1,22.8,876.9,104.33,0.5
24960.0,1308.6,1.68,0.04,1.68,40.73434,-111.87211,28.1,23.0,876.9,95.51,0.5
25020.0,1308.8,1.70,0.04,1.70,40.73434,-111.87211,28.1,23.4,876.9,119.19,0.9
