CampaignData_and_Merges/R0/CSL_MobileLab_Parked/raw/20240807/USOS-Picarro-CO2-CH4-CO-H2O_MobileLabGround_20240807_R0.ict
38, 1001
Ilana Pollack, Nell Schafer, and Jeff Peischl
NOAA Chemical Sciences Laboratory
Picarro 2401-m CO2/CH4/CO/H2O Analyzer
USOS
1, 1
2024, 08, 07, 2024, 11, 20
0
StartTime_UTC, seconds_past_midnight, seconds past midnight
5
1, 1, 1, 1, 1
-9999, -9999, -9999, -9999, -9999
StopTime_UTC, seconds_past_midnight, seconds past midnight
CO2_ppm_1min, ppm, Gas_CO2_InSitu_S_DMF, carbon dioxide mixing ratio
CH4_ppb_1min, ppb, Gas_CH4_InSitu_S_DMF, methane mixing ratio
CO_ppb_1min, ppb, Gas_CO_InSitu_S_DMF, carbon monoxide mixing ratio
H2O_ppmv_1min, ppmv, Met_H2OMRV_InSitu_S_AVMR, water vapor mixing ratio
1
SPECIAL COMMENTS: N/A
18
PI_CONTACT_INFO: Address: NOAA Chemical Sciences Laboratory, Mail Stop CSL7, 325 Broadway, Boulder, CO 80305; Email: Ilana.Pollack@noaa.gov
PLATFORM: NOAA CSL Mobile Laboratory
LOCATION: The mobile lab was stationed in Salt Lake City, Utah.
ASSOCIATED_DATA: N/A
INSTRUMENT_INFO: CO2, CH4, and CO are reported as dry air mole fractions using a commercial wavelength-scanned cavity ring-down analyzer (Picarro 2401-m). An in-field calibration gas standard of 432±0.07 ppm CO2, 2095±1 ppb CH4, and 183±1 ppb CO, calibrated in the Boulder laboratories before and after the field project using primary CO2, CH4, and CO standard tanks tied to the WMO standard (X2019, X2004A, and X2014A, respectively) from the Global Monitoring Laboratory (GML), was delivered to the inlet every 2-3 days to evaluate instrument sensitivity. A H2O measurement was calibrated before the project with a Dew Point Mirror 373 hygrometer. The water correction calculated from these calibrations was applied to the H2O measurement for the entire campaign. Species are measured at 0.5 Hz and reported as 1-minute averages for stationary measurements.
DATA_INFO: Units: CO2, ppm, dry air mole fraction; CH4, ppb, dry air mole fraction; CO, ppb, dry air mole fraction; H2O, ppmv
UNCERTAINTY: Total uncertainties are estimated as ±0.1 ppm for CO2, ±1 ppb for CH4, ±5 ppb for CO, and ±(50 ppm + 4%) for H2O.
ULOD_FLAG: -7777
ULOD_VALUE: N/A
LLOD_FLAG: -8888
LLOD_VALUE: N/A
DM_CONTACT_INFO: Data Manager: Nathan Howard; nathan.h.howard@noaa.gov
PROJECT_INFO: USOS Dates of Study: July – August 2024
STIPULATIONS_ON_USE: Use of these data require prior ok from PI.
OTHER_COMMENTS: Data are averaged to 1 minute intervals. Stationary data collected from a 10 ft tower on top of the mobile van.
REVISION: R0
R0: Final Data
StartTime_UTC, StopTime_UTC, CO2_ppm_1min, CH4_ppb_1min, CO_ppb_1min, H2O_ppmv_1min
[from data line 382]
22920,22980,452.29,1991.1,162.0,12360.7500
22980,23040,452.71,1993.8,160.5,12446.1328
23040,23100,452.79,1994.4,158.7,12480.2441
23100,23160,453.66,2011.2,158.2,12514.0645
23160,23220,453.73,1998.2,157.7,12475.8633
23220,23280,454.53,1999.2,157.9,12496.2197
23280,23340,454.69,1999.7,158.0,12501.5371
23340,23400,454.04,1998.5,153.6,12453.1211
23400,23460,453.91,1996.4,154.0,12479.0068
23460,23520,454.50,1995.1,155.7,12507.3271
23520,23580,452.69,1991.5,151.3,12305.9521
23580,23640,453.76,1992.1,146.9,12448.0742
23640,23700,453.67,1993.8,148.4,12423.1641
23700,23760,451.36,1988.8,143.7,12204.0889
23760,23820,450.85,1986.0,142.3,12077.1074
23820,23880,452.77,1988.9,151.4,12205.0176
23880,23940,449.79,1987.8,146.1,12007.6201
23940,24000,448.25,1984.5,144.7,11884.7705
24000,24060,449.79,1985.3,143.5,12007.4365
24060,24120,453.07,1987.2,141.3,12269.7275
24120,24180,451.10,1984.7,137.5,12181.3721
24180,24240,450.98,1985.2,157.6,12152.3730
24240,24300,448.51,1980.8,144.0,11962.5313
24300,24360,449.62,1984.5,140.1,12102.9932
24360,24420,452.09,1984.6,139.8,12224.9287
24420,24480,449.25,1980.9,139.2,12021.3086
24480,24540,448.23,1979.1,136.6,11908.4629
24540,24600,450.64,1981.4,139.2,12093.7607
24600,24660,454.47,1982.5,141.0,12403.1299
24660,24720,449.52,1979.5,135.5,12051.3291
24720,24780,448.82,1978.3,132.6,11949.9951
24780,24840,448.94,1981.2,131.3,11952.9258
24840,24900,448.72,1980.2,132.8,11915.2773
24900,24960,448.96,1981.5,133.1,11931.9326
24960,25020,449.88,1982.4,132.5,11993.0801
25020,25080,450.07,1983.0,132.9,12038.8164
25080,25140,453.15,1984.0,136.2,12203.0273
25140,25200,456.36,1983.5,141.1,12434.8203
25200,25260,457.43,1985.3,164.5,12412.4746
25260,25320,458.69,1984.8,171.9,12436.0381
25320,25380,460.25,1984.9,154.4,12599.2979
25380,25440,455.81,1985.6,134.7,12407.1807
25440,25500,455.14,1988.7,136.2,12439.8535
25500,25560,459.90,1989.6,139.2,12688.5928
25560,25620,460.25,1991.0,146.5,12749.0889
25620,25680,461.88,1992.5,168.2,12830.4883
25680,25740,460.30,1996.2,162.5,12806.4424
25740,25800,457.56,1996.2,138.3,12638.8896
25800,25860,461.19,1999.4,141.9,12928.9961
25860,25920,460.76,2003.4,147.5,13066.7178
25920,25980,464.31,2008.3,154.6,12916.7217
25980,26040,466.03,1996.7,143.3,13003.8877
26040,26100,462.61,2003.6,147.9,12973.3057
26100,26160,465.73,2013.1,155.3,13197.9160
26160,26220,457.26,2004.8,169.1,12811.0039
26220,26280,457.78,2000.1,152.1,12736.1865
26280,26340,459.43,2014.5,141.1,12870.0068
26340,26400,455.47,2004.1,157.3,12518.9736
26400,26460,461.61,2019.0,214.9,12816.9375
26460,26520,459.55,2018.3,180.4,12814.8955
26520,26580,458.57,2015.8,163.6,12780.1113
26580,26640,459.46,2014.0,179.0,12901.2354
26640,26700,459.67,2011.4,237.1,12900.9766
26700,26760,456.97,2006.3,228.8,12650.2002
26760,26820,457.36,2005.4,191.5,12668.4072
26820,26880,461.68,2008.7,188.2,12980.5488
26880,26940,452.98,1996.0,152.8,12336.9316
26940,27000,453.93,1995.5,144.9,12344.9092
27000,27060,453.95,1996.5,145.6,12365.7842
27060,27120,454.21,1999.9,144.9,12417.0166
27120,27180,457.44,2007.8,168.5,12628.9063
27180,27240,457.00,2009.6,175.3,12553.6777
27240,27300,447.33,1980.6,140.7,11808.5361
27300,27360,460.68,2007.5,166.4,12938.8936
27360,27420,461.93,2008.9,178.1,12899.8301
27420,27480,459.47,2005.9,167.2,12698.7910
27480,27540,456.59,2001.6,164.1,12496.2383
27540,27600,450.90,1990.1,150.2,12029.7852
27600,27660,456.60,2001.6,167.9,12462.7686
27660,27720,450.76,1986.9,145.9,12014.2041
27720,27780,450.61,1986.0,145.0,11997.7324
27780,27840,454.17,1992.5,151.3,12301.3330
27840,27900,457.05,1996.3,158.6,12449.1074
27900,27960,455.06,1988.5,155.1,12287.0527
27960,28020,456.73,1998.9,152.5,12463.3975
28020,28080,461.51,2005.3,159.1,12794.4648
28080,28140,461.46,2005.3,154.9,12874.7314
28140,28200,460.70,2005.4,152.3,12810.3438
28200,28260,460.88,2007.3,151.6,12844.7197
28260,28320,460.14,2007.4,150.1,12829.9756
28320,28380,461.17,2009.0,148.6,12924.1094
28380,28440,464.60,2015.1,150.5,13346.1846
28440,28500,461.82,2019.6,146.3,13136.5303
28500,28560,457.70,2013.9,146.1,12713.2119
28560,28620,458.32,2014.2,147.1,12774.6113
28620,28680,459.44,2013.2,148.2,12870.8516
28680,28740,459.96,2012.9,148.8,12875.5293
28740,28800,459.28,2011.3,147.0,12785.0908
28800,28860,458.16,2010.4,150.4,12730.8486
28860,28920,459.17,2010.2,156.8,12802.9551
28920,28980,461.28,2011.4,152.4,12893.8438
28980,29040,461.07,2013.5,152.6,12920.6084
29040,29100,459.98,2014.8,154.1,12844.9746
29100,29160,458.97,2016.7,152.3,12753.7148
29160,29220,461.54,2015.6,154.3,12924.5176
29220,29280,463.55,2016.9,155.6,13045.6172
29280,29340,463.04,2016.9,155.9,13047.7549
29340,29400,465.10,2017.2,231.7,13133.6670
29400,29460,464.06,2021.6,165.6,13104.7285
29460,29520,463.76,2024.1,155.6,13114.2354
29520,29580,464.72,2023.9,155.5,13218.3340
29580,29640,465.01,2022.5,155.8,13204.9902
29640,29700,464.01,2024.4,156.0,13137.7520
29700,29760,464.55,2023.4,159.0,13187.9590
29760,29820,466.16,2026.8,157.1,13286.4033
29820,29880,467.95,2032.9,159.5,13480.3047
29880,29940,468.60,2034.2,156.4,13573.7695
29940,30000,468.30,2036.6,156.2,13519.9004
30000,30060,468.66,2035.8,157.5,13577.5566
30060,30120,468.11,2033.9,156.2,13593.5967
30120,30180,468.21,2032.0,155.5,13676.1348
30180,30240,469.65,2032.3,156.2,13813.7041
30240,30300,471.11,2034.7,156.7,13913.3262
30300,30360,469.45,2038.8,157.6,13843.5742
30360,30420,470.24,2042.6,161.2,13792.7031
30420,30480,468.69,2050.4,164.7,13689.6025
30480,30540,469.81,2047.3,163.4,13799.1514
30540,30600,468.46,2050.3,175.4,13659.8711
30600,30660,469.73,2051.6,172.9,13711.8486
30660,30720,469.53,2054.8,170.5,13742.9531
30720,30780,468.64,2065.1,177.9,13590.3115
30780,30840,468.40,2067.1,179.1,13601.4248
30840,30900,468.40,2067.4,181.8,13613.0713
30900,30960,468.88,2071.3,184.0,13620.5703
30960,31020,469.48,2068.8,183.4,13670.3867
31020,31080,469.28,2063.4,187.4,13485.7559
31080,31140,467.19,2057.6,180.8,13365.5742
31140,31200,466.41,2055.6,180.7,13388.7627
31200,31260,465.49,2047.9,177.0,13319.6934
31260,31320,465.13,2046.9,176.3,13360.0645
31320,31380,461.36,2033.8,167.1,13010.8311
31380,31440,461.49,2029.4,167.9,12983.4990
31440,31500,459.15,2024.7,171.7,12844.8730
31500,31560,458.33,2019.0,160.9,12838.4619
31560,31620,458.28,2014.0,156.7,12734.9668
31620,31680,456.47,2009.7,159.3,12575.7188
31680,31740,457.12,2011.2,165.0,12666.5576
31740,31800,457.02,2010.1,166.2,12665.7363
31800,31860,455.57,2006.1,163.9,12588.0498
31860,31920,455.09,2001.9,157.8,12556.1289
31920,31980,453.22,1997.4,150.1,12433.2188
31980,32040,452.09,1993.9,145.4,12332.3955
32040,32100,452.19,1993.3,143.2,12360.8252
32100,32160,451.06,1991.2,140.4,12274.8164
32160,32220,451.45,1989.4,138.5,12250.4004
32220,32280,450.93,1989.1,140.2,12254.2871
32280,32340,449.78,1988.7,140.2,12185.4063
32340,32400,449.17,1988.2,139.6,12149.8926
32400,32460,450.11,1991.2,139.8,12248.4502
32460,32520,449.19,1990.3,142.9,12145.1963
32520,32580,448.64,1990.6,145.9,12133.2764
32580,32640,451.06,1993.0,154.4,12375.2861
32640,32700,449.79,1996.4,183.0,12211.3496
32700,32760,450.20,1994.1,170.7,12261.7236
32760,32820,451.64,1993.6,165.9,12401.2773
32820,32880,450.10,1995.2,160.6,12217.0908
32880,32940,452.10,1995.1,148.1,12411.7178
32940,33000,450.39,1994.8,152.5,12306.0127
33000,33060,452.13,1994.9,154.5,12532.6064
33060,33120,450.75,1994.4,155.2,12392.3887
33120,33180,449.50,1993.8,155.3,12279.7852
33180,33240,448.75,1993.3,153.0,12230.0547
33240,33300,449.09,1994.2,150.8,12217.6807
33300,33360,448.66,1993.6,151.6,12196.0439
33360,33420,450.23,1995.7,151.9,12294.4199
33420,33480,451.26,1996.6,151.9,12383.0898
33480,33540,449.86,1996.1,151.0,12298.9180
33540,33600,450.38,1998.2,150.5,12364.9463
33600,33660,450.27,1998.8,147.9,12384.1592
33660,33720,450.88,2000.2,148.4,12426.2363
33720,33780,452.00,2003.1,149.5,12500.7266
33780,33840,451.62,2005.4,147.6,12523.6094
33840,33900,451.29,2006.7,149.1,12507.2783
33900,33960,450.50,2010.9,153.5,12423.7637
33960,34020,453.15,2011.3,154.3,12575.0498
34020,34080,454.25,2037.6,155.7,12652.8125
34080,34140,457.37,2025.9,153.9,13123.6426
34140,34200,457.79,2018.6,153.0,13142.8857
34200,34260,455.93,2010.7,150.4,12875.2754
34260,34320,458.13,2014.3,149.5,13011.9082
34320,34380,456.87,2011.5,149.5,12970.0674
34380,34440,455.14,2010.6,148.5,12818.8379
34440,34500,456.20,2013.2,149.0,12898.4053
34500,34560,456.17,2013.4,149.9,12891.1484
34560,34620,458.50,2011.8,158.7,13021.8350
34620,34680,460.48,2011.2,154.4,13129.2354
34680,34740,455.49,2009.3,149.1,12877.9951
34740,34800,450.68,2005.2,144.3,12574.0137
34800,34860,451.10,2006.0,145.6,12616.9316
34860,34920,450.21,2005.6,142.0,12564.1709
34920,34980,449.73,2005.2,142.5,12543.5146
34980,35040,449.39,2005.2,141.2,12548.9238
35040,35100,450.78,2006.5,142.7,12621.8926
35100,35160,454.85,2017.3,145.7,12924.2373
35160,35220,461.09,2024.2,147.9,13431.3037
35220,35280,462.77,2029.6,145.3,13472.8115
35280,35340,463.65,2031.7,146.9,13469.8379
35340,35400,462.95,2032.5,147.5,13476.7793
35400,35460,460.39,2031.2,140.8,13363.6475
35460,35520,463.79,2034.5,144.6,13509.6807
35520,35580,462.67,2034.0,144.8,13532.5430
35580,35640,460.29,2035.5,141.8,13383.4492
35640,35700,460.58,2031.1,144.9,13341.1533
35700,35760,459.81,2026.7,142.3,13254.4258
35760,35820,462.61,2027.2,145.0,13356.3662
35820,35880,464.01,2031.1,152.1,13422.8242
35880,35940,461.78,2026.5,148.1,13376.0527
35940,36000,460.22,2024.3,146.1,13281.7275
36000,36060,460.99,2025.3,152.0,13344.8535
36060,36120,463.95,2025.7,154.3,13519.4131
36120,36180,464.77,2030.4,162.9,13490.9355
36180,36240,461.13,2026.0,163.5,13293.2090
36240,36300,463.89,2027.1,173.2,13402.6084
36300,36360,468.99,2036.7,205.7,13581.5586
36360,36420,469.52,2036.7,177.3,13645.5000
36420,36480,468.33,2036.1,166.5,13651.7119
36480,36540,468.60,2041.9,182.4,13697.5830
36540,36600,468.21,2042.1,179.2,13667.3857
36600,36660,469.32,2042.4,174.5,13812.7080
36660,36720,468.34,2040.0,168.1,13772.4922
36720,36780,466.27,2035.1,162.1,13605.2324
36780,36840,466.40,2034.6,158.3,13623.4648
36840,36900,465.75,2035.0,155.5,13607.3359
36900,36960,465.33,2028.5,149.2,13601.3086
36960,37020,466.79,2028.8,149.8,13727.6240
37020,37080,470.83,2031.1,155.8,13924.6631
37080,37140,464.97,2027.7,153.1,13550.1455
37140,37200,464.44,2027.5,152.8,13464.9023
37200,37260,464.87,2027.5,151.6,13511.9102
37260,37320,461.03,2022.6,147.9,13311.1846
37320,37380,463.62,2025.1,148.9,13503.6094
37380,37440,469.59,2030.8,161.5,13764.8955
37440,37500,466.27,2025.1,148.1,13753.6611
37500,37560,459.50,2017.9,140.8,13293.1104
37560,37620,459.47,2018.1,143.2,13257.2842
37620,37680,459.49,2014.2,141.8,13314.6924
37680,37740,460.31,2016.6,139.0,13377.5508
37740,37800,459.27,2013.8,139.2,13303.8438
37800,37860,460.16,2014.9,143.2,13336.8223
37860,37920,460.61,2011.7,166.0,13289.5557
37920,37980,460.25,2012.2,222.2,13140.2822
37980,38040,460.84,2018.1,160.5,13201.1514
38040,38100,457.17,2010.3,160.8,13004.7363
38100,38160,460.22,2019.1,154.2,13316.3047
38160,38220,458.29,2015.6,154.3,13183.3867
38220,38280,463.79,2026.3,154.4,13524.7393
38280,38340,466.99,2034.3,156.8,13833.1934
38340,38400,465.05,2039.7,153.2,13816.1416
38400,38460,464.30,2049.0,149.5,13633.9727
38460,38520,464.31,2055.9,148.9,13607.8916
38520,38580,465.87,2058.6,150.9,13720.3154
38580,38640,463.78,2052.8,149.4,13580.0723
38640,38700,467.51,2056.6,149.8,13940.7441
38700,38760,470.72,2048.7,152.6,14058.1035
38760,38820,465.81,2042.8,154.4,13684.2354
38820,38880,463.15,2043.7,155.9,13555.1406
38880,38940,467.99,2053.8,152.8,13944.2129
38940,39000,467.33,2049.8,155.2,13874.4131
39000,39060,468.13,2051.2,155.0,13937.9561
39060,39120,469.84,2046.0,163.0,13871.3721
39120,39180,470.19,2048.1,170.8,13797.0410
39180,39240,468.48,2040.5,222.7,13705.1201
39240,39300,473.51,2044.0,289.7,13849.8369
39300,39360,478.46,2044.5,227.2,14038.3457
39360,39420,472.03,2058.7,182.0,14002.4990
39420,39480,471.65,2080.3,168.9,14140.2773
39480,39540,472.99,2067.3,169.8,14093.7949
39540,39600,474.77,2064.9,166.3,14168.6699
39600,39660,473.42,2062.0,170.7,14122.5449
39660,39720,471.62,2063.4,173.3,13960.0283
39720,39780,469.18,2059.3,165.9,13843.1455
39780,39840,472.20,2054.9,187.7,13886.7354
39840,39900,473.81,2055.5,196.8,13974.2686
39900,39960,473.52,2054.6,192.1,14006.6416
39960,40020,475.86,2054.6,188.0,14122.7393
40020,40080,475.10,2054.8,184.0,14125.2998
40080,40140,479.38,2056.3,342.0,14098.8047
40140,40200,479.59,2055.3,357.5,14004.9180
40200,40260,476.64,2053.9,246.3,13996.7910
40260,40320,477.90,2060.1,201.3,14163.7930
40320,40380,478.46,2057.2,212.7,14208.1123
40380,40440,480.41,2064.4,215.0,14237.4707
40440,40500,479.75,2061.0,207.0,14147.7197
40500,40560,477.80,2065.2,203.0,14147.5186
40560,40620,477.82,2070.4,229.9,14121.0176
40620,40680,478.17,2069.9,224.7,14079.0127
40680,40740,475.59,2071.0,213.3,14096.8467
40740,40800,479.12,2065.3,222.1,14195.8184
40800,40860,474.04,2055.7,219.1,13892.4199
40860,40920,469.46,2049.7,196.7,13729.9688
40920,40980,477.39,2059.6,202.1,14094.5137
40980,41040,476.62,2058.5,201.4,14105.4902
41040,41100,477.87,2063.7,202.5,14146.2910
41100,41160,480.95,2074.8,219.0,14229.1777
41160,41220,481.73,2079.7,222.1,14244.3828
41220,41280,478.60,2075.8,216.0,14155.4541
41280,41340,479.97,2078.3,216.1,14221.9551
41340,41400,477.38,2078.4,203.6,14121.4971
41400,41460,477.78,2086.7,195.1,14264.3359
41460,41520,473.45,2075.4,199.8,13919.2832
41520,41580,475.63,2077.7,219.2,14141.6855
41580,41640,475.57,2078.3,292.0,14033.2549
41640,41700,478.77,2080.9,313.3,14218.7139
41700,41760,474.44,2063.9,238.9,13871.6602
41760,41820,471.03,2062.0,193.4,13748.9609
41820,41880,466.29,2059.3,182.3,13567.7881
41880,41940,463.38,2040.6,193.5,13370.5898
41940,42000,468.86,2046.7,245.7,13511.6553
42000,42060,472.31,2054.7,239.4,13709.6475
42060,42120,465.34,2035.8,184.2,13489.1328
42120,42180,466.15,2033.5,179.9,13524.8369
42180,42240,462.85,2023.5,182.2,13333.6377
42240,42300,468.10,2029.5,193.1,13504.0313
42300,42360,467.62,2024.0,172.5,13432.5205
42360,42420,471.45,2023.2,164.0,13471.5654
42420,42480,470.82,2032.0,171.1,13842.8887
42480,42540,468.57,2036.7,166.0,13773.9531
42540,42600,466.65,2030.3,163.8,13633.0342
42600,42660,468.38,2042.8,174.1,13669.2549
42660,42720,471.42,2048.2,185.0,13774.0244
42720,42780,471.70,2045.6,222.7,13795.9844
42780,42840,468.56,2041.6,262.6,13698.9131
42840,42900,470.83,2044.5,250.9,13796.1689
42900,42960,472.02,2042.6,258.9,13805.5283
42960,43020,471.62,2040.7,220.4,13813.1758
43020,43080,472.73,2044.6,224.8,13834.1230
43080,43140,473.46,2040.8,228.7,13865.7266
43140,43200,474.78,2045.3,239.7,13911.9678
43200,43260,473.71,2041.4,250.2,13857.9473
43260,43320,478.83,2044.0,309.0,13979.2910
43320,43380,472.64,2032.6,257.4,13903.2979
43380,43440,472.02,2033.0,237.2,13966.1924
43440,43500,474.87,2036.4,234.9,14036.8232
43500,43560,475.47,2038.2,235.2,14070.5537
43560,43620,475.54,2034.6,347.7,14061.5059
43620,43680,477.05,2032.7,293.1,14063.5840
43680,43740,474.48,2034.4,233.8,14035.9053
43740,43800,477.49,2037.5,222.4,14125.6523
43800,43860,472.56,2044.2,204.6,14164.1299
43860,43920,474.27,2049.6,205.8,14270.0713
43920,43980,475.74,2053.6,210.6,14334.3281
43980,44040,475.66,2052.1,205.4,14308.7939
44040,44100,477.36,2045.0,193.8,14243.9980
44100,44160,472.95,2037.1,181.7,14148.2754
44160,44220,473.25,2036.4,188.1,14130.9619
44220,44280,474.40,2038.7,193.0,14191.5732
44280,44340,477.64,2042.1,201.5,14279.5059
44340,44400,475.25,2040.0,188.6,14216.1504
44400,44460,477.86,2041.7,194.1,14264.7432
44460,44520,475.73,2039.4,182.1,14196.6670
44520,44580,480.16,2043.7,187.7,14345.3965
44580,44640,479.81,2042.9,186.2,14353.7510
44640,44700,484.28,2042.6,216.4,14346.7715
44700,44760,485.25,2043.8,210.2,14422.5537
44760,44820,490.15,2044.6,228.0,14457.9414
44820,44880,480.15,2047.7,232.1,14361.3916
44880,44940,477.95,2050.3,206.1,14360.9893
44940,45000,479.38,2055.6,195.3,14307.0947
45000,45060,479.28,2045.3,214.1,14216.8252
45060,45120,474.10,2033.7,186.8,14155.4277
45120,45180,476.21,2045.4,183.7,14218.0781
