CampaignData_and_Merges/R0/CSL_MobileLab_Parked/raw/20240807/USOS-jNO2_MobileLabGround_20240807_R0.ict
52,1001
Waxman, E.; Rollins, A.; Zuraski, K.; Chace, W.
NOAA Chemical Sciences Laboratory
jNO2 filter radiometer on CSL Mobile Lab
AMMBEC / USOS
1, 1
2024,08,07, 2025,04,01
60
Time_Start, seconds, number_of_seconds_since_0000_UTC
20
1, 1, 1, 1, 1, 1, 1, 1, 1, 1, 1, 1, 1, 1, 1, 1, 1, 1, 1, 1
-9999, -9999, -9999, -9999, -9999, -9999, -9999, -9999, -9999, -9999, -9999, -9999, -9999, -9999, -9999, -9999, -9999, -9999, -9999, -9999
Time_Stop, seconds, number_of_seconds_since_0000_UTC
jNO2_meas, per second, photolysis rate of NO2 measured using a filter radiometer.
jBrCl, per second, photolysis rate of BrCl -> Br + Cl calculated in TUV for cloud-free sky with local AOD
jBr2, per second, photolysis rate of Br2 -> Br + Br calculated in TUV for cloud-free sky with local AOD
jCCl4, per second, photolysis rate of CCl4 -> Products calcualted in TUV for cloud-free sky with local AOD
jCH2Oa, per second, photolysis rate of CH2O -> H + HCO calculated in TUV for cloud-free sky with local AOD
jCH2Ob, per second, photolysis rate of CH2O -> H2 + CO calculated in TUV for cloud-free sky with local AOD
jClNO2, per second, photolysis rate of ClNO2 -> Cl + NO2 calculated in TUV for cloud-free sky with local AOD
jClOa, per second, photolysis rate of ClO -> Cl + O(1D) calculated in TUV for cloud-free sky with local AOD
jClOb, per second, photolysis rate of ClO -> Cl + O(3P) calculated in TUV for cloud-free sky with local AOD
jCl2, per second, photolysis rate of Cl2 -> Cl + Cl calculated in TUV for cloud-free sky with local AOD
jHNO2, per second, photolysis rate of HNO2 -> OH + NO calculated in TUV for cloud-free sky with local AOD
jHNO3, per second, photolysis rate of HNO3 -> OH + NO2 calculated in TUV for cloud-free sky with local AOD
jI2, per second, photolysis rate of I2 -> I + I calculated in TUV for cloud-free sky with local AOD
jNO2, per second, photolysis rate of NO2 -> NO + O(3P) calculated in TUV for cloud-free sky with local AOD
jNO3a, per second, photolysis rate of NO3 -> NO + O2 calculated in TUV for cloud-free sky with local AOD
jNO3b, per second, photolysis rate of NO3 -> NO2 + O(3P) calculated in TUV for cloud-free sky with local AOD
jN2O5, per second, photolysis rate of N2O5 -> NO3 + NO + O(3P) calculated in TUV for cloud-free sky with local AOD
jO3, per second, photolysis rate of O3 -> O2 + O(1D) calculated in TUV for cloud-free sky with local AOD
AOD_500nm, unitless, UTC daily mean AOD at 500 nm from an AERONET station located at 40.178 N, -112.452 E
0
18
PI_CONTACT_INFO: eleanor.waxman@noaa.gov
PLATFORM: CSL Mobile Lab, at ground site
LOCATION: Salt Lake City, UT
ASSOCIATED_DATA:
INSTRUMENT_INFO: jNO2 filter radiometer.  TUV calculations are for mobile van lat/lon/altitude assuming clear sky (cloud AOD = 0) and daily mean AOD.
DATA_INFO:
UNCERTAINTY: Data uncertainties are +/- 20%.  These come from uncertainties in radiometer angular response, radiometer thermal response, local interferences from clouds/aerosols/shadows etc.
ULOD_FLAG: -7777
ULOD_VALUE: N/A
LLOD_FLAG: -8888
LLOD_VALUE: N/A
DM_CONTACT_INFO: eleanor.waxman@noaa.gov
PROJECT_INFO: USOS Project, July - August 2024
STIPULATIONS_ON_USE: Users are strongly encouraged to contact the PI for proper data usage.
OTHER_COMMENTS: 
REVISION: R0
R0: final data
Time_Start, Time_Stop, jNO2_meas, jBrCl, jBr2, jCCl4, jCH2Oa, jCH2Ob, jClNO2, jClOa, jClOb, jCl2, jHNO2, jHNO3, jI2, jNO2, jNO3a, jNO3b, jN2O5, jO3, AOD_500nm
[from data line 973]
   58380,   58440,0.0069511,0.009119,0.0282,8.381e-25,2.238e-05,3.638e-05,0.0003596,2.996e-25,2.465e-05,0.001837,0.001224,3.582e-07,0.102,0.007604,0.01984,0.1582,3.116e-05,1.576e-05,0.276
   58440,   58500,0.0069787,0.009135,0.02823,8.623e-25,2.248e-05,3.651e-05,0.0003608,3.087e-25,2.485e-05,0.001842,0.001227,3.603e-07,0.1021,0.007621,0.01985,0.1584,3.128e-05,1.589e-05,0.276
   58500,   58560,0.006988,0.009151,0.02827,8.891e-25,2.259e-05,3.664e-05,0.0003621,3.188e-25,2.507e-05,0.001848,0.00123,3.626e-07,0.1022,0.007639,0.01987,0.1585,3.14e-05,1.604e-05,0.276
   58560,   58620,0.0070014,0.009168,0.02831,9.168e-25,2.27e-05,3.677e-05,0.0003634,3.292e-25,2.528e-05,0.001853,0.001233,3.649e-07,0.1023,0.007656,0.01988,0.1587,3.152e-05,1.618e-05,0.276
   58620,   58680,0.0070105,0.009183,0.02835,9.44e-25,2.28e-05,3.689e-05,0.0003646,3.396e-25,2.548e-05,0.001858,0.001236,3.671e-07,0.1024,0.007673,0.0199,0.1588,3.164e-05,1.631e-05,0.276
   58680,   58740,0.0070322,0.009199,0.02838,9.741e-25,2.291e-05,3.702e-05,0.0003658,3.51e-25,2.57e-05,0.001863,0.001239,3.693e-07,0.1025,0.007691,0.01992,0.159,3.176e-05,1.646e-05,0.276
   58740,   58800,0.007038,0.009215,0.02842,1.005e-24,2.301e-05,3.715e-05,0.000367,3.629e-25,2.591e-05,0.001868,0.001242,3.716e-07,0.1026,0.007708,0.01993,0.1591,3.188e-05,1.66e-05,0.276
   58800,   58860,0.007069,0.00923,0.02846,1.036e-24,2.311e-05,3.727e-05,0.0003682,3.747e-25,2.612e-05,0.001873,0.001245,3.737e-07,0.1027,0.007724,0.01995,0.1593,3.2e-05,1.674e-05,0.276
   58860,   58920,0.0070897,0.009245,0.02849,1.07e-24,2.322e-05,3.74e-05,0.0003694,3.877e-25,2.633e-05,0.001878,0.001248,3.76e-07,0.1028,0.007741,0.01996,0.1594,3.212e-05,1.688e-05,0.276
   58920,   58980,0.0070999,0.009261,0.02853,1.105e-24,2.332e-05,3.753e-05,0.0003706,4.013e-25,2.654e-05,0.001883,0.001251,3.782e-07,0.1029,0.007758,0.01998,0.1596,3.223e-05,1.702e-05,0.276
   58980,   59040,0.007124,0.009275,0.02856,1.14e-24,2.342e-05,3.764e-05,0.0003718,4.146e-25,2.675e-05,0.001888,0.001254,3.803e-07,0.103,0.007774,0.01999,0.1597,3.235e-05,1.716e-05,0.276
   59040,   59100,0.0071045,0.00929,0.0286,1.178e-24,2.352e-05,3.777e-05,0.000373,4.295e-25,2.696e-05,0.001893,0.001257,3.826e-07,0.1031,0.007791,0.02001,0.1598,3.246e-05,1.73e-05,0.276
   59100,   59160,0.0071094,0.009305,0.02863,1.218e-24,2.363e-05,3.789e-05,0.0003742,4.451e-25,2.717e-05,0.001898,0.00126,3.848e-07,0.1032,0.007807,0.02002,0.16,3.258e-05,1.745e-05,0.276
   59160,   59220,0.0071242,0.009319,0.02867,1.257e-24,2.372e-05,3.801e-05,0.0003753,4.604e-25,2.738e-05,0.001902,0.001263,3.869e-07,0.1032,0.007823,0.02004,0.1601,3.269e-05,1.758e-05,0.276
   59220,   59280,0.0071633,0.009334,0.0287,1.301e-24,2.383e-05,3.813e-05,0.0003764,4.774e-25,2.759e-05,0.001907,0.001265,3.891e-07,0.1033,0.007839,0.02005,0.1602,3.281e-05,1.772e-05,0.276
   59280,   59340,0.0071811,0.009349,0.02874,1.346e-24,2.393e-05,3.825e-05,0.0003776,4.952e-25,2.78e-05,0.001912,0.001268,3.913e-07,0.1034,0.007855,0.02006,0.1604,3.292e-05,1.787e-05,0.276
   59340,   59400,0.007181,0.009362,0.02877,1.39e-24,2.402e-05,3.836e-05,0.0003787,5.128e-25,2.8e-05,0.001917,0.001271,3.933e-07,0.1035,0.00787,0.02008,0.1605,3.303e-05,1.8e-05,0.276
   59400,   59460,0.0071758,0.009376,0.0288,1.44e-24,2.412e-05,3.848e-05,0.0003799,5.324e-25,2.821e-05,0.001921,0.001274,3.955e-07,0.1036,0.007886,0.02009,0.1606,3.314e-05,1.814e-05,0.276
   59460,   59520,0.0071933,0.009391,0.02883,1.491e-24,2.422e-05,3.86e-05,0.000381,5.529e-25,2.843e-05,0.001926,0.001276,3.977e-07,0.1037,0.007901,0.02011,0.1607,3.326e-05,1.828e-05,0.276
   59520,   59580,0.0072018,0.009404,0.02886,1.542e-24,2.432e-05,3.871e-05,0.0003821,5.732e-25,2.863e-05,0.00193,0.001279,3.998e-07,0.1038,0.007916,0.02012,0.1608,3.336e-05,1.842e-05,0.276
   59580,   59640,0.0072163,0.009418,0.0289,1.598e-24,2.442e-05,3.883e-05,0.0003832,5.957e-25,2.884e-05,0.001935,0.001282,4.019e-07,0.1039,0.007931,0.02013,0.161,3.347e-05,1.856e-05,0.276
   59640,   59700,0.0072271,0.009431,0.02893,1.657e-24,2.451e-05,3.894e-05,0.0003843,6.194e-25,2.905e-05,0.00194,0.001284,4.041e-07,0.104,0.007946,0.02015,0.1611,3.358e-05,1.87e-05,0.276
   59700,   59760,0.0072459,0.009444,0.02896,1.715e-24,2.461e-05,3.905e-05,0.0003853,6.428e-25,2.925e-05,0.001944,0.001287,4.061e-07,0.104,0.007961,0.02016,0.1612,3.369e-05,1.884e-05,0.276
   59760,   59820,0.0072512,0.009458,0.02899,1.779e-24,2.47e-05,3.916e-05,0.0003864,6.69e-25,2.946e-05,0.001948,0.00129,4.082e-07,0.1041,0.007976,0.02017,0.1613,3.38e-05,1.898e-05,0.276
   59820,   59880,0.0072656,0.009471,0.02902,1.847e-24,2.48e-05,3.928e-05,0.0003875,6.965e-25,2.967e-05,0.001953,0.001292,4.104e-07,0.1042,0.00799,0.02018,0.1614,3.391e-05,1.912e-05,0.276
   59880,   59940,0.0072818,0.009483,0.02905,1.913e-24,2.489e-05,3.938e-05,0.0003886,7.237e-25,2.987e-05,0.001957,0.001295,4.124e-07,0.1043,0.008004,0.0202,0.1616,3.401e-05,1.925e-05,0.276
   59940,   60000,0.0072928,0.009496,0.02908,1.987e-24,2.498e-05,3.949e-05,0.0003896,7.539e-25,3.007e-05,0.001962,0.001297,4.145e-07,0.1044,0.008019,0.02021,0.1617,3.411e-05,1.939e-05,0.276
   60000,   60060,0.0073046,0.009509,0.02911,2.065e-24,2.508e-05,3.96e-05,0.0003907,7.859e-25,3.028e-05,0.001966,0.0013,4.166e-07,0.1044,0.008033,0.02022,0.1618,3.422e-05,1.953e-05,0.276
   60060,   60120,0.0073091,0.009521,0.02914,2.141e-24,2.517e-05,3.971e-05,0.0003917,8.176e-25,3.048e-05,0.00197,0.001302,4.186e-07,0.1045,0.008047,0.02023,0.1619,3.432e-05,1.966e-05,0.276
   60120,   60180,0.0073185,0.009534,0.02916,2.227e-24,2.526e-05,3.982e-05,0.0003928,8.53e-25,3.069e-05,0.001974,0.001305,4.206e-07,0.1046,0.008061,0.02024,0.162,3.443e-05,1.981e-05,0.276
   60180,   60240,0.0073174,0.009547,0.02919,2.316e-24,2.536e-05,3.993e-05,0.0003938,8.903e-25,3.09e-05,0.001979,0.001307,4.227e-07,0.1047,0.008075,0.02026,0.1621,3.453e-05,1.994e-05,0.276
   60240,   60300,0.0073369,0.009558,0.02922,2.405e-24,2.544e-05,4.003e-05,0.0003948,9.273e-25,3.109e-05,0.001983,0.00131,4.247e-07,0.1047,0.008088,0.02027,0.1622,3.463e-05,2.008e-05,0.276
   60300,   60360,0.0073682,0.009571,0.02925,2.503e-24,2.553e-05,4.013e-05,0.0003958,9.686e-25,3.13e-05,0.001987,0.001312,4.267e-07,0.1048,0.008101,0.02028,0.1623,3.473e-05,2.022e-05,0.276
   60360,   60420,0.0073863,0.009583,0.02928,2.607e-24,2.563e-05,4.024e-05,0.0003968,1.012e-24,3.15e-05,0.001991,0.001315,4.288e-07,0.1049,0.008115,0.02029,0.1624,3.483e-05,2.035e-05,0.276
   60420,   60480,0.0074056,0.009594,0.0293,2.71e-24,2.571e-05,4.034e-05,0.0003978,1.056e-24,3.17e-05,0.001995,0.001317,4.307e-07,0.105,0.008128,0.0203,0.1625,3.493e-05,2.048e-05,0.276
   60480,   60540,0.0074281,0.009606,0.02933,2.823e-24,2.58e-05,4.044e-05,0.0003988,1.104e-24,3.19e-05,0.001999,0.001319,4.328e-07,0.105,0.008141,0.02031,0.1626,3.503e-05,2.062e-05,0.276
   60540,   60600,0.0074431,0.009618,0.02936,2.944e-24,2.589e-05,4.054e-05,0.0003998,1.156e-24,3.211e-05,0.002003,0.001322,4.348e-07,0.1051,0.008154,0.02032,0.1627,3.513e-05,2.076e-05,0.276
   60600,   60660,0.0074368,0.009629,0.02938,3.063e-24,2.597e-05,4.064e-05,0.0004007,1.207e-24,3.23e-05,0.002007,0.001324,4.367e-07,0.1052,0.008167,0.02033,0.1628,3.522e-05,2.089e-05,0.276
   60660,   60720,0.007406,0.00964,0.02941,3.197e-24,2.606e-05,4.074e-05,0.0004017,1.264e-24,3.25e-05,0.002011,0.001326,4.387e-07,0.1052,0.00818,0.02034,0.1629,3.532e-05,2.103e-05,0.276
   60720,   60780,0.0074172,0.009652,0.02943,3.338e-24,2.615e-05,4.084e-05,0.0004027,1.325e-24,3.27e-05,0.002015,0.001328,4.407e-07,0.1053,0.008193,0.02035,0.163,3.542e-05,2.116e-05,0.276
   60780,   60840,0.0074319,0.009662,0.02946,3.478e-24,2.623e-05,4.094e-05,0.0004036,1.385e-24,3.289e-05,0.002018,0.001331,4.426e-07,0.1054,0.008205,0.02036,0.1631,3.551e-05,2.129e-05,0.276
   60840,   60900,0.0074346,0.009674,0.02948,3.634e-24,2.632e-05,4.104e-05,0.0004046,1.453e-24,3.308e-05,0.002022,0.001333,4.444e-07,0.1054,0.008217,0.02037,0.1632,3.561e-05,2.142e-05,0.276
   60900,   60960,0.0074354,0.009681,0.0295,3.756e-24,2.638e-05,4.11e-05,0.0004052,1.507e-24,3.325e-05,0.002025,0.001334,4.46e-07,0.1055,0.008225,0.02038,0.1633,3.568e-05,2.153e-05,0.276
   60960,   61020,0.0074348,0.009691,0.02952,3.916e-24,2.646e-05,4.119e-05,0.0004061,1.577e-24,3.344e-05,0.002028,0.001336,4.478e-07,0.1055,0.008237,0.02039,0.1634,3.577e-05,2.166e-05,0.276
   61020,   61080,0.0074531,0.009702,0.02955,4.097e-24,2.654e-05,4.129e-05,0.000407,1.656e-24,3.363e-05,0.002032,0.001338,4.498e-07,0.1056,0.008249,0.0204,0.1634,3.586e-05,2.179e-05,0.276
   61080,   61140,0.0074661,0.009712,0.02957,4.287e-24,2.663e-05,4.139e-05,0.000408,1.74e-24,3.383e-05,0.002036,0.001341,4.517e-07,0.1057,0.008261,0.02041,0.1635,3.595e-05,2.193e-05,0.276
   61140,   61200,0.0074578,0.009722,0.02959,4.476e-24,2.671e-05,4.148e-05,0.0004088,1.823e-24,3.402e-05,0.002039,0.001343,4.535e-07,0.1057,0.008273,0.02042,0.1636,3.604e-05,2.205e-05,0.276
   61200,   61260,0.0074579,0.009733,0.02962,4.688e-24,2.679e-05,4.157e-05,0.0004098,1.917e-24,3.421e-05,0.002043,0.001345,4.554e-07,0.1058,0.008285,0.02043,0.1637,3.613e-05,2.219e-05,0.276
   61260,   61320,0.0074563,0.009743,0.02964,4.911e-24,2.687e-05,4.166e-05,0.0004107,2.016e-24,3.441e-05,0.002047,0.001347,4.573e-07,0.1058,0.008296,0.02044,0.1638,3.623e-05,2.232e-05,0.276
   61320,   61380,0.007472,0.009753,0.02966,5.134e-24,2.695e-05,4.175e-05,0.0004115,2.115e-24,3.459e-05,0.00205,0.001349,4.591e-07,0.1059,0.008307,0.02045,0.1639,3.631e-05,2.244e-05,0.276
   61380,   61440,0.0074818,0.009763,0.02969,5.383e-24,2.703e-05,4.184e-05,0.0004124,2.226e-24,3.479e-05,0.002054,0.001351,4.61e-07,0.106,0.008319,0.02045,0.164,3.64e-05,2.257e-05,0.276
   61440,   61500,0.0074805,0.009773,0.02971,5.647e-24,2.711e-05,4.194e-05,0.0004133,2.344e-24,3.498e-05,0.002057,0.001353,4.629e-07,0.106,0.00833,0.02046,0.164,3.649e-05,2.271e-05,0.276
   61500,   61560,0.0074666,0.009783,0.02973,5.91e-24,2.719e-05,4.202e-05,0.0004141,2.462e-24,3.516e-05,0.00206,0.001355,4.646e-07,0.1061,0.008341,0.02047,0.1641,3.658e-05,2.283e-05,0.276
   61560,   61620,0.0074998,0.009792,0.02975,6.204e-24,2.727e-05,4.211e-05,0.000415,2.594e-24,3.535e-05,0.002064,0.001357,4.665e-07,0.1061,0.008352,0.02048,0.1642,3.666e-05,2.296e-05,0.276
   61620,   61680,0.0075363,0.009802,0.02977,6.514e-24,2.735e-05,4.22e-05,0.0004158,2.734e-24,3.554e-05,0.002067,0.001359,4.683e-07,0.1062,0.008363,0.02049,0.1643,3.675e-05,2.309e-05,0.276
   61680,   61740,0.0075261,0.009811,0.02979,6.824e-24,2.742e-05,4.228e-05,0.0004167,2.874e-24,3.572e-05,0.002071,0.001361,4.7e-07,0.1062,0.008374,0.0205,0.1644,3.683e-05,2.321e-05,0.276
   61740,   61800,0.0075305,0.009821,0.02982,7.171e-24,2.75e-05,4.237e-05,0.0004175,3.031e-24,3.591e-05,0.002074,0.001363,4.718e-07,0.1063,0.008384,0.02051,0.1644,3.692e-05,2.334e-05,0.276
   61800,   61860,0.0075286,0.00983,0.02984,7.538e-24,2.757e-05,4.246e-05,0.0004183,3.197e-24,3.61e-05,0.002077,0.001365,4.736e-07,0.1064,0.008395,0.02051,0.1645,3.701e-05,2.346e-05,0.276
   61860,   61920,0.0075211,0.009839,0.02986,7.903e-24,2.765e-05,4.254e-05,0.0004191,3.363e-24,3.628e-05,0.002081,0.001366,4.753e-07,0.1064,0.008405,0.02052,0.1646,3.709e-05,2.358e-05,0.276
   61920,   61980,0.0075439,0.009848,0.02988,8.312e-24,2.772e-05,4.262e-05,0.00042,3.55e-24,3.646e-05,0.002084,0.001368,4.771e-07,0.1065,0.008416,0.02053,0.1647,3.717e-05,2.371e-05,0.276
   61980,   62040,0.0075802,0.009857,0.0299,8.743e-24,2.78e-05,4.271e-05,0.0004208,3.746e-24,3.665e-05,0.002087,0.00137,4.789e-07,0.1065,0.008426,0.02054,0.1647,3.725e-05,2.384e-05,0.276
   62040,   62100,0.0075849,0.009866,0.02992,9.172e-24,2.787e-05,4.278e-05,0.0004215,3.942e-24,3.682e-05,0.00209,0.001372,4.805e-07,0.1066,0.008436,0.02054,0.1648,3.733e-05,2.395e-05,0.276
   62100,   62160,0.0075791,0.009875,0.02994,9.652e-24,2.794e-05,4.287e-05,0.0004223,4.162e-24,3.7e-05,0.002093,0.001374,4.823e-07,0.1066,0.008446,0.02055,0.1649,3.741e-05,2.408e-05,0.276
   62160,   62220,0.0075661,0.009883,0.02996,1.016e-23,2.802e-05,4.295e-05,0.0004231,4.393e-24,3.718e-05,0.002096,0.001376,4.84e-07,0.1067,0.008456,0.02056,0.1649,3.749e-05,2.42e-05,0.276
   62220,   62280,0.0075715,0.009892,0.02997,1.066e-23,2.808e-05,4.303e-05,0.0004239,4.619e-24,3.735e-05,0.002099,0.001377,4.856e-07,0.1067,0.008466,0.02057,0.165,3.757e-05,2.431e-05,0.276
   62280,   62340,0.0075931,0.0099,0.02999,1.12e-23,2.816e-05,4.311e-05,0.0004247,4.862e-24,3.752e-05,0.002103,0.001379,4.873e-07,0.1068,0.008476,0.02057,0.1651,3.765e-05,2.443e-05,0.276
   62340,   62400,0.0076065,0.009909,0.03001,1.177e-23,2.823e-05,4.319e-05,0.0004254,5.129e-24,3.769e-05,0.002106,0.001381,4.889e-07,0.1068,0.008485,0.02058,0.1652,3.773e-05,2.455e-05,0.276
   62400,   62460,0.0076055,0.009917,0.03003,1.236e-23,2.829e-05,4.326e-05,0.0004262,5.422e-24,3.786e-05,0.002108,0.001382,4.905e-07,0.1068,0.008495,0.02059,0.1652,3.78e-05,2.466e-05,0.276
   62460,   62520,0.0076211,0.009925,0.03005,1.306e-23,2.836e-05,4.334e-05,0.0004269,5.767e-24,3.804e-05,0.002111,0.001384,4.922e-07,0.1069,0.008504,0.0206,0.1653,3.788e-05,2.478e-05,0.276
   62520,   62580,0.0076055,0.009933,0.03007,1.382e-23,2.843e-05,4.342e-05,0.0004277,6.128e-24,3.823e-05,0.002114,0.001386,4.939e-07,0.1069,0.008514,0.0206,0.1653,3.796e-05,2.491e-05,0.276
   62580,   62640,0.0076221,0.009941,0.03008,1.455e-23,2.85e-05,4.349e-05,0.0004284,6.474e-24,3.841e-05,0.002117,0.001388,4.955e-07,0.107,0.008523,0.02061,0.1654,3.803e-05,2.503e-05,0.276
   62640,   62700,0.0076499,0.009949,0.0301,1.541e-23,2.857e-05,4.357e-05,0.0004291,6.849e-24,3.857e-05,0.00212,0.001389,4.971e-07,0.107,0.008532,0.02062,0.1655,3.811e-05,2.514e-05,0.276
   62700,   62760,0.007648,0.009957,0.03012,1.629e-23,2.864e-05,4.364e-05,0.0004299,7.26e-24,3.876e-05,0.002123,0.001391,4.989e-07,0.1071,0.008541,0.02062,0.1655,3.818e-05,2.528e-05,0.276
   62760,   62820,0.007663,0.009964,0.03013,1.714e-23,2.87e-05,4.371e-05,0.0004306,7.658e-24,3.894e-05,0.002126,0.001392,5.005e-07,0.1071,0.00855,0.02063,0.1656,3.825e-05,2.54e-05,0.276
   62820,   62880,0.0076721,0.009972,0.03015,1.811e-23,2.877e-05,4.379e-05,0.0004313,8.097e-24,3.91e-05,0.002129,0.001394,5.02e-07,0.1072,0.008559,0.02064,0.1657,3.833e-05,2.55e-05,0.276
   62880,   62940,0.0077039,0.00998,0.03017,1.903e-23,2.884e-05,4.386e-05,0.000432,8.548e-24,3.93e-05,0.002131,0.001396,5.038e-07,0.1072,0.008568,0.02064,0.1657,3.84e-05,2.564e-05,0.276
   62940,   63000,0.0077168,0.009987,0.03018,2.013e-23,2.89e-05,4.393e-05,0.0004327,9.034e-24,3.947e-05,0.002134,0.001397,5.053e-07,0.1072,0.008576,0.02065,0.1658,3.847e-05,2.576e-05,0.276
   63000,   63060,0.0077058,0.009994,0.0302,2.111e-23,2.897e-05,4.4e-05,0.0004334,9.559e-24,3.962e-05,0.002137,0.001399,5.068e-07,0.1073,0.008585,0.02065,0.1658,3.854e-05,2.586e-05,0.276
   63060,   63120,0.0077203,0.01,0.03022,2.238e-23,2.903e-05,4.407e-05,0.0004341,1.01e-23,3.983e-05,0.00214,0.0014,5.086e-07,0.1073,0.008593,0.02066,0.1659,3.862e-05,2.6e-05,0.276
   63120,   63180,0.0077291,0.01001,0.03023,2.326e-23,2.909e-05,4.414e-05,0.0004347,1.053e-23,3.996e-05,0.002142,0.001402,5.099e-07,0.1074,0.008601,0.02067,0.1659,3.868e-05,2.609e-05,0.276
   63180,   63240,0.0077343,0.01002,0.03025,2.482e-23,2.916e-05,4.421e-05,0.0004354,1.128e-23,4.014e-05,0.002145,0.001403,5.116e-07,0.1074,0.00861,0.02067,0.166,3.876e-05,2.622e-05,0.276
   63240,   63300,0.0077493,0.01002,0.03026,2.578e-23,2.922e-05,4.428e-05,0.0004361,1.172e-23,4.027e-05,0.002147,0.001405,5.13e-07,0.1074,0.008618,0.02068,0.1661,3.882e-05,2.631e-05,0.276
   63300,   63360,0.0077579,0.01003,0.03028,2.746e-23,2.928e-05,4.434e-05,0.0004367,1.254e-23,4.047e-05,0.00215,0.001406,5.146e-07,0.1075,0.008626,0.02068,0.1661,3.889e-05,2.644e-05,0.276
   63360,   63420,0.0077773,0.01004,0.03029,2.843e-23,2.934e-05,4.441e-05,0.0004374,1.299e-23,4.064e-05,0.002152,0.001408,5.161e-07,0.1075,0.008634,0.02069,0.1662,3.896e-05,2.656e-05,0.276
