CampaignData_and_Merges/R0/CSL_MobileLab_Parked/raw/20240807/USOS-jNO2_MobileLabGround_20240807_R0.ict
52,1001
Waxman, E.; Rollins, A.; Zuraski, K.; Chace, W.
NOAA Chemical Sciences Laboratory
jNO2 filter radiometer on CSL Mobile Lab
AMMBEC / USOS
1, 1
2024,08,07, 2025,04,01
60
Time_Start, seconds, number_of_seconds_since_0000_UTC
20
1, 1, 1, 1, 1, 1, 1, 1, 1, 1, 1, 1, 1, 1, 1, 1, 1, 1, 1, 1
-9999, -9999, -9999, -9999, -9999, -9999, -9999, -9999, -9999, -9999, -9999, -9999, -9999, -9999, -9999, -9999, -9999, -9999, -9999, -9999
Time_Stop, seconds, number_of_seconds_since_0000_UTC
jNO2_meas, per second, photolysis rate of NO2 measured using a filter radiometer.
jBrCl, per second, photolysis rate of BrCl -> Br + Cl calculated in TUV for cloud-free sky with local AOD
jBr2, per second, photolysis rate of Br2 -> Br + Br calculated in TUV for cloud-free sky with local AOD
jCCl4, per second, photolysis rate of CCl4 -> Products calcualted in TUV for cloud-free sky with local AOD
jCH2Oa, per second, photolysis rate of CH2O -> H + HCO calculated in TUV for cloud-free sky with local AOD
jCH2Ob, per second, photolysis rate of CH2O -> H2 + CO calculated in TUV for cloud-free sky with local AOD
jClNO2, per second, photolysis rate of ClNO2 -> Cl + NO2 calculated in TUV for cloud-free sky with local AOD
jClOa, per second, photolysis rate of ClO -> Cl + O(1D) calculated in TUV for cloud-free sky with local AOD
jClOb, per second, photolysis rate of ClO -> Cl + O(3P) calculated in TUV for cloud-free sky with local AOD
jCl2, per second, photolysis rate of Cl2 -> Cl + Cl calculated in TUV for cloud-free sky with local AOD
jHNO2, per second, photolysis rate of HNO2 -> OH + NO calculated in TUV for cloud-free sky with local AOD
jHNO3, per second, photolysis rate of HNO3 -> OH + NO2 calculated in TUV for cloud-free sky with local AOD
jI2, per second, photolysis rate of I2 -> I + I calculated in TUV for cloud-free sky with local AOD
jNO2, per second, photolysis rate of NO2 -> NO + O(3P) calculated in TUV for cloud-free sky with local AOD
jNO3a, per second, photolysis rate of NO3 -> NO + O2 calculated in TUV for cloud-free sky with local AOD
jNO3b, per second, photolysis rate of NO3 -> NO2 + O(3P) calculated in TUV for cloud-free sky with local AOD
jN2O5, per second, photolysis rate of N2O5 -> NO3 + NO + O(3P) calculated in TUV for cloud-free sky with local AOD
jO3, per second, photolysis rate of O3 -> O2 + O(1D) calculated in TUV for cloud-free sky with local AOD
AOD_500nm, unitless, UTC daily mean AOD at 500 nm from an AERONET station located at 40.178 N, -112.452 E
0
18
PI_CONTACT_INFO: eleanor.waxman@noaa.gov
PLATFORM: CSL Mobile Lab, at ground site
LOCATION: Salt Lake City, UT
ASSOCIATED_DATA:
INSTRUMENT_INFO: jNO2 filter radiometer.  TUV calculations are for mobile van lat/lon/altitude assuming clear sky (cloud AOD = 0) and daily mean AOD.
DATA_INFO:
UNCERTAINTY: Data uncertainties are +/- 20%.  These come from uncertainties in radiometer angular response, radiometer thermal response, local interferences from clouds/aerosols/shadows etc.
ULOD_FLAG: -7777
ULOD_VALUE: N/A
LLOD_FLAG: -8888
LLOD_VALUE: N/A
DM_CONTACT_INFO: eleanor.waxman@noaa.gov
PROJECT_INFO: USOS Project, July - August 2024
STIPULATIONS_ON_USE: Users are strongly encouraged to contact the PI for proper data usage.
OTHER_COMMENTS: 
REVISION: R0
R0: final data
Time_Start, Time_Stop, jNO2_meas, jBrCl, jBr2, jCCl4, jCH2Oa, jCH2Ob, jClNO2, jClOa, jClOb, jCl2, jHNO2, jHNO3, jI2, jNO2, jNO3a, jNO3b, jN2O5, jO3, AOD_500nm
[from data line 1058]
   63480,   63540,0.0077889,0.01005,0.03032,3.149e-23,2.946e-05,4.454e-05,0.0004387,1.447e-23,4.096e-05,0.002157,0.00141,5.191e-07,0.1076,0.008649,0.0207,0.1663,3.909e-05,2.677e-05,0.276
   63540,   63600,0.0077837,0.01006,0.03034,3.301e-23,2.952e-05,4.461e-05,0.0004393,1.527e-23,4.109e-05,0.00216,0.001412,5.204e-07,0.1076,0.008657,0.02071,0.1663,3.916e-05,2.687e-05,0.276
   63600,   63660,0.0077748,0.01006,0.03035,3.553e-23,2.96e-05,4.469e-05,0.0004401,1.649e-23,4.134e-05,0.002163,0.001413,5.225e-07,0.1077,0.008666,0.02071,0.1664,3.924e-05,2.703e-05,0.276
   63660,   63720,0.007779,0.01007,0.03038,3.871e-23,2.968e-05,4.478e-05,0.0004409,1.782e-23,4.146e-05,0.002166,0.001415,5.24e-07,0.1077,0.008677,0.02072,0.1665,3.932e-05,2.712e-05,0.276
   63720,   63780,0.0078033,0.01008,0.03039,4.082e-23,2.974e-05,4.484e-05,0.0004416,1.883e-23,4.162e-05,0.002169,0.001417,5.255e-07,0.1078,0.008685,0.02073,0.1665,3.939e-05,2.722e-05,0.276
   63780,   63840,0.0078035,0.01009,0.0304,4.306e-23,2.979e-05,4.49e-05,0.0004422,1.989e-23,4.178e-05,0.002171,0.001418,5.269e-07,0.1078,0.008693,0.02073,0.1666,3.945e-05,2.733e-05,0.276
   63840,   63900,0.0078131,0.01009,0.03042,4.525e-23,2.985e-05,4.496e-05,0.0004427,2.092e-23,4.193e-05,0.002173,0.001419,5.283e-07,0.1078,0.0087,0.02074,0.1666,3.951e-05,2.743e-05,0.276
   63900,   63960,0.0078358,0.0101,0.03043,4.759e-23,2.991e-05,4.502e-05,0.0004434,2.205e-23,4.208e-05,0.002176,0.001421,5.297e-07,0.1079,0.008707,0.02074,0.1667,3.958e-05,2.754e-05,0.276
   63960,   64020,0.0078445,0.01011,0.03044,5.012e-23,2.996e-05,4.509e-05,0.000444,2.327e-23,4.223e-05,0.002178,0.001422,5.311e-07,0.1079,0.008714,0.02075,0.1667,3.964e-05,2.764e-05,0.276
   64020,   64080,0.007834,0.01011,0.03046,5.277e-23,3.002e-05,4.514e-05,0.0004445,2.451e-23,4.238e-05,0.00218,0.001423,5.324e-07,0.1079,0.008721,0.02075,0.1667,3.97e-05,2.774e-05,0.276
   64080,   64140,0.0078435,0.01012,0.03047,5.546e-23,3.007e-05,4.52e-05,0.0004451,2.583e-23,4.253e-05,0.002182,0.001425,5.337e-07,0.108,0.008728,0.02076,0.1668,3.976e-05,2.784e-05,0.276
   64140,   64200,0.0078559,0.01012,0.03048,5.834e-23,3.013e-05,4.526e-05,0.0004457,2.719e-23,4.268e-05,0.002185,0.001426,5.351e-07,0.108,0.008735,0.02076,0.1668,3.982e-05,2.794e-05,0.276
   64200,   64260,0.0078598,0.01013,0.03049,6.124e-23,3.018e-05,4.532e-05,0.0004462,2.858e-23,4.282e-05,0.002187,0.001427,5.364e-07,0.108,0.008742,0.02076,0.1669,3.987e-05,2.804e-05,0.276
   64260,   64320,0.0078622,0.01013,0.03051,6.434e-23,3.023e-05,4.538e-05,0.0004468,3.007e-23,4.296e-05,0.002189,0.001428,5.377e-07,0.1081,0.008748,0.02077,0.1669,3.993e-05,2.814e-05,0.276
   64320,   64380,0.0078944,0.01014,0.03052,6.761e-23,3.028e-05,4.543e-05,0.0004473,3.165e-23,4.311e-05,0.002191,0.001429,5.391e-07,0.1081,0.008755,0.02077,0.167,3.999e-05,2.824e-05,0.276
   64380,   64440,0.0079108,0.01015,0.03053,7.084e-23,3.033e-05,4.549e-05,0.0004479,3.318e-23,4.324e-05,0.002193,0.001431,5.403e-07,0.1081,0.008761,0.02078,0.167,4.005e-05,2.833e-05,0.276
   64440,   64500,0.0079057,0.01015,0.03054,7.443e-23,3.039e-05,4.554e-05,0.0004484,3.489e-23,4.339e-05,0.002195,0.001432,5.416e-07,0.1081,0.008768,0.02078,0.167,4.01e-05,2.843e-05,0.276
   64500,   64560,0.0078906,0.01016,0.03055,7.823e-23,3.044e-05,4.56e-05,0.000449,3.672e-23,4.353e-05,0.002197,0.001433,5.429e-07,0.1082,0.008775,0.02079,0.1671,4.016e-05,2.853e-05,0.276
   64560,   64620,0.007896,0.01016,0.03056,8.192e-23,3.049e-05,4.565e-05,0.0004495,3.853e-23,4.366e-05,0.002199,0.001434,5.441e-07,0.1082,0.008781,0.02079,0.1671,4.021e-05,2.862e-05,0.276
   64620,   64680,0.0079016,0.01017,0.03058,8.594e-23,3.054e-05,4.57e-05,0.00045,4.043e-23,4.38e-05,0.002201,0.001435,5.454e-07,0.1082,0.008787,0.02079,0.1672,4.027e-05,2.871e-05,0.276
   64680,   64740,0.0079196,0.01017,0.03059,9.013e-23,3.059e-05,4.576e-05,0.0004505,4.245e-23,4.394e-05,0.002203,0.001436,5.466e-07,0.1083,0.008793,0.0208,0.1672,4.032e-05,2.881e-05,0.276
   64740,   64800,0.0079297,0.01018,0.0306,9.424e-23,3.063e-05,4.581e-05,0.000451,4.442e-23,4.407e-05,0.002205,0.001437,5.478e-07,0.1083,0.008799,0.0208,0.1672,4.037e-05,2.89e-05,0.276
   64800,   64860,0.0079241,0.01018,0.03061,9.878e-23,3.068e-05,4.586e-05,0.0004515,4.66e-23,4.421e-05,0.002207,0.001438,5.49e-07,0.1083,0.008805,0.02081,0.1673,4.043e-05,2.899e-05,0.276
   64860,   64920,0.0079141,0.01019,0.03062,1.035e-22,3.073e-05,4.591e-05,0.000452,4.887e-23,4.434e-05,0.002209,0.00144,5.502e-07,0.1083,0.008811,0.02081,0.1673,4.048e-05,2.908e-05,0.276
   64920,   64980,0.0078972,0.01019,0.03063,1.081e-22,3.078e-05,4.596e-05,0.0004525,5.108e-23,4.447e-05,0.002211,0.001441,5.513e-07,0.1084,0.008817,0.02081,0.1673,4.053e-05,2.917e-05,0.276
   64980,   65040,0.0078957,0.0102,0.03064,1.131e-22,3.082e-05,4.601e-05,0.000453,5.35e-23,4.46e-05,0.002213,0.001442,5.525e-07,0.1084,0.008822,0.02082,0.1674,4.058e-05,2.926e-05,0.276
   65040,   65100,0.0079217,0.0102,0.03065,1.184e-22,3.087e-05,4.606e-05,0.0004535,5.603e-23,4.473e-05,0.002215,0.001443,5.537e-07,0.1084,0.008828,0.02082,0.1674,4.063e-05,2.935e-05,0.276
   65100,   65160,0.0079456,0.01021,0.03066,1.235e-22,3.091e-05,4.61e-05,0.0004539,5.849e-23,4.485e-05,0.002216,0.001444,5.548e-07,0.1084,0.008834,0.02082,0.1675,4.068e-05,2.943e-05,0.276
   65160,   65220,0.0079561,0.01021,0.03067,1.291e-22,3.096e-05,4.615e-05,0.0004544,6.119e-23,4.498e-05,0.002218,0.001445,5.559e-07,0.1085,0.008839,0.02083,0.1675,4.073e-05,2.952e-05,0.276
   65220,   65280,0.0079451,0.01022,0.03068,1.349e-22,3.1e-05,4.62e-05,0.0004549,6.399e-23,4.51e-05,0.00222,0.001446,5.571e-07,0.1085,0.008845,0.02083,0.1675,4.078e-05,2.96e-05,0.276
   65280,   65340,0.0079165,0.01022,0.03069,1.405e-22,3.105e-05,4.624e-05,0.0004553,6.671e-23,4.522e-05,0.002222,0.001447,5.581e-07,0.1085,0.00885,0.02083,0.1676,4.082e-05,2.969e-05,0.276
   65340,   65400,0.0078849,0.01022,0.0307,1.466e-22,3.109e-05,4.629e-05,0.0004557,6.967e-23,4.534e-05,0.002223,0.001448,5.592e-07,0.1085,0.008855,0.02084,0.1676,4.087e-05,2.977e-05,0.276
   65400,   65460,0.0078787,0.01023,0.03071,1.53e-22,3.113e-05,4.634e-05,0.0004562,7.274e-23,4.547e-05,0.002225,0.001449,5.603e-07,0.1086,0.008861,0.02084,0.1676,4.092e-05,2.985e-05,0.276
   65460,   65520,0.0078734,0.01023,0.03072,1.592e-22,3.117e-05,4.638e-05,0.0004566,7.573e-23,4.558e-05,0.002227,0.001449,5.614e-07,0.1086,0.008865,0.02084,0.1676,4.096e-05,2.993e-05,0.276
   65520,   65580,0.0078844,0.01024,0.03073,1.659e-22,3.122e-05,4.642e-05,0.000457,7.899e-23,4.57e-05,0.002228,0.00145,5.624e-07,0.1086,0.008871,0.02085,0.1677,4.101e-05,3.001e-05,0.276
   65580,   65640,0.0079316,0.01024,0.03074,1.729e-22,3.126e-05,4.647e-05,0.0004575,8.235e-23,4.582e-05,0.00223,0.001451,5.635e-07,0.1086,0.008876,0.02085,0.1677,4.105e-05,3.009e-05,0.276
   65640,   65700,0.0079746,0.01025,0.03074,1.796e-22,3.13e-05,4.651e-05,0.0004579,8.561e-23,4.593e-05,0.002232,0.001452,5.645e-07,0.1086,0.00888,0.02085,0.1677,4.11e-05,3.017e-05,0.276
   65700,   65760,0.0079472,0.01025,0.03075,1.869e-22,3.134e-05,4.655e-05,0.0004583,8.914e-23,4.604e-05,0.002233,0.001453,5.655e-07,0.1087,0.008885,0.02086,0.1678,4.114e-05,3.025e-05,0.276
   65760,   65820,0.0079723,0.01025,0.03076,1.944e-22,3.138e-05,4.659e-05,0.0004587,9.279e-23,4.616e-05,0.002235,0.001454,5.665e-07,0.1087,0.00889,0.02086,0.1678,4.118e-05,3.033e-05,0.276
   65820,   65880,0.0079818,0.01026,0.03077,2.017e-22,3.141e-05,4.663e-05,0.0004591,9.631e-23,4.626e-05,0.002236,0.001455,5.675e-07,0.1087,0.008895,0.02086,0.1678,4.122e-05,3.04e-05,0.276
   65880,   65940,0.0079524,0.01026,0.03078,2.096e-22,3.145e-05,4.667e-05,0.0004595,1.002e-22,4.638e-05,0.002238,0.001456,5.685e-07,0.1087,0.008899,0.02087,0.1678,4.127e-05,3.048e-05,0.276
   65940,   66000,0.0079418,0.01027,0.03079,2.178e-22,3.149e-05,4.671e-05,0.0004599,1.041e-22,4.649e-05,0.002239,0.001456,5.694e-07,0.1087,0.008904,0.02087,0.1679,4.131e-05,3.055e-05,0.276
   66000,   66060,0.00794,0.01027,0.03079,2.255e-22,3.153e-05,4.675e-05,0.0004603,1.079e-22,4.659e-05,0.002241,0.001457,5.703e-07,0.1088,0.008908,0.02087,0.1679,4.135e-05,3.062e-05,0.276
   66060,   66120,0.0079532,0.01027,0.0308,2.34e-22,3.156e-05,4.679e-05,0.0004606,1.12e-22,4.669e-05,0.002242,0.001458,5.713e-07,0.1088,0.008913,0.02087,0.1679,4.139e-05,3.07e-05,0.276
   66120,   66180,0.0079801,0.01028,0.03081,2.427e-22,3.16e-05,4.683e-05,0.000461,1.162e-22,4.68e-05,0.002244,0.001459,5.722e-07,0.1088,0.008917,0.02088,0.168,4.143e-05,3.077e-05,0.276
   66180,   66240,0.0079912,0.01028,0.03082,2.511e-22,3.163e-05,4.687e-05,0.0004614,1.203e-22,4.69e-05,0.002245,0.00146,5.731e-07,0.1088,0.008921,0.02088,0.168,4.146e-05,3.084e-05,0.276
   66240,   66300,0.0079725,0.01028,0.03082,2.602e-22,3.167e-05,4.69e-05,0.0004617,1.247e-22,4.7e-05,0.002246,0.00146,5.74e-07,0.1088,0.008925,0.02088,0.168,4.15e-05,3.091e-05,0.276
   66300,   66360,0.0079426,0.01029,0.03083,2.694e-22,3.17e-05,4.694e-05,0.0004621,1.291e-22,4.71e-05,0.002248,0.001461,5.749e-07,0.1088,0.00893,0.02088,0.168,4.154e-05,3.098e-05,0.276
   66360,   66420,0.0079343,0.01029,0.03084,2.782e-22,3.174e-05,4.697e-05,0.0004624,1.334e-22,4.72e-05,0.002249,0.001462,5.757e-07,0.1089,0.008934,0.02089,0.168,4.158e-05,3.104e-05,0.276
   66420,   66480,0.0079336,0.01029,0.03084,2.878e-22,3.177e-05,4.701e-05,0.0004628,1.381e-22,4.729e-05,0.00225,0.001463,5.766e-07,0.1089,0.008938,0.02089,0.1681,4.161e-05,3.111e-05,0.276
   66480,   66540,0.0079623,0.0103,0.03085,2.976e-22,3.18e-05,4.704e-05,0.0004631,1.428e-22,4.739e-05,0.002252,0.001463,5.775e-07,0.1089,0.008942,0.02089,0.1681,4.165e-05,3.117e-05,0.276
   66540,   66600,0.00798,0.0103,0.03086,3.069e-22,3.184e-05,4.708e-05,0.0004634,1.474e-22,4.748e-05,0.002253,0.001464,5.783e-07,0.1089,0.008945,0.02089,0.1681,4.168e-05,3.124e-05,0.276
   66600,   66660,0.0080161,0.0103,0.03086,3.17e-22,3.187e-05,4.711e-05,0.0004638,1.523e-22,4.758e-05,0.002254,0.001465,5.791e-07,0.1089,0.008949,0.0209,0.1681,4.172e-05,3.13e-05,0.276
   66660,   66720,0.0080169,0.01031,0.03087,3.271e-22,3.19e-05,4.714e-05,0.0004641,1.572e-22,4.767e-05,0.002255,0.001465,5.799e-07,0.1089,0.008953,0.0209,0.1682,4.175e-05,3.136e-05,0.276
   66720,   66780,0.0080423,0.01031,0.03088,3.369e-22,3.193e-05,4.717e-05,0.0004644,1.619e-22,4.775e-05,0.002256,0.001466,5.807e-07,0.109,0.008956,0.0209,0.1682,4.179e-05,3.142e-05,0.276
   66780,   66840,0.0080373,0.01031,0.03088,3.474e-22,3.196e-05,4.721e-05,0.0004647,1.67e-22,4.784e-05,0.002258,0.001467,5.815e-07,0.109,0.00896,0.0209,0.1682,4.182e-05,3.148e-05,0.276
   66840,   66900,0.0080225,0.01031,0.03089,3.58e-22,3.199e-05,4.724e-05,0.000465,1.722e-22,4.793e-05,0.002259,0.001467,5.822e-07,0.109,0.008964,0.0209,0.1682,4.185e-05,3.154e-05,0.276
   66900,   66960,0.0080024,0.01032,0.03089,3.682e-22,3.202e-05,4.727e-05,0.0004653,1.772e-22,4.801e-05,0.00226,0.001468,5.83e-07,0.109,0.008967,0.02091,0.1682,4.188e-05,3.16e-05,0.276
   66960,   67020,0.008014,0.01032,0.0309,3.79e-22,3.205e-05,4.73e-05,0.0004656,1.824e-22,4.81e-05,0.002261,0.001469,5.837e-07,0.109,0.00897,0.02091,0.1683,4.191e-05,3.166e-05,0.276
   67020,   67080,0.0080178,0.01032,0.03091,3.899e-22,3.207e-05,4.733e-05,0.0004659,1.877e-22,4.818e-05,0.002262,0.001469,5.844e-07,0.109,0.008974,0.02091,0.1683,4.194e-05,3.172e-05,0.276
   67080,   67140,0.0080144,0.01033,0.03091,4.004e-22,3.21e-05,4.735e-05,0.0004662,1.928e-22,4.826e-05,0.002263,0.00147,5.851e-07,0.109,0.008977,0.02091,0.1683,4.197e-05,3.177e-05,0.276
   67140,   67200,0.0080422,0.01033,0.03092,4.115e-22,3.213e-05,4.738e-05,0.0004664,1.983e-22,4.834e-05,0.002264,0.00147,5.858e-07,0.1091,0.00898,0.02091,0.1683,4.2e-05,3.182e-05,0.276
   67200,   67260,0.0080495,0.01033,0.03092,4.228e-22,3.215e-05,4.741e-05,0.0004667,2.037e-22,4.842e-05,0.002265,0.001471,5.865e-07,0.1091,0.008983,0.02092,0.1683,4.203e-05,3.188e-05,0.276
   67260,   67320,0.0080485,0.01033,0.03093,4.334e-22,3.218e-05,4.744e-05,0.000467,2.089e-22,4.849e-05,0.002266,0.001471,5.872e-07,0.1091,0.008986,0.02092,0.1683,4.206e-05,3.193e-05,0.276
   67320,   67380,0.0080544,0.01034,0.03093,4.448e-22,3.221e-05,4.746e-05,0.0004672,2.145e-22,4.857e-05,0.002267,0.001472,5.878e-07,0.1091,0.008989,0.02092,0.1684,4.209e-05,3.198e-05,0.276
   67380,   67440,0.00807,0.01034,0.03094,4.561e-22,3.223e-05,4.749e-05,0.0004675,2.2e-22,4.864e-05,0.002268,0.001472,5.885e-07,0.1091,0.008992,0.02092,0.1684,4.211e-05,3.203e-05,0.276
   67440,   67500,0.0080545,0.01034,0.03094,4.669e-22,3.225e-05,4.751e-05,0.0004677,2.252e-22,4.871e-05,0.002269,0.001473,5.891e-07,0.1091,0.008995,0.02092,0.1684,4.214e-05,3.208e-05,0.276
   67500,   67560,0.0080461,0.01034,0.03095,4.783e-22,3.228e-05,4.754e-05,0.000468,2.308e-22,4.878e-05,0.00227,0.001473,5.897e-07,0.1091,0.008998,0.02092,0.1684,4.216e-05,3.213e-05,0.276
   67560,   67620,0.0080515,0.01034,0.03095,4.898e-22,3.23e-05,4.756e-05,0.0004682,2.364e-22,4.885e-05,0.002271,0.001474,5.903e-07,0.1091,0.009,0.02093,0.1684,4.219e-05,3.218e-05,0.276
   67620,   67680,0.0080605,0.01035,0.03096,5.006e-22,3.232e-05,4.759e-05,0.0004684,2.417e-22,4.892e-05,0.002272,0.001474,5.909e-07,0.1092,0.009003,0.02093,0.1684,4.221e-05,3.222e-05,0.276
   67680,   67740,0.0080655,0.01035,0.03096,5.12e-22,3.235e-05,4.761e-05,0.0004687,2.472e-22,4.898e-05,0.002272,0.001475,5.915e-07,0.1092,0.009005,0.02093,0.1685,4.224e-05,3.227e-05,0.276
   67740,   67800,0.0080686,0.01035,0.03096,5.234e-22,3.237e-05,4.763e-05,0.0004689,2.528e-22,4.905e-05,0.002273,0.001475,5.92e-07,0.1092,0.009008,0.02093,0.1685,4.226e-05,3.231e-05,0.276
   67800,   67860,0.0080815,0.01035,0.03097,5.342e-22,3.239e-05,4.765e-05,0.0004691,2.58e-22,4.911e-05,0.002274,0.001476,5.926e-07,0.1092,0.00901,0.02093,0.1685,4.228e-05,3.235e-05,0.276
   67860,   67920,0.0080791,0.01036,0.03097,5.455e-22,3.241e-05,4.767e-05,0.0004693,2.636e-22,4.917e-05,0.002275,0.001476,5.931e-07,0.1092,0.009013,0.02093,0.1685,4.231e-05,3.24e-05,0.276
   67920,   67980,0.0080826,0.01036,0.03098,5.568e-22,3.243e-05,4.77e-05,0.0004695,2.691e-22,4.923e-05,0.002276,0.001477,5.936e-07,0.1092,0.009015,0.02093,0.1685,4.233e-05,3.244e-05,0.276
   67980,   68040,0.008068,0.01036,0.03098,5.674e-22,3.245e-05,4.771e-05,0.0004697,2.743e-22,4.929e-05,0.002276,0.001477,5.941e-07,0.1092,0.009017,0.02093,0.1685,4.235e-05,3.248e-05,0.276
   68040,   68100,0.0080715,0.01036,0.03098,5.784e-22,3.247e-05,4.773e-05,0.0004699,2.796e-22,4.934e-05,0.002277,0.001477,5.946e-07,0.1092,0.00902,0.02094,0.1685,4.237e-05,3.252e-05,0.276
   68100,   68160,0.0081126,0.01036,0.03099,5.894e-22,3.249e-05,4.775e-05,0.0004701,2.85e-22,4.94e-05,0.002278,0.001478,5.951e-07,0.1092,0.009022,0.02094,0.1685,4.239e-05,3.255e-05,0.276
   68160,   68220,0.0081119,0.01036,0.03099,5.997e-22,3.25e-05,4.777e-05,0.0004703,2.9e-22,4.945e-05,0.002279,0.001478,5.956e-07,0.1092,0.009024,0.02094,0.1686,4.241e-05,3.259e-05,0.276
   68220,   68280,0.0081043,0.01037,0.03099,6.104e-22,3.252e-05,4.779e-05,0.0004704,2.953e-22,4.95e-05,0.002279,0.001479,5.96e-07,0.1092,0.009026,0.02094,0.1686,4.243e-05,3.263e-05,0.276
   68280,   68340,0.0081259,0.01037,0.031,6.211e-22,3.254e-05,4.781e-05,0.0004706,3.005e-22,4.955e-05,0.00228,0.001479,5.965e-07,0.1092,0.009028,0.02094,0.1686,4.245e-05,3.266e-05,0.276
   68340,   68400,0.0081329,0.01037,0.031,6.309e-22,3.255e-05,4.782e-05,0.0004708,3.053e-22,4.96e-05,0.00228,0.001479,5.969e-07,0.1093,0.00903,0.02094,0.1686,4.246e-05,3.269e-05,0.276
   68400,   68460,0.0081331,0.01037,0.031,6.411e-22,3.257e-05,4.784e-05,0.0004709,3.102e-22,4.965e-05,0.002281,0.00148,5.973e-07,0.1093,0.009031,0.02094,0.1686,4.248e-05,3.273e-05,0.276
   68460,   68520,0.0081461,0.01037,0.03101,6.512e-22,3.258e-05,4.786e-05,0.0004711,3.152e-22,4.97e-05,0.002282,0.00148,5.977e-07,0.1093,0.009033,0.02094,0.1686,4.25e-05,3.276e-05,0.276
