CampaignData_and_Merges/R0/CSL_MobileLab_Parked/raw/20240807/USOS-jNO2_MobileLabGround_20240807_R0.ict
52,1001
Waxman, E.; Rollins, A.; Zuraski, K.; Chace, W.
NOAA Chemical Sciences Laboratory
jNO2 filter radiometer on CSL Mobile Lab
AMMBEC / USOS
1, 1
2024,08,07, 2025,04,01
60
Time_Start, seconds, number_of_seconds_since_0000_UTC
20
1, 1, 1, 1, 1, 1, 1, 1, 1, 1, 1, 1, 1, 1, 1, 1, 1, 1, 1, 1
-9999, -9999, -9999, -9999, -9999, -9999, -9999, -9999, -9999, -9999, -9999, -9999, -9999, -9999, -9999, -9999, -9999, -9999, -9999, -9999
Time_Stop, seconds, number_of_seconds_since_0000_UTC
jNO2_meas, per second, photolysis rate of NO2 measured using a filter radiometer.
jBrCl, per second, photolysis rate of BrCl -> Br + Cl calculated in TUV for cloud-free sky with local AOD
jBr2, per second, photolysis rate of Br2 -> Br + Br calculated in TUV for cloud-free sky with local AOD
jCCl4, per second, photolysis rate of CCl4 -> Products calcualted in TUV for cloud-free sky with local AOD
jCH2Oa, per second, photolysis rate of CH2O -> H + HCO calculated in TUV for cloud-free sky with local AOD
jCH2Ob, per second, photolysis rate of CH2O -> H2 + CO calculated in TUV for cloud-free sky with local AOD
jClNO2, per second, photolysis rate of ClNO2 -> Cl + NO2 calculated in TUV for cloud-free sky with local AOD
jClOa, per second, photolysis rate of ClO -> Cl + O(1D) calculated in TUV for cloud-free sky with local AOD
jClOb, per second, photolysis rate of ClO -> Cl + O(3P) calculated in TUV for cloud-free sky with local AOD
jCl2, per second, photolysis rate of Cl2 -> Cl + Cl calculated in TUV for cloud-free sky with local AOD
jHNO2, per second, photolysis rate of HNO2 -> OH + NO calculated in TUV for cloud-free sky with local AOD
jHNO3, per second, photolysis rate of HNO3 -> OH + NO2 calculated in TUV for cloud-free sky with local AOD
jI2, per second, photolysis rate of I2 -> I + I calculated in TUV for cloud-free sky with local AOD
jNO2, per second, photolysis rate of NO2 -> NO + O(3P) calculated in TUV for cloud-free sky with local AOD
jNO3a, per second, photolysis rate of NO3 -> NO + O2 calculated in TUV for cloud-free sky with local AOD
jNO3b, per second, photolysis rate of NO3 -> NO2 + O(3P) calculated in TUV for cloud-free sky with local AOD
jN2O5, per second, photolysis rate of N2O5 -> NO3 + NO + O(3P) calculated in TUV for cloud-free sky with local AOD
jO3, per second, photolysis rate of O3 -> O2 + O(1D) calculated in TUV for cloud-free sky with local AOD
AOD_500nm, unitless, UTC daily mean AOD at 500 nm from an AERONET station located at 40.178 N, -112.452 E
0
18
PI_CONTACT_INFO: eleanor.waxman@noaa.gov
PLATFORM: CSL Mobile Lab, at ground site
LOCATION: Salt Lake City, UT
ASSOCIATED_DATA:
INSTRUMENT_INFO: jNO2 filter radiometer.  TUV calculations are for mobile van lat/lon/altitude assuming clear sky (cloud AOD = 0) and daily mean AOD.
DATA_INFO:
UNCERTAINTY: Data uncertainties are +/- 20%.  These come from uncertainties in radiometer angular response, radiometer thermal response, local interferences from clouds/aerosols/shadows etc.
ULOD_FLAG: -7777
ULOD_VALUE: N/A
LLOD_FLAG: -8888
LLOD_VALUE: N/A
DM_CONTACT_INFO: eleanor.waxman@noaa.gov
PROJECT_INFO: USOS Project, July - August 2024
STIPULATIONS_ON_USE: Users are strongly encouraged to contact the PI for proper data usage.
OTHER_COMMENTS: 
REVISION: R0
R0: final data
Time_Start, Time_Stop, jNO2_meas, jBrCl, jBr2, jCCl4, jCH2Oa, jCH2Ob, jClNO2, jClOa, jClOb, jCl2, jHNO2, jHNO3, jI2, jNO2, jNO3a, jNO3b, jN2O5, jO3, AOD_500nm
[from data line 1399]
   83940,   84000,0.0065821,0.008483,0.02666,3.595e-25,1.857e-05,3.159e-05,0.0003136,1.259e-25,1.778e-05,0.00164,0.001104,2.815e-07,0.09772,0.006924,0.01916,0.1521,2.674e-05,1.121e-05,0.276
   84000,   84060,0.0065871,0.008461,0.02661,3.519e-25,1.845e-05,3.144e-05,0.0003121,1.233e-25,1.758e-05,0.001633,0.0011,2.792e-07,0.09757,0.006901,0.01914,0.1519,2.66e-05,1.108e-05,0.276
   84060,   84120,0.0065617,0.008438,0.02655,3.441e-25,1.832e-05,3.127e-05,0.0003105,1.206e-25,1.737e-05,0.001626,0.001096,2.767e-07,0.09741,0.006877,0.01911,0.1517,2.645e-05,1.095e-05,0.276
   84120,   84180,0.0065428,0.008415,0.0265,3.365e-25,1.82e-05,3.11e-05,0.000309,1.179e-25,1.717e-05,0.001619,0.001092,2.743e-07,0.09725,0.006852,0.01908,0.1514,2.63e-05,1.081e-05,0.276
   84180,   84240,0.0065358,0.008393,0.02644,3.296e-25,1.808e-05,3.095e-05,0.0003074,1.155e-25,1.698e-05,0.001613,0.001088,2.72e-07,0.09709,0.006829,0.01906,0.1512,2.616e-05,1.069e-05,0.276
   84240,   84300,0.006516,0.008369,0.02638,3.224e-25,1.795e-05,3.078e-05,0.0003058,1.13e-25,1.677e-05,0.001606,0.001083,2.696e-07,0.09693,0.006804,0.01903,0.151,2.601e-05,1.055e-05,0.276
   84300,   84360,0.0064844,0.008344,0.02632,3.155e-25,1.782e-05,3.061e-05,0.0003042,1.106e-25,1.657e-05,0.001599,0.001079,2.671e-07,0.09676,0.006779,0.01901,0.1507,2.586e-05,1.042e-05,0.276
   84360,   84420,0.0064692,0.008322,0.02627,3.092e-25,1.77e-05,3.045e-05,0.0003027,1.084e-25,1.637e-05,0.001592,0.001075,2.649e-07,0.0966,0.006755,0.01898,0.1505,2.572e-05,1.03e-05,0.276
   84420,   84480,0.0064453,0.008297,0.02621,3.026e-25,1.757e-05,3.028e-05,0.0003011,1.061e-25,1.617e-05,0.001585,0.00107,2.624e-07,0.09643,0.00673,0.01895,0.1502,2.556e-05,1.016e-05,0.276
   84480,   84540,0.0064098,0.008272,0.02614,2.963e-25,1.744e-05,3.011e-05,0.0002994,1.039e-25,1.597e-05,0.001577,0.001066,2.6e-07,0.09625,0.006704,0.01892,0.15,2.541e-05,1.003e-05,0.276
   84540,   84600,0.0064022,0.008249,0.02609,2.904e-25,1.732e-05,2.995e-05,0.0002979,1.019e-25,1.578e-05,0.00157,0.001062,2.577e-07,0.09609,0.006679,0.0189,0.1497,2.526e-05,9.908e-06,0.276
   84600,   84660,0.0063911,0.008223,0.02602,2.845e-25,1.719e-05,2.977e-05,0.0002962,9.986e-26,1.558e-05,0.001563,0.001057,2.553e-07,0.09591,0.006653,0.01887,0.1495,2.511e-05,9.776e-06,0.276
   84660,   84720,0.0063771,0.008198,0.02596,2.787e-25,1.706e-05,2.96e-05,0.0002945,9.784e-26,1.538e-05,0.001556,0.001052,2.528e-07,0.09573,0.006627,0.01884,0.1492,2.495e-05,9.646e-06,0.276
   84720,   84780,0.0063484,0.008174,0.0259,2.734e-25,1.693e-05,2.943e-05,0.000293,9.599e-26,1.519e-05,0.001549,0.001048,2.505e-07,0.09556,0.006602,0.01881,0.149,2.481e-05,9.524e-06,0.276
   84780,   84840,0.0063042,0.008148,0.02584,2.678e-25,1.68e-05,2.926e-05,0.0002913,9.408e-26,1.499e-05,0.001541,0.001043,2.481e-07,0.09537,0.006575,0.01878,0.1487,2.465e-05,9.395e-06,0.276
   84840,   84900,0.006247,0.008122,0.02577,2.625e-25,1.667e-05,2.908e-05,0.0002896,9.222e-26,1.48e-05,0.001534,0.001039,2.457e-07,0.09519,0.006548,0.01875,0.1484,2.449e-05,9.267e-06,0.276
   84900,   84960,0.0060876,0.008097,0.02571,2.575e-25,1.655e-05,2.891e-05,0.000288,9.052e-26,1.461e-05,0.001526,0.001034,2.434e-07,0.09501,0.006522,0.01872,0.1482,2.434e-05,9.146e-06,0.276
   84960,   85020,0.0059988,0.00807,0.02564,2.524e-25,1.642e-05,2.873e-05,0.0002863,8.876e-26,1.441e-05,0.001519,0.00103,2.409e-07,0.09482,0.006495,0.01869,0.1479,2.418e-05,9.019e-06,0.276
   85020,   85080,0.0059663,0.008043,0.02557,2.475e-25,1.628e-05,2.855e-05,0.0002845,8.705e-26,1.422e-05,0.001511,0.001025,2.385e-07,0.09463,0.006467,0.01866,0.1476,2.402e-05,8.893e-06,0.276
   85080,   85140,0.0059521,0.008018,0.02551,2.429e-25,1.616e-05,2.839e-05,0.0002829,8.548e-26,1.403e-05,0.001504,0.00102,2.362e-07,0.09444,0.006441,0.01863,0.1473,2.387e-05,8.774e-06,0.276
   85140,   85200,0.0059526,0.00799,0.02544,2.382e-25,1.602e-05,2.82e-05,0.0002812,8.386e-26,1.384e-05,0.001496,0.001015,2.338e-07,0.09425,0.006413,0.0186,0.1471,2.371e-05,8.649e-06,0.276
   85200,   85260,0.0059299,0.007962,0.02537,2.337e-25,1.589e-05,2.802e-05,0.0002794,8.228e-26,1.365e-05,0.001488,0.00101,2.314e-07,0.09405,0.006384,0.01857,0.1468,2.355e-05,8.525e-06,0.276
   85260,   85320,0.0059001,0.007936,0.02531,2.294e-25,1.576e-05,2.785e-05,0.0002778,8.082e-26,1.347e-05,0.001481,0.001006,2.291e-07,0.09386,0.006357,0.01854,0.1465,2.34e-05,8.407e-06,0.276
   85320,   85380,0.0058526,0.007908,0.02524,2.251e-25,1.563e-05,2.766e-05,0.000276,7.932e-26,1.328e-05,0.001473,0.001001,2.267e-07,0.09365,0.006329,0.0185,0.1462,2.324e-05,8.284e-06,0.276
   85380,   85440,0.0058383,0.007879,0.02516,2.208e-25,1.55e-05,2.748e-05,0.0002742,7.786e-26,1.309e-05,0.001465,0.0009958,2.242e-07,0.09345,0.0063,0.01847,0.1459,2.307e-05,8.162e-06,0.276
   85440,   85500,0.0058232,0.007852,0.0251,2.17e-25,1.537e-05,2.73e-05,0.0002726,7.652e-26,1.291e-05,0.001457,0.000991,2.22e-07,0.09325,0.006272,0.01844,0.1456,2.292e-05,8.047e-06,0.276
   85500,   85560,0.0057927,0.007824,0.02502,2.129e-25,1.523e-05,2.712e-05,0.0002708,7.513e-26,1.272e-05,0.001449,0.0009859,2.195e-07,0.09304,0.006243,0.0184,0.1453,2.276e-05,7.926e-06,0.276
   85560,   85620,0.0057456,0.007794,0.02495,2.09e-25,1.51e-05,2.693e-05,0.000269,7.377e-26,1.253e-05,0.001441,0.0009808,2.171e-07,0.09283,0.006213,0.01837,0.145,2.259e-05,7.805e-06,0.276
   85620,   85680,0.0057253,0.007766,0.02488,2.053e-25,1.497e-05,2.675e-05,0.0002673,7.252e-26,1.236e-05,0.001433,0.0009759,2.149e-07,0.09262,0.006185,0.01834,0.1447,2.243e-05,7.693e-06,0.276
   85680,   85740,0.0057069,0.007737,0.0248,2.016e-25,1.483e-05,2.656e-05,0.0002655,7.123e-26,1.217e-05,0.001425,0.0009707,2.125e-07,0.09241,0.006154,0.0183,0.1444,2.227e-05,7.574e-06,0.276
   85740,   85800,0.005676,0.007707,0.02473,1.979e-25,1.47e-05,2.637e-05,0.0002637,6.997e-26,1.199e-05,0.001417,0.0009655,2.101e-07,0.09218,0.006124,0.01826,0.144,2.21e-05,7.456e-06,0.276
   85800,   85860,0.0056358,0.007678,0.02465,1.946e-25,1.457e-05,2.619e-05,0.0002619,6.881e-26,1.182e-05,0.001409,0.0009605,2.078e-07,0.09197,0.006095,0.01823,0.1437,2.195e-05,7.345e-06,0.276
   85860,   85920,0.0056018,0.007648,0.02458,1.911e-25,1.443e-05,2.6e-05,0.0002601,6.761e-26,1.164e-05,0.0014,0.0009552,2.054e-07,0.09175,0.006064,0.01819,0.1434,2.178e-05,7.229e-06,0.276
   85920,   85980,0.005571,0.007617,0.0245,1.877e-25,1.43e-05,2.581e-05,0.0002582,6.643e-26,1.145e-05,0.001392,0.0009499,2.03e-07,0.09152,0.006033,0.01816,0.1431,2.161e-05,7.113e-06,0.276
   85980,   86040,0.0055392,0.007587,0.02442,1.845e-25,1.417e-05,2.562e-05,0.0002565,6.535e-26,1.128e-05,0.001384,0.0009448,2.008e-07,0.0913,0.006004,0.01812,0.1427,2.145e-05,7.004e-06,0.276
   86040,   86100,0.0055087,0.007556,0.02434,1.813e-25,1.403e-05,2.543e-05,0.0002546,6.423e-26,1.111e-05,0.001375,0.0009394,1.984e-07,0.09107,0.005972,0.01808,0.1424,2.128e-05,6.89e-06,0.276
   86100,   86160,0.0054981,0.007524,0.02426,1.781e-25,1.389e-05,2.524e-05,0.0002528,6.313e-26,1.093e-05,0.001367,0.0009339,1.96e-07,0.09083,0.00594,0.01804,0.1421,2.111e-05,6.777e-06,0.276
   86160,   86220,0.0054863,0.007494,0.02418,1.752e-25,1.376e-05,2.505e-05,0.000251,6.212e-26,1.076e-05,0.001358,0.0009287,1.938e-07,0.09061,0.00591,0.01801,0.1417,2.095e-05,6.671e-06,0.276
   86220,   86280,0.0054653,0.007462,0.0241,1.721e-25,1.363e-05,2.485e-05,0.0002491,6.107e-26,1.059e-05,0.00135,0.0009232,1.914e-07,0.09036,0.005878,0.01797,0.1414,2.078e-05,6.559e-06,0.276
   86280,   86340,0.0054361,0.007429,0.02402,1.691e-25,1.349e-05,2.466e-05,0.0002472,6.005e-26,1.041e-05,0.001341,0.0009176,1.89e-07,0.09012,0.005845,0.01793,0.141,2.061e-05,6.448e-06,0.276
   86340,   86400,0.0053998,0.007398,0.02394,1.664e-25,1.336e-05,2.447e-05,0.0002454,5.91e-26,1.025e-05,0.001333,0.0009123,1.868e-07,0.08988,0.005814,0.01789,0.1407,2.045e-05,6.345e-06,0.276
