CampaignData_and_Merges/R0/CSL_MobileLab_Parked/raw/20240807/USOS-NOAAIodideCIMS-PANs_MobileLabGround_20240807_RA.ict
35, 1001
Michael A Robinson, Chris Jernigan, Subi Thakali
NOAA ESRL Chemical Sciences Laboratory and CIRES, U. of Colorado
NOAA Iodide CIMS Instrument
USOS
1, 1
2024, 08, 07, 2024, 08, 08
1
starttime_UTC, seconds_past_midnight, seconds_of_day_since_00:00:00_UTC
3
1, 1, 1
-9999, -9999, -9999
PAN_NOAACIMS, pptv, Gas_PAN_InSitu_S_AVMR, 
APAN_NOAACIMS, pptv, Gas_APAN_InSitu_S_AVMR, 
PPN_NOAACIMS, pptv, Gas_PPN_InSitu_S_AVMR, 
0
18
PI_CONTACT_INFO: 325 Broadway, R/CSD 7, Boulder, Colorado 80305; michael.a.robinson@noaa.gov; chris.jernigan@noaa.gov;
PLATFORM: NOAA CSL Mobile Lab
LOCATION: SLC, Utah
ASSOCIATED_DATA: 1Hz data also available on request.
INSTRUMENT_INFO: NOAA I- ToF CIMS
DATA_INFO: All data in parts per trillion by volume (pptv). 1 Hz data is available upon request.
UNCERTAINTY: TBD
ULOD_FLAG: -7777
ULOD_VALUE: N/A
LLOD_FLAG: -8888
LLOD_VALUE: N/A
DM_CONTACT_INFO: Nathan Howard; nathan.h.howard@noaa.gov
PROJECT_INFO: USOS, summer 2024. https://csl.noaa.gov/groups/csl7/measurements/2024usos/
STIPULATIONS_ON_USE: Users are strongly encouraged to contact the PI for proper data usage.
OTHER_COMMENTS: 
REVISION: RA
RA: Preliminary Data; For in-field use only
starttime_UTC, PAN_NOAACIMS, APAN_NOAACIMS, PPN_NOAACIMS
[from data line 1299]
 77940, 176.649, 20.569, 14.248
 78000, 183.751,  8.203, 24.139
 78060, 283.020, 12.022, 37.852
 78120, 215.398, 14.599, 31.679
 78180, 30.159,  1.400,  3.629
 78240, 234.847,  0.773, 13.498
 78300, 239.089,  4.927, 27.698
 78360, 237.666,  7.457, 24.866
 78420, 202.224,  6.149, 16.152
 78480, 212.479,  6.107, 27.166
 78540, 184.307,  6.310, 17.676
 78600, 158.589,  3.160, 21.104
 78660, 167.770,  6.604,  8.686
 78720, 170.069,  8.494, 16.116
 78780, 195.565,  9.173, 13.804
 78840, -9999.000, -9999.000, -9999.000
 78900, 187.013,  8.131, 17.412
 78960, 178.700,  9.086,  5.142
 79020, 159.469,  6.493, 19.833
 79080, 171.860,  8.994, 18.999
 79140, 176.758,  9.010, 20.888
 79200, 163.156,  8.474, 10.529
 79260, 184.682, 10.029, 17.112
 79320, 207.971,  8.074, 30.143
 79380, 187.624, 10.311, 22.667
 79440, 177.880,  7.181, 19.604
 79500, 170.155, 11.392, 18.191
 79560, 161.648,  8.503, 20.232
 79620, 155.555,  6.542, 18.880
 79680, 164.205,  8.877, 18.585
 79740, 173.650,  5.058, 24.963
 79800, 198.364,  9.149, 21.527
 79860, 214.427, 10.857, 23.685
 79920, 207.831,  8.651, 29.147
 79980, 207.327,  7.432, 19.630
 80040, 191.800,  6.735, 22.665
 80100, 197.782,  9.435, 26.461
 80160, 184.242,  5.117, 25.362
 80220, 189.683,  7.507, 25.618
 80280, 186.669,  3.199, 23.940
 80340, 175.216,  4.115, 28.747
 80400, 167.470,  7.686, 22.920
 80460, 154.348,  4.573, 21.805
 80520, 151.696,  5.925, 19.605
 80580, 142.063,  4.963, 19.482
 80640, 148.719,  2.570, 18.437
 80700, 121.481, -2.093, 37.287
 80760, 120.595,  5.450, 10.467
 80820, 119.386,  6.438, 16.860
 80880, 125.170,  5.700, 18.410
 80940, 133.583,  5.377, 19.657
 81000, 143.419,  2.986, 16.291
 81060, 129.790,  3.325, 14.279
 81120, 125.180,  4.261, 13.532
 81180, 131.639,  6.337, 12.283
 81240, 130.370,  4.988, 13.592
 81300, 128.962,  4.919,  9.411
 81360, 136.387,  4.759, 16.777
 81420, 124.593,  4.901, 12.853
 81480, 133.236,  7.069, 17.838
 81540, 135.479,  6.128, 13.757
 81600, 120.988,  6.153,  6.379
 81660, 110.059,  4.219,  8.259
 81720, 112.016,  5.503, 10.272
 81780, 124.340,  6.161, 12.646
 81840, 113.762,  5.185, 14.364
 81900, 123.564,  6.301, 15.268
 81960, 119.786,  3.312, 12.959
 82020, 111.202,  2.686, 11.239
 82080, 103.000,  3.443, 10.197
 82140, 123.561,  5.515, 13.499
 82200, 119.059,  5.416, 10.559
 82260, 119.159,  5.539, 15.360
 82320, 125.274,  7.682, 13.015
 82380, 114.121,  3.862, 10.743
 82440, 108.074,  5.111, 11.605
 82500, 110.329,  4.495,  6.779
 82560, -9999.000, -9999.000, -9999.000
 82620, 107.114,  5.712,  9.107
 82680, 101.593,  5.258,  9.288
 82740, 97.883,  5.640,  7.431
 82800, 99.030,  4.579, 12.032
 82860, 88.394,  6.435,  9.126
 82920, 92.996,  3.370, 10.557
 82980, 104.031,  4.104, 10.011
 83040, 110.384,  4.716,  8.695
 83100, 116.017,  3.872, 15.271
 83160, 118.598,  3.297, 12.222
 83220, 122.120,  2.034, 10.560
 83280, 126.802,  5.213, 14.031
 83340, 124.653,  6.343, 10.167
 83400, 126.129,  4.270, 13.942
 83460, 139.113,  6.149, 13.059
 83520, 138.884,  4.103, 13.615
 83580, 134.771,  6.037, 11.943
 83640, 136.094,  3.040, 12.273
 83700, 147.860,  4.605, 15.610
 83760, 155.059,  5.099, 19.267
 83820, 165.136,  2.531, 18.520
 83880, 154.461,  4.184, 18.611
 83940, 153.858,  3.818, 13.387
 84000, 149.166,  4.548, 14.699
 84060, 154.906,  5.271, 16.725
 84120, 148.246,  5.390, 14.695
 84180, 150.518,  3.529, 19.183
 84240, 150.925,  4.597, 13.456
 84300, 147.777,  4.621, 14.096
 84360, 149.888,  4.248, 16.051
 84420, 144.997,  5.077, 11.997
 84480, 142.884,  5.805,  9.721
 84540, 134.752,  4.616,  9.528
 84600, 131.607,  3.207, 10.941
 84660, 132.756,  3.498, 14.268
 84720, 122.167,  5.079, 12.732
 84780, 116.684,  1.375, 11.211
 84840, 126.228,  3.962, 10.876
 84900, 128.565,  4.867, 11.277
 84960, 135.352,  4.193, 16.137
 85020, 138.761,  4.174, 15.046
 85080, 130.085,  3.173, 11.541
 85140, 124.256,  3.298, 12.032
 85200, 134.868,  4.238, 14.253
 85260, 144.493,  3.676, 15.612
 85320, 139.474,  4.168, 13.305
 85380, 142.551,  5.067, 17.063
 85440, 143.859,  4.419, 13.935
 85500, 147.384,  4.603, 14.426
 85560, 135.025,  4.246, 14.485
 85620, 136.207,  3.929, 12.731
 85680, 127.092,  3.788, 14.442
 85740, 114.837,  2.788, 11.738
 85800, 113.927,  2.280, 11.366
 85860, 119.312,  2.425, 10.530
 85920, 117.454,  4.366, 10.198
 85980, 123.215,  3.305, 11.672
 86040, 122.224,  3.821, 14.324
 86100, 127.265,  3.939, 14.040
 86160, 119.263,  3.302, 12.278
 86220, -9999.000, -9999.000, -9999.000
 86280, 106.716,  1.499, 11.956
 86340, 114.608,  4.279, 13.043
