CampaignData_and_Merges/R0/CSL_MobileLab_Parked/raw/20240807/USOS-MetNav_MobileLabGround_20240807_R0.ict
44, 1001
Carrie Womack, Nate Howard, Mike Zucker
NOAA Chemical Sciences Laboratory
Mobile Lab MetNav Station
USOS
1, 1
2024, 08, 07, 2024, 12, 21
60
Time_Start, seconds_past_midnight, Seconds from midnight UTC
11
1, 1, 1, 1, 1, 1, 1, 1, 1, 1, 1
-9999, -9999, -9999, -9999, -9999, -9999, -9999, -9999, -9999, -9999, -9999
GPS_Alt_m, meters, Altitude from Differential GPS
GPS_Course_deg, degrees, Course from Differential GPS
GPS_GndSpd_m_s, m/s, Ground Speed from Differential GPS
GPS_Heading_deg, degrees, Heading from Differential GPS
GPS_Lat_deg, degrees, Latitude from Differential GPS
GPS_Lon_deg, degrees, Longitude from Differential GPS
AirTemp_C, Celsius, Air Temperature from Airmar
RelHumidity_pct, percent, Relative Humidity from Airmar
Pressure_mb, millibars, Pressure from Honeywell
WindDir_calc_deg, degrees, Wind Direction from Airmar corrected for van movement
WindSpd_calc_m_s, m/s, Wind Speed from Airmar corrected for van movement
1
SPECIAL COMMENTS:
18
PI_CONTACT_INFO: Address: 325 Broadway R/CSL7, Boulder, CO, 80305
PLATFORM: CSL Mobile Lab
LOCATION: Salt Lake City, UT
ASSOCIATED_DATA: N/A
INSTRUMENT_INFO: N/A
DATA_INFO: Units:
UNCERTAINTY: N/A
ULOD_FLAG: -7777
ULOD_VALUE: N/A
LLOD_FLAG: -8888
LLOD_VALUE: N/A
DM_CONTACT_INFO: Data Manager: Nate Howard
PROJECT_INFO: 
STIPULATIONS_ON_USE: Use of these data require prior ok from PI.
OTHER_COMMENTS: 
REVISION: R0
R0: Final data. Fixed bug in wind averaging code. RA: Preliminary Data. For in-field use only. 
Time_Start, GPS_Alt_m, GPS_Course_deg, GPS_GndSpd_m_s, GPS_Heading_deg, GPS_Lat_deg, GPS_Lon_deg, AirTemp_C, RelHumidity_pct, Pressure_mb, WindDir_calc_deg, WindSpd_calc_m_s
[from data line 627]
37620.0,1308.9,0.26,0.05,0.26,40.73434,-111.87210,23.7,30.7,877.5,105.70,0.8
37680.0,1308.9,0.07,0.05,0.07,40.73434,-111.87210,23.7,30.9,877.6,107.14,0.7
37740.0,1309.0,0.12,0.04,0.12,40.73434,-111.87210,23.7,30.9,877.6,111.20,0.6
37800.0,1309.1,0.73,0.05,0.73,40.73434,-111.87210,23.7,31.0,877.5,133.80,0.5
37860.0,1309.1,1.05,0.04,1.05,40.73434,-111.87210,23.7,31.2,877.5,120.90,0.8
37920.0,1309.0,0.83,0.05,0.83,40.73434,-111.87210,23.7,31.0,877.6,139.16,1.4
37980.0,1309.0,0.77,0.05,0.77,40.73434,-111.87210,23.7,31.0,877.6,157.71,1.1
38040.0,1309.0,0.30,0.05,0.30,40.73434,-111.87210,23.8,30.5,877.6,118.86,0.8
38100.0,1309.0,0.32,0.04,0.32,40.73434,-111.87210,23.9,30.4,877.6,107.05,0.2
38160.0,1309.0,0.78,0.05,0.78,40.73434,-111.87210,24.1,30.8,877.6,125.66,0.1
38220.0,1309.1,0.81,0.05,0.81,40.73434,-111.87210,24.2,30.5,877.6,113.54,0.3
38280.0,1309.2,0.90,0.05,0.90,40.73434,-111.87210,24.2,30.8,877.6,129.62,0.3
38340.0,1309.2,1.43,0.05,1.43,40.73434,-111.87210,24.2,31.1,877.6,131.09,0.6
38400.0,1309.2,1.35,0.05,1.35,40.73434,-111.87210,24.2,31.1,877.6,135.95,0.6
38460.0,1309.1,1.44,0.05,1.44,40.73434,-111.87210,24.3,31.0,877.7,135.47,0.6
38520.0,1309.1,1.73,0.05,1.73,40.73434,-111.87210,24.3,30.9,877.7,144.07,0.8
38580.0,1309.1,1.42,0.05,1.42,40.73434,-111.87210,24.4,31.0,877.7,135.97,0.9
38640.0,1309.1,1.28,0.05,1.28,40.73434,-111.87210,24.3,31.2,877.7,120.83,1.0
38700.0,1309.4,0.65,0.06,0.65,40.73434,-111.87211,24.2,32.0,877.7,121.65,0.9
38760.0,1309.5,0.66,0.05,0.66,40.73434,-111.87210,24.2,31.7,877.7,126.18,0.7
38820.0,1309.2,1.24,0.05,1.24,40.73434,-111.87210,24.2,30.9,877.7,123.63,0.7
38880.0,1309.0,1.31,0.05,1.31,40.73434,-111.87210,24.2,31.1,877.7,126.39,0.3
38940.0,1309.0,1.13,0.04,1.13,40.73434,-111.87210,24.1,31.4,877.8,60.40,0.4
39000.0,1309.1,1.80,0.05,1.80,40.73434,-111.87210,24.1,31.5,877.8,119.20,1.0
39060.0,1308.9,1.64,0.06,1.64,40.73434,-111.87210,24.0,31.7,877.8,131.84,1.3
39120.0,1308.7,1.67,0.05,1.67,40.73434,-111.87210,24.0,31.9,877.8,141.84,1.5
39180.0,1308.9,1.66,0.05,1.66,40.73434,-111.87210,23.9,31.9,877.8,136.05,1.3
39240.0,1309.4,1.50,0.05,1.50,40.73434,-111.87210,23.9,32.1,877.8,125.97,0.8
39300.0,1309.7,1.48,0.05,1.48,40.73434,-111.87210,23.8,32.2,877.8,130.56,0.9
39360.0,1309.9,1.83,0.05,1.83,40.73434,-111.87210,23.8,32.2,877.9,123.18,0.6
39420.0,1309.8,1.74,0.05,1.74,40.73434,-111.87210,23.8,32.5,877.9,143.53,0.2
39480.0,1309.6,1.95,0.05,1.95,40.73434,-111.87210,23.9,32.2,877.9,97.64,0.3
39540.0,1309.7,1.96,0.05,1.96,40.73434,-111.87210,23.8,32.2,877.9,93.99,0.5
39600.0,1309.9,1.66,0.05,1.66,40.73434,-111.87210,23.7,32.2,877.9,118.03,0.9
39660.0,1309.7,2.03,0.05,2.03,40.73434,-111.87210,23.6,32.5,877.9,120.07,1.2
39720.0,1309.5,2.39,0.06,2.39,40.73434,-111.87210,23.5,32.4,877.9,119.93,0.8
39780.0,1309.5,2.34,0.06,2.34,40.73434,-111.87210,23.5,32.4,877.9,116.28,0.9
39840.0,1309.9,2.10,0.05,2.10,40.73434,-111.87210,23.4,32.3,877.9,116.47,1.0
39900.0,1310.1,2.30,0.05,2.30,40.73434,-111.87210,23.3,32.5,877.9,120.83,1.0
39960.0,1310.0,2.71,0.05,2.71,40.73434,-111.87210,23.3,32.7,878.0,120.21,1.1
40020.0,1309.7,2.69,0.05,2.69,40.73434,-111.87210,23.2,33.0,878.0,116.38,1.3
40080.0,1309.6,2.29,0.05,2.29,40.73434,-111.87210,23.1,33.5,878.0,113.18,1.3
40140.0,1309.5,2.36,0.04,2.36,40.73434,-111.87210,22.9,33.6,878.0,115.24,2.1
40200.0,1309.4,2.11,0.04,2.11,40.73434,-111.87210,22.8,33.5,878.0,117.42,2.1
40260.0,1309.2,2.12,0.05,2.12,40.73434,-111.87210,22.8,33.8,878.0,126.94,1.8
40320.0,1309.2,2.30,0.04,2.30,40.73434,-111.87210,22.8,34.6,878.0,139.01,1.3
40380.0,1309.3,2.41,0.05,2.41,40.73434,-111.87210,22.8,34.4,878.0,141.17,1.2
40440.0,1309.2,1.92,0.05,1.92,40.73434,-111.87210,22.8,34.5,878.0,134.46,1.1
40500.0,1309.2,1.92,0.05,1.92,40.73434,-111.87210,22.8,34.6,878.0,128.67,1.1
40560.0,1309.0,1.64,0.05,1.64,40.73434,-111.87210,22.8,34.5,878.1,134.68,1.1
40620.0,1308.6,1.94,0.05,1.94,40.73434,-111.87210,22.8,34.6,878.1,130.88,1.1
40680.0,1308.5,1.85,0.05,1.85,40.73434,-111.87210,22.7,34.5,878.1,122.91,1.4
40740.0,1308.4,1.68,0.06,1.68,40.73434,-111.87210,22.7,34.9,878.1,117.76,1.1
40800.0,1308.4,2.00,0.04,2.00,40.73434,-111.87210,22.7,34.6,878.1,104.70,0.8
40860.0,1308.6,1.99,0.05,1.99,40.73434,-111.87210,22.7,34.0,878.2,96.93,0.6
40920.0,1308.9,2.47,0.05,2.47,40.73434,-111.87210,22.6,33.8,878.2,101.02,0.4
40980.0,1309.0,2.59,0.05,2.59,40.73434,-111.87210,22.7,34.2,878.2,112.66,0.1
41040.0,1308.9,2.32,0.05,2.32,40.73434,-111.87210,22.7,34.4,878.2,119.27,0.4
41100.0,1309.0,2.02,0.05,2.02,40.73434,-111.87210,22.7,34.6,878.2,145.35,1.0
41160.0,1309.0,2.29,0.05,2.29,40.73434,-111.87210,22.7,34.7,878.2,126.25,0.9
41220.0,1308.8,2.34,0.04,2.34,40.73434,-111.87210,22.7,34.6,878.2,73.49,0.5
41280.0,1308.7,2.32,0.05,2.32,40.73434,-111.87210,22.7,34.2,878.2,128.88,0.4
41340.0,1308.7,2.59,0.04,2.59,40.73434,-111.87210,22.7,34.1,878.2,111.24,0.6
41400.0,1308.7,2.82,0.05,2.82,40.73434,-111.87210,22.6,35.0,878.2,131.42,1.1
41460.0,1308.8,2.83,0.04,2.83,40.73434,-111.87210,22.7,35.1,878.2,139.01,1.1
41520.0,1308.8,2.37,0.04,2.37,40.73434,-111.87210,22.7,34.6,878.2,134.13,1.2
41580.0,1308.9,2.00,0.04,2.00,40.73434,-111.87210,22.7,34.7,878.3,136.89,1.4
41640.0,1308.9,2.04,0.04,2.04,40.73434,-111.87210,22.7,35.9,878.3,131.16,1.2
41700.0,1308.8,1.46,0.05,1.46,40.73434,-111.87210,22.7,36.1,878.3,129.35,1.2
41760.0,1308.8,1.23,0.05,1.23,40.73434,-111.87210,22.6,35.1,878.3,116.70,0.9
41820.0,1308.9,1.57,0.06,1.57,40.73434,-111.87210,22.6,34.5,878.3,120.36,1.1
41880.0,1309.0,2.03,0.05,2.03,40.73434,-111.87210,22.6,33.8,878.3,116.66,1.2
41940.0,1309.1,2.63,0.04,2.63,40.73434,-111.87210,22.6,33.4,878.3,115.79,0.9
42000.0,1309.1,2.36,0.04,2.36,40.73434,-111.87210,22.6,33.5,878.3,121.96,1.1
42060.0,1309.2,2.44,0.04,2.44,40.73434,-111.87210,22.6,33.9,878.3,125.82,1.3
42120.0,1309.3,2.82,0.04,2.82,40.73434,-111.87210,22.7,34.0,878.3,125.31,1.2
42180.0,1309.3,2.45,0.04,2.45,40.73434,-111.87210,22.7,33.5,878.3,121.21,1.1
42240.0,1309.2,2.38,0.04,2.38,40.73434,-111.87210,22.7,33.7,878.3,121.05,0.9
42300.0,1309.1,2.67,0.05,2.67,40.73433,-111.87210,22.7,33.6,878.3,120.54,1.1
42360.0,1309.1,2.11,0.05,2.11,40.73434,-111.87210,22.6,33.8,878.3,126.23,1.5
42420.0,1309.1,2.11,0.04,2.11,40.73433,-111.87210,22.7,34.2,878.3,142.84,1.4
42480.0,1309.0,2.74,0.04,2.74,40.73433,-111.87210,22.7,34.7,878.3,141.44,1.2
42540.0,1309.0,2.69,0.05,2.69,40.73433,-111.87210,22.7,34.7,878.4,142.01,1.1
42600.0,1309.1,2.18,0.04,2.18,40.73434,-111.87210,22.7,34.0,878.4,139.88,1.2
42660.0,1309.1,2.27,0.04,2.27,40.73434,-111.87210,22.8,34.2,878.4,133.23,1.1
42720.0,1309.0,1.99,0.04,1.99,40.73434,-111.87210,22.7,35.8,878.4,121.22,0.8
42780.0,1309.0,1.43,0.05,1.43,40.73433,-111.87210,22.7,35.5,878.4,122.95,1.0
42840.0,1308.9,1.20,0.05,1.20,40.73434,-111.87210,22.7,34.2,878.4,122.83,0.8
42900.0,1308.7,1.21,0.04,1.21,40.73434,-111.87210,22.7,34.0,878.4,117.98,0.9
42960.0,1308.3,0.61,0.05,0.61,40.73434,-111.87211,22.7,34.1,878.4,117.23,0.9
43020.0,1308.2,0.99,0.04,0.99,40.73434,-111.87211,22.7,34.1,878.4,117.91,1.0
43080.0,1308.2,1.59,0.04,1.59,40.73434,-111.87211,22.6,34.1,878.4,117.25,1.1
43140.0,1308.3,1.47,0.04,1.47,40.73434,-111.87211,22.5,34.2,878.4,119.03,1.2
43200.0,1308.4,1.61,0.04,1.61,40.73434,-111.87211,22.5,34.6,878.4,117.79,1.0
43260.0,1308.5,1.31,0.04,1.31,40.73434,-111.87211,22.5,34.6,878.4,114.87,0.9
43320.0,1308.4,1.50,0.04,1.50,40.73434,-111.87211,22.5,34.6,878.4,113.20,0.8
43380.0,1308.4,1.89,0.05,1.89,40.73434,-111.87211,22.5,34.5,878.4,116.66,0.8
43440.0,1308.4,1.76,0.04,1.76,40.73434,-111.87211,22.4,34.5,878.4,116.89,0.9
43500.0,1308.5,1.92,0.04,1.92,40.73434,-111.87211,22.3,34.7,878.4,120.59,1.2
43560.0,1308.7,1.95,0.04,1.95,40.73434,-111.87211,22.3,34.8,878.4,118.05,1.1
43620.0,1308.8,1.77,0.04,1.77,40.73434,-111.87210,22.3,35.3,878.4,117.76,1.0
43680.0,1308.8,1.59,0.04,1.59,40.73434,-111.87210,22.2,35.0,878.4,112.70,1.1
43740.0,1308.8,1.44,0.05,1.44,40.73434,-111.87210,22.2,35.1,878.4,115.92,0.9
43800.0,1309.0,1.47,0.04,1.47,40.73434,-111.87211,22.1,35.3,878.4,115.78,1.4
43860.0,1309.0,1.69,0.04,1.69,40.73434,-111.87211,22.1,35.4,878.4,112.77,1.3
43920.0,1309.1,1.65,0.04,1.65,40.73433,-111.87211,22.1,35.6,878.4,114.33,1.0
43980.0,1309.1,1.79,0.05,1.79,40.73433,-111.87211,22.0,35.7,878.4,114.55,1.2
44040.0,1309.1,1.38,0.04,1.38,40.73433,-111.87211,22.0,35.8,878.4,113.48,1.4
44100.0,1309.2,1.32,0.05,1.32,40.73433,-111.87211,22.0,35.7,878.4,114.27,1.4
44160.0,1309.2,1.31,0.05,1.31,40.73433,-111.87211,22.0,35.7,878.5,109.55,1.4
44220.0,1309.5,1.62,0.05,1.62,40.73433,-111.87210,22.0,35.7,878.5,114.34,1.3
44280.0,1308.9,1.05,0.05,1.05,40.73433,-111.87211,22.0,35.9,878.5,115.54,1.2
44340.0,1308.7,0.95,0.05,0.95,40.73433,-111.87211,22.0,35.9,878.5,112.09,1.0
44400.0,1308.8,1.59,0.05,1.59,40.73433,-111.87211,22.0,35.5,878.5,115.45,0.7
44460.0,1308.9,1.52,0.05,1.52,40.73433,-111.87211,22.0,35.8,878.5,117.53,1.0
44520.0,1309.0,0.83,0.05,0.83,40.73433,-111.87211,21.9,35.9,878.5,116.54,1.1
44580.0,1309.1,0.57,0.05,0.57,40.73433,-111.87211,21.9,36.0,878.6,114.61,1.1
44640.0,1309.1,1.70,0.06,1.70,40.73433,-111.87211,21.9,36.2,878.5,115.81,1.1
44700.0,1309.2,1.95,0.05,1.95,40.73433,-111.87210,21.9,36.4,878.5,119.59,1.1
44760.0,1309.4,2.25,0.05,2.25,40.73433,-111.87211,21.9,36.5,878.5,120.40,1.4
44820.0,1309.3,2.34,0.05,2.34,40.73433,-111.87211,21.8,36.7,878.5,119.76,1.8
44880.0,1309.2,1.72,0.05,1.72,40.73434,-111.87211,21.7,36.5,878.5,121.53,2.1
44940.0,1309.4,1.67,0.06,1.67,40.73434,-111.87211,21.7,36.5,878.6,123.69,2.0
45000.0,1309.6,1.49,0.05,1.49,40.73433,-111.87211,21.7,36.6,878.5,125.06,2.0
45060.0,1309.7,1.60,0.05,1.60,40.73433,-111.87211,21.7,36.6,878.6,122.82,2.4
45120.0,1309.7,1.71,0.05,1.71,40.73433,-111.87211,21.7,36.4,878.6,126.67,2.1
45180.0,1309.7,1.61,0.06,1.61,40.73433,-111.87211,21.7,36.6,878.6,118.85,1.5
45240.0,1309.6,1.08,0.05,1.08,40.73433,-111.87211,21.7,36.6,878.6,120.03,1.5
45300.0,1309.6,0.66,0.04,0.66,40.73433,-111.87211,21.6,36.2,878.6,117.28,1.8
45360.0,1309.7,0.68,0.04,0.68,40.73433,-111.87211,21.6,36.4,878.6,122.55,1.8
45420.0,1309.9,0.72,0.05,0.72,40.73433,-111.87211,21.6,35.8,878.6,120.69,1.3
45480.0,1309.9,0.60,0.05,0.60,40.73433,-111.87211,21.7,35.7,878.6,112.67,1.1
45540.0,1310.0,0.71,0.05,0.71,40.73433,-111.87211,21.8,35.7,878.7,121.65,1.3
45600.0,1310.0,0.65,0.05,0.65,40.73433,-111.87211,21.8,35.5,878.7,121.89,0.7
45660.0,1309.9,0.28,0.04,0.28,40.73433,-111.87211,21.8,35.2,878.7,112.68,0.7
45720.0,1309.9,359.93,0.05,359.93,40.73433,-111.87211,21.8,35.1,878.8,80.24,0.3
45780.0,1310.0,0.87,0.05,0.87,40.73433,-111.87211,21.9,35.2,878.8,102.29,0.3
45840.0,1309.9,1.24,0.05,1.24,40.73433,-111.87211,21.9,35.7,878.8,70.59,0.4
45900.0,1309.9,1.24,0.05,1.24,40.73433,-111.87211,21.8,35.5,878.8,72.89,0.4
45960.0,1310.0,0.74,0.04,0.74,40.73433,-111.87211,21.8,36.1,878.8,72.95,0.6
46020.0,1309.9,0.95,0.05,0.95,40.73433,-111.87211,21.7,35.8,878.8,99.59,0.6
46080.0,1309.9,1.78,0.04,1.78,40.73433,-111.87211,21.7,36.0,878.8,108.19,0.6
46140.0,1309.9,1.54,0.04,1.54,40.73433,-111.87211,21.7,36.1,878.8,109.12,1.0
46200.0,1309.8,1.20,0.05,1.20,40.73434,-111.87211,21.6,36.3,878.8,113.15,2.1
46260.0,1309.8,0.91,0.04,0.91,40.73434,-111.87211,21.6,36.3,878.8,113.46,1.6
46320.0,1310.1,1.18,0.05,1.18,40.73433,-111.87211,21.6,36.1,878.8,117.18,1.6
46380.0,1310.0,1.62,0.05,1.62,40.73433,-111.87211,21.6,36.0,878.8,117.45,1.2
46440.0,1309.7,2.21,0.05,2.21,40.73434,-111.87211,21.6,36.0,878.8,126.31,1.1
46500.0,1309.5,2.13,0.05,2.13,40.73434,-111.87211,21.7,36.1,878.8,129.21,1.1
46560.0,1309.3,2.07,0.04,2.07,40.73434,-111.87211,21.6,35.9,878.8,121.75,1.1
46620.0,1309.2,1.78,0.04,1.78,40.73434,-111.87211,21.7,35.7,878.8,122.55,1.3
46680.0,1309.1,1.85,0.05,1.85,40.73434,-111.87211,21.7,35.4,878.8,125.50,2.0
46740.0,1309.0,1.61,0.05,1.61,40.73434,-111.87211,21.7,35.7,878.8,127.97,2.2
46800.0,1309.0,1.77,0.05,1.77,40.73434,-111.87211,21.7,36.1,878.8,133.78,2.4
46860.0,1308.9,1.55,0.04,1.55,40.73434,-111.87211,21.7,36.3,878.8,127.21,2.6
46920.0,1308.9,1.68,0.05,1.68,40.73434,-111.87211,21.7,36.3,878.8,123.16,2.8
46980.0,1308.7,1.50,0.05,1.50,40.73434,-111.87211,21.7,36.4,878.8,118.91,2.5
47040.0,1308.5,1.47,0.05,1.47,40.73434,-111.87211,21.7,36.1,878.8,115.78,2.2
47100.0,1308.5,1.33,0.05,1.33,40.73434,-111.87211,21.7,36.1,878.8,122.48,2.1
47160.0,1308.6,1.67,0.04,1.67,40.73434,-111.87211,21.7,36.1,878.8,136.23,1.8
47220.0,1308.6,1.75,0.05,1.75,40.73434,-111.87211,21.8,35.9,878.8,126.12,1.4
47280.0,1308.6,2.00,0.04,2.00,40.73434,-111.87211,21.8,35.6,878.9,122.15,1.1
47340.0,1308.7,2.66,0.05,2.66,40.73434,-111.87211,21.9,35.5,878.9,134.46,1.2
47400.0,1308.8,2.59,0.05,2.59,40.73434,-111.87211,22.0,35.5,878.9,126.55,1.1
47460.0,1308.7,2.66,0.05,2.66,40.73434,-111.87211,22.0,35.6,878.9,146.91,1.1
47520.0,1308.8,1.97,0.05,1.97,40.73434,-111.87211,22.1,35.2,878.9,135.36,1.3
47580.0,1308.9,1.78,0.05,1.78,40.73434,-111.87211,22.1,35.2,878.9,122.31,1.2
47640.0,1309.0,2.25,0.06,2.25,40.73434,-111.87211,22.1,35.4,878.9,125.20,1.2
47700.0,1309.2,2.01,0.05,2.01,40.73434,-111.87211,22.2,35.4,878.9,123.09,1.1
47760.0,1309.4,1.34,0.05,1.34,40.73434,-111.87211,22.3,35.2,878.9,122.80,1.1
47820.0,1309.3,1.53,0.05,1.53,40.73434,-111.87211,22.3,35.6,878.9,121.24,1.3
47880.0,1309.1,1.23,0.05,1.23,40.73434,-111.87211,22.3,35.9,878.9,120.82,1.3
47940.0,1309.1,1.09,0.04,1.09,40.73434,-111.87211,22.4,35.3,878.9,128.17,1.3
48000.0,1309.2,1.26,0.04,1.26,40.73434,-111.87211,22.5,35.2,878.9,127.18,1.0
48060.0,1309.2,0.77,0.05,0.77,40.73434,-111.87211,22.5,35.3,878.9,90.91,0.4
48120.0,1309.1,0.60,0.06,0.60,40.73433,-111.87211,22.7,35.3,878.9,115.54,0.3
48180.0,1309.1,0.86,0.05,0.86,40.73433,-111.87211,22.8,35.8,879.0,76.07,0.1
48240.0,1309.0,0.66,0.05,0.66,40.73433,-111.87211,23.0,35.7,879.0,43.91,0.2
48300.0,1309.2,1.07,0.05,1.07,40.73433,-111.87211,23.2,35.3,878.9,75.52,0.3
48360.0,1309.3,1.77,0.05,1.77,40.73433,-111.87211,23.3,35.0,878.9,91.92,0.5
48420.0,1309.2,1.88,0.06,1.88,40.73433,-111.87211,23.3,35.3,878.9,113.17,0.7
48480.0,1309.3,1.67,0.05,1.67,40.73433,-111.87211,23.4,35.2,879.0,123.51,1.0
48540.0,1309.3,1.28,0.05,1.28,40.73433,-111.87211,23.4,35.3,879.0,123.54,1.0
48600.0,1309.4,0.78,0.05,0.78,40.73433,-111.87211,23.5,35.1,879.0,120.31,0.9
48660.0,1309.4,0.63,0.05,0.63,40.73434,-111.87211,23.6,34.6,879.0,123.07,0.9
48720.0,1309.4,0.43,0.05,0.43,40.73434,-111.87211,23.7,34.2,879.0,127.97,0.6
48780.0,1309.6,0.81,0.05,0.81,40.73434,-111.87211,23.8,33.9,879.0,118.81,0.5
48840.0,1309.6,0.04,0.06,0.04,40.73434,-111.87211,24.0,34.4,879.0,122.23,0.8
48900.0,1309.5,0.44,0.05,0.44,40.73434,-111.87211,24.3,35.0,879.0,89.73,0.2
48960.0,1309.5,0.36,0.05,0.36,40.73434,-111.87211,24.5,34.7,879.0,114.95,0.6
49020.0,1309.5,359.68,0.06,359.68,40.73434,-111.87211,24.8,34.1,879.0,115.97,0.7
49080.0,1309.5,359.94,0.06,359.94,40.73434,-111.87211,25.0,33.4,879.0,155.91,1.3
49140.0,1309.8,359.83,0.05,359.83,40.73434,-111.87211,25.3,33.2,879.0,159.68,1.4
49200.0,1309.9,0.60,0.05,0.60,40.73434,-111.87211,25.6,33.1,879.0,165.78,1.1
49260.0,1309.9,1.06,0.05,1.06,40.73434,-111.87211,25.7,33.0,879.1,148.52,1.4
49320.0,1309.7,0.97,0.06,0.97,40.73434,-111.87211,25.9,33.6,879.1,140.88,1.5
49380.0,1309.7,1.16,0.05,1.16,40.73434,-111.87211,26.0,33.4,879.1,132.58,1.5
49440.0,1310.2,1.46,0.06,1.46,40.73434,-111.87211,26.2,33.2,879.1,151.59,1.3
49500.0,1310.3,1.57,0.05,1.57,40.73434,-111.87211,26.4,32.7,879.1,159.49,1.6
49560.0,1310.0,2.10,0.05,2.10,40.73434,-111.87211,26.6,33.0,879.1,145.10,1.6
49620.0,1310.0,2.47,0.05,2.47,40.73434,-111.87211,26.8,32.7,879.2,145.40,1.4
49680.0,1310.0,2.11,0.05,2.11,40.73434,-111.87211,26.8,33.2,879.2,126.33,1.5
49740.0,1310.0,2.52,0.05,2.52,40.73434,-111.87211,26.8,33.1,879.2,124.03,1.2
49800.0,1310.2,2.58,0.04,2.58,40.73434,-111.87211,26.8,33.4,879.2,80.50,0.4
49860.0,1310.3,2.83,0.05,2.83,40.73434,-111.87211,26.9,32.4,879.2,146.06,0.7
49920.0,1310.6,3.32,0.05,3.32,40.73434,-111.87211,27.0,32.1,879.2,137.95,0.8
49980.0,1310.9,2.79,0.05,2.79,40.73434,-111.87211,27.2,31.8,879.2,129.80,1.2
