CampaignData_and_Merges/R0/CSL_MobileLab_Parked/raw/20240807/USOS-HCHO_MobileLabGround_20240807_R0.ict
35,1001
Huang, Yaoxian
Wayne State University
Picarro G2307 on CSL Mobile Lab
USOS
1,1
2024,08,07,2024,08,09
1.0
Time_Start,seconds_since_midnight,number_of_seconds_since_0000_UTC
3
1.0,1.0,1.0
-9999.0,-9999.0,-9999.0
HCHO,ppbv,Gas_HCHO_InSitu_S_AVMR,volume mixing ratio of formaldehyde in air
H2O,ppmv,Gas_H2O_InSitu_S_AVMR,volume mixing ratio of water vapor in air
CH4,ppmv,Gas_CH4_InSitu_S_AVMR,volume mixing ratio of methane in air
0
18
PI_CONTACT_INFO: yaoxian.huang@wayne.edu
PLATFORM: CSL Mobile Lab, at Ground Site
LOCATION: Salt Lake City, UT
ASSOCIATED_DATA: N/A
INSTRUMENT_INFO: Cavity Ring-Down Spectrometer
DATA_INFO: Data is averaged to 1 minute intervals for stationary and 1 second interval for driving. Stationary data collected from a 20 ft tower on top of the mobile lab.
UNCERTAINTY: N/A
ULOD_FLAG: -7777
ULOD_VALUE: N/A
LLOD_FLAG: -8888
LLOD_VALUE: N/A
DM_CONTACT_INFO: Yaoxian Huang; yaoxian.huang@wayne.edu
PROJECT_INFO: USOS, Summer 2024. https://csl.noaa.gov/groups/csl7/measurements/2024usos/
STIPULATIONS_ON_USE: Users are strongly encouraged to contact the PI for proper data usage.
OTHER_COMMENTS: Data have been shifted backwards by 1 minute to align with USOS MetNav and Picarro GHG data.
REVISION: R0
R0: Final Data
Time_Start,HCHO,H2O,CH4
0,2.55039,11578.6,1.91498
60,2.66864,11900.5,1.91382
120,2.62665,11756.9,1.91328
180,2.44862,11466.8,1.91266
240,2.41325,11688.5,1.91343
300,2.60551,11829.3,1.91237
360,2.62328,11499.9,1.91289
420,2.55961,11686.7,1.91217
480,2.50234,11266.9,1.91558
540,2.46393,11013.6,1.9143
600,2.3163,11356.0,1.91473
660,2.72487,11753.1,1.91537
720,2.57548,11640.3,1.9135
780,2.47458,11315.3,1.91334
840,1.95103,11175.0,1.91192
900,2.3258,11446.2,1.91135
960,2.31147,11941.7,1.91312
1020,2.40481,11446.7,1.91188
1080,2.39147,11735.1,1.90983
1140,2.27802,11798.7,1.91347
1200,2.56182,12435.3,1.91126
1260,2.45285,12047.6,1.91158
1320,2.44839,11378.7,1.91173
1380,2.48964,11750.9,1.91231
1440,2.53841,11890.0,1.91002
1500,2.39273,11674.4,1.91175
1560,2.16586,11196.8,1.90726
1620,2.07108,10958.9,1.91062
1680,2.24162,11421.6,1.91124
1740,2.41159,11576.8,1.90916
1800,2.35738,10921.3,1.91125
1860,2.14741,11082.1,1.90939
1920,2.39856,11303.7,1.91178
1980,2.2376,10988.6,1.90974
2040,2.10126,11100.3,1.90983
2100,2.04511,11340.6,1.90748
2160,2.27966,11216.6,1.90948
2220,2.27928,11426.7,1.90804
2280,2.3776,11176.6,1.90929
2340,2.24588,10838.9,1.91052
2400,2.10355,11048.8,1.90947
2460,2.03039,10650.2,1.90925
2520,1.73916,10024.8,1.90891
2580,1.85438,10146.3,1.90863
2640,2.08598,10097.8,1.90979
2700,2.318,10598.6,1.90759
2760,2.05413,10675.3,1.9084
2820,2.19177,10673.7,1.90847
2880,2.24089,10735.2,1.90832
2940,2.37143,11276.6,1.9083
3000,2.06783,11186.1,1.90701
3060,2.28788,11489.2,1.90748
3120,2.11868,10711.1,1.90704
3180,1.6035,10190.7,1.90674
3240,1.83003,9984.0,1.90789
3300,1.95242,10297.0,1.90807
3360,1.79682,10481.0,1.90563
3420,1.56167,9855.76,1.90365
3480,1.92864,9803.06,1.90397
3540,2.11825,10075.4,1.90693
3600,2.04331,10406.4,1.90693
3660,2.02151,10811.1,1.908
3720,2.11202,11246.6,1.90465
3780,2.09913,11145.4,1.90513
3840,1.92015,11047.7,1.90673
3900,2.03686,11075.2,1.90744
3960,2.03173,11182.7,1.90734
4020,1.77762,10162.3,1.90654
4080,1.82865,10301.0,1.90516
4140,1.95936,10401.8,1.90563
4200,1.61253,10646.9,1.90678
4260,1.80681,10747.8,1.90578
4320,1.96426,10595.4,1.90574
4380,1.75319,10740.9,1.90443
4440,1.73073,10612.3,1.90539
4500,1.86616,10151.3,1.907
4560,1.60844,9848.88,1.90825
4620,1.57927,9744.17,1.90673
4680,1.58665,9939.34,1.90653
4740,1.738,9707.33,1.90703
4800,1.668,9654.61,1.90807
4860,2.22759,10060.7,1.91437
4920,2.20056,10134.1,1.91051
4980,2.08947,10214.6,1.90886
5040,2.04893,10910.4,1.90857
5100,2.24892,10849.0,1.90984
5160,2.55707,10907.5,1.91007
5220,2.35887,10848.7,1.90966
5280,2.04471,10381.2,1.91262
5340,1.99284,10728.4,1.90955
5400,2.15907,10952.5,1.91003
5460,2.26142,11116.3,1.91208
5520,2.08311,11332.8,1.90991
5580,2.16115,11047.1,1.91125
5640,1.89296,9943.12,1.90891
5700,1.76962,9885.06,1.91045
5760,1.84075,10018.9,1.91112
5820,2.13046,10580.0,1.91321
5880,2.28194,10923.2,1.90871
5940,1.83001,9753.55,1.90921
6000,1.94371,10080.4,1.91005
6060,2.07307,9722.51,1.9098
6120,2.05016,9734.48,1.90979
6180,1.96831,9858.13,1.90895
6240,1.96244,9886.44,1.91033
6300,1.89519,10398.4,1.90733
6360,2.26244,10059.7,1.91151
6420,2.46572,10285.8,1.91029
6480,2.26892,10423.6,1.90975
6540,2.30096,10985.5,1.90931
6600,2.45459,11713.4,1.91383
6660,2.51244,11574.5,1.91586
6720,2.52583,11192.7,1.9145
6780,2.1706,11488.7,1.91277
6840,2.52582,11189.7,1.91493
6900,2.60428,11200.5,1.91347
6960,2.72925,11195.6,1.91796
7020,2.50583,11205.1,1.91214
7080,2.55392,11567.7,1.91549
7140,2.7393,11673.3,1.9145
7200,2.69888,11987.4,1.91546
7260,2.70381,11776.7,1.9137
7320,2.57372,11750.9,1.91788
7380,2.7835,11680.0,1.9181
7440,3.09903,12269.9,1.91736
7500,3.14238,12124.8,1.91902
7560,3.0499,12302.4,1.91668
7620,3.18888,12309.5,1.9202
7680,3.14448,12410.0,1.91849
7740,3.08782,12089.3,1.9225
7800,3.15023,11820.3,1.92094
7860,3.03544,12234.5,1.92424
7920,3.09135,12573.0,1.92397
7980,3.3433,12839.3,1.92606
8040,3.58311,12905.3,1.92828
8100,3.67128,13024.4,1.92832
8160,3.99055,13136.6,1.92936
8220,3.63961,13124.4,1.92914
8280,3.45641,13090.2,1.92575
8340,3.70269,13171.3,1.92815
8400,3.5443,13417.2,1.92848
8460,3.93317,13707.6,1.9293
8520,3.89941,13741.5,1.93603
8580,3.88336,13879.7,1.93712
8640,3.9889,13973.0,1.94111
8700,3.98767,13908.5,1.93884
8760,4.21277,13962.3,1.93743
8820,4.08349,14032.7,1.93697
8880,4.25011,14100.8,1.94087
8940,4.11045,14085.4,1.94004
9000,4.18609,14120.3,1.94324
9060,4.03754,13904.6,1.93897
9120,3.8567,13710.1,1.93585
9180,3.72718,13586.7,1.93042
9240,3.41294,13566.0,1.93188
9300,3.76616,13486.9,1.93108
9360,3.47442,13263.2,1.92863
9420,3.59362,13278.2,1.92817
9480,3.82039,13231.0,1.92965
9540,3.58897,12973.8,1.92727
9600,3.64404,13093.6,1.92773
9660,3.59134,13033.2,1.92478
9720,3.55392,12889.4,1.92535
9780,3.58487,12996.4,1.92497
9840,3.58734,13017.3,1.92153
9900,3.54813,12894.4,1.92619
9960,3.30696,12892.7,1.92399
10020,3.55114,12966.7,1.9225
10080,3.62779,12834.2,1.92275
10140,3.59038,12793.3,1.92663
10200,3.65796,12729.8,1.92296
10260,3.43125,12723.5,1.92362
10320,3.41975,12603.5,1.92298
10380,3.75362,12630.6,1.92364
10440,3.16163,12678.2,1.9212
10500,3.22704,12476.7,1.91911
10560,3.34493,12605.9,1.92158
10620,3.40963,12497.6,1.91829
10680,3.23167,12524.8,1.91768
10740,3.2568,12485.8,1.91879
10800,3.25446,12203.7,1.92054
10860,3.29845,12263.3,1.91953
10920,3.25021,12237.9,1.91958
10980,2.87571,12241.4,1.92071
11040,3.28085,12312.9,1.91945
11100,3.00461,12213.1,1.92058
11160,3.26738,12243.2,1.91866
11220,3.32291,12197.1,1.9198
11280,2.89667,12028.3,1.91962
11340,3.05268,12231.5,1.92198
11400,3.17249,12099.9,1.91942
11460,2.96599,12001.2,1.92262
11520,2.92153,11855.3,1.91878
11580,3.15607,11989.5,1.92025
11640,2.99134,12012.2,1.91842
11700,2.89161,11945.2,1.9191
11760,2.98048,11917.0,1.91905
11820,3.11239,11922.4,1.91984
11880,2.87612,11859.6,1.91523
11940,2.98158,11894.7,1.91653
12000,2.69159,11993.4,1.91613
12060,2.64114,11868.9,1.91569
12120,2.65593,11855.6,1.91496
12180,2.74209,11805.9,1.91546
12240,2.7484,11953.1,1.9164
12300,2.97687,11925.9,1.9159
12360,2.93191,12077.9,1.91787
12420,2.99541,12019.3,1.91614
12480,2.89582,12039.9,1.91816
12540,2.77828,11838.6,1.91936
12600,2.78379,11811.6,1.91697
12660,2.85818,11868.5,1.91539
12720,2.67184,11780.9,1.91648
12780,2.61592,11653.0,1.9163
12840,2.68558,11668.7,1.91662
12900,2.85047,12003.4,1.91214
12960,2.54117,11935.2,1.91576
13020,2.64871,11925.4,1.91401
13080,2.5911,11976.7,1.91131
13140,2.42985,12553.7,1.91147
13200,2.63528,11928.8,1.91267
13260,2.35932,11896.8,1.91132
13320,2.68524,11889.5,1.91318
13380,2.3978,11729.6,1.91261
13440,2.43444,11852.7,1.909
13500,2.43415,12346.8,1.91131
13560,2.60981,11650.2,1.91346
13620,2.55213,12041.5,1.91105
13680,2.60736,11959.8,1.91101
13740,2.71306,12105.8,1.91202
13800,2.64277,11799.3,1.91434
13860,2.40826,11858.9,1.91212
13920,2.70179,11991.1,1.91231
13980,2.44524,11872.0,1.91232
14040,2.43301,11795.2,1.91183
14100,2.62107,11859.8,1.9124
14160,2.31843,11822.1,1.91285
14220,2.63722,11944.0,1.91126
14280,2.49117,11937.5,1.91302
14340,2.70048,11905.2,1.91181
14400,2.59337,11765.1,1.91197
14460,2.61024,11538.4,1.91247
14520,2.33855,11877.0,1.90847
14580,2.56366,11633.2,1.91097
14640,2.49659,11868.8,1.90893
14700,2.48844,11611.7,1.91001
14760,2.70703,11839.1,1.91039
14820,2.12449,11486.0,1.91025
14880,2.46185,11562.4,1.9111
14940,2.57163,11712.6,1.90857
15000,2.47052,11325.1,1.9117
15060,2.40694,11775.7,1.90976
15120,2.50103,11263.1,1.91159
15180,2.47776,11551.0,1.91204
15240,2.60992,11286.5,1.91129
15300,2.3833,11298.3,1.9121
15360,2.16993,11347.9,1.91185
15420,2.49259,11321.7,1.91339
15480,2.49371,11356.3,1.9102
15540,2.5357,11372.1,1.91037
15600,2.30048,11489.4,1.90938
15660,2.30328,11632.3,1.90953
15720,2.20316,11566.1,1.91014
15780,2.38633,11526.4,1.90959
15840,2.23253,11152.4,1.91003
15900,2.52453,11603.5,1.90769
15960,2.30435,11392.4,1.90893
16020,2.29152,11256.4,1.90903
16080,2.48674,11309.1,1.91154
16140,2.26096,11142.2,1.91014
16200,2.32176,11376.8,1.91112
16260,2.22906,11014.0,1.90866
16320,2.30581,11073.7,1.90989
16380,2.22293,11155.8,1.90911
16440,2.34755,11032.7,1.90982
16500,2.39894,11017.5,1.91045
16560,2.1116,11283.1,1.90764
16620,2.20661,10893.8,1.90977
16680,2.19335,10891.2,1.91007
16740,2.07928,10887.3,1.91365
16800,2.35064,11179.5,1.91102
16860,2.59078,11179.5,1.9123
16920,2.36739,11160.9,1.91961
16980,2.45756,11191.8,1.9215
17040,2.59103,10949.5,1.91493
17100,2.31408,11087.9,1.91562
17160,2.27833,11178.8,1.91662
17220,2.27899,11266.5,1.91715
17280,2.42246,11376.5,1.91064
17340,2.4588,11822.8,1.9171
17400,2.06972,11302.2,1.91254
17460,2.07165,11644.5,1.90934
17520,2.07874,11278.9,1.90953
17580,2.14541,10850.6,1.91162
17640,1.96922,11209.0,1.91077
17700,2.31113,10919.9,1.91291
17760,2.01582,10925.6,1.91198
17820,2.17767,11129.1,1.91336
17880,2.33658,11032.9,1.91356
17940,2.25419,11024.1,1.91429
18000,2.38088,11067.6,1.91408
18060,2.24918,11039.8,1.91496
18120,2.52571,11170.4,1.91421
18180,2.36138,11061.1,1.91575
18240,2.26795,11000.1,1.91437
18300,2.43952,11201.6,1.91414
18360,2.19449,11137.6,1.91521
18420,2.22104,11147.0,1.91683
18480,2.08968,11060.0,1.91499
18540,2.16778,11145.0,1.91912
18600,2.24388,10925.4,1.91485
18660,2.17417,11190.2,1.91563
18720,2.1927,11108.8,1.91656
18780,2.1538,10985.7,1.91613
18840,2.17927,11282.6,1.91633
18900,2.23686,11425.6,1.91718
18960,2.22651,11432.9,1.92144
19020,2.56432,12035.0,1.92013
19080,2.30531,11583.3,1.91528
19140,2.53882,11702.0,1.91763
19200,2.34571,11027.8,1.91791
19260,2.30566,11115.1,1.92062
19320,2.38578,11127.3,1.91643
19380,2.35281,11166.7,1.9155
19440,2.51528,11387.1,1.92056
19500,2.79006,11726.2,1.92233
19560,2.79054,12094.0,1.92369
19620,2.73936,11829.3,1.92299
19680,2.7886,11915.2,1.92189
19740,2.50639,11942.4,1.92149
19800,2.58618,11859.5,1.91931
19860,2.56841,11834.3,1.91764
19920,2.3952,11650.7,1.91843
19980,2.46658,11450.5,1.91882
20040,2.49182,11589.0,1.91631
20100,2.35387,11387.0,1.91838
20160,2.24837,11580.8,1.91856
20220,2.41734,11551.5,1.91898
20280,2.53253,11712.6,1.91765
20340,2.5005,11845.9,1.92047
20400,2.45105,11767.0,1.92185
20460,2.39469,11456.6,1.92318
20520,2.48509,11335.6,1.9205
20580,2.55151,11578.1,1.92114
20640,2.45251,11477.6,1.91936
20700,2.54559,11585.4,1.91785
20760,2.60695,11625.7,1.92268
20820,2.35777,11646.7,1.92484
20880,2.35428,11414.3,1.9205
20940,2.0979,11584.6,1.91873
21000,1.99114,11410.5,1.9154
21060,2.42321,11925.0,1.91708
21120,2.23818,11955.9,1.92013
21180,2.27945,11564.2,1.92448
21240,2.17828,11979.0,1.92734
21300,2.29941,11793.1,1.93467
21360,2.39699,11638.6,1.93416
21420,2.25659,11680.6,1.93314
21480,2.59384,11719.2,1.93402
21540,2.44939,12045.3,1.93268
21600,2.33865,11664.3,1.93583
21660,2.30679,11833.2,1.93449
21720,2.63068,11957.3,1.9366
21780,2.25607,11937.9,1.93443
21840,2.26314,11777.0,1.93438
21900,2.36892,11835.7,1.9304
21960,2.42165,11825.5,1.93071
22020,2.61208,11822.0,1.9283
22080,2.47796,11862.4,1.9282
22140,2.62397,11806.3,1.92688
22200,2.35273,11815.2,1.92913
22260,2.29392,11735.5,1.92727
22320,2.24726,11734.2,1.9259
22380,2.48801,11877.5,1.92682
22440,2.41718,12018.7,1.93264
22500,2.69136,11902.9,1.93411
22560,2.31719,11896.3,1.93323
22620,2.6569,11910.0,1.93462
22680,2.4208,11903.1,1.93448
22740,2.4003,11924.6,1.9361
22800,2.63702,11965.5,1.93795
22860,2.49483,12053.4,1.93789
22920,2.70683,12005.9,1.93947
22980,2.62021,12325.0,1.94293
23040,2.89419,12252.8,1.94256
23100,2.86131,12400.2,1.95138
23160,2.88705,12381.1,1.95767
23220,2.4967,12266.1,1.94697
23280,2.89143,12343.6,1.95117
23340,2.73577,12310.3,1.9492
23400,2.74568,12321.8,1.94995
23460,2.83409,12313.3,1.94478
23520,2.85024,12330.0,1.94416
23580,2.7252,12178.3,1.94387
23640,2.8067,12334.6,1.94419
23700,2.65932,12223.7,1.94485
23760,2.67465,11977.9,1.93962
23820,2.74231,11978.2,1.93918
23880,2.48843,12052.4,1.94119
23940,2.62447,11763.3,1.93632
24000,2.51726,11829.4,1.93712
24060,2.72993,11943.4,1.93974
24120,2.43063,12043.0,1.93776
24180,2.42924,12080.9,1.93524
24240,2.59523,11906.8,1.93567
24300,2.30307,11826.1,1.93391
24360,2.7882,12052.0,1.93577
24420,2.58286,11951.4,1.9329
24480,2.37725,11860.4,1.93439
24540,2.29051,11804.4,1.93026
24600,2.77324,12063.5,1.93363
24660,2.59691,12191.0,1.93286
24720,2.56449,11861.6,1.92854
24780,2.32814,11786.7,1.93135
24840,2.75171,11845.2,1.93599
24900,2.66919,11764.8,1.93225
24960,2.4399,11853.1,1.93491
25020,2.54109,11847.6,1.93286
25080,2.70726,11941.6,1.93539
25140,2.51096,12120.1,1.93443
25200,2.73405,12333.8,1.93529
25260,2.7116,12236.8,1.93461
25320,2.68909,12402.9,1.93447
25380,2.78413,12381.8,1.93527
25440,2.71387,12255.8,1.93596
25500,2.77902,12350.1,1.93953
25560,2.5823,12591.6,1.93902
25620,2.74899,12584.0,1.93964
25680,2.58642,12673.8,1.94333
25740,2.89868,12554.6,1.94688
25800,2.86932,12588.7,1.94768
25860,2.96527,12852.6,1.95077
25920,3.05952,12842.7,1.95592
25980,3.02277,12813.2,1.94897
26040,2.86447,12795.3,1.94971
26100,2.80269,12843.0,1.95611
26160,2.90461,12882.9,1.95699
26220,2.83672,12627.2,1.95493
26280,2.72961,12554.0,1.95055
26340,2.55858,12607.1,1.96377
26400,2.77867,12437.7,1.96001
26460,2.79845,12675.1,1.96296
26520,2.9717,12667.0,1.96698
26580,2.91027,12635.0,1.96306
26640,3.12933,12765.6,1.96307
26700,3.01961,12676.0,1.95809
26760,2.91387,12418.3,1.9544
26820,3.12279,12768.7,1.95762
26880,3.03298,12584.9,1.95762
26940,2.4925,11975.7,1.93907
27000,2.76505,12344.9,1.94694
27060,2.77398,12133.7,1.94598
27120,2.58488,12375.8,1.95044
27180,2.88383,12509.9,1.96046
27240,2.98373,12315.2,1.95523
27300,2.26466,11855.8,1.93295
27360,2.73049,12717.3,1.95339
27420,2.70853,12675.1,1.95546
27480,2.81574,12445.7,1.95365
27540,2.72891,12202.3,1.94696
27600,2.42522,11924.7,1.94255
27660,2.87252,12278.3,1.94809
27720,2.34284,11779.6,1.93651
27780,2.56585,12053.7,1.9433
27840,2.78232,12203.2,1.94535
27900,2.71349,12145.5,1.93877
27960,2.58561,12133.8,1.93873
28020,2.91249,12481.3,1.95226
28080,2.85299,12685.9,1.95449
28140,2.80041,12685.7,1.95506
28200,3.03053,12660.5,1.9544
28260,2.83102,12637.1,1.95798
28320,2.83057,12641.1,1.95603
28380,2.86097,13030.7,1.95973
28440,3.00861,13184.9,1.96224
28500,2.80277,12718.9,1.96841
28560,2.49438,12535.6,1.96147
28620,2.97905,12707.1,1.96257
28680,2.66132,12725.2,1.96165
28740,2.88513,12656.8,1.96077
28800,2.62751,12616.8,1.95986
28860,2.83532,12593.5,1.95953
28920,2.64011,12667.1,1.96001
28980,2.93366,12694.7,1.96239
29040,3.0477,12831.1,1.96315
29100,2.70291,12617.9,1.96232
29160,2.71094,12625.7,1.96507
29220,3.06987,12846.8,1.96321
29280,2.98582,12884.0,1.96554
29340,3.04728,12907.6,1.96454
29400,2.8945,12971.6,1.96461
29460,2.94673,12904.0,1.9726
29520,3.04226,13002.5,1.97072
29580,3.00534,13027.8,1.97124
29640,2.82267,13013.4,1.97094
29700,3.07266,13004.8,1.97223
29760,3.10165,13018.8,1.9703
29820,3.12091,13182.4,1.97652
29880,3.13774,13368.3,1.97938
29940,3.15143,13385.5,1.9801
30000,3.22333,13345.9,1.98277
30060,3.08185,13409.5,1.98258
30120,3.1345,13458.2,1.97761
30180,3.0889,13530.4,1.97821
30240,3.14555,13682.3,1.97808
30300,3.16047,13704.3,1.9834
30360,3.14469,13654.2,1.98154
30420,3.10393,13518.5,1.99371
30480,3.13055,13527.4,1.99742
30540,3.15128,13595.0,1.99309
30600,3.3852,13474.4,1.99787
30660,3.43212,13574.3,1.99535
30720,3.43442,13492.8,2.00375
30780,3.43236,13389.9,2.01287
30840,3.53633,13419.0,2.01363
30900,3.41033,13422.7,2.016
30960,3.45297,13428.2,2.0151
31020,3.4386,13440.4,2.0137
31080,3.32162,13264.4,2.00754
31140,3.13981,13184.6,2.00591
31200,3.0782,13168.6,1.99664
31260,3.02746,13131.7,1.99359
31320,3.09358,13079.8,1.99071
31380,3.02994,12756.7,1.97857
31440,2.90782,12848.4,1.97851
31500,2.66661,12709.2,1.97043
31560,2.62227,12604.6,1.96634
31620,2.7863,12505.1,1.96313
31680,2.86341,12444.5,1.95924
31740,2.74851,12534.8,1.96153
31800,2.57518,12429.7,1.95726
31860,2.58552,12433.8,1.95319
31920,2.49226,12377.6,1.94974
31980,2.64899,12211.3,1.94619
32040,2.55657,12189.0,1.94456
32100,2.7235,12229.4,1.94287
32160,2.48252,12093.8,1.94134
32220,2.34078,12110.7,1.93892
32280,2.43828,12109.4,1.94176
32340,2.23509,11980.1,1.93639
32400,2.30013,12018.5,1.93856
32460,2.47323,12057.6,1.94114
32520,2.32649,12052.8,1.93968
