CampaignData_and_Merges/R0/CSL_MobileLab_Parked/raw/20240807/USOS-Picarro-CO2-CH4-CO-H2O_MobileLabGround_20240807_R0.ict
38, 1001
Ilana Pollack, Nell Schafer, and Jeff Peischl
NOAA Chemical Sciences Laboratory
Picarro 2401-m CO2/CH4/CO/H2O Analyzer
USOS
1, 1
2024, 08, 07, 2024, 11, 20
0
StartTime_UTC, seconds_past_midnight, seconds past midnight
5
1, 1, 1, 1, 1
-9999, -9999, -9999, -9999, -9999
StopTime_UTC, seconds_past_midnight, seconds past midnight
CO2_ppm_1min, ppm, Gas_CO2_InSitu_S_DMF, carbon dioxide mixing ratio
CH4_ppb_1min, ppb, Gas_CH4_InSitu_S_DMF, methane mixing ratio
CO_ppb_1min, ppb, Gas_CO_InSitu_S_DMF, carbon monoxide mixing ratio
H2O_ppmv_1min, ppmv, Met_H2OMRV_InSitu_S_AVMR, water vapor mixing ratio
1
SPECIAL COMMENTS: N/A
18
PI_CONTACT_INFO: Address: NOAA Chemical Sciences Laboratory, Mail Stop CSL7, 325 Broadway, Boulder, CO 80305; Email: Ilana.Pollack@noaa.gov
PLATFORM: NOAA CSL Mobile Laboratory
LOCATION: The mobile lab was stationed in Salt Lake City, Utah.
ASSOCIATED_DATA: N/A
INSTRUMENT_INFO: CO2, CH4, and CO are reported as dry air mole fractions using a commercial wavelength-scanned cavity ring-down analyzer (Picarro 2401-m). An in-field calibration gas standard of 432±0.07 ppm CO2, 2095±1 ppb CH4, and 183±1 ppb CO, calibrated in the Boulder laboratories before and after the field project using primary CO2, CH4, and CO standard tanks tied to the WMO standard (X2019, X2004A, and X2014A, respectively) from the Global Monitoring Laboratory (GML), was delivered to the inlet every 2-3 days to evaluate instrument sensitivity. A H2O measurement was calibrated before the project with a Dew Point Mirror 373 hygrometer. The water correction calculated from these calibrations was applied to the H2O measurement for the entire campaign. Species are measured at 0.5 Hz and reported as 1-minute averages for stationary measurements.
DATA_INFO: Units: CO2, ppm, dry air mole fraction; CH4, ppb, dry air mole fraction; CO, ppb, dry air mole fraction; H2O, ppmv
UNCERTAINTY: Total uncertainties are estimated as ±0.1 ppm for CO2, ±1 ppb for CH4, ±5 ppb for CO, and ±(50 ppm + 4%) for H2O.
ULOD_FLAG: -7777
ULOD_VALUE: N/A
LLOD_FLAG: -8888
LLOD_VALUE: N/A
DM_CONTACT_INFO: Data Manager: Nathan Howard; nathan.h.howard@noaa.gov
PROJECT_INFO: USOS Dates of Study: July – August 2024
STIPULATIONS_ON_USE: Use of these data require prior ok from PI.
OTHER_COMMENTS: Data are averaged to 1 minute intervals. Stationary data collected from a 10 ft tower on top of the mobile van.
REVISION: R0
R0: Final Data
StartTime_UTC, StopTime_UTC, CO2_ppm_1min, CH4_ppb_1min, CO_ppb_1min, H2O_ppmv_1min
[from data line 754]
45240,45300,474.91,2032.6,187.1,14074.2842
45300,45360,476.15,2031.2,195.4,14061.3994
45360,45420,471.89,2027.3,186.5,13958.5166
45420,45480,470.03,2018.6,187.8,13791.5605
45480,45540,472.65,2020.9,207.0,13860.2100
45540,45600,472.16,2016.5,192.3,13784.3203
45600,45660,473.05,2017.1,195.5,13792.1455
45660,45720,470.79,2016.0,193.2,13773.8701
45720,45780,468.56,2017.7,176.2,13782.2568
45780,45840,471.29,2027.4,179.7,14018.7168
45840,45900,472.49,2030.8,186.9,14116.9639
45900,45960,473.26,2031.6,187.8,14190.2041
45960,46020,471.43,2031.6,194.2,14073.9102
46020,46080,472.20,2031.7,188.0,14171.0020
46080,46140,472.11,2033.3,190.0,14261.3164
46140,46200,477.62,2036.8,204.8,14289.3574
46200,46260,481.86,2028.1,218.4,14183.1113
46260,46320,486.04,2027.8,228.3,14269.8721
46320,46380,475.19,2029.2,198.4,14232.0674
46380,46440,483.08,2030.8,332.6,14134.7480
46440,46500,478.95,2026.3,297.7,14079.9209
46500,46560,468.90,2020.7,212.3,13879.6006
46560,46620,471.20,2018.9,216.5,13859.0059
46620,46680,472.38,2016.6,241.8,13788.8633
46680,46740,469.27,2011.2,213.4,13543.7471
46740,46800,476.32,2015.9,272.8,13668.6787
46800,46860,481.57,2020.1,264.3,13854.4863
46860,46920,476.50,2013.9,228.3,13815.0225
46920,46980,471.08,2012.9,231.6,13760.0850
46980,47040,466.59,2013.0,218.7,13789.7432
47040,47100,470.03,2017.1,262.1,13788.6738
47100,47160,470.84,2014.2,227.6,13743.6973
47160,47220,479.83,2012.5,240.0,13846.7656
47220,47280,477.70,2011.9,239.4,13862.0156
47280,47340,468.57,2009.6,188.4,13763.3008
47340,47400,468.63,2009.1,187.1,13765.6113
47400,47460,470.66,2011.8,203.1,13853.8369
47460,47520,470.36,2014.7,211.3,13831.9014
47520,47580,465.51,2009.9,203.0,13754.5625
47580,47640,468.39,2012.0,212.5,13812.7480
47640,47700,467.79,2011.8,228.0,13875.5107
47700,47760,468.85,2012.0,299.0,13819.9717
47760,47820,470.01,2012.3,287.9,13900.3252
47820,47880,473.22,2011.8,274.7,14060.9170
47880,47940,471.52,2011.0,273.7,13993.7666
47940,48000,471.61,2014.6,298.1,13939.8701
48000,48060,472.41,2018.0,269.6,14048.4150
48060,48120,473.32,2016.5,272.1,14167.7607
48120,48180,469.58,2020.7,240.7,14416.4463
48180,48240,467.83,2051.2,224.5,14827.9922
48240,48300,465.45,2025.3,228.9,14587.5176
48300,48360,465.50,2029.9,225.0,14731.8057
48360,48420,466.18,2026.2,229.1,14836.4473
48420,48480,465.85,2025.3,228.7,14919.2158
48480,48540,462.88,2016.4,209.4,14176.8584
48540,48600,463.62,2016.5,218.0,14173.8779
48600,48660,468.12,2017.1,237.2,14190.4756
48660,48720,466.23,2016.8,222.4,14317.2871
48720,48780,468.29,2018.5,231.0,14408.0713
48780,48840,468.26,2020.0,232.5,14533.4014
48840,48900,465.98,2028.6,226.0,14982.7900
48900,48960,465.82,2033.2,221.2,15120.6611
48960,49020,465.73,2028.5,221.3,14913.3965
49020,49080,465.48,2024.8,217.5,14740.1680
49080,49140,465.31,2018.9,230.7,14610.6396
49140,49200,465.70,2019.7,231.6,14663.5400
49200,49260,466.73,2020.8,576.2,14650.7588
49260,49320,466.52,2020.5,379.9,14726.9736
49320,49380,470.66,2017.7,292.4,14689.6338
49380,49440,471.34,2016.4,332.4,14852.8740
49440,49500,467.12,2021.0,265.7,14658.0918
49500,49560,467.84,2024.4,271.9,14679.0615
49560,49620,466.21,2029.2,258.5,14665.2842
49620,49680,470.87,2032.8,279.7,14903.7295
49680,49740,479.49,2038.6,346.7,14852.3330
49740,49800,480.54,2038.3,339.8,15270.6787
49800,49860,479.93,2036.9,348.0,15417.3164
49860,49920,481.13,2032.1,462.8,14651.5986
49920,49980,481.89,2031.4,468.1,15077.3740
49980,50040,479.01,2032.7,432.6,15302.6416
50040,50100,480.90,2031.9,462.4,14794.1689
50100,50160,482.08,2030.1,479.4,14584.6348
50160,50220,484.30,2034.2,490.8,14755.3301
50220,50280,486.47,2036.1,511.8,14813.1230
50280,50340,488.71,2037.7,540.0,14775.8525
50340,50400,486.48,2038.2,529.4,15094.5703
50400,50460,501.81,2043.0,554.9,15709.7373
50460,50520,488.93,2033.9,514.1,15028.9229
50520,50580,492.64,2033.7,512.6,14859.1318
50580,50640,492.34,2039.5,558.0,15128.5830
50640,50700,488.60,2036.1,540.6,14842.3936
50700,50760,480.22,2032.3,472.6,14511.6602
50760,50820,478.72,2030.3,468.5,14665.9092
50820,50880,482.59,2033.6,506.1,15023.0400
50880,50940,485.92,2037.8,546.8,15408.7881
50940,51000,486.58,2037.4,555.2,15519.8193
51000,51060,487.35,2035.3,576.4,15462.4248
51060,51120,483.39,2032.2,551.5,15257.2900
51120,51180,478.01,2031.0,489.0,14977.1387
51180,51240,477.21,2036.2,482.2,15110.2344
51240,51300,477.37,2037.4,475.4,15074.6270
51300,51360,477.02,2038.5,472.8,15139.1758
51360,51420,475.38,2032.1,455.8,14957.0098
51420,51480,476.46,2031.6,457.3,15072.0791
51480,51540,479.25,2032.4,455.7,15253.5430
51540,51600,479.84,2033.3,451.1,15359.9844
51600,51660,477.19,2039.9,456.3,15527.1807
51660,51720,474.75,2062.0,433.0,15179.5869
51720,51780,472.60,2048.4,415.6,14954.2734
51780,51840,472.69,2037.7,416.0,14812.0928
51840,51900,471.58,2032.2,403.3,14867.1416
51900,51960,471.27,2028.8,397.2,14977.2227
51960,52020,470.79,2025.6,391.8,14859.8418
52020,52080,468.14,2016.3,381.4,14430.7129
52080,52140,467.65,2017.3,374.6,14429.0557
52140,52200,467.64,2019.1,373.6,14509.0439
52200,52260,467.67,2020.7,370.1,14683.5537
52260,52320,465.77,2015.5,357.3,14859.1650
52320,52380,464.52,2013.7,347.1,14642.0469
52380,52440,463.07,2010.8,337.9,14639.5928
52440,52500,462.83,2010.9,338.5,15110.4248
52500,52560,463.19,2009.4,336.3,14908.2568
52560,52620,460.55,2005.1,338.3,14305.8721
52620,52680,456.47,1998.9,373.1,14167.9287
52680,52740,455.11,1998.4,305.4,14069.8506
52740,52800,453.82,1996.5,296.4,14159.1621
52800,52860,455.45,2000.5,291.0,14493.3369
52860,52920,456.53,2002.8,299.0,14586.7656
52920,52980,455.64,2003.5,299.8,14433.5332
52980,53040,455.11,1999.8,301.1,14046.2109
53040,53100,456.07,2002.3,305.7,14321.6387
53100,53160,455.02,2007.0,294.1,14432.5371
53160,53220,455.43,2014.4,281.3,14103.2607
53220,53280,454.73,2015.2,275.7,14124.2539
53280,53340,454.36,2022.3,278.9,14438.0684
53340,53400,457.25,2034.0,301.7,14634.4971
53400,53460,457.16,2041.3,291.8,14769.1982
53460,53520,459.25,2039.7,295.9,14664.9482
53520,53580,458.69,2043.5,312.2,14733.4180
53580,53640,459.65,2036.2,312.7,14794.7559
53640,53700,459.62,2023.8,301.7,14711.2715
53700,53760,457.37,2026.6,276.2,14499.7295
53760,53820,458.24,2023.7,289.0,14737.7178
53820,53880,460.25,2027.7,298.9,14809.0498
53880,53940,463.45,2037.2,311.8,14527.8965
53940,54000,462.75,2034.6,316.3,14578.2295
54000,54060,460.34,2031.4,304.0,14699.4063
54060,54120,464.20,2036.4,322.9,14906.9111
54120,54180,467.32,2038.5,345.9,15279.3525
54180,54240,464.59,2038.1,351.5,15419.9414
54240,54300,461.05,2034.3,318.6,14825.3838
54300,54360,463.18,2035.9,336.9,15214.5791
54360,54420,457.99,2027.1,323.1,14935.3926
54420,54480,459.57,2032.1,327.5,15041.1436
54480,54540,459.67,2032.5,332.4,14979.1699
54540,54600,459.53,2031.1,330.2,14815.1172
54600,54660,458.96,2026.6,333.6,14661.8525
54660,54720,460.10,2027.1,334.4,14738.3213
54720,54780,460.41,2025.4,338.9,14780.0420
54780,54840,459.68,2023.9,346.7,14765.7324
54840,54900,460.58,2018.6,375.0,14910.2988
54900,54960,462.21,2017.7,397.0,14949.9580
54960,55020,460.08,2016.5,383.0,14949.9531
55020,55080,458.89,2016.0,374.2,14962.7148
55080,55140,459.52,2017.0,376.4,15069.9932
55140,55200,462.88,2015.4,380.9,15675.8398
55200,55260,458.05,2018.2,354.4,15512.1338
55260,55320,457.10,2013.5,340.5,15599.6152
55320,55380,458.08,2013.1,347.7,15611.6504
55380,55440,458.66,2013.1,354.9,15685.2246
55440,55500,461.02,2013.2,374.2,15890.1670
55500,55560,461.06,2012.0,369.8,16091.9580
55560,55620,460.66,2014.1,380.5,16303.1406
55620,55680,460.36,2016.2,381.0,16061.1084
55680,55740,459.35,2011.9,349.0,16071.8418
55740,55800,457.58,2011.8,338.4,15805.6133
55800,55860,455.66,2007.3,316.4,15430.6387
55860,55920,454.62,2006.7,312.1,15509.0537
55920,55980,452.88,2005.0,303.1,15406.7783
55980,56040,-9999,-9999,-9999,-9999
56040,56100,-9999,-9999,-9999,-9999
56100,56160,452.92,2005.2,294.1,15092.6338
56160,56220,460.37,2006.2,344.7,15309.1328
56220,56280,456.18,2005.6,294.4,15330.9785
56280,56340,451.01,2004.5,279.7,15298.6885
56340,56400,451.45,2002.8,284.9,14925.8535
56400,56460,449.56,2003.2,279.9,15611.4111
56460,56520,450.00,2002.0,266.8,14836.5303
56520,56580,448.68,2002.2,262.5,15237.1055
56580,56640,448.40,2000.9,279.7,14729.6602
56640,56700,447.22,2000.4,266.1,15001.5732
56700,56760,447.24,2000.7,280.1,15703.1143
56760,56820,452.06,2000.1,296.3,15351.7598
56820,56880,450.61,1999.4,301.8,15630.3945
56880,56940,450.39,1999.0,284.4,15660.2344
56940,57000,446.49,1997.3,265.3,15206.5488
57000,57060,448.21,1998.8,286.0,15275.4775
57060,57120,447.42,1999.1,294.2,15370.2803
57120,57180,448.40,1998.8,332.5,15367.8975
57180,57240,448.94,1997.2,307.9,15532.0986
57240,57300,451.44,1998.3,332.8,16093.6328
57300,57360,447.77,1998.7,302.6,15698.8887
57360,57420,448.72,1998.5,305.7,15724.4668
57420,57480,450.32,1998.8,315.8,15844.0195
57480,57540,449.77,1999.6,320.3,15748.0381
57540,57600,448.63,2000.6,314.2,15822.3994
57600,57660,456.00,2011.7,1061.9,15361.9912
57660,57720,447.96,2001.4,284.8,15416.2900
57720,57780,445.88,2002.7,260.6,15428.3906
57780,57840,445.74,2003.4,288.2,15159.5605
57840,57900,443.28,2003.8,250.8,14622.1963
57900,57960,443.69,2003.2,240.5,14622.7354
57960,58020,443.85,2002.9,238.9,14935.0430
58020,58080,443.51,2003.2,239.8,14500.5605
58080,58140,443.85,2003.7,239.6,14450.6680
58140,58200,443.02,2004.1,231.7,14436.6230
58200,58260,443.12,2004.8,231.6,14426.3564
58260,58320,443.24,2005.3,231.8,14496.6826
58320,58380,442.96,2005.4,229.6,14518.1426
58380,58440,443.41,2007.7,230.4,14736.0459
58440,58500,443.19,2008.3,228.5,14754.5000
58500,58560,443.99,2010.0,232.8,15022.0254
58560,58620,443.66,2010.0,231.2,15011.4629
58620,58680,443.05,2008.7,228.5,14972.9707
58680,58740,443.25,2007.5,230.1,14678.0752
58740,58800,442.78,2007.0,225.5,14573.1553
58800,58860,441.84,2007.3,222.4,14849.0449
58860,58920,441.59,2007.9,222.7,15491.3994
58920,58980,443.18,2010.0,222.2,15261.4209
58980,59040,443.31,2013.1,215.5,14889.1680
59040,59100,442.21,2013.1,210.8,15123.6543
59100,59160,441.51,2011.8,206.8,15361.9941
59160,59220,441.66,2012.6,201.2,14742.4912
59220,59280,442.07,2013.4,201.3,14718.4629
59280,59340,440.73,2012.6,193.6,14694.1465
59340,59400,439.12,2008.9,184.6,14247.7969
59400,59460,438.94,2007.4,183.3,14197.7090
59460,59520,439.53,2007.3,183.6,14109.4541
59520,59580,441.22,2011.6,204.2,14434.9121
59580,59640,441.48,2011.5,204.0,14599.0049
59640,59700,440.04,2009.7,202.0,14731.6064
59700,59760,442.05,2012.2,209.6,14478.7197
59760,59820,442.16,2012.8,211.7,14542.7402
59820,59880,441.76,2012.9,214.5,14843.5400
59880,59940,441.09,2010.8,211.1,14884.6338
59940,60000,440.73,2010.6,203.2,14661.4082
60000,60060,441.10,2011.5,221.0,15185.2432
60060,60120,438.11,2004.6,194.7,13769.2939
60120,60180,438.85,2004.9,186.6,13503.4395
60180,60240,438.26,2004.3,183.1,13647.7139
60240,60300,438.53,2004.8,183.2,13667.3936
60300,60360,438.43,2004.8,181.3,13664.3887
60360,60420,438.05,2003.6,175.8,13689.7334
60420,60480,437.84,2004.5,174.4,13818.2568
60480,60540,436.97,2002.9,167.9,13629.4570
60540,60600,436.40,2001.8,165.1,13514.7793
60600,60660,436.17,2001.1,172.7,13492.0625
60660,60720,435.16,1999.1,157.3,13376.6172
60720,60780,434.68,1998.0,154.1,13362.6895
60780,60840,434.92,1997.3,153.4,13471.4004
60840,60900,433.70,1998.2,153.5,13944.3955
60900,60960,434.78,2010.8,166.7,14355.0225
60960,61020,437.80,2061.0,206.5,14770.2734
61020,61080,438.69,2081.5,211.7,14543.6973
61080,61140,438.99,2079.4,208.8,14624.6807
61140,61200,438.40,2059.6,200.3,15007.4717
61200,61260,439.35,2121.5,201.1,14667.7119
61260,61320,439.26,2169.3,204.7,15114.0283
61320,61380,441.95,2416.4,211.2,14460.5283
61380,61440,442.58,2538.1,213.6,14268.6895
61440,61500,443.28,2573.8,218.9,14160.6621
61500,61560,442.93,2579.3,219.6,14731.7256
61560,61620,443.29,2527.3,222.6,14540.7021
61620,61680,442.86,2483.3,217.4,14211.2012
61680,61740,442.23,2464.6,214.7,14456.2334
61740,61800,442.24,2492.9,215.5,14507.3643
61800,61860,442.48,2481.6,216.6,14312.5840
61860,61920,442.86,2501.0,211.2,14096.8057
61920,61980,441.71,2489.7,211.8,14897.9912
61980,62040,443.02,2468.3,217.9,14215.8232
62040,62100,443.07,2477.2,216.3,13973.5156
62100,62160,444.44,2459.4,218.2,14212.2822
62160,62220,443.80,2449.3,215.0,14008.5889
62220,62280,442.58,2446.7,218.9,14433.4268
62280,62340,442.43,2382.1,216.1,14478.3604
62340,62400,442.08,2409.1,219.5,15154.2852
62400,62460,442.98,2342.6,226.1,14672.4756
62460,62520,442.11,2243.1,214.0,14651.6689
62520,62580,442.85,2266.2,213.8,14256.4658
62580,62640,441.94,2276.5,221.6,15140.4785
62640,62700,444.95,2268.4,228.1,16138.0000
62700,62760,442.79,2356.6,221.5,14802.0371
62760,62820,442.97,2353.2,224.5,14674.7773
62820,62880,443.12,2348.2,223.8,14315.4180
62880,62940,442.22,2327.5,221.2,14918.7373
62940,63000,443.42,2224.5,216.8,14665.2842
63000,63060,442.68,2174.2,218.9,15157.0488
63060,63120,442.86,2157.7,218.4,15106.6709
63120,63180,443.68,2114.9,215.9,14338.5332
63180,63240,443.39,2114.8,216.2,14392.9609
63240,63300,443.91,2110.8,222.0,14474.1299
63300,63360,445.84,2106.8,219.5,15207.6787
63360,63420,442.25,2112.9,204.8,14284.2900
63420,63480,440.23,2106.8,208.8,15626.8066
63480,63540,441.69,2090.1,206.3,14392.9160
63540,63600,441.70,2084.8,203.7,14222.0566
63600,63660,442.20,2072.2,212.3,14810.3818
63660,63720,443.51,2073.7,245.1,15204.3770
63720,63780,444.60,2076.2,243.6,14603.3027
63780,63840,443.71,2074.6,211.9,14875.2822
63840,63900,445.76,2056.6,218.3,14566.7432
63900,63960,442.08,2067.8,203.9,14252.0176
63960,64020,441.68,2065.7,203.9,14211.7646
64020,64080,441.36,2063.0,206.1,14607.8906
64080,64140,442.17,2057.3,205.5,14166.6035
64140,64200,441.60,2057.4,205.1,14400.3906
64200,64260,441.28,2052.1,205.8,14745.7715
64260,64320,441.69,2050.4,205.0,14253.6357
64320,64380,441.52,2043.8,205.6,14442.0664
64380,64440,441.77,2047.1,204.4,14171.6572
64440,64500,441.48,2051.3,206.6,14512.6172
64500,64560,441.77,2060.9,207.3,14325.2930
64560,64620,441.63,2057.8,207.6,14249.8662
64620,64680,441.52,2051.0,205.8,14247.4482
64680,64740,440.25,2041.6,204.7,15167.4668
64740,64800,439.30,2040.4,204.3,15959.5850
64800,64860,443.62,2030.5,212.8,15657.7568
64860,64920,443.30,2020.6,206.6,15719.8867
64920,64980,440.59,2019.5,211.7,15368.6738
64980,65040,441.16,2020.9,202.3,14394.4922
65040,65100,441.66,2037.3,219.8,15013.5605
65100,65160,442.29,2039.4,218.9,14663.9082
65160,65220,441.68,2037.4,210.8,14688.6855
65220,65280,441.19,2029.5,209.0,15162.3271
65280,65340,440.72,2036.3,212.6,15461.1367
65340,65400,440.30,2051.3,218.3,14876.2861
65400,65460,439.73,2060.3,219.8,14814.7383
65460,65520,439.15,2061.2,221.7,15421.7012
65520,65580,438.84,2063.7,221.0,15003.9238
65580,65640,438.90,2066.1,220.6,15254.2832
65640,65700,438.78,2065.2,221.6,15152.4922
65700,65760,438.49,2064.2,236.6,15028.1221
65760,65820,438.84,2061.8,235.2,15459.7383
65820,65880,439.11,2055.7,217.0,14721.0762
65880,65940,439.36,2055.5,216.3,14672.3350
65940,66000,439.04,2056.3,217.4,15094.6035
66000,66060,438.93,2059.1,217.2,14491.8721
66060,66120,438.96,2062.5,212.5,14117.6533
66120,66180,438.42,2062.1,213.4,14528.1006
66180,66240,438.93,2059.3,215.2,14542.8203
66240,66300,438.30,2058.0,212.7,15094.9795
66300,66360,437.10,2059.7,214.7,15603.1719
66360,66420,438.12,2059.2,215.9,15188.0898
66420,66480,437.99,2058.8,205.1,14377.3750
66480,66540,437.88,2060.5,202.5,14275.1396
66540,66600,437.46,2065.3,213.7,14670.5391
66600,66660,437.19,2066.5,233.4,14949.2871
66660,66720,437.10,2063.1,225.2,15162.5107
66720,66780,437.13,2059.4,204.2,14560.5771
66780,66840,436.92,2058.4,204.7,14752.2754
66840,66900,437.37,2057.9,217.5,14826.6104
66900,66960,437.22,2058.2,209.0,14486.4199
66960,67020,437.00,2056.0,207.9,14679.5605
67020,67080,436.70,2055.9,211.4,14910.1309
67080,67140,436.10,2056.0,209.7,15154.5898
67140,67200,436.85,2054.5,214.9,15206.4590
67200,67260,436.67,2049.7,208.3,14533.7295
67260,67320,436.40,2051.2,208.0,14845.3662
67320,67380,435.73,2052.3,204.4,15386.0645
67380,67440,436.28,2051.9,199.8,14983.0176
67440,67500,435.96,2051.3,202.4,15291.1621
