CampaignData_and_Merges/R0/CSL_MobileLab_Parked/raw/20240807/USOS-NOy-LIF_MobileLabGround_20240807_R0.ict
39,1001
Rollins, A.; Waxman, E.; Zuraski, K.; Chace, W.
NOAA Chemical Sciences Laboratory
LIF NO/NOx/NOy on CSL Mobile Lab
AMMBEC / USOS
1, 1
2024,08,07, 2025,01,04
1
Time_Start, seconds, number_of_seconds_since_0000_UTC
7
1, 1, 1, 1, 1, 1, 1
-9999, -9999, -9999, -9999, -9999, -9999, -9999
Time_Stop, seconds, number_of_seconds_since_0000_UTC
NO_LIF, pptv, Gas_NO_InSitu_S_AVMR, volume mixing ratio of nitric oxide in air
NO2_LIF, pptv, Gas_NO2_InSitu_S_AVMR, volume mixing ratio of nitrogen dioxide in air
NOy_LIF, pptv, Gas_NOy_InSitu_S_AVMR, volume mixing ratio of total oxidized nitrogen in air
NO_LIF_1SigmaAccuracy, pptv, Gas_NO_InSitu_S_AVMR, volume mixing ratio of nitric oxide in air
NO2_LIF_1SigmaAccuracy, pptv, Gas_NO2_InSitu_S_AVMR, volume mixing ratio of nitrogen dioxide in air
NOy_LIF_1SigmaAccuracy, pptv, Gas_NOy_InSitu_S_AVMR, volume mixing ratio of total oxidized nitrogen in air
0
18
PI_CONTACT_INFO: andrew.rollins@noaa.gov
PLATFORM: CSL Mobile Lab
LOCATION: Salt Lake City, UT
ASSOCIATED_DATA:
INSTRUMENT_INFO: NO detection by laser induced fluorescence. NO2 detection by photolytic conversion to NO. NOy detection by catalytic conversion to NO on gold surface
DATA_INFO:
UNCERTAINTY: Included 1 Sigma Accuracy waves represent the combined calibration uncertainties (±6%, ±9%, ±10%) and zero uncertainties (3 ppt, 20 ppt, 100 ppt) for NO, NO2, and NOy, respectively.
ULOD_FLAG: -7777
ULOD_VALUE: N/A
LLOD_FLAG: -8888
LLOD_VALUE: N/A
DM_CONTACT_INFO: andrew.rollins@noaa.gov
PROJECT_INFO: USOS Project, July - August 2024
STIPULATIONS_ON_USE: Users are strongly encouraged to contact the PI for proper data usage.
OTHER_COMMENTS:
REVISION: R0
R0: final data
Time_Start, Time_Stop, NO_LIF, NO2_LIF, NOy_LIF, NO_LIF_1SigmaAccuracy, NO2_LIF_1SigmaAccuracy, NOy_LIF_1SigmaAccuracy
[from data line 527]
   31620,   31680,25.869,5599,7106,4.5521, 523.91, 810.6
   31680,   31740,39.834,5451.7,6708.2,5.39, 510.65, 770.82
   31740,   31800,34.513,5625.9,6732.8,5.0708, 526.33, 773.28
   31800,   31860,17.275,5213.3,6471.9,4.0365, 489.2, 747.19
   31860,   31920,13.324,4931,6169,3.7994, 463.79, 716.9
   31920,   31980,14.012,4590.9,5945.3,3.8407, 433.18, 694.53
   31980,   32040,7.9183,4078.5,5472.9,3.4751, 387.07, 647.29
   32040,   32100,8.135,3923.3,4910.6,3.4881, 373.1, 591.06
   32100,   32160,9.1105,3838.5,5093.1,3.5466, 365.46, 609.31
   32160,   32220,10.812,3537.8,4774.8,3.6487, 338.4, 577.48
   32220,   32280,25.115,3552.6,4496.3,4.5069, 339.74, 549.63
   32280,   32340,9.9265,3462.8,4402.2,3.5956, 331.65, 540.22
   32340,   32400,8.4828,3288.2,4319.5,3.509, 315.94, 531.95
   32400,   32460,7.1901,3227.3,4176.7,3.4314, 310.46, 517.67
   32460,   32520,14.173,3177.2,4068.6,3.8504, 305.95, 506.86
   32520,   32580,10.523,3169.4,4034.3,3.6314, 305.24, 503.43
   32580,   32640,10.226,2989.4,3968.8,3.6135, 289.05, 496.88
   32640,   32700,12.398,3118,4026.2,3.7439, 300.62, 502.62
   32700,   32760,18.702,3068.1,3986.2,4.1221, 296.13, 498.62
   32760,   32820,33.357,3011.8,3913.1,5.0014, 291.06, 491.31
   32820,   32880,53.542,3147.8,3994.1,6.2125, 303.3, 499.41
   32880,   32940,169.01,4259.3,4578.8,13.14, 403.34, 557.88
   32940,   33000,98.354,3487.2,4721.6,8.9012, 333.85, 572.16
   33000,   33060,48.225,3454.1,4162.4,5.8935, 330.87, 516.24
   33060,   33120,28.897,3504.9,4421,4.7338, 335.44, 542.1
   33120,   33180,74.442,3544.1,4632.6,7.4665, 338.96, 563.26
   33180,   33240,160.31,4635.9,6050.8,12.618, 437.23, 705.08
   33240,   33300,-9999,-9999,-9999,-9999, -9999, -9999
   33300,   33360,-9999,-9999,-9999,-9999, -9999, -9999
   33360,   33420,-9999,-9999,-9999,-9999, -9999, -9999
   33420,   33480,-9999,-9999,-9999,-9999, -9999, -9999
   33480,   33540,-9999,-9999,-9999,-9999, -9999, -9999
   33540,   33600,-9999,-9999,-9999,-9999, -9999, -9999
   33600,   33660,-9999,-9999,-9999,-9999, -9999, -9999
   33660,   33720,14.185,2889.1,3920.8,3.8511, 280.02, 492.08
   33720,   33780,15.88,2916.2,4138.1,3.9528, 282.46, 513.81
   33780,   33840,8.041,2804.2,3929.1,3.4825, 272.38, 492.91
   33840,   33900,7.1175,2734.8,3704.1,3.4271, 266.13, 470.41
   33900,   33960,20.162,3006.4,3766.5,4.2097, 290.57, 476.65
   33960,   34020,36.065,3504.5,4749.1,5.1639, 335.41, 574.91
   34020,   34080,15.135,3421.1,4346.1,3.9081, 327.9, 534.61
   34080,   34140,13.671,3660.2,4621.5,3.8203, 349.42, 562.15
   34140,   34200,8.6387,3695,4699.6,3.5183, 352.55, 569.96
   34200,   34260,14.417,3630.6,4633.8,3.865, 346.76, 563.38
   34260,   34320,21.233,3550.4,4542.5,4.274, 339.54, 554.25
   34320,   34380,22.596,3544.3,4579.2,4.3558, 338.98, 557.92
   34380,   34440,14.754,3416.4,4447.5,3.8853, 327.48, 544.75
   34440,   34500,9.3421,3385.4,4371.9,3.5605, 324.68, 537.19
   34500,   34560,8.9015,3489.8,4309.3,3.5341, 334.08, 530.93
   34560,   34620,13.537,3727.4,4405.2,3.8122, 355.47, 540.52
   34620,   34680,182.49,4230.2,4482.2,13.95, 400.72, 548.22
   34680,   34740,218.74,4463.7,5608.5,16.124, 421.73, 660.85
   34740,   34800,22.001,3102.9,5384.1,4.3201, 299.26, 638.41
   34800,   34860,5.0893,2703.5,4929.6,3.3054, 263.32, 592.96
   34860,   34920,3.8683,2537.3,4545.3,3.2321, 248.36, 554.53
   34920,   34980,3.639,2310.5,3495.9,3.2183, 227.94, 449.59
   34980,   35040,4.4735,2385.4,3411.9,3.2684, 234.68, 441.19
   35040,   35100,6.3976,2446.4,3170.3,3.3839, 240.17, 417.03
   35100,   35160,19.808,2756.8,3584.7,4.1885, 268.11, 458.47
   35160,   35220,29.557,3271.7,4177.7,4.7734, 314.45, 517.77
   35220,   35280,23.757,3754.4,4628.7,4.4254, 357.89, 562.87
   35280,   35340,16.89,3804.3,4827.7,4.0134, 362.38, 582.77
   35340,   35400,22.926,4186.9,5184.1,4.3756, 396.82, 618.41
   35400,   35460,10.396,3891,5306.9,3.6237, 370.19, 630.69
   35460,   35520,18.115,3857,5190.3,4.0869, 367.13, 619.03
   35520,   35580,25.139,4080,5139.9,4.5084, 387.2, 613.99
   35580,   35640,14.345,3622.7,4992,3.8607, 346.04, 599.2
   35640,   35700,15.28,3499.1,4735.6,3.9168, 334.92, 573.56
   35700,   35760,277.59,4468.7,4835.4,19.655, 422.18, 583.54
   35760,   35820,1156.4,8281.3,5545.9,72.383, 765.32, 654.59
   35820,   35880,58.553,4189.3,5005.7,6.5132, 397.03, 600.57
   35880,   35940,31.067,4237.2,5192.4,4.864, 401.35, 619.24
   35940,   36000,9.4226,3819.7,4777.7,3.5654, 363.78, 577.77
   36000,   36060,10.881,3716.7,4750.1,3.6529, 354.51, 575.01
   36060,   36120,13.546,3942.3,4958.1,3.8127, 374.8, 595.81
   36120,   36180,23.431,4083.7,5372.7,4.4059, 387.53, 637.27
   36180,   36240,18.426,4190.9,5634.4,4.1056, 397.18, 663.44
   36240,   36300,17.582,4633.7,5546.4,4.0549, 437.03, 654.64
   36300,   36360,49.633,10472,6992.5,5.978, 962.45, 799.25
   36360,   36420,80.182,11317,8179,7.8109, 1038.5, 917.9
   36420,   36480,38.639,8006.8,8381.5,5.3184, 740.61, 938.15
   36480,   36540,19.315,8917.5,9502.5,4.1589, 822.57, 1050.3
   36540,   36600,24.589,11702,10537,4.4753, 1073.2, 1153.7
   36600,   36660,28.079,10378,11010,4.6848, 954.05, 1201
   36660,   36720,22.311,9733,10972,4.3386, 895.97, 1197.2
   36720,   36780,21.493,8941.2,10643,4.2896, 824.71, 1164.3
   36780,   36840,16.063,7964.5,10496,3.9638, 736.81, 1149.6
   36840,   36900,13.463,7396,9809.9,3.8078, 685.64, 1081
   36900,   36960,8.7558,5878.6,9358.7,3.5253, 549.08, 1035.9
   36960,   37020,11.71,5369.9,8942.1,3.7026, 503.29, 994.21
   37020,   37080,20.837,5505.9,8640.8,4.2502, 515.53, 964.08
   37080,   37140,525.44,7197.6,7601.8,34.526, 667.79, 860.18
   37140,   37200,76.814,6574.6,9009,7.6088, 611.71, 1000.9
   37200,   37260,56.475,6031.9,8392.4,6.3885, 562.87, 939.24
   37260,   37320,21.897,5572,8273.7,4.3138, 521.48, 927.37
   37320,   37380,21.276,5239,7213.7,4.2765, 491.51, 821.37
   37380,   37440,185.34,5793.2,7063.4,14.121, 541.39, 806.34
   37440,   37500,153.58,5650.1,7258.6,12.215, 528.51, 825.86
   37500,   37560,76.709,3820.4,6914.9,7.6026, 363.83, 791.49
   37560,   37620,9.3759,3146,4961.9,3.5626, 303.14, 596.19
   37620,   37680,8.0533,2960,4270.6,3.4832, 286.4, 527.06
   37680,   37740,7.8692,3049.8,4029.1,3.4721, 294.48, 502.91
   37740,   37800,14.431,2928.7,4106.8,3.8659, 283.58, 510.68
   37800,   37860,23.975,3279,4364.1,4.4385, 315.11, 536.41
   37860,   37920,22.32,3286.6,4917.2,4.3392, 315.8, 591.72
   37920,   37980,17.45,2822.6,4294.4,4.047, 274.03, 529.44
   37980,   38040,30.221,3396.9,4402.5,4.8133, 325.72, 540.25
   38040,   38100,16.061,3209.2,3993.2,3.9636, 308.83, 499.32
   38100,   38160,9.8748,2943.4,4080.2,3.5925, 284.9, 508.02
   38160,   38220,8.2551,3407.6,4551.6,3.4953, 326.68, 555.16
   38220,   38280,6.6276,3277.1,4664.3,3.3977, 314.94, 566.43
   38280,   38340,11.955,4211.4,5428,3.7173, 399.03, 642.8
   38340,   38400,18.903,4183.7,5363.1,4.1342, 396.53, 636.31
   38400,   38460,13.22,3944.8,5039.5,3.7932, 375.03, 603.95
   38460,   38520,8.2662,3837.8,4915.2,3.496, 365.4, 591.52
   38520,   38580,9.5712,3713.5,4813.9,3.5743, 354.21, 581.39
   38580,   38640,13.809,3736.1,4845,3.8286, 356.25, 584.5
   38640,   38700,15.28,3627.3,4836.6,3.9168, 346.45, 583.66
   38700,   38760,24.386,3885.2,5031.2,4.4632, 369.67, 603.12
   38760,   38820,29.451,3880.8,5111.8,4.7671, 369.27, 611.18
   38820,   38880,13.705,3532.7,4715.2,3.8223, 337.94, 571.52
   38880,   38940,7.9982,3574.4,4609,3.4799, 341.7, 560.9
   38940,   39000,7.1634,3877.1,4930.8,3.4298, 368.94, 593.08
   39000,   39060,8.8552,3743.7,4966.6,3.5313, 356.93, 596.66
   39060,   39120,7.4148,3746.1,5158.9,3.4449, 357.15, 615.89
   39120,   39180,415.91,5259.9,5650.3,27.955, 493.39, 665.03
   39180,   39240,762.73,5860.6,7682.4,48.764, 547.45, 868.24
   39240,   39300,281.18,6999.7,6133.5,19.871, 649.97, 713.35
   39300,   39360,129.12,6780.9,7553,10.747, 630.28, 855.3
   39360,   39420,58.787,5991.8,7293.3,6.5272, 559.26, 829.33
   39420,   39480,32.189,5652.6,7058.8,4.9313, 528.73, 805.88
   39480,   39540,96.161,4951.1,6442.1,8.7697, 465.6, 744.21
   39540,   39600,84.113,5220.7,6415.7,8.0468, 489.86, 741.57
   39600,   39660,27.794,5059.6,6257.6,4.6677, 475.36, 725.76
   39660,   39720,21.415,5333.7,6783,4.2849, 500.03, 778.3
   39720,   39780,10.291,5110,6809.5,3.6175, 479.9, 780.95
   39780,   39840,9.6656,4737.8,6113.1,3.5799, 446.4, 711.31
   39840,   39900,11.492,5521.9,6355.7,3.6895, 516.97, 735.57
   39900,   39960,10.827,5557.5,6506.3,3.6496, 520.18, 750.63
   39960,   40020,16.737,5447.2,6514.4,4.0042, 510.25, 751.44
   40020,   40080,27.063,5273.6,6464,4.6238, 494.62, 746.4
   40080,   40140,57.657,5354.1,6384.3,6.4594, 501.87, 738.43
   40140,   40200,60.732,5591.8,6714,6.6439, 523.26, 771.4
   40200,   40260,20.365,4710.6,6212.9,4.2219, 443.96, 721.29
   40260,   40320,19966,18350,18016,1201, 1671.5, 1901.6
   40320,   40380,3533.7,9856.1,23514,215.02, 907.05, 2451.4
   40380,   40440,845.75,6864.7,8233.3,53.745, 637.82, 923.33
   40440,   40500,386.03,6877.1,8747.4,26.162, 638.94, 974.74
   40500,   40560,193.62,6718.6,8298.8,14.617, 624.67, 929.88
   40560,   40620,49.022,5662.2,7420.2,5.9413, 529.6, 842.02
   40620,   40680,424.72,6911.6,8041.8,28.483, 642.04, 904.18
   40680,   40740,106.22,5919.3,8604.6,9.3731, 552.74, 960.46
   40740,   40800,45.589,5494.7,7476.2,5.7353, 514.52, 847.62
   40800,   40860,36.337,5344.2,6981.5,5.1802, 500.98, 798.15
   40860,   40920,25.15,4992.6,6435.9,4.509, 469.33, 743.59
   40920,   40980,57.561,5418,6796.2,6.4537, 507.62, 779.62
   40980,   41040,59.462,6187.8,8094.8,6.5677, 576.9, 909.48
   41040,   41100,35.413,6350.2,9068.5,5.1248, 591.52, 1006.9
   41100,   41160,38.004,7123.4,8752.7,5.2802, 661.1, 975.27
   41160,   41220,490.5,7058.6,9154.3,32.43, 655.27, 1015.4
   41220,   41280,-9999,-9999,-9999,-9999, -9999, -9999
   41280,   41340,-9999,-9999,-9999,-9999, -9999, -9999
   41340,   41400,-9999,-9999,-9999,-9999, -9999, -9999
   41400,   41460,-9999,-9999,-9999,-9999, -9999, -9999
   41460,   41520,-9999,-9999,-9999,-9999, -9999, -9999
   41520,   41580,-9999,-9999,-9999,-9999, -9999, -9999
   41580,   41640,-9999,-9999,-9999,-9999, -9999, -9999
   41640,   41700,49.427,8132.9,10509,5.9656, 751.97, 1150.9
   41700,   41760,403.68,10528,9520.2,27.221, 967.51, 1052
   41760,   41820,84.725,5918.8,9383.4,8.0835, 552.69, 1038.3
   41820,   41880,127.81,5722.5,9379.8,10.669, 535.03, 1038
   41880,   41940,47.915,4557.9,7992.9,5.8749, 430.22, 899.29
   41940,   42000,158.3,4791.7,6319.4,12.498, 451.25, 731.94
   42000,   42060,111.92,5601.6,6580.8,9.715, 524.14, 758.08
   42060,   42120,562.83,7340.6,7534.3,36.77, 680.65, 853.43
   42120,   42180,111.24,5073.6,8199.4,9.6744, 476.62, 919.94
   42180,   42240,92.985,4887.3,7421.4,8.5791, 459.86, 842.14
   42240,   42300,79.916,5166.8,7271.7,7.795, 485.01, 827.17
   42300,   42360,64.926,5076.8,7266.8,6.8955, 476.91, 826.68
   42360,   42420,274.34,5297.9,7091.2,19.46, 496.82, 809.12
   42420,   42480,301.64,5831,7361.3,21.098, 544.79, 836.13
   42480,   42540,112.31,5490,7115.5,9.7388, 514.1, 811.55
   42540,   42600,37.225,5397.2,6693.5,5.2335, 505.75, 769.35
   42600,   42660,24.668,4816.6,5790,4.4801, 453.49, 679
   42660,   42720,42.585,5705.1,7264.7,5.5551, 533.46, 826.47
   42720,   42780,105,6526.7,7084.1,9.2997, 607.4, 808.41
   42780,   42840,43.584,6176.7,7227.6,5.615, 575.9, 822.76
   42840,   42900,101.67,6694.4,7474.9,9.0999, 622.5, 847.49
   42900,   42960,274.69,8114.8,8385.8,19.481, 750.33, 938.58
   42960,   43020,764.52,11235,9600.8,48.871, 1031.2, 1060.1
   43020,   43080,1116.3,11505,10846,69.979, 1055.5, 1184.6
   43080,   43140,3493,17772,12644,212.58, 1619.5, 1364.4
   43140,   43200,966.99,11584,13686,61.02, 1062.5, 1468.6
   43200,   43260,394.49,9106.4,15548,26.67, 839.58, 1654.8
   43260,   43320,159.22,7420,10911,12.553, 687.8, 1191.1
   43320,   43380,1487.6,9610.2,11267,92.257, 884.92, 1226.7
   43380,   43440,1022,9673.5,11870,64.321, 890.61, 1287
   43440,   43500,694.21,9241.2,10882,44.653, 851.71, 1188.2
   43500,   43560,2437.7,15205,13665,149.26, 1388.4, 1466.5
   43560,   43620,2482.3,13311,13736,151.94, 1217.9, 1473.6
   43620,   43680,3468.8,15927,16556,211.13, 1453.5, 1755.6
   43680,   43740,973.49,10391,16170,61.409, 955.15, 1717
   43740,   43800,358.38,8242.3,12626,24.503, 761.81, 1362.6
   43800,   43860,157.58,7317,10928,12.455, 678.53, 1192.8
   43860,   43920,41.095,6143,8310.1,5.4657, 572.87, 931.01
   43920,   43980,64.489,6443,7971.7,6.8694, 599.87, 897.17
   43980,   44040,106.71,6490.8,8002.6,9.4026, 604.17, 900.26
   44040,   44100,153.65,6267.6,8027.4,12.219, 584.08, 902.74
   44100,   44160,463.17,7411.6,8413.7,30.79, 687.04, 941.37
   44160,   44220,243.48,8489.7,8851.8,17.609, 784.08, 985.18
   44220,   44280,305.09,11985,11331,21.306, 1098.6, 1233.1
   44280,   44340,231.89,11241,11624,16.913, 1031.7, 1262.4
   44340,   44400,366.11,10690,11762,24.966, 982.08, 1276.2
   44400,   44460,156.97,10654,11820,12.418, 978.87, 1282
   44460,   44520,616.78,11180,11491,40.007, 1026.2, 1249.1
   44520,   44580,651.89,11682,12787,42.114, 1071.4, 1378.7
   44580,   44640,359.14,10167,13086,24.548, 935.01, 1408.6
   44640,   44700,1348.3,11902,12131,83.898, 1091.2, 1313.1
   44700,   44760,2290.5,15886,16548,140.43, 1449.7, 1754.8
   44760,   44820,1142.1,12387,16378,71.528, 1134.8, 1737.8
   44820,   44880,742.16,12088,15132,47.53, 1107.9, 1613.2
   44880,   44940,294.18,11513,13935,20.651, 1056.2, 1493.5
   44940,   45000,267.21,10885,12768,19.032, 999.62, 1376.8
   45000,   45060,262.41,9261.5,11777,18.745, 853.54, 1277.7
   45060,   45120,1484.8,10410,12653,92.091, 956.87, 1365.3
   45120,   45180,425.97,8403.5,11475,28.558, 776.32, 1247.5
   45180,   45240,323.12,8705,10432,22.387, 803.45, 1143.2
   45240,   45300,201.44,7306,9691.7,15.087, 677.54, 1069.2
   45300,   45360,467.44,7272,8910,31.047, 674.48, 991
   45360,   45420,303.66,6794.3,8947.2,21.22, 631.49, 994.72
   45420,   45480,314.89,6486.2,8374.7,21.893, 603.76, 937.47
   45480,   45540,549.6,7267.4,8393,35.976, 674.07, 939.3
   45540,   45600,745.36,8312.9,9405.1,47.721, 768.16, 1040.5
   45600,   45660,730.7,9070.5,10263,46.842, 836.35, 1126.3
   45660,   45720,567.78,8987.2,10555,37.067, 828.85, 1155.5
   45720,   45780,315.26,8676.4,10698,21.915, 800.88, 1169.8
   45780,   45840,195.33,8146.1,10403,14.72, 753.15, 1140.3
   45840,   45900,185.59,8275.1,10129,14.135, 764.76, 1112.9
   45900,   45960,195.4,8447.4,9776.5,14.724, 780.26, 1077.6
   45960,   46020,199.87,8678.7,10427,14.992, 801.08, 1142.7
   46020,   46080,186.41,8393.8,10698,14.184, 775.44, 1169.8
   46080,   46140,168.1,8198,9775.6,13.086, 757.82, 1077.6
   46140,   46200,432.84,9277.2,9521,28.97, 854.95, 1052.1
   46200,   46260,856.41,9032.7,10106,54.385, 832.94, 1110.6
   46260,   46320,3863.9,10894,11594,234.84, 1000.4, 1259.4
   46320,   46380,4476.7,11652,15601,271.6, 1068.7, 1660.1
   46380,   46440,1012,8620.2,12522,63.718, 795.82, 1352.2
   46440,   46500,1432.8,10966,12565,88.969, 1006.9, 1356.5
   46500,   46560,427.59,7382.9,10846,28.656, 684.46, 1184.6
   46560,   46620,390.65,7611.6,10972,26.439, 705.05, 1197.2
   46620,   46680,396.9,7339.3,10411,26.814, 680.54, 1141.1
   46680,   46740,555.76,7581.2,9683.6,36.346, 702.31, 1068.4
   46740,   46800,1193.7,7912.7,11636,74.624, 732.14, 1263.6
   46800,   46860,2691.5,10765,16051,164.49, 988.86, 1705.1
   46860,   46920,2094.5,10946,14702,128.67, 1005.1, 1570.2
   46920,   46980,2135.9,10830,15306,131.15, 994.72, 1630.6
   46980,   47040,3190.1,9879.5,13692,194.4, 909.16, 1469.2
   47040,   47100,2989.5,11054,16411,182.37, 1014.9, 1741.1
   47100,   47160,3063.2,12316,18059,186.79, 1128.5, 1905.9
   47160,   47220,2619.2,9902.9,16438,160.15, 911.26, 1743.8
   47220,   47280,6854.9,16786,23485,414.29, 1530.7, 2448.5
   47280,   47340,1895,9287.2,19614,116.7, 855.85, 2061.4
   47340,   47400,749.98,6603.1,10206,47.999, 614.28, 1120.6
   47400,   47460,656.19,6903.7,10476,42.371, 641.34, 1147.6
