CampaignData_and_Merges/R0/CSL_MobileLab_Parked/raw/20240807/USOS-NOAAIodideCIMS-Halogens_MobileLabGround_20240807_RA.ict
38, 1001
Michael A Robinson, Chris Jernigan, Subi Thakali
NOAA ESRL Chemical Sciences Laboratory and CIRES, U. of Colorado
NOAA Iodide CIMS Instrument
USOS
1, 1
2024, 08, 07, 2024, 08, 08
1
starttime_UTC, seconds_past_midnight, seconds_of_day_since_00:00:00_UTC
6
1, 1, 1, 1, 1, 1
-9999, -9999, -9999, -9999, -9999, -9999
Br2_NOAACIMS, pptv, Gas_Br2_InSitu_S_AVMR, 
BrO_NOAACIMS, pptv, Gas_BrO_InSitu_S_AVMR, 
Cl2_NOAACIMS, pptv, Gas_Cl2_InSitu_S_AVMR, 
ClNO2_NOAACIMS, pptv, Gas_ClNO2_InSitu_S_AVMR, 
BrCl_NOAACIMS, pptv, Gas_BrCl_InSitu_S_AVMR, 
NCl3_NOAACIMS, pptv, Gas_NCl3_InSitu_S_AVMR, 
0
18
PI_CONTACT_INFO: 325 Broadway, R/CSD 7, Boulder, Colorado 80305; michael.a.robinson@noaa.gov; chris.jernigan@noaa.gov;
PLATFORM: NOAA CSL Mobile Lab
LOCATION: SLC, Utah
ASSOCIATED_DATA: 1Hz data also available on request.
INSTRUMENT_INFO: NOAA I- ToF CIMS
DATA_INFO: All data in parts per trillion by volume (pptv). 1 Hz data is available upon request.
UNCERTAINTY: TBD
ULOD_FLAG: -7777
ULOD_VALUE: N/A
LLOD_FLAG: -8888
LLOD_VALUE: N/A
DM_CONTACT_INFO: Nathan Howard; nathan.h.howard@noaa.gov
PROJECT_INFO: USOS, summer 2024. https://csl.noaa.gov/groups/csl7/measurements/2024usos/
STIPULATIONS_ON_USE: Users are strongly encouraged to contact the PI for proper data usage.
OTHER_COMMENTS: 
REVISION: RA
RA: Preliminary Data; For in-field use only
starttime_UTC, Br2_NOAACIMS, BrO_NOAACIMS, Cl2_NOAACIMS, ClNO2_NOAACIMS, BrCl_NOAACIMS, NCl3_NOAACIMS
[from data line 560]
 33600,  1.059,  0.093,  1.152,  0.478,  0.459,  7.790
 33660,  0.985,  0.103,  1.143,  0.553,  0.418,  7.371
 33720,  0.946,  0.080,  1.080,  0.567,  0.380,  7.376
 33780,  0.886,  0.073,  1.242,  0.567,  0.367,  7.648
 33840,  0.917,  0.058,  1.199,  0.543,  0.398,  7.664
 33900,  0.892,  0.065,  1.217,  0.617,  0.528,  8.329
 33960,  0.965,  0.051,  1.247,  0.672,  0.396,  8.348
 34020,  0.964,  0.077,  1.265,  0.626,  0.411,  8.718
 34080,  0.878,  0.143,  1.367,  0.761,  0.619, 11.386
 34140,  0.862,  0.055,  1.495,  0.845,  0.538, 11.654
 34200,  0.886,  0.062,  1.277,  0.686,  0.444, 10.256
 34260,  0.879,  0.147,  1.314,  0.722,  0.448,  9.526
 34320,  0.820,  0.154,  1.224,  0.719,  0.411,  9.081
 34380,  0.826,  0.157,  1.259,  0.769,  0.422,  9.519
 34440,  0.730,  0.139,  1.275,  0.582,  0.406,  8.622
 34500, -9999.000, -9999.000, -9999.000, -9999.000, -9999.000, -9999.000
 34560,  0.814,  0.039,  1.165,  0.625,  0.329,  7.493
 34620,  0.793,  0.137,  1.071,  0.621,  0.368,  7.283
 34680,  0.844,  0.035,  1.124,  0.601,  0.351,  7.846
 34740,  0.860,  0.099,  1.182,  0.552,  0.369,  7.413
 34800,  0.942,  0.075,  1.102,  0.516,  0.426,  7.448
 34860,  0.796,  0.140,  1.144,  0.545,  0.410,  7.815
 34920,  0.830,  0.122,  1.180,  0.590,  0.432,  7.729
 34980,  0.866,  0.065,  1.041,  0.576,  0.398,  7.777
 35040,  0.927,  0.088,  1.087,  0.585,  0.403,  7.870
 35100,  0.854,  0.111,  1.240,  0.579,  0.431,  8.870
 35160,  0.887,  0.140,  1.316,  0.804,  0.559, 13.512
 35220,  0.918,  0.078,  1.364,  0.849,  0.447, 11.085
 35280,  0.856,  0.147,  1.194,  0.912,  0.447, 10.400
 35340,  0.873,  0.096,  1.249,  0.809,  0.389, 10.197
 35400,  0.899,  0.048,  1.272,  0.827,  0.424, 11.611
 35460,  0.917,  0.043,  1.221,  0.895,  0.442, 11.151
 35520,  0.875,  0.132,  1.196,  0.863,  0.405, 10.841
 35580,  0.765,  0.118,  1.289,  0.745,  0.469, 10.312
 35640,  0.819,  0.096,  1.175,  0.742,  0.411,  9.803
 35700,  0.877,  0.044,  1.188,  0.704,  0.437,  9.528
 35760,  0.911,  0.147,  1.140,  0.711,  0.452,  9.399
 35820,  0.825,  0.087,  1.194,  0.791,  0.388,  9.864
 35880,  0.926,  0.065,  1.183,  0.808,  0.416,  9.318
 35940,  0.945,  0.150,  1.144,  0.857,  0.383,  9.794
 36000,  0.823,  0.083,  1.210,  0.850,  0.375,  9.690
 36060,  0.910,  0.120,  1.116,  0.794,  0.409,  9.978
 36120,  0.980,  0.029,  1.207,  0.755,  0.450,  8.703
 36180,  0.938,  0.107,  1.181,  0.796,  0.429,  8.455
 36240,  0.854,  0.118,  1.233,  0.803,  0.453,  8.744
 36300,  1.002,  0.140,  1.099,  0.866,  0.426,  8.601
 36360,  0.864,  0.249,  1.199,  0.786,  0.420,  6.361
 36420,  0.933,  0.049,  1.115,  0.877,  0.424,  8.875
 36480,  0.895,  0.076,  1.163,  0.890,  0.420,  8.529
 36540,  0.871,  0.097,  1.004,  0.999,  0.415,  8.198
 36600,  0.871,  0.053,  0.970,  1.086,  0.340,  8.177
 36660,  0.789,  0.031,  0.914,  1.094,  0.321,  7.850
 36720,  0.812,  0.031,  1.020,  0.967,  0.343,  7.819
 36780,  1.055,  0.060,  0.988,  0.902,  0.404,  7.578
 36840,  0.910,  0.010,  0.991,  0.918,  0.325,  7.596
 36900,  0.736,  0.049,  0.916,  0.735,  0.373,  7.222
 36960,  0.800,  0.012,  0.909,  0.728,  0.350,  6.870
 37020,  0.741,  0.066,  0.925,  0.883,  0.359,  6.983
 37080,  0.827,  0.012,  0.964,  0.747,  0.336,  6.962
 37140,  0.781, -0.006,  1.000,  0.889,  0.314,  6.994
 37200,  0.890,  0.027,  0.934,  0.804,  0.336,  7.092
 37260,  0.848, -0.037,  0.947,  0.676,  0.327,  7.147
 37320,  0.887,  0.044,  0.983,  0.776,  0.375,  6.850
 37380,  0.788, -0.027,  1.015,  0.766,  0.291,  6.728
 37440,  0.831, -0.017,  1.010,  0.583,  0.312,  6.538
 37500,  0.751, -0.035,  0.974,  0.564,  0.350,  6.968
 37560,  0.911, -0.010,  0.950,  0.590,  0.346,  6.719
 37620,  0.902, -0.047,  0.946,  0.572,  0.311,  6.946
 37680,  0.828, -0.048,  0.907,  0.537,  0.350,  6.580
 37740,  0.902, -0.071,  0.987,  0.600,  0.327,  6.197
 37800,  0.829, -0.056,  0.910,  0.531,  0.315,  6.740
 37860,  0.898, -0.016,  0.949,  0.581,  0.261,  6.260
 37920,  0.867, -0.020,  0.979,  0.487,  0.350,  6.730
 37980,  0.852, -0.057,  1.035,  0.634,  0.442,  9.507
 38040,  0.853, -0.007,  0.939,  0.500,  0.385,  7.941
 38100,  0.836,  0.003,  1.311,  0.861,  0.438, 13.764
 38160,  0.985, -0.091,  1.443,  0.991,  0.468, 16.318
 38220,  0.370, -0.214,  0.457,  1.583,  0.540, 16.155
 38280,  0.944, -0.083,  1.459,  1.186,  0.500, 17.814
 38340,  0.925, -0.019,  1.777,  1.648,  0.667, 25.332
 38400,  0.877, -0.028,  1.510,  1.274,  0.558, 18.572
 38460,  0.940, -0.013,  1.274,  1.083,  0.450, 13.918
 38520,  0.877, -0.021,  1.290,  1.144,  0.471, 13.840
 38580,  1.021,  0.008,  1.362,  1.155,  0.386, 13.820
 38640,  1.030, -0.074,  1.268,  1.160,  0.451, 13.273
 38700,  0.907, -0.000,  1.261,  0.984,  0.363, 12.214
 38760,  0.962,  0.001,  1.014,  0.942,  0.349, 10.061
 38820,  1.006, -0.001,  1.261,  0.955,  0.452, 13.197
 38880,  0.964, -0.022,  1.417,  1.168,  0.501, 17.149
 38940,  0.912, -0.011,  1.280,  1.091,  0.445, 15.283
 39000,  0.947, -0.006,  1.272,  1.130,  0.450, 14.808
 39060,  0.907, -0.008,  1.304,  0.987,  0.448, 13.217
 39120,  1.032,  0.047,  1.111,  0.804,  0.440,  9.563
 39180,  1.092,  0.019,  1.147,  0.783,  0.461, 10.391
 39240,  0.991, -0.028,  1.084,  0.685,  0.359,  9.282
 39300,  0.739,  0.005,  1.073,  0.768,  0.447,  9.581
 39360,  1.100,  0.089,  1.185,  0.906,  0.425, 13.694
 39420,  1.037,  0.079,  1.269,  1.017,  0.475, 16.727
 39480,  1.000,  0.077,  1.222,  0.968,  0.347, 12.382
 39540,  1.048,  0.074,  1.191,  0.930,  0.341, 12.089
 39600,  0.900,  0.046,  1.258,  0.871,  0.393, 11.385
 39660,  1.013,  0.076,  1.198,  0.914,  0.374,  9.863
 39720,  1.019,  0.010,  1.172,  0.885,  0.330, 10.611
 39780,  0.982,  0.092,  1.120,  0.821,  0.356,  9.826
 39840,  0.945,  0.060,  1.165,  0.825,  0.318,  9.189
 39900,  0.893,  0.089,  1.049,  0.757,  0.289,  8.922
 39960,  0.979,  0.049,  0.987,  0.884,  0.311,  8.398
 40020,  0.983, -0.010,  1.024,  0.932,  0.324,  8.470
 40080,  0.928,  0.062,  1.077,  0.815,  0.286,  8.771
 40140,  1.010,  0.045,  1.073,  0.871,  0.290,  9.727
 40200,  0.904,  0.043,  1.059,  0.779,  0.311,  9.396
 40260,  0.877,  0.007,  1.038,  0.741,  0.283,  8.598
 40320,  0.963,  0.041,  0.989,  0.708,  0.274,  8.773
 40380,  0.902, -0.013,  0.958,  0.781,  0.329,  9.586
 40440,  1.031,  0.032,  1.225,  0.953,  0.431, 11.940
 40500,  1.017,  0.033,  1.235,  0.840,  0.398, 11.081
 40560,  1.021,  0.049,  1.080,  0.870,  0.404, 10.430
 40620,  1.174,  0.066,  1.179,  0.803,  0.364, 11.174
 40680,  1.221,  0.049,  1.031,  0.826,  0.335, 11.848
 40740,  1.169,  0.027,  1.129,  0.850,  0.439, 12.382
 40800,  1.084,  0.055,  1.097,  0.854,  0.356, 13.397
 40860,  1.035,  0.033,  1.161,  0.885,  0.337, 14.236
 40920,  0.918,  0.020,  1.076,  0.907,  0.358, 11.690
 40980,  0.928,  0.041,  1.067,  0.939,  0.275, 10.807
 41040,  0.905,  0.036,  0.984,  1.043,  0.303, 10.441
 41100,  0.898,  0.002,  0.974,  1.019,  0.350, 10.385
 41160,  0.835,  0.011,  1.009,  1.011,  0.312, 11.604
 41220,  0.905, -0.014,  1.048,  1.123,  0.283, 12.437
 41280,  0.924, -0.032,  1.067,  1.082,  0.345, 12.317
 41340,  1.012, -0.019,  1.034,  1.067,  0.360, 11.960
 41400,  1.089,  0.035,  1.287,  1.372,  0.459, 14.431
 41460,  1.409,  0.040,  1.217,  1.408,  0.417, 15.519
 41520,  1.333, -0.061,  1.315,  1.512,  0.419, 16.038
 41580,  1.453,  0.008,  1.211,  1.377,  0.401, 16.102
 41640,  1.206,  0.030,  1.406,  1.716,  0.511, 20.444
 41700,  1.202, -0.027,  1.127,  1.007,  0.382, 13.979
 41760,  0.968,  0.048,  1.071,  0.933,  0.363, 13.154
 41820,  0.928,  0.026,  1.161,  0.854,  0.327, 13.847
 41880, -9999.000, -9999.000, -9999.000, -9999.000, -9999.000, -9999.000
 41940,  0.880, -0.099,  1.246,  0.806,  0.348, 13.763
 42000,  0.926,  0.005,  1.103,  0.841,  0.303, 13.951
 42060,  0.668, -0.032,  1.159,  0.875,  0.320, 16.088
 42120,  0.851, -0.024,  1.221,  0.948,  0.368, 16.340
 42180,  1.029, -0.009,  1.318,  0.785,  0.339, 15.033
 42240,  0.991,  0.006,  1.287,  0.758,  0.376, 14.579
 42300,  0.992,  0.007,  1.204,  0.752,  0.330, 14.613
 42360,  0.886,  0.004,  1.315,  0.771,  0.300, 15.065
 42420,  1.043, -0.014,  1.436,  1.025,  0.449, 18.339
 42480,  0.909,  0.014,  1.235,  1.123,  0.381, 17.496
 42540,  0.869, -0.004,  1.326,  1.093,  0.445, 16.690
 42600,  0.875,  0.032,  1.322,  0.978,  0.357, 16.537
 42660,  0.911,  0.007,  1.125,  1.046,  0.357, 16.318
 42720,  0.867,  0.012,  1.195,  1.058,  0.387, 16.362
 42780,  0.807,  0.110,  1.144,  0.991,  0.373, 15.666
 42840,  0.904,  0.045,  1.242,  0.987,  0.334, 15.741
 42900,  0.905,  0.010,  1.205,  0.998,  0.414, 14.635
 42960,  0.719,  0.011,  1.174,  0.952,  0.364, 15.535
 43020,  0.846, -0.018,  1.274,  0.968,  0.317, 14.650
 43080,  0.848,  0.115,  1.171,  0.891,  0.293, 14.865
 43140,  0.840,  0.055,  1.175,  0.883,  0.325, 14.158
 43200,  0.729, -0.054,  1.143,  0.985,  0.303, 14.925
 43260,  0.885,  0.074,  1.280,  0.857,  0.298, 13.854
 43320,  0.786,  0.060,  1.182,  0.889,  0.298, 14.677
 43380,  0.922, -0.004,  1.201,  0.872,  0.290, 14.163
 43440,  0.831,  0.033,  1.194,  0.939,  0.292, 13.913
 43500,  0.834,  0.029,  1.135,  1.012,  0.245, 14.919
 43560,  0.865,  0.021,  1.130,  0.946,  0.294, 14.644
 43620,  0.680,  0.011,  1.170,  0.975,  0.287, 14.345
 43680,  0.760,  0.081,  1.192,  0.928,  0.265, 14.729
 43740, -9999.000, -9999.000, -9999.000, -9999.000, -9999.000, -9999.000
 43800,  0.851,  0.040,  1.190,  0.961,  0.259, 14.931
 43860,  0.826,  0.084,  1.114,  1.043,  0.286, 15.613
 43920,  0.887,  0.016,  1.117,  0.993,  0.310, 14.817
 43980,  0.748,  0.028,  1.208,  1.029,  0.283, 15.437
 44040,  0.960,  0.133,  1.346,  1.097,  0.349, 17.097
 44100,  0.755,  0.071,  1.345,  1.087,  0.301, 18.371
 44160,  0.875,  0.043,  1.513,  1.157,  0.294, 20.413
 44220,  0.792,  0.016,  1.461,  1.250,  0.280, 19.940
 44280,  0.796,  0.040,  1.502,  1.216,  0.377, 21.099
 44340,  0.880,  0.131,  1.443,  1.277,  0.303, 20.347
 44400,  0.918,  0.085,  1.334,  1.238,  0.315, 21.068
 44460,  0.826,  0.065,  1.509,  1.128,  0.279, 22.004
 44520,  0.753,  0.064,  1.518,  1.105,  0.345, 21.761
 44580,  0.914,  0.076,  1.556,  1.265,  0.343, 21.812
 44640,  0.511,  0.061,  1.511,  1.239,  0.221, 20.842
 44700,  0.756,  0.009,  1.441,  1.300,  0.268, 21.587
 44760,  0.682,  0.063,  1.328,  1.353,  0.279, 21.378
 44820,  0.787,  0.004,  1.426,  1.393,  0.264, 21.175
 44880,  0.865,  0.055,  1.571,  1.467,  0.297, 21.241
 44940,  0.813,  0.033,  1.540,  1.442,  0.320, 20.864
 45000,  0.858,  0.041,  1.551,  1.424,  0.308, 20.497
 45060,  0.932,  0.030,  1.607,  1.350,  0.286, 20.231
 45120,  0.750, -0.011,  1.496,  1.340,  0.203, 18.507
 45180,  0.848,  0.084,  1.501,  1.354,  0.313, 18.629
 45240,  0.855,  0.008,  1.403,  1.299,  0.273, 18.228
 45300,  0.956,  0.080,  1.325,  1.242,  0.334, 17.336
 45360,  0.961,  0.100,  1.303,  1.221,  0.308, 16.194
 45420,  0.903,  0.018,  1.306,  1.082,  0.303, 16.428
 45480,  0.987,  0.019,  1.195,  1.178,  0.293, 15.345
 45540,  0.907, -0.016,  1.141,  1.091,  0.209, 14.590
 45600, -9999.000, -9999.000, -9999.000, -9999.000, -9999.000, -9999.000
 45660,  0.897,  0.009,  1.146,  1.136,  0.266, 14.144
 45720,  0.780,  0.093,  1.156,  1.066,  0.247, 14.662
 45780,  0.793,  0.029,  1.298,  1.284,  0.283, 16.733
 45840,  0.793,  0.041,  1.337,  1.279,  0.242, 18.227
 45900,  0.818,  0.065,  1.516,  1.458,  0.307, 22.821
 45960,  0.834,  0.072,  1.521,  1.352,  0.249, 18.953
 46020,  0.852,  0.044,  1.385,  1.417,  0.350, 22.136
 46080,  0.897,  0.132,  1.527,  1.601,  0.262, 21.820
 46140,  0.861,  0.029,  1.339,  1.287,  0.273, 18.966
 46200,  0.825,  0.076,  1.186,  1.040,  0.210, 15.043
 46260,  0.878,  0.075,  1.085,  0.932,  0.247, 13.644
 46320,  0.745,  0.053,  1.084,  1.002,  0.211, 12.881
 46380,  0.746,  0.090,  1.054,  1.011,  0.160, 13.554
 46440,  0.477,  0.015,  1.029,  0.977,  0.123, 11.968
 46500,  0.861,  0.112,  1.063,  0.880,  0.221, 12.885
 46560,  0.714,  0.108,  1.127,  0.883,  0.242, 12.719
 46620,  0.512,  0.047,  0.997,  0.846,  0.175, 11.608
 46680,  0.803,  0.117,  1.061,  0.749,  0.183, 10.814
 46740,  0.780,  0.080,  1.003,  0.797,  0.198, 10.331
 46800,  0.822,  0.124,  1.003,  0.903,  0.163, 10.998
 46860,  0.838,  0.071,  1.009,  0.768,  0.192,  9.476
 46920,  0.795,  0.100,  1.206,  0.712,  0.201,  8.963
 46980,  0.778,  0.118,  1.067,  0.746,  0.159,  8.448
 47040,  0.662,  0.070,  1.004,  0.676,  0.189,  8.440
 47100,  0.845,  0.055,  0.958,  0.641,  0.198,  7.959
 47160,  0.700,  0.091,  0.996,  0.669,  0.156,  7.746
 47220,  0.616,  0.197,  0.895,  0.714,  0.142,  7.568
 47280,  0.756,  0.124,  1.042,  0.636,  0.183,  7.669
 47340,  0.802,  0.107,  1.111,  0.639,  0.149,  7.630
 47400,  0.702,  0.168,  0.944,  0.622,  0.189,  7.267
 47460,  0.591,  0.099,  0.877,  0.619,  0.134,  6.954
 47520,  0.673,  0.115,  0.957,  0.643,  0.096,  6.792
 47580,  0.747,  0.053,  1.042,  0.663,  0.160,  7.164
 47640,  0.792,  0.078,  1.037,  0.658,  0.135,  7.392
 47700,  0.748,  0.106,  1.192,  0.708,  0.132,  9.150
 47760,  0.675,  0.065,  1.092,  0.655,  0.205, 10.278
 47820,  0.735,  0.089,  1.186,  0.639,  0.180, 10.617
 47880,  0.623,  0.127,  1.033,  0.662,  0.176, 10.198
 47940,  0.649,  0.025,  1.053,  0.666,  0.153, 10.329
 48000,  0.706,  0.098,  1.102,  0.685,  0.175,  9.833
 48060,  0.604,  0.058,  1.122,  0.733,  0.099,  9.264
 48120,  0.660,  0.004,  1.026,  0.678,  0.203,  8.813
 48180,  0.638,  0.073,  0.932,  0.671,  0.175,  7.472
 48240,  0.632,  0.021,  1.095,  0.750,  0.189,  7.623
 48300,  0.418,  0.085,  1.048,  0.708,  0.137,  6.911
 48360,  0.688,  0.142,  1.393,  0.837,  0.195, 17.312
 48420,  0.267,  0.003,  1.462,  0.913,  0.121, 18.006
 48480,  0.190, -0.018,  1.173,  0.745,  0.074,  9.537
 48540,  0.589,  0.005,  1.251,  0.690,  0.157,  6.686
 48600,  0.663, -0.003,  1.297,  0.818,  0.147, 11.980
 48660,  0.483, -0.021,  1.169,  0.701,  0.151, 10.308
 48720,  0.492,  0.009,  1.062,  0.697,  0.124,  6.755
 48780,  0.684,  0.111,  1.218,  0.782,  0.184,  8.969
 48840,  0.652,  0.014,  1.616,  0.828,  0.215, 17.418
 48900,  0.781,  0.058,  1.886,  0.772,  0.224, 21.406
 48960,  0.794,  0.009,  1.522,  0.757,  0.191, 13.804
 49020,  0.644,  0.016,  1.252,  0.716,  0.221,  7.579
 49080,  0.731,  0.038,  1.113,  0.723,  0.235,  5.745
 49140,  0.720,  0.040,  1.195,  0.611,  0.228,  4.851
 49200,  0.632, -0.002,  1.049,  0.648,  0.235,  4.999
 49260, -9999.000, -9999.000, -9999.000, -9999.000, -9999.000, -9999.000
 49320,  0.733,  0.100,  1.079,  0.566,  0.202,  3.745
 49380,  0.588,  0.018,  0.964,  0.608,  0.168,  3.242
 49440,  0.557,  0.010,  0.996,  0.601,  0.215,  3.118
 49500,  0.745, -0.038,  1.055,  0.615,  0.212,  3.092
 49560,  0.695, -0.005,  1.059,  0.748,  0.178,  3.023
 49620,  0.665,  0.013,  1.122,  0.800,  0.238,  3.021
 49680,  0.641,  0.007,  1.307,  1.084,  0.195,  4.140
 49740,  0.662,  0.004,  1.209,  1.017,  0.212,  3.776
 49800,  0.655,  0.059,  1.112,  1.015,  0.181,  5.218
 49860,  0.611,  0.025,  1.110,  1.114,  0.199,  3.800
 49920,  0.539,  0.048,  1.025,  1.170,  0.214,  6.494
 49980,  0.713,  0.100,  1.023,  1.161,  0.162,  7.277
 50040,  0.580,  0.055,  0.978,  1.135,  0.167,  4.190
 50100,  0.583,  0.043,  0.834,  1.082,  0.166,  1.790
 50160,  0.556,  0.039,  0.912,  1.047,  0.152,  1.622
 50220,  0.429, -0.010,  0.717,  1.040,  0.079,  1.069
 50280,  0.537,  0.079,  0.740,  1.046,  0.147,  1.268
 50340,  0.514,  0.105,  0.663,  1.024,  0.186,  1.088
 50400,  0.496,  0.104,  0.685,  1.000,  0.127,  1.050
 50460,  0.595,  0.093,  0.730,  0.972,  0.160,  1.164
 50520,  0.691,  0.055,  0.691,  0.981,  0.144,  0.948
 50580,  0.535,  0.068,  0.746,  0.953,  0.157,  0.815
 50640,  0.599,  0.108,  0.676,  1.057,  0.109,  0.882
 50700,  0.519,  0.067,  0.677,  0.942,  0.112,  0.789
 50760,  0.476,  0.044,  0.620,  1.025,  0.122,  0.834
 50820,  0.509,  0.093,  0.683,  1.001,  0.124,  0.718
