CampaignData_and_Merges/R0/CSL_MobileLab_Parked/raw/20240807/USOS-NOAAIodideCIMS-HNO3_MobileLabGround_20240807_RA.ict
33, 1001
Michael A Robinson, Chris Jernigan, Subi Thakali
NOAA ESRL Chemical Sciences Laboratory and CIRES, U. of Colorado
NOAA Iodide CIMS Instrument
USOS
1, 1
2024, 08, 07, 2024, 08, 08
1
starttime_UTC, seconds_past_midnight, seconds_of_day_since_00:00:00_UTC
1
1
-9999
HNO3_NOAACIMS, pptv, Gas_HNO3_InSitu_S_AVMR, 
0
18
PI_CONTACT_INFO: 325 Broadway, R/CSD 7, Boulder, Colorado 80305; michael.a.robinson@noaa.gov; chris.jernigan@noaa.gov;
PLATFORM: NOAA CSL Mobile Lab
LOCATION: SLC, Utah
ASSOCIATED_DATA: 1Hz data also available on request.
INSTRUMENT_INFO: NOAA I- ToF CIMS
DATA_INFO: All data in parts per trillion by volume (pptv). 1 Hz data is available upon request.
UNCERTAINTY: TBD
ULOD_FLAG: -7777
ULOD_VALUE: N/A
LLOD_FLAG: -8888
LLOD_VALUE: N/A
DM_CONTACT_INFO: Nathan Howard; nathan.h.howard@noaa.gov
PROJECT_INFO: USOS, summer 2024. https://csl.noaa.gov/groups/csl7/measurements/2024usos/
STIPULATIONS_ON_USE: Users are strongly encouraged to contact the PI for proper data usage.
OTHER_COMMENTS: 
REVISION: RA
RA: Preliminary Data; For in-field use only
starttime_UTC, HNO3_NOAACIMS
     0, 700.666
    60, 683.966
   120, 650.052
   180, 674.360
   240, 678.487
   300, 665.304
   360, 660.794
   420, 680.223
   480, 672.329
   540, 685.463
   600, 659.959
   660, 637.049
   720, 605.685
   780, 606.195
   840, 629.601
   900, 622.951
   960, 605.782
  1020, 609.662
  1080, 637.619
  1140, 644.842
  1200, 653.717
  1260, -9999.000
  1320, 590.035
  1380, 611.282
  1440, 609.478
  1500, 626.405
  1560, 660.644
  1620, 706.206
  1680, 703.721
  1740, 647.150
  1800, 682.883
  1860, 691.857
  1920, 694.759
  1980, 690.669
  2040, 678.212
  2100, 661.027
  2160, 650.035
  2220, 637.465
  2280, 627.615
  2340, 641.117
  2400, -9999.000
  2460, -9999.000
  2520, -9999.000
  2580, -9999.000
  2640, -9999.000
  2700, -9999.000
  2760, -9999.000
  2820, -9999.000
  2880, -9999.000
  2940, -9999.000
  3000, -9999.000
  3060, -9999.000
  3120, -9999.000
  3180, -9999.000
  3240, -9999.000
  3300, -9999.000
  3360, -9999.000
  3420, -9999.000
  3480, -9999.000
  3540, -9999.000
  3600, -9999.000
  3660, -9999.000
  3720, -9999.000
  3780, -9999.000
  3840, -9999.000
  3900, -9999.000
  3960, -9999.000
  4020, -9999.000
  4080, -9999.000
  4140, -9999.000
  4200, -9999.000
  4260, -9999.000
  4320, -9999.000
  4380, -9999.000
  4440, -9999.000
  4500, -9999.000
  4560, -9999.000
  4620, -9999.000
  4680, -9999.000
  4740, -9999.000
  4800, -9999.000
  4860, -9999.000
  4920, -9999.000
  4980, -9999.000
  5040, -9999.000
  5100, -9999.000
  5160, -9999.000
  5220, -9999.000
  5280, -9999.000
  5340, -9999.000
  5400, -9999.000
  5460, -9999.000
  5520, -9999.000
  5580, -9999.000
  5640, -9999.000
  5700, -9999.000
  5760, -9999.000
  5820, -9999.000
  5880, -9999.000
  5940, 653.188
  6000, 664.103
  6060, 715.440
  6120, 739.212
  6180, 765.501
  6240, 751.859
  6300, 756.128
  6360, 751.627
  6420, 732.221
  6480, 713.904
  6540, 698.203
  6600, 603.846
  6660, 571.475
  6720, 563.604
  6780, -9999.000
  6840, 538.854
  6900, 540.592
  6960, 506.042
  7020, 495.145
  7080, 488.142
  7140, 471.859
  7200, 476.214
  7260, 469.277
  7320, 436.445
  7380, 382.345
  7440, 414.597
  7500, 460.832
  7560, 487.095
  7620, 493.702
  7680, 479.094
  7740, 490.212
  7800, 525.442
  7860, 510.009
  7920, 465.665
  7980, 371.492
  8040, 372.339
  8100, 378.341
  8160, 356.006
  8220, 349.208
  8280, 347.107
  8340, 343.145
  8400, 338.841
  8460, 334.926
  8520, 342.517
  8580, 351.278
  8640, -9999.000
  8700, 322.059
  8760, 316.112
  8820, 316.897
  8880, 305.106
  8940, 294.014
  9000, 287.615
  9060, 280.711
  9120, 277.229
  9180, 281.512
  9240, 291.662
  9300, 289.162
  9360, 290.335
  9420, 289.496
  9480, 280.356
  9540, 282.266
  9600, 281.616
  9660, 274.957
  9720, 265.761
  9780, 268.111
  9840, 262.407
  9900, 255.620
  9960, 260.133
 10020, 264.868
 10080, 267.881
 10140, 271.289
 10200, 265.971
 10260, 262.121
 10320, 266.073
 10380, 266.761
 10440, 265.350
 10500, 254.074
 10560, 253.477
 10620, 253.956
 10680, 253.683
 10740, 250.580
 10800, 251.655
 10860, 251.107
 10920, 244.745
 10980, 229.381
 11040, 229.069
 11100, 224.883
 11160, 224.232
 11220, 222.190
 11280, 224.289
 11340, 230.843
 11400, 226.383
 11460, 221.952
 11520, 228.135
 11580, 230.352
 11640, 225.432
 11700, 226.963
 11760, 227.728
 11820, 228.319
 11880, 226.239
 11940, 231.946
 12000, 229.416
 12060, 235.017
 12120, 236.349
 12180, 241.386
 12240, 243.853
 12300, 244.319
 12360, 223.965
 12420, 222.479
 12480, 204.661
 12540, 202.638
 12600, 208.820
 12660, 215.563
 12720, 217.387
 12780, 220.972
 12840, 227.254
 12900, 235.919
 12960, 238.775
 13020, 231.589
 13080, 239.918
 13140, 232.708
 13200, 234.047
 13260, 231.751
 13320, 231.084
 13380, 230.315
 13440, 228.801
 13500, 231.593
 13560, 220.863
 13620, 221.193
 13680, 225.034
 13740, 220.872
 13800, 219.599
 13860, 222.414
 13920, 217.857
 13980, 214.116
 14040, 203.617
 14100, 205.870
 14160, 201.441
 14220, 206.291
 14280, 200.032
 14340, 196.168
 14400, 192.531
 14460, 198.338
 14520, 198.270
 14580, 197.175
 14640, 196.598
 14700, 206.154
 14760, 207.739
 14820, 211.541
 14880, 213.608
 14940, 201.255
 15000, 204.491
 15060, 206.819
 15120, 205.053
 15180, 206.248
 15240, 204.547
 15300, 208.994
 15360, 205.459
 15420, 206.776
 15480, 201.953
 15540, 205.581
 15600, 203.698
 15660, 207.409
 15720, 206.856
 15780, 211.900
 15840, 212.904
 15900, 218.360
 15960, 213.407
 16020, -9999.000
 16080, 201.311
 16140, 200.608
 16200, 204.707
 16260, 203.655
 16320, 207.427
 16380, 207.636
 16440, 206.552
 16500, 209.393
 16560, 212.313
 16620, 207.697
 16680, 207.759
 16740, 212.461
 16800, 205.610
 16860, 200.172
 16920, 199.101
 16980, 186.368
 17040, 181.956
 17100, 188.570
 17160, 190.414
 17220, 191.528
 17280, 193.607
 17340, 189.883
 17400, 184.087
 17460, 189.325
 17520, 187.047
 17580, 190.188
 17640, 186.068
 17700, 194.985
 17760, 202.049
 17820, 196.837
 17880, -9999.000
 17940, 189.596
 18000, 187.939
 18060, 186.339
 18120, 184.935
 18180, 180.216
 18240, 185.126
 18300, 190.219
 18360, 185.558
 18420, 190.203
 18480, 193.535
 18540, 195.165
 18600, 208.557
 18660, 232.156
 18720, 234.205
 18780, 247.780
 18840, 263.610
 18900, 271.447
 18960, 266.728
 19020, 262.745
 19080, 253.849
 19140, 237.599
 19200, 230.552
 19260, 227.824
 19320, 221.225
 19380, 226.171
 19440, 230.177
 19500, 225.862
 19560, 219.939
 19620, 208.975
 19680, 198.426
 19740, -9999.000
 19800, 191.895
 19860, 190.221
 19920, 189.536
 19980, 196.602
 20040, 203.429
 20100, 206.631
 20160, 208.066
 20220, 205.874
 20280, 200.786
 20340, 200.710
 20400, 194.346
 20460, 190.926
 20520, 196.130
 20580, 203.540
 20640, 214.180
 20700, 221.672
 20760, 226.995
 20820, 216.839
 20880, 211.666
 20940, 214.730
 21000, 220.363
 21060, 220.062
 21120, 220.309
 21180, 213.489
 21240, 208.088
 21300, 200.497
 21360, 194.176
 21420, 185.047
 21480, 181.167
 21540, 182.520
 21600, 177.021
 21660, 177.540
 21720, 176.210
 21780, 171.002
 21840, 171.816
 21900, 182.649
 21960, 197.114
 22020, 209.754
 22080, 217.875
 22140, 221.138
 22200, 228.934
 22260, 234.487
 22320, 234.577
 22380, 236.347
 22440, 230.430
 22500, 226.910
 22560, 219.425
 22620, 219.644
 22680, 221.247
 22740, 216.892
 22800, 219.284
 22860, 213.950
 22920, 214.096
 22980, 211.018
 23040, 200.265
 23100, 190.273
 23160, 181.560
 23220, 178.010
 23280, 178.683
 23340, 178.047
 23400, -9999.000
 23460, 188.015
 23520, 186.382
 23580, 189.407
 23640, 190.868
 23700, 183.783
 23760, 185.820
 23820, 184.635
 23880, 182.040
 23940, 179.414
 24000, 179.259
 24060, 178.034
 24120, 170.504
 24180, 167.796
 24240, 158.077
 24300, 166.924
 24360, 175.048
 24420, 177.236
 24480, 178.883
 24540, 182.454
 24600, 185.997
 24660, 175.159
 24720, 168.162
 24780, 165.344
 24840, 166.956
 24900, 162.688
 24960, 159.583
 25020, 154.866
 25080, 158.855
 25140, 161.325
 25200, 157.728
 25260, -9999.000
 25320, 144.151
 25380, 127.719
 25440, 120.728
 25500, 122.546
 25560, 124.713
 25620, 122.796
 25680, 118.898
 25740, 113.949
 25800, 121.818
 25860, 124.140
 25920, 123.832
 25980, 127.693
 26040, 115.596
 26100, 117.374
 26160, 108.293
 26220, 110.153
 26280, 112.457
 26340, 120.754
 26400, 132.290
 26460, 129.936
 26520, 145.618
 26580, 125.147
 26640, 122.577
 26700, 123.293
 26760, 119.146
 26820, 128.498
 26880, 119.742
 26940, 123.864
 27000, 138.064
 27060, 138.671
 27120, -9999.000
 27180, 149.055
 27240, 140.434
 27300, 150.052
 27360, 155.974
 27420, 150.938
 27480, 141.414
 27540, 135.637
 27600, 145.277
 27660, 150.920
 27720, 158.061
 27780, 171.499
 27840, 174.962
 27900, 167.564
 27960, 168.501
 28020, 169.298
 28080, 163.265
 28140, 155.576
 28200, 149.826
 28260, 150.730
 28320, 154.391
 28380, 156.215
 28440, 151.436
 28500, 139.264
 28560, 134.752
 28620, 135.529
 28680, 127.181
 28740, 123.004
 28800, 122.106
 28860, 125.896
 28920, 128.530
 28980, 135.673
 29040, 132.498
 29100, 129.384
 29160, 129.712
 29220, 127.750
 29280, 126.645
 29340, 124.580
 29400, 120.783
 29460, 119.709
 29520, 121.017
 29580, 123.283
 29640, 122.473
 29700, 121.123
 29760, 118.122
 29820, 117.505
 29880, 117.744
 29940, 117.044
 30000, 119.285
 30060, 118.226
 30120, 117.896
 30180, 116.766
 30240, 116.027
 30300, 114.647
 30360, 115.412
 30420, 115.007
 30480, 116.650
 30540, 114.733
 30600, 113.773
 30660, 110.170
 30720, 107.243
 30780, 107.425
 30840, 125.815
 30900, 123.087
 30960, 122.292
 31020, 123.087
 31080, 120.344
 31140, 119.533
 31200, 115.384
 31260, 114.051
 31320, 114.403
 31380, 117.849
 31440, 122.134
 31500, 126.024
 31560, 126.249
 31620, 126.202
 31680, 129.654
 31740, 135.143
 31800, 141.076
 31860, 143.561
 31920, 143.601
 31980, 142.731
 32040, 141.714
 32100, 140.422
 32160, 139.838
 32220, 144.338
 32280, 148.929
 32340, 151.542
 32400, 153.703
 32460, 152.562
 32520, 154.244
 32580, 151.712
 32640, 147.502
 32700, 145.760
 32760, 152.327
 32820, 152.171
 32880, 155.358
 32940, 157.386
 33000, 155.093
 33060, 154.183
 33120, 148.672
 33180, 145.284
 33240, 145.545
 33300, 150.376
 33360, 157.506
 33420, 159.896
 33480, 159.241
 33540, 157.124
 33600, 153.687
 33660, 147.896
 33720, 145.504
 33780, 141.027
 33840, 143.218
 33900, 142.310
 33960, 143.015
 34020, 142.245
 34080, 140.501
 34140, 138.956
 34200, 130.478
 34260, 127.756
 34320, 128.002
 34380, 123.999
 34440, 125.455
 34500, -9999.000
 34560, 128.836
 34620, 125.625
 34680, 116.886
 34740, 113.028
 34800, 113.890
 34860, 118.011
 34920, 118.572
 34980, 119.433
 35040, 120.947
 35100, 121.396
 35160, 125.178
 35220, 128.591
 35280, 128.456
 35340, 128.268
 35400, 125.750
 35460, 126.123
 35520, 122.438
 35580, 116.495
 35640, 113.188
 35700, 116.298
 35760, 115.566
 35820, 114.851
 35880, 113.357
 35940, 109.899
 36000, 109.104
 36060, 108.753
 36120, 109.612
 36180, 108.261
 36240, 111.796
 36300, 115.502
 36360, 116.852
 36420, 114.270
 36480, 111.046
 36540, 110.917
 36600, 110.389
 36660, 112.104
 36720, 112.367
 36780, 110.861
 36840, 108.559
 36900, 103.935
 36960, 102.703
 37020, 105.187
 37080, 106.740
 37140, 103.486
 37200, 101.851
 37260, 98.788
 37320, 103.363
 37380, 104.628
 37440, 103.874
 37500, 96.279
 37560, 97.478
 37620, 96.812
 37680, 97.822
 37740, 94.779
 37800, 95.013
 37860, 100.550
 37920, 99.770
 37980, 102.334
 38040, 100.387
 38100, 103.035
 38160, 109.419
 38220, 115.496
 38280, 113.753
 38340, 114.299
 38400, 114.119
 38460, 112.271
 38520, 112.140
 38580, 109.996
 38640, 108.417
 38700, 110.900
 38760, 109.154
 38820, 109.378
 38880, 112.489
 38940, 110.819
 39000, 111.232
 39060, 108.065
 39120, 111.193
 39180, 109.929
 39240, 113.483
 39300, 112.222
 39360, 110.062
 39420, 104.231
 39480, 102.039
 39540, 101.494
 39600, 100.597
 39660, 100.108
 39720, 98.952
 39780, 96.225
 39840, 97.529
 39900, 99.286
 39960, 100.360
 40020, 98.343
 40080, 104.956
 40140, 97.765
 40200, 98.381
 40260, 106.330
 40320, 96.677
 40380, 96.075
 40440, 92.892
 40500, 88.967
 40560, 87.502
 40620, 85.678
 40680, 85.149
 40740, 84.992
 40800, 81.099
 40860, 78.364
 40920, 81.690
 40980, 84.944
 41040, 86.725
 41100, 88.625
 41160, 88.745
 41220, 87.600
 41280, 86.258
 41340, 88.138
 41400, 91.388
 41460, 87.652
 41520, 87.761
 41580, 88.501
 41640, 89.211
 41700, 87.965
 41760, 86.522
 41820, 84.263
 41880, -9999.000
 41940, 90.665
 42000, 88.425
 42060, 87.583
 42120, 84.461
 42180, 83.159
 42240, 84.117
 42300, 81.527
 42360, 83.523
 42420, 88.019
 42480, 88.786
 42540, 86.653
 42600, 88.808
 42660, 86.250
 42720, 85.837
 42780, 85.619
 42840, 87.445
 42900, 92.243
 42960, 93.357
 43020, 91.932
 43080, 92.060
 43140, 86.664
 43200, 84.325
 43260, 85.205
 43320, 83.822
 43380, 79.238
 43440, 80.776
 43500, 81.488
 43560, 81.969
 43620, 80.152
 43680, 79.661
 43740, -9999.000
 43800, 79.797
 43860, 77.692
 43920, 79.164
 43980, 77.487
 44040, 81.893
 44100, 81.818
 44160, 82.865
 44220, 80.743
 44280, 85.026
 44340, 85.248
 44400, 87.579
 44460, 86.348
 44520, 86.237
 44580, 84.324
 44640, 87.044
 44700, 87.067
 44760, 86.981
 44820, 83.692
 44880, 81.917
 44940, 77.851
 45000, 75.916
 45060, 74.823
 45120, 74.022
 45180, 74.257
 45240, 74.748
 45300, 74.288
 45360, 73.181
 45420, 76.012
 45480, 78.195
 45540, 81.541
 45600, -9999.000
 45660, 79.085
 45720, 74.673
 45780, 75.495
 45840, 77.212
 45900, 74.583
 45960, 73.860
 46020, 70.047
 46080, 66.709
 46140, 68.359
 46200, 62.722
 46260, 61.658
 46320, 52.782
 46380, 44.813
 46440, 38.139
 46500, 29.580
 46560, 24.674
 46620, 18.938
 46680, 13.777
 46740, 11.366
 46800, -0.179
 46860, 10.618
 46920, 151.569
 46980, 195.301
 47040, 170.842
 47100, 148.210
 47160, 139.417
 47220, 135.220
 47280, 115.869
 47340, 106.846
 47400, 102.341
 47460, 128.070
 47520, 119.765
 47580, 115.997
 47640, 114.707
 47700, 112.840
 47760, 110.829
 47820, 110.494
 47880, 110.476
 47940, 116.976
 48000, 113.512
 48060, 117.192
 48120, 107.527
 48180, 102.511
 48240, 96.117
 48300, 95.985
 48360, 98.595
 48420, 102.212
 48480, 99.695
 48540, 101.996
 48600, 105.212
 48660, 103.373
 48720, 101.381
 48780, 104.665
 48840, 110.015
 48900, 110.665
 48960, 106.583
 49020, 103.717
 49080, 101.791
 49140, 99.116
 49200, 101.548
 49260, -9999.000
 49320, 134.167
 49380, 129.416
 49440, 118.526
 49500, 112.613
 49560, 111.048
 49620, 110.639
 49680, 117.213
 49740, 118.920
 49800, 120.699
 49860, 118.984
 49920, 124.180
 49980, 125.499
 50040, 124.728
 50100, 124.701
 50160, 124.909
 50220, 123.874
 50280, 123.338
 50340, 125.462
 50400, 135.872
 50460, 132.790
 50520, 130.183
 50580, 128.851
 50640, 122.725
 50700, 120.800
 50760, 126.535
 50820, 133.259
 50880, 137.103
 50940, 140.091
 51000, 138.886
 51060, 140.150
 51120, -9999.000
 51180, 157.572
 51240, 161.488
 51300, 168.799
 51360, 170.714
 51420, 175.379
 51480, 181.831
 51540, 190.046
 51600, 198.248
 51660, 199.050
 51720, 202.758
 51780, 218.734
 51840, 229.400
 51900, 235.480
 51960, 233.273
 52020, 238.446
 52080, 253.069
 52140, 261.709
 52200, 261.247
 52260, 254.575
 52320, 258.872
 52380, 269.557
 52440, 281.924
 52500, 280.781
 52560, 270.751
 52620, 269.968
 52680, 281.078
 52740, 289.067
 52800, 297.771
 52860, 295.298
 52920, 285.187
 52980, -9999.000
 53040, 273.868
 53100, 280.511
 53160, 282.964
 53220, 285.499
 53280, 292.662
 53340, 307.489
 53400, 319.631
 53460, 317.263
 53520, 312.533
 53580, 309.714
 53640, 300.839
 53700, 295.381
 53760, 320.317
 53820, 336.737
 53880, 334.618
 53940, 326.210
 54000, 316.855
 54060, 317.553
 54120, 313.163
 54180, 307.015
 54240, 309.567
 54300, 336.733
 54360, 333.978
 54420, 349.682
 54480, 351.350
 54540, 353.601
 54600, 354.125
 54660, 367.184
 54720, 383.600
 54780, 395.093
 54840, 366.967
 54900, 366.835
 54960, 364.687
 55020, 355.735
 55080, 362.551
 55140, 354.338
 55200, 332.953
 55260, 342.234
 55320, 365.407
 55380, 374.816
 55440, 378.452
 55500, 367.817
 55560, 380.360
 55620, 393.698
 55680, 402.403
 55740, 415.840
 55800, 427.400
 55860, 438.451
 55920, 442.007
 55980, 451.338
 56040, 436.799
 56100, 431.840
 56160, 424.433
 56220, 387.405
 56280, 384.216
 56340, 394.273
 56400, 408.136
 56460, 397.922
 56520, 411.086
 56580, 401.222
 56640, 390.333
 56700, 332.944
 56760, 343.505
 56820, 355.034
 56880, 341.431
 56940, 347.327
 57000, 365.921
 57060, 387.406
 57120, 393.990
 57180, 391.989
 57240, 406.567
 57300, 369.675
 57360, 372.359
 57420, 389.482
 57480, 387.210
 57540, 380.749
 57600, 395.392
 57660, 422.712
 57720, 428.431
 57780, 448.068
 57840, 459.189
 57900, 494.615
 57960, 523.273
 58020, 533.038
 58080, 571.976
 58140, 600.095
 58200, 636.808
 58260, 666.409
 58320, 684.259
 58380, 709.980
 58440, 720.896
 58500, 727.555
 58560, 641.233
 58620, 651.545
 58680, 666.780
 58740, 692.045
 58800, 727.765
 58860, 753.752
 58920, 751.711
 58980, 743.486
 59040, 753.702
 59100, 759.235
 59160, 756.391
 59220, 787.055
 59280, 794.765
 59340, 799.236
 59400, 800.640
 59460, 785.727
 59520, 791.132
 59580, 818.693
 59640, 823.309
 59700, 811.698
 59760, 831.776
 59820, 839.769
