CampaignData_and_Merges/R0/CSL_MobileLab_Parked/raw/20240807/USOS-PTR_MobileLabGround_20240807_RA.ict
58, 1001
Matthew Coggon, Kelvin Bates, Chelsea Stockwell, Carsten Warneke
NOAA ESRL Chemical Sciences Division
NOAA PTR-ToF-MS
USOS
1,1 
2024, 08, 07, 2023, 08, 09
0
Time_Start, seconds, number of seconds from 00:00 UTC 
22
1, 1, 1, 1, 1, 1, 1, 1, 1, 1, 1, 1, 1, 1, 1, 1, 1, 1, 1, 1, 1, 1
-9999, -9999, -9999, -9999, -9999, -9999, -9999, -9999, -9999, -9999, -9999, -9999, -9999, -9999, -9999, -9999, -9999, -9999, -9999, -9999, -9999, -9999
CH3OH_NOAAPTR_ppbv,  ppbv, Gas_CH3OH_InSitu_S_AVMR, (CH3OH) methanol
CH3CN_NOAAPTR_ppbv,  ppbv, Gas_CH3CN_InSitu_S_AVMR, (CH3CN) acetonitrile
CH3CHO_NOAAPTR_ppbv,  ppbv, Gas_CH3CHO_InSitu_S_AVMR, (CH3CHO) acetaldehyde plus contributions from ethylene glycol and ethylene oxide. Interference from ethanol has been subtracted out.
C2H5OH_NOAAPTR_ppbv,  ppbv, Gas_C2H5OH_InSitu_S_AVMR, (C2H5OH) ethanol
CH3SH_NOAAPTR_ppbv,  ppbv, Gas_CH3SH_InSitu_S_AVMR, (CH3SH) methanethiol, using calibration factor for DMS
Acrolein_NOAAPTR_ppbv,  ppbv, Gas_Acrolein_InSitu_S_AVMR, (C3H4O) acrolein
AcetonePropanal_NOAAPTR_ppbv,  ppbv, Gas_AcetoneAndPropanal_InSitu_S_AVMR, (C3H6O) sum of acetone (dominant isomer) and propanal, using calibration factor for acetone
DMS_NOAAPTR_ppbv,  ppbv, Gas_DMS_InSitu_S_AVMR, (C2H6S) dimethyl sulfide with possible small contributions from ethanethiol
C5H8_NOAAPTR_ppbv,  ppbv, Gas_Isoprene_InSitu_S_AVMR, (C5H8) isoprene and possible fragments from cycloalkanes and aldehydes. Interferences have been subtracted following methods described by Coggon et al (2023)
MVKMAC_NOAAPTR_ppbv,  ppbv, Gas_MVKAndMAC_InSitu_S_AVMR, (C4H6O) sum of methyl vinyl ketone, methacrolein, and small amounts of crotonaldehyde, using weighted calibration factor for MVK (0.637) and MACR (0.363)
Benzene_NOAAPTR_ppbv,  ppbv, Gas_Benzene_InSitu_S_AVMR, (C6H6) benzene
Toluene_NOAAPTR_ppbv,  ppbv, Gas_Toluene_InSitu_S_AVMR, (C7H8) toluene with possible small contributions of fragments from ethyltoluene
Styrene_NOAAPTR_ppbv,  ppbv, Gas_Styrene_InSitu_S_AVMR, (C8H8) styrene
Benzaldehyde_NOAAPTR_ppbv,  ppbv, Gas_Benzaldehyde_InSitu_S_AVMR, (C7H6O) benzaldehyde
C8Aromatics_NOAAPTR_ppbv,  ppbv, Gas_C8Aromatics_InSitu_M_AVMR, (C8H10) sum of m-xylene, p-xylene, o-xylene, and ethyl benzene
C9Aromatics_NOAAPTR_ppbv,  ppbv, Gas_C9Aromatics_InSitu_M_AVMR, (C9H12) sum of C9 aromatics
Naphthalene_NOAAPTR_ppbv,  ppbv, Gas_Naphthalene_InSitu_S_AVMR, (C10H8) naphthalene
Octanal_NOAAPTR_ppbv,  ppbv, Gas_Octanal_InSitu_S_AVMR, (C8H16O) octanal and small amounts of octanone
Monoterpenes_NOAAPTR_ppbv,  ppbv, Gas_Monoterpenes_InSitu_M_AVMR, (C10H16) sum of monoterpenes and possible contributions from fragments of oxygenated monoterpenoids such as eucalyptol.
Nonanal_NOAAPTR_ppbv,  ppbv, Gas_Nonanal_InSitu_M_AVMR, (C9H18O) nonanal and small amounts of nonanone
C7H4ClF3_NOAAPTR_ppbv,  ppbv, Gas_C7H4ClF3_InSitu_S_AVMR, (C7H4ClF3) parachlorobenzotrifluoride
C10H30O5Si5_NOAAPTR_ppbv,  ppbv, Gas_C10H30O5Si5_InSitu_S_AVMR, (C10H30O5Si5) decamethylcyclopentasiloxane
1
SPECIAL COMMENTS:N/A
21
PI_CONTACT_INFO: NOAA ESRL Chemical Sciences Division, Tropospheric Chemistry Group. 325 Broadway, R/CSD7, Boulder, CO 80305
PLATFORM: Mobile Laboratory.
LOCATION: Salt Lake City, UT
ASSOCIATED_DATA: N/A
INSTRUMENT_INFO: NOAA PTR-ToF-MS measurements on NOAA CSL Mobile Lab
DATA_INFO: Units: ppbv
UNCERTAINTY: See OTHER_COMMENTS
ULOD_FLAG: -7777
ULOD_VALUE: N/A
LLOD_FLAG: -8888
LLOD_VALUE: N/A.
DM_CONTACT_INFO: Data Managers: Matt Coggon, Kelvin Bates, Chelsea Stockwell; email: matthew.m.coggon@noaa.gov and kelvin.bates@colorado.edu
PROJECT_INFO: USOS Deployment July-August, 2024
STIPULATIONS_ON_USE: Use of these data require prior OK from PI.
OTHER_COMMENTS: Uncertainties:
CH3OH_NOAAPTR_ppbv:30%; CH3CN_NOAAPTR_ppbv:30%; CH3CHO_NOAAPTR_ppbv:30%; C2H5OH_NOAAPTR_ppbv:30%; CH3SH_NOAAPTR_ppbv:50%; Acrolein_NOAAPTR_ppbv:30%; AcetonePropanal_NOAAPTR_ppbv:30%; DMS_NOAAPTR_ppbv:30%; C5H8_NOAAPTR_ppbv:30%; MVKMAC_NOAAPTR_ppbv:30%; 
Benzene_NOAAPTR_ppbv:30%; Toluene_NOAAPTR_ppbv:30%; Styrene_NOAAPTR_ppbv:30%; Benzaldehyde_NOAAPTR_ppbv:30%; C8Aromatics_NOAAPTR_ppbv:30%; C9Aromatics_NOAAPTR_ppbv:30%; Naphthalene_NOAAPTR_ppbv:30%; Octanal_NOAAPTR_ppbv:30%; Monoterpenes_NOAAPTR_ppbv:30%; Nonanal_NOAAPTR_ppbv:30%; 
C7H4ClF3_NOAAPTR_ppbv:30%; C10H30O5Si5_NOAAPTR_ppbv:30%; 
REVISION: RA
RA: Field Data
Time_Start, CH3OH_NOAAPTR_ppbv, CH3CN_NOAAPTR_ppbv, CH3CHO_NOAAPTR_ppbv, C2H5OH_NOAAPTR_ppbv, CH3SH_NOAAPTR_ppbv, Acrolein_NOAAPTR_ppbv, AcetonePropanal_NOAAPTR_ppbv, DMS_NOAAPTR_ppbv, C5H8_NOAAPTR_ppbv, MVKMAC_NOAAPTR_ppbv, Benzene_NOAAPTR_ppbv, Toluene_NOAAPTR_ppbv, Styrene_NOAAPTR_ppbv, Benzaldehyde_NOAAPTR_ppbv, C8Aromatics_NOAAPTR_ppbv, C9Aromatics_NOAAPTR_ppbv, Naphthalene_NOAAPTR_ppbv, Octanal_NOAAPTR_ppbv, Monoterpenes_NOAAPTR_ppbv, Nonanal_NOAAPTR_ppbv, C7H4ClF3_NOAAPTR_ppbv, C10H30O5Si5_NOAAPTR_ppbv
[from data line 586]
35160.0, -9999.00000, -9999.00000, -9999.00000, -9999.00000, -9999.00000, -9999.00000, -9999.00000, -9999.00000, -9999.00000, -9999.00000, -9999.00000, -9999.00000, -9999.00000, -9999.00000, -9999.00000, -9999.00000, -9999.00000, -9999.00000, -9999.00000, -9999.00000, -9999.00000, -9999.00000 
35220.0, -9999.00000, -9999.00000, -9999.00000, -9999.00000, -9999.00000, -9999.00000, -9999.00000, -9999.00000, -9999.00000, -9999.00000, -9999.00000, -9999.00000, -9999.00000, -9999.00000, -9999.00000, -9999.00000, -9999.00000, -9999.00000, -9999.00000, -9999.00000, -9999.00000, -9999.00000 
35280.0, -9999.00000, -9999.00000, -9999.00000, -9999.00000, -9999.00000, -9999.00000, -9999.00000, -9999.00000, -9999.00000, -9999.00000, -9999.00000, -9999.00000, -9999.00000, -9999.00000, -9999.00000, -9999.00000, -9999.00000, -9999.00000, -9999.00000, -9999.00000, -9999.00000, -9999.00000 
35340.0, -9999.00000, -9999.00000, -9999.00000, -9999.00000, -9999.00000, -9999.00000, -9999.00000, -9999.00000, -9999.00000, -9999.00000, -9999.00000, -9999.00000, -9999.00000, -9999.00000, -9999.00000, -9999.00000, -9999.00000, -9999.00000, -9999.00000, -9999.00000, -9999.00000, -9999.00000 
35400.0, -9999.00000, -9999.00000, -9999.00000, -9999.00000, -9999.00000, -9999.00000, -9999.00000, -9999.00000, -9999.00000, -9999.00000, -9999.00000, -9999.00000, -9999.00000, -9999.00000, -9999.00000, -9999.00000, -9999.00000, -9999.00000, -9999.00000, -9999.00000, -9999.00000, -9999.00000 
35460.0, -9999.00000, -9999.00000, -9999.00000, -9999.00000, -9999.00000, -9999.00000, -9999.00000, -9999.00000, -9999.00000, -9999.00000, -9999.00000, -9999.00000, -9999.00000, -9999.00000, -9999.00000, -9999.00000, -9999.00000, -9999.00000, -9999.00000, -9999.00000, -9999.00000, -9999.00000 
35520.0, -9999.00000, -9999.00000, -9999.00000, -9999.00000, -9999.00000, -9999.00000, -9999.00000, -9999.00000, -9999.00000, -9999.00000, -9999.00000, -9999.00000, -9999.00000, -9999.00000, -9999.00000, -9999.00000, -9999.00000, -9999.00000, -9999.00000, -9999.00000, -9999.00000, -9999.00000 
35580.0, 12.97989, -9999.00000, -9999.00000, 7.27024, 0.00435, 0.34425, 4.23763, 0.00991, -9999.00000, -9999.00000, 0.12888, 0.42497, 0.05514, -9999.00000, 0.28161, 0.13978, 0.00045, 0.04768, 0.18372, 0.09310, 0.00707, 0.01161 
35640.0, 18.40161, 0.30236, 2.41400, 7.92264, 0.00347, 0.26050, 4.23497, 0.00659, 0.22634, 0.38819, 0.15337, 0.43161, 0.03560, -9999.00000, 0.27837, 0.12357, 0.00840, 0.08080, 0.21147, 0.09008, 0.01431, 0.01529 
35700.0, 29.60271, 0.31432, 2.51470, 7.97270, 0.00064, 0.28088, 4.10284, 0.00948, 0.18960, 0.36873, 0.15635, 0.37457, 0.03479, -9999.00000, 0.26982, 0.11292, 0.01641, 0.06788, 0.19010, 0.08840, 0.00586, 0.01193 
35760.0, 14.27014, 0.28701, 2.43927, 8.72225, 0.00421, 0.27632, 4.14781, 0.01552, 0.20954, 0.34701, 0.16935, 0.38330, 0.04271, -9999.00000, 0.26551, 0.12000, 0.01094, 0.05691, 0.35415, 0.07866, 0.01431, 0.00705 
35820.0, 15.85798, 0.27669, 3.34955, 16.98293, 0.00827, 0.36199, 4.39005, -0.00034, 0.27097, 0.39705, 0.13506, 0.58565, 0.05608, -9999.00000, 0.36302, 0.15297, 0.01974, 0.08577, 0.19414, 0.12351, 0.01742, 0.02044 
35880.0, 14.23996, 0.26797, 2.86607, 12.53305, 0.00288, 0.30059, 4.20248, -0.00034, 0.19925, 0.35872, 0.14113, 0.41969, 0.03780, -9999.00000, 0.30912, 0.12648, 0.01815, 0.05162, 0.16376, 0.09827, 0.01140, 0.01184 
35940.0, 13.82030, 0.30926, 2.82725, 13.02249, 0.00649, 0.30287, 4.15105, 0.00084, 0.21506, 0.37239, 0.10153, 0.65061, 0.05227, -9999.00000, 0.38263, 0.13432, -0.00458, 0.04731, 0.18251, 0.09233, 0.01330, 0.01372 
36000.0, 14.37510, 0.26357, 2.66868, 11.48391, 0.00093, 0.29702, 4.22082, 0.00799, 0.27055, 0.38158, 0.04963, 0.44903, 0.01122, -9999.00000, 0.32113, 0.12436, 0.01000, 0.05351, 0.15381, 0.07124, 0.01757, 0.01459 
36060.0, 14.35817, 0.27679, 2.86613, 14.69482, 0.01057, 0.36636, 4.34109, 0.03001, 0.26077, 0.38431, 0.08733, 0.49769, 0.02258, -9999.00000, 0.32308, 0.12907, 0.01990, 0.07290, 0.17833, 0.08166, 0.01441, 0.01699 
36120.0, 16.20424, 0.30852, 2.94988, 14.03206, 0.00713, 0.31700, 4.42464, -0.00034, 0.27116, 0.38293, 0.17127, 0.63474, 0.06380, -9999.00000, 0.39043, 0.17597, 0.01009, 0.08832, 0.23122, 0.13001, 0.01619, 0.01490 
36180.0, 14.21807, 0.26832, 2.56702, 9.11102, 0.00387, 0.27363, 4.13484, -0.00034, 0.26036, 0.40255, 0.14477, 0.49757, 0.04490, -9999.00000, 0.33226, 0.13393, 0.01150, 0.04527, 0.18683, 0.09572, 0.02102, 0.01803 
36240.0, 16.93089, 0.27427, 2.85882, 8.89305, 0.01211, 0.31391, 4.29996, 0.00773, 0.25398, 0.38969, 0.13897, 0.51474, 0.05496, -9999.00000, 0.32181, 0.11487, 0.00660, 0.05619, 0.25703, 0.09425, 0.01831, 0.01220 
36300.0, 17.86558, 0.27126, 2.99677, 9.68400, 0.00702, 0.33034, 4.43222, -0.00034, 0.24147, 0.41795, 0.23487, 0.56346, 0.04909, -9999.00000, 0.35400, 0.15402, 0.01887, 0.08490, 0.27059, 0.08765, 0.01512, 0.02238 
36360.0, 16.28864, 0.28901, 3.09264, 11.95181, 0.00254, 0.31387, 4.47059, 0.01194, 0.31010, 0.39274, 0.22992, 0.57822, 0.05861, -9999.00000, 0.37701, 0.14911, 0.01878, 0.07125, 0.23013, 0.14068, 0.01557, 0.01822 
36420.0, 19.81200, 0.28148, 3.04578, 11.61521, 0.00397, 0.33136, 4.41257, -0.00034, 0.24565, 0.38584, 0.13712, 0.53558, -0.00541, -9999.00000, 0.33582, 0.13409, 0.01879, 0.08943, 0.23625, 0.12494, 0.01528, 0.02060 
36480.0, 14.76345, 0.26809, 2.90043, 9.79073, 0.00445, 0.30576, 4.29031, 0.02035, 0.21582, 0.39987, 0.04424, 0.44372, 0.03546, -9999.00000, 0.33103, 0.11668, -0.00111, 0.07216, 0.25070, 0.10089, 0.01399, 0.01635 
36540.0, 15.71448, 0.28110, 2.85950, 9.38640, 0.00205, 0.33562, 4.36371, 0.01392, 0.21175, 0.37602, 0.09115, 0.44365, 0.04781, -9999.00000, 0.30124, 0.12099, 0.02256, 0.08579, 0.17766, 0.09240, 0.01798, 0.01227 
36600.0, 20.33405, 0.28212, 3.05150, 10.97055, 0.00689, 0.27855, 4.48875, 0.00277, 0.23906, 0.42732, 0.12051, 0.62580, 0.04146, -9999.00000, 0.36739, 0.14371, 0.00893, 0.09092, 0.20389, 0.11698, 0.01286, 0.02367 
36660.0, 18.93563, 0.24622, 2.89329, 9.49448, 0.00449, 0.31786, 4.52226, 0.00142, 0.21634, 0.40602, 0.19845, 0.55605, 0.00046, -9999.00000, 0.36960, 0.14976, 0.00697, 0.10001, 0.22348, 0.10389, 0.00998, 0.01588 
36720.0, 17.65898, 0.25910, 2.82853, 9.95447, 0.00664, 0.33081, 4.30719, 0.00552, 0.29099, 0.40421, 0.18469, 0.46867, 0.05874, -9999.00000, 0.36151, 0.13543, 0.00494, 0.06913, 0.18366, 0.11488, 0.01336, 0.01601 
36780.0, 15.95691, 0.26834, 2.75742, 9.12871, 0.00562, 0.31317, 4.37555, 0.00635, 0.22238, 0.37749, 0.13250, 0.46693, 0.04098, -9999.00000, 0.34002, 0.13117, -0.00462, 0.05769, 0.18629, 0.13600, 0.00687, 0.01366 
36840.0, 18.59064, 0.27082, 2.79516, 10.20854, 0.00546, 0.33825, 4.43734, 0.00992, 0.28330, 0.43633, 0.07774, 0.52312, 0.05924, -9999.00000, 0.32943, 0.13224, 0.01773, 0.06083, 0.15991, 0.11625, 0.01562, 0.02253 
36900.0, 14.22468, 0.25685, 2.54319, 7.79745, 0.00636, 0.32001, 4.18641, -0.00034, 0.25011, 0.39684, 0.06859, 0.45023, 0.03755, -9999.00000, 0.30398, 0.10699, -0.00462, 0.03390, 0.17863, 0.08952, 0.01148, 0.01490 
36960.0, 17.85607, 0.24795, 2.83775, 10.59632, 0.00705, 0.36331, 4.41480, 0.01256, 0.26666, 0.42866, 0.10174, 0.50269, 0.05510, -9999.00000, 0.36886, 0.14704, 0.00661, 0.09018, 0.22596, 0.11954, 0.01978, 0.01785 
37020.0, 17.16877, 0.24390, 2.88240, 10.13962, 0.01044, 0.34792, 4.49045, 0.01944, 0.26372, 0.40954, 0.13264, 0.57083, 0.06699, -9999.00000, 0.37144, 0.16023, -0.00446, 0.05873, 0.20767, 0.08269, 0.01524, 0.01890 
37080.0, 17.94444, 0.24578, 2.49635, 9.80379, 0.00558, 0.31000, 4.28224, 0.02410, 0.20553, 0.40102, 0.14164, 0.46587, 0.04689, -9999.00000, 0.31146, 0.13510, 0.00878, 0.02918, 0.17331, 0.09899, 0.00733, 0.01313 
37140.0, 17.87180, 0.24256, 2.74853, 9.58981, 0.00579, 0.34579, 4.38306, 0.00549, 0.24542, 0.40619, 0.12665, 0.45238, 0.04353, -9999.00000, 0.28045, 0.12559, 0.01527, 0.07099, 0.22363, 0.09929, 0.01468, 0.02552 
37200.0, 17.19863, 0.27111, 2.56657, 10.09330, 0.01318, 0.30124, 4.36320, 0.01930, 0.33053, 0.39213, 0.14617, 0.48280, 0.04384, -9999.00000, 0.30205, 0.13734, 0.01423, 0.07430, 0.18038, 0.09919, 0.00998, 0.02537 
37260.0, 14.72086, 0.23942, 2.34075, 7.92171, 0.00222, 0.29436, 4.08885, 0.01158, 0.22310, 0.37630, 0.10027, 0.40890, 0.03615, -9999.00000, 0.26275, 0.08890, 0.01170, 0.05144, 0.17484, 0.08924, 0.01804, 0.02008 
37320.0, 15.18785, 0.23177, 2.52128, 8.37111, 0.00602, 0.32827, 4.19267, 0.02625, 0.28850, 0.38572, 0.07200, 0.40311, 0.00746, -9999.00000, 0.29114, 0.10116, 0.00571, 0.08112, 0.15739, 0.07185, 0.01227, 0.01457 
37380.0, 16.75192, 0.24204, 2.81314, 9.52466, 0.00769, 0.33069, 4.46966, 0.01738, 0.28334, 0.41396, 0.15222, 0.52457, 0.05937, -9999.00000, 0.33610, 0.12069, 0.02314, 0.07844, 0.24206, 0.12676, 0.01534, 0.01144 
37440.0, 17.16554, 0.22132, 2.60919, 9.03008, 0.01206, 0.31458, 4.35359, -0.00034, 0.21625, 0.42403, 0.11751, 0.47642, 0.04138, -9999.00000, 0.31811, 0.11566, 0.00048, 0.07012, 0.26138, 0.09358, 0.01244, 0.01151 
37500.0, 14.00088, 0.25692, 2.29710, 8.26357, 0.00441, 0.26963, 4.18364, 0.00521, 0.23534, 0.39559, 0.14022, 0.41230, 0.04622, -9999.00000, 0.25271, 0.09561, 0.00458, 0.05178, 0.22155, 0.10753, 0.01172, 0.01227 
37560.0, 13.47474, 0.24007, 2.28495, 7.35075, 0.00482, 0.25275, 3.99202, 0.00742, 0.22215, 0.35316, 0.11366, 0.33316, 0.04724, -9999.00000, 0.24839, 0.08801, 0.00720, 0.04172, 0.17356, 0.10344, 0.00726, 0.00925 
37620.0, 14.95151, 0.24492, 2.37819, 7.59271, 0.00649, 0.26620, 4.12631, -0.00034, 0.24820, 0.38043, 0.07808, 0.41431, -0.00528, -9999.00000, 0.25920, 0.10861, 0.01690, 0.07818, 0.18177, 0.10357, 0.01976, 0.02123 
37680.0, 10.90383, 0.23854, 1.72429, 4.45698, 0.00827, 0.21295, 3.62836, 0.00708, 0.13144, 0.34504, 0.00751, 0.23258, 0.01555, -9999.00000, 0.13994, 0.06419, 0.00767, 0.04091, 0.11008, 0.07080, 0.00888, 0.00600 
37740.0, 15.02449, 0.23640, 2.33878, 7.05867, 0.00771, 0.30227, 4.08669, 0.01978, 0.19416, 0.34806, 0.03964, 0.36099, 0.02580, -9999.00000, 0.23533, 0.07579, 0.01291, 0.08287, 0.19209, 0.06712, 0.01263, 0.01161 
37800.0, 17.79387, 0.23474, 2.38816, 11.99902, 0.00520, 0.27070, 4.18680, 0.01048, 0.25438, 0.39761, 0.27624, 1.25128, 0.05714, -9999.00000, 0.55799, 0.20596, 0.00657, 0.06211, 0.21358, 0.08151, 0.00753, 0.01515 
37860.0, 13.21599, 0.24216, 2.13319, 6.15311, 0.00597, 0.24922, 3.91325, -0.00034, 0.24653, 0.38384, 0.10966, 0.41025, 0.04051, -9999.00000, 0.26472, 0.10156, 0.00780, 0.04169, 0.15988, 0.08831, 0.00948, 0.00892 
37920.0, 12.28088, 0.23370, 2.09166, 5.99075, 0.00193, 0.24062, 3.87003, 0.01057, 0.22259, 0.37772, 0.09694, 0.41715, 0.01495, -9999.00000, 0.28761, 0.11223, 0.00716, 0.04833, 0.18548, 0.06097, 0.01310, 0.00771 
37980.0, 14.80199, 0.22017, 2.67809, 16.85309, 0.00034, 0.25778, 3.96937, -0.00034, 0.21487, 0.41144, 0.07365, 0.44831, 0.03959, -9999.00000, 0.30582, 0.12103, 0.01162, 0.06864, 0.21631, 0.08523, 0.01171, 0.01877 
38040.0, 14.33057, 0.22641, 2.40102, 12.58595, 0.00678, 0.31205, 4.00792, 0.00002, 0.26949, 0.35650, 0.12379, 0.41985, 0.03131, -9999.00000, 0.25104, 0.10126, -0.00467, 0.06667, 0.19089, 0.09149, 0.01533, 0.01729 
38100.0, 14.52260, 0.23946, 2.40749, 10.25817, 0.00370, 0.26588, 4.02971, 0.01089, 0.22410, 0.41570, 0.06868, 0.39196, -0.00523, -9999.00000, 0.24412, 0.09919, -0.00468, 0.05739, 0.19528, 0.10051, 0.01366, 0.01062 
38160.0, 13.90520, 0.23508, 2.24135, 7.36197, 0.00184, 0.29400, 3.90608, 0.00832, 0.22611, 0.36515, 0.05329, 0.33584, -0.00522, -9999.00000, 0.20694, 0.09464, -0.00200, 0.05669, 0.21265, 0.07598, 0.01584, 0.01343 
38220.0, 17.24331, 0.23698, 2.65328, 9.49167, 0.00450, 0.31677, 4.36570, 0.01579, 0.26832, 0.42458, 0.04923, 0.44343, 0.03063, -9999.00000, 0.26855, 0.11873, 0.00712, 0.07001, 0.26016, 0.07495, 0.01405, 0.01384 
38280.0, 15.86122, 0.20989, 2.49833, 8.47747, 0.00603, 0.27974, 4.18710, 0.00276, 0.23478, 0.40781, 0.14842, 0.42997, 0.04582, -9999.00000, 0.29342, 0.12010, 0.01452, 0.08105, 0.20888, 0.12308, 0.00913, 0.01436 
38340.0, 18.72646, 0.23549, 2.82225, 9.23216, 0.00889, 0.30738, 4.48692, 0.01799, 0.23614, 0.40045, 0.17218, 0.50214, 0.04249, -9999.00000, 0.34773, 0.13976, 0.01214, 0.04375, 0.23806, 0.13055, 0.02194, 0.02420 
38400.0, 15.75385, 0.25456, 2.65994, 8.82998, 0.00456, 0.31058, 4.48739, 0.01285, 0.24261, 0.41194, 0.14448, 0.49144, 0.03088, -9999.00000, 0.33968, 0.12803, 0.01891, 0.06897, 0.23692, 0.13931, 0.01336, 0.02024 
38460.0, 16.38775, 0.21868, 2.67668, 8.83281, 0.00718, 0.29526, 4.50512, 0.01329, 0.28506, 0.42661, 0.13254, 0.52485, 0.05352, -9999.00000, 0.32080, 0.12347, 0.01682, 0.04130, 0.22733, 0.10126, 0.01398, 0.01225 
38520.0, 16.55198, 0.23748, 2.67213, 8.24551, 0.00932, 0.29100, 4.51343, -0.00034, 0.23614, 0.38878, 0.14096, 0.50019, 0.03213, -9999.00000, 0.34208, 0.13200, 0.01292, 0.06406, 0.21831, 0.11789, 0.01761, 0.01149 
38580.0, 17.08982, 0.23353, 2.80167, 9.02427, 0.00704, 0.35276, 4.74655, 0.01971, 0.30096, 0.40045, 0.10160, 0.57159, 0.05305, -9999.00000, 0.35106, 0.14650, 0.02369, 0.05651, 0.19840, 0.12161, 0.01233, 0.01425 
38640.0, 18.80487, 0.26438, 3.14498, 11.18160, 0.00813, 0.34986, 6.03750, 0.01151, 0.29254, 0.45119, 0.14514, 0.78413, 0.06104, -9999.00000, 0.47578, 0.18899, 0.03390, 0.08783, 0.26811, 0.13305, 0.01155, 0.02743 
38700.0, 18.86680, 0.22854, 2.82880, 9.25406, 0.01111, 0.33566, 4.96235, 0.02526, 0.28390, 0.40472, 0.10073, 0.62854, 0.03547, -9999.00000, 0.39492, 0.14701, 0.00152, 0.08694, 0.23313, 0.13337, 0.01054, 0.01890 
38760.0, 15.78258, 0.21849, 2.52775, 7.94025, 0.00839, 0.28056, 4.51446, -0.00034, 0.22531, 0.41147, 0.13622, 0.52338, 0.06497, -9999.00000, 0.34199, 0.13897, 0.01667, 0.05314, 0.18284, 0.13013, 0.01442, 0.01886 
38820.0, 17.97246, 0.23950, 2.91079, 9.05059, 0.00283, 0.31031, 4.68594, -0.00034, 0.26793, 0.41368, 0.18327, 0.53979, 0.06461, -9999.00000, 0.36181, 0.14362, 0.01394, 0.06775, 0.22323, 0.09110, 0.01268, 0.01251 
38880.0, 17.51306, 0.23637, 3.19567, 9.98992, 0.00910, 0.32844, 5.07030, 0.00947, 0.24501, 0.42919, 0.18312, 0.56546, 0.05958, -9999.00000, 0.38181, 0.14220, 0.01494, 0.08854, 0.24959, 0.12287, 0.01045, 0.01864 
38940.0, 15.76130, 0.22556, 2.97494, 9.52424, 0.00452, 0.34525, 4.73296, 0.01699, 0.24864, 0.42470, 0.21673, 0.66527, 0.04487, -9999.00000, 0.38248, 0.15256, 0.02032, 0.07347, 0.26007, 0.12813, 0.02334, 0.01229 
39000.0, 16.57145, 0.24042, 3.03450, 9.84656, 0.00511, 0.34221, 4.84103, 0.01260, 0.32061, 0.42943, 0.19064, 0.66504, -0.00494, -9999.00000, 0.40785, 0.16203, 0.01055, 0.05968, 0.24631, 0.13650, 0.01833, 0.01812 
39060.0, 15.86778, 0.22393, 3.09569, 9.80201, 0.00500, 0.34580, 4.98273, 0.01831, 0.25636, 0.43255, 0.21596, 0.62471, 0.04632, -9999.00000, 0.41002, 0.17090, 0.01922, 0.09853, 0.21832, 0.12537, 0.01240, 0.01353 
39120.0, 17.02557, 0.20827, 3.26054, 12.28699, 0.01024, 0.34084, 5.06178, 0.00363, 0.27295, 0.41540, 0.16382, 0.58924, 0.05384, -9999.00000, 0.40334, 0.17054, 0.00614, 0.06248, 0.27871, 0.11824, 0.02194, 0.01286 
39180.0, 50.83699, 0.24622, 3.44217, 11.65233, 0.01026, 0.34826, 5.18346, -0.00034, 0.28252, 0.45847, 0.24236, 0.71942, 0.06474, -9999.00000, 0.47348, 0.19727, 0.01439, 0.06129, 0.29089, 0.09165, 0.02110, 0.02074 
39240.0, 31.30724, 0.23121, 3.58767, 12.46012, 0.00677, 0.36179, 5.17285, 0.01661, 0.34003, 0.44700, 0.30020, 0.92394, 0.08950, -9999.00000, 0.62472, 0.27620, 0.01168, 0.08206, 0.33357, 0.09349, 0.03119, 0.02223 
39300.0, 30.38429, 0.23940, 3.39254, 12.83769, 0.00804, 0.38022, 5.25767, 0.01859, 0.32870, 0.45586, 0.23012, 0.85542, 0.06802, -9999.00000, 0.54493, 0.21406, 0.01793, 0.09106, 0.30574, 0.13236, 0.02407, 0.02333 
39360.0, 19.61370, 0.23164, 3.45867, 11.39192, 0.01040, 0.36647, 5.14607, 0.01434, 0.33173, 0.47290, 0.14152, 0.63490, 0.03346, -9999.00000, 0.42889, 0.15858, 0.01391, 0.09083, 0.34255, 0.12155, 0.01885, 0.02621 
