CampaignData_and_Merges/R0/CSL_MobileLab_Parked/raw/20240807/USOS-POPS_MobileLabGround_20240807_R0.ict
78, 1001
Thornberry, T. D.
NOAA Chemical Sciences Laboratory
Portable Optical Particle Spectrometer (POPS)
USOS
1, 1
2024, 08, 07, 2025, 05, 08
60
Time_Start, seconds_past_midnight, Start time of measurement
45
1, 1, 1, 1, 1, 1, 1, 1, 1, 1, 1, 1, 1, 1, 1, 1, 1, 1, 1, 1, 1, 1, 1, 1, 1, 1, 1, 1, 1, 1, 1, 1, 1, 1, 1, 1, 1, 1, 1, 1, 1, 1, 1, 1, 1
-9999, -9999, -9999, -9999, -9999, -9999, -9999, -9999, -9999, -9999, -9999, -9999, -9999, -9999, -9999, -9999, -9999, -9999, -9999, -9999, -9999, -9999, -9999, -9999, -9999, -9999, -9999, -9999, -9999, -9999, -9999, -9999, -9999, -9999, -9999, -9999, -9999, -9999, -9999, -9999, -9999, -9999, -9999, -9999, -9999
Time_Stop, seconds_past_midnight, Stop time of measurement
Time_Mid, seconds_past_midnight, Mid time of measurement
Press_mb, mb, Pressure reported (mb)
Temp_C, degrees C, POPS temperature measurement
Aerosol_concentration, cm^-3, Aerosol concentration
Surface_Area_Conc, um^2 cm^-3, Surface area concentration
Volume_density, um^3 cm^-3, Volume density
Effective_radius, um, Effective radius
Extinction, km^-1, Extinction
Bin01, cm^-3, particle concentration in size range [1401 - 146.3 nm]
Bin02, cm^-3, particle concentration in size range [146.3 - 152.8 nm]
Bin03, cm^-3, particle concentration in size range [152.8 - 159.6 nm]
Bin04, cm^-3, particle concentration in size range [159.6 - 166.8 nm]
Bin05, cm^-3, particle concentration in size range [166.8 - 174.2 nm]
Bin06, cm^-3, particle concentration in size range [174.2 - 181.9 nm]
Bin07, cm^-3, particle concentration in size range [181.9 - 190.0 nm]
Bin08, cm^-3, particle concentration in size range [190.0 - 198.5 nm]
Bin09, cm^-3, particle concentration in size range [198.5 - 207.4 nm]
Bin10, cm^-3, particle concentration in size range [207.4 - 216.6 nm]
Bin11, cm^-3, particle concentration in size range [216.6 - 226.2 nm]
Bin12, cm^-3, particle concentration in size range [226.2 - 236.3 nm]
Bin13, cm^-3, particle concentration in size range [236.3 - 246.8 nm]
Bin14, cm^-3, particle concentration in size range [246.8 - 257.8 nm]
Bin15, cm^-3, particle concentration in size range [257.8 - 269.3 nm]
Bin16, cm^-3, particle concentration in size range [269.3 - 343.4 nm]
Bin17, cm^-3, particle concentration in size range [343.4 - 450.7 nm]
Bin18, cm^-3, particle concentration in size range [450.7 - 525.9 nm]
Bin19, cm^-3, particle concentration in size range [525.9 - 618.5 nm]
Bin20, cm^-3, particle concentration in size range [618.5 - 710.0 nm]
Bin21, cm^-3, particle concentration in size range [710.0 - 822.7 nm]
Bin22, cm^-3, particle concentration in size range [822.7 - 885.9 nm]
Bin23, cm^-3, particle concentration in size range [885.9 - 953.9 nm]
Bin24, cm^-3, particle concentration in size range [953.9 - 1027.2 nm]
Bin25, cm^-3, particle concentration in size range [1027.2 - 1106.1 nm]
Bin26, cm^-3, particle concentration in size range [1106.1 - 1191.0 nm]
Bin27, cm^-3, particle concentration in size range [1191.0 - 1282.5 nm]
Bin28, cm^-3, particle concentration in size range [1282.5 - 1381.0 nm]
Bin29, cm^-3, particle concentration in size range [1381.0 - 1487.1 nm]
Bin30, cm^-3, particle concentration in size range [1487.1 - 1601.3 nm]
Bin31, cm^-3, particle concentration in size range [1601.3 - 1724.3 nm]
[...]
PLATFORM: NOAA CSL Mobile Lab
LOCATION: USOS
ASSOCIATED_DATA: N/A
INSTRUMENT_INFO: Printed Optical Particle Spectrometer counts particles from 140 - 2500 nm in diameter 
DATA_INFO: Particle concentrations reported in number per cubic centimeter,1 Hz data
UNCERTAINTY: Counting uncertainty dominated by air flow, less than 5 percent. Measurement range is ~0 - 3000 per cm3 (varies depending on flow rate- manufacturer quotes 1250 per cm3 at 1.667 cc/s)
ULOD_FLAG: -7777
ULOD_VALUE: N/A
LLOD_FLAG: -8888
LLOD_VALUE: N/A
DM_CONTACT_INFO: Troy Thornberry, 325 Broadway R/CSL6, Boulder, CO 80305; troy.thornberry@noaa.gov; 303-497-3373
PROJECT_INFO: USOS, Utah POPS data from NOAA CSL Mobile Lab
STIPULATIONS_ON_USE: Please contact the PIs for questions regarding applications and uncertainties
OTHER_COMMENTS: POPS bin Edges (nm):  140.1, 146.3, 152.8, 159.6, 166.8, 174.2, 181.9, 190.0, 198.5, 207.4, 216.6, 226.2, 236.3, 246.8, 257.8, 269.3, 343.4, 450.7, 525.9, 618.5, 710.0, 822.7, 885.9, 953.9, 1027.2, 1106.1, 1191.0, 1282.5, 1381.0, 1487.1, 1601.3, 1724.3, 1856.7, 1999.3, 2152.8, 2318.2, 2496.2
Calculations assume organic aerosol refractive index of 1.52+0.00j and extinction wavelength = 532 nm
REVISION: R0
R0: Final data
Time_Start, Time_Stop, Time_Mid, Press_mb, Temp_C, Aerosol_concentration, Surface_Area_Conc, Volume_density, Effective_radius, Extinction, Bin01, Bin02, Bin03, Bin04, Bin05, Bin06, Bin07, Bin08, Bin09, Bin10, Bin11, Bin12, Bin13, Bin14, Bin15, Bin16, Bin17, Bin18, Bin19, Bin20, Bin21, Bin22, Bin23, Bin24, Bin25, Bin26, Bin27, Bin28, Bin29, Bin30, Bin31, Bin32, Bin33, Bin34, Bin35, Bin36
[from data line 282]
16920,16979,16950,870.581,32.268,236.970,32.950,2.118,0.186,0.008,31.217047,27.991831,24.480434,21.841103,18.822752,16.514858,13.585100,11.820395,9.995363,8.459149,7.445726,7.249372,6.299590,5.976715,4.500560,14.353111,4.330905,1.022793,0.438622,0.111036,0.061254,0.056130,0.033419,0.033430,0.045359,0.005727,0.033218,0.049932,0.033562,0.027712,0.033542,0.033391,0.027874,0.011261,0.000000,0.027747
16980,17039,17010,870.574,32.208,239.303,33.196,2.004,0.176,0.008,31.284746,27.771982,24.252150,21.682364,19.114962,16.711994,14.132955,11.697717,10.327036,8.899404,7.720761,7.471828,6.782157,5.931817,4.573573,13.858709,4.861245,1.239980,0.448700,0.067090,0.061574,0.055211,0.044326,0.055355,0.011243,0.027986,0.027513,0.022525,0.005593,0.038781,0.038821,0.011224,0.016649,0.027709,0.005612,0.022140
17040,17099,17070,870.573,32.189,238.253,34.188,2.356,0.201,0.009,31.082296,26.742895,24.293268,21.679691,18.807333,16.631794,13.746410,11.961868,10.177876,8.859699,8.029151,7.086523,6.888356,6.027466,4.646337,14.365695,4.685992,1.387374,0.497207,0.083878,0.077795,0.039078,0.055317,0.066987,0.021865,0.016564,0.016817,0.060869,0.005482,0.044528,0.027704,0.033562,0.033407,0.022094,0.021978,0.027891
17100,17159,17130,870.573,32.166,238.508,33.983,2.340,0.199,0.009,30.385630,27.566332,23.817608,21.823614,19.588816,15.954518,13.714806,12.174446,10.040908,9.081738,8.102818,7.348690,6.770553,5.638789,4.486952,14.739371,4.663687,1.356402,0.623805,0.105186,0.083998,0.072128,0.033132,0.027742,0.022315,0.028024,0.022088,0.016595,0.027706,0.022186,0.033709,0.061444,0.016769,0.010931,0.016705,0.027558
17160,17219,17190,870.556,32.156,236.951,33.057,2.056,0.180,0.008,31.590012,27.012777,24.196198,21.750662,18.464548,16.724703,14.210873,11.615930,9.895805,8.655028,7.320972,7.202958,6.356996,5.850393,4.632363,14.311152,4.818699,1.230601,0.552849,0.060872,0.088253,0.071758,0.049929,0.033124,0.016894,0.005574,0.038582,0.016170,0.027135,0.033291,0.016578,0.028135,0.033146,0.005556,0.010971,0.021959
17220,17279,17250,870.578,32.146,238.042,34.464,2.382,0.200,0.009,30.872110,28.377918,24.281824,20.991049,19.125351,15.912260,13.702575,11.826989,9.663253,8.649533,7.790205,7.104822,6.399272,6.319007,4.631841,14.872905,4.906570,1.285923,0.561935,0.133472,0.089434,0.077451,0.049606,0.044376,0.055615,0.038771,0.044696,0.016762,0.016798,0.033127,0.039129,0.027729,0.022567,0.027524,0.005612,0.044330
17280,17339,17310,870.581,32.172,236.686,34.603,2.584,0.216,0.009,30.966875,26.924894,24.039080,21.874546,19.001493,16.388050,13.676577,11.699324,9.633973,9.095587,7.446659,7.139767,6.581063,6.128029,4.659810,14.290934,4.640429,1.204269,0.573523,0.083285,0.055311,0.038985,0.022316,0.055472,0.050005,0.033436,0.038876,0.050007,0.033042,0.055133,0.055388,0.044491,0.038584,0.005631,0.016669,0.044339
17340,17399,17370,870.592,32.155,236.605,34.124,2.271,0.195,0.009,30.871712,27.008249,23.721584,21.790232,19.351248,16.153408,13.760374,11.887584,9.765598,8.496357,7.675776,7.131765,6.623740,5.753820,4.796245,14.220009,4.979486,1.275467,0.599472,0.105653,0.083310,0.050048,0.033441,0.066594,0.060952,0.044323,0.027825,0.038927,0.033359,0.038711,0.066053,0.021855,0.022078,0.005411,0.027538,0.016704
17400,17459,17430,870.585,32.228,238.705,33.774,2.148,0.184,0.009,31.602417,27.606934,24.041805,22.541479,19.300034,16.247990,13.507442,11.844385,10.013773,8.654193,7.528267,6.935250,6.365883,5.866172,4.667564,14.450659,4.935775,1.299517,0.570620,0.141801,0.090373,0.085352,0.033957,0.034248,0.039093,0.017083,0.050981,0.028612,0.045002,0.022416,0.051076,0.033906,0.022530,0.000000,0.016820,0.011433
17460,17519,17490,870.590,32.185,237.403,34.300,2.439,0.207,0.009,31.786606,27.845188,23.646114,20.925158,18.986866,16.251133,14.020625,11.266385,10.113500,8.631994,7.707531,7.138702,6.490345,5.751007,4.899105,14.674280,4.535812,1.335068,0.613888,0.150262,0.077939,0.066690,0.089738,0.066860,0.044447,0.027433,0.011262,0.016706,0.016839,0.027362,0.038539,0.050166,0.043935,0.000000,0.022485,0.033082
17520,17579,17550,870.597,32.184,238.943,34.059,2.273,0.194,0.009,30.566458,27.776815,24.538149,21.580416,18.863598,16.175968,14.006542,12.315720,10.234527,8.471148,7.858802,7.198379,6.713210,5.846255,4.951824,14.652596,4.502605,1.386687,0.582187,0.149148,0.077362,0.055740,0.060662,0.022188,0.061418,0.038724,0.005574,0.027720,0.022488,0.039058,0.043870,0.050346,0.022020,0.016726,0.022200,0.005464
17580,17639,17610,870.598,32.207,237.226,33.757,2.228,0.191,0.009,30.784327,27.629967,23.727886,21.318859,18.957993,15.727350,14.241169,11.735713,10.080750,8.705003,8.073751,7.512162,6.576109,5.793733,4.794665,14.567238,4.494002,1.240180,0.579626,0.123147,0.072369,0.055750,0.055648,0.022608,0.049901,0.033064,0.027836,0.011149,0.022441,0.050346,0.060980,0.038988,0.022410,0.011130,0.011130,0.016669
17640,17699,17670,870.594,32.171,237.264,33.772,2.232,0.193,0.009,31.346287,27.276192,24.281290,21.497404,18.842726,16.442089,14.291007,11.598982,9.727117,8.160802,7.679324,7.687212,6.503938,5.698433,4.767798,14.449135,4.530021,1.245292,0.550545,0.132738,0.061480,0.054971,0.049814,0.033188,0.016898,0.038824,0.022625,0.038781,0.050001,0.038793,0.067064,0.022112,0.011186,0.005556,0.005556,0.039098
17700,17759,17730,870.596,32.139,238.354,33.805,2.318,0.197,0.009,31.010916,28.107233,24.021778,22.125963,19.370489,15.791240,13.891730,11.935088,9.961433,8.942429,7.574194,6.873410,6.580498,5.817528,4.769557,14.732382,4.606862,1.084082,0.505359,0.122507,0.066826,0.050300,0.050098,0.016854,0.028045,0.033393,0.016705,0.033652,0.011204,0.038892,0.044522,0.044305,0.044903,0.011186,0.016594,0.021900
17760,17819,17790,870.600,32.197,235.429,33.415,2.202,0.192,0.009,30.826771,27.934282,24.004154,21.231827,19.042707,15.869685,13.577231,11.431350,10.191968,8.398000,7.481040,6.958275,6.694452,5.794940,4.450231,14.259091,4.940294,1.177784,0.516132,0.117408,0.061094,0.071968,0.038566,0.028234,0.022223,0.033383,0.033153,0.028024,0.028065,0.032623,0.049691,0.027716,0.022079,0.011038,0.022224,0.021724
17820,17879,17850,870.593,32.211,236.864,33.924,2.357,0.202,0.009,30.917858,27.381321,24.361679,22.085690,18.592762,15.973213,13.511006,11.649935,9.996008,9.043171,7.559832,7.407856,6.250037,5.745834,4.559961,14.375710,4.925435,1.313688,0.514952,0.111272,0.077718,0.050259,0.049409,0.044475,0.038240,0.027913,0.054854,0.016913,0.027842,0.050014,0.027785,0.055020,0.016686,0.005537,0.011112,0.033373
17880,17939,17910,870.600,32.185,236.456,33.610,2.254,0.193,0.009,31.144712,27.471649,24.153667,21.244141,18.506594,16.327101,13.493201,11.849676,10.100476,8.882960,7.827398,7.180061,6.734195,5.506995,4.565591,14.386670,4.749541,1.153311,0.504067,0.149977,0.083218,0.050000,0.039004,0.044848,0.022544,0.022397,0.022134,0.005482,0.005669,0.055642,0.055534,0.027930,0.022754,0.033624,0.000000,0.033382
17940,17999,17970,870.596,32.088,235.793,33.269,2.097,0.184,0.009,30.348768,27.580919,23.859180,20.891792,19.198774,16.456177,13.436027,11.633225,10.285147,8.830380,7.848221,6.786096,6.700771,5.471337,4.790262,14.437555,4.715400,1.346235,0.520128,0.127188,0.061038,0.066153,0.065484,0.033044,0.049903,0.016485,0.033110,0.021894,0.010984,0.022225,0.055600,0.033113,0.038386,0.000000,0.005501,0.016668
18000,18059,18030,870.608,32.090,236.246,33.323,2.251,0.196,0.009,31.324419,27.122107,24.041798,21.939156,19.360632,15.921347,13.709222,11.724273,9.855339,8.499827,7.746863,7.026538,6.340599,6.050472,4.746697,14.172941,4.282922,1.220849,0.548707,0.044823,0.083756,0.049929,0.044754,0.066325,0.022190,0.022397,0.039076,0.027641,0.022263,0.028099,0.044185,0.043904,0.022376,0.011060,0.005631,0.033061
18060,18119,18090,870.623,32.092,238.597,33.255,2.114,0.185,0.008,31.425035,28.127024,24.639322,21.098406,18.666275,16.309521,13.981730,12.404459,9.914351,8.731598,7.713854,7.296628,6.053068,6.073518,4.658550,14.633182,4.515252,1.286281,0.484246,0.078773,0.072523,0.050290,0.045369,0.039608,0.045241,0.028214,0.028329,0.016404,0.016466,0.005688,0.062123,0.045456,0.022526,0.000000,0.011215,0.016729
18120,18179,18150,870.612,32.023,242.690,35.546,2.660,0.215,0.010,31.885218,28.436022,24.666237,22.311541,19.216202,16.454205,13.860358,11.999983,10.525001,8.850925,8.047605,7.242849,6.759748,5.963738,4.424846,14.235347,4.814451,1.536662,0.648120,0.078114,0.072036,0.132523,0.077676,0.055438,0.044880,0.038443,0.033425,0.005501,0.044471,0.022141,0.033364,0.049953,0.022525,0.039099,0.016508,0.044876
18180,18239,18210,870.613,32.101,243.151,34.814,2.392,0.196,0.009,31.929075,28.400436,24.057199,22.645456,19.844971,16.655582,13.966722,11.869013,10.494143,8.185195,7.714676,7.396154,6.658227,6.286491,4.688325,14.789536,4.966712,1.299705,0.614294,0.110688,0.071703,0.055560,0.033753,0.049470,0.039138,0.033515,0.049861,0.038763,0.011281,0.033510,0.022715,0.044372,0.016729,0.033751,0.028146,0.016617
18240,18299,18270,870.625,32.065,244.515,35.376,2.546,0.206,0.009,32.210140,28.552834,24.367649,22.247427,19.242136,17.010736,13.757137,12.627337,10.470727,9.236105,7.960001,7.188861,6.630926,6.091747,4.727807,14.740791,4.834341,1.243915,0.582976,0.088786,0.127057,0.071654,0.044527,0.094306,0.016611,0.044059,0.033031,0.027502,0.022353,0.027454,0.032925,0.044841,0.021942,0.044315,0.016612,0.033010
18300,18359,18330,870.624,32.075,240.959,34.423,2.340,0.196,0.009,31.781046,27.930218,24.293766,22.190758,19.215155,15.991186,13.966763,12.221130,9.966437,9.113961,7.715231,7.146883,6.533598,6.061445,4.687100,14.587214,5.011322,1.302647,0.542212,0.096367,0.130020,0.056614,0.056751,0.033908,0.051101,0.022525,0.017106,0.033663,0.016580,0.011225,0.028082,0.039559,0.039914,0.028396,0.016913,0.022538
18360,18419,18390,870.640,32.098,244.642,34.547,2.169,0.182,0.009,32.184769,28.002720,24.822704,22.053841,19.509756,17.251747,14.227636,12.253985,10.191455,8.804636,7.922560,7.386203,6.869774,6.001040,4.537807,14.989736,4.944584,1.435475,0.583148,0.089462,0.089552,0.066396,0.055883,0.033467,0.039180,0.044641,0.039455,0.016653,0.016542,0.061008,0.027841,0.033086,0.022135,0.011041,0.005556,0.016836
18420,18479,18450,870.654,32.010,257.333,38.193,2.904,0.219,0.010,32.899742,29.603519,25.434177,23.063896,21.211941,17.249443,14.920979,12.821780,10.987561,9.275311,8.563918,8.071332,6.804239,6.253851,5.468091,16.410206,5.357829,1.407774,0.690060,0.107029,0.067836,0.074088,0.062616,0.017182,0.056471,0.045334,0.039484,0.050772,0.045331,0.044825,0.050731,0.062469,0.016863,0.022662,0.039597,0.033681
18480,18539,18510,870.653,31.982,253.398,35.553,2.081,0.171,0.009,32.639591,29.933310,24.946922,22.693516,19.774841,17.703424,14.435090,12.795322,10.960241,9.439442,8.443259,7.506743,6.827936,6.091253,5.210630,15.907110,5.360898,1.544946,0.585914,0.099024,0.066082,0.055727,0.049331,0.027838,0.033261,0.022194,0.044531,0.044564,0.011093,0.061311,0.010880,0.016686,0.021955,0.016550,0.000000,0.016743
18540,18599,18570,870.659,31.913,249.717,36.201,2.517,0.203,0.010,32.685200,29.032114,24.984222,22.818438,19.862610,16.607424,14.481465,12.175025,10.726403,9.022516,8.174917,7.571246,6.867362,6.009013,5.178647,15.813539,5.170883,1.265869,0.546946,0.099844,0.060634,0.044561,0.078141,0.049711,0.039175,0.022222,0.033518,0.028118,0.038683,0.066813,0.022542,0.016895,0.038833,0.016437,0.016470,0.050115
18600,18659,18630,870.668,31.885,245.297,34.927,2.282,0.189,0.009,32.827606,28.364697,24.733095,21.945660,19.549326,16.849136,14.218275,12.523482,10.516530,8.873998,7.617305,7.444306,6.682781,5.996700,4.683272,15.023502,4.924891,1.199053,0.584443,0.161059,0.083401,0.032891,0.044214,0.060717,0.044165,0.033825,0.011130,0.038802,0.022280,0.055657,0.055710,0.016728,0.011223,0.016707,0.027875,0.022374
18660,18719,18690,870.664,31.916,247.695,35.104,2.315,0.192,0.009,32.472687,28.638454,25.553932,22.861330,19.839893,17.068634,13.691844,12.229739,10.631777,8.995473,8.184908,7.667360,6.573796,6.129819,4.557405,14.828306,5.103179,1.365519,0.611908,0.133285,0.088903,0.077119,0.038972,0.028332,0.060929,0.011242,0.049780,0.011074,0.016543,0.016991,0.027554,0.033287,0.022095,0.033687,0.005612,0.033656
18720,18779,18750,870.643,32.208,242.464,33.786,2.029,0.176,0.009,31.344315,27.925421,24.613710,22.117256,19.436823,16.560129,14.459341,12.558276,10.269973,9.072353,7.734838,7.246352,6.580996,5.601388,4.912089,14.534435,5.043846,1.242975,0.596580,0.089356,0.111286,0.050639,0.038702,0.045127,0.044380,0.033414,0.011020,0.027745,0.027733,0.039162,0.011111,0.027853,0.016653,0.016840,0.010947,0.011020
18780,18839,18810,870.636,32.413,245.785,36.222,2.846,0.226,0.010,32.633980,28.210918,24.874886,21.592726,19.604822,17.369194,14.671230,12.637804,10.316945,9.190304,7.771127,7.264413,6.710228,6.102319,4.777575,14.653899,4.767814,1.194171,0.537188,0.158552,0.146814,0.039076,0.079113,0.017044,0.044725,0.033661,0.016993,0.034018,0.039709,0.062528,0.028042,0.056296,0.033888,0.039629,0.034289,0.039441
18840,18899,18870,870.658,32.550,244.918,35.810,2.567,0.208,0.010,32.430367,28.483625,24.825060,21.708370,19.166410,17.027617,14.154255,12.222301,10.664894,8.954626,8.190961,7.344267,6.628949,5.999207,4.609923,14.679108,4.795108,1.482889,0.660481,0.128070,0.149788,0.067338,0.066457,0.055228,0.061121,0.038893,0.021896,0.033410,0.038960,0.033086,0.050143,0.038897,0.022336,0.038891,0.016686,0.027974
18900,18959,18930,870.662,32.434,242.873,34.903,2.339,0.196,0.009,31.611385,28.339264,24.674543,21.939114,19.428551,16.554806,13.763710,12.334723,9.975521,9.070215,7.925656,7.659829,6.557159,5.738157,4.702593,14.979511,4.899763,1.354573,0.614270,0.099768,0.095030,0.061064,0.033265,0.044625,0.066345,0.032938,0.044624,0.033448,0.050001,0.044629,0.033357,0.038784,0.016412,0.027967,0.016278,0.011178
18960,19019,18990,870.672,32.434,244.784,35.195,2.361,0.195,0.009,32.601963,28.640963,24.934824,21.876900,19.854265,16.437225,14.134177,12.672409,9.849834,9.068269,7.863268,7.263871,6.656563,5.802557,4.691591,15.096649,4.568886,1.322307,0.620597,0.111342,0.094332,0.088305,0.038744,0.050071,0.055392,0.050327,0.060855,0.060551,0.038698,0.044352,0.027883,0.022113,0.028098,0.010824,0.016931,0.027737
19020,19079,19050,870.694,32.400,246.508,35.655,2.506,0.204,0.010,32.091030,28.277256,25.595554,22.590406,19.871338,17.122547,13.982451,12.139210,10.290694,9.480953,7.727306,7.501732,6.387670,5.980541,4.761291,15.046098,4.896814,1.385955,0.615080,0.121404,0.105709,0.050477,0.027675,0.060655,0.022269,0.049976,0.027798,0.033268,0.038293,0.027730,0.066182,0.032905,0.027419,0.011024,0.033634,0.027781
19080,19139,19110,870.706,32.447,246.814,35.495,2.585,0.210,0.009,32.839069,29.740395,24.907154,22.299829,19.423559,16.412178,14.964377,12.196753,10.168967,8.992738,7.728918,7.353181,6.441290,5.810203,4.764561,15.401787,4.783407,1.305096,0.505880,0.117069,0.094108,0.067166,0.055414,0.044560,0.033870,0.049481,0.011205,0.044692,0.027777,0.044212,0.038752,0.062124,0.016913,0.005411,0.016939,0.044904
19140,19199,19170,870.721,32.395,247.256,36.624,2.798,0.222,0.010,32.239361,28.978901,25.723577,22.674358,19.718912,16.903652,14.111893,12.722743,10.200272,8.502002,7.633385,7.435703,6.821695,6.067070,4.779572,14.656979,5.193992,1.339879,0.605983,0.117039,0.145111,0.050046,0.049835,0.089110,0.038655,0.066565,0.033434,0.044394,0.044229,0.044448,0.056137,0.050367,0.044602,0.005482,0.022334,0.044403
19200,19259,19230,870.751,32.283,247.396,35.361,2.425,0.199,0.009,32.729660,29.160831,25.327650,21.967197,19.920794,17.385477,14.165923,12.630826,10.175462,9.515003,7.882168,7.329919,6.592184,5.743271,4.601539,14.744692,4.791186,1.351267,0.577686,0.141824,0.118595,0.073757,0.067112,0.045633,0.033944,0.033802,0.016788,0.039688,0.028728,0.016789,0.050975,0.034111,0.033792,0.028103,0.005594,0.033732
