CampaignData_and_Merges/R0/CSL_MobileLab_Parked/raw/20240807/USOS-POPS_MobileLabGround_20240807_R0.ict
78, 1001
Thornberry, T. D.
NOAA Chemical Sciences Laboratory
Portable Optical Particle Spectrometer (POPS)
USOS
1, 1
2024, 08, 07, 2025, 05, 08
60
Time_Start, seconds_past_midnight, Start time of measurement
45
1, 1, 1, 1, 1, 1, 1, 1, 1, 1, 1, 1, 1, 1, 1, 1, 1, 1, 1, 1, 1, 1, 1, 1, 1, 1, 1, 1, 1, 1, 1, 1, 1, 1, 1, 1, 1, 1, 1, 1, 1, 1, 1, 1, 1
-9999, -9999, -9999, -9999, -9999, -9999, -9999, -9999, -9999, -9999, -9999, -9999, -9999, -9999, -9999, -9999, -9999, -9999, -9999, -9999, -9999, -9999, -9999, -9999, -9999, -9999, -9999, -9999, -9999, -9999, -9999, -9999, -9999, -9999, -9999, -9999, -9999, -9999, -9999, -9999, -9999, -9999, -9999, -9999, -9999
Time_Stop, seconds_past_midnight, Stop time of measurement
Time_Mid, seconds_past_midnight, Mid time of measurement
Press_mb, mb, Pressure reported (mb)
Temp_C, degrees C, POPS temperature measurement
Aerosol_concentration, cm^-3, Aerosol concentration
Surface_Area_Conc, um^2 cm^-3, Surface area concentration
Volume_density, um^3 cm^-3, Volume density
Effective_radius, um, Effective radius
Extinction, km^-1, Extinction
Bin01, cm^-3, particle concentration in size range [1401 - 146.3 nm]
Bin02, cm^-3, particle concentration in size range [146.3 - 152.8 nm]
Bin03, cm^-3, particle concentration in size range [152.8 - 159.6 nm]
Bin04, cm^-3, particle concentration in size range [159.6 - 166.8 nm]
Bin05, cm^-3, particle concentration in size range [166.8 - 174.2 nm]
Bin06, cm^-3, particle concentration in size range [174.2 - 181.9 nm]
Bin07, cm^-3, particle concentration in size range [181.9 - 190.0 nm]
Bin08, cm^-3, particle concentration in size range [190.0 - 198.5 nm]
Bin09, cm^-3, particle concentration in size range [198.5 - 207.4 nm]
Bin10, cm^-3, particle concentration in size range [207.4 - 216.6 nm]
Bin11, cm^-3, particle concentration in size range [216.6 - 226.2 nm]
Bin12, cm^-3, particle concentration in size range [226.2 - 236.3 nm]
Bin13, cm^-3, particle concentration in size range [236.3 - 246.8 nm]
Bin14, cm^-3, particle concentration in size range [246.8 - 257.8 nm]
Bin15, cm^-3, particle concentration in size range [257.8 - 269.3 nm]
Bin16, cm^-3, particle concentration in size range [269.3 - 343.4 nm]
Bin17, cm^-3, particle concentration in size range [343.4 - 450.7 nm]
Bin18, cm^-3, particle concentration in size range [450.7 - 525.9 nm]
Bin19, cm^-3, particle concentration in size range [525.9 - 618.5 nm]
Bin20, cm^-3, particle concentration in size range [618.5 - 710.0 nm]
Bin21, cm^-3, particle concentration in size range [710.0 - 822.7 nm]
Bin22, cm^-3, particle concentration in size range [822.7 - 885.9 nm]
Bin23, cm^-3, particle concentration in size range [885.9 - 953.9 nm]
Bin24, cm^-3, particle concentration in size range [953.9 - 1027.2 nm]
Bin25, cm^-3, particle concentration in size range [1027.2 - 1106.1 nm]
Bin26, cm^-3, particle concentration in size range [1106.1 - 1191.0 nm]
Bin27, cm^-3, particle concentration in size range [1191.0 - 1282.5 nm]
Bin28, cm^-3, particle concentration in size range [1282.5 - 1381.0 nm]
Bin29, cm^-3, particle concentration in size range [1381.0 - 1487.1 nm]
Bin30, cm^-3, particle concentration in size range [1487.1 - 1601.3 nm]
Bin31, cm^-3, particle concentration in size range [1601.3 - 1724.3 nm]
[...]
PLATFORM: NOAA CSL Mobile Lab
LOCATION: USOS
ASSOCIATED_DATA: N/A
INSTRUMENT_INFO: Printed Optical Particle Spectrometer counts particles from 140 - 2500 nm in diameter 
DATA_INFO: Particle concentrations reported in number per cubic centimeter,1 Hz data
UNCERTAINTY: Counting uncertainty dominated by air flow, less than 5 percent. Measurement range is ~0 - 3000 per cm3 (varies depending on flow rate- manufacturer quotes 1250 per cm3 at 1.667 cc/s)
ULOD_FLAG: -7777
ULOD_VALUE: N/A
LLOD_FLAG: -8888
LLOD_VALUE: N/A
DM_CONTACT_INFO: Troy Thornberry, 325 Broadway R/CSL6, Boulder, CO 80305; troy.thornberry@noaa.gov; 303-497-3373
PROJECT_INFO: USOS, Utah POPS data from NOAA CSL Mobile Lab
STIPULATIONS_ON_USE: Please contact the PIs for questions regarding applications and uncertainties
OTHER_COMMENTS: POPS bin Edges (nm):  140.1, 146.3, 152.8, 159.6, 166.8, 174.2, 181.9, 190.0, 198.5, 207.4, 216.6, 226.2, 236.3, 246.8, 257.8, 269.3, 343.4, 450.7, 525.9, 618.5, 710.0, 822.7, 885.9, 953.9, 1027.2, 1106.1, 1191.0, 1282.5, 1381.0, 1487.1, 1601.3, 1724.3, 1856.7, 1999.3, 2152.8, 2318.2, 2496.2
Calculations assume organic aerosol refractive index of 1.52+0.00j and extinction wavelength = 532 nm
REVISION: R0
R0: Final data
Time_Start, Time_Stop, Time_Mid, Press_mb, Temp_C, Aerosol_concentration, Surface_Area_Conc, Volume_density, Effective_radius, Extinction, Bin01, Bin02, Bin03, Bin04, Bin05, Bin06, Bin07, Bin08, Bin09, Bin10, Bin11, Bin12, Bin13, Bin14, Bin15, Bin16, Bin17, Bin18, Bin19, Bin20, Bin21, Bin22, Bin23, Bin24, Bin25, Bin26, Bin27, Bin28, Bin29, Bin30, Bin31, Bin32, Bin33, Bin34, Bin35, Bin36
[from data line 41]
2460,2519,2490,870.308,35.918,232.776,31.654,1.982,0.179,0.008,31.996723,27.587461,23.653473,21.513533,19.050831,15.747577,13.354091,11.650988,9.814161,8.249739,7.566421,7.334928,7.118480,5.883639,4.312870,12.238864,3.544272,1.066683,0.567938,0.083656,0.061398,0.050106,0.044146,0.016760,0.016705,0.022542,0.022782,0.005537,0.049933,0.022065,0.033243,0.022432,0.011057,0.033565,0.000000,0.027689
2520,2579,2550,870.312,35.851,230.285,31.104,1.778,0.166,0.007,31.497669,27.702713,23.734415,20.856945,19.006454,15.614940,12.581723,11.024165,9.770502,8.247231,7.813392,7.001892,6.589952,6.292411,4.402610,12.314914,3.793819,0.950412,0.588859,0.038508,0.083720,0.044013,0.022159,0.044309,0.028231,0.010983,0.027725,0.022259,0.044143,0.027816,0.050228,0.011130,0.021989,0.011283,0.011130,0.000000
2580,2639,2610,870.318,35.768,226.729,30.636,1.860,0.176,0.007,31.489208,26.620651,23.556305,21.086258,18.229218,15.343984,12.743026,10.831460,9.232170,8.329722,7.214146,6.892972,6.844492,6.234505,4.432760,12.188002,3.447856,1.006664,0.489756,0.105936,0.071389,0.010789,0.016790,0.044716,0.039343,0.044539,0.022316,0.016861,0.010969,0.027384,0.022343,0.022084,0.022134,0.000000,0.011089,0.027417
2640,2699,2670,870.304,35.676,224.602,31.641,2.246,0.202,0.008,30.063511,27.452772,23.231140,21.155651,17.838221,14.786306,12.972401,10.955571,9.514632,7.750969,7.107037,7.014240,6.602161,5.907344,4.424472,12.296990,3.474082,0.922955,0.466027,0.076963,0.089019,0.027664,0.066457,0.049710,0.033019,0.027564,0.022831,0.022354,0.033115,0.049851,0.050426,0.016989,0.016842,0.011057,0.016361,0.055475
2700,2759,2730,870.300,35.693,224.045,30.592,1.903,0.176,0.007,30.534527,27.185472,23.464460,20.534912,17.345304,15.198605,12.895204,11.305891,9.563140,7.900585,7.271534,6.939255,6.866006,5.805134,4.254868,11.389274,3.571372,0.918062,0.539919,0.083742,0.039101,0.039363,0.055282,0.032886,0.050294,0.028019,0.038835,0.027546,0.022014,0.016858,0.038939,0.011060,0.022174,0.021707,0.016615,0.016817
2760,2819,2790,870.284,35.674,218.807,29.940,1.888,0.182,0.007,29.752035,25.761778,22.836441,19.877541,17.683861,15.473832,12.564138,10.495631,9.002531,7.810899,7.108471,6.742349,6.707641,5.724967,3.998169,11.603689,3.531257,1.098236,0.480734,0.071563,0.072396,0.043194,0.055395,0.027514,0.033335,0.005482,0.027651,0.032946,0.027919,0.027826,0.049520,0.039027,0.011358,0.005519,0.016632,0.005519
2820,2879,2850,870.279,35.634,224.935,31.159,2.093,0.193,0.008,30.625404,27.233116,23.672058,20.523067,17.955307,15.257245,13.224071,10.551614,9.522518,7.957379,7.071942,6.631556,6.399652,6.103337,4.475276,11.730904,3.879209,1.067336,0.435218,0.116831,0.073217,0.039344,0.044245,0.038887,0.016799,0.033366,0.011224,0.044475,0.033559,0.005688,0.055556,0.033039,0.010988,0.016722,0.016988,0.028271
2880,2939,2910,870.263,35.671,221.318,29.772,1.871,0.183,0.007,30.200096,26.849270,22.831692,20.651154,17.378313,15.490197,12.695904,10.451891,9.176504,7.690929,7.418839,7.071343,6.570268,5.682436,4.279819,11.642681,3.363486,0.864197,0.504587,0.082996,0.050268,0.055589,0.044574,0.028200,0.022079,0.033070,0.010929,0.027434,0.011167,0.010947,0.027734,0.049873,0.022088,0.005359,0.011206,0.011130
2940,2999,2970,870.277,35.584,220.723,29.643,1.761,0.172,0.007,29.852398,26.713682,22.712444,20.154346,17.611647,14.976645,12.780912,10.406414,9.574239,7.894337,7.324908,6.827837,6.680668,5.685310,4.206185,12.018745,3.399057,0.979051,0.447832,0.093656,0.072682,0.016721,0.043228,0.022023,0.033329,0.011242,0.033068,0.022450,0.016764,0.005612,0.016686,0.027790,0.022119,0.011075,0.022138,0.005325
3000,3059,3030,870.252,35.592,221.104,30.648,2.065,0.194,0.008,30.540522,26.783871,22.902573,20.972286,17.093174,14.898019,12.552652,10.477061,8.855892,8.196607,7.325368,7.100837,6.543287,5.678792,4.097970,11.480238,3.468218,1.028279,0.494960,0.058804,0.064519,0.035152,0.041152,0.046755,0.052987,0.040488,0.041021,0.023413,0.028994,0.034695,0.040745,0.034565,0.029268,0.005887,0.011494,0.023590
3060,3119,3090,870.252,35.597,222.348,30.243,1.827,0.173,0.007,29.721106,26.770906,23.179264,20.508995,17.750313,15.194282,12.431211,10.910757,9.403182,7.808619,7.048904,6.936474,6.475084,6.152251,4.378570,12.103871,3.454228,1.059855,0.473478,0.077783,0.123167,0.039049,0.039001,0.039437,0.033586,0.044465,0.027794,0.044593,0.005519,0.011186,0.033567,0.028087,0.005574,0.005650,0.005447,0.022717
3120,3179,3150,870.234,35.682,219.187,30.449,2.017,0.190,0.008,30.341213,25.672718,21.692245,20.148275,17.705847,15.011331,12.448074,10.655016,9.242614,7.835892,7.394835,7.017615,6.430927,5.963652,4.386771,11.574900,3.530165,1.017386,0.496081,0.077129,0.105066,0.067135,0.056187,0.022102,0.027781,0.027460,0.016201,0.022170,0.027152,0.045021,0.038870,0.028048,0.005537,0.005574,0.016685,0.033452
3180,3239,3210,870.243,35.604,219.780,30.248,1.964,0.188,0.007,29.787479,26.031487,22.397778,20.176279,17.799007,14.494617,12.599835,11.144920,8.861642,8.083364,7.387639,6.988008,6.504112,5.778996,4.340567,11.821920,3.432976,1.050842,0.531858,0.089015,0.094590,0.022454,0.038767,0.033487,0.055567,0.016491,0.033530,0.022394,0.022280,0.011093,0.022523,0.039017,0.011167,0.016347,0.021982,0.016380
3240,3299,3270,870.216,35.444,221.243,30.222,1.982,0.188,0.007,30.670324,26.495916,23.167681,20.255604,17.941252,15.079877,12.394545,10.197028,8.869486,8.223784,7.285843,7.054335,6.334918,5.674326,4.375998,11.858334,3.593268,0.850554,0.368423,0.100157,0.067434,0.044740,0.038557,0.055838,0.010865,0.005501,0.011223,0.005593,0.021596,0.055950,0.033310,0.027568,0.005708,0.022450,0.016385,0.028386
3300,3359,3330,870.205,35.420,228.483,31.476,2.109,0.192,0.008,31.820290,27.494270,24.128124,21.250462,18.457592,15.919100,12.792106,10.702171,9.447457,8.374379,7.184457,6.866452,6.798403,5.614114,4.417518,11.701966,3.468744,0.940258,0.493684,0.066081,0.082966,0.027487,0.044459,0.066710,0.016780,0.005308,0.027952,0.039156,0.022613,0.055180,0.055496,0.016762,0.022376,0.016723,0.011130,0.033980
3360,3419,3390,870.193,35.468,221.286,30.230,1.817,0.174,0.007,29.475954,26.583733,22.819321,20.348261,16.903479,14.406204,12.655869,11.079042,9.675982,8.339709,7.115528,6.842536,6.789975,6.181681,4.450237,12.230287,3.232425,1.053313,0.540635,0.050616,0.100211,0.027635,0.033050,0.061567,0.055393,0.028053,0.022412,0.027748,0.044107,0.022100,0.033475,0.027564,0.005574,0.000000,0.000000,0.022375
3420,3479,3450,870.171,35.442,216.550,30.300,2.014,0.191,0.008,29.636499,25.662889,22.266830,19.485683,16.522600,14.505338,12.516118,10.231768,9.337186,8.215125,7.034666,6.671806,6.118859,6.119269,4.076325,12.428348,3.621821,0.993444,0.506246,0.077517,0.093880,0.043873,0.071818,0.016799,0.033348,0.027856,0.016603,0.011149,0.032873,0.033503,0.044627,0.028156,0.016578,0.005519,0.011242,0.033634
3480,3539,3510,870.146,35.387,223.213,29.915,1.777,0.173,0.007,30.114260,26.483503,23.308790,20.670382,18.338261,15.199351,12.676493,10.823357,9.214912,8.069886,7.235105,7.207674,6.429557,5.682777,4.419637,11.979739,3.373345,1.041234,0.458395,0.066915,0.105150,0.060929,0.021776,0.016457,0.016541,0.016690,0.027256,0.011264,0.021931,0.011038,0.027939,0.032826,0.022305,0.005359,0.010840,0.010894
3540,3599,3570,870.145,35.306,221.742,29.632,1.638,0.161,0.007,30.050077,26.280029,23.073812,20.386492,17.812277,14.868196,13.027188,10.882156,8.822675,8.297581,7.045204,7.218188,6.268874,5.975033,4.399611,11.812942,3.519313,1.000562,0.522936,0.067470,0.072015,0.044787,0.033505,0.027798,0.016855,0.027731,0.038545,0.022226,0.033570,0.022083,0.028074,0.022281,0.016670,0.000000,0.000000,0.005464
3600,3659,3630,870.160,35.374,219.809,30.699,2.070,0.194,0.008,29.661549,26.320057,22.710224,20.245562,18.065893,14.281821,12.824372,10.861157,8.992901,7.618947,7.128473,6.858353,6.416542,5.538736,4.403719,11.947721,3.868318,0.928811,0.540377,0.094672,0.039119,0.061157,0.050044,0.050294,0.050149,0.016731,0.022569,0.021758,0.032999,0.010858,0.022547,0.022229,0.027970,0.016600,0.022149,0.033069
3660,3719,3690,870.135,35.413,264.179,35.727,2.198,0.179,0.008,35.499462,31.377781,26.880898,24.105093,21.482178,18.176960,15.048594,13.335717,11.080034,9.793074,8.993274,8.453526,8.104223,7.071607,5.345800,13.232168,3.973611,1.116355,0.526106,0.078187,0.065877,0.060638,0.033311,0.005688,0.022410,0.011261,0.044224,0.044716,0.033053,0.043925,0.055753,0.027878,0.011261,0.011093,0.011061,0.022341
3720,3779,3750,870.131,35.374,265.623,35.732,2.133,0.174,0.008,35.542240,31.319349,27.216791,24.561747,21.092899,17.911263,15.507593,12.890057,11.514008,10.014211,9.293036,8.548693,8.343850,6.821208,5.125181,13.636477,4.222265,1.006202,0.461942,0.083566,0.055671,0.099932,0.049993,0.033084,0.027589,0.027669,0.016345,0.022049,0.005376,0.016467,0.067047,0.022415,0.022087,0.005308,0.022280,0.016932
3780,3839,3810,870.128,35.170,223.427,30.009,1.723,0.166,0.007,30.137609,25.964493,23.275993,20.066725,17.835644,15.195770,12.745605,10.980635,9.402995,8.387364,7.501037,7.059265,6.809959,5.972410,4.556886,12.129124,3.521750,0.932832,0.425124,0.084298,0.119233,0.045248,0.022641,0.033493,0.011339,0.033898,0.022840,0.028067,0.016915,0.011397,0.039580,0.028270,0.005726,0.005745,0.005594,0.011356
3840,3899,3870,870.135,35.086,222.815,30.583,1.868,0.177,0.007,29.898090,26.270624,23.009253,21.129070,17.871643,15.208909,12.685076,10.594914,9.159263,8.297606,7.275305,7.027951,6.353458,6.252320,4.339869,11.673371,3.575965,1.021722,0.604662,0.099662,0.049749,0.049487,0.033751,0.060961,0.028022,0.027785,0.038693,0.028121,0.021882,0.022223,0.033234,0.005669,0.016798,0.005519,0.016857,0.027957
3900,3959,3930,870.125,35.048,218.089,30.273,1.994,0.189,0.008,29.836761,26.166346,22.296829,19.415146,17.610363,14.560119,12.445673,10.727838,9.230724,7.786008,7.311409,7.075356,6.054272,5.613839,4.390787,11.952105,3.544786,0.958683,0.534431,0.116137,0.044642,0.027706,0.027874,0.060643,0.022140,0.022234,0.027952,0.022324,0.044473,0.022174,0.039457,0.027970,0.016723,0.022492,0.011167,0.021810
3960,4019,3990,870.138,35.068,219.128,30.195,1.946,0.187,0.007,30.167496,26.336349,22.801594,20.033005,17.253208,14.501476,12.544386,10.612737,9.025396,7.761220,7.200729,7.028254,6.465612,5.805371,4.072807,12.146167,3.482745,0.882298,0.431840,0.094536,0.077388,0.038747,0.066498,0.038138,0.027600,0.000000,0.027949,0.016522,0.039085,0.016438,0.044227,0.005447,0.005574,0.016530,0.022105,0.038563
4020,4079,4050,870.145,35.049,215.745,29.957,1.862,0.180,0.008,29.391245,25.116789,22.815828,19.501986,17.000092,15.212892,12.240254,10.167695,9.147127,7.637828,7.208231,6.570702,6.185660,5.584678,4.057045,12.161719,3.559840,1.071463,0.500799,0.071804,0.112515,0.044492,0.044607,0.049827,0.044815,0.022105,0.016902,0.039251,0.022357,0.011057,0.061248,0.005650,0.022190,0.016504,0.000000,0.027637
4080,4139,4110,870.130,34.934,215.980,29.753,1.759,0.172,0.007,28.929394,25.200146,21.868689,19.262442,17.349766,14.909288,12.462873,10.251332,9.298361,8.021279,7.041121,6.727373,6.343086,5.848428,4.285709,12.267012,3.816859,0.970749,0.504956,0.115362,0.095144,0.083438,0.038420,0.033488,0.022161,0.049848,0.027348,0.011243,0.028076,0.038495,0.011112,0.022600,0.027901,0.000000,0.005593,0.010952
4140,4199,4170,870.124,34.974,214.356,30.206,2.088,0.197,0.007,28.956028,25.452045,21.930290,19.731054,17.284414,14.435758,11.976458,10.440475,8.637134,7.714097,7.213521,6.871835,6.260972,5.629998,4.308438,11.995687,3.504951,1.044628,0.389912,0.088920,0.049923,0.055466,0.028466,0.027743,0.028138,0.049667,0.022442,0.027935,0.039377,0.011056,0.033270,0.005537,0.011038,0.028084,0.016746,0.054591
4200,4259,4230,870.134,34.962,214.414,29.589,1.833,0.179,0.007,28.802336,25.324196,21.900305,20.202381,16.579784,13.863540,12.147510,10.393508,8.924813,7.826091,7.313469,6.823818,6.230270,5.913770,4.352110,12.144466,3.607432,0.975380,0.522863,0.122060,0.067030,0.061346,0.016377,0.061358,0.016973,0.016761,0.022494,0.027362,0.010992,0.033398,0.033084,0.027472,0.010965,0.005394,0.022058,0.011246
4260,4319,4290,870.127,34.796,213.970,30.067,1.996,0.191,0.008,28.269295,25.342686,21.926966,19.201338,16.529831,14.486078,12.505564,10.375828,8.889674,7.946071,7.239084,6.895608,6.340060,5.494960,4.529099,11.942960,3.913033,1.126590,0.443785,0.100343,0.077761,0.045090,0.038990,0.022187,0.038154,0.011094,0.055564,0.033202,0.010911,0.016742,0.021932,0.021791,0.016568,0.000000,0.010966,0.050346
4320,4379,4350,870.124,34.735,214.146,29.965,1.910,0.181,0.008,28.271290,24.958559,22.050545,19.346359,17.330572,14.319602,11.972625,10.286770,9.258022,7.925015,7.007383,7.075367,6.558494,5.808987,4.247806,11.904234,3.517059,1.141938,0.539671,0.111086,0.099460,0.044168,0.033341,0.060667,0.016632,0.038550,0.038800,0.017009,0.011065,0.033226,0.044371,0.022195,0.005688,0.016817,0.010933,0.022107
4380,4439,4410,870.121,34.710,213.580,29.622,1.850,0.181,0.007,29.020863,25.593378,21.769711,19.729107,16.836950,14.210658,12.149891,10.464424,8.258032,7.679602,6.679161,6.815559,6.493981,5.669699,4.205578,12.161605,3.674267,1.110101,0.507061,0.089033,0.111190,0.038842,0.033680,0.005556,0.039217,0.022523,0.021949,0.000000,0.033594,0.038665,0.038236,0.016649,0.011093,0.016564,0.016618,0.016933
4440,4499,4470,870.107,34.640,210.692,29.830,2.108,0.203,0.008,27.589474,24.977539,21.974987,19.577909,16.578611,14.091558,12.162661,10.357404,8.539152,7.657693,7.004568,6.824433,6.104551,5.723803,4.155947,11.729092,3.588200,0.952599,0.460001,0.093541,0.060876,0.076705,0.088892,0.027996,0.032846,0.016582,0.033410,0.022432,0.010965,0.016216,0.022149,0.033275,0.038873,0.005519,0.027837,0.033249
4500,4559,4530,870.117,34.647,212.170,30.176,2.152,0.206,0.008,28.408323,25.255608,21.843403,19.480453,16.603893,14.353739,12.047564,10.078513,8.800564,7.815190,7.208658,6.415472,6.317187,5.746968,4.293314,11.739810,3.428789,1.092771,0.585378,0.151852,0.039482,0.051357,0.050793,0.033383,0.028580,0.034169,0.028308,0.022167,0.022436,0.022735,0.039800,0.039588,0.022812,0.022508,0.010974,0.033810
4560,4619,4590,870.115,34.561,213.438,29.570,1.827,0.180,0.007,28.535557,25.629774,21.414091,19.221699,16.776142,13.946816,12.344888,10.610143,9.000972,7.401038,7.104523,7.289327,6.606933,5.825013,4.339318,11.707386,3.553073,1.047294,0.511626,0.083362,0.089177,0.027970,0.066904,0.022451,0.022341,0.022178,0.027920,0.044501,0.044054,0.038420,0.016834,0.021997,0.011057,0.005631,0.005394,0.022530
4620,4679,4650,870.114,34.506,214.210,29.443,1.830,0.181,0.007,29.056213,25.435852,21.946714,19.446913,17.215714,14.507905,11.848655,10.489189,8.795587,7.904648,6.762063,6.856910,6.214332,5.948677,4.163522,12.031125,3.596374,0.978821,0.477324,0.088514,0.093543,0.039497,0.055748,0.016882,0.016522,0.016709,0.005574,0.022100,0.016620,0.022679,0.044313,0.027687,0.039116,0.010929,0.011168,0.005631
4680,4739,4710,870.073,34.687,216.471,29.775,1.768,0.173,0.007,29.360857,25.325932,22.335173,19.499374,17.528004,14.358278,12.539909,10.577109,8.932738,7.826026,7.209301,6.683038,6.703171,5.440645,4.372874,12.260175,3.506512,0.925598,0.465122,0.132881,0.066092,0.027755,0.060774,0.033676,0.038219,0.061134,0.027709,0.022023,0.033806,0.028073,0.021973,0.005593,0.027745,0.005574,0.016895,0.011111
4740,4799,4770,870.073,35.181,215.710,29.227,1.622,0.162,0.007,28.299881,25.251360,21.763851,19.900539,17.082291,14.981425,12.748437,10.212955,8.862537,8.172915,7.352788,6.855998,6.680506,5.670264,4.239014,11.878518,3.694638,1.076712,0.496087,0.111367,0.072272,0.044247,0.027746,0.010935,0.038644,0.028066,0.022262,0.016818,0.022120,0.027911,0.016779,0.011245,0.010824,0.011148,0.005612,0.011038
