CampaignData_and_Merges/R0/CSL_MobileLab_Parked/raw/20240807/USOS-PTR_MobileLabGround_20240807_RA.ict
58, 1001
Matthew Coggon, Kelvin Bates, Chelsea Stockwell, Carsten Warneke
NOAA ESRL Chemical Sciences Division
NOAA PTR-ToF-MS
USOS
1,1 
2024, 08, 07, 2023, 08, 09
0
Time_Start, seconds, number of seconds from 00:00 UTC 
22
1, 1, 1, 1, 1, 1, 1, 1, 1, 1, 1, 1, 1, 1, 1, 1, 1, 1, 1, 1, 1, 1
-9999, -9999, -9999, -9999, -9999, -9999, -9999, -9999, -9999, -9999, -9999, -9999, -9999, -9999, -9999, -9999, -9999, -9999, -9999, -9999, -9999, -9999
CH3OH_NOAAPTR_ppbv,  ppbv, Gas_CH3OH_InSitu_S_AVMR, (CH3OH) methanol
CH3CN_NOAAPTR_ppbv,  ppbv, Gas_CH3CN_InSitu_S_AVMR, (CH3CN) acetonitrile
CH3CHO_NOAAPTR_ppbv,  ppbv, Gas_CH3CHO_InSitu_S_AVMR, (CH3CHO) acetaldehyde plus contributions from ethylene glycol and ethylene oxide. Interference from ethanol has been subtracted out.
C2H5OH_NOAAPTR_ppbv,  ppbv, Gas_C2H5OH_InSitu_S_AVMR, (C2H5OH) ethanol
CH3SH_NOAAPTR_ppbv,  ppbv, Gas_CH3SH_InSitu_S_AVMR, (CH3SH) methanethiol, using calibration factor for DMS
Acrolein_NOAAPTR_ppbv,  ppbv, Gas_Acrolein_InSitu_S_AVMR, (C3H4O) acrolein
AcetonePropanal_NOAAPTR_ppbv,  ppbv, Gas_AcetoneAndPropanal_InSitu_S_AVMR, (C3H6O) sum of acetone (dominant isomer) and propanal, using calibration factor for acetone
DMS_NOAAPTR_ppbv,  ppbv, Gas_DMS_InSitu_S_AVMR, (C2H6S) dimethyl sulfide with possible small contributions from ethanethiol
C5H8_NOAAPTR_ppbv,  ppbv, Gas_Isoprene_InSitu_S_AVMR, (C5H8) isoprene and possible fragments from cycloalkanes and aldehydes. Interferences have been subtracted following methods described by Coggon et al (2023)
MVKMAC_NOAAPTR_ppbv,  ppbv, Gas_MVKAndMAC_InSitu_S_AVMR, (C4H6O) sum of methyl vinyl ketone, methacrolein, and small amounts of crotonaldehyde, using weighted calibration factor for MVK (0.637) and MACR (0.363)
Benzene_NOAAPTR_ppbv,  ppbv, Gas_Benzene_InSitu_S_AVMR, (C6H6) benzene
Toluene_NOAAPTR_ppbv,  ppbv, Gas_Toluene_InSitu_S_AVMR, (C7H8) toluene with possible small contributions of fragments from ethyltoluene
Styrene_NOAAPTR_ppbv,  ppbv, Gas_Styrene_InSitu_S_AVMR, (C8H8) styrene
Benzaldehyde_NOAAPTR_ppbv,  ppbv, Gas_Benzaldehyde_InSitu_S_AVMR, (C7H6O) benzaldehyde
C8Aromatics_NOAAPTR_ppbv,  ppbv, Gas_C8Aromatics_InSitu_M_AVMR, (C8H10) sum of m-xylene, p-xylene, o-xylene, and ethyl benzene
C9Aromatics_NOAAPTR_ppbv,  ppbv, Gas_C9Aromatics_InSitu_M_AVMR, (C9H12) sum of C9 aromatics
Naphthalene_NOAAPTR_ppbv,  ppbv, Gas_Naphthalene_InSitu_S_AVMR, (C10H8) naphthalene
Octanal_NOAAPTR_ppbv,  ppbv, Gas_Octanal_InSitu_S_AVMR, (C8H16O) octanal and small amounts of octanone
Monoterpenes_NOAAPTR_ppbv,  ppbv, Gas_Monoterpenes_InSitu_M_AVMR, (C10H16) sum of monoterpenes and possible contributions from fragments of oxygenated monoterpenoids such as eucalyptol.
Nonanal_NOAAPTR_ppbv,  ppbv, Gas_Nonanal_InSitu_M_AVMR, (C9H18O) nonanal and small amounts of nonanone
C7H4ClF3_NOAAPTR_ppbv,  ppbv, Gas_C7H4ClF3_InSitu_S_AVMR, (C7H4ClF3) parachlorobenzotrifluoride
C10H30O5Si5_NOAAPTR_ppbv,  ppbv, Gas_C10H30O5Si5_InSitu_S_AVMR, (C10H30O5Si5) decamethylcyclopentasiloxane
1
SPECIAL COMMENTS:N/A
21
PI_CONTACT_INFO: NOAA ESRL Chemical Sciences Division, Tropospheric Chemistry Group. 325 Broadway, R/CSD7, Boulder, CO 80305
PLATFORM: Mobile Laboratory.
LOCATION: Salt Lake City, UT
ASSOCIATED_DATA: N/A
INSTRUMENT_INFO: NOAA PTR-ToF-MS measurements on NOAA CSL Mobile Lab
DATA_INFO: Units: ppbv
UNCERTAINTY: See OTHER_COMMENTS
ULOD_FLAG: -7777
ULOD_VALUE: N/A
LLOD_FLAG: -8888
LLOD_VALUE: N/A.
DM_CONTACT_INFO: Data Managers: Matt Coggon, Kelvin Bates, Chelsea Stockwell; email: matthew.m.coggon@noaa.gov and kelvin.bates@colorado.edu
PROJECT_INFO: USOS Deployment July-August, 2024
STIPULATIONS_ON_USE: Use of these data require prior OK from PI.
OTHER_COMMENTS: Uncertainties:
CH3OH_NOAAPTR_ppbv:30%; CH3CN_NOAAPTR_ppbv:30%; CH3CHO_NOAAPTR_ppbv:30%; C2H5OH_NOAAPTR_ppbv:30%; CH3SH_NOAAPTR_ppbv:50%; Acrolein_NOAAPTR_ppbv:30%; AcetonePropanal_NOAAPTR_ppbv:30%; DMS_NOAAPTR_ppbv:30%; C5H8_NOAAPTR_ppbv:30%; MVKMAC_NOAAPTR_ppbv:30%; 
Benzene_NOAAPTR_ppbv:30%; Toluene_NOAAPTR_ppbv:30%; Styrene_NOAAPTR_ppbv:30%; Benzaldehyde_NOAAPTR_ppbv:30%; C8Aromatics_NOAAPTR_ppbv:30%; C9Aromatics_NOAAPTR_ppbv:30%; Naphthalene_NOAAPTR_ppbv:30%; Octanal_NOAAPTR_ppbv:30%; Monoterpenes_NOAAPTR_ppbv:30%; Nonanal_NOAAPTR_ppbv:30%; 
C7H4ClF3_NOAAPTR_ppbv:30%; C10H30O5Si5_NOAAPTR_ppbv:30%; 
REVISION: RA
RA: Field Data
Time_Start, CH3OH_NOAAPTR_ppbv, CH3CN_NOAAPTR_ppbv, CH3CHO_NOAAPTR_ppbv, C2H5OH_NOAAPTR_ppbv, CH3SH_NOAAPTR_ppbv, Acrolein_NOAAPTR_ppbv, AcetonePropanal_NOAAPTR_ppbv, DMS_NOAAPTR_ppbv, C5H8_NOAAPTR_ppbv, MVKMAC_NOAAPTR_ppbv, Benzene_NOAAPTR_ppbv, Toluene_NOAAPTR_ppbv, Styrene_NOAAPTR_ppbv, Benzaldehyde_NOAAPTR_ppbv, C8Aromatics_NOAAPTR_ppbv, C9Aromatics_NOAAPTR_ppbv, Naphthalene_NOAAPTR_ppbv, Octanal_NOAAPTR_ppbv, Monoterpenes_NOAAPTR_ppbv, Nonanal_NOAAPTR_ppbv, C7H4ClF3_NOAAPTR_ppbv, C10H30O5Si5_NOAAPTR_ppbv
[from data line 293]
17580.0, 7.39061, 0.18301, 1.26965, 2.63330, 0.00365, 0.15311, 2.80677, 0.00812, 0.83460, 0.38505, 0.01185, 0.20730, 0.00599, -9999.00000, 0.09688, 0.04468, -0.00345, 0.02999, 0.18678, 0.05405, 0.00964, 0.00311 
17640.0, 7.15438, 0.17459, 1.03648, 2.05747, 0.00393, 0.17463, 2.84503, 0.00565, 0.82562, 0.38123, 0.00357, 0.15314, 0.00226, -9999.00000, 0.07272, 0.03635, -0.00375, 0.00755, 0.17647, 0.04160, 0.00276, 0.00077 
17700.0, 6.67518, 0.16467, 0.94484, 2.24065, -0.00020, 0.14622, 2.87813, 0.00722, 0.75335, 0.38513, 0.01005, 0.15094, 0.01327, -9999.00000, 0.07229, 0.03329, -0.00281, 0.01910, 0.19370, 0.02287, 0.00554, 0.00251 
17760.0, 7.59337, 0.18007, 1.14339, 2.36318, -0.00003, 0.16142, 2.87170, -0.00032, 0.78177, 0.40700, -0.00226, 0.16696, -0.00630, -9999.00000, 0.07553, 0.03864, -0.00106, 0.00971, 0.22250, 0.02122, 0.00633, 0.00057 
17820.0, 7.81470, 0.17415, 1.29762, 2.89922, 0.00061, 0.16022, 2.92932, 0.00937, 0.78895, 0.37575, 0.02044, 0.20842, 0.01550, -9999.00000, 0.10784, 0.04726, 0.00647, 0.02266, 0.23270, 0.03935, 0.00470, 0.00226 
17880.0, 7.33407, 0.16980, 1.27465, 2.84001, 0.00021, 0.15210, 2.94234, -0.00031, 0.79817, 0.42759, 0.03660, 0.20041, 0.02619, -9999.00000, 0.09613, 0.04559, -0.00492, 0.00529, 0.21855, 0.03939, 0.00855, 0.00542 
17940.0, 8.29989, 0.18930, 1.45271, 4.21207, 0.00050, 0.16366, 3.08835, 0.01009, 0.85025, 0.43063, 0.07125, 0.30096, 0.01680, -9999.00000, 0.18065, 0.06354, -0.00034, 0.03724, 0.22481, 0.04064, 0.00401, 0.00505 
18000.0, 7.71756, 0.17480, 1.56644, 4.20149, 0.00057, 0.16607, 3.03040, 0.00252, 0.79885, 0.42398, 0.02628, 0.28570, 0.01562, -9999.00000, 0.15319, 0.05947, -0.00492, 0.01604, 0.21027, 0.04277, 0.01124, 0.00573 
18060.0, 9.31295, 0.18848, 1.68872, 5.58611, 0.00568, 0.20016, 3.10850, 0.01390, 0.82943, 0.44751, 0.07610, 0.33141, 0.02880, -9999.00000, 0.18693, 0.08455, -0.00492, 0.03117, 0.22922, 0.04512, 0.01321, 0.00920 
18120.0, 8.25731, 0.19364, 1.64316, 4.39568, 0.00271, 0.19054, 3.23668, 0.01296, 0.89862, 0.44109, 0.10353, 0.33509, 0.02334, -9999.00000, 0.20064, 0.07582, 0.00727, 0.02532, 0.20815, 0.05325, 0.01660, 0.00354 
18180.0, 7.64309, 0.19515, 1.50583, 3.81159, 0.00207, 0.18151, 3.02945, 0.00606, 0.84173, 0.44832, 0.01696, 0.27759, 0.02019, -9999.00000, 0.14643, 0.05993, 0.00302, 0.01629, 0.20384, 0.04643, 0.01517, 0.00454 
18240.0, 9.10131, 0.17240, 1.46921, 4.83438, 0.00419, 0.18354, 3.10094, 0.01049, 0.76909, 0.42859, 0.05382, 0.28562, 0.01091, -9999.00000, 0.16144, 0.07040, 0.00965, 0.01595, 0.21294, 0.05255, 0.01375, 0.00856 
18300.0, 8.96978, 0.20134, 1.92868, 9.72738, 0.00154, 0.20780, 3.24977, 0.01116, 0.84010, 0.44568, 0.07499, 0.33359, 0.02896, -9999.00000, 0.16094, 0.07310, -0.00491, 0.02863, 0.20714, 0.04456, 0.01189, 0.01217 
18360.0, 9.34127, 0.19374, 1.71095, 7.16881, 0.00411, 0.20083, 3.22768, 0.00830, 0.87814, 0.42660, 0.02809, 0.26040, 0.00891, -9999.00000, 0.15695, 0.07645, -0.00491, 0.02591, 0.17278, 0.04525, 0.01203, 0.00962 
18420.0, 6.71154, 0.18525, 1.38335, 3.21643, 0.00330, 0.14592, 2.97758, 0.01625, 0.73409, 0.38809, -0.00608, 0.19588, 0.01065, -9999.00000, 0.09514, 0.04464, -0.00491, 0.02844, 0.18945, 0.02027, 0.01174, 0.00249 
18480.0, 7.80081, 0.18811, 1.60541, 3.76427, 0.00372, 0.16158, 3.14637, 0.01210, 0.79030, 0.45598, -0.01043, 0.27458, -0.00638, -9999.00000, 0.16627, 0.05819, -0.00491, 0.00350, 0.21819, 0.04405, 0.01881, 0.00542 
18540.0, 6.96166, 0.18997, 1.27376, 2.46293, -0.00009, 0.16953, 2.94919, 0.00691, 0.70433, 0.40841, -0.00346, 0.16342, 0.00067, -9999.00000, 0.07446, 0.03892, -0.00491, 0.02048, 0.16970, 0.03824, 0.00891, 0.00104 
18600.0, 8.28832, 0.19923, 1.39609, 2.79637, 0.00142, 0.17628, 2.99611, 0.00916, 0.75904, 0.40045, 0.02288, 0.20903, 0.01207, -9999.00000, 0.11313, 0.04324, -0.00241, 0.01289, 0.23465, 0.04329, 0.00791, 0.00475 
18660.0, 9.17248, 0.17739, 1.74962, 3.71312, 0.00167, 0.16445, 3.27273, 0.00242, 0.79553, 0.44706, 0.01215, 0.22959, 0.01994, -9999.00000, 0.11999, 0.05817, -0.00491, 0.00771, 0.20264, 0.03227, 0.01557, 0.00531 
18720.0, 8.70597, 0.20107, 1.42837, 3.33907, 0.00325, 0.20068, 3.06232, -0.00026, 0.74040, 0.42471, 0.07846, 0.22078, 0.02274, -9999.00000, 0.11758, 0.04685, -0.00491, 0.02405, 0.16832, 0.05018, 0.01347, 0.00381 
18780.0, 8.06183, 0.18524, 1.56579, 2.96701, 0.00539, 0.17571, 3.00145, 0.00340, 0.74689, 0.41292, 0.03304, 0.22077, 0.01377, -9999.00000, 0.11552, 0.04841, -0.00491, 0.02823, 0.20920, 0.04393, 0.00787, 0.00552 
18840.0, 7.97931, 0.18472, 1.60491, 2.92056, -0.00080, 0.17447, 2.97023, -0.00025, 0.76147, 0.43383, 0.11347, 0.21621, 0.00500, -9999.00000, 0.12941, 0.05547, -0.00170, 0.03051, 0.19199, 0.03605, 0.00552, 0.00505 
18900.0, 8.29077, 0.18911, 1.69544, 3.14890, 0.00427, 0.15535, 3.09567, 0.00379, 0.70509, 0.42496, 0.04368, 0.26027, 0.01831, -9999.00000, 0.13381, 0.05589, -0.00351, 0.01919, 0.19639, 0.05470, 0.01308, 0.00454 
18960.0, 8.06001, 0.19046, 1.80985, 3.44161, 0.00415, 0.16441, 3.05128, 0.00038, 0.69084, 0.41813, 0.10258, 0.22885, 0.02762, -9999.00000, 0.12362, 0.06816, -0.00128, 0.04880, 0.21704, 0.05530, 0.01293, 0.00876 
19020.0, 8.84886, 0.20868, 1.73654, 3.60100, 0.00545, 0.16094, 3.12064, -0.00024, 0.73636, 0.43410, 0.09613, 0.26146, 0.02400, -9999.00000, 0.14768, 0.07744, -0.00069, 0.02591, 0.22041, 0.04863, 0.01121, 0.00798 
19080.0, 8.57255, 0.21859, 1.81785, 4.13284, 0.00876, 0.20033, 3.37110, 0.00117, 0.74623, 0.45229, 0.10245, 0.39306, 0.03929, -9999.00000, 0.22948, 0.11060, 0.01220, 0.03522, 0.22039, 0.03760, 0.00665, 0.00426 
19140.0, 7.93058, 0.20101, 1.58096, 4.72192, 0.00406, 0.18861, 3.02979, 0.01318, 0.78201, 0.42513, 0.00617, 0.24157, 0.01476, -9999.00000, 0.13667, 0.05424, -0.00491, 0.02968, 0.18091, 0.03515, 0.01090, 0.00792 
19200.0, 9.00813, 0.19873, 1.64697, 3.86750, 0.00287, 0.19306, 3.13980, 0.00646, 0.74890, 0.41139, 0.08532, 0.29341, 0.01716, -9999.00000, 0.17071, 0.07206, -0.00235, 0.01264, 0.18125, 0.04241, 0.00935, 0.00200 
19260.0, 9.03498, 0.17894, 1.67498, 4.03636, 0.00230, 0.18867, 3.15028, 0.00040, 0.72355, 0.42165, 0.05485, 0.31050, 0.02847, -9999.00000, 0.20712, 0.08496, 0.00110, 0.03303, 0.15605, 0.04616, 0.00615, 0.00657 
19320.0, 7.33968, 0.18401, 1.44646, 3.44875, 0.00146, 0.17955, 3.10958, 0.00112, 0.68076, 0.41963, 0.03737, 0.29476, 0.02582, -9999.00000, 0.19161, 0.07487, 0.01169, 0.03254, 0.15348, 0.02220, 0.01258, 0.00179 
19380.0, 9.51612, 0.21180, 1.67849, 6.34180, 0.00548, 0.18826, 3.17359, -0.00021, 0.74438, 0.43357, 0.05867, 0.35700, 0.02895, -9999.00000, 0.21637, 0.07560, 0.00773, 0.03279, 0.16308, 0.03989, 0.00651, 0.00645 
19440.0, 10.85366, 0.18198, 1.95690, 5.84968, 0.00218, 0.23643, 3.61888, -0.00021, 0.94793, 0.55406, 0.16667, 0.66047, 0.01540, -9999.00000, 0.36896, 0.13776, 0.00179, 0.02675, 0.16493, 0.05866, 0.01496, 0.01071 
19500.0, 11.44636, 0.20870, 2.11291, 5.46964, 0.00671, 0.23856, 3.56612, -0.00021, 0.88753, 0.52979, 0.12314, 0.54543, -0.00650, -9999.00000, 0.29470, 0.11766, -0.00026, 0.03635, 0.18837, 0.07464, 0.00944, 0.00686 
19560.0, 11.90816, 0.18468, 1.98252, 6.73671, 0.00023, 0.25096, 3.68350, -0.00020, 0.92005, 0.58178, 0.17488, 0.45596, 0.04683, -9999.00000, 0.27524, 0.11750, -0.00244, 0.04396, 0.20980, 0.06624, 0.00744, 0.01212 
19620.0, 10.90369, 0.22357, 2.00776, 5.46097, 0.00636, 0.24336, 3.62360, 0.01189, 0.90443, 0.50831, 0.13148, 0.44421, 0.03454, -9999.00000, 0.25302, 0.13302, -0.00491, 0.02334, 0.23368, 0.06909, 0.01882, 0.00457 
19680.0, 11.17702, 0.19815, 2.16801, 6.29202, 0.00642, 0.24421, 3.73701, -0.00020, 0.93084, 0.53114, 0.15512, 0.45325, 0.03136, -9999.00000, 0.29006, 0.12295, 0.01054, 0.05186, 0.28207, 0.07297, 0.01270, 0.01009 
19740.0, 10.67673, 0.20646, 2.05514, 5.63402, -0.00080, 0.23790, 3.63582, 0.00642, 0.73908, 0.48353, 0.08456, 0.41593, 0.04951, -9999.00000, 0.23597, 0.12146, -0.00092, 0.03183, 0.30736, 0.03941, 0.00416, 0.00597 
19800.0, 10.16168, 0.21137, 1.90004, 4.98788, 0.00199, 0.23346, 3.48512, 0.00644, 0.72626, 0.46115, 0.03845, 0.33933, 0.03478, -9999.00000, 0.23127, 0.09040, 0.00629, 0.03732, 0.23578, 0.06180, 0.00979, 0.00643 
19860.0, 9.12747, 0.17911, 1.70467, 4.70873, 0.00423, 0.18084, 3.36035, 0.00132, 0.69714, 0.48355, 0.05541, 0.32720, 0.01921, -9999.00000, 0.20481, 0.07261, -0.00491, 0.01649, 0.30197, 0.05811, 0.01079, 0.00710 
19920.0, 9.76838, 0.20294, 1.73705, 4.87781, 0.00409, 0.21113, 3.41365, 0.00707, 0.67492, 0.45507, 0.10517, 0.34118, 0.01703, -9999.00000, 0.19346, 0.09019, 0.01445, 0.02404, 0.22381, 0.06438, 0.01503, 0.00603 
19980.0, 9.08866, 0.19552, 1.71036, 4.22176, 0.00565, 0.20551, 3.32669, 0.00228, 0.68734, 0.40651, 0.07925, 0.31684, 0.02837, -9999.00000, 0.20790, 0.08433, 0.00735, 0.03205, 0.29411, 0.04850, 0.00343, 0.00716 
20040.0, 8.87555, 0.21113, 1.80319, 4.40301, 0.00182, 0.18168, 3.41147, 0.01421, 0.61354, 0.41218, 0.05924, 0.31887, 0.02945, -9999.00000, 0.17176, 0.07428, -0.00446, 0.01495, 0.27688, 0.03352, 0.01461, 0.00489 
20100.0, 29.60637, 0.20163, 1.75130, 4.52542, 0.00169, 0.21357, 3.38263, 0.00806, 0.65415, 0.43402, 0.07650, 0.29902, 0.02882, -9999.00000, 0.21034, 0.07948, 0.00303, 0.03700, 0.30755, 0.05253, 0.00543, 0.00638 
20160.0, 12.20089, 0.20462, 1.90379, 4.89163, 0.00200, 0.22841, 3.45585, 0.00117, 0.63165, 0.44932, 0.11313, 0.36770, 0.00422, -9999.00000, 0.20383, 0.09849, 0.01058, 0.03437, 0.28863, 0.05498, 0.00911, 0.00441 
20220.0, 12.60134, 0.18890, 1.86716, 5.36245, 0.00295, 0.17650, 3.42322, -0.00016, 0.61194, 0.43008, 0.06965, 0.30528, 0.05392, -9999.00000, 0.21089, 0.07475, -0.00490, 0.02127, 0.31411, 0.04602, 0.00917, 0.00813 
20280.0, 9.94587, 0.18942, 1.93995, 5.38446, 0.00772, 0.21803, 3.49849, 0.00104, 0.63046, 0.46291, 0.05605, 0.35479, 0.02761, -9999.00000, 0.22918, 0.09256, -0.00490, 0.02896, 0.28794, 0.08589, 0.00698, 0.00839 
20340.0, 17.95528, 0.20092, 1.99169, 5.35384, 0.00174, 0.22659, 3.44479, 0.00356, 0.64879, 0.45380, 0.06220, 0.35612, 0.00780, -9999.00000, 0.19265, 0.08859, 0.00002, 0.04122, 0.31908, 0.06187, 0.01551, 0.01016 
20400.0, 14.41675, 0.18456, 1.86207, 6.53202, 0.00704, 0.22924, 3.46296, 0.00306, 0.56108, 0.40318, 0.19565, 0.56920, 0.06453, -9999.00000, 0.37816, 0.19678, 0.00555, 0.02870, 0.31900, 0.05636, 0.00908, 0.00906 
20460.0, 8.93898, 0.21026, 1.74432, 4.97864, 0.00275, 0.19994, 3.36912, 0.00703, 0.56639, 0.36767, 0.04336, 0.30813, 0.03593, -9999.00000, 0.19751, 0.08036, -0.00490, 0.02034, 0.29033, 0.05569, 0.01064, 0.00313 
20520.0, 10.50647, 0.20345, -9999.00000, 5.12867, 0.00304, 0.19942, 3.49123, 0.01172, -9999.00000, 0.41447, 0.11980, 0.33187, 0.04248, -9999.00000, 0.20247, 0.09442, 0.00359, 0.03029, 0.28008, 0.04951, 0.00999, 0.00600 
20580.0, -9999.00000, -9999.00000, -9999.00000, -9999.00000, -9999.00000, -9999.00000, -9999.00000, -9999.00000, -9999.00000, -9999.00000, -9999.00000, -9999.00000, -9999.00000, -9999.00000, -9999.00000, -9999.00000, -9999.00000, -9999.00000, -9999.00000, -9999.00000, -9999.00000, -9999.00000 
20640.0, -9999.00000, -9999.00000, -9999.00000, -9999.00000, -9999.00000, -9999.00000, -9999.00000, -9999.00000, -9999.00000, -9999.00000, -9999.00000, -9999.00000, -9999.00000, -9999.00000, -9999.00000, -9999.00000, -9999.00000, -9999.00000, -9999.00000, -9999.00000, -9999.00000, -9999.00000 
20700.0, -9999.00000, -9999.00000, -9999.00000, -9999.00000, -9999.00000, -9999.00000, -9999.00000, -9999.00000, -9999.00000, -9999.00000, -9999.00000, -9999.00000, -9999.00000, -9999.00000, -9999.00000, -9999.00000, -9999.00000, -9999.00000, -9999.00000, -9999.00000, -9999.00000, -9999.00000 
20760.0, -9999.00000, -9999.00000, -9999.00000, -9999.00000, -9999.00000, -9999.00000, -9999.00000, -9999.00000, -9999.00000, -9999.00000, -9999.00000, -9999.00000, -9999.00000, -9999.00000, -9999.00000, -9999.00000, -9999.00000, -9999.00000, -9999.00000, -9999.00000, -9999.00000, -9999.00000 
20820.0, -9999.00000, -9999.00000, -9999.00000, -9999.00000, -9999.00000, -9999.00000, -9999.00000, -9999.00000, -9999.00000, -9999.00000, -9999.00000, -9999.00000, -9999.00000, -9999.00000, -9999.00000, -9999.00000, -9999.00000, -9999.00000, -9999.00000, -9999.00000, -9999.00000, -9999.00000 
20880.0, -9999.00000, -9999.00000, -9999.00000, -9999.00000, -9999.00000, -9999.00000, -9999.00000, -9999.00000, -9999.00000, -9999.00000, -9999.00000, -9999.00000, -9999.00000, -9999.00000, -9999.00000, -9999.00000, -9999.00000, -9999.00000, -9999.00000, -9999.00000, -9999.00000, -9999.00000 
20940.0, -9999.00000, -9999.00000, -9999.00000, -9999.00000, -9999.00000, -9999.00000, -9999.00000, -9999.00000, -9999.00000, -9999.00000, -9999.00000, -9999.00000, -9999.00000, -9999.00000, -9999.00000, -9999.00000, -9999.00000, -9999.00000, -9999.00000, -9999.00000, -9999.00000, -9999.00000 
21000.0, -9999.00000, -9999.00000, -9999.00000, -9999.00000, -9999.00000, -9999.00000, -9999.00000, -9999.00000, -9999.00000, -9999.00000, -9999.00000, -9999.00000, -9999.00000, -9999.00000, -9999.00000, -9999.00000, -9999.00000, -9999.00000, -9999.00000, -9999.00000, -9999.00000, -9999.00000 
21060.0, -9999.00000, -9999.00000, -9999.00000, -9999.00000, -9999.00000, -9999.00000, -9999.00000, -9999.00000, -9999.00000, -9999.00000, -9999.00000, -9999.00000, -9999.00000, -9999.00000, -9999.00000, -9999.00000, -9999.00000, -9999.00000, -9999.00000, -9999.00000, -9999.00000, -9999.00000 
21120.0, -9999.00000, -9999.00000, -9999.00000, -9999.00000, -9999.00000, -9999.00000, -9999.00000, -9999.00000, -9999.00000, -9999.00000, -9999.00000, -9999.00000, -9999.00000, -9999.00000, -9999.00000, -9999.00000, -9999.00000, -9999.00000, -9999.00000, -9999.00000, -9999.00000, -9999.00000 
21180.0, 8.54654, -9999.00000, -9999.00000, 4.00477, 0.00228, 0.23104, 3.36554, 0.00640, -9999.00000, -9999.00000, 0.15837, 0.29332, 0.02254, -9999.00000, 0.18656, 0.10397, 0.01234, 0.03149, 0.28338, 0.04298, 0.00699, 0.00772 
21240.0, 7.99147, 0.20580, 1.74833, 3.84055, 0.00533, 0.19591, 3.36776, 0.00108, 0.50137, 0.40867, 0.10276, 0.31271, 0.02500, -9999.00000, 0.17694, 0.07775, 0.00609, 0.02537, 0.25532, 0.06176, 0.00606, 0.00474 
21300.0, 8.09522, 0.20448, 1.72905, 4.12189, 0.00464, 0.19747, 3.29995, -0.00015, 0.50455, 0.42325, 0.17560, 0.30708, 0.04774, -9999.00000, 0.17142, 0.08061, 0.01176, 0.03202, 0.26079, 0.02557, 0.01255, 0.00568 
21360.0, 8.32909, 0.19847, 1.86845, 4.06964, 0.00648, 0.18444, 3.32537, -0.00016, 0.48501, 0.39105, 0.07583, 0.29623, 0.01392, -9999.00000, 0.17391, 0.07687, 0.00113, 0.02586, 0.25850, 0.05277, 0.00915, 0.00442 
21420.0, 8.47827, 0.20605, 1.85310, 4.21977, 0.00376, 0.18401, 3.37343, 0.00429, 0.50627, 0.38462, 0.06252, 0.29776, 0.03014, -9999.00000, 0.17650, 0.08014, 0.01601, 0.04085, 0.26918, 0.02706, 0.01305, 0.01290 
21480.0, 8.39308, 0.21154, 1.89507, 4.04702, 0.00788, 0.20214, 3.41852, -0.00016, 0.47936, 0.39879, 0.12145, 0.31463, -0.00650, -9999.00000, 0.18797, 0.09457, -0.00479, 0.02649, 0.29846, 0.06001, 0.00565, 0.00735 
21540.0, 9.19470, 0.18018, 1.73637, 4.11239, -0.00081, 0.18097, 3.38100, -0.00016, 0.55206, 0.40028, 0.07239, 0.26310, -0.00649, -9999.00000, 0.15807, 0.07701, -0.00478, 0.03859, 0.24312, 0.06707, 0.00860, 0.00794 
21600.0, 8.24830, 0.21441, 1.78112, 4.42042, 0.00529, 0.18943, 3.45716, 0.00813, 0.47018, 0.40070, 0.02693, 0.29260, 0.02801, -9999.00000, 0.18570, 0.06902, 0.01222, 0.02854, 0.28077, 0.06222, 0.01066, 0.00992 
21660.0, 8.92763, 0.18534, 1.86535, 4.87927, 0.00803, 0.19174, 3.51145, 0.00842, 0.51244, 0.41048, 0.03031, 0.27722, 0.03599, -9999.00000, 0.16347, 0.08311, 0.01016, 0.04346, 0.28198, 0.06253, 0.01195, 0.00663 
21720.0, 8.36798, 0.21066, 1.79447, 4.53958, 0.00609, 0.21002, 3.53005, 0.00017, 0.57695, 0.38954, 0.03891, 0.29495, 0.02822, -9999.00000, 0.18319, 0.07367, 0.00319, 0.01711, 0.24150, 0.06891, 0.01366, 0.01007 
21780.0, 9.68202, 0.18775, 1.71525, 7.18528, 0.00373, 0.18093, 3.39072, 0.01125, 0.50871, 0.40957, 0.01713, 0.23858, 0.01475, -9999.00000, 0.17629, 0.06190, 0.01253, 0.02336, 0.22487, 0.04783, 0.00961, 0.00673 
