CampaignData_and_Merges/R0/CSL_MobileLab_Parked/raw/20240807/USOS-NOAAIodideCIMS-OrgNitrs_MobileLabGround_20240807_RA.ict
37, 1001
Michael A Robinson, Chris Jernigan, Subi Thakali
NOAA ESRL Chemical Sciences Laboratory and CIRES, U. of Colorado
NOAA Iodide CIMS Instrument
USOS
1, 1
2024, 08, 07, 2024, 08, 08
1
starttime_UTC, seconds_past_midnight, seconds_of_day_since_00:00:00_UTC
5
1, 1, 1, 1, 1
-9999, -9999, -9999, -9999, -9999
C4H7NO5_NOAACIMS, pptv, Gas_C4H7NO5_InSitu_S_AVMR, 
ISOPN_NOAACIMS, pptv, Gas_ISOPN_InSitu_S_AVMR, 
C5H10O3_NOAACIMS, pptv, Gas_C5H10O3_InSitu_S_AVMR, 
C5H9NO5_NOAACIMS, pptv, Gas_C5H9NO5_InSitu_S_AVMR, 
C10H17NO4_NOAACIMS, pptv, Gas_C10H17NO4_InSitu_S_AVMR, 
0
18
PI_CONTACT_INFO: 325 Broadway, R/CSD 7, Boulder, Colorado 80305; michael.a.robinson@noaa.gov; chris.jernigan@noaa.gov;
PLATFORM: NOAA CSL Mobile Lab
LOCATION: SLC, Utah
ASSOCIATED_DATA: 1Hz data also available on request.
INSTRUMENT_INFO: NOAA I- ToF CIMS
DATA_INFO: All data in parts per trillion by volume (pptv). 1 Hz data is available upon request.
UNCERTAINTY: TBD
ULOD_FLAG: -7777
ULOD_VALUE: N/A
LLOD_FLAG: -8888
LLOD_VALUE: N/A
DM_CONTACT_INFO: Nathan Howard; nathan.h.howard@noaa.gov
PROJECT_INFO: USOS, summer 2024. https://csl.noaa.gov/groups/csl7/measurements/2024usos/
STIPULATIONS_ON_USE: Users are strongly encouraged to contact the PI for proper data usage.
OTHER_COMMENTS: 
REVISION: RA
RA: Preliminary Data; For in-field use only
starttime_UTC, C4H7NO5_NOAACIMS, ISOPN_NOAACIMS, C5H10O3_NOAACIMS, C5H9NO5_NOAACIMS, C10H17NO4_NOAACIMS
[from data line 659]
 39540,  3.567,  5.178, 31.982,  7.588,  1.791
 39600,  3.544,  5.404, 31.988,  7.692,  1.791
 39660,  3.582,  5.434, 32.046,  7.855,  1.857
 39720,  3.699,  5.540, 31.930,  8.055,  1.934
 39780,  3.753,  5.491, 31.563,  8.094,  1.999
 39840,  3.623,  5.359, 31.268,  7.888,  1.782
 39900,  3.589,  5.218, 32.182,  7.858,  1.781
 39960,  3.455,  5.378, 32.014,  7.735,  1.936
 40020,  3.553,  4.937, 31.489,  7.687,  1.782
 40080,  3.448,  5.279, 27.983,  7.549,  1.776
 40140,  3.574,  5.326, 29.364,  7.652,  1.901
 40200,  3.642,  5.796, 30.128,  7.940,  1.871
 40260,  3.634,  5.586, 32.066,  7.935,  1.944
 40320,  3.622,  5.334, 31.645,  7.985,  1.835
 40380,  3.589,  5.404, 30.987,  7.560,  1.865
 40440,  3.678,  5.527, 31.656,  7.904,  2.013
 40500,  3.739,  5.263, 31.249,  7.901,  1.928
 40560,  3.716,  5.068, 30.780,  7.849,  1.926
 40620,  3.759,  5.710, 32.220,  8.096,  2.076
 40680,  3.727,  5.510, 32.535,  8.092,  2.011
 40740,  3.710,  5.533, 31.959,  7.885,  1.957
 40800,  3.712,  5.631, 32.458,  8.026,  1.952
 40860,  3.898,  5.700, 31.192,  8.139,  1.964
 40920,  3.761,  5.258, 32.131,  7.876,  1.912
 40980,  3.691,  5.161, 33.733,  7.813,  1.858
 41040,  3.692,  5.427, 33.368,  7.939,  1.878
 41100,  3.608,  5.336, 32.406,  7.512,  1.853
 41160,  3.547,  5.302, 31.815,  7.637,  1.836
 41220,  3.668,  5.110, 30.525,  7.531,  1.846
 41280,  3.713,  5.289, 30.889,  7.799,  1.938
 41340,  3.641,  5.373, 32.385,  7.803,  1.875
 41400,  3.688,  5.316, 32.110,  7.925,  1.952
 41460,  3.866,  5.593, 31.019,  8.256,  2.116
 41520,  3.882,  5.516, 33.079,  8.243,  2.149
 41580,  3.874,  5.432, 31.857,  8.147,  1.957
 41640,  3.793,  5.224, 31.166,  8.112,  1.881
 41700,  3.792,  5.550, 33.465,  7.899,  1.936
 41760,  3.823,  5.732, 32.784,  7.867,  1.769
 41820,  3.870,  5.813, 31.534,  8.246,  1.681
 41880, -9999.000, -9999.000, -9999.000, -9999.000, -9999.000
 41940,  3.780,  5.198, 27.362,  7.409,  1.473
 42000,  3.709,  5.681, 30.028,  7.915,  1.538
 42060,  3.762,  5.551, 31.690,  8.063,  1.457
 42120,  3.855,  5.488, 32.007,  8.189,  1.621
 42180,  3.942,  5.837, 32.391,  8.447,  1.496
 42240,  3.833,  5.629, 32.366,  8.307,  1.510
 42300,  3.865,  5.713, 32.320,  8.215,  1.562
 42360,  3.866,  5.698, 32.186,  8.360,  1.459
 42420,  3.885,  5.450, 33.976,  8.122,  1.432
 42480,  3.756,  5.314, 33.934,  8.074,  1.500
 42540,  3.833,  5.650, 33.398,  8.274,  1.651
 42600,  3.839,  5.424, 33.371,  8.003,  1.645
 42660,  3.778,  5.441, 32.782,  8.167,  1.562
 42720,  3.839,  5.325, 32.165,  7.860,  1.591
 42780,  3.816,  5.489, 33.625,  8.063,  1.548
 42840,  3.871,  5.423, 32.998,  8.313,  1.610
 42900,  3.911,  5.610, 33.767,  8.028,  1.696
 42960,  3.794,  5.398, 33.299,  7.998,  1.680
 43020,  3.848,  5.563, 31.869,  7.736,  1.676
 43080,  3.789,  5.558, 32.752,  7.962,  1.538
 43140,  3.813,  5.409, 30.977,  7.890,  1.603
 43200,  3.788,  5.200, 31.797,  7.871,  1.484
 43260,  3.700,  5.157, 34.536,  7.811,  1.674
 43320,  3.842,  5.472, 32.856,  7.952,  1.618
 43380,  3.712,  5.267, 32.311,  7.732,  1.568
 43440,  3.738,  5.483, 32.653,  7.805,  1.648
 43500,  3.708,  5.452, 31.520,  7.828,  1.518
 43560,  3.752,  5.246, 31.619,  7.697,  1.612
 43620,  3.713,  5.287, 32.418,  7.718,  1.633
 43680,  3.852,  5.350, 31.873,  7.839,  1.680
 43740, -9999.000, -9999.000, -9999.000, -9999.000, -9999.000
 43800,  3.658,  4.759, 29.407,  7.601,  1.734
 43860,  3.765,  5.399, 30.501,  7.628,  1.756
 43920,  3.647,  5.119, 30.890,  7.579,  1.775
 43980,  3.678,  5.123, 31.374,  7.794,  1.817
 44040,  3.695,  5.150, 31.521,  7.877,  1.770
 44100,  3.787,  4.992, 31.947,  7.764,  1.794
 44160,  3.882,  5.434, 32.593,  8.198,  1.964
 44220,  3.889,  5.315, 32.328,  8.151,  1.924
 44280,  3.803,  5.157, 31.527,  7.890,  1.907
 44340,  3.799,  5.604, 32.592,  8.062,  1.912
 44400,  3.790,  5.292, 32.620,  8.173,  1.834
 44460,  3.771,  5.115, 31.981,  7.819,  1.866
 44520,  3.703,  4.996, 32.181,  7.761,  1.884
 44580,  3.727,  5.224, 31.446,  7.845,  1.857
 44640,  3.761,  5.029, 31.468,  7.933,  1.621
 44700,  3.708,  5.219, 32.331,  7.817,  1.875
 44760,  3.653,  5.049, 32.615,  7.718,  1.905
 44820,  3.748,  5.019, 32.094,  7.829,  1.844
 44880,  3.758,  5.132, 32.121,  7.835,  1.878
 44940,  3.861,  5.031, 31.655,  8.024,  1.694
 45000,  3.875,  5.227, 31.642,  8.259,  1.812
 45060,  3.911,  5.274, 33.393,  8.438,  1.989
 45120,  3.890,  5.210, 32.963,  8.295,  1.900
 45180,  3.922,  5.407, 33.042,  8.282,  1.914
 45240,  3.884,  5.772, 33.039,  8.511,  1.892
 45300,  3.890,  5.333, 32.089,  8.249,  1.793
 45360,  3.893,  5.363, 33.277,  8.320,  1.932
 45420,  3.954,  5.293, 33.254,  8.409,  1.828
 45480,  3.942,  5.521, 33.306,  8.392,  1.876
 45540,  3.993,  5.001, 32.933,  8.523,  1.774
 45600, -9999.000, -9999.000, -9999.000, -9999.000, -9999.000
 45660,  3.849,  5.298, 28.543,  8.025,  1.620
 45720,  3.872,  5.034, 30.054,  8.240,  1.633
 45780,  3.965,  5.375, 32.625,  8.306,  1.724
 45840,  3.921,  4.899, 33.331,  8.121,  1.748
 45900,  3.839,  5.130, 32.036,  7.909,  1.715
 45960,  3.866,  5.085, 32.565,  7.913,  1.678
 46020,  3.879,  4.811, 32.168,  8.041,  1.522
 46080,  3.827,  4.891, 31.876,  7.927,  1.596
 46140,  3.840,  5.097, 33.196,  7.824,  1.631
 46200,  3.791,  4.984, 32.125,  7.624,  1.550
 46260,  3.719,  4.734, 31.798,  7.787,  1.532
 46320,  3.729,  4.954, 31.780,  7.709,  1.551
 46380,  3.791,  4.868, 30.571,  7.726,  1.439
 46440,  3.834,  4.712, 30.329,  7.646,  1.524
 46500,  3.857,  4.976, 31.757,  7.849,  1.435
 46560,  3.822,  5.125, 31.616,  7.971,  1.541
 46620,  3.820,  5.352, 30.812,  7.824,  1.351
 46680,  3.926,  5.042, 32.090,  7.963,  1.234
 46740,  3.936,  5.527, 30.533,  7.992,  1.249
 46800,  3.855,  5.637, 30.295,  8.283,  1.526
 46860,  4.148,  6.423, 34.359,  9.129,  2.014
 46920,  4.310,  6.576, 36.424,  9.302,  2.306
 46980,  4.168,  6.076, 36.057,  8.917,  2.008
 47040,  4.046,  5.650, 34.281,  8.557,  1.657
 47100,  3.944,  5.697, 33.410,  8.405,  1.649
 47160,  4.002,  5.524, 32.600,  8.109,  1.485
 47220,  3.877,  5.318, 32.747,  7.949,  1.521
 47280,  3.953,  5.135, 32.271,  8.026,  1.296
 47340,  3.970,  5.253, 31.024,  7.878,  1.298
 47400,  3.992,  5.035, 31.059,  7.648,  1.350
 47460,  3.746,  5.342, 26.644,  7.211,  1.199
 47520,  3.872,  4.641, 27.253,  7.421,  1.142
 47580,  3.891,  5.028, 29.906,  7.322,  1.229
 47640,  3.943,  5.095, 28.648,  7.114,  1.268
 47700,  3.928,  4.902, 29.033,  7.366,  1.168
 47760,  3.979,  4.700, 29.450,  7.290,  1.191
 47820,  3.886,  4.874, 28.359,  7.123,  1.166
 47880,  3.941,  4.843, 28.957,  7.333,  1.145
 47940,  4.023,  4.925, 29.416,  7.369,  1.254
 48000,  4.018,  4.939, 29.630,  7.367,  1.204
 48060,  3.938,  4.885, 28.524,  7.217,  1.248
 48120,  3.976,  4.925, 28.993,  7.054,  1.137
 48180,  3.980,  4.720, 29.532,  7.146,  1.231
 48240,  4.003,  4.995, 29.856,  7.193,  1.250
 48300,  3.962,  4.966, 28.731,  6.789,  1.196
 48360,  4.015,  5.482, 28.983,  6.913,  1.255
 48420,  3.889,  4.948, 30.536,  6.893,  1.201
 48480,  4.039,  5.192, 28.156,  7.263,  1.121
 48540,  4.283,  5.722, 28.434,  7.199,  1.250
 48600,  4.178,  5.567, 27.519,  7.410,  1.333
 48660,  4.153,  5.680, 27.979,  7.415,  1.249
 48720,  4.169,  5.324, 27.739,  7.160,  1.448
 48780,  4.318,  5.700, 28.604,  7.196,  1.367
 48840,  4.185,  5.680, 29.120,  7.150,  1.387
 48900,  4.246,  6.055, 29.051,  6.997,  1.395
 48960,  4.186,  5.936, 29.276,  7.075,  1.560
 49020,  4.332,  6.186, 27.950,  7.110,  1.394
 49080,  4.381,  6.732, 28.701,  7.230,  1.374
 49140,  4.500,  6.758, 28.886,  7.309,  1.402
 49200,  4.561,  7.192, 28.804,  7.390,  1.589
 49260, -9999.000, -9999.000, -9999.000, -9999.000, -9999.000
 49320,  4.394,  7.619, 25.432,  6.873,  1.520
 49380,  4.543,  7.396, 26.113,  7.242,  1.510
 49440,  4.654,  8.047, 27.829,  7.496,  1.553
 49500,  4.652,  7.967, 29.240,  7.499,  1.608
 49560,  4.869,  8.157, 29.282,  7.693,  1.727
 49620,  4.828,  7.983, 28.887,  7.841,  1.685
 49680,  4.851,  7.458, 28.379,  7.886,  1.704
 49740,  4.742,  7.564, 30.194,  7.786,  1.889
 49800,  4.738,  7.338, 29.245,  7.706,  1.846
 49860,  4.743,  7.189, 28.449,  7.977,  1.836
 49920,  4.629,  6.791, 28.532,  7.760,  1.831
 49980,  4.690,  6.912, 27.897,  7.844,  1.812
 50040,  4.704,  7.234, 28.800,  7.862,  1.950
 50100,  4.808,  7.367, 26.861,  8.018,  1.960
 50160,  4.861,  7.364, 28.907,  8.025,  1.896
 50220,  4.779,  7.198, 28.198,  7.909,  1.968
 50280,  4.807,  7.320, 27.599,  7.979,  1.954
 50340,  4.755,  7.932, 30.046,  8.200,  2.192
 50400,  4.650,  7.687, 28.341,  7.831,  2.055
 50460,  4.726,  7.839, 27.913,  7.721,  2.088
 50520,  4.804,  8.272, 27.890,  7.925,  2.023
 50580,  4.864,  8.072, 28.930,  8.139,  2.065
 50640,  4.874,  8.833, 28.711,  7.819,  2.030
 50700,  5.057,  9.007, 28.682,  8.099,  2.159
 50760,  5.197,  9.388, 29.100,  8.286,  2.102
 50820,  5.151,  9.682, 30.390,  8.229,  2.070
 50880,  5.126,  9.629, 30.699,  8.278,  2.197
 50940,  4.930,  9.865, 29.546,  7.992,  2.202
 51000,  4.991, 10.692, 30.177,  7.997,  2.226
 51060,  4.948, 10.832, 28.649,  7.950,  2.034
 51120, -9999.000, -9999.000, -9999.000, -9999.000, -9999.000
 51180,  5.054, 11.044, 29.361,  7.883,  2.082
 51240,  5.095, 11.216, 29.379,  7.894,  2.087
 51300,  5.111, 11.463, 29.048,  7.696,  2.191
 51360,  5.275, 11.603, 30.467,  7.969,  2.301
 51420,  5.215, 11.571, 29.087,  7.983,  2.224
 51480,  5.095, 11.692, 29.761,  7.708,  2.252
 51540,  5.155, 11.487, 29.334,  7.811,  2.199
 51600,  5.228, 12.189, 30.178,  7.700,  2.239
 51660,  5.285, 12.661, 29.423,  7.864,  2.261
 51720,  5.389, 11.954, 28.770,  7.776,  2.180
 51780,  5.440, 11.982, 29.470,  7.932,  2.177
 51840,  5.571, 12.417, 29.741,  7.855,  2.355
 51900,  5.503, 12.098, 28.500,  7.678,  2.202
 51960,  5.549, 12.889, 27.464,  7.882,  2.140
 52020,  5.802, 13.157, 30.051,  8.076,  2.409
 52080,  5.989, 13.093, 29.285,  8.330,  2.278
 52140,  6.043, 13.779, 29.651,  8.356,  2.296
 52200,  5.968, 13.747, 30.390,  8.291,  2.271
 52260,  6.009, 15.088, 29.503,  8.414,  2.295
 52320,  6.229, 16.325, 30.601,  8.552,  2.339
 52380,  6.258, 16.204, 31.510,  8.398,  2.391
 52440,  6.331, 16.497, 32.228,  8.398,  2.242
 52500,  6.398, 16.834, 31.135,  8.412,  2.169
 52560,  6.455, 17.704, 30.976,  8.402,  2.171
 52620,  6.937, 20.750, 33.106,  8.456,  2.053
 52680,  7.038, 22.260, 33.998,  8.495,  2.070
 52740,  7.220, 22.663, 33.118,  8.639,  1.930
 52800,  7.203, 22.343, 35.046,  8.867,  2.082
 52860,  7.173, 22.856, 33.801,  8.673,  2.129
 52920,  7.263, 23.913, 32.838,  8.579,  2.010
 52980, -9999.000, -9999.000, -9999.000, -9999.000, -9999.000
 53040,  7.327, 23.044, 30.160,  8.303,  1.845
 53100,  7.507, 24.254, 31.741,  8.391,  1.922
 53160,  7.346, 20.674, 32.449,  8.928,  1.995
 53220,  7.430, 20.412, 30.852,  9.260,  1.935
 53280,  7.369, 19.662, 31.641,  9.035,  1.934
 53340,  7.451, 18.603, 31.883,  9.232,  2.002
 53400,  7.395, 18.945, 31.989,  9.482,  2.093
 53460,  7.440, 18.604, 30.876,  9.530,  2.133
 53520,  7.325, 17.312, 31.500,  9.416,  2.304
 53580,  7.502, 18.460, 28.580,  9.552,  2.330
 53640,  7.688, 22.253, 31.536,  9.275,  2.346
 53700,  7.890, 21.919, 31.894,  9.389,  2.542
 53760,  7.849, 20.645, 32.083,  9.494,  2.596
 53820,  7.964, 20.873, 31.891,  9.429,  3.028
 53880,  7.822, 19.255, 31.126,  9.249,  3.050
 53940,  7.916, 20.419, 30.630,  9.626,  3.172
 54000,  8.193, 24.000, 31.351,  9.594,  3.352
 54060,  8.216, 23.608, 30.696,  9.563,  3.073
 54120,  8.095, 22.069, 30.526,  9.664,  3.128
 54180,  8.061, 23.863, 32.069,  9.554,  3.100
 54240,  8.663, 27.805, 31.337,  9.662,  3.082
 54300,  8.783, 27.944, 32.759,  9.873,  2.898
 54360,  9.268, 35.229, 33.140,  9.934,  2.714
 54420,  9.326, 35.038, 33.300, 10.317,  2.369
 54480,  9.329, 34.688, 33.712,  9.974,  2.382
 54540,  9.443, 35.800, 32.763, 10.073,  2.336
 54600,  9.778, 36.092, 32.217,  9.829,  2.263
 54660,  9.910, 36.104, 34.109, 10.108,  2.509
 54720,  9.777, 36.081, 33.530, 10.055,  2.412
 54780,  9.610, 35.005, 33.264,  9.938,  2.254
 54840,  9.876, 35.257, 28.536,  8.919,  1.820
 54900, 10.106, 37.189, 30.040,  9.452,  2.170
 54960, 10.163, 38.543, 32.254,  9.551,  2.321
 55020, 10.565, 40.389, 31.520,  9.767,  2.479
 55080, 10.767, 41.449, 33.236,  9.652,  2.380
 55140, 10.725, 41.488, 32.846,  9.836,  2.319
 55200, 11.663, 49.408, 35.254,  9.961,  2.457
 55260, 12.309, 54.004, 35.424,  9.971,  2.393
 55320, 12.823, 57.550, 37.027, 10.274,  2.362
 55380, 12.613, 58.174, 36.844, 10.407,  2.549
 55440, 12.705, 59.025, 38.296, 10.455,  2.568
 55500, 13.043, 59.815, 36.440, 10.374,  2.474
 55560, 12.873, 59.710, 37.838, 10.212,  2.407
 55620, 12.910, 57.343, 39.250, 10.057,  2.569
 55680, 12.984, 57.394, 37.369, 10.127,  2.543
 55740, 13.270, 56.629, 37.296, 10.496,  2.378
 55800, 13.730, 57.955, 39.331, 10.169,  2.383
 55860, 13.672, 56.158, 36.667, 10.315,  2.125
 55920, 13.604, 52.498, 37.335, 10.246,  2.160
 55980, 13.376, 51.467, 37.136, 10.243,  2.014
 56040, 13.449, 51.340, 36.022, 10.124,  2.054
 56100, 13.613, 50.194, 36.854, 10.308,  1.895
 56160, 13.575, 50.120, 38.252, 10.123,  1.918
 56220, 13.727, 49.531, 36.052, 10.297,  1.894
 56280, 14.205, 52.151, 36.559, 10.193,  1.894
 56340, 14.029, 50.305, 37.202,  9.989,  1.934
 56400, 14.060, 49.769, 36.674, 10.002,  1.778
 56460, 14.225, 50.207, 36.897, 10.261,  1.942
 56520, 14.149, 48.712, 37.291, 10.316,  1.945
 56580, 14.315, 48.216, 36.451, 10.279,  1.776
 56640, 14.736, 48.686, 36.558,  9.997,  1.893
 56700, 14.758, 49.813, 27.948,  9.586,  1.713
 56760, 14.867, 52.995, 32.745,  9.970,  1.816
 56820, 15.386, 56.657, 34.893, 10.388,  1.829
 56880, 15.578, 56.717, 37.066, 10.302,  1.975
 56940, 15.113, 52.453, 36.552, 10.243,  1.774
 57000, 15.800, 58.739, 36.963, 10.555,  1.910
 57060, 16.518, 62.702, 36.681, 10.523,  2.092
 57120, 17.014, 65.413, 37.600, 10.747,  2.107
 57180, 17.706, 70.144, 38.208, 11.077,  2.224
 57240, 17.620, 68.177, 38.769, 10.919,  2.241
 57300, 18.385, 72.224, 37.897, 10.744,  2.290
 57360, 19.168, 75.542, 38.834, 11.241,  2.335
 57420, 19.111, 73.701, 38.990, 11.037,  2.168
 57480, 18.800, 71.065, 39.327, 11.237,  2.204
 57540, 18.210, 66.188, 38.641, 10.899,  2.213
 57600, 18.025, 62.242, 37.328, 10.858,  2.145
 57660, 17.575, 58.381, 37.060, 10.665,  2.142
 57720, 16.917, 52.875, 36.428, 10.594,  2.001
 57780, 16.688, 50.511, 36.081, 10.742,  2.058
 57840, 15.925, 47.266, 35.152, 10.388,  1.960
 57900, 17.313, 52.492, 34.582, 10.816,  2.039
 57960, 16.695, 50.368, 34.008, 10.434,  1.933
 58020, 17.654, 53.628, 35.739, 10.739,  2.117
 58080, 17.954, 53.453, 36.818, 10.729,  2.068
 58140, 18.208, 52.275, 35.044, 10.999,  2.010
 58200, 18.051, 50.886, 35.216, 10.711,  1.978
 58260, 18.101, 50.354, 35.427, 10.997,  1.880
 58320, 18.072, 50.131, 37.227, 11.081,  2.014
 58380, 18.617, 51.181, 35.886, 10.927,  2.014
 58440, 18.752, 51.608, 35.526, 11.262,  1.878
 58500, 18.042, 49.632, 38.790, 10.745,  1.760
 58560, 18.858, 51.874, 34.033, 10.655,  1.923
 58620, 18.941, 50.930, 34.139, 10.927,  1.896
 58680, 19.046, 49.796, 35.329, 10.894,  1.881
 58740, 19.355, 48.435, 36.342, 11.166,  1.971
 58800, 19.264, 47.981, 36.273, 10.971,  1.856
 58860, 18.995, 46.374, 36.614, 11.163,  1.869
 58920, 18.824, 47.057, 35.861, 10.794,  1.825
 58980, 19.431, 49.945, 36.295, 11.263,  1.852
 59040, 18.604, 46.955, 37.025, 11.194,  1.964
 59100, 17.082, 42.636, 34.493, 10.907,  1.790
 59160, 16.945, 41.297, 33.246, 10.409,  1.670
 59220, 17.555, 40.870, 33.275, 10.822,  1.735
 59280, 16.849, 38.160, 33.313, 10.510,  1.612
 59340, 14.676, 32.280, 31.684, 10.232,  1.497
 59400, 13.511, 27.509, 29.581,  9.777,  1.324
 59460, 13.046, 26.435, 29.674,  9.789,  1.330
 59520, 15.780, 34.179, 28.617, 10.457,  1.271
 59580, 17.670, 38.055, 33.803, 11.025,  1.630
 59640, 16.357, 33.643, 33.437, 10.562,  1.690
 59700, 17.842, 37.656, 33.241, 10.991,  1.647
 59760, 19.165, 40.092, 33.579, 11.592,  1.758
