CampaignData_and_Merges/R0/CSL_MobileLab_Parked/raw/20240807/USOS-HCHO_MobileLabGround_20240807_R0.ict
35,1001
Huang, Yaoxian
Wayne State University
Picarro G2307 on CSL Mobile Lab
USOS
1,1
2024,08,07,2024,08,09
1.0
Time_Start,seconds_since_midnight,number_of_seconds_since_0000_UTC
3
1.0,1.0,1.0
-9999.0,-9999.0,-9999.0
HCHO,ppbv,Gas_HCHO_InSitu_S_AVMR,volume mixing ratio of formaldehyde in air
H2O,ppmv,Gas_H2O_InSitu_S_AVMR,volume mixing ratio of water vapor in air
CH4,ppmv,Gas_CH4_InSitu_S_AVMR,volume mixing ratio of methane in air
0
18
PI_CONTACT_INFO: yaoxian.huang@wayne.edu
PLATFORM: CSL Mobile Lab, at Ground Site
LOCATION: Salt Lake City, UT
ASSOCIATED_DATA: N/A
INSTRUMENT_INFO: Cavity Ring-Down Spectrometer
DATA_INFO: Data is averaged to 1 minute intervals for stationary and 1 second interval for driving. Stationary data collected from a 20 ft tower on top of the mobile lab.
UNCERTAINTY: N/A
ULOD_FLAG: -7777
ULOD_VALUE: N/A
LLOD_FLAG: -8888
LLOD_VALUE: N/A
DM_CONTACT_INFO: Yaoxian Huang; yaoxian.huang@wayne.edu
PROJECT_INFO: USOS, Summer 2024. https://csl.noaa.gov/groups/csl7/measurements/2024usos/
STIPULATIONS_ON_USE: Users are strongly encouraged to contact the PI for proper data usage.
OTHER_COMMENTS: Data have been shifted backwards by 1 minute to align with USOS MetNav and Picarro GHG data.
REVISION: R0
R0: Final Data
Time_Start,HCHO,H2O,CH4
[from data line 544]
32640,2.65532,12179.4,1.94244
32700,2.26861,12130.8,1.94539
32760,2.45307,12068.3,1.94235
32820,2.35899,12222.4,1.94294
32880,2.35269,12115.6,1.94777
32940,2.37771,12264.7,1.94573
33000,2.4199,12220.2,1.94633
33060,2.28718,12379.2,1.94489
33120,2.49811,12147.9,1.94308
33180,2.3471,12128.0,1.94401
33240,2.34608,12069.8,1.94505
33300,2.42506,12079.1,1.9456
33360,2.24403,12055.2,1.94561
33420,2.22764,12216.3,1.94758
33480,2.51938,12177.9,1.94643
33540,2.50493,12205.2,1.94772
33600,2.55984,12231.3,1.9492
33660,2.26501,12263.8,1.95139
33720,2.20007,12304.3,1.95318
33780,2.54291,12368.6,1.95305
33840,2.46012,12355.6,1.95317
33900,2.32614,12318.4,1.9582
33960,2.63197,12331.1,1.96103
34020,2.70625,12434.9,1.96421
34080,3.10328,12640.0,1.99284
34140,2.84141,13041.7,1.96444
34200,2.92122,12889.5,1.96495
34260,2.4074,12749.9,1.96145
34320,2.74035,12866.2,1.96258
34380,2.75887,12692.8,1.95755
34440,2.45116,12680.0,1.95898
34500,2.79004,12779.2,1.96152
34560,2.65107,12727.9,1.96183
34620,2.60219,12922.7,1.95707
34680,2.88056,12863.2,1.95929
34740,2.50695,12531.3,1.95831
34800,2.39021,12493.5,1.95512
34860,2.2934,12439.5,1.95423
34920,2.13622,12366.2,1.95363
34980,2.28269,12412.6,1.95394
35040,2.4731,12407.1,1.95643
35100,2.24606,12509.0,1.95816
35160,2.56794,13043.8,1.97113
35220,2.82568,13283.8,1.96941
35280,2.64479,13235.2,1.98038
35340,2.90362,13370.0,1.97673
35400,2.65871,13232.7,1.97855
35460,2.90929,13210.0,1.97873
35520,2.97799,13456.0,1.98187
35580,2.72549,13257.3,1.98051
35640,2.6803,13196.2,1.97913
35700,2.53412,13109.1,1.97636
35760,2.57813,13118.4,1.9734
35820,3.04162,13222.0,1.97863
35880,2.89488,13232.3,1.97737
35940,2.88763,13153.2,1.97297
36000,2.72609,13132.8,1.97239
36060,2.79937,13207.9,1.97293
36120,2.85852,13364.2,1.97512
36180,2.85835,13278.4,1.97854
36240,2.77907,13090.3,1.97243
36300,3.04549,13332.3,1.97673
36360,2.94673,13433.9,1.98328
36420,3.03916,13453.5,1.98187
36480,2.957,13529.7,1.98466
36540,2.92377,13458.8,1.98636
36600,2.85561,13510.7,1.98684
36660,3.17279,13609.4,1.98742
36720,2.88892,13522.9,1.98674
36780,3.1133,13428.6,1.98228
36840,2.90076,13458.1,1.98388
36900,2.56046,13341.4,1.97353
36960,2.81403,13401.7,1.97736
37020,2.78266,13784.7,1.97787
37080,3.10913,13548.5,1.97541
37140,2.87582,13362.8,1.97705
37200,2.9174,13294.9,1.97451
37260,2.64631,13216.3,1.97281
37320,2.88471,13248.0,1.97348
37380,2.66867,13398.8,1.97242
37440,3.10941,13624.6,1.97739
37500,2.69372,13314.4,1.96546
37560,2.76133,13100.3,1.96731
37620,2.43371,13043.4,1.96365
37680,2.74543,13231.9,1.96285
37740,2.53089,13056.3,1.96158
37800,2.64186,13204.3,1.96193
37860,2.59708,13186.3,1.96269
37920,2.56741,12972.0,1.95628
37980,2.87304,13058.4,1.96465
38040,2.75709,12942.4,1.96331
38100,2.77407,12851.9,1.9609
38160,2.64436,13149.2,1.9658
38220,2.93167,13074.2,1.96571
38280,2.8231,13490.1,1.97749
38340,2.88426,13683.3,1.98073
38400,2.83305,13563.2,1.98768
38460,2.8271,13460.1,1.99829
38520,2.86749,13425.0,2.00374
38580,2.87911,13475.6,2.00106
38640,3.03775,13443.9,1.99939
38700,3.06315,13888.2,2.00021
38760,3.01874,13755.7,1.9927
38820,3.14828,13389.9,1.98758
38880,3.12068,13492.4,1.99318
38940,2.9931,13791.2,1.99963
39000,3.01537,13680.5,1.99318
39060,3.06659,13713.8,1.99489
39120,3.00187,13708.0,1.98823
39180,2.91432,13460.2,1.98979
39240,2.98503,13660.4,1.98947
39300,3.11619,13727.0,1.98907
39360,3.05544,13767.5,1.99003
39420,3.1056,13901.1,2.01454
39480,3.15819,13933.9,2.02053
39540,3.10839,13930.5,2.01041
39600,3.06705,13948.2,2.00973
39660,3.27521,13876.3,2.00854
39720,3.05215,13733.3,2.00719
39780,3.04919,13626.8,2.00214
39840,3.17832,13749.2,1.99997
39900,3.16367,13784.7,1.99968
39960,3.28194,13865.2,1.99888
40020,3.20565,13938.7,1.99902
40080,3.14578,13891.1,1.99839
40140,3.3093,13891.1,1.99991
40200,3.44469,13791.8,2.00062
40260,3.1782,13839.9,2.00083
40320,3.11525,13988.4,2.00285
40380,3.24803,14053.2,2.00348
40440,3.08373,14011.0,2.00733
40500,3.15011,13972.5,2.00428
40560,3.11983,13904.5,2.01309
40620,3.25962,13895.3,2.01221
40680,3.03559,13885.0,2.01515
40740,3.09195,13951.0,2.01256
40800,3.27374,13921.4,2.00732
40860,2.89749,13574.9,1.99562
40920,3.07659,13712.0,2.00132
40980,3.11588,13899.0,2.00392
41040,3.03662,13858.0,2.0021
41100,3.28701,14049.2,2.01035
41160,3.47794,14033.5,2.02234
41220,3.4098,14033.7,2.02366
41280,3.25857,13946.9,2.02097
41340,3.56219,14032.6,2.01944
41400,3.40997,13977.7,2.02616
41460,3.27632,13921.1,2.02474
41520,2.98513,13770.3,2.01959
41580,2.98644,13880.3,2.02362
41640,3.26308,14054.4,2.02275
41700,3.52403,13809.9,2.02006
41760,3.00122,13569.4,2.00569
41820,2.6196,13526.2,2.0065
41880,2.69934,13322.5,2.00121
41940,2.78972,13217.6,1.98681
42000,2.8172,13413.8,1.99434
42060,2.95866,13490.4,1.9949
42120,2.69062,13305.0,1.9814
42180,2.55572,13225.4,1.97477
42240,2.54122,13253.4,1.97288
42300,2.63436,13274.6,1.97624
42360,2.55459,13276.1,1.96965
42420,2.72022,13402.9,1.9741
42480,2.79259,13684.7,1.9807
42540,2.59737,13545.7,1.98166
42600,2.76049,13389.7,1.97589
42660,2.89962,13519.9,1.99183
42720,2.99171,13641.5,1.99109
42780,2.87421,13579.3,1.98996
42840,3.17323,13532.4,1.98743
42900,3.21296,13615.8,1.99145
42960,3.07858,13651.4,1.98599
43020,2.88961,13625.4,1.98496
43080,2.78683,13664.1,1.9884
43140,2.73381,13647.4,1.9891
43200,3.0136,13694.4,1.98805
43260,3.01029,13738.2,1.98802
43320,2.98891,13750.0,1.98347
43380,2.88411,13752.2,1.98174
43440,2.80878,13812.0,1.9769
43500,3.06957,13862.8,1.98326
43560,2.82112,13855.7,1.98237
43620,3.18492,13858.6,1.98121
43680,2.92013,13859.6,1.97821
43740,2.71224,13867.7,1.97845
43800,2.8147,13974.2,1.98487
43860,2.8428,13973.0,1.99199
43920,2.89251,14109.3,1.99594
43980,3.07958,14122.6,1.99668
44040,2.79242,14071.9,1.99362
44100,3.17651,14051.8,1.98874
44160,2.80736,13929.5,1.98132
44220,2.97163,13985.0,1.98153
44280,2.76569,13991.1,1.98422
44340,3.0214,14074.2,1.9873
44400,2.9384,14015.7,1.98441
44460,3.14304,14056.0,1.98664
44520,2.97965,14065.0,1.98633
44580,2.94102,14119.6,1.98969
44640,3.05936,14161.7,1.98616
44700,2.91389,14190.4,1.98872
44760,2.99738,14224.9,1.98782
44820,2.96609,14216.7,1.98818
44880,3.0721,14149.8,1.99203
44940,3.03951,14144.4,1.99923
45000,3.03875,14081.6,1.99447
45060,2.78209,14004.5,1.98633
45120,3.17179,13957.6,1.97835
45180,2.82596,14055.2,1.99491
45240,2.93233,13955.6,1.98119
45300,2.70201,13841.1,1.97355
45360,3.01452,13808.8,1.97759
45420,2.62324,13686.2,1.96964
45480,2.80592,13637.2,1.96611
45540,2.90941,13620.0,1.96695
45600,2.67791,13651.0,1.96398
45660,2.79986,13581.3,1.96432
45720,2.80566,13612.5,1.96562
45780,2.7256,13620.4,1.96303
45840,3.00099,13913.1,1.97625
45900,2.87424,13917.7,1.97498
45960,2.99827,13999.8,1.97805
46020,2.98297,13938.3,1.97703
46080,3.00501,13972.5,1.97361
46140,2.94496,14095.4,1.98425
46200,2.84468,14017.1,1.97697
46260,3.17238,14017.8,1.97334
46320,2.9677,14035.0,1.97374
46380,2.94363,13977.0,1.97404
46440,2.92697,13982.5,1.97597
46500,2.92383,13734.5,1.96677
46560,2.80051,13722.8,1.96958
46620,2.61334,13606.5,1.96051
46680,2.56263,13498.4,1.96058
46740,2.64192,13417.2,1.95796
46800,2.67969,13563.0,1.96384
46860,2.91168,13616.1,1.96266
46920,2.84227,13648.4,1.9618
46980,2.47064,13576.6,1.9596
47040,2.69955,13536.5,1.95898
47100,2.96515,13674.0,1.96573
47160,2.66803,13528.7,1.95804
47220,2.59063,13689.7,1.95924
47280,2.40379,13583.6,1.95591
47340,2.62971,13565.3,1.95504
47400,2.5334,13625.4,1.95817
47460,2.70455,13669.7,1.95916
47520,2.64286,13619.9,1.95987
47580,2.32729,13569.7,1.95498
47640,2.38582,13678.6,1.96115
47700,2.52073,13666.6,1.95819
47760,2.76425,13629.5,1.95897
47820,2.75101,13813.8,1.95807
47880,2.9517,13833.2,1.95731
47940,3.33199,13753.1,1.96012
48000,2.8227,13747.8,1.96264
48060,2.73886,13928.3,1.9613
48120,2.98602,13938.6,1.96223
48180,2.98113,14481.4,1.97613
48240,2.83866,14487.9,1.98428
48300,2.79728,14498.9,1.97061
48360,3.00648,14501.9,1.97027
48420,2.80411,14731.5,1.96933
48480,3.09349,14419.2,1.96623
48540,2.80674,13940.8,1.96444
48600,2.87677,13972.5,1.96202
48660,2.78901,14009.0,1.96113
48720,3.23005,14183.8,1.96282
48780,3.02482,14224.6,1.96551
48840,3.06531,14475.2,1.964
48900,3.01859,14943.7,1.97693
48960,3.20154,14856.5,1.97395
49020,2.9956,14546.9,1.96835
49080,2.9008,14478.4,1.96769
49140,2.80041,14472.4,1.96307
49200,3.0525,14439.2,1.96455
49260,3.03153,14477.9,1.96332
49320,2.85581,14608.3,1.9628
49380,3.20554,14386.8,1.96121
49440,3.25708,14612.0,1.96223
49500,3.03175,14448.2,1.96424
49560,3.07693,14459.0,1.97035
49620,3.05015,14468.8,1.97365
49680,2.97514,14702.4,1.98016
49740,3.06024,14718.0,1.98129
49800,3.30488,15155.8,1.98006
49860,3.25212,14953.5,1.97815
49920,3.31744,14468.6,1.97515
49980,3.26367,14962.2,1.97286
50040,3.28654,15139.6,1.97303
50100,3.39267,14301.8,1.97698
50160,3.46555,14432.0,1.97466
50220,3.22162,14598.3,1.97832
50280,3.10382,14568.7,1.97924
50340,3.304,14629.1,1.98173
50400,3.40422,15304.7,1.98097
50460,3.40249,15212.7,1.97983
50520,3.30439,14550.2,1.97554
50580,3.33763,14827.6,1.98021
50640,3.52828,14848.7,1.98082
50700,3.35045,14469.3,1.97831
50760,3.13965,14283.6,1.97751
50820,3.48127,14704.0,1.97694
50880,3.37407,14843.8,1.97908
50940,3.61528,15276.2,1.97767
51000,3.7045,15242.7,1.9793
51060,3.59625,15208.8,1.97468
51120,3.37256,14914.7,1.97243
51180,3.13407,14750.2,1.97256
51240,3.30406,14937.5,1.98136
51300,3.38794,14901.5,1.98039
51360,3.13142,14813.1,1.97849
51420,3.41069,14777.1,1.97479
51480,3.47001,14916.6,1.97521
51540,3.77123,15115.1,1.9749
51600,3.6403,15179.9,1.97856
51660,3.5585,15274.2,1.98184
51720,3.99863,14787.8,2.00925
51780,3.43711,14661.0,1.9853
51840,3.52501,14614.2,1.97974
51900,3.46968,14706.5,1.97331
51960,3.2304,14695.1,1.97149
52020,3.25522,14513.3,1.96616
52080,3.42047,14205.5,1.96147
52140,2.99439,14241.9,1.96332
52200,3.60921,14393.9,1.96321
52260,3.32728,14528.3,1.96594
52320,3.258,14503.5,1.95921
52380,3.06704,14493.7,1.95451
52440,3.09697,14367.8,1.95557
52500,3.08688,14967.2,1.9544
52560,3.06171,14550.9,1.95452
52620,3.25966,13954.9,1.94852
52680,2.99943,13914.2,1.9433
52740,3.03409,13882.7,1.94441
52800,3.03159,14034.9,1.94404
52860,2.95496,14511.1,1.94646
52920,3.21782,14230.8,1.9488
52980,3.36148,14057.8,1.94937
53040,3.28703,13956.1,1.94715
53100,3.25916,14285.4,1.94887
53160,3.13021,13980.6,1.95954
53220,3.14326,13907.4,1.95953
53280,3.57009,14043.8,1.96303
53340,3.28253,14293.7,1.9715
53400,3.56144,14505.2,1.97771
53460,3.34726,14492.4,1.98123
53520,3.45959,14570.9,1.99161
53580,3.43367,14442.0,1.98553
53640,3.42283,14644.1,1.97516
53700,3.33673,14420.8,1.96365
53760,3.32529,14233.5,1.97271
53820,3.50789,14715.6,1.96954
53880,3.81674,14468.7,1.97671
53940,3.74924,14327.2,1.98143
54000,3.62049,14449.5,1.97662
54060,3.60618,14530.8,1.97584
54120,3.69772,14723.3,1.9808
54180,3.78498,15163.7,1.98069
54240,4.05229,15033.1,1.98055
54300,4.02796,14668.7,1.97894
54360,4.07673,14962.3,1.9768
54420,3.94742,14726.1,1.97201
54480,3.92279,14839.9,1.97381
54540,3.86313,14702.5,1.97715
54600,3.95256,14522.3,1.97536
54660,3.99569,14474.3,1.97152
54720,3.97134,14534.5,1.96834
54780,3.98232,14552.8,1.96876
54840,4.16229,14672.5,1.96381
54900,4.10113,14601.3,1.96239
54960,4.17011,14991.9,1.96284
55020,3.90142,14704.3,1.96075
55080,4.13169,14647.9,1.95889
55140,4.15631,15020.5,1.96042
55200,4.14495,15544.4,1.95753
55260,4.34945,15318.7,1.95908
55320,4.23154,15226.8,1.95581
55380,4.53908,15375.9,1.95738
55440,4.57195,15558.6,1.955
55500,4.61941,15562.8,1.95489
55560,4.38803,16020.9,1.95048
55620,4.51738,15888.2,1.9583
55680,4.49368,15990.3,1.95594
55740,4.28513,15762.2,1.95518
55800,4.19826,15280.4,1.94981
55860,4.5845,15406.0,1.94933
55920,4.20085,15165.3,1.94785
55980,4.40267,14919.9,1.94822
56040,4.37072,15634.6,1.94647
56100,4.17989,15010.6,1.94701
56160,4.16633,14987.1,1.948
56220,4.13439,15045.5,1.95232
56280,4.29784,15243.3,1.94785
56340,4.14069,14859.3,1.94732
56400,3.93118,14969.5,1.94609
56460,4.33041,15091.4,1.94704
56520,4.2494,14777.4,1.94526
56580,4.13454,14792.1,1.94656
56640,3.78301,14623.6,1.94499
56700,4.23555,15056.9,1.94603
56760,4.30458,15233.6,1.93938
56820,4.54979,15225.4,1.94195
56880,4.38006,15339.3,1.94184
56940,4.42897,15325.0,1.93988
57000,4.19215,15048.8,1.94029
57060,4.37972,14985.9,1.94263
57120,4.46409,15139.0,1.94135
57180,4.72584,15227.0,1.94267
57240,4.89157,15381.5,1.94124
57300,4.79608,15821.1,1.94042
57360,5.0302,15397.2,1.93997
57420,4.8449,15498.8,1.93993
57480,4.77686,15683.1,1.9405
57540,4.81139,15505.9,1.94226
57600,4.97546,15489.5,1.94472
57660,5.22702,14973.3,1.95613
57720,4.63338,15535.4,1.9451
57780,4.28779,14787.0,1.9463
57840,4.23475,14810.0,1.95044
57900,4.4046,14285.6,1.94763
57960,4.44622,14552.6,1.94625
58020,4.43647,14571.5,1.94719
58080,4.76445,14272.5,1.94614
58140,4.52714,14222.1,1.95036
58200,4.32261,14231.8,1.95181
58260,4.61504,14237.7,1.95284
58320,4.58699,14310.3,1.94978
58380,4.32886,14368.1,1.95229
58440,4.59862,14566.8,1.95437
58500,4.73893,14625.1,1.95186
58560,4.88135,14823.9,1.95286
58620,4.77896,14807.0,1.95341
58680,5.01583,14685.6,1.95331
58740,4.62751,14347.7,1.95144
58800,4.57731,14376.4,1.95275
58860,4.71381,14898.2,1.94983
58920,4.99603,15384.7,1.95135
58980,4.93073,14760.1,1.95457
59040,5.14793,14698.8,1.95624
59100,4.69702,14915.8,1.95621
59160,4.58867,15081.6,1.95552
59220,4.67874,14460.5,1.95827
59280,4.59046,14531.8,1.95859
59340,4.2043,14313.2,1.95331
59400,4.20298,14053.8,1.95747
59460,3.98585,13936.2,1.95175
59520,4.27978,14045.0,1.95581
59580,4.53943,14272.9,1.95504
59640,4.46801,14452.8,1.95478
59700,4.44342,14424.8,1.95781
59760,4.73255,14336.9,1.95731
59820,4.34456,14344.2,1.95607
59880,4.78586,14869.1,1.95573
59940,4.30411,14388.7,1.95628
60000,4.47261,14743.4,1.95402
60060,4.4819,14516.1,1.95367
60120,3.82474,13298.8,1.9532
60180,4.01916,13346.4,1.95293
60240,3.85184,13482.0,1.9502
60300,3.85521,13483.1,1.95503
60360,3.81544,13520.8,1.95242
60420,3.71025,13559.0,1.94976
60480,3.64115,13526.0,1.94925
60540,3.67875,13461.7,1.95011
60600,3.52443,13314.2,1.94922
60660,3.01915,13275.8,1.94658
60720,3.13046,13181.1,1.94579
60780,3.31843,13268.8,1.94434
60840,3.01013,13262.7,1.94448
60900,3.28471,14065.1,1.94446
60960,3.76633,14312.7,1.97418
61020,4.15474,14403.6,2.00849
61080,4.18493,14463.6,2.03148
61140,4.34679,14368.3,2.01102
61200,4.55167,14865.9,2.01348
61260,4.29002,14553.8,2.07201
61320,4.50441,14612.1,2.18813
61380,4.72327,14133.1,2.40761
61440,4.68037,14214.3,2.49773
61500,4.77345,13869.6,2.50222
61560,5.04992,14451.9,2.50565
61620,4.81144,14224.9,2.41856
61680,4.76242,14188.4,2.41547
61740,4.60383,14012.3,2.40822
61800,4.86607,14525.3,2.41364
61860,4.72704,13904.5,2.42408
61920,4.94886,14076.8,2.43249
61980,4.86693,14388.4,2.41302
62040,4.72358,13944.4,2.40299
62100,4.7582,13979.3,2.40668
62160,4.74719,13784.3,2.38663
62220,4.77044,13867.0,2.38422
62280,4.91424,14376.1,2.36791
62340,4.88026,14142.6,2.29851
62400,4.88884,15096.6,2.35359
62460,5.13363,14163.8,2.2113
62520,4.75938,14446.4,2.1982
62580,4.97324,14039.7,2.2081
62640,4.81419,15371.1,2.20451
62700,5.03966,15653.5,2.23359
62760,5.20981,14437.7,2.29438
62820,5.48915,14338.3,2.28583
62880,5.00273,14368.6,2.2822
62940,5.04698,14406.8,2.20289
63000,4.85103,14730.2,2.16648
63060,5.15169,14943.5,2.10552
63120,5.18888,14477.2,2.07648
63180,4.80728,14115.5,2.05604
63240,5.03036,14211.7,2.05712
63300,4.69065,14503.5,2.0473
63360,4.85056,14693.3,2.05584
63420,4.90034,14472.9,2.05115
63480,4.66679,14875.4,2.04038
63540,4.9288,14279.5,2.03088
63600,4.60767,14029.3,2.02148
63660,4.66536,15167.4,2.01546
63720,5.04725,14506.1,2.01842
63780,4.87506,14620.6,2.01619
63840,4.51349,14389.6,2.01058
63900,4.66194,14295.3,2.00542
63960,4.68435,14038.3,2.00974
64020,4.59064,14114.1,2.01078
64080,4.76909,14254.0,2.00076
64140,4.78308,13993.5,2.00172
64200,4.63787,14273.0,2.00007
64260,4.9626,14469.0,1.99509
64320,4.79728,14046.8,1.99066
64380,4.97208,14171.1,1.98833
64440,4.69221,14196.3,1.99415
64500,5.19001,14173.3,1.99883
64560,5.02531,14062.1,2.00753
64620,4.96505,14054.1,2.0005
64680,4.7906,14081.1,1.9905
64740,4.8026,15292.2,1.98571
