CampaignData_and_Merges/R0/CSL_MobileLab_Parked/raw/20240807/USOS-NOAAIodideCIMS-HCOOH_MobileLabGround_20240807_RA.ict
33, 1001
Michael A Robinson, Chris Jernigan, Subi Thakali
NOAA ESRL Chemical Sciences Laboratory and CIRES, U. of Colorado
NOAA Iodide CIMS Instrument
USOS
1, 1
2024, 08, 07, 2024, 08, 08
1
starttime_UTC, seconds_past_midnight, seconds_of_day_since_00:00:00_UTC
1
1
-9999
HCOOH_NOAACIMS, pptv, Gas_HCOOH_InSitu_S_AVMR, 
0
18
PI_CONTACT_INFO: 325 Broadway, R/CSD 7, Boulder, Colorado 80305; michael.a.robinson@noaa.gov; chris.jernigan@noaa.gov;
PLATFORM: NOAA CSL Mobile Lab
LOCATION: SLC, Utah
ASSOCIATED_DATA: 1Hz data also available on request.
INSTRUMENT_INFO: NOAA I- ToF CIMS
DATA_INFO: All data in parts per trillion by volume (pptv). 1 Hz data is available upon request.
UNCERTAINTY: TBD
ULOD_FLAG: -7777
ULOD_VALUE: N/A
LLOD_FLAG: -8888
LLOD_VALUE: N/A
DM_CONTACT_INFO: Nathan Howard; nathan.h.howard@noaa.gov
PROJECT_INFO: USOS, summer 2024. https://csl.noaa.gov/groups/csl7/measurements/2024usos/
STIPULATIONS_ON_USE: Users are strongly encouraged to contact the PI for proper data usage.
OTHER_COMMENTS: 
REVISION: RA
RA: Preliminary Data; For in-field use only
starttime_UTC, HCOOH_NOAACIMS
     0, 615.027
    60, 704.316
   120, 633.312
   180, 631.109
   240, 666.397
   300, 653.360
   360, 609.004
   420, 603.018
   480, 617.973
   540, 610.986
   600, 633.031
   660, 714.289
   720, 635.958
   780, 621.472
   840, 627.815
   900, 694.731
   960, 709.435
  1020, 634.225
  1080, 706.552
  1140, 719.041
  1200, 744.941
  1260, -9999.000
  1320, 691.288
  1380, 725.322
  1440, 721.291
  1500, 639.401
  1560, 613.360
  1620, 614.844
  1680, 694.863
  1740, 659.731
  1800, 679.954
  1860, 670.511
  1920, 694.135
  1980, 615.379
  2040, 650.182
  2100, 695.113
  2160, 677.076
  2220, 699.372
  2280, 662.125
  2340, 678.243
  2400, -9999.000
  2460, -9999.000
  2520, -9999.000
  2580, -9999.000
  2640, -9999.000
  2700, -9999.000
  2760, -9999.000
  2820, -9999.000
  2880, -9999.000
  2940, -9999.000
  3000, -9999.000
  3060, -9999.000
  3120, -9999.000
  3180, -9999.000
  3240, -9999.000
  3300, -9999.000
  3360, -9999.000
  3420, -9999.000
  3480, -9999.000
  3540, -9999.000
  3600, -9999.000
  3660, -9999.000
  3720, -9999.000
  3780, -9999.000
  3840, -9999.000
  3900, -9999.000
  3960, -9999.000
  4020, -9999.000
  4080, -9999.000
  4140, -9999.000
  4200, -9999.000
  4260, -9999.000
  4320, -9999.000
  4380, -9999.000
  4440, -9999.000
  4500, -9999.000
  4560, -9999.000
  4620, -9999.000
  4680, -9999.000
  4740, -9999.000
  4800, -9999.000
  4860, -9999.000
  4920, -9999.000
  4980, -9999.000
  5040, -9999.000
  5100, -9999.000
  5160, -9999.000
  5220, -9999.000
  5280, -9999.000
  5340, -9999.000
  5400, -9999.000
  5460, -9999.000
  5520, -9999.000
  5580, -9999.000
  5640, -9999.000
  5700, -9999.000
  5760, -9999.000
  5820, -9999.000
  5880, -9999.000
  5940, 628.241
  6000, 603.476
  6060, 596.269
  6120, 600.562
  6180, 645.375
  6240, 620.395
  6300, 642.965
  6360, 715.343
  6420, 733.436
  6480, 727.842
  6540, 890.787
  6600, 925.633
  6660, 921.640
  6720, 907.257
  6780, -9999.000
  6840, 868.994
  6900, 881.941
  6960, 882.755
  7020, 908.363
  7080, 928.992
  7140, 940.314
  7200, 1005.960
  7260, 940.889
  7320, 968.473
  7380, 964.758
  7440, 1020.155
  7500, 1015.420
  7560, 1040.836
  7620, 1050.362
  7680, 1033.682
  7740, 951.821
  7800, 942.905
  7860, 1011.692
  7920, 1132.788
  7980, 1094.790
  8040, 1105.476
  8100, 1123.423
  8160, 1153.480
  8220, 1128.500
  8280, 1104.737
  8340, 1121.672
  8400, 1170.254
  8460, 1247.818
  8520, 1227.542
  8580, 1252.784
  8640, -9999.000
  8700, 1259.261
  8760, 1243.802
  8820, 1294.156
  8880, 1275.723
  8940, 1280.952
  9000, 1306.086
  9060, 1203.054
  9120, 1147.748
  9180, 1161.295
  9240, 1201.435
  9300, 1133.135
  9360, 1101.520
  9420, 1120.343
  9480, 1101.398
  9540, 1074.986
  9600, 1062.007
  9660, 1061.718
  9720, 1053.189
  9780, 1069.953
  9840, 1089.527
  9900, 1042.916
  9960, 1076.302
 10020, 1119.216
 10080, 1099.265
 10140, 1112.360
 10200, 1099.221
 10260, 1057.625
 10320, 1094.526
 10380, 1103.743
 10440, 1109.713
 10500, 1068.193
 10560, 1083.407
 10620, 1129.329
 10680, 1111.834
 10740, 1080.700
 10800, 1097.555
 10860, 1091.088
 10920, 1085.241
 10980, 1090.607
 11040, 1108.261
 11100, 1096.871
 11160, 1107.676
 11220, 1100.870
 11280, 1104.744
 11340, 1132.850
 11400, 1101.190
 11460, 1110.251
 11520, 1079.035
 11580, 1104.182
 11640, 1090.494
 11700, 1101.959
 11760, 1123.465
 11820, 1122.320
 11880, 1106.186
 11940, 1102.727
 12000, 1100.414
 12060, 1104.791
 12120, 1097.497
 12180, 1120.392
 12240, 1124.157
 12300, 1102.433
 12360, 1148.631
 12420, 1146.980
 12480, 1176.812
 12540, 1171.032
 12600, 1147.440
 12660, 1172.984
 12720, 1160.134
 12780, 1158.242
 12840, 1174.117
 12900, 1137.890
 12960, 1173.153
 13020, 1173.339
 13080, 1155.267
 13140, 1182.983
 13200, 1143.176
 13260, 1162.810
 13320, 1177.764
 13380, 1167.770
 13440, 1151.779
 13500, 1141.962
 13560, 1174.967
 13620, 1160.891
 13680, 1168.066
 13740, 1166.699
 13800, 1170.157
 13860, 1189.451
 13920, 1201.874
 13980, 1181.210
 14040, 1197.147
 14100, 1183.060
 14160, 1220.893
 14220, 1204.122
 14280, 1228.150
 14340, 1237.189
 14400, 1259.483
 14460, 1196.992
 14520, 1230.770
 14580, 1217.852
 14640, 1212.759
 14700, 1197.641
 14760, 1234.776
 14820, 1263.551
 14880, 1229.525
 14940, 1246.811
 15000, 1263.918
 15060, 1249.547
 15120, 1243.088
 15180, 1270.332
 15240, 1256.140
 15300, 1250.587
 15360, 1279.232
 15420, 1299.213
 15480, 1276.835
 15540, 1268.692
 15600, 1249.582
 15660, 1244.538
 15720, 1277.254
 15780, 1243.229
 15840, 1288.703
 15900, 1319.550
 15960, 1291.957
 16020, -9999.000
 16080, 1282.703
 16140, 1293.141
 16200, 1301.800
 16260, 1317.726
 16320, 1295.645
 16380, 1328.744
 16440, 1314.090
 16500, 1349.132
 16560, 1343.661
 16620, 1347.397
 16680, 1330.542
 16740, 1432.458
 16800, 1487.912
 16860, 1514.626
 16920, 1581.760
 16980, 1530.939
 17040, 1415.611
 17100, 1457.569
 17160, 1542.027
 17220, 1587.696
 17280, 1592.591
 17340, 1534.321
 17400, 1354.842
 17460, 1351.483
 17520, 1382.564
 17580, 1363.792
 17640, 1371.855
 17700, 1375.611
 17760, 1357.858
 17820, 1460.679
 17880, -9999.000
 17940, 1455.933
 18000, 1509.463
 18060, 1537.972
 18120, 1555.193
 18180, 1517.155
 18240, 1519.885
 18300, 1620.348
 18360, 1560.750
 18420, 1535.675
 18480, 1547.387
 18540, 1531.374
 18600, 1441.097
 18660, 1452.026
 18720, 1409.543
 18780, 1430.900
 18840, 1462.989
 18900, 1462.417
 18960, 1510.582
 19020, 1467.796
 19080, 1501.046
 19140, 1556.223
 19200, 1629.005
 19260, 1601.995
 19320, 1538.915
 19380, 1603.631
 19440, 1658.976
 19500, 1721.666
 19560, 1716.766
 19620, 1749.931
 19680, 1766.450
 19740, -9999.000
 19800, 1636.506
 19860, 1590.121
 19920, 1653.206
 19980, 1628.027
 20040, 1574.553
 20100, 1583.547
 20160, 1622.178
 20220, 1623.346
 20280, 1672.429
 20340, 1648.750
 20400, 1681.697
 20460, 1699.647
 20520, 1667.394
 20580, 1680.026
 20640, 1663.567
 20700, 1670.959
 20760, 1654.536
 20820, 1604.875
 20880, 1569.282
 20940, 1542.070
 21000, 1487.144
 21060, 1496.102
 21120, 1521.596
 21180, 1529.133
 21240, 1528.127
 21300, 1544.198
 21360, 1573.503
 21420, 1598.515
 21480, 1636.760
 21540, 1586.083
 21600, 1624.027
 21660, 1659.280
 21720, 1695.234
 21780, 1640.413
 21840, 1614.098
 21900, 1634.787
 21960, 1656.981
 22020, 1651.314
 22080, 1663.895
 22140, 1692.516
 22200, 1667.659
 22260, 1660.797
 22320, 1684.764
 22380, 1716.186
 22440, 1735.876
 22500, 1761.364
 22560, 1751.928
 22620, 1738.729
 22680, 1770.537
 22740, 1779.567
 22800, 1819.401
 22860, 1825.971
 22920, 1868.094
 22980, 1995.809
 23040, 1999.036
 23100, 2121.112
 23160, 2107.499
 23220, 2059.966
 23280, 2125.553
 23340, 2067.903
 23400, -9999.000
 23460, 2085.515
 23520, 2035.167
 23580, 2038.766
 23640, 2065.212
 23700, 1992.633
 23760, 1968.172
 23820, 1892.028
 23880, 1898.153
 23940, 1842.186
 24000, 1877.500
 24060, 1960.803
 24120, 1907.469
 24180, 1921.596
 24240, 1890.991
 24300, 1906.480
 24360, 1960.988
 24420, 1889.625
 24480, 1869.839
 24540, 1921.317
 24600, 2066.142
 24660, 1974.095
 24720, 1915.322
 24780, 1914.180
 24840, 1904.104
 24900, 1898.180
 24960, 1980.060
 25020, 1972.850
 25080, 1953.587
 25140, 1956.080
 25200, 2027.065
 25260, -9999.000
 25320, 2010.516
 25380, 2025.319
 25440, 2036.859
 25500, 2034.576
 25560, 2060.540
 25620, 2144.047
 25680, 2151.451
 25740, 2140.027
 25800, 2195.657
 25860, 2184.871
 25920, 2367.998
 25980, 2337.081
 26040, 2312.626
 26100, 2341.911
 26160, 2223.455
 26220, 2156.189
 26280, 2202.418
 26340, 2132.132
 26400, 2159.833
 26460, 2223.836
 26520, 1872.681
 26580, 2173.800
 26640, 2244.621
 26700, 2222.784
 26760, 2185.066
 26820, 2281.682
 26880, 2169.400
 26940, 1947.059
 27000, 2046.502
 27060, 2068.906
 27120, -9999.000
 27180, 2128.751
 27240, 1984.844
 27300, 2011.849
 27360, 2244.506
 27420, 2225.696
 27480, 2118.922
 27540, 1947.460
 27600, 1951.776
 27660, 1888.610
 27720, 1790.327
 27780, 1949.205
 27840, 2030.100
 27900, 1885.288
 27960, 2004.477
 28020, 2203.438
 28080, 2303.110
 28140, 2264.041
 28200, 2237.732
 28260, 2205.977
 28320, 2146.655
 28380, 2301.500
 28440, 2336.722
 28500, 2206.970
 28560, 2203.668
 28620, 2281.481
 28680, 2274.396
 28740, 2243.998
 28800, 2188.052
 28860, 2153.264
 28920, 2179.738
 28980, 2219.400
 29040, 2209.780
 29100, 2188.713
 29160, 2241.997
 29220, 2329.776
 29280, 2262.266
 29340, 2276.852
 29400, 2305.383
 29460, 2256.835
 29520, 2283.833
 29580, 2329.179
 29640, 2290.624
 29700, 2317.077
 29760, 2346.986
 29820, 2397.421
 29880, 2448.577
 29940, 2463.793
 30000, 2442.545
 30060, 2418.065
 30120, 2462.614
 30180, 2462.568
 30240, 2434.493
 30300, 2452.655
 30360, 2451.012
 30420, 2448.982
 30480, 2465.166
 30540, 2454.498
 30600, 2480.721
 30660, 2501.205
 30720, 2421.953
 30780, 2336.936
 30840, 2413.496
 30900, 2408.772
 30960, 2442.260
 31020, 2326.176
 31080, 2210.206
 31140, 2243.908
 31200, 2180.544
 31260, 2199.720
 31320, 2196.320
 31380, 2067.628
 31440, 2107.895
 31500, 2030.869
 31560, 1961.966
 31620, 1956.445
 31680, 1957.817
 31740, 2002.392
 31800, 1925.460
 31860, 1931.050
 31920, 1906.412
 31980, 1841.044
 32040, 1850.899
 32100, 1863.204
 32160, 1799.910
 32220, 1757.234
 32280, 1778.045
 32340, 1746.669
 32400, 1818.212
 32460, 1759.142
 32520, 1735.080
 32580, 1783.106
 32640, 1827.591
 32700, 1704.425
 32760, 1707.313
 32820, 1739.556
 32880, 1724.298
 32940, 1703.124
 33000, 1746.375
 33060, 1861.143
 33120, 1829.634
 33180, 1775.903
 33240, 1767.796
 33300, 1792.387
 33360, 1786.973
 33420, 1848.621
 33480, 1797.649
 33540, 1839.190
 33600, 1878.874
 33660, 1905.982
 33720, 1926.414
 33780, 1993.137
 33840, 1948.714
 33900, 1919.517
 33960, 2117.342
 34020, 2089.928
 34080, 2237.017
 34140, 2179.874
 34200, 2157.187
 34260, 2115.432
 34320, 2107.330
 34380, 2067.823
 34440, 2145.975
 34500, -9999.000
 34560, 2108.870
 34620, 2105.584
 34680, 2065.135
 34740, 1869.033
 34800, 1941.232
 34860, 1866.090
 34920, 1862.166
 34980, 1862.169
 35040, 1899.170
 35100, 2037.126
 35160, 2291.800
 35220, 2407.247
 35280, 2353.524
 35340, 2378.798
 35400, 2268.527
 35460, 2298.811
 35520, 2329.093
 35580, 2253.427
 35640, 2220.982
 35700, 2171.287
 35760, 2194.204
 35820, 2395.444
 35880, 2341.773
 35940, 2271.756
 36000, 2287.707
 36060, 2283.735
 36120, 2319.789
 36180, 2319.728
 36240, 2276.920
 36300, 2343.404
 36360, 2479.053
 36420, 2470.024
 36480, 2500.382
 36540, 2425.808
 36600, 2445.057
 36660, 2445.235
 36720, 2455.461
 36780, 2442.336
 36840, 2452.393
 36900, 2347.113
 36960, 2367.467
 37020, 2394.068
 37080, 2411.321
 37140, 2497.174
 37200, 2392.530
 37260, 2311.875
 37320, 2333.119
 37380, 2399.272
 37440, 2404.064
 37500, 2245.577
 37560, 2211.952
 37620, 2190.575
 37680, 2243.364
 37740, 2285.842
 37800, 2263.214
 37860, 2260.953
 37920, 2041.902
 37980, 2312.816
 38040, 2290.434
 38100, 2302.056
 38160, 2374.432
 38220, 2486.403
 38280, 2519.550
 38340, 2537.996
 38400, 2495.839
 38460, 2496.525
 38520, 2564.943
 38580, 2598.598
 38640, 2580.771
 38700, 2450.901
 38760, 2501.759
 38820, 2503.864
 38880, 2600.100
 38940, 2609.213
 39000, 2610.634
 39060, 2588.426
 39120, 2612.879
 39180, 2454.024
 39240, 2548.916
 39300, 2610.676
 39360, 2616.676
 39420, 2663.984
 39480, 2723.098
 39540, 2714.303
 39600, 2690.355
 39660, 2642.741
 39720, 2616.154
 39780, 2644.167
 39840, 2647.250
 39900, 2611.537
 39960, 2637.302
 40020, 2665.015
 40080, 2595.092
 40140, 2614.272
 40200, 2599.843
 40260, 2613.452
 40320, 2601.357
 40380, 2622.281
 40440, 2726.625
 40500, 2711.188
 40560, 2704.894
 40620, 2644.959
 40680, 2660.272
 40740, 2680.252
 40800, 2621.744
 40860, 2446.811
 40920, 2649.564
 40980, 2649.891
 41040, 2626.275
 41100, 2800.502
 41160, 2938.569
 41220, 2903.438
 41280, 2824.697
 41340, 2798.207
 41400, 2696.228
 41460, 2619.928
 41520, 2615.441
 41580, 2650.352
 41640, 2690.365
 41700, 2648.773
 41760, 2525.796
 41820, 2405.536
 41880, -9999.000
 41940, 2306.998
 42000, 2407.506
 42060, 2310.555
 42120, 2285.174
 42180, 2195.310
 42240, 2193.623
 42300, 2211.885
 42360, 2209.242
 42420, 2265.212
 42480, 2385.720
 42540, 2431.991
 42600, 2437.835
 42660, 2507.797
 42720, 2503.912
 42780, 2430.605
 42840, 2456.798
 42900, 2466.706
 42960, 2443.124
 43020, 2392.524
 43080, 2461.714
 43140, 2402.890
 43200, 2391.443
 43260, 2407.620
 43320, 2400.961
 43380, 2448.851
 43440, 2492.262
 43500, 2480.896
 43560, 2453.475
 43620, 2435.501
 43680, 2436.042
 43740, -9999.000
 43800, 2500.167
 43860, 2528.651
 43920, 2538.002
 43980, 2541.763
 44040, 2533.195
 44100, 2499.744
 44160, 2435.668
 44220, 2480.824
 44280, 2497.619
 44340, 2479.477
 44400, 2496.235
 44460, 2513.854
 44520, 2508.317
 44580, 2536.816
 44640, 2491.676
 44700, 2510.496
 44760, 2492.352
 44820, 2551.107
 44880, 2569.702
 44940, 2565.198
 45000, 2508.506
 45060, 2463.086
 45120, 2468.990
 45180, 2481.549
 45240, 2449.691
 45300, 2437.471
 45360, 2437.469
 45420, 2355.225
 45480, 2327.383
 45540, 2284.088
 45600, -9999.000
 45660, 2282.993
 45720, 2359.000
 45780, 2404.571
 45840, 2463.068
 45900, 2525.258
 45960, 2531.737
 46020, 2477.107
 46080, 2476.189
 46140, 2532.010
 46200, 2486.314
 46260, 2461.065
 46320, 2423.421
 46380, 2458.299
 46440, 2424.442
 46500, 2301.239
 46560, 2316.358
 46620, 2304.347
 46680, 2253.722
 46740, 2296.915
 46800, 2625.890
 46860, 3058.904
 46920, 2823.240
 46980, 2672.299
 47040, 2508.930
 47100, 2442.896
 47160, 2376.800
 47220, 2310.997
 47280, 2308.480
 47340, 2268.667
 47400, 2251.543
 47460, 2221.583
 47520, 2146.073
 47580, 2137.220
 47640, 2113.843
 47700, 2082.912
 47760, 2086.735
 47820, 2060.168
 47880, 2048.756
 47940, 2054.532
 48000, 2040.248
 48060, 2080.608
 48120, 2202.778
 48180, 2276.637
 48240, 2323.876
 48300, 2369.742
 48360, 2265.734
 48420, 2275.585
 48480, 2214.002
 48540, 2132.679
 48600, 2139.123
 48660, 2125.163
 48720, 2175.359
 48780, 2259.452
 48840, 2376.380
 48900, 2365.248
 48960, 2407.059
 49020, 2292.858
 49080, 2223.618
 49140, 2211.178
 49200, 2126.965
 49260, -9999.000
 49320, 2062.695
 49380, 2056.403
 49440, 2155.575
 49500, 2167.411
 49560, 2106.614
 49620, 2090.856
 49680, 2026.941
 49740, 2047.110
 49800, 2127.532
 49860, 2191.809
 49920, 2055.878
 49980, 2138.751
 50040, 2177.966
 50100, 2080.773
 50160, 2129.843
 50220, 2100.161
 50280, 2088.172
 50340, 2126.859
 50400, 2040.714
 50460, 2061.981
 50520, 2048.718
 50580, 2186.420
 50640, 2145.796
 50700, 2090.165
 50760, 2048.443
 50820, 2202.210
 50880, 2306.307
 50940, 2550.110
 51000, 2533.205
 51060, 2412.981
 51120, -9999.000
 51180, 2138.967
 51240, 2175.798
 51300, 2196.065
 51360, 2160.580
 51420, 2238.824
 51480, 2335.205
 51540, 2393.069
 51600, 2370.782
 51660, 2341.364
 51720, 2241.348
 51780, 2173.807
 51840, 2165.331
 51900, 2248.765
 51960, 2256.080
 52020, 2133.468
 52080, 2039.947
 52140, 2056.331
 52200, 2088.092
 52260, 2047.509
 52320, 1995.076
 52380, 1991.759
 52440, 2006.417
 52500, 1998.018
 52560, 2046.181
 52620, 1912.460
 52680, 1888.954
 52740, 1873.293
 52800, 1891.301
 52860, 1973.692
 52920, 2010.342
 52980, -9999.000
 53040, 1949.517
 53100, 1998.858
 53160, 1956.231
 53220, 2000.720
 53280, 1962.418
 53340, 1995.528
 53400, 2055.677
 53460, 2031.307
 53520, 2018.917
 53580, 2049.725
 53640, 2068.720
 53700, 2016.082
 53760, 1980.063
 53820, 1947.322
 53880, 2031.345
 53940, 2056.036
 54000, 2058.007
 54060, 2074.073
 54120, 2129.949
 54180, 2129.142
 54240, 2123.819
 54300, 2120.207
 54360, 2092.053
 54420, 2088.198
 54480, 2097.498
 54540, 2096.787
 54600, 2086.936
 54660, 2129.717
 54720, 2162.155
 54780, 2196.220
 54840, 2075.655
 54900, 2074.599
 54960, 2023.934
 55020, 2029.761
 55080, 2073.800
 55140, 2074.351
 55200, 2136.062
 55260, 2197.251
 55320, 2186.435
 55380, 2209.849
 55440, 2235.106
 55500, 2253.672
 55560, 2272.818
 55620, 2209.438
 55680, 2202.259
 55740, 2199.339
 55800, 2147.463
 55860, 2104.694
 55920, 2075.813
 55980, 2054.332
 56040, 2089.808
 56100, 2047.921
 56160, 2075.100
 56220, 2106.467
 56280, 2081.065
 56340, 2042.156
