CampaignData_and_Merges/R0/CSL_MobileLab_Parked/raw/20240807/USOS-NOAAIodideCIMS-Halogens_MobileLabGround_20240807_RA.ict
38, 1001
Michael A Robinson, Chris Jernigan, Subi Thakali
NOAA ESRL Chemical Sciences Laboratory and CIRES, U. of Colorado
NOAA Iodide CIMS Instrument
USOS
1, 1
2024, 08, 07, 2024, 08, 08
1
starttime_UTC, seconds_past_midnight, seconds_of_day_since_00:00:00_UTC
6
1, 1, 1, 1, 1, 1
-9999, -9999, -9999, -9999, -9999, -9999
Br2_NOAACIMS, pptv, Gas_Br2_InSitu_S_AVMR, 
BrO_NOAACIMS, pptv, Gas_BrO_InSitu_S_AVMR, 
Cl2_NOAACIMS, pptv, Gas_Cl2_InSitu_S_AVMR, 
ClNO2_NOAACIMS, pptv, Gas_ClNO2_InSitu_S_AVMR, 
BrCl_NOAACIMS, pptv, Gas_BrCl_InSitu_S_AVMR, 
NCl3_NOAACIMS, pptv, Gas_NCl3_InSitu_S_AVMR, 
0
18
PI_CONTACT_INFO: 325 Broadway, R/CSD 7, Boulder, Colorado 80305; michael.a.robinson@noaa.gov; chris.jernigan@noaa.gov;
PLATFORM: NOAA CSL Mobile Lab
LOCATION: SLC, Utah
ASSOCIATED_DATA: 1Hz data also available on request.
INSTRUMENT_INFO: NOAA I- ToF CIMS
DATA_INFO: All data in parts per trillion by volume (pptv). 1 Hz data is available upon request.
UNCERTAINTY: TBD
ULOD_FLAG: -7777
ULOD_VALUE: N/A
LLOD_FLAG: -8888
LLOD_VALUE: N/A
DM_CONTACT_INFO: Nathan Howard; nathan.h.howard@noaa.gov
PROJECT_INFO: USOS, summer 2024. https://csl.noaa.gov/groups/csl7/measurements/2024usos/
STIPULATIONS_ON_USE: Users are strongly encouraged to contact the PI for proper data usage.
OTHER_COMMENTS: 
REVISION: RA
RA: Preliminary Data; For in-field use only
starttime_UTC, Br2_NOAACIMS, BrO_NOAACIMS, Cl2_NOAACIMS, ClNO2_NOAACIMS, BrCl_NOAACIMS, NCl3_NOAACIMS
[from data line 849]
 50940,  0.538,  0.154,  0.740,  1.085,  0.153,  0.734
 51000,  0.486,  0.120,  0.622,  0.866,  0.098,  0.506
 51060,  0.554,  0.130,  0.484,  0.891,  0.127,  0.369
 51120, -9999.000, -9999.000, -9999.000, -9999.000, -9999.000, -9999.000
 51180,  0.452,  0.102,  0.471,  0.744,  0.122,  0.322
 51240,  0.478,  0.101,  0.432,  0.701,  0.149,  0.272
 51300,  0.693,  0.111,  0.414,  0.690,  0.139,  0.415
 51360,  0.529,  0.214,  0.443,  0.665,  0.132,  0.327
 51420,  0.679,  0.100,  0.471,  0.755,  0.122,  0.165
 51480,  0.492,  0.175,  0.396,  0.712,  0.121,  0.716
 51540,  0.622,  0.170,  0.478,  0.796,  0.152,  0.688
 51600,  0.557,  0.104,  0.633,  0.822,  0.173,  3.567
 51660,  0.648,  0.094,  0.538,  0.752,  0.148,  1.246
 51720,  0.727,  0.129,  0.502,  0.714,  0.162,  0.849
 51780,  0.656,  0.077,  0.427,  0.662,  0.125,  0.580
 51840,  0.618,  0.107,  0.448,  0.668,  0.154,  0.283
 51900,  0.741,  0.234,  0.571,  0.727,  0.167,  2.811
 51960,  0.619,  0.090,  0.416,  0.602,  0.170,  1.048
 52020,  0.809,  0.111,  0.389,  0.612,  0.182,  0.174
 52080,  0.750,  0.159,  0.400,  0.580,  0.147,  0.129
 52140,  0.763,  0.070,  0.302,  0.568,  0.176,  0.175
 52200,  0.826,  0.130,  0.407,  0.565,  0.151,  0.135
 52260,  0.867,  0.165,  0.360,  0.532,  0.161,  0.158
 52320,  0.915,  0.130,  0.356,  0.558,  0.167,  0.136
 52380,  0.764,  0.108,  0.333,  0.488,  0.187,  0.099
 52440,  0.750,  0.106,  0.297,  0.495,  0.164,  0.060
 52500,  0.837,  0.178,  0.292,  0.457,  0.197,  0.237
 52560,  0.965,  0.202,  0.376,  0.487,  0.164,  0.167
 52620,  1.004,  0.187,  0.282,  0.368,  0.217,  0.176
 52680,  0.909,  0.129,  0.284,  0.467,  0.205,  0.084
 52740,  1.005,  0.195,  0.290,  0.426,  0.178,  0.186
 52800,  1.087,  0.104,  0.374,  0.392,  0.273,  0.119
 52860,  0.918,  0.252,  0.379,  0.449,  0.190,  0.368
 52920,  0.865,  0.145,  0.355,  0.437,  0.278,  0.115
 52980, -9999.000, -9999.000, -9999.000, -9999.000, -9999.000, -9999.000
 53040,  0.977,  0.140,  0.330,  0.402,  0.240,  0.099
 53100,  1.033,  0.205,  0.330,  0.409,  0.227,  0.175
 53160,  0.912,  0.120,  0.353,  0.488,  0.197,  0.135
 53220,  0.865,  0.174,  0.363,  0.423,  0.193,  0.142
 53280,  1.050,  0.121,  0.362,  0.389,  0.285,  0.098
 53340,  0.905,  0.116,  0.300,  0.451,  0.239,  0.073
 53400,  0.879,  0.112,  0.342,  0.506,  0.288,  0.100
 53460,  1.123,  0.146,  0.384,  0.495,  0.252,  0.150
 53520,  0.953,  0.156,  0.342,  0.498,  0.249,  0.127
 53580,  0.988,  0.180,  0.357,  0.504,  0.259,  0.076
 53640,  0.865,  0.101,  0.308,  0.446,  0.267,  0.073
 53700,  1.043,  0.097,  0.333,  0.426,  0.211,  0.094
 53760,  1.070,  0.131,  0.345,  0.447,  0.289,  0.140
 53820,  0.976,  0.120,  0.246,  0.491,  0.250,  0.052
 53880,  0.898,  0.142,  0.272,  0.435,  0.260,  0.039
 53940,  0.860,  0.101,  0.294,  0.492,  0.161,  0.054
 54000,  1.062,  0.159,  0.293,  0.457,  0.203,  0.073
 54060,  0.719,  0.092,  0.211,  0.441,  0.161,  0.050
 54120,  0.948,  0.124,  0.287,  0.566,  0.223,  0.112
 54180,  0.982,  0.086,  0.270,  0.417,  0.251,  0.104
 54240,  0.996,  0.124,  0.257,  0.487,  0.256,  0.058
 54300,  0.995,  0.142,  0.303,  0.413,  0.240,  0.057
 54360,  1.074,  0.187,  0.283,  0.449,  0.196,  0.035
 54420,  1.006,  0.114,  0.273,  0.488,  0.184,  0.018
 54480,  0.715,  0.024,  0.234,  0.494,  0.140,  0.027
 54540,  0.993,  0.122,  0.339,  0.486,  0.249, -0.009
 54600,  0.866,  0.147,  0.270,  0.462,  0.192,  0.041
 54660,  0.936,  0.182,  0.284,  0.495,  0.230, -0.044
 54720,  0.951,  0.147,  0.424,  0.458,  0.204,  0.045
 54780,  0.778,  0.078,  0.436,  0.430,  0.185,  0.017
 54840,  0.891,  0.361,  0.348,  0.348,  0.214,  0.300
 54900,  0.979,  0.089,  0.305,  0.386,  0.155, -0.002
 54960,  0.951,  0.089,  0.257,  0.434,  0.199,  0.029
 55020,  0.973,  0.121,  0.476,  0.440,  0.237,  0.103
 55080,  0.854,  0.118,  0.452,  0.364,  0.191,  0.094
 55140,  0.938,  0.100,  0.369,  0.374,  0.185,  0.100
 55200,  0.883,  0.147,  0.269,  0.358,  0.221,  0.081
 55260,  0.831,  0.127,  0.314,  0.395,  0.184, -0.042
 55320,  0.951,  0.059,  0.385,  0.334,  0.247,  0.007
 55380,  0.987,  0.159,  0.401,  0.420,  0.214, -0.015
 55440,  0.831,  0.177,  0.345,  0.367,  0.221,  0.024
 55500,  0.766,  0.022,  0.344,  0.312,  0.206, -0.029
 55560,  0.858,  0.053,  0.270,  0.377,  0.232,  0.064
 55620,  0.665,  0.071,  0.306,  0.258,  0.196,  0.012
 55680,  0.885,  0.047,  0.355,  0.361,  0.236,  0.044
 55740,  0.859,  0.032,  0.347,  0.406,  0.226,  0.111
 55800,  0.851,  0.053,  0.354,  0.334,  0.251,  0.012
 55860,  0.882,  0.015,  0.406,  0.312,  0.215,  0.061
 55920,  0.925,  0.075,  0.375,  0.338,  0.216, -0.006
 55980,  0.830, -0.002,  0.318,  0.354,  0.180,  0.019
 56040,  0.827,  0.028,  0.401,  0.293,  0.247,  0.065
 56100,  1.002,  0.091,  0.401,  0.310,  0.203,  0.029
 56160,  0.855, -0.005,  0.327,  0.291,  0.196,  0.087
 56220,  0.849,  0.009,  0.465,  0.325,  0.225,  0.231
 56280,  0.874,  0.011,  0.410,  0.329,  0.226,  0.097
 56340,  0.878, -0.075,  0.432,  0.318,  0.227,  0.089
 56400,  0.904, -0.008,  0.487,  0.345,  0.240, -0.004
 56460,  0.933, -0.035,  0.350,  0.273,  0.195,  0.020
 56520,  0.868, -0.065,  0.460,  0.282,  0.268,  0.062
 56580,  0.901,  0.071,  0.441,  0.266,  0.236,  0.019
 56640,  0.990, -0.039,  0.305,  0.292,  0.161,  0.242
 56700,  0.837, -0.208,  0.372,  0.274,  0.257, -0.119
 56760,  0.831,  0.062,  0.414,  0.329,  0.204, -0.012
 56820,  0.927, -0.082,  0.434,  0.307,  0.236,  0.005
 56880,  0.673, -0.061,  0.467,  0.302,  0.210, -0.012
 56940,  0.808,  0.010,  0.473,  0.225,  0.248,  0.031
 57000,  0.839,  0.031,  0.483,  0.301,  0.251,  0.037
 57060,  0.827,  0.092,  0.475,  0.264,  0.233,  0.040
 57120,  0.913, -0.005,  0.406,  0.289,  0.210,  0.018
 57180,  0.921, -0.085,  0.460,  0.298,  0.231,  0.013
 57240,  0.780, -0.041,  0.440,  0.283,  0.239,  0.018
 57300,  0.716, -0.078,  0.357,  0.237,  0.211,  0.018
 57360,  0.799,  0.037,  0.398,  0.256,  0.223,  0.048
 57420,  0.890, -0.002,  0.491,  0.307,  0.211,  0.014
 57480,  0.833,  0.031,  0.508,  0.277,  0.294,  0.049
 57540,  0.783, -0.006,  0.493,  0.232,  0.219,  0.136
 57600,  0.912, -0.053,  0.457,  0.331,  0.242,  0.098
 57660,  0.908,  0.075,  0.508,  0.226,  0.261,  0.055
 57720,  1.021, -0.066,  0.505,  0.274,  0.301,  0.078
 57780,  0.798, -0.092,  0.498,  0.245,  0.257,  0.078
 57840,  1.004, -0.052,  0.461,  0.207,  0.267,  0.099
 57900,  0.996,  0.009,  0.462,  0.208,  0.174,  0.115
 57960,  1.022,  0.073,  0.511,  0.209,  0.278,  0.202
 58020,  0.892, -0.038,  0.432,  0.234,  0.244,  0.109
 58080,  0.878,  0.039,  0.503,  0.256,  0.225,  0.110
 58140,  0.954,  0.015,  0.474,  0.260,  0.237,  0.081
 58200,  0.808, -0.009,  0.488,  0.210,  0.291,  0.104
 58260,  0.969,  0.054,  0.451,  0.245,  0.268,  0.203
 58320,  0.940,  0.120,  0.515,  0.239,  0.291,  0.087
 58380,  1.064, -0.020,  0.448,  0.268,  0.236,  0.119
 58440,  1.155,  0.056,  0.543,  0.289,  0.211,  0.069
 58500,  0.917,  0.167,  0.456,  0.262,  0.354,  0.270
 58560,  0.848,  0.128,  0.588,  0.262,  0.295,  0.062
 58620,  0.898,  0.124,  0.534,  0.241,  0.316,  0.090
 58680,  0.882, -0.026,  0.570,  0.215,  0.315,  0.149
 58740,  0.943,  0.089,  0.558,  0.208,  0.278,  0.171
 58800,  1.100,  0.120,  0.564,  0.240,  0.295,  0.108
 58860,  1.002,  0.059,  0.565,  0.223,  0.259,  0.083
 58920,  0.940,  0.165,  0.739,  0.279,  0.297,  0.092
 58980,  0.946,  0.115,  0.663,  0.226,  0.286,  0.177
 59040,  1.095,  0.132,  0.675,  0.206,  0.329,  0.211
 59100,  0.977,  0.085,  0.651,  0.235,  0.281,  0.072
 59160,  1.000,  0.079,  0.567,  0.230,  0.378,  0.109
 59220,  1.064,  0.128,  0.777,  0.233,  0.306,  0.131
 59280,  0.963,  0.160,  0.749,  0.235,  0.371,  0.133
 59340,  1.031,  0.176,  0.693,  0.220,  0.352,  0.092
 59400,  1.038,  0.124,  0.691,  0.234,  0.361,  0.142
 59460,  1.011,  0.126,  0.626,  0.181,  0.318,  0.138
 59520,  1.107,  0.165,  0.670,  0.199,  0.307,  0.068
 59580,  0.990,  0.183,  0.765,  0.230,  0.372,  0.142
 59640,  1.038,  0.227,  0.725,  0.176,  0.311,  0.096
 59700,  1.143,  0.165,  0.697,  0.254,  0.350,  0.102
 59760,  1.147,  0.155,  0.619,  0.173,  0.311,  0.190
 59820,  1.037,  0.176,  0.879,  0.275,  0.352,  0.077
 59880,  1.157,  0.091,  0.643,  0.179,  0.410,  0.274
 59940,  1.033,  0.154,  0.562,  0.184,  0.308,  0.047
 60000,  1.152,  0.162,  0.674,  0.220,  0.376,  0.076
 60060,  1.087,  0.078,  0.628,  0.181,  0.364,  0.050
 60120,  1.164,  0.151,  0.599,  0.191,  0.285,  0.161
 60180,  1.066,  0.227,  0.706,  0.275,  0.251,  0.136
 60240,  1.083,  0.299,  0.613,  0.183,  0.359,  0.180
 60300,  1.083,  0.107,  0.688,  0.213,  0.267,  0.137
 60360, -9999.000, -9999.000, -9999.000, -9999.000, -9999.000, -9999.000
 60420,  0.990,  0.149,  0.737,  0.159,  0.410,  0.125
 60480,  1.162,  0.142,  0.612,  0.243,  0.320,  0.120
 60540,  1.073,  0.187,  0.543,  0.190,  0.389,  0.144
 60600,  1.072,  0.157,  0.549,  0.151,  0.374,  0.096
 60660,  1.168,  0.195,  0.427,  0.143,  0.318,  0.102
 60720,  1.040,  0.229,  0.564,  0.135,  0.313, -0.002
 60780,  1.158,  0.184,  0.579,  0.138,  0.338,  0.098
 60840,  1.173,  0.206,  0.541,  0.163,  0.327,  0.060
 60900,  1.150,  0.179,  0.508,  0.167,  0.306,  0.061
 60960,  1.058,  0.214,  0.718,  0.152,  0.322,  0.163
 61020,  1.053,  0.191,  0.604,  0.227,  0.316,  0.058
 61080,  1.092,  0.207,  0.540,  0.212,  0.270,  0.078
 61140,  1.074,  0.226,  0.680,  0.227,  0.300,  0.088
 61200,  0.925,  0.179,  0.773,  0.211,  0.333,  0.090
 61260,  1.156,  0.280,  0.724,  0.171,  0.353,  0.122
 61320,  1.073,  0.268,  0.682,  0.236,  0.341,  0.105
 61380,  1.023,  0.349,  0.566,  0.229,  0.254,  0.037
 61440,  1.100,  0.123,  0.618,  0.182,  0.301,  0.079
 61500,  1.116,  0.304,  0.712,  0.294,  0.332,  0.039
 61560,  1.028,  0.235,  0.778,  0.296,  0.293,  0.418
 61620,  0.983,  0.251,  0.653,  0.240,  0.258,  0.420
 61680,  1.124,  0.304,  0.597,  0.119,  0.261,  0.369
 61740,  1.222,  0.311,  0.642,  0.156,  0.289,  0.250
 61800,  1.029,  0.135,  0.596,  0.203,  0.293,  0.085
 61860,  1.029,  0.199,  0.564,  0.186,  0.232,  0.057
 61920,  1.019,  0.170,  0.606,  0.195,  0.314,  0.070
 61980,  1.029,  0.211,  0.492,  0.222,  0.319,  0.027
 62040,  1.037,  0.458,  0.508,  0.166,  0.269, -0.006
 62100,  0.890,  0.243,  0.615,  0.189,  0.307,  0.052
 62160,  0.898,  0.128,  0.479,  0.153,  0.291,  0.142
 62220, -9999.000, -9999.000, -9999.000, -9999.000, -9999.000, -9999.000
 62280,  1.112,  0.219,  0.536,  0.160,  0.309,  0.077
 62340,  0.993,  0.210,  0.744,  0.205,  0.309,  0.046
 62400,  1.093,  0.219,  0.565,  0.165,  0.301,  0.006
 62460,  1.086,  0.383,  0.535,  0.144,  0.267,  0.066
 62520,  1.183,  0.222,  0.562,  0.145,  0.230,  0.073
 62580,  1.137,  0.273,  0.635,  0.159,  0.285,  0.028
 62640,  1.131,  0.200,  0.821,  0.143,  0.291,  0.065
 62700,  1.183,  0.255,  0.901,  0.202,  0.338,  0.083
 62760,  1.084,  0.335,  0.802,  0.158,  0.326,  0.016
 62820,  1.156,  0.290,  0.629,  0.176,  0.311, -0.019
 62880,  1.035,  0.296,  0.630,  0.127,  0.275,  0.008
 62940,  1.196,  0.393,  0.654,  0.127,  0.264,  0.014
 63000,  1.265,  0.352,  0.902,  0.188,  0.286,  0.029
 63060,  1.114,  0.350,  0.940,  0.154,  0.384,  0.053
 63120,  1.160,  0.291,  0.877,  0.139,  0.348,  0.077
 63180,  1.206,  0.369,  0.820,  0.162,  0.356,  0.087
 63240,  1.276,  0.302,  0.847,  0.161,  0.328,  0.037
 63300,  1.248,  0.473,  0.694,  0.116,  0.356,  0.021
 63360,  1.230,  0.334,  0.591,  0.136,  0.253,  0.067
 63420,  1.231,  0.305,  0.563,  0.122,  0.325,  0.014
 63480,  1.229,  0.336,  0.600,  0.083,  0.325, -0.011
 63540,  1.320,  0.357,  0.565,  0.077,  0.321, -0.019
 63600,  1.288,  0.256,  0.587,  0.071,  0.307, -0.090
 63660,  1.189,  0.243,  0.677,  0.141,  0.282, -0.015
 63720,  1.163,  0.244,  0.552,  0.137,  0.278,  0.015
 63780,  1.291,  0.507,  0.600,  0.096,  0.296, -0.049
 63840,  1.240,  0.275,  0.615,  0.092,  0.279, -0.031
 63900,  1.188,  0.288,  0.672,  0.082,  0.323, -0.017
 63960,  1.246,  0.299,  0.697,  0.124,  0.295, -0.059
 64020,  1.075,  0.286,  0.856,  0.144,  0.338,  0.068
 64080, -9999.000, -9999.000, -9999.000, -9999.000, -9999.000, -9999.000
 64140,  1.207,  0.330,  0.624,  0.120,  0.361, -0.021
 64200,  1.301,  0.395,  0.643,  0.100,  0.299, -0.030
 64260,  1.348,  0.430,  0.684,  0.058,  0.317, -0.015
 64320,  1.241,  0.331,  0.602,  0.091,  0.272, -0.032
 64380,  1.215,  0.370,  0.617,  0.078,  0.254,  0.013
 64440,  1.292,  0.289,  0.746,  0.068,  0.321, -0.035
 64500,  1.289,  0.408,  0.947,  0.136,  0.352,  0.012
 64560,  1.158,  0.363,  0.761,  0.093,  0.311, -0.019
 64620,  1.205,  0.224,  0.734,  0.098,  0.309, -0.019
 64680,  1.128,  0.248,  0.751,  0.086,  0.356,  0.049
 64740,  1.154,  0.313,  0.700,  0.094,  0.367,  0.060
 64800,  1.236,  0.280,  0.727,  0.083,  0.355,  0.030
 64860,  1.105,  0.270,  0.725,  0.130,  0.343,  0.049
 64920,  1.106,  0.375,  0.794,  0.113,  0.368,  0.010
 64980,  1.292,  0.183,  0.731,  0.114,  0.326,  0.025
 65040,  1.148,  0.200,  0.948,  0.081,  0.339,  0.060
 65100,  1.165,  0.283,  1.217,  0.107,  0.390,  0.066
 65160,  1.136,  0.205,  1.345,  0.083,  0.319,  0.073
 65220,  1.151,  0.304,  1.084,  0.081,  0.313,  0.069
 65280,  1.232,  0.247,  1.293,  0.062,  0.336,  0.092
 65340,  1.185,  0.300,  1.118,  0.142,  0.314,  0.048
 65400,  1.158,  0.246,  1.047,  0.077,  0.407,  0.139
 65460,  1.032,  0.242,  1.265,  0.052,  0.400,  0.123
 65520,  1.087,  0.337,  1.062,  0.084,  0.417,  0.097
 65580,  1.064,  0.254,  1.243,  0.169,  0.374,  0.098
 65640,  1.133,  0.205,  1.278,  0.086,  0.361,  0.087
 65700,  1.148,  0.227,  1.188,  0.111,  0.393,  0.123
 65760,  1.233,  0.389,  1.372,  0.177,  0.419,  0.209
 65820,  0.746,  0.204,  1.158,  0.108,  0.344,  0.101
 65880,  1.038,  0.247,  1.044,  0.093,  0.416,  0.106
 65940,  1.397,  0.208,  0.957,  0.067,  0.457,  0.101
 66000,  1.163,  0.277,  0.868,  0.087,  0.404,  0.157
 66060,  1.144,  0.438,  0.895,  0.057,  0.364,  0.138
 66120,  1.200,  0.282,  0.977,  0.097,  0.316,  0.118
 66180,  1.223,  0.290,  1.158,  0.124,  0.384,  0.120
 66240,  1.149,  0.233,  0.976,  0.080,  0.440,  0.087
 66300,  1.165,  0.185,  1.084,  0.075,  0.295,  0.140
 66360,  1.136,  0.277,  1.108,  0.104,  0.449,  0.080
 66420,  1.255,  0.230,  1.413,  0.087,  0.336,  0.104
 66480,  1.007,  0.178,  0.968,  0.037,  0.404,  0.106
 66540,  1.033,  0.212,  1.045,  0.029,  0.339,  0.064
 66600,  1.018,  0.350,  1.081,  0.110,  0.356,  0.270
 66660,  1.034,  0.222,  0.892,  0.098,  0.358,  0.043
 66720,  0.939,  0.359,  1.010,  0.080,  0.371,  0.044
 66780,  1.158,  0.216,  1.030,  0.048,  0.288,  0.049
 66840,  1.171,  0.299,  0.922,  0.087,  0.352,  0.090
 66900,  1.114,  0.278,  0.986,  0.070,  0.299,  0.509
 66960,  1.200,  0.213,  0.989,  0.037,  0.374,  0.143
 67020,  1.151,  0.206,  1.037,  0.031,  0.335,  0.166
 67080,  1.200,  0.186,  1.116,  0.068,  0.337,  0.182
 67140,  1.287,  0.197,  1.094,  0.035,  0.362,  0.082
 67200,  1.050,  0.142,  0.990,  0.060,  0.306,  0.095
 67260,  1.127,  0.230,  1.091,  0.047,  0.335,  0.217
 67320,  1.204,  0.254,  1.005,  0.097,  0.394,  0.037
 67380,  1.182,  0.214,  1.081,  0.045,  0.358,  0.016
 67440,  1.132,  0.276,  1.238,  0.068,  0.355,  0.002
 67500,  1.137,  0.312,  1.215,  0.047,  0.393, -0.029
 67560,  1.000,  0.342,  1.193,  0.029,  0.343,  0.015
 67620,  0.976,  0.171,  0.968,  0.053,  0.390,  0.076
 67680,  1.202,  0.349,  1.117,  0.053,  0.368,  0.039
 67740, -9999.000, -9999.000, -9999.000, -9999.000, -9999.000, -9999.000
 67800,  1.274,  0.060,  1.121,  0.183,  0.433,  0.106
 67860,  1.069,  0.232,  0.958,  0.085,  0.318, -0.006
 67920,  1.107,  0.169,  0.949,  0.081,  0.367,  0.014
 67980,  1.195,  0.316,  0.920,  0.085,  0.253, -0.053
 68040,  1.199,  0.247,  1.046,  0.083,  0.444, -0.054
 68100,  1.137,  0.374,  0.982,  0.036,  0.351,  0.046
 68160,  1.226,  0.168,  1.158,  0.053,  0.314,  0.087
