CampaignData_and_Merges/R0/CSL_MobileLab_Parked/raw/20240807/USOS-NOAAIodideCIMS-PANs_MobileLabGround_20240807_RA.ict
35, 1001
Michael A Robinson, Chris Jernigan, Subi Thakali
NOAA ESRL Chemical Sciences Laboratory and CIRES, U. of Colorado
NOAA Iodide CIMS Instrument
USOS
1, 1
2024, 08, 07, 2024, 08, 08
1
starttime_UTC, seconds_past_midnight, seconds_of_day_since_00:00:00_UTC
3
1, 1, 1
-9999, -9999, -9999
PAN_NOAACIMS, pptv, Gas_PAN_InSitu_S_AVMR, 
APAN_NOAACIMS, pptv, Gas_APAN_InSitu_S_AVMR, 
PPN_NOAACIMS, pptv, Gas_PPN_InSitu_S_AVMR, 
0
18
PI_CONTACT_INFO: 325 Broadway, R/CSD 7, Boulder, Colorado 80305; michael.a.robinson@noaa.gov; chris.jernigan@noaa.gov;
PLATFORM: NOAA CSL Mobile Lab
LOCATION: SLC, Utah
ASSOCIATED_DATA: 1Hz data also available on request.
INSTRUMENT_INFO: NOAA I- ToF CIMS
DATA_INFO: All data in parts per trillion by volume (pptv). 1 Hz data is available upon request.
UNCERTAINTY: TBD
ULOD_FLAG: -7777
ULOD_VALUE: N/A
LLOD_FLAG: -8888
LLOD_VALUE: N/A
DM_CONTACT_INFO: Nathan Howard; nathan.h.howard@noaa.gov
PROJECT_INFO: USOS, summer 2024. https://csl.noaa.gov/groups/csl7/measurements/2024usos/
STIPULATIONS_ON_USE: Users are strongly encouraged to contact the PI for proper data usage.
OTHER_COMMENTS: 
REVISION: RA
RA: Preliminary Data; For in-field use only
starttime_UTC, PAN_NOAACIMS, APAN_NOAACIMS, PPN_NOAACIMS
[from data line 811]
 48660, 251.697,  3.547, 23.813
 48720, 249.648,  3.771, 24.737
 48780, 256.764,  2.875, 24.710
 48840, 268.979,  3.537, 27.224
 48900, 282.353,  2.863, 29.006
 48960, 278.309,  2.652, 28.021
 49020, 273.189,  3.677, 26.983
 49080, 271.463,  4.285, 25.819
 49140, 297.660,  3.926, 29.611
 49200, 299.098,  4.200, 28.797
 49260, -9999.000, -9999.000, -9999.000
 49320, 286.958,  5.129, 26.123
 49380, 288.811,  3.742, 27.275
 49440, 296.438,  3.162, 29.995
 49500, 308.203,  2.746, 29.383
 49560, 305.016,  4.046, 30.850
 49620, 310.653,  3.793, 32.134
 49680, 313.049,  3.070, 31.852
 49740, 299.725,  3.702, 31.365
 49800, 290.985,  4.709, 30.099
 49860, 280.492,  3.652, 29.053
 49920, 272.402,  3.262, 28.411
 49980, 271.792,  3.601, 27.663
 50040, 277.227,  3.962, 28.115
 50100, 264.167,  4.018, 26.130
 50160, 262.444,  3.679, 27.389
 50220, 255.634,  2.745, 26.540
 50280, 257.253,  1.909, 26.681
 50340, 248.645,  2.667, 27.197
 50400, 253.252,  2.152, 27.905
 50460, 252.187,  4.000, 26.469
 50520, 258.442,  3.748, 27.509
 50580, 255.298,  3.623, 25.135
 50640, 251.460,  3.374, 26.581
 50700, 269.937,  4.198, 27.803
 50760, 266.634,  3.506, 26.641
 50820, 260.113,  2.771, 26.208
 50880, 254.061,  2.581, 25.329
 50940, 254.236,  4.651, 26.420
 51000, 248.287,  4.639, 27.079
 51060, 253.117,  3.207, 25.477
 51120, -9999.000, -9999.000, -9999.000
 51180, 251.538,  4.063, 29.196
 51240, 252.682,  4.139, 25.118
 51300, 259.949,  4.207, 26.755
 51360, 271.888,  1.649, 27.182
 51420, 280.575,  3.482, 27.746
 51480, 268.553,  3.769, 25.107
 51540, 273.678,  3.905, 24.922
 51600, 268.974,  3.267, 26.219
 51660, 289.379,  5.537, 27.121
 51720, 295.422,  3.786, 27.344
 51780, 293.336,  5.023, 29.710
 51840, 298.637,  4.961, 28.663
 51900, 301.218,  3.142, 29.158
 51960, 299.473,  4.814, 28.316
 52020, 305.148,  3.324, 33.051
 52080, 327.296,  5.169, 32.632
 52140, 321.070,  3.267, 30.691
 52200, 320.668,  3.876, 30.797
 52260, 327.621,  5.152, 33.540
 52320, 321.877,  3.504, 32.720
 52380, 321.062,  4.273, 30.284
 52440, 326.445,  5.088, 33.683
 52500, 330.229,  4.166, 32.350
 52560, 336.467,  4.314, 33.555
 52620, 342.114,  5.757, 32.882
 52680, 340.275,  5.730, 34.229
 52740, 343.118,  6.636, 32.937
 52800, 349.325,  5.825, 34.349
 52860, 355.719,  5.263, 34.491
 52920, 360.620,  4.857, 34.936
 52980, -9999.000, -9999.000, -9999.000
 53040, 353.308,  5.719, 34.280
 53100, 347.448,  4.793, 35.664
 53160, 351.691,  5.448, 38.518
 53220, 368.518,  5.094, 39.320
 53280, 368.735,  3.675, 37.597
 53340, 382.165,  5.025, 41.507
 53400, 383.336,  4.730, 42.734
 53460, 378.734,  6.189, 43.194
 53520, 388.095,  5.448, 44.875
 53580, 400.640,  4.900, 44.258
 53640, 391.069,  4.883, 41.830
 53700, 381.512,  4.619, 42.733
 53760, 372.700,  5.744, 41.157
 53820, 365.618,  4.884, 38.638
 53880, 369.724,  5.745, 42.262
 53940, 378.491,  4.686, 40.825
 54000, 381.999,  6.034, 42.248
 54060, 398.198,  7.134, 42.541
 54120, 383.554,  4.684, 40.069
 54180, 366.228,  4.179, 40.877
 54240, 378.516,  3.968, 40.709
 54300, 384.479,  4.770, 42.099
 54360, 390.668,  5.462, 41.210
 54420, 391.348,  5.770, 40.965
 54480, 395.336,  6.053, 41.672
 54540, 387.787,  4.541, 38.900
 54600, 385.232,  6.068, 37.800
 54660, 380.508,  4.735, 39.906
 54720, 387.165,  4.239, 41.835
 54780, 395.282,  5.782, 38.053
 54840, 396.273,  4.296, 32.414
 54900, 387.176,  3.921, 36.594
 54960, 378.920,  4.651, 38.959
 55020, 406.734,  5.849, 41.294
 55080, 408.619,  5.060, 41.561
 55140, 418.732,  4.068, 40.393
 55200, 419.124,  7.723, 42.239
 55260, 417.909,  6.323, 39.751
 55320, 427.002,  5.817, 41.792
 55380, 418.441,  7.523, 41.722
 55440, 421.011,  6.436, 43.144
 55500, 431.501,  7.067, 41.844
 55560, 418.902,  7.137, 41.372
 55620, 414.356,  6.377, 40.317
 55680, 419.370,  6.411, 42.028
 55740, 461.404,  6.912, 46.991
 55800, 443.854,  7.270, 45.222
 55860, 452.261,  6.505, 45.719
 55920, 430.958,  6.733, 43.471
 55980, 416.455,  6.301, 41.434
 56040, 430.993,  7.153, 43.969
 56100, 430.793,  6.303, 45.681
 56160, 439.845,  6.642, 47.069
 56220, 446.095,  6.651, 45.007
 56280, 433.972,  6.049, 42.755
 56340, 435.876,  7.024, 45.285
 56400, 444.247,  6.862, 47.438
 56460, 452.908,  6.619, 49.043
 56520, 463.965,  5.480, 48.078
 56580, 471.974,  7.358, 48.820
 56640, 468.581,  9.342, 51.321
 56700, 433.241,  5.919, 46.081
 56760, 456.599,  5.649, 47.198
 56820, 449.432,  5.304, 46.319
 56880, 463.277,  6.951, 49.130
 56940, 467.738,  6.253, 49.603
 57000, 461.645,  6.267, 48.745
 57060, 477.232,  5.866, 48.447
 57120, 486.257,  6.910, 51.734
 57180, 490.391,  6.820, 49.656
 57240, 484.661,  7.940, 49.249
 57300, 498.971,  8.818, 52.482
 57360, 488.480,  6.453, 51.221
 57420, 497.081,  5.010, 52.090
 57480, 505.316,  6.387, 55.573
 57540, 527.301,  6.983, 54.566
 57600, 569.547,  7.905, 60.608
 57660, 526.547,  6.763, 57.497
 57720, 544.593,  8.094, 56.693
 57780, 552.867,  8.134, 57.544
 57840, 554.339,  8.281, 58.652
 57900, 576.552,  7.740, 60.024
 57960, 565.635,  7.476, 58.173
 58020, 564.659,  6.082, 58.689
 58080, 562.927,  9.114, 60.384
 58140, 587.616,  7.694, 61.066
 58200, 594.451,  6.329, 64.207
 58260, 603.187,  8.244, 64.916
 58320, 594.106, 11.213, 62.580
 58380, 595.962,  7.645, 62.518
 58440, 601.913,  8.117, 62.109
 58500, 582.052,  9.977, 61.359
 58560, 633.356,  9.130, 66.213
 58620, 631.497,  7.885, 68.106
 58680, 628.461,  7.353, 65.345
 58740, 619.588,  7.650, 67.165
 58800, 625.015,  9.633, 66.986
 58860, 627.451,  7.214, 66.286
 58920, 644.067,  5.782, 67.788
 58980, 659.962,  9.075, 70.747
 59040, 644.248,  9.111, 70.316
 59100, 604.637, 10.094, 66.491
 59160, 630.612,  8.150, 70.391
 59220, 658.224,  7.759, 74.515
 59280, 649.632,  8.173, 70.893
 59340, 601.120,  9.162, 67.181
 59400, 595.034,  6.922, 66.679
 59460, 564.432,  9.857, 63.837
 59520, 684.152,  7.136, 77.287
 59580, 679.164,  7.534, 76.432
 59640, 659.329,  7.065, 72.246
 59700, 686.123,  8.434, 77.285
 59760, 703.017,  8.179, 76.224
 59820, 690.548,  9.276, 78.011
 59880, 667.255,  7.076, 77.654
 59940, 686.528,  8.102, 78.956
 60000, 684.581,  7.067, 80.856
 60060, 609.529,  6.983, 70.655
 60120, 577.916,  6.424, 65.106
 60180, 582.176,  6.571, 66.220
 60240, 596.828,  6.487, 70.069
 60300, 604.315,  6.853, 64.959
 60360, -9999.000, -9999.000, -9999.000
 60420, 546.439,  8.490, 59.924
 60480, 545.575,  5.212, 63.434
 60540, 556.229,  7.309, 62.738
 60600, 552.435,  7.933, 63.391
 60660, 537.439,  5.851, 58.199
 60720, 505.207,  8.040, 57.302
 60780, 486.031,  8.529, 52.493
 60840, 485.411,  8.276, 54.636
 60900, 546.026,  5.658, 61.646
 60960, 619.605,  9.328, 76.703
 61020, 711.347,  6.253, 83.142
 61080, 715.774,  7.507, 85.311
 61140, 724.491,  7.611, 89.654
 61200, 748.624,  8.552, 91.597
 61260, 772.368,  9.888, 94.184
 61320, 772.305,  7.904, 94.180
 61380, 752.976,  7.044, 94.823
 61440, 759.663,  8.107, 93.728
 61500, 763.076,  6.721, 92.964
 61560, 766.352,  7.570, 92.965
 61620, 790.676,  6.307, 97.602
 61680, 799.563,  8.343, 96.757
 61740, 787.631,  9.208, 100.170
 61800, 795.217,  7.974, 96.466
 61860, 817.851,  6.724, 99.967
 61920, 823.559,  8.793, 100.377
 61980, 842.340,  8.091, 106.543
 62040, 849.582,  9.306, 106.579
 62100, 824.590,  7.609, 104.853
 62160, 880.200,  9.340, 111.852
 62220, -9999.000, -9999.000, -9999.000
 62280, 874.015,  8.318, 107.321
 62340, 852.081,  7.555, 103.271
 62400, 851.325,  9.537, 108.887
 62460, 812.234,  7.477, 101.688
 62520, 843.309,  7.119, 106.231
 62580, 855.278,  7.803, 108.510
 62640, 847.321,  6.391, 109.367
 62700, 888.126,  7.986, 111.654
 62760, 878.093,  7.494, 109.336
 62820, 900.361,  8.867, 115.745
 62880, 930.471,  8.653, 118.433
 62940, 878.207,  9.048, 115.192
 63000, 872.125,  8.174, 113.226
 63060, 853.839,  8.584, 114.161
 63120, 825.924,  9.931, 108.449
 63180, 857.021,  9.214, 115.624
 63240, 857.402,  6.169, 113.965
 63300, 882.369,  8.634, 113.572
 63360, 909.838,  9.834, 119.638
 63420, 867.200,  9.236, 112.270
 63480, 866.547,  7.047, 113.096
 63540, 882.018,  9.381, 113.096
 63600, 901.391,  6.697, 114.652
 63660, 899.178,  9.214, 116.853
 63720, 887.823,  8.338, 111.668
 63780, 881.363,  8.090, 112.450
 63840, 880.166,  6.134, 112.995
 63900, 919.849,  6.771, 117.905
 63960, 986.273,  9.349, 125.942
 64020, 927.891,  7.874, 119.646
 64080, -9999.000, -9999.000, -9999.000
 64140, 914.446,  7.602, 115.886
 64200, 948.912,  7.613, 128.133
 64260, 961.114, 10.192, 126.135
 64320, 980.504,  7.024, 126.103
 64380, 952.115,  8.704, 124.131
 64440, 948.435,  8.141, 125.388
 64500, 980.526,  8.761, 130.254
 64560, 990.819,  7.411, 129.030
 64620, 1004.722,  9.730, 135.004
 64680, 975.417,  6.619, 126.240
 64740, 948.026,  7.154, 123.869
 64800, 936.372,  8.066, 120.534
 64860, 931.355,  6.981, 119.910
 64920, 934.727,  6.225, 122.592
 64980, 980.882,  7.680, 131.693
 65040, 998.299,  7.024, 131.273
 65100, 975.068,  7.829, 128.103
 65160, 987.729,  6.556, 129.623
 65220, 986.365,  8.204, 130.023
 65280, 1008.191,  6.239, 135.663
 65340, 1046.191,  8.439, 142.653
 65400, 1052.141,  9.227, 143.114
 65460, 1020.164,  8.666, 140.635
 65520, 1020.090,  8.784, 141.770
 65580, 1024.907,  7.142, 140.104
 65640, 1013.168, 10.532, 140.271
 65700, 1019.077,  9.319, 141.214
 65760, 1014.786, 11.127, 141.006
 65820, 1122.595, 10.209, 159.941
 65880, 1075.246,  6.627, 150.615
 65940, 1096.351,  6.977, 151.782
 66000, 1103.491,  9.986, 154.861
 66060, 1115.772,  8.360, 151.245
 66120, 1068.446,  9.092, 145.288
 66180, 1093.356,  8.450, 149.976
 66240, 1126.410,  8.905, 156.918
 66300, 1091.859,  8.075, 153.543
 66360, 1112.519,  7.915, 155.505
 66420, 1078.493,  7.350, 155.141
 66480, 1041.797,  7.500, 149.831
 66540, 983.449,  6.594, 139.218
 66600, 995.337,  8.875, 139.412
 66660, 1009.732,  8.148, 141.280
 66720, 1077.742,  5.778, 155.287
 66780, 1038.671,  6.070, 148.855
 66840, 1008.733,  7.081, 142.212
 66900, 1130.386,  5.858, 158.095
 66960, 1092.318,  9.306, 156.961
 67020, 1098.120,  8.008, 158.961
 67080, 1082.472,  8.742, 154.041
 67140, 1052.470,  6.022, 150.308
 67200, 1094.883,  7.299, 158.017
 67260, 1090.038,  8.379, 158.257
 67320, 1114.471,  7.146, 161.243
 67380, 1168.563,  7.202, 169.503
 67440, 1151.123,  7.785, 168.706
 67500, 1128.077,  6.272, 162.833
 67560, 1065.202,  6.461, 152.743
 67620, 1044.717,  6.968, 152.330
 67680, 1034.266,  6.441, 149.063
 67740, -9999.000, -9999.000, -9999.000
 67800, 1020.189,  6.244, 140.179
 67860, 981.470,  6.502, 141.536
 67920, 973.039,  5.048, 141.578
 67980, 997.098,  5.909, 141.358
 68040, 1002.453,  8.079, 145.054
 68100, 973.124,  8.922, 137.077
 68160, 963.908,  4.893, 133.872
 68220, 970.084,  7.307, 139.797
 68280, 993.305,  6.277, 140.095
 68340, 987.840,  5.315, 134.128
 68400, 1002.437,  7.737, 141.790
 68460, 938.836,  6.655, 137.050
 68520, 941.510,  6.057, 128.979
 68580, 915.092,  4.672, 126.990
 68640, 909.656,  5.370, 123.246
 68700, 908.620,  5.235, 119.777
 68760, 883.939,  5.745, 113.910
 68820, 873.912,  4.317, 115.594
 68880, 900.531,  6.678, 119.133
 68940, 905.943,  6.991, 122.182
 69000, 890.820,  8.093, 120.679
 69060, 894.302,  5.735, 119.600
 69120, 850.117,  5.579, 109.698
 69180, 849.992,  4.500, 109.639
 69240, 864.286,  4.411, 118.816
 69300, 867.888,  4.738, 115.947
 69360, 873.307,  6.277, 114.360
 69420, 892.204,  6.229, 117.628
 69480, 871.746,  5.896, 116.048
 69540, 848.882,  5.133, 107.892
 69600, -9999.000, -9999.000, -9999.000
 69660, 824.936,  3.486, 109.904
 69720, 852.731,  6.694, 110.885
 69780, 813.563,  4.988, 100.895
 69840, 803.626,  8.061, 107.149
 69900, 865.730,  7.684, 100.262
 69960, 964.324,  6.975, 124.856
 70020, 935.023,  8.036, 122.219
 70080, 898.336,  8.480, 118.104
 70140, 893.613,  5.324, 120.884
 70200, 907.363,  5.260, 117.289
 70260, 906.623,  7.458, 112.730
 70320, 864.925,  7.265, 109.237
 70380, 863.212,  4.067, 113.078
 70440, 812.648,  6.651, 103.857
 70500, 808.806,  5.958, 103.912
 70560, 833.351,  7.403, 109.925
 70620, 872.624,  5.552, 110.330
 70680, 860.854,  7.796, 112.971
 70740, 924.024,  6.067, 113.145
 70800, 956.781,  7.429, 121.570
 70860, 950.107,  8.550, 121.407
 70920, 929.895,  6.608, 120.167
 70980, 925.594,  7.586, 115.516
 71040, 957.334,  8.260, 119.523
 71100, 943.366,  8.478, 121.464
 71160, 943.061,  8.525, 119.436
 71220, 936.360,  6.810, 120.015
 71280, 930.049,  8.399, 120.907
 71340, 921.799,  8.857, 119.729
 71400, 1014.631,  6.968, 125.913
 71460, -9999.000, -9999.000, -9999.000
 71520, 1053.708,  7.310, 130.255
 71580, 1053.172,  9.844, 133.482
 71640, 1087.257,  7.559, 128.946
 71700, 1082.174,  5.849, 134.199
 71760, 1075.259,  8.359, 131.901
 71820, 1090.551,  9.994, 135.459
 71880, 1069.523, 10.681, 132.019
 71940, 1089.354, 11.837, 131.726
 72000, 1096.185, 18.011, 121.959
 72060, 1097.986, 13.659, 126.459
 72120, 1056.588, 11.722, 124.110
 72180, -9999.000, -9999.000, -9999.000
 72240, -9999.000, -9999.000, -9999.000
 72300, -9999.000, -9999.000, -9999.000
 72360, -9999.000, -9999.000, -9999.000
 72420, -9999.000, -9999.000, -9999.000
 72480, -9999.000, -9999.000, -9999.000
 72540, -9999.000, -9999.000, -9999.000
 72600, 966.543,  9.418, 119.569
 72660, 1047.542, 10.499, 127.488
 72720, 1010.041,  7.210, 127.800
 72780, 1019.020,  8.995, 123.374
 72840, 1040.442,  9.015, 120.978
 72900, 996.224,  7.121, 127.332
 72960, 965.813,  6.317, 115.825
 73020, 957.790, 10.596, 121.317
 73080, 947.361, 10.562, 114.538
 73140, 1025.083, 21.389, 129.781
 73200, 909.531,  8.178, 117.461
 73260, 916.649, 19.773, 116.202
 73320, 962.209,  7.575, 130.567
 73380, 1018.085,  9.018, 125.376
 73440, 1209.562, 18.153, 141.503
 73500, 1610.763, 36.464, 182.207
 73560, -4330.703, -173.481, -589.513
 73620, 799.623,  7.224, 99.711
 73680, 2977.895, 83.057, 311.939
 73740, 712.734,  8.010, 75.451
 73800, 1079.417, 65.215, 152.035
 73860, 528.501, 76.982, 80.617
 73920, 390.982, 31.278, 76.608
 73980, 275.626, 35.764, 93.284
 74040, 305.393, 19.686, 35.517
 74100, 314.939, 43.090, 35.450
 74160, 228.153, 23.876, 26.213
 74220, 149.230, 38.361, 80.431
 74280, 138.235, 11.140,  8.179
 74340, 507.558, 14.392, 58.652
 74400, 464.625,  8.589, 48.927
 74460, 430.895,  9.903, 44.726
 74520, 430.720,  9.872, 40.172
 74580, 370.986,  8.821, 39.569
 74640, 359.030,  6.125, 36.979
 74700, 366.332,  7.822, 45.426
 74760, 363.711,  8.551, 34.430
 74820, 337.071,  7.499, 37.041
 74880, 323.253,  5.979, 37.232
 74940, 332.875, 13.281, 37.911
 75000, 314.618,  7.685, 34.057
 75060, 288.517,  5.341, 35.431
 75120, 267.843,  4.302, 42.084
 75180, 285.054,  2.545, 36.140
 75240, 309.437,  8.127, 34.973
 75300, 308.887,  7.379, 39.791
 75360, 314.089,  8.032, 29.907
 75420, 307.352,  6.425, 36.540
 75480, 305.485,  9.293, 29.420
 75540, 296.020,  7.429, 37.793
 75600, 290.947, 13.230, 29.724
 75660, 280.374, 10.979, 32.998
 75720, 275.915, 10.654, 26.018
 75780, 276.336,  8.506, 40.836
 75840, 285.006,  8.009, 30.755
 75900, 260.238,  9.729, 33.102
 75960, 241.194,  8.786, 24.316
 76020, 272.418, 11.291, 29.704
 76080, 256.494, 19.094, 25.488
 76140, 228.884, 12.428, 28.626
 76200, 217.770, 19.767, 33.426
 76260, 219.862, 11.631, 28.004
 76320, 201.101, 15.028, 32.287
 76380, 232.635,  9.084, 26.099
 76440, 258.290, 18.597, 19.815
 76500, 200.116, 13.245, 34.287
 76560, 175.901, 19.731, 25.219
 76620, 172.742, 11.611, 27.427
 76680, 251.755, 12.289, 36.165
 76740, 271.639, 13.581, 34.293
 76800, 269.458, 14.954, 36.612
 76860, 220.818, 12.238, 30.928
 76920, 288.101, 15.957, 49.881
 76980, 255.075, 42.582, 68.716
 77040, 274.887, 11.868, 26.172
 77100, 253.088, 10.887, 31.535
 77160, 251.396, 10.495, 27.192
 77220, 274.616, 11.369, 37.560
 77280, 259.858, 12.180, 30.124
 77340, 277.727, 10.281, 37.209
 77400, 305.357, 15.336, 26.951
 77460, 271.934, 12.426, 39.264
 77520, 244.767, 12.572, 31.585
 77580, 236.503, 17.194, 21.294
 77640, 227.698, 14.778, 31.776
 77700, 216.018, 16.999, 16.862
 77760, 189.019, 16.387, 15.226
 77820, 163.463, 15.996, 13.808
