CampaignData_and_Merges/R0/CSL_MobileLab_Parked/raw/20240807/USOS-HCHO_MobileLabGround_20240807_R0.ict
35,1001
Huang, Yaoxian
Wayne State University
Picarro G2307 on CSL Mobile Lab
USOS
1,1
2024,08,07,2024,08,09
1.0
Time_Start,seconds_since_midnight,number_of_seconds_since_0000_UTC
3
1.0,1.0,1.0
-9999.0,-9999.0,-9999.0
HCHO,ppbv,Gas_HCHO_InSitu_S_AVMR,volume mixing ratio of formaldehyde in air
H2O,ppmv,Gas_H2O_InSitu_S_AVMR,volume mixing ratio of water vapor in air
CH4,ppmv,Gas_CH4_InSitu_S_AVMR,volume mixing ratio of methane in air
0
18
PI_CONTACT_INFO: yaoxian.huang@wayne.edu
PLATFORM: CSL Mobile Lab, at Ground Site
LOCATION: Salt Lake City, UT
ASSOCIATED_DATA: N/A
INSTRUMENT_INFO: Cavity Ring-Down Spectrometer
DATA_INFO: Data is averaged to 1 minute intervals for stationary and 1 second interval for driving. Stationary data collected from a 20 ft tower on top of the mobile lab.
UNCERTAINTY: N/A
ULOD_FLAG: -7777
ULOD_VALUE: N/A
LLOD_FLAG: -8888
LLOD_VALUE: N/A
DM_CONTACT_INFO: Yaoxian Huang; yaoxian.huang@wayne.edu
PROJECT_INFO: USOS, Summer 2024. https://csl.noaa.gov/groups/csl7/measurements/2024usos/
STIPULATIONS_ON_USE: Users are strongly encouraged to contact the PI for proper data usage.
OTHER_COMMENTS: Data have been shifted backwards by 1 minute to align with USOS MetNav and Picarro GHG data.
REVISION: R0
R0: Final Data
Time_Start,HCHO,H2O,CH4
[from data line 1081]
64860,4.65864,15571.5,1.96803
64920,4.80034,15275.1,1.96172
64980,4.67432,14372.7,1.96703
65040,4.85443,14382.7,1.96854
65100,5.38882,14827.0,1.97999
65160,5.45589,14328.2,1.98387
65220,5.17041,14603.0,1.9743
65280,5.262,15180.8,1.97319
65340,5.39558,14995.4,1.98364
65400,5.47449,14516.9,1.99863
65460,5.83304,14807.7,2.00218
65520,5.42837,15172.3,2.00148
65580,5.65688,14784.1,2.00512
65640,5.75567,15168.3,2.00891
65700,5.27473,14647.4,2.00631
65760,5.60828,15031.8,2.00352
65820,5.45564,14919.0,2.00035
65880,5.52901,14614.9,2.00097
65940,5.38266,14384.6,1.99888
66000,5.34007,14715.8,1.99867
66060,5.2393,14258.7,2.00226
66120,5.23999,13919.0,2.00774
66180,5.41193,14496.5,2.00692
66240,5.12816,14400.7,1.99847
66300,5.21176,14756.8,2.00142
66360,5.40428,15635.4,1.99846
66420,5.4622,14660.5,2.00182
66480,5.04323,13970.7,2.00336
66540,5.26324,14198.5,2.00841
66600,4.88402,14543.4,2.00967
66660,5.06281,14984.4,2.00817
66720,5.01922,14579.7,2.00567
66780,4.95065,14402.5,2.00104
66840,5.22951,14754.4,2.00041
66900,5.02583,14334.0,2.00279
66960,4.99745,14478.9,2.00127
67020,4.95391,14353.5,1.99829
67080,5.16241,15026.0,1.99804
67140,5.0707,14964.6,1.99646
67200,5.02811,14574.8,1.99379
67260,4.99027,14435.7,1.99398
67320,5.08555,14975.2,1.99447
67380,5.19212,14896.5,1.99235
67440,5.00244,14750.1,1.99463
67500,5.09203,15147.2,1.99378
67560,5.03453,15005.7,1.99243
67620,4.89391,14874.5,1.99494
67680,4.51336,14075.7,1.9928
67740,4.83523,14514.6,1.99192
67800,4.65329,14450.4,1.99367
67860,4.72536,14350.3,1.99469
67920,4.96087,14819.7,1.99036
67980,4.84569,14427.4,1.99565
68040,4.75706,15306.6,1.9951
68100,4.86701,15030.8,1.9962
68160,5.1227,14687.9,1.99978
68220,5.09407,15264.5,2.00178
68280,5.29511,14980.6,2.00269
68340,5.02403,15032.2,2.00161
68400,5.18879,15131.4,2.00372
68460,5.25518,15236.2,2.00151
68520,4.95947,14766.6,1.98946
68580,4.74289,15126.5,1.98934
68640,5.13495,15897.3,1.98497
68700,4.08961,14969.7,1.97768
68760,4.37161,15156.0,1.97494
68820,4.35153,14833.2,1.97292
68880,4.29681,14751.9,1.97258
68940,4.49879,15156.8,1.97414
69000,4.47111,14730.8,1.97462
69060,4.27028,14432.1,1.97304
69120,4.22692,14345.1,1.97231
69180,4.50878,14701.0,1.96918
69240,4.37055,14380.5,1.96869
69300,3.96608,14474.2,1.96847
69360,4.02665,15017.5,1.96964
69420,4.21163,14983.1,1.96671
69480,4.15018,14647.6,1.97064
69540,4.33938,14664.9,1.96684
69600,4.01479,14749.4,1.96581
69660,3.94418,14612.0,1.96168
69720,4.17299,14321.8,1.96576
69780,4.13574,14347.4,1.96335
69840,4.55436,14433.6,1.96685
69900,4.13423,14135.7,1.96523
69960,4.26231,14405.6,1.96911
70020,4.95035,14672.2,1.97751
70080,4.28809,14532.7,1.96788
70140,4.29712,14408.8,1.96609
70200,4.62437,14315.8,1.96678
70260,4.45121,14427.7,1.96519
70320,4.08832,14245.2,1.96108
70380,4.56115,13765.4,1.95939
70440,4.37266,13662.0,1.95704
70500,3.71256,12910.3,1.95218
70560,3.8954,12467.3,1.95581
70620,4.54849,13066.2,1.95961
70680,4.34912,14080.3,1.96788
70740,4.37639,15544.8,1.96626
70800,4.89078,15111.3,1.97377
70860,4.54561,14225.0,1.98013
70920,4.68633,14388.4,1.97865
70980,4.6468,15345.3,1.97692
71040,4.54006,14693.0,1.97644
71100,4.60167,14108.8,1.97938
71160,4.53585,14378.9,1.98233
71220,4.32703,14268.3,1.98269
71280,4.20493,15023.9,1.98111
71340,4.77751,14501.0,1.98568
71400,4.4406,14669.3,1.99111
71460,4.78263,15577.5,1.99036
71520,5.16046,14369.3,2.00172
71580,4.98524,14139.3,2.01401
71640,5.19616,13839.5,2.02034
71700,5.25634,13599.3,2.02203
71760,5.52663,13739.9,2.03264
71820,5.3613,14138.3,2.03708
71880,5.44701,14211.2,2.03839
71940,5.3455,14320.7,2.03006
72000,5.30454,14751.0,2.02182
72060,5.1352,14472.3,2.03208
72120,5.1377,14370.3,2.03338
72180,5.38127,14086.5,2.0407
72240,5.02092,14934.3,2.03568
72300,5.24918,14222.6,2.03627
72360,5.38118,13710.1,2.03233
72420,4.83088,13497.4,2.02538
72480,4.7032,13631.4,2.03381
72540,4.78853,13406.7,2.02219
72600,4.76655,14345.4,2.02061
72660,4.83711,13277.9,2.03265
72720,4.97786,13170.5,2.0346
72780,4.84686,13768.9,2.03333
72840,4.91743,13739.4,2.03486
72900,4.67286,12845.2,2.03232
72960,4.66462,12366.9,2.10428
73020,4.52782,13310.2,2.0369
73080,4.92332,13086.8,2.04171
73140,5.10247,12807.1,2.06016
73200,5.12141,12773.0,2.03411
73260,4.5003,11778.4,2.02209
73320,4.43572,11862.2,2.02304
73380,4.56275,11496.0,2.01813
73440,4.71186,11526.7,2.02504
73500,4.86739,10903.8,2.02939
73560,5.18605,10833.2,2.00953
73620,5.17632,11004.1,2.01154
73680,3.99578,11186.0,2.01233
73740,4.17456,11246.5,2.01954
73800,3.59448,10887.0,2.00282
73860,3.42016,11018.4,1.99753
73920,3.19501,10833.6,1.99081
73980,3.53626,11146.7,2.01301
74040,3.08881,10773.4,1.99136
74100,3.27019,11019.0,2.00018
74160,3.20487,10546.7,1.99941
74220,3.13424,10289.6,1.99566
74280,2.89146,10047.7,2.01003
74340,3.10356,10288.7,1.99864
74400,3.3164,10186.1,2.0024
74460,3.02043,9987.29,1.99776
74520,3.23713,10228.8,1.9941
74580,2.51211,9753.27,1.98238
74640,2.81954,9408.05,1.9705
74700,2.67083,9556.98,1.97433
74760,2.67311,10016.7,1.98324
74820,2.57466,9918.7,1.97526
74880,3.08772,9983.33,1.97863
74940,3.04846,9995.19,1.97894
75000,2.956,10065.4,1.97505
75060,2.90245,9954.81,1.97589
75120,2.75494,9663.27,1.96628
75180,2.51138,9518.38,1.96458
75240,2.91225,9687.09,1.96755
75300,2.84078,10468.5,1.97623
75360,2.88918,10534.6,1.97329
75420,2.92708,10454.3,1.97279
75480,2.79862,10260.0,1.96909
75540,3.02681,10109.5,1.96779
75600,2.83951,10014.5,1.97942
75660,2.68837,9995.14,1.97337
75720,2.90978,10050.2,1.96709
75780,3.91735,10038.7,2.01819
75840,2.65352,10067.2,1.97565
75900,2.8835,9873.89,1.9729
75960,2.4372,9396.5,1.96405
76020,2.72124,9475.61,1.96409
76080,2.90722,9600.03,2.0106
76140,3.17111,9764.35,2.01329
76200,3.14022,9350.82,1.97485
76260,2.80522,8875.55,1.953
76320,2.65348,9065.29,1.96425
76380,3.07762,9255.96,1.96608
76440,2.94632,9780.47,1.96615
76500,3.1404,9191.26,1.96148
76560,3.19132,8610.74,1.96201
76620,3.22818,8365.7,1.96821
76680,2.85146,8382.49,1.95973
76740,3.27697,9258.64,1.96339
76800,2.92089,9107.9,1.96886
76860,2.52494,7932.87,1.95406
76920,2.92976,7703.01,1.94913
76980,3.96222,7841.67,1.95538
77040,3.09995,8362.32,1.96176
77100,3.24364,9018.92,1.97692
77160,3.14354,8889.45,1.95983
77220,2.96984,9323.56,1.95913
77280,3.22649,8940.21,1.95227
77340,2.88265,9038.86,1.94458
77400,2.82682,8518.29,1.94489
77460,3.0957,8891.28,1.94929
77520,2.94305,10026.9,1.95023
77580,2.94774,9664.92,1.94963
77640,3.01471,9691.79,1.95078
77700,2.64166,9594.35,1.94601
77760,2.70656,10029.8,1.94234
77820,2.62433,8856.42,1.93395
77880,2.48331,8825.67,1.93226
77940,2.24456,8572.97,1.93441
78000,2.4921,9241.14,1.93424
78060,3.1107,9020.5,1.94997
78120,6.57736,9265.93,1.94863
78180,2.55803,8414.92,1.94334
78240,2.9691,8921.65,1.94611
78300,2.84454,9042.01,1.94805
78360,2.79649,8994.23,1.94508
78420,2.67966,8446.89,1.9389
78480,2.43307,8307.7,1.93936
78540,2.28554,8136.37,1.93787
78600,2.12466,7665.38,1.92933
78660,2.41055,8408.08,1.93031
78720,2.35672,8278.3,1.93285
78780,2.4023,8160.55,1.93963
78840,2.75858,8630.54,1.93774
78900,2.61362,8657.46,1.93787
78960,2.3344,8141.41,1.93303
79020,2.29693,8035.16,1.93306
79080,2.52078,8749.48,1.93189
79140,2.61515,8436.88,1.93144
79200,2.58984,8446.96,1.93258
79260,2.43165,8325.38,1.93475
79320,2.68419,8354.39,1.9369
79380,2.60221,8370.69,1.93743
79440,2.39278,8254.46,1.93993
79500,2.49471,8622.64,1.93778
79560,2.40111,8268.93,1.9386
79620,2.36557,8332.64,1.93899
79680,2.38212,9067.76,1.93574
79740,2.71649,8424.68,1.93963
79800,2.60744,8462.37,1.94061
79860,2.96511,8527.28,1.93991
79920,2.85333,9034.95,1.93924
79980,2.85152,8699.81,1.94001
80040,2.60178,8323.54,1.93694
80100,2.60337,8109.77,1.93269
80160,2.6108,7954.22,1.93374
80220,2.49296,7938.71,1.93385
80280,2.44128,7664.16,1.93249
80340,2.223,7857.7,1.93166
80400,2.27274,7213.0,1.92677
80460,2.10849,7244.35,1.92946
80520,2.11616,7465.39,1.92707
80580,2.22134,7643.46,1.92972
80640,2.40811,8085.95,1.92843
80700,2.2066,7666.53,1.92841
80760,2.04715,7566.62,1.92398
80820,2.09108,7418.13,1.92595
80880,2.17322,7856.15,1.92448
80940,2.24463,8015.82,1.92414
81000,2.22448,7541.82,1.92169
81060,2.04674,7221.89,1.92445
81120,2.02814,7090.3,1.92364
81180,2.18322,7513.49,1.92211
81240,2.14015,7713.31,1.92282
81300,2.34042,8215.49,1.92104
81360,2.19504,8128.58,1.92232
81420,2.07899,7859.51,1.92103
81480,2.15289,7383.79,1.92078
81540,2.06847,7407.52,1.91861
81600,1.94068,7116.2,1.92337
81660,1.89811,6936.12,1.92139
81720,1.83189,6908.59,1.92036
81780,2.07323,7271.23,1.92191
81840,1.73027,6672.49,1.92177
81900,1.60917,6594.31,1.92158
81960,1.89388,6859.63,1.91991
82020,1.81172,7136.61,1.91859
82080,1.77429,7381.06,1.91846
82140,1.93936,7360.54,1.91901
82200,1.68044,6557.44,1.91845
82260,1.68222,6672.34,1.91603
82320,1.88907,6991.62,1.92042
82380,1.82575,7383.87,1.9191
82440,2.18617,7572.67,1.91796
82500,1.69745,7080.53,1.91926
82560,1.94633,7433.11,1.91881
82620,2.14635,7474.69,1.91617
82680,1.95991,7070.74,1.92028
82740,1.79592,6975.48,1.91965
82800,1.83353,7556.32,1.91522
82860,1.76756,7500.59,1.91619
82920,1.67841,7090.15,1.91631
82980,1.68974,6973.05,1.91587
83040,1.73049,6632.8,1.91881
83100,1.83698,6911.17,1.9198
83160,2.12151,7890.22,1.91991
83220,1.98385,7184.04,1.91735
83280,2.30208,7338.67,1.91744
83340,1.97388,7547.97,1.91931
83400,1.86155,6817.87,1.91869
83460,1.61513,6358.8,1.91943
83520,1.84384,6545.61,1.9212
83580,1.90666,6880.92,1.91975
83640,2.06963,7977.41,1.91893
83700,2.16428,7480.89,1.92108
83760,2.28299,7223.45,1.92225
83820,1.91369,7028.76,1.92203
83880,2.04931,7512.94,1.92125
83940,2.16062,7309.15,1.92074
84000,2.24509,7410.96,1.92382
84060,2.17151,7499.3,1.92105
84120,2.50731,7681.52,1.92472
84180,2.14801,7520.75,1.92237
84240,2.203,7200.48,1.92252
84300,2.00731,7220.64,1.92258
84360,2.03073,7108.24,1.92143
84420,2.03011,7453.01,1.92174
84480,2.40306,7396.08,1.92253
84540,2.30487,7775.69,1.92271
84600,1.86799,7269.12,1.9193
84660,2.36316,8145.73,1.91941
84720,2.07784,7688.02,1.91836
84780,2.13158,7357.3,1.91798
84840,2.12137,7721.01,1.91934
84900,2.19101,8211.5,1.9194
84960,1.81074,6864.17,1.9217
85020,2.27156,7304.25,1.92161
85080,2.42372,7422.48,1.92439
85140,1.86831,6819.7,1.92425
85200,2.11673,7346.64,1.92805
85260,2.49027,7751.17,1.92486
85320,2.32234,7681.93,1.92759
85380,2.27048,8190.94,1.92787
85440,2.21798,7255.62,1.92791
85500,2.35306,7587.71,1.92725
85560,2.10854,7133.39,1.92772
85620,2.0758,6871.14,1.92844
85680,2.13573,7523.86,1.92584
85740,2.09911,7104.32,1.92467
85800,1.96922,7048.44,1.92369
85860,2.08962,7237.68,1.92606
85920,2.04409,7138.5,1.92734
85980,2.1731,7338.4,1.92711
86040,2.06027,7500.3,1.92753
86100,2.03826,7257.82,1.92572
86160,2.14331,7137.95,1.92798
86220,2.01031,7368.67,1.92554
86280,1.81348,7045.16,1.92527
86340,-9999.0,-9999.0,-9999.0
