CampaignData_and_Merges/R0/CSL_MobileLab_Parked/raw/20240807/USOS-Picarro-CO2-CH4-CO-H2O_MobileLabGround_20240807_R0.ict
38, 1001
Ilana Pollack, Nell Schafer, and Jeff Peischl
NOAA Chemical Sciences Laboratory
Picarro 2401-m CO2/CH4/CO/H2O Analyzer
USOS
1, 1
2024, 08, 07, 2024, 11, 20
0
StartTime_UTC, seconds_past_midnight, seconds past midnight
5
1, 1, 1, 1, 1
-9999, -9999, -9999, -9999, -9999
StopTime_UTC, seconds_past_midnight, seconds past midnight
CO2_ppm_1min, ppm, Gas_CO2_InSitu_S_DMF, carbon dioxide mixing ratio
CH4_ppb_1min, ppb, Gas_CH4_InSitu_S_DMF, methane mixing ratio
CO_ppb_1min, ppb, Gas_CO_InSitu_S_DMF, carbon monoxide mixing ratio
H2O_ppmv_1min, ppmv, Met_H2OMRV_InSitu_S_AVMR, water vapor mixing ratio
1
SPECIAL COMMENTS: N/A
18
PI_CONTACT_INFO: Address: NOAA Chemical Sciences Laboratory, Mail Stop CSL7, 325 Broadway, Boulder, CO 80305; Email: Ilana.Pollack@noaa.gov
PLATFORM: NOAA CSL Mobile Laboratory
LOCATION: The mobile lab was stationed in Salt Lake City, Utah.
ASSOCIATED_DATA: N/A
INSTRUMENT_INFO: CO2, CH4, and CO are reported as dry air mole fractions using a commercial wavelength-scanned cavity ring-down analyzer (Picarro 2401-m). An in-field calibration gas standard of 432±0.07 ppm CO2, 2095±1 ppb CH4, and 183±1 ppb CO, calibrated in the Boulder laboratories before and after the field project using primary CO2, CH4, and CO standard tanks tied to the WMO standard (X2019, X2004A, and X2014A, respectively) from the Global Monitoring Laboratory (GML), was delivered to the inlet every 2-3 days to evaluate instrument sensitivity. A H2O measurement was calibrated before the project with a Dew Point Mirror 373 hygrometer. The water correction calculated from these calibrations was applied to the H2O measurement for the entire campaign. Species are measured at 0.5 Hz and reported as 1-minute averages for stationary measurements.
DATA_INFO: Units: CO2, ppm, dry air mole fraction; CH4, ppb, dry air mole fraction; CO, ppb, dry air mole fraction; H2O, ppmv
UNCERTAINTY: Total uncertainties are estimated as ±0.1 ppm for CO2, ±1 ppb for CH4, ±5 ppb for CO, and ±(50 ppm + 4%) for H2O.
ULOD_FLAG: -7777
ULOD_VALUE: N/A
LLOD_FLAG: -8888
LLOD_VALUE: N/A
DM_CONTACT_INFO: Data Manager: Nathan Howard; nathan.h.howard@noaa.gov
PROJECT_INFO: USOS Dates of Study: July – August 2024
STIPULATIONS_ON_USE: Use of these data require prior ok from PI.
OTHER_COMMENTS: Data are averaged to 1 minute intervals. Stationary data collected from a 10 ft tower on top of the mobile van.
REVISION: R0
R0: Final Data
StartTime_UTC, StopTime_UTC, CO2_ppm_1min, CH4_ppb_1min, CO_ppb_1min, H2O_ppmv_1min
[from data line 1126]
67560,67620,435.75,2052.1,197.3,15017.1846
67620,67680,436.28,2052.4,197.1,14655.0596
67680,67740,436.33,2050.0,194.8,14589.3330
67740,67800,435.97,2051.2,191.7,14514.0205
67800,67860,435.76,2053.0,193.1,14740.1914
67860,67920,435.46,2050.3,189.4,14687.5039
67920,67980,435.45,2051.1,198.6,14895.3252
67980,68040,434.83,2052.9,188.9,15096.1436
68040,68100,434.50,2054.0,194.8,15558.5361
68100,68160,435.81,2055.7,196.2,14835.5176
68160,68220,435.33,2059.0,197.5,15349.0566
68220,68280,435.73,2060.8,198.7,15192.9414
68280,68340,435.33,2060.0,195.5,15395.7207
68340,68400,435.77,2060.4,197.0,14966.9209
68400,68460,435.32,2060.0,201.3,15875.9170
68460,68520,435.92,2051.2,194.9,15096.3867
68520,68580,435.16,2044.1,187.2,15113.2471
68580,68640,434.75,2046.0,194.4,16106.5654
68640,68700,434.31,2037.8,184.3,15489.3320
68700,68760,434.13,2032.7,179.4,15084.3887
68760,68820,434.30,2032.5,182.9,15435.3604
68820,68880,434.07,2030.9,182.8,14815.9355
68880,68940,433.52,2031.0,182.9,15408.4541
68940,69000,433.91,2031.0,183.1,15142.6484
69000,69060,434.24,2029.1,177.9,14722.5000
69060,69120,434.11,2028.2,175.7,14545.5557
69120,69180,433.87,2027.6,174.9,14848.8291
69180,69240,434.22,2026.3,175.2,14624.1914
69240,69300,434.09,2026.3,175.2,14662.7627
69300,69360,433.28,2025.6,175.7,14842.4336
69360,69420,432.51,2026.4,177.8,15696.0107
69420,69480,433.69,2024.1,173.6,14783.8076
69480,69540,433.14,2023.2,174.1,14740.0381
69540,69600,432.70,2022.2,172.7,15045.8955
69600,69660,432.56,2020.3,173.9,14776.6055
69660,69720,432.53,2018.8,173.4,14718.9463
69720,69780,432.83,2018.9,174.4,14647.2705
69780,69840,434.87,2021.4,178.1,14598.7881
69840,69900,434.69,2022.6,179.2,14381.7822
69900,69960,434.65,2024.1,178.8,14506.0410
69960,70020,433.59,2023.9,177.2,14744.0361
70020,70080,433.52,2021.3,176.4,14250.4336
70080,70140,434.20,2021.9,180.8,14467.1240
70140,70200,435.08,2022.6,179.2,14587.4668
70200,70260,433.77,2022.0,179.0,14583.0088
70260,70320,432.97,2018.5,172.7,14673.0996
70320,70380,434.45,2015.5,170.3,14085.6289
70380,70440,439.87,2011.6,166.8,13911.3672
70440,70500,432.48,2005.2,164.0,13311.5645
70500,70560,434.74,2003.8,162.7,12765.7305
70560,70620,433.53,2009.3,169.0,12955.2402
70620,70680,437.00,2019.0,174.8,13715.6426
70680,70740,433.07,2020.5,174.5,15726.9785
70740,70800,436.58,2028.1,179.0,15570.9678
70800,70860,435.06,2033.1,179.6,14406.4229
70860,70920,435.25,2034.2,182.4,14732.1094
70920,70980,434.91,2034.9,183.0,15071.5850
70980,71040,437.10,2035.5,181.4,15417.3086
71040,71100,436.89,2034.1,178.7,14595.6865
71100,71160,435.72,2035.6,177.0,14281.4863
71160,71220,435.02,2037.1,182.7,14712.8574
71220,71280,433.97,2038.4,196.9,14898.6563
71280,71340,434.44,2038.4,183.6,14752.2676
71340,71400,437.35,2042.7,179.9,15173.9248
71400,71460,435.21,2047.6,177.5,15421.8096
71460,71520,436.71,2052.2,201.2,14876.9443
71520,71580,437.03,2068.6,185.5,14294.6807
71580,71640,437.34,2074.3,186.7,14262.6514
71640,71700,438.20,2079.4,197.6,13775.2734
71700,71760,438.80,2085.6,199.6,13751.6924
71760,71820,438.70,2091.2,197.5,14313.3857
71820,71880,438.52,2095.5,193.5,14383.9824
71880,71940,439.09,2090.7,194.7,14437.8750
71940,72000,438.38,2082.7,188.9,14464.1367
72000,72060,436.32,2088.2,193.9,15674.2871
72060,72120,436.81,2090.2,192.6,14033.7363
72120,72180,439.40,2094.6,187.1,14342.2871
72180,72240,437.47,2096.7,188.4,15169.3457
72240,72300,437.22,2098.7,191.5,14871.1699
72300,72360,436.95,2089.2,187.9,13576.1699
72360,72420,435.59,2082.6,184.5,13941.9424
72420,72480,435.79,2078.5,182.6,13393.0449
72480,72540,-9999,-9999,-9999,-9999
72540,72600,-9999,-9999,-9999,-9999
72600,72660,-9999,-9999,-9999,-9999
72660,72720,-9999,-9999,-9999,-9999
72720,72780,-9999,-9999,-9999,-9999
72780,72840,-9999,-9999,-9999,-9999
72840,72900,-9999,-9999,-9999,-9999
72900,72960,-9999,-9999,-9999,-9999
72960,73020,-9999,-9999,-9999,-9999
73020,73080,-9999,-9999,-9999,-9999
73080,73140,-9999,-9999,-9999,-9999
73140,73200,-9999,-9999,-9999,-9999
73200,73260,-9999,-9999,-9999,-9999
73260,73320,-9999,-9999,-9999,-9999
73320,73380,-9999,-9999,-9999,-9999
73380,73440,-9999,-9999,-9999,-9999
73440,73500,-9999,-9999,-9999,-9999
73500,73560,-9999,-9999,-9999,-9999
73560,73620,-9999,-9999,-9999,-9999
73620,73680,-9999,-9999,-9999,-9999
73680,73740,-9999,-9999,-9999,-9999
73740,73800,-9999,-9999,-9999,-9999
73800,73860,-9999,-9999,-9999,-9999
73860,73920,-9999,-9999,-9999,-9999
73920,73980,-9999,-9999,-9999,-9999
73980,74040,-9999,-9999,-9999,-9999
74040,74100,-9999,-9999,-9999,-9999
74100,74160,-9999,-9999,-9999,-9999
74160,74220,-9999,-9999,-9999,-9999
74220,74280,-9999,-9999,-9999,-9999
74280,74340,-9999,-9999,-9999,-9999
74340,74400,-9999,-9999,-9999,-9999
74400,74460,-9999,-9999,-9999,-9999
74460,74520,-9999,-9999,-9999,-9999
74520,74580,-9999,-9999,-9999,-9999
74580,74640,-9999,-9999,-9999,-9999
74640,74700,-9999,-9999,-9999,-9999
74700,74760,-9999,-9999,-9999,-9999
74760,74820,-9999,-9999,-9999,-9999
74820,74880,-9999,-9999,-9999,-9999
74880,74940,-9999,-9999,-9999,-9999
74940,75000,-9999,-9999,-9999,-9999
75000,75060,-9999,-9999,-9999,-9999
75060,75120,-9999,-9999,-9999,-9999
75120,75180,-9999,-9999,-9999,-9999
75180,75240,-9999,-9999,-9999,-9999
75240,75300,-9999,-9999,-9999,-9999
75300,75360,-9999,-9999,-9999,-9999
75360,75420,-9999,-9999,-9999,-9999
75420,75480,-9999,-9999,-9999,-9999
75480,75540,-9999,-9999,-9999,-9999
75540,75600,-9999,-9999,-9999,-9999
75600,75660,-9999,-9999,-9999,-9999
75660,75720,-9999,-9999,-9999,-9999
75720,75780,-9999,-9999,-9999,-9999
75780,75840,-9999,-9999,-9999,-9999
75840,75900,-9999,-9999,-9999,-9999
75900,75960,-9999,-9999,-9999,-9999
75960,76020,-9999,-9999,-9999,-9999
76020,76080,-9999,-9999,-9999,-9999
76080,76140,-9999,-9999,-9999,-9999
76140,76200,-9999,-9999,-9999,-9999
76200,76260,-9999,-9999,-9999,-9999
76260,76320,-9999,-9999,-9999,-9999
76320,76380,-9999,-9999,-9999,-9999
76380,76440,-9999,-9999,-9999,-9999
76440,76500,-9999,-9999,-9999,-9999
76500,76560,-9999,-9999,-9999,-9999
76560,76620,-9999,-9999,-9999,-9999
76620,76680,-9999,-9999,-9999,-9999
76680,76740,-9999,-9999,-9999,-9999
76740,76800,-9999,-9999,-9999,-9999
76800,76860,-9999,-9999,-9999,-9999
76860,76920,-9999,-9999,-9999,-9999
76920,76980,-9999,-9999,-9999,-9999
76980,77040,-9999,-9999,-9999,-9999
77040,77100,-9999,-9999,-9999,-9999
77100,77160,-9999,-9999,-9999,-9999
77160,77220,-9999,-9999,-9999,-9999
77220,77280,-9999,-9999,-9999,-9999
77280,77340,-9999,-9999,-9999,-9999
77340,77400,-9999,-9999,-9999,-9999
77400,77460,-9999,-9999,-9999,-9999
77460,77520,-9999,-9999,-9999,-9999
77520,77580,-9999,-9999,-9999,-9999
77580,77640,-9999,-9999,-9999,-9999
77640,77700,-9999,-9999,-9999,-9999
77700,77760,-9999,-9999,-9999,-9999
77760,77820,-9999,-9999,-9999,-9999
77820,77880,-9999,-9999,-9999,-9999
77880,77940,-9999,-9999,-9999,-9999
77940,78000,-9999,-9999,-9999,-9999
78000,78060,-9999,-9999,-9999,-9999
78060,78120,-9999,-9999,-9999,-9999
78120,78180,-9999,-9999,-9999,-9999
78180,78240,-9999,-9999,-9999,-9999
78240,78300,428.83,1989.0,170.3,8948.6299
78300,78360,427.68,1987.2,169.7,9212.0986
78360,78420,427.19,1982.5,161.1,8676.2813
78420,78480,426.77,1978.9,158.8,8316.3096
78480,78540,426.33,1977.8,156.0,8282.0107
78540,78600,426.64,1969.8,147.6,7400.6660
78600,78660,426.28,1970.7,150.5,8421.8105
78660,78720,426.48,1972.0,152.9,8648.4307
78720,78780,426.90,1974.4,155.1,8151.8174
78780,78840,427.39,1976.7,160.6,8455.0010
78840,78900,426.87,1977.0,161.5,8872.5234
78900,78960,427.06,1975.7,160.9,8320.0166
78960,79020,427.35,1973.5,156.6,8089.8247
79020,79080,427.96,1972.9,164.7,8674.1094
79080,79140,428.04,1971.2,162.1,8450.7861
79140,79200,427.50,1972.6,161.0,8436.9053
79200,79260,427.44,1974.6,164.4,8578.9141
79260,79320,427.54,1975.2,164.0,8469.4609
79320,79380,427.84,1976.2,164.0,8238.1406
79380,79440,427.43,1978.1,167.8,8322.8125
79440,79500,427.42,1979.2,169.3,8604.6270
79500,79560,426.96,1979.0,168.0,8412.5615
79560,79620,426.94,1978.7,167.1,8413.0303
79620,79680,426.44,1978.2,167.9,8956.1943
79680,79740,427.34,1978.5,174.8,8545.5928
79740,79800,427.28,1979.1,178.6,8541.7012
79800,79860,428.20,1979.8,180.0,8407.5781
79860,79920,428.59,1980.9,187.5,9068.1191
79920,79980,427.92,1980.6,181.0,8802.8848
79980,80040,427.38,1977.9,175.3,8577.5244
80040,80100,427.49,1975.6,180.8,8329.7109
80100,80160,427.05,1973.4,166.5,7875.5229
80160,80220,427.24,1972.9,165.4,7944.5244
80220,80280,427.32,1970.4,171.8,7831.8706
80280,80340,427.07,1969.3,170.7,7856.6831
80340,80400,427.20,1966.6,168.9,7488.7725
80400,80460,426.63,1962.6,158.6,7053.8110
80460,80520,426.80,1963.7,166.2,7433.8853
80520,80580,426.60,1965.4,164.8,7662.9194
80580,80640,426.87,1966.9,172.9,7974.8481
80640,80700,426.28,1966.0,165.4,7853.0571
80700,80760,425.99,1964.2,161.4,7698.3765
80760,80820,425.79,1963.4,160.5,7410.3188
80820,80880,426.26,1963.6,159.7,7849.9985
80880,80940,427.00,1962.5,164.3,7858.0811
80940,81000,428.64,1961.5,173.0,7751.6895
81000,81060,427.11,1961.2,163.9,7538.6582
81060,81120,426.20,1960.0,160.9,7208.2822
81120,81180,426.19,1959.3,156.2,7174.6938
81180,81240,426.13,1960.7,164.3,7719.9917
81240,81300,426.34,1961.2,173.5,7997.0693
81300,81360,427.31,1960.9,186.4,8171.7192
81360,81420,426.85,1959.4,173.5,8225.5498
81420,81480,426.98,1957.4,163.5,7611.6191
81480,81540,428.16,1956.7,166.5,7383.7407
81540,81600,427.35,1956.8,165.4,7060.5972
81600,81660,425.94,1957.1,155.5,7116.5640
81660,81720,425.87,1957.1,152.4,6800.2466
81720,81780,426.09,1958.0,153.6,7306.6030
81780,81840,425.56,1956.6,147.5,6783.1675
81840,81900,425.75,1956.2,144.5,6549.0303
81900,81960,425.64,1956.6,146.5,6830.3740
81960,82020,425.69,1956.9,146.6,6999.2065
82020,82080,425.67,1957.2,148.2,7307.6543
82080,82140,426.56,1957.3,148.1,7552.1758
82140,82200,427.11,1953.8,144.4,6646.6445
82200,82260,426.90,1954.1,144.1,6697.1387
82260,82320,427.09,1955.3,147.4,6835.0015
82320,82380,427.14,1955.8,149.6,7251.8506
82380,82440,426.97,1955.9,155.4,7628.8896
82440,82500,426.70,1955.0,155.8,7092.7104
82500,82560,426.63,1955.6,154.8,7393.3511
82560,82620,426.41,1955.7,156.6,7623.2930
82620,82680,425.63,1954.0,152.5,7102.1924
82680,82740,425.41,1953.5,151.5,6976.9766
82740,82800,425.36,1953.3,161.2,7365.2373
82800,82860,425.76,1953.1,170.8,7731.3052
82860,82920,425.28,1951.6,167.5,7145.8706
82920,82980,425.38,1952.9,182.5,6946.0459
82980,83040,425.22,1953.1,148.9,6712.4087
83040,83100,425.74,1954.5,147.1,6816.7729
83100,83160,425.06,1955.7,146.5,7771.5869
83160,83220,426.47,1955.5,238.4,7583.1143
83220,83280,427.46,1954.2,181.8,7006.4722
83280,83340,426.84,1956.6,165.2,7765.1616
83340,83400,426.05,1954.3,148.9,7017.7344
83400,83460,425.98,1953.7,146.9,6500.0698
83460,83520,426.31,1954.7,150.3,6441.6372
83520,83580,426.48,1955.8,154.3,6644.8213
83580,83640,426.20,1956.4,155.4,7636.9116
83640,83700,426.14,1957.8,157.2,7686.6948
83700,83760,427.26,1959.0,160.3,7460.4990
83760,83820,426.94,1958.2,159.1,7055.6030
83820,83880,426.83,1958.3,158.5,7347.6499
83880,83940,426.68,1959.4,160.4,7602.8706
83940,84000,426.45,1959.3,159.5,7089.7798
84000,84060,426.41,1960.0,163.4,7469.2026
84060,84120,426.85,1961.1,165.2,7704.0234
84120,84180,426.99,1960.8,169.5,7709.9028
84180,84240,427.33,1959.6,167.7,7175.7500
84240,84300,427.32,1960.0,164.8,7357.1841
84300,84360,427.12,1958.8,164.4,7012.4927
84360,84420,426.88,1959.6,166.7,7584.9712
84420,84480,427.52,1958.1,170.1,7090.7495
84480,84540,427.58,1958.9,171.0,7808.0859
84540,84600,426.79,1958.8,163.1,7337.9966
84600,84660,427.25,1958.7,175.0,7677.8433
84660,84720,427.53,1958.3,178.1,8293.8525
84720,84780,428.48,1957.5,178.4,7471.4380
84780,84840,428.09,1957.1,169.7,7572.1572
84840,84900,426.96,1958.1,168.7,8183.1431
84900,84960,426.80,1959.0,166.5,7600.8013
84960,85020,426.72,1957.1,158.7,6622.5791
85020,85080,426.06,1959.8,166.4,7622.3291
85080,85140,425.50,1961.6,160.7,7076.8105
85140,85200,425.62,1963.0,161.0,7101.5181
85200,85260,425.61,1963.7,161.8,7774.1411
85260,85320,426.32,1964.2,163.1,7627.8457
85320,85380,425.92,1965.0,167.1,8000.3457
85380,85440,426.61,1965.4,169.5,7685.6836
85440,85500,427.51,1964.3,171.5,7366.1460
85500,85560,426.73,1964.5,164.8,7440.2891
85560,85620,426.09,1963.4,162.0,6925.5645
85620,85680,426.07,1963.6,161.8,7301.0303
85680,85740,425.92,1962.8,164.7,7361.0039
85740,85800,425.34,1961.0,157.9,6880.5298
85800,85860,425.59,1962.0,163.5,7278.1094
85860,85920,426.00,1963.4,178.4,7139.6025
85920,85980,426.05,1964.6,179.4,7285.9663
85980,86040,426.64,1964.8,170.5,7389.7959
86040,86100,427.98,1964.5,170.8,7433.5273
86100,86160,429.09,1964.6,194.9,7241.0068
86160,86220,427.83,1963.3,183.1,7232.8164
86220,86280,428.86,1962.6,188.3,7344.4565
86280,86340,428.82,1962.8,175.9,7248.1133
86340,86400,429.28,1963.7,166.3,7148.6333
