CampaignData_and_Merges/R0/CSL_MobileLab_Parked/raw/20240807/USOS-NOAAIodideCIMS-OrgNitrs_MobileLabGround_20240807_RA.ict
37, 1001
Michael A Robinson, Chris Jernigan, Subi Thakali
NOAA ESRL Chemical Sciences Laboratory and CIRES, U. of Colorado
NOAA Iodide CIMS Instrument
USOS
1, 1
2024, 08, 07, 2024, 08, 08
1
starttime_UTC, seconds_past_midnight, seconds_of_day_since_00:00:00_UTC
5
1, 1, 1, 1, 1
-9999, -9999, -9999, -9999, -9999
C4H7NO5_NOAACIMS, pptv, Gas_C4H7NO5_InSitu_S_AVMR, 
ISOPN_NOAACIMS, pptv, Gas_ISOPN_InSitu_S_AVMR, 
C5H10O3_NOAACIMS, pptv, Gas_C5H10O3_InSitu_S_AVMR, 
C5H9NO5_NOAACIMS, pptv, Gas_C5H9NO5_InSitu_S_AVMR, 
C10H17NO4_NOAACIMS, pptv, Gas_C10H17NO4_InSitu_S_AVMR, 
0
18
PI_CONTACT_INFO: 325 Broadway, R/CSD 7, Boulder, Colorado 80305; michael.a.robinson@noaa.gov; chris.jernigan@noaa.gov;
PLATFORM: NOAA CSL Mobile Lab
LOCATION: SLC, Utah
ASSOCIATED_DATA: 1Hz data also available on request.
INSTRUMENT_INFO: NOAA I- ToF CIMS
DATA_INFO: All data in parts per trillion by volume (pptv). 1 Hz data is available upon request.
UNCERTAINTY: TBD
ULOD_FLAG: -7777
ULOD_VALUE: N/A
LLOD_FLAG: -8888
LLOD_VALUE: N/A
DM_CONTACT_INFO: Nathan Howard; nathan.h.howard@noaa.gov
PROJECT_INFO: USOS, summer 2024. https://csl.noaa.gov/groups/csl7/measurements/2024usos/
STIPULATIONS_ON_USE: Users are strongly encouraged to contact the PI for proper data usage.
OTHER_COMMENTS: 
REVISION: RA
RA: Preliminary Data; For in-field use only
starttime_UTC, C4H7NO5_NOAACIMS, ISOPN_NOAACIMS, C5H10O3_NOAACIMS, C5H9NO5_NOAACIMS, C10H17NO4_NOAACIMS
[from data line 321]
 19260,  2.611,  9.328, 37.675,  6.855,  0.925
 19320,  2.649,  9.936, 38.635,  7.553,  0.884
 19380,  2.755, 10.465, 38.607,  7.729,  0.904
 19440,  3.332, 12.632, 42.515, 11.789,  1.395
 19500,  3.482, 12.857, 45.018, 13.495,  1.901
 19560,  3.440, 12.451, 44.898, 12.583,  2.074
 19620,  3.416, 12.307, 44.139, 11.827,  2.282
 19680,  3.283, 11.483, 43.604, 10.936,  2.289
 19740, -9999.000, -9999.000, -9999.000, -9999.000, -9999.000
 19800,  3.027, 10.320, 34.990,  8.910,  1.918
 19860,  3.040,  9.743, 36.207,  8.872,  2.006
 19920,  3.042,  9.876, 37.146,  8.587,  2.160
 19980,  3.029,  9.867, 37.716,  8.695,  2.203
 20040,  3.025,  9.268, 36.660,  8.219,  2.060
 20100,  3.027,  9.441, 36.938,  8.021,  2.214
 20160,  3.040,  9.010, 36.167,  7.945,  2.033
 20220,  2.965,  9.427, 37.638,  7.796,  2.079
 20280,  2.966,  9.036, 36.832,  7.838,  2.092
 20340,  2.910,  9.163, 36.473,  7.695,  2.218
 20400,  2.926,  8.928, 35.752,  7.443,  2.100
 20460,  2.893,  8.811, 36.103,  7.716,  2.080
 20520,  2.951,  8.868, 35.359,  7.523,  2.250
 20580,  2.924,  8.397, 35.624,  7.324,  2.171
 20640,  2.906,  8.214, 35.465,  7.316,  2.132
 20700,  2.906,  8.551, 36.422,  7.469,  2.100
 20760,  2.885,  8.439, 34.675,  7.040,  2.049
 20820,  2.911,  7.695, 34.809,  6.924,  2.160
 20880,  2.829,  7.586, 34.356,  6.990,  2.143
 20940,  2.874,  8.228, 34.584,  6.914,  2.155
 21000,  2.963,  7.992, 35.425,  7.107,  2.238
 21060,  2.934,  7.936, 35.064,  7.007,  2.216
 21120,  2.953,  8.216, 35.083,  7.482,  2.244
 21180,  3.094,  8.371, 35.515,  8.044,  2.251
 21240,  3.163,  8.619, 35.332,  8.457,  2.348
 21300,  3.155,  8.731, 35.819,  8.442,  2.234
 21360,  3.197,  8.574, 36.020,  8.837,  2.347
 21420,  3.261,  8.675, 36.368,  9.091,  2.463
 21480,  3.235,  8.852, 36.613,  8.754,  2.626
 21540,  3.157,  8.965, 34.826,  8.674,  2.296
 21600,  3.137,  8.548, 34.436,  8.993,  2.418
 21660,  3.242,  8.169, 34.825,  8.929,  2.573
 21720,  3.242,  8.639, 35.863,  8.702,  2.537
 21780,  3.292,  8.918, 35.083,  9.072,  2.433
 21840,  3.347,  8.958, 36.371,  9.590,  2.625
 21900,  3.376,  8.980, 38.391,  9.635,  2.802
 21960,  3.362,  9.234, 38.395,  9.828,  2.774
 22020,  3.328,  8.741, 37.687,  9.720,  2.753
 22080,  3.292,  8.904, 37.266,  9.910,  2.649
 22140,  3.263,  9.012, 37.592, 10.006,  2.474
 22200,  3.395,  8.875, 37.657, 10.202,  2.651
 22260,  3.488,  9.303, 37.267, 10.724,  2.577
 22320,  3.417,  8.996, 38.070, 10.645,  2.570
 22380,  3.370,  9.175, 37.661, 10.237,  2.590
 22440,  3.446,  9.337, 36.910, 10.605,  2.499
 22500,  3.575,  9.123, 39.258, 10.772,  2.641
 22560,  3.650,  9.598, 38.379, 11.645,  2.814
 22620,  3.641,  9.764, 37.757, 11.903,  2.649
 22680,  3.664,  9.543, 37.586, 11.565,  2.600
 22740,  3.685,  9.398, 37.572, 12.045,  2.705
 22800,  3.640,  9.659, 38.204, 12.025,  2.739
 22860,  3.699,  9.376, 37.931, 11.886,  2.623
 22920,  3.752,  9.400, 38.125, 12.167,  2.655
 22980,  3.600,  9.129, 36.557, 11.135,  2.311
 23040,  3.637,  9.214, 36.620, 11.409,  2.569
 23100,  3.535,  9.607, 36.908, 11.064,  2.544
 23160,  3.596,  9.377, 36.915, 11.298,  2.391
 23220,  3.624,  8.771, 36.211, 11.375,  2.399
 23280,  3.552,  8.764, 36.017, 10.829,  2.263
 23340,  3.470,  9.051, 36.783, 10.856,  2.187
 23400, -9999.000, -9999.000, -9999.000, -9999.000, -9999.000
 23460,  3.234,  8.299, 31.251,  9.748,  1.748
 23520,  3.355,  8.392, 31.772, 10.218,  1.729
 23580,  3.402,  8.647, 33.565, 10.130,  1.695
 23640,  3.302,  8.646, 33.472,  9.902,  1.722
 23700,  3.326,  8.300, 33.191,  9.966,  1.659
 23760,  3.340,  8.203, 32.915,  9.910,  1.565
 23820,  3.287,  8.384, 32.388,  9.996,  1.538
 23880,  3.314,  8.123, 32.175,  9.761,  1.346
 23940,  3.377,  8.157, 33.037,  9.872,  1.465
 24000,  3.297,  8.342, 32.229,  9.899,  1.476
 24060,  3.321,  8.406, 32.716,  9.861,  1.554
 24120,  3.323,  7.948, 32.694,  9.840,  1.542
 24180,  3.259,  8.194, 32.394,  9.682,  1.408
 24240,  3.354,  8.072, 32.368,  9.897,  1.549
 24300,  3.345,  8.197, 33.898,  9.907,  1.492
 24360,  3.271,  8.249, 33.435,  9.605,  1.604
 24420,  3.330,  8.021, 34.614,  9.673,  1.622
 24480,  3.337,  7.924, 32.996,  9.595,  1.553
 24540,  3.338,  8.079, 32.345,  9.605,  1.431
 24600,  3.296,  7.617, 33.249,  9.384,  1.561
 24660,  3.261,  7.919, 32.911,  9.508,  1.523
 24720,  3.308,  8.022, 33.323,  9.820,  1.506
 24780,  3.345,  7.637, 33.448,  9.686,  1.478
 24840,  3.354,  7.735, 33.455,  9.737,  1.584
 24900,  3.316,  8.025, 33.721,  9.677,  1.631
 24960,  3.357,  7.899, 34.311,  9.777,  1.669
 25020,  3.290,  7.492, 31.755,  9.415,  1.499
 25080,  3.276,  7.808, 32.244,  9.492,  1.641
 25140,  3.272,  7.887, 34.164,  9.153,  1.507
 25200,  3.223,  7.609, 32.567,  9.117,  1.590
 25260, -9999.000, -9999.000, -9999.000, -9999.000, -9999.000
 25320,  3.029,  7.424, 28.644,  8.424,  1.401
 25380,  3.085,  7.402, 29.306,  8.904,  1.546
 25440,  3.217,  7.171, 31.621,  9.194,  1.644
 25500,  3.174,  7.237, 30.745,  8.906,  1.643
 25560,  3.119,  7.462, 31.341,  8.863,  1.552
 25620,  3.143,  7.261, 30.652,  8.619,  1.528
 25680,  3.117,  7.183, 30.629,  8.671,  1.545
 25740,  3.176,  7.169, 30.593,  8.577,  1.641
 25800,  3.166,  6.918, 30.863,  8.519,  1.524
 25860,  3.072,  6.894, 31.983,  8.292,  1.493
 25920,  3.137,  7.190, 31.620,  8.378,  1.559
 25980,  3.164,  7.071, 31.002,  8.180,  1.638
 26040,  3.118,  7.102, 32.164,  8.222,  1.646
 26100,  3.092,  6.903, 31.494,  8.120,  1.620
 26160,  3.181,  7.337, 31.350,  8.248,  1.753
 26220,  3.153,  6.771, 31.983,  8.374,  1.622
 26280,  3.177,  6.994, 31.543,  7.950,  1.645
 26340,  3.220,  7.311, 33.412,  8.164,  1.772
 26400,  3.210,  6.919, 33.448,  8.081,  1.597
 26460,  3.120,  6.886, 32.004,  7.847,  1.514
 26520,  3.102,  6.190, 31.691,  7.232,  1.397
 26580,  3.143,  6.848, 31.149,  7.956,  1.708
 26640,  3.268,  7.268, 32.242,  8.098,  1.629
 26700,  3.396,  7.074, 32.426,  8.246,  1.760
 26760,  3.351,  7.436, 34.145,  8.483,  1.970
 26820,  3.218,  7.168, 32.332,  8.034,  1.778
 26880,  3.192,  7.039, 31.552,  8.224,  1.663
 26940,  3.311,  7.382, 34.636,  8.552,  1.928
 27000,  3.241,  7.225, 33.957,  8.363,  1.890
 27060,  3.222,  7.401, 33.404,  8.541,  1.814
 27120, -9999.000, -9999.000, -9999.000, -9999.000, -9999.000
 27180,  3.281,  7.204, 29.417,  9.446,  2.154
 27240,  3.262,  7.481, 31.744,  9.422,  2.137
 27300,  3.282,  7.080, 31.512,  8.937,  1.922
 27360,  3.235,  7.123, 32.002,  8.703,  2.192
 27420,  3.288,  7.206, 31.881,  8.915,  2.141
 27480,  3.344,  7.267, 32.851,  9.311,  2.288
 27540,  3.323,  7.315, 31.909,  8.820,  2.094
 27600,  3.321,  7.462, 34.089,  9.049,  2.220
 27660,  3.279,  7.156, 34.663,  8.767,  2.219
 27720,  3.220,  6.991, 33.920,  8.617,  2.043
 27780,  3.235,  7.278, 34.198,  8.651,  2.024
 27840,  3.195,  7.002, 33.655,  8.215,  1.925
 27900,  3.168,  7.004, 33.146,  8.299,  1.867
 27960,  3.153,  7.054, 33.352,  8.262,  1.951
 28020,  3.178,  6.895, 33.118,  8.021,  1.899
 28080,  3.079,  6.647, 32.854,  8.003,  1.878
 28140,  3.104,  6.710, 30.527,  7.856,  1.817
 28200,  3.066,  6.439, 30.556,  7.735,  1.781
 28260,  3.067,  6.704, 32.009,  7.845,  1.886
 28320,  3.101,  6.251, 31.341,  7.759,  1.829
 28380,  3.032,  6.031, 31.571,  7.532,  1.747
 28440,  2.978,  6.024, 30.089,  7.487,  1.777
 28500,  3.109,  6.420, 30.738,  7.902,  1.967
 28560,  3.101,  6.553, 31.339,  8.023,  1.978
 28620,  3.115,  6.462, 29.763,  7.776,  1.800
 28680,  3.120,  6.286, 30.781,  7.873,  1.938
 28740,  3.132,  6.129, 29.839,  8.012,  1.810
 28800,  3.146,  6.475, 30.019,  8.108,  1.967
 28860,  3.248,  6.682, 31.655,  8.244,  2.036
 28920,  3.162,  6.459, 30.551,  8.109,  1.895
 28980,  3.000,  6.186, 27.625,  7.698,  1.683
 29040,  3.022,  5.949, 29.204,  7.526,  1.762
 29100,  3.169,  6.136, 29.525,  8.014,  1.915
 29160,  3.130,  6.281, 29.906,  7.842,  1.793
 29220,  3.112,  6.037, 29.563,  7.601,  1.863
 29280,  3.056,  6.011, 29.638,  7.701,  1.789
 29340,  3.048,  6.010, 29.618,  7.248,  1.758
 29400,  3.105,  6.189, 30.331,  7.562,  1.699
 29460,  3.286,  6.437, 31.068,  8.293,  2.084
 29520,  3.283,  6.246, 30.473,  8.133,  1.993
 29580,  3.245,  6.104, 30.079,  8.022,  1.993
 29640,  3.262,  6.347, 30.826,  8.100,  2.078
 29700,  3.288,  6.237, 30.127,  8.121,  1.947
 29760,  3.172,  6.676, 30.722,  8.224,  1.994
 29820,  3.245,  6.020, 30.583,  8.042,  1.950
 29880,  3.197,  6.369, 30.814,  7.811,  2.005
 29940,  3.281,  6.392, 31.258,  8.012,  1.998
 30000,  3.303,  6.114, 31.265,  8.135,  2.003
 30060,  3.315,  6.193, 29.647,  8.359,  2.096
 30120,  3.314,  6.188, 30.943,  8.364,  2.066
 30180,  3.266,  6.297, 31.400,  8.380,  2.056
 30240,  3.193,  5.997, 29.369,  7.770,  1.898
 30300,  3.331,  6.416, 31.146,  8.280,  2.002
 30360,  3.409,  6.006, 30.755,  8.458,  2.007
 30420,  3.632,  6.699, 30.558,  9.473,  2.045
 30480,  3.605,  6.384, 30.542,  9.416,  2.105
 30540,  3.609,  6.519, 30.440,  9.402,  2.040
 30600,  3.733,  6.643, 31.055,  9.836,  2.142
 30660,  3.626,  6.595, 30.434,  9.404,  2.193
 30720,  4.145,  7.009, 30.089, 10.835,  2.301
 30780,  4.225,  8.218, 29.239, 11.887,  2.721
 30840,  4.360,  6.967, 28.090, 11.342,  2.104
 30900,  4.193,  7.013, 28.336, 10.949,  2.255
 30960,  4.411,  7.155, 30.720, 11.179,  2.318
 31020,  4.392,  7.174, 29.496, 11.123,  2.360
 31080,  4.598,  7.464, 30.623, 11.874,  2.317
 31140,  4.586,  7.346, 30.972, 12.042,  2.228
 31200,  4.509,  7.332, 31.718, 11.679,  2.315
 31260,  4.438,  7.319, 31.687, 11.366,  2.317
 31320,  4.423,  7.250, 32.125, 11.284,  2.303
 31380,  4.349,  7.158, 33.875, 11.163,  2.231
 31440,  4.338,  7.198, 33.218, 10.874,  2.149
 31500,  4.251,  7.053, 33.011, 10.760,  2.094
 31560,  4.194,  7.144, 33.166, 10.576,  1.911
 31620,  4.142,  6.947, 32.749, 10.755,  1.815
 31680,  4.196,  7.106, 32.423, 10.239,  1.878
 31740,  4.071,  6.905, 34.743, 10.160,  2.008
 31800,  4.089,  6.982, 33.123, 10.104,  1.829
 31860,  4.006,  6.824, 33.141,  9.861,  1.849
 31920,  3.904,  6.970, 33.451,  9.571,  1.787
 31980,  3.953,  6.787, 33.963,  9.701,  1.823
 32040,  3.934,  6.943, 34.053,  9.597,  1.861
 32100,  3.848,  6.910, 32.510,  9.492,  1.716
 32160,  3.963,  6.578, 33.941,  9.601,  1.722
 32220,  3.951,  6.811, 35.791,  9.619,  1.736
 32280,  3.944,  6.880, 35.440,  9.703,  1.791
 32340,  3.972,  6.907, 35.576,  9.733,  1.726
 32400,  3.934,  6.764, 34.885,  9.478,  1.806
 32460,  4.005,  6.831, 35.311,  9.746,  1.542
 32520,  3.923,  6.901, 35.873,  9.512,  1.714
 32580,  3.830,  6.505, 34.546,  9.511,  1.617
 32640,  3.676,  6.918, 34.699,  9.465,  1.895
 32700,  3.797,  6.531, 33.315,  9.305,  1.659
 32760,  3.937,  6.466, 33.987,  9.293,  1.550
 32820,  3.872,  6.695, 34.873,  9.314,  1.716
 32880,  3.917,  6.842, 35.260,  9.394,  1.549
 32940,  3.891,  6.393, 34.962,  9.257,  1.466
 33000,  3.816,  6.613, 35.490,  9.332,  1.565
 33060,  3.855,  6.326, 33.764,  9.049,  1.535
 33120,  3.900,  6.710, 36.257,  9.409,  1.488
 33180,  3.975,  6.207, 35.486,  9.433,  1.471
 33240,  4.054,  6.225, 35.837,  9.637,  1.546
 33300,  3.998,  6.745, 37.713,  9.430,  1.494
 33360,  4.054,  6.526, 36.976,  9.551,  1.351
 33420,  3.935,  6.374, 36.077,  9.166,  1.506
 33480,  3.961,  6.084, 36.646,  9.255,  1.550
 33540,  3.901,  6.047, 35.849,  8.996,  1.440
 33600,  3.810,  6.154, 35.976,  9.201,  1.419
 33660,  3.830,  5.969, 34.804,  9.092,  1.443
 33720,  3.767,  5.634, 33.911,  8.719,  1.435
 33780,  3.753,  6.195, 35.789,  8.760,  1.386
 33840,  3.799,  5.921, 34.316,  8.722,  1.478
 33900,  3.736,  6.014, 35.480,  8.851,  1.448
 33960,  3.691,  6.084, 34.279,  8.697,  1.489
 34020,  3.760,  5.936, 34.067,  8.723,  1.512
 34080,  3.657,  5.812, 34.618,  8.203,  1.523
 34140,  3.638,  5.677, 32.719,  8.285,  1.543
 34200,  3.680,  5.992, 32.462,  8.664,  1.548
 34260,  3.647,  5.825, 32.388,  8.294,  1.558
 34320,  3.609,  5.593, 31.538,  8.199,  1.360
 34380,  3.728,  5.927, 33.179,  8.845,  1.651
 34440,  3.775,  6.218, 32.363,  8.935,  1.772
 34500, -9999.000, -9999.000, -9999.000, -9999.000, -9999.000
 34560,  3.512,  5.465, 27.340,  7.717,  1.350
 34620,  3.510,  5.541, 28.222,  7.911,  1.350
 34680,  3.602,  5.696, 28.994,  8.181,  1.455
 34740,  3.730,  5.815, 31.805,  8.584,  1.476
 34800,  3.784,  5.911, 32.392,  8.620,  1.581
 34860,  3.822,  5.487, 33.314,  8.882,  1.465
 34920,  3.804,  5.474, 34.299,  8.806,  1.375
 34980,  3.854,  6.086, 34.840,  8.918,  1.482
 35040,  3.865,  5.702, 35.129,  8.658,  1.421
 35100,  3.814,  5.597, 34.098,  8.244,  1.485
 35160,  3.628,  5.318, 34.193,  8.352,  1.380
 35220,  3.549,  5.400, 33.014,  7.994,  1.596
 35280,  3.614,  5.496, 32.945,  8.051,  1.718
 35340,  3.574,  5.233, 32.349,  7.824,  1.699
 35400,  3.648,  5.480, 32.468,  8.088,  1.689
 35460,  3.622,  5.209, 32.176,  7.957,  1.560
 35520,  3.570,  5.168, 32.008,  7.655,  1.545
 35580,  3.638,  5.194, 30.820,  8.112,  1.705
 35640,  3.565,  5.142, 30.165,  7.759,  1.464
 35700,  3.649,  5.166, 31.969,  8.214,  1.626
 35760,  3.628,  5.250, 32.406,  7.933,  1.570
 35820,  3.569,  5.020, 30.754,  7.649,  1.593
 35880,  3.628,  5.312, 30.825,  7.993,  1.597
 35940,  3.629,  5.054, 31.307,  7.985,  1.672
 36000,  3.599,  5.050, 31.215,  7.848,  1.639
 36060,  3.564,  5.263, 29.341,  7.819,  1.594
 36120,  3.588,  5.196, 30.089,  7.618,  1.441
 36180,  3.657,  5.372, 30.757,  7.895,  1.701
 36240,  3.653,  5.474, 30.916,  8.095,  1.809
 36300,  3.620,  4.743, 29.598,  7.745,  1.457
 36360,  3.128,  4.594, 28.311,  6.469,  1.206
 36420,  3.464,  4.839, 26.491,  7.422,  1.493
 36480,  3.486,  5.066, 27.568,  7.509,  1.526
 36540,  3.524,  5.098, 27.987,  7.709,  1.627
 36600,  3.493,  4.803, 28.491,  7.399,  1.457
 36660,  3.490,  4.719, 29.908,  7.581,  1.595
 36720,  3.588,  4.848, 29.507,  7.773,  1.561
 36780,  3.518,  5.186, 29.139,  7.850,  1.603
 36840,  3.518,  4.996, 28.810,  7.551,  1.667
 36900,  3.627,  5.107, 28.952,  7.962,  1.571
 36960,  3.585,  5.088, 29.577,  7.742,  1.497
 37020,  3.395,  4.917, 29.388,  7.449,  1.551
 37080,  3.595,  4.870, 30.209,  7.639,  1.555
 37140,  3.628,  5.312, 29.235,  8.023,  1.481
 37200,  3.722,  5.312, 30.975,  8.056,  1.621
 37260,  3.740,  5.228, 30.922,  7.946,  1.484
 37320,  3.681,  5.112, 30.659,  7.875,  1.406
 37380,  3.685,  5.201, 29.931,  7.739,  1.529
 37440,  3.528,  5.179, 30.292,  7.681,  1.442
 37500,  3.729,  5.561, 31.922,  8.321,  1.668
 37560,  3.661,  5.132, 31.932,  8.044,  1.450
 37620,  3.790,  5.661, 32.120,  8.055,  1.603
 37680,  3.778,  5.477, 32.172,  8.223,  1.563
 37740,  3.758,  5.519, 31.317,  8.046,  1.433
 37800,  3.739,  5.425, 31.933,  7.815,  1.418
 37860,  3.635,  5.318, 32.548,  8.018,  1.496
 37920,  3.783,  5.810, 32.455,  8.195,  1.374
 37980,  3.767,  5.633, 32.931,  8.023,  1.371
 38040,  3.805,  5.797, 33.137,  8.301,  1.460
 38100,  3.841,  5.566, 32.388,  8.266,  1.415
 38160,  3.778,  5.600, 32.905,  8.009,  1.285
 38220,  3.727,  3.432, 28.297,  7.207,  1.128
 38280,  3.559,  4.886, 29.223,  7.375,  1.448
 38340,  3.507,  5.212, 30.831,  7.399,  1.546
 38400,  3.625,  5.504, 31.989,  7.898,  1.656
 38460,  3.593,  5.328, 30.968,  7.926,  1.769
 38520,  3.643,  5.530, 31.977,  7.871,  1.745
 38580,  3.664,  5.533, 31.266,  7.998,  1.688
 38640,  3.687,  5.077, 31.288,  7.710,  1.720
 38700,  3.493,  5.290, 31.978,  7.350,  1.742
 38760,  3.559,  5.406, 31.296,  7.873,  1.754
 38820,  3.735,  5.597, 32.798,  7.998,  1.910
 38880,  3.649,  5.347, 33.135,  7.993,  1.904
 38940,  3.704,  5.535, 31.510,  8.004,  1.911
 39000,  3.629,  5.331, 31.970,  8.080,  1.977
 39060,  3.548,  5.381, 31.525,  7.897,  1.862
 39120,  3.682,  5.434, 31.675,  7.784,  1.786
 39180,  3.863,  6.085, 33.453,  8.363,  1.862
 39240,  3.749,  5.599, 32.167,  7.859,  1.743
 39300,  3.714,  5.658, 32.908,  7.916,  1.784
 39360,  3.661,  5.203, 32.326,  7.885,  1.755
 39420,  3.601,  5.490, 31.163,  7.765,  1.701
