CampaignData_and_Merges/R0/CSL_MobileLab_Parked/raw/20240807/USOS-PTR_MobileLabGround_20240807_RA.ict
58, 1001
Matthew Coggon, Kelvin Bates, Chelsea Stockwell, Carsten Warneke
NOAA ESRL Chemical Sciences Division
NOAA PTR-ToF-MS
USOS
1,1 
2024, 08, 07, 2023, 08, 09
0
Time_Start, seconds, number of seconds from 00:00 UTC 
22
1, 1, 1, 1, 1, 1, 1, 1, 1, 1, 1, 1, 1, 1, 1, 1, 1, 1, 1, 1, 1, 1
-9999, -9999, -9999, -9999, -9999, -9999, -9999, -9999, -9999, -9999, -9999, -9999, -9999, -9999, -9999, -9999, -9999, -9999, -9999, -9999, -9999, -9999
CH3OH_NOAAPTR_ppbv,  ppbv, Gas_CH3OH_InSitu_S_AVMR, (CH3OH) methanol
CH3CN_NOAAPTR_ppbv,  ppbv, Gas_CH3CN_InSitu_S_AVMR, (CH3CN) acetonitrile
CH3CHO_NOAAPTR_ppbv,  ppbv, Gas_CH3CHO_InSitu_S_AVMR, (CH3CHO) acetaldehyde plus contributions from ethylene glycol and ethylene oxide. Interference from ethanol has been subtracted out.
C2H5OH_NOAAPTR_ppbv,  ppbv, Gas_C2H5OH_InSitu_S_AVMR, (C2H5OH) ethanol
CH3SH_NOAAPTR_ppbv,  ppbv, Gas_CH3SH_InSitu_S_AVMR, (CH3SH) methanethiol, using calibration factor for DMS
Acrolein_NOAAPTR_ppbv,  ppbv, Gas_Acrolein_InSitu_S_AVMR, (C3H4O) acrolein
AcetonePropanal_NOAAPTR_ppbv,  ppbv, Gas_AcetoneAndPropanal_InSitu_S_AVMR, (C3H6O) sum of acetone (dominant isomer) and propanal, using calibration factor for acetone
DMS_NOAAPTR_ppbv,  ppbv, Gas_DMS_InSitu_S_AVMR, (C2H6S) dimethyl sulfide with possible small contributions from ethanethiol
C5H8_NOAAPTR_ppbv,  ppbv, Gas_Isoprene_InSitu_S_AVMR, (C5H8) isoprene and possible fragments from cycloalkanes and aldehydes. Interferences have been subtracted following methods described by Coggon et al (2023)
MVKMAC_NOAAPTR_ppbv,  ppbv, Gas_MVKAndMAC_InSitu_S_AVMR, (C4H6O) sum of methyl vinyl ketone, methacrolein, and small amounts of crotonaldehyde, using weighted calibration factor for MVK (0.637) and MACR (0.363)
Benzene_NOAAPTR_ppbv,  ppbv, Gas_Benzene_InSitu_S_AVMR, (C6H6) benzene
Toluene_NOAAPTR_ppbv,  ppbv, Gas_Toluene_InSitu_S_AVMR, (C7H8) toluene with possible small contributions of fragments from ethyltoluene
Styrene_NOAAPTR_ppbv,  ppbv, Gas_Styrene_InSitu_S_AVMR, (C8H8) styrene
Benzaldehyde_NOAAPTR_ppbv,  ppbv, Gas_Benzaldehyde_InSitu_S_AVMR, (C7H6O) benzaldehyde
C8Aromatics_NOAAPTR_ppbv,  ppbv, Gas_C8Aromatics_InSitu_M_AVMR, (C8H10) sum of m-xylene, p-xylene, o-xylene, and ethyl benzene
C9Aromatics_NOAAPTR_ppbv,  ppbv, Gas_C9Aromatics_InSitu_M_AVMR, (C9H12) sum of C9 aromatics
Naphthalene_NOAAPTR_ppbv,  ppbv, Gas_Naphthalene_InSitu_S_AVMR, (C10H8) naphthalene
Octanal_NOAAPTR_ppbv,  ppbv, Gas_Octanal_InSitu_S_AVMR, (C8H16O) octanal and small amounts of octanone
Monoterpenes_NOAAPTR_ppbv,  ppbv, Gas_Monoterpenes_InSitu_M_AVMR, (C10H16) sum of monoterpenes and possible contributions from fragments of oxygenated monoterpenoids such as eucalyptol.
Nonanal_NOAAPTR_ppbv,  ppbv, Gas_Nonanal_InSitu_M_AVMR, (C9H18O) nonanal and small amounts of nonanone
C7H4ClF3_NOAAPTR_ppbv,  ppbv, Gas_C7H4ClF3_InSitu_S_AVMR, (C7H4ClF3) parachlorobenzotrifluoride
C10H30O5Si5_NOAAPTR_ppbv,  ppbv, Gas_C10H30O5Si5_InSitu_S_AVMR, (C10H30O5Si5) decamethylcyclopentasiloxane
1
SPECIAL COMMENTS:N/A
21
PI_CONTACT_INFO: NOAA ESRL Chemical Sciences Division, Tropospheric Chemistry Group. 325 Broadway, R/CSD7, Boulder, CO 80305
PLATFORM: Mobile Laboratory.
LOCATION: Salt Lake City, UT
ASSOCIATED_DATA: N/A
INSTRUMENT_INFO: NOAA PTR-ToF-MS measurements on NOAA CSL Mobile Lab
DATA_INFO: Units: ppbv
UNCERTAINTY: See OTHER_COMMENTS
ULOD_FLAG: -7777
ULOD_VALUE: N/A
LLOD_FLAG: -8888
LLOD_VALUE: N/A.
DM_CONTACT_INFO: Data Managers: Matt Coggon, Kelvin Bates, Chelsea Stockwell; email: matthew.m.coggon@noaa.gov and kelvin.bates@colorado.edu
PROJECT_INFO: USOS Deployment July-August, 2024
STIPULATIONS_ON_USE: Use of these data require prior OK from PI.
OTHER_COMMENTS: Uncertainties:
CH3OH_NOAAPTR_ppbv:30%; CH3CN_NOAAPTR_ppbv:30%; CH3CHO_NOAAPTR_ppbv:30%; C2H5OH_NOAAPTR_ppbv:30%; CH3SH_NOAAPTR_ppbv:50%; Acrolein_NOAAPTR_ppbv:30%; AcetonePropanal_NOAAPTR_ppbv:30%; DMS_NOAAPTR_ppbv:30%; C5H8_NOAAPTR_ppbv:30%; MVKMAC_NOAAPTR_ppbv:30%; 
Benzene_NOAAPTR_ppbv:30%; Toluene_NOAAPTR_ppbv:30%; Styrene_NOAAPTR_ppbv:30%; Benzaldehyde_NOAAPTR_ppbv:30%; C8Aromatics_NOAAPTR_ppbv:30%; C9Aromatics_NOAAPTR_ppbv:30%; Naphthalene_NOAAPTR_ppbv:30%; Octanal_NOAAPTR_ppbv:30%; Monoterpenes_NOAAPTR_ppbv:30%; Nonanal_NOAAPTR_ppbv:30%; 
C7H4ClF3_NOAAPTR_ppbv:30%; C10H30O5Si5_NOAAPTR_ppbv:30%; 
REVISION: RA
RA: Field Data
Time_Start, CH3OH_NOAAPTR_ppbv, CH3CN_NOAAPTR_ppbv, CH3CHO_NOAAPTR_ppbv, C2H5OH_NOAAPTR_ppbv, CH3SH_NOAAPTR_ppbv, Acrolein_NOAAPTR_ppbv, AcetonePropanal_NOAAPTR_ppbv, DMS_NOAAPTR_ppbv, C5H8_NOAAPTR_ppbv, MVKMAC_NOAAPTR_ppbv, Benzene_NOAAPTR_ppbv, Toluene_NOAAPTR_ppbv, Styrene_NOAAPTR_ppbv, Benzaldehyde_NOAAPTR_ppbv, C8Aromatics_NOAAPTR_ppbv, C9Aromatics_NOAAPTR_ppbv, Naphthalene_NOAAPTR_ppbv, Octanal_NOAAPTR_ppbv, Monoterpenes_NOAAPTR_ppbv, Nonanal_NOAAPTR_ppbv, C7H4ClF3_NOAAPTR_ppbv, C10H30O5Si5_NOAAPTR_ppbv
[from data line 511]
30660.0, 17.15157, 0.22275, 3.82005, 14.45712, 0.01050, 0.37338, 4.85041, -0.00040, 0.25305, 0.46906, 0.17005, 0.70923, 0.06561, -9999.00000, 0.43165, 0.19293, 0.02550, 0.06269, 0.26344, 0.12246, 0.02720, 0.02231 
30720.0, 16.00924, 0.24508, 3.75453, 12.46026, 0.00855, 0.38493, 4.90560, 0.02289, 0.21897, 0.45778, 0.26279, 0.87604, 0.08233, -9999.00000, 0.49650, 0.22167, 0.02685, 0.06803, 0.19831, 0.13368, 0.02954, 0.01171 
30780.0, 17.56406, 0.22740, 3.93266, 13.86068, 0.00943, 0.37940, 4.94949, -0.00039, 0.22168, 0.49863, 0.23733, 0.78891, 0.03339, -9999.00000, 0.51546, 0.23412, 0.02473, 0.07887, 0.21831, 0.13759, 0.02465, 0.01624 
30840.0, 16.48102, 0.23896, 3.75001, 12.88331, 0.00688, 0.42464, 4.91889, -0.00039, 0.24426, 0.49650, 0.33365, 0.85581, 0.08879, -9999.00000, 0.52037, 0.23316, 0.02848, 0.07800, 0.22929, 0.10698, 0.03865, 0.02099 
30900.0, 17.22021, 0.23162, 3.84301, 12.15797, 0.00640, 0.41361, 4.95945, 0.00227, 0.18114, 0.47882, 0.34517, 0.89441, 0.09122, -9999.00000, 0.52721, 0.22415, 0.02066, 0.06558, 0.18979, 0.11386, 0.03360, 0.02162 
30960.0, 15.39492, 0.25431, 3.80632, 11.48995, 0.00004, 0.36515, 4.81120, -0.00039, 0.18217, 0.44327, 0.38190, 0.84649, 0.07599, -9999.00000, 0.50914, 0.22624, 0.04168, 0.05885, 0.19702, 0.10821, 0.03038, 0.02048 
31020.0, 13.74194, 0.29829, 3.43141, 11.26593, 0.00234, 0.31067, 4.64481, 0.00430, 0.17330, 0.43829, 0.32011, 0.75498, 0.06604, -9999.00000, 0.46730, 0.19501, 0.03105, 0.08435, 0.17783, 0.09852, 0.01902, 0.01810 
31080.0, 14.01274, 0.30221, 3.36553, 10.72695, 0.00860, 0.33138, 4.70319, 0.00056, 0.18123, 0.43127, 0.25442, 0.76553, 0.06145, -9999.00000, 0.49240, 0.21040, 0.03689, 0.08576, 0.15792, 0.09890, 0.02895, 0.01990 
31140.0, 13.16293, 0.30304, 3.41178, 9.64183, 0.00395, 0.35368, 4.60996, 0.00292, 0.16657, 0.42150, 0.20724, 0.72032, 0.07395, -9999.00000, 0.45607, 0.21546, 0.02780, 0.06561, 0.16693, 0.10440, 0.03022, 0.01696 
31200.0, 14.44991, 0.29415, 3.19739, 10.04791, 0.00407, 0.36701, 4.51994, 0.01122, 0.22908, 0.45569, 0.19797, 0.73145, 0.06910, -9999.00000, 0.44406, 0.20238, 0.02552, 0.05601, 0.17112, 0.09589, 0.02999, 0.01519 
31260.0, 13.33757, 0.31483, 3.21244, 9.13785, 0.00469, 0.33600, 4.57013, -0.00039, 0.24548, 0.42913, 0.16034, 0.70568, 0.07307, -9999.00000, 0.45608, 0.17759, 0.02486, 0.07645, 0.12883, 0.10640, 0.01515, 0.01652 
31320.0, 13.27397, 0.33519, 2.85899, 8.18811, 0.00400, 0.30421, 4.30565, 0.00486, 0.19270, 0.41915, 0.18598, 0.61790, 0.04755, -9999.00000, 0.40913, 0.17866, 0.01877, 0.05818, 0.13656, 0.09394, 0.01933, 0.01430 
31380.0, 14.41504, 0.29953, 2.78118, 8.10883, 0.00265, 0.31490, 4.31430, 0.01089, 0.20929, 0.41763, 0.21682, 0.65193, 0.02632, -9999.00000, 0.39782, 0.17859, 0.01133, 0.07779, 0.15371, 0.07140, 0.02412, 0.01248 
31440.0, 11.61804, 0.31215, 2.45419, 6.66791, 0.00009, 0.27072, 4.12621, -0.00038, 0.15782, 0.37944, 0.19475, 0.51174, 0.06333, -9999.00000, 0.34685, 0.13946, 0.00732, 0.04222, 0.12855, 0.09093, 0.02334, 0.00832 
31500.0, 11.84966, 0.31041, 2.35457, 6.48107, 0.00566, 0.28093, 4.03276, 0.01650, 0.17236, 0.37441, 0.12278, 0.49300, 0.04762, -9999.00000, 0.31938, 0.12467, 0.02186, 0.05315, 0.13055, 0.06050, 0.01833, 0.00849 
31560.0, 11.82889, 0.29245, 2.44273, 6.37245, 0.00349, 0.29560, 3.98389, 0.00701, 0.14330, 0.37087, 0.13427, 0.47292, 0.04763, -9999.00000, 0.28865, 0.13565, 0.01069, 0.05741, 0.13156, 0.06510, 0.01931, 0.01210 
31620.0, 11.40319, 0.29011, 2.12501, 5.20708, 0.00652, 0.27533, 3.77632, 0.01360, 0.18111, 0.37281, 0.09846, 0.37093, -0.00543, -9999.00000, 0.25995, 0.11221, 0.00583, 0.03840, 0.09048, 0.05627, 0.01302, 0.00555 
31680.0, 12.60681, 0.30664, 2.32258, 6.65125, 0.00468, 0.25531, 3.95256, 0.01450, 0.18754, 0.39365, 0.13792, 0.47792, 0.04757, -9999.00000, 0.30698, 0.12853, 0.02920, 0.05177, 0.11536, 0.09185, 0.01214, 0.01031 
31740.0, 11.74686, 0.29377, 2.39288, 6.98780, -0.00055, 0.30576, 3.93546, -0.00038, 0.17073, 0.39329, 0.25378, 0.52275, 0.05871, -9999.00000, 0.36682, 0.15284, 0.00824, 0.03390, 0.12373, 0.09036, 0.01937, 0.01178 
31800.0, 11.97781, 0.29170, 2.19583, 5.62549, 0.00047, 0.28393, 3.86732, 0.00307, 0.25419, 0.38493, 0.18456, 0.44800, 0.05204, -9999.00000, 0.29169, 0.11527, -0.00421, 0.06100, 0.13423, 0.08579, 0.01880, 0.00811 
31860.0, 12.38830, 0.28846, 2.08947, 6.63306, 0.00551, 0.25053, 3.84528, 0.00032, 0.20299, 0.37626, 0.18020, 0.46273, 0.04689, -9999.00000, 0.29012, 0.11876, 0.00363, 0.04106, 0.11984, 0.04769, 0.01711, 0.00299 
31920.0, 11.43527, 0.31786, 2.02959, 5.98948, 0.00319, 0.23272, 3.82558, -0.00038, 0.20921, 0.36495, 0.10880, 0.44287, 0.05072, -9999.00000, 0.29413, 0.10944, 0.00414, 0.04346, 0.11068, 0.07544, 0.00831, 0.00939 
31980.0, 10.27041, 0.30609, 1.86876, 4.93826, 0.00332, 0.22853, 3.70644, 0.01315, 0.20883, 0.37170, 0.07059, 0.32555, 0.03681, -9999.00000, 0.23474, 0.08342, 0.00171, 0.03023, 0.11819, 0.07676, 0.00771, 0.00660 
32040.0, 10.37241, 0.32235, 1.93296, 4.85080, 0.00312, 0.23772, 3.58262, 0.00067, 0.18040, 0.35950, 0.09962, 0.32835, 0.04798, -9999.00000, 0.20203, 0.08089, 0.01481, 0.04163, 0.10477, 0.05643, 0.00323, 0.00613 
32100.0, 10.88397, 0.30746, 1.95081, 5.01133, 0.00191, 0.26094, 3.62515, 0.01374, 0.23167, 0.35460, 0.00662, 0.32134, -0.00545, -9999.00000, 0.19113, 0.06731, -0.00424, 0.01617, 0.09037, 0.07226, 0.01456, 0.00859 
32160.0, 10.43470, 0.31461, 1.86328, 5.43462, 0.00432, 0.21824, 3.65623, 0.00228, 0.20864, 0.36555, 0.08576, 0.32291, 0.01333, -9999.00000, 0.21357, 0.08242, 0.00780, 0.03492, 0.10523, 0.07756, 0.01022, 0.01288 
32220.0, 10.03725, 0.27165, 1.82352, 4.72034, 0.00337, 0.20361, 3.54913, 0.01502, 0.17535, 0.35285, 0.08187, 0.29356, 0.02698, -9999.00000, 0.21029, 0.07435, -0.00425, 0.03408, 0.09887, 0.05068, 0.01998, 0.00448 
32280.0, 10.12072, 0.28333, 1.60984, 4.35005, 0.00190, 0.21030, 3.42112, -0.00037, 0.22781, 0.34809, 0.10836, 0.26821, 0.02788, -9999.00000, 0.15877, 0.06471, 0.00481, 0.02886, 0.10327, 0.05721, 0.00693, 0.00352 
32340.0, 10.14945, 0.31036, 1.68926, 3.68688, 0.00485, 0.17654, 3.46011, -0.00037, 0.18000, 0.34054, 0.05092, 0.25732, -0.00297, -9999.00000, 0.17963, 0.07638, 0.00632, 0.02728, 0.13185, 0.04758, 0.01226, 0.00816 
32400.0, 10.47103, 0.29419, 1.80105, 4.33502, 0.00460, 0.22693, 3.61051, 0.00115, 0.18909, 0.34563, 0.01680, 0.25802, -0.00546, -9999.00000, 0.17688, 0.08275, 0.00527, 0.03176, 0.14312, 0.05679, 0.01321, 0.02395 
32460.0, 10.35609, 0.29319, 1.65541, 3.95677, 0.00289, 0.21774, 3.50577, 0.00996, 0.23012, 0.36074, 0.00738, 0.25080, 0.03013, -9999.00000, 0.15235, 0.06876, 0.00394, 0.03638, 0.12068, 0.04293, 0.00647, 0.00675 
32520.0, 11.01859, 0.28500, 1.54603, 3.83203, 0.00354, 0.22136, 3.52859, 0.00420, 0.21033, 0.33046, 0.01485, 0.22014, 0.01175, -9999.00000, 0.14785, 0.06596, 0.00255, 0.02941, 0.06697, 0.05181, 0.01466, 0.00308 
32580.0, 9.95025, 0.29055, 1.71666, 4.37138, 0.00199, 0.22178, 3.60868, 0.00405, 0.19388, 0.33911, 0.03022, 0.27420, -0.00547, -9999.00000, 0.18622, 0.07891, 0.00851, 0.03370, 0.07188, 0.06881, 0.01351, 0.00866 
32640.0, 9.46469, 0.27332, 1.64451, 4.10308, 0.00167, 0.21230, 3.51554, -0.00037, 0.18889, 0.34702, 0.02619, 0.22838, 0.02067, -9999.00000, 0.15713, 0.05156, 0.00569, 0.02823, 0.08560, 0.04790, 0.01593, 0.00453 
32700.0, 9.52299, 0.26038, 1.61373, 3.83966, 0.00280, 0.20539, 3.50456, -0.00037, 0.20840, 0.33955, 0.04519, 0.22992, 0.02698, -9999.00000, 0.14731, 0.06879, 0.01498, 0.02823, 0.10634, 0.04635, 0.01032, 0.00517 
32760.0, 10.36399, 0.25500, 1.71033, 4.62554, 0.00693, 0.19727, 3.44525, -0.00037, 0.21148, 0.34860, 0.06106, 0.27876, 0.02574, -9999.00000, 0.17094, 0.07651, -0.00186, 0.03399, 0.14264, 0.04974, 0.01110, 0.00265 
32820.0, 10.45324, 0.25094, 1.73061, 4.09687, 0.00057, 0.23044, 3.46736, -0.00037, 0.18112, 0.34530, 0.07670, 0.26089, 0.02138, -9999.00000, 0.14930, 0.06435, 0.00266, 0.03171, 0.15775, 0.04388, 0.00382, 0.00695 
32880.0, 10.58864, 0.24861, 1.74912, 4.21763, 0.00635, 0.18359, 3.52799, 0.00121, 0.15759, 0.32207, 0.04813, 0.23354, 0.02261, -9999.00000, 0.14919, 0.05666, -0.00328, 0.01571, 0.13253, 0.05168, 0.01008, 0.00506 
32940.0, 9.97733, 0.24043, 1.72711, 3.94169, 0.00413, 0.20770, 3.47261, -0.00036, 0.18489, 0.34330, 0.04771, 0.23700, 0.02333, -9999.00000, 0.15952, 0.05177, 0.00964, 0.04074, 0.14246, 0.05871, 0.00742, 0.01031 
33000.0, 10.80536, 0.24250, 1.92130, 4.23512, 0.00484, 0.23620, 3.50600, 0.01315, 0.22965, 0.33823, 0.04521, 0.27017, 0.01378, -9999.00000, 0.17886, 0.07292, 0.00019, 0.03283, 0.15370, 0.06047, 0.01120, 0.00738 
33060.0, 10.32655, 0.24925, 1.76060, 4.61541, 0.00294, 0.21355, 3.54514, -0.00036, 0.19737, 0.35560, 0.09060, 0.23930, 0.03015, -9999.00000, 0.17033, 0.05544, 0.01322, 0.03993, 0.10996, 0.06614, 0.01316, 0.00565 
33120.0, 11.26518, 0.29487, 1.85911, 4.48001, 0.00589, 0.23281, 3.59858, 0.00633, 0.19577, 0.33607, 0.08979, 0.30499, 0.01081, -9999.00000, 0.20065, 0.08654, 0.00224, 0.02664, 0.13390, 0.08234, 0.00650, 0.00686 
33180.0, 11.50271, 0.25279, 1.64348, 3.91722, 0.00258, 0.21808, 3.57784, 0.01217, 0.21762, 0.33103, -0.00507, 0.33348, 0.02771, -9999.00000, 0.20376, 0.07751, -0.00033, 0.01903, 0.11979, 0.08809, 0.01140, 0.00558 
33240.0, 10.46812, 0.23702, 1.58035, 3.85472, 0.00033, 0.19805, 3.45931, 0.00183, 0.19054, 0.31756, 0.01339, 0.22261, -0.00549, -9999.00000, 0.14889, 0.06950, -0.00336, 0.00953, 0.09917, 0.05471, 0.00908, 0.00621 
33300.0, 10.89671, 0.23422, 1.58155, 4.36743, 0.00358, 0.20419, 3.57943, -0.00036, 0.23145, 0.36449, 0.03695, 0.25098, 0.02144, -9999.00000, 0.15704, 0.05349, 0.00529, 0.04108, 0.10055, 0.04926, 0.01218, 0.00390 
33360.0, 11.63558, 0.23464, 1.76246, 4.40215, 0.00154, 0.20817, 3.59242, -0.00036, 0.22546, 0.35464, 0.08146, 0.25315, -0.00549, -9999.00000, 0.15306, 0.06802, -0.00437, 0.01701, 0.12794, 0.07859, 0.00821, 0.00470 
33420.0, 11.31834, 0.24775, 1.74867, 3.84977, 0.00335, 0.19951, 3.55440, 0.00105, 0.19848, 0.34332, 0.07748, 0.23849, 0.01022, -9999.00000, 0.16690, 0.04826, -0.00142, 0.04588, 0.11092, 0.08135, 0.01699, 0.00959 
33480.0, 10.45003, 0.26003, 1.72818, 3.78461, -0.00047, 0.20005, 3.48343, -0.00036, 0.18745, 0.34823, 0.05369, 0.21703, 0.00315, -9999.00000, 0.16203, 0.06161, 0.00200, 0.02746, 0.10424, 0.07164, 0.01180, 0.00861 
33540.0, 12.31748, 0.24523, 1.68901, 4.27513, -0.00047, 0.18006, 3.47247, 0.00853, 0.16341, 0.36105, 0.06569, 0.23790, 0.01670, -9999.00000, 0.13508, 0.05520, -0.00348, 0.00461, 0.10118, 0.04874, 0.01145, 0.00822 
33600.0, 27.48792, 0.25621, 1.75758, 4.55763, 0.00522, 0.24023, 3.60215, 0.00545, 0.20557, 0.35503, 0.00830, 0.25624, 0.03136, -9999.00000, 0.14725, 0.05204, 0.00045, 0.04333, 0.10450, 0.06965, 0.01028, 0.00617 
33660.0, 22.23546, 0.24889, 1.72629, 4.08213, 0.00640, 0.23348, 3.63198, 0.00623, 0.20203, 0.35526, -0.01256, 0.23750, 0.01337, -9999.00000, 0.14220, 0.05435, -0.00440, 0.05259, 0.13930, 0.07374, 0.00902, 0.00746 
33720.0, 52.25937, 0.24428, 1.69668, 4.17508, 0.00218, 0.21767, 3.61391, 0.02116, 0.22777, 0.35674, 0.00195, 0.23778, 0.01616, -9999.00000, 0.16258, 0.06730, 0.01173, 0.04634, 0.11961, 0.06726, 0.00973, 0.00839 
33780.0, 25.45568, 0.26554, 1.82594, 4.41974, 0.00324, 0.29698, 3.70342, 0.00828, 0.23739, 0.33871, -0.00238, 0.27072, 0.02057, -9999.00000, 0.16731, 0.07293, -0.00441, 0.01207, 0.14511, 0.06825, 0.01536, 0.00694 
33840.0, 20.09517, 0.26662, 1.79094, 4.24801, 0.00612, 0.22348, 3.72858, -0.00035, 0.22463, 0.35394, 0.03305, 0.28620, 0.03012, -9999.00000, 0.19099, 0.07949, 0.01004, 0.04406, 0.12222, 0.06617, 0.00719, 0.00392 
33900.0, 17.98793, 0.26015, 1.88657, 4.15881, 0.00008, 0.21381, 3.59929, 0.00015, 0.21596, 0.35328, 0.11536, 0.31650, 0.02587, -9999.00000, 0.19984, 0.07330, 0.00961, 0.02992, 0.13927, 0.07120, 0.00789, 0.00840 
33960.0, 15.55386, 0.24007, 1.90510, 4.90432, 0.00194, 0.21423, 3.76395, 0.00816, 0.20006, 0.36119, 0.11115, 0.36689, 0.03439, -9999.00000, 0.24392, 0.10391, 0.01368, 0.04509, 0.16615, 0.09171, 0.01625, 0.00381 
34020.0, 14.69209, 0.27203, 2.10310, 5.74264, 0.00146, 0.26036, 3.87829, 0.00285, 0.22174, 0.35607, 0.11096, 0.32103, 0.04167, -9999.00000, 0.23171, 0.08346, 0.03039, 0.04044, 0.14798, 0.06367, 0.02096, 0.00774 
34080.0, 13.32778, 0.26333, 2.06479, 6.31012, 0.00984, 0.25493, 4.00466, -0.00035, 0.21886, 0.36510, 0.03084, 0.35993, -0.00552, -9999.00000, 0.25108, 0.09403, 0.01909, 0.04841, 0.15245, 0.06786, 0.01228, 0.01027 
34140.0, 12.75130, 0.26441, 2.20543, 6.86543, 0.00627, 0.29587, 4.03617, 0.01841, 0.22453, 0.37133, 0.03204, 0.34350, 0.02499, -9999.00000, 0.24506, 0.09763, 0.01065, 0.05066, 0.17613, 0.06900, 0.01860, 0.01076 
34200.0, 11.37917, 0.23490, 2.11193, 6.25494, 0.00258, 0.24759, 3.80796, 0.00512, 0.23746, 0.38982, -0.00763, 0.29263, 0.03290, -9999.00000, 0.19557, 0.07498, 0.00502, 0.05576, 0.08180, 0.06645, 0.01179, 0.00809 
34260.0, 11.83161, 0.27584, 2.12313, 6.44222, 0.00338, 0.23007, 3.80294, 0.00362, 0.18986, 0.36520, 0.12020, 0.30469, 0.03225, -9999.00000, 0.22696, 0.09333, 0.02289, 0.04788, 0.14400, 0.09090, 0.00919, 0.01011 
34320.0, 14.35280, 0.26516, 2.26295, 6.70889, 0.00308, 0.27053, 4.07573, -0.00035, 0.17312, 0.36606, 0.08616, 0.35094, 0.03113, -9999.00000, 0.24162, 0.09891, 0.01596, 0.04694, 0.15494, 0.08223, 0.00487, 0.02543 
34380.0, 12.59326, 0.25657, 2.08271, 5.65777, 0.00764, 0.26158, 3.78343, 0.00350, 0.19305, 0.35869, 0.08781, 0.35023, 0.03813, -9999.00000, 0.21975, 0.08110, -0.00259, 0.04360, 0.12590, 0.05289, 0.01514, 0.00916 
34440.0, 13.28737, 0.27055, 2.30328, 7.51504, 0.00743, 0.26845, 4.08339, -0.00034, 0.19394, 0.37021, 0.06842, 0.35980, 0.02578, -9999.00000, 0.23234, 0.08304, 0.01250, 0.04446, 0.14727, 0.09870, 0.02336, 0.02090 
34500.0, 13.55472, 0.26484, 2.08300, 6.09221, 0.00127, 0.25311, 3.96053, -0.00034, 0.16352, 0.37956, 0.10251, 0.33784, 0.02314, -9999.00000, 0.22563, 0.08592, 0.00973, 0.04211, 0.11739, 0.09035, 0.00757, 0.00602 
34560.0, 19.13576, 0.22498, 2.25179, 6.32637, 0.00995, 0.22084, 4.06160, 0.01093, 0.20032, 0.36414, 0.09400, 0.33810, 0.03787, -9999.00000, 0.21610, 0.08063, 0.00762, 0.05880, 0.15206, 0.09452, 0.01166, 0.00902 
34620.0, 20.23888, 0.25875, 2.35531, 8.08753, 0.00087, 0.23720, 4.02424, 0.01439, 0.20287, 0.37872, 0.09937, 0.34136, 0.03622, -9999.00000, 0.22865, 0.09871, 0.00947, 0.06519, 0.13971, 0.06599, 0.00781, 0.01889 
34680.0, 13.38848, 0.26065, 1.84940, 5.38920, 0.00367, 0.22492, 3.72615, -0.00023, 0.15753, 0.34512, 0.06629, 0.29915, 0.04343, -9999.00000, 0.18577, 0.07533, 0.00308, 0.05028, 0.11441, 0.07868, 0.00869, 0.01178 
34740.0, 12.36160, 0.26505, 1.71237, 4.73941, 0.00043, 0.22193, 3.60620, -0.00034, 0.13653, 0.36477, 0.04853, 0.26416, 0.02100, -9999.00000, 0.15480, 0.07264, -0.00177, 0.04189, 0.10189, 0.07747, 0.00615, 0.01008 
34800.0, 11.79966, 0.23659, 1.85429, 4.32344, 0.00229, 0.22714, 3.54112, -0.00034, 0.19351, 0.33892, 0.05785, 0.27514, 0.02486, -9999.00000, 0.17748, 0.06170, 0.00028, 0.05324, 0.13973, 0.07388, 0.00559, 0.00725 
34860.0, 12.50832, 0.25360, 1.68353, 4.36323, -0.00057, 0.21262, 3.57606, 0.00348, 0.16371, 0.32209, 0.09081, 0.24836, 0.01580, -9999.00000, 0.16061, 0.06379, -0.00452, 0.04398, 0.11754, 0.04092, 0.00649, 0.00384 
34920.0, 12.24710, 0.24296, -9999.00000, 4.68768, 0.00201, 0.18048, 3.65085, 0.01303, -9999.00000, 0.33839, 0.11980, 0.25547, 0.04013, -9999.00000, 0.16359, 0.06634, 0.00581, 0.04820, 0.11515, 0.04891, 0.00371, 0.00494 
34980.0, -9999.00000, -9999.00000, -9999.00000, -9999.00000, -9999.00000, -9999.00000, -9999.00000, -9999.00000, -9999.00000, -9999.00000, -9999.00000, -9999.00000, -9999.00000, -9999.00000, -9999.00000, -9999.00000, -9999.00000, -9999.00000, -9999.00000, -9999.00000, -9999.00000, -9999.00000 
35040.0, -9999.00000, -9999.00000, -9999.00000, -9999.00000, -9999.00000, -9999.00000, -9999.00000, -9999.00000, -9999.00000, -9999.00000, -9999.00000, -9999.00000, -9999.00000, -9999.00000, -9999.00000, -9999.00000, -9999.00000, -9999.00000, -9999.00000, -9999.00000, -9999.00000, -9999.00000 
