CampaignData_and_Merges/R0/CSL_MobileLab_Parked/raw/20240807/USOS-NOAAIodideCIMS-Halogens_MobileLabGround_20240807_RA.ict
38, 1001
Michael A Robinson, Chris Jernigan, Subi Thakali
NOAA ESRL Chemical Sciences Laboratory and CIRES, U. of Colorado
NOAA Iodide CIMS Instrument
USOS
1, 1
2024, 08, 07, 2024, 08, 08
1
starttime_UTC, seconds_past_midnight, seconds_of_day_since_00:00:00_UTC
6
1, 1, 1, 1, 1, 1
-9999, -9999, -9999, -9999, -9999, -9999
Br2_NOAACIMS, pptv, Gas_Br2_InSitu_S_AVMR, 
BrO_NOAACIMS, pptv, Gas_BrO_InSitu_S_AVMR, 
Cl2_NOAACIMS, pptv, Gas_Cl2_InSitu_S_AVMR, 
ClNO2_NOAACIMS, pptv, Gas_ClNO2_InSitu_S_AVMR, 
BrCl_NOAACIMS, pptv, Gas_BrCl_InSitu_S_AVMR, 
NCl3_NOAACIMS, pptv, Gas_NCl3_InSitu_S_AVMR, 
0
18
PI_CONTACT_INFO: 325 Broadway, R/CSD 7, Boulder, Colorado 80305; michael.a.robinson@noaa.gov; chris.jernigan@noaa.gov;
PLATFORM: NOAA CSL Mobile Lab
LOCATION: SLC, Utah
ASSOCIATED_DATA: 1Hz data also available on request.
INSTRUMENT_INFO: NOAA I- ToF CIMS
DATA_INFO: All data in parts per trillion by volume (pptv). 1 Hz data is available upon request.
UNCERTAINTY: TBD
ULOD_FLAG: -7777
ULOD_VALUE: N/A
LLOD_FLAG: -8888
LLOD_VALUE: N/A
DM_CONTACT_INFO: Nathan Howard; nathan.h.howard@noaa.gov
PROJECT_INFO: USOS, summer 2024. https://csl.noaa.gov/groups/csl7/measurements/2024usos/
STIPULATIONS_ON_USE: Users are strongly encouraged to contact the PI for proper data usage.
OTHER_COMMENTS: 
REVISION: RA
RA: Preliminary Data; For in-field use only
starttime_UTC, Br2_NOAACIMS, BrO_NOAACIMS, Cl2_NOAACIMS, ClNO2_NOAACIMS, BrCl_NOAACIMS, NCl3_NOAACIMS
[from data line 1138]
 68280,  1.039,  0.343,  1.069,  0.077,  0.328, -0.076
 68340,  1.077,  0.371,  1.184,  0.082,  0.418, -0.029
 68400,  1.091,  0.275,  1.097,  0.106,  0.448, -0.039
 68460,  1.207,  0.188,  1.262,  0.064,  0.390, -0.005
 68520,  1.032,  0.260,  1.157,  0.045,  0.408, -0.041
 68580,  1.306,  0.133,  1.484,  0.103,  0.369, -0.046
 68640,  1.075,  0.322,  1.262,  0.062,  0.413, -0.065
 68700,  1.107,  0.235,  1.317,  0.056,  0.338, -0.078
 68760,  1.129,  0.327,  1.178,  0.062,  0.435, -0.059
 68820,  1.221,  0.280,  0.921,  0.041,  0.324, -0.069
 68880,  1.135,  0.428,  1.657,  0.057,  0.348,  5.853
 68940,  1.207,  0.268,  1.222,  0.049,  0.275,  2.178
 69000,  1.189,  0.298,  1.148,  0.093,  0.331,  0.366
 69060,  1.108,  0.283,  1.167,  0.078,  0.380, -0.032
 69120,  1.048,  0.350,  1.321,  0.049,  0.370, -0.059
 69180,  1.125,  0.276,  1.415,  0.050,  0.412, -0.078
 69240,  1.165,  0.202,  1.344,  0.099,  0.388, -0.081
 69300,  1.177,  0.360,  1.117,  0.062,  0.369,  0.581
 69360,  1.111,  0.432,  2.061,  0.072,  0.413,  5.056
 69420,  0.741,  0.207,  1.435,  0.059,  0.322,  2.833
 69480,  0.911,  0.318,  1.351,  0.106,  0.308,  3.042
 69540,  1.204,  0.369,  1.565,  0.059,  0.342,  3.022
 69600, -9999.000, -9999.000, -9999.000, -9999.000, -9999.000, -9999.000
 69660,  1.134,  0.281,  1.284,  0.052,  0.312,  5.391
 69720,  0.934,  0.325,  3.657,  0.043,  0.291, 23.061
 69780,  1.087,  0.143,  3.061,  0.091,  0.356, 15.823
 69840,  0.685,  0.324,  2.351,  0.108,  0.241,  6.668
 69900,  0.158,  0.289,  0.874,  0.005,  0.201, -0.162
 69960,  1.000,  0.233,  1.548,  0.119,  0.265,  0.565
 70020,  0.908,  0.388,  1.745,  0.112,  0.255,  1.879
 70080,  0.980,  0.154,  1.510,  0.097,  0.274,  3.303
 70140,  1.015,  0.287,  1.761,  0.142,  0.194,  4.694
 70200,  1.008,  0.191,  2.856,  0.139,  0.226,  8.616
 70260,  0.944,  0.248,  1.505,  0.113,  0.212,  1.453
 70320,  0.879,  0.206,  1.472,  0.127,  0.260, -0.081
 70380,  0.920,  0.265,  1.692,  0.154,  0.220,  0.006
 70440,  1.055,  0.159,  1.262,  0.152,  0.150, -0.074
 70500,  1.027,  0.290,  1.304,  0.167,  0.176, -0.031
 70560,  1.092,  0.323,  1.253,  0.072,  0.174, -0.057
 70620,  0.924,  0.209,  1.393,  0.100,  0.179, -0.012
 70680,  1.125,  0.307,  1.527,  0.105,  0.250,  0.708
 70740,  1.070,  0.270,  1.252,  0.156,  0.211,  0.369
 70800,  0.978,  0.279,  1.349,  0.136,  0.178,  0.274
 70860,  0.995,  0.156,  1.125,  0.162,  0.193,  0.169
 70920,  1.086,  0.229,  1.241,  0.131,  0.248,  0.162
 70980,  1.065,  0.290,  1.469,  0.184,  0.238,  0.272
 71040,  1.246,  0.226,  1.124,  0.184,  0.300,  0.052
 71100,  1.122,  0.370,  1.359,  0.159,  0.304,  0.014
 71160,  1.231,  0.255,  1.163,  0.123,  0.257,  0.235
 71220,  0.974,  0.209,  1.188,  0.102,  0.192,  0.016
 71280,  1.112,  0.204,  1.195,  0.125,  0.272,  0.023
 71340,  1.235,  0.128,  1.194,  0.126,  0.215, -0.087
 71400,  1.135,  0.156,  0.882,  0.059,  0.191, -0.079
 71460, -9999.000, -9999.000, -9999.000, -9999.000, -9999.000, -9999.000
 71520,  0.983,  0.231,  1.305,  0.132,  0.236, -0.060
 71580,  1.231,  0.222,  1.581,  0.191,  0.315, -0.053
 71640,  1.293,  0.169,  1.392,  0.188,  0.297, -0.038
 71700,  1.224,  0.210,  1.325,  0.119,  0.220, -0.028
 71760,  1.093,  0.171,  1.303,  0.160,  0.255, -0.077
 71820,  0.781,  0.137,  0.909,  0.083,  0.194, -0.095
 71880,  0.474,  0.055,  1.036,  0.073,  0.118, -0.137
 71940, -0.176, -0.102,  1.049,  0.017,  0.000, -0.190
 72000, -0.618, -0.122,  1.066,  0.024, -0.050, -0.189
 72060, -0.045, -0.046,  0.918,  0.025,  0.027, -0.132
 72120,  0.218, -0.025,  1.031,  0.070,  0.113, -0.079
 72180, -0.266, -0.128,  0.793,  0.052, -0.021, -0.186
 72240,  0.864,  0.090,  1.133,  0.162,  0.157,  0.011
 72300,  1.040,  0.133,  1.169,  0.093,  0.194,  0.879
 72360,  1.371,  0.168,  1.262,  0.158,  0.235,  2.964
 72420,  1.228,  0.117,  1.040,  0.099,  0.270,  1.177
 72480,  1.421,  0.079,  1.136,  0.158,  0.336,  1.067
 72540,  1.181,  0.053,  1.158,  0.140,  0.272,  0.449
 72600,  1.431,  0.117,  0.936,  0.120,  0.245,  0.503
 72660,  1.079,  0.000,  1.071,  0.073,  0.149,  0.013
 72720,  1.288,  0.099,  1.230,  0.084,  0.235,  0.014
 72780,  0.543, -0.109,  3.150,  0.085,  0.092, -0.076
 72840,  1.071,  0.058,  1.730,  0.140,  0.239, -0.021
 72900,  1.334,  0.003,  1.507,  0.144,  0.210,  0.023
 72960,  1.453,  0.141,  1.009,  0.136,  0.263,  0.029
 73020,  0.897, -0.046,  0.943,  0.062,  0.216,  0.208
 73080,  1.085,  0.057,  1.056,  0.163,  0.196,  0.062
 73140,  1.141,  0.075,  0.990,  0.208,  0.152,  0.004
 73200,  1.248,  0.015,  0.850,  0.156,  0.167,  0.024
 73260,  1.341, -0.010,  0.798,  0.085,  0.188,  0.016
 73320,  1.138,  0.045,  0.781,  0.154,  0.129,  0.007
 73380,  1.130,  0.019,  0.472,  0.194,  0.105, -0.021
 73440,  1.025, -0.000,  0.590,  0.436,  0.100, -0.024
 73500,  0.944, -0.037,  0.634,  0.343,  0.076, -0.043
 73560,  0.952, -0.036,  0.438,  0.326,  0.091, -0.051
 73620,  1.050,  0.042,  0.592,  0.123,  0.121,  0.132
 73680,  0.959,  0.002,  1.166,  0.338,  0.167,  4.069
 73740,  1.071,  0.027,  0.628,  0.155,  0.132,  0.035
 73800,  1.707,  1.070,  0.927,  0.357,  0.269,  0.760
 73860,  3.845,  5.648,  4.518,  0.807,  3.828,  8.916
 73920,  7.211, 12.084,  2.783,  0.794,  2.304,  1.407
 73980,  5.403, 14.605,  2.788,  1.898,  3.942,  9.479
 74040, 10.766, 26.945,  4.624,  0.958,  2.751, 14.887
 74100, 14.178,  7.319,  4.810,  2.091,  3.763,  9.177
 74160,  8.879, 17.758,  5.397,  2.259,  9.352, 15.183
 74220, 25.309, 38.635,  9.946,  1.277,  5.624, 25.157
 74280, 16.488, 14.906,  8.421,  3.383,  4.865, 19.034
 74340,  1.360,  0.377,  1.893,  0.151,  0.426,  0.107
 74400,  1.431,  0.114,  0.919,  0.137,  0.332,  0.000
 74460,  1.272,  0.073,  0.841,  0.092,  0.220,  0.044
 74520,  1.405,  0.071,  0.743,  0.122,  0.260,  0.029
 74580,  1.494,  0.024,  1.036,  0.111,  0.258,  0.063
 74640,  1.469,  0.143,  0.835,  0.121,  0.386, -0.030
 74700,  1.533,  0.123,  1.034,  0.120,  0.301, -0.054
 74760,  1.470,  0.031,  1.021,  0.116,  0.261, -0.027
 74820,  1.479,  0.194,  1.155,  0.122,  0.245, -0.056
 74880,  1.445,  0.056,  1.068,  0.095,  0.260, -0.031
 74940,  1.514,  0.117,  1.130,  0.103,  0.254, -0.017
 75000,  1.515,  0.065,  1.100,  0.119,  0.271, -0.015
 75060,  1.248,  0.103,  0.958,  0.106,  0.223, -0.053
 75120,  1.796, -0.148,  0.997,  0.122,  0.198, -0.035
 75180,  1.507,  0.110,  0.623,  0.110,  0.255, -0.080
 75240,  1.267,  0.164,  0.975,  0.139,  0.226, -0.007
 75300,  1.476,  0.055,  0.803,  0.109,  0.305, -0.044
 75360,  1.549,  0.088,  0.635,  0.082,  0.278, -0.002
 75420,  1.314,  0.112,  1.033,  0.123,  0.302, -0.055
 75480,  1.445,  0.021,  0.651,  0.105,  0.226, -0.006
 75540,  1.387,  0.045,  0.724,  0.094,  0.320,  0.021
 75600,  1.327,  0.127,  0.950,  0.085,  0.250, -0.059
 75660,  1.437,  0.120,  0.791,  0.100,  0.285, -0.003
 75720,  1.509,  0.124,  0.843,  0.093,  0.288, -0.027
 75780,  1.316,  0.126,  0.933,  0.052,  0.212, -0.029
 75840,  1.122,  0.127,  0.874,  0.075,  0.132,  0.044
 75900,  1.276,  0.135,  0.851,  0.110,  0.269,  0.107
 75960,  1.363,  0.206,  1.051,  0.083,  0.194, -0.032
 76020,  1.392,  0.099,  0.565,  0.091,  0.260,  0.009
 76080,  1.209,  0.096,  0.676,  0.061,  0.225, -0.004
 76140,  1.284,  0.105,  0.638,  0.096,  0.191, -0.040
 76200,  1.183,  0.145,  0.925,  0.080,  0.205, -0.045
 76260,  1.304,  0.147,  0.757,  0.083,  0.188, -0.049
 76320,  1.229,  0.076,  0.733,  0.096,  0.194, -0.022
 76380,  1.111,  0.040,  0.795,  0.059,  0.129,  0.053
 76440,  1.221,  0.116,  0.594,  0.099,  0.201,  0.029
 76500,  0.967,  0.072,  0.564,  0.158,  0.084,  0.073
 76560,  1.010,  0.013,  3.158,  0.322,  0.261, 19.781
 76620,  1.007,  0.091,  1.030,  0.176,  0.121,  1.666
 76680,  0.960,  0.097,  0.651,  0.137,  0.164,  0.156
 76740,  0.888,  0.085,  0.924,  0.102,  0.139,  3.995
 76800,  1.122,  0.118,  1.247,  0.185,  0.209,  2.995
 76860,  0.962,  0.058,  0.862,  0.136,  0.110,  0.479
 76920,  0.850,  0.096,  0.883,  0.275,  0.061,  3.782
 76980,  0.755,  0.115,  0.954,  0.506,  0.152,  4.099
 77040,  0.977,  0.073,  0.748,  0.111,  0.102,  0.018
 77100, -9999.000,  0.092,  0.620,  0.096,  0.129, -0.009
 77160, -9999.000,  0.122,  0.602,  0.090,  0.114,  0.008
 77220, -9999.000,  0.118,  0.581,  0.114,  0.129,  0.056
 77280, -9999.000,  0.095,  0.599,  0.103,  0.149,  0.004
 77340, -9999.000,  0.053,  2.156,  0.101,  0.149, -0.080
 77400, -9999.000, -0.073,  0.496,  0.028, -0.036, -0.164
 77460, -9999.000,  0.030,  0.667,  0.059,  0.090,  0.046
 77520, -9999.000,  0.074,  0.595,  0.100,  0.124, -0.026
 77580, -9999.000, -0.073,  0.623,  0.063,  0.054, -0.025
 77640, -9999.000,  0.011,  0.608,  0.075,  0.084,  0.578
 77700, -9999.000, -0.119,  0.650,  0.030, -0.039,  1.078
 77760, -9999.000, -0.161,  0.720,  0.024, -0.052,  0.344
 77820, -9999.000, -0.191,  0.558,  0.048, -0.089, -0.233
 77880, -9999.000, -0.192,  0.441,  0.015, -0.078, -0.207
 77940, -9999.000, -0.073,  0.527,  0.045,  0.046, -0.012
 78000, -9999.000, -0.068,  0.669,  0.047,  0.148,  0.005
 78060, -9999.000,  0.246,  1.482,  0.257,  0.348,  0.175
 78120, -9999.000,  0.203,  0.595,  0.082,  0.251, -0.027
 78180, -9999.000,  0.142,  1.057,  0.287,  0.344,  0.101
 78240, -9999.000,  0.074,  0.934,  0.021,  0.308,  0.080
 78300, -9999.000, -0.030,  0.973, -0.053,  0.242,  0.021
 78360,  0.669,  0.337,  1.051, -0.010,  0.402,  0.269
 78420,  0.794,  0.004,  1.035,  0.121,  0.380,  0.111
 78480,  1.018,  0.103,  0.840,  0.100,  0.446,  0.142
 78540,  0.790,  0.090,  0.727,  0.056,  0.328,  0.051
 78600,  0.364, -0.031,  0.716,  0.069,  0.215,  0.103
 78660,  1.140,  0.071,  0.813,  0.072,  0.291,  0.078
 78720,  1.432,  0.091,  0.732,  0.075,  0.294,  0.079
 78780,  1.034, -0.138,  0.670,  0.031,  0.175, -0.014
 78840, -9999.000, -9999.000, -9999.000, -9999.000, -9999.000, -9999.000
 78900, -0.194, -0.138,  0.418,  0.030,  0.110, -0.043
 78960,  0.096,  0.021,  0.531,  0.071,  0.256, -0.058
 79020,  0.559,  0.027,  0.674,  0.028,  0.197, -0.036
 79080,  0.635,  0.008,  0.665,  0.052,  0.236, -0.066
 79140,  0.765,  0.246,  0.592,  0.084,  0.316,  0.065
 79200,  0.907,  0.060,  0.703,  0.069,  0.277,  0.002
 79260,  0.505,  0.041,  0.616,  0.044,  0.327, -0.047
 79320,  0.718,  0.108,  0.593,  0.085,  0.352,  0.009
 79380,  0.701,  0.148,  0.485,  0.022,  0.403, -0.021
 79440,  0.883,  0.203,  0.607,  0.042,  0.338,  0.133
 79500,  0.689,  0.223,  0.524,  0.017,  0.390,  0.392
 79560,  1.209,  0.240,  0.815,  0.062,  0.467,  0.417
 79620,  1.087,  0.311,  0.954,  0.065,  0.448,  0.221
 79680,  1.601,  0.394,  0.836,  0.128,  0.595,  0.218
 79740,  1.387,  0.214,  1.036,  0.071,  0.615,  0.101
 79800,  0.658,  0.059,  0.759,  0.045,  0.428,  0.098
 79860,  0.707,  0.087,  0.956,  0.068,  0.470,  0.072
 79920,  1.195,  0.270,  0.863,  0.107,  0.521,  0.140
 79980,  0.940,  0.298,  0.768,  0.041,  0.504,  0.358
 80040,  0.898,  0.257,  0.799,  0.089,  0.421,  0.238
 80100,  1.321,  0.511,  0.602,  0.095,  0.557,  0.142
 80160,  1.298,  0.334,  0.792,  0.079,  0.595,  0.085
 80220,  1.371,  0.294,  0.648,  0.059,  0.533,  0.148
 80280,  1.568,  0.419,  0.797,  0.071,  0.711,  0.143
 80340,  1.393,  0.282,  0.806,  0.060,  0.555,  0.124
 80400,  1.213,  0.533,  0.558,  0.067,  0.568,  0.235
 80460,  1.379,  0.447,  0.639,  0.032,  0.562,  0.278
 80520,  1.463,  0.400,  0.679,  0.079,  0.545,  0.176
 80580,  1.472,  0.417,  0.858,  0.090,  0.672,  0.284
 80640,  1.252,  0.371,  0.847,  0.085,  0.559,  0.193
 80700,  0.896,  0.126,  1.631,  0.009,  0.930, -0.311
 80760,  1.043,  0.439,  0.614,  0.053,  0.533,  0.113
 80820,  0.357,  0.022,  0.377,  0.013,  0.286, -0.187
 80880,  1.122,  0.494,  0.812,  0.092,  0.505,  0.111
 80940,  1.343,  0.434,  0.738,  0.111,  0.569,  0.131
 81000,  1.168,  0.480,  0.723,  0.045,  0.513,  0.130
 81060,  1.675,  0.176,  0.619,  0.035,  0.468,  0.211
 81120,  1.231,  0.239,  0.532,  0.061,  0.287, -0.025
 81180,  1.329,  0.285,  0.548,  0.083,  0.442,  0.047
 81240,  1.396,  0.290,  0.710,  0.039,  0.464,  0.115
 81300,  1.577,  0.512,  0.709,  0.060,  0.469,  0.181
 81360,  1.582,  0.472,  0.884,  0.064,  0.443,  0.175
 81420,  1.567,  0.373,  0.872,  0.051,  0.461,  0.139
 81480,  1.350,  0.312,  0.859,  0.055,  0.323,  0.080
 81540,  0.976,  0.212,  0.828,  0.031,  0.295,  0.045
 81600, -0.703, -0.055,  0.455, -0.020, -0.006, -0.145
 81660,  0.976,  0.206,  0.655,  0.018,  0.235,  0.258
 81720,  1.726,  0.341,  0.930,  0.063,  0.416,  0.405
 81780,  1.820,  0.322,  0.791,  0.037,  0.389,  0.321
 81840,  1.757,  0.395,  0.636,  0.016,  0.385,  0.296
 81900,  1.773,  0.369,  0.690,  0.063,  0.457,  0.179
 81960,  1.972,  0.291,  0.713,  0.053,  0.401,  0.482
 82020,  1.925,  0.226,  0.866,  0.024,  0.493,  0.406
 82080,  1.719,  0.241,  0.840,  0.031,  0.374,  0.444
 82140,  0.969,  0.186,  0.522,  0.008,  0.203,  0.094
 82200,  1.520,  0.209,  0.567,  0.067,  0.220,  0.204
 82260,  1.935,  0.367,  0.613,  0.039,  0.339,  0.149
 82320,  1.959,  0.353,  0.706,  0.067,  0.426,  0.347
 82380,  2.035,  0.352,  0.821,  0.066,  0.418,  0.325
 82440,  2.143,  0.319,  0.788,  0.079,  0.434,  0.375
 82500,  2.026,  0.377,  0.914,  0.045,  0.408,  0.477
 82560, -9999.000, -9999.000, -9999.000, -9999.000, -9999.000, -9999.000
 82620,  2.016,  0.283,  0.765,  0.040,  0.411,  0.355
 82680,  1.725,  0.329,  0.681,  0.001,  0.425,  0.346
 82740,  2.119,  0.403,  0.713,  0.063,  0.405,  0.614
 82800,  2.197,  0.231,  0.885,  0.085,  0.509,  0.704
 82860,  1.962,  0.290,  0.855,  0.030,  0.448,  0.328
 82920,  2.200,  0.388,  0.722,  0.069,  0.370,  0.375
 82980,  1.905,  0.191,  0.573,  0.014,  0.372,  0.186
 83040,  2.083,  0.328,  0.809,  0.023,  0.322,  0.166
 83100,  2.194,  0.363,  0.750,  0.061,  0.344,  0.634
 83160,  1.789,  0.193,  0.778,  0.045,  0.406,  0.287
 83220,  1.776,  0.246,  0.720,  0.065,  0.424,  0.117
 83280,  1.647,  0.247,  0.934,  0.058,  0.381,  0.784
 83340,  1.646,  0.307,  0.716,  0.047,  0.354,  0.970
 83400,  1.627,  0.246,  0.724,  0.018,  0.342,  0.180
 83460,  1.686,  0.194,  0.678,  0.038,  0.311,  0.015
 83520,  1.867,  0.211,  0.886,  0.078,  0.370, -0.021
 83580,  0.493, -0.099,  0.625, -0.017,  0.065, -0.109
 83640,  0.103, -0.145,  0.702, -0.026,  0.053, -0.196
 83700,  1.938,  0.251,  0.938,  0.095,  0.448,  0.081
 83760,  1.666,  0.101,  0.608,  0.076,  0.303,  0.127
 83820,  2.077,  0.155,  0.670,  0.046,  0.592,  0.241
 83880,  2.032,  0.129,  0.831,  0.039,  0.517,  0.163
 83940,  2.108,  0.188,  0.647,  0.054,  0.514,  0.124
 84000,  2.024,  0.135,  0.812,  0.079,  0.478,  0.101
 84060,  2.030,  0.173,  0.744,  0.086,  0.506,  0.158
 84120,  1.826,  0.110,  0.833,  0.051,  0.551,  0.227
 84180,  1.731,  0.003,  0.709,  0.042,  0.474,  0.031
 84240,  1.683,  0.040,  0.674,  0.056,  0.394,  0.018
 84300,  0.774, -0.126,  0.467,  0.029,  0.224, -0.165
 84360,  1.211, -0.129,  0.804,  0.095,  0.199, -0.191
 84420,  1.556, -0.102,  0.797,  0.090,  0.475, -0.010
 84480,  0.559, -0.124,  0.532,  0.019,  0.131, -0.234
 84540, -0.254, -0.273,  0.516, -0.008, -0.063, -0.258
 84600,  1.573,  0.142,  0.892,  0.058,  0.408,  0.408
 84660,  1.545,  0.106,  1.012,  0.072,  0.458,  0.248
 84720,  1.276,  0.064,  0.762,  0.092,  0.352,  0.118
 84780,  1.638,  0.017,  0.749,  0.065,  0.409,  0.042
 84840,  1.782,  0.030,  0.754,  0.101,  0.443,  0.271
 84900,  1.486,  0.108,  0.880,  0.061,  0.441,  0.350
 84960,  1.705,  0.186,  0.552,  0.028,  0.347,  0.040
 85020,  1.515,  0.091,  0.867,  0.054,  0.406,  0.081
 85080,  1.681,  0.191,  0.784,  0.062,  0.446,  0.006
 85140,  1.931,  0.036,  0.642,  0.098,  0.391,  0.029
 85200,  1.747,  0.159,  0.777,  0.040,  0.416,  0.128
 85260,  1.621,  0.162,  0.880,  0.097,  0.506,  0.038
 85320,  1.757,  0.078,  0.899,  0.054,  0.442, -0.004
 85380,  1.129,  0.121,  0.704,  0.032,  0.311,  0.028
 85440,  1.227,  0.003,  0.585,  0.038,  0.282, -0.081
 85500,  1.632,  0.076,  0.692,  0.053,  0.522,  0.078
