CampaignData_and_Merges/R0/CSL_MobileLab_Parked/raw/20240807/USOS-NOAAIodideCIMS-HNO2_MobileLabGround_20240807_RA.ict
33, 1001
Michael A Robinson, Chris Jernigan, Subi Thakali
NOAA ESRL Chemical Sciences Laboratory and CIRES, U. of Colorado
NOAA Iodide CIMS Instrument
USOS
1, 1
2024, 08, 07, 2024, 08, 08
1
starttime_UTC, seconds_past_midnight, seconds_of_day_since_00:00:00_UTC
1
1
-9999
HNO2_NOAACIMS, pptv, Gas_HNO2_InSitu_S_AVMR, 
0
18
PI_CONTACT_INFO: 325 Broadway, R/CSD 7, Boulder, Colorado 80305; michael.a.robinson@noaa.gov; chris.jernigan@noaa.gov;
PLATFORM: NOAA CSL Mobile Lab
LOCATION: SLC, Utah
ASSOCIATED_DATA: 1Hz data also available on request.
INSTRUMENT_INFO: NOAA I- ToF CIMS
DATA_INFO: All data in parts per trillion by volume (pptv). 1 Hz data is available upon request.
UNCERTAINTY: TBD
ULOD_FLAG: -7777
ULOD_VALUE: N/A
LLOD_FLAG: -8888
LLOD_VALUE: N/A
DM_CONTACT_INFO: Nathan Howard; nathan.h.howard@noaa.gov
PROJECT_INFO: USOS, summer 2024. https://csl.noaa.gov/groups/csl7/measurements/2024usos/
STIPULATIONS_ON_USE: Users are strongly encouraged to contact the PI for proper data usage.
OTHER_COMMENTS: 
REVISION: RA
RA: Preliminary Data; For in-field use only
starttime_UTC, HNO2_NOAACIMS
[from data line 1026]
 61560, 117.585
 61620, 80.509
 61680, 75.539
 61740, 80.071
 61800, 79.075
 61860, 74.997
 61920, 83.854
 61980, 71.027
 62040, 80.727
 62100, 72.858
 62160, 78.168
 62220, -9999.000
 62280, 80.473
 62340, 89.639
 62400, 88.000
 62460, 72.244
 62520, 81.325
 62580, 80.005
 62640, 109.861
 62700, 115.832
 62760, 97.324
 62820, 82.867
 62880, 85.726
 62940, 78.063
 63000, 102.810
 63060, 131.803
 63120, 98.826
 63180, 94.050
 63240, 97.743
 63300, 90.593
 63360, 74.723
 63420, 73.571
 63480, 68.240
 63540, 83.683
 63600, 80.705
 63660, 101.405
 63720, 104.025
 63780, 92.386
 63840, 90.871
 63900, 75.946
 63960, 83.493
 64020, 95.252
 64080, -9999.000
 64140, 78.423
 64200, 84.392
 64260, 68.812
 64320, 74.210
 64380, 65.074
 64440, 77.870
 64500, 91.705
 64560, 77.415
 64620, 74.439
 64680, 86.646
 64740, 82.675
 64800, 118.656
 64860, 125.240
 64920, 72.336
 64980, 90.296
 65040, 115.850
 65100, 91.612
 65160, 94.267
 65220, 91.190
 65280, 107.870
 65340, 84.190
 65400, 102.121
 65460, 91.970
 65520, 87.752
 65580, 103.759
 65640, 99.684
 65700, 91.247
 65760, 103.874
 65820, 83.855
 65880, 78.698
 65940, 95.738
 66000, 73.950
 66060, 76.582
 66120, 78.850
 66180, 93.944
 66240, 71.435
 66300, 86.604
 66360, 107.381
 66420, 84.765
 66480, 70.675
 66540, 78.975
 66600, 79.120
 66660, 81.464
 66720, 79.822
 66780, 69.516
 66840, 76.881
 66900, 64.254
 66960, 65.669
 67020, 79.260
 67080, 77.335
 67140, 80.225
 67200, 63.578
 67260, 68.617
 67320, 79.798
 67380, 58.168
 67440, 71.374
 67500, 68.247
 67560, 63.725
 67620, 54.981
 67680, 60.088
 67740, -9999.000
 67800, 83.562
 67860, 63.002
 67920, 59.445
 67980, 48.010
 68040, 72.011
 68100, 58.487
 68160, 68.976
 68220, 62.744
 68280, 76.671
 68340, 63.850
 68400, 66.994
 68460, 66.024
 68520, 56.791
 68580, 71.229
 68640, 62.297
 68700, 48.257
 68760, 57.561
 68820, 37.087
 68880, 59.875
 68940, 50.298
 69000, 48.429
 69060, 45.709
 69120, 53.071
 69180, 49.976
 69240, 54.189
 69300, 36.974
 69360, 53.141
 69420, 35.856
 69480, 33.338
 69540, 43.583
 69600, -9999.000
 69660, 22.946
 69720, 33.368
 69780, 47.771
 69840, 40.641
 69900, 35.751
 69960, 60.653
 70020, 39.248
 70080, 26.572
 70140, 32.481
 70200, 28.590
 70260, 33.380
 70320, 31.538
 70380, 39.419
 70440, 28.840
 70500, 26.155
 70560, 22.787
 70620, 34.806
 70680, 41.146
 70740, 42.998
 70800, 39.208
 70860, 41.511
 70920, 35.064
 70980, 65.205
 71040, 32.942
 71100, 35.777
 71160, 38.603
 71220, 31.442
 71280, 35.006
 71340, 40.989
 71400, 18.047
 71460, -9999.000
 71520, 30.770
 71580, 30.187
 71640, 33.784
 71700, 32.409
 71760, 39.816
 71820, 23.750
 71880, 35.568
 71940, 36.801
 72000, 28.985
 72060, 15.300
 72120, 26.064
 72180, 24.850
 72240, 49.628
 72300, 22.755
 72360, 29.105
 72420, 15.270
 72480, 24.578
 72540, 23.799
 72600, 16.603
 72660, 17.156
 72720, 20.800
 72780, 22.494
 72840, 19.965
 72900, 12.493
 72960, 31.677
 73020, 11.398
 73080, 35.225
 73140, 97.688
 73200, 32.118
 73260, 28.460
 73320, 81.808
 73380, 177.527
 73440, 850.532
 73500, 412.236
 73560, 469.341
 73620, 87.856
 73680, 268.133
 73740, 64.349
 73800, 86.829
 73860, 18.255
 73920, 10.610
 73980, 19.899
 74040, 10.960
 74100,  5.973
 74160,  6.025
 74220, 18.636
 74280, 10.040
 74340, 14.028
 74400, 26.180
 74460,  3.692
 74520,  7.843
 74580,  0.918
 74640,  3.070
 74700,  2.923
 74760,  0.175
 74820, -2.902
 74880,  3.388
 74940, -1.015
 75000,  2.943
 75060, -5.803
 75120, -14.733
 75180, -7.666
 75240,  1.096
 75300, -3.222
 75360,  3.004
 75420, -3.452
 75480,  2.665
 75540,  3.033
 75600, -4.985
 75660, -4.401
 75720, -1.467
 75780, -2.509
 75840, -2.518
 75900, -3.748
 75960, -2.287
 76020, -4.152
 76080, -0.017
 76140, -2.726
 76200, -0.121
 76260,  7.079
 76320,  2.245
 76380,  2.592
 76440, 15.137
 76500, 28.128
 76560, 54.728
 76620, 14.961
 76680, 19.922
 76740,  5.079
 76800,  6.749
 76860, 13.576
 76920, 30.274
 76980, 51.436
 77040,  4.743
 77100,  7.078
 77160,  1.716
 77220,  9.132
 77280,  3.055
 77340,  2.496
 77400, -4.325
 77460,  1.845
 77520,  2.714
 77580,  2.953
 77640, -2.186
 77700, -1.465
 77760, -2.223
 77820,  0.260
 77880, -1.258
 77940, -0.612
 78000,  2.373
 78060, 63.745
 78120,  1.026
 78180, 32.002
 78240,  4.348
 78300,  6.020
 78360,  3.301
 78420,  3.315
 78480,  2.266
 78540,  0.244
 78600,  1.572
 78660,  5.149
 78720,  1.347
 78780,  3.040
 78840, -9999.000
 78900,  0.516
 78960,  2.196
 79020,  5.904
 79080,  9.373
 79140,  4.967
 79200,  3.163
 79260,  5.096
 79320,  5.448
 79380,  2.140
 79440,  2.660
 79500,  3.219
 79560,  1.659
 79620,  2.349
 79680,  8.953
 79740,  3.506
 79800,  0.758
 79860,  5.151
 79920,  1.686
 79980,  3.944
 80040,  2.430
 80100,  3.017
 80160,  5.642
 80220,  3.131
 80280,  6.436
 80340,  4.305
 80400,  2.209
 80460,  2.347
 80520,  5.387
 80580,  3.525
 80640,  2.245
 80700, -12.135
 80760,  3.155
 80820,  2.568
 80880, 11.372
 80940, 16.078
 81000,  7.528
 81060,  1.983
 81120,  3.010
 81180,  4.739
 81240,  5.356
 81300,  5.639
 81360,  7.048
 81420,  6.334
 81480,  8.323
 81540,  8.953
 81600,  0.403
 81660,  3.833
 81720,  7.570
 81780,  2.213
 81840,  3.309
 81900,  3.128
 81960,  4.325
 82020,  6.347
 82080,  6.328
 82140,  7.642
 82200,  9.020
 82260,  3.605
 82320,  8.822
 82380, 11.188
 82440, 11.051
 82500,  8.289
 82560, -9999.000
 82620,  6.673
 82680,  5.865
 82740,  6.600
 82800,  9.919
 82860,  6.786
 82920,  9.121
 82980,  2.571
 83040,  7.030
 83100,  6.992
 83160,  9.247
 83220, 10.169
 83280, 16.468
 83340, 11.457
 83400,  5.674
 83460,  6.958
 83520,  7.704
 83580,  5.358
 83640,  6.815
 83700, 11.845
 83760,  9.198
 83820,  8.700
 83880, 11.135
 83940,  8.242
 84000,  9.192
 84060, 13.914
 84120, 13.063
 84180,  7.928
 84240, 10.064
 84300,  7.201
 84360,  8.788
 84420, 11.106
 84480, 11.221
 84540, 10.410
 84600, 13.915
 84660, 17.051
 84720, 12.263
 84780, 15.711
 84840, 14.797
 84900, 12.611
 84960,  2.801
 85020,  5.147
 85080,  6.818
 85140,  5.788
 85200,  4.403
 85260, 10.600
 85320,  9.148
 85380,  8.419
 85440,  8.687
 85500, 10.353
 85560,  7.494
 85620,  7.596
 85680,  8.143
 85740,  5.607
 85800,  6.449
 85860,  3.102
 85920,  6.895
 85980, 10.053
 86040, 15.381
 86100,  9.636
 86160, 10.242
 86220, -9999.000
 86280,  5.544
 86340,  8.966
