CampaignData_and_Merges/R0/CSL_MobileLab_Parked/raw/20240807/USOS-Picarro-CO2-CH4-CO-H2O_MobileLabGround_20240807_R0.ict
38, 1001
Ilana Pollack, Nell Schafer, and Jeff Peischl
NOAA Chemical Sciences Laboratory
Picarro 2401-m CO2/CH4/CO/H2O Analyzer
USOS
1, 1
2024, 08, 07, 2024, 11, 20
0
StartTime_UTC, seconds_past_midnight, seconds past midnight
5
1, 1, 1, 1, 1
-9999, -9999, -9999, -9999, -9999
StopTime_UTC, seconds_past_midnight, seconds past midnight
CO2_ppm_1min, ppm, Gas_CO2_InSitu_S_DMF, carbon dioxide mixing ratio
CH4_ppb_1min, ppb, Gas_CH4_InSitu_S_DMF, methane mixing ratio
CO_ppb_1min, ppb, Gas_CO_InSitu_S_DMF, carbon monoxide mixing ratio
H2O_ppmv_1min, ppmv, Met_H2OMRV_InSitu_S_AVMR, water vapor mixing ratio
1
SPECIAL COMMENTS: N/A
18
PI_CONTACT_INFO: Address: NOAA Chemical Sciences Laboratory, Mail Stop CSL7, 325 Broadway, Boulder, CO 80305; Email: Ilana.Pollack@noaa.gov
PLATFORM: NOAA CSL Mobile Laboratory
LOCATION: The mobile lab was stationed in Salt Lake City, Utah.
ASSOCIATED_DATA: N/A
INSTRUMENT_INFO: CO2, CH4, and CO are reported as dry air mole fractions using a commercial wavelength-scanned cavity ring-down analyzer (Picarro 2401-m). An in-field calibration gas standard of 432±0.07 ppm CO2, 2095±1 ppb CH4, and 183±1 ppb CO, calibrated in the Boulder laboratories before and after the field project using primary CO2, CH4, and CO standard tanks tied to the WMO standard (X2019, X2004A, and X2014A, respectively) from the Global Monitoring Laboratory (GML), was delivered to the inlet every 2-3 days to evaluate instrument sensitivity. A H2O measurement was calibrated before the project with a Dew Point Mirror 373 hygrometer. The water correction calculated from these calibrations was applied to the H2O measurement for the entire campaign. Species are measured at 0.5 Hz and reported as 1-minute averages for stationary measurements.
DATA_INFO: Units: CO2, ppm, dry air mole fraction; CH4, ppb, dry air mole fraction; CO, ppb, dry air mole fraction; H2O, ppmv
UNCERTAINTY: Total uncertainties are estimated as ±0.1 ppm for CO2, ±1 ppb for CH4, ±5 ppb for CO, and ±(50 ppm + 4%) for H2O.
ULOD_FLAG: -7777
ULOD_VALUE: N/A
LLOD_FLAG: -8888
LLOD_VALUE: N/A
DM_CONTACT_INFO: Data Manager: Nathan Howard; nathan.h.howard@noaa.gov
PROJECT_INFO: USOS Dates of Study: July – August 2024
STIPULATIONS_ON_USE: Use of these data require prior ok from PI.
OTHER_COMMENTS: Data are averaged to 1 minute intervals. Stationary data collected from a 10 ft tower on top of the mobile van.
REVISION: R0
R0: Final Data
StartTime_UTC, StopTime_UTC, CO2_ppm_1min, CH4_ppb_1min, CO_ppb_1min, H2O_ppmv_1min
0,60,429.76,1961.7,127.3,11727.3291
60,120,429.91,1962.0,127.3,12049.8223
120,180,428.05,1960.2,123.3,11625.4287
180,240,427.93,1960.1,124.4,11700.8447
240,300,428.04,1961.3,122.7,12003.9707
300,360,428.24,1960.6,122.9,11931.5801
360,420,427.96,1959.6,122.4,11573.3105
420,480,428.49,1960.9,124.3,11561.1641
480,540,428.09,1959.8,123.8,11252.2754
540,600,428.02,1959.6,123.2,11411.1387
600,660,427.94,1960.3,123.5,11632.3057
660,720,427.96,1961.0,124.7,11962.0098
720,780,427.32,1960.0,122.8,11545.4414
780,840,427.02,1959.4,121.5,11293.6602
840,900,427.06,1958.8,121.7,11382.4316
900,960,427.35,1958.8,121.5,11826.5283
960,1020,427.11,1959.0,120.7,12009.3525
1020,1080,426.97,1959.5,126.1,11520.4102
1080,1140,427.05,1959.8,128.3,12107.9414
1140,1200,427.43,1959.7,125.0,12184.8496
1200,1260,427.46,1960.7,125.9,12378.4492
1260,1320,427.22,1959.7,122.2,11664.4629
1320,1380,427.13,1959.5,122.7,11831.3799
1380,1440,427.21,1959.8,122.3,12157.4141
1440,1500,427.32,1958.5,122.0,11900.4521
1500,1560,427.66,1956.9,119.9,11375.8506
1560,1620,427.63,1955.6,120.6,10993.8916
1620,1680,427.12,1956.4,122.1,11494.1631
1680,1740,427.54,1957.9,124.2,11864.1797
1740,1800,427.15,1956.7,124.7,11176.7002
1800,1860,427.13,1957.5,128.5,11171.5225
1860,1920,427.46,1958.2,131.3,11440.5400
1920,1980,427.18,1957.1,129.0,11328.7051
1980,2040,427.19,1954.8,122.5,11013.8125
2040,2100,427.16,1955.0,121.6,11219.9014
2100,2160,427.74,1955.0,122.1,11666.1357
2160,2220,427.53,1954.2,121.3,11361.1396
2220,2280,427.37,1955.7,123.9,11419.1699
2280,2340,427.36,1955.7,122.4,11194.9180
2340,2400,427.29,1955.5,121.6,11073.1338
2400,2460,427.16,1955.0,118.2,10968.7461
2460,2520,426.75,1952.6,116.5,10277.2168
2520,2580,426.96,1952.5,117.1,10226.6465
2580,2640,426.97,1952.2,115.7,10129.9736
2640,2700,427.19,1952.5,116.5,10336.9736
2700,2760,427.54,1953.9,120.3,11038.1826
2760,2820,427.01,1954.4,122.6,10654.5898
2820,2880,427.17,1953.4,123.5,10739.9600
2880,2940,427.49,1954.4,129.3,11269.5313
2940,3000,427.34,1953.1,122.9,11099.1807
3000,3060,427.12,1955.1,124.9,11888.4521
3060,3120,427.36,1952.9,121.0,11191.6514
3120,3180,426.63,1951.1,119.9,10294.4678
3180,3240,426.65,1950.4,115.6,10218.2959
3240,3300,426.28,1949.9,115.2,10151.1299
3300,3360,426.84,1950.9,118.1,10658.0791
3360,3420,426.50,1949.4,112.2,10111.7285
3420,3480,426.84,1949.4,114.4,9882.2686
3480,3540,427.53,1950.2,115.8,10020.5225
3540,3600,427.20,1950.5,118.1,10423.9873
3600,3660,427.51,1951.1,117.4,10801.6006
3660,3720,427.55,1952.0,119.1,11114.5713
3720,3780,427.90,1953.4,120.3,11379.3105
3780,3840,428.87,1953.0,122.7,11047.7969
3840,3900,428.72,1952.8,120.6,11279.5361
3900,3960,428.33,1954.0,119.8,11457.0830
3960,4020,427.07,1951.4,115.5,10537.9355
4020,4080,427.28,1950.4,114.9,10255.5820
4080,4140,426.87,1950.9,113.5,10724.5479
4140,4200,426.75,1950.3,114.2,10354.6553
4200,4260,426.55,1951.7,115.1,10858.1514
4260,4320,426.84,1951.2,114.8,10869.5889
4320,4380,427.00,1950.3,120.7,10679.7949
4380,4440,427.79,1950.7,123.7,10989.6436
4440,4500,429.59,1950.2,120.1,10355.7256
4500,4560,428.22,1949.9,119.4,10061.4766
4560,4620,428.25,1950.0,120.7,9869.1553
4620,4680,427.64,1949.8,116.5,9839.5625
4680,4740,428.40,1949.9,118.8,9973.7998
4740,4800,427.57,1949.9,118.9,9739.3516
4800,4860,427.19,1953.2,115.6,9882.1104
4860,4920,427.88,1957.1,120.8,10324.5439
4920,4980,427.89,1953.8,121.8,10204.3984
4980,5040,428.49,1954.5,123.7,10723.0869
5040,5100,428.74,1955.0,125.5,11028.8223
5100,5160,428.32,1954.7,169.8,10907.7539
5160,5220,428.68,1955.0,226.2,11144.9971
5220,5280,428.83,1953.9,289.8,10598.0996
5280,5340,428.17,1953.6,166.4,10647.9473
5340,5400,427.92,1955.2,129.0,10995.9414
5400,5460,428.44,1957.0,128.9,11238.8359
5460,5520,428.81,1956.6,124.3,11436.1221
5520,5580,428.24,1956.7,121.3,11361.2021
5580,5640,428.03,1952.9,118.4,10280.9160
5640,5700,428.95,1952.4,119.2,10023.5625
5700,5760,428.81,1952.4,119.4,10145.1904
5760,5820,432.90,1955.2,151.1,10322.9434
5820,5880,433.14,1956.1,156.2,11089.4297
5880,5940,431.28,1954.7,142.7,10739.7764
5940,6000,-9999,-9999,-9999,-9999
6000,6060,-9999,-9999,-9999,-9999
6060,6120,428.90,1952.5,119.0,9839.3086
6120,6180,429.18,1952.8,117.1,9842.7119
6180,6240,430.28,1953.2,115.9,10033.5371
6240,6300,430.40,1952.9,118.2,10388.3379
6300,6360,429.55,1953.5,124.5,10199.0117
6360,6420,430.13,1954.2,131.4,10271.9746
6420,6480,429.24,1954.2,129.9,10675.8652
6480,6540,429.61,1954.9,132.1,10563.1709
6540,6600,430.85,1961.0,130.4,11962.5283
6600,6660,431.24,1961.2,131.4,11663.5244
6660,6720,430.76,1959.2,130.4,11440.8340
6720,6780,430.93,1959.5,130.9,11740.0264
6780,6840,431.28,1960.4,131.2,11406.2002
6840,6900,432.15,1960.3,138.9,11219.7109
6900,6960,438.84,1960.0,189.5,11264.4209
6960,7020,438.05,1960.0,191.5,11319.5664
7020,7080,438.69,1961.2,188.2,11654.0244
7080,7140,441.32,1961.8,198.7,11793.3252
7140,7200,439.90,1962.2,192.7,11917.6699
7200,7260,440.78,1962.6,201.3,12095.5977
7260,7320,441.52,1963.8,232.0,11859.8691
7320,7380,446.11,1965.5,310.3,11996.4590
7380,7440,445.09,1965.2,243.1,11979.0313
7440,7500,443.38,1966.4,188.6,12368.4180
7500,7560,442.69,1968.1,191.5,12432.2676
7560,7620,443.62,1968.1,199.7,12490.2207
7620,7680,444.45,1970.1,209.5,12607.6270
7680,7740,442.16,1969.6,179.6,12301.7324
7740,7800,439.48,1969.2,168.5,12042.5732
7800,7860,443.88,1970.9,181.8,12209.1807
7860,7920,447.08,1974.7,203.8,12565.0771
7920,7980,453.62,1976.3,273.0,13081.3066
7980,8040,446.53,1976.0,234.9,12902.0234
8040,8100,447.28,1977.3,241.3,13161.7910
8100,8160,451.83,1981.5,306.2,13260.9961
8160,8220,451.34,1981.6,286.9,13336.3730
8220,8280,447.98,1980.6,253.7,13224.2178
8280,8340,450.12,1980.2,248.0,13371.1602
8340,8400,455.56,1980.8,237.9,13428.8584
8400,8460,453.39,1982.2,245.8,13769.4238
8460,8520,451.38,1985.4,255.1,13964.6113
8520,8580,451.39,1991.1,241.6,14064.1260
8580,8640,452.41,1992.0,209.6,14143.0391
8640,8700,448.36,1991.4,206.4,14059.1426
8700,8760,451.39,1993.7,249.3,14288.3975
8760,8820,449.13,1991.2,242.5,14132.7666
8820,8880,451.84,1993.6,264.2,14287.8896
8880,8940,452.09,1993.1,234.5,14302.5293
8940,9000,452.76,1994.6,231.2,14324.7002
9000,9060,451.34,1994.5,203.8,14193.8281
9060,9120,449.03,1991.0,196.3,14037.1318
9120,9180,445.99,1984.4,181.0,13750.4941
9180,9240,445.66,1983.3,178.0,13707.7793
9240,9300,447.02,1984.1,180.8,13823.8613
9300,9360,443.75,1980.0,198.3,13404.7656
9360,9420,445.99,1981.0,207.2,13532.7549
9420,9480,446.50,1980.9,248.6,13442.0947
9480,9540,444.09,1978.7,246.2,13232.2910
9540,9600,444.33,1978.1,219.9,13274.0293
9600,9660,444.19,1976.8,203.7,13161.2764
9660,9720,445.73,1975.8,195.0,13184.2256
9720,9780,443.85,1974.8,181.6,13038.8105
9780,9840,447.19,1976.1,185.2,13258.3633
9840,9900,445.94,1975.9,189.5,13136.1924
9900,9960,442.68,1974.9,182.1,12960.6787
9960,10020,445.39,1975.3,184.2,13163.3633
10020,10080,444.37,1975.1,186.9,13079.5771
10080,10140,443.62,1973.9,183.9,12952.9004
10140,10200,444.36,1974.0,196.7,12945.6719
10200,10260,443.58,1973.9,191.2,12888.8682
10260,10320,442.14,1971.7,182.2,12784.1475
10320,10380,442.71,1972.7,185.0,12842.1025
10380,10440,444.72,1972.1,180.7,12840.1484
10440,10500,442.26,1970.8,173.2,12722.6240
10500,10560,441.83,1969.6,161.9,12659.9561
10560,10620,442.25,1969.5,163.0,12673.1279
10620,10680,442.03,1969.7,158.9,12724.3984
10680,10740,441.41,1969.4,159.4,12619.8828
10740,10800,440.38,1969.6,172.2,12478.0244
10800,10860,439.58,1969.2,181.0,12361.5264
10860,10920,440.44,1969.5,193.5,12400.5146
10920,10980,442.49,1970.2,248.0,12427.5020
10980,11040,441.65,1969.2,187.9,12368.1201
11040,11100,441.29,1969.7,181.8,12391.5273
11100,11160,441.99,1970.0,172.2,12382.6621
11160,11220,442.97,1970.2,177.2,12411.1924
11220,11280,439.28,1969.5,161.1,12225.7451
11280,11340,440.28,1969.1,161.0,12303.6680
11340,11400,441.19,1968.9,164.6,12359.1045
11400,11460,438.95,1968.3,186.6,12124.7559
11460,11520,438.01,1967.3,163.1,12012.4268
11520,11580,439.47,1967.6,164.2,12105.8418
11580,11640,441.64,1968.4,169.2,12161.9229
11640,11700,440.64,1966.3,151.9,12042.3408
11700,11760,441.43,1966.5,152.4,12094.3447
11760,11820,440.10,1966.4,154.1,12064.5957
11820,11880,439.74,1966.1,148.4,12028.6738
11880,11940,440.86,1965.4,147.0,12005.8369
11940,12000,443.57,1965.3,147.3,12144.0576
12000,12060,439.92,1964.2,142.3,11991.7080
12060,12120,440.17,1964.5,146.8,11984.2285
12120,12180,439.42,1964.4,142.9,11969.7227
12180,12240,441.51,1965.1,158.1,12008.5586
12240,12300,442.69,1965.0,173.5,12104.9746
12300,12360,445.10,1966.2,267.6,12212.2119
12360,12420,441.46,1965.4,244.1,12088.7656
12420,12480,444.49,1965.8,266.8,12236.8457
12480,12540,442.39,1964.5,204.1,12012.4766
12540,12600,440.35,1963.7,169.5,11956.8643
12600,12660,441.94,1963.5,155.6,11994.1504
12660,12720,441.85,1963.1,144.9,11974.2656
12720,12780,440.25,1962.2,139.9,11835.4385
12780,12840,439.55,1962.3,142.8,11787.4092
12840,12900,440.24,1961.7,145.2,11919.4707
12900,12960,440.65,1961.8,152.7,12185.8369
12960,13020,441.40,1962.5,166.1,12182.3037
13020,13080,439.97,1962.1,141.8,11901.6289
13080,13140,442.90,1962.1,151.3,12959.3994
13140,13200,439.83,1961.3,161.8,11992.6670
13200,13260,439.17,1960.4,146.8,12084.0811
13260,13320,440.19,1960.9,140.8,11996.0049
13320,13380,438.81,1960.6,130.6,11920.1416
13380,13440,438.41,1960.5,133.6,11857.7686
13440,13500,440.39,1960.3,147.7,12279.7715
13500,13560,441.49,1960.4,146.1,12149.7969
13560,13620,439.67,1960.0,133.2,12183.2490
13620,13680,439.57,1959.9,130.2,12001.0654
13680,13740,440.80,1960.4,132.2,12101.2988
13740,13800,441.14,1960.2,134.2,12189.4922
13800,13860,439.74,1959.9,134.4,11743.3896
13860,13920,441.51,1960.2,141.6,12340.1299
13920,13980,440.66,1960.1,163.2,11935.6094
13980,14040,439.96,1960.0,199.5,12023.4033
14040,14100,439.06,1959.6,141.9,11918.3848
14100,14160,439.85,1959.5,135.9,11984.1650
14160,14220,439.29,1959.1,131.4,11871.0332
14220,14280,440.59,1959.9,135.4,12348.9170
14280,14340,439.84,1958.9,129.4,12090.8955
14340,14400,439.00,1958.9,130.7,11833.1865
14400,14460,439.01,1958.7,146.5,11713.0400
14460,14520,439.29,1958.1,145.3,12073.5156
14520,14580,439.05,1958.4,155.4,11785.2734
14580,14640,438.49,1958.1,136.5,11835.2627
14640,14700,437.61,1957.6,125.5,11929.1484
14700,14760,438.09,1957.6,125.7,11952.7813
14760,14820,437.61,1957.7,128.9,11684.1279
14820,14880,438.52,1958.1,147.3,11668.4268
14880,14940,440.04,1958.4,153.8,12006.8457
14940,15000,436.91,1956.9,131.4,11325.2451
15000,15060,438.25,1957.6,129.8,11652.7822
15060,15120,438.78,1958.0,130.4,11825.2998
15120,15180,436.69,1957.1,125.2,11346.1006
15180,15240,437.89,1957.8,127.3,11719.8584
15240,15300,437.10,1957.3,124.5,11314.8564
15300,15360,438.53,1958.4,126.4,11576.6553
15360,15420,437.89,1958.0,123.9,11408.7480
15420,15480,438.11,1957.8,126.3,11543.5410
15480,15540,437.64,1957.1,126.0,11332.3154
15540,15600,438.62,1957.6,127.7,11618.0400
15600,15660,438.27,1957.0,127.0,11682.9082
15660,15720,438.33,1956.6,125.1,11910.1172
15720,15780,437.28,1956.1,124.8,11433.5283
15780,15840,437.90,1956.4,137.8,11582.3398
15840,15900,437.49,1956.2,130.9,11573.2676
15900,15960,438.21,1956.4,131.9,11477.9053
15960,16020,437.90,1956.7,140.2,11392.3008
16020,16080,439.38,1956.7,138.9,11623.7891
16080,16140,437.58,1956.1,125.7,11269.8389
16140,16200,437.59,1955.7,122.2,11347.7256
16200,16260,437.13,1955.7,121.1,11230.7217
16260,16320,437.33,1955.9,120.9,11229.3555
16320,16380,437.89,1955.7,123.1,11291.2832
16380,16440,437.55,1955.8,121.1,11144.9629
16440,16500,437.56,1956.0,121.4,11221.8184
16500,16560,437.46,1955.9,122.2,11237.6895
16560,16620,437.52,1956.0,123.4,11160.6904
16620,16680,436.65,1955.9,121.8,10966.8730
16680,16740,436.75,1955.8,127.4,11002.3662
16740,16800,438.45,1957.1,125.6,11161.7920
16800,16860,438.82,1958.3,123.7,11285.7539
16860,16920,440.21,1963.6,125.1,11304.3311
16920,16980,441.55,1967.1,129.6,11301.4072
16980,17040,440.66,1963.9,127.9,11210.4736
17040,17100,438.71,1960.5,126.0,11057.5264
17100,17160,441.72,1964.5,128.8,11374.1152
17160,17220,441.83,1964.4,130.2,11282.4521
17220,17280,442.62,1965.3,133.8,11447.5469
17280,17340,444.63,1964.2,132.4,11985.3066
17340,17400,441.33,1960.5,129.9,11441.6299
17400,17460,441.31,1957.2,125.4,11537.8428
17460,17520,441.75,1956.1,126.6,11786.8887
17520,17580,438.39,1957.2,130.8,11011.9365
17580,17640,442.80,1956.8,141.1,11381.4893
17640,17700,437.81,1956.2,122.9,10949.1318
17700,17760,438.39,1956.8,127.8,10992.2227
17760,17820,441.06,1957.9,151.2,11330.1328
17820,17880,441.92,1958.7,147.0,11143.8994
17880,17940,442.48,1959.2,136.7,11107.4063
17940,18000,442.81,1959.8,142.5,11176.1816
18000,18060,441.37,1959.7,143.2,11140.6719
18060,18120,442.08,1961.6,133.9,11250.7842
18120,18180,441.99,1961.5,141.4,11244.0176
18180,18240,439.96,1959.3,131.9,11065.6973
18240,18300,442.16,1961.4,134.9,11249.3809
18300,18360,443.00,1963.1,133.9,11325.8994
18360,18420,441.55,1961.8,133.9,11223.9541
18420,18480,441.97,1961.5,135.3,11193.0557
18480,18540,442.27,1963.5,138.2,11227.8213
18540,18600,440.16,1961.3,131.1,11085.2754
18600,18660,440.58,1959.8,129.1,11204.1143
18660,18720,444.34,1962.0,153.0,11328.6602
18720,18780,440.15,1961.1,137.2,11153.9756
18780,18840,439.64,1961.3,130.9,11218.9697
18840,18900,442.90,1962.4,142.2,11547.1484
18900,18960,444.50,1966.5,148.4,11585.3955
18960,19020,447.90,1968.1,159.1,11900.7168
19020,19080,447.49,1964.4,159.1,12029.9121
19080,19140,445.28,1964.2,161.6,11940.1162
19140,19200,442.77,1964.3,147.1,11153.3018
19200,19260,443.51,1967.3,148.0,11207.1807
19260,19320,443.16,1965.2,146.2,11250.5664
19320,19380,442.80,1963.4,147.4,11209.8721
19380,19440,444.63,1964.7,155.4,11338.7656
19440,19500,447.84,1969.2,184.9,11869.8984
19500,19560,449.71,1971.1,198.2,11977.8125
19560,19620,451.73,1971.8,219.9,12135.3877
19620,19680,452.84,1971.6,213.8,12061.2031
19680,19740,452.02,1969.7,195.7,12143.8447
19740,19800,451.28,1967.3,180.8,12012.5791
19800,19860,450.14,1966.6,175.8,11991.8066
19860,19920,449.01,1965.7,167.3,11878.4658
19920,19980,449.07,1967.1,169.2,11633.5703
19980,20040,448.13,1964.4,169.3,11534.7334
20040,20100,448.01,1964.6,161.7,11619.1885
20100,20160,449.67,1965.7,162.6,11759.8096
20160,20220,453.04,1966.2,177.7,11663.0791
20220,20280,451.57,1965.9,166.6,11776.5361
20280,20340,451.83,1968.0,175.1,11910.9385
20340,20400,453.40,1969.0,180.1,11953.1328
20400,20460,450.28,1970.5,167.9,11724.6943
20460,20520,447.76,1967.9,159.8,11466.2168
20520,20580,448.66,1967.4,164.3,11643.5645
20580,20640,449.39,1967.5,162.4,11655.5264
20640,20700,448.27,1967.1,157.5,11672.5342
20700,20760,449.41,1968.2,158.4,11720.0752
20760,20820,451.32,1969.4,166.2,11878.0479
20820,20880,447.42,1969.1,156.7,11541.7734
20880,20940,446.89,1965.3,155.9,11669.0322
20940,21000,445.75,1964.3,179.2,11606.6201
21000,21060,447.64,1965.3,157.5,11870.8691
21060,21120,447.41,1966.3,155.7,12085.6729
21120,21180,447.43,1969.2,163.7,11922.0020
21180,21240,447.68,1974.6,158.8,11881.5889
21240,21300,448.78,1979.4,157.7,12148.1094
21300,21360,448.99,1981.3,158.0,11833.6738
21360,21420,449.21,1982.5,161.1,11798.8320
21420,21480,450.11,1980.6,167.5,11847.8428
21480,21540,451.80,1982.2,174.3,12031.1865
21540,21600,448.94,1984.1,164.7,11944.6807
21600,21660,449.34,1983.5,159.2,11935.1787
21660,21720,449.24,1986.5,158.9,11999.4121
21720,21780,452.61,1984.5,173.5,12021.7725
21780,21840,449.80,1981.1,161.2,12001.5859
21840,21900,448.81,1979.9,161.9,11921.0811
21900,21960,449.54,1980.6,160.9,12013.1621
21960,22020,448.73,1976.1,164.0,11928.3047
22020,22080,449.09,1975.6,156.4,11961.9482
22080,22140,449.80,1975.6,157.2,12004.0703
22140,22200,448.94,1975.6,156.8,11933.5068
22200,22260,448.00,1975.0,155.8,11901.4873
22260,22320,447.60,1975.8,158.1,11852.4766
22320,22380,448.60,1977.0,168.5,11898.8027
22380,22440,450.80,1977.9,164.3,12218.9580
22440,22500,450.33,1979.7,184.2,12094.4326
22500,22560,450.00,1983.0,274.3,11998.0508
22560,22620,449.06,1982.7,160.9,12018.7900
22620,22680,449.79,1983.6,168.2,12091.1445
22680,22740,449.98,1985.0,163.3,12080.9580
22740,22800,449.62,1985.8,158.0,12057.2148
22800,22860,451.41,1986.3,167.3,12176.7461
