CampaignData_and_Merges/R0/CSL_MobileLab_Parked/raw/20240807/USOS-POPS_MobileLabGround_20240807_R0.ict
78, 1001
Thornberry, T. D.
NOAA Chemical Sciences Laboratory
Portable Optical Particle Spectrometer (POPS)
USOS
1, 1
2024, 08, 07, 2025, 05, 08
60
Time_Start, seconds_past_midnight, Start time of measurement
45
1, 1, 1, 1, 1, 1, 1, 1, 1, 1, 1, 1, 1, 1, 1, 1, 1, 1, 1, 1, 1, 1, 1, 1, 1, 1, 1, 1, 1, 1, 1, 1, 1, 1, 1, 1, 1, 1, 1, 1, 1, 1, 1, 1, 1
-9999, -9999, -9999, -9999, -9999, -9999, -9999, -9999, -9999, -9999, -9999, -9999, -9999, -9999, -9999, -9999, -9999, -9999, -9999, -9999, -9999, -9999, -9999, -9999, -9999, -9999, -9999, -9999, -9999, -9999, -9999, -9999, -9999, -9999, -9999, -9999, -9999, -9999, -9999, -9999, -9999, -9999, -9999, -9999, -9999
Time_Stop, seconds_past_midnight, Stop time of measurement
Time_Mid, seconds_past_midnight, Mid time of measurement
Press_mb, mb, Pressure reported (mb)
Temp_C, degrees C, POPS temperature measurement
Aerosol_concentration, cm^-3, Aerosol concentration
Surface_Area_Conc, um^2 cm^-3, Surface area concentration
Volume_density, um^3 cm^-3, Volume density
Effective_radius, um, Effective radius
Extinction, km^-1, Extinction
Bin01, cm^-3, particle concentration in size range [1401 - 146.3 nm]
Bin02, cm^-3, particle concentration in size range [146.3 - 152.8 nm]
Bin03, cm^-3, particle concentration in size range [152.8 - 159.6 nm]
Bin04, cm^-3, particle concentration in size range [159.6 - 166.8 nm]
Bin05, cm^-3, particle concentration in size range [166.8 - 174.2 nm]
Bin06, cm^-3, particle concentration in size range [174.2 - 181.9 nm]
Bin07, cm^-3, particle concentration in size range [181.9 - 190.0 nm]
Bin08, cm^-3, particle concentration in size range [190.0 - 198.5 nm]
Bin09, cm^-3, particle concentration in size range [198.5 - 207.4 nm]
Bin10, cm^-3, particle concentration in size range [207.4 - 216.6 nm]
Bin11, cm^-3, particle concentration in size range [216.6 - 226.2 nm]
Bin12, cm^-3, particle concentration in size range [226.2 - 236.3 nm]
Bin13, cm^-3, particle concentration in size range [236.3 - 246.8 nm]
Bin14, cm^-3, particle concentration in size range [246.8 - 257.8 nm]
Bin15, cm^-3, particle concentration in size range [257.8 - 269.3 nm]
Bin16, cm^-3, particle concentration in size range [269.3 - 343.4 nm]
Bin17, cm^-3, particle concentration in size range [343.4 - 450.7 nm]
Bin18, cm^-3, particle concentration in size range [450.7 - 525.9 nm]
Bin19, cm^-3, particle concentration in size range [525.9 - 618.5 nm]
Bin20, cm^-3, particle concentration in size range [618.5 - 710.0 nm]
Bin21, cm^-3, particle concentration in size range [710.0 - 822.7 nm]
Bin22, cm^-3, particle concentration in size range [822.7 - 885.9 nm]
Bin23, cm^-3, particle concentration in size range [885.9 - 953.9 nm]
Bin24, cm^-3, particle concentration in size range [953.9 - 1027.2 nm]
Bin25, cm^-3, particle concentration in size range [1027.2 - 1106.1 nm]
Bin26, cm^-3, particle concentration in size range [1106.1 - 1191.0 nm]
Bin27, cm^-3, particle concentration in size range [1191.0 - 1282.5 nm]
Bin28, cm^-3, particle concentration in size range [1282.5 - 1381.0 nm]
Bin29, cm^-3, particle concentration in size range [1381.0 - 1487.1 nm]
Bin30, cm^-3, particle concentration in size range [1487.1 - 1601.3 nm]
Bin31, cm^-3, particle concentration in size range [1601.3 - 1724.3 nm]
[...]
PLATFORM: NOAA CSL Mobile Lab
LOCATION: USOS
ASSOCIATED_DATA: N/A
INSTRUMENT_INFO: Printed Optical Particle Spectrometer counts particles from 140 - 2500 nm in diameter 
DATA_INFO: Particle concentrations reported in number per cubic centimeter,1 Hz data
UNCERTAINTY: Counting uncertainty dominated by air flow, less than 5 percent. Measurement range is ~0 - 3000 per cm3 (varies depending on flow rate- manufacturer quotes 1250 per cm3 at 1.667 cc/s)
ULOD_FLAG: -7777
ULOD_VALUE: N/A
LLOD_FLAG: -8888
LLOD_VALUE: N/A
DM_CONTACT_INFO: Troy Thornberry, 325 Broadway R/CSL6, Boulder, CO 80305; troy.thornberry@noaa.gov; 303-497-3373
PROJECT_INFO: USOS, Utah POPS data from NOAA CSL Mobile Lab
STIPULATIONS_ON_USE: Please contact the PIs for questions regarding applications and uncertainties
OTHER_COMMENTS: POPS bin Edges (nm):  140.1, 146.3, 152.8, 159.6, 166.8, 174.2, 181.9, 190.0, 198.5, 207.4, 216.6, 226.2, 236.3, 246.8, 257.8, 269.3, 343.4, 450.7, 525.9, 618.5, 710.0, 822.7, 885.9, 953.9, 1027.2, 1106.1, 1191.0, 1282.5, 1381.0, 1487.1, 1601.3, 1724.3, 1856.7, 1999.3, 2152.8, 2318.2, 2496.2
Calculations assume organic aerosol refractive index of 1.52+0.00j and extinction wavelength = 532 nm
REVISION: R0
R0: Final data
Time_Start, Time_Stop, Time_Mid, Press_mb, Temp_C, Aerosol_concentration, Surface_Area_Conc, Volume_density, Effective_radius, Extinction, Bin01, Bin02, Bin03, Bin04, Bin05, Bin06, Bin07, Bin08, Bin09, Bin10, Bin11, Bin12, Bin13, Bin14, Bin15, Bin16, Bin17, Bin18, Bin19, Bin20, Bin21, Bin22, Bin23, Bin24, Bin25, Bin26, Bin27, Bin28, Bin29, Bin30, Bin31, Bin32, Bin33, Bin34, Bin35, Bin36
[from data line 602]
36120,36179,36150,871.877,32.565,272.107,38.347,2.699,0.202,0.010,36.682041,33.158993,29.007881,25.131416,21.774126,18.666010,15.399674,13.812419,11.743950,9.732866,8.639756,7.671154,7.101364,6.351731,4.865897,14.819671,4.784363,1.307003,0.648306,0.074619,0.102953,0.091728,0.068804,0.039580,0.028818,0.028627,0.045847,0.028109,0.046250,0.045609,0.046097,0.034240,0.034881,0.045852,0.011456,0.034865
36180,36239,36210,871.885,32.533,274.980,38.627,2.664,0.200,0.010,36.608692,33.984875,28.257584,25.441822,22.519737,18.792028,16.090246,13.818760,11.465074,10.046179,8.529385,8.016554,7.157164,6.205515,5.089803,15.403410,4.766905,1.337669,0.623454,0.099758,0.133111,0.066745,0.044663,0.050493,0.044381,0.033744,0.044366,0.022077,0.039086,0.067394,0.055861,0.033691,0.000000,0.016855,0.034028,0.038844
36240,36299,36270,871.884,32.713,286.762,40.637,2.861,0.204,0.011,39.003895,34.474842,29.559973,26.698347,23.054655,19.500097,17.097891,14.175842,11.828346,10.488357,9.178358,8.471008,7.115785,6.588694,5.459639,15.715195,5.203752,1.600296,0.618396,0.172099,0.116935,0.055787,0.066723,0.083530,0.027929,0.033302,0.022062,0.038697,0.033053,0.055306,0.049559,0.044996,0.061945,0.011243,0.027515,0.028102
36300,36359,36330,871.885,33.022,304.453,42.588,2.713,0.185,0.011,40.914783,35.724400,31.146721,27.991915,24.156172,21.330362,17.968296,15.185509,13.248762,10.958741,9.818702,8.812845,8.078153,7.011545,5.873127,17.211964,5.611487,1.727047,0.791112,0.171817,0.116048,0.088780,0.061278,0.066163,0.049626,0.033467,0.038661,0.027756,0.044198,0.038489,0.038805,0.027910,0.011093,0.021808,0.022083,0.033176
36360,36419,36390,871.916,33.140,279.218,38.563,2.519,0.189,0.010,38.499454,33.896435,29.040203,26.384539,22.112675,19.310116,16.269541,13.688536,11.417187,9.947597,8.704185,8.379211,7.319629,6.459651,5.072060,14.995963,4.692381,1.408006,0.817131,0.162120,0.133157,0.072565,0.016931,0.067507,0.044634,0.027945,0.016835,0.016581,0.022024,0.022061,0.061106,0.044176,0.050896,0.016475,0.011261,0.016762
36420,36479,36450,871.924,33.081,283.965,40.702,3.063,0.217,0.011,40.023552,34.560635,29.858730,26.714790,23.311028,19.387386,16.517658,13.688870,11.754860,9.607461,9.074744,7.764819,7.286325,6.054818,4.938306,15.509935,4.874981,1.327542,0.634146,0.211739,0.089587,0.061604,0.077877,0.077721,0.044412,0.050378,0.039265,0.050057,0.055549,0.021868,0.121517,0.039420,0.033138,0.021844,0.044595,0.033723
36480,36539,36510,871.926,32.961,285.648,41.068,2.972,0.209,0.011,39.670689,34.669559,29.893530,26.900908,23.028055,19.396137,16.711840,14.162347,11.558823,10.174494,8.521002,8.154779,7.580416,6.348751,5.198879,15.323701,4.983557,1.508006,0.766816,0.172296,0.156127,0.072470,0.077896,0.044451,0.060938,0.050421,0.027892,0.082966,0.060968,0.049918,0.078154,0.028026,0.044162,0.033794,0.033401,0.022150
36540,36599,36570,871.927,32.879,283.612,41.211,3.253,0.227,0.011,38.353378,35.071426,29.546440,26.238182,22.913870,19.104319,16.358324,13.393010,11.902964,10.579792,8.614259,7.903431,7.193911,6.978579,5.389264,15.750684,5.229651,1.451423,0.655158,0.122446,0.127679,0.060768,0.044620,0.049790,0.078285,0.039100,0.027675,0.028099,0.060772,0.055652,0.066788,0.072410,0.044661,0.038599,0.016471,0.049988
36600,36659,36630,871.931,32.845,282.104,41.324,3.315,0.231,0.011,39.584900,34.088089,29.410601,25.986229,22.287041,19.120613,16.287643,13.692215,11.380564,9.761504,9.419473,7.784548,7.294161,6.698462,4.957166,16.164488,4.968939,1.480800,0.704735,0.119285,0.096235,0.102630,0.034119,0.051320,0.079441,0.028052,0.084431,0.022869,0.027756,0.107276,0.073858,0.067937,0.034181,0.011433,0.034459,0.056192
36660,36719,36690,871.917,32.834,282.107,40.200,3.012,0.215,0.011,39.358452,34.879299,29.439333,25.368420,23.081997,19.267662,16.536341,13.716228,11.633809,9.517133,8.613723,8.370366,7.415027,6.315026,5.131382,15.280334,5.144288,1.430218,0.713731,0.117121,0.100137,0.088815,0.049620,0.055439,0.038765,0.061299,0.022501,0.038708,0.044212,0.049866,0.038916,0.055582,0.033106,0.022077,0.010911,0.066852
36720,36779,36750,871.935,33.043,282.019,40.104,2.925,0.211,0.011,39.331978,33.716080,29.637932,26.371222,22.119091,19.683981,16.199783,13.823201,11.687073,10.119130,8.725760,8.170888,7.202129,6.421292,5.129436,15.642656,4.820462,1.563229,0.694953,0.152755,0.147330,0.079065,0.051139,0.034057,0.061973,0.050902,0.062265,0.022589,0.016735,0.034440,0.073962,0.057230,0.034169,0.011418,0.028741,0.039664
36780,36839,36810,871.936,33.172,280.177,39.579,2.852,0.207,0.010,38.449757,34.508858,29.165218,26.397764,22.544703,18.982943,16.373178,13.637783,11.864566,9.702061,8.943518,7.720985,7.127032,6.568872,5.205401,15.367563,4.640759,1.433035,0.591402,0.172509,0.077989,0.094602,0.044287,0.039301,0.077280,0.038230,0.055566,0.050410,0.038993,0.033281,0.067687,0.055343,0.022452,0.027806,0.033525,0.022299
36840,36899,36870,871.948,33.089,281.463,40.188,3.021,0.216,0.010,38.345119,34.141075,28.924686,26.979322,22.841774,19.158838,16.431313,13.831362,11.528858,10.184889,8.767521,7.880127,7.270488,6.574027,5.062982,15.702713,4.989480,1.439912,0.544578,0.100219,0.066171,0.044965,0.067486,0.044716,0.061252,0.011176,0.050336,0.077548,0.033336,0.067138,0.055917,0.055906,0.022187,0.027616,0.044266,0.033577
36900,36959,36930,871.937,33.101,278.213,39.691,2.736,0.200,0.011,38.440464,33.188103,28.399559,25.270306,22.163191,19.015371,16.707684,13.832061,11.475651,10.178154,8.841093,7.915496,7.161295,6.730956,5.482352,15.606328,4.651058,1.422688,0.736774,0.153771,0.132347,0.110852,0.066063,0.049885,0.072401,0.027441,0.032982,0.055499,0.027526,0.049447,0.088429,0.016667,0.033209,0.017046,0.027694,0.033019
36960,37019,36990,871.927,32.982,273.841,39.671,3.047,0.223,0.011,37.938580,33.584652,29.115499,25.220545,21.886194,18.595343,15.996462,13.313390,10.932237,9.889862,8.721482,7.851255,7.045198,6.372181,4.946992,14.536014,4.847589,1.395286,0.610304,0.143654,0.116915,0.099999,0.066589,0.077645,0.038819,0.016484,0.066462,0.038787,0.049988,0.066439,0.083289,0.033534,0.038919,0.033197,0.005537,0.066044
37020,37079,37050,871.916,32.839,276.124,38.957,2.669,0.200,0.010,38.116123,33.350574,29.068806,24.858517,22.382566,18.944811,16.392559,13.937864,11.264335,9.723877,8.447339,8.071165,7.505458,6.423359,5.187385,14.734590,4.782362,1.348382,0.680568,0.127206,0.082855,0.077204,0.061519,0.066806,0.050169,0.066026,0.049783,0.038691,0.027669,0.055342,0.072670,0.022130,0.044243,0.011223,0.010983,0.038941
37080,37139,37110,871.904,32.800,272.407,39.058,2.845,0.211,0.010,37.895611,33.163425,28.464764,25.190262,22.062073,18.356335,15.828441,13.058438,11.208504,10.051954,8.422861,7.907530,7.126954,6.411981,4.972169,14.314064,4.807511,1.414884,0.784324,0.169043,0.101393,0.061556,0.073744,0.045378,0.061919,0.045435,0.045001,0.039092,0.044779,0.039764,0.073851,0.028382,0.033771,0.045226,0.016745,0.039577
37140,37199,37170,871.914,33.047,273.345,39.144,2.896,0.215,0.010,37.618309,32.635223,28.348280,25.189096,22.031567,18.981030,16.279263,13.980286,11.329627,9.719056,8.076092,7.798093,7.047751,6.560030,5.207409,14.809397,4.786249,1.326587,0.655032,0.103904,0.198241,0.033348,0.060122,0.083181,0.049201,0.055030,0.043848,0.021807,0.055105,0.032971,0.066085,0.037979,0.022084,0.026820,0.016345,0.060635
37200,37259,37230,871.924,33.161,271.832,38.301,2.654,0.200,0.010,37.704002,32.775131,28.240103,25.704645,21.956802,18.220276,16.114103,13.371047,11.338447,9.378254,7.961500,7.672514,6.972583,6.344740,5.100681,15.227848,4.817304,1.471644,0.599695,0.122244,0.144610,0.044399,0.055193,0.055826,0.060953,0.044268,0.038817,0.027547,0.044692,0.038866,0.050159,0.032993,0.011130,0.016723,0.033430,0.038837
37260,37319,37290,871.924,33.079,277.424,39.216,2.758,0.205,0.010,38.519936,32.691517,28.841810,25.361296,22.625685,19.506174,15.997499,13.765322,11.574923,10.376014,8.406743,7.995718,7.299401,6.868257,4.931498,14.936613,4.785206,1.366234,0.685191,0.128141,0.105718,0.066675,0.067508,0.066971,0.049451,0.044472,0.022316,0.044336,0.027560,0.044220,0.072624,0.033062,0.027920,0.033065,0.016314,0.038634
37320,37379,37350,871.903,33.019,275.402,38.269,2.589,0.194,0.010,37.489010,33.258816,28.463902,25.616949,22.516016,18.481766,15.349887,14.119379,11.502771,10.743093,8.695283,8.348518,7.003522,6.221790,4.980064,15.172929,4.612863,1.356299,0.721052,0.099537,0.110837,0.077956,0.066423,0.033301,0.055331,0.044769,0.033321,0.000000,0.022207,0.032960,0.027654,0.033362,0.016649,0.016485,0.027433,0.050250
37380,37439,37410,871.890,32.910,273.355,38.053,2.498,0.192,0.010,37.482231,32.601830,28.943512,25.479971,22.116077,18.005325,15.778267,13.480536,11.703583,10.030912,8.913273,8.006313,6.896235,6.215152,5.228292,14.877583,4.835889,1.269503,0.661305,0.105426,0.100375,0.050256,0.072276,0.050490,0.061317,0.078347,0.044439,0.022244,0.028018,0.044638,0.055655,0.038538,0.027652,0.011039,0.033580,0.005394
37440,37499,37470,871.878,32.799,273.251,38.335,2.616,0.198,0.010,37.303223,33.144852,28.894442,25.602430,22.094292,18.474382,15.827722,13.639781,11.425331,9.762443,8.460753,7.766482,6.987973,6.353206,4.840779,15.145423,4.706300,1.234482,0.636117,0.111395,0.128272,0.089318,0.093806,0.094543,0.049662,0.038940,0.038899,0.066753,0.016619,0.032955,0.055272,0.044271,0.027909,0.028254,0.011186,0.022130
37500,37559,37530,871.853,32.887,274.553,39.010,2.870,0.212,0.010,39.880032,33.416985,29.238138,24.781580,21.699434,19.095760,15.436022,13.590959,10.836463,9.745408,8.208005,7.948080,6.781477,6.401060,4.753969,14.919020,4.768857,1.474472,0.614871,0.139125,0.105642,0.054766,0.038694,0.093531,0.078211,0.043731,0.049780,0.050049,0.039127,0.054648,0.060973,0.055185,0.032764,0.000000,0.022243,0.044292
37560,37619,37590,871.874,33.146,272.147,38.251,2.811,0.212,0.010,38.300850,34.096874,28.288355,25.504177,21.866158,18.319489,15.565447,13.086783,11.506132,9.602615,8.004026,7.768874,6.843196,6.373618,5.003292,14.573882,4.667377,1.302723,0.586348,0.132302,0.088911,0.066456,0.044788,0.083839,0.060752,0.049858,0.005447,0.044477,0.027027,0.055906,0.061109,0.071551,0.027998,0.016361,0.016633,0.032905
37620,37679,37650,871.862,33.224,270.550,37.533,2.547,0.196,0.009,36.753197,32.599613,28.661987,25.178888,22.034349,18.735216,15.599417,13.536915,10.863802,9.470550,8.736011,8.234280,7.421039,6.344982,4.868886,14.244620,4.509477,1.429245,0.564233,0.147683,0.117855,0.050635,0.045681,0.039744,0.022441,0.027925,0.045432,0.011246,0.039173,0.039757,0.033920,0.028604,0.023046,0.017008,0.033925,0.039479
37680,37739,37710,871.855,33.115,268.028,38.153,2.662,0.202,0.010,36.233444,32.108379,27.782503,24.610912,21.520449,18.657682,15.792887,13.335233,11.253776,9.553858,8.609630,7.723514,7.036799,6.247287,4.864109,14.954510,4.799410,1.406168,0.625851,0.123678,0.112969,0.078665,0.061741,0.056023,0.028189,0.073194,0.045262,0.050700,0.027939,0.061718,0.073388,0.033788,0.022270,0.005539,0.016952,0.039314
37740,37799,37770,871.858,33.048,267.483,38.690,2.997,0.221,0.010,36.573723,32.346992,27.443737,25.133007,21.701548,18.381340,15.333901,12.887728,11.310468,9.862082,8.316493,8.008978,6.994125,5.986147,4.897708,14.835005,4.491840,1.447880,0.615356,0.165908,0.093473,0.072500,0.044633,0.043823,0.038574,0.033343,0.022274,0.027824,0.050057,0.038883,0.093790,0.038912,0.027530,0.027769,0.045263,0.049993
37800,37859,37830,871.850,32.873,269.886,38.905,3.032,0.222,0.010,36.755085,32.560184,28.010563,25.583668,21.694529,18.870481,15.971789,13.456582,11.182507,9.887849,8.472423,7.703688,7.036217,5.847741,4.749050,14.450726,4.719584,1.373994,0.591284,0.129530,0.112793,0.067020,0.078565,0.061763,0.050655,0.039515,0.050482,0.039412,0.022348,0.044700,0.056176,0.056733,0.050995,0.022664,0.050592,0.033649
37860,37919,37890,871.854,32.685,271.586,38.084,2.623,0.200,0.010,36.595299,32.635765,28.662106,24.329418,22.026251,19.334423,15.996500,13.569201,11.388544,10.106366,8.367689,8.006874,7.296404,6.528996,4.877302,14.710346,4.392412,1.339791,0.553571,0.133384,0.088464,0.077725,0.033534,0.050050,0.044617,0.049982,0.067556,0.050408,0.044336,0.055671,0.033596,0.038817,0.039618,0.011319,0.027911,0.022243
37920,37979,37950,871.871,32.747,266.838,37.672,2.579,0.199,0.010,36.059486,31.740332,28.097958,24.666704,21.592129,18.278576,15.679473,13.311397,11.146280,9.617061,8.341313,8.159264,6.663996,6.098550,5.096838,14.660378,4.734034,1.417033,0.622365,0.104592,0.109581,0.088522,0.077031,0.055728,0.071268,0.027584,0.027349,0.038971,0.027658,0.049524,0.038770,0.027547,0.038514,0.016362,0.016475,0.038958
37980,38039,38010,871.869,33.004,271.540,38.095,2.597,0.198,0.010,37.356735,32.811165,28.293140,24.480066,22.084898,18.676933,16.300829,13.611137,11.505343,9.702457,8.381153,7.873767,7.169466,6.231061,4.880195,14.683608,4.825858,1.124635,0.732683,0.106077,0.083346,0.066849,0.060956,0.038956,0.066794,0.060535,0.043578,0.038609,0.011093,0.027469,0.061263,0.021716,0.050023,0.027836,0.022042,0.027640
38040,38099,38070,871.892,33.106,269.930,37.444,2.536,0.197,0.010,36.831970,32.736694,28.145252,25.517784,21.653597,18.652733,15.324977,13.294301,11.120541,10.335237,8.565772,7.964825,7.007220,6.109294,4.966965,14.416264,4.534808,1.292351,0.586229,0.183609,0.106141,0.072191,0.061202,0.083526,0.027669,0.033528,0.027651,0.016798,0.044435,0.016653,0.050382,0.055289,0.061071,0.005464,0.005631,0.022222
38100,38159,38130,871.909,33.014,272.592,39.104,2.883,0.215,0.011,37.319893,32.337494,28.430912,25.702934,21.685701,19.047714,15.662612,13.215798,11.138619,10.052847,8.574958,8.208201,7.054923,6.542405,4.887814,15.128136,4.564983,1.236137,0.792126,0.149480,0.105360,0.083843,0.094821,0.067088,0.072137,0.043640,0.016816,0.049914,0.049522,0.032957,0.066021,0.055157,0.060374,0.010858,0.016579,0.032994
38160,38219,38190,871.912,32.949,269.698,38.204,2.720,0.205,0.010,36.524815,31.746544,27.953348,25.207195,21.591763,18.506413,15.703898,13.715940,11.594028,10.141412,8.169900,8.104435,6.881939,6.444706,5.015943,15.153090,4.600930,1.196102,0.598193,0.121298,0.094338,0.083505,0.060995,0.044613,0.049836,0.027780,0.033319,0.032918,0.033225,0.033272,0.077856,0.032799,0.038935,0.022260,0.016484,0.044447
38220,38279,38250,871.922,32.886,273.297,39.216,2.751,0.204,0.011,37.152172,33.189407,28.130938,25.625654,21.498737,18.809305,15.337400,13.733173,11.398256,9.729711,8.902910,7.926843,7.041129,6.651649,4.968992,15.201233,4.917583,1.450744,0.592665,0.161868,0.138704,0.084451,0.106155,0.056394,0.045571,0.050094,0.044488,0.039235,0.039322,0.044763,0.088789,0.022375,0.033379,0.038554,0.022179,0.022375
38280,38339,38310,871.931,32.791,273.126,41.141,3.488,0.245,0.012,36.639530,33.317295,27.979517,25.468737,22.123556,18.883177,15.748618,13.271328,11.453173,9.836699,8.614476,7.768442,7.337322,6.544948,5.053047,15.091331,4.757467,1.263522,0.664941,0.144758,0.144234,0.121043,0.088151,0.110740,0.077963,0.060463,0.055674,0.066886,0.049714,0.072143,0.072128,0.061282,0.061589,0.038312,0.027676,0.055677
38340,38399,38370,871.917,32.865,275.619,40.318,3.045,0.216,0.011,37.559132,32.968185,28.725737,26.039106,21.881435,18.889454,16.202900,13.465691,11.260615,9.437152,8.749549,7.908660,7.370931,6.404623,5.186298,15.450545,4.946660,1.327350,0.688625,0.150239,0.177876,0.072239,0.116870,0.050041,0.061006,0.055195,0.066722,0.038881,0.033487,0.094457,0.066685,0.033658,0.049893,0.027783,0.016594,0.044657
38400,38459,38430,871.937,33.105,278.066,42.345,3.667,0.252,0.012,38.057014,33.375977,28.495724,26.348139,22.662310,18.680559,16.310658,13.819583,11.368014,9.811642,8.608470,7.724094,7.173385,6.151037,5.156281,15.541023,5.090439,1.590205,0.822225,0.172093,0.183753,0.100680,0.061120,0.050100,0.044237,0.049621,0.061473,0.067029,0.060939,0.072295,0.100140,0.056448,0.050179,0.033180,0.060509,0.055457
