CampaignData_and_Merges/R0/CSL_MobileLab_Parked/raw/20240730/USOS-NOAAIodideCIMS-OrgNitrs_MobileLabGround_20240730_RA.ict
37, 1001
Michael A Robinson, Chris Jernigan, Subi Thakali
NOAA ESRL Chemical Sciences Laboratory and CIRES, U. of Colorado
NOAA Iodide CIMS Instrument
USOS
1, 1
2024, 07, 30, 2024, 07, 31
1
starttime_UTC, seconds_past_midnight, seconds_of_day_since_00:00:00_UTC
5
1, 1, 1, 1, 1
-9999, -9999, -9999, -9999, -9999
C4H7NO5_NOAACIMS, pptv, Gas_C4H7NO5_InSitu_S_AVMR, 
ISOPN_NOAACIMS, pptv, Gas_ISOPN_InSitu_S_AVMR, 
C5H10O3_NOAACIMS, pptv, Gas_C5H10O3_InSitu_S_AVMR, 
C5H9NO5_NOAACIMS, pptv, Gas_C5H9NO5_InSitu_S_AVMR, 
C10H17NO4_NOAACIMS, pptv, Gas_C10H17NO4_InSitu_S_AVMR, 
0
18
PI_CONTACT_INFO: 325 Broadway, R/CSD 7, Boulder, Colorado 80305; michael.a.robinson@noaa.gov; chris.jernigan@noaa.gov;
PLATFORM: NOAA CSL Mobile Lab
LOCATION: SLC, Utah
ASSOCIATED_DATA: 1Hz data also available on request.
INSTRUMENT_INFO: NOAA I- ToF CIMS
DATA_INFO: All data in parts per trillion by volume (pptv). 1 Hz data is available upon request.
UNCERTAINTY: TBD
ULOD_FLAG: -7777
ULOD_VALUE: N/A
LLOD_FLAG: -8888
LLOD_VALUE: N/A
DM_CONTACT_INFO: Nathan Howard; nathan.h.howard@noaa.gov
PROJECT_INFO: USOS, summer 2024. https://csl.noaa.gov/groups/csl7/measurements/2024usos/
STIPULATIONS_ON_USE: Users are strongly encouraged to contact the PI for proper data usage.
OTHER_COMMENTS: 
REVISION: RA
RA: Preliminary Data; For in-field use only
starttime_UTC, C4H7NO5_NOAACIMS, ISOPN_NOAACIMS, C5H10O3_NOAACIMS, C5H9NO5_NOAACIMS, C10H17NO4_NOAACIMS
     0,  1.342,  7.096, 16.586,  1.099,  0.158
    60,  1.370,  7.314, 16.253,  0.978,  0.217
   120,  1.312,  6.555, 17.497,  1.094,  0.159
   180,  1.312,  7.334, 16.363,  0.825,  0.208
   240,  1.324,  7.332, 17.492,  0.963,  0.191
   300,  1.358,  7.875, 16.331,  0.932,  0.201
   360,  1.427,  8.327, 18.137,  1.018,  0.138
   420,  1.434,  8.375, 17.647,  1.036,  0.238
   480,  1.428,  7.939, 17.536,  1.002,  0.211
   540,  1.274,  6.480, 15.675,  0.933,  0.191
   600,  1.165,  5.123, 14.920,  0.896,  0.134
   660,  1.159,  5.017, 13.834,  0.926,  0.229
   720, -9999.000, -9999.000, -9999.000, -9999.000, -9999.000
   780,  1.154,  5.469, 10.833,  1.055,  0.160
   840,  1.097,  5.530, 10.014,  1.020,  0.208
   900,  1.244,  6.789, 12.052,  0.981,  0.243
   960,  1.215,  6.957, 10.354,  0.771,  0.205
  1020,  1.098,  4.644, 11.342,  1.070,  0.153
  1080,  1.009,  3.639,  9.519,  0.534, -0.042
  1140,  1.067,  4.485,  8.780,  0.557,  0.005
  1200,  1.030,  4.084,  9.441,  0.605,  0.020
  1260,  0.984,  4.660,  7.064,  0.751,  0.158
  1320,  1.023,  4.817,  6.958,  0.774,  0.137
  1380,  0.973,  4.972,  7.118,  0.742,  0.142
  1440,  0.999,  5.342,  7.426,  0.796,  0.126
  1500,  0.966,  5.439,  6.823,  0.685,  0.098
  1560,  0.972,  5.622,  7.093,  0.743,  0.062
  1620,  0.902,  4.464,  5.848,  0.204, -0.057
  1680,  0.977,  5.796,  6.669,  0.847,  0.149
  1740,  1.342,  6.518,  7.920,  0.779,  0.166
  1800,  2.781,  6.809, 19.652,  0.842,  0.019
  1860,  3.202,  8.265, 26.861,  1.502,  0.172
  1920,  3.225,  7.874, 29.291,  1.524,  0.140
  1980,  3.409,  8.355, 31.569,  1.577,  0.119
  2040,  3.545,  8.818, 35.364,  1.810,  0.185
  2100,  3.556,  8.479, 35.708,  1.644,  0.160
  2160,  3.593,  9.049, 36.829,  1.675,  0.137
  2220,  3.469,  8.398, 35.391,  1.848,  0.149
  2280,  3.457,  8.471, 35.073,  1.628,  0.117
  2340,  3.517,  8.714, 34.520,  1.716,  0.160
  2400,  3.446,  9.124, 34.866,  1.713,  0.163
  2460,  3.516,  8.663, 34.380,  1.532,  0.076
  2520,  3.540,  9.438, 36.839,  1.723,  0.266
  2580, -9999.000, -9999.000, -9999.000, -9999.000, -9999.000
  2640,  3.470,  9.603, 37.438,  1.724,  0.126
  2700,  3.386, 10.015, 38.175,  1.873,  0.124
  2760,  3.498,  9.496, 39.376,  1.685,  0.027
  2820,  3.520,  9.491, 39.730,  1.745,  0.008
  2880,  3.476, 10.233, 38.080,  1.776,  0.130
  2940,  3.516, 10.691, 39.966,  1.751,  0.105
  3000,  3.459, 10.318, 39.195,  1.910,  0.241
  3060,  3.441, 10.161, 38.093,  1.803,  0.263
  3120,  3.305,  9.567, 37.537,  1.905,  0.182
  3180,  3.392,  9.858, 35.778,  1.911,  0.245
  3240,  3.399,  9.773, 35.801,  1.919,  0.193
  3300,  3.313, 10.321, 36.427,  2.025,  0.239
  3360,  3.337,  9.750, 33.705,  1.895,  0.186
  3420,  3.255,  9.484, 34.691,  1.995,  0.167
  3480,  3.214,  9.277, 33.428,  2.049,  0.204
  3540,  3.164,  9.293, 33.723,  1.802,  0.233
  3600,  3.135,  9.121, 31.943,  1.967,  0.138
  3660,  3.209,  8.981, 32.850,  1.992,  0.220
  3720,  3.216,  8.828, 32.848,  2.097,  0.235
  3780,  3.145,  8.528, 31.393,  1.936,  0.213
  3840,  3.123,  8.728, 31.920,  1.921,  0.170
  3900,  3.102,  8.493, 30.562,  1.996,  0.133
  3960,  3.088,  8.099, 30.691,  1.932,  0.110
  4020,  3.059,  8.067, 31.214,  1.961,  0.070
  4080,  3.055,  7.953, 31.077,  2.031,  0.093
  4140,  3.063,  8.756, 31.661,  1.823,  0.115
  4200,  3.078,  8.520, 30.529,  1.912,  0.138
  4260,  3.021,  7.996, 30.732,  2.014,  0.042
  4320,  3.025,  8.253, 31.244,  2.000,  0.083
  4380,  3.082,  8.375, 31.319,  2.041,  0.050
  4440, -9999.000, -9999.000, -9999.000, -9999.000, -9999.000
  4500,  3.011,  7.962, 27.928,  2.089,  0.037
  4560,  3.263,  8.958, 29.901,  2.051,  0.191
  4620,  3.209,  8.881, 31.179,  1.991,  0.155
  4680,  3.361,  9.314, 31.848,  2.114,  0.168
  4740,  3.379, 10.045, 32.902,  2.187,  0.312
  4800,  3.341, 10.132, 32.381,  2.028,  0.278
  4860,  3.390,  9.595, 32.389,  2.157,  0.173
  4920,  3.353,  9.673, 31.588,  2.077,  0.198
  4980,  3.280, 10.129, 33.763,  2.074,  0.163
  5040,  3.211,  9.910, 32.275,  2.054,  0.075
  5100,  3.085,  8.976, 32.058,  2.062,  0.118
  5160,  3.004,  9.102, 31.974,  1.996,  0.130
  5220,  3.050,  9.653, 32.171,  2.212,  0.143
  5280,  2.938,  8.864, 31.538,  1.920,  0.155
  5340,  2.935,  8.478, 31.180,  1.928,  0.253
  5400,  2.897,  8.422, 30.970,  1.835,  0.189
  5460,  2.784,  8.208, 30.151,  2.049,  0.194
  5520,  2.785,  8.304, 30.591,  1.905,  0.241
  5580,  2.821,  8.840, 29.843,  1.982,  0.251
  5640,  2.675,  7.923, 28.371,  1.814,  0.166
  5700,  2.681,  8.317, 28.418,  1.919,  0.135
  5760,  2.691,  8.256, 27.746,  1.853,  0.180
  5820,  2.661,  8.344, 28.343,  1.833,  0.184
  5880,  2.743,  8.622, 28.537,  1.857,  0.276
  5940,  2.721,  8.491, 27.971,  1.895,  0.246
  6000,  2.832,  8.959, 28.623,  1.860,  0.216
  6060,  2.801,  9.842, 28.993,  1.899,  0.320
  6120,  2.720,  9.428, 28.872,  1.905,  0.152
  6180,  2.713,  9.607, 29.919,  2.061,  0.217
  6240,  2.641, 10.209, 28.298,  1.549,  0.096
  6300,  2.492,  9.723, 29.018,  1.941,  0.158
  6360,  2.537,  9.844, 28.563,  1.921,  0.148
  6420,  2.537, 10.664, 30.962,  1.880,  0.259
  6480,  2.524, 10.299, 30.677,  1.826,  0.232
  6540,  2.476, 10.717, 30.900,  1.874,  0.297
  6600,  2.468, 10.963, 31.270,  1.651,  0.311
  6660,  2.507, 10.593, 31.743,  1.855,  0.249
  6720,  2.507, 10.782, 32.022,  1.862,  0.278
  6780,  2.409, 11.088, 30.549,  1.843,  0.348
  6840,  2.562, 11.332, 31.980,  2.015,  0.330
  6900,  2.513, 12.251, 32.934,  1.849,  0.240
  6960,  2.434, 11.828, 31.340,  1.878,  0.209
  7020,  2.587, 12.655, 32.369,  1.917,  0.278
  7080,  2.452, 11.779, 31.294,  1.803,  0.306
  7140,  2.428, 12.274, 30.821,  1.921,  0.247
  7200,  2.499, 12.406, 32.820,  1.956,  0.246
  7260,  2.472, 12.237, 31.912,  1.920,  0.284
  7320,  2.476, 11.651, 31.882,  1.681,  0.229
  7380,  2.436, 12.193, 31.834,  1.901,  0.314
  7440,  2.397, 12.169, 31.508,  1.942,  0.190
  7500,  2.464, 11.784, 32.155,  1.962,  0.240
  7560,  2.331, 11.489, 31.768,  1.852,  0.145
  7620,  2.334, 10.988, 30.134,  1.959,  0.165
  7680,  2.326, 11.716, 31.485,  1.839,  0.164
  7740,  2.362, 10.993, 31.734,  2.018,  0.227
  7800,  2.321, 11.748, 31.944,  1.829,  0.142
  7860,  2.308, 11.012, 29.667,  1.591,  0.007
  7920,  2.246, 10.858, 32.249,  1.850,  0.026
  7980,  2.235, 10.367, 31.128,  1.951,  0.035
  8040,  2.201, 11.441, 30.994,  2.056,  0.110
  8100, -9999.000, -9999.000, -9999.000, -9999.000, -9999.000
  8160,  2.067, 10.006, 25.717,  1.867,  0.096
  8220,  2.078, 10.302, 27.429,  1.934,  0.061
  8280,  2.081, 10.076, 29.271,  1.926,  0.064
  8340,  2.135, 10.368, 27.585,  2.081,  0.177
  8400,  2.094, 10.169, 28.127,  2.042,  0.208
  8460,  2.020,  9.987, 27.768,  2.034,  0.063
  8520,  2.122, 10.641, 28.620,  2.131,  0.244
  8580,  2.176, 10.794, 29.396,  2.189,  0.278
  8640,  2.127, 11.369, 30.180,  2.350,  0.354
  8700,  2.160, 11.026, 30.411,  2.066,  0.311
  8760,  2.169, 10.613, 30.685,  2.281,  0.380
  8820,  2.164, 10.405, 30.988,  2.422,  0.309
  8880,  2.203, 10.928, 33.057,  2.511,  0.304
  8940,  2.209,  9.560, 30.238,  2.401,  0.269
  9000,  2.238,  8.888, 29.044,  2.309,  0.216
  9060,  2.414,  8.544, 22.774,  1.523,  0.309
  9120,  2.117,  8.222, 27.255,  2.398,  0.341
  9180,  2.114,  7.979, 27.376,  2.510,  0.321
  9240,  2.094,  8.075, 30.174,  2.444,  0.344
  9300, -9999.000, -9999.000, -9999.000, -9999.000, -9999.000
  9360,  2.059,  8.168, 27.078,  2.300,  0.359
  9420,  2.046,  8.487, 26.840,  2.418,  0.351
  9480,  2.179,  8.662, 28.705,  2.464,  0.423
  9540,  2.084,  8.582, 27.909,  2.425,  0.428
  9600,  2.073,  8.840, 29.056,  2.569,  0.339
  9660,  2.083,  8.600, 28.801,  2.518,  0.348
  9720,  2.169,  9.313, 29.834,  2.791,  0.396
  9780,  2.193,  9.511, 27.901,  2.571,  0.432
  9840,  2.153,  9.274, 29.325,  2.549,  0.424
  9900,  2.083,  9.397, 27.539,  2.543,  0.465
  9960,  2.129,  9.415, 28.503,  2.743,  0.441
 10020,  2.090,  8.461, 26.549,  2.733,  0.512
 10080,  2.076,  9.238, 28.193,  2.937,  0.522
 10140,  2.142,  9.180, 28.453,  3.070,  0.554
 10200,  2.145,  9.591, 28.287,  2.936,  0.471
 10260,  2.088,  9.683, 29.205,  3.195,  0.590
 10320,  2.163, 10.119, 29.529,  3.059,  0.596
 10380,  2.186,  9.671, 29.272,  3.144,  0.595
 10440,  2.238,  9.636, 28.414,  3.096,  0.606
 10500,  2.253,  9.582, 29.022,  3.117,  0.711
 10560,  2.193, 11.679, 31.175,  3.251,  0.766
 10620,  2.219, 11.995, 31.352,  3.356,  0.836
 10680,  2.220, 12.152, 32.645,  3.326,  0.834
 10740,  2.301, 12.286, 32.809,  3.283,  0.860
 10800,  2.330, 12.656, 32.489,  3.245,  0.825
 10860,  2.303, 12.632, 35.430,  3.397,  0.924
 10920,  2.345, 12.645, 34.421,  3.373,  0.863
 10980,  2.274, 12.736, 32.750,  3.444,  0.821
 11040,  2.334, 12.771, 34.270,  3.748,  0.856
 11100,  2.193, 12.696, 33.993,  3.757,  0.681
 11160,  2.125, 11.785, 32.376,  4.021,  0.554
 11220,  2.222, 13.406, 33.742,  4.073,  0.759
 11280,  2.201, 13.488, 33.979,  4.062,  0.578
 11340,  2.204, 12.939, 33.469,  4.263,  0.676
 11400,  2.214, 14.042, 34.932,  4.177,  0.758
 11460,  2.225, 13.398, 33.648,  4.302,  0.828
 11520,  2.223, 13.905, 34.474,  4.434,  0.784
 11580,  2.233, 14.084, 34.903,  4.240,  0.890
 11640,  2.257, 14.047, 36.988,  4.537,  0.755
 11700,  2.258, 14.439, 37.673,  4.352,  0.734
 11760,  2.187, 14.081, 36.510,  4.270,  0.675
 11820,  2.172, 14.371, 38.675,  4.195,  0.762
 11880,  2.200, 14.517, 38.667,  4.205,  0.731
 11940,  2.170, 14.501, 37.178,  4.241,  0.688
 12000,  2.184, 14.924, 37.091,  4.140,  0.787
 12060,  2.152, 14.722, 39.242,  4.407,  0.761
 12120,  2.204, 14.688, 39.686,  4.188,  0.783
 12180,  2.137, 14.690, 38.452,  3.973,  0.765
 12240,  2.206, 14.347, 37.720,  4.317,  0.724
 12300,  2.140, 14.458, 37.939,  4.222,  0.656
 12360,  2.121, 14.127, 37.913,  4.311,  0.707
 12420,  2.166, 14.459, 38.551,  4.239,  0.787
 12480,  2.125, 14.248, 36.858,  4.307,  0.759
 12540,  2.056, 13.656, 36.396,  4.235,  0.728
 12600,  2.117, 13.762, 36.211,  4.286,  0.780
 12660,  2.029, 13.184, 35.726,  4.292,  0.751
 12720,  2.000, 13.067, 33.636,  4.208,  0.736
 12780,  2.048, 12.863, 33.794,  4.306,  0.779
 12840,  2.018, 13.021, 32.477,  4.244,  0.677
 12900,  2.007, 12.323, 32.200,  4.224,  0.689
 12960,  1.948, 12.703, 30.314,  4.396,  0.635
 13020,  1.604, 11.551, 29.125,  4.603,  0.762
 13080,  1.939, 12.142, 28.454,  4.281,  0.680
 13140,  1.914, 12.064, 27.981,  4.362,  0.622
 13200,  1.959, 11.664, 29.198,  4.179,  0.620
 13260,  1.926, 12.283, 27.714,  4.261,  0.614
 13320,  1.902, 11.518, 27.784,  4.341,  0.644
 13380,  1.886, 11.124, 27.842,  4.220,  0.666
 13440,  1.958, 11.905, 28.564,  4.380,  0.718
 13500,  1.941, 11.522, 27.214,  4.397,  0.679
 13560,  1.959, 11.725, 26.937,  4.246,  0.654
 13620,  1.942, 11.583, 28.167,  4.246,  0.689
 13680,  1.934, 11.105, 27.391,  4.049,  0.660
 13740,  1.935, 11.456, 24.834,  4.287,  0.686
 13800,  1.963, 11.395, 26.018,  4.254,  0.795
 13860,  1.975, 11.009, 26.806,  4.059,  0.645
 13920,  1.939, 10.957, 26.305,  4.106,  0.660
 13980,  1.895, 10.531, 25.628,  4.302,  0.727
 14040,  1.903, 10.652, 26.495,  4.275,  0.708
 14100,  1.807, 10.467, 25.140,  4.216,  0.600
 14160,  1.910, 10.651, 24.806,  4.237,  0.710
 14220,  1.961, 11.351, 25.814,  4.275,  0.771
 14280,  1.963, 11.178, 25.491,  4.292,  0.715
 14340,  1.911, 11.190, 26.325,  4.374,  0.757
 14400,  1.928, 11.180, 27.144,  4.250,  0.743
 14460,  1.947, 10.656, 25.366,  4.199,  0.705
 14520,  1.929, 10.621, 25.871,  4.321,  0.695
 14580,  1.965, 10.959, 26.025,  4.335,  0.708
 14640,  1.945, 10.909, 26.542,  4.360,  0.824
 14700,  1.992, 10.655, 26.606,  4.466,  0.715
 14760,  1.921, 10.859, 26.861,  4.437,  0.744
 14820,  2.015, 11.434, 25.671,  4.475,  0.690
 14880,  1.952, 10.785, 24.073,  4.089,  0.740
 14940,  1.989, 10.853, 25.799,  4.397,  0.747
 15000,  1.975, 10.621, 26.166,  4.508,  0.682
 15060,  1.993, 10.796, 25.731,  4.238,  0.668
 15120,  2.031, 11.107, 25.653,  4.453,  0.798
 15180,  2.018, 11.154, 25.937,  4.471,  0.740
 15240,  2.008, 11.358, 27.341,  4.643,  0.827
 15300,  1.985, 11.321, 25.809,  4.860,  0.883
 15360,  1.991, 11.508, 26.657,  4.747,  0.858
 15420,  2.027, 11.436, 27.934,  4.936,  0.808
 15480,  2.022, 11.413, 26.799,  4.737,  0.673
 15540,  2.009, 11.265, 28.170,  4.773,  0.758
 15600,  2.085, 11.495, 27.328,  4.844,  0.754
 15660,  2.088, 11.482, 28.413,  4.695,  0.776
 15720,  2.051, 11.301, 27.184,  4.665,  0.780
 15780,  2.067, 11.210, 28.253,  4.830,  0.832
 15840,  2.078, 11.933, 28.913,  4.855,  0.748
 15900,  2.087, 11.587, 29.629,  4.982,  0.630
 15960,  2.001, 10.976, 29.030,  4.645,  0.536
 16020,  2.149, 12.384, 29.984,  5.186,  0.723
 16080,  2.117, 12.027, 30.111,  5.119,  0.653
 16140,  2.062, 12.209, 28.991,  4.871,  0.681
 16200,  2.040, 11.551, 28.759,  4.829,  0.566
 16260,  2.082, 11.679, 29.867,  5.233,  0.693
 16320,  2.106, 12.108, 30.681,  5.163,  0.706
 16380,  2.075, 11.697, 29.440,  5.082,  0.674
 16440,  2.123, 11.898, 30.816,  5.312,  0.722
 16500,  2.127, 12.079, 30.886,  5.270,  0.657
 16560,  2.170, 12.708, 32.390,  5.243,  0.639
 16620,  2.191, 12.398, 31.098,  5.348,  0.539
 16680, -9999.000, -9999.000, -9999.000, -9999.000, -9999.000
 16740,  2.116, 11.865, 29.114,  5.193,  0.494
 16800,  2.189, 12.472, 29.995,  5.516,  0.582
 16860,  2.155, 12.123, 30.637,  5.440,  0.661
 16920,  2.172, 12.106, 32.266,  5.602,  0.550
 16980,  2.178, 12.549, 30.657,  5.468,  0.601
 17040,  2.231, 12.703, 32.305,  5.753,  0.604
 17100,  2.227, 12.686, 31.727,  5.865,  0.580
 17160,  2.168, 12.017, 31.294,  5.741,  0.609
 17220,  2.206, 12.653, 33.654,  6.110,  0.586
 17280,  2.262, 12.808, 33.028,  6.006,  0.603
 17340,  2.263, 12.033, 32.340,  5.903,  0.641
 17400,  2.237, 12.241, 33.265,  6.115,  0.598
 17460,  2.245, 11.954, 32.167,  5.978,  0.621
 17520,  2.145, 11.572, 32.783,  6.112,  0.578
 17580,  2.216, 11.956, 31.522,  6.130,  0.554
 17640,  2.199, 11.671, 31.427,  6.397,  0.584
 17700,  2.205, 11.488, 31.944,  6.190,  0.538
 17760,  2.143, 11.033, 30.746,  6.211,  0.576
 17820,  2.221, 11.644, 32.070,  6.292,  0.548
 17880,  2.230, 11.665, 32.158,  6.498,  0.607
 17940,  2.198, 11.440, 30.307,  6.388,  0.576
 18000,  2.174, 10.954, 30.585,  6.079,  0.582
 18060,  2.095, 11.396, 29.051,  6.127,  0.529
 18120,  2.178, 11.108, 28.316,  6.408,  0.491
 18180,  2.156, 11.199, 31.005,  6.551,  0.536
 18240,  2.196, 11.276, 31.721,  6.416,  0.605
 18300,  2.130, 11.044, 29.758,  6.250,  0.489
 18360,  2.152, 10.925, 30.329,  6.261,  0.473
 18420,  2.100, 10.873, 28.689,  6.210,  0.523
 18480,  2.077, 10.450, 28.536,  6.236,  0.500
 18540, -9999.000, -9999.000, -9999.000, -9999.000, -9999.000
 18600,  2.018, 10.263, 25.795,  6.066,  0.488
 18660,  2.035, 10.896, 28.458,  6.188,  0.550
 18720,  2.140, 11.101, 28.876,  6.608,  0.694
 18780,  2.066, 10.428, 27.675,  6.293,  0.605
 18840,  2.091, 10.738, 28.367,  6.206,  0.646
 18900,  2.095, 10.473, 27.879,  6.180,  0.605
 18960,  2.051, 10.443, 26.220,  5.864,  0.564
 19020,  2.165, 10.746, 27.638,  6.521,  0.674
 19080,  2.111, 10.134, 29.396,  6.431,  0.767
 19140,  2.112,  9.749, 27.172,  6.201,  0.692
 19200,  2.071,  9.761, 26.988,  6.539,  0.659
 19260,  2.028,  9.939, 26.752,  6.267,  0.780
 19320,  1.983,  9.715, 25.325,  5.976,  0.624
 19380,  2.066,  9.854, 26.625,  6.498,  0.732
 19440,  2.013,  9.959, 27.360,  6.381,  0.764
 19500,  2.045, 10.149, 26.982,  6.321,  0.773
 19560,  2.022, 10.028, 26.494,  6.217,  0.705
 19620,  2.056,  9.803, 26.186,  6.511,  0.643
 19680,  2.048,  9.852, 26.592,  6.410,  0.679
 19740,  2.037,  9.414, 25.748,  6.436,  0.726
 19800,  2.033,  9.448, 24.477,  6.464,  0.684
 19860,  2.084, 10.079, 26.080,  6.242,  0.692
 19920,  2.046, 10.200, 26.856,  6.608,  0.865
 19980,  2.028,  9.838, 24.413,  6.387,  0.697
 20040,  2.027,  9.752, 24.965,  6.371,  0.728
 20100,  2.015,  9.208, 23.851,  5.928,  0.757
 20160,  1.966,  9.142, 22.547,  6.239,  0.677
 20220,  1.984,  9.273, 25.053,  6.126,  0.838
