CampaignData_and_Merges/R0/CSL_MobileLab_Parked/raw/20240730/USOS-NOy-LIF_MobileLabGround_20240730_R0.ict
39,1001
Rollins, A.; Waxman, E.; Zuraski, K.; Chace, W.
NOAA Chemical Sciences Laboratory
LIF NO/NOx/NOy on CSL Mobile Lab
AMMBEC / USOS
1, 1
2024,07,30, 2025,01,04
1
Time_Start, seconds, number_of_seconds_since_0000_UTC
7
1, 1, 1, 1, 1, 1, 1
-9999, -9999, -9999, -9999, -9999, -9999, -9999
Time_Stop, seconds, number_of_seconds_since_0000_UTC
NO_LIF, pptv, Gas_NO_InSitu_S_AVMR, volume mixing ratio of nitric oxide in air
NO2_LIF, pptv, Gas_NO2_InSitu_S_AVMR, volume mixing ratio of nitrogen dioxide in air
NOy_LIF, pptv, Gas_NOy_InSitu_S_AVMR, volume mixing ratio of total oxidized nitrogen in air
NO_LIF_1SigmaAccuracy, pptv, Gas_NO_InSitu_S_AVMR, volume mixing ratio of nitric oxide in air
NO2_LIF_1SigmaAccuracy, pptv, Gas_NO2_InSitu_S_AVMR, volume mixing ratio of nitrogen dioxide in air
NOy_LIF_1SigmaAccuracy, pptv, Gas_NOy_InSitu_S_AVMR, volume mixing ratio of total oxidized nitrogen in air
0
18
PI_CONTACT_INFO: andrew.rollins@noaa.gov
PLATFORM: CSL Mobile Lab
LOCATION: Salt Lake City, UT
ASSOCIATED_DATA:
INSTRUMENT_INFO: NO detection by laser induced fluorescence. NO2 detection by photolytic conversion to NO. NOy detection by catalytic conversion to NO on gold surface
DATA_INFO:
UNCERTAINTY: Included 1 Sigma Accuracy waves represent the combined calibration uncertainties (±6%, ±9%, ±10%) and zero uncertainties (3 ppt, 20 ppt, 100 ppt) for NO, NO2, and NOy, respectively.
ULOD_FLAG: -7777
ULOD_VALUE: N/A
LLOD_FLAG: -8888
LLOD_VALUE: N/A
DM_CONTACT_INFO: andrew.rollins@noaa.gov
PROJECT_INFO: USOS Project, July - August 2024
STIPULATIONS_ON_USE: Users are strongly encouraged to contact the PI for proper data usage.
OTHER_COMMENTS:
REVISION: R0
R0: final data
Time_Start, Time_Stop, NO_LIF, NO2_LIF, NOy_LIF, NO_LIF_1SigmaAccuracy, NO2_LIF_1SigmaAccuracy, NOy_LIF_1SigmaAccuracy
[from data line 263]
   15780,   15840,56.494,3009.2,4862.7,6.3896, 290.83, 586.27
   15840,   15900,-9999,-9999,-9999,-9999, -9999, -9999
   15900,   15960,-9999,-9999,-9999,-9999, -9999, -9999
   15960,   16020,-9999,-9999,-9999,-9999, -9999, -9999
   16020,   16080,-9999,-9999,-9999,-9999, -9999, -9999
   16080,   16140,-9999,-9999,-9999,-9999, -9999, -9999
   16140,   16200,-9999,-9999,-9999,-9999, -9999, -9999
   16200,   16260,-9999,-9999,-9999,-9999, -9999, -9999
   16260,   16320,34.903,1995.6,3202.7,5.0942, 199.61, 420.27
   16320,   16380,20.915,1864.1,2655.5,4.2549, 187.77, 365.55
   16380,   16440,23.219,1810.4,2673.7,4.3932, 182.93, 367.37
   16440,   16500,55.934,1789.2,2600.7,6.356, 181.03, 360.07
   16500,   16560,31.706,1871.9,2726.3,4.9024, 188.47, 372.63
   16560,   16620,86.67,2262.8,3235.6,8.2002, 223.65, 423.56
   16620,   16680,143.78,2670.2,3742,11.627, 260.32, 474.2
   16680,   16740,176.16,2483,4455.7,13.57, 243.47, 545.57
   16740,   16800,77.254,2332,3347.4,7.6353, 229.88, 434.74
   16800,   16860,778.47,3513.4,3646.9,49.708, 336.2, 464.69
   16860,   16920,1221.1,5883.6,10902,76.268, 549.53, 1190.2
   16920,   16980,126.96,3239.3,5248.1,10.617, 311.54, 624.81
   16980,   17040,331.94,2888.4,3712.6,22.917, 279.96, 471.26
   17040,   17100,1035,4410.3,6390.5,65.098, 416.93, 739.05
   17100,   17160,102.17,2381.1,3969,9.1301, 234.3, 496.9
   17160,   17220,96.868,2190.7,3320.9,8.8121, 217.16, 432.09
   17220,   17280,49.07,1961.4,3026.5,5.9442, 196.52, 402.65
   17280,   17340,234.21,2890.7,3324.9,17.052, 280.16, 432.49
   17340,   17400,776.48,6065.4,6896.2,49.589, 565.89, 789.62
   17400,   17460,284.01,3592.5,5481,20.041, 343.32, 648.1
   17460,   17520,103.59,2728.5,4678.6,9.2157, 265.56, 567.86
   17520,   17580,32.557,1755.6,3303.7,4.9534, 178, 430.37
   17580,   17640,26.351,1539.1,2389.8,4.581, 158.52, 338.98
   17640,   17700,92.999,1570.8,2372.5,8.5799, 161.37, 337.25
   17700,   17760,20.137,1333,2149.6,4.2082, 139.97, 314.96
   17760,   17820,722.8,1951.3,2850.4,46.368, 195.61, 385.04
   17820,   17880,770.12,3010.5,5028,49.207, 290.94, 602.8
   17880,   17940,27.129,1452.1,2512.8,4.6277, 150.69, 351.28
   17940,   18000,931.02,2564.1,2879,58.861, 250.77, 387.9
   18000,   18060,302.04,2273,3732.3,21.122, 224.57, 473.23
   18060,   18120,416.95,2855.9,4726.1,28.017, 277.03, 572.61
   18120,   18180,47.48,1640.3,3141.7,5.8488, 167.63, 414.17
   18180,   18240,46.84,1637.6,2387.6,5.8104, 167.38, 338.76
   18240,   18300,157.91,1625.5,2456.1,12.475, 166.3, 345.61
   18300,   18360,130.96,1997.4,3071.1,10.858, 199.76, 407.11
   18360,   18420,164.99,1821.5,2902.8,12.899, 183.93, 390.28
   18420,   18480,41.194,1583.9,2450.4,5.4716, 162.55, 345.04
   18480,   18540,19.886,1547,2401.4,4.1932, 159.23, 340.14
   18540,   18600,9.0152,1300.4,2126.6,3.5409, 137.04, 312.66
   18600,   18660,29.557,1362.7,2050.9,4.7734, 142.64, 305.09
   18660,   18720,52.748,1597.5,2246,6.1649, 163.77, 324.6
   18720,   18780,98.54,1817.4,2786.4,8.9124, 183.57, 378.64
   18780,   18840,22.405,1418.1,2251.9,4.3443, 147.63, 325.19
   18840,   18900,56.986,1683,2332.3,6.4191, 171.47, 333.23
   18900,   18960,905.05,4897,5379,57.303, 460.73, 637.9
   18960,   19020,2272.4,10977,18272,139.34, 1008, 1927.2
   19020,   19080,178.97,2793.3,10645,13.738, 271.4, 1164.5
   19080,   19140,19.42,1809.7,2646.7,4.1652, 182.87, 364.67
   19140,   19200,256.41,2467.1,3117.3,18.384, 242.04, 411.73
   19200,   19260,528.39,4188.6,6447.8,34.703, 396.97, 744.78
   19260,   19320,71.345,2063.3,3332.2,7.2807, 205.7, 433.22
   19320,   19380,683.93,4795.1,5043,44.036, 451.56, 604.3
   19380,   19440,143.41,2849.4,6032.3,11.605, 276.44, 703.23
   19440,   19500,21.111,1499,2556.2,4.2666, 154.91, 355.62
   19500,   19560,37.889,1600.7,2374.4,5.2733, 164.06, 337.44
   19560,   19620,61.131,1805.3,2706.3,6.6678, 182.48, 370.63
   19620,   19680,23.013,1487.9,2414.2,4.3808, 153.91, 341.42
   19680,   19740,13.583,1292.6,2025.5,3.815, 136.33, 302.55
   19740,   19800,16.447,1333.5,1969.2,3.9868, 140.01, 296.92
   19800,   19860,370.14,2654.4,3037.1,25.208, 258.9, 403.71
   19860,   19920,114.51,2572.8,4052.6,9.8709, 251.56, 505.26
   19920,   19980,12.891,1475.2,2634.2,3.7735, 152.77, 363.42
   19980,   20040,480.23,2396.4,2466.9,31.814, 235.68, 346.69
   20040,   20100,315.18,2451.4,4108.9,21.911, 240.63, 510.89
   20100,   20160,66.786,1886.9,3252.9,7.0072, 189.82, 425.29
   20160,   20220,210.89,2683.4,3512.7,15.654, 261.51, 451.27
   20220,   20280,155.16,2399.2,3187.3,12.31, 235.93, 418.73
   20280,   20340,1710.1,11049,11365,105.6, 1014.5, 1236.5
   20340,   20400,479.88,6421.3,9645.9,31.793, 597.91, 1064.6
   20400,   20460,239.32,4584.2,6803,17.359, 432.57, 780.3
   20460,   20520,80.614,3013.6,4427.5,7.8368, 291.22, 542.75
   20520,   20580,124.13,2888.6,3441.6,10.448, 279.98, 444.16
   20580,   20640,172.71,4529.7,6261.6,13.363, 427.68, 726.16
   20640,   20700,23.674,2341.9,3990.9,4.4204, 230.77, 499.09
   20700,   20760,45.255,2375.5,3581.1,5.7153, 233.79, 458.11
   20760,   20820,49.279,2863.3,3789.6,5.9568, 277.7, 478.96
   20820,   20880,21.842,2402.7,3118.7,4.3105, 236.24, 411.87
   20880,   20940,12.211,2265,2894.8,3.7326, 223.85, 389.48
   20940,   21000,6.8519,2095.4,2810.9,3.4111, 208.59, 381.09
   21000,   21060,5.1682,2673.3,3400.5,3.3101, 260.6, 440.05
   21060,   21120,16.812,5292.3,6267.3,4.0087, 496.31, 726.73
   21120,   21180,8.1621,7211.6,8196.3,3.4897, 669.05, 919.63
   21180,   21240,15.452,7359.6,8480.1,3.9271, 682.36, 948.01
   21240,   21300,16.17,7535.4,8747.8,3.9702, 698.19, 974.78
   21300,   21360,71.507,7837.5,8985.9,7.2904, 725.37, 998.59
   21360,   21420,33.78,7436.5,8714.1,5.0268, 689.28, 971.41
   21420,   21480,24.011,7705.6,8927.3,4.4407, 713.51, 992.73
   21480,   21540,24.469,6724.6,8215.4,4.4682, 625.21, 921.54
   21540,   21600,9.4478,6587.7,7732.7,3.5669, 612.89, 873.27
   21600,   21660,33.179,6099.9,7486,4.9907, 568.99, 848.6
   21660,   21720,1860.5,9855.9,12100,114.63, 907.03, 1310
   21720,   21780,595.47,9508.5,12705,38.728, 875.76, 1370.5
   21780,   21840,110.54,7047.2,10873,9.6322, 654.24, 1187.3
   21840,   21900,135.72,5658.2,8555.9,11.143, 529.24, 955.59
   21900,   21960,76.951,4759.7,6391,7.6171, 448.37, 739.1
   21960,   22020,33.828,4239,5292.1,5.0297, 401.51, 629.21
   22020,   22080,57.72,3992.6,4868.4,6.4632, 379.34, 586.84
   22080,   22140,217.29,4599.4,5464.6,16.038, 433.95, 646.46
   22140,   22200,116.08,4638.9,5907.5,9.9649, 437.5, 690.75
   22200,   22260,39.745,4024.2,5319.4,5.3847, 382.18, 631.94
   22260,   22320,44.435,3702.9,4745.5,5.6661, 353.26, 574.55
   22320,   22380,19.122,3815.5,4737.3,4.1473, 363.39, 573.73
   22380,   22440,46.229,4119.7,4813.5,5.7737, 390.77, 581.35
   22440,   22500,19.34,4204.2,5067.7,4.1604, 398.38, 606.77
   22500,   22560,14.896,4382,5075.5,3.8938, 414.38, 607.55
   22560,   22620,61.941,4692.2,5241.1,6.7165, 442.29, 624.11
   22620,   22680,32.422,4669.5,5762.6,4.9453, 440.25, 676.26
   22680,   22740,12.602,4545.9,5557.7,3.7561, 429.13, 655.77
   22740,   22800,12.62,4532.4,5392.1,3.7572, 427.92, 639.21
   22800,   22860,14.906,4627,5410.5,3.8944, 436.43, 641.05
   22860,   22920,10.527,4409.3,5379.5,3.6316, 416.84, 637.95
   22920,   22980,42.248,4796.6,5385,5.5349, 451.69, 638.5
   22980,   23040,279.22,6648.7,6640.7,19.753, 618.38, 764.07
   23040,   23100,175.12,7297.1,8436.8,13.507, 676.74, 943.68
   23100,   23160,35.646,6362.6,7935.2,5.1388, 592.64, 893.52
   23160,   23220,12.24,5701.1,6955.4,3.7344, 533.1, 795.54
   23220,   23280,12.86,5425.6,6340,3.7716, 508.31, 734
   23280,   23340,13.866,5554.6,6392.2,3.832, 519.92, 739.22
   23340,   23400,17.837,5505.7,6439.7,4.0702, 515.51, 743.97
   23400,   23460,16.515,5551.7,6441.7,3.9909, 519.65, 744.17
   23460,   23520,11.345,5349.9,6340.5,3.6807, 501.49, 734.05
   23520,   23580,21.495,6084.9,6432.6,4.2897, 567.64, 743.26
   23580,   23640,18.299,5957.7,7620.9,4.0979, 556.19, 862.09
   23640,   23700,76.222,7771.8,9133.8,7.5733, 719.47, 1013.4
   23700,   23760,56.037,7982.1,11618,6.3622, 738.39, 1261.8
   23760,   23820,-9999,-9999,-9999,-9999, -9999, -9999
   23820,   23880,-9999,-9999,-9999,-9999, -9999, -9999
   23880,   23940,-9999,-9999,-9999,-9999, -9999, -9999
   23940,   24000,-9999,-9999,-9999,-9999, -9999, -9999
   24000,   24060,-9999,-9999,-9999,-9999, -9999, -9999
   24060,   24120,-9999,-9999,-9999,-9999, -9999, -9999
   24120,   24180,-9999,-9999,-9999,-9999, -9999, -9999
   24180,   24240,-9999,-9999,-9999,-9999, -9999, -9999
   24240,   24300,11.477,6254.6,7255.4,3.6886, 582.91, 825.54
   24300,   24360,9.4608,6135,7158.9,3.5676, 572.15, 815.89
   24360,   24420,11.779,6402.8,7524.8,3.7067, 596.25, 852.48
   24420,   24480,23.017,6508.9,7274,4.381, 605.8, 827.4
   24480,   24540,15.357,6451.3,7533.3,3.9214, 600.62, 853.33
   24540,   24600,8.5834,6382.6,7713.7,3.515, 594.43, 871.37
   24600,   24660,6.6669,6357.2,8089.3,3.4, 592.15, 908.93
   24660,   24720,26.032,7688.4,8642.8,4.5619, 711.96, 964.28
   24720,   24780,67.824,8843.2,9366.9,7.0695, 815.89, 1036.7
   24780,   24840,59.907,8155,9549.7,6.5944, 753.95, 1055
   24840,   24900,109.23,7195.4,9156.4,9.5539, 667.59, 1015.6
   24900,   24960,16.04,6376.6,8750.4,3.9624, 593.9, 975.04
   24960,   25020,32.013,6780.2,8434.7,4.9208, 630.22, 943.47
   25020,   25080,45.141,7430,8476.2,5.7085, 688.7, 947.62
   25080,   25140,227.66,10328,9688.8,16.66, 949.54, 1068.9
   25140,   25200,61.929,8616.6,9716,6.7157, 795.49, 1071.6
   25200,   25260,77.076,11291,10348,7.6246, 1036.2, 1134.8
   25260,   25320,36.386,10165,10803,5.1832, 934.89, 1180.3
   25320,   25380,25.237,10198,11000,4.5142, 937.8, 1200
   25380,   25440,20.64,10135,10923,4.2384, 932.16, 1192.3
   25440,   25500,12.887,9561.9,10722,3.7732, 880.57, 1172.2
   25500,   25560,40.433,7588.9,8707.5,5.426, 703, 970.75
   25560,   25620,14.645,7055.9,8705.1,3.8787, 655.03, 970.51
   25620,   25680,129.68,6646.7,8300.3,10.781, 618.2, 930.03
   25680,   25740,126.33,7271.1,8069.7,10.58, 674.4, 906.97
   25740,   25800,158.27,8758.7,7821.6,12.496, 808.28, 882.16
   25800,   25860,248.94,11025,10597,17.936, 1012.2, 1159.7
   25860,   25920,434.97,7949.4,11013,29.098, 735.44, 1201.3
   25920,   25980,161.08,6686,8777.6,12.665, 621.74, 977.76
   25980,   26040,83.217,6915.1,8450.6,7.993, 642.36, 945.06
   26040,   26100,36.929,7626.1,8750.1,5.2157, 706.35, 975.01
   26100,   26160,29.387,7199.6,8465.6,4.7632, 667.96, 946.56
   26160,   26220,24.766,6900,8451.3,4.486, 641, 945.13
   26220,   26280,15.049,6396.5,8081.6,3.903, 595.68, 908.16
   26280,   26340,114.77,6431.6,8099.4,9.886, 598.84, 909.94
   26340,   26400,162.28,6181.9,7676,12.737, 576.37, 867.6
   26400,   26460,36.246,5977.5,7302.3,5.1747, 557.97, 830.23
   26460,   26520,22.114,5569.9,6787,4.3268, 521.29, 778.7
   26520,   26580,12.871,4168.9,6681.4,3.7723, 395.2, 768.14
   26580,   26640,18.234,4779.4,6416.1,4.0941, 450.15, 741.61
   26640,   26700,25.392,5247,6316.7,4.5235, 492.23, 731.67
   26700,   26760,13.67,4825.5,6010.3,3.8202, 454.29, 701.03
   26760,   26820,7.8891,4486.5,5815.2,3.4733, 423.79, 681.52
   26820,   26880,10.998,4267.1,5655.3,3.6599, 404.04, 665.53
   26880,   26940,873.31,7545.9,7131.6,55.399, 699.13, 813.16
   26940,   27000,193.77,4868.4,8713.5,14.626, 458.16, 971.35
   27000,   27060,19.146,3781.9,6395.4,4.1488, 360.37, 739.54
   27060,   27120,24.143,3943.2,5882.7,4.4486, 374.89, 688.27
   27120,   27180,8.5666,3510.2,4976.9,3.514, 335.91, 597.69
   27180,   27240,11.588,3474.4,4478,3.6953, 332.7, 547.8
   27240,   27300,18.254,3403.7,4517.9,4.0953, 326.33, 551.79
   27300,   27360,9.6128,2783.1,3918.7,3.5768, 270.48, 491.87
   27360,   27420,41.697,3622.4,4379.7,5.5018, 346.01, 537.97
   27420,   27480,15.815,2990.7,4202.8,3.9489, 289.17, 520.28
   27480,   27540,14.231,2763.2,3873.8,3.8539, 268.68, 487.38
   27540,   27600,20.063,2527.6,3545.6,4.2038, 247.49, 454.56
   27600,   27660,13.666,2310.4,3438.2,3.82, 227.93, 443.82
   27660,   27720,17.765,2293.6,2905,4.0659, 226.43, 390.5
   27720,   27780,33.635,2775.2,3340.7,5.0181, 269.77, 434.07
   27780,   27840,9.301,2448.9,3207.3,3.5581, 240.4, 420.73
   27840,   27900,6.7172,2416.7,3040.3,3.403, 237.5, 404.03
   27900,   27960,13.502,2474.4,3317.1,3.8101, 242.69, 431.71
   27960,   28020,11.201,2030.9,3025,3.6721, 202.78, 402.5
   28020,   28080,9.6777,2131.2,2786.2,3.5807, 211.81, 378.62
   28080,   28140,8.0525,2039.9,2805.8,3.4831, 203.59, 380.58
   28140,   28200,6.3541,1884,2714.6,3.3812, 189.56, 371.46
   28200,   28260,8.2082,2019.4,2631,3.4925, 201.75, 363.1
   28260,   28320,8.938,2083.4,2747.8,3.5363, 207.5, 374.78
   28320,   28380,29.29,2151.4,2929.4,4.7574, 213.62, 392.94
   28380,   28440,8.0594,1993,2855.4,3.4836, 199.37, 385.54
   28440,   28500,14.597,2096.4,2905,3.8758, 208.67, 390.5
   28500,   28560,10.598,2004.3,2690.4,3.6359, 200.39, 369.04
   28560,   28620,15.942,2183.2,3064,3.9565, 216.49, 406.4
   28620,   28680,7.8545,2213.3,2889.2,3.4713, 219.2, 388.92
   28680,   28740,7.7044,2243.8,2849.2,3.4623, 221.94, 384.92
   28740,   28800,4.7747,2283.9,2841.5,3.2865, 225.55, 384.15
   28800,   28860,5.6716,2193.8,2870.2,3.3403, 217.44, 387.02
   28860,   28920,18.721,2383.7,2864.8,4.1232, 234.53, 386.48
   28920,   28980,33.942,2579,3128.9,5.0365, 252.11, 412.89
   28980,   29040,13.127,2380.2,3584.6,3.7876, 234.21, 458.46
   29040,   29100,8.6508,2337.4,4031.5,3.519, 230.37, 503.15
   29100,   29160,8.7414,2514.8,3679.6,3.5245, 246.33, 467.96
   29160,   29220,15.456,2629,3600.1,3.9273, 256.61, 460.01
   29220,   29280,10.712,2404.5,3317.5,3.6427, 236.4, 431.75
   29280,   29340,13.099,2474.6,3208.1,3.786, 242.71, 420.81
   29340,   29400,31.433,2599.7,3438.9,4.886, 253.98, 443.89
   29400,   29460,41.827,2491.2,3481.9,5.5096, 244.21, 448.19
   29460,   29520,54.481,2904.6,3587.7,6.2688, 281.42, 458.77
   29520,   29580,8.9737,2395.7,3273.3,3.5384, 235.61, 427.33
   29580,   29640,7.218,2423.9,3194.9,3.4331, 238.15, 419.49
   29640,   29700,15.43,2512,3320.7,3.9258, 246.08, 432.07
   29700,   29760,190.87,4193.3,3444.4,14.452, 397.4, 444.44
   29760,   29820,83.416,3546.3,4019.2,8.005, 339.16, 501.92
   29820,   29880,55.363,3020.4,3951.2,6.3218, 291.83, 495.12
   29880,   29940,12.173,2625.6,3824.6,3.7304, 256.31, 482.46
   29940,   30000,7.7138,2439.3,3624.8,3.4628, 239.54, 462.48
   30000,   30060,11.901,2571,3487.6,3.7141, 251.39, 448.76
   30060,   30120,5.3969,2304.8,3310.9,3.3238, 227.43, 431.09
   30120,   30180,7.0932,2285.4,3083.8,3.4256, 225.69, 408.38
   30180,   30240,12.426,2477.9,3203.4,3.7455, 243.01, 420.34
   30240,   30300,15.892,2542.3,3625.2,3.9535, 248.81, 462.52
   30300,   30360,21.31,3292.8,4718.8,4.2786, 316.35, 571.88
   30360,   30420,15.028,2757.1,3975.7,3.9017, 268.14, 497.57
   30420,   30480,42.874,2355.7,3247,5.5725, 232.02, 424.7
   30480,   30540,11.76,2529.8,3146.7,3.7056, 247.68, 414.67
   30540,   30600,8.846,2296.7,3103.8,3.5308, 226.7, 410.38
   30600,   30660,5.7713,2079.9,2934.9,3.3463, 207.19, 393.49
   30660,   30720,5.7563,2132.1,2834.4,3.3454, 211.89, 383.44
   30720,   30780,4.7963,2046.3,2996.8,3.2878, 204.16, 399.68
   30780,   30840,5.2077,2047.6,2797.7,3.3125, 204.29, 379.77
   30840,   30900,6.4227,2053.6,2681.1,3.3854, 204.83, 368.11
   30900,   30960,13.858,2020,2889.2,3.8315, 201.8, 388.92
   30960,   31020,9.5704,2026.2,2833,3.5742, 202.36, 383.3
   31020,   31080,21.365,1918.3,2632.2,4.2819, 192.65, 363.22
   31080,   31140,24.735,2014.3,2840.9,4.4841, 201.29, 384.09
   31140,   31200,21.499,2320.7,2965.2,4.29, 228.86, 396.52
   31200,   31260,180.65,3046.6,3287.8,13.839, 294.2, 428.78
   31260,   31320,1329.9,7557.7,7115.3,82.796, 700.19, 811.53
   31320,   31380,116.31,3478.3,8177.2,9.9788, 333.05, 917.72
   31380,   31440,326.41,7872.7,9270.4,22.584, 728.55, 1027
   31440,   31500,237.95,8978.8,10644,17.277, 828.09, 1164.4
   31500,   31560,133.22,9744.4,9336.3,10.993, 897, 1033.6
