CampaignData_and_Merges/R0/CSL_MobileLab_Parked/raw/20240730/USOS-PTR_MobileLabGround_20240730_R0.ict
58, 1001
Matthew Coggon, Kelvin Bates, Chelsea Stockwell, Carsten Warneke
NOAA ESRL Chemical Sciences Division
NOAA PTR-ToF-MS
USOS
1,1 
2024, 07, 30, 2025, 09, 19
0
Time_Start, seconds, number of seconds from 00:00 UTC 
22
1, 1, 1, 1, 1, 1, 1, 1, 1, 1, 1, 1, 1, 1, 1, 1, 1, 1, 1, 1, 1, 1
-9999, -9999, -9999, -9999, -9999, -9999, -9999, -9999, -9999, -9999, -9999, -9999, -9999, -9999, -9999, -9999, -9999, -9999, -9999, -9999, -9999, -9999
CH3OH_NOAAPTR_ppbv,  ppbv, Gas_CH3OH_InSitu_S_AVMR, (CH3OH) methanol
CH3CN_NOAAPTR_ppbv,  ppbv, Gas_CH3CN_InSitu_S_AVMR, (CH3CN) acetonitrile
CH3CHO_NOAAPTR_ppbv,  ppbv, Gas_CH3CHO_InSitu_S_AVMR, (CH3CHO) acetaldehyde plus contributions from ethylene glycol and ethylene oxide. Interference from ethanol has been subtracted out.
C2H5OH_NOAAPTR_ppbv,  ppbv, Gas_C2H5OH_InSitu_S_AVMR, (C2H5OH) ethanol
CH3SH_NOAAPTR_ppbv,  ppbv, Gas_CH3SH_InSitu_S_AVMR, (CH3SH) methanethiol, using calibration factor for DMS
Acrolein_NOAAPTR_ppbv,  ppbv, Gas_Acrolein_InSitu_S_AVMR, (C3H4O) acrolein
AcetonePropanal_NOAAPTR_ppbv,  ppbv, Gas_AcetoneAndPropanal_InSitu_S_AVMR, (C3H6O) sum of acetone (dominant isomer) and propanal, using calibration factor for acetone
DMS_NOAAPTR_ppbv,  ppbv, Gas_DMS_InSitu_S_AVMR, (C2H6S) dimethyl sulfide with possible small contributions from ethanethiol
C5H8_NOAAPTR_ppbv,  ppbv, Gas_Isoprene_InSitu_S_AVMR, (C5H8) isoprene and possible fragments from cycloalkanes and aldehydes. Interferences have been subtracted following methods described by Coggon et al (2023)
MVKMAC_NOAAPTR_ppbv,  ppbv, Gas_MVKAndMAC_InSitu_S_AVMR, (C4H6O) sum of methyl vinyl ketone, methacrolein, and small amounts of crotonaldehyde, using weighted calibration factor for MVK (0.637) and MACR (0.363)
Benzene_NOAAPTR_ppbv,  ppbv, Gas_Benzene_InSitu_S_AVMR, (C6H6) benzene
Toluene_NOAAPTR_ppbv,  ppbv, Gas_Toluene_InSitu_S_AVMR, (C7H8) toluene with possible small contributions of fragments from ethyltoluene
Styrene_NOAAPTR_ppbv,  ppbv, Gas_Styrene_InSitu_S_AVMR, (C8H8) styrene
Benzaldehyde_NOAAPTR_ppbv,  ppbv, Gas_Benzaldehyde_InSitu_S_AVMR, (C7H6O) benzaldehyde
C8Aromatics_NOAAPTR_ppbv,  ppbv, Gas_C8Aromatics_InSitu_M_AVMR, (C8H10) sum of m-xylene, p-xylene, o-xylene, and ethyl benzene
C9Aromatics_NOAAPTR_ppbv,  ppbv, Gas_C9Aromatics_InSitu_M_AVMR, (C9H12) sum of C9 aromatics
Naphthalene_NOAAPTR_ppbv,  ppbv, Gas_Naphthalene_InSitu_S_AVMR, (C10H8) naphthalene
Octanal_NOAAPTR_ppbv,  ppbv, Gas_Octanal_InSitu_S_AVMR, (C8H16O) octanal and small amounts of octanone
Monoterpenes_NOAAPTR_ppbv,  ppbv, Gas_Monoterpenes_InSitu_M_AVMR, (C10H16) sum of monoterpenes and possible contributions from fragments of oxygenated monoterpenoids such as eucalyptol.
Nonanal_NOAAPTR_ppbv,  ppbv, Gas_Nonanal_InSitu_M_AVMR, (C9H18O) nonanal and small amounts of nonanone
C7H4ClF3_NOAAPTR_ppbv,  ppbv, Gas_C7H4ClF3_InSitu_S_AVMR, (C7H4ClF3) parachlorobenzotrifluoride
C10H30O5Si5_NOAAPTR_ppbv,  ppbv, Gas_C10H30O5Si5_InSitu_S_AVMR, (C10H30O5Si5) decamethylcyclopentasiloxane
1
SPECIAL COMMENTS:N/A
21
PI_CONTACT_INFO: NOAA ESRL Chemical Sciences Division, Tropospheric Chemistry Group. 325 Broadway, R/CSD7, Boulder, CO 80305
PLATFORM: Mobile Laboratory.
LOCATION: Salt Lake City, UT
ASSOCIATED_DATA: N/A
INSTRUMENT_INFO: NOAA PTR-ToF-MS measurements on NOAA CSL Mobile Lab
DATA_INFO: Units: ppbv
UNCERTAINTY: See OTHER_COMMENTS
ULOD_FLAG: -7777
ULOD_VALUE: N/A
LLOD_FLAG: -8888
LLOD_VALUE: N/A.
DM_CONTACT_INFO: Data Managers: Matt Coggon, Kelvin Bates, Chelsea Stockwell; email: matthew.m.coggon@noaa.gov and kelvin.bates@colorado.edu
PROJECT_INFO: USOS Deployment July-August, 2024
STIPULATIONS_ON_USE: Use of these data require prior OK from PI.
OTHER_COMMENTS: Uncertainties:
CH3OH_NOAAPTR_ppbv:30%; CH3CN_NOAAPTR_ppbv:30%; CH3CHO_NOAAPTR_ppbv:30%; C2H5OH_NOAAPTR_ppbv:30%; CH3SH_NOAAPTR_ppbv:50%; Acrolein_NOAAPTR_ppbv:30%; AcetonePropanal_NOAAPTR_ppbv:30%; DMS_NOAAPTR_ppbv:30%; C5H8_NOAAPTR_ppbv:30%; MVKMAC_NOAAPTR_ppbv:30%; 
Benzene_NOAAPTR_ppbv:30%; Toluene_NOAAPTR_ppbv:30%; Styrene_NOAAPTR_ppbv:30%; Benzaldehyde_NOAAPTR_ppbv:30%; C8Aromatics_NOAAPTR_ppbv:30%; C9Aromatics_NOAAPTR_ppbv:30%; Naphthalene_NOAAPTR_ppbv:30%; Octanal_NOAAPTR_ppbv:30%; Monoterpenes_NOAAPTR_ppbv:30%; Nonanal_NOAAPTR_ppbv:30%; 
C7H4ClF3_NOAAPTR_ppbv:30%; C10H30O5Si5_NOAAPTR_ppbv:30%; 
REVISION: R0
R0: Calibrated PTR Data. See individual species comments for details about measurement uncertainties
Time_Start, CH3OH_NOAAPTR_ppbv, CH3CN_NOAAPTR_ppbv, CH3CHO_NOAAPTR_ppbv, C2H5OH_NOAAPTR_ppbv, CH3SH_NOAAPTR_ppbv, Acrolein_NOAAPTR_ppbv, AcetonePropanal_NOAAPTR_ppbv, DMS_NOAAPTR_ppbv, C5H8_NOAAPTR_ppbv, MVKMAC_NOAAPTR_ppbv, Benzene_NOAAPTR_ppbv, Toluene_NOAAPTR_ppbv, Styrene_NOAAPTR_ppbv, Benzaldehyde_NOAAPTR_ppbv, C8Aromatics_NOAAPTR_ppbv, C9Aromatics_NOAAPTR_ppbv, Naphthalene_NOAAPTR_ppbv, Octanal_NOAAPTR_ppbv, Monoterpenes_NOAAPTR_ppbv, Nonanal_NOAAPTR_ppbv, C7H4ClF3_NOAAPTR_ppbv, C10H30O5Si5_NOAAPTR_ppbv
[from data line 1034]
62040.0, -9999.00000, -9999.00000, -9999.00000, -9999.00000, -9999.00000, -9999.00000, -9999.00000, -9999.00000, -9999.00000, -9999.00000, -9999.00000, -9999.00000, -9999.00000, -9999.00000, -9999.00000, -9999.00000, -9999.00000, -9999.00000, -9999.00000, -9999.00000, -9999.00000, -9999.00000 
62100.0, -9999.00000, -9999.00000, -9999.00000, -9999.00000, -9999.00000, -9999.00000, -9999.00000, -9999.00000, -9999.00000, -9999.00000, -9999.00000, -9999.00000, -9999.00000, -9999.00000, -9999.00000, -9999.00000, -9999.00000, -9999.00000, -9999.00000, -9999.00000, -9999.00000, -9999.00000 
62160.0, -9999.00000, -9999.00000, -9999.00000, -9999.00000, -9999.00000, -9999.00000, -9999.00000, -9999.00000, -9999.00000, -9999.00000, -9999.00000, -9999.00000, -9999.00000, -9999.00000, -9999.00000, -9999.00000, -9999.00000, -9999.00000, -9999.00000, -9999.00000, -9999.00000, -9999.00000 
62220.0, -9999.00000, -9999.00000, -9999.00000, -9999.00000, -9999.00000, -9999.00000, -9999.00000, -9999.00000, -9999.00000, -9999.00000, -9999.00000, -9999.00000, -9999.00000, -9999.00000, -9999.00000, -9999.00000, -9999.00000, -9999.00000, -9999.00000, -9999.00000, -9999.00000, -9999.00000 
62280.0, -9999.00000, -9999.00000, -9999.00000, -9999.00000, -9999.00000, -9999.00000, -9999.00000, -9999.00000, -9999.00000, -9999.00000, -9999.00000, -9999.00000, -9999.00000, -9999.00000, -9999.00000, -9999.00000, -9999.00000, -9999.00000, -9999.00000, -9999.00000, -9999.00000, -9999.00000 
62340.0, -9999.00000, -9999.00000, -9999.00000, -9999.00000, -9999.00000, -9999.00000, -9999.00000, -9999.00000, -9999.00000, -9999.00000, -9999.00000, -9999.00000, -9999.00000, -9999.00000, -9999.00000, -9999.00000, -9999.00000, -9999.00000, -9999.00000, -9999.00000, -9999.00000, -9999.00000 
62400.0, -9999.00000, -9999.00000, -9999.00000, -9999.00000, -9999.00000, -9999.00000, -9999.00000, -9999.00000, -9999.00000, -9999.00000, -9999.00000, -9999.00000, -9999.00000, -9999.00000, -9999.00000, -9999.00000, -9999.00000, -9999.00000, -9999.00000, -9999.00000, -9999.00000, -9999.00000 
62460.0, -9999.00000, -9999.00000, -9999.00000, -9999.00000, -9999.00000, -9999.00000, -9999.00000, -9999.00000, -9999.00000, -9999.00000, -9999.00000, -9999.00000, -9999.00000, -9999.00000, -9999.00000, -9999.00000, -9999.00000, -9999.00000, -9999.00000, -9999.00000, -9999.00000, -9999.00000 
62520.0, -9999.00000, -9999.00000, -9999.00000, -9999.00000, -9999.00000, -9999.00000, -9999.00000, -9999.00000, -9999.00000, -9999.00000, -9999.00000, -9999.00000, -9999.00000, -9999.00000, -9999.00000, -9999.00000, -9999.00000, -9999.00000, -9999.00000, -9999.00000, -9999.00000, -9999.00000 
62580.0, -9999.00000, -9999.00000, -9999.00000, -9999.00000, -9999.00000, -9999.00000, -9999.00000, -9999.00000, -9999.00000, -9999.00000, -9999.00000, -9999.00000, -9999.00000, -9999.00000, -9999.00000, -9999.00000, -9999.00000, -9999.00000, -9999.00000, -9999.00000, -9999.00000, -9999.00000 
62640.0, -9999.00000, -9999.00000, -9999.00000, -9999.00000, -9999.00000, -9999.00000, -9999.00000, -9999.00000, -9999.00000, -9999.00000, -9999.00000, -9999.00000, -9999.00000, -9999.00000, -9999.00000, -9999.00000, -9999.00000, -9999.00000, -9999.00000, -9999.00000, -9999.00000, -9999.00000 
62700.0, -9999.00000, -9999.00000, -9999.00000, -9999.00000, -9999.00000, -9999.00000, -9999.00000, -9999.00000, -9999.00000, -9999.00000, -9999.00000, -9999.00000, -9999.00000, -9999.00000, -9999.00000, -9999.00000, -9999.00000, -9999.00000, -9999.00000, -9999.00000, -9999.00000, -9999.00000 
62760.0, -9999.00000, -9999.00000, -9999.00000, -9999.00000, -9999.00000, -9999.00000, -9999.00000, -9999.00000, -9999.00000, -9999.00000, -9999.00000, -9999.00000, -9999.00000, -9999.00000, -9999.00000, -9999.00000, -9999.00000, -9999.00000, -9999.00000, -9999.00000, -9999.00000, -9999.00000 
62820.0, -9999.00000, -9999.00000, -9999.00000, -9999.00000, -9999.00000, -9999.00000, -9999.00000, -9999.00000, -9999.00000, -9999.00000, -9999.00000, -9999.00000, -9999.00000, -9999.00000, -9999.00000, -9999.00000, -9999.00000, -9999.00000, -9999.00000, -9999.00000, -9999.00000, -9999.00000 
62880.0, -9999.00000, -9999.00000, -9999.00000, -9999.00000, -9999.00000, -9999.00000, -9999.00000, -9999.00000, -9999.00000, -9999.00000, -9999.00000, -9999.00000, -9999.00000, -9999.00000, -9999.00000, -9999.00000, -9999.00000, -9999.00000, -9999.00000, -9999.00000, -9999.00000, -9999.00000 
62940.0, -9999.00000, -9999.00000, -9999.00000, -9999.00000, -9999.00000, -9999.00000, -9999.00000, -9999.00000, -9999.00000, -9999.00000, -9999.00000, -9999.00000, -9999.00000, -9999.00000, -9999.00000, -9999.00000, -9999.00000, -9999.00000, -9999.00000, -9999.00000, -9999.00000, -9999.00000 
63000.0, -9999.00000, -9999.00000, -9999.00000, -9999.00000, -9999.00000, -9999.00000, -9999.00000, -9999.00000, -9999.00000, -9999.00000, -9999.00000, -9999.00000, -9999.00000, -9999.00000, -9999.00000, -9999.00000, -9999.00000, -9999.00000, -9999.00000, -9999.00000, -9999.00000, -9999.00000 
63060.0, -9999.00000, -9999.00000, -9999.00000, -9999.00000, -9999.00000, -9999.00000, -9999.00000, -9999.00000, -9999.00000, -9999.00000, -9999.00000, -9999.00000, -9999.00000, -9999.00000, -9999.00000, -9999.00000, -9999.00000, -9999.00000, -9999.00000, -9999.00000, -9999.00000, -9999.00000 
63120.0, -9999.00000, -9999.00000, -9999.00000, -9999.00000, -9999.00000, -9999.00000, -9999.00000, -9999.00000, -9999.00000, -9999.00000, -9999.00000, -9999.00000, -9999.00000, -9999.00000, -9999.00000, -9999.00000, -9999.00000, -9999.00000, -9999.00000, -9999.00000, -9999.00000, -9999.00000 
63180.0, -9999.00000, -9999.00000, -9999.00000, -9999.00000, -9999.00000, -9999.00000, -9999.00000, -9999.00000, -9999.00000, -9999.00000, -9999.00000, -9999.00000, -9999.00000, -9999.00000, -9999.00000, -9999.00000, -9999.00000, -9999.00000, -9999.00000, -9999.00000, -9999.00000, -9999.00000 
63240.0, -9999.00000, -9999.00000, -9999.00000, -9999.00000, -9999.00000, -9999.00000, -9999.00000, -9999.00000, -9999.00000, -9999.00000, -9999.00000, -9999.00000, -9999.00000, -9999.00000, -9999.00000, -9999.00000, -9999.00000, -9999.00000, -9999.00000, -9999.00000, -9999.00000, -9999.00000 
63300.0, -9999.00000, -9999.00000, -9999.00000, -9999.00000, -9999.00000, -9999.00000, -9999.00000, -9999.00000, -9999.00000, -9999.00000, -9999.00000, -9999.00000, -9999.00000, -9999.00000, -9999.00000, -9999.00000, -9999.00000, -9999.00000, -9999.00000, -9999.00000, -9999.00000, -9999.00000 
63360.0, -9999.00000, -9999.00000, -9999.00000, -9999.00000, -9999.00000, -9999.00000, -9999.00000, -9999.00000, -9999.00000, -9999.00000, -9999.00000, -9999.00000, -9999.00000, -9999.00000, -9999.00000, -9999.00000, -9999.00000, -9999.00000, -9999.00000, -9999.00000, -9999.00000, -9999.00000 
63420.0, -9999.00000, -9999.00000, -9999.00000, -9999.00000, -9999.00000, -9999.00000, -9999.00000, -9999.00000, -9999.00000, -9999.00000, -9999.00000, -9999.00000, -9999.00000, -9999.00000, -9999.00000, -9999.00000, -9999.00000, -9999.00000, -9999.00000, -9999.00000, -9999.00000, -9999.00000 
63480.0, -9999.00000, -9999.00000, -9999.00000, -9999.00000, -9999.00000, -9999.00000, -9999.00000, -9999.00000, -9999.00000, -9999.00000, -9999.00000, -9999.00000, -9999.00000, -9999.00000, -9999.00000, -9999.00000, -9999.00000, -9999.00000, -9999.00000, -9999.00000, -9999.00000, -9999.00000 
63540.0, -9999.00000, -9999.00000, -9999.00000, -9999.00000, -9999.00000, -9999.00000, -9999.00000, -9999.00000, -9999.00000, -9999.00000, -9999.00000, -9999.00000, -9999.00000, -9999.00000, -9999.00000, -9999.00000, -9999.00000, -9999.00000, -9999.00000, -9999.00000, -9999.00000, -9999.00000 
63600.0, 6.80269, -9999.00000, 1.56478, 3.23090, -0.00110, 0.21489, 3.27452, 0.00119, 0.14358, 0.60898, -9999.00000, 0.29808, 0.02005, -9999.00000, 0.14856, 0.04461, -9999.00000, 0.02679, 0.12460, 0.02691, 0.04794, 0.00733 
63660.0, 5.99235, 0.30902, 1.81966, 2.80295, -0.00073, 0.17635, 3.21030, 0.00361, 0.10682, 0.61129, 0.14351, 0.27786, 0.02121, 0.01379, 0.15984, 0.05470, 0.00725, 0.03324, 0.08964, 0.01066, 0.04798, 0.00732 
63720.0, 7.23001, 0.28552, 1.98179, 4.13472, -0.00110, 0.24927, 3.31764, -0.00048, 0.19301, 0.62123, 0.19054, 0.46709, 0.02601, 0.00697, 0.27750, 0.08993, 0.00789, 0.04147, 0.07858, 0.08035, 0.04247, 0.01175 
63780.0, 5.31424, 0.30314, 1.16018, 1.95729, 0.00132, 0.14050, 2.70207, -0.00048, 0.27411, 0.49559, 0.10316, 0.19125, 0.01765, -0.00025, 0.11040, 0.03841, -0.00102, 0.02680, 0.05595, 0.02802, 0.03727, 0.00730 
63840.0, 4.57800, 0.31225, 0.91973, 1.71273, 0.00299, 0.13051, 2.55232, -0.00048, 0.23835, 0.40941, 0.11465, 0.16290, 0.01334, 0.03253, 0.06915, 0.02524, 0.00052, 0.01920, 0.04754, 0.00083, 0.02560, 0.00369 
63900.0, 3.37657, 0.32102, 0.67905, 1.10919, 0.00074, 0.12016, 2.31260, -0.00048, 0.19881, 0.35550, 0.06488, 0.07767, 0.00397, 0.01863, 0.05648, 0.01857, -0.00102, 0.01537, 0.05092, 0.02422, 0.01213, 0.00346 
63960.0, 3.97777, 0.33923, 0.80483, 1.15464, 0.00114, 0.10831, 2.35834, 0.00959, 0.30690, 0.33154, 0.04062, 0.09737, -0.00175, 0.00647, 0.06093, 0.02539, -0.00102, 0.02424, 0.05847, 0.01918, 0.01702, 0.00176 
64020.0, 4.26982, 0.30360, 1.04192, 1.59528, -0.00110, 0.10777, 3.37294, -0.00048, 0.77006, 0.40097, 0.08951, 0.15419, -0.00175, 0.02303, 0.06753, 0.02931, -0.00102, 0.02945, 0.12448, 0.02140, 0.02189, 0.00946 
64080.0, 3.09989, 0.31950, 0.71430, 1.12894, -0.00110, 0.10571, 2.54933, -0.00048, 0.18530, 0.34635, 0.09445, 0.13490, -0.00175, -0.00025, 0.07890, 0.02352, 0.00018, 0.00987, 0.02965, 0.02198, 0.01536, 0.00485 
64140.0, 3.39995, 0.33155, 0.85440, 1.48408, 0.00131, 0.10475, 2.68768, 0.00056, 0.25894, 0.37322, 0.08543, 0.22364, 0.01037, 0.00038, 0.08161, 0.03303, -0.00102, 0.01932, 0.08408, 0.01927, 0.13764, 0.00306 
64200.0, 11.66968, 0.33622, 1.20506, 1.92181, 0.00477, 0.14242, 2.63161, -0.00048, 0.49481, 0.38466, 0.19593, 0.41434, 0.02700, 0.01272, 0.18153, 0.09250, 0.00286, 0.03406, 0.09717, 0.02247, 0.25578, 0.00469 
64260.0, 3.02201, 0.32848, 0.76836, 1.25783, -0.00076, 0.07876, 2.49876, -0.00048, 0.20277, 0.35985, 0.13520, 0.11929, 0.00995, 0.00986, 0.06559, 0.02475, 0.00010, 0.00575, 0.03980, 0.02266, 0.06471, 0.00105 
64320.0, 4.33498, 0.30784, 0.83331, 1.13117, 0.00010, 0.12164, 2.54303, -0.00048, 0.31996, 0.37864, 0.09066, 0.19578, -0.00175, 0.00722, 0.05789, 0.02404, 0.01291, 0.03435, 0.04424, 0.02174, 0.21763, 0.00185 
64380.0, 2.88183, 0.30335, 0.54710, 0.64606, 0.00078, 0.10702, 2.31720, -0.00048, 0.04697, 0.32548, 0.08708, 0.07807, -0.00175, 0.00468, 0.04594, 0.01212, 0.00310, 0.00214, 0.01518, 0.00303, 0.03498, 0.00353 
64440.0, 3.24905, 0.33540, 0.71348, 1.21673, 0.00008, 0.09874, 2.49958, -0.00048, 0.35176, 0.32772, 0.08768, 0.14321, 0.00852, 0.00845, 0.05744, 0.02797, -0.00102, 0.01331, 0.03954, 0.00239, 0.11895, 0.00147 
64500.0, 4.21886, 0.35151, 1.29999, 1.53013, 0.00064, 0.13905, 2.59333, -0.00048, 0.25548, 0.32312, 0.05553, 0.37630, 0.01170, -0.00025, 0.08210, 0.03807, 0.01065, 0.02603, 0.08992, 0.02780, 0.69863, 0.00426 
64560.0, 3.75668, 0.32400, 2.69268, 1.60799, 0.00563, 0.10941, 2.59613, -0.00048, 0.27188, 0.35274, 0.07729, 0.21458, 0.01338, -0.00025, 0.08142, 0.02585, 0.00680, 0.01487, 0.04586, 0.02885, 0.14180, 0.00233 
64620.0, 3.49498, 0.32674, 0.97073, 1.53937, 0.00027, 0.06328, 2.47002, -0.00048, 0.11437, 0.30743, 0.10283, 0.17142, 0.00985, -0.00025, 0.05530, 0.01853, -0.00102, 0.01023, 0.03188, 0.01569, 0.09855, 0.00241 
64680.0, 5.83090, 0.31825, 1.15568, 1.84304, 0.00274, 0.15110, 2.72576, -0.00048, 0.17905, 0.37714, 0.19446, 0.42826, 0.02487, -0.00025, 0.25231, 0.09522, 0.01029, 0.00475, 0.10829, 0.01581, 0.13741, 0.00310 
64740.0, 6.39124, 0.33263, 1.28659, 1.79258, 0.00070, 0.15191, 2.97094, -0.00048, 0.35137, 0.37257, 0.18399, 0.50845, 0.02947, -0.00025, 0.26092, 0.09980, 0.00561, 0.03022, 0.09943, 0.02922, 0.31061, 0.00449 
64800.0, 5.61993, 0.32280, 1.43552, 1.98825, 0.00065, 0.18095, 2.84816, -0.00048, 0.27920, 0.41584, 0.07059, 0.23789, 0.01776, 0.02043, 0.10036, 0.03643, 0.00516, 0.03518, 0.17185, 0.04294, 0.19154, 0.00282 
64860.0, 4.79704, 0.32897, 1.06589, 1.79057, 0.00116, 0.12423, 2.79645, -0.00048, 0.17028, 0.36063, 0.12556, 0.21133, 0.00857, -0.00025, 0.09021, 0.02174, -0.00102, 0.02402, 0.08431, 0.01740, 0.04173, 0.00394 
64920.0, 4.08207, 0.32879, 1.08342, 1.74499, 0.00122, 0.11609, 2.81241, -0.00048, 0.17780, 0.37425, 0.13297, 0.18930, 0.01700, 0.00170, 0.07891, 0.03411, 0.01245, 0.03360, 0.07005, 0.02376, 0.02975, 0.00470 
64980.0, 5.47252, 0.33862, 1.17115, 1.75290, -0.00110, 0.14851, 2.91583, -0.00048, 0.23690, 0.33975, 0.15656, 0.29455, 0.01855, -0.00025, 0.11064, 0.04195, -0.00102, 0.00841, 0.08130, 0.03659, 0.03345, 0.00123 
65040.0, 4.66718, 0.34398, 0.93906, 1.49779, 0.00060, 0.11860, 2.77613, -0.00048, 0.11172, 0.29503, 0.10596, 0.19387, 0.00731, -0.00025, 0.06353, 0.02327, -0.00102, 0.01517, 0.06971, 0.03624, 0.01795, 0.00191 
65100.0, 5.09927, 0.35143, 1.14084, 1.39520, 0.00335, 0.12730, 2.84975, -0.00048, 0.15436, 0.29235, 0.12479, 0.20662, 0.00617, 0.01217, 0.08657, 0.03204, -0.00102, 0.02095, 0.06145, 0.04842, 0.01960, 0.00290 
65160.0, 5.16959, 0.31505, 1.11559, 1.51397, 0.00072, 0.12657, 2.95479, -0.00048, 0.13140, 0.35594, 0.11205, 0.18848, 0.00887, 0.00248, 0.07337, 0.02548, -0.00044, 0.02607, 0.05218, 0.03679, 0.01323, 0.00668 
65220.0, 4.10581, 0.33023, 0.91558, 1.40381, -0.00048, 0.13057, 2.68800, -0.00048, 0.05960, 0.30157, 0.09459, 0.17699, -0.00030, -0.00025, 0.06500, 0.01891, -0.00102, 0.01136, 0.03585, 0.01601, 0.02737, 0.00445 
65280.0, 4.88869, 0.31923, 1.10808, 1.91826, 0.00121, 0.14853, 2.82417, -0.00048, 0.30133, 0.34177, 0.09786, 0.22350, 0.01110, 0.01454, 0.08157, 0.03258, -0.00102, 0.01991, 0.06382, 0.01756, 0.02079, 0.00265 
65340.0, 5.31630, 0.34098, 1.16442, 2.21607, 0.00328, 0.14900, 2.89604, -0.00048, 0.41548, 0.35664, 0.16619, 0.22297, 0.01957, 0.00849, 0.09429, 0.03546, -0.00102, 0.00110, 0.10163, 0.02921, 0.01395, 0.00326 
65400.0, 4.55652, 0.35428, 0.91528, 1.22870, 0.00492, 0.12863, 2.80363, -0.00048, 0.05488, 0.30252, 0.11122, 0.14799, 0.02193, 0.02530, 0.08389, 0.02366, -0.00102, 0.01773, 0.02969, 0.01775, 0.01676, 0.00303 
65460.0, 4.63029, 0.32939, 0.92728, 1.45242, -0.00063, 0.11696, 2.84627, -0.00048, 0.11156, 0.32147, 0.08652, 0.14268, 0.01261, 0.01417, 0.06620, 0.02861, 0.00986, 0.00920, 0.03819, 0.01274, 0.02109, 0.00302 
65520.0, 4.75664, 0.34528, 0.83185, 1.35140, 0.00247, 0.10735, 2.78022, -0.00048, 0.07467, 0.26627, 0.11192, 0.16904, 0.00197, 0.01505, 0.06526, 0.01524, -0.00102, 0.01643, 0.02225, 0.00694, 0.02179, 0.00127 
65580.0, 4.26601, 0.32139, 0.99845, 1.40295, -0.00024, 0.11936, 2.82903, 0.00456, 0.18837, 0.33203, 0.10186, 0.19056, 0.02251, 0.00375, 0.07361, 0.02951, 0.00543, 0.00907, 0.03554, 0.01204, 0.02048, 0.00510 
65640.0, 4.23836, 0.32991, 1.03744, 1.27954, 0.00263, 0.14142, 2.92390, -0.00048, 0.16249, 0.33028, 0.07193, 0.18198, 0.01978, 0.01368, 0.08827, 0.02302, 0.00929, 0.02221, 0.06036, 0.00681, 0.02499, 0.00348 
65700.0, 5.82020, 0.32049, 1.24572, 1.94030, 0.00073, 0.17490, 2.98955, -0.00048, 0.13707, 0.36895, 0.11986, 0.22080, 0.02149, 0.01914, 0.08780, 0.02734, -0.00102, 0.03291, 0.13827, 0.06395, 0.03036, 0.00522 
65760.0, 8.29223, 0.35916, 1.34903, 2.23677, 0.00120, 0.16304, 3.07839, -0.00048, 0.19479, 0.34129, 0.17397, 0.28440, 0.01083, 0.01063, 0.13166, 0.05359, 0.00865, 0.03642, 0.14063, 0.02237, 0.02907, 0.00192 
65820.0, 4.01567, 0.35571, 0.92652, 1.43532, -0.00077, 0.14107, 2.84627, -0.00048, 0.17155, 0.27891, 0.10298, 0.21579, 0.01376, 0.00741, 0.08216, 0.02460, 0.01022, 0.03564, 0.05360, 0.00892, 0.00966, 0.00549 
