CampaignData_and_Merges/R0/CSL_MobileLab_Parked/raw/20240730/USOS-MetNav_MobileLabGround_20240730_R0.ict
44, 1001
Carrie Womack, Nate Howard, Mike Zucker
NOAA Chemical Sciences Laboratory
Mobile Lab MetNav Station
USOS
1, 1
2024, 07, 30, 2024, 12, 21
60
Time_Start, seconds_past_midnight, Seconds from midnight UTC
11
1, 1, 1, 1, 1, 1, 1, 1, 1, 1, 1
-9999, -9999, -9999, -9999, -9999, -9999, -9999, -9999, -9999, -9999, -9999
GPS_Alt_m, meters, Altitude from Differential GPS
GPS_Course_deg, degrees, Course from Differential GPS
GPS_GndSpd_m_s, m/s, Ground Speed from Differential GPS
GPS_Heading_deg, degrees, Heading from Differential GPS
GPS_Lat_deg, degrees, Latitude from Differential GPS
GPS_Lon_deg, degrees, Longitude from Differential GPS
AirTemp_C, Celsius, Air Temperature from Airmar
RelHumidity_pct, percent, Relative Humidity from Airmar
Pressure_mb, millibars, Pressure from Honeywell
WindDir_calc_deg, degrees, Wind Direction from Airmar corrected for van movement
WindSpd_calc_m_s, m/s, Wind Speed from Airmar corrected for van movement
1
SPECIAL COMMENTS:
18
PI_CONTACT_INFO: Address: 325 Broadway R/CSL7, Boulder, CO, 80305
PLATFORM: CSL Mobile Lab
LOCATION: Salt Lake City, UT
ASSOCIATED_DATA: N/A
INSTRUMENT_INFO: N/A
DATA_INFO: Units:
UNCERTAINTY: N/A
ULOD_FLAG: -7777
ULOD_VALUE: N/A
LLOD_FLAG: -8888
LLOD_VALUE: N/A
DM_CONTACT_INFO: Data Manager: Nate Howard
PROJECT_INFO: 
STIPULATIONS_ON_USE: Use of these data require prior ok from PI.
OTHER_COMMENTS: 
REVISION: R0
R0: Final data. Fixed bug in wind averaging code. RA: Preliminary Data. For in-field use only. 
Time_Start, GPS_Alt_m, GPS_Course_deg, GPS_GndSpd_m_s, GPS_Heading_deg, GPS_Lat_deg, GPS_Lon_deg, AirTemp_C, RelHumidity_pct, Pressure_mb, WindDir_calc_deg, WindSpd_calc_m_s
[from data line 1044]
62640.0,1308.2,1.84,0.05,1.84,40.73433,-111.87211,34.4,12.4,875.7,109.26,1.0
62700.0,1308.2,2.14,0.05,2.14,40.73433,-111.87211,34.5,12.6,875.7,113.64,0.8
62760.0,1308.4,2.22,0.05,2.22,40.73434,-111.87211,34.4,12.3,875.7,118.22,1.7
62820.0,1308.5,2.38,0.05,2.38,40.73434,-111.87211,34.0,11.9,875.7,114.35,2.2
62880.0,1308.5,2.57,0.05,2.57,40.73434,-111.87211,33.8,12.2,875.7,102.94,1.1
62940.0,1308.5,2.72,0.05,2.72,40.73434,-111.87211,33.8,11.9,875.7,96.39,0.6
63000.0,1308.6,2.79,0.05,2.79,40.73434,-111.87211,33.8,11.6,875.7,115.73,1.1
63060.0,1308.7,2.60,0.05,2.60,40.73434,-111.87211,33.6,11.3,875.7,122.32,2.6
63120.0,1308.7,2.45,0.06,2.45,40.73434,-111.87211,33.5,11.3,875.7,125.05,2.0
63180.0,1308.8,2.29,0.05,2.29,40.73434,-111.87211,33.6,12.5,875.7,128.81,1.9
63240.0,1308.8,2.19,0.05,2.19,40.73434,-111.87211,33.7,12.2,875.7,132.26,1.6
63300.0,1308.9,2.03,0.05,2.03,40.73434,-111.87211,33.9,12.2,875.7,141.22,0.8
63360.0,1308.9,2.65,0.05,2.65,40.73434,-111.87211,34.0,11.9,875.7,117.97,1.5
63420.0,1308.9,2.49,0.04,2.49,40.73434,-111.87211,33.9,13.3,875.7,116.43,1.9
63480.0,1309.1,2.48,0.05,2.48,40.73434,-111.87211,33.9,12.7,875.7,118.96,1.8
63540.0,1309.1,2.49,0.05,2.49,40.73434,-111.87211,33.9,12.7,875.7,116.73,1.5
63600.0,1309.2,2.42,0.05,2.42,40.73434,-111.87211,33.9,12.0,875.7,101.57,0.6
63660.0,1309.2,2.22,0.05,2.22,40.73434,-111.87211,34.0,12.1,875.7,104.13,0.6
63720.0,1309.2,2.48,0.04,2.48,40.73434,-111.87211,34.2,11.2,875.7,128.21,0.8
63780.0,1309.2,3.17,0.05,3.17,40.73434,-111.87211,34.4,10.2,875.7,134.21,1.0
63840.0,1309.1,2.92,0.05,2.92,40.73434,-111.87211,34.6,9.6,875.7,170.54,1.6
63900.0,1309.1,2.39,0.05,2.39,40.73434,-111.87211,34.7,8.8,875.7,194.72,2.1
63960.0,1309.1,2.21,0.05,2.21,40.73434,-111.87211,34.9,8.9,875.7,189.70,1.4
64020.0,1309.4,1.96,0.06,1.96,40.73434,-111.87211,35.1,9.2,875.6,183.65,1.0
64080.0,1309.5,2.18,0.05,2.18,40.73433,-111.87211,35.3,9.4,875.6,154.41,0.8
64140.0,1309.7,2.48,0.05,2.48,40.73433,-111.87211,35.3,9.5,875.6,144.96,2.4
64200.0,1309.7,2.59,0.05,2.59,40.73433,-111.87211,35.0,11.7,875.6,131.43,3.1
64260.0,1309.6,2.72,0.05,2.72,40.73433,-111.87211,34.8,10.2,875.6,120.55,2.2
64320.0,1309.6,2.23,0.05,2.23,40.73433,-111.87211,34.7,10.3,875.6,139.79,1.5
64380.0,1309.6,2.35,0.04,2.35,40.73433,-111.87211,34.6,8.7,875.6,170.07,2.7
64440.0,1309.6,2.43,0.05,2.43,40.73433,-111.87211,34.7,9.2,875.5,154.96,2.1
64500.0,1309.5,2.74,0.05,2.74,40.73433,-111.87211,34.5,10.6,875.5,127.54,2.5
64560.0,1309.3,2.93,0.04,2.93,40.73433,-111.87211,34.3,10.5,875.5,134.27,2.5
64620.0,1309.1,2.78,0.04,2.78,40.73433,-111.87211,34.2,9.9,875.5,121.53,1.8
64680.0,1309.1,2.65,0.04,2.65,40.73433,-111.87210,34.2,11.0,875.5,129.22,2.0
64740.0,1308.9,2.49,0.05,2.49,40.73433,-111.87210,34.2,11.3,875.5,129.91,1.0
64800.0,1308.8,2.67,0.05,2.67,40.73433,-111.87210,34.5,10.7,875.5,216.73,0.2
64860.0,1308.7,2.27,0.05,2.27,40.73433,-111.87210,34.7,10.3,875.5,207.96,0.4
64920.0,1308.7,2.33,0.05,2.33,40.73433,-111.87210,34.9,10.3,875.5,148.66,1.1
64980.0,1308.6,1.92,0.05,1.92,40.73433,-111.87210,35.1,10.1,875.5,174.97,1.3
65040.0,1308.5,1.83,0.04,1.83,40.73433,-111.87210,35.2,9.9,875.5,230.43,0.6
65100.0,1308.5,1.81,0.05,1.81,40.73433,-111.87210,35.4,9.6,875.5,161.39,1.0
65160.0,1308.5,1.65,0.04,1.65,40.73433,-111.87210,35.6,9.4,875.5,182.71,1.9
65220.0,1308.5,2.11,0.05,2.11,40.73433,-111.87210,35.6,9.2,875.5,188.54,1.7
65280.0,1308.5,1.93,0.04,1.93,40.73433,-111.87211,35.6,9.6,875.5,195.61,1.8
65340.0,1308.7,2.13,0.05,2.13,40.73433,-111.87211,35.6,9.7,875.5,193.51,1.4
65400.0,1308.7,2.47,0.04,2.47,40.73434,-111.87210,35.8,9.6,875.5,191.54,0.7
65460.0,1308.4,2.60,0.05,2.60,40.73434,-111.87211,35.7,9.2,875.5,173.35,2.2
65520.0,1308.0,2.27,0.05,2.27,40.73434,-111.87211,35.7,9.4,875.4,159.28,2.1
65580.0,1308.0,2.34,0.04,2.34,40.73434,-111.87211,35.8,10.0,875.4,134.51,0.9
65640.0,1308.1,2.85,0.04,2.85,40.73434,-111.87211,35.7,10.5,875.4,61.03,0.3
65700.0,1308.3,3.35,0.05,3.35,40.73434,-111.87211,35.8,10.5,875.3,126.95,1.2
65760.0,1308.3,2.93,0.04,2.93,40.73434,-111.87211,35.8,10.3,875.4,176.43,1.6
65820.0,1308.4,3.01,0.05,3.01,40.73434,-111.87211,35.9,9.5,875.4,196.21,1.6
65880.0,1308.4,2.73,0.05,2.73,40.73434,-111.87211,36.0,9.7,875.4,227.31,0.9
65940.0,1308.5,3.09,0.04,3.09,40.73434,-111.87211,36.1,9.6,875.4,199.08,0.7
66000.0,1308.3,2.39,0.04,2.39,40.73434,-111.87211,36.2,9.9,875.3,213.45,0.7
66060.0,1308.1,2.42,0.03,2.42,40.73433,-111.87210,36.3,9.9,875.2,187.00,0.3
66120.0,1308.1,2.58,0.04,2.58,40.73433,-111.87210,36.3,9.4,875.2,178.80,1.7
66180.0,1308.1,2.90,0.05,2.90,40.73433,-111.87210,36.3,9.0,875.2,192.92,2.0
66240.0,1308.4,2.50,0.04,2.50,40.73434,-111.87210,36.3,9.1,875.2,172.57,1.5
66300.0,1308.4,2.80,0.04,2.80,40.73434,-111.87210,36.4,9.5,875.2,159.77,0.9
66360.0,1308.6,2.54,0.05,2.54,40.73434,-111.87211,36.3,9.7,875.2,195.95,0.7
66420.0,1308.4,2.40,0.04,2.40,40.73434,-111.87211,36.4,9.6,875.3,158.21,1.3
66480.0,1308.3,2.12,0.05,2.12,40.73434,-111.87211,36.5,9.7,875.4,162.44,1.4
66540.0,1308.4,1.80,0.05,1.80,40.73434,-111.87211,36.5,9.9,875.4,149.81,0.7
66600.0,1308.4,1.89,0.05,1.89,40.73434,-111.87211,36.5,10.9,875.4,123.33,0.4
66660.0,1308.6,1.99,0.05,1.99,40.73434,-111.87211,36.6,10.2,875.3,169.01,0.4
66720.0,1308.6,2.09,0.05,2.09,40.73434,-111.87211,36.7,10.0,875.3,143.43,0.4
66780.0,1308.6,1.61,0.05,1.61,40.73434,-111.87211,36.7,9.8,875.3,138.59,0.6
66840.0,1308.6,1.84,0.05,1.84,40.73434,-111.87211,36.3,10.0,875.3,295.60,0.7
66900.0,1308.4,1.85,0.04,1.85,40.73433,-111.87211,36.6,9.8,875.3,199.00,0.7
66960.0,1308.3,2.01,0.04,2.01,40.73433,-111.87211,36.7,10.0,875.4,203.42,0.5
67020.0,1308.3,2.09,0.04,2.09,40.73434,-111.87211,36.8,9.6,875.5,206.03,1.1
67080.0,1308.3,2.17,0.04,2.17,40.73434,-111.87211,36.9,9.6,875.7,249.88,0.7
67140.0,1308.3,2.19,0.04,2.19,40.73434,-111.87211,36.7,9.6,875.7,298.03,0.5
67200.0,1308.3,1.88,0.05,1.88,40.73434,-111.87211,36.7,9.8,875.7,139.89,0.3
67260.0,1308.3,2.59,0.04,2.59,40.73434,-111.87211,36.8,9.3,875.8,152.47,0.6
67320.0,1308.3,2.45,0.05,2.45,40.73433,-111.87211,36.9,9.5,875.7,138.57,1.3
67380.0,1308.4,2.42,0.05,2.42,40.73433,-111.87211,36.9,9.5,875.7,164.71,1.1
67440.0,1308.4,2.60,0.05,2.60,40.73433,-111.87211,36.9,9.4,875.8,177.77,0.8
67500.0,1308.4,2.73,0.06,2.73,40.73433,-111.87211,37.0,9.5,875.8,143.30,1.0
67560.0,1308.4,3.24,0.05,3.24,40.73433,-111.87211,37.0,9.8,875.8,137.60,0.7
67620.0,1308.5,3.74,0.04,3.74,40.73433,-111.87211,37.0,10.2,875.8,113.72,1.0
67680.0,1308.5,3.48,0.05,3.48,40.73433,-111.87211,37.1,10.0,875.8,143.58,0.5
67740.0,1308.5,3.01,0.05,3.01,40.73433,-111.87211,37.1,10.3,875.8,132.96,0.2
67800.0,1308.7,3.03,0.04,3.03,40.73433,-111.87211,37.3,10.1,875.8,212.05,0.5
67860.0,1308.8,3.69,0.04,3.69,40.73433,-111.87211,37.3,10.1,875.8,233.93,0.5
67920.0,1308.6,3.19,0.05,3.19,40.73433,-111.87211,37.0,9.8,875.9,239.55,0.6
67980.0,1308.9,2.97,0.05,2.97,40.73434,-111.87211,36.5,9.5,876.0,252.03,1.3
68040.0,1309.3,2.91,0.05,2.91,40.73433,-111.87211,36.6,9.2,876.0,202.52,1.1
68100.0,1309.3,2.87,0.05,2.87,40.73433,-111.87211,36.5,9.6,875.9,125.84,1.5
68160.0,1309.3,3.11,0.05,3.11,40.73433,-111.87211,36.5,10.7,875.2,137.42,0.9
68220.0,1309.3,2.46,0.05,2.46,40.73433,-111.87211,36.5,10.8,875.0,135.03,0.3
68280.0,1309.5,1.68,0.04,1.68,40.73433,-111.87211,36.6,10.2,875.1,176.96,0.5
68340.0,1309.1,1.80,0.04,1.80,40.73434,-111.87211,36.6,11.2,875.1,109.16,0.4
68400.0,1309.2,2.14,0.05,2.14,40.73434,-111.87211,36.6,10.5,875.2,213.30,0.8
68460.0,1309.4,2.32,0.05,2.32,40.73434,-111.87211,36.6,10.7,875.3,185.18,0.3
68520.0,1309.0,1.96,0.04,1.96,40.73434,-111.87211,36.5,10.1,875.2,278.63,0.4
68580.0,1308.9,184.11,0.08,2.09,40.73433,-111.87211,36.5,10.7,875.1,102.03,0.3
68640.0,1308.9,293.29,0.75,317.40,40.73424,-111.87226,36.0,9.6,875.0,286.52,1.1
68700.0,1308.3,277.42,0.16,276.50,40.73444,-111.87268,35.6,9.8,874.4,296.95,0.6
68760.0,1308.3,270.29,0.05,270.29,40.73444,-111.87268,35.9,10.4,874.4,356.43,0.3
68820.0,1308.3,270.49,0.04,270.49,40.73444,-111.87268,35.5,9.7,874.4,237.05,1.0
68880.0,1308.2,270.68,0.04,270.68,40.73444,-111.87268,35.3,9.9,874.4,285.28,0.6
68940.0,1308.2,270.62,0.04,270.62,40.73444,-111.87268,35.2,9.7,874.3,320.59,0.3
69000.0,1308.2,270.60,0.04,270.60,40.73444,-111.87268,35.1,10.0,874.3,321.48,0.5
69060.0,1308.2,271.02,0.05,271.02,40.73444,-111.87268,35.1,9.9,874.3,317.72,0.3
69120.0,1308.1,270.98,0.04,270.98,40.73444,-111.87268,35.4,10.3,874.3,38.96,1.6
69180.0,1308.1,270.92,0.05,270.92,40.73444,-111.87268,35.4,10.2,874.2,41.96,2.0
69240.0,1308.0,270.82,0.04,270.82,40.73444,-111.87268,35.7,10.6,874.2,30.52,0.8
69300.0,-9999.0,-9999.00,-9999.00,-9999.00,-9999.00000,-9999.00000,-9999.0,-9999.0,-9999.0,-9999.00,-9999.0
69360.0,-9999.0,-9999.00,-9999.00,-9999.00,-9999.00000,-9999.00000,-9999.0,-9999.0,-9999.0,-9999.00,-9999.0
69420.0,-9999.0,-9999.00,-9999.00,-9999.00,-9999.00000,-9999.00000,-9999.0,-9999.0,-9999.0,-9999.00,-9999.0
69480.0,-9999.0,-9999.00,-9999.00,-9999.00,-9999.00000,-9999.00000,-9999.0,-9999.0,-9999.0,-9999.00,-9999.0
69540.0,-9999.0,-9999.00,-9999.00,-9999.00,-9999.00000,-9999.00000,-9999.0,-9999.0,-9999.0,-9999.00,-9999.0
69600.0,-9999.0,-9999.00,-9999.00,-9999.00,-9999.00000,-9999.00000,-9999.0,-9999.0,-9999.0,-9999.00,-9999.0
69660.0,-9999.0,-9999.00,-9999.00,-9999.00,-9999.00000,-9999.00000,-9999.0,-9999.0,-9999.0,-9999.00,-9999.0
69720.0,-9999.0,-9999.00,-9999.00,-9999.00,-9999.00000,-9999.00000,-9999.0,-9999.0,-9999.0,-9999.00,-9999.0
69780.0,-9999.0,-9999.00,-9999.00,-9999.00,-9999.00000,-9999.00000,-9999.0,-9999.0,-9999.0,-9999.00,-9999.0
69840.0,-9999.0,-9999.00,-9999.00,-9999.00,-9999.00000,-9999.00000,-9999.0,-9999.0,-9999.0,-9999.00,-9999.0
69900.0,-9999.0,-9999.00,-9999.00,-9999.00,-9999.00000,-9999.00000,-9999.0,-9999.0,-9999.0,-9999.00,-9999.0
69960.0,-9999.0,-9999.00,-9999.00,-9999.00,-9999.00000,-9999.00000,-9999.0,-9999.0,-9999.0,-9999.00,-9999.0
70020.0,-9999.0,-9999.00,-9999.00,-9999.00,-9999.00000,-9999.00000,-9999.0,-9999.0,-9999.0,-9999.00,-9999.0
70080.0,-9999.0,-9999.00,-9999.00,-9999.00,-9999.00000,-9999.00000,-9999.0,-9999.0,-9999.0,-9999.00,-9999.0
70140.0,-9999.0,-9999.00,-9999.00,-9999.00,-9999.00000,-9999.00000,-9999.0,-9999.0,-9999.0,-9999.00,-9999.0
70200.0,-9999.0,-9999.00,-9999.00,-9999.00,-9999.00000,-9999.00000,-9999.0,-9999.0,-9999.0,-9999.00,-9999.0
70260.0,-9999.0,-9999.00,-9999.00,-9999.00,-9999.00000,-9999.00000,-9999.0,-9999.0,-9999.0,-9999.00,-9999.0
70320.0,-9999.0,-9999.00,-9999.00,-9999.00,-9999.00000,-9999.00000,-9999.0,-9999.0,-9999.0,-9999.00,-9999.0
70380.0,-9999.0,-9999.00,-9999.00,-9999.00,-9999.00000,-9999.00000,-9999.0,-9999.0,-9999.0,-9999.00,-9999.0
70440.0,-9999.0,-9999.00,-9999.00,-9999.00,-9999.00000,-9999.00000,-9999.0,-9999.0,-9999.0,-9999.00,-9999.0
70500.0,-9999.0,-9999.00,-9999.00,-9999.00,-9999.00000,-9999.00000,-9999.0,-9999.0,-9999.0,-9999.00,-9999.0
70560.0,-9999.0,-9999.00,-9999.00,-9999.00,-9999.00000,-9999.00000,-9999.0,-9999.0,-9999.0,-9999.00,-9999.0
70620.0,-9999.0,-9999.00,-9999.00,-9999.00,-9999.00000,-9999.00000,-9999.0,-9999.0,-9999.0,-9999.00,-9999.0
70680.0,-9999.0,-9999.00,-9999.00,-9999.00,-9999.00000,-9999.00000,-9999.0,-9999.0,-9999.0,-9999.00,-9999.0
70740.0,-9999.0,-9999.00,-9999.00,-9999.00,-9999.00000,-9999.00000,-9999.0,-9999.0,-9999.0,-9999.00,-9999.0
70800.0,-9999.0,-9999.00,-9999.00,-9999.00,-9999.00000,-9999.00000,-9999.0,-9999.0,-9999.0,-9999.00,-9999.0
70860.0,-9999.0,-9999.00,-9999.00,-9999.00,-9999.00000,-9999.00000,-9999.0,-9999.0,-9999.0,-9999.00,-9999.0
70920.0,-9999.0,-9999.00,-9999.00,-9999.00,-9999.00000,-9999.00000,-9999.0,-9999.0,-9999.0,-9999.00,-9999.0
70980.0,-9999.0,-9999.00,-9999.00,-9999.00,-9999.00000,-9999.00000,-9999.0,-9999.0,-9999.0,-9999.00,-9999.0
71040.0,-9999.0,-9999.00,-9999.00,-9999.00,-9999.00000,-9999.00000,-9999.0,-9999.0,-9999.0,-9999.00,-9999.0
71100.0,-9999.0,-9999.00,-9999.00,-9999.00,-9999.00000,-9999.00000,-9999.0,-9999.0,-9999.0,-9999.00,-9999.0
71160.0,-9999.0,-9999.00,-9999.00,-9999.00,-9999.00000,-9999.00000,-9999.0,-9999.0,-9999.0,-9999.00,-9999.0
71220.0,-9999.0,-9999.00,-9999.00,-9999.00,-9999.00000,-9999.00000,-9999.0,-9999.0,-9999.0,-9999.00,-9999.0
71280.0,-9999.0,-9999.00,-9999.00,-9999.00,-9999.00000,-9999.00000,-9999.0,-9999.0,-9999.0,-9999.00,-9999.0
71340.0,-9999.0,-9999.00,-9999.00,-9999.00,-9999.00000,-9999.00000,-9999.0,-9999.0,-9999.0,-9999.00,-9999.0
71400.0,-9999.0,-9999.00,-9999.00,-9999.00,-9999.00000,-9999.00000,-9999.0,-9999.0,-9999.0,-9999.00,-9999.0
71460.0,-9999.0,-9999.00,-9999.00,-9999.00,-9999.00000,-9999.00000,-9999.0,-9999.0,-9999.0,-9999.00,-9999.0
71520.0,-9999.0,-9999.00,-9999.00,-9999.00,-9999.00000,-9999.00000,-9999.0,-9999.0,-9999.0,-9999.00,-9999.0
71580.0,-9999.0,-9999.00,-9999.00,-9999.00,-9999.00000,-9999.00000,-9999.0,-9999.0,-9999.0,-9999.00,-9999.0
71640.0,-9999.0,-9999.00,-9999.00,-9999.00,-9999.00000,-9999.00000,-9999.0,-9999.0,-9999.0,-9999.00,-9999.0
71700.0,-9999.0,-9999.00,-9999.00,-9999.00,-9999.00000,-9999.00000,-9999.0,-9999.0,-9999.0,-9999.00,-9999.0
71760.0,-9999.0,-9999.00,-9999.00,-9999.00,-9999.00000,-9999.00000,-9999.0,-9999.0,-9999.0,-9999.00,-9999.0
71820.0,-9999.0,-9999.00,-9999.00,-9999.00,-9999.00000,-9999.00000,-9999.0,-9999.0,-9999.0,-9999.00,-9999.0
71880.0,-9999.0,-9999.00,-9999.00,-9999.00,-9999.00000,-9999.00000,-9999.0,-9999.0,-9999.0,-9999.00,-9999.0
71940.0,-9999.0,-9999.00,-9999.00,-9999.00,-9999.00000,-9999.00000,-9999.0,-9999.0,-9999.0,-9999.00,-9999.0
72000.0,-9999.0,-9999.00,-9999.00,-9999.00,-9999.00000,-9999.00000,-9999.0,-9999.0,-9999.0,-9999.00,-9999.0
72060.0,-9999.0,-9999.00,-9999.00,-9999.00,-9999.00000,-9999.00000,-9999.0,-9999.0,-9999.0,-9999.00,-9999.0
72120.0,-9999.0,-9999.00,-9999.00,-9999.00,-9999.00000,-9999.00000,-9999.0,-9999.0,-9999.0,-9999.00,-9999.0
72180.0,-9999.0,-9999.00,-9999.00,-9999.00,-9999.00000,-9999.00000,-9999.0,-9999.0,-9999.0,-9999.00,-9999.0
72240.0,-9999.0,-9999.00,-9999.00,-9999.00,-9999.00000,-9999.00000,-9999.0,-9999.0,-9999.0,-9999.00,-9999.0
72300.0,-9999.0,-9999.00,-9999.00,-9999.00,-9999.00000,-9999.00000,-9999.0,-9999.0,-9999.0,-9999.00,-9999.0
72360.0,-9999.0,-9999.00,-9999.00,-9999.00,-9999.00000,-9999.00000,-9999.0,-9999.0,-9999.0,-9999.00,-9999.0
72420.0,-9999.0,-9999.00,-9999.00,-9999.00,-9999.00000,-9999.00000,-9999.0,-9999.0,-9999.0,-9999.00,-9999.0
72480.0,-9999.0,-9999.00,-9999.00,-9999.00,-9999.00000,-9999.00000,-9999.0,-9999.0,-9999.0,-9999.00,-9999.0
72540.0,-9999.0,-9999.00,-9999.00,-9999.00,-9999.00000,-9999.00000,-9999.0,-9999.0,-9999.0,-9999.00,-9999.0
72600.0,-9999.0,-9999.00,-9999.00,-9999.00,-9999.00000,-9999.00000,-9999.0,-9999.0,-9999.0,-9999.00,-9999.0
72660.0,-9999.0,-9999.00,-9999.00,-9999.00,-9999.00000,-9999.00000,-9999.0,-9999.0,-9999.0,-9999.00,-9999.0
72720.0,-9999.0,-9999.00,-9999.00,-9999.00,-9999.00000,-9999.00000,-9999.0,-9999.0,-9999.0,-9999.00,-9999.0
72780.0,-9999.0,-9999.00,-9999.00,-9999.00,-9999.00000,-9999.00000,-9999.0,-9999.0,-9999.0,-9999.00,-9999.0
72840.0,-9999.0,-9999.00,-9999.00,-9999.00,-9999.00000,-9999.00000,-9999.0,-9999.0,-9999.0,-9999.00,-9999.0
72900.0,-9999.0,-9999.00,-9999.00,-9999.00,-9999.00000,-9999.00000,-9999.0,-9999.0,-9999.0,-9999.00,-9999.0
72960.0,-9999.0,-9999.00,-9999.00,-9999.00,-9999.00000,-9999.00000,-9999.0,-9999.0,-9999.0,-9999.00,-9999.0
73020.0,-9999.0,-9999.00,-9999.00,-9999.00,-9999.00000,-9999.00000,-9999.0,-9999.0,-9999.0,-9999.00,-9999.0
73080.0,-9999.0,-9999.00,-9999.00,-9999.00,-9999.00000,-9999.00000,-9999.0,-9999.0,-9999.0,-9999.00,-9999.0
73140.0,-9999.0,-9999.00,-9999.00,-9999.00,-9999.00000,-9999.00000,-9999.0,-9999.0,-9999.0,-9999.00,-9999.0
73200.0,-9999.0,-9999.00,-9999.00,-9999.00,-9999.00000,-9999.00000,-9999.0,-9999.0,-9999.0,-9999.00,-9999.0
73260.0,-9999.0,-9999.00,-9999.00,-9999.00,-9999.00000,-9999.00000,-9999.0,-9999.0,-9999.0,-9999.00,-9999.0
73320.0,-9999.0,-9999.00,-9999.00,-9999.00,-9999.00000,-9999.00000,-9999.0,-9999.0,-9999.0,-9999.00,-9999.0
