CampaignData_and_Merges/R0/CSL_MobileLab_Parked/raw/20240730/USOS-NOy-LIF_MobileLabGround_20240730_R0.ict
39,1001
Rollins, A.; Waxman, E.; Zuraski, K.; Chace, W.
NOAA Chemical Sciences Laboratory
LIF NO/NOx/NOy on CSL Mobile Lab
AMMBEC / USOS
1, 1
2024,07,30, 2025,01,04
1
Time_Start, seconds, number_of_seconds_since_0000_UTC
7
1, 1, 1, 1, 1, 1, 1
-9999, -9999, -9999, -9999, -9999, -9999, -9999
Time_Stop, seconds, number_of_seconds_since_0000_UTC
NO_LIF, pptv, Gas_NO_InSitu_S_AVMR, volume mixing ratio of nitric oxide in air
NO2_LIF, pptv, Gas_NO2_InSitu_S_AVMR, volume mixing ratio of nitrogen dioxide in air
NOy_LIF, pptv, Gas_NOy_InSitu_S_AVMR, volume mixing ratio of total oxidized nitrogen in air
NO_LIF_1SigmaAccuracy, pptv, Gas_NO_InSitu_S_AVMR, volume mixing ratio of nitric oxide in air
NO2_LIF_1SigmaAccuracy, pptv, Gas_NO2_InSitu_S_AVMR, volume mixing ratio of nitrogen dioxide in air
NOy_LIF_1SigmaAccuracy, pptv, Gas_NOy_InSitu_S_AVMR, volume mixing ratio of total oxidized nitrogen in air
0
18
PI_CONTACT_INFO: andrew.rollins@noaa.gov
PLATFORM: CSL Mobile Lab
LOCATION: Salt Lake City, UT
ASSOCIATED_DATA:
INSTRUMENT_INFO: NO detection by laser induced fluorescence. NO2 detection by photolytic conversion to NO. NOy detection by catalytic conversion to NO on gold surface
DATA_INFO:
UNCERTAINTY: Included 1 Sigma Accuracy waves represent the combined calibration uncertainties (±6%, ±9%, ±10%) and zero uncertainties (3 ppt, 20 ppt, 100 ppt) for NO, NO2, and NOy, respectively.
ULOD_FLAG: -7777
ULOD_VALUE: N/A
LLOD_FLAG: -8888
LLOD_VALUE: N/A
DM_CONTACT_INFO: andrew.rollins@noaa.gov
PROJECT_INFO: USOS Project, July - August 2024
STIPULATIONS_ON_USE: Users are strongly encouraged to contact the PI for proper data usage.
OTHER_COMMENTS:
REVISION: R0
R0: final data
Time_Start, Time_Stop, NO_LIF, NO2_LIF, NOy_LIF, NO_LIF_1SigmaAccuracy, NO2_LIF_1SigmaAccuracy, NOy_LIF_1SigmaAccuracy
[from data line 790]
   47400,   47460,688.59,8519.3,10067,44.315, 786.74, 1106.7
   47460,   47520,582.02,7609.3,9818.8,37.921, 704.84, 1081.9
   47520,   47580,728.04,8449.9,11131,46.682, 780.49, 1213.1
   47580,   47640,1190.6,9818.8,10692,74.437, 903.7, 1169.2
   47640,   47700,2870.2,12767,9754.6,175.21, 1169.1, 1075.5
   47700,   47760,-9999,-9999,-9999,-9999, -9999, -9999
   47760,   47820,-9999,-9999,-9999,-9999, -9999, -9999
   47820,   47880,-9999,-9999,-9999,-9999, -9999, -9999
   47880,   47940,-9999,-9999,-9999,-9999, -9999, -9999
   47940,   48000,-9999,-9999,-9999,-9999, -9999, -9999
   48000,   48060,-9999,-9999,-9999,-9999, -9999, -9999
   48060,   48120,-9999,-9999,-9999,-9999, -9999, -9999
   48120,   48180,548.2,6393.8,8511.1,35.892, 595.44, 951.11
   48180,   48240,518.07,5725.3,7757.5,34.084, 535.28, 875.75
   48240,   48300,453.29,5161.1,7460.9,30.197, 484.5, 846.09
   48300,   48360,444.53,4737.5,6720.1,29.672, 446.38, 772.01
   48360,   48420,630.92,5562,6598.5,40.855, 520.58, 759.85
   48420,   48480,1006,7437.1,7810.6,63.362, 689.34, 881.06
   48480,   48540,1022,7920.3,8596.6,64.318, 732.83, 959.66
   48540,   48600,1245.4,9195.9,10271,77.726, 847.63, 1127.1
   48600,   48660,1287.9,8509,9893.9,80.277, 785.81, 1089.4
   48660,   48720,1579.5,9691.9,10059,97.769, 892.27, 1105.9
   48720,   48780,2229.6,11041,11663,136.77, 1013.7, 1266.3
   48780,   48840,1356.4,7798.6,12358,84.387, 721.88, 1335.8
   48840,   48900,1422.7,8372.1,11824,88.364, 773.49, 1282.4
   48900,   48960,1285,9254.3,12100,80.101, 852.89, 1310
   48960,   49020,1313.2,8036.8,11016,81.794, 743.31, 1201.6
   49020,   49080,1864.3,9497.7,11987,114.86, 874.79, 1298.7
   49080,   49140,2250.9,11762,13620,138.06, 1078.6, 1462
   49140,   49200,2192.3,11068,14045,134.54, 1016.1, 1504.5
   49200,   49260,938.22,6241,13618,59.293, 581.69, 1461.8
   49260,   49320,1196.3,7354.1,10251,74.78, 681.87, 1125.1
   49320,   49380,1116.4,6955.5,10808,69.983, 646, 1180.8
   49380,   49440,1287.5,8155.8,11887,80.253, 754.03, 1288.7
   49440,   49500,1286,7460.7,12699,80.16, 691.46, 1369.9
   49500,   49560,1674.7,8053.8,11614,103.48, 744.85, 1261.4
   49560,   49620,1246.8,7833.7,10390,77.806, 725.04, 1139
   49620,   49680,1244,7697.3,10095,77.639, 712.75, 1109.5
   49680,   49740,1397.3,8165.5,10774,86.84, 754.89, 1177.4
   49740,   49800,1435.2,8403.1,12552,89.115, 776.28, 1355.2
   49800,   49860,1760.5,9599.2,14527,108.63, 883.93, 1552.7
   49860,   49920,1734.3,8175,12774,107.06, 755.75, 1377.4
   49920,   49980,2223.1,9660.7,12875,136.38, 889.47, 1387.5
   49980,   50040,1889.2,9774.9,12310,116.35, 899.74, 1331
   50040,   50100,1954.2,9506.8,13005,120.25, 875.61, 1400.5
   50100,   50160,2057.4,10022,14959,126.44, 921.98, 1595.9
   50160,   50220,1835.6,10544,15451,113.14, 968.94, 1645.1
   50220,   50280,1228.5,6983.4,12966,76.708, 648.51, 1396.6
   50280,   50340,1873.7,7919.5,11875,115.42, 732.75, 1287.5
   50340,   50400,1084,5979,9245.6,68.038, 558.11, 1024.6
   50400,   50460,1028.4,5999.7,8040.2,64.704, 559.97, 904.02
   50460,   50520,1245.8,6491.4,8498.4,77.749, 604.23, 949.84
   50520,   50580,1133.8,6426.3,8500.6,71.028, 598.37, 950.06
   50580,   50640,1256.3,6446,8474.4,78.38, 600.14, 947.44
   50640,   50700,1260.7,6133.7,8429.8,78.644, 572.03, 942.98
   50700,   50760,919.79,4669,7606.2,58.188, 440.21, 860.62
   50760,   50820,1001.2,5011.7,6946.9,63.075, 471.05, 794.69
   50820,   50880,933.29,4878.8,6933.2,58.997, 459.1, 793.32
   50880,   50940,1040.5,5497.6,7209.2,65.431, 514.78, 820.92
   50940,   51000,1372.2,6162.5,7578.3,85.329, 574.62, 857.83
   51000,   51060,1581.4,6602.3,8078.9,97.884, 614.21, 907.89
   51060,   51120,1448.9,6584.9,7902.4,89.932, 612.64, 890.24
   51120,   51180,1214.4,6028.8,7788.5,75.865, 562.6, 878.85
   51180,   51240,1213.4,6540.3,9077.3,75.801, 608.63, 1007.7
   51240,   51300,1068.6,5985.1,8244.4,67.117, 558.66, 924.44
   51300,   51360,1350.1,6572.6,8405.9,84.006, 611.53, 940.59
   51360,   51420,1635.1,6946.7,9106.1,101.11, 645.2, 1010.6
   51420,   51480,1505.6,6229,9298.8,93.335, 580.61, 1029.9
   51480,   51540,1719.5,6674.1,8895.8,106.17, 620.67, 989.58
   51540,   51600,1663.6,6987.5,9181,102.82, 648.88, 1018.1
   51600,   51660,1597.1,6780.9,9350.1,98.829, 630.28, 1035
   51660,   51720,1390.5,6420.3,9318.1,86.43, 597.83, 1031.8
   51720,   51780,1557,6582.1,9053.6,96.421, 612.39, 1005.4
   51780,   51840,1461.1,6887.8,9291.9,90.664, 639.9, 1029.2
   51840,   51900,1604.6,6796.6,9090,99.275, 631.69, 1009
   51900,   51960,1510,6930.5,9390.7,93.602, 643.75, 1039.1
   51960,   52020,1326.4,6406.8,8748.6,82.584, 596.62, 974.86
   52020,   52080,1364.9,6383.5,8770.3,84.891, 594.52, 977.03
   52080,   52140,1582.6,6636,9175.8,97.959, 617.24, 1017.6
   52140,   52200,1803.2,7224.7,9496,111.19, 670.22, 1049.6
   52200,   52260,1995.3,7900.8,9514.1,122.72, 731.08, 1051.4
   52260,   52320,2016.9,7803.3,10690,124.01, 722.29, 1169
   52320,   52380,2401.7,8401.6,10932,147.1, 776.15, 1193.2
   52380,   52440,3540.8,9649.9,12098,215.45, 888.49, 1309.8
   52440,   52500,2429,7943.4,11393,148.74, 734.91, 1239.3
   52500,   52560,2134,7460.8,10209,131.04, 691.47, 1120.9
   52560,   52620,2207.6,7797.7,10785,135.46, 721.8, 1178.5
   52620,   52680,2705.1,8910.8,12152,165.31, 821.97, 1315.2
   52680,   52740,2937.7,9283.4,12340,179.26, 855.51, 1334
   52740,   52800,2979.5,9372,12282,181.77, 863.48, 1328.2
   52800,   52860,2789.1,8965.8,12054,170.35, 826.92, 1305.4
   52860,   52920,2563.4,8904.8,12473,156.8, 821.43, 1347.3
   52920,   52980,2455.4,10657,13357,150.33, 979.16, 1435.7
   52980,   53040,2724.6,10302,13977,166.48, 947.2, 1497.7
   53040,   53100,4039.2,12918,16999,245.35, 1182.7, 1799.9
   53100,   53160,3481.6,11356,16429,211.9, 1042.1, 1742.9
   53160,   53220,3403.3,10227,15206,207.2, 940.46, 1620.6
   53220,   53280,3324.2,9923.4,14380,202.45, 913.11, 1538
   53280,   53340,3326.1,9843.4,14660,202.57, 905.91, 1566
   53340,   53400,3906.1,10882,15844,237.36, 999.39, 1684.4
   53400,   53460,3762.9,10735,14910,228.78, 986.19, 1591
   53460,   53520,3260.4,10118,14687,198.62, 930.62, 1568.7
   53520,   53580,3202.5,9975.6,14480,195.15, 917.8, 1548
   53580,   53640,2580.6,9618.6,13027,157.84, 885.67, 1402.7
   53640,   53700,2465.7,9658.6,13306,150.94, 889.27, 1430.6
   53700,   53760,2766.8,9934.8,13970,169.01, 914.13, 1497
   53760,   53820,2996.9,9613,14071,182.81, 885.17, 1507.1
   53820,   53880,2550.1,9964.7,13463,156.01, 916.82, 1446.3
   53880,   53940,2813.4,10144,13677,171.81, 933, 1467.7
   53940,   54000,3447.6,10351,14430,209.85, 951.59, 1543
   54000,   54060,3012,10403,14649,183.72, 956.27, 1564.9
   54060,   54120,2996.9,10515,14864,182.81, 966.35, 1586.4
   54120,   54180,3567.5,10686,15458,217.05, 981.75, 1645.8
   54180,   54240,3672.7,10625,15721,223.36, 976.23, 1672.1
   54240,   54300,3767.5,11042,16053,229.05, 1013.8, 1705.3
   54300,   54360,3316.4,11035,17087,201.98, 1013.1, 1808.7
   54360,   54420,4119.4,11638,16196,250.16, 1067.4, 1719.6
   54420,   54480,4411.2,12321,17993,267.67, 1128.9, 1899.3
   54480,   54540,4675.6,12782,18780,283.53, 1170.4, 1978
   54540,   54600,4609.4,12890,18213,279.57, 1180.1, 1921.3
   54600,   54660,4893.5,13206,18957,296.61, 1208.5, 1995.7
   54660,   54720,4784.1,13050,19321,290.05, 1194.5, 2032.1
   54720,   54780,4680.6,12612,18499,283.84, 1155.1, 1949.9
   54780,   54840,4484.7,12914,18779,272.08, 1182.3, 1977.9
   54840,   54900,3909.2,13300,19056,237.55, 1217, 2005.6
   54900,   54960,3935.5,13435,18921,239.13, 1229.2, 1992.1
   54960,   55020,4027.7,13673,19441,244.66, 1250.6, 2044.1
   55020,   55080,3991.9,13822,19212,242.51, 1264, 2021.2
   55080,   55140,4276,12913,18741,259.56, 1182.1, 1974.1
   55140,   55200,4350.4,12355,18088,264.03, 1132, 1908.8
   55200,   55260,4617.1,12513,18414,280.02, 1146.1, 1941.4
   55260,   55320,4478.3,12614,18630,271.7, 1155.2, 1963
   55320,   55380,3751,13429,18399,228.06, 1228.6, 1939.9
   55380,   55440,3988.5,13291,18693,242.31, 1216.2, 1969.3
   55440,   55500,4267.8,12636,18215,259.07, 1157.3, 1921.5
   55500,   55560,3962.5,11599,16809,240.75, 1063.9, 1780.9
   55560,   55620,4092.1,11577,16689,248.52, 1061.9, 1768.9
   55620,   55680,3928,11886,17405,238.68, 1089.7, 1840.5
   55680,   55740,-9999,-9999,-9999,-9999, -9999, -9999
   55740,   55800,-9999,-9999,-9999,-9999, -9999, -9999
   55800,   55860,-9999,-9999,-9999,-9999, -9999, -9999
   55860,   55920,-9999,-9999,-9999,-9999, -9999, -9999
   55920,   55980,-9999,-9999,-9999,-9999, -9999, -9999
   55980,   56040,-9999,-9999,-9999,-9999, -9999, -9999
   56040,   56100,-9999,-9999,-9999,-9999, -9999, -9999
   56100,   56160,3256.7,9286.2,14262,198.4, 855.76, 1526.2
   56160,   56220,3129.9,9489.6,14020,190.79, 874.06, 1502
   56220,   56280,3212.7,9812.1,14236,195.76, 903.09, 1523.6
   56280,   56340,3088.6,9769.9,14243,188.32, 899.29, 1524.3
   56340,   56400,3303.7,10951,14230,201.22, 1005.6, 1523
   56400,   56460,3628.4,11042,15582,220.7, 1013.8, 1658.2
   56460,   56520,4086,11832,16816,248.16, 1084.9, 1781.6
   56520,   56580,4277.3,12301,17728,259.64, 1127.1, 1872.8
   56580,   56640,3887.9,11810,17102,236.27, 1082.9, 1810.2
   56640,   56700,3810.5,12166,17203,231.63, 1115, 1820.3
   56700,   56760,3551.1,12113,16601,216.07, 1110.2, 1760.1
   56760,   56820,4004,12167,17136,243.24, 1115.1, 1813.6
   56820,   56880,3873.7,11409,16542,235.42, 1046.8, 1754.2
   56880,   56940,3448.2,11475,16238,209.89, 1052.8, 1723.8
   56940,   57000,2896.6,10427,15191,176.8, 958.44, 1619.1
   57000,   57060,3096.2,9657.5,13861,188.77, 889.17, 1486.1
   57060,   57120,2716.4,9038.5,12958,165.98, 833.46, 1395.8
   57120,   57180,2613.3,8868,12435,159.8, 818.12, 1343.5
   57180,   57240,2641.7,8872.4,12521,161.5, 818.52, 1352.1
   57240,   57300,2560.1,8003.4,11737,156.61, 740.3, 1273.7
   57300,   57360,2135.6,7137.7,10441,131.14, 662.39, 1144.1
   57360,   57420,2017.7,7551,10480,124.06, 699.59, 1148
   57420,   57480,1985.4,7127.4,9951.1,122.12, 661.47, 1095.1
   57480,   57540,1967.8,7164.5,9952.2,121.07, 664.8, 1095.2
   57540,   57600,1913.4,6702.2,9145.5,117.8, 623.2, 1014.6
   57600,   57660,1675.9,6134.3,8883.9,103.55, 572.09, 988.39
   57660,   57720,1574.1,5525.1,8042.5,97.449, 517.26, 904.25
   57720,   57780,1594.2,5545.1,7822.9,98.651, 519.06, 882.29
   57780,   57840,1836.7,6015.6,8440.7,113.2, 561.4, 944.07
   57840,   57900,1876.3,6283.7,8962.8,115.58, 585.53, 996.28
   57900,   57960,1858.4,6260.6,9027.1,114.5, 583.46, 1002.7
   57960,   58020,1854.3,6269.4,9064.4,114.26, 584.25, 1006.4
   58020,   58080,1831.7,6143.9,9076.5,112.9, 572.95, 1007.6
   58080,   58140,2042.2,6380.4,9491.9,125.53, 594.23, 1049.2
   58140,   58200,2041.5,6284.2,9390.4,125.49, 585.57, 1039
   58200,   58260,1990.6,6398.3,9417,122.44, 595.84, 1041.7
   58260,   58320,1894.3,6197.2,9096.2,116.66, 577.75, 1009.6
   58320,   58380,1821.4,6212.8,9202.3,112.28, 579.15, 1020.2
   58380,   58440,1889.3,6330.8,9234.7,116.36, 589.77, 1023.5
   58440,   58500,1932.2,6510,9564.3,118.93, 605.9, 1056.4
   58500,   58560,1907.1,6591.1,9674.4,117.42, 613.2, 1067.4
   58560,   58620,2037.7,6467.4,9672,125.26, 602.06, 1067.2
   58620,   58680,2051,6552,9813.5,126.06, 609.68, 1081.4
   58680,   58740,2238.5,6862.1,10388,137.31, 637.59, 1138.8
   58740,   58800,2421.1,7264.2,10489,148.27, 673.78, 1148.9
   58800,   58860,2701.3,7784.2,10817,165.08, 720.58, 1181.7
   58860,   58920,3574.2,9378.7,13065,217.45, 864.08, 1406.5
   58920,   58980,2595.8,7672.4,11169,158.75, 710.51, 1216.9
   58980,   59040,2443,7280,10515,149.58, 675.2, 1151.5
   59040,   59100,2542.3,7480.8,11149,155.54, 693.27, 1214.9
   59100,   59160,3045.1,8676.1,11950,185.71, 800.85, 1295
   59160,   59220,3124.8,8915.6,12905,190.49, 822.4, 1390.5
   59220,   59280,3092.7,8832.1,13070,188.56, 814.89, 1407
   59280,   59340,2645.6,9142.8,12852,161.74, 842.85, 1385.2
   59340,   59400,2636.3,9029.1,12843,161.18, 832.62, 1384.3
   59400,   59460,2400.1,7979.7,11735,147, 738.18, 1273.5
   59460,   59520,2318.3,7917.1,11148,142.1, 732.54, 1214.8
   59520,   59580,2512.8,7656.1,11252,153.77, 709.05, 1225.2
   59580,   59640,2461.2,7450.7,10964,150.67, 690.56, 1196.4
   59640,   59700,2467.8,7457.2,10798,151.07, 691.15, 1179.8
   59700,   59760,2527.7,7463.3,10958,154.66, 691.69, 1195.8
   59760,   59820,2460.8,7329.6,10960,150.65, 679.66, 1196
   59820,   59880,2499.1,7319.9,10851,152.94, 678.79, 1185.1
   59880,   59940,2515,7345.4,10957,153.9, 681.08, 1195.7
   59940,   60000,2534.3,7498,11244,155.06, 694.82, 1224.4
   60000,   60060,2535.8,7484.6,11324,155.15, 693.62, 1232.4
   60060,   60120,2388.1,7685.5,11495,146.28, 711.7, 1249.5
   60120,   60180,2359.9,8340.9,11659,144.6, 770.68, 1265.9
   60180,   60240,2514.1,9122.9,12189,153.85, 841.06, 1318.9
   60240,   60300,2583.4,8282.9,12015,158.01, 765.46, 1301.5
   60300,   60360,2875.4,8302.7,12027,175.52, 767.24, 1302.7
   60360,   60420,3058.9,8678.1,13533,186.54, 801.03, 1453.3
   60420,   60480,2392.7,7739,11238,146.56, 716.51, 1223.8
   60480,   60540,2430.2,7500.5,11289,148.81, 695.05, 1228.9
   60540,   60600,2348.8,7993.3,11610,143.93, 739.4, 1261
   60600,   60660,3351.2,9398.3,13378,204.07, 865.85, 1437.8
   60660,   60720,2867.3,8453.3,12716,175.04, 780.79, 1371.6
   60720,   60780,2936.5,8507.8,12734,179.19, 785.7, 1373.4
   60780,   60840,2896.6,8344.8,12584,176.8, 771.03, 1358.4
   60840,   60900,2484.2,8234,12209,152.05, 761.06, 1320.9
   60900,   60960,2247.1,7373.8,10916,137.83, 683.64, 1191.6
   60960,   61020,2273.6,7410.2,10983,139.42, 686.92, 1198.3
   61020,   61080,3326.7,9167.9,13132,202.6, 845.11, 1413.2
   61080,   61140,2898.4,8634,13324,176.9, 797.06, 1432.4
   61140,   61200,2716.9,8294.4,12226,166.01, 766.49, 1322.6
   61200,   61260,2331,7905.6,11734,142.86, 731.51, 1273.4
   61260,   61320,2248.3,7895.6,11815,137.9, 730.6, 1281.5
   61320,   61380,2204.2,7829.3,11281,135.25, 724.64, 1228.1
   61380,   61440,2245.7,7732.4,11235,137.74, 715.92, 1223.5
   61440,   61500,2140.6,7851.9,11279,131.43, 726.67, 1227.9
   61500,   61560,2098,7493.4,11005,128.88, 694.4, 1200.5
   61560,   61620,2099.5,7358.6,10801,128.97, 682.27, 1180.1
   61620,   61680,2253.1,7245.9,11014,138.19, 672.13, 1201.4
   61680,   61740,2124.7,7319.5,10740,130.48, 678.75, 1174
   61740,   61800,2019.7,7410.9,10851,124.18, 686.98, 1185.1
   61800,   61860,2126.4,7528.5,11005,130.58, 697.56, 1200.5
   61860,   61920,2218,7188.7,10895,136.08, 666.99, 1189.5
   61920,   61980,2129.1,7165.3,10829,130.75, 664.88, 1182.9
   61980,   62040,2258.6,7708.9,11484,138.52, 713.8, 1248.4
   62040,   62100,2385.4,8409.9,12222,146.13, 776.89, 1322.2
   62100,   62160,2174.9,8191.3,11954,133.49, 757.22, 1295.4
   62160,   62220,1976.7,7285.7,10815,121.6, 675.72, 1181.5
   62220,   62280,2105.1,7124.3,10612,129.3, 661.19, 1161.2
   62280,   62340,2187.3,6961.9,10665,134.24, 646.57, 1166.5
   62340,   62400,2111.3,6749.4,10492,129.68, 627.44, 1149.2
   62400,   62460,2014.4,6786.3,10376,123.87, 630.76, 1137.6
   62460,   62520,1974.3,7186.9,10844,121.46, 666.82, 1184.4
   62520,   62580,2139.3,7475.3,10971,131.36, 692.78, 1197.1
   62580,   62640,2304.9,7332,11019,141.3, 679.88, 1201.9
   62640,   62700,2495.7,7864.7,11901,152.74, 727.82, 1290.1
   62700,   62760,2148.4,7669.7,11294,131.9, 710.27, 1229.4
   62760,   62820,2188.6,7319,10720,134.32, 678.71, 1172
   62820,   62880,2940.3,8155.1,12386,179.42, 753.96, 1338.6
   62880,   62940,2516.6,8031,11971,154, 742.79, 1297.1
   62940,   63000,1758.9,6338.7,10007,108.53, 590.48, 1100.7
   63000,   63060,1631.9,5895.1,9174.9,100.91, 550.56, 1017.5
   63060,   63120,2092.2,6420.9,9539.5,128.53, 597.88, 1054
   63120,   63180,1959,5960.7,9861.6,120.54, 556.46, 1086.2
   63180,   63240,2284,6531.9,9750.3,140.04, 607.87, 1075
   63240,   63300,2046.8,6186.6,10111,125.81, 576.8, 1111.1
   63300,   63360,2765.9,7477.5,10487,168.95, 692.98, 1148.7
