CampaignData_and_Merges/R0/CSL_MobileLab_Parked/raw/20240730/USOS-POPS_MobileLabGround_20240730_R0.ict
78, 1001
Thornberry, T. D.
NOAA Chemical Sciences Laboratory
Portable Optical Particle Spectrometer (POPS)
USOS
1, 1
2024, 07, 30, 2025, 05, 08
60
Time_Start, seconds_past_midnight, Start time of measurement
45
1, 1, 1, 1, 1, 1, 1, 1, 1, 1, 1, 1, 1, 1, 1, 1, 1, 1, 1, 1, 1, 1, 1, 1, 1, 1, 1, 1, 1, 1, 1, 1, 1, 1, 1, 1, 1, 1, 1, 1, 1, 1, 1, 1, 1
-9999, -9999, -9999, -9999, -9999, -9999, -9999, -9999, -9999, -9999, -9999, -9999, -9999, -9999, -9999, -9999, -9999, -9999, -9999, -9999, -9999, -9999, -9999, -9999, -9999, -9999, -9999, -9999, -9999, -9999, -9999, -9999, -9999, -9999, -9999, -9999, -9999, -9999, -9999, -9999, -9999, -9999, -9999, -9999, -9999
Time_Stop, seconds_past_midnight, Stop time of measurement
Time_Mid, seconds_past_midnight, Mid time of measurement
Press_mb, mb, Pressure reported (mb)
Temp_C, degrees C, POPS temperature measurement
Aerosol_concentration, cm^-3, Aerosol concentration
Surface_Area_Conc, um^2 cm^-3, Surface area concentration
Volume_density, um^3 cm^-3, Volume density
Effective_radius, um, Effective radius
Extinction, km^-1, Extinction
Bin01, cm^-3, particle concentration in size range [1401 - 146.3 nm]
Bin02, cm^-3, particle concentration in size range [146.3 - 152.8 nm]
Bin03, cm^-3, particle concentration in size range [152.8 - 159.6 nm]
Bin04, cm^-3, particle concentration in size range [159.6 - 166.8 nm]
Bin05, cm^-3, particle concentration in size range [166.8 - 174.2 nm]
Bin06, cm^-3, particle concentration in size range [174.2 - 181.9 nm]
Bin07, cm^-3, particle concentration in size range [181.9 - 190.0 nm]
Bin08, cm^-3, particle concentration in size range [190.0 - 198.5 nm]
Bin09, cm^-3, particle concentration in size range [198.5 - 207.4 nm]
Bin10, cm^-3, particle concentration in size range [207.4 - 216.6 nm]
Bin11, cm^-3, particle concentration in size range [216.6 - 226.2 nm]
Bin12, cm^-3, particle concentration in size range [226.2 - 236.3 nm]
Bin13, cm^-3, particle concentration in size range [236.3 - 246.8 nm]
Bin14, cm^-3, particle concentration in size range [246.8 - 257.8 nm]
Bin15, cm^-3, particle concentration in size range [257.8 - 269.3 nm]
Bin16, cm^-3, particle concentration in size range [269.3 - 343.4 nm]
Bin17, cm^-3, particle concentration in size range [343.4 - 450.7 nm]
Bin18, cm^-3, particle concentration in size range [450.7 - 525.9 nm]
Bin19, cm^-3, particle concentration in size range [525.9 - 618.5 nm]
Bin20, cm^-3, particle concentration in size range [618.5 - 710.0 nm]
Bin21, cm^-3, particle concentration in size range [710.0 - 822.7 nm]
Bin22, cm^-3, particle concentration in size range [822.7 - 885.9 nm]
Bin23, cm^-3, particle concentration in size range [885.9 - 953.9 nm]
Bin24, cm^-3, particle concentration in size range [953.9 - 1027.2 nm]
Bin25, cm^-3, particle concentration in size range [1027.2 - 1106.1 nm]
Bin26, cm^-3, particle concentration in size range [1106.1 - 1191.0 nm]
Bin27, cm^-3, particle concentration in size range [1191.0 - 1282.5 nm]
Bin28, cm^-3, particle concentration in size range [1282.5 - 1381.0 nm]
Bin29, cm^-3, particle concentration in size range [1381.0 - 1487.1 nm]
Bin30, cm^-3, particle concentration in size range [1487.1 - 1601.3 nm]
Bin31, cm^-3, particle concentration in size range [1601.3 - 1724.3 nm]
[...]
PLATFORM: NOAA CSL Mobile Lab
LOCATION: USOS
ASSOCIATED_DATA: N/A
INSTRUMENT_INFO: Printed Optical Particle Spectrometer counts particles from 140 - 2500 nm in diameter 
DATA_INFO: Particle concentrations reported in number per cubic centimeter,1 Hz data
UNCERTAINTY: Counting uncertainty dominated by air flow, less than 5 percent. Measurement range is ~0 - 3000 per cm3 (varies depending on flow rate- manufacturer quotes 1250 per cm3 at 1.667 cc/s)
ULOD_FLAG: -7777
ULOD_VALUE: N/A
LLOD_FLAG: -8888
LLOD_VALUE: N/A
DM_CONTACT_INFO: Troy Thornberry, 325 Broadway R/CSL6, Boulder, CO 80305; troy.thornberry@noaa.gov; 303-497-3373
PROJECT_INFO: USOS, Utah POPS data from NOAA CSL Mobile Lab
STIPULATIONS_ON_USE: Please contact the PIs for questions regarding applications and uncertainties
OTHER_COMMENTS: POPS bin Edges (nm):  140.1, 146.3, 152.8, 159.6, 166.8, 174.2, 181.9, 190.0, 198.5, 207.4, 216.6, 226.2, 236.3, 246.8, 257.8, 269.3, 343.4, 450.7, 525.9, 618.5, 710.0, 822.7, 885.9, 953.9, 1027.2, 1106.1, 1191.0, 1282.5, 1381.0, 1487.1, 1601.3, 1724.3, 1856.7, 1999.3, 2152.8, 2318.2, 2496.2
Calculations assume organic aerosol refractive index of 1.52+0.00j and extinction wavelength = 532 nm
REVISION: R0
R0: Final data
Time_Start, Time_Stop, Time_Mid, Press_mb, Temp_C, Aerosol_concentration, Surface_Area_Conc, Volume_density, Effective_radius, Extinction, Bin01, Bin02, Bin03, Bin04, Bin05, Bin06, Bin07, Bin08, Bin09, Bin10, Bin11, Bin12, Bin13, Bin14, Bin15, Bin16, Bin17, Bin18, Bin19, Bin20, Bin21, Bin22, Bin23, Bin24, Bin25, Bin26, Bin27, Bin28, Bin29, Bin30, Bin31, Bin32, Bin33, Bin34, Bin35, Bin36
[from data line 1121]
67260,67319,67290,870.558,32.812,478.279,113.321,7.084,0.187,0.049,23.224346,22.056501,21.123091,21.263834,19.437714,19.634979,19.232809,19.785053,19.967474,20.312344,20.909599,22.476391,23.310556,22.490412,20.708015,95.612213,42.704102,17.021481,5.231767,0.575180,0.388602,0.199527,0.156265,0.089303,0.066842,0.055358,0.021815,0.016638,0.016941,0.033318,0.055841,0.033315,0.016952,0.011396,0.027404,0.011252
67320,67379,67350,870.556,32.779,504.639,120.647,7.529,0.187,0.053,23.461105,22.472713,21.414883,21.030519,20.471575,21.228701,20.532967,21.019215,21.172693,20.791962,21.916256,23.812473,24.522163,24.474482,22.468309,102.702606,45.656292,17.826685,5.759923,0.649197,0.420584,0.201018,0.111334,0.111608,0.050923,0.062184,0.044539,0.044522,0.027961,0.033583,0.045540,0.016846,0.022049,0.022624,0.011184,0.028133
67380,67439,67410,870.543,32.783,545.088,131.567,8.212,0.186,0.058,23.911367,22.791880,21.933298,22.127077,21.457193,22.472178,21.918514,22.289001,22.971581,23.582733,24.772486,25.974148,27.238129,27.153063,23.940056,112.375298,49.597168,19.958527,6.620389,0.756658,0.440531,0.188504,0.145699,0.088844,0.054602,0.050417,0.051127,0.010949,0.038302,0.033203,0.027609,0.022475,0.016714,0.022048,0.022660,0.033060
67440,67499,67470,870.542,32.783,539.928,129.167,7.918,0.183,0.056,23.960175,22.354971,21.918320,22.264828,21.673265,22.210991,22.001673,22.471254,22.637197,23.184898,23.844694,26.308489,27.104647,26.796455,23.542608,111.120865,48.896713,19.876911,5.824095,0.660941,0.482013,0.165983,0.183389,0.105461,0.049320,0.060374,0.027757,0.016647,0.010518,0.055016,0.011262,0.022621,0.038600,0.011435,0.011121,0.022030
67500,67559,67530,870.576,32.861,564.533,136.456,8.627,0.189,0.060,24.503706,23.410185,22.156057,23.183985,23.866301,23.208679,23.180559,23.052265,23.235861,24.209536,25.289438,27.268700,27.618567,28.349442,24.893459,116.414551,51.983002,19.919123,6.548759,0.835824,0.486303,0.199027,0.189174,0.105210,0.050462,0.045026,0.050391,0.022416,0.033089,0.039479,0.044740,0.011045,0.027357,0.017349,0.044994,0.039016
67560,67619,67590,870.535,32.910,556.884,133.728,8.175,0.183,0.059,24.544493,23.513783,23.041981,22.981308,22.924671,22.495533,21.996731,22.851067,23.119186,24.002750,24.384489,26.716345,27.557978,27.303570,25.305243,114.970192,50.188885,20.355650,6.459827,0.759784,0.505513,0.166747,0.212065,0.104863,0.072914,0.049769,0.072254,0.038929,0.032659,0.049549,0.033277,0.028010,0.016997,0.016377,0.000000,0.011024
67620,67679,67650,870.518,32.943,584.497,140.718,8.866,0.189,0.061,25.344688,24.388727,23.506786,23.678885,23.987047,23.888414,23.140495,23.860640,24.159128,25.294312,25.569532,27.954691,28.231770,29.907591,26.256962,122.728065,53.618309,20.265097,6.544075,0.694345,0.459447,0.299086,0.160469,0.084923,0.072011,0.055830,0.033066,0.039128,0.045382,0.038371,0.050574,0.061518,0.033478,0.010860,0.010840,0.022060
67680,67739,67710,870.515,33.007,634.786,154.251,9.414,0.183,0.068,25.014845,23.503862,24.709631,25.767347,25.048878,26.244865,25.313602,26.345430,26.428261,27.071339,28.546240,30.814888,32.153046,32.617535,28.930573,133.328735,59.487877,23.899845,7.253393,0.924388,0.490024,0.243115,0.164531,0.124015,0.061867,0.028624,0.033402,0.016660,0.028131,0.016814,0.068396,0.017035,0.049684,0.011060,0.000000,0.028279
67740,67799,67770,870.509,33.113,654.074,158.985,9.569,0.180,0.070,25.742432,24.795418,24.902620,25.656033,26.018782,26.000601,25.945812,26.422634,26.701090,28.237923,29.796289,32.662800,33.358189,32.980968,30.425219,137.812103,62.112553,24.507334,7.733443,0.810174,0.524635,0.231437,0.158475,0.152372,0.096672,0.050853,0.066818,0.033762,0.039710,0.005824,0.017514,0.028289,0.005707,0.017299,0.000000,0.022657
67800,67859,67830,870.508,33.241,677.153,165.691,10.330,0.187,0.073,25.691988,25.460144,24.720955,25.676609,27.238468,27.070105,27.038736,28.367701,28.379055,29.608252,30.487396,33.548630,34.580490,35.160877,31.982634,142.839798,63.668964,25.364979,7.688803,0.855772,0.693269,0.242520,0.163506,0.143642,0.078645,0.039312,0.051360,0.062603,0.039259,0.022810,0.055933,0.045574,0.027827,0.005650,0.005745,0.045080
67860,67919,67890,870.505,33.361,714.166,174.890,10.714,0.183,0.077,26.037966,25.490078,26.400883,27.055380,27.540932,28.110901,28.320726,29.522837,30.289688,31.365437,33.415653,35.054337,36.435585,36.615185,33.573109,153.849960,67.561401,26.697727,8.289351,0.924782,0.524401,0.292406,0.199446,0.129510,0.095567,0.056096,0.033988,0.039344,0.045637,0.039381,0.062157,0.051208,0.005575,0.005557,0.011097,0.022502
67920,67979,67950,870.488,33.452,684.829,168.735,10.574,0.188,0.075,26.051821,25.296856,25.154966,25.799349,27.024071,26.449743,27.322584,27.935741,29.065998,29.015314,30.937399,33.849525,35.947311,35.620419,31.555599,147.157944,64.036880,25.492441,8.447589,0.817085,0.629490,0.280815,0.249654,0.165635,0.093940,0.060101,0.071127,0.050502,0.016714,0.049984,0.038850,0.049761,0.032533,0.022930,0.010701,0.027738
67980,68039,68010,870.495,33.513,673.458,164.169,10.075,0.184,0.072,26.387474,25.674791,25.211464,26.532728,27.187996,26.378780,26.524740,27.715666,28.467739,29.316162,30.017502,33.011677,34.827187,34.905350,31.316261,141.939743,62.778854,24.451759,8.168009,0.953145,0.668391,0.277989,0.182307,0.139205,0.055194,0.071213,0.034140,0.050692,0.032990,0.038533,0.033912,0.016329,0.022437,0.016459,0.016975,0.034066
68040,68099,68070,870.502,33.730,674.081,163.664,9.956,0.182,0.072,26.097076,25.888645,25.077621,26.638363,26.582857,26.979256,28.033878,27.397865,27.937487,29.359722,30.958059,32.289478,34.554729,35.215141,32.241264,140.336365,63.449451,25.154308,7.288879,0.922850,0.611335,0.276164,0.202836,0.132440,0.080648,0.121685,0.051874,0.011771,0.011514,0.034514,0.045359,0.028860,0.023170,0.017097,0.017142,0.011318
68100,68159,68130,870.479,33.987,664.918,161.211,9.838,0.183,0.071,25.982796,25.302099,25.690313,25.470566,26.616053,26.266678,26.608133,27.695965,27.744808,29.022692,30.210634,32.921139,34.310104,34.304214,30.951101,140.053391,61.579075,23.925661,7.865109,0.921796,0.498187,0.276932,0.134958,0.113374,0.074195,0.084510,0.022802,0.067766,0.039184,0.045070,0.011494,0.016624,0.039693,0.005845,0.005707,0.039417
68160,68219,68190,870.430,34.244,657.223,158.019,9.526,0.180,0.069,26.649557,25.387463,25.506845,25.181337,25.881170,26.415632,26.412321,26.799919,27.633429,28.650423,30.072527,31.818810,34.453117,34.135956,31.409866,137.754852,60.040646,22.919094,7.936153,0.762065,0.559401,0.220838,0.169569,0.056240,0.085063,0.050126,0.039500,0.033816,0.016872,0.028105,0.052043,0.016980,0.023079,0.016760,0.010989,0.022453
68220,68279,68250,870.430,34.561,664.673,160.179,9.864,0.185,0.070,26.237259,25.895790,26.128309,26.184013,26.631594,26.645302,27.989857,27.702986,28.086557,28.185135,30.136972,33.125057,34.327187,34.792370,31.320127,137.222534,60.000935,23.910837,7.704958,0.804085,0.581335,0.255617,0.162493,0.117176,0.122463,0.083252,0.034055,0.034117,0.044173,0.028167,0.066695,0.049370,0.027821,0.011398,0.011263,0.011418
68280,68339,68310,870.403,34.951,658.603,159.111,9.746,0.183,0.070,26.532892,24.958860,25.127052,25.693678,26.107704,26.350431,26.254560,27.492769,27.160276,28.444386,29.663752,33.396400,34.789833,34.332798,31.403883,137.032318,60.204823,23.572069,7.616600,0.908575,0.547472,0.263989,0.158738,0.176186,0.106904,0.017281,0.039409,0.028264,0.033851,0.045891,0.022691,0.039407,0.017280,0.033741,0.016860,0.011318
68340,68399,68370,870.398,35.240,633.811,151.716,9.234,0.182,0.066,26.150461,24.825705,24.301872,24.741299,25.317146,25.572582,25.845568,25.082140,26.371922,27.843637,29.078819,31.241516,32.816441,34.315735,30.004906,131.982712,57.152935,21.777697,7.126507,0.791210,0.506242,0.230676,0.166098,0.131804,0.105387,0.065799,0.044141,0.033290,0.038780,0.021581,0.022233,0.049995,0.021355,0.010965,0.005612,0.016303
68400,68459,68430,870.374,35.499,634.290,151.553,9.199,0.182,0.066,26.520720,24.661514,25.148058,25.597309,25.379349,25.396711,25.669167,26.193510,26.941231,27.002172,28.714317,31.632483,33.111977,33.580330,30.214260,130.446289,56.570877,22.054390,7.204229,0.797197,0.500713,0.287386,0.110443,0.121745,0.098870,0.049967,0.044964,0.039097,0.038829,0.039183,0.033586,0.016742,0.021879,0.011300,0.000000,0.038802
68460,68519,68490,870.361,35.824,631.394,150.007,9.050,0.181,0.064,25.672434,25.271936,25.243332,25.011591,24.901014,24.946831,25.604311,26.564285,26.730381,27.619307,28.745153,31.532650,32.704750,33.649090,30.091894,130.038101,56.519558,21.517817,6.964299,0.732263,0.461821,0.264564,0.168552,0.078945,0.067144,0.044900,0.033454,0.033620,0.027902,0.022944,0.033846,0.034050,0.027932,0.000000,0.000000,0.033470
68520,68579,68550,870.373,36.125,631.211,149.964,9.032,0.180,0.064,26.278730,24.535103,24.559322,25.161707,25.280058,25.684311,25.693583,25.601576,26.612213,27.548275,28.871685,31.942009,33.651001,33.817574,30.579018,129.017105,55.876381,21.705919,6.610260,0.756467,0.428216,0.296986,0.171284,0.098655,0.081879,0.060176,0.065142,0.033223,0.026765,0.049427,0.039203,0.011153,0.022291,0.005376,0.005688,0.032868
68580,68639,68610,870.369,36.400,620.063,147.675,8.907,0.180,0.064,25.581041,24.394814,23.860579,24.356541,25.119938,24.550890,25.365019,25.978277,25.392603,27.394306,27.842327,31.845865,32.706837,33.326981,30.178568,126.905884,55.046631,21.077612,6.940044,0.775629,0.463363,0.280558,0.200279,0.134831,0.078913,0.050961,0.005865,0.011165,0.010854,0.028114,0.078911,0.011397,0.016723,0.011474,0.011357,0.027680
68640,68699,68670,870.355,36.698,617.318,146.087,8.828,0.181,0.062,25.720646,24.170910,24.089584,23.945871,25.612692,24.911308,25.413607,25.525633,26.539591,27.100960,27.886238,30.742270,32.604031,34.126324,29.757509,125.639580,53.981628,20.558912,6.983069,0.777080,0.461303,0.184412,0.111641,0.077870,0.072745,0.060815,0.049925,0.033590,0.011494,0.033874,0.033398,0.016436,0.021542,0.016879,0.005537,0.039128
68700,68759,68730,870.342,36.927,661.012,146.353,8.599,0.176,0.060,40.312260,36.377308,32.954502,30.924393,30.031933,27.555113,26.784588,26.881769,26.026003,26.441374,27.965958,30.902950,32.340122,33.277241,29.729824,122.133408,52.037766,20.107370,6.302204,0.662528,0.432364,0.212448,0.130178,0.107889,0.084145,0.061660,0.028013,0.027762,0.021989,0.033675,0.045297,0.033666,0.022072,0.000000,0.011120,0.011551
68760,68819,68790,870.416,36.908,601.090,140.796,8.307,0.177,0.060,26.139290,24.273333,23.206217,23.957804,24.397776,24.571281,24.945070,24.790304,25.602606,25.964174,27.698629,30.415396,32.198582,32.931854,28.875204,121.221436,51.635475,19.700056,6.671744,0.667166,0.447664,0.216554,0.144476,0.089450,0.038982,0.044870,0.038685,0.071833,0.028052,0.027646,0.016857,0.011186,0.005258,0.022604,0.010967,0.011416
68820,68879,68850,870.417,36.730,605.293,142.447,8.561,0.180,0.061,25.466465,24.558678,23.168354,24.507332,24.359278,25.554384,24.691696,25.729336,25.536816,26.654327,27.726307,30.981653,32.376019,33.276932,29.328051,120.486748,51.849747,20.269392,6.715314,0.846640,0.389719,0.187990,0.181724,0.082685,0.060406,0.033678,0.027679,0.039184,0.033776,0.044306,0.055548,0.005464,0.016270,0.005787,0.011007,0.034068
68880,68939,68910,870.397,36.484,614.001,143.741,8.561,0.178,0.061,25.282757,24.344332,23.994869,24.805573,25.552311,25.572472,25.772163,25.640224,25.739065,27.541111,28.186743,30.830986,32.768360,34.501064,30.376865,121.320953,53.006565,20.088886,6.718171,0.737834,0.405651,0.217819,0.144779,0.101526,0.083285,0.049859,0.027655,0.021813,0.011383,0.027691,0.032975,0.022521,0.038869,0.011494,0.011256,0.010770
68940,68999,68970,870.401,36.252,613.110,144.357,8.894,0.184,0.061,25.274242,24.445070,24.263428,24.213196,25.168657,24.951031,25.631405,25.823912,25.408674,26.466236,28.452074,31.677353,33.849964,34.284863,29.923300,122.374451,52.101818,19.792706,6.971809,0.658361,0.406692,0.267710,0.144354,0.162192,0.068037,0.049763,0.044765,0.022157,0.017105,0.044610,0.022357,0.055567,0.011188,0.011135,0.022413,0.027748
69000,69059,69030,870.400,35.954,627.337,147.799,8.969,0.182,0.063,25.316725,24.541807,24.464422,25.085472,25.829863,25.786011,25.483284,26.610584,26.614847,27.408634,29.064617,32.148914,33.909618,34.473824,30.875858,126.687920,53.505409,20.852173,6.547338,0.782182,0.500612,0.155731,0.165502,0.060729,0.083565,0.043770,0.038829,0.061032,0.050210,0.061335,0.038434,0.027831,0.005308,0.010776,0.016780,0.027342
69060,69119,69090,870.385,35.591,633.263,150.780,9.447,0.187,0.065,25.604504,24.923050,24.273249,25.050045,25.324362,25.925730,25.956184,26.570980,26.540163,27.940363,29.444441,32.319794,34.515491,35.897488,30.521036,127.978424,54.298534,20.742188,7.028735,0.754968,0.514251,0.302281,0.135711,0.089889,0.158041,0.062503,0.023246,0.034081,0.079528,0.045041,0.068158,0.055827,0.033735,0.016895,0.023071,0.011301
69120,69179,69150,870.387,35.351,651.219,153.947,9.102,0.177,0.066,26.407370,25.238258,24.918289,24.840424,26.036654,26.087105,26.799013,27.288004,27.939169,28.539509,29.635956,33.785744,34.959187,35.850151,32.225906,132.845016,56.744389,21.908333,6.910833,0.773098,0.549285,0.324582,0.138731,0.100008,0.062591,0.044181,0.055414,0.022096,0.038905,0.027591,0.072466,0.011338,0.016790,0.005593,0.005747,0.011033
69180,69239,69210,870.383,35.218,669.019,159.536,9.828,0.185,0.068,25.734488,25.945969,26.041910,26.367844,27.138636,26.908228,26.841797,27.945433,27.881952,29.774988,31.472075,33.615612,36.975830,37.033588,33.494289,135.430099,58.336487,22.465261,7.033806,0.894226,0.608906,0.217828,0.194706,0.083761,0.111228,0.100029,0.077754,0.055152,0.016745,0.060201,0.033309,0.021532,0.027713,0.022509,0.021622,0.033379
69240,69299,69270,870.367,35.067,682.361,162.458,9.806,0.181,0.070,26.547749,25.546408,25.283037,26.073328,27.032385,27.534679,27.555565,28.749096,29.032745,30.518545,32.055054,35.114082,37.388180,38.416676,33.671280,139.069687,59.132027,23.671663,7.618603,0.874539,0.502299,0.271837,0.149232,0.149850,0.060059,0.044680,0.038616,0.049545,0.038693,0.022219,0.038621,0.044072,0.032748,0.011130,0.016191,0.005612
69300,69359,69330,-9999.000,-9999.000,-9999.000,-9999.000,-9999.000,-9999.000,-9999.000,-9999.000000,-9999.000000,-9999.000000,-9999.000000,-9999.000000,-9999.000000,-9999.000000,-9999.000000,-9999.000000,-9999.000000,-9999.000000,-9999.000000,-9999.000000,-9999.000000,-9999.000000,-9999.000000,-9999.000000,-9999.000000,-9999.000000,-9999.000000,-9999.000000,-9999.000000,-9999.000000,-9999.000000,-9999.000000,-9999.000000,-9999.000000,-9999.000000,-9999.000000,-9999.000000,-9999.000000,-9999.000000,-9999.000000,-9999.000000,-9999.000000,-9999.000000
69360,69419,69390,-9999.000,-9999.000,-9999.000,-9999.000,-9999.000,-9999.000,-9999.000,-9999.000000,-9999.000000,-9999.000000,-9999.000000,-9999.000000,-9999.000000,-9999.000000,-9999.000000,-9999.000000,-9999.000000,-9999.000000,-9999.000000,-9999.000000,-9999.000000,-9999.000000,-9999.000000,-9999.000000,-9999.000000,-9999.000000,-9999.000000,-9999.000000,-9999.000000,-9999.000000,-9999.000000,-9999.000000,-9999.000000,-9999.000000,-9999.000000,-9999.000000,-9999.000000,-9999.000000,-9999.000000,-9999.000000,-9999.000000,-9999.000000,-9999.000000
