CampaignData_and_Merges/R0/CSL_MobileLab_Parked/raw/20240730/USOS-O3_MobileLabGround_20240730_R0.ict
34, 1001
Carrie Womack
NOAA Chemical Sciences Laboratory
2B Tech O3 UV Analyzer
USOS
1, 1
2024, 07, 30, 2024, 12, 21
60
Time_Start, seconds_past_midnight, Seconds from midnight UTC
1
1
-9999
O3_ppb, ppb, Ozone from 2B Tech UV Analyzer
1
SPECIAL COMMENTS:
18
PI_CONTACT_INFO: Address: 325 Broadway R/CSL7, Boulder, CO, 80305
PLATFORM: CSL Mobile Lab
LOCATION: Salt Lake City, UT
ASSOCIATED_DATA: N/A
INSTRUMENT_INFO: N/A
DATA_INFO: Units:
UNCERTAINTY: N/A
ULOD_FLAG: -7777
ULOD_VALUE: N/A
LLOD_FLAG: -8888
LLOD_VALUE: N/A
DM_CONTACT_INFO: Data Manager: Nate Howard
PROJECT_INFO: 
STIPULATIONS_ON_USE: Use of these data require prior ok from PI.
OTHER_COMMENTS: N/A
REVISION: R0
R0: Final data. RA: Preliminary Data.  For in-field use only.
Time_Start, O3_ppb
0.0,60.4
60.0,58.9
120.0,59.8
180.0,61.6
240.0,61.3
300.0,62.2
360.0,58.6
420.0,59.2
480.0,61.8
540.0,62.4
600.0,64.1
660.0,63.3
720.0,63.2
780.0,63.0
840.0,62.2
900.0,62.3
960.0,60.7
1020.0,63.0
1080.0,64.6
1140.0,63.9
1200.0,63.4
1260.0,63.5
1320.0,62.3
1380.0,63.8
1440.0,62.7
1500.0,63.1
1560.0,63.9
1620.0,62.6
1680.0,62.7
1740.0,62.5
1800.0,66.3
1860.0,68.4
1920.0,68.4
1980.0,68.4
2040.0,69.7
2100.0,69.6
2160.0,69.7
2220.0,70.5
2280.0,67.6
2340.0,65.8
2400.0,65.0
2460.0,67.5
2520.0,68.7
2580.0,67.1
2640.0,69.6
2700.0,69.0
2760.0,68.2
2820.0,65.5
2880.0,65.6
2940.0,66.3
3000.0,67.5
3060.0,66.1
3120.0,66.1
3180.0,66.2
3240.0,66.2
3300.0,65.6
3360.0,65.6
3420.0,65.5
3480.0,65.5
3540.0,65.9
3600.0,65.2
3660.0,65.4
3720.0,66.0
3780.0,66.6
3840.0,64.5
3900.0,66.4
3960.0,66.5
4020.0,66.9
4080.0,67.3
4140.0,67.3
4200.0,66.6
4260.0,66.9
4320.0,66.0
4380.0,65.7
4440.0,66.8
4500.0,66.1
4560.0,66.8
4620.0,65.8
4680.0,66.3
4740.0,66.5
4800.0,64.9
4860.0,65.0
4920.0,65.4
4980.0,64.2
5040.0,64.8
5100.0,65.2
5160.0,64.1
5220.0,65.8
5280.0,65.4
5340.0,66.3
5400.0,67.0
5460.0,67.5
5520.0,66.0
5580.0,65.2
5640.0,64.2
5700.0,65.4
5760.0,65.5
5820.0,65.0
5880.0,64.7
5940.0,65.4
6000.0,66.4
6060.0,65.4
6120.0,65.3
6180.0,64.5
6240.0,63.1
6300.0,64.9
6360.0,65.2
6420.0,66.4
6480.0,64.8
6540.0,65.7
6600.0,65.5
6660.0,65.1
6720.0,64.0
6780.0,64.3
6840.0,64.9
6900.0,64.4
6960.0,64.0
7020.0,62.3
7080.0,60.6
7140.0,59.6
7200.0,62.2
7260.0,59.6
7320.0,60.7
7380.0,62.3
7440.0,61.4
7500.0,61.7
7560.0,62.7
7620.0,62.1
7680.0,62.1
7740.0,62.8
7800.0,62.3
7860.0,59.9
7920.0,61.5
7980.0,61.5
8040.0,61.1
8100.0,63.0
8160.0,60.7
8220.0,61.2
8280.0,54.9
8340.0,59.6
8400.0,58.4
8460.0,59.1
8520.0,59.1
8580.0,58.2
8640.0,58.8
8700.0,56.9
8760.0,54.3
8820.0,57.6
8880.0,59.3
8940.0,59.8
9000.0,58.1
9060.0,59.6
9120.0,60.9
9180.0,59.8
9240.0,59.9
9300.0,58.3
9360.0,58.6
9420.0,58.6
9480.0,58.3
9540.0,57.1
9600.0,57.9
9660.0,57.2
9720.0,58.0
9780.0,50.0
9840.0,53.0
9900.0,50.9
9960.0,51.5
10020.0,50.7
10080.0,53.9
10140.0,55.2
10200.0,49.6
10260.0,48.3
10320.0,51.3
10380.0,51.9
10440.0,51.7
10500.0,53.4
10560.0,54.6
10620.0,55.5
10680.0,55.6
10740.0,55.3
10800.0,55.8
10860.0,56.5
10920.0,55.8
10980.0,54.7
11040.0,55.0
11100.0,54.1
11160.0,53.5
11220.0,53.7
11280.0,54.1
11340.0,53.3
11400.0,52.4
11460.0,53.5
11520.0,53.1
11580.0,50.3
11640.0,54.1
11700.0,53.6
11760.0,54.2
11820.0,53.3
11880.0,50.8
11940.0,51.9
12000.0,51.8
12060.0,53.6
12120.0,51.9
12180.0,52.2
12240.0,53.8
12300.0,51.8
12360.0,53.3
12420.0,53.3
12480.0,52.3
12540.0,52.1
12600.0,50.7
12660.0,52.1
12720.0,51.9
12780.0,53.2
12840.0,52.4
12900.0,53.0
12960.0,53.3
13020.0,52.6
13080.0,52.3
13140.0,51.5
13200.0,51.7
13260.0,51.9
13320.0,52.5
13380.0,52.6
13440.0,52.2
13500.0,53.5
13560.0,54.1
13620.0,53.0
13680.0,53.2
13740.0,52.6
13800.0,52.7
13860.0,52.3
13920.0,51.6
13980.0,53.9
14040.0,53.7
14100.0,53.6
14160.0,52.9
14220.0,53.2
14280.0,53.8
14340.0,53.8
14400.0,53.3
14460.0,54.1
14520.0,54.3
14580.0,53.9
14640.0,53.8
14700.0,53.3
14760.0,54.0
14820.0,54.8
14880.0,54.5
14940.0,53.0
15000.0,53.2
15060.0,52.9
15120.0,53.2
15180.0,52.0
15240.0,53.4
15300.0,55.6
15360.0,54.8
15420.0,55.9
15480.0,54.8
15540.0,54.9
15600.0,53.8
15660.0,49.4
15720.0,55.2
15780.0,53.7
15840.0,55.5
15900.0,55.7
15960.0,53.6
16020.0,55.7
16080.0,54.0
16140.0,53.2
16200.0,53.8
16260.0,56.1
16320.0,56.4
16380.0,55.0
16440.0,56.6
16500.0,56.1
16560.0,56.1
16620.0,55.0
16680.0,55.8
16740.0,55.8
16800.0,54.4
16860.0,54.1
16920.0,55.9
16980.0,55.0
17040.0,54.5
17100.0,56.7
17160.0,55.5
17220.0,56.9
17280.0,55.4
17340.0,52.4
17400.0,55.2
17460.0,57.0
17520.0,58.7
17580.0,55.9
17640.0,58.0
17700.0,57.3
17760.0,57.0
17820.0,57.7
17880.0,57.5
17940.0,56.0
18000.0,56.0
18060.0,55.7
18120.0,58.0
18180.0,56.7
18240.0,57.3
18300.0,55.8
18360.0,56.6
18420.0,56.7
18480.0,56.3
18540.0,57.6
18600.0,56.9
18660.0,56.5
18720.0,57.4
18780.0,56.9
18840.0,55.9
18900.0,52.7
18960.0,49.4
19020.0,56.2
19080.0,56.6
19140.0,55.3
19200.0,54.5
19260.0,55.6
19320.0,52.0
19380.0,56.7
19440.0,56.0
19500.0,56.0
19560.0,56.0
19620.0,57.2
19680.0,56.7
19740.0,55.7
19800.0,54.9
19860.0,54.7
19920.0,55.6
19980.0,54.7
20040.0,56.1
20100.0,54.3
20160.0,54.1
20220.0,53.4
20280.0,49.2
20340.0,52.0
20400.0,54.3
20460.0,54.6
20520.0,53.9
20580.0,52.7
20640.0,55.0
20700.0,52.7
20760.0,53.0
20820.0,53.3
20880.0,54.2
20940.0,52.5
21000.0,51.4
21060.0,47.0
21120.0,43.5
21180.0,43.0
21240.0,43.5
21300.0,42.3
21360.0,43.0
21420.0,42.7
21480.0,44.4
21540.0,43.9
21600.0,43.8
21660.0,41.0
21720.0,41.1
21780.0,44.1
21840.0,44.2
21900.0,45.1
21960.0,45.7
22020.0,46.2
22080.0,45.4
22140.0,44.7
22200.0,45.5
22260.0,46.6
22320.0,46.6
22380.0,46.1
22440.0,44.9
22500.0,45.4
22560.0,45.3
22620.0,45.5
22680.0,45.8
22740.0,46.6
22800.0,44.8
22860.0,45.7
22920.0,45.2
22980.0,42.9
23040.0,42.0
23100.0,42.9
23160.0,43.6
23220.0,43.6
23280.0,43.7
23340.0,41.7
23400.0,42.0
23460.0,42.2
23520.0,42.1
23580.0,41.3
23640.0,38.1
23700.0,40.2
23760.0,41.3
23820.0,41.0
23880.0,40.1
23940.0,40.6
24000.0,40.2
24060.0,39.9
24120.0,39.6
24180.0,37.5
24240.0,38.0
24300.0,38.4
24360.0,37.7
24420.0,36.7
24480.0,37.3
24540.0,37.7
24600.0,37.4
24660.0,36.4
24720.0,34.2
24780.0,34.7
24840.0,37.4
24900.0,39.3
24960.0,37.5
25020.0,35.7
25080.0,32.8
25140.0,33.0
25200.0,33.1
25260.0,33.0
25320.0,32.1
25380.0,32.5
25440.0,32.8
25500.0,33.5
25560.0,34.7
25620.0,34.8
25680.0,34.1
25740.0,32.5
25800.0,30.1
25860.0,32.7
25920.0,34.5
25980.0,34.3
26040.0,33.6
26100.0,32.1
26160.0,33.4
26220.0,34.6
26280.0,33.8
26340.0,34.5
26400.0,33.4
26460.0,35.4
26520.0,41.5
26580.0,36.6
26640.0,35.6
26700.0,37.6
26760.0,38.6
26820.0,39.3
26880.0,35.8
26940.0,41.0
27000.0,39.5
27060.0,39.1
27120.0,40.7
27180.0,39.9
27240.0,40.4
27300.0,42.7
27360.0,40.7
27420.0,44.4
27480.0,44.6
27540.0,44.9
27600.0,46.5
27660.0,45.1
27720.0,44.6
27780.0,45.2
27840.0,45.5
27900.0,44.0
27960.0,46.0
28020.0,45.0
28080.0,45.4
28140.0,46.8
28200.0,44.2
28260.0,44.8
28320.0,44.2
28380.0,46.3
28440.0,44.2
28500.0,44.0
28560.0,43.6
28620.0,43.3
28680.0,43.6
28740.0,44.7
28800.0,45.1
28860.0,44.4
28920.0,43.7
28980.0,42.7
29040.0,43.5
29100.0,40.5
29160.0,42.1
29220.0,42.5
29280.0,41.2
29340.0,41.9
29400.0,42.7
29460.0,40.5
29520.0,40.4
29580.0,41.2
29640.0,40.8
29700.0,39.5
29760.0,40.0
29820.0,40.3
29880.0,40.9
29940.0,40.6
30000.0,40.6
30060.0,41.7
30120.0,41.9
30180.0,41.4
30240.0,40.1
30300.0,39.7
30360.0,40.6
30420.0,42.9
30480.0,41.0
30540.0,41.4
30600.0,42.4
30660.0,41.8
30720.0,42.2
30780.0,42.2
30840.0,42.8
30900.0,41.3
30960.0,41.7
31020.0,42.9
31080.0,42.1
31140.0,40.3
31200.0,38.2
31260.0,35.8
31320.0,39.6
31380.0,31.2
31440.0,34.2
31500.0,31.2
31560.0,33.1
31620.0,35.8
31680.0,37.9
31740.0,37.7
31800.0,36.8
31860.0,37.6
31920.0,34.6
31980.0,38.9
32040.0,36.4
32100.0,35.7
32160.0,34.5
32220.0,35.5
32280.0,35.3
32340.0,34.5
32400.0,34.8
32460.0,33.9
32520.0,34.3
32580.0,34.5
32640.0,36.7
32700.0,38.2
32760.0,37.0
32820.0,35.0
32880.0,37.6
32940.0,38.4
33000.0,38.7
33060.0,40.0
33120.0,36.4
33180.0,35.9
33240.0,37.1
33300.0,35.9
33360.0,36.1
33420.0,40.4
33480.0,40.2
33540.0,40.8
33600.0,38.5
33660.0,38.4
33720.0,37.2
33780.0,37.3
33840.0,36.9
33900.0,37.6
33960.0,39.4
34020.0,40.3
34080.0,39.2
34140.0,39.6
34200.0,38.7
34260.0,40.9
34320.0,40.8
34380.0,39.8
34440.0,40.8
34500.0,39.7
34560.0,39.3
34620.0,39.0
34680.0,39.6
34740.0,38.8
34800.0,36.4
34860.0,35.4
34920.0,36.7
34980.0,37.9
35040.0,37.7
35100.0,38.6
35160.0,37.3
35220.0,37.8
35280.0,36.8
35340.0,36.5
35400.0,38.0
35460.0,38.6
35520.0,40.1
35580.0,36.0
35640.0,35.1
35700.0,36.1
35760.0,32.2
35820.0,37.3
35880.0,36.0
35940.0,33.9
36000.0,34.5
36060.0,35.3
36120.0,33.7
36180.0,36.0
36240.0,35.3
36300.0,37.3
36360.0,37.6
36420.0,35.0
36480.0,35.3
36540.0,36.0
36600.0,35.1
36660.0,34.1
36720.0,33.9
36780.0,36.6
36840.0,37.0
36900.0,32.8
36960.0,31.3
37020.0,30.0
37080.0,32.1
37140.0,31.4
37200.0,31.3
37260.0,33.2
37320.0,33.8
37380.0,35.4
37440.0,36.9
37500.0,36.0
37560.0,34.2
37620.0,35.1
37680.0,35.7
37740.0,33.2
37800.0,32.1
37860.0,33.4
37920.0,33.5
37980.0,33.7
38040.0,32.1
38100.0,32.7
38160.0,31.5
38220.0,33.2
38280.0,34.1
38340.0,32.1
38400.0,31.6
38460.0,31.3
38520.0,33.5
38580.0,31.2
38640.0,35.5
38700.0,34.9
38760.0,32.1
38820.0,32.0
38880.0,36.4
38940.0,35.0
39000.0,36.6
39060.0,39.1
39120.0,38.2
39180.0,38.8
39240.0,35.4
39300.0,36.9
39360.0,36.0
39420.0,35.8
39480.0,35.4
39540.0,35.9
39600.0,36.9
39660.0,35.6
39720.0,35.0
39780.0,36.4
39840.0,33.3
39900.0,34.6
39960.0,33.4
40020.0,35.6
40080.0,36.6
40140.0,35.3
40200.0,32.9
40260.0,33.7
40320.0,34.7
40380.0,34.5
40440.0,35.8
40500.0,37.5
40560.0,32.6
40620.0,29.4
40680.0,34.2
40740.0,39.6
40800.0,42.2
40860.0,38.9
40920.0,33.8
40980.0,34.9
41040.0,28.6
41100.0,27.2
41160.0,32.7
41220.0,34.7
41280.0,33.0
41340.0,24.9
41400.0,27.2
41460.0,28.6
41520.0,30.9
41580.0,34.5
41640.0,32.7
41700.0,35.8
41760.0,34.0
41820.0,33.6
41880.0,32.0
41940.0,31.8
42000.0,34.1
42060.0,35.7
42120.0,32.4
42180.0,30.8
42240.0,33.0
42300.0,35.3
42360.0,34.8
42420.0,32.6
42480.0,31.6
42540.0,28.8
42600.0,30.8
42660.0,30.5
42720.0,34.9
42780.0,35.0
42840.0,32.1
42900.0,30.4
42960.0,34.6
43020.0,29.6
43080.0,32.2
43140.0,29.2
43200.0,30.6
43260.0,30.7
43320.0,31.5
43380.0,29.5
43440.0,26.8
43500.0,29.0
43560.0,31.6
43620.0,31.7
43680.0,29.8
43740.0,29.8
43800.0,30.7
43860.0,28.4
43920.0,26.3
43980.0,23.9
44040.0,30.8
44100.0,31.9
44160.0,27.2
44220.0,27.7
44280.0,21.0
44340.0,19.1
44400.0,21.6
44460.0,25.9
44520.0,17.3
44580.0,14.2
44640.0,21.5
44700.0,25.4
44760.0,30.7
44820.0,28.0
44880.0,28.8
44940.0,28.6
45000.0,29.3
45060.0,18.3
45120.0,20.2
45180.0,24.0
45240.0,22.2
45300.0,27.5
45360.0,31.2
45420.0,32.5
45480.0,33.4
45540.0,34.5
45600.0,33.7
45660.0,34.4
45720.0,29.5
45780.0,29.0
45840.0,30.5
45900.0,28.0
45960.0,25.9
46020.0,26.5
46080.0,28.6
46140.0,30.6
46200.0,29.1
46260.0,29.6
46320.0,25.2
46380.0,30.8
46440.0,30.1
46500.0,28.1
46560.0,33.9
46620.0,35.8
46680.0,33.7
46740.0,36.6
46800.0,36.3
46860.0,34.2
46920.0,37.6
46980.0,33.8
47040.0,34.5
47100.0,32.3
47160.0,29.1
47220.0,36.4
47280.0,35.3
47340.0,32.3
47400.0,32.0
47460.0,34.1
47520.0,30.8
47580.0,31.8
47640.0,26.9
47700.0,33.4
47760.0,35.3
47820.0,35.1
47880.0,29.4
47940.0,29.8
48000.0,33.6
48060.0,35.9
48120.0,35.3
48180.0,35.6
48240.0,35.5
48300.0,36.9
48360.0,35.9
48420.0,34.2
48480.0,32.5
48540.0,32.6
48600.0,32.8
48660.0,31.6
48720.0,30.4
48780.0,35.2
48840.0,33.2
48900.0,33.0
48960.0,34.4
49020.0,32.8
49080.0,31.1
49140.0,30.7
49200.0,36.9
49260.0,32.7
49320.0,34.5
49380.0,32.3
49440.0,32.9
49500.0,31.7
49560.0,31.5
49620.0,30.5
49680.0,30.1
49740.0,31.6
49800.0,30.1
49860.0,31.6
49920.0,30.3
49980.0,30.9
50040.0,30.5
50100.0,30.0
50160.0,29.8
50220.0,33.4
50280.0,32.7
50340.0,35.5
50400.0,35.3
50460.0,35.2
50520.0,33.6
50580.0,34.1
50640.0,34.7
50700.0,36.3
50760.0,36.6
50820.0,36.3
50880.0,33.3
50940.0,34.4
51000.0,33.6
51060.0,33.6
51120.0,34.0
51180.0,33.5
51240.0,34.8
51300.0,33.9
51360.0,33.3
51420.0,35.4
51480.0,33.5
51540.0,34.5
51600.0,34.4
51660.0,36.1
51720.0,34.8
51780.0,33.4
51840.0,35.0
51900.0,33.9
51960.0,34.4
52020.0,34.1
52080.0,34.0
52140.0,33.3
52200.0,32.9
52260.0,32.1
52320.0,32.9
52380.0,32.0
52440.0,35.0
52500.0,35.6
52560.0,34.2
52620.0,35.0
52680.0,33.3
52740.0,33.3
52800.0,33.8
52860.0,33.4
52920.0,30.1
52980.0,29.1
53040.0,27.8
53100.0,30.9
53160.0,33.0
53220.0,33.1
53280.0,32.4
53340.0,31.6
53400.0,32.9
53460.0,34.8
53520.0,33.7
53580.0,32.6
53640.0,30.6
53700.0,31.9
53760.0,33.4
53820.0,33.1
53880.0,33.0
53940.0,34.1
54000.0,32.2
54060.0,32.0
54120.0,34.3
54180.0,32.8
54240.0,32.8
54300.0,31.2
54360.0,33.4
54420.0,33.1
54480.0,35.2
54540.0,34.6
54600.0,33.7
54660.0,33.1
54720.0,34.6
54780.0,34.5
54840.0,31.8
54900.0,31.8
54960.0,32.0
55020.0,33.1
55080.0,35.5
55140.0,36.0
55200.0,34.7
55260.0,34.4
55320.0,31.6
55380.0,32.8
55440.0,34.6
55500.0,35.1
55560.0,36.2
55620.0,35.9
55680.0,37.2
55740.0,37.7
55800.0,35.6
55860.0,38.2
55920.0,38.4
55980.0,40.1
56040.0,39.3
56100.0,38.3
56160.0,38.6
56220.0,38.5
56280.0,39.0
56340.0,38.3
56400.0,38.6
56460.0,38.4
56520.0,37.2
56580.0,38.4
56640.0,38.5
56700.0,38.1
56760.0,38.6
56820.0,40.4
56880.0,39.5
56940.0,40.4
57000.0,42.0
57060.0,43.3
57120.0,43.6
57180.0,42.8
57240.0,45.1
57300.0,46.9
57360.0,44.4
57420.0,45.9
57480.0,44.5
57540.0,45.3
57600.0,45.5
57660.0,47.0
57720.0,47.0
57780.0,47.4
57840.0,46.7
57900.0,47.1
57960.0,47.3
58020.0,46.2
58080.0,47.4
58140.0,48.2
58200.0,47.0
58260.0,46.8
58320.0,46.8
58380.0,47.7
58440.0,45.9
58500.0,46.1
58560.0,47.3
58620.0,45.9
58680.0,46.7
58740.0,44.8
58800.0,47.0
58860.0,45.0
58920.0,47.5
58980.0,48.9
59040.0,47.1
59100.0,45.6
59160.0,45.7
59220.0,44.1
59280.0,42.8
59340.0,45.3
59400.0,46.7
59460.0,45.5
59520.0,47.0
59580.0,47.2
59640.0,47.0
59700.0,47.3
59760.0,47.3
59820.0,48.4
59880.0,47.9
59940.0,46.3
60000.0,47.0
60060.0,45.6
60120.0,43.8
60180.0,42.5
60240.0,46.2
60300.0,45.7
60360.0,45.9
60420.0,47.1
60480.0,47.3
60540.0,45.2
60600.0,46.3
60660.0,48.1
60720.0,46.9
60780.0,48.1
60840.0,47.1
60900.0,47.3
60960.0,46.6
61020.0,45.9
61080.0,48.3
61140.0,46.8
61200.0,46.5
61260.0,48.2
61320.0,47.3
61380.0,47.6
61440.0,47.0
61500.0,47.4
61560.0,48.7
61620.0,49.9
61680.0,48.9
61740.0,48.1
61800.0,48.5
61860.0,49.6
61920.0,49.6
61980.0,49.0
62040.0,47.4
62100.0,49.3
62160.0,49.7
62220.0,51.3
62280.0,52.0
62340.0,51.3
62400.0,51.0
62460.0,49.8
62520.0,47.9
62580.0,49.0
62640.0,49.5
62700.0,50.1
62760.0,50.5
62820.0,50.4
62880.0,49.5
62940.0,52.0
63000.0,54.0
63060.0,53.1
63120.0,53.9
63180.0,52.5
63240.0,53.4
63300.0,52.0
63360.0,52.4
63420.0,51.5
63480.0,53.6
63540.0,50.3
63600.0,54.0
63660.0,55.0
63720.0,53.9
63780.0,58.2
63840.0,60.3
63900.0,60.5
63960.0,61.5
64020.0,60.6
64080.0,61.2
64140.0,60.0
64200.0,57.7
64260.0,60.7
64320.0,57.9
64380.0,61.6
64440.0,62.8
64500.0,61.6
64560.0,60.3
64620.0,62.8
64680.0,60.9
64740.0,59.8
64800.0,60.9
64860.0,62.8
64920.0,62.8
64980.0,61.2
65040.0,62.4
65100.0,63.1
65160.0,63.7
65220.0,65.0
65280.0,63.8
65340.0,63.8
65400.0,66.0
65460.0,64.7
65520.0,65.3
65580.0,65.5
65640.0,63.0
65700.0,62.1
65760.0,62.3
65820.0,66.0
65880.0,64.3
65940.0,66.5
66000.0,65.2
66060.0,66.7
66120.0,66.8
66180.0,67.4
66240.0,68.4
66300.0,67.7
66360.0,67.6
66420.0,67.7
66480.0,67.4
66540.0,65.9
66600.0,65.3
66660.0,65.7
66720.0,66.5
66780.0,67.5
66840.0,67.1
66900.0,67.1
66960.0,65.4
67020.0,66.1
67080.0,66.4
67140.0,65.8
67200.0,-9999.0
67260.0,-9999.0
67320.0,-9999.0
67380.0,-9999.0
67440.0,-9999.0
67500.0,-9999.0
67560.0,-9999.0
67620.0,-9999.0
67680.0,-9999.0
67740.0,-9999.0
67800.0,-9999.0
67860.0,-9999.0
67920.0,-9999.0
67980.0,-9999.0
68040.0,-9999.0
68100.0,-9999.0
68160.0,-9999.0
68220.0,-9999.0
68280.0,68.3
68340.0,66.2
68400.0,67.9
68460.0,67.6
68520.0,70.0
68580.0,68.5
68640.0,66.8
68700.0,71.0
68760.0,69.8
68820.0,69.1
68880.0,70.5
68940.0,71.7
69000.0,70.9
69060.0,71.3
69120.0,71.2
69180.0,71.4
69240.0,70.3
69300.0,-9999.0
69360.0,-9999.0
69420.0,-9999.0
69480.0,-9999.0
69540.0,-9999.0
69600.0,-9999.0
69660.0,-9999.0
69720.0,-9999.0
69780.0,-9999.0
69840.0,-9999.0
69900.0,-9999.0
69960.0,-9999.0
70020.0,-9999.0
70080.0,-9999.0
70140.0,-9999.0
70200.0,-9999.0
70260.0,-9999.0
70320.0,-9999.0
70380.0,-9999.0
70440.0,-9999.0
70500.0,-9999.0
70560.0,-9999.0
70620.0,-9999.0
70680.0,-9999.0
70740.0,-9999.0
70800.0,-9999.0
70860.0,-9999.0
70920.0,-9999.0
70980.0,-9999.0
71040.0,-9999.0
71100.0,-9999.0
71160.0,-9999.0
71220.0,-9999.0
71280.0,-9999.0
71340.0,-9999.0
71400.0,-9999.0
71460.0,-9999.0
71520.0,-9999.0
71580.0,-9999.0
71640.0,-9999.0
71700.0,-9999.0
71760.0,-9999.0
71820.0,-9999.0
71880.0,-9999.0
71940.0,-9999.0
72000.0,-9999.0
72060.0,-9999.0
72120.0,-9999.0
72180.0,-9999.0
72240.0,-9999.0
72300.0,-9999.0
72360.0,-9999.0
72420.0,-9999.0
72480.0,-9999.0
72540.0,-9999.0
72600.0,-9999.0
72660.0,-9999.0
72720.0,-9999.0
72780.0,-9999.0
72840.0,-9999.0
72900.0,-9999.0
72960.0,-9999.0
73020.0,-9999.0
73080.0,-9999.0
73140.0,-9999.0
73200.0,-9999.0
73260.0,-9999.0
73320.0,-9999.0
73380.0,-9999.0
73440.0,-9999.0
73500.0,-9999.0
73560.0,-9999.0
73620.0,-9999.0
73680.0,-9999.0
73740.0,-9999.0
73800.0,-9999.0
73860.0,-9999.0
73920.0,-9999.0
73980.0,-9999.0
74040.0,-9999.0
74100.0,-9999.0
74160.0,-9999.0
74220.0,-9999.0
74280.0,-9999.0
74340.0,-9999.0
74400.0,-9999.0
74460.0,-9999.0
74520.0,-9999.0
74580.0,-9999.0
74640.0,-9999.0
74700.0,-9999.0
74760.0,-9999.0
74820.0,-9999.0
74880.0,-9999.0
74940.0,-9999.0
75000.0,-9999.0
75060.0,-9999.0
75120.0,-9999.0
75180.0,-9999.0
75240.0,-9999.0
75300.0,-9999.0
75360.0,-9999.0
75420.0,-9999.0
75480.0,-9999.0
75540.0,-9999.0
75600.0,-9999.0
75660.0,-9999.0
75720.0,-9999.0
75780.0,-9999.0
75840.0,-9999.0
75900.0,-9999.0
75960.0,-9999.0
76020.0,-9999.0
76080.0,-9999.0
76140.0,-9999.0
76200.0,-9999.0
76260.0,-9999.0
76320.0,-9999.0
76380.0,-9999.0
76440.0,-9999.0
76500.0,-9999.0
76560.0,-9999.0
76620.0,-9999.0
76680.0,-9999.0
76740.0,-9999.0
76800.0,-9999.0
76860.0,-9999.0
76920.0,-9999.0
76980.0,-9999.0
77040.0,-9999.0
77100.0,-9999.0
77160.0,-9999.0
77220.0,-9999.0
77280.0,-9999.0
77340.0,-9999.0
77400.0,-9999.0
77460.0,-9999.0
77520.0,-9999.0
77580.0,-9999.0
77640.0,-9999.0
77700.0,-9999.0
77760.0,-9999.0
77820.0,-9999.0
77880.0,-9999.0
77940.0,-9999.0
78000.0,-9999.0
78060.0,-9999.0
78120.0,-9999.0
78180.0,-9999.0
78240.0,-9999.0
78300.0,-9999.0
78360.0,-9999.0
78420.0,-9999.0
78480.0,-9999.0
78540.0,-9999.0
78600.0,-9999.0
78660.0,-9999.0
78720.0,-9999.0
78780.0,-9999.0
78840.0,-9999.0
78900.0,-9999.0
78960.0,-9999.0
79020.0,-9999.0
79080.0,-9999.0
79140.0,-9999.0
79200.0,-9999.0
79260.0,-9999.0
79320.0,-9999.0
79380.0,-9999.0
79440.0,-9999.0
79500.0,-9999.0
79560.0,-9999.0
79620.0,-9999.0
79680.0,-9999.0
79740.0,-9999.0
79800.0,-9999.0
79860.0,-9999.0
79920.0,-9999.0
79980.0,-9999.0
80040.0,-9999.0
80100.0,-9999.0
80160.0,-9999.0
80220.0,-9999.0
80280.0,-9999.0
80340.0,-9999.0
80400.0,-9999.0
80460.0,-9999.0
80520.0,-9999.0
80580.0,-9999.0
80640.0,-9999.0
80700.0,-9999.0
80760.0,-9999.0
80820.0,-9999.0
80880.0,-9999.0
80940.0,-9999.0
81000.0,-9999.0
81060.0,-9999.0
81120.0,-9999.0
81180.0,-9999.0
81240.0,-9999.0
81300.0,-9999.0
81360.0,-9999.0
81420.0,-9999.0
81480.0,-9999.0
81540.0,-9999.0
81600.0,-9999.0
81660.0,-9999.0
81720.0,-9999.0
81780.0,-9999.0
81840.0,-9999.0
81900.0,-9999.0
81960.0,-9999.0
82020.0,-9999.0
82080.0,-9999.0
82140.0,-9999.0
82200.0,-9999.0
82260.0,-9999.0
82320.0,-9999.0
82380.0,-9999.0
82440.0,-9999.0
82500.0,-9999.0
82560.0,-9999.0
82620.0,-9999.0
82680.0,-9999.0
82740.0,-9999.0
82800.0,-9999.0
82860.0,-9999.0
82920.0,-9999.0
82980.0,-9999.0
83040.0,-9999.0
83100.0,-9999.0
83160.0,-9999.0
83220.0,-9999.0
83280.0,-9999.0
83340.0,-9999.0
83400.0,-9999.0
83460.0,-9999.0
83520.0,-9999.0
83580.0,-9999.0
83640.0,-9999.0
83700.0,-9999.0
83760.0,-9999.0
83820.0,-9999.0
83880.0,-9999.0
83940.0,-9999.0
84000.0,-9999.0
84060.0,-9999.0
84120.0,-9999.0
84180.0,-9999.0
84240.0,-9999.0
84300.0,-9999.0
84360.0,-9999.0
84420.0,-9999.0
84480.0,-9999.0
84540.0,-9999.0
84600.0,-9999.0
84660.0,-9999.0
84720.0,-9999.0
84780.0,-9999.0
84840.0,-9999.0
84900.0,-9999.0
84960.0,-9999.0
85020.0,-9999.0
85080.0,-9999.0
85140.0,-9999.0
85200.0,-9999.0
85260.0,-9999.0
85320.0,-9999.0
85380.0,-9999.0
85440.0,-9999.0
85500.0,-9999.0
85560.0,-9999.0
85620.0,-9999.0
85680.0,-9999.0
85740.0,-9999.0
85800.0,-9999.0
85860.0,-9999.0
85920.0,-9999.0
85980.0,-9999.0
86040.0,-9999.0
86100.0,-9999.0
86160.0,-9999.0
86220.0,-9999.0
86280.0,-9999.0
86340.0,-9999.0
