CampaignData_and_Merges/R0/CSL_MobileLab_Parked/raw/20240730/USOS-NOAAIodideCIMS-Halogens_MobileLabGround_20240730_RA.ict
38, 1001
Michael A Robinson, Chris Jernigan, Subi Thakali
NOAA ESRL Chemical Sciences Laboratory and CIRES, U. of Colorado
NOAA Iodide CIMS Instrument
USOS
1, 1
2024, 07, 30, 2024, 07, 31
1
starttime_UTC, seconds_past_midnight, seconds_of_day_since_00:00:00_UTC
6
1, 1, 1, 1, 1, 1
-9999, -9999, -9999, -9999, -9999, -9999
Br2_NOAACIMS, pptv, Gas_Br2_InSitu_S_AVMR, 
BrO_NOAACIMS, pptv, Gas_BrO_InSitu_S_AVMR, 
Cl2_NOAACIMS, pptv, Gas_Cl2_InSitu_S_AVMR, 
ClNO2_NOAACIMS, pptv, Gas_ClNO2_InSitu_S_AVMR, 
BrCl_NOAACIMS, pptv, Gas_BrCl_InSitu_S_AVMR, 
NCl3_NOAACIMS, pptv, Gas_NCl3_InSitu_S_AVMR, 
0
18
PI_CONTACT_INFO: 325 Broadway, R/CSD 7, Boulder, Colorado 80305; michael.a.robinson@noaa.gov; chris.jernigan@noaa.gov;
PLATFORM: NOAA CSL Mobile Lab
LOCATION: SLC, Utah
ASSOCIATED_DATA: 1Hz data also available on request.
INSTRUMENT_INFO: NOAA I- ToF CIMS
DATA_INFO: All data in parts per trillion by volume (pptv). 1 Hz data is available upon request.
UNCERTAINTY: TBD
ULOD_FLAG: -7777
ULOD_VALUE: N/A
LLOD_FLAG: -8888
LLOD_VALUE: N/A
DM_CONTACT_INFO: Nathan Howard; nathan.h.howard@noaa.gov
PROJECT_INFO: USOS, summer 2024. https://csl.noaa.gov/groups/csl7/measurements/2024usos/
STIPULATIONS_ON_USE: Users are strongly encouraged to contact the PI for proper data usage.
OTHER_COMMENTS: 
REVISION: RA
RA: Preliminary Data; For in-field use only
starttime_UTC, Br2_NOAACIMS, BrO_NOAACIMS, Cl2_NOAACIMS, ClNO2_NOAACIMS, BrCl_NOAACIMS, NCl3_NOAACIMS
     0,  0.573,  0.155,  0.933,  0.058,  0.095,  0.043
    60,  0.630,  0.137,  0.974,  0.084,  0.002,  0.134
   120,  0.668,  0.117,  0.953,  0.052,  0.162,  0.030
   180,  0.747,  0.144,  1.072,  0.045, -0.016,  0.078
   240,  0.525,  0.065,  1.037,  0.096,  0.145,  0.103
   300,  0.546,  0.236,  1.170,  0.085, -0.002,  0.084
   360,  0.552,  0.076,  1.159,  0.071,  0.057,  0.039
   420,  0.473,  0.319,  1.213,  0.124,  0.022,  0.132
   480,  0.599,  0.127,  1.111,  0.092,  0.031,  0.083
   540,  0.657,  0.093,  1.096,  0.089,  0.024,  0.191
   600,  0.125,  0.026,  0.960,  0.043,  0.030, -0.032
   660,  0.655,  0.157,  1.051,  0.084, -0.003,  0.177
   720, -9999.000, -9999.000, -9999.000, -9999.000, -9999.000, -9999.000
   780,  0.337,  0.071,  0.927,  0.063,  0.050,  0.032
   840,  0.603,  0.129,  1.063,  0.078,  0.020,  0.061
   900,  0.698,  0.070,  1.048,  0.070,  0.101,  0.017
   960,  0.567,  0.052,  1.057,  0.093,  0.025,  0.122
  1020,  0.426,  0.077,  0.854,  0.061,  0.134, -0.007
  1080, -0.485,  0.057,  0.792,  0.066,  0.033, -0.142
  1140, -0.184,  0.006,  1.022,  0.108,  0.041, -0.059
  1200, -0.121,  0.074,  0.754,  0.080,  0.053, -0.027
  1260,  0.605,  0.059,  0.966,  0.080,  0.004,  0.042
  1320,  0.531,  0.151,  1.069,  0.103,  0.024,  0.094
  1380,  0.480,  0.117,  0.923,  0.065,  0.071,  0.073
  1440,  0.442,  0.126,  0.937,  0.070,  0.061,  0.044
  1500,  0.378,  0.089,  0.986,  0.120,  0.027,  0.047
  1560,  0.097,  0.025,  0.968,  0.121,  0.059,  0.029
  1620, -0.444, -0.053,  1.032,  0.064,  0.005, -0.090
  1680,  0.668,  0.173,  0.998,  0.069,  0.049,  0.066
  1740,  0.411,  0.169,  1.020,  0.105,  0.020,  0.090
  1800, -0.067,  0.041,  1.214,  0.148,  0.040, -0.055
  1860,  0.809,  0.109,  1.007,  0.188,  0.111,  0.049
  1920,  0.917,  0.214,  0.939,  0.166,  0.182,  0.093
  1980,  1.024,  0.237,  1.021,  0.142,  0.087,  0.230
  2040,  1.032,  0.150,  1.125,  0.162,  0.192,  0.177
  2100,  0.681,  0.126,  1.173,  0.190,  0.113,  0.146
  2160,  0.805,  0.115,  0.982,  0.154,  0.169,  0.131
  2220,  0.840,  0.117,  1.103,  0.180,  0.178,  0.140
  2280,  0.915,  0.138,  1.243,  0.177,  0.173,  0.086
  2340,  0.862,  0.165,  1.253,  0.218,  0.205,  0.178
  2400,  0.746,  0.171,  1.270,  0.145,  0.158,  0.167
  2460,  0.629,  0.103,  1.243,  0.212,  0.125,  0.022
  2520,  0.950,  0.201,  1.139,  0.118,  0.178,  0.087
  2580, -9999.000, -9999.000, -9999.000, -9999.000, -9999.000, -9999.000
  2640,  0.705,  0.179,  0.923,  0.141,  0.140,  0.128
  2700,  0.858,  0.173,  1.044,  0.098,  0.154,  0.083
  2760,  0.198,  0.085,  1.110,  0.114,  0.117, -0.085
  2820,  0.362,  0.149,  1.314,  0.128,  0.113, -0.003
  2880,  0.553,  0.049,  1.172,  0.165,  0.107, -0.002
  2940,  0.490,  0.076,  1.189,  0.173,  0.118,  0.001
  3000,  0.912,  0.184,  1.286,  0.152,  0.211,  0.127
  3060,  1.024,  0.232,  1.426,  0.126,  0.142,  0.302
  3120,  0.952,  0.224,  1.395,  0.192,  0.318,  0.501
  3180,  1.374,  0.190,  1.322,  0.155,  0.185,  0.270
  3240,  1.373,  0.221,  1.272,  0.197,  0.202,  0.311
  3300,  1.150,  0.296,  1.434,  0.183,  0.195,  0.275
  3360,  1.074,  0.199,  1.356,  0.230,  0.223,  0.422
  3420,  0.695,  0.182,  1.320,  0.190,  0.300,  0.143
  3480,  0.856,  0.148,  1.315,  0.142,  0.164,  0.200
  3540,  1.006,  0.132,  1.465,  0.179,  0.220,  0.290
  3600,  0.642,  0.064,  1.465,  0.159,  0.093,  0.172
  3660,  1.184,  0.170,  1.701,  0.252,  0.330,  0.353
  3720,  1.014,  0.223,  1.432,  0.222,  0.223,  0.253
  3780,  0.780,  0.184,  1.357,  0.144,  0.238,  0.139
  3840,  0.612,  0.058,  1.662,  0.152,  0.202,  0.021
  3900,  0.400,  0.049,  1.324,  0.166,  0.148,  0.108
  3960,  0.784,  0.065,  1.403,  0.161,  0.195,  0.065
  4020,  0.577,  0.093,  1.133,  0.093,  0.134,  0.103
  4080,  0.699,  0.109,  1.113,  0.166,  0.178,  0.179
  4140,  1.031,  0.106,  1.267,  0.183,  0.268,  0.285
  4200,  0.549,  0.075,  1.264,  0.150,  0.288,  0.124
  4260,  0.348,  0.130,  1.430,  0.148,  0.079,  0.053
  4320,  0.733,  0.088,  1.455,  0.192,  0.163,  0.224
  4380,  0.306,  0.039,  1.458,  0.205,  0.095,  0.166
  4440, -9999.000, -9999.000, -9999.000, -9999.000, -9999.000, -9999.000
  4500,  0.508,  0.043,  1.328,  0.099,  0.147,  0.198
  4560,  1.005,  0.195,  1.340,  0.151,  0.190,  0.314
  4620,  1.091,  0.143,  1.572,  0.129,  0.258,  0.222
  4680,  1.005,  0.081,  1.333,  0.126,  0.236,  0.187
  4740,  1.518,  0.309,  1.456,  0.206,  0.372,  0.402
  4800,  1.321,  0.168,  1.632,  0.126,  0.343,  0.326
  4860,  0.728,  0.153,  1.431,  0.115,  0.175,  0.107
  4920,  0.889,  0.048,  1.594,  0.119,  0.125,  0.254
  4980,  0.476,  0.071,  1.491,  0.123,  0.121,  0.092
  5040,  0.287, -0.014,  1.243,  0.109,  0.042, -0.043
  5100,  0.353,  0.039,  1.365,  0.138,  0.112,  0.033
  5160,  0.546,  0.098,  1.386,  0.118,  0.112,  0.407
  5220,  0.614,  0.020,  1.386,  0.090,  0.114,  0.264
  5280,  0.690,  0.057,  1.282,  0.087,  0.141,  0.071
  5340,  1.315,  0.136,  1.445,  0.135,  0.309,  0.388
  5400,  0.930,  0.167,  1.367,  0.110,  0.197,  0.287
  5460,  0.867,  0.068,  1.390,  0.077,  0.210,  0.202
  5520,  1.425,  0.159,  1.458,  0.181,  0.224,  0.353
  5580,  1.274,  0.211,  1.733,  0.110,  0.367,  0.314
  5640,  0.925,  0.096,  1.421,  0.134,  0.174,  0.122
  5700,  0.945,  0.036,  1.310,  0.116,  0.199,  0.151
  5760,  1.171,  0.080,  1.248,  0.117,  0.104,  0.208
  5820,  1.184,  0.151,  1.409,  0.154,  0.248,  0.220
  5880,  1.615,  0.223,  1.667,  0.227,  0.300,  0.503
  5940,  1.401,  0.115,  1.608,  0.188,  0.190,  0.276
  6000,  1.600,  0.245,  1.537,  0.171,  0.135,  0.417
  6060,  1.375,  0.266,  1.495,  0.188,  0.342,  0.391
  6120,  0.733,  0.070,  1.306,  0.140,  0.099,  0.209
  6180,  1.201,  0.035,  1.396,  0.126,  0.186,  0.147
  6240,  0.435, -0.000,  1.176,  0.187,  0.039,  0.050
  6300,  0.695,  0.051,  1.633,  0.180,  0.147,  0.154
  6360,  0.542, -0.003,  1.255,  0.204,  0.064,  0.050
  6420,  1.186,  0.097,  1.320,  0.254,  0.245,  0.224
  6480,  1.306,  0.068,  1.450,  0.225,  0.284,  0.214
  6540,  1.429,  0.195,  1.297,  0.292,  0.206,  0.404
  6600,  1.451,  0.201,  1.162,  0.284,  0.351,  0.398
  6660,  1.867,  0.181,  1.471,  0.300,  0.302,  0.345
  6720,  1.460,  0.268,  1.497,  0.231,  0.281,  0.506
  6780,  1.542,  0.185,  1.556,  0.333,  0.280,  0.504
  6840,  1.646,  0.233,  1.543,  0.263,  0.401,  0.411
  6900,  1.528,  0.239,  1.297,  0.254,  0.210,  0.321
  6960,  0.878,  0.110,  1.417,  0.223,  0.209,  0.126
  7020,  1.279,  0.168,  1.333,  0.270,  0.219,  0.262
  7080,  1.459,  0.202,  1.532,  0.331,  0.387,  0.285
  7140,  1.237,  0.122,  1.629,  0.274,  0.287,  0.200
  7200,  1.282,  0.142,  1.541,  0.335,  0.249,  0.310
  7260,  1.213,  0.175,  1.605,  0.306,  0.237,  0.285
  7320,  1.327,  0.181,  1.570,  0.231,  0.314,  0.320
  7380,  1.214,  0.383,  1.649,  0.335,  0.193,  0.308
  7440,  0.914,  0.155,  1.616,  0.297,  0.220,  0.321
  7500,  1.325,  0.149,  1.719,  0.318,  0.248,  0.380
  7560, -9999.000,  0.183,  1.518,  0.267,  0.302,  0.204
  7620, -9999.000,  0.033,  1.357,  0.235,  0.158,  0.202
  7680, -9999.000,  0.095,  1.373,  0.260,  0.176,  0.148
  7740, -9999.000,  0.095,  1.343,  0.227,  0.297,  0.350
  7800, -9999.000,  0.079,  1.355,  0.243,  0.217,  0.292
  7860, -9999.000,  0.019,  1.236,  0.210,  0.126,  0.086
  7920, -9999.000,  0.007,  1.226,  0.224,  0.109,  0.052
  7980, -9999.000,  0.074,  1.290,  0.178,  0.117,  0.026
  8040, -9999.000,  0.023,  1.262,  0.168,  0.129,  0.133
  8100, -9999.000, -9999.000, -9999.000, -9999.000, -9999.000, -9999.000
  8160, -9999.000, -0.051,  1.583,  0.222,  0.209,  0.331
  8220, -9999.000,  0.038,  1.393,  0.166,  0.125,  0.097
  8280, -9999.000,  0.075,  1.483,  0.196,  0.178,  0.150
  8340, -9999.000,  0.159,  1.439,  0.152,  0.208,  0.295
  8400, -9999.000, -0.044,  1.341,  0.185,  0.156,  0.065
  8460, -9999.000, -0.001,  1.224,  0.156,  0.110,  0.069
  8520, -9999.000,  0.072,  1.297,  0.228,  0.315,  0.289
  8580, -9999.000,  0.151,  1.308,  0.184,  0.314,  0.448
  8640, -9999.000,  0.172,  1.247,  0.194,  0.317,  0.397
  8700, -9999.000,  0.239,  1.448,  0.268,  0.418,  0.597
  8760, -9999.000,  0.260,  1.348,  0.231,  0.406,  0.433
  8820, -9999.000,  0.137,  1.345,  0.220,  0.410,  0.339
  8880, -9999.000,  0.149,  1.421,  0.209,  0.398,  0.395
  8940, -9999.000,  0.068,  1.485,  0.231,  0.368,  0.444
  9000, -9999.000,  0.200,  1.376,  0.156,  0.447,  0.514
  9060, -9999.000, -0.095,  2.000,  0.140,  0.245,  0.374
  9120, -9999.000,  0.195,  1.808,  0.228,  0.364,  1.118
  9180, -9999.000,  0.122,  1.476,  0.210,  0.273,  0.716
  9240, -9999.000,  0.245,  1.521,  0.211,  0.363,  0.495
  9300, -9999.000, -9999.000, -9999.000, -9999.000, -9999.000, -9999.000
  9360,  1.168,  0.108,  1.406,  0.221,  0.508,  0.981
  9420,  1.112,  0.067,  1.687,  0.221,  0.358,  0.817
  9480,  1.111,  0.107,  1.769,  0.243,  0.514,  0.822
  9540,  1.078,  0.215,  1.791,  0.260,  0.439,  1.020
  9600,  0.995,  0.077,  1.510,  0.260,  0.436,  0.786
  9660,  0.887,  0.211,  1.526,  0.185,  0.300,  0.871
  9720,  1.027,  0.192,  1.778,  0.243,  0.394,  1.122
  9780,  1.137,  0.118,  1.741,  0.285,  0.323,  2.442
  9840,  1.113,  0.143,  1.815,  0.284,  0.495,  2.627
  9900,  1.260,  0.160,  1.843,  0.310,  0.461,  3.068
  9960,  1.167,  0.065,  1.845,  0.318,  0.563,  2.916
 10020,  1.184,  0.198,  1.658,  0.268,  0.487,  2.334
 10080,  1.269,  0.146,  1.641,  0.249,  0.509,  1.903
 10140,  1.139,  0.195,  1.778,  0.242,  0.424,  1.060
 10200,  1.014,  0.140,  1.761,  0.322,  0.419,  1.099
 10260,  1.081,  0.125,  1.649,  0.252,  0.492,  0.967
 10320,  1.157,  0.157,  1.621,  0.338,  0.525,  1.584
 10380,  1.304,  0.222,  1.745,  0.351,  0.510,  1.826
 10440,  1.172,  0.268,  1.571,  0.321,  0.418,  2.898
 10500,  1.170,  0.170,  1.598,  0.255,  0.508,  3.516
 10560,  1.255,  0.239,  1.446,  0.254,  0.488,  3.362
 10620,  1.321,  0.183,  1.497,  0.178,  0.384,  3.350
 10680,  1.199,  0.173,  1.488,  0.202,  0.415,  3.643
 10740,  1.267,  0.172,  1.413,  0.213,  0.409,  3.720
 10800,  1.408,  0.180,  1.576,  0.213,  0.239,  3.224
 10860,  1.298,  0.226,  1.370,  0.173,  0.390,  3.016
 10920,  1.231,  0.199,  1.487,  0.146,  0.337,  2.545
 10980,  1.247,  0.148,  1.431,  0.161,  0.326,  2.764
 11040,  1.237,  0.305,  1.347,  0.188,  0.378,  2.894
 11100,  0.652,  0.033,  1.188,  0.166,  0.145,  1.722
 11160,  1.729,  0.459,  1.183,  0.270,  0.216,  2.984
 11220,  0.927,  0.167,  1.142,  0.146,  0.228,  2.176
 11280,  0.535,  0.023,  1.142,  0.111,  0.134,  1.466
 11340,  0.710,  0.043,  1.143,  0.100,  0.231,  1.799
 11400,  1.060,  0.136,  1.070,  0.149,  0.375,  2.129
 11460,  1.130,  0.226,  1.294,  0.172,  0.290,  2.416
 11520,  1.351,  0.208,  1.223,  0.112,  0.345,  2.344
 11580,  1.204,  0.132,  1.204,  0.152,  0.270,  2.412
 11640,  1.087,  0.213,  1.191,  0.108,  0.317,  2.439
 11700,  1.084,  0.154,  1.041,  0.129,  0.318,  2.574
 11760,  0.786,  0.136,  1.218,  0.077,  0.199,  1.912
 11820,  0.949,  0.095,  1.102,  0.113,  0.257,  2.404
 11880,  0.952,  0.163,  1.079,  0.124,  0.309,  2.328
 11940,  1.104,  0.131,  1.163,  0.085,  0.244,  2.546
 12000,  1.158,  0.166,  1.197,  0.123,  0.295,  2.926
 12060,  1.103,  0.167,  1.188,  0.113,  0.331,  2.828
 12120,  1.071,  0.194,  1.113,  0.111,  0.303,  2.954
 12180,  1.139,  0.267,  1.203,  0.165,  0.271,  3.253
 12240,  1.092,  0.140,  1.284,  0.144,  0.289,  3.511
 12300,  0.695,  0.099,  1.219,  0.101,  0.198,  2.368
 12360,  1.006,  0.179,  1.255,  0.157,  0.243,  3.148
 12420,  1.064,  0.159,  1.201,  0.155,  0.246,  3.641
 12480,  0.924,  0.142,  1.302,  0.124,  0.282,  3.784
 12540,  0.798,  0.065,  1.084,  0.129,  0.155,  2.855
 12600,  1.026,  0.185,  1.356,  0.120,  0.302,  3.698
 12660,  0.987,  0.093,  1.241,  0.146,  0.240,  3.254
 12720,  1.115,  0.146,  1.258,  0.134,  0.227,  3.638
 12780,  1.137,  0.179,  1.376,  0.147,  0.282,  3.521
 12840,  0.837,  0.246,  1.170,  0.091,  0.186,  3.343
 12900,  0.461,  0.164,  1.107,  0.103,  0.125,  3.581
 12960,  0.822,  0.193,  1.051,  0.129,  0.147,  2.132
 13020,  0.269,  1.087,  0.899,  0.260,  0.094,  4.324
 13080,  0.949,  0.073,  1.121,  0.110,  0.252,  2.814
 13140,  0.825,  0.292,  1.187,  0.097,  0.203,  2.729
 13200,  0.842,  0.047,  0.946,  0.137,  0.237,  3.214
 13260,  1.064,  0.118,  1.242,  0.154,  0.252,  3.644
 13320,  0.954,  0.171,  1.154,  0.121,  0.266,  5.850
 13380,  0.720,  0.206,  1.573,  0.237,  0.272, 27.188
 13440,  0.968,  0.187,  1.387,  0.217,  0.255, 12.276
 13500,  0.901,  0.199,  1.375,  0.176,  0.172, 11.986
 13560,  0.953,  0.189,  1.392,  0.173,  0.196, 13.023
 13620,  1.063,  0.200,  1.475,  0.245,  0.242, 13.258
 13680,  0.903,  0.087,  1.773,  0.265,  0.313, 28.777
 13740,  0.880,  0.216,  1.326,  0.188,  0.196, 15.818
 13800,  0.847,  0.109,  1.384,  0.184,  0.212, 14.257
 13860,  1.017,  0.132,  1.408,  0.238,  0.295, 19.648
 13920,  0.907,  0.196,  1.572,  0.257,  0.332, 22.765
 13980,  0.740,  0.133,  1.437,  0.224,  0.226, 15.924
 14040,  0.379,  0.067,  1.290,  0.174,  0.190, 11.272
 14100,  0.293,  0.079,  1.491,  0.229,  0.154, 21.069
 14160,  0.673,  0.166,  1.549,  0.201,  0.270, 19.596
 14220,  0.800,  0.161,  1.349,  0.160,  0.273, 11.361
 14280,  0.742,  0.062,  1.327,  0.191,  0.280, 13.105
 14340,  0.704,  0.231,  1.309,  0.191,  0.353,  9.239
 14400,  0.747,  0.175,  1.573,  0.196,  0.345, 18.540
 14460,  0.501,  0.096,  1.346,  0.190,  0.181, 11.731
 14520,  0.501,  0.144,  1.350,  0.202,  0.195, 14.145
 14580,  0.635,  0.131,  1.488,  0.177,  0.232, 22.714
 14640,  0.556,  0.149,  1.332,  0.204,  0.301, 13.960
 14700,  0.390,  0.081,  1.320,  0.181,  0.232,  9.696
 14760,  0.405,  0.078,  1.413,  0.155,  0.241, 15.679
 14820,  0.245,  0.030,  1.339,  0.226,  0.215, 14.201
 14880,  0.514,  0.085,  1.420,  0.205,  0.193, 27.089
 14940,  0.780,  0.064,  1.385,  0.212,  0.260, 19.558
 15000,  0.594,  0.203,  1.457,  0.196,  0.294, 19.982
 15060,  0.613,  0.095,  1.320,  0.179,  0.206, 10.705
 15120,  0.471,  0.207,  1.389,  0.194,  0.282, 14.421
 15180,  0.514,  0.142,  1.459,  0.244,  0.374, 24.296
 15240,  0.507,  0.076,  1.505,  0.210,  0.328, 22.932
 15300,  0.578,  0.158,  1.515,  0.174,  0.259, 12.853
 15360,  0.596,  0.191,  1.536,  0.187,  0.273, 10.974
 15420,  0.388,  0.197,  1.363,  0.237,  0.295,  9.178
 15480,  0.426,  0.201,  1.283,  0.139,  0.230,  4.595
 15540,  0.446,  0.068,  1.227,  0.220,  0.279,  9.647
 15600,  0.563,  0.134,  1.233,  0.220,  0.253,  6.578
 15660,  0.476,  0.210,  1.246,  0.203,  0.265,  6.628
 15720,  0.604,  0.209,  1.184,  0.263,  0.302,  8.302
 15780,  0.511,  0.167,  1.188,  0.161,  0.228,  3.687
 15840,  0.557,  0.072,  1.041,  0.182,  0.237,  3.942
 15900,  0.337,  0.038,  1.047,  0.151,  0.186,  3.358
 15960, -0.164, -0.035,  1.012,  0.173,  0.041,  1.797
 16020,  0.531,  0.082,  1.041,  0.114,  0.252,  3.474
 16080,  0.414,  0.107,  1.056,  0.181,  0.223,  4.606
 16140,  0.450,  0.175,  1.089,  0.203,  0.310,  7.829
 16200,  0.112,  0.084,  1.125,  0.140,  0.134,  4.608
 16260,  0.426,  0.046,  1.114,  0.178,  0.272,  6.816
 16320,  0.398,  0.156,  1.124,  0.148,  0.261,  6.655
 16380,  0.417,  0.089,  1.157,  0.158,  0.261,  7.606
 16440,  0.415,  0.072,  1.117,  0.134,  0.222,  3.370
 16500,  0.547,  0.045,  1.130,  0.130,  0.227,  5.233
 16560,  0.439,  0.101,  1.132,  0.109,  0.267,  6.595
 16620,  0.340,  0.089,  1.081,  0.177,  0.242,  6.562
 16680, -9999.000, -9999.000, -9999.000, -9999.000, -9999.000, -9999.000
 16740,  0.520,  0.410,  1.091,  0.135,  0.332,  8.279
 16800,  0.651,  0.138,  0.976,  0.183,  0.183,  5.825
 16860,  0.596,  0.133,  1.030,  0.179,  0.229,  9.426
 16920,  0.434,  0.098,  1.107,  0.140,  0.289,  4.721
 16980,  0.524,  0.142,  1.232,  0.161,  0.222,  6.170
 17040,  0.381,  0.190,  1.179,  0.177,  0.218,  8.315
 17100,  0.516,  0.099,  1.081,  0.187,  0.219,  8.267
 17160,  0.577,  0.146,  1.237,  0.146,  0.186,  8.269
