CampaignData_and_Merges/R0/CSL_MobileLab_Parked/raw/20240730/USOS-POPS_MobileLabGround_20240730_R0.ict
78, 1001
Thornberry, T. D.
NOAA Chemical Sciences Laboratory
Portable Optical Particle Spectrometer (POPS)
USOS
1, 1
2024, 07, 30, 2025, 05, 08
60
Time_Start, seconds_past_midnight, Start time of measurement
45
1, 1, 1, 1, 1, 1, 1, 1, 1, 1, 1, 1, 1, 1, 1, 1, 1, 1, 1, 1, 1, 1, 1, 1, 1, 1, 1, 1, 1, 1, 1, 1, 1, 1, 1, 1, 1, 1, 1, 1, 1, 1, 1, 1, 1
-9999, -9999, -9999, -9999, -9999, -9999, -9999, -9999, -9999, -9999, -9999, -9999, -9999, -9999, -9999, -9999, -9999, -9999, -9999, -9999, -9999, -9999, -9999, -9999, -9999, -9999, -9999, -9999, -9999, -9999, -9999, -9999, -9999, -9999, -9999, -9999, -9999, -9999, -9999, -9999, -9999, -9999, -9999, -9999, -9999
Time_Stop, seconds_past_midnight, Stop time of measurement
Time_Mid, seconds_past_midnight, Mid time of measurement
Press_mb, mb, Pressure reported (mb)
Temp_C, degrees C, POPS temperature measurement
Aerosol_concentration, cm^-3, Aerosol concentration
Surface_Area_Conc, um^2 cm^-3, Surface area concentration
Volume_density, um^3 cm^-3, Volume density
Effective_radius, um, Effective radius
Extinction, km^-1, Extinction
Bin01, cm^-3, particle concentration in size range [1401 - 146.3 nm]
Bin02, cm^-3, particle concentration in size range [146.3 - 152.8 nm]
Bin03, cm^-3, particle concentration in size range [152.8 - 159.6 nm]
Bin04, cm^-3, particle concentration in size range [159.6 - 166.8 nm]
Bin05, cm^-3, particle concentration in size range [166.8 - 174.2 nm]
Bin06, cm^-3, particle concentration in size range [174.2 - 181.9 nm]
Bin07, cm^-3, particle concentration in size range [181.9 - 190.0 nm]
Bin08, cm^-3, particle concentration in size range [190.0 - 198.5 nm]
Bin09, cm^-3, particle concentration in size range [198.5 - 207.4 nm]
Bin10, cm^-3, particle concentration in size range [207.4 - 216.6 nm]
Bin11, cm^-3, particle concentration in size range [216.6 - 226.2 nm]
Bin12, cm^-3, particle concentration in size range [226.2 - 236.3 nm]
Bin13, cm^-3, particle concentration in size range [236.3 - 246.8 nm]
Bin14, cm^-3, particle concentration in size range [246.8 - 257.8 nm]
Bin15, cm^-3, particle concentration in size range [257.8 - 269.3 nm]
Bin16, cm^-3, particle concentration in size range [269.3 - 343.4 nm]
Bin17, cm^-3, particle concentration in size range [343.4 - 450.7 nm]
Bin18, cm^-3, particle concentration in size range [450.7 - 525.9 nm]
Bin19, cm^-3, particle concentration in size range [525.9 - 618.5 nm]
Bin20, cm^-3, particle concentration in size range [618.5 - 710.0 nm]
Bin21, cm^-3, particle concentration in size range [710.0 - 822.7 nm]
Bin22, cm^-3, particle concentration in size range [822.7 - 885.9 nm]
Bin23, cm^-3, particle concentration in size range [885.9 - 953.9 nm]
Bin24, cm^-3, particle concentration in size range [953.9 - 1027.2 nm]
Bin25, cm^-3, particle concentration in size range [1027.2 - 1106.1 nm]
Bin26, cm^-3, particle concentration in size range [1106.1 - 1191.0 nm]
Bin27, cm^-3, particle concentration in size range [1191.0 - 1282.5 nm]
Bin28, cm^-3, particle concentration in size range [1282.5 - 1381.0 nm]
Bin29, cm^-3, particle concentration in size range [1381.0 - 1487.1 nm]
Bin30, cm^-3, particle concentration in size range [1487.1 - 1601.3 nm]
Bin31, cm^-3, particle concentration in size range [1601.3 - 1724.3 nm]
[...]
PLATFORM: NOAA CSL Mobile Lab
LOCATION: USOS
ASSOCIATED_DATA: N/A
INSTRUMENT_INFO: Printed Optical Particle Spectrometer counts particles from 140 - 2500 nm in diameter 
DATA_INFO: Particle concentrations reported in number per cubic centimeter,1 Hz data
UNCERTAINTY: Counting uncertainty dominated by air flow, less than 5 percent. Measurement range is ~0 - 3000 per cm3 (varies depending on flow rate- manufacturer quotes 1250 per cm3 at 1.667 cc/s)
ULOD_FLAG: -7777
ULOD_VALUE: N/A
LLOD_FLAG: -8888
LLOD_VALUE: N/A
DM_CONTACT_INFO: Troy Thornberry, 325 Broadway R/CSL6, Boulder, CO 80305; troy.thornberry@noaa.gov; 303-497-3373
PROJECT_INFO: USOS, Utah POPS data from NOAA CSL Mobile Lab
STIPULATIONS_ON_USE: Please contact the PIs for questions regarding applications and uncertainties
OTHER_COMMENTS: POPS bin Edges (nm):  140.1, 146.3, 152.8, 159.6, 166.8, 174.2, 181.9, 190.0, 198.5, 207.4, 216.6, 226.2, 236.3, 246.8, 257.8, 269.3, 343.4, 450.7, 525.9, 618.5, 710.0, 822.7, 885.9, 953.9, 1027.2, 1106.1, 1191.0, 1282.5, 1381.0, 1487.1, 1601.3, 1724.3, 1856.7, 1999.3, 2152.8, 2318.2, 2496.2
Calculations assume organic aerosol refractive index of 1.52+0.00j and extinction wavelength = 532 nm
REVISION: R0
R0: Final data
Time_Start, Time_Stop, Time_Mid, Press_mb, Temp_C, Aerosol_concentration, Surface_Area_Conc, Volume_density, Effective_radius, Extinction, Bin01, Bin02, Bin03, Bin04, Bin05, Bin06, Bin07, Bin08, Bin09, Bin10, Bin11, Bin12, Bin13, Bin14, Bin15, Bin16, Bin17, Bin18, Bin19, Bin20, Bin21, Bin22, Bin23, Bin24, Bin25, Bin26, Bin27, Bin28, Bin29, Bin30, Bin31, Bin32, Bin33, Bin34, Bin35, Bin36
[from data line 198]
11880,11939,11910,867.860,34.695,504.042,103.911,5.892,0.170,0.039,22.165977,22.867466,23.204010,24.017534,25.996176,25.599331,25.722805,26.384027,25.947773,26.451332,27.971741,27.985691,27.426807,25.391968,19.422844,79.095123,29.825285,13.924806,3.656933,0.265319,0.190220,0.116687,0.078512,0.045126,0.062415,0.038041,0.032613,0.005359,0.032844,0.010992,0.045071,0.005144,0.011534,0.005807,0.021880,0.017059
11940,11999,11970,867.872,34.870,508.200,105.288,6.065,0.172,0.040,22.073086,21.890568,23.721338,23.969736,25.102745,25.736065,26.425667,27.082592,27.328644,27.464546,27.967546,27.633076,28.170679,25.344826,20.429577,78.409683,30.041491,14.357388,3.905771,0.394378,0.238610,0.077323,0.084167,0.060614,0.055962,0.028083,0.033909,0.027621,0.032885,0.005574,0.022436,0.033838,0.000000,0.021814,0.022125,0.005325
12000,12059,12030,867.877,34.496,498.130,103.263,6.007,0.174,0.039,21.559738,21.930872,22.468500,23.864052,24.596554,25.323236,26.133238,26.598345,25.989910,26.898617,27.282068,27.720736,27.569231,24.608973,20.096083,77.203354,29.373287,14.150756,3.746836,0.300474,0.205095,0.117003,0.049964,0.050435,0.038927,0.033485,0.038578,0.016384,0.016795,0.021744,0.027153,0.033148,0.017009,0.027038,0.005869,0.016489
12060,12119,12090,867.878,34.153,496.456,103.686,6.019,0.173,0.039,20.898901,21.443531,22.538969,23.421320,24.410269,24.895266,24.684738,26.389076,26.260172,27.042187,27.705324,28.455725,27.019878,25.129469,20.410028,77.370270,29.683258,13.878801,3.650975,0.333565,0.195449,0.137528,0.081650,0.045434,0.051714,0.034704,0.051998,0.034415,0.051642,0.034440,0.040613,0.005562,0.028749,0.000000,0.028603,0.011514
12120,12179,12150,867.907,34.542,497.584,103.735,6.071,0.175,0.040,21.695969,22.093439,22.710608,22.995958,24.580700,25.518789,25.231642,27.213602,26.337324,25.950613,27.248146,27.812204,26.965403,25.158661,20.147697,77.395981,29.607460,14.020627,3.768832,0.270606,0.286828,0.115089,0.082934,0.055471,0.043539,0.027600,0.022006,0.027415,0.022134,0.032720,0.044306,0.016439,0.033489,0.022281,0.011206,0.016033
12180,12239,12210,867.928,34.971,497.672,103.813,6.258,0.180,0.039,22.176361,21.658400,22.069437,23.887697,24.978058,24.615313,24.914391,26.861958,26.067709,26.534567,27.233274,28.921143,27.617996,25.173056,20.081316,77.047905,29.511776,13.686485,3.509443,0.285254,0.225441,0.082918,0.073356,0.077134,0.032958,0.065979,0.005501,0.028703,0.049852,0.022275,0.054385,0.027128,0.022039,0.016884,0.022264,0.033777
12240,12299,12270,867.927,34.938,496.730,103.539,6.111,0.176,0.039,21.458078,21.914333,22.125692,23.544462,24.157286,26.005875,25.439793,25.578150,25.853022,27.144363,27.394613,28.118847,27.011757,25.056324,20.149366,77.515793,29.507610,14.116890,3.526284,0.357831,0.215029,0.105662,0.067158,0.038526,0.066574,0.033640,0.028082,0.022762,0.011433,0.017239,0.039867,0.016352,0.023361,0.017375,0.005865,0.044894
12300,12359,12330,867.927,34.877,493.813,102.680,5.963,0.174,0.039,21.813875,21.475538,22.512035,23.135874,24.256977,25.091066,25.330824,25.684601,26.189482,26.169767,27.098150,27.892670,27.206036,25.142786,20.158068,76.215675,29.471529,14.204680,3.796515,0.289785,0.161312,0.099939,0.089411,0.055151,0.049821,0.044665,0.005258,0.011060,0.016513,0.010669,0.038898,0.022133,0.016455,0.021889,0.011282,0.022977
12360,12419,12390,867.922,35.152,493.758,102.505,5.916,0.172,0.039,22.696169,22.101788,22.763538,22.912300,24.905668,24.899107,25.484726,25.001829,25.639557,26.228806,26.521973,27.457745,27.342745,24.464941,20.313465,76.433495,29.266806,14.372380,4.003944,0.282830,0.209456,0.100105,0.049733,0.072677,0.010853,0.067032,0.028266,0.005669,0.010963,0.016453,0.011033,0.021926,0.000000,0.005708,0.027125,0.027613
12420,12479,12450,867.918,35.074,504.476,105.044,6.126,0.174,0.040,21.909307,22.555391,22.920301,23.810371,24.946936,25.507715,25.770285,26.767931,26.281185,26.400600,27.795969,28.377144,27.477646,25.527191,20.655138,78.059669,30.405931,14.347559,3.924205,0.331959,0.194707,0.097977,0.085475,0.039403,0.028396,0.034456,0.022877,0.034863,0.022912,0.028929,0.023140,0.022945,0.011243,0.005415,0.022837,0.028363
12480,12539,12510,867.920,34.760,500.809,103.450,5.937,0.171,0.039,22.548861,21.974665,22.470421,24.038824,24.959385,25.249159,26.076797,26.303684,26.136938,27.019598,27.327101,27.810814,27.886332,25.216375,20.092756,77.182861,29.850561,14.182992,3.495519,0.267252,0.166930,0.132371,0.073372,0.055508,0.039919,0.028502,0.027327,0.044964,0.027621,0.010913,0.033154,0.022448,0.005556,0.022441,0.016783,0.010651
12540,12599,12570,867.933,34.559,507.523,104.512,6.060,0.173,0.040,22.465475,22.281487,23.425009,24.798397,25.163097,26.443924,26.639450,26.459932,27.106064,26.969563,28.001913,28.723543,28.067390,24.644608,19.957747,77.721565,29.684782,14.289541,3.723665,0.265951,0.180855,0.107007,0.079314,0.044610,0.022740,0.035012,0.027974,0.016957,0.022594,0.017476,0.027878,0.034446,0.039698,0.010849,0.005432,0.017267
12600,12659,12630,867.924,34.445,501.731,103.791,6.131,0.176,0.039,22.446892,22.215805,22.338263,23.748325,24.443285,25.225502,25.839331,26.301279,26.533321,26.947834,27.287283,28.852133,28.082726,25.872658,19.971777,78.015442,28.960060,13.922266,3.737846,0.362843,0.200212,0.078158,0.060708,0.027360,0.028721,0.011016,0.029116,0.028468,0.016439,0.005450,0.011070,0.033615,0.017514,0.022642,0.011120,0.044584
12660,12719,12690,867.921,34.168,498.418,102.802,5.865,0.170,0.039,22.009007,22.354580,22.765110,23.594858,24.705721,25.248423,25.862000,25.913891,26.594891,27.001795,27.402437,27.938353,27.921995,24.728836,20.877371,75.287033,29.363400,14.334902,3.545698,0.301996,0.159024,0.110933,0.060597,0.053982,0.055298,0.022138,0.028123,0.032141,0.010567,0.033379,0.026715,0.005612,0.022089,0.011675,0.005411,0.028478
12720,12779,12750,867.910,34.205,505.835,104.335,5.935,0.170,0.039,22.389637,22.084162,23.082884,23.909328,25.093834,25.578129,25.856195,26.989059,26.816139,27.367676,28.057842,28.239355,27.935993,24.947191,20.551559,78.066719,30.222357,14.068174,3.479021,0.343176,0.237117,0.108259,0.084861,0.080711,0.034650,0.040329,0.028441,0.033907,0.011731,0.011589,0.011307,0.011320,0.000000,0.016975,0.022551,0.022569
12780,12839,12810,867.921,34.657,508.553,104.577,6.040,0.172,0.039,23.170307,22.814184,22.947035,24.212036,25.292137,26.105972,25.959314,26.185944,26.945131,27.230621,27.800074,28.972698,27.370405,25.678799,20.747292,78.922928,29.859465,13.813387,3.556328,0.273989,0.234332,0.095572,0.044432,0.039205,0.039342,0.022359,0.028488,0.016801,0.017075,0.034281,0.033758,0.028215,0.016873,0.000000,0.022019,0.022613
12840,12899,12870,867.915,34.992,498.043,102.556,5.937,0.173,0.039,22.454498,22.316946,22.571989,24.018150,25.424994,24.946913,25.391251,25.799465,26.183388,26.941994,26.834238,28.304985,27.468210,25.112869,20.269751,76.264496,29.593391,13.491108,3.680793,0.328206,0.143682,0.060771,0.095210,0.065862,0.044731,0.027182,0.021773,0.021953,0.033044,0.021756,0.021591,0.032804,0.005342,0.011012,0.016272,0.022055
12900,12959,12930,867.923,35.382,496.721,101.988,5.721,0.168,0.039,22.322693,22.503292,23.111841,23.950092,25.169010,25.148451,25.712715,25.801414,25.996023,26.580357,26.765402,28.326260,27.614592,24.951000,19.384022,75.755714,28.504839,14.427453,3.717168,0.257895,0.196417,0.100275,0.110023,0.067192,0.027446,0.033723,0.027353,0.016750,0.033747,0.033974,0.028274,0.022797,0.011420,0.000000,0.011186,0.000000
12960,13019,12990,867.933,35.651,496.520,103.066,6.153,0.178,0.039,22.460745,21.740774,22.358505,23.412012,24.541988,25.224941,25.240959,26.211088,26.737253,26.956259,27.208681,28.505138,27.911819,24.955719,19.945009,75.649178,28.640755,13.997337,3.757052,0.277799,0.220020,0.106836,0.057356,0.040369,0.045758,0.045331,0.022126,0.028262,0.039303,0.028294,0.027705,0.040861,0.016780,0.040449,0.011557,0.016234
13020,13079,13050,867.904,35.782,492.565,101.639,5.836,0.172,0.038,21.706938,22.230839,22.353443,23.335869,24.687412,24.855907,25.177160,25.881907,25.978729,26.334591,26.535091,28.334070,27.177740,24.804260,20.005436,75.869232,29.010437,13.911440,3.422425,0.255151,0.176937,0.098978,0.060754,0.049908,0.038912,0.033178,0.039388,0.027039,0.022573,0.039382,0.038666,0.022445,0.010913,0.016105,0.011111,0.010954
13080,13139,13110,867.908,35.577,495.212,101.774,5.762,0.169,0.038,21.513536,21.814358,21.713785,23.531904,24.741159,24.971806,25.909422,26.859926,26.379408,27.331697,27.078186,27.712784,27.325878,24.589256,20.034264,76.470337,28.981672,13.654314,3.565824,0.358515,0.213924,0.113138,0.083579,0.039029,0.045412,0.034221,0.022214,0.005865,0.011056,0.016183,0.016515,0.022508,0.005765,0.011078,0.016427,0.016652
13140,13199,13170,867.905,35.394,492.718,101.869,6.039,0.177,0.039,22.011009,21.703287,22.160334,23.968351,24.538572,24.831913,25.235058,25.640009,26.141502,26.725023,26.732626,27.685030,27.093370,24.897429,20.596390,75.548622,29.030540,13.683229,3.448363,0.275078,0.198909,0.120773,0.107768,0.029284,0.033792,0.051656,0.027915,0.023505,0.011587,0.023547,0.023197,0.063443,0.022402,0.005825,0.016921,0.011405
13200,13259,13230,867.905,35.454,492.189,101.735,5.940,0.174,0.038,21.523279,21.677731,23.317703,23.450401,24.111252,25.424828,25.497801,25.908211,25.708866,26.581188,26.758593,28.288443,27.114372,25.257076,19.871513,75.131409,28.511965,13.391807,3.566592,0.315724,0.227664,0.117873,0.050431,0.039410,0.038626,0.033152,0.005394,0.055783,0.022514,0.061060,0.043933,0.005501,0.016596,0.028350,0.005612,0.028012
13260,13319,13290,867.921,35.590,493.882,102.092,5.991,0.175,0.038,21.725302,21.935638,21.977417,23.590624,24.157375,25.129723,25.103382,25.529016,26.710312,26.276327,27.709145,28.584745,26.879513,25.056290,20.429218,76.101372,28.809011,13.763010,3.521655,0.288529,0.170718,0.078881,0.054970,0.038827,0.028283,0.017006,0.016921,0.000000,0.028673,0.034121,0.028633,0.011422,0.011063,0.022947,0.011270,0.050479
13320,13379,13350,867.909,35.502,487.519,101.416,5.998,0.177,0.039,21.218809,21.654776,21.989830,23.178083,23.539827,24.588392,24.992611,25.417213,26.369179,26.150377,26.492527,28.349894,27.145136,24.441605,19.678516,74.831451,28.990650,13.906735,3.582998,0.294920,0.197690,0.061251,0.083782,0.059733,0.038739,0.022259,0.027126,0.016716,0.017204,0.027657,0.043890,0.032401,0.027210,0.005612,0.021948,0.022060
13380,13439,13410,867.904,35.671,492.514,102.364,6.039,0.176,0.039,21.416126,21.166225,21.769714,23.960255,24.680618,24.712816,25.942680,26.181494,25.203690,26.782581,27.060331,28.060682,26.670624,25.701265,19.990480,76.045876,28.522926,14.018429,3.614962,0.297067,0.222780,0.067632,0.073461,0.039248,0.050733,0.016874,0.028928,0.028207,0.033416,0.022974,0.028087,0.005503,0.011832,0.011473,0.028650,0.045347
13440,13499,13470,867.912,35.824,492.381,101.549,5.796,0.171,0.038,21.111757,21.478218,22.329519,22.966581,24.908236,25.559963,25.501274,25.510067,26.025400,26.307512,27.289120,27.785995,27.149498,25.374594,20.147749,75.867027,28.468622,14.023515,3.640924,0.256710,0.201442,0.116478,0.050555,0.055199,0.043684,0.033281,0.016429,0.022023,0.027993,0.011437,0.022494,0.022931,0.016633,0.005308,0.016442,0.016233
13500,13559,13530,867.905,35.493,488.020,101.086,5.980,0.177,0.038,21.132526,21.824549,22.042526,23.098974,24.017349,25.005188,24.861383,25.409813,25.568666,26.498505,27.651514,27.687489,26.985935,25.076563,19.688408,74.591827,29.317419,13.125628,3.435335,0.283224,0.215576,0.056689,0.055569,0.072205,0.016859,0.027722,0.043653,0.027748,0.016951,0.016893,0.049984,0.028042,0.027835,0.027759,0.011475,0.022321
13560,13619,13590,867.910,35.269,483.578,99.572,5.702,0.171,0.037,20.958763,21.167311,21.342285,22.754919,23.677160,24.575985,24.912447,25.932117,26.091873,26.278458,26.259184,27.445368,26.658516,24.499752,20.161774,75.107964,28.127937,13.511394,3.138911,0.310769,0.220144,0.087818,0.049554,0.060878,0.021635,0.044618,0.031899,0.010832,0.016999,0.010903,0.037826,0.016423,0.005807,0.011261,0.000000,0.038797
13620,13679,13650,867.921,35.457,488.587,100.513,5.774,0.172,0.038,21.746212,21.338423,21.941521,22.721373,23.970415,25.288446,24.864538,26.097803,25.855291,26.377922,27.140814,27.639202,27.150864,24.966110,19.757359,75.113976,28.681831,13.437339,3.611569,0.254725,0.213047,0.061351,0.074348,0.049770,0.039304,0.022881,0.011590,0.005688,0.011811,0.039164,0.022966,0.034012,0.011578,0.000000,0.005381,0.028702
13680,13739,13710,867.942,35.430,489.855,101.660,5.815,0.171,0.038,20.747616,20.676289,21.835613,23.493883,23.992651,24.372854,25.217411,25.582283,26.071270,26.748346,26.769539,28.541279,26.730663,25.043745,19.597178,76.703033,29.599257,13.631194,3.586425,0.261912,0.155321,0.094730,0.050230,0.072900,0.044660,0.027818,0.016282,0.028238,0.033624,0.022340,0.027870,0.017048,0.022511,0.022565,0.000000,0.016766
13740,13799,13770,867.937,35.512,491.746,102.662,6.243,0.181,0.039,20.453594,21.071680,21.847128,22.904461,24.514257,25.160364,25.664185,26.212584,25.742062,27.085306,26.773649,27.969717,27.939409,25.473036,19.436609,76.445549,28.941715,13.514896,3.477653,0.342047,0.225077,0.095179,0.062285,0.033323,0.027770,0.033853,0.027497,0.028350,0.011494,0.028554,0.049869,0.045056,0.034109,0.033896,0.016979,0.022767
13800,13859,13830,867.947,35.430,490.989,101.288,5.855,0.173,0.038,21.244186,21.798601,22.784456,23.576532,24.011381,24.506479,25.642206,26.127333,25.485718,26.780058,27.387938,28.383991,26.914063,24.680552,19.553211,75.851707,28.630001,13.029094,3.542147,0.328106,0.144498,0.131456,0.055145,0.033931,0.067309,0.044975,0.039837,0.022877,0.056163,0.016340,0.039075,0.005848,0.022490,0.017047,0.005556,0.028216
13860,13919,13890,867.949,35.334,490.333,101.734,5.914,0.174,0.039,21.826994,21.564514,22.126841,23.966654,24.083391,24.327879,25.239883,25.491213,25.758177,26.111416,26.735291,27.650116,27.036974,24.831478,19.901503,76.422348,28.801893,13.675014,3.767687,0.298452,0.195062,0.099479,0.077562,0.049372,0.044941,0.049574,0.016358,0.016541,0.005537,0.016829,0.044855,0.022700,0.027260,0.027441,0.005274,0.016839
13920,13979,13950,867.961,35.366,486.912,101.203,5.985,0.177,0.038,20.989504,21.354151,22.210049,23.017548,24.181843,24.985785,24.395590,25.133333,26.405144,26.208860,26.745106,28.522472,26.920065,24.738375,19.733150,74.879868,28.362499,13.443540,3.522835,0.327534,0.192921,0.144334,0.105127,0.065980,0.032964,0.043733,0.028085,0.017168,0.032761,0.038910,0.027761,0.022397,0.022270,0.016313,0.022669,0.021714
13980,14039,14010,867.948,35.337,491.814,102.329,6.139,0.179,0.039,21.225264,21.477329,21.435616,23.713486,24.074188,24.358173,25.501799,25.960295,26.236643,26.559631,26.977604,27.888346,27.572529,24.504314,20.073906,76.653534,29.435865,13.883870,3.237952,0.302587,0.224600,0.107015,0.090101,0.016488,0.039925,0.022779,0.016669,0.016699,0.022377,0.022158,0.038844,0.051002,0.005708,0.011187,0.022459,0.033259
14040,14099,14070,867.959,35.265,484.530,101.141,6.229,0.183,0.038,21.046846,20.841326,22.049829,23.234230,23.967548,24.119030,25.136015,25.423475,26.081028,25.675766,26.291750,27.237431,27.566748,24.079937,19.887516,75.977463,28.297493,13.106653,3.533459,0.235300,0.192683,0.078568,0.049910,0.027825,0.049421,0.016458,0.022062,0.028293,0.022748,0.028459,0.056450,0.044729,0.055762,0.011262,0.033637,0.023161
14100,14159,14130,867.969,35.386,484.843,101.297,6.016,0.177,0.039,20.417732,20.396860,21.458313,23.219347,23.641834,24.679491,25.824934,25.207542,25.385990,26.120781,26.408138,27.875879,26.925650,24.444784,20.385426,75.746208,28.309099,13.727044,3.683778,0.252846,0.144123,0.105328,0.044526,0.071400,0.066160,0.044499,0.021632,0.022446,0.049800,0.011154,0.044257,0.022814,0.033107,0.005747,0.005411,0.038916
