CampaignData_and_Merges/R0/CSL_MobileLab_Parked/raw/20240730/USOS-HCHO_MobileLabGround_20240730_R0.ict
35,1001
Huang, Yaoxian
Wayne State University
Picarro G2307 on CSL Mobile Lab
USOS
1,1
2024,07,30,2025,03,31
1.0
Time_Start,seconds_since_midnight,number_of_seconds_since_0000_UTC
3
1.0,1.0,1.0
-9999.0,-9999.0,-9999.0
HCHO,ppbv,Gas_HCHO_InSitu_S_AVMR,volume mixing ratio of formaldehyde in air
H2O,ppmv,Gas_H2O_InSitu_S_AVMR,volume mixing ratio of water vapor in air
CH4,ppmv,Gas_CH4_InSitu_S_AVMR,volume mixing ratio of methane in air
0
18
PI_CONTACT_INFO: yaoxian.huang@wayne.edu
PLATFORM: CSL Mobile Lab, at Ground Site
LOCATION: Salt Lake City, UT
ASSOCIATED_DATA: N/A
INSTRUMENT_INFO: Cavity Ring-Down Spectrometer
DATA_INFO: Data is averaged to 1 minute intervals for stationary and 1 second interval for driving. Stationary data collected from a 20 ft tower on top of the mobile lab. On drive days, for parked data, anytime the mobile lab is driving, report as missing data in the parked files.
UNCERTAINTY: N/A
ULOD_FLAG: -7777
ULOD_VALUE: N/A
LLOD_FLAG: -8888
LLOD_VALUE: N/A
DM_CONTACT_INFO: Yaoxian Huang; yaoxian.huang@wayne.edu
PROJECT_INFO: USOS, Summer 2024. https://csl.noaa.gov/groups/csl7/measurements/2024usos/
STIPULATIONS_ON_USE: Users are strongly encouraged to contact the PI for proper data usage.
OTHER_COMMENTS: Data have been shifted backwards by 1 minute to align with USOS MetNav and Picarro GHG data.
REVISION: R0
R0: Final Data
Time_Start,HCHO,H2O,CH4
[from data line 542]
32520,2.11202,6247.67,1.96755
32580,2.00247,6146.69,1.96578
32640,1.73612,5874.79,1.96124
32700,1.78091,5770.86,1.95999
32760,1.87308,6021.67,1.96428
32820,1.88171,6251.8,1.96228
32880,1.5831,5871.5,1.95976
32940,1.88369,5817.71,1.96953
33000,1.57002,5697.59,1.95921
33060,1.68417,5784.4,1.95791
33120,1.93097,6086.78,1.96147
33180,2.03528,5990.8,1.96216
33240,1.66889,5822.48,1.95894
33300,2.01715,5899.19,1.96342
33360,1.82884,5769.4,1.9601
33420,1.62417,5474.16,1.94465
33480,1.59378,5267.17,1.9447
33540,1.5769,5128.72,1.93925
33600,1.84065,5581.68,1.94848
33660,1.68296,5736.72,1.94765
33720,1.61571,5447.54,1.94627
33780,1.81359,5589.18,1.9495
33840,1.62351,5678.18,1.98871
33900,1.42807,5538.89,1.95781
33960,1.43117,5262.69,1.9505
34020,1.61835,5537.71,1.9567
34080,1.64525,5387.06,1.94841
34140,1.50998,5514.22,1.94431
34200,1.58521,5439.23,1.95128
34260,1.49875,5093.85,1.93861
34320,1.4076,5046.13,1.93687
34380,1.48651,5297.43,1.94432
34440,1.69474,5045.96,1.94044
34500,1.22486,5166.83,1.94499
34560,1.4867,5237.2,1.9437
34620,1.36899,5300.33,1.94369
34680,1.66854,5336.94,1.94422
34740,1.46505,5376.11,1.95001
34800,1.74108,5472.17,1.95524
34860,1.68705,5547.76,1.95775
34920,1.78565,5470.67,1.9622
34980,1.71124,5474.58,1.95031
35040,1.68328,5485.48,1.95889
35100,1.6323,5547.1,1.95665
35160,1.57119,5610.62,1.959
35220,1.32535,5631.58,1.96444
35280,1.60885,5782.94,1.97186
35340,1.50264,5683.17,1.95395
35400,1.55265,5565.0,1.9563
35460,1.64761,5423.53,1.95251
35520,1.50049,5438.6,1.94958
35580,1.78341,5794.06,1.96195
35640,1.85801,5821.76,1.96051
35700,1.73207,5780.23,1.95838
35760,1.64102,5679.14,1.96148
35820,1.64534,5254.84,1.94291
35880,1.77131,5602.57,1.95754
35940,1.59878,5635.68,1.95563
36000,1.89433,5775.17,1.96749
36060,1.81953,5798.59,1.96412
36120,1.66703,5772.35,1.96258
36180,1.54336,5554.43,1.95607
36240,1.74018,5546.99,1.94925
36300,1.72977,5445.49,1.94368
36360,1.79377,5484.0,1.94429
36420,1.76967,5674.62,1.95258
36480,1.7044,5602.2,1.94917
36540,1.56896,5633.27,1.95024
36600,1.79656,5865.08,1.9525
36660,1.52309,5869.29,1.95352
36720,1.83231,5907.58,1.95847
36780,1.67379,5811.83,1.95086
36840,1.66802,5870.77,1.95727
36900,1.83135,5980.85,1.96904
36960,1.59704,6107.91,1.96523
37020,1.53419,6110.6,1.95209
37080,1.85327,6112.47,1.95715
37140,1.88899,5991.84,1.96039
37200,1.71443,6084.3,1.95584
37260,1.90872,5884.51,1.95404
37320,1.67197,5912.29,1.95416
37380,1.87921,5689.92,1.95105
37440,1.58337,5630.67,1.95304
37500,1.92037,5795.64,1.95925
37560,1.86679,5836.3,1.95981
37620,1.76241,5809.39,1.95837
37680,1.74406,5878.35,1.95616
37740,1.81701,6061.56,1.96049
37800,1.80048,6169.39,1.95926
37860,1.79225,6063.1,1.95943
37920,1.87041,5942.81,1.96168
37980,1.82291,6019.17,1.97401
38040,1.78542,6196.6,1.97193
38100,1.80319,6120.04,1.97153
38160,1.87473,6348.26,1.97241
38220,1.68922,6112.33,1.97016
38280,1.82652,6030.99,1.97119
38340,1.77691,6200.16,1.9776
38400,2.07709,6312.85,1.97998
38460,1.87345,6127.33,1.97529
38520,1.83051,5949.3,1.96856
38580,2.04644,6273.43,1.98068
38640,1.67116,5684.82,1.96019
38700,1.63505,5883.97,1.96228
38760,1.7617,6148.26,1.9672
38820,1.8429,5966.18,1.96622
38880,1.70701,5821.99,1.95715
38940,1.67655,5847.18,1.95772
39000,1.4621,5772.69,1.95621
39060,1.56145,5600.56,1.95403
39120,1.72803,5676.34,1.95723
39180,1.74854,5792.06,1.95799
39240,1.72937,5806.49,1.96062
39300,1.61373,5795.09,1.95621
39360,1.68455,6114.92,1.96063
39420,1.88981,5877.94,1.96086
39480,1.5959,6078.05,1.96263
39540,1.52129,5780.9,1.96103
39600,1.72134,5718.99,1.96253
39660,1.72435,5934.17,1.95853
39720,1.54734,5845.17,1.96161
39780,1.95076,5768.76,1.9555
39840,1.73632,5949.89,1.96191
39900,1.61266,5906.77,1.95534
39960,1.77949,6036.53,1.96053
40020,1.69768,5877.25,1.96028
40080,1.50085,5800.99,1.96227
40140,1.52175,5968.95,1.96104
40200,1.74228,6227.41,1.96722
40260,1.63149,6068.8,1.95902
40320,2.04838,6218.7,1.96123
40380,1.88033,6187.8,1.96142
40440,1.72006,6040.64,1.95632
40500,1.91013,5705.29,1.9531
40560,1.94739,6121.04,1.96226
40620,1.7769,6268.03,1.9662
40680,1.81046,5878.47,1.96453
40740,1.61897,5295.6,1.94932
40800,1.65514,5153.33,1.94777
40860,1.55354,5542.87,1.95767
40920,1.83946,6083.06,1.9663
40980,1.7884,5931.04,1.96373
41040,1.77452,6570.03,1.97669
41100,2.02298,6680.93,1.98817
41160,2.53589,6297.3,1.99252
41220,2.13773,6102.54,1.97571
41280,2.00652,6327.06,1.97797
41340,2.25683,6292.45,1.96935
41400,2.22102,6015.1,1.96552
41460,2.07887,6255.47,1.97021
41520,1.85034,6283.32,1.97026
41580,1.68455,6000.76,1.96387
41640,1.96449,5845.26,1.96226
41700,1.87473,5802.82,1.95926
41760,1.60239,5814.2,1.96346
41820,1.77915,6108.27,1.96539
41880,1.77974,6161.83,1.96698
41940,1.87883,6108.97,1.97878
42000,1.78344,6062.16,1.98795
42060,2.00223,5955.11,1.9689
42120,1.83477,6141.37,1.97103
42180,2.02141,6273.06,1.97589
42240,1.82056,6146.02,1.97295
42300,1.7078,5957.74,1.97035
42360,1.93598,5946.84,1.96863
42420,1.70085,6061.29,1.97135
42480,1.94136,6336.86,1.98014
42540,1.86924,6205.21,1.97866
42600,1.90969,6313.36,1.9734
42660,2.17707,6201.35,1.97376
42720,1.71841,6004.67,1.9713
42780,1.91645,6068.09,1.97142
42840,2.03663,6312.98,1.97665
42900,1.86736,6272.88,1.98604
42960,1.64962,5919.98,1.96568
43020,1.86613,6170.78,1.97234
43080,1.70375,6330.99,1.97451
43140,1.99008,6462.11,1.97094
43200,1.97107,6317.28,1.97016
43260,1.96486,6327.38,1.96587
43320,1.73242,6315.2,1.96468
43380,1.98291,6267.03,1.96522
43440,1.94168,6279.14,1.96268
43500,2.12896,6242.59,1.97041
43560,1.92978,6133.84,1.97046
43620,1.91973,6293.14,1.96937
43680,1.83228,6416.03,1.97265
43740,1.89979,6430.52,1.97808
43800,1.69284,6274.51,1.97163
43860,1.93599,6732.71,1.97532
43920,2.03524,6895.93,1.97829
43980,1.9352,6405.77,1.97817
44040,1.92954,6316.21,1.97289
44100,1.65785,6604.27,1.97454
44160,1.82779,6552.98,1.98399
44220,1.86106,6449.18,1.98607
44280,2.03337,6458.92,1.98714
44340,2.17229,6382.83,1.98336
44400,1.92254,6486.36,1.98685
44460,1.9339,6564.43,1.98451
44520,2.33119,6705.73,1.99084
44580,2.14122,6682.29,1.98491
44640,2.0175,6515.98,1.98115
44700,1.98427,6391.59,1.97934
44760,1.67778,6211.16,1.97167
44820,2.0173,6496.23,1.98474
44880,1.66633,6276.98,1.97588
44940,1.94445,6263.82,1.97756
45000,2.12143,6397.65,1.97581
45060,2.27797,6724.1,1.98419
45120,2.11993,6672.28,1.99154
45180,2.28814,6579.45,1.98323
45240,2.17852,6585.13,1.97912
45300,1.95347,6143.56,1.96541
45360,1.8308,5917.88,1.96027
45420,1.77873,5917.66,1.95696
45480,1.49244,5802.89,1.95674
45540,1.5087,5796.85,1.95436
45600,1.90952,5937.49,1.95906
45660,1.91681,5926.23,1.95632
45720,2.06787,6161.14,1.96565
45780,1.90191,5892.65,1.96122
45840,1.88064,5954.13,1.95632
45900,1.95892,5970.27,1.96012
45960,1.95598,6223.06,1.95961
46020,1.79475,6383.91,1.96949
46080,1.9686,6233.97,1.96798
46140,2.03269,6134.04,1.96212
46200,1.97945,5986.39,1.96033
46260,1.97087,6161.51,1.96358
46320,2.10969,6444.74,1.96178
46380,1.76469,5820.05,1.95621
46440,1.92168,6126.9,1.95609
46500,2.08897,6172.46,1.96211
46560,1.71057,5835.56,1.95636
46620,1.6446,5815.48,1.95187
46680,1.76003,5897.07,1.95159
46740,1.54311,5803.13,1.95117
46800,1.61697,5835.41,1.9508
46860,1.63555,5631.68,1.95285
46920,1.4502,5659.85,1.94657
46980,1.86951,5902.39,1.95143
47040,1.70761,5943.74,1.94931
47100,1.86088,6403.41,1.95393
47160,1.77116,6248.57,1.94954
47220,1.58888,5666.27,1.94258
47280,1.65012,5742.52,1.94473
47340,1.82582,5903.5,1.94926
47400,1.68259,6004.11,1.95151
47460,1.84065,5979.68,1.94962
47520,1.95778,6460.37,1.95286
47580,1.79806,6152.05,1.95419
47640,1.8949,6238.9,1.95641
47700,1.72453,6060.59,1.95084
47760,1.89281,6071.69,1.95378
47820,1.93251,6182.04,1.95424
47880,1.73348,6279.12,1.95245
47940,1.59581,6221.24,1.9505
48000,1.76788,6153.93,1.95069
48060,1.73778,6072.07,1.94673
48120,1.64065,6476.96,1.95437
48180,1.858,6519.94,1.95292
48240,1.75489,6518.81,1.94676
48300,1.60617,6125.63,1.94177
48360,1.66184,6232.48,1.94544
48420,1.7545,6321.21,1.94632
48480,1.79563,6387.67,1.94711
48540,1.73255,6372.52,1.94264
48600,1.73202,6186.08,1.9427
48660,1.87054,6397.26,1.94231
48720,1.57271,6324.76,1.94173
48780,1.69,6149.14,1.93827
48840,1.69435,6467.99,1.93962
48900,1.56702,6539.99,1.93788
48960,1.73118,6159.51,1.93969
49020,1.65715,6228.8,1.93951
49080,1.89663,6399.97,1.93897
49140,1.81836,6391.51,1.93879
49200,1.436,6457.85,1.93678
49260,1.84139,6737.53,1.9366
49320,2.00228,6722.81,1.93936
49380,1.72673,7149.89,1.94362
49440,1.84198,7416.8,1.9453
49500,1.72695,7189.83,1.94026
49560,1.85359,7385.66,1.94049
49620,1.94563,7514.88,1.93838
49680,1.83835,7592.8,1.93879
49740,1.97883,7416.82,1.93728
49800,1.88777,7561.75,1.93813
49860,1.7223,7225.12,1.93646
49920,1.99474,7551.86,1.93733
49980,1.89554,7750.27,1.93789
50040,1.97042,7479.28,1.93897
50100,2.03764,7578.93,1.93774
50160,1.92869,7917.4,1.94029
50220,2.1552,7561.93,1.94137
50280,1.99903,7668.78,1.9411
50340,1.8692,7362.54,1.93946
50400,1.98158,7290.24,1.93618
50460,2.19635,7468.7,1.93873
50520,1.98515,7580.01,1.93858
50580,2.01093,7542.72,1.9382
50640,2.019,7432.86,1.93689
50700,1.80094,7209.34,1.93373
50760,2.19021,7486.41,1.93819
50820,1.81595,7770.1,1.93689
50880,1.74526,8180.39,1.93752
50940,1.88867,7800.53,1.93669
51000,1.92502,8121.32,1.93745
51060,1.93786,7958.38,1.93898
51120,1.97061,7971.72,1.93246
51180,1.99892,8191.29,1.93469
51240,1.97208,8067.1,1.93765
51300,2.21363,8304.65,1.94012
51360,2.11363,8336.19,1.93758
51420,2.07594,7874.52,1.94003
51480,2.11744,8393.96,1.93876
51540,2.16097,7948.02,1.93974
51600,2.05756,7939.0,1.93884
51660,2.08542,7779.6,1.93669
51720,2.19575,8061.79,1.93965
51780,2.24013,8591.83,1.94306
51840,2.28592,8460.33,1.95038
51900,2.29154,8524.59,1.94355
51960,2.21531,8520.66,1.94269
52020,2.29528,8605.89,1.9434
52080,2.39238,8481.83,1.94124
52140,2.53931,8519.71,1.94163
52200,2.54964,8573.67,1.93957
52260,2.41748,9219.21,1.94187
52320,2.6486,8880.32,1.94031
52380,2.27991,8378.51,1.93995
52440,2.44476,8089.1,1.94139
52500,2.39907,8191.48,1.94091
52560,2.35027,8551.48,1.94357
52620,2.54688,7938.74,1.94486
52680,2.55225,8220.53,1.95317
52740,2.52489,8071.36,1.94365
52800,2.52763,8089.23,1.9397
52860,2.75313,9068.21,1.94329
52920,2.63293,9967.35,1.94286
52980,2.78446,9756.44,1.94159
53040,2.72436,9892.48,1.94103
53100,2.6185,8748.84,1.94346
53160,2.6983,8661.21,1.94519
53220,2.56446,8872.45,1.9402
53280,2.83751,8943.01,1.94292
53340,3.06093,8853.01,1.94621
53400,3.2646,8236.79,1.95156
53460,2.73918,8004.53,1.94546
53520,2.8885,8394.35,1.94632
53580,2.87458,9612.64,1.9445
53640,3.23427,9936.46,1.94581
53700,2.91177,9122.96,1.94717
53760,2.94618,9357.87,1.95006
53820,2.91293,9122.84,1.94928
53880,3.09037,8825.88,1.95155
53940,2.98345,8355.0,1.95416
54000,3.13961,9091.89,1.95168
54060,3.07035,8779.9,1.95254
54120,3.09985,8590.07,1.95481
54180,3.39536,8912.74,1.95486
54240,3.20437,9082.22,1.95941
54300,2.89946,10407.9,1.95659
54360,2.85407,8239.1,1.97059
54420,3.07923,7861.97,1.97279
54480,3.17111,7420.78,1.97531
54540,3.18612,7756.47,1.97485
54600,3.06817,8083.0,1.97418
54660,3.25169,8036.21,1.97075
54720,3.15489,7517.24,1.96862
54780,3.34893,7914.1,1.96992
54840,3.52135,8585.98,1.96715
54900,3.15715,8274.57,1.97114
54960,3.29355,8775.42,1.9657
55020,3.09287,8172.74,1.96905
55080,3.12159,7645.55,1.96651
55140,2.86623,7360.07,1.96477
55200,3.18474,7616.83,1.9667
55260,3.50958,8222.38,1.96581
55320,3.07733,9486.02,1.96642
55380,3.29488,8671.4,1.96684
55440,3.01076,7912.69,1.96498
55500,3.16894,7862.45,1.96058
55560,3.00978,7679.8,1.96139
55620,3.21189,7867.12,1.9614
55680,3.11199,7594.02,1.96008
55740,3.35259,7733.11,1.95875
55800,3.55137,8022.1,1.95948
55860,3.26788,7611.07,1.95785
55920,2.93313,7189.02,1.95551
55980,2.87332,6862.93,1.95217
56040,2.97673,7279.33,1.95305
56100,2.87325,7412.02,1.95539
56160,3.10994,7582.69,1.95394
56220,3.1037,7064.62,1.95607
56280,2.95944,7286.63,1.95207
56340,2.79722,7342.79,1.95312
56400,3.02325,7320.91,1.95413
56460,3.24619,6884.29,1.95567
56520,3.12727,6996.32,1.95604
56580,3.05513,6781.07,1.95052
56640,2.75497,7192.29,1.9505
56700,2.85489,7158.71,1.9496
56760,2.84531,6445.42,1.94684
56820,2.77334,6007.82,1.94596
56880,2.73108,6743.33,1.94426
56940,2.32486,6428.91,1.94236
57000,2.36426,6097.04,1.9434
57060,2.49258,6043.76,1.94214
57120,2.50081,6003.85,1.94543
57180,2.43489,5846.42,1.94333
57240,2.4872,5740.68,1.94651
57300,2.44613,5605.79,1.94247
57360,2.34573,6382.79,1.94413
57420,2.30018,5937.27,1.94046
57480,2.45903,6268.34,1.93985
57540,2.80755,6506.59,1.93897
57600,2.27981,5784.03,1.93827
57660,2.34435,5479.38,1.93868
57720,2.28616,5467.51,1.93825
57780,2.44735,5579.77,1.93977
57840,2.22111,5629.36,1.94036
57900,2.40561,5637.99,1.93942
57960,2.22528,5531.2,1.94017
58020,2.32405,5491.89,1.93926
58080,2.32642,5349.28,1.9359
58140,2.38203,5510.22,1.94104
58200,2.54842,5745.08,1.94083
58260,2.3663,5628.76,1.93796
58320,2.30711,5852.54,1.93668
58380,2.49547,5617.46,1.93802
58440,2.6925,6506.52,1.93827
58500,2.49924,6117.59,1.93717
58560,2.44886,5848.93,1.93951
58620,2.85124,5883.36,1.93994
58680,2.59855,5974.73,1.93908
58740,2.64398,6566.48,1.93907
58800,2.42934,5990.1,1.93771
58860,2.68675,6653.87,1.93624
58920,2.63779,6066.47,1.93602
58980,2.74136,5779.46,1.93852
59040,2.61,5897.69,1.93891
59100,2.27016,5920.21,1.94017
59160,2.46376,6678.92,1.93664
59220,2.76984,6966.99,1.93786
59280,2.93736,7366.38,1.93594
59340,2.79553,6456.64,1.93683
59400,2.77926,6593.31,1.93613
59460,2.62063,6589.91,1.9369
59520,2.875,6394.84,1.94031
59580,2.44204,6096.71,1.93797
59640,2.62085,6200.85,1.93943
59700,2.79976,6066.58,1.93812
59760,2.69026,6250.3,1.93779
59820,2.66064,6244.93,1.93826
59880,2.67834,6377.39,1.93633
59940,2.66727,6372.47,1.93655
60000,3.04795,6253.8,1.93783
60060,2.87914,6803.7,1.93653
60120,2.93265,8269.92,1.93704
60180,3.13641,8440.92,1.93391
60240,3.03133,6956.33,1.93845
60300,2.84425,7009.52,1.93894
60360,3.05663,6539.44,1.93609
60420,3.12036,6499.81,1.93589
60480,3.15938,6493.07,1.9394
60540,3.18109,7645.54,1.93619
60600,3.03613,6713.44,1.93693
60660,3.11329,7338.52,1.93586
60720,2.98905,6785.04,1.93688
60780,3.01996,6488.2,1.93876
60840,3.13189,7095.4,1.93816
60900,2.93119,7172.93,1.93425
60960,2.97796,7347.71,1.93617
61020,3.36948,8409.67,1.93332
61080,3.24781,6629.75,1.93766
61140,2.81359,7597.64,1.93322
61200,3.11043,7487.05,1.93252
61260,3.28158,7125.0,1.93674
61320,3.04953,7585.59,1.93606
61380,3.37621,7188.72,1.9367
61440,3.09878,7541.6,1.93562
61500,3.42862,7640.86,1.93579
61560,3.37697,7007.98,1.9349
61620,3.39759,6587.69,1.93882
61680,3.4105,7175.46,1.93552
61740,3.48071,7575.92,1.93612
61800,3.17239,6772.89,1.9347
61860,3.61638,6975.25,1.93431
61920,3.3445,7014.31,1.9347
61980,3.37694,7372.8,1.93507
62040,3.59659,7729.56,1.93683
62100,3.20155,7227.56,1.93466
62160,3.32874,7063.99,1.93495
62220,3.31812,6527.31,1.93585
62280,3.36556,6520.42,1.93622
62340,3.31327,6355.12,1.93467
62400,3.58018,6384.65,1.93576
62460,3.53804,7655.46,1.93621
62520,3.17413,8652.55,1.93068
62580,3.42031,7578.32,1.93462
62640,3.52308,7761.14,1.93423
62700,3.26813,7483.01,1.93495
62760,3.56369,7548.33,1.93575
62820,3.48743,7101.35,1.93371
62880,3.37907,7156.11,1.93332
62940,3.2949,6721.83,1.93419
63000,3.07917,6642.68,1.93331
63060,3.40288,6591.91,1.93561
63120,3.29453,6395.68,1.93437
63180,3.36464,7329.15,1.93278
63240,3.21073,6863.4,1.93173
63300,3.5034,7281.8,1.93244
63360,3.38649,7120.01,1.9308
63420,3.30135,7760.17,1.92802
63480,3.29273,7270.4,1.93087
63540,3.24302,7555.96,1.92791
63600,3.24435,6359.64,1.93084
63660,3.36949,6473.44,1.92971
63720,3.5802,6220.42,1.93069
63780,2.66446,5334.93,1.93174
63840,2.38986,5194.44,1.92875
63900,2.21602,4793.72,1.92593
63960,2.29419,4827.79,1.92695
64020,2.34788,5030.45,1.93017
64080,2.38545,4925.55,1.92723
64140,2.39457,5199.05,1.9305
64200,2.37265,6003.07,1.92661
64260,2.42372,4944.92,1.92851
64320,2.3715,5729.29,1.92812
64380,2.23178,4607.68,1.93014
64440,2.39281,4882.83,1.93089
64500,2.30637,5397.44,1.92917
64560,2.36125,5115.91,1.93277
64620,2.41232,4997.83,1.92825
64680,2.59144,5613.88,1.93031
64740,2.76165,5863.44,1.93034
