CampaignData_and_Merges/R0/CSL_MobileLab_Parked/raw/20240730/USOS-NOy-LIF_MobileLabGround_20240730_R0.ict
39,1001
Rollins, A.; Waxman, E.; Zuraski, K.; Chace, W.
NOAA Chemical Sciences Laboratory
LIF NO/NOx/NOy on CSL Mobile Lab
AMMBEC / USOS
1, 1
2024,07,30, 2025,01,04
1
Time_Start, seconds, number_of_seconds_since_0000_UTC
7
1, 1, 1, 1, 1, 1, 1
-9999, -9999, -9999, -9999, -9999, -9999, -9999
Time_Stop, seconds, number_of_seconds_since_0000_UTC
NO_LIF, pptv, Gas_NO_InSitu_S_AVMR, volume mixing ratio of nitric oxide in air
NO2_LIF, pptv, Gas_NO2_InSitu_S_AVMR, volume mixing ratio of nitrogen dioxide in air
NOy_LIF, pptv, Gas_NOy_InSitu_S_AVMR, volume mixing ratio of total oxidized nitrogen in air
NO_LIF_1SigmaAccuracy, pptv, Gas_NO_InSitu_S_AVMR, volume mixing ratio of nitric oxide in air
NO2_LIF_1SigmaAccuracy, pptv, Gas_NO2_InSitu_S_AVMR, volume mixing ratio of nitrogen dioxide in air
NOy_LIF_1SigmaAccuracy, pptv, Gas_NOy_InSitu_S_AVMR, volume mixing ratio of total oxidized nitrogen in air
0
18
PI_CONTACT_INFO: andrew.rollins@noaa.gov
PLATFORM: CSL Mobile Lab
LOCATION: Salt Lake City, UT
ASSOCIATED_DATA:
INSTRUMENT_INFO: NO detection by laser induced fluorescence. NO2 detection by photolytic conversion to NO. NOy detection by catalytic conversion to NO on gold surface
DATA_INFO:
UNCERTAINTY: Included 1 Sigma Accuracy waves represent the combined calibration uncertainties (±6%, ±9%, ±10%) and zero uncertainties (3 ppt, 20 ppt, 100 ppt) for NO, NO2, and NOy, respectively.
ULOD_FLAG: -7777
ULOD_VALUE: N/A
LLOD_FLAG: -8888
LLOD_VALUE: N/A
DM_CONTACT_INFO: andrew.rollins@noaa.gov
PROJECT_INFO: USOS Project, July - August 2024
STIPULATIONS_ON_USE: Users are strongly encouraged to contact the PI for proper data usage.
OTHER_COMMENTS:
REVISION: R0
R0: final data
Time_Start, Time_Stop, NO_LIF, NO2_LIF, NOy_LIF, NO_LIF_1SigmaAccuracy, NO2_LIF_1SigmaAccuracy, NOy_LIF_1SigmaAccuracy
       0,      60,-9999,-9999,-9999,-9999, -9999, -9999
      60,     120,-9999,-9999,-9999,-9999, -9999, -9999
     120,     180,-9999,-9999,-9999,-9999, -9999, -9999
     180,     240,-9999,-9999,-9999,-9999, -9999, -9999
     240,     300,-9999,-9999,-9999,-9999, -9999, -9999
     300,     360,411.85,2054,3250.4,27.711, 204.86, 425.04
     360,     420,1537.4,4949.9,6909.8,95.243, 465.49, 790.98
     420,     480,1199.1,4682.4,6238,74.949, 441.41, 723.8
     480,     540,424.11,2417.6,3608.8,28.447, 237.58, 460.88
     540,     600,404.53,2064.8,3703.1,27.272, 205.83, 470.31
     600,     660,428.06,1879.3,3150,28.683, 189.14, 415
     660,     720,261.83,1577.4,2549.4,18.71, 161.96, 354.94
     720,     780,502.57,1860.7,2920.5,33.154, 187.46, 392.05
     780,     840,364.86,1950.6,2814.7,24.892, 195.56, 381.47
     840,     900,513.13,2886.1,4215.5,33.788, 279.75, 521.55
     900,     960,376.03,2387.8,3638,25.562, 234.9, 463.8
     960,    1020,915.9,4078.1,5916.7,57.954, 387.03, 691.67
    1020,    1080,313.8,1889.8,3229.3,21.828, 190.08, 422.93
    1080,    1140,152.02,1044.7,1792.3,12.121, 114.02, 279.23
    1140,    1200,198.17,1362,2268.5,14.89, 142.58, 326.85
    1200,    1260,397.41,1954.3,2660.2,26.845, 195.88, 366.02
    1260,    1320,405.62,1938.1,3338.3,27.337, 194.43, 433.83
    1320,    1380,319.7,2028.5,3113.9,22.182, 202.56, 411.39
    1380,    1440,215.52,1501.3,2415.9,15.931, 155.12, 341.59
    1440,    1500,343.71,1979.5,2859.5,23.622, 198.15, 385.95
    1500,    1560,386.1,2088.4,3328.1,26.166, 207.95, 432.81
    1560,    1620,254.1,1695.8,2733.4,18.246, 172.62, 373.34
    1620,    1680,215.02,1590.8,2506.1,15.901, 163.17, 350.61
    1680,    1740,276.43,1600.2,2648.5,19.586, 164.02, 364.85
    1740,    1800,593.38,2348.1,3473.9,38.603, 231.33, 447.39
    1800,    1860,391.84,2612.7,4072.1,26.51, 255.15, 507.21
    1860,    1920,336.76,2715.1,4120.2,23.205, 264.36, 512.02
    1920,    1980,398.87,2958.5,4587.1,26.932, 286.27, 558.71
    1980,    2040,407,3116.9,4706.6,27.42, 300.52, 570.66
    2040,    2100,364.89,3030.9,4641.8,24.893, 292.78, 564.18
    2100,    2160,348.27,2913.7,4382.4,23.896, 282.23, 538.24
    2160,    2220,321.81,2805.9,4270.6,22.308, 272.53, 527.06
    2220,    2280,307.26,2729.5,4202.3,21.436, 265.65, 520.23
    2280,    2340,497.45,3069.9,4869.5,32.847, 296.29, 586.95
    2340,    2400,573,3767.8,5766.1,37.38, 359.1, 676.61
    2400,    2460,517.97,3914.8,5542.5,34.078, 372.34, 654.25
    2460,    2520,310.07,2824.4,4405.9,21.604, 274.2, 540.59
    2520,    2580,309.01,2769.4,4150.1,21.54, 269.25, 515.01
    2580,    2640,385.88,3122.5,4636,26.153, 301.02, 563.6
    2640,    2700,199.63,2042.1,3360.4,14.978, 203.78, 436.04
    2700,    2760,192.75,1911.8,3211.1,14.565, 192.06, 421.11
    2760,    2820,219.21,2055.4,3298.4,16.152, 204.99, 429.84
    2820,    2880,696.09,4075.5,5548.8,44.765, 386.79, 654.88
    2880,    2940,402.03,3354.4,5172.4,27.122, 321.9, 617.24
    2940,    3000,286.94,3007,4383.8,20.216, 290.63, 538.38
    3000,    3060,388.56,3276.2,4610.6,26.314, 314.86, 561.06
    3060,    3120,711.46,3719.4,5097.8,45.687, 354.75, 609.78
    3120,    3180,762.31,3848.7,5475.2,48.739, 366.38, 647.52
    3180,    3240,435.92,3978.8,5334.3,29.155, 378.1, 633.43
    3240,    3300,305.63,3604.1,5013.2,21.338, 344.37, 601.32
    3300,    3360,346.09,3752.8,4993,23.766, 357.75, 599.3
    3360,    3420,384.01,3981.5,5279.1,26.041, 378.34, 627.91
    3420,    3480,396.71,4250.6,5810.1,26.803, 402.56, 681.01
    3480,    3540,462.92,4630.4,6253.3,30.775, 436.73, 725.33
    3540,    3600,318.39,3926.3,5249.4,22.104, 373.37, 624.94
    3600,    3660,508.96,4162.6,5707.5,33.537, 394.63, 670.75
    3660,    3720,526.75,3948.6,5798.8,34.605, 375.37, 679.88
    3720,    3780,313.42,3515.7,5009.2,21.805, 336.42, 600.92
    3780,    3840,294.06,3522.2,4918.5,20.644, 337, 591.85
    3840,    3900,319.53,3757,5112.3,22.172, 358.13, 611.23
    3900,    3960,485.63,3854,5411.4,32.138, 366.86, 641.14
    3960,    4020,343.02,3466.9,4915.8,23.581, 332.02, 591.58
    4020,    4080,325.56,3330.7,5085.1,22.534, 319.77, 608.51
    4080,    4140,286.33,3298.4,4652.5,20.18, 316.86, 565.25
    4140,    4200,260.98,3287.9,4478.6,18.659, 315.92, 547.86
    4200,    4260,230.34,3279,4505.8,16.82, 315.11, 550.58
    4260,    4320,324.71,3510.8,4720.6,22.483, 335.97, 572.06
    4320,    4380,406.68,3450.6,4904,27.401, 330.56, 590.4
    4380,    4440,397.47,3497,4470.4,26.848, 334.73, 547.04
    4440,    4500,232.83,3083.5,4365.5,16.97, 297.51, 536.55
    4500,    4560,215.72,2983.2,4166,15.943, 288.49, 516.6
    4560,    4620,190.43,2888.8,4063.5,14.426, 279.99, 506.35
    4620,    4680,212.97,3053.4,4150.8,15.778, 294.81, 515.08
    4680,    4740,203.14,3107.4,4261,15.188, 299.67, 526.1
    4740,    4800,202.87,3219.7,4408.1,15.172, 309.77, 540.81
    4800,    4860,201.33,3258.8,4407.3,15.08, 313.29, 540.73
    4860,    4920,207.25,3434,4576.6,15.435, 329.06, 557.66
    4920,    4980,220.85,3537.6,4728.7,16.251, 338.38, 572.87
    4980,    5040,228.31,3722.1,4842.7,16.699, 354.99, 584.27
    5040,    5100,231.97,3881.9,5103.2,16.918, 369.37, 610.32
    5100,    5160,231.91,3906.6,5085.9,16.915, 371.6, 608.59
    5160,    5220,254.48,4039.9,5176.9,18.269, 383.59, 617.69
    5220,    5280,293.31,4222.8,5510.9,20.598, 400.05, 651.09
    5280,    5340,211.54,3572.2,4902.8,15.692, 341.5, 590.28
    5340,    5400,185.22,3187.8,4330.1,14.113, 306.9, 533.01
    5400,    5460,162.74,2852,3947.2,12.765, 276.68, 494.72
    5460,    5520,158.1,2963.7,4036.4,12.486, 286.74, 503.64
    5520,    5580,167.09,3115.2,4161.3,13.025, 300.37, 516.13
    5580,    5640,169.82,3408.2,4466.5,13.189, 326.74, 546.65
    5640,    5700,176.14,3583.3,4576.4,13.568, 342.5, 557.64
    5700,    5760,190.97,3591.5,4744.6,14.458, 343.23, 574.46
    5760,    5820,180.79,3661.8,4791.5,13.847, 349.56, 579.15
    5820,    5880,175.38,3662.6,4714.4,13.523, 349.64, 571.44
    5880,    5940,180.89,3871.6,4927.9,13.854, 368.45, 592.79
    5940,    6000,180.12,3758.3,5020.2,13.807, 358.25, 602.02
    6000,    6060,167.92,3608.6,4727.5,13.075, 344.77, 572.75
    6060,    6120,165.45,3591.7,4647.9,12.927, 343.26, 564.79
    6120,    6180,160.82,3476.1,4651.5,12.649, 332.85, 565.15
    6180,    6240,157.84,3450.8,4670.4,12.47, 330.58, 567.04
    6240,    6300,191.71,3533.7,4564.7,14.503, 338.04, 556.47
    6300,    6360,146.21,2982.4,4221.9,11.772, 288.42, 522.19
    6360,    6420,118.25,2755.5,3929,10.095, 268, 492.9
    6420,    6480,126.7,2517.5,3699.3,10.602, 246.57, 469.93
    6480,    6540,129.5,2821.6,3815.1,10.77, 273.95, 481.51
    6540,    6600,114.99,2640,3773.3,9.8992, 257.6, 477.33
    6600,    6660,134.95,2601.7,3625.4,11.097, 254.15, 462.54
    6660,    6720,127.67,2810.6,3728,10.66, 272.96, 472.8
    6720,    6780,130.73,2944.1,3948.8,10.844, 284.97, 494.88
    6780,    6840,170.06,3615.4,4190.4,13.203, 345.38, 519.04
    6840,    6900,158.14,3988.3,5076.4,12.488, 378.94, 607.64
    6900,    6960,149.1,4146.1,5141.7,11.946, 393.15, 614.17
    6960,    7020,142.53,4222,5264.9,11.552, 399.98, 626.49
    7020,    7080,196.8,5364.8,5849,14.808, 502.83, 684.9
    7080,    7140,175.79,5423.5,6173.7,13.547, 508.12, 717.37
    7140,    7200,188.02,6013.3,6964.9,14.281, 561.19, 796.49
    7200,    7260,183.06,5324.9,7064.4,13.983, 499.25, 806.44
    7260,    7320,231.65,6954.2,8078.1,16.899, 645.87, 907.81
    7320,    7380,190.22,6184.5,8328.4,14.413, 576.6, 932.84
    7380,    7440,146.23,4979,6308.9,11.774, 468.11, 730.89
    7440,    7500,130.61,4779.8,6200.3,10.837, 450.19, 720.03
    7500,    7560,131.05,4785.4,5926.7,10.863, 450.69, 692.67
    7560,    7620,94.087,3933.1,5128.7,8.6452, 373.98, 612.87
    7620,    7680,83.054,3502.2,4382.1,7.9832, 335.2, 538.21
    7680,    7740,76.533,3461.7,4414.1,7.592, 331.55, 541.41
    7740,    7800,82.141,3523.5,4392.4,7.9284, 337.11, 539.24
    7800,    7860,109.68,3792.8,4610.5,9.5809, 361.35, 561.05
    7860,    7920,-9999,-9999,-9999,-9999, -9999, -9999
    7920,    7980,-9999,-9999,-9999,-9999, -9999, -9999
    7980,    8040,-9999,-9999,-9999,-9999, -9999, -9999
    8040,    8100,-9999,-9999,-9999,-9999, -9999, -9999
    8100,    8160,-9999,-9999,-9999,-9999, -9999, -9999
    8160,    8220,-9999,-9999,-9999,-9999, -9999, -9999
    8220,    8280,-9999,-9999,-9999,-9999, -9999, -9999
    8280,    8340,290.42,4735.5,5281.2,20.425, 446.19, 628.12
    8340,    8400,102.89,5030.1,5579.4,9.1732, 472.71, 657.94
    8400,    8460,513.57,5634.1,6514.3,33.814, 527.07, 751.43
    8460,    8520,516.24,5334.4,6230,33.974, 500.1, 723
    8520,    8580,744.96,6217.2,7770.8,47.698, 579.55, 877.08
    8580,    8640,566.96,6263,8149.1,37.018, 583.67, 914.91
    8640,    8700,520.74,6609,9555.4,34.244, 614.81, 1055.5
    8700,    8760,301.77,5204.1,8240.3,21.106, 488.37, 924.03
    8760,    8820,497.15,6632.5,9312.9,32.829, 616.93, 1031.3
    8820,    8880,125.49,4918.9,6432.8,10.53, 462.7, 743.28
    8880,    8940,97.657,4414.6,6111.5,8.8594, 417.32, 711.15
    8940,    9000,59.338,4073.4,5318.6,6.5603, 386.61, 631.86
    9000,    9060,156.47,5229.8,6212.9,12.388, 490.68, 721.29
    9060,    9120,92.48,4816.4,6932.4,8.5488, 453.48, 793.24
    9120,    9180,43.881,4602,6408.1,5.6328, 434.18, 740.81
    9180,    9240,47.452,4347.6,6159.3,5.8471, 411.29, 715.93
    9240,    9300,55.718,4263,5423.7,6.3431, 403.67, 642.37
    9300,    9360,127.45,5399.1,6039.7,10.647, 505.92, 703.97
    9360,    9420,67.127,5263.1,6276.8,7.0276, 493.68, 727.68
    9420,    9480,62.419,5753,6630.6,6.7452, 537.77, 763.06
    9480,    9540,67.58,6489.8,7242.8,7.0548, 604.08, 824.28
    9540,    9600,44.119,6038.6,7171.1,5.6472, 563.47, 817.11
    9600,    9660,48.038,5950.1,6949,5.8823, 555.51, 794.9
    9660,    9720,44.081,6223.2,7187.4,5.6449, 580.09, 818.74
    9720,    9780,38.531,6695.3,7740.9,5.3119, 622.58, 874.09
    9780,    9840,464.65,13115,12698,30.879, 1200.3, 1369.8
    9840,    9900,147.13,9615.6,12073,11.828, 885.4, 1307.3
    9900,    9960,102.27,10138,12265,9.1363, 932.41, 1326.5
    9960,   10020,56.314,9468.4,11602,6.3788, 872.15, 1260.2
   10020,   10080,216.91,9926.5,11465,16.014, 913.39, 1246.5
   10080,   10140,57.014,6703.5,8385.2,6.4208, 623.32, 938.52
   10140,   10200,52.821,6910.8,8398.6,6.1693, 641.97, 939.86
   10200,   10260,181.21,9041.7,9459.4,13.873, 833.75, 1045.9
   10260,   10320,373.05,10301,12531,25.383, 947.08, 1353.1
   10320,   10380,240.32,9953.4,11335,17.419, 915.81, 1233.5
   10380,   10440,95.147,9261,11833,8.7088, 853.49, 1283.3
   10440,   10500,42.226,8304.2,10413,5.5336, 767.38, 1141.3
   10500,   10560,63.844,7350.1,8741.1,6.8307, 681.51, 974.11
   10560,   10620,73.488,6245.1,9058.3,7.4093, 582.05, 1005.8
   10620,   10680,57.222,5402.4,7134.3,6.4333, 506.21, 813.43
   10680,   10740,24.718,5154.6,6802.5,4.4831, 483.91, 780.25
   10740,   10800,44.396,4859.7,6097.9,5.6637, 457.37, 709.79
   10800,   10860,50.726,4722,5834.7,6.0436, 444.98, 683.47
   10860,   10920,35.214,3982.1,5068.3,5.1128, 378.38, 606.83
   10920,   10980,35.516,3923.3,5027.1,5.1309, 373.1, 602.71
   10980,   11040,54.364,4513.9,5748.9,6.2618, 426.25, 674.89
   11040,   11100,41.914,4737.3,6224.1,5.5148, 446.36, 722.41
   11100,   11160,44.465,4612.4,5759.8,5.6679, 435.12, 675.98
   11160,   11220,268.6,5278.6,6068.7,19.116, 495.07, 706.87
   11220,   11280,272.88,5693.1,7109.8,19.373, 532.38, 810.98
   11280,   11340,98.349,4575.4,6021.4,8.9009, 431.79, 702.14
   11340,   11400,43.317,4413.4,5829,5.599, 417.2, 682.9
   11400,   11460,160.61,5001,5890.5,12.637, 470.09, 689.05
   11460,   11520,119.63,4975.2,6057.6,10.178, 467.77, 705.76
   11520,   11580,119.02,4026.9,5354.9,10.141, 382.42, 635.49
   11580,   11640,444.75,6642.3,6912.2,29.685, 617.81, 791.22
   11640,   11700,141.72,3690.8,5550.1,11.503, 352.17, 655.01
   11700,   11760,250.47,4433.9,5780.1,18.028, 419.05, 678.01
   11760,   11820,152.5,3641.5,5690.8,12.15, 347.74, 669.08
   11820,   11880,151.86,3907,5216.7,12.112, 371.63, 621.67
   11880,   11940,362.91,4846.2,5523.9,24.774, 456.16, 652.39
   11940,   12000,303.61,4460.8,5999.9,21.216, 421.48, 699.99
   12000,   12060,369.14,5431.7,6357.4,25.148, 508.85, 735.74
   12060,   12120,118.98,3533.6,5855.3,10.139, 338.03, 685.53
   12120,   12180,274.16,4624.2,5468.3,19.449, 436.18, 646.83
   12180,   12240,333.06,4819.9,6087.3,22.984, 453.79, 708.73
   12240,   12300,131.25,2933.3,4893.5,10.875, 284, 589.35
   12300,   12360,344.78,4719.8,4403.9,23.687, 444.78, 540.39
   12360,   12420,77.341,3543.2,5142.7,7.6405, 338.88, 614.27
   12420,   12480,181.38,3778.9,5122.8,13.883, 360.1, 612.28
   12480,   12540,120.47,3596.5,4842.1,10.228, 343.68, 584.21
   12540,   12600,79.031,3585.3,5104.8,7.7419, 342.67, 610.48
   12600,   12660,43.118,3201.6,4523.2,5.5871, 308.14, 552.32
   12660,   12720,153.45,3306.7,4147,12.207, 317.6, 514.7
   12720,   12780,47.435,3010.6,3970,5.8461, 290.95, 497
   12780,   12840,40.402,2715.4,3618.2,5.4241, 264.39, 461.82
   12840,   12900,66.623,2784.9,3670.2,6.9974, 270.64, 467.02
   12900,   12960,64.507,2621.9,3574.9,6.8704, 255.97, 457.49
   12960,   13020,28.792,2473.8,3407.6,4.7275, 242.64, 440.76
   13020,   13080,23.132,2466.8,3313.7,4.3879, 242.01, 431.37
   13080,   13140,42.387,2700.8,3441.1,5.5432, 263.07, 444.11
   13140,   13200,589.96,4163.3,4281.9,38.397, 394.69, 528.19
   13200,   13260,250.86,4223.3,6198.6,18.052, 400.09, 719.86
   13260,   13320,94.491,3951.2,5107.1,8.6695, 375.61, 610.71
   13320,   13380,56.759,3450.1,4633.5,6.4055, 330.51, 563.35
   13380,   13440,115.34,3155.5,4147.9,9.9201, 303.99, 514.79
   13440,   13500,136.51,3280.3,4495,11.191, 315.23, 549.5
   13500,   13560,38.742,2697.9,3682.7,5.3245, 262.81, 468.27
   13560,   13620,97.539,2994.8,3714.7,8.8524, 289.53, 471.47
   13620,   13680,82.427,3154.9,3926.9,7.9456, 303.94, 492.69
   13680,   13740,56.683,3407.1,4111.2,6.401, 326.64, 511.12
   13740,   13800,124.11,3918.7,4695.1,10.447, 372.68, 569.51
   13800,   13860,98.452,3463.6,4474.8,8.9071, 331.72, 547.48
   13860,   13920,208.13,4148.4,4636,15.488, 393.36, 563.6
   13920,   13980,105.46,4055.4,5007.8,9.3275, 384.99, 600.78
   13980,   14040,43.145,2943.8,4265.7,5.5887, 284.94, 526.57
   14040,   14100,21.956,2566.7,3458.9,4.3174, 251, 445.89
   14100,   14160,45.283,2893.7,3637.6,5.717, 280.44, 463.76
   14160,   14220,78.372,2765.8,3524.4,7.7023, 268.92, 452.44
   14220,   14280,384.98,3298.8,3534.3,26.099, 316.89, 453.43
   14280,   14340,166.93,3539,4549.2,13.016, 338.51, 554.92
   14340,   14400,75.857,3406.5,4750.1,7.5514, 326.59, 575.01
   14400,   14460,44.517,3660.4,4828.8,5.671, 349.44, 582.88
   14460,   14520,59.14,2903.5,4108.6,6.5484, 281.31, 510.86
   14520,   14580,24.623,2456.8,3529.5,4.4774, 241.11, 452.95
   14580,   14640,44.182,2562.4,3512.7,5.6509, 250.62, 451.27
   14640,   14700,124.2,2722.9,3537.5,10.452, 265.06, 453.75
   14700,   14760,107.84,3132.8,4291.1,9.4703, 301.95, 529.11
   14760,   14820,54.453,2853.1,3856.7,6.2672, 276.78, 485.67
   14820,   14880,30.673,2223.3,3222.4,4.8404, 220.09, 422.24
   14880,   14940,125.68,2350,3095.4,10.541, 231.5, 409.54
   14940,   15000,552.89,3690.1,5093.2,36.173, 352.11, 609.32
   15000,   15060,314.1,3514,5164.5,21.846, 336.26, 616.45
   15060,   15120,546.74,4506.2,6660.3,35.805, 425.55, 766.03
   15120,   15180,623.91,4461.6,7920.2,40.434, 421.54, 892.02
   15180,   15240,507.57,4840.9,6684.8,33.454, 455.68, 768.48
   15240,   15300,271.15,4037.1,6497.1,19.269, 383.34, 749.71
   15300,   15360,32.373,2396.2,3452.9,4.9424, 235.66, 445.29
   15360,   15420,68.751,2509.9,3435.2,7.125, 245.89, 443.52
   15420,   15480,23.326,2184.9,2974.1,4.3996, 216.64, 397.41
   15480,   15540,189.73,2927.5,3634.7,14.384, 283.47, 463.47
   15540,   15600,41.905,2309.9,3385.1,5.5143, 227.89, 438.51
   15600,   15660,864.56,3799,3818.9,54.873, 361.91, 481.89
   15660,   15720,2770.7,8353.1,14564,169.24, 771.78, 1556.4
