CampaignData_and_Merges/R0/CSL_MobileLab_Parked/raw/20240730/USOS-jNO2_MobileLabGround_20240730_R0.ict
52,1001
Waxman, E.; Rollins, A.; Zuraski, K.; Chace, W.
NOAA Chemical Sciences Laboratory
jNO2 filter radiometer on CSL Mobile Lab
AMMBEC / USOS
1, 1
2024,07,30, 2025,04,01
60
Time_Start, seconds, number_of_seconds_since_0000_UTC
20
1, 1, 1, 1, 1, 1, 1, 1, 1, 1, 1, 1, 1, 1, 1, 1, 1, 1, 1, 1
-9999, -9999, -9999, -9999, -9999, -9999, -9999, -9999, -9999, -9999, -9999, -9999, -9999, -9999, -9999, -9999, -9999, -9999, -9999, -9999
Time_Stop, seconds, number_of_seconds_since_0000_UTC
jNO2_meas, per second, photolysis rate of NO2 measured using a filter radiometer.
jBrCl, per second, photolysis rate of BrCl -> Br + Cl calculated in TUV for cloud-free sky with local AOD
jBr2, per second, photolysis rate of Br2 -> Br + Br calculated in TUV for cloud-free sky with local AOD
jCCl4, per second, photolysis rate of CCl4 -> Products calcualted in TUV for cloud-free sky with local AOD
jCH2Oa, per second, photolysis rate of CH2O -> H + HCO calculated in TUV for cloud-free sky with local AOD
jCH2Ob, per second, photolysis rate of CH2O -> H2 + CO calculated in TUV for cloud-free sky with local AOD
jClNO2, per second, photolysis rate of ClNO2 -> Cl + NO2 calculated in TUV for cloud-free sky with local AOD
jClOa, per second, photolysis rate of ClO -> Cl + O(1D) calculated in TUV for cloud-free sky with local AOD
jClOb, per second, photolysis rate of ClO -> Cl + O(3P) calculated in TUV for cloud-free sky with local AOD
jCl2, per second, photolysis rate of Cl2 -> Cl + Cl calculated in TUV for cloud-free sky with local AOD
jHNO2, per second, photolysis rate of HNO2 -> OH + NO calculated in TUV for cloud-free sky with local AOD
jHNO3, per second, photolysis rate of HNO3 -> OH + NO2 calculated in TUV for cloud-free sky with local AOD
jI2, per second, photolysis rate of I2 -> I + I calculated in TUV for cloud-free sky with local AOD
jNO2, per second, photolysis rate of NO2 -> NO + O(3P) calculated in TUV for cloud-free sky with local AOD
jNO3a, per second, photolysis rate of NO3 -> NO + O2 calculated in TUV for cloud-free sky with local AOD
jNO3b, per second, photolysis rate of NO3 -> NO2 + O(3P) calculated in TUV for cloud-free sky with local AOD
jN2O5, per second, photolysis rate of N2O5 -> NO3 + NO + O(3P) calculated in TUV for cloud-free sky with local AOD
jO3, per second, photolysis rate of O3 -> O2 + O(1D) calculated in TUV for cloud-free sky with local AOD
AOD_500nm, unitless, UTC daily mean AOD at 500 nm from an AERONET station located at 40.178 N, -112.452 E
0
18
PI_CONTACT_INFO: eleanor.waxman@noaa.gov
PLATFORM: CSL Mobile Lab, at ground site
LOCATION: Salt Lake City, UT
ASSOCIATED_DATA:
INSTRUMENT_INFO: jNO2 filter radiometer.  TUV calculations are for mobile van lat/lon/altitude assuming clear sky (cloud AOD = 0) and daily mean AOD.
DATA_INFO:
UNCERTAINTY: Data uncertainties are +/- 20%.  These come from uncertainties in radiometer angular response, radiometer thermal response, local interferences from clouds/aerosols/shadows etc.
ULOD_FLAG: -7777
ULOD_VALUE: N/A
LLOD_FLAG: -8888
LLOD_VALUE: N/A
DM_CONTACT_INFO: eleanor.waxman@noaa.gov
PROJECT_INFO: USOS Project, July - August 2024
STIPULATIONS_ON_USE: Users are strongly encouraged to contact the PI for proper data usage.
OTHER_COMMENTS: 
REVISION: R0
R0: final data
Time_Start, Time_Stop, jNO2_meas, jBrCl, jBr2, jCCl4, jCH2Oa, jCH2Ob, jClNO2, jClOa, jClOb, jCl2, jHNO2, jHNO3, jI2, jNO2, jNO3a, jNO3b, jN2O5, jO3, AOD_500nm
[from data line 84]
    5040,    5100,0.0022882,0.003051,0.01092,4.395e-26,3.243e-06,7.259e-06,7.534e-05,1.629e-26,1.417e-06,0.0004503,0.0003156,3.808e-08,0.04577,0.002105,0.009962,0.0739,5.984e-06,8.859e-07,0.254
    5100,    5160,0.0022574,0.002994,0.01073,4.325e-26,3.159e-06,7.097e-06,7.368e-05,1.603e-26,1.369e-06,0.0004409,0.000309,3.702e-08,0.04505,0.002062,0.009821,0.07278,5.849e-06,8.573e-07,0.254
    5160,    5220,0.0022339,0.002941,0.01056,4.192e-26,3.083e-06,6.946e-06,7.214e-05,1.556e-26,1.325e-06,0.0004321,0.0003029,3.605e-08,0.04437,0.002022,0.009688,0.07171,5.723e-06,8.311e-07,0.254
    5220,    5280,0.0021963,0.002881,0.01036,4.149e-26,2.999e-06,6.781e-06,7.045e-05,1.549e-26,1.28e-06,0.0004225,0.0002962,3.5e-08,0.04361,0.001978,0.009538,0.07052,5.586e-06,8.036e-07,0.254
    5280,    5340,0.0021538,0.002823,0.01016,4.119e-26,2.917e-06,6.618e-06,6.878e-05,1.53e-26,1.233e-06,0.000413,0.0002896,3.395e-08,0.04286,0.001935,0.00939,0.06934,5.45e-06,7.759e-07,0.254
    5340,    5400,0.0021056,0.00277,0.00998,4.071e-26,2.843e-06,6.472e-06,6.728e-05,1.508e-26,1.191e-06,0.0004044,0.0002837,3.302e-08,0.04216,0.001895,0.009251,0.06825,5.328e-06,7.507e-07,0.254
    5400,    5460,0.0020612,0.002713,0.009789,3.992e-26,2.767e-06,6.319e-06,6.571e-05,1.488e-26,1.15e-06,0.0003954,0.0002774,3.207e-08,0.04142,0.001854,0.009103,0.06708,5.201e-06,7.262e-07,0.254
    5460,    5520,0.0019965,0.002657,0.009597,3.922e-26,2.692e-06,6.168e-06,6.415e-05,1.459e-26,1.11e-06,0.0003865,0.0002711,3.113e-08,0.04068,0.001813,0.008955,0.06591,5.075e-06,7.02e-07,0.254
    5520,    5580,0.0019729,0.002604,0.009416,3.861e-26,2.622e-06,6.027e-06,6.27e-05,1.438e-26,1.073e-06,0.0003781,0.0002653,3.026e-08,0.03997,0.001774,0.008814,0.0648,4.958e-06,6.797e-07,0.254
    5580,    5640,0.0019617,0.002548,0.009224,3.797e-26,2.548e-06,5.879e-06,6.117e-05,1.414e-26,1.034e-06,0.0003693,0.0002592,2.936e-08,0.03922,0.001733,0.008663,0.06362,4.834e-06,6.565e-07,0.254
    5640,    5700,0.001918,0.002494,0.009037,3.738e-26,2.478e-06,5.738e-06,5.973e-05,1.393e-26,9.975e-07,0.0003609,0.0002534,2.849e-08,0.03848,0.001694,0.008513,0.06244,4.717e-06,6.345e-07,0.254
    5700,    5760,0.0018843,0.002442,0.008859,3.679e-26,2.414e-06,5.605e-06,5.835e-05,1.372e-26,9.641e-07,0.0003529,0.0002478,2.769e-08,0.03778,0.001657,0.00837,0.06133,4.606e-06,6.143e-07,0.254
    5760,    5820,0.0018369,0.002386,0.008665,3.617e-26,2.344e-06,5.463e-06,5.688e-05,1.35e-26,9.289e-07,0.0003443,0.0002418,2.684e-08,0.03701,0.001617,0.008216,0.06012,4.488e-06,5.931e-07,0.254
    5820,    5880,0.0017962,0.002331,0.008472,3.555e-26,2.276e-06,5.322e-06,5.543e-05,1.328e-26,8.945e-07,0.0003358,0.0002359,2.6e-08,0.03624,0.001578,0.008058,0.0589,4.371e-06,5.724e-07,0.254
    5880,    5940,0.0017648,0.002279,0.00829,3.498e-26,2.213e-06,5.192e-06,5.408e-05,1.307e-26,8.63e-07,0.0003279,0.0002304,2.523e-08,0.03551,0.001541,0.007909,0.05774,4.262e-06,5.534e-07,0.254
    5940,    6000,0.0017257,0.002223,0.008095,3.437e-26,2.146e-06,5.055e-06,5.265e-05,1.285e-26,8.303e-07,0.0003196,0.0002246,2.443e-08,0.03473,0.001502,0.007749,0.05649,4.148e-06,5.337e-07,0.254
    6000,    6060,0.0016892,0.002168,0.007902,3.378e-26,2.081e-06,4.92e-06,5.126e-05,1.264e-26,7.988e-07,0.0003114,0.0002188,2.364e-08,0.03395,0.001464,0.007587,0.05525,4.035e-06,5.146e-07,0.254
    6060,    6120,0.0016488,0.002117,0.00772,3.322e-26,2.022e-06,4.795e-06,4.996e-05,1.244e-26,7.699e-07,0.0003037,0.0002135,2.292e-08,0.03321,0.001428,0.007435,0.05407,3.931e-06,4.971e-07,0.254
    6120,    6180,0.0016108,0.002063,0.007528,3.264e-26,1.959e-06,4.665e-06,4.86e-05,1.223e-26,7.402e-07,0.0002957,0.0002079,2.217e-08,0.03242,0.00139,0.007271,0.05282,3.822e-06,4.791e-07,0.254
    6180,    6240,0.0015664,0.002009,0.007335,3.206e-26,1.898e-06,4.536e-06,4.726e-05,1.202e-26,7.113e-07,0.0002877,0.0002024,2.144e-08,0.03163,0.001353,0.007106,0.05155,3.715e-06,4.616e-07,0.254
    6240,    6300,0.0014882,0.001958,0.007155,3.152e-26,1.841e-06,4.416e-06,4.602e-05,1.182e-26,6.85e-07,0.0002804,0.0001973,2.076e-08,0.03089,0.001318,0.00695,0.05036,3.616e-06,4.456e-07,0.254
    6300,    6360,0.0014548,0.001905,0.006963,3.096e-26,1.782e-06,4.291e-06,4.472e-05,1.162e-26,6.578e-07,0.0002726,0.0001919,2.006e-08,0.03009,0.001282,0.006783,0.04909,3.511e-06,4.291e-07,0.254
    6360,    6420,0.0014609,0.001852,0.006773,3.039e-26,1.724e-06,4.168e-06,4.344e-05,1.141e-26,6.315e-07,0.000265,0.0001866,1.937e-08,0.0293,0.001246,0.006615,0.04781,3.409e-06,4.131e-07,0.254
    6420,    6480,0.0014319,0.001803,0.006594,2.987e-26,1.671e-06,4.055e-06,4.225e-05,1.122e-26,6.075e-07,0.0002579,0.0001816,1.874e-08,0.02855,0.001213,0.006457,0.04661,3.314e-06,3.984e-07,0.254
    6480,    6540,0.0014049,0.001751,0.006405,2.931e-26,1.616e-06,3.936e-06,4.102e-05,1.102e-26,5.828e-07,0.0002505,0.0001765,1.809e-08,0.02776,0.001178,0.006287,0.04533,3.215e-06,3.834e-07,0.254
    6540,    6600,0.0013731,0.0017,0.006218,2.877e-26,1.561e-06,3.819e-06,3.98e-05,1.082e-26,5.589e-07,0.0002432,0.0001714,1.745e-08,0.02696,0.001144,0.006117,0.04405,3.118e-06,3.687e-07,0.254
    6600,    6660,0.001337,0.001652,0.006042,2.826e-26,1.511e-06,3.71e-06,3.867e-05,1.064e-26,5.371e-07,0.0002364,0.0001667,1.686e-08,0.02622,0.001111,0.005955,0.04284,3.028e-06,3.553e-07,0.254
    6660,    6720,0.0012941,0.001601,0.005857,2.772e-26,1.459e-06,3.597e-06,3.749e-05,1.044e-26,5.147e-07,0.0002293,0.0001618,1.625e-08,0.02542,0.001078,0.005784,0.04155,2.934e-06,3.415e-07,0.254
    6720,    6780,0.0012533,0.001552,0.005673,2.719e-26,1.408e-06,3.486e-06,3.633e-05,1.024e-26,4.931e-07,0.0002223,0.0001569,1.566e-08,0.02463,0.001045,0.005612,0.04027,2.842e-06,3.282e-07,0.254
    6780,    6840,0.0011908,0.001505,0.005502,2.669e-26,1.361e-06,3.384e-06,3.526e-05,1.006e-26,4.733e-07,0.0002158,0.0001524,1.511e-08,0.02389,0.001015,0.00545,0.03907,2.757e-06,3.16e-07,0.254
    6840,    6900,0.0011147,0.001457,0.005321,2.616e-26,1.312e-06,3.277e-06,3.415e-05,9.871e-27,4.531e-07,0.0002091,0.0001478,1.455e-08,0.02311,0.0009829,0.005277,0.03779,2.668e-06,3.034e-07,0.254
    6900,    6960,0.0010128,0.001409,0.005143,2.564e-26,1.264e-06,3.171e-06,3.305e-05,9.68e-27,4.335e-07,0.0002024,0.0001432,1.4e-08,0.02233,0.0009517,0.005104,0.03651,2.581e-06,2.913e-07,0.254
    6960,    7020,0.00095445,0.001364,0.004976,2.515e-26,1.22e-06,3.074e-06,3.203e-05,9.501e-27,4.156e-07,0.0001963,0.0001389,1.349e-08,0.02159,0.0009226,0.004941,0.03531,2.5e-06,2.801e-07,0.254
    7020,    7080,0.00095215,0.001318,0.004801,2.464e-26,1.175e-06,2.972e-06,3.098e-05,9.313e-27,3.973e-07,0.0001899,0.0001345,1.297e-08,0.02082,0.0008925,0.004768,0.03405,2.416e-06,2.687e-07,0.254
    7080,    7140,0.00097923,0.001272,0.004629,2.413e-26,1.13e-06,2.872e-06,2.994e-05,9.127e-27,3.797e-07,0.0001836,0.0001301,1.246e-08,0.02006,0.0008629,0.004596,0.03279,2.334e-06,2.576e-07,0.254
    7140,    7200,0.0010041,0.00123,0.004469,2.366e-26,1.089e-06,2.78e-06,2.898e-05,8.952e-27,3.636e-07,0.0001777,0.0001261,1.199e-08,0.01934,0.0008355,0.004434,0.03162,2.258e-06,2.475e-07,0.254
    7200,    7260,0.00098182,0.001185,0.004301,2.316e-26,1.046e-06,2.684e-06,2.799e-05,8.767e-27,3.472e-07,0.0001717,0.0001219,1.151e-08,0.01859,0.000807,0.004263,0.03038,2.179e-06,2.371e-07,0.254
    7260,    7320,0.0009284,0.001142,0.004136,2.266e-26,1.005e-06,2.59e-06,2.7e-05,8.583e-27,3.313e-07,0.0001657,0.0001177,1.104e-08,0.01784,0.000779,0.004092,0.02914,2.102e-06,2.27e-07,0.254
    7320,    7380,0.00087469,0.001101,0.003983,2.218e-26,9.663e-07,2.503e-06,2.61e-05,8.411e-27,3.168e-07,0.0001602,0.0001139,1.061e-08,0.01715,0.0007533,0.003932,0.028,2.03e-06,2.179e-07,0.254
    7380,    7440,0.00080276,0.00106,0.003824,2.169e-26,9.266e-07,2.412e-06,2.516e-05,8.229e-27,3.021e-07,0.0001545,0.00011,1.016e-08,0.01643,0.0007265,0.003764,0.02679,1.956e-06,2.084e-07,0.254
    7440,    7500,0.0007633,0.001019,0.003668,2.121e-26,8.88e-07,2.323e-06,2.424e-05,8.048e-27,2.878e-07,0.0001488,0.0001061,9.726e-09,0.01571,0.0007002,0.003597,0.02561,1.883e-06,1.993e-07,0.254
    7500,    7560,0.00074465,0.0009809,0.003524,2.075e-26,8.524e-07,2.241e-06,2.339e-05,7.879e-27,2.749e-07,0.0001437,0.0001025,9.33e-09,0.01505,0.000676,0.003441,0.0245,1.816e-06,1.91e-07,0.254
    7560,    7620,0.00072897,0.0009416,0.003374,2.027e-26,8.156e-07,2.156e-06,2.251e-05,7.7e-27,2.617e-07,0.0001383,9.878e-05,8.92e-09,0.01436,0.0006509,0.003278,0.02335,1.746e-06,1.824e-07,0.254
    7620,    7680,0.00070145,0.0009032,0.003227,1.979e-26,7.797e-07,2.071e-06,2.164e-05,7.521e-27,2.49e-07,0.000133,9.511e-05,8.52e-09,0.01368,0.0006262,0.003116,0.02222,1.678e-06,1.741e-07,0.254
    7680,    7740,0.00067145,0.0008679,0.003093,1.933e-26,7.468e-07,1.994e-06,2.084e-05,7.354e-27,2.374e-07,0.0001281,9.174e-05,8.157e-09,0.01306,0.0006035,0.002966,0.02117,1.615e-06,1.666e-07,0.254
    7740,    7800,0.0006454,0.0008314,0.002953,1.886e-26,7.128e-07,1.914e-06,2.001e-05,7.177e-27,2.257e-07,0.000123,8.822e-05,7.781e-09,0.01241,0.00058,0.00281,0.02008,1.549e-06,1.589e-07,0.254
    7800,    7860,0.00062804,0.0007958,0.002818,1.839e-26,6.797e-07,1.835e-06,1.92e-05,7.001e-27,2.143e-07,0.0001181,8.478e-05,7.417e-09,0.01178,0.000557,0.002656,0.01902,1.485e-06,1.514e-07,0.254
    7860,    7920,0.00060619,0.0007632,0.002694,1.795e-26,6.494e-07,1.762e-06,1.845e-05,6.837e-27,2.041e-07,0.0001135,8.16e-05,7.084e-09,0.0112,0.0005358,0.002515,0.01804,1.427e-06,1.446e-07,0.254
    7920,    7980,0.00058209,0.0007294,0.002566,1.748e-26,6.181e-07,1.686e-06,1.767e-05,6.662e-27,1.936e-07,0.0001088,7.829e-05,6.741e-09,0.01061,0.0005138,0.002368,0.01703,1.365e-06,1.376e-07,0.254
    7980,    8040,0.00056347,0.0006964,0.002441,1.701e-26,5.875e-07,1.612e-06,1.69e-05,6.487e-27,1.835e-07,0.0001041,7.504e-05,6.407e-09,0.01002,0.0004921,0.002224,0.01605,1.306e-06,1.309e-07,0.254
    8040,    8100,0.00054092,0.0006664,0.002328,1.658e-26,5.598e-07,1.544e-06,1.62e-05,6.324e-27,1.745e-07,9.983e-05,7.205e-05,6.104e-09,0.009497,0.0004723,0.002094,0.01516,1.251e-06,1.248e-07,0.254
    8100,    8160,0.00052536,0.0006353,0.002211,1.613e-26,5.311e-07,1.473e-06,1.548e-05,6.151e-27,1.652e-07,9.539e-05,6.894e-05,5.793e-09,0.008957,0.0004517,0.001959,0.01424,1.194e-06,1.185e-07,0.254
    8160,    8220,0.00049058,0.0006052,0.002099,1.567e-26,5.033e-07,1.404e-06,1.476e-05,5.979e-27,1.563e-07,9.105e-05,6.589e-05,5.491e-09,0.008436,0.0004316,0.001829,0.01336,1.138e-06,1.124e-07,0.254
    8220,    8280,0.00048679,0.0005776,0.001996,1.524e-26,4.78e-07,1.341e-06,1.411e-05,5.817e-27,1.483e-07,8.707e-05,6.308e-05,5.217e-09,0.007965,0.0004131,0.00171,0.01256,1.087e-06,1.069e-07,0.254
    8280,    8340,0.00046757,0.0005491,0.001891,1.479e-26,4.518e-07,1.275e-06,1.343e-05,5.646e-27,1.401e-07,8.292e-05,6.015e-05,4.934e-09,0.007483,0.0003938,0.00159,0.01175,1.034e-06,1.013e-07,0.254
    8340,    8400,0.00045232,0.0005215,0.00179,1.434e-26,4.266e-07,1.21e-06,1.276e-05,5.475e-27,1.323e-07,7.888e-05,5.729e-05,4.662e-09,0.007024,0.000375,0.001474,0.01097,9.819e-07,9.587e-08,0.254
    8400,    8460,0.00043066,0.0004963,0.001698,1.392e-26,4.037e-07,1.152e-06,1.216e-05,5.315e-27,1.253e-07,7.517e-05,5.466e-05,4.415e-09,0.006611,0.0003577,0.001371,0.01027,9.346e-07,9.096e-08,0.254
    8460,    8520,0.00041408,0.0004703,0.001604,1.348e-26,3.802e-07,1.091e-06,1.152e-05,5.145e-27,1.181e-07,7.132e-05,5.193e-05,4.161e-09,0.006192,0.0003397,0.001267,0.009569,8.855e-07,8.594e-08,0.254
    8520,    8580,0.00039805,0.0004451,0.001513,1.304e-26,3.575e-07,1.031e-06,1.091e-05,4.977e-27,1.113e-07,6.758e-05,4.926e-05,3.917e-09,0.005793,0.0003222,0.001168,0.008901,8.378e-07,8.111e-08,0.254
    8580,    8640,0.00037718,0.0004222,0.001431,1.263e-26,3.37e-07,9.769e-07,1.035e-05,4.818e-27,1.051e-07,6.414e-05,4.68e-05,3.697e-09,0.005437,0.0003061,0.001081,0.008306,7.942e-07,7.674e-08,0.254
    8640,    8700,0.00036058,0.0003984,0.001346,1.22e-26,3.159e-07,9.207e-07,9.764e-06,4.649e-27,9.881e-08,6.057e-05,4.424e-05,3.47e-09,0.005075,0.0002893,0.0009929,0.007707,7.49e-07,7.226e-08,0.254
    8700,    8760,0.00034338,0.0003754,0.001265,1.176e-26,2.957e-07,8.664e-07,9.199e-06,4.482e-27,9.283e-08,5.712e-05,4.176e-05,3.253e-09,0.004733,0.0002731,0.0009115,0.007145,7.053e-07,6.798e-08,0.254
    8760,    8820,0.00032744,0.0003544,0.001192,1.137e-26,2.774e-07,8.169e-07,8.683e-06,4.325e-27,8.746e-08,5.396e-05,3.949e-05,3.057e-09,0.004428,0.0002582,0.00084,0.006646,6.654e-07,6.412e-08,0.254
    8820,    8880,0.00031256,0.0003328,0.001117,1.095e-26,2.588e-07,7.66e-07,8.152e-06,4.159e-27,8.202e-08,5.069e-05,3.714e-05,2.858e-09,0.00412,0.0002427,0.0007693,0.006147,6.244e-07,6.018e-08,0.254
    8880,    8940,0.00029725,0.0003119,0.001044,1.053e-26,2.411e-07,7.169e-07,7.638e-06,3.994e-27,7.683e-08,4.753e-05,3.485e-05,2.667e-09,0.003827,0.0002278,0.000704,0.005678,5.847e-07,5.641e-08,0.254
    8940,    9000,0.00027855,0.0002928,0.0009785,1.015e-26,2.251e-07,6.723e-07,7.17e-06,3.84e-27,7.218e-08,4.465e-05,3.277e-05,2.495e-09,0.003565,0.0002141,0.0006471,0.005263,5.487e-07,5.302e-08,0.254
    9000,    9060,0.00026736,0.0002731,0.0009108,9.745e-27,2.088e-07,6.264e-07,6.688e-06,3.676e-27,6.745e-08,4.167e-05,3.061e-05,2.321e-09,0.003299,0.0001999,0.0005909,0.004846,5.116e-07,4.955e-08,0.254
    9060,    9120,0.0002464,0.0002541,0.0008459,9.348e-27,1.934e-07,5.826e-07,6.227e-06,3.514e-27,6.298e-08,3.882e-05,2.854e-05,2.155e-09,0.003047,0.0001863,0.0005391,0.004454,4.762e-07,4.626e-08,0.254
    9120,    9180,0.00023704,0.0002369,0.000787,8.991e-27,1.796e-07,5.431e-07,5.809e-06,3.363e-27,5.897e-08,3.623e-05,2.666e-05,2.006e-09,0.00282,0.000174,0.000494,0.004106,4.441e-07,4.331e-08,0.254
    9180,    9240,0.00022121,0.0002193,0.0007269,8.611e-27,1.657e-07,5.029e-07,5.384e-06,3.204e-27,5.493e-08,3.358e-05,2.474e-05,1.856e-09,0.002591,0.0001613,0.0004493,0.003756,4.115e-07,4.032e-08,0.254
    9240,    9300,0.00020905,0.0002025,0.0006694,8.26e-27,1.526e-07,4.647e-07,4.979e-06,3.048e-27,5.111e-08,3.106e-05,2.29e-05,1.715e-09,0.002372,0.0001492,0.0004077,0.003425,3.804e-07,3.749e-08,0.254
    9300,    9360,0.0001962,0.0001872,0.0006175,7.942e-27,1.409e-07,4.304e-07,4.614e-06,2.903e-27,4.769e-08,2.878e-05,2.124e-05,1.588e-09,0.002176,0.0001383,0.000371,0.00313,3.525e-07,3.495e-08,0.254
    9360,    9420,0.00018471,0.0001719,0.0005653,7.617e-27,1.294e-07,3.962e-07,4.25e-06,2.753e-27,4.429e-08,2.651e-05,1.958e-05,1.463e-09,0.001979,0.0001274,0.0003347,0.002836,3.246e-07,3.243e-08,0.254
    9420,    9480,0.00017006,0.0001576,0.0005163,7.327e-27,1.186e-07,3.642e-07,3.909e-06,2.608e-27,4.112e-08,2.437e-05,1.802e-05,1.346e-09,0.001795,0.0001171,0.0003008,0.002561,2.985e-07,3.006e-08,0.254
    9480,    9540,0.00016137,0.0001416,0.0004627,6.021e-27,1.07e-07,3.285e-07,3.525e-06,2.393e-27,3.761e-08,2.196e-05,1.624e-05,1.218e-09,0.001601,0.0001055,0.000266,0.002274,2.692e-07,2.744e-08,0.254
    9540,    9600,0.00014347,0.0001265,0.0004121,5.584e-27,9.62e-08,2.952e-07,3.167e-06,2.22e-27,3.432e-08,1.971e-05,1.459e-05,1.099e-09,0.001417,9.458e-05,0.0002338,0.002006,2.42e-07,2.497e-08,0.254
    9600,    9660,0.0001382,0.0001135,0.0003681,5.196e-27,8.688e-08,2.667e-07,2.861e-06,2.067e-27,3.145e-08,1.778e-05,1.317e-05,9.964e-10,0.001256,8.525e-05,0.0002055,0.00177,2.186e-07,2.284e-08,0.254
    9660,    9720,0.00012796,0.0001029,0.000332,4.867e-27,7.926e-08,2.435e-07,2.611e-06,1.938e-27,2.91e-08,1.621e-05,1.202e-05,9.124e-10,0.001122,7.767e-05,0.0001819,0.001575,1.995e-07,2.109e-08,0.254
    9720,    9780,0.00011995,9.322e-05,0.0002989,4.555e-27,7.228e-08,2.222e-07,2.383e-06,1.815e-27,2.693e-08,1.478e-05,1.097e-05,8.353e-10,0.0009989,7.077e-05,0.0001599,0.001393,1.821e-07,1.948e-08,0.254
    9780,    9840,0.00010871,8.323e-05,0.0002653,4.21e-27,6.514e-08,2.001e-07,2.145e-06,1.678e-27,2.465e-08,1.328e-05,9.865e-06,7.557e-10,0.0008768,6.355e-05,0.0001386,0.001216,1.64e-07,1.778e-08,0.254
