CampaignData_and_Merges/R0/CSL_MobileLab_Parked/raw/20240730/USOS-NOAAIodideCIMS-Halogens_MobileLabGround_20240730_RA.ict
38, 1001
Michael A Robinson, Chris Jernigan, Subi Thakali
NOAA ESRL Chemical Sciences Laboratory and CIRES, U. of Colorado
NOAA Iodide CIMS Instrument
USOS
1, 1
2024, 07, 30, 2024, 07, 31
1
starttime_UTC, seconds_past_midnight, seconds_of_day_since_00:00:00_UTC
6
1, 1, 1, 1, 1, 1
-9999, -9999, -9999, -9999, -9999, -9999
Br2_NOAACIMS, pptv, Gas_Br2_InSitu_S_AVMR, 
BrO_NOAACIMS, pptv, Gas_BrO_InSitu_S_AVMR, 
Cl2_NOAACIMS, pptv, Gas_Cl2_InSitu_S_AVMR, 
ClNO2_NOAACIMS, pptv, Gas_ClNO2_InSitu_S_AVMR, 
BrCl_NOAACIMS, pptv, Gas_BrCl_InSitu_S_AVMR, 
NCl3_NOAACIMS, pptv, Gas_NCl3_InSitu_S_AVMR, 
0
18
PI_CONTACT_INFO: 325 Broadway, R/CSD 7, Boulder, Colorado 80305; michael.a.robinson@noaa.gov; chris.jernigan@noaa.gov;
PLATFORM: NOAA CSL Mobile Lab
LOCATION: SLC, Utah
ASSOCIATED_DATA: 1Hz data also available on request.
INSTRUMENT_INFO: NOAA I- ToF CIMS
DATA_INFO: All data in parts per trillion by volume (pptv). 1 Hz data is available upon request.
UNCERTAINTY: TBD
ULOD_FLAG: -7777
ULOD_VALUE: N/A
LLOD_FLAG: -8888
LLOD_VALUE: N/A
DM_CONTACT_INFO: Nathan Howard; nathan.h.howard@noaa.gov
PROJECT_INFO: USOS, summer 2024. https://csl.noaa.gov/groups/csl7/measurements/2024usos/
STIPULATIONS_ON_USE: Users are strongly encouraged to contact the PI for proper data usage.
OTHER_COMMENTS: 
REVISION: RA
RA: Preliminary Data; For in-field use only
starttime_UTC, Br2_NOAACIMS, BrO_NOAACIMS, Cl2_NOAACIMS, ClNO2_NOAACIMS, BrCl_NOAACIMS, NCl3_NOAACIMS
[from data line 866]
 51960,  0.353,  0.038,  0.969,  0.239,  0.141,  0.159
 52020,  0.464, -0.015,  0.969,  0.222,  0.136,  0.202
 52080,  0.418,  0.090,  0.947,  0.223,  0.141,  0.163
 52140,  0.381,  0.020,  1.060,  0.235,  0.082,  0.276
 52200,  0.375,  0.120,  0.939,  0.205,  0.050,  0.133
 52260,  0.469,  0.140,  0.933,  0.230,  0.099,  0.313
 52320,  0.476,  0.040,  0.861,  0.193,  0.046,  0.192
 52380,  0.453,  0.094,  0.811,  0.220,  0.041,  0.203
 52440,  0.400,  0.195,  0.769,  0.192,  0.101,  0.212
 52500,  0.384,  0.085,  0.933,  0.206,  0.101,  0.249
 52560,  0.455,  0.115,  0.847,  0.179,  0.072,  0.187
 52620,  0.508,  0.127,  0.781,  0.201,  0.074,  0.129
 52680,  0.356,  0.082,  0.643,  0.230,  0.055,  0.214
 52740,  0.511,  0.137,  0.692,  0.235,  0.055,  0.150
 52800,  0.477,  0.081,  0.795,  0.233,  0.092,  0.138
 52860,  0.255,  0.163,  0.809,  0.204,  0.063,  0.158
 52920,  0.512,  0.204,  0.841,  0.261,  0.101,  0.192
 52980,  0.384,  0.125,  0.876,  0.261,  0.145,  0.189
 53040,  0.414,  0.142,  0.879,  0.226,  0.173,  0.100
 53100,  0.411,  0.205,  0.784,  0.253,  0.137,  0.149
 53160,  0.572,  0.112,  0.805,  0.242,  0.116,  0.126
 53220,  0.468,  0.171,  0.691,  0.203,  0.074,  0.195
 53280,  0.469,  0.257,  0.771,  0.239,  0.071,  0.163
 53340,  0.467,  0.245,  0.751,  0.256,  0.090,  0.097
 53400,  0.515,  0.093,  0.708,  0.253,  0.102,  0.141
 53460,  0.528,  0.253,  0.698,  0.228,  0.104,  0.135
 53520,  0.556,  0.132,  0.674,  0.241,  0.135,  0.068
 53580,  0.542,  0.137,  0.706,  0.272,  0.186,  0.096
 53640, -9999.000, -9999.000, -9999.000, -9999.000, -9999.000, -9999.000
 53700,  0.429,  0.034,  0.822,  0.255,  0.121,  0.130
 53760,  0.490,  0.115,  0.686,  0.274,  0.157,  0.086
 53820,  0.543,  0.096,  0.650,  0.239,  0.121,  0.069
 53880,  0.472,  0.096,  0.800,  0.229,  0.160,  0.126
 53940,  0.436,  0.134,  0.694,  0.294,  0.089,  0.074
 54000,  0.627,  0.134,  0.728,  0.253,  0.121,  0.043
 54060,  0.517,  0.083,  0.710,  0.281,  0.144,  0.042
 54120,  0.567,  0.170,  0.596,  0.256,  0.153,  0.089
 54180,  0.488,  0.097,  0.726,  0.263,  0.156,  0.144
 54240,  0.427,  0.197,  0.664,  0.301,  0.061,  0.114
 54300,  0.582,  0.094,  0.605,  0.277,  0.112,  0.142
 54360,  0.528,  0.089,  0.538,  0.332,  0.069,  0.149
 54420,  0.541,  0.030,  0.588,  0.301,  0.085,  0.158
 54480,  0.478,  0.105,  0.511,  0.348,  0.098,  0.054
 54540,  0.647,  0.073,  0.657,  0.354,  0.119,  0.099
 54600,  0.400,  0.049,  0.634,  0.317,  0.131,  0.136
 54660,  0.482,  0.106,  0.589,  0.314,  0.099,  0.122
 54720,  0.466,  0.039,  0.562,  0.286,  0.138,  0.071
 54780,  0.315,  0.012,  0.632,  0.330,  0.080,  0.078
 54840,  0.123, -0.081,  0.586,  0.310,  0.050,  0.031
 54900, -0.166, -0.093,  0.525,  0.233,  0.002, -0.004
 54960, -0.335, -0.091,  0.467,  0.262, -0.044, -0.044
 55020, -0.058, -0.100,  0.497,  0.305, -0.009,  0.009
 55080,  0.012, -0.102,  0.613,  0.304,  0.050,  0.021
 55140,  0.528,  0.054,  0.693,  0.270,  0.100,  0.144
 55200,  0.645,  0.012,  0.618,  0.252,  0.090,  0.176
 55260,  0.653,  0.041,  0.668,  0.322,  0.116,  0.146
 55320,  0.668,  0.018,  0.616,  0.301,  0.122,  0.097
 55380,  0.542,  0.062,  0.734,  0.359,  0.086,  0.151
 55440,  0.464,  0.011,  0.580,  0.270,  0.096,  0.147
 55500, -9999.000, -9999.000, -9999.000, -9999.000, -9999.000, -9999.000
 55560,  0.597,  0.021,  0.694,  0.276,  0.071,  0.147
 55620,  0.541, -0.038,  0.713,  0.363,  0.079,  0.082
 55680,  0.461, -0.038,  0.680,  0.307,  0.047,  0.196
 55740,  0.509,  0.042,  0.675,  0.238,  0.055,  0.122
 55800,  0.694,  0.014,  0.628,  0.259,  0.085,  0.323
 55860,  0.721,  0.055,  0.661,  0.247,  0.091,  0.370
 55920,  0.646,  0.046,  0.674,  0.297,  0.104,  0.322
 55980,  0.692,  0.075,  0.681,  0.299,  0.091,  0.182
 56040,  0.705, -0.013,  0.636,  0.236,  0.143,  0.131
 56100, -0.131, -0.134,  0.631,  0.141, -0.045, -0.013
 56160, -0.077, -0.074,  0.648,  0.229, -0.022,  0.046
 56220,  0.226, -0.038,  0.609,  0.218,  0.019,  0.057
 56280,  0.484, -0.016,  0.737,  0.226,  0.120,  0.135
 56340,  0.509, -0.007,  0.774,  0.190,  0.100,  0.125
 56400,  0.648, -0.006,  0.681,  0.180,  0.112,  0.132
 56460,  0.671,  0.065,  0.724,  0.164,  0.095,  0.147
 56520,  0.706,  0.068,  0.772,  0.199,  0.085,  0.088
 56580,  0.553, -0.028,  0.661,  0.203,  0.119,  0.141
 56640,  0.596,  0.026,  0.667,  0.218,  0.116,  0.070
 56700,  0.659,  0.054,  0.791,  0.184,  0.114,  0.124
 56760,  0.676,  0.049,  0.733,  0.245,  0.104,  0.171
 56820,  0.604,  0.022,  0.734,  0.164,  0.100,  0.021
 56880,  0.519,  0.018,  0.705,  0.175,  0.060,  0.039
 56940,  0.370, -0.002,  0.660,  0.139,  0.055,  0.049
 57000,  0.714,  0.001,  0.731,  0.195,  0.118,  0.030
 57060,  0.627,  0.124,  0.659,  0.180,  0.119,  0.087
 57120,  0.616, -0.055,  0.738,  0.181,  0.135,  0.137
 57180,  0.713,  0.087,  0.742,  0.137,  0.090,  0.121
 57240,  0.682, -0.033,  0.687,  0.187,  0.113,  0.060
 57300,  0.885,  0.048,  0.794,  0.106,  0.108,  0.161
 57360, -9999.000, -9999.000, -9999.000, -9999.000, -9999.000, -9999.000
 57420,  0.486, -0.011,  0.703,  0.142,  0.072,  0.078
 57480,  0.699,  0.048,  0.656,  0.203,  0.063,  0.127
 57540,  0.830, -0.026,  0.750,  0.151,  0.054,  0.075
 57600,  0.757,  0.065,  0.892,  0.145,  0.070,  0.062
 57660,  0.752,  0.013,  0.761,  0.165,  0.124,  0.104
 57720,  0.693,  0.141,  0.825,  0.137,  0.101,  0.084
 57780,  0.730,  0.018,  0.802,  0.153,  0.135,  0.115
 57840,  0.739,  0.048,  0.791,  0.137,  0.113,  0.108
 57900,  0.743,  0.099,  0.727,  0.124,  0.141,  0.102
 57960,  0.690,  0.095,  0.695,  0.099,  0.134,  0.064
 58020,  0.764,  0.063,  0.793,  0.138,  0.093,  0.079
 58080,  0.775,  0.086,  0.777,  0.118,  0.117,  0.029
 58140,  0.540,  0.126,  0.728,  0.110,  0.112,  0.080
 58200,  0.690,  0.028,  0.857,  0.161,  0.110,  0.049
 58260,  0.842,  0.027,  0.843,  0.164,  0.148,  0.122
 58320,  0.574,  0.099,  0.885,  0.158,  0.089,  0.118
 58380,  0.727,  0.271,  0.986,  0.170,  0.100,  0.071
 58440,  0.784,  0.157,  0.803,  0.177,  0.084,  0.039
 58500,  0.729,  0.085,  0.761,  0.175,  0.112,  0.087
 58560,  0.762,  0.053,  0.800,  0.148,  0.109,  0.047
 58620,  0.862,  0.099,  0.877,  0.187,  0.108,  0.086
 58680,  0.508,  0.182,  0.743,  0.145,  0.057,  0.075
 58740,  0.481,  0.084,  0.775,  0.136,  0.020,  0.075
 58800,  0.518,  0.042,  0.796,  0.116,  0.055, -0.009
 58860,  0.504,  0.074,  0.717,  0.147,  0.051,  0.069
 58920,  0.465,  0.068,  0.744,  0.112,  0.012, -0.011
 58980,  0.357,  0.106,  0.709,  0.110,  0.003, -0.026
 59040,  0.364,  0.068,  0.745,  0.137,  0.023,  0.029
 59100,  0.298,  0.053,  0.795,  0.145,  0.015,  0.041
 59160,  0.393,  0.133,  0.571,  0.225,  0.061, -0.014
 59220,  0.693,  0.098,  0.795,  0.215,  0.049,  0.034
 59280,  0.529,  0.057,  1.104,  0.188,  0.040,  0.026
 59340,  0.529,  0.045,  0.729,  0.113,  0.018,  0.023
 59400,  0.412,  0.077,  0.712,  0.154,  0.050,  0.018
 59460,  0.504,  0.027,  0.689,  0.154,  0.013, -0.004
 59520,  0.403,  0.065,  0.706,  0.134,  0.004, -0.008
 59580,  0.493,  0.009,  0.763,  0.112,  0.029, -0.004
 59640,  0.409,  0.056,  0.677,  0.100,  0.005, -0.006
 59700,  0.430,  0.048,  0.804,  0.092,  0.043, -0.057
 59760,  0.384,  0.071,  0.767,  0.116,  0.077, -0.004
 59820,  0.476,  0.071,  0.796,  0.087,  0.062, -0.041
 59880,  0.353, -0.010,  0.668,  0.090,  0.028, -0.017
 59940,  0.280,  0.038,  0.698,  0.092,  0.012, -0.018
 60000,  0.511,  0.082,  0.776,  0.082,  0.064,  0.048
 60060,  0.548,  0.081,  1.030,  0.157,  0.113,  0.045
 60120,  0.665,  0.144,  1.249,  0.205,  0.134,  0.036
 60180,  0.661,  0.121,  1.232,  0.119,  0.070,  0.011
 60240,  0.768,  0.141,  0.922,  0.135,  0.101,  0.055
 60300,  0.660,  0.230,  0.826,  0.169,  0.071,  0.011
 60360,  0.507,  0.114,  0.854,  0.104,  0.058, -0.007
 60420,  0.594,  0.136,  0.961,  0.138,  0.121,  0.032
 60480,  0.615,  0.127,  0.954,  0.107,  0.097,  0.045
 60540,  0.497,  0.088,  0.846,  0.102,  0.093, -0.010
 60600,  0.479,  0.111,  0.714,  0.118,  0.038, -0.046
 60660,  0.484,  0.090,  0.852,  0.128,  0.054, -0.025
 60720,  0.469,  0.217,  0.745,  0.152,  0.056, -0.046
 60780,  0.711,  0.120,  0.829,  0.155,  0.104, -0.024
 60840,  0.798,  0.169,  0.917,  0.124,  0.159, -0.005
 60900,  0.689,  0.236,  0.946,  0.110,  0.072,  0.024
 60960,  0.478,  0.169,  0.932,  0.108,  0.087,  0.014
 61020, -9999.000, -9999.000, -9999.000, -9999.000, -9999.000, -9999.000
 61080,  0.889,  0.178,  0.838,  0.152,  0.090, -0.038
 61140,  0.633,  0.111,  0.911,  0.155,  0.182,  0.079
 61200,  0.657,  0.163,  1.061,  0.143,  0.190, -0.006
 61260,  0.652,  0.174,  1.161,  0.127,  0.124,  0.076
 61320,  0.849,  0.136,  1.230,  0.115,  0.195, -0.015
 61380,  0.702,  0.127,  1.067,  0.101,  0.119,  0.030
 61440,  0.796,  0.082,  1.358,  0.129,  0.182,  0.045
 61500,  0.736,  0.137,  1.084,  0.130,  0.172,  0.073
 61560,  0.469,  0.027,  1.083,  0.063,  0.123, -0.024
 61620,  0.447,  0.116,  0.811,  0.101,  0.069, -0.028
 61680,  0.743,  0.101,  0.810,  0.105,  0.106,  0.060
 61740,  0.721,  0.147,  0.978,  0.139,  0.171,  0.148
 61800,  0.263, -0.001,  0.896,  0.112,  0.112,  0.019
 61860,  0.428,  0.066,  1.038,  0.104,  0.114,  0.048
 61920,  0.227, -0.023,  0.978,  0.113,  0.117, -0.031
 61980,  0.671,  0.024,  1.187,  0.112,  0.127, -0.009
 62040,  0.504,  0.109,  1.506,  0.125,  0.176, -0.014
 62100,  0.414,  0.051,  1.282,  0.107,  0.083, -0.002
 62160,  0.276, -0.041,  0.860,  0.099,  0.072, -0.043
 62220, -0.042, -0.128,  0.819,  0.078,  0.038, -0.023
 62280,  0.359, -0.058,  0.943,  0.079,  0.161, -0.028
 62340,  0.423,  0.013,  1.019,  0.102,  0.103,  0.059
 62400,  0.653,  0.020,  1.077,  0.138,  0.121,  0.094
 62460,  0.547,  0.010,  1.502,  0.097,  0.161,  0.011
 62520,  0.686,  0.071,  1.184,  0.142,  0.147,  0.044
 62580,  0.436, -0.025,  0.973,  0.098,  0.095,  0.028
 62640,  0.617,  0.036,  1.172,  0.147,  0.135,  0.070
 62700,  0.612,  0.052,  1.081,  0.120,  0.163,  0.049
 62760,  0.344, -0.087,  1.084,  0.154,  0.068,  0.040
 62820,  0.472, -0.024,  0.951,  0.087,  0.095,  0.046
 62880, -9999.000, -9999.000, -9999.000, -9999.000, -9999.000, -9999.000
 62940,  0.580,  0.083,  1.076,  0.095,  0.086,  0.036
 63000,  0.250, -0.066,  0.973,  0.105,  0.101,  0.007
 63060,  0.369,  0.106,  0.963,  0.092,  0.072,  0.030
 63120,  0.619,  0.136,  1.092,  0.106,  0.118,  0.115
 63180,  0.683,  0.048,  1.027,  0.105,  0.120,  0.082
 63240,  0.599,  0.065,  1.071,  0.086,  0.103,  0.027
 63300,  0.643,  0.025,  1.148,  0.116,  0.175,  0.029
 63360,  0.882,  0.169,  1.287,  0.192,  0.164,  0.072
 63420,  0.767,  0.103,  1.298,  0.110,  0.173,  0.089
 63480,  0.878,  0.148,  1.179,  0.155,  0.153,  0.066
 63540,  0.872,  0.060,  1.097,  0.146,  0.105,  0.073
 63600,  0.908,  0.217,  1.063,  0.166,  0.136,  0.177
 63660,  0.791,  0.154,  1.538,  0.090,  0.223,  0.130
 63720,  0.890,  0.215,  1.394,  0.151,  0.173,  0.183
 63780,  0.754,  0.052,  1.181,  0.080,  0.116,  0.064
 63840,  0.815,  0.095,  1.345,  0.085,  0.129,  0.127
 63900,  0.904,  0.111,  1.328,  0.101,  0.137,  0.100
 63960,  0.908,  0.070,  1.240,  0.089,  0.159,  0.082
 64020,  0.818,  0.078,  1.360,  0.133,  0.157,  0.147
 64080,  0.896,  0.062,  1.302,  0.092,  0.142,  0.139
 64140,  0.958,  0.219,  1.306,  0.050,  0.124,  0.141
 64200,  0.869,  0.025,  1.125,  0.098,  0.128,  0.074
 64260,  0.825,  0.230,  1.428,  0.088,  0.096,  0.155
 64320,  0.843,  0.175,  1.401,  0.065,  0.099,  0.138
 64380,  0.500,  0.022,  1.161,  0.025,  0.102,  0.028
 64440,  0.651,  0.082,  1.235,  0.052,  0.064,  0.078
 64500,  0.643,  0.113,  1.228,  0.100,  0.105,  0.065
 64560,  0.795,  0.194,  1.265,  0.093,  0.090,  0.098
 64620,  0.786, -0.004,  1.259,  0.078,  0.124,  0.044
 64680,  0.606, -0.010,  1.441,  0.059,  0.066,  0.059
 64740, -9999.000, -9999.000, -9999.000, -9999.000, -9999.000, -9999.000
 64800,  0.672,  0.105,  1.449,  0.087,  0.165,  0.052
 64860,  0.246,  0.003,  1.435,  0.086,  0.058, -0.015
 64920,  0.828,  0.086,  1.617,  0.136,  0.131,  0.108
 64980,  0.539, -0.078,  1.699,  0.102,  0.109,  0.055
 65040,  0.649,  0.020,  1.592,  0.104,  0.096,  0.063
 65100,  0.760,  0.157,  1.581,  0.119,  0.124,  0.031
 65160,  1.009,  0.057,  1.548,  0.080,  0.127,  0.091
 65220,  0.850,  0.078,  1.545,  0.062,  0.150,  0.247
 65280,  0.874,  0.097,  1.549,  0.099,  0.108,  0.086
 65340,  0.881,  0.051,  1.583,  0.078,  0.078,  0.072
 65400,  0.776,  0.051,  1.445,  0.093,  0.155,  0.086
 65460,  0.550, -0.007,  1.265,  0.073,  0.066,  0.033
 65520,  0.861,  0.033,  1.314,  0.102,  0.181,  0.168
 65580,  0.918,  0.024,  1.514,  0.091,  0.139,  0.112
 65640,  0.943,  0.056,  1.510,  0.111,  0.163,  0.126
 65700,  0.474, -0.075,  1.598,  0.103,  0.100,  0.045
 65760,  0.662,  0.034,  1.508,  0.085,  0.147,  0.048
 65820,  0.723, -0.014,  1.530,  0.062,  0.149,  0.070
 65880,  0.873,  0.015,  1.614,  0.064,  0.181,  0.127
 65940,  0.911,  0.046,  1.694,  0.092,  0.167,  0.134
 66000,  0.783,  0.021,  1.851,  0.070,  0.179,  0.104
 66060,  0.702, -0.011,  1.736,  0.087,  0.118,  0.109
 66120,  0.824, -0.098,  1.471,  0.033,  0.103,  0.077
 66180,  0.875, -0.018,  1.504,  0.069,  0.109,  0.133
 66240,  0.523, -0.091,  1.392,  0.068,  0.066,  0.113
 66300,  0.824, -0.026,  1.484,  0.126,  0.151,  0.055
 66360, -0.006, -0.190,  1.560,  0.072, -0.002, -0.001
 66420,  0.206, -0.135,  1.489,  0.058,  0.046,  0.002
 66480,  0.732, -0.058,  1.434,  0.068,  0.147,  0.084
 66540,  0.946, -0.024,  1.273,  0.068,  0.085,  0.115
 66600,  0.605,  0.035,  1.999,  0.085,  0.064,  0.059
 66660,  1.037, -0.067,  1.579,  0.086,  0.111,  0.108
 66720,  1.049, -0.083,  1.673,  0.079,  0.208,  0.134
 66780,  0.827,  0.016,  1.870,  0.084,  0.127,  0.229
 66840,  0.907,  0.090,  1.707,  0.112,  0.122,  0.170
 66900,  0.927, -0.033,  2.043,  0.062,  0.117,  0.125
 66960,  0.745, -0.042,  2.021,  0.100,  0.095,  0.144
 67020,  0.824,  0.055,  1.845,  0.083,  0.158,  0.204
 67080,  0.825, -0.039,  1.885,  0.072,  0.167,  0.078
 67140,  0.810, -0.112,  2.071,  0.059,  0.173,  0.169
 67200,  0.892,  0.011,  1.974,  0.086,  0.161,  0.177
 67260,  0.804,  0.224,  2.060,  0.022,  0.318,  0.005
 67320, -9999.000, -9999.000, -9999.000, -9999.000, -9999.000, -9999.000
 67380, -9999.000, -9999.000, -9999.000, -9999.000, -9999.000, -9999.000
 67440, -9999.000, -9999.000, -9999.000, -9999.000, -9999.000, -9999.000
 67500, -9999.000, -9999.000, -9999.000, -9999.000, -9999.000, -9999.000
 67560, -9999.000, -9999.000, -9999.000, -9999.000, -9999.000, -9999.000
 67620, -9999.000, -9999.000, -9999.000, -9999.000, -9999.000, -9999.000
 67680, -9999.000, -9999.000, -9999.000, -9999.000, -9999.000, -9999.000
 67740, -9999.000, -9999.000, -9999.000, -9999.000, -9999.000, -9999.000
 67800, -9999.000, -9999.000, -9999.000, -9999.000, -9999.000, -9999.000
 67860, -9999.000, -9999.000, -9999.000, -9999.000, -9999.000, -9999.000
 67920, -9999.000, -9999.000, -9999.000, -9999.000, -9999.000, -9999.000
 67980, -9999.000, -9999.000, -9999.000, -9999.000, -9999.000, -9999.000
 68040, -9999.000, -9999.000, -9999.000, -9999.000, -9999.000, -9999.000
 68100, -9999.000, -9999.000, -9999.000, -9999.000, -9999.000, -9999.000
 68160, -9999.000, -9999.000, -9999.000, -9999.000, -9999.000, -9999.000
 68220, -9999.000, -9999.000, -9999.000, -9999.000, -9999.000, -9999.000
 68280, -9999.000, -9999.000, -9999.000, -9999.000, -9999.000, -9999.000
 68340, -9999.000, -9999.000, -9999.000, -9999.000, -9999.000, -9999.000
 68400, -9999.000, -9999.000, -9999.000, -9999.000, -9999.000, -9999.000
 68460, -9999.000, -9999.000, -9999.000, -9999.000, -9999.000, -9999.000
 68520, -9999.000, -9999.000, -9999.000, -9999.000, -9999.000, -9999.000
 68580, -9999.000, -9999.000, -9999.000, -9999.000, -9999.000, -9999.000
 68640, -9999.000, -9999.000, -9999.000, -9999.000, -9999.000, -9999.000
 68700, -9999.000, -9999.000, -9999.000, -9999.000, -9999.000, -9999.000
