CampaignData_and_Merges/R0/CSL_MobileLab_Parked/raw/20240730/USOS-NOAAIodideCIMS-Halogens_MobileLabGround_20240730_RA.ict
38, 1001
Michael A Robinson, Chris Jernigan, Subi Thakali
NOAA ESRL Chemical Sciences Laboratory and CIRES, U. of Colorado
NOAA Iodide CIMS Instrument
USOS
1, 1
2024, 07, 30, 2024, 07, 31
1
starttime_UTC, seconds_past_midnight, seconds_of_day_since_00:00:00_UTC
6
1, 1, 1, 1, 1, 1
-9999, -9999, -9999, -9999, -9999, -9999
Br2_NOAACIMS, pptv, Gas_Br2_InSitu_S_AVMR, 
BrO_NOAACIMS, pptv, Gas_BrO_InSitu_S_AVMR, 
Cl2_NOAACIMS, pptv, Gas_Cl2_InSitu_S_AVMR, 
ClNO2_NOAACIMS, pptv, Gas_ClNO2_InSitu_S_AVMR, 
BrCl_NOAACIMS, pptv, Gas_BrCl_InSitu_S_AVMR, 
NCl3_NOAACIMS, pptv, Gas_NCl3_InSitu_S_AVMR, 
0
18
PI_CONTACT_INFO: 325 Broadway, R/CSD 7, Boulder, Colorado 80305; michael.a.robinson@noaa.gov; chris.jernigan@noaa.gov;
PLATFORM: NOAA CSL Mobile Lab
LOCATION: SLC, Utah
ASSOCIATED_DATA: 1Hz data also available on request.
INSTRUMENT_INFO: NOAA I- ToF CIMS
DATA_INFO: All data in parts per trillion by volume (pptv). 1 Hz data is available upon request.
UNCERTAINTY: TBD
ULOD_FLAG: -7777
ULOD_VALUE: N/A
LLOD_FLAG: -8888
LLOD_VALUE: N/A
DM_CONTACT_INFO: Nathan Howard; nathan.h.howard@noaa.gov
PROJECT_INFO: USOS, summer 2024. https://csl.noaa.gov/groups/csl7/measurements/2024usos/
STIPULATIONS_ON_USE: Users are strongly encouraged to contact the PI for proper data usage.
OTHER_COMMENTS: 
REVISION: RA
RA: Preliminary Data; For in-field use only
starttime_UTC, Br2_NOAACIMS, BrO_NOAACIMS, Cl2_NOAACIMS, ClNO2_NOAACIMS, BrCl_NOAACIMS, NCl3_NOAACIMS
[from data line 288]
 17280,  0.625,  0.185,  1.211,  0.157,  0.241, 10.013
 17340,  0.642,  0.112,  1.290,  0.166,  0.261, 13.249
 17400,  0.550,  0.152,  1.316,  0.157,  0.275,  8.054
 17460,  0.636,  0.173,  1.308,  0.172,  0.214,  8.467
 17520,  0.654,  0.083,  1.140,  0.175,  0.311,  5.834
 17580,  0.689,  0.226,  1.237,  0.154,  0.259,  4.519
 17640,  0.669,  0.209,  1.180,  0.145,  0.229,  4.759
 17700,  0.703,  0.129,  1.186,  0.141,  0.235,  6.172
 17760,  0.694,  0.122,  1.158,  0.162,  0.219,  8.367
 17820,  0.613,  0.181,  1.270,  0.178,  0.296,  5.684
 17880,  0.708,  0.084,  1.256,  0.154,  0.244,  4.269
 17940,  0.513,  0.190,  1.282,  0.166,  0.262,  8.820
 18000,  0.672,  0.153,  1.214,  0.224,  0.265,  3.580
 18060,  0.592,  0.170,  1.325,  0.141,  0.294,  2.910
 18120,  0.715,  0.268,  1.236,  0.140,  0.162,  3.839
 18180,  0.731,  0.171,  1.294,  0.180,  0.294,  3.393
 18240,  0.756,  0.153,  1.322,  0.165,  0.369,  5.237
 18300,  0.693,  0.227,  1.208,  0.169,  0.224,  2.733
 18360,  0.787,  0.265,  1.461,  0.174,  0.302, 12.012
 18420,  0.767,  0.128,  1.263,  0.183,  0.231,  3.797
 18480,  0.608,  0.165,  1.296,  0.151,  0.236,  6.140
 18540, -9999.000, -9999.000, -9999.000, -9999.000, -9999.000, -9999.000
 18600,  0.874,  0.169,  1.394,  0.194,  0.265, 13.642
 18660,  0.861,  0.143,  1.270,  0.144,  0.290,  7.308
 18720,  0.708,  0.256,  1.158,  0.170,  0.318,  5.864
 18780,  0.811,  0.139,  1.339,  0.144,  0.274,  7.792
 18840,  0.677,  0.389,  1.560,  0.226,  0.377, 18.672
 18900,  0.639,  0.181,  1.396,  0.407,  0.296, 13.309
 18960,  0.729,  0.147,  1.230,  0.246,  0.213, 10.044
 19020,  0.641,  0.075,  1.354,  0.214,  0.299,  6.385
 19080,  0.634,  0.145,  1.274,  0.167,  0.306,  8.691
 19140,  0.797,  0.119,  1.398,  0.203,  0.293, 10.318
 19200,  0.781,  0.172,  1.264,  0.195,  0.264,  8.316
 19260,  0.678,  0.126,  1.408,  0.186,  0.267, 13.524
 19320,  0.819,  0.190,  1.354,  0.209,  0.265,  8.007
 19380,  0.504,  0.146,  1.155,  0.134,  0.261,  5.878
 19440,  0.825,  0.140,  1.087,  0.179,  0.280,  4.843
 19500,  0.730,  0.088,  1.175,  0.140,  0.268,  4.502
 19560,  0.658,  0.178,  1.385,  0.148,  0.304,  5.038
 19620,  0.750,  0.091,  1.234,  0.105,  0.284,  4.065
 19680,  0.742,  0.263,  1.267,  0.149,  0.255,  7.486
 19740,  0.806,  0.157,  1.246,  0.147,  0.245,  6.157
 19800,  0.767,  0.073,  1.234,  0.153,  0.186,  6.337
 19860,  0.657,  0.129,  1.233,  0.164,  0.303,  5.387
 19920,  0.737,  0.084,  1.178,  0.119,  0.325,  6.303
 19980,  0.739,  0.118,  1.197,  0.168,  0.209,  6.066
 20040,  0.750,  0.235,  1.316,  0.159,  0.329, 10.201
 20100,  0.853,  0.071,  1.315,  0.226,  0.239, 14.258
 20160,  0.748,  0.126,  1.205,  0.161,  0.182,  4.878
 20220,  0.759,  0.216,  1.367,  0.201,  0.317, 11.732
 20280,  0.797,  0.065,  1.196,  0.218,  0.307,  6.740
 20340,  0.723,  0.189,  1.330,  0.224,  0.319,  8.127
 20400, -9999.000, -9999.000, -9999.000, -9999.000, -9999.000, -9999.000
 20460,  0.662,  0.176,  1.389,  0.217,  0.271, 11.713
 20520,  0.698,  0.034,  1.197,  0.157,  0.258,  5.004
 20580,  0.637,  0.088,  1.277,  0.183,  0.274,  8.254
 20640,  0.678,  0.088,  1.311,  0.161,  0.350,  6.510
 20700,  0.736,  0.180,  1.456,  0.131,  0.217,  7.293
 20760,  0.706,  0.102,  1.410,  0.170,  0.242,  6.317
 20820,  0.716,  0.138,  1.387,  0.183,  0.243,  3.959
 20880,  0.736,  0.097,  1.399,  0.218,  0.215,  3.932
 20940,  0.734,  0.048,  1.394,  0.250,  0.305,  5.517
 21000,  0.765,  0.060,  1.456,  0.330,  0.354,  6.669
 21060,  0.792,  0.068,  1.368,  0.698,  0.214,  7.321
 21120,  0.700,  0.061,  1.383,  0.812,  0.274,  6.549
 21180,  0.799,  0.122,  1.560,  0.930,  0.270,  5.507
 21240,  0.634,  0.104,  1.378,  0.848,  0.198,  4.798
 21300,  0.781,  0.134,  1.318,  0.953,  0.291,  8.033
 21360,  0.738,  0.031,  1.350,  0.797,  0.216,  4.338
 21420,  0.652,  0.027,  1.173,  0.751,  0.213,  6.921
 21480,  0.635,  0.060,  1.405,  0.686,  0.202,  9.409
 21540,  0.622,  0.030,  1.220,  0.707,  0.149,  4.565
 21600,  0.695,  0.113,  1.294,  0.686,  0.161,  4.864
 21660,  0.769,  0.066,  1.304,  0.581,  0.259,  7.012
 21720,  0.701,  0.247,  1.285,  0.666,  0.205,  6.556
 21780,  0.736,  0.025,  1.547,  0.618,  0.198,  9.412
 21840,  0.632,  0.092,  1.412,  0.665,  0.250,  8.045
 21900,  0.756,  0.012,  1.365,  0.571,  0.131,  4.719
 21960,  0.655,  0.027,  1.443,  0.560,  0.160,  5.019
 22020,  0.705,  0.042,  1.356,  0.519,  0.262,  5.349
 22080,  0.698, -0.037,  1.357,  0.506,  0.182,  4.832
 22140,  0.719,  0.058,  1.400,  0.542,  0.192,  6.815
 22200,  0.712, -0.015,  1.379,  0.435,  0.188,  7.564
 22260,  0.725, -0.053,  1.273,  0.466,  0.070,  6.189
 22320,  0.743,  0.047,  1.464,  0.492,  0.083,  6.082
 22380,  0.671,  0.009,  1.547,  0.486,  0.166,  6.527
 22440,  0.688,  0.026,  1.474,  0.601,  0.227,  7.153
 22500,  0.763,  0.077,  1.419,  0.514,  0.113,  6.614
 22560,  0.625,  0.178,  1.441,  0.640,  0.117,  6.672
 22620,  0.723,  0.064,  1.294,  0.598,  0.218,  6.351
 22680,  0.653, -0.027,  1.144,  0.591,  0.186,  5.912
 22740,  0.685,  0.048,  1.287,  0.741,  0.203,  5.958
 22800,  0.707,  0.063,  1.205,  0.686,  0.179,  5.650
 22860,  0.601,  0.014,  1.380,  0.611,  0.137,  6.031
 22920,  0.923,  0.082,  1.253,  0.724,  0.132,  7.193
 22980,  0.625,  0.180,  1.299,  0.609,  0.256,  5.411
 23040,  0.620,  0.070,  1.425,  0.712,  0.236,  5.454
 23100,  0.626,  0.070,  1.253,  0.704,  0.203,  5.558
 23160,  0.569,  0.082,  1.329,  0.806,  0.165,  5.567
 23220,  0.666,  0.079,  1.331,  0.914,  0.216,  6.758
 23280,  0.563,  0.082,  1.346,  0.777,  0.222,  5.831
 23340,  0.591,  0.152,  1.276,  0.930,  0.200,  5.453
 23400,  0.614,  0.109,  1.327,  0.832,  0.260,  5.665
 23460,  0.493,  0.090,  1.447,  0.887,  0.162,  5.522
 23520,  0.593,  0.147,  1.232,  0.897,  0.209,  6.425
 23580,  0.583,  0.081,  1.326,  0.939,  0.230,  5.797
 23640,  0.614,  0.125,  1.276,  0.928,  0.240,  5.153
 23700,  0.602,  0.140,  1.178,  0.955,  0.189,  5.591
 23760,  0.582,  0.197,  1.482,  1.012,  0.159,  5.223
 23820,  0.521,  0.148,  1.272,  1.092,  0.252,  4.677
 23880,  0.455,  0.092,  1.360,  1.073,  0.252,  5.125
 23940,  0.475,  0.154,  1.435,  1.019,  0.291,  5.128
 24000,  0.629,  0.181,  1.353,  0.989,  0.314,  5.090
 24060, -9999.000, -9999.000, -9999.000, -9999.000, -9999.000, -9999.000
 24120,  0.447,  0.471,  1.348,  1.088,  0.175,  4.768
 24180,  0.561,  0.088,  1.206,  1.209,  0.248,  5.387
 24240,  0.397,  0.148,  1.398,  1.139,  0.255,  5.514
 24300,  0.506,  0.170,  1.301,  1.259,  0.204,  8.813
 24360,  0.443,  0.085,  1.785,  1.377,  0.392, 20.690
 24420,  0.669,  0.220,  1.651,  1.541,  0.388, 24.140
 24480,  0.520,  0.216,  1.593,  1.391,  0.302, 16.905
 24540,  0.655,  0.163,  1.806,  1.445,  0.335, 21.285
 24600,  0.768,  0.203,  2.079,  1.494,  0.453, 44.130
 24660,  0.608,  0.162,  1.835,  1.545,  0.394, 31.322
 24720,  0.604,  0.211,  1.660,  1.295,  0.291, 22.212
 24780,  0.592,  0.088,  1.403,  1.307,  0.256,  9.040
 24840,  0.514,  0.158,  1.454,  1.000,  0.223,  6.390
 24900,  0.629,  0.150,  1.481,  1.221,  0.185,  5.941
 24960,  0.500,  0.088,  1.500,  1.322,  0.161,  7.532
 25020,  0.527,  0.123,  1.449,  1.295,  0.281, 13.525
 25080,  0.546,  0.112,  1.484,  1.246,  0.286, 15.829
 25140,  0.468,  0.071,  1.504,  1.472,  0.204, 15.028
 25200,  0.487,  0.160,  1.466,  1.500,  0.205, 13.750
 25260,  0.369,  0.158,  1.464,  1.289,  0.256, 12.470
 25320,  0.469,  0.081,  1.441,  1.465,  0.224, 11.862
 25380,  0.444,  0.077,  1.503,  1.346,  0.220,  9.023
 25440,  0.549,  0.108,  1.605,  1.511,  0.227, 17.137
 25500,  0.395,  0.016,  1.691,  1.384,  0.283, 14.710
 25560,  0.530,  0.123,  1.489,  1.281,  0.218, 10.809
 25620,  0.472,  0.158,  1.467,  1.156,  0.217,  9.700
 25680,  0.362,  0.024,  1.517,  1.281,  0.184, 12.124
 25740,  0.491,  0.087,  1.811,  1.382,  0.164, 26.873
 25800,  0.375,  0.031,  1.501,  1.259,  0.238, 14.382
 25860,  0.548,  0.029,  1.424,  1.212,  0.151,  8.526
 25920,  0.588, -0.133,  0.812,  1.699,  0.486, 11.014
 25980,  0.580,  0.005,  1.760,  1.242,  0.222, 18.677
 26040,  0.406,  0.065,  1.371,  1.157,  0.142,  7.867
 26100,  0.318,  0.018,  1.655,  1.241,  0.171, 15.430
 26160,  0.425,  0.054,  1.562,  1.308,  0.216, 19.457
 26220,  0.380,  0.099,  1.632,  1.209,  0.182, 23.856
 26280,  0.521,  0.035,  1.498,  1.150,  0.143, 14.656
 26340,  0.507,  0.080,  1.492,  1.164,  0.195, 12.444
 26400,  0.595,  0.033,  1.386,  1.148,  0.191,  9.789
 26460,  0.392, -0.006,  1.504,  1.012,  0.164, 10.637
 26520,  0.545,  0.111,  1.442,  0.942,  0.128,  7.140
 26580,  0.521,  0.021,  1.421,  1.075,  0.219,  7.534
 26640,  0.569,  0.100,  1.459,  0.989,  0.200,  7.843
 26700,  0.434,  0.012,  1.377,  0.960,  0.165,  7.871
 26760,  0.564,  0.028,  1.538,  0.949,  0.198,  7.818
 26820,  0.520,  0.002,  1.519,  0.915,  0.203,  8.576
 26880,  0.542,  0.008,  1.565,  0.829,  0.209,  9.766
 26940,  0.563,  0.037,  1.688,  0.661,  0.239, 11.403
 27000,  0.542,  0.077,  1.704,  0.785,  0.147, 11.634
 27060,  0.527,  0.030,  1.554,  0.761,  0.193, 13.012
 27120,  0.364,  0.007,  1.714,  0.588,  0.224, 13.715
 27180,  0.566,  0.020,  1.682,  0.699,  0.189, 13.542
 27240,  0.610,  0.107,  1.572,  0.711,  0.116, 11.543
 27300,  0.541, -0.012,  1.538,  0.522,  0.161, 11.649
 27360,  0.641,  0.050,  1.593,  0.699,  0.183, 12.783
 27420,  0.481,  0.129,  1.462,  0.454,  0.187,  9.880
 27480,  0.560,  0.082,  1.429,  0.398,  0.186,  8.972
 27540,  0.663,  0.042,  1.509,  0.374,  0.135,  8.538
 27600,  0.620,  0.041,  1.531,  0.386,  0.173,  8.000
 27660,  0.638, -0.004,  1.468,  0.357,  0.149,  8.688
 27720,  0.522,  0.017,  1.699,  0.366,  0.183,  8.944
 27780, -9999.000, -9999.000, -9999.000, -9999.000, -9999.000, -9999.000
 27840,  0.603, -0.059,  1.378,  0.320,  0.161,  9.007
 27900,  0.605,  0.046,  1.578,  0.339,  0.201,  8.785
 27960,  0.569, -0.010,  1.536,  0.345,  0.223,  8.665
 28020,  0.462,  0.018,  1.476,  0.345,  0.207,  8.633
 28080,  0.644,  0.054,  1.581,  0.375,  0.129,  9.466
 28140,  0.687,  0.034,  1.611,  0.318,  0.223,  9.386
 28200,  0.509,  0.020,  1.626,  0.360,  0.219,  9.493
 28260,  0.546,  0.020,  1.504,  0.328,  0.213,  9.433
 28320,  0.601,  0.087,  1.607,  0.320,  0.130,  9.136
 28380,  0.644,  0.025,  1.562,  0.299,  0.167,  8.700
 28440,  0.655,  0.052,  1.765,  0.258,  0.211,  9.022
 28500,  0.642,  0.125,  1.528,  0.376,  0.185,  8.951
 28560,  0.562,  0.099,  1.479,  0.300,  0.161,  8.961
 28620,  0.632,  0.045,  1.526,  0.369,  0.176,  8.521
 28680,  0.620, -0.006,  1.543,  0.344,  0.209,  9.319
 28740,  0.628,  0.101,  1.562,  0.348,  0.199,  9.379
 28800,  0.628,  0.093,  1.437,  0.331,  0.168,  8.804
 28860,  0.649,  0.064,  1.436,  0.284,  0.258,  8.630
 28920,  0.513,  0.126,  1.643,  0.322,  0.199,  9.236
 28980,  0.663,  0.037,  1.469,  0.325,  0.204,  8.373
 29040,  0.685,  0.108,  1.440,  0.366,  0.160,  8.322
 29100,  0.667,  0.099,  1.450,  0.365,  0.207,  8.673
 29160,  0.704,  0.146,  1.639,  0.350,  0.255, 10.592
 29220,  0.758,  0.090,  1.678,  0.345,  0.193, 10.465
 29280,  0.690,  0.167,  1.561,  0.322,  0.165, 10.683
 29340,  0.618,  0.128,  1.559,  0.353,  0.176, 10.547
 29400,  0.693,  0.225,  1.619,  0.308,  0.192, 10.141
 29460,  0.655,  0.121,  1.579,  0.364,  0.218,  9.964
 29520,  0.602,  0.132,  1.549,  0.336,  0.254, 11.031
 29580,  0.585,  0.168,  1.495,  0.343,  0.161, 10.679
 29640,  0.963,  0.026,  1.487,  0.346,  0.274,  9.767
 29700,  0.711,  0.190,  1.518,  0.392,  0.163,  9.743
 29760,  0.645,  0.146,  1.571,  0.301,  0.212,  9.411
 29820,  0.605,  0.069,  1.558,  0.388,  0.205, 10.037
 29880,  0.551,  0.115,  1.468,  0.317,  0.144, 10.090
 29940,  0.591,  0.104,  1.599,  0.350,  0.234, 11.821
 30000,  0.582,  0.106,  1.502,  0.437,  0.242, 11.569
 30060,  0.600,  0.160,  1.521,  0.290,  0.207, 10.648
 30120,  0.714,  0.131,  1.503,  0.349,  0.106,  8.963
 30180,  0.703,  0.111,  1.539,  0.325,  0.198,  8.203
 30240,  0.548,  0.094,  1.454,  0.364,  0.245,  9.084
 30300,  0.579,  0.058,  1.444,  0.334,  0.188, 10.099
 30360,  0.597,  0.099,  1.378,  0.291,  0.131,  8.779
 30420,  0.604,  0.114,  1.562,  0.245,  0.205,  9.386
 30480,  0.641,  0.004,  1.403,  0.259,  0.223,  8.412
 30540,  0.504,  0.128,  1.462,  0.272,  0.212,  8.371
 30600,  0.675,  0.043,  1.547,  0.266,  0.149,  8.683
 30660,  0.569,  0.078,  1.469,  0.233,  0.203,  8.887
 30720,  0.567,  0.030,  1.413,  0.191,  0.191,  8.563
 30780,  0.504,  0.110,  1.396,  0.282,  0.190,  8.697
 30840,  0.587,  0.004,  1.465,  0.263,  0.189,  8.736
 30900,  0.529,  0.040,  1.507,  0.264,  0.205,  8.494
 30960,  0.499,  0.106,  1.609,  0.249,  0.219,  8.345
 31020,  0.462,  0.113,  1.499,  0.213,  0.182,  8.546
 31080,  0.515,  0.065,  1.596,  0.239,  0.165,  8.810
 31140,  0.460,  0.081,  1.383,  0.228,  0.194,  8.584
 31200,  0.517,  0.052,  1.351,  0.309,  0.232,  9.130
 31260,  0.483, -0.001,  1.633,  0.310,  0.171,  8.922
 31320,  0.457, -0.025,  1.514,  0.291,  0.172,  9.052
 31380,  0.534, -0.000,  1.296,  0.332,  0.225,  8.119
 31440,  0.319,  0.018,  1.680,  0.273,  0.206,  7.371
 31500,  0.241, -0.123,  1.621,  0.516,  0.075,  8.392
 31560,  0.451,  0.064,  1.496,  0.345,  0.189,  7.851
 31620,  0.567,  0.027,  1.774,  0.333,  0.180,  7.489
 31680,  0.411,  0.153,  1.561,  0.296,  0.216,  6.906
 31740,  0.463,  0.026,  1.514,  0.326,  0.225,  7.794
 31800,  0.519,  0.123,  1.470,  0.336,  0.219,  8.966
 31860,  0.474,  0.029,  1.455,  0.295,  0.219,  7.862
 31920,  0.584,  0.048,  1.558,  0.290,  0.182,  7.509
 31980,  0.498,  0.064,  1.371,  0.227,  0.257,  7.591
 32040,  0.459,  0.078,  1.522,  0.384,  0.235,  7.776
 32100,  0.587,  0.096,  1.617,  0.315,  0.180,  7.809
 32160,  0.496,  0.024,  1.408,  0.370,  0.133,  7.622
 32220,  0.474,  0.061,  1.451,  0.306,  0.194,  8.114
 32280,  0.528,  0.066,  1.458,  0.350,  0.218,  7.467
 32340,  0.580,  0.041,  1.346,  0.410,  0.182,  8.194
 32400,  0.525,  0.030,  1.499,  0.392,  0.148,  7.728
 32460,  0.505,  0.105,  1.447,  0.414,  0.213,  8.069
 32520,  0.542,  0.119,  1.355,  0.377,  0.245,  7.999
 32580,  0.405,  0.063,  1.415,  0.341,  0.122,  8.235
 32640,  0.550,  0.043,  1.442,  0.265,  0.178,  8.319
 32700,  0.520,  0.093,  1.355,  0.301,  0.221,  7.546
 32760,  0.512,  0.118,  1.377,  0.313,  0.187,  7.882
 32820,  0.529,  0.091,  1.306,  0.332,  0.105,  8.274
 32880,  0.636,  0.032,  1.524,  0.291,  0.132,  8.540
 32940,  0.514,  0.088,  1.505,  0.288,  0.194,  8.249
 33000,  0.466,  0.139,  1.456,  0.252,  0.159,  7.947
 33060,  0.558,  0.096,  1.465,  0.278,  0.153,  8.266
 33120,  0.601,  0.076,  1.537,  0.309,  0.169,  8.650
 33180,  0.516,  0.156,  1.506,  0.246,  0.158,  8.429
 33240,  0.454,  0.146,  1.428,  0.238,  0.189,  8.659
 33300,  0.668,  0.191,  1.243,  0.296,  0.146,  8.009
 33360,  0.546,  0.163,  1.293,  0.193,  0.163,  7.664
 33420,  0.477,  0.110,  1.307,  0.223,  0.186,  6.864
 33480,  0.452,  0.126,  1.351,  0.210,  0.147,  6.755
 33540,  0.442,  0.070,  1.418,  0.183,  0.107,  6.980
 33600,  0.615,  0.108,  1.373,  0.234,  0.080,  7.122
 33660,  0.544,  0.074,  1.465,  0.256,  0.169,  6.539
 33720,  0.586,  0.122,  1.389,  0.191,  0.169,  7.187
 33780,  0.529,  0.141,  1.418,  0.224,  0.091,  6.967
 33840,  0.527,  0.085,  1.361,  0.229,  0.158,  7.214
 33900,  0.551,  0.044,  1.408,  0.192,  0.166,  6.748
 33960,  0.589,  0.113,  1.402,  0.184,  0.119,  7.174
 34020,  0.669,  0.066,  1.419,  0.214,  0.140,  7.428
 34080,  0.570,  0.063,  1.555,  0.252,  0.113,  7.461
 34140,  0.540,  0.117,  1.398,  0.237,  0.151,  8.121
 34200,  0.562,  0.041,  1.415,  0.230,  0.122,  9.125
 34260,  0.581,  0.098,  1.370,  0.227,  0.110,  8.170
 34320,  0.617,  0.052,  1.382,  0.208,  0.126,  7.490
 34380,  0.576, -0.035,  1.387,  0.185,  0.180,  7.721
 34440,  0.598,  0.096,  1.331,  0.138,  0.146,  7.443
 34500,  0.566, -0.011,  1.377,  0.225,  0.087,  7.538
 34560,  0.511, -0.017,  1.286,  0.201,  0.068,  7.980
