CampaignData_and_Merges/R0/CSL_MobileLab_Parked/raw/20240730/USOS-PTR_MobileLabGround_20240730_R0.ict
58, 1001
Matthew Coggon, Kelvin Bates, Chelsea Stockwell, Carsten Warneke
NOAA ESRL Chemical Sciences Division
NOAA PTR-ToF-MS
USOS
1,1 
2024, 07, 30, 2025, 09, 19
0
Time_Start, seconds, number of seconds from 00:00 UTC 
22
1, 1, 1, 1, 1, 1, 1, 1, 1, 1, 1, 1, 1, 1, 1, 1, 1, 1, 1, 1, 1, 1
-9999, -9999, -9999, -9999, -9999, -9999, -9999, -9999, -9999, -9999, -9999, -9999, -9999, -9999, -9999, -9999, -9999, -9999, -9999, -9999, -9999, -9999
CH3OH_NOAAPTR_ppbv,  ppbv, Gas_CH3OH_InSitu_S_AVMR, (CH3OH) methanol
CH3CN_NOAAPTR_ppbv,  ppbv, Gas_CH3CN_InSitu_S_AVMR, (CH3CN) acetonitrile
CH3CHO_NOAAPTR_ppbv,  ppbv, Gas_CH3CHO_InSitu_S_AVMR, (CH3CHO) acetaldehyde plus contributions from ethylene glycol and ethylene oxide. Interference from ethanol has been subtracted out.
C2H5OH_NOAAPTR_ppbv,  ppbv, Gas_C2H5OH_InSitu_S_AVMR, (C2H5OH) ethanol
CH3SH_NOAAPTR_ppbv,  ppbv, Gas_CH3SH_InSitu_S_AVMR, (CH3SH) methanethiol, using calibration factor for DMS
Acrolein_NOAAPTR_ppbv,  ppbv, Gas_Acrolein_InSitu_S_AVMR, (C3H4O) acrolein
AcetonePropanal_NOAAPTR_ppbv,  ppbv, Gas_AcetoneAndPropanal_InSitu_S_AVMR, (C3H6O) sum of acetone (dominant isomer) and propanal, using calibration factor for acetone
DMS_NOAAPTR_ppbv,  ppbv, Gas_DMS_InSitu_S_AVMR, (C2H6S) dimethyl sulfide with possible small contributions from ethanethiol
C5H8_NOAAPTR_ppbv,  ppbv, Gas_Isoprene_InSitu_S_AVMR, (C5H8) isoprene and possible fragments from cycloalkanes and aldehydes. Interferences have been subtracted following methods described by Coggon et al (2023)
MVKMAC_NOAAPTR_ppbv,  ppbv, Gas_MVKAndMAC_InSitu_S_AVMR, (C4H6O) sum of methyl vinyl ketone, methacrolein, and small amounts of crotonaldehyde, using weighted calibration factor for MVK (0.637) and MACR (0.363)
Benzene_NOAAPTR_ppbv,  ppbv, Gas_Benzene_InSitu_S_AVMR, (C6H6) benzene
Toluene_NOAAPTR_ppbv,  ppbv, Gas_Toluene_InSitu_S_AVMR, (C7H8) toluene with possible small contributions of fragments from ethyltoluene
Styrene_NOAAPTR_ppbv,  ppbv, Gas_Styrene_InSitu_S_AVMR, (C8H8) styrene
Benzaldehyde_NOAAPTR_ppbv,  ppbv, Gas_Benzaldehyde_InSitu_S_AVMR, (C7H6O) benzaldehyde
C8Aromatics_NOAAPTR_ppbv,  ppbv, Gas_C8Aromatics_InSitu_M_AVMR, (C8H10) sum of m-xylene, p-xylene, o-xylene, and ethyl benzene
C9Aromatics_NOAAPTR_ppbv,  ppbv, Gas_C9Aromatics_InSitu_M_AVMR, (C9H12) sum of C9 aromatics
Naphthalene_NOAAPTR_ppbv,  ppbv, Gas_Naphthalene_InSitu_S_AVMR, (C10H8) naphthalene
Octanal_NOAAPTR_ppbv,  ppbv, Gas_Octanal_InSitu_S_AVMR, (C8H16O) octanal and small amounts of octanone
Monoterpenes_NOAAPTR_ppbv,  ppbv, Gas_Monoterpenes_InSitu_M_AVMR, (C10H16) sum of monoterpenes and possible contributions from fragments of oxygenated monoterpenoids such as eucalyptol.
Nonanal_NOAAPTR_ppbv,  ppbv, Gas_Nonanal_InSitu_M_AVMR, (C9H18O) nonanal and small amounts of nonanone
C7H4ClF3_NOAAPTR_ppbv,  ppbv, Gas_C7H4ClF3_InSitu_S_AVMR, (C7H4ClF3) parachlorobenzotrifluoride
C10H30O5Si5_NOAAPTR_ppbv,  ppbv, Gas_C10H30O5Si5_InSitu_S_AVMR, (C10H30O5Si5) decamethylcyclopentasiloxane
1
SPECIAL COMMENTS:N/A
21
PI_CONTACT_INFO: NOAA ESRL Chemical Sciences Division, Tropospheric Chemistry Group. 325 Broadway, R/CSD7, Boulder, CO 80305
PLATFORM: Mobile Laboratory.
LOCATION: Salt Lake City, UT
ASSOCIATED_DATA: N/A
INSTRUMENT_INFO: NOAA PTR-ToF-MS measurements on NOAA CSL Mobile Lab
DATA_INFO: Units: ppbv
UNCERTAINTY: See OTHER_COMMENTS
ULOD_FLAG: -7777
ULOD_VALUE: N/A
LLOD_FLAG: -8888
LLOD_VALUE: N/A.
DM_CONTACT_INFO: Data Managers: Matt Coggon, Kelvin Bates, Chelsea Stockwell; email: matthew.m.coggon@noaa.gov and kelvin.bates@colorado.edu
PROJECT_INFO: USOS Deployment July-August, 2024
STIPULATIONS_ON_USE: Use of these data require prior OK from PI.
OTHER_COMMENTS: Uncertainties:
CH3OH_NOAAPTR_ppbv:30%; CH3CN_NOAAPTR_ppbv:30%; CH3CHO_NOAAPTR_ppbv:30%; C2H5OH_NOAAPTR_ppbv:30%; CH3SH_NOAAPTR_ppbv:50%; Acrolein_NOAAPTR_ppbv:30%; AcetonePropanal_NOAAPTR_ppbv:30%; DMS_NOAAPTR_ppbv:30%; C5H8_NOAAPTR_ppbv:30%; MVKMAC_NOAAPTR_ppbv:30%; 
Benzene_NOAAPTR_ppbv:30%; Toluene_NOAAPTR_ppbv:30%; Styrene_NOAAPTR_ppbv:30%; Benzaldehyde_NOAAPTR_ppbv:30%; C8Aromatics_NOAAPTR_ppbv:30%; C9Aromatics_NOAAPTR_ppbv:30%; Naphthalene_NOAAPTR_ppbv:30%; Octanal_NOAAPTR_ppbv:30%; Monoterpenes_NOAAPTR_ppbv:30%; Nonanal_NOAAPTR_ppbv:30%; 
C7H4ClF3_NOAAPTR_ppbv:30%; C10H30O5Si5_NOAAPTR_ppbv:30%; 
REVISION: R0
R0: Calibrated PTR Data. See individual species comments for details about measurement uncertainties
Time_Start, CH3OH_NOAAPTR_ppbv, CH3CN_NOAAPTR_ppbv, CH3CHO_NOAAPTR_ppbv, C2H5OH_NOAAPTR_ppbv, CH3SH_NOAAPTR_ppbv, Acrolein_NOAAPTR_ppbv, AcetonePropanal_NOAAPTR_ppbv, DMS_NOAAPTR_ppbv, C5H8_NOAAPTR_ppbv, MVKMAC_NOAAPTR_ppbv, Benzene_NOAAPTR_ppbv, Toluene_NOAAPTR_ppbv, Styrene_NOAAPTR_ppbv, Benzaldehyde_NOAAPTR_ppbv, C8Aromatics_NOAAPTR_ppbv, C9Aromatics_NOAAPTR_ppbv, Naphthalene_NOAAPTR_ppbv, Octanal_NOAAPTR_ppbv, Monoterpenes_NOAAPTR_ppbv, Nonanal_NOAAPTR_ppbv, C7H4ClF3_NOAAPTR_ppbv, C10H30O5Si5_NOAAPTR_ppbv
[from data line 295]
17700.0, 5.12181, 0.28814, 1.03357, 2.17395, 0.00084, 0.12109, 2.28227, -0.00035, 0.53338, 0.40013, 0.09062, 0.13915, 0.01814, 0.00832, 0.08139, 0.03994, 0.01095, 0.01592, 0.10545, 0.02752, 0.00571, 0.00152 
17760.0, 5.15039, 0.27124, 1.05999, 2.03262, -0.00066, 0.14734, 2.28749, 0.00679, 0.50369, 0.39657, 0.11986, 0.17547, 0.01889, -0.00032, 0.09848, 0.05190, 0.00115, 0.02116, 0.11202, 0.01818, 0.00619, 0.00461 
17820.0, 5.45413, 0.28039, 0.99373, 2.15846, 0.00026, 0.11583, 2.32340, -0.00036, 0.49884, 0.36880, 0.08910, 0.12294, 0.00085, -0.00032, 0.07362, 0.02670, -0.00094, 0.01080, 0.10346, 0.01051, 0.00289, 0.00485 
17880.0, 4.87749, 0.29267, 1.00820, 2.61507, 0.00315, 0.14681, 2.30704, -0.00036, 0.53000, 0.37683, 0.05361, 0.12724, 0.01745, -0.00032, 0.06715, 0.03046, -0.00094, 0.02618, 0.08830, 0.02621, 0.00834, 0.00250 
17940.0, 5.14361, 0.27762, 1.07630, 2.04245, 0.00248, 0.12677, 2.27805, 0.00522, 0.50326, 0.36521, 0.09664, 0.14471, -0.00139, 0.00792, 0.08233, 0.03363, 0.00567, 0.00339, 0.12132, 0.01729, 0.00845, 0.00403 
18000.0, 4.39716, 0.28013, 0.96342, 1.64847, -0.00025, 0.12136, 2.32200, -0.00036, 0.46814, 0.35744, 0.04820, 0.11233, 0.00974, -0.00031, 0.07156, 0.02613, -0.00094, 0.01951, 0.09882, 0.02255, 0.00104, 0.00098 
18060.0, 4.99912, 0.27086, 1.03856, 2.15417, 0.00154, 0.13009, 2.37615, 0.01175, 0.45776, 0.37222, 0.06789, 0.14944, 0.00197, -0.00031, 0.07975, 0.03122, 0.01672, 0.01013, 0.12542, 0.03582, 0.01007, 0.00431 
18120.0, 4.28725, 0.27127, 0.97025, 2.10671, 0.00036, 0.10530, 2.33323, -0.00036, 0.45147, 0.39034, 0.14462, 0.12906, 0.01036, 0.00288, 0.07095, 0.02427, -0.00094, 0.01780, 0.09537, 0.02658, 0.00336, 0.00147 
18180.0, 5.29335, 0.31415, 1.01723, 1.89573, -0.00095, 0.10334, 2.34832, -0.00036, 0.48252, 0.38043, 0.10032, 0.12314, 0.01613, 0.01623, 0.06684, 0.01854, 0.01071, 0.00954, 0.10350, 0.02984, 0.00510, 0.00362 
18240.0, 5.44440, 0.29583, 1.03306, 2.04936, 0.00121, 0.11803, 2.25283, -0.00037, 0.47323, 0.38054, 0.15088, 0.15067, 0.01720, 0.02454, 0.07835, 0.03251, 0.00367, 0.02782, 0.10133, 0.02677, 0.00193, 0.00328 
18300.0, 5.89575, 0.27383, 0.95490, 1.65079, 0.00179, 0.09524, 2.31308, -0.00037, 0.48390, 0.37991, 0.11998, 0.14594, 0.00596, 0.00553, 0.08584, 0.02542, 0.00382, 0.00418, 0.09049, 0.02652, 0.00613, 0.00121 
18360.0, 4.85433, 0.27575, 0.94035, 2.23334, 0.00022, 0.11720, 2.30220, -0.00037, 0.44840, 0.37635, 0.10320, 0.15730, 0.01265, -0.00031, 0.09631, 0.04677, 0.00086, 0.01373, 0.09400, 0.03810, 0.00571, 0.00588 
18420.0, 4.95726, 0.29658, 0.95577, 2.17976, 0.00091, 0.13526, 2.27323, 0.00515, 0.45917, 0.36153, 0.06261, 0.13830, 0.01422, -0.00031, 0.06572, 0.02007, -0.00094, 0.00664, 0.08889, 0.03056, 0.00487, 0.00224 
18480.0, 5.89722, 0.28001, 0.98940, 1.98388, -0.00020, 0.11759, 2.26496, -0.00037, 0.42767, 0.36750, 0.06615, 0.11016, 0.01319, -0.00031, 0.06658, 0.02417, -0.00093, 0.00434, 0.09719, 0.02604, 0.00424, 0.00368 
18540.0, 4.43201, 0.26303, 0.97989, 1.71431, 0.00136, 0.11076, 2.32152, 0.00669, 0.43046, 0.35379, 0.04364, 0.12813, -0.00137, -0.00031, 0.05303, 0.02224, 0.00543, 0.00779, 0.08783, 0.01979, 0.00704, 0.00349 
18600.0, 5.70731, 0.27479, 1.04826, 2.09925, 0.00004, 0.13209, 2.26867, -0.00037, 0.46804, 0.37003, 0.12578, 0.16880, 0.00094, 0.00186, 0.09512, 0.04270, -0.00093, 0.00674, 0.11891, 0.03420, 0.00187, 0.00203 
18660.0, 5.07661, 0.28438, 1.01460, 2.62678, 0.00153, 0.14273, 2.31543, 0.01201, 0.41277, 0.37356, 0.14373, 0.22437, 0.01699, 0.00858, 0.15233, 0.06290, 0.00828, 0.01316, 0.09476, 0.02277, 0.00004, 0.00214 
18720.0, 5.38908, 0.29157, 0.97435, 2.07877, 0.00207, 0.13658, 2.23734, -0.00038, 0.43382, 0.36721, 0.08779, 0.14515, 0.01234, -0.00030, 0.07972, 0.03189, 0.00056, 0.01479, 0.11419, 0.03112, 0.00560, 0.00168 
18780.0, 4.75566, 0.29205, -9999.00000, 2.20756, 0.00227, 0.14608, 2.23346, 0.00162, -9999.00000, 0.36762, 0.05658, 0.12473, -0.00137, 0.00729, 0.06353, 0.02890, 0.00272, 0.02058, 0.08258, 0.02828, 0.00788, 0.00296 
18840.0, -9999.00000, -9999.00000, -9999.00000, -9999.00000, -9999.00000, -9999.00000, -9999.00000, -9999.00000, -9999.00000, -9999.00000, -9999.00000, -9999.00000, -9999.00000, -9999.00000, -9999.00000, -9999.00000, -9999.00000, -9999.00000, -9999.00000, -9999.00000, -9999.00000, -9999.00000 
18900.0, -9999.00000, -9999.00000, -9999.00000, -9999.00000, -9999.00000, -9999.00000, -9999.00000, -9999.00000, -9999.00000, -9999.00000, -9999.00000, -9999.00000, -9999.00000, -9999.00000, -9999.00000, -9999.00000, -9999.00000, -9999.00000, -9999.00000, -9999.00000, -9999.00000, -9999.00000 
18960.0, -9999.00000, -9999.00000, -9999.00000, -9999.00000, -9999.00000, -9999.00000, -9999.00000, -9999.00000, -9999.00000, -9999.00000, -9999.00000, -9999.00000, -9999.00000, -9999.00000, -9999.00000, -9999.00000, -9999.00000, -9999.00000, -9999.00000, -9999.00000, -9999.00000, -9999.00000 
19020.0, -9999.00000, -9999.00000, -9999.00000, -9999.00000, -9999.00000, -9999.00000, -9999.00000, -9999.00000, -9999.00000, -9999.00000, -9999.00000, -9999.00000, -9999.00000, -9999.00000, -9999.00000, -9999.00000, -9999.00000, -9999.00000, -9999.00000, -9999.00000, -9999.00000, -9999.00000 
19080.0, -9999.00000, -9999.00000, -9999.00000, -9999.00000, -9999.00000, -9999.00000, -9999.00000, -9999.00000, -9999.00000, -9999.00000, -9999.00000, -9999.00000, -9999.00000, -9999.00000, -9999.00000, -9999.00000, -9999.00000, -9999.00000, -9999.00000, -9999.00000, -9999.00000, -9999.00000 
19140.0, -9999.00000, -9999.00000, -9999.00000, -9999.00000, -9999.00000, -9999.00000, -9999.00000, -9999.00000, -9999.00000, -9999.00000, -9999.00000, -9999.00000, -9999.00000, -9999.00000, -9999.00000, -9999.00000, -9999.00000, -9999.00000, -9999.00000, -9999.00000, -9999.00000, -9999.00000 
19200.0, -9999.00000, -9999.00000, -9999.00000, -9999.00000, -9999.00000, -9999.00000, -9999.00000, -9999.00000, -9999.00000, -9999.00000, -9999.00000, -9999.00000, -9999.00000, -9999.00000, -9999.00000, -9999.00000, -9999.00000, -9999.00000, -9999.00000, -9999.00000, -9999.00000, -9999.00000 
19260.0, -9999.00000, -9999.00000, -9999.00000, -9999.00000, -9999.00000, -9999.00000, -9999.00000, -9999.00000, -9999.00000, -9999.00000, -9999.00000, -9999.00000, -9999.00000, -9999.00000, -9999.00000, -9999.00000, -9999.00000, -9999.00000, -9999.00000, -9999.00000, -9999.00000, -9999.00000 
19320.0, -9999.00000, -9999.00000, -9999.00000, -9999.00000, -9999.00000, -9999.00000, -9999.00000, -9999.00000, -9999.00000, -9999.00000, -9999.00000, -9999.00000, -9999.00000, -9999.00000, -9999.00000, -9999.00000, -9999.00000, -9999.00000, -9999.00000, -9999.00000, -9999.00000, -9999.00000 
19380.0, -9999.00000, -9999.00000, -9999.00000, -9999.00000, -9999.00000, -9999.00000, -9999.00000, -9999.00000, -9999.00000, -9999.00000, -9999.00000, -9999.00000, -9999.00000, -9999.00000, -9999.00000, -9999.00000, -9999.00000, -9999.00000, -9999.00000, -9999.00000, -9999.00000, -9999.00000 
19440.0, 4.99135, -9999.00000, -9999.00000, 1.89612, -0.00019, 0.14630, 2.49114, 0.00673, -9999.00000, 0.38654, -9999.00000, 0.14176, 0.01797, -9999.00000, 0.08070, 0.04954, -9999.00000, 0.01773, 0.10496, 0.02212, 0.00558, 0.00202 
19500.0, 4.74707, 0.30257, 0.89400, 1.97806, 0.00079, 0.13692, 2.52289, -0.00036, 0.32005, 0.35001, 0.05418, 0.16120, 0.01510, 0.00554, 0.08249, 0.03915, 0.00403, 0.01009, 0.10366, 0.03613, 0.01057, 0.00440 
19560.0, 5.23997, 0.28317, 0.97406, 1.94579, 0.00386, 0.13912, 2.40606, -0.00036, 0.35041, 0.32302, 0.10860, 0.15352, 0.01923, 0.00852, 0.07304, 0.03563, 0.00721, 0.01335, 0.08395, 0.01577, 0.00468, 0.00536 
19620.0, 4.93899, 0.28426, 0.97278, 2.09597, 0.00436, 0.12624, 2.34160, -0.00036, 0.37630, 0.33697, 0.09998, 0.15795, 0.01054, -0.00029, 0.06591, 0.01920, -0.00093, 0.00491, 0.09168, 0.01780, 0.00150, 0.00451 
19680.0, 4.28909, 0.27260, 0.86966, 1.89089, 0.00003, 0.10783, 2.17628, -0.00036, 0.37156, 0.32769, 0.08909, 0.10249, 0.01603, -0.00029, 0.06639, 0.02908, -0.00093, 0.00303, 0.09907, 0.01975, 0.00361, 0.00199 
19740.0, 4.54243, 0.26868, 0.94736, 1.84384, 0.00135, 0.11843, 2.24295, -0.00035, 0.35684, 0.32596, 0.07936, 0.13711, 0.00305, -0.00029, 0.06453, 0.01701, 0.00865, 0.01496, 0.09527, 0.02743, 0.00355, 0.00257 
19800.0, 5.01050, 0.29455, 0.99611, 2.50602, 0.00411, 0.16001, 2.29817, -0.00035, 0.35451, 0.34234, 0.13137, 0.16043, 0.01442, -0.00029, 0.07108, 0.03697, -0.00093, 0.01449, 0.11793, 0.02331, 0.00868, 0.00502 
19860.0, 4.63799, 0.32056, 1.00453, 2.16403, 0.00303, 0.13769, 2.28756, -0.00035, 0.32484, 0.34441, 0.13862, 0.18563, -0.00029, -0.00029, 0.10664, 0.03786, 0.00030, 0.02436, 0.10964, 0.02651, 0.00805, 0.00381 
19920.0, 5.15076, 0.27832, 0.94555, 2.34991, 0.00408, 0.12118, 2.28186, -0.00035, 0.32547, 0.33321, 0.11331, 0.12596, 0.00659, -0.00029, 0.06824, 0.02580, 0.01677, 0.02865, 0.10892, 0.01970, 0.00747, 0.00344 
19980.0, 4.29275, 0.28606, 1.05373, 1.80864, -0.00096, 0.11422, 2.23984, -0.00034, 0.34537, 0.33314, 0.08681, 0.13338, 0.01049, -0.00029, 0.07606, 0.02808, -0.00093, 0.01302, 0.10682, 0.01511, 0.00705, 0.00461 
20040.0, 5.35252, 0.31067, 1.04745, 2.60957, 0.00501, 0.12841, 2.31795, 0.00192, 0.33463, 0.31183, 0.06092, 0.13783, 0.00364, -0.00029, 0.08080, 0.02453, -0.00093, 0.01599, 0.11788, 0.01412, 0.01013, 0.00510 
20100.0, 4.33425, 0.26823, 0.93965, 2.03681, 0.00207, 0.13059, 2.21282, -0.00034, 0.29759, 0.30394, 0.04654, 0.13240, 0.01541, -0.00029, 0.07912, 0.04108, 0.00313, 0.01670, 0.13456, 0.01339, 0.00472, 0.00728 
20160.0, 4.43849, 0.27001, 0.90343, 1.75733, 0.00421, 0.13235, 2.24775, 0.00146, 0.36538, 0.31363, 0.07265, 0.13170, -0.00050, -0.00029, 0.08328, 0.02774, 0.00084, 0.01169, 0.09528, 0.02058, 0.01039, 0.00493 
20220.0, 5.01218, 0.29174, 1.11589, 2.42188, 0.00526, 0.15479, 2.25169, 0.00623, 0.31447, 0.32005, 0.07363, 0.12302, 0.00174, -0.00029, 0.08541, 0.03985, -0.00093, 0.00615, 0.11970, 0.02459, 0.00351, 0.00472 
20280.0, 6.14732, 0.28529, 1.10589, 2.39919, 0.00186, 0.13410, 2.26846, -0.00033, 0.31262, 0.33652, 0.11346, 0.19554, 0.00038, -0.00029, 0.11030, 0.04176, 0.00430, 0.00908, 0.10774, 0.03614, 0.00504, 0.00290 
20340.0, 4.26281, 0.26532, 0.92376, 2.19577, 0.00513, 0.12968, 2.21563, -0.00033, 0.30489, 0.31953, 0.04561, 0.13453, 0.01059, -0.00029, 0.06994, 0.03290, -0.00093, 0.01295, 0.08854, 0.02406, 0.00146, 0.00213 
20400.0, 4.72916, 0.28318, 1.02692, 2.36734, -0.00041, 0.09937, 2.23963, -0.00033, 0.29934, 0.30935, 0.11856, 0.29746, 0.01599, 0.00517, 0.12165, 0.04393, 0.01761, 0.02303, 0.09889, 0.03122, 0.00330, 0.00575 
20460.0, 5.06180, 0.30137, 0.95254, 2.31069, 0.00303, 0.12723, 2.26015, -0.00033, 0.35332, 0.31234, 0.13436, 0.25900, -0.00142, 0.01042, 0.10391, 0.04617, 0.00835, 0.02014, 0.12501, 0.01659, 0.00612, 0.00273 
20520.0, 5.01514, 0.27959, 1.00889, 2.39061, 0.00384, 0.11851, 2.23740, -0.00032, 0.30299, 0.32651, 0.09716, 0.12546, 0.01246, -0.00029, 0.05919, 0.03832, -0.00093, 0.00683, 0.11025, 0.03720, 0.00154, 0.00294 
20580.0, 4.37472, 0.29135, 1.04802, 2.69511, 0.00312, 0.12769, 2.25341, -0.00032, 0.26035, 0.30356, 0.06053, 0.13405, 0.02065, -0.00029, 0.08800, 0.03007, -0.00016, 0.01422, 0.11160, 0.01234, -0.00041, 0.00167 
20640.0, 4.44363, 0.29358, 0.91734, 1.95486, 0.00346, 0.10985, 2.18212, -0.00032, 0.28309, 0.30895, 0.09258, 0.14055, 0.00723, 0.02814, 0.07171, 0.03230, 0.00619, 0.01190, 0.09627, 0.02799, 0.01227, 0.00122 
20700.0, 4.64960, 0.27647, 0.93564, 2.97934, -0.00096, 0.10857, 2.26462, -0.00032, 0.29838, 0.30621, 0.13201, 0.41760, 0.01780, -0.00029, 0.25327, 0.08991, -0.00093, 0.01211, 0.11737, 0.03774, 0.01816, 0.00498 
20760.0, 5.30088, 0.28868, 1.13690, 2.65778, 0.01177, 0.13110, 2.41872, 0.00108, 0.29185, 0.33284, 0.05230, 0.22769, 0.01629, -0.00029, 0.09433, 0.03549, -0.00093, 0.01594, 0.11764, 0.02445, 0.00418, 0.00253 
20820.0, 4.52484, 0.26373, 0.96411, 2.57344, 0.00341, 0.11569, 2.31936, 0.00272, 0.31121, 0.30357, 0.14099, 0.37096, 0.02258, -0.00028, 0.21016, 0.08013, -0.00093, 0.01093, 0.11475, 0.02618, 0.00948, 0.00199 
20880.0, 5.38699, 0.26893, 1.06266, 3.53593, 0.00337, 0.12749, 2.37307, 0.00245, 0.30302, 0.32318, 0.12180, 0.30735, -0.00143, -0.00028, 0.16814, 0.06830, 0.00210, 0.02083, 0.08209, 0.03184, 0.00591, 0.00930 
20940.0, 5.54622, 0.30081, 1.13072, 3.39475, 0.00628, 0.11962, 2.40347, -0.00031, 0.31350, 0.30588, 0.11926, 0.25163, 0.00749, 0.00397, 0.15613, 0.05595, 0.00705, 0.01410, 0.09292, 0.03146, 0.00650, 0.00627 
21000.0, 7.05604, 0.27547, 1.29160, 3.76520, 0.00591, 0.16101, 2.66539, 0.00265, 0.31460, 0.30568, 0.18204, 0.31569, -0.00144, 0.00362, 0.18551, 0.07397, -0.00093, 0.02017, 0.09099, 0.04543, 0.00380, 0.00546 
21060.0, 9.24483, 0.27292, 1.66470, 3.98281, 0.00234, 0.15417, 2.59782, -0.00030, 0.31781, 0.32416, 0.18337, 0.31245, 0.03281, 0.01433, 0.22238, 0.09300, 0.00414, 0.02186, 0.11479, 0.04346, 0.00751, 0.00754 
21120.0, 9.53081, 0.29165, 1.67720, 4.71894, 0.00217, 0.16390, 2.64916, -0.00030, 0.30228, 0.29548, 0.17036, 0.32555, 0.02231, -0.00028, 0.22804, 0.08822, -0.00093, 0.03214, 0.11190, 0.03451, 0.00679, 0.00872 
21180.0, 9.26101, 0.27679, 1.57425, 3.73356, 0.00035, 0.16242, 2.46494, -0.00030, 0.28360, 0.27891, 0.15942, 0.30272, 0.04238, -0.00028, 0.20066, 0.07112, 0.00595, 0.03044, 0.11578, 0.04058, 0.00717, 0.00563 
21240.0, 10.04424, 0.30818, 1.70643, 3.93512, 0.00069, 0.14369, 2.59126, -0.00030, 0.32249, 0.31046, 0.15478, 0.31857, 0.02423, 0.00853, 0.19665, 0.08159, -0.00093, 0.03201, 0.10765, 0.04556, 0.01558, 0.00686 
21300.0, 9.50734, 0.28596, 1.74575, 4.54519, 0.00391, 0.18025, 2.60576, -0.00029, 0.26961, 0.32659, 0.15469, 0.40329, 0.03668, -0.00028, 0.24008, 0.09558, -0.00093, 0.02240, 0.13169, 0.04291, 0.00508, 0.01150 
21360.0, 8.96073, 0.28627, 1.63376, 4.25904, 0.00412, 0.19818, 2.60177, -0.00029, 0.34653, 0.27820, 0.14632, 0.36567, 0.00696, -0.00028, 0.25134, 0.07943, 0.01017, 0.00748, 0.08795, 0.04237, 0.01295, 0.00390 
21420.0, 6.96355, 0.25912, 1.63586, 4.61573, 0.00174, 0.17683, 2.52333, -0.00029, 0.31240, 0.30499, 0.15256, 0.33744, 0.02744, -0.00028, 0.22629, 0.07829, -0.00092, 0.02655, 0.12354, 0.05161, 0.01990, 0.00890 
21480.0, 7.42507, 0.26574, 1.54376, 3.86880, 0.00367, 0.17449, 2.51373, -0.00029, 0.34964, 0.30320, 0.14646, 0.35475, 0.03557, -0.00028, 0.23132, 0.07600, -0.00092, 0.01687, 0.10376, 0.05362, 0.05451, 0.00567 
21540.0, 7.13126, 0.27711, 1.66057, 4.55782, 0.00032, 0.17220, 2.62047, 0.00722, 0.26029, 0.30538, 0.16495, 0.34643, 0.02871, -0.00028, 0.21730, 0.08414, 0.00507, 0.02297, 0.10152, 0.04926, 0.02583, 0.00711 
21600.0, 7.85119, 0.28916, 1.61503, 3.87229, 0.00420, 0.17803, 2.57464, -0.00028, 0.32090, 0.28458, 0.13871, 0.35110, 0.03167, -0.00028, 0.21122, 0.08205, 0.00053, 0.02767, 0.10542, 0.02575, 0.00918, 0.00949 
21660.0, 6.27411, 0.28005, 1.62903, 4.55279, -0.00085, 0.19077, 2.57246, 0.00103, 0.29816, 0.29664, 0.17868, 0.36709, 0.05232, -0.00028, 0.23405, 0.09444, 0.00609, 0.02606, 0.13878, 0.03336, 0.07306, 0.00438 
21720.0, 8.18288, 0.28032, 1.62044, 3.96991, 0.00288, 0.18839, 2.63101, -0.00028, 0.32120, 0.30020, 0.20602, 0.36337, -0.00147, 0.00839, 0.22824, 0.06789, 0.02842, 0.02096, 0.13970, 0.05135, 0.05209, 0.01110 
21780.0, 6.81740, 0.27627, 1.55865, 3.99942, 0.00494, 0.14349, 2.58177, -0.00027, 0.32659, 0.27075, 0.19836, 0.41455, 0.00846, 0.01077, 0.22652, 0.08551, 0.00033, 0.01058, 0.15501, 0.03693, 0.09148, 0.00799 
21840.0, 7.27416, 0.27610, 1.63488, 4.48643, 0.00389, 0.15493, 2.53817, -0.00027, 0.29821, 0.28837, 0.13457, 0.32829, 0.03714, 0.01278, 0.19497, 0.09135, -0.00092, 0.02619, 0.13464, 0.05856, 0.01460, 0.00894 
21900.0, 6.66333, 0.29843, 1.53071, 4.59047, 0.00025, 0.12559, 2.49593, -0.00027, 0.31539, 0.28853, 0.09399, 0.28204, 0.02438, -0.00028, 0.18626, 0.07206, 0.00940, 0.02460, 0.12334, 0.04255, 0.00933, 0.00408 
