CampaignData_and_Merges/R0/CSL_MobileLab_Parked/raw/20240730/USOS-HCHO_MobileLabGround_20240730_R0.ict
35,1001
Huang, Yaoxian
Wayne State University
Picarro G2307 on CSL Mobile Lab
USOS
1,1
2024,07,30,2025,03,31
1.0
Time_Start,seconds_since_midnight,number_of_seconds_since_0000_UTC
3
1.0,1.0,1.0
-9999.0,-9999.0,-9999.0
HCHO,ppbv,Gas_HCHO_InSitu_S_AVMR,volume mixing ratio of formaldehyde in air
H2O,ppmv,Gas_H2O_InSitu_S_AVMR,volume mixing ratio of water vapor in air
CH4,ppmv,Gas_CH4_InSitu_S_AVMR,volume mixing ratio of methane in air
0
18
PI_CONTACT_INFO: yaoxian.huang@wayne.edu
PLATFORM: CSL Mobile Lab, at Ground Site
LOCATION: Salt Lake City, UT
ASSOCIATED_DATA: N/A
INSTRUMENT_INFO: Cavity Ring-Down Spectrometer
DATA_INFO: Data is averaged to 1 minute intervals for stationary and 1 second interval for driving. Stationary data collected from a 20 ft tower on top of the mobile lab. On drive days, for parked data, anytime the mobile lab is driving, report as missing data in the parked files.
UNCERTAINTY: N/A
ULOD_FLAG: -7777
ULOD_VALUE: N/A
LLOD_FLAG: -8888
LLOD_VALUE: N/A
DM_CONTACT_INFO: Yaoxian Huang; yaoxian.huang@wayne.edu
PROJECT_INFO: USOS, Summer 2024. https://csl.noaa.gov/groups/csl7/measurements/2024usos/
STIPULATIONS_ON_USE: Users are strongly encouraged to contact the PI for proper data usage.
OTHER_COMMENTS: Data have been shifted backwards by 1 minute to align with USOS MetNav and Picarro GHG data.
REVISION: R0
R0: Final Data
Time_Start,HCHO,H2O,CH4
0,-9999.0,-9999.0,-9999.0
60,-9999.0,-9999.0,-9999.0
120,-9999.0,-9999.0,-9999.0
180,-9999.0,-9999.0,-9999.0
240,-9999.0,-9999.0,-9999.0
300,-9999.0,-9999.0,-9999.0
360,-9999.0,-9999.0,-9999.0
420,-9999.0,-9999.0,-9999.0
480,-9999.0,-9999.0,-9999.0
540,-9999.0,-9999.0,-9999.0
600,-9999.0,-9999.0,-9999.0
660,-9999.0,-9999.0,-9999.0
720,-9999.0,-9999.0,-9999.0
780,-9999.0,-9999.0,-9999.0
840,-9999.0,-9999.0,-9999.0
900,-9999.0,-9999.0,-9999.0
960,-9999.0,-9999.0,-9999.0
1020,-9999.0,-9999.0,-9999.0
1080,-9999.0,-9999.0,-9999.0
1140,-9999.0,-9999.0,-9999.0
1200,-9999.0,-9999.0,-9999.0
1260,-9999.0,-9999.0,-9999.0
1320,-9999.0,-9999.0,-9999.0
1380,-9999.0,-9999.0,-9999.0
1440,-9999.0,-9999.0,-9999.0
1500,-9999.0,-9999.0,-9999.0
1560,-9999.0,-9999.0,-9999.0
1620,-9999.0,-9999.0,-9999.0
1680,-9999.0,-9999.0,-9999.0
1740,-9999.0,-9999.0,-9999.0
1800,-9999.0,-9999.0,-9999.0
1860,-9999.0,-9999.0,-9999.0
1920,-9999.0,-9999.0,-9999.0
1980,-9999.0,-9999.0,-9999.0
2040,-9999.0,-9999.0,-9999.0
2100,-9999.0,-9999.0,-9999.0
2160,-9999.0,-9999.0,-9999.0
2220,-9999.0,-9999.0,-9999.0
2280,-9999.0,-9999.0,-9999.0
2340,-9999.0,-9999.0,-9999.0
2400,-9999.0,-9999.0,-9999.0
2460,-9999.0,-9999.0,-9999.0
2520,-9999.0,-9999.0,-9999.0
2580,-9999.0,-9999.0,-9999.0
2640,-9999.0,-9999.0,-9999.0
2700,-9999.0,-9999.0,-9999.0
2760,-9999.0,-9999.0,-9999.0
2820,-9999.0,-9999.0,-9999.0
2880,-9999.0,-9999.0,-9999.0
2940,-9999.0,-9999.0,-9999.0
3000,-9999.0,-9999.0,-9999.0
3060,-9999.0,-9999.0,-9999.0
3120,-9999.0,-9999.0,-9999.0
3180,-9999.0,-9999.0,-9999.0
3240,-9999.0,-9999.0,-9999.0
3300,-9999.0,-9999.0,-9999.0
3360,-9999.0,-9999.0,-9999.0
3420,-9999.0,-9999.0,-9999.0
3480,-9999.0,-9999.0,-9999.0
3540,-9999.0,-9999.0,-9999.0
3600,-9999.0,-9999.0,-9999.0
3660,-9999.0,-9999.0,-9999.0
3720,-9999.0,-9999.0,-9999.0
3780,-9999.0,-9999.0,-9999.0
3840,-9999.0,-9999.0,-9999.0
3900,-9999.0,-9999.0,-9999.0
3960,-9999.0,-9999.0,-9999.0
4020,-9999.0,-9999.0,-9999.0
4080,-9999.0,-9999.0,-9999.0
4140,-9999.0,-9999.0,-9999.0
4200,-9999.0,-9999.0,-9999.0
4260,-9999.0,-9999.0,-9999.0
4320,-9999.0,-9999.0,-9999.0
4380,-9999.0,-9999.0,-9999.0
4440,-9999.0,-9999.0,-9999.0
4500,-9999.0,-9999.0,-9999.0
4560,-9999.0,-9999.0,-9999.0
4620,-9999.0,-9999.0,-9999.0
4680,-9999.0,-9999.0,-9999.0
4740,-9999.0,-9999.0,-9999.0
4800,-9999.0,-9999.0,-9999.0
4860,-9999.0,-9999.0,-9999.0
4920,-9999.0,-9999.0,-9999.0
4980,-9999.0,-9999.0,-9999.0
5040,-9999.0,-9999.0,-9999.0
5100,-9999.0,-9999.0,-9999.0
5160,-9999.0,-9999.0,-9999.0
5220,-9999.0,-9999.0,-9999.0
5280,-9999.0,-9999.0,-9999.0
5340,-9999.0,-9999.0,-9999.0
5400,-9999.0,-9999.0,-9999.0
5460,-9999.0,-9999.0,-9999.0
5520,-9999.0,-9999.0,-9999.0
5580,-9999.0,-9999.0,-9999.0
5640,-9999.0,-9999.0,-9999.0
5700,-9999.0,-9999.0,-9999.0
5760,-9999.0,-9999.0,-9999.0
5820,-9999.0,-9999.0,-9999.0
5880,-9999.0,-9999.0,-9999.0
5940,-9999.0,-9999.0,-9999.0
6000,-9999.0,-9999.0,-9999.0
6060,-9999.0,-9999.0,-9999.0
6120,-9999.0,-9999.0,-9999.0
6180,-9999.0,-9999.0,-9999.0
6240,-9999.0,-9999.0,-9999.0
6300,-9999.0,-9999.0,-9999.0
6360,-9999.0,-9999.0,-9999.0
6420,-9999.0,-9999.0,-9999.0
6480,-9999.0,-9999.0,-9999.0
6540,-9999.0,-9999.0,-9999.0
6600,-9999.0,-9999.0,-9999.0
6660,-9999.0,-9999.0,-9999.0
6720,-9999.0,-9999.0,-9999.0
6780,-9999.0,-9999.0,-9999.0
6840,-9999.0,-9999.0,-9999.0
6900,-9999.0,-9999.0,-9999.0
6960,-9999.0,-9999.0,-9999.0
7020,-9999.0,-9999.0,-9999.0
7080,-9999.0,-9999.0,-9999.0
7140,-9999.0,-9999.0,-9999.0
7200,-9999.0,-9999.0,-9999.0
7260,-9999.0,-9999.0,-9999.0
7320,-9999.0,-9999.0,-9999.0
7380,-9999.0,-9999.0,-9999.0
7440,-9999.0,-9999.0,-9999.0
7500,-9999.0,-9999.0,-9999.0
7560,-9999.0,-9999.0,-9999.0
7620,-9999.0,-9999.0,-9999.0
7680,-9999.0,-9999.0,-9999.0
7740,-9999.0,-9999.0,-9999.0
7800,-9999.0,-9999.0,-9999.0
7860,-9999.0,-9999.0,-9999.0
7920,-9999.0,-9999.0,-9999.0
7980,-9999.0,-9999.0,-9999.0
8040,-9999.0,-9999.0,-9999.0
8100,-9999.0,-9999.0,-9999.0
8160,-9999.0,-9999.0,-9999.0
8220,-9999.0,-9999.0,-9999.0
8280,-9999.0,-9999.0,-9999.0
8340,-9999.0,-9999.0,-9999.0
8400,-9999.0,-9999.0,-9999.0
8460,-9999.0,-9999.0,-9999.0
8520,-9999.0,-9999.0,-9999.0
8580,-9999.0,-9999.0,-9999.0
8640,-9999.0,-9999.0,-9999.0
8700,-9999.0,-9999.0,-9999.0
8760,-9999.0,-9999.0,-9999.0
8820,-9999.0,-9999.0,-9999.0
8880,-9999.0,-9999.0,-9999.0
8940,-9999.0,-9999.0,-9999.0
9000,-9999.0,-9999.0,-9999.0
9060,-9999.0,-9999.0,-9999.0
9120,-9999.0,-9999.0,-9999.0
9180,-9999.0,-9999.0,-9999.0
9240,-9999.0,-9999.0,-9999.0
9300,-9999.0,-9999.0,-9999.0
9360,-9999.0,-9999.0,-9999.0
9420,-9999.0,-9999.0,-9999.0
9480,-9999.0,-9999.0,-9999.0
9540,-9999.0,-9999.0,-9999.0
9600,-9999.0,-9999.0,-9999.0
9660,-9999.0,-9999.0,-9999.0
9720,-9999.0,-9999.0,-9999.0
9780,-9999.0,-9999.0,-9999.0
9840,-9999.0,-9999.0,-9999.0
9900,-9999.0,-9999.0,-9999.0
9960,-9999.0,-9999.0,-9999.0
10020,-9999.0,-9999.0,-9999.0
10080,-9999.0,-9999.0,-9999.0
10140,-9999.0,-9999.0,-9999.0
10200,-9999.0,-9999.0,-9999.0
10260,-9999.0,-9999.0,-9999.0
10320,-9999.0,-9999.0,-9999.0
10380,-9999.0,-9999.0,-9999.0
10440,-9999.0,-9999.0,-9999.0
10500,-9999.0,-9999.0,-9999.0
10560,-9999.0,-9999.0,-9999.0
10620,-9999.0,-9999.0,-9999.0
10680,-9999.0,-9999.0,-9999.0
10740,-9999.0,-9999.0,-9999.0
10800,-9999.0,-9999.0,-9999.0
10860,-9999.0,-9999.0,-9999.0
10920,-9999.0,-9999.0,-9999.0
10980,-9999.0,-9999.0,-9999.0
11040,-9999.0,-9999.0,-9999.0
11100,-9999.0,-9999.0,-9999.0
11160,-9999.0,-9999.0,-9999.0
11220,-9999.0,-9999.0,-9999.0
11280,-9999.0,-9999.0,-9999.0
11340,-9999.0,-9999.0,-9999.0
11400,-9999.0,-9999.0,-9999.0
11460,-9999.0,-9999.0,-9999.0
11520,-9999.0,-9999.0,-9999.0
11580,-9999.0,-9999.0,-9999.0
11640,-9999.0,-9999.0,-9999.0
11700,-9999.0,-9999.0,-9999.0
11760,-9999.0,-9999.0,-9999.0
11820,-9999.0,-9999.0,-9999.0
11880,-9999.0,-9999.0,-9999.0
11940,-9999.0,-9999.0,-9999.0
12000,-9999.0,-9999.0,-9999.0
12060,-9999.0,-9999.0,-9999.0
12120,-9999.0,-9999.0,-9999.0
12180,-9999.0,-9999.0,-9999.0
12240,-9999.0,-9999.0,-9999.0
12300,-9999.0,-9999.0,-9999.0
12360,-9999.0,-9999.0,-9999.0
12420,-9999.0,-9999.0,-9999.0
12480,-9999.0,-9999.0,-9999.0
12540,-9999.0,-9999.0,-9999.0
12600,-9999.0,-9999.0,-9999.0
12660,-9999.0,-9999.0,-9999.0
12720,-9999.0,-9999.0,-9999.0
12780,-9999.0,-9999.0,-9999.0
12840,-9999.0,-9999.0,-9999.0
12900,-9999.0,-9999.0,-9999.0
12960,-9999.0,-9999.0,-9999.0
13020,-9999.0,-9999.0,-9999.0
13080,-9999.0,-9999.0,-9999.0
13140,-9999.0,-9999.0,-9999.0
13200,-9999.0,-9999.0,-9999.0
13260,-9999.0,-9999.0,-9999.0
13320,-9999.0,-9999.0,-9999.0
13380,-9999.0,-9999.0,-9999.0
13440,-9999.0,-9999.0,-9999.0
13500,-9999.0,-9999.0,-9999.0
13560,-9999.0,-9999.0,-9999.0
13620,-9999.0,-9999.0,-9999.0
13680,-9999.0,-9999.0,-9999.0
13740,-9999.0,-9999.0,-9999.0
13800,-9999.0,-9999.0,-9999.0
13860,-9999.0,-9999.0,-9999.0
13920,-9999.0,-9999.0,-9999.0
13980,-9999.0,-9999.0,-9999.0
14040,-9999.0,-9999.0,-9999.0
14100,-9999.0,-9999.0,-9999.0
14160,-9999.0,-9999.0,-9999.0
14220,-9999.0,-9999.0,-9999.0
14280,-9999.0,-9999.0,-9999.0
14340,-9999.0,-9999.0,-9999.0
14400,-9999.0,-9999.0,-9999.0
14460,-9999.0,-9999.0,-9999.0
14520,-9999.0,-9999.0,-9999.0
14580,-9999.0,-9999.0,-9999.0
14640,-9999.0,-9999.0,-9999.0
14700,-9999.0,-9999.0,-9999.0
14760,-9999.0,-9999.0,-9999.0
14820,-9999.0,-9999.0,-9999.0
14880,-9999.0,-9999.0,-9999.0
14940,-9999.0,-9999.0,-9999.0
15000,-9999.0,-9999.0,-9999.0
15060,-9999.0,-9999.0,-9999.0
15120,-9999.0,-9999.0,-9999.0
15180,-9999.0,-9999.0,-9999.0
15240,-9999.0,-9999.0,-9999.0
15300,-9999.0,-9999.0,-9999.0
15360,-9999.0,-9999.0,-9999.0
15420,-9999.0,-9999.0,-9999.0
15480,-9999.0,-9999.0,-9999.0
15540,-9999.0,-9999.0,-9999.0
15600,-9999.0,-9999.0,-9999.0
15660,-9999.0,-9999.0,-9999.0
15720,-9999.0,-9999.0,-9999.0
15780,-9999.0,-9999.0,-9999.0
15840,-9999.0,-9999.0,-9999.0
15900,-9999.0,-9999.0,-9999.0
15960,-9999.0,-9999.0,-9999.0
16020,-9999.0,-9999.0,-9999.0
16080,-9999.0,-9999.0,-9999.0
16140,-9999.0,-9999.0,-9999.0
16200,-9999.0,-9999.0,-9999.0
16260,-9999.0,-9999.0,-9999.0
16320,-9999.0,-9999.0,-9999.0
16380,-9999.0,-9999.0,-9999.0
16440,-9999.0,-9999.0,-9999.0
16500,-9999.0,-9999.0,-9999.0
16560,-9999.0,-9999.0,-9999.0
16620,-9999.0,-9999.0,-9999.0
16680,-9999.0,-9999.0,-9999.0
16740,-9999.0,-9999.0,-9999.0
16800,-9999.0,-9999.0,-9999.0
16860,-9999.0,-9999.0,-9999.0
16920,-9999.0,-9999.0,-9999.0
16980,-9999.0,-9999.0,-9999.0
17040,-9999.0,-9999.0,-9999.0
17100,-9999.0,-9999.0,-9999.0
17160,-9999.0,-9999.0,-9999.0
17220,-9999.0,-9999.0,-9999.0
17280,-9999.0,-9999.0,-9999.0
17340,-9999.0,-9999.0,-9999.0
17400,-9999.0,-9999.0,-9999.0
17460,-9999.0,-9999.0,-9999.0
17520,-9999.0,-9999.0,-9999.0
17580,-9999.0,-9999.0,-9999.0
17640,-9999.0,-9999.0,-9999.0
17700,-9999.0,-9999.0,-9999.0
17760,-9999.0,-9999.0,-9999.0
17820,-9999.0,-9999.0,-9999.0
17880,-9999.0,-9999.0,-9999.0
17940,-9999.0,-9999.0,-9999.0
18000,-9999.0,-9999.0,-9999.0
18060,-9999.0,-9999.0,-9999.0
18120,-9999.0,-9999.0,-9999.0
18180,-9999.0,-9999.0,-9999.0
18240,-9999.0,-9999.0,-9999.0
18300,-9999.0,-9999.0,-9999.0
18360,-9999.0,-9999.0,-9999.0
18420,-9999.0,-9999.0,-9999.0
18480,-9999.0,-9999.0,-9999.0
18540,-9999.0,-9999.0,-9999.0
18600,-9999.0,-9999.0,-9999.0
18660,-9999.0,-9999.0,-9999.0
18720,-9999.0,-9999.0,-9999.0
18780,-9999.0,-9999.0,-9999.0
18840,-9999.0,-9999.0,-9999.0
18900,-9999.0,-9999.0,-9999.0
18960,-9999.0,-9999.0,-9999.0
19020,-9999.0,-9999.0,-9999.0
19080,-9999.0,-9999.0,-9999.0
19140,-9999.0,-9999.0,-9999.0
19200,-9999.0,-9999.0,-9999.0
19260,-9999.0,-9999.0,-9999.0
19320,-9999.0,-9999.0,-9999.0
19380,-9999.0,-9999.0,-9999.0
19440,1.9269,5567.18,1.93941
19500,2.14828,5745.32,1.93767
19560,1.74943,5642.34,1.93701
19620,1.87638,5637.05,1.93587
19680,1.86589,5606.17,1.93773
19740,1.86504,5577.07,1.93893
19800,1.97501,5578.16,1.93855
19860,1.97369,5524.08,1.94068
19920,2.01847,5493.26,1.93835
19980,1.84106,5466.77,1.93855
20040,1.92468,5605.44,1.93828
20100,2.09197,5900.09,1.93722
20160,1.84298,5523.36,1.9383
20220,1.9509,5815.81,1.94005
20280,1.97907,5688.03,1.94032
20340,2.09839,5725.09,1.93836
20400,1.96461,5547.56,1.93632
20460,2.0257,5681.53,1.93777
20520,1.75033,5537.75,1.9378
20580,1.81853,5640.93,1.93552
20640,2.01896,5533.95,1.93584
20700,2.04647,5561.38,1.93691
20760,1.90814,5541.72,1.93979
20820,1.90333,5501.13,1.93928
20880,2.10582,5575.56,1.94098
20940,1.9927,5704.68,1.94626
21000,2.06818,5849.56,1.95319
21060,2.14283,5988.01,1.9522
21120,2.31502,6074.58,1.95239
21180,2.13976,6002.49,1.9485
21240,1.90044,5934.98,1.94618
21300,2.16995,6242.56,1.94382
21360,2.1155,5909.47,1.94597
21420,1.92872,5953.94,1.94268
21480,1.91748,5971.02,1.9434
21540,2.026,5813.69,1.94285
21600,1.90917,5800.4,1.94307
21660,2.00404,5848.52,1.94091
21720,1.78895,5895.85,1.94476
21780,1.75975,5865.62,1.94081
21840,2.0252,5915.7,1.94459
21900,1.86372,5769.3,1.94372
21960,1.74223,5739.62,1.9445
22020,1.9221,5693.38,1.94661
22080,2.12779,5661.2,1.94802
22140,1.9073,5821.47,1.94939
22200,1.85247,5710.52,1.94623
22260,1.79953,5596.12,1.94172
22320,1.76556,5589.1,1.94313
22380,1.80882,5667.62,1.94214
22440,1.88616,5710.09,1.94096
22500,1.70124,5738.18,1.94428
22560,1.82977,5679.03,1.94425
22620,1.85527,5656.6,1.94809
22680,1.77046,5690.03,1.94171
22740,1.83183,5720.24,1.94396
22800,1.80055,5720.31,1.94233
22860,1.60053,5700.29,1.94467
22920,1.59782,5802.19,1.94325
22980,1.95851,5845.08,1.94597
23040,1.83789,5859.54,1.94542
23100,1.73809,5853.12,1.94115
23160,1.57546,5805.05,1.94006
23220,1.93922,6101.76,1.93931
23280,1.64328,5902.93,1.93958
23340,1.96019,6002.04,1.94116
23400,1.92187,5998.14,1.94355
23460,1.5502,5934.18,1.94364
23520,1.81179,5889.52,1.94503
23580,2.1476,5922.99,1.94636
23640,1.73958,6042.5,1.95193
23700,1.93643,5879.69,1.94585
23760,1.84444,5847.36,1.94872
23820,2.02857,5965.8,1.94841
23880,1.96785,6040.72,1.95296
23940,1.91796,6064.29,1.94935
24000,1.97065,6126.32,1.94728
24060,2.14004,6175.14,1.94993
24120,2.15408,6172.08,1.95362
24180,2.27454,6510.17,1.95145
24240,2.12101,6383.59,1.95112
24300,2.04093,6669.35,1.95239
24360,2.20502,6910.4,1.95254
24420,2.08107,7468.44,1.95188
24480,2.24358,6963.91,1.95282
24540,2.14422,6914.28,1.95269
24600,2.06585,7191.66,1.95328
24660,2.2221,7223.25,1.96599
24720,2.33474,6985.32,1.96659
24780,2.01351,6793.34,1.98314
24840,2.07328,6413.97,1.9702
24900,1.93863,6300.77,1.96517
24960,2.02352,6696.29,1.96653
25020,2.03577,6727.59,1.9829
25080,2.29886,7068.41,1.98003
25140,2.33413,7022.63,1.97554
25200,2.22849,6849.23,1.97745
25260,2.26008,6874.16,1.98552
25320,2.51018,6919.26,1.98836
25380,2.38822,6802.8,1.98722
25440,2.60373,7109.75,1.99587
25500,2.46972,6942.15,1.99273
25560,1.96215,6713.48,1.97803
25620,2.21978,6729.1,1.97493
25680,2.38983,6855.33,1.9791
25740,2.36099,6933.97,1.99843
25800,2.53313,6960.28,2.01728
25860,2.69032,6871.86,2.04447
25920,2.38345,6965.07,2.03523
25980,2.54563,6946.09,2.02282
26040,2.47908,6767.4,1.99059
26100,2.67062,7026.86,1.99953
26160,2.32711,6965.41,1.99279
26220,2.52017,6947.13,2.00953
26280,2.40285,6971.64,2.01423
26340,2.29671,7056.61,1.99804
26400,2.48164,7040.41,1.98369
26460,2.18867,6703.95,1.98751
26520,2.45868,6287.52,1.98291
26580,2.43486,6978.01,2.01284
26640,2.30099,6879.96,1.98906
26700,2.1847,6525.27,1.97552
26760,2.37156,6494.17,1.98237
26820,2.23506,6319.13,1.99046
26880,2.38962,6387.99,2.00263
26940,1.95527,6101.39,1.97632
27000,2.34902,6465.69,1.99155
27060,2.14097,6354.78,1.98157
27120,1.86118,6281.18,1.975
27180,2.07959,6368.36,1.97587
27240,1.98666,6225.96,1.96844
27300,1.90483,6190.73,1.962
27360,2.07175,6221.58,1.97202
27420,1.99762,5815.63,1.95277
27480,1.74592,5815.74,1.95031
27540,1.47357,5823.52,1.94815
27600,1.7361,5560.01,1.93998
27660,1.46137,5813.21,1.94354
27720,1.80614,5773.44,1.94512
27780,1.44811,5685.14,1.94689
27840,1.68928,5681.97,1.94528
27900,1.66019,5683.77,1.94998
27960,1.71826,5621.37,1.94769
28020,1.74579,5657.63,1.94704
28080,1.55598,5657.09,1.94469
28140,1.61258,5619.73,1.9438
28200,1.74075,5796.72,1.94453
28260,1.77825,5751.17,1.94446
28320,1.75416,5844.78,1.95191
28380,1.7784,5708.11,1.9536
28440,1.74006,5766.87,1.94401
28500,1.83875,6137.87,1.94872
28560,1.91478,5773.53,1.94991
28620,1.6105,5904.8,1.95107
28680,1.86532,5743.84,1.95124
28740,1.72343,5591.86,1.94539
28800,1.75041,5559.67,1.94558
28860,1.81179,5653.66,1.94552
28920,1.84311,5733.32,1.95297
28980,1.79762,5726.82,1.95925
29040,1.73934,5814.14,1.95391
29100,1.878,6032.61,1.96221
29160,1.84218,5844.37,1.96009
29220,1.88468,5807.52,1.95756
29280,1.78989,5976.64,1.9713
29340,1.778,5764.61,1.96175
29400,1.92527,5796.15,1.96304
29460,1.93942,6024.48,1.97193
29520,1.78782,5833.74,1.96621
29580,1.96872,5969.38,1.97374
29640,1.98292,6019.76,1.98168
29700,1.98745,5971.26,1.96577
29760,1.80212,5899.15,1.95746
29820,2.03074,6034.67,1.95917
29880,1.95326,5832.71,1.95594
29940,2.00844,5911.96,1.97875
30000,1.8775,5882.2,1.9682
30060,1.85869,5807.03,1.96135
30120,1.9076,5695.7,1.95306
30180,1.81119,5791.36,1.94945
30240,1.86766,6052.87,1.95499
30300,1.64725,5814.58,1.95764
30360,1.56804,5432.58,1.94743
30420,1.55707,5481.3,1.95158
30480,1.88692,5646.3,1.95224
30540,1.9364,5562.01,1.94873
30600,1.7533,5453.14,1.94391
30660,1.68314,5490.95,1.94523
30720,1.81387,5456.44,1.94351
30780,1.83459,5411.5,1.94244
30840,1.38568,5468.2,1.94662
30900,1.73715,5599.61,1.94784
30960,1.62637,5538.0,1.94417
31020,1.42687,5296.39,1.94021
31080,1.62328,5385.46,1.94281
31140,1.95053,5611.48,1.94637
31200,1.59793,5693.67,1.95124
31260,1.78346,5716.32,1.95152
31320,1.67114,5683.73,1.94757
31380,1.92711,5888.42,1.95399
31440,1.5894,5736.75,1.94888
31500,1.81173,5837.78,1.94829
31560,2.05142,5911.9,1.95685
31620,1.99314,5963.49,1.96888
31680,1.79048,5973.72,1.9589
31740,2.03722,6058.61,1.95787
31800,1.95724,6220.35,1.95902
31860,1.94287,6188.48,1.96484
31920,1.96354,6194.61,1.96422
31980,1.84132,5888.99,1.9576
32040,1.74046,6052.86,1.96504
32100,1.932,6129.34,1.96428
32160,2.14072,6147.31,1.9614
32220,1.79863,6047.02,1.96266
32280,2.02922,6163.37,1.96541
32340,2.03901,6166.05,1.96531
32400,1.88545,6178.04,1.96376
