CampaignData_and_Merges/R0/CSL_MobileLab_Parked/raw/20240730/USOS-POPS_MobileLabGround_20240730_R0.ict
78, 1001
Thornberry, T. D.
NOAA Chemical Sciences Laboratory
Portable Optical Particle Spectrometer (POPS)
USOS
1, 1
2024, 07, 30, 2025, 05, 08
60
Time_Start, seconds_past_midnight, Start time of measurement
45
1, 1, 1, 1, 1, 1, 1, 1, 1, 1, 1, 1, 1, 1, 1, 1, 1, 1, 1, 1, 1, 1, 1, 1, 1, 1, 1, 1, 1, 1, 1, 1, 1, 1, 1, 1, 1, 1, 1, 1, 1, 1, 1, 1, 1
-9999, -9999, -9999, -9999, -9999, -9999, -9999, -9999, -9999, -9999, -9999, -9999, -9999, -9999, -9999, -9999, -9999, -9999, -9999, -9999, -9999, -9999, -9999, -9999, -9999, -9999, -9999, -9999, -9999, -9999, -9999, -9999, -9999, -9999, -9999, -9999, -9999, -9999, -9999, -9999, -9999, -9999, -9999, -9999, -9999
Time_Stop, seconds_past_midnight, Stop time of measurement
Time_Mid, seconds_past_midnight, Mid time of measurement
Press_mb, mb, Pressure reported (mb)
Temp_C, degrees C, POPS temperature measurement
Aerosol_concentration, cm^-3, Aerosol concentration
Surface_Area_Conc, um^2 cm^-3, Surface area concentration
Volume_density, um^3 cm^-3, Volume density
Effective_radius, um, Effective radius
Extinction, km^-1, Extinction
Bin01, cm^-3, particle concentration in size range [1401 - 146.3 nm]
Bin02, cm^-3, particle concentration in size range [146.3 - 152.8 nm]
Bin03, cm^-3, particle concentration in size range [152.8 - 159.6 nm]
Bin04, cm^-3, particle concentration in size range [159.6 - 166.8 nm]
Bin05, cm^-3, particle concentration in size range [166.8 - 174.2 nm]
Bin06, cm^-3, particle concentration in size range [174.2 - 181.9 nm]
Bin07, cm^-3, particle concentration in size range [181.9 - 190.0 nm]
Bin08, cm^-3, particle concentration in size range [190.0 - 198.5 nm]
Bin09, cm^-3, particle concentration in size range [198.5 - 207.4 nm]
Bin10, cm^-3, particle concentration in size range [207.4 - 216.6 nm]
Bin11, cm^-3, particle concentration in size range [216.6 - 226.2 nm]
Bin12, cm^-3, particle concentration in size range [226.2 - 236.3 nm]
Bin13, cm^-3, particle concentration in size range [236.3 - 246.8 nm]
Bin14, cm^-3, particle concentration in size range [246.8 - 257.8 nm]
Bin15, cm^-3, particle concentration in size range [257.8 - 269.3 nm]
Bin16, cm^-3, particle concentration in size range [269.3 - 343.4 nm]
Bin17, cm^-3, particle concentration in size range [343.4 - 450.7 nm]
Bin18, cm^-3, particle concentration in size range [450.7 - 525.9 nm]
Bin19, cm^-3, particle concentration in size range [525.9 - 618.5 nm]
Bin20, cm^-3, particle concentration in size range [618.5 - 710.0 nm]
Bin21, cm^-3, particle concentration in size range [710.0 - 822.7 nm]
Bin22, cm^-3, particle concentration in size range [822.7 - 885.9 nm]
Bin23, cm^-3, particle concentration in size range [885.9 - 953.9 nm]
Bin24, cm^-3, particle concentration in size range [953.9 - 1027.2 nm]
Bin25, cm^-3, particle concentration in size range [1027.2 - 1106.1 nm]
Bin26, cm^-3, particle concentration in size range [1106.1 - 1191.0 nm]
Bin27, cm^-3, particle concentration in size range [1191.0 - 1282.5 nm]
Bin28, cm^-3, particle concentration in size range [1282.5 - 1381.0 nm]
Bin29, cm^-3, particle concentration in size range [1381.0 - 1487.1 nm]
Bin30, cm^-3, particle concentration in size range [1487.1 - 1601.3 nm]
Bin31, cm^-3, particle concentration in size range [1601.3 - 1724.3 nm]
[...]
PLATFORM: NOAA CSL Mobile Lab
LOCATION: USOS
ASSOCIATED_DATA: N/A
INSTRUMENT_INFO: Printed Optical Particle Spectrometer counts particles from 140 - 2500 nm in diameter 
DATA_INFO: Particle concentrations reported in number per cubic centimeter,1 Hz data
UNCERTAINTY: Counting uncertainty dominated by air flow, less than 5 percent. Measurement range is ~0 - 3000 per cm3 (varies depending on flow rate- manufacturer quotes 1250 per cm3 at 1.667 cc/s)
ULOD_FLAG: -7777
ULOD_VALUE: N/A
LLOD_FLAG: -8888
LLOD_VALUE: N/A
DM_CONTACT_INFO: Troy Thornberry, 325 Broadway R/CSL6, Boulder, CO 80305; troy.thornberry@noaa.gov; 303-497-3373
PROJECT_INFO: USOS, Utah POPS data from NOAA CSL Mobile Lab
STIPULATIONS_ON_USE: Please contact the PIs for questions regarding applications and uncertainties
OTHER_COMMENTS: POPS bin Edges (nm):  140.1, 146.3, 152.8, 159.6, 166.8, 174.2, 181.9, 190.0, 198.5, 207.4, 216.6, 226.2, 236.3, 246.8, 257.8, 269.3, 343.4, 450.7, 525.9, 618.5, 710.0, 822.7, 885.9, 953.9, 1027.2, 1106.1, 1191.0, 1282.5, 1381.0, 1487.1, 1601.3, 1724.3, 1856.7, 1999.3, 2152.8, 2318.2, 2496.2
Calculations assume organic aerosol refractive index of 1.52+0.00j and extinction wavelength = 532 nm
REVISION: R0
R0: Final data
Time_Start, Time_Stop, Time_Mid, Press_mb, Temp_C, Aerosol_concentration, Surface_Area_Conc, Volume_density, Effective_radius, Extinction, Bin01, Bin02, Bin03, Bin04, Bin05, Bin06, Bin07, Bin08, Bin09, Bin10, Bin11, Bin12, Bin13, Bin14, Bin15, Bin16, Bin17, Bin18, Bin19, Bin20, Bin21, Bin22, Bin23, Bin24, Bin25, Bin26, Bin27, Bin28, Bin29, Bin30, Bin31, Bin32, Bin33, Bin34, Bin35, Bin36
[from data line 593]
35580,35639,35610,868.161,36.190,99.268,19.963,1.821,0.256,0.008,10.618550,9.161999,7.447216,6.582304,6.022460,4.978257,4.777541,4.393898,4.151004,3.751579,3.791668,4.155621,3.693125,3.655663,2.927048,11.465599,4.261527,1.972512,0.837797,0.126833,0.061134,0.083591,0.033987,0.033296,0.022433,0.022355,0.021988,0.022547,0.022399,0.033363,0.016088,0.049605,0.023032,0.011174,0.016510,0.022531
35640,35699,35670,868.171,36.157,105.691,21.036,1.742,0.232,0.008,11.114177,9.417897,7.770182,7.334638,6.296262,5.564099,4.809672,4.716750,4.296731,4.218865,4.016590,4.161451,4.248860,3.858756,3.111273,12.714749,4.514775,2.132258,0.691856,0.088029,0.121365,0.082668,0.077349,0.054618,0.049932,0.028538,0.022060,0.011172,0.016971,0.033771,0.027093,0.016423,0.011301,0.022080,0.005631,0.032260
35700,35759,35730,868.159,36.207,106.528,21.638,1.996,0.262,0.009,11.583973,9.570224,8.062668,6.901731,6.134260,5.521727,5.113865,4.584484,4.566934,4.314393,4.336561,4.209487,4.281616,3.973829,3.057680,12.151859,4.514635,2.211450,0.698826,0.107906,0.122410,0.050274,0.061676,0.039290,0.027594,0.028409,0.022002,0.017563,0.017072,0.039273,0.084635,0.051579,0.028077,0.017220,0.011299,0.011188
35760,35819,35790,868.151,36.200,102.624,20.234,1.696,0.233,0.008,11.184915,9.206141,7.900474,7.190899,5.810107,5.090427,4.943459,4.688772,4.200786,4.161622,3.924649,3.923160,4.136999,3.661449,2.939203,11.619930,4.609047,2.077370,0.796807,0.090451,0.085658,0.045240,0.028476,0.045957,0.022916,0.028233,0.017379,0.011650,0.028422,0.022402,0.046196,0.022582,0.011215,0.016998,0.000000,0.034263
35820,35879,35850,868.202,36.213,104.445,20.124,1.545,0.221,0.008,11.166174,9.259650,7.880984,7.091279,5.751721,5.369225,4.768338,4.621921,4.567325,4.194060,4.135993,4.372814,3.867539,3.754390,3.140917,12.494854,4.618210,2.162359,0.714176,0.090009,0.068540,0.039241,0.022172,0.044600,0.061795,0.016753,0.016826,0.017339,0.022659,0.011402,0.039370,0.028061,0.005398,0.005557,0.005824,0.017160
35880,35939,35910,868.198,36.214,97.501,18.735,1.450,0.221,0.007,10.972614,8.974739,7.379149,6.461903,5.738019,5.139372,4.566047,4.321434,4.189425,4.064146,3.780260,3.744447,3.707546,3.206393,2.700940,11.073643,4.279002,2.026947,0.715575,0.060797,0.050253,0.033421,0.050254,0.016321,0.038203,0.044569,0.011148,0.027952,0.022141,0.011463,0.033266,0.011150,0.005429,0.005241,0.021668,0.016345
35940,35999,35970,868.170,36.169,98.717,19.280,1.568,0.227,0.007,10.579829,9.182228,7.617070,6.249051,6.021133,5.074959,4.670760,4.426023,4.042261,4.003361,3.950435,3.758497,3.732512,3.678044,2.722643,11.335025,4.465685,1.980767,0.757959,0.057405,0.044884,0.051179,0.044811,0.039428,0.022888,0.022334,0.011124,0.017026,0.022257,0.028111,0.016407,0.016655,0.005726,0.039777,0.017179,0.011855
36000,36059,36030,868.164,36.088,100.141,19.403,1.545,0.224,0.007,10.941756,9.221918,7.862156,6.896747,5.944956,5.590529,4.552863,4.235832,4.255265,4.048646,3.746068,3.830810,3.425584,3.798901,2.851084,11.296390,4.333832,2.083389,0.640533,0.149017,0.071576,0.027318,0.016262,0.033103,0.038951,0.027015,0.032458,0.049088,0.016226,0.022202,0.034329,0.016320,0.016572,0.000000,0.011013,0.021811
36060,36119,36090,868.192,36.132,99.699,19.675,1.663,0.237,0.007,11.099088,8.993150,7.509896,6.901052,5.773285,5.198234,4.765298,4.239405,4.160556,3.863017,3.974627,4.108904,3.689978,3.508219,2.939397,11.279942,4.434680,1.997546,0.732814,0.050359,0.072137,0.033854,0.055851,0.049899,0.022525,0.016605,0.055648,0.022657,0.011443,0.022047,0.016825,0.016924,0.022683,0.011263,0.026966,0.022476
36120,36179,36150,868.215,36.129,101.037,20.305,1.764,0.244,0.008,11.126611,9.254058,7.804431,6.464936,5.726943,5.444127,4.828827,4.560926,4.002978,3.698548,4.025531,3.794341,3.751447,3.784998,2.915057,11.885887,4.462859,2.142459,0.756424,0.089108,0.038665,0.054984,0.077361,0.044310,0.056306,0.028031,0.022323,0.005429,0.027659,0.022482,0.033914,0.026878,0.016827,0.027961,0.011104,0.022602
36180,36239,36210,868.183,36.039,103.029,20.527,1.809,0.250,0.008,11.151036,9.345023,7.663717,6.763586,6.452837,5.483167,4.822701,4.528324,4.138147,3.869432,4.121558,4.060822,4.027029,3.767446,2.939913,11.855030,4.551317,2.182818,0.684912,0.117084,0.055541,0.055763,0.039255,0.033208,0.056425,0.016552,0.011397,0.027731,0.033481,0.045036,0.039316,0.044920,0.005376,0.005482,0.000000,0.033909
36240,36299,36270,868.198,36.056,98.702,19.733,1.641,0.238,0.008,11.010109,8.716179,7.733103,6.731872,5.650880,5.047062,4.742040,4.227670,4.006461,4.223780,3.619925,3.657812,3.930269,3.466870,2.766554,11.391994,4.230476,2.081869,0.782712,0.170886,0.067121,0.056058,0.038719,0.039226,0.022292,0.028021,0.039812,0.046167,0.028459,0.039585,0.039759,0.022636,0.010921,0.011240,0.005650,0.017401
36300,36359,36330,868.233,36.110,98.868,19.266,1.511,0.225,0.007,11.345344,9.273153,7.827543,6.681894,5.660998,5.135032,4.786296,4.027761,4.005609,4.006009,3.711209,3.896780,3.702520,3.454570,2.746131,11.017427,4.237683,1.986680,0.685968,0.120759,0.092241,0.068560,0.057678,0.040462,0.034227,0.051770,0.039560,0.017520,0.023700,0.046172,0.029101,0.017274,0.023023,0.000000,0.011771,0.005526
36360,36419,36390,868.251,36.108,96.118,19.177,1.749,0.252,0.007,11.181159,9.080032,7.237096,6.362313,5.725791,4.692575,4.466588,4.236245,3.827538,4.012881,3.737411,3.645617,3.379925,3.558621,2.767495,11.006096,4.050642,1.968273,0.617816,0.089901,0.073248,0.045751,0.039215,0.027996,0.011363,0.016751,0.027938,0.033963,0.039289,0.011324,0.027840,0.029038,0.016738,0.033350,0.011225,0.028655
36420,36479,36450,868.241,36.200,95.209,18.298,1.483,0.226,0.007,10.343392,8.964573,7.598744,6.382751,5.660334,4.890981,4.821963,3.954473,3.651079,3.906740,3.705224,3.638381,3.783949,3.386982,2.613723,10.770014,4.155059,1.853198,0.636463,0.089009,0.066951,0.050515,0.027618,0.016742,0.032976,0.034224,0.011168,0.028378,0.016770,0.033398,0.005767,0.022279,0.010950,0.005482,0.016563,0.022528
36480,36539,36510,868.224,36.158,96.532,19.240,1.640,0.238,0.007,10.900820,9.069222,7.491952,6.408618,5.837801,5.043338,4.549768,4.085294,3.750735,3.769428,3.595012,3.649363,3.874522,3.486329,2.722921,10.762745,4.151464,2.113421,0.677432,0.099845,0.072310,0.060340,0.062179,0.033226,0.000000,0.044594,0.028197,0.022298,0.016665,0.028199,0.039965,0.005482,0.011400,0.016641,0.016901,0.033642
36540,36599,36570,868.246,36.114,97.111,19.406,1.803,0.267,0.008,10.996406,9.078034,7.716562,6.305048,5.785919,5.141712,4.346767,4.261628,3.988106,3.719123,3.643045,3.897462,3.868203,3.214528,2.839556,11.071688,4.161964,1.872421,0.572656,0.113230,0.074299,0.084266,0.051981,0.005491,0.011296,0.022875,0.022125,0.023827,0.028348,0.045577,0.027825,0.039876,0.022987,0.022932,0.000000,0.033642
36600,36659,36630,868.245,36.071,94.978,18.785,1.703,0.252,0.007,10.794636,9.337264,7.119071,6.334599,5.629282,5.053700,4.511265,4.204978,4.036943,3.523222,3.739313,3.835403,3.569444,3.073927,2.773503,10.573562,3.897439,1.746175,0.678155,0.065831,0.060739,0.049433,0.044262,0.033117,0.027719,0.033670,0.017047,0.011011,0.016418,0.038324,0.049659,0.021761,0.016884,0.011095,0.011137,0.038387
36660,36719,36690,868.225,36.062,96.262,19.014,1.625,0.237,0.007,11.138219,9.206022,7.507388,6.186060,5.468576,5.173536,4.494129,4.121714,3.878216,3.724708,3.840084,3.643114,3.301883,3.351762,2.814500,10.844702,4.129872,2.121688,0.731737,0.077775,0.083344,0.049904,0.067101,0.055145,0.016649,0.022576,0.033266,0.022143,0.016608,0.022223,0.033510,0.033540,0.011204,0.005612,0.011167,0.022698
36720,36779,36750,868.233,36.031,95.930,19.276,1.799,0.262,0.007,10.765192,9.268091,7.512286,6.694564,5.640638,5.068090,4.351706,4.221343,3.820897,3.735081,3.612784,3.813162,3.650047,3.412630,2.564950,10.592097,3.947917,1.827196,0.771347,0.142258,0.104548,0.032872,0.032877,0.021979,0.038536,0.038716,0.021996,0.033278,0.022340,0.010858,0.043972,0.033147,0.011168,0.016633,0.027401,0.027109
36780,36839,36810,868.261,36.089,94.529,18.796,1.603,0.243,0.007,10.806831,9.103503,7.145081,6.362565,5.329398,4.966414,4.565632,4.029501,3.678212,3.899579,3.551144,3.671499,3.641425,3.155433,2.765937,10.444805,4.158415,1.951501,0.686925,0.103056,0.075240,0.057130,0.034335,0.033456,0.040296,0.028182,0.034872,0.023207,0.017219,0.052241,0.045979,0.023339,0.011552,0.011974,0.000000,0.023360
36840,36899,36870,868.261,36.055,92.357,18.508,1.678,0.255,0.007,10.518007,8.352244,6.893283,6.032806,5.562587,5.267716,4.565938,4.100663,3.641352,3.457557,3.608854,3.393261,3.572686,3.237630,2.754051,10.633301,3.749614,1.725416,0.692177,0.085016,0.079038,0.055500,0.040262,0.039868,0.050817,0.022588,0.022521,0.028173,0.005785,0.022531,0.033814,0.022138,0.027358,0.016916,0.017496,0.027592
36900,36959,36930,868.242,36.057,93.678,18.762,1.703,0.256,0.007,11.048478,8.970455,7.611268,6.288010,5.449063,4.701879,4.435427,4.094657,3.688455,3.472440,3.551584,3.571705,3.306870,3.060835,2.682082,10.768225,3.739386,1.883987,0.693185,0.067117,0.105459,0.044547,0.072060,0.055553,0.038238,0.022074,0.010949,0.038626,0.039012,0.027162,0.038535,0.039479,0.017090,0.022017,0.011262,0.010776
36960,37019,36990,868.257,36.047,95.324,18.824,1.663,0.251,0.007,11.354027,8.710191,7.491428,6.480724,5.721750,5.452522,4.336874,4.213148,3.767168,3.618149,3.525135,3.537991,3.674876,3.131569,2.706216,10.565222,4.028047,1.748032,0.624589,0.044775,0.141594,0.067397,0.062494,0.044910,0.044930,0.005612,0.011165,0.005785,0.034097,0.039104,0.028129,0.022085,0.022203,0.034222,0.011246,0.016893
37020,37079,37050,868.266,36.123,93.998,19.752,1.988,0.280,0.008,10.863481,9.115217,7.473867,6.411470,5.488689,4.719388,4.411179,3.984550,3.723624,3.647277,3.398689,3.486258,3.517800,3.190784,2.662224,10.460922,4.034460,2.007841,0.604786,0.138438,0.095783,0.083656,0.060899,0.032598,0.021714,0.039040,0.033400,0.044129,0.022626,0.038411,0.056279,0.033220,0.016744,0.022302,0.016935,0.039068
37080,37139,37110,868.264,36.028,95.438,19.662,1.920,0.271,0.008,11.028214,9.015645,7.649464,6.459280,5.794461,4.998271,4.362992,4.322398,3.590707,3.669174,3.706442,3.593344,3.766951,3.189552,2.624626,10.248710,3.981633,1.992137,0.709771,0.105794,0.136774,0.049606,0.044897,0.053596,0.017184,0.027599,0.027629,0.033063,0.032638,0.027347,0.054941,0.033403,0.016860,0.022369,0.017229,0.033674
37140,37199,37170,868.221,36.082,98.350,19.599,1.735,0.253,0.008,11.070087,9.494230,7.705695,6.926998,5.806386,5.562685,4.722916,3.975078,4.200788,3.760982,3.744356,3.546326,3.802046,3.328345,2.551652,10.880397,3.997478,1.911391,0.649583,0.146083,0.056294,0.073865,0.044190,0.045007,0.027904,0.033975,0.027541,0.022450,0.033972,0.067016,0.045010,0.022287,0.022488,0.016817,0.010805,0.016383
37200,37259,37230,868.224,36.105,92.621,19.118,1.829,0.265,0.008,10.619040,8.767452,7.228110,6.275352,5.431457,4.786264,4.448858,3.888120,3.709269,3.573224,3.503891,3.548798,3.433823,3.162912,2.647250,10.466330,3.789104,1.921602,0.658683,0.143633,0.088471,0.054553,0.061475,0.062383,0.043670,0.021981,0.054585,0.027289,0.016156,0.022101,0.044955,0.033060,0.027464,0.021814,0.010995,0.027187
37260,37319,37290,868.275,36.130,93.300,18.758,1.693,0.255,0.007,10.682424,9.221799,7.618459,6.404266,5.672250,4.739618,4.210737,4.169594,3.542382,3.702015,3.271681,3.504085,3.361049,3.451142,2.561205,10.203456,3.799129,1.857171,0.608610,0.138820,0.083473,0.089808,0.055794,0.022645,0.032992,0.011338,0.028358,0.022417,0.022390,0.060575,0.056092,0.021620,0.022322,0.027922,0.011261,0.010893
37320,37379,37350,868.255,36.160,92.149,18.531,1.741,0.266,0.007,11.017362,9.036714,7.141818,6.309471,5.360135,4.939496,4.311460,4.071205,3.832019,3.328620,3.859802,3.513811,3.108816,3.142576,2.555597,9.768748,3.766219,1.831618,0.622473,0.133658,0.049779,0.045217,0.066036,0.021670,0.016917,0.016355,0.038260,0.027811,0.022627,0.038963,0.026927,0.016364,0.033271,0.038457,0.010862,0.027841
37380,37439,37410,868.267,36.194,90.289,18.019,1.700,0.267,0.007,10.683372,8.659434,7.080751,6.129924,5.438397,4.712486,4.150421,4.043891,3.726429,3.419452,3.616202,3.194091,3.398493,3.068103,2.284908,9.912451,3.889722,1.760989,0.558315,0.062308,0.078596,0.056394,0.055820,0.028142,0.011097,0.005805,0.022435,0.027757,0.017166,0.038864,0.044665,0.033194,0.022312,0.011029,0.022932,0.022895
37440,37499,37470,868.286,36.129,92.211,18.391,1.702,0.256,0.007,10.943665,8.991740,7.425534,6.515528,5.505608,4.774304,4.170979,3.763283,3.538374,3.638730,3.592610,3.586738,3.380025,3.044519,2.336434,10.053529,3.842049,1.809901,0.641514,0.099883,0.117422,0.066193,0.038508,0.045107,0.028435,0.005464,0.022230,0.039267,0.027665,0.010633,0.044046,0.033190,0.033314,0.005291,0.010985,0.027796
37500,37559,37530,868.270,36.189,88.098,17.239,1.506,0.245,0.007,10.218272,9.063388,7.241427,6.201679,5.333461,4.669967,4.228086,3.643293,3.685262,3.347608,3.200760,3.266376,2.943881,2.812719,2.344018,9.708920,3.265769,1.716873,0.646505,0.083174,0.077160,0.056247,0.033101,0.027440,0.028077,0.016278,0.016698,0.022717,0.016902,0.028236,0.077151,0.010565,0.021778,0.016387,0.011069,0.016933
37560,37619,37590,868.315,36.144,88.416,17.300,1.490,0.238,0.007,11.101869,8.666389,7.376880,6.003448,5.193653,4.774707,4.043811,3.650199,3.456944,3.459183,3.434355,3.175304,3.109192,2.807782,2.092788,9.449674,3.653671,1.705917,0.627457,0.088267,0.151044,0.050383,0.027811,0.033115,0.044164,0.038379,0.016560,0.022178,0.028152,0.028031,0.021394,0.011181,0.022629,0.010736,0.016420,0.022502
37620,37679,37650,868.326,36.025,89.815,17.691,1.575,0.250,0.007,10.649569,8.918381,7.191412,6.099812,5.538096,4.821963,4.108479,3.715009,3.707850,3.542163,3.289124,3.483290,3.210165,2.722735,2.339361,9.971164,3.706440,1.555614,0.605405,0.089504,0.106402,0.055234,0.039363,0.028136,0.050291,0.044616,0.016881,0.022668,0.017071,0.044798,0.033627,0.022457,0.022420,0.011477,0.016633,0.017091
37680,37739,37710,868.315,36.008,89.674,18.439,1.837,0.275,0.007,11.088567,8.701452,7.172058,6.047513,5.242467,4.790233,4.369102,3.970132,3.544561,3.413196,3.500608,3.160457,3.013770,3.035669,2.458972,9.437853,3.704772,1.633086,0.628614,0.089399,0.118270,0.084975,0.071996,0.028115,0.029092,0.034015,0.045800,0.039938,0.039019,0.034152,0.016964,0.027506,0.033664,0.011262,0.017356,0.038897
37740,37799,37770,868.347,35.979,89.358,17.920,1.696,0.269,0.007,10.630657,9.011577,7.408261,6.053008,5.295109,4.877428,4.175265,3.759633,3.590295,3.340235,3.094473,3.195963,3.256657,2.937561,2.641860,9.688878,3.594870,1.532613,0.589620,0.083137,0.074085,0.068060,0.056057,0.050726,0.033452,0.022538,0.044384,0.022578,0.022145,0.055917,0.050560,0.033997,0.021966,0.016924,0.016969,0.010714
37800,37859,37830,868.365,36.090,91.666,19.254,2.031,0.292,0.008,11.466308,9.156563,7.201094,6.352501,5.548237,4.945300,4.078656,3.925318,3.614693,3.542980,3.402299,3.382262,3.291537,2.884461,2.430031,9.701934,3.581635,1.690839,0.671507,0.072005,0.100722,0.077680,0.021875,0.060627,0.033406,0.050904,0.027886,0.039445,0.026759,0.055279,0.102297,0.045246,0.033008,0.016869,0.017422,0.016777
37860,37919,37890,868.396,36.118,90.960,18.860,1.963,0.293,0.008,10.753141,8.922613,7.456307,6.503638,5.726246,4.636985,4.326699,3.688736,3.557541,3.362700,3.505489,3.247854,3.214538,2.917125,2.433685,9.814887,3.745163,1.797624,0.606548,0.079521,0.079431,0.100981,0.028193,0.044479,0.055914,0.055939,0.038928,0.028156,0.016767,0.028594,0.028136,0.050713,0.051117,0.011315,0.011042,0.033568
37920,37979,37950,868.425,36.120,90.855,18.491,1.850,0.274,0.007,11.336597,8.928787,7.235269,6.470892,5.504996,4.791308,4.143329,3.761049,3.599930,3.492306,3.161676,3.550080,3.244513,2.910787,2.340419,9.705534,3.658611,1.614004,0.684066,0.121836,0.098927,0.038462,0.061038,0.022177,0.033235,0.060950,0.022644,0.010858,0.050159,0.016729,0.061356,0.039290,0.016392,0.028072,0.005787,0.032559
