CampaignData_and_Merges/R0/CSL_MobileLab_Parked/raw/20240730/USOS-NOAAIodideCIMS-HNO2_MobileLabGround_20240730_RA.ict
33, 1001
Michael A Robinson, Chris Jernigan, Subi Thakali
NOAA ESRL Chemical Sciences Laboratory and CIRES, U. of Colorado
NOAA Iodide CIMS Instrument
USOS
1, 1
2024, 07, 30, 2024, 07, 31
1
starttime_UTC, seconds_past_midnight, seconds_of_day_since_00:00:00_UTC
1
1
-9999
HNO2_NOAACIMS, pptv, Gas_HNO2_InSitu_S_AVMR, 
0
18
PI_CONTACT_INFO: 325 Broadway, R/CSD 7, Boulder, Colorado 80305; michael.a.robinson@noaa.gov; chris.jernigan@noaa.gov;
PLATFORM: NOAA CSL Mobile Lab
LOCATION: SLC, Utah
ASSOCIATED_DATA: 1Hz data also available on request.
INSTRUMENT_INFO: NOAA I- ToF CIMS
DATA_INFO: All data in parts per trillion by volume (pptv). 1 Hz data is available upon request.
UNCERTAINTY: TBD
ULOD_FLAG: -7777
ULOD_VALUE: N/A
LLOD_FLAG: -8888
LLOD_VALUE: N/A
DM_CONTACT_INFO: Nathan Howard; nathan.h.howard@noaa.gov
PROJECT_INFO: USOS, summer 2024. https://csl.noaa.gov/groups/csl7/measurements/2024usos/
STIPULATIONS_ON_USE: Users are strongly encouraged to contact the PI for proper data usage.
OTHER_COMMENTS: 
REVISION: RA
RA: Preliminary Data; For in-field use only
starttime_UTC, HNO2_NOAACIMS
     0, 15.469
    60, 17.903
   120, 12.106
   180, 15.014
   240, 12.865
   300, 18.676
   360, 19.238
   420, 15.146
   480, 11.891
   540,  8.754
   600,  4.327
   660,  7.322
   720, -9999.000
   780, 17.147
   840, 13.574
   900, 13.043
   960, 18.065
  1020,  1.191
  1080,  0.145
  1140,  3.687
  1200,  1.406
  1260, 10.046
  1320,  8.705
  1380,  4.523
  1440,  5.559
  1500,  8.166
  1560,  4.196
  1620,  2.335
  1680,  4.589
  1740, 10.017
  1800,  4.457
  1860,  8.629
  1920,  8.075
  1980, 10.643
  2040,  4.737
  2100,  9.162
  2160,  8.682
  2220,  9.984
  2280, 17.947
  2340, 30.129
  2400, 19.639
  2460, 11.245
  2520, 10.727
  2580, -9999.000
  2640,  5.185
  2700,  9.749
  2760,  9.836
  2820, 31.898
  2880, 18.258
  2940, 15.975
  3000, 16.213
  3060, 21.407
  3120, 22.333
  3180, 25.714
  3240, 22.789
  3300, 20.111
  3360, 24.692
  3420, 17.532
  3480, 16.555
  3540, 22.408
  3600, 31.936
  3660, 20.316
  3720, 15.051
  3780, 15.063
  3840, 22.286
  3900, 19.364
  3960, 20.375
  4020, 17.201
  4080, 17.978
  4140, 23.896
  4200, 21.594
  4260, 28.536
  4320, 33.297
  4380, 43.720
  4440, -9999.000
  4500, 27.482
  4560, 29.653
  4620, 28.606
  4680, 28.520
  4740, 31.488
  4800, 38.002
  4860, 31.347
  4920, 33.415
  4980, 39.211
  5040, 33.929
  5100, 30.757
  5160, 34.335
  5220, 32.333
  5280, 24.957
  5340, 25.190
  5400, 21.501
  5460, 23.309
  5520, 33.757
  5580, 33.224
  5640, 36.753
  5700, 28.997
  5760, 33.144
  5820, 27.539
  5880, 37.137
  5940, 36.126
  6000, 35.169
  6060, 36.544
  6120, 34.633
  6180, 38.154
  6240, 35.229
  6300, 35.612
  6360, 26.210
  6420, 26.772
  6480, 27.535
  6540, 28.250
  6600, 22.412
  6660, 32.317
  6720, 29.428
  6780, 37.542
  6840, 31.460
  6900, 32.338
  6960, 35.888
  7020, 37.971
  7080, 45.661
  7140, 48.322
  7200, 45.245
  7260, 52.834
  7320, 43.450
  7380, 46.120
  7440, 45.690
  7500, 41.782
  7560, 40.612
  7620, 35.880
  7680, 38.966
  7740, 31.325
  7800, 42.750
  7860, 38.177
  7920, 45.299
  7980, 39.966
  8040, 47.002
  8100, -9999.000
  8160, 28.523
  8220, 42.558
  8280, 57.366
  8340, 56.413
  8400, 71.869
  8460, 76.982
  8520, 84.345
  8580, 80.962
  8640, 63.005
  8700, 87.956
  8760, 68.094
  8820, 74.321
  8880, 44.591
  8940, 41.259
  9000, 38.792
  9060, 53.226
  9120, 33.557
  9180, 33.066
  9240, 24.459
  9300, -9999.000
  9360, 28.105
  9420, 39.949
  9480, 35.496
  9540, 45.900
  9600, 34.141
  9660, 39.740
  9720, 45.172
  9780, 63.118
  9840, 55.836
  9900, 64.419
  9960, 59.717
 10020, 60.855
 10080, 51.139
 10140, 53.938
 10200, 68.771
 10260, 64.944
 10320, 76.695
 10380, 70.059
 10440, 68.040
 10500, 52.721
 10560, 74.656
 10620, 88.566
 10680, 77.954
 10740, 86.564
 10800, 74.656
 10860, 58.739
 10920, 60.529
 10980, 76.756
 11040, 76.229
 11100, 65.364
 11160, 69.630
 11220, 65.813
 11280, 71.952
 11340, 59.922
 11400, 62.463
 11460, 65.708
 11520, 61.636
 11580, 61.422
 11640, 53.229
 11700, 55.381
 11760, 55.410
 11820, 51.347
 11880, 51.924
 11940, 55.693
 12000, 60.883
 12060, 45.842
 12120, 54.592
 12180, 56.991
 12240, 51.839
 12300, 55.839
 12360, 52.013
 12420, 54.504
 12480, 60.493
 12540, 56.900
 12600, 55.342
 12660, 53.396
 12720, 61.073
 12780, 47.645
 12840, 53.988
 12900, 43.297
 12960, 47.435
 13020, 46.229
 13080, 45.247
 13140, 66.643
 13200, 58.518
 13260, 58.080
 13320, 45.282
 13380, 44.744
 13440, 50.182
 13500, 51.818
 13560, 48.081
 13620, 43.661
 13680, 47.193
 13740, 55.076
 13800, 53.244
 13860, 43.732
 13920, 49.872
 13980, 43.770
 14040, 42.833
 14100, 48.165
 14160, 45.388
 14220, 37.260
 14280, 50.002
 14340, 41.709
 14400, 44.501
 14460, 49.239
 14520, 40.300
 14580, 42.547
 14640, 41.429
 14700, 44.409
 14760, 45.656
 14820, 44.166
 14880, 48.722
 14940, 46.679
 15000, 39.802
 15060, 59.514
 15120, 54.853
 15180, 52.589
 15240, 44.994
 15300, 46.326
 15360, 45.665
 15420, 45.926
 15480, 45.041
 15540, 43.656
 15600, 54.503
 15660, 52.145
 15720, 43.812
 15780, 41.025
 15840, 40.080
 15900, 38.560
 15960, 39.509
 16020, 30.968
 16080, 39.993
 16140, 42.594
 16200, 41.692
 16260, 28.674
 16320, 30.152
 16380, 36.044
 16440, 30.199
 16500, 31.104
 16560, 23.158
 16620, 35.833
 16680, -9999.000
 16740, 15.683
 16800, 68.858
 16860, 49.743
 16920, 32.341
 16980, 42.846
 17040, 27.906
 17100, 38.388
 17160, 35.092
 17220, 26.477
 17280, 38.085
 17340, 36.114
 17400, 31.677
 17460, 35.116
 17520, 24.040
 17580, 29.191
 17640, 27.166
 17700, 24.752
 17760, 34.416
 17820, 24.031
 17880, 21.629
 17940, 36.666
 18000, 28.473
 18060, 29.955
 18120, 37.362
 18180, 20.654
 18240, 25.413
 18300, 34.390
 18360, 26.044
 18420, 35.878
 18480, 32.450
 18540, -9999.000
 18600, 39.484
 18660, 22.697
 18720, 22.709
 18780, 31.018
 18840, 23.875
 18900, 136.152
 18960, 73.041
 19020, 28.157
 19080, 21.394
 19140, 42.469
 19200, 27.976
 19260, 33.310
 19320, 45.362
 19380, 24.635
 19440, 22.203
 19500, 24.703
 19560, 23.090
 19620, 22.958
 19680, 20.812
 19740, 23.554
 19800, 28.949
 19860, 26.691
 19920, 12.680
 19980, 39.168
 20040, 19.597
 20100, 26.792
 20160, 34.029
 20220, 39.655
 20280, 80.025
 20340, 60.222
 20400, -9999.000
 20460, 28.328
 20520, 35.014
 20580, 26.162
 20640, 17.403
 20700, 37.047
 20760, 37.595
 20820, 41.369
 20880, 47.041
 20940, 35.534
 21000, 55.520
 21060, 86.283
 21120, 84.253
 21180, 94.729
 21240, 96.704
 21300, 79.755
 21360, 88.142
 21420, 82.578
 21480, 72.409
 21540, 90.914
 21600, 94.224
 21660, 85.565
 21720, 95.418
 21780, 81.743
 21840, 77.791
 21900, 82.678
 21960, 76.807
 22020, 61.819
 22080, 76.432
 22140, 72.908
 22200, 61.456
 22260, 75.002
 22320, 73.555
 22380, 60.131
 22440, 64.311
 22500, 82.602
 22560, 80.559
 22620, 61.505
 22680, 66.384
 22740, 70.664
 22800, 66.552
 22860, 67.852
 22920, 83.248
 22980, 72.005
 23040, 75.071
 23100, 77.581
 23160, 75.445
 23220, 71.883
 23280, 76.459
 23340, 84.615
 23400, 80.318
 23460, 80.275
 23520, 84.882
 23580, 70.610
 23640, 102.931
 23700, 89.223
 23760, 91.720
 23820, 99.654
 23880, 105.432
 23940, 104.777
 24000, 92.090
 24060, -9999.000
 24120, 108.774
 24180, 109.096
 24240, 104.105
 24300, 123.145
 24360, 117.722
 24420, 134.806
 24480, 123.977
 24540, 114.844
 24600, 108.732
 24660, 146.039
 24720, 149.972
 24780, 125.836
 24840, 93.350
 24900, 118.520
 24960, 135.284
 25020, 116.758
 25080, 131.436
 25140, 164.889
 25200, 165.754
 25260, 141.307
 25320, 149.546
 25380, 165.583
 25440, 167.428
 25500, 149.882
 25560, 134.178
 25620, 142.985
 25680, 151.115
 25740, 163.922
 25800, 168.466
 25860, 151.113
 25920, 151.692
 25980, 166.570
 26040, 166.862
 26100, 160.298
 26160, 150.632
 26220, 169.345
 26280, 165.197
 26340, 142.848
 26400, 144.930
 26460, 146.934
 26520, 117.949
 26580, 121.362
 26640, 139.188
 26700, 132.081
 26760, 129.617
 26820, 108.264
 26880, 117.187
 26940, 96.980
 27000, 118.320
 27060, 100.284
 27120, 93.993
 27180, 112.985
 27240, 94.669
 27300, 93.863
 27360, 102.857
 27420, 74.235
 27480, 69.471
 27540, 74.387
 27600, 56.541
 27660, 60.484
 27720, 70.649
 27780, -9999.000
 27840, 64.859
 27900, 62.112
 27960, 52.885
 28020, 63.140
 28080, 67.410
 28140, 51.869
 28200, 62.848
 28260, 74.323
 28320, 70.798
 28380, 56.353
 28440, 58.340
 28500, 87.767
 28560, 75.047
 28620, 70.761
 28680, 57.634
 28740, 58.459
 28800, 64.634
 28860, 63.903
 28920, 62.301
 28980, 72.461
 29040, 81.496
 29100, 93.481
 29160, 70.373
 29220, 74.244
 29280, 84.165
 29340, 81.845
 29400, 80.711
 29460, 87.521
 29520, 70.587
 29580, 86.784
 29640, 93.659
 29700, 88.330
 29760, 72.848
 29820, 87.492
 29880, 85.736
 29940, 83.142
 30000, 77.392
 30060, 81.280
 30120, 85.068
 30180, 80.175
 30240, 78.180
 30300, 88.253
 30360, 73.476
 30420, 76.078
 30480, 62.014
 30540, 73.550
 30600, 72.267
 30660, 69.582
 30720, 51.526
 30780, 70.502
 30840, 67.534
 30900, 62.255
 30960, 61.563
 31020, 60.707
 31080, 68.097
 31140, 70.309
 31200, 77.838
 31260, 93.677
 31320, 87.270
 31380, 104.417
 31440, 77.267
 31500, 131.659
 31560, 110.807
 31620, 98.435
 31680, 90.833
 31740, 99.288
 31800, 101.820
 31860, 101.395
 31920, 100.239
 31980, 79.002
 32040, 95.703
 32100, 112.500
 32160, 111.571
 32220, 90.434
 32280, 101.851
 32340, 114.040
 32400, 123.203
 32460, 106.583
 32520, 107.487
 32580, 117.752
 32640, 101.363
 32700, 82.063
 32760, 96.462
 32820, 109.850
 32880, 86.637
 32940, 73.515
 33000, 62.555
 33060, 87.743
 33120, 93.482
 33180, 83.979
 33240, 81.427
 33300, 80.617
 33360, 75.627
 33420, 54.209
 33480, 51.510
 33540, 57.290
 33600, 78.218
 33660, 76.372
 33720, 64.059
 33780, 81.762
 33840, 84.180
 33900, 75.502
 33960, 52.810
 34020, 69.630
 34080, 71.586
 34140, 70.681
 34200, 60.276
 34260, 60.863
 34320, 57.491
 34380, 56.052
 34440, 47.521
 34500, 67.513
 34560, 67.591
 34620, 66.306
 34680, 59.384
 34740, 71.726
 34800, 86.364
 34860, 70.369
 34920, 63.208
 34980, 78.388
 35040, 75.989
 35100, 73.284
 35160, -9999.000
 35220, 82.509
 35280, 86.986
 35340, 85.137
 35400, 80.522
 35460, 72.987
 35520, 71.204
 35580, 95.733
 35640, 90.593
 35700, 81.960
 35760, 89.652
 35820, 66.728
 35880, 95.247
 35940, 91.420
 36000, 90.057
 36060, 98.997
 36120, 104.133
 36180, 77.357
 36240, 72.524
 36300, 77.170
 36360, 83.742
 36420, 84.640
 36480, 72.943
 36540, 85.327
 36600, 107.283
 36660, 91.539
 36720, 75.967
 36780, 82.407
 36840, 82.755
 36900, 86.353
 36960, 82.759
 37020, -9999.000
 37080, 110.293
 37140, 98.062
 37200, 96.687
 37260, 98.965
 37320, 109.787
 37380, 74.738
 37440, 76.493
 37500, 102.886
 37560, 101.411
 37620, 81.691
 37680, 73.326
 37740, 113.331
 37800, 109.406
 37860, 98.097
 37920, 89.484
 37980, 100.845
 38040, 116.075
 38100, 96.731
 38160, 99.665
 38220, 107.330
 38280, 103.083
 38340, 99.503
 38400, 108.421
 38460, 121.848
 38520, 110.287
 38580, 103.650
 38640, 76.355
 38700, 97.955
 38760, 112.101
 38820, 102.679
 38880, -9999.000
 38940, 94.402
 39000, 87.782
 39060, 71.730
 39120, 75.465
 39180, 99.774
 39240, 87.657
 39300, 81.759
 39360, 93.760
 39420, 97.065
 39480, 99.617
 39540, 86.050
 39600, 84.512
 39660, 102.505
 39720, 101.309
 39780, 85.498
 39840, 91.213
 39900, 97.609
 39960, 106.282
 40020, 85.759
 40080, 83.416
 40140, 99.730
 40200, 113.311
 40260, 100.108
 40320, 101.736
 40380, 113.663
 40440, 103.428
 40500, 70.595
 40560, 96.365
 40620, 124.185
 40680, 105.318
 40740, 52.157
 40800, 48.229
 40860, 81.759
 40920, 101.090
 40980, 94.981
 41040, 143.852
 41100, 155.600
 41160, 122.027
 41220, 96.569
 41280, 111.516
 41340, 145.450
 41400, 113.435
 41460, 112.396
 41520, 107.026
 41580, 111.472
 41640, 101.531
 41700, 86.996
 41760, 89.150
 41820, 110.182
 41880, 114.109
 41940, 96.100
 42000, 90.875
 42060, 94.666
 42120, 114.047
 42180, 113.352
 42240, 102.063
 42300, 100.922
 42360, 97.197
 42420, 103.504
 42480, 121.146
 42540, -9999.000
 42600, 124.883
 42660, 115.128
 42720, 94.689
 42780, 104.687
 42840, 117.998
 42900, 111.165
 42960, 99.500
 43020, 123.708
 43080, 106.189
 43140, 135.402
 43200, 141.860
 43260, 120.265
 43320, 114.200
 43380, 145.836
 43440, 159.036
 43500, 128.770
 43560, 98.480
 43620, 122.277
 43680, 143.191
 43740, 136.459
 43800, 125.172
 43860, 188.744
 43920, 218.389
 43980, 157.538
 44040, 126.437
 44100, 157.163
 44160, 166.763
 44220, 161.202
 44280, 192.696
 44340, 187.840
 44400, -9999.000
 44460, 162.425
 44520, 196.797
 44580, 204.312
 44640, 175.444
 44700, 148.415
 44760, 141.504
 44820, 168.491
 44880, 143.876
 44940, 137.028
 45000, 156.247
 45060, 221.479
 45120, 181.329
 45180, 173.064
 45240, 187.475
 45300, 141.499
 45360, 111.250
 45420, 117.529
 45480, 113.240
 45540, 104.793
 45600, 108.017
 45660, 111.614
 45720, 155.868
 45780, 130.913
 45840, 131.471
 45900, 144.880
 45960, 178.824
 46020, 165.037
 46080, 128.028
 46140, 137.691
 46200, 144.067
 46260, -9999.000
 46320, 172.422
 46380, 125.895
 46440, 141.760
 46500, 133.659
 46560, 90.098
 46620, 106.061
 46680, 111.055
 46740, 98.428
 46800, 81.096
 46860, 86.482
 46920, 81.272
 46980, 78.886
 47040, 73.108
 47100, 81.566
 47160, 94.288
 47220, 46.840
 47280, 40.346
 47340, 66.994
 47400, 76.970
 47460, 64.263
 47520, 70.885
 47580, 62.263
 47640, 104.418
 47700, 81.556
 47760, 64.340
 47820, 75.072
 47880, 104.786
 47940, 86.025
 48000, 59.523
 48060, 59.153
 48120, 74.873
 48180, 68.532
 48240, 46.402
 48300, 55.158
 48360, 72.171
 48420, 76.408
 48480, 69.945
 48540, 76.251
 48600, 74.798
 48660, 82.370
 48720, 65.942
 48780, 57.171
 48840, 66.438
 48900, 68.078
 48960, 63.203
 49020, 75.285
 49080, 77.669
 49140, 81.086
 49200, 64.878
 49260, 68.608
 49320, 58.231
 49380, 75.674
 49440, 89.170
 49500, 78.629
 49560, 78.924
 49620, 82.481
 49680, 80.564
 49740, 96.192
 49800, 96.639
 49860, 85.040
 49920, 84.137
 49980, 111.779
 50040, 102.548
 50100, 97.087
 50160, 88.933
 50220, 84.171
 50280, 78.893
 50340, 69.641
 50400, 69.564
 50460, 69.745
 50520, 78.348
 50580, 70.136
 50640, 61.956
 50700, 60.637
 50760, 64.771
 50820, 62.050
 50880, 71.546
 50940, 66.562
 51000, 87.297
 51060, 81.191
 51120, 66.911
 51180, 69.089
 51240, 62.841
 51300, 80.994
 51360, 82.627
 51420, 72.964
 51480, 90.585
 51540, 73.163
 51600, 77.174
 51660, 70.032
 51720, 63.435
 51780, 72.649
 51840, 80.440
 51900, 72.382
 51960, 80.552
 52020, 77.123
 52080, 79.480
 52140, 87.370
 52200, 91.192
 52260, 91.538
 52320, 94.627
 52380, 76.724
 52440, 63.831
 52500, 71.474
 52560, 77.129
 52620, 72.640
 52680, 78.068
 52740, 70.820
 52800, 77.024
 52860, 90.602
 52920, 114.799
 52980, 118.450
 53040, 123.045
 53100, 102.414
 53160, 87.148
 53220, 90.047
 53280, 90.176
 53340, 99.172
 53400, 93.122
 53460, 86.893
 53520, 82.308
 53580, 95.996
 53640, -9999.000
 53700, 94.277
 53760, 83.728
 53820, 81.480
 53880, 81.621
 53940, 82.223
 54000, 99.303
 54060, 94.499
 54120, 83.518
 54180, 88.684
 54240, 95.722
 54300, 111.449
 54360, 89.279
 54420, 94.996
 54480, 83.697
 54540, 101.095
 54600, 95.660
 54660, 92.272
 54720, 84.568
 54780, 99.744
 54840, 111.369
 54900, 96.420
 54960, 91.505
 55020, 95.845
 55080, 91.264
 55140, 84.354
 55200, 85.159
 55260, 98.119
 55320, 109.147
 55380, 95.788
 55440, 81.904
 55500, -9999.000
 55560, 79.976
 55620, 85.932
 55680, 82.180
 55740, 89.489
 55800, 74.514
 55860, 67.609
 55920, 68.386
 55980, 65.650
 56040, 70.113
 56100, 61.348
 56160, 76.790
 56220, 72.690
 56280, 73.301
 56340, 71.452
 56400, 76.741
 56460, 73.006
 56520, 79.687
 56580, 77.717
 56640, 74.034
 56700, 77.918
 56760, 81.251
 56820, 67.573
 56880, 79.441
 56940, 63.283
 57000, 59.576
 57060, 62.104
 57120, 58.460
 57180, 59.441
 57240, 50.883
 57300, 52.355
 57360, -9999.000
 57420, 53.190
 57480, 63.851
 57540, 64.285
 57600, 62.759
 57660, 52.191
 57720, 47.947
 57780, 47.663
 57840, 43.756
 57900, 46.242
 57960, 47.703
 58020, 52.589
 58080, 41.960
 58140, 44.272
 58200, 56.156
 58260, 50.099
 58320, 60.246
 58380, 48.258
 58440, 71.590
 58500, 65.007
 58560, 55.456
 58620, 58.793
 58680, 52.961
 58740, 59.522
 58800, 51.461
 58860, 59.175
 58920, 45.367
 58980, 40.216
 59040, 52.538
 59100, 52.939
 59160, 56.792
 59220, 74.299
 59280, 79.910
 59340, 60.736
 59400, 57.562
 59460, 57.213
 59520, 53.712
 59580, 44.021
 59640, 52.229
 59700, 50.000
 59760, 44.848
 59820, 51.061
 59880, 55.204
 59940, 64.788
 60000, 60.868
 60060, 77.584
 60120, 84.774
 60180, 90.854
 60240, 70.191
 60300, 67.773
 60360, 73.674
 60420, 70.806
 60480, 75.065
 60540, 72.879
 60600, 65.719
 60660, 62.320
 60720, 62.317
 60780, 73.648
 60840, 70.287
 60900, 73.739
 60960, 74.690
 61020, -9999.000
 61080, 69.271
 61140, 73.513
 61200, 82.879
 61260, 73.305
 61320, 76.848
 61380, 75.771
 61440, 81.235
 61500, 89.611
 61560, 74.790
 61620, 59.821
 61680, 71.170
 61740, 81.279
 61800, 68.616
 61860, 77.989
 61920, 79.421
 61980, 77.424
 62040, 91.315
 62100, 76.131
 62160, 77.619
 62220, 59.190
 62280, 56.615
 62340, 65.339
 62400, 72.926
 62460, 72.537
 62520, 91.357
 62580, 76.720
 62640, 90.667
 62700, 70.982
 62760, 75.245
 62820, 74.019
 62880, -9999.000
