CampaignData_and_Merges/R0/CSL_MobileLab_Parked/raw/20240730/USOS-NOAAIodideCIMS-OrgNitrs_MobileLabGround_20240730_RA.ict
37, 1001
Michael A Robinson, Chris Jernigan, Subi Thakali
NOAA ESRL Chemical Sciences Laboratory and CIRES, U. of Colorado
NOAA Iodide CIMS Instrument
USOS
1, 1
2024, 07, 30, 2024, 07, 31
1
starttime_UTC, seconds_past_midnight, seconds_of_day_since_00:00:00_UTC
5
1, 1, 1, 1, 1
-9999, -9999, -9999, -9999, -9999
C4H7NO5_NOAACIMS, pptv, Gas_C4H7NO5_InSitu_S_AVMR, 
ISOPN_NOAACIMS, pptv, Gas_ISOPN_InSitu_S_AVMR, 
C5H10O3_NOAACIMS, pptv, Gas_C5H10O3_InSitu_S_AVMR, 
C5H9NO5_NOAACIMS, pptv, Gas_C5H9NO5_InSitu_S_AVMR, 
C10H17NO4_NOAACIMS, pptv, Gas_C10H17NO4_InSitu_S_AVMR, 
0
18
PI_CONTACT_INFO: 325 Broadway, R/CSD 7, Boulder, Colorado 80305; michael.a.robinson@noaa.gov; chris.jernigan@noaa.gov;
PLATFORM: NOAA CSL Mobile Lab
LOCATION: SLC, Utah
ASSOCIATED_DATA: 1Hz data also available on request.
INSTRUMENT_INFO: NOAA I- ToF CIMS
DATA_INFO: All data in parts per trillion by volume (pptv). 1 Hz data is available upon request.
UNCERTAINTY: TBD
ULOD_FLAG: -7777
ULOD_VALUE: N/A
LLOD_FLAG: -8888
LLOD_VALUE: N/A
DM_CONTACT_INFO: Nathan Howard; nathan.h.howard@noaa.gov
PROJECT_INFO: USOS, summer 2024. https://csl.noaa.gov/groups/csl7/measurements/2024usos/
STIPULATIONS_ON_USE: Users are strongly encouraged to contact the PI for proper data usage.
OTHER_COMMENTS: 
REVISION: RA
RA: Preliminary Data; For in-field use only
starttime_UTC, C4H7NO5_NOAACIMS, ISOPN_NOAACIMS, C5H10O3_NOAACIMS, C5H9NO5_NOAACIMS, C10H17NO4_NOAACIMS
[from data line 677]
 40620,  0.689,  1.636,  9.989,  1.291,  0.616
 40680,  0.704,  1.682, 10.017,  1.294,  0.708
 40740,  0.682,  1.824, 11.224,  1.382,  0.706
 40800,  0.775,  1.982, 11.801,  1.459,  0.666
 40860,  0.731,  1.738, 11.402,  1.490,  0.615
 40920,  0.697,  1.688, 11.120,  1.328,  0.590
 40980,  0.715,  1.783, 10.675,  1.357,  0.674
 41040,  0.696,  1.719, 10.815,  1.392,  0.590
 41100,  0.657,  1.714,  9.826,  1.256,  0.580
 41160,  0.753,  1.870,  9.932,  1.255,  0.619
 41220,  0.739,  1.740, 11.083,  1.290,  0.693
 41280,  0.733,  1.686, 10.836,  1.282,  0.680
 41340,  0.729,  1.690,  9.877,  1.315,  0.573
 41400,  0.728,  1.847, 10.316,  1.303,  0.628
 41460,  0.667,  1.670, 10.418,  1.255,  0.662
 41520,  0.707,  1.747, 10.453,  1.332,  0.710
 41580,  0.678,  1.787,  9.840,  1.336,  0.608
 41640,  0.690,  1.612,  9.805,  1.220,  0.511
 41700,  0.739,  1.767, 10.564,  1.322,  0.728
 41760,  0.709,  1.867, 10.830,  1.363,  0.703
 41820,  0.667,  1.566, 10.328,  1.217,  0.716
 41880,  0.686,  1.476,  9.808,  1.203,  0.594
 41940,  0.662,  1.470, 10.061,  1.251,  0.599
 42000,  0.686,  1.602,  9.758,  1.126,  0.655
 42060,  0.680,  1.528,  9.424,  1.254,  0.686
 42120,  0.673,  1.650,  9.661,  1.123,  0.604
 42180,  0.649,  1.519,  9.577,  1.114,  0.634
 42240,  0.666,  1.492,  9.466,  1.223,  0.672
 42300,  0.684,  1.628,  9.330,  1.232,  0.787
 42360,  0.657,  1.546,  9.671,  1.271,  0.772
 42420,  0.693,  1.564,  9.849,  1.260,  0.686
 42480,  0.657,  1.635,  9.365,  1.185,  0.696
 42540, -9999.000, -9999.000, -9999.000, -9999.000, -9999.000
 42600,  0.576,  1.576,  8.888,  1.323,  0.646
 42660,  0.669,  1.658,  8.786,  1.151,  0.647
 42720,  0.631,  1.666,  8.672,  1.175,  0.725
 42780,  0.667,  1.541,  9.385,  1.129,  0.726
 42840,  0.644,  1.537,  8.722,  1.118,  0.660
 42900,  0.652,  1.549,  9.383,  1.135,  0.695
 42960,  0.682,  1.495,  8.911,  1.173,  0.704
 43020,  0.686,  1.533,  8.773,  1.166,  0.744
 43080,  0.672,  1.580,  9.855,  1.322,  0.754
 43140,  0.657,  1.803,  8.990,  1.168,  0.679
 43200,  0.640,  1.527,  8.676,  1.054,  0.674
 43260,  0.641,  1.489,  8.765,  1.332,  0.670
 43320,  0.638,  1.560,  9.199,  1.242,  0.711
 43380,  0.661,  1.464,  9.336,  1.336,  0.597
 43440,  0.650,  1.487,  8.417,  1.234,  0.665
 43500,  0.675,  1.434,  9.010,  1.243,  0.762
 43560,  0.637,  1.470,  9.628,  1.410,  0.707
 43620,  0.689,  1.621,  9.116,  1.232,  0.667
 43680,  0.683,  1.419,  8.839,  1.271,  0.613
 43740,  0.667,  1.463,  8.990,  1.170,  0.724
 43800,  0.646,  1.465,  9.095,  1.307,  0.684
 43860,  0.676,  1.437,  9.317,  1.236,  0.714
 43920,  0.659,  1.512,  8.992,  1.226,  0.670
 43980,  0.674,  1.570,  9.173,  1.250,  0.692
 44040,  0.686,  1.496,  8.591,  1.311,  0.762
 44100,  0.666,  1.347,  9.379,  1.364,  0.763
 44160,  0.648,  1.313,  8.663,  1.300,  0.638
 44220,  0.699,  1.464,  9.264,  1.376,  0.649
 44280,  0.704,  1.415,  8.806,  1.359,  0.762
 44340,  0.685,  1.557,  8.746,  1.353,  0.669
 44400, -9999.000, -9999.000, -9999.000, -9999.000, -9999.000
 44460,  0.707,  1.539,  8.821,  1.212,  0.732
 44520,  0.697,  1.634,  8.563,  1.320,  0.787
 44580,  0.706,  1.404,  8.389,  1.281,  0.624
 44640,  0.729,  1.337,  8.658,  1.333,  0.675
 44700,  0.727,  1.573,  8.784,  1.360,  0.730
 44760,  0.716,  1.585,  9.113,  1.418,  0.657
 44820,  0.723,  1.399,  9.006,  1.440,  0.619
 44880,  0.753,  1.576,  8.410,  1.419,  0.643
 44940,  0.770,  1.461,  9.540,  1.496,  0.551
 45000,  0.761,  1.625,  9.072,  1.469,  0.610
 45060,  0.737,  1.719,  9.193,  1.415,  0.657
 45120,  0.727,  1.522,  9.405,  1.380,  0.621
 45180,  0.732,  1.527,  9.186,  1.456,  0.681
 45240,  0.750,  1.391,  8.738,  1.370,  0.614
 45300,  0.770,  1.534,  8.867,  1.450,  0.612
 45360,  0.767,  1.466,  9.414,  1.483,  0.592
 45420,  0.778,  1.534,  8.917,  1.612,  0.633
 45480,  0.754,  1.526,  8.904,  1.413,  0.561
 45540,  0.750,  1.504,  9.222,  1.457,  0.559
 45600,  0.751,  1.492,  9.220,  1.495,  0.639
 45660,  0.774,  1.571,  9.321,  1.627,  0.569
 45720,  0.764,  1.398,  9.087,  1.436,  0.561
 45780,  0.799,  1.475,  9.001,  1.497,  0.573
 45840,  0.774,  1.661,  9.843,  1.502,  0.574
 45900,  0.795,  1.579,  9.338,  1.509,  0.624
 45960,  0.777,  1.472,  8.715,  1.552,  0.562
 46020,  0.764,  1.466,  8.833,  1.386,  0.599
 46080,  0.790,  1.639,  9.092,  1.454,  0.618
 46140,  0.783,  1.522,  8.788,  1.596,  0.600
 46200,  0.771,  1.537,  8.372,  1.449,  0.495
 46260, -9999.000, -9999.000, -9999.000, -9999.000, -9999.000
 46320,  0.770,  1.605,  8.250,  1.378,  0.586
 46380,  0.785,  1.380,  8.475,  1.430,  0.437
 46440,  0.760,  1.426,  8.199,  1.496,  0.470
 46500,  0.775,  1.615,  8.379,  1.427,  0.491
 46560,  0.784,  1.779,  9.270,  1.479,  0.549
 46620,  0.775,  1.561,  8.064,  1.370,  0.520
 46680,  0.798,  1.531,  8.023,  1.425,  0.396
 46740,  0.779,  1.770,  8.831,  1.395,  0.445
 46800,  0.745,  1.669,  9.125,  1.528,  0.443
 46860,  0.788,  1.461,  9.109,  1.557,  0.436
 46920,  0.874,  1.854, 10.146,  1.707,  0.649
 46980,  0.868,  1.843, 10.463,  1.528,  0.593
 47040,  0.857,  1.774, 10.491,  1.668,  0.491
 47100,  0.855,  1.483,  9.995,  1.465,  0.480
 47160,  0.809,  1.275,  9.068,  1.359,  0.396
 47220,  0.763,  1.270,  8.904,  1.460,  0.367
 47280,  0.810,  1.482, 10.153,  1.342,  0.491
 47340,  0.772,  1.400,  8.846,  1.311,  0.363
 47400,  0.796,  1.440,  8.304,  1.318,  0.336
 47460,  0.812,  1.495,  9.041,  1.332,  0.385
 47520,  0.784,  1.443,  9.407,  1.282,  0.451
 47580,  0.811,  1.554,  8.896,  1.284,  0.349
 47640,  0.760,  1.433,  7.778,  1.228,  0.358
 47700,  0.771,  1.529,  7.942,  1.366,  0.439
 47760,  0.776,  1.594,  8.454,  1.502,  0.445
 47820,  0.810,  1.617,  8.404,  1.419,  0.406
 47880,  0.812,  1.613,  8.010,  1.357,  0.404
 47940,  0.827,  1.506,  8.170,  1.395,  0.321
 48000,  0.809,  1.608,  9.223,  1.404,  0.452
 48060,  0.863,  1.763,  8.872,  1.417,  0.372
 48120,  0.767,  1.142,  7.919,  1.291,  0.291
 48180,  0.803,  1.840,  8.147,  1.361,  0.408
 48240,  0.854,  1.695,  9.141,  1.336,  0.359
 48300,  0.822,  1.924,  8.623,  1.426,  0.423
 48360,  0.862,  1.952,  7.598,  1.276,  0.442
 48420,  0.801,  1.769,  7.762,  1.309,  0.343
 48480,  0.869,  2.023,  9.018,  1.361,  0.447
 48540,  0.874,  1.922,  7.900,  1.419,  0.419
 48600,  0.787,  1.914,  7.340,  1.298,  0.265
 48660,  0.813,  1.885,  7.678,  1.285,  0.378
 48720,  0.822,  2.416,  8.470,  1.350,  0.359
 48780,  0.804,  2.160,  7.626,  1.296,  0.381
 48840,  0.824,  2.430,  7.678,  1.221,  0.416
 48900,  0.855,  2.213,  7.706,  1.391,  0.378
 48960,  0.866,  2.775,  7.531,  1.341,  0.448
 49020,  0.844,  2.749,  8.242,  1.195,  0.404
 49080,  0.862,  2.908,  8.026,  1.264,  0.304
 49140,  0.870,  2.770,  7.336,  1.243,  0.371
 49200,  0.859,  2.822,  7.190,  1.358,  0.350
 49260,  0.912,  3.149,  8.221,  1.353,  0.413
 49320,  0.887,  3.224,  8.441,  1.268,  0.381
 49380,  0.872,  3.166,  7.778,  1.392,  0.355
 49440,  0.886,  3.046,  8.164,  1.332,  0.385
 49500,  0.931,  3.284,  8.075,  1.372,  0.462
 49560,  0.969,  3.430,  8.506,  1.446,  0.441
 49620,  0.976,  3.692,  8.595,  1.571,  0.480
 49680,  0.965,  3.866,  8.597,  1.505,  0.411
 49740,  0.984,  4.215,  8.251,  1.523,  0.429
 49800,  0.941,  4.090,  7.811,  1.339,  0.419
 49860,  0.961,  4.486,  8.359,  1.344,  0.378
 49920,  1.022,  4.177,  7.637,  1.401,  0.276
 49980,  1.049,  4.807,  6.291,  1.187,  0.589
 50040,  0.985,  4.837,  6.960,  1.301,  0.396
 50100,  1.030,  4.872,  7.786,  1.482,  0.468
 50160,  1.029,  5.071,  8.805,  1.593,  0.429
 50220,  1.040,  5.351,  8.201,  1.491,  0.440
 50280,  0.999,  5.433,  8.786,  1.535,  0.476
 50340,  1.013,  5.597,  8.010,  1.381,  0.432
 50400,  0.980,  5.623,  8.008,  1.505,  0.399
 50460,  1.040,  5.930,  8.816,  1.548,  0.473
 50520,  1.093,  6.230,  9.013,  1.641,  0.456
 50580,  1.082,  6.233,  8.862,  1.534,  0.522
 50640,  1.079,  6.651,  8.797,  1.557,  0.457
 50700,  1.029,  7.216,  8.374,  1.486,  0.366
 50760,  1.106,  7.493,  8.653,  1.575,  0.366
 50820,  1.132,  7.345,  9.624,  1.580,  0.408
 50880,  1.184,  7.661,  9.641,  1.663,  0.553
 50940,  1.173,  7.571,  9.715,  1.747,  0.466
 51000,  1.145,  7.981,  9.436,  1.638,  0.473
 51060,  1.232,  8.120,  9.374,  1.742,  0.425
 51120,  1.188,  8.312,  9.879,  1.787,  0.469
 51180,  1.206,  8.637, 10.289,  1.700,  0.520
 51240,  1.259,  9.101, 10.407,  1.674,  0.469
 51300,  1.244,  9.001,  9.788,  1.681,  0.447
 51360,  1.232,  9.943,  9.629,  1.696,  0.484
 51420,  1.289, 10.694,  9.590,  1.633,  0.500
 51480,  1.322, 10.749,  9.954,  1.707,  0.573
 51540,  1.375, 11.217, 10.486,  1.677,  0.552
 51600,  1.374, 11.236, 10.532,  1.916,  0.540
 51660,  1.373, 11.396,  9.964,  1.816,  0.507
 51720,  1.362, 12.119, 10.960,  1.802,  0.588
 51780,  1.494, 11.632, 12.006,  2.062,  0.528
 51840,  1.465, 12.491,  9.288,  1.781,  0.577
 51900,  1.509, 12.823, 10.494,  1.924,  0.625
 51960,  1.546, 13.143, 10.955,  1.923,  0.605
 52020,  1.612, 13.680, 11.216,  2.014,  0.664
 52080,  1.596, 13.801, 11.611,  1.898,  0.582
 52140,  1.622, 14.369, 10.993,  2.017,  0.673
 52200,  1.638, 14.521, 10.944,  2.029,  0.653
 52260,  1.640, 15.150, 11.129,  1.879,  0.659
 52320,  1.631, 15.383, 10.130,  1.870,  0.546
 52380,  1.673, 16.376, 10.763,  1.920,  0.557
 52440,  1.688, 16.910, 11.030,  1.871,  0.644
 52500,  1.733, 17.289, 10.844,  1.787,  0.673
 52560,  1.763, 17.981, 11.662,  1.933,  0.599
 52620,  1.748, 18.027, 10.559,  2.008,  0.576
 52680,  1.808, 18.148, 11.008,  1.917,  0.557
 52740,  1.822, 18.511, 10.621,  1.931,  0.595
 52800,  1.893, 19.047, 10.927,  1.880,  0.634
 52860,  1.883, 18.124, 11.125,  1.990,  0.577
 52920,  2.037, 18.399, 11.634,  2.145,  0.626
 52980,  1.979, 18.160, 12.668,  2.222,  0.532
 53040,  2.070, 18.759, 13.309,  2.183,  0.612
 53100,  2.108, 20.311, 11.765,  2.094,  0.675
 53160,  2.138, 21.038, 11.825,  2.163,  0.788
 53220,  2.199, 21.836, 11.219,  2.197,  0.690
 53280,  2.219, 23.244, 11.404,  2.159,  0.667
 53340,  2.234, 22.980, 11.898,  2.032,  0.740
 53400,  2.238, 22.749, 11.317,  2.195,  0.797
 53460,  2.290, 22.045, 11.072,  2.232,  0.753
 53520,  2.206, 21.312, 10.876,  2.129,  0.719
 53580,  2.430, 22.355, 11.545,  2.151,  0.708
 53640, -9999.000, -9999.000, -9999.000, -9999.000, -9999.000
 53700,  2.449, 23.123, 10.448,  2.260,  0.735
 53760,  2.560, 23.825, 11.261,  2.295,  0.813
 53820,  2.582, 23.997, 11.281,  2.345,  0.779
 53880,  2.538, 24.393, 11.122,  2.212,  0.903
 53940,  2.597, 24.160, 11.006,  2.345,  0.937
 54000,  2.618, 23.960, 11.108,  2.315,  0.855
 54060,  2.634, 23.581, 10.930,  2.246,  0.856
 54120,  2.793, 25.473, 12.021,  2.473,  1.019
 54180,  2.930, 25.260, 11.914,  2.422,  0.884
 54240,  2.719, 23.787, 11.093,  2.385,  0.830
 54300,  2.703, 23.683, 11.651,  2.390,  0.976
 54360,  2.475, 18.501,  9.822,  2.172,  0.967
 54420,  2.466, 17.204,  9.724,  2.256,  0.908
 54480,  2.406, 16.661,  9.554,  2.230,  0.997
 54540,  2.592, 17.328,  9.806,  2.409,  1.068
 54600,  2.720, 19.734, 10.218,  2.497,  1.022
 54660,  2.834, 20.345, 10.191,  2.550,  1.099
 54720,  2.651, 18.108,  9.846,  2.442,  1.038
 54780,  2.676, 18.301, 10.669,  2.403,  0.959
 54840,  2.586, 17.897, 10.421,  2.457,  0.822
 54900,  2.735, 18.713,  9.795,  2.517,  0.958
 54960,  2.585, 16.922, 10.021,  2.255,  0.637
 55020,  2.499, 16.004,  9.913,  2.261,  0.840
 55080,  2.560, 16.714,  9.993,  2.431,  0.782
 55140,  2.599, 17.904,  9.908,  2.368,  1.015
 55200,  2.770, 19.762, 10.239,  2.494,  1.113
 55260,  2.822, 19.472, 10.507,  2.448,  1.067
 55320,  2.833, 19.431, 10.842,  2.728,  1.057
 55380,  2.871, 19.309, 11.071,  2.579,  0.982
 55440,  2.835, 18.118, 10.860,  2.620,  1.049
 55500, -9999.000, -9999.000, -9999.000, -9999.000, -9999.000
 55560,  2.681, 16.914,  9.929,  2.341,  0.912
 55620,  2.699, 17.128,  9.619,  2.327,  0.969
 55680,  2.688, 16.853,  9.383,  2.546,  0.900
 55740,  2.758, 17.138,  9.736,  2.466,  0.933
 55800,  2.897, 18.521, 10.459,  2.440,  0.983
 55860,  2.880, 17.921, 10.042,  2.499,  0.895
 55920,  2.565, 14.997, 10.114,  2.443,  0.894
 55980,  2.410, 13.419,  9.198,  2.222,  0.787
 56040,  2.383, 13.609,  9.310,  2.286,  0.727
 56100,  2.535, 15.657,  9.497,  2.392,  0.514
 56160,  2.650, 16.816, 10.048,  2.528,  0.526
 56220,  2.649, 15.757,  9.573,  2.319,  0.682
 56280,  2.627, 14.285,  9.792,  2.279,  0.711
 56340,  2.481, 12.133,  9.981,  2.303,  0.716
 56400,  2.381, 11.792, 10.249,  2.224,  0.689
 56460,  2.347, 12.003,  9.356,  2.266,  0.636
 56520,  2.334, 10.858,  9.015,  2.376,  0.640
 56580,  2.316, 10.326,  9.351,  2.237,  0.680
 56640,  2.318, 10.848,  9.426,  2.171,  0.679
 56700,  2.281, 10.493,  9.796,  2.234,  0.663
 56760,  2.195,  9.844,  8.994,  2.109,  0.622
 56820,  2.167,  9.495,  8.893,  1.990,  0.447
 56880,  2.169,  9.482,  8.616,  2.212,  0.509
 56940,  2.121,  8.981,  8.568,  2.031,  0.446
 57000,  2.180,  9.559,  9.105,  2.034,  0.486
 57060,  2.163,  9.599,  8.356,  1.974,  0.602
 57120,  2.224,  9.722,  9.010,  2.134,  0.493
 57180,  2.255, 10.122,  8.290,  2.093,  0.543
 57240,  2.343, 11.592,  8.658,  2.098,  0.538
 57300,  2.242, 10.077,  8.984,  1.869,  0.412
 57360, -9999.000, -9999.000, -9999.000, -9999.000, -9999.000
 57420,  2.140, 10.364,  7.632,  1.933,  0.385
 57480,  2.201, 10.413,  8.116,  1.946,  0.390
 57540,  2.167,  9.838,  8.804,  1.956,  0.460
 57600,  2.153,  9.054,  7.946,  1.955,  0.413
 57660,  2.193,  9.503,  8.764,  1.938,  0.453
 57720,  2.323, 10.430,  8.985,  1.929,  0.495
 57780,  2.393, 11.360,  8.907,  1.906,  0.483
 57840,  2.476, 12.059,  9.002,  2.150,  0.442
 57900,  2.496, 12.037,  9.518,  2.072,  0.477
 57960,  2.504, 12.313,  8.998,  2.062,  0.469
 58020,  2.533, 12.457,  8.332,  1.991,  0.469
 58080,  2.645, 12.765,  9.485,  2.065,  0.525
 58140,  2.640, 13.229,  9.217,  2.103,  0.452
 58200,  2.646, 13.147,  9.134,  2.114,  0.491
 58260,  2.765, 13.675,  9.160,  2.132,  0.484
 58320,  2.734, 13.457,  9.448,  2.022,  0.417
 58380,  2.959, 14.700,  9.520,  2.213,  0.490
 58440,  2.862, 14.679, 10.400,  2.261,  0.541
 58500,  2.958, 15.252, 10.195,  2.116,  0.490
 58560,  3.089, 15.762, 10.152,  2.198,  0.495
 58620,  3.066, 15.435, 10.525,  2.222,  0.529
 58680,  3.022, 15.651,  9.881,  2.164,  0.491
 58740,  3.133, 16.294, 10.818,  2.169,  0.514
 58800,  3.331, 18.130, 10.761,  2.239,  0.454
 58860,  3.405, 18.394, 11.202,  2.288,  0.472
 58920,  3.479, 19.376, 11.532,  2.034,  0.560
 58980,  3.534, 18.578, 11.489,  2.253,  0.475
 59040,  3.558, 18.688, 11.483,  2.170,  0.388
 59100,  3.532, 19.811, 11.764,  2.131,  0.416
 59160,  3.656, 18.957, 11.030,  2.041,  0.393
 59220,  3.379, 18.869, 11.233,  2.199,  0.423
 59280,  3.556, 19.028, 11.132,  2.276,  0.524
 59340,  3.805, 20.318, 10.770,  2.330,  0.444
 59400,  3.938, 20.625, 10.918,  2.341,  0.447
 59460,  3.839, 20.864, 10.967,  2.326,  0.570
 59520,  3.955, 21.299, 11.370,  2.321,  0.434
 59580,  4.036, 22.303, 11.456,  2.419,  0.506
 59640,  4.209, 21.637, 11.003,  2.392,  0.423
 59700,  4.297, 22.276, 11.659,  2.468,  0.527
 59760,  4.295, 22.054, 12.072,  2.547,  0.576
 59820,  4.424, 23.096, 11.316,  2.377,  0.675
 59880,  4.347, 22.547, 11.527,  2.407,  0.516
 59940,  4.423, 22.550, 11.768,  2.458,  0.473
 60000,  4.548, 23.007, 12.048,  2.499,  0.560
 60060,  4.462, 22.732, 11.651,  2.564,  0.622
 60120,  4.389, 22.137, 13.101,  2.771,  0.670
 60180,  4.457, 22.785, 12.815,  2.574,  0.662
 60240,  4.709, 25.368, 12.113,  2.508,  0.645
 60300,  4.809, 25.047, 12.208,  2.410,  0.610
 60360,  4.831, 24.884, 12.240,  2.683,  0.619
 60420,  4.757, 24.413, 11.707,  2.703,  0.582
 60480,  4.906, 25.576, 11.816,  2.689,  0.734
 60540,  5.079, 26.633, 13.090,  2.601,  0.658
 60600,  5.789, 31.109, 13.167,  2.714,  0.642
 60660,  5.993, 30.848, 13.772,  2.792,  0.788
 60720,  6.053, 32.086, 13.376,  2.748,  0.655
 60780,  6.221, 31.201, 13.225,  2.923,  0.689
 60840,  5.767, 28.873, 13.764,  2.760,  0.766
