CampaignData_and_Merges/R0/CSL_MobileLab_Parked/raw/20240730/USOS-jNO2_MobileLabGround_20240730_R0.ict
52,1001
Waxman, E.; Rollins, A.; Zuraski, K.; Chace, W.
NOAA Chemical Sciences Laboratory
jNO2 filter radiometer on CSL Mobile Lab
AMMBEC / USOS
1, 1
2024,07,30, 2025,04,01
60
Time_Start, seconds, number_of_seconds_since_0000_UTC
20
1, 1, 1, 1, 1, 1, 1, 1, 1, 1, 1, 1, 1, 1, 1, 1, 1, 1, 1, 1
-9999, -9999, -9999, -9999, -9999, -9999, -9999, -9999, -9999, -9999, -9999, -9999, -9999, -9999, -9999, -9999, -9999, -9999, -9999, -9999
Time_Stop, seconds, number_of_seconds_since_0000_UTC
jNO2_meas, per second, photolysis rate of NO2 measured using a filter radiometer.
jBrCl, per second, photolysis rate of BrCl -> Br + Cl calculated in TUV for cloud-free sky with local AOD
jBr2, per second, photolysis rate of Br2 -> Br + Br calculated in TUV for cloud-free sky with local AOD
jCCl4, per second, photolysis rate of CCl4 -> Products calcualted in TUV for cloud-free sky with local AOD
jCH2Oa, per second, photolysis rate of CH2O -> H + HCO calculated in TUV for cloud-free sky with local AOD
jCH2Ob, per second, photolysis rate of CH2O -> H2 + CO calculated in TUV for cloud-free sky with local AOD
jClNO2, per second, photolysis rate of ClNO2 -> Cl + NO2 calculated in TUV for cloud-free sky with local AOD
jClOa, per second, photolysis rate of ClO -> Cl + O(1D) calculated in TUV for cloud-free sky with local AOD
jClOb, per second, photolysis rate of ClO -> Cl + O(3P) calculated in TUV for cloud-free sky with local AOD
jCl2, per second, photolysis rate of Cl2 -> Cl + Cl calculated in TUV for cloud-free sky with local AOD
jHNO2, per second, photolysis rate of HNO2 -> OH + NO calculated in TUV for cloud-free sky with local AOD
jHNO3, per second, photolysis rate of HNO3 -> OH + NO2 calculated in TUV for cloud-free sky with local AOD
jI2, per second, photolysis rate of I2 -> I + I calculated in TUV for cloud-free sky with local AOD
jNO2, per second, photolysis rate of NO2 -> NO + O(3P) calculated in TUV for cloud-free sky with local AOD
jNO3a, per second, photolysis rate of NO3 -> NO + O2 calculated in TUV for cloud-free sky with local AOD
jNO3b, per second, photolysis rate of NO3 -> NO2 + O(3P) calculated in TUV for cloud-free sky with local AOD
jN2O5, per second, photolysis rate of N2O5 -> NO3 + NO + O(3P) calculated in TUV for cloud-free sky with local AOD
jO3, per second, photolysis rate of O3 -> O2 + O(1D) calculated in TUV for cloud-free sky with local AOD
AOD_500nm, unitless, UTC daily mean AOD at 500 nm from an AERONET station located at 40.178 N, -112.452 E
0
18
PI_CONTACT_INFO: eleanor.waxman@noaa.gov
PLATFORM: CSL Mobile Lab, at ground site
LOCATION: Salt Lake City, UT
ASSOCIATED_DATA:
INSTRUMENT_INFO: jNO2 filter radiometer.  TUV calculations are for mobile van lat/lon/altitude assuming clear sky (cloud AOD = 0) and daily mean AOD.
DATA_INFO:
UNCERTAINTY: Data uncertainties are +/- 20%.  These come from uncertainties in radiometer angular response, radiometer thermal response, local interferences from clouds/aerosols/shadows etc.
ULOD_FLAG: -7777
ULOD_VALUE: N/A
LLOD_FLAG: -8888
LLOD_VALUE: N/A
DM_CONTACT_INFO: eleanor.waxman@noaa.gov
PROJECT_INFO: USOS Project, July - August 2024
STIPULATIONS_ON_USE: Users are strongly encouraged to contact the PI for proper data usage.
OTHER_COMMENTS: 
REVISION: R0
R0: final data
Time_Start, Time_Stop, jNO2_meas, jBrCl, jBr2, jCCl4, jCH2Oa, jCH2Ob, jClNO2, jClOa, jClOb, jCl2, jHNO2, jHNO3, jI2, jNO2, jNO3a, jNO3b, jN2O5, jO3, AOD_500nm
[from data line 711]
   42660,   42720,-9999,6.741e-07,1.78e-06,3.336e-29,7.945e-10,2.262e-09,2.322e-08,1.32e-29,3.406e-10,1.352e-07,1.008e-07,9.429e-12,4.234e-06,6.138e-07,4.116e-07,5.077e-06,1.796e-09,2.368e-10,0.254
   42720,   42780,-9999,8.407e-07,2.217e-06,4.517e-29,1.006e-09,2.843e-09,2.912e-08,1.789e-29,4.355e-10,1.692e-07,1.26e-07,1.195e-11,5.268e-06,7.665e-07,5.076e-07,6.303e-06,2.255e-09,3.021e-10,0.254
   42780,   42840,-9999,1.035e-06,2.728e-06,6.023e-29,1.257e-09,3.525e-09,3.605e-08,2.387e-29,5.529e-10,2.09e-07,1.554e-07,1.499e-11,6.483e-06,9.444e-07,6.222e-07,7.746e-06,2.795e-09,3.823e-10,0.254
   42840,   42900,-9999,1.297e-06,3.423e-06,8.129e-29,1.592e-09,4.432e-09,4.526e-08,3.225e-29,7.11e-10,2.621e-07,1.946e-07,1.904e-11,8.15e-06,1.182e-06,7.816e-07,9.731e-06,3.514e-09,4.902e-10,0.254
   42900,   42960,-9999,1.621e-06,4.294e-06,1.062e-28,1.985e-09,5.513e-09,5.633e-08,4.217e-29,8.954e-10,3.264e-07,2.422e-07,2.38e-11,1.027e-05,1.473e-06,9.886e-07,1.226e-05,4.375e-09,6.163e-10,0.254
   42960,   43020,-9999,1.954e-06,5.191e-06,1.367e-28,2.41e-09,6.647e-09,6.788e-08,5.434e-29,1.103e-09,3.929e-07,2.913e-07,2.898e-11,1.249e-05,1.772e-06,1.216e-06,1.495e-05,5.277e-09,7.574e-10,0.254
   43020,   43080,-9999,2.441e-06,6.517e-06,1.781e-28,2.991e-09,8.235e-09,8.42e-08,7.082e-29,1.387e-09,4.879e-07,3.617e-07,3.61e-11,1.58e-05,2.203e-06,1.557e-06,1.894e-05,6.547e-09,9.51e-10,0.254
   43080,   43140,-9999,2.952e-06,7.93e-06,2.241e-28,3.586e-09,9.868e-09,1.01e-07,8.917e-29,1.674e-09,5.861e-07,4.345e-07,4.337e-11,1.943e-05,2.65e-06,1.949e-06,2.338e-05,7.856e-09,1.147e-09,0.254
   43140,   43200,-9999,3.608e-06,9.761e-06,2.787e-28,4.306e-09,1.188e-08,1.219e-07,1.11e-28,2.02e-09,7.093e-07,5.262e-07,5.217e-11,2.417e-05,3.218e-06,2.468e-06,2.918e-05,9.478e-09,1.384e-09,0.254
   43200,   43260,-9999,4.394e-06,1.197e-05,3.496e-28,5.17e-09,1.428e-08,1.469e-07,1.394e-28,2.441e-09,8.563e-07,6.352e-07,6.276e-11,2.999e-05,3.895e-06,3.128e-06,3.639e-05,1.141e-08,1.673e-09,0.254
   43260,   43320,-9999,5.326e-06,1.463e-05,4.275e-28,6.139e-09,1.703e-08,1.756e-07,1.705e-28,2.9e-09,1.027e-06,7.62e-07,7.457e-11,3.718e-05,4.686e-06,3.975e-06,4.536e-05,1.364e-08,1.989e-09,0.254
   43320,   43380,-9999,6.453e-06,1.789e-05,5.172e-28,7.251e-09,2.025e-08,2.095e-07,2.064e-28,3.42e-09,1.229e-06,9.128e-07,8.812e-11,4.607e-05,5.63e-06,5.053e-06,5.654e-05,1.625e-08,2.35e-09,0.254
   43380,   43440,-9999,7.869e-06,2.201e-05,6.328e-28,8.621e-09,2.422e-08,2.513e-07,2.527e-28,4.062e-09,1.48e-06,1.1e-06,1.048e-10,5.752e-05,6.806e-06,6.487e-06,7.107e-05,1.948e-08,2.795e-09,0.254
   43440,   43500,3.8524e-07,9.447e-06,2.668e-05,7.52e-28,1.008e-08,2.852e-08,2.969e-07,3.003e-28,4.72e-09,1.755e-06,1.305e-06,1.225e-10,7.088e-05,8.1e-06,8.24e-06,8.826e-05,2.298e-08,3.255e-09,0.254
   43500,   43560,5.3108e-07,1.124e-05,3.203e-05,8.813e-28,1.168e-08,3.328e-08,3.475e-07,3.521e-28,5.425e-09,2.062e-06,1.534e-06,1.417e-10,8.645e-05,9.552e-06,1.034e-05,0.0001085,2.687e-08,3.751e-09,0.254
   43560,   43620,5.6237e-06,1.347e-05,3.876e-05,1.034e-27,1.36e-08,3.906e-08,4.092e-07,4.133e-28,6.254e-09,2.439e-06,1.815e-06,1.647e-10,0.0001064,1.134e-05,1.311e-05,0.0001347,3.16e-08,4.335e-09,0.254
   43620,   43680,3.3148e-06,1.609e-05,4.679e-05,1.206e-27,1.579e-08,4.573e-08,4.806e-07,4.819e-28,7.176e-09,2.876e-06,2.142e-06,1.908e-10,0.0001307,1.342e-05,1.658e-05,0.0001668,3.707e-08,4.99e-09,0.254
   43680,   43740,2.6583e-06,1.901e-05,5.58e-05,1.387e-27,1.815e-08,5.299e-08,5.585e-07,5.542e-28,8.146e-09,3.356e-06,2.501e-06,2.188e-10,0.0001584,1.572e-05,2.063e-05,0.0002039,4.303e-08,5.682e-09,0.254
   43740,   43800,1.1648e-05,2.259e-05,6.695e-05,1.596e-27,2.097e-08,6.172e-08,6.526e-07,6.38e-28,9.275e-09,3.938e-06,2.935e-06,2.52e-10,0.0001934,1.851e-05,2.584e-05,0.000251,5.021e-08,6.492e-09,0.254
   43800,   43860,1.1009e-05,2.682e-05,8.022e-05,1.83e-27,2.422e-08,7.186e-08,7.62e-07,7.315e-28,1.054e-08,4.616e-06,3.442e-06,2.901e-10,0.0002357,2.177e-05,3.227e-05,0.0003084,5.856e-08,7.405e-09,0.254
   43860,   43920,1.255e-05,3.103e-05,9.362e-05,2.043e-27,2.739e-08,8.18e-08,8.692e-07,8.166e-28,1.173e-08,5.284e-06,3.94e-06,3.269e-10,0.0002796,2.498e-05,3.915e-05,0.0003688,6.674e-08,8.266e-09,0.254
   43920,   43980,2.0848e-05,3.577e-05,0.0001088,2.286e-27,3.098e-08,9.301e-08,9.898e-07,9.132e-28,1.306e-08,6.033e-06,4.497e-06,3.685e-10,0.0003306,2.858e-05,4.738e-05,0.0004399,7.593e-08,9.232e-09,0.254
   43980,   44040,1.6752e-05,4.181e-05,0.0001283,2.572e-27,3.542e-08,1.07e-07,1.141e-06,1.028e-27,1.467e-08,6.978e-06,5.2e-06,4.197e-10,0.0003956,3.313e-05,5.781e-05,0.0005304,8.746e-08,1.041e-08,0.254
   44040,   44100,2.5555e-05,4.817e-05,0.000149,2.849e-27,4.002e-08,1.215e-07,1.298e-06,1.138e-27,1.628e-08,7.962e-06,5.932e-06,4.723e-10,0.0004659,3.788e-05,6.923e-05,0.0006289,9.942e-08,1.159e-08,0.254
   44100,   44160,2.6809e-05,5.455e-05,0.00017,3.128e-27,4.471e-08,1.361e-07,1.455e-06,1.249e-27,1.79e-08,8.943e-06,6.658e-06,5.257e-10,0.0005398,4.26e-05,8.174e-05,0.0007343,1.114e-07,1.278e-08,0.254
   44160,   44220,3.6759e-05,6.392e-05,0.0002006,3.506e-27,5.135e-08,1.572e-07,1.683e-06,1.399e-27,2.017e-08,1.038e-05,7.723e-06,6.012e-10,0.0006447,4.954e-05,9.877e-05,0.0008816,1.288e-07,1.446e-08,0.254
   44220,   44280,4.1203e-05,7.037e-05,0.0002224,3.75e-27,5.606e-08,1.717e-07,1.838e-06,1.496e-27,2.17e-08,1.135e-05,8.435e-06,6.538e-10,0.0007248,5.419e-05,0.000113,0.0009984,1.406e-07,1.559e-08,0.254
   44280,   44340,4.6982e-05,7.956e-05,0.0002532,4.082e-27,6.26e-08,1.92e-07,2.058e-06,1.627e-27,2.382e-08,1.273e-05,9.452e-06,7.271e-10,0.0008352,6.085e-05,0.0001319,0.001157,1.573e-07,1.717e-08,0.254
   44340,   44400,5.6253e-05,9.088e-05,0.0002909,4.478e-27,7.059e-08,2.17e-07,2.328e-06,1.785e-27,2.64e-08,1.443e-05,1.071e-05,8.166e-10,0.0009689,6.91e-05,0.0001545,0.001349,1.779e-07,1.909e-08,0.254
   44400,   44460,5.7597e-05,9.957e-05,0.0003206,4.761e-27,7.686e-08,2.361e-07,2.533e-06,1.896e-27,2.836e-08,1.572e-05,1.165e-05,8.859e-10,0.00108,7.529e-05,0.0001744,0.001512,1.935e-07,2.054e-08,0.254
   44460,   44520,6.5524e-05,0.0001103,0.0003572,5.098e-27,8.458e-08,2.597e-07,2.785e-06,2.029e-27,3.074e-08,1.731e-05,1.282e-05,9.71e-10,0.001215,8.295e-05,0.0001984,0.001711,2.128e-07,2.231e-08,0.254
   44520,   44580,7.7773e-05,0.0001228,0.0003996,5.475e-27,9.354e-08,2.871e-07,3.08e-06,2.177e-27,3.35e-08,1.916e-05,1.418e-05,1.07e-09,0.001371,9.191e-05,0.0002258,0.001939,2.353e-07,2.437e-08,0.254
   44580,   44640,8.391e-05,0.0001364,0.0004453,5.872e-27,1.033e-07,3.17e-07,3.401e-06,2.334e-27,3.648e-08,2.118e-05,1.567e-05,1.177e-09,0.001538,0.0001017,0.0002549,0.002182,2.598e-07,2.659e-08,0.254
   44640,   44700,9.252e-05,0.0001529,0.0005007,7.288e-27,1.153e-07,3.538e-07,3.798e-06,2.561e-27,4.01e-08,2.367e-05,1.75e-05,1.309e-09,0.001738,0.0001137,0.0002905,0.002477,2.9e-07,2.93e-08,0.254
   44700,   44760,0.00010404,0.000168,0.0005519,7.538e-27,1.264e-07,3.874e-07,4.157e-06,2.714e-27,4.342e-08,2.592e-05,1.915e-05,1.431e-09,0.001929,0.0001246,0.0003254,0.00276,3.175e-07,3.178e-08,0.254
   44760,   44820,0.00011381,0.0001821,0.0006,7.823e-27,1.37e-07,4.189e-07,4.492e-06,2.853e-27,4.655e-08,2.802e-05,2.068e-05,1.546e-09,0.00211,0.0001347,0.0003588,0.003031,3.431e-07,3.41e-08,0.254
   44820,   44880,0.00012428,0.000198,0.0006541,8.167e-27,1.491e-07,4.546e-07,4.872e-06,3.006e-27,5.01e-08,3.039e-05,2.241e-05,1.677e-09,0.002314,0.000146,0.0003969,0.003338,3.722e-07,3.674e-08,0.254
   44880,   44940,0.00013664,0.0002147,0.000711,8.514e-27,1.621e-07,4.923e-07,5.272e-06,3.162e-27,5.387e-08,3.289e-05,2.423e-05,1.817e-09,0.00253,0.000158,0.0004377,0.003664,4.029e-07,3.954e-08,0.254
   44940,   45000,0.00014265,0.000231,0.0007669,8.868e-27,1.749e-07,5.296e-07,5.667e-06,3.311e-27,5.762e-08,3.534e-05,2.602e-05,1.956e-09,0.002743,0.0001697,0.0004789,0.003988,4.332e-07,4.231e-08,0.254
   45000,   45060,0.0001574,0.0002491,0.0008288,9.245e-27,1.894e-07,5.711e-07,6.106e-06,3.471e-27,6.181e-08,3.806e-05,2.8e-05,2.111e-09,0.002981,0.0001827,0.0005259,0.004352,4.668e-07,4.54e-08,0.254
   45060,   45120,0.00017213,0.0002679,0.0008929,9.637e-27,2.045e-07,6.143e-07,6.561e-06,3.632e-27,6.621e-08,4.088e-05,3.004e-05,2.275e-09,0.003229,0.0001962,0.0005764,0.004737,5.018e-07,4.864e-08,0.254
   45120,   45180,0.00018038,0.0002862,0.0009557,1.001e-26,2.196e-07,6.568e-07,7.008e-06,3.785e-27,7.058e-08,4.365e-05,3.204e-05,2.436e-09,0.003475,0.0002093,0.0006279,0.005122,5.362e-07,5.185e-08,0.254
   45180,   45240,0.0001982,0.0003062,0.001025,1.042e-26,2.363e-07,7.038e-07,7.5e-06,3.949e-27,7.546e-08,4.668e-05,3.424e-05,2.616e-09,0.003749,0.0002237,0.000687,0.005555,5.741e-07,5.541e-08,0.254
   45240,   45300,0.0002141,0.000327,0.001097,1.083e-26,2.539e-07,7.525e-07,8.01e-06,4.114e-27,8.058e-08,4.982e-05,3.651e-05,2.805e-09,0.004038,0.0002386,0.000751,0.006016,6.134e-07,5.913e-08,0.254
   45300,   45360,0.00022034,0.0003472,0.001167,1.123e-26,2.712e-07,7.999e-07,8.506e-06,4.271e-27,8.564e-08,5.287e-05,3.87e-05,2.99e-09,0.004324,0.000253,0.000816,0.006477,6.517e-07,6.28e-08,0.254
   45360,   45420,0.00023842,0.0003693,0.001244,1.165e-26,2.904e-07,8.521e-07,9.049e-06,4.437e-27,9.127e-08,5.62e-05,4.11e-05,3.196e-09,0.004644,0.0002687,0.0008904,0.006998,6.937e-07,6.686e-08,0.254
   45420,   45480,0.00025422,0.000392,0.001324,1.208e-26,3.103e-07,9.057e-07,9.608e-06,4.604e-27,9.715e-08,5.962e-05,4.356e-05,3.41e-09,0.00498,0.0002849,0.0009701,0.00755,7.369e-07,7.107e-08,0.254
   45480,   45540,0.00026748,0.0004141,0.001402,1.249e-26,3.298e-07,9.58e-07,1.015e-05,4.762e-27,1.03e-07,6.294e-05,4.594e-05,3.62e-09,0.005314,0.0003005,0.001051,0.008102,7.79e-07,7.523e-08,0.254
   45540,   45600,0.00028012,0.0004384,0.001489,1.292e-26,3.515e-07,1.015e-06,1.074e-05,4.93e-27,1.094e-07,6.657e-05,4.853e-05,3.852e-09,0.005687,0.0003175,0.001142,0.008724,8.25e-07,7.982e-08,0.254
   45600,   45660,0.00029915,0.0004634,0.001578,1.336e-26,3.739e-07,1.074e-06,1.135e-05,5.099e-27,1.162e-07,7.029e-05,5.119e-05,4.094e-09,0.006081,0.0003349,0.001239,0.009382,8.723e-07,8.46e-08,0.254
   45660,   45720,0.00031425,0.0004876,0.001666,1.378e-26,3.958e-07,1.131e-06,1.194e-05,5.259e-27,1.229e-07,7.388e-05,5.375e-05,4.33e-09,0.006469,0.0003517,0.001336,0.01004,9.182e-07,8.927e-08,0.254
   45720,   45780,0.00033293,0.0005141,0.001763,1.422e-26,4.199e-07,1.193e-06,1.259e-05,5.429e-27,1.302e-07,7.78e-05,5.653e-05,4.589e-09,0.006902,0.00037,0.001444,0.01077,9.681e-07,9.443e-08,0.254
   45780,   45840,0.00034859,0.0005414,0.001863,1.467e-26,4.448e-07,1.257e-06,1.324e-05,5.599e-27,1.379e-07,8.18e-05,5.936e-05,4.858e-09,0.007355,0.0003886,0.001557,0.01153,1.019e-06,9.978e-08,0.254
   45840,   45900,0.00036815,0.000568,0.00196,1.509e-26,4.691e-07,1.319e-06,1.388e-05,5.76e-27,1.455e-07,8.567e-05,6.21e-05,5.121e-09,0.007801,0.0004066,0.001669,0.01229,1.069e-06,1.05e-07,0.254
   45900,   45960,0.00038679,0.000597,0.002068,1.555e-26,4.958e-07,1.386e-06,1.457e-05,5.932e-27,1.539e-07,8.988e-05,6.506e-05,5.41e-09,0.008296,0.0004262,0.001793,0.01312,1.123e-06,1.108e-07,0.254
   45960,   46020,0.00040231,0.0006269,0.00218,1.6e-26,5.234e-07,1.454e-06,1.528e-05,6.104e-27,1.627e-07,9.419e-05,6.81e-05,5.709e-09,0.008811,0.0004462,0.001922,0.014,1.178e-06,1.168e-07,0.254
   46020,   46080,0.00042216,0.0006559,0.002289,1.643e-26,5.501e-07,1.52e-06,1.596e-05,6.267e-27,1.713e-07,9.834e-05,7.101e-05,6e-09,0.009315,0.0004654,0.002048,0.01485,1.231e-06,1.226e-07,0.254
   46080,   46140,0.00044071,0.0006875,0.002407,1.689e-26,5.793e-07,1.592e-06,1.67e-05,6.44e-27,1.808e-07,0.0001028,7.416e-05,6.318e-09,0.009868,0.0004863,0.002186,0.01579,1.289e-06,1.291e-07,0.254
   46140,   46200,0.00045831,0.0007201,0.002531,1.736e-26,6.095e-07,1.666e-06,1.746e-05,6.614e-27,1.908e-07,0.0001075,7.738e-05,6.647e-09,0.01044,0.0005077,0.002328,0.01676,1.349e-06,1.357e-07,0.254
   46200,   46260,0.00047949,0.0007517,0.00265,1.779e-26,6.387e-07,1.736e-06,1.818e-05,6.778e-27,2.005e-07,0.0001119,8.048e-05,6.967e-09,0.011,0.0005283,0.002465,0.0177,1.406e-06,1.422e-07,0.254
   46260,   46320,0.00049753,0.0007861,0.002781,1.826e-26,6.707e-07,1.813e-06,1.898e-05,6.953e-27,2.113e-07,0.0001167,8.384e-05,7.318e-09,0.01161,0.0005507,0.002614,0.01873,1.468e-06,1.494e-07,0.254
   46320,   46380,0.00052053,0.0008215,0.002916,1.873e-26,7.035e-07,1.892e-06,1.978e-05,7.129e-27,2.225e-07,0.0001216,8.726e-05,7.679e-09,0.01224,0.0005736,0.002767,0.01979,1.532e-06,1.568e-07,0.254
   46380,   46440,0.00054203,0.0008556,0.003046,1.918e-26,7.353e-07,1.967e-06,2.056e-05,7.295e-27,2.335e-07,0.0001264,9.056e-05,8.03e-09,0.01284,0.0005956,0.002914,0.0208,1.593e-06,1.64e-07,0.254
   46440,   46500,0.00056874,0.0008927,0.003187,1.965e-26,7.699e-07,2.049e-06,2.14e-05,7.472e-27,2.455e-07,0.0001315,9.411e-05,8.412e-09,0.0135,0.0006195,0.003071,0.02191,1.659e-06,1.719e-07,0.254
   46500,   46560,0.00060335,0.0009308,0.003333,2.013e-26,8.055e-07,2.132e-06,2.226e-05,7.65e-27,2.581e-07,0.0001368,9.775e-05,8.807e-09,0.01417,0.000644,0.003232,0.02303,1.727e-06,1.801e-07,0.254
   46560,   46620,0.000644,0.0009675,0.003473,2.059e-26,8.399e-07,2.212e-06,2.309e-05,7.819e-27,2.704e-07,0.0001418,0.0001012,9.19e-09,0.01482,0.0006675,0.003386,0.02411,1.792e-06,1.881e-07,0.254
   46620,   46680,0.00068813,0.001007,0.003625,2.107e-26,8.774e-07,2.299e-06,2.399e-05,7.999e-27,2.84e-07,0.0001473,0.000105,9.608e-09,0.01552,0.000693,0.003551,0.02528,1.863e-06,1.968e-07,0.254
   46680,   46740,0.00072118,0.001048,0.00378,2.156e-26,9.158e-07,2.387e-06,2.491e-05,8.179e-27,2.981e-07,0.0001529,0.0001089,1.004e-08,0.01623,0.0007191,0.003717,0.02646,1.936e-06,2.059e-07,0.254
   46740,   46800,0.00075263,0.001087,0.00393,2.202e-26,9.529e-07,2.472e-06,2.579e-05,8.35e-27,3.118e-07,0.0001583,0.0001126,1.045e-08,0.01691,0.0007442,0.003875,0.02759,2.005e-06,2.147e-07,0.254
   46800,   46860,0.00078783,0.00113,0.00409,2.252e-26,9.931e-07,2.564e-06,2.674e-05,8.532e-27,3.269e-07,0.000164,0.0001166,1.091e-08,0.01764,0.0007714,0.004044,0.0288,2.08e-06,2.243e-07,0.254
   46860,   46920,0.00081032,0.001173,0.004255,2.302e-26,1.034e-06,2.658e-06,2.771e-05,8.716e-27,3.427e-07,0.00017,0.0001207,1.137e-08,0.01838,0.0007991,0.004215,0.03003,2.157e-06,2.343e-07,0.254
   46920,   46980,0.00084085,0.001214,0.004412,2.349e-26,1.074e-06,2.748e-06,2.864e-05,8.889e-27,3.58e-07,0.0001757,0.0001246,1.183e-08,0.01909,0.0008258,0.004376,0.03119,2.231e-06,2.44e-07,0.254
   46980,   47040,0.00087434,0.001259,0.004581,2.399e-26,1.118e-06,2.845e-06,2.965e-05,9.075e-27,3.749e-07,0.0001818,0.0001289,1.232e-08,0.01984,0.0008547,0.004548,0.03244,2.312e-06,2.546e-07,0.254
   47040,   47100,0.00088696,0.001305,0.004753,2.45e-26,1.162e-06,2.944e-06,3.069e-05,9.262e-27,3.924e-07,0.0001881,0.0001332,1.282e-08,0.02061,0.0008842,0.00472,0.0337,2.393e-06,2.656e-07,0.254
   47100,   47160,0.000921,0.001348,0.004916,2.498e-26,1.205e-06,3.039e-06,3.167e-05,9.438e-27,4.093e-07,0.0001941,0.0001374,1.331e-08,0.02133,0.0009123,0.004882,0.03488,2.472e-06,2.762e-07,0.254
   47160,   47220,0.00096491,0.001395,0.005092,2.549e-26,1.251e-06,3.142e-06,3.274e-05,9.627e-27,4.281e-07,0.0002006,0.0001419,1.384e-08,0.02211,0.0009429,0.005055,0.03615,2.557e-06,2.879e-07,0.254
   47220,   47280,0.001002,0.001443,0.005271,2.602e-26,1.299e-06,3.247e-06,3.383e-05,9.817e-27,4.475e-07,0.0002072,0.0001465,1.439e-08,0.02289,0.000974,0.005228,0.03743,2.643e-06,3e-07,0.254
   47280,   47340,0.0010412,0.001489,0.00544,2.651e-26,1.344e-06,3.347e-06,3.488e-05,9.998e-27,4.664e-07,0.0002135,0.0001508,1.492e-08,0.02362,0.001004,0.005391,0.03863,2.727e-06,3.117e-07,0.254
   47340,   47400,0.0010708,0.001538,0.005622,2.704e-26,1.394e-06,3.456e-06,3.601e-05,1.019e-26,4.871e-07,0.0002204,0.0001556,1.549e-08,0.02441,0.001036,0.005564,0.03991,2.817e-06,3.245e-07,0.254
