CampaignData_and_Merges/R0/CSL_MobileLab_Parked/raw/20240730/USOS-PTR_MobileLabGround_20240730_R0.ict
58, 1001
Matthew Coggon, Kelvin Bates, Chelsea Stockwell, Carsten Warneke
NOAA ESRL Chemical Sciences Division
NOAA PTR-ToF-MS
USOS
1,1 
2024, 07, 30, 2025, 09, 19
0
Time_Start, seconds, number of seconds from 00:00 UTC 
22
1, 1, 1, 1, 1, 1, 1, 1, 1, 1, 1, 1, 1, 1, 1, 1, 1, 1, 1, 1, 1, 1
-9999, -9999, -9999, -9999, -9999, -9999, -9999, -9999, -9999, -9999, -9999, -9999, -9999, -9999, -9999, -9999, -9999, -9999, -9999, -9999, -9999, -9999
CH3OH_NOAAPTR_ppbv,  ppbv, Gas_CH3OH_InSitu_S_AVMR, (CH3OH) methanol
CH3CN_NOAAPTR_ppbv,  ppbv, Gas_CH3CN_InSitu_S_AVMR, (CH3CN) acetonitrile
CH3CHO_NOAAPTR_ppbv,  ppbv, Gas_CH3CHO_InSitu_S_AVMR, (CH3CHO) acetaldehyde plus contributions from ethylene glycol and ethylene oxide. Interference from ethanol has been subtracted out.
C2H5OH_NOAAPTR_ppbv,  ppbv, Gas_C2H5OH_InSitu_S_AVMR, (C2H5OH) ethanol
CH3SH_NOAAPTR_ppbv,  ppbv, Gas_CH3SH_InSitu_S_AVMR, (CH3SH) methanethiol, using calibration factor for DMS
Acrolein_NOAAPTR_ppbv,  ppbv, Gas_Acrolein_InSitu_S_AVMR, (C3H4O) acrolein
AcetonePropanal_NOAAPTR_ppbv,  ppbv, Gas_AcetoneAndPropanal_InSitu_S_AVMR, (C3H6O) sum of acetone (dominant isomer) and propanal, using calibration factor for acetone
DMS_NOAAPTR_ppbv,  ppbv, Gas_DMS_InSitu_S_AVMR, (C2H6S) dimethyl sulfide with possible small contributions from ethanethiol
C5H8_NOAAPTR_ppbv,  ppbv, Gas_Isoprene_InSitu_S_AVMR, (C5H8) isoprene and possible fragments from cycloalkanes and aldehydes. Interferences have been subtracted following methods described by Coggon et al (2023)
MVKMAC_NOAAPTR_ppbv,  ppbv, Gas_MVKAndMAC_InSitu_S_AVMR, (C4H6O) sum of methyl vinyl ketone, methacrolein, and small amounts of crotonaldehyde, using weighted calibration factor for MVK (0.637) and MACR (0.363)
Benzene_NOAAPTR_ppbv,  ppbv, Gas_Benzene_InSitu_S_AVMR, (C6H6) benzene
Toluene_NOAAPTR_ppbv,  ppbv, Gas_Toluene_InSitu_S_AVMR, (C7H8) toluene with possible small contributions of fragments from ethyltoluene
Styrene_NOAAPTR_ppbv,  ppbv, Gas_Styrene_InSitu_S_AVMR, (C8H8) styrene
Benzaldehyde_NOAAPTR_ppbv,  ppbv, Gas_Benzaldehyde_InSitu_S_AVMR, (C7H6O) benzaldehyde
C8Aromatics_NOAAPTR_ppbv,  ppbv, Gas_C8Aromatics_InSitu_M_AVMR, (C8H10) sum of m-xylene, p-xylene, o-xylene, and ethyl benzene
C9Aromatics_NOAAPTR_ppbv,  ppbv, Gas_C9Aromatics_InSitu_M_AVMR, (C9H12) sum of C9 aromatics
Naphthalene_NOAAPTR_ppbv,  ppbv, Gas_Naphthalene_InSitu_S_AVMR, (C10H8) naphthalene
Octanal_NOAAPTR_ppbv,  ppbv, Gas_Octanal_InSitu_S_AVMR, (C8H16O) octanal and small amounts of octanone
Monoterpenes_NOAAPTR_ppbv,  ppbv, Gas_Monoterpenes_InSitu_M_AVMR, (C10H16) sum of monoterpenes and possible contributions from fragments of oxygenated monoterpenoids such as eucalyptol.
Nonanal_NOAAPTR_ppbv,  ppbv, Gas_Nonanal_InSitu_M_AVMR, (C9H18O) nonanal and small amounts of nonanone
C7H4ClF3_NOAAPTR_ppbv,  ppbv, Gas_C7H4ClF3_InSitu_S_AVMR, (C7H4ClF3) parachlorobenzotrifluoride
C10H30O5Si5_NOAAPTR_ppbv,  ppbv, Gas_C10H30O5Si5_InSitu_S_AVMR, (C10H30O5Si5) decamethylcyclopentasiloxane
1
SPECIAL COMMENTS:N/A
21
PI_CONTACT_INFO: NOAA ESRL Chemical Sciences Division, Tropospheric Chemistry Group. 325 Broadway, R/CSD7, Boulder, CO 80305
PLATFORM: Mobile Laboratory.
LOCATION: Salt Lake City, UT
ASSOCIATED_DATA: N/A
INSTRUMENT_INFO: NOAA PTR-ToF-MS measurements on NOAA CSL Mobile Lab
DATA_INFO: Units: ppbv
UNCERTAINTY: See OTHER_COMMENTS
ULOD_FLAG: -7777
ULOD_VALUE: N/A
LLOD_FLAG: -8888
LLOD_VALUE: N/A.
DM_CONTACT_INFO: Data Managers: Matt Coggon, Kelvin Bates, Chelsea Stockwell; email: matthew.m.coggon@noaa.gov and kelvin.bates@colorado.edu
PROJECT_INFO: USOS Deployment July-August, 2024
STIPULATIONS_ON_USE: Use of these data require prior OK from PI.
OTHER_COMMENTS: Uncertainties:
CH3OH_NOAAPTR_ppbv:30%; CH3CN_NOAAPTR_ppbv:30%; CH3CHO_NOAAPTR_ppbv:30%; C2H5OH_NOAAPTR_ppbv:30%; CH3SH_NOAAPTR_ppbv:50%; Acrolein_NOAAPTR_ppbv:30%; AcetonePropanal_NOAAPTR_ppbv:30%; DMS_NOAAPTR_ppbv:30%; C5H8_NOAAPTR_ppbv:30%; MVKMAC_NOAAPTR_ppbv:30%; 
Benzene_NOAAPTR_ppbv:30%; Toluene_NOAAPTR_ppbv:30%; Styrene_NOAAPTR_ppbv:30%; Benzaldehyde_NOAAPTR_ppbv:30%; C8Aromatics_NOAAPTR_ppbv:30%; C9Aromatics_NOAAPTR_ppbv:30%; Naphthalene_NOAAPTR_ppbv:30%; Octanal_NOAAPTR_ppbv:30%; Monoterpenes_NOAAPTR_ppbv:30%; Nonanal_NOAAPTR_ppbv:30%; 
C7H4ClF3_NOAAPTR_ppbv:30%; C10H30O5Si5_NOAAPTR_ppbv:30%; 
REVISION: R0
R0: Calibrated PTR Data. See individual species comments for details about measurement uncertainties
Time_Start, CH3OH_NOAAPTR_ppbv, CH3CN_NOAAPTR_ppbv, CH3CHO_NOAAPTR_ppbv, C2H5OH_NOAAPTR_ppbv, CH3SH_NOAAPTR_ppbv, Acrolein_NOAAPTR_ppbv, AcetonePropanal_NOAAPTR_ppbv, DMS_NOAAPTR_ppbv, C5H8_NOAAPTR_ppbv, MVKMAC_NOAAPTR_ppbv, Benzene_NOAAPTR_ppbv, Toluene_NOAAPTR_ppbv, Styrene_NOAAPTR_ppbv, Benzaldehyde_NOAAPTR_ppbv, C8Aromatics_NOAAPTR_ppbv, C9Aromatics_NOAAPTR_ppbv, Naphthalene_NOAAPTR_ppbv, Octanal_NOAAPTR_ppbv, Monoterpenes_NOAAPTR_ppbv, Nonanal_NOAAPTR_ppbv, C7H4ClF3_NOAAPTR_ppbv, C10H30O5Si5_NOAAPTR_ppbv
[from data line 589]
35340.0, 5.38356, 0.21999, 1.14972, 3.63088, -0.00016, 0.13406, 1.95689, 0.00887, 0.03325, 0.11856, 0.03776, 3.45940, 0.02518, -0.00026, 0.13189, 0.06810, -0.00108, 0.01811, 0.17213, 0.04057, 0.02766, 0.00727 
35400.0, 7.70275, 0.24157, 1.65124, 5.45737, 0.00688, 0.17220, 2.21727, -0.00013, 0.05732, 0.16294, 0.07924, 7.00696, 0.04056, -0.00026, 0.22082, 0.12506, 0.01574, 0.01932, 0.21778, 0.06073, 0.07645, 0.00996 
35460.0, 7.46819, 0.24797, 1.58197, 5.24583, 0.00281, 0.14230, 2.18229, -0.00013, 0.09665, 0.12657, 0.07034, 5.63723, 0.02866, -0.00026, 0.19396, 0.11319, 0.00034, 0.02886, 0.19422, 0.05661, 0.05801, 0.01305 
35520.0, 7.12982, 0.23523, 1.20439, 3.88075, 0.00402, 0.10922, 1.92296, -0.00013, 0.08609, 0.13194, 0.09023, 0.55262, -0.00133, -0.00026, 0.12017, 0.04056, 0.00001, 0.03049, 0.17531, 0.04279, 0.00903, 0.00782 
35580.0, 7.42172, 0.26621, 1.69905, 5.56681, 0.00505, 0.16024, 2.36215, -0.00014, 0.07043, 0.15224, 0.08821, 9.73401, 0.04143, 0.00388, 0.21932, 0.11203, -0.00109, 0.05038, 0.24348, 0.02709, 0.05915, 0.01553 
35640.0, 8.85500, 0.26230, 1.78299, 6.12795, 0.00395, 0.14624, 2.29755, 0.00830, 0.05281, 0.14064, 0.09886, 4.86967, 0.03472, 0.01192, 0.22617, 0.11216, 0.00904, 0.04106, 0.22105, 0.06504, 0.03136, 0.02669 
35700.0, 8.77673, 0.25706, 1.58265, 5.98179, 0.00356, 0.15635, 2.34288, 0.00631, 0.07832, 0.15320, 0.15940, 5.45214, 0.04456, 0.00160, 0.18693, 0.11461, 0.02034, 0.04989, 0.23202, 0.06506, 0.03383, 0.01629 
35760.0, 8.32407, 0.25838, 1.48637, 5.42648, 0.00303, 0.15631, 2.24847, 0.00288, 0.05853, 0.15713, 0.07370, 0.74181, 0.02280, -0.00026, 0.17745, 0.08049, 0.01286, 0.02222, 0.21518, 0.06125, 0.01022, 0.00909 
35820.0, 5.87888, 0.25121, 0.95295, 3.46894, 0.00175, 0.08785, 1.94524, 0.01034, 0.08062, 0.13331, 0.08968, 0.29572, 0.01484, -0.00026, 0.11047, 0.03458, -0.00104, 0.02033, 0.09252, 0.04333, 0.00536, 0.00400 
35880.0, 8.12573, 0.27236, 1.40359, 5.45216, 0.00315, 0.11247, 2.20031, 0.00123, 0.08365, 0.15351, 0.09468, 0.72799, 0.02468, 0.00746, 0.15285, 0.04910, -0.00110, 0.03914, 0.16188, 0.04376, 0.01247, 0.01251 
35940.0, 6.84449, 0.27255, 1.43909, 5.60237, 0.00618, 0.13594, 2.26366, -0.00015, 0.10950, 0.15357, 0.09617, 0.59914, 0.01826, 0.01979, 0.15617, 0.06470, -0.00111, 0.03486, 0.17203, 0.05122, 0.00979, 0.01696 
36000.0, 7.19548, 0.25786, 1.61971, 5.47074, 0.00304, 0.11550, 2.33355, 0.00625, 0.08984, 0.15646, 0.10540, 1.26925, 0.04727, -0.00026, 0.26215, 0.12355, 0.02552, 0.03757, 0.17840, 0.03814, 0.01080, 0.01276 
36060.0, 8.25727, 0.25150, 1.60969, 6.02766, 0.00718, 0.17638, 2.31129, -0.00011, 0.08045, 0.17000, 0.15585, 2.38298, 0.04417, 0.01078, 0.32624, 0.13544, 0.02247, 0.04227, 0.14993, 0.06980, 0.01402, 0.01237 
36120.0, 6.95101, 0.24299, 1.55011, 5.79323, 0.00747, 0.18451, 2.27961, 0.00202, 0.06777, 0.14821, 0.08900, 4.26067, 0.02751, -0.00026, 0.19726, 0.09030, 0.01153, 0.04613, 0.19027, 0.06126, 0.01842, 0.01587 
36180.0, 6.90962, 0.23803, 1.43483, 4.05394, 0.00657, 0.11445, 2.13280, 0.00617, 0.09153, 0.15828, 0.12170, 1.48217, 0.02273, 0.01734, 0.17202, 0.07567, 0.01657, 0.02502, 0.16083, 0.05489, 0.01710, 0.00853 
36240.0, 7.76363, 0.25070, 1.40434, 5.21717, 0.00065, 0.10722, 2.24272, -0.00016, 0.13173, 0.12675, 0.08871, 1.19838, 0.03018, -0.00026, 0.16674, 0.06631, 0.00164, 0.02805, 0.16711, 0.07016, 0.01020, 0.00884 
36300.0, 6.30318, 0.26396, 1.40492, 4.89294, 0.00372, 0.12797, 2.11965, -0.00016, 0.08304, 0.13876, 0.10759, 0.34603, 0.02607, 0.01044, 0.16421, 0.05150, 0.01194, 0.03189, 0.14801, 0.05147, 0.00893, 0.00767 
36360.0, 6.68210, 0.25751, 1.29237, 4.91354, 0.00286, 0.11206, 2.10511, 0.00124, 0.05466, 0.13992, 0.05208, 0.36568, 0.01348, -0.00015, 0.16454, 0.05546, 0.00370, 0.03175, 0.17346, 0.03747, 0.00785, 0.00980 
36420.0, 8.50855, 0.26269, 1.55495, 5.78699, 0.00510, 0.13950, 2.28949, -0.00016, 0.07640, 0.16169, 0.16573, 0.46509, 0.02267, 0.04283, 0.18650, 0.07673, 0.01388, 0.03021, 0.18906, 0.06251, 0.00334, 0.02184 
36480.0, 7.65696, 0.29342, 1.37997, 5.07665, 0.00652, 0.11646, 2.20495, -0.00016, 0.07489, 0.13553, 0.11138, 0.31758, 0.03108, 0.02646, 0.16399, 0.06754, 0.01728, 0.01974, 0.16990, 0.05578, 0.00860, 0.01416 
36540.0, 7.78963, 0.27262, 1.52376, 6.36294, 0.00700, 0.14241, 2.40987, -0.00017, 0.11649, 0.13616, 0.10349, 0.40940, 0.02813, -0.00026, 0.18467, 0.07490, 0.00927, 0.04470, 0.19436, 0.06051, 0.00426, 0.01354 
36600.0, 8.43608, 0.25010, 1.61326, 5.94373, 0.00665, 0.13057, 2.42117, -0.00017, 0.11524, 0.14327, 0.10420, 0.40186, -0.00135, 0.00068, 0.19232, 0.07277, 0.00983, 0.03894, 0.17403, 0.06572, 0.00569, 0.01756 
36660.0, 9.24820, 0.26052, 1.69452, 6.68774, 0.00214, 0.12251, 2.48611, 0.00960, 0.09887, 0.16589, 0.14558, 0.34571, 0.04000, 0.02882, 0.20173, 0.07207, 0.02211, 0.03864, 0.18355, 0.06973, 0.00872, 0.01792 
36720.0, 8.52423, 0.27214, 1.59138, 6.86177, 0.00193, 0.10653, 2.36405, -0.00017, 0.06586, 0.15628, 0.10441, 0.31534, 0.02442, -0.00026, 0.19046, 0.06633, 0.00549, 0.02466, 0.18493, 0.06643, 0.00929, 0.01208 
36780.0, 7.36701, 0.23634, 1.61181, 6.26672, 0.00724, 0.14547, 2.29429, -0.00017, 0.11810, 0.14099, 0.07945, 0.30100, 0.04049, -0.00026, 0.18279, 0.06702, 0.01129, 0.02794, 0.12240, 0.07994, 0.00288, 0.01256 
36840.0, 7.01332, 0.27472, 1.47658, 5.44015, 0.00524, 0.12129, 2.15158, 0.00134, 0.08314, 0.12592, 0.07935, 0.27580, 0.02035, -0.00026, 0.14111, 0.05704, 0.01822, 0.03942, 0.16291, 0.05108, 0.01033, 0.00869 
36900.0, 7.75417, 0.25859, 1.59759, 6.37541, 0.00263, 0.15856, 2.27538, -0.00018, 0.12926, 0.16956, 0.10883, 0.30212, 0.00930, 0.00239, 0.19518, 0.06786, 0.01770, 0.04044, 0.18182, 0.07657, 0.00938, 0.01306 
36960.0, 8.63619, 0.26352, 1.76185, 5.91251, 0.00583, 0.17154, 2.28763, 0.00792, 0.10418, 0.15181, 0.08312, 0.33729, 0.04042, 0.02837, 0.21186, 0.08396, 0.00435, 0.02836, 0.17352, 0.08097, 0.00735, 0.01402 
37020.0, 8.47429, 0.23856, 1.72811, 6.63668, 0.00478, 0.14980, 2.44333, 0.00281, 0.11166, 0.16386, 0.09025, 0.34080, 0.02931, 0.01037, 0.22254, 0.08557, 0.00783, 0.03526, 0.18675, 0.08665, 0.01228, 0.01237 
37080.0, 7.67860, 0.23431, 1.68800, 6.11057, 0.00562, 0.13922, 2.32763, 0.00269, 0.09822, 0.16630, 0.06942, 0.28292, 0.02506, -0.00025, 0.17017, 0.08293, -0.00115, 0.05133, 0.18459, 0.05698, 0.00942, 0.01314 
37140.0, 8.65466, 0.26238, 1.72278, 6.60360, 0.00686, 0.15099, 2.38813, 0.00287, 0.09868, 0.16527, 0.15443, 0.32893, 0.00242, 0.00756, 0.22095, 0.08273, 0.01428, 0.03828, 0.18817, 0.08219, 0.00172, 0.02043 
37200.0, 8.82153, 0.23761, 1.74817, 6.39837, 0.00734, 0.12169, 2.46423, -0.00019, 0.11196, 0.14885, 0.15136, 0.43613, 0.03873, -0.00025, 0.21713, 0.09102, 0.02869, 0.03656, 0.20680, 0.06396, 0.00272, 0.02323 
37260.0, 7.03949, 0.24170, 1.49438, 5.32820, 0.00688, 0.11070, 2.28114, -0.00019, 0.09013, 0.16291, 0.10933, 0.35552, 0.01783, 0.00512, 0.22355, 0.07782, -0.00116, 0.03710, 0.18916, 0.06729, 0.00319, 0.01388 
37320.0, 9.76161, 0.24891, 1.71987, 6.83405, 0.00449, 0.15554, 2.42016, 0.00252, 0.08000, 0.15034, 0.14006, 0.44684, 0.02300, -0.00025, 0.25801, 0.09735, -0.00116, 0.02262, 0.13935, 0.07737, 0.00546, 0.01377 
37380.0, 7.37073, 0.25080, 1.63436, 5.59028, 0.00243, 0.14214, 2.33203, 0.00454, 0.09656, 0.15413, 0.07937, 0.35586, -0.00136, -0.00025, 0.22677, 0.07808, 0.00273, 0.02856, 0.18151, 0.06515, 0.00451, 0.01200 
37440.0, 7.52076, 0.24366, 1.30474, 4.92706, 0.00332, 0.14307, 2.19196, 0.00290, 0.07014, 0.13653, 0.05256, 0.27603, -0.00136, -0.00025, 0.15417, 0.05043, -0.00117, 0.03805, 0.14141, 0.04488, 0.00573, 0.01217 
37500.0, 8.10643, 0.22858, 1.53814, 5.15876, 0.00352, 0.12745, 2.30661, 0.01311, 0.08113, 0.14525, 0.14980, 0.29108, -0.00136, 0.03115, 0.18390, 0.06808, 0.00136, 0.04441, 0.16444, 0.06803, 0.00846, 0.01359 
37560.0, 8.64130, 0.21821, 1.62267, 5.95772, 0.00513, 0.13702, 2.43217, 0.01630, 0.13292, 0.14056, 0.06905, 0.29317, 0.02262, 0.00094, 0.18920, 0.08317, 0.00182, 0.04101, 0.17547, 0.06991, 0.00043, 0.01485 
37620.0, 8.03689, 0.23788, 1.60343, 6.21541, 0.00429, 0.15405, 2.50392, 0.00271, 0.04858, 0.15631, 0.10413, 0.35452, 0.03265, 0.00279, 0.26137, 0.10699, 0.04103, 0.03878, 0.23807, 0.04799, 0.00734, 0.01894 
37680.0, 8.11198, 0.24919, 1.52033, 5.16544, 0.00197, 0.12903, 2.34964, -0.00020, 0.09081, 0.13756, 0.14421, 0.29244, 0.01312, 0.01832, 0.17010, 0.07336, 0.01797, 0.04008, 0.20391, 0.05024, 0.00719, 0.01043 
37740.0, 9.54096, 0.24612, 1.76878, 6.70398, 0.00120, 0.17694, 2.56431, -0.00021, 0.09653, 0.15778, 0.11817, 0.31513, -0.00136, 0.00736, 0.18043, 0.08194, 0.03287, 0.03894, 0.20558, 0.10210, 0.01305, 0.02226 
37800.0, 9.12664, 0.24359, 1.74925, 7.15104, 0.00491, 0.16401, 2.58330, 0.00062, 0.12245, 0.14904, 0.06976, 0.31569, -0.00136, 0.03244, 0.22146, 0.07126, 0.01158, 0.05637, 0.17486, 0.09096, 0.01092, 0.02176 
37860.0, 9.21848, 0.23472, 1.81604, 6.44206, 0.00570, 0.16216, 2.60738, 0.01080, 0.08185, 0.16049, 0.19587, 0.42708, 0.03360, 0.04853, 0.25138, 0.09881, 0.01490, 0.02822, 0.22060, 0.08664, 0.01213, 0.01853 
37920.0, 10.00170, 0.22949, 1.78916, 6.61025, 0.00779, 0.13538, 2.53216, -0.00021, 0.07383, 0.16747, 0.14191, 0.33728, 0.02269, 0.03931, 0.19655, 0.07224, 0.00826, 0.03876, 0.23294, 0.08529, 0.00721, 0.01809 
37980.0, 9.04216, 0.23628, 1.82348, 6.75862, 0.00657, 0.14402, 2.64145, 0.00298, 0.10528, 0.15735, 0.09454, 0.42894, 0.03965, -0.00025, 0.24028, 0.11112, 0.03585, 0.04065, 0.21763, 0.07077, 0.01633, 0.01657 
38040.0, 11.41222, 0.24474, 2.01550, 8.53476, 0.00590, 0.15691, 2.84885, 0.01500, 0.10501, 0.15413, 0.18056, 0.61537, 0.03202, 0.00468, 0.39513, 0.15107, 0.04636, 0.03746, 0.21995, 0.06856, 0.01693, 0.01744 
38100.0, 9.13356, 0.23832, 1.75736, 7.16677, 0.00437, 0.19204, 2.65070, -0.00022, 0.06985, 0.15707, 0.11011, 0.35327, -0.00137, 0.02347, 0.23238, 0.08390, 0.02089, 0.05443, 0.22078, 0.07030, 0.01407, 0.01712 
38160.0, 10.14193, 0.23589, 1.89391, 7.32773, 0.00580, 0.16906, 2.79612, 0.00346, 0.10546, 0.14403, 0.15189, 0.47550, 0.01866, 0.00464, 0.29787, 0.10853, 0.03123, 0.05801, 0.21376, 0.06547, 0.02041, 0.02303 
38220.0, 8.73496, 0.25117, 1.75086, 7.76815, 0.00704, 0.15898, 2.57897, -0.00022, 0.09084, 0.14280, 0.09892, 0.36369, 0.04115, 0.00750, 0.25919, 0.10941, 0.01747, 0.05572, 0.17959, 0.07821, 0.01571, 0.02215 
38280.0, 9.18529, 0.24004, 1.81759, 6.96336, 0.00104, 0.18128, 2.60435, 0.00632, 0.11067, 0.14211, 0.03495, 0.34667, -0.00137, -0.00025, 0.23359, 0.09712, 0.01472, 0.05736, 0.15833, 0.08179, 0.00592, 0.02249 
38340.0, 9.91117, 0.26863, 1.93416, 8.18386, 0.01047, 0.16133, 2.79424, 0.00668, 0.12246, 0.15738, 0.11419, 0.44147, 0.03694, -0.00025, 0.26593, 0.11253, 0.01740, 0.05726, 0.17720, 0.08214, 0.01289, 0.01677 
38400.0, 10.99397, 0.27493, 2.09213, 8.48213, 0.00648, 0.16771, 2.96492, -0.00023, 0.08149, 0.17878, 0.19199, 0.47726, 0.03137, 0.00794, 0.35629, 0.14524, 0.02383, 0.05042, 0.21831, 0.06776, 0.00850, 0.01876 
38460.0, 10.30035, 0.27673, 2.03655, 8.60837, 0.00848, 0.18772, 2.79834, -0.00023, 0.07091, 0.17281, 0.13819, 0.44986, 0.03817, -0.00025, 0.29913, 0.11222, 0.01287, 0.03739, 0.18313, 0.07654, 0.01131, 0.01855 
38520.0, 6.95552, 0.31310, 1.72820, 6.10695, 0.00725, 0.18615, 2.50488, 0.01165, 0.11023, 0.15924, 0.23742, 0.57722, 0.06081, 0.00171, 0.49899, 0.22445, 0.02116, 0.03856, 0.18583, 0.05351, 0.00945, 0.01228 
38580.0, 11.61044, 0.26942, 2.28968, 9.17261, 0.00553, 0.19549, 3.01782, 0.01057, 0.14031, 0.14622, 0.16856, 0.48327, -0.00137, 0.03105, 0.32552, 0.14697, 0.03987, 0.05256, 0.24301, 0.06855, 0.00855, 0.03294 
38640.0, 7.29475, 0.25855, 1.53739, 5.30890, 0.00576, 0.12846, 2.44306, -0.00023, 0.09753, 0.15397, 0.08054, 0.35618, 0.04019, -0.00025, 0.26592, 0.10987, 0.00174, 0.02466, 0.16617, 0.07436, 0.00917, 0.01407 
38700.0, 9.04691, 0.26273, 1.78695, 6.40597, 0.00426, 0.15577, 2.55219, 0.00618, 0.10329, 0.15932, 0.13787, 0.37807, 0.03212, -0.00025, 0.24127, 0.10671, -0.00122, 0.04279, 0.17456, 0.06311, 0.00628, 0.03610 
38760.0, 8.70855, 0.25343, 1.61104, 6.40855, 0.01449, 0.12036, 2.49562, 0.00831, 0.10311, 0.16184, 0.13008, 0.33944, -0.00138, -0.00025, 0.23292, 0.07751, 0.00447, 0.06355, 0.18741, 0.06701, 0.00330, 0.01554 
38820.0, 8.37854, 0.24162, 1.71498, 6.13264, 0.01015, 0.20635, 2.49685, 0.01432, 0.08573, 0.16891, 0.08017, 0.32312, 0.03530, 0.00716, 0.21708, 0.08581, 0.00558, 0.03414, 0.24260, 0.05144, 0.00757, 0.01258 
38880.0, 7.46591, 0.27305, 1.36520, 4.59132, 0.00519, 0.10673, 2.14006, -0.00024, 0.06172, 0.15454, 0.09783, 0.25464, 0.01186, -0.00025, 0.16094, 0.07626, 0.00757, 0.03245, 0.14320, 0.03993, 0.01702, 0.01303 
38940.0, 8.15922, 0.25036, 1.71344, 6.17876, 0.00473, 0.13518, 2.43367, 0.00982, 0.12280, 0.15706, 0.09745, 0.31321, 0.02896, -0.00025, 0.20953, 0.07895, -0.00123, 0.03047, 0.21428, 0.06444, 0.01967, 0.01773 
39000.0, 7.50417, 0.28653, 1.47788, 5.60385, 0.00671, 0.12701, 2.24566, 0.00048, 0.08205, 0.14730, 0.09811, 0.26095, 0.02543, -0.00025, 0.17661, 0.07924, 0.02797, 0.03813, 0.16902, 0.05161, 0.02092, 0.01281 
39060.0, 7.43425, 0.28410, 1.38721, 5.27371, 0.00044, 0.13372, 2.15469, -0.00025, 0.06118, 0.14092, 0.09760, 0.29688, 0.02218, -0.00025, 0.16763, 0.06336, 0.00866, 0.03120, 0.15583, 0.03481, 0.00921, 0.01007 
39120.0, 8.36354, 0.26534, 1.70447, 8.11705, 0.00489, 0.12728, 2.31496, 0.00697, 0.10661, 0.13689, 0.29526, 0.84715, 0.04533, -0.00025, 0.52810, 0.15765, 0.00880, 0.04398, 0.14265, 0.05051, 0.01039, 0.01375 
39180.0, 6.04880, 0.26378, 1.33806, 4.40103, 0.01110, 0.11229, 2.18762, -0.00025, 0.05288, 0.11097, 0.07338, 0.23754, 0.02816, -0.00025, 0.16605, 0.05248, 0.00881, 0.02243, 0.13675, 0.06375, 0.00891, 0.00738 
39240.0, 7.78569, 0.29472, 1.58566, 6.41710, 0.00543, 0.15378, 2.39181, 0.00452, 0.10721, 0.14284, 0.10741, 0.40751, 0.00370, -0.00025, 0.23347, 0.09768, 0.04375, 0.02639, 0.17629, 0.07619, 0.00605, 0.01522 
39300.0, 7.24450, 0.28141, 1.34944, 4.70572, 0.00100, 0.12307, 2.21633, -0.00026, 0.05720, 0.13069, 0.11729, 0.27669, 0.03174, 0.02035, 0.16357, 0.05412, -0.00001, 0.03002, 0.13573, 0.05175, 0.01047, 0.01917 
39360.0, 8.02078, 0.25849, 1.53276, 5.16731, 0.00744, 0.16561, 2.31214, -0.00026, 0.07897, 0.14560, 0.08210, 0.30035, 0.02422, -0.00025, 0.18113, 0.05956, -0.00125, 0.05198, 0.19436, 0.03786, 0.02265, 0.01467 
39420.0, 6.79971, 0.26551, 1.43188, 5.94148, 0.00353, 0.11378, 2.28607, 0.00479, 0.09688, 0.14595, 0.12960, 0.35657, 0.03635, -0.00025, 0.25434, 0.08298, 0.00905, 0.03607, 0.18493, 0.05734, 0.01601, 0.01393 
39480.0, 8.76743, 0.28296, 1.61984, 5.77763, 0.00797, 0.14595, 2.39591, -0.00026, 0.04764, 0.15835, 0.02303, 0.31185, 0.02458, -0.00025, 0.17258, 0.06254, 0.00946, 0.02547, 0.16287, 0.03916, 0.00500, 0.02545 
39540.0, 6.64392, 0.28205, 1.25103, 4.81951, 0.00346, 0.12789, 2.16479, -0.00026, 0.03970, 0.12782, 0.12290, 0.28742, 0.04339, -0.00025, 0.17738, 0.07987, 0.01203, 0.04418, 0.14360, 0.09079, 0.00888, 0.01406 
39600.0, 6.65281, 0.25379, 1.36409, 4.74287, 0.00148, 0.12711, 2.28068, -0.00027, 0.06227, 0.12279, 0.12256, 0.29787, 0.03524, -0.00025, 0.22072, 0.09840, 0.02140, 0.02229, 0.14723, 0.07125, 0.01102, 0.01382 
39660.0, 7.81323, 0.28172, 1.57228, 6.30934, 0.00308, 0.11624, 2.50061, -0.00027, 0.07678, 0.13614, 0.12782, 0.41299, 0.03286, 0.00648, 0.30580, 0.12138, 0.01738, 0.01638, 0.17932, 0.07268, 0.00456, 0.01869 
39720.0, 8.38879, 0.27065, 1.60594, 5.89317, 0.00753, 0.18035, 2.59644, 0.00016, 0.09285, 0.13178, 0.14853, 0.42073, -0.00139, -0.00024, 0.30396, 0.12742, 0.03189, 0.03489, 0.17574, 0.07045, 0.00867, 0.02183 
39780.0, 6.73767, 0.29728, 1.34293, 5.21751, 0.00572, 0.17829, 2.31593, 0.00409, 0.03839, 0.12592, 0.09875, 0.32095, 0.03620, -0.00024, 0.20535, 0.08982, -0.00127, 0.02949, 0.12010, 0.05770, 0.01190, 0.01806 
39840.0, 8.92797, 0.29654, 1.81351, 5.84251, -0.00013, 0.15056, 2.33140, 0.00173, 0.05625, 0.14303, 0.09998, 0.38907, 0.01484, -0.00024, 0.24745, 0.09466, 0.00996, 0.04171, 0.20411, 0.06179, 0.01878, 0.02496 
