CampaignData_and_Merges/R0/CSL_MobileLab_Parked/raw/20240730/USOS-Picarro-CO2-CH4-CO-H2O_MobileLabGround_20240730_R0.ict
38, 1001
Ilana Pollack, Nell Schafer, and Jeff Peischl
NOAA Chemical Sciences Laboratory
Picarro 2401-m CO2/CH4/CO/H2O Analyzer
USOS
1, 1
2024, 07, 30, 2024, 11, 20
0
StartTime_UTC, seconds_past_midnight, seconds past midnight
5
1, 1, 1, 1, 1
-9999, -9999, -9999, -9999, -9999
StopTime_UTC, seconds_past_midnight, seconds past midnight
CO2_ppm_1min, ppm, Gas_CO2_InSitu_S_DMF, carbon dioxide mixing ratio
CH4_ppb_1min, ppb, Gas_CH4_InSitu_S_DMF, methane mixing ratio
CO_ppb_1min, ppb, Gas_CO_InSitu_S_DMF, carbon monoxide mixing ratio
H2O_ppmv_1min, ppmv, Met_H2OMRV_InSitu_S_AVMR, water vapor mixing ratio
1
SPECIAL COMMENTS: N/A
18
PI_CONTACT_INFO: Address: NOAA Chemical Sciences Laboratory, Mail Stop CSL7, 325 Broadway, Boulder, CO 80305; Email: Ilana.Pollack@noaa.gov
PLATFORM: NOAA CSL Mobile Laboratory
LOCATION: The mobile lab was stationed in Salt Lake City, Utah.
ASSOCIATED_DATA: N/A
INSTRUMENT_INFO: CO2, CH4, and CO are reported as dry air mole fractions using a commercial wavelength-scanned cavity ring-down analyzer (Picarro 2401-m). An in-field calibration gas standard of 432±0.07 ppm CO2, 2095±1 ppb CH4, and 183±1 ppb CO, calibrated in the Boulder laboratories before and after the field project using primary CO2, CH4, and CO standard tanks tied to the WMO standard (X2019, X2004A, and X2014A, respectively) from the Global Monitoring Laboratory (GML), was delivered to the inlet every 2-3 days to evaluate instrument sensitivity. A H2O measurement was calibrated before the project with a Dew Point Mirror 373 hygrometer. The water correction calculated from these calibrations was applied to the H2O measurement for the entire campaign. Species are measured at 0.5 Hz and reported as 1-minute averages for stationary measurements.
DATA_INFO: Units: CO2, ppm, dry air mole fraction; CH4, ppb, dry air mole fraction; CO, ppb, dry air mole fraction; H2O, ppmv
UNCERTAINTY: CO2: ±(0.1 ppm + 1%), CH4: ±(1 ppb + 1%), CO: ±(4 ppb + 1%), and H2O: ±(50 ppm + 4%)
ULOD_FLAG: -7777
ULOD_VALUE: N/A
LLOD_FLAG: -8888
LLOD_VALUE: N/A
DM_CONTACT_INFO: Data Manager: Nathan Howard; nathan.h.howard@noaa.gov
PROJECT_INFO: USOS Dates of Study: July – August 2024
STIPULATIONS_ON_USE: Use of these data require prior ok from PI.
OTHER_COMMENTS: Data are averaged to 1 minute intervals. Stationary data collected from a 10 ft tower on top of the mobile van.
REVISION: R0
R0: Final Data
StartTime_UTC, StopTime_UTC, CO2_ppm_1min, CH4_ppb_1min, CO_ppb_1min, H2O_ppmv_1min
0,60,-9999,-9999,-9999,-9999
60,120,-9999,-9999,-9999,-9999
120,180,-9999,-9999,-9999,-9999
180,240,-9999,-9999,-9999,-9999
240,300,-9999,-9999,-9999,-9999
300,360,-9999,-9999,-9999,-9999
360,420,-9999,-9999,-9999,-9999
420,480,-9999,-9999,-9999,-9999
480,540,-9999,-9999,-9999,-9999
540,600,-9999,-9999,-9999,-9999
600,660,-9999,-9999,-9999,-9999
660,720,-9999,-9999,-9999,-9999
720,780,-9999,-9999,-9999,-9999
780,840,-9999,-9999,-9999,-9999
840,900,-9999,-9999,-9999,-9999
900,960,-9999,-9999,165.8,-9999
960,1020,426.34,1955.2,153.3,3980.4077
1020,1080,424.48,1953.6,137.2,3603.8342
1080,1140,424.93,1954.0,140.3,3737.3345
1140,1200,426.76,1954.9,155.7,4010.5198
1200,1260,429.19,1954.4,194.0,3944.2390
1260,1320,428.58,1956.2,185.5,4066.1765
1320,1380,425.97,1955.0,152.2,3927.3257
1380,1440,425.66,1955.2,149.3,3990.6042
1440,1500,425.59,1954.7,148.3,4076.0835
1500,1560,425.35,1954.9,147.2,4025.3630
1560,1620,425.31,1956.8,145.7,4109.7354
1620,1680,425.66,1956.5,145.9,4031.8650
1680,1740,426.47,1956.4,151.7,4015.9304
1740,1800,427.09,1970.7,171.0,4982.4473
1800,1860,427.14,1982.7,178.3,5556.6890
1860,1920,428.10,1984.8,184.1,5578.0439
1920,1980,428.09,1985.3,187.0,5565.7422
1980,2040,427.64,1990.2,186.3,5987.2144
2040,2100,427.62,1991.6,185.3,6061.6499
2100,2160,427.57,1991.4,185.6,6052.3398
2160,2220,427.26,1990.0,182.7,5951.5562
2220,2280,427.73,1990.4,183.5,6453.0762
2280,2340,428.78,1991.4,188.8,6960.4692
2340,2400,429.22,1992.1,187.9,7611.4736
2400,2460,427.36,1991.0,184.9,6997.7622
2460,2520,427.19,1989.9,179.9,6806.2227
2520,2580,427.28,1990.8,183.2,6879.2046
2580,2640,425.95,1988.9,178.3,6426.7959
2640,2700,425.56,1989.2,177.0,6606.3716
2700,2760,425.82,1988.5,176.4,6588.0215
2760,2820,428.10,1989.1,181.2,7239.5522
2820,2880,427.04,1989.8,185.1,7573.0659
2880,2940,428.34,1990.2,194.8,7279.9346
2940,3000,429.83,1990.6,194.2,7056.1294
3000,3060,430.58,1992.8,198.2,7010.7778
3060,3120,430.04,2001.0,190.1,6548.2939
3120,3180,429.34,2002.3,227.5,7197.7104
3180,3240,427.70,2001.5,220.7,7131.1138
3240,3300,428.23,2002.4,231.1,7307.7188
3300,3360,428.51,2002.7,226.8,7175.5981
3360,3420,428.41,2004.2,257.8,7428.7402
3420,3480,428.25,2002.4,213.3,7018.8540
3480,3540,428.11,2001.0,198.5,6981.9111
3540,3600,429.93,2002.5,257.0,7241.4443
3600,3660,429.79,2000.5,250.9,7030.9443
3660,3720,429.07,1998.2,212.0,6918.0977
3720,3780,428.52,1996.8,190.0,6670.6563
3780,3840,428.96,1997.3,189.6,6896.8521
3840,3900,430.03,1995.4,187.3,6911.2544
3900,3960,428.95,1993.1,182.2,6673.5483
3960,4020,429.13,1993.1,181.8,6731.7559
4020,4080,428.50,1991.9,179.8,6397.1567
4080,4140,428.40,1992.5,181.4,6516.1030
4140,4200,428.73,1992.2,181.0,6614.8838
4200,4260,429.34,1992.1,177.9,6718.8052
4260,4320,429.50,1990.4,176.0,6451.3394
4320,4380,429.73,1991.4,179.0,6751.7446
4380,4440,428.45,1990.8,177.4,6574.5000
4440,4500,427.95,1991.0,175.6,6607.9507
4500,4560,427.81,1991.0,175.9,6651.8638
4560,4620,428.11,1990.4,177.7,6433.4697
4620,4680,428.11,1991.1,176.4,6522.2275
4680,4740,429.17,1992.3,180.0,6527.4019
4740,4800,429.28,1993.0,182.8,6677.7363
4800,4860,428.90,1993.5,183.2,6809.8994
4860,4920,428.89,1992.4,185.4,6461.3364
4920,4980,429.25,1993.1,187.5,6765.2505
4980,5040,429.46,1995.4,190.8,6862.3926
5040,5100,429.54,1996.5,194.3,6576.7837
5100,5160,429.21,1998.0,190.3,6439.8076
5160,5220,429.61,1999.0,189.3,6398.3003
5220,5280,428.54,1997.3,184.0,6287.7173
5280,5340,427.98,1995.4,179.2,6055.0386
5340,5400,427.50,1993.6,175.1,5748.6592
5400,5460,427.86,1993.1,175.4,5705.6177
5460,5520,428.08,1993.9,176.3,6125.0537
5520,5580,430.04,1995.3,183.8,6451.4502
5580,5640,429.66,1995.2,182.8,6443.5654
5640,5700,428.52,1993.3,178.9,6217.3755
5700,5760,428.60,1993.0,180.8,6039.0776
5760,5820,429.09,1991.4,176.9,5980.1250
5820,5880,430.00,1992.8,182.8,6160.6421
5880,5940,429.90,1992.0,185.2,6026.8721
5940,6000,429.73,1992.0,187.8,5959.7910
6000,6060,429.51,1992.6,189.7,6156.2100
6060,6120,429.26,1992.7,190.3,6331.8027
6120,6180,429.22,1993.4,189.6,6483.9331
6180,6240,429.66,1993.3,190.4,6680.4790
6240,6300,428.84,1991.9,185.0,6598.2754
6300,6360,428.12,1991.3,182.9,6591.8936
6360,6420,427.13,1989.8,180.3,6320.3833
6420,6480,427.59,1990.3,180.7,6479.9824
6480,6540,427.22,1990.2,180.5,6469.3877
6540,6600,426.81,1987.6,179.2,6194.3213
6600,6660,427.38,1988.0,180.9,6448.1201
6660,6720,427.82,1988.4,183.1,6463.8008
6720,6780,428.07,1988.0,200.0,6292.8486
6780,6840,428.35,1987.9,215.0,6298.0098
6840,6900,428.72,1987.8,214.7,6360.8779
6900,6960,429.52,1989.0,218.6,6434.5107
6960,7020,430.52,1990.5,233.6,6532.5283
7020,7080,431.31,1990.3,243.0,6575.3423
7080,7140,432.30,1991.4,250.0,6825.2153
7140,7200,431.10,1990.9,237.8,6568.7061
7200,7260,432.11,1990.9,268.8,6669.4014
7260,7320,431.79,1990.5,260.3,6729.1997
7320,7380,430.94,1990.4,234.9,6700.7310
7380,7440,431.17,1991.8,224.6,6891.2046
7440,7500,430.75,1991.5,223.1,6802.1099
7500,7560,430.17,1990.7,212.0,6768.4561
7560,7620,430.30,1990.2,202.3,6928.8516
7620,7680,430.33,1989.7,199.3,6870.7080
7680,7740,429.76,1988.5,199.7,6741.6191
7740,7800,430.13,1988.6,200.8,6745.0581
7800,7860,430.78,1988.9,223.0,6829.5708
7860,7920,430.48,1988.8,213.2,6753.2705
7920,7980,430.89,1989.6,208.7,6977.0249
7980,8040,430.81,1990.1,204.1,6868.6411
8040,8100,431.10,1989.3,203.4,6865.4175
8100,8160,431.93,1991.2,206.2,7024.5923
8160,8220,431.50,1989.3,212.3,6843.1626
8220,8280,432.93,1987.4,218.9,6742.2607
8280,8340,433.83,1989.1,218.6,6913.8296
8340,8400,435.87,1989.9,221.5,6994.4028
8400,8460,435.59,1989.0,216.6,6924.6704
8460,8520,437.38,1989.1,219.8,7047.8931
8520,8580,436.56,1986.7,224.9,6847.4058
8580,8640,436.27,1986.8,234.7,6817.2334
8640,8700,433.31,1985.8,223.2,6707.7002
8700,8760,437.76,1987.0,226.4,6865.1826
8760,8820,433.90,1988.7,216.7,6937.5518
8820,8880,434.28,1989.4,211.8,6984.1558
8880,8940,432.30,1990.2,207.9,6843.8052
8940,9000,434.19,1990.9,214.6,6902.7397
9000,9060,434.15,1990.3,213.6,6938.4258
9060,9120,433.02,1990.0,213.6,6864.3301
9120,9180,433.43,1987.8,210.3,6768.1436
9180,9240,433.32,1987.2,210.8,6717.4927
9240,9300,436.89,1988.1,214.1,6842.3120
9300,9360,436.78,1988.0,219.8,6757.8579
9360,9420,438.11,1988.9,230.1,6726.0024
9420,9480,439.51,1990.7,244.4,6755.6147
9480,9540,439.32,1992.4,237.5,6857.4824
9540,9600,439.22,1993.0,234.0,6956.2241
9600,9660,439.35,1990.8,245.5,6731.6372
9660,9720,439.70,1991.2,248.4,6746.1333
9720,9780,446.60,1993.8,274.1,7043.1299
9780,9840,447.31,1992.5,332.8,7167.1694
9840,9900,449.49,1994.9,319.9,7276.2026
9900,9960,449.81,1994.3,279.3,7266.6133
9960,10020,450.91,1994.8,273.7,7483.6997
10020,10080,443.62,1993.9,229.4,7370.1704
10080,10140,443.69,1993.6,243.3,7210.7539
10140,10200,444.10,1994.2,263.4,7295.6401
10200,10260,446.08,1995.2,280.0,7342.1133
10260,10320,445.39,1996.1,250.5,7392.3452
10320,10380,445.70,1995.7,245.8,7316.9785
10380,10440,445.30,1995.1,242.2,7305.7378
10440,10500,444.02,1993.2,238.2,7185.9199
10500,10560,442.59,1991.5,225.8,7064.6377
10560,10620,441.09,1987.3,208.3,6934.3091
10620,10680,440.92,1986.4,205.7,7007.1416
10680,10740,439.38,1986.0,221.7,6933.5815
10740,10800,439.41,1985.1,245.8,6934.0137
10800,10860,437.10,1981.5,205.4,6822.9565
10860,10920,436.78,1981.0,189.0,6798.6143
10920,10980,438.73,1981.6,193.0,6885.0112
10980,11040,438.46,1981.6,194.5,6837.1504
11040,11100,439.12,1981.7,197.9,6842.9946
11100,11160,438.83,1981.7,196.6,6787.2949
11160,11220,440.39,1981.2,199.7,6741.2012
11220,11280,438.79,1979.7,190.9,6661.2129
11280,11340,441.22,1980.3,193.2,6811.7378
11340,11400,440.50,1979.7,200.7,6712.1450
11400,11460,440.76,1979.3,201.3,6695.3887
11460,11520,438.82,1978.6,190.1,6618.2266
11520,11580,443.52,1979.6,230.9,6675.9746
11580,11640,438.92,1977.9,195.1,6562.2891
11640,11700,439.28,1977.1,194.8,6546.0059
11700,11760,436.23,1976.0,186.0,6495.2593
11760,11820,436.45,1975.7,183.8,6536.5737
11820,11880,438.02,1975.7,187.5,6623.0986
11880,11940,436.21,1975.1,193.0,6584.0889
11940,12000,435.44,1974.9,188.6,6565.2227
12000,12060,434.76,1973.8,176.8,6544.1812
12060,12120,437.34,1974.4,184.2,6596.1147
12120,12180,438.33,1974.9,183.4,6587.9897
12180,12240,438.83,1973.7,175.9,6628.1841
12240,12300,436.80,1974.5,189.0,6591.0938
12300,12360,436.53,1973.7,184.0,6571.2119
12360,12420,437.55,1974.0,186.7,6605.7539
12420,12480,437.19,1974.2,183.8,6591.2686
12480,12540,438.71,1974.6,185.6,6651.4233
12540,12600,438.61,1975.0,180.5,6606.8799
12600,12660,437.60,1974.2,171.9,6520.8687
12660,12720,439.47,1974.6,171.7,6662.8008
12720,12780,437.64,1974.2,179.1,6539.7168
12780,12840,437.64,1974.7,256.4,6489.0894
12840,12900,436.22,1973.5,183.0,6616.0732
12900,12960,436.08,1973.3,168.9,6380.6826
12960,13020,437.82,1973.6,165.8,6497.0791
13020,13080,437.04,1973.7,165.2,6566.5991
13080,13140,437.80,1973.7,169.8,6652.2773
13140,13200,437.46,1974.1,177.4,6458.2002
13200,13260,437.80,1973.2,181.5,6564.4702
13260,13320,438.27,1973.2,185.6,6458.8271
13320,13380,438.70,1972.7,172.5,6970.5244
13380,13440,438.40,1972.1,169.8,6744.4736
13440,13500,437.54,1972.3,170.7,6690.8638
13500,13560,437.27,1972.7,259.5,6475.4419
13560,13620,436.80,1972.6,237.8,6674.3511
13620,13680,437.13,1972.6,194.5,6576.0132
13680,13740,440.21,1972.8,193.1,6969.2744
13740,13800,438.52,1972.4,176.9,6422.8486
13800,13860,437.91,1972.2,187.7,6392.3647
13860,13920,438.68,1972.4,182.5,6825.3877
13920,13980,438.51,1972.3,176.7,6718.3374
13980,14040,436.84,1971.8,166.9,6461.6348
14040,14100,438.59,1972.7,177.8,6381.6772
14100,14160,439.04,1972.1,169.6,6830.5381
14160,14220,438.05,1971.7,185.9,6609.8135
14220,14280,439.49,1972.4,191.9,6529.8394
14280,14340,438.08,1973.2,175.1,6291.3135
14340,14400,439.64,1974.7,178.9,6440.5967
14400,14460,438.63,1974.2,174.9,6397.9141
14460,14520,437.89,1972.7,172.1,6382.5723
14520,14580,437.40,1972.3,173.8,6510.3457
14580,14640,437.73,1971.8,174.0,6752.6436
14640,14700,438.26,1972.9,182.5,6209.3618
14700,14760,438.24,1972.4,181.2,6316.9932
14760,14820,436.64,1971.0,172.6,6470.0713
14820,14880,437.43,1971.6,175.7,6626.1401
14880,14940,439.06,1972.2,185.6,6554.5635
14940,15000,437.85,1971.7,176.1,6482.3394
15000,15060,441.90,1973.7,176.8,6219.6660
15060,15120,442.29,1972.7,186.9,6208.5352
15120,15180,441.30,1973.2,191.7,6667.3013
15180,15240,439.40,1973.6,184.1,6512.6533
15240,15300,436.19,1972.3,163.8,6091.3315
15300,15360,437.80,1972.2,174.9,6291.8975
15360,15420,436.16,1971.6,166.2,6161.9375
15420,15480,437.63,1971.5,171.2,6320.3652
15480,15540,437.34,1971.1,166.0,6158.9663
15540,15600,439.40,1972.0,175.4,6368.6309
15600,15660,438.19,1972.3,260.7,6079.9795
15660,15720,436.24,1971.8,167.7,6228.9434
15720,15780,437.06,1972.2,166.5,6145.3359
15780,15840,436.50,1971.2,165.2,6128.2930
15840,15900,435.23,1970.9,161.4,5994.3267
15900,15960,435.14,1971.1,168.1,5921.7261
15960,16020,435.22,1971.4,169.1,6016.5317
16020,16080,435.12,1971.3,176.2,5940.1611
16080,16140,436.72,1971.4,205.2,6291.7012
16140,16200,436.39,1971.4,180.3,6197.7461
16200,16260,436.00,1971.0,171.0,6184.0728
16260,16320,435.91,1970.5,165.4,6160.5278
16320,16380,437.03,1970.8,168.3,6381.8164
16380,16440,434.56,1970.0,158.8,5949.7617
16440,16500,436.49,1970.1,160.4,6078.3516
16500,16560,435.57,1970.2,165.1,6045.0781
16560,16620,435.17,1970.0,163.2,6029.1479
16620,16680,435.02,1969.9,162.4,5983.4551
16680,16740,435.28,1970.6,165.7,6021.7021
16740,16800,435.57,1970.8,175.8,6029.6802
16800,16860,436.87,1971.8,181.5,6020.4839
16860,16920,435.55,1972.3,167.0,6046.2432
16920,16980,436.04,1971.6,161.7,6069.7012
16980,17040,435.26,1970.8,165.1,5978.3784
17040,17100,436.28,1972.0,173.6,6047.0513
17100,17160,437.49,1973.0,171.2,6115.3809
17160,17220,435.24,1972.7,163.5,5838.0254
17220,17280,435.08,1972.8,163.4,5896.6250
17280,17340,437.57,1975.2,302.2,6128.0791
17340,17400,436.65,1973.7,206.8,6027.6909
17400,17460,434.83,1971.9,164.5,5904.8936
17460,17520,434.94,1972.0,163.6,5858.6294
17520,17580,434.59,1971.0,160.3,6064.0894
17580,17640,434.10,1970.1,156.9,5826.3008
17640,17700,433.34,1969.9,154.1,5755.0039
17700,17760,433.35,1969.8,153.9,5792.8647
17760,17820,434.27,1969.8,156.7,5972.4312
17820,17880,433.24,1969.7,161.4,5648.3535
17880,17940,435.01,1970.6,171.1,5915.2783
17940,18000,434.81,1970.5,200.5,5903.2266
18000,18060,434.58,1970.6,181.9,5722.9922
18060,18120,433.69,1969.5,171.0,5691.9238
18120,18180,433.93,1969.8,163.0,5765.5024
18180,18240,433.69,1969.4,156.8,5638.2920
18240,18300,434.98,1969.8,165.4,5732.4292
18300,18360,435.00,1970.3,161.3,5928.8076
18360,18420,434.24,1969.4,154.1,5886.4004
18420,18480,435.01,1969.9,155.5,5902.7188
18480,18540,434.00,1968.7,153.1,5770.3472
18540,18600,434.13,1968.8,160.5,5730.0239
18600,18660,434.74,1969.6,201.1,6110.0479
18660,18720,433.77,1969.1,159.5,5563.4365
18720,18780,433.44,1968.9,155.8,5779.2578
18780,18840,434.51,1969.9,160.4,5947.5444
18840,18900,435.88,1971.6,176.7,6068.9106
18900,18960,439.74,1971.0,179.4,6082.5190
18960,19020,435.16,1970.0,159.2,5666.3491
19020,19080,433.15,1969.6,155.1,5532.9897
19080,19140,434.50,1969.6,156.4,5648.6997
19140,19200,436.51,1969.7,162.4,5704.8184
19200,19260,436.13,1969.9,159.5,5643.7515
19260,19320,437.75,1971.7,167.0,6032.6533
19320,19380,436.26,1971.6,186.6,5562.9912
19380,19440,434.51,1969.4,155.6,5563.9600
19440,19500,435.58,1969.6,154.7,5621.1758
19500,19560,435.65,1969.4,156.7,5661.4668
19560,19620,435.53,1969.0,152.4,5522.0918
19620,19680,434.68,1968.6,156.7,5617.3735
19680,19740,434.31,1970.2,247.5,5562.0156
19740,19800,435.94,1970.8,191.4,5451.8833
19800,19860,434.79,1970.4,169.4,5566.2065
19860,19920,434.41,1970.3,178.4,5399.5918
19920,19980,433.94,1970.0,160.4,5496.3716
19980,20040,433.95,1969.5,152.3,5340.9287
20040,20100,434.65,1969.8,150.6,5811.1660
20100,20160,435.22,1969.9,155.1,5680.0908
20160,20220,435.34,1969.9,151.6,5720.0938
20220,20280,439.43,1971.2,153.1,5582.3848
20280,20340,437.98,1970.5,153.2,5572.1895
20340,20400,436.38,1969.0,152.4,5655.7153
20400,20460,435.18,1969.0,167.0,5505.0938
20460,20520,435.57,1968.6,155.3,5576.8818
20520,20580,436.95,1969.7,157.6,5485.6885
20580,20640,435.53,1967.8,150.7,5645.3535
20640,20700,435.55,1967.9,161.8,5422.2217
20700,20760,436.60,1969.9,160.1,5573.5024
20760,20820,435.47,1971.0,153.2,5382.9395
20820,20880,436.66,1974.7,151.2,5489.7075
20880,20940,436.80,1974.6,151.9,5544.5869
20940,21000,439.00,1980.8,159.4,5721.2383
21000,21060,442.24,1985.2,183.3,5850.6460
21060,21120,445.57,1984.5,205.1,5981.9004
21120,21180,446.33,1983.2,207.6,6014.1499
21180,21240,446.05,1979.7,208.8,5939.3530
21240,21300,445.89,1977.3,212.2,5980.0361
21300,21360,445.61,1977.0,210.5,6014.4116
21360,21420,445.36,1976.8,207.0,5867.2749
21420,21480,445.59,1975.5,204.2,5934.4092
21480,21540,444.56,1975.2,199.5,5898.7681
21540,21600,444.18,1975.2,196.4,5783.7563
21600,21660,444.92,1974.5,211.3,5757.0479
21660,21720,445.97,1975.6,223.4,5782.4834
21720,21780,445.61,1976.5,216.1,5817.6948
21780,21840,445.74,1975.0,207.9,5887.4004
21840,21900,446.17,1974.6,190.1,5831.6665
21900,21960,443.82,1975.8,181.6,5676.0874
21960,22020,443.70,1976.8,177.5,5698.1963
22020,22080,444.21,1980.6,176.8,5638.0239
22080,22140,444.85,1979.0,178.6,5665.9976
22140,22200,444.48,1980.5,200.2,5766.3774
22200,22260,442.64,1976.9,177.1,5614.2314
22260,22320,441.93,1975.7,177.4,5515.8887
22320,22380,442.98,1974.5,185.1,5579.7051
22380,22440,443.61,1974.4,185.4,5643.5532
22440,22500,444.02,1974.9,187.8,5671.1377
22500,22560,444.23,1975.7,190.2,5630.1953
22560,22620,443.61,1976.9,188.0,5620.4463
22620,22680,443.51,1977.5,184.8,5631.7222
22680,22740,443.87,1976.5,181.1,5632.0620
22740,22800,444.88,1975.5,180.6,5678.1191
22800,22860,444.38,1974.3,178.1,5659.1489
22860,22920,444.58,1974.9,177.0,5669.9497
22920,22980,446.08,1977.2,196.5,5767.2817
22980,23040,446.82,1976.2,194.3,5825.8481
23040,23100,446.67,1975.3,191.9,5772.1929
23100,23160,445.88,1972.5,182.5,5827.6982
23160,23220,445.89,1971.0,175.9,5815.5928
23220,23280,447.92,1972.2,179.3,6021.8760
23280,23340,446.27,1972.4,177.2,5838.6792
23340,23400,448.17,1975.3,180.7,6001.6592
23400,23460,447.58,1979.8,179.0,5943.8887
23460,23520,445.23,1973.7,178.0,5779.9980
