CampaignData_and_Merges/R0/CSL_MobileLab_Parked/raw/20240730/USOS-MetNav_MobileLabGround_20240730_R0.ict
44, 1001
Carrie Womack, Nate Howard, Mike Zucker
NOAA Chemical Sciences Laboratory
Mobile Lab MetNav Station
USOS
1, 1
2024, 07, 30, 2024, 12, 21
60
Time_Start, seconds_past_midnight, Seconds from midnight UTC
11
1, 1, 1, 1, 1, 1, 1, 1, 1, 1, 1
-9999, -9999, -9999, -9999, -9999, -9999, -9999, -9999, -9999, -9999, -9999
GPS_Alt_m, meters, Altitude from Differential GPS
GPS_Course_deg, degrees, Course from Differential GPS
GPS_GndSpd_m_s, m/s, Ground Speed from Differential GPS
GPS_Heading_deg, degrees, Heading from Differential GPS
GPS_Lat_deg, degrees, Latitude from Differential GPS
GPS_Lon_deg, degrees, Longitude from Differential GPS
AirTemp_C, Celsius, Air Temperature from Airmar
RelHumidity_pct, percent, Relative Humidity from Airmar
Pressure_mb, millibars, Pressure from Honeywell
WindDir_calc_deg, degrees, Wind Direction from Airmar corrected for van movement
WindSpd_calc_m_s, m/s, Wind Speed from Airmar corrected for van movement
1
SPECIAL COMMENTS:
18
PI_CONTACT_INFO: Address: 325 Broadway R/CSL7, Boulder, CO, 80305
PLATFORM: CSL Mobile Lab
LOCATION: Salt Lake City, UT
ASSOCIATED_DATA: N/A
INSTRUMENT_INFO: N/A
DATA_INFO: Units:
UNCERTAINTY: N/A
ULOD_FLAG: -7777
ULOD_VALUE: N/A
LLOD_FLAG: -8888
LLOD_VALUE: N/A
DM_CONTACT_INFO: Data Manager: Nate Howard
PROJECT_INFO: 
STIPULATIONS_ON_USE: Use of these data require prior ok from PI.
OTHER_COMMENTS: 
REVISION: R0
R0: Final data. Fixed bug in wind averaging code. RA: Preliminary Data. For in-field use only. 
Time_Start, GPS_Alt_m, GPS_Course_deg, GPS_GndSpd_m_s, GPS_Heading_deg, GPS_Lat_deg, GPS_Lon_deg, AirTemp_C, RelHumidity_pct, Pressure_mb, WindDir_calc_deg, WindSpd_calc_m_s
[from data line 836]
50160.0,1308.8,1.63,0.05,1.63,40.73434,-111.87211,23.9,21.5,874.9,126.25,1.0
50220.0,1308.7,1.74,0.05,1.74,40.73433,-111.87211,24.0,20.9,874.9,124.30,1.1
50280.0,1308.6,2.11,0.05,2.11,40.73433,-111.87211,24.1,20.7,875.0,125.31,1.1
50340.0,1308.7,2.26,0.05,2.26,40.73433,-111.87211,24.2,20.2,875.0,123.87,0.5
50400.0,1308.7,2.49,0.05,2.49,40.73433,-111.87211,24.3,20.1,874.9,142.62,0.5
50460.0,1308.6,2.23,0.06,2.23,40.73433,-111.87211,24.5,20.0,875.0,142.75,0.5
50520.0,1308.7,1.89,0.06,1.89,40.73433,-111.87211,24.7,20.5,875.0,133.91,0.6
50580.0,1308.7,1.44,0.05,1.44,40.73433,-111.87211,24.8,20.5,875.0,127.54,0.7
50640.0,1308.6,0.79,0.04,0.79,40.73433,-111.87211,25.0,20.8,875.0,134.97,1.2
50700.0,1308.7,0.85,0.05,0.85,40.73433,-111.87211,25.0,19.7,875.0,129.51,1.2
50760.0,1308.7,0.75,0.05,0.75,40.73433,-111.87211,25.0,20.0,875.0,121.71,1.0
50820.0,1308.8,0.72,0.05,0.72,40.73433,-111.87211,25.2,21.0,875.0,130.43,0.6
50880.0,1308.9,1.32,0.05,1.32,40.73433,-111.87211,25.4,21.1,875.0,133.57,0.7
50940.0,1309.0,1.73,0.05,1.73,40.73433,-111.87211,25.5,20.7,875.0,130.31,0.7
51000.0,1308.9,1.31,0.06,1.31,40.73433,-111.87211,25.6,20.7,875.0,131.18,0.5
51060.0,1309.1,1.86,0.06,1.86,40.73433,-111.87211,25.7,20.6,875.0,138.85,0.3
51120.0,1309.2,1.88,0.05,1.88,40.73433,-111.87211,25.8,20.0,875.0,140.75,0.3
51180.0,1309.1,1.55,0.06,1.55,40.73433,-111.87211,25.8,20.7,875.0,103.58,0.3
51240.0,1309.2,1.57,0.05,1.57,40.73433,-111.87211,25.8,20.1,875.1,127.04,0.4
51300.0,1309.2,1.70,0.05,1.70,40.73434,-111.87211,25.8,20.1,875.1,128.59,1.2
51360.0,1309.6,1.81,0.05,1.81,40.73434,-111.87211,25.9,20.2,875.1,135.67,1.1
51420.0,1309.9,2.49,0.05,2.49,40.73434,-111.87211,26.1,20.5,875.1,143.77,1.0
51480.0,1309.9,2.86,0.05,2.86,40.73434,-111.87211,26.3,21.0,875.1,148.97,0.8
51540.0,1309.8,3.22,0.06,3.22,40.73434,-111.87211,26.6,19.8,875.1,147.65,0.7
51600.0,1309.8,2.79,0.04,2.79,40.73434,-111.87211,26.7,19.6,875.1,126.65,0.5
51660.0,1309.7,3.10,0.05,3.10,40.73434,-111.87211,26.8,19.1,875.1,132.35,0.7
51720.0,1309.8,3.34,0.05,3.34,40.73434,-111.87211,26.8,19.4,875.1,118.17,0.6
51780.0,1309.8,3.30,0.04,3.30,40.73434,-111.87211,26.8,20.4,875.1,114.55,0.7
51840.0,1309.9,2.78,0.05,2.78,40.73434,-111.87211,26.8,20.2,875.1,123.70,0.5
51900.0,1310.0,3.19,0.05,3.19,40.73434,-111.87211,26.8,20.3,875.1,195.73,0.2
51960.0,1310.1,3.28,0.06,3.28,40.73434,-111.87211,26.9,19.6,875.1,169.84,0.1
52020.0,1310.3,3.74,0.05,3.74,40.73434,-111.87211,26.9,20.0,875.1,148.04,0.1
52080.0,1310.5,4.13,0.06,4.13,40.73434,-111.87211,27.0,20.1,875.1,109.94,0.4
52140.0,1310.5,4.17,0.06,4.17,40.73434,-111.87211,27.0,19.9,875.1,127.84,0.5
52200.0,1310.5,4.66,0.06,4.66,40.73434,-111.87211,27.1,19.7,875.1,134.08,0.6
52260.0,1310.4,4.25,0.06,4.25,40.73434,-111.87211,27.2,20.2,875.1,131.04,1.0
52320.0,1310.4,4.10,0.06,4.10,40.73434,-111.87211,27.3,20.0,875.1,138.09,1.0
52380.0,1310.2,3.22,0.06,3.22,40.73434,-111.87211,27.4,19.1,875.1,150.31,1.3
52440.0,1310.2,3.75,0.06,3.75,40.73434,-111.87211,27.6,18.6,875.1,155.03,1.2
52500.0,1309.9,3.50,0.05,3.50,40.73434,-111.87211,27.8,18.8,875.1,142.36,0.9
52560.0,1309.6,3.10,0.06,3.10,40.73434,-111.87211,27.9,19.4,875.1,125.34,0.8
52620.0,1309.5,2.65,0.06,2.65,40.73434,-111.87211,27.8,18.1,875.1,131.22,0.9
52680.0,1309.4,2.52,0.05,2.52,40.73434,-111.87211,28.0,18.5,875.1,139.79,1.0
52740.0,1309.8,2.92,0.06,2.92,40.73434,-111.87211,28.0,19.2,875.1,129.40,1.4
52800.0,1309.7,2.99,0.06,2.99,40.73434,-111.87211,27.9,18.2,875.1,125.48,1.0
52860.0,1309.9,2.70,0.06,2.70,40.73434,-111.87211,27.9,19.2,875.0,122.48,0.7
52920.0,1309.6,2.68,0.06,2.68,40.73434,-111.87211,28.1,20.8,875.0,142.08,0.5
52980.0,1309.1,3.01,0.07,3.01,40.73434,-111.87211,28.2,21.2,875.0,131.70,0.4
53040.0,1309.0,2.36,0.07,2.36,40.73434,-111.87211,28.2,21.0,875.0,122.99,0.7
53100.0,1309.8,2.43,0.06,2.43,40.73434,-111.87211,28.3,19.1,875.0,156.80,1.0
53160.0,1310.1,2.70,0.05,2.70,40.73434,-111.87211,28.3,18.6,875.0,137.54,1.0
53220.0,1309.7,2.73,0.05,2.73,40.73434,-111.87211,28.5,18.9,875.0,139.01,1.0
53280.0,1309.3,2.28,0.05,2.28,40.73434,-111.87211,28.7,18.9,875.1,155.80,1.1
53340.0,1309.5,2.22,0.06,2.22,40.73434,-111.87211,28.9,18.8,875.1,154.32,1.4
53400.0,1309.5,2.24,0.06,2.24,40.73433,-111.87211,29.1,17.9,875.1,181.29,1.3
53460.0,1309.5,2.35,0.06,2.35,40.73433,-111.87211,29.3,17.8,875.1,161.28,0.9
53520.0,1309.5,3.37,0.05,3.37,40.73433,-111.87211,29.3,19.3,875.1,132.21,0.9
53580.0,1309.2,3.11,0.05,3.11,40.73433,-111.87211,29.2,20.0,875.1,124.98,0.4
53640.0,1309.2,3.42,0.05,3.42,40.73433,-111.87211,29.3,20.7,875.1,135.47,0.8
53700.0,1309.3,3.36,0.04,3.36,40.73433,-111.87211,29.3,20.5,875.1,125.12,0.6
53760.0,1309.3,2.81,0.06,2.81,40.73433,-111.87211,29.3,19.1,875.1,122.69,0.8
53820.0,1309.2,2.84,0.06,2.84,40.73433,-111.87211,29.1,19.5,875.1,112.62,0.5
53880.0,1309.1,2.79,0.06,2.79,40.73433,-111.87211,29.1,18.9,875.1,117.90,0.8
53940.0,1308.9,1.98,0.05,1.98,40.73434,-111.87211,29.2,17.6,875.1,129.42,0.7
54000.0,1309.0,2.73,0.05,2.73,40.73434,-111.87211,29.3,19.3,875.1,129.65,0.8
54060.0,1309.2,2.54,0.05,2.54,40.73434,-111.87211,29.3,18.3,875.1,100.31,0.3
54120.0,1309.1,2.82,0.05,2.82,40.73434,-111.87211,29.5,17.7,875.1,181.24,0.3
54180.0,1309.1,2.96,0.05,2.96,40.73434,-111.87211,29.7,18.1,875.3,175.58,0.1
54240.0,1309.0,2.95,0.05,2.95,40.73434,-111.87211,29.7,17.7,875.4,123.39,0.5
54300.0,1308.9,2.95,0.05,2.95,40.73434,-111.87211,29.9,19.9,875.5,143.14,1.1
54360.0,1308.8,2.88,0.05,2.88,40.73434,-111.87211,30.0,18.3,875.5,148.68,1.3
54420.0,1308.8,2.62,0.06,2.62,40.73434,-111.87211,30.1,16.1,875.5,162.07,1.1
54480.0,1308.9,2.74,0.06,2.74,40.73434,-111.87211,30.2,15.4,875.5,139.83,1.1
54540.0,1309.2,2.66,0.05,2.66,40.73433,-111.87211,30.3,15.9,875.5,132.37,0.8
54600.0,1309.6,3.15,0.05,3.15,40.73433,-111.87211,30.5,16.3,875.5,174.62,0.4
54660.0,1309.1,2.84,0.05,2.84,40.73434,-111.87211,30.6,16.5,875.5,210.44,0.5
54720.0,1309.2,2.23,0.05,2.23,40.73434,-111.87211,30.8,16.2,875.5,156.75,0.4
54780.0,1309.3,2.37,0.06,2.37,40.73434,-111.87211,30.8,15.9,875.5,147.41,0.8
54840.0,1309.3,2.96,0.05,2.96,40.73434,-111.87211,30.8,17.3,875.5,128.19,0.7
54900.0,1309.8,2.97,0.05,2.97,40.73434,-111.87211,30.7,17.2,875.5,109.94,0.3
54960.0,1309.7,3.01,0.05,3.01,40.73434,-111.87211,30.4,17.2,875.5,92.56,0.2
55020.0,1309.4,2.79,0.06,2.79,40.73434,-111.87211,30.4,16.8,875.5,131.16,0.4
55080.0,1309.3,2.52,0.05,2.52,40.73434,-111.87211,30.5,16.1,875.5,133.37,0.6
55140.0,1309.3,2.30,0.05,2.30,40.73434,-111.87211,30.7,15.3,875.5,134.16,0.8
55200.0,1309.0,2.81,0.05,2.81,40.73434,-111.87211,30.9,15.1,875.5,160.24,0.7
55260.0,1308.7,2.97,0.05,2.97,40.73434,-111.87211,31.0,15.8,875.6,138.97,0.6
55320.0,1308.9,3.10,0.05,3.10,40.73434,-111.87211,30.7,17.4,875.6,33.23,0.2
55380.0,1308.9,3.12,0.05,3.12,40.73434,-111.87211,30.9,16.1,875.5,205.94,0.3
55440.0,1308.7,2.26,0.05,2.26,40.73434,-111.87211,31.0,16.1,875.5,186.22,0.3
55500.0,1308.8,2.81,0.04,2.81,40.73434,-111.87211,31.1,15.5,875.5,144.19,0.4
55560.0,1309.0,2.60,0.05,2.60,40.73434,-111.87211,31.2,15.2,875.6,146.43,0.4
55620.0,1308.6,2.68,0.05,2.68,40.73434,-111.87211,31.2,15.3,875.5,119.81,0.6
55680.0,1308.8,3.03,0.04,3.03,40.73434,-111.87211,31.3,15.3,875.4,254.56,0.2
55740.0,1308.9,2.79,0.05,2.79,40.73434,-111.87211,31.4,15.4,875.6,126.67,0.6
55800.0,1308.9,2.31,0.05,2.31,40.73434,-111.87211,31.5,15.2,875.5,233.06,0.4
55860.0,1308.9,2.38,0.04,2.38,40.73434,-111.87211,31.5,15.0,875.6,238.17,0.4
55920.0,1308.9,2.15,0.04,2.15,40.73434,-111.87211,31.6,14.8,875.6,179.41,0.4
55980.0,1308.8,2.09,0.05,2.09,40.73434,-111.87211,31.6,14.1,875.6,218.95,0.1
56040.0,1308.8,2.00,0.04,2.00,40.73434,-111.87211,31.7,14.1,875.6,121.57,0.2
56100.0,1308.8,2.21,0.04,2.21,40.73434,-111.87211,31.8,14.4,875.7,225.31,0.2
56160.0,1308.7,1.80,0.05,1.80,40.73434,-111.87211,31.9,14.8,875.7,127.53,0.5
56220.0,1308.5,1.35,0.05,1.35,40.73434,-111.87211,31.9,14.1,875.7,130.82,0.5
56280.0,1308.4,1.56,0.04,1.56,40.73434,-111.87211,31.9,14.3,875.7,112.53,0.6
56340.0,1308.4,1.88,0.05,1.88,40.73434,-111.87211,31.8,14.7,875.7,102.00,0.5
56400.0,1308.3,2.11,0.05,2.11,40.73434,-111.87211,31.6,14.3,875.7,81.18,0.4
56460.0,1308.2,2.04,0.05,2.04,40.73434,-111.87211,31.5,13.7,875.7,152.95,0.1
56520.0,1308.2,2.35,0.05,2.35,40.73434,-111.87211,31.5,13.8,875.7,69.12,0.2
56580.0,1308.2,2.28,0.04,2.28,40.73434,-111.87211,31.4,14.0,875.7,107.02,0.5
56640.0,1308.4,2.77,0.05,2.77,40.73434,-111.87211,31.4,13.6,875.7,110.15,0.5
56700.0,1308.5,3.05,0.05,3.05,40.73434,-111.87211,31.3,13.9,875.7,98.72,0.3
56760.0,1308.5,3.08,0.05,3.08,40.73434,-111.87211,31.4,13.7,875.7,134.62,0.7
56820.0,1308.4,3.27,0.04,3.27,40.73434,-111.87211,31.6,11.9,875.7,154.08,0.4
56880.0,1308.4,2.96,0.05,2.96,40.73434,-111.87211,31.6,13.4,875.7,92.08,0.2
56940.0,1308.3,2.76,0.04,2.76,40.73434,-111.87211,31.6,13.4,875.6,96.70,0.3
57000.0,1308.2,2.47,0.05,2.47,40.73434,-111.87211,31.6,12.7,875.7,121.63,0.3
57060.0,1308.2,2.58,0.04,2.58,40.73434,-111.87211,31.4,12.3,875.7,53.27,0.1
57120.0,1308.2,2.85,0.05,2.85,40.73434,-111.87211,31.4,12.1,875.7,15.96,0.1
57180.0,1308.3,2.98,0.04,2.98,40.73434,-111.87211,31.3,12.0,875.7,327.25,0.2
57240.0,1308.3,2.79,0.04,2.79,40.73434,-111.87211,31.4,11.7,875.7,296.31,0.2
57300.0,1308.5,2.81,0.04,2.81,40.73434,-111.87211,31.4,11.3,875.7,3.38,0.2
57360.0,1308.7,2.71,0.04,2.71,40.73434,-111.87211,31.3,12.4,875.7,58.18,0.3
57420.0,1308.5,2.86,0.05,2.86,40.73434,-111.87211,31.2,12.0,875.7,68.08,0.2
57480.0,1308.5,3.31,0.04,3.31,40.73434,-111.87211,31.4,12.1,875.7,139.73,0.9
57540.0,1308.6,2.66,0.05,2.66,40.73434,-111.87211,31.5,12.6,875.7,141.95,0.5
57600.0,1308.7,2.65,0.05,2.65,40.73434,-111.87211,31.7,11.9,875.7,167.06,0.5
57660.0,1308.6,2.71,0.05,2.71,40.73434,-111.87211,31.9,11.7,875.6,142.79,0.7
57720.0,1308.6,2.88,0.05,2.88,40.73434,-111.87211,32.0,11.7,875.6,107.99,0.3
57780.0,1308.6,2.60,0.04,2.60,40.73434,-111.87211,32.2,11.3,875.6,174.12,0.3
57840.0,1308.8,2.75,0.05,2.75,40.73434,-111.87210,32.1,11.3,875.6,346.92,0.2
57900.0,1308.8,1.90,0.05,1.90,40.73434,-111.87210,32.0,11.2,875.6,334.55,0.3
57960.0,1308.9,1.54,0.04,1.54,40.73434,-111.87210,32.0,11.0,875.6,196.18,0.2
58020.0,1308.9,1.52,0.05,1.52,40.73434,-111.87210,32.2,11.0,875.6,151.06,0.9
58080.0,1308.7,1.78,0.04,1.78,40.73434,-111.87210,32.5,10.5,875.6,174.52,0.9
58140.0,1308.7,1.55,0.04,1.55,40.73434,-111.87210,32.7,10.6,875.6,170.36,0.9
58200.0,1308.7,1.57,0.04,1.57,40.73434,-111.87210,33.0,11.4,875.6,134.50,0.5
58260.0,1308.8,1.72,0.05,1.72,40.73434,-111.87210,33.0,11.5,875.6,141.40,0.4
58320.0,1308.7,1.70,0.05,1.70,40.73433,-111.87210,33.1,11.3,875.6,128.62,0.8
58380.0,1308.5,1.90,0.04,1.90,40.73433,-111.87211,33.2,12.2,875.6,127.18,0.8
58440.0,1308.6,2.09,0.05,2.09,40.73433,-111.87210,33.2,13.1,875.6,116.01,0.7
58500.0,1308.8,2.17,0.05,2.17,40.73433,-111.87210,33.2,11.8,875.6,149.56,0.9
58560.0,1308.9,1.91,0.05,1.91,40.73433,-111.87210,33.4,11.2,875.6,151.69,0.9
58620.0,1308.8,2.28,0.04,2.28,40.73433,-111.87210,33.6,11.1,875.6,158.10,1.0
58680.0,1308.6,2.03,0.04,2.03,40.73433,-111.87210,33.7,11.1,875.6,157.68,1.4
58740.0,1308.6,2.22,0.04,2.22,40.73433,-111.87210,33.7,11.7,875.6,154.38,1.8
58800.0,1308.5,2.07,0.04,2.07,40.73433,-111.87210,33.8,11.2,875.6,162.04,1.8
58860.0,1308.5,2.37,0.04,2.37,40.73433,-111.87210,33.8,12.7,875.6,149.62,1.7
58920.0,1308.4,2.61,0.04,2.61,40.73434,-111.87210,33.6,12.9,875.6,146.10,1.9
58980.0,1308.3,2.85,0.05,2.85,40.73434,-111.87210,33.5,11.9,875.6,149.73,1.7
59040.0,1308.3,2.88,0.05,2.88,40.73434,-111.87210,33.5,11.5,875.6,163.78,2.0
59100.0,1308.2,2.93,0.04,2.93,40.73434,-111.87210,33.6,11.5,875.6,166.52,1.3
59160.0,1308.1,3.07,0.04,3.07,40.73434,-111.87210,33.5,12.1,875.6,139.41,1.3
59220.0,1308.2,2.93,0.04,2.93,40.73434,-111.87210,33.3,14.1,875.6,121.41,1.8
59280.0,1308.0,3.17,0.04,3.17,40.73434,-111.87210,33.1,14.8,875.6,103.30,0.7
59340.0,1308.0,3.15,0.04,3.15,40.73434,-111.87210,32.9,13.7,875.6,92.22,0.6
59400.0,1308.0,3.00,0.04,3.00,40.73434,-111.87210,32.7,12.8,875.6,118.55,1.2
59460.0,1307.9,2.94,0.04,2.94,40.73434,-111.87210,32.7,12.6,875.7,127.86,1.3
59520.0,1308.0,3.41,0.04,3.41,40.73434,-111.87210,32.7,12.0,875.7,131.50,1.2
59580.0,1308.0,3.38,0.04,3.38,40.73434,-111.87210,32.6,12.1,875.7,122.52,1.2
59640.0,1308.0,3.54,0.04,3.54,40.73434,-111.87210,32.6,12.0,875.7,131.32,1.5
59700.0,1307.9,3.86,0.05,3.86,40.73434,-111.87210,32.8,11.9,875.7,131.46,1.1
59760.0,1308.0,3.61,0.05,3.61,40.73434,-111.87210,33.0,12.0,875.6,133.07,0.9
59820.0,1308.2,3.31,0.05,3.31,40.73434,-111.87210,33.1,12.5,875.7,138.10,0.9
59880.0,1308.1,3.02,0.04,3.02,40.73434,-111.87210,33.3,11.7,875.7,152.51,1.4
59940.0,1307.6,2.82,0.04,2.82,40.73434,-111.87210,33.3,11.8,875.7,138.70,1.4
60000.0,1307.4,3.35,0.05,3.35,40.73433,-111.87210,33.5,11.5,875.7,143.64,1.0
60060.0,1307.4,3.64,0.04,3.64,40.73433,-111.87210,33.5,12.4,875.7,122.69,0.7
60120.0,1307.4,3.49,0.04,3.49,40.73434,-111.87210,33.5,14.7,875.6,109.07,0.7
60180.0,1307.5,2.93,0.05,2.93,40.73434,-111.87210,33.4,14.6,875.6,117.59,1.3
60240.0,1307.5,2.33,0.04,2.33,40.73434,-111.87211,33.5,13.4,875.6,120.45,0.9
60300.0,1307.4,2.04,0.04,2.04,40.73434,-111.87211,33.5,12.5,875.6,134.17,1.2
60360.0,1307.4,2.57,0.04,2.57,40.73434,-111.87210,33.7,12.0,875.6,131.72,1.0
60420.0,1307.4,3.02,0.04,3.02,40.73434,-111.87210,33.9,11.8,875.7,131.98,0.8
60480.0,1307.5,3.12,0.04,3.12,40.73433,-111.87210,33.9,12.0,875.7,111.45,0.9
60540.0,1307.6,3.16,0.04,3.16,40.73433,-111.87210,33.8,13.2,875.7,111.22,1.3
60600.0,1307.6,3.01,0.05,3.01,40.73433,-111.87210,33.7,13.0,875.7,120.42,1.5
60660.0,1307.4,3.22,0.05,3.22,40.73433,-111.87210,33.6,12.3,875.7,131.68,1.3
60720.0,1307.3,3.03,0.06,3.03,40.73433,-111.87210,33.7,12.2,875.7,134.63,1.2
60780.0,1307.4,2.81,0.05,2.81,40.73433,-111.87210,33.9,11.9,875.7,121.37,0.9
60840.0,1307.6,2.30,0.05,2.30,40.73433,-111.87210,33.8,13.0,875.7,104.94,0.6
60900.0,1307.7,2.52,0.04,2.52,40.73433,-111.87210,33.9,12.5,875.6,110.86,0.9
60960.0,1307.7,2.96,0.04,2.96,40.73433,-111.87210,33.9,12.9,875.7,133.54,1.4
61020.0,1307.7,2.50,0.05,2.50,40.73433,-111.87210,33.8,13.7,875.7,119.63,2.1
61080.0,1307.7,2.08,0.04,2.08,40.73433,-111.87210,33.5,12.0,875.7,119.96,2.2
61140.0,1307.5,1.68,0.05,1.68,40.73433,-111.87210,33.5,13.0,875.7,121.94,1.3
61200.0,1307.7,1.78,0.04,1.78,40.73433,-111.87210,33.5,13.1,875.8,115.93,0.8
61260.0,1307.9,1.92,0.04,1.92,40.73433,-111.87210,33.7,13.1,875.8,113.38,0.7
61320.0,1307.8,1.52,0.04,1.52,40.73433,-111.87210,33.6,13.5,875.8,105.05,0.8
61380.0,1307.4,1.43,0.05,1.43,40.73433,-111.87210,33.6,12.5,875.8,102.62,0.4
61440.0,1307.5,1.62,0.05,1.62,40.73433,-111.87210,33.7,13.1,875.8,109.63,0.6
61500.0,1307.4,1.62,0.06,1.62,40.73433,-111.87210,33.8,13.1,875.8,64.38,0.3
61560.0,1307.6,2.29,0.05,2.29,40.73433,-111.87210,34.0,12.6,875.8,122.30,0.6
61620.0,1307.6,2.45,0.05,2.45,40.73433,-111.87210,34.2,11.9,875.8,112.47,0.3
61680.0,1307.5,2.16,0.05,2.16,40.73433,-111.87210,34.1,12.6,875.8,68.03,0.4
61740.0,1307.4,2.08,0.05,2.08,40.73433,-111.87211,34.1,12.5,875.8,106.16,0.7
61800.0,1307.5,1.84,0.05,1.84,40.73433,-111.87211,34.2,12.0,875.8,151.42,0.2
61860.0,1307.4,2.03,0.05,2.03,40.73433,-111.87211,34.3,12.3,875.8,98.62,0.7
61920.0,1307.6,2.03,0.05,2.03,40.73433,-111.87211,34.4,12.3,875.8,114.72,0.8
61980.0,1307.7,2.39,0.05,2.39,40.73433,-111.87211,34.4,12.2,875.8,117.29,0.6
62040.0,1307.7,1.93,0.05,1.93,40.73433,-111.87211,34.4,12.7,875.8,89.32,0.6
62100.0,1307.7,2.01,0.04,2.01,40.73433,-111.87211,34.4,12.6,875.8,87.95,0.5
62160.0,1307.7,2.05,0.05,2.05,40.73433,-111.87211,34.4,12.5,875.8,89.26,0.5
62220.0,1307.7,2.09,0.05,2.09,40.73433,-111.87211,34.2,11.6,875.8,45.49,0.3
62280.0,1307.7,2.13,0.05,2.13,40.73433,-111.87211,34.2,11.0,875.8,122.63,0.3
62340.0,1307.8,1.90,0.05,1.90,40.73433,-111.87211,34.5,11.1,875.8,118.86,0.7
62400.0,1307.7,2.11,0.04,2.11,40.73433,-111.87211,34.7,11.0,875.8,125.76,0.5
62460.0,1307.8,2.30,0.05,2.30,40.73433,-111.87211,34.7,12.1,875.8,97.30,0.6
62520.0,1308.0,2.16,0.05,2.16,40.73433,-111.87211,34.6,13.0,875.8,118.13,1.5
