CampaignData_and_Merges/R0/CSL_MobileLab_Parked/raw/20240730/USOS-Picarro-CO2-CH4-CO-H2O_MobileLabGround_20240730_R0.ict
38, 1001
Ilana Pollack, Nell Schafer, and Jeff Peischl
NOAA Chemical Sciences Laboratory
Picarro 2401-m CO2/CH4/CO/H2O Analyzer
USOS
1, 1
2024, 07, 30, 2024, 11, 20
0
StartTime_UTC, seconds_past_midnight, seconds past midnight
5
1, 1, 1, 1, 1
-9999, -9999, -9999, -9999, -9999
StopTime_UTC, seconds_past_midnight, seconds past midnight
CO2_ppm_1min, ppm, Gas_CO2_InSitu_S_DMF, carbon dioxide mixing ratio
CH4_ppb_1min, ppb, Gas_CH4_InSitu_S_DMF, methane mixing ratio
CO_ppb_1min, ppb, Gas_CO_InSitu_S_DMF, carbon monoxide mixing ratio
H2O_ppmv_1min, ppmv, Met_H2OMRV_InSitu_S_AVMR, water vapor mixing ratio
1
SPECIAL COMMENTS: N/A
18
PI_CONTACT_INFO: Address: NOAA Chemical Sciences Laboratory, Mail Stop CSL7, 325 Broadway, Boulder, CO 80305; Email: Ilana.Pollack@noaa.gov
PLATFORM: NOAA CSL Mobile Laboratory
LOCATION: The mobile lab was stationed in Salt Lake City, Utah.
ASSOCIATED_DATA: N/A
INSTRUMENT_INFO: CO2, CH4, and CO are reported as dry air mole fractions using a commercial wavelength-scanned cavity ring-down analyzer (Picarro 2401-m). An in-field calibration gas standard of 432±0.07 ppm CO2, 2095±1 ppb CH4, and 183±1 ppb CO, calibrated in the Boulder laboratories before and after the field project using primary CO2, CH4, and CO standard tanks tied to the WMO standard (X2019, X2004A, and X2014A, respectively) from the Global Monitoring Laboratory (GML), was delivered to the inlet every 2-3 days to evaluate instrument sensitivity. A H2O measurement was calibrated before the project with a Dew Point Mirror 373 hygrometer. The water correction calculated from these calibrations was applied to the H2O measurement for the entire campaign. Species are measured at 0.5 Hz and reported as 1-minute averages for stationary measurements.
DATA_INFO: Units: CO2, ppm, dry air mole fraction; CH4, ppb, dry air mole fraction; CO, ppb, dry air mole fraction; H2O, ppmv
UNCERTAINTY: CO2: ±(0.1 ppm + 1%), CH4: ±(1 ppb + 1%), CO: ±(4 ppb + 1%), and H2O: ±(50 ppm + 4%)
ULOD_FLAG: -7777
ULOD_VALUE: N/A
LLOD_FLAG: -8888
LLOD_VALUE: N/A
DM_CONTACT_INFO: Data Manager: Nathan Howard; nathan.h.howard@noaa.gov
PROJECT_INFO: USOS Dates of Study: July – August 2024
STIPULATIONS_ON_USE: Use of these data require prior ok from PI.
OTHER_COMMENTS: Data are averaged to 1 minute intervals. Stationary data collected from a 10 ft tower on top of the mobile van.
REVISION: R0
R0: Final Data
StartTime_UTC, StopTime_UTC, CO2_ppm_1min, CH4_ppb_1min, CO_ppb_1min, H2O_ppmv_1min
[from data line 393]
23580,23640,447.67,1981.9,179.8,5915.6138
23640,23700,448.05,1983.0,179.8,5939.9326
23700,23760,446.04,1979.3,174.3,5790.4688
23760,23820,446.55,1981.7,174.5,5827.0430
23820,23880,448.66,1983.8,176.4,5991.5386
23880,23940,449.18,1986.4,178.2,6029.1084
23940,24000,449.21,1982.1,177.2,6043.6606
24000,24060,451.57,1983.8,176.5,6168.6426
24060,24120,450.66,1985.0,177.8,6085.9424
24120,24180,454.56,1987.0,177.3,6280.5386
24180,24240,458.57,1987.5,178.6,6475.3994
24240,24300,455.65,1986.3,177.5,6339.9458
24300,24360,458.16,1988.3,181.4,6869.5068
24360,24420,459.41,1988.1,180.6,7104.4155
24420,24480,459.94,1987.9,181.0,7355.1182
24480,24540,457.22,1988.4,180.2,6865.9824
24540,24600,456.56,1988.9,182.3,7085.8628
24600,24660,456.65,1993.4,187.7,7097.2056
24660,24720,460.57,2005.4,208.4,7202.3701
24720,24780,460.23,2007.5,208.4,6896.6992
24780,24840,458.69,2017.0,198.8,6670.9863
24840,24900,453.67,1999.4,194.5,6308.9585
24900,24960,454.33,2000.9,207.2,6351.4185
24960,25020,458.50,2007.0,205.2,6743.2339
25020,25080,458.07,2025.2,204.9,6835.6709
25080,25140,458.96,2011.0,198.4,7179.0786
25140,25200,458.60,2014.0,205.5,6810.7915
25200,25260,460.44,2017.7,205.8,6896.2192
25260,25320,461.34,2021.9,205.7,6876.6807
25320,25380,462.43,2022.5,204.0,6906.3481
25380,25440,461.76,2022.3,203.3,6937.4443
25440,25500,459.80,2037.9,364.7,6901.8955
25500,25560,462.13,2017.4,192.6,6882.8569
25560,25620,459.55,2010.4,191.0,6689.8286
25620,25680,460.75,2011.3,203.5,6783.7329
25680,25740,461.04,2021.5,266.2,6795.7681
25740,25800,463.72,2045.2,230.8,6952.5259
25800,25860,462.52,2065.1,207.8,6903.0645
25860,25920,461.41,2076.1,251.2,6856.3677
25920,25980,464.67,2075.1,225.8,7074.4932
25980,26040,463.49,2036.4,199.8,6767.9673
26040,26100,464.23,2028.3,193.6,6889.4580
26100,26160,465.87,2032.1,198.6,6987.8857
26160,26220,464.34,2033.4,201.4,6872.9341
26220,26280,466.57,2052.9,204.9,7042.9424
26280,26340,462.97,2047.6,206.9,6928.7007
26340,26400,467.16,2023.9,190.0,7084.0767
26400,26460,465.22,2018.8,182.4,6960.0938
26460,26520,454.83,2015.0,181.6,6380.6689
26520,26580,456.67,2032.7,183.3,6510.1182
26580,26640,465.39,2049.3,187.7,7058.0376
26640,26700,459.93,2015.6,179.6,6764.5479
26700,26760,455.83,2011.8,176.7,6424.0249
26760,26820,454.74,2018.7,179.7,6359.3911
26820,26880,455.47,2036.7,195.2,6376.8838
26880,26940,452.39,2022.6,174.5,6177.5005
26940,27000,451.95,2019.3,164.1,6215.4946
27000,27060,455.01,2023.9,167.1,6443.3223
27060,27120,452.74,2013.5,157.5,6310.1318
27120,27180,451.91,2013.3,156.2,6268.4536
27180,27240,453.74,2010.6,156.1,6382.4873
27240,27300,448.56,1992.2,144.0,6023.7793
27300,27360,452.90,2006.3,155.8,6314.7568
27360,27420,447.27,1991.7,145.8,5888.4136
27420,27480,446.63,1986.7,143.8,5857.6978
27480,27540,444.34,1980.0,134.5,5683.8496
27540,27600,444.32,1979.6,134.9,5720.2847
27600,27660,442.82,1974.5,133.8,5591.3887
27660,27720,445.71,1978.3,149.2,5811.1670
27720,27780,443.91,1977.7,136.5,5663.6143
27780,27840,443.30,1977.9,135.6,5605.0444
27840,27900,444.23,1980.5,141.5,5683.9116
27900,27960,442.89,1978.5,140.7,5558.8799
27960,28020,443.76,1981.9,137.5,5622.1401
28020,28080,443.47,1980.5,132.3,5646.6172
28080,28140,442.53,1975.4,131.3,5548.3872
28140,28200,443.83,1976.2,129.1,5652.3848
28200,28260,445.46,1976.2,130.6,5726.6309
28260,28320,446.32,1979.1,131.9,5784.2393
28320,28380,445.63,1985.3,133.2,5723.3823
28380,28440,445.97,1984.8,129.2,5704.8398
28440,28500,445.72,1976.7,129.5,5871.9087
28500,28560,449.23,1986.3,132.9,5924.0664
28560,28620,446.36,1980.8,131.4,5752.3169
28620,28680,446.71,1984.9,130.9,5834.5796
28680,28740,444.35,1980.5,125.3,5646.1328
28740,28800,443.14,1978.5,124.9,5532.9697
28800,28860,442.88,1976.6,126.2,5473.4370
28860,28920,445.89,1979.3,131.0,5643.8433
28920,28980,446.40,1995.9,142.5,5708.1890
28980,29040,446.79,1988.0,135.1,5722.0176
29040,29100,448.72,1988.7,136.4,5833.6582
29100,29160,448.96,1996.8,136.0,5953.9941
29160,29220,446.72,1990.9,129.6,5742.9951
29220,29280,448.80,1998.3,142.6,5856.5063
29280,29340,450.08,2004.2,167.6,5904.0894
29340,29400,447.20,1993.5,173.3,5697.6909
29400,29460,451.53,2001.9,157.8,5858.8389
29460,29520,449.36,1999.8,139.3,5890.6919
29520,29580,449.01,2004.5,138.1,5886.9927
29580,29640,448.91,2009.8,134.9,5884.2842
29640,29700,450.70,2007.0,143.4,5968.8101
29700,29760,450.46,1996.7,149.5,5922.8398
29760,29820,450.16,1991.7,133.3,5873.0625
29820,29880,450.56,1988.7,130.5,5961.5396
29880,29940,447.62,1996.2,124.2,5762.7334
29940,30000,451.36,2018.9,123.3,5971.0762
30000,30060,448.42,1994.2,121.9,5723.7314
30060,30120,448.16,1992.0,123.4,5725.9258
30120,30180,448.27,1980.6,141.0,5657.9341
30180,30240,453.42,1986.3,139.3,5998.5713
30240,30300,449.75,1988.2,124.6,5732.1758
30300,30360,450.39,1990.9,120.5,5744.1470
30360,30420,443.89,1976.9,117.8,5294.1777
30420,30480,447.68,1988.7,123.3,5545.2529
30480,30540,447.24,1981.1,120.3,5556.9165
30540,30600,445.54,1977.0,118.3,5435.8789
30600,30660,445.32,1976.1,116.4,5425.7168
30660,30720,445.48,1976.4,118.6,5438.1470
30720,30780,444.10,1975.5,117.1,5340.5239
30780,30840,444.47,1976.8,118.0,5383.5332
30840,30900,445.41,1977.2,117.6,5436.6021
30900,30960,447.26,1978.0,118.7,5582.2666
30960,31020,444.67,1973.8,114.9,5384.4360
31020,31080,443.00,1970.6,112.3,5238.2666
31080,31140,445.65,1976.9,116.2,5476.5005
31140,31200,447.28,1978.6,119.1,5605.5679
31200,31260,449.04,1983.8,145.1,5637.1631
31260,31320,448.03,1981.7,127.2,5609.1987
31320,31380,451.34,1985.6,143.1,5805.5811
31380,31440,451.16,1982.1,153.6,5765.3242
31440,31500,450.16,1979.8,149.4,5698.3823
31500,31560,452.17,1981.9,151.8,5833.8154
31560,31620,451.53,1995.2,127.2,5885.1104
31620,31680,450.28,1996.8,119.6,5870.9937
31680,31740,452.55,1994.7,120.3,6058.6323
31740,31800,452.35,1990.8,119.9,6031.1074
31800,31860,453.63,1995.9,121.9,6201.8667
31860,31920,455.25,2003.0,120.9,6238.2998
31920,31980,451.21,1993.5,121.1,5926.8203
31980,32040,451.31,1995.5,121.8,5958.0874
32040,32100,452.98,1998.7,121.5,6007.1626
32100,32160,455.03,1998.5,124.5,6148.2104
32160,32220,453.66,1994.1,124.7,6078.3584
32220,32280,453.42,1995.7,124.6,6018.6738
32280,32340,455.61,1997.1,124.8,6137.6816
32340,32400,454.92,1997.9,124.9,6146.3955
32400,32460,454.42,1999.2,123.8,6113.4980
32460,32520,455.10,2001.1,123.7,6145.8115
32520,32580,456.10,2001.4,125.1,6216.6006
32580,32640,453.38,1998.3,121.0,6033.7261
32640,32700,449.56,1990.7,117.9,5725.2661
32700,32760,450.91,1994.9,118.1,5808.0557
32760,32820,455.58,1998.6,121.3,6137.0684
32820,32880,454.41,1997.8,118.5,6149.6245
32880,32940,449.67,1992.8,115.5,5723.6914
32940,33000,449.52,2002.5,115.2,5780.8989
33000,33060,447.76,1988.3,115.2,5573.7578
33060,33120,451.56,1996.3,116.3,5953.4580
33120,33180,453.20,1994.6,114.4,6007.4165
33180,33240,453.11,1994.4,115.2,5879.6284
33240,33300,452.37,1994.0,114.0,5826.3662
33300,33360,452.72,1996.6,113.8,5898.9434
33360,33420,447.92,1980.2,108.9,5464.7065
33420,33480,447.95,1979.1,110.1,5384.2949
33480,33540,446.00,1977.1,110.1,5317.6812
33540,33600,444.16,1971.1,106.9,5097.1602
33600,33660,448.71,1979.1,110.9,5537.7627
33660,33720,450.39,1981.1,111.0,5669.0703
33720,33780,447.75,1978.2,111.4,5391.3916
33780,33840,450.15,1995.5,117.4,5583.4888
33840,33900,451.45,2008.5,116.3,5595.1318
33900,33960,448.25,1991.8,109.0,5371.4058
33960,34020,445.38,1981.5,106.5,5229.7056
34020,34080,450.75,1987.7,109.3,5556.5728
34080,34140,445.18,1975.4,107.4,5197.4175
34140,34200,448.89,1980.9,109.7,5571.7095
34200,34260,445.04,1977.3,105.2,5240.2500
34260,34320,442.70,1971.8,101.0,5019.9282
34320,34380,442.09,1968.3,99.9,4971.5068
34380,34440,445.45,1980.6,103.4,5270.8628
34440,34500,441.79,1968.2,101.2,4932.2500
34500,34560,443.82,1975.6,101.5,5119.3354
34560,34620,446.16,1976.0,109.4,5301.5752
34620,34680,444.54,1974.9,104.3,5176.0820
34680,34740,446.44,1976.5,104.1,5328.5889
34740,34800,446.26,1980.9,106.9,5311.5010
34800,34860,448.28,1987.8,116.0,5451.6528
34860,34920,447.93,1992.5,110.6,5465.9316
34920,34980,447.49,1990.5,105.9,5412.7915
34980,35040,448.36,1985.7,108.8,5431.8164
35040,35100,448.70,1986.9,105.1,5431.8853
35100,35160,449.36,1991.1,105.4,5535.6616
35160,35220,448.84,1991.7,103.6,5580.7524
35220,35280,448.83,2003.6,104.9,5573.2354
35280,35340,450.94,1996.3,107.4,5680.1484
35340,35400,452.04,1992.2,110.3,5706.8003
35400,35460,450.18,1987.2,115.4,5486.6392
35460,35520,445.76,1977.7,107.6,5238.9463
35520,35580,450.73,1987.3,109.2,5542.0957
35580,35640,453.79,1992.9,115.0,5755.4897
35640,35700,454.94,1992.8,112.9,5830.6177
35700,35760,453.38,1992.2,108.4,5696.0063
35760,35820,448.76,1982.3,103.8,5341.3081
35820,35880,448.55,1981.9,105.3,5352.6787
35880,35940,451.74,1988.2,106.7,5567.6035
35940,36000,452.62,1993.8,107.6,5657.7295
36000,36060,453.21,1998.9,107.7,5746.2651
36060,36120,454.56,1993.2,110.5,5755.9048
36120,36180,451.48,1989.8,108.4,5586.8643
36180,36240,450.98,1987.6,105.8,5550.8374
36240,36300,448.27,1975.4,103.7,5418.3389
36300,36360,448.43,1976.7,103.4,5415.1870
36360,36420,450.92,1982.4,106.3,5511.5254
36420,36480,452.25,1984.3,107.4,5605.4102
36480,36540,450.48,1981.5,104.8,5546.2100
36540,36600,451.16,1982.4,103.9,5613.3291
36600,36660,454.99,1985.7,107.1,5870.3921
36660,36720,454.03,1988.9,116.7,5871.4995
36720,36780,453.18,1991.3,114.4,5870.9331
36780,36840,450.42,1983.1,102.8,5741.6211
36840,36900,451.29,1994.3,107.1,5853.6348
36900,36960,453.91,2005.0,119.4,6018.0464
36960,37020,455.53,1990.9,108.4,6034.2412
37020,37080,456.05,1986.7,104.9,6085.8706
37080,37140,456.55,1995.1,106.1,6031.8936
37140,37200,454.99,1990.3,106.1,5957.9561
37200,37260,456.31,1989.4,106.2,5981.5669
37260,37320,453.89,1985.1,106.7,5808.1709
37320,37380,454.16,1988.5,107.9,5862.4570
37380,37440,449.82,1981.8,106.5,5537.5591
37440,37500,453.53,1992.5,108.7,5732.2354
37500,37560,452.52,1992.8,107.2,5753.4014
37560,37620,451.95,1991.7,107.2,5800.2817
37620,37680,451.43,1987.9,106.7,5772.6841
37680,37740,453.25,1990.2,108.0,5882.9766
37740,37800,456.02,1992.8,107.6,6049.1758
37800,37860,456.04,1992.0,107.2,6130.5181
37860,37920,455.57,1995.9,107.8,6019.0542
37920,37980,453.49,1998.5,109.0,5859.5718
37980,38040,456.21,2010.4,109.2,6065.2520
38040,38100,456.70,2004.3,110.8,6154.1313
38100,38160,455.25,2004.7,111.5,6143.1416
38160,38220,456.66,2005.5,111.7,6267.8794
38220,38280,454.01,2004.4,117.3,6009.2222
38280,38340,454.46,2006.5,116.8,6048.4307
38340,38400,457.34,2011.8,118.2,6215.6064
38400,38460,457.83,2012.1,117.6,6222.4561
38460,38520,454.37,2004.9,123.8,5972.4902
38520,38580,456.23,2009.4,124.9,6089.3198
38580,38640,454.48,2005.2,122.9,6022.4697
38640,38700,447.89,1988.2,110.7,5576.3091
38700,38760,455.06,1999.8,126.1,6050.9688
38760,38820,456.52,2002.9,118.7,6133.2178
38820,38880,449.80,1988.6,113.1,5652.6602
38880,38940,454.81,1996.2,114.6,5991.4185
38940,39000,450.31,1988.2,112.3,5737.2749
39000,39060,447.21,1986.4,107.3,5522.0542
39060,39120,449.41,1988.9,107.2,5686.2920
39120,39180,446.72,1986.7,107.2,5501.9873
39180,39240,449.65,1994.1,109.7,5892.5654
39240,39300,449.80,1990.9,110.9,5720.3486
39300,39360,450.69,1992.3,109.9,5823.4199
39360,39420,455.04,1994.8,110.4,6084.0723
39420,39480,451.22,1992.1,109.5,5828.0415
39480,39540,453.33,1993.6,111.6,5942.1548
39540,39600,449.19,1993.8,110.5,5676.4849
39600,39660,449.53,1994.2,110.8,5743.4678
39660,39720,452.74,1994.3,113.7,5997.5010
39720,39780,449.34,1989.1,112.4,5641.0073
39780,39840,452.84,1992.3,118.4,5869.1846
39840,39900,453.46,1992.7,125.3,5811.8828
39900,39960,455.34,1993.9,124.7,6074.0132
39960,40020,451.61,1992.5,121.5,5890.2285
40020,40080,450.07,1996.9,119.7,5781.1040
40080,40140,449.80,1993.8,116.7,5752.1128
40140,40200,453.35,1997.3,119.5,6025.6294
40200,40260,455.31,1998.3,119.7,6274.6084
40260,40320,451.00,1991.1,115.6,5966.3408
40320,40380,453.95,1994.4,117.1,6168.4424
40380,40440,453.70,1992.2,115.6,6104.3789
40440,40500,448.69,1987.4,113.3,5738.7251
40500,40560,452.13,1995.3,118.3,5943.8662
40560,40620,455.31,1996.9,140.2,6109.2734
40620,40680,460.68,2003.8,160.8,6226.2935
40680,40740,449.64,1991.7,152.0,5610.3135
40740,40800,440.24,1975.1,111.6,4959.9390
40800,40860,445.03,1983.6,124.8,5298.8247
40860,40920,451.76,1995.8,136.8,5827.9258
40920,40980,454.16,1999.1,138.9,6026.3091
40980,41040,455.13,1999.8,136.9,6062.4658
41040,41100,462.23,2014.7,144.2,6760.1401
41100,41160,461.44,2027.7,415.7,6396.0889
41160,41220,459.17,2022.5,445.9,6234.7388
41220,41280,456.62,2011.3,355.1,6131.5425
41280,41340,457.61,2008.0,313.7,6260.8613
41340,41400,457.85,2003.6,355.8,6272.0679
41400,41460,454.57,1998.2,218.2,5988.9961
41460,41520,459.08,2007.8,286.0,6287.5972
41520,41580,456.94,2003.5,239.0,6203.1602
41580,41640,452.58,1994.9,186.5,5804.6899
41640,41700,451.14,1991.5,171.4,5720.6069
41700,41760,454.41,1996.4,175.8,5839.5020
41760,41820,453.21,1996.6,158.7,5797.2891
41820,41880,459.09,2001.6,173.7,6175.5469
41880,41940,460.52,2001.7,168.2,6116.4897
41940,42000,455.57,2022.7,172.1,6063.9082
42000,42060,453.69,2011.4,171.2,5968.5688
42060,42120,456.15,2003.8,159.5,5967.4507
42120,42180,459.94,2006.5,165.0,6140.6777
42180,42240,459.34,2009.9,155.6,6223.3599
42240,42300,456.20,2005.8,155.5,6066.0933
42300,42360,454.01,2001.5,158.0,5889.2500
42360,42420,456.33,2005.0,157.0,6005.6548
42420,42480,458.07,2009.4,152.9,6125.3154
42480,42540,463.78,2011.1,187.5,6232.7275
42540,42600,464.36,2009.0,216.8,6145.8638
42600,42660,464.90,2008.6,511.4,6274.6118
42660,42720,462.00,2009.3,790.6,6153.0605
42720,42780,452.17,2002.7,199.2,5899.8267
42780,42840,458.93,2007.4,312.0,6180.0938
42840,42900,463.29,2017.8,273.2,6245.4756
42900,42960,456.28,2009.9,184.2,6084.1943
42960,43020,457.63,2005.2,196.0,6043.8887
43020,43080,456.85,2004.9,201.0,6105.0449
43080,43140,461.57,2009.6,229.7,6439.1372
43140,43200,460.51,2004.3,196.5,6330.0610
43200,43260,459.70,2001.6,169.0,6293.1279
43260,43320,458.93,2000.3,159.0,6383.1582
43320,43380,455.95,1997.0,154.9,6119.1675
43380,43440,462.03,1998.6,169.9,6300.2524
43440,43500,458.96,1999.6,162.2,6207.8613
43500,43560,457.21,2003.6,157.1,6143.0327
43560,43620,458.33,2007.9,155.7,6209.9658
43620,43680,457.84,2000.9,151.7,6305.8916
43680,43740,459.10,2012.4,155.0,6381.4443
43740,43800,459.64,2011.0,154.1,6386.0679
43800,43860,460.14,2001.7,155.7,6367.0498
43860,43920,469.91,2016.4,170.5,6717.9224
43920,43980,475.21,2015.9,528.0,6723.0586
43980,44040,465.54,2010.7,272.5,6473.0942
44040,44100,456.85,2005.3,143.2,6154.0073
44100,44160,470.12,2014.9,191.0,6779.4570
44160,44220,467.32,2019.7,175.0,6423.3457
44220,44280,467.92,2021.1,189.5,6413.0713
44280,44340,468.31,2021.0,253.2,6415.6836
44340,44400,466.75,2021.1,210.6,6380.9941
44400,44460,475.78,2021.1,282.0,6523.7129
44460,44520,471.48,2021.6,251.7,6551.3916
44520,44580,471.67,2023.9,243.9,6748.0200
44580,44640,469.52,2017.3,236.8,6581.9067
44640,44700,466.80,2016.9,229.4,6496.2803
44700,44760,460.71,2007.1,209.2,6165.1899
44760,44820,462.17,2013.1,201.4,6313.4956
44820,44880,465.47,2019.8,220.1,6489.5796
44880,44940,460.64,2008.9,203.6,6185.4658
44940,45000,461.24,2009.3,206.7,6270.6553
45000,45060,476.64,2015.4,438.4,6511.6978
45060,45120,490.29,2022.8,411.8,6692.0483
45120,45180,474.52,2025.6,223.3,6614.3657
45180,45240,472.23,2018.4,259.6,6612.9497
45240,45300,467.15,2006.9,233.8,6372.3032
45300,45360,459.50,1995.5,185.4,6001.0845
45360,45420,456.57,1990.8,176.2,5893.5684
45420,45480,455.69,1990.1,169.4,5848.4624
45480,45540,453.39,1986.6,168.0,5733.5034
45540,45600,453.57,1989.4,172.0,5825.8325
45600,45660,453.66,1989.3,180.5,5859.6812
45660,45720,459.06,1992.8,179.6,5958.0244
45720,45780,465.39,1996.8,238.1,6078.9585
45780,45840,460.88,1991.5,207.3,5896.0439
45840,45900,458.54,1991.7,204.6,5922.6216
45900,45960,461.35,1991.3,221.4,6011.6851
45960,46020,461.31,1998.5,208.7,6267.4395
46020,46080,461.53,2002.0,214.7,6302.5605
46080,46140,457.78,2001.7,191.6,6196.3770
46140,46200,457.41,1992.1,196.1,5928.2920
46200,46260,460.48,1995.0,346.2,6051.9902
46260,46320,465.34,1998.5,372.7,6363.4038
46320,46380,459.39,1990.8,291.4,6012.8857
