CampaignData_and_Merges/R0/CSL_MobileLab_Parked/raw/20240730/USOS-MetNav_MobileLabGround_20240730_R0.ict
44, 1001
Carrie Womack, Nate Howard, Mike Zucker
NOAA Chemical Sciences Laboratory
Mobile Lab MetNav Station
USOS
1, 1
2024, 07, 30, 2024, 12, 21
60
Time_Start, seconds_past_midnight, Seconds from midnight UTC
11
1, 1, 1, 1, 1, 1, 1, 1, 1, 1, 1
-9999, -9999, -9999, -9999, -9999, -9999, -9999, -9999, -9999, -9999, -9999
GPS_Alt_m, meters, Altitude from Differential GPS
GPS_Course_deg, degrees, Course from Differential GPS
GPS_GndSpd_m_s, m/s, Ground Speed from Differential GPS
GPS_Heading_deg, degrees, Heading from Differential GPS
GPS_Lat_deg, degrees, Latitude from Differential GPS
GPS_Lon_deg, degrees, Longitude from Differential GPS
AirTemp_C, Celsius, Air Temperature from Airmar
RelHumidity_pct, percent, Relative Humidity from Airmar
Pressure_mb, millibars, Pressure from Honeywell
WindDir_calc_deg, degrees, Wind Direction from Airmar corrected for van movement
WindSpd_calc_m_s, m/s, Wind Speed from Airmar corrected for van movement
1
SPECIAL COMMENTS:
18
PI_CONTACT_INFO: Address: 325 Broadway R/CSL7, Boulder, CO, 80305
PLATFORM: CSL Mobile Lab
LOCATION: Salt Lake City, UT
ASSOCIATED_DATA: N/A
INSTRUMENT_INFO: N/A
DATA_INFO: Units:
UNCERTAINTY: N/A
ULOD_FLAG: -7777
ULOD_VALUE: N/A
LLOD_FLAG: -8888
LLOD_VALUE: N/A
DM_CONTACT_INFO: Data Manager: Nate Howard
PROJECT_INFO: 
STIPULATIONS_ON_USE: Use of these data require prior ok from PI.
OTHER_COMMENTS: 
REVISION: R0
R0: Final data. Fixed bug in wind averaging code. RA: Preliminary Data. For in-field use only. 
Time_Start, GPS_Alt_m, GPS_Course_deg, GPS_GndSpd_m_s, GPS_Heading_deg, GPS_Lat_deg, GPS_Lon_deg, AirTemp_C, RelHumidity_pct, Pressure_mb, WindDir_calc_deg, WindSpd_calc_m_s
[from data line 628]
37680.0,1307.8,1.58,0.06,1.58,40.73434,-111.87211,18.4,20.9,872.7,126.28,0.4
37740.0,1308.6,1.96,0.05,1.96,40.73433,-111.87211,18.3,20.9,872.7,126.46,0.5
37800.0,1309.1,1.81,0.05,1.81,40.73433,-111.87210,18.4,21.4,872.7,133.17,0.5
37860.0,1308.7,1.78,0.06,1.78,40.73433,-111.87211,18.4,21.0,872.8,126.42,0.1
37920.0,1308.6,2.46,0.06,2.46,40.73434,-111.87211,18.4,20.7,872.8,14.51,0.1
37980.0,1308.6,2.49,0.05,2.49,40.73434,-111.87211,18.5,20.8,872.8,141.38,0.1
38040.0,1308.5,2.15,0.05,2.15,40.73434,-111.87210,18.6,21.0,872.8,143.35,0.9
38100.0,1308.6,2.32,0.05,2.32,40.73434,-111.87210,18.5,21.3,872.8,124.39,0.1
38160.0,1308.5,2.85,0.05,2.85,40.73434,-111.87210,18.5,21.5,872.8,116.28,0.5
38220.0,1308.5,2.52,0.05,2.52,40.73434,-111.87210,18.5,21.2,872.9,159.48,0.8
38280.0,1308.5,1.43,0.04,1.43,40.73434,-111.87210,18.5,21.1,872.9,235.64,0.1
38340.0,1308.4,1.65,0.05,1.65,40.73434,-111.87210,18.4,21.3,872.9,347.41,0.1
38400.0,1308.5,2.00,0.04,2.00,40.73434,-111.87210,18.3,21.7,872.9,82.69,0.2
38460.0,1308.6,1.72,0.04,1.72,40.73434,-111.87210,18.4,21.3,873.0,148.66,0.5
38520.0,1308.8,1.80,0.05,1.80,40.73434,-111.87210,18.3,21.2,873.0,47.26,0.4
38580.0,1309.1,1.81,0.05,1.81,40.73434,-111.87210,18.2,21.8,873.0,115.01,1.0
38640.0,1309.1,2.19,0.05,2.19,40.73434,-111.87210,18.2,21.4,873.0,111.08,1.1
38700.0,1308.6,2.08,0.05,2.08,40.73434,-111.87210,18.2,21.0,873.1,117.62,1.9
38760.0,1308.5,1.61,0.04,1.61,40.73434,-111.87210,18.2,21.4,873.0,139.08,0.2
38820.0,1308.5,2.37,0.05,2.37,40.73434,-111.87210,18.2,21.2,873.0,178.61,0.4
38880.0,1308.7,2.36,0.05,2.36,40.73434,-111.87210,18.2,21.0,873.0,126.12,0.6
38940.0,1308.7,2.35,0.04,2.35,40.73434,-111.87210,18.3,20.7,873.0,154.63,1.0
39000.0,1308.5,2.49,0.05,2.49,40.73434,-111.87210,18.3,20.9,873.0,130.06,1.3
39060.0,1308.4,2.24,0.05,2.24,40.73434,-111.87210,18.3,20.6,873.0,107.63,0.5
39120.0,1308.5,2.05,0.05,2.05,40.73434,-111.87210,18.5,20.4,873.0,135.23,0.5
39180.0,1308.7,1.59,0.05,1.59,40.73434,-111.87210,18.5,20.4,873.0,134.05,0.9
39240.0,1308.8,1.24,0.05,1.24,40.73434,-111.87210,18.6,20.5,872.9,87.08,0.3
39300.0,1308.8,1.73,0.05,1.73,40.73434,-111.87210,18.6,20.7,873.0,121.57,1.3
39360.0,1308.7,1.28,0.04,1.28,40.73434,-111.87210,18.6,21.4,873.1,128.88,0.5
39420.0,1308.7,0.81,0.05,0.81,40.73434,-111.87210,18.6,20.7,873.1,354.11,0.1
39480.0,1308.8,1.02,0.04,1.02,40.73434,-111.87210,18.5,20.8,873.0,109.02,0.6
39540.0,1308.9,1.24,0.04,1.24,40.73434,-111.87210,18.5,20.6,873.1,113.93,0.7
39600.0,1308.9,1.28,0.05,1.28,40.73434,-111.87210,18.5,20.6,873.0,92.19,0.7
39660.0,1308.9,1.02,0.05,1.02,40.73434,-111.87210,18.5,21.1,873.0,127.10,0.7
39720.0,1309.0,1.01,0.04,1.01,40.73434,-111.87210,18.5,20.7,873.1,189.65,0.5
39780.0,1309.2,1.14,0.05,1.14,40.73433,-111.87210,18.5,20.8,873.1,121.34,1.2
39840.0,1308.9,1.41,0.05,1.41,40.73434,-111.87210,18.4,21.1,873.1,80.61,0.6
39900.0,1308.9,1.02,0.05,1.02,40.73434,-111.87210,18.5,21.4,873.0,137.58,0.5
39960.0,1308.8,1.42,0.05,1.42,40.73434,-111.87210,18.4,21.3,873.1,125.34,2.0
40020.0,1308.7,2.10,0.05,2.10,40.73434,-111.87210,18.5,20.6,873.2,136.10,0.7
40080.0,1308.7,2.07,0.05,2.07,40.73434,-111.87210,18.5,20.7,873.2,19.78,0.3
40140.0,1308.7,1.65,0.05,1.65,40.73434,-111.87210,18.5,20.7,873.2,108.17,0.2
40200.0,1308.7,1.56,0.04,1.56,40.73434,-111.87211,18.5,21.2,873.2,133.38,0.7
40260.0,1309.0,1.57,0.04,1.57,40.73434,-111.87211,18.4,21.1,873.2,93.13,0.2
40320.0,1309.1,1.66,0.05,1.66,40.73434,-111.87211,18.5,21.2,873.2,136.19,0.5
40380.0,1309.1,1.83,0.05,1.83,40.73434,-111.87211,18.5,21.8,873.3,141.94,0.6
40440.0,1309.2,1.84,0.05,1.84,40.73434,-111.87211,18.5,21.8,873.3,113.78,0.6
40500.0,1309.1,2.43,0.06,2.43,40.73434,-111.87211,18.3,21.3,873.3,78.62,0.7
40560.0,1309.2,2.47,0.05,2.47,40.73434,-111.87211,18.3,21.9,873.3,119.31,0.4
40620.0,1309.3,1.91,0.05,1.91,40.73434,-111.87211,18.3,22.3,873.3,158.90,1.0
40680.0,1309.1,2.11,0.05,2.11,40.73434,-111.87211,18.3,21.3,873.3,166.07,0.7
40740.0,1309.1,2.14,0.05,2.14,40.73434,-111.87211,18.4,20.2,873.3,99.11,0.7
40800.0,1308.9,1.91,0.05,1.91,40.73434,-111.87211,18.4,19.9,873.3,96.60,1.0
40860.0,1308.8,1.73,0.05,1.73,40.73434,-111.87211,18.5,20.6,873.4,95.35,0.7
40920.0,1308.8,1.91,0.05,1.91,40.73434,-111.87211,18.5,21.3,873.4,143.04,0.8
40980.0,1308.7,1.77,0.06,1.77,40.73434,-111.87211,18.5,21.3,873.4,146.89,0.8
41040.0,1308.9,2.40,0.05,2.40,40.73434,-111.87211,18.6,22.4,873.4,138.76,0.9
41100.0,1308.8,2.71,0.05,2.71,40.73434,-111.87211,18.5,23.3,873.4,149.41,2.1
41160.0,1308.8,2.64,0.05,2.64,40.73434,-111.87211,18.4,22.3,873.5,142.37,1.8
41220.0,1309.2,2.75,0.05,2.75,40.73434,-111.87211,18.4,22.0,873.5,97.69,0.4
41280.0,1309.2,3.11,0.05,3.11,40.73434,-111.87211,18.5,22.3,873.5,161.39,1.1
41340.0,1309.3,2.96,0.05,2.96,40.73434,-111.87211,18.5,22.7,873.5,145.39,0.7
41400.0,1309.4,2.93,0.06,2.93,40.73434,-111.87211,18.4,22.7,873.5,84.97,0.7
41460.0,1309.2,2.87,0.05,2.87,40.73434,-111.87211,18.4,22.2,873.5,149.88,0.1
41520.0,1308.9,2.73,0.05,2.73,40.73434,-111.87211,18.4,22.0,873.5,107.24,0.7
41580.0,1308.9,2.79,0.05,2.79,40.73434,-111.87211,18.3,21.4,873.6,131.86,2.4
41640.0,1309.1,2.46,0.06,2.46,40.73434,-111.87211,18.3,21.5,873.7,149.07,1.9
41700.0,1308.8,2.89,0.05,2.89,40.73434,-111.87211,18.3,21.9,873.6,114.77,1.1
41760.0,1308.5,3.23,0.05,3.23,40.73434,-111.87210,18.4,21.3,873.6,109.90,1.1
41820.0,1308.8,3.26,0.04,3.26,40.73434,-111.87210,18.3,21.6,873.6,116.93,0.5
41880.0,1308.8,4.30,0.05,4.30,40.73434,-111.87210,18.4,21.7,873.6,158.28,1.0
41940.0,1308.9,4.25,0.05,4.25,40.73434,-111.87210,18.3,22.1,873.6,138.67,1.9
42000.0,1308.5,3.87,0.05,3.87,40.73434,-111.87210,18.2,21.7,873.7,95.81,0.4
42060.0,1308.3,3.49,0.05,3.49,40.73434,-111.87210,18.2,21.3,873.7,352.99,0.2
42120.0,1308.1,3.53,0.05,3.53,40.73434,-111.87210,18.2,21.9,873.7,150.66,0.8
42180.0,1307.9,3.65,0.05,3.65,40.73434,-111.87210,18.2,21.7,873.7,165.66,0.9
42240.0,1307.8,3.64,0.04,3.64,40.73434,-111.87210,18.2,22.1,873.7,118.80,1.2
42300.0,1307.8,3.13,0.04,3.13,40.73434,-111.87210,18.2,21.6,873.7,117.04,1.3
42360.0,1307.5,3.43,0.04,3.43,40.73434,-111.87210,18.2,21.5,873.7,333.72,0.2
42420.0,1307.5,3.32,0.04,3.32,40.73434,-111.87210,18.2,21.8,873.7,50.46,0.2
42480.0,1307.5,2.92,0.05,2.92,40.73434,-111.87210,18.2,22.1,873.8,122.19,1.3
42540.0,1307.5,2.87,0.05,2.87,40.73434,-111.87210,18.1,22.1,873.8,140.36,2.3
42600.0,1307.5,2.65,0.05,2.65,40.73434,-111.87210,18.0,22.6,873.8,139.80,1.9
42660.0,1307.4,2.83,0.05,2.83,40.73434,-111.87210,18.0,22.5,873.9,127.95,1.1
42720.0,1307.1,2.84,0.05,2.84,40.73434,-111.87210,18.0,22.2,873.9,104.39,0.4
42780.0,1307.3,3.30,0.05,3.30,40.73434,-111.87210,18.0,21.8,873.9,71.29,0.2
42840.0,1307.3,3.53,0.05,3.53,40.73434,-111.87210,18.0,22.4,873.9,128.82,1.2
42900.0,1307.3,3.02,0.05,3.02,40.73434,-111.87210,17.9,22.3,874.0,125.31,1.7
42960.0,1307.5,2.70,0.04,2.70,40.73434,-111.87210,17.9,21.9,874.0,122.14,1.3
43020.0,1307.5,2.58,0.05,2.58,40.73434,-111.87210,17.9,22.5,874.0,95.74,0.4
43080.0,1307.5,2.91,0.05,2.91,40.73434,-111.87210,17.8,22.1,874.0,26.78,0.2
43140.0,1307.6,2.71,0.05,2.71,40.73434,-111.87210,17.8,22.6,874.0,27.15,0.2
43200.0,1307.7,2.55,0.04,2.55,40.73434,-111.87210,17.9,22.6,874.0,64.99,0.2
43260.0,1307.8,2.44,0.04,2.44,40.73434,-111.87210,17.8,22.9,874.0,128.71,0.6
43320.0,1307.9,2.44,0.04,2.44,40.73434,-111.87210,17.8,22.4,874.0,129.91,1.0
43380.0,1307.9,2.15,0.04,2.15,40.73434,-111.87210,17.8,22.6,874.1,124.02,0.7
43440.0,1307.8,2.59,0.04,2.59,40.73434,-111.87211,17.8,22.5,874.1,120.01,0.4
43500.0,1307.7,2.53,0.04,2.53,40.73434,-111.87211,17.8,22.2,874.1,130.72,0.8
43560.0,1307.8,3.25,0.04,3.25,40.73434,-111.87211,17.7,22.3,874.1,82.89,0.5
43620.0,1307.8,3.28,0.04,3.28,40.73434,-111.87211,17.7,22.4,874.1,5.88,0.3
43680.0,1308.0,3.17,0.06,3.17,40.73434,-111.87211,17.7,22.4,874.0,188.52,0.2
43740.0,1307.8,2.85,0.05,2.85,40.73434,-111.87211,17.7,22.7,874.1,187.09,0.1
43800.0,1307.8,2.08,0.04,2.08,40.73434,-111.87211,17.7,22.4,874.1,147.08,1.2
43860.0,1307.9,2.41,0.05,2.41,40.73434,-111.87211,17.7,24.1,874.1,153.26,1.5
43920.0,1307.8,2.89,0.04,2.89,40.73433,-111.87211,17.7,26.4,874.1,116.08,0.7
43980.0,1307.7,2.72,0.05,2.72,40.73433,-111.87211,17.6,23.8,874.1,112.84,0.8
44040.0,1307.6,3.05,0.04,3.05,40.73433,-111.87211,17.6,23.3,874.1,131.39,1.3
44100.0,1307.8,3.55,0.04,3.55,40.73433,-111.87211,17.6,23.7,874.1,156.87,1.5
44160.0,1307.9,3.59,0.04,3.59,40.73433,-111.87211,17.6,25.0,874.1,144.48,1.1
44220.0,1308.0,3.42,0.04,3.42,40.73433,-111.87211,17.6,24.5,874.1,126.12,1.0
44280.0,1308.2,2.89,0.04,2.89,40.73433,-111.87211,17.6,24.1,874.1,111.87,0.7
44340.0,1308.3,2.79,0.05,2.79,40.73433,-111.87211,17.6,23.3,874.1,118.86,0.9
44400.0,1308.3,2.59,0.05,2.59,40.73433,-111.87211,17.5,23.6,874.1,122.19,1.1
44460.0,1308.3,2.88,0.05,2.88,40.73433,-111.87211,17.5,23.7,874.2,74.81,0.5
44520.0,1308.3,2.99,0.05,2.99,40.73433,-111.87211,17.5,23.8,874.1,67.55,0.2
44580.0,1308.3,2.36,0.05,2.36,40.73434,-111.87211,17.5,23.8,874.2,157.05,0.4
44640.0,1308.3,2.36,0.04,2.36,40.73434,-111.87211,17.5,23.4,874.2,75.38,0.1
44700.0,1308.4,2.76,0.04,2.76,40.73434,-111.87211,17.5,23.4,874.2,337.67,0.2
44760.0,1308.6,2.33,0.04,2.33,40.73434,-111.87210,17.5,23.0,874.2,27.57,0.2
44820.0,1308.7,2.07,0.04,2.07,40.73434,-111.87210,17.5,23.6,874.2,94.27,0.3
44880.0,1308.7,2.12,0.04,2.12,40.73434,-111.87210,17.4,23.9,874.2,118.07,0.4
44940.0,1308.7,2.03,0.04,2.03,40.73434,-111.87210,17.4,23.3,874.3,88.45,0.3
45000.0,1308.9,1.89,0.04,1.89,40.73434,-111.87210,17.4,23.5,874.3,118.80,0.9
45060.0,1309.1,2.05,0.05,2.05,40.73434,-111.87210,17.4,23.7,874.3,134.04,1.1
45120.0,1309.1,2.06,0.05,2.06,40.73434,-111.87210,17.4,24.5,874.3,118.35,0.9
45180.0,1309.0,2.26,0.05,2.26,40.73434,-111.87210,17.3,24.2,874.3,60.04,0.3
45240.0,1308.9,1.91,0.05,1.91,40.73434,-111.87210,17.4,23.9,874.3,111.49,0.5
45300.0,1308.9,1.73,0.04,1.73,40.73434,-111.87210,17.4,23.5,874.3,136.56,0.6
45360.0,1308.8,2.06,0.04,2.06,40.73434,-111.87210,17.5,22.7,874.3,93.67,0.5
45420.0,1308.7,2.23,0.05,2.23,40.73434,-111.87210,17.5,22.4,874.3,78.70,0.3
45480.0,1308.6,2.18,0.04,2.18,40.73434,-111.87210,17.5,21.7,874.3,344.36,0.1
45540.0,1308.7,2.33,0.04,2.33,40.73434,-111.87210,17.6,21.3,874.3,253.77,0.1
45600.0,1308.6,2.25,0.04,2.25,40.73433,-111.87210,17.6,21.9,874.4,160.44,0.3
45660.0,1308.6,2.06,0.04,2.06,40.73433,-111.87210,17.7,22.1,874.4,149.06,1.1
45720.0,1308.7,2.86,0.04,2.86,40.73433,-111.87210,17.6,23.3,874.4,132.73,1.7
45780.0,1308.7,2.45,0.04,2.45,40.73433,-111.87210,17.6,22.2,874.4,113.07,1.5
45840.0,1308.8,2.26,0.04,2.26,40.73433,-111.87210,17.7,22.0,874.4,110.28,1.0
45900.0,1308.7,2.34,0.04,2.34,40.73433,-111.87210,17.7,22.0,874.4,3.55,0.4
45960.0,1308.6,2.25,0.04,2.25,40.73433,-111.87210,17.8,22.3,874.4,279.64,0.2
46020.0,1308.6,1.98,0.04,1.98,40.73433,-111.87210,17.8,22.5,874.4,170.72,0.1
46080.0,1308.6,2.20,0.05,2.20,40.73433,-111.87210,17.9,22.4,874.4,140.83,0.2
46140.0,1308.5,2.51,0.05,2.51,40.73433,-111.87210,17.9,22.3,874.5,138.47,1.4
46200.0,1308.5,3.07,0.05,3.07,40.73433,-111.87210,18.0,21.7,874.5,158.16,1.5
46260.0,1308.6,2.72,0.06,2.72,40.73433,-111.87210,18.0,22.0,874.5,147.11,0.9
46320.0,1308.5,2.17,0.05,2.17,40.73433,-111.87210,17.9,23.4,874.5,54.39,0.4
46380.0,1308.4,2.23,0.06,2.23,40.73433,-111.87210,18.0,21.7,874.5,93.82,0.3
46440.0,1308.7,2.33,0.05,2.33,40.73433,-111.87210,18.0,22.5,874.4,133.28,0.9
46500.0,1309.0,2.31,0.04,2.31,40.73433,-111.87210,18.0,22.7,874.4,124.32,1.4
46560.0,1309.0,2.37,0.05,2.37,40.73433,-111.87210,18.0,21.3,874.5,128.57,2.8
46620.0,1309.0,2.44,0.05,2.44,40.73433,-111.87210,18.0,21.2,874.5,137.41,2.5
46680.0,1309.2,2.40,0.05,2.40,40.73433,-111.87210,18.1,21.6,874.5,135.27,1.7
46740.0,1309.4,3.12,0.04,3.12,40.73433,-111.87210,18.1,21.6,874.5,119.04,1.2
46800.0,1309.5,2.90,0.05,2.90,40.73433,-111.87210,18.2,21.0,874.6,112.28,0.8
46860.0,1309.6,2.39,0.05,2.39,40.73433,-111.87211,18.2,21.1,874.5,111.43,1.0
46920.0,1309.7,2.19,0.05,2.19,40.73433,-111.87211,18.2,20.4,874.5,125.03,1.3
46980.0,1309.7,2.43,0.04,2.43,40.73433,-111.87211,18.3,21.1,874.5,123.73,0.4
47040.0,1309.6,2.48,0.04,2.48,40.73434,-111.87211,18.4,20.8,874.5,100.29,0.2
47100.0,1309.7,2.55,0.05,2.55,40.73433,-111.87211,18.5,21.7,874.6,93.00,0.3
47160.0,1309.9,2.58,0.04,2.58,40.73433,-111.87211,18.5,21.9,874.6,130.26,0.9
47220.0,1309.9,2.45,0.05,2.45,40.73433,-111.87211,18.5,20.0,874.6,119.68,0.8
47280.0,1310.0,2.45,0.05,2.45,40.73434,-111.87211,18.6,20.6,874.6,138.12,0.7
47340.0,1309.8,2.67,0.05,2.67,40.73434,-111.87211,18.8,20.6,874.6,167.45,1.1
47400.0,1309.7,2.08,0.04,2.08,40.73433,-111.87211,18.9,20.8,874.6,180.82,0.7
47460.0,1309.7,1.54,0.04,1.54,40.73434,-111.87211,19.1,21.4,874.6,120.87,0.5
47520.0,1309.7,1.42,0.04,1.42,40.73433,-111.87211,19.2,22.7,874.6,143.98,1.5
47580.0,1309.7,1.67,0.04,1.67,40.73434,-111.87211,19.4,22.3,874.6,132.42,1.2
47640.0,1309.7,1.85,0.05,1.85,40.73434,-111.87211,19.5,22.9,874.6,130.45,1.0
47700.0,1309.9,1.73,0.04,1.73,40.73434,-111.87211,19.7,22.0,874.6,123.94,0.6
47760.0,1309.9,2.00,0.04,2.00,40.73434,-111.87211,19.9,21.3,874.6,119.42,0.6
47820.0,1310.0,1.95,0.05,1.95,40.73434,-111.87211,20.0,21.1,874.7,134.23,1.0
47880.0,1309.8,2.33,0.05,2.33,40.73434,-111.87211,20.3,21.1,874.7,136.35,0.8
47940.0,1309.8,2.40,0.04,2.40,40.73434,-111.87211,20.4,21.3,874.7,178.91,0.2
48000.0,1309.8,2.00,0.05,2.00,40.73434,-111.87211,20.6,20.9,874.7,168.47,0.4
48060.0,1309.7,2.07,0.04,2.07,40.73434,-111.87211,20.9,20.5,874.7,169.22,0.2
48120.0,1309.7,1.91,0.04,1.91,40.73434,-111.87211,21.0,21.0,874.7,173.07,0.2
48180.0,1309.7,2.41,0.05,2.41,40.73434,-111.87211,21.2,21.1,874.7,239.40,0.4
48240.0,1309.7,2.34,0.06,2.34,40.73434,-111.87211,21.2,21.7,874.7,122.34,0.4
48300.0,1309.5,2.39,0.05,2.39,40.73434,-111.87211,21.2,20.5,874.7,136.52,0.5
48360.0,1309.5,1.81,0.05,1.81,40.73434,-111.87211,21.2,20.4,874.8,131.33,0.7
48420.0,1309.5,2.59,0.04,2.59,40.73434,-111.87211,21.3,20.3,874.8,139.07,0.5
48480.0,1309.7,2.07,0.05,2.07,40.73434,-111.87211,21.5,20.2,874.8,133.27,0.5
48540.0,1309.5,2.10,0.05,2.10,40.73434,-111.87211,21.5,20.4,874.8,134.64,0.7
48600.0,1309.2,2.21,0.05,2.21,40.73434,-111.87211,21.5,19.9,874.8,143.66,1.1
48660.0,1309.2,2.73,0.05,2.73,40.73434,-111.87211,21.4,22.2,874.8,127.19,0.8
48720.0,1309.1,2.51,0.05,2.51,40.73434,-111.87211,21.3,20.8,874.8,131.75,1.0
48780.0,1309.0,2.60,0.05,2.60,40.73434,-111.87211,21.3,20.0,874.8,130.34,0.9
48840.0,1308.9,2.44,0.05,2.44,40.73434,-111.87211,21.3,20.2,874.8,125.20,0.7
48900.0,1309.0,2.66,0.04,2.66,40.73434,-111.87211,21.4,20.5,874.8,136.47,0.5
48960.0,1309.0,2.38,0.04,2.38,40.73434,-111.87211,21.5,19.9,874.8,135.48,0.8
49020.0,1309.1,2.25,0.04,2.25,40.73434,-111.87211,21.5,19.9,874.8,125.28,1.0
49080.0,1309.0,2.37,0.05,2.37,40.73434,-111.87211,21.5,20.0,874.8,131.01,1.1
49140.0,1308.9,2.52,0.05,2.52,40.73434,-111.87211,21.6,20.4,874.9,127.83,0.8
49200.0,1308.9,2.92,0.05,2.92,40.73434,-111.87211,21.7,22.2,874.9,133.07,0.6
49260.0,1309.0,3.23,0.04,3.23,40.73434,-111.87211,21.8,20.6,874.9,128.71,0.6
49320.0,1309.1,3.53,0.05,3.53,40.73434,-111.87211,22.0,20.7,874.9,139.92,0.8
49380.0,1309.1,3.36,0.05,3.36,40.73434,-111.87211,22.1,21.8,874.9,123.52,1.0
49440.0,1309.1,2.99,0.05,2.99,40.73434,-111.87211,22.4,22.2,874.9,125.69,0.6
49500.0,1309.0,3.18,0.04,3.18,40.73434,-111.87211,22.6,21.8,874.9,140.22,0.6
49560.0,1309.0,3.01,0.05,3.01,40.73434,-111.87211,22.8,21.5,874.9,112.50,0.4
49620.0,1309.0,2.68,0.05,2.68,40.73434,-111.87211,22.9,21.7,874.9,128.40,0.6
49680.0,1309.0,2.56,0.05,2.56,40.73434,-111.87211,22.9,22.5,874.9,101.12,0.5
49740.0,1308.9,2.50,0.05,2.50,40.73434,-111.87211,23.0,21.8,874.9,119.56,0.4
49800.0,1308.9,2.08,0.05,2.08,40.73434,-111.87211,23.2,21.9,874.9,146.87,0.6
49860.0,1309.0,1.68,0.05,1.68,40.73434,-111.87211,23.4,20.9,874.9,125.97,0.5
49920.0,1309.0,0.87,0.05,0.87,40.73434,-111.87211,23.5,21.0,874.9,97.67,0.3
49980.0,1308.9,0.95,0.05,0.95,40.73434,-111.87211,23.6,21.3,874.9,103.35,0.3
50040.0,1308.9,1.27,0.05,1.27,40.73434,-111.87211,23.7,20.9,875.0,96.72,0.2
