CampaignData_and_Merges/R0/CSL_MobileLab_Parked/raw/20240730/USOS-Picarro-CO2-CH4-CO-H2O_MobileLabGround_20240730_R0.ict
38, 1001
Ilana Pollack, Nell Schafer, and Jeff Peischl
NOAA Chemical Sciences Laboratory
Picarro 2401-m CO2/CH4/CO/H2O Analyzer
USOS
1, 1
2024, 07, 30, 2024, 11, 20
0
StartTime_UTC, seconds_past_midnight, seconds past midnight
5
1, 1, 1, 1, 1
-9999, -9999, -9999, -9999, -9999
StopTime_UTC, seconds_past_midnight, seconds past midnight
CO2_ppm_1min, ppm, Gas_CO2_InSitu_S_DMF, carbon dioxide mixing ratio
CH4_ppb_1min, ppb, Gas_CH4_InSitu_S_DMF, methane mixing ratio
CO_ppb_1min, ppb, Gas_CO_InSitu_S_DMF, carbon monoxide mixing ratio
H2O_ppmv_1min, ppmv, Met_H2OMRV_InSitu_S_AVMR, water vapor mixing ratio
1
SPECIAL COMMENTS: N/A
18
PI_CONTACT_INFO: Address: NOAA Chemical Sciences Laboratory, Mail Stop CSL7, 325 Broadway, Boulder, CO 80305; Email: Ilana.Pollack@noaa.gov
PLATFORM: NOAA CSL Mobile Laboratory
LOCATION: The mobile lab was stationed in Salt Lake City, Utah.
ASSOCIATED_DATA: N/A
INSTRUMENT_INFO: CO2, CH4, and CO are reported as dry air mole fractions using a commercial wavelength-scanned cavity ring-down analyzer (Picarro 2401-m). An in-field calibration gas standard of 432±0.07 ppm CO2, 2095±1 ppb CH4, and 183±1 ppb CO, calibrated in the Boulder laboratories before and after the field project using primary CO2, CH4, and CO standard tanks tied to the WMO standard (X2019, X2004A, and X2014A, respectively) from the Global Monitoring Laboratory (GML), was delivered to the inlet every 2-3 days to evaluate instrument sensitivity. A H2O measurement was calibrated before the project with a Dew Point Mirror 373 hygrometer. The water correction calculated from these calibrations was applied to the H2O measurement for the entire campaign. Species are measured at 0.5 Hz and reported as 1-minute averages for stationary measurements.
DATA_INFO: Units: CO2, ppm, dry air mole fraction; CH4, ppb, dry air mole fraction; CO, ppb, dry air mole fraction; H2O, ppmv
UNCERTAINTY: CO2: ±(0.1 ppm + 1%), CH4: ±(1 ppb + 1%), CO: ±(4 ppb + 1%), and H2O: ±(50 ppm + 4%)
ULOD_FLAG: -7777
ULOD_VALUE: N/A
LLOD_FLAG: -8888
LLOD_VALUE: N/A
DM_CONTACT_INFO: Data Manager: Nathan Howard; nathan.h.howard@noaa.gov
PROJECT_INFO: USOS Dates of Study: July – August 2024
STIPULATIONS_ON_USE: Use of these data require prior ok from PI.
OTHER_COMMENTS: Data are averaged to 1 minute intervals. Stationary data collected from a 10 ft tower on top of the mobile van.
REVISION: R0
R0: Final Data
StartTime_UTC, StopTime_UTC, CO2_ppm_1min, CH4_ppb_1min, CO_ppb_1min, H2O_ppmv_1min
[from data line 774]
46440,46500,459.76,1993.1,221.4,6182.4624
46500,46560,456.17,1989.4,192.5,5961.1724
46560,46620,452.05,1987.9,265.4,5780.3115
46620,46680,452.39,1985.8,165.7,5851.4536
46680,46740,453.37,1983.5,174.1,5840.2354
46740,46800,450.54,1981.9,156.5,5688.1621
46800,46860,453.07,1988.3,167.0,5807.5562
46860,46920,447.88,1979.1,154.9,5490.3657
46920,46980,452.53,1982.5,170.5,5734.7798
46980,47040,451.09,1980.5,160.1,5830.3511
47040,47100,452.75,1983.4,166.3,6137.6333
47100,47160,454.87,1986.9,189.8,6411.9668
47160,47220,449.35,1979.0,165.5,5801.7881
47220,47280,447.17,1977.2,152.0,5732.6621
47280,47340,451.72,1979.0,169.5,5736.8711
47340,47400,454.52,1984.6,182.0,5985.6724
47400,47460,451.68,1981.8,169.4,5842.5132
47460,47520,453.73,1983.6,175.5,6152.1191
47520,47580,456.29,1989.7,195.6,6389.8984
47580,47640,457.49,1987.2,192.7,6125.0469
47640,47700,456.19,1987.0,193.5,6137.8979
47700,47760,451.23,1984.4,177.3,6018.5410
47760,47820,452.22,1988.7,174.4,6085.7661
47820,47880,455.34,1987.4,185.8,6197.4131
47880,47940,453.41,1986.7,184.8,6217.1436
47940,48000,448.49,1982.3,169.0,6119.2915
48000,48060,447.75,1983.3,167.4,6091.7197
48060,48120,446.60,1982.5,160.1,6160.3389
48120,48180,446.80,1990.6,161.0,6567.4375
48180,48240,445.36,1983.0,155.8,6418.2793
48240,48300,443.96,1980.2,152.2,6344.3223
48300,48360,443.80,1977.8,149.2,6158.8516
48360,48420,446.63,1979.1,160.0,6200.9482
48420,48480,447.36,1980.1,167.7,6331.4819
48480,48540,449.85,1980.0,195.5,6367.4546
48540,48600,449.51,1977.0,211.8,6208.9019
48600,48660,451.46,1976.7,225.6,6296.1606
48660,48720,454.80,1977.3,226.8,6331.7783
48720,48780,450.50,1973.9,187.6,6217.9063
48780,48840,446.90,1972.2,162.7,6178.6406
48840,48900,448.11,1974.2,183.3,6567.1719
48900,48960,445.38,1973.2,187.0,6398.0132
48960,49020,444.39,1971.3,180.5,6110.6631
49020,49080,447.78,1973.1,201.0,6334.2144
49080,49140,450.14,1973.5,221.3,6378.4927
49140,49200,444.41,1970.9,195.1,6297.5317
49200,49260,446.46,1972.5,208.6,6574.7871
49260,49320,447.41,1973.0,197.9,6653.7642
49320,49380,449.17,1975.5,203.9,6956.3672
49380,49440,451.12,1978.7,193.3,7153.6777
49440,49500,451.82,1978.8,332.2,7337.1675
49500,49560,446.71,1975.7,272.2,7329.6196
49560,49620,446.41,1974.9,215.5,7374.5181
49620,49680,446.54,1976.2,220.1,7651.0640
49680,49740,444.21,1974.8,210.6,7389.6279
49740,49800,448.78,1976.1,235.1,7597.3203
49800,49860,446.23,1974.7,208.6,7527.4902
49860,49920,445.33,1972.8,195.6,7285.3237
49920,49980,446.28,1974.6,212.9,7728.2432
49980,50040,444.45,1974.5,204.8,7619.8828
50040,50100,444.15,1974.2,195.1,7295.8013
50100,50160,445.96,1977.2,208.4,7941.6831
50160,50220,444.39,1976.6,228.5,7777.0991
50220,50280,448.78,1976.9,247.9,7570.8521
50280,50340,442.90,1975.1,227.9,7472.4883
50340,50400,439.85,1974.2,264.4,7445.5352
50400,50460,440.31,1973.3,280.5,7254.9639
50460,50520,441.80,1974.0,264.5,7589.4692
50520,50580,441.66,1975.2,278.7,7647.9727
50580,50640,442.96,1974.7,248.9,7510.6563
50640,50700,439.63,1972.8,208.4,7234.1313
50700,50760,443.55,1974.0,289.6,7360.9888
50760,50820,442.31,1975.4,272.1,7525.6450
50820,50880,440.93,1977.0,264.6,8111.5708
50880,50940,441.68,1977.2,247.9,8064.5820
50940,51000,439.62,1974.5,226.7,7860.8384
51000,51060,439.86,1975.0,231.2,8283.6406
51060,51120,438.51,1973.6,208.5,7823.3496
51120,51180,437.48,1973.7,204.2,8067.0820
51180,51240,436.89,1974.4,199.3,8190.1694
51240,51300,437.84,1975.6,206.0,8293.5469
51300,51360,439.51,1978.4,230.6,8336.0361
51360,51420,440.68,1976.1,283.9,8178.4033
51420,51480,439.21,1976.9,265.4,7922.0352
51480,51540,437.64,1976.5,245.5,8508.1973
51540,51600,437.06,1975.5,218.2,7871.6553
51600,51660,436.20,1975.8,205.9,7986.3193
51660,51720,437.11,1976.2,212.2,7691.4463
51720,51780,437.25,1978.4,243.0,8677.2354
51780,51840,437.20,1983.4,232.9,8358.1191
51840,51900,440.57,1987.3,247.8,8665.5342
51900,51960,435.95,1980.7,214.5,8495.3857
51960,52020,435.61,1981.1,211.8,8662.7402
52020,52080,434.47,1980.3,201.9,8387.6523
52080,52140,434.71,1981.9,206.6,8692.5098
52140,52200,435.19,1981.8,213.2,8578.1729
52200,52260,433.71,1980.7,211.2,9045.8574
52260,52320,437.71,1980.6,233.6,8836.4326
52320,52380,440.94,1979.3,236.3,8871.8564
52380,52440,439.67,1979.2,226.1,8382.5771
52440,52500,437.80,1978.8,210.8,8027.9404
52500,52560,435.61,1979.9,210.6,8536.0576
52560,52620,438.71,1982.0,237.7,8060.2378
52620,52680,443.20,1986.9,272.0,8057.1616
52680,52740,441.93,1988.0,277.7,8415.4268
52740,52800,437.24,1981.6,211.5,7919.6924
52800,52860,437.99,1981.3,218.8,8372.0117
52860,52920,437.92,1986.1,247.0,9727.6914
52920,52980,437.17,1985.0,250.4,9961.9502
52980,53040,440.42,1985.1,266.5,9895.2988
53040,53100,438.26,1984.7,259.5,9523.3320
53100,53160,438.27,1984.1,238.6,8662.0586
53160,53220,440.43,1984.1,237.7,8832.9922
53220,53280,440.51,1983.3,236.9,8960.1504
53280,53340,444.12,1983.9,254.0,8985.3652
53340,53400,444.98,1985.6,270.9,8591.4004
53400,53460,442.17,1987.7,306.9,8160.8188
53460,53520,439.64,1984.8,245.4,8289.9258
53520,53580,437.47,1985.8,242.1,8872.7197
53580,53640,436.43,1987.2,239.7,9803.7627
53640,53700,438.70,1987.4,245.9,9762.6943
53700,53760,438.47,1989.0,245.8,9204.9561
53760,53820,437.17,1989.2,241.0,9478.0342
53820,53880,437.88,1990.0,250.7,9156.8740
53880,53940,440.79,1992.6,250.2,8518.0127
53940,54000,441.74,1992.2,250.0,8752.2139
54000,54060,442.31,1992.2,253.3,9165.6680
54060,54120,443.91,1996.2,253.2,8548.6104
54120,54180,441.47,1995.9,262.0,8813.7676
54180,54240,440.94,2000.2,257.1,8840.7783
54240,54300,440.32,2000.9,257.7,9828.7900
54300,54360,439.57,2002.9,259.9,9590.4824
54360,54420,445.07,2009.1,263.8,8424.0352
54420,54480,447.37,2011.4,270.6,7410.0430
54480,54540,448.07,2011.9,272.2,7472.4126
54540,54600,447.96,2013.3,284.4,7943.1377
54600,54660,446.90,2013.1,287.5,8282.4717
54660,54720,446.28,2007.3,275.9,7661.3838
54720,54780,447.77,2007.5,274.6,7683.6992
54780,54840,446.04,2007.8,276.3,8242.5381
54840,54900,445.41,2008.6,276.8,8565.5684
54900,54960,445.20,2010.4,278.5,8515.8730
54960,55020,445.26,2007.3,271.5,8626.3418
55020,55080,446.25,2005.2,270.1,7913.9263
55080,55140,447.30,2002.3,263.6,7501.7485
55140,55200,447.63,2003.5,269.4,7535.0020
55200,55260,448.33,2004.2,275.1,7667.2559
55260,55320,445.99,2006.7,276.6,8959.2881
55320,55380,442.93,2008.6,276.2,9452.5420
55380,55440,444.91,2005.9,271.9,8355.8682
55440,55500,444.71,1999.1,262.3,7737.5010
55500,55560,443.91,1999.3,261.3,7729.3408
55560,55620,445.93,1999.0,265.8,7838.3779
55620,55680,443.89,1999.8,266.0,8083.9922
55680,55740,443.69,1994.7,268.3,7273.3574
55740,55800,444.65,1997.6,277.6,8003.5176
55800,55860,442.45,1996.4,272.5,7935.3242
55860,55920,442.32,1992.4,262.5,7294.8706
55920,55980,442.02,1988.9,256.7,7049.4707
55980,56040,440.90,1987.5,263.1,6954.5171
56040,56100,440.34,1989.3,268.3,7447.6890
56100,56160,439.73,1992.4,255.5,7548.7773
56160,56220,442.63,1992.9,253.7,7391.2710
56220,56280,442.39,1990.6,246.5,6911.7202
56280,56340,441.51,1990.7,269.9,7550.1943
56340,56400,442.23,1990.2,270.6,7215.2251
56400,56460,442.51,1991.5,273.1,7163.9165
56460,56520,444.13,1990.9,272.7,6938.7773
56520,56580,442.81,1988.1,264.7,6792.1455
56580,56640,441.51,1986.9,262.3,7001.1587
56640,56700,440.78,1985.6,253.5,7217.5957
56700,56760,440.83,1985.2,246.8,7056.9302
56760,56820,441.00,1979.7,228.8,5919.1763
56820,56880,439.58,1980.7,227.9,6377.6328
56880,56940,437.89,1978.6,216.2,6629.5117
56940,57000,436.80,1978.1,202.2,6308.0425
57000,57060,-9999,-9999,-9999,-9999
57060,57120,-9999,-9999,-9999,-9999
57120,57180,-9999,-9999,-9999,-9999
57180,57240,-9999,-9999,-9999,-9999
57240,57300,435.23,1976.5,173.2,5308.6948
57300,57360,435.07,1978.2,181.6,5860.2520
57360,57420,433.78,1977.0,181.7,6308.4819
57420,57480,433.72,1975.7,182.6,6161.2192
57480,57540,435.82,1974.8,180.9,5893.0293
57540,57600,432.70,1973.3,176.1,6471.9995
57600,57660,434.35,1970.1,163.5,5713.0566
57660,57720,-9999,-9999,-9999,-9999
57720,57780,433.88,1972.6,172.4,5309.8389
57780,57840,433.91,1973.1,176.8,5564.7852
57840,57900,433.33,1973.1,176.6,5665.4575
57900,57960,433.73,1971.2,175.0,5504.5889
57960,58020,435.00,1970.6,175.0,5482.3774
58020,58080,434.72,1970.6,175.4,5319.8203
58080,58140,434.19,1970.9,175.8,5312.7173
58140,58200,434.24,1972.9,177.0,5554.1934
58200,58260,434.16,1972.1,176.2,5667.3418
58260,58320,434.94,1971.1,176.5,5653.7017
58320,58380,436.59,1971.2,178.6,5781.8398
58380,58440,435.70,1971.1,180.4,5772.0620
58440,58500,436.06,1971.7,183.0,6561.7144
58500,58560,434.11,1972.1,181.2,5850.4355
58560,58620,434.99,1972.1,182.3,5830.9897
58620,58680,435.83,1972.3,187.1,5851.8613
58680,58740,435.77,1972.5,198.2,6130.2476
58740,58800,437.94,1971.8,211.0,6466.7065
58800,58860,437.23,1971.0,212.5,6168.1978
58860,58920,435.00,1970.5,198.2,6481.0220
58920,58980,434.63,1970.4,194.9,5814.1011
58980,59040,435.02,1971.2,196.7,5781.5088
59040,59100,437.10,1972.1,219.5,5858.4502
59100,59160,437.34,1972.1,216.3,5907.9111
59160,59220,435.76,1972.0,215.2,7017.5747
59220,59280,435.61,1972.0,209.7,7380.8652
59280,59340,435.24,1972.4,206.0,6938.0732
59340,59400,435.14,1971.6,199.3,6341.9204
59400,59460,433.99,1971.9,198.8,6894.3945
59460,59520,434.82,1972.0,200.9,6285.5815
59520,59580,434.61,1971.7,196.5,6214.3374
59580,59640,434.61,1971.7,198.1,6247.5571
59640,59700,435.17,1971.8,197.7,5975.6494
59700,59760,435.54,1971.7,196.6,6083.2168
59760,59820,434.15,1971.5,196.5,6325.7427
59820,59880,434.62,1971.5,194.4,6142.0977
59880,59940,434.21,1971.6,199.2,6507.8018
59940,60000,435.12,1971.7,197.2,6113.2422
60000,60060,434.70,1971.9,201.9,6568.8896
60060,60120,434.38,1972.6,204.6,7134.5771
60120,60180,434.21,1975.4,228.5,8704.1543
60180,60240,434.42,1973.9,233.3,7913.8867
60240,60300,434.59,1972.8,213.5,7032.1646
60300,60360,436.32,1972.4,213.8,6724.8423
60360,60420,435.36,1971.8,204.1,6569.5806
60420,60480,434.68,1971.6,201.0,6385.1997
60480,60540,434.06,1972.1,207.0,6927.6670
60540,60600,438.51,1974.5,312.9,7404.5571
60600,60660,437.13,1973.2,231.6,6779.2881
60660,60720,434.10,1973.2,222.4,7582.4966
60720,60780,436.09,1972.5,216.8,6351.3843
60780,60840,435.17,1972.5,216.6,6820.3042
60840,60900,433.82,1971.7,202.8,6962.1309
60900,60960,432.17,1972.0,201.4,7631.3975
60960,61020,439.61,1972.9,223.9,7093.4028
61020,61080,437.41,1973.7,235.5,8152.3301
61080,61140,434.74,1972.3,216.6,7345.6255
61140,61200,434.05,1971.8,208.3,7062.9282
61200,61260,434.10,1972.0,209.4,7510.9927
61260,61320,434.24,1972.4,202.3,7241.6450
61320,61380,433.58,1972.9,206.6,7289.8394
61380,61440,433.40,1972.7,204.5,7425.5483
61440,61500,432.88,1972.8,203.8,7439.3145
61500,61560,433.05,1972.4,203.1,7474.8574
61560,61620,433.36,1971.5,201.8,6705.8535
61620,61680,433.00,1972.1,203.3,6869.4121
61680,61740,432.62,1972.1,203.2,7368.5146
61740,61800,432.96,1972.1,208.7,7442.9727
61800,61860,433.61,1971.3,202.3,6546.7944
61860,61920,432.80,1971.2,200.4,7097.6680
61920,61980,433.05,1971.8,208.4,7062.4165
61980,62040,432.82,1972.7,222.5,7766.2563
62040,62100,432.96,1972.7,214.2,7451.6216
62100,62160,432.30,1971.8,204.4,7171.3926
62160,62220,432.81,1971.4,201.4,6744.2866
62220,62280,432.91,1970.8,200.1,6495.3774
62280,62340,433.15,1970.6,200.0,6377.6909
62340,62400,433.65,1970.5,198.4,6337.1230
62400,62460,433.25,1971.1,203.7,6885.7275
62460,62520,431.97,1972.2,212.7,7889.7920
62520,62580,434.22,1972.1,225.1,8626.1143
62580,62640,433.89,1972.1,206.3,7384.2798
62640,62700,432.93,1971.1,202.6,7622.4473
62700,62760,432.13,1971.2,201.9,7609.3335
62760,62820,435.12,1971.8,274.3,7269.3882
62820,62880,434.15,1971.4,235.0,7382.8604
62880,62940,432.37,1969.5,202.2,6871.0620
62940,63000,431.05,1967.7,190.1,6440.4204
63000,63060,432.26,1969.1,202.2,6673.7256
63060,63120,432.42,1969.4,205.2,6619.0269
63120,63180,432.02,1969.0,199.8,6764.1206
63180,63240,432.79,1968.9,207.2,7518.7856
63240,63300,433.50,1967.3,207.1,6584.8682
63300,63360,431.55,1968.1,203.6,7244.7642
63360,63420,431.52,1966.9,199.9,7502.5469
63420,63480,429.30,1965.7,194.3,7527.9497
63480,63540,434.00,1966.5,263.3,7439.6602
63540,63600,430.78,1965.0,202.5,6905.0723
63600,63660,430.20,1964.5,185.1,6247.0376
63660,63720,430.61,1964.7,187.4,6651.4702
63720,63780,430.27,1963.7,179.7,5571.9126
63780,63840,427.24,1960.2,164.7,5320.8276
63840,63900,426.26,1959.4,162.1,4999.8193
63900,63960,424.98,1958.0,154.5,4595.4404
63960,64020,425.42,1958.8,157.5,4900.5103
64020,64080,426.02,1959.2,160.0,4914.1104
64080,64140,426.37,1959.3,168.6,4937.3184
64140,64200,429.36,1963.8,197.1,5543.9634
64200,64260,428.37,1959.4,174.1,5436.7100
64260,64320,425.62,1958.2,165.0,5010.9854
64320,64380,430.33,1960.5,183.9,5529.9102
64380,64440,425.85,1959.0,198.6,4518.6611
64440,64500,426.96,1962.4,185.1,5098.0801
64500,64560,428.81,1963.1,213.0,5281.7368
64560,64620,427.44,1961.7,173.7,4920.2861
64620,64680,426.16,1960.8,171.0,5092.3843
64680,64740,429.00,1961.1,188.5,5654.2695
64740,64800,427.82,1962.6,179.3,5812.2695
64800,64860,426.84,1964.1,174.3,5412.6030
64860,64920,426.90,1965.1,177.8,5404.9961
64920,64980,427.78,1966.5,205.8,5580.6714
64980,65040,427.15,1967.4,199.5,5609.5806
65040,65100,426.38,1967.4,183.8,5225.4805
65100,65160,426.78,1968.2,182.1,5275.4854
65160,65220,426.77,1965.7,177.6,5149.0298
65220,65280,426.89,1965.9,181.6,5273.7275
65280,65340,426.87,1966.7,184.3,5525.4189
65340,65400,426.16,1966.1,185.4,5160.8228
65400,65460,426.61,1965.7,181.7,5105.2998
65460,65520,426.64,1965.5,186.0,5081.6606
65520,65580,426.50,1965.5,185.0,5175.6060
65580,65640,426.40,1965.7,184.2,5569.2388
65640,65700,426.56,1966.6,184.5,5951.4800
65700,65760,426.11,1967.6,189.7,6534.2393
65760,65820,426.67,1967.8,188.0,5391.2920
65820,65880,426.81,1969.2,189.2,5531.9443
65880,65940,426.44,1969.6,185.2,5340.6958
65940,66000,426.20,1969.8,187.6,5485.6143
66000,66060,425.42,1970.5,192.5,5656.9326
66060,66120,425.39,1969.8,191.3,5462.9116
66120,66180,425.52,1969.4,193.0,5171.6240
66180,66240,425.69,1969.7,196.2,5106.4409
66240,66300,425.76,1969.9,196.2,5094.8574
66300,66360,425.76,1970.3,199.0,5319.9282
66360,66420,425.67,1971.3,202.9,5288.4883
66420,66480,425.23,1971.4,204.2,5421.0146
66480,66540,426.03,1971.2,203.6,5505.9092
66540,66600,425.62,1971.0,203.9,5868.9399
66600,66660,425.00,1970.8,199.2,6048.8662
66660,66720,425.39,1970.0,196.5,5515.0273
66720,66780,425.20,1969.5,195.0,5558.3096
66780,66840,425.17,1970.6,199.8,5731.3730
66840,66900,424.75,1971.6,199.2,5925.0186
66900,66960,424.97,1972.1,201.8,5998.7974
66960,67020,425.96,1972.2,204.6,5852.7373
67020,67080,426.43,1971.7,202.3,5704.2856
67080,67140,427.16,1970.4,200.1,5832.4287
67140,67200,425.98,1968.6,191.0,5777.9702
67200,67260,429.36,1969.6,193.8,5581.5586
67260,67320,428.35,1970.8,198.3,5465.7021
67320,67380,428.94,1970.7,200.7,5699.7495
67380,67440,431.44,1972.7,207.9,5753.9878
67440,67500,427.11,1971.0,205.5,5525.4517
67500,67560,429.02,1973.6,211.3,5796.4214
67560,67620,430.02,1976.8,223.2,5912.1802
67620,67680,426.32,1975.0,222.3,6333.5259
67680,67740,425.98,1976.0,224.3,6435.1514
67740,67800,425.41,1976.1,231.3,6294.1685
67800,67860,425.89,1975.9,230.6,6708.0771
67860,67920,424.56,1974.5,222.9,6209.6763
67920,67980,426.02,1974.7,253.5,6209.3267
67980,68040,427.86,1974.9,235.9,5844.7300
68040,68100,425.81,1973.4,219.9,5479.0879
68100,68160,424.69,1973.3,221.4,6116.5620
68160,68220,425.38,1974.8,224.1,6805.5562
68220,68280,425.94,1974.8,220.4,6644.4233
68280,68340,426.69,1974.8,221.6,6809.0713
68340,68400,430.14,1976.6,224.2,7183.1631
68400,68460,429.07,1976.0,223.2,6746.2949
68460,68520,425.28,1973.5,219.8,6557.6650
68520,68580,425.16,1973.2,221.5,6542.3193
68580,68640,444.91,1983.8,515.5,6383.6499
68640,68700,425.21,1972.0,209.8,5924.7783
68700,68760,424.92,1971.8,212.3,6138.6958
68760,68820,-9999,-9999,-9999,-9999
68820,68880,-9999,-9999,-9999,-9999
68880,68940,-9999,-9999,-9999,-9999
68940,69000,-9999,-9999,-9999,-9999
69000,69060,-9999,-9999,-9999,-9999
69060,69120,-9999,-9999,-9999,-9999
69120,69180,-9999,-9999,-9999,-9999
69180,69240,-9999,-9999,-9999,-9999
69240,69300,-9999,-9999,-9999,-9999
69300,69360,-9999,-9999,-9999,-9999
