CampaignData_and_Merges/R0/CSL_MobileLab_Parked/raw/20240730/USOS-NOAAIodideCIMS-PANs_MobileLabGround_20240730_RA.ict
35, 1001
Michael A Robinson, Chris Jernigan, Subi Thakali
NOAA ESRL Chemical Sciences Laboratory and CIRES, U. of Colorado
NOAA Iodide CIMS Instrument
USOS
1, 1
2024, 07, 30, 2024, 07, 31
1
starttime_UTC, seconds_past_midnight, seconds_of_day_since_00:00:00_UTC
3
1, 1, 1
-9999, -9999, -9999
PAN_NOAACIMS, pptv, Gas_PAN_InSitu_S_AVMR, 
APAN_NOAACIMS, pptv, Gas_APAN_InSitu_S_AVMR, 
PPN_NOAACIMS, pptv, Gas_PPN_InSitu_S_AVMR, 
0
18
PI_CONTACT_INFO: 325 Broadway, R/CSD 7, Boulder, Colorado 80305; michael.a.robinson@noaa.gov; chris.jernigan@noaa.gov;
PLATFORM: NOAA CSL Mobile Lab
LOCATION: SLC, Utah
ASSOCIATED_DATA: 1Hz data also available on request.
INSTRUMENT_INFO: NOAA I- ToF CIMS
DATA_INFO: All data in parts per trillion by volume (pptv). 1 Hz data is available upon request.
UNCERTAINTY: TBD
ULOD_FLAG: -7777
ULOD_VALUE: N/A
LLOD_FLAG: -8888
LLOD_VALUE: N/A
DM_CONTACT_INFO: Nathan Howard; nathan.h.howard@noaa.gov
PROJECT_INFO: USOS, summer 2024. https://csl.noaa.gov/groups/csl7/measurements/2024usos/
STIPULATIONS_ON_USE: Users are strongly encouraged to contact the PI for proper data usage.
OTHER_COMMENTS: 
REVISION: RA
RA: Preliminary Data; For in-field use only
starttime_UTC, PAN_NOAACIMS, APAN_NOAACIMS, PPN_NOAACIMS
[from data line 817]
 49020, 78.818,  1.654,  5.489
 49080, 81.045,  1.766,  5.010
 49140, 80.099,  2.152,  5.239
 49200, 79.438,  2.448,  4.573
 49260, 81.655,  3.004,  4.854
 49320, 86.675,  3.162,  5.230
 49380, 85.416,  2.266,  6.135
 49440, 88.626,  2.813,  4.900
 49500, 89.211,  2.817,  4.747
 49560, 91.341,  2.859,  6.423
 49620, 89.770,  2.439,  4.996
 49680, 90.702,  2.740,  5.672
 49740, 94.497,  2.773,  6.105
 49800, 91.414,  3.099,  4.662
 49860, 95.056,  2.395,  5.426
 49920, 96.362,  0.780,  5.547
 49980, 100.482,  3.006,  6.881
 50040, 98.060,  1.800,  5.238
 50100, 93.709,  2.802,  6.644
 50160, 95.185,  2.634,  6.298
 50220, 96.825,  1.992,  6.077
 50280, 99.062,  3.582,  6.438
 50340, 96.559,  2.709,  5.456
 50400, 96.924,  3.019,  4.354
 50460, 99.181,  3.596,  7.423
 50520, 105.618,  2.212,  8.066
 50580, 103.879,  3.030,  6.055
 50640, 102.298,  2.508,  7.781
 50700, 102.854,  2.062,  5.993
 50760, 102.069,  2.727,  7.161
 50820, 103.629,  1.800,  5.811
 50880, 110.606,  2.945,  7.715
 50940, 107.890,  2.640,  7.146
 51000, 107.724,  2.720,  6.542
 51060, 109.343,  2.837,  6.743
 51120, 106.709,  3.741,  6.594
 51180, 112.360,  3.387,  9.018
 51240, 112.807,  3.198,  6.173
 51300, 110.130,  2.096,  6.402
 51360, 115.254,  2.939,  7.091
 51420, 114.486,  1.263,  6.694
 51480, 112.126,  3.538,  6.315
 51540, 119.349,  4.224,  8.454
 51600, 121.057,  3.078,  8.433
 51660, 122.195,  2.858,  7.248
 51720, 119.649,  2.096,  8.491
 51780, 124.160,  2.779, 12.154
 51840, 110.907,  3.004,  6.461
 51900, 122.871,  2.757,  8.851
 51960, 129.115,  3.592,  8.862
 52020, 134.452,  2.973,  8.131
 52080, 136.108,  2.886, 10.599
 52140, 132.062,  2.539,  8.433
 52200, 134.194,  3.212,  8.047
 52260, 132.000,  2.483,  9.826
 52320, 127.635,  4.039,  9.499
 52380, 128.941,  3.370,  8.250
 52440, 134.322,  2.243,  6.792
 52500, 133.212,  3.802,  7.100
 52560, 134.000,  3.380,  9.818
 52620, 138.223,  2.833,  9.137
 52680, 138.889,  3.179, 10.010
 52740, 135.393,  3.083,  9.377
 52800, 140.018,  3.177,  9.570
 52860, 140.595,  4.298,  9.222
 52920, 137.139,  2.162,  9.386
 52980, 144.440,  2.046, 10.175
 53040, 146.407,  3.809, 10.691
 53100, 159.278,  3.209,  9.152
 53160, 155.739,  2.947, 10.998
 53220, 154.391,  3.263, 11.391
 53280, 158.366,  3.647, 10.545
 53340, 156.900,  4.785, 10.686
 53400, 168.531,  4.349, 11.536
 53460, 159.057,  3.223, 12.264
 53520, 155.203,  3.542, 13.119
 53580, 168.925,  4.498, 13.002
 53640, -9999.000, -9999.000, -9999.000
 53700, 176.735,  2.720, 14.254
 53760, 171.347,  3.395, 13.260
 53820, 174.636,  4.340, 12.384
 53880, 180.505,  3.185, 13.731
 53940, 178.612,  3.247, 12.822
 54000, 186.383,  3.833, 13.551
 54060, 183.659,  3.383, 14.107
 54120, 186.599,  4.034, 16.402
 54180, 186.125,  4.599, 13.369
 54240, 183.305,  5.427, 14.575
 54300, 180.714,  4.880, 12.996
 54360, 176.795,  4.038, 13.397
 54420, 176.157,  2.872, 15.965
 54480, 187.052,  3.294, 16.540
 54540, 189.558,  3.902, 17.014
 54600, 197.988,  4.311, 16.093
 54660, 193.755,  4.620, 17.038
 54720, 189.195,  3.162, 16.810
 54780, 198.780,  4.293, 16.800
 54840, 203.072,  3.567, 16.502
 54900, 199.559,  3.841, 18.631
 54960, 192.339,  4.430, 15.406
 55020, 186.190,  4.111, 15.352
 55080, 187.834,  3.382, 17.938
 55140, 188.040,  3.995, 15.387
 55200, 196.538,  3.612, 16.369
 55260, 198.124,  4.997, 17.169
 55320, 194.898,  2.967, 16.797
 55380, 197.188,  4.413, 16.996
 55440, 191.071,  2.243, 16.274
 55500, -9999.000, -9999.000, -9999.000
 55560, 191.301,  4.438, 20.222
 55620, 196.191,  3.855, 20.064
 55680, 193.086,  3.780, 17.631
 55740, 202.818,  4.001, 19.051
 55800, 203.602,  4.117, 19.289
 55860, 196.907,  4.510, 16.522
 55920, 179.456,  3.936, 16.449
 55980, 164.532,  4.329, 14.917
 56040, 169.993,  4.012, 15.377
 56100, 187.965,  5.236, 16.126
 56160, 190.961,  4.474, 16.180
 56220, 188.232,  4.519, 16.830
 56280, 175.993,  3.348, 17.405
 56340, 178.222,  2.958, 16.870
 56400, 183.928,  4.985, 17.078
 56460, 180.698,  2.955, 15.650
 56520, 182.448,  3.004, 17.951
 56580, 172.954,  4.007, 16.830
 56640, 173.625,  3.972, 16.623
 56700, 167.727,  3.511, 17.121
 56760, 164.186,  4.545, 16.658
 56820, 154.524,  3.480, 15.357
 56880, 148.791,  3.916, 13.190
 56940, 155.091,  2.606, 14.483
 57000, 152.669,  2.935, 14.481
 57060, 153.579,  2.779, 14.802
 57120, 156.398,  3.106, 15.019
 57180, 147.875,  2.411, 16.632
 57240, 157.079,  2.953, 15.270
 57300, 156.121,  2.078, 14.692
 57360, -9999.000, -9999.000, -9999.000
 57420, 148.756,  3.433, 15.012
 57480, 147.577,  2.760, 14.336
 57540, 145.813,  2.986, 14.490
 57600, 142.133,  2.181, 14.608
 57660, 144.258,  3.149, 13.178
 57720, 155.013,  3.040, 15.086
 57780, 153.279,  2.194, 14.964
 57840, 156.054,  3.808, 15.657
 57900, 159.548,  2.701, 14.969
 57960, 156.084,  2.885, 13.433
 58020, 156.260,  3.335, 14.900
 58080, 160.215,  2.516, 15.495
 58140, 164.272,  2.751, 15.245
 58200, 162.905,  2.675, 16.105
 58260, 162.135,  2.980, 15.302
 58320, 160.339,  2.722, 12.703
 58380, 165.040,  2.818, 15.258
 58440, 160.438,  2.503, 15.891
 58500, 169.996,  2.800, 15.198
 58560, 161.988,  3.267, 17.361
 58620, 168.753,  3.597, 16.103
 58680, 176.098,  2.882, 18.322
 58740, 175.893,  2.492, 15.061
 58800, 179.608,  3.715, 17.502
 58860, 175.614,  3.991, 16.865
 58920, 180.897,  2.534, 15.978
 58980, 182.590,  2.911, 17.985
 59040, 182.275,  3.608, 17.063
 59100, 181.781,  2.845, 18.590
 59160, 185.876,  4.632, 17.070
 59220, 179.224,  3.320, 14.563
 59280, 180.260,  4.410, 17.011
 59340, 189.422,  3.478, 18.953
 59400, 195.678,  2.988, 17.643
 59460, 190.043,  2.417, 19.340
 59520, 192.823,  4.907, 18.123
 59580, 190.399,  2.906, 18.731
 59640, 192.022,  3.309, 15.923
 59700, 198.685,  2.764, 20.095
 59760, 208.032,  4.089, 20.544
 59820, 209.126,  3.405, 21.945
 59880, 205.552,  3.404, 19.884
 59940, 205.059,  5.153, 19.926
 60000, 209.234,  2.983, 22.971
 60060, 210.485,  3.680, 19.642
 60120, 206.793,  3.690, 20.562
 60180, 201.268,  3.448, 21.044
 60240, 210.242,  2.720, 21.001
 60300, 213.344,  3.756, 19.885
 60360, 218.253,  4.608, 22.460
 60420, 218.144,  3.336, 21.136
 60480, 224.174,  4.125, 21.291
 60540, 224.653,  4.194, 21.845
 60600, 229.046,  4.371, 21.981
 60660, 225.042,  2.897, 23.512
 60720, 232.209,  3.650, 22.710
 60780, 237.749,  3.131, 22.770
 60840, 233.532,  2.964, 23.470
 60900, 235.944,  3.535, 21.379
 60960, 226.294,  3.670, 22.920
 61020, -9999.000, -9999.000, -9999.000
 61080, 245.218,  3.465, 20.566
 61140, 241.448,  3.714, 24.578
 61200, 242.260,  3.188, 23.794
 61260, 249.236,  3.555, 22.721
 61320, 251.842,  4.795, 23.599
 61380, 251.404,  4.435, 22.820
 61440, 255.468,  4.151, 22.959
 61500, 255.432,  4.413, 24.574
 61560, 259.448,  4.325, 26.044
 61620, 264.737,  4.644, 25.604
 61680, 267.053,  3.992, 28.063
 61740, 262.755,  3.374, 29.469
 61800, 271.813,  4.368, 24.537
 61860, 272.261,  3.775, 26.607
 61920, 276.403,  6.013, 27.635
 61980, 275.653,  4.760, 24.689
 62040, 273.385,  4.295, 27.969
 62100, 275.785,  3.887, 28.445
 62160, 283.148,  5.427, 27.650
 62220, 296.132,  5.238, 29.115
 62280, 296.128,  4.171, 29.668
 62340, 295.221,  3.440, 31.901
 62400, 293.101,  3.790, 28.576
 62460, 296.125,  4.434, 31.441
 62520, 291.657,  3.909, 28.748
 62580, 297.340,  6.211, 29.292
 62640, 293.223,  4.381, 29.214
 62700, 307.977,  4.961, 31.665
 62760, 309.197,  6.117, 31.809
 62820, 309.507,  5.997, 30.805
 62880, -9999.000, -9999.000, -9999.000
 62940, 314.162,  5.625, 29.042
 63000, 317.753,  5.021, 29.561
 63060, 323.413,  4.225, 32.217
 63120, 318.827,  4.465, 32.826
 63180, 320.029,  4.278, 31.654
 63240, 317.820,  5.237, 32.117
 63300, 327.420,  3.873, 30.618
 63360, 319.118,  4.930, 30.667
 63420, 309.305,  3.439, 29.568
 63480, 314.431,  3.137, 29.648
 63540, 307.094,  4.040, 27.506
 63600, 330.785,  3.645, 31.345
 63660, 330.715,  4.217, 31.797
 63720, 336.781,  4.412, 32.828
 63780, 278.458,  5.424, 24.759
 63840, 251.661,  3.979, 20.328
 63900, 242.476,  3.219, 19.178
 63960, 242.196,  2.768, 17.959
 64020, 252.297,  3.031, 20.136
 64080, 256.224,  2.661, 19.702
 64140, 254.743,  3.456, 21.291
 64200, 237.586,  3.711, 17.746
 64260, 249.386,  4.166, 20.550
 64320, 235.852,  2.864, 18.378
 64380, 258.926,  3.751, 20.735
 64440, 251.618,  4.138, 19.550
 64500, 263.912,  3.655, 21.518
 64560, 285.834,  2.550, 25.419
 64620, 273.685,  3.085, 22.362
 64680, 281.483,  5.544, 24.931
 64740, -9999.000, -9999.000, -9999.000
 64800, 301.680,  4.434, 28.219
 64860, 326.745,  5.700, 29.327
 64920, 315.309,  4.907, 29.183
 64980, 316.976,  3.825, 30.207
 65040, 319.442,  3.538, 30.362
 65100, 319.263,  3.201, 27.965
 65160, 323.035,  3.289, 29.616
 65220, 338.880,  2.332, 31.059
 65280, 334.596,  2.728, 30.954
 65340, 347.613,  4.845, 32.608
 65400, 341.835,  3.552, 33.274
 65460, 354.511,  4.363, 34.221
 65520, 362.451,  3.512, 33.354
 65580, 357.949,  4.923, 34.361
 65640, 349.485,  2.987, 36.357
 65700, 356.171,  5.083, 31.243
 65760, 348.030,  3.098, 30.104
 65820, 354.594,  5.074, 33.771
 65880, 365.633,  2.619, 35.354
 65940, 357.668,  4.008, 34.230
 66000, 359.812,  4.194, 32.230
 66060, 355.239,  3.612, 31.359
 66120, 366.549,  3.884, 34.406
 66180, 369.740,  4.132, 32.427
 66240, 391.357,  5.125, 36.024
 66300, 366.772,  5.325, 32.456
 66360, 380.909,  7.561, 34.119
 66420, -9999.000, -9999.000, -9999.000
 66480, -9999.000, -9999.000, -9999.000
 66540, -9999.000, -9999.000, -9999.000
 66600, -9999.000, -9999.000, -9999.000
 66660, -9999.000, -9999.000, -9999.000
 66720, -9999.000, -9999.000, -9999.000
 66780, -9999.000, -9999.000, -9999.000
 66840, -9999.000, -9999.000, -9999.000
 66900, -9999.000, -9999.000, -9999.000
 66960, -9999.000, -9999.000, -9999.000
 67020, -9999.000, -9999.000, -9999.000
 67080, -9999.000, -9999.000, -9999.000
 67140, -9999.000, -9999.000, -9999.000
 67200, -9999.000, -9999.000, -9999.000
 67260, -9999.000, -9999.000, -9999.000
 67320, -9999.000, -9999.000, -9999.000
 67380, -9999.000, -9999.000, -9999.000
 67440, -9999.000, -9999.000, -9999.000
 67500, -9999.000, -9999.000, -9999.000
 67560, -9999.000, -9999.000, -9999.000
 67620, -9999.000, -9999.000, -9999.000
 67680, -9999.000, -9999.000, -9999.000
 67740, -9999.000, -9999.000, -9999.000
 67800, -9999.000, -9999.000, -9999.000
 67860, -9999.000, -9999.000, -9999.000
 67920, -9999.000, -9999.000, -9999.000
 67980, -9999.000, -9999.000, -9999.000
 68040, -9999.000, -9999.000, -9999.000
 68100, -9999.000, -9999.000, -9999.000
 68160, -9999.000, -9999.000, -9999.000
 68220, -9999.000, -9999.000, -9999.000
 68280, -9999.000, -9999.000, -9999.000
 68340, -9999.000, -9999.000, -9999.000
 68400, -9999.000, -9999.000, -9999.000
 68460, -9999.000, -9999.000, -9999.000
 68520, -9999.000, -9999.000, -9999.000
 68580, -9999.000, -9999.000, -9999.000
 68640, -9999.000, -9999.000, -9999.000
 68700, -9999.000, -9999.000, -9999.000
 68760, -9999.000, -9999.000, -9999.000
 68820, -9999.000, -9999.000, -9999.000
 68880, -9999.000, -9999.000, -9999.000
 68940, -9999.000, -9999.000, -9999.000
 69000, -9999.000, -9999.000, -9999.000
 69060, -9999.000, -9999.000, -9999.000
 69120, -9999.000, -9999.000, -9999.000
 69180, -9999.000, -9999.000, -9999.000
 69240, -9999.000, -9999.000, -9999.000
 69300, -9999.000, -9999.000, -9999.000
 69360, -9999.000, -9999.000, -9999.000
 69420, -9999.000, -9999.000, -9999.000
 69480, -9999.000, -9999.000, -9999.000
 69540, -9999.000, -9999.000, -9999.000
 69600, -9999.000, -9999.000, -9999.000
 69660, -9999.000, -9999.000, -9999.000
 69720, -9999.000, -9999.000, -9999.000
 69780, -9999.000, -9999.000, -9999.000
 69840, -9999.000, -9999.000, -9999.000
 69900, -9999.000, -9999.000, -9999.000
 69960, -9999.000, -9999.000, -9999.000
 70020, -9999.000, -9999.000, -9999.000
 70080, -9999.000, -9999.000, -9999.000
 70140, -9999.000, -9999.000, -9999.000
 70200, -9999.000, -9999.000, -9999.000
 70260, -9999.000, -9999.000, -9999.000
 70320, -9999.000, -9999.000, -9999.000
 70380, -9999.000, -9999.000, -9999.000
 70440, -9999.000, -9999.000, -9999.000
 70500, -9999.000, -9999.000, -9999.000
 70560, -9999.000, -9999.000, -9999.000
 70620, -9999.000, -9999.000, -9999.000
 70680, -9999.000, -9999.000, -9999.000
 70740, -9999.000, -9999.000, -9999.000
 70800, -9999.000, -9999.000, -9999.000
 70860, -9999.000, -9999.000, -9999.000
 70920, -9999.000, -9999.000, -9999.000
 70980, -9999.000, -9999.000, -9999.000
 71040, -9999.000, -9999.000, -9999.000
 71100, -9999.000, -9999.000, -9999.000
 71160, -9999.000, -9999.000, -9999.000
 71220, -9999.000, -9999.000, -9999.000
 71280, -9999.000, -9999.000, -9999.000
 71340, -9999.000, -9999.000, -9999.000
 71400, -9999.000, -9999.000, -9999.000
 71460, -9999.000, -9999.000, -9999.000
 71520, -9999.000, -9999.000, -9999.000
 71580, -9999.000, -9999.000, -9999.000
 71640, -9999.000, -9999.000, -9999.000
 71700, -9999.000, -9999.000, -9999.000
 71760, -9999.000, -9999.000, -9999.000
 71820, -9999.000, -9999.000, -9999.000
 71880, -9999.000, -9999.000, -9999.000
 71940, -9999.000, -9999.000, -9999.000
 72000, -9999.000, -9999.000, -9999.000
 72060, -9999.000, -9999.000, -9999.000
 72120, -9999.000, -9999.000, -9999.000
 72180, -9999.000, -9999.000, -9999.000
 72240, -9999.000, -9999.000, -9999.000
 72300, -9999.000, -9999.000, -9999.000
 72360, -9999.000, -9999.000, -9999.000
 72420, -9999.000, -9999.000, -9999.000
 72480, -9999.000, -9999.000, -9999.000
 72540, -9999.000, -9999.000, -9999.000
 72600, -9999.000, -9999.000, -9999.000
 72660, -9999.000, -9999.000, -9999.000
 72720, -9999.000, -9999.000, -9999.000
 72780, -9999.000, -9999.000, -9999.000
 72840, -9999.000, -9999.000, -9999.000
 72900, -9999.000, -9999.000, -9999.000
 72960, -9999.000, -9999.000, -9999.000
 73020, -9999.000, -9999.000, -9999.000
 73080, -9999.000, -9999.000, -9999.000
 73140, -9999.000, -9999.000, -9999.000
 73200, -9999.000, -9999.000, -9999.000
 73260, -9999.000, -9999.000, -9999.000
 73320, -9999.000, -9999.000, -9999.000
 73380, -9999.000, -9999.000, -9999.000
 73440, -9999.000, -9999.000, -9999.000
 73500, -9999.000, -9999.000, -9999.000
 73560, -9999.000, -9999.000, -9999.000
 73620, -9999.000, -9999.000, -9999.000
 73680, -9999.000, -9999.000, -9999.000
 73740, -9999.000, -9999.000, -9999.000
 73800, -9999.000, -9999.000, -9999.000
 73860, -9999.000, -9999.000, -9999.000
 73920, -9999.000, -9999.000, -9999.000
 73980, -9999.000, -9999.000, -9999.000
 74040, -9999.000, -9999.000, -9999.000
 74100, -9999.000, -9999.000, -9999.000
 74160, -9999.000, -9999.000, -9999.000
 74220, -9999.000, -9999.000, -9999.000
 74280, -9999.000, -9999.000, -9999.000
 74340, -9999.000, -9999.000, -9999.000
 74400, -9999.000, -9999.000, -9999.000
 74460, -9999.000, -9999.000, -9999.000
 74520, -9999.000, -9999.000, -9999.000
 74580, -9999.000, -9999.000, -9999.000
 74640, -9999.000, -9999.000, -9999.000
 74700, -9999.000, -9999.000, -9999.000
 74760, -9999.000, -9999.000, -9999.000
 74820, -9999.000, -9999.000, -9999.000
 74880, -9999.000, -9999.000, -9999.000
 74940, -9999.000, -9999.000, -9999.000
 75000, -9999.000, -9999.000, -9999.000
 75060, -9999.000, -9999.000, -9999.000
 75120, -9999.000, -9999.000, -9999.000
 75180, -9999.000, -9999.000, -9999.000
 75240, -9999.000, -9999.000, -9999.000
 75300, -9999.000, -9999.000, -9999.000
 75360, -9999.000, -9999.000, -9999.000
 75420, -9999.000, -9999.000, -9999.000
 75480, -9999.000, -9999.000, -9999.000
 75540, -9999.000, -9999.000, -9999.000
 75600, -9999.000, -9999.000, -9999.000
 75660, -9999.000, -9999.000, -9999.000
 75720, -9999.000, -9999.000, -9999.000
 75780, -9999.000, -9999.000, -9999.000
 75840, -9999.000, -9999.000, -9999.000
 75900, -9999.000, -9999.000, -9999.000
 75960, -9999.000, -9999.000, -9999.000
 76020, -9999.000, -9999.000, -9999.000
 76080, -9999.000, -9999.000, -9999.000
 76140, -9999.000, -9999.000, -9999.000
 76200, -9999.000, -9999.000, -9999.000
 76260, -9999.000, -9999.000, -9999.000
 76320, -9999.000, -9999.000, -9999.000
