CampaignData_and_Merges/R0/CSL_MobileLab_Parked/raw/20240730/USOS-jNO2_MobileLabGround_20240730_R0.ict
52,1001
Waxman, E.; Rollins, A.; Zuraski, K.; Chace, W.
NOAA Chemical Sciences Laboratory
jNO2 filter radiometer on CSL Mobile Lab
AMMBEC / USOS
1, 1
2024,07,30, 2025,04,01
60
Time_Start, seconds, number_of_seconds_since_0000_UTC
20
1, 1, 1, 1, 1, 1, 1, 1, 1, 1, 1, 1, 1, 1, 1, 1, 1, 1, 1, 1
-9999, -9999, -9999, -9999, -9999, -9999, -9999, -9999, -9999, -9999, -9999, -9999, -9999, -9999, -9999, -9999, -9999, -9999, -9999, -9999
Time_Stop, seconds, number_of_seconds_since_0000_UTC
jNO2_meas, per second, photolysis rate of NO2 measured using a filter radiometer.
jBrCl, per second, photolysis rate of BrCl -> Br + Cl calculated in TUV for cloud-free sky with local AOD
jBr2, per second, photolysis rate of Br2 -> Br + Br calculated in TUV for cloud-free sky with local AOD
jCCl4, per second, photolysis rate of CCl4 -> Products calcualted in TUV for cloud-free sky with local AOD
jCH2Oa, per second, photolysis rate of CH2O -> H + HCO calculated in TUV for cloud-free sky with local AOD
jCH2Ob, per second, photolysis rate of CH2O -> H2 + CO calculated in TUV for cloud-free sky with local AOD
jClNO2, per second, photolysis rate of ClNO2 -> Cl + NO2 calculated in TUV for cloud-free sky with local AOD
jClOa, per second, photolysis rate of ClO -> Cl + O(1D) calculated in TUV for cloud-free sky with local AOD
jClOb, per second, photolysis rate of ClO -> Cl + O(3P) calculated in TUV for cloud-free sky with local AOD
jCl2, per second, photolysis rate of Cl2 -> Cl + Cl calculated in TUV for cloud-free sky with local AOD
jHNO2, per second, photolysis rate of HNO2 -> OH + NO calculated in TUV for cloud-free sky with local AOD
jHNO3, per second, photolysis rate of HNO3 -> OH + NO2 calculated in TUV for cloud-free sky with local AOD
jI2, per second, photolysis rate of I2 -> I + I calculated in TUV for cloud-free sky with local AOD
jNO2, per second, photolysis rate of NO2 -> NO + O(3P) calculated in TUV for cloud-free sky with local AOD
jNO3a, per second, photolysis rate of NO3 -> NO + O2 calculated in TUV for cloud-free sky with local AOD
jNO3b, per second, photolysis rate of NO3 -> NO2 + O(3P) calculated in TUV for cloud-free sky with local AOD
jN2O5, per second, photolysis rate of N2O5 -> NO3 + NO + O(3P) calculated in TUV for cloud-free sky with local AOD
jO3, per second, photolysis rate of O3 -> O2 + O(1D) calculated in TUV for cloud-free sky with local AOD
AOD_500nm, unitless, UTC daily mean AOD at 500 nm from an AERONET station located at 40.178 N, -112.452 E
0
18
PI_CONTACT_INFO: eleanor.waxman@noaa.gov
PLATFORM: CSL Mobile Lab, at ground site
LOCATION: Salt Lake City, UT
ASSOCIATED_DATA:
INSTRUMENT_INFO: jNO2 filter radiometer.  TUV calculations are for mobile van lat/lon/altitude assuming clear sky (cloud AOD = 0) and daily mean AOD.
DATA_INFO:
UNCERTAINTY: Data uncertainties are +/- 20%.  These come from uncertainties in radiometer angular response, radiometer thermal response, local interferences from clouds/aerosols/shadows etc.
ULOD_FLAG: -7777
ULOD_VALUE: N/A
LLOD_FLAG: -8888
LLOD_VALUE: N/A
DM_CONTACT_INFO: eleanor.waxman@noaa.gov
PROJECT_INFO: USOS Project, July - August 2024
STIPULATIONS_ON_USE: Users are strongly encouraged to contact the PI for proper data usage.
OTHER_COMMENTS: 
REVISION: R0
R0: final data
Time_Start, Time_Stop, jNO2_meas, jBrCl, jBr2, jCCl4, jCH2Oa, jCH2Ob, jClNO2, jClOa, jClOb, jCl2, jHNO2, jHNO3, jI2, jNO2, jNO3a, jNO3b, jN2O5, jO3, AOD_500nm
[from data line 875]
   52500,   52560,0.0042438,0.005977,0.01993,1.069e-25,9.503e-06,1.813e-05,0.0001833,3.835e-26,6.472e-06,0.001019,0.0007015,1.276e-07,0.07741,0.00453,0.01584,0.1224,1.509e-05,3.977e-06,0.254
   52560,   52620,0.0042682,0.006021,0.02006,1.087e-25,9.632e-06,1.833e-05,0.0001853,3.896e-26,6.606e-06,0.001029,0.0007081,1.296e-07,0.07782,0.004569,0.01592,0.123,1.527e-05,4.061e-06,0.254
   52620,   52680,0.0043316,0.006065,0.02018,1.105e-25,9.762e-06,1.854e-05,0.0001873,3.959e-26,6.741e-06,0.001039,0.0007145,1.317e-07,0.07824,0.004609,0.01599,0.1237,1.544e-05,4.146e-06,0.254
   52680,   52740,0.0043549,0.006106,0.0203,1.122e-25,9.885e-06,1.873e-05,0.0001891,4.019e-26,6.87e-06,0.001048,0.0007206,1.336e-07,0.07862,0.004646,0.01606,0.1242,1.56e-05,4.226e-06,0.254
   52740,   52800,0.0043563,0.006149,0.02042,1.141e-25,1.002e-05,1.893e-05,0.0001911,4.084e-26,7.008e-06,0.001058,0.0007271,1.357e-07,0.07903,0.004685,0.01613,0.1249,1.578e-05,4.313e-06,0.254
   52800,   52860,0.004401,0.006192,0.02055,1.16e-25,1.015e-05,1.914e-05,0.0001931,4.15e-26,7.148e-06,0.001067,0.0007335,1.378e-07,0.07943,0.004724,0.0162,0.1255,1.595e-05,4.401e-06,0.254
   52860,   52920,0.0044511,0.006232,0.02066,1.179e-25,1.027e-05,1.933e-05,0.0001949,4.213e-26,7.28e-06,0.001076,0.0007395,1.397e-07,0.0798,0.00476,0.01627,0.126,1.611e-05,4.484e-06,0.254
   52920,   52980,0.0045171,0.006275,0.02078,1.198e-25,1.04e-05,1.953e-05,0.0001969,4.282e-26,7.423e-06,0.001086,0.0007458,1.418e-07,0.0802,0.004799,0.01634,0.1266,1.629e-05,4.574e-06,0.254
   52980,   53040,0.0045599,0.006317,0.0209,1.219e-25,1.053e-05,1.973e-05,0.0001989,4.353e-26,7.567e-06,0.001096,0.0007522,1.44e-07,0.08058,0.004837,0.01641,0.1272,1.646e-05,4.664e-06,0.254
   53040,   53100,0.0046074,0.006356,0.02101,1.238e-25,1.066e-05,1.992e-05,0.0002007,4.42e-26,7.704e-06,0.001105,0.0007581,1.46e-07,0.08095,0.004873,0.01647,0.1277,1.662e-05,4.751e-06,0.254
   53100,   53160,0.0046085,0.006398,0.02113,1.259e-25,1.079e-05,2.012e-05,0.0002027,4.493e-26,7.851e-06,0.001114,0.0007644,1.481e-07,0.08133,0.004911,0.01654,0.1283,1.68e-05,4.843e-06,0.254
   53160,   53220,0.004657,0.006439,0.02125,1.281e-25,1.092e-05,2.033e-05,0.0002047,4.568e-26,7.999e-06,0.001124,0.0007706,1.503e-07,0.08171,0.004948,0.0166,0.1289,1.697e-05,4.937e-06,0.254
   53220,   53280,0.0046871,0.006478,0.02136,1.302e-25,1.104e-05,2.052e-05,0.0002065,4.64e-26,8.14e-06,0.001133,0.0007765,1.523e-07,0.08206,0.004984,0.01667,0.1294,1.713e-05,5.026e-06,0.254
   53280,   53340,0.0047231,0.006518,0.02147,1.324e-25,1.118e-05,2.072e-05,0.0002085,4.718e-26,8.291e-06,0.001142,0.0007827,1.545e-07,0.08243,0.005021,0.01673,0.13,1.731e-05,5.121e-06,0.254
   53340,   53400,0.004782,0.006559,0.02159,1.347e-25,1.131e-05,2.092e-05,0.0002104,4.798e-26,8.444e-06,0.001152,0.0007889,1.566e-07,0.0828,0.005058,0.0168,0.1305,1.748e-05,5.218e-06,0.254
   53400,   53460,0.0048028,0.006597,0.02169,1.37e-25,1.143e-05,2.111e-05,0.0002123,4.874e-26,8.589e-06,0.001161,0.0007946,1.587e-07,0.08314,0.005093,0.01686,0.131,1.764e-05,5.309e-06,0.254
   53460,   53520,0.0048214,0.006637,0.0218,1.394e-25,1.157e-05,2.131e-05,0.0002142,4.957e-26,8.744e-06,0.00117,0.0008007,1.609e-07,0.0835,0.00513,0.01692,0.1316,1.781e-05,5.408e-06,0.254
   53520,   53580,0.0048777,0.006676,0.02191,1.418e-25,1.17e-05,2.151e-05,0.0002161,5.042e-26,8.9e-06,0.00118,0.0008068,1.631e-07,0.08386,0.005166,0.01698,0.1321,1.799e-05,5.507e-06,0.254
   53580,   53640,0.004921,0.006713,0.02202,1.442e-25,1.183e-05,2.169e-05,0.000218,5.124e-26,9.049e-06,0.001188,0.0008125,1.652e-07,0.08419,0.0052,0.01704,0.1326,1.815e-05,5.601e-06,0.254
   53640,   53700,0.0049638,0.006752,0.02213,1.468e-25,1.196e-05,2.189e-05,0.0002199,5.213e-26,9.208e-06,0.001198,0.0008185,1.674e-07,0.08454,0.005236,0.0171,0.1331,1.832e-05,5.702e-06,0.254
   53700,   53760,0.0049893,0.006791,0.02224,1.494e-25,1.209e-05,2.209e-05,0.0002218,5.304e-26,9.368e-06,0.001207,0.0008245,1.697e-07,0.08488,0.005272,0.01716,0.1336,1.849e-05,5.804e-06,0.254
   53760,   53820,0.0049935,0.006827,0.02234,1.52e-25,1.222e-05,2.228e-05,0.0002236,5.391e-26,9.521e-06,0.001216,0.0008301,1.718e-07,0.08521,0.005306,0.01722,0.1341,1.865e-05,5.901e-06,0.254
   53820,   53880,0.0049802,0.006866,0.02244,1.547e-25,1.235e-05,2.247e-05,0.0002255,5.487e-26,9.684e-06,0.001225,0.0008361,1.74e-07,0.08555,0.005342,0.01727,0.1346,1.882e-05,6.005e-06,0.254
   53880,   53940,0.0050265,0.006903,0.02255,1.575e-25,1.248e-05,2.267e-05,0.0002274,5.584e-26,9.848e-06,0.001234,0.000842,1.763e-07,0.08588,0.005377,0.01733,0.1351,1.9e-05,6.11e-06,0.254
   53940,   54000,0.0050922,0.006939,0.02265,1.603e-25,1.261e-05,2.286e-05,0.0002292,5.678e-26,1e-05,0.001242,0.0008475,1.784e-07,0.08619,0.00541,0.01739,0.1356,1.916e-05,6.209e-06,0.254
   54000,   54060,0.0051354,0.006976,0.02275,1.632e-25,1.274e-05,2.305e-05,0.0002311,5.78e-26,1.017e-05,0.001251,0.0008534,1.807e-07,0.08652,0.005445,0.01744,0.1361,1.933e-05,6.316e-06,0.254
   54060,   54120,0.0051519,0.007013,0.02285,1.663e-25,1.288e-05,2.325e-05,0.000233,5.884e-26,1.034e-05,0.00126,0.0008592,1.83e-07,0.08685,0.00548,0.0175,0.1366,1.95e-05,6.423e-06,0.254
   54120,   54180,0.0051883,0.007048,0.02295,1.692e-25,1.3e-05,2.343e-05,0.0002348,5.985e-26,1.05e-05,0.001269,0.0008646,1.851e-07,0.08715,0.005512,0.01755,0.137,1.966e-05,6.525e-06,0.254
   54180,   54240,0.0052147,0.007085,0.02305,1.724e-25,1.314e-05,2.363e-05,0.0002367,6.094e-26,1.067e-05,0.001278,0.0008704,1.874e-07,0.08747,0.005546,0.01761,0.1375,1.983e-05,6.634e-06,0.254
   54240,   54300,0.0052734,0.007121,0.02315,1.756e-25,1.327e-05,2.382e-05,0.0002386,6.207e-26,1.084e-05,0.001287,0.0008761,1.897e-07,0.08779,0.005581,0.01766,0.138,2e-05,6.744e-06,0.254
   54300,   54360,0.0053023,0.007155,0.02324,1.788e-25,1.339e-05,2.4e-05,0.0002403,6.315e-26,1.1e-05,0.001295,0.0008814,1.919e-07,0.08808,0.005613,0.01771,0.1384,2.015e-05,6.849e-06,0.254
   54360,   54420,0.0053563,0.007191,0.02334,1.822e-25,1.353e-05,2.419e-05,0.0002422,6.433e-26,1.118e-05,0.001304,0.0008871,1.942e-07,0.08839,0.005646,0.01777,0.1389,2.032e-05,6.96e-06,0.254
   54420,   54480,0.0053896,0.007226,0.02344,1.857e-25,1.366e-05,2.439e-05,0.0002441,6.555e-26,1.135e-05,0.001313,0.0008927,1.965e-07,0.0887,0.00568,0.01782,0.1393,2.049e-05,7.073e-06,0.254
   54480,   54540,0.0054133,0.007259,0.02353,1.891e-25,1.379e-05,2.457e-05,0.0002458,6.671e-26,1.152e-05,0.001321,0.000898,1.987e-07,0.08898,0.005711,0.01787,0.1398,2.065e-05,7.18e-06,0.254
   54540,   54600,0.0054379,0.007294,0.02362,1.928e-25,1.392e-05,2.476e-05,0.0002477,6.799e-26,1.17e-05,0.00133,0.0009036,2.01e-07,0.08929,0.005744,0.01792,0.1402,2.082e-05,7.293e-06,0.254
   54600,   54660,0.0054635,0.007329,0.02372,1.966e-25,1.405e-05,2.495e-05,0.0002495,6.929e-26,1.187e-05,0.001338,0.0009091,2.034e-07,0.08958,0.005777,0.01797,0.1407,2.098e-05,7.408e-06,0.254
   54660,   54720,0.0055207,0.007361,0.02381,2.003e-25,1.418e-05,2.513e-05,0.0002512,7.056e-26,1.204e-05,0.001346,0.0009143,2.056e-07,0.08986,0.005808,0.01802,0.1411,2.114e-05,7.517e-06,0.254
   54720,   54780,0.0055382,0.007396,0.0239,2.043e-25,1.431e-05,2.532e-05,0.0002531,7.194e-26,1.222e-05,0.001355,0.0009198,2.079e-07,0.09015,0.005841,0.01807,0.1415,2.131e-05,7.634e-06,0.254
   54780,   54840,0.0055322,0.007429,0.02399,2.084e-25,1.444e-05,2.551e-05,0.0002549,7.335e-26,1.241e-05,0.001363,0.0009252,2.103e-07,0.09044,0.005873,0.01812,0.1419,2.147e-05,7.751e-06,0.254
   54840,   54900,0.0055704,0.007461,0.02408,2.123e-25,1.457e-05,2.568e-05,0.0002566,7.472e-26,1.258e-05,0.001371,0.0009303,2.125e-07,0.09071,0.005903,0.01817,0.1423,2.163e-05,7.862e-06,0.254
   54900,   54960,0.00563,0.007494,0.02417,2.166e-25,1.47e-05,2.587e-05,0.0002584,7.621e-26,1.276e-05,0.00138,0.0009357,2.148e-07,0.09099,0.005935,0.01822,0.1428,2.179e-05,7.981e-06,0.254
   54960,   55020,0.0056644,0.007528,0.02426,2.211e-25,1.483e-05,2.606e-05,0.0002602,7.775e-26,1.295e-05,0.001388,0.0009411,2.172e-07,0.09127,0.005967,0.01826,0.1432,2.196e-05,8.1e-06,0.254
   55020,   55080,0.0056514,0.007559,0.02434,2.254e-25,1.496e-05,2.623e-05,0.0002619,7.923e-26,1.312e-05,0.001396,0.0009461,2.194e-07,0.09154,0.005996,0.01831,0.1436,2.211e-05,8.214e-06,0.254
   55080,   55140,0.0056756,0.007591,0.02443,2.301e-25,1.509e-05,2.642e-05,0.0002637,8.085e-26,1.331e-05,0.001404,0.0009514,2.218e-07,0.09181,0.006028,0.01836,0.144,2.228e-05,8.335e-06,0.254
   55140,   55200,0.0057513,0.007624,0.02452,2.349e-25,1.522e-05,2.66e-05,0.0002655,8.252e-26,1.35e-05,0.001413,0.0009566,2.242e-07,0.09208,0.006059,0.0184,0.1444,2.244e-05,8.456e-06,0.254
   55200,   55260,0.0057712,0.007654,0.0246,2.396e-25,1.534e-05,2.677e-05,0.0002672,8.414e-26,1.367e-05,0.00142,0.0009615,2.264e-07,0.09234,0.006088,0.01845,0.1448,2.259e-05,8.571e-06,0.254
   55260,   55320,0.0057586,0.007686,0.02469,2.447e-25,1.548e-05,2.696e-05,0.000269,8.59e-26,1.386e-05,0.001429,0.0009667,2.288e-07,0.0926,0.006118,0.01849,0.1452,2.276e-05,8.694e-06,0.254
   55320,   55380,0.0057448,0.007717,0.02477,2.499e-25,1.561e-05,2.714e-05,0.0002707,8.772e-26,1.405e-05,0.001437,0.0009719,2.312e-07,0.09287,0.006149,0.01854,0.1455,2.292e-05,8.818e-06,0.254
   55380,   55440,0.0058125,0.007747,0.02485,2.55e-25,1.573e-05,2.731e-05,0.0002724,8.948e-26,1.424e-05,0.001444,0.0009767,2.335e-07,0.09311,0.006177,0.01858,0.1459,2.307e-05,8.935e-06,0.254
   55440,   55500,0.0058652,0.007778,0.02493,2.605e-25,1.586e-05,2.749e-05,0.0002741,9.14e-26,1.443e-05,0.001452,0.0009818,2.358e-07,0.09337,0.006208,0.01862,0.1463,2.323e-05,9.061e-06,0.254
   55500,   55560,0.0058841,0.007809,0.02502,2.662e-25,1.599e-05,2.767e-05,0.0002759,9.339e-26,1.462e-05,0.001461,0.0009869,2.382e-07,0.09363,0.006238,0.01867,0.1467,2.339e-05,9.186e-06,0.254
   55560,   55620,0.0059286,0.007838,0.02509,2.717e-25,1.611e-05,2.784e-05,0.0002775,9.531e-26,1.48e-05,0.001468,0.0009916,2.405e-07,0.09387,0.006265,0.01871,0.147,2.354e-05,9.305e-06,0.254
   55620,   55680,0.0059586,0.007868,0.02517,2.778e-25,1.625e-05,2.802e-05,0.0002793,9.742e-26,1.5e-05,0.001476,0.0009966,2.429e-07,0.09412,0.006295,0.01875,0.1474,2.37e-05,9.432e-06,0.254
   55680,   55740,0.0059811,0.007898,0.02526,2.84e-25,1.638e-05,2.82e-05,0.000281,9.96e-26,1.519e-05,0.001484,0.001002,2.453e-07,0.09436,0.006324,0.01879,0.1478,2.386e-05,9.56e-06,0.254
   55740,   55800,0.0060248,0.007927,0.02533,2.901e-25,1.65e-05,2.837e-05,0.0002826,1.017e-25,1.538e-05,0.001491,0.001006,2.476e-07,0.0946,0.006352,0.01883,0.1481,2.401e-05,9.681e-06,0.254
   55800,   55860,0.0060474,0.007956,0.02541,2.967e-25,1.663e-05,2.854e-05,0.0002843,1.04e-25,1.558e-05,0.001499,0.001011,2.5e-07,0.09484,0.006381,0.01887,0.1485,2.417e-05,9.809e-06,0.254
   55860,   55920,0.0061221,0.007986,0.02549,3.036e-25,1.676e-05,2.872e-05,0.000286,1.064e-25,1.578e-05,0.001507,0.001016,2.524e-07,0.09508,0.006409,0.01891,0.1488,2.433e-05,9.939e-06,0.254
   55920,   55980,0.0061629,0.008013,0.02556,3.102e-25,1.688e-05,2.888e-05,0.0002876,1.087e-25,1.596e-05,0.001514,0.001021,2.546e-07,0.0953,0.006436,0.01895,0.1492,2.447e-05,1.006e-05,0.254
   55980,   56040,0.0061428,0.008042,0.02564,3.175e-25,1.701e-05,2.906e-05,0.0002893,1.113e-25,1.616e-05,0.001522,0.001025,2.57e-07,0.09554,0.006464,0.01899,0.1495,2.463e-05,1.019e-05,0.254
   56040,   56100,0.0061848,0.008071,0.02571,3.25e-25,1.713e-05,2.923e-05,0.000291,1.139e-25,1.636e-05,0.001529,0.00103,2.595e-07,0.09577,0.006493,0.01903,0.1499,2.479e-05,1.032e-05,0.254
   56100,   56160,0.0062268,0.008098,0.02579,3.322e-25,1.725e-05,2.939e-05,0.0002926,1.164e-25,1.655e-05,0.001537,0.001035,2.617e-07,0.09599,0.006519,0.01907,0.1502,2.493e-05,1.045e-05,0.254
   56160,   56220,0.0062472,0.008126,0.02586,3.402e-25,1.738e-05,2.957e-05,0.0002942,1.193e-25,1.675e-05,0.001544,0.001039,2.641e-07,0.09622,0.006547,0.01911,0.1505,2.509e-05,1.058e-05,0.254
   56220,   56280,0.0062701,0.008154,0.02593,3.484e-25,1.751e-05,2.974e-05,0.0002959,1.221e-25,1.696e-05,0.001552,0.001044,2.665e-07,0.09645,0.006574,0.01914,0.1509,2.524e-05,1.071e-05,0.254
   56280,   56340,0.0062757,0.00818,0.026,3.564e-25,1.763e-05,2.99e-05,0.0002974,1.25e-25,1.715e-05,0.001559,0.001049,2.688e-07,0.09666,0.0066,0.01918,0.1512,2.539e-05,1.084e-05,0.254
   56340,   56400,0.0062943,0.008208,0.02608,3.652e-25,1.775e-05,3.007e-05,0.0002991,1.281e-25,1.735e-05,0.001566,0.001053,2.712e-07,0.09688,0.006627,0.01922,0.1515,2.554e-05,1.097e-05,0.254
   56400,   56460,0.0063051,0.008235,0.02615,3.743e-25,1.788e-05,3.024e-05,0.0003007,1.313e-25,1.756e-05,0.001573,0.001058,2.736e-07,0.0971,0.006654,0.01925,0.1518,2.569e-05,1.11e-05,0.254
   56460,   56520,0.0062332,0.008261,0.02622,3.831e-25,1.8e-05,3.04e-05,0.0003022,1.344e-25,1.775e-05,0.00158,0.001062,2.759e-07,0.0973,0.006679,0.01929,0.1521,2.584e-05,1.123e-05,0.254
   56520,   56580,0.0062406,0.008288,0.02629,3.928e-25,1.813e-05,3.056e-05,0.0003039,1.378e-25,1.796e-05,0.001588,0.001067,2.783e-07,0.09752,0.006706,0.01932,0.1524,2.599e-05,1.137e-05,0.254
   56580,   56640,0.006274,0.008314,0.02636,4.027e-25,1.825e-05,3.073e-05,0.0003055,1.413e-25,1.816e-05,0.001595,0.001071,2.807e-07,0.09773,0.006732,0.01936,0.1528,2.614e-05,1.15e-05,0.254
   56640,   56700,0.0063047,0.008339,0.02642,4.125e-25,1.837e-05,3.089e-05,0.000307,1.448e-25,1.836e-05,0.001602,0.001075,2.83e-07,0.09793,0.006757,0.01939,0.153,2.628e-05,1.163e-05,0.254
   56700,   56760,0.0063365,0.008366,0.02649,4.231e-25,1.849e-05,3.105e-05,0.0003086,1.486e-25,1.856e-05,0.001609,0.00108,2.854e-07,0.09814,0.006783,0.01943,0.1534,2.643e-05,1.177e-05,0.254
   56760,   56820,0.0063852,0.008392,0.02656,4.342e-25,1.862e-05,3.121e-05,0.0003102,1.526e-25,1.877e-05,0.001616,0.001084,2.878e-07,0.09834,0.006809,0.01946,0.1537,2.658e-05,1.19e-05,0.254
   56820,   56880,0.0063854,0.008416,0.02662,4.449e-25,1.873e-05,3.137e-05,0.0003117,1.564e-25,1.897e-05,0.001622,0.001088,2.901e-07,0.09854,0.006833,0.01949,0.1539,2.672e-05,1.203e-05,0.254
   56880,   56940,0.006391,0.008442,0.02669,4.567e-25,1.886e-05,3.153e-05,0.0003132,1.606e-25,1.918e-05,0.001629,0.001093,2.925e-07,0.09874,0.006859,0.01953,0.1542,2.687e-05,1.217e-05,0.254
   56940,   57000,0.0064226,0.008467,0.02676,4.689e-25,1.898e-05,3.169e-05,0.0003148,1.65e-25,1.939e-05,0.001636,0.001097,2.949e-07,0.09894,0.006884,0.01956,0.1545,2.701e-05,1.231e-05,0.254
   57000,   57060,0.0064219,0.008491,0.02682,4.808e-25,1.91e-05,3.184e-05,0.0003163,1.693e-25,1.958e-05,0.001643,0.001101,2.972e-07,0.09912,0.006907,0.01959,0.1548,2.715e-05,1.244e-05,0.254
   57060,   57120,0.0064199,0.008516,0.02688,4.939e-25,1.922e-05,3.2e-05,0.0003178,1.74e-25,1.979e-05,0.00165,0.001105,2.996e-07,0.09932,0.006932,0.01963,0.1551,2.73e-05,1.258e-05,0.254
   57120,   57180,0.0064135,0.008541,0.02695,5.075e-25,1.934e-05,3.216e-05,0.0003194,1.79e-25,2e-05,0.001657,0.00111,3.02e-07,0.09951,0.006957,0.01966,0.1554,2.744e-05,1.272e-05,0.254
   57180,   57240,0.0064148,0.008564,0.02701,5.207e-25,1.945e-05,3.231e-05,0.0003208,1.837e-25,2.02e-05,0.001663,0.001114,3.042e-07,0.0997,0.00698,0.01969,0.1556,2.758e-05,1.285e-05,0.254
   57240,   57300,0.0064574,0.008588,0.02707,5.352e-25,1.958e-05,3.247e-05,0.0003223,1.89e-25,2.041e-05,0.00167,0.001118,3.066e-07,0.09988,0.007005,0.01972,0.1559,2.772e-05,1.299e-05,0.254
   57300,   57360,0.0064783,0.008612,0.02713,5.503e-25,1.97e-05,3.263e-05,0.0003239,1.945e-25,2.063e-05,0.001677,0.001122,3.09e-07,0.1001,0.007029,0.01975,0.1562,2.787e-05,1.313e-05,0.254
   57360,   57420,0.0064855,0.008635,0.02719,5.65e-25,1.981e-05,3.277e-05,0.0003253,1.999e-25,2.083e-05,0.001683,0.001126,3.113e-07,0.1002,0.007051,0.01978,0.1565,2.8e-05,1.326e-05,0.254
   57420,   57480,0.0065093,0.008658,0.02725,5.812e-25,1.993e-05,3.293e-05,0.0003268,2.058e-25,2.104e-05,0.00169,0.00113,3.137e-07,0.1004,0.007075,0.01981,0.1567,2.815e-05,1.34e-05,0.254
