CampaignData_and_Merges/R0/CSL_MobileLab_Parked/raw/20240730/USOS-POPS_MobileLabGround_20240730_R0.ict
78, 1001
Thornberry, T. D.
NOAA Chemical Sciences Laboratory
Portable Optical Particle Spectrometer (POPS)
USOS
1, 1
2024, 07, 30, 2025, 05, 08
60
Time_Start, seconds_past_midnight, Start time of measurement
45
1, 1, 1, 1, 1, 1, 1, 1, 1, 1, 1, 1, 1, 1, 1, 1, 1, 1, 1, 1, 1, 1, 1, 1, 1, 1, 1, 1, 1, 1, 1, 1, 1, 1, 1, 1, 1, 1, 1, 1, 1, 1, 1, 1, 1
-9999, -9999, -9999, -9999, -9999, -9999, -9999, -9999, -9999, -9999, -9999, -9999, -9999, -9999, -9999, -9999, -9999, -9999, -9999, -9999, -9999, -9999, -9999, -9999, -9999, -9999, -9999, -9999, -9999, -9999, -9999, -9999, -9999, -9999, -9999, -9999, -9999, -9999, -9999, -9999, -9999, -9999, -9999, -9999, -9999
Time_Stop, seconds_past_midnight, Stop time of measurement
Time_Mid, seconds_past_midnight, Mid time of measurement
Press_mb, mb, Pressure reported (mb)
Temp_C, degrees C, POPS temperature measurement
Aerosol_concentration, cm^-3, Aerosol concentration
Surface_Area_Conc, um^2 cm^-3, Surface area concentration
Volume_density, um^3 cm^-3, Volume density
Effective_radius, um, Effective radius
Extinction, km^-1, Extinction
Bin01, cm^-3, particle concentration in size range [1401 - 146.3 nm]
Bin02, cm^-3, particle concentration in size range [146.3 - 152.8 nm]
Bin03, cm^-3, particle concentration in size range [152.8 - 159.6 nm]
Bin04, cm^-3, particle concentration in size range [159.6 - 166.8 nm]
Bin05, cm^-3, particle concentration in size range [166.8 - 174.2 nm]
Bin06, cm^-3, particle concentration in size range [174.2 - 181.9 nm]
Bin07, cm^-3, particle concentration in size range [181.9 - 190.0 nm]
Bin08, cm^-3, particle concentration in size range [190.0 - 198.5 nm]
Bin09, cm^-3, particle concentration in size range [198.5 - 207.4 nm]
Bin10, cm^-3, particle concentration in size range [207.4 - 216.6 nm]
Bin11, cm^-3, particle concentration in size range [216.6 - 226.2 nm]
Bin12, cm^-3, particle concentration in size range [226.2 - 236.3 nm]
Bin13, cm^-3, particle concentration in size range [236.3 - 246.8 nm]
Bin14, cm^-3, particle concentration in size range [246.8 - 257.8 nm]
Bin15, cm^-3, particle concentration in size range [257.8 - 269.3 nm]
Bin16, cm^-3, particle concentration in size range [269.3 - 343.4 nm]
Bin17, cm^-3, particle concentration in size range [343.4 - 450.7 nm]
Bin18, cm^-3, particle concentration in size range [450.7 - 525.9 nm]
Bin19, cm^-3, particle concentration in size range [525.9 - 618.5 nm]
Bin20, cm^-3, particle concentration in size range [618.5 - 710.0 nm]
Bin21, cm^-3, particle concentration in size range [710.0 - 822.7 nm]
Bin22, cm^-3, particle concentration in size range [822.7 - 885.9 nm]
Bin23, cm^-3, particle concentration in size range [885.9 - 953.9 nm]
Bin24, cm^-3, particle concentration in size range [953.9 - 1027.2 nm]
Bin25, cm^-3, particle concentration in size range [1027.2 - 1106.1 nm]
Bin26, cm^-3, particle concentration in size range [1106.1 - 1191.0 nm]
Bin27, cm^-3, particle concentration in size range [1191.0 - 1282.5 nm]
Bin28, cm^-3, particle concentration in size range [1282.5 - 1381.0 nm]
Bin29, cm^-3, particle concentration in size range [1381.0 - 1487.1 nm]
Bin30, cm^-3, particle concentration in size range [1487.1 - 1601.3 nm]
Bin31, cm^-3, particle concentration in size range [1601.3 - 1724.3 nm]
[...]
PLATFORM: NOAA CSL Mobile Lab
LOCATION: USOS
ASSOCIATED_DATA: N/A
INSTRUMENT_INFO: Printed Optical Particle Spectrometer counts particles from 140 - 2500 nm in diameter 
DATA_INFO: Particle concentrations reported in number per cubic centimeter,1 Hz data
UNCERTAINTY: Counting uncertainty dominated by air flow, less than 5 percent. Measurement range is ~0 - 3000 per cm3 (varies depending on flow rate- manufacturer quotes 1250 per cm3 at 1.667 cc/s)
ULOD_FLAG: -7777
ULOD_VALUE: N/A
LLOD_FLAG: -8888
LLOD_VALUE: N/A
DM_CONTACT_INFO: Troy Thornberry, 325 Broadway R/CSL6, Boulder, CO 80305; troy.thornberry@noaa.gov; 303-497-3373
PROJECT_INFO: USOS, Utah POPS data from NOAA CSL Mobile Lab
STIPULATIONS_ON_USE: Please contact the PIs for questions regarding applications and uncertainties
OTHER_COMMENTS: POPS bin Edges (nm):  140.1, 146.3, 152.8, 159.6, 166.8, 174.2, 181.9, 190.0, 198.5, 207.4, 216.6, 226.2, 236.3, 246.8, 257.8, 269.3, 343.4, 450.7, 525.9, 618.5, 710.0, 822.7, 885.9, 953.9, 1027.2, 1106.1, 1191.0, 1282.5, 1381.0, 1487.1, 1601.3, 1724.3, 1856.7, 1999.3, 2152.8, 2318.2, 2496.2
Calculations assume organic aerosol refractive index of 1.52+0.00j and extinction wavelength = 532 nm
REVISION: R0
R0: Final data
Time_Start, Time_Stop, Time_Mid, Press_mb, Temp_C, Aerosol_concentration, Surface_Area_Conc, Volume_density, Effective_radius, Extinction, Bin01, Bin02, Bin03, Bin04, Bin05, Bin06, Bin07, Bin08, Bin09, Bin10, Bin11, Bin12, Bin13, Bin14, Bin15, Bin16, Bin17, Bin18, Bin19, Bin20, Bin21, Bin22, Bin23, Bin24, Bin25, Bin26, Bin27, Bin28, Bin29, Bin30, Bin31, Bin32, Bin33, Bin34, Bin35, Bin36
[from data line 158]
9480,9539,9510,867.487,36.098,620.126,117.007,6.579,0.167,0.040,31.504862,33.263958,33.120842,33.869213,34.874630,34.534946,33.707584,33.420536,33.331772,33.470928,32.946144,34.619484,34.333309,31.206224,24.446903,83.080147,28.245670,11.707372,3.288209,0.352801,0.149386,0.123132,0.100576,0.044722,0.060765,0.056059,0.033403,0.016951,0.005537,0.027688,0.062677,0.028621,0.028504,0.011058,0.028408,0.022894
9540,9599,9570,867.496,35.837,621.949,117.320,6.503,0.166,0.040,32.202053,32.716930,32.589390,34.190956,34.310799,35.096992,33.939236,34.501263,34.295811,33.205681,32.790752,34.235889,34.368839,30.222799,24.682590,83.533188,29.097067,11.569159,3.168505,0.344019,0.261814,0.097286,0.095863,0.050984,0.067449,0.027730,0.022546,0.061047,0.021888,0.040002,0.050667,0.017345,0.022277,0.005264,0.017025,0.027328
9600,9659,9630,867.514,36.277,616.628,116.467,6.698,0.172,0.039,31.896948,32.477150,32.367451,33.785965,34.298252,34.844738,33.671227,34.082874,32.799831,32.822697,33.549854,34.867237,33.523994,30.843225,24.131504,82.248932,28.456038,11.743017,3.085494,0.318409,0.222584,0.095269,0.072009,0.055014,0.066420,0.028408,0.032556,0.022676,0.033215,0.016853,0.022627,0.045083,0.011439,0.011244,0.016841,0.060825
9660,9719,9690,867.523,36.612,617.716,116.691,6.414,0.164,0.040,31.356922,31.803158,32.511421,33.140892,34.395844,33.652962,33.718517,33.751835,33.410614,34.070820,33.197559,34.439808,34.028461,31.233700,23.863089,84.680420,28.523033,11.538187,3.195371,0.239971,0.312183,0.143222,0.121137,0.043881,0.065775,0.027523,0.061634,0.033748,0.005359,0.027626,0.021911,0.027537,0.022068,0.022005,0.016769,0.011224
9720,9779,9750,867.539,36.254,614.442,117.618,6.821,0.173,0.040,30.760971,31.663322,31.751324,33.442699,33.926105,34.522953,33.179821,33.750252,33.132351,32.524265,33.398251,34.851162,33.478313,30.394857,24.005224,83.730034,29.583719,11.595205,3.497738,0.338000,0.244417,0.100271,0.105257,0.034224,0.061141,0.039410,0.055699,0.028143,0.027874,0.044587,0.033580,0.050493,0.022667,0.011455,0.011495,0.045128
9780,9839,9810,867.555,35.325,614.530,116.758,6.556,0.168,0.040,30.747572,31.823063,31.168127,33.043003,34.840237,34.108234,33.406620,33.482841,32.945263,33.589073,33.568745,34.043636,33.267567,30.283239,23.827795,84.728683,29.465992,11.848907,3.153495,0.383491,0.232881,0.144839,0.077750,0.033743,0.038479,0.032965,0.038897,0.000000,0.043826,0.016172,0.022541,0.050897,0.021965,0.011005,0.011358,0.027394
9840,9899,9870,867.562,34.575,616.736,117.350,6.489,0.165,0.040,31.995493,32.210812,31.334621,33.296349,33.465603,33.805901,34.032558,34.298706,32.933125,32.806820,33.553001,34.100548,33.215347,30.772348,24.096455,84.656837,29.849291,11.780480,3.339461,0.286598,0.282326,0.127498,0.073023,0.077300,0.049557,0.071757,0.016011,0.028040,0.044158,0.027744,0.017065,0.011696,0.005747,0.022121,0.022729,0.028417
9900,9959,9930,867.572,33.674,622.891,119.403,6.870,0.172,0.041,32.627697,31.654182,31.998711,33.250340,33.970772,33.459526,33.826790,34.156311,33.216228,34.319878,33.510593,34.500629,34.414467,30.226515,24.589733,86.347023,30.281225,12.054253,3.175136,0.419223,0.247441,0.082654,0.084271,0.068145,0.060179,0.034067,0.022765,0.039496,0.017263,0.022217,0.083382,0.044915,0.011617,0.016832,0.033561,0.022679
9960,10019,9990,867.582,33.000,621.114,119.806,7.028,0.175,0.041,31.717981,31.093895,32.060856,32.722061,34.118820,33.914803,32.988804,33.984261,32.994160,34.348583,32.864582,34.707062,32.995113,31.174706,24.430935,88.042068,30.638695,11.701905,3.203897,0.445237,0.204171,0.178337,0.089229,0.083994,0.048935,0.033094,0.038622,0.039831,0.028601,0.016237,0.043662,0.066293,0.011126,0.022322,0.028020,0.033318
10020,10079,10050,867.599,32.273,620.871,119.583,7.054,0.176,0.041,31.343708,32.327538,31.032795,33.610714,34.551025,34.772171,34.456776,33.928673,33.058933,33.301666,33.935043,34.034485,32.946499,30.340469,23.838657,86.818665,29.921848,11.815413,3.372109,0.392271,0.297629,0.137295,0.112749,0.084074,0.039336,0.051182,0.038216,0.016867,0.061851,0.011649,0.056751,0.061305,0.017296,0.028369,0.027802,0.028818
10080,10139,10110,867.601,31.869,601.965,116.498,6.727,0.173,0.041,30.602867,30.470186,30.568851,31.607248,32.244400,33.026352,32.336361,33.045620,32.378792,32.126438,32.441254,33.656143,32.336018,28.547909,24.038567,86.127594,29.833824,11.920938,3.351678,0.397374,0.254969,0.110742,0.053777,0.064631,0.085794,0.026870,0.048936,0.032469,0.027235,0.016508,0.048025,0.054444,0.021903,0.027247,0.005208,0.027369
10140,10199,10170,867.622,31.380,615.280,118.604,6.664,0.168,0.041,30.352133,30.042847,31.295856,32.973309,33.687187,33.320690,33.676991,33.707222,33.477985,32.176235,32.869633,34.481674,33.237892,30.914932,24.303076,86.973663,30.636749,12.574506,3.440431,0.349676,0.250181,0.088873,0.065851,0.072949,0.033926,0.044951,0.022688,0.011779,0.011494,0.033092,0.033868,0.033557,0.028597,0.011166,0.016412,0.028029
10200,10259,10230,867.621,30.975,615.445,119.043,6.693,0.168,0.042,30.839270,30.668257,31.176722,32.178074,33.814190,33.094212,33.296864,33.864731,32.468254,33.332474,32.588627,34.717941,33.587280,29.982664,24.254013,87.030144,31.368305,12.688777,3.212014,0.407161,0.227021,0.111506,0.072430,0.066804,0.067820,0.033514,0.021975,0.039952,0.045085,0.051112,0.044219,0.038627,0.021968,0.011149,0.005411,0.016517
10260,10319,10290,867.634,30.914,611.026,117.952,6.724,0.170,0.041,29.998447,30.643826,30.952515,33.102077,33.483673,34.165619,33.365322,32.808872,33.163540,32.775547,32.348198,33.691902,33.147057,29.841913,23.946329,85.933296,30.643049,12.606474,3.272339,0.350946,0.209135,0.127344,0.071863,0.032962,0.043878,0.044439,0.005325,0.015944,0.027864,0.021898,0.055412,0.022348,0.033798,0.011190,0.017164,0.044554
10320,10379,10350,867.652,30.891,620.100,120.442,6.849,0.170,0.042,30.639812,30.908804,32.335453,32.905972,33.826805,33.179623,33.249550,33.281364,32.678581,33.413960,33.525967,34.205696,32.915810,31.162111,24.639944,88.804031,30.876406,12.818387,3.397067,0.398024,0.268742,0.132896,0.085188,0.045449,0.068501,0.056876,0.017107,0.040221,0.028647,0.028647,0.039761,0.011397,0.034525,0.022468,0.022231,0.033747
10380,10439,10410,867.659,30.515,622.116,120.183,6.915,0.172,0.042,33.740227,33.482597,32.465191,33.456310,34.056889,33.419922,33.653446,33.265671,32.448658,32.887711,32.832401,34.078499,32.957527,28.754066,24.259855,87.213341,31.294737,13.027040,3.445348,0.479636,0.253895,0.127209,0.066772,0.077944,0.028041,0.038684,0.033641,0.039005,0.027965,0.021734,0.049624,0.033119,0.022307,0.022412,0.021618,0.033262
10440,10499,10470,867.679,30.341,626.861,121.403,6.824,0.168,0.043,32.748322,32.570866,32.161575,33.833687,34.355186,34.552120,33.848507,33.502907,32.731071,32.627605,32.852131,34.043056,32.881630,30.611237,24.469734,88.622749,32.356903,13.029277,3.792325,0.375342,0.267072,0.106235,0.101464,0.095881,0.044766,0.017012,0.022519,0.017423,0.027087,0.038579,0.050928,0.027676,0.033343,0.005708,0.028048,0.010943
10500,10559,10530,867.688,30.630,616.704,120.161,6.699,0.167,0.043,31.670198,31.907881,31.316389,32.420090,33.532124,32.839787,32.953037,32.852898,32.804302,32.243073,32.723312,33.659412,33.255844,29.089037,24.101583,89.328056,31.637074,13.490723,3.569829,0.352597,0.244090,0.169745,0.120477,0.073812,0.068136,0.055879,0.022377,0.010886,0.017107,0.039529,0.062110,0.016375,0.011183,0.005594,0.022546,0.017160
10560,10619,10590,867.685,30.849,602.542,118.176,6.892,0.173,0.042,30.683392,30.168606,30.995502,31.308990,32.843891,32.316540,32.222645,31.943979,32.282848,31.305059,31.712259,32.826557,31.978498,29.185869,24.069174,88.418556,30.399841,12.863109,3.698755,0.402329,0.266873,0.162610,0.087699,0.044036,0.028126,0.034177,0.022439,0.016630,0.022256,0.032891,0.056027,0.039677,0.028469,0.022584,0.005807,0.044976
10620,10679,10650,867.681,31.208,582.252,115.610,6.633,0.171,0.042,27.878393,29.022635,28.358484,29.521519,31.440096,31.105940,31.095760,31.323681,31.237190,30.974592,31.385824,33.168186,29.970388,28.367464,23.171194,84.964607,30.763954,13.346539,3.755515,0.392738,0.273893,0.125200,0.116695,0.099248,0.078709,0.044681,0.027060,0.050303,0.027298,0.049614,0.021437,0.027638,0.016638,0.010702,0.005429,0.033212
10680,10739,10710,867.682,31.819,572.779,113.571,6.506,0.171,0.041,28.170670,28.263752,28.369482,29.032427,29.875174,30.921459,29.938028,30.135880,30.255238,30.828613,30.950768,31.442247,30.830231,27.835072,22.751665,84.857811,30.024078,13.531605,3.650172,0.314896,0.155507,0.145708,0.072200,0.050414,0.071806,0.054582,0.022330,0.000000,0.055744,0.027656,0.049174,0.038793,0.010671,0.000000,0.027798,0.016839
10740,10799,10770,867.683,32.026,573.004,114.507,6.573,0.171,0.042,27.857964,27.402811,28.654217,28.667959,29.756901,30.348707,30.703283,30.776436,30.535213,30.686455,30.666218,31.593412,30.616350,27.777977,22.775991,83.862808,31.726563,13.605075,3.649038,0.449235,0.272885,0.133583,0.066818,0.093866,0.044348,0.038357,0.021384,0.021927,0.033196,0.033122,0.016578,0.022378,0.027399,0.027307,0.016486,0.022171
10800,10859,10830,867.687,32.381,567.880,112.924,6.335,0.168,0.041,26.981043,27.171930,27.511339,29.247982,29.457827,29.528069,29.510937,30.236738,31.042009,30.472887,30.907948,31.469421,31.216326,27.453005,22.595497,83.714035,31.253914,13.483662,3.475100,0.419257,0.189681,0.133642,0.083664,0.050262,0.022261,0.033241,0.027848,0.033475,0.016612,0.022680,0.033492,0.011194,0.010895,0.011168,0.033911,0.016656
10860,10919,10890,867.703,32.894,562.129,112.102,6.388,0.170,0.041,26.874741,26.719351,26.351139,28.413551,29.466215,29.297729,29.889757,29.871346,29.525471,29.912315,30.710911,31.743402,29.946140,28.118149,22.948181,83.365181,31.100374,13.305273,3.410037,0.371312,0.244189,0.111574,0.116503,0.055541,0.027375,0.016034,0.021915,0.022646,0.005225,0.039093,0.027892,0.039094,0.016660,0.005376,0.011416,0.027575
10920,10979,10950,867.699,33.472,555.603,111.162,6.104,0.164,0.040,25.331535,25.928335,26.735218,26.729723,28.647831,28.984106,29.187263,29.503946,29.516815,30.773966,30.322151,31.266804,30.265051,26.905577,22.848755,83.813156,30.655888,13.624128,3.603148,0.212978,0.229881,0.078520,0.078771,0.061895,0.045336,0.033415,0.017202,0.033112,0.033221,0.050908,0.032989,0.000000,0.022396,0.011418,0.017243,0.000000
10980,11039,11010,867.714,33.594,543.868,109.741,6.233,0.170,0.040,24.448553,25.888405,25.824213,27.298822,27.697863,28.346067,28.909834,28.502306,28.767063,29.421558,29.379953,30.210072,29.244164,27.043821,22.197351,81.558884,30.621027,13.845609,3.522949,0.319402,0.259406,0.116375,0.038804,0.027029,0.083559,0.049764,0.044705,0.055602,0.022343,0.021941,0.028133,0.033843,0.011404,0.005308,0.000000,0.022267
11040,11099,11070,867.711,33.566,544.749,109.923,6.296,0.171,0.040,24.905247,25.412592,26.308393,27.014265,27.895807,28.372351,28.579504,28.533049,28.993454,28.908493,29.267717,30.820875,29.715157,27.209719,21.213877,83.250702,30.337826,13.230598,3.524152,0.394063,0.248109,0.154316,0.095228,0.056120,0.038224,0.044958,0.033848,0.011475,0.032594,0.045151,0.005612,0.028563,0.016323,0.016774,0.005807,0.028495
11100,11159,11130,867.714,33.404,544.944,110.350,6.265,0.170,0.041,24.857189,25.418346,25.732395,27.581015,28.327450,28.180559,28.413319,29.146116,28.220884,29.094643,29.113304,30.717030,28.427908,27.439537,22.115955,82.496872,30.490532,14.337802,3.710048,0.389885,0.205778,0.134622,0.111598,0.022971,0.049715,0.022453,0.011223,0.011438,0.016925,0.011324,0.034670,0.016168,0.039221,0.005593,0.022651,0.016448
11160,11219,11190,867.716,33.658,544.525,111.231,6.560,0.176,0.041,25.156574,25.147427,25.365351,26.403526,27.308136,27.646784,28.276976,28.753410,28.570692,29.148460,29.314045,31.189541,29.421474,27.065815,22.177162,84.121788,30.407488,14.272972,3.576103,0.413801,0.234936,0.077150,0.045100,0.050159,0.021990,0.039456,0.021377,0.039865,0.049761,0.061611,0.027414,0.056160,0.017086,0.016897,0.016950,0.011245
11220,11279,11250,867.725,33.869,536.004,108.600,6.113,0.168,0.040,24.827452,24.569895,24.568745,26.014387,28.377424,27.220724,28.234526,28.013039,29.097786,29.394152,29.072058,29.523552,29.044842,26.542629,21.208450,81.131981,30.292934,14.074739,3.676627,0.369700,0.243222,0.105669,0.055986,0.078710,0.039513,0.039472,0.022329,0.039001,0.005467,0.011650,0.033660,0.016541,0.023163,0.005415,0.005745,0.022827
11280,11339,11310,867.728,33.729,524.532,107.376,6.235,0.173,0.040,24.078157,23.872587,24.189831,25.438778,26.862659,27.324402,26.996931,28.040154,27.319847,28.586691,28.219704,29.232246,28.535975,25.439255,20.681986,81.057167,30.194874,13.553055,3.762453,0.334315,0.259328,0.096304,0.095925,0.044969,0.061369,0.022146,0.027704,0.022510,0.034139,0.016769,0.033307,0.016820,0.011512,0.011345,0.022213,0.034292
11340,11399,11370,867.737,33.609,526.018,107.237,6.229,0.173,0.040,24.273857,23.861822,24.295988,26.520491,26.730270,26.781118,27.409281,27.966898,27.623829,27.813442,29.136969,29.577665,28.801519,25.089493,21.217039,80.360939,30.329576,13.583529,3.581924,0.269187,0.264508,0.118912,0.055966,0.033722,0.039655,0.046013,0.011429,0.022072,0.049797,0.017027,0.044442,0.027258,0.005450,0.000000,0.023281,0.033683
11400,11459,11430,867.748,33.549,526.019,108.282,6.371,0.176,0.041,23.804298,23.664089,23.974052,25.842621,26.303179,27.229946,27.146955,27.911686,27.932076,27.751472,28.373220,29.319033,29.205135,26.452841,21.092905,80.460846,30.775452,13.791368,3.837899,0.334654,0.206373,0.089086,0.095303,0.066913,0.033851,0.061703,0.045194,0.011189,0.021893,0.027825,0.050134,0.033328,0.022695,0.016254,0.000000,0.034010
11460,11519,11490,867.766,33.833,528.041,108.419,6.288,0.174,0.041,23.586971,24.002327,24.848520,26.074656,26.336227,27.653637,27.143341,27.379223,27.866385,27.899626,27.458269,29.972572,29.256496,26.106834,21.432673,81.471680,30.763231,14.132043,3.488061,0.344370,0.227481,0.111010,0.090171,0.078968,0.038671,0.038674,0.027598,0.038391,0.016607,0.026924,0.033630,0.016952,0.016571,0.017546,0.011359,0.033243
11520,11579,11550,867.758,34.231,523.146,107.651,6.385,0.177,0.040,24.191166,23.169268,23.488615,25.429348,26.376429,26.341524,27.258240,28.110292,27.079163,28.729391,27.833447,29.509748,28.479448,26.575480,21.478615,80.381111,30.336748,13.767108,3.481418,0.292860,0.148437,0.165587,0.066561,0.060389,0.049496,0.049209,0.027199,0.044244,0.033437,0.037870,0.032102,0.039663,0.027648,0.016550,0.016354,0.021859
11580,11639,11610,867.774,34.429,516.880,105.090,5.884,0.167,0.039,23.095261,23.584276,23.871901,25.047894,26.562590,26.748465,26.725767,27.620701,27.202723,26.910202,28.221077,28.541502,28.172844,25.992363,21.167784,79.180618,30.002213,13.800694,3.516930,0.304731,0.191522,0.067848,0.057234,0.055961,0.039369,0.022445,0.006097,0.022345,0.039180,0.027569,0.011006,0.016782,0.017751,0.005688,0.010727,0.017781
11640,11699,11670,867.789,34.540,526.570,106.473,6.065,0.171,0.040,25.720980,25.513714,24.754631,26.502684,27.340599,27.328550,27.667187,27.749811,27.268902,27.631668,28.505951,28.733471,27.561687,25.655527,21.048798,78.945068,29.900116,14.335053,3.419396,0.249747,0.203758,0.098377,0.081842,0.060712,0.055544,0.027258,0.011455,0.016408,0.033114,0.044859,0.016521,0.026858,0.033237,0.000000,0.011011,0.015907
11700,11759,11730,867.807,34.821,510.575,105.252,6.137,0.174,0.040,23.080811,22.686134,23.160007,24.200222,25.502081,25.937963,26.710684,26.970676,26.512079,27.266432,28.270885,28.559574,28.539749,25.549299,20.275791,78.724113,29.910912,13.861706,3.798282,0.331479,0.227014,0.100050,0.066695,0.044350,0.054434,0.016691,0.021914,0.027424,0.027573,0.022261,0.017059,0.033984,0.011115,0.011594,0.011387,0.032745
11760,11819,11790,867.845,34.611,508.688,105.220,6.216,0.177,0.040,22.660435,22.979759,23.111456,24.227140,24.750029,26.654940,26.044756,27.304012,26.356739,26.871895,27.782978,28.774778,27.582138,25.203985,20.489660,79.152214,30.209225,13.927506,3.543897,0.333324,0.189238,0.078358,0.084577,0.061607,0.050222,0.028039,0.022782,0.022535,0.011377,0.022186,0.032953,0.038688,0.028209,0.016448,0.011351,0.028307
