CampaignData_and_Merges/R0/CSL_MobileLab_Parked/raw/20240730/USOS-jNO2_MobileLabGround_20240730_R0.ict
52,1001
Waxman, E.; Rollins, A.; Zuraski, K.; Chace, W.
NOAA Chemical Sciences Laboratory
jNO2 filter radiometer on CSL Mobile Lab
AMMBEC / USOS
1, 1
2024,07,30, 2025,04,01
60
Time_Start, seconds, number_of_seconds_since_0000_UTC
20
1, 1, 1, 1, 1, 1, 1, 1, 1, 1, 1, 1, 1, 1, 1, 1, 1, 1, 1, 1
-9999, -9999, -9999, -9999, -9999, -9999, -9999, -9999, -9999, -9999, -9999, -9999, -9999, -9999, -9999, -9999, -9999, -9999, -9999, -9999
Time_Stop, seconds, number_of_seconds_since_0000_UTC
jNO2_meas, per second, photolysis rate of NO2 measured using a filter radiometer.
jBrCl, per second, photolysis rate of BrCl -> Br + Cl calculated in TUV for cloud-free sky with local AOD
jBr2, per second, photolysis rate of Br2 -> Br + Br calculated in TUV for cloud-free sky with local AOD
jCCl4, per second, photolysis rate of CCl4 -> Products calcualted in TUV for cloud-free sky with local AOD
jCH2Oa, per second, photolysis rate of CH2O -> H + HCO calculated in TUV for cloud-free sky with local AOD
jCH2Ob, per second, photolysis rate of CH2O -> H2 + CO calculated in TUV for cloud-free sky with local AOD
jClNO2, per second, photolysis rate of ClNO2 -> Cl + NO2 calculated in TUV for cloud-free sky with local AOD
jClOa, per second, photolysis rate of ClO -> Cl + O(1D) calculated in TUV for cloud-free sky with local AOD
jClOb, per second, photolysis rate of ClO -> Cl + O(3P) calculated in TUV for cloud-free sky with local AOD
jCl2, per second, photolysis rate of Cl2 -> Cl + Cl calculated in TUV for cloud-free sky with local AOD
jHNO2, per second, photolysis rate of HNO2 -> OH + NO calculated in TUV for cloud-free sky with local AOD
jHNO3, per second, photolysis rate of HNO3 -> OH + NO2 calculated in TUV for cloud-free sky with local AOD
jI2, per second, photolysis rate of I2 -> I + I calculated in TUV for cloud-free sky with local AOD
jNO2, per second, photolysis rate of NO2 -> NO + O(3P) calculated in TUV for cloud-free sky with local AOD
jNO3a, per second, photolysis rate of NO3 -> NO + O2 calculated in TUV for cloud-free sky with local AOD
jNO3b, per second, photolysis rate of NO3 -> NO2 + O(3P) calculated in TUV for cloud-free sky with local AOD
jN2O5, per second, photolysis rate of N2O5 -> NO3 + NO + O(3P) calculated in TUV for cloud-free sky with local AOD
jO3, per second, photolysis rate of O3 -> O2 + O(1D) calculated in TUV for cloud-free sky with local AOD
AOD_500nm, unitless, UTC daily mean AOD at 500 nm from an AERONET station located at 40.178 N, -112.452 E
0
18
PI_CONTACT_INFO: eleanor.waxman@noaa.gov
PLATFORM: CSL Mobile Lab, at ground site
LOCATION: Salt Lake City, UT
ASSOCIATED_DATA:
INSTRUMENT_INFO: jNO2 filter radiometer.  TUV calculations are for mobile van lat/lon/altitude assuming clear sky (cloud AOD = 0) and daily mean AOD.
DATA_INFO:
UNCERTAINTY: Data uncertainties are +/- 20%.  These come from uncertainties in radiometer angular response, radiometer thermal response, local interferences from clouds/aerosols/shadows etc.
ULOD_FLAG: -7777
ULOD_VALUE: N/A
LLOD_FLAG: -8888
LLOD_VALUE: N/A
DM_CONTACT_INFO: eleanor.waxman@noaa.gov
PROJECT_INFO: USOS Project, July - August 2024
STIPULATIONS_ON_USE: Users are strongly encouraged to contact the PI for proper data usage.
OTHER_COMMENTS: 
REVISION: R0
R0: final data
Time_Start, Time_Stop, jNO2_meas, jBrCl, jBr2, jCCl4, jCH2Oa, jCH2Ob, jClNO2, jClOa, jClOb, jCl2, jHNO2, jHNO3, jI2, jNO2, jNO3a, jNO3b, jN2O5, jO3, AOD_500nm
[from data line 1216]
   72960,   73020,-9999,0.01053,0.03182,6.525e-22,3.214e-05,4.737e-05,0.0004675,3.185e-22,4.895e-05,0.002276,0.001479,5.891e-07,0.1133,0.00907,0.02186,0.1754,4.211e-05,3.227e-05,0.254
   73020,   73080,-9999,0.01053,0.03182,6.379e-22,3.211e-05,4.734e-05,0.0004673,3.113e-22,4.888e-05,0.002275,0.001479,5.884e-07,0.1133,0.009067,0.02186,0.1753,4.208e-05,3.222e-05,0.254
   73080,   73140,-9999,0.01053,0.03181,6.222e-22,3.209e-05,4.731e-05,0.000467,3.035e-22,4.88e-05,0.002274,0.001478,5.877e-07,0.1133,0.009063,0.02185,0.1753,4.205e-05,3.217e-05,0.254
   73140,   73200,-9999,0.01052,0.0318,6.067e-22,3.206e-05,4.728e-05,0.0004667,2.959e-22,4.872e-05,0.002273,0.001477,5.871e-07,0.1133,0.009059,0.02185,0.1753,4.202e-05,3.212e-05,0.254
   73200,   73260,-9999,0.01052,0.0318,5.921e-22,3.203e-05,4.725e-05,0.0004664,2.888e-22,4.865e-05,0.002272,0.001477,5.864e-07,0.1133,0.009056,0.02185,0.1753,4.199e-05,3.207e-05,0.254
   73260,   73320,-9999,0.01052,0.03179,5.768e-22,3.2e-05,4.722e-05,0.0004661,2.812e-22,4.857e-05,0.00227,0.001476,5.857e-07,0.1132,0.009052,0.02185,0.1752,4.196e-05,3.201e-05,0.254
   73320,   73380,-9999,0.01051,0.03178,5.616e-22,3.198e-05,4.719e-05,0.0004658,2.737e-22,4.848e-05,0.002269,0.001475,5.849e-07,0.1132,0.009048,0.02184,0.1752,4.193e-05,3.195e-05,0.254
   73380,   73440,-9999,0.01051,0.03178,5.473e-22,3.195e-05,4.716e-05,0.0004655,2.667e-22,4.841e-05,0.002268,0.001475,5.842e-07,0.1132,0.009045,0.02184,0.1752,4.19e-05,3.19e-05,0.254
   73440,   73500,-9999,0.01051,0.03177,5.321e-22,3.192e-05,4.713e-05,0.0004652,2.592e-22,4.832e-05,0.002267,0.001474,5.835e-07,0.1132,0.009041,0.02184,0.1752,4.186e-05,3.184e-05,0.254
   73500,   73560,-9999,0.0105,0.03176,5.172e-22,3.189e-05,4.71e-05,0.0004648,2.519e-22,4.823e-05,0.002265,0.001473,5.827e-07,0.1132,0.009037,0.02184,0.1751,4.183e-05,3.178e-05,0.254
   73560,   73620,-9999,0.0105,0.03175,5.034e-22,3.186e-05,4.706e-05,0.0004645,2.451e-22,4.815e-05,0.002264,0.001473,5.819e-07,0.1131,0.009033,0.02183,0.1751,4.18e-05,3.172e-05,0.254
   73620,   73680,-9999,0.0105,0.03175,4.888e-22,3.183e-05,4.703e-05,0.0004642,2.379e-22,4.806e-05,0.002263,0.001472,5.811e-07,0.1131,0.009028,0.02183,0.1751,4.176e-05,3.166e-05,0.254
   73680,   73740,-9999,0.01049,0.03174,4.743e-22,3.179e-05,4.699e-05,0.0004638,2.308e-22,4.797e-05,0.002262,0.001471,5.803e-07,0.1131,0.009024,0.02183,0.175,4.173e-05,3.16e-05,0.254
   73740,   73800,-9999,0.01049,0.03173,4.609e-22,3.176e-05,4.696e-05,0.0004635,2.242e-22,4.788e-05,0.00226,0.00147,5.795e-07,0.1131,0.00902,0.02182,0.175,4.169e-05,3.154e-05,0.254
   73800,   73860,-9999,0.01049,0.03172,4.467e-22,3.173e-05,4.692e-05,0.0004632,2.173e-22,4.779e-05,0.002259,0.001469,5.787e-07,0.1131,0.009015,0.02182,0.175,4.165e-05,3.147e-05,0.254
   73860,   73920,-9999,0.01048,0.03171,4.329e-22,3.169e-05,4.689e-05,0.0004628,2.104e-22,4.769e-05,0.002257,0.001469,5.778e-07,0.113,0.009011,0.02182,0.175,4.162e-05,3.141e-05,0.254
   73920,   73980,-9999,0.01048,0.0317,4.2e-22,3.166e-05,4.685e-05,0.0004624,2.041e-22,4.76e-05,0.002256,0.001468,5.77e-07,0.113,0.009006,0.02181,0.1749,4.158e-05,3.134e-05,0.254
   73980,   74040,-9999,0.01047,0.03169,4.065e-22,3.163e-05,4.681e-05,0.0004621,1.975e-22,4.75e-05,0.002255,0.001467,5.761e-07,0.113,0.009002,0.02181,0.1749,4.154e-05,3.128e-05,0.254
   74040,   74100,-9999,0.01047,0.03168,3.933e-22,3.159e-05,4.677e-05,0.0004617,1.91e-22,4.74e-05,0.002253,0.001466,5.752e-07,0.113,0.008997,0.02181,0.1749,4.15e-05,3.121e-05,0.254
   74100,   74160,-9999,0.01047,0.03167,3.809e-22,3.155e-05,4.674e-05,0.0004613,1.849e-22,4.73e-05,0.002252,0.001465,5.743e-07,0.113,0.008992,0.0218,0.1748,4.146e-05,3.114e-05,0.254
   74160,   74220,-9999,0.01046,0.03167,3.681e-22,3.152e-05,4.67e-05,0.0004609,1.787e-22,4.72e-05,0.00225,0.001464,5.734e-07,0.1129,0.008987,0.0218,0.1748,4.142e-05,3.107e-05,0.254
   74220,   74280,-9999,0.01046,0.03166,3.556e-22,3.148e-05,4.665e-05,0.0004605,1.725e-22,4.709e-05,0.002248,0.001464,5.725e-07,0.1129,0.008982,0.0218,0.1748,4.138e-05,3.1e-05,0.254
   74280,   74340,-9999,0.01045,0.03165,3.44e-22,3.144e-05,4.662e-05,0.0004601,1.668e-22,4.699e-05,0.002247,0.001463,5.716e-07,0.1129,0.008977,0.02179,0.1747,4.134e-05,3.093e-05,0.254
   74340,   74400,-9999,0.01045,0.03164,3.319e-22,3.141e-05,4.657e-05,0.0004597,1.609e-22,4.688e-05,0.002245,0.001462,5.706e-07,0.1129,0.008972,0.02179,0.1747,4.13e-05,3.086e-05,0.254
   74400,   74460,-9999,0.01044,0.03162,3.201e-22,3.137e-05,4.653e-05,0.0004593,1.551e-22,4.678e-05,0.002244,0.001461,5.696e-07,0.1128,0.008967,0.02179,0.1746,4.125e-05,3.078e-05,0.254
   74460,   74520,-9999,0.01044,0.03161,3.092e-22,3.133e-05,4.649e-05,0.0004589,1.497e-22,4.667e-05,0.002242,0.00146,5.687e-07,0.1128,0.008962,0.02178,0.1746,4.121e-05,3.071e-05,0.254
   74520,   74580,-9999,0.01043,0.0316,2.979e-22,3.129e-05,4.644e-05,0.0004585,1.442e-22,4.656e-05,0.00224,0.001459,5.676e-07,0.1128,0.008956,0.02178,0.1746,4.117e-05,3.063e-05,0.254
   74580,   74640,-9999,0.01043,0.03159,2.868e-22,3.125e-05,4.64e-05,0.000458,1.388e-22,4.644e-05,0.002239,0.001458,5.666e-07,0.1127,0.008951,0.02177,0.1745,4.112e-05,3.055e-05,0.254
   74640,   74700,-9999,0.01042,0.03158,2.767e-22,3.121e-05,4.636e-05,0.0004576,1.338e-22,4.634e-05,0.002237,0.001457,5.656e-07,0.1127,0.008945,0.02177,0.1745,4.108e-05,3.048e-05,0.254
   74700,   74760,-9999,0.01042,0.03157,2.661e-22,3.117e-05,4.631e-05,0.0004571,1.287e-22,4.622e-05,0.002235,0.001456,5.646e-07,0.1127,0.00894,0.02177,0.1745,4.103e-05,3.04e-05,0.254
   74760,   74820,-9999,0.01041,0.03156,2.558e-22,3.112e-05,4.626e-05,0.0004567,1.236e-22,4.61e-05,0.002233,0.001455,5.635e-07,0.1127,0.008934,0.02176,0.1744,4.098e-05,3.032e-05,0.254
   74820,   74880,-9999,0.01041,0.03155,2.464e-22,3.108e-05,4.622e-05,0.0004562,1.19e-22,4.599e-05,0.002232,0.001454,5.625e-07,0.1126,0.008928,0.02176,0.1744,4.094e-05,3.024e-05,0.254
   74880,   74940,-9999,0.0104,0.03154,2.367e-22,3.104e-05,4.617e-05,0.0004558,1.143e-22,4.587e-05,0.00223,0.001453,5.614e-07,0.1126,0.008922,0.02175,0.1743,4.089e-05,3.016e-05,0.254
   74940,   75000,-9999,0.0104,0.03152,2.272e-22,3.099e-05,4.612e-05,0.0004553,1.096e-22,4.575e-05,0.002228,0.001452,5.603e-07,0.1126,0.008916,0.02175,0.1743,4.084e-05,3.008e-05,0.254
   75000,   75060,-9999,0.01039,0.03151,2.185e-22,3.095e-05,4.607e-05,0.0004548,1.054e-22,4.563e-05,0.002226,0.001451,5.592e-07,0.1125,0.00891,0.02174,0.1742,4.079e-05,3e-05,0.254
   75060,   75120,-9999,0.01039,0.0315,2.096e-22,3.09e-05,4.602e-05,0.0004543,1.01e-22,4.55e-05,0.002224,0.00145,5.581e-07,0.1125,0.008904,0.02174,0.1742,4.074e-05,2.991e-05,0.254
   75120,   75180,-9999,0.01038,0.03149,2.009e-22,3.086e-05,4.597e-05,0.0004538,9.676e-23,4.538e-05,0.002222,0.001448,5.57e-07,0.1125,0.008897,0.02173,0.1742,4.069e-05,2.982e-05,0.254
   75180,   75240,-9999,0.01038,0.03147,1.929e-22,3.081e-05,4.592e-05,0.0004533,9.288e-23,4.526e-05,0.00222,0.001447,5.559e-07,0.1124,0.008891,0.02173,0.1741,4.064e-05,2.974e-05,0.254
   75240,   75300,-9999,0.01037,0.03146,1.848e-22,3.077e-05,4.587e-05,0.0004528,8.89e-23,4.513e-05,0.002218,0.001446,5.547e-07,0.1124,0.008885,0.02172,0.1741,4.058e-05,2.965e-05,0.254
   75300,   75360,-9999,0.01037,0.03145,1.768e-22,3.072e-05,4.582e-05,0.0004523,8.504e-23,4.5e-05,0.002216,0.001445,5.535e-07,0.1124,0.008878,0.02172,0.174,4.053e-05,2.956e-05,0.254
   75360,   75420,-9999,0.01036,0.03144,1.696e-22,3.067e-05,4.577e-05,0.0004518,8.152e-23,4.487e-05,0.002214,0.001444,5.524e-07,0.1123,0.008872,0.02171,0.174,4.048e-05,2.948e-05,0.254
   75420,   75480,-9999,0.01035,0.03142,1.622e-22,3.062e-05,4.571e-05,0.0004513,7.789e-23,4.474e-05,0.002212,0.001443,5.512e-07,0.1123,0.008865,0.02171,0.1739,4.043e-05,2.939e-05,0.254
   75480,   75540,-9999,0.01035,0.03141,1.55e-22,3.057e-05,4.566e-05,0.0004507,7.44e-23,4.461e-05,0.00221,0.001441,5.499e-07,0.1123,0.008858,0.0217,0.1739,4.037e-05,2.929e-05,0.254
   75540,   75600,-9999,0.01034,0.03139,1.485e-22,3.052e-05,4.561e-05,0.0004502,7.122e-23,4.448e-05,0.002208,0.00144,5.488e-07,0.1122,0.008851,0.0217,0.1738,4.032e-05,2.921e-05,0.254
   75600,   75660,-9999,0.01034,0.03138,1.418e-22,3.047e-05,4.555e-05,0.0004497,6.794e-23,4.434e-05,0.002206,0.001439,5.475e-07,0.1122,0.008844,0.02169,0.1738,4.026e-05,2.911e-05,0.254
   75660,   75720,-9999,0.01033,0.03136,1.354e-22,3.042e-05,4.549e-05,0.0004491,6.489e-23,4.42e-05,0.002203,0.001438,5.462e-07,0.1122,0.008837,0.02169,0.1737,4.02e-05,2.902e-05,0.254
   75720,   75780,-9999,0.01032,0.03135,1.295e-22,3.037e-05,4.544e-05,0.0004486,6.197e-23,4.407e-05,0.002201,0.001436,5.45e-07,0.1121,0.00883,0.02168,0.1737,4.015e-05,2.893e-05,0.254
   75780,   75840,-9999,0.01032,0.03134,1.235e-22,3.032e-05,4.538e-05,0.000448,5.903e-23,4.393e-05,0.002199,0.001435,5.437e-07,0.1121,0.008823,0.02168,0.1736,4.009e-05,2.883e-05,0.254
   75840,   75900,-9999,0.01031,0.03132,1.176e-22,3.027e-05,4.532e-05,0.0004474,5.618e-23,4.379e-05,0.002197,0.001434,5.424e-07,0.112,0.008815,0.02167,0.1735,4.003e-05,2.874e-05,0.254
   75900,   75960,-9999,0.0103,0.03131,1.125e-22,3.022e-05,4.526e-05,0.0004469,5.373e-23,4.365e-05,0.002194,0.001432,5.412e-07,0.112,0.008808,0.02166,0.1735,3.997e-05,2.864e-05,0.254
   75960,   76020,-9999,0.0103,0.03129,1.07e-22,3.016e-05,4.52e-05,0.0004463,5.104e-23,4.351e-05,0.002192,0.001431,5.398e-07,0.112,0.0088,0.02166,0.1734,3.991e-05,2.854e-05,0.254
   76020,   76080,-9999,0.01029,0.03127,1.02e-22,3.011e-05,4.514e-05,0.0004457,4.861e-23,4.336e-05,0.00219,0.00143,5.385e-07,0.1119,0.008792,0.02165,0.1734,3.985e-05,2.844e-05,0.254
   76080,   76140,-9999,0.01028,0.03126,9.751e-23,3.005e-05,4.508e-05,0.0004451,4.638e-23,4.322e-05,0.002187,0.001428,5.372e-07,0.1119,0.008785,0.02165,0.1733,3.979e-05,2.835e-05,0.254
   76140,   76200,-9999,0.01028,0.03124,9.256e-23,3e-05,4.502e-05,0.0004445,4.402e-23,4.307e-05,0.002185,0.001427,5.358e-07,0.1118,0.008777,0.02164,0.1732,3.973e-05,2.825e-05,0.254
   76200,   76260,-9999,0.01027,0.03123,8.805e-23,2.994e-05,4.496e-05,0.0004439,4.183e-23,4.292e-05,0.002183,0.001426,5.345e-07,0.1118,0.008769,0.02163,0.1732,3.966e-05,2.814e-05,0.254
   76260,   76320,-9999,0.01026,0.03121,8.394e-23,2.989e-05,4.49e-05,0.0004433,3.984e-23,4.278e-05,0.00218,0.001424,5.332e-07,0.1117,0.008761,0.02163,0.1731,3.96e-05,2.805e-05,0.254
   76320,   76380,-9999,0.01025,0.03119,7.975e-23,2.983e-05,4.483e-05,0.0004426,3.781e-23,4.263e-05,0.002178,0.001423,5.317e-07,0.1117,0.008753,0.02162,0.1731,3.954e-05,2.794e-05,0.254
   76380,   76440,-9999,0.01025,0.03117,7.576e-23,2.977e-05,4.477e-05,0.000442,3.588e-23,4.248e-05,0.002175,0.001421,5.303e-07,0.1116,0.008744,0.02161,0.173,3.947e-05,2.784e-05,0.254
   76440,   76500,-9999,0.01024,0.03116,7.214e-23,2.971e-05,4.47e-05,0.0004414,3.412e-23,4.233e-05,0.002173,0.00142,5.29e-07,0.1116,0.008736,0.02161,0.1729,3.941e-05,2.774e-05,0.254
   76500,   76560,-9999,0.01023,0.03114,6.848e-23,2.965e-05,4.464e-05,0.0004407,3.236e-23,4.217e-05,0.00217,0.001418,5.275e-07,0.1116,0.008728,0.0216,0.1729,3.934e-05,2.763e-05,0.254
   76560,   76620,-9999,0.01022,0.03112,6.496e-23,2.959e-05,4.457e-05,0.0004401,3.065e-23,4.202e-05,0.002167,0.001417,5.261e-07,0.1115,0.008719,0.02159,0.1728,3.927e-05,2.753e-05,0.254
   76620,   76680,-9999,0.01022,0.0311,6.185e-23,2.954e-05,4.45e-05,0.0004394,2.916e-23,4.187e-05,0.002165,0.001415,5.247e-07,0.1115,0.008711,0.02158,0.1727,3.921e-05,2.742e-05,0.254
   76680,   76740,-9999,0.01021,0.03109,5.867e-23,2.947e-05,4.443e-05,0.0004387,2.762e-23,4.171e-05,0.002162,0.001414,5.232e-07,0.1114,0.008702,0.02158,0.1727,3.914e-05,2.732e-05,0.254
   76740,   76800,-9999,0.0102,0.03107,5.56e-23,2.941e-05,4.436e-05,0.0004381,2.613e-23,4.155e-05,0.002159,0.001412,5.217e-07,0.1114,0.008693,0.02157,0.1726,3.907e-05,2.721e-05,0.254
   76800,   76860,-9999,0.01019,0.03105,5.285e-23,2.935e-05,4.43e-05,0.0004374,2.481e-23,4.139e-05,0.002157,0.00141,5.203e-07,0.1113,0.008684,0.02156,0.1725,3.9e-05,2.71e-05,0.254
   76860,   76920,-9999,0.01018,0.03103,5.004e-23,2.929e-05,4.423e-05,0.0004367,2.345e-23,4.123e-05,0.002154,0.001409,5.187e-07,0.1113,0.008675,0.02155,0.1724,3.893e-05,2.699e-05,0.254
   76920,   76980,-9999,0.01018,0.03101,4.737e-23,2.922e-05,4.415e-05,0.000436,2.218e-23,4.107e-05,0.002151,0.001407,5.172e-07,0.1112,0.008666,0.02155,0.1724,3.886e-05,2.688e-05,0.254
   76980,   77040,-9999,0.01017,0.03099,4.51e-23,2.916e-05,4.409e-05,0.0004353,2.109e-23,4.091e-05,0.002148,0.001406,5.157e-07,0.1112,0.008657,0.02154,0.1723,3.879e-05,2.677e-05,0.254
   77040,   77100,-9999,0.01016,0.03097,4.272e-23,2.91e-05,4.401e-05,0.0004346,1.992e-23,4.074e-05,0.002145,0.001404,5.142e-07,0.1111,0.008647,0.02153,0.1722,3.872e-05,2.666e-05,0.254
   77100,   77160,-9999,0.01015,0.03095,4.043e-23,2.903e-05,4.394e-05,0.0004339,1.883e-23,4.058e-05,0.002142,0.001402,5.126e-07,0.111,0.008637,0.02152,0.1721,3.865e-05,2.654e-05,0.254
   77160,   77220,-9999,0.01014,0.03093,3.834e-23,2.897e-05,4.387e-05,0.0004332,1.782e-23,4.042e-05,0.00214,0.001401,5.111e-07,0.111,0.008628,0.02151,0.1721,3.858e-05,2.644e-05,0.254
   77220,   77280,-9999,0.01013,0.03091,3.628e-23,2.89e-05,4.379e-05,0.0004325,1.684e-23,4.025e-05,0.002137,0.001399,5.095e-07,0.1109,0.008618,0.0215,0.172,3.85e-05,2.632e-05,0.254
   77280,   77340,-9999,0.01012,0.03089,3.434e-23,2.884e-05,4.371e-05,0.0004317,1.591e-23,4.008e-05,0.002134,0.001397,5.079e-07,0.1109,0.008608,0.0215,0.1719,3.842e-05,2.62e-05,0.254
   77340,   77400,-9999,0.01011,0.03087,3.258e-23,2.877e-05,4.364e-05,0.000431,1.507e-23,3.992e-05,0.002131,0.001395,5.064e-07,0.1108,0.008599,0.02149,0.1718,3.835e-05,2.609e-05,0.254
   77400,   77460,-9999,0.0101,0.03084,3.081e-23,2.87e-05,4.356e-05,0.0004302,1.422e-23,3.974e-05,0.002127,0.001393,5.048e-07,0.1108,0.008588,0.02148,0.1717,3.827e-05,2.598e-05,0.254
   77460,   77520,-9999,0.01009,0.03081,2.772e-23,2.859e-05,4.344e-05,0.000429,1.291e-23,3.951e-05,0.002123,0.001391,5.024e-07,0.1107,0.008572,0.02146,0.1716,3.815e-05,2.582e-05,0.254
   77520,   77580,-9999,0.01008,0.03079,2.662e-23,2.853e-05,4.337e-05,0.0004283,1.223e-23,3.937e-05,0.00212,0.001389,5.01e-07,0.1106,0.008562,0.02145,0.1715,3.808e-05,2.573e-05,0.254
   77580,   77640,-9999,0.01007,0.03077,2.501e-23,2.846e-05,4.329e-05,0.0004275,1.154e-23,3.915e-05,0.002117,0.001387,4.99e-07,0.1105,0.008552,0.02144,0.1714,3.8e-05,2.557e-05,0.254
   77640,   77700,-9999,0.01006,0.03074,2.396e-23,2.839e-05,4.321e-05,0.0004267,1.096e-23,3.898e-05,0.002113,0.001385,4.975e-07,0.1105,0.008541,0.02143,0.1713,3.792e-05,2.546e-05,0.254
   77700,   77760,-9999,0.01005,0.03072,2.264e-23,2.832e-05,4.313e-05,0.000426,1.041e-23,3.881e-05,0.00211,0.001383,4.959e-07,0.1104,0.008531,0.02142,0.1712,3.784e-05,2.535e-05,0.254
   77760,   77820,-9999,0.01004,0.0307,2.155e-23,2.825e-05,4.304e-05,0.0004251,9.806e-24,3.863e-05,0.002107,0.001381,4.941e-07,0.1104,0.00852,0.02141,0.1712,3.776e-05,2.522e-05,0.254
   77820,   77880,-9999,0.01003,0.03067,2.033e-23,2.818e-05,4.296e-05,0.0004244,9.295e-24,3.849e-05,0.002104,0.00138,4.926e-07,0.1103,0.008509,0.0214,0.1711,3.768e-05,2.513e-05,0.254
   77880,   77940,-9999,0.01002,0.03065,1.932e-23,2.81e-05,4.288e-05,0.0004236,8.753e-24,3.826e-05,0.002101,0.001378,4.907e-07,0.1102,0.008499,0.0214,0.171,3.76e-05,2.497e-05,0.254
   77940,   78000,-9999,0.01001,0.03063,1.848e-23,2.803e-05,4.28e-05,0.0004227,8.369e-24,3.81e-05,0.002097,0.001376,4.89e-07,0.1102,0.008487,0.02138,0.1709,3.752e-05,2.486e-05,0.254
   78000,   78060,-9999,0.01,0.0306,1.731e-23,2.796e-05,4.271e-05,0.0004219,7.799e-24,3.792e-05,0.002094,0.001374,4.873e-07,0.1101,0.008476,0.02137,0.1708,3.743e-05,2.474e-05,0.254
   78060,   78120,-9999,0.009992,0.03058,1.654e-23,2.789e-05,4.263e-05,0.0004211,7.459e-24,3.774e-05,0.002091,0.001372,4.856e-07,0.11,0.008465,0.02136,0.1707,3.735e-05,2.462e-05,0.254
   78120,   78180,-9999,0.009982,0.03055,1.554e-23,2.781e-05,4.254e-05,0.0004203,6.981e-24,3.755e-05,0.002087,0.00137,4.838e-07,0.11,0.008454,0.02135,0.1706,3.727e-05,2.449e-05,0.254
