CampaignData_and_Merges/R0/CSL_MobileLab_Parked/raw/20240730/USOS-NOy-LIF_MobileLabGround_20240730_R0.ict
39,1001
Rollins, A.; Waxman, E.; Zuraski, K.; Chace, W.
NOAA Chemical Sciences Laboratory
LIF NO/NOx/NOy on CSL Mobile Lab
AMMBEC / USOS
1, 1
2024,07,30, 2025,01,04
1
Time_Start, seconds, number_of_seconds_since_0000_UTC
7
1, 1, 1, 1, 1, 1, 1
-9999, -9999, -9999, -9999, -9999, -9999, -9999
Time_Stop, seconds, number_of_seconds_since_0000_UTC
NO_LIF, pptv, Gas_NO_InSitu_S_AVMR, volume mixing ratio of nitric oxide in air
NO2_LIF, pptv, Gas_NO2_InSitu_S_AVMR, volume mixing ratio of nitrogen dioxide in air
NOy_LIF, pptv, Gas_NOy_InSitu_S_AVMR, volume mixing ratio of total oxidized nitrogen in air
NO_LIF_1SigmaAccuracy, pptv, Gas_NO_InSitu_S_AVMR, volume mixing ratio of nitric oxide in air
NO2_LIF_1SigmaAccuracy, pptv, Gas_NO2_InSitu_S_AVMR, volume mixing ratio of nitrogen dioxide in air
NOy_LIF_1SigmaAccuracy, pptv, Gas_NOy_InSitu_S_AVMR, volume mixing ratio of total oxidized nitrogen in air
0
18
PI_CONTACT_INFO: andrew.rollins@noaa.gov
PLATFORM: CSL Mobile Lab
LOCATION: Salt Lake City, UT
ASSOCIATED_DATA:
INSTRUMENT_INFO: NO detection by laser induced fluorescence. NO2 detection by photolytic conversion to NO. NOy detection by catalytic conversion to NO on gold surface
DATA_INFO:
UNCERTAINTY: Included 1 Sigma Accuracy waves represent the combined calibration uncertainties (±6%, ±9%, ±10%) and zero uncertainties (3 ppt, 20 ppt, 100 ppt) for NO, NO2, and NOy, respectively.
ULOD_FLAG: -7777
ULOD_VALUE: N/A
LLOD_FLAG: -8888
LLOD_VALUE: N/A
DM_CONTACT_INFO: andrew.rollins@noaa.gov
PROJECT_INFO: USOS Project, July - August 2024
STIPULATIONS_ON_USE: Users are strongly encouraged to contact the PI for proper data usage.
OTHER_COMMENTS:
REVISION: R0
R0: final data
Time_Start, Time_Stop, NO_LIF, NO2_LIF, NOy_LIF, NO_LIF_1SigmaAccuracy, NO2_LIF_1SigmaAccuracy, NOy_LIF_1SigmaAccuracy
[from data line 527]
   31620,   31680,51.01,4011.9,3967.1,6.0606, 381.07, 496.71
   31680,   31740,6.8672,2547.6,3496.1,3.412, 249.29, 449.61
   31740,   31800,-9999,-9999,-9999,-9999, -9999, -9999
   31800,   31860,-9999,-9999,-9999,-9999, -9999, -9999
   31860,   31920,-9999,-9999,-9999,-9999, -9999, -9999
   31920,   31980,-9999,-9999,-9999,-9999, -9999, -9999
   31980,   32040,-9999,-9999,-9999,-9999, -9999, -9999
   32040,   32100,-9999,-9999,-9999,-9999, -9999, -9999
   32100,   32160,-9999,-9999,-9999,-9999, -9999, -9999
   32160,   32220,17.218,4136.2,4554.5,4.0331, 392.26, 555.45
   32220,   32280,12.411,3800.9,4633.3,3.7447, 362.08, 563.33
   32280,   32340,19.083,3627.3,4443.3,4.145, 346.45, 544.33
   32340,   32400,30.454,3771.8,4429.9,4.8272, 359.46, 542.99
   32400,   32460,15.677,3715.2,4472.4,3.9406, 354.37, 547.24
   32460,   32520,13.282,3721.5,4457.1,3.7969, 354.93, 545.71
   32520,   32580,16.231,3778.2,4512.3,3.9739, 360.04, 551.23
   32580,   32640,12.425,3800.6,4521.1,3.7455, 362.05, 552.11
   32640,   32700,8.2964,3312.1,4374.3,3.4978, 318.09, 537.43
   32700,   32760,7.8882,2352.1,4197.4,3.4733, 231.69, 519.74
   32760,   32820,17.859,2854.2,3890.5,4.0715, 276.88, 489.05
   32820,   32880,24.581,3142.5,3984.5,4.4749, 302.83, 498.45
   32880,   32940,13.217,2472,3885.4,3.793, 242.48, 488.54
   32940,   33000,9.4416,1883.9,3110.5,3.5665, 189.55, 411.05
   33000,   33060,8.5708,1857.7,2791.3,3.5143, 187.2, 379.13
   33060,   33120,8.999,1800.8,2544,3.5399, 182.07, 354.4
   33120,   33180,9.9838,2135.8,2823.9,3.599, 212.23, 382.39
   33180,   33240,15.052,2111.8,2809.3,3.9031, 210.06, 380.93
   33240,   33300,228.64,2800.5,3177.3,16.718, 272.04, 417.73
   33300,   33360,82.153,2758.1,3210.2,7.9292, 268.23, 421.02
   33360,   33420,26.947,2470.8,3198.6,4.6168, 242.37, 419.86
   33420,   33480,21.323,1707.4,3013.8,4.2794, 173.66, 401.38
   33480,   33540,29.855,1646.1,2681.2,4.7913, 168.15, 368.12
   33540,   33600,10.835,1620.6,2580.8,3.6501, 165.86, 358.08
   33600,   33660,9.2522,1635.6,2535.6,3.5551, 167.2, 353.56
   33660,   33720,11.388,1807.1,2436.1,3.6833, 182.63, 343.61
   33720,   33780,13.519,2063.5,2639.8,3.8111, 205.71, 363.98
   33780,   33840,10.675,2189.2,2747.9,3.6405, 217.02, 374.79
   33840,   33900,44.722,2502.8,2978.1,5.6833, 245.25, 397.81
   33900,   33960,40.042,2485.2,3419.2,5.4025, 243.67, 441.92
   33960,   34020,11.84,1652,2733.9,3.7104, 168.68, 373.39
   34020,   34080,14.993,1638.9,2104.7,3.8996, 167.5, 310.47
   34080,   34140,17.814,1808.7,2627.3,4.0688, 182.78, 362.73
   34140,   34200,10.18,1688.3,2516.3,3.6108, 171.94, 351.63
   34200,   34260,11.269,1772.7,2374,3.6761, 179.54, 337.4
   34260,   34320,6.1095,1559.5,2113.4,3.3666, 160.36, 311.34
   34320,   34380,15.386,1543.6,2121,3.9232, 158.92, 312.1
   34380,   34440,17.056,1636.2,2187.6,4.0234, 167.26, 318.76
   34440,   34500,14.605,1585.9,2365.8,3.8763, 162.73, 336.58
   34500,   34560,561.24,2964.4,3046.3,36.674, 286.8, 404.63
   34560,   34620,167.85,2133.5,4035.1,13.071, 212.01, 503.51
   34620,   34680,88.755,2518.3,3365.5,8.3253, 246.65, 436.55
   34680,   34740,10.98,1792.3,2387.2,3.6588, 181.3, 338.72
   34740,   34800,12.973,2042.5,2920.6,3.7784, 203.82, 392.06
   34800,   34860,555.59,3506.6,3208.7,36.335, 335.6, 420.87
   34860,   34920,403.01,4538.1,5290.2,27.181, 428.43, 629.02
   34920,   34980,104.46,3153.9,4813.2,9.2679, 303.85, 581.32
   34980,   35040,19.889,2138.1,3968.4,4.1933, 212.43, 496.84
   35040,   35100,21.725,2103,4872.2,4.3035, 209.27, 587.22
   35100,   35160,55.008,1965.6,3448.8,6.3005, 196.91, 444.88
   35160,   35220,36.541,2061.1,3020.1,5.1925, 205.5, 402.01
   35220,   35280,10.002,1926.7,2695.3,3.6001, 193.4, 369.53
   35280,   35340,8.5956,1923.3,2558.2,3.5157, 193.1, 355.82
   35340,   35400,33.441,2289.7,2804.5,5.0065, 226.07, 380.45
   35400,   35460,21.326,2538.6,3484,4.2796, 248.48, 448.4
   35460,   35520,45.339,2629,3296.8,5.7203, 256.61, 429.68
   35520,   35580,10.289,2015,2682.9,3.6173, 201.35, 368.29
   35580,   35640,30.72,2594.9,3271.2,4.8432, 253.54, 427.12
   35640,   35700,14.011,2720.8,3272.3,3.8406, 264.87, 427.23
   35700,   35760,35.296,2687.5,3552.7,5.1177, 261.87, 455.27
   35760,   35820,43.346,3984.8,3729.8,5.6008, 378.63, 472.98
   35820,   35880,50.639,3290.9,5266.9,6.0383, 316.18, 626.69
   35880,   35940,39.792,3773.5,4624.9,5.3875, 359.61, 562.49
   35940,   36000,62.722,4849.1,4986.5,6.7633, 456.42, 598.65
   36000,   36060,33.6,3983.3,4533.1,5.016, 378.5, 553.31
   36060,   36120,14.675,3418.8,4208.6,3.8805, 327.7, 520.86
   36120,   36180,15.437,3919.3,4018.1,3.9262, 372.73, 501.81
   36180,   36240,8.3488,3071.3,4188.2,3.5009, 296.42, 518.82
   36240,   36300,8.06,3119.4,4091.9,3.4836, 300.74, 509.19
   36300,   36360,5.3888,2159.3,3181.2,3.3233, 214.34, 418.12
   36360,   36420,5.5305,2183.3,2861.5,3.3318, 216.5, 386.15
   36420,   36480,26.528,2861.2,3618.3,4.5917, 277.51, 461.83
   36480,   36540,14.957,2753.4,3942.9,3.8974, 267.8, 494.29
   36540,   36600,16.749,2615.8,3141.3,4.0049, 255.42, 414.13
   36600,   36660,29.347,2845.5,4122.2,4.7608, 276.09, 512.22
   36660,   36720,40.759,3459.8,4050.1,5.4455, 331.38, 505.01
   36720,   36780,32.331,2543.7,3591.6,4.9399, 248.94, 459.16
   36780,   36840,13.637,1980.7,2811.3,3.8182, 198.26, 381.13
   36840,   36900,15.994,1872.1,2799.9,3.9597, 188.49, 379.99
   36900,   36960,370.38,4126.6,3450.7,25.223, 391.4, 445.07
   36960,   37020,418.65,5872.3,6002.3,28.119, 548.51, 700.23
   37020,   37080,520.96,6796.5,6963.3,34.258, 631.68, 796.33
   37080,   37140,232.81,5934,7984.2,16.969, 554.06, 898.42
   37140,   37200,91.688,4649.2,6543.5,8.5013, 438.43, 754.35
   37200,   37260,46.152,4381.1,6286.1,5.7691, 414.3, 728.61
   37260,   37320,25.54,4250.8,4952.8,4.5324, 402.57, 595.28
   37320,   37380,54.74,3411.5,4284.4,6.2844, 327.04, 528.44
   37380,   37440,18.248,3124.9,4008,4.0949, 301.24, 500.8
   37440,   37500,16.75,2640.8,3933.5,4.005, 257.67, 493.35
   37500,   37560,35.936,2872.3,3950.4,5.1562, 278.51, 495.04
   37560,   37620,20.579,2906.6,3725.6,4.2347, 281.59, 472.56
   37620,   37680,19.23,2905.5,3677.3,4.1538, 281.5, 467.73
   37680,   37740,26.943,2792.3,3851.7,4.6166, 271.31, 485.17
   37740,   37800,39.758,2945,3688.7,5.3855, 285.05, 468.87
   37800,   37860,26.207,3015.1,3830.2,4.5724, 291.36, 483.02
   37860,   37920,23.581,2855.7,3619.9,4.4148, 277.01, 461.99
   37920,   37980,49.416,2743.2,3336,5.965, 266.89, 433.6
   37980,   38040,49.963,2554,3592.2,5.9978, 249.86, 459.22
   38040,   38100,84.735,3038.5,3620.3,8.0841, 293.47, 462.03
   38100,   38160,26.827,2829.7,3438.7,4.6096, 274.68, 443.87
   38160,   38220,54.088,2873.3,3837.7,6.2453, 278.59, 483.77
   38220,   38280,41.692,2937.5,3782.9,5.5015, 284.38, 478.29
   38280,   38340,11.293,2815.9,3600.3,3.6776, 273.43, 460.03
   38340,   38400,11.104,2960.7,3695.7,3.6663, 286.46, 469.57
   38400,   38460,33.03,3414.1,4109.9,4.9818, 327.27, 510.99
   38460,   38520,53.007,3540.1,4471.2,6.1804, 338.61, 547.12
   38520,   38580,73.279,4170,4300.2,7.3967, 395.3, 530.02
   38580,   38640,70.864,4207.7,4843,7.2518, 398.69, 584.3
   38640,   38700,39.957,3575.2,5238.2,5.3974, 341.77, 623.82
   38700,   38760,165.6,2523.4,4941.7,12.936, 247.11, 594.17
   38760,   38820,1752.2,5745.5,7148.8,108.13, 537.1, 814.88
   38820,   38880,414.9,4680.2,6155,27.894, 441.22, 715.5
   38880,   38940,96.984,3178.7,4360,8.8191, 306.09, 536
   38940,   39000,80.349,3982.5,4868,7.821, 378.43, 586.8
   39000,   39060,28.837,3206.5,4173.3,4.7302, 308.58, 517.33
   39060,   39120,15.919,2249.1,3298.1,3.9551, 222.42, 429.81
   39120,   39180,18.188,2297.1,2968.8,4.0913, 226.73, 396.88
   39180,   39240,6.9596,2053,2665.5,3.4176, 204.77, 366.55
   39240,   39300,14.416,2376.2,2951.4,3.865, 233.86, 395.14
   39300,   39360,20.104,2397.5,2951.8,4.2062, 235.78, 395.18
   39360,   39420,13.86,2485.5,3050.6,3.8316, 243.69, 405.06
   39420,   39480,13.211,2483.4,2960.9,3.7926, 243.51, 396.09
   39480,   39540,37.308,2690.3,3366.1,5.2385, 262.13, 436.61
   39540,   39600,23.73,2856.9,3545.8,4.4238, 277.12, 454.58
   39600,   39660,10.119,2659.4,3316.1,3.6071, 259.34, 431.61
   39660,   39720,15.834,2855.5,3515.3,3.95, 277, 451.53
   39720,   39780,-9999,-9999,-9999,-9999, -9999, -9999
   39780,   39840,-9999,-9999,-9999,-9999, -9999, -9999
   39840,   39900,-9999,-9999,-9999,-9999, -9999, -9999
   39900,   39960,-9999,-9999,-9999,-9999, -9999, -9999
   39960,   40020,-9999,-9999,-9999,-9999, -9999, -9999
   40020,   40080,-9999,-9999,-9999,-9999, -9999, -9999
   40080,   40140,-9999,-9999,-9999,-9999, -9999, -9999
   40140,   40200,30.646,3618.1,4389.8,4.8388, 345.63, 538.98
   40200,   40260,23.207,3711.9,4567.7,4.3924, 354.07, 556.77
   40260,   40320,31.263,3599.6,4577.9,4.8758, 343.96, 557.79
   40320,   40380,37.755,2800.8,3696.7,5.2653, 272.07, 469.67
   40380,   40440,23.668,3075.7,4126.2,4.4201, 296.82, 512.62
   40440,   40500,11.781,2931.2,3823.4,3.7069, 283.81, 482.34
   40500,   40560,6.607,2236.4,3360.6,3.3964, 221.28, 436.06
   40560,   40620,612.44,4084,3954.4,39.747, 387.56, 495.44
   40620,   40680,1639.8,8511.4,6734.1,101.39, 786.03, 773.41
   40680,   40740,328.23,4685.2,6673.9,22.694, 441.67, 767.39
   40740,   40800,56.339,3323.7,5267.9,6.3804, 319.13, 626.79
   40800,   40860,9.023,1858.4,4032.1,3.5414, 187.25, 503.21
   40860,   40920,22.897,2842,4818.4,4.3738, 275.78, 581.84
   40920,   40980,42.82,4043.5,5348.2,5.5692, 383.92, 634.82
   40980,   41040,81.273,4135.7,5219.9,7.8764, 392.21, 621.99
   41040,   41100,1732.6,8702.4,16949,106.96, 803.22, 1794.9
   41100,   41160,780.13,9804.1,12353,49.808, 902.36, 1335.3
   41160,   41220,200.09,6231.4,8916.2,15.005, 580.83, 991.62
   41220,   41280,84.656,4919.8,7133.9,8.0794, 462.78, 813.39
   41280,   41340,52.804,5167.6,7516.5,6.1682, 485.08, 851.65
   41340,   41400,3182.7,11933,13895,193.96, 1094, 1489.5
   41400,   41460,2952.9,15358,12946,180.18, 1402.2, 1394.6
   41460,   41520,888.13,9422.4,12875,56.288, 868.02, 1387.5
   41520,   41580,246.67,7640.3,10441,17.8, 707.63, 1144.1
   41580,   41640,94.479,6137.1,8701.1,8.6687, 572.34, 970.11
   41640,   41700,314.44,6691.5,7308.2,21.866, 622.23, 830.82
   41700,   41760,249.47,6053.9,11230,17.968, 564.85, 1223
   41760,   41820,84.609,6828.8,11263,8.0765, 634.6, 1226.3
   41820,   41880,53.829,6639.4,9966.7,6.2297, 617.55, 1096.7
   41880,   41940,98.38,6980.1,8656.4,8.9028, 648.21, 965.64
   41940,   42000,564.91,7139.8,9035.7,36.895, 662.58, 1003.6
   42000,   42060,131.82,3928.1,7287.2,10.909, 373.53, 828.72
   42060,   42120,66.277,4025.3,7855.8,6.9766, 382.28, 885.58
   42120,   42180,101.59,5831.9,7553.5,9.0956, 544.87, 855.35
   42180,   42240,78.234,6738.4,8463.5,7.6941, 626.46, 946.35
   42240,   42300,30.656,5046.1,6403.8,4.8393, 474.15, 740.38
   42300,   42360,11.673,4824.5,6854.4,3.7004, 454.2, 785.44
   42360,   42420,10.487,4602.7,6151.7,3.6292, 434.24, 715.17
   42420,   42480,26.049,5413.6,7105.9,4.5629, 507.23, 810.59
   42480,   42540,48.247,5665.7,7010.1,5.8948, 529.91, 801.01
   42540,   42600,546.72,8301.4,8314.6,35.803, 767.12, 931.46
   42600,   42660,965.22,8035,10733,60.913, 743.15, 1173.3
   42660,   42720,2412.4,7224.4,9515.4,147.74, 670.2, 1051.5
   42720,   42780,995.8,5685.6,11183,62.748, 531.7, 1218.3
   42780,   42840,113.51,4647.4,7720.1,9.8108, 438.27, 872.01
   42840,   42900,176.1,6647.4,9367.8,13.566, 618.26, 1036.8
   42900,   42960,2071,8514.4,11450,127.26, 786.29, 1245
   42960,   43020,183.72,4711.4,8297.4,14.023, 444.03, 929.74
   43020,   43080,1986.9,10112,8038.8,122.22, 930.06, 903.88
   43080,   43140,282.41,6294.5,8235.7,19.945, 586.51, 923.57
   43140,   43200,229.86,8037.3,8428.2,16.792, 743.36, 942.82
   43200,   43260,214.57,7829.3,9381,15.874, 724.63, 1038.1
   43260,   43320,105.34,6151.7,8950.9,9.3201, 573.66, 995.09
   43320,   43380,69.722,5538.2,8433.7,7.1833, 518.44, 943.37
   43380,   43440,1116.6,8675.6,6497,69.995, 800.8, 749.7
   43440,   43500,1172.5,11856,8637.5,73.351, 1087.1, 963.75
   43500,   43560,598.4,10504,10729,38.904, 965.4, 1172.9
   43560,   43620,209.12,7129.1,10393,15.547, 661.62, 1139.3
   43620,   43680,85.69,6368.3,8989,8.1414, 593.15, 998.9
   43680,   43740,72.532,7571.3,8793.2,7.3519, 701.41, 979.32
   43740,   43800,53.785,7190.6,8425.5,6.2271, 667.16, 942.55
   43800,   43860,32.109,6821,8131.8,4.9265, 633.89, 913.18
   43860,   43920,1072.2,8712,9734.3,67.331, 804.08, 1073.4
   43920,   43980,934.84,10707,13202,59.091, 983.63, 1420.2
   43980,   44040,3288.3,14592,17988,200.3, 1333.3, 1898.8
   44040,   44100,969,8431,16231,61.14, 778.79, 1723.1
   44100,   44160,188.28,5213.6,8500.3,14.297, 489.23, 950.03
   44160,   44220,436.69,9451.7,12167,29.201, 870.65, 1316.7
   44220,   44280,284.13,9878.1,11743,20.048, 909.03, 1274.3
   44280,   44340,10689,14556,12391,644.32, 1330, 1339.1
   44340,   44400,14052,19991,29270,846.15, 1819.2, 3027
   44400,   44460,5210.3,16164,20419,315.62, 1474.8, 2141.9
   44460,   44520,1645.3,11141,20873,101.72, 1022.7, 2187.3
   44520,   44580,3050.7,16748,26767,186.04, 1527.3, 2776.7
   44580,   44640,4289.9,21848,25938,260.39, 1986.3, 2693.8
   44640,   44700,1828.6,17775,22394,112.72, 1619.8, 2339.4
   44700,   44760,337.67,12508,17973,23.26, 1145.7, 1897.3
   44760,   44820,213.81,9174.9,13984,15.829, 845.74, 1498.4
   44820,   44880,195.42,9752.7,13281,14.725, 897.74, 1428.1
   44880,   44940,207.66,10302,14546,15.46, 947.21, 1554.6
   44940,   45000,172.95,8896.6,13645,13.377, 820.7, 1464.5
   45000,   45060,134.38,8775.6,12419,11.063, 809.81, 1341.9
   45060,   45120,2082.9,16593,13554,127.98, 1513.4, 1455.4
   45120,   45180,1745,16478,17435,107.7, 1503, 1843.5
   45180,   45240,775.23,12549,17309,49.514, 1149.4, 1830.9
   45240,   45300,883.78,13331,16615,56.027, 1219.8, 1761.5
   45300,   45360,530.92,11242,16595,34.855, 1031.8, 1759.5
   45360,   45420,361.95,8467.5,15613,24.717, 782.07, 1661.3
   45420,   45480,418.2,7930.9,12928,28.092, 733.78, 1392.8
   45480,   45540,316.27,7424.3,11355,21.976, 688.19, 1235.5
   45540,   45600,243.64,6656.9,8522.7,17.618, 619.12, 952.27
   45600,   45660,210.21,6930.7,9839.8,15.613, 643.76, 1084
   45660,   45720,164.1,6423.6,8695.7,12.846, 598.12, 969.57
   45720,   45780,814.89,9303.9,14237,51.894, 857.35, 1523.7
   45780,   45840,2496.3,11780,15462,152.78, 1080.2, 1646.2
   45840,   45900,1363.6,9741.9,15799,84.818, 896.77, 1679.9
   45900,   45960,3080.5,11931,15475,187.83, 1093.7, 1647.5
   45960,   46020,2547.5,13987,16488,155.85, 1278.8, 1748.8
   46020,   46080,951.48,11254,15733,60.089, 1032.9, 1673.3
   46080,   46140,695.37,10974,12113,44.722, 1007.7, 1311.3
   46140,   46200,417.48,9241,12040,28.049, 851.69, 1304
   46200,   46260,1225.7,10333,11782,76.54, 949.93, 1278.2
   46260,   46320,1859.3,11654,17254,114.56, 1068.9, 1825.4
   46320,   46380,1473,13003,17109,91.377, 1190.3, 1810.9
   46380,   46440,1699.3,11648,16551,104.96, 1068.4, 1755.1
   46440,   46500,980.39,10926,14755,61.824, 1003.4, 1575.5
   46500,   46560,1024.7,11158,14697,64.48, 1024.2, 1569.7
   46560,   46620,903.59,7626.9,11964,57.215, 706.42, 1296.4
   46620,   46680,952.6,6542.8,9520.9,60.156, 608.85, 1052.1
   46680,   46740,765.59,6031.8,7748,48.936, 562.86, 874.8
   46740,   46800,627.36,5999.4,8117.5,40.641, 559.95, 911.75
   46800,   46860,446.74,5687.1,7746.4,29.804, 531.84, 874.64
   46860,   46920,1405.3,7254.9,8370.8,87.316, 672.94, 937.08
   46920,   46980,663.31,5586.2,8421.2,42.799, 522.76, 942.12
   46980,   47040,1321.7,8221.9,8591.8,82.302, 759.97, 959.18
   47040,   47100,740.08,6906.5,8606.5,47.405, 641.59, 960.65
   47100,   47160,652.43,7624.5,8700.8,42.146, 706.21, 970.08
   47160,   47220,1099.4,10804,9578.3,68.961, 992.35, 1057.8
   47220,   47280,685.62,6720.4,9441.4,44.137, 624.84, 1044.1
   47280,   47340,680.65,6854.3,9688.1,43.839, 636.89, 1068.8
