CampaignData_and_Merges/R0/CSL_MobileLab_Parked/raw/20240730/USOS-NOAAIodideCIMS-OrgNitrs_MobileLabGround_20240730_RA.ict
37, 1001
Michael A Robinson, Chris Jernigan, Subi Thakali
NOAA ESRL Chemical Sciences Laboratory and CIRES, U. of Colorado
NOAA Iodide CIMS Instrument
USOS
1, 1
2024, 07, 30, 2024, 07, 31
1
starttime_UTC, seconds_past_midnight, seconds_of_day_since_00:00:00_UTC
5
1, 1, 1, 1, 1
-9999, -9999, -9999, -9999, -9999
C4H7NO5_NOAACIMS, pptv, Gas_C4H7NO5_InSitu_S_AVMR, 
ISOPN_NOAACIMS, pptv, Gas_ISOPN_InSitu_S_AVMR, 
C5H10O3_NOAACIMS, pptv, Gas_C5H10O3_InSitu_S_AVMR, 
C5H9NO5_NOAACIMS, pptv, Gas_C5H9NO5_InSitu_S_AVMR, 
C10H17NO4_NOAACIMS, pptv, Gas_C10H17NO4_InSitu_S_AVMR, 
0
18
PI_CONTACT_INFO: 325 Broadway, R/CSD 7, Boulder, Colorado 80305; michael.a.robinson@noaa.gov; chris.jernigan@noaa.gov;
PLATFORM: NOAA CSL Mobile Lab
LOCATION: SLC, Utah
ASSOCIATED_DATA: 1Hz data also available on request.
INSTRUMENT_INFO: NOAA I- ToF CIMS
DATA_INFO: All data in parts per trillion by volume (pptv). 1 Hz data is available upon request.
UNCERTAINTY: TBD
ULOD_FLAG: -7777
ULOD_VALUE: N/A
LLOD_FLAG: -8888
LLOD_VALUE: N/A
DM_CONTACT_INFO: Nathan Howard; nathan.h.howard@noaa.gov
PROJECT_INFO: USOS, summer 2024. https://csl.noaa.gov/groups/csl7/measurements/2024usos/
STIPULATIONS_ON_USE: Users are strongly encouraged to contact the PI for proper data usage.
OTHER_COMMENTS: 
REVISION: RA
RA: Preliminary Data; For in-field use only
starttime_UTC, C4H7NO5_NOAACIMS, ISOPN_NOAACIMS, C5H10O3_NOAACIMS, C5H9NO5_NOAACIMS, C10H17NO4_NOAACIMS
[from data line 339]
 20340,  2.010,  9.113, 24.308,  5.960,  0.701
 20400, -9999.000, -9999.000, -9999.000, -9999.000, -9999.000
 20460,  1.865,  8.923, 21.666,  6.004,  0.609
 20520,  1.955,  9.062, 21.573,  5.931,  0.655
 20580,  1.993,  9.167, 23.673,  5.901,  0.693
 20640,  1.942,  9.318, 23.799,  6.020,  0.678
 20700,  1.918,  8.855, 22.032,  6.080,  0.696
 20760,  1.974,  8.473, 23.772,  5.921,  0.638
 20820,  1.927,  8.814, 22.363,  5.948,  0.670
 20880,  1.858,  8.171, 21.601,  5.804,  0.679
 20940,  1.915,  8.469, 23.525,  5.909,  0.900
 21000,  1.838,  8.406, 22.449,  6.075,  1.022
 21060,  1.736,  7.104, 19.830,  5.792,  1.160
 21120,  1.748,  7.293, 19.315,  5.788,  1.246
 21180,  1.554,  6.676, 17.965,  5.597,  1.332
 21240,  1.539,  6.699, 16.289,  5.577,  1.361
 21300,  1.444,  6.315, 16.848,  5.248,  1.489
 21360,  1.529,  6.431, 16.118,  5.174,  1.440
 21420,  1.461,  6.030, 16.175,  4.791,  1.566
 21480,  1.471,  6.366, 16.527,  5.001,  1.564
 21540,  1.410,  6.034, 15.979,  5.126,  1.345
 21600,  1.434,  5.970, 15.604,  5.202,  1.596
 21660,  1.452,  6.106, 16.355,  4.880,  1.551
 21720,  1.446,  5.877, 15.725,  4.744,  1.521
 21780,  1.434,  6.083, 15.514,  4.683,  1.620
 21840,  1.412,  5.964, 15.587,  4.585,  1.532
 21900,  1.281,  5.407, 14.693,  4.743,  1.518
 21960,  1.344,  5.325, 14.680,  4.571,  1.537
 22020,  1.351,  5.493, 15.607,  4.469,  1.602
 22080,  1.315,  5.384, 14.910,  4.209,  1.539
 22140,  1.307,  5.395, 15.124,  4.396,  1.532
 22200,  1.327,  5.110, 16.111,  4.198,  1.641
 22260,  1.191,  4.748, 12.930,  4.361,  1.535
 22320,  1.300,  5.208, 13.731,  4.298,  1.470
 22380,  1.322,  5.190, 14.775,  4.291,  1.689
 22440,  1.273,  5.346, 15.179,  4.316,  1.545
 22500,  1.281,  5.145, 14.266,  4.484,  1.487
 22560,  1.354,  5.321, 14.218,  4.478,  1.569
 22620,  1.320,  5.433, 14.469,  4.379,  1.597
 22680,  1.299,  5.251, 14.778,  4.263,  1.498
 22740,  1.340,  5.394, 14.091,  4.206,  1.486
 22800,  1.330,  5.289, 14.750,  4.090,  1.566
 22860,  1.335,  5.242, 14.136,  4.364,  1.519
 22920,  1.337,  5.322, 14.414,  4.115,  1.422
 22980,  1.349,  5.376, 15.393,  4.009,  1.421
 23040,  1.348,  5.353, 15.271,  4.202,  1.376
 23100,  1.296,  5.208, 13.772,  4.227,  1.364
 23160,  1.275,  5.068, 14.459,  4.066,  1.326
 23220,  1.309,  4.936, 14.535,  4.165,  1.391
 23280,  1.305,  5.083, 14.541,  4.203,  1.418
 23340,  1.306,  5.197, 14.093,  4.104,  1.424
 23400,  1.353,  4.727, 14.274,  4.058,  1.356
 23460,  1.312,  4.867, 13.824,  4.009,  1.361
 23520,  1.357,  4.861, 13.447,  3.979,  1.315
 23580,  1.320,  4.825, 14.747,  4.167,  1.378
 23640,  1.285,  4.956, 14.846,  3.904,  1.327
 23700,  1.300,  4.958, 13.687,  4.031,  1.310
 23760,  1.336,  4.812, 13.719,  4.079,  1.257
 23820,  1.289,  4.913, 14.401,  4.108,  1.341
 23880,  1.290,  4.793, 13.833,  3.795,  1.264
 23940,  1.323,  4.770, 13.764,  4.009,  1.395
 24000,  1.315,  4.923, 14.389,  4.178,  1.421
 24060, -9999.000, -9999.000, -9999.000, -9999.000, -9999.000
 24120,  1.356,  4.737, 12.644,  3.668,  1.139
 24180,  1.273,  4.431, 12.589,  3.576,  1.159
 24240,  1.272,  4.676, 13.125,  3.715,  1.333
 24300,  1.296,  4.600, 12.635,  3.726,  1.315
 24360,  1.303,  4.491, 12.564,  3.834,  1.353
 24420,  1.311,  4.493, 12.911,  3.747,  1.247
 24480,  1.286,  4.384, 12.670,  3.673,  1.229
 24540,  1.282,  4.402, 12.773,  3.729,  1.312
 24600,  1.273,  4.126, 13.296,  3.770,  1.450
 24660,  1.235,  4.353, 12.627,  3.500,  1.274
 24720,  1.286,  4.367, 12.853,  3.525,  1.260
 24780,  1.247,  4.374, 13.675,  3.499,  1.280
 24840,  1.314,  4.313, 13.693,  3.592,  1.347
 24900,  1.332,  4.622, 11.914,  3.835,  1.370
 24960,  1.317,  4.181, 12.487,  3.802,  1.276
 25020,  1.331,  4.472, 13.784,  3.807,  1.318
 25080,  1.296,  4.327, 13.384,  3.663,  1.298
 25140,  1.295,  4.083, 12.447,  3.589,  1.244
 25200,  1.287,  4.378, 12.256,  3.596,  1.198
 25260,  1.280,  4.225, 13.622,  3.499,  1.223
 25320,  1.232,  4.121, 13.231,  3.415,  1.175
 25380,  1.285,  4.036, 12.452,  3.378,  1.200
 25440,  1.276,  3.990, 12.838,  3.596,  1.222
 25500,  1.249,  4.142, 13.011,  3.576,  1.189
 25560,  1.234,  4.309, 12.961,  3.616,  1.334
 25620,  1.254,  4.112, 12.358,  3.520,  1.202
 25680,  1.243,  3.946, 12.188,  3.460,  1.227
 25740,  1.265,  4.581, 12.139,  3.337,  1.115
 25800,  1.272,  3.904, 12.094,  3.449,  1.207
 25860,  1.302,  4.314, 12.540,  3.513,  1.148
 25920,  1.017,  3.700, 12.925,  3.682,  0.951
 25980,  1.293,  3.922, 11.208,  3.334,  1.147
 26040,  1.229,  3.956, 11.520,  3.231,  1.092
 26100,  1.254,  3.901, 12.247,  3.305,  1.246
 26160,  1.238,  4.049, 12.320,  3.329,  1.189
 26220,  1.213,  3.931, 11.751,  3.311,  1.293
 26280,  1.249,  4.046, 11.753,  3.360,  1.266
 26340,  1.286,  4.152, 12.618,  3.192,  1.321
 26400,  1.256,  3.889, 11.849,  3.207,  1.288
 26460,  1.264,  4.131, 11.643,  3.594,  1.260
 26520,  1.352,  4.376, 11.690,  4.013,  1.362
 26580,  1.291,  4.361, 12.195,  3.669,  1.326
 26640,  1.248,  4.069, 12.007,  3.405,  1.309
 26700,  1.288,  4.179, 11.673,  3.707,  1.361
 26760,  1.335,  4.226, 11.306,  3.725,  1.422
 26820,  1.320,  4.295, 12.543,  3.859,  1.574
 26880,  1.344,  4.250, 12.307,  3.522,  1.388
 26940,  1.355,  4.217, 12.489,  3.597,  1.337
 27000,  1.284,  3.900, 12.523,  3.510,  1.334
 27060,  1.253,  4.257, 12.727,  3.529,  1.406
 27120,  1.269,  4.104, 13.086,  3.447,  1.379
 27180,  1.300,  3.947, 12.093,  3.282,  1.307
 27240,  1.238,  3.955, 11.820,  3.174,  1.225
 27300,  1.315,  4.123, 12.703,  3.410,  1.175
 27360,  1.228,  3.772, 12.394,  3.221,  1.052
 27420,  1.297,  3.951, 13.388,  3.418,  1.102
 27480,  1.319,  4.000, 12.555,  3.378,  1.094
 27540,  1.285,  4.196, 12.273,  3.355,  1.001
 27600,  1.327,  3.933, 12.732,  3.547,  0.921
 27660,  1.283,  4.400, 13.625,  3.538,  1.035
 27720,  1.226,  4.336, 13.230,  3.386,  1.017
 27780, -9999.000, -9999.000, -9999.000, -9999.000, -9999.000
 27840,  1.246,  3.939, 11.727,  3.208,  0.830
 27900,  1.279,  4.183, 12.763,  3.352,  0.956
 27960,  1.300,  4.133, 13.148,  3.371,  0.915
 28020,  1.250,  3.979, 12.734,  3.226,  0.920
 28080,  1.257,  3.864, 12.443,  3.386,  0.885
 28140,  1.272,  4.063, 13.366,  3.455,  0.886
 28200,  1.244,  4.019, 13.407,  3.199,  0.923
 28260,  1.251,  3.859, 12.898,  3.195,  0.880
 28320,  1.210,  4.084, 11.958,  3.246,  0.979
 28380,  1.242,  3.895, 12.770,  3.114,  0.869
 28440,  1.255,  3.732, 13.646,  3.176,  0.911
 28500,  1.154,  3.704, 12.852,  2.964,  0.845
 28560,  1.182,  3.614, 12.142,  3.106,  0.779
 28620,  1.153,  3.799, 12.955,  2.987,  0.783
 28680,  1.175,  3.857, 13.151,  2.983,  0.836
 28740,  1.176,  3.792, 12.857,  3.051,  0.868
 28800,  1.191,  3.604, 12.770,  3.095,  0.776
 28860,  1.229,  3.902, 13.640,  3.091,  0.815
 28920,  1.213,  3.774, 14.032,  2.877,  0.896
 28980,  1.200,  3.600, 12.720,  2.849,  0.812
 29040,  1.146,  3.737, 13.037,  2.785,  0.820
 29100,  1.144,  3.465, 13.093,  2.693,  0.725
 29160,  1.162,  3.416, 12.774,  2.794,  0.859
 29220,  1.186,  3.639, 13.082,  2.804,  0.879
 29280,  1.137,  3.366, 12.811,  2.702,  0.814
 29340,  1.124,  3.189, 12.451,  2.820,  0.825
 29400,  1.167,  3.462, 13.075,  2.793,  0.802
 29460,  1.117,  3.561, 13.186,  2.735,  0.776
 29520,  1.127,  3.566, 12.805,  2.786,  0.854
 29580,  1.074,  3.248, 12.330,  2.801,  0.778
 29640,  1.003,  4.496, 10.873,  2.779,  0.508
 29700,  1.095,  3.175, 11.868,  2.536,  0.748
 29760,  1.015,  3.361, 12.324,  2.652,  0.767
 29820,  1.059,  3.164, 12.019,  2.480,  0.699
 29880,  1.022,  3.051, 11.617,  2.528,  0.688
 29940,  1.051,  3.213, 13.001,  2.576,  0.628
 30000,  1.038,  3.344, 13.014,  2.466,  0.758
 30060,  1.036,  3.008, 12.858,  2.480,  0.928
 30120,  1.019,  3.001, 11.540,  2.388,  0.706
 30180,  1.045,  2.958, 12.484,  2.384,  0.679
 30240,  1.002,  2.911, 12.610,  2.335,  0.774
 30300,  0.994,  2.988, 12.368,  2.302,  0.777
 30360,  0.964,  2.733, 11.387,  2.192,  0.693
 30420,  0.958,  2.796, 13.173,  2.292,  0.750
 30480,  0.946,  2.967, 13.358,  2.294,  0.703
 30540,  0.951,  2.659, 12.951,  2.313,  0.720
 30600,  0.926,  2.773, 12.276,  2.219,  0.756
 30660,  0.964,  2.582, 13.155,  2.342,  0.701
 30720,  0.955,  2.596, 13.876,  2.332,  0.830
 30780,  0.946,  2.756, 12.788,  2.134,  0.758
 30840,  0.938,  2.864, 12.766,  2.136,  0.800
 30900,  0.945,  2.661, 12.910,  2.166,  0.749
 30960,  0.937,  2.624, 13.137,  2.220,  0.715
 31020,  0.939,  2.494, 13.047,  2.178,  0.754
 31080,  0.898,  2.520, 12.746,  2.173,  0.823
 31140,  0.894,  2.706, 13.046,  2.118,  0.783
 31200,  0.937,  2.582, 12.746,  2.106,  0.710
 31260,  0.906,  2.569, 12.502,  2.077,  0.727
 31320,  0.891,  2.586, 11.649,  1.887,  0.742
 31380,  0.906,  2.560, 11.778,  2.002,  0.733
 31440,  0.871,  2.583, 11.997,  2.043,  0.642
 31500,  0.948,  1.488, 10.473,  1.927,  0.668
 31560,  0.836,  2.276,  9.662,  1.737,  0.496
 31620,  0.889,  2.265,  9.832,  1.990,  0.576
 31680,  0.878,  2.429, 10.666,  2.078,  0.678
 31740,  0.910,  2.505, 10.838,  1.969,  0.695
 31800,  0.885,  2.264, 10.490,  2.003,  0.765
 31860,  0.923,  2.422, 10.931,  1.945,  0.884
 31920,  0.900,  2.377, 10.562,  1.937,  0.791
 31980,  0.910,  2.472, 11.238,  2.044,  0.814
 32040,  0.936,  2.396, 10.990,  2.075,  0.891
 32100,  0.885,  2.389, 10.389,  2.072,  0.779
 32160,  0.851,  2.199, 10.147,  1.901,  0.671
 32220,  0.907,  2.210, 10.674,  1.962,  0.930
 32280,  0.882,  2.344, 10.495,  1.932,  0.858
 32340,  0.930,  2.230,  9.922,  1.816,  0.760
 32400,  0.881,  2.293,  9.634,  1.970,  0.844
 32460,  0.925,  2.386, 10.810,  1.902,  0.918
 32520,  0.924,  2.233, 10.198,  1.865,  0.862
 32580,  0.875,  2.216, 10.111,  1.816,  0.916
 32640,  0.921,  2.145, 10.312,  1.882,  0.979
 32700,  0.912,  2.316, 11.221,  2.008,  0.977
 32760,  0.881,  2.217, 10.689,  1.896,  0.941
 32820,  0.863,  2.219,  9.831,  1.802,  0.927
 32880,  0.862,  2.106, 10.070,  1.799,  0.915
 32940,  0.829,  2.013, 11.449,  1.741,  0.924
 33000,  0.853,  2.024, 11.106,  1.761,  0.800
 33060,  0.849,  1.987, 10.818,  1.778,  0.675
 33120,  0.882,  2.166, 10.095,  1.772,  0.846
 33180,  0.848,  2.096, 11.019,  1.703,  0.898
 33240,  0.850,  1.991, 10.758,  1.784,  0.833
 33300,  0.855,  1.714,  9.613,  1.932,  0.841
 33360,  0.822,  1.624,  9.604,  1.580,  0.756
 33420,  0.810,  1.945, 11.068,  1.623,  0.683
 33480,  0.805,  2.019, 11.329,  1.609,  0.699
 33540,  0.810,  1.909, 11.626,  1.489,  0.645
 33600,  0.796,  1.843, 11.134,  1.613,  0.752
 33660,  0.811,  1.961, 11.854,  1.645,  0.793
 33720,  0.822,  1.877, 11.528,  1.507,  0.786
 33780,  0.817,  1.855, 10.880,  1.652,  0.635
 33840,  0.784,  1.884, 10.788,  1.560,  0.667
 33900,  0.796,  1.781, 11.376,  1.522,  0.565
 33960,  0.791,  1.850, 11.944,  1.622,  0.641
 34020,  0.793,  1.680, 11.367,  1.477,  0.548
 34080,  0.781,  1.674, 11.083,  1.498,  0.525
 34140,  0.811,  1.808, 12.311,  1.545,  0.712
 34200,  0.783,  1.709, 11.756,  1.591,  0.571
 34260,  0.744,  1.747, 11.185,  1.592,  0.616
 34320,  0.757,  1.713, 12.053,  1.547,  0.621
 34380,  0.780,  1.688, 12.700,  1.461,  0.655
 34440,  0.791,  1.713, 12.637,  1.554,  0.604
 34500,  0.795,  1.646, 11.946,  1.571,  0.549
 34560,  0.739,  1.517, 11.196,  1.525,  0.575
 34620,  0.753,  1.683, 12.098,  1.539,  0.536
 34680,  0.786,  1.771, 12.200,  1.556,  0.552
 34740,  0.759,  1.579, 11.362,  1.733,  0.558
 34800,  0.739,  1.545, 10.239,  1.507,  0.531
 34860,  0.756,  1.714, 11.172,  1.516,  0.456
 34920,  0.736,  1.818, 11.323,  1.643,  0.522
 34980,  0.736,  1.550, 10.912,  1.527,  0.535
 35040,  0.753,  1.586, 10.248,  1.672,  0.562
 35100,  0.794,  1.623, 10.995,  1.621,  0.544
 35160, -9999.000, -9999.000, -9999.000, -9999.000, -9999.000
 35220,  0.712,  1.309,  8.790,  1.393,  0.520
 35280,  0.714,  1.624, 10.114,  1.463,  0.521
 35340,  0.722,  1.571,  9.719,  1.513,  0.432
 35400,  0.756,  1.549, 10.816,  1.489,  0.547
 35460,  0.748,  1.747, 11.075,  1.636,  0.497
 35520,  0.744,  1.861, 11.695,  1.553,  0.556
 35580,  0.704,  1.647, 10.344,  1.516,  0.566
 35640,  0.740,  1.625, 10.095,  1.560,  0.582
 35700,  0.723,  1.670, 10.237,  1.556,  0.558
 35760,  0.698,  1.675, 10.174,  1.537,  0.569
 35820,  0.729,  1.482, 11.055,  1.551,  0.498
 35880,  0.708,  1.609, 10.727,  1.502,  0.500
 35940,  0.735,  1.765, 11.059,  1.478,  0.525
 36000,  0.703,  1.689, 10.802,  1.530,  0.660
 36060,  0.721,  1.685,  9.767,  1.460,  0.589
 36120,  0.675,  1.502, 10.040,  1.398,  0.638
 36180,  0.733,  1.650, 10.675,  1.395,  0.649
 36240,  0.697,  1.741, 10.693,  1.503,  0.660
 36300,  0.705,  1.560, 10.632,  1.430,  0.673
 36360,  0.711,  1.487, 10.478,  1.371,  0.587
 36420,  0.690,  1.477, 10.943,  1.487,  0.731
 36480,  0.745,  1.723, 11.255,  1.492,  0.688
 36540,  0.695,  1.453, 10.636,  1.451,  0.690
 36600,  0.690,  1.455,  9.986,  1.340,  0.586
 36660,  0.659,  1.663, 10.332,  1.379,  0.665
 36720,  0.691,  1.700, 10.527,  1.384,  0.654
 36780,  0.675,  1.514,  9.876,  1.427,  0.634
 36840,  0.657,  1.461, 10.153,  1.330,  0.719
 36900,  0.692,  1.665, 10.925,  1.290,  0.671
 36960,  0.676,  1.408, 10.732,  1.247,  0.662
 37020, -9999.000, -9999.000, -9999.000, -9999.000, -9999.000
 37080,  0.664,  1.677,  9.446,  1.241,  0.671
 37140,  0.658,  1.667, 10.380,  1.311,  0.612
 37200,  0.652,  1.731, 10.170,  1.319,  0.633
 37260,  0.659,  1.779,  9.366,  1.334,  0.699
 37320,  0.622,  1.605,  9.647,  1.338,  0.590
 37380,  0.674,  1.833, 10.152,  1.391,  0.683
 37440,  0.698,  1.815, 10.714,  1.422,  0.648
 37500,  0.631,  1.649,  9.833,  1.316,  0.669
 37560,  0.661,  1.598,  9.870,  1.192,  0.544
 37620,  0.660,  1.581,  9.920,  1.301,  0.587
 37680,  0.671,  1.760, 10.725,  1.277,  0.668
 37740,  0.656,  1.539,  9.796,  1.324,  0.570
 37800,  0.661,  1.533,  8.943,  1.252,  0.590
 37860,  0.629,  1.481,  9.922,  1.251,  0.620
 37920,  0.652,  1.755, 10.026,  1.293,  0.611
 37980,  0.639,  1.471,  9.682,  1.206,  0.597
 38040,  0.643,  1.580,  9.469,  1.274,  0.593
 38100,  0.658,  1.709,  9.650,  1.278,  0.657
 38160,  0.647,  1.563,  9.643,  1.244,  0.647
 38220,  0.672,  1.723,  9.068,  1.314,  0.562
 38280,  0.663,  1.645,  9.667,  1.365,  0.611
 38340,  0.672,  1.589, 10.210,  1.402,  0.604
 38400,  0.699,  1.696,  9.837,  1.320,  0.665
 38460,  0.662,  1.525,  9.259,  1.233,  0.649
 38520,  0.698,  1.823,  9.506,  1.218,  0.724
 38580,  0.715,  1.776, 10.576,  1.364,  0.714
 38640,  0.699,  1.610, 10.828,  1.301,  0.745
 38700,  0.701,  1.745, 10.530,  1.286,  0.605
 38760,  0.675,  1.616,  9.791,  1.240,  0.599
 38820,  0.689,  1.500, 10.394,  1.299,  0.739
 38880, -9999.000, -9999.000, -9999.000, -9999.000, -9999.000
 38940,  0.636,  1.730,  8.971,  1.299,  0.540
 39000,  0.643,  1.845,  9.966,  1.206,  0.542
 39060,  0.698,  1.818, 10.971,  1.328,  0.663
 39120,  0.724,  1.748, 10.856,  1.319,  0.681
 39180,  0.696,  1.669, 10.805,  1.340,  0.613
 39240,  0.693,  1.714, 10.523,  1.313,  0.684
 39300,  0.666,  1.778, 11.017,  1.350,  0.675
 39360,  0.678,  1.644, 11.087,  1.354,  0.621
 39420,  0.690,  1.728, 10.534,  1.305,  0.674
 39480,  0.640,  1.719, 10.681,  1.228,  0.605
 39540,  0.691,  1.742, 10.821,  1.276,  0.636
 39600,  0.724,  1.792, 11.106,  1.391,  0.648
 39660,  0.707,  1.698, 10.850,  1.353,  0.647
 39720,  0.711,  1.599,  9.802,  1.276,  0.605
 39780,  0.693,  1.832, 10.751,  1.413,  0.739
 39840,  0.674,  1.720, 11.019,  1.399,  0.633
 39900,  0.705,  1.773, 10.477,  1.356,  0.667
 39960,  0.688,  1.609,  9.888,  1.366,  0.682
 40020,  0.731,  1.815, 10.855,  1.356,  0.744
 40080,  0.772,  1.723, 10.814,  1.384,  0.709
 40140,  0.718,  1.692, 10.690,  1.275,  0.671
 40200,  0.685,  1.556, 10.531,  1.318,  0.630
 40260,  0.646,  1.727, 10.312,  1.327,  0.683
 40320,  0.661,  1.630, 10.465,  1.349,  0.719
 40380,  0.660,  1.612,  9.370,  1.326,  0.666
 40440,  0.686,  1.686,  9.628,  1.335,  0.722
 40500,  0.705,  1.917, 11.125,  1.301,  0.812
