CampaignData_and_Merges/R0/CSL_MobileLab_Parked/raw/20240730/USOS-MetNav_MobileLabGround_20240730_R0.ict
44, 1001
Carrie Womack, Nate Howard, Mike Zucker
NOAA Chemical Sciences Laboratory
Mobile Lab MetNav Station
USOS
1, 1
2024, 07, 30, 2024, 12, 21
60
Time_Start, seconds_past_midnight, Seconds from midnight UTC
11
1, 1, 1, 1, 1, 1, 1, 1, 1, 1, 1
-9999, -9999, -9999, -9999, -9999, -9999, -9999, -9999, -9999, -9999, -9999
GPS_Alt_m, meters, Altitude from Differential GPS
GPS_Course_deg, degrees, Course from Differential GPS
GPS_GndSpd_m_s, m/s, Ground Speed from Differential GPS
GPS_Heading_deg, degrees, Heading from Differential GPS
GPS_Lat_deg, degrees, Latitude from Differential GPS
GPS_Lon_deg, degrees, Longitude from Differential GPS
AirTemp_C, Celsius, Air Temperature from Airmar
RelHumidity_pct, percent, Relative Humidity from Airmar
Pressure_mb, millibars, Pressure from Honeywell
WindDir_calc_deg, degrees, Wind Direction from Airmar corrected for van movement
WindSpd_calc_m_s, m/s, Wind Speed from Airmar corrected for van movement
1
SPECIAL COMMENTS:
18
PI_CONTACT_INFO: Address: 325 Broadway R/CSL7, Boulder, CO, 80305
PLATFORM: CSL Mobile Lab
LOCATION: Salt Lake City, UT
ASSOCIATED_DATA: N/A
INSTRUMENT_INFO: N/A
DATA_INFO: Units:
UNCERTAINTY: N/A
ULOD_FLAG: -7777
ULOD_VALUE: N/A
LLOD_FLAG: -8888
LLOD_VALUE: N/A
DM_CONTACT_INFO: Data Manager: Nate Howard
PROJECT_INFO: 
STIPULATIONS_ON_USE: Use of these data require prior ok from PI.
OTHER_COMMENTS: 
REVISION: R0
R0: Final data. Fixed bug in wind averaging code. RA: Preliminary Data. For in-field use only. 
Time_Start, GPS_Alt_m, GPS_Course_deg, GPS_GndSpd_m_s, GPS_Heading_deg, GPS_Lat_deg, GPS_Lon_deg, AirTemp_C, RelHumidity_pct, Pressure_mb, WindDir_calc_deg, WindSpd_calc_m_s
0.0,1308.4,2.71,0.04,2.71,40.73433,-111.87210,35.1,8.5,872.7,139.27,4.2
60.0,1308.4,3.13,0.04,3.13,40.73433,-111.87210,35.1,8.6,872.7,149.25,3.2
120.0,1308.5,3.19,0.04,3.19,40.73433,-111.87210,35.1,9.2,872.7,138.48,3.0
180.0,1308.6,3.35,0.04,3.35,40.73433,-111.87210,34.9,8.8,872.7,137.73,3.9
240.0,1308.7,3.13,0.04,3.13,40.73433,-111.87210,34.9,8.5,872.7,157.54,3.9
300.0,1308.7,2.84,0.04,2.84,40.73433,-111.87210,34.9,8.3,872.7,161.05,3.1
360.0,1308.6,2.61,0.05,2.61,40.73434,-111.87210,35.0,9.0,872.6,151.25,2.0
420.0,1308.6,2.70,0.04,2.70,40.73434,-111.87210,35.1,8.7,872.6,171.82,2.3
480.0,1308.7,2.76,0.05,2.76,40.73434,-111.87210,35.3,8.6,872.6,168.81,2.1
540.0,1308.6,2.85,0.05,2.85,40.73433,-111.87210,35.2,8.5,872.6,155.81,4.1
600.0,1308.6,2.44,0.05,2.44,40.73433,-111.87210,35.1,7.9,872.6,162.48,4.0
660.0,1308.7,2.13,0.05,2.13,40.73433,-111.87210,35.2,7.8,872.6,176.51,3.4
720.0,1308.7,2.38,0.06,2.38,40.73433,-111.87210,35.1,8.1,872.6,155.26,3.1
780.0,1308.7,2.56,0.05,2.56,40.73433,-111.87210,35.2,8.4,872.6,157.95,2.5
840.0,1308.6,2.84,0.05,2.84,40.73433,-111.87210,35.2,8.9,872.6,153.04,2.7
900.0,1308.5,2.51,0.05,2.51,40.73433,-111.87210,35.3,8.7,872.6,155.21,1.9
960.0,1308.4,2.76,0.05,2.76,40.73433,-111.87210,35.5,8.6,872.6,163.76,2.0
1020.0,1308.4,2.76,0.05,2.76,40.73434,-111.87210,35.6,7.9,872.6,176.37,1.6
1080.0,1308.2,2.59,0.05,2.59,40.73434,-111.87210,35.7,8.0,872.6,160.07,1.2
1140.0,1308.1,2.51,0.05,2.51,40.73434,-111.87210,35.8,8.0,872.6,165.16,1.6
1200.0,1307.9,2.25,0.05,2.25,40.73434,-111.87210,35.6,8.7,872.7,131.72,3.0
1260.0,1307.8,2.34,0.05,2.34,40.73434,-111.87210,35.3,8.1,872.7,148.92,4.3
1320.0,1307.8,1.94,0.05,1.94,40.73434,-111.87210,35.5,8.3,872.6,167.67,1.9
1380.0,1307.7,1.89,0.04,1.89,40.73434,-111.87210,35.7,8.0,872.4,174.46,2.0
1440.0,1307.5,2.29,0.05,2.29,40.73434,-111.87210,35.8,8.5,872.4,146.60,1.0
1500.0,1307.1,2.49,0.05,2.49,40.73434,-111.87210,35.9,8.3,872.5,173.79,1.7
1560.0,1307.1,2.50,0.05,2.50,40.73434,-111.87210,35.9,8.1,872.5,196.33,1.5
1620.0,1307.1,2.89,0.04,2.89,40.73434,-111.87210,36.0,8.3,872.6,182.64,1.6
1680.0,1307.1,2.52,0.05,2.52,40.73434,-111.87210,35.9,7.8,872.8,171.91,3.0
1740.0,1307.4,2.25,0.05,2.25,40.73434,-111.87210,35.9,8.4,872.8,162.76,1.7
1800.0,1307.6,2.22,0.05,2.22,40.73434,-111.87210,36.0,9.9,872.9,204.72,0.7
1860.0,1307.7,2.51,0.04,2.51,40.73434,-111.87210,36.1,10.0,872.9,183.09,1.6
1920.0,1307.9,2.85,0.05,2.85,40.73434,-111.87210,36.0,9.7,873.0,197.06,2.6
1980.0,1307.9,2.94,0.05,2.94,40.73434,-111.87210,35.9,10.2,873.1,217.31,0.7
2040.0,1308.0,2.90,0.05,2.90,40.73434,-111.87210,35.8,10.7,873.1,310.31,0.4
2100.0,1308.1,3.41,0.05,3.41,40.73434,-111.87210,35.7,10.7,873.1,279.19,0.2
2160.0,1308.4,3.20,0.05,3.20,40.73434,-111.87210,35.9,10.6,873.1,198.86,0.4
2220.0,1308.4,3.17,0.04,3.17,40.73434,-111.87210,36.0,10.7,873.0,246.77,0.3
2280.0,1308.4,3.42,0.05,3.42,40.73434,-111.87210,35.9,11.7,873.0,91.45,0.5
2340.0,1308.3,3.31,0.05,3.31,40.73434,-111.87210,35.9,12.5,873.0,114.55,1.2
2400.0,1308.4,3.19,0.05,3.19,40.73434,-111.87210,35.7,12.2,873.0,130.69,1.9
2460.0,1308.6,3.50,0.06,3.50,40.73434,-111.87210,35.7,12.4,873.1,103.42,0.8
2520.0,1308.5,3.39,0.05,3.39,40.73434,-111.87210,35.5,11.8,873.0,97.99,0.8
2580.0,1308.7,3.21,0.05,3.21,40.73434,-111.87210,35.4,11.9,872.7,114.08,1.1
2640.0,1308.9,3.15,0.06,3.15,40.73434,-111.87210,35.2,11.4,872.5,101.03,0.8
2700.0,1308.8,3.21,0.05,3.21,40.73434,-111.87211,35.1,11.8,872.5,102.65,0.7
2760.0,1308.9,2.73,0.05,2.73,40.73434,-111.87211,35.1,12.0,872.5,113.96,1.1
2820.0,1309.0,2.81,0.05,2.81,40.73434,-111.87211,35.0,12.5,872.5,114.67,1.2
2880.0,1309.2,2.16,0.06,2.16,40.73434,-111.87211,35.0,12.9,872.5,115.71,1.3
2940.0,1309.3,2.44,0.05,2.44,40.73434,-111.87211,34.9,12.2,872.5,95.22,0.9
3000.0,1309.4,2.73,0.05,2.73,40.73433,-111.87211,34.8,11.9,872.5,91.97,0.7
3060.0,1309.4,2.65,0.05,2.65,40.73433,-111.87211,34.7,11.7,872.5,83.88,0.8
3120.0,1309.3,2.08,0.05,2.08,40.73434,-111.87211,34.9,11.7,872.4,120.90,0.5
3180.0,1309.3,2.06,0.04,2.06,40.73434,-111.87211,34.8,12.4,872.4,88.11,0.7
3240.0,1309.3,1.65,0.05,1.65,40.73434,-111.87211,34.9,12.4,872.4,103.46,0.8
3300.0,1309.4,1.66,0.05,1.66,40.73433,-111.87211,34.8,12.1,872.4,90.77,1.0
3360.0,1309.5,1.65,0.06,1.65,40.73433,-111.87211,34.9,12.3,872.4,102.51,0.8
3420.0,1309.6,1.34,0.05,1.34,40.73433,-111.87211,34.8,12.3,872.4,83.19,0.4
3480.0,1309.6,1.17,0.05,1.17,40.73433,-111.87211,34.8,11.9,872.5,62.93,0.4
3540.0,1309.5,1.66,0.04,1.66,40.73433,-111.87211,34.7,12.1,872.9,77.68,0.6
3600.0,1309.4,1.64,0.05,1.64,40.73433,-111.87211,34.7,12.2,872.8,89.01,0.6
3660.0,1309.4,1.85,0.04,1.85,40.73433,-111.87211,34.7,12.2,872.8,78.43,0.5
3720.0,1309.5,1.61,0.05,1.61,40.73433,-111.87211,34.7,11.7,873.0,83.54,0.5
3780.0,1309.4,1.84,0.05,1.84,40.73433,-111.87211,34.6,11.6,872.9,67.20,0.3
3840.0,1309.4,1.84,0.05,1.84,40.73433,-111.87211,34.6,11.8,871.9,70.13,0.6
3900.0,1309.3,1.39,0.05,1.39,40.73433,-111.87211,34.6,11.7,872.6,89.36,0.5
3960.0,1309.2,1.36,0.06,1.36,40.73433,-111.87211,34.6,11.9,871.8,89.91,0.7
4020.0,1309.1,1.65,0.05,1.65,40.73433,-111.87211,34.5,11.6,871.8,81.73,0.6
4080.0,1309.2,1.83,0.05,1.83,40.73433,-111.87211,34.5,11.4,871.8,102.34,0.4
4140.0,1309.2,1.58,0.05,1.58,40.73433,-111.87211,34.5,11.6,871.7,83.76,0.5
4200.0,1309.0,2.16,0.05,2.16,40.73433,-111.87211,34.6,11.6,871.7,92.71,0.6
4260.0,1308.9,2.22,0.05,2.22,40.73433,-111.87211,34.5,11.5,871.7,91.90,0.7
4320.0,1308.4,2.19,0.05,2.19,40.73434,-111.87211,34.5,11.5,871.7,97.86,0.3
4380.0,1308.2,2.15,0.05,2.15,40.73434,-111.87211,34.5,11.7,871.7,81.99,0.7
4440.0,1308.5,1.95,0.05,1.95,40.73434,-111.87211,34.3,11.6,871.7,74.52,0.6
4500.0,1308.7,2.40,0.05,2.40,40.73434,-111.87211,34.4,11.6,871.7,109.96,0.6
4560.0,1308.6,2.55,0.05,2.55,40.73434,-111.87211,34.4,11.4,871.6,113.10,0.3
4620.0,1308.7,3.00,0.05,3.00,40.73434,-111.87211,34.3,11.7,871.6,98.51,0.7
4680.0,1308.7,2.95,0.05,2.95,40.73434,-111.87211,34.4,11.5,872.0,118.83,0.7
4740.0,1309.1,2.36,0.05,2.36,40.73433,-111.87211,34.4,11.9,872.2,99.38,0.6
4800.0,1309.4,1.98,0.05,1.98,40.73433,-111.87211,34.5,12.2,872.2,113.39,1.0
4860.0,1309.0,2.12,0.05,2.12,40.73433,-111.87211,34.5,11.8,872.2,124.70,0.7
4920.0,1309.2,2.33,0.05,2.33,40.73433,-111.87211,34.5,11.8,872.2,77.11,0.7
4980.0,1309.3,2.33,0.05,2.33,40.73433,-111.87211,34.4,12.2,872.1,104.02,1.0
5040.0,1309.7,2.63,0.05,2.63,40.73433,-111.87211,34.4,12.0,872.2,93.87,0.5
5100.0,1309.5,2.32,0.05,2.32,40.73433,-111.87211,34.4,11.5,872.1,93.26,0.4
5160.0,1309.4,2.19,0.05,2.19,40.73433,-111.87211,34.4,11.5,872.1,80.68,0.6
5220.0,1309.6,2.18,0.05,2.18,40.73433,-111.87211,34.4,11.3,872.1,132.20,0.4
5280.0,1309.7,2.35,0.05,2.35,40.73433,-111.87211,34.5,11.2,872.1,106.12,0.5
5340.0,1309.6,2.23,0.05,2.23,40.73433,-111.87211,34.5,10.8,872.4,147.39,0.7
5400.0,1309.5,2.05,0.05,2.05,40.73433,-111.87211,34.7,10.5,872.3,163.80,0.5
5460.0,1309.4,1.80,0.05,1.80,40.73433,-111.87211,34.7,10.7,872.2,115.21,0.8
5520.0,1309.5,2.03,0.05,2.03,40.73433,-111.87211,34.6,11.3,872.2,102.29,0.5
5580.0,1309.3,1.94,0.06,1.94,40.73433,-111.87211,34.5,11.5,872.2,115.88,0.7
5640.0,1309.4,2.26,0.05,2.26,40.73433,-111.87211,34.4,11.5,872.2,92.16,0.4
5700.0,1309.4,1.96,0.06,1.96,40.73433,-111.87211,34.4,11.3,872.3,112.44,0.7
5760.0,1309.5,2.62,0.05,2.62,40.73433,-111.87211,34.3,11.1,872.7,44.97,0.2
5820.0,1309.4,3.05,0.04,3.05,40.73433,-111.87211,34.1,11.0,872.9,57.69,0.5
5880.0,1309.4,2.89,0.05,2.89,40.73433,-111.87211,34.0,11.3,873.1,65.07,0.6
5940.0,1309.6,2.70,0.06,2.70,40.73433,-111.87211,33.9,11.1,873.5,46.42,0.4
6000.0,1309.6,3.00,0.05,3.00,40.73433,-111.87211,33.8,11.1,872.2,32.00,0.1
6060.0,1309.7,2.99,0.05,2.99,40.73433,-111.87211,33.8,11.5,872.4,87.07,0.4
6120.0,1309.8,3.58,0.06,3.58,40.73433,-111.87211,33.8,11.7,872.9,118.90,0.3
6180.0,1309.7,3.88,0.06,3.88,40.73433,-111.87210,33.8,12.0,873.6,111.94,0.4
6240.0,1309.5,3.53,0.05,3.53,40.73433,-111.87210,33.8,11.9,873.6,75.67,0.4
6300.0,1309.5,3.58,0.04,3.58,40.73433,-111.87210,33.6,11.9,873.6,46.24,0.3
6360.0,1309.3,3.51,0.05,3.51,40.73434,-111.87210,33.6,12.0,873.5,104.33,0.4
6420.0,1309.2,3.06,0.06,3.06,40.73434,-111.87210,33.5,11.8,873.5,73.51,0.1
6480.0,1309.2,2.59,0.05,2.59,40.73434,-111.87210,33.4,11.9,873.0,86.40,0.3
6540.0,1309.0,2.38,0.06,2.38,40.73434,-111.87210,33.4,12.1,873.3,109.26,0.6
6600.0,1308.9,2.46,0.06,2.46,40.73434,-111.87210,33.2,11.8,872.8,86.19,0.5
6660.0,1308.8,2.45,0.05,2.45,40.73434,-111.87210,33.1,12.0,872.4,106.84,0.5
6720.0,1308.7,2.74,0.06,2.74,40.73434,-111.87210,33.0,11.9,872.1,102.51,0.4
6780.0,1308.5,2.82,0.05,2.82,40.73433,-111.87210,32.9,11.8,872.4,80.25,0.6
6840.0,1308.4,2.77,0.05,2.77,40.73433,-111.87210,32.7,11.9,872.5,77.77,0.4
6900.0,1308.4,2.92,0.05,2.92,40.73433,-111.87210,32.6,12.0,873.1,72.57,0.5
6960.0,1308.5,3.12,0.06,3.12,40.73433,-111.87210,32.5,12.3,873.4,93.79,0.5
7020.0,1308.5,3.24,0.05,3.24,40.73433,-111.87210,32.4,12.3,873.4,76.54,0.5
7080.0,1308.4,3.01,0.06,3.01,40.73433,-111.87210,32.3,12.7,873.4,91.33,0.6
7140.0,1308.2,3.08,0.06,3.08,40.73433,-111.87210,32.2,12.8,872.8,78.42,0.5
7200.0,1308.1,3.58,0.05,3.58,40.73433,-111.87210,32.1,12.8,871.9,79.11,0.5
7260.0,1308.1,3.26,0.05,3.26,40.73433,-111.87210,32.0,12.9,872.0,64.13,0.3
7320.0,1308.0,2.79,0.06,2.79,40.73433,-111.87211,31.9,12.8,871.7,63.08,0.4
7380.0,1308.0,2.79,0.05,2.79,40.73433,-111.87210,31.8,12.8,872.0,82.59,0.6
7440.0,1308.0,3.13,0.06,3.13,40.73433,-111.87210,31.7,13.2,871.9,101.74,0.4
7500.0,1307.9,2.72,0.06,2.72,40.73433,-111.87211,31.7,13.3,871.5,88.13,0.4
7560.0,1307.9,2.13,0.05,2.13,40.73433,-111.87211,31.7,13.2,871.5,102.12,0.4
7620.0,1307.9,2.10,0.05,2.10,40.73433,-111.87211,31.7,13.2,871.5,118.46,0.4
7680.0,1308.1,2.20,0.06,2.20,40.73433,-111.87211,31.8,13.1,871.5,134.88,0.5
7740.0,1308.2,1.57,0.05,1.57,40.73433,-111.87211,31.9,12.9,871.5,137.94,0.3
7800.0,1307.8,1.86,0.05,1.86,40.73433,-111.87211,32.0,13.1,871.5,114.91,0.7
7860.0,1307.5,1.49,0.05,1.49,40.73433,-111.87211,31.9,13.2,871.5,121.83,0.5
7920.0,1307.4,1.75,0.05,1.75,40.73433,-111.87211,31.8,13.3,871.5,90.94,0.4
7980.0,1307.7,1.79,0.05,1.79,40.73433,-111.87211,31.7,13.4,871.5,98.19,0.5
8040.0,1307.8,1.70,0.05,1.70,40.73433,-111.87211,31.6,13.3,871.5,113.55,0.5
8100.0,1308.0,2.02,0.05,2.02,40.73433,-111.87211,31.5,13.4,871.5,102.03,0.5
8160.0,1308.1,1.78,0.05,1.78,40.73433,-111.87211,31.5,13.7,871.5,114.25,0.6
8220.0,1308.3,1.20,0.05,1.20,40.73433,-111.87211,31.4,13.2,871.5,112.47,0.5
8280.0,1308.3,1.74,0.05,1.74,40.73433,-111.87211,31.3,13.6,871.6,108.26,0.5
8340.0,1308.4,1.69,0.05,1.69,40.73433,-111.87211,31.2,13.7,871.6,119.49,0.6
8400.0,1308.6,1.55,0.05,1.55,40.73433,-111.87211,31.3,13.7,871.6,146.97,0.5
8460.0,1308.7,1.52,0.05,1.52,40.73433,-111.87211,31.1,13.6,871.6,115.53,0.5
8520.0,1308.7,1.47,0.06,1.47,40.73433,-111.87211,31.1,13.9,871.6,116.62,0.4
8580.0,1308.6,1.78,0.05,1.78,40.73433,-111.87211,30.9,13.7,871.7,90.66,0.3
8640.0,1308.6,2.23,0.05,2.23,40.73433,-111.87211,30.9,13.5,871.7,99.26,0.3
8700.0,1308.7,2.63,0.05,2.63,40.73433,-111.87211,30.8,13.6,871.8,83.25,0.3
8760.0,1308.6,2.44,0.05,2.44,40.73433,-111.87211,30.6,13.6,871.8,71.28,0.3
8820.0,1308.5,1.94,0.05,1.94,40.73433,-111.87211,30.5,13.9,871.8,105.37,0.3
8880.0,1308.4,1.41,0.05,1.41,40.73433,-111.87211,30.5,14.0,871.8,139.67,0.3
8940.0,1308.4,1.29,0.06,1.29,40.73433,-111.87211,30.3,13.9,871.8,113.45,0.5
9000.0,1308.5,1.36,0.05,1.36,40.73433,-111.87211,30.2,14.1,871.8,116.93,0.6
9060.0,1308.4,1.71,0.06,1.71,40.73433,-111.87211,30.1,14.2,871.8,124.29,0.8
9120.0,1308.5,1.52,0.06,1.52,40.73433,-111.87211,30.1,14.1,871.8,126.93,0.7
9180.0,1308.7,2.26,0.05,2.26,40.73434,-111.87211,30.0,14.0,871.8,121.77,0.6
9240.0,1308.2,2.38,0.05,2.38,40.73433,-111.87211,29.9,14.0,871.8,128.24,0.8
9300.0,1308.0,2.75,0.05,2.75,40.73433,-111.87211,29.8,14.2,871.8,140.18,1.0
9360.0,1307.9,2.70,0.05,2.70,40.73433,-111.87211,29.7,14.0,871.8,128.71,0.7
9420.0,1307.9,2.64,0.06,2.64,40.73434,-111.87211,29.7,14.0,871.8,124.40,0.7
9480.0,1307.8,2.40,0.06,2.40,40.73434,-111.87211,29.6,14.1,872.3,115.21,0.6
9540.0,1307.6,2.18,0.05,2.18,40.73434,-111.87212,29.5,14.3,871.8,113.27,0.5
9600.0,1307.6,1.94,0.06,1.94,40.73434,-111.87212,29.4,14.4,871.8,130.52,0.8
9660.0,1307.5,2.04,0.06,2.04,40.73434,-111.87212,29.4,14.4,871.9,121.31,0.8
9720.0,1307.6,2.90,0.05,2.90,40.73434,-111.87212,29.2,14.8,871.9,128.11,1.0
9780.0,1308.0,3.02,0.06,3.02,40.73434,-111.87212,29.1,14.8,871.9,128.97,1.2
9840.0,1308.4,3.53,0.05,3.53,40.73434,-111.87211,29.0,15.2,871.9,123.53,0.9
9900.0,1308.2,3.08,0.06,3.08,40.73434,-111.87211,28.9,15.1,871.9,137.14,1.0
9960.0,1307.6,3.03,0.06,3.03,40.73434,-111.87212,28.9,15.7,872.0,132.30,1.2
10020.0,1307.5,3.51,0.06,3.51,40.73434,-111.87212,28.7,15.6,872.0,125.55,1.6
10080.0,1307.6,3.43,0.06,3.43,40.73434,-111.87212,28.6,15.6,872.0,127.57,1.2
10140.0,1307.5,3.34,0.05,3.34,40.73434,-111.87212,28.5,15.6,872.0,129.22,1.1
10200.0,1307.4,3.11,0.05,3.11,40.73434,-111.87212,28.4,15.7,872.0,129.18,1.4
10260.0,1307.5,3.39,0.05,3.39,40.73434,-111.87212,28.3,16.1,872.0,129.77,1.3
10320.0,1307.5,3.33,0.06,3.33,40.73434,-111.87212,28.3,15.8,872.0,128.43,1.0
10380.0,1307.6,3.13,0.05,3.13,40.73434,-111.87211,28.2,15.9,872.0,133.16,1.0
10440.0,1307.6,2.99,0.05,2.99,40.73434,-111.87211,28.2,15.7,872.0,129.14,1.3
10500.0,1308.0,2.92,0.05,2.92,40.73434,-111.87211,28.1,15.7,872.0,124.22,1.5
10560.0,1308.3,3.05,0.04,3.05,40.73434,-111.87211,27.9,15.4,872.0,121.89,2.1
10620.0,1308.3,3.46,0.05,3.46,40.73434,-111.87211,27.9,15.4,872.0,123.57,1.2
10680.0,1308.0,3.81,0.05,3.81,40.73434,-111.87211,27.8,15.7,872.0,126.80,1.5
10740.0,1307.7,3.73,0.05,3.73,40.73434,-111.87211,27.8,15.8,872.0,131.73,1.1
10800.0,1307.7,4.06,0.05,4.06,40.73434,-111.87211,27.6,15.5,872.0,123.62,1.4
10860.0,1307.9,3.70,0.05,3.70,40.73434,-111.87211,27.5,15.2,872.0,119.97,2.0
10920.0,1308.3,3.35,0.05,3.35,40.73434,-111.87211,27.5,15.4,872.0,135.69,1.3
10980.0,1308.3,3.45,0.05,3.45,40.73434,-111.87211,27.4,15.7,872.0,127.84,1.4
11040.0,1308.0,3.17,0.05,3.17,40.73434,-111.87211,27.3,15.6,872.0,127.32,2.1
11100.0,1307.9,3.52,0.05,3.52,40.73434,-111.87211,27.2,15.5,872.0,133.44,2.1
11160.0,1307.7,3.40,0.05,3.40,40.73434,-111.87211,27.1,15.5,872.0,124.14,1.8
11220.0,1307.7,3.10,0.05,3.10,40.73434,-111.87211,27.0,15.3,872.1,121.48,2.1
11280.0,1307.9,2.79,0.05,2.79,40.73434,-111.87211,27.0,15.5,872.1,125.17,2.2
11340.0,1307.9,2.57,0.06,2.57,40.73434,-111.87211,26.9,15.6,872.1,129.02,1.9
11400.0,1307.9,2.80,0.05,2.80,40.73434,-111.87211,26.9,15.5,872.1,129.68,2.5
11460.0,1308.0,2.93,0.05,2.93,40.73434,-111.87211,26.8,15.8,872.2,126.81,1.7
11520.0,1308.0,2.79,0.05,2.79,40.73434,-111.87210,26.8,15.7,872.2,131.65,1.5
11580.0,1308.0,2.67,0.04,2.67,40.73434,-111.87211,26.7,15.7,872.2,128.03,2.4
11640.0,1308.0,2.29,0.05,2.29,40.73434,-111.87210,26.6,15.5,872.2,123.86,2.5
11700.0,1307.9,2.76,0.05,2.76,40.73434,-111.87210,26.5,15.6,872.3,117.18,2.2
11760.0,1308.0,2.88,0.05,2.88,40.73434,-111.87210,26.5,15.5,872.3,121.45,2.4
11820.0,1308.0,2.95,0.05,2.95,40.73434,-111.87210,26.4,15.6,872.3,126.38,2.5
11880.0,1308.1,2.80,0.05,2.80,40.73434,-111.87210,26.4,15.8,872.3,123.92,1.6
11940.0,1307.8,3.41,0.05,3.41,40.73434,-111.87210,26.3,15.6,872.3,115.26,1.6
12000.0,1307.7,3.50,0.05,3.50,40.73434,-111.87210,26.2,15.8,872.3,121.96,1.9
12060.0,1307.7,3.39,0.05,3.39,40.73434,-111.87210,26.2,15.6,872.3,125.86,1.8
12120.0,1307.8,3.36,0.05,3.36,40.73434,-111.87210,26.2,15.9,872.4,127.62,2.2
12180.0,1307.8,3.44,0.06,3.44,40.73434,-111.87210,26.1,15.9,872.4,123.60,2.5
12240.0,1307.7,3.41,0.05,3.41,40.73434,-111.87210,26.0,15.9,872.4,119.05,2.4
12300.0,1307.8,3.35,0.05,3.35,40.73434,-111.87210,25.9,16.1,872.3,121.96,1.9
12360.0,1307.7,3.03,0.06,3.03,40.73434,-111.87210,25.9,16.1,872.3,128.90,1.5
12420.0,1307.7,3.42,0.06,3.42,40.73434,-111.87210,25.8,15.9,872.3,119.53,2.2
12480.0,1307.7,3.49,0.05,3.49,40.73434,-111.87210,25.8,16.2,872.3,127.85,1.4
12540.0,1307.8,3.65,0.05,3.65,40.73434,-111.87210,25.7,16.3,872.3,130.87,2.2
12600.0,1307.7,3.37,0.05,3.37,40.73434,-111.87210,25.7,16.2,872.2,112.53,2.2
