CampaignData_and_Merges/R0/CSL_MobileLab_Parked/raw/20240730/USOS-NOAAIodideCIMS-Halogens_MobileLabGround_20240730_RA.ict
38, 1001
Michael A Robinson, Chris Jernigan, Subi Thakali
NOAA ESRL Chemical Sciences Laboratory and CIRES, U. of Colorado
NOAA Iodide CIMS Instrument
USOS
1, 1
2024, 07, 30, 2024, 07, 31
1
starttime_UTC, seconds_past_midnight, seconds_of_day_since_00:00:00_UTC
6
1, 1, 1, 1, 1, 1
-9999, -9999, -9999, -9999, -9999, -9999
Br2_NOAACIMS, pptv, Gas_Br2_InSitu_S_AVMR, 
BrO_NOAACIMS, pptv, Gas_BrO_InSitu_S_AVMR, 
Cl2_NOAACIMS, pptv, Gas_Cl2_InSitu_S_AVMR, 
ClNO2_NOAACIMS, pptv, Gas_ClNO2_InSitu_S_AVMR, 
BrCl_NOAACIMS, pptv, Gas_BrCl_InSitu_S_AVMR, 
NCl3_NOAACIMS, pptv, Gas_NCl3_InSitu_S_AVMR, 
0
18
PI_CONTACT_INFO: 325 Broadway, R/CSD 7, Boulder, Colorado 80305; michael.a.robinson@noaa.gov; chris.jernigan@noaa.gov;
PLATFORM: NOAA CSL Mobile Lab
LOCATION: SLC, Utah
ASSOCIATED_DATA: 1Hz data also available on request.
INSTRUMENT_INFO: NOAA I- ToF CIMS
DATA_INFO: All data in parts per trillion by volume (pptv). 1 Hz data is available upon request.
UNCERTAINTY: TBD
ULOD_FLAG: -7777
ULOD_VALUE: N/A
LLOD_FLAG: -8888
LLOD_VALUE: N/A
DM_CONTACT_INFO: Nathan Howard; nathan.h.howard@noaa.gov
PROJECT_INFO: USOS, summer 2024. https://csl.noaa.gov/groups/csl7/measurements/2024usos/
STIPULATIONS_ON_USE: Users are strongly encouraged to contact the PI for proper data usage.
OTHER_COMMENTS: 
REVISION: RA
RA: Preliminary Data; For in-field use only
starttime_UTC, Br2_NOAACIMS, BrO_NOAACIMS, Cl2_NOAACIMS, ClNO2_NOAACIMS, BrCl_NOAACIMS, NCl3_NOAACIMS
[from data line 578]
 34680,  0.621, -0.021,  1.347,  0.246,  0.116,  8.243
 34740,  0.700,  0.003,  1.472,  0.234,  0.089,  8.392
 34800,  0.596,  0.050,  1.373,  0.223,  0.072,  8.426
 34860,  0.562,  0.037,  1.342,  0.231,  0.116,  8.057
 34920,  0.590, -0.025,  1.392,  0.211,  0.108,  8.225
 34980,  0.765, -0.015,  1.554,  0.249,  0.116, 10.534
 35040,  0.601, -0.016,  1.566,  0.256,  0.109,  9.704
 35100,  0.594, -0.059,  1.568,  0.315,  0.101,  9.420
 35160, -9999.000, -9999.000, -9999.000, -9999.000, -9999.000, -9999.000
 35220,  0.712, -0.014,  1.602,  0.261,  0.133, 11.736
 35280,  0.598, -0.000,  1.593,  0.319,  0.095, 11.707
 35340,  0.557,  0.094,  1.672,  0.319,  0.120, 10.743
 35400,  0.590, -0.032,  1.572,  0.276,  0.084, 11.471
 35460,  0.559, -0.003,  1.638,  0.301,  0.154, 11.512
 35520,  0.691, -0.037,  1.576,  0.248,  0.145, 10.571
 35580,  0.568,  0.014,  1.371,  0.328,  0.113, 10.711
 35640,  0.551, -0.006,  1.459,  0.285,  0.164, 10.457
 35700,  0.526, -0.055,  1.529,  0.310,  0.101, 10.049
 35760,  0.558,  0.021,  1.465,  0.296,  0.139, 10.254
 35820,  0.620,  0.079,  1.353,  0.225,  0.116,  9.091
 35880,  0.562,  0.018,  1.496,  0.261,  0.120,  9.349
 35940,  0.604,  0.045,  1.575,  0.327,  0.130,  9.462
 36000,  0.648, -0.005,  1.668,  0.324,  0.211, 11.418
 36060,  0.449, -0.017,  1.530,  0.334,  0.121, 10.304
 36120,  0.448, -0.017,  1.491,  0.328,  0.049, 10.965
 36180,  0.630, -0.066,  1.402,  0.278,  0.130,  9.171
 36240,  0.545, -0.037,  1.380,  0.315,  0.145,  9.390
 36300,  0.528,  0.054,  1.212,  0.218,  0.135,  9.102
 36360,  0.544, -0.003,  1.409,  0.270,  0.088,  9.296
 36420,  0.598, -0.012,  1.456,  0.283,  0.112,  8.496
 36480,  0.498, -0.039,  1.361,  0.266,  0.150,  8.604
 36540,  0.544, -0.035,  1.378,  0.312,  0.162,  7.908
 36600,  0.421, -0.083,  1.415,  0.319,  0.080,  7.690
 36660,  0.522, -0.031,  1.346,  0.316,  0.127,  8.210
 36720,  0.524, -0.024,  1.384,  0.231,  0.159,  8.839
 36780,  0.424, -0.004,  1.440,  0.240,  0.088,  9.461
 36840,  0.447, -0.026,  1.710,  0.301,  0.090, 10.468
 36900,  0.513, -0.016,  1.530,  0.281,  0.144, 10.703
 36960,  0.507, -0.019,  1.407,  0.321,  0.137, 10.245
 37020, -9999.000, -9999.000, -9999.000, -9999.000, -9999.000, -9999.000
 37080,  0.443, -0.044,  1.391,  0.278,  0.105,  9.509
 37140,  0.402, -0.002,  1.322,  0.307,  0.146,  9.072
 37200,  0.419,  0.044,  1.307,  0.303,  0.143,  9.108
 37260,  0.606,  0.012,  1.371,  0.272,  0.116,  8.780
 37320,  0.594, -0.036,  1.273,  0.299,  0.099,  8.417
 37380,  0.530,  0.103,  1.334,  0.230,  0.148,  8.485
 37440,  0.526,  0.026,  1.242,  0.270,  0.114,  8.752
 37500,  0.528, -0.023,  1.548,  0.297,  0.061,  8.497
 37560,  0.534, -0.025,  1.460,  0.283,  0.098,  9.184
 37620,  0.505, -0.014,  1.550,  0.221,  0.161,  9.713
 37680,  0.437, -0.043,  1.426,  0.197,  0.140,  9.037
 37740,  0.551, -0.043,  1.441,  0.281,  0.066,  8.976
 37800,  0.449, -0.036,  1.316,  0.290,  0.100,  8.959
 37860,  0.458, -0.034,  1.375,  0.347,  0.155,  9.005
 37920,  0.615,  0.036,  1.284,  0.214,  0.134,  9.191
 37980,  0.691,  0.018,  1.777,  0.263,  0.153,  9.909
 38040,  0.609,  0.020,  1.600,  0.302,  0.073, 10.516
 38100,  0.462,  0.034,  1.511,  0.327,  0.150, 12.247
 38160,  0.645,  0.022,  1.840,  0.399,  0.244, 16.428
 38220,  0.497,  0.066,  1.596,  0.346,  0.135, 12.963
 38280,  0.683, -0.034,  1.670,  0.323,  0.123, 13.214
 38340,  0.708,  0.064,  1.621,  0.396,  0.232, 12.989
 38400,  0.527,  0.132,  1.706,  0.343,  0.101, 12.684
 38460,  0.586, -0.052,  1.564,  0.336,  0.139, 12.142
 38520,  0.540,  0.032,  1.527,  0.329,  0.130, 13.022
 38580,  0.535,  0.013,  1.647,  0.416,  0.218, 13.791
 38640,  0.540,  0.034,  1.519,  0.293,  0.172, 13.371
 38700,  0.584, -0.013,  1.594,  0.273,  0.117, 12.081
 38760,  0.617, -0.048,  1.550,  0.290,  0.108, 11.549
 38820,  0.574, -0.043,  1.512,  0.331,  0.155, 11.760
 38880, -9999.000, -9999.000, -9999.000, -9999.000, -9999.000, -9999.000
 38940,  0.433, -0.034,  1.427,  0.342,  0.160, 12.062
 39000,  0.552,  0.031,  1.420,  0.330,  0.126, 13.250
 39060,  0.413,  0.003,  1.637,  0.285,  0.158, 12.210
 39120,  0.529,  0.047,  1.640,  0.289,  0.158, 11.802
 39180,  0.527,  0.035,  1.588,  0.324,  0.148, 12.046
 39240,  0.519,  0.132,  1.544,  0.305,  0.130, 12.275
 39300,  0.539,  0.036,  1.565,  0.333,  0.152, 12.094
 39360,  0.472, -0.017,  1.471,  0.343,  0.109, 12.525
 39420,  0.625,  0.068,  1.550,  0.302,  0.097, 12.774
 39480,  0.617,  0.009,  1.570,  0.369,  0.101, 11.105
 39540,  0.473,  0.036,  1.487,  0.328,  0.194, 11.451
 39600,  0.396,  0.129,  1.692,  0.299,  0.186, 11.655
 39660,  0.455,  0.046,  1.711,  0.375,  0.173, 12.682
 39720,  0.435,  0.044,  1.534,  0.368,  0.120, 11.707
 39780,  0.378,  0.134,  1.628,  0.353,  0.137, 10.647
 39840,  0.392,  0.034,  1.427,  0.365,  0.190, 11.129
 39900,  0.443,  0.029,  1.433,  0.375,  0.099, 10.841
 39960,  0.339,  0.075,  1.578,  0.418,  0.139, 10.866
 40020,  0.465,  0.077,  1.436,  0.319,  0.182, 10.439
 40080,  0.481,  0.246,  1.581,  0.358,  0.179, 10.627
 40140,  0.486,  0.106,  1.541,  0.403,  0.172, 10.783
 40200,  0.518,  0.185,  1.461,  0.460,  0.111, 10.706
 40260,  0.343,  0.096,  1.495,  0.455,  0.174, 10.361
 40320,  0.533,  0.081,  1.506,  0.396,  0.181, 10.256
 40380,  0.462,  0.098,  1.482,  0.439,  0.111,  9.490
 40440,  0.411,  0.160,  1.583,  0.422,  0.150, 10.320
 40500,  0.386,  0.117,  1.470,  0.327,  0.170,  9.608
 40560,  0.447,  0.147,  1.364,  0.373,  0.170, 10.105
 40620,  0.367,  0.085,  1.400,  0.426,  0.138, 10.692
 40680,  0.336,  0.121,  1.523,  0.370,  0.099, 12.224
 40740,  0.473,  0.154,  1.279,  0.254,  0.197,  9.073
 40800,  0.242,  0.200,  1.370,  0.254,  0.174,  9.025
 40860,  0.445,  0.109,  1.460,  0.324,  0.099, 10.743
 40920,  0.402,  0.166,  1.446,  0.438,  0.133, 11.091
 40980,  0.403,  0.109,  1.419,  0.381,  0.194, 10.837
 41040,  0.368,  0.168,  1.309,  0.414,  0.197, 12.418
 41100,  0.394,  0.109,  1.603,  0.486,  0.127, 15.349
 41160,  0.473,  0.130,  1.405,  0.345,  0.147, 11.543
 41220,  0.471,  0.183,  1.558,  0.332,  0.146, 11.323
 41280,  0.437,  0.160,  1.417,  0.448,  0.145, 11.647
 41340,  0.452,  0.160,  1.465,  0.589,  0.160, 15.708
 41400,  0.475,  0.187,  1.572,  0.388,  0.105, 13.619
 41460,  0.476,  0.093,  1.573,  0.419,  0.152, 11.818
 41520,  0.680,  0.100,  1.446,  0.487,  0.107, 11.267
 41580,  0.576,  0.208,  1.574,  0.393,  0.116, 11.149
 41640,  0.556,  0.128,  1.573,  0.321,  0.136, 12.099
 41700,  0.460,  0.213,  1.645,  0.390,  0.184, 12.512
 41760,  0.468,  0.128,  1.740,  0.383,  0.144, 13.241
 41820,  0.575,  0.195,  1.580,  0.497,  0.112, 12.518
 41880,  0.685,  0.099,  1.625,  0.575,  0.134, 12.243
 41940,  0.658,  0.200,  1.613,  0.425,  0.163, 13.008
 42000,  0.569,  0.137,  1.765,  0.399,  0.144, 13.018
 42060,  0.642,  0.113,  1.656,  0.433,  0.116, 12.843
 42120,  0.746,  0.198,  1.584,  0.460,  0.087, 11.813
 42180,  0.663,  0.119,  1.581,  0.595,  0.179, 14.655
 42240,  0.707,  0.187,  1.644,  0.477,  0.152, 13.840
 42300,  0.629,  0.117,  1.573,  0.494,  0.173, 13.599
 42360,  0.728,  0.149,  1.736,  0.529,  0.155, 12.319
 42420,  0.719,  0.112,  1.688,  0.516,  0.119, 12.429
 42480,  0.669,  0.145,  1.531,  0.568,  0.086, 12.024
 42540, -9999.000, -9999.000, -9999.000, -9999.000, -9999.000, -9999.000
 42600,  0.469,  0.034,  1.557,  0.470,  0.145, 14.851
 42660,  0.522,  0.080,  1.682,  0.440,  0.132, 15.451
 42720,  0.711,  0.170,  1.756,  0.429,  0.118, 15.566
 42780,  0.712,  0.055,  1.707,  0.467,  0.108, 14.510
 42840,  0.624,  0.134,  1.558,  0.491,  0.106, 14.236
 42900,  0.638,  0.099,  1.777,  0.509,  0.131, 14.276
 42960,  0.606,  0.115,  1.740,  0.500,  0.132, 13.945
 43020,  0.661,  0.094,  1.667,  0.536,  0.142, 13.545
 43080,  0.648,  0.179,  1.576,  0.503,  0.159, 13.549
 43140,  0.589,  0.109,  1.521,  0.546,  0.121, 13.314
 43200,  0.725,  0.148,  1.593,  0.606,  0.104, 12.616
 43260,  0.569,  0.173,  1.676,  0.617,  0.103, 13.025
 43320,  0.589,  0.092,  1.639,  0.536,  0.155, 13.214
 43380,  0.553,  0.104,  1.529,  0.674,  0.140, 12.933
 43440,  0.635,  0.161,  1.595,  0.529,  0.104, 12.855
 43500,  0.445,  0.141,  1.578,  0.635,  0.135, 14.343
 43560,  0.411,  0.122,  1.686,  0.610,  0.139, 14.069
 43620,  0.516,  0.144,  1.432,  0.638,  0.200, 14.326
 43680,  0.521,  0.113,  1.500,  0.685,  0.111, 13.340
 43740,  0.634,  0.094,  1.848,  0.781,  0.124, 13.485
 43800,  0.583,  0.086,  1.645,  0.753,  0.122, 13.769
 43860,  0.568,  0.127,  2.045,  1.239,  0.370, 28.431
 43920,  0.606,  0.073,  1.917,  1.160,  0.299, 26.886
 43980,  0.360,  0.200,  1.699,  0.717,  0.172, 15.997
 44040,  0.435,  0.226,  1.458,  0.728,  0.129, 14.993
 44100,  0.588,  0.052,  1.737,  1.032,  0.290, 22.847
 44160,  0.475,  0.086,  1.769,  0.969,  0.268, 20.967
 44220,  0.536,  0.052,  1.808,  0.760,  0.195, 17.293
 44280,  0.313,  0.126,  1.530,  0.774,  0.134, 16.109
 44340,  0.303,  0.077,  1.511,  0.654,  0.153, 14.261
 44400, -9999.000, -9999.000, -9999.000, -9999.000, -9999.000, -9999.000
 44460,  0.217,  0.080,  1.520,  0.690,  0.137, 14.692
 44520,  0.382,  0.018,  1.440,  0.698,  0.192, 14.136
 44580,  0.395,  0.008,  1.338,  0.723,  0.194, 13.459
 44640,  0.308,  0.034,  1.526,  0.774,  0.187, 12.160
 44700,  0.431,  0.139,  1.724,  0.800,  0.160, 12.934
 44760,  0.297,  0.122,  1.750,  0.782,  0.207, 12.194
 44820,  0.397,  0.029,  1.670,  0.790,  0.177, 11.945
 44880,  0.330,  0.102,  1.541,  0.741,  0.165, 11.687
 44940,  0.358,  0.080,  1.652,  0.761,  0.169, 11.545
 45000,  0.294,  0.089,  1.646,  0.756,  0.140, 12.266
 45060,  0.226,  0.181,  1.457,  0.774,  0.191, 13.222
 45120,  0.262, -0.001,  1.535,  0.796,  0.185, 12.778
 45180,  0.349,  0.138,  1.473,  0.811,  0.167, 12.483
 45240,  0.385,  0.073,  1.287,  0.798,  0.169, 12.368
 45300,  0.288, -0.007,  1.498,  0.647,  0.135, 11.222
 45360,  0.251,  0.028,  1.390,  0.632,  0.137, 11.317
 45420,  0.280,  0.034,  1.411,  0.628,  0.118, 11.182
 45480,  0.286,  0.020,  1.493,  0.682,  0.139, 10.753
 45540,  0.386,  0.049,  1.535,  0.629,  0.151, 10.875
 45600,  0.356,  0.019,  1.727,  0.675,  0.156, 10.604
 45660,  0.342,  0.064,  1.619,  0.661,  0.169, 11.332
 45720,  0.321,  0.041,  1.544,  0.728,  0.144, 11.044
 45780,  0.225, -0.030,  1.541,  0.592,  0.124, 10.944
 45840,  0.306, -0.010,  1.491,  0.611,  0.193, 10.676
 45900,  0.285,  0.060,  1.414,  0.670,  0.160, 10.445
 45960,  0.375, -0.026,  1.467,  0.724,  0.093, 10.004
 46020,  0.276,  0.026,  1.858,  0.666,  0.196,  9.467
 46080,  0.247,  0.017,  1.684,  0.652,  0.165,  9.321
 46140,  0.233, -0.056,  1.648,  0.622,  0.122,  9.683
 46200,  0.274, -0.069,  1.543,  0.722,  0.153, 10.631
 46260, -9999.000, -9999.000, -9999.000, -9999.000, -9999.000, -9999.000
 46320,  0.255,  0.035,  1.526,  0.853,  0.222, 11.456
 46380,  0.258,  0.008,  1.527,  0.596,  0.118,  8.319
 46440,  0.229,  0.016,  1.447,  0.594,  0.131,  8.470
 46500,  0.253, -0.033,  1.421,  0.548,  0.166,  8.192
 46560,  0.173, -0.032,  1.535,  0.516,  0.151,  7.981
 46620,  0.292, -0.006,  1.603,  0.518,  0.144,  8.284
 46680,  0.276,  0.019,  1.443,  0.514,  0.116,  8.415
 46740,  0.249, -0.006,  1.426,  0.493,  0.146,  7.708
 46800,  0.246, -0.046,  1.548,  0.456,  0.145,  6.919
 46860,  0.215,  0.006,  1.476,  0.450,  0.141,  5.830
 46920,  0.251,  0.010,  1.619,  0.380,  0.085,  6.009
 46980,  0.240,  0.068,  1.536,  0.420,  0.123,  5.710
 47040,  0.303,  0.075,  1.566,  0.476,  0.179,  5.351
 47100,  0.441, -0.028,  1.519,  0.444,  0.129,  5.868
 47160,  0.172,  0.033,  1.508,  0.432,  0.094,  5.288
 47220,  0.158,  0.074,  1.449,  0.351,  0.110,  4.846
 47280,  0.333,  0.079,  1.517,  0.375,  0.134,  4.308
 47340,  0.261,  0.156,  1.399,  0.422,  0.141,  4.492
 47400,  0.364,  0.039,  1.391,  0.470,  0.076,  4.638
 47460,  0.235,  0.067,  1.442,  0.464,  0.133,  4.677
 47520,  0.282,  0.027,  1.286,  0.478,  0.117,  4.097
 47580,  0.288,  0.104,  1.387,  0.468,  0.121,  4.220
 47640,  0.199,  0.177,  1.314,  0.468,  0.082,  4.181
 47700,  0.237,  0.130,  1.211,  0.329,  0.096,  3.564
 47760,  0.287,  0.188,  1.089,  0.341,  0.098,  3.468
 47820,  0.123,  0.063,  1.235,  0.376,  0.100,  3.535
 47880,  0.235,  0.021,  1.187,  0.402,  0.073,  3.487
 47940,  0.179,  0.107,  1.237,  0.348,  0.077,  2.880
 48000,  0.210,  0.092,  1.222,  0.305,  0.105,  2.878
 48060,  0.216,  0.079,  1.206,  0.260,  0.030,  2.431
 48120,  0.164,  0.132,  1.155,  0.455,  0.060,  2.316
 48180,  0.272,  0.172,  1.269,  0.322,  0.106,  2.839
 48240,  0.257,  0.092,  1.372,  0.347,  0.147,  2.845
 48300,  0.308,  0.139,  1.313,  0.263,  0.088,  2.806
 48360,  0.203,  0.110,  1.216,  0.281,  0.069,  2.453
 48420,  0.163,  0.106,  1.246,  0.314,  0.086,  2.642
 48480,  0.301,  0.146,  1.299,  0.272,  0.141,  2.176
 48540,  0.321,  0.138,  1.118,  0.293,  0.099,  2.031
 48600,  0.273,  0.154,  1.082,  0.253,  0.079,  1.969
 48660,  0.369,  0.092,  1.074,  0.258,  0.029,  1.919
 48720,  0.314,  0.082,  1.142,  0.229,  0.074,  1.940
 48780,  0.294,  0.131,  1.193,  0.217,  0.046,  1.758
 48840,  0.280,  0.131,  1.178,  0.222,  0.065,  1.950
 48900,  0.290,  0.082,  1.142,  0.250,  0.045,  1.654
 48960,  0.286,  0.070,  1.109,  0.188,  0.059,  1.483
 49020,  0.267,  0.113,  1.123,  0.186,  0.092,  1.549
 49080,  0.420,  0.199,  1.107,  0.184,  0.056,  1.442
 49140,  0.328,  0.147,  1.003,  0.202, -0.013,  1.287
 49200,  0.379,  0.080,  1.030,  0.246,  0.036,  1.364
 49260,  0.423,  0.088,  1.096,  0.182,  0.088,  1.322
 49320,  0.415,  0.095,  1.033,  0.178,  0.055,  1.257
 49380,  0.361,  0.064,  1.075,  0.218,  0.046,  1.134
 49440,  0.484,  0.101,  1.142,  0.209,  0.016,  1.182
 49500,  0.290,  0.070,  1.155,  0.189,  0.042,  1.295
 49560,  0.512,  0.179,  1.214,  0.203,  0.039,  1.138
 49620,  0.416,  0.130,  1.122,  0.203,  0.050,  1.027
 49680,  0.455,  0.048,  1.175,  0.195,  0.029,  1.146
 49740,  0.405,  0.088,  1.117,  0.221,  0.039,  0.958
 49800,  0.416,  0.071,  1.116,  0.219, -0.053,  0.841
 49860,  0.378,  0.205,  1.078,  0.132,  0.020,  1.043
 49920,  0.560,  0.226,  1.139,  0.184, -0.043,  0.711
 49980,  0.052,  0.153,  1.198,  0.172,  0.076,  0.887
 50040,  0.426,  0.223,  1.050,  0.223,  0.044,  0.756
 50100,  0.310,  0.167,  1.074,  0.189,  0.032,  0.718
 50160,  0.428,  0.187,  1.005,  0.219,  0.078,  0.847
 50220,  0.335,  0.123,  0.933,  0.151,  0.023,  0.806
 50280,  0.395,  0.004,  1.006,  0.232,  0.014,  0.585
 50340,  0.491,  0.047,  0.961,  0.156,  0.017,  0.523
 50400,  0.388, -0.000,  0.994,  0.156,  0.003,  0.822
 50460,  0.440,  0.085,  1.004,  0.171,  0.022,  0.613
 50520,  0.420,  0.073,  1.063,  0.115,  0.033,  0.714
 50580,  0.375,  0.076,  1.006,  0.192,  0.044,  0.467
 50640,  0.229,  0.048,  0.888,  0.156,  0.009,  0.356
 50700,  0.391,  0.088,  1.034,  0.197,  0.015,  0.580
 50760,  0.449,  0.106,  1.027,  0.171,  0.022,  0.554
 50820,  0.391,  0.009,  1.061,  0.164,  0.054,  0.527
 50880,  0.287,  0.089,  0.975,  0.151,  0.049,  0.486
 50940,  0.499,  0.084,  1.007,  0.194,  0.059,  0.538
 51000,  0.407,  0.007,  0.963,  0.190,  0.061,  0.632
 51060,  0.360,  0.065,  0.987,  0.204,  0.043,  0.365
 51120,  0.283,  0.066,  1.072,  0.169,  0.028,  0.389
 51180,  0.421,  0.141,  1.022,  0.248,  0.065,  0.404
 51240,  0.335,  0.011,  1.007,  0.169,  0.044,  0.444
 51300,  0.375,  0.031,  0.953,  0.191,  0.057,  0.303
 51360,  0.387,  0.089,  0.906,  0.218,  0.031,  0.542
 51420,  0.335,  0.071,  0.941,  0.172,  0.026,  0.322
 51480,  0.506,  0.035,  0.878,  0.235,  0.091,  0.400
 51540,  0.424,  0.090,  0.984,  0.182,  0.102,  0.255
 51600,  0.516,  0.108,  0.909,  0.181,  0.056,  0.283
 51660,  0.312,  0.096,  1.035,  0.200,  0.066,  0.254
 51720,  0.415,  0.093,  0.782,  0.188,  0.092,  0.279
 51780,  0.420,  0.043,  1.109,  0.176,  0.072,  0.274
 51840,  0.368, -0.031,  0.939,  0.245,  0.075,  0.352
