CampaignData_and_Merges/R0/CSL_MobileLab_Parked/raw/20240730/USOS-PTR_MobileLabGround_20240730_R0.ict
58, 1001
Matthew Coggon, Kelvin Bates, Chelsea Stockwell, Carsten Warneke
NOAA ESRL Chemical Sciences Division
NOAA PTR-ToF-MS
USOS
1,1 
2024, 07, 30, 2025, 09, 19
0
Time_Start, seconds, number of seconds from 00:00 UTC 
22
1, 1, 1, 1, 1, 1, 1, 1, 1, 1, 1, 1, 1, 1, 1, 1, 1, 1, 1, 1, 1, 1
-9999, -9999, -9999, -9999, -9999, -9999, -9999, -9999, -9999, -9999, -9999, -9999, -9999, -9999, -9999, -9999, -9999, -9999, -9999, -9999, -9999, -9999
CH3OH_NOAAPTR_ppbv,  ppbv, Gas_CH3OH_InSitu_S_AVMR, (CH3OH) methanol
CH3CN_NOAAPTR_ppbv,  ppbv, Gas_CH3CN_InSitu_S_AVMR, (CH3CN) acetonitrile
CH3CHO_NOAAPTR_ppbv,  ppbv, Gas_CH3CHO_InSitu_S_AVMR, (CH3CHO) acetaldehyde plus contributions from ethylene glycol and ethylene oxide. Interference from ethanol has been subtracted out.
C2H5OH_NOAAPTR_ppbv,  ppbv, Gas_C2H5OH_InSitu_S_AVMR, (C2H5OH) ethanol
CH3SH_NOAAPTR_ppbv,  ppbv, Gas_CH3SH_InSitu_S_AVMR, (CH3SH) methanethiol, using calibration factor for DMS
Acrolein_NOAAPTR_ppbv,  ppbv, Gas_Acrolein_InSitu_S_AVMR, (C3H4O) acrolein
AcetonePropanal_NOAAPTR_ppbv,  ppbv, Gas_AcetoneAndPropanal_InSitu_S_AVMR, (C3H6O) sum of acetone (dominant isomer) and propanal, using calibration factor for acetone
DMS_NOAAPTR_ppbv,  ppbv, Gas_DMS_InSitu_S_AVMR, (C2H6S) dimethyl sulfide with possible small contributions from ethanethiol
C5H8_NOAAPTR_ppbv,  ppbv, Gas_Isoprene_InSitu_S_AVMR, (C5H8) isoprene and possible fragments from cycloalkanes and aldehydes. Interferences have been subtracted following methods described by Coggon et al (2023)
MVKMAC_NOAAPTR_ppbv,  ppbv, Gas_MVKAndMAC_InSitu_S_AVMR, (C4H6O) sum of methyl vinyl ketone, methacrolein, and small amounts of crotonaldehyde, using weighted calibration factor for MVK (0.637) and MACR (0.363)
Benzene_NOAAPTR_ppbv,  ppbv, Gas_Benzene_InSitu_S_AVMR, (C6H6) benzene
Toluene_NOAAPTR_ppbv,  ppbv, Gas_Toluene_InSitu_S_AVMR, (C7H8) toluene with possible small contributions of fragments from ethyltoluene
Styrene_NOAAPTR_ppbv,  ppbv, Gas_Styrene_InSitu_S_AVMR, (C8H8) styrene
Benzaldehyde_NOAAPTR_ppbv,  ppbv, Gas_Benzaldehyde_InSitu_S_AVMR, (C7H6O) benzaldehyde
C8Aromatics_NOAAPTR_ppbv,  ppbv, Gas_C8Aromatics_InSitu_M_AVMR, (C8H10) sum of m-xylene, p-xylene, o-xylene, and ethyl benzene
C9Aromatics_NOAAPTR_ppbv,  ppbv, Gas_C9Aromatics_InSitu_M_AVMR, (C9H12) sum of C9 aromatics
Naphthalene_NOAAPTR_ppbv,  ppbv, Gas_Naphthalene_InSitu_S_AVMR, (C10H8) naphthalene
Octanal_NOAAPTR_ppbv,  ppbv, Gas_Octanal_InSitu_S_AVMR, (C8H16O) octanal and small amounts of octanone
Monoterpenes_NOAAPTR_ppbv,  ppbv, Gas_Monoterpenes_InSitu_M_AVMR, (C10H16) sum of monoterpenes and possible contributions from fragments of oxygenated monoterpenoids such as eucalyptol.
Nonanal_NOAAPTR_ppbv,  ppbv, Gas_Nonanal_InSitu_M_AVMR, (C9H18O) nonanal and small amounts of nonanone
C7H4ClF3_NOAAPTR_ppbv,  ppbv, Gas_C7H4ClF3_InSitu_S_AVMR, (C7H4ClF3) parachlorobenzotrifluoride
C10H30O5Si5_NOAAPTR_ppbv,  ppbv, Gas_C10H30O5Si5_InSitu_S_AVMR, (C10H30O5Si5) decamethylcyclopentasiloxane
1
SPECIAL COMMENTS:N/A
21
PI_CONTACT_INFO: NOAA ESRL Chemical Sciences Division, Tropospheric Chemistry Group. 325 Broadway, R/CSD7, Boulder, CO 80305
PLATFORM: Mobile Laboratory.
LOCATION: Salt Lake City, UT
ASSOCIATED_DATA: N/A
INSTRUMENT_INFO: NOAA PTR-ToF-MS measurements on NOAA CSL Mobile Lab
DATA_INFO: Units: ppbv
UNCERTAINTY: See OTHER_COMMENTS
ULOD_FLAG: -7777
ULOD_VALUE: N/A
LLOD_FLAG: -8888
LLOD_VALUE: N/A.
DM_CONTACT_INFO: Data Managers: Matt Coggon, Kelvin Bates, Chelsea Stockwell; email: matthew.m.coggon@noaa.gov and kelvin.bates@colorado.edu
PROJECT_INFO: USOS Deployment July-August, 2024
STIPULATIONS_ON_USE: Use of these data require prior OK from PI.
OTHER_COMMENTS: Uncertainties:
CH3OH_NOAAPTR_ppbv:30%; CH3CN_NOAAPTR_ppbv:30%; CH3CHO_NOAAPTR_ppbv:30%; C2H5OH_NOAAPTR_ppbv:30%; CH3SH_NOAAPTR_ppbv:50%; Acrolein_NOAAPTR_ppbv:30%; AcetonePropanal_NOAAPTR_ppbv:30%; DMS_NOAAPTR_ppbv:30%; C5H8_NOAAPTR_ppbv:30%; MVKMAC_NOAAPTR_ppbv:30%; 
Benzene_NOAAPTR_ppbv:30%; Toluene_NOAAPTR_ppbv:30%; Styrene_NOAAPTR_ppbv:30%; Benzaldehyde_NOAAPTR_ppbv:30%; C8Aromatics_NOAAPTR_ppbv:30%; C9Aromatics_NOAAPTR_ppbv:30%; Naphthalene_NOAAPTR_ppbv:30%; Octanal_NOAAPTR_ppbv:30%; Monoterpenes_NOAAPTR_ppbv:30%; Nonanal_NOAAPTR_ppbv:30%; 
C7H4ClF3_NOAAPTR_ppbv:30%; C10H30O5Si5_NOAAPTR_ppbv:30%; 
REVISION: R0
R0: Calibrated PTR Data. See individual species comments for details about measurement uncertainties
Time_Start, CH3OH_NOAAPTR_ppbv, CH3CN_NOAAPTR_ppbv, CH3CHO_NOAAPTR_ppbv, C2H5OH_NOAAPTR_ppbv, CH3SH_NOAAPTR_ppbv, Acrolein_NOAAPTR_ppbv, AcetonePropanal_NOAAPTR_ppbv, DMS_NOAAPTR_ppbv, C5H8_NOAAPTR_ppbv, MVKMAC_NOAAPTR_ppbv, Benzene_NOAAPTR_ppbv, Toluene_NOAAPTR_ppbv, Styrene_NOAAPTR_ppbv, Benzaldehyde_NOAAPTR_ppbv, C8Aromatics_NOAAPTR_ppbv, C9Aromatics_NOAAPTR_ppbv, Naphthalene_NOAAPTR_ppbv, Octanal_NOAAPTR_ppbv, Monoterpenes_NOAAPTR_ppbv, Nonanal_NOAAPTR_ppbv, C7H4ClF3_NOAAPTR_ppbv, C10H30O5Si5_NOAAPTR_ppbv
[from data line 73]
 4380.0, 4.60799, 0.26004, 0.96484, 1.43281, 0.00100, 0.12758, 2.32082, -0.00022, 0.34442, 0.26236, 0.08014, 0.19420, 0.01000, -0.00054, 0.11435, 0.06204, 0.00960, 0.01964, 0.17861, 0.03303, 0.00320, 0.00352 
 4440.0, 4.64697, 0.26070, 0.99704, 1.59082, -0.00081, 0.12830, 2.32078, -0.00022, 0.27766, 0.26984, 0.10473, 0.20418, 0.01876, -0.00054, 0.11814, 0.05234, 0.01491, 0.02763, 0.14897, 0.04288, 0.00484, 0.00445 
 4500.0, 4.06333, 0.27568, 0.88185, 1.42902, 0.00099, 0.11186, 2.19675, 0.00910, 0.24286, 0.26040, 0.10608, 0.18431, 0.02134, -0.00054, 0.11227, 0.04147, -0.00107, 0.01136, 0.12913, 0.03075, 0.00072, 0.00286 
 4560.0, 4.38452, 0.26850, 0.89700, 2.06104, 0.00271, 0.13530, 2.12927, 0.00113, 0.29489, 0.24191, 0.14374, 0.26775, 0.01312, -0.00054, 0.14696, 0.05464, -0.00107, 0.01780, 0.13238, 0.02326, 0.00593, 0.00113 
 4620.0, 4.40022, 0.27119, 0.92640, 1.65464, 0.00389, 0.11851, 2.14821, 0.00460, 0.28274, 0.23529, 0.11649, 0.19177, 0.01051, -0.00054, 0.10938, 0.04860, 0.01006, 0.01878, 0.13546, 0.03551, 0.00542, 0.00244 
 4680.0, 4.00824, 0.28232, 0.92011, 2.03434, 0.00155, 0.13562, 2.10071, -0.00022, 0.39135, 0.25081, 0.12772, 0.17693, 0.01763, -0.00054, 0.10966, 0.03697, 0.01872, 0.02113, 0.13778, 0.01979, 0.00055, 0.00145 
 4740.0, 4.97406, 0.27542, 1.00104, 2.04207, 0.00054, 0.10852, 2.21473, -0.00022, 0.36289, 0.26222, 0.16872, 0.24069, 0.01429, -0.00054, 0.13134, 0.04858, -0.00107, 0.00957, 0.15846, 0.02976, 0.00657, 0.00107 
 4800.0, 6.05787, 0.26528, 1.19108, 3.65582, 0.00257, 0.12959, 2.41762, 0.00881, 0.54242, 0.26430, 0.19909, 0.52091, 0.02294, -0.00054, 0.27521, 0.10924, 0.00247, 0.03699, 0.11785, 0.06266, 0.00506, 0.00295 
 4860.0, 6.05967, 0.25478, 1.09564, 1.78212, 0.00288, 0.11328, 2.32821, -0.00022, 0.55128, 0.27014, 0.11635, 0.22821, 0.00443, -0.00054, 0.14133, 0.06381, 0.00743, 0.01697, 0.10765, 0.03284, 0.00405, 0.00376 
 4920.0, 6.02097, 0.28979, 1.07282, 1.99829, -0.00001, 0.14854, 2.33015, 0.00855, 0.50038, 0.26864, 0.11326, 0.21186, 0.02762, -0.00053, 0.12865, 0.06385, 0.01958, 0.02163, 0.17612, 0.02879, 0.00632, 0.00220 
 4980.0, 6.00556, 0.28678, 1.21530, 2.11124, 0.00762, 0.14306, 2.51292, 0.01573, 0.49365, 0.27967, 0.10135, 0.23000, 0.02691, -0.00053, 0.14925, 0.06607, 0.01853, 0.02650, 0.18429, 0.02502, 0.00744, 0.00575 
 5040.0, 5.58243, 0.26708, 1.24894, 2.97864, 0.00162, 0.17078, 3.18020, -0.00021, 0.58933, 0.25647, 0.13726, 0.26794, 0.02560, -0.00053, 0.16224, 0.07169, 0.00948, 0.01495, 0.14067, 0.02892, 0.00721, 0.00346 
 5100.0, 6.00629, 0.28337, 1.16544, 2.38648, 0.00439, 0.14620, 3.03771, -0.00021, 0.34564, 0.25826, 0.08703, 0.22388, 0.01424, -0.00053, 0.14431, 0.06561, 0.00102, 0.01245, 0.11281, 0.01920, 0.00579, 0.00094 
 5160.0, 5.55914, 0.26602, 1.19361, 3.05843, 0.00323, 0.15188, 3.30506, 0.00408, 0.43915, 0.26195, 0.14834, 0.23617, 0.02864, 0.00446, 0.13200, 0.06131, 0.00873, 0.02188, 0.11391, 0.04265, 0.00944, 0.00492 
 5220.0, 5.69735, 0.28358, 1.28577, 3.63254, 0.00323, 0.18121, 3.96077, 0.00175, 0.47363, 0.27430, 0.03857, 0.23900, 0.03262, -0.00053, 0.15662, 0.06851, 0.00031, 0.03355, 0.15410, 0.03942, 0.01041, 0.00415 
 5280.0, 5.79242, 0.26774, 1.11397, 2.22894, 0.00309, 0.12376, 2.68592, 0.00594, 0.41278, 0.25540, 0.10009, 0.22505, 0.01846, -0.00053, 0.12007, 0.04862, 0.00743, 0.02041, 0.12034, 0.01315, 0.00234, 0.00202 
 5340.0, 4.87570, 0.28683, 1.22409, 4.02679, 0.00319, 0.13737, 2.43401, 0.00380, 0.28984, 0.24111, 0.23264, 0.50516, 0.02808, -0.00053, 0.29944, 0.08291, 0.00003, 0.01454, 0.07718, 0.03775, 0.00357, 0.00332 
 5400.0, 3.64632, 0.29075, 1.04175, 2.14189, 0.00474, 0.11367, 2.14590, 0.00118, 0.22662, 0.23391, 0.12148, 0.26621, 0.01711, -0.00053, 0.13967, 0.05283, 0.00193, 0.01252, 0.06966, 0.02218, 0.00187, 0.00329 
 5460.0, 3.94304, 0.26930, 0.97562, 1.67539, -0.00040, 0.10777, 2.08426, -0.00021, 0.31565, 0.22646, 0.07881, 0.17012, 0.00955, -0.00052, 0.09671, 0.03844, -0.00106, 0.00741, 0.05568, 0.02326, 0.00781, 0.00166 
 5520.0, 4.47726, 0.28300, 1.10295, 2.02863, 0.00345, 0.13454, 2.39169, -0.00021, 0.35387, 0.23386, 0.07090, 0.15375, 0.01037, -0.00052, 0.09078, 0.04424, 0.00453, 0.00994, 0.13041, 0.03064, 0.00797, 0.00435 
 5580.0, 5.16180, 0.28585, 1.15825, 2.21436, 0.00030, 0.14516, 2.62524, -0.00021, 0.29600, 0.25398, 0.12330, 0.20030, 0.01727, -0.00052, 0.12217, 0.04030, 0.01954, 0.02782, 0.13846, 0.03638, 0.00056, 0.00337 
 5640.0, 4.75021, 0.25976, 1.16198, 2.30570, 0.00168, 0.17340, 2.71072, -0.00021, 0.34186, 0.25212, 0.10648, 0.24632, 0.00943, 0.01187, 0.12116, 0.06036, -0.00106, 0.01435, 0.14237, 0.02416, 0.00578, 0.00336 
 5700.0, 3.32012, 0.29386, 1.03230, 2.06407, 0.00283, 0.11681, 2.28227, 0.00386, 0.23688, 0.23987, 0.12796, 0.17870, 0.01374, 0.00017, 0.11248, 0.06159, -0.00015, 0.02779, 0.09467, 0.01510, 0.00301, 0.00269 
 5760.0, 4.25927, 0.25795, 1.00964, 1.55867, 0.00361, 0.12322, 2.12545, -0.00021, 0.24603, 0.21376, 0.08742, 0.14892, 0.02594, -0.00052, 0.11297, 0.04544, 0.00876, 0.02018, 0.11664, 0.01673, 0.00734, 0.00387 
 5820.0, 4.80471, 0.28316, 1.00162, 1.69559, 0.00259, 0.09748, 2.18773, -0.00021, 0.22453, 0.24310, 0.11696, 0.18934, -0.00155, -0.00052, 0.11246, 0.04935, 0.01211, 0.02984, 0.10170, 0.02844, 0.00213, 0.00211 
 5880.0, 5.59753, 0.28561, 1.04221, 2.12812, 0.00305, 0.13565, 2.17061, 0.00183, 0.24553, 0.24998, 0.13961, 0.23527, -0.00155, 0.00332, 0.13006, 0.05810, -0.00106, 0.01851, 0.13155, 0.04232, 0.00547, 0.00342 
 5940.0, 4.28674, 0.27348, 0.96261, 1.79486, 0.00210, 0.14323, 2.14046, 0.00140, 0.24416, 0.23343, 0.09487, 0.18242, -0.00155, -0.00052, 0.11502, 0.05934, -0.00106, 0.02598, 0.11952, 0.04040, 0.00103, 0.00274 
 6000.0, 7.59048, 0.28026, 1.03825, 1.86870, 0.00290, 0.11622, 2.13719, -0.00021, 0.27594, 0.22058, 0.13084, 0.20603, 0.01717, -0.00052, 0.11152, 0.05643, -0.00041, 0.02748, 0.11702, 0.03351, 0.00525, 0.00392 
 6060.0, 8.18876, 0.27756, 0.97651, 2.02377, 0.00586, 0.11225, 2.13551, -0.00021, 0.37673, 0.27305, 0.10747, 0.18966, -0.00156, -0.00051, 0.12852, 0.05912, 0.00910, 0.01363, 0.09440, 0.04444, 0.00248, 0.00554 
 6120.0, 9.88161, 0.25690, 1.05793, 2.11384, 0.00059, 0.14285, 2.17489, -0.00020, 0.40111, 0.25904, 0.14662, 0.20248, 0.01387, -0.00051, 0.10372, 0.05483, -0.00106, 0.01709, 0.15563, 0.04402, 0.00725, 0.00637 
 6180.0, 7.44919, 0.29612, 1.01676, 2.53913, 0.00370, 0.13536, 2.15313, -0.00020, 0.49447, 0.25311, 0.12108, 0.19003, 0.01093, -0.00051, 0.11054, 0.04945, 0.00727, 0.01817, 0.15529, 0.02203, 0.00216, 0.00398 
 6240.0, 7.20303, 0.27103, 0.91148, 1.70007, 0.00829, 0.14218, 2.11228, 0.00198, 0.44585, 0.28547, 0.08609, 0.16027, -0.00156, -0.00051, 0.11078, 0.03435, -0.00106, 0.02149, 0.14523, 0.03950, 0.00585, 0.00471 
 6300.0, 6.14051, 0.26934, 0.96687, 2.08578, 0.00063, 0.12576, 2.10352, -0.00020, 0.53023, 0.29656, 0.11754, 0.16979, -0.00156, 0.00218, 0.11266, 0.04153, 0.01363, 0.01807, 0.15715, 0.02543, 0.01008, 0.00166 
 6360.0, 5.47273, 0.25701, 0.96193, 1.51061, -0.00076, 0.12674, 2.10199, -0.00020, 0.48850, 0.30665, 0.10588, 0.16993, 0.00922, 0.01211, 0.09440, 0.03850, 0.00745, 0.01119, 0.15536, 0.03554, 0.00261, 0.00493 
 6420.0, 4.94409, 0.25838, 0.75602, 1.56367, 0.00118, 0.10236, 2.01909, 0.00738, 0.53906, 0.31109, 0.10372, 0.12795, 0.00646, 0.00592, 0.06085, 0.04097, -0.00105, 0.01888, 0.13067, 0.02036, 0.00434, 0.00174 
 6480.0, 6.31436, 0.26591, 0.98478, 1.87862, 0.00427, 0.11780, 2.12000, -0.00020, 0.55112, 0.31949, 0.12082, 0.18100, 0.00841, 0.01118, 0.09855, 0.04493, 0.01436, 0.02003, 0.18715, 0.04892, 0.01052, 0.00479 
 6540.0, 4.64227, 0.27029, 0.88126, 1.51187, -0.00079, 0.11973, 1.99414, 0.00473, 0.54311, 0.32137, 0.05825, 0.13348, -0.00038, -0.00051, 0.07740, 0.03187, -0.00105, 0.01751, 0.14308, 0.01696, 0.01071, 0.00066 
 6600.0, 5.34217, 0.25355, 0.78134, 1.30364, 0.00214, 0.09590, 1.97402, 0.01042, 0.49748, 0.29310, 0.05319, 0.12219, 0.00768, -0.00051, 0.05948, 0.02625, -0.00105, 0.00621, 0.08257, 0.01743, 0.00363, 0.00189 
 6660.0, 5.82871, 0.25693, 0.82903, 2.05971, -0.00050, 0.13450, 2.04179, 0.01312, 0.59894, 0.30769, 0.09752, 0.15357, -0.00158, 0.00609, 0.08109, 0.03661, 0.00210, 0.01648, 0.11641, 0.03796, 0.00736, 0.00317 
 6720.0, 5.63682, 0.25890, 0.83672, 1.88127, 0.00360, 0.12402, 2.08824, 0.00267, 0.59784, 0.31522, 0.10988, 0.16578, 0.00561, -0.00050, 0.09027, 0.04606, 0.00283, 0.00991, 0.17035, 0.02408, 0.00492, 0.00198 
 6780.0, 5.79658, 0.27856, 0.93559, 2.20136, 0.00247, 0.12377, 2.13888, -0.00020, 0.60510, 0.28087, 0.12542, 0.21418, 0.02070, -0.00050, 0.13306, 0.05492, -0.00105, 0.02535, 0.15017, 0.03748, 0.00747, 0.00312 
 6840.0, 5.58794, 0.26896, 0.87783, 1.85804, 0.00348, 0.14293, 2.04713, -0.00020, 0.60743, 0.34084, 0.11640, 0.21646, -0.00158, -0.00050, 0.16049, 0.08885, -0.00105, 0.03272, 0.13422, 0.04294, 0.00341, 0.00330 
 6900.0, 6.56437, 0.29230, 0.94196, 2.24965, 0.00349, 0.16260, 2.13615, 0.00701, 0.81156, 0.33119, 0.18945, 0.30007, 0.03072, -0.00050, 0.18656, 0.10568, 0.00588, 0.04433, 0.14096, 0.01874, 0.00289, 0.00270 
 6960.0, 5.85303, 0.27931, 0.95510, 2.27702, 0.00041, 0.12381, 2.12333, -0.00020, 0.79878, 0.34585, 0.18753, 0.27975, 0.02691, -0.00050, 0.17758, 0.11483, 0.00379, 0.05413, 0.16779, 0.02554, 0.00452, 0.00639 
 7020.0, 6.39446, 0.25819, 1.10899, 2.44263, 0.00239, 0.16948, 2.15924, -0.00020, 0.77606, 0.36896, 0.18444, 0.34589, 0.02432, 0.00051, 0.24491, 0.15651, -0.00105, 0.07045, 0.17380, 0.01855, 0.00622, 0.00395 
 7080.0, 7.70276, 0.26434, 1.31164, 4.89974, 0.00318, 0.16551, 2.24071, -0.00020, 0.82242, 0.37647, 0.30389, 0.61568, 0.05282, 0.00569, 0.39299, 0.20351, -0.00105, 0.07881, 0.16811, 0.02477, 0.01109, 0.00315 
 7140.0, 6.60936, 0.27489, 1.22759, 2.22167, 0.00070, 0.15650, 2.25903, -0.00020, 0.81844, 0.38581, 0.24999, 0.35656, 0.05394, -0.00050, 0.27514, 0.16333, -0.00105, 0.09350, 0.18828, 0.04267, 0.01149, 0.00619 
 7200.0, 5.49912, 0.26653, 0.97789, 2.14883, 0.00360, 0.14629, 2.12377, 0.00640, 0.84891, 0.37909, 0.14307, 0.29191, 0.02897, -0.00050, 0.19845, 0.16420, 0.00317, 0.11290, 0.17743, 0.01793, 0.01308, 0.00359 
 7260.0, 6.91258, 0.26705, 1.13192, 2.56287, 0.00125, 0.16574, 2.17483, 0.00007, 0.92233, 0.38385, 0.22194, 0.36769, 0.04110, 0.02215, 0.24845, 0.17723, -0.00105, 0.07806, 0.18772, 0.03460, 0.01790, 0.00375 
 7320.0, 6.37370, 0.25701, 1.02571, 2.09506, -0.00078, 0.15772, 2.11246, 0.00702, 0.77257, 0.37696, 0.14262, 0.28739, 0.03360, 0.00144, 0.15742, 0.12130, -0.00105, 0.09151, 0.16471, 0.02560, 0.02005, 0.00242 
 7380.0, 7.97148, 0.28083, 1.25735, 2.86956, 0.00250, 0.18938, 2.26661, 0.00022, 0.83331, 0.37406, 0.19691, 0.39220, 0.04553, 0.00113, 0.26475, 0.17620, -0.00104, 0.10198, 0.19763, 0.03760, 0.00936, 0.00816 
 7440.0, 8.11381, 0.28467, 1.15038, 3.04465, 0.00354, 0.15292, 2.25023, 0.01613, 0.86008, 0.37417, 0.19171, 0.29149, 0.05182, -0.00049, 0.20106, 0.13333, 0.00886, 0.08776, 0.24501, 0.03755, 0.01199, 0.00582 
 7500.0, 7.98779, 0.28572, 1.25640, 3.19043, 0.00176, 0.18554, 2.32784, -0.00019, 0.89040, 0.38707, 0.19185, 0.40974, 0.02084, -0.00049, 0.24983, 0.15391, 0.00272, 0.05698, 0.23225, 0.05026, 0.01738, 0.00645 
 7560.0, 7.29901, 0.27551, 1.14804, 2.78904, 0.00084, 0.16418, 2.24047, 0.00768, 0.73655, 0.36144, 0.15143, 0.28147, 0.03765, 0.00628, 0.17124, 0.10540, -0.00104, 0.06723, 0.23419, 0.03386, 0.01478, 0.00909 
 7620.0, 7.47859, 0.27302, 1.10210, 3.02744, -0.00018, 0.17558, 2.18338, -0.00019, 0.79056, 0.37248, 0.12079, 0.24166, 0.03051, 0.00140, 0.12401, 0.09525, 0.00273, 0.05509, 0.23305, 0.03894, 0.01306, 0.00465 
 7680.0, 7.12965, 0.27422, 1.10796, 3.02617, 0.00193, 0.15993, 2.15430, -0.00019, 0.78867, 0.36516, 0.17189, 0.28084, 0.02308, -0.00002, 0.16776, 0.09161, 0.00626, 0.05263, 0.22826, 0.02084, 0.01943, 0.00500 
 7740.0, 7.53051, 0.26152, 1.17221, 3.21004, 0.00119, 0.14490, 2.25223, -0.00019, 0.85337, 0.34807, 0.14959, 0.27376, 0.02340, -0.00049, 0.17246, 0.08907, -0.00104, 0.05711, 0.25250, 0.03384, 0.01457, 0.00487 
 7800.0, 7.66447, 0.29270, 1.07314, 3.31337, 0.00294, 0.15082, 2.21093, 0.00538, 0.97978, 0.35281, 0.14970, 0.26584, 0.02937, -0.00048, 0.15651, 0.08865, 0.00021, 0.03472, 0.23644, 0.03395, 0.01212, 0.00358 
 7860.0, 8.44617, 0.29309, 1.35722, 4.26000, 0.00140, 0.14764, 2.26010, -0.00019, 0.89559, 0.39125, 0.29599, 0.55940, 0.00770, 0.00464, 0.31570, 0.12296, 0.00862, 0.05348, 0.22819, 0.01931, 0.01372, 0.00222 
 7920.0, 7.57352, 0.28341, 1.16615, 3.44635, 0.00704, 0.17547, 2.21033, -0.00019, 0.96193, 0.37159, 0.16879, 0.26772, 0.02289, -0.00048, 0.16236, 0.09169, 0.01095, 0.04164, 0.27030, 0.03116, 0.01059, 0.00432 
 7980.0, 5.99054, 0.27096, 1.04762, 2.64283, -0.00037, 0.15009, 2.15059, -0.00019, 0.93643, 0.36993, 0.15812, 0.25670, -0.00162, 0.00261, 0.13818, 0.09237, 0.01253, 0.03254, 0.26191, 0.03215, 0.00858, 0.00547 
 8040.0, 7.79091, 0.27893, 1.14133, 4.23754, -0.00001, 0.16574, 2.31252, 0.00117, 0.98468, 0.36126, 0.17136, 0.36376, -0.00162, -0.00048, 0.17623, 0.08712, 0.01720, 0.03961, 0.28364, 0.04975, 0.01026, 0.00730 
 8100.0, 8.75036, 0.27148, 1.17832, 3.13159, 0.00233, 0.14068, 2.25162, -0.00019, 1.01836, 0.36368, 0.12099, 0.28116, 0.01952, -0.00048, 0.15368, 0.06946, -0.00104, 0.03960, 0.23355, 0.03676, 0.01444, 0.00329 
 8160.0, 6.63919, 0.27648, 1.07631, 3.34769, 0.00344, 0.17196, 2.19621, -0.00019, 0.99222, 0.37142, 0.11388, 0.23750, 0.02191, 0.01299, 0.12915, 0.06691, 0.00572, 0.05000, 0.24708, 0.02785, 0.00932, 0.00786 
 8220.0, 7.77792, 0.27155, 1.20816, 3.17678, 0.00392, 0.14447, 2.30121, 0.00888, 1.02320, 0.35355, 0.12367, 0.27158, 0.02848, -0.00048, 0.15975, 0.07492, 0.00854, 0.03765, 0.25456, 0.05124, 0.01190, 0.00829 
 8280.0, 8.61787, 0.26738, 1.29432, 3.62685, 0.00322, 0.15827, 2.32395, -0.00019, 1.00299, 0.39067, 0.16799, 0.30264, -0.00009, 0.00533, 0.18248, 0.09017, 0.00276, 0.03361, 0.28213, 0.05178, 0.01457, 0.00789 
 8340.0, 9.02273, 0.28100, 1.22870, 3.38122, 0.00305, 0.16780, 2.22499, 0.00454, 1.00906, 0.34881, 0.18005, 0.27593, 0.01167, -0.00048, 0.14266, 0.07311, 0.00452, 0.04797, 0.25401, 0.05221, 0.01029, 0.00468 
 8400.0, 9.12668, 0.27900, 1.30132, 3.62165, 0.00232, 0.16338, 2.43389, 0.01346, 0.99340, 0.38153, 0.14990, 0.29892, 0.03372, -0.00047, 0.15671, 0.07761, 0.01169, 0.03423, 0.31368, 0.03608, 0.00952, 0.00912 
 8460.0, 8.17103, 0.27198, 1.60406, 14.23512, 0.00488, 0.21300, 2.37733, 0.00772, 1.11870, 0.37247, 0.86266, 2.21130, 0.10140, -0.00047, 1.20165, 0.33383, 0.02413, 0.03166, 0.28546, 0.06395, 0.01026, 0.00551 
 8520.0, 6.99671, 0.26644, 1.05680, 2.72110, 0.00465, 0.13712, 2.20057, -0.00018, 1.02672, 0.35119, 0.14713, 0.24050, 0.02004, 0.01459, 0.12765, 0.05725, -0.00103, 0.03181, 0.26128, 0.04496, 0.00881, 0.00503 
 8580.0, 8.19635, 0.26587, 1.26814, 5.79902, 0.00455, 0.16533, 2.37837, 0.01300, 1.01113, 0.38954, 0.32764, 0.75731, 0.04982, -0.00047, 0.39817, 0.14389, 0.00893, 0.03856, 0.32397, 0.06063, 0.00907, 0.00764 
 8640.0, 7.35017, 0.27680, 1.07586, 2.70824, 0.00243, 0.14077, 2.24464, -0.00018, 0.93984, 0.36198, 0.10867, 0.25781, -0.00164, 0.00287, 0.13990, 0.06525, -0.00103, 0.01661, 0.23851, 0.04394, 0.00732, 0.00598 
 8700.0, 6.00611, 0.27754, 1.11951, 2.77980, 0.00130, 0.17137, 2.27083, -0.00018, 1.04239, 0.34854, 0.15536, 0.26451, 0.01409, 0.00143, 0.14930, 0.06875, -0.00103, 0.02751, 0.24742, 0.03628, 0.00700, 0.00677 
 8760.0, 7.18812, 0.25071, 1.11264, 2.30365, 0.00087, 0.15410, 2.17376, -0.00018, 0.98382, 0.34995, 0.19469, 0.22916, 0.02716, 0.00649, 0.13464, 0.05819, 0.00195, 0.01423, 0.23719, 0.03972, 0.00952, 0.00559 
 8820.0, 7.64591, 0.27905, 1.18836, 2.67429, 0.00307, 0.16972, 2.30417, -0.00018, 0.99168, 0.37121, 0.17232, 0.25340, -0.00164, 0.00787, 0.13876, 0.05930, 0.00179, 0.03394, 0.26789, 0.05544, 0.00592, 0.00529 
