CampaignData_and_Merges/R0/CSL_MobileLab_Parked/raw/20240801/USOS-jNO2_MobileLabGround_20240801_R0.ict
52,1001
Waxman, E.; Rollins, A.; Zuraski, K.; Chace, W.
NOAA Chemical Sciences Laboratory
jNO2 filter radiometer on CSL Mobile Lab
AMMBEC / USOS
1, 1
2024,08,01, 2025,04,01
60
Time_Start, seconds, number_of_seconds_since_0000_UTC
20
1, 1, 1, 1, 1, 1, 1, 1, 1, 1, 1, 1, 1, 1, 1, 1, 1, 1, 1, 1
-9999, -9999, -9999, -9999, -9999, -9999, -9999, -9999, -9999, -9999, -9999, -9999, -9999, -9999, -9999, -9999, -9999, -9999, -9999, -9999
Time_Stop, seconds, number_of_seconds_since_0000_UTC
jNO2_meas, per second, photolysis rate of NO2 measured using a filter radiometer.
jBrCl, per second, photolysis rate of BrCl -> Br + Cl calculated in TUV for cloud-free sky with local AOD
jBr2, per second, photolysis rate of Br2 -> Br + Br calculated in TUV for cloud-free sky with local AOD
jCCl4, per second, photolysis rate of CCl4 -> Products calcualted in TUV for cloud-free sky with local AOD
jCH2Oa, per second, photolysis rate of CH2O -> H + HCO calculated in TUV for cloud-free sky with local AOD
jCH2Ob, per second, photolysis rate of CH2O -> H2 + CO calculated in TUV for cloud-free sky with local AOD
jClNO2, per second, photolysis rate of ClNO2 -> Cl + NO2 calculated in TUV for cloud-free sky with local AOD
jClOa, per second, photolysis rate of ClO -> Cl + O(1D) calculated in TUV for cloud-free sky with local AOD
jClOb, per second, photolysis rate of ClO -> Cl + O(3P) calculated in TUV for cloud-free sky with local AOD
jCl2, per second, photolysis rate of Cl2 -> Cl + Cl calculated in TUV for cloud-free sky with local AOD
jHNO2, per second, photolysis rate of HNO2 -> OH + NO calculated in TUV for cloud-free sky with local AOD
jHNO3, per second, photolysis rate of HNO3 -> OH + NO2 calculated in TUV for cloud-free sky with local AOD
jI2, per second, photolysis rate of I2 -> I + I calculated in TUV for cloud-free sky with local AOD
jNO2, per second, photolysis rate of NO2 -> NO + O(3P) calculated in TUV for cloud-free sky with local AOD
jNO3a, per second, photolysis rate of NO3 -> NO + O2 calculated in TUV for cloud-free sky with local AOD
jNO3b, per second, photolysis rate of NO3 -> NO2 + O(3P) calculated in TUV for cloud-free sky with local AOD
jN2O5, per second, photolysis rate of N2O5 -> NO3 + NO + O(3P) calculated in TUV for cloud-free sky with local AOD
jO3, per second, photolysis rate of O3 -> O2 + O(1D) calculated in TUV for cloud-free sky with local AOD
AOD_500nm, unitless, UTC daily mean AOD at 500 nm from an AERONET station located at 40.178 N, -112.452 E
0
18
PI_CONTACT_INFO: eleanor.waxman@noaa.gov
PLATFORM: CSL Mobile Lab, at ground site
LOCATION: Salt Lake City, UT
ASSOCIATED_DATA:
INSTRUMENT_INFO: jNO2 filter radiometer.  TUV calculations are for mobile van lat/lon/altitude assuming clear sky (cloud AOD = 0) and daily mean AOD.
DATA_INFO:
UNCERTAINTY: Data uncertainties are +/- 20%.  These come from uncertainties in radiometer angular response, radiometer thermal response, local interferences from clouds/aerosols/shadows etc.
ULOD_FLAG: -7777
ULOD_VALUE: N/A
LLOD_FLAG: -8888
LLOD_VALUE: N/A
DM_CONTACT_INFO: eleanor.waxman@noaa.gov
PROJECT_INFO: USOS Project, July - August 2024
STIPULATIONS_ON_USE: Users are strongly encouraged to contact the PI for proper data usage.
OTHER_COMMENTS: 
REVISION: R0
R0: final data
Time_Start, Time_Stop, jNO2_meas, jBrCl, jBr2, jCCl4, jCH2Oa, jCH2Ob, jClNO2, jClOa, jClOb, jCl2, jHNO2, jHNO3, jI2, jNO2, jNO3a, jNO3b, jN2O5, jO3, AOD_500nm
[from data line 711]
   42660,   42720,-9999,4.189e-07,1.12e-06,1.735e-29,4.651e-10,1.352e-09,1.399e-08,6.86e-30,1.95e-10,8.215e-08,6.151e-08,5.504e-12,2.709e-06,3.768e-07,2.728e-07,3.279e-06,1.079e-09,1.366e-10,0.241
   42720,   42780,-9999,5.379e-07,1.43e-06,2.409e-29,6.106e-10,1.761e-09,1.817e-08,9.525e-30,2.579e-10,1.064e-07,7.955e-08,7.232e-12,3.43e-06,4.861e-07,3.382e-07,4.127e-06,1.403e-09,1.801e-10,0.241
   42780,   42840,-9999,6.683e-07,1.772e-06,3.243e-29,7.714e-10,2.21e-09,2.275e-08,1.283e-29,3.281e-10,1.329e-07,9.925e-08,9.144e-12,4.233e-06,6.056e-07,4.12e-07,5.076e-06,1.758e-09,2.286e-10,0.241
   42840,   42900,-9999,8.408e-07,2.225e-06,4.455e-29,9.9e-10,2.811e-09,2.887e-08,1.764e-29,4.271e-10,1.681e-07,1.253e-07,1.176e-11,5.3e-06,7.637e-07,5.113e-07,6.34e-06,2.234e-09,2.965e-10,0.241
   42900,   42960,-9999,1.056e-06,2.795e-06,6.071e-29,1.263e-09,3.557e-09,3.645e-08,2.406e-29,5.531e-10,2.119e-07,1.577e-07,1.505e-11,6.658e-06,9.603e-07,6.39e-07,7.952e-06,2.824e-09,3.828e-10,0.241
   42960,   43020,-9999,1.314e-06,3.479e-06,8.115e-29,1.586e-09,4.437e-09,4.543e-08,3.219e-29,7.055e-10,2.637e-07,1.96e-07,1.896e-11,8.3e-06,1.194e-06,7.962e-07,9.905e-06,3.523e-09,4.87e-10,0.241
   43020,   43080,-9999,1.618e-06,4.299e-06,1.054e-28,1.961e-09,5.46e-09,5.587e-08,4.183e-29,8.816e-10,3.242e-07,2.407e-07,2.35e-11,1.031e-05,1.466e-06,9.959e-07,1.232e-05,4.337e-09,6.074e-10,0.241
   43080,   43140,-9999,2.001e-06,5.336e-06,1.384e-28,2.428e-09,6.729e-09,6.888e-08,5.5e-29,1.107e-09,3.996e-07,2.966e-07,2.92e-11,1.288e-05,1.808e-06,1.256e-06,1.54e-05,5.35e-09,7.613e-10,0.241
   43140,   43200,-9999,2.471e-06,6.625e-06,1.759e-28,2.962e-09,8.213e-09,8.423e-08,6.994e-29,1.361e-09,4.896e-07,3.635e-07,3.57e-11,1.61e-05,2.219e-06,1.588e-06,1.929e-05,6.541e-09,9.352e-10,0.241
   43200,   43260,-9999,3e-06,8.087e-06,2.25e-28,3.589e-09,9.919e-09,1.018e-07,8.953e-29,1.669e-09,5.918e-07,4.392e-07,4.338e-11,1.986e-05,2.684e-06,1.996e-06,2.389e-05,7.908e-09,1.145e-09,0.241
   43260,   43320,-9999,3.731e-06,1.014e-05,2.84e-28,4.368e-09,1.211e-08,1.247e-07,1.131e-28,2.04e-09,7.276e-07,5.403e-07,5.29e-11,2.516e-05,3.313e-06,2.575e-06,3.037e-05,9.684e-09,1.4e-09,0.241
   43320,   43380,-9999,4.479e-06,1.225e-05,3.524e-28,5.189e-09,1.44e-08,1.485e-07,1.405e-28,2.442e-09,8.673e-07,6.439e-07,6.298e-11,3.075e-05,3.956e-06,3.218e-06,3.731e-05,1.153e-08,1.675e-09,0.241
   43380,   43440,2.1991e-07,5.424e-06,1.495e-05,4.308e-28,6.158e-09,1.716e-08,1.773e-07,1.718e-28,2.9e-09,1.039e-06,7.718e-07,7.479e-11,3.808e-05,4.754e-06,4.088e-06,4.648e-05,1.376e-08,1.991e-09,0.241
   43440,   43500,-9999,6.7e-06,1.865e-05,5.289e-28,7.38e-09,2.072e-08,2.15e-07,2.11e-28,3.467e-09,1.266e-06,9.408e-07,8.967e-11,4.82e-05,5.817e-06,5.321e-06,5.92e-05,1.666e-08,2.385e-09,0.241
   43500,   43560,2.1624e-06,8.043e-06,2.258e-05,6.403e-28,8.679e-09,2.449e-08,2.547e-07,2.556e-28,4.075e-09,1.504e-06,1.118e-06,1.055e-10,5.917e-05,6.932e-06,6.713e-06,7.316e-05,1.972e-08,2.807e-09,0.241
   43560,   43620,2.1223e-06,9.663e-06,2.738e-05,7.615e-28,1.016e-08,2.885e-08,3.01e-07,3.041e-28,4.739e-09,1.784e-06,1.328e-06,1.233e-10,7.296e-05,8.254e-06,8.543e-06,9.095e-05,2.329e-08,3.272e-09,0.241
   43620,   43680,1.4346e-06,1.161e-05,3.321e-05,9.004e-28,1.186e-08,3.397e-08,3.555e-07,3.596e-28,5.49e-09,2.115e-06,1.575e-06,1.439e-10,9.003e-05,9.824e-06,1.087e-05,0.0001132,2.747e-08,3.8e-09,0.241
   43680,   43740,4.2607e-06,1.379e-05,3.983e-05,1.049e-27,1.372e-08,3.957e-08,4.155e-07,4.192e-28,6.288e-09,2.482e-06,1.849e-06,1.661e-10,0.0001097,1.157e-05,1.364e-05,0.0001391,3.206e-08,4.364e-09,0.241
   43740,   43800,-9999,1.648e-05,4.808e-05,1.224e-27,1.593e-08,4.634e-08,4.881e-07,4.889e-28,7.217e-09,2.928e-06,2.182e-06,1.925e-10,0.0001348,1.37e-05,1.725e-05,0.0001724,3.762e-08,5.024e-09,0.241
   43800,   43860,7.7626e-06,1.965e-05,5.788e-05,1.418e-27,1.846e-08,5.413e-08,5.719e-07,5.665e-28,8.25e-09,3.445e-06,2.569e-06,2.224e-10,0.0001652,1.617e-05,2.174e-05,0.0002131,4.403e-08,5.762e-09,0.241
   43860,   43920,3.4978e-06,2.317e-05,6.887e-05,1.622e-27,2.119e-08,6.264e-08,6.636e-07,6.484e-28,9.341e-09,4.013e-06,2.993e-06,2.546e-10,0.0001998,1.891e-05,2.694e-05,0.0002599,5.103e-08,6.545e-09,0.241
   43920,   43980,1.2403e-05,2.75e-05,8.254e-05,1.861e-27,2.448e-08,7.295e-08,7.751e-07,7.436e-28,1.062e-08,4.706e-06,3.511e-06,2.932e-10,0.0002436,2.224e-05,3.364e-05,0.0003195,5.953e-08,7.468e-09,0.241
   43980,   44040,1.966e-06,3.264e-05,9.885e-05,2.125e-27,2.829e-08,8.497e-08,9.053e-07,8.489e-28,1.206e-08,5.518e-06,4.117e-06,3.377e-10,0.0002965,2.616e-05,4.185e-05,0.000392,6.945e-08,8.516e-09,0.241
   44040,   44100,1.94e-05,3.676e-05,0.0001122,2.328e-27,3.138e-08,9.459e-08,1.009e-06,9.299e-28,1.318e-08,6.161e-06,4.595e-06,3.731e-10,0.0003424,2.925e-05,4.946e-05,0.0004567,7.733e-08,9.328e-09,0.241
   44100,   44160,2.5269e-05,4.29e-05,0.0001321,2.618e-27,3.585e-08,1.087e-07,1.162e-06,1.046e-27,1.479e-08,7.118e-06,5.306e-06,4.247e-10,0.0004093,3.386e-05,6.024e-05,0.0005498,8.897e-08,1.051e-08,0.241
   44160,   44220,2.4237e-05,5.054e-05,0.0001569,2.957e-27,4.129e-08,1.26e-07,1.349e-06,1.181e-27,1.672e-08,8.296e-06,6.184e-06,4.872e-10,0.0004928,3.957e-05,7.362e-05,0.0006662,1.033e-07,1.193e-08,0.241
   44220,   44280,2.99e-05,5.606e-05,0.0001753,3.187e-27,4.531e-08,1.385e-07,1.483e-06,1.272e-27,1.807e-08,9.135e-06,6.803e-06,5.326e-10,0.0005593,4.36e-05,8.516e-05,0.0007621,1.135e-07,1.292e-08,0.241
   44280,   44340,3.4928e-05,6.56e-05,0.0002066,3.57e-27,5.2e-08,1.598e-07,1.714e-06,1.425e-27,2.035e-08,1.059e-05,7.882e-06,6.087e-10,0.0006669,5.064e-05,0.0001027,0.0009135,1.31e-07,1.461e-08,0.241
   44340,   44400,3.7745e-05,7.281e-05,0.000231,3.84e-27,5.717e-08,1.757e-07,1.885e-06,1.531e-27,2.202e-08,1.166e-05,8.672e-06,6.665e-10,0.0007566,5.581e-05,0.0001185,0.001044,1.441e-07,1.585e-08,0.241
   44400,   44460,4.7839e-05,8.199e-05,0.0002618,4.169e-27,6.362e-08,1.959e-07,2.103e-06,1.662e-27,2.411e-08,1.304e-05,9.686e-06,7.387e-10,0.0008668,6.246e-05,0.0001372,0.001202,1.607e-07,1.74e-08,0.241
   44460,   44520,5.1599e-05,9.333e-05,0.0002997,4.563e-27,7.154e-08,2.207e-07,2.372e-06,1.818e-27,2.666e-08,1.473e-05,1.094e-05,8.274e-10,0.001002,7.068e-05,0.0001602,0.001397,1.812e-07,1.929e-08,0.241
   44520,   44580,5.8588e-05,0.000103,0.0003328,4.875e-27,7.842e-08,2.417e-07,2.598e-06,1.941e-27,2.879e-08,1.615e-05,1.198e-05,9.033e-10,0.001125,7.754e-05,0.0001822,0.001578,1.984e-07,2.088e-08,0.241
   44580,   44640,6.4345e-05,0.0001135,0.0003687,5.202e-27,8.59e-08,2.646e-07,2.844e-06,2.07e-27,3.11e-08,1.771e-05,1.312e-05,9.858e-10,0.001258,8.504e-05,0.0002057,0.001773,2.172e-07,2.26e-08,0.241
   44640,   44700,6.998e-05,0.0001265,0.0004126,5.59e-27,9.508e-08,2.928e-07,3.147e-06,2.223e-27,3.391e-08,1.962e-05,1.452e-05,1.087e-09,0.001419,9.431e-05,0.0002339,0.002008,2.403e-07,2.47e-08,0.241
   44700,   44760,7.8729e-05,0.0001415,0.0004631,6.027e-27,1.058e-07,3.257e-07,3.501e-06,2.395e-27,3.715e-08,2.185e-05,1.616e-05,1.205e-09,0.001603,0.0001051,0.000266,0.002277,2.673e-07,2.713e-08,0.241
   44760,   44820,8.7031e-05,0.0001576,0.0005171,7.399e-27,1.173e-07,3.614e-07,3.886e-06,2.615e-27,4.064e-08,2.427e-05,1.795e-05,1.332e-09,0.001799,0.0001168,0.0003009,0.002564,2.966e-07,2.974e-08,0.241
   44820,   44880,9.3051e-05,0.0001726,0.0005684,7.677e-27,1.284e-07,3.947e-07,4.242e-06,2.768e-27,4.392e-08,2.65e-05,1.958e-05,1.453e-09,0.001991,0.0001276,0.000336,0.00285,3.238e-07,3.219e-08,0.241
   44880,   44940,0.00010604,0.0001881,0.0006212,8.003e-27,1.4e-07,4.291e-07,4.609e-06,2.92e-27,4.731e-08,2.88e-05,2.126e-05,1.578e-09,0.00219,0.0001386,0.0003727,0.003147,3.519e-07,3.472e-08,0.241
   44940,   45000,0.00011411,0.0002035,0.0006737,8.325e-27,1.516e-07,4.634e-07,4.975e-06,3.067e-27,5.071e-08,3.109e-05,2.293e-05,1.704e-09,0.002388,0.0001496,0.0004098,0.003445,3.799e-07,3.724e-08,0.241
   45000,   45060,0.000128,0.0002206,0.0007321,8.68e-27,1.648e-07,5.019e-07,5.384e-06,3.226e-27,5.453e-08,3.364e-05,2.479e-05,1.846e-09,0.00261,0.0001619,0.000452,0.003781,4.112e-07,4.008e-08,0.241
   45060,   45120,0.0001368,0.0002384,0.000793,9.064e-27,1.787e-07,5.423e-07,5.812e-06,3.387e-27,5.856e-08,3.63e-05,2.673e-05,1.996e-09,0.002842,0.0001746,0.0004975,0.004136,4.441e-07,4.307e-08,0.241
   45120,   45180,0.00014675,0.0002558,0.0008528,9.427e-27,1.925e-07,5.822e-07,6.233e-06,3.541e-27,6.257e-08,3.892e-05,2.863e-05,2.146e-09,0.003073,0.0001872,0.0005439,0.004492,4.764e-07,4.603e-08,0.241
   45180,   45240,0.00016107,0.0002751,0.0009189,9.831e-27,2.08e-07,6.264e-07,6.7e-06,3.706e-27,6.705e-08,4.182e-05,3.073e-05,2.312e-09,0.003331,0.000201,0.0005974,0.004893,5.123e-07,4.933e-08,0.241
   45240,   45300,0.00017289,0.0002951,0.0009876,1.024e-26,2.243e-07,6.726e-07,7.185e-06,3.872e-27,7.177e-08,4.482e-05,3.291e-05,2.487e-09,0.003602,0.0002153,0.0006555,0.00532,5.496e-07,5.279e-08,0.241
   45300,   45360,0.00018511,0.0003145,0.001055,1.063e-26,2.404e-07,7.176e-07,7.658e-06,4.03e-27,7.643e-08,4.774e-05,3.502e-05,2.66e-09,0.003871,0.0002292,0.0007149,0.005749,5.86e-07,5.62e-08,0.241
   45360,   45420,0.00019973,0.0003358,0.001129,1.105e-26,2.583e-07,7.673e-07,8.179e-06,4.198e-27,8.163e-08,5.095e-05,3.734e-05,2.852e-09,0.004172,0.0002444,0.0007833,0.006234,6.261e-07,5.999e-08,0.241
   45420,   45480,0.0002088,0.0003578,0.001206,1.148e-26,2.77e-07,8.186e-07,8.715e-06,4.366e-27,8.707e-08,5.424e-05,3.972e-05,3.052e-09,0.00449,0.00026,0.0008572,0.00675,6.675e-07,6.393e-08,0.241
   45480,   45540,0.00022162,0.0003792,0.001281,1.188e-26,2.954e-07,8.686e-07,9.237e-06,4.526e-27,9.245e-08,5.745e-05,4.202e-05,3.249e-09,0.004806,0.0002751,0.0009325,0.00727,7.079e-07,6.782e-08,0.241
   45540,   45600,0.00023793,0.0004026,0.001364,1.232e-26,3.157e-07,9.235e-07,9.809e-06,4.697e-27,9.844e-08,6.096e-05,4.454e-05,3.468e-09,0.005161,0.0002916,0.001018,0.007857,7.521e-07,7.212e-08,0.241
   45600,   45660,0.00025452,0.0004269,0.001451,1.277e-26,3.369e-07,9.802e-07,1.04e-05,4.868e-27,1.047e-07,6.457e-05,4.713e-05,3.695e-09,0.005535,0.0003086,0.001111,0.008482,7.977e-07,7.66e-08,0.241
   45660,   45720,0.00026534,0.0004504,0.001535,1.318e-26,3.577e-07,1.035e-06,1.097e-05,5.03e-27,1.109e-07,6.806e-05,4.962e-05,3.918e-09,0.005907,0.000325,0.001203,0.009106,8.419e-07,8.1e-08,0.241
   45720,   45780,0.000284,0.0004762,0.001629,1.363e-26,3.806e-07,1.095e-06,1.159e-05,5.202e-27,1.178e-07,7.186e-05,5.233e-05,4.164e-09,0.006323,0.0003428,0.001307,0.009806,8.902e-07,8.586e-08,0.241
   45780,   45840,0.00029921,0.0005027,0.001726,1.408e-26,4.042e-07,1.157e-06,1.223e-05,5.374e-27,1.25e-07,7.576e-05,5.51e-05,4.418e-09,0.00676,0.000361,0.001417,0.01054,9.397e-07,9.089e-08,0.241
   45840,   45900,0.00031788,0.0005286,0.001821,1.451e-26,4.274e-07,1.216e-06,1.285e-05,5.537e-27,1.32e-07,7.953e-05,5.778e-05,4.668e-09,0.007192,0.0003786,0.001526,0.01128,9.878e-07,9.584e-08,0.241
   45900,   45960,0.00032948,0.0005569,0.001925,1.496e-26,4.528e-07,1.281e-06,1.352e-05,5.711e-27,1.399e-07,8.364e-05,6.068e-05,4.942e-09,0.007673,0.0003978,0.001648,0.01209,1.04e-06,1.013e-07,0.241
   45960,   46020,0.0003475,0.0005862,0.002034,1.542e-26,4.791e-07,1.348e-06,1.421e-05,5.886e-27,1.481e-07,8.785e-05,6.365e-05,5.227e-09,0.008176,0.0004174,0.001775,0.01295,1.094e-06,1.07e-07,0.241
   46020,   46080,0.00036329,0.0006146,0.002141,1.586e-26,5.047e-07,1.413e-06,1.487e-05,6.05e-27,1.561e-07,9.191e-05,6.651e-05,5.504e-09,0.008669,0.0004363,0.001899,0.01378,1.146e-06,1.125e-07,0.241
   46080,   46140,0.00038451,0.0006455,0.002257,1.632e-26,5.327e-07,1.482e-06,1.559e-05,6.225e-27,1.65e-07,9.631e-05,6.96e-05,5.807e-09,0.009213,0.0004567,0.002035,0.01471,1.202e-06,1.186e-07,0.241
   46140,   46200,0.00039825,0.0006775,0.002378,1.679e-26,5.617e-07,1.554e-06,1.633e-05,6.401e-27,1.744e-07,0.0001008,7.277e-05,6.122e-09,0.009779,0.0004778,0.002177,0.01567,1.26e-06,1.249e-07,0.241
   46200,   46260,0.00041584,0.0007086,0.002496,1.723e-26,5.898e-07,1.623e-06,1.704e-05,6.567e-27,1.835e-07,0.0001052,7.581e-05,6.428e-09,0.01033,0.000498,0.002314,0.0166,1.316e-06,1.311e-07,0.241
   46260,   46320,0.0004347,0.0007425,0.002625,1.77e-26,6.206e-07,1.698e-06,1.782e-05,6.745e-27,1.936e-07,0.0001099,7.911e-05,6.764e-09,0.01094,0.00052,0.002463,0.01763,1.376e-06,1.378e-07,0.241
   46320,   46380,0.0004532,0.0007773,0.002758,1.818e-26,6.522e-07,1.775e-06,1.861e-05,6.923e-27,2.041e-07,0.0001148,8.249e-05,7.111e-09,0.01156,0.0005425,0.002617,0.01868,1.439e-06,1.449e-07,0.241
   46380,   46440,0.00047073,0.0008111,0.002887,1.863e-26,6.829e-07,1.849e-06,1.937e-05,7.091e-27,2.145e-07,0.0001194,8.573e-05,7.447e-09,0.01216,0.0005642,0.002764,0.0197,1.498e-06,1.517e-07,0.241
   46440,   46500,0.00049122,0.0008477,0.003028,1.91e-26,7.163e-07,1.928e-06,2.02e-05,7.269e-27,2.258e-07,0.0001245,8.923e-05,7.815e-09,0.01282,0.0005877,0.002924,0.02081,1.563e-06,1.592e-07,0.241
   46500,   46560,0.00051179,0.0008855,0.003173,1.959e-26,7.507e-07,2.01e-06,2.104e-05,7.449e-27,2.377e-07,0.0001296,9.282e-05,8.194e-09,0.0135,0.0006118,0.003086,0.02194,1.63e-06,1.671e-07,0.241
   46560,   46620,0.00052692,0.0009219,0.003312,2.005e-26,7.84e-07,2.089e-06,2.185e-05,7.619e-27,2.493e-07,0.0001346,9.627e-05,8.563e-09,0.01415,0.000635,0.003242,0.02303,1.694e-06,1.746e-07,0.241
   46620,   46680,0.00055152,0.0009615,0.003464,2.054e-26,8.203e-07,2.174e-06,2.274e-05,7.801e-27,2.621e-07,0.00014,0.0001,8.966e-09,0.01485,0.0006603,0.003409,0.0242,1.763e-06,1.83e-07,0.241
   46680,   46740,0.00057393,0.001002,0.00362,2.103e-26,8.576e-07,2.261e-06,2.364e-05,7.983e-27,2.754e-07,0.0001455,0.0001038,9.38e-09,0.01557,0.000686,0.003578,0.0254,1.834e-06,1.916e-07,0.241
   46740,   46800,0.00059229,0.001041,0.003769,2.149e-26,8.936e-07,2.344e-06,2.45e-05,8.155e-27,2.885e-07,0.0001508,0.0001075,9.782e-09,0.01625,0.0007109,0.003739,0.02654,1.902e-06,2e-07,0.241
   46800,   46860,0.00061454,0.001083,0.00393,2.199e-26,9.327e-07,2.434e-06,2.544e-05,8.339e-27,3.028e-07,0.0001566,0.0001114,1.022e-08,0.01699,0.0007377,0.003911,0.02777,1.976e-06,2.092e-07,0.241
   46860,   46920,0.0006355,0.001127,0.004096,2.248e-26,9.729e-07,2.526e-06,2.639e-05,8.524e-27,3.177e-07,0.0001624,0.0001155,1.067e-08,0.01774,0.0007652,0.004084,0.02901,2.052e-06,2.187e-07,0.241
   46920,   46980,0.00065926,0.001168,0.004254,2.297e-26,1.012e-06,2.615e-06,2.732e-05,8.699e-27,3.322e-07,0.0001681,0.0001194,1.111e-08,0.01846,0.0007917,0.004249,0.0302,2.125e-06,2.28e-07,0.241
   46980,   47040,0.00068454,0.001213,0.004424,2.347e-26,1.054e-06,2.711e-06,2.831e-05,8.886e-27,3.483e-07,0.0001742,0.0001236,1.158e-08,0.01923,0.0008204,0.004424,0.03147,2.204e-06,2.382e-07,0.241
   47040,   47100,0.0007174,0.001259,0.004597,2.398e-26,1.097e-06,2.808e-06,2.933e-05,9.074e-27,3.649e-07,0.0001804,0.0001279,1.207e-08,0.02,0.0008496,0.0046,0.03274,2.284e-06,2.487e-07,0.241
   47100,   47160,0.0007628,0.001302,0.004762,2.447e-26,1.139e-06,2.902e-06,3.03e-05,9.251e-27,3.811e-07,0.0001863,0.000132,1.255e-08,0.02074,0.0008776,0.004765,0.03395,2.361e-06,2.589e-07,0.241
   47160,   47220,0.00079821,0.001349,0.00494,2.498e-26,1.184e-06,3.003e-06,3.136e-05,9.442e-27,3.989e-07,0.0001928,0.0001365,1.306e-08,0.02153,0.0009081,0.004942,0.03524,2.445e-06,2.701e-07,0.241
   47220,   47280,0.00081724,0.001397,0.00512,2.55e-26,1.23e-06,3.107e-06,3.244e-05,9.633e-27,4.174e-07,0.0001993,0.000141,1.359e-08,0.02232,0.0009391,0.005119,0.03654,2.531e-06,2.816e-07,0.241
   47280,   47340,0.00082951,0.001443,0.005292,2.6e-26,1.275e-06,3.206e-06,3.348e-05,9.814e-27,4.354e-07,0.0002056,0.0001454,1.411e-08,0.02307,0.0009688,0.005285,0.03777,2.613e-06,2.929e-07,0.241
   47340,   47400,0.0008325,0.001493,0.005476,2.653e-26,1.324e-06,3.313e-06,3.46e-05,1.001e-26,4.552e-07,0.0002124,0.0001501,1.466e-08,0.02387,0.001001,0.005461,0.03907,2.702e-06,3.052e-07,0.241
