CampaignData_and_Merges/R0/CSL_MobileLab_Parked/raw/20240801/USOS-Picarro-CO2-CH4-CO-H2O_MobileLabGround_20240801_R0.ict
38, 1001
Ilana Pollack, Nell Schafer, and Jeff Peischl
NOAA Chemical Sciences Laboratory
Picarro 2401-m CO2/CH4/CO/H2O Analyzer
USOS
1, 1
2024, 08, 01, 2024, 11, 20
0
StartTime_UTC, seconds_past_midnight, seconds past midnight
5
1, 1, 1, 1, 1
-9999, -9999, -9999, -9999, -9999
StopTime_UTC, seconds_past_midnight, seconds past midnight
CO2_ppm_1min, ppm, Gas_CO2_InSitu_S_DMF, carbon dioxide mixing ratio
CH4_ppb_1min, ppb, Gas_CH4_InSitu_S_DMF, methane mixing ratio
CO_ppb_1min, ppb, Gas_CO_InSitu_S_DMF, carbon monoxide mixing ratio
H2O_ppmv_1min, ppmv, Met_H2OMRV_InSitu_S_AVMR, water vapor mixing ratio
1
SPECIAL COMMENTS: N/A
18
PI_CONTACT_INFO: Address: NOAA Chemical Sciences Laboratory, Mail Stop CSL7, 325 Broadway, Boulder, CO 80305; Email: Ilana.Pollack@noaa.gov
PLATFORM: NOAA CSL Mobile Laboratory
LOCATION: The mobile lab was stationed in Salt Lake City, Utah.
ASSOCIATED_DATA: N/A
INSTRUMENT_INFO: CO2, CH4, and CO are reported as dry air mole fractions using a commercial wavelength-scanned cavity ring-down analyzer (Picarro 2401-m). An in-field calibration gas standard of 432±0.07 ppm CO2, 2095±1 ppb CH4, and 183±1 ppb CO, calibrated in the Boulder laboratories before and after the field project using primary CO2, CH4, and CO standard tanks tied to the WMO standard (X2019, X2004A, and X2014A, respectively) from the Global Monitoring Laboratory (GML), was delivered to the inlet every 2-3 days to evaluate instrument sensitivity. A H2O measurement was calibrated before the project with a Dew Point Mirror 373 hygrometer. The water correction calculated from these calibrations was applied to the H2O measurement for the entire campaign. Species are measured at 0.5 Hz and reported as 1-minute averages for stationary measurements.
DATA_INFO: Units: CO2, ppm, dry air mole fraction; CH4, ppb, dry air mole fraction; CO, ppb, dry air mole fraction; H2O, ppmv
UNCERTAINTY: Total uncertainties are estimated as ±0.1 ppm for CO2, ±1 ppb for CH4, ±5 ppb for CO, and ±(50 ppm + 4%) for H2O.
ULOD_FLAG: -7777
ULOD_VALUE: N/A
LLOD_FLAG: -8888
LLOD_VALUE: N/A
DM_CONTACT_INFO: Data Manager: Nathan Howard; nathan.h.howard@noaa.gov
PROJECT_INFO: USOS Dates of Study: July – August 2024
STIPULATIONS_ON_USE: Use of these data require prior ok from PI.
OTHER_COMMENTS: Data are averaged to 1 minute intervals. Stationary data collected from a 10 ft tower on top of the mobile van.
REVISION: R0
R0: Final Data
StartTime_UTC, StopTime_UTC, CO2_ppm_1min, CH4_ppb_1min, CO_ppb_1min, H2O_ppmv_1min
[from data line 757]
45420,45480,493.21,2213.0,506.6,12301.5527
45480,45540,496.02,2218.1,572.9,12409.7070
45540,45600,494.94,2216.8,563.0,12395.1826
45600,45660,500.62,2216.4,557.1,12392.6553
45660,45720,503.89,2218.6,553.5,12480.4160
45720,45780,494.25,2213.3,487.5,12557.5928
45780,45840,495.43,2206.7,478.1,12397.7051
45840,45900,496.30,2212.3,470.7,12497.7598
45900,45960,499.44,2209.1,482.6,12427.6035
45960,46020,497.85,2212.9,478.0,12523.4199
46020,46080,500.36,2213.0,489.4,12517.6816
46080,46140,501.71,2211.2,468.1,12605.6992
46140,46200,500.10,2211.3,474.3,12510.8721
46200,46260,501.77,2210.5,490.9,12507.7217
46260,46320,498.05,2215.3,481.6,12645.6455
46320,46380,495.84,2219.4,487.7,12684.0342
46380,46440,488.32,2197.4,526.3,12365.7178
46440,46500,487.29,2195.8,498.5,12329.6826
46500,46560,491.96,2205.4,455.6,12619.8926
46560,46620,493.85,2200.1,489.3,12533.4756
46620,46680,497.43,2198.5,515.0,12498.4658
46680,46740,497.91,2198.0,507.2,12502.0439
46740,46800,493.59,2201.2,586.8,12602.6924
46800,46860,491.10,2201.1,625.0,12537.6748
46860,46920,489.40,2203.3,481.2,12603.9570
46920,46980,490.33,2224.5,453.1,12835.3496
46980,47040,486.79,2228.4,436.9,12798.0498
47040,47100,488.62,2222.7,447.6,12871.8838
47100,47160,487.90,2210.3,449.3,12743.7734
47160,47220,486.61,2199.8,441.8,12608.4521
47220,47280,493.56,2203.2,471.2,12710.1699
47280,47340,496.76,2210.2,475.3,12806.9775
47340,47400,490.79,2190.9,455.6,12469.4902
47400,47460,498.26,2212.3,477.3,12856.8076
47460,47520,492.55,2210.5,462.9,12789.5430
47520,47580,498.58,2206.1,484.5,12765.1162
47580,47640,506.93,2213.9,527.3,13003.1309
47640,47700,510.94,2214.8,544.7,13021.4326
47700,47760,510.31,2210.2,540.2,13024.7285
47760,47820,506.63,2206.4,526.5,12997.0439
47820,47880,505.67,2216.7,515.6,13213.6914
47880,47940,497.78,2219.5,485.4,13495.5234
47940,48000,494.87,2217.0,484.2,13132.9707
48000,48060,491.64,2200.9,474.4,13031.1543
48060,48120,494.40,2216.6,474.0,13494.9785
48120,48180,494.95,2215.2,470.3,13487.4004
48180,48240,495.40,2198.9,543.0,13117.6240
48240,48300,495.63,2206.0,515.4,13309.2305
48300,48360,495.58,2209.3,498.4,13327.0059
48360,48420,494.70,2208.8,501.0,13358.8779
48420,48480,496.05,2212.9,499.0,13373.6221
48480,48540,499.98,2214.6,576.9,13391.9443
48540,48600,499.65,2217.4,607.5,13536.4541
48600,48660,494.64,2222.1,507.0,13935.2363
48660,48720,499.01,2215.4,559.4,13818.0039
48720,48780,496.55,2219.4,499.5,13535.6230
48780,48840,504.51,2233.2,544.2,13676.1279
48840,48900,505.01,2230.1,564.3,13706.9980
48900,48960,508.81,2232.7,605.0,13648.3574
48960,49020,506.12,2228.4,591.2,13803.1348
49020,49080,500.36,2221.9,549.1,13904.1211
49080,49140,503.65,2222.4,564.5,13647.7324
49140,49200,500.04,2220.4,539.4,13521.5146
49200,49260,498.75,2225.2,532.5,13734.0742
49260,49320,501.81,2232.5,553.2,13780.0088
49320,49380,498.70,2236.9,533.8,13905.5986
49380,49440,496.28,2232.7,499.2,14061.5000
49440,49500,498.29,2242.3,507.9,14076.1465
49500,49560,502.80,2248.0,535.4,14081.0566
49560,49620,502.21,2251.0,554.8,13867.7881
49620,49680,500.77,2245.1,569.2,13708.5098
49680,49740,504.70,2238.6,593.4,13809.6992
49740,49800,507.00,2235.0,713.0,14127.8652
49800,49860,502.30,2231.4,710.2,14198.3574
49860,49920,497.82,2230.2,600.2,13778.7832
49920,49980,497.43,2230.3,585.4,13860.0186
49980,50040,496.05,2225.1,575.2,14100.9746
50040,50100,494.06,2224.4,568.9,13938.8164
50100,50160,491.88,2226.5,563.2,13559.9014
50160,50220,489.67,2229.9,550.2,13299.1670
50220,50280,488.44,2224.0,539.1,13306.9746
50280,50340,489.69,2220.5,549.4,13615.8242
50340,50400,490.83,2229.0,549.9,13195.7520
50400,50460,490.36,2251.9,523.2,12789.0508
50460,50520,494.84,2236.9,560.8,13185.6348
50520,50580,492.78,2210.2,584.7,13393.8799
50580,50640,488.15,2182.6,584.9,13299.7305
50640,50700,488.11,2190.0,578.2,13399.6895
50700,50760,488.54,2211.4,566.1,13816.5146
50760,50820,480.28,2147.8,546.0,13036.5938
50820,50880,476.07,2104.9,527.9,12590.2568
50880,50940,473.70,2095.3,515.3,12499.4414
50940,51000,475.98,2105.7,528.4,12996.0049
51000,51060,478.06,2107.2,541.5,13147.6279
51060,51120,475.57,2097.7,515.7,12814.0020
51120,51180,476.34,2098.9,510.0,12486.5439
51180,51240,478.55,2102.5,520.8,12654.7031
51240,51300,483.32,2102.2,537.2,12710.2939
51300,51360,479.48,2102.6,530.2,12742.2119
51360,51420,480.48,2108.9,534.0,12800.3496
51420,51480,480.92,2112.6,535.8,12899.9941
51480,51540,482.91,2116.2,544.6,12972.9004
51540,51600,484.01,2120.1,549.3,13116.8691
51600,51660,484.41,2120.1,552.3,13112.4492
51660,51720,484.27,2119.6,548.2,13083.1025
51720,51780,483.80,2123.9,544.2,13029.6406
51780,51840,484.20,2123.8,551.5,13352.2920
51840,51900,486.53,2124.1,578.2,13115.5352
51900,51960,481.23,2122.4,535.3,12872.1943
51960,52020,481.23,2122.7,524.0,12873.1709
52020,52080,481.57,2125.2,525.6,13100.1553
52080,52140,480.57,2125.8,515.7,12888.1660
52140,52200,483.26,2138.0,533.6,13043.9229
52200,52260,484.25,2140.8,543.6,13196.8301
52260,52320,483.53,2139.6,535.3,13096.6475
52320,52380,481.30,2139.2,519.8,12967.5781
52380,52440,479.12,2139.4,506.0,12868.2559
52440,52500,476.63,2140.4,489.2,12685.9209
52500,52560,476.18,2141.3,487.1,12804.6641
52560,52620,474.79,2139.6,480.1,12765.5928
52620,52680,475.10,2142.5,484.3,12963.9834
52680,52740,475.85,2141.5,488.0,12869.5869
52740,52800,476.04,2139.8,487.3,12928.0762
52800,52860,478.13,2140.7,501.1,12999.8867
52860,52920,479.17,2140.3,512.6,12968.7207
52920,52980,476.76,2138.8,496.2,13024.4561
52980,53040,478.09,2142.2,508.7,13183.6318
53040,53100,479.67,2141.8,512.5,13158.8076
53100,53160,480.28,2144.0,520.3,13311.4541
53160,53220,480.17,2143.8,523.9,13302.9453
53220,53280,478.84,2137.2,513.0,13186.7510
53280,53340,478.64,2138.3,511.6,13238.0264
53340,53400,478.04,2138.1,509.6,13309.6182
53400,53460,476.64,2133.0,501.3,13273.9229
53460,53520,477.15,2134.1,502.5,13332.8574
53520,53580,473.27,2123.2,481.6,13215.3926
53580,53640,471.21,2115.6,495.1,12999.0586
53640,53700,468.23,2109.4,480.6,12757.2891
53700,53760,468.36,2110.6,485.0,12845.3018
53760,53820,469.03,2113.1,531.1,13036.0332
53820,53880,469.88,2116.5,567.0,13375.4639
53880,53940,470.93,2118.0,576.9,13426.2881
53940,54000,466.32,2105.9,491.5,13082.4023
54000,54060,464.01,2102.4,456.2,12925.3066
54060,54120,463.77,2100.7,449.4,12757.2881
54120,54180,463.66,2106.0,442.0,12903.7549
54180,54240,462.12,2104.4,431.1,12686.5000
54240,54300,462.34,2105.3,432.8,12701.6973
54300,54360,463.09,2107.2,440.9,12889.3828
54360,54420,464.27,2109.5,450.9,12968.1641
54420,54480,462.26,2107.9,445.9,12860.7129
54480,54540,461.70,2108.3,444.3,12795.6260
54540,54600,460.98,2108.4,443.1,12908.0625
54600,54660,460.41,2107.8,443.4,12985.9063
54660,54720,456.66,2095.4,424.6,12557.7451
54720,54780,457.86,2101.7,425.2,12616.2568
54780,54840,459.39,2108.3,439.5,12785.8350
54840,54900,460.77,2108.9,450.0,12798.0918
54900,54960,466.39,2105.1,457.3,12781.1357
54960,55020,481.57,2107.8,508.2,13053.5576
55020,55080,466.52,2108.7,489.3,13024.2305
55080,55140,469.11,2113.5,493.2,13069.5986
55140,55200,471.30,2117.1,499.5,13152.6475
55200,55260,476.22,2114.8,510.4,13389.8164
55260,55320,472.57,2114.5,495.1,13687.3809
55320,55380,463.70,2113.6,454.2,13052.9580
55380,55440,460.63,2115.1,449.0,12953.5225
55440,55500,457.24,2115.1,423.6,12872.4395
55500,55560,455.67,2123.6,438.7,12552.0635
55560,55620,454.96,2117.3,407.2,12611.2197
55620,55680,455.03,2119.5,402.9,13228.8096
55680,55740,453.51,2118.0,399.0,12685.1523
55740,55800,453.38,2118.5,398.9,12509.9854
55800,55860,451.51,2118.5,391.5,12426.3691
55860,55920,450.08,2117.9,382.5,12224.5957
55920,55980,449.73,2119.2,382.9,12273.0869
55980,56040,449.37,2120.6,385.1,12415.4658
56040,56100,447.89,2120.4,373.3,12035.4697
56100,56160,448.42,2122.2,376.9,12145.5820
56160,56220,449.85,2122.7,388.6,12259.6689
56220,56280,447.79,2120.4,373.0,12204.2500
56280,56340,448.25,2121.1,378.0,12310.8525
56340,56400,447.34,2119.9,374.0,12411.4111
56400,56460,447.37,2123.1,375.8,12457.0244
56460,56520,445.72,2123.2,367.7,12331.3047
56520,56580,446.81,2123.8,375.0,12441.9248
56580,56640,446.31,2124.8,371.5,12389.5498
56640,56700,446.74,2125.9,371.7,12319.2568
56700,56760,446.51,2125.9,373.0,12338.6611
56760,56820,445.30,2125.6,377.0,12436.6738
56820,56880,446.11,2125.4,384.5,12578.9414
56880,56940,445.22,2123.9,378.9,12422.2363
56940,57000,443.42,2122.0,365.8,12266.3916
57000,57060,444.19,2122.4,361.4,12054.2852
57060,57120,445.13,2124.2,368.4,11988.2393
57120,57180,444.98,2125.8,369.6,12226.4678
57180,57240,444.65,2126.3,363.8,12211.1299
57240,57300,445.37,2127.2,365.3,12330.1445
57300,57360,444.91,2125.5,365.7,12302.1807
57360,57420,444.68,2125.9,370.8,12006.7070
57420,57480,444.24,2126.5,377.1,12095.3691
57480,57540,443.30,2122.5,351.5,11936.5293
57540,57600,443.11,2123.6,352.9,12130.7217
57600,57660,444.37,2127.7,364.6,12275.9902
57660,57720,443.34,2125.9,355.1,12028.9619
57720,57780,442.80,2124.1,352.9,12100.4326
57780,57840,443.14,2121.5,360.9,12011.1904
57840,57900,442.96,2121.9,359.9,12167.7695
57900,57960,441.73,2117.6,353.3,11997.0488
57960,58020,442.02,2118.2,352.9,11927.8613
58020,58080,441.92,2117.8,352.2,11957.4346
58080,58140,441.48,2114.1,349.1,11904.2744
58140,58200,441.57,2114.8,349.4,11858.1396
58200,58260,442.08,2117.1,352.5,11935.9248
58260,58320,442.55,2115.9,355.1,12055.0127
58320,58380,441.18,2102.6,360.1,11863.6963
58380,58440,442.24,2095.3,477.0,11665.3506
58440,58500,440.53,2097.4,389.9,11849.8252
58500,58560,439.52,2096.3,349.0,11637.0615
58560,58620,440.41,2085.0,344.0,11543.6709
58620,58680,440.34,2090.9,344.6,12126.1201
58680,58740,438.39,2099.5,337.6,11716.3418
58740,58800,439.86,2104.6,359.7,11951.2607
58800,58860,439.39,2101.0,359.8,12050.3408
58860,58920,439.02,2087.9,355.9,11535.2080
58920,58980,438.59,2085.7,343.0,11430.9775
58980,59040,438.02,2086.8,330.1,11767.0361
59040,59100,440.34,2087.1,339.2,12148.9609
59100,59160,440.16,2096.1,347.3,12209.3418
59160,59220,441.19,2106.6,354.1,12379.8223
59220,59280,442.62,2116.7,364.9,12440.5850
59280,59340,442.23,2115.8,365.0,12328.5684
59340,59400,441.82,2114.9,364.3,12555.1436
59400,59460,441.35,2113.6,361.6,12513.2617
59460,59520,441.20,2111.8,361.3,12484.1445
59520,59580,440.30,2107.5,356.8,12427.4502
59580,59640,439.55,2104.2,355.1,12765.5342
59640,59700,439.72,2097.2,349.8,12078.4717
59700,59760,440.14,2095.8,361.5,12145.9619
59760,59820,440.44,2092.4,355.3,11936.8008
59820,59880,439.56,2092.2,347.6,12144.3818
59880,59940,439.75,2089.2,347.9,12156.4512
59940,60000,440.78,2088.9,350.1,12093.1543
60000,60060,439.14,2084.5,345.3,11850.7266
60060,60120,439.21,2087.1,347.0,11914.1758
60120,60180,439.47,2085.5,347.5,11973.3018
60180,60240,438.88,2083.7,344.9,11766.3564
60240,60300,438.89,2084.0,346.0,11758.0146
60300,60360,438.09,2083.5,344.7,12113.5283
60360,60420,437.38,2074.8,337.6,11738.2500
60420,60480,435.71,2062.2,326.0,11407.4434
60480,60540,436.36,2067.1,332.8,11735.8652
60540,60600,436.49,2067.1,331.1,11878.0186
60600,60660,-9999,-9999,-9999,-9999
60660,60720,-9999,-9999,-9999,-9999
60720,60780,-9999,-9999,-9999,-9999
60780,60840,440.80,2066.5,338.8,12601.1445
60840,60900,438.41,2064.4,336.1,12052.4570
60900,60960,436.67,2058.7,329.8,12187.8359
60960,61020,436.80,2055.5,328.8,11762.7861
61020,61080,437.63,2057.8,337.2,11854.3301
61080,61140,437.36,2055.2,333.1,11580.7285
61140,61200,438.77,2054.7,344.1,11722.5361
61200,61260,-9999,-9999,-9999,-9999
61260,61320,-9999,-9999,-9999,-9999
61320,61380,438.42,2053.1,337.9,11696.7607
61380,61440,438.55,2053.4,339.0,11873.8193
61440,61500,438.80,2053.7,342.9,11956.0049
61500,61560,438.35,2052.1,338.4,11909.5459
61560,61620,439.31,2051.4,342.3,11989.0381
61620,61680,442.93,2050.2,343.5,12088.5195
61680,61740,442.03,2051.1,347.9,12148.5391
61740,61800,440.74,2051.4,349.6,12106.4990
61800,61860,440.36,2051.4,347.7,12104.1406
61860,61920,440.35,2049.7,345.1,12110.2607
61920,61980,439.55,2049.5,342.8,12200.5420
61980,62040,438.89,2047.1,340.3,12465.9395
62040,62100,438.16,2041.0,350.8,12252.9561
62100,62160,436.49,2035.8,335.0,11840.6719
62160,62220,435.94,2034.7,325.6,11890.7988
62220,62280,435.64,2034.2,326.1,11885.8076
62280,62340,435.50,2032.9,319.1,11630.7373
62340,62400,436.38,2033.5,319.6,11649.6035
62400,62460,435.53,2033.1,317.7,11620.9404
62460,62520,434.91,2033.8,317.8,11713.4717
62520,62580,433.35,2024.5,302.4,11220.5400
62580,62640,431.14,2017.6,295.3,11032.8828
62640,62700,430.65,2016.3,293.2,10810.1494
62700,62760,431.19,2017.3,294.7,10844.8135
62760,62820,431.77,2019.5,298.1,11071.1777
62820,62880,432.47,2019.8,298.5,11049.5479
62880,62940,432.35,2022.5,302.6,11367.2539
62940,63000,433.14,2025.4,305.1,11492.4346
63000,63060,433.57,2028.0,310.9,11488.4727
63060,63120,434.24,2032.3,311.9,11714.0908
63120,63180,434.52,2030.6,312.4,12194.8438
63180,63240,434.76,2031.0,321.7,13368.5996
63240,63300,434.70,2030.2,320.9,13216.4727
63300,63360,434.48,2029.0,316.1,12431.3057
63360,63420,435.58,2030.9,319.1,11781.6494
63420,63480,438.14,2028.2,315.9,11768.7764
63480,63540,436.47,2027.8,313.8,12409.1523
63540,63600,440.23,2028.7,314.0,12591.6641
63600,63660,436.59,2027.8,311.6,11999.6328
63660,63720,436.99,2027.7,336.4,11702.0439
63720,63780,435.65,2025.3,317.8,11700.3018
63780,63840,435.57,2024.6,317.6,11687.2930
63840,63900,435.85,2026.7,317.2,11874.4521
63900,63960,434.49,2026.7,312.9,11748.2949
63960,64020,439.32,2027.9,311.4,11708.2295
64020,64080,434.66,2026.3,308.2,11652.5049
64080,64140,432.68,2024.3,308.7,11595.7383
64140,64200,432.91,2024.2,308.4,12075.0371
64200,64260,434.28,2024.6,309.7,11885.1680
64260,64320,431.55,2025.5,310.2,12296.4863
64320,64380,432.24,2025.5,312.9,11955.1738
64380,64440,432.50,2025.1,312.5,11533.1787
64440,64500,432.85,2025.8,318.0,11615.9307
64500,64560,433.76,2025.8,317.3,12144.0283
64560,64620,432.32,2024.5,313.6,12001.7568
64620,64680,432.05,2026.5,313.5,11919.7061
64680,64740,431.96,2027.9,315.7,12064.1328
64740,64800,-9999,-9999,-9999,-9999
64800,64860,-9999,-9999,-9999,-9999
64860,64920,-9999,-9999,-9999,-9999
64920,64980,-9999,-9999,-9999,-9999
64980,65040,-9999,-9999,-9999,-9999
65040,65100,-9999,-9999,-9999,-9999
65100,65160,-9999,-9999,-9999,-9999
65160,65220,-9999,-9999,-9999,-9999
65220,65280,-9999,-9999,-9999,-9999
65280,65340,-9999,-9999,-9999,-9999
65340,65400,-9999,-9999,-9999,-9999
65400,65460,-9999,-9999,-9999,-9999
65460,65520,-9999,-9999,-9999,-9999
65520,65580,-9999,-9999,-9999,-9999
65580,65640,-9999,-9999,-9999,-9999
65640,65700,-9999,-9999,-9999,-9999
65700,65760,-9999,-9999,-9999,-9999
65760,65820,-9999,-9999,-9999,-9999
65820,65880,-9999,-9999,-9999,-9999
65880,65940,-9999,-9999,-9999,-9999
65940,66000,-9999,-9999,-9999,-9999
66000,66060,-9999,-9999,-9999,-9999
66060,66120,-9999,-9999,-9999,-9999
66120,66180,-9999,-9999,-9999,-9999
66180,66240,-9999,-9999,-9999,-9999
66240,66300,-9999,-9999,-9999,-9999
66300,66360,-9999,-9999,-9999,-9999
66360,66420,-9999,-9999,-9999,-9999
66420,66480,-9999,-9999,-9999,-9999
66480,66540,-9999,-9999,-9999,-9999
66540,66600,-9999,-9999,-9999,-9999
66600,66660,-9999,-9999,-9999,-9999
66660,66720,-9999,-9999,-9999,-9999
66720,66780,-9999,-9999,-9999,-9999
66780,66840,-9999,-9999,-9999,-9999
66840,66900,-9999,-9999,-9999,-9999
66900,66960,-9999,-9999,-9999,-9999
66960,67020,-9999,-9999,-9999,-9999
67020,67080,-9999,-9999,-9999,-9999
67080,67140,-9999,-9999,-9999,-9999
67140,67200,-9999,-9999,-9999,-9999
67200,67260,-9999,-9999,-9999,-9999
67260,67320,-9999,-9999,-9999,-9999
67320,67380,-9999,-9999,-9999,-9999
67380,67440,-9999,-9999,-9999,-9999
67440,67500,-9999,-9999,-9999,-9999
67500,67560,-9999,-9999,-9999,-9999
67560,67620,-9999,-9999,-9999,-9999
67620,67680,-9999,-9999,-9999,-9999
67680,67740,-9999,-9999,-9999,-9999
67740,67800,-9999,-9999,-9999,-9999
67800,67860,-9999,-9999,-9999,-9999
67860,67920,-9999,-9999,-9999,-9999
67920,67980,-9999,-9999,-9999,-9999
67980,68040,-9999,-9999,-9999,-9999
68040,68100,-9999,-9999,-9999,-9999
68100,68160,-9999,-9999,-9999,-9999
68160,68220,-9999,-9999,-9999,-9999
68220,68280,-9999,-9999,-9999,-9999
