CampaignData_and_Merges/R0/CSL_MobileLab_Parked/raw/20240801/USOS-NOy-LIF_MobileLabGround_20240801_R0.ict
39,1001
Rollins, A.; Waxman, E.; Zuraski, K.; Chace, W.
NOAA Chemical Sciences Laboratory
LIF NO/NOx/NOy on CSL Mobile Lab
AMMBEC / USOS
1, 1
2024,08,01, 2025,01,04
1
Time_Start, seconds, number_of_seconds_since_0000_UTC
7
1, 1, 1, 1, 1, 1, 1
-9999, -9999, -9999, -9999, -9999, -9999, -9999
Time_Stop, seconds, number_of_seconds_since_0000_UTC
NO_LIF, pptv, Gas_NO_InSitu_S_AVMR, volume mixing ratio of nitric oxide in air
NO2_LIF, pptv, Gas_NO2_InSitu_S_AVMR, volume mixing ratio of nitrogen dioxide in air
NOy_LIF, pptv, Gas_NOy_InSitu_S_AVMR, volume mixing ratio of total oxidized nitrogen in air
NO_LIF_1SigmaAccuracy, pptv, Gas_NO_InSitu_S_AVMR, volume mixing ratio of nitric oxide in air
NO2_LIF_1SigmaAccuracy, pptv, Gas_NO2_InSitu_S_AVMR, volume mixing ratio of nitrogen dioxide in air
NOy_LIF_1SigmaAccuracy, pptv, Gas_NOy_InSitu_S_AVMR, volume mixing ratio of total oxidized nitrogen in air
0
18
PI_CONTACT_INFO: andrew.rollins@noaa.gov
PLATFORM: CSL Mobile Lab
LOCATION: Salt Lake City, UT
ASSOCIATED_DATA:
INSTRUMENT_INFO: NO detection by laser induced fluorescence. NO2 detection by photolytic conversion to NO. NOy detection by catalytic conversion to NO on gold surface
DATA_INFO:
UNCERTAINTY: Included 1 Sigma Accuracy waves represent the combined calibration uncertainties (±6%, ±9%, ±10%) and zero uncertainties (3 ppt, 20 ppt, 100 ppt) for NO, NO2, and NOy, respectively.
ULOD_FLAG: -7777
ULOD_VALUE: N/A
LLOD_FLAG: -8888
LLOD_VALUE: N/A
DM_CONTACT_INFO: andrew.rollins@noaa.gov
PROJECT_INFO: USOS Project, July - August 2024
STIPULATIONS_ON_USE: Users are strongly encouraged to contact the PI for proper data usage.
OTHER_COMMENTS:
REVISION: R0
R0: final data
Time_Start, Time_Stop, NO_LIF, NO2_LIF, NOy_LIF, NO_LIF_1SigmaAccuracy, NO2_LIF_1SigmaAccuracy, NOy_LIF_1SigmaAccuracy
[from data line 527]
   31620,   31680,11.932,661.5,1372.8,3.7159, 79.535, 237.28
   31680,   31740,12.3,639.14,1395.8,3.738, 77.523, 239.58
   31740,   31800,9.2492,630.16,1375.4,3.555, 76.715, 237.54
   31800,   31860,5.9651,601.34,1302.8,3.3579, 74.121, 230.28
   31860,   31920,9.4634,623.48,1328,3.5678, 76.113, 232.8
   31920,   31980,6.8138,567.76,1278,3.4088, 71.098, 227.8
   31980,   32040,7.8992,573.69,1261.4,3.474, 71.632, 226.14
   32040,   32100,49.166,674.18,1363.3,5.95, 80.676, 236.33
   32100,   32160,111.81,1141.1,1823.5,9.7086, 122.7, 282.35
   32160,   32220,9.9741,780.92,1537,3.5984, 90.283, 253.7
   32220,   32280,11.02,756.09,1530.7,3.6612, 88.048, 253.07
   32280,   32340,5.7982,691.06,1425.8,3.3479, 82.196, 242.58
   32340,   32400,10.423,721.2,1431,3.6254, 84.908, 243.1
   32400,   32460,15.63,752.35,1466.5,3.9378, 87.712, 246.65
   32460,   32520,16.07,720.3,1522.8,3.9642, 84.827, 252.28
   32520,   32580,12.672,686.61,1402.8,3.7603, 81.795, 240.28
   32580,   32640,11.462,677.19,1433.5,3.6877, 80.948, 243.35
   32640,   32700,201.64,1138.5,1545.7,15.099, 122.47, 254.57
   32700,   32760,264.4,1425,2424.8,18.864, 148.25, 342.48
   32760,   32820,8.7182,732.04,1503.4,3.5231, 85.884, 250.34
   32820,   32880,10.552,743.12,1541.8,3.6331, 86.881, 254.18
   32880,   32940,16.571,813.88,1536.3,3.9943, 93.249, 253.63
   32940,   33000,8.7242,846.89,1537.9,3.5235, 96.22, 253.79
   33000,   33060,12.207,846.63,1574.6,3.7324, 96.197, 257.46
   33060,   33120,14.184,840.05,1548.4,3.851, 95.605, 254.84
   33120,   33180,10.898,863.39,1591,3.6539, 97.705, 259.1
   33180,   33240,8.4338,782.1,1541,3.506, 90.389, 254.1
   33240,   33300,12.405,733.86,1486.6,3.7443, 86.048, 248.66
   33300,   33360,30.163,724.27,1435,4.8098, 85.184, 243.5
   33360,   33420,216.49,1326.9,1944.6,15.99, 139.42, 294.46
   33420,   33480,27.203,786.38,1677.6,4.6322, 90.774, 267.76
   33480,   33540,14.026,679.86,1426.2,3.8416, 81.187, 242.62
   33540,   33600,8.8797,621.36,1334.3,3.5328, 75.923, 233.43
   33600,   33660,11.133,655.81,1354.4,3.668, 79.023, 235.44
   33660,   33720,12.793,627.92,1378.9,3.7676, 76.513, 237.89
   33720,   33780,16.5,621.34,1346.6,3.99, 75.921, 234.66
   33780,   33840,11.767,668.5,1356.6,3.706, 80.165, 235.66
   33840,   33900,12.696,669.99,1451,3.7618, 80.299, 245.1
   33900,   33960,11.114,645.76,1377.9,3.6668, 78.119, 237.79
   33960,   34020,8.8015,645.43,1370.4,3.5281, 78.088, 237.04
   34020,   34080,104.88,1203.8,1883.9,9.2927, 128.35, 288.39
   34080,   34140,99.695,1533,2380.5,8.9817, 157.97, 338.05
   34140,   34200,1291.4,6068.6,8139.4,80.485, 566.17, 913.94
   34200,   34260,471.74,5067.3,6245.7,31.305, 476.06, 724.57
   34260,   34320,45.829,2262.3,3707.4,5.7498, 223.61, 470.74
   34320,   34380,27.249,2057,2773.1,4.635, 205.13, 377.31
   34380,   34440,34.915,3576.7,4566.9,5.0949, 341.9, 556.69
   34440,   34500,29.18,3440.4,4242.3,4.7508, 329.63, 524.23
   34500,   34560,12.59,3523.4,3732.7,3.7554, 337.11, 473.27
   34560,   34620,15.212,3764.8,4140.9,3.9127, 358.83, 514.09
   34620,   34680,7.486,3653.1,4837.1,3.4492, 348.78, 583.71
   34680,   34740,6.6226,3745.8,5174.8,3.3974, 357.12, 617.48
   34740,   34800,25.927,4924.2,6022.5,4.5556, 463.17, 702.25
   34800,   34860,13.166,3079.1,5123.4,3.7899, 297.12, 612.34
   34860,   34920,8.3744,2445.3,3924,3.5025, 240.08, 492.4
   34920,   34980,5.0773,2065.1,3197.2,3.3046, 205.86, 419.72
   34980,   35040,8.1506,2045.7,3248.7,3.489, 204.12, 424.87
   35040,   35100,7.5603,2003.6,3205.1,3.4536, 200.33, 420.51
   35100,   35160,14.087,2577.3,3408,3.8452, 251.95, 440.8
   35160,   35220,26.804,2641,3661.2,4.6082, 257.69, 466.12
   35220,   35280,76.021,2767.7,3987.7,7.5613, 269.1, 498.77
   35280,   35340,39.626,2105.3,3728.9,5.3775, 209.47, 472.89
   35340,   35400,34.876,2043.7,3283,5.0925, 203.93, 428.3
   35400,   35460,12.61,2250.2,3750.5,3.7566, 222.51, 475.05
   35460,   35520,15.937,2536.4,3738.4,3.9562, 248.28, 473.84
   35520,   35580,21.884,2889.8,4049.2,4.313, 280.08, 504.92
   35580,   35640,28.209,2144.2,3576.9,4.6925, 212.98, 457.69
   35640,   35700,114.92,4047,4148.4,9.8954, 384.23, 514.84
   35700,   35760,-9999,-9999,-9999,-9999, -9999, -9999
   35760,   35820,-9999,-9999,-9999,-9999, -9999, -9999
   35820,   35880,-9999,-9999,-9999,-9999, -9999, -9999
   35880,   35940,-9999,-9999,-9999,-9999, -9999, -9999
   35940,   36000,-9999,-9999,-9999,-9999, -9999, -9999
   36000,   36060,-9999,-9999,-9999,-9999, -9999, -9999
   36060,   36120,-9999,-9999,-9999,-9999, -9999, -9999
   36120,   36180,34.226,843.54,1772.3,5.0535, 95.918, 277.23
   36180,   36240,14.352,754.09,1564.6,3.8611, 87.869, 256.46
   36240,   36300,9.8749,734.75,1456.6,3.5925, 86.128, 245.66
   36300,   36360,6.4549,688.61,1452.3,3.3873, 81.975, 245.23
   36360,   36420,8.6392,714.71,1465.9,3.5184, 84.324, 246.59
   36420,   36480,8.0869,661.74,1352.7,3.4852, 79.556, 235.27
   36480,   36540,8.6634,631.56,1326.5,3.5198, 76.84, 232.65
   36540,   36600,14.915,750.31,1411,3.8949, 87.528, 241.1
   36600,   36660,10.24,810.25,1505,3.6144, 92.922, 250.5
   36660,   36720,10.095,807.37,1541.8,3.6057, 92.663, 254.18
   36720,   36780,8.8294,770.93,1348.4,3.5298, 89.384, 234.84
   36780,   36840,153.04,1535.9,2430.2,12.182, 158.23, 343.02
   36840,   36900,6.0695,1035.3,2108.1,3.3642, 113.18, 310.81
   36900,   36960,8.708,928.93,1884.3,3.5225, 103.6, 288.43
   36960,   37020,513.57,2167.6,3359.9,33.814, 215.08, 435.99
   37020,   37080,54.76,991.14,4045.1,6.2856, 109.2, 504.51
   37080,   37140,8.5284,888.53,1714.4,3.5117, 99.968, 271.44
   37140,   37200,10.682,1102.1,1762,3.6409, 119.19, 276.2
   37200,   37260,37.108,1506.3,2237.6,5.2265, 155.57, 323.76
   37260,   37320,1649.6,4559.7,3846,101.97, 430.38, 484.6
   37320,   37380,41.134,1770.4,3067.4,5.468, 179.34, 406.74
   37380,   37440,117.12,1593.9,2516.5,10.027, 163.45, 351.65
   37440,   37500,288.02,1915.3,3071.1,20.281, 192.38, 407.11
   37500,   37560,15.346,889.12,1779.4,3.9208, 100.02, 277.94
   37560,   37620,14.978,964.91,1798.5,3.8987, 106.84, 279.85
   37620,   37680,32.088,1019.4,1801.3,4.9253, 111.75, 280.13
   37680,   37740,25.765,996.8,2001.7,4.5459, 109.71, 300.17
   37740,   37800,8.6183,838.79,1703.6,3.5171, 95.491, 270.36
   37800,   37860,13.154,819.56,1672.9,3.7892, 93.761, 267.29
   37860,   37920,539.55,3344,3445,35.373, 320.96, 444.5
   37920,   37980,35.328,1067.7,4089.2,5.1197, 116.09, 508.92
   37980,   38040,35.013,1055.6,1809.9,5.1008, 115, 280.99
   38040,   38100,36.562,1291,2233.6,5.1937, 136.19, 323.36
   38100,   38160,22.863,1156.1,2294.3,4.3718, 124.05, 329.43
   38160,   38220,11.998,658.54,1597.6,3.7199, 79.268, 259.76
   38220,   38280,20.296,620.49,1288.5,4.2178, 75.844, 228.85
   38280,   38340,13.126,642.1,1484.3,3.7875, 77.789, 248.43
   38340,   38400,7.523,600.75,1352.4,3.4514, 74.067, 235.24
   38400,   38460,22.128,639.8,1361.9,4.3277, 77.582, 236.19
   38460,   38520,15.816,582.84,1322.1,3.9489, 72.456, 232.21
   38520,   38580,10.702,588.85,1367.5,3.6421, 72.997, 236.75
   38580,   38640,7.528,625.32,1377.6,3.4517, 76.278, 237.76
   38640,   38700,19.023,814.04,1575.7,4.1414, 93.263, 257.57
   38700,   38760,20.491,1480.8,2318.7,4.2295, 153.28, 331.87
   38760,   38820,16.219,1388.4,2341.9,3.9731, 144.96, 334.19
   38820,   38880,10.039,1359.1,2137.3,3.6024, 142.32, 313.73
   38880,   38940,10.096,1842.1,2908.5,3.6058, 185.79, 390.85
   38940,   39000,15.782,2704.1,3580.8,3.9469, 263.37, 458.08
   39000,   39060,68.895,2779.6,4165.5,7.1337, 270.16, 516.55
   39060,   39120,27.248,2282.3,4142.4,4.6349, 225.41, 514.24
   39120,   39180,17.958,3517.1,4347.2,4.0775, 336.54, 534.72
   39180,   39240,17.061,3262.9,4891.4,4.0237, 313.67, 589.14
   39240,   39300,12.346,3255.1,4609.4,3.7408, 312.96, 560.94
   39300,   39360,21.227,4156.9,5129.3,4.2736, 394.12, 612.93
   39360,   39420,26.437,3262.6,4649.7,4.5862, 313.64, 564.97
   39420,   39480,29.805,2474.3,3696.2,4.7883, 242.69, 469.62
   39480,   39540,12.945,2480,3520.8,3.7767, 243.2, 452.08
   39540,   39600,5.5782,2693.8,3591.8,3.3347, 262.44, 459.18
   39600,   39660,5.282,3029.5,4016.1,3.3169, 292.66, 501.61
   39660,   39720,5.7846,3352.9,4432.8,3.3471, 321.76, 543.28
   39720,   39780,7.0267,4089.9,4910.3,3.4216, 388.09, 591.03
   39780,   39840,20.842,3590.1,4906.5,4.2505, 343.11, 590.65
   39840,   39900,31.487,3682.6,4803.8,4.8892, 351.43, 580.38
   39900,   39960,17.872,3402.3,4672.3,4.0723, 326.21, 567.23
   39960,   40020,32.667,3446.5,4735.4,4.96, 330.18, 573.54
   40020,   40080,42.069,3691,4838.9,5.5242, 352.19, 583.89
   40080,   40140,12.518,3844.5,4905.2,3.7511, 366, 590.52
   40140,   40200,74.197,4214,5896.2,7.4518, 399.26, 689.62
   40200,   40260,42.541,4273.4,5914.7,5.5525, 404.6, 691.47
   40260,   40320,20.982,5327,6243.7,4.2589, 499.43, 724.37
   40320,   40380,13.394,5652.5,6676.2,3.8036, 528.72, 767.62
   40380,   40440,23.432,5735.8,6695.2,4.4059, 536.22, 769.52
   40440,   40500,148.1,6911.7,7050.1,11.886, 642.05, 805.01
   40500,   40560,122.91,7513.9,9215.9,10.375, 696.25, 1021.6
   40560,   40620,65.67,7327.1,8835.2,6.9402, 679.44, 983.52
   40620,   40680,38.466,7888.1,8532.8,5.308, 729.93, 953.28
   40680,   40740,27.473,8497.2,9053.5,4.6484, 784.75, 1005.3
   40740,   40800,34.261,8343.6,9553.8,5.0556, 770.93, 1055.4
   40800,   40860,15.691,8277.1,9667.2,3.9415, 764.94, 1066.7
   40860,   40920,10.735,9363.7,10506,3.6441, 862.73, 1150.6
   40920,   40980,35.227,14713,13880,5.1136, 1344.2, 1488
   40980,   41040,420.01,16646,17360,28.2, 1518.1, 1836
   41040,   41100,1345.7,19240,18265,83.744, 1751.6, 1926.5
   41100,   41160,492.18,16342,22496,32.531, 1490.8, 2349.6
   41160,   41220,113.47,15685,20630,9.8085, 1431.6, 2163
   41220,   41280,90.697,17020,19517,8.4418, 1551.8, 2051.7
   41280,   41340,95.478,17174,19627,8.7287, 1565.7, 2062.7
   41340,   41400,41.169,17518,19751,5.4702, 1596.6, 2075.1
   41400,   41460,58.461,17054,19066,6.5077, 1554.9, 2006.6
   41460,   41520,14.416,17187,18965,3.865, 1566.8, 1996.5
   41520,   41580,52.426,17474,19346,6.1456, 1592.7, 2034.6
   41580,   41640,133.02,17212,19367,10.981, 1569.1, 2036.7
   41640,   41700,222.43,17436,19396,16.346, 1589.2, 2039.6
   41700,   41760,402.92,18657,20486,27.175, 1699.1, 2148.6
   41760,   41820,115.7,18029,21181,9.9419, 1642.6, 2218.1
   41820,   41880,55.368,17049,19931,6.3221, 1554.4, 2093.1
   41880,   41940,44.089,17298,19359,5.6454, 1576.8, 2035.9
   41940,   42000,116.62,18117,19508,9.9969, 1650.5, 2050.8
   42000,   42060,494.8,18819,19485,32.688, 1713.7, 2048.5
   42060,   42120,352.83,18252,21249,24.17, 1662.7, 2224.9
   42120,   42180,191.56,18304,21511,14.494, 1667.3, 2251.1
   42180,   42240,64.023,18889,21684,6.8414, 1720, 2268.4
   42240,   42300,66.952,18828,21693,7.0171, 1714.5, 2269.3
   42300,   42360,124.84,18898,21264,10.491, 1720.8, 2226.4
   42360,   42420,259.01,19939,22389,18.54, 1814.5, 2338.9
   42420,   42480,334.85,20870,24688,23.091, 1898.3, 2568.8
   42480,   42540,1089.5,23029,26250,68.373, 2092.6, 2725
   42540,   42600,744.93,20993,23120,47.696, 1909.3, 2412
   42600,   42660,77.617,18557,22792,7.657, 1690.1, 2379.2
   42660,   42720,55.448,18358,22538,6.3269, 1672.2, 2353.8
   42720,   42780,158.72,19646,22367,12.523, 1788.2, 2336.7
   42780,   42840,537.72,22516,22750,35.263, 2046.5, 2375
   42840,   42900,1853.5,22327,24311,114.21, 2029.4, 2531.1
   42900,   42960,4834.8,26791,26858,293.09, 2431.2, 2785.8
   42960,   43020,8645.7,30827,24565,521.74, 2794.4, 2556.5
   43020,   43080,3405.4,29951,25727,207.32, 2715.6, 2672.7
   43080,   43140,2400.4,28131,27270,147.02, 2551.8, 2827
   43140,   43200,1908.3,28693,28826,117.5, 2602.4, 2982.6
   43200,   43260,5004.8,30273,31053,303.29, 2744.5, 3205.3
   43260,   43320,6417,32847,34010,388.02, 2976.2, 3501
   43320,   43380,748.13,25395,31873,47.888, 2305.5, 3287.3
   43380,   43440,6588.6,35274,32109,398.32, 3194.6, 3310.9
   43440,   43500,5732.2,36071,37346,346.93, 3266.4, 3834.6
   43500,   43560,3199.6,32537,38589,194.97, 2948.3, 3958.9
   43560,   43620,2848.6,34305,39067,173.92, 3107.4, 4006.7
   43620,   43680,2051.2,31562,37047,126.07, 2860.5, 3804.7
   43680,   43740,-9999,-9999,-9999,-9999, -9999, -9999
   43740,   43800,-9999,-9999,-9999,-9999, -9999, -9999
   43800,   43860,-9999,-9999,-9999,-9999, -9999, -9999
   43860,   43920,-9999,-9999,-9999,-9999, -9999, -9999
   43920,   43980,-9999,-9999,-9999,-9999, -9999, -9999
   43980,   44040,-9999,-9999,-9999,-9999, -9999, -9999
   44040,   44100,-9999,-9999,-9999,-9999, -9999, -9999
   44100,   44160,3900.6,25992,29865,237.04, 2359.3, 3086.5
   44160,   44220,1447.8,24734,31807,89.867, 2246.1, 3280.7
   44220,   44280,1145.6,24779,30080,71.738, 2250.1, 3108
   44280,   44340,604.18,24680,29777,39.251, 2241.2, 3077.7
   44340,   44400,358.7,24217,29313,24.522, 2199.6, 3031.3
   44400,   44460,314.1,24666,28563,21.846, 2240, 2956.3
   44460,   44520,272.52,24233,28042,19.351, 2201, 2904.2
   44520,   44580,220.12,24024,27936,16.207, 2182.2, 2893.6
   44580,   44640,265.49,24679,28354,18.929, 2241.1, 2935.4
   44640,   44700,368.65,24652,28531,25.119, 2238.7, 2953.1
   44700,   44760,572.36,25306,28796,37.342, 2297.6, 2979.6
   44760,   44820,367.44,24928,28798,25.047, 2263.5, 2979.8
   44820,   44880,402.94,25089,28527,27.176, 2278.1, 2952.7
   44880,   44940,543.04,26048,28643,35.583, 2364.3, 2964.3
   44940,   45000,709.99,27266,29108,45.6, 2473.9, 3010.8
   45000,   45060,1535.5,29090,30915,95.132, 2638.1, 3191.5
   45060,   45120,2677.5,31029,32636,163.65, 2812.6, 3363.6
   45120,   45180,2888.6,31814,35104,176.32, 2883.3, 3610.4
   45180,   45240,5470.5,33672,35975,331.23, 3050.5, 3697.5
   45240,   45300,4658.6,32480,34771,282.51, 2943.2, 3577.1
   45300,   45360,3186.5,31125,36359,194.19, 2821.2, 3735.9
   45360,   45420,5687.2,31075,38386,344.23, 2816.7, 3938.6
   45420,   45480,5470.3,30838,40180,331.22, 2795.5, 4118
   45480,   45540,3149.9,30773,38080,192, 2789.6, 3908
   45540,   45600,3380.1,30332,37142,205.8, 2749.9, 3814.2
   45600,   45660,2882,30362,37188,175.92, 2752.6, 3818.8
   45660,   45720,7311.8,30145,36547,441.71, 2733, 3754.7
   45720,   45780,5557.1,29793,40985,336.43, 2701.4, 4198.5
   45780,   45840,2477.2,28009,33660,151.63, 2540.8, 3466
   45840,   45900,2935.8,27581,34597,179.15, 2502.3, 3559.7
   45900,   45960,3094.5,27928,33907,188.67, 2533.5, 3490.7
   45960,   46020,3047.2,27854,33807,185.83, 2526.9, 3480.7
   46020,   46080,2821.5,27702,33263,172.29, 2513.2, 3426.3
   46080,   46140,3466.5,27979,33378,210.99, 2538.1, 3437.8
   46140,   46200,3100.4,26600,34455,189.02, 2414, 3545.5
   46200,   46260,3522.7,26962,33288,214.36, 2446.6, 3428.8
   46260,   46320,3658.2,27348,33017,222.49, 2481.3, 3401.7
   46320,   46380,4043.6,26477,32350,245.62, 2402.9, 3335
   46380,   46440,3122,25292,32041,190.32, 2296.3, 3304.1
   46440,   46500,2261.4,24784,31630,138.68, 2250.6, 3263
   46500,   46560,2315.4,24985,30821,141.92, 2268.7, 3182.1
   46560,   46620,2069.4,24230,30238,127.16, 2200.7, 3123.8
   46620,   46680,9472.6,27799,30410,571.36, 2521.9, 3141
   46680,   46740,11217,29645,32849,676.05, 2688.1, 3384.9
   46740,   46800,10714,29233,31803,645.84, 2651, 3280.3
   46800,   46860,4905.4,26409,30682,297.32, 2396.8, 3168.2
   46860,   46920,2903.9,22480,30768,177.24, 2043.2, 3176.8
   46920,   46980,2597.9,22436,28563,158.87, 2039.2, 2956.3
   46980,   47040,3188.4,22207,29000,194.31, 2018.6, 3000
   47040,   47100,2645.3,21447,27777,161.72, 1950.2, 2877.7
   47100,   47160,2625.9,21506,26989,160.55, 1955.5, 2798.9
   47160,   47220,2569.6,21375,26733,157.18, 1943.7, 2773.3
   47220,   47280,2579.9,20891,26399,157.8, 1900.2, 2739.9
   47280,   47340,4150.5,22672,26682,252.03, 2060.5, 2768.2
   47340,   47400,4450.2,23538,30491,270.01, 2138.4, 3149.1
   47400,   47460,3989.3,22937,29934,242.36, 2084.3, 3093.4
   47460,   47520,4525,23357,30150,274.5, 2122.1, 3115
