CampaignData_and_Merges/R0/CSL_MobileLab_Parked/raw/20240801/USOS-jNO2_MobileLabGround_20240801_R0.ict
52,1001
Waxman, E.; Rollins, A.; Zuraski, K.; Chace, W.
NOAA Chemical Sciences Laboratory
jNO2 filter radiometer on CSL Mobile Lab
AMMBEC / USOS
1, 1
2024,08,01, 2025,04,01
60
Time_Start, seconds, number_of_seconds_since_0000_UTC
20
1, 1, 1, 1, 1, 1, 1, 1, 1, 1, 1, 1, 1, 1, 1, 1, 1, 1, 1, 1
-9999, -9999, -9999, -9999, -9999, -9999, -9999, -9999, -9999, -9999, -9999, -9999, -9999, -9999, -9999, -9999, -9999, -9999, -9999, -9999
Time_Stop, seconds, number_of_seconds_since_0000_UTC
jNO2_meas, per second, photolysis rate of NO2 measured using a filter radiometer.
jBrCl, per second, photolysis rate of BrCl -> Br + Cl calculated in TUV for cloud-free sky with local AOD
jBr2, per second, photolysis rate of Br2 -> Br + Br calculated in TUV for cloud-free sky with local AOD
jCCl4, per second, photolysis rate of CCl4 -> Products calcualted in TUV for cloud-free sky with local AOD
jCH2Oa, per second, photolysis rate of CH2O -> H + HCO calculated in TUV for cloud-free sky with local AOD
jCH2Ob, per second, photolysis rate of CH2O -> H2 + CO calculated in TUV for cloud-free sky with local AOD
jClNO2, per second, photolysis rate of ClNO2 -> Cl + NO2 calculated in TUV for cloud-free sky with local AOD
jClOa, per second, photolysis rate of ClO -> Cl + O(1D) calculated in TUV for cloud-free sky with local AOD
jClOb, per second, photolysis rate of ClO -> Cl + O(3P) calculated in TUV for cloud-free sky with local AOD
jCl2, per second, photolysis rate of Cl2 -> Cl + Cl calculated in TUV for cloud-free sky with local AOD
jHNO2, per second, photolysis rate of HNO2 -> OH + NO calculated in TUV for cloud-free sky with local AOD
jHNO3, per second, photolysis rate of HNO3 -> OH + NO2 calculated in TUV for cloud-free sky with local AOD
jI2, per second, photolysis rate of I2 -> I + I calculated in TUV for cloud-free sky with local AOD
jNO2, per second, photolysis rate of NO2 -> NO + O(3P) calculated in TUV for cloud-free sky with local AOD
jNO3a, per second, photolysis rate of NO3 -> NO + O2 calculated in TUV for cloud-free sky with local AOD
jNO3b, per second, photolysis rate of NO3 -> NO2 + O(3P) calculated in TUV for cloud-free sky with local AOD
jN2O5, per second, photolysis rate of N2O5 -> NO3 + NO + O(3P) calculated in TUV for cloud-free sky with local AOD
jO3, per second, photolysis rate of O3 -> O2 + O(1D) calculated in TUV for cloud-free sky with local AOD
AOD_500nm, unitless, UTC daily mean AOD at 500 nm from an AERONET station located at 40.178 N, -112.452 E
0
18
PI_CONTACT_INFO: eleanor.waxman@noaa.gov
PLATFORM: CSL Mobile Lab, at ground site
LOCATION: Salt Lake City, UT
ASSOCIATED_DATA:
INSTRUMENT_INFO: jNO2 filter radiometer.  TUV calculations are for mobile van lat/lon/altitude assuming clear sky (cloud AOD = 0) and daily mean AOD.
DATA_INFO:
UNCERTAINTY: Data uncertainties are +/- 20%.  These come from uncertainties in radiometer angular response, radiometer thermal response, local interferences from clouds/aerosols/shadows etc.
ULOD_FLAG: -7777
ULOD_VALUE: N/A
LLOD_FLAG: -8888
LLOD_VALUE: N/A
DM_CONTACT_INFO: eleanor.waxman@noaa.gov
PROJECT_INFO: USOS Project, July - August 2024
STIPULATIONS_ON_USE: Users are strongly encouraged to contact the PI for proper data usage.
OTHER_COMMENTS: 
REVISION: R0
R0: final data
Time_Start, Time_Stop, jNO2_meas, jBrCl, jBr2, jCCl4, jCH2Oa, jCH2Ob, jClNO2, jClOa, jClOb, jCl2, jHNO2, jHNO3, jI2, jNO2, jNO3a, jNO3b, jN2O5, jO3, AOD_500nm
       0,      60,0.0053189,0.007021,0.02288,1.641e-25,1.282e-05,2.321e-05,0.0002327,5.813e-26,1.021e-05,0.00126,0.0008595,1.817e-07,0.08691,0.005483,0.0175,0.1366,1.945e-05,6.34e-06,0.241
      60,     120,0.0052964,0.006984,0.02278,1.612e-25,1.269e-05,2.301e-05,0.0002308,5.711e-26,1.004e-05,0.001251,0.0008536,1.794e-07,0.08659,0.005448,0.01745,0.1362,1.928e-05,6.233e-06,0.241
     120,     180,0.0052771,0.006949,0.02268,1.584e-25,1.256e-05,2.283e-05,0.000229,5.617e-26,9.888e-06,0.001242,0.0008481,1.772e-07,0.08628,0.005415,0.01739,0.1357,1.912e-05,6.133e-06,0.241
     180,     240,0.0052244,0.006911,0.02257,1.556e-25,1.243e-05,2.263e-05,0.0002271,5.519e-26,9.722e-06,0.001233,0.0008422,1.749e-07,0.08595,0.00538,0.01733,0.1352,1.895e-05,6.028e-06,0.241
     240,     300,0.0051846,0.006873,0.02247,1.528e-25,1.229e-05,2.243e-05,0.0002252,5.423e-26,9.558e-06,0.001224,0.0008363,1.727e-07,0.08562,0.005345,0.01728,0.1347,1.878e-05,5.923e-06,0.241
     300,     360,0.0051607,0.006837,0.02237,1.503e-25,1.217e-05,2.224e-05,0.0002234,5.336e-26,9.405e-06,0.001215,0.0008306,1.706e-07,0.0853,0.005311,0.01722,0.1342,1.862e-05,5.826e-06,0.241
     360,     420,0.0051336,0.006798,0.02226,1.476e-25,1.203e-05,2.204e-05,0.0002214,5.245e-26,9.244e-06,0.001206,0.0008247,1.683e-07,0.08496,0.005275,0.01716,0.1337,1.844e-05,5.723e-06,0.241
     420,     480,0.0051051,0.00676,0.02216,1.451e-25,1.19e-05,2.184e-05,0.0002195,5.155e-26,9.084e-06,0.001197,0.0008186,1.661e-07,0.08462,0.005239,0.0171,0.1332,1.827e-05,5.622e-06,0.241
     480,     540,0.0050684,0.006723,0.02205,1.427e-25,1.177e-05,2.166e-05,0.0002177,5.073e-26,8.934e-06,0.001188,0.0008129,1.64e-07,0.08429,0.005205,0.01705,0.1327,1.811e-05,5.527e-06,0.241
     540,     600,0.0050212,0.006683,0.02194,1.402e-25,1.164e-05,2.145e-05,0.0002157,4.988e-26,8.776e-06,0.001179,0.0008068,1.618e-07,0.08394,0.005169,0.01699,0.1322,1.794e-05,5.427e-06,0.241
     600,     660,0.0049943,0.006644,0.02183,1.378e-25,1.15e-05,2.125e-05,0.0002138,4.905e-26,8.621e-06,0.001169,0.0008007,1.596e-07,0.08358,0.005132,0.01692,0.1317,1.776e-05,5.328e-06,0.241
     660,     720,0.0049622,0.006606,0.02173,1.356e-25,1.138e-05,2.106e-05,0.0002119,4.828e-26,8.475e-06,0.00116,0.000795,1.575e-07,0.08325,0.005097,0.01687,0.1312,1.76e-05,5.236e-06,0.241
     720,     780,0.0049346,0.006566,0.02161,1.333e-25,1.125e-05,2.086e-05,0.00021,4.748e-26,8.322e-06,0.001151,0.0007888,1.553e-07,0.08289,0.00506,0.0168,0.1306,1.743e-05,5.139e-06,0.241
     780,     840,0.0048955,0.006525,0.0215,1.31e-25,1.111e-05,2.066e-05,0.000208,4.669e-26,8.17e-06,0.001142,0.0007826,1.531e-07,0.08252,0.005023,0.01674,0.1301,1.725e-05,5.043e-06,0.241
     840,     900,0.0048787,0.006487,0.02139,1.289e-25,1.099e-05,2.047e-05,0.0002062,4.597e-26,8.028e-06,0.001133,0.0007767,1.511e-07,0.08218,0.004988,0.01668,0.1296,1.709e-05,4.954e-06,0.241
     900,     960,0.0048727,0.006446,0.02128,1.267e-25,1.085e-05,2.027e-05,0.0002042,4.522e-26,7.879e-06,0.001123,0.0007705,1.489e-07,0.0818,0.00495,0.01661,0.129,1.692e-05,4.859e-06,0.241
     960,    1020,0.0048524,0.006405,0.02116,1.246e-25,1.072e-05,2.006e-05,0.0002022,4.449e-26,7.731e-06,0.001113,0.0007642,1.467e-07,0.08143,0.004912,0.01655,0.1284,1.674e-05,4.766e-06,0.241
    1020,    1080,0.0048244,0.006365,0.02105,1.226e-25,1.06e-05,1.987e-05,0.0002004,4.381e-26,7.593e-06,0.001104,0.0007582,1.447e-07,0.08107,0.004876,0.01648,0.1279,1.658e-05,4.679e-06,0.241
    1080,    1140,0.0047707,0.006323,0.02093,1.206e-25,1.046e-05,1.967e-05,0.0001984,4.31e-26,7.448e-06,0.001095,0.0007519,1.426e-07,0.08068,0.004838,0.01642,0.1273,1.64e-05,4.588e-06,0.241
    1140,    1200,0.0047243,0.006281,0.02081,1.186e-25,1.033e-05,1.947e-05,0.0001964,4.241e-26,7.305e-06,0.001085,0.0007455,1.405e-07,0.0803,0.004799,0.01635,0.1267,1.623e-05,4.498e-06,0.241
    1200,    1260,0.0046969,0.006241,0.0207,1.168e-25,1.021e-05,1.927e-05,0.0001945,4.177e-26,7.171e-06,0.001076,0.0007395,1.385e-07,0.07993,0.004763,0.01628,0.1262,1.606e-05,4.414e-06,0.241
    1260,    1320,0.0046491,0.006198,0.02058,1.148e-25,1.008e-05,1.907e-05,0.0001925,4.111e-26,7.03e-06,0.001066,0.0007331,1.364e-07,0.07953,0.004724,0.01621,0.1256,1.589e-05,4.326e-06,0.241
    1320,    1380,0.0046124,0.006155,0.02045,1.13e-25,9.945e-06,1.886e-05,0.0001905,4.045e-26,6.891e-06,0.001056,0.0007266,1.343e-07,0.07913,0.004685,0.01614,0.125,1.572e-05,4.239e-06,0.241
    1380,    1440,0.0045675,0.006114,0.02034,1.112e-25,9.822e-06,1.867e-05,0.0001887,3.985e-26,6.762e-06,0.001047,0.0007205,1.323e-07,0.07875,0.004648,0.01608,0.1244,1.555e-05,4.158e-06,0.241
    1440,    1500,0.0045109,0.00607,0.02021,1.094e-25,9.691e-06,1.847e-05,0.0001867,3.923e-26,6.626e-06,0.001037,0.000714,1.303e-07,0.07834,0.004608,0.016,0.1238,1.538e-05,4.073e-06,0.241
    1500,    1560,0.0044613,0.006026,0.02009,1.076e-25,9.561e-06,1.826e-05,0.0001847,3.861e-26,6.491e-06,0.001027,0.0007075,1.282e-07,0.07793,0.004569,0.01593,0.1232,1.52e-05,3.988e-06,0.241
    1560,    1620,0.0044243,0.005984,0.01997,1.06e-25,9.438e-06,1.807e-05,0.0001828,3.804e-26,6.365e-06,0.001018,0.0007013,1.263e-07,0.07754,0.004531,0.01586,0.1226,1.504e-05,3.91e-06,0.241
    1620,    1680,0.0043747,0.00594,0.01984,1.043e-25,9.308e-06,1.786e-05,0.0001808,3.745e-26,6.234e-06,0.001008,0.0006947,1.243e-07,0.07712,0.004491,0.01579,0.122,1.486e-05,3.828e-06,0.241
    1680,    1740,0.0043304,0.005895,0.01971,1.026e-25,9.179e-06,1.766e-05,0.0001788,3.687e-26,6.103e-06,0.0009978,0.0006881,1.223e-07,0.0767,0.004451,0.01571,0.1213,1.469e-05,3.747e-06,0.241
    1740,    1800,0.0042787,0.005852,0.01959,1.011e-25,9.057e-06,1.746e-05,0.0001769,3.633e-26,5.982e-06,0.0009884,0.0006819,1.204e-07,0.07629,0.004413,0.01564,0.1207,1.452e-05,3.671e-06,0.241
    1800,    1860,0.0042381,0.005807,0.01946,9.944e-26,8.929e-06,1.726e-05,0.0001749,3.577e-26,5.855e-06,0.0009784,0.0006752,1.184e-07,0.07586,0.004372,0.01556,0.1201,1.435e-05,3.592e-06,0.241
    1860,    1920,0.0041916,0.005761,0.01932,9.785e-26,8.8e-06,1.705e-05,0.0001729,3.522e-26,5.729e-06,0.0009683,0.0006685,1.164e-07,0.07542,0.004332,0.01549,0.1194,1.418e-05,3.514e-06,0.241
    1920,    1980,0.0041579,0.005717,0.0192,9.639e-26,8.68e-06,1.686e-05,0.000171,3.471e-26,5.613e-06,0.0009588,0.0006622,1.146e-07,0.075,0.004293,0.01541,0.1188,1.401e-05,3.442e-06,0.241
    1980,    2040,0.0041474,0.005671,0.01906,9.486e-26,8.552e-06,1.665e-05,0.000169,3.418e-26,5.49e-06,0.0009487,0.0006555,1.126e-07,0.07456,0.004252,0.01533,0.1181,1.384e-05,3.366e-06,0.241
    2040,    2100,0.0041175,0.005624,0.01893,9.337e-26,8.425e-06,1.645e-05,0.0001669,3.366e-26,5.369e-06,0.0009386,0.0006488,1.107e-07,0.07411,0.004211,0.01525,0.1174,1.366e-05,3.291e-06,0.241
    2100,    2160,0.004086,0.00558,0.0188,9.198e-26,8.306e-06,1.625e-05,0.0001651,3.317e-26,5.257e-06,0.000929,0.0006424,1.089e-07,0.07368,0.004172,0.01517,0.1168,1.35e-05,3.221e-06,0.241
    2160,    2220,0.0040435,0.005533,0.01866,9.054e-26,8.18e-06,1.605e-05,0.000163,3.267e-26,5.139e-06,0.0009189,0.0006356,1.07e-07,0.07322,0.00413,0.01509,0.1161,1.333e-05,3.148e-06,0.241
    2220,    2280,0.0039995,0.005485,0.01852,8.911e-26,8.055e-06,1.584e-05,0.000161,3.217e-26,5.022e-06,0.0009086,0.0006288,1.051e-07,0.07275,0.004088,0.01501,0.1154,1.315e-05,3.076e-06,0.241
    2280,    2340,0.0039708,0.00544,0.01839,8.78e-26,7.937e-06,1.565e-05,0.0001591,3.172e-26,4.914e-06,0.000899,0.0006224,1.033e-07,0.07231,0.004049,0.01493,0.1147,1.299e-05,3.01e-06,0.241
    2340,    2400,0.0039406,0.005392,0.01825,8.643e-26,7.813e-06,1.544e-05,0.0001571,3.124e-26,4.801e-06,0.0008888,0.0006155,1.014e-07,0.07184,0.004007,0.01484,0.114,1.282e-05,2.94e-06,0.241
    2400,    2460,0.0038903,0.005343,0.0181,8.508e-26,7.689e-06,1.524e-05,0.0001551,3.077e-26,4.689e-06,0.0008786,0.0006087,9.958e-08,0.07136,0.003964,0.01476,0.1133,1.265e-05,2.871e-06,0.241
    2460,    2520,0.0038313,0.005297,0.01797,8.383e-26,7.573e-06,1.505e-05,0.0001532,3.033e-26,4.586e-06,0.0008689,0.0006022,9.785e-08,0.0709,0.003925,0.01468,0.1126,1.249e-05,2.807e-06,0.241
    2520,    2580,0.0037686,0.005248,0.01782,8.253e-26,7.45e-06,1.484e-05,0.0001512,2.988e-26,4.477e-06,0.0008587,0.0005953,9.604e-08,0.07041,0.003882,0.01459,0.1118,1.231e-05,2.74e-06,0.241
    2580,    2640,0.0037137,0.005199,0.01768,8.124e-26,7.327e-06,1.464e-05,0.0001492,2.943e-26,4.37e-06,0.0008483,0.0005884,9.423e-08,0.06992,0.003839,0.0145,0.1111,1.214e-05,2.675e-06,0.241
    2640,    2700,0.0036722,0.005152,0.01754,8.005e-26,7.213e-06,1.445e-05,0.0001473,2.901e-26,4.271e-06,0.0008387,0.0005819,9.255e-08,0.06945,0.003799,0.01441,0.1104,1.198e-05,2.614e-06,0.241
    2700,    2760,0.0036326,0.005102,0.01739,7.881e-26,7.092e-06,1.424e-05,0.0001453,2.858e-26,4.167e-06,0.0008283,0.0005749,9.078e-08,0.06895,0.003756,0.01432,0.1096,1.181e-05,2.55e-06,0.241
    2760,    2820,0.003598,0.005052,0.01724,7.759e-26,6.972e-06,1.404e-05,0.0001433,2.815e-26,4.064e-06,0.000818,0.000568,8.902e-08,0.06844,0.003713,0.01423,0.1088,1.164e-05,2.487e-06,0.241
    2820,    2880,0.0035606,0.005005,0.0171,7.646e-26,6.859e-06,1.385e-05,0.0001414,2.776e-26,3.97e-06,0.0008083,0.0005614,8.739e-08,0.06795,0.003672,0.01414,0.1081,1.148e-05,2.429e-06,0.241
    2880,    2940,0.0035118,0.004954,0.01694,7.528e-26,6.74e-06,1.365e-05,0.0001394,2.735e-26,3.87e-06,0.0007979,0.0005544,8.566e-08,0.06743,0.003629,0.01405,0.1073,1.131e-05,2.369e-06,0.241
    2940,    3000,0.0034622,0.004902,0.01679,7.412e-26,6.622e-06,1.344e-05,0.0001375,2.694e-26,3.773e-06,0.0007876,0.0005474,8.396e-08,0.06692,0.003585,0.01395,0.1065,1.114e-05,2.309e-06,0.241
    3000,    3060,0.0034345,0.004854,0.01665,7.305e-26,6.512e-06,1.326e-05,0.0001356,2.656e-26,3.682e-06,0.0007779,0.0005408,8.237e-08,0.06641,0.003544,0.01386,0.1057,1.098e-05,2.254e-06,0.241
    3060,    3120,0.0034109,0.004803,0.01649,7.192e-26,6.395e-06,1.305e-05,0.0001336,2.617e-26,3.588e-06,0.0007675,0.0005338,8.069e-08,0.06588,0.003501,0.01376,0.1049,1.081e-05,2.196e-06,0.241
    3120,    3180,0.0033785,0.004751,0.01633,7.082e-26,6.278e-06,1.286e-05,0.0001316,2.578e-26,3.495e-06,0.0007572,0.0005269,7.904e-08,0.06534,0.003457,0.01367,0.1041,1.065e-05,2.14e-06,0.241
    3180,    3240,0.0033305,0.004702,0.01618,6.979e-26,6.169e-06,1.267e-05,0.0001297,2.542e-26,3.407e-06,0.0007473,0.0005201,7.746e-08,0.06483,0.003415,0.01357,0.1033,1.049e-05,2.087e-06,0.241
    3240,    3300,0.0032733,0.004649,0.01602,6.872e-26,6.056e-06,1.246e-05,0.0001278,2.504e-26,3.318e-06,0.000737,0.0005132,7.587e-08,0.06428,0.003371,0.01347,0.1025,1.032e-05,2.033e-06,0.241
    3300,    3360,0.0032297,0.004595,0.01586,6.766e-26,5.946e-06,1.227e-05,0.0001258,2.467e-26,3.23e-06,0.0007266,0.0005059,7.43e-08,0.06373,0.003326,0.01337,0.1016,1.016e-05,1.979e-06,0.241
    3360,    3420,0.0031937,0.004544,0.01571,6.669e-26,5.834e-06,1.207e-05,0.0001239,2.433e-26,3.148e-06,0.0007164,0.0004989,7.275e-08,0.06319,0.003282,0.01327,0.1008,9.997e-06,1.929e-06,0.241
    3420,    3480,0.0031532,0.004493,0.01555,6.566e-26,5.722e-06,1.186e-05,0.0001219,2.397e-26,3.063e-06,0.0007058,0.0004919,7.118e-08,0.06263,0.00324,0.01317,0.09996,9.828e-06,1.877e-06,0.241
    3480,    3540,0.003103,0.00444,0.01539,6.465e-26,5.622e-06,1.17e-05,0.0001201,2.362e-26,2.982e-06,0.0006964,0.0004854,6.973e-08,0.06205,0.003197,0.01306,0.09909,9.681e-06,1.828e-06,0.241
    3540,    3600,0.0030528,0.00439,0.01523,6.372e-26,5.509e-06,1.15e-05,0.0001182,2.329e-26,2.903e-06,0.0006865,0.0004787,6.822e-08,0.06151,0.003155,0.01296,0.09825,9.522e-06,1.78e-06,0.241
    3600,    3660,0.0029975,0.004335,0.01506,6.273e-26,5.4e-06,1.131e-05,0.0001163,2.294e-26,2.822e-06,0.0006762,0.0004717,6.669e-08,0.06092,0.003111,0.01285,0.09735,9.359e-06,1.731e-06,0.241
    3660,    3720,0.0029513,0.004281,0.0149,6.177e-26,5.293e-06,1.112e-05,0.0001144,2.26e-26,2.743e-06,0.0006659,0.0004646,6.522e-08,0.06033,0.003066,0.01274,0.09645,9.199e-06,1.684e-06,0.241
    3720,    3780,0.0028997,0.00423,0.01474,6.087e-26,5.19e-06,1.094e-05,0.0001126,2.229e-26,2.669e-06,0.0006562,0.000458,6.381e-08,0.05977,0.003024,0.01264,0.09559,9.047e-06,1.639e-06,0.241
    3780,    3840,0.0028519,0.004175,0.01457,5.993e-26,5.084e-06,1.074e-05,0.0001106,2.196e-26,2.593e-06,0.0006459,0.0004509,6.236e-08,0.05917,0.002979,0.01253,0.09467,8.887e-06,1.593e-06,0.241
    3840,    3900,0.0028082,0.004121,0.01439,5.901e-26,4.979e-06,1.055e-05,0.0001087,2.163e-26,2.518e-06,0.0006356,0.0004439,6.092e-08,0.05856,0.002935,0.01241,0.09374,8.728e-06,1.548e-06,0.241
    3900,    3960,0.0027712,0.004069,0.01423,5.815e-26,4.881e-06,1.037e-05,0.0001069,2.133e-26,2.45e-06,0.000626,0.0004373,5.958e-08,0.05799,0.002893,0.01231,0.09285,8.579e-06,1.507e-06,0.241
    3960,    4020,0.0027302,0.004013,0.01406,5.726e-26,4.777e-06,1.018e-05,0.000105,2.101e-26,2.377e-06,0.0006157,0.0004302,5.817e-08,0.05737,0.002848,0.01219,0.0919,8.422e-06,1.463e-06,0.241
    4020,    4080,0.0026898,0.003958,0.01388,5.638e-26,4.674e-06,9.997e-06,0.0001032,2.07e-26,2.307e-06,0.0006055,0.0004232,5.679e-08,0.05675,0.002803,0.01207,0.09094,8.266e-06,1.421e-06,0.241
    4080,    4140,0.0026429,0.003905,0.01372,5.555e-26,4.579e-06,9.822e-06,0.0001014,2.041e-26,2.242e-06,0.000596,0.0004166,5.55e-08,0.05615,0.002761,0.01196,0.09003,8.119e-06,1.382e-06,0.241
    4140,    4200,0.0026168,0.00385,0.01354,5.47e-26,4.479e-06,9.636e-06,9.954e-05,2.011e-26,2.175e-06,0.0005858,0.0004096,5.416e-08,0.05552,0.002717,0.01184,0.08905,7.965e-06,1.342e-06,0.241
    4200,    4260,0.0025754,0.003794,0.01336,5.385e-26,4.379e-06,9.452e-06,9.769e-05,1.981e-26,2.109e-06,0.0005757,0.0004027,5.283e-08,0.05488,0.002672,0.01172,0.08806,7.812e-06,1.302e-06,0.241
    4260,    4320,0.0025254,0.003741,0.0132,5.306e-26,4.286e-06,9.279e-06,9.595e-05,1.953e-26,2.048e-06,0.0005662,0.0003961,5.16e-08,0.05427,0.00263,0.0116,0.08711,7.668e-06,1.265e-06,0.241
    4320,    4380,0.002477,0.003684,0.01302,5.223e-26,4.189e-06,9.097e-06,9.412e-05,1.923e-26,1.985e-06,0.0005561,0.0003891,5.031e-08,0.05361,0.002585,0.01148,0.0861,7.517e-06,1.227e-06,0.241
    4380,    4440,0.0024316,0.003628,0.01283,5.141e-26,4.093e-06,8.916e-06,9.229e-05,1.894e-26,1.923e-06,0.0005461,0.0003822,4.904e-08,0.05295,0.002541,0.01136,0.08508,7.367e-06,1.19e-06,0.241
    4440,    4500,0.0023887,0.003574,0.01266,5.066e-26,4.003e-06,8.748e-06,9.059e-05,1.868e-26,1.866e-06,0.0005367,0.0003757,4.786e-08,0.05233,0.002499,0.01124,0.08411,7.227e-06,1.156e-06,0.241
    4500,    4560,0.0023435,0.003518,0.01248,4.986e-26,3.91e-06,8.57e-06,8.88e-05,1.839e-26,1.807e-06,0.0005267,0.0003688,4.663e-08,0.05166,0.002454,0.01111,0.08308,7.079e-06,1.121e-06,0.241
    4560,    4620,0.0023033,0.00346,0.01229,4.907e-26,3.816e-06,8.393e-06,8.7e-05,1.812e-26,1.749e-06,0.0005168,0.0003619,4.541e-08,0.05098,0.00241,0.01098,0.08202,6.932e-06,1.086e-06,0.241
    4620,    4680,0.0022558,0.003407,0.01212,4.835e-26,3.73e-06,8.229e-06,8.533e-05,1.786e-26,1.696e-06,0.0005075,0.0003555,4.429e-08,0.05033,0.002368,0.01085,0.08103,6.795e-06,1.054e-06,0.241
    4680,    4740,0.0022104,0.00335,0.01193,4.758e-26,3.64e-06,8.055e-06,8.357e-05,1.759e-26,1.641e-06,0.0004977,0.0003487,4.312e-08,0.04965,0.002324,0.01072,0.07996,6.651e-06,1.021e-06,0.241
    4740,    4800,0.0021735,0.003292,0.01175,4.683e-26,3.55e-06,7.883e-06,8.183e-05,1.732e-26,1.588e-06,0.0004879,0.0003419,4.196e-08,0.04895,0.00228,0.01059,0.07888,6.508e-06,9.89e-07,0.241
    4800,    4860,0.0021366,0.003238,0.01157,4.613e-26,3.467e-06,7.723e-06,8.019e-05,1.707e-26,1.538e-06,0.0004788,0.0003356,4.089e-08,0.04829,0.002239,0.01046,0.07785,6.374e-06,9.594e-07,0.241
    4860,    4920,0.0020994,0.003181,0.01138,4.54e-26,3.381e-06,7.554e-06,7.848e-05,1.681e-26,1.487e-06,0.0004691,0.0003289,3.978e-08,0.04759,0.002195,0.01032,0.07675,6.234e-06,9.288e-07,0.241
    4920,    4980,0.0020555,0.003123,0.01119,4.467e-26,3.294e-06,7.386e-06,7.676e-05,1.655e-26,1.437e-06,0.0004595,0.0003222,3.867e-08,0.04687,0.002151,0.01019,0.07564,6.094e-06,8.986e-07,0.241
