CampaignData_and_Merges/R0/CSL_MobileLab_Parked/raw/20240801/USOS-POPS_MobileLabGround_20240801_R0.ict
78, 1001
Thornberry, T. D.
NOAA Chemical Sciences Laboratory
Portable Optical Particle Spectrometer (POPS)
USOS
1, 1
2024, 08, 01, 2025, 05, 08
60
Time_Start, seconds_past_midnight, Start time of measurement
45
1, 1, 1, 1, 1, 1, 1, 1, 1, 1, 1, 1, 1, 1, 1, 1, 1, 1, 1, 1, 1, 1, 1, 1, 1, 1, 1, 1, 1, 1, 1, 1, 1, 1, 1, 1, 1, 1, 1, 1, 1, 1, 1, 1, 1
-9999, -9999, -9999, -9999, -9999, -9999, -9999, -9999, -9999, -9999, -9999, -9999, -9999, -9999, -9999, -9999, -9999, -9999, -9999, -9999, -9999, -9999, -9999, -9999, -9999, -9999, -9999, -9999, -9999, -9999, -9999, -9999, -9999, -9999, -9999, -9999, -9999, -9999, -9999, -9999, -9999, -9999, -9999, -9999, -9999
Time_Stop, seconds_past_midnight, Stop time of measurement
Time_Mid, seconds_past_midnight, Mid time of measurement
Press_mb, mb, Pressure reported (mb)
Temp_C, degrees C, POPS temperature measurement
Aerosol_concentration, cm^-3, Aerosol concentration
Surface_Area_Conc, um^2 cm^-3, Surface area concentration
Volume_density, um^3 cm^-3, Volume density
Effective_radius, um, Effective radius
Extinction, km^-1, Extinction
Bin01, cm^-3, particle concentration in size range [1401 - 146.3 nm]
Bin02, cm^-3, particle concentration in size range [146.3 - 152.8 nm]
Bin03, cm^-3, particle concentration in size range [152.8 - 159.6 nm]
Bin04, cm^-3, particle concentration in size range [159.6 - 166.8 nm]
Bin05, cm^-3, particle concentration in size range [166.8 - 174.2 nm]
Bin06, cm^-3, particle concentration in size range [174.2 - 181.9 nm]
Bin07, cm^-3, particle concentration in size range [181.9 - 190.0 nm]
Bin08, cm^-3, particle concentration in size range [190.0 - 198.5 nm]
Bin09, cm^-3, particle concentration in size range [198.5 - 207.4 nm]
Bin10, cm^-3, particle concentration in size range [207.4 - 216.6 nm]
Bin11, cm^-3, particle concentration in size range [216.6 - 226.2 nm]
Bin12, cm^-3, particle concentration in size range [226.2 - 236.3 nm]
Bin13, cm^-3, particle concentration in size range [236.3 - 246.8 nm]
Bin14, cm^-3, particle concentration in size range [246.8 - 257.8 nm]
Bin15, cm^-3, particle concentration in size range [257.8 - 269.3 nm]
Bin16, cm^-3, particle concentration in size range [269.3 - 343.4 nm]
Bin17, cm^-3, particle concentration in size range [343.4 - 450.7 nm]
Bin18, cm^-3, particle concentration in size range [450.7 - 525.9 nm]
Bin19, cm^-3, particle concentration in size range [525.9 - 618.5 nm]
Bin20, cm^-3, particle concentration in size range [618.5 - 710.0 nm]
Bin21, cm^-3, particle concentration in size range [710.0 - 822.7 nm]
Bin22, cm^-3, particle concentration in size range [822.7 - 885.9 nm]
Bin23, cm^-3, particle concentration in size range [885.9 - 953.9 nm]
Bin24, cm^-3, particle concentration in size range [953.9 - 1027.2 nm]
Bin25, cm^-3, particle concentration in size range [1027.2 - 1106.1 nm]
Bin26, cm^-3, particle concentration in size range [1106.1 - 1191.0 nm]
Bin27, cm^-3, particle concentration in size range [1191.0 - 1282.5 nm]
Bin28, cm^-3, particle concentration in size range [1282.5 - 1381.0 nm]
Bin29, cm^-3, particle concentration in size range [1381.0 - 1487.1 nm]
Bin30, cm^-3, particle concentration in size range [1487.1 - 1601.3 nm]
Bin31, cm^-3, particle concentration in size range [1601.3 - 1724.3 nm]
[...]
PLATFORM: NOAA CSL Mobile Lab
LOCATION: USOS
ASSOCIATED_DATA: N/A
INSTRUMENT_INFO: Printed Optical Particle Spectrometer counts particles from 140 - 2500 nm in diameter 
DATA_INFO: Particle concentrations reported in number per cubic centimeter,1 Hz data
UNCERTAINTY: Counting uncertainty dominated by air flow, less than 5 percent. Measurement range is ~0 - 3000 per cm3 (varies depending on flow rate- manufacturer quotes 1250 per cm3 at 1.667 cc/s)
ULOD_FLAG: -7777
ULOD_VALUE: N/A
LLOD_FLAG: -8888
LLOD_VALUE: N/A
DM_CONTACT_INFO: Troy Thornberry, 325 Broadway R/CSL6, Boulder, CO 80305; troy.thornberry@noaa.gov; 303-497-3373
PROJECT_INFO: USOS, Utah POPS data from NOAA CSL Mobile Lab
STIPULATIONS_ON_USE: Please contact the PIs for questions regarding applications and uncertainties
OTHER_COMMENTS: POPS bin Edges (nm):  140.1, 146.3, 152.8, 159.6, 166.8, 174.2, 181.9, 190.0, 198.5, 207.4, 216.6, 226.2, 236.3, 246.8, 257.8, 269.3, 343.4, 450.7, 525.9, 618.5, 710.0, 822.7, 885.9, 953.9, 1027.2, 1106.1, 1191.0, 1282.5, 1381.0, 1487.1, 1601.3, 1724.3, 1856.7, 1999.3, 2152.8, 2318.2, 2496.2
Calculations assume organic aerosol refractive index of 1.52+0.00j and extinction wavelength = 532 nm
REVISION: R0
R0: Final data
Time_Start, Time_Stop, Time_Mid, Press_mb, Temp_C, Aerosol_concentration, Surface_Area_Conc, Volume_density, Effective_radius, Extinction, Bin01, Bin02, Bin03, Bin04, Bin05, Bin06, Bin07, Bin08, Bin09, Bin10, Bin11, Bin12, Bin13, Bin14, Bin15, Bin16, Bin17, Bin18, Bin19, Bin20, Bin21, Bin22, Bin23, Bin24, Bin25, Bin26, Bin27, Bin28, Bin29, Bin30, Bin31, Bin32, Bin33, Bin34, Bin35, Bin36
[from data line 117]
7020,7079,7050,872.770,33.159,1056.136,236.118,13.575,0.172,0.093,39.622021,40.182388,42.180592,44.074139,44.946114,46.782612,47.435085,48.856323,48.841530,49.428371,50.835979,53.428936,55.736210,54.946659,49.512459,219.447540,83.672020,24.921738,8.280394,1.009616,0.808307,0.300027,0.192400,0.110050,0.100077,0.095308,0.084498,0.044689,0.022890,0.052243,0.051421,0.023526,0.043763,0.011111,0.028160,0.027027
7080,7139,7110,872.777,33.056,1055.648,234.878,13.208,0.169,0.092,39.254559,40.506840,41.780235,43.913536,46.066151,46.081032,46.326843,48.341782,48.584915,49.027061,50.765587,54.830078,55.748806,55.012646,49.900448,220.515930,83.529594,24.666136,8.017374,1.029983,0.693255,0.271547,0.157244,0.139111,0.104535,0.056274,0.044523,0.050012,0.038714,0.054267,0.044288,0.005807,0.033948,0.032666,0.011574,0.010771
7140,7199,7170,872.781,32.899,1065.598,237.549,13.493,0.170,0.094,40.202374,41.166630,42.247272,42.948711,45.577091,46.876835,47.805733,48.348553,48.834614,49.596577,52.284275,54.405891,56.496170,55.945522,50.583977,221.461777,84.127983,25.733158,8.141935,1.032373,0.693990,0.265194,0.188436,0.154529,0.087863,0.090372,0.023611,0.038847,0.039672,0.029571,0.061949,0.033661,0.022397,0.016905,0.005631,0.027744
7200,7259,7230,872.775,33.017,1063.393,237.432,13.675,0.173,0.094,39.212196,41.221306,41.976582,44.178185,46.053837,48.136623,47.406868,48.733047,47.996487,48.989246,50.536518,54.628273,56.934486,56.168877,51.516010,219.217972,84.127792,25.075123,8.267230,1.051185,0.734319,0.324978,0.246727,0.137782,0.115466,0.069201,0.055849,0.028425,0.034989,0.044043,0.039221,0.039048,0.010442,0.016943,0.028112,0.039549
7260,7319,7290,872.794,33.243,1064.112,237.678,13.626,0.172,0.094,40.422230,41.409340,42.037521,44.275612,45.858780,46.746269,46.766731,48.088444,47.481018,50.387527,51.950897,54.207619,56.446491,55.576569,51.126732,220.813782,83.753006,25.531088,8.182772,1.121477,0.663437,0.357323,0.226372,0.165619,0.087307,0.080788,0.078198,0.061361,0.027638,0.033154,0.010842,0.031566,0.038046,0.010807,0.011725,0.043831
7320,7379,7350,872.798,33.398,1064.331,236.193,13.159,0.167,0.093,39.183670,41.279011,42.223034,44.103001,44.989960,47.959377,46.324181,48.366413,48.537235,49.571873,52.274307,54.941845,57.192539,55.464592,50.970360,221.506119,83.207161,25.528963,7.920135,1.007184,0.683927,0.365881,0.192383,0.148729,0.077263,0.055921,0.049961,0.021754,0.049384,0.017454,0.043906,0.016568,0.022854,0.016639,0.005593,0.011697
7380,7439,7410,872.796,33.188,1060.557,236.757,13.408,0.170,0.094,39.477619,40.806797,41.633141,43.477585,46.984768,46.649956,46.717022,47.417622,49.244041,49.562592,50.953449,54.133110,55.717442,56.116604,50.503819,220.633499,84.067177,25.346975,7.956673,1.179157,0.770945,0.328768,0.227860,0.142625,0.083302,0.083276,0.050450,0.048748,0.065915,0.055272,0.032648,0.031987,0.022251,0.011243,0.017296,0.005482
7440,7499,7470,872.788,33.110,1053.265,234.749,13.247,0.169,0.093,38.907379,40.996662,42.546360,44.050514,46.160595,45.832512,47.729450,47.560493,48.329365,49.273773,50.340832,53.639526,55.501190,55.302536,48.723999,218.286926,83.658218,25.341770,8.078074,1.023740,0.818976,0.398459,0.189151,0.081300,0.099232,0.056503,0.072011,0.055568,0.055276,0.027188,0.043539,0.022451,0.022176,0.022643,0.000000,0.016359
7500,7559,7530,872.805,32.931,1052.021,234.711,13.302,0.170,0.093,39.066822,41.001808,41.115536,43.858246,45.875809,46.134975,46.900967,47.771328,47.807816,50.164768,49.936882,53.655357,55.996826,53.951443,50.609802,218.200165,83.826263,25.197399,7.936378,1.180597,0.654895,0.324788,0.223222,0.115731,0.085675,0.071095,0.072792,0.049785,0.039015,0.045400,0.077338,0.034645,0.000000,0.010689,0.015861,0.010960
7560,7619,7590,872.787,32.861,1072.805,238.960,13.576,0.170,0.094,40.161434,41.591419,42.135010,45.226059,46.809376,46.820644,47.716549,48.995895,48.090237,50.099461,51.983124,55.152779,56.330502,56.342102,50.758743,223.045029,85.008713,25.696264,7.985985,1.119472,0.650332,0.272579,0.179546,0.121944,0.111372,0.058811,0.074889,0.039912,0.028828,0.040831,0.035364,0.023496,0.017075,0.040418,0.017169,0.023082
7620,7679,7650,872.795,33.131,1068.326,236.701,13.274,0.168,0.093,40.448738,41.606430,42.695698,44.590210,46.755478,46.977345,46.375896,48.688416,49.301170,50.198357,51.446892,55.821739,56.570347,55.438450,50.351505,221.615005,83.435829,24.856977,8.272235,1.162418,0.660368,0.230759,0.259428,0.145481,0.100919,0.050792,0.044751,0.046192,0.027678,0.033876,0.033511,0.028324,0.016408,0.011286,0.005727,0.022249
7680,7739,7710,872.804,33.322,1059.818,236.913,13.661,0.173,0.093,39.113121,40.810818,41.476875,44.212261,45.839275,47.168297,46.778984,47.835800,49.090076,49.085697,51.809212,54.650894,54.377628,56.144100,50.599533,220.447769,84.046364,26.027796,7.407191,1.101905,0.633191,0.306256,0.162537,0.145694,0.079069,0.063155,0.043323,0.050884,0.040570,0.070128,0.056526,0.028696,0.040450,0.011454,0.027561,0.034812
7740,7799,7770,872.822,33.376,1060.021,236.441,13.580,0.172,0.093,40.111530,41.078865,42.560894,43.909283,45.170162,47.007572,47.379280,48.522732,48.182308,49.837502,50.545689,53.970737,56.011024,55.541466,50.491615,219.678040,83.884560,25.433989,7.905539,0.979770,0.641064,0.308817,0.168490,0.114996,0.120031,0.073825,0.068179,0.039670,0.064882,0.035449,0.050733,0.028874,0.023009,0.028872,0.016561,0.034497
7800,7859,7830,872.817,33.204,1071.555,238.570,13.554,0.170,0.094,40.291157,41.664700,41.880402,45.282501,45.645275,47.836712,47.807289,49.276192,49.996910,49.327770,51.608459,55.020275,55.757038,56.123245,50.775433,222.895493,83.813568,25.553831,7.984104,1.140316,0.751926,0.253238,0.199461,0.146887,0.073827,0.077549,0.086041,0.056798,0.017054,0.051366,0.040078,0.012111,0.044881,0.021737,0.016781,0.024042
7860,7919,7890,872.823,33.060,1066.203,237.503,13.372,0.169,0.094,39.892094,41.099205,41.890751,44.526169,46.345592,46.754208,46.339390,47.346130,50.034317,50.227783,51.921082,54.646313,56.039906,55.626869,50.462257,221.098206,85.449158,26.026079,7.676087,1.129228,0.617530,0.288864,0.183835,0.100863,0.100671,0.044688,0.057057,0.032435,0.050828,0.033277,0.089798,0.022135,0.011534,0.011061,0.016831,0.011524
7920,7979,7950,872.816,33.167,1066.995,237.949,13.608,0.172,0.094,39.528774,41.065033,41.726959,45.336586,45.729061,47.259872,47.175022,48.739769,48.709469,49.948734,51.782375,56.011612,56.251335,55.196480,50.661583,222.593979,83.418953,24.799835,7.930539,1.063565,0.723295,0.338659,0.213067,0.207545,0.107917,0.108153,0.058846,0.034122,0.046261,0.033584,0.098062,0.016848,0.011600,0.017357,0.022510,0.027824
7980,8039,8010,872.833,33.276,1058.814,235.862,13.514,0.172,0.093,39.058384,40.833187,41.667061,44.041607,45.990940,46.876629,47.166134,47.888474,48.024323,49.581310,50.889641,53.998734,56.166058,55.322659,50.807907,221.933823,82.422089,25.191545,8.121037,1.026620,0.680754,0.328606,0.182961,0.122790,0.107712,0.066308,0.039015,0.033868,0.050444,0.005631,0.043922,0.066859,0.027120,0.022183,0.005556,0.022051
8040,8099,8070,872.834,33.380,1057.859,234.756,13.208,0.169,0.092,39.529137,40.697109,42.544460,44.801590,45.274445,46.285683,47.402611,48.243671,48.624924,49.434071,51.235367,54.051163,55.680981,55.418056,50.507206,218.909409,83.951553,24.547487,7.932978,0.989589,0.687844,0.338193,0.206555,0.123367,0.051678,0.073443,0.066848,0.033483,0.040357,0.055945,0.034230,0.022850,0.022295,0.006186,0.010797,0.023340
8100,8159,8130,872.850,33.394,1046.403,232.967,13.342,0.172,0.092,38.690472,40.221252,41.100300,43.931904,45.664543,46.029457,46.340488,48.286232,48.168407,49.253979,50.523571,54.035793,54.441582,55.289238,49.880371,216.578690,82.239372,25.067436,7.802008,1.015156,0.656110,0.287400,0.203923,0.174701,0.094329,0.107338,0.061303,0.016251,0.050699,0.021825,0.046572,0.066227,0.011416,0.016435,0.011456,0.017277
8160,8219,8190,872.853,33.429,1048.508,233.557,13.221,0.170,0.092,38.864578,40.851337,41.339573,42.961384,45.687103,45.975754,45.599621,48.159962,48.439934,49.588413,50.217476,54.305683,55.063026,55.404049,49.017395,218.790222,82.433441,24.794743,8.175968,1.044571,0.729908,0.278002,0.158667,0.116303,0.150823,0.065419,0.044635,0.022587,0.027631,0.032717,0.061049,0.027837,0.039263,0.017087,0.005429,0.016694
8220,8279,8250,872.844,33.603,1050.307,233.766,13.143,0.168,0.092,37.734203,40.879230,41.760826,43.154015,45.178707,46.367615,46.387150,47.289394,49.051907,49.687016,50.599579,53.544567,56.059456,55.081493,49.644157,219.332993,82.864235,24.985958,7.806792,1.159685,0.589775,0.302029,0.271418,0.105684,0.099990,0.079053,0.033464,0.034289,0.034889,0.066357,0.049188,0.032739,0.017386,0.005708,0.005612,0.010788
8280,8339,8310,872.859,33.677,1049.756,233.766,13.159,0.169,0.092,38.989536,40.117439,40.680733,44.495312,45.037029,45.895359,46.316196,49.081524,48.198742,48.979710,50.943420,53.624992,55.040379,54.684395,51.042747,217.477798,83.279289,25.169819,7.825809,1.072587,0.701861,0.315310,0.182416,0.109822,0.085685,0.069911,0.067481,0.052816,0.058238,0.039769,0.039290,0.023138,0.023445,0.011437,0.011690,0.011001
8340,8399,8370,872.878,33.752,1043.384,232.813,13.307,0.171,0.092,38.304008,39.981377,41.090374,43.225410,46.304325,45.801334,46.422230,47.893436,48.087486,48.520271,49.933186,52.412106,54.640133,55.872871,49.734604,218.441040,80.798538,24.795061,8.193090,1.161782,0.641864,0.353846,0.154885,0.141390,0.061816,0.063978,0.058128,0.028231,0.039272,0.063042,0.039628,0.016899,0.034812,0.016407,0.028378,0.028503
8400,8459,8430,872.884,33.620,1065.189,238.289,13.906,0.175,0.094,40.194965,41.185520,42.137432,44.159966,45.738724,46.484650,48.340862,47.790997,48.083958,50.043964,51.708591,54.545723,56.677803,56.143948,51.083309,221.494431,83.270210,25.067509,7.730441,1.206053,0.786796,0.347033,0.211069,0.140091,0.137058,0.082296,0.046186,0.023006,0.061792,0.032953,0.052549,0.034866,0.046107,0.023360,0.029123,0.045462
8460,8519,8490,872.866,33.479,1055.155,234.495,13.192,0.169,0.092,39.896244,39.953037,41.657654,44.643974,45.738098,45.922970,46.627811,48.613480,48.193314,48.564209,51.065800,53.727718,56.229156,56.101460,50.398922,218.277115,84.397980,24.848139,7.598128,0.841735,0.662238,0.355915,0.225060,0.145820,0.092327,0.078268,0.048394,0.039649,0.033264,0.027809,0.067574,0.017396,0.016403,0.021603,0.011492,0.015989
8520,8579,8550,872.853,33.470,1069.828,238.819,13.718,0.172,0.094,39.868965,41.698711,42.443405,44.111443,46.646862,46.607254,47.787609,49.230778,49.442848,50.107227,50.728779,55.073238,55.817593,55.581177,50.994938,222.607635,84.806816,24.974688,8.199091,1.067418,0.740409,0.377506,0.253518,0.136210,0.093157,0.063345,0.046865,0.053168,0.058323,0.063554,0.017163,0.046016,0.017339,0.017063,0.017482,0.030006
8580,8639,8610,872.866,33.594,1073.254,239.525,13.751,0.172,0.095,41.454403,42.662407,42.983318,45.259167,46.692951,46.053833,47.472363,48.644264,48.862602,51.005157,51.349796,54.673904,55.816174,55.776318,52.947094,219.977386,84.221825,25.768673,8.522921,1.046167,0.869508,0.303973,0.199823,0.108566,0.091971,0.084743,0.081126,0.061039,0.051499,0.052316,0.040802,0.022994,0.011299,0.027788,0.027952,0.027603
8640,8699,8670,872.879,33.599,1062.250,237.309,13.610,0.172,0.094,40.702034,41.657806,42.061169,44.362297,45.884911,47.142513,47.603565,47.282486,47.754257,49.936958,50.003082,53.575314,56.943863,55.829071,50.666393,219.675201,84.367157,25.593954,8.141931,1.164477,0.662486,0.312520,0.189812,0.178441,0.111356,0.051118,0.050334,0.048909,0.056304,0.044934,0.095187,0.055506,0.022296,0.000000,0.011475,0.010817
8700,8759,8730,872.885,33.553,1057.639,236.100,13.483,0.171,0.093,39.738899,41.485310,41.751785,44.886810,45.330090,46.525764,47.458355,47.944733,49.258209,48.987591,50.708221,54.608402,55.653488,54.604912,49.760712,219.183609,83.023827,25.534801,8.154353,1.102008,0.652317,0.371589,0.215294,0.165340,0.073632,0.056462,0.063331,0.051667,0.081253,0.050922,0.050885,0.017655,0.034505,0.011097,0.017923,0.022653
8760,8819,8790,872.881,33.514,1068.155,236.302,13.353,0.169,0.093,41.928421,41.892063,43.649513,45.718193,47.588860,46.839951,48.132057,48.845051,48.963169,49.838673,50.807110,54.820026,55.742981,55.755070,50.919487,216.919846,84.070770,24.994205,7.687648,0.989211,0.814078,0.374652,0.187874,0.161689,0.111966,0.079753,0.045007,0.039948,0.057354,0.027181,0.062969,0.005144,0.021973,0.017096,0.022716,0.022687
8820,8879,8850,872.888,33.573,1064.832,237.392,13.707,0.173,0.094,40.824787,42.027435,42.756660,44.596611,46.100937,47.355213,47.498283,48.457741,48.830463,48.786392,51.381809,54.990025,56.040356,54.805355,50.234215,219.509003,84.288528,25.693184,7.645209,1.051510,0.748074,0.282420,0.218511,0.083890,0.101387,0.135544,0.035411,0.040230,0.045314,0.050341,0.087485,0.039562,0.028452,0.017068,0.011491,0.033537
8880,8939,8910,872.913,33.679,1066.709,236.770,13.536,0.171,0.093,42.340187,42.168201,41.919651,44.762444,46.445129,47.024364,47.361359,47.915535,48.602196,50.999020,52.114231,54.018154,55.656860,55.484234,50.200970,220.442322,82.617279,25.779718,8.131378,1.028033,0.619231,0.248329,0.172842,0.132775,0.102023,0.050283,0.073735,0.028843,0.045691,0.039800,0.052072,0.034049,0.017348,0.040177,0.011325,0.028420
8940,8999,8970,872.918,33.725,1065.592,237.126,13.554,0.171,0.094,40.856468,41.315468,42.977840,43.520393,46.434261,47.688660,47.202808,49.111145,48.229092,49.810856,51.601089,54.201214,56.227180,55.611950,51.035538,219.491760,83.733719,25.453560,8.094692,1.132828,0.746290,0.306362,0.166268,0.154126,0.067123,0.072693,0.063003,0.033785,0.034224,0.034483,0.069130,0.039999,0.017319,0.005562,0.028640,0.023105
9000,9059,9030,872.901,33.612,1072.786,237.451,13.455,0.170,0.093,41.995350,42.177643,43.456249,44.821121,47.063824,47.127831,48.133331,48.725063,50.426575,49.612915,52.301918,54.723946,55.664795,55.567303,50.698288,221.323853,83.278404,24.703579,7.966166,0.998450,0.745666,0.316651,0.210190,0.146419,0.118777,0.121531,0.072908,0.032844,0.060576,0.034267,0.077690,0.033272,0.016009,0.005447,0.016575,0.010687
9060,9119,9090,872.898,33.649,1072.735,238.209,13.460,0.170,0.094,41.972958,42.526691,43.061924,44.817818,46.931545,46.508652,47.165104,48.573082,48.921635,48.869213,51.007366,55.182476,56.613022,56.077793,52.016964,221.457611,84.883736,25.348486,7.811703,1.057046,0.705951,0.330809,0.199264,0.146748,0.128705,0.100533,0.045023,0.049422,0.028253,0.051055,0.061886,0.037803,0.022055,0.005066,0.000000,0.016860
9120,9179,9150,872.908,33.727,1064.156,236.833,13.459,0.170,0.093,40.309166,41.945648,43.053825,44.012562,46.269081,46.650047,47.985973,48.624222,48.093197,49.774612,50.651413,54.505653,56.290188,56.645996,50.484196,217.594711,84.699440,25.482071,8.116859,1.174617,0.610845,0.280068,0.232080,0.154450,0.111613,0.061942,0.070613,0.037963,0.049610,0.027952,0.060828,0.033493,0.022127,0.000000,0.011432,0.027390
9180,9239,9210,872.928,33.775,1074.875,238.347,13.574,0.171,0.094,41.587261,43.359993,43.263348,45.005463,46.859577,48.463505,47.093449,49.514866,48.064243,51.240208,51.185886,54.795616,56.042744,57.149925,50.559868,219.781204,83.988785,25.683117,8.113900,1.195324,0.734360,0.337481,0.238565,0.150266,0.150159,0.055052,0.027475,0.038886,0.016742,0.027823,0.027373,0.050249,0.016646,0.005747,0.027817,0.022317
9240,9299,9270,872.928,33.740,1072.142,238.354,13.467,0.169,0.094,41.657227,41.681221,42.420967,44.433792,47.205452,47.651230,47.511520,48.872768,49.456081,49.807007,51.591175,55.534420,55.761948,54.936073,50.708248,221.488785,84.508339,25.597023,8.331502,1.136047,0.704404,0.291709,0.234450,0.155708,0.078151,0.078258,0.056542,0.049884,0.033121,0.056667,0.016829,0.028293,0.016455,0.017103,0.016769,0.016832
