CampaignData_and_Merges/R0/CSL_MobileLab_Parked/raw/20240801/USOS-NOAAIodideCIMS-N2O5_MobileLabGround_20240801_RA.ict
33, 1001
Michael A Robinson, Chris Jernigan, Subi Thakali
NOAA ESRL Chemical Sciences Laboratory and CIRES, U. of Colorado
NOAA Iodide CIMS Instrument
USOS
1, 1
2024, 08, 01, 2024, 08, 02
1
starttime_UTC, seconds_past_midnight, seconds_of_day_since_00:00:00_UTC
1
1
-9999
N2O5_NOAACIMS, pptv, Gas_N2O5_InSitu_S_AVMR, 
0
18
PI_CONTACT_INFO: 325 Broadway, R/CSD 7, Boulder, Colorado 80305; michael.a.robinson@noaa.gov; chris.jernigan@noaa.gov;
PLATFORM: NOAA CSL Mobile Lab
LOCATION: SLC, Utah
ASSOCIATED_DATA: 1Hz data also available on request.
INSTRUMENT_INFO: NOAA I- ToF CIMS
DATA_INFO: All data in parts per trillion by volume (pptv). 1 Hz data is available upon request.
UNCERTAINTY: TBD
ULOD_FLAG: -7777
ULOD_VALUE: N/A
LLOD_FLAG: -8888
LLOD_VALUE: N/A
DM_CONTACT_INFO: Nathan Howard; nathan.h.howard@noaa.gov
PROJECT_INFO: USOS, summer 2024. https://csl.noaa.gov/groups/csl7/measurements/2024usos/
STIPULATIONS_ON_USE: Users are strongly encouraged to contact the PI for proper data usage.
OTHER_COMMENTS: 
REVISION: RA
RA: Preliminary Data; For in-field use only
starttime_UTC, N2O5_NOAACIMS
     0, -9999.000
    60, -9999.000
   120, -9999.000
   180, -9999.000
   240, -9999.000
   300, -9999.000
   360, -9999.000
   420, -9999.000
   480, -9999.000
   540, -9999.000
   600, -9999.000
   660, -9999.000
   720, -9999.000
   780, -9999.000
   840, -9999.000
   900, -9999.000
   960, -9999.000
  1020, -9999.000
  1080, -9999.000
  1140, -9999.000
  1200, -9999.000
  1260, -9999.000
  1320, -9999.000
  1380, -9999.000
  1440, -9999.000
  1500, -9999.000
  1560, -9999.000
  1620, -9999.000
  1680, -9999.000
  1740, -9999.000
  1800, -9999.000
  1860, -9999.000
  1920, -9999.000
  1980, -9999.000
  2040, -9999.000
  2100, -9999.000
  2160, -9999.000
  2220, -9999.000
  2280, -9999.000
  2340, -9999.000
  2400, -9999.000
  2460, -9999.000
  2520, -9999.000
  2580, -9999.000
  2640, -9999.000
  2700, -9999.000
  2760, -9999.000
  2820, -9999.000
  2880, -9999.000
  2940, -9999.000
  3000, -9999.000
  3060, -9999.000
  3120, -9999.000
  3180, -9999.000
  3240, -9999.000
  3300, -9999.000
  3360, -9999.000
  3420, -9999.000
  3480, -9999.000
  3540, -9999.000
  3600, -9999.000
  3660, -9999.000
  3720, -9999.000
  3780, -9999.000
  3840, -9999.000
  3900, -9999.000
  3960, -9999.000
  4020, -9999.000
  4080, -9999.000
  4140, -9999.000
  4200, -9999.000
  4260, -9999.000
  4320, -9999.000
  4380, -9999.000
  4440, -9999.000
  4500, -9999.000
  4560, -9999.000
  4620, -9999.000
  4680, -9999.000
  4740, -9999.000
  4800, -9999.000
  4860, -9999.000
  4920, -9999.000
  4980, -9999.000
  5040, -9999.000
  5100, -9999.000
  5160, -9999.000
  5220, -9999.000
  5280, -9999.000
  5340,  1.328
  5400,  1.442
  5460,  1.383
  5520,  1.331
  5580,  1.223
  5640,  1.240
  5700,  1.199
  5760,  1.439
  5820,  1.431
  5880,  1.461
  5940,  1.440
  6000,  1.454
  6060,  1.310
  6120,  1.312
  6180,  1.258
  6240,  1.449
  6300,  1.535
  6360,  1.568
  6420,  1.407
  6480,  1.618
  6540,  1.675
  6600,  1.833
  6660,  1.566
  6720,  1.607
  6780,  1.472
  6840,  1.409
  6900,  1.341
  6960,  1.840
  7020,  1.711
  7080,  1.708
  7140,  1.773
  7200,  1.675
  7260,  1.334
  7320,  1.661
  7380,  1.676
  7440,  2.078
  7500,  2.342
  7560,  2.491
  7620,  2.623
  7680,  2.438
  7740,  2.432
  7800,  2.383
  7860,  2.459
  7920,  2.262
  7980,  2.334
  8040,  2.427
  8100,  2.768
  8160,  2.541
  8220,  2.437
  8280,  2.597
  8340,  2.984
  8400,  4.157
  8460,  5.257
  8520,  4.344
  8580,  4.568
  8640,  3.707
  8700,  4.554
  8760,  4.824
  8820,  4.184
  8880,  4.218
  8940,  4.286
  9000,  3.804
  9060,  4.114
  9120,  5.313
  9180,  6.471
  9240,  6.648
  9300,  6.658
  9360,  3.988
  9420,  4.866
  9480,  3.881
  9540,  4.168
  9600,  4.333
  9660,  3.990
  9720,  4.001
  9780, -9999.000
  9840,  3.537
  9900,  3.008
  9960,  2.833
 10020,  2.790
 10080,  3.062
 10140,  2.334
 10200,  2.636
 10260,  3.544
 10320,  3.793
 10380,  3.666
 10440,  3.352
 10500,  3.494
 10560,  4.088
 10620,  3.122
 10680,  3.013
 10740,  2.938
 10800,  2.489
 10860,  1.961
 10920,  1.971
 10980,  2.061
 11040,  1.826
 11100,  1.256
 11160,  1.553
 11220,  1.596
 11280,  1.996
 11340,  1.491
 11400,  1.832
 11460,  1.927
 11520,  1.786
 11580,  2.017
 11640, -9999.000
 11700,  2.062
 11760,  2.100
 11820,  1.754
 11880,  2.006
 11940,  1.449
 12000,  1.567
 12060,  1.961
 12120,  2.050
 12180,  2.210
 12240,  2.144
 12300,  2.082
 12360,  2.176
 12420,  2.167
 12480,  2.156
 12540,  2.152
 12600,  2.403
 12660,  1.859
 12720,  1.872
 12780,  2.162
 12840,  2.790
 12900,  3.121
 12960,  2.520
 13020,  4.083
 13080,  3.690
 13140,  3.536
 13200,  3.269
 13260,  2.519
 13320,  2.341
 13380,  2.756
 13440,  3.610
 13500, -9999.000
 13560,  4.289
 13620,  5.492
 13680,  4.276
 13740,  3.651
 13800,  3.271
 13860,  5.140
 13920,  7.046
 13980,  7.092
 14040,  7.480
 14100,  4.716
 14160,  2.973
 14220,  3.794
 14280,  3.276
 14340,  3.067
 14400,  3.199
 14460,  4.235
 14520,  4.907
 14580,  2.642
 14640,  2.884
 14700,  2.357
 14760,  2.731
 14820,  3.334
 14880,  3.375
 14940,  2.760
 15000,  3.435
 15060,  4.537
 15120,  5.179
 15180,  4.395
 15240,  3.984
 15300,  3.934
 15360,  4.926
 15420,  4.602
 15480,  4.500
 15540,  5.358
 15600,  6.652
 15660,  6.083
 15720,  5.137
 15780,  5.526
 15840,  4.370
 15900,  5.000
 15960,  6.155
 16020,  5.915
 16080,  3.552
 16140,  3.351
 16200,  2.990
 16260,  2.954
 16320,  2.502
 16380,  2.509
 16440,  1.920
 16500,  2.262
 16560,  1.792
 16620,  2.313
 16680,  2.440
 16740,  1.924
 16800,  2.409
 16860,  3.221
 16920,  5.056
 16980,  5.857
 17040,  4.650
 17100,  4.825
 17160, -9999.000
 17220,  7.963
 17280,  5.615
 17340,  3.548
 17400,  3.944
 17460,  2.992
 17520,  3.689
 17580,  4.138
 17640,  3.167
 17700,  2.923
 17760,  2.643
 17820,  3.083
 17880,  3.008
 17940,  3.435
 18000,  3.240
 18060,  3.805
 18120,  3.840
 18180,  4.218
 18240,  4.397
 18300,  3.619
 18360,  3.015
 18420,  2.109
 18480,  2.622
 18540,  2.019
 18600,  1.929
 18660,  2.447
 18720,  2.361
 18780,  2.078
 18840,  1.862
 18900,  1.568
 18960,  1.341
 19020, -9999.000
 19080,  1.721
 19140,  2.032
 19200,  1.982
 19260,  2.528
 19320,  2.347
 19380,  2.546
 19440,  2.368
 19500,  2.237
 19560,  2.014
 19620,  1.900
 19680,  1.837
 19740,  2.853
 19800,  1.870
 19860,  2.082
 19920,  2.007
 19980,  2.517
 20040,  4.188
 20100,  5.270
 20160,  4.656
 20220,  2.585
 20280,  2.410
 20340,  2.425
 20400,  2.610
 20460,  2.224
 20520,  2.207
 20580,  2.233
 20640,  2.387
 20700,  2.252
 20760,  2.697
 20820,  3.110
 20880, -9999.000
 20940,  3.331
 21000,  4.492
 21060,  4.759
 21120,  5.275
 21180,  4.963
 21240,  5.775
 21300,  5.230
 21360,  4.554
 21420,  5.601
 21480,  5.034
 21540,  4.550
 21600,  5.429
 21660,  6.400
 21720,  8.430
 21780,  8.677
 21840,  8.252
 21900,  7.149
 21960,  6.540
 22020,  5.922
 22080,  5.996
 22140,  6.495
 22200,  6.498
 22260,  6.818
 22320,  9.313
 22380, 10.954
 22440,  5.490
 22500,  7.448
 22560, 19.789
 22620, 17.760
 22680, 23.365
 22740, 22.296
 22800, 13.739
 22860, 15.588
 22920, 14.919
 22980,  7.594
 23040,  6.909
 23100, 10.268
 23160,  9.227
 23220,  7.360
 23280,  6.935
 23340,  5.175
 23400,  4.002
 23460,  5.959
 23520,  6.050
 23580,  5.804
 23640,  7.297
 23700,  6.574
 23760,  6.128
 23820,  4.799
 23880,  4.532
 23940,  4.965
 24000,  3.003
 24060,  2.752
 24120,  2.786
 24180,  2.743
 24240,  2.245
 24300,  1.916
 24360,  2.615
 24420,  3.067
 24480,  2.292
 24540,  2.972
 24600,  2.130
 24660,  2.436
 24720,  3.063
 24780,  2.649
 24840,  1.564
 24900,  1.610
 24960,  1.777
 25020,  1.480
 25080,  1.637
 25140,  1.389
 25200,  1.384
 25260,  1.472
 25320,  1.353
 25380,  1.165
 25440,  1.034
 25500,  1.385
 25560,  1.448
 25620,  1.453
 25680,  1.215
 25740,  1.478
 25800,  1.147
 25860,  1.355
 25920,  1.358
 25980,  1.262
 26040,  1.169
 26100,  1.438
 26160,  1.008
 26220,  1.213
 26280,  1.276
 26340,  1.295
 26400,  1.519
 26460,  1.394
 26520,  1.455
 26580,  1.600
 26640,  1.450
 26700,  1.711
 26760,  1.750
 26820,  1.551
 26880,  1.789
 26940,  1.752
 27000,  1.542
 27060,  1.582
 27120,  1.368
 27180,  1.647
 27240,  1.532
 27300,  1.437
 27360,  1.485
 27420,  2.062
 27480,  2.104
 27540,  2.630
 27600,  2.273
 27660,  1.681
 27720,  1.813
 27780,  1.977
 27840,  2.195
 27900,  2.027
 27960,  2.132
 28020,  2.106
 28080,  1.996
 28140,  2.392
 28200,  2.446
 28260, -9999.000
 28320,  2.474
 28380,  2.413
 28440,  2.866
 28500,  2.792
 28560,  2.326
 28620,  5.110
 28680,  4.441
 28740,  3.334
 28800,  3.895
 28860,  4.139
 28920,  2.863
 28980,  3.830
 29040,  3.615
 29100,  2.638
 29160,  2.728
 29220,  2.128
 29280,  2.463
 29340,  2.382
 29400,  2.815
 29460,  3.425
 29520,  3.057
 29580,  3.327
 29640,  3.239
 29700,  3.563
 29760,  3.269
 29820,  2.755
 29880,  2.810
 29940,  3.417
 30000,  3.192
 30060,  2.480
 30120,  2.760
 30180,  3.157
 30240,  2.488
 30300,  3.213
 30360,  3.077
 30420,  2.909
 30480,  3.059
 30540,  2.555
 30600,  2.537
 30660,  2.079
 30720,  2.560
 30780,  2.750
 30840,  2.718
 30900,  2.837
 30960,  2.934
 31020,  2.363
 31080,  2.452
 31140,  2.271
 31200,  2.015
 31260,  1.517
 31320,  1.894
 31380,  1.752
 31440,  1.517
 31500,  1.642
 31560,  1.663
 31620,  1.559
 31680,  1.842
 31740,  1.936
 31800,  1.877
 31860,  1.768
 31920,  2.167
 31980, -9999.000
 32040,  1.605
 32100,  1.886
 32160,  1.946
 32220,  1.919
 32280,  1.855
 32340,  2.030
 32400,  1.883
 32460,  2.042
 32520,  1.750
 32580,  1.786
 32640,  1.781
 32700,  1.796
 32760,  2.128
 32820,  2.104
 32880,  1.960
 32940,  1.829
 33000,  1.947
 33060,  1.852
 33120,  2.159
 33180,  1.983
 33240,  1.788
 33300,  1.650
 33360,  1.738
 33420,  2.011
 33480,  1.894
 33540,  1.624
 33600,  1.837
 33660,  1.790
 33720,  2.005
 33780,  2.049
 33840,  2.113
 33900,  1.906
 33960,  1.983
 34020,  2.012
 34080,  1.991
 34140,  2.506
 34200,  2.920
 34260,  2.100
 34320,  3.773
 34380,  6.084
 34440,  6.051
 34500,  7.610
 34560, 10.245
 34620, 11.685
 34680, 11.040
 34740, 11.180
 34800,  7.979
 34860,  7.983
 34920,  6.680
 34980,  7.923
 35040,  8.062
 35100,  7.520
 35160,  6.172
 35220,  5.109
 35280,  4.222
 35340,  4.996
 35400,  4.889
 35460,  5.173
 35520,  5.241
 35580,  4.943
 35640, -9999.000
 35700,  3.905
 35760,  5.065
 35820,  5.479
 35880,  5.405
 35940,  5.375
 36000,  4.151
 36060,  2.699
 36120,  2.613
 36180,  2.397
 36240,  2.775
 36300,  2.743
 36360,  2.578
 36420,  2.398
 36480,  2.478
 36540,  2.632
 36600,  2.535
 36660,  2.702
 36720,  3.876
 36780,  3.445
 36840,  3.683
 36900,  3.055
 36960,  2.654
 37020,  2.721
 37080,  3.237
 37140,  5.464
 37200,  3.809
 37260,  4.728
 37320,  5.753
 37380,  3.727
 37440,  2.963
 37500, -9999.000
 37560,  2.744
 37620,  2.683
 37680,  2.592
 37740,  2.458
 37800,  2.887
 37860,  2.577
 37920,  2.387
 37980,  2.708
 38040,  2.425
 38100,  2.232
 38160,  2.615
 38220,  2.323
 38280,  2.893
 38340,  2.743
 38400,  2.469
 38460,  2.469
 38520,  2.792
 38580,  2.302
 38640,  3.681
 38700,  5.342
 38760,  5.643
 38820, 12.758
 38880, 11.095
 38940, 15.781
 39000, 12.828
 39060, 16.408
 39120, 30.923
 39180, 20.956
 39240, 49.055
 39300, 41.575
 39360, -9999.000
 39420,  6.044
 39480, 10.684
 39540, 16.956
 39600, 27.185
 39660, 42.143
 39720, 52.706
 39780, 22.088
 39840, 10.479
 39900,  5.671
 39960,  5.791
 40020,  9.701
 40080, 11.964
 40140,  6.389
 40200,  7.608
 40260, 13.899
 40320, 14.136
 40380, 11.593
 40440, 10.858
 40500, 11.518
 40560, 18.285
 40620, 26.086
 40680, 27.833
 40740, 16.313
 40800, 34.718
 40860, 40.088
 40920, 86.172
 40980, 47.652
 41040, 21.828
 41100, 88.324
 41160, 63.729
 41220, 136.470
 41280, 75.275
 41340, 117.448
 41400, 76.358
 41460, 108.612
 41520, 80.883
 41580, 90.989
 41640, 131.601
 41700, 97.789
 41760, 159.525
 41820, 139.111
 41880, 175.690
 41940, 75.191
 42000, 80.156
 42060, 67.312
 42120, 122.236
 42180, 191.358
 42240, 77.446
 42300, 75.549
 42360, 57.141
 42420, 35.271
 42480, 18.141
 42540, 104.962
 42600, 125.707
 42660, 91.233
 42720, 47.642
 42780, 32.489
 42840, 20.766
 42900,  9.112
 42960,  6.992
 43020, -9999.000
 43080,  8.583
 43140, 10.648
 43200,  5.232
 43260, 10.896
 43320, 22.765
 43380, 11.487
 43440, 10.536
 43500,  7.992
 43560, 15.373
 43620, 48.027
 43680, 291.870
 43740, 284.126
 43800, 198.314
 43860, 215.657
 43920, 178.273
 43980, 84.916
 44040, 84.485
 44100, 33.316
 44160, 28.326
 44220, 20.920
 44280, 37.440
 44340, 37.103
 44400, 37.246
 44460, 35.872
 44520, 46.955
 44580, 41.328
 44640, 25.792
 44700, 24.240
 44760, 31.106
 44820, 23.973
 44880, 19.120
 44940, 15.071
 45000, 11.173
 45060,  7.329
 45120,  7.384
 45180,  7.275
 45240,  6.013
 45300,  5.397
 45360,  4.342
 45420,  6.209
 45480,  6.752
 45540,  6.094
 45600,  7.075
 45660,  5.365
 45720,  6.301
 45780,  7.087
 45840,  5.805
 45900,  5.779
 45960,  5.118
 46020,  5.378
 46080,  5.208
 46140,  5.730
 46200,  5.450
 46260,  5.112
 46320,  4.973
 46380,  6.858
 46440,  7.890
 46500,  6.253
 46560,  5.582
 46620,  3.774
 46680,  3.705
 46740, -9999.000
 46800, -9999.000
 46860, -9999.000
 46920, -9999.000
 46980, -9999.000
 47040, -9999.000
 47100, -9999.000
 47160, -9999.000
 47220, -9999.000
 47280, -9999.000
 47340, -9999.000
 47400, -9999.000
 47460, -9999.000
 47520, -9999.000
 47580, -9999.000
 47640, -9999.000
 47700, -9999.000
 47760, -9999.000
 47820, -9999.000
 47880, -9999.000
 47940, -9999.000
 48000, -9999.000
 48060, -9999.000
 48120, -9999.000
 48180, -9999.000
 48240, -9999.000
 48300, -9999.000
 48360, -9999.000
 48420, -9999.000
 48480, -9999.000
 48540, -9999.000
 48600, -9999.000
 48660, -9999.000
 48720, -9999.000
 48780, -9999.000
 48840, -9999.000
 48900, -9999.000
 48960, -9999.000
 49020, -9999.000
 49080, -9999.000
 49140, -9999.000
 49200, -9999.000
 49260, -9999.000
 49320, -9999.000
 49380, -9999.000
 49440, -9999.000
 49500, -9999.000
 49560, -9999.000
 49620, -9999.000
 49680, -9999.000
 49740, -9999.000
 49800, -9999.000
 49860, -9999.000
 49920, -9999.000
 49980, -9999.000
 50040, -9999.000
 50100, -9999.000
 50160, -9999.000
 50220, -9999.000
 50280, -9999.000
 50340, -9999.000
 50400, -9999.000
 50460, -9999.000
 50520, -9999.000
 50580, -9999.000
 50640, -9999.000
 50700, -9999.000
 50760, -9999.000
 50820, -9999.000
 50880, -9999.000
 50940, -9999.000
 51000, -9999.000
 51060, -9999.000
 51120, -9999.000
 51180, -9999.000
 51240, -9999.000
 51300, -9999.000
 51360, -9999.000
 51420, -9999.000
 51480, -9999.000
 51540, -9999.000
 51600, -9999.000
 51660, -9999.000
 51720, -9999.000
 51780, -9999.000
 51840, -9999.000
 51900, -9999.000
 51960, -9999.000
 52020, -9999.000
 52080, -9999.000
 52140, -9999.000
 52200, -9999.000
 52260, -9999.000
 52320, -9999.000
 52380, -9999.000
 52440, -9999.000
 52500, -9999.000
 52560, -9999.000
 52620, -9999.000
 52680, -9999.000
 52740, -9999.000
 52800, -9999.000
 52860, -9999.000
 52920, -9999.000
 52980, -9999.000
 53040, -9999.000
 53100, -9999.000
 53160, -9999.000
 53220, -9999.000
 53280, -9999.000
 53340, -9999.000
 53400, -9999.000
 53460, -9999.000
 53520, -9999.000
 53580, -9999.000
 53640, -9999.000
 53700, -9999.000
 53760, -9999.000
 53820, -9999.000
 53880, -9999.000
 53940, -9999.000
 54000, -9999.000
 54060, -9999.000
 54120, -9999.000
 54180, -9999.000
 54240, -9999.000
 54300, -9999.000
 54360, -9999.000
 54420, -9999.000
 54480, -9999.000
 54540, -9999.000
 54600, -9999.000
 54660, -9999.000
 54720, -9999.000
 54780, -9999.000
 54840, -9999.000
 54900, -9999.000
 54960, -9999.000
 55020, -9999.000
 55080, -9999.000
 55140, -9999.000
 55200, -9999.000
 55260, -9999.000
 55320, -9999.000
 55380, -9999.000
 55440, -9999.000
 55500, -9999.000
 55560, -9999.000
 55620, -9999.000
 55680, -9999.000
 55740, -9999.000
 55800, -9999.000
 55860, -9999.000
 55920, -9999.000
 55980, -9999.000
 56040, -9999.000
 56100, -9999.000
 56160, -9999.000
 56220, -9999.000
 56280, -9999.000
 56340, -9999.000
 56400, -9999.000
 56460, -9999.000
 56520, -9999.000
 56580, -9999.000
 56640, -9999.000
 56700, -9999.000
 56760, -9999.000
 56820, -9999.000
 56880, -9999.000
 56940, -9999.000
 57000, -9999.000
 57060, -9999.000
 57120, -9999.000
 57180, -9999.000
 57240, -9999.000
 57300, -9999.000
 57360, -9999.000
 57420, -9999.000
 57480, -9999.000
 57540, -9999.000
 57600, -9999.000
 57660, -9999.000
 57720, -9999.000
 57780, -9999.000
 57840, -9999.000
 57900, -9999.000
 57960, -9999.000
 58020, -9999.000
 58080, -9999.000
 58140, -9999.000
 58200, -9999.000
 58260, -9999.000
 58320, -9999.000
 58380, -9999.000
 58440, -9999.000
 58500, -9999.000
 58560, -9999.000
 58620, -9999.000
 58680, -9999.000
 58740, -9999.000
 58800, -9999.000
 58860, -9999.000
 58920, -9999.000
 58980, -9999.000
 59040, -9999.000
 59100, -9999.000
 59160, -9999.000
 59220, -9999.000
 59280, -9999.000
 59340, -9999.000
 59400, -9999.000
 59460, -9999.000
 59520, -9999.000
 59580, -9999.000
 59640, -9999.000
 59700, -9999.000
 59760, -9999.000
 59820, -9999.000
 59880, -9999.000
 59940, -9999.000
 60000, -9999.000
