CampaignData_and_Merges/R0/CSL_MobileLab_Parked/raw/20240801/USOS-NOAAIodideCIMS-OrgNitrs_MobileLabGround_20240801_RA.ict
37, 1001
Michael A Robinson, Chris Jernigan, Subi Thakali
NOAA ESRL Chemical Sciences Laboratory and CIRES, U. of Colorado
NOAA Iodide CIMS Instrument
USOS
1, 1
2024, 08, 01, 2024, 08, 02
1
starttime_UTC, seconds_past_midnight, seconds_of_day_since_00:00:00_UTC
5
1, 1, 1, 1, 1
-9999, -9999, -9999, -9999, -9999
C4H7NO5_NOAACIMS, pptv, Gas_C4H7NO5_InSitu_S_AVMR, 
ISOPN_NOAACIMS, pptv, Gas_ISOPN_InSitu_S_AVMR, 
C5H10O3_NOAACIMS, pptv, Gas_C5H10O3_InSitu_S_AVMR, 
C5H9NO5_NOAACIMS, pptv, Gas_C5H9NO5_InSitu_S_AVMR, 
C10H17NO4_NOAACIMS, pptv, Gas_C10H17NO4_InSitu_S_AVMR, 
0
18
PI_CONTACT_INFO: 325 Broadway, R/CSD 7, Boulder, Colorado 80305; michael.a.robinson@noaa.gov; chris.jernigan@noaa.gov;
PLATFORM: NOAA CSL Mobile Lab
LOCATION: SLC, Utah
ASSOCIATED_DATA: 1Hz data also available on request.
INSTRUMENT_INFO: NOAA I- ToF CIMS
DATA_INFO: All data in parts per trillion by volume (pptv). 1 Hz data is available upon request.
UNCERTAINTY: TBD
ULOD_FLAG: -7777
ULOD_VALUE: N/A
LLOD_FLAG: -8888
LLOD_VALUE: N/A
DM_CONTACT_INFO: Nathan Howard; nathan.h.howard@noaa.gov
PROJECT_INFO: USOS, summer 2024. https://csl.noaa.gov/groups/csl7/measurements/2024usos/
STIPULATIONS_ON_USE: Users are strongly encouraged to contact the PI for proper data usage.
OTHER_COMMENTS: 
REVISION: RA
RA: Preliminary Data; For in-field use only
starttime_UTC, C4H7NO5_NOAACIMS, ISOPN_NOAACIMS, C5H10O3_NOAACIMS, C5H9NO5_NOAACIMS, C10H17NO4_NOAACIMS
[from data line 677]
 40620,  2.524,  5.678, 28.737,  6.349,  1.279
 40680,  2.592,  5.967, 27.528,  6.146,  1.345
 40740,  2.473,  5.952, 27.035,  6.117,  1.280
 40800,  2.530,  5.873, 27.399,  6.379,  1.357
 40860,  2.574,  5.610, 26.370,  6.112,  1.355
 40920,  2.838,  5.785, 26.765,  6.725,  1.505
 40980,  2.688,  5.884, 27.155,  6.704,  1.426
 41040,  2.804,  5.924, 27.633,  6.551,  1.424
 41100,  2.857,  5.968, 25.962,  7.101,  1.398
 41160,  2.920,  5.830, 27.004,  7.140,  1.680
 41220,  2.839,  6.550, 25.268,  6.892,  1.418
 41280,  2.811,  5.754, 25.513,  6.636,  1.490
 41340,  2.950,  6.398, 24.945,  7.037,  1.417
 41400,  2.767,  5.966, 24.805,  6.815,  1.336
 41460,  2.837,  5.936, 24.936,  6.911,  1.496
 41520,  2.975,  6.297, 24.880,  7.324,  1.559
 41580,  2.967,  6.059, 26.090,  7.054,  1.388
 41640,  3.137,  6.330, 25.884,  7.749,  1.470
 41700,  3.205,  6.192, 24.560,  7.708,  1.377
 41760,  3.200,  6.212, 24.281,  7.641,  1.414
 41820,  3.083,  6.364, 24.668,  7.606,  1.416
 41880,  3.345,  6.522, 24.676,  8.590,  1.530
 41940,  3.218,  6.359, 24.834,  8.144,  1.417
 42000,  3.268,  6.502, 23.730,  8.049,  1.303
 42060,  3.195,  6.306, 24.846,  8.048,  1.393
 42120,  3.210,  6.430, 24.487,  8.003,  1.330
 42180,  3.433,  6.755, 24.449,  8.658,  1.492
 42240,  3.135,  6.280, 23.916,  7.964,  1.378
 42300,  3.180,  6.145, 24.499,  7.871,  1.369
 42360,  3.141,  6.159, 24.313,  7.541,  1.321
 42420,  3.144,  6.508, 23.798,  7.923,  1.332
 42480,  3.188,  6.293, 24.437,  7.349,  1.287
 42540,  3.142,  6.592, 23.319,  7.470,  1.330
 42600,  3.159,  6.161, 23.730,  7.644,  1.424
 42660,  2.998,  6.211, 24.267,  7.577,  1.385
 42720,  3.144,  6.581, 24.195,  7.583,  1.419
 42780,  3.099,  6.004, 22.475,  7.525,  1.297
 42840,  2.997,  5.936, 22.255,  7.199,  1.322
 42900,  3.048,  6.130, 23.132,  7.120,  1.244
 42960,  3.148,  6.251, 23.459,  7.232,  1.319
 43020, -9999.000, -9999.000, -9999.000, -9999.000, -9999.000
 43080,  2.967,  5.823, 19.664,  7.001,  1.182
 43140,  3.016,  6.040, 21.380,  7.122,  1.143
 43200,  3.076,  6.091, 21.641,  7.253,  1.252
 43260,  3.130,  5.974, 21.221,  7.261,  1.207
 43320,  3.160,  5.686, 21.022,  7.300,  1.119
 43380,  3.225,  6.027, 22.059,  7.612,  1.269
 43440,  3.286,  6.176, 22.180,  7.616,  1.271
 43500,  3.194,  6.242, 22.433,  7.556,  1.227
 43560,  3.309,  6.176, 22.954,  7.690,  1.215
 43620,  3.561,  6.091, 22.277,  8.283,  1.272
 43680,  3.870,  6.904, 23.294,  9.913,  1.229
 43740,  4.054,  7.063, 23.617, 10.655,  1.245
 43800,  3.921,  6.931, 23.919, 10.398,  1.275
 43860,  4.001,  7.143, 23.637, 10.610,  1.412
 43920,  3.851,  7.440, 24.636, 10.571,  1.449
 43980,  3.783,  6.870, 24.163,  9.680,  1.347
 44040,  3.775,  6.826, 24.256,  9.818,  1.375
 44100,  3.682,  6.768, 23.706,  9.232,  1.265
 44160,  3.618,  6.609, 22.940,  9.213,  1.270
 44220,  3.627,  6.744, 24.655,  9.060,  1.328
 44280,  3.550,  6.642, 24.012,  8.870,  1.305
 44340,  3.653,  6.752, 22.935,  8.876,  1.291
 44400,  3.688,  6.232, 23.006,  8.934,  1.247
 44460,  3.521,  6.769, 24.520,  8.650,  1.269
 44520,  3.603,  6.695, 24.250,  8.836,  1.361
 44580,  3.636,  6.577, 22.408,  8.874,  1.323
 44640,  3.458,  6.164, 22.672,  8.039,  1.144
 44700,  3.507,  6.442, 23.628,  8.354,  1.226
 44760,  3.542,  6.355, 23.584,  8.357,  1.238
 44820,  3.499,  6.433, 22.985,  8.139,  1.110
 44880,  3.582,  7.327, 25.966,  8.480,  1.109
 44940,  3.398,  5.797, 21.318,  8.003,  1.139
 45000,  3.399,  6.198, 22.656,  8.165,  1.182
 45060,  3.405,  6.025, 21.983,  7.922,  1.237
 45120,  3.342,  6.224, 22.368,  7.904,  1.266
 45180,  3.420,  6.276, 22.526,  8.127,  1.232
 45240,  3.409,  6.141, 23.458,  7.963,  1.264
 45300,  3.331,  5.697, 23.088,  7.417,  1.248
 45360,  3.368,  6.096, 22.923,  7.472,  1.175
 45420,  3.382,  5.707, 21.924,  7.852,  1.267
 45480,  3.451,  5.601, 22.948,  8.023,  1.283
 45540,  3.458,  5.985, 23.087,  7.997,  1.204
 45600,  3.470,  5.897, 23.239,  8.077,  1.329
 45660,  3.381,  5.938, 22.354,  7.965,  1.155
 45720,  3.428,  5.571, 22.250,  7.688,  1.318
 45780,  3.455,  5.997, 23.101,  7.871,  1.322
 45840,  3.426,  5.943, 23.445,  8.017,  1.348
 45900,  3.428,  5.705, 21.575,  7.757,  1.197
 45960,  3.435,  5.870, 22.858,  7.558,  1.303
 46020,  3.378,  5.403, 22.739,  7.600,  1.282
 46080,  3.404,  5.971, 22.423,  7.750,  1.375
 46140,  3.452,  5.805, 22.743,  7.654,  1.242
 46200,  3.411,  6.042, 21.636,  7.646,  1.261
 46260,  3.427,  5.817, 23.617,  7.606,  1.349
 46320,  3.358,  6.110, 23.261,  7.421,  1.297
 46380,  3.478,  5.948, 22.075,  7.803,  1.342
 46440,  3.668,  6.065, 21.728,  8.038,  1.352
 46500,  3.491,  5.553, 23.284,  7.645,  1.302
 46560,  3.411,  5.848, 24.039,  7.495,  1.344
 46620,  3.520,  5.701, 23.405,  7.698,  1.236
 46680,  3.505,  5.782, 22.980,  7.797,  1.294
 46740, -9999.000, -9999.000, -9999.000, -9999.000, -9999.000
 46800,  3.385,  6.452, 21.137,  7.440,  1.188
 46860,  3.646,  7.142, 23.520,  7.930,  1.604
 46920,  3.750,  6.951, 24.437,  8.544,  1.943
 46980,  3.785,  6.781, 26.672,  8.271,  1.827
 47040,  3.641,  6.494, 26.010,  7.934,  1.625
 47100,  3.579,  5.965, 24.451,  7.958,  1.504
 47160,  3.552,  6.113, 24.300,  7.722,  1.479
 47220,  3.498,  6.060, 24.436,  7.718,  1.474
 47280,  3.574,  5.689, 23.624,  7.507,  1.442
 47340,  3.681,  6.175, 24.467,  7.979,  1.441
 47400,  3.657,  6.308, 24.250,  8.106,  1.485
 47460,  3.510,  5.811, 23.888,  7.444,  1.373
 47520,  3.752,  6.004, 23.511,  7.854,  1.442
 47580,  3.605,  5.955, 25.096,  7.985,  1.394
 47640,  3.570,  5.928, 24.467,  7.758,  1.451
 47700,  3.586,  5.775, 23.896,  7.392,  1.447
 47760,  3.632,  5.961, 23.255,  7.662,  1.403
 47820,  3.644,  5.748, 23.987,  7.693,  1.301
 47880,  3.528,  5.215, 23.891,  7.451,  1.401
 47940,  3.561,  5.738, 24.180,  7.199,  1.359
 48000,  3.708,  5.749, 23.921,  7.628,  1.446
 48060,  3.484,  5.657, 23.956,  7.321,  1.226
 48120,  3.511,  5.554, 23.978,  7.191,  1.440
 48180,  3.571,  5.748, 23.695,  7.253,  1.398
 48240,  3.570,  5.810, 23.637,  7.006,  1.374
 48300,  3.537,  5.799, 22.954,  7.333,  1.363
 48360,  3.629,  5.904, 23.603,  7.115,  1.349
 48420,  3.599,  6.036, 24.055,  7.077,  1.380
 48480,  3.629,  6.146, 24.334,  7.018,  1.420
 48540,  3.573,  6.034, 22.734,  7.250,  1.374
 48600,  3.514,  4.984, 21.702,  6.121,  1.127
 48660,  3.436,  5.648, 22.942,  6.751,  1.279
 48720,  3.575,  6.078, 22.250,  6.823,  1.336
 48780,  3.533,  6.140, 22.208,  7.054,  1.396
 48840,  3.576,  5.980, 21.552,  6.806,  1.538
 48900,  3.653,  5.606, 22.984,  7.045,  1.548
 48960,  3.671,  5.845, 22.279,  7.156,  1.501
 49020,  3.684,  5.873, 23.392,  6.918,  1.393
 49080,  3.797,  5.772, 22.361,  7.191,  1.442
 49140,  3.880,  6.132, 22.441,  7.206,  1.419
 49200,  3.905,  6.087, 22.715,  7.421,  1.488
 49260,  3.895,  5.895, 23.191,  7.311,  1.486
 49320,  3.864,  5.746, 22.996,  6.991,  1.500
 49380,  3.818,  5.804, 21.648,  7.309,  1.482
 49440,  3.865,  6.266, 22.521,  7.071,  1.495
 49500,  3.785,  6.286, 23.164,  6.794,  1.744
 49560,  3.811,  6.045, 22.442,  7.310,  1.724
 49620,  4.124,  6.217, 22.013,  7.387,  1.509
 49680,  4.044,  6.061, 22.272,  7.695,  1.657
 49740,  4.014,  6.355, 22.138,  7.540,  1.803
 49800,  4.043,  6.495, 22.094,  7.596,  1.609
 49860,  4.194,  7.005, 23.299,  7.327,  1.747
 49920,  4.303,  7.275, 23.059,  7.974,  1.537
 49980,  4.236,  7.759, 22.173,  7.574,  1.636
 50040,  4.258,  8.444, 23.284,  7.813,  1.795
 50100,  4.355,  8.567, 22.159,  8.141,  1.806
 50160,  4.523,  7.926, 22.089,  8.320,  1.781
 50220,  4.656,  7.242, 22.888,  8.258,  1.760
 50280,  4.520,  7.587, 23.383,  7.987,  1.847
 50340,  4.531,  7.438, 22.119,  8.040,  1.701
 50400,  4.628,  7.354, 22.302,  8.645,  1.842
 50460, -9999.000, -9999.000, -9999.000, -9999.000, -9999.000
 50520,  4.411,  7.099, 19.453,  7.995,  1.678
 50580,  4.391,  7.959, 22.534,  7.923,  1.963
 50640,  4.429,  8.207, 23.474,  7.842,  2.021
 50700,  4.468,  6.969, 22.544,  8.193,  1.771
 50760,  4.386,  7.702, 22.802,  7.959,  1.835
 50820,  4.190,  7.446, 22.539,  7.517,  1.804
 50880,  4.128,  6.980, 22.017,  7.391,  1.679
 50940,  4.233,  6.855, 24.529,  7.140,  1.771
 51000,  4.229,  7.116, 23.433,  7.289,  1.806
 51060,  4.242,  6.989, 23.398,  7.089,  1.577
 51120,  4.132,  6.930, 23.392,  7.002,  1.720
 51180,  4.228,  6.840, 21.079,  6.949,  1.634
 51240,  4.212,  7.318, 22.528,  6.886,  1.738
 51300,  4.218,  7.398, 21.516,  7.057,  1.819
 51360,  4.317,  7.226, 20.739,  7.217,  1.659
 51420,  4.363,  7.842, 23.113,  7.329,  2.006
 51480,  4.344,  7.555, 22.463,  7.078,  1.862
 51540,  4.519,  7.305, 21.924,  7.155,  1.954
 51600,  4.486,  7.776, 21.667,  7.186,  1.891
 51660,  4.433,  7.997, 21.941,  7.175,  1.899
 51720,  4.398,  7.650, 21.522,  7.254,  1.979
 51780,  4.357,  7.780, 20.462,  6.836,  1.833
 51840,  4.276,  7.723, 20.718,  7.029,  1.822
 51900,  4.429,  7.868, 22.067,  7.316,  1.875
 51960,  4.382,  8.019, 21.800,  7.147,  1.848
 52020,  4.542,  8.105, 21.193,  7.218,  1.676
 52080,  4.511,  8.254, 21.835,  7.111,  1.837
 52140,  4.503,  7.853, 21.228,  7.238,  1.685
 52200,  4.620,  8.362, 21.360,  7.157,  1.781
 52260,  4.475,  8.117, 22.676,  7.539,  2.106
 52320,  4.587,  8.197, 18.731,  6.915,  1.538
 52380,  4.688,  7.432, 20.226,  7.287,  1.708
 52440,  5.026,  7.632, 21.034,  7.557,  1.816
 52500,  5.018,  7.211, 19.551,  7.818,  1.637
 52560,  5.090,  7.883, 20.510,  7.867,  1.793
 52620,  5.036,  7.614, 20.137,  8.073,  1.724
 52680,  5.162,  8.159, 20.776,  7.865,  1.944
 52740,  5.138,  8.214, 20.035,  8.158,  1.874
 52800,  5.209,  8.551, 22.081,  7.882,  1.933
 52860,  5.273,  8.295, 20.455,  7.901,  1.812
 52920,  5.257,  8.744, 20.109,  8.044,  1.858
 52980,  5.181,  9.448, 22.345,  7.938,  2.057
 53040,  5.273,  9.630, 21.311,  8.118,  2.129
 53100,  5.327,  9.602, 21.460,  8.198,  2.158
 53160,  5.380, 10.357, 21.098,  8.102,  2.239
 53220,  5.447, 10.612, 20.693,  8.041,  2.185
 53280,  5.348, 10.813, 21.611,  8.058,  2.285
 53340,  5.433, 10.821, 20.972,  8.082,  2.219
 53400,  5.451, 10.877, 20.157,  8.391,  2.307
 53460,  5.504, 10.775, 21.610,  8.051,  2.172
 53520,  5.508, 11.119, 21.116,  8.082,  2.090
 53580,  5.566, 11.312, 21.338,  8.137,  1.954
 53640,  5.622, 11.309, 21.481,  8.250,  1.984
 53700,  5.802, 11.458, 21.628,  8.218,  2.088
 53760,  5.809, 11.780, 21.310,  8.222,  2.157
 53820,  5.754, 11.517, 21.188,  8.486,  2.104
 53880,  5.722, 12.160, 21.440,  8.328,  2.142
 53940,  5.791, 11.957, 20.791,  8.274,  2.101
 54000,  5.922, 11.809, 21.672,  8.460,  2.029
 54060,  5.888, 12.372, 21.174,  8.558,  2.115
 54120, -9999.000, -9999.000, -9999.000, -9999.000, -9999.000
 54180,  5.955, 12.374, 19.040,  8.274,  1.532
 54240,  6.121, 11.792, 18.859,  8.485,  1.754
 54300,  6.300, 12.298, 20.498,  8.902,  1.980
 54360,  6.189, 13.042, 21.120,  8.758,  1.934
 54420,  6.291, 13.295, 21.336,  8.754,  1.910
 54480,  6.349, 13.574, 22.352,  8.793,  1.887
 54540,  6.411, 13.010, 21.113,  8.754,  1.916
 54600,  6.520, 13.789, 21.879,  8.683,  2.000
 54660,  6.497, 13.783, 22.527,  8.285,  2.013
 54720,  6.457, 14.059, 24.123,  8.598,  1.720
 54780,  6.487, 13.457, 22.953,  8.616,  1.849
 54840,  6.565, 14.567, 23.157,  8.576,  1.884
 54900,  6.558, 14.265, 23.201,  8.505,  1.810
 54960,  6.695, 15.687, 22.721,  8.641,  1.914
 55020,  6.667, 17.158, 23.400,  8.737,  1.955
 55080,  6.799, 16.615, 24.099,  8.748,  2.099
 55140,  6.769, 16.318, 23.849,  8.496,  1.990
 55200,  6.888, 17.757, 24.113,  8.573,  2.061
 55260,  6.918, 17.604, 24.072,  8.533,  1.983
 55320,  6.775, 17.495, 24.670,  8.619,  2.083
 55380,  6.858, 16.663, 23.023,  8.671,  1.911
 55440,  6.819, 16.828, 24.392,  8.252,  1.964
 55500,  6.857, 15.423, 23.008,  8.491,  1.751
 55560,  6.937, 15.878, 22.904,  8.552,  1.852
 55620,  6.869, 15.699, 24.271,  8.525,  2.097
 55680,  6.854, 15.940, 24.282,  8.569,  1.863
 55740,  6.987, 16.547, 22.435,  8.397,  1.924
 55800,  6.980, 16.294, 22.866,  9.011,  1.839
 55860,  7.105, 15.886, 23.906,  8.627,  1.693
 55920,  7.120, 15.642, 24.403,  8.509,  1.839
 55980, -9999.000, -9999.000, -9999.000, -9999.000, -9999.000
 56040,  6.933, 15.384, 20.286,  8.424,  1.475
 56100,  7.134, 14.947, 23.189,  8.431,  1.669
 56160,  7.152, 15.726, 22.197,  8.811,  1.534
 56220,  7.299, 16.735, 24.542,  8.549,  1.796
 56280,  7.291, 17.518, 22.995,  8.692,  1.635
 56340,  7.409, 17.929, 23.281,  8.637,  1.624
 56400,  7.297, 17.772, 24.079,  8.934,  1.571
 56460,  7.240, 17.085, 22.790,  8.736,  1.511
 56520,  7.376, 17.095, 23.049,  8.832,  1.442
 56580,  7.266, 17.323, 22.794,  8.752,  1.493
 56640,  7.463, 18.284, 22.797,  8.811,  1.545
 56700,  7.519, 18.485, 23.301,  8.546,  1.537
 56760,  7.645, 18.731, 22.228,  8.731,  1.406
 56820,  7.705, 20.021, 23.392,  8.791,  1.600
 56880,  7.596, 18.919, 22.735,  8.883,  1.369
 56940,  7.631, 18.664, 23.264,  8.970,  1.354
 57000,  7.642, 18.040, 22.916,  8.806,  1.382
 57060,  7.657, 17.953, 22.516,  8.801,  1.351
 57120,  7.696, 18.096, 22.998,  8.855,  1.369
 57180,  7.639, 18.378, 22.774,  8.945,  1.369
 57240,  7.678, 17.718, 23.679,  9.085,  1.361
 57300,  7.596, 17.384, 22.478,  8.980,  1.299
 57360,  7.584, 17.187, 22.618,  8.948,  1.329
 57420,  7.789, 17.544, 22.561,  8.946,  1.270
 57480,  7.807, 18.450, 21.727,  8.858,  1.063
 57540,  8.060, 17.517, 23.075,  9.168,  1.284
 57600,  7.863, 18.415, 22.433,  8.804,  1.350
 57660,  8.009, 18.905, 22.612,  8.999,  1.199
 57720,  7.964, 18.328, 22.290,  9.070,  1.221
 57780,  8.120, 19.024, 24.508,  9.149,  1.079
 57840, -9999.000, -9999.000, -9999.000, -9999.000, -9999.000
 57900,  8.314, 19.969, 20.651,  8.263,  1.078
 57960,  8.538, 20.266, 22.990,  8.840,  1.177
 58020,  8.644, 21.252, 22.759,  8.881,  1.273
 58080,  8.587, 21.963, 23.749,  9.072,  1.251
 58140,  8.793, 22.077, 23.921,  9.044,  1.091
 58200,  8.955, 22.422, 23.623,  8.901,  1.242
 58260,  8.873, 23.034, 24.678,  9.421,  1.170
 58320,  9.105, 23.471, 24.906,  8.993,  1.307
 58380,  9.758, 25.017, 26.263,  9.255,  1.139
 58440,  9.980, 24.624, 27.519,  8.977,  1.380
 58500,  9.677, 23.858, 26.713,  9.301,  1.164
 58560,  9.795, 23.428, 26.292,  9.169,  1.185
 58620,  9.905, 23.262, 28.927,  8.877,  1.200
 58680,  9.984, 23.602, 27.722,  9.204,  1.145
 58740,  9.921, 23.553, 26.527,  9.260,  1.313
 58800,  9.828, 23.470, 27.018,  9.353,  1.420
 58860,  9.801, 22.584, 27.118,  9.458,  1.337
 58920,  9.872, 22.859, 27.501,  9.507,  1.125
 58980, 10.107, 23.182, 28.541,  9.424,  1.216
 59040,  9.938, 23.098, 27.142,  9.002,  1.317
 59100, 10.099, 24.202, 28.492,  9.231,  1.211
 59160, 10.057, 24.760, 27.927,  9.340,  1.243
 59220, 10.230, 27.102, 27.515,  9.608,  1.463
 59280, 10.462, 27.533, 26.856,  9.567,  1.447
 59340, 10.432, 28.163, 26.595,  9.447,  1.468
 59400, 10.286, 27.556, 26.965,  9.259,  1.462
 59460, 10.694, 28.818, 27.171,  9.510,  1.414
 59520, 10.765, 28.382, 26.048,  9.530,  1.437
 59580, 10.692, 27.403, 27.359,  9.485,  1.446
 59640, 10.851, 28.571, 26.607,  9.060,  1.573
 59700, 10.841, 27.585, 24.169,  9.316,  1.245
 59760, 11.140, 28.194, 24.809,  9.259,  1.376
 59820, 11.389, 28.327, 27.229,  9.581,  1.350
 59880, 11.174, 27.953, 26.511,  9.423,  1.265
 59940, 11.418, 28.732, 26.956,  9.704,  1.429
 60000, 11.671, 28.685, 27.122,  9.531,  1.142
 60060, 12.161, 29.095, 27.961,  9.448,  1.384
 60120, 12.112, 29.531, 27.966,  9.636,  1.317
 60180, 12.544, 30.222, 28.642,  9.655,  1.315
 60240, 13.066, 30.430, 29.673,  9.955,  1.252
 60300, 13.228, 31.177, 30.309, 10.178,  1.211
 60360, 13.351, 30.800, 30.081,  9.881,  1.207
 60420, 13.965, 31.661, 31.413,  9.901,  1.218
 60480, 14.091, 31.546, 31.936,  9.823,  1.161
 60540, 13.916, 32.022, 34.722, 10.081,  1.271
 60600, 13.754, 31.675, 32.600,  9.901,  1.258
 60660, 13.947, 31.379, 32.901,  9.959,  1.175
 60720, 13.479, 31.319, 31.778, 10.093,  1.314
 60780, 13.890, 31.747, 31.385, 10.156,  1.214
 60840, 14.618, 33.676, 33.578, 10.058,  1.258
