CampaignData_and_Merges/R0/CSL_MobileLab_Parked/raw/20240801/USOS-PTR_MobileLabGround_20240801_R0.ict
58, 1001
Matthew Coggon, Kelvin Bates, Chelsea Stockwell, Carsten Warneke
NOAA ESRL Chemical Sciences Division
NOAA PTR-ToF-MS
USOS
1,1 
2024, 08, 01, 2025, 09, 19
0
Time_Start, seconds, number of seconds from 00:00 UTC 
22
1, 1, 1, 1, 1, 1, 1, 1, 1, 1, 1, 1, 1, 1, 1, 1, 1, 1, 1, 1, 1, 1
-9999, -9999, -9999, -9999, -9999, -9999, -9999, -9999, -9999, -9999, -9999, -9999, -9999, -9999, -9999, -9999, -9999, -9999, -9999, -9999, -9999, -9999
CH3OH_NOAAPTR_ppbv,  ppbv, Gas_CH3OH_InSitu_S_AVMR, (CH3OH) methanol
CH3CN_NOAAPTR_ppbv,  ppbv, Gas_CH3CN_InSitu_S_AVMR, (CH3CN) acetonitrile
CH3CHO_NOAAPTR_ppbv,  ppbv, Gas_CH3CHO_InSitu_S_AVMR, (CH3CHO) acetaldehyde plus contributions from ethylene glycol and ethylene oxide. Interference from ethanol has been subtracted out.
C2H5OH_NOAAPTR_ppbv,  ppbv, Gas_C2H5OH_InSitu_S_AVMR, (C2H5OH) ethanol
CH3SH_NOAAPTR_ppbv,  ppbv, Gas_CH3SH_InSitu_S_AVMR, (CH3SH) methanethiol, using calibration factor for DMS
Acrolein_NOAAPTR_ppbv,  ppbv, Gas_Acrolein_InSitu_S_AVMR, (C3H4O) acrolein
AcetonePropanal_NOAAPTR_ppbv,  ppbv, Gas_AcetoneAndPropanal_InSitu_S_AVMR, (C3H6O) sum of acetone (dominant isomer) and propanal, using calibration factor for acetone
DMS_NOAAPTR_ppbv,  ppbv, Gas_DMS_InSitu_S_AVMR, (C2H6S) dimethyl sulfide with possible small contributions from ethanethiol
C5H8_NOAAPTR_ppbv,  ppbv, Gas_Isoprene_InSitu_S_AVMR, (C5H8) isoprene and possible fragments from cycloalkanes and aldehydes. Interferences have been subtracted following methods described by Coggon et al (2023)
MVKMAC_NOAAPTR_ppbv,  ppbv, Gas_MVKAndMAC_InSitu_S_AVMR, (C4H6O) sum of methyl vinyl ketone, methacrolein, and small amounts of crotonaldehyde, using weighted calibration factor for MVK (0.637) and MACR (0.363)
Benzene_NOAAPTR_ppbv,  ppbv, Gas_Benzene_InSitu_S_AVMR, (C6H6) benzene
Toluene_NOAAPTR_ppbv,  ppbv, Gas_Toluene_InSitu_S_AVMR, (C7H8) toluene with possible small contributions of fragments from ethyltoluene
Styrene_NOAAPTR_ppbv,  ppbv, Gas_Styrene_InSitu_S_AVMR, (C8H8) styrene
Benzaldehyde_NOAAPTR_ppbv,  ppbv, Gas_Benzaldehyde_InSitu_S_AVMR, (C7H6O) benzaldehyde
C8Aromatics_NOAAPTR_ppbv,  ppbv, Gas_C8Aromatics_InSitu_M_AVMR, (C8H10) sum of m-xylene, p-xylene, o-xylene, and ethyl benzene
C9Aromatics_NOAAPTR_ppbv,  ppbv, Gas_C9Aromatics_InSitu_M_AVMR, (C9H12) sum of C9 aromatics
Naphthalene_NOAAPTR_ppbv,  ppbv, Gas_Naphthalene_InSitu_S_AVMR, (C10H8) naphthalene
Octanal_NOAAPTR_ppbv,  ppbv, Gas_Octanal_InSitu_S_AVMR, (C8H16O) octanal and small amounts of octanone
Monoterpenes_NOAAPTR_ppbv,  ppbv, Gas_Monoterpenes_InSitu_M_AVMR, (C10H16) sum of monoterpenes and possible contributions from fragments of oxygenated monoterpenoids such as eucalyptol.
Nonanal_NOAAPTR_ppbv,  ppbv, Gas_Nonanal_InSitu_M_AVMR, (C9H18O) nonanal and small amounts of nonanone
C7H4ClF3_NOAAPTR_ppbv,  ppbv, Gas_C7H4ClF3_InSitu_S_AVMR, (C7H4ClF3) parachlorobenzotrifluoride
C10H30O5Si5_NOAAPTR_ppbv,  ppbv, Gas_C10H30O5Si5_InSitu_S_AVMR, (C10H30O5Si5) decamethylcyclopentasiloxane
1
SPECIAL COMMENTS:N/A
21
PI_CONTACT_INFO: NOAA ESRL Chemical Sciences Division, Tropospheric Chemistry Group. 325 Broadway, R/CSD7, Boulder, CO 80305
PLATFORM: Mobile Laboratory.
LOCATION: Salt Lake City, UT
ASSOCIATED_DATA: N/A
INSTRUMENT_INFO: NOAA PTR-ToF-MS measurements on NOAA CSL Mobile Lab
DATA_INFO: Units: ppbv
UNCERTAINTY: See OTHER_COMMENTS
ULOD_FLAG: -7777
ULOD_VALUE: N/A
LLOD_FLAG: -8888
LLOD_VALUE: N/A.
DM_CONTACT_INFO: Data Managers: Matt Coggon, Kelvin Bates, Chelsea Stockwell; email: matthew.m.coggon@noaa.gov and kelvin.bates@colorado.edu
PROJECT_INFO: USOS Deployment July-August, 2024
STIPULATIONS_ON_USE: Use of these data require prior OK from PI.
OTHER_COMMENTS: Uncertainties:
CH3OH_NOAAPTR_ppbv:30%; CH3CN_NOAAPTR_ppbv:30%; CH3CHO_NOAAPTR_ppbv:30%; C2H5OH_NOAAPTR_ppbv:30%; CH3SH_NOAAPTR_ppbv:50%; Acrolein_NOAAPTR_ppbv:30%; AcetonePropanal_NOAAPTR_ppbv:30%; DMS_NOAAPTR_ppbv:30%; C5H8_NOAAPTR_ppbv:30%; MVKMAC_NOAAPTR_ppbv:30%; 
Benzene_NOAAPTR_ppbv:30%; Toluene_NOAAPTR_ppbv:30%; Styrene_NOAAPTR_ppbv:30%; Benzaldehyde_NOAAPTR_ppbv:30%; C8Aromatics_NOAAPTR_ppbv:30%; C9Aromatics_NOAAPTR_ppbv:30%; Naphthalene_NOAAPTR_ppbv:30%; Octanal_NOAAPTR_ppbv:30%; Monoterpenes_NOAAPTR_ppbv:30%; Nonanal_NOAAPTR_ppbv:30%; 
C7H4ClF3_NOAAPTR_ppbv:30%; C10H30O5Si5_NOAAPTR_ppbv:30%; 
REVISION: R0
R0: Calibrated PTR Data. See individual species comments for details about measurement uncertainties
Time_Start, CH3OH_NOAAPTR_ppbv, CH3CN_NOAAPTR_ppbv, CH3CHO_NOAAPTR_ppbv, C2H5OH_NOAAPTR_ppbv, CH3SH_NOAAPTR_ppbv, Acrolein_NOAAPTR_ppbv, AcetonePropanal_NOAAPTR_ppbv, DMS_NOAAPTR_ppbv, C5H8_NOAAPTR_ppbv, MVKMAC_NOAAPTR_ppbv, Benzene_NOAAPTR_ppbv, Toluene_NOAAPTR_ppbv, Styrene_NOAAPTR_ppbv, Benzaldehyde_NOAAPTR_ppbv, C8Aromatics_NOAAPTR_ppbv, C9Aromatics_NOAAPTR_ppbv, Naphthalene_NOAAPTR_ppbv, Octanal_NOAAPTR_ppbv, Monoterpenes_NOAAPTR_ppbv, Nonanal_NOAAPTR_ppbv, C7H4ClF3_NOAAPTR_ppbv, C10H30O5Si5_NOAAPTR_ppbv
[from data line 224]
13440.0, 12.68728, 0.74323, 2.11488, 4.13178, 0.00121, 0.29976, 4.18991, -0.00230, 1.37993, 0.42859, 0.68812, 0.75328, 0.09269, -0.00630, 0.47812, 0.17752, 0.02539, 0.03878, 0.26181, 0.05572, 0.00602, 0.00722 
13500.0, 12.86954, 0.74453, 2.12960, 4.24239, 0.00370, 0.27711, 4.24610, 0.01739, 1.43204, 0.43281, 0.83329, 0.83681, 0.10214, -0.00627, 0.51793, 0.19752, 0.03885, 0.02710, 0.26528, 0.04272, 0.00445, 0.00362 
13560.0, 12.47388, 0.76895, 2.06916, 4.35944, 0.00079, 0.30312, 4.31966, 0.00777, 1.32292, 0.40054, 0.41037, 0.49158, 0.06074, -0.00623, 0.28384, 0.12651, 0.02522, 0.03539, 0.20101, 0.06311, 0.00863, 0.00662 
13620.0, 12.67017, 0.70339, 2.07564, 4.50635, 0.00245, 0.27156, 4.29461, 0.00602, 1.35484, 0.39567, 0.41232, 0.48878, 0.05409, -0.00620, 0.32449, 0.14323, 0.02249, 0.03183, 0.22930, 0.04385, 0.00553, 0.00824 
13680.0, 11.39808, 0.63814, 1.72827, 3.30702, 0.00100, 0.25996, 4.13515, 0.01749, 1.32547, 0.39512, 0.27654, 0.32478, 0.01707, 0.00886, 0.18760, 0.08650, 0.01544, 0.01818, 0.24211, 0.05302, 0.00797, 0.00437 
13740.0, 11.48539, 0.69358, 1.69037, 3.70552, 0.00137, 0.23674, 4.23903, 0.00375, 1.22395, 0.40828, 0.14873, 0.25286, 0.02233, -0.00613, 0.19051, 0.06469, -0.00339, 0.03727, 0.21367, 0.03293, 0.00397, 0.00414 
13800.0, 10.95620, 0.66202, 1.57543, 3.43504, 0.00398, 0.25508, 4.12260, 0.02213, 1.15618, 0.37167, 0.16167, 0.26580, 0.02615, -0.00251, 0.14381, 0.05383, 0.00595, 0.04651, 0.20805, 0.06471, 0.00827, 0.00756 
13860.0, 12.28926, 0.65142, 1.71806, 3.69963, 0.00509, 0.24719, 4.14170, -0.00430, 1.16706, 0.37856, 0.22702, 0.27860, -0.00330, -0.00606, 0.17941, 0.07873, 0.03010, 0.03664, 0.21915, 0.03627, 0.00414, 0.00330 
13920.0, 11.53656, 0.60902, 1.67397, 2.82031, 0.00235, 0.21647, 4.08529, -0.00133, 1.17832, 0.37831, 0.19901, 0.25888, -0.00329, -0.00603, 0.17119, 0.06361, 0.00012, 0.01642, 0.21777, 0.04235, 0.00569, 0.00590 
13980.0, 12.43193, 0.66579, 1.90230, 4.10565, 0.00235, 0.26408, 4.20623, 0.01225, 1.26568, 0.38884, 0.21971, 0.36153, 0.03648, 0.00542, 0.21667, 0.09083, 0.01953, 0.02422, 0.20220, 0.04388, 0.00520, 0.00620 
14040.0, 11.85295, 0.64716, 2.03214, 4.48683, -0.00016, 0.27331, 4.28352, 0.01245, 1.30217, 0.40584, 0.21325, 0.33985, -0.00325, -0.00596, 0.19901, 0.09310, 0.00285, 0.03500, 0.22108, 0.05929, 0.00486, 0.00465 
14100.0, 11.93232, 0.67324, 1.85540, 3.73957, 0.00358, 0.24257, 4.22188, 0.01606, 1.28324, 0.40626, 0.20865, 0.32869, 0.01723, -0.00592, 0.19530, 0.08675, -0.00334, 0.01761, 0.18528, 0.05774, -0.00224, 0.00650 
14160.0, 10.76677, 0.63149, 1.50814, 2.78388, 0.00030, 0.21784, 4.01720, 0.01910, 1.04854, 0.33555, 0.13796, 0.20168, 0.01457, -0.00304, 0.11678, 0.04313, 0.01177, 0.00905, 0.18164, 0.04753, 0.00239, 0.00515 
14220.0, 12.50222, 0.62415, 1.78222, 3.52872, 0.00100, 0.26942, 4.17291, 0.00698, 1.11861, 0.39045, 0.20114, 0.31128, 0.00987, 0.01890, 0.17731, 0.07247, -0.00333, 0.01651, 0.20294, 0.04348, 0.00742, 0.00370 
14280.0, 10.44321, 0.60882, 1.55261, 3.07254, -0.00104, 0.18822, 3.99060, 0.00209, 0.95571, 0.35452, 0.16415, 0.15716, 0.00440, -0.00455, 0.11923, 0.04199, 0.00207, 0.03406, 0.17702, 0.03034, 0.00715, 0.00474 
14340.0, 11.83384, 0.63290, 1.70579, 3.53022, 0.00629, 0.20228, 4.12336, 0.00361, 1.12883, 0.33861, 0.13993, 0.23540, -0.00316, -0.00579, 0.14665, 0.06649, 0.01471, 0.02551, 0.17955, 0.04790, 0.00635, 0.00824 
14400.0, 10.83966, 0.63456, 1.78253, 3.58532, 0.00344, 0.23020, 4.10725, 0.02076, 1.02082, 0.36418, 0.12176, 0.21821, 0.01526, 0.00939, 0.14753, 0.05463, -0.00330, 0.02321, 0.21572, 0.04364, 0.00227, 0.00444 
14460.0, 11.16141, 0.60315, 1.86466, 4.09706, -0.00104, 0.25634, 4.12192, 0.01088, 0.97260, 0.34798, 0.13849, 0.24298, 0.01474, 0.00515, 0.13303, 0.05071, -0.00329, 0.00578, 0.17339, 0.04166, 0.00661, 0.00476 
14520.0, 10.73667, 0.66221, 1.94029, 4.33971, -0.00097, 0.23915, 4.20492, 0.01113, 1.00070, 0.36934, 0.13177, 0.24641, -0.00311, 0.00218, 0.16522, 0.06922, -0.00329, 0.03469, 0.20907, 0.05805, 0.00757, 0.01146 
14580.0, 10.44395, 0.65488, 1.73471, 3.83806, 0.00352, 0.21561, 4.06717, 0.00910, 0.91055, 0.36230, 0.21137, 0.24293, 0.01574, 0.01299, 0.14142, 0.05392, 0.01556, 0.02832, 0.19487, 0.03491, 0.00574, 0.00810 
14640.0, 11.55038, 0.64584, 1.84641, 4.43532, 0.00019, 0.21720, 4.19549, -0.00326, 0.95576, 0.32392, 0.19439, 0.25588, 0.03401, -0.00426, 0.17052, 0.06232, 0.01449, 0.02838, 0.20140, 0.05500, 0.00360, 0.00753 
14700.0, 11.31199, 0.69786, 1.81264, 4.63528, 0.00369, 0.23179, 4.06290, -0.00102, 0.94193, 0.33019, 0.20052, 0.33859, -0.00305, 0.00815, 0.19160, 0.07517, -0.00326, 0.02654, 0.19984, 0.04938, -0.00058, 0.00924 
14760.0, 13.00470, 0.68559, 1.92530, 4.92104, 0.00143, 0.25149, 4.30676, 0.03022, 0.90854, 0.35535, 0.20910, 0.36694, 0.01928, 0.00806, 0.21428, 0.07099, 0.02058, 0.04228, 0.20840, 0.05628, 0.00262, 0.00362 
14820.0, 12.11027, 0.72135, -9999.00000, 4.05033, 0.00195, 0.21484, 4.11096, -0.00606, -9999.00000, 0.32701, 0.16169, 0.22725, 0.01579, 0.01468, 0.15096, 0.04896, -0.00220, 0.01616, 0.16803, 0.05924, 0.00042, 0.00257 
14880.0, -9999.00000, -9999.00000, -9999.00000, -9999.00000, -9999.00000, -9999.00000, -9999.00000, -9999.00000, -9999.00000, -9999.00000, -9999.00000, -9999.00000, -9999.00000, -9999.00000, -9999.00000, -9999.00000, -9999.00000, -9999.00000, -9999.00000, -9999.00000, -9999.00000, -9999.00000 
14940.0, -9999.00000, -9999.00000, -9999.00000, -9999.00000, -9999.00000, -9999.00000, -9999.00000, -9999.00000, -9999.00000, -9999.00000, -9999.00000, -9999.00000, -9999.00000, -9999.00000, -9999.00000, -9999.00000, -9999.00000, -9999.00000, -9999.00000, -9999.00000, -9999.00000, -9999.00000 
15000.0, -9999.00000, -9999.00000, -9999.00000, -9999.00000, -9999.00000, -9999.00000, -9999.00000, -9999.00000, -9999.00000, -9999.00000, -9999.00000, -9999.00000, -9999.00000, -9999.00000, -9999.00000, -9999.00000, -9999.00000, -9999.00000, -9999.00000, -9999.00000, -9999.00000, -9999.00000 
15060.0, -9999.00000, -9999.00000, -9999.00000, -9999.00000, -9999.00000, -9999.00000, -9999.00000, -9999.00000, -9999.00000, -9999.00000, -9999.00000, -9999.00000, -9999.00000, -9999.00000, -9999.00000, -9999.00000, -9999.00000, -9999.00000, -9999.00000, -9999.00000, -9999.00000, -9999.00000 
15120.0, -9999.00000, -9999.00000, -9999.00000, -9999.00000, -9999.00000, -9999.00000, -9999.00000, -9999.00000, -9999.00000, -9999.00000, -9999.00000, -9999.00000, -9999.00000, -9999.00000, -9999.00000, -9999.00000, -9999.00000, -9999.00000, -9999.00000, -9999.00000, -9999.00000, -9999.00000 
15180.0, 11.45419, 0.71310, -9999.00000, 4.48242, 0.00186, 0.20650, 4.22384, -0.00604, -9999.00000, 0.31465, 0.23076, 0.26195, 0.02440, 0.02740, 0.16994, 0.06215, 0.01668, 0.04302, 0.17950, 0.05400, 0.00584, 0.00552 
15240.0, 10.52461, 0.71867, 1.54596, 3.94516, 0.00492, 0.22724, 4.08730, 0.00110, 0.70809, 0.30277, 0.17967, 0.22666, 0.00928, 0.00374, 0.15070, 0.06239, 0.00473, 0.02823, 0.16674, 0.03559, -0.00088, 0.00674 
15300.0, 12.75791, 0.74238, 1.86173, 4.72862, 0.00207, 0.19359, 4.60530, 0.01859, 0.71023, 0.31423, 0.27650, 0.34177, 0.01916, 0.01190, 0.21586, 0.06565, 0.01492, 0.03788, 0.19431, 0.06491, 0.00455, 0.00532 
15360.0, 12.89335, 0.74373, 1.97580, 5.40266, 0.00207, 0.24250, 4.35931, -0.00324, 0.67769, 0.31928, 0.27944, 0.29935, 0.01789, 0.01571, 0.20723, 0.06353, -0.00320, 0.02701, 0.22414, 0.07426, 0.01040, 0.01250 
15420.0, 13.13046, 0.70207, 1.84964, 5.04745, 0.00266, 0.22134, 4.29340, -0.00425, 0.71510, 0.30180, 0.20066, 0.31367, 0.02399, 0.02221, 0.20262, 0.07132, 0.00391, 0.03480, 0.18586, 0.06042, 0.00478, 0.00835 
15480.0, 12.75159, 0.71105, 2.01146, 7.83587, 0.00263, 0.24892, 4.35827, 0.01552, 0.79543, 0.31035, 0.38228, 0.74936, 0.04818, -0.00528, 0.42337, 0.13304, 0.00069, 0.03850, 0.18753, 0.06882, 0.00515, 0.00713 
15540.0, 12.94517, 0.73240, 1.99404, 7.64007, 0.00423, 0.21204, 4.45157, -0.00066, 0.74376, 0.31871, 0.42099, 0.82569, 0.02837, -0.00526, 0.48383, 0.14169, 0.00884, 0.03694, 0.16279, 0.06454, 0.01511, 0.00757 
15600.0, 11.71319, 0.70066, 1.85441, 5.37657, 0.00157, 0.24144, 4.38378, 0.00469, 0.77601, 0.32893, 0.21481, 0.38673, -0.00309, -0.00525, 0.23461, 0.07086, -0.00319, 0.01871, 0.13173, 0.05988, 0.00331, 0.00730 
15660.0, 10.75044, 0.71164, 1.78180, 3.83042, 0.00453, 0.21263, 4.17964, 0.01931, 0.72087, 0.32980, 0.13064, 0.28774, -0.00310, -0.00523, 0.15376, 0.07252, -0.00293, 0.02798, 0.16311, 0.05055, 0.00509, 0.00803 
15720.0, 12.29689, 0.72749, 1.90245, 5.50161, 0.00309, 0.24459, 4.57771, 0.02160, 0.66198, 0.29477, 0.13031, 0.22484, 0.00871, -0.00522, 0.14669, 0.06091, -0.00319, 0.03966, 0.13976, 0.05276, 0.00752, 0.00960 
15780.0, 13.17202, 0.73701, 2.00831, 5.78503, 0.00905, 0.20810, 4.66647, 0.01077, 0.69974, 0.27637, 0.14015, 0.22806, 0.01320, -0.00520, 0.14429, 0.06202, -0.00117, 0.03264, 0.13748, 0.06314, 0.00631, 0.01343 
15840.0, 15.05331, 0.72717, 2.36257, 21.87181, 0.00538, 0.25281, 4.72054, 0.01178, 0.75250, 0.32621, 0.53075, 1.40802, 0.06091, -0.00518, 0.83956, 0.21648, 0.01002, 0.03552, 0.18381, 0.06824, 0.00648, 0.00606 
15900.0, 13.22351, 0.70379, 2.16169, 41.32144, 0.00546, 0.27757, 4.56243, 0.02040, 0.63526, 0.33386, 0.18543, 0.28119, 0.01656, -0.00517, 0.22245, 0.04912, 0.00390, 0.03143, 0.16258, 0.06968, 0.00512, 0.00865 
15960.0, 12.27314, 0.68184, 2.17839, 11.88899, 0.00539, 0.25280, 4.39039, -0.00006, 0.72026, 0.32823, 0.16209, 0.30829, -0.00061, -0.00491, 0.16571, 0.07809, -0.00318, 0.04346, 0.12141, 0.04649, 0.00664, 0.00920 
16020.0, 13.18781, 0.57193, 2.42143, 6.53880, 0.00700, 0.24342, 4.38040, 0.01084, 0.83463, 0.36689, 0.26056, 0.41045, 0.02353, -0.00514, 0.24122, 0.09534, -0.00317, 0.04280, 0.21650, 0.07060, 0.01130, 0.01365 
16080.0, 11.04916, 0.56410, 1.78676, 4.46400, 0.00409, 0.24267, 4.14484, 0.00888, 0.77995, 0.34639, 0.13567, 0.26116, 0.02243, 0.00324, 0.15691, 0.06472, -0.00317, 0.02970, 0.14976, 0.03589, -0.00044, 0.00852 
16140.0, 13.78407, 0.48562, 2.13689, 5.59244, 0.00172, 0.26604, 4.30509, 0.00378, 0.83125, 0.38213, 0.20447, 0.27086, 0.01937, -0.00510, 0.16382, 0.07391, 0.00137, 0.03564, 0.23570, 0.06235, 0.00334, 0.00616 
16200.0, 10.91087, 0.49442, 1.79843, 4.02459, 0.00472, 0.23314, 4.03567, 0.01395, 0.75307, 0.33535, 0.21064, 0.31213, 0.02049, -0.00509, 0.19030, 0.08364, -0.00048, 0.02255, 0.22178, 0.05469, 0.00401, 0.00640 
16260.0, 13.34745, 0.50280, 2.23963, 5.91473, 0.00512, 0.26929, 4.36020, 0.01802, 0.84205, 0.37233, 0.22760, 0.44597, 0.00719, 0.01210, 0.30210, 0.15255, 0.01750, 0.04576, 0.22110, 0.07237, 0.00935, 0.00925 
16320.0, 12.80063, 0.51018, 2.13742, 4.88526, 0.00411, 0.25757, 4.16248, 0.01069, 0.79286, 0.38546, 0.22199, 0.30378, 0.01730, 0.02448, 0.19435, 0.08990, 0.02011, 0.02374, 0.23997, 0.07612, 0.00624, 0.00513 
16380.0, 12.86765, 0.48861, 2.24257, 4.57079, 0.00397, 0.23397, 4.31399, 0.01513, 0.81613, 0.39561, 0.19822, 0.32868, -0.00325, -0.00504, 0.24822, 0.09014, -0.00131, 0.04839, 0.24339, 0.09179, 0.00712, 0.00516 
16440.0, 10.44493, 0.43754, 1.96166, 4.36428, 0.00942, 0.22653, 4.11678, 0.01843, 0.77164, 0.35317, 0.16490, 0.27182, 0.00957, -0.00502, 0.13393, 0.07296, -0.00316, 0.02990, 0.27407, 0.05251, 0.00870, 0.01152 
16500.0, 11.82684, 0.49068, 2.08132, 4.85959, 0.00798, 0.25632, 4.28288, 0.02203, 0.79079, 0.33309, 0.08948, 0.27652, 0.03126, -0.00501, 0.15472, 0.08351, 0.01292, 0.04184, 0.24228, 0.06894, 0.00303, 0.00633 
16560.0, 11.24108, 0.42528, 1.96468, 4.77683, 0.00470, 0.24424, 4.24060, 0.00430, 0.73875, 0.35827, 0.14986, 0.28545, 0.01647, -0.00499, 0.14606, 0.07490, -0.00070, 0.02784, 0.25908, 0.04494, 0.00211, 0.00774 
16620.0, 12.02459, 0.44130, 1.93960, 4.57358, 0.00128, 0.20493, 4.12260, -0.00594, 0.75109, 0.35446, 0.16163, 0.23603, 0.02542, 0.00457, 0.14285, 0.06818, -0.00003, 0.03240, 0.23245, 0.04119, 0.00853, 0.00917 
16680.0, 12.16340, 0.44411, 2.02435, 3.95366, 0.00322, 0.24411, 4.21523, -0.00302, 0.70700, 0.37051, 0.14645, 0.27135, 0.02269, -0.00496, 0.14815, 0.06501, -0.00314, 0.03327, 0.23346, 0.06059, 0.00133, 0.00484 
16740.0, 10.45127, 0.44947, 1.60255, 3.86942, 0.00651, 0.20755, 4.06665, 0.00893, 0.63875, 0.31515, 0.16850, 0.22688, -0.00333, -0.00207, 0.13171, 0.06270, 0.00110, 0.03207, 0.21195, 0.05001, 0.00509, 0.00691 
16800.0, 10.35577, 0.47820, 1.59454, 3.84950, 0.00226, 0.24319, 4.09423, 0.00895, 0.74275, 0.31308, 0.07022, 0.24667, 0.01800, -0.00493, 0.13908, 0.06749, 0.00636, 0.02756, 0.18715, 0.05262, 0.00347, 0.00717 
16860.0, 10.43733, 0.47425, 1.70954, 4.25727, 0.00206, 0.26933, 4.13557, 0.01685, 0.66959, 0.34775, 0.14297, 0.29431, 0.02591, -0.00491, 0.17674, 0.09376, 0.01772, 0.02493, 0.20902, 0.04715, 0.00196, 0.00529 
16920.0, 10.99346, 0.48767, 1.71457, 4.06830, 0.00215, 0.22003, 4.08677, 0.01319, 0.63752, 0.33144, 0.19028, 0.23392, -0.00337, -0.00490, 0.16421, 0.06226, 0.00953, 0.03374, 0.20435, 0.05148, 0.00019, 0.00764 
16980.0, 10.86140, 0.51487, 1.81415, 3.74421, -0.00103, 0.24746, 4.06379, -0.00592, 0.61939, 0.34439, 0.20731, 0.27420, 0.00559, -0.00488, 0.16499, 0.07451, -0.00187, 0.03343, 0.20119, 0.04558, 0.00831, 0.00666 
17040.0, 10.78864, 0.53266, 1.68793, 3.80251, 0.00258, 0.21881, 4.00265, 0.00722, 0.60512, 0.30253, 0.13568, 0.25341, -0.00340, -0.00487, 0.15207, 0.06185, -0.00313, 0.02509, 0.18090, 0.04516, 0.00610, 0.00675 
17100.0, 10.98621, 0.50108, 1.88921, 4.55691, -0.00021, 0.25344, 4.14591, 0.01166, 0.62029, 0.33145, 0.15257, 0.23883, 0.03626, -0.00103, 0.16306, 0.07076, -0.00313, 0.02079, 0.20049, 0.03827, 0.00539, 0.00761 
17160.0, 11.40753, 0.54326, 1.77865, 4.47223, 0.00448, 0.21581, 4.13783, 0.02016, 0.66250, 0.30720, 0.10375, 0.26697, -0.00342, 0.00271, 0.15250, 0.06059, 0.00433, 0.02285, 0.17959, 0.03732, 0.00530, 0.00723 
17220.0, 11.64445, 0.57531, 1.85002, 4.96933, 0.00380, 0.22737, 4.14826, 0.00084, 0.58734, 0.30678, 0.18808, 0.27813, 0.01827, -0.00482, 0.14702, 0.04771, -0.00312, 0.02391, 0.20157, 0.04864, 0.00570, 0.01133 
17280.0, 11.01398, 0.56919, 1.73105, 4.07757, 0.00239, 0.20651, 4.15682, -0.00590, 0.57913, 0.31435, 0.11589, 0.23777, 0.01331, 0.00120, 0.10700, 0.05227, -0.00312, 0.02882, 0.18993, 0.05099, 0.00428, 0.00645 
17340.0, 10.84226, 0.56793, 1.59967, 4.06276, 0.00275, 0.20257, 4.02377, 0.01277, 0.57330, 0.29908, 0.15334, 0.21498, 0.01252, -0.00479, 0.11939, 0.04647, 0.00846, 0.02168, 0.14629, 0.05134, 0.00524, 0.00447 
17400.0, 11.33392, 0.57412, 1.58876, 3.50674, 0.00734, 0.23484, 4.08684, 0.00657, 0.60513, 0.29292, 0.15549, 0.19840, 0.01969, -0.00477, 0.10519, 0.04687, 0.00327, 0.00110, 0.14919, 0.03898, 0.00415, 0.00329 
17460.0, 10.49623, 0.57955, 1.51060, 3.32891, 0.00165, 0.22168, 4.03621, 0.01149, 0.57042, 0.27543, 0.11078, 0.18832, -0.00349, -0.00475, 0.11571, 0.06005, 0.00778, 0.01959, 0.16227, 0.04224, 0.00718, 0.00820 
17520.0, 10.84954, 0.56289, 1.61862, 4.24277, 0.00122, 0.18539, 4.00973, 0.01883, 0.52324, 0.27610, 0.05949, 0.21289, 0.00463, -0.00474, 0.11707, 0.05051, 0.00104, 0.02351, 0.15073, 0.03405, 0.00512, 0.00898 
17580.0, 11.09725, 0.55605, 1.68589, 4.11920, 0.00136, 0.23057, 4.12477, 0.01923, 0.56950, 0.31243, 0.10104, 0.20305, 0.01338, -0.00472, 0.12555, 0.05412, -0.00311, 0.03855, 0.14396, 0.04905, 0.00541, 0.00774 
17640.0, 11.15324, 0.57713, 1.61127, 3.82182, -0.00080, 0.21169, 4.11069, 0.01573, 0.54352, 0.30496, 0.07708, 0.20351, 0.01124, -0.00471, 0.10065, 0.04185, 0.01954, 0.02191, 0.17504, 0.04244, 0.00782, 0.00747 
17700.0, 11.05202, 0.57891, 1.72327, 4.54959, 0.00515, 0.19244, 4.21449, 0.00653, 0.56266, 0.32932, 0.15569, 0.23332, 0.00665, -0.00422, 0.11396, 0.05327, -0.00253, 0.01523, 0.12757, 0.05067, 0.00347, 0.01535 
17760.0, 11.15496, 0.60763, 1.64951, 3.21507, 0.00165, 0.21613, 4.09513, 0.01180, 0.53450, 0.30724, 0.13368, 0.19223, 0.01288, -0.00467, 0.14031, 0.04836, -0.00310, 0.03124, 0.15177, 0.02411, 0.00592, 0.01014 
