CampaignData_and_Merges/R0/CSL_MobileLab_Parked/raw/20240801/USOS-MetNav_MobileLabGround_20240801_R0.ict
44, 1001
Carrie Womack, Nate Howard, Mike Zucker
NOAA Chemical Sciences Laboratory
Mobile Lab MetNav Station
USOS
1, 1
2024, 08, 01, 2024, 12, 21
60
Time_Start, seconds_past_midnight, Seconds from midnight UTC
11
1, 1, 1, 1, 1, 1, 1, 1, 1, 1, 1
-9999, -9999, -9999, -9999, -9999, -9999, -9999, -9999, -9999, -9999, -9999
GPS_Alt_m, meters, Altitude from Differential GPS
GPS_Course_deg, degrees, Course from Differential GPS
GPS_GndSpd_m_s, m/s, Ground Speed from Differential GPS
GPS_Heading_deg, degrees, Heading from Differential GPS
GPS_Lat_deg, degrees, Latitude from Differential GPS
GPS_Lon_deg, degrees, Longitude from Differential GPS
AirTemp_C, Celsius, Air Temperature from Airmar
RelHumidity_pct, percent, Relative Humidity from Airmar
Pressure_mb, millibars, Pressure from Honeywell
WindDir_calc_deg, degrees, Wind Direction from Airmar corrected for van movement
WindSpd_calc_m_s, m/s, Wind Speed from Airmar corrected for van movement
1
SPECIAL COMMENTS:
18
PI_CONTACT_INFO: Address: 325 Broadway R/CSL7, Boulder, CO, 80305
PLATFORM: CSL Mobile Lab
LOCATION: Salt Lake City, UT
ASSOCIATED_DATA: N/A
INSTRUMENT_INFO: N/A
DATA_INFO: Units:
UNCERTAINTY: N/A
ULOD_FLAG: -7777
ULOD_VALUE: N/A
LLOD_FLAG: -8888
LLOD_VALUE: N/A
DM_CONTACT_INFO: Data Manager: Nate Howard
PROJECT_INFO: 
STIPULATIONS_ON_USE: Use of these data require prior ok from PI.
OTHER_COMMENTS: 
REVISION: R0
R0: Final data. Fixed bug in wind averaging code. RA: Preliminary Data. For in-field use only. 
Time_Start, GPS_Alt_m, GPS_Course_deg, GPS_GndSpd_m_s, GPS_Heading_deg, GPS_Lat_deg, GPS_Lon_deg, AirTemp_C, RelHumidity_pct, Pressure_mb, WindDir_calc_deg, WindSpd_calc_m_s
[from data line 628]
37680.0,1308.3,2.98,0.05,2.98,40.73434,-111.87210,22.6,26.1,879.4,141.58,2.6
37740.0,1308.4,3.02,0.05,3.02,40.73434,-111.87210,22.6,26.0,879.4,141.67,2.6
37800.0,1308.5,2.30,0.05,2.30,40.73434,-111.87210,22.7,25.8,879.5,139.42,2.4
37860.0,1308.3,2.24,0.05,2.24,40.73434,-111.87210,22.6,26.1,879.5,127.01,2.5
37920.0,1308.2,2.22,0.05,2.22,40.73434,-111.87210,22.6,25.9,879.5,133.78,2.1
37980.0,1308.1,2.43,0.04,2.43,40.73434,-111.87210,22.7,25.8,879.5,137.32,2.6
38040.0,1308.1,2.46,0.05,2.46,40.73434,-111.87210,22.6,26.3,879.5,136.90,2.3
38100.0,1308.1,2.90,0.05,2.90,40.73434,-111.87210,22.6,26.6,879.5,135.44,2.2
38160.0,1308.9,3.20,0.05,3.20,40.73434,-111.87211,22.6,25.9,879.5,157.26,3.2
38220.0,1308.8,3.47,0.05,3.47,40.73434,-111.87211,22.7,25.5,879.6,147.09,3.1
38280.0,1308.5,2.69,0.04,2.69,40.73434,-111.87211,22.7,26.0,879.6,139.83,2.4
38340.0,1308.7,2.87,0.04,2.87,40.73434,-111.87211,22.7,25.5,879.6,133.47,2.3
38400.0,1308.9,2.86,0.05,2.86,40.73434,-111.87211,22.7,25.4,879.5,146.13,3.2
38460.0,1308.9,3.07,0.04,3.07,40.73434,-111.87211,22.7,25.6,879.5,132.67,3.6
38520.0,1308.9,2.84,0.05,2.84,40.73434,-111.87211,22.8,25.6,879.6,145.38,3.8
38580.0,1308.8,3.15,0.05,3.15,40.73434,-111.87211,22.8,25.5,879.5,153.21,2.9
38640.0,1308.9,2.69,0.05,2.69,40.73434,-111.87211,22.8,25.8,879.5,143.34,3.1
38700.0,1308.9,2.13,0.05,2.13,40.73434,-111.87211,22.7,26.4,879.5,136.58,3.4
38760.0,1308.8,2.20,0.04,2.20,40.73434,-111.87210,22.8,25.9,879.6,140.99,2.8
38820.0,1308.3,2.86,0.04,2.86,40.73434,-111.87210,22.7,26.0,879.6,172.00,2.5
38880.0,1308.1,2.62,0.04,2.62,40.73434,-111.87210,22.8,26.3,879.7,147.78,2.6
38940.0,1308.3,2.22,0.04,2.22,40.73434,-111.87210,22.6,26.7,879.7,143.08,3.1
39000.0,1308.3,2.16,0.04,2.16,40.73434,-111.87210,22.6,26.9,879.7,146.94,3.3
39060.0,1308.4,1.99,0.05,1.99,40.73434,-111.87210,22.5,26.8,879.7,136.77,3.7
39120.0,1308.4,2.18,0.04,2.18,40.73434,-111.87210,22.4,28.1,879.7,140.97,2.8
39180.0,1308.4,2.03,0.04,2.03,40.73434,-111.87211,22.3,28.0,879.8,131.09,2.3
39240.0,1308.2,2.18,0.04,2.18,40.73434,-111.87211,22.3,27.8,879.8,106.09,0.6
39300.0,1308.2,2.24,0.05,2.24,40.73434,-111.87211,22.4,27.9,879.9,173.90,0.2
39360.0,1308.6,1.82,0.05,1.82,40.73434,-111.87211,22.3,27.4,879.9,89.95,0.2
39420.0,1308.6,1.64,0.05,1.64,40.73434,-111.87211,22.3,27.3,879.9,243.77,0.1
39480.0,1308.3,1.74,0.05,1.74,40.73434,-111.87211,22.4,27.6,879.9,165.17,0.4
39540.0,1308.2,1.92,0.05,1.92,40.73434,-111.87211,22.4,27.4,879.9,144.20,0.4
39600.0,1308.3,2.31,0.05,2.31,40.73434,-111.87211,22.5,27.2,879.9,123.23,0.7
39660.0,1308.4,2.49,0.05,2.49,40.73434,-111.87211,22.5,27.3,879.9,160.02,0.1
39720.0,1308.5,2.25,0.05,2.25,40.73434,-111.87211,22.4,27.6,879.8,306.71,0.3
39780.0,1308.5,2.26,0.05,2.26,40.73434,-111.87211,22.4,27.7,879.9,88.09,0.3
39840.0,1308.7,2.31,0.04,2.31,40.73434,-111.87211,22.2,28.1,879.9,101.40,0.7
39900.0,1308.7,2.11,0.05,2.11,40.73434,-111.87211,22.0,28.6,879.9,66.58,0.4
39960.0,1308.7,1.97,0.05,1.97,40.73434,-111.87211,21.9,28.7,879.9,47.75,0.3
40020.0,1308.6,2.42,0.05,2.42,40.73434,-111.87211,21.9,28.6,879.9,114.53,0.2
40080.0,1308.7,2.48,0.05,2.48,40.73434,-111.87211,21.8,28.6,879.9,95.65,0.3
40140.0,1308.7,2.82,0.05,2.82,40.73434,-111.87211,21.7,29.3,880.0,107.29,0.6
40200.0,1308.7,2.88,0.05,2.88,40.73434,-111.87211,21.6,29.6,880.0,122.09,1.0
40260.0,1308.5,3.36,0.05,3.36,40.73434,-111.87211,21.4,29.8,880.0,107.29,0.9
40320.0,1308.5,2.72,0.05,2.72,40.73434,-111.87211,21.3,29.9,880.0,101.75,0.5
40380.0,1308.7,2.78,0.05,2.78,40.73434,-111.87211,21.2,30.1,880.0,113.81,0.7
40440.0,1308.8,2.93,0.05,2.93,40.73434,-111.87211,21.1,30.4,880.0,91.52,0.5
40500.0,1308.7,2.72,0.05,2.72,40.73434,-111.87211,21.0,30.6,880.1,64.31,0.3
40560.0,1308.7,2.29,0.05,2.29,40.73434,-111.87211,21.1,30.7,880.1,115.24,0.1
40620.0,1308.8,2.92,0.05,2.92,40.73434,-111.87211,21.0,30.7,880.0,115.89,0.3
40680.0,1308.9,3.45,0.05,3.45,40.73434,-111.87211,21.0,30.7,880.0,97.87,0.3
40740.0,1308.9,3.51,0.05,3.51,40.73434,-111.87211,20.9,31.0,880.0,91.43,0.3
40800.0,1309.1,3.57,0.05,3.57,40.73433,-111.87211,20.8,31.2,880.1,107.59,0.7
40860.0,1309.3,3.58,0.05,3.58,40.73433,-111.87211,20.7,31.3,880.1,115.24,1.2
40920.0,1309.5,3.74,0.05,3.74,40.73433,-111.87211,20.6,31.3,880.1,111.34,0.7
40980.0,1309.7,3.89,0.05,3.89,40.73433,-111.87211,20.5,31.1,880.1,90.93,0.5
41040.0,1310.2,3.68,0.05,3.68,40.73433,-111.87211,20.5,31.5,880.1,105.04,0.5
41100.0,1310.8,3.78,0.05,3.78,40.73433,-111.87211,20.4,31.3,880.1,114.13,0.6
41160.0,1310.8,4.15,0.05,4.15,40.73433,-111.87211,20.4,31.2,880.1,122.10,0.3
41220.0,1310.7,4.18,0.05,4.18,40.73433,-111.87211,20.4,31.3,880.1,102.23,0.3
41280.0,1310.4,4.17,0.05,4.17,40.73433,-111.87211,20.4,31.4,880.1,103.06,0.4
41340.0,1310.2,3.98,0.05,3.98,40.73433,-111.87211,20.4,31.9,880.1,120.48,0.8
41400.0,1310.0,3.51,0.04,3.51,40.73433,-111.87211,20.3,32.4,880.1,126.55,1.0
41460.0,1309.8,3.35,0.04,3.35,40.73433,-111.87211,20.3,32.2,880.1,120.46,1.0
41520.0,1309.4,3.31,0.05,3.31,40.73434,-111.87211,20.2,32.2,880.2,118.21,0.9
41580.0,1309.1,3.71,0.05,3.71,40.73434,-111.87211,20.1,32.6,880.2,114.62,1.0
41640.0,1309.1,4.09,0.05,4.09,40.73434,-111.87211,20.1,32.5,880.2,112.04,0.7
41700.0,1309.0,4.01,0.04,4.01,40.73434,-111.87211,20.1,32.2,880.2,88.95,0.4
41760.0,1309.0,3.72,0.05,3.72,40.73434,-111.87211,20.1,32.2,880.2,140.53,0.3
41820.0,1309.0,3.80,0.04,3.80,40.73434,-111.87211,20.0,32.4,880.0,82.75,0.5
41880.0,1309.0,3.39,0.05,3.39,40.73434,-111.87210,20.0,32.4,880.0,94.31,0.5
41940.0,1308.9,2.89,0.05,2.89,40.73434,-111.87210,19.9,32.8,880.0,123.59,1.0
42000.0,1309.1,3.06,0.05,3.06,40.73434,-111.87211,19.9,32.8,880.0,137.00,1.6
42060.0,1309.0,3.22,0.05,3.22,40.73434,-111.87211,19.9,33.4,880.0,165.19,1.3
42120.0,1308.8,3.69,0.05,3.69,40.73434,-111.87211,19.9,33.7,880.0,173.16,1.0
42180.0,1308.6,3.65,0.06,3.65,40.73434,-111.87211,20.0,33.1,880.0,160.99,0.9
42240.0,1308.6,3.85,0.05,3.85,40.73433,-111.87210,20.1,33.1,880.0,89.79,0.4
42300.0,1308.4,3.77,0.06,3.77,40.73433,-111.87210,20.0,33.5,880.0,116.80,0.7
42360.0,1308.2,3.74,0.05,3.74,40.73433,-111.87210,20.0,34.0,880.1,136.17,1.2
42420.0,1308.0,4.03,0.05,4.03,40.73433,-111.87210,20.0,34.3,880.1,156.82,1.3
42480.0,1307.8,3.86,0.05,3.86,40.73433,-111.87210,20.0,34.4,880.1,153.71,1.1
42540.0,1307.9,3.95,0.04,3.95,40.73433,-111.87210,20.0,34.3,880.1,132.79,0.8
42600.0,1308.1,3.96,0.05,3.96,40.73433,-111.87210,20.0,35.1,880.3,138.21,0.8
42660.0,1308.1,3.64,0.05,3.64,40.73433,-111.87210,20.0,34.7,880.3,135.18,0.9
42720.0,1308.1,2.91,0.04,2.91,40.73433,-111.87210,19.9,34.6,880.3,133.98,0.9
42780.0,1308.2,2.93,0.05,2.93,40.73433,-111.87210,19.9,34.6,880.2,154.98,0.8
42840.0,1308.2,3.31,0.05,3.31,40.73433,-111.87210,19.9,34.7,880.2,128.14,0.5
42900.0,1308.1,3.41,0.04,3.41,40.73433,-111.87210,19.9,34.9,880.3,119.39,0.9
42960.0,1308.0,3.81,0.04,3.81,40.73433,-111.87210,19.7,35.2,880.3,114.35,1.0
43020.0,1307.9,3.57,0.05,3.57,40.73433,-111.87210,19.7,35.0,880.3,129.82,0.8
43080.0,1307.9,3.41,0.05,3.41,40.73433,-111.87210,19.7,35.2,880.3,131.96,0.8
43140.0,1308.0,3.66,0.04,3.66,40.73433,-111.87210,19.7,35.5,880.4,120.75,0.8
43200.0,1308.0,4.19,0.05,4.19,40.73433,-111.87210,19.7,34.8,880.4,126.22,0.8
43260.0,1308.0,4.68,0.04,4.68,40.73433,-111.87210,19.6,35.0,880.4,127.38,0.8
43320.0,1308.0,4.59,0.04,4.59,40.73433,-111.87210,19.7,35.8,880.4,137.67,0.9
43380.0,1308.1,4.33,0.04,4.33,40.73433,-111.87210,19.6,35.2,880.4,116.62,0.4
43440.0,1308.1,4.65,0.04,4.65,40.73433,-111.87210,19.7,35.1,880.5,43.65,0.1
43500.0,1308.1,4.73,0.04,4.73,40.73433,-111.87211,19.7,34.9,880.5,94.30,0.6
43560.0,1308.0,4.88,0.05,4.88,40.73433,-111.87211,19.6,35.0,880.5,132.63,1.5
43620.0,1308.0,4.54,0.04,4.54,40.73433,-111.87211,19.6,35.0,880.5,150.39,1.6
43680.0,1308.1,4.37,0.04,4.37,40.73433,-111.87211,19.6,34.8,880.5,182.13,1.6
43740.0,1308.1,4.04,0.05,4.04,40.73433,-111.87211,19.8,34.4,880.5,197.47,1.4
43800.0,1308.3,3.89,0.05,3.89,40.73433,-111.87211,20.0,33.2,880.6,193.14,0.8
43860.0,1307.9,3.30,0.05,3.30,40.73433,-111.87210,20.1,33.1,880.5,272.03,0.7
43920.0,1307.9,2.83,0.05,2.83,40.73433,-111.87210,20.3,33.0,880.6,176.15,0.6
43980.0,1308.0,2.66,0.05,2.66,40.73433,-111.87210,20.1,34.4,880.6,136.78,2.4
44040.0,1308.1,2.74,0.04,2.74,40.73433,-111.87210,20.2,34.0,880.6,131.58,1.1
44100.0,1308.1,2.31,0.04,2.31,40.73433,-111.87210,20.0,34.4,880.6,118.97,1.3
44160.0,1308.1,2.98,0.04,2.98,40.73433,-111.87210,20.0,34.3,880.6,116.64,0.7
44220.0,1308.0,2.97,0.05,2.97,40.73433,-111.87210,20.0,34.3,880.6,127.00,0.8
44280.0,1308.2,3.05,0.05,3.05,40.73433,-111.87210,20.0,34.1,880.6,127.66,0.8
44340.0,1308.3,3.20,0.05,3.20,40.73433,-111.87210,20.0,34.2,880.6,149.18,0.5
44400.0,1308.4,3.12,0.05,3.12,40.73433,-111.87210,20.0,34.4,880.6,132.71,0.6
44460.0,1308.4,2.86,0.05,2.86,40.73433,-111.87210,19.9,34.4,880.7,107.85,0.6
44520.0,1308.3,3.49,0.05,3.49,40.73433,-111.87210,19.9,34.0,880.7,79.75,0.5
44580.0,1308.3,3.39,0.05,3.39,40.73433,-111.87210,19.9,33.8,880.7,107.40,0.5
44640.0,1308.4,2.60,0.04,2.60,40.73433,-111.87210,19.9,34.0,880.7,103.30,0.4
44700.0,1308.3,3.11,0.05,3.11,40.73433,-111.87210,19.8,34.0,880.7,73.70,0.4
44760.0,1308.4,3.44,0.04,3.44,40.73433,-111.87210,19.7,34.2,880.7,90.94,0.5
44820.0,1308.3,3.26,0.05,3.26,40.73433,-111.87210,19.7,34.4,880.8,119.33,0.7
44880.0,1308.3,3.00,0.05,3.00,40.73433,-111.87210,19.7,34.6,880.8,123.08,0.6
44940.0,1308.3,2.97,0.04,2.97,40.73433,-111.87210,19.7,34.8,880.8,125.85,0.8
45000.0,1308.4,2.75,0.04,2.75,40.73433,-111.87210,19.7,34.9,880.8,124.09,0.9
45060.0,1308.4,2.91,0.05,2.91,40.73433,-111.87210,19.7,35.1,880.8,123.99,0.9
45120.0,1308.4,2.99,0.04,2.99,40.73433,-111.87210,19.7,35.2,880.8,98.53,0.5
45180.0,1308.4,2.77,0.04,2.77,40.73433,-111.87210,19.6,35.3,880.8,73.79,0.5
45240.0,1308.3,2.73,0.05,2.73,40.73433,-111.87210,19.6,35.5,880.8,95.78,0.5
45300.0,1308.5,2.83,0.04,2.83,40.73433,-111.87210,19.5,35.8,880.8,106.41,0.6
45360.0,1308.6,2.87,0.04,2.87,40.73433,-111.87210,19.5,35.6,880.8,87.29,0.4
45420.0,1308.7,3.30,0.04,3.30,40.73433,-111.87210,19.4,35.6,880.8,101.51,0.2
45480.0,1308.8,3.60,0.04,3.60,40.73433,-111.87210,19.5,35.4,880.8,114.52,0.4
45540.0,1308.8,3.55,0.04,3.55,40.73433,-111.87210,19.4,35.7,880.8,104.70,0.6
45600.0,1308.7,3.59,0.05,3.59,40.73433,-111.87210,19.3,35.9,880.9,104.44,0.6
45660.0,1308.8,3.65,0.04,3.65,40.73433,-111.87210,19.3,35.7,880.9,83.66,0.4
45720.0,1308.7,3.68,0.04,3.68,40.73433,-111.87210,19.2,35.9,880.8,66.49,0.2
45780.0,1308.6,3.15,0.06,3.15,40.73433,-111.87210,19.2,36.0,880.8,103.23,0.3
45840.0,1308.6,2.95,0.05,2.95,40.73433,-111.87210,19.2,35.8,880.8,89.97,0.5
45900.0,1308.7,2.85,0.05,2.85,40.73433,-111.87211,19.2,36.0,880.8,85.65,0.3
45960.0,1308.8,3.00,0.05,3.00,40.73433,-111.87211,19.2,35.9,880.8,111.30,0.3
46020.0,1309.1,3.61,0.05,3.61,40.73433,-111.87211,19.1,37.0,880.8,111.88,1.2
46080.0,1309.3,3.59,0.06,3.59,40.73433,-111.87211,19.0,36.8,880.7,93.45,0.5
46140.0,1309.4,2.67,0.05,2.67,40.73433,-111.87211,19.0,36.4,880.7,62.37,0.5
46200.0,1309.5,1.88,0.05,1.88,40.73433,-111.87211,19.0,36.2,880.7,106.23,0.5
46260.0,1309.6,2.11,0.04,2.11,40.73433,-111.87211,18.9,37.1,880.7,114.04,1.1
46320.0,1309.7,2.25,0.04,2.25,40.73433,-111.87211,18.9,37.3,880.7,116.65,1.2
46380.0,1309.7,2.87,0.04,2.87,40.73433,-111.87211,18.9,37.0,880.8,114.71,0.5
46440.0,1309.8,3.24,0.05,3.24,40.73433,-111.87211,18.9,36.6,880.7,71.69,0.2
46500.0,1309.9,2.53,0.05,2.53,40.73433,-111.87211,19.0,36.4,880.7,91.76,0.4
46560.0,1310.0,2.55,0.05,2.55,40.73433,-111.87211,18.9,36.9,880.8,94.47,0.5
46620.0,1310.0,2.60,0.05,2.60,40.73433,-111.87211,18.9,36.5,880.8,100.58,0.5
46680.0,1309.9,2.64,0.04,2.64,40.73433,-111.87211,18.9,36.5,880.8,64.36,0.5
46740.0,1310.0,2.79,0.05,2.79,40.73433,-111.87211,18.9,36.8,880.8,46.37,0.4
46800.0,1310.0,2.97,0.05,2.97,40.73433,-111.87211,18.9,37.0,880.8,33.14,0.4
46860.0,1310.0,2.98,0.05,2.98,40.73433,-111.87211,19.0,37.0,880.8,44.50,0.2
46920.0,1310.0,2.62,0.04,2.62,40.73433,-111.87211,19.1,37.3,880.6,331.08,0.2
46980.0,1309.9,2.70,0.05,2.70,40.73433,-111.87211,19.2,37.3,880.6,78.46,0.1
47040.0,1310.0,2.72,0.04,2.72,40.73433,-111.87211,19.2,37.3,880.6,109.90,0.7
47100.0,1310.0,2.65,0.04,2.65,40.73433,-111.87211,19.2,37.3,880.7,119.34,0.7
47160.0,1310.0,2.45,0.04,2.45,40.73433,-111.87211,19.2,37.7,880.7,119.30,0.8
47220.0,1310.1,2.00,0.04,2.00,40.73433,-111.87211,19.2,37.1,880.7,118.02,0.9
47280.0,1309.9,1.86,0.05,1.86,40.73433,-111.87211,19.2,37.6,880.7,117.85,1.4
47340.0,1310.0,1.96,0.05,1.96,40.73433,-111.87211,19.3,37.5,880.7,118.21,1.1
47400.0,1310.0,2.61,0.05,2.61,40.73433,-111.87211,19.4,37.5,880.8,120.40,1.1
47460.0,1309.9,2.15,0.05,2.15,40.73433,-111.87211,19.5,38.0,880.8,115.71,0.6
47520.0,1309.9,1.97,0.05,1.97,40.73433,-111.87211,19.6,37.6,880.7,118.96,0.8
47580.0,1309.8,2.24,0.05,2.24,40.73433,-111.87211,19.7,37.6,880.7,117.49,0.8
47640.0,1309.9,2.43,0.04,2.43,40.73433,-111.87211,19.9,37.8,880.8,123.78,0.8
47700.0,1309.8,2.55,0.05,2.55,40.73433,-111.87211,20.0,38.2,880.8,121.04,0.8
47760.0,1309.7,2.67,0.05,2.67,40.73434,-111.87211,20.1,37.8,880.7,109.39,0.6
47820.0,1309.5,2.65,0.05,2.65,40.73434,-111.87211,20.0,37.9,880.7,68.64,0.5
47880.0,1309.3,2.65,0.04,2.65,40.73434,-111.87211,20.0,38.2,880.8,41.38,0.3
47940.0,1309.3,2.24,0.05,2.24,40.73434,-111.87211,20.1,38.1,880.8,59.38,0.2
48000.0,1309.3,2.05,0.05,2.05,40.73434,-111.87211,20.1,37.7,880.8,91.60,0.2
48060.0,1309.4,2.27,0.04,2.27,40.73434,-111.87211,20.3,37.5,880.8,117.72,0.6
48120.0,1309.3,3.07,0.05,3.07,40.73434,-111.87211,20.4,38.1,880.8,98.87,0.5
48180.0,1309.3,3.14,0.05,3.14,40.73434,-111.87211,20.5,37.2,880.8,54.76,0.3
48240.0,1309.3,2.79,0.05,2.79,40.73434,-111.87211,20.7,36.7,880.8,91.63,0.4
48300.0,1309.2,2.53,0.05,2.53,40.73434,-111.87211,20.9,36.6,880.8,115.53,0.4
48360.0,1309.2,3.23,0.05,3.23,40.73434,-111.87211,21.0,36.5,880.8,79.21,0.2
48420.0,1309.2,3.55,0.04,3.55,40.73434,-111.87211,21.2,36.7,880.8,61.54,0.3
48480.0,1309.1,3.51,0.04,3.51,40.73434,-111.87211,21.2,36.8,880.9,44.92,0.4
48540.0,1309.0,3.03,0.05,3.03,40.73434,-111.87211,21.3,36.1,880.9,83.76,0.4
48600.0,1308.9,3.89,0.05,3.89,40.73434,-111.87211,21.5,36.4,880.9,110.68,0.4
48660.0,1308.9,4.37,0.05,4.37,40.73434,-111.87211,21.6,36.9,880.9,116.51,0.6
48720.0,1308.9,4.42,0.06,4.42,40.73434,-111.87211,21.8,36.5,880.9,120.34,0.7
48780.0,1308.7,4.07,0.05,4.07,40.73434,-111.87211,22.0,35.7,880.9,118.64,0.8
48840.0,1308.6,4.26,0.05,4.26,40.73434,-111.87211,22.0,36.2,880.9,116.88,0.7
48900.0,1308.6,3.87,0.05,3.87,40.73434,-111.87211,22.2,35.9,880.9,114.42,0.5
48960.0,1308.4,3.92,0.04,3.92,40.73434,-111.87211,22.3,35.7,880.9,85.59,0.5
49020.0,1308.3,3.46,0.05,3.46,40.73434,-111.87210,22.3,35.8,880.9,74.22,0.5
49080.0,1308.4,3.41,0.05,3.41,40.73434,-111.87211,22.4,35.4,880.9,97.60,0.4
49140.0,1308.6,2.96,0.05,2.96,40.73434,-111.87211,22.5,34.7,880.8,112.93,0.4
49200.0,1308.6,2.91,0.05,2.91,40.73434,-111.87211,22.7,34.7,880.8,103.21,0.4
49260.0,1308.7,3.04,0.05,3.04,40.73434,-111.87211,22.8,35.0,880.9,104.34,0.3
49320.0,1308.6,3.31,0.05,3.31,40.73434,-111.87211,22.9,34.7,880.9,99.94,0.2
49380.0,1308.6,3.39,0.05,3.39,40.73434,-111.87211,23.1,34.7,881.0,38.17,0.2
49440.0,1308.7,3.16,0.06,3.16,40.73434,-111.87211,23.3,34.6,881.0,123.85,0.4
49500.0,1308.8,3.17,0.05,3.17,40.73434,-111.87211,23.5,34.6,881.0,149.31,0.5
49560.0,1308.9,2.82,0.06,2.82,40.73434,-111.87211,23.7,34.7,881.0,155.41,0.9
49620.0,1308.9,2.26,0.05,2.26,40.73434,-111.87211,23.8,34.1,881.0,183.78,1.1
49680.0,1309.0,2.51,0.06,2.51,40.73433,-111.87211,24.1,33.9,881.0,173.90,0.7
49740.0,1308.8,2.66,0.05,2.66,40.73433,-111.87211,24.3,33.9,881.1,159.27,0.5
49800.0,1308.8,2.17,0.05,2.17,40.73433,-111.87211,24.5,34.1,881.0,156.66,0.9
49860.0,1308.7,1.75,0.05,1.75,40.73433,-111.87211,24.6,34.0,881.1,168.17,1.3
49920.0,1308.6,1.37,0.05,1.37,40.73433,-111.87211,24.7,33.8,881.1,166.88,1.2
49980.0,1308.6,1.44,0.05,1.44,40.73433,-111.87211,24.8,34.5,881.1,167.76,1.3
50040.0,1308.6,1.97,0.05,1.97,40.73433,-111.87211,24.9,34.4,881.1,173.59,1.0
