CampaignData_and_Merges/R0/CSL_MobileLab_Parked/raw/20240801/USOS-POPS_MobileLabGround_20240801_R0.ict
78, 1001
Thornberry, T. D.
NOAA Chemical Sciences Laboratory
Portable Optical Particle Spectrometer (POPS)
USOS
1, 1
2024, 08, 01, 2025, 05, 08
60
Time_Start, seconds_past_midnight, Start time of measurement
45
1, 1, 1, 1, 1, 1, 1, 1, 1, 1, 1, 1, 1, 1, 1, 1, 1, 1, 1, 1, 1, 1, 1, 1, 1, 1, 1, 1, 1, 1, 1, 1, 1, 1, 1, 1, 1, 1, 1, 1, 1, 1, 1, 1, 1
-9999, -9999, -9999, -9999, -9999, -9999, -9999, -9999, -9999, -9999, -9999, -9999, -9999, -9999, -9999, -9999, -9999, -9999, -9999, -9999, -9999, -9999, -9999, -9999, -9999, -9999, -9999, -9999, -9999, -9999, -9999, -9999, -9999, -9999, -9999, -9999, -9999, -9999, -9999, -9999, -9999, -9999, -9999, -9999, -9999
Time_Stop, seconds_past_midnight, Stop time of measurement
Time_Mid, seconds_past_midnight, Mid time of measurement
Press_mb, mb, Pressure reported (mb)
Temp_C, degrees C, POPS temperature measurement
Aerosol_concentration, cm^-3, Aerosol concentration
Surface_Area_Conc, um^2 cm^-3, Surface area concentration
Volume_density, um^3 cm^-3, Volume density
Effective_radius, um, Effective radius
Extinction, km^-1, Extinction
Bin01, cm^-3, particle concentration in size range [1401 - 146.3 nm]
Bin02, cm^-3, particle concentration in size range [146.3 - 152.8 nm]
Bin03, cm^-3, particle concentration in size range [152.8 - 159.6 nm]
Bin04, cm^-3, particle concentration in size range [159.6 - 166.8 nm]
Bin05, cm^-3, particle concentration in size range [166.8 - 174.2 nm]
Bin06, cm^-3, particle concentration in size range [174.2 - 181.9 nm]
Bin07, cm^-3, particle concentration in size range [181.9 - 190.0 nm]
Bin08, cm^-3, particle concentration in size range [190.0 - 198.5 nm]
Bin09, cm^-3, particle concentration in size range [198.5 - 207.4 nm]
Bin10, cm^-3, particle concentration in size range [207.4 - 216.6 nm]
Bin11, cm^-3, particle concentration in size range [216.6 - 226.2 nm]
Bin12, cm^-3, particle concentration in size range [226.2 - 236.3 nm]
Bin13, cm^-3, particle concentration in size range [236.3 - 246.8 nm]
Bin14, cm^-3, particle concentration in size range [246.8 - 257.8 nm]
Bin15, cm^-3, particle concentration in size range [257.8 - 269.3 nm]
Bin16, cm^-3, particle concentration in size range [269.3 - 343.4 nm]
Bin17, cm^-3, particle concentration in size range [343.4 - 450.7 nm]
Bin18, cm^-3, particle concentration in size range [450.7 - 525.9 nm]
Bin19, cm^-3, particle concentration in size range [525.9 - 618.5 nm]
Bin20, cm^-3, particle concentration in size range [618.5 - 710.0 nm]
Bin21, cm^-3, particle concentration in size range [710.0 - 822.7 nm]
Bin22, cm^-3, particle concentration in size range [822.7 - 885.9 nm]
Bin23, cm^-3, particle concentration in size range [885.9 - 953.9 nm]
Bin24, cm^-3, particle concentration in size range [953.9 - 1027.2 nm]
Bin25, cm^-3, particle concentration in size range [1027.2 - 1106.1 nm]
Bin26, cm^-3, particle concentration in size range [1106.1 - 1191.0 nm]
Bin27, cm^-3, particle concentration in size range [1191.0 - 1282.5 nm]
Bin28, cm^-3, particle concentration in size range [1282.5 - 1381.0 nm]
Bin29, cm^-3, particle concentration in size range [1381.0 - 1487.1 nm]
Bin30, cm^-3, particle concentration in size range [1487.1 - 1601.3 nm]
Bin31, cm^-3, particle concentration in size range [1601.3 - 1724.3 nm]
[...]
PLATFORM: NOAA CSL Mobile Lab
LOCATION: USOS
ASSOCIATED_DATA: N/A
INSTRUMENT_INFO: Printed Optical Particle Spectrometer counts particles from 140 - 2500 nm in diameter 
DATA_INFO: Particle concentrations reported in number per cubic centimeter,1 Hz data
UNCERTAINTY: Counting uncertainty dominated by air flow, less than 5 percent. Measurement range is ~0 - 3000 per cm3 (varies depending on flow rate- manufacturer quotes 1250 per cm3 at 1.667 cc/s)
ULOD_FLAG: -7777
ULOD_VALUE: N/A
LLOD_FLAG: -8888
LLOD_VALUE: N/A
DM_CONTACT_INFO: Troy Thornberry, 325 Broadway R/CSL6, Boulder, CO 80305; troy.thornberry@noaa.gov; 303-497-3373
PROJECT_INFO: USOS, Utah POPS data from NOAA CSL Mobile Lab
STIPULATIONS_ON_USE: Please contact the PIs for questions regarding applications and uncertainties
OTHER_COMMENTS: POPS bin Edges (nm):  140.1, 146.3, 152.8, 159.6, 166.8, 174.2, 181.9, 190.0, 198.5, 207.4, 216.6, 226.2, 236.3, 246.8, 257.8, 269.3, 343.4, 450.7, 525.9, 618.5, 710.0, 822.7, 885.9, 953.9, 1027.2, 1106.1, 1191.0, 1282.5, 1381.0, 1487.1, 1601.3, 1724.3, 1856.7, 1999.3, 2152.8, 2318.2, 2496.2
Calculations assume organic aerosol refractive index of 1.52+0.00j and extinction wavelength = 532 nm
REVISION: R0
R0: Final data
Time_Start, Time_Stop, Time_Mid, Press_mb, Temp_C, Aerosol_concentration, Surface_Area_Conc, Volume_density, Effective_radius, Extinction, Bin01, Bin02, Bin03, Bin04, Bin05, Bin06, Bin07, Bin08, Bin09, Bin10, Bin11, Bin12, Bin13, Bin14, Bin15, Bin16, Bin17, Bin18, Bin19, Bin20, Bin21, Bin22, Bin23, Bin24, Bin25, Bin26, Bin27, Bin28, Bin29, Bin30, Bin31, Bin32, Bin33, Bin34, Bin35, Bin36
[from data line 585]
35100,35159,35130,874.704,34.098,806.921,176.298,10.008,0.170,0.068,30.938646,33.035812,32.441467,35.267872,36.263222,36.502205,36.048141,37.614151,37.865650,37.967323,38.574482,42.298878,44.127113,43.934879,39.898056,157.481934,59.350258,19.258026,6.036760,0.650343,0.540774,0.200951,0.099658,0.121316,0.071605,0.050726,0.060591,0.026745,0.038632,0.027916,0.021940,0.034059,0.033072,0.016416,0.016486,0.005325
35160,35219,35190,874.689,34.130,819.086,179.830,10.324,0.172,0.070,32.138084,32.465195,33.809292,35.093605,36.022900,36.870354,36.330761,37.313316,38.251831,38.812531,40.150913,42.726120,44.820744,44.945007,40.282124,161.188431,60.281158,18.906368,6.374208,0.836871,0.514923,0.233198,0.160557,0.104720,0.083146,0.060639,0.071687,0.043606,0.026714,0.027873,0.022437,0.021902,0.027167,0.016670,0.028021,0.022657
35220,35279,35250,874.706,34.172,817.418,178.209,9.974,0.168,0.069,32.135342,32.809422,33.654728,34.609104,37.293461,36.586514,36.247135,37.410625,37.782955,38.534801,39.923233,42.823746,44.455482,44.864483,40.449589,160.465759,60.137363,18.518507,6.601240,0.938129,0.409180,0.210049,0.141301,0.084654,0.094560,0.037301,0.027699,0.027974,0.010485,0.015977,0.049471,0.016785,0.005807,0.011832,0.010948,0.022254
35280,35339,35310,874.720,34.278,811.863,176.652,10.027,0.170,0.068,32.387127,33.367458,33.930565,34.728889,36.572319,36.615925,36.551910,36.736202,37.330582,37.739220,39.267704,43.166752,44.752975,44.302288,39.703259,159.162598,59.131847,18.244762,6.029158,0.835158,0.414856,0.221086,0.133656,0.088485,0.122606,0.054247,0.050417,0.016544,0.022682,0.044503,0.044920,0.032557,0.022370,0.010520,0.010988,0.016078
35340,35399,35370,874.729,34.293,803.884,174.978,9.814,0.168,0.067,31.496443,32.779873,32.955570,34.277756,35.458721,37.302990,35.838394,36.479290,37.387180,38.274525,39.366051,41.314541,43.791111,44.323059,40.597301,157.525116,58.594582,17.732445,6.118336,0.903390,0.496041,0.250622,0.164822,0.084710,0.074216,0.081185,0.062773,0.011028,0.011282,0.032978,0.028303,0.005594,0.011750,0.017248,0.000000,0.034773
35400,35459,35430,874.746,34.192,793.536,172.817,9.932,0.172,0.067,32.334660,32.335945,32.940525,34.081181,35.537971,35.585800,35.889454,36.883896,36.221905,37.308956,39.041565,42.119625,43.742241,42.779034,39.023289,154.677353,57.269737,17.778128,5.740063,0.821406,0.490737,0.191253,0.190505,0.100366,0.078085,0.061188,0.044089,0.033544,0.021879,0.066866,0.050540,0.022000,0.005501,0.021811,0.005612,0.038990
35460,35519,35490,874.706,34.075,809.485,177.021,10.141,0.172,0.069,32.346973,32.644466,32.886742,35.538151,35.790627,36.099079,36.816944,37.165596,37.614910,37.177395,40.004414,41.991631,45.298584,44.180546,39.569019,157.814972,59.209427,19.104897,5.990175,0.954627,0.431640,0.196533,0.105826,0.090975,0.090813,0.050563,0.045041,0.056173,0.010807,0.066899,0.045051,0.033354,0.022703,0.005669,0.006061,0.027704
35520,35579,35550,874.681,34.195,799.486,174.463,9.775,0.168,0.068,31.379946,31.648205,32.867805,34.162319,35.912998,35.863922,37.301746,37.032558,36.076218,37.616100,38.739201,41.687405,42.910866,44.011032,40.027477,156.810089,58.554081,18.491463,6.254658,0.865347,0.469967,0.206788,0.129420,0.129457,0.044813,0.056769,0.055613,0.021849,0.023184,0.022309,0.044647,0.017675,0.022372,0.005631,0.011057,0.011151
35580,35639,35610,874.720,34.295,802.935,174.937,9.866,0.169,0.068,31.169502,32.125336,32.469887,34.626274,35.485424,36.835312,35.742954,38.547966,36.998112,37.998756,39.327160,41.801941,43.536968,44.218452,39.248829,157.804428,58.402843,18.329540,6.243489,0.699034,0.461480,0.211280,0.139142,0.149816,0.094848,0.038874,0.050062,0.011168,0.033559,0.022083,0.016643,0.027683,0.027551,0.015746,0.000000,0.022412
35640,35699,35670,874.716,34.270,784.199,170.045,9.555,0.168,0.066,31.680693,32.476265,33.012924,34.413036,35.051083,35.884052,35.322239,35.846130,36.616306,36.551785,38.476707,41.628361,42.311741,42.920582,37.707527,151.149414,57.133358,18.130785,5.864790,0.701374,0.553731,0.215785,0.110859,0.078349,0.067213,0.037921,0.050854,0.021703,0.033694,0.016643,0.066202,0.022440,0.016820,0.005612,0.010911,0.011186
35700,35759,35730,874.723,34.325,791.564,172.841,9.986,0.173,0.067,32.683418,32.297077,32.365021,34.063999,35.595100,36.318810,35.704182,36.562603,36.730164,37.046669,38.627937,40.620892,43.056622,42.788326,38.520214,155.188110,57.477345,17.630764,6.002856,0.762726,0.522148,0.235934,0.174163,0.101323,0.076990,0.077101,0.071190,0.050357,0.039384,0.021957,0.039652,0.033521,0.027408,0.005501,0.010888,0.033283
35760,35819,35790,874.741,34.291,780.610,169.439,9.644,0.170,0.065,31.305019,32.363983,33.220692,33.792370,34.873867,36.126171,35.613319,36.575523,35.958954,37.331776,37.928848,39.521587,42.534241,42.135303,38.624893,151.428757,55.553345,17.536407,5.855145,0.864277,0.494397,0.279416,0.126589,0.149898,0.088284,0.066435,0.038774,0.038364,0.032158,0.023071,0.027285,0.034038,0.039280,0.011058,0.005767,0.010965
35820,35879,35850,874.758,34.266,786.738,170.361,9.665,0.170,0.066,32.783218,33.271351,34.029129,34.359741,35.483009,35.176971,35.180519,36.777393,35.902977,37.029293,38.766785,40.656559,43.106956,42.257133,38.329060,151.142639,56.673561,17.757200,5.940773,0.817533,0.381549,0.212543,0.163932,0.117689,0.060754,0.067391,0.033768,0.067456,0.039570,0.027867,0.039688,0.027452,0.022777,0.011193,0.006039,0.016503
35880,35939,35910,874.759,34.369,786.741,170.952,9.785,0.172,0.066,32.135246,32.681324,32.727016,34.172394,35.128139,36.723167,36.031746,36.307770,35.688465,37.280033,38.604713,41.304550,42.568405,42.282482,37.971291,152.205231,57.171268,17.675974,5.836434,0.877557,0.483087,0.200802,0.164155,0.116593,0.077145,0.039075,0.060413,0.021922,0.022528,0.039121,0.038389,0.032848,0.022194,0.010806,0.015922,0.022205
35940,35999,35970,874.799,34.241,783.918,169.696,9.542,0.168,0.065,31.861326,32.584827,33.103905,34.795090,35.581738,35.434380,35.668652,36.576725,36.440754,37.257000,38.034740,40.243481,42.398064,42.338509,37.903885,151.120346,56.954403,17.497532,6.143042,0.769344,0.413722,0.210504,0.162943,0.038291,0.088643,0.055480,0.022218,0.022185,0.039676,0.039237,0.039731,0.011438,0.021717,0.011475,0.022376,0.010905
36000,36059,36030,874.797,34.250,771.836,167.171,9.367,0.168,0.065,32.216290,31.606611,32.493790,34.575722,35.273674,34.314384,35.620213,34.812916,35.771812,36.393578,37.357342,39.802765,41.571392,41.773033,37.540104,149.576462,55.876167,17.295578,5.749759,0.860683,0.565056,0.177331,0.144576,0.083308,0.071616,0.055379,0.060638,0.022536,0.033397,0.033969,0.044760,0.016954,0.011280,0.016378,0.016389,0.000000
36060,36119,36090,874.790,34.158,774.788,168.005,9.728,0.173,0.065,32.340824,32.339451,32.209358,34.006622,35.213055,35.397800,35.423988,37.029995,35.215446,36.498203,37.927948,40.560661,40.988796,42.528843,37.487179,149.210022,55.283298,16.919241,5.938468,0.930439,0.543287,0.230986,0.089971,0.045065,0.101356,0.051169,0.039632,0.023085,0.011656,0.022252,0.045235,0.027884,0.039496,0.005432,0.016859,0.044850
36120,36179,36150,874.788,34.075,760.108,163.449,9.122,0.167,0.063,31.335678,31.497196,32.126656,33.934776,35.082893,34.257500,35.208679,34.985142,35.772957,36.370293,37.051373,39.136627,40.668125,40.677628,36.383556,146.842026,54.361782,16.967457,5.510042,0.850380,0.432231,0.167889,0.118337,0.067262,0.050150,0.039407,0.027308,0.023127,0.011256,0.028919,0.049475,0.021814,0.017213,0.011038,0.011536,0.010420
36180,36239,36210,874.777,34.244,748.142,160.543,8.995,0.168,0.061,32.303192,31.886179,32.299191,33.360023,34.260330,35.367493,33.973385,35.177399,34.828602,34.630764,36.126781,38.622604,40.069061,39.451447,35.848637,142.633743,53.271717,16.690676,5.335848,0.734262,0.453621,0.208105,0.133154,0.105803,0.066919,0.055767,0.040085,0.055973,0.027827,0.011001,0.039387,0.021711,0.022528,0.017551,0.005485,0.005521
36240,36299,36270,874.824,34.325,743.611,159.842,8.867,0.166,0.061,31.708660,31.658318,31.553595,32.312878,33.295696,35.027096,33.745827,35.033100,34.928596,34.307915,35.818245,39.078457,39.620159,39.852703,36.171288,141.641418,53.526657,17.006878,5.449140,0.740177,0.454660,0.181451,0.116363,0.095182,0.033516,0.049336,0.043448,0.016390,0.027641,0.027418,0.027242,0.016449,0.016858,0.016708,0.005631,0.005574
36300,36359,36330,874.835,34.107,740.229,158.974,8.929,0.168,0.061,30.677917,32.425102,32.205349,32.818501,33.465633,34.184566,34.159691,35.159882,34.931984,34.977966,35.889069,38.853317,38.518826,40.155647,35.684105,140.063690,51.514076,17.027653,5.335938,0.790650,0.564511,0.228639,0.138864,0.101801,0.050852,0.043038,0.044905,0.078050,0.038464,0.017100,0.016432,0.027436,0.011228,0.011024,0.011266,0.005574
36360,36419,36390,874.840,34.152,747.602,160.360,8.940,0.167,0.062,32.079842,32.254215,32.217670,33.197697,34.803864,34.069546,34.653858,35.091549,35.075691,35.224716,36.363026,38.164082,40.053493,39.272591,35.515564,141.725143,53.395473,16.671766,5.766574,0.797205,0.413800,0.223457,0.166386,0.099751,0.078806,0.037374,0.033010,0.034062,0.022701,0.021439,0.010790,0.027865,0.016675,0.005482,0.005631,0.010858
36420,36479,36450,874.831,34.098,739.176,159.402,9.116,0.171,0.061,31.091871,31.728445,32.246780,33.041420,34.611740,34.129658,33.998573,34.526890,34.442081,34.533394,35.956070,38.385681,39.188141,39.376965,35.162327,139.305740,53.438221,16.219091,5.727594,0.819224,0.487122,0.144722,0.136312,0.105895,0.055521,0.050032,0.022158,0.027714,0.033035,0.060822,0.033678,0.022816,0.011141,0.016598,0.010968,0.027856
36480,36539,36510,874.802,34.202,739.142,158.898,8.995,0.170,0.061,31.864571,30.890604,32.115215,33.357468,34.421196,34.093170,34.018459,34.009228,34.128292,35.364815,36.580204,38.192337,39.623718,39.295841,35.380154,140.041138,51.414051,16.584885,5.680148,0.823336,0.440915,0.244807,0.145815,0.116004,0.044682,0.062209,0.037497,0.022620,0.022169,0.005274,0.039001,0.000000,0.011055,0.015823,0.011475,0.043642
36540,36599,36570,874.796,34.234,737.107,157.357,8.715,0.166,0.060,31.587559,31.595844,31.786375,33.629642,33.933537,34.139969,35.331749,34.609173,33.882839,34.947861,36.136211,37.689510,40.047020,39.399944,34.833939,137.342438,52.451103,16.254444,5.513503,0.802542,0.490667,0.223163,0.163520,0.061660,0.055361,0.011299,0.027776,0.028106,0.022916,0.011221,0.033855,0.010929,0.022931,0.005807,0.010897,0.011130
36600,36659,36630,874.816,34.165,731.921,156.663,8.763,0.168,0.060,31.096329,31.544914,31.549261,33.236195,33.923176,34.628151,33.671074,33.959023,34.599720,34.807842,35.552876,37.853912,38.795780,39.879234,34.291153,136.954559,51.366165,16.640816,5.423564,0.887940,0.505204,0.187965,0.167365,0.111251,0.060685,0.038776,0.027722,0.040322,0.028046,0.016699,0.016141,0.031976,0.000000,0.005727,0.005258,0.016384
36660,36719,36690,874.823,34.207,723.954,154.851,8.662,0.168,0.059,30.268209,31.158361,31.237761,33.807865,33.490082,33.536343,33.530403,33.540897,34.054546,34.053486,35.001335,38.242393,38.747295,38.387634,34.480049,136.747818,50.626434,15.536119,5.523293,0.724438,0.494986,0.178698,0.138156,0.094893,0.093173,0.027792,0.043779,0.027148,0.011363,0.038456,0.044298,0.010911,0.028259,0.010952,0.005308,0.011095
36720,36779,36750,874.826,34.126,730.635,156.067,8.685,0.167,0.060,31.145649,31.693609,31.817228,33.344852,33.889095,33.912151,34.602791,34.644558,33.551235,34.529869,34.948757,37.314251,39.086437,38.588459,34.873562,137.186417,52.313602,15.750750,5.451892,0.730050,0.500923,0.187310,0.147039,0.113080,0.095600,0.051355,0.040066,0.011380,0.011502,0.022420,0.017264,0.022639,0.005467,0.005906,0.022460,0.005539
36780,36839,36810,874.825,34.196,726.217,154.739,8.676,0.168,0.059,31.453615,31.427258,31.529015,33.090294,33.887707,33.984089,34.011566,34.299183,34.134472,34.436340,35.125378,37.955837,38.871803,38.686634,34.298824,134.769272,51.215439,15.595037,5.631127,0.718084,0.375404,0.205482,0.128598,0.079145,0.052104,0.033646,0.040026,0.034421,0.005631,0.034036,0.027727,0.016987,0.028779,0.005631,0.005450,0.023421
36840,36899,36870,874.868,34.273,745.626,159.663,8.969,0.168,0.061,31.993488,31.614582,32.390369,33.603523,33.543423,34.905251,33.392330,34.066277,35.195076,36.271095,35.156513,38.482521,40.226547,39.955418,35.876602,142.934204,52.241760,16.264183,5.637560,0.688973,0.469332,0.166291,0.171817,0.098491,0.055419,0.049662,0.027443,0.016295,0.010922,0.005593,0.022354,0.032054,0.022248,0.005160,0.011515,0.021652
36900,36959,36930,874.870,34.350,740.475,158.138,8.768,0.166,0.060,31.512426,32.792149,31.736107,33.301182,34.541832,33.803860,34.175022,34.510090,35.064930,35.270679,35.864929,38.014175,39.020176,39.717831,34.916325,140.618225,52.412148,15.708711,5.456833,0.871398,0.449667,0.198231,0.124959,0.060761,0.044489,0.045241,0.061789,0.033884,0.033881,0.016535,0.034555,0.005398,0.029117,0.011124,0.011034,0.005765
36960,37019,36990,874.842,34.363,735.352,157.675,8.799,0.167,0.060,30.719778,31.185900,31.898489,32.544296,33.912575,33.462399,34.516323,34.403278,34.161854,34.839905,35.782745,38.111259,39.187111,39.920570,34.847351,139.598999,52.520359,16.323275,5.616099,0.689596,0.414602,0.161063,0.093463,0.118061,0.072604,0.055378,0.027746,0.016972,0.039285,0.033137,0.011246,0.028193,0.015982,0.005464,0.000000,0.016792
37020,37079,37050,874.829,34.339,736.043,157.237,8.814,0.168,0.061,31.603987,32.788002,32.492432,34.264595,33.879726,33.922569,33.792995,34.516472,34.787155,35.020302,35.721989,37.433582,38.720356,39.015141,34.989563,137.272003,51.816761,16.039465,5.984073,0.785871,0.476078,0.220061,0.147542,0.069675,0.034175,0.034588,0.028385,0.016845,0.028757,0.022414,0.044507,0.027884,0.022521,0.005688,0.011299,0.005631
37080,37139,37110,874.813,34.292,729.008,155.765,8.745,0.168,0.060,31.339081,32.065098,32.646637,33.370613,34.582447,33.964214,33.250763,34.538689,34.634426,34.527363,34.664444,37.560287,39.041134,38.740211,34.180099,134.789093,50.735233,16.556526,5.783860,0.827527,0.483793,0.189471,0.122059,0.116940,0.077803,0.021559,0.033551,0.011429,0.032739,0.043455,0.005574,0.016544,0.005556,0.021806,0.005537,0.022102
37140,37199,37170,874.803,34.316,737.115,158.433,9.221,0.174,0.061,31.818636,31.947113,32.537151,33.517803,33.854462,33.352962,34.864098,34.858074,34.588989,34.717587,35.765736,38.094849,38.293419,39.658195,35.853085,138.264938,51.535049,16.004011,5.313925,0.848355,0.433412,0.264235,0.174849,0.101895,0.077235,0.071487,0.043849,0.027704,0.027370,0.026535,0.045395,0.054331,0.039114,0.016845,0.005501,0.016832
37200,37259,37230,874.793,34.399,738.525,157.872,8.799,0.167,0.060,31.550903,32.136227,32.126930,33.740356,33.751213,34.152538,34.127808,34.008953,34.472279,35.682098,36.352276,37.720612,39.054867,39.849770,34.812599,139.668213,51.464287,16.227728,5.699476,0.776830,0.417247,0.231578,0.127339,0.033809,0.067796,0.038583,0.038878,0.039281,0.027134,0.027150,0.049779,0.005291,0.000000,0.016704,0.005869,0.022298
37260,37319,37290,874.800,34.358,748.719,161.451,9.291,0.172,0.062,31.913965,32.897942,32.468990,33.831299,34.374569,34.263897,34.243694,34.514469,35.111412,35.230484,35.676640,38.987701,39.856667,40.323830,35.522423,142.101227,52.682175,16.829500,5.597103,0.987377,0.465705,0.197523,0.172979,0.101958,0.056199,0.023109,0.039017,0.033762,0.028365,0.045166,0.033523,0.039291,0.006053,0.028184,0.016643,0.016739
37320,37379,37350,874.790,34.361,752.106,161.581,9.209,0.171,0.062,31.775349,32.651920,32.816238,33.645554,35.057785,34.529636,34.669827,34.762016,35.441975,35.143066,36.073017,39.133686,38.903687,40.039631,36.321918,143.567703,53.442776,16.408340,5.762916,0.796582,0.459706,0.172686,0.132605,0.062024,0.054605,0.038796,0.016532,0.028480,0.033855,0.011287,0.050653,0.033626,0.016452,0.000000,0.028201,0.022423
