CampaignData_and_Merges/R0/CSL_MobileLab_Parked/raw/20240801/USOS-POPS_MobileLabGround_20240801_R0.ict
78, 1001
Thornberry, T. D.
NOAA Chemical Sciences Laboratory
Portable Optical Particle Spectrometer (POPS)
USOS
1, 1
2024, 08, 01, 2025, 05, 08
60
Time_Start, seconds_past_midnight, Start time of measurement
45
1, 1, 1, 1, 1, 1, 1, 1, 1, 1, 1, 1, 1, 1, 1, 1, 1, 1, 1, 1, 1, 1, 1, 1, 1, 1, 1, 1, 1, 1, 1, 1, 1, 1, 1, 1, 1, 1, 1, 1, 1, 1, 1, 1, 1
-9999, -9999, -9999, -9999, -9999, -9999, -9999, -9999, -9999, -9999, -9999, -9999, -9999, -9999, -9999, -9999, -9999, -9999, -9999, -9999, -9999, -9999, -9999, -9999, -9999, -9999, -9999, -9999, -9999, -9999, -9999, -9999, -9999, -9999, -9999, -9999, -9999, -9999, -9999, -9999, -9999, -9999, -9999, -9999, -9999
Time_Stop, seconds_past_midnight, Stop time of measurement
Time_Mid, seconds_past_midnight, Mid time of measurement
Press_mb, mb, Pressure reported (mb)
Temp_C, degrees C, POPS temperature measurement
Aerosol_concentration, cm^-3, Aerosol concentration
Surface_Area_Conc, um^2 cm^-3, Surface area concentration
Volume_density, um^3 cm^-3, Volume density
Effective_radius, um, Effective radius
Extinction, km^-1, Extinction
Bin01, cm^-3, particle concentration in size range [1401 - 146.3 nm]
Bin02, cm^-3, particle concentration in size range [146.3 - 152.8 nm]
Bin03, cm^-3, particle concentration in size range [152.8 - 159.6 nm]
Bin04, cm^-3, particle concentration in size range [159.6 - 166.8 nm]
Bin05, cm^-3, particle concentration in size range [166.8 - 174.2 nm]
Bin06, cm^-3, particle concentration in size range [174.2 - 181.9 nm]
Bin07, cm^-3, particle concentration in size range [181.9 - 190.0 nm]
Bin08, cm^-3, particle concentration in size range [190.0 - 198.5 nm]
Bin09, cm^-3, particle concentration in size range [198.5 - 207.4 nm]
Bin10, cm^-3, particle concentration in size range [207.4 - 216.6 nm]
Bin11, cm^-3, particle concentration in size range [216.6 - 226.2 nm]
Bin12, cm^-3, particle concentration in size range [226.2 - 236.3 nm]
Bin13, cm^-3, particle concentration in size range [236.3 - 246.8 nm]
Bin14, cm^-3, particle concentration in size range [246.8 - 257.8 nm]
Bin15, cm^-3, particle concentration in size range [257.8 - 269.3 nm]
Bin16, cm^-3, particle concentration in size range [269.3 - 343.4 nm]
Bin17, cm^-3, particle concentration in size range [343.4 - 450.7 nm]
Bin18, cm^-3, particle concentration in size range [450.7 - 525.9 nm]
Bin19, cm^-3, particle concentration in size range [525.9 - 618.5 nm]
Bin20, cm^-3, particle concentration in size range [618.5 - 710.0 nm]
Bin21, cm^-3, particle concentration in size range [710.0 - 822.7 nm]
Bin22, cm^-3, particle concentration in size range [822.7 - 885.9 nm]
Bin23, cm^-3, particle concentration in size range [885.9 - 953.9 nm]
Bin24, cm^-3, particle concentration in size range [953.9 - 1027.2 nm]
Bin25, cm^-3, particle concentration in size range [1027.2 - 1106.1 nm]
Bin26, cm^-3, particle concentration in size range [1106.1 - 1191.0 nm]
Bin27, cm^-3, particle concentration in size range [1191.0 - 1282.5 nm]
Bin28, cm^-3, particle concentration in size range [1282.5 - 1381.0 nm]
Bin29, cm^-3, particle concentration in size range [1381.0 - 1487.1 nm]
Bin30, cm^-3, particle concentration in size range [1487.1 - 1601.3 nm]
Bin31, cm^-3, particle concentration in size range [1601.3 - 1724.3 nm]
[...]
PLATFORM: NOAA CSL Mobile Lab
LOCATION: USOS
ASSOCIATED_DATA: N/A
INSTRUMENT_INFO: Printed Optical Particle Spectrometer counts particles from 140 - 2500 nm in diameter 
DATA_INFO: Particle concentrations reported in number per cubic centimeter,1 Hz data
UNCERTAINTY: Counting uncertainty dominated by air flow, less than 5 percent. Measurement range is ~0 - 3000 per cm3 (varies depending on flow rate- manufacturer quotes 1250 per cm3 at 1.667 cc/s)
ULOD_FLAG: -7777
ULOD_VALUE: N/A
LLOD_FLAG: -8888
LLOD_VALUE: N/A
DM_CONTACT_INFO: Troy Thornberry, 325 Broadway R/CSL6, Boulder, CO 80305; troy.thornberry@noaa.gov; 303-497-3373
PROJECT_INFO: USOS, Utah POPS data from NOAA CSL Mobile Lab
STIPULATIONS_ON_USE: Please contact the PIs for questions regarding applications and uncertainties
OTHER_COMMENTS: POPS bin Edges (nm):  140.1, 146.3, 152.8, 159.6, 166.8, 174.2, 181.9, 190.0, 198.5, 207.4, 216.6, 226.2, 236.3, 246.8, 257.8, 269.3, 343.4, 450.7, 525.9, 618.5, 710.0, 822.7, 885.9, 953.9, 1027.2, 1106.1, 1191.0, 1282.5, 1381.0, 1487.1, 1601.3, 1724.3, 1856.7, 1999.3, 2152.8, 2318.2, 2496.2
Calculations assume organic aerosol refractive index of 1.52+0.00j and extinction wavelength = 532 nm
REVISION: R0
R0: Final data
Time_Start, Time_Stop, Time_Mid, Press_mb, Temp_C, Aerosol_concentration, Surface_Area_Conc, Volume_density, Effective_radius, Extinction, Bin01, Bin02, Bin03, Bin04, Bin05, Bin06, Bin07, Bin08, Bin09, Bin10, Bin11, Bin12, Bin13, Bin14, Bin15, Bin16, Bin17, Bin18, Bin19, Bin20, Bin21, Bin22, Bin23, Bin24, Bin25, Bin26, Bin27, Bin28, Bin29, Bin30, Bin31, Bin32, Bin33, Bin34, Bin35, Bin36
[from data line 429]
25740,25799,25770,874.511,34.256,909.856,197.560,11.088,0.168,0.076,34.662731,36.174259,36.067406,39.078884,40.322018,41.341148,41.829052,41.741413,42.688087,43.773903,44.953571,47.080971,48.310570,50.596531,45.339706,180.775604,66.973022,19.563013,6.162322,0.987190,0.562860,0.149440,0.167254,0.115972,0.082024,0.079083,0.055845,0.021440,0.038701,0.011038,0.060301,0.033971,0.023383,0.011149,0.000000,0.021704
25800,25859,25830,874.524,34.291,911.082,197.477,10.982,0.167,0.075,35.148247,35.411976,36.645737,38.567326,41.213810,41.813831,41.167500,41.646168,42.689644,43.409058,43.687138,48.067261,49.449032,50.937908,44.536484,182.869980,65.748840,19.086922,6.629364,0.860764,0.553759,0.264245,0.125752,0.178086,0.084981,0.061688,0.021747,0.055403,0.027584,0.023166,0.021650,0.016685,0.016658,0.010893,0.005308,0.027720
25860,25919,25890,874.531,34.179,910.842,197.820,11.232,0.170,0.076,34.848320,35.587616,37.164852,39.467911,40.548855,41.935440,41.498722,41.715302,42.807400,43.368790,45.355854,47.805096,49.316822,49.868183,44.459171,180.095673,66.513077,19.317430,6.825044,0.952255,0.543147,0.185292,0.138699,0.125208,0.050278,0.034173,0.045464,0.055602,0.027949,0.027919,0.033702,0.044588,0.022622,0.011169,0.021968,0.022434
25920,25979,25950,874.547,34.120,926.773,200.962,11.146,0.166,0.077,34.946678,36.983395,38.266602,39.676338,41.927841,42.227589,41.394634,42.059555,43.090309,43.714867,44.994904,48.383705,51.241440,51.272141,45.054031,184.301544,68.642906,19.679476,6.579742,0.879994,0.565254,0.298681,0.133921,0.107080,0.085438,0.044111,0.056015,0.041677,0.011098,0.023336,0.005807,0.005241,0.011503,0.016357,0.017120,0.033019
25980,26039,26010,874.547,34.049,918.715,199.958,11.367,0.170,0.077,34.933670,36.216774,37.230808,39.127731,41.183731,41.853088,41.100986,42.675373,42.962658,44.184349,45.008488,47.902214,49.648327,51.285789,45.553219,181.545959,67.405304,20.138884,6.403038,0.809550,0.521745,0.273460,0.147509,0.120734,0.114174,0.050703,0.040819,0.040226,0.045819,0.022442,0.040415,0.046512,0.046285,0.011368,0.000000,0.022980
26040,26099,26070,874.545,34.095,918.475,199.469,11.051,0.166,0.076,34.822491,36.426586,37.215065,39.481377,41.240120,40.362160,40.854855,42.562378,42.143040,42.745964,44.099457,49.078957,50.349167,50.823009,46.008286,183.453949,68.447601,19.606020,6.598436,0.800080,0.555224,0.230924,0.141929,0.057023,0.071423,0.055073,0.038329,0.022612,0.039079,0.033308,0.033388,0.021975,0.033423,0.000000,0.005952,0.016381
26100,26159,26130,874.553,34.164,927.282,201.852,11.381,0.169,0.077,34.990299,35.986485,37.320824,39.485245,41.466488,41.655521,41.561012,42.875748,42.931408,43.534943,45.955338,49.715855,50.298737,51.330608,46.432190,184.160767,68.994705,20.174980,6.027896,0.842514,0.574673,0.279425,0.149397,0.123097,0.077142,0.050845,0.027931,0.044283,0.033262,0.027883,0.050923,0.022992,0.016686,0.016053,0.011055,0.034657
26160,26219,26190,874.563,34.152,908.012,198.458,11.158,0.169,0.077,34.476421,36.310280,36.188362,38.799351,39.795673,40.260979,40.802429,42.439240,42.060307,42.581036,43.721512,47.807812,49.926548,50.823776,44.916840,180.754913,67.034950,19.995693,6.775436,1.088632,0.461325,0.245606,0.167480,0.092861,0.085156,0.091223,0.077775,0.029057,0.044233,0.033730,0.039892,0.033423,0.028192,0.005415,0.010831,0.005398
26220,26279,26250,874.573,34.155,914.861,198.513,10.981,0.166,0.076,35.231575,35.905258,36.836014,38.767963,41.795910,41.407425,41.538242,41.892899,43.167191,42.897877,44.318268,47.941780,49.984467,51.354988,44.502785,180.444397,67.885880,20.428196,6.341236,0.900737,0.493848,0.248224,0.117676,0.099699,0.076722,0.044199,0.028266,0.039194,0.045612,0.022655,0.034339,0.005952,0.016914,0.016765,0.000000,0.027317
26280,26339,26310,874.572,34.081,910.533,198.832,11.241,0.169,0.077,34.540817,36.737568,36.575550,38.725948,40.878963,39.957325,41.755306,41.726917,42.454239,43.066875,44.585354,47.528053,49.204273,50.075245,45.053204,180.870789,68.046043,19.689693,6.643265,0.823073,0.617164,0.221955,0.169322,0.132585,0.088111,0.055182,0.065629,0.027533,0.028012,0.039062,0.061576,0.027555,0.005464,0.022563,0.016354,0.016418
26340,26399,26370,874.553,34.046,917.914,199.170,11.037,0.166,0.076,33.976418,35.793316,36.571175,39.557991,41.363979,41.330677,41.305092,42.729107,42.348457,43.298077,45.260738,48.570366,50.370415,51.297806,45.098000,183.208038,66.714188,20.192600,6.629091,0.964557,0.543327,0.250611,0.113024,0.123141,0.027971,0.062333,0.016373,0.033214,0.039419,0.016442,0.027433,0.034328,0.017220,0.005594,0.017453,0.005785
26400,26459,26430,874.571,34.134,923.927,200.754,11.283,0.168,0.077,35.247055,36.639389,37.246666,39.227451,40.009136,41.687279,41.468063,42.340214,43.337227,43.076385,46.191578,49.284767,50.858624,51.301502,45.984100,183.537628,67.341652,20.283804,6.607445,0.872903,0.498084,0.232360,0.107902,0.137376,0.039726,0.097086,0.039313,0.033586,0.010935,0.033159,0.056231,0.051251,0.023167,0.005824,0.005824,0.011791
26460,26519,26490,874.583,34.290,915.466,199.386,11.041,0.166,0.077,34.196362,35.534447,36.630894,38.761044,40.267960,41.041256,41.055660,42.369186,42.377941,44.206123,44.895275,48.321800,50.053421,49.976131,46.151398,182.533173,67.423592,20.428137,7.056599,0.889547,0.508290,0.256025,0.084261,0.139650,0.051486,0.050842,0.033232,0.033427,0.021746,0.010963,0.034314,0.027690,0.016228,0.005376,0.005767,0.016451
26520,26579,26550,874.593,34.218,914.860,199.258,11.081,0.167,0.076,33.962486,35.417896,37.145023,38.271488,40.263672,40.734760,41.852135,42.525539,42.724426,43.255230,44.521847,48.889938,49.822914,49.727032,47.079895,182.294922,67.391258,20.185999,6.434724,0.849520,0.611486,0.227700,0.161486,0.111414,0.090083,0.049995,0.061014,0.039311,0.034052,0.033318,0.016753,0.016735,0.016644,0.005394,0.010825,0.022675
26580,26639,26610,874.573,34.205,910.229,198.350,11.134,0.168,0.076,34.317093,35.252838,36.507450,38.805599,39.571503,40.313267,40.756771,42.472549,41.273376,42.797047,44.142563,48.338310,49.951969,50.605824,45.999302,183.262039,67.383141,19.723597,6.497079,0.952041,0.565256,0.218658,0.146123,0.051316,0.055776,0.033624,0.038099,0.028371,0.028241,0.010883,0.016950,0.038624,0.017271,0.016600,0.005824,0.034242
26640,26699,26670,874.575,34.187,910.380,198.627,10.948,0.165,0.076,34.455330,35.055016,36.427021,38.610336,40.654343,40.751385,41.528004,41.512913,42.381027,43.045410,44.562500,47.476887,49.937279,49.670586,44.669044,181.829239,68.729767,20.113514,6.759950,0.756149,0.506929,0.253648,0.163804,0.107298,0.090653,0.068775,0.067533,0.061717,0.045184,0.021803,0.022145,0.017379,0.016408,0.005557,0.000000,0.005539
26700,26759,26730,874.586,34.246,913.872,197.672,10.897,0.165,0.075,34.296135,35.873070,37.252193,39.184227,40.396446,41.685501,41.465553,41.538380,43.061417,43.113991,45.319294,48.135448,50.593498,50.532135,44.836388,181.140854,67.382042,19.570248,6.287037,0.911303,0.487923,0.238190,0.110824,0.072244,0.089152,0.044607,0.037844,0.033602,0.039373,0.055188,0.038376,0.027645,0.005669,0.000000,0.005612,0.010747
26760,26819,26790,874.612,34.273,915.516,199.442,10.989,0.165,0.077,34.416515,35.313866,35.830299,37.582542,40.436352,40.962418,42.214268,42.148151,43.176361,43.154476,45.972511,48.110054,50.970043,50.320217,44.847221,182.446808,68.558578,20.015505,6.818519,0.903995,0.464868,0.283803,0.130725,0.114271,0.079295,0.050645,0.017104,0.022978,0.040084,0.022552,0.028786,0.011288,0.017303,0.011209,0.011132,0.011497
26820,26879,26850,874.629,34.278,918.035,199.952,11.115,0.166,0.077,34.689930,35.772072,36.814186,39.153919,40.513710,40.800858,40.759068,41.742855,42.585995,44.109467,44.269287,48.073753,50.099186,51.921982,45.959309,183.496826,68.367348,20.068621,6.595199,0.879714,0.583128,0.259719,0.094898,0.094434,0.050071,0.039230,0.044321,0.027545,0.033190,0.045177,0.011210,0.016669,0.017037,0.005447,0.006219,0.033717
26880,26939,26910,874.647,34.324,916.273,199.796,11.175,0.168,0.077,34.618397,35.705109,36.725628,38.335598,40.589146,41.251431,42.157162,42.428818,42.190048,43.388538,45.517632,47.671295,50.060944,50.531967,45.611336,182.545746,67.851135,19.970089,6.716398,0.932329,0.517090,0.266053,0.200929,0.078492,0.077131,0.055268,0.027292,0.050918,0.044342,0.027931,0.061091,0.028111,0.010896,0.000000,0.016976,0.011378
26940,26999,26970,874.659,34.217,917.431,200.138,11.100,0.166,0.077,34.867924,35.380009,35.978661,38.981842,40.045109,40.873726,41.811584,42.971165,41.771450,43.867081,45.121700,48.544888,50.358067,51.472042,45.772148,181.557205,69.057930,20.232220,6.349087,1.008076,0.473512,0.244625,0.197809,0.110781,0.066431,0.044430,0.049526,0.027081,0.027735,0.060217,0.043877,0.005593,0.022419,0.017669,0.005747,0.011283
27000,27059,27030,874.644,34.194,914.042,198.064,10.879,0.165,0.076,33.583145,35.579712,37.144398,39.519478,41.376030,40.626896,41.346447,41.974319,43.562984,44.520180,44.635708,47.143650,50.241177,50.124550,45.200573,181.265472,67.286224,20.255753,6.561109,0.713804,0.603352,0.224984,0.138171,0.120868,0.057625,0.046112,0.017043,0.028497,0.011451,0.028566,0.041047,0.017073,0.022559,0.011178,0.000000,0.011457
27060,27119,27090,874.651,34.367,912.662,199.780,11.279,0.169,0.077,34.389572,35.240227,36.291325,39.031940,40.067402,41.186668,41.644302,42.002762,42.861885,43.159451,44.382248,47.784889,50.461418,49.979752,45.535885,181.582474,67.268143,20.388329,6.942656,0.938763,0.522043,0.255195,0.217459,0.115778,0.060708,0.045008,0.034175,0.057598,0.027769,0.038597,0.050956,0.028620,0.017108,0.034023,0.011195,0.005631
27120,27179,27150,874.683,34.444,920.519,200.847,11.256,0.168,0.077,33.782398,35.784000,36.867878,38.642715,40.756268,40.784355,41.724224,42.430298,44.357647,43.941761,45.689636,48.627937,50.621002,50.459164,45.715828,183.348190,68.221405,19.841894,6.490036,0.896598,0.525752,0.227785,0.178983,0.112028,0.099930,0.072882,0.061598,0.061996,0.049491,0.005537,0.050153,0.011207,0.028353,0.022242,0.022539,0.005631
27180,27239,27210,874.693,34.441,917.084,200.081,11.176,0.167,0.077,34.479931,35.930698,36.951683,38.726761,40.832554,41.099117,41.701241,42.122295,42.929863,44.175514,44.269531,48.192375,50.678673,49.817165,45.961281,181.791458,67.597595,20.535444,6.897174,1.014719,0.541258,0.186114,0.119908,0.130690,0.113681,0.063331,0.034319,0.017049,0.017319,0.023086,0.056986,0.011629,0.017077,0.000000,0.023196,0.022865
27240,27299,27270,874.707,34.401,917.722,200.707,11.422,0.171,0.077,34.594868,35.396908,36.464352,39.586628,40.178761,41.248119,41.973877,41.434891,42.680683,43.453114,45.106979,47.860531,50.102005,51.304855,45.390968,183.775620,67.618210,20.727036,6.540690,0.860271,0.490110,0.268391,0.142517,0.081948,0.075844,0.056040,0.033723,0.050952,0.044906,0.027758,0.039389,0.038390,0.010805,0.000000,0.028156,0.033583
27300,27359,27330,874.714,34.222,913.210,198.916,11.170,0.168,0.076,33.952202,35.554184,37.553089,38.991272,40.554878,41.467827,41.949661,42.086456,42.100918,43.117615,45.301556,48.775875,49.943150,49.439243,44.654217,181.017502,67.903862,20.177294,6.322425,0.858708,0.557284,0.304464,0.152563,0.099767,0.049691,0.011041,0.055958,0.027643,0.038035,0.060229,0.038096,0.015843,0.038020,0.005537,0.005787,0.028054
27360,27419,27390,874.696,34.301,912.835,198.945,11.204,0.169,0.076,34.331955,35.036961,37.063938,39.348774,40.473228,41.177975,41.496250,41.875397,42.652737,44.231655,44.254303,48.082291,49.932899,50.797485,44.803967,181.198029,67.124039,20.109465,6.458895,0.935819,0.504224,0.261035,0.157668,0.072360,0.099223,0.044550,0.027132,0.055174,0.027718,0.032830,0.078658,0.022041,0.022308,0.016577,0.010983,0.016486
27420,27479,27450,874.727,34.439,917.490,199.911,11.080,0.166,0.077,34.522511,36.367786,36.482281,39.281296,40.513523,40.921249,40.772465,43.348759,42.861717,43.968868,43.828907,47.901424,48.876720,51.309525,46.205502,182.562531,67.876503,20.966331,6.622660,0.916093,0.544833,0.250197,0.137847,0.101023,0.111698,0.039317,0.044375,0.028294,0.005574,0.033309,0.011131,0.021850,0.010633,0.010876,0.021473,0.011262
27480,27539,27510,874.735,34.386,911.271,198.190,10.966,0.166,0.076,34.113930,35.123016,36.196510,38.507282,40.577866,40.609203,41.167858,42.460037,41.825298,43.530521,44.380966,48.422920,50.491295,51.157684,45.870789,180.715363,67.423325,19.822081,6.594377,0.866360,0.526225,0.208140,0.209147,0.152235,0.043877,0.067556,0.033396,0.017666,0.039308,0.011518,0.034295,0.021853,0.021769,0.011051,0.006075,0.011066
27540,27599,27570,874.727,34.278,904.165,197.205,11.109,0.169,0.076,34.604252,35.604622,36.670456,38.743473,39.847187,41.323257,40.268433,41.869736,41.720703,43.331207,43.444805,47.755123,49.328262,49.263798,45.309376,179.920547,66.623833,19.509979,6.669017,0.861671,0.492638,0.283915,0.151952,0.107856,0.095114,0.072928,0.050397,0.033840,0.055510,0.022808,0.021702,0.005398,0.045282,0.010978,0.016753,0.027976
27600,27659,27630,874.727,34.261,904.824,197.615,11.064,0.168,0.076,33.844086,35.289352,36.798382,38.775978,39.573437,40.468342,40.524231,41.790535,42.796043,43.335171,43.535789,47.773243,48.887760,49.621578,45.718681,180.250031,66.369461,20.411907,6.618684,0.889000,0.617645,0.308029,0.150397,0.071755,0.076621,0.060691,0.060341,0.027761,0.026893,0.055159,0.037482,0.015596,0.000000,0.005612,0.000000,0.038394
27660,27719,27690,874.725,34.199,917.527,200.162,11.321,0.169,0.077,33.893406,36.444443,36.922642,39.659607,40.773514,41.285954,41.578400,40.869598,44.362259,42.900314,45.202766,47.411274,50.135376,50.564217,45.348282,182.461899,68.432526,20.314335,6.709634,0.831769,0.554160,0.233536,0.131687,0.119310,0.079407,0.068268,0.028863,0.040072,0.017136,0.011408,0.022220,0.045584,0.028689,0.005450,0.000000,0.039201
27720,27779,27750,874.725,34.333,916.416,199.342,11.150,0.167,0.076,34.803558,36.755173,37.574093,38.871727,40.020126,41.271854,41.108467,41.814842,42.526783,43.254795,46.311188,47.746304,49.822720,50.607742,44.334671,183.504089,67.607796,19.503090,6.534547,0.938899,0.540177,0.309914,0.137322,0.091056,0.096082,0.075149,0.022324,0.027168,0.061488,0.022458,0.039701,0.023294,0.012043,0.022513,0.000000,0.022759
27780,27839,27810,874.735,34.409,914.761,199.808,11.359,0.170,0.077,34.372765,35.421612,36.993324,39.026310,41.101433,40.970547,40.791294,42.484577,42.400955,44.267036,43.808262,48.411942,49.974068,50.384956,45.019081,183.267105,67.199791,20.138437,6.268993,0.890164,0.546344,0.263091,0.138339,0.094815,0.095278,0.088427,0.067490,0.050396,0.028358,0.022134,0.067419,0.033400,0.016862,0.022969,0.016498,0.016818
27840,27899,27870,874.733,34.320,915.855,199.373,11.112,0.167,0.077,35.121742,36.630970,36.607899,38.989792,40.926750,40.797401,41.391918,42.651432,42.230492,43.026402,45.171288,48.989536,49.342010,50.406029,45.084133,181.467377,67.424393,20.680943,6.563784,0.898098,0.520895,0.250992,0.159383,0.134228,0.099862,0.065551,0.027703,0.042910,0.017089,0.028239,0.033624,0.016309,0.016904,0.000000,0.011323,0.027388
27900,27959,27930,874.737,34.317,903.010,196.835,11.067,0.168,0.076,33.891254,36.194088,35.895794,39.276402,39.795078,40.826736,40.442284,41.557961,40.943459,42.900478,44.221889,47.183819,49.754341,50.227390,44.969368,180.086899,65.995552,19.944883,6.473011,0.836313,0.623557,0.293889,0.133131,0.155831,0.066436,0.060459,0.049946,0.021538,0.027833,0.039724,0.037785,0.032897,0.017168,0.000000,0.005910,0.026908
27960,28019,27990,874.726,34.359,904.656,198.102,11.145,0.168,0.077,33.931599,35.499386,36.702599,36.775650,39.409039,41.182816,40.886528,41.465763,41.872593,42.580700,44.549469,47.233120,49.353683,49.939835,45.198437,181.869003,66.797081,20.337589,6.659305,0.850539,0.669392,0.239817,0.131068,0.110296,0.089488,0.056125,0.044122,0.033134,0.028042,0.032651,0.044717,0.027439,0.011056,0.005631,0.021858,0.016856
