CampaignData_and_Merges/R0/CSL_MobileLab_Parked/raw/20240801/USOS-O3_MobileLabGround_20240801_R0.ict
34, 1001
Carrie Womack
NOAA Chemical Sciences Laboratory
2B Tech O3 UV Analyzer
USOS
1, 1
2024, 08, 01, 2024, 12, 21
60
Time_Start, seconds_past_midnight, Seconds from midnight UTC
1
1
-9999
O3_ppb, ppb, Ozone from 2B Tech UV Analyzer
1
SPECIAL COMMENTS:
18
PI_CONTACT_INFO: Address: 325 Broadway R/CSL7, Boulder, CO, 80305
PLATFORM: CSL Mobile Lab
LOCATION: Salt Lake City, UT
ASSOCIATED_DATA: N/A
INSTRUMENT_INFO: N/A
DATA_INFO: Units:
UNCERTAINTY: N/A
ULOD_FLAG: -7777
ULOD_VALUE: N/A
LLOD_FLAG: -8888
LLOD_VALUE: N/A
DM_CONTACT_INFO: Data Manager: Nate Howard
PROJECT_INFO: 
STIPULATIONS_ON_USE: Use of these data require prior ok from PI.
OTHER_COMMENTS: N/A
REVISION: R0
R0: Final data. RA: Preliminary Data.  For in-field use only.
Time_Start, O3_ppb
0.0,70.9
60.0,69.2
120.0,69.5
180.0,69.3
240.0,69.2
300.0,70.0
360.0,69.2
420.0,69.8
480.0,70.0
540.0,69.3
600.0,69.5
660.0,69.5
720.0,69.9
780.0,71.4
840.0,71.5
900.0,69.3
960.0,68.3
1020.0,67.6
1080.0,68.1
1140.0,68.7
1200.0,68.2
1260.0,68.1
1320.0,66.6
1380.0,66.8
1440.0,68.2
1500.0,67.9
1560.0,68.2
1620.0,69.2
1680.0,67.6
1740.0,68.3
1800.0,68.6
1860.0,66.7
1920.0,67.8
1980.0,68.7
2040.0,68.2
2100.0,69.0
2160.0,67.8
2220.0,67.1
2280.0,68.9
2340.0,67.3
2400.0,66.9
2460.0,67.5
2520.0,67.5
2580.0,67.9
2640.0,66.7
2700.0,66.5
2760.0,66.4
2820.0,64.8
2880.0,65.8
2940.0,66.1
3000.0,65.6
3060.0,67.5
3120.0,67.7
3180.0,65.9
3240.0,65.7
3300.0,65.3
3360.0,65.8
3420.0,66.8
3480.0,66.3
3540.0,65.0
3600.0,65.7
3660.0,66.2
3720.0,67.4
3780.0,69.3
3840.0,69.0
3900.0,66.9
3960.0,67.5
4020.0,67.3
4080.0,64.6
4140.0,65.7
4200.0,64.9
4260.0,65.6
4320.0,64.7
4380.0,66.3
4440.0,67.6
4500.0,67.4
4560.0,65.7
4620.0,64.7
4680.0,67.3
4740.0,67.4
4800.0,67.1
4860.0,65.4
4920.0,66.4
4980.0,67.7
5040.0,67.0
5100.0,66.8
5160.0,66.8
5220.0,65.8
5280.0,65.5
5340.0,65.4
5400.0,64.9
5460.0,64.6
5520.0,64.6
5580.0,65.4
5640.0,65.7
5700.0,65.1
5760.0,64.7
5820.0,64.4
5880.0,63.5
5940.0,61.6
6000.0,62.3
6060.0,61.5
6120.0,60.2
6180.0,59.5
6240.0,61.0
6300.0,63.9
6360.0,63.7
6420.0,64.2
6480.0,63.4
6540.0,62.8
6600.0,62.3
6660.0,62.8
6720.0,63.7
6780.0,63.7
6840.0,63.8
6900.0,62.8
6960.0,62.5
7020.0,64.0
7080.0,63.3
7140.0,63.4
7200.0,62.7
7260.0,62.7
7320.0,62.3
7380.0,62.6
7440.0,61.8
7500.0,59.9
7560.0,61.7
7620.0,61.3
7680.0,62.3
7740.0,61.3
7800.0,60.3
7860.0,62.1
7920.0,62.1
7980.0,60.7
8040.0,60.1
8100.0,60.8
8160.0,60.9
8220.0,61.0
8280.0,61.1
8340.0,60.6
8400.0,59.3
8460.0,55.7
8520.0,57.3
8580.0,57.6
8640.0,58.3
8700.0,58.1
8760.0,57.3
8820.0,57.3
8880.0,57.3
8940.0,57.0
9000.0,56.2
9060.0,55.1
9120.0,54.6
9180.0,53.6
9240.0,54.0
9300.0,53.9
9360.0,54.7
9420.0,54.9
9480.0,54.3
9540.0,53.2
9600.0,52.8
9660.0,52.1
9720.0,51.1
9780.0,50.9
9840.0,51.3
9900.0,50.0
9960.0,51.7
10020.0,52.8
10080.0,54.4
10140.0,53.9
10200.0,52.8
10260.0,52.4
10320.0,51.3
10380.0,50.3
10440.0,52.4
10500.0,51.0
10560.0,49.8
10620.0,49.7
10680.0,49.6
10740.0,50.9
10800.0,51.0
10860.0,50.4
10920.0,51.4
10980.0,51.4
11040.0,52.2
11100.0,52.0
11160.0,53.3
11220.0,51.2
11280.0,52.2
11340.0,52.0
11400.0,51.5
11460.0,51.5
11520.0,50.8
11580.0,51.2
11640.0,50.9
11700.0,49.9
11760.0,50.5
11820.0,50.9
11880.0,51.6
11940.0,50.9
12000.0,51.2
12060.0,51.0
12120.0,50.7
12180.0,51.5
12240.0,51.0
12300.0,51.1
12360.0,51.0
12420.0,50.5
12480.0,51.9
12540.0,51.5
12600.0,51.4
12660.0,51.2
12720.0,50.8
12780.0,45.8
12840.0,46.2
12900.0,47.6
12960.0,50.0
13020.0,49.6
13080.0,48.1
13140.0,50.3
13200.0,49.1
13260.0,52.1
13320.0,52.4
13380.0,52.4
13440.0,51.4
13500.0,50.3
13560.0,50.7
13620.0,49.8
13680.0,51.6
13740.0,51.7
13800.0,52.7
13860.0,51.5
13920.0,49.4
13980.0,49.5
14040.0,48.5
14100.0,49.4
14160.0,52.5
14220.0,49.5
14280.0,50.7
14340.0,52.2
14400.0,50.2
14460.0,50.9
14520.0,49.6
14580.0,51.5
14640.0,51.7
14700.0,50.8
14760.0,51.2
14820.0,52.1
14880.0,51.4
14940.0,52.4
15000.0,51.6
15060.0,51.7
15120.0,50.8
15180.0,51.3
15240.0,51.6
15300.0,50.2
15360.0,49.5
15420.0,51.3
15480.0,49.8
15540.0,49.9
15600.0,48.9
15660.0,49.4
15720.0,49.9
15780.0,49.9
15840.0,49.3
15900.0,48.6
15960.0,48.6
16020.0,46.9
16080.0,51.3
16140.0,49.6
16200.0,50.0
16260.0,46.6
16320.0,43.2
16380.0,46.6
16440.0,50.8
16500.0,50.2
16560.0,48.7
16620.0,48.5
16680.0,44.5
16740.0,53.3
16800.0,51.7
16860.0,51.4
16920.0,51.0
16980.0,49.7
17040.0,47.5
17100.0,45.4
17160.0,46.1
17220.0,47.2
17280.0,48.9
17340.0,51.5
17400.0,52.8
17460.0,52.3
17520.0,50.9
17580.0,50.4
17640.0,52.5
17700.0,50.8
17760.0,51.4
17820.0,50.3
17880.0,49.8
17940.0,49.4
18000.0,50.8
18060.0,51.0
18120.0,51.7
18180.0,52.2
18240.0,50.5
18300.0,51.3
18360.0,52.0
18420.0,51.3
18480.0,51.9
18540.0,50.8
18600.0,49.4
18660.0,50.5
18720.0,53.2
18780.0,53.3
18840.0,54.1
18900.0,53.1
18960.0,53.1
19020.0,54.6
19080.0,54.0
19140.0,52.5
19200.0,53.3
19260.0,54.0
19320.0,54.1
19380.0,52.9
19440.0,53.5
19500.0,52.5
19560.0,52.6
19620.0,52.7
19680.0,53.5
19740.0,52.5
19800.0,52.3
19860.0,52.3
19920.0,52.9
19980.0,51.0
20040.0,50.2
20100.0,51.2
20160.0,51.9
20220.0,53.2
20280.0,55.4
20340.0,54.3
20400.0,53.8
20460.0,54.5
20520.0,54.1
20580.0,54.1
20640.0,54.1
20700.0,54.2
20760.0,53.4
20820.0,50.8
20880.0,52.8
20940.0,51.3
21000.0,50.5
21060.0,49.2
21120.0,49.8
21180.0,48.8
21240.0,50.0
21300.0,50.3
21360.0,49.4
21420.0,48.5
21480.0,49.2
21540.0,47.6
21600.0,47.9
21660.0,47.2
21720.0,47.8
21780.0,47.1
21840.0,45.8
21900.0,44.9
21960.0,45.5
22020.0,45.6
22080.0,44.8
22140.0,45.2
22200.0,45.5
22260.0,45.7
22320.0,46.2
22380.0,40.2
22440.0,44.8
22500.0,44.9
22560.0,43.2
22620.0,40.8
22680.0,41.5
22740.0,40.6
22800.0,39.5
22860.0,38.2
22920.0,40.0
22980.0,45.0
23040.0,40.8
23100.0,41.3
23160.0,42.3
23220.0,45.3
23280.0,46.8
23340.0,47.3
23400.0,51.2
23460.0,48.0
23520.0,47.6
23580.0,48.1
23640.0,46.6
23700.0,46.3
23760.0,44.0
23820.0,41.6
23880.0,44.5
23940.0,43.3
24000.0,44.8
24060.0,44.5
24120.0,47.3
24180.0,46.4
24240.0,48.4
24300.0,50.5
24360.0,49.9
24420.0,48.8
24480.0,50.5
24540.0,50.7
24600.0,51.1
24660.0,51.2
24720.0,51.2
24780.0,52.5
24840.0,52.6
24900.0,54.3
24960.0,53.6
25020.0,54.9
25080.0,54.7
25140.0,54.1
25200.0,54.0
25260.0,53.7
25320.0,54.1
25380.0,55.1
25440.0,56.0
25500.0,55.4
25560.0,54.5
25620.0,55.4
25680.0,55.0
25740.0,54.7
25800.0,55.3
25860.0,55.7
25920.0,56.1
25980.0,56.3
26040.0,56.8
26100.0,56.9
26160.0,58.0
26220.0,57.6
26280.0,57.6
26340.0,57.5
26400.0,57.9
26460.0,56.0
26520.0,57.1
26580.0,56.7
26640.0,57.0
26700.0,55.7
26760.0,56.6
26820.0,56.5
26880.0,55.7
26940.0,55.8
27000.0,56.6
27060.0,55.6
27120.0,54.7
27180.0,54.0
27240.0,53.8
27300.0,54.4
27360.0,52.3
27420.0,53.6
27480.0,53.7
27540.0,55.3
27600.0,54.1
27660.0,53.1
27720.0,53.0
27780.0,52.0
27840.0,51.3
27900.0,52.1
27960.0,54.5
28020.0,55.4
28080.0,55.4
28140.0,54.0
28200.0,55.0
28260.0,53.3
28320.0,51.9
28380.0,49.9
28440.0,51.5
28500.0,51.4
28560.0,53.1
28620.0,51.8
28680.0,52.5
28740.0,52.3
28800.0,51.6
28860.0,48.6
28920.0,50.5
28980.0,47.2
29040.0,47.9
29100.0,48.8
29160.0,49.5
29220.0,50.0
29280.0,49.8
29340.0,50.8
29400.0,49.2
29460.0,49.4
29520.0,48.5
29580.0,50.8
29640.0,50.2
29700.0,49.4
29760.0,49.8
29820.0,49.6
29880.0,46.9
29940.0,49.5
30000.0,47.9
30060.0,46.7
30120.0,50.4
30180.0,52.8
30240.0,47.2
30300.0,51.6
30360.0,52.1
30420.0,53.3
30480.0,52.0
30540.0,55.5
30600.0,55.1
30660.0,55.1
30720.0,55.0
30780.0,55.7
30840.0,54.0
30900.0,52.2
30960.0,53.6
31020.0,54.0
31080.0,55.0
31140.0,56.4
31200.0,57.6
31260.0,57.9
31320.0,57.1
31380.0,58.8
31440.0,58.2
31500.0,58.7
31560.0,58.4
31620.0,58.5
31680.0,57.5
31740.0,57.2
31800.0,57.8
31860.0,58.1
31920.0,57.1
31980.0,58.2
32040.0,57.5
32100.0,56.8
32160.0,57.0
32220.0,57.4
32280.0,57.9
32340.0,56.6
32400.0,56.3
32460.0,56.9
32520.0,57.2
32580.0,57.2
32640.0,56.7
32700.0,55.7
32760.0,56.7
32820.0,56.7
32880.0,55.8
32940.0,55.8
33000.0,56.6
33060.0,56.9
33120.0,55.2
33180.0,55.8
33240.0,55.7
33300.0,55.6
33360.0,55.6
33420.0,56.8
33480.0,57.2
33540.0,56.6
33600.0,57.0
33660.0,56.3
33720.0,56.8
33780.0,55.4
33840.0,57.2
33900.0,57.0
33960.0,55.6
34020.0,55.6
34080.0,55.8
34140.0,50.7
34200.0,50.8
34260.0,52.0
34320.0,50.5
34380.0,52.8
34440.0,50.7
34500.0,50.2
34560.0,48.7
34620.0,51.7
34680.0,52.1
34740.0,48.9
34800.0,50.9
34860.0,52.5
34920.0,53.0
34980.0,52.8
35040.0,53.4
35100.0,50.5
35160.0,50.6
35220.0,51.4
35280.0,51.5
35340.0,52.8
35400.0,50.5
35460.0,49.9
35520.0,48.0
35580.0,52.1
35640.0,48.5
35700.0,53.7
35760.0,50.1
35820.0,48.2
35880.0,49.1
35940.0,50.8
36000.0,49.9
36060.0,53.9
36120.0,55.7
36180.0,54.5
36240.0,54.8
36300.0,56.2
36360.0,55.0
36420.0,54.9
36480.0,54.9
36540.0,55.3
36600.0,55.4
36660.0,55.3
36720.0,55.1
36780.0,53.3
36840.0,54.7
36900.0,54.1
36960.0,54.3
37020.0,54.6
37080.0,54.0
37140.0,53.6
37200.0,51.9
37260.0,48.8
37320.0,52.7
37380.0,52.8
37440.0,51.7
37500.0,54.9
37560.0,52.9
37620.0,53.6
37680.0,54.2
37740.0,54.0
37800.0,54.6
37860.0,52.2
37920.0,53.5
37980.0,54.4
38040.0,54.6
38100.0,53.2
38160.0,54.7
38220.0,55.1
38280.0,55.0
38340.0,55.0
38400.0,54.0
38460.0,55.2
38520.0,55.4
38580.0,55.9
38640.0,53.9
38700.0,52.3
38760.0,53.2
38820.0,53.2
38880.0,51.4
38940.0,49.1
39000.0,50.4
39060.0,50.7
39120.0,47.4
39180.0,48.4
39240.0,47.8
39300.0,44.0
39360.0,47.3
39420.0,48.4
39480.0,47.2
39540.0,47.8
39600.0,48.0
39660.0,46.5
39720.0,44.9
39780.0,45.8
39840.0,43.7
39900.0,43.2
39960.0,42.0
40020.0,41.1
40080.0,43.3
40140.0,40.8
40200.0,39.0
40260.0,38.4
40320.0,39.1
40380.0,37.3
40440.0,37.6
40500.0,36.1
40560.0,36.7
40620.0,36.0
40680.0,35.2
40740.0,34.5
40800.0,34.3
40860.0,34.1
40920.0,28.8
40980.0,28.8
41040.0,25.3
41100.0,29.6
41160.0,29.0
41220.0,27.2
41280.0,26.2
41340.0,27.9
41400.0,25.9
41460.0,27.2
41520.0,27.5
41580.0,27.2
41640.0,28.4
41700.0,27.4
41760.0,26.5
41820.0,26.5
41880.0,27.9
41940.0,27.0
42000.0,24.7
42060.0,25.1
42120.0,24.7
42180.0,26.0
42240.0,25.0
42300.0,24.4
42360.0,23.4
42420.0,22.5
42480.0,18.8
42540.0,23.1
42600.0,23.9
42660.0,23.1
42720.0,22.9
42780.0,20.8
42840.0,19.2
42900.0,15.0
42960.0,10.8
43020.0,14.2
43080.0,13.9
43140.0,14.4
43200.0,10.8
43260.0,10.8
43320.0,17.0
43380.0,12.6
43440.0,12.2
43500.0,11.4
43560.0,12.3
43620.0,18.4
43680.0,22.2
43740.0,24.8
43800.0,21.6
43860.0,22.2
43920.0,23.6
43980.0,20.5
44040.0,21.1
44100.0,18.0
44160.0,19.0
44220.0,18.3
44280.0,19.0
44340.0,19.4
44400.0,18.6
44460.0,18.8
44520.0,18.8
44580.0,17.9
44640.0,17.0
44700.0,17.0
44760.0,17.4
44820.0,16.8
44880.0,17.6
44940.0,15.4
45000.0,13.5
45060.0,11.3
45120.0,10.6
45180.0,9.9
45240.0,9.8
45300.0,10.9
45360.0,10.4
45420.0,10.9
45480.0,12.1
45540.0,10.6
45600.0,10.8
45660.0,11.9
45720.0,11.5
45780.0,13.8
45840.0,13.1
45900.0,13.8
45960.0,13.2
46020.0,12.8
46080.0,13.5
46140.0,13.4
46200.0,13.6
46260.0,12.8
46320.0,13.3
46380.0,15.7
46440.0,17.8
46500.0,16.2
46560.0,16.2
46620.0,13.2
46680.0,11.3
46740.0,12.1
46800.0,14.1
46860.0,18.2
46920.0,17.5
46980.0,17.3
47040.0,17.3
47100.0,16.7
47160.0,18.7
47220.0,19.9
47280.0,16.8
47340.0,17.8
47400.0,17.4
47460.0,16.5
47520.0,15.1
47580.0,13.5
47640.0,12.3
47700.0,12.7
47760.0,13.6
47820.0,13.6
47880.0,13.1
47940.0,14.8
48000.0,15.7
48060.0,16.4
48120.0,13.9
48180.0,13.7
48240.0,14.8
48300.0,15.4
48360.0,16.3
48420.0,16.4
48480.0,16.8
48540.0,13.9
48600.0,15.6
48660.0,14.6
48720.0,16.4
48780.0,15.9
48840.0,14.5
48900.0,13.1
48960.0,13.1
49020.0,13.7
49080.0,15.9
49140.0,16.7
49200.0,18.0
49260.0,16.2
49320.0,16.2
49380.0,16.3
49440.0,16.6
49500.0,16.0
49560.0,15.0
49620.0,16.1
49680.0,15.7
49740.0,15.9
49800.0,14.5
49860.0,15.6
49920.0,17.5
49980.0,17.8
50040.0,17.4
50100.0,18.1
50160.0,19.3
50220.0,21.3
50280.0,20.5
50340.0,19.5
50400.0,21.1
50460.0,21.0
50520.0,19.7
50580.0,19.3
50640.0,20.3
50700.0,19.1
50760.0,19.4
50820.0,24.6
50880.0,24.4
50940.0,27.2
51000.0,22.8
51060.0,22.5
51120.0,25.6
51180.0,26.0
51240.0,25.3
51300.0,24.7
51360.0,24.8
51420.0,25.4
51480.0,24.8
51540.0,23.9
51600.0,24.5
51660.0,24.0
51720.0,23.6
51780.0,24.0
51840.0,23.2
51900.0,25.3
51960.0,25.9
52020.0,26.9
52080.0,25.6
52140.0,26.1
52200.0,25.5
52260.0,25.9
52320.0,26.6
52380.0,27.0
52440.0,30.1
52500.0,30.6
52560.0,30.0
52620.0,30.0
52680.0,30.0
52740.0,30.6
52800.0,30.0
52860.0,29.3
52920.0,29.7
52980.0,29.3
53040.0,29.4
53100.0,29.1
53160.0,28.8
53220.0,29.2
53280.0,30.9
53340.0,29.9
53400.0,30.5
53460.0,31.1
53520.0,31.0
53580.0,33.5
53640.0,33.8
53700.0,34.4
53760.0,34.3
53820.0,33.2
53880.0,31.7
53940.0,33.8
54000.0,36.2
54060.0,36.5
54120.0,36.7
54180.0,36.8
54240.0,38.0
54300.0,36.3
54360.0,35.9
54420.0,35.9
54480.0,36.7
54540.0,36.7
54600.0,37.2
54660.0,37.1
54720.0,38.7
54780.0,37.7
54840.0,37.0
54900.0,36.2
54960.0,31.8
55020.0,30.0
55080.0,35.9
55140.0,33.8
55200.0,37.0
55260.0,31.2
55320.0,33.6
55380.0,39.4
55440.0,38.6
55500.0,41.5
55560.0,41.1
55620.0,41.5
55680.0,39.6
55740.0,41.9
55800.0,42.0
55860.0,43.2
55920.0,43.3
55980.0,42.2
56040.0,42.5
56100.0,45.1
56160.0,43.8
56220.0,43.3
56280.0,44.2
56340.0,43.7
56400.0,43.7
56460.0,44.3
56520.0,43.6
56580.0,43.2
56640.0,44.7
56700.0,43.9
56760.0,44.8
56820.0,45.7
56880.0,44.2
56940.0,46.3
57000.0,46.9
57060.0,46.6
57120.0,46.4
57180.0,46.3
57240.0,46.1
57300.0,45.7
57360.0,46.6
57420.0,47.7
57480.0,47.5
57540.0,48.9
57600.0,46.7
57660.0,47.7
57720.0,49.1
57780.0,48.7
57840.0,47.7
57900.0,47.6
57960.0,49.5
58020.0,49.0
58080.0,49.1
58140.0,49.8
58200.0,50.0
58260.0,49.8
58320.0,50.0
58380.0,50.1
58440.0,50.7
58500.0,52.6
58560.0,53.0
58620.0,52.1
58680.0,51.5
58740.0,52.4
58800.0,51.1
58860.0,52.0
58920.0,54.7
58980.0,54.3
59040.0,52.1
59100.0,51.4
59160.0,51.8
59220.0,50.9
59280.0,50.3
59340.0,49.8
59400.0,50.1
59460.0,50.8
59520.0,51.1
59580.0,51.5
59640.0,52.2
59700.0,52.8
59760.0,52.5
59820.0,54.2
59880.0,53.6
59940.0,53.6
60000.0,54.1
60060.0,55.3
60120.0,55.4
60180.0,55.7
60240.0,56.1
60300.0,55.6
60360.0,56.3
60420.0,57.8
60480.0,58.8
60540.0,57.3
60600.0,56.1
60660.0,57.3
60720.0,55.8
60780.0,55.6
60840.0,56.7
60900.0,57.0
60960.0,59.5
61020.0,58.7
61080.0,58.9
61140.0,59.8
61200.0,59.4
61260.0,59.3
61320.0,59.2
61380.0,59.8
61440.0,58.8
61500.0,58.7
61560.0,59.6
61620.0,58.9
61680.0,58.3
61740.0,59.4
61800.0,59.2
61860.0,60.6
61920.0,60.5
61980.0,59.2
62040.0,59.4
62100.0,62.3
62160.0,63.0
62220.0,62.7
62280.0,64.0
62340.0,63.1
62400.0,64.6
62460.0,64.6
62520.0,64.8
62580.0,67.6
62640.0,67.7
62700.0,68.9
62760.0,68.9
62820.0,67.9
62880.0,68.1
62940.0,67.4
63000.0,66.8
63060.0,68.1
63120.0,67.0
63180.0,65.0
63240.0,64.5
63300.0,65.6
63360.0,67.8
63420.0,66.6
63480.0,67.1
63540.0,68.1
63600.0,64.9
63660.0,-9999.0
63720.0,-9999.0
63780.0,-9999.0
63840.0,-9999.0
63900.0,-9999.0
63960.0,-9999.0
64020.0,-9999.0
64080.0,-9999.0
64140.0,-9999.0
64200.0,-9999.0
64260.0,-9999.0
64320.0,-9999.0
64380.0,-9999.0
64440.0,-9999.0
64500.0,-9999.0
64560.0,-9999.0
64620.0,73.1
64680.0,73.7
64740.0,-9999.0
64800.0,-9999.0
64860.0,-9999.0
64920.0,-9999.0
64980.0,-9999.0
65040.0,-9999.0
65100.0,-9999.0
65160.0,-9999.0
65220.0,-9999.0
65280.0,-9999.0
65340.0,-9999.0
65400.0,-9999.0
65460.0,-9999.0
65520.0,-9999.0
65580.0,-9999.0
65640.0,-9999.0
65700.0,-9999.0
65760.0,-9999.0
65820.0,-9999.0
65880.0,-9999.0
65940.0,-9999.0
66000.0,-9999.0
66060.0,-9999.0
66120.0,-9999.0
66180.0,-9999.0
66240.0,-9999.0
66300.0,-9999.0
66360.0,-9999.0
66420.0,-9999.0
66480.0,-9999.0
66540.0,-9999.0
66600.0,-9999.0
66660.0,-9999.0
66720.0,-9999.0
66780.0,-9999.0
66840.0,-9999.0
66900.0,-9999.0
66960.0,-9999.0
67020.0,-9999.0
67080.0,-9999.0
67140.0,-9999.0
67200.0,-9999.0
67260.0,-9999.0
67320.0,-9999.0
67380.0,-9999.0
67440.0,-9999.0
67500.0,-9999.0
67560.0,-9999.0
67620.0,-9999.0
67680.0,-9999.0
67740.0,-9999.0
67800.0,-9999.0
67860.0,-9999.0
67920.0,-9999.0
67980.0,-9999.0
68040.0,-9999.0
68100.0,-9999.0
68160.0,-9999.0
68220.0,-9999.0
68280.0,-9999.0
68340.0,-9999.0
68400.0,-9999.0
68460.0,-9999.0
68520.0,-9999.0
68580.0,-9999.0
68640.0,-9999.0
68700.0,-9999.0
68760.0,-9999.0
68820.0,-9999.0
68880.0,-9999.0
68940.0,-9999.0
69000.0,-9999.0
69060.0,-9999.0
69120.0,-9999.0
69180.0,-9999.0
69240.0,-9999.0
69300.0,-9999.0
69360.0,-9999.0
69420.0,-9999.0
69480.0,-9999.0
69540.0,-9999.0
69600.0,-9999.0
69660.0,-9999.0
69720.0,-9999.0
69780.0,-9999.0
69840.0,-9999.0
69900.0,-9999.0
69960.0,-9999.0
70020.0,-9999.0
70080.0,-9999.0
70140.0,-9999.0
70200.0,-9999.0
70260.0,-9999.0
70320.0,-9999.0
70380.0,-9999.0
70440.0,-9999.0
70500.0,-9999.0
70560.0,-9999.0
70620.0,-9999.0
70680.0,-9999.0
70740.0,-9999.0
70800.0,-9999.0
70860.0,-9999.0
70920.0,-9999.0
70980.0,-9999.0
71040.0,-9999.0
71100.0,-9999.0
71160.0,-9999.0
71220.0,-9999.0
71280.0,-9999.0
71340.0,-9999.0
71400.0,-9999.0
71460.0,-9999.0
71520.0,-9999.0
71580.0,-9999.0
71640.0,-9999.0
71700.0,-9999.0
71760.0,-9999.0
71820.0,-9999.0
71880.0,-9999.0
71940.0,-9999.0
72000.0,-9999.0
72060.0,-9999.0
72120.0,-9999.0
72180.0,-9999.0
72240.0,-9999.0
72300.0,-9999.0
72360.0,-9999.0
72420.0,-9999.0
72480.0,-9999.0
72540.0,-9999.0
72600.0,-9999.0
72660.0,-9999.0
72720.0,-9999.0
72780.0,-9999.0
72840.0,-9999.0
72900.0,-9999.0
72960.0,-9999.0
73020.0,-9999.0
73080.0,-9999.0
73140.0,-9999.0
73200.0,-9999.0
73260.0,-9999.0
73320.0,-9999.0
73380.0,-9999.0
73440.0,-9999.0
73500.0,-9999.0
73560.0,-9999.0
73620.0,-9999.0
73680.0,-9999.0
73740.0,-9999.0
73800.0,-9999.0
73860.0,-9999.0
73920.0,-9999.0
73980.0,-9999.0
74040.0,-9999.0
74100.0,-9999.0
74160.0,-9999.0
74220.0,-9999.0
74280.0,-9999.0
74340.0,-9999.0
74400.0,-9999.0
74460.0,-9999.0
74520.0,-9999.0
74580.0,-9999.0
74640.0,-9999.0
74700.0,-9999.0
74760.0,-9999.0
74820.0,-9999.0
74880.0,-9999.0
74940.0,-9999.0
75000.0,-9999.0
75060.0,-9999.0
75120.0,-9999.0
75180.0,-9999.0
75240.0,-9999.0
75300.0,-9999.0
75360.0,-9999.0
75420.0,-9999.0
75480.0,-9999.0
75540.0,-9999.0
75600.0,-9999.0
75660.0,-9999.0
75720.0,-9999.0
75780.0,-9999.0
75840.0,-9999.0
75900.0,-9999.0
75960.0,-9999.0
76020.0,-9999.0
76080.0,-9999.0
76140.0,-9999.0
76200.0,-9999.0
76260.0,-9999.0
76320.0,-9999.0
76380.0,-9999.0
76440.0,-9999.0
76500.0,-9999.0
76560.0,-9999.0
76620.0,-9999.0
76680.0,-9999.0
76740.0,-9999.0
76800.0,-9999.0
76860.0,-9999.0
76920.0,-9999.0
76980.0,-9999.0
77040.0,-9999.0
77100.0,-9999.0
77160.0,-9999.0
77220.0,-9999.0
77280.0,-9999.0
77340.0,-9999.0
77400.0,-9999.0
77460.0,-9999.0
77520.0,-9999.0
77580.0,-9999.0
77640.0,-9999.0
77700.0,-9999.0
77760.0,-9999.0
77820.0,-9999.0
77880.0,-9999.0
77940.0,-9999.0
78000.0,-9999.0
78060.0,-9999.0
78120.0,-9999.0
78180.0,-9999.0
78240.0,-9999.0
78300.0,-9999.0
78360.0,-9999.0
78420.0,-9999.0
78480.0,-9999.0
78540.0,-9999.0
78600.0,-9999.0
78660.0,-9999.0
78720.0,-9999.0
78780.0,-9999.0
78840.0,-9999.0
78900.0,-9999.0
78960.0,-9999.0
79020.0,-9999.0
79080.0,-9999.0
79140.0,-9999.0
79200.0,-9999.0
79260.0,-9999.0
79320.0,-9999.0
79380.0,-9999.0
79440.0,-9999.0
79500.0,-9999.0
79560.0,-9999.0
79620.0,-9999.0
79680.0,-9999.0
79740.0,-9999.0
79800.0,-9999.0
79860.0,-9999.0
79920.0,-9999.0
79980.0,-9999.0
80040.0,-9999.0
80100.0,-9999.0
80160.0,-9999.0
80220.0,-9999.0
80280.0,-9999.0
80340.0,-9999.0
80400.0,-9999.0
80460.0,-9999.0
80520.0,-9999.0
80580.0,-9999.0
80640.0,-9999.0
80700.0,-9999.0
80760.0,-9999.0
80820.0,-9999.0
80880.0,-9999.0
80940.0,-9999.0
81000.0,-9999.0
81060.0,-9999.0
81120.0,-9999.0
81180.0,-9999.0
81240.0,-9999.0
81300.0,-9999.0
81360.0,-9999.0
81420.0,-9999.0
81480.0,-9999.0
81540.0,-9999.0
81600.0,-9999.0
81660.0,-9999.0
81720.0,-9999.0
81780.0,-9999.0
81840.0,-9999.0
81900.0,-9999.0
81960.0,-9999.0
82020.0,-9999.0
82080.0,-9999.0
82140.0,-9999.0
82200.0,-9999.0
82260.0,-9999.0
82320.0,-9999.0
82380.0,-9999.0
82440.0,-9999.0
82500.0,-9999.0
82560.0,-9999.0
82620.0,-9999.0
82680.0,-9999.0
82740.0,-9999.0
82800.0,-9999.0
82860.0,-9999.0
82920.0,-9999.0
82980.0,-9999.0
83040.0,-9999.0
83100.0,-9999.0
83160.0,-9999.0
83220.0,-9999.0
83280.0,-9999.0
83340.0,-9999.0
83400.0,-9999.0
83460.0,-9999.0
83520.0,-9999.0
83580.0,-9999.0
83640.0,-9999.0
83700.0,-9999.0
83760.0,-9999.0
83820.0,-9999.0
83880.0,-9999.0
83940.0,-9999.0
84000.0,-9999.0
84060.0,-9999.0
84120.0,-9999.0
84180.0,-9999.0
84240.0,-9999.0
84300.0,-9999.0
84360.0,-9999.0
84420.0,-9999.0
84480.0,-9999.0
84540.0,-9999.0
84600.0,-9999.0
84660.0,-9999.0
84720.0,-9999.0
84780.0,-9999.0
84840.0,-9999.0
84900.0,-9999.0
84960.0,-9999.0
85020.0,-9999.0
85080.0,-9999.0
85140.0,-9999.0
85200.0,-9999.0
85260.0,-9999.0
85320.0,-9999.0
85380.0,-9999.0
85440.0,-9999.0
85500.0,-9999.0
85560.0,-9999.0
85620.0,-9999.0
85680.0,-9999.0
85740.0,-9999.0
85800.0,-9999.0
85860.0,-9999.0
85920.0,-9999.0
85980.0,-9999.0
86040.0,-9999.0
86100.0,-9999.0
86160.0,-9999.0
86220.0,-9999.0
86280.0,-9999.0
86340.0,-9999.0
