CampaignData_and_Merges/R0/CSL_MobileLab_Parked/raw/20240801/USOS-NOy-LIF_MobileLabGround_20240801_R0.ict
39,1001
Rollins, A.; Waxman, E.; Zuraski, K.; Chace, W.
NOAA Chemical Sciences Laboratory
LIF NO/NOx/NOy on CSL Mobile Lab
AMMBEC / USOS
1, 1
2024,08,01, 2025,01,04
1
Time_Start, seconds, number_of_seconds_since_0000_UTC
7
1, 1, 1, 1, 1, 1, 1
-9999, -9999, -9999, -9999, -9999, -9999, -9999
Time_Stop, seconds, number_of_seconds_since_0000_UTC
NO_LIF, pptv, Gas_NO_InSitu_S_AVMR, volume mixing ratio of nitric oxide in air
NO2_LIF, pptv, Gas_NO2_InSitu_S_AVMR, volume mixing ratio of nitrogen dioxide in air
NOy_LIF, pptv, Gas_NOy_InSitu_S_AVMR, volume mixing ratio of total oxidized nitrogen in air
NO_LIF_1SigmaAccuracy, pptv, Gas_NO_InSitu_S_AVMR, volume mixing ratio of nitric oxide in air
NO2_LIF_1SigmaAccuracy, pptv, Gas_NO2_InSitu_S_AVMR, volume mixing ratio of nitrogen dioxide in air
NOy_LIF_1SigmaAccuracy, pptv, Gas_NOy_InSitu_S_AVMR, volume mixing ratio of total oxidized nitrogen in air
0
18
PI_CONTACT_INFO: andrew.rollins@noaa.gov
PLATFORM: CSL Mobile Lab
LOCATION: Salt Lake City, UT
ASSOCIATED_DATA:
INSTRUMENT_INFO: NO detection by laser induced fluorescence. NO2 detection by photolytic conversion to NO. NOy detection by catalytic conversion to NO on gold surface
DATA_INFO:
UNCERTAINTY: Included 1 Sigma Accuracy waves represent the combined calibration uncertainties (±6%, ±9%, ±10%) and zero uncertainties (3 ppt, 20 ppt, 100 ppt) for NO, NO2, and NOy, respectively.
ULOD_FLAG: -7777
ULOD_VALUE: N/A
LLOD_FLAG: -8888
LLOD_VALUE: N/A
DM_CONTACT_INFO: andrew.rollins@noaa.gov
PROJECT_INFO: USOS Project, July - August 2024
STIPULATIONS_ON_USE: Users are strongly encouraged to contact the PI for proper data usage.
OTHER_COMMENTS:
REVISION: R0
R0: final data
Time_Start, Time_Stop, NO_LIF, NO2_LIF, NOy_LIF, NO_LIF_1SigmaAccuracy, NO2_LIF_1SigmaAccuracy, NOy_LIF_1SigmaAccuracy
       0,      60,278.11,2076.9,3837.5,19.687, 206.92, 483.75
      60,     120,259.74,1994.1,3750.8,18.585, 199.46, 475.08
     120,     180,766.4,2828.6,4651.8,48.984, 274.57, 565.18
     180,     240,401.74,2619,4792.3,27.104, 255.71, 579.23
     240,     300,294.74,2179.2,4049,20.684, 216.12, 504.9
     300,     360,285.44,2220.9,3982.9,20.126, 219.89, 498.29
     360,     420,306.28,2273.5,4039.3,21.377, 224.61, 503.93
     420,     480,433.65,2528,4578.6,29.019, 247.52, 557.86
     480,     540,240.93,1884,3841.9,17.456, 189.56, 484.19
     540,     600,232.07,1862.9,3497.2,16.924, 187.66, 449.72
     600,     660,209.28,1623.7,3292.2,15.557, 166.13, 429.22
     660,     720,179.58,1437.1,3007.5,13.775, 149.34, 400.75
     720,     780,138.11,1064.6,2542.2,11.287, 115.82, 354.22
     780,     840,191.94,1419.7,2834.8,14.517, 147.77, 383.48
     840,     900,223.6,1635.2,3283.1,16.416, 167.17, 428.31
     900,     960,216.61,1796.9,3288,15.996, 181.72, 428.8
     960,    1020,321.25,2473.6,4019.6,22.275, 242.62, 501.96
    1020,    1080,346.5,2762.5,4381.8,23.79, 268.62, 538.18
    1080,    1140,327.58,2510.8,4213,22.655, 245.97, 521.3
    1140,    1200,244.74,2016,3578.8,17.685, 201.44, 457.88
    1200,    1260,225.75,1762.8,3320.5,16.545, 178.66, 432.05
    1260,    1320,228.58,1953.6,3508.7,16.715, 195.82, 450.87
    1320,    1380,227.62,2027.3,3668.2,16.657, 202.45, 466.82
    1380,    1440,221.92,1798,3412.1,16.315, 181.82, 441.21
    1440,    1500,209.47,1677.4,3204.2,15.568, 170.97, 420.42
    1500,    1560,201.71,1771.9,3279,15.103, 179.47, 427.9
    1560,    1620,236.85,1964.4,3567.1,17.211, 196.8, 456.71
    1620,    1680,244.5,2058.8,3647.3,17.67, 205.29, 464.73
    1680,    1740,238.52,2234.7,3770.1,17.311, 221.12, 477.01
    1740,    1800,233.94,2230.3,3760.8,17.036, 220.73, 476.08
    1800,    1860,266.63,2510.3,3978.2,18.998, 245.93, 497.82
    1860,    1920,332.51,2939.3,4491.5,22.95, 284.54, 549.15
    1920,    1980,429.77,3504,5163.2,28.786, 335.36, 616.32
    1980,    2040,309.4,2797.3,4600.5,21.564, 271.76, 560.05
    2040,    2100,314.06,2828.9,4560.5,21.844, 274.6, 556.05
    2100,    2160,297.51,2815,4503.1,20.851, 273.35, 550.31
    2160,    2220,286.15,2744.7,4360.9,20.169, 267.02, 536.09
    2220,    2280,274.89,2558.7,4190.1,19.494, 250.28, 519.01
    2280,    2340,245.76,2283.5,3924.1,17.745, 225.52, 492.41
    2340,    2400,231.93,2281.9,3825.5,16.916, 225.37, 482.55
    2400,    2460,240.03,2315.6,3861.6,17.402, 228.41, 486.16
    2460,    2520,246.68,2211,3689.7,17.801, 218.99, 468.97
    2520,    2580,227.05,2036.7,3486.8,16.623, 203.3, 448.68
    2580,    2640,207.93,1928.7,3334.3,15.476, 193.58, 433.43
    2640,    2700,226.57,2170.8,3541.2,16.594, 215.37, 454.12
    2700,    2760,244.54,2350.9,3763.9,17.672, 231.58, 476.39
    2760,    2820,466,3125.7,4815,30.96, 301.31, 581.5
    2820,    2880,525.7,3709.1,5352.4,34.542, 353.82, 635.24
    2880,    2940,650.34,3936.7,6471.1,42.02, 374.3, 747.11
    2940,    3000,342.28,3356.1,5205.5,23.537, 322.05, 620.55
    3000,    3060,485.16,3932.1,5160.3,32.11, 373.89, 616.03
    3060,    3120,307.81,3003.7,4661.2,21.469, 290.33, 566.12
    3120,    3180,304.68,2951.4,4631,21.281, 285.63, 563.1
    3180,    3240,291.52,3088.8,4637.8,20.491, 298, 563.78
    3240,    3300,377.72,3455.6,5319.8,25.663, 331.01, 631.98
    3300,    3360,286.59,2984.5,4646.7,20.196, 288.6, 564.67
    3360,    3420,262.08,2965.9,4579.1,18.725, 286.93, 557.91
    3420,    3480,206.14,2469,4023.6,15.369, 242.21, 502.36
    3480,    3540,381.38,3337.7,4642.1,25.883, 320.39, 564.21
    3540,    3600,363.91,3763.1,5579.6,24.835, 358.68, 657.96
    3600,    3660,411.66,3854.6,5899.2,27.7, 366.91, 689.92
    3660,    3720,333.04,3544.4,4616.7,22.983, 339, 561.67
    3720,    3780,353.82,2900.3,5925.1,24.229, 281.03, 692.51
    3780,    3840,-9999,-9999,-9999,-9999, -9999, -9999
    3840,    3900,-9999,-9999,-9999,-9999, -9999, -9999
    3900,    3960,-9999,-9999,-9999,-9999, -9999, -9999
    3960,    4020,-9999,-9999,-9999,-9999, -9999, -9999
    4020,    4080,-9999,-9999,-9999,-9999, -9999, -9999
    4080,    4140,-9999,-9999,-9999,-9999, -9999, -9999
    4140,    4200,-9999,-9999,-9999,-9999, -9999, -9999
    4200,    4260,224.41,3102.5,4853.2,16.465, 299.23, 585.32
    4260,    4320,224.34,3005,4798,16.461, 290.45, 579.8
    4320,    4380,236.7,3225.9,4952,17.202, 310.33, 595.2
    4380,    4440,188.05,2757,4721.7,14.283, 268.13, 572.17
    4440,    4500,159.89,2367.8,3870.6,12.593, 233.1, 487.06
    4500,    4560,172.62,2584,4002.7,13.357, 252.56, 500.27
    4560,    4620,176.21,2810.8,4259.5,13.573, 272.98, 525.95
    4620,    4680,224.39,3215.2,4746.2,16.464, 309.37, 574.62
    4680,    4740,178.38,2624.2,4412.7,13.703, 256.18, 541.27
    4740,    4800,140.41,2253.2,3806,11.425, 222.78, 480.6
    4800,    4860,137.09,2299.2,3610.7,11.225, 226.93, 461.07
    4860,    4920,156.13,2551.9,3914.7,12.368, 249.67, 491.47
    4920,    4980,151.87,2533.1,4015.7,12.112, 247.98, 501.57
    4980,    5040,133.69,2283.8,3715.5,11.022, 225.54, 471.55
    5040,    5100,118.83,2218.9,3544.2,10.13, 219.7, 454.42
    5100,    5160,138.73,2403.3,3880.6,11.324, 236.3, 488.06
    5160,    5220,110.45,2116,3554.6,9.6271, 210.44, 455.46
    5220,    5280,128.93,2407.8,3669.6,10.736, 236.7, 466.96
    5280,    5340,130.24,2485.5,3729.3,10.814, 243.69, 472.93
    5340,    5400,117.97,2481.2,3801.4,10.078, 243.31, 480.14
    5400,    5460,146.42,2922.1,4217.2,11.785, 282.98, 521.72
    5460,    5520,174.79,3145.7,4393.9,13.487, 303.12, 539.39
    5520,    5580,161.95,3068.1,4445.4,12.717, 296.13, 544.54
    5580,    5640,107.47,2647.3,4072.4,9.4483, 258.26, 507.24
    5640,    5700,111.86,2549.8,3865.7,9.7114, 249.48, 486.57
    5700,    5760,135.75,2843.1,4212.4,11.145, 275.88, 521.24
    5760,    5820,141.16,2972.5,4280,11.469, 287.52, 528
    5820,    5880,147.41,3194.8,4633.3,11.844, 307.53, 563.33
    5880,    5940,150.41,3178.6,4425.8,12.025, 306.07, 542.58
    5940,    6000,142.09,3429.2,4632.8,11.526, 328.63, 563.28
    6000,    6060,137.94,3258.2,4611.1,11.277, 313.24, 561.11
    6060,    6120,123.22,2983.6,4311.5,10.393, 288.53, 531.15
    6120,    6180,145.93,3878.4,5126.3,11.756, 369.06, 612.63
    6180,    6240,134.13,3422,4614,11.048, 327.98, 561.4
    6240,    6300,138.87,3501.2,5006.1,11.332, 335.11, 600.61
    6300,    6360,115.44,3087.1,4404.7,9.9265, 297.84, 540.47
    6360,    6420,139.63,3460.7,4882.7,11.378, 331.46, 588.27
    6420,    6480,133.94,3306.5,4875.6,11.036, 317.59, 587.56
    6480,    6540,116.28,3071,4554.8,9.9766, 296.39, 555.48
    6540,    6600,128.39,3341.9,4840.2,10.703, 320.77, 584.02
    6600,    6660,128.44,3535.5,4990.9,10.706, 338.19, 599.09
    6660,    6720,120.78,3280.2,4663.9,10.247, 315.22, 566.39
    6720,    6780,92.544,2934.7,4713.9,8.5526, 284.13, 571.39
    6780,    6840,84.062,2641.6,4361.1,8.0437, 257.74, 536.11
    6840,    6900,75.867,2499.7,3792.9,7.552, 244.97, 479.29
    6900,    6960,177.25,3427.3,5508.7,13.635, 328.46, 650.87
    6960,    7020,169.95,4170.4,5650.5,13.197, 395.34, 665.05
    7020,    7080,86.666,2974.5,4942,8.2, 287.7, 594.2
    7080,    7140,92.04,2930.1,4168.2,8.5224, 283.71, 516.82
    7140,    7200,87.666,3100.8,4300.3,8.26, 299.07, 530.03
    7200,    7260,82.835,3091.2,4164.9,7.9701, 298.21, 516.49
    7260,    7320,89.245,3152.7,4378.6,8.3547, 303.74, 537.86
    7320,    7380,806.36,4648.8,5528.8,51.382, 438.39, 652.88
    7380,    7440,464.59,4170,5418.1,30.875, 395.3, 641.81
    7440,    7500,280.13,4268.1,5879.5,19.808, 404.13, 687.95
    7500,    7560,229.22,5072.3,6788.8,16.753, 476.5, 778.88
    7560,    7620,90.282,4277.1,6096.4,8.4169, 404.94, 709.64
    7620,    7680,83.485,4093.9,5302.3,8.0091, 388.45, 630.23
    7680,    7740,75.749,4128.9,5295.4,7.5449, 391.61, 629.54
    7740,    7800,76.549,4026.8,5190.7,7.5929, 382.41, 619.07
    7800,    7860,71.657,3909.1,5183.8,7.2994, 371.82, 618.38
    7860,    7920,57.664,3490.4,4936,6.4598, 334.14, 593.6
    7920,    7980,74.715,3823.9,4942.3,7.4829, 364.15, 594.23
    7980,    8040,61.169,3803.6,5014.4,6.6701, 362.33, 601.44
    8040,    8100,66.842,3977,5010.5,7.0105, 377.93, 601.05
    8100,    8160,63.02,3840.2,5264.7,6.7812, 365.61, 626.47
    8160,    8220,59.167,3840.4,5013.1,6.55, 365.63, 601.31
    8220,    8280,49.204,3701,4960,5.9522, 353.09, 596
    8280,    8340,54.378,3855.2,4942.3,6.2627, 366.97, 594.23
    8340,    8400,55.542,4161.3,5096.6,6.3325, 394.52, 609.66
    8400,    8460,81.81,5463.1,5611.5,7.9086, 511.68, 661.15
    8460,    8520,127.41,7710.9,8321.9,10.645, 713.98, 932.19
    8520,    8580,92.674,6548,8742.6,8.5605, 609.32, 974.26
    8580,    8640,77.004,6603.6,7964.7,7.6202, 614.33, 896.47
    8640,    8700,60.346,5341.5,7117.6,6.6208, 500.74, 811.76
    8700,    8760,58.067,5347.6,6902.4,6.484, 501.28, 790.24
    8760,    8820,79.024,6354.2,7115.7,7.7414, 591.88, 811.57
    8820,    8880,57.988,5557.9,7382.9,6.4793, 520.21, 838.29
    8880,    8940,53.735,5656.1,6993.9,6.2241, 529.05, 799.39
    8940,    9000,49.039,5489.5,6762.6,5.9423, 514.06, 776.26
    9000,    9060,88.941,6135.1,7217.8,8.3365, 572.16, 821.78
    9060,    9120,58.001,6124.4,7076.8,6.4801, 571.2, 807.68
    9120,    9180,77.477,7254.3,8537.5,7.6486, 672.89, 953.75
    9180,    9240,63.972,7707.5,8962,6.8383, 713.67, 996.2
    9240,    9300,69.906,7867.2,8999.7,7.1943, 728.05, 999.97
    9300,    9360,61.345,7726,9188.7,6.6807, 715.34, 1018.9
    9360,    9420,40.576,6154.3,9021.7,5.4345, 573.89, 1002.2
    9420,    9480,31.549,5750.9,7988.2,4.8929, 537.58, 898.82
    9480,    9540,47.579,5717.7,7468.9,5.8547, 534.6, 846.89
    9540,    9600,142.35,6756.7,8791.1,11.541, 628.11, 979.11
    9600,    9660,113.44,7088.7,9483.8,9.8063, 657.99, 1048.4
    9660,    9720,90.396,7529.8,9592.9,8.4238, 697.68, 1059.3
    9720,    9780,196.83,7867.4,9626.9,14.81, 728.07, 1062.7
    9780,    9840,91.692,7238.9,9581.9,8.5015, 671.5, 1058.2
    9840,    9900,90.688,7278.5,8485.5,8.4413, 675.07, 948.55
    9900,    9960,308.43,7475.9,9650.1,21.506, 692.83, 1065
    9960,   10020,162.17,6164.4,10433,12.73, 574.79, 1143.3
   10020,   10080,38.513,4968.7,7516.6,5.3108, 467.18, 851.66
   10080,   10140,26.348,4382.4,5897.4,4.5809, 414.42, 689.74
   10140,   10200,22.913,4962.5,6119.8,4.3748, 466.62, 711.98
   10200,   10260,75.446,5523.6,6488.1,7.5268, 517.12, 748.81
   10260,   10320,56.116,5757.8,7079.3,6.367, 538.2, 807.93
   10320,   10380,53.845,6808.3,7755.9,6.2307, 632.75, 875.59
   10380,   10440,39.009,6260,8035.3,5.3405, 583.4, 903.53
   10440,   10500,34.788,5549.6,6840.8,5.0873, 519.47, 784.08
   10500,   10560,31.036,5756,6983.7,4.8622, 538.04, 798.37
   10560,   10620,28.995,6030.9,7560.1,4.7397, 562.78, 856.01
   10620,   10680,23.489,6163.8,7887.6,4.4093, 574.74, 888.76
   10680,   10740,17.983,5278.8,6817.1,4.079, 495.1, 781.71
   10740,   10800,17.008,4922.5,6365.6,4.0205, 463.02, 736.56
   10800,   10860,19.385,4704.8,6036.8,4.1631, 443.43, 703.68
   10860,   10920,20.551,4416.5,5587,4.2331, 417.48, 658.7
   10920,   10980,14.194,4207.8,5517.8,3.8516, 398.7, 651.78
   10980,   11040,13.903,4009.5,5362.1,3.8342, 380.85, 636.21
   11040,   11100,11.417,3308,4673,3.685, 317.72, 567.3
   11100,   11160,12.939,3220.6,4333.3,3.7763, 309.85, 533.33
   11160,   11220,16.237,3122.9,4299.3,3.9742, 301.06, 529.93
   11220,   11280,22.917,3501,4397,4.375, 335.09, 539.7
   11280,   11340,39.503,3513.4,4557.2,5.3702, 336.21, 555.72
   11340,   11400,24.698,3441.5,4474.1,4.4819, 329.74, 547.41
   11400,   11460,18.151,3896.6,4765.3,4.0891, 370.7, 576.53
   11460,   11520,81.506,3495,4414.8,7.8903, 334.55, 541.48
   11520,   11580,80.58,4151.6,4877.5,7.8348, 393.64, 587.75
   11580,   11640,55.297,4151.6,5081.6,6.3178, 393.64, 608.16
   11640,   11700,44.741,4305.4,5388.1,5.6845, 407.48, 638.81
   11700,   11760,57.343,4578,5857.6,6.4406, 432.02, 685.76
   11760,   11820,-9999,-9999,-9999,-9999, -9999, -9999
   11820,   11880,-9999,-9999,-9999,-9999, -9999, -9999
   11880,   11940,-9999,-9999,-9999,-9999, -9999, -9999
   11940,   12000,-9999,-9999,-9999,-9999, -9999, -9999
   12000,   12060,-9999,-9999,-9999,-9999, -9999, -9999
   12060,   12120,-9999,-9999,-9999,-9999, -9999, -9999
   12120,   12180,-9999,-9999,-9999,-9999, -9999, -9999
   12180,   12240,28.949,3784.1,5174.7,4.7369, 360.57, 617.47
   12240,   12300,23.423,3642.7,4606.3,4.4054, 347.84, 560.63
   12300,   12360,22.909,3568.2,4648.5,4.3745, 341.14, 564.85
   12360,   12420,25.549,3407.5,4483.3,4.5329, 326.67, 548.33
   12420,   12480,22.33,3387.5,4401.6,4.3398, 324.87, 540.16
   12480,   12540,17.812,3055.2,4183.2,4.0687, 294.97, 518.32
   12540,   12600,16.133,3160.1,4239,3.968, 304.41, 523.9
   12600,   12660,24.536,3388.2,4172.5,4.4722, 324.94, 517.25
   12660,   12720,16.317,3325,4385.3,3.979, 319.25, 538.53
   12720,   12780,13.23,3184.5,4181.1,3.7938, 306.61, 518.11
   12780,   12840,1266.4,8279.3,6329.4,78.984, 765.13, 732.94
   12840,   12900,423.42,8221.8,8655.2,28.405, 759.97, 965.52
   12900,   12960,118.62,6226.7,7693.2,10.117, 580.4, 869.32
   12960,   13020,87.886,4844.3,6686,8.2731, 455.99, 768.6
   13020,   13080,152.68,5587.7,6401,12.161, 522.89, 740.1
   13080,   13140,79.435,6273.4,6892.1,7.7661, 584.61, 789.21
   13140,   13200,101.25,5303.7,6152.6,9.0747, 497.33, 715.26
   13200,   13260,19.209,4756.2,5923.1,4.1525, 448.06, 692.31
   13260,   13320,14.393,3246.3,4597.2,3.8636, 312.16, 559.72
   13320,   13380,35.83,3161.3,4092.2,5.1498, 304.52, 509.22
   13380,   13440,35.917,3822.7,4018.8,5.155, 364.04, 501.88
   13440,   13500,40.054,5260.5,4528.8,5.4032, 493.45, 552.88
   13500,   13560,22.306,5843.2,5084.1,4.3384, 545.89, 608.41
   13560,   13620,12.288,4682.7,5481.6,3.7373, 441.44, 648.16
   13620,   13680,20.108,5582.1,5351.1,4.2065, 522.39, 635.11
   13680,   13740,13.37,4671,6064.9,3.8022, 440.39, 706.49
   13740,   13800,16.836,3805.1,5185.4,4.0102, 362.46, 618.54
   13800,   13860,43.366,3484.1,4890.6,5.602, 333.57, 589.06
   13860,   13920,31.847,4485.6,5608.4,4.9108, 423.7, 660.84
   13920,   13980,22.57,6264.9,6908.6,4.3542, 583.84, 790.86
   13980,   14040,10.849,5755.4,6527.9,3.6509, 537.99, 752.79
   14040,   14100,18.623,6356.9,5896.2,4.1174, 592.12, 689.62
   14100,   14160,32.64,5848.4,6577.5,4.9584, 546.36, 757.75
   14160,   14220,94.958,3739,4723.8,8.6975, 356.51, 572.38
   14220,   14280,127.33,6109.6,6420.7,10.64, 569.87, 742.07
   14280,   14340,55.295,4428,6305.3,6.3177, 418.52, 730.53
   14340,   14400,45.295,3606.6,4559.5,5.7177, 344.59, 555.95
   14400,   14460,43.604,4214.6,4691.5,5.6163, 399.31, 569.15
   14460,   14520,51.64,4436,4831.9,6.0984, 419.24, 583.19
   14520,   14580,57.218,5467.6,6080.7,6.4331, 512.08, 708.07
   14580,   14640,25.247,3834.1,6238.3,4.5148, 365.07, 723.83
   14640,   14700,30.993,3501.8,4481.4,4.8596, 335.16, 548.14
   14700,   14760,57.613,3432.3,4606.3,6.4568, 328.9, 560.63
   14760,   14820,37.32,3363.7,4452.8,5.2392, 322.73, 545.28
   14820,   14880,16.715,3315.4,4143.1,4.0029, 318.38, 514.31
   14880,   14940,13.048,3551.6,4679.9,3.7829, 339.65, 567.99
   14940,   15000,17.424,3035.8,4111.2,4.0455, 293.23, 511.12
   15000,   15060,61.305,3665.6,4313.4,6.6783, 349.9, 531.34
   15060,   15120,31.875,4369.3,4894.1,4.9125, 413.24, 589.41
   15120,   15180,17.778,4466.7,5066.1,4.0667, 422.01, 606.61
   15180,   15240,13.803,3869.8,4979.6,3.8282, 368.28, 597.96
   15240,   15300,12.209,3466.4,4812.7,3.7326, 331.97, 581.27
   15300,   15360,8.0191,3730.7,4786.5,3.4811, 355.76, 578.65
   15360,   15420,8.0372,3827.4,4849.7,3.4822, 364.46, 584.97
   15420,   15480,5.7037,3665.7,4673.4,3.3422, 349.92, 567.34
   15480,   15540,8.7415,3616.3,4893,3.5245, 345.47, 589.3
   15540,   15600,11.817,4137,5019.9,3.709, 392.33, 601.99
   15600,   15660,10.345,4539.2,5243.6,3.6207, 428.53, 624.36
   15660,   15720,11.487,4926.8,5387.6,3.6892, 463.42, 638.76
