CampaignData_and_Merges/R0/CSL_MobileLab_Parked/raw/20240801/USOS-NOy-LIF_MobileLabGround_20240801_R0.ict
39,1001
Rollins, A.; Waxman, E.; Zuraski, K.; Chace, W.
NOAA Chemical Sciences Laboratory
LIF NO/NOx/NOy on CSL Mobile Lab
AMMBEC / USOS
1, 1
2024,08,01, 2025,01,04
1
Time_Start, seconds, number_of_seconds_since_0000_UTC
7
1, 1, 1, 1, 1, 1, 1
-9999, -9999, -9999, -9999, -9999, -9999, -9999
Time_Stop, seconds, number_of_seconds_since_0000_UTC
NO_LIF, pptv, Gas_NO_InSitu_S_AVMR, volume mixing ratio of nitric oxide in air
NO2_LIF, pptv, Gas_NO2_InSitu_S_AVMR, volume mixing ratio of nitrogen dioxide in air
NOy_LIF, pptv, Gas_NOy_InSitu_S_AVMR, volume mixing ratio of total oxidized nitrogen in air
NO_LIF_1SigmaAccuracy, pptv, Gas_NO_InSitu_S_AVMR, volume mixing ratio of nitric oxide in air
NO2_LIF_1SigmaAccuracy, pptv, Gas_NO2_InSitu_S_AVMR, volume mixing ratio of nitrogen dioxide in air
NOy_LIF_1SigmaAccuracy, pptv, Gas_NOy_InSitu_S_AVMR, volume mixing ratio of total oxidized nitrogen in air
0
18
PI_CONTACT_INFO: andrew.rollins@noaa.gov
PLATFORM: CSL Mobile Lab
LOCATION: Salt Lake City, UT
ASSOCIATED_DATA:
INSTRUMENT_INFO: NO detection by laser induced fluorescence. NO2 detection by photolytic conversion to NO. NOy detection by catalytic conversion to NO on gold surface
DATA_INFO:
UNCERTAINTY: Included 1 Sigma Accuracy waves represent the combined calibration uncertainties (±6%, ±9%, ±10%) and zero uncertainties (3 ppt, 20 ppt, 100 ppt) for NO, NO2, and NOy, respectively.
ULOD_FLAG: -7777
ULOD_VALUE: N/A
LLOD_FLAG: -8888
LLOD_VALUE: N/A
DM_CONTACT_INFO: andrew.rollins@noaa.gov
PROJECT_INFO: USOS Project, July - August 2024
STIPULATIONS_ON_USE: Users are strongly encouraged to contact the PI for proper data usage.
OTHER_COMMENTS:
REVISION: R0
R0: final data
Time_Start, Time_Stop, NO_LIF, NO2_LIF, NOy_LIF, NO_LIF_1SigmaAccuracy, NO2_LIF_1SigmaAccuracy, NOy_LIF_1SigmaAccuracy
[from data line 263]
   15780,   15840,5.3855,3452.5,4453.1,3.3231, 330.72, 545.31
   15840,   15900,8.8837,3620.4,4589.2,3.533, 345.83, 558.92
   15900,   15960,8.7573,3581.1,4524.1,3.5254, 342.3, 552.41
   15960,   16020,6.6758,3846.4,4637.5,3.4005, 366.18, 563.75
   16020,   16080,14.371,5498.3,5083,3.8622, 514.84, 608.3
   16080,   16140,54.639,3795.3,5411.3,6.2783, 361.58, 641.13
   16140,   16200,38.346,3885.8,5766.5,5.3007, 369.72, 676.65
   16200,   16260,196.21,4770.8,5438.7,14.772, 449.38, 643.87
   16260,   16320,276.57,6933.8,6687.5,19.594, 644.04, 768.75
   16320,   16380,1753.1,10457,9177.7,108.19, 961.09, 1017.8
   16380,   16440,236.96,6231.8,9556.2,17.218, 580.87, 1055.6
   16440,   16500,89.317,3629.6,6508.9,8.359, 346.67, 750.89
   16500,   16560,55.126,3706.8,6584.2,6.3076, 353.61, 758.42
   16560,   16620,636.66,5778.8,6283.5,41.2, 540.1, 728.35
   16620,   16680,700.01,7135.4,8156.3,45.001, 662.18, 915.63
   16680,   16740,1024.4,10257,11416,64.463, 943.11, 1241.6
   16740,   16800,20.15,2472.9,8334,4.209, 242.56, 933.4
   16800,   16860,40.627,3162.5,6421.6,5.4376, 304.63, 742.16
   16860,   16920,61.433,4133.2,4986.5,6.686, 391.99, 598.65
   16920,   16980,49.47,4929.5,5342.6,5.9682, 463.65, 634.26
   16980,   17040,35.336,5338.2,5586.8,5.1202, 500.44, 658.68
   17040,   17100,721.97,8132.2,6512.4,46.318, 751.9, 751.24
   17100,   17160,533.35,9014.7,7455.3,35.001, 831.32, 845.53
   17160,   17220,333.96,8713.4,11512,23.038, 804.2, 1251.2
   17220,   17280,125.82,6894.5,9624.8,10.549, 640.5, 1062.5
   17280,   17340,36.213,5932.1,7675,5.1728, 553.89, 867.5
   17340,   17400,14.424,3526.7,4703.4,3.8654, 337.4, 570.34
   17400,   17460,8.1758,2802.6,4757,3.4905, 272.24, 575.7
   17460,   17520,24.348,2792.6,4705.8,4.4609, 271.34, 570.58
   17520,   17580,51.361,3730.3,4666.9,6.0816, 355.73, 566.69
   17580,   17640,14.911,3567.7,4282.8,3.8946, 341.09, 528.28
   17640,   17700,9.1285,2604.1,4204.9,3.5477, 254.37, 520.49
   17700,   17760,8.117,2856.3,4002.5,3.487, 277.07, 500.25
   17760,   17820,8.808,2437.8,3945.1,3.5285, 239.4, 494.51
   17820,   17880,88.674,3683.1,4179.6,8.3205, 351.48, 517.96
   17880,   17940,100.62,4473.5,5439.3,9.0373, 422.62, 643.93
   17940,   18000,73.775,4453,5330.4,7.4265, 420.77, 633.04
   18000,   18060,108.84,4211.9,5241.8,9.5303, 399.07, 624.18
   18060,   18120,70.098,4424.3,5976.8,7.2059, 418.19, 697.68
   18120,   18180,25.979,3890.1,5097.3,4.5587, 370.11, 609.73
   18180,   18240,15.696,3246.3,4765.2,3.9418, 312.16, 576.52
   18240,   18300,17.01,4023.6,4772,4.0206, 382.12, 577.2
   18300,   18360,56.784,3740.4,5284,6.407, 356.63, 628.4
   18360,   18420,57.814,3575.1,5227.5,6.4688, 341.76, 622.75
   18420,   18480,75.305,3082.3,5442.6,7.5183, 297.41, 644.26
   18480,   18540,50.005,3061.3,4498.5,6.0003, 295.52, 549.85
   18540,   18600,163.58,3588.7,4610.6,12.815, 342.98, 561.06
   18600,   18660,846.91,5703.6,5899.7,53.815, 533.32, 689.97
   18660,   18720,196.73,4191,6697.7,14.804, 397.19, 769.77
   18720,   18780,29.522,2505.7,5234.4,4.7713, 245.51, 623.44
   18780,   18840,48.29,2479.1,3970.2,5.8974, 243.12, 497.02
   18840,   18900,177.74,2773,3979.8,13.665, 269.57, 497.98
   18900,   18960,68.57,2387.1,3792,7.1142, 234.84, 479.2
   18960,   19020,77.624,2211.7,2980.5,7.6574, 219.06, 398.05
   19020,   19080,43.431,1567.6,2690.5,5.6059, 161.09, 369.05
   19080,   19140,129.08,2240.5,2969.2,10.745, 221.65, 396.92
   19140,   19200,137.23,3033.8,3735.4,11.234, 293.05, 473.54
   19200,   19260,32.382,2352.2,4151.3,4.9429, 231.7, 515.13
   19260,   19320,16.013,2246.3,3467.5,3.9608, 222.17, 446.75
   19320,   19380,20.694,2184.1,2797.9,4.2416, 216.57, 379.79
   19380,   19440,15.201,2301.4,3038.6,3.912, 227.13, 403.86
   19440,   19500,18.635,2296,3184.6,4.1181, 226.64, 418.46
   19500,   19560,77.732,2761.3,3976,7.6639, 268.52, 497.6
   19560,   19620,51.967,2843.4,4928.3,6.118, 275.9, 592.83
   19620,   19680,27.637,2030.6,3756.6,4.6582, 202.75, 475.66
   19680,   19740,33.591,1838.7,2971.9,5.0155, 185.48, 397.19
   19740,   19800,-9999,-9999,-9999,-9999, -9999, -9999
   19800,   19860,-9999,-9999,-9999,-9999, -9999, -9999
   19860,   19920,-9999,-9999,-9999,-9999, -9999, -9999
   19920,   19980,-9999,-9999,-9999,-9999, -9999, -9999
   19980,   20040,-9999,-9999,-9999,-9999, -9999, -9999
   20040,   20100,-9999,-9999,-9999,-9999, -9999, -9999
   20100,   20160,-9999,-9999,-9999,-9999, -9999, -9999
   20160,   20220,11.398,3413.2,4927.5,3.6839, 327.19, 592.75
   20220,   20280,7.449,2406.2,3595.5,3.4469, 236.55, 459.55
   20280,   20340,8.2066,1777.7,2717.9,3.4924, 179.99, 371.79
   20340,   20400,9.417,1884.2,2895.8,3.565, 189.58, 389.58
   20400,   20460,11.254,2022.4,2853.1,3.6752, 202.01, 385.31
   20460,   20520,22.262,1921,2551.5,4.3357, 192.89, 355.15
   20520,   20580,20.35,2267,2860.4,4.221, 224.03, 386.04
   20580,   20640,12.602,1728.8,2821.3,3.7561, 175.59, 382.13
   20640,   20700,11.642,1907.7,2766.9,3.6985, 191.69, 376.69
   20700,   20760,14.697,1844.6,2860.5,3.8818, 186.01, 386.05
   20760,   20820,17.733,2103.7,3044.3,4.064, 209.34, 404.43
   20820,   20880,25.947,2624.3,3458.7,4.5568, 256.18, 445.87
   20880,   20940,9.3737,2200.9,3186.5,3.5624, 218.08, 418.65
   20940,   21000,8.4607,2386.7,3430.4,3.5076, 234.8, 443.04
   21000,   21060,11,2882.7,3482.3,3.66, 279.44, 448.23
   21060,   21120,19.608,3152.3,3998.2,4.1765, 303.7, 499.82
   21120,   21180,35.769,3259,4330.6,5.1461, 313.31, 533.06
   21180,   21240,24.501,3526.3,4486.6,4.4701, 337.37, 548.66
   21240,   21300,19.246,3207,4486.5,4.1547, 308.63, 548.65
   21300,   21360,6.6834,2866.9,3857.3,3.401, 278.03, 485.73
   21360,   21420,5.7486,2785.6,3695.6,3.3449, 270.71, 469.56
   21420,   21480,8.1314,2860.6,3694.3,3.4879, 277.45, 469.43
   21480,   21540,5.6506,2879.4,3727.4,3.339, 279.15, 472.74
   21540,   21600,6.6111,2999.5,3838.2,3.3967, 289.96, 483.82
   21600,   21660,6.0177,3094.5,3858.2,3.3611, 298.51, 485.82
   21660,   21720,6.4049,3272.8,4057.5,3.3843, 314.56, 505.75
   21720,   21780,5.5593,3632,4267.7,3.3336, 346.88, 526.77
   21780,   21840,8.2833,3988.6,5231.3,3.497, 378.97, 623.13
   21840,   21900,8.6745,4081.8,5713.8,3.5205, 387.36, 671.38
   21900,   21960,13.275,4179.1,7425.2,3.7965, 396.12, 842.52
   21960,   22020,7.1522,3752.4,6380.5,3.4291, 357.71, 738.05
   22020,   22080,9.5819,3719.7,5100.7,3.5749, 354.77, 610.07
   22080,   22140,10.326,4160.6,5039.3,3.6195, 394.45, 603.93
   22140,   22200,9.552,4149.3,4688.9,3.5731, 393.44, 568.89
   22200,   22260,7.4832,3601.5,4848,3.449, 344.14, 584.8
   22260,   22320,10.094,3719.8,4878.1,3.6056, 354.78, 587.81
   22320,   22380,5.9656,3840.1,5000.6,3.3579, 365.61, 600.06
   22380,   22440,122.4,9517.6,5137.8,10.344, 876.58, 613.78
   22440,   22500,23.352,4066.7,5594.9,4.4011, 386, 659.49
   22500,   22560,8.3725,3921,6179.1,3.5023, 372.89, 717.91
   22560,   22620,7.3407,5881.7,5929.5,3.4404, 549.36, 692.95
   22620,   22680,18.398,8682,7701.5,4.1039, 801.38, 870.15
   22680,   22740,13.578,8081.1,8804.7,3.8147, 747.3, 980.47
   22740,   22800,14.501,9129.6,8938.7,3.8701, 841.67, 993.87
   22800,   22860,29.203,9692.4,9682.4,4.7522, 892.31, 1068.2
   22860,   22920,66.915,9967.3,10178,7.0149, 917.06, 1117.8
   22920,   22980,24.737,9939.5,10254,4.4842, 914.55, 1125.4
   22980,   23040,59.263,6653.8,10303,6.5558, 618.84, 1130.3
   23040,   23100,378.6,10417,10669,25.716, 957.5, 1166.9
   23100,   23160,132.06,9778.3,11059,10.924, 900.04, 1205.9
   23160,   23220,55.985,8267.4,10172,6.3591, 764.07, 1117.2
   23220,   23280,13.498,5182.6,10015,3.8099, 486.44, 1101.5
   23280,   23340,14.105,4151.8,8889.1,3.8463, 393.66, 988.91
   23340,   23400,7.6995,3750.1,5603.3,3.462, 357.51, 660.33
   23400,   23460,17.841,2405.6,4581.5,4.0704, 236.5, 558.15
   23460,   23520,17.728,3652.3,5081,4.0637, 348.7, 608.1
   23520,   23580,11.412,3610.1,4635.6,3.6847, 344.91, 563.56
   23580,   23640,9.2209,3435.9,5129.9,3.5533, 329.23, 612.99
   23640,   23700,6.938,3939.8,5873.9,3.4163, 374.58, 687.39
   23700,   23760,10.383,4207.9,6310.5,3.623, 398.71, 731.05
   23760,   23820,193.08,6199.9,6039.4,14.585, 577.99, 703.94
   23820,   23880,238.11,7792.5,7751.1,17.287, 721.33, 875.11
   23880,   23940,28.565,4296.1,6925.2,4.7139, 406.65, 792.52
   23940,   24000,36.639,4533.7,6792.4,5.1983, 428.03, 779.24
   24000,   24060,37.328,3689.6,5804.4,5.2397, 352.07, 680.44
   24060,   24120,183.62,4102,5809.3,14.017, 389.18, 680.93
   24120,   24180,23.68,2468.2,5117.9,4.4208, 242.14, 611.79
   24180,   24240,24.643,2744,4348.2,4.4786, 266.96, 534.82
   24240,   24300,23.265,2380,3818.7,4.3959, 234.2, 481.87
   24300,   24360,217.28,2873.8,3712.1,16.037, 278.64, 471.21
   24360,   24420,86.544,2987.3,4175.3,8.1926, 288.86, 517.53
   24420,   24480,22.662,2803.7,3983.7,4.3597, 272.33, 498.37
   24480,   24540,9.8717,2212.3,3906.4,3.5923, 219.1, 490.64
   24540,   24600,11.039,2085.2,3313.3,3.6623, 207.67, 431.33
   24600,   24660,16.355,2126.9,3216.7,3.9813, 211.42, 421.67
   24660,   24720,130.19,3012.2,3437.4,10.812, 291.1, 443.74
   24720,   24780,48.258,2868.1,3813.3,5.8955, 278.13, 481.33
   24780,   24840,18.277,2423,3760.6,4.0966, 238.07, 476.06
   24840,   24900,73.961,1919.9,3489.5,7.4376, 192.79, 448.95
   24900,   24960,61.161,1374.5,2455.9,6.6697, 143.71, 345.59
   24960,   25020,108.79,1885.3,2638.7,9.5272, 189.68, 363.87
   25020,   25080,85.698,1831.8,2752.7,8.1419, 184.86, 375.27
   25080,   25140,104.11,2123.2,3505,9.2468, 211.09, 450.5
   25140,   25200,134.55,1723.9,3867.5,11.073, 175.15, 486.75
   25200,   25260,179.32,2272.6,3382.5,13.759, 224.53, 438.25
   25260,   25320,329.82,2397.1,3101.5,22.789, 235.74, 410.15
   25320,   25380,182.69,2434.4,4033.2,13.961, 239.1, 503.32
   25380,   25440,11.418,920.59,2248.1,3.6851, 102.85, 324.81
   25440,   25500,8.6023,859.35,1548,3.5161, 97.342, 254.8
   25500,   25560,8.7573,924.82,1736.2,3.5254, 103.23, 273.62
   25560,   25620,7.5128,1010,1752.3,3.4508, 110.9, 275.23
   25620,   25680,5.8603,835.05,1512.2,3.3516, 95.154, 251.22
   25680,   25740,5.8423,870.99,1603.9,3.3505, 98.389, 260.39
   25740,   25800,7.653,886.72,1474.5,3.4592, 99.805, 247.45
   25800,   25860,9.5696,950.45,1521.9,3.5742, 105.54, 252.19
   25860,   25920,6.1143,880.51,1576.3,3.3669, 99.246, 257.63
   25920,   25980,7.3584,861.94,1569.3,3.4415, 97.574, 256.93
   25980,   26040,10.065,793.99,1520.4,3.6039, 91.459, 252.04
   26040,   26100,17.444,760.74,1435.8,4.0466, 88.466, 243.58
   26100,   26160,11.069,784.8,1439,3.6641, 90.632, 243.9
   26160,   26220,7.1135,588.84,1272.5,3.4268, 72.996, 227.25
   26220,   26280,10.069,616.57,1249.3,3.6041, 75.491, 224.93
   26280,   26340,32.73,743.37,1410.5,4.9638, 86.903, 241.05
   26340,   26400,10.72,647.73,1304.2,3.6432, 78.296, 230.42
   26400,   26460,29.762,698.28,1326.5,4.7857, 82.845, 232.65
   26460,   26520,94.373,1342,1972,8.6624, 140.78, 297.2
   26520,   26580,19.889,979.78,1748.4,4.1933, 108.18, 274.84
   26580,   26640,39.827,1280.7,1954.4,5.3896, 135.26, 295.44
   26640,   26700,17.789,1153.5,1783.1,4.0673, 123.81, 278.31
   26700,   26760,11.668,1351.3,1888.7,3.7001, 141.62, 288.87
   26760,   26820,7.6038,1183.6,1858.1,3.4562, 126.52, 285.81
   26820,   26880,12.283,1131.4,1821.8,3.737, 121.83, 282.18
   26880,   26940,5.9286,1045.7,1861.7,3.3557, 114.11, 286.17
   26940,   27000,6.2888,987.92,1832.1,3.3773, 108.91, 283.21
   27000,   27060,4.0825,913.27,1860.4,3.245, 102.19, 286.04
   27060,   27120,5.2705,981.36,1843.7,3.3162, 108.32, 284.37
   27120,   27180,6.4266,1050,1720,3.3856, 114.5, 272
   27180,   27240,6.626,1079.8,1781.7,3.3976, 117.18, 278.17
   27240,   27300,7.2972,1144.8,1906.2,3.4378, 123.03, 290.62
   27300,   27360,6.2718,1133,1914.6,3.3763, 121.97, 291.46
   27360,   27420,9.7382,1246.1,1944.2,3.5843, 132.15, 294.42
   27420,   27480,7.1412,1211.6,2028.8,3.4285, 129.04, 302.88
   27480,   27540,6.3206,1153.4,1946.9,3.3792, 123.8, 294.69
   27540,   27600,3.9132,1074.1,1809.4,3.2348, 116.66, 280.94
   27600,   27660,4.3627,1136.6,1842.3,3.2618, 122.29, 284.23
   27660,   27720,6.5388,1223.9,1913.6,3.3923, 130.15, 291.36
   27720,   27780,-9999,-9999,-9999,-9999, -9999, -9999
   27780,   27840,-9999,-9999,-9999,-9999, -9999, -9999
   27840,   27900,-9999,-9999,-9999,-9999, -9999, -9999
   27900,   27960,-9999,-9999,-9999,-9999, -9999, -9999
   27960,   28020,-9999,-9999,-9999,-9999, -9999, -9999
   28020,   28080,-9999,-9999,-9999,-9999, -9999, -9999
   28080,   28140,-9999,-9999,-9999,-9999, -9999, -9999
   28140,   28200,5.5949,1322.1,2010.8,3.3357, 138.99, 301.08
   28200,   28260,5.574,1299.2,2147.5,3.3344, 136.92, 314.75
   28260,   28320,5.9928,1364.2,2188,3.3596, 142.78, 318.8
   28320,   28380,9.2323,1975,2432.1,3.5539, 197.75, 343.21
   28380,   28440,6.5357,1973.8,2916.6,3.3921, 197.65, 391.66
   28440,   28500,30.444,2153.7,2910.3,4.8266, 213.83, 391.03
   28500,   28560,8.9141,1956.7,3072.9,3.5348, 196.1, 407.29
   28560,   28620,7.4648,1501.8,2932.1,3.4479, 155.16, 393.21
   28620,   28680,7.0409,2347.3,3325.6,3.4225, 231.26, 432.56
   28680,   28740,4.6467,2300.2,3102.8,3.2788, 227.02, 410.28
   28740,   28800,5.7197,1920.7,3808,3.3432, 192.87, 480.8
   28800,   28860,7.9212,2065.7,3132.4,3.4753, 205.91, 413.24
   28860,   28920,10.179,2872.2,3599.1,3.6107, 278.5, 459.91
   28920,   28980,7.4738,2167.3,3832.4,3.4484, 215.06, 483.24
   28980,   29040,29.727,3114.3,4052.9,4.7836, 300.28, 505.29
   29040,   29100,20.116,2786.9,4184,4.2069, 270.82, 518.4
   29100,   29160,15.43,2638,3947.8,3.9258, 257.42, 494.78
   29160,   29220,8.3081,2199.6,3520.7,3.4985, 217.96, 452.07
   29220,   29280,7.0028,1980.5,3225.6,3.4202, 198.25, 422.56
   29280,   29340,7.3316,2059.9,3104.1,3.4399, 205.39, 410.41
   29340,   29400,6.2661,1797.6,2670.4,3.376, 181.78, 367.04
   29400,   29460,6.95,1983,2790.2,3.417, 198.47, 379.02
   29460,   29520,12.821,2346,3119,3.7693, 231.14, 411.9
   29520,   29580,10.543,2582.6,3362.6,3.6326, 252.44, 436.26
   29580,   29640,4.5165,2130.8,3112,3.271, 211.77, 411.2
   29640,   29700,6.0499,2088.5,3114.6,3.363, 207.96, 411.46
   29700,   29760,16.453,2263.1,3037.2,3.9872, 223.68, 403.72
   29760,   29820,7.9648,2169.5,3192.5,3.4779, 215.26, 419.25
   29820,   29880,22.579,2255,3544.7,4.3548, 222.95, 454.47
   29880,   29940,13.474,2412.4,3377.1,3.8085, 237.12, 437.71
   29940,   30000,12.81,2210.3,3302.8,3.7686, 218.93, 430.28
   30000,   30060,9.9781,2359.7,3303.4,3.5987, 232.37, 430.34
   30060,   30120,22.298,2748.3,3731.7,4.3379, 267.35, 473.17
   30120,   30180,11.114,2039.6,3365.8,3.6668, 203.57, 436.58
   30180,   30240,6.8909,1798.9,2950.3,3.4135, 181.9, 395.03
   30240,   30300,540.49,4295.6,4710.5,35.429, 406.61, 571.05
   30300,   30360,9.3118,2059.5,3935,3.5587, 205.35, 493.5
   30360,   30420,15.282,2026.7,3201.4,3.9169, 202.4, 420.14
   30420,   30480,9.6216,1843.7,3130.2,3.5773, 185.93, 413.02
   30480,   30540,11.649,2010.2,3092.5,3.6989, 200.91, 409.25
   30540,   30600,5.6967,1452.6,2519.8,3.3418, 150.74, 351.98
   30600,   30660,19.442,1399.7,2468,4.1665, 145.97, 346.8
   30660,   30720,30.859,1624.4,2722.2,4.8515, 166.19, 372.22
   30720,   30780,11.556,1478.4,2716.1,3.6934, 153.06, 371.61
   30780,   30840,21.469,1644.2,2633.3,4.2882, 167.98, 363.33
   30840,   30900,18.775,1629.7,2752.8,4.1265, 166.67, 375.28
   30900,   30960,13.936,1826,3140,3.8362, 184.34, 414
   30960,   31020,17.469,1746.3,2716.9,4.0482, 177.17, 371.69
   31020,   31080,11.219,1632.8,2632.1,3.6731, 166.95, 363.21
   31080,   31140,8.5506,1328.7,2380.7,3.513, 139.58, 338.07
   31140,   31200,5.9643,1105.2,2065.1,3.3579, 119.47, 306.51
   31200,   31260,8.5573,882.82,1691.8,3.5134, 99.454, 269.18
   31260,   31320,6.9883,765.94,1615.9,3.4193, 88.934, 261.59
   31320,   31380,11.81,673.78,1441,3.7086, 80.64, 244.1
   31380,   31440,9.1443,585.06,1317.6,3.5487, 72.656, 231.76
   31440,   31500,9.7282,602.52,1326.1,3.5837, 74.227, 232.61
   31500,   31560,19.507,637.68,1368.5,4.1704, 77.391, 236.85
