CampaignData_and_Merges/R0/CSL_MobileLab_Parked/raw/20240801/USOS-jNO2_MobileLabGround_20240801_R0.ict
52,1001
Waxman, E.; Rollins, A.; Zuraski, K.; Chace, W.
NOAA Chemical Sciences Laboratory
jNO2 filter radiometer on CSL Mobile Lab
AMMBEC / USOS
1, 1
2024,08,01, 2025,04,01
60
Time_Start, seconds, number_of_seconds_since_0000_UTC
20
1, 1, 1, 1, 1, 1, 1, 1, 1, 1, 1, 1, 1, 1, 1, 1, 1, 1, 1, 1
-9999, -9999, -9999, -9999, -9999, -9999, -9999, -9999, -9999, -9999, -9999, -9999, -9999, -9999, -9999, -9999, -9999, -9999, -9999, -9999
Time_Stop, seconds, number_of_seconds_since_0000_UTC
jNO2_meas, per second, photolysis rate of NO2 measured using a filter radiometer.
jBrCl, per second, photolysis rate of BrCl -> Br + Cl calculated in TUV for cloud-free sky with local AOD
jBr2, per second, photolysis rate of Br2 -> Br + Br calculated in TUV for cloud-free sky with local AOD
jCCl4, per second, photolysis rate of CCl4 -> Products calcualted in TUV for cloud-free sky with local AOD
jCH2Oa, per second, photolysis rate of CH2O -> H + HCO calculated in TUV for cloud-free sky with local AOD
jCH2Ob, per second, photolysis rate of CH2O -> H2 + CO calculated in TUV for cloud-free sky with local AOD
jClNO2, per second, photolysis rate of ClNO2 -> Cl + NO2 calculated in TUV for cloud-free sky with local AOD
jClOa, per second, photolysis rate of ClO -> Cl + O(1D) calculated in TUV for cloud-free sky with local AOD
jClOb, per second, photolysis rate of ClO -> Cl + O(3P) calculated in TUV for cloud-free sky with local AOD
jCl2, per second, photolysis rate of Cl2 -> Cl + Cl calculated in TUV for cloud-free sky with local AOD
jHNO2, per second, photolysis rate of HNO2 -> OH + NO calculated in TUV for cloud-free sky with local AOD
jHNO3, per second, photolysis rate of HNO3 -> OH + NO2 calculated in TUV for cloud-free sky with local AOD
jI2, per second, photolysis rate of I2 -> I + I calculated in TUV for cloud-free sky with local AOD
jNO2, per second, photolysis rate of NO2 -> NO + O(3P) calculated in TUV for cloud-free sky with local AOD
jNO3a, per second, photolysis rate of NO3 -> NO + O2 calculated in TUV for cloud-free sky with local AOD
jNO3b, per second, photolysis rate of NO3 -> NO2 + O(3P) calculated in TUV for cloud-free sky with local AOD
jN2O5, per second, photolysis rate of N2O5 -> NO3 + NO + O(3P) calculated in TUV for cloud-free sky with local AOD
jO3, per second, photolysis rate of O3 -> O2 + O(1D) calculated in TUV for cloud-free sky with local AOD
AOD_500nm, unitless, UTC daily mean AOD at 500 nm from an AERONET station located at 40.178 N, -112.452 E
0
18
PI_CONTACT_INFO: eleanor.waxman@noaa.gov
PLATFORM: CSL Mobile Lab, at ground site
LOCATION: Salt Lake City, UT
ASSOCIATED_DATA:
INSTRUMENT_INFO: jNO2 filter radiometer.  TUV calculations are for mobile van lat/lon/altitude assuming clear sky (cloud AOD = 0) and daily mean AOD.
DATA_INFO:
UNCERTAINTY: Data uncertainties are +/- 20%.  These come from uncertainties in radiometer angular response, radiometer thermal response, local interferences from clouds/aerosols/shadows etc.
ULOD_FLAG: -7777
ULOD_VALUE: N/A
LLOD_FLAG: -8888
LLOD_VALUE: N/A
DM_CONTACT_INFO: eleanor.waxman@noaa.gov
PROJECT_INFO: USOS Project, July - August 2024
STIPULATIONS_ON_USE: Users are strongly encouraged to contact the PI for proper data usage.
OTHER_COMMENTS: 
REVISION: R0
R0: final data
Time_Start, Time_Stop, jNO2_meas, jBrCl, jBr2, jCCl4, jCH2Oa, jCH2Ob, jClNO2, jClOa, jClOb, jCl2, jHNO2, jHNO3, jI2, jNO2, jNO3a, jNO3b, jN2O5, jO3, AOD_500nm
[from data line 1392]
   83520,   83580,-9999,0.00845,0.02671,4.472e-25,1.884e-05,3.155e-05,0.0003134,1.572e-25,1.907e-05,0.001631,0.001094,2.917e-07,0.09873,0.006868,0.01951,0.1542,2.687e-05,1.21e-05,0.241
   83580,   83640,-9999,0.008425,0.02664,4.357e-25,1.872e-05,3.139e-05,0.0003118,1.531e-25,1.886e-05,0.001624,0.00109,2.893e-07,0.09853,0.006842,0.01948,0.1539,2.672e-05,1.196e-05,0.241
   83640,   83700,-9999,0.008401,0.02658,4.253e-25,1.86e-05,3.123e-05,0.0003104,1.494e-25,1.867e-05,0.001617,0.001086,2.871e-07,0.09834,0.006818,0.01945,0.1536,2.658e-05,1.183e-05,0.241
   83700,   83760,-9999,0.008375,0.02651,4.146e-25,1.848e-05,3.107e-05,0.0003088,1.456e-25,1.846e-05,0.00161,0.001081,2.846e-07,0.09813,0.006792,0.01941,0.1533,2.643e-05,1.169e-05,0.241
   83760,   83820,-9999,0.008349,0.02644,4.043e-25,1.835e-05,3.09e-05,0.0003072,1.419e-25,1.825e-05,0.001603,0.001077,2.822e-07,0.09793,0.006766,0.01938,0.153,2.628e-05,1.156e-05,0.241
   83820,   83880,-9999,0.008324,0.02638,3.949e-25,1.823e-05,3.075e-05,0.0003057,1.385e-25,1.806e-05,0.001596,0.001073,2.8e-07,0.09773,0.006742,0.01935,0.1527,2.614e-05,1.143e-05,0.241
   83880,   83940,-9999,0.008297,0.02631,3.852e-25,1.811e-05,3.058e-05,0.000304,1.351e-25,1.785e-05,0.001589,0.001068,2.775e-07,0.09752,0.006715,0.01931,0.1524,2.599e-05,1.129e-05,0.241
   83940,   84000,-9999,0.008271,0.02624,3.758e-25,1.798e-05,3.041e-05,0.0003024,1.318e-25,1.764e-05,0.001582,0.001064,2.751e-07,0.09731,0.006689,0.01927,0.1521,2.584e-05,1.116e-05,0.241
   84000,   84060,-9999,0.008245,0.02617,3.673e-25,1.786e-05,3.025e-05,0.0003009,1.288e-25,1.745e-05,0.001575,0.001059,2.729e-07,0.09711,0.006664,0.01924,0.1518,2.569e-05,1.103e-05,0.241
   84060,   84120,-9999,0.008218,0.0261,3.585e-25,1.774e-05,3.008e-05,0.0002992,1.257e-25,1.725e-05,0.001568,0.001055,2.704e-07,0.09689,0.006637,0.0192,0.1515,2.554e-05,1.09e-05,0.241
   84120,   84180,-9999,0.008191,0.02603,3.5e-25,1.761e-05,2.991e-05,0.0002976,1.227e-25,1.704e-05,0.00156,0.00105,2.68e-07,0.09667,0.00661,0.01917,0.1511,2.539e-05,1.076e-05,0.241
   84180,   84240,-9999,0.008165,0.02596,3.423e-25,1.749e-05,2.975e-05,0.000296,1.2e-25,1.685e-05,0.001553,0.001046,2.658e-07,0.09647,0.006584,0.01913,0.1508,2.524e-05,1.064e-05,0.241
   84240,   84300,-9999,0.008137,0.02588,3.343e-25,1.736e-05,2.958e-05,0.0002944,1.171e-25,1.665e-05,0.001546,0.001041,2.633e-07,0.09624,0.006556,0.01909,0.1505,2.509e-05,1.051e-05,0.241
   84300,   84360,-9999,0.008109,0.02581,3.265e-25,1.723e-05,2.941e-05,0.0002927,1.144e-25,1.645e-05,0.001538,0.001036,2.609e-07,0.09602,0.006529,0.01906,0.1502,2.493e-05,1.037e-05,0.241
   84360,   84420,-9999,0.008082,0.02574,3.195e-25,1.711e-05,2.925e-05,0.0002911,1.12e-25,1.626e-05,0.001531,0.001032,2.586e-07,0.0958,0.006503,0.01902,0.1499,2.479e-05,1.025e-05,0.241
   84420,   84480,-9999,0.008053,0.02566,3.122e-25,1.699e-05,2.907e-05,0.0002894,1.094e-25,1.606e-05,0.001523,0.001027,2.562e-07,0.09557,0.006475,0.01898,0.1495,2.463e-05,1.012e-05,0.241
   84480,   84540,-9999,0.008024,0.02559,3.051e-25,1.686e-05,2.89e-05,0.0002878,1.07e-25,1.586e-05,0.001516,0.001022,2.538e-07,0.09534,0.006446,0.01894,0.1492,2.447e-05,9.99e-06,0.241
   84540,   84600,-9999,0.007997,0.02552,2.987e-25,1.674e-05,2.873e-05,0.0002862,1.047e-25,1.567e-05,0.001508,0.001018,2.516e-07,0.09512,0.006419,0.01891,0.1488,2.433e-05,9.867e-06,0.241
   84600,   84660,-9999,0.007968,0.02544,2.92e-25,1.661e-05,2.856e-05,0.0002844,1.024e-25,1.547e-05,0.001501,0.001013,2.491e-07,0.09488,0.006391,0.01886,0.1485,2.417e-05,9.738e-06,0.241
   84660,   84720,-9999,0.007938,0.02536,2.856e-25,1.648e-05,2.838e-05,0.0002827,1.001e-25,1.527e-05,0.001493,0.001008,2.467e-07,0.09464,0.006362,0.01882,0.1481,2.401e-05,9.609e-06,0.241
   84720,   84780,-9999,0.00791,0.02529,2.797e-25,1.635e-05,2.821e-05,0.0002811,9.808e-26,1.509e-05,0.001485,0.001003,2.445e-07,0.09441,0.006334,0.01879,0.1478,2.386e-05,9.489e-06,0.241
   84780,   84840,-9999,0.00788,0.02521,2.736e-25,1.622e-05,2.803e-05,0.0002794,9.597e-26,1.489e-05,0.001478,0.0009982,2.421e-07,0.09417,0.006305,0.01874,0.1474,2.37e-05,9.361e-06,0.241
   84840,   84900,-9999,0.00785,0.02512,2.677e-25,1.609e-05,2.785e-05,0.0002777,9.392e-26,1.47e-05,0.00147,0.0009932,2.397e-07,0.09392,0.006276,0.0187,0.1471,2.354e-05,9.234e-06,0.241
   84900,   84960,-9999,0.007821,0.02505,2.623e-25,1.597e-05,2.768e-05,0.000276,9.204e-26,1.452e-05,0.001462,0.0009884,2.374e-07,0.09368,0.006248,0.01866,0.1467,2.339e-05,9.115e-06,0.241
   84960,   85020,-9999,0.00779,0.02497,2.568e-25,1.584e-05,2.75e-05,0.0002743,9.012e-26,1.432e-05,0.001454,0.0009834,2.35e-07,0.09343,0.006218,0.01862,0.1463,2.323e-05,8.99e-06,0.241
   85020,   85080,-9999,0.007759,0.02488,2.514e-25,1.571e-05,2.732e-05,0.0002725,8.824e-26,1.413e-05,0.001446,0.0009783,2.326e-07,0.09318,0.006188,0.01858,0.146,2.307e-05,8.865e-06,0.241
   85080,   85140,-9999,0.00773,0.0248,2.464e-25,1.558e-05,2.715e-05,0.0002708,8.653e-26,1.395e-05,0.001438,0.0009734,2.303e-07,0.09293,0.006159,0.01853,0.1456,2.291e-05,8.748e-06,0.241
   85140,   85200,-9999,0.007698,0.02472,2.413e-25,1.545e-05,2.697e-05,0.0002691,8.475e-26,1.376e-05,0.00143,0.0009683,2.28e-07,0.09267,0.006129,0.01849,0.1452,2.275e-05,8.624e-06,0.241
   85200,   85260,-9999,0.007667,0.02463,2.363e-25,1.532e-05,2.678e-05,0.0002673,8.303e-26,1.357e-05,0.001422,0.0009631,2.256e-07,0.09241,0.006098,0.01845,0.1448,2.259e-05,8.502e-06,0.241
   85260,   85320,-9999,0.007636,0.02455,2.318e-25,1.52e-05,2.661e-05,0.0002656,8.145e-26,1.339e-05,0.001414,0.0009581,2.233e-07,0.09216,0.006069,0.0184,0.1445,2.243e-05,8.386e-06,0.241
   85320,   85380,-9999,0.007604,0.02447,2.271e-25,1.506e-05,2.642e-05,0.0002638,7.983e-26,1.32e-05,0.001406,0.0009529,2.209e-07,0.09189,0.006038,0.01836,0.1441,2.227e-05,8.265e-06,0.241
   85380,   85440,-9999,0.007572,0.02438,2.225e-25,1.493e-05,2.624e-05,0.000262,7.824e-26,1.302e-05,0.001398,0.0009476,2.186e-07,0.09162,0.006007,0.01831,0.1437,2.211e-05,8.144e-06,0.241
   85440,   85500,-9999,0.007541,0.0243,2.183e-25,1.481e-05,2.606e-05,0.0002603,7.679e-26,1.284e-05,0.00139,0.0009426,2.163e-07,0.09136,0.005977,0.01827,0.1433,2.195e-05,8.031e-06,0.241
   85500,   85560,-9999,0.007508,0.02421,2.14e-25,1.467e-05,2.587e-05,0.0002585,7.53e-26,1.266e-05,0.001381,0.0009372,2.14e-07,0.09108,0.005945,0.01822,0.1429,2.179e-05,7.912e-06,0.241
   85560,   85620,-9999,0.007474,0.02412,2.097e-25,1.454e-05,2.568e-05,0.0002567,7.383e-26,1.247e-05,0.001373,0.0009318,2.116e-07,0.0908,0.005913,0.01817,0.1424,2.162e-05,7.793e-06,0.241
   85620,   85680,-9999,0.007443,0.02403,2.058e-25,1.442e-05,2.551e-05,0.000255,7.25e-26,1.23e-05,0.001365,0.0009267,2.094e-07,0.09053,0.005883,0.01813,0.142,2.146e-05,7.682e-06,0.241
   85680,   85740,-9999,0.007409,0.02394,2.018e-25,1.428e-05,2.532e-05,0.0002531,7.111e-26,1.212e-05,0.001356,0.0009212,2.07e-07,0.09025,0.005851,0.01808,0.1416,2.13e-05,7.565e-06,0.241
   85740,   85800,-9999,0.007375,0.02385,1.979e-25,1.415e-05,2.513e-05,0.0002513,6.977e-26,1.194e-05,0.001348,0.0009157,2.047e-07,0.08996,0.005818,0.01803,0.1412,2.113e-05,7.449e-06,0.241
   85800,   85860,-9999,0.007343,0.02376,1.943e-25,1.402e-05,2.495e-05,0.0002496,6.853e-26,1.177e-05,0.00134,0.0009106,2.025e-07,0.08969,0.005787,0.01798,0.1408,2.097e-05,7.34e-06,0.241
   85860,   85920,-9999,0.007308,0.02367,1.906e-25,1.389e-05,2.476e-05,0.0002477,6.725e-26,1.159e-05,0.001331,0.000905,2.001e-07,0.08939,0.005754,0.01793,0.1403,2.081e-05,7.225e-06,0.241
   85920,   85980,-9999,0.007273,0.02357,1.87e-25,1.376e-05,2.456e-05,0.0002458,6.6e-26,1.141e-05,0.001322,0.0008994,1.978e-07,0.08909,0.005721,0.01788,0.1399,2.064e-05,7.111e-06,0.241
   85980,   86040,-9999,0.00724,0.02348,1.837e-25,1.363e-05,2.438e-05,0.0002441,6.486e-26,1.125e-05,0.001314,0.0008941,1.956e-07,0.08881,0.00569,0.01783,0.1395,2.048e-05,7.005e-06,0.241
   86040,   86100,-9999,0.007204,0.02338,1.802e-25,1.35e-05,2.419e-05,0.0002422,6.367e-26,1.107e-05,0.001305,0.0008885,1.933e-07,0.08851,0.005656,0.01778,0.139,2.031e-05,6.892e-06,0.241
   86100,   86160,-9999,0.007169,0.02329,1.769e-25,1.336e-05,2.4e-05,0.0002404,6.251e-26,1.09e-05,0.001296,0.0008828,1.909e-07,0.0882,0.005622,0.01772,0.1386,2.014e-05,6.781e-06,0.241
   86160,   86220,-9999,0.007135,0.02319,1.738e-25,1.324e-05,2.381e-05,0.0002386,6.145e-26,1.074e-05,0.001288,0.0008774,1.888e-07,0.08791,0.005591,0.01767,0.1381,1.998e-05,6.677e-06,0.241
   86220,   86280,-9999,0.007099,0.02309,1.706e-25,1.31e-05,2.362e-05,0.0002367,6.035e-26,1.057e-05,0.001279,0.0008717,1.865e-07,0.08759,0.005556,0.01762,0.1377,1.981e-05,6.567e-06,0.241
   86280,   86340,-9999,0.007062,0.02299,1.675e-25,1.297e-05,2.342e-05,0.0002348,5.927e-26,1.04e-05,0.00127,0.0008659,1.842e-07,0.08728,0.005522,0.01757,0.1372,1.964e-05,6.458e-06,0.241
   86340,   86400,-9999,0.007027,0.0229,1.646e-25,1.284e-05,2.324e-05,0.000233,5.828e-26,1.024e-05,0.001262,0.0008604,1.82e-07,0.08698,0.005489,0.01751,0.1367,1.948e-05,6.356e-06,0.241
