CampaignData_and_Merges/R0/CSL_MobileLab_Parked/raw/20240801/USOS-MetNav_MobileLabGround_20240801_R0.ict
44, 1001
Carrie Womack, Nate Howard, Mike Zucker
NOAA Chemical Sciences Laboratory
Mobile Lab MetNav Station
USOS
1, 1
2024, 08, 01, 2024, 12, 21
60
Time_Start, seconds_past_midnight, Seconds from midnight UTC
11
1, 1, 1, 1, 1, 1, 1, 1, 1, 1, 1
-9999, -9999, -9999, -9999, -9999, -9999, -9999, -9999, -9999, -9999, -9999
GPS_Alt_m, meters, Altitude from Differential GPS
GPS_Course_deg, degrees, Course from Differential GPS
GPS_GndSpd_m_s, m/s, Ground Speed from Differential GPS
GPS_Heading_deg, degrees, Heading from Differential GPS
GPS_Lat_deg, degrees, Latitude from Differential GPS
GPS_Lon_deg, degrees, Longitude from Differential GPS
AirTemp_C, Celsius, Air Temperature from Airmar
RelHumidity_pct, percent, Relative Humidity from Airmar
Pressure_mb, millibars, Pressure from Honeywell
WindDir_calc_deg, degrees, Wind Direction from Airmar corrected for van movement
WindSpd_calc_m_s, m/s, Wind Speed from Airmar corrected for van movement
1
SPECIAL COMMENTS:
18
PI_CONTACT_INFO: Address: 325 Broadway R/CSL7, Boulder, CO, 80305
PLATFORM: CSL Mobile Lab
LOCATION: Salt Lake City, UT
ASSOCIATED_DATA: N/A
INSTRUMENT_INFO: N/A
DATA_INFO: Units:
UNCERTAINTY: N/A
ULOD_FLAG: -7777
ULOD_VALUE: N/A
LLOD_FLAG: -8888
LLOD_VALUE: N/A
DM_CONTACT_INFO: Data Manager: Nate Howard
PROJECT_INFO: 
STIPULATIONS_ON_USE: Use of these data require prior ok from PI.
OTHER_COMMENTS: 
REVISION: R0
R0: Final data. Fixed bug in wind averaging code. RA: Preliminary Data. For in-field use only. 
Time_Start, GPS_Alt_m, GPS_Course_deg, GPS_GndSpd_m_s, GPS_Heading_deg, GPS_Lat_deg, GPS_Lon_deg, AirTemp_C, RelHumidity_pct, Pressure_mb, WindDir_calc_deg, WindSpd_calc_m_s
[from data line 420]
25200.0,1309.7,2.29,0.06,2.29,40.73433,-111.87211,21.8,28.0,878.9,129.80,2.6
25260.0,1309.6,3.30,0.05,3.30,40.73434,-111.87211,21.8,28.2,878.9,130.57,2.1
25320.0,1309.3,3.62,0.05,3.62,40.73433,-111.87211,21.8,28.1,878.9,129.12,2.3
25380.0,1309.1,3.49,0.05,3.49,40.73433,-111.87211,21.9,27.6,878.9,124.19,1.9
25440.0,1309.4,2.81,0.05,2.81,40.73434,-111.87211,21.9,28.1,878.9,118.41,1.2
25500.0,1309.6,2.40,0.05,2.40,40.73434,-111.87211,21.9,28.1,878.9,126.52,0.9
25560.0,1309.3,2.41,0.05,2.41,40.73434,-111.87211,21.9,28.0,878.9,116.47,0.7
25620.0,1309.2,2.36,0.05,2.36,40.73434,-111.87211,21.9,27.2,878.9,118.59,0.9
25680.0,1309.5,2.62,0.05,2.62,40.73434,-111.87211,22.0,27.8,878.9,116.87,0.6
25740.0,1309.5,2.56,0.04,2.56,40.73434,-111.87211,22.0,27.1,879.0,101.15,0.6
25800.0,1309.5,2.75,0.04,2.75,40.73434,-111.87211,22.0,26.9,879.0,97.34,0.6
25860.0,1309.4,2.81,0.06,2.81,40.73434,-111.87211,22.0,27.0,879.0,112.64,1.5
25920.0,1309.3,2.80,0.05,2.80,40.73434,-111.87211,22.0,27.1,879.0,119.93,1.2
25980.0,1309.3,2.90,0.05,2.90,40.73434,-111.87211,22.0,27.1,879.0,125.71,1.0
26040.0,1309.3,3.26,0.05,3.26,40.73434,-111.87211,22.1,26.5,879.0,119.20,1.0
26100.0,1309.3,3.24,0.05,3.24,40.73434,-111.87211,22.1,26.8,879.0,108.54,1.4
26160.0,1309.2,2.90,0.05,2.90,40.73434,-111.87211,22.2,26.7,879.0,114.77,2.1
26220.0,1308.8,3.09,0.05,3.09,40.73434,-111.87211,22.3,26.5,879.0,120.16,1.6
26280.0,1308.6,3.28,0.05,3.28,40.73434,-111.87211,22.3,26.6,879.0,122.51,2.9
26340.0,1308.6,3.46,0.05,3.46,40.73434,-111.87211,22.4,26.4,879.0,124.94,1.8
26400.0,1308.6,3.82,0.06,3.82,40.73434,-111.87211,22.4,26.4,879.0,126.66,2.0
26460.0,1308.4,3.47,0.05,3.47,40.73434,-111.87211,22.4,26.9,879.0,119.66,1.1
26520.0,1308.1,3.09,0.05,3.09,40.73434,-111.87211,22.5,26.5,879.0,107.53,0.7
26580.0,1307.9,2.88,0.05,2.88,40.73434,-111.87211,22.5,26.4,879.0,115.00,1.4
26640.0,1307.8,3.07,0.05,3.07,40.73434,-111.87211,22.6,26.2,879.0,104.53,0.8
26700.0,1307.9,2.84,0.04,2.84,40.73434,-111.87211,22.6,26.0,879.1,97.40,0.5
26760.0,1308.2,2.85,0.05,2.85,40.73434,-111.87211,22.6,25.8,879.1,97.58,0.4
26820.0,1308.3,2.74,0.05,2.74,40.73434,-111.87211,22.6,25.7,879.1,111.61,0.6
26880.0,1308.3,2.76,0.04,2.76,40.73434,-111.87211,22.6,26.2,879.1,115.57,0.9
26940.0,1308.3,2.83,0.04,2.83,40.73434,-111.87211,22.6,26.1,879.1,123.04,1.1
27000.0,1308.3,3.40,0.05,3.40,40.73434,-111.87211,22.6,26.5,879.1,119.89,1.0
27060.0,1308.3,3.18,0.04,3.18,40.73434,-111.87211,22.5,26.8,879.1,115.27,0.7
27120.0,1308.3,3.25,0.05,3.25,40.73434,-111.87211,22.5,26.3,879.1,113.39,0.5
27180.0,1308.4,3.47,0.05,3.47,40.73434,-111.87211,22.4,27.2,879.2,116.33,1.4
27240.0,1308.4,3.32,0.05,3.32,40.73434,-111.87210,22.4,27.0,879.2,120.56,1.1
27300.0,1308.2,2.99,0.05,2.99,40.73434,-111.87210,22.3,27.2,879.2,119.63,1.4
27360.0,1308.2,2.93,0.05,2.93,40.73434,-111.87210,22.2,27.3,879.2,117.63,1.3
27420.0,1308.2,2.61,0.06,2.61,40.73434,-111.87210,22.1,27.4,879.2,117.53,1.1
27480.0,1308.1,2.58,0.04,2.58,40.73434,-111.87210,22.1,26.7,879.2,108.16,0.9
27540.0,1308.0,2.48,0.05,2.48,40.73434,-111.87210,22.2,26.6,879.2,113.41,0.8
27600.0,1308.0,3.01,0.05,3.01,40.73434,-111.87210,22.2,26.9,879.2,123.67,1.1
27660.0,1308.0,3.11,0.05,3.11,40.73434,-111.87210,22.2,27.3,879.2,126.22,1.4
27720.0,1308.0,3.25,0.04,3.25,40.73434,-111.87210,22.2,28.1,879.2,126.70,0.9
27780.0,1308.0,3.22,0.06,3.22,40.73434,-111.87210,22.1,29.8,879.2,122.11,0.9
27840.0,1307.9,3.44,0.06,3.44,40.73434,-111.87210,22.0,27.9,879.2,121.42,1.0
27900.0,1308.0,3.78,0.05,3.78,40.73434,-111.87210,22.0,28.6,879.2,130.29,1.0
27960.0,1308.0,3.90,0.06,3.90,40.73434,-111.87210,22.1,27.2,879.2,131.20,0.8
28020.0,1308.0,3.48,0.05,3.48,40.73434,-111.87210,22.1,27.3,879.2,114.83,0.5
28080.0,1307.9,3.06,0.05,3.06,40.73434,-111.87210,22.1,26.8,879.2,122.99,0.7
28140.0,1308.1,3.05,0.06,3.05,40.73434,-111.87210,22.1,26.7,879.2,131.70,0.7
28200.0,1308.2,2.90,0.05,2.90,40.73434,-111.87210,22.1,27.4,879.1,133.36,0.8
28260.0,1308.2,2.97,0.05,2.97,40.73434,-111.87210,22.1,28.0,879.2,125.30,1.1
28320.0,1308.2,2.95,0.06,2.95,40.73434,-111.87210,22.0,28.1,879.2,120.18,1.0
28380.0,1308.3,2.89,0.05,2.89,40.73434,-111.87210,22.0,27.6,879.1,109.19,0.5
28440.0,1308.4,2.66,0.06,2.66,40.73434,-111.87210,22.0,27.4,879.1,51.44,0.1
28500.0,1308.4,2.43,0.07,2.43,40.73434,-111.87210,22.0,27.4,879.1,94.69,0.4
28560.0,1308.4,2.49,0.06,2.49,40.73434,-111.87210,22.0,27.5,879.1,111.74,1.0
28620.0,1308.6,2.15,0.05,2.15,40.73433,-111.87210,21.9,28.1,879.1,105.65,0.7
28680.0,1309.1,2.91,0.06,2.91,40.73433,-111.87211,21.8,27.2,879.1,92.93,0.4
28740.0,1308.9,2.76,0.05,2.76,40.73433,-111.87210,21.8,27.1,879.3,107.78,0.6
28800.0,1308.8,2.60,0.05,2.60,40.73433,-111.87210,21.8,27.1,879.3,109.49,0.5
28860.0,1308.9,2.76,0.06,2.76,40.73433,-111.87210,21.8,27.8,879.3,104.02,0.6
28920.0,1309.0,3.05,0.05,3.05,40.73434,-111.87210,21.7,27.6,879.3,73.43,0.3
28980.0,1309.0,2.86,0.06,2.86,40.73434,-111.87211,21.8,27.8,879.3,66.42,0.1
29040.0,1309.0,2.59,0.06,2.59,40.73434,-111.87211,21.8,27.7,879.3,77.90,0.2
29100.0,1308.8,2.55,0.06,2.55,40.73433,-111.87211,21.9,27.6,879.3,112.41,0.3
29160.0,1309.0,3.00,0.06,3.00,40.73433,-111.87211,21.9,27.5,879.3,128.65,0.4
29220.0,1309.2,3.04,0.05,3.04,40.73433,-111.87211,21.9,27.5,879.3,137.24,0.7
29280.0,1309.2,3.13,0.05,3.13,40.73433,-111.87211,21.9,27.6,879.3,114.10,0.5
29340.0,1309.2,3.04,0.05,3.04,40.73433,-111.87211,21.9,27.6,879.3,126.11,0.7
29400.0,1309.3,3.09,0.05,3.09,40.73433,-111.87211,21.8,27.7,879.3,132.83,0.4
29460.0,1309.4,2.97,0.04,2.97,40.73433,-111.87211,21.8,28.2,879.3,136.99,0.7
29520.0,1309.3,2.91,0.04,2.91,40.73433,-111.87211,21.9,28.7,879.3,135.29,0.6
29580.0,1309.2,2.40,0.04,2.40,40.73433,-111.87211,21.9,28.6,879.3,132.69,0.5
29640.0,1308.9,2.69,0.04,2.69,40.73433,-111.87211,21.9,28.4,879.3,93.39,0.4
29700.0,1308.8,2.58,0.04,2.58,40.73433,-111.87211,22.0,27.8,879.3,117.16,0.3
29760.0,1308.8,3.09,0.04,3.09,40.73433,-111.87211,22.0,28.1,879.3,130.96,0.7
29820.0,1308.8,2.98,0.04,2.98,40.73433,-111.87211,21.9,29.1,879.3,121.49,0.3
29880.0,1308.7,3.29,0.05,3.29,40.73433,-111.87211,22.0,28.7,879.2,129.99,0.7
29940.0,1308.8,3.67,0.04,3.67,40.73433,-111.87211,22.0,28.0,879.2,135.94,0.9
30000.0,1308.6,4.28,0.05,4.28,40.73433,-111.87211,21.9,28.5,879.2,160.52,1.2
30060.0,1308.8,4.49,0.05,4.49,40.73433,-111.87211,21.9,28.9,879.2,149.97,1.9
30120.0,1308.7,3.96,0.06,3.96,40.73433,-111.87211,21.9,28.2,879.2,144.90,2.0
30180.0,1308.6,3.79,0.05,3.79,40.73433,-111.87211,21.8,28.9,879.2,132.34,1.8
30240.0,1308.6,3.50,0.05,3.50,40.73433,-111.87211,21.8,28.6,879.1,151.65,1.5
30300.0,1308.7,3.43,0.05,3.43,40.73433,-111.87210,21.8,29.0,879.1,156.02,1.8
30360.0,1308.7,2.94,0.05,2.94,40.73433,-111.87210,21.8,27.9,879.1,161.04,1.5
30420.0,1308.7,3.25,0.05,3.25,40.73433,-111.87211,21.8,27.9,879.1,151.70,1.6
30480.0,1308.4,3.69,0.05,3.69,40.73433,-111.87210,21.8,28.1,879.1,154.39,1.4
30540.0,1308.3,3.45,0.05,3.45,40.73433,-111.87210,21.9,27.1,879.1,146.13,1.1
30600.0,1308.3,3.20,0.05,3.20,40.73433,-111.87210,21.9,27.1,879.0,130.55,1.2
30660.0,1308.3,2.69,0.04,2.69,40.73434,-111.87210,21.9,27.5,879.1,115.77,0.7
30720.0,1308.4,2.98,0.04,2.98,40.73434,-111.87210,21.9,27.0,879.1,116.27,0.7
30780.0,1308.3,3.09,0.04,3.09,40.73434,-111.87210,21.8,27.1,879.1,119.87,0.9
30840.0,1308.3,3.27,0.05,3.27,40.73434,-111.87210,21.9,27.2,879.1,97.21,0.7
30900.0,1308.2,3.50,0.04,3.50,40.73434,-111.87210,21.9,27.8,879.1,135.80,0.3
30960.0,1308.2,3.78,0.05,3.78,40.73434,-111.87210,21.9,27.4,879.1,100.06,0.4
31020.0,1308.1,3.68,0.04,3.68,40.73434,-111.87210,21.9,27.1,879.1,125.86,1.5
31080.0,1308.0,2.96,0.05,2.96,40.73434,-111.87210,21.9,26.9,879.1,110.82,1.3
31140.0,1308.0,3.33,0.05,3.33,40.73434,-111.87211,21.9,26.2,879.2,113.44,2.2
31200.0,1308.1,3.44,0.04,3.44,40.73434,-111.87211,22.0,26.1,879.2,112.05,1.9
31260.0,1308.0,2.99,0.05,2.99,40.73434,-111.87211,22.0,25.9,879.2,106.92,2.1
31320.0,1308.0,2.89,0.04,2.89,40.73434,-111.87211,22.0,26.1,879.2,111.92,2.4
31380.0,1308.0,2.94,0.04,2.94,40.73434,-111.87211,22.1,25.6,879.2,108.66,2.2
31440.0,1308.0,3.39,0.05,3.39,40.73434,-111.87211,22.2,25.5,879.2,110.93,0.8
31500.0,1308.1,3.18,0.05,3.18,40.73434,-111.87211,22.2,25.4,879.2,105.06,1.6
31560.0,1308.1,2.53,0.05,2.53,40.73434,-111.87211,22.3,25.4,879.2,116.39,0.9
31620.0,1308.1,1.81,0.05,1.81,40.73434,-111.87211,22.3,25.3,879.2,92.99,0.5
31680.0,1308.0,1.66,0.06,1.66,40.73434,-111.87211,22.3,25.3,879.2,111.04,1.6
31740.0,1308.1,1.54,0.04,1.54,40.73434,-111.87211,22.3,25.2,879.2,109.85,1.6
31800.0,1308.1,1.46,0.04,1.46,40.73434,-111.87211,22.4,25.3,879.2,113.75,1.9
31860.0,1308.2,1.49,0.05,1.49,40.73434,-111.87211,22.5,25.2,879.2,118.59,2.9
31920.0,1308.2,1.78,0.05,1.78,40.73434,-111.87211,22.5,24.9,879.2,107.38,2.7
31980.0,1308.0,1.90,0.04,1.90,40.73434,-111.87211,22.6,24.9,879.2,111.07,2.8
32040.0,1308.1,2.05,0.05,2.05,40.73434,-111.87211,22.7,25.2,879.2,116.56,1.6
32100.0,1308.7,2.44,0.05,2.44,40.73434,-111.87211,22.7,25.1,879.2,97.08,1.1
32160.0,1308.6,2.55,0.05,2.55,40.73434,-111.87211,22.7,25.0,879.2,121.12,1.6
32220.0,1308.5,2.90,0.05,2.90,40.73434,-111.87211,22.7,25.3,879.2,114.07,1.6
32280.0,1308.7,2.50,0.04,2.50,40.73434,-111.87211,22.7,25.1,879.2,118.03,1.2
32340.0,1308.6,2.92,0.05,2.92,40.73434,-111.87211,22.7,25.3,879.2,126.46,1.8
32400.0,1308.4,2.47,0.05,2.47,40.73434,-111.87211,22.7,25.0,879.1,130.31,2.7
32460.0,1308.4,2.47,0.05,2.47,40.73434,-111.87211,22.7,24.9,879.1,125.18,3.2
32520.0,1308.5,3.00,0.05,3.00,40.73434,-111.87211,22.7,25.3,879.0,132.81,2.8
32580.0,1308.6,3.32,0.04,3.32,40.73434,-111.87211,22.7,25.3,879.1,133.00,3.0
32640.0,1308.6,3.16,0.05,3.16,40.73434,-111.87211,22.7,25.5,879.1,137.13,2.8
32700.0,1308.6,3.09,0.06,3.09,40.73434,-111.87211,22.7,25.9,879.1,145.99,2.7
32760.0,1308.6,2.98,0.05,2.98,40.73434,-111.87211,22.7,25.9,879.1,138.37,2.4
32820.0,1308.7,2.61,0.05,2.61,40.73434,-111.87211,22.7,25.6,879.1,133.23,2.7
32880.0,1308.8,3.13,0.05,3.13,40.73434,-111.87211,22.6,25.6,879.0,120.41,2.2
32940.0,1308.8,3.39,0.06,3.39,40.73434,-111.87211,22.6,25.2,879.0,133.70,2.3
33000.0,1308.9,2.78,0.05,2.78,40.73434,-111.87211,22.6,25.4,879.0,116.20,2.4
33060.0,1308.9,2.72,0.06,2.72,40.73434,-111.87211,22.7,25.5,879.0,131.66,2.3
33120.0,1309.0,3.01,0.05,3.01,40.73434,-111.87211,22.6,25.4,879.0,123.08,2.4
33180.0,1309.0,3.10,0.05,3.10,40.73434,-111.87211,22.7,25.4,879.0,132.81,1.8
33240.0,1308.9,3.29,0.05,3.29,40.73434,-111.87211,22.7,25.5,879.0,130.00,2.4
33300.0,1308.9,3.57,0.05,3.57,40.73434,-111.87211,22.7,25.3,879.0,115.07,2.4
33360.0,1309.3,3.26,0.05,3.26,40.73434,-111.87211,22.8,25.1,879.0,126.24,3.0
33420.0,1309.5,3.45,0.05,3.45,40.73434,-111.87211,22.8,25.5,879.1,130.30,2.3
33480.0,1309.0,3.53,0.05,3.53,40.73434,-111.87211,22.8,25.3,879.1,126.29,2.5
33540.0,1308.9,3.51,0.05,3.51,40.73434,-111.87211,22.8,24.9,879.1,110.17,2.8
33600.0,1308.9,3.72,0.06,3.72,40.73434,-111.87211,22.8,25.3,879.1,127.50,3.1
33660.0,1308.9,3.43,0.05,3.43,40.73434,-111.87211,22.8,25.2,879.1,132.73,3.0
33720.0,1309.0,3.39,0.05,3.39,40.73434,-111.87211,22.9,24.9,879.2,119.42,3.0
33780.0,1309.1,3.12,0.05,3.12,40.73434,-111.87211,22.9,24.8,879.2,140.42,2.4
33840.0,1309.2,2.73,0.04,2.73,40.73434,-111.87211,22.9,25.1,879.2,120.06,1.9
33900.0,1309.2,2.04,0.05,2.04,40.73434,-111.87211,22.9,25.1,879.2,124.75,1.6
33960.0,1309.2,2.04,0.04,2.04,40.73434,-111.87211,22.9,25.0,879.2,137.61,2.4
34020.0,1309.1,2.69,0.05,2.69,40.73434,-111.87211,22.9,25.0,879.2,126.52,2.6
34080.0,1309.1,2.95,0.05,2.95,40.73434,-111.87211,22.9,25.3,879.2,133.29,2.0
34140.0,1309.1,3.38,0.04,3.38,40.73434,-111.87211,22.9,25.4,879.3,139.20,0.6
34200.0,1309.2,2.91,0.04,2.91,40.73434,-111.87211,23.0,25.2,879.2,181.05,0.3
34260.0,1309.3,3.13,0.04,3.13,40.73434,-111.87211,23.0,25.4,879.2,134.74,0.4
34320.0,1309.4,3.33,0.04,3.33,40.73434,-111.87211,23.0,25.6,879.3,159.26,0.9
34380.0,1309.5,2.97,0.05,2.97,40.73434,-111.87211,23.0,25.2,879.3,161.68,1.6
34440.0,1309.6,2.50,0.05,2.50,40.73434,-111.87211,22.9,26.0,879.3,111.25,0.8
34500.0,1309.5,3.28,0.05,3.28,40.73434,-111.87211,22.9,26.0,879.3,135.20,0.6
34560.0,1309.4,3.69,0.04,3.69,40.73434,-111.87211,22.8,26.3,879.3,138.90,1.5
34620.0,1309.4,4.30,0.05,4.30,40.73434,-111.87211,22.8,25.7,879.3,153.37,2.2
34680.0,1309.3,4.22,0.04,4.22,40.73434,-111.87211,22.8,26.3,879.3,141.72,1.5
34740.0,1309.2,4.63,0.04,4.63,40.73434,-111.87211,22.7,26.7,879.3,122.33,1.6
34800.0,1309.2,4.32,0.05,4.32,40.73433,-111.87211,22.5,26.8,879.3,135.12,1.6
34860.0,1309.2,4.55,0.04,4.55,40.73433,-111.87211,22.5,26.1,879.3,159.80,1.4
34920.0,1309.2,4.47,0.05,4.47,40.73433,-111.87211,22.5,26.1,879.3,156.28,2.0
34980.0,1309.4,4.29,0.05,4.29,40.73433,-111.87211,22.5,26.5,879.3,153.40,2.4
35040.0,1309.4,3.94,0.04,3.94,40.73433,-111.87211,22.5,26.6,879.3,140.92,2.2
35100.0,1309.6,3.74,0.05,3.74,40.73433,-111.87211,22.4,27.0,879.3,133.72,1.6
35160.0,1309.7,3.57,0.05,3.57,40.73433,-111.87211,22.4,27.0,879.3,142.35,1.7
35220.0,1310.0,3.44,0.04,3.44,40.73433,-111.87211,22.3,27.3,879.3,131.84,1.6
35280.0,1310.2,3.65,0.04,3.65,40.73433,-111.87211,22.2,26.9,879.4,99.72,0.9
35340.0,1310.0,3.48,0.04,3.48,40.73433,-111.87211,22.3,26.5,879.4,100.94,0.6
35400.0,1309.8,3.36,0.05,3.36,40.73433,-111.87211,22.3,27.0,879.3,155.40,0.8
35460.0,1309.9,3.23,0.05,3.23,40.73433,-111.87211,22.2,27.3,879.3,102.51,0.3
35520.0,1310.1,3.21,0.06,3.21,40.73433,-111.87211,22.1,27.2,879.3,86.26,1.0
35580.0,1309.9,2.84,0.06,2.84,40.73433,-111.87211,22.0,26.9,879.3,115.92,2.0
35640.0,1310.0,2.38,0.06,2.38,40.73433,-111.87211,22.0,27.1,879.4,127.43,1.8
35700.0,1310.1,1.76,0.06,1.76,40.73433,-111.87211,22.1,26.9,879.3,119.64,0.8
35760.0,1310.4,1.79,0.05,1.79,40.73433,-111.87211,22.0,27.2,879.4,68.28,0.4
35820.0,1310.5,2.00,0.06,2.00,40.73433,-111.87211,22.0,27.4,879.4,101.52,0.3
35880.0,1310.5,1.76,0.06,1.76,40.73433,-111.87211,22.0,27.6,879.4,107.54,0.7
35940.0,1310.7,1.84,0.05,1.84,40.73433,-111.87211,22.0,27.5,879.4,116.59,0.9
36000.0,1310.3,1.79,0.05,1.79,40.73433,-111.87211,22.0,27.4,879.4,133.84,1.4
36060.0,1310.2,1.64,0.06,1.64,40.73433,-111.87211,22.0,26.6,879.4,143.22,2.8
36120.0,1310.4,1.97,0.05,1.97,40.73433,-111.87211,22.1,26.2,879.4,127.02,3.5
36180.0,1310.1,2.01,0.05,2.01,40.73433,-111.87211,22.1,26.0,879.4,123.72,3.8
36240.0,1310.1,2.19,0.06,2.19,40.73433,-111.87211,22.2,26.3,879.4,130.25,2.8
36300.0,1310.2,2.04,0.05,2.04,40.73433,-111.87211,22.3,25.9,879.4,136.47,3.5
36360.0,1310.1,2.04,0.06,2.04,40.73433,-111.87211,22.3,26.1,879.4,135.36,3.8
36420.0,1310.1,2.09,0.06,2.09,40.73433,-111.87211,22.5,25.9,879.4,120.86,3.6
36480.0,1310.1,2.76,0.05,2.76,40.73433,-111.87211,22.5,25.9,879.4,124.17,3.6
36540.0,1310.0,2.96,0.05,2.96,40.73433,-111.87211,22.6,25.8,879.4,113.72,3.0
36600.0,1310.2,2.69,0.06,2.69,40.73433,-111.87211,22.6,25.8,879.4,121.39,3.5
36660.0,1310.2,2.65,0.05,2.65,40.73433,-111.87211,22.7,25.5,879.4,138.90,4.1
36720.0,1310.0,2.32,0.06,2.32,40.73433,-111.87211,22.8,25.6,879.4,129.76,3.3
36780.0,1309.8,2.34,0.05,2.34,40.73433,-111.87211,22.8,26.1,879.4,129.38,3.1
36840.0,1309.5,3.47,0.07,3.47,40.73433,-111.87211,22.8,25.8,879.4,127.52,3.1
36900.0,1309.3,3.36,0.05,3.36,40.73433,-111.87211,22.7,25.7,879.4,133.28,3.3
36960.0,1309.3,3.48,0.06,3.48,40.73433,-111.87211,22.7,25.9,879.4,128.36,3.1
37020.0,1309.2,2.91,0.05,2.91,40.73433,-111.87211,22.8,25.5,879.4,132.87,3.0
37080.0,1309.1,3.17,0.06,3.17,40.73433,-111.87211,22.8,25.8,879.4,141.63,2.5
37140.0,1308.9,2.56,0.05,2.56,40.73433,-111.87211,22.8,26.1,879.4,137.08,2.6
37200.0,1308.8,2.39,0.05,2.39,40.73433,-111.87210,22.7,26.6,879.4,116.44,2.3
37260.0,1308.8,2.62,0.05,2.62,40.73433,-111.87210,22.7,26.2,879.4,116.30,2.5
37320.0,1308.8,2.46,0.05,2.46,40.73433,-111.87211,22.6,26.2,879.4,138.49,2.9
37380.0,1308.7,2.48,0.05,2.48,40.73434,-111.87210,22.6,26.0,879.4,131.96,3.1
37440.0,1308.7,2.97,0.05,2.97,40.73434,-111.87210,22.6,26.1,879.4,131.78,2.7
37500.0,1308.5,3.43,0.05,3.43,40.73434,-111.87210,22.7,26.0,879.4,142.09,3.0
37560.0,1308.5,3.53,0.05,3.53,40.73434,-111.87210,22.7,26.5,879.4,132.95,2.1
