CampaignData_and_Merges/R0/CSL_MobileLab_Parked/raw/20240801/USOS-HCHO_MobileLabGround_20240801_R0.ict
35,1001
Huang, Yaoxian
Wayne State University
Picarro G2307 on CSL Mobile Lab
USOS
1,1
2024,08,01,2025,03,31
1.0
Time_Start,seconds_since_midnight,number_of_seconds_since_0000_UTC
3
1.0,1.0,1.0
-9999.0,-9999.0,-9999.0
HCHO,ppbv,Gas_HCHO_InSitu_S_AVMR,volume mixing ratio of formaldehyde in air
H2O,ppmv,Gas_H2O_InSitu_S_AVMR,volume mixing ratio of water vapor in air
CH4,ppmv,Gas_CH4_InSitu_S_AVMR,volume mixing ratio of methane in air
0
18
PI_CONTACT_INFO: yaoxian.huang@wayne.edu
PLATFORM: CSL Mobile Lab, at Ground Site
LOCATION: Salt Lake City, UT
ASSOCIATED_DATA: N/A
INSTRUMENT_INFO: Cavity Ring-Down Spectrometer
DATA_INFO: Data is averaged to 1 minute intervals for stationary and 1 second interval for driving. Stationary data collected from a 20 ft tower on top of the mobile lab. On drive days, for parked data, anytime the mobile lab is driving, report as missing data in the parked files.
UNCERTAINTY: N/A
ULOD_FLAG: -7777
ULOD_VALUE: N/A
LLOD_FLAG: -8888
LLOD_VALUE: N/A
DM_CONTACT_INFO: Yaoxian Huang; yaoxian.huang@wayne.edu
PROJECT_INFO: USOS, Summer 2024. https://csl.noaa.gov/groups/csl7/measurements/2024usos/
STIPULATIONS_ON_USE: Users are strongly encouraged to contact the PI for proper data usage.
OTHER_COMMENTS: Data have been shifted backwards by 1 minute to align with USOS MetNav and Picarro GHG data.
REVISION: R0
R0: Final Data
Time_Start,HCHO,H2O,CH4
[from data line 544]
32640,2.49464,9424.44,1.94378
32700,2.40346,9405.25,1.93974
32760,2.37979,9420.69,1.94165
32820,2.13228,9488.07,1.94165
32880,2.32407,9457.16,1.94561
32940,2.47018,9478.53,1.94649
33000,2.25698,9467.33,1.94427
33060,2.30186,9528.3,1.94537
33120,2.385,9467.45,1.94559
33180,2.10132,9461.16,1.9428
33240,2.34582,9540.07,1.94283
33300,2.37246,9550.63,1.94367
33360,2.55149,9439.54,1.94245
33420,2.24366,9499.74,1.94229
33480,2.39898,9501.09,1.94206
33540,2.38564,9393.95,1.9423
33600,2.48437,9447.81,1.94321
33660,2.31174,9519.27,1.94072
33720,2.33342,9421.28,1.94292
33780,2.38531,9489.59,1.94411
33840,2.25632,9470.98,1.94106
33900,2.51629,9548.23,1.94011
33960,2.19966,9482.17,1.94295
34020,2.20249,9497.42,1.94306
34080,2.34113,9568.52,1.94237
34140,2.33187,9768.54,1.94289
34200,2.52535,9681.81,1.94471
34260,2.73262,9853.49,1.95283
34320,2.53555,9852.81,1.95766
34380,2.42071,9607.76,1.9502
34440,2.66176,9981.91,1.96432
34500,2.65077,9899.84,1.96028
34560,2.4288,10045.5,1.95859
34620,2.51669,9682.72,1.95322
34680,2.48832,9768.09,1.95625
34740,2.63081,10016.8,1.97004
34800,2.52971,9944.92,1.96202
34860,2.66484,9803.53,1.95539
34920,2.43726,9765.73,1.95339
34980,2.29688,9780.43,1.9577
35040,2.76223,9812.0,1.95936
35100,2.62517,9995.86,1.96176
35160,2.36878,9986.62,1.95979
35220,2.58334,9926.52,1.96566
35280,2.56166,9799.69,1.96706
35340,2.61999,9924.42,1.96675
35400,2.73327,9970.76,1.96741
35460,2.67233,10180.5,1.9742
35520,2.42627,10070.5,1.96962
35580,2.3628,10019.6,1.96293
35640,2.595,9912.52,1.96268
35700,2.46323,9905.39,1.9555
35760,2.64147,10043.9,1.96524
35820,2.56231,10199.8,1.9761
35880,2.6966,10107.6,1.96901
35940,2.33965,10073.1,1.96602
36000,2.71719,9993.84,1.9579
36060,2.36363,9620.82,1.94967
36120,2.33681,9564.09,1.94445
36180,2.30069,9569.88,1.94362
36240,2.43975,9620.85,1.94306
36300,2.38421,9564.86,1.94214
36360,2.39339,9585.28,1.9419
36420,2.24407,9580.69,1.94064
36480,2.19186,9591.12,1.94197
36540,2.29309,9602.56,1.94387
36600,2.31061,9653.45,1.94404
36660,2.4483,9577.25,1.94462
36720,2.03309,9705.84,1.94662
36780,2.49243,9786.34,1.95068
36840,2.40417,9733.39,1.94898
36900,2.33582,9636.37,1.94357
36960,2.14618,9629.3,1.9412
37020,2.24526,9611.32,1.94649
37080,2.25996,9667.23,1.94337
37140,2.31201,9838.48,1.94767
37200,2.50389,10047.1,1.9541
37260,2.35266,9860.84,1.95549
37320,2.57,9814.93,1.95376
37380,2.32109,9788.25,1.95301
37440,2.24355,9754.86,1.9455
37500,2.17813,9712.46,1.94548
37560,2.36298,9784.27,1.94745
37620,2.50745,9696.99,1.94594
37680,2.32829,9774.27,1.94417
37740,2.21615,9707.45,1.94621
37800,2.15701,9660.25,1.94507
37860,2.29916,9746.02,1.94527
37920,2.29254,9683.59,1.94681
37980,2.54505,9710.24,1.94569
38040,2.31779,9737.46,1.94279
38100,2.23439,9780.62,1.94426
38160,2.34875,9609.52,1.94076
38220,2.24316,9566.46,1.94014
38280,2.14195,9582.53,1.94045
38340,2.44808,9539.05,1.94342
38400,2.24932,9601.06,1.94067
38460,2.45651,9530.38,1.94093
38520,2.29624,9479.73,1.9425
38580,2.32363,9677.97,1.94412
38640,2.25441,9726.39,1.94891
38700,2.37182,9857.6,1.95333
38760,2.53181,9689.55,1.94837
38820,2.57486,9838.3,1.95296
38880,2.25674,9954.38,1.95696
38940,2.85626,10106.0,1.96869
39000,2.61597,10089.7,1.96896
39060,2.89112,10048.2,1.96571
39120,2.97581,10400.5,1.98125
39180,2.5604,10223.4,1.97071
39240,2.88319,10428.4,1.98075
39300,2.87618,10593.6,1.9859
39360,2.93518,10331.0,1.97572
39420,2.91525,10327.7,1.98
39480,2.92687,10447.7,1.98526
39540,2.87823,10318.2,1.98463
39600,2.6827,10352.0,1.98606
39660,2.90098,10508.4,1.99181
39720,3.05624,10643.6,1.99572
39780,3.18282,10703.0,2.00078
39840,2.99501,10765.6,1.99983
39900,3.00018,10943.5,2.00596
39960,3.12838,11032.5,2.01113
40020,3.09002,10973.3,2.01617
40080,3.01198,10910.0,2.02195
40140,2.99177,11145.6,2.03038
40200,3.15048,11315.7,2.03287
40260,3.12271,11310.0,2.03804
40320,3.00405,11296.3,2.03539
40380,3.17927,11364.3,2.03913
40440,3.12622,11324.7,2.0336
40500,3.15725,11382.9,2.03337
40560,3.12365,11429.5,2.03822
40620,3.29056,11388.3,2.05115
40680,3.25099,11418.3,2.05507
40740,3.20682,11533.1,2.04903
40800,3.55722,11500.1,2.05716
40860,3.29563,11472.8,2.05155
40920,3.54232,11353.0,2.07349
40980,3.50177,11386.4,2.0649
41040,3.52005,11449.3,2.06024
41100,3.48935,11278.9,2.05999
41160,3.53187,11299.8,2.06472
41220,3.54239,11328.5,2.06958
41280,3.7075,11430.4,2.07063
41340,3.83507,11327.6,2.07458
41400,3.63996,11538.7,2.07224
41460,3.67504,11405.3,2.07417
41520,3.76073,11305.2,2.06963
41580,3.65247,11377.0,2.07664
41640,3.69957,11348.1,2.07651
41700,3.89228,11294.9,2.0845
41760,3.86231,11362.1,2.08542
41820,3.90501,11407.5,2.08782
41880,3.83186,11282.0,2.10503
41940,3.78718,11408.2,2.09187
42000,3.78605,11441.4,2.09548
42060,4.02767,11517.5,2.11052
42120,4.17793,11601.2,2.11023
42180,3.71751,11378.0,2.11192
42240,3.88012,11636.7,2.10598
42300,3.98351,11616.2,2.10759
42360,4.18441,11695.9,2.11326
42420,4.37612,11745.1,2.11405
42480,4.17717,11918.0,2.11345
42540,3.95949,11767.5,2.11633
42600,4.05971,11774.3,2.1121
42660,3.90922,11871.9,2.10843
42720,4.12716,11758.2,2.11215
42780,4.05373,11804.1,2.11163
42840,4.24534,11955.8,2.10658
42900,4.12685,11891.0,2.1091
42960,4.22119,11948.1,2.11486
43020,4.25971,11823.0,2.11796
43080,4.09032,11821.5,2.12404
43140,4.48045,11883.0,2.12491
43200,4.54797,11811.9,2.12546
43260,4.34544,11884.0,2.12437
43320,4.29981,12096.8,2.12045
43380,4.01804,11886.9,2.13023
43440,4.4292,11921.7,2.13661
43500,4.1877,11903.8,2.13458
43560,4.2538,11853.3,2.13606
43620,4.15378,11696.4,2.15014
43680,4.11443,11254.2,2.14624
43740,4.36138,11238.6,2.15722
43800,4.34912,11385.7,2.15466
43860,4.09975,11353.9,2.13603
43920,4.21043,11310.9,2.12291
43980,4.15861,11672.3,2.14923
44040,4.55045,11558.4,2.14589
44100,4.36204,11755.0,2.14755
44160,4.46,11716.0,2.14556
44220,4.37812,11746.2,2.15005
44280,4.16478,11721.4,2.14993
44340,4.40287,11764.3,2.14889
44400,4.11697,11732.6,2.1483
44460,4.00604,11815.6,2.15137
44520,4.36411,11747.5,2.15187
44580,4.29168,11785.0,2.15134
44640,4.5065,11977.4,2.15322
44700,4.4839,11884.2,2.15288
44760,4.05682,11886.0,2.14953
44820,4.53959,11893.3,2.15189
44880,4.31864,11891.8,2.15404
44940,4.42978,11984.2,2.14997
45000,4.16861,12081.7,2.15342
45060,4.4756,12167.1,2.15596
45120,4.45833,12269.3,2.15589
45180,4.37494,12180.7,2.16396
45240,4.25709,12244.1,2.17013
45300,4.54014,12338.5,2.16783
45360,4.60796,12341.6,2.16733
45420,4.58882,12238.9,2.1639
45480,4.57948,12200.7,2.16094
45540,4.49931,12281.5,2.16387
45600,4.41081,12215.0,2.16019
45660,4.64381,12329.0,2.16486
45720,4.63306,12374.6,2.16111
45780,4.69244,12283.2,2.15287
45840,4.34908,12342.6,2.15673
45900,4.52179,12328.2,2.15557
45960,4.43364,12337.3,2.1586
46020,4.63054,12405.9,2.15665
46080,4.67077,12407.7,2.15576
46140,4.43476,12408.8,2.15432
46200,4.47739,12337.1,2.15709
46260,4.35241,12419.2,2.15536
46320,4.84931,12532.5,2.16683
46380,4.53428,12378.1,2.15055
46440,4.40564,12186.4,2.14254
46500,4.2938,12350.2,2.14387
46560,4.35144,12425.7,2.14644
46620,4.33425,12377.0,2.14408
46680,4.40776,12362.2,2.14352
46740,4.4508,12427.9,2.14647
46800,4.63799,12437.0,2.1483
46860,4.16136,12332.8,2.14309
46920,4.55403,12619.1,2.15744
46980,4.31293,12642.2,2.17493
47040,4.35813,12727.8,2.16907
47100,4.52445,12643.6,2.15981
47160,4.35667,12473.0,2.14896
47220,4.10211,12484.3,2.14417
47280,4.32789,12654.8,2.15675
47340,4.4437,12467.1,2.14344
47400,4.07175,12488.8,2.14179
47460,4.21243,12732.0,2.16025
47520,4.3254,12540.1,2.15102
47580,4.49691,12736.0,2.15191
47640,4.74216,12911.7,2.161
47700,4.74391,12870.8,2.1573
47760,4.6298,12769.4,2.14752
47820,4.5948,12912.3,2.15523
47880,4.51518,13280.3,2.15952
47940,4.56112,13143.2,2.16875
48000,4.54255,12856.1,2.14625
48060,4.56768,13062.1,2.15026
48120,4.4603,13427.5,2.16221
48180,4.63411,13081.3,2.1497
48240,4.73603,12972.1,2.14297
48300,4.51056,13335.7,2.15544
48360,4.80276,13138.6,2.15331
48420,4.75669,13206.0,2.15465
48480,4.54539,13207.1,2.15996
48540,4.49023,13254.0,2.15671
48600,4.65567,13649.3,2.16257
48660,4.45558,13748.9,2.1585
48720,4.55264,13308.6,2.158
48780,4.79247,13522.1,2.17316
48840,5.04704,13481.5,2.17233
48900,4.95557,13512.7,2.17623
48960,4.89311,13419.7,2.17082
49020,4.91273,13813.4,2.16664
49080,4.67533,13597.5,2.16173
49140,4.76592,13349.7,2.16458
49200,4.96483,13409.9,2.16333
49260,4.93439,13648.4,2.17282
49320,4.82202,13691.0,2.17412
49380,4.99006,13760.9,2.17833
49440,4.98859,13903.3,2.17929
49500,5.26796,13848.2,2.18889
49560,5.22281,13792.4,2.19077
49620,5.18725,13544.4,2.19137
49680,5.41577,13575.6,2.17963
49740,5.12347,13871.0,2.17507
49800,5.07784,13962.6,2.17547
49860,5.13548,13819.3,2.17205
49920,4.87229,13550.2,2.17371
49980,4.79999,13924.1,2.16605
50040,5.09152,13839.4,2.16572
50100,4.8586,13615.8,2.16318
50160,4.98448,13304.9,2.16942
50220,4.84916,12908.7,2.17595
50280,5.00483,13330.4,2.16129
50340,4.71004,13314.9,2.16392
50400,5.01215,12720.6,2.18762
50460,5.25447,12773.5,2.1906
50520,5.15061,13179.2,2.16533
50580,4.66289,13174.8,2.14111
50640,4.47863,13087.7,2.11292
50700,5.04503,13542.4,2.15885
50760,4.45567,13281.2,2.11711
50820,4.16064,12522.3,2.06327
50880,3.91308,12428.6,2.04682
50940,3.59632,12468.1,2.04302
51000,3.96048,12905.2,2.05424
51060,3.78695,12977.3,2.05417
51120,3.70654,12380.3,2.04314
51180,3.82232,12448.7,2.05138
51240,3.92526,12526.2,2.04702
51300,3.91057,12575.7,2.04822
51360,3.99109,12634.7,2.05147
51420,3.77234,12687.0,2.05817
51480,4.25446,12793.0,2.05802
51540,4.19511,12896.5,2.06848
51600,4.08397,12957.9,2.06836
51660,4.2188,12887.5,2.06408
51720,4.07458,12859.6,2.06893
51780,4.18676,13167.2,2.07061
51840,4.34824,13069.2,2.07125
51900,4.01347,12668.7,2.06926
51960,4.22476,12804.8,2.06839
52020,4.01245,12708.3,2.0704
52080,4.07077,12963.0,2.07454
52140,4.08228,12698.8,2.07519
52200,4.46136,13005.8,2.08626
52260,4.23655,12980.8,2.08436
52320,4.2517,12871.4,2.08744
52380,4.06159,12835.2,2.08512
52440,4.10838,12518.9,2.08686
52500,4.00928,12555.6,2.08848
52560,4.3064,12649.3,2.08464
52620,4.02664,12825.3,2.08709
52680,4.01236,12688.7,2.08889
52740,4.41802,12726.0,2.08618
52800,4.16969,12842.1,2.08711
52860,4.15079,12805.8,2.08639
52920,4.52602,12834.6,2.08589
52980,4.49046,12963.8,2.08731
53040,4.54504,13015.2,2.08939
53100,4.33664,13096.0,2.0904
53160,4.36145,13120.5,2.08857
53220,4.60189,13124.4,2.08678
53280,4.4212,13006.3,2.08148
53340,4.36626,13169.5,2.08364
53400,4.29285,13063.2,2.07716
53460,4.53123,13179.3,2.08103
53520,4.48633,13184.8,2.07345
53580,4.14787,12809.7,2.06194
53640,4.4786,12750.4,2.06086
53700,4.23559,12629.6,2.05705
53760,4.33242,12739.0,2.05763
53820,4.43752,13066.3,2.06109
53880,4.39305,13291.5,2.06519
53940,4.34405,13084.4,2.05867
54000,4.13197,12761.9,2.048
54060,4.20901,12661.0,2.047
54120,4.20172,12726.3,2.05319
54180,4.19022,12674.1,2.0528
54240,4.11295,12473.3,2.05001
54300,4.22984,12660.9,2.05212
54360,4.44857,12818.3,2.05585
54420,4.1704,12742.9,2.05643
54480,4.30613,12623.6,2.05237
54540,4.43518,12706.3,2.05536
54600,4.26239,12824.8,2.05537
54660,4.38647,12633.8,2.04931
54720,4.22364,12348.9,2.04342
54780,4.4988,12580.1,2.05445
54840,4.46252,12661.3,2.05655
54900,4.53045,12734.9,2.05252
54960,4.82209,12543.6,2.05089
55020,5.43416,13008.6,2.05475
55080,4.58047,12941.3,2.05564
55140,4.59335,13001.9,2.06664
55200,4.51514,12886.3,2.06159
55260,5.14068,13466.0,2.05998
55320,5.13399,13264.3,2.05886
55380,4.52428,12707.6,2.05924
55440,4.44295,12918.0,2.06217
55500,4.47303,12390.8,2.06748
55560,4.36732,12385.2,2.06798
55620,4.54756,12622.3,2.06635
55680,4.40893,13004.7,2.06525
55740,4.33634,12408.9,2.06354
55800,4.14169,12352.7,2.06601
55860,4.1867,12133.1,2.06657
55920,3.99697,12170.9,2.06564
55980,4.10713,12156.3,2.06718
56040,4.13473,12082.3,2.06992
56100,4.31275,11921.6,2.07122
56160,4.35247,12102.8,2.06945
56220,4.13665,12100.7,2.06942
56280,4.34989,12122.5,2.06724
56340,4.2293,12172.9,2.06668
56400,4.12711,12362.3,2.07105
56460,4.37384,12184.9,2.07022
56520,4.46164,12277.7,2.07031
56580,4.50468,12286.2,2.07385
56640,4.54149,12220.5,2.07262
56700,4.31019,12139.7,2.07623
56760,4.56191,12259.1,2.0756
56820,4.41654,12386.7,2.07273
56880,4.43817,12404.4,2.07302
56940,4.20768,12104.1,2.06852
57000,4.41751,12062.0,2.06998
57060,4.34934,11866.8,2.0731
57120,4.41821,11976.3,2.07431
57180,4.5037,12085.7,2.07468
57240,4.29191,12148.6,2.07457
57300,4.16103,12251.0,2.0731
57360,4.22111,11959.0,2.07149
57420,4.54578,11912.1,2.0743
57480,4.35891,11936.1,2.07438
57540,4.36669,11781.0,2.07116
57600,4.54528,12153.0,2.0747
57660,4.43174,12044.0,2.0776
57720,4.21462,11912.4,2.07239
57780,4.37249,11913.2,2.07125
57840,4.40823,11973.0,2.07153
57900,4.35247,11922.1,2.06748
57960,4.60047,11843.8,2.06774
58020,4.35355,11785.9,2.06513
58080,4.25704,11848.8,2.06576
58140,4.22778,11722.6,2.06184
58200,4.15841,11740.6,2.06657
58260,4.51586,11881.5,2.06479
58320,4.54649,11936.6,2.05956
58380,4.32182,11542.3,2.04678
58440,4.24823,11766.6,2.04499
58500,4.29977,11431.3,2.04782
58560,4.27469,11483.1,2.03738
58620,4.40623,11856.5,2.03698
58680,4.26885,11679.4,2.04555
58740,4.50916,11536.4,2.05332
58800,4.42786,11861.7,2.05078
58860,4.49747,11947.7,2.04417
58920,4.38274,11104.1,2.0361
58980,4.30134,11606.7,2.03883
59040,4.49691,11636.6,2.03804
59100,4.7554,12263.2,2.04072
59160,4.58478,12324.6,2.04758
59220,4.76026,12195.1,2.06425
59280,4.94617,12209.8,2.06364
59340,5.29916,12229.4,2.06364
59400,4.97263,12527.8,2.05962
59460,4.87181,12255.7,2.06048
59520,4.93271,12355.7,2.05679
59580,4.87034,12621.8,2.05284
59640,4.78368,12046.4,2.05191
59700,4.91958,12035.7,2.0494
59760,5.01324,11909.0,2.04343
59820,4.65089,11752.7,2.03952
59880,4.83899,12209.8,2.03938
59940,4.81301,11928.0,2.0395
60000,5.01836,11860.8,2.03714
60060,4.92257,11717.6,2.03309
60120,5.10348,11816.6,2.03522
60180,5.18691,11748.1,2.03521
60240,5.19396,11632.6,2.03513
60300,5.02744,11757.4,2.03622
60360,5.03783,11891.6,2.02884
60420,4.77779,11429.1,2.02076
60480,5.08515,11287.7,2.0139
60540,4.8396,12014.4,2.01615
60600,4.82558,12240.3,2.02238
60660,5.11032,11761.8,2.01969
60720,5.14076,12353.9,2.02116
60780,5.06271,12167.7,2.02028
60840,5.04802,12066.1,2.01534
60900,4.93135,12255.3,2.012
60960,4.82741,11539.2,2.00321
61020,4.8059,11879.8,2.00882
61080,4.7654,11476.7,2.00661
61140,4.76523,11567.5,2.00588
61200,4.98949,11575.2,2.0049
61260,5.2835,11715.8,2.00854
61320,5.01144,11666.5,2.00456
61380,5.0613,11624.6,2.00302
61440,4.94532,11872.8,2.00344
61500,4.84862,11728.5,2.00294
61560,5.00623,11858.0,2.00169
61620,5.20309,11900.1,2.00008
61680,5.10214,12018.7,1.99933
61740,5.12026,11964.3,2.00471
61800,5.19001,11986.5,2.0017
61860,5.31156,11970.2,1.99997
61920,5.13311,11985.9,1.99914
61980,5.23594,12297.9,1.99841
62040,5.20914,12358.1,1.99583
62100,5.04676,11735.4,1.9869
62160,5.18583,11688.0,1.98858
62220,4.99256,11788.4,1.98594
62280,5.07891,11562.1,1.9833
62340,5.2066,11519.7,1.98504
62400,4.9876,11492.4,1.98519
62460,5.05347,11538.5,1.98664
62520,5.20663,11453.1,1.98287
62580,4.72343,10929.5,1.97275
62640,4.67178,10812.7,1.97099
62700,4.54451,10634.3,1.97133
62760,4.88836,10924.6,1.97487
62820,4.83241,10936.5,1.97194
62880,5.06941,11080.2,1.97515
62940,5.099,11331.1,1.97695
63000,5.06652,11417.0,1.97791
63060,5.19183,11394.3,1.98138
63120,5.21971,11823.9,1.98422
63180,5.56654,12502.1,1.98079
63240,5.09416,13273.0,1.97817
63300,5.39885,13051.3,1.97876
63360,5.63216,11638.9,1.98319
63420,5.60301,11691.1,1.98042
63480,5.43524,11839.8,1.97715
63540,5.31534,12516.4,1.97709
63600,5.42042,12320.4,1.97917
63660,5.51369,11473.6,1.97799
63720,5.79385,11617.4,1.98098
63780,5.76163,11531.9,1.98023
63840,5.7648,11582.5,1.97824
63900,5.55581,11734.4,1.97596
63960,5.86177,11576.4,1.98033
64020,5.64705,11546.5,1.97892
64080,5.4847,11494.2,1.97538
64140,5.83827,11651.2,1.97777
64200,5.57141,11800.3,1.97572
64260,5.66122,12266.6,1.97595
64320,5.52716,11889.0,1.9776
64380,5.61849,11484.3,1.97718
64440,5.47351,11409.2,1.97858
64500,5.69599,11740.0,1.97679
64560,5.72697,12099.8,1.97573
64620,5.48542,11663.4,1.97912
64680,-9999.0,-9999.0,-9999.0
64740,-9999.0,-9999.0,-9999.0
