CampaignData_and_Merges/R0/CSL_MobileLab_Parked/raw/20240801/USOS-Picarro-CO2-CH4-CO-H2O_MobileLabGround_20240801_R0.ict
38, 1001
Ilana Pollack, Nell Schafer, and Jeff Peischl
NOAA Chemical Sciences Laboratory
Picarro 2401-m CO2/CH4/CO/H2O Analyzer
USOS
1, 1
2024, 08, 01, 2024, 11, 20
0
StartTime_UTC, seconds_past_midnight, seconds past midnight
5
1, 1, 1, 1, 1
-9999, -9999, -9999, -9999, -9999
StopTime_UTC, seconds_past_midnight, seconds past midnight
CO2_ppm_1min, ppm, Gas_CO2_InSitu_S_DMF, carbon dioxide mixing ratio
CH4_ppb_1min, ppb, Gas_CH4_InSitu_S_DMF, methane mixing ratio
CO_ppb_1min, ppb, Gas_CO_InSitu_S_DMF, carbon monoxide mixing ratio
H2O_ppmv_1min, ppmv, Met_H2OMRV_InSitu_S_AVMR, water vapor mixing ratio
1
SPECIAL COMMENTS: N/A
18
PI_CONTACT_INFO: Address: NOAA Chemical Sciences Laboratory, Mail Stop CSL7, 325 Broadway, Boulder, CO 80305; Email: Ilana.Pollack@noaa.gov
PLATFORM: NOAA CSL Mobile Laboratory
LOCATION: The mobile lab was stationed in Salt Lake City, Utah.
ASSOCIATED_DATA: N/A
INSTRUMENT_INFO: CO2, CH4, and CO are reported as dry air mole fractions using a commercial wavelength-scanned cavity ring-down analyzer (Picarro 2401-m). An in-field calibration gas standard of 432±0.07 ppm CO2, 2095±1 ppb CH4, and 183±1 ppb CO, calibrated in the Boulder laboratories before and after the field project using primary CO2, CH4, and CO standard tanks tied to the WMO standard (X2019, X2004A, and X2014A, respectively) from the Global Monitoring Laboratory (GML), was delivered to the inlet every 2-3 days to evaluate instrument sensitivity. A H2O measurement was calibrated before the project with a Dew Point Mirror 373 hygrometer. The water correction calculated from these calibrations was applied to the H2O measurement for the entire campaign. Species are measured at 0.5 Hz and reported as 1-minute averages for stationary measurements.
DATA_INFO: Units: CO2, ppm, dry air mole fraction; CH4, ppb, dry air mole fraction; CO, ppb, dry air mole fraction; H2O, ppmv
UNCERTAINTY: Total uncertainties are estimated as ±0.1 ppm for CO2, ±1 ppb for CH4, ±5 ppb for CO, and ±(50 ppm + 4%) for H2O.
ULOD_FLAG: -7777
ULOD_VALUE: N/A
LLOD_FLAG: -8888
LLOD_VALUE: N/A
DM_CONTACT_INFO: Data Manager: Nathan Howard; nathan.h.howard@noaa.gov
PROJECT_INFO: USOS Dates of Study: July – August 2024
STIPULATIONS_ON_USE: Use of these data require prior ok from PI.
OTHER_COMMENTS: Data are averaged to 1 minute intervals. Stationary data collected from a 10 ft tower on top of the mobile van.
REVISION: R0
R0: Final Data
StartTime_UTC, StopTime_UTC, CO2_ppm_1min, CH4_ppb_1min, CO_ppb_1min, H2O_ppmv_1min
[from data line 381]
22860,22920,462.27,2038.1,348.2,11415.8779
22920,22980,453.04,2024.6,312.7,11073.5430
22980,23040,455.93,2025.3,367.9,11120.8203
23040,23100,457.47,2026.2,475.1,11118.0332
23100,23160,454.99,2027.9,396.6,11042.0498
23160,23220,452.95,2032.1,336.2,10985.6738
23220,23280,449.30,2028.2,291.2,10834.1963
23280,23340,450.77,2024.8,297.1,10921.2842
23340,23400,443.55,2008.5,263.4,10474.0088
23400,23460,446.32,2011.4,266.7,10613.2881
23460,23520,448.27,2010.8,266.6,10629.7920
23520,23580,449.07,2012.3,268.1,10690.6348
23580,23640,448.77,2012.1,301.3,10698.9463
23640,23700,451.79,2015.9,324.0,10870.5488
23700,23760,452.70,2031.9,302.7,11029.2490
23760,23820,456.11,2050.4,295.8,11320.1816
23820,23880,452.75,2057.2,260.2,11185.4551
23880,23940,455.27,2047.0,254.8,11193.7754
23940,24000,455.66,2033.3,253.3,11146.3213
24000,24060,457.57,2043.7,252.4,11145.7432
24060,24120,450.43,2059.9,243.9,10983.9297
24120,24180,451.04,2030.9,246.0,10821.7217
24180,24240,454.98,2029.8,245.3,11113.5703
24240,24300,442.39,2006.0,259.8,10410.9521
24300,24360,446.10,2008.9,317.7,10610.9111
24360,24420,446.06,2007.6,298.2,10671.5703
24420,24480,444.27,2002.8,252.1,10555.7510
24480,24540,443.83,2001.1,266.5,10476.4336
24540,24600,441.91,1998.3,256.3,10421.3691
24600,24660,441.80,1996.9,253.3,10415.4043
24660,24720,440.73,1994.9,245.7,10324.1797
24720,24780,439.32,1993.5,244.1,10272.5889
24780,24840,437.93,1992.1,242.2,10199.7832
24840,24900,435.81,1988.5,233.8,10087.8271
24900,24960,436.94,1989.6,298.0,10246.5908
24960,25020,436.50,1989.5,277.5,10132.3311
25020,25080,436.98,1991.7,278.8,10302.8691
25080,25140,436.16,1992.5,423.1,10226.0156
25140,25200,436.74,1991.7,284.5,10279.2070
25200,25260,434.38,1992.6,240.8,10179.3213
25260,25320,434.78,1990.9,242.0,10254.6787
25320,25380,434.45,1991.7,239.5,10105.0781
25380,25440,434.48,1990.5,234.8,10172.3770
25440,25500,435.41,1990.8,237.0,10205.7148
25500,25560,436.34,1990.9,237.4,10333.5117
25560,25620,434.19,1989.4,232.3,10102.5225
25620,25680,435.07,1989.6,233.5,10172.6123
25680,25740,435.87,1989.9,235.8,10220.4189
25740,25800,435.00,1990.0,235.1,10079.4297
25800,25860,434.32,1989.8,234.7,10036.1807
25860,25920,434.93,1990.2,233.8,10143.8057
25920,25980,434.53,1990.2,231.7,10081.3887
25980,26040,432.07,1985.5,231.0,9850.2900
26040,26100,433.11,1984.9,229.9,9997.9531
26100,26160,431.89,1983.1,229.0,9875.0137
26160,26220,431.47,1983.1,227.9,9836.5898
26220,26280,432.12,1985.4,233.7,9847.8652
26280,26340,432.73,1984.5,229.7,9972.1875
26340,26400,431.44,1984.6,230.3,9823.3135
26400,26460,432.59,1987.5,231.1,10025.2207
26460,26520,433.19,1987.1,230.4,10071.7197
26520,26580,432.39,1986.9,231.0,9947.2813
26580,26640,432.33,1985.7,230.6,9856.5313
26640,26700,433.65,1986.9,230.2,9903.4336
26700,26760,433.16,1986.9,230.5,9821.0410
26760,26820,433.16,1987.2,228.8,9841.4404
26820,26880,433.21,1988.0,230.9,9879.1572
26880,26940,432.79,1987.0,230.7,9844.8398
26940,27000,432.83,1987.3,229.6,9862.0674
27000,27060,433.62,1989.6,231.2,9943.7158
27060,27120,434.95,1994.7,231.2,10051.1426
27120,27180,435.47,1992.5,233.1,10076.7627
27180,27240,437.70,1996.0,233.0,10227.6670
27240,27300,437.26,1994.7,232.8,10184.9883
27300,27360,439.37,1996.3,235.3,10303.7451
27360,27420,439.44,1996.6,236.0,10282.0996
27420,27480,437.02,1995.0,235.2,10122.8418
27480,27540,434.66,1991.4,235.2,9973.5244
27540,27600,434.78,1990.9,236.4,9971.3477
27600,27660,437.96,1995.3,235.2,10176.1816
27660,27720,440.09,2000.7,237.0,10450.5400
27720,27780,439.39,2007.4,236.6,10377.0908
27780,27840,441.67,2008.8,242.6,10486.0664
27840,27900,441.37,2008.2,320.8,10400.8848
27900,27960,437.76,2004.9,257.0,10200.0654
27960,28020,434.89,1992.2,238.7,9969.3711
28020,28080,436.13,1994.7,239.7,10039.6191
28080,28140,436.51,1994.8,235.0,10046.5107
28140,28200,436.49,1994.7,236.2,10030.3604
28200,28260,438.45,1994.8,248.9,10187.9160
28260,28320,443.00,2000.5,262.0,10292.8076
28320,28380,444.03,2004.0,283.7,10432.1299
28380,28440,440.64,2004.1,360.8,10277.5381
28440,28500,440.06,2002.0,315.9,10202.8789
28500,28560,439.51,1998.8,252.1,10173.9014
28560,28620,440.39,1999.3,244.3,10231.4209
28620,28680,439.29,1998.8,242.2,10166.6104
28680,28740,438.02,1998.6,238.1,10107.0723
28740,28800,439.27,2001.4,237.9,10183.6123
28800,28860,443.25,2005.7,240.2,10358.1865
28860,28920,443.54,2006.0,239.7,10401.3770
28920,28980,444.84,2004.4,242.3,10434.7949
28980,29040,445.78,2005.5,245.5,10505.1660
29040,29100,444.47,2006.5,245.6,10455.9922
29100,29160,443.53,2003.9,239.4,10405.1201
29160,29220,443.23,2004.5,240.3,10417.6123
29220,29280,442.69,2003.8,238.9,10423.6992
29280,29340,441.71,2001.7,238.2,10355.7588
29340,29400,442.48,2002.5,236.7,10405.0088
29400,29460,443.77,2009.9,238.3,10663.4141
29460,29520,444.44,2010.9,238.8,10782.6309
29520,29580,442.04,2002.9,233.9,10562.6016
29580,29640,440.93,2006.4,235.0,10498.3652
29640,29700,442.10,2008.3,238.5,10547.6709
29700,29760,443.74,2011.1,241.8,10544.1855
29760,29820,442.22,2001.7,235.0,10436.6064
29820,29880,449.80,2012.3,242.9,10927.4160
29880,29940,448.18,2002.9,239.8,10684.0645
29940,30000,448.87,2006.7,242.2,10710.6309
30000,30060,448.76,2013.9,250.9,10620.2207
30060,30120,446.49,2013.2,243.4,10619.3672
30120,30180,439.79,2000.8,237.6,10101.9170
30180,30240,445.68,2011.3,262.3,10359.0771
30240,30300,442.30,2006.7,243.8,10268.9551
30300,30360,440.91,2007.1,237.9,10164.0732
30360,30420,438.83,2005.8,239.6,10016.0977
30420,30480,441.06,2010.3,240.0,10164.6787
30480,30540,437.72,2002.9,238.9,9990.9678
30540,30600,435.52,2002.0,240.0,9842.5527
30600,30660,436.24,1999.8,242.7,9901.3467
30660,30720,439.33,2003.2,242.8,10044.7217
30720,30780,436.26,1999.7,241.0,9815.7939
30780,30840,439.45,2001.8,242.7,10041.1016
30840,30900,439.10,2003.0,241.0,10052.6650
30900,30960,438.38,2002.6,240.3,9959.9238
30960,31020,440.07,2006.0,239.2,10135.4346
31020,31080,437.35,1998.4,238.0,9885.2451
31080,31140,435.41,1995.9,236.1,9768.5332
31140,31200,431.58,1987.7,232.5,9477.9277
31200,31260,431.44,1987.8,233.4,9470.4053
31260,31320,430.94,1985.4,231.0,9512.0996
31320,31380,429.54,1983.4,231.4,9362.1221
31380,31440,430.19,1982.7,231.5,9504.8926
31440,31500,429.90,1983.0,231.5,9361.3027
31500,31560,429.45,1982.1,231.9,9335.7188
31560,31620,430.31,1983.0,235.5,9428.1016
31620,31680,430.33,1983.0,240.1,9392.5977
31680,31740,429.81,1982.3,234.1,9372.2910
31740,31800,429.01,1982.1,230.3,9292.9277
31800,31860,429.24,1982.1,229.3,9338.0928
31860,31920,429.09,1982.0,227.9,9330.7393
31920,31980,428.75,1982.0,227.8,9292.9551
31980,32040,428.23,1981.5,229.6,9289.6006
32040,32100,430.25,1982.6,232.2,9521.8721
32100,32160,428.87,1983.4,228.6,9329.7500
32160,32220,430.27,1984.5,227.7,9451.0830
32220,32280,429.28,1983.3,225.6,9381.3691
32280,32340,429.41,1982.4,224.6,9414.7227
32340,32400,429.92,1983.3,228.3,9425.9990
32400,32460,428.88,1983.6,229.8,9360.0771
32460,32520,428.71,1983.1,224.4,9384.3320
32520,32580,429.07,1984.3,224.1,9460.2373
32580,32640,428.33,1984.1,222.8,9415.1250
32640,32700,430.12,1982.7,232.4,9502.6895
32700,32760,429.55,1983.4,225.9,9514.7168
32760,32820,428.96,1983.6,222.6,9450.6758
32820,32880,430.40,1985.0,223.7,9579.5293
32880,32940,429.91,1988.8,224.5,9514.7295
32940,33000,429.36,1986.7,223.2,9522.0479
33000,33060,428.86,1985.9,219.2,9525.3184
33060,33120,429.53,1987.3,220.0,9610.3047
33120,33180,428.09,1984.9,219.9,9502.8730
33180,33240,429.15,1985.4,218.7,9609.4912
33240,33300,428.95,1985.0,219.1,9567.0527
33300,33360,428.88,1984.9,218.8,9600.7119
33360,33420,427.49,1983.7,217.2,9489.5557
33420,33480,428.02,1983.5,219.6,9576.9775
33480,33540,427.87,1982.7,218.5,9536.4697
33540,33600,427.70,1984.0,219.1,9500.5313
33600,33660,427.52,1983.6,219.5,9473.5020
33660,33720,427.80,1982.6,217.8,9557.4805
33720,33780,428.46,1984.3,218.2,9493.6309
33780,33840,428.59,1984.0,218.7,9584.0391
33840,33900,427.72,1983.1,218.1,9546.7119
33900,33960,428.74,1983.4,218.8,9627.9658
33960,34020,428.37,1984.5,221.6,9543.5703
34020,34080,428.23,1986.5,220.3,9556.8691
34080,34140,430.56,1985.1,226.4,9738.6563
34140,34200,432.30,1987.3,225.8,9844.2881
34200,34260,430.83,1989.0,222.7,9747.1563
34260,34320,434.54,2006.9,219.8,10098.8760
34320,34380,429.90,1992.6,220.7,9667.6055
34380,34440,433.38,1998.3,222.1,9874.0938
34440,34500,436.60,2008.4,222.3,10060.5918
34500,34560,438.34,2005.2,221.4,10118.7334
34560,34620,434.04,1998.0,224.3,9896.0117
34620,34680,431.44,1995.0,229.9,9760.5215
34680,34740,436.68,2005.5,325.4,9988.7090
34740,34800,436.74,2016.6,230.5,10075.2188
34800,34860,435.41,2001.8,229.9,9973.0859
34860,34920,432.80,1998.5,237.0,9808.2939
34920,34980,432.36,1997.4,232.0,9819.8633
34980,35040,432.91,1999.2,233.1,9847.6641
35040,35100,436.47,2006.8,234.2,10020.3467
35100,35160,436.80,2005.2,231.4,10085.6934
35160,35220,436.34,2003.2,232.4,9977.7412
35220,35280,436.44,2013.5,229.5,10050.0654
35280,35340,432.20,2002.9,230.4,9788.2607
35340,35400,437.03,2016.8,231.6,10094.2734
35400,35460,439.26,2013.7,229.0,10155.2285
35460,35520,440.92,2022.8,229.6,10329.8477
35520,35580,433.82,2005.5,226.9,9991.5049
35580,35640,437.25,2013.8,252.5,10194.7002
35640,35700,431.75,1997.8,226.0,9873.7754
35700,35760,435.87,2003.5,233.8,10121.7813
35760,35820,438.08,2018.1,244.5,10236.1563
35820,35880,438.55,2017.6,236.6,10304.9453
35880,35940,434.88,2006.4,225.8,10093.6436
35940,36000,436.47,2008.2,226.2,10166.2490
36000,36060,431.79,1995.7,218.7,9914.7734
36060,36120,427.54,1986.9,212.8,9652.8184
36120,36180,426.95,1986.4,215.3,9626.0586
36180,36240,427.24,1985.8,212.4,9685.6104
36240,36300,426.79,1984.6,209.9,9653.4854
36300,36360,426.60,1983.6,210.1,9635.4932
36360,36420,426.28,1983.7,209.3,9646.9961
36420,36480,426.09,1983.7,208.2,9645.1279
36480,36540,426.48,1983.2,212.2,9679.7119
36540,36600,426.37,1984.3,209.2,9679.6133
36600,36660,427.27,1988.4,211.9,9745.3701
36660,36720,425.84,1983.0,206.9,9637.6289
36720,36780,429.98,1992.5,216.2,9854.8105
36780,36840,428.82,1991.4,212.8,9791.4717
36840,36900,428.61,1990.6,212.6,9802.1328
36900,36960,427.11,1984.4,207.6,9667.6221
36960,37020,428.09,1984.7,213.3,9680.3955
37020,37080,427.13,1985.7,210.3,9710.9668
37080,37140,428.17,1987.8,211.5,9775.6963
37140,37200,431.73,1994.8,218.3,10052.4648
37200,37260,433.62,1998.5,247.9,10024.5781
37260,37320,431.37,1999.0,230.0,9934.6875
37320,37380,429.74,1995.0,221.4,9828.2324
37380,37440,431.85,1994.8,229.8,9932.6260
37440,37500,427.13,1985.8,210.4,9726.1748
37500,37560,428.83,1988.2,209.7,9840.1094
37560,37620,429.19,1988.7,218.3,9806.5420
37620,37680,430.46,1988.0,223.5,9853.5439
37680,37740,428.07,1988.4,210.2,9763.2871
37740,37800,428.57,1987.7,209.3,9768.0127
37800,37860,428.61,1986.5,210.0,9742.4805
37860,37920,429.38,1988.5,211.5,9816.3516
37920,37980,427.95,1986.4,218.2,9732.3936
37980,38040,428.19,1989.2,214.1,9781.4219
38040,38100,429.40,1988.5,213.8,9909.5166
38100,38160,427.91,1985.8,207.4,9781.7656
38160,38220,425.50,1982.9,207.1,9583.4424
38220,38280,426.96,1984.7,212.7,9690.0459
38280,38340,425.94,1982.8,208.4,9591.5127
38340,38400,427.63,1983.6,208.9,9652.0752
38400,38460,426.38,1982.6,208.6,9620.1758
38460,38520,425.88,1982.5,207.0,9603.8184
38520,38580,425.67,1982.6,208.4,9567.1084
38580,38640,426.99,1984.8,214.7,9765.5967
38640,38700,431.42,1994.2,226.7,9900.6377
38700,38760,432.28,1996.7,223.6,9950.3926
38760,38820,428.15,1988.4,214.0,9697.5645
38820,38880,432.54,1999.4,230.0,9925.8477
38880,38940,436.71,2009.1,236.1,10181.3691
38940,39000,437.54,2012.7,243.1,10162.1982
39000,39060,436.35,2007.9,243.1,10112.0742
39060,39120,440.25,2018.4,247.0,10326.9844
39120,39180,442.34,2022.9,250.5,10496.8916
39180,39240,439.05,2016.5,246.8,10293.0645
39240,39300,444.95,2031.3,259.9,10658.4717
39300,39360,442.58,2027.8,248.4,10555.8115
39360,39420,438.69,2023.1,231.8,10399.1113
39420,39480,439.53,2027.4,229.7,10493.9570
39480,39540,439.52,2028.8,236.7,10457.4990
39540,39600,439.45,2029.0,240.5,10412.8535
39600,39660,441.15,2033.1,245.2,10494.4141
39660,39720,443.89,2039.3,255.0,10667.5664
39720,39780,444.38,2043.3,251.2,10776.2861
39780,39840,445.21,2045.6,243.5,10804.7998
39840,39900,446.99,2048.7,237.1,10955.8389
39900,39960,448.76,2054.2,236.0,11108.1025
39960,40020,450.92,2062.0,239.4,11140.7129
40020,40080,449.36,2066.3,242.4,11018.1406
40080,40140,452.14,2071.5,242.2,11117.8320
40140,40200,455.37,2082.3,241.1,11348.7510
40200,40260,456.01,2082.5,244.0,11424.1025
40260,40320,456.83,2086.9,249.1,11404.3555
40320,40380,456.93,2088.3,248.2,11435.2188
40380,40440,457.05,2086.9,251.9,11484.9912
40440,40500,456.27,2081.7,250.2,11443.9482
40500,40560,458.46,2085.6,251.9,11540.9551
40560,40620,458.86,2096.1,260.1,11519.3555
40620,40680,459.47,2099.7,263.3,11533.7432
40680,40740,461.24,2104.2,265.1,11570.6865
40740,40800,460.87,2101.4,261.2,11638.4736
40800,40860,461.08,2104.0,265.8,11618.4951
40860,40920,461.92,2112.4,275.7,11534.6387
40920,40980,464.95,2122.0,289.8,11466.1709
40980,41040,466.00,2111.4,296.8,11554.1953
41040,41100,466.10,2109.9,336.2,11524.1748
41100,41160,463.31,2111.7,301.0,11371.5703
41160,41220,465.11,2117.9,318.8,11450.1465
41220,41280,465.89,2122.0,312.0,11465.8809
41280,41340,466.96,2120.7,320.8,11535.8115
41340,41400,468.44,2121.6,311.5,11574.6729
41400,41460,466.96,2124.9,307.6,11524.5264
41460,41520,466.28,2120.6,307.0,11474.5332
41520,41580,471.58,2120.5,316.2,11509.3486
41580,41640,467.00,2129.2,307.0,11429.6172
41640,41700,467.40,2129.2,297.5,11500.1816
41700,41760,467.06,2138.4,308.4,11394.5313
41760,41820,468.86,2136.8,308.8,11516.8652
41820,41880,467.02,2150.5,310.5,11443.5459
41880,41940,466.80,2148.1,312.5,11449.6250
41940,42000,471.02,2140.2,334.8,11572.2627
42000,42060,474.69,2159.2,355.4,11545.7354
42060,42120,476.86,2158.9,333.5,11677.1826
42120,42180,471.76,2162.9,322.4,11684.0840
42180,42240,471.49,2162.9,323.7,11562.0752
42240,42300,478.32,2157.1,329.9,11776.8564
42300,42360,478.39,2162.5,333.9,11800.9287
42360,42420,474.82,2164.5,395.5,11845.0693
42420,42480,481.13,2165.7,530.8,11909.3594
42480,42540,478.20,2168.0,354.9,12005.4189
42540,42600,477.93,2163.3,336.6,11966.8672
42600,42660,474.95,2162.0,332.7,11878.9688
42660,42720,476.58,2162.4,342.7,11995.9746
42720,42780,482.07,2165.7,412.5,11883.6133
42780,42840,483.04,2162.6,401.5,12017.3877
42840,42900,483.40,2162.0,403.1,12052.2520
42900,42960,485.01,2163.8,417.8,12067.9131
42960,43020,483.94,2165.2,427.7,12076.3398
43020,43080,485.80,2173.4,433.7,11925.1094
43080,43140,483.85,2171.4,436.9,11960.0391
43140,43200,490.85,2182.3,438.3,12039.9531
43200,43260,492.35,2176.1,496.3,11904.6582
43260,43320,486.99,2174.9,436.1,12245.1074
43320,43380,485.62,2179.3,445.3,11987.7422
43380,43440,487.42,2183.5,437.0,12097.6201
43440,43500,486.11,2188.9,425.9,12029.5918
43500,43560,485.31,2190.5,423.6,11964.5596
43560,43620,482.87,2191.4,413.5,12001.3828
43620,43680,475.30,2207.7,380.8,11630.7949
43680,43740,465.66,2200.2,356.4,11346.5264
43740,43800,467.68,2209.9,368.1,11381.5029
43800,43860,470.49,2199.3,380.4,11493.5693
43860,43920,467.92,2182.1,368.5,11446.6553
43920,43980,472.66,2191.5,366.7,11719.9229
43980,44040,474.43,2198.1,381.8,11646.4385
44040,44100,479.16,2199.0,409.6,11756.2139
44100,44160,482.86,2200.7,452.4,11928.0186
44160,44220,485.08,2200.6,430.1,11809.8340
44220,44280,483.66,2202.3,412.7,11886.8174
44280,44340,481.19,2203.6,399.8,11857.5508
44340,44400,482.59,2201.1,411.2,11869.5840
44400,44460,482.95,2202.2,415.5,11916.0957
44460,44520,481.46,2204.0,401.7,11893.3740
44520,44580,480.90,2203.7,406.4,11876.3096
44580,44640,482.99,2204.7,408.1,11997.6514
44640,44700,485.85,2206.6,416.8,12089.6006
44700,44760,483.99,2205.2,412.5,12007.2354
44760,44820,483.71,2204.1,413.8,12009.5781
44820,44880,484.83,2205.5,423.9,12023.8027
44880,44940,485.78,2205.0,424.3,12026.3096
44940,45000,492.34,2206.0,453.2,12183.3154
45000,45060,496.01,2207.9,464.2,12266.8770
45060,45120,499.76,2210.7,474.8,12338.1934
45120,45180,500.43,2215.3,488.7,12362.8311
45180,45240,498.06,2222.4,516.9,12333.4072
45240,45300,499.36,2221.7,513.4,12468.4238
45300,45360,501.41,2221.1,654.1,12471.5117
