CampaignData_and_Merges/R0/CSL_MobileLab_Parked/raw/20240801/USOS-NOAAIodideCIMS-OrgNitrs_MobileLabGround_20240801_RA.ict
37, 1001
Michael A Robinson, Chris Jernigan, Subi Thakali
NOAA ESRL Chemical Sciences Laboratory and CIRES, U. of Colorado
NOAA Iodide CIMS Instrument
USOS
1, 1
2024, 08, 01, 2024, 08, 02
1
starttime_UTC, seconds_past_midnight, seconds_of_day_since_00:00:00_UTC
5
1, 1, 1, 1, 1
-9999, -9999, -9999, -9999, -9999
C4H7NO5_NOAACIMS, pptv, Gas_C4H7NO5_InSitu_S_AVMR, 
ISOPN_NOAACIMS, pptv, Gas_ISOPN_InSitu_S_AVMR, 
C5H10O3_NOAACIMS, pptv, Gas_C5H10O3_InSitu_S_AVMR, 
C5H9NO5_NOAACIMS, pptv, Gas_C5H9NO5_InSitu_S_AVMR, 
C10H17NO4_NOAACIMS, pptv, Gas_C10H17NO4_InSitu_S_AVMR, 
0
18
PI_CONTACT_INFO: 325 Broadway, R/CSD 7, Boulder, Colorado 80305; michael.a.robinson@noaa.gov; chris.jernigan@noaa.gov;
PLATFORM: NOAA CSL Mobile Lab
LOCATION: SLC, Utah
ASSOCIATED_DATA: 1Hz data also available on request.
INSTRUMENT_INFO: NOAA I- ToF CIMS
DATA_INFO: All data in parts per trillion by volume (pptv). 1 Hz data is available upon request.
UNCERTAINTY: TBD
ULOD_FLAG: -7777
ULOD_VALUE: N/A
LLOD_FLAG: -8888
LLOD_VALUE: N/A
DM_CONTACT_INFO: Nathan Howard; nathan.h.howard@noaa.gov
PROJECT_INFO: USOS, summer 2024. https://csl.noaa.gov/groups/csl7/measurements/2024usos/
STIPULATIONS_ON_USE: Users are strongly encouraged to contact the PI for proper data usage.
OTHER_COMMENTS: 
REVISION: RA
RA: Preliminary Data; For in-field use only
starttime_UTC, C4H7NO5_NOAACIMS, ISOPN_NOAACIMS, C5H10O3_NOAACIMS, C5H9NO5_NOAACIMS, C10H17NO4_NOAACIMS
     0,  6.735, 10.525, 63.008,  4.945,  0.239
    60,  6.474, 11.021, 64.284,  4.872,  0.195
   120,  6.465, 10.280, 62.847,  5.137,  0.246
   180,  6.406, 10.427, 62.105,  5.087,  0.253
   240,  6.526, 10.522, 61.602,  4.784,  0.268
   300,  6.326, 10.003, 60.778,  4.930,  0.277
   360,  6.317,  9.981, 58.974,  4.930,  0.238
   420,  6.258,  9.255, 57.194,  4.918,  0.216
   480,  6.173,  8.072, 56.939,  4.900,  0.251
   540, -9999.000, -9999.000, -9999.000, -9999.000, -9999.000
   600,  5.605,  7.333, 49.556,  4.629,  0.158
   660,  5.614,  7.133, 49.930,  4.696,  0.228
   720,  5.296,  6.296, 49.758,  4.531,  0.181
   780,  5.831,  8.311, 51.350,  4.853,  0.192
   840,  5.759,  7.832, 52.842,  4.891,  0.211
   900,  5.776,  7.723, 52.130,  4.800,  0.190
   960,  5.786,  7.849, 52.139,  4.657,  0.217
  1020,  5.709,  7.736, 51.141,  4.755,  0.251
  1080,  5.611,  7.896, 49.623,  4.880,  0.213
  1140,  5.241,  7.402, 46.801,  4.670,  0.157
  1200,  5.220,  6.639, 46.021,  4.594,  0.227
  1260,  5.145,  6.770, 44.213,  4.699,  0.276
  1320,  5.100,  6.600, 43.807,  4.244,  0.233
  1380,  4.918,  6.149, 41.115,  4.387,  0.174
  1440,  5.008,  6.364, 40.080,  4.478,  0.218
  1500,  5.029,  6.187, 41.535,  4.619,  0.188
  1560,  5.287,  6.833, 41.664,  4.568,  0.253
  1620,  5.393,  6.823, 42.919,  4.883,  0.267
  1680,  5.482,  6.968, 43.695,  4.445,  0.304
  1740,  5.698,  7.331, 45.579,  4.635,  0.195
  1800,  5.772,  7.906, 46.282,  4.563,  0.330
  1860,  5.551,  7.516, 46.949,  4.666,  0.233
  1920,  5.743,  8.319, 46.216,  4.748,  0.282
  1980,  5.873,  8.601, 47.964,  4.750,  0.279
  2040,  5.875,  9.157, 50.420,  4.699,  0.327
  2100,  5.810,  8.871, 51.232,  4.740,  0.341
  2160,  5.673,  9.259, 50.331,  4.587,  0.323
  2220,  5.492,  8.500, 48.991,  4.520,  0.194
  2280,  5.220,  7.304, 45.944,  4.356,  0.271
  2340,  5.204,  7.526, 44.044,  4.393,  0.215
  2400, -9999.000, -9999.000, -9999.000, -9999.000, -9999.000
  2460,  4.241,  5.680, 33.717,  3.882,  0.232
  2520,  4.055,  5.455, 32.080,  4.369,  0.202
  2580,  4.230,  5.381, 31.749,  3.991,  0.249
  2640,  4.376,  6.246, 33.990,  4.324,  0.201
  2700,  4.395,  6.289, 35.193,  3.994,  0.291
  2760,  4.620,  7.021, 37.270,  4.311,  0.243
  2820,  4.767,  7.478, 38.562,  4.238,  0.222
  2880,  4.975,  7.842, 42.078,  4.476,  0.261
  2940,  4.895,  8.477, 42.821,  4.373,  0.318
  3000,  4.843,  7.729, 42.113,  4.356,  0.333
  3060,  4.925,  7.907, 42.793,  4.255,  0.314
  3120,  4.988,  8.513, 44.943,  4.385,  0.300
  3180,  4.877,  8.215, 45.384,  4.462,  0.286
  3240,  4.776,  8.856, 44.230,  4.321,  0.334
  3300,  4.689,  8.795, 45.388,  4.137,  0.346
  3360,  4.919, 11.013, 47.636,  4.381,  0.335
  3420,  5.100, 12.219, 51.272,  4.470,  0.347
  3480,  5.113, 12.117, 51.569,  4.434,  0.365
  3540,  5.293, 13.203, 52.293,  4.530,  0.428
  3600,  5.456, 14.919, 55.320,  4.563,  0.372
  3660,  5.230, 13.311, 54.396,  4.621,  0.301
  3720,  5.218, 12.777, 54.633,  4.462,  0.320
  3780,  5.135, 13.700, 54.919,  4.592,  0.219
  3840,  5.096, 13.476, 54.086,  4.364,  0.273
  3900,  5.124, 13.626, 54.231,  4.479,  0.240
  3960,  5.217, 14.900, 57.381,  4.421,  0.288
  4020,  5.113, 13.973, 54.841,  4.552,  0.310
  4080,  4.802, 13.182, 52.795,  4.570,  0.312
  4140,  4.703, 11.449, 50.526,  4.278,  0.349
  4200,  4.591, 10.608, 47.895,  4.156,  0.308
  4260,  4.382,  9.324, 43.220,  3.826,  0.340
  4320,  4.483, 11.032, 46.897,  4.501,  0.298
  4380,  4.730, 12.788, 50.418,  4.392,  0.330
  4440,  4.796, 13.279, 52.547,  4.640,  0.287
  4500,  4.853, 13.580, 53.455,  4.644,  0.317
  4560,  4.797, 12.941, 54.195,  4.557,  0.281
  4620,  4.751, 12.892, 51.868,  4.510,  0.275
  4680,  4.831, 14.102, 54.917,  4.603,  0.305
  4740,  4.960, 14.208, 56.899,  4.601,  0.301
  4800,  4.898, 13.947, 56.197,  4.575,  0.267
  4860,  4.879, 14.448, 57.406,  4.540,  0.302
  4920,  5.183, 15.386, 59.197,  4.546,  0.251
  4980,  5.150, 16.728, 62.689,  4.790,  0.278
  5040,  5.129, 16.278, 61.942,  4.647,  0.323
  5100,  4.998, 16.602, 62.604,  4.476,  0.319
  5160,  5.037, 17.227, 64.093,  4.525,  0.272
  5220,  5.022, 17.098, 63.466,  4.737,  0.235
  5280,  4.992, 17.386, 63.624,  4.607,  0.321
  5340,  4.914, 16.872, 64.206,  4.698,  0.291
  5400,  4.672, 15.656, 61.185,  4.579,  0.429
  5460,  4.609, 15.485, 58.948,  4.796,  0.325
  5520,  4.815, 16.458, 61.278,  4.643,  0.308
  5580,  4.788, 17.693, 60.934,  4.540,  0.331
  5640,  4.777, 17.166, 63.414,  4.868,  0.344
  5700,  4.711, 17.101, 61.649,  5.013,  0.315
  5760,  4.749, 17.507, 62.113,  4.832,  0.349
  5820,  4.487, 16.207, 61.468,  4.709,  0.306
  5880,  4.368, 15.907, 59.683,  4.619,  0.288
  5940,  4.258, 14.946, 56.515,  4.577,  0.321
  6000,  3.660, 11.063, 49.356,  4.241,  0.242
  6060,  3.177,  7.887, 45.808,  4.207, -0.198
  6120,  3.495,  9.668, 42.191,  3.818,  0.280
  6180,  3.415,  9.725, 41.627,  4.291,  0.241
  6240,  3.495, 10.266, 42.513,  4.158,  0.310
  6300,  3.966, 13.279, 48.325,  4.571,  0.232
  6360,  4.030, 14.127, 51.063,  4.319,  0.274
  6420,  4.079, 14.333, 53.634,  4.562,  0.345
  6480,  4.087, 14.491, 53.382,  4.596,  0.250
  6540,  4.181, 14.245, 52.444,  4.567,  0.251
  6600,  4.071, 14.080, 52.978,  4.431,  0.286
  6660,  4.021, 13.569, 53.105,  4.342,  0.233
  6720,  4.064, 14.033, 53.366,  4.408,  0.270
  6780,  4.094, 14.061, 56.485,  4.300,  0.290
  6840,  4.014, 13.656, 53.937,  4.407,  0.258
  6900,  3.988, 14.034, 55.224,  4.573,  0.253
  6960,  4.090, 14.561, 54.135,  4.508,  0.274
  7020,  4.245, 15.751, 58.040,  4.478,  0.356
  7080,  4.140, 14.735, 56.316,  4.557,  0.344
  7140,  4.184, 15.601, 58.107,  4.851,  0.420
  7200,  4.106, 15.004, 57.738,  4.581,  0.448
  7260,  4.202, 15.640, 58.913,  4.576,  0.371
  7320,  4.171, 15.764, 59.035,  4.626,  0.404
  7380,  4.103, 16.099, 58.254,  4.637,  0.323
  7440,  4.158, 16.020, 57.963,  4.730,  0.377
  7500,  4.067, 15.633, 54.858,  4.460,  0.391
  7560,  4.088, 15.577, 57.800,  4.636,  0.345
  7620,  4.119, 15.502, 58.057,  4.697,  0.410
  7680,  4.079, 14.949, 56.032,  4.477,  0.438
  7740,  3.941, 15.162, 55.606,  4.628,  0.397
  7800,  3.924, 14.774, 54.985,  4.661,  0.400
  7860,  3.834, 14.149, 55.842,  4.842,  0.385
  7920,  3.861, 14.984, 52.420,  4.288,  0.450
  7980,  3.674, 13.638, 49.456,  4.279,  0.393
  8040,  3.616, 13.355, 49.721,  4.546,  0.358
  8100,  3.539, 13.191, 48.901,  4.781,  0.258
  8160,  3.568, 13.474, 50.793,  4.768,  0.320
  8220,  3.605, 13.517, 52.451,  4.705,  0.319
  8280,  3.643, 13.814, 53.102,  4.689,  0.401
  8340,  3.639, 13.705, 52.047,  4.926,  0.358
  8400,  3.603, 13.842, 51.412,  4.770,  0.327
  8460,  3.659, 14.239, 50.184,  4.496,  0.396
  8520,  3.641, 15.493, 53.381,  4.826,  0.370
  8580,  3.691, 15.281, 52.056,  5.110,  0.329
  8640,  3.699, 15.010, 53.943,  5.173,  0.298
  8700,  3.703, 15.354, 53.949,  5.184,  0.298
  8760,  3.724, 15.781, 55.872,  5.154,  0.383
  8820,  3.790, 16.561, 59.331,  5.557,  0.394
  8880,  3.787, 16.340, 59.543,  5.497,  0.458
  8940,  3.779, 16.130, 59.558,  5.426,  0.402
  9000,  3.888, 16.771, 60.598,  5.619,  0.427
  9060,  3.804, 16.516, 61.309,  5.606,  0.321
  9120,  3.898, 17.223, 61.164,  5.572,  0.409
  9180,  3.927, 17.250, 62.273,  5.940,  0.453
  9240,  3.872, 17.430, 62.580,  5.934,  0.519
  9300,  3.961, 17.787, 64.501,  6.005,  0.562
  9360,  3.927, 18.586, 68.744,  6.543,  0.566
  9420,  3.859, 17.334, 66.406,  6.478,  0.616
  9480,  3.911, 17.547, 67.060,  6.410,  0.614
  9540,  3.811, 17.468, 65.324,  6.341,  0.607
  9600,  3.796, 17.987, 65.415,  6.392,  0.624
  9660,  3.757, 17.743, 67.723,  6.101,  0.595
  9720,  3.849, 18.171, 66.973,  6.217,  0.585
  9780, -9999.000, -9999.000, -9999.000, -9999.000, -9999.000
  9840,  3.466, 16.747, 59.058,  5.572,  0.566
  9900,  3.604, 16.693, 61.225,  5.907,  0.624
  9960,  3.628, 16.517, 64.130,  6.202,  0.703
 10020,  3.600, 15.360, 65.102,  6.138,  0.740
 10080,  3.657, 16.228, 66.930,  6.223,  0.753
 10140,  3.599, 16.495, 69.882,  6.424,  0.825
 10200,  3.671, 15.675, 67.260,  6.126,  0.810
 10260,  3.489, 14.686, 62.637,  5.915,  0.617
 10320,  3.460, 15.280, 62.843,  5.900,  0.714
 10380,  3.470, 14.940, 63.142,  6.071,  0.735
 10440,  3.464, 14.692, 62.793,  5.790,  0.801
 10500,  3.447, 14.331, 59.823,  5.858,  0.830
 10560,  3.436, 14.343, 58.165,  5.995,  0.840
 10620,  3.282, 13.918, 60.029,  5.933,  0.872
 10680,  3.344, 13.514, 58.252,  5.990,  0.845
 10740,  3.184, 12.542, 55.516,  5.755,  0.817
 10800,  3.173, 11.817, 55.692,  5.784,  0.727
 10860,  3.157, 12.234, 56.752,  5.489,  0.901
 10920,  3.127, 11.640, 54.172,  5.594,  0.754
 10980,  3.102, 11.428, 52.499,  5.481,  0.787
 11040,  3.052, 10.700, 53.176,  5.612,  0.712
 11100,  3.032, 11.312, 55.120,  5.360,  0.818
 11160,  3.079, 11.139, 54.062,  5.635,  0.864
 11220,  2.984, 11.063, 51.165,  5.531,  0.757
 11280,  3.002, 10.805, 52.002,  5.829,  0.700
 11340,  3.094, 11.586, 55.324,  5.749,  0.703
 11400,  3.025, 11.669, 53.277,  5.904,  0.716
 11460,  3.048, 12.587, 54.513,  6.167,  0.688
 11520,  3.122, 12.190, 53.297,  6.051,  0.756
 11580,  3.140, 12.552, 56.684,  6.083,  0.795
 11640, -9999.000, -9999.000, -9999.000, -9999.000, -9999.000
 11700,  3.051, 13.099, 52.987,  6.300,  0.699
 11760,  3.039, 12.616, 57.518,  6.234,  0.750
 11820,  3.136, 13.042, 59.147,  6.316,  0.690
 11880,  3.134, 12.938, 58.238,  6.532,  0.731
 11940,  3.094, 12.679, 58.535,  6.197,  0.740
 12000,  3.128, 12.270, 58.865,  6.505,  0.692
 12060,  3.117, 12.949, 57.490,  6.547,  0.682
 12120,  3.088, 12.144, 56.960,  6.313,  0.584
 12180,  2.989, 11.729, 54.186,  6.244,  0.678
 12240,  2.946, 11.787, 54.247,  6.262,  0.725
 12300,  2.865, 11.335, 52.442,  6.170,  0.725
 12360,  2.749, 10.566, 49.333,  6.082,  0.641
 12420,  2.766, 10.396, 49.117,  5.976,  0.688
 12480,  2.750,  9.737, 47.702,  5.739,  0.686
 12540,  2.651,  8.983, 45.949,  5.631,  0.684
 12600,  2.647,  9.286, 45.208,  5.840,  0.683
 12660,  2.570,  8.772, 45.333,  5.645,  0.650
 12720,  2.516,  8.889, 43.690,  5.430,  0.615
 12780,  2.543, 10.161, 40.992,  5.163,  0.687
 12840,  2.518,  8.857, 41.310,  5.232,  0.634
 12900,  2.446,  8.591, 41.112,  4.983,  0.549
 12960,  2.378,  8.067, 40.099,  4.934,  0.645
 13020,  2.388,  8.461, 38.732,  4.905,  0.541
 13080,  2.295,  7.732, 39.027,  4.929,  0.575
 13140,  2.347,  7.744, 39.028,  4.781,  0.592
 13200,  2.379,  7.556, 38.023,  5.007,  0.573
 13260,  2.315,  7.359, 37.005,  5.258,  0.632
 13320,  2.377,  7.407, 38.807,  5.472,  0.541
 13380,  2.384,  8.223, 40.531,  5.141,  0.611
 13440,  2.442,  8.090, 39.234,  5.274,  0.697
 13500, -9999.000, -9999.000, -9999.000, -9999.000, -9999.000
 13560,  2.255,  7.961, 35.980,  5.067,  0.533
 13620,  2.481,  8.193, 36.943,  5.485,  0.607
 13680,  2.439,  7.650, 39.679,  5.419,  0.613
 13740,  2.350,  7.375, 38.137,  5.462,  0.654
 13800,  2.357,  7.081, 37.408,  5.533,  0.637
 13860,  2.399,  7.770, 38.576,  5.386,  0.629
 13920,  2.414,  8.600, 39.834,  5.518,  0.583
 13980,  2.402,  7.759, 38.565,  5.491,  0.606
 14040,  2.416,  7.642, 38.982,  5.466,  0.647
 14100,  2.455,  7.403, 39.058,  5.649,  0.702
 14160,  2.396,  6.956, 38.358,  5.260,  0.603
 14220,  2.381,  7.424, 38.653,  5.437,  0.702
 14280,  2.329,  7.078, 37.009,  5.329,  0.602
 14340,  2.381,  6.725, 37.465,  5.349,  0.532
 14400,  2.330,  6.839, 38.054,  5.291,  0.631
 14460,  2.334,  6.522, 35.822,  5.234,  0.576
 14520,  2.348,  6.529, 35.951,  5.361,  0.601
 14580,  2.334,  6.490, 36.816,  5.592,  0.594
 14640,  2.221,  6.360, 34.924,  5.274,  0.557
 14700,  2.211,  6.102, 34.678,  5.079,  0.619
 14760,  2.252,  6.221, 35.063,  4.980,  0.642
 14820,  2.227,  5.533, 32.866,  5.103,  0.565
 14880,  2.213,  5.782, 32.603,  5.149,  0.559
 14940,  2.174,  5.670, 33.802,  5.033,  0.608
 15000,  2.188,  5.691, 32.395,  5.188,  0.478
 15060,  2.212,  5.877, 33.409,  5.024,  0.512
 15120,  2.193,  5.617, 32.952,  4.923,  0.576
 15180,  2.159,  5.196, 31.618,  5.043,  0.597
 15240,  2.184,  5.249, 31.712,  4.996,  0.602
 15300,  2.189,  5.247, 31.672,  4.767,  0.432
 15360,  2.057,  5.240, 28.764,  4.553,  0.461
 15420,  2.065,  5.642, 30.627,  4.770,  0.627
 15480,  2.148,  4.927, 30.943,  5.055,  0.611
 15540,  2.101,  5.549, 31.469,  4.908,  0.532
 15600,  2.115,  5.874, 31.659,  4.742,  0.617
 15660,  2.118,  5.186, 29.544,  4.933,  0.557
 15720,  2.077,  4.987, 29.666,  4.881,  0.705
 15780,  2.101,  4.890, 30.168,  4.941,  0.821
 15840,  2.047,  4.756, 29.476,  4.989,  0.746
 15900,  1.999,  4.915, 28.767,  4.848,  0.794
 15960,  2.068,  5.651, 29.697,  5.105,  0.712
 16020,  2.175,  6.598, 31.477,  5.482,  0.730
 16080,  2.222,  6.680, 32.980,  5.130,  0.683
 16140,  2.224,  6.425, 34.039,  5.031,  0.729
 16200,  2.239,  6.920, 33.543,  5.194,  0.624
 16260,  2.283,  6.916, 34.482,  5.110,  0.614
 16320,  2.266,  6.907, 33.966,  4.923,  0.648
 16380,  2.199,  6.298, 33.861,  4.836,  0.668
 16440,  2.196,  6.451, 33.231,  4.705,  0.537
 16500,  2.128,  6.514, 32.946,  4.765,  0.556
 16560,  2.232,  6.312, 33.025,  4.891,  0.669
 16620,  2.203,  6.620, 33.638,  4.719,  0.580
 16680,  2.058,  6.039, 33.222,  4.675,  0.566
 16740,  2.117,  5.954, 33.255,  4.842,  0.601
 16800,  2.090,  5.731, 32.009,  4.746,  0.556
 16860,  2.140,  5.834, 31.956,  4.804,  0.489
 16920,  2.110,  6.102, 32.209,  4.795,  0.578
 16980,  2.182,  6.335, 32.372,  4.930,  0.612
 17040,  2.085,  5.783, 30.778,  4.746,  0.545
 17100,  2.078,  5.738, 30.197,  4.527,  0.541
 17160, -9999.000, -9999.000, -9999.000, -9999.000, -9999.000
 17220,  1.954,  4.981, 24.626,  3.991,  0.502
 17280,  1.904,  4.979, 27.191,  4.387,  0.542
 17340,  2.012,  4.669, 28.276,  4.553,  0.514
 17400,  1.986,  5.055, 27.226,  4.858,  0.553
 17460,  2.020,  4.726, 27.339,  4.755,  0.468
 17520,  2.011,  4.909, 28.052,  4.781,  0.530
 17580,  1.959,  4.906, 27.473,  4.710,  0.591
 17640,  2.013,  5.097, 28.467,  4.891,  0.495
 17700,  1.934,  4.907, 29.077,  4.928,  0.513
 17760,  2.036,  4.980, 29.044,  4.729,  0.593
 17820,  1.963,  5.196, 27.961,  4.650,  0.537
 17880,  2.000,  5.040, 27.479,  4.665,  0.472
 17940,  2.004,  4.761, 27.934,  4.791,  0.509
 18000,  2.055,  5.390, 28.300,  4.719,  0.516
 18060,  2.033,  5.346, 29.140,  4.914,  0.457
 18120,  2.076,  5.422, 29.025,  5.004,  0.522
 18180,  2.098,  5.340, 28.712,  5.128,  0.480
 18240,  2.029,  5.281, 28.381,  4.794,  0.570
 18300,  2.048,  5.086, 27.341,  4.912,  0.465
 18360,  2.074,  5.402, 28.980,  5.178,  0.556
 18420,  2.135,  5.395, 30.744,  5.094,  0.539
 18480,  2.096,  5.426, 28.862,  4.968,  0.471
 18540,  2.075,  5.521, 28.001,  5.163,  0.513
 18600,  2.142,  5.802, 29.206,  5.018,  0.390
 18660,  2.139,  5.155, 28.594,  5.218,  0.466
 18720,  2.107,  5.512, 29.466,  5.419,  0.513
 18780,  2.120,  5.529, 30.189,  4.984,  0.481
 18840,  2.100,  5.227, 28.553,  5.211,  0.466
 18900,  2.084,  5.424, 29.125,  5.002,  0.500
 18960,  2.020,  5.308, 29.564,  5.299,  0.474
 19020, -9999.000, -9999.000, -9999.000, -9999.000, -9999.000
 19080,  2.061,  4.546, 26.902,  4.814,  0.292
 19140,  2.067,  4.973, 27.595,  4.860,  0.374
 19200,  2.048,  5.019, 27.923,  4.842,  0.411
 19260,  2.052,  4.566, 27.647,  5.059,  0.352
 19320,  2.025,  5.088, 27.580,  4.844,  0.381
 19380,  2.087,  4.974, 28.003,  4.853,  0.428
 19440,  2.058,  5.012, 28.292,  5.012,  0.440
 19500,  2.067,  5.236, 29.148,  5.003,  0.478
 19560,  2.133,  5.327, 28.164,  4.964,  0.473
 19620,  2.032,  5.130, 29.026,  5.098,  0.374
 19680,  2.087,  5.139, 28.144,  5.177,  0.420
 19740,  2.116,  5.178, 27.993,  5.048,  0.454
 19800,  2.073,  5.089, 28.132,  4.994,  0.430
 19860,  2.114,  5.322, 28.962,  5.132,  0.464
 19920,  2.141,  5.379, 29.187,  5.491,  0.459
 19980,  2.159,  5.165, 28.518,  5.133,  0.484
 20040,  2.077,  5.290, 28.031,  5.296,  0.497
 20100,  2.158,  5.223, 29.464,  5.071,  0.511
 20160,  2.181,  5.128, 28.181,  5.052,  0.536
 20220,  2.113,  5.091, 28.324,  5.303,  0.492
