CampaignData_and_Merges/R0/CSL_MobileLab_Parked/raw/20240801/USOS-PTR_MobileLabGround_20240801_R0.ict
58, 1001
Matthew Coggon, Kelvin Bates, Chelsea Stockwell, Carsten Warneke
NOAA ESRL Chemical Sciences Division
NOAA PTR-ToF-MS
USOS
1,1 
2024, 08, 01, 2025, 09, 19
0
Time_Start, seconds, number of seconds from 00:00 UTC 
22
1, 1, 1, 1, 1, 1, 1, 1, 1, 1, 1, 1, 1, 1, 1, 1, 1, 1, 1, 1, 1, 1
-9999, -9999, -9999, -9999, -9999, -9999, -9999, -9999, -9999, -9999, -9999, -9999, -9999, -9999, -9999, -9999, -9999, -9999, -9999, -9999, -9999, -9999
CH3OH_NOAAPTR_ppbv,  ppbv, Gas_CH3OH_InSitu_S_AVMR, (CH3OH) methanol
CH3CN_NOAAPTR_ppbv,  ppbv, Gas_CH3CN_InSitu_S_AVMR, (CH3CN) acetonitrile
CH3CHO_NOAAPTR_ppbv,  ppbv, Gas_CH3CHO_InSitu_S_AVMR, (CH3CHO) acetaldehyde plus contributions from ethylene glycol and ethylene oxide. Interference from ethanol has been subtracted out.
C2H5OH_NOAAPTR_ppbv,  ppbv, Gas_C2H5OH_InSitu_S_AVMR, (C2H5OH) ethanol
CH3SH_NOAAPTR_ppbv,  ppbv, Gas_CH3SH_InSitu_S_AVMR, (CH3SH) methanethiol, using calibration factor for DMS
Acrolein_NOAAPTR_ppbv,  ppbv, Gas_Acrolein_InSitu_S_AVMR, (C3H4O) acrolein
AcetonePropanal_NOAAPTR_ppbv,  ppbv, Gas_AcetoneAndPropanal_InSitu_S_AVMR, (C3H6O) sum of acetone (dominant isomer) and propanal, using calibration factor for acetone
DMS_NOAAPTR_ppbv,  ppbv, Gas_DMS_InSitu_S_AVMR, (C2H6S) dimethyl sulfide with possible small contributions from ethanethiol
C5H8_NOAAPTR_ppbv,  ppbv, Gas_Isoprene_InSitu_S_AVMR, (C5H8) isoprene and possible fragments from cycloalkanes and aldehydes. Interferences have been subtracted following methods described by Coggon et al (2023)
MVKMAC_NOAAPTR_ppbv,  ppbv, Gas_MVKAndMAC_InSitu_S_AVMR, (C4H6O) sum of methyl vinyl ketone, methacrolein, and small amounts of crotonaldehyde, using weighted calibration factor for MVK (0.637) and MACR (0.363)
Benzene_NOAAPTR_ppbv,  ppbv, Gas_Benzene_InSitu_S_AVMR, (C6H6) benzene
Toluene_NOAAPTR_ppbv,  ppbv, Gas_Toluene_InSitu_S_AVMR, (C7H8) toluene with possible small contributions of fragments from ethyltoluene
Styrene_NOAAPTR_ppbv,  ppbv, Gas_Styrene_InSitu_S_AVMR, (C8H8) styrene
Benzaldehyde_NOAAPTR_ppbv,  ppbv, Gas_Benzaldehyde_InSitu_S_AVMR, (C7H6O) benzaldehyde
C8Aromatics_NOAAPTR_ppbv,  ppbv, Gas_C8Aromatics_InSitu_M_AVMR, (C8H10) sum of m-xylene, p-xylene, o-xylene, and ethyl benzene
C9Aromatics_NOAAPTR_ppbv,  ppbv, Gas_C9Aromatics_InSitu_M_AVMR, (C9H12) sum of C9 aromatics
Naphthalene_NOAAPTR_ppbv,  ppbv, Gas_Naphthalene_InSitu_S_AVMR, (C10H8) naphthalene
Octanal_NOAAPTR_ppbv,  ppbv, Gas_Octanal_InSitu_S_AVMR, (C8H16O) octanal and small amounts of octanone
Monoterpenes_NOAAPTR_ppbv,  ppbv, Gas_Monoterpenes_InSitu_M_AVMR, (C10H16) sum of monoterpenes and possible contributions from fragments of oxygenated monoterpenoids such as eucalyptol.
Nonanal_NOAAPTR_ppbv,  ppbv, Gas_Nonanal_InSitu_M_AVMR, (C9H18O) nonanal and small amounts of nonanone
C7H4ClF3_NOAAPTR_ppbv,  ppbv, Gas_C7H4ClF3_InSitu_S_AVMR, (C7H4ClF3) parachlorobenzotrifluoride
C10H30O5Si5_NOAAPTR_ppbv,  ppbv, Gas_C10H30O5Si5_InSitu_S_AVMR, (C10H30O5Si5) decamethylcyclopentasiloxane
1
SPECIAL COMMENTS:N/A
21
PI_CONTACT_INFO: NOAA ESRL Chemical Sciences Division, Tropospheric Chemistry Group. 325 Broadway, R/CSD7, Boulder, CO 80305
PLATFORM: Mobile Laboratory.
LOCATION: Salt Lake City, UT
ASSOCIATED_DATA: N/A
INSTRUMENT_INFO: NOAA PTR-ToF-MS measurements on NOAA CSL Mobile Lab
DATA_INFO: Units: ppbv
UNCERTAINTY: See OTHER_COMMENTS
ULOD_FLAG: -7777
ULOD_VALUE: N/A
LLOD_FLAG: -8888
LLOD_VALUE: N/A.
DM_CONTACT_INFO: Data Managers: Matt Coggon, Kelvin Bates, Chelsea Stockwell; email: matthew.m.coggon@noaa.gov and kelvin.bates@colorado.edu
PROJECT_INFO: USOS Deployment July-August, 2024
STIPULATIONS_ON_USE: Use of these data require prior OK from PI.
OTHER_COMMENTS: Uncertainties:
CH3OH_NOAAPTR_ppbv:30%; CH3CN_NOAAPTR_ppbv:30%; CH3CHO_NOAAPTR_ppbv:30%; C2H5OH_NOAAPTR_ppbv:30%; CH3SH_NOAAPTR_ppbv:50%; Acrolein_NOAAPTR_ppbv:30%; AcetonePropanal_NOAAPTR_ppbv:30%; DMS_NOAAPTR_ppbv:30%; C5H8_NOAAPTR_ppbv:30%; MVKMAC_NOAAPTR_ppbv:30%; 
Benzene_NOAAPTR_ppbv:30%; Toluene_NOAAPTR_ppbv:30%; Styrene_NOAAPTR_ppbv:30%; Benzaldehyde_NOAAPTR_ppbv:30%; C8Aromatics_NOAAPTR_ppbv:30%; C9Aromatics_NOAAPTR_ppbv:30%; Naphthalene_NOAAPTR_ppbv:30%; Octanal_NOAAPTR_ppbv:30%; Monoterpenes_NOAAPTR_ppbv:30%; Nonanal_NOAAPTR_ppbv:30%; 
C7H4ClF3_NOAAPTR_ppbv:30%; C10H30O5Si5_NOAAPTR_ppbv:30%; 
REVISION: R0
R0: Calibrated PTR Data. See individual species comments for details about measurement uncertainties
Time_Start, CH3OH_NOAAPTR_ppbv, CH3CN_NOAAPTR_ppbv, CH3CHO_NOAAPTR_ppbv, C2H5OH_NOAAPTR_ppbv, CH3SH_NOAAPTR_ppbv, Acrolein_NOAAPTR_ppbv, AcetonePropanal_NOAAPTR_ppbv, DMS_NOAAPTR_ppbv, C5H8_NOAAPTR_ppbv, MVKMAC_NOAAPTR_ppbv, Benzene_NOAAPTR_ppbv, Toluene_NOAAPTR_ppbv, Styrene_NOAAPTR_ppbv, Benzaldehyde_NOAAPTR_ppbv, C8Aromatics_NOAAPTR_ppbv, C9Aromatics_NOAAPTR_ppbv, Naphthalene_NOAAPTR_ppbv, Octanal_NOAAPTR_ppbv, Monoterpenes_NOAAPTR_ppbv, Nonanal_NOAAPTR_ppbv, C7H4ClF3_NOAAPTR_ppbv, C10H30O5Si5_NOAAPTR_ppbv
[from data line 447]
26820.0, 8.32886, 0.43349, 1.15533, 2.34575, 0.00237, 0.14717, 3.67966, 0.01459, 0.21109, 0.25771, 0.10279, 0.10085, 0.00422, -0.00228, 0.04769, 0.02633, 0.00450, 0.01658, 0.10071, 0.02874, 0.00751, 0.00660 
26880.0, 8.65296, 0.43831, 1.16810, 2.05972, 0.00410, 0.17868, 3.77810, 0.01522, 0.18810, 0.25446, 0.08305, 0.10928, 0.00988, -0.00226, 0.05491, 0.02620, -0.00270, 0.02487, 0.07536, 0.03799, 0.00455, 0.00047 
26940.0, 8.09723, 0.44167, 1.05715, 1.97723, 0.00132, 0.16397, 3.71089, 0.00666, 0.19011, 0.24332, 0.08667, 0.10834, -0.00041, -0.00225, 0.05676, 0.02331, -0.00270, 0.01924, 0.09439, 0.03349, 0.00585, 0.00236 
27000.0, 8.74597, 0.46393, 1.17248, 2.41290, 0.00019, 0.13676, 3.76746, -0.00494, 0.18518, 0.26084, 0.11143, 0.09978, -0.00245, 0.00264, 0.06274, 0.03195, 0.00788, 0.01246, 0.10393, 0.01543, 0.00258, 0.00549 
27060.0, 9.29879, 0.44159, 1.17929, 2.29473, 0.00185, 0.15889, 3.77752, 0.01330, 0.19921, 0.27111, 0.13999, 0.11629, 0.00328, 0.02034, 0.07579, 0.02823, 0.01466, 0.02790, 0.10294, 0.03962, 0.00109, 0.00256 
27120.0, 9.97550, 0.43862, 1.32236, 3.21018, 0.00301, 0.16803, 3.80836, 0.00819, 0.22193, 0.26237, 0.12041, 0.15167, -0.00284, 0.00475, 0.08633, 0.03147, -0.00269, 0.02315, 0.10367, 0.03333, 0.00245, 0.00599 
27180.0, 10.47693, 0.41981, 1.33533, 3.45128, 0.00091, 0.16733, 3.92157, 0.00864, 0.17138, 0.27435, 0.12808, 0.14724, 0.01613, -0.00218, 0.08809, 0.03389, 0.00475, 0.01641, 0.12306, 0.04738, 0.01286, 0.00570 
27240.0, 9.35111, 0.46197, 1.75045, 5.49029, 0.00630, 0.18105, 3.97885, 0.00021, 0.20041, 0.27653, 0.08737, 0.17928, -0.00281, -0.00217, 0.11703, 0.03997, 0.00219, 0.03056, 0.13259, 0.04554, 0.00712, 0.00833 
27300.0, 9.12995, 0.48735, 1.39663, 3.24828, -0.00026, 0.16030, 3.91549, 0.00216, 0.17150, 0.26404, 0.09715, 0.11295, 0.00260, 0.00884, 0.09090, 0.03576, 0.01226, 0.04618, 0.12495, 0.02793, 0.00760, 0.00355 
27360.0, 10.55586, 0.48992, 1.63280, 4.43959, 0.00307, 0.19623, 3.84652, 0.00828, 0.22385, 0.26375, 0.06856, 0.17194, 0.00931, 0.00643, 0.11545, 0.04119, 0.00099, 0.02014, 0.14407, 0.05394, 0.00660, 0.00371 
27420.0, 9.54234, 0.48238, 1.51460, 3.71414, 0.00048, 0.17022, 3.90168, 0.00319, 0.14572, 0.23404, 0.10201, 0.14769, 0.02066, -0.00212, 0.11109, 0.04146, -0.00268, 0.02123, 0.13103, 0.01932, 0.00535, 0.00501 
27480.0, 10.16797, 0.46273, 1.43634, 4.17256, 0.00440, 0.16916, 3.87572, 0.01748, 0.19273, 0.22901, 0.10484, 0.17163, 0.01051, -0.00210, 0.09210, 0.03503, 0.01116, 0.02982, 0.11506, 0.02701, 0.00044, 0.00461 
27540.0, 8.71751, 0.48254, 1.23963, 2.69639, 0.00017, 0.17996, 3.74918, -0.00203, 0.16892, 0.22908, 0.09356, 0.15243, 0.00731, -0.00209, 0.06238, 0.03465, -0.00267, 0.01945, 0.10423, 0.04988, 0.00571, 0.00547 
27600.0, 9.18118, 0.49466, 1.30213, 3.15989, 0.00079, 0.17230, 3.83871, -0.00186, 0.18475, 0.24494, 0.15726, 0.12567, 0.01512, -0.00207, 0.07653, 0.03564, -0.00267, 0.02116, 0.10831, 0.03691, 0.00248, 0.00516 
27660.0, 8.99255, 0.46092, 1.48591, 4.25176, 0.00153, 0.17112, 3.95710, 0.01115, 0.20706, 0.24868, 0.11721, 0.14484, -0.00268, -0.00205, 0.09500, 0.05182, 0.00788, 0.03665, 0.12713, 0.03249, 0.00609, 0.00671 
27720.0, 9.33196, 0.49305, 1.63777, 3.18669, 0.00295, 0.16270, 3.94950, 0.02004, 0.22477, 0.26922, 0.12690, 0.14072, 0.02036, 0.00069, 0.10128, 0.03475, 0.00939, 0.03448, 0.12941, 0.04176, -0.00205, 0.00609 
27780.0, 9.36115, 0.47877, 1.60719, 3.76147, 0.00603, 0.19646, 3.87704, 0.00574, 0.20432, 0.25357, 0.09683, 0.17453, 0.01461, -0.00202, 0.07997, 0.03985, 0.00091, 0.02156, 0.12804, 0.04215, 0.00464, 0.00774 
27840.0, 9.73421, 0.49810, 1.63921, 3.60374, -0.00103, 0.16828, 3.98530, 0.00558, 0.20571, 0.24575, 0.07276, 0.18312, -0.00262, -0.00201, 0.11455, 0.04328, -0.00266, 0.03649, 0.13163, 0.06334, 0.01339, 0.00857 
27900.0, 9.98022, 0.43552, 1.56736, 3.66506, 0.00121, 0.18149, 3.91979, 0.01853, 0.21292, 0.25908, 0.10771, 0.17460, 0.01262, 0.00021, 0.07628, 0.04517, 0.00627, 0.03431, 0.11838, 0.04614, 0.00203, 0.00814 
27960.0, 7.98241, 0.45248, 1.25218, 2.37321, 0.00287, 0.18761, 3.81116, 0.00220, 0.18726, 0.24040, 0.10453, 0.12044, 0.01585, -0.00073, 0.08828, 0.02565, 0.00285, 0.01366, 0.09977, 0.04498, 0.00778, 0.00431 
28020.0, 9.21828, 0.49638, 1.42648, 3.75498, 0.00174, 0.16599, 3.89465, 0.00051, 0.20472, 0.24087, 0.12342, 0.27745, -0.00257, 0.01048, 0.17664, 0.04619, -0.00265, 0.02424, 0.10591, 0.03623, 0.00439, 0.00498 
28080.0, 9.15619, 0.51043, 1.30635, 2.86268, 0.00303, 0.16578, 3.84843, 0.00555, 0.15599, 0.25349, 0.09433, 0.11213, -0.00255, -0.00188, 0.07679, 0.03235, -0.00265, 0.01996, 0.10494, 0.02090, 0.00613, 0.00260 
28140.0, 8.55624, 0.45308, 1.33059, 3.42847, 0.00319, 0.17019, 3.85664, -0.00528, 0.18603, 0.25171, 0.08288, 0.16490, -0.00253, -0.00193, 0.08834, 0.04444, -0.00175, 0.02695, 0.11650, 0.03364, 0.00211, 0.00516 
28200.0, 9.35115, 0.47238, 1.23536, 2.57554, 0.00042, 0.17168, 3.80128, -0.00078, 0.15733, 0.24177, 0.10268, 0.13389, 0.00607, 0.00485, 0.08481, 0.03824, 0.00395, 0.02157, 0.10226, 0.04573, 0.00315, 0.00334 
28260.0, 10.78555, 0.46985, 1.43226, 3.59839, 0.00346, 0.16644, 4.00005, -0.00007, 0.21190, 0.27412, 0.18486, 0.19657, 0.01358, 0.01127, 0.12327, 0.03973, -0.00264, 0.01399, 0.11206, 0.04028, 0.00629, 0.00608 
28320.0, 9.73450, 0.44961, 1.60293, 3.79375, -0.00035, 0.21806, 3.91052, -0.00527, 0.14056, 0.24645, 0.17308, 0.18808, 0.01245, 0.02167, 0.10769, 0.04683, 0.00605, 0.02717, 0.10787, 0.04617, 0.00798, 0.00979 
28380.0, 10.67222, 0.47212, 2.04082, 4.76216, 0.00638, 0.19274, 4.11139, 0.00515, 0.21620, 0.26468, 0.11703, 0.22546, -0.00245, -0.00186, 0.13278, 0.05717, -0.00264, 0.01592, 0.10415, 0.06672, 0.00534, 0.01169 
28440.0, 9.77139, 0.47261, 1.68684, 3.23724, 0.00480, 0.17582, 3.93464, 0.00617, 0.17500, 0.26591, 0.11631, 0.17003, -0.00244, -0.00185, 0.12869, 0.04571, 0.01236, 0.02817, 0.10643, 0.04653, 0.00787, 0.01017 
28500.0, 10.75560, 0.50997, 1.69773, 4.79962, 0.00162, 0.23582, 3.97236, -0.00526, 0.21638, 0.28955, 0.09816, 0.18085, 0.00348, -0.00134, 0.12824, 0.04658, 0.01348, 0.03465, 0.11681, 0.04570, 0.00380, 0.00820 
28560.0, 8.71551, 0.49054, 1.54912, 4.34926, 0.00007, 0.15100, 3.94695, -0.00526, 0.20529, 0.25424, 0.11788, 0.17006, -0.00240, -0.00182, 0.10909, 0.03837, 0.00368, 0.01541, 0.09655, 0.04149, 0.00486, 0.01302 
28620.0, 10.45270, 0.47399, 1.57935, 3.97757, 0.00259, 0.18857, 3.91997, 0.00967, 0.20444, 0.25392, 0.13770, 0.22521, 0.00721, 0.00275, 0.14374, 0.06316, 0.00602, 0.03070, 0.10075, 0.05784, 0.00390, 0.00656 
28680.0, 9.72847, 0.49268, 1.61105, 3.36995, 0.00050, 0.17965, 3.87396, 0.00814, 0.16157, 0.27289, 0.12258, 0.18020, 0.02511, 0.01381, 0.11020, 0.04234, -0.00179, 0.02949, 0.12067, 0.05370, 0.00770, 0.00853 
28740.0, 8.98023, 0.45507, 1.44824, 3.65985, 0.00045, 0.16451, 3.89423, 0.00835, 0.20134, 0.23607, 0.12552, 0.16583, 0.00747, -0.00021, 0.09719, 0.05486, 0.00119, 0.03443, 0.10659, 0.03904, 0.00806, 0.00997 
28800.0, 9.98439, 0.48053, 1.61530, 4.00134, 0.00175, 0.19236, 3.94729, 0.00620, 0.15291, 0.28217, 0.20979, 0.23029, 0.02741, 0.02395, 0.12572, 0.05382, 0.01973, 0.03355, 0.11487, 0.05507, 0.01219, 0.00781 
28860.0, 10.60851, 0.48204, 1.82135, 5.25056, 0.00005, 0.19381, 4.15569, 0.01613, 0.22493, 0.27503, 0.13959, 0.25533, 0.02809, 0.01365, 0.14401, 0.06423, 0.00759, 0.03417, 0.12535, 0.08257, 0.00370, 0.00887 
28920.0, 11.53028, 0.46128, -9999.00000, 4.68357, 0.00307, 0.17649, 4.15653, 0.01172, -9999.00000, 0.25397, 0.20540, 0.26625, -0.00229, 0.02178, 0.17385, 0.06800, 0.01972, 0.04312, 0.15783, 0.05556, 0.00761, 0.00911 
28980.0, -9999.00000, -9999.00000, -9999.00000, -9999.00000, -9999.00000, -9999.00000, -9999.00000, -9999.00000, -9999.00000, -9999.00000, -9999.00000, -9999.00000, -9999.00000, -9999.00000, -9999.00000, -9999.00000, -9999.00000, -9999.00000, -9999.00000, -9999.00000, -9999.00000, -9999.00000 
29040.0, -9999.00000, -9999.00000, -9999.00000, -9999.00000, -9999.00000, -9999.00000, -9999.00000, -9999.00000, -9999.00000, -9999.00000, -9999.00000, -9999.00000, -9999.00000, -9999.00000, -9999.00000, -9999.00000, -9999.00000, -9999.00000, -9999.00000, -9999.00000, -9999.00000, -9999.00000 
29100.0, -9999.00000, -9999.00000, -9999.00000, -9999.00000, -9999.00000, -9999.00000, -9999.00000, -9999.00000, -9999.00000, -9999.00000, -9999.00000, -9999.00000, -9999.00000, -9999.00000, -9999.00000, -9999.00000, -9999.00000, -9999.00000, -9999.00000, -9999.00000, -9999.00000, -9999.00000 
29160.0, -9999.00000, -9999.00000, -9999.00000, -9999.00000, -9999.00000, -9999.00000, -9999.00000, -9999.00000, -9999.00000, -9999.00000, -9999.00000, -9999.00000, -9999.00000, -9999.00000, -9999.00000, -9999.00000, -9999.00000, -9999.00000, -9999.00000, -9999.00000, -9999.00000, -9999.00000 
29220.0, -9999.00000, -9999.00000, -9999.00000, -9999.00000, -9999.00000, -9999.00000, -9999.00000, -9999.00000, -9999.00000, -9999.00000, -9999.00000, -9999.00000, -9999.00000, -9999.00000, -9999.00000, -9999.00000, -9999.00000, -9999.00000, -9999.00000, -9999.00000, -9999.00000, -9999.00000 
29280.0, 11.32486, 0.48133, -9999.00000, 6.25399, 0.00186, 0.20726, 4.07578, 0.01012, -9999.00000, 0.26178, 0.26167, 0.43048, 0.02110, 0.03940, 0.25268, 0.09016, 0.01558, 0.03730, 0.17335, 0.06811, 0.00283, 0.01119 
29340.0, 10.25844, 0.48055, 1.70694, 5.10061, 0.00245, 0.17391, 3.96596, -0.00273, 0.19690, 0.23786, 0.17046, 0.36286, 0.01856, 0.00044, 0.21058, 0.07956, -0.00218, 0.02154, 0.14244, 0.04764, 0.00491, 0.01082 
29400.0, 11.03944, 0.46112, 1.97049, 8.03163, 0.00467, 0.22225, 4.18343, 0.01137, 0.18397, 0.24040, 0.31358, 0.73169, 0.03173, 0.01388, 0.42260, 0.13730, 0.00892, 0.03412, 0.16674, 0.06197, 0.01088, 0.01161 
29460.0, 11.69619, 0.46834, 2.05607, 8.80051, 0.00659, 0.25528, 4.53053, 0.00707, 0.18240, 0.27328, 0.34642, 0.64607, -0.00240, -0.00167, 0.42126, 0.12748, 0.00748, 0.05347, 0.19052, 0.08375, 0.01049, 0.01096 
29520.0, 12.13414, 0.49421, 2.03212, 6.33218, 0.00645, 0.22303, 4.43259, -0.00137, 0.22690, 0.27707, 0.20842, 0.41295, 0.03670, 0.01870, 0.26288, 0.08631, 0.01481, 0.05171, 0.15086, 0.06170, 0.00613, 0.01447 
29580.0, 10.53458, 0.45228, 1.68915, 4.54777, 0.00371, 0.19625, 4.04611, 0.01590, 0.13079, 0.22304, 0.08703, 0.22686, -0.00247, -0.00167, 0.16574, 0.05759, -0.00259, 0.03864, 0.13175, 0.04934, 0.00085, 0.01285 
29640.0, 8.92507, 0.48912, 1.49633, 5.52452, 0.00337, 0.19130, 3.87950, 0.00588, 0.16837, 0.22902, 0.14458, 0.18780, -0.00250, 0.00086, 0.13066, 0.04150, -0.00036, 0.03136, 0.09755, 0.05487, 0.01059, 0.00690 
29700.0, 10.45227, 0.48060, 1.88758, 28.26699, 0.00106, 0.20930, 4.30770, 0.02031, 0.20565, 0.22794, 0.15470, 0.28015, 0.01340, -0.00167, 0.16599, 0.06652, -0.00259, 0.02320, 0.16323, 0.05502, 0.00962, 0.00882 
29760.0, 10.48909, 0.52094, 1.81548, 9.46404, 0.00500, 0.21719, 4.12030, 0.01719, 0.15768, 0.25549, 0.06746, 0.23191, -0.00256, 0.00789, 0.13597, 0.05091, 0.01363, 0.03265, 0.09473, 0.05338, 0.00721, 0.01006 
29820.0, 9.09945, 0.46891, 1.53054, 6.17592, 0.00037, 0.16851, 4.08308, 0.00995, 0.18941, 0.27321, 0.11376, 0.22326, -0.00259, -0.00167, 0.13482, 0.05536, 0.00392, 0.02710, 0.13139, 0.06376, 0.00563, 0.00361 
29880.0, 11.14663, 0.46067, 2.02867, 11.00742, 0.00519, 0.23833, 4.41768, 0.01720, 0.22077, 0.29230, 0.29474, 0.45899, 0.03120, 0.04811, 0.29881, 0.09781, 0.00208, 0.07019, 0.13552, 0.06870, 0.00601, 0.01258 
29940.0, 9.44354, 0.51153, 1.69298, 6.42670, 0.00384, 0.21216, 4.09778, 0.01331, 0.21941, 0.30715, 0.13716, 0.25791, 0.01390, 0.00158, 0.14480, 0.06217, -0.00155, 0.03555, 0.10935, 0.07779, 0.00708, 0.00941 
30000.0, 10.32726, 0.46472, 1.98362, 8.65015, 0.00531, 0.23236, 4.22911, 0.01188, 0.21317, 0.28197, 0.12904, 0.28452, -0.00268, -0.00167, 0.16014, 0.06849, -0.00044, 0.04722, 0.12233, 0.06999, 0.00825, 0.01279 
30060.0, 12.89961, 0.48185, 2.26185, 8.26386, 0.00243, 0.23437, 4.55120, 0.02455, 0.24300, 0.30994, 0.09134, 0.44752, 0.01603, -0.00167, 0.19502, 0.09223, -0.00258, 0.04590, 0.14542, 0.06903, 0.00668, 0.01869 
30120.0, 10.62601, 0.50234, 1.63904, 4.98839, 0.00313, 0.20345, 4.04746, 0.01308, 0.19326, 0.26616, 0.13530, 0.26515, -0.00274, -0.00167, 0.14168, 0.05309, -0.00258, 0.04071, 0.14380, 0.05138, 0.00635, 0.01147 
30180.0, 11.85690, 0.48215, 1.77368, 5.11630, 0.00397, 0.22194, 4.14207, 0.02026, 0.19501, 0.29412, 0.10204, 0.24875, -0.00277, -0.00167, 0.16169, 0.06694, 0.00482, 0.01589, 0.12400, 0.04998, 0.01245, 0.00938 
30240.0, 11.32195, 0.47118, 2.14417, 6.02445, 0.00372, 0.23090, 4.33431, 0.00719, 0.20018, 0.33268, 0.25158, 0.47317, 0.03502, -0.00167, 0.30578, 0.11337, 0.00346, 0.04878, 0.24863, 0.05504, 0.01149, 0.01288 
30300.0, 10.02615, 0.50931, 1.57412, 4.80171, 0.00590, 0.21655, 4.09314, 0.01872, 0.18201, 0.31984, 0.10742, 0.25301, 0.01910, -0.00167, 0.14627, 0.07500, 0.00464, 0.03532, 0.13317, 0.04124, 0.00975, 0.00820 
30360.0, 9.89456, 0.50595, 1.64587, 5.31696, 0.00398, 0.21050, 4.11000, 0.00754, 0.26316, 0.32641, 0.17395, 0.31367, 0.00210, -0.00167, 0.20130, 0.07210, 0.00296, 0.02995, 0.09808, 0.07641, 0.00702, 0.01195 
30420.0, 8.46848, 0.46134, 1.57086, 4.20452, -0.00099, 0.18499, 3.93287, 0.00802, 0.22032, 0.33079, 0.12881, 0.26764, 0.01987, -0.00167, 0.16398, 0.07173, 0.00574, 0.03052, 0.16187, 0.06137, 0.01235, 0.00860 
30480.0, 10.49161, 0.47997, 1.70382, 5.13426, 0.00267, 0.17800, 4.19088, -0.00328, 0.21013, 0.32902, 0.12990, 0.28295, 0.01708, 0.00052, 0.19092, 0.05820, 0.00629, 0.02439, 0.13374, 0.04175, 0.01067, 0.00945 
30540.0, 9.29827, 0.46634, 1.45552, 3.70126, 0.00381, 0.19893, 3.98476, 0.00533, 0.26181, 0.33417, 0.13077, 0.21040, -0.00295, -0.00167, 0.11841, 0.03874, -0.00257, 0.04370, 0.11794, 0.04052, 0.01311, 0.00738 
30600.0, 8.87482, 0.46552, 1.33174, 3.10156, 0.00042, 0.17379, 3.92958, 0.01204, 0.25524, 0.36781, 0.11145, 0.18466, -0.00298, -0.00167, 0.11460, 0.04327, 0.00811, 0.01565, 0.10279, 0.03841, 0.01248, 0.00777 
30660.0, 9.00854, 0.42597, 1.45242, 3.38835, 0.00001, 0.18994, 4.02880, 0.00629, 0.28811, 0.37051, 0.11452, 0.21822, 0.00782, 0.00298, 0.13136, 0.06527, -0.00257, 0.03883, 0.11464, 0.06189, 0.00549, 0.00838 
30720.0, 8.74394, 0.42720, 1.40695, 2.75690, 0.00277, 0.19083, 3.91024, 0.00223, 0.21954, 0.34308, 0.12508, 0.18299, -0.00304, -0.00167, 0.10152, 0.04674, -0.00223, 0.01772, 0.13567, 0.04265, 0.00904, 0.00203 
30780.0, 8.76799, 0.42229, 1.31460, 2.98694, -0.00102, 0.18044, 3.79187, 0.01065, 0.23647, 0.35579, 0.14413, 0.19167, -0.00307, -0.00167, 0.11283, 0.05307, 0.00271, 0.02213, 0.10507, 0.04710, 0.01123, 0.00451 
30840.0, 9.57662, 0.48540, 1.36635, 3.61764, 0.00134, 0.15930, 3.91002, 0.00915, 0.24484, 0.36482, 0.11671, 0.20029, -0.00310, -0.00167, 0.12996, 0.04256, -0.00256, 0.02523, 0.12007, 0.04581, 0.00571, 0.01301 
30900.0, 9.69782, 0.46062, 1.64782, 4.88669, 0.00157, 0.20184, 3.95742, 0.00857, 0.23004, 0.34676, 0.13120, 0.25447, 0.00866, -0.00167, 0.13594, 0.05872, -0.00256, 0.03792, 0.13755, 0.06576, 0.00975, 0.00932 
30960.0, 9.94230, 0.43742, 1.68336, 5.23417, 0.00781, 0.21907, 3.97015, -0.00094, 0.21376, 0.34764, 0.17605, 0.27042, 0.02553, -0.00167, 0.14939, 0.06628, 0.01674, 0.04698, 0.13572, 0.05853, 0.00729, 0.00868 
31020.0, 9.21835, 0.45940, 1.39808, 3.91800, 0.00293, 0.17477, 4.03709, -0.00241, 0.17896, 0.33377, 0.13407, 0.21479, 0.00235, 0.00625, 0.11036, 0.05558, 0.01210, 0.03603, 0.10387, 0.05367, 0.00503, 0.01075 
31080.0, 9.00196, 0.41719, 1.38959, 3.59388, -0.00102, 0.15973, 3.76870, 0.00612, 0.19941, 0.33251, 0.15872, 0.16027, 0.01383, 0.01461, 0.11574, 0.04264, 0.00486, 0.02044, 0.10874, 0.04334, 0.00291, 0.00517 
31140.0, 8.66845, 0.46186, 1.33994, 3.20399, 0.00367, 0.20101, 3.85229, -0.00513, 0.19438, 0.35245, 0.07398, 0.18369, 0.00741, -0.00167, 0.12231, 0.03381, 0.01251, 0.02222, 0.08489, 0.04871, 0.00392, 0.00692 
