CampaignData_and_Merges/R0/CSL_MobileLab_Parked/raw/20240801/USOS-PTR_MobileLabGround_20240801_R0.ict
58, 1001
Matthew Coggon, Kelvin Bates, Chelsea Stockwell, Carsten Warneke
NOAA ESRL Chemical Sciences Division
NOAA PTR-ToF-MS
USOS
1,1 
2024, 08, 01, 2025, 09, 19
0
Time_Start, seconds, number of seconds from 00:00 UTC 
22
1, 1, 1, 1, 1, 1, 1, 1, 1, 1, 1, 1, 1, 1, 1, 1, 1, 1, 1, 1, 1, 1
-9999, -9999, -9999, -9999, -9999, -9999, -9999, -9999, -9999, -9999, -9999, -9999, -9999, -9999, -9999, -9999, -9999, -9999, -9999, -9999, -9999, -9999
CH3OH_NOAAPTR_ppbv,  ppbv, Gas_CH3OH_InSitu_S_AVMR, (CH3OH) methanol
CH3CN_NOAAPTR_ppbv,  ppbv, Gas_CH3CN_InSitu_S_AVMR, (CH3CN) acetonitrile
CH3CHO_NOAAPTR_ppbv,  ppbv, Gas_CH3CHO_InSitu_S_AVMR, (CH3CHO) acetaldehyde plus contributions from ethylene glycol and ethylene oxide. Interference from ethanol has been subtracted out.
C2H5OH_NOAAPTR_ppbv,  ppbv, Gas_C2H5OH_InSitu_S_AVMR, (C2H5OH) ethanol
CH3SH_NOAAPTR_ppbv,  ppbv, Gas_CH3SH_InSitu_S_AVMR, (CH3SH) methanethiol, using calibration factor for DMS
Acrolein_NOAAPTR_ppbv,  ppbv, Gas_Acrolein_InSitu_S_AVMR, (C3H4O) acrolein
AcetonePropanal_NOAAPTR_ppbv,  ppbv, Gas_AcetoneAndPropanal_InSitu_S_AVMR, (C3H6O) sum of acetone (dominant isomer) and propanal, using calibration factor for acetone
DMS_NOAAPTR_ppbv,  ppbv, Gas_DMS_InSitu_S_AVMR, (C2H6S) dimethyl sulfide with possible small contributions from ethanethiol
C5H8_NOAAPTR_ppbv,  ppbv, Gas_Isoprene_InSitu_S_AVMR, (C5H8) isoprene and possible fragments from cycloalkanes and aldehydes. Interferences have been subtracted following methods described by Coggon et al (2023)
MVKMAC_NOAAPTR_ppbv,  ppbv, Gas_MVKAndMAC_InSitu_S_AVMR, (C4H6O) sum of methyl vinyl ketone, methacrolein, and small amounts of crotonaldehyde, using weighted calibration factor for MVK (0.637) and MACR (0.363)
Benzene_NOAAPTR_ppbv,  ppbv, Gas_Benzene_InSitu_S_AVMR, (C6H6) benzene
Toluene_NOAAPTR_ppbv,  ppbv, Gas_Toluene_InSitu_S_AVMR, (C7H8) toluene with possible small contributions of fragments from ethyltoluene
Styrene_NOAAPTR_ppbv,  ppbv, Gas_Styrene_InSitu_S_AVMR, (C8H8) styrene
Benzaldehyde_NOAAPTR_ppbv,  ppbv, Gas_Benzaldehyde_InSitu_S_AVMR, (C7H6O) benzaldehyde
C8Aromatics_NOAAPTR_ppbv,  ppbv, Gas_C8Aromatics_InSitu_M_AVMR, (C8H10) sum of m-xylene, p-xylene, o-xylene, and ethyl benzene
C9Aromatics_NOAAPTR_ppbv,  ppbv, Gas_C9Aromatics_InSitu_M_AVMR, (C9H12) sum of C9 aromatics
Naphthalene_NOAAPTR_ppbv,  ppbv, Gas_Naphthalene_InSitu_S_AVMR, (C10H8) naphthalene
Octanal_NOAAPTR_ppbv,  ppbv, Gas_Octanal_InSitu_S_AVMR, (C8H16O) octanal and small amounts of octanone
Monoterpenes_NOAAPTR_ppbv,  ppbv, Gas_Monoterpenes_InSitu_M_AVMR, (C10H16) sum of monoterpenes and possible contributions from fragments of oxygenated monoterpenoids such as eucalyptol.
Nonanal_NOAAPTR_ppbv,  ppbv, Gas_Nonanal_InSitu_M_AVMR, (C9H18O) nonanal and small amounts of nonanone
C7H4ClF3_NOAAPTR_ppbv,  ppbv, Gas_C7H4ClF3_InSitu_S_AVMR, (C7H4ClF3) parachlorobenzotrifluoride
C10H30O5Si5_NOAAPTR_ppbv,  ppbv, Gas_C10H30O5Si5_InSitu_S_AVMR, (C10H30O5Si5) decamethylcyclopentasiloxane
1
SPECIAL COMMENTS:N/A
21
PI_CONTACT_INFO: NOAA ESRL Chemical Sciences Division, Tropospheric Chemistry Group. 325 Broadway, R/CSD7, Boulder, CO 80305
PLATFORM: Mobile Laboratory.
LOCATION: Salt Lake City, UT
ASSOCIATED_DATA: N/A
INSTRUMENT_INFO: NOAA PTR-ToF-MS measurements on NOAA CSL Mobile Lab
DATA_INFO: Units: ppbv
UNCERTAINTY: See OTHER_COMMENTS
ULOD_FLAG: -7777
ULOD_VALUE: N/A
LLOD_FLAG: -8888
LLOD_VALUE: N/A.
DM_CONTACT_INFO: Data Managers: Matt Coggon, Kelvin Bates, Chelsea Stockwell; email: matthew.m.coggon@noaa.gov and kelvin.bates@colorado.edu
PROJECT_INFO: USOS Deployment July-August, 2024
STIPULATIONS_ON_USE: Use of these data require prior OK from PI.
OTHER_COMMENTS: Uncertainties:
CH3OH_NOAAPTR_ppbv:30%; CH3CN_NOAAPTR_ppbv:30%; CH3CHO_NOAAPTR_ppbv:30%; C2H5OH_NOAAPTR_ppbv:30%; CH3SH_NOAAPTR_ppbv:50%; Acrolein_NOAAPTR_ppbv:30%; AcetonePropanal_NOAAPTR_ppbv:30%; DMS_NOAAPTR_ppbv:30%; C5H8_NOAAPTR_ppbv:30%; MVKMAC_NOAAPTR_ppbv:30%; 
Benzene_NOAAPTR_ppbv:30%; Toluene_NOAAPTR_ppbv:30%; Styrene_NOAAPTR_ppbv:30%; Benzaldehyde_NOAAPTR_ppbv:30%; C8Aromatics_NOAAPTR_ppbv:30%; C9Aromatics_NOAAPTR_ppbv:30%; Naphthalene_NOAAPTR_ppbv:30%; Octanal_NOAAPTR_ppbv:30%; Monoterpenes_NOAAPTR_ppbv:30%; Nonanal_NOAAPTR_ppbv:30%; 
C7H4ClF3_NOAAPTR_ppbv:30%; C10H30O5Si5_NOAAPTR_ppbv:30%; 
REVISION: R0
R0: Calibrated PTR Data. See individual species comments for details about measurement uncertainties
Time_Start, CH3OH_NOAAPTR_ppbv, CH3CN_NOAAPTR_ppbv, CH3CHO_NOAAPTR_ppbv, C2H5OH_NOAAPTR_ppbv, CH3SH_NOAAPTR_ppbv, Acrolein_NOAAPTR_ppbv, AcetonePropanal_NOAAPTR_ppbv, DMS_NOAAPTR_ppbv, C5H8_NOAAPTR_ppbv, MVKMAC_NOAAPTR_ppbv, Benzene_NOAAPTR_ppbv, Toluene_NOAAPTR_ppbv, Styrene_NOAAPTR_ppbv, Benzaldehyde_NOAAPTR_ppbv, C8Aromatics_NOAAPTR_ppbv, C9Aromatics_NOAAPTR_ppbv, Naphthalene_NOAAPTR_ppbv, Octanal_NOAAPTR_ppbv, Monoterpenes_NOAAPTR_ppbv, Nonanal_NOAAPTR_ppbv, C7H4ClF3_NOAAPTR_ppbv, C10H30O5Si5_NOAAPTR_ppbv
[from data line 75]
 4500.0, 7.55412, 0.49498, 1.42967, 3.07476, 0.00051, 0.23641, 3.99634, 0.00636, 0.57978, 0.37024, 0.15271, 0.22325, 0.01490, -0.01141, 0.10240, 0.04603, -0.00468, 0.00385, 0.19732, 0.02967, 0.00743, 0.00184 
 4560.0, 7.58770, 0.52110, 1.52098, 3.29574, 0.00609, 0.16619, 4.13296, 0.00803, 0.59418, 0.37253, 0.18261, 0.20790, 0.01651, 0.01218, 0.09608, 0.04864, -0.00467, 0.04303, 0.18275, 0.02682, 0.00883, 0.00768 
 4620.0, 9.34038, 0.49067, 1.87948, 11.45491, 0.00283, 0.26055, 4.28864, 0.01306, 0.60976, 0.36499, 0.63723, 1.51950, 0.07209, -0.01134, 0.79568, 0.23122, 0.01365, 0.03265, 0.16291, 0.06095, 0.01481, 0.00462 
 4680.0, 8.70848, 0.50969, 1.47929, 3.33342, 0.00301, 0.21576, 4.12088, 0.01618, 0.47220, 0.37589, 0.16884, 0.26657, -0.00449, -0.01130, 0.11746, 0.04965, 0.01539, 0.03286, 0.18849, 0.06721, 0.00657, 0.00475 
 4740.0, 9.51747, 0.50681, 1.52663, 9.76222, 0.00038, 0.22517, 4.11620, 0.01344, 0.40451, 0.35431, 0.63203, 1.51493, 0.05027, -0.01127, 0.83729, 0.24251, 0.00949, 0.03463, 0.13692, 0.05508, 0.00577, 0.00496 
 4800.0, 9.30895, 0.46768, 1.70922, 9.73379, 0.00554, 0.20403, 4.19911, 0.01699, 0.42035, 0.36646, 0.57200, 1.39275, 0.05215, -0.01123, 0.73171, 0.21698, 0.02027, 0.03709, 0.19700, 0.08518, 0.00467, 0.00570 
 4860.0, 7.82805, 0.49550, 1.26362, 2.10175, 0.00312, 0.17130, 3.94576, 0.00229, 0.47676, 0.38343, 0.17882, 0.22993, -0.00453, 0.01078, 0.12405, 0.05821, -0.00463, 0.03046, 0.20479, 0.04028, 0.00624, 0.00280 
 4920.0, 8.94274, 0.48876, 1.33898, 2.44397, -0.00076, 0.19835, 3.95939, 0.01032, 0.50802, 0.37343, 0.17503, 0.23112, 0.00644, -0.00558, 0.10917, 0.06771, -0.00405, 0.03554, 0.16857, 0.02669, 0.00036, 0.00306 
 4980.0, 8.07219, 0.50008, 1.30326, 2.74379, 0.00247, 0.18740, 3.99451, 0.02186, 0.49805, 0.38811, 0.18604, 0.22844, 0.01380, -0.01113, 0.11450, 0.06461, 0.00132, 0.03779, 0.18918, 0.03859, 0.00298, 0.00456 
 5040.0, 8.40071, 0.50380, 1.58278, 7.58585, 0.00358, 0.21284, 4.02612, -0.00239, 0.57284, 0.39313, 0.44854, 1.21190, -0.00456, -0.01110, 0.68539, 0.20116, -0.00212, 0.03649, 0.17256, 0.06096, 0.00383, 0.00120 
 5100.0, 8.57658, 0.51844, 1.52914, 4.24490, 0.00151, 0.20235, 4.03366, 0.00662, 0.53001, 0.38614, 0.17536, 0.24574, 0.02068, 0.00155, 0.14786, 0.06007, 0.00580, 0.01946, 0.22327, 0.04228, 0.00607, 0.00660 
 5160.0, 7.35320, 0.48215, 1.05893, 1.80740, -0.00051, 0.17009, 3.88024, 0.02432, 0.49276, 0.38637, 0.13512, 0.17006, 0.00282, -0.00369, 0.09625, 0.04492, 0.00047, 0.02329, 0.14634, 0.02101, 0.00680, 0.00042 
 5220.0, 8.43148, 0.48109, 1.32473, 2.54192, 0.00493, 0.22717, 3.97697, 0.01096, 0.57304, 0.40546, 0.13219, 0.22116, 0.00114, -0.01100, 0.11604, 0.05316, 0.01056, 0.01513, 0.16841, 0.03488, 0.00798, -0.00000 
 5280.0, 8.22951, 0.53677, 1.30583, 2.32221, -0.00104, 0.17910, 3.99656, -0.00678, 0.56160, 0.36580, 0.17485, 0.18215, -0.00461, -0.01096, 0.09821, 0.04410, 0.00813, 0.01387, 0.14187, 0.03355, 0.00825, 0.00398 
 5340.0, 9.42813, 0.50836, 1.44337, 2.30268, 0.00446, 0.23802, 4.00802, 0.02708, 0.63795, 0.40957, 0.20095, 0.19998, -0.00462, -0.00045, 0.11112, 0.05385, 0.01630, 0.02121, 0.20975, 0.04459, 0.00807, 0.00465 
 5400.0, 9.30637, 0.48434, 1.41687, 2.77982, 0.00122, 0.21820, 4.05424, 0.00127, 0.73969, 0.37803, 0.23826, 0.20643, 0.01568, 0.00380, 0.10886, 0.05573, 0.00135, 0.03917, 0.18550, 0.04194, 0.00676, 0.00455 
 5460.0, 9.27822, 0.48144, 1.38316, 3.47360, 0.00324, 0.21083, 4.14575, 0.02154, 0.70826, 0.42226, 0.16679, 0.26326, 0.00919, -0.00822, 0.14109, 0.05070, -0.00423, 0.03019, 0.19198, 0.04267, 0.00958, 0.00744 
 5520.0, 9.12764, 0.51888, 1.40063, 3.50877, 0.00413, 0.21279, 4.00469, 0.01422, 0.67842, 0.35665, 0.19599, 0.23558, 0.01322, -0.00777, 0.12436, 0.05507, 0.00706, 0.02475, 0.18686, 0.04287, 0.00592, 0.00521 
 5580.0, 9.09943, 0.48970, 1.42157, 3.00549, 0.00369, 0.20458, 4.04911, 0.00751, 0.66822, 0.42570, 0.14675, 0.21462, -0.00081, -0.01079, 0.09660, 0.05312, 0.00209, 0.04066, 0.19353, 0.04260, 0.00094, 0.00501 
 5640.0, 8.64424, 0.48746, 1.31194, 2.43558, 0.00479, 0.18050, 4.06762, 0.01103, 0.78229, 0.39275, 0.19426, 0.20624, -0.00468, 0.00775, 0.09209, 0.04192, 0.01330, 0.02772, 0.21664, 0.05930, 0.00542, 0.00408 
 5700.0, 9.53645, 0.47971, 1.54991, 3.57521, 0.00381, 0.21854, 4.15348, 0.02518, 0.87792, 0.36951, 0.15178, 0.26170, 0.01082, -0.01072, 0.12185, 0.05686, -0.00451, 0.02202, 0.21969, 0.05507, 0.01162, 0.00810 
 5760.0, 10.34605, 0.46825, 1.49691, 3.67268, 0.00151, 0.22674, 4.18672, 0.00006, 0.86853, 0.38133, 0.16702, 0.27004, 0.00539, -0.01069, 0.11560, 0.06681, -0.00450, 0.04072, 0.20382, 0.03675, 0.00914, 0.00301 
 5820.0, 10.21908, 0.50656, 1.69513, 6.03247, -0.00037, 0.22227, 4.33790, 0.02360, 0.87316, 0.41055, 0.27481, 0.67993, -0.00435, -0.01065, 0.30681, 0.09194, 0.00203, 0.02703, 0.25889, 0.04686, 0.01388, 0.00740 
 5880.0, 10.27476, 0.46203, 1.69809, 4.69023, 0.00503, 0.24437, 4.33880, 0.02786, 0.83975, 0.38821, 0.20463, 0.34492, -0.00473, -0.01062, 0.16125, 0.06334, 0.00043, 0.01887, 0.20474, 0.05852, 0.00555, 0.00736 
 5940.0, 9.92680, 0.49786, 1.95634, 10.73400, 0.00141, 0.26220, 4.42280, 0.00575, 0.86098, 0.40279, 0.57171, 1.34139, 0.02535, -0.01058, 0.70682, 0.21516, 0.02138, 0.05418, 0.20811, 0.07714, 0.01214, 0.00379 
 6000.0, 9.76913, 0.48537, 1.74709, 5.81620, 0.00410, 0.25500, 4.54137, 0.00632, 0.77309, 0.32129, 0.19883, 0.53836, 0.02480, -0.01055, 0.26753, 0.11330, -0.00447, 0.02922, 0.21070, 0.05784, 0.01174, 0.00290 
 6060.0, 9.27874, 0.48285, 1.56186, 9.19072, 0.00037, 0.22122, 4.30736, 0.02568, 0.62797, 0.24897, 0.12636, 0.36673, 0.02723, -0.01051, 0.17888, 0.07322, 0.00965, 0.03268, 0.14689, 0.05102, 0.01382, 0.00351 
 6120.0, 10.10794, 0.51154, 1.71529, 5.25807, 0.00031, 0.25619, 4.45064, 0.02077, 0.67621, 0.34277, 0.19289, 0.31403, -0.00477, -0.01048, 0.14004, 0.07571, 0.01536, 0.02848, 0.24220, 0.05063, 0.01720, 0.00957 
 6180.0, 11.63146, 0.47715, 1.96431, 6.58340, 0.00219, 0.28649, 4.54247, 0.00370, 0.84345, 0.34934, 0.26988, 0.56748, 0.03194, -0.01045, 0.26715, 0.10291, 0.01136, 0.04473, 0.22893, 0.06586, 0.01541, 0.00610 
 6240.0, 10.38651, 0.48486, 1.75173, 3.84661, 0.00460, 0.20832, 4.46725, 0.00162, 0.58692, 0.29639, 0.27417, 0.33788, 0.02263, 0.00133, 0.14983, 0.07139, 0.00875, 0.04949, 0.17207, 0.03987, 0.00613, 0.00526 
 6300.0, 9.51283, 0.48755, 1.48242, 3.29530, 0.00354, 0.19394, 4.57443, 0.01038, 0.62081, 0.33316, 0.19558, 0.31390, -0.00481, -0.00719, 0.12795, 0.07611, 0.01599, 0.03974, 0.13288, 0.02801, 0.01657, 0.00448 
 6360.0, 9.09358, 0.49841, 1.62291, 4.10247, 0.00417, 0.22394, 4.63220, 0.01644, 0.65553, 0.34189, 0.19660, 0.34708, 0.01902, -0.01035, 0.13254, 0.06545, 0.01304, 0.01865, 0.17154, 0.04598, 0.01045, 0.00738 
 6420.0, 8.27320, 0.48843, 1.32187, 2.86542, 0.00200, 0.19470, 4.38741, 0.00038, 0.71084, 0.34781, 0.14758, 0.23961, 0.00011, -0.01031, 0.12423, 0.04824, -0.00441, 0.02162, 0.15183, 0.04094, 0.00921, 0.00930 
 6480.0, 7.92565, 0.47262, 1.34161, 2.97551, 0.00225, 0.17871, 4.34373, 0.01776, 0.56313, 0.34860, 0.17598, 0.21502, 0.02111, -0.01028, 0.10452, 0.05418, -0.00440, 0.01295, 0.15243, 0.03879, 0.01138, 0.00495 
 6540.0, 8.83067, 0.49079, 1.54850, 4.09328, 0.00148, 0.22480, 4.45690, 0.00824, 0.62099, 0.36296, 0.18636, 0.32076, 0.02358, -0.01024, 0.15354, 0.06336, -0.00440, 0.02085, 0.19795, 0.06299, 0.00985, 0.00126 
 6600.0, 9.97160, 0.50355, 1.58982, 4.06900, 0.00753, 0.18910, 4.57825, 0.02961, 0.66626, 0.33770, 0.17398, 0.28472, -0.00487, -0.01021, 0.15380, 0.06444, 0.03549, 0.02966, 0.19995, 0.05203, 0.00771, 0.00932 
 6660.0, 9.59929, 0.49958, 1.58192, 4.46214, 0.00623, 0.22043, 4.53291, 0.01185, 0.63365, 0.36009, 0.15363, 0.30529, 0.00932, -0.01017, 0.13464, 0.07566, 0.00306, 0.02519, 0.21993, 0.04362, 0.00755, 0.00639 
 6720.0, 10.24536, 0.50285, 1.79063, 10.21246, -0.00066, 0.22672, 4.55646, 0.01663, 0.66199, 0.33982, 0.43050, 1.18135, 0.00736, -0.01014, 0.58163, 0.15942, -0.00437, 0.04649, 0.21146, 0.04272, 0.00957, 0.00413 
 6780.0, 8.10386, 0.51547, 1.42682, 4.16007, 0.00211, 0.17607, 4.24518, 0.01241, 0.53126, 0.34056, 0.20295, 0.37400, -0.00490, -0.01011, 0.17804, 0.06146, -0.00436, 0.02296, 0.17164, 0.03460, 0.00156, 0.00811 
 6840.0, 8.50974, 0.48882, 1.36519, 3.40676, -0.00035, 0.21502, 4.01491, 0.00699, 0.46535, 0.34281, 0.25475, 0.37165, 0.00606, -0.01007, 0.20727, 0.06048, 0.01560, 0.02834, 0.10967, 0.03504, 0.00334, 0.00395 
 6900.0, 9.00736, 0.50033, 1.60200, 18.16792, 0.00355, 0.20875, 4.32632, 0.00405, 0.68348, 0.35653, 0.33679, 0.95842, 0.02930, -0.01004, 0.51044, 0.14118, 0.00443, 0.01759, 0.14608, 0.03581, 0.00736, 0.00505 
 6960.0, 8.17324, 0.49068, 1.50700, 24.14028, 0.00494, 0.20742, 4.22853, 0.01002, 0.74728, 0.30400, 0.14325, 0.22515, 0.01905, -0.01000, 0.12616, 0.04323, 0.00843, 0.01834, 0.14638, 0.03232, 0.00972, 0.00455 
 7020.0, 8.80735, 0.51042, 1.59176, 4.64008, 0.00032, 0.22597, 4.39107, 0.00938, 0.78101, 0.34492, 0.17966, 0.23644, 0.00748, -0.00997, 0.11745, 0.04726, 0.00117, 0.02645, 0.24404, 0.03550, 0.01290, 0.00494 
 7080.0, 10.04229, 0.50305, 1.50901, 5.11273, 0.00349, 0.20804, 4.43137, 0.00712, 0.79874, 0.37307, 0.10875, 0.25222, 0.00465, -0.00993, 0.13433, 0.05539, -0.00127, 0.02021, 0.12415, 0.06090, 0.00394, 0.00807 
 7140.0, 9.48187, 0.51667, 1.54176, 6.04625, 0.00329, 0.24447, 4.47410, 0.01361, 0.81268, 0.36567, 0.13643, 0.24756, -0.00497, -0.00990, 0.12038, 0.05940, -0.00431, 0.02707, 0.18737, 0.03502, 0.00769, 0.00604 
 7200.0, 9.92304, 0.50047, 1.64534, 4.32847, 0.00016, 0.22605, 4.58352, 0.02143, 0.83009, 0.40487, 0.13006, 0.28769, 0.01829, -0.00987, 0.14799, 0.06772, 0.01188, 0.02299, 0.19745, 0.06437, 0.00973, 0.00783 
 7260.0, 9.42851, 0.48684, 1.62563, 4.88810, 0.00553, 0.25441, 4.60734, 0.01314, 0.83342, 0.36272, 0.13723, 0.24370, -0.00500, -0.00983, 0.12854, 0.04985, 0.01246, 0.03785, 0.18300, 0.04246, 0.01538, 0.00612 
 7320.0, 9.34630, 0.48450, 1.55445, 4.33779, 0.00582, 0.20685, 4.54896, -0.00300, 0.75670, 0.38147, 0.16251, 0.26217, 0.00623, -0.00980, 0.13215, 0.05537, -0.00090, 0.02273, 0.16489, 0.03674, 0.00399, 0.00765 
 7380.0, 9.81695, 0.49584, 1.71589, 4.44037, 0.00162, 0.25301, 4.53251, 0.01759, 0.75626, 0.38488, 0.20003, 0.22616, 0.01657, 0.01536, 0.13475, 0.05501, -0.00428, 0.04405, 0.15844, 0.04530, 0.00774, 0.01064 
 7440.0, 9.57697, 0.51666, 1.71395, 4.43974, 0.00216, 0.22405, 4.55297, 0.01697, 0.81154, 0.37794, 0.16179, 0.30734, 0.02528, -0.00269, 0.15867, 0.07574, 0.01205, 0.02975, 0.15057, 0.05935, 0.00818, 0.00697 
 7500.0, 10.13050, 0.48974, 1.72919, 4.96639, 0.00212, 0.21479, 4.74237, 0.02955, 0.77666, 0.39564, 0.18369, 0.30167, 0.01139, 0.00814, 0.17265, 0.07277, 0.00734, 0.04384, 0.14649, 0.05548, 0.00519, 0.00814 
 7560.0, 10.01931, 0.50591, 1.84483, 5.03016, 0.00081, 0.24104, 4.60001, -0.00230, 0.81833, 0.41439, 0.20897, 0.34634, -0.00459, 0.02511, 0.18890, 0.08505, 0.03038, 0.06478, 0.20115, 0.06260, 0.00629, 0.00410 
 7620.0, 9.60612, 0.50920, -9999.00000, 4.47336, 0.00328, 0.20335, 4.46560, 0.01976, -9999.00000, 0.37414, 0.22504, 0.36128, 0.03713, 0.03323, 0.20161, 0.09871, 0.00147, 0.03254, 0.18371, 0.06865, 0.00990, 0.00473 
 7680.0, -9999.00000, -9999.00000, -9999.00000, -9999.00000, -9999.00000, -9999.00000, -9999.00000, -9999.00000, -9999.00000, -9999.00000, -9999.00000, -9999.00000, -9999.00000, -9999.00000, -9999.00000, -9999.00000, -9999.00000, -9999.00000, -9999.00000, -9999.00000, -9999.00000, -9999.00000 
 7740.0, -9999.00000, -9999.00000, -9999.00000, -9999.00000, -9999.00000, -9999.00000, -9999.00000, -9999.00000, -9999.00000, -9999.00000, -9999.00000, -9999.00000, -9999.00000, -9999.00000, -9999.00000, -9999.00000, -9999.00000, -9999.00000, -9999.00000, -9999.00000, -9999.00000, -9999.00000 
 7800.0, -9999.00000, -9999.00000, -9999.00000, -9999.00000, -9999.00000, -9999.00000, -9999.00000, -9999.00000, -9999.00000, -9999.00000, -9999.00000, -9999.00000, -9999.00000, -9999.00000, -9999.00000, -9999.00000, -9999.00000, -9999.00000, -9999.00000, -9999.00000, -9999.00000, -9999.00000 
 7860.0, -9999.00000, -9999.00000, -9999.00000, -9999.00000, -9999.00000, -9999.00000, -9999.00000, -9999.00000, -9999.00000, -9999.00000, -9999.00000, -9999.00000, -9999.00000, -9999.00000, -9999.00000, -9999.00000, -9999.00000, -9999.00000, -9999.00000, -9999.00000, -9999.00000, -9999.00000 
 7920.0, -9999.00000, -9999.00000, -9999.00000, -9999.00000, -9999.00000, -9999.00000, -9999.00000, -9999.00000, -9999.00000, -9999.00000, -9999.00000, -9999.00000, -9999.00000, -9999.00000, -9999.00000, -9999.00000, -9999.00000, -9999.00000, -9999.00000, -9999.00000, -9999.00000, -9999.00000 
 7980.0, -9999.00000, -9999.00000, -9999.00000, -9999.00000, -9999.00000, -9999.00000, -9999.00000, -9999.00000, -9999.00000, -9999.00000, -9999.00000, -9999.00000, -9999.00000, -9999.00000, -9999.00000, -9999.00000, -9999.00000, -9999.00000, -9999.00000, -9999.00000, -9999.00000, -9999.00000 
 8040.0, -9999.00000, -9999.00000, -9999.00000, -9999.00000, -9999.00000, -9999.00000, -9999.00000, -9999.00000, -9999.00000, -9999.00000, -9999.00000, -9999.00000, -9999.00000, -9999.00000, -9999.00000, -9999.00000, -9999.00000, -9999.00000, -9999.00000, -9999.00000, -9999.00000, -9999.00000 
 8100.0, -9999.00000, -9999.00000, -9999.00000, -9999.00000, -9999.00000, -9999.00000, -9999.00000, -9999.00000, -9999.00000, -9999.00000, -9999.00000, -9999.00000, -9999.00000, -9999.00000, -9999.00000, -9999.00000, -9999.00000, -9999.00000, -9999.00000, -9999.00000, -9999.00000, -9999.00000 
 8160.0, -9999.00000, -9999.00000, -9999.00000, -9999.00000, -9999.00000, -9999.00000, -9999.00000, -9999.00000, -9999.00000, -9999.00000, -9999.00000, -9999.00000, -9999.00000, -9999.00000, -9999.00000, -9999.00000, -9999.00000, -9999.00000, -9999.00000, -9999.00000, -9999.00000, -9999.00000 
 8220.0, -9999.00000, -9999.00000, -9999.00000, -9999.00000, -9999.00000, -9999.00000, -9999.00000, -9999.00000, -9999.00000, -9999.00000, -9999.00000, -9999.00000, -9999.00000, -9999.00000, -9999.00000, -9999.00000, -9999.00000, -9999.00000, -9999.00000, -9999.00000, -9999.00000, -9999.00000 
 8280.0, 10.20543, -9999.00000, -9999.00000, 5.78164, 0.00418, 0.26030, 4.28660, 0.01616, -9999.00000, -9999.00000, 0.27312, 0.37486, 0.00978, -9999.00000, 0.24702, 0.11837, -9999.00000, 0.03247, 0.23618, 0.07743, 0.00623, 0.00752 
 8340.0, 9.88414, 0.47386, 1.61823, 5.15377, 0.00458, 0.26553, 4.19797, 0.02866, 0.81622, 0.36008, 0.24231, 0.37629, 0.02134, -0.00280, 0.21346, 0.09301, 0.00073, 0.05313, 0.23451, 0.05199, 0.00327, 0.01264 
 8400.0, 9.64350, 0.49877, 1.77147, 5.55045, 0.00209, 0.23713, 4.14995, 0.01747, 0.77461, 0.36258, 0.27713, 0.43361, 0.02379, 0.02376, 0.27427, 0.13399, 0.01451, 0.02912, 0.22671, 0.05350, 0.00555, 0.01306 
 8460.0, 12.37771, 0.51488, 2.03870, 7.06762, 0.00202, 0.26309, 4.48169, 0.00414, 0.95033, 0.40732, 0.32641, 0.50349, 0.04396, 0.01581, 0.33267, 0.16249, 0.01533, 0.04402, 0.25514, 0.06113, 0.00423, 0.01463 
 8520.0, 11.26312, 0.48298, 1.89528, 5.71295, 0.00089, 0.27626, 4.76523, 0.00260, 0.97649, 0.41983, 0.27493, 0.38791, 0.01989, -0.00267, 0.26963, 0.11368, -0.00412, 0.03494, 0.19943, 0.04798, 0.00587, 0.01094 
 8580.0, 13.05474, 0.49807, 2.18586, 5.38615, 0.00431, 0.27115, 4.61932, 0.01387, 0.97130, 0.42480, 0.24900, 0.40644, 0.03567, 0.00567, 0.29947, 0.12577, 0.01104, 0.07047, 0.21923, 0.06427, 0.01567, 0.00897 
 8640.0, 13.21006, 0.50524, 1.98023, 6.11533, 0.00238, 0.27265, 4.76262, 0.00390, 1.06696, 0.43706, 0.22663, 0.41038, 0.02176, 0.01422, 0.24872, 0.11213, 0.01390, 0.04212, 0.18284, 0.07028, 0.01717, 0.01303 
 8700.0, 12.72084, 0.51006, 2.00597, 6.17434, -0.00003, 0.28559, 4.87845, 0.02262, 1.03445, 0.43903, 0.25760, 0.38132, 0.04022, -0.00256, 0.27615, 0.11367, -0.00410, 0.04500, 0.20850, 0.06635, 0.00840, 0.00968 
