CampaignData_and_Merges/R0/CSL_MobileLab_Parked/raw/20240801/USOS-Picarro-CO2-CH4-CO-H2O_MobileLabGround_20240801_R0.ict
38, 1001
Ilana Pollack, Nell Schafer, and Jeff Peischl
NOAA Chemical Sciences Laboratory
Picarro 2401-m CO2/CH4/CO/H2O Analyzer
USOS
1, 1
2024, 08, 01, 2024, 11, 20
0
StartTime_UTC, seconds_past_midnight, seconds past midnight
5
1, 1, 1, 1, 1
-9999, -9999, -9999, -9999, -9999
StopTime_UTC, seconds_past_midnight, seconds past midnight
CO2_ppm_1min, ppm, Gas_CO2_InSitu_S_DMF, carbon dioxide mixing ratio
CH4_ppb_1min, ppb, Gas_CH4_InSitu_S_DMF, methane mixing ratio
CO_ppb_1min, ppb, Gas_CO_InSitu_S_DMF, carbon monoxide mixing ratio
H2O_ppmv_1min, ppmv, Met_H2OMRV_InSitu_S_AVMR, water vapor mixing ratio
1
SPECIAL COMMENTS: N/A
18
PI_CONTACT_INFO: Address: NOAA Chemical Sciences Laboratory, Mail Stop CSL7, 325 Broadway, Boulder, CO 80305; Email: Ilana.Pollack@noaa.gov
PLATFORM: NOAA CSL Mobile Laboratory
LOCATION: The mobile lab was stationed in Salt Lake City, Utah.
ASSOCIATED_DATA: N/A
INSTRUMENT_INFO: CO2, CH4, and CO are reported as dry air mole fractions using a commercial wavelength-scanned cavity ring-down analyzer (Picarro 2401-m). An in-field calibration gas standard of 432±0.07 ppm CO2, 2095±1 ppb CH4, and 183±1 ppb CO, calibrated in the Boulder laboratories before and after the field project using primary CO2, CH4, and CO standard tanks tied to the WMO standard (X2019, X2004A, and X2014A, respectively) from the Global Monitoring Laboratory (GML), was delivered to the inlet every 2-3 days to evaluate instrument sensitivity. A H2O measurement was calibrated before the project with a Dew Point Mirror 373 hygrometer. The water correction calculated from these calibrations was applied to the H2O measurement for the entire campaign. Species are measured at 0.5 Hz and reported as 1-minute averages for stationary measurements.
DATA_INFO: Units: CO2, ppm, dry air mole fraction; CH4, ppb, dry air mole fraction; CO, ppb, dry air mole fraction; H2O, ppmv
UNCERTAINTY: Total uncertainties are estimated as ±0.1 ppm for CO2, ±1 ppb for CH4, ±5 ppb for CO, and ±(50 ppm + 4%) for H2O.
ULOD_FLAG: -7777
ULOD_VALUE: N/A
LLOD_FLAG: -8888
LLOD_VALUE: N/A
DM_CONTACT_INFO: Data Manager: Nathan Howard; nathan.h.howard@noaa.gov
PROJECT_INFO: USOS Dates of Study: July – August 2024
STIPULATIONS_ON_USE: Use of these data require prior ok from PI.
OTHER_COMMENTS: Data are averaged to 1 minute intervals. Stationary data collected from a 10 ft tower on top of the mobile van.
REVISION: R0
R0: Final Data
StartTime_UTC, StopTime_UTC, CO2_ppm_1min, CH4_ppb_1min, CO_ppb_1min, H2O_ppmv_1min
0,60,423.61,2007.2,270.9,11124.4590
60,120,423.64,2007.5,278.4,11152.8447
120,180,423.60,2006.9,280.7,11235.2158
180,240,423.74,2007.4,272.9,11374.2207
240,300,424.07,2006.6,271.6,11156.6260
300,360,424.10,2006.8,272.0,11450.0645
360,420,424.50,2004.0,269.0,11138.4619
420,480,424.29,2001.3,263.8,11054.9277
480,540,424.25,2002.0,266.7,11238.5752
540,600,424.71,2001.9,266.8,11227.3955
600,660,423.82,1999.5,258.2,10775.8564
660,720,423.37,1996.7,255.3,10646.3584
720,780,423.77,1996.0,255.5,10227.8701
780,840,424.82,1998.4,265.4,10214.4795
840,900,424.19,1999.5,262.5,10862.9893
900,960,425.57,2000.7,273.1,11206.5547
960,1020,426.33,2002.0,273.5,11498.3066
1020,1080,426.36,1999.9,272.4,11104.9766
1080,1140,424.83,1999.6,266.5,11008.2148
1140,1200,423.98,1997.8,271.3,10850.1816
1200,1260,423.82,1998.9,285.3,11131.8916
1260,1320,424.88,1999.8,278.7,11574.5293
1320,1380,424.14,2000.6,265.8,11506.3584
1380,1440,423.72,1998.5,256.3,11025.8574
1440,1500,423.90,1999.4,261.2,11020.8721
1500,1560,424.13,2000.0,260.4,10999.9932
1560,1620,424.58,1999.7,259.8,10573.8125
1620,1680,424.69,2001.8,264.7,11125.8184
1680,1740,425.00,2002.2,262.2,11414.5830
1740,1800,425.03,2002.8,264.5,11208.8779
1800,1860,425.40,2002.2,268.4,11286.3135
1860,1920,426.38,2002.0,274.0,11341.3301
1920,1980,426.17,2004.4,285.6,10983.1377
1980,2040,426.22,2004.6,277.8,11230.5684
2040,2100,426.40,2004.9,292.9,11172.6641
2100,2160,426.54,2003.7,275.8,11070.1953
2160,2220,426.74,2002.1,268.6,10984.0322
2220,2280,426.03,1999.0,260.1,10544.2949
2280,2340,426.15,1997.7,260.2,10598.3311
2340,2400,426.21,1998.6,261.6,10910.4346
2400,2460,425.59,1997.0,262.9,10593.2803
2460,2520,424.95,1993.2,255.4,10014.4971
2520,2580,425.06,1992.4,251.8,9857.0977
2580,2640,425.17,1994.7,253.3,10328.9912
2640,2700,425.23,1996.3,259.4,10543.1465
2700,2760,425.63,1998.4,263.4,10729.5449
2760,2820,427.30,2001.0,281.9,11087.2656
2820,2880,426.21,2001.1,308.5,10732.1133
2880,2940,425.88,2000.6,282.3,10762.4980
2940,3000,425.93,2000.9,278.5,10942.6104
3000,3060,425.45,1999.6,268.7,10533.1699
3060,3120,425.38,2000.8,269.3,10372.4404
3120,3180,425.43,2001.2,270.1,10586.4492
3180,3240,426.31,2003.3,273.4,11174.1670
3240,3300,425.33,2003.0,271.5,11027.3232
3300,3360,425.37,2002.3,274.4,10892.0469
3360,3420,424.80,2002.5,272.4,10826.3037
3420,3480,425.28,2003.3,273.3,11176.1465
3480,3540,427.18,2004.5,281.3,11442.8369
3540,3600,428.19,2004.1,288.2,11253.8701
3600,3660,427.00,2001.9,277.9,10921.2217
3660,3720,426.82,2000.4,280.8,10779.3955
3720,3780,424.30,1999.3,275.9,10529.1904
3780,3840,423.81,2000.6,268.3,10494.6006
3840,3900,424.13,2002.5,273.1,10859.3086
3900,3960,424.12,2003.1,272.8,10976.9990
3960,4020,424.38,2004.4,273.7,11233.8438
4020,4080,426.37,2005.0,274.9,11441.5293
4080,4140,425.93,2005.2,276.3,11399.5771
4140,4200,426.18,2004.3,272.1,11187.7852
4200,4260,425.94,2003.7,273.5,11074.4941
4260,4320,426.23,2005.0,272.9,11141.1094
4320,4380,425.73,2005.4,273.5,11384.1504
4380,4440,424.54,2003.0,265.5,10973.8086
4440,4500,424.16,2004.2,268.1,11174.7197
4500,4560,425.09,2005.0,268.5,11238.8311
4560,4620,425.82,2005.3,271.2,11436.9756
4620,4680,424.76,2004.3,265.7,11052.4717
4680,4740,424.12,2004.2,259.5,10811.1484
4740,4800,424.04,2004.4,260.1,11027.4219
4800,4860,424.28,2005.7,267.8,11293.4336
4860,4920,424.59,2006.9,275.6,11300.6602
4920,4980,424.35,2008.4,277.7,11033.2676
4980,5040,424.31,2008.2,273.7,10893.7012
5040,5100,424.58,2009.5,275.8,11261.4189
5100,5160,424.37,2009.6,271.2,11066.9336
5160,5220,424.26,2010.5,271.8,11083.6475
5220,5280,424.51,2010.7,271.6,11187.8096
5280,5340,424.45,2011.4,272.6,11155.0566
5340,5400,425.17,2012.4,273.1,11508.3965
5400,5460,425.38,2009.9,274.7,11355.4473
5460,5520,425.54,2009.5,274.3,11157.1084
5520,5580,425.14,2015.4,273.8,11411.3232
5580,5640,424.71,2013.8,269.5,11182.9932
5640,5700,425.56,2011.9,272.8,11358.1758
5700,5760,425.49,2013.7,273.1,11518.6338
5760,5820,425.99,2012.9,280.8,11395.1855
5820,5880,425.88,2009.9,283.1,11354.4355
5880,5940,426.47,2012.2,290.4,11681.4736
5940,6000,426.75,2011.2,283.8,11675.8330
6000,6060,426.25,2001.8,271.4,11313.5127
6060,6120,427.92,2011.5,280.4,11990.2559
6120,6180,430.07,2009.5,277.2,12157.6973
6180,6240,428.14,2005.8,273.4,11522.0332
6240,6300,426.44,2007.7,269.8,11149.4502
6300,6360,426.25,2009.2,273.1,11171.4619
6360,6420,426.76,2009.9,271.2,11339.0381
6420,6480,426.22,2010.1,269.2,11210.5938
6480,6540,426.90,2010.7,271.0,11322.3945
6540,6600,428.03,2012.6,270.1,11364.1113
6600,6660,426.82,2011.2,268.3,11129.6436
6660,6720,427.07,2012.0,268.4,11309.1436
6720,6780,425.99,2010.0,263.6,10980.2998
6780,6840,426.06,2010.1,262.7,11033.8848
6840,6900,426.65,2011.0,261.6,10948.0137
6900,6960,427.52,2012.6,262.3,11015.7266
6960,7020,426.57,2014.1,266.1,11125.7686
7020,7080,426.65,2014.5,267.9,11072.1328
7080,7140,427.34,2014.1,269.0,11184.4336
7140,7200,427.11,2014.9,268.9,11359.0889
7200,7260,427.18,2016.0,269.9,11303.6406
7260,7320,431.08,2016.7,270.3,11242.0146
7320,7380,429.05,2016.0,269.8,11189.1709
7380,7440,430.33,2017.3,273.0,11322.5215
7440,7500,430.66,2018.7,275.2,11434.9746
7500,7560,429.66,2018.9,281.4,11381.7793
7560,7620,428.52,2018.4,286.2,11394.2402
7620,7680,428.52,2018.4,292.4,11351.5791
7680,7740,428.55,2018.4,294.8,11311.0244
7740,7800,428.78,2016.3,296.2,11259.4863
7800,7860,428.10,2012.7,291.7,11035.4053
7860,7920,429.09,2014.2,292.1,11273.4346
7920,7980,429.39,2013.7,291.0,11152.5098
7980,8040,430.78,2018.1,293.1,11456.6748
8040,8100,429.79,2016.5,290.2,11246.8232
8100,8160,428.83,2014.1,288.7,11042.6230
8160,8220,429.36,2014.8,289.2,11164.7031
8220,8280,429.19,2013.1,289.5,11048.9443
8280,8340,430.28,2014.5,295.9,11154.9463
8340,8400,430.46,2015.5,300.0,11100.3066
8400,8460,434.73,2018.2,325.8,11309.2197
8460,8520,440.82,2020.8,333.7,11550.6973
8520,8580,442.73,2019.5,338.5,11592.4570
8580,8640,438.85,2019.2,334.7,11509.0889
8640,8700,436.44,2017.9,325.5,11449.8955
8700,8760,438.59,2018.4,358.6,11508.9063
8760,8820,438.91,2018.6,349.3,11532.8369
8820,8880,437.40,2018.2,342.0,11585.8105
8880,8940,439.70,2019.6,357.8,11666.2402
8940,9000,437.96,2018.7,336.7,11639.8027
9000,9060,438.58,2018.9,330.5,11733.7734
9060,9120,439.65,2019.7,324.0,11763.1689
9120,9180,439.54,2019.9,328.2,11840.6523
9180,9240,439.67,2020.7,332.0,11877.3359
9240,9300,439.81,2021.5,335.2,11902.7842
9300,9360,438.45,2022.1,335.3,11947.1885
9360,9420,437.29,2022.7,325.4,11970.9170
9420,9480,438.33,2024.4,330.4,12037.4463
9480,9540,439.85,2025.5,336.2,12082.3105
9540,9600,440.44,2026.6,345.4,12143.5391
9600,9660,440.67,2026.7,350.3,12158.8828
9660,9720,443.15,2028.2,342.4,12249.7607
9720,9780,442.62,2028.1,352.3,12310.2842
9780,9840,442.32,2027.3,349.1,12317.9180
9840,9900,444.47,2027.2,350.1,12392.5273
9900,9960,442.50,2023.4,342.4,12265.4502
9960,10020,438.59,2018.4,330.6,12118.2773
10020,10080,434.95,2015.4,320.6,11989.7549
10080,10140,437.22,2016.5,333.5,12126.6787
10140,10200,436.84,2015.9,329.1,12020.7822
10200,10260,436.23,2015.7,321.8,11957.0557
10260,10320,437.24,2016.2,322.0,12018.4023
10320,10380,438.45,2017.6,319.9,12106.0938
10380,10440,439.17,2019.2,321.5,12106.0029
10440,10500,438.79,2021.8,328.4,12100.6074
10500,10560,439.44,2022.2,328.0,12135.9365
10560,10620,442.16,2026.3,345.8,12298.1611
10620,10680,442.23,2027.4,345.2,12302.8164
10680,10740,440.21,2025.5,337.5,12165.1055
10740,10800,438.94,2020.1,325.7,12116.2764
10800,10860,439.55,2017.7,318.0,12064.4814
10860,10920,438.87,2015.4,314.9,12001.1758
10920,10980,438.86,2012.6,312.9,11960.8252
10980,11040,437.99,2010.0,307.1,11920.9189
11040,11100,437.84,2008.8,300.5,11882.9385
11100,11160,436.69,2007.0,297.1,11830.0791
11160,11220,438.62,2007.6,301.3,11890.8887
11220,11280,437.01,2006.1,297.9,11826.0830
11280,11340,435.28,2004.4,289.1,11714.2061
11340,11400,437.96,2005.8,297.8,11858.4170
11400,11460,435.96,2005.9,294.6,11690.8584
11460,11520,435.80,2006.6,301.2,11679.8232
11520,11580,435.85,2006.1,298.6,11703.5303
11580,11640,435.51,2005.5,298.0,11676.7441
11640,11700,436.64,2006.9,305.6,11667.5605
11700,11760,439.67,2006.1,294.4,11711.6279
11760,11820,435.70,2005.9,289.5,11600.8594
11820,11880,434.82,2005.5,286.0,11557.5107
11880,11940,435.88,2005.7,288.1,11633.9883
11940,12000,433.84,2004.5,281.8,11515.7305
12000,12060,434.63,2004.7,279.9,11553.9648
12060,12120,435.52,2004.9,285.7,11556.8311
12120,12180,434.86,2003.5,283.9,11459.9463
12180,12240,435.17,2002.0,279.6,11443.8584
12240,12300,436.62,2002.8,280.0,11504.8682
12300,12360,437.01,2002.1,276.4,11480.3965
12360,12420,436.93,2001.3,273.1,11456.6602
12420,12480,435.90,1999.5,269.3,11395.4053
12480,12540,435.81,1999.4,266.2,11333.1240
12540,12600,436.56,1999.8,266.0,11291.3330
12600,12660,437.68,1999.8,266.6,11331.4346
12660,12720,436.61,1997.9,262.7,11224.5381
12720,12780,440.46,2000.5,273.5,11375.5752
12780,12840,441.61,2000.5,281.1,11341.3750
12840,12900,439.16,1997.7,269.0,11333.1611
12900,12960,437.75,1997.0,264.0,11251.4834
12960,13020,438.04,1996.6,265.4,11237.5049
13020,13080,440.89,1997.8,271.0,11530.5977
13080,13140,437.82,1996.4,268.2,11463.6270
13140,13200,440.46,1996.9,269.8,11992.4268
13200,13260,436.48,1994.8,267.6,11150.2969
13260,13320,438.61,1995.8,287.4,11309.2988
13320,13380,436.77,1997.8,328.0,11257.7070
13380,13440,438.53,2008.1,491.6,11113.3750
13440,13500,439.49,2006.2,471.7,11155.4678
13500,13560,439.59,2002.1,403.8,11067.8242
13560,13620,440.87,2001.2,375.5,11136.2598
13620,13680,439.41,1998.1,348.5,11106.8545
13680,13740,436.43,1995.0,302.7,11183.2354
13740,13800,435.54,1993.7,287.3,10897.9160
13800,13860,437.67,1994.9,300.3,11243.7451
13860,13920,439.77,1995.7,311.3,11125.5674
13920,13980,441.84,1997.0,325.0,11059.1641
13980,14040,442.96,1998.4,331.0,11071.3594
14040,14100,441.15,1998.1,319.9,10910.7656
14100,14160,436.08,1995.3,276.1,10728.0186
14160,14220,437.14,1995.6,278.9,10892.5771
14220,14280,438.50,1997.5,280.1,11007.9834
14280,14340,435.66,1995.4,262.3,10830.3174
14340,14400,437.87,1997.5,268.1,10885.4189
14400,14460,437.66,1996.7,264.5,10826.7910
14460,14520,438.30,1997.7,266.4,10852.4072
14520,14580,438.42,1995.9,265.1,10834.7529
14580,14640,438.83,1997.9,269.2,10846.2539
14640,14700,438.55,1996.5,263.9,10813.4199
14700,14760,437.40,1995.9,262.4,10858.3271
14760,14820,437.33,1995.6,260.0,10758.1475
14820,14880,438.43,1996.1,263.9,10805.4990
14880,14940,437.16,1995.4,256.9,10725.5586
14940,15000,436.59,1994.5,256.1,10671.2715
15000,15060,438.13,1995.8,260.9,10729.6465
15060,15120,439.45,1997.6,263.4,10754.5098
15120,15180,439.66,1999.7,263.3,10765.8291
15180,15240,438.24,1997.2,259.7,10682.9990
15240,15300,439.13,1999.2,260.4,10763.8809
15300,15360,440.29,2001.4,259.3,10885.3555
15360,15420,439.51,2000.5,260.4,10797.9248
15420,15480,438.92,2000.2,258.5,10762.8076
15480,15540,440.41,2003.8,260.6,11011.4502
15540,15600,440.87,1998.7,267.7,10912.2266
15600,15660,442.27,1997.9,277.3,10833.0664
15660,15720,441.10,2009.2,264.1,10860.7461
15720,15780,440.61,2012.7,260.0,10848.6992
15780,15840,442.66,2012.2,262.8,10927.9346
15840,15900,443.53,2014.0,261.9,11118.9150
15900,15960,446.92,2009.7,262.1,11261.6641
15960,16020,449.09,2003.9,276.5,11198.3877
16020,16080,440.93,1996.9,265.1,10810.1289
16080,16140,447.11,2004.0,287.0,11164.5947
16140,16200,446.48,2000.8,270.6,11137.5000
16200,16260,454.26,2005.4,381.1,11102.2754
16260,16320,446.41,2004.6,316.4,10854.3477
16320,16380,450.64,2021.6,298.2,11532.4883
16380,16440,445.82,2011.8,271.2,11069.9668
16440,16500,447.10,2009.2,278.4,11083.8184
16500,16560,446.20,2008.4,277.8,10963.3574
16560,16620,447.91,1998.2,266.3,10707.0049
16620,16680,448.75,2001.5,297.5,10968.9336
16680,16740,439.91,1996.3,255.3,10757.6191
16740,16800,440.03,1995.8,258.3,10751.6309
16800,16860,440.88,1999.6,263.7,10685.6240
16860,16920,441.99,1998.3,267.2,10745.0156
16920,16980,444.20,1996.0,282.6,10700.2842
16980,17040,444.51,1999.2,297.4,10771.1201
17040,17100,445.16,2001.5,285.0,10930.4277
17100,17160,444.10,2000.2,270.6,10805.4336
17160,17220,444.15,2000.7,264.7,10765.3682
17220,17280,444.07,2001.4,264.3,10794.3174
17280,17340,441.08,1997.8,255.9,10642.6377
17340,17400,438.97,1995.3,251.0,10565.8145
17400,17460,438.59,1995.3,250.0,10597.5254
17460,17520,442.03,1996.7,256.6,10710.7363
17520,17580,442.74,1998.1,254.8,10878.7539
17580,17640,439.99,1996.9,250.6,10661.1924
17640,17700,440.98,1999.3,249.6,10703.8633
17700,17760,442.03,1998.9,250.9,10681.0166
17760,17820,443.95,1997.2,259.1,10858.1572
17820,17880,444.84,1997.2,281.3,10921.8105
17880,17940,443.65,1998.4,280.9,10742.7461
17940,18000,440.58,1998.7,272.3,10594.7861
18000,18060,440.05,1998.8,271.6,10564.7324
18060,18120,439.04,1997.0,279.0,10498.2285
18120,18180,439.07,1995.4,267.3,10495.3154
18180,18240,441.04,1996.5,269.0,10588.4863
18240,18300,441.41,1997.5,279.5,10626.5684
18300,18360,440.99,1996.4,328.1,10569.0186
18360,18420,444.01,1995.9,303.2,10770.3486
18420,18480,445.44,1998.0,303.6,10703.1709
18480,18540,447.25,2002.7,295.6,10817.5342
18540,18600,443.78,2004.4,268.7,10802.6787
18600,18660,442.50,2007.3,265.9,10709.0283
18660,18720,439.04,1999.3,259.0,10732.0332
18720,18780,440.36,1998.9,269.2,10631.0645
18780,18840,440.05,1996.1,262.9,10605.0781
18840,18900,440.66,1994.4,256.4,10827.0732
18900,18960,438.17,1992.8,250.8,10659.8584
18960,19020,437.21,1991.7,247.1,10535.0527
19020,19080,437.49,1991.8,251.1,10577.9561
19080,19140,439.16,1991.9,258.0,10723.9463
19140,19200,439.87,1992.2,260.7,10722.8369
19200,19260,439.17,1992.8,259.7,10655.5957
19260,19320,438.13,1993.3,253.8,10406.6338
19320,19380,438.95,1993.4,260.5,10467.2051
19380,19440,439.55,1992.8,258.3,10679.6924
19440,19500,439.98,1993.2,257.1,10748.0078
19500,19560,439.47,1992.9,252.5,10598.8408
19560,19620,439.30,1992.9,245.8,10781.0469
19620,19680,438.58,1992.2,298.0,10504.2246
19680,19740,441.69,1992.8,343.2,10763.7607
19740,19800,441.27,1992.6,312.1,10652.5166
19800,19860,441.09,1993.2,276.9,10781.9248
19860,19920,438.47,1992.6,259.0,10451.2275
19920,19980,441.83,1992.8,256.9,10850.5332
19980,20040,442.28,1993.5,270.8,10736.7119
20040,20100,439.89,1994.5,268.1,10432.1582
20100,20160,439.01,1994.0,262.8,10402.6758
20160,20220,437.38,1992.9,253.0,10319.2656
20220,20280,435.21,1990.5,244.7,10265.7813
20280,20340,436.56,1991.5,244.9,10270.7646
20340,20400,437.42,1991.4,243.3,10379.6719
20400,20460,435.59,1990.4,240.9,10234.0801
20460,20520,438.32,1993.3,245.7,10369.4209
20520,20580,437.42,1991.1,242.3,10442.7627
20580,20640,437.38,1991.5,242.0,10386.8857
20640,20700,436.81,1990.7,240.1,10289.2549
20700,20760,438.16,1992.8,242.4,10350.1514
20760,20820,441.03,2000.0,245.6,10489.4893
20820,20880,439.33,1997.1,244.0,10411.4551
20880,20940,439.95,1997.8,245.4,10457.4580
20940,21000,441.55,1999.3,255.6,10488.1318
21000,21060,444.31,2003.8,254.2,10605.8447
21060,21120,443.97,2005.9,247.3,10663.8506
21120,21180,444.43,2003.3,248.5,10726.0723
21180,21240,444.43,2004.2,247.7,10677.8047
21240,21300,442.57,2002.5,247.0,10601.5986
21300,21360,443.83,2012.6,247.6,10700.5420
21360,21420,444.69,2014.0,248.4,10747.2402
21420,21480,444.36,2010.0,246.2,10729.6045
21480,21540,447.02,2016.5,247.1,10879.7373
21540,21600,446.78,2014.8,247.5,10869.0518
21600,21660,446.60,2013.7,247.0,10879.0020
21660,21720,446.22,2011.7,247.2,10825.0273
21720,21780,446.92,2013.3,247.5,10851.0645
21780,21840,449.24,2018.9,247.4,10961.5313
21840,21900,450.21,2019.4,250.1,11032.3613
21900,21960,450.38,2020.8,249.6,11057.9717
21960,22020,450.14,2020.2,248.0,11075.2158
22020,22080,450.76,2021.8,248.3,11133.3652
22080,22140,454.22,2019.7,249.3,11311.2490
22140,22200,450.60,2022.3,249.4,11103.9268
22200,22260,450.39,2015.0,250.4,10986.3008
22260,22320,450.14,2016.5,250.6,11001.7051
22320,22380,451.49,2013.2,260.0,10972.2256
22380,22440,453.03,2014.5,255.6,11115.3438
22440,22500,452.85,2014.7,250.4,11232.8311
22500,22560,452.47,2018.4,251.1,11135.7012
22560,22620,456.58,2014.8,287.6,11064.8105
22620,22680,455.58,2016.4,277.6,11231.5000
22680,22740,457.62,2013.7,292.0,11389.2148
22740,22800,459.67,2016.6,301.1,11637.7393
