CampaignData_and_Merges/R0/CSL_MobileLab_Parked/raw/20240801/USOS-NOy-LIF_MobileLabGround_20240801_R0.ict
39,1001
Rollins, A.; Waxman, E.; Zuraski, K.; Chace, W.
NOAA Chemical Sciences Laboratory
LIF NO/NOx/NOy on CSL Mobile Lab
AMMBEC / USOS
1, 1
2024,08,01, 2025,01,04
1
Time_Start, seconds, number_of_seconds_since_0000_UTC
7
1, 1, 1, 1, 1, 1, 1
-9999, -9999, -9999, -9999, -9999, -9999, -9999
Time_Stop, seconds, number_of_seconds_since_0000_UTC
NO_LIF, pptv, Gas_NO_InSitu_S_AVMR, volume mixing ratio of nitric oxide in air
NO2_LIF, pptv, Gas_NO2_InSitu_S_AVMR, volume mixing ratio of nitrogen dioxide in air
NOy_LIF, pptv, Gas_NOy_InSitu_S_AVMR, volume mixing ratio of total oxidized nitrogen in air
NO_LIF_1SigmaAccuracy, pptv, Gas_NO_InSitu_S_AVMR, volume mixing ratio of nitric oxide in air
NO2_LIF_1SigmaAccuracy, pptv, Gas_NO2_InSitu_S_AVMR, volume mixing ratio of nitrogen dioxide in air
NOy_LIF_1SigmaAccuracy, pptv, Gas_NOy_InSitu_S_AVMR, volume mixing ratio of total oxidized nitrogen in air
0
18
PI_CONTACT_INFO: andrew.rollins@noaa.gov
PLATFORM: CSL Mobile Lab
LOCATION: Salt Lake City, UT
ASSOCIATED_DATA:
INSTRUMENT_INFO: NO detection by laser induced fluorescence. NO2 detection by photolytic conversion to NO. NOy detection by catalytic conversion to NO on gold surface
DATA_INFO:
UNCERTAINTY: Included 1 Sigma Accuracy waves represent the combined calibration uncertainties (±6%, ±9%, ±10%) and zero uncertainties (3 ppt, 20 ppt, 100 ppt) for NO, NO2, and NOy, respectively.
ULOD_FLAG: -7777
ULOD_VALUE: N/A
LLOD_FLAG: -8888
LLOD_VALUE: N/A
DM_CONTACT_INFO: andrew.rollins@noaa.gov
PROJECT_INFO: USOS Project, July - August 2024
STIPULATIONS_ON_USE: Users are strongly encouraged to contact the PI for proper data usage.
OTHER_COMMENTS:
REVISION: R0
R0: final data
Time_Start, Time_Stop, NO_LIF, NO2_LIF, NOy_LIF, NO_LIF_1SigmaAccuracy, NO2_LIF_1SigmaAccuracy, NOy_LIF_1SigmaAccuracy
[from data line 793]
   47580,   47640,8503.5,26111,33040,513.21, 2370, 3404
   47640,   47700,9440,26593,36276,569.4, 2413.4, 3727.6
   47700,   47760,8586.5,26535,35231,518.19, 2408.1, 3623.1
   47760,   47820,7618.1,26432,36684,460.08, 2398.9, 3768.4
   47820,   47880,7073.9,26814,36919,427.43, 2433.2, 3791.9
   47880,   47940,5684.1,26255,35443,344.04, 2382.9, 3644.3
   47940,   48000,4745,24442,32694,287.7, 2219.8, 3369.4
   48000,   48060,5048.4,24148,33237,305.9, 2193.3, 3423.7
   48060,   48120,4607.2,23194,30779,279.43, 2107.5, 3177.9
   48120,   48180,4464.1,22762,30618,270.84, 2068.6, 3161.8
   48180,   48240,4816.7,22834,29629,292, 2075.1, 3062.9
   48240,   48300,5408.8,23268,30851,327.53, 2114.1, 3185.1
   48300,   48360,4968.2,22324,29658,301.09, 2029.2, 3065.8
   48360,   48420,5159.8,22295,29588,312.59, 2026.5, 3058.8
   48420,   48480,5196.9,21537,28332,314.81, 1958.3, 2933.2
   48480,   48540,5465.1,21458,27433,330.91, 1951.2, 2843.3
   48540,   48600,9402.6,24077,31321,567.15, 2186.9, 3232.1
   48600,   48660,6572.4,21999,27501,397.34, 1999.9, 2850.1
   48660,   48720,6094.8,21486,28381,368.69, 1953.7, 2938.1
   48720,   48780,6347.5,21284,30243,383.85, 1935.5, 3124.3
   48780,   48840,6710.9,21083,30500,405.66, 1917.4, 3150
   48840,   48900,8162,22551,31401,492.72, 2049.6, 3240.1
   48900,   48960,10558,24366,33418,636.51, 2212.9, 3441.8
   48960,   49020,12016,25955,34788,723.99, 2355.9, 3578.8
   49020,   49080,8165.2,24154,31668,492.91, 2193.8, 3266.8
   49080,   49140,6923,22533,32451,418.38, 2048, 3345.1
   49140,   49200,7381.1,22683,33527,445.86, 2061.5, 3452.7
   49200,   49260,6667.5,21531,31907,403.05, 1957.8, 3290.7
   49260,   49320,6526,21266,30749,394.56, 1933.9, 3174.9
   49320,   49380,7617.5,21910,31223,460.05, 1991.9, 3222.3
   49380,   49440,7220.7,21118,30651,436.24, 1920.7, 3165.1
   49440,   49500,6604.3,20087,29830,399.26, 1827.8, 3083
   49500,   49560,8223.4,21063,32135,496.4, 1915.7, 3313.5
   49560,   49620,9478.4,22093,34624,571.7, 2008.4, 3562.4
   49620,   49680,9528,22741,35851,574.68, 2066.7, 3685.1
   49680,   49740,10150,23124,36810,611.99, 2101.1, 3781
   49740,   49800,11273,23909,39116,679.39, 2171.8, 4011.6
   49800,   49860,11675,24013,39318,703.5, 2181.2, 4031.8
   49860,   49920,10263,23005,37180,618.78, 2090.4, 3818
   49920,   49980,9590.7,22921,35487,578.44, 2082.9, 3648.7
   49980,   50040,9510.7,22176,35086,573.64, 2015.9, 3608.6
   50040,   50100,9680.3,22379,34996,583.82, 2034.1, 3599.6
   50100,   50160,9680.5,22709,34960,583.83, 2063.9, 3596
   50160,   50220,9617.3,22760,35672,580.04, 2068.4, 3667.2
   50220,   50280,8299,22272,33588,500.94, 2024.5, 3458.8
   50280,   50340,8088.5,21806,33341,488.31, 1982.6, 3434.1
   50340,   50400,8314,22569,34423,501.84, 2051.2, 3542.3
   50400,   50460,9030.7,23381,35684,544.84, 2124.3, 3668.4
   50460,   50520,9115.8,23471,35720,549.95, 2132.4, 3672
   50520,   50580,9956.2,23770,36808,600.37, 2159.3, 3780.8
   50580,   50640,10272,23800,36975,619.31, 2162, 3797.5
   50640,   50700,9817.2,23431,36368,592.03, 2128.8, 3736.8
   50700,   50760,8510.4,24422,35743,513.63, 2217.9, 3674.3
   50760,   50820,9008.9,24189,35761,543.54, 2197, 3676.1
   50820,   50880,9354.9,22270,36758,564.3, 2024.3, 3775.8
   50880,   50940,8119.7,21846,31869,490.18, 1986.1, 3286.9
   50940,   51000,6561.3,19460,29294,396.68, 1771.4, 3029.4
   51000,   51060,7977.8,21863,30849,481.67, 1987.7, 3184.9
   51060,   51120,8279.5,22515,31353,499.77, 2046.3, 3235.3
   51120,   51180,6498.5,19819,28626,392.91, 1803.7, 2962.6
   51180,   51240,6969,19961,29181,421.14, 1816.5, 3018.1
   51240,   51300,7117.8,20024,29322,430.07, 1822.2, 3032.2
   51300,   51360,7924.1,20834,31309,478.45, 1895.1, 3230.9
   51360,   51420,7486.2,20221,30420,452.17, 1839.9, 3142
   51420,   51480,7834.7,20445,30940,473.08, 1860, 3194
   51480,   51540,7999.4,20244,30903,482.96, 1842, 3190.3
   51540,   51600,9088.3,21502,33373,548.3, 1955.2, 3437.3
   51600,   51660,-9999,-9999,-9999,-9999, -9999, -9999
   51660,   51720,-9999,-9999,-9999,-9999, -9999, -9999
   51720,   51780,-9999,-9999,-9999,-9999, -9999, -9999
   51780,   51840,-9999,-9999,-9999,-9999, -9999, -9999
   51840,   51900,-9999,-9999,-9999,-9999, -9999, -9999
   51900,   51960,-9999,-9999,-9999,-9999, -9999, -9999
   51960,   52020,-9999,-9999,-9999,-9999, -9999, -9999
   52020,   52080,-9999,-9999,-9999,-9999, -9999, -9999
   52080,   52140,8194,19696,30493,494.64, 1792.6, 3149.3
   52140,   52200,8177.2,19318,30268,493.63, 1758.6, 3126.8
   52200,   52260,8888.3,20103,32094,536.3, 1829.3, 3309.4
   52260,   52320,9407.2,20554,32934,567.43, 1869.9, 3393.4
   52320,   52380,8800.2,19986,31523,531.01, 1818.7, 3252.3
   52380,   52440,7893.8,19051,29865,476.63, 1734.6, 3086.5
   52440,   52500,6950.9,17518,27262,420.05, 1596.6, 2826.2
   52500,   52560,6436.7,17009,26247,389.2, 1550.8, 2724.7
   52560,   52620,6346.9,16763,25574,383.81, 1528.7, 2657.4
   52620,   52680,7144.7,17005,25472,431.68, 1550.4, 2647.2
   52680,   52740,7319.1,17373,26118,442.14, 1583.5, 2711.8
   52740,   52800,6646.7,16874,25969,401.8, 1538.7, 2696.9
   52800,   52860,6621.5,16660,25753,400.29, 1519.4, 2675.3
   52860,   52920,7251.5,17390,27010,438.09, 1585.1, 2801
   52920,   52980,7000.4,17075,26671,423.03, 1556.7, 2767.1
   52980,   53040,6864.9,16857,26147,414.89, 1537.1, 2714.7
   53040,   53100,7340.2,17400,27310,443.41, 1586, 2831
   53100,   53160,7611.4,17677,27944,459.68, 1610.9, 2894.4
   53160,   53220,7918,17850,28349,478.08, 1626.5, 2934.9
   53220,   53280,7921.5,17700,28505,478.29, 1613, 2950.5
   53280,   53340,7260.2,17025,26536,438.61, 1552.2, 2753.6
   53340,   53400,7598.2,17260,27374,458.89, 1573.4, 2837.4
   53400,   53460,7477.9,17071,27100,451.67, 1556.3, 2810
   53460,   53520,7157.4,16723,26423,432.44, 1525.1, 2742.3
   53520,   53580,7116,16713,26210,429.96, 1524.2, 2721
   53580,   53640,5982,15305,23610,361.92, 1397.5, 2461
   53640,   53700,6218,15247,24283,376.08, 1392.3, 2528.3
   53700,   53760,5560.9,14641,22638,336.65, 1337.7, 2363.8
   53760,   53820,5707.5,14760,22954,345.45, 1348.4, 2395.4
   53820,   53880,5985.8,15145,23640,362.15, 1383.1, 2464
   53880,   53940,7252.5,16056,24544,438.15, 1465.1, 2554.4
   53940,   54000,6976,16228,25150,421.56, 1480.5, 2615
   54000,   54060,5161.1,14035,21331,312.67, 1283.1, 2233.1
   54060,   54120,4907.3,13620,20627,297.44, 1245.8, 2162.7
   54120,   54180,5325.7,14012,21769,322.54, 1281.1, 2276.9
   54180,   54240,5520.9,14095,22109,334.26, 1288.6, 2310.9
   54240,   54300,5591,13928,25620,338.46, 1273.5, 2662
   54300,   54360,5533.1,14492,22310,334.98, 1324.2, 2331
   54360,   54420,5778.5,14718,22612,349.71, 1344.6, 2361.2
   54420,   54480,5995.6,15126,23564,362.74, 1381.3, 2456.4
   54480,   54540,5713.4,14513,22554,345.8, 1326.2, 2355.4
   54540,   54600,5688.8,14693,22627,344.33, 1342.4, 2362.7
   54600,   54660,5429.1,14021,21794,328.74, 1281.9, 2279.4
   54660,   54720,5480.4,14234,21781,331.83, 1301.1, 2278.1
   54720,   54780,4899.3,13434,20474,296.96, 1229, 2147.4
   54780,   54840,5330.2,14131,21651,322.81, 1291.8, 2265.1
   54840,   54900,5652.3,14795,22567,342.14, 1351.6, 2356.7
   54900,   54960,5761.5,15233,22998,348.69, 1391, 2399.8
   54960,   55020,33541,27559,50238,2015.5, 2500.3, 5123.8
   55020,   55080,65442,37485,1.3909e+05,3929.5, 3393.7, 14009
   55080,   55140,7471.8,17177,44507,451.31, 1565.9, 4550.7
   55140,   55200,15785,21100,33397,950.1, 1919, 3439.7
   55200,   55260,16115,19899,30762,969.88, 1810.9, 3176.2
   55260,   55320,52947,32416,65190,3179.8, 2937.4, 6619
   55320,   55380,57271,31942,73081,3439.3, 2894.8, 7408.1
   55380,   55440,11582,15844,25231,697.93, 1446, 2623.1
   55440,   55500,7410.1,15269,29257,447.61, 1394.2, 3025.7
   55500,   55560,5198.6,13795,21404,314.92, 1261.5, 2240.4
   55560,   55620,5373.4,13519,77938,325.4, 1236.7, 7893.8
   55620,   55680,4935.1,13444,20297,299.11, 1230, 2129.7
   55680,   55740,5001.2,13320,20199,303.07, 1218.8, 2119.9
   55740,   55800,4743.1,12901,19608,287.59, 1181.1, 2060.8
   55800,   55860,4812.5,13028,19778,291.75, 1192.6, 2077.8
   55860,   55920,4395.9,12121,18739,266.76, 1110.9, 1973.9
   55920,   55980,4472.2,12347,18803,271.33, 1131.2, 1980.3
   55980,   56040,4323.1,12135,18273,262.39, 1112.2, 1927.3
   56040,   56100,4346.6,12289,18403,263.79, 1126, 1940.3
   56100,   56160,4156.3,11906,17994,252.38, 1091.6, 1899.4
   56160,   56220,4441,12431,18829,269.46, 1138.8, 1982.9
   56220,   56280,4614.9,12579,19415,279.89, 1152.1, 2041.5
   56280,   56340,4254,11946,18081,258.24, 1095.1, 1908.1
   56340,   56400,4259.8,11971,18352,258.59, 1097.4, 1935.2
   56400,   56460,4271.9,11994,18286,259.32, 1099.4, 1928.6
   56460,   56520,4128,11667,17843,250.68, 1070, 1884.3
   56520,   56580,4078.2,11491,17639,247.69, 1054.2, 1863.9
   56580,   56640,4620.2,12166,18610,280.21, 1114.9, 1961
   56640,   56700,4215.8,11829,18049,255.95, 1084.6, 1904.9
   56700,   56760,4268.6,12004,18371,259.11, 1100.4, 1937.1
   56760,   56820,4066.4,11663,17838,246.98, 1069.7, 1883.8
   56820,   56880,4096.7,11426,17432,248.8, 1048.4, 1843.2
   56880,   56940,4168.5,11712,17912,253.11, 1074.1, 1891.2
   56940,   57000,3824.5,10919,16835,232.47, 1002.7, 1783.5
   57000,   57060,4132.9,11011,16978,250.98, 1011, 1797.8
   57060,   57120,4210.8,11255,17141,255.65, 1032.9, 1814.1
   57120,   57180,3934.9,11203,16820,239.09, 1028.2, 1782
   57180,   57240,3914.4,11045,17179,237.87, 1014.1, 1817.9
   57240,   57300,4015.7,11193,17337,243.94, 1027.4, 1833.7
   57300,   57360,4210.2,11585,17850,255.61, 1062.7, 1885
   57360,   57420,3939.1,11181,17169,239.34, 1026.3, 1816.9
   57420,   57480,3877,11037,16981,235.62, 1013.4, 1798.1
   57480,   57540,3906.3,11116,17035,237.38, 1020.4, 1803.5
   57540,   57600,3477.9,10114,15697,211.67, 930.22, 1669.7
   57600,   57660,3734.8,10638,16416,227.09, 977.43, 1741.6
   57660,   57720,4038.3,11237,17355,245.3, 1031.3, 1835.5
   57720,   57780,3652.2,10486,16226,222.13, 963.76, 1722.6
   57780,   57840,3662.5,10492,16311,222.75, 964.3, 1731.1
   57840,   57900,3874.7,10913,16740,235.48, 1002.2, 1774
   57900,   57960,4182.1,11583,17860,253.93, 1062.5, 1886
   57960,   58020,3446,10094,15600,209.76, 928.48, 1660
   58020,   58080,3485.5,10172,15720,212.13, 935.51, 1672
   58080,   58140,3436.3,10139,15762,209.18, 932.55, 1676.2
   58140,   58200,3330.6,9827.1,15366,202.83, 904.44, 1636.6
   58200,   58260,3416.2,9996.7,15542,207.97, 919.7, 1654.2
   58260,   58320,3529.2,10242,15851,214.75, 941.82, 1685.1
   58320,   58380,3583,10442,15839,217.98, 959.75, 1683.9
   58380,   58440,4130.6,10652,15843,250.84, 978.68, 1684.3
   58440,   58500,3894.4,10641,15774,236.66, 977.68, 1677.4
   58500,   58560,3561.4,10215,16844,216.68, 939.39, 1784.4
   58560,   58620,2797.2,8715.5,13282,170.83, 804.39, 1428.2
   58620,   58680,3143.2,9560.1,14343,191.59, 880.41, 1534.3
   58680,   58740,3570.8,9992.7,14837,217.25, 919.34, 1583.7
   58740,   58800,2994.6,9037.1,13782,182.68, 833.34, 1478.2
   58800,   58860,3618.7,10447,14978,220.12, 960.19, 1597.8
   58860,   58920,3208.7,9488.6,14640,195.52, 873.98, 1564
   58920,   58980,2757.4,8570.9,13690,168.45, 791.38, 1469
   58980,   59040,2676.2,8494.9,12935,163.57, 784.54, 1393.5
   59040,   59100,3038.1,9042.7,12791,185.29, 833.85, 1379.1
   59100,   59160,3686.7,10327,14866,224.2, 949.46, 1586.6
   59160,   59220,3189,9527.8,14907,194.34, 877.5, 1590.7
   59220,   59280,3578.7,10331,15907,217.72, 949.8, 1690.7
   59280,   59340,3578.5,10565,16346,217.71, 970.82, 1734.6
   59340,   59400,3596.6,10692,16693,218.8, 982.28, 1769.3
   59400,   59460,3419.7,10847,16485,208.18, 996.2, 1748.5
   59460,   59520,3399.7,10610,16105,206.98, 974.92, 1710.5
   59520,   59580,3366.4,10560,16085,204.98, 970.43, 1708.5
   59580,   59640,-9999,-9999,-9999,-9999, -9999, -9999
   59640,   59700,-9999,-9999,-9999,-9999, -9999, -9999
   59700,   59760,-9999,-9999,-9999,-9999, -9999, -9999
   59760,   59820,-9999,-9999,-9999,-9999, -9999, -9999
   59820,   59880,-9999,-9999,-9999,-9999, -9999, -9999
   59880,   59940,-9999,-9999,-9999,-9999, -9999, -9999
   59940,   60000,-9999,-9999,-9999,-9999, -9999, -9999
   60000,   60060,2785.8,8783.9,14024,170.15, 810.55, 1502.4
   60060,   60120,2785,8874,14178,170.1, 818.66, 1517.8
   60120,   60180,2835.1,9006.9,14257,173.1, 830.62, 1525.7
   60180,   60240,2641.3,8833.7,13920,161.48, 815.03, 1492
   60240,   60300,2736.6,8660,13913,167.19, 799.4, 1491.3
   60300,   60360,2745,8763.9,13992,167.7, 808.75, 1499.2
   60360,   60420,2482.8,8856.8,13737,151.97, 817.12, 1473.7
   60420,   60480,2399.5,7869.8,12678,146.97, 728.28, 1367.8
   60480,   60540,2105,7156,11468,129.3, 664.04, 1246.8
   60540,   60600,2183.4,7890.7,12375,134, 730.16, 1337.5
   60600,   60660,2095.2,8408.2,12436,128.71, 776.74, 1343.6
   60660,   60720,2465.2,8328,12901,150.91, 769.52, 1390.1
   60720,   60780,3088.3,9591.4,14584,188.3, 883.23, 1558.4
   60780,   60840,3302,10208,15608,201.12, 938.76, 1660.8
   60840,   60900,3240.5,9616.9,15608,197.43, 885.52, 1660.8
   60900,   60960,2470,8193.1,13180,151.2, 757.38, 1418
   60960,   61020,2159.1,7313.2,11952,132.55, 678.19, 1295.2
   61020,   61080,2466.5,7998.8,12254,150.99, 739.89, 1325.4
   61080,   61140,2279.2,7683.3,12445,139.75, 711.5, 1344.5
   61140,   61200,2415.9,8031.9,12596,147.96, 742.88, 1359.6
   61200,   61260,2334,7843.7,12669,143.04, 725.94, 1366.9
   61260,   61320,2327.8,7828.1,12294,142.67, 724.53, 1329.4
   61320,   61380,2585.3,8459.2,13398,158.12, 781.33, 1439.8
   61380,   61440,2500.4,8170.1,13173,153.03, 755.31, 1417.3
   61440,   61500,2553.2,8559.2,13501,156.19, 790.33, 1450.1
   61500,   61560,2652.1,8795.1,13995,162.13, 811.56, 1499.5
   61560,   61620,2462,8367.5,13443,150.72, 773.08, 1444.3
   61620,   61680,2613.6,8603.8,13801,159.82, 794.35, 1480.1
   61680,   61740,2628.3,8668.5,13799,160.7, 800.16, 1479.9
   61740,   61800,2723.6,8893.1,14114,166.42, 820.38, 1511.4
   61800,   61860,2674.1,8762.2,14114,163.44, 808.6, 1511.4
   61860,   61920,2670.9,8829,14084,163.25, 814.61, 1508.4
   61920,   61980,2695.8,8788.4,14153,164.75, 810.95, 1515.3
   61980,   62040,2631.8,9035.6,14280,160.91, 833.2, 1528
   62040,   62100,2465.8,8621.2,13631,150.95, 795.9, 1463.1
   62100,   62160,2101.9,7614.1,12285,129.12, 705.27, 1328.5
   62160,   62220,1831.3,6759.6,11280,112.88, 628.37, 1228
   62220,   62280,1945.6,7091.1,11382,119.74, 658.2, 1238.2
   62280,   62340,1923.6,6996.4,11350,118.41, 649.67, 1235
   62340,   62400,1798,6583.6,10858,110.88, 612.52, 1185.8
   62400,   62460,1696.4,6452.7,10705,104.78, 600.74, 1170.5
   62460,   62520,1710.5,6308.1,10579,105.63, 587.73, 1157.9
   62520,   62580,1618.6,6001.6,10160,100.11, 560.14, 1116
   62580,   62640,1147.7,4611.1,7788.3,71.86, 435, 878.83
   62640,   62700,1153.3,4489.5,8126.4,72.197, 424.05, 912.64
   62700,   62760,955.59,3911.3,7304,60.336, 372.02, 830.4
   62760,   62820,1013.9,4211.4,7550.8,63.832, 399.02, 855.08
   62820,   62880,1034.9,4350.4,7681.3,65.094, 411.54, 868.13
   62880,   62940,1084.2,4439.4,7901.2,68.054, 419.55, 890.12
   62940,   63000,-9999,-9999,-9999,-9999, -9999, -9999
   63000,   63060,-9999,-9999,-9999,-9999, -9999, -9999
   63060,   63120,-9999,-9999,-9999,-9999, -9999, -9999
   63120,   63180,-9999,-9999,-9999,-9999, -9999, -9999
   63180,   63240,-9999,-9999,-9999,-9999, -9999, -9999
   63240,   63300,-9999,-9999,-9999,-9999, -9999, -9999
   63300,   63360,-9999,-9999,-9999,-9999, -9999, -9999
   63360,   63420,-9999,-9999,-9999,-9999, -9999, -9999
   63420,   63480,1220.7,5269.3,9261.7,76.241, 494.24, 1026.2
   63480,   63540,1233,5286.7,9510.9,76.983, 495.81, 1051.1
   63540,   63600,1254.9,5220.8,9254.6,78.293, 489.87, 1025.5
   63600,   63660,1224.1,5242,9237.5,76.447, 491.78, 1023.8
   63660,   63720,1068.7,4898.8,8768.3,67.124, 460.89, 976.83
   63720,   63780,1092.7,5126.9,9061.6,68.56, 481.42, 1006.2
