CampaignData_and_Merges/R0/CSL_MobileLab_Parked/raw/20240801/USOS-PTR_MobileLabGround_20240801_R0.ict
58, 1001
Matthew Coggon, Kelvin Bates, Chelsea Stockwell, Carsten Warneke
NOAA ESRL Chemical Sciences Division
NOAA PTR-ToF-MS
USOS
1,1 
2024, 08, 01, 2025, 09, 19
0
Time_Start, seconds, number of seconds from 00:00 UTC 
22
1, 1, 1, 1, 1, 1, 1, 1, 1, 1, 1, 1, 1, 1, 1, 1, 1, 1, 1, 1, 1, 1
-9999, -9999, -9999, -9999, -9999, -9999, -9999, -9999, -9999, -9999, -9999, -9999, -9999, -9999, -9999, -9999, -9999, -9999, -9999, -9999, -9999, -9999
CH3OH_NOAAPTR_ppbv,  ppbv, Gas_CH3OH_InSitu_S_AVMR, (CH3OH) methanol
CH3CN_NOAAPTR_ppbv,  ppbv, Gas_CH3CN_InSitu_S_AVMR, (CH3CN) acetonitrile
CH3CHO_NOAAPTR_ppbv,  ppbv, Gas_CH3CHO_InSitu_S_AVMR, (CH3CHO) acetaldehyde plus contributions from ethylene glycol and ethylene oxide. Interference from ethanol has been subtracted out.
C2H5OH_NOAAPTR_ppbv,  ppbv, Gas_C2H5OH_InSitu_S_AVMR, (C2H5OH) ethanol
CH3SH_NOAAPTR_ppbv,  ppbv, Gas_CH3SH_InSitu_S_AVMR, (CH3SH) methanethiol, using calibration factor for DMS
Acrolein_NOAAPTR_ppbv,  ppbv, Gas_Acrolein_InSitu_S_AVMR, (C3H4O) acrolein
AcetonePropanal_NOAAPTR_ppbv,  ppbv, Gas_AcetoneAndPropanal_InSitu_S_AVMR, (C3H6O) sum of acetone (dominant isomer) and propanal, using calibration factor for acetone
DMS_NOAAPTR_ppbv,  ppbv, Gas_DMS_InSitu_S_AVMR, (C2H6S) dimethyl sulfide with possible small contributions from ethanethiol
C5H8_NOAAPTR_ppbv,  ppbv, Gas_Isoprene_InSitu_S_AVMR, (C5H8) isoprene and possible fragments from cycloalkanes and aldehydes. Interferences have been subtracted following methods described by Coggon et al (2023)
MVKMAC_NOAAPTR_ppbv,  ppbv, Gas_MVKAndMAC_InSitu_S_AVMR, (C4H6O) sum of methyl vinyl ketone, methacrolein, and small amounts of crotonaldehyde, using weighted calibration factor for MVK (0.637) and MACR (0.363)
Benzene_NOAAPTR_ppbv,  ppbv, Gas_Benzene_InSitu_S_AVMR, (C6H6) benzene
Toluene_NOAAPTR_ppbv,  ppbv, Gas_Toluene_InSitu_S_AVMR, (C7H8) toluene with possible small contributions of fragments from ethyltoluene
Styrene_NOAAPTR_ppbv,  ppbv, Gas_Styrene_InSitu_S_AVMR, (C8H8) styrene
Benzaldehyde_NOAAPTR_ppbv,  ppbv, Gas_Benzaldehyde_InSitu_S_AVMR, (C7H6O) benzaldehyde
C8Aromatics_NOAAPTR_ppbv,  ppbv, Gas_C8Aromatics_InSitu_M_AVMR, (C8H10) sum of m-xylene, p-xylene, o-xylene, and ethyl benzene
C9Aromatics_NOAAPTR_ppbv,  ppbv, Gas_C9Aromatics_InSitu_M_AVMR, (C9H12) sum of C9 aromatics
Naphthalene_NOAAPTR_ppbv,  ppbv, Gas_Naphthalene_InSitu_S_AVMR, (C10H8) naphthalene
Octanal_NOAAPTR_ppbv,  ppbv, Gas_Octanal_InSitu_S_AVMR, (C8H16O) octanal and small amounts of octanone
Monoterpenes_NOAAPTR_ppbv,  ppbv, Gas_Monoterpenes_InSitu_M_AVMR, (C10H16) sum of monoterpenes and possible contributions from fragments of oxygenated monoterpenoids such as eucalyptol.
Nonanal_NOAAPTR_ppbv,  ppbv, Gas_Nonanal_InSitu_M_AVMR, (C9H18O) nonanal and small amounts of nonanone
C7H4ClF3_NOAAPTR_ppbv,  ppbv, Gas_C7H4ClF3_InSitu_S_AVMR, (C7H4ClF3) parachlorobenzotrifluoride
C10H30O5Si5_NOAAPTR_ppbv,  ppbv, Gas_C10H30O5Si5_InSitu_S_AVMR, (C10H30O5Si5) decamethylcyclopentasiloxane
1
SPECIAL COMMENTS:N/A
21
PI_CONTACT_INFO: NOAA ESRL Chemical Sciences Division, Tropospheric Chemistry Group. 325 Broadway, R/CSD7, Boulder, CO 80305
PLATFORM: Mobile Laboratory.
LOCATION: Salt Lake City, UT
ASSOCIATED_DATA: N/A
INSTRUMENT_INFO: NOAA PTR-ToF-MS measurements on NOAA CSL Mobile Lab
DATA_INFO: Units: ppbv
UNCERTAINTY: See OTHER_COMMENTS
ULOD_FLAG: -7777
ULOD_VALUE: N/A
LLOD_FLAG: -8888
LLOD_VALUE: N/A.
DM_CONTACT_INFO: Data Managers: Matt Coggon, Kelvin Bates, Chelsea Stockwell; email: matthew.m.coggon@noaa.gov and kelvin.bates@colorado.edu
PROJECT_INFO: USOS Deployment July-August, 2024
STIPULATIONS_ON_USE: Use of these data require prior OK from PI.
OTHER_COMMENTS: Uncertainties:
CH3OH_NOAAPTR_ppbv:30%; CH3CN_NOAAPTR_ppbv:30%; CH3CHO_NOAAPTR_ppbv:30%; C2H5OH_NOAAPTR_ppbv:30%; CH3SH_NOAAPTR_ppbv:50%; Acrolein_NOAAPTR_ppbv:30%; AcetonePropanal_NOAAPTR_ppbv:30%; DMS_NOAAPTR_ppbv:30%; C5H8_NOAAPTR_ppbv:30%; MVKMAC_NOAAPTR_ppbv:30%; 
Benzene_NOAAPTR_ppbv:30%; Toluene_NOAAPTR_ppbv:30%; Styrene_NOAAPTR_ppbv:30%; Benzaldehyde_NOAAPTR_ppbv:30%; C8Aromatics_NOAAPTR_ppbv:30%; C9Aromatics_NOAAPTR_ppbv:30%; Naphthalene_NOAAPTR_ppbv:30%; Octanal_NOAAPTR_ppbv:30%; Monoterpenes_NOAAPTR_ppbv:30%; Nonanal_NOAAPTR_ppbv:30%; 
C7H4ClF3_NOAAPTR_ppbv:30%; C10H30O5Si5_NOAAPTR_ppbv:30%; 
REVISION: R0
R0: Calibrated PTR Data. See individual species comments for details about measurement uncertainties
Time_Start, CH3OH_NOAAPTR_ppbv, CH3CN_NOAAPTR_ppbv, CH3CHO_NOAAPTR_ppbv, C2H5OH_NOAAPTR_ppbv, CH3SH_NOAAPTR_ppbv, Acrolein_NOAAPTR_ppbv, AcetonePropanal_NOAAPTR_ppbv, DMS_NOAAPTR_ppbv, C5H8_NOAAPTR_ppbv, MVKMAC_NOAAPTR_ppbv, Benzene_NOAAPTR_ppbv, Toluene_NOAAPTR_ppbv, Styrene_NOAAPTR_ppbv, Benzaldehyde_NOAAPTR_ppbv, C8Aromatics_NOAAPTR_ppbv, C9Aromatics_NOAAPTR_ppbv, Naphthalene_NOAAPTR_ppbv, Octanal_NOAAPTR_ppbv, Monoterpenes_NOAAPTR_ppbv, Nonanal_NOAAPTR_ppbv, C7H4ClF3_NOAAPTR_ppbv, C10H30O5Si5_NOAAPTR_ppbv
[from data line 820]
49200.0, 31.86716, 0.42764, 6.76001, 25.00523, 0.00897, 0.55111, 7.54984, -0.00016, 0.29131, 0.53697, 0.71781, 1.49227, 0.13365, 0.07280, 1.01414, 0.41931, 0.03108, 0.12788, 0.35740, 0.16669, 0.05670, 0.04363 
49260.0, 30.31077, 0.48388, 6.95178, 24.70959, 0.00679, 0.58643, 7.80838, 0.00317, 0.32932, 0.51813, 0.72751, 1.64200, 0.13477, 0.13146, 1.03845, 0.44366, 0.07866, 0.11314, 0.33995, 0.16928, 0.04657, 0.05302 
49320.0, 31.24181, 0.47051, 7.28897, 28.86401, 0.00916, 0.62619, 8.01373, -0.00442, 0.28951, 0.55518, 0.78738, 1.64375, 0.14270, 0.08439, 1.10554, 0.45833, 0.04783, 0.13540, 0.37588, 0.16139, 0.03953, 0.04875 
49380.0, 28.94783, 0.48609, 6.96218, 27.84994, 0.00982, 0.65332, 8.02034, 0.02064, 0.23160, 0.55079, 0.61482, 1.50534, 0.13834, -0.00324, 0.93802, 0.40380, 0.02348, 0.14530, 0.28425, 0.16223, 0.03552, 0.05213 
49440.0, 28.32187, 0.46478, 7.08689, 46.45394, 0.00664, 0.63400, 8.36012, 0.00817, 0.36930, 0.56566, 0.70944, 1.53580, 0.11693, 0.01362, 1.01438, 0.40361, 0.03200, 0.10217, 0.43072, 0.17307, 0.04165, 0.04989 
49500.0, 30.03878, 0.48065, 7.23139, 46.43663, 0.01015, 0.65953, 8.44854, 0.01313, 0.45012, 0.59876, 0.76051, 1.65076, 0.15115, 0.05010, 1.11950, 0.44569, 0.01985, 0.10156, 0.38500, 0.18486, 0.05464, 0.06109 
49560.0, 34.74628, 0.49297, 7.38649, 39.41852, 0.01446, 0.71453, 8.59059, -0.00441, 0.38738, 0.60950, 0.81298, 1.71902, 0.16900, 0.07611, 1.10518, 0.48198, 0.05724, 0.15264, 0.43985, 0.15754, 0.05260, 0.06815 
49620.0, 37.90489, 0.47371, 7.20416, 31.61198, 0.01087, 0.62532, 8.38183, 0.01299, 0.35031, 0.53988, 0.82840, 1.68602, 0.17898, 0.11033, 1.14611, 0.46889, 0.04264, 0.11251, 0.36108, 0.16490, 0.05685, 0.04664 
49680.0, 32.74752, 0.47835, 7.34377, 28.22135, 0.00990, 0.61532, 8.18012, -0.00441, 0.40455, 0.55623, 0.82014, 1.78468, 0.14684, 0.07820, 1.16273, 0.48329, 0.04710, 0.12297, 0.40038, 0.19367, 0.04409, 0.06364 
49740.0, 39.65419, 0.49912, 7.52605, 27.84628, 0.01014, 0.66009, 8.09981, 0.03486, 0.40269, 0.55500, 0.73873, 1.68540, 0.14584, 0.09021, 1.15523, 0.49384, 0.04783, 0.11408, 0.46661, 0.18634, 0.04797, 0.06122 
49800.0, 34.93272, 0.44625, 7.88099, 30.27124, 0.00500, 0.72437, 8.26627, 0.04658, 0.45984, 0.59563, 1.40223, 2.91490, 0.26536, 0.10280, 2.02870, 0.81902, 0.03975, 0.12118, 0.44016, 0.16855, 0.04304, 0.06068 
49860.0, 31.69056, 0.49703, 7.49943, 28.66937, 0.01454, 0.66572, 8.31365, 0.03790, 0.54987, 0.60442, 0.95656, 1.92181, 0.11821, 0.09552, 1.23901, 0.54037, 0.04398, 0.15703, 0.42015, 0.17824, 0.03885, 0.07561 
49920.0, 31.40777, 0.49903, -9999.00000, 26.57422, 0.00470, 0.63897, 8.00050, 0.02867, -9999.00000, 0.54377, 0.77478, 1.65990, 0.13187, 0.09104, 1.08327, 0.47048, 0.05525, 0.15248, 0.38648, 0.12884, 0.03407, 0.05759 
49980.0, -9999.00000, -9999.00000, -9999.00000, -9999.00000, -9999.00000, -9999.00000, -9999.00000, -9999.00000, -9999.00000, -9999.00000, -9999.00000, -9999.00000, -9999.00000, -9999.00000, -9999.00000, -9999.00000, -9999.00000, -9999.00000, -9999.00000, -9999.00000, -9999.00000, -9999.00000 
50040.0, -9999.00000, -9999.00000, -9999.00000, -9999.00000, -9999.00000, -9999.00000, -9999.00000, -9999.00000, -9999.00000, -9999.00000, -9999.00000, -9999.00000, -9999.00000, -9999.00000, -9999.00000, -9999.00000, -9999.00000, -9999.00000, -9999.00000, -9999.00000, -9999.00000, -9999.00000 
50100.0, -9999.00000, -9999.00000, -9999.00000, -9999.00000, -9999.00000, -9999.00000, -9999.00000, -9999.00000, -9999.00000, -9999.00000, -9999.00000, -9999.00000, -9999.00000, -9999.00000, -9999.00000, -9999.00000, -9999.00000, -9999.00000, -9999.00000, -9999.00000, -9999.00000, -9999.00000 
50160.0, -9999.00000, -9999.00000, -9999.00000, -9999.00000, -9999.00000, -9999.00000, -9999.00000, -9999.00000, -9999.00000, -9999.00000, -9999.00000, -9999.00000, -9999.00000, -9999.00000, -9999.00000, -9999.00000, -9999.00000, -9999.00000, -9999.00000, -9999.00000, -9999.00000, -9999.00000 
50220.0, -9999.00000, -9999.00000, -9999.00000, -9999.00000, -9999.00000, -9999.00000, -9999.00000, -9999.00000, -9999.00000, -9999.00000, -9999.00000, -9999.00000, -9999.00000, -9999.00000, -9999.00000, -9999.00000, -9999.00000, -9999.00000, -9999.00000, -9999.00000, -9999.00000, -9999.00000 
50280.0, -9999.00000, -9999.00000, -9999.00000, -9999.00000, -9999.00000, -9999.00000, -9999.00000, -9999.00000, -9999.00000, -9999.00000, -9999.00000, -9999.00000, -9999.00000, -9999.00000, -9999.00000, -9999.00000, -9999.00000, -9999.00000, -9999.00000, -9999.00000, -9999.00000, -9999.00000 
50340.0, -9999.00000, -9999.00000, -9999.00000, -9999.00000, -9999.00000, -9999.00000, -9999.00000, -9999.00000, -9999.00000, -9999.00000, -9999.00000, -9999.00000, -9999.00000, -9999.00000, -9999.00000, -9999.00000, -9999.00000, -9999.00000, -9999.00000, -9999.00000, -9999.00000, -9999.00000 
50400.0, -9999.00000, -9999.00000, -9999.00000, -9999.00000, -9999.00000, -9999.00000, -9999.00000, -9999.00000, -9999.00000, -9999.00000, -9999.00000, -9999.00000, -9999.00000, -9999.00000, -9999.00000, -9999.00000, -9999.00000, -9999.00000, -9999.00000, -9999.00000, -9999.00000, -9999.00000 
50460.0, -9999.00000, -9999.00000, -9999.00000, -9999.00000, -9999.00000, -9999.00000, -9999.00000, -9999.00000, -9999.00000, -9999.00000, -9999.00000, -9999.00000, -9999.00000, -9999.00000, -9999.00000, -9999.00000, -9999.00000, -9999.00000, -9999.00000, -9999.00000, -9999.00000, -9999.00000 
50520.0, -9999.00000, -9999.00000, -9999.00000, -9999.00000, -9999.00000, -9999.00000, -9999.00000, -9999.00000, -9999.00000, -9999.00000, -9999.00000, -9999.00000, -9999.00000, -9999.00000, -9999.00000, -9999.00000, -9999.00000, -9999.00000, -9999.00000, -9999.00000, -9999.00000, -9999.00000 
50580.0, 26.63616, -9999.00000, -9999.00000, 20.72444, 0.00543, 0.59093, 7.42810, 0.00834, -9999.00000, -9999.00000, 0.77079, 1.71537, 0.09502, -9999.00000, 1.05716, 0.43662, -9999.00000, 0.13075, 0.34401, 0.14284, 0.03594, 0.04726 
50640.0, 23.95447, 0.46996, 5.94294, 18.44433, 0.00975, 0.56185, 6.85735, 0.00630, 0.53356, 0.54116, 0.72622, 1.42676, 0.09670, 0.08142, 0.91389, 0.40072, 0.05508, 0.10567, 0.36260, 0.11587, 0.03219, 0.03853 
50700.0, 26.85290, 0.42446, 6.67964, 19.67502, 0.01283, 0.58942, 7.45116, 0.01422, 0.42169, 0.55305, 0.74057, 1.47532, 0.14950, 0.11105, 0.95492, 0.41601, 0.05476, 0.10672, 0.33448, 0.15746, 0.03254, 0.03854 
50760.0, 26.03545, 0.48333, 6.36737, 18.95078, 0.00865, 0.53611, 7.35466, -0.00437, 0.50056, 0.53560, 0.75109, 1.41215, 0.13535, 0.09741, 0.93265, 0.39682, 0.02497, 0.10675, 0.32811, 0.12982, 0.03531, 0.05810 
50820.0, 21.92962, 0.43106, 4.89847, 13.93531, 0.00398, 0.44798, 6.32083, 0.01590, 0.37741, 0.47008, 0.56080, 1.11762, 0.09738, 0.04953, 0.73366, 0.32100, 0.04714, 0.07113, 0.32324, 0.09659, 0.02708, 0.03488 
50880.0, 20.56097, 0.43202, 4.48453, 11.79989, 0.00107, 0.41877, 6.16806, 0.02253, 0.39717, 0.47273, 0.54494, 1.06825, 0.09416, 0.04130, 0.73921, 0.29682, 0.02273, 0.07571, 0.30103, 0.09959, 0.02651, 0.04094 
50940.0, 20.26365, 0.45987, 4.20486, 11.97190, 0.00343, 0.37835, 6.15988, -0.00399, 0.39102, 0.45360, 0.39482, 0.90547, 0.07331, -0.00167, 0.59037, 0.21948, 0.01732, 0.08519, 0.32308, 0.07720, 0.02769, 0.02349 
51000.0, 24.27418, 0.45275, 4.88467, 13.55185, 0.00591, 0.46118, 6.58986, 0.02274, 0.40079, 0.47410, 0.57332, 1.21148, 0.08331, 0.04981, 0.80761, 0.28387, 0.00960, 0.08840, 0.33270, 0.09295, 0.02538, 0.03356 
51060.0, 26.77787, 0.43152, 5.25319, 20.60723, 0.01552, 0.48298, 6.79834, -0.00028, 0.55011, 0.50469, 0.89321, 2.19969, 0.14465, -0.00366, 1.32351, 0.46701, 0.00742, 0.07394, 0.30512, 0.11902, 0.02108, 0.03161 
51120.0, 19.53326, 0.46115, 4.13470, 12.53624, 0.00349, 0.39752, 7.40179, 0.00604, 0.35335, 0.45309, 0.49083, 0.96641, 0.11067, 0.01949, 0.64120, 0.23870, 0.03230, 0.06894, 0.29207, 0.10696, 0.02188, 0.03733 
51180.0, 20.67960, 0.47277, 4.21786, 13.41924, 0.00372, 0.40370, 6.67579, 0.02419, 0.44581, 0.42026, 0.49940, 0.98499, 0.04547, 0.02926, 0.64406, 0.26097, 0.02374, 0.07760, 0.30217, 0.07308, 0.03174, 0.02789 
51240.0, 21.70943, 0.47090, 4.42145, 12.73522, 0.00392, 0.41434, 6.86881, 0.02701, 0.48486, 0.44931, 0.41043, 1.01053, 0.07859, 0.00309, 0.64577, 0.26180, 0.02525, 0.07100, 0.28731, 0.09398, 0.03440, 0.03250 
51300.0, 20.26810, 0.47352, 4.47259, 12.70128, 0.00962, 0.41444, 6.59408, 0.02090, 0.53795, 0.46843, 0.46944, 0.98812, 0.06848, -0.00372, 0.64552, 0.24195, 0.01561, 0.08355, 0.27076, 0.06805, 0.03785, 0.03488 
51360.0, 20.58133, 0.46677, 4.40931, 14.06116, 0.00400, 0.46603, 6.67423, 0.00512, 0.56492, 0.47644, 0.47770, 0.97476, 0.09764, 0.01019, 0.68820, 0.26684, 0.02084, 0.07413, 0.29106, 0.10961, 0.03475, 0.02565 
51420.0, 19.89553, 0.49261, 4.48822, 14.11108, 0.00809, 0.47108, 6.89995, 0.00801, 0.39853, 0.47048, 0.54288, 1.16393, 0.05564, 0.03905, 0.74953, 0.29209, 0.03763, 0.09135, 0.30771, 0.10007, 0.02657, 0.04099 
51480.0, 22.67234, 0.45926, 4.55481, 14.92789, 0.00622, 0.44632, 6.74660, 0.01408, 0.50868, 0.49894, 0.52342, 1.10444, 0.11997, 0.01682, 0.71832, 0.25781, 0.02045, 0.09402, 0.32543, 0.07668, 0.04407, 0.04102 
51540.0, 22.19423, 0.49123, 4.51711, 14.16553, 0.00872, 0.41818, 7.05964, 0.02819, 0.48444, 0.46122, 0.50632, 1.13796, 0.09175, 0.05791, 0.77112, 0.30348, 0.00759, 0.07241, 0.34000, 0.09929, 0.05823, 0.03708 
51600.0, 21.47104, 0.48556, 4.68190, 15.04045, 0.00640, 0.47676, 7.14179, 0.00737, 0.49025, 0.50203, 0.61760, 1.22718, 0.11333, 0.04936, 0.82824, 0.30557, 0.02304, 0.10672, 0.34766, 0.10537, 0.03898, 0.04368 
51660.0, 22.06507, 0.47525, 4.84749, 14.95739, 0.00838, 0.44517, 6.99533, 0.00038, 0.48067, 0.47807, 0.56323, 1.15081, 0.09723, 0.04779, 0.75590, 0.30674, 0.03057, 0.06438, 0.32307, 0.12272, 0.03767, 0.03824 
51720.0, 20.90121, 0.45750, 4.63008, 14.05616, 0.00623, 0.47148, 6.81272, 0.02764, 0.51173, 0.46125, 0.54408, 1.14176, 0.02549, 0.02028, 0.74006, 0.28808, 0.01808, 0.09571, 0.29578, 0.12400, 0.03838, 0.04143 
51780.0, 22.95774, 0.45845, 4.67621, 14.93287, 0.01059, 0.52391, 6.81919, 0.01104, 0.52900, 0.47437, 0.54152, 1.12444, 0.10009, 0.02308, 0.75227, 0.28455, 0.03847, 0.09305, 0.28236, 0.10853, 0.03374, 0.03702 
51840.0, 22.24071, 0.45144, 4.75102, 13.41786, 0.00733, 0.48965, 6.79951, 0.00132, 0.51467, 0.45360, 0.58652, 1.29548, 0.08506, -0.00386, 0.89927, 0.33990, 0.04333, 0.07325, 0.29860, 0.10196, 0.02695, 0.03734 
51900.0, 19.75632, 0.46307, 4.35601, 12.02822, 0.00535, 0.45474, 6.55165, 0.00213, 0.43620, 0.44403, 0.48925, 0.99176, 0.07899, 0.00873, 0.65914, 0.24192, 0.01803, 0.09329, 0.29873, 0.06530, 0.03159, 0.04199 
51960.0, 22.13284, 0.46918, 4.59147, 14.54419, 0.00880, 0.46764, 6.85685, 0.01789, 0.62795, 0.47105, 0.57006, 1.06444, 0.12054, 0.01806, 0.72841, 0.26036, 0.02555, 0.12347, 0.30950, 0.09349, 0.03453, 0.03342 
52020.0, 21.99186, 0.46803, 4.33151, 12.97163, 0.00181, 0.44463, 6.62174, 0.01095, 0.43070, 0.44917, 0.50245, 0.99605, 0.08844, 0.02311, 0.75632, 0.25041, 0.01704, 0.10605, 0.24859, 0.10127, 0.02964, 0.04920 
52080.0, 22.00658, 0.47809, 4.52025, 13.41513, 0.00765, 0.49512, 6.81973, 0.00478, 0.48883, 0.44678, 0.49988, 1.07463, 0.08639, 0.04432, 0.78192, 0.26182, 0.02050, 0.09398, 0.24201, 0.09695, 0.02919, 0.03609 
52140.0, 20.24101, 0.44740, 4.21759, 12.31006, 0.00526, 0.42676, 6.60117, -0.00433, 0.46874, 0.43637, 0.53430, 0.98008, 0.10164, 0.04234, 0.66849, 0.21487, 0.00889, 0.06687, 0.26915, 0.08459, 0.01847, 0.03526 
52200.0, 22.20386, 0.45363, 4.74317, 14.95304, 0.00451, 0.45548, 7.00690, 0.02010, 0.51525, 0.47950, 0.53999, 1.12792, 0.00911, 0.00994, 0.72232, 0.28949, 0.02397, 0.05934, 0.28875, 0.10536, 0.04030, 0.04442 
52260.0, 22.47745, 0.49093, 4.71195, 13.98999, 0.00168, 0.45679, 6.89836, 0.02181, 0.53442, 0.48566, 0.51157, 1.12784, 0.09145, 0.00993, 0.70632, 0.27737, 0.02111, 0.07135, 0.31923, 0.11617, 0.01852, 0.04251 
52320.0, 20.84169, 0.45281, 4.45880, 13.66226, 0.00490, 0.50484, 6.91533, 0.02447, 0.53678, 0.47306, 0.45116, 1.06707, 0.06268, -0.00129, 0.66751, 0.24636, 0.02822, 0.09186, 0.26981, 0.10926, 0.02501, 0.04543 
52380.0, 20.78364, 0.47530, 4.35518, 13.31699, 0.00925, 0.45354, 6.78884, 0.00817, 0.49671, 0.45455, 0.47967, 0.98183, 0.09722, 0.05413, 0.67785, 0.24316, 0.00757, 0.06105, 0.28359, 0.09002, 0.02274, 0.02997 
52440.0, 19.86976, 0.49216, 4.01926, 11.16717, 0.00777, 0.43781, 6.44928, 0.02024, 0.32542, 0.45273, 0.44083, 0.95118, 0.07149, 0.04740, 0.64965, 0.22650, 0.02092, 0.07598, 0.24736, 0.08239, 0.01943, 0.03464 
52500.0, 20.12678, 0.45129, 4.00249, 11.94758, 0.00467, 0.45056, 6.60967, 0.00329, 0.38661, 0.45252, 0.54819, 0.98184, 0.09563, 0.05446, 0.61980, 0.24215, 0.03023, 0.07912, 0.26295, 0.08038, 0.02395, 0.03287 
52560.0, 20.58984, 0.45789, 4.22182, 11.78504, 0.00886, 0.44298, 6.62468, 0.01291, 0.62292, 0.42700, 0.48870, 0.98755, 0.08064, 0.04874, 0.67254, 0.22534, 0.02139, 0.07698, 0.24904, 0.07326, 0.03159, 0.03658 
52620.0, 19.89850, 0.46496, 4.03243, 12.12973, 0.00711, 0.39222, 6.53665, 0.01381, 0.39749, 0.43570, 0.44358, 0.99518, 0.09289, 0.02952, 0.62498, 0.23501, 0.00313, 0.06919, 0.24681, 0.08002, 0.02902, 0.04083 
52680.0, 20.15992, 0.45334, 4.13671, 11.79157, 0.00556, 0.39993, 6.62012, 0.01746, 0.44116, 0.42540, 0.49057, 1.01416, 0.08388, 0.05077, 0.66290, 0.24882, 0.01041, 0.05908, 0.26550, 0.08663, 0.01225, 0.03337 
52740.0, 21.48183, 0.46900, 4.33720, 12.18907, 0.00809, 0.44375, 6.66219, 0.01971, 0.53276, 0.45754, 0.49830, 1.11253, -0.00079, 0.00378, 0.70228, 0.28146, 0.02286, 0.07830, 0.24609, 0.07833, 0.02480, 0.03475 
52800.0, 19.60781, 0.46240, 4.27091, 12.58673, 0.00819, 0.46160, 6.62720, 0.01171, 0.51813, 0.44975, 0.45327, 1.02713, 0.09321, 0.02585, 0.66437, 0.23618, 0.02183, 0.05723, 0.23874, 0.09946, 0.02348, 0.03422 
52860.0, 20.21782, 0.46764, 4.09565, 11.89001, 0.00109, 0.47812, 6.56112, 0.02841, 0.43958, 0.44820, 0.44566, 0.96714, 0.05683, -0.00411, 0.65673, 0.24166, 0.03236, 0.08877, 0.23565, 0.07857, 0.02486, 0.04135 
52920.0, 23.35174, 0.45622, 4.31117, 12.92786, 0.00143, 0.46947, 6.62498, 0.03227, 0.44258, 0.47768, 0.37178, 1.03354, 0.02045, -0.00413, 0.65979, 0.21932, 0.02359, 0.08254, 0.27551, 0.10300, 0.03048, 0.04242 
52980.0, 20.74770, 0.47220, 4.38220, 12.80240, 0.00505, 0.42781, 6.68373, 0.01380, 0.54038, 0.48294, 0.43229, 1.04500, 0.06663, 0.04705, 0.65099, 0.23074, 0.00258, 0.08336, 0.28075, 0.09919, 0.02237, 0.04316 
53040.0, 22.15575, 0.44622, 4.39861, 12.76178, 0.00938, 0.43668, 6.87127, 0.02750, 0.58132, 0.45562, 0.45105, 1.06588, -0.00685, 0.00314, 0.67867, 0.24294, 0.01342, 0.05664, 0.29580, 0.07670, 0.02496, 0.04190 
53100.0, 21.33735, 0.45299, 4.49686, 12.89778, 0.00509, 0.46525, 6.96415, -0.00406, 0.53327, 0.47933, 0.55145, 1.10888, 0.09247, 0.04043, 0.70246, 0.26644, 0.03212, 0.11894, 0.29530, 0.11475, 0.02629, 0.04432 
53160.0, 22.79753, 0.46378, 4.67991, 36.73647, 0.00338, 0.41597, 6.87919, 0.00714, 0.61021, 0.47487, 0.52800, 1.13356, 0.08845, 0.01420, 0.70506, 0.28030, 0.01858, 0.07103, 0.31379, 0.07657, 0.02892, 0.03880 
53220.0, 20.91438, 0.45891, 4.59863, 25.25673, 0.00326, 0.48193, 6.99195, 0.00435, 0.55160, 0.50902, 0.46909, 1.11115, 0.07807, -0.00240, 0.72294, 0.26840, -0.00288, 0.10706, 0.31605, 0.11588, 0.02458, 0.03704 
53280.0, 20.63731, 0.46944, 4.38727, 34.67113, 0.00947, 0.43265, 6.68964, 0.02458, 0.52971, 0.46812, 0.47357, 0.98460, 0.08087, 0.02240, 0.63423, 0.24248, 0.03373, 0.06146, 0.27053, 0.05920, 0.03048, 0.04729 
53340.0, 20.33106, 0.46052, -9999.00000, 33.51100, 0.00440, 0.43193, 6.80180, 0.01194, -9999.00000, 0.47430, 0.47643, 1.00463, 0.06398, 0.04131, 0.67704, 0.23753, 0.03433, 0.08052, 0.28800, 0.06971, 0.03331, 0.03779 
53400.0, -9999.00000, -9999.00000, -9999.00000, -9999.00000, -9999.00000, -9999.00000, -9999.00000, -9999.00000, -9999.00000, -9999.00000, -9999.00000, -9999.00000, -9999.00000, -9999.00000, -9999.00000, -9999.00000, -9999.00000, -9999.00000, -9999.00000, -9999.00000, -9999.00000, -9999.00000 
