CampaignData_and_Merges/R0/CSL_MobileLab_Parked/raw/20240801/USOS-NOAAIodideCIMS-OrgNitrs_MobileLabGround_20240801_RA.ict
37, 1001
Michael A Robinson, Chris Jernigan, Subi Thakali
NOAA ESRL Chemical Sciences Laboratory and CIRES, U. of Colorado
NOAA Iodide CIMS Instrument
USOS
1, 1
2024, 08, 01, 2024, 08, 02
1
starttime_UTC, seconds_past_midnight, seconds_of_day_since_00:00:00_UTC
5
1, 1, 1, 1, 1
-9999, -9999, -9999, -9999, -9999
C4H7NO5_NOAACIMS, pptv, Gas_C4H7NO5_InSitu_S_AVMR, 
ISOPN_NOAACIMS, pptv, Gas_ISOPN_InSitu_S_AVMR, 
C5H10O3_NOAACIMS, pptv, Gas_C5H10O3_InSitu_S_AVMR, 
C5H9NO5_NOAACIMS, pptv, Gas_C5H9NO5_InSitu_S_AVMR, 
C10H17NO4_NOAACIMS, pptv, Gas_C10H17NO4_InSitu_S_AVMR, 
0
18
PI_CONTACT_INFO: 325 Broadway, R/CSD 7, Boulder, Colorado 80305; michael.a.robinson@noaa.gov; chris.jernigan@noaa.gov;
PLATFORM: NOAA CSL Mobile Lab
LOCATION: SLC, Utah
ASSOCIATED_DATA: 1Hz data also available on request.
INSTRUMENT_INFO: NOAA I- ToF CIMS
DATA_INFO: All data in parts per trillion by volume (pptv). 1 Hz data is available upon request.
UNCERTAINTY: TBD
ULOD_FLAG: -7777
ULOD_VALUE: N/A
LLOD_FLAG: -8888
LLOD_VALUE: N/A
DM_CONTACT_INFO: Nathan Howard; nathan.h.howard@noaa.gov
PROJECT_INFO: USOS, summer 2024. https://csl.noaa.gov/groups/csl7/measurements/2024usos/
STIPULATIONS_ON_USE: Users are strongly encouraged to contact the PI for proper data usage.
OTHER_COMMENTS: 
REVISION: RA
RA: Preliminary Data; For in-field use only
starttime_UTC, C4H7NO5_NOAACIMS, ISOPN_NOAACIMS, C5H10O3_NOAACIMS, C5H9NO5_NOAACIMS, C10H17NO4_NOAACIMS
[from data line 339]
 20340,  2.068,  4.646, 27.495,  5.241,  0.385
 20400,  2.043,  4.644, 26.155,  5.247,  0.502
 20460,  2.094,  4.569, 27.713,  5.180,  0.436
 20520,  2.147,  4.773, 27.036,  5.146,  0.519
 20580,  2.017,  4.762, 27.734,  5.271,  0.571
 20640,  2.096,  4.621, 26.753,  5.200,  0.612
 20700,  2.067,  4.422, 25.808,  4.999,  0.521
 20760,  1.979,  4.280, 26.625,  4.907,  0.498
 20820,  2.061,  4.541, 26.183,  4.899,  0.603
 20880, -9999.000, -9999.000, -9999.000, -9999.000, -9999.000
 20940,  1.916,  4.067, 23.160,  4.499,  0.507
 21000,  1.864,  4.135, 23.809,  4.550,  0.521
 21060,  1.888,  4.063, 22.257,  4.535,  0.566
 21120,  1.888,  3.677, 22.928,  4.514,  0.639
 21180,  1.873,  3.761, 24.097,  4.740,  0.706
 21240,  1.857,  3.623, 23.008,  4.644,  0.628
 21300,  1.841,  3.545, 22.249,  4.540,  0.724
 21360,  1.826,  3.544, 22.160,  4.477,  0.719
 21420,  1.843,  3.346, 21.928,  4.535,  0.693
 21480,  1.792,  3.584, 21.726,  4.405,  0.708
 21540,  1.817,  3.500, 22.792,  4.405,  0.773
 21600,  1.813,  3.768, 21.514,  4.586,  0.823
 21660,  1.774,  3.512, 22.229,  4.399,  0.826
 21720,  1.829,  3.478, 21.613,  4.493,  0.840
 21780,  1.801,  3.604, 20.793,  4.335,  0.882
 21840,  1.783,  3.311, 21.137,  4.317,  0.988
 21900,  1.771,  3.296, 22.411,  4.349,  0.970
 21960,  1.713,  3.420, 21.352,  4.278,  0.923
 22020,  1.814,  3.661, 21.045,  4.361,  1.023
 22080,  1.760,  3.457, 21.362,  3.942,  0.905
 22140,  1.730,  3.415, 20.462,  3.940,  0.853
 22200,  1.833,  3.383, 21.010,  4.221,  0.982
 22260,  1.828,  3.389, 21.533,  4.414,  1.022
 22320,  1.774,  3.218, 21.266,  4.322,  1.037
 22380,  1.821,  3.468, 19.910,  4.239,  1.008
 22440,  1.755,  3.793, 20.465,  4.229,  0.986
 22500,  1.808,  3.544, 21.402,  4.213,  1.113
 22560,  1.899,  3.657, 21.521,  4.495,  1.002
 22620,  1.907,  3.988, 20.789,  4.800,  0.898
 22680,  1.983,  4.434, 21.736,  4.294,  0.917
 22740,  1.803,  4.075, 19.158,  4.252,  1.013
 22800,  1.870,  4.249, 21.080,  4.293,  0.871
 22860,  1.998,  4.333, 21.861,  4.428,  0.793
 22920,  2.010,  4.575, 21.648,  4.557,  0.909
 22980,  1.994,  4.225, 21.419,  4.590,  0.804
 23040,  1.985,  4.488, 22.528,  4.726,  0.712
 23100,  2.026,  4.520, 21.674,  4.744,  0.852
 23160,  1.943,  4.426, 21.676,  4.737,  0.824
 23220,  1.915,  4.287, 22.118,  4.801,  0.734
 23280,  1.921,  4.085, 21.719,  4.862,  0.750
 23340,  1.869,  4.325, 20.255,  4.825,  0.850
 23400,  1.950,  4.042, 21.573,  5.100,  0.708
 23460,  1.946,  4.440, 21.870,  4.974,  0.806
 23520,  1.900,  4.110, 21.441,  4.616,  0.721
 23580,  1.918,  4.030, 22.289,  4.754,  0.840
 23640,  1.909,  4.139, 22.464,  4.674,  0.783
 23700,  1.827,  3.969, 20.885,  4.711,  0.773
 23760,  1.886,  4.035, 20.663,  4.655,  0.681
 23820,  1.910,  4.284, 21.922,  4.681,  0.829
 23880,  1.832,  4.120, 21.537,  4.732,  0.857
 23940,  1.831,  3.739, 20.715,  4.266,  0.698
 24000,  1.802,  4.066, 20.278,  4.297,  0.755
 24060,  1.832,  3.832, 20.798,  4.355,  0.779
 24120,  1.868,  4.101, 21.656,  4.413,  0.810
 24180,  1.812,  4.026, 22.689,  4.544,  0.893
 24240,  1.864,  4.147, 21.973,  4.374,  0.725
 24300,  1.878,  4.215, 21.202,  4.707,  0.717
 24360,  1.903,  4.236, 21.121,  4.772,  0.650
 24420,  1.886,  3.903, 21.766,  4.669,  0.760
 24480,  1.925,  4.198, 21.493,  4.833,  0.793
 24540,  1.590,  5.640, 18.337,  5.577,  0.913
 24600,  1.691,  4.460, 18.852,  4.345,  0.501
 24660,  1.834,  4.435, 19.133,  4.624,  0.512
 24720,  1.903,  4.455, 20.609,  4.814,  0.514
 24780,  2.013,  4.424, 22.493,  4.949,  0.575
 24840,  1.980,  4.592, 22.549,  4.976,  0.531
 24900,  1.980,  4.624, 21.503,  5.260,  0.486
 24960,  1.933,  4.771, 21.360,  5.097,  0.461
 25020,  1.978,  4.632, 23.177,  5.119,  0.478
 25080,  1.953,  4.949, 22.711,  5.252,  0.417
 25140,  2.012,  4.829, 22.011,  5.186,  0.459
 25200,  2.025,  4.782, 23.247,  5.217,  0.430
 25260,  1.978,  4.589, 21.994,  5.237,  0.445
 25320,  2.040,  4.706, 22.515,  5.145,  0.397
 25380,  1.995,  4.658, 22.812,  5.260,  0.402
 25440,  1.981,  4.687, 22.787,  5.170,  0.510
 25500,  1.909,  4.798, 22.016,  5.151,  0.429
 25560,  1.889,  4.841, 21.160,  5.113,  0.493
 25620,  1.975,  4.432, 22.242,  5.271,  0.424
 25680,  1.906,  4.409, 22.131,  5.231,  0.512
 25740,  2.015,  4.607, 23.183,  5.321,  0.404
 25800,  1.956,  5.195, 22.894,  5.201,  0.504
 25860,  1.928,  4.720, 21.475,  5.445,  0.421
 25920,  1.989,  5.053, 21.526,  5.367,  0.485
 25980,  2.123,  5.518, 23.297,  5.842,  0.416
 26040,  2.209,  5.844, 24.704,  5.889,  0.484
 26100,  2.152,  5.630, 23.238,  5.956,  0.477
 26160,  2.208,  6.137, 23.446,  6.346,  0.464
 26220,  2.198,  6.036, 24.184,  5.907,  0.473
 26280,  2.221,  6.119, 23.626,  6.285,  0.483
 26340,  2.219,  6.281, 24.965,  6.196,  0.613
 26400,  2.399,  6.017, 21.745,  6.596,  0.312
 26460,  2.128,  5.726, 21.260,  5.593,  0.417
 26520,  2.172,  6.184, 22.667,  6.104,  0.542
 26580,  2.210,  6.257, 23.144,  6.090,  0.445
 26640,  2.254,  6.070, 23.696,  5.940,  0.422
 26700,  2.299,  6.446, 24.804,  6.059,  0.434
 26760,  2.214,  6.321, 24.624,  6.234,  0.446
 26820,  2.245,  5.955, 23.866,  5.980,  0.513
 26880,  2.252,  6.155, 23.911,  5.928,  0.538
 26940,  2.198,  6.167, 23.348,  6.208,  0.497
 27000,  2.253,  5.834, 23.828,  5.945,  0.520
 27060,  2.219,  5.876, 24.583,  5.902,  0.598
 27120,  2.121,  5.716, 23.703,  5.518,  0.602
 27180,  2.029,  5.254, 22.288,  5.426,  0.442
 27240,  1.948,  5.376, 22.138,  5.434,  0.534
 27300,  2.107,  5.554, 23.006,  5.676,  0.590
 27360,  1.974,  5.110, 22.705,  5.511,  0.468
 27420,  2.019,  5.301, 21.987,  5.416,  0.487
 27480,  2.042,  5.361, 22.698,  5.848,  0.680
 27540,  2.111,  5.543, 21.455,  5.789,  0.630
 27600,  2.062,  5.154, 20.987,  5.673,  0.540
 27660,  2.048,  5.693, 23.758,  5.448,  0.536
 27720,  2.092,  5.338, 23.243,  5.487,  0.573
 27780,  2.014,  5.636, 21.350,  5.613,  0.560
 27840,  2.110,  4.991, 22.185,  5.341,  0.545
 27900,  2.030,  5.320, 23.246,  5.270,  0.609
 27960,  2.147,  5.838, 22.781,  5.798,  0.665
 28020,  2.182,  5.894, 22.394,  5.731,  0.595
 28080,  2.205,  5.729, 22.987,  5.827,  0.626
 28140,  2.105,  5.913, 22.094,  5.878,  0.603
 28200,  2.154,  5.960, 23.023,  5.979,  0.501
 28260, -9999.000, -9999.000, -9999.000, -9999.000, -9999.000
 28320,  1.999,  5.547, 19.703,  5.096,  0.458
 28380,  1.950,  5.307, 20.112,  5.135,  0.521
 28440,  2.029,  5.213, 20.150,  5.374,  0.452
 28500,  2.045,  5.612, 21.893,  5.413,  0.513
 28560,  2.115,  5.940, 22.069,  5.723,  0.568
 28620,  2.162,  5.683, 21.347,  5.550,  0.603
 28680,  2.110,  5.607, 21.345,  5.720,  0.680
 28740,  2.095,  5.456, 21.381,  5.585,  0.619
 28800,  2.099,  5.078, 19.409,  5.505,  0.661
 28860,  2.047,  5.143, 21.056,  5.109,  0.636
 28920,  2.002,  4.971, 20.791,  5.280,  0.634
 28980,  2.017,  4.693, 19.882,  4.916,  0.599
 29040,  1.992,  4.693, 19.166,  5.048,  0.589
 29100,  1.951,  4.407, 19.810,  5.007,  0.644
 29160,  1.938,  4.342, 19.133,  4.881,  0.599
 29220,  1.850,  4.550, 19.089,  4.707,  0.612
 29280,  1.895,  4.238, 18.773,  4.708,  0.670
 29340,  1.879,  3.818, 17.458,  4.550,  0.581
 29400,  1.803,  4.047, 17.980,  4.690,  0.566
 29460,  1.878,  3.647, 18.611,  4.341,  0.690
 29520,  1.846,  4.225, 18.424,  4.595,  0.630
 29580,  1.805,  4.028, 17.038,  4.782,  0.606
 29640,  1.819,  4.103, 18.068,  4.645,  0.638
 29700,  1.849,  3.958, 17.012,  4.737,  0.624
 29760,  1.938,  4.604, 17.624,  5.256,  0.575
 29820,  2.078,  5.273, 20.226,  5.588,  0.606
 29880,  2.051,  5.022, 19.167,  5.359,  0.653
 29940,  2.077,  5.374, 20.007,  5.743,  0.595
 30000,  2.029,  5.032, 19.334,  5.470,  0.527
 30060,  2.033,  5.077, 20.086,  5.435,  0.611
 30120,  2.230,  6.717, 16.939,  5.809,  0.813
 30180,  2.342,  6.327, 20.884,  6.324,  0.570
 30240,  2.290,  6.305, 20.919,  6.451,  0.683
 30300,  2.389,  6.728, 21.723,  6.612,  0.613
 30360,  2.539,  7.442, 23.481,  7.219,  0.622
 30420,  2.629,  7.908, 25.154,  7.399,  0.786
 30480,  2.660,  8.200, 25.864,  7.505,  0.731
 30540,  2.826,  9.069, 26.641,  8.214,  0.715
 30600,  2.974,  9.236, 27.535,  8.635,  0.735
 30660,  2.873,  9.229, 28.673,  8.181,  0.729
 30720,  2.893,  9.412, 28.667,  8.570,  0.607
 30780,  2.918,  9.327, 28.964,  8.483,  0.676
 30840,  2.805,  9.389, 27.772,  8.225,  0.677
 30900,  2.785,  8.628, 26.753,  7.966,  0.683
 30960,  2.651,  8.336, 26.794,  7.601,  0.630
 31020,  2.761,  9.208, 28.361,  7.889,  0.730
 31080,  2.899,  9.113, 29.694,  8.204,  0.739
 31140,  2.923,  9.932, 29.563,  8.735,  0.662
 31200,  2.919,  9.943, 30.219,  8.785,  0.639
 31260,  2.988, 10.266, 32.165,  9.149,  0.663
 31320,  3.070, 10.312, 31.318,  9.142,  0.630
 31380,  3.013, 10.446, 32.064,  9.466,  0.615
 31440,  3.020,  9.977, 31.778,  9.150,  0.596
 31500,  2.954, 10.279, 30.534,  9.050,  0.524
 31560,  2.990,  9.989, 31.151,  8.772,  0.567
 31620,  2.936, 10.101, 30.477,  8.498,  0.582
 31680,  2.997, 10.190, 32.085,  8.796,  0.618
 31740,  2.969, 10.290, 31.509,  8.850,  0.660
 31800,  3.008, 10.165, 32.152,  8.955,  0.708
 31860,  3.001, 10.310, 32.940,  8.727,  0.639
 31920,  3.010, 10.364, 33.016,  8.948,  0.615
 31980, -9999.000, -9999.000, -9999.000, -9999.000, -9999.000
 32040,  2.828,  9.611, 30.084,  8.672,  0.602
 32100,  2.834,  9.801, 29.633,  8.566,  0.597
 32160,  2.924,  9.413, 30.028,  8.650,  0.642
 32220,  2.889,  9.675, 32.316,  8.309,  0.677
 32280,  2.857,  9.860, 32.584,  8.790,  0.633
 32340,  2.905,  9.701, 31.574,  8.566,  0.718
 32400,  2.953,  9.688, 32.446,  8.561,  0.695
 32460,  2.958,  9.593, 32.286,  8.707,  0.649
 32520,  2.946,  9.673, 32.771,  8.690,  0.698
 32580,  2.928,  9.746, 33.787,  8.629,  0.607
 32640,  2.918,  9.632, 33.793,  8.479,  0.585
 32700,  2.901,  9.446, 34.105,  8.735,  0.542
 32760,  2.870,  9.596, 33.749,  8.366,  0.615
 32820,  2.875,  9.304, 33.323,  8.668,  0.605
 32880,  2.862,  9.645, 33.560,  8.301,  0.688
 32940,  2.819,  9.015, 33.428,  8.152,  0.631
 33000,  2.964, 10.021, 35.794,  8.684,  0.668
 33060,  2.882,  9.476, 36.309,  8.589,  0.744
 33120,  3.005, 10.069, 35.894,  8.680,  0.623
 33180,  3.042,  9.869, 36.792,  8.682,  0.663
 33240,  3.041,  9.729, 37.395,  8.688,  0.667
 33300,  2.961,  9.728, 36.276,  8.402,  0.635
 33360,  3.017,  9.966, 38.443,  8.879,  0.642
 33420,  2.982,  9.800, 38.020,  9.143,  0.633
 33480,  3.014, 10.068, 37.541,  8.817,  0.679
 33540,  3.173, 10.467, 40.218,  9.147,  0.775
 33600,  3.075, 10.092, 38.859,  9.300,  0.727
 33660,  3.110, 10.525, 39.839,  9.067,  0.687
 33720,  3.074, 10.021, 40.500,  9.012,  0.619
 33780,  3.180,  9.753, 39.526,  8.990,  0.640
 33840,  3.085,  9.736, 37.244,  8.893,  0.535
 33900,  3.113, 10.455, 38.428,  8.885,  0.661
 33960,  3.056,  9.814, 38.224,  9.122,  0.609
 34020,  3.134, 10.063, 39.258,  8.899,  0.734
 34080,  3.093, 10.288, 39.569,  8.946,  0.672
 34140,  3.016,  9.825, 36.922,  8.539,  0.544
 34200,  2.910,  9.421, 36.035,  8.491,  0.619
 34260,  2.944,  8.991, 36.381,  7.920,  0.634
 34320,  2.886,  8.894, 33.468,  7.864,  0.583
 34380,  3.084,  9.714, 36.051,  8.820,  0.644
 34440,  2.878,  9.128, 35.198,  8.008,  0.598
 34500,  2.921,  8.786, 34.753,  8.074,  0.703
 34560,  2.838,  8.940, 34.058,  7.816,  0.659
 34620,  3.032,  9.435, 35.745,  8.847,  0.758
 34680,  3.052,  9.737, 37.045,  8.600,  0.690
 34740,  2.870,  8.989, 32.859,  7.945,  0.750
 34800,  2.969,  8.964, 33.246,  8.324,  0.817
 34860,  3.045,  9.475, 35.424,  8.869,  0.781
 34920,  3.055,  9.816, 37.148,  9.388,  0.991
 34980,  3.121,  9.699, 35.435,  9.351,  0.962
 35040,  3.131,  9.618, 35.682,  9.621,  0.957
 35100,  3.005,  9.149, 35.825,  8.861,  0.872
 35160,  2.981,  9.363, 33.879,  8.718,  0.840
 35220,  2.988,  9.196, 36.387,  8.878,  0.758
 35280,  2.925,  9.481, 36.052,  8.700,  0.774
 35340,  3.004,  9.201, 35.681,  8.942,  0.684
 35400,  2.935,  9.097, 34.701,  8.482,  0.639
 35460,  2.857,  8.560, 33.315,  7.772,  0.591
 35520,  2.894,  8.778, 33.551,  8.228,  0.692
 35580,  2.916,  8.847, 34.914,  8.542,  0.647
 35640, -9999.000, -9999.000, -9999.000, -9999.000, -9999.000
 35700,  2.635,  8.610, 28.862,  7.594,  0.486
 35760,  2.771,  8.416, 31.616,  7.860,  0.642
 35820,  2.740,  8.132, 32.421,  7.631,  0.616
 35880,  2.777,  8.364, 32.348,  7.850,  0.672
 35940,  2.779,  8.684, 32.498,  8.050,  0.692
 36000,  2.839,  8.605, 32.941,  8.057,  0.724
 36060,  2.957,  9.205, 35.974,  8.691,  0.558
 36120,  3.009,  9.577, 38.409,  9.164,  0.512
 36180,  3.092,  9.773, 40.419,  8.811,  0.550
 36240,  2.985,  9.300, 40.242,  8.869,  0.545
 36300,  3.023,  9.481, 39.135,  9.026,  0.522
 36360,  3.045,  9.216, 40.165,  8.939,  0.471
 36420,  3.053,  9.306, 42.681,  9.171,  0.465
 36480,  3.024,  9.371, 42.361,  9.042,  0.475
 36540,  3.025,  9.109, 41.471,  9.004,  0.558
 36600,  3.019,  9.149, 42.336,  8.684,  0.521
 36660,  3.031,  8.852, 40.086,  8.775,  0.477
 36720,  2.971,  9.128, 42.071,  8.936,  0.510
 36780,  2.945,  9.073, 42.475,  8.924,  0.696
 36840,  3.046,  9.250, 41.782,  9.037,  0.594
 36900,  3.045,  9.118, 41.353,  8.843,  0.556
 36960,  2.991,  9.218, 42.059,  8.602,  0.501
 37020,  3.100,  8.940, 42.573,  8.842,  0.523
 37080,  3.029,  9.083, 41.523,  8.652,  0.509
 37140,  3.052,  9.201, 42.153,  8.748,  0.710
 37200,  2.907,  8.510, 40.455,  8.488,  0.677
 37260,  2.997,  8.941, 38.611,  8.772,  0.653
 37320,  3.071,  8.976, 39.612,  8.813,  0.790
 37380,  3.109,  8.674, 42.305,  9.118,  0.779
 37440,  3.016,  9.224, 40.889,  8.758,  0.591
 37500, -9999.000, -9999.000, -9999.000, -9999.000, -9999.000
 37560,  2.926,  8.675, 38.475,  8.430,  0.533
 37620,  2.937,  9.071, 38.693,  8.501,  0.575
 37680,  2.970,  8.928, 39.761,  8.556,  0.431
 37740,  3.070,  8.860, 40.994,  8.666,  0.533
 37800,  3.077,  8.903, 41.701,  8.908,  0.500
 37860,  3.055,  8.987, 40.769,  8.948,  0.506
 37920,  3.048,  9.485, 41.456,  8.861,  0.590
 37980,  3.041,  8.905, 40.593,  8.986,  0.546
 38040,  3.086,  9.060, 40.810,  8.823,  0.448
 38100,  3.054,  8.937, 42.675,  8.882,  0.504
 38160,  3.102,  9.520, 41.787,  8.946,  0.473
 38220,  3.150,  9.694, 44.110,  9.646,  0.477
 38280,  3.136,  9.685, 44.141,  9.510,  0.412
 38340,  3.207,  9.604, 44.211,  9.413,  0.496
 38400,  3.230,  9.844, 44.182,  9.635,  0.461
 38460,  3.267,  9.894, 46.373, 10.077,  0.512
 38520,  3.221,  9.793, 46.443,  9.966,  0.437
 38580,  3.181,  9.813, 44.882,  9.575,  0.526
 38640,  3.184,  9.487, 43.738,  9.358,  0.468
 38700,  3.129,  8.952, 42.265,  9.369,  0.570
 38760,  3.164,  9.593, 42.017,  9.510,  0.626
 38820,  3.338,  9.438, 44.066,  9.724,  0.677
 38880,  3.261,  9.512, 42.733,  9.982,  0.745
 38940,  3.176,  9.117, 39.956,  9.718,  1.023
 39000,  3.195,  8.992, 40.289,  9.668,  0.833
 39060,  3.193,  8.962, 39.959,  9.523,  0.922
 39120,  3.259,  8.678, 38.494,  9.573,  1.102
 39180,  3.222,  9.337, 38.844,  9.751,  1.016
 39240,  3.374,  8.499, 37.398,  9.757,  0.998
 39300,  3.303,  8.510, 34.951,  9.524,  1.093
 39360, -9999.000, -9999.000, -9999.000, -9999.000, -9999.000
 39420,  2.850,  7.764, 32.411,  8.026,  0.836
 39480,  2.876,  7.863, 33.045,  7.864,  0.854
 39540,  3.057,  8.092, 33.879,  8.712,  0.977
 39600,  3.225,  8.391, 34.030,  9.108,  1.080
 39660,  3.232,  7.978, 33.493,  9.235,  1.137
 39720,  3.412,  7.947, 33.092,  9.495,  1.233
 39780,  3.028,  7.495, 33.735,  8.566,  1.162
 39840,  2.908,  7.413, 32.676,  8.005,  1.018
 39900,  2.685,  6.817, 30.527,  7.278,  1.034
 39960,  2.592,  6.669, 30.651,  6.858,  1.073
 40020,  2.520,  6.614, 29.538,  6.626,  1.007
 40080,  2.671,  6.415, 30.571,  6.766,  1.207
 40140,  2.552,  6.170, 30.599,  6.826,  1.152
 40200,  2.415,  6.109, 28.582,  6.385,  1.053
 40260,  2.480,  6.082, 27.773,  6.470,  1.170
 40320,  2.413,  6.101, 28.786,  6.299,  1.254
 40380,  2.494,  6.001, 28.671,  6.531,  1.276
 40440,  2.512,  5.942, 28.268,  6.393,  1.283
 40500,  2.484,  6.248, 28.923,  6.284,  1.150
