CampaignData_and_Merges/R0/CSL_MobileLab_Parked/raw/20240801/USOS-MetNav_MobileLabGround_20240801_R0.ict
44, 1001
Carrie Womack, Nate Howard, Mike Zucker
NOAA Chemical Sciences Laboratory
Mobile Lab MetNav Station
USOS
1, 1
2024, 08, 01, 2024, 12, 21
60
Time_Start, seconds_past_midnight, Seconds from midnight UTC
11
1, 1, 1, 1, 1, 1, 1, 1, 1, 1, 1
-9999, -9999, -9999, -9999, -9999, -9999, -9999, -9999, -9999, -9999, -9999
GPS_Alt_m, meters, Altitude from Differential GPS
GPS_Course_deg, degrees, Course from Differential GPS
GPS_GndSpd_m_s, m/s, Ground Speed from Differential GPS
GPS_Heading_deg, degrees, Heading from Differential GPS
GPS_Lat_deg, degrees, Latitude from Differential GPS
GPS_Lon_deg, degrees, Longitude from Differential GPS
AirTemp_C, Celsius, Air Temperature from Airmar
RelHumidity_pct, percent, Relative Humidity from Airmar
Pressure_mb, millibars, Pressure from Honeywell
WindDir_calc_deg, degrees, Wind Direction from Airmar corrected for van movement
WindSpd_calc_m_s, m/s, Wind Speed from Airmar corrected for van movement
1
SPECIAL COMMENTS:
18
PI_CONTACT_INFO: Address: 325 Broadway R/CSL7, Boulder, CO, 80305
PLATFORM: CSL Mobile Lab
LOCATION: Salt Lake City, UT
ASSOCIATED_DATA: N/A
INSTRUMENT_INFO: N/A
DATA_INFO: Units:
UNCERTAINTY: N/A
ULOD_FLAG: -7777
ULOD_VALUE: N/A
LLOD_FLAG: -8888
LLOD_VALUE: N/A
DM_CONTACT_INFO: Data Manager: Nate Howard
PROJECT_INFO: 
STIPULATIONS_ON_USE: Use of these data require prior ok from PI.
OTHER_COMMENTS: 
REVISION: R0
R0: Final data. Fixed bug in wind averaging code. RA: Preliminary Data. For in-field use only. 
Time_Start, GPS_Alt_m, GPS_Course_deg, GPS_GndSpd_m_s, GPS_Heading_deg, GPS_Lat_deg, GPS_Lon_deg, AirTemp_C, RelHumidity_pct, Pressure_mb, WindDir_calc_deg, WindSpd_calc_m_s
0.0,1308.7,3.44,0.05,3.44,40.73433,-111.87210,35.7,15.7,877.3,89.83,0.6
60.0,1308.8,3.31,0.05,3.31,40.73433,-111.87210,35.8,15.7,877.2,101.61,0.4
120.0,1308.8,3.09,0.05,3.09,40.73433,-111.87210,35.7,15.5,877.2,51.15,0.1
180.0,1309.2,2.94,0.05,2.94,40.73433,-111.87210,35.8,15.9,877.2,92.94,0.6
240.0,1309.6,2.74,0.06,2.74,40.73433,-111.87210,35.7,15.6,877.2,65.97,0.4
300.0,1309.6,3.32,0.06,3.32,40.73433,-111.87210,35.7,15.7,877.2,101.57,0.7
360.0,1309.5,3.63,0.05,3.63,40.73433,-111.87210,35.7,15.8,877.2,83.71,0.3
420.0,1309.1,3.48,0.06,3.48,40.73433,-111.87210,35.5,15.8,877.2,72.71,0.4
480.0,1308.5,3.23,0.05,3.23,40.73433,-111.87210,35.6,15.6,877.2,84.94,0.8
540.0,1308.5,3.17,0.04,3.17,40.73434,-111.87210,35.4,16.0,877.2,89.25,0.8
600.0,1308.5,2.64,0.05,2.64,40.73434,-111.87210,35.3,15.5,877.2,65.41,0.2
660.0,1308.5,2.41,0.05,2.41,40.73434,-111.87210,35.4,15.3,877.2,88.93,0.3
720.0,1308.4,2.80,0.05,2.80,40.73434,-111.87210,35.6,15.0,877.2,121.38,0.5
780.0,1307.9,3.19,0.05,3.19,40.73434,-111.87210,35.7,14.8,877.2,185.58,0.3
840.0,1307.9,3.64,0.04,3.64,40.73434,-111.87210,35.9,14.7,877.2,163.62,0.9
900.0,1307.9,3.44,0.05,3.44,40.73434,-111.87210,35.8,15.8,877.2,81.03,0.6
960.0,1307.8,2.85,0.04,2.85,40.73434,-111.87210,35.8,16.3,877.1,105.03,1.0
1020.0,1307.8,3.28,0.05,3.28,40.73434,-111.87210,35.6,16.1,877.1,108.79,0.9
1080.0,1307.7,3.66,0.04,3.66,40.73434,-111.87210,35.6,15.9,877.2,106.45,0.8
1140.0,1307.7,3.73,0.05,3.73,40.73434,-111.87210,35.6,15.6,877.2,96.53,0.6
1200.0,1307.6,3.42,0.05,3.42,40.73434,-111.87210,35.6,15.7,877.1,97.04,0.7
1260.0,1307.5,3.22,0.04,3.22,40.73434,-111.87211,35.6,16.2,877.1,97.55,0.8
1320.0,1307.5,3.14,0.05,3.14,40.73434,-111.87211,35.4,16.4,877.2,80.71,0.7
1380.0,1307.6,3.06,0.05,3.06,40.73434,-111.87211,35.4,16.1,877.2,80.64,0.7
1440.0,1307.7,3.00,0.04,3.00,40.73434,-111.87211,35.2,15.7,877.2,81.75,0.6
1500.0,1308.1,3.41,0.04,3.41,40.73434,-111.87211,35.1,15.9,877.2,81.18,0.7
1560.0,1308.1,3.74,0.04,3.74,40.73434,-111.87211,35.1,15.6,877.2,87.37,0.5
1620.0,1308.0,3.99,0.04,3.99,40.73434,-111.87211,35.2,15.5,877.2,96.86,0.6
1680.0,1308.1,3.89,0.04,3.89,40.73434,-111.87211,35.1,16.3,877.2,99.86,0.9
1740.0,1308.4,3.62,0.04,3.62,40.73434,-111.87211,35.1,17.1,877.2,114.48,1.2
1800.0,1308.8,3.71,0.05,3.71,40.73434,-111.87211,35.0,16.0,877.2,91.46,0.7
1860.0,1308.9,4.32,0.04,4.32,40.73434,-111.87211,34.9,16.3,877.2,114.08,1.2
1920.0,1308.8,4.47,0.05,4.47,40.73434,-111.87211,35.0,15.8,877.2,113.89,0.0
1980.0,1308.5,4.15,0.05,4.15,40.73434,-111.87211,34.9,16.0,877.2,80.37,0.7
2040.0,1308.6,4.24,0.05,4.24,40.73434,-111.87211,35.0,16.0,877.2,121.13,0.6
2100.0,1308.7,4.41,0.05,4.41,40.73434,-111.87211,35.1,16.1,877.2,119.65,0.7
2160.0,1308.7,4.39,0.05,4.39,40.73434,-111.87211,35.2,16.1,877.2,105.56,0.9
2220.0,1308.5,4.38,0.05,4.38,40.73434,-111.87211,35.3,15.7,877.2,114.26,0.7
2280.0,1308.4,3.67,0.04,3.67,40.73434,-111.87211,35.4,15.5,877.2,100.92,0.6
2340.0,1308.3,3.59,0.05,3.59,40.73434,-111.87211,35.4,15.8,877.2,103.16,0.9
2400.0,1308.3,3.73,0.04,3.73,40.73434,-111.87211,35.4,15.7,877.2,99.52,0.7
2460.0,1308.3,3.50,0.04,3.50,40.73434,-111.87211,35.5,15.2,877.2,208.09,0.1
2520.0,1308.3,3.43,0.05,3.43,40.73434,-111.87211,35.6,14.6,877.2,217.14,0.3
2580.0,1308.2,3.23,0.04,3.23,40.73434,-111.87211,35.5,14.9,877.2,78.01,0.3
2640.0,1308.3,3.15,0.05,3.15,40.73434,-111.87211,35.5,15.3,877.2,104.13,0.5
2700.0,1308.3,3.11,0.06,3.11,40.73434,-111.87211,35.4,15.7,877.2,91.63,0.6
2760.0,1308.3,2.55,0.04,2.55,40.73434,-111.87211,35.2,15.9,877.2,101.93,0.8
2820.0,1308.3,2.56,0.05,2.56,40.73434,-111.87211,35.3,16.1,877.2,96.57,0.4
2880.0,1308.4,2.55,0.04,2.55,40.73434,-111.87211,35.1,15.9,877.2,74.17,0.6
2940.0,1308.5,2.63,0.05,2.63,40.73434,-111.87211,35.1,16.0,877.2,100.85,0.9
3000.0,1308.5,2.78,0.05,2.78,40.73434,-111.87211,35.1,15.8,877.2,124.68,0.8
3060.0,1308.5,2.93,0.05,2.93,40.73434,-111.87211,35.2,15.4,877.2,124.17,0.4
3120.0,1308.6,2.52,0.05,2.52,40.73434,-111.87211,35.2,15.2,877.1,122.99,0.9
3180.0,1308.6,2.25,0.05,2.25,40.73434,-111.87211,35.2,15.9,877.2,97.16,0.7
3240.0,1308.5,1.93,0.05,1.93,40.73434,-111.87211,35.0,16.3,877.2,56.93,0.5
3300.0,1308.3,1.77,0.05,1.77,40.73434,-111.87211,34.9,16.1,877.2,81.98,0.4
3360.0,1308.3,2.21,0.05,2.21,40.73434,-111.87211,34.9,16.0,877.2,113.67,0.6
3420.0,1308.2,2.72,0.05,2.72,40.73434,-111.87211,34.9,16.1,877.2,92.59,0.7
3480.0,1308.2,2.57,0.05,2.57,40.73434,-111.87211,34.8,16.7,877.2,116.25,1.2
3540.0,1308.2,2.47,0.05,2.47,40.73434,-111.87211,34.7,16.8,877.2,95.92,0.8
3600.0,1308.3,2.18,0.05,2.18,40.73434,-111.87211,34.6,16.5,877.2,100.42,0.6
3660.0,1308.3,2.08,0.05,2.08,40.73434,-111.87211,34.5,16.0,877.2,114.74,1.1
3720.0,1308.4,2.56,0.06,2.56,40.73433,-111.87211,34.4,16.1,877.2,91.60,0.6
3780.0,1308.5,3.38,0.05,3.38,40.73433,-111.87211,34.3,16.0,877.2,97.28,0.7
3840.0,1308.4,3.84,0.05,3.84,40.73433,-111.87211,34.1,15.9,877.2,77.09,0.7
3900.0,1308.5,3.54,0.05,3.54,40.73433,-111.87211,34.1,16.4,877.2,105.00,0.8
3960.0,1308.4,3.46,0.05,3.46,40.73433,-111.87211,34.0,16.6,877.2,97.98,0.6
4020.0,1308.3,3.15,0.06,3.15,40.73433,-111.87211,34.0,17.0,877.2,106.79,0.9
4080.0,1308.3,3.73,0.05,3.73,40.73433,-111.87211,34.0,17.3,877.2,100.44,0.7
4140.0,1308.4,3.87,0.05,3.87,40.73434,-111.87211,33.9,17.0,877.3,91.51,0.6
4200.0,1308.5,3.17,0.06,3.17,40.73434,-111.87211,33.9,17.0,877.3,91.72,0.8
4260.0,1308.6,2.98,0.05,2.98,40.73433,-111.87211,33.8,16.9,877.3,98.00,0.7
4320.0,1308.7,3.47,0.05,3.47,40.73433,-111.87211,33.7,17.0,877.3,87.27,0.6
4380.0,1308.8,3.61,0.05,3.61,40.73433,-111.87211,33.7,16.9,877.3,117.97,0.8
4440.0,1309.1,3.11,0.05,3.11,40.73433,-111.87211,33.7,17.1,877.3,99.38,0.9
4500.0,1309.2,2.93,0.05,2.93,40.73433,-111.87211,33.6,16.8,877.3,92.84,0.7
4560.0,1309.5,2.82,0.05,2.82,40.73433,-111.87211,33.4,17.3,877.3,86.32,0.6
4620.0,1309.6,2.90,0.05,2.90,40.73433,-111.87211,33.4,17.4,877.3,96.17,0.8
4680.0,1309.6,3.16,0.06,3.16,40.73433,-111.87211,33.3,17.0,877.3,86.29,0.7
4740.0,1309.7,3.34,0.06,3.34,40.73433,-111.87211,33.4,16.7,877.3,108.21,0.8
4800.0,1309.7,3.24,0.05,3.24,40.73433,-111.87211,33.4,17.2,877.3,106.78,0.9
4860.0,1309.7,2.53,0.05,2.53,40.73433,-111.87211,33.4,17.4,877.3,100.11,0.8
4920.0,1309.7,2.99,0.05,2.99,40.73433,-111.87211,33.4,17.3,877.3,99.78,0.7
4980.0,1309.9,3.05,0.04,3.05,40.73433,-111.87211,33.4,16.7,877.3,120.55,0.3
5040.0,1310.0,3.00,0.05,3.00,40.73433,-111.87211,33.4,17.2,877.3,102.70,0.8
5100.0,1309.9,2.63,0.06,2.63,40.73433,-111.87211,33.4,17.4,877.3,103.79,0.8
5160.0,1309.9,2.94,0.04,2.94,40.73433,-111.87211,33.3,17.2,877.3,79.20,0.7
5220.0,1309.9,3.13,0.05,3.13,40.73434,-111.87211,33.2,17.2,877.3,83.53,0.6
5280.0,1310.0,3.12,0.06,3.12,40.73434,-111.87211,33.1,17.4,877.3,93.45,0.7
5340.0,1310.0,3.08,0.05,3.08,40.73434,-111.87211,33.0,17.4,877.3,101.60,0.6
5400.0,1310.0,2.94,0.05,2.94,40.73434,-111.87211,32.9,17.7,877.3,89.00,0.7
5460.0,1309.9,3.07,0.04,3.07,40.73434,-111.87211,32.9,17.6,877.3,76.60,0.5
5520.0,1309.7,3.47,0.05,3.47,40.73434,-111.87211,32.9,17.8,877.3,98.09,0.6
5580.0,1309.7,3.75,0.05,3.75,40.73434,-111.87211,32.8,17.6,877.3,101.27,0.6
5640.0,1309.8,4.03,0.06,4.03,40.73434,-111.87211,32.8,17.7,877.3,94.96,0.5
5700.0,1309.8,3.62,0.06,3.62,40.73434,-111.87210,32.8,17.8,877.3,99.50,0.6
5760.0,1309.7,3.20,0.05,3.20,40.73434,-111.87211,32.8,17.9,877.3,117.79,0.6
5820.0,1309.7,3.27,0.05,3.27,40.73434,-111.87211,32.7,17.7,877.3,92.33,0.7
5880.0,1309.6,3.50,0.05,3.50,40.73434,-111.87211,32.6,17.8,877.3,101.40,0.7
5940.0,1309.6,3.68,0.05,3.68,40.73434,-111.87211,32.6,18.3,877.3,109.22,0.6
6000.0,1309.6,3.89,0.06,3.89,40.73434,-111.87211,32.7,18.1,877.3,139.59,0.4
6060.0,1309.5,3.58,0.06,3.58,40.73434,-111.87211,32.6,18.0,877.2,122.27,0.5
6120.0,1309.4,3.86,0.05,3.86,40.73434,-111.87211,32.5,19.0,877.0,115.83,0.9
6180.0,1309.4,3.69,0.05,3.69,40.73434,-111.87211,32.5,19.0,877.0,115.47,0.8
6240.0,1309.2,3.40,0.06,3.40,40.73434,-111.87211,32.2,18.4,877.0,74.37,0.7
6300.0,1309.1,3.52,0.06,3.52,40.73434,-111.87211,32.2,18.0,877.0,96.53,0.5
6360.0,1308.9,4.07,0.06,4.07,40.73434,-111.87211,32.2,18.3,877.0,91.10,0.5
6420.0,1308.9,3.80,0.06,3.80,40.73434,-111.87211,32.1,18.7,877.1,108.93,0.7
6480.0,1308.9,4.06,0.06,4.06,40.73434,-111.87211,32.0,18.3,877.1,97.38,0.6
6540.0,1308.8,4.08,0.06,4.08,40.73433,-111.87211,32.0,18.4,877.0,97.65,0.6
6600.0,1309.0,3.91,0.06,3.91,40.73434,-111.87211,31.9,18.4,877.0,83.99,0.5
6660.0,1309.1,3.65,0.05,3.65,40.73434,-111.87211,31.8,18.6,877.0,97.73,0.5
6720.0,1309.2,3.08,0.06,3.08,40.73434,-111.87211,31.7,18.5,877.0,88.65,0.4
6780.0,1309.0,3.44,0.06,3.44,40.73434,-111.87211,31.7,18.5,877.0,91.23,0.5
6840.0,1308.7,3.83,0.05,3.83,40.73434,-111.87211,31.7,18.3,877.0,129.57,0.6
6900.0,1308.7,4.13,0.06,4.13,40.73433,-111.87211,31.8,18.4,877.0,124.58,0.8
6960.0,1308.6,4.20,0.05,4.20,40.73433,-111.87211,31.7,18.4,877.0,95.25,0.5
7020.0,1308.7,3.22,0.06,3.22,40.73433,-111.87211,31.6,18.5,877.1,47.87,0.2
7080.0,1308.6,3.06,0.05,3.06,40.73433,-111.87211,31.6,18.6,877.2,116.15,0.6
7140.0,1308.4,3.21,0.05,3.21,40.73433,-111.87211,31.6,18.8,877.3,107.82,0.6
7200.0,1308.3,3.04,0.06,3.04,40.73433,-111.87211,31.5,19.0,877.3,101.32,0.5
7260.0,1308.3,3.22,0.06,3.22,40.73433,-111.87211,31.3,19.0,877.3,94.32,0.6
7320.0,1308.3,3.91,0.05,3.91,40.73433,-111.87211,31.2,19.0,877.3,94.91,0.6
7380.0,1308.4,3.52,0.05,3.52,40.73433,-111.87211,31.1,19.2,877.3,92.20,0.6
7440.0,1308.4,2.52,0.05,2.52,40.73433,-111.87211,31.0,19.3,877.4,108.93,0.7
7500.0,1308.3,2.82,0.05,2.82,40.73433,-111.87211,30.9,19.5,877.3,109.92,0.6
7560.0,1308.0,2.48,0.05,2.48,40.73433,-111.87211,30.8,19.4,877.3,111.44,0.6
7620.0,1308.2,2.15,0.05,2.15,40.73433,-111.87211,30.7,19.4,877.3,109.72,0.7
7680.0,1308.3,2.25,0.05,2.25,40.73433,-111.87211,30.7,19.6,877.4,112.38,0.7
7740.0,1308.5,2.23,0.05,2.23,40.73433,-111.87211,30.6,19.6,877.4,123.01,1.0
7800.0,1308.7,1.83,0.05,1.83,40.73433,-111.87211,30.6,19.6,877.4,114.24,0.7
7860.0,1308.8,2.19,0.05,2.19,40.73433,-111.87211,30.5,19.6,877.4,118.09,0.8
7920.0,1308.7,2.76,0.05,2.76,40.73433,-111.87211,30.5,19.7,877.4,119.45,0.7
7980.0,1308.8,2.26,0.06,2.26,40.73433,-111.87211,30.4,19.8,877.4,101.54,0.6
8040.0,1309.0,2.39,0.05,2.39,40.73433,-111.87211,30.3,19.9,877.4,101.10,0.6
8100.0,1309.0,2.17,0.05,2.17,40.73433,-111.87211,30.2,19.5,877.4,100.75,0.6
8160.0,1309.1,2.40,0.05,2.40,40.73433,-111.87211,30.2,19.7,877.4,112.70,0.6
8220.0,1309.1,2.25,0.05,2.25,40.73433,-111.87211,30.1,19.8,877.4,111.90,0.7
8280.0,1309.3,2.36,0.05,2.36,40.73433,-111.87211,30.1,19.7,877.4,103.78,0.6
8340.0,1309.4,2.72,0.05,2.72,40.73433,-111.87211,30.0,19.8,877.4,114.26,0.7
8400.0,1309.5,3.46,0.05,3.46,40.73433,-111.87211,30.0,19.8,877.4,117.17,0.7
8460.0,1309.4,3.16,0.06,3.16,40.73433,-111.87211,29.9,20.2,877.4,121.48,1.1
8520.0,1309.3,2.72,0.06,2.72,40.73433,-111.87211,29.9,20.6,877.3,124.28,1.2
8580.0,1309.2,2.37,0.06,2.37,40.73433,-111.87211,29.8,20.9,877.4,119.31,0.7
8640.0,1309.1,2.33,0.06,2.33,40.73433,-111.87211,29.8,20.6,877.4,113.32,0.8
8700.0,1309.1,2.70,0.07,2.70,40.73433,-111.87211,29.7,20.8,877.4,125.12,1.0
8760.0,1309.1,2.64,0.06,2.64,40.73434,-111.87211,29.6,20.8,877.4,118.01,0.8
8820.0,1308.8,2.96,0.06,2.96,40.73434,-111.87211,29.6,21.0,877.4,122.96,1.0
8880.0,1308.6,3.44,0.06,3.44,40.73434,-111.87211,29.5,21.0,877.4,116.23,0.7
8940.0,1308.4,3.43,0.06,3.43,40.73434,-111.87211,29.5,21.1,877.4,134.12,1.0
9000.0,1308.5,3.55,0.06,3.55,40.73434,-111.87211,29.5,21.2,877.4,144.76,0.8
9060.0,1308.1,3.17,0.06,3.17,40.73434,-111.87211,29.4,21.3,877.4,109.14,0.6
9120.0,1308.2,3.18,0.05,3.18,40.73434,-111.87211,29.3,21.4,877.4,106.05,0.5
9180.0,1308.3,2.86,0.05,2.86,40.73434,-111.87211,29.2,21.6,877.4,109.85,0.5
9240.0,1308.1,2.77,0.05,2.77,40.73434,-111.87211,29.2,21.6,877.5,118.43,0.6
9300.0,1308.1,3.02,0.05,3.02,40.73434,-111.87211,29.1,21.8,877.4,109.12,0.6
9360.0,1308.1,3.13,0.05,3.13,40.73434,-111.87211,29.0,21.9,877.4,111.20,0.6
9420.0,1308.0,3.22,0.05,3.22,40.73434,-111.87211,28.9,22.0,877.5,101.19,0.5
9480.0,1308.2,3.38,0.06,3.38,40.73434,-111.87211,28.8,22.1,877.5,95.46,0.5
9540.0,1307.8,3.06,0.06,3.06,40.73434,-111.87211,28.8,22.3,877.5,120.87,0.7
9600.0,1307.7,3.30,0.06,3.30,40.73434,-111.87212,28.7,22.4,877.5,125.81,0.7
9660.0,1307.8,3.31,0.05,3.31,40.73434,-111.87212,28.7,22.6,877.5,104.17,0.5
9720.0,1307.8,3.51,0.05,3.51,40.73434,-111.87211,28.5,22.7,877.6,109.21,0.6
9780.0,1307.9,3.73,0.04,3.73,40.73434,-111.87211,28.5,22.8,877.6,120.49,0.6
9840.0,1308.3,3.67,0.05,3.67,40.73434,-111.87211,28.4,22.9,877.5,107.98,0.4
9900.0,1308.5,3.79,0.06,3.79,40.73434,-111.87211,28.3,23.2,877.5,108.94,0.5
9960.0,1308.3,3.78,0.05,3.78,40.73433,-111.87211,28.2,22.9,877.5,125.18,0.7
10020.0,1308.2,4.23,0.04,4.23,40.73433,-111.87211,28.2,23.1,877.5,119.96,0.7
10080.0,1307.9,4.04,0.05,4.04,40.73433,-111.87211,28.2,22.8,877.5,121.04,0.6
10140.0,1308.0,3.78,0.05,3.78,40.73433,-111.87211,28.1,23.0,877.5,112.80,0.6
10200.0,1308.0,3.92,0.05,3.92,40.73433,-111.87211,28.0,23.0,877.5,114.72,0.7
10260.0,1308.2,3.39,0.04,3.39,40.73433,-111.87211,28.0,23.1,877.5,112.81,0.5
10320.0,1308.3,3.44,0.05,3.44,40.73433,-111.87211,27.9,23.1,877.5,120.38,0.6
10380.0,1308.5,3.99,0.05,3.99,40.73433,-111.87211,27.8,23.4,877.5,116.34,0.4
10440.0,1308.6,4.12,0.05,4.12,40.73433,-111.87211,27.7,23.3,877.5,106.55,0.5
10500.0,1308.6,3.70,0.06,3.70,40.73433,-111.87211,27.6,23.5,877.5,100.95,0.5
10560.0,1308.5,3.39,0.05,3.39,40.73433,-111.87211,27.6,23.9,877.6,120.51,0.7
10620.0,1308.6,3.58,0.05,3.58,40.73433,-111.87211,27.5,23.9,877.6,118.79,0.5
10680.0,1308.7,3.40,0.05,3.40,40.73433,-111.87211,27.4,23.9,877.6,113.03,0.7
10740.0,1308.8,3.57,0.05,3.57,40.73433,-111.87211,27.4,23.7,877.6,127.83,0.9
10800.0,1308.8,4.13,0.05,4.13,40.73433,-111.87211,27.3,24.0,877.6,129.24,0.9
10860.0,1308.7,4.01,0.05,4.01,40.73433,-111.87211,27.3,23.8,877.6,122.71,0.8
10920.0,1308.6,3.19,0.05,3.19,40.73433,-111.87211,27.2,23.7,877.6,125.42,0.9
10980.0,1308.5,3.18,0.05,3.18,40.73433,-111.87211,27.1,24.2,877.6,123.25,0.8
11040.0,1308.4,3.57,0.05,3.57,40.73433,-111.87211,27.1,23.8,877.6,135.56,1.2
11100.0,1308.3,3.91,0.05,3.91,40.73433,-111.87211,27.1,23.9,877.6,118.80,0.7
11160.0,1308.3,3.65,0.05,3.65,40.73433,-111.87211,27.0,23.9,877.6,127.83,1.0
11220.0,1308.3,3.61,0.05,3.61,40.73433,-111.87211,26.9,24.3,877.6,126.40,0.9
11280.0,1308.3,3.52,0.04,3.52,40.73433,-111.87211,26.9,23.9,877.6,130.30,0.8
11340.0,1308.3,3.85,0.04,3.85,40.73433,-111.87211,26.8,24.1,877.6,121.26,0.8
11400.0,1308.2,3.72,0.04,3.72,40.73433,-111.87211,26.8,24.3,877.6,120.87,1.1
11460.0,1308.1,3.70,0.05,3.70,40.73433,-111.87211,26.7,24.0,877.6,115.48,0.8
11520.0,1307.8,4.35,0.05,4.35,40.73433,-111.87211,26.7,24.1,877.6,124.54,1.0
11580.0,1307.7,3.60,0.05,3.60,40.73434,-111.87211,26.6,24.1,877.6,120.52,0.7
11640.0,1307.8,3.23,0.05,3.23,40.73434,-111.87211,26.6,24.3,877.6,122.89,0.9
11700.0,1307.8,3.40,0.05,3.40,40.73434,-111.87211,26.5,24.4,877.6,127.13,1.5
11760.0,1307.7,4.32,0.05,4.32,40.73434,-111.87211,26.4,24.4,877.6,111.95,1.1
11820.0,1307.7,4.33,0.06,4.33,40.73434,-111.87211,26.3,24.3,877.7,101.54,0.6
11880.0,1307.7,4.33,0.05,4.33,40.73434,-111.87211,26.3,24.3,877.7,113.56,0.7
11940.0,1307.6,3.96,0.05,3.96,40.73434,-111.87211,26.3,24.4,877.7,125.91,0.7
12000.0,1307.6,3.72,0.06,3.72,40.73434,-111.87211,26.2,24.2,877.7,126.82,0.7
12060.0,1307.7,4.04,0.05,4.04,40.73434,-111.87211,26.2,24.4,877.7,101.91,0.5
12120.0,1307.7,4.28,0.04,4.28,40.73434,-111.87211,26.1,24.3,877.7,133.11,0.7
12180.0,1307.7,3.89,0.04,3.89,40.73434,-111.87211,26.1,24.3,877.7,131.04,0.6
12240.0,1307.6,3.81,0.05,3.81,40.73434,-111.87211,26.0,24.4,877.7,90.48,0.5
12300.0,1307.6,3.98,0.05,3.98,40.73434,-111.87211,26.0,24.3,877.7,113.51,0.7
12360.0,1307.6,3.88,0.04,3.88,40.73434,-111.87211,26.0,24.6,877.7,127.07,0.8
12420.0,1307.4,3.80,0.05,3.80,40.73434,-111.87211,25.9,24.3,877.6,122.82,0.5
12480.0,1307.5,4.17,0.05,4.17,40.73434,-111.87211,25.9,24.4,877.6,114.75,0.7
12540.0,1307.5,3.73,0.04,3.73,40.73434,-111.87211,25.8,24.4,877.7,132.59,0.9
12600.0,1307.7,3.34,0.04,3.34,40.73434,-111.87211,25.8,24.4,877.7,130.78,0.5
