CampaignData_and_Merges/R0/CSL_MobileLab_Parked/raw/20240801/USOS-NOAAIodideCIMS-Halogens_MobileLabGround_20240801_RA.ict
38, 1001
Michael A Robinson, Chris Jernigan, Subi Thakali
NOAA ESRL Chemical Sciences Laboratory and CIRES, U. of Colorado
NOAA Iodide CIMS Instrument
USOS
1, 1
2024, 08, 01, 2024, 08, 02
1
starttime_UTC, seconds_past_midnight, seconds_of_day_since_00:00:00_UTC
6
1, 1, 1, 1, 1, 1
-9999, -9999, -9999, -9999, -9999, -9999
Br2_NOAACIMS, pptv, Gas_Br2_InSitu_S_AVMR, 
BrO_NOAACIMS, pptv, Gas_BrO_InSitu_S_AVMR, 
Cl2_NOAACIMS, pptv, Gas_Cl2_InSitu_S_AVMR, 
ClNO2_NOAACIMS, pptv, Gas_ClNO2_InSitu_S_AVMR, 
BrCl_NOAACIMS, pptv, Gas_BrCl_InSitu_S_AVMR, 
NCl3_NOAACIMS, pptv, Gas_NCl3_InSitu_S_AVMR, 
0
18
PI_CONTACT_INFO: 325 Broadway, R/CSD 7, Boulder, Colorado 80305; michael.a.robinson@noaa.gov; chris.jernigan@noaa.gov;
PLATFORM: NOAA CSL Mobile Lab
LOCATION: SLC, Utah
ASSOCIATED_DATA: 1Hz data also available on request.
INSTRUMENT_INFO: NOAA I- ToF CIMS
DATA_INFO: All data in parts per trillion by volume (pptv). 1 Hz data is available upon request.
UNCERTAINTY: TBD
ULOD_FLAG: -7777
ULOD_VALUE: N/A
LLOD_FLAG: -8888
LLOD_VALUE: N/A
DM_CONTACT_INFO: Nathan Howard; nathan.h.howard@noaa.gov
PROJECT_INFO: USOS, summer 2024. https://csl.noaa.gov/groups/csl7/measurements/2024usos/
STIPULATIONS_ON_USE: Users are strongly encouraged to contact the PI for proper data usage.
OTHER_COMMENTS: 
REVISION: RA
RA: Preliminary Data; For in-field use only
starttime_UTC, Br2_NOAACIMS, BrO_NOAACIMS, Cl2_NOAACIMS, ClNO2_NOAACIMS, BrCl_NOAACIMS, NCl3_NOAACIMS
[from data line 289]
 17340,  0.497,  0.085,  0.970,  0.223,  0.320,  3.130
 17400,  0.507,  0.040,  0.830,  0.184,  0.252,  3.655
 17460,  0.491,  0.046,  0.948,  0.135,  0.300,  4.441
 17520,  0.566,  0.103,  1.085,  0.264,  0.250,  6.658
 17580,  0.675,  0.082,  1.050,  0.199,  0.264,  4.834
 17640,  0.659,  0.049,  1.017,  0.176,  0.268,  4.156
 17700,  0.588,  0.072,  1.023,  0.205,  0.230,  3.807
 17760,  0.637,  0.074,  1.136,  0.179,  0.299,  9.584
 17820,  0.445,  0.105,  1.334,  0.291,  0.268, 16.877
 17880,  0.625,  0.041,  1.104,  0.209,  0.244,  5.287
 17940,  0.551,  0.106,  1.069,  0.222,  0.192,  4.780
 18000,  0.692,  0.078,  0.947,  0.159,  0.268,  3.019
 18060,  0.522,  0.101,  0.947,  0.141,  0.304,  2.990
 18120,  0.665,  0.139,  0.856,  0.150,  0.252,  2.597
 18180,  0.588,  0.050,  0.980,  0.178,  0.295,  2.329
 18240,  0.600,  0.152,  0.920,  0.227,  0.283,  2.438
 18300,  0.446,  0.038,  1.048,  0.172,  0.244,  5.213
 18360,  0.489,  0.091,  1.093,  0.213,  0.373, 13.310
 18420,  0.565,  0.041,  1.161,  0.173,  0.373, 10.310
 18480,  0.473,  0.059,  1.023,  0.164,  0.300, 10.493
 18540,  0.573,  0.130,  1.119,  0.229,  0.332, 16.861
 18600,  0.589,  0.054,  0.952,  0.150,  0.273,  7.663
 18660,  0.559,  0.108,  1.121,  0.213,  0.243, 14.369
 18720,  0.573,  0.059,  0.976,  0.115,  0.325, 12.448
 18780,  0.520, -0.009,  1.066,  0.157,  0.367, 12.137
 18840,  0.439,  0.026,  1.039,  0.173,  0.320,  9.121
 18900,  0.528,  0.107,  0.987,  0.129,  0.286,  9.317
 18960,  0.407, -0.009,  1.028,  0.181,  0.319,  5.591
 19020, -9999.000, -9999.000, -9999.000, -9999.000, -9999.000, -9999.000
 19080,  0.613,  0.068,  0.876,  0.118,  0.237,  5.274
 19140,  0.422,  0.144,  1.273,  0.206,  0.327, 15.420
 19200,  0.483,  0.047,  1.024,  0.137,  0.345,  8.004
 19260,  0.520,  0.050,  0.940,  0.104,  0.303,  5.050
 19320,  0.433,  0.045,  0.961,  0.101,  0.329,  6.649
 19380,  0.600,  0.160,  1.181,  0.162,  0.326, 12.670
 19440,  0.524,  0.087,  1.188,  0.149,  0.334, 17.378
 19500,  0.567,  0.051,  1.034,  0.164,  0.365, 11.564
 19560,  0.588,  0.209,  1.148,  0.146,  0.357, 13.249
 19620,  0.602,  0.133,  1.196,  0.197,  0.364, 16.844
 19680,  0.469,  0.063,  0.990,  0.115,  0.310,  6.725
 19740,  0.621,  0.115,  1.475,  0.212,  0.327, 22.091
 19800,  0.624,  0.147,  1.107,  0.141,  0.268, 11.873
 19860,  0.390,  0.083,  1.029,  0.143,  0.305,  9.721
 19920,  0.577,  0.160,  1.063,  0.125,  0.295,  8.488
 19980,  0.710,  0.191,  1.330,  0.233,  0.320, 13.963
 20040,  0.611,  0.163,  1.005,  0.212,  0.235,  5.538
 20100,  0.555,  0.091,  1.010,  0.131,  0.319,  3.999
 20160,  0.407,  0.074,  0.849,  0.145,  0.234,  3.446
 20220,  0.601,  0.137,  0.910,  0.177,  0.318,  2.677
 20280,  0.513,  0.149,  1.042,  0.124,  0.276,  5.405
 20340,  0.569,  0.136,  1.039,  0.127,  0.254,  4.870
 20400,  0.520,  0.139,  0.981,  0.161,  0.266,  4.389
 20460,  0.563,  0.172,  0.927,  0.154,  0.349,  2.912
 20520,  0.612,  0.199,  1.038,  0.146,  0.261,  5.371
 20580,  0.620,  0.187,  1.081,  0.192,  0.308,  6.268
 20640,  0.659,  0.143,  1.059,  0.146,  0.236,  3.690
 20700,  0.689,  0.103,  0.984,  0.175,  0.196,  2.718
 20760,  0.598,  0.275,  1.047,  0.180,  0.180,  2.578
 20820,  0.555,  0.212,  1.013,  0.154,  0.297,  2.554
 20880, -9999.000, -9999.000, -9999.000, -9999.000, -9999.000, -9999.000
 20940,  0.673,  0.134,  1.039,  0.177,  0.278,  3.423
 21000,  0.673,  0.175,  1.021,  0.192,  0.237,  6.447
 21060,  0.668,  0.144,  1.000,  0.255,  0.196,  3.720
 21120,  0.570,  0.151,  1.113,  0.238,  0.193,  4.143
 21180,  0.678,  0.119,  1.309,  0.305,  0.282,  8.195
 21240,  0.599,  0.101,  1.213,  0.219,  0.287,  4.306
 21300,  0.691,  0.122,  1.260,  0.278,  0.264,  4.257
 21360,  0.681,  0.056,  1.238,  0.269,  0.270,  4.020
 21420,  0.632,  0.082,  1.173,  0.287,  0.224,  4.942
 21480,  0.613,  0.079,  1.151,  0.271,  0.235,  4.584
 21540,  0.733,  0.027,  1.191,  0.283,  0.313,  4.387
 21600,  0.727,  0.082,  1.243,  0.333,  0.328,  5.982
 21660,  0.433,  0.108,  1.280,  0.279,  0.306,  6.312
 21720,  0.532,  0.042,  1.210,  0.331,  0.267,  5.428
 21780,  0.532,  0.003,  1.240,  0.383,  0.279,  5.073
 21840,  0.679,  0.013,  1.241,  0.428,  0.317,  4.677
 21900,  0.550, -0.031,  1.303,  0.376,  0.319,  4.724
 21960,  0.620,  0.112,  1.254,  0.396,  0.295,  4.507
 22020,  0.531,  0.015,  1.201,  0.375,  0.247,  5.060
 22080,  0.674, -0.037,  1.183,  0.485,  0.252,  5.818
 22140,  0.642, -0.026,  1.225,  0.463,  0.247,  4.859
 22200,  0.631, -0.047,  1.311,  0.409,  0.310,  4.997
 22260,  0.606, -0.044,  1.227,  0.362,  0.222,  5.404
 22320,  0.651, -0.089,  1.248,  0.432,  0.284,  5.798
 22380,  0.599, -0.015,  1.179,  0.460,  0.204,  6.424
 22440,  0.688, -0.092,  1.209,  0.455,  0.222,  5.543
 22500,  0.726, -0.121,  1.320,  0.430,  0.295,  5.495
 22560,  0.570, -0.157,  1.276,  0.474,  0.304,  6.056
 22620,  0.729, -0.130,  1.379,  0.482,  0.294,  9.499
 22680,  0.443, -0.106,  1.659,  0.703,  0.371, 24.156
 22740,  0.391, -0.214,  2.013,  0.963,  0.189, 43.936
 22800,  0.652, -0.087,  1.932,  0.650,  0.308, 32.040
 22860,  0.579, -0.132,  1.624,  0.643,  0.340, 21.368
 22920,  0.408, -0.121,  1.551,  0.584,  0.307, 19.036
 22980,  0.624, -0.094,  1.339,  0.419,  0.236, 18.257
 23040,  0.541, -0.133,  1.181,  0.393,  0.253, 15.276
 23100,  0.585, -0.146,  1.445,  0.421,  0.351, 18.889
 23160,  0.688, -0.090,  1.317,  0.430,  0.273, 13.940
 23220,  0.507, -0.078,  1.213,  0.328,  0.254,  8.521
 23280,  0.596, -0.133,  1.343,  0.433,  0.279,  8.307
 23340,  0.537, -0.156,  1.169,  0.374,  0.255,  5.559
 23400,  0.560, -0.252,  0.977,  0.240,  0.251,  4.080
 23460,  0.538, -0.187,  1.021,  0.351,  0.244,  4.282
 23520,  0.578, -0.203,  1.123,  0.295,  0.253,  4.359
 23580,  0.608, -0.242,  1.148,  0.253,  0.254,  4.099
 23640,  0.495, -0.218,  1.127,  0.288,  0.288,  6.675
 23700,  0.561, -0.204,  1.197,  0.306,  0.215,  6.991
 23760,  0.582, -0.054,  1.514,  0.394,  0.278, 24.391
 23820,  0.561, -0.106,  1.420,  0.317,  0.335, 17.036
 23880,  0.586, -0.149,  1.153,  0.385,  0.286,  6.453
 23940,  0.413, -0.219,  1.218,  0.327,  0.194,  6.128
 24000,  0.571, -0.187,  1.093,  0.222,  0.209,  4.303
 24060,  0.577, -0.119,  1.146,  0.255,  0.211,  9.019
 24120,  0.676, -0.207,  1.206,  0.198,  0.240,  7.975
 24180,  0.404, -0.148,  1.163,  0.290,  0.275,  6.368
 24240,  0.569, -0.172,  1.102,  0.212,  0.241,  6.651
 24300,  0.474, -0.198,  1.019,  0.168,  0.298, 10.233
 24360,  0.608, -0.206,  1.116,  0.223,  0.245,  9.229
 24420,  0.560, -0.200,  1.074,  0.223,  0.272,  6.106
 24480,  0.650, -0.176,  1.019,  0.167,  0.300,  5.980
 24540,  0.817, -0.378,  0.651, -0.018,  0.165,  5.676
 24600,  0.531, -0.180,  0.899,  0.159,  0.182,  5.934
 24660,  0.535, -0.127,  0.954,  0.158,  0.198,  5.096
 24720,  0.488, -0.176,  0.910,  0.162,  0.197,  4.835
 24780,  0.605, -0.183,  0.941,  0.133,  0.270,  5.029
 24840,  0.596, -0.206,  0.958,  0.126,  0.248,  4.724
 24900,  0.578, -0.194,  0.937,  0.138,  0.198,  4.994
 24960,  0.564, -0.210,  0.911,  0.101,  0.179,  5.166
 25020,  0.498, -0.160,  0.958,  0.113,  0.307,  6.572
 25080,  0.545, -0.131,  0.898,  0.105,  0.241,  7.274
 25140,  0.608, -0.111,  0.897,  0.118,  0.216,  6.385
 25200,  0.592, -0.054,  0.870,  0.113,  0.268,  6.164
 25260,  0.614, -0.110,  0.923,  0.165,  0.175,  7.423
 25320,  0.382, -0.116,  0.939,  0.086,  0.169,  4.846
 25380,  0.412, -0.041,  0.938,  0.148,  0.280,  5.237
 25440,  0.587, -0.057,  0.822,  0.089,  0.231,  5.678
 25500,  0.586, -0.105,  0.853,  0.092,  0.177,  4.335
 25560,  0.612, -0.064,  1.016,  0.124,  0.232,  5.378
 25620,  0.618, -0.117,  0.826,  0.103,  0.239,  4.544
 25680,  0.584, -0.122,  0.936,  0.121,  0.266,  4.792
 25740,  0.561, -0.058,  0.883,  0.104,  0.261,  4.290
 25800,  0.557,  0.029,  0.815,  0.063,  0.237,  3.738
 25860,  0.441, -0.082,  0.794,  0.111,  0.121,  3.514
 25920,  0.590,  0.037,  0.797,  0.104,  0.132,  3.594
 25980,  0.540, -0.095,  0.886,  0.098,  0.214,  3.476
 26040,  0.454,  0.054,  0.746,  0.049,  0.250,  3.117
 26100,  0.610, -0.020,  0.717,  0.077,  0.163,  3.140
 26160,  0.512, -0.022,  0.767,  0.073,  0.210,  3.891
 26220,  0.594, -0.025,  0.822,  0.078,  0.118,  3.505
 26280,  0.609,  0.030,  0.730,  0.073,  0.141,  3.233
 26340,  0.554, -0.010,  0.748,  0.064,  0.194,  3.913
 26400,  0.461,  0.113,  0.535,  0.065,  0.055,  2.697
 26460,  0.649,  0.008,  0.751,  0.060,  0.132,  3.975
 26520,  0.586,  0.015,  0.658,  0.109,  0.159,  3.662
 26580,  0.543,  0.151,  0.873,  0.114,  0.122,  3.431
 26640,  0.690,  0.047,  0.755,  0.131,  0.139,  3.155
 26700,  0.508,  0.151,  0.794,  0.089,  0.200,  3.513
 26760,  0.563,  0.198,  0.816,  0.092,  0.182,  3.305
 26820,  0.654,  0.062,  0.836,  0.101,  0.107,  3.474
 26880,  0.498,  0.122,  0.837,  0.135,  0.193,  3.525
 26940,  0.659,  0.031,  0.804,  0.112,  0.173,  3.572
 27000,  0.603,  0.121,  0.920,  0.120,  0.125,  3.649
 27060,  0.583,  0.078,  0.883,  0.109,  0.214,  3.672
 27120,  0.574,  0.173,  0.931,  0.126,  0.201,  4.127
 27180,  0.515,  0.062,  0.933,  0.130,  0.146,  4.060
 27240,  0.491,  0.097,  0.978,  0.130,  0.139,  4.211
 27300,  0.572,  0.062,  0.965,  0.094,  0.199,  4.733
 27360,  0.510,  0.118,  0.936,  0.141,  0.206,  4.402
 27420,  0.548,  0.136,  1.022,  0.118,  0.164,  5.619
 27480,  0.476,  0.069,  1.110,  0.104,  0.237,  6.417
 27540,  0.657,  0.039,  1.126,  0.117,  0.173,  6.174
 27600,  0.590,  0.154,  1.094,  0.128,  0.142,  6.131
 27660,  0.642,  0.047,  1.140,  0.164,  0.276,  7.169
 27720,  0.555,  0.142,  1.122,  0.173,  0.228, 14.711
 27780,  0.749,  0.102,  1.139,  0.192,  0.152,  8.053
 27840,  0.581,  0.119,  1.263,  0.151,  0.193,  7.825
 27900,  0.583,  0.059,  1.132,  0.161,  0.139,  7.212
 27960,  0.576,  0.092,  1.065,  0.136,  0.191,  6.113
 28020,  0.686,  0.188,  1.105,  0.188,  0.222,  5.597
 28080,  0.621,  0.169,  1.139,  0.136,  0.247,  5.599
 28140,  0.676,  0.116,  1.094,  0.182,  0.136,  5.597
 28200,  0.486,  0.102,  1.090,  0.186,  0.178,  5.086
 28260, -9999.000, -9999.000, -9999.000, -9999.000, -9999.000, -9999.000
 28320,  0.651,  0.048,  1.099,  0.185,  0.182,  5.279
 28380,  0.535,  0.091,  1.055,  0.183,  0.181,  4.732
 28440,  0.625,  0.186,  1.029,  0.148,  0.213,  4.852
 28500,  0.647,  0.134,  1.048,  0.180,  0.211,  5.380
 28560,  0.591,  0.112,  1.079,  0.190,  0.277,  5.625
 28620,  0.576,  0.114,  1.244,  0.196,  0.204,  5.315
 28680,  0.592,  0.162,  1.119,  0.231,  0.217,  5.198
 28740,  0.570,  0.068,  1.092,  0.235,  0.185,  5.601
 28800,  0.700,  0.180,  1.079,  0.248,  0.138,  5.638
 28860,  0.524,  0.101,  1.238,  0.306,  0.258,  5.140
 28920,  0.577,  0.251,  1.237,  0.233,  0.243,  5.767
 28980,  0.571,  0.175,  1.223,  0.301,  0.198,  5.688
 29040,  0.607,  0.165,  1.232,  0.281,  0.230,  6.231
 29100,  0.771,  0.166,  1.164,  0.284,  0.240,  6.258
 29160,  0.767,  0.113,  1.395,  0.294,  0.219,  6.434
 29220,  0.629,  0.168,  1.186,  0.275,  0.216,  7.282
 29280,  0.523,  0.132,  1.196,  0.202,  0.244,  7.460
 29340,  0.580,  0.106,  1.100,  0.223,  0.235,  6.695
 29400,  0.647,  0.166,  1.324,  0.280,  0.176, 10.038
 29460,  0.570,  0.123,  1.534,  0.363,  0.234, 14.430
 29520,  0.582,  0.127,  1.445,  0.384,  0.222, 13.605
 29580,  0.636,  0.182,  1.236,  0.312,  0.259, 13.092
 29640,  0.555,  0.110,  1.364,  0.347,  0.246, 13.448
 29700,  0.665,  0.123,  1.269,  0.285,  0.242,  9.047
 29760,  0.734,  0.078,  1.276,  0.289,  0.221,  9.825
 29820,  0.565, -0.005,  1.228,  0.256,  0.170, 10.222
 29880,  0.596,  0.196,  1.022,  0.253,  0.208,  8.659
 29940,  0.478,  0.142,  1.185,  0.306,  0.208,  8.924
 30000,  0.613,  0.113,  1.095,  0.256,  0.232,  6.752
 30060,  0.447,  0.148,  1.068,  0.316,  0.178,  6.163
 30120,  0.990, -0.093,  1.133,  0.121,  0.139,  3.657
 30180,  0.568,  0.115,  0.968,  0.201,  0.273,  4.794
 30240,  0.472,  0.131,  1.046,  0.271,  0.271,  4.580
 30300,  0.637,  0.066,  0.947,  0.245,  0.223,  4.497
 30360,  0.586,  0.229,  1.053,  0.267,  0.231,  3.755
 30420,  0.501,  0.066,  0.957,  0.231,  0.203,  3.608
 30480,  0.546,  0.057,  0.897,  0.187,  0.272,  3.678
 30540,  0.600,  0.038,  0.967,  0.184,  0.203,  3.592
 30600,  0.592,  0.180,  1.011,  0.157,  0.146,  3.353
 30660,  0.590,  0.080,  0.902,  0.185,  0.207,  4.236
 30720,  0.661,  0.124,  0.877,  0.186,  0.188,  4.233
 30780,  0.592,  0.077,  1.011,  0.178,  0.171,  5.050
 30840,  0.665,  0.093,  1.062,  0.208,  0.188,  4.821
 30900,  0.673,  0.033,  0.980,  0.210,  0.205,  5.444
 30960,  0.716,  0.168,  1.158,  0.205,  0.167,  7.066
 31020,  0.714,  0.036,  0.928,  0.242,  0.182,  3.411
 31080,  0.586,  0.163,  0.812,  0.135,  0.175,  2.870
 31140,  0.465,  0.069,  0.914,  0.111,  0.217,  2.328
 31200,  0.494,  0.142,  0.859,  0.135,  0.125,  2.062
 31260,  0.511,  0.104,  0.760,  0.084,  0.168,  1.905
 31320,  0.616,  0.161,  0.750,  0.096,  0.164,  1.842
 31380,  0.713,  0.174,  0.803,  0.084,  0.139,  1.709
 31440,  0.607,  0.155,  0.758,  0.101,  0.144,  1.821
 31500,  0.608,  0.209,  0.762,  0.095,  0.116,  1.920
 31560,  0.676,  0.088,  0.765,  0.093,  0.118,  2.013
 31620,  0.514,  0.165,  0.805,  0.094,  0.165,  2.067
 31680,  0.479,  0.080,  0.753,  0.083,  0.098,  1.727
 31740,  0.584,  0.159,  0.872,  0.109,  0.082,  1.977
 31800,  0.508,  0.190,  0.721,  0.084,  0.117,  2.141
 31860,  0.560,  0.125,  0.820,  0.082,  0.103,  1.792
 31920,  0.412,  0.172,  0.865,  0.041,  0.098,  2.107
 31980, -9999.000, -9999.000, -9999.000, -9999.000, -9999.000, -9999.000
 32040,  0.374,  0.052,  0.702,  0.078,  0.150,  1.714
 32100,  0.596,  0.123,  0.778,  0.076,  0.106,  1.626
 32160,  0.586,  0.071,  0.803,  0.070,  0.069,  1.875
 32220,  0.615,  0.052,  0.789,  0.035,  0.134,  1.893
 32280,  0.521,  0.093,  0.745,  0.089,  0.115,  1.890
 32340,  0.594,  0.176,  0.729,  0.074,  0.186,  1.853
 32400,  0.415,  0.010,  0.802,  0.106,  0.176,  2.059
 32460,  0.637,  0.024,  0.654,  0.082,  0.143,  1.884
 32520,  0.575,  0.094,  0.798,  0.067,  0.171,  1.946
 32580,  0.772,  0.105,  0.641,  0.069,  0.140,  2.043
 32640,  0.612, -0.012,  0.722,  0.079,  0.197,  1.788
 32700,  0.539,  0.070,  0.716,  0.109,  0.191,  2.545
 32760,  0.620,  0.063,  0.759,  0.069,  0.182,  2.822
 32820,  0.597, -0.021,  0.746,  0.133,  0.144,  2.934
 32880,  0.633,  0.029,  0.819,  0.134,  0.167,  3.459
 32940,  0.713,  0.049,  0.808,  0.084,  0.162,  2.993
 33000,  0.588,  0.025,  0.646,  0.099,  0.144,  2.688
 33060,  0.575,  0.101,  0.665,  0.113,  0.182,  2.610
 33120,  0.536, -0.001,  0.642,  0.078,  0.174,  2.284
 33180,  0.691, -0.014,  0.690,  0.095,  0.178,  2.217
 33240,  0.576,  0.007,  0.676,  0.094,  0.151,  2.127
 33300,  0.676,  0.049,  0.632,  0.123,  0.145,  2.165
 33360,  0.581,  0.030,  0.637,  0.093,  0.160,  1.882
 33420,  0.590,  0.108,  0.583,  0.112,  0.178,  1.653
 33480,  0.680, -0.055,  0.671,  0.106,  0.149,  1.821
 33540,  0.573, -0.075,  0.581,  0.086,  0.241,  1.689
 33600,  0.622,  0.114,  0.652,  0.080,  0.216,  2.059
 33660,  0.694, -0.041,  0.707,  0.106,  0.222,  2.148
 33720,  0.663, -0.068,  0.640,  0.090,  0.222,  1.700
 33780,  0.643,  0.034,  0.599,  0.102,  0.199,  1.814
 33840,  0.550, -0.029,  0.630,  0.094,  0.188,  2.223
 33900,  0.564,  0.008,  0.599,  0.114,  0.216,  1.824
 33960,  0.592,  0.023,  0.698,  0.098,  0.224,  2.146
 34020,  0.628, -0.017,  0.663,  0.092,  0.234,  1.860
 34080,  0.675,  0.019,  0.571,  0.106,  0.230,  1.812
 34140,  0.654,  0.040,  0.776,  0.130,  0.212,  2.244
 34200,  0.660,  0.038,  0.752,  0.130,  0.195,  2.170
 34260,  0.692, -0.017,  1.016,  0.199,  0.244, 13.887
 34320,  0.690,  0.032,  0.879,  0.201,  0.233, 10.584
 34380,  0.652,  0.080,  0.772,  0.171,  0.176,  2.606
 34440,  0.767,  0.045,  0.973,  0.192,  0.243,  3.645
 34500,  0.684,  0.010,  0.867,  0.209,  0.262,  3.767
 34560,  0.660, -0.032,  0.967,  0.311,  0.263,  3.675
