CampaignData_and_Merges/R0/CSL_MobileLab_Parked/raw/20240801/USOS-NOAAIodideCIMS-Halogens_MobileLabGround_20240801_RA.ict
38, 1001
Michael A Robinson, Chris Jernigan, Subi Thakali
NOAA ESRL Chemical Sciences Laboratory and CIRES, U. of Colorado
NOAA Iodide CIMS Instrument
USOS
1, 1
2024, 08, 01, 2024, 08, 02
1
starttime_UTC, seconds_past_midnight, seconds_of_day_since_00:00:00_UTC
6
1, 1, 1, 1, 1, 1
-9999, -9999, -9999, -9999, -9999, -9999
Br2_NOAACIMS, pptv, Gas_Br2_InSitu_S_AVMR, 
BrO_NOAACIMS, pptv, Gas_BrO_InSitu_S_AVMR, 
Cl2_NOAACIMS, pptv, Gas_Cl2_InSitu_S_AVMR, 
ClNO2_NOAACIMS, pptv, Gas_ClNO2_InSitu_S_AVMR, 
BrCl_NOAACIMS, pptv, Gas_BrCl_InSitu_S_AVMR, 
NCl3_NOAACIMS, pptv, Gas_NCl3_InSitu_S_AVMR, 
0
18
PI_CONTACT_INFO: 325 Broadway, R/CSD 7, Boulder, Colorado 80305; michael.a.robinson@noaa.gov; chris.jernigan@noaa.gov;
PLATFORM: NOAA CSL Mobile Lab
LOCATION: SLC, Utah
ASSOCIATED_DATA: 1Hz data also available on request.
INSTRUMENT_INFO: NOAA I- ToF CIMS
DATA_INFO: All data in parts per trillion by volume (pptv). 1 Hz data is available upon request.
UNCERTAINTY: TBD
ULOD_FLAG: -7777
ULOD_VALUE: N/A
LLOD_FLAG: -8888
LLOD_VALUE: N/A
DM_CONTACT_INFO: Nathan Howard; nathan.h.howard@noaa.gov
PROJECT_INFO: USOS, summer 2024. https://csl.noaa.gov/groups/csl7/measurements/2024usos/
STIPULATIONS_ON_USE: Users are strongly encouraged to contact the PI for proper data usage.
OTHER_COMMENTS: 
REVISION: RA
RA: Preliminary Data; For in-field use only
starttime_UTC, Br2_NOAACIMS, BrO_NOAACIMS, Cl2_NOAACIMS, ClNO2_NOAACIMS, BrCl_NOAACIMS, NCl3_NOAACIMS
     0,  1.162, -0.055,  1.329,  0.077,  0.250,  0.016
    60,  0.831, -0.064,  1.492,  0.052,  0.417, -0.108
   120,  0.894, -0.190,  1.498,  0.070,  0.311, -0.008
   180,  1.010, -0.115,  1.511,  0.099,  0.293,  0.028
   240,  0.931, -0.237,  1.465,  0.073,  0.309, -0.074
   300,  0.928, -0.175,  1.477,  0.120,  0.381, -0.043
   360,  0.930, -0.153,  1.523,  0.108,  0.420, -0.006
   420,  1.075, -0.316,  1.693,  0.074,  0.321, -0.001
   480,  0.991, -0.192,  1.410,  0.097,  0.297, -0.028
   540, -9999.000, -9999.000, -9999.000, -9999.000, -9999.000, -9999.000
   600,  0.825, -0.207,  1.350,  0.075,  0.315, -0.039
   660,  0.887, -0.183,  1.470,  0.084,  0.265, -0.050
   720,  0.784, -0.209,  1.377,  0.062,  0.283, -0.022
   780,  0.847, -0.070,  1.253,  0.107,  0.287, -0.055
   840,  1.085, -0.126,  1.354,  0.070,  0.372,  0.038
   900,  0.912, -0.101,  1.512,  0.111,  0.284,  0.030
   960,  0.908, -0.147,  1.568,  0.113,  0.304,  0.073
  1020,  1.039, -0.210,  1.563,  0.099,  0.286,  0.040
  1080,  0.756, -0.061,  1.413,  0.068,  0.314, -0.064
  1140,  0.935, -0.135,  1.335,  0.117,  0.206, -0.039
  1200,  0.881, -0.129,  1.467,  0.125,  0.257,  0.060
  1260,  0.890,  0.071,  1.441,  0.068,  0.292,  0.020
  1320,  1.084,  0.083,  1.505,  0.084,  0.274,  0.007
  1380,  1.033,  0.092,  1.289,  0.136,  0.226, -0.008
  1440,  1.021,  0.011,  1.287,  0.091,  0.245,  0.043
  1500,  1.009,  0.059,  1.450,  0.067,  0.304,  0.101
  1560,  1.062,  0.037,  1.268,  0.099,  0.220,  0.154
  1620,  1.026,  0.040,  1.279,  0.091,  0.171,  0.107
  1680,  1.045,  0.232,  1.422,  0.084,  0.299,  0.224
  1740,  1.139,  0.117,  1.408,  0.107,  0.278,  0.110
  1800,  0.935,  0.085,  1.335,  0.062,  0.252,  0.163
  1860,  0.947,  0.091,  1.469,  0.120,  0.324,  0.220
  1920,  0.880,  0.128,  1.373,  0.102,  0.279,  0.177
  1980,  1.091,  0.140,  1.379,  0.157,  0.193,  0.269
  2040,  0.944,  0.234,  1.322,  0.107,  0.261,  0.309
  2100,  1.080,  0.209,  1.561,  0.145,  0.321,  0.265
  2160,  0.984,  0.422,  1.493,  0.102,  0.299,  0.373
  2220,  0.968,  0.182,  1.288,  0.186,  0.263,  0.347
  2280,  0.764,  0.259,  1.489,  0.095,  0.258,  0.201
  2340,  0.794,  0.481,  1.388,  0.130,  0.181,  0.311
  2400, -9999.000, -9999.000, -9999.000, -9999.000, -9999.000, -9999.000
  2460,  0.703,  0.178,  1.195,  0.188,  0.220,  0.446
  2520,  0.875,  0.338,  1.075,  0.105,  0.128,  0.200
  2580,  0.872,  0.312,  1.130,  0.106,  0.133,  0.244
  2640,  0.966,  0.237,  1.230,  0.091,  0.257,  0.215
  2700,  0.911,  0.228,  1.414,  0.134,  0.181,  0.287
  2760,  1.191,  0.252,  1.434,  0.153,  0.179,  0.287
  2820,  0.769,  0.330,  1.446,  0.156,  0.231,  0.197
  2880,  1.053,  0.205,  1.040,  0.099,  0.252,  0.271
  2940,  0.792,  0.187,  1.562,  0.158,  0.314,  0.130
  3000,  0.925,  0.280,  1.426,  0.111,  0.237,  0.164
  3060,  0.843,  0.349,  1.313,  0.118,  0.211,  0.138
  3120,  0.834,  0.174,  1.366,  0.120,  0.169,  0.069
  3180,  1.083,  0.281,  1.439,  0.114,  0.300,  0.185
  3240,  0.860,  0.265,  1.621,  0.116,  0.178,  0.227
  3300,  0.916,  0.175,  1.416,  0.123,  0.186,  0.230
  3360,  0.701,  0.202,  1.232,  0.121,  0.218,  0.050
  3420,  0.879,  0.232,  1.388,  0.144,  0.198,  0.126
  3480,  0.792,  0.130,  1.516,  0.155,  0.329,  0.187
  3540,  0.907,  0.079,  1.633,  0.163,  0.292,  0.033
  3600,  0.778,  0.108,  1.569,  0.168,  0.199,  0.077
  3660,  0.866,  0.293,  1.418,  0.136,  0.202,  0.019
  3720,  1.081,  0.078,  1.285,  0.141,  0.226, -0.036
  3780,  0.866,  0.137,  1.356,  0.135,  0.256, -0.058
  3840,  0.975,  0.137,  1.398,  0.114,  0.158,  0.076
  3900,  0.857,  0.023,  1.377,  0.156,  0.318,  0.065
  3960,  0.869,  0.097,  1.185,  0.189,  0.235,  0.058
  4020,  0.979,  0.103,  1.314,  0.113,  0.294,  0.018
  4080,  1.056,  0.005,  1.557,  0.159,  0.335,  0.160
  4140,  0.911,  0.101,  1.511,  0.134,  0.320,  0.117
  4200,  1.045,  0.220,  1.457,  0.169,  0.280,  0.092
  4260,  0.711, -0.065,  1.402,  0.110,  0.200, -0.084
  4320,  0.823,  0.097,  1.516,  0.154,  0.323, -0.024
  4380,  0.838,  0.111,  1.325,  0.179,  0.351, -0.039
  4440,  0.899,  0.075,  1.366,  0.167,  0.427,  0.044
  4500,  0.891,  0.071,  1.352,  0.131,  0.312, -0.032
  4560,  1.012,  0.052,  1.359,  0.148,  0.322, -0.023
  4620,  0.660,  0.195,  1.449,  0.178,  0.394, -0.035
  4680,  0.921,  0.193,  1.188,  0.161,  0.330, -0.110
  4740,  0.901,  0.129,  1.157,  0.172,  0.275, -0.099
  4800,  0.887,  0.164,  1.246,  0.204,  0.247,  0.057
  4860,  0.969,  0.115,  1.397,  0.158,  0.319, -0.120
  4920,  0.907,  0.168,  1.142,  0.229,  0.336,  0.018
  4980,  0.723,  0.093,  1.209,  0.189,  0.325,  0.040
  5040,  1.018,  0.187,  1.331,  0.222,  0.354, -0.004
  5100,  0.947,  0.058,  1.134,  0.170,  0.201, -0.006
  5160,  0.686,  0.116,  1.120,  0.177,  0.299, -0.012
  5220,  0.839,  0.057,  1.412,  0.168,  0.307, -0.010
  5280,  0.788,  0.084,  1.022,  0.148,  0.328,  0.070
  5340,  0.937,  0.067,  1.383,  0.200,  0.289,  0.163
  5400,  0.915,  0.113,  1.217,  0.205,  0.329,  0.181
  5460,  0.720,  0.167,  1.207,  0.208,  0.320,  0.218
  5520,  0.825,  0.166,  1.349,  0.205,  0.364,  0.302
  5580,  0.780,  0.116,  1.229,  0.230,  0.286,  0.204
  5640,  0.776,  0.122,  1.213,  0.179,  0.309,  0.284
  5700,  0.846,  0.126,  1.368,  0.250,  0.303,  0.223
  5760,  0.660,  0.185,  1.240,  0.253,  0.323,  0.554
  5820, -9999.000,  0.230,  1.199,  0.187,  0.362,  0.473
  5880, -9999.000,  0.207,  1.312,  0.254,  0.374,  0.667
  5940, -9999.000,  0.144,  1.407,  0.189,  0.442,  0.537
  6000, -9999.000,  0.215,  1.402,  0.157,  0.298,  0.222
  6060, -9999.000, -0.092,  1.292, -0.024, -0.048, -0.359
  6120, -9999.000,  0.098,  1.357,  0.144,  0.333, -0.105
  6180, -9999.000,  0.169,  1.192,  0.127,  0.374,  0.078
  6240, -9999.000,  0.231,  1.229,  0.154,  0.337,  0.062
  6300, -9999.000,  0.143,  1.034,  0.149,  0.334,  0.111
  6360, -9999.000,  0.089,  1.100,  0.150,  0.307,  0.282
  6420, -9999.000,  0.234,  1.202,  0.194,  0.364,  0.695
  6480,  0.765,  0.130,  1.301,  0.207,  0.263,  0.751
  6540,  0.804,  0.231,  1.245,  0.169,  0.337,  0.507
  6600,  0.919,  0.101,  1.245,  0.217,  0.285,  0.417
  6660,  0.799,  0.115,  1.239,  0.166,  0.323,  0.563
  6720,  0.762,  0.188,  1.109,  0.207,  0.376,  0.550
  6780,  0.685,  0.069,  1.185,  0.198,  0.351,  0.658
  6840,  0.819,  0.144,  1.275,  0.176,  0.279,  0.435
  6900,  0.618,  0.072,  1.410,  0.195,  0.279,  0.460
  6960,  0.694,  0.114,  1.328,  0.220,  0.348,  0.621
  7020,  0.646,  0.032,  1.410,  0.222,  0.355,  0.335
  7080,  0.781,  0.088,  1.463,  0.191,  0.289,  0.396
  7140,  0.740,  0.125,  1.412,  0.209,  0.299,  0.662
  7200,  0.731,  0.045,  1.449,  0.214,  0.331,  0.445
  7260,  0.546,  0.056,  1.306,  0.213,  0.361,  0.230
  7320,  0.722,  0.125,  1.367,  0.200,  0.279,  0.264
  7380,  0.832,  0.160,  1.603,  0.228,  0.342,  0.339
  7440,  0.722,  0.052,  1.397,  0.279,  0.269,  0.438
  7500,  0.734,  0.037,  1.315,  0.220,  0.153,  1.186
  7560,  0.671,  0.057,  1.507,  0.283,  0.348,  1.886
  7620,  0.768, -0.007,  1.397,  0.238,  0.232,  2.512
  7680,  0.781,  0.058,  1.685,  0.183,  0.317,  2.300
  7740,  0.710,  0.017,  1.806,  0.255,  0.364,  2.641
  7800,  0.684,  0.079,  1.691,  0.261,  0.315,  2.650
  7860,  0.700, -0.040,  1.560,  0.206,  0.299,  2.562
  7920,  1.195, -0.040,  1.411,  0.164,  0.380,  2.741
  7980,  0.792,  0.068,  1.923,  0.249,  0.259,  2.412
  8040,  0.744, -0.004,  1.960,  0.240,  0.371,  2.616
  8100,  0.784,  0.024,  1.637,  0.224,  0.218,  1.893
  8160,  0.827,  0.060,  1.583,  0.227,  0.313,  1.663
  8220,  0.709,  0.083,  1.423,  0.202,  0.329,  1.288
  8280,  0.675,  0.074,  1.534,  0.232,  0.337,  1.436
  8340,  0.885,  0.123,  1.514,  0.187,  0.351,  1.267
  8400,  0.776, -0.012,  1.672,  0.242,  0.338,  1.348
  8460,  0.682,  0.138,  1.910,  0.301,  0.342,  1.960
  8520,  0.797, -0.011,  1.556,  0.246,  0.339,  1.721
  8580,  0.657,  0.191,  1.517,  0.227,  0.345,  1.664
  8640,  0.631,  0.057,  1.511,  0.241,  0.282,  1.053
  8700,  0.674,  0.022,  1.518,  0.199,  0.316,  1.062
  8760,  0.729,  0.047,  1.441,  0.285,  0.367,  0.956
  8820,  0.710, -0.028,  1.428,  0.217,  0.380,  1.312
  8880,  0.821,  0.163,  1.668,  0.257,  0.358,  0.896
  8940,  0.656,  0.055,  1.466,  0.254,  0.332,  1.406
  9000,  0.677,  0.076,  1.540,  0.228,  0.329,  1.284
  9060,  0.814,  0.063,  1.644,  0.261,  0.386,  1.299
  9120,  0.848,  0.084,  1.588,  0.299,  0.464,  1.553
  9180,  0.639,  0.123,  1.513,  0.295,  0.353,  1.288
  9240,  0.800,  0.076,  1.599,  0.345,  0.404,  1.529
  9300,  0.710,  0.013,  1.612,  0.292,  0.434,  1.525
  9360,  0.648,  0.051,  1.538,  0.258,  0.465,  1.807
  9420,  0.789,  0.072,  1.699,  0.302,  0.428,  1.407
  9480,  0.834,  0.173,  1.930,  0.310,  0.405,  1.675
  9540,  0.784,  0.102,  2.047,  0.331,  0.390,  1.709
  9600,  0.934,  0.083,  1.969,  0.283,  0.409,  1.803
  9660,  0.778,  0.096,  1.867,  0.341,  0.488,  1.646
  9720,  0.706, -0.009,  1.858,  0.368,  0.469,  1.746
  9780, -9999.000, -9999.000, -9999.000, -9999.000, -9999.000, -9999.000
  9840,  0.828,  0.039,  1.914,  0.241,  0.380,  1.608
  9900,  0.849, -0.002,  2.058,  0.264,  0.608,  1.722
  9960,  0.821,  0.071,  1.694,  0.222,  0.494,  1.879
 10020,  0.797,  0.082,  1.531,  0.210,  0.306,  1.876
 10080,  0.795,  0.192,  1.670,  0.187,  0.462,  1.920
 10140,  0.711,  0.091,  1.609,  0.177,  0.550,  1.901
 10200,  0.675,  0.156,  1.510,  0.217,  0.532,  2.167
 10260,  0.861,  0.020,  1.563,  0.252,  0.323,  2.470
 10320,  0.667,  0.153,  1.603,  0.258,  0.352,  2.249
 10380,  0.995,  0.060,  1.609,  0.234,  0.470,  3.285
 10440,  0.745, -0.000,  1.627,  0.183,  0.458,  4.321
 10500,  0.830,  0.107,  1.610,  0.231,  0.385,  5.262
 10560,  0.794,  0.155,  1.861,  0.277,  0.331,  5.913
 10620,  0.708,  0.050,  1.861,  0.273,  0.523,  8.217
 10680,  0.840,  0.173,  1.986,  0.242,  0.525, 10.043
 10740,  0.780,  0.098,  2.162,  0.298,  0.397, 10.623
 10800,  0.729,  0.050,  1.872,  0.239,  0.381,  8.879
 10860,  0.842,  0.180,  1.604,  0.203,  0.456,  8.402
 10920,  0.577,  0.089,  1.495,  0.177,  0.355,  8.965
 10980,  0.732,  0.135,  1.549,  0.218,  0.317,  8.953
 11040,  0.630,  0.222,  1.423,  0.200,  0.410,  7.982
 11100,  0.716,  0.116,  1.414,  0.160,  0.474,  8.531
 11160,  0.715,  0.052,  1.367,  0.156,  0.375,  6.570
 11220,  0.628,  0.129,  1.416,  0.190,  0.377,  5.734
 11280,  0.720,  0.169,  1.351,  0.173,  0.297,  4.749
 11340,  0.774,  0.129,  1.275,  0.160,  0.392,  4.497
 11400,  0.687,  0.065,  1.107,  0.206,  0.398,  3.695
 11460,  0.744,  0.088,  1.241,  0.137,  0.258,  3.248
 11520,  0.711,  0.084,  1.286,  0.166,  0.226,  3.192
 11580,  0.635,  0.083,  1.305,  0.143,  0.311,  3.041
 11640, -9999.000, -9999.000, -9999.000, -9999.000, -9999.000, -9999.000
 11700,  0.565,  0.200,  1.180,  0.145,  0.329,  3.227
 11760,  0.574,  0.106,  1.345,  0.142,  0.307,  2.965
 11820,  0.601,  0.076,  1.229,  0.137,  0.394,  3.363
 11880,  0.631,  0.169,  1.304,  0.147,  0.276,  3.120
 11940,  0.565,  0.069,  1.477,  0.179,  0.279,  3.059
 12000,  0.621,  0.063,  1.196,  0.132,  0.291,  2.998
 12060,  0.582,  0.129,  1.269,  0.209,  0.392,  3.095
 12120,  0.616,  0.166,  1.248,  0.190,  0.342,  2.679
 12180,  0.682,  0.141,  1.204,  0.170,  0.284,  2.481
 12240,  0.685,  0.088,  1.349,  0.222,  0.341,  2.358
 12300,  0.602,  0.079,  1.170,  0.158,  0.234,  2.201
 12360,  0.702,  0.098,  1.222,  0.157,  0.184,  2.826
 12420,  0.532,  0.081,  1.224,  0.189,  0.257,  3.574
 12480,  0.684,  0.143,  1.108,  0.156,  0.254,  4.229
 12540,  0.524,  0.081,  1.014,  0.161,  0.277,  5.001
 12600,  0.585,  0.115,  1.172,  0.133,  0.274,  5.247
 12660,  0.603,  0.018,  1.102,  0.163,  0.418,  5.625
 12720,  0.643,  0.123,  1.211,  0.187,  0.307,  5.238
 12780,  0.529,  0.098,  1.150,  0.190,  0.262,  5.642
 12840,  0.501,  0.156,  1.122,  0.200,  0.341,  5.509
 12900,  0.508,  0.013,  0.989,  0.203,  0.277,  5.257
 12960,  0.654,  0.118,  1.127,  0.186,  0.227,  8.027
 13020,  0.654,  0.128,  1.178,  0.261,  0.238, 10.416
 13080,  0.437,  0.095,  1.255,  0.171,  0.293, 11.275
 13140,  0.545,  0.109,  1.459,  0.246,  0.366, 14.617
 13200,  0.642,  0.111,  1.256,  0.203,  0.351,  8.535
 13260,  0.720,  0.052,  1.208,  0.161,  0.164,  9.085
 13320,  0.573,  0.125,  1.501,  0.207,  0.273, 15.344
 13380,  0.650,  0.110,  1.186,  0.188,  0.315, 10.094
 13440,  0.593,  0.105,  1.373,  0.234,  0.185, 11.138
 13500, -9999.000, -9999.000, -9999.000, -9999.000, -9999.000, -9999.000
 13560,  0.552,  0.086,  1.114,  0.211,  0.302,  5.443
 13620,  0.527,  0.158,  1.289,  0.257,  0.221, 14.753
 13680,  0.588,  0.187,  1.281,  0.200,  0.296, 19.534
 13740,  0.617,  0.131,  1.349,  0.188,  0.275, 17.632
 13800,  0.569,  0.088,  1.439,  0.211,  0.278, 19.416
 13860,  0.701,  0.242,  1.249,  0.210,  0.324, 17.614
 13920,  0.499,  0.196,  1.343,  0.241,  0.373, 14.477
 13980,  0.540,  0.049,  1.039,  0.210,  0.235,  7.412
 14040,  0.368,  0.064,  1.059,  0.197,  0.228,  5.664
 14100,  0.525,  0.058,  0.982,  0.203,  0.309,  3.127
 14160,  0.526,  0.148,  1.012,  0.172,  0.288,  9.187
 14220,  0.595,  0.143,  1.231,  0.207,  0.322, 17.642
 14280,  0.388,  0.159,  1.097,  0.179,  0.258,  5.880
 14340,  0.424,  0.122,  1.147,  0.205,  0.270,  7.608
 14400,  0.529,  0.069,  1.121,  0.132,  0.271,  2.808
 14460,  0.656,  0.151,  1.003,  0.171,  0.219,  2.418
 14520,  0.549,  0.123,  0.977,  0.156,  0.224,  2.118
 14580,  0.581,  0.197,  1.015,  0.180,  0.338,  2.504
 14640,  0.475,  0.137,  1.081,  0.147,  0.305,  2.577
 14700,  0.434,  0.173,  1.040,  0.192,  0.264,  3.213
 14760,  0.580,  0.110,  1.096,  0.203,  0.308,  3.552
 14820,  0.515,  0.078,  1.105,  0.165,  0.193,  2.451
 14880,  0.547,  0.137,  1.069,  0.164,  0.205,  2.367
 14940,  0.590,  0.160,  0.996,  0.164,  0.293,  2.238
 15000,  0.543,  0.139,  1.086,  0.152,  0.267,  2.452
 15060,  0.551,  0.150,  1.041,  0.141,  0.249,  2.698
 15120,  0.405,  0.111,  0.994,  0.177,  0.273,  2.769
 15180,  0.647,  0.162,  1.271,  0.153,  0.155,  2.285
 15240,  0.619,  0.181,  1.099,  0.126,  0.286,  2.464
 15300,  0.736,  0.265,  1.281,  0.192,  0.270,  2.723
 15360,  0.512,  0.205,  1.105,  0.157,  0.276,  3.105
 15420,  0.544,  0.158,  1.093,  0.201,  0.384,  2.691
 15480,  0.573,  0.083,  1.329,  0.300,  0.276,  4.633
 15540,  0.387,  0.164,  1.189,  0.219,  0.270,  7.413
 15600,  0.353,  0.119,  1.219,  0.255,  0.320, 10.289
 15660,  0.553,  0.122,  1.162,  0.264,  0.156,  3.960
 15720,  0.720,  0.235,  1.032,  0.201,  0.272,  2.424
 15780,  0.540,  0.099,  1.166,  0.238,  0.302,  2.657
 15840,  0.404,  0.171,  1.114,  0.276,  0.258,  2.447
 15900,  0.477,  0.133,  1.200,  0.367,  0.248,  7.264
 15960,  0.570,  0.197,  1.448,  0.329,  0.249, 11.199
 16020,  0.461,  0.103,  1.131,  0.190,  0.257,  4.413
 16080,  0.538,  0.133,  1.238,  0.265,  0.270, 12.479
 16140,  0.586,  0.108,  1.223,  0.214,  0.321,  3.654
 16200,  0.591,  0.100,  1.302,  0.201,  0.282, 15.160
 16260,  0.432,  0.158,  1.081,  0.214,  0.276,  6.521
 16320,  0.679,  0.208,  1.376,  0.258,  0.279, 19.040
 16380,  0.409,  0.105,  1.389,  0.262,  0.278, 14.930
 16440,  0.512,  0.220,  1.173,  0.193,  0.243, 11.044
 16500,  0.422,  0.143,  1.207,  0.216,  0.217, 15.278
 16560,  0.707,  0.190,  0.985,  0.155,  0.279,  5.884
 16620,  0.613,  0.213,  0.988,  0.157,  0.304, 10.875
 16680,  0.589,  0.124,  1.133,  0.203,  0.260, 12.970
 16740,  0.608,  0.098,  1.081,  0.173,  0.260,  8.790
 16800,  0.683,  0.049,  0.987,  0.148,  0.303,  6.955
 16860,  0.607,  0.143,  1.097,  0.149,  0.251,  8.769
 16920,  0.568,  0.104,  1.001,  0.173,  0.291, 10.171
 16980,  0.666,  0.074,  1.201,  0.204,  0.340, 11.187
 17040,  0.629,  0.037,  1.049,  0.243,  0.276,  7.560
 17100,  0.493,  0.020,  1.156,  0.279,  0.289, 10.030
 17160, -9999.000, -9999.000, -9999.000, -9999.000, -9999.000, -9999.000
 17220,  0.617,  0.086,  0.976,  0.211,  0.172,  5.859
