CampaignData_and_Merges/R0/CSL_MobileLab_Parked/raw/20240801/USOS-jNO2_MobileLabGround_20240801_R0.ict
52,1001
Waxman, E.; Rollins, A.; Zuraski, K.; Chace, W.
NOAA Chemical Sciences Laboratory
jNO2 filter radiometer on CSL Mobile Lab
AMMBEC / USOS
1, 1
2024,08,01, 2025,04,01
60
Time_Start, seconds, number_of_seconds_since_0000_UTC
20
1, 1, 1, 1, 1, 1, 1, 1, 1, 1, 1, 1, 1, 1, 1, 1, 1, 1, 1, 1
-9999, -9999, -9999, -9999, -9999, -9999, -9999, -9999, -9999, -9999, -9999, -9999, -9999, -9999, -9999, -9999, -9999, -9999, -9999, -9999
Time_Stop, seconds, number_of_seconds_since_0000_UTC
jNO2_meas, per second, photolysis rate of NO2 measured using a filter radiometer.
jBrCl, per second, photolysis rate of BrCl -> Br + Cl calculated in TUV for cloud-free sky with local AOD
jBr2, per second, photolysis rate of Br2 -> Br + Br calculated in TUV for cloud-free sky with local AOD
jCCl4, per second, photolysis rate of CCl4 -> Products calcualted in TUV for cloud-free sky with local AOD
jCH2Oa, per second, photolysis rate of CH2O -> H + HCO calculated in TUV for cloud-free sky with local AOD
jCH2Ob, per second, photolysis rate of CH2O -> H2 + CO calculated in TUV for cloud-free sky with local AOD
jClNO2, per second, photolysis rate of ClNO2 -> Cl + NO2 calculated in TUV for cloud-free sky with local AOD
jClOa, per second, photolysis rate of ClO -> Cl + O(1D) calculated in TUV for cloud-free sky with local AOD
jClOb, per second, photolysis rate of ClO -> Cl + O(3P) calculated in TUV for cloud-free sky with local AOD
jCl2, per second, photolysis rate of Cl2 -> Cl + Cl calculated in TUV for cloud-free sky with local AOD
jHNO2, per second, photolysis rate of HNO2 -> OH + NO calculated in TUV for cloud-free sky with local AOD
jHNO3, per second, photolysis rate of HNO3 -> OH + NO2 calculated in TUV for cloud-free sky with local AOD
jI2, per second, photolysis rate of I2 -> I + I calculated in TUV for cloud-free sky with local AOD
jNO2, per second, photolysis rate of NO2 -> NO + O(3P) calculated in TUV for cloud-free sky with local AOD
jNO3a, per second, photolysis rate of NO3 -> NO + O2 calculated in TUV for cloud-free sky with local AOD
jNO3b, per second, photolysis rate of NO3 -> NO2 + O(3P) calculated in TUV for cloud-free sky with local AOD
jN2O5, per second, photolysis rate of N2O5 -> NO3 + NO + O(3P) calculated in TUV for cloud-free sky with local AOD
jO3, per second, photolysis rate of O3 -> O2 + O(1D) calculated in TUV for cloud-free sky with local AOD
AOD_500nm, unitless, UTC daily mean AOD at 500 nm from an AERONET station located at 40.178 N, -112.452 E
0
18
PI_CONTACT_INFO: eleanor.waxman@noaa.gov
PLATFORM: CSL Mobile Lab, at ground site
LOCATION: Salt Lake City, UT
ASSOCIATED_DATA:
INSTRUMENT_INFO: jNO2 filter radiometer.  TUV calculations are for mobile van lat/lon/altitude assuming clear sky (cloud AOD = 0) and daily mean AOD.
DATA_INFO:
UNCERTAINTY: Data uncertainties are +/- 20%.  These come from uncertainties in radiometer angular response, radiometer thermal response, local interferences from clouds/aerosols/shadows etc.
ULOD_FLAG: -7777
ULOD_VALUE: N/A
LLOD_FLAG: -8888
LLOD_VALUE: N/A
DM_CONTACT_INFO: eleanor.waxman@noaa.gov
PROJECT_INFO: USOS Project, July - August 2024
STIPULATIONS_ON_USE: Users are strongly encouraged to contact the PI for proper data usage.
OTHER_COMMENTS: 
REVISION: R0
R0: final data
Time_Start, Time_Stop, jNO2_meas, jBrCl, jBr2, jCCl4, jCH2Oa, jCH2Ob, jClNO2, jClOa, jClOb, jCl2, jHNO2, jHNO3, jI2, jNO2, jNO3a, jNO3b, jN2O5, jO3, AOD_500nm
[from data line 84]
    5040,    5100,0.0019758,0.003012,0.01082,4.329e-26,3.131e-06,7.067e-06,7.35e-05,1.605e-26,1.344e-06,0.000441,0.0003093,3.66e-08,0.04547,0.002067,0.009912,0.07345,5.829e-06,8.428e-07,0.241
    5100,    5160,0.0019352,0.002952,0.01062,4.259e-26,3.048e-06,6.901e-06,7.18e-05,1.575e-26,1.297e-06,0.0004313,0.0003025,3.555e-08,0.04472,0.002023,0.009764,0.07227,5.691e-06,8.149e-07,0.241
    5160,    5220,0.0018944,0.002896,0.01043,4.19e-26,2.967e-06,6.742e-06,7.018e-05,1.555e-26,1.252e-06,0.0004221,0.0002961,3.454e-08,0.044,0.001981,0.009625,0.07116,5.559e-06,7.883e-07,0.241
    5220,    5280,0.0018445,0.002839,0.01024,4.115e-26,2.888e-06,6.584e-06,6.855e-05,1.527e-26,1.208e-06,0.0004128,0.0002897,3.353e-08,0.04326,0.001938,0.009477,0.06999,5.427e-06,7.614e-07,0.241
    5280,    5340,0.0018086,0.002781,0.01005,4.054e-26,2.809e-06,6.427e-06,6.694e-05,1.508e-26,1.165e-06,0.0004036,0.0002832,3.255e-08,0.04251,0.001896,0.00933,0.06882,5.296e-06,7.359e-07,0.241
    5340,    5400,0.0017721,0.002727,0.009864,3.99e-26,2.737e-06,6.282e-06,6.545e-05,1.484e-26,1.127e-06,0.000395,0.0002772,3.165e-08,0.04181,0.001856,0.00919,0.06771,5.175e-06,7.127e-07,0.241
    5400,    5460,0.0017382,0.00267,0.009669,3.923e-26,2.661e-06,6.129e-06,6.387e-05,1.46e-26,1.087e-06,0.0003859,0.0002709,3.071e-08,0.04106,0.001814,0.00904,0.06653,5.048e-06,6.885e-07,0.241
    5460,    5520,0.0016906,0.002613,0.009474,3.858e-26,2.587e-06,5.978e-06,6.232e-05,1.437e-26,1.047e-06,0.0003769,0.0002646,2.979e-08,0.0403,0.001773,0.008889,0.06533,4.922e-06,6.65e-07,0.241
    5520,    5580,0.0016617,0.002561,0.009295,3.802e-26,2.519e-06,5.841e-06,6.091e-05,1.417e-26,1.012e-06,0.0003688,0.000259,2.895e-08,0.0396,0.001735,0.008748,0.06423,4.808e-06,6.437e-07,0.241
    5580,    5640,0.001623,0.002505,0.009104,3.738e-26,2.449e-06,5.699e-06,5.943e-05,1.394e-26,9.758e-07,0.0003602,0.000253,2.809e-08,0.03885,0.001695,0.008596,0.06304,4.689e-06,6.22e-07,0.241
    5640,    5700,0.0015899,0.002449,0.008908,3.675e-26,2.379e-06,5.553e-06,5.793e-05,1.371e-26,9.401e-07,0.0003514,0.0002468,2.722e-08,0.03807,0.001654,0.008442,0.06183,4.568e-06,6.004e-07,0.241
    5700,    5760,0.0015544,0.002395,0.008723,3.616e-26,2.313e-06,5.418e-06,5.653e-05,1.35e-26,9.071e-07,0.0003432,0.0002411,2.642e-08,0.03734,0.001616,0.008293,0.06067,4.455e-06,5.806e-07,0.241
    5760,    5820,0.0015169,0.002339,0.008526,3.554e-26,2.244e-06,5.276e-06,5.506e-05,1.328e-26,8.73e-07,0.0003346,0.0002351,2.558e-08,0.03656,0.001576,0.008134,0.05943,4.337e-06,5.6e-07,0.241
    5820,    5880,0.001477,0.002282,0.008329,3.492e-26,2.177e-06,5.137e-06,5.361e-05,1.306e-26,8.399e-07,0.0003261,0.0002292,2.477e-08,0.03577,0.001536,0.007974,0.05818,4.221e-06,5.4e-07,0.241
    5880,    5940,0.0014407,0.00223,0.008144,3.435e-26,2.115e-06,5.007e-06,5.227e-05,1.285e-26,8.096e-07,0.0003182,0.0002237,2.401e-08,0.03503,0.001499,0.007822,0.057,4.113e-06,5.218e-07,0.241
    5940,    6000,0.0014117,0.002174,0.007947,3.375e-26,2.05e-06,4.871e-06,5.085e-05,1.263e-26,7.783e-07,0.0003099,0.0002179,2.323e-08,0.03423,0.00146,0.007658,0.05573,3.999e-06,5.028e-07,0.241
    6000,    6060,0.0013783,0.002118,0.00775,3.316e-26,1.986e-06,4.738e-06,4.946e-05,1.242e-26,7.481e-07,0.0003016,0.0002121,2.246e-08,0.03343,0.001422,0.007493,0.05446,3.888e-06,4.845e-07,0.241
    6060,    6120,0.0013471,0.002066,0.007565,3.261e-26,1.927e-06,4.614e-06,4.817e-05,1.222e-26,7.205e-07,0.000294,0.0002068,2.176e-08,0.03268,0.001386,0.007337,0.05326,3.785e-06,4.678e-07,0.241
    6120,    6180,0.0013122,0.002011,0.00737,3.202e-26,1.866e-06,4.484e-06,4.682e-05,1.201e-26,6.92e-07,0.000286,0.0002012,2.103e-08,0.03187,0.001348,0.00717,0.05197,3.677e-06,4.505e-07,0.241
    6180,    6240,0.0012658,0.001957,0.007174,3.145e-26,1.806e-06,4.357e-06,4.549e-05,1.18e-26,6.645e-07,0.0002781,0.0001957,2.031e-08,0.03107,0.001311,0.007002,0.05069,3.571e-06,4.337e-07,0.241
    6240,    6300,0.0012366,0.001906,0.006991,3.091e-26,1.75e-06,4.239e-06,4.426e-05,1.16e-26,6.393e-07,0.0002707,0.0001906,1.966e-08,0.03031,0.001276,0.006842,0.04947,3.472e-06,4.184e-07,0.241
    6300,    6360,0.0012015,0.001852,0.006796,3.034e-26,1.693e-06,4.115e-06,4.297e-05,1.14e-26,6.133e-07,0.000263,0.0001852,1.897e-08,0.0295,0.00124,0.006671,0.04817,3.369e-06,4.025e-07,0.241
    6360,    6420,0.0011722,0.001799,0.006603,2.977e-26,1.636e-06,3.994e-06,4.17e-05,1.119e-26,5.883e-07,0.0002554,0.0001799,1.831e-08,0.02869,0.001204,0.0065,0.04686,3.268e-06,3.872e-07,0.241
    6420,    6480,0.0011377,0.001749,0.006422,2.925e-26,1.584e-06,3.881e-06,4.053e-05,1.1e-26,5.655e-07,0.0002483,0.000175,1.769e-08,0.02793,0.00117,0.006338,0.04564,3.174e-06,3.732e-07,0.241
    6480,    6540,0.0011204,0.001697,0.006231,2.87e-26,1.53e-06,3.764e-06,3.931e-05,1.08e-26,5.42e-07,0.0002409,0.0001699,1.706e-08,0.02712,0.001136,0.006164,0.04433,3.077e-06,3.588e-07,0.241
    6540,    6600,0.0010934,0.001645,0.006041,2.815e-26,1.477e-06,3.649e-06,3.81e-05,1.06e-26,5.193e-07,0.0002337,0.0001648,1.644e-08,0.02631,0.001101,0.00599,0.04302,2.981e-06,3.448e-07,0.241
    6600,    6660,0.0010603,0.001597,0.005862,2.764e-26,1.428e-06,3.542e-06,3.698e-05,1.041e-26,4.985e-07,0.0002269,0.0001601,1.587e-08,0.02554,0.001069,0.005825,0.04179,2.892e-06,3.32e-07,0.241
    6660,    6720,0.0010357,0.001546,0.005675,2.71e-26,1.377e-06,3.43e-06,3.582e-05,1.022e-26,4.772e-07,0.0002199,0.0001553,1.528e-08,0.02474,0.001036,0.00565,0.04048,2.799e-06,3.189e-07,0.241
    6720,    6780,0.0010079,0.001496,0.005489,2.657e-26,1.327e-06,3.321e-06,3.468e-05,1.002e-26,4.567e-07,0.0002129,0.0001505,1.471e-08,0.02393,0.001003,0.005474,0.03917,2.709e-06,3.061e-07,0.241
    6780,    6840,0.00097729,0.00145,0.005316,2.607e-26,1.281e-06,3.22e-06,3.362e-05,9.84e-27,4.38e-07,0.0002065,0.000146,1.418e-08,0.02318,0.000973,0.005308,0.03794,2.625e-06,2.945e-07,0.241
    6840,    6900,0.00095056,0.001401,0.005134,2.554e-26,1.234e-06,3.114e-06,3.252e-05,9.647e-27,4.188e-07,0.0001998,0.0001414,1.363e-08,0.02238,0.0009414,0.005132,0.03664,2.537e-06,2.825e-07,0.241
    6900,    6960,0.00091659,0.001353,0.004954,2.502e-26,1.188e-06,3.011e-06,3.144e-05,9.456e-27,4.003e-07,0.0001933,0.0001368,1.31e-08,0.02159,0.0009104,0.004955,0.03534,2.452e-06,2.709e-07,0.241
    6960,    7020,0.00089655,0.001308,0.004786,2.453e-26,1.145e-06,2.915e-06,3.044e-05,9.276e-27,3.834e-07,0.0001872,0.0001326,1.261e-08,0.02084,0.0008816,0.004789,0.03412,2.372e-06,2.603e-07,0.241
    7020,    7080,0.00087088,0.001262,0.00461,2.402e-26,1.1e-06,2.815e-06,2.94e-05,9.087e-27,3.661e-07,0.0001808,0.0001282,1.211e-08,0.02006,0.0008517,0.004612,0.03283,2.29e-06,2.495e-07,0.241
    7080,    7140,0.0008386,0.001216,0.004436,2.351e-26,1.057e-06,2.718e-06,2.838e-05,8.899e-27,3.495e-07,0.0001746,0.0001239,1.162e-08,0.01928,0.0008224,0.004437,0.03156,2.209e-06,2.389e-07,0.241
    7140,    7200,0.00079717,0.001174,0.004276,2.303e-26,1.017e-06,2.627e-06,2.744e-05,8.723e-27,3.343e-07,0.0001688,0.0001199,1.117e-08,0.01856,0.0007954,0.004272,0.03036,2.135e-06,2.293e-07,0.241
    7200,    7260,0.00075959,0.00113,0.004108,2.252e-26,9.759e-07,2.533e-06,2.647e-05,8.537e-27,3.188e-07,0.0001629,0.0001158,1.07e-08,0.0178,0.0007673,0.004097,0.02911,2.058e-06,2.195e-07,0.241
    7260,    7320,0.00072433,0.001086,0.003942,2.202e-26,9.355e-07,2.441e-06,2.55e-05,8.352e-27,3.038e-07,0.000157,0.0001117,1.025e-08,0.01705,0.0007396,0.003923,0.02786,1.982e-06,2.099e-07,0.241
    7320,    7380,0.00070648,0.001046,0.00379,2.155e-26,8.986e-07,2.355e-06,2.462e-05,8.178e-27,2.903e-07,0.0001516,0.000108,9.837e-09,0.01635,0.0007143,0.003761,0.0267,1.912e-06,2.012e-07,0.241
    7380,    7440,0.00069663,0.001005,0.003631,2.106e-26,8.603e-07,2.267e-06,2.37e-05,7.995e-27,2.764e-07,0.0001459,0.0001041,9.41e-09,0.01562,0.0006879,0.00359,0.02549,1.839e-06,1.922e-07,0.241
    7440,    7500,0.00068395,0.0009644,0.003475,2.057e-26,8.229e-07,2.18e-06,2.28e-05,7.813e-27,2.63e-07,0.0001404,0.0001003,8.994e-09,0.0149,0.000662,0.003421,0.02429,1.768e-06,1.836e-07,0.241
    7500,    7560,0.00066993,0.000927,0.003332,2.011e-26,7.887e-07,2.099e-06,2.197e-05,7.642e-27,2.509e-07,0.0001353,9.675e-05,8.615e-09,0.01424,0.0006383,0.003263,0.02318,1.703e-06,1.757e-07,0.241
    7560,    7620,0.00064909,0.0008883,0.003183,1.962e-26,7.533e-07,2.016e-06,2.11e-05,7.462e-27,2.386e-07,0.00013,9.308e-05,8.222e-09,0.01355,0.0006136,0.003098,0.02202,1.634e-06,1.676e-07,0.241
    7620,    7680,0.00062505,0.0008503,0.003038,1.914e-26,7.186e-07,1.934e-06,2.025e-05,7.281e-27,2.266e-07,0.0001248,8.948e-05,7.841e-09,0.01287,0.0005893,0.002935,0.02088,1.568e-06,1.598e-07,0.241
    7680,    7740,0.00059237,0.0008157,0.002905,1.869e-26,6.871e-07,1.858e-06,1.947e-05,7.113e-27,2.159e-07,0.00012,8.616e-05,7.493e-09,0.01225,0.0005671,0.002784,0.01984,1.506e-06,1.527e-07,0.241
    7740,    7800,0.00056451,0.0007798,0.002768,1.821e-26,6.544e-07,1.78e-06,1.866e-05,6.934e-27,2.049e-07,0.0001151,8.272e-05,7.135e-09,0.0116,0.0005441,0.002627,0.01875,1.443e-06,1.454e-07,0.241
    7800,    7860,0.00054213,0.0007448,0.002634,1.774e-26,6.227e-07,1.703e-06,1.787e-05,6.757e-27,1.943e-07,0.0001102,7.934e-05,6.788e-09,0.01098,0.0005215,0.002474,0.0177,1.381e-06,1.383e-07,0.241
    7860,    7920,0.00052155,0.0007129,0.002512,1.729e-26,5.937e-07,1.633e-06,1.714e-05,6.59e-27,1.848e-07,0.0001058,7.623e-05,6.471e-09,0.01041,0.0005008,0.002333,0.01673,1.323e-06,1.319e-07,0.241
    7920,    7980,0.00050357,0.0006799,0.002387,1.682e-26,5.638e-07,1.559e-06,1.639e-05,6.413e-27,1.75e-07,0.0001012,7.299e-05,6.145e-09,0.00982,0.0004793,0.002187,0.01574,1.264e-06,1.253e-07,0.241
    7980,    8040,0.00048222,0.0006477,0.002265,1.635e-26,5.347e-07,1.487e-06,1.564e-05,6.237e-27,1.657e-07,9.661e-05,6.981e-05,5.828e-09,0.009251,0.0004582,0.002045,0.01477,1.206e-06,1.19e-07,0.241
    8040,    8100,0.00046413,0.0006184,0.002155,1.592e-26,5.082e-07,1.421e-06,1.496e-05,6.072e-27,1.572e-07,9.245e-05,6.689e-05,5.541e-09,0.008736,0.0004388,0.001916,0.0139,1.153e-06,1.132e-07,0.241
    8100,    8160,0.00045183,0.0005882,0.002042,1.545e-26,4.809e-07,1.353e-06,1.425e-05,5.897e-27,1.486e-07,8.813e-05,6.385e-05,5.246e-09,0.00821,0.0004187,0.001783,0.013,1.098e-06,1.073e-07,0.241
    8160,    8220,0.00043065,0.0005589,0.001933,1.499e-26,4.546e-07,1.286e-06,1.356e-05,5.723e-27,1.404e-07,8.392e-05,6.088e-05,4.961e-09,0.007706,0.0003991,0.001656,0.01215,1.044e-06,1.017e-07,0.241
    8220,    8280,0.00041516,0.0005322,0.001834,1.457e-26,4.306e-07,1.225e-06,1.293e-05,5.559e-27,1.33e-07,8.005e-05,5.814e-05,4.702e-09,0.007252,0.000381,0.001541,0.01138,9.944e-07,9.652e-08,0.241
    8280,    8340,0.00040034,0.0005045,0.001732,1.411e-26,4.058e-07,1.161e-06,1.227e-05,5.385e-27,1.254e-07,7.602e-05,5.529e-05,4.436e-09,0.006789,0.0003622,0.001425,0.01059,9.431e-07,9.123e-08,0.241
    8340,    8400,0.00037789,0.0004779,0.001635,1.365e-26,3.82e-07,1.099e-06,1.163e-05,5.213e-27,1.182e-07,7.211e-05,5.251e-05,4.18e-09,0.00635,0.000344,0.001314,0.009852,8.933e-07,8.617e-08,0.241
    8400,    8460,0.00036524,0.0004535,0.001547,1.324e-26,3.605e-07,1.042e-06,1.104e-05,5.051e-27,1.117e-07,6.852e-05,4.995e-05,3.948e-09,0.005957,0.0003272,0.001216,0.00919,8.478e-07,8.159e-08,0.241
    8460,    8520,0.00034533,0.0004285,0.001456,1.279e-26,3.384e-07,9.84e-07,1.044e-05,4.879e-27,1.051e-07,6.481e-05,4.73e-05,3.711e-09,0.005561,0.0003097,0.001117,0.008525,8.007e-07,7.69e-08,0.241
    8520,    8580,0.00032859,0.0004042,0.00137,1.235e-26,3.171e-07,9.273e-07,9.848e-06,4.708e-27,9.885e-08,6.12e-05,4.471e-05,3.483e-09,0.005185,0.0002928,0.001024,0.007898,7.551e-07,7.241e-08,0.241
    8580,    8640,0.00031878,0.0003821,0.001291,1.194e-26,2.979e-07,8.755e-07,9.309e-06,4.548e-27,9.319e-08,5.789e-05,4.234e-05,3.277e-09,0.00485,0.0002772,0.0009431,0.007342,7.134e-07,6.835e-08,0.241
    8640,    8700,0.00029772,0.0003592,0.001211,1.151e-26,2.782e-07,8.22e-07,8.75e-06,4.377e-27,8.743e-08,5.446e-05,3.987e-05,3.066e-09,0.004511,0.000261,0.0008623,0.006785,6.702e-07,6.419e-08,0.241
    8700,    8760,0.0002853,0.0003372,0.001134,1.108e-26,2.595e-07,7.704e-07,8.212e-06,4.208e-27,8.196e-08,5.115e-05,3.749e-05,2.864e-09,0.004192,0.0002453,0.0007878,0.006266,6.287e-07,6.023e-08,0.241
    8760,    8820,0.00026841,0.0003171,0.001064,1.068e-26,2.426e-07,7.236e-07,7.721e-06,4.05e-27,7.705e-08,4.813e-05,3.53e-05,2.683e-09,0.003907,0.000231,0.000723,0.005807,5.909e-07,5.666e-08,0.241
    8820,    8880,0.0002513,0.0002964,0.0009922,1.026e-26,2.254e-07,6.756e-07,7.217e-06,3.883e-27,7.208e-08,4.501e-05,3.305e-05,2.499e-09,0.00362,0.0002162,0.0006594,0.005349,5.52e-07,5.302e-08,0.241
    8880,    8940,0.00023782,0.0002764,0.0009233,9.857e-27,2.091e-07,6.294e-07,6.731e-06,3.717e-27,6.735e-08,4.201e-05,3.087e-05,2.323e-09,0.003348,0.0002019,0.000601,0.00492,5.147e-07,4.955e-08,0.241
    8940,    9000,0.0002247,0.0002582,0.000861,9.476e-27,1.944e-07,5.877e-07,6.291e-06,3.561e-27,6.312e-08,3.928e-05,2.889e-05,2.166e-09,0.003105,0.0001889,0.0005504,0.004541,4.808e-07,4.644e-08,0.241
    9000,    9060,0.00021077,0.0002395,0.0007969,9.088e-27,1.796e-07,5.45e-07,5.84e-06,3.397e-27,5.883e-08,3.648e-05,2.686e-05,2.006e-09,0.002857,0.0001755,0.0005006,0.00416,4.462e-07,4.326e-08,0.241
    9060,    9120,0.00020063,0.0002216,0.0007358,8.702e-27,1.656e-07,5.044e-07,5.41e-06,3.236e-27,5.477e-08,3.38e-05,2.491e-05,1.855e-09,0.002624,0.0001627,0.0004548,0.003802,4.132e-07,4.026e-08,0.241
    9120,    9180,0.00018768,0.0002055,0.0006806,8.367e-27,1.532e-07,4.68e-07,5.023e-06,3.086e-27,5.116e-08,3.139e-05,2.315e-05,1.721e-09,0.002414,0.0001511,0.0004147,0.003485,3.836e-07,3.758e-08,0.241
    9180,    9240,0.00017527,0.0001891,0.0006247,8.024e-27,1.407e-07,4.313e-07,4.633e-06,2.93e-27,4.753e-08,2.895e-05,2.137e-05,1.586e-09,0.002203,0.0001394,0.0003751,0.003167,3.537e-07,3.488e-08,0.241
    9240,    9300,0.00016599,0.0001736,0.0005717,7.696e-27,1.291e-07,3.968e-07,4.265e-06,2.778e-27,4.413e-08,2.665e-05,1.969e-05,1.46e-09,0.002003,0.0001283,0.0003383,0.002868,3.256e-07,3.234e-08,0.241
    9300,    9360,0.00015133,0.0001598,0.0005246,7.418e-27,1.189e-07,3.663e-07,3.939e-06,2.638e-27,4.112e-08,2.46e-05,1.819e-05,1.349e-09,0.001826,0.0001184,0.0003058,0.002604,3.007e-07,3.01e-08,0.241
    9360,    9420,0.0001442,0.0001424,0.0004664,6.054e-27,1.064e-07,3.278e-07,3.524e-06,2.406e-27,3.736e-08,2.199e-05,1.627e-05,1.212e-09,0.001615,0.0001058,0.0002681,0.002294,2.691e-07,2.728e-08,0.241
    9420,    9480,0.00013022,0.0001273,0.0004155,5.615e-27,9.569e-08,2.947e-07,3.167e-06,2.233e-27,3.409e-08,1.975e-05,1.462e-05,1.094e-09,0.00143,9.491e-05,0.0002357,0.002023,2.418e-07,2.484e-08,0.241
    9480,    9540,0.00012454,0.000115,0.0003737,5.249e-27,8.693e-08,2.678e-07,2.878e-06,2.088e-27,3.141e-08,1.792e-05,1.328e-05,9.972e-10,0.001276,8.608e-05,0.0002089,0.001799,2.198e-07,2.284e-08,0.241
    9540,    9600,0.00011487,0.0001036,0.000335,4.895e-27,7.889e-08,2.432e-07,2.613e-06,1.949e-27,2.893e-08,1.625e-05,1.205e-05,9.084e-10,0.001134,7.8e-05,0.0001837,0.00159,1.996e-07,2.099e-08,0.241
    9600,    9660,0.00010779,9.39e-05,0.0003017,4.582e-27,7.195e-08,2.22e-07,2.385e-06,1.825e-27,2.678e-08,1.482e-05,1.1e-05,8.319e-10,0.001009,7.109e-05,0.0001616,0.001407,1.822e-07,1.939e-08,0.241
    9660,    9720,0.00010027,8.362e-05,0.0002672,4.226e-27,6.473e-08,1.994e-07,2.142e-06,1.684e-27,2.447e-08,1.328e-05,9.868e-06,7.512e-10,0.0008853,6.365e-05,0.0001403,0.001228,1.636e-07,1.767e-08,0.241
    9720,    9780,9.1622e-05,7.329e-05,0.0002327,3.858e-27,5.751e-08,1.768e-07,1.897e-06,1.538e-27,2.213e-08,1.174e-05,8.725e-06,6.703e-10,0.0007625,5.616e-05,0.0001195,0.001053,1.45e-07,1.593e-08,0.241
    9780,    9840,8.2855e-05,6.599e-05,0.0002079,3.585e-27,5.228e-08,1.606e-07,1.723e-06,1.43e-27,2.044e-08,1.064e-05,7.924e-06,6.118e-10,0.0006717,5.091e-05,0.0001036,0.0009205,1.317e-07,1.467e-08,0.241
