CampaignData_and_Merges/R0/CSL_MobileLab_Parked/raw/20240801/USOS-NOAAIodideCIMS-Halogens_MobileLabGround_20240801_RA.ict
38, 1001
Michael A Robinson, Chris Jernigan, Subi Thakali
NOAA ESRL Chemical Sciences Laboratory and CIRES, U. of Colorado
NOAA Iodide CIMS Instrument
USOS
1, 1
2024, 08, 01, 2024, 08, 02
1
starttime_UTC, seconds_past_midnight, seconds_of_day_since_00:00:00_UTC
6
1, 1, 1, 1, 1, 1
-9999, -9999, -9999, -9999, -9999, -9999
Br2_NOAACIMS, pptv, Gas_Br2_InSitu_S_AVMR, 
BrO_NOAACIMS, pptv, Gas_BrO_InSitu_S_AVMR, 
Cl2_NOAACIMS, pptv, Gas_Cl2_InSitu_S_AVMR, 
ClNO2_NOAACIMS, pptv, Gas_ClNO2_InSitu_S_AVMR, 
BrCl_NOAACIMS, pptv, Gas_BrCl_InSitu_S_AVMR, 
NCl3_NOAACIMS, pptv, Gas_NCl3_InSitu_S_AVMR, 
0
18
PI_CONTACT_INFO: 325 Broadway, R/CSD 7, Boulder, Colorado 80305; michael.a.robinson@noaa.gov; chris.jernigan@noaa.gov;
PLATFORM: NOAA CSL Mobile Lab
LOCATION: SLC, Utah
ASSOCIATED_DATA: 1Hz data also available on request.
INSTRUMENT_INFO: NOAA I- ToF CIMS
DATA_INFO: All data in parts per trillion by volume (pptv). 1 Hz data is available upon request.
UNCERTAINTY: TBD
ULOD_FLAG: -7777
ULOD_VALUE: N/A
LLOD_FLAG: -8888
LLOD_VALUE: N/A
DM_CONTACT_INFO: Nathan Howard; nathan.h.howard@noaa.gov
PROJECT_INFO: USOS, summer 2024. https://csl.noaa.gov/groups/csl7/measurements/2024usos/
STIPULATIONS_ON_USE: Users are strongly encouraged to contact the PI for proper data usage.
OTHER_COMMENTS: 
REVISION: RA
RA: Preliminary Data; For in-field use only
starttime_UTC, Br2_NOAACIMS, BrO_NOAACIMS, Cl2_NOAACIMS, ClNO2_NOAACIMS, BrCl_NOAACIMS, NCl3_NOAACIMS
[from data line 867]
 52020,  0.429,  0.144,  0.547,  3.583,  0.219,  0.415
 52080,  0.426,  0.070,  0.632,  3.431,  0.175,  0.629
 52140,  0.342,  0.106,  0.558,  3.606,  0.211,  0.449
 52200,  0.432,  0.189,  0.650,  3.567,  0.198,  0.482
 52260,  0.496,  0.061,  0.608,  3.543,  0.274,  0.679
 52320,  0.399,  0.035,  0.543,  3.747,  0.221,  0.368
 52380,  0.375,  0.095,  0.599,  3.600,  0.174,  0.604
 52440,  0.396,  0.079,  0.613,  3.823,  0.210,  0.280
 52500,  0.352,  0.120,  0.562,  4.102,  0.171,  0.290
 52560,  0.391,  0.100,  0.577,  3.961,  0.132,  0.255
 52620,  0.501,  0.041,  0.604,  3.940,  0.174,  0.280
 52680,  0.377,  0.004,  0.666,  3.929,  0.239,  0.233
 52740,  0.443,  0.027,  0.598,  3.671,  0.187,  0.233
 52800,  0.271, -0.027,  0.674,  3.536,  0.159,  0.401
 52860,  0.500,  0.162,  0.601,  3.650,  0.149,  0.200
 52920,  0.412,  0.051,  0.514,  3.654,  0.125,  0.208
 52980,  0.435,  0.049,  0.529,  3.404,  0.202,  0.198
 53040,  0.395,  0.172,  0.463,  3.581,  0.188,  0.111
 53100,  0.374,  0.016,  0.471,  3.471,  0.122,  0.175
 53160,  0.393, -0.023,  0.568,  3.220,  0.158,  0.169
 53220,  0.480,  0.026,  0.496,  3.209,  0.133,  0.161
 53280,  0.534, -0.008,  0.528,  3.028,  0.082,  0.192
 53340,  0.575,  0.145,  0.522,  3.271,  0.183,  0.151
 53400,  0.420,  0.001,  0.512,  2.999,  0.125,  0.145
 53460,  0.418,  0.037,  0.487,  3.113,  0.141,  0.171
 53520,  0.510, -0.044,  0.537,  3.070,  0.110,  0.172
 53580,  0.494, -0.078,  0.587,  2.902,  0.126,  0.147
 53640,  0.445, -0.060,  0.464,  2.777,  0.145,  0.214
 53700,  0.421, -0.072,  0.496,  2.748,  0.133,  0.134
 53760,  0.517, -0.058,  0.583,  2.747,  0.130,  0.150
 53820,  0.471, -0.002,  0.506,  2.645,  0.137,  0.177
 53880,  0.441, -0.060,  0.552,  2.737,  0.187,  0.305
 53940,  0.411,  0.097,  0.604,  2.724,  0.102,  0.170
 54000,  0.377,  0.068,  0.689,  2.463,  0.127,  0.143
 54060,  0.412, -0.042,  0.578,  2.670,  0.132,  0.190
 54120, -9999.000, -9999.000, -9999.000, -9999.000, -9999.000, -9999.000
 54180,  0.386, -0.177,  0.516,  2.909,  0.115,  0.192
 54240,  0.538, -0.008,  0.569,  2.823,  0.100,  0.158
 54300,  0.466, -0.006,  0.585,  2.756,  0.152,  0.097
 54360,  0.523, -0.004,  0.595,  2.861,  0.099,  0.148
 54420,  0.511, -0.049,  0.630,  2.592,  0.104,  0.120
 54480,  0.478,  0.005,  0.521,  2.539,  0.176,  0.104
 54540,  0.482, -0.010,  0.510,  2.633,  0.228,  0.117
 54600,  0.522, -0.080,  0.611,  2.659,  0.170,  0.095
 54660,  0.510,  0.033,  0.560,  2.353,  0.203,  0.092
 54720,  0.569, -0.109,  0.502,  2.319,  0.140,  0.072
 54780,  0.470, -0.023,  0.629,  2.429,  0.196,  0.201
 54840,  0.393,  0.049,  0.559,  2.522,  0.165,  0.133
 54900,  0.457,  0.010,  0.603,  2.242,  0.168,  0.142
 54960,  0.487, -0.083,  0.430,  2.232,  0.145,  0.193
 55020,  0.535,  0.050,  0.404,  2.044,  0.192,  0.064
 55080,  0.557, -0.066,  0.412,  2.001,  0.214,  0.180
 55140,  0.646, -0.016,  0.423,  2.167,  0.182,  0.154
 55200,  0.566, -0.046,  0.499,  2.031,  0.164,  0.263
 55260,  0.524,  0.070,  0.480,  2.256,  0.174,  0.091
 55320,  0.589, -0.041,  0.452,  1.857,  0.216,  0.107
 55380,  0.499, -0.007,  0.585,  2.134,  0.199,  0.116
 55440,  0.429, -0.032,  0.558,  1.964,  0.238,  0.138
 55500,  0.519,  0.005,  0.450,  2.170,  0.166,  0.099
 55560,  0.528,  0.070,  0.511,  2.020,  0.185,  0.136
 55620,  0.568, -0.044,  0.628,  2.019,  0.186,  0.131
 55680,  0.546, -0.108,  0.707,  1.970,  0.193,  0.082
 55740,  0.606,  0.043,  0.647,  1.990,  0.172,  0.121
 55800,  0.530, -0.068,  0.542,  2.114,  0.261,  0.109
 55860,  0.681,  0.033,  0.559,  2.042,  0.240,  0.082
 55920,  0.654, -0.123,  0.632,  1.745,  0.325,  0.046
 55980, -9999.000, -9999.000, -9999.000, -9999.000, -9999.000, -9999.000
 56040,  0.679, -0.113,  0.603,  1.737,  0.193,  0.053
 56100,  0.558, -0.084,  0.599,  1.683,  0.215,  0.031
 56160,  0.639,  0.054,  0.626,  1.771,  0.232,  0.121
 56220,  0.678, -0.047,  0.598,  1.523,  0.307,  0.066
 56280,  0.489,  0.063,  0.680,  1.523,  0.326,  0.012
 56340,  0.707,  0.039,  0.600,  1.693,  0.278,  0.094
 56400,  0.594,  0.076,  0.725,  1.589,  0.201,  0.084
 56460,  0.622,  0.033,  0.737,  1.575,  0.205,  0.086
 56520,  0.584,  0.048,  0.649,  1.540,  0.284,  0.065
 56580,  0.586,  0.058,  0.559,  1.445,  0.293,  0.079
 56640,  0.624,  0.101,  0.581,  1.397,  0.228,  0.112
 56700,  0.536,  0.241,  0.681,  1.496,  0.293,  0.077
 56760,  0.426, -0.015,  0.536,  1.284,  0.223,  0.129
 56820,  0.678,  0.125,  0.649,  1.415,  0.228,  0.153
 56880,  0.661,  0.078,  0.593,  1.291,  0.176,  0.165
 56940,  0.543,  0.085,  0.611,  1.299,  0.181,  0.174
 57000,  0.446,  0.127,  0.572,  1.299,  0.226,  0.165
 57060,  0.618,  0.072,  0.654,  1.250,  0.293,  0.149
 57120,  0.555,  0.191,  0.546,  1.127,  0.208,  0.150
 57180,  0.527,  0.143,  0.654,  1.232,  0.259,  0.111
 57240,  0.460,  0.176,  0.641,  1.190,  0.215,  0.186
 57300,  0.470,  0.257,  0.668,  1.076,  0.232,  0.150
 57360,  0.546,  0.101,  0.583,  1.121,  0.216,  0.122
 57420,  0.459,  0.153,  0.408,  1.089,  0.139,  0.115
 57480,  0.335,  0.178,  0.592,  1.060,  0.189,  0.104
 57540,  0.525,  0.268,  0.548,  0.996,  0.253,  0.154
 57600,  0.360,  0.158,  0.584,  1.151,  0.157,  0.092
 57660,  0.423,  0.244,  0.602,  1.008,  0.220,  0.191
 57720,  0.535,  0.209,  0.554,  0.961,  0.197,  0.132
 57780,  0.323,  0.340,  0.498,  0.865,  0.234,  0.156
 57840, -9999.000, -9999.000, -9999.000, -9999.000, -9999.000, -9999.000
 57900,  0.587,  0.232,  0.417,  0.875,  0.165,  0.146
 57960,  0.467,  0.285,  0.520,  0.837,  0.175,  0.147
 58020,  0.552,  0.180,  0.433,  0.890,  0.237,  0.112
 58080,  0.508,  0.243,  0.428,  0.799,  0.203,  0.154
 58140,  0.692,  0.237,  0.581,  0.824,  0.228,  0.274
 58200,  0.492,  0.271,  0.448,  0.885,  0.209,  0.189
 58260,  0.470,  0.286,  0.455,  0.832,  0.219,  0.183
 58320,  0.604,  0.331,  0.505,  0.709,  0.202,  0.177
 58380,  0.565,  0.192,  0.480,  0.644,  0.194,  0.189
 58440,  0.678,  0.431,  0.454,  0.646,  0.239,  0.191
 58500,  0.772,  0.238,  0.366,  0.642,  0.205,  0.163
 58560,  0.647,  0.367,  0.393,  0.682,  0.094,  0.172
 58620,  0.626,  0.258,  0.473,  0.579,  0.214,  0.166
 58680,  0.614,  0.354,  0.530,  0.576,  0.198,  0.236
 58740,  0.653,  0.412,  0.528,  0.751,  0.210,  0.214
 58800,  0.771,  0.203,  0.440,  0.627,  0.212,  0.187
 58860,  0.640,  0.304,  0.458,  0.593,  0.279,  0.227
 58920,  0.772,  0.322,  0.448,  0.492,  0.192,  0.194
 58980,  0.677,  0.289,  0.481,  0.510,  0.189,  0.186
 59040,  0.703,  0.267,  0.527,  0.594,  0.220,  0.202
 59100,  0.591,  0.196,  0.471,  0.513,  0.201,  0.254
 59160,  0.605,  0.220,  0.516,  0.526,  0.187,  0.264
 59220,  0.626,  0.271,  0.524,  0.653,  0.199,  0.199
 59280,  0.729,  0.265,  0.694,  0.753,  0.223,  0.241
 59340,  0.699,  0.259,  0.643,  0.639,  0.151,  0.190
 59400,  0.767,  0.212,  0.545,  0.700,  0.265,  0.175
 59460,  0.587,  0.214,  0.472,  0.531,  0.146,  0.195
 59520,  0.855,  0.189,  0.551,  0.644,  0.217,  0.181
 59580,  0.784,  0.293,  0.788,  0.528,  0.219,  0.214
 59640,  0.852,  0.203,  0.596,  0.541,  0.224,  0.240
 59700,  0.818,  0.289,  0.579,  0.561,  0.198,  0.176
 59760,  0.776,  0.228,  0.614,  0.430,  0.184,  0.274
 59820,  0.824,  0.187,  0.534,  0.523,  0.208,  0.133
 59880,  0.820,  0.206,  0.606,  0.476,  0.246,  0.255
 59940,  0.816,  0.241,  0.716,  0.537,  0.243,  0.278
 60000,  0.582,  0.302,  0.653,  0.527,  0.185,  0.189
 60060,  0.875,  0.358,  0.706,  0.448,  0.253,  0.234
 60120,  0.810,  0.274,  0.894,  0.573,  0.213,  0.214
 60180,  0.631,  0.176,  0.708,  0.455,  0.267,  0.091
 60240,  0.740,  0.284,  0.644,  0.360,  0.258,  0.170
 60300,  0.514,  0.187,  0.557,  0.391,  0.196,  0.173
 60360,  0.776,  0.206,  0.682,  0.403,  0.199,  0.237
 60420,  0.722,  0.208,  0.603,  0.434,  0.218,  0.181
 60480,  0.642,  0.159,  0.567,  0.278,  0.188,  0.092
 60540,  0.732,  0.214,  0.712,  0.380,  0.333,  0.127
 60600,  0.757,  0.131,  0.597,  0.322,  0.267,  0.164
 60660,  0.800,  0.251,  0.629,  0.390,  0.234,  0.164
 60720,  0.613,  0.175,  0.549,  0.389,  0.244,  0.219
 60780,  0.705,  0.196,  0.727,  0.379,  0.216,  0.107
 60840,  0.631,  0.203,  0.580,  0.262,  0.297,  0.177
 60900,  0.613,  0.275,  0.526,  0.273,  0.162,  0.182
 60960,  0.822,  0.263,  0.617,  0.224,  0.245,  0.036
 61020,  0.737,  0.235,  0.734,  0.246,  0.221,  0.081
 61080,  0.626,  0.302,  0.504,  0.274,  0.249,  0.096
 61140,  0.639,  0.182,  0.585,  0.308,  0.187,  0.132
 61200,  0.658,  0.220,  0.667,  0.311,  0.212,  0.125
 61260,  0.651,  0.229,  0.533,  0.257,  0.259,  0.059
 61320,  0.468,  0.224,  0.703,  0.316,  0.248,  0.149
 61380,  0.611,  0.200,  0.704,  0.339,  0.299,  0.098
 61440,  0.564,  0.260,  0.878,  0.295,  0.347,  0.128
 61500, -9999.000, -9999.000, -9999.000, -9999.000, -9999.000, -9999.000
 61560,  0.466,  0.362,  0.829,  0.303,  0.180,  0.214
 61620,  0.169,  0.077,  0.623,  0.264,  0.187, -0.001
 61680, -0.044, -0.047,  0.497,  0.170,  0.123, -0.043
 61740,  0.818,  0.191,  0.615,  0.274,  0.242,  0.001
 61800,  0.438,  0.158,  0.694,  0.230,  0.220,  0.023
 61860,  0.325,  0.032,  0.549,  0.236,  0.191,  0.016
 61920,  0.539,  0.209,  0.673,  0.311,  0.172,  0.056
 61980,  0.571,  0.259,  0.791,  0.264,  0.258,  0.081
 62040,  0.692,  0.367,  0.763,  0.248,  0.305,  0.084
 62100,  0.421,  0.156,  0.775,  0.236,  0.189,  0.062
 62160,  0.625,  0.206,  0.925,  0.265,  0.277,  0.087
 62220,  0.593,  0.284,  0.914,  0.255,  0.191,  0.078
 62280,  0.768,  0.139,  0.779,  0.256,  0.190, -0.075
 62340,  0.147,  0.017,  0.777,  0.119,  0.070, -0.135
 62400,  0.727,  0.136,  0.749,  0.251,  0.203, -0.012
 62460,  0.701,  0.151,  0.718,  0.212,  0.165,  0.037
 62520,  0.704,  0.221,  0.744,  0.277,  0.183,  0.025
 62580,  0.627,  0.227,  0.743,  0.247,  0.137, -0.032
 62640,  0.289,  0.053,  0.563,  0.161,  0.144, -0.004
 62700,  0.375,  0.222,  0.856,  0.189,  0.094, -0.040
 62760,  0.292,  0.142,  0.840,  0.188,  0.137, -0.039
 62820,  0.447,  0.124,  0.664,  0.167,  0.078, -0.037
 62880,  0.215,  0.015,  0.648,  0.176,  0.077, -0.107
 62940, -0.031, -0.035,  0.831,  0.138,  0.058, -0.175
 63000,  0.320,  0.066,  1.018,  0.207,  0.136, -0.093
 63060,  0.610,  0.230,  0.780,  0.238,  0.077,  0.007
 63120,  0.452,  0.189,  0.974,  0.191,  0.129, -0.087
 63180,  0.563,  0.353,  1.041,  0.294,  0.096,  0.047
 63240,  0.534,  0.179,  0.696,  0.199,  0.090, -0.029
 63300,  0.754,  0.207,  0.703,  0.243,  0.134, -0.005
 63360,  0.112,  0.549,  1.280, -0.026, -0.017, -0.020
 63420, -9999.000, -9999.000, -9999.000, -9999.000, -9999.000, -9999.000
 63480, -9999.000, -9999.000, -9999.000, -9999.000, -9999.000, -9999.000
 63540, -9999.000, -9999.000, -9999.000, -9999.000, -9999.000, -9999.000
 63600, -9999.000, -9999.000, -9999.000, -9999.000, -9999.000, -9999.000
 63660, -9999.000, -9999.000, -9999.000, -9999.000, -9999.000, -9999.000
 63720, -9999.000, -9999.000, -9999.000, -9999.000, -9999.000, -9999.000
 63780, -9999.000, -9999.000, -9999.000, -9999.000, -9999.000, -9999.000
 63840, -9999.000, -9999.000, -9999.000, -9999.000, -9999.000, -9999.000
 63900, -9999.000, -9999.000, -9999.000, -9999.000, -9999.000, -9999.000
 63960, -9999.000, -9999.000, -9999.000, -9999.000, -9999.000, -9999.000
 64020, -9999.000, -9999.000, -9999.000, -9999.000, -9999.000, -9999.000
 64080, -9999.000, -9999.000, -9999.000, -9999.000, -9999.000, -9999.000
 64140, -9999.000, -9999.000, -9999.000, -9999.000, -9999.000, -9999.000
 64200, -9999.000, -9999.000, -9999.000, -9999.000, -9999.000, -9999.000
 64260, -9999.000, -9999.000, -9999.000, -9999.000, -9999.000, -9999.000
 64320, -9999.000, -9999.000, -9999.000, -9999.000, -9999.000, -9999.000
 64380, -9999.000, -9999.000, -9999.000, -9999.000, -9999.000, -9999.000
 64440, -9999.000, -9999.000, -9999.000, -9999.000, -9999.000, -9999.000
 64500, -9999.000, -9999.000, -9999.000, -9999.000, -9999.000, -9999.000
 64560, -9999.000, -9999.000, -9999.000, -9999.000, -9999.000, -9999.000
 64620, -9999.000, -9999.000, -9999.000, -9999.000, -9999.000, -9999.000
 64680, -9999.000, -9999.000, -9999.000, -9999.000, -9999.000, -9999.000
 64740, -9999.000, -9999.000, -9999.000, -9999.000, -9999.000, -9999.000
 64800, -9999.000, -9999.000, -9999.000, -9999.000, -9999.000, -9999.000
 64860, -9999.000, -9999.000, -9999.000, -9999.000, -9999.000, -9999.000
 64920, -9999.000, -9999.000, -9999.000, -9999.000, -9999.000, -9999.000
 64980, -9999.000, -9999.000, -9999.000, -9999.000, -9999.000, -9999.000
 65040, -9999.000, -9999.000, -9999.000, -9999.000, -9999.000, -9999.000
 65100, -9999.000, -9999.000, -9999.000, -9999.000, -9999.000, -9999.000
 65160, -9999.000, -9999.000, -9999.000, -9999.000, -9999.000, -9999.000
 65220, -9999.000, -9999.000, -9999.000, -9999.000, -9999.000, -9999.000
 65280, -9999.000, -9999.000, -9999.000, -9999.000, -9999.000, -9999.000
 65340, -9999.000, -9999.000, -9999.000, -9999.000, -9999.000, -9999.000
 65400, -9999.000, -9999.000, -9999.000, -9999.000, -9999.000, -9999.000
 65460, -9999.000, -9999.000, -9999.000, -9999.000, -9999.000, -9999.000
 65520, -9999.000, -9999.000, -9999.000, -9999.000, -9999.000, -9999.000
 65580, -9999.000, -9999.000, -9999.000, -9999.000, -9999.000, -9999.000
 65640, -9999.000, -9999.000, -9999.000, -9999.000, -9999.000, -9999.000
 65700, -9999.000, -9999.000, -9999.000, -9999.000, -9999.000, -9999.000
 65760, -9999.000, -9999.000, -9999.000, -9999.000, -9999.000, -9999.000
 65820, -9999.000, -9999.000, -9999.000, -9999.000, -9999.000, -9999.000
 65880, -9999.000, -9999.000, -9999.000, -9999.000, -9999.000, -9999.000
 65940, -9999.000, -9999.000, -9999.000, -9999.000, -9999.000, -9999.000
 66000, -9999.000, -9999.000, -9999.000, -9999.000, -9999.000, -9999.000
 66060, -9999.000, -9999.000, -9999.000, -9999.000, -9999.000, -9999.000
 66120, -9999.000, -9999.000, -9999.000, -9999.000, -9999.000, -9999.000
 66180, -9999.000, -9999.000, -9999.000, -9999.000, -9999.000, -9999.000
 66240, -9999.000, -9999.000, -9999.000, -9999.000, -9999.000, -9999.000
 66300, -9999.000, -9999.000, -9999.000, -9999.000, -9999.000, -9999.000
 66360, -9999.000, -9999.000, -9999.000, -9999.000, -9999.000, -9999.000
 66420, -9999.000, -9999.000, -9999.000, -9999.000, -9999.000, -9999.000
 66480, -9999.000, -9999.000, -9999.000, -9999.000, -9999.000, -9999.000
 66540, -9999.000, -9999.000, -9999.000, -9999.000, -9999.000, -9999.000
 66600, -9999.000, -9999.000, -9999.000, -9999.000, -9999.000, -9999.000
 66660, -9999.000, -9999.000, -9999.000, -9999.000, -9999.000, -9999.000
 66720, -9999.000, -9999.000, -9999.000, -9999.000, -9999.000, -9999.000
 66780, -9999.000, -9999.000, -9999.000, -9999.000, -9999.000, -9999.000
 66840, -9999.000, -9999.000, -9999.000, -9999.000, -9999.000, -9999.000
 66900, -9999.000, -9999.000, -9999.000, -9999.000, -9999.000, -9999.000
 66960, -9999.000, -9999.000, -9999.000, -9999.000, -9999.000, -9999.000
 67020, -9999.000, -9999.000, -9999.000, -9999.000, -9999.000, -9999.000
 67080, -9999.000, -9999.000, -9999.000, -9999.000, -9999.000, -9999.000
 67140, -9999.000, -9999.000, -9999.000, -9999.000, -9999.000, -9999.000
 67200, -9999.000, -9999.000, -9999.000, -9999.000, -9999.000, -9999.000
 67260, -9999.000, -9999.000, -9999.000, -9999.000, -9999.000, -9999.000
 67320, -9999.000, -9999.000, -9999.000, -9999.000, -9999.000, -9999.000
 67380, -9999.000, -9999.000, -9999.000, -9999.000, -9999.000, -9999.000
 67440, -9999.000, -9999.000, -9999.000, -9999.000, -9999.000, -9999.000
 67500, -9999.000, -9999.000, -9999.000, -9999.000, -9999.000, -9999.000
 67560, -9999.000, -9999.000, -9999.000, -9999.000, -9999.000, -9999.000
 67620, -9999.000, -9999.000, -9999.000, -9999.000, -9999.000, -9999.000
 67680, -9999.000, -9999.000, -9999.000, -9999.000, -9999.000, -9999.000
 67740, -9999.000, -9999.000, -9999.000, -9999.000, -9999.000, -9999.000
 67800, -9999.000, -9999.000, -9999.000, -9999.000, -9999.000, -9999.000
