CampaignData_and_Merges/R0/CSL_MobileLab_Parked/raw/20240801/USOS-POPS_MobileLabGround_20240801_R0.ict
78, 1001
Thornberry, T. D.
NOAA Chemical Sciences Laboratory
Portable Optical Particle Spectrometer (POPS)
USOS
1, 1
2024, 08, 01, 2025, 05, 08
60
Time_Start, seconds_past_midnight, Start time of measurement
45
1, 1, 1, 1, 1, 1, 1, 1, 1, 1, 1, 1, 1, 1, 1, 1, 1, 1, 1, 1, 1, 1, 1, 1, 1, 1, 1, 1, 1, 1, 1, 1, 1, 1, 1, 1, 1, 1, 1, 1, 1, 1, 1, 1, 1
-9999, -9999, -9999, -9999, -9999, -9999, -9999, -9999, -9999, -9999, -9999, -9999, -9999, -9999, -9999, -9999, -9999, -9999, -9999, -9999, -9999, -9999, -9999, -9999, -9999, -9999, -9999, -9999, -9999, -9999, -9999, -9999, -9999, -9999, -9999, -9999, -9999, -9999, -9999, -9999, -9999, -9999, -9999, -9999, -9999
Time_Stop, seconds_past_midnight, Stop time of measurement
Time_Mid, seconds_past_midnight, Mid time of measurement
Press_mb, mb, Pressure reported (mb)
Temp_C, degrees C, POPS temperature measurement
Aerosol_concentration, cm^-3, Aerosol concentration
Surface_Area_Conc, um^2 cm^-3, Surface area concentration
Volume_density, um^3 cm^-3, Volume density
Effective_radius, um, Effective radius
Extinction, km^-1, Extinction
Bin01, cm^-3, particle concentration in size range [1401 - 146.3 nm]
Bin02, cm^-3, particle concentration in size range [146.3 - 152.8 nm]
Bin03, cm^-3, particle concentration in size range [152.8 - 159.6 nm]
Bin04, cm^-3, particle concentration in size range [159.6 - 166.8 nm]
Bin05, cm^-3, particle concentration in size range [166.8 - 174.2 nm]
Bin06, cm^-3, particle concentration in size range [174.2 - 181.9 nm]
Bin07, cm^-3, particle concentration in size range [181.9 - 190.0 nm]
Bin08, cm^-3, particle concentration in size range [190.0 - 198.5 nm]
Bin09, cm^-3, particle concentration in size range [198.5 - 207.4 nm]
Bin10, cm^-3, particle concentration in size range [207.4 - 216.6 nm]
Bin11, cm^-3, particle concentration in size range [216.6 - 226.2 nm]
Bin12, cm^-3, particle concentration in size range [226.2 - 236.3 nm]
Bin13, cm^-3, particle concentration in size range [236.3 - 246.8 nm]
Bin14, cm^-3, particle concentration in size range [246.8 - 257.8 nm]
Bin15, cm^-3, particle concentration in size range [257.8 - 269.3 nm]
Bin16, cm^-3, particle concentration in size range [269.3 - 343.4 nm]
Bin17, cm^-3, particle concentration in size range [343.4 - 450.7 nm]
Bin18, cm^-3, particle concentration in size range [450.7 - 525.9 nm]
Bin19, cm^-3, particle concentration in size range [525.9 - 618.5 nm]
Bin20, cm^-3, particle concentration in size range [618.5 - 710.0 nm]
Bin21, cm^-3, particle concentration in size range [710.0 - 822.7 nm]
Bin22, cm^-3, particle concentration in size range [822.7 - 885.9 nm]
Bin23, cm^-3, particle concentration in size range [885.9 - 953.9 nm]
Bin24, cm^-3, particle concentration in size range [953.9 - 1027.2 nm]
Bin25, cm^-3, particle concentration in size range [1027.2 - 1106.1 nm]
Bin26, cm^-3, particle concentration in size range [1106.1 - 1191.0 nm]
Bin27, cm^-3, particle concentration in size range [1191.0 - 1282.5 nm]
Bin28, cm^-3, particle concentration in size range [1282.5 - 1381.0 nm]
Bin29, cm^-3, particle concentration in size range [1381.0 - 1487.1 nm]
Bin30, cm^-3, particle concentration in size range [1487.1 - 1601.3 nm]
Bin31, cm^-3, particle concentration in size range [1601.3 - 1724.3 nm]
[...]
PLATFORM: NOAA CSL Mobile Lab
LOCATION: USOS
ASSOCIATED_DATA: N/A
INSTRUMENT_INFO: Printed Optical Particle Spectrometer counts particles from 140 - 2500 nm in diameter 
DATA_INFO: Particle concentrations reported in number per cubic centimeter,1 Hz data
UNCERTAINTY: Counting uncertainty dominated by air flow, less than 5 percent. Measurement range is ~0 - 3000 per cm3 (varies depending on flow rate- manufacturer quotes 1250 per cm3 at 1.667 cc/s)
ULOD_FLAG: -7777
ULOD_VALUE: N/A
LLOD_FLAG: -8888
LLOD_VALUE: N/A
DM_CONTACT_INFO: Troy Thornberry, 325 Broadway R/CSL6, Boulder, CO 80305; troy.thornberry@noaa.gov; 303-497-3373
PROJECT_INFO: USOS, Utah POPS data from NOAA CSL Mobile Lab
STIPULATIONS_ON_USE: Please contact the PIs for questions regarding applications and uncertainties
OTHER_COMMENTS: POPS bin Edges (nm):  140.1, 146.3, 152.8, 159.6, 166.8, 174.2, 181.9, 190.0, 198.5, 207.4, 216.6, 226.2, 236.3, 246.8, 257.8, 269.3, 343.4, 450.7, 525.9, 618.5, 710.0, 822.7, 885.9, 953.9, 1027.2, 1106.1, 1191.0, 1282.5, 1381.0, 1487.1, 1601.3, 1724.3, 1856.7, 1999.3, 2152.8, 2318.2, 2496.2
Calculations assume organic aerosol refractive index of 1.52+0.00j and extinction wavelength = 532 nm
REVISION: R0
R0: Final data
Time_Start, Time_Stop, Time_Mid, Press_mb, Temp_C, Aerosol_concentration, Surface_Area_Conc, Volume_density, Effective_radius, Extinction, Bin01, Bin02, Bin03, Bin04, Bin05, Bin06, Bin07, Bin08, Bin09, Bin10, Bin11, Bin12, Bin13, Bin14, Bin15, Bin16, Bin17, Bin18, Bin19, Bin20, Bin21, Bin22, Bin23, Bin24, Bin25, Bin26, Bin27, Bin28, Bin29, Bin30, Bin31, Bin32, Bin33, Bin34, Bin35, Bin36
[from data line 896]
53760,53819,53790,877.103,34.032,942.691,208.089,13.054,0.187,0.081,44.932087,42.570534,41.503883,41.849712,41.395447,41.677120,41.811489,42.024742,42.216396,41.974674,43.968266,47.877598,50.413876,49.953438,46.193645,183.750473,68.105484,20.121599,7.045479,1.003190,0.683824,0.292774,0.227873,0.142385,0.119960,0.091186,0.090296,0.089698,0.058506,0.096565,0.095920,0.051910,0.093463,0.051724,0.058219,0.056953
53820,53879,53850,877.109,34.127,933.297,206.100,12.917,0.187,0.081,44.338341,43.012718,41.637299,40.960812,41.334183,41.263817,40.922543,41.798782,41.234375,42.060162,43.601360,47.419090,49.502033,49.322567,45.060192,181.139847,68.556229,19.966238,6.802063,1.048098,0.663189,0.288703,0.232697,0.188812,0.101063,0.098211,0.099183,0.089060,0.077275,0.084623,0.111220,0.057721,0.072232,0.034032,0.062980,0.055477
53880,53939,53910,877.123,34.073,932.057,205.207,12.945,0.189,0.080,44.164097,42.973873,41.248165,41.794842,41.889931,41.259075,41.837421,41.944820,41.279663,42.927841,43.540512,46.807949,48.395721,49.228611,45.633808,180.400696,67.111252,19.234926,6.901496,0.991948,0.700193,0.353682,0.267578,0.133828,0.100988,0.166250,0.093411,0.071529,0.134427,0.077453,0.122492,0.084962,0.050632,0.028263,0.045234,0.059630
53940,53999,53970,877.138,33.916,947.846,211.496,14.039,0.198,0.083,45.017456,42.565010,41.886925,41.859009,42.107605,42.387577,41.826805,43.013924,41.933445,42.595547,44.898472,47.505318,49.639816,49.984142,45.840660,185.212570,69.158913,19.764454,6.947225,1.048940,0.700776,0.354434,0.207361,0.168551,0.128080,0.155747,0.072148,0.096443,0.068671,0.117042,0.156608,0.124330,0.117611,0.045453,0.055275,0.083212
54000,54059,54030,877.136,33.943,926.193,207.283,13.772,0.199,0.082,44.238140,42.741211,40.854168,40.953495,41.118599,40.447727,41.238777,41.388878,41.086525,42.054222,43.740818,46.984882,48.552402,49.290771,44.479904,179.375885,67.487892,19.409721,6.969412,1.026269,0.647785,0.387577,0.184783,0.174894,0.222318,0.133488,0.171352,0.088298,0.107768,0.120048,0.130765,0.079436,0.074001,0.062959,0.073416,0.094490
54060,54119,54090,877.148,33.870,926.187,204.829,12.910,0.188,0.080,43.725765,42.692852,40.393658,41.690010,42.174370,42.229599,40.525578,40.767845,41.524994,41.673824,42.391968,45.996410,48.602406,48.768814,43.938808,180.864700,68.225594,19.671265,6.878162,1.056706,0.698383,0.268260,0.233899,0.161998,0.168630,0.180310,0.078183,0.076528,0.044943,0.089788,0.100650,0.072782,0.089454,0.022393,0.033703,0.073760
54120,54179,54150,877.144,33.852,923.943,203.122,12.523,0.185,0.079,43.782261,41.068638,40.771446,40.771442,41.413536,40.261696,41.888401,41.031052,41.098507,41.891655,42.926998,47.610054,48.242222,49.126419,45.075104,180.131073,66.915550,19.858681,6.939527,1.035081,0.588263,0.259637,0.184872,0.203397,0.099670,0.128018,0.078125,0.088610,0.059799,0.081901,0.100158,0.067042,0.039681,0.032740,0.020753,0.070383
54180,54239,54210,877.145,33.712,941.557,206.763,12.800,0.185,0.080,43.843922,42.338737,41.707813,42.448254,42.521721,42.642479,41.505783,42.512680,42.507172,41.949852,43.874249,48.389465,48.868298,50.146740,44.494160,182.989578,68.863518,19.692339,7.045251,0.896041,0.677036,0.348420,0.209570,0.165940,0.155820,0.066987,0.077247,0.117020,0.085984,0.067357,0.101352,0.082707,0.028778,0.034777,0.061415,0.038444
54240,54299,54270,877.152,33.724,932.607,206.066,12.881,0.187,0.081,43.997253,42.317780,40.835224,41.455040,42.068459,41.198711,40.811298,41.615875,41.394688,42.615231,43.616066,47.459774,49.062809,49.313690,44.610947,180.906403,68.709305,20.664938,6.665011,1.007541,0.717289,0.260097,0.221066,0.131823,0.121481,0.104498,0.083808,0.098521,0.043884,0.094966,0.138491,0.059830,0.061203,0.033530,0.050813,0.059367
54300,54359,54330,877.133,33.663,936.865,207.219,13.045,0.188,0.081,44.601654,43.395763,42.070656,41.950665,42.265823,40.992615,41.459885,41.983379,41.163532,42.749626,42.862644,47.766472,49.471664,49.496647,44.705208,181.522812,67.564301,20.466841,6.787103,1.124982,0.617547,0.307026,0.195715,0.233729,0.187804,0.129484,0.117680,0.083627,0.100282,0.077109,0.150331,0.038582,0.078364,0.032980,0.038903,0.073812
54360,54419,54390,877.082,33.618,947.030,207.604,12.739,0.184,0.081,45.437466,43.404793,42.378151,42.973732,42.116821,42.206467,41.896004,42.805283,41.650291,42.971447,44.009319,46.921162,49.369114,50.213516,46.265259,183.455627,68.076630,20.655094,6.921390,1.075478,0.609060,0.316053,0.257441,0.155682,0.061933,0.147278,0.093219,0.060424,0.083233,0.118506,0.096600,0.066618,0.071943,0.011264,0.027422,0.050153
54420,54479,54450,877.085,33.755,943.416,209.675,13.539,0.193,0.082,44.823021,43.098610,41.998936,42.328842,42.354790,42.425961,41.046753,41.587494,42.533577,43.306522,43.673943,47.951302,49.670113,49.740005,45.269779,181.700729,68.520294,20.531223,7.365987,0.983300,0.586423,0.313226,0.253787,0.191148,0.133591,0.116118,0.133541,0.107360,0.093508,0.112382,0.141386,0.083295,0.071486,0.029916,0.073506,0.064508
54480,54539,54510,877.085,33.934,952.619,209.283,13.252,0.189,0.082,46.822590,44.935242,42.853836,43.541290,42.849594,42.373192,42.620510,42.548283,41.791168,42.501915,44.606956,47.106857,49.564194,50.415833,44.664528,183.305786,69.472618,20.366522,6.906270,0.940873,0.777139,0.286930,0.245973,0.199949,0.127948,0.111660,0.089411,0.073064,0.077339,0.066586,0.064220,0.083440,0.032571,0.032413,0.061257,0.101045
54540,54599,54570,877.089,33.923,946.173,207.485,12.764,0.184,0.081,46.140053,44.381279,41.661381,42.916340,43.319893,42.122784,40.865162,42.056747,41.843605,41.861305,44.130707,47.151730,50.615898,49.773609,45.537994,182.553726,68.487343,20.317848,7.179956,1.008157,0.655956,0.261751,0.264855,0.167997,0.156694,0.116940,0.050276,0.043973,0.115760,0.072930,0.084768,0.050923,0.087636,0.027550,0.027129,0.062207
54600,54659,54630,877.061,33.986,938.826,207.156,13.007,0.188,0.081,45.061359,43.299053,41.191944,42.341217,41.351856,42.303226,41.731720,42.235920,41.761448,42.392403,43.367748,47.053806,48.970966,49.707394,44.337772,182.549927,68.670303,20.096783,6.813846,1.086665,0.790018,0.334863,0.270024,0.135567,0.105504,0.145274,0.099694,0.099110,0.066868,0.077454,0.088242,0.082895,0.060285,0.044858,0.049517,0.050787
54660,54719,54690,877.076,34.004,935.216,205.050,12.600,0.184,0.080,43.547256,42.499641,41.550224,42.760372,42.087032,42.304276,42.077366,41.891586,42.661610,42.567631,43.408318,46.613491,48.716076,48.902359,44.493446,181.085480,67.602898,20.446394,6.782495,0.898365,0.696930,0.305053,0.182582,0.239312,0.128329,0.107193,0.062243,0.083509,0.056225,0.134747,0.101287,0.074683,0.055598,0.029619,0.017325,0.044445
54720,54779,54750,877.088,33.900,929.384,206.089,13.420,0.195,0.081,44.343460,42.444897,41.740425,41.471355,41.292286,41.138973,41.644890,41.624622,41.072670,42.083416,42.751999,47.116943,48.561550,48.554611,45.098400,179.423492,68.402199,20.666370,6.859941,0.828130,0.558926,0.297964,0.253580,0.181025,0.105987,0.078350,0.088000,0.066062,0.061386,0.088572,0.114344,0.120499,0.050298,0.038346,0.066708,0.093709
54780,54839,54810,877.076,33.756,927.490,203.193,12.767,0.188,0.079,44.380978,42.450794,42.757957,42.124535,42.732361,42.291046,40.868252,42.001011,42.015133,41.392006,42.560150,46.796169,48.103024,48.781769,43.592049,176.504303,67.979134,20.101465,6.987277,0.970511,0.537595,0.262968,0.218162,0.118956,0.103654,0.107464,0.068860,0.081166,0.119773,0.110941,0.109519,0.137321,0.027350,0.034479,0.028045,0.033804
54840,54899,54870,877.053,33.625,929.487,203.537,12.419,0.183,0.080,44.126850,42.801079,41.644005,42.634377,41.539280,42.645264,40.552807,42.182789,41.957989,42.337109,43.528717,46.756954,48.489243,48.209324,43.518078,177.981689,68.285118,20.267494,6.814835,1.000899,0.631380,0.337546,0.221396,0.175789,0.102282,0.086017,0.083443,0.094304,0.061769,0.097233,0.114280,0.056212,0.050024,0.039551,0.022807,0.039546
54900,54959,54930,877.067,33.573,926.219,204.043,12.857,0.189,0.080,43.828827,43.180470,40.551922,41.966862,41.040497,41.609848,40.969658,41.981773,41.396397,42.145130,42.135040,45.907269,48.952423,49.664806,43.606789,180.485214,66.754478,19.851547,6.915167,1.145592,0.614716,0.244557,0.143527,0.136706,0.133057,0.117257,0.092253,0.059550,0.072277,0.093117,0.134272,0.077577,0.066294,0.027491,0.060302,0.055834
54960,55019,54990,877.047,33.634,927.774,204.532,12.832,0.187,0.080,45.473362,42.380814,42.104584,42.349960,42.133839,40.882675,40.791939,41.495586,40.347233,42.167309,42.967045,46.686352,48.322971,48.094032,44.487652,178.494537,68.201836,20.163397,6.934538,0.941643,0.647044,0.364231,0.196270,0.145513,0.151899,0.107103,0.097280,0.101230,0.068267,0.107416,0.117832,0.062772,0.040885,0.038533,0.021969,0.084640
55020,55079,55050,877.053,33.571,970.773,215.323,14.245,0.198,0.086,59.028687,50.318295,45.426407,45.600513,43.468372,42.413765,41.331848,42.911430,41.451401,43.051968,43.474686,47.237286,48.389748,49.044651,45.205154,179.047470,69.063820,21.297497,8.199873,1.579321,0.931062,0.462375,0.287502,0.255796,0.136919,0.190650,0.131301,0.078965,0.077989,0.138385,0.189840,0.073763,0.077069,0.065330,0.050530,0.083606
55080,55139,55110,877.047,33.615,1134.148,275.181,21.052,0.221,0.125,82.324760,66.519783,56.525738,53.194424,49.485012,47.187130,46.615253,46.614052,46.159988,45.491024,47.320793,51.638657,53.230083,53.649368,48.418434,201.041000,80.995056,27.693504,16.774166,4.205311,2.891326,1.658766,1.011650,0.628155,0.510872,0.361556,0.327703,0.289992,0.226079,0.266101,0.359085,0.166987,0.097774,0.097603,0.057456,0.113687
55140,55199,55170,877.025,33.521,950.054,208.502,13.023,0.187,0.082,47.575680,44.687069,43.270641,44.522209,43.503914,42.841908,41.316620,42.047009,40.828899,43.116940,44.209362,47.537697,49.436413,49.766960,44.451344,181.258209,68.427101,20.633423,7.075567,1.052146,0.738252,0.368709,0.236581,0.155918,0.155145,0.106877,0.076625,0.096237,0.118222,0.089243,0.096008,0.050773,0.045160,0.044483,0.051038,0.065720
55200,55259,55230,877.030,33.579,943.639,205.952,12.839,0.187,0.080,48.644333,44.644310,43.747738,42.877922,43.320747,41.869926,41.359798,42.368782,41.348412,43.263184,43.483086,47.280811,48.922752,48.596512,44.545238,179.177948,67.570541,20.315702,6.830635,1.083898,0.672013,0.332137,0.234717,0.206133,0.105054,0.142958,0.094555,0.062338,0.071916,0.077426,0.145708,0.093989,0.032366,0.032035,0.033503,0.050194
55260,55319,55290,877.048,33.439,975.679,214.898,14.060,0.195,0.085,56.455204,48.956547,46.843254,44.785568,43.610764,43.242435,43.022526,43.236561,42.447166,43.684597,43.264332,47.416180,48.430782,49.692783,44.411869,183.439713,69.180367,21.371414,7.951694,1.352090,0.929558,0.399939,0.236904,0.145989,0.223766,0.124202,0.101316,0.073090,0.061637,0.094552,0.084705,0.112594,0.107466,0.051335,0.056198,0.079362
55320,55379,55350,877.039,33.351,1013.511,228.256,15.658,0.204,0.094,66.876625,55.037117,49.040127,46.837078,45.586845,43.403404,42.672211,44.195454,42.224808,43.276440,43.594604,48.786377,50.161366,50.402760,44.867500,186.451645,72.044464,21.870592,9.916502,1.816073,1.250362,0.719327,0.459663,0.315773,0.248446,0.201654,0.173969,0.220819,0.146094,0.168866,0.141201,0.117851,0.100024,0.044921,0.067394,0.072799
55380,55439,55410,877.061,33.421,1036.251,236.149,16.461,0.205,0.099,69.461998,56.444286,51.068283,48.239277,46.562611,44.344002,43.934811,43.794434,43.323021,44.739372,44.893692,48.804340,49.754578,51.774139,46.685516,187.957947,72.958839,23.343735,10.754343,2.155092,1.489236,0.823916,0.634250,0.466030,0.278192,0.242991,0.156904,0.168478,0.208953,0.190306,0.237375,0.097946,0.046531,0.070075,0.034789,0.110365
55440,55499,55470,877.065,33.406,961.557,212.126,13.425,0.189,0.084,49.435814,45.322983,44.212940,44.064747,43.202187,43.057190,42.675888,42.728897,41.609901,42.570454,44.023987,47.112766,50.826477,49.580727,45.142075,183.410126,70.216705,21.385305,7.404665,1.029706,0.725100,0.306855,0.249625,0.239279,0.129153,0.130003,0.073964,0.080683,0.066911,0.136955,0.120066,0.072913,0.063362,0.039903,0.039981,0.068766
55500,55559,55530,877.065,33.397,959.990,211.114,13.151,0.186,0.083,48.257275,44.999443,44.732391,44.443035,43.220737,42.216755,41.236053,43.006512,41.650406,43.750256,44.190853,47.832638,49.694778,49.451752,44.808552,184.536026,70.053200,21.230997,7.093517,1.154292,0.625005,0.310327,0.264282,0.185749,0.206581,0.112142,0.132775,0.096025,0.044439,0.089826,0.095284,0.071325,0.078584,0.038638,0.017065,0.062251
55560,55619,55590,877.083,33.497,950.030,208.817,12.753,0.183,0.082,46.157246,44.322891,41.577251,42.766136,42.128414,42.484222,41.880768,42.003777,41.859318,42.533760,44.489292,48.362789,50.381607,49.427502,44.729549,183.276123,69.979332,21.605982,6.995503,0.942879,0.671415,0.264455,0.180042,0.160549,0.129803,0.072508,0.063858,0.090757,0.067104,0.107494,0.092081,0.027871,0.056089,0.050351,0.016567,0.075210
55620,55679,55650,877.103,33.532,957.324,211.587,13.145,0.186,0.084,45.926224,44.206993,43.116295,42.399883,43.287834,42.333679,42.048447,42.479519,42.990051,43.172981,44.622387,47.827881,49.260925,50.692924,43.997139,185.756241,70.409897,22.007521,7.575132,0.982768,0.710483,0.329796,0.166949,0.154019,0.105871,0.073374,0.094229,0.051001,0.060818,0.087501,0.106652,0.055992,0.071352,0.078619,0.032314,0.050546
55680,55739,55710,877.111,33.451,950.154,208.935,12.795,0.183,0.082,45.121632,43.597054,41.828506,42.475616,42.656082,42.200794,42.168640,42.115780,42.212475,43.141518,43.284672,47.553112,51.047993,50.333221,44.928638,183.986435,70.002708,21.321918,7.000304,1.062322,0.640792,0.271057,0.225881,0.179483,0.103617,0.095182,0.061445,0.061931,0.088292,0.066140,0.090062,0.049438,0.044254,0.027040,0.032550,0.077909
55740,55799,55770,877.115,33.474,944.336,208.453,12.963,0.186,0.082,43.913467,42.893703,41.776577,41.598850,42.948952,42.692505,42.273270,42.755711,42.693306,42.172451,44.154537,46.758125,49.003990,49.467525,44.640671,184.308701,69.301819,20.575285,7.109077,0.975537,0.703533,0.340634,0.193949,0.122099,0.139198,0.077872,0.123081,0.100737,0.044704,0.099658,0.141564,0.050655,0.033887,0.027007,0.057132,0.066382
55800,55859,55830,877.137,33.403,947.671,208.078,12.679,0.182,0.081,44.994339,43.028866,40.939610,42.124908,42.771343,42.288944,42.275635,41.356617,41.730759,43.507954,44.870403,47.720310,50.590820,50.719860,45.318665,182.786652,69.525383,20.980274,7.089841,0.921259,0.617998,0.321137,0.198520,0.153037,0.090272,0.107974,0.112374,0.066919,0.067145,0.061657,0.100422,0.050760,0.062229,0.023168,0.055946,0.039648
55860,55919,55890,877.161,33.275,956.002,210.496,12.768,0.181,0.083,44.985619,43.771458,42.018837,42.099545,42.728638,42.234451,42.427406,43.071865,42.968815,44.286572,44.449780,47.819954,49.454029,49.584705,44.727413,187.154404,69.637352,21.920506,7.602821,0.922115,0.693220,0.274413,0.221433,0.138520,0.094102,0.099821,0.105451,0.084643,0.044652,0.061718,0.089281,0.039205,0.060812,0.033030,0.061816,0.033947
55920,55979,55950,877.156,33.252,957.739,212.444,13.287,0.187,0.084,44.694332,43.667103,42.831367,41.974339,41.846886,42.965416,41.925117,42.144569,42.417271,43.958248,44.875381,48.012207,51.230526,50.575562,44.931713,186.314606,71.270050,21.519886,7.250276,0.953695,0.540091,0.362773,0.302656,0.198706,0.140583,0.100554,0.100080,0.088605,0.107242,0.078126,0.089146,0.067392,0.061806,0.039634,0.032744,0.070324
55980,56039,56010,877.145,33.136,955.782,209.871,12.677,0.181,0.082,44.944927,42.889088,42.036922,42.454990,43.352375,42.183640,42.223598,43.809765,42.610008,43.613983,44.706810,47.612400,50.056675,49.619434,45.540497,185.481552,70.511192,21.640223,7.505633,0.915638,0.641057,0.334997,0.165650,0.138776,0.115456,0.076295,0.089811,0.093542,0.065288,0.087780,0.066637,0.067310,0.023151,0.034546,0.021430,0.050560
