CampaignData_and_Merges/R0/CSL_MobileLab_Parked/raw/20240801/USOS-NOAAIodideCIMS-PANs_MobileLabGround_20240801_RA.ict
35, 1001
Michael A Robinson, Chris Jernigan, Subi Thakali
NOAA ESRL Chemical Sciences Laboratory and CIRES, U. of Colorado
NOAA Iodide CIMS Instrument
USOS
1, 1
2024, 08, 01, 2024, 08, 02
1
starttime_UTC, seconds_past_midnight, seconds_of_day_since_00:00:00_UTC
3
1, 1, 1
-9999, -9999, -9999
PAN_NOAACIMS, pptv, Gas_PAN_InSitu_S_AVMR, 
APAN_NOAACIMS, pptv, Gas_APAN_InSitu_S_AVMR, 
PPN_NOAACIMS, pptv, Gas_PPN_InSitu_S_AVMR, 
0
18
PI_CONTACT_INFO: 325 Broadway, R/CSD 7, Boulder, Colorado 80305; michael.a.robinson@noaa.gov; chris.jernigan@noaa.gov;
PLATFORM: NOAA CSL Mobile Lab
LOCATION: SLC, Utah
ASSOCIATED_DATA: 1Hz data also available on request.
INSTRUMENT_INFO: NOAA I- ToF CIMS
DATA_INFO: All data in parts per trillion by volume (pptv). 1 Hz data is available upon request.
UNCERTAINTY: TBD
ULOD_FLAG: -7777
ULOD_VALUE: N/A
LLOD_FLAG: -8888
LLOD_VALUE: N/A
DM_CONTACT_INFO: Nathan Howard; nathan.h.howard@noaa.gov
PROJECT_INFO: USOS, summer 2024. https://csl.noaa.gov/groups/csl7/measurements/2024usos/
STIPULATIONS_ON_USE: Users are strongly encouraged to contact the PI for proper data usage.
OTHER_COMMENTS: 
REVISION: RA
RA: Preliminary Data; For in-field use only
starttime_UTC, PAN_NOAACIMS, APAN_NOAACIMS, PPN_NOAACIMS
[from data line 816]
 48960, 405.462,  3.966, 42.701
 49020, 423.545,  5.064, 41.716
 49080, 422.073,  5.961, 44.066
 49140, 426.660,  4.823, 46.528
 49200, 438.842,  5.763, 47.282
 49260, 433.112,  4.441, 45.868
 49320, 430.102,  3.576, 45.763
 49380, 434.399,  6.701, 46.737
 49440, 463.551,  6.498, 49.119
 49500, 426.074,  3.177, 44.622
 49560, 431.176,  3.398, 49.504
 49620, 453.091,  5.697, 49.221
 49680, 431.918,  5.156, 50.715
 49740, 426.091,  4.615, 43.578
 49800, 422.658,  7.238, 42.502
 49860, 423.631,  6.174, 46.705
 49920, 443.162,  4.591, 51.594
 49980, 439.134,  6.397, 50.873
 50040, 455.231,  7.685, 46.395
 50100, 449.383,  6.764, 51.481
 50160, 455.533,  5.537, 52.124
 50220, 464.544,  5.707, 52.434
 50280, 448.006,  5.214, 48.708
 50340, 469.062,  6.309, 55.296
 50400, 481.657,  5.733, 53.106
 50460, -9999.000, -9999.000, -9999.000
 50520, 428.297,  5.945, 44.179
 50580, 430.308,  4.875, 44.678
 50640, 411.155,  5.358, 45.349
 50700, 428.686,  6.426, 43.976
 50760, 427.917,  5.919, 44.531
 50820, 397.076,  4.964, 38.431
 50880, 397.461,  6.097, 35.618
 50940, 405.888,  4.075, 42.797
 51000, 403.943,  6.957, 39.215
 51060, 398.271,  5.487, 37.131
 51120, 420.306,  4.872, 40.193
 51180, 413.085,  7.397, 40.173
 51240, 437.965,  5.371, 42.745
 51300, 422.821,  6.728, 43.658
 51360, 418.686,  5.274, 40.650
 51420, 418.539,  2.840, 43.757
 51480, 427.160,  5.322, 42.968
 51540, 441.013,  5.029, 45.562
 51600, 436.803,  6.214, 46.258
 51660, 421.174,  4.230, 42.142
 51720, 427.743,  5.335, 46.831
 51780, 419.938,  5.985, 47.128
 51840, 402.856,  4.414, 42.732
 51900, 429.739,  4.172, 46.032
 51960, 430.260,  6.965, 46.026
 52020, 425.467,  6.307, 41.381
 52080, 432.137,  4.681, 44.101
 52140, 454.118,  5.531, 47.412
 52200, 422.073,  6.839, 47.003
 52260, 429.198,  5.256, 46.551
 52320, 424.561,  4.608, 47.657
 52380, 431.571,  3.626, 45.677
 52440, 464.240,  5.152, 48.838
 52500, 458.593,  6.627, 52.750
 52560, 462.153,  4.994, 49.191
 52620, 447.318,  5.612, 48.730
 52680, 491.305,  6.513, 50.826
 52740, 463.221,  5.202, 50.504
 52800, 467.822,  3.898, 50.688
 52860, 469.779,  3.882, 51.866
 52920, 460.054,  8.948, 52.652
 52980, 473.025,  3.354, 51.769
 53040, 483.812,  5.349, 51.322
 53100, 511.220,  4.712, 55.800
 53160, 493.608,  7.277, 52.141
 53220, 476.879,  4.137, 50.778
 53280, 491.439,  5.766, 53.581
 53340, 486.602,  5.273, 51.162
 53400, 483.075,  5.269, 48.941
 53460, 491.239,  5.984, 52.727
 53520, 481.555,  4.292, 52.140
 53580, 489.938,  6.606, 51.794
 53640, 500.352,  5.795, 54.520
 53700, 509.542,  5.145, 54.478
 53760, 508.343,  7.063, 57.933
 53820, 504.514,  7.533, 55.026
 53880, 506.717,  7.589, 56.306
 53940, 494.075,  5.999, 54.999
 54000, 541.223,  8.983, 59.371
 54060, 516.152,  7.411, 55.702
 54120, -9999.000, -9999.000, -9999.000
 54180, 504.769,  3.917, 50.404
 54240, 498.162,  7.932, 52.770
 54300, 493.089,  5.633, 50.834
 54360, 484.259,  4.340, 51.283
 54420, 501.364,  5.201, 52.425
 54480, 512.187,  5.689, 56.029
 54540, 498.970,  6.410, 53.412
 54600, 508.798,  5.349, 55.183
 54660, 483.705,  7.542, 50.535
 54720, 487.184,  5.672, 51.374
 54780, 485.633,  6.082, 53.093
 54840, 481.412,  2.828, 54.223
 54900, 530.863,  8.658, 56.009
 54960, 485.056,  6.963, 50.540
 55020, 495.942,  5.271, 54.824
 55080, 492.288,  6.253, 51.892
 55140, 493.844,  7.199, 48.557
 55200, 497.166,  7.648, 56.027
 55260, 498.404,  7.533, 51.242
 55320, 497.491,  5.795, 56.883
 55380, 493.597,  7.279, 56.757
 55440, 503.779,  6.121, 59.553
 55500, 484.479,  5.644, 52.260
 55560, 493.031,  6.236, 49.844
 55620, 488.093,  5.700, 49.076
 55680, 514.094,  8.049, 56.086
 55740, 490.200,  5.214, 50.285
 55800, 542.326,  7.234, 57.652
 55860, 497.817,  5.823, 54.620
 55920, 491.036,  5.452, 50.006
 55980, -9999.000, -9999.000, -9999.000
 56040, 483.569,  7.104, 50.735
 56100, 491.175,  5.987, 51.912
 56160, 467.655,  7.470, 49.958
 56220, 500.208,  5.777, 56.982
 56280, 514.658,  6.702, 54.399
 56340, 488.358,  5.896, 54.681
 56400, 495.011,  6.102, 59.600
 56460, 501.572,  6.935, 57.542
 56520, 490.700,  5.299, 54.464
 56580, 490.107,  6.547, 51.058
 56640, 503.817,  7.421, 57.549
 56700, 510.442,  6.479, 56.134
 56760, 519.066,  7.926, 58.062
 56820, 515.063,  7.779, 58.608
 56880, 516.598,  8.701, 56.104
 56940, 497.921,  6.128, 55.855
 57000, 508.021,  8.232, 55.488
 57060, 506.669,  7.230, 58.266
 57120, 497.891,  4.569, 56.154
 57180, 498.225,  7.256, 56.813
 57240, 498.579,  5.294, 54.623
 57300, 489.580,  8.387, 51.526
 57360, 489.395,  7.655, 53.848
 57420, 496.853,  5.532, 53.512
 57480, 485.443,  7.406, 55.973
 57540, 492.139,  4.948, 53.368
 57600, 490.993,  6.309, 55.266
 57660, 528.494,  7.606, 60.198
 57720, 481.562,  5.636, 53.939
 57780, 493.645, 12.650, 55.768
 57840, -9999.000, -9999.000, -9999.000
 57900, 495.240,  7.829, 51.063
 57960, 493.806,  5.108, 55.150
 58020, 488.247,  7.480, 52.638
 58080, 510.007,  4.614, 53.875
 58140, 498.373,  7.563, 51.130
 58200, 496.910,  6.437, 53.867
 58260, 502.137,  7.534, 55.765
 58320, 509.130,  6.747, 56.991
 58380, 518.764,  6.448, 53.545
 58440, 512.528,  6.893, 52.347
 58500, 508.078,  7.521, 52.758
 58560, 554.474,  7.022, 60.348
 58620, 513.614,  9.097, 55.471
 58680, 521.522,  6.658, 52.333
 58740, 527.727,  7.778, 56.600
 58800, 530.625,  7.776, 56.571
 58860, 508.663,  6.706, 53.299
 58920, 527.355,  8.517, 55.629
 58980, 518.616,  6.238, 52.060
 59040, 514.985,  6.047, 54.533
 59100, 500.546,  7.767, 49.777
 59160, 513.671,  5.295, 55.200
 59220, 520.524,  8.120, 58.653
 59280, 506.946,  6.172, 52.900
 59340, 521.230,  6.931, 57.205
 59400, 530.012,  7.918, 58.280
 59460, 549.295,  6.979, 57.044
 59520, 512.805,  5.718, 56.539
 59580, 516.886,  6.653, 56.640
 59640, 525.187,  5.999, 58.425
 59700, 524.247,  8.586, 47.796
 59760, 526.116,  7.283, 56.213
 59820, 543.855,  8.563, 59.621
 59880, 523.273,  6.128, 53.825
 59940, 532.938,  7.187, 55.407
 60000, 540.306,  7.150, 56.780
 60060, 558.707,  7.404, 60.454
 60120, 553.410,  9.850, 59.878
 60180, 580.221,  7.886, 59.110
 60240, 591.494,  8.634, 63.616
 60300, 587.499,  7.548, 62.074
 60360, 570.151,  6.796, 58.296
 60420, 616.243,  7.855, 61.679
 60480, 601.128,  6.925, 56.205
 60540, 591.798,  6.594, 56.715
 60600, 599.325,  8.969, 61.826
 60660, 607.817,  6.648, 60.133
 60720, 601.240,  7.905, 59.322
 60780, 599.283,  7.937, 59.717
 60840, 632.172,  9.482, 60.893
 60900, 637.113,  8.353, 61.908
 60960, 632.342,  7.214, 59.497
 61020, 614.670,  8.255, 59.862
 61080, 631.121,  8.328, 61.108
 61140, 628.927,  6.144, 61.296
 61200, 652.526,  6.250, 62.115
 61260, 629.561,  6.674, 60.386
 61320, 681.033,  7.743, 66.380
 61380, 631.130,  7.591, 62.743
 61440, 621.225,  6.583, 64.653
 61500, -9999.000, -9999.000, -9999.000
 61560, 634.151, 11.288, 61.387
 61620, 636.215,  7.213, 64.750
 61680, 626.627,  8.776, 64.592
 61740, 632.921,  6.414, 64.823
 61800, 630.790,  8.342, 69.169
 61860, 656.305,  8.944, 67.853
 61920, 630.373,  5.807, 63.572
 61980, 624.273,  8.372, 63.069
 62040, 637.114,  7.924, 69.652
 62100, 654.402,  6.628, 65.095
 62160, 660.310,  7.486, 65.794
 62220, 712.354,  8.814, 71.626
 62280, 671.608,  6.414, 65.385
 62340, 691.690,  6.025, 73.142
 62400, 689.174,  5.301, 66.135
 62460, 656.978,  8.156, 66.775
 62520, 704.375,  9.000, 67.165
 62580, 701.099,  6.959, 62.429
 62640, 748.820,  6.298, 63.220
 62700, 702.442,  7.261, 63.106
 62760, 708.637,  7.540, 62.727
 62820, 708.827,  6.368, 63.824
 62880, 744.380,  9.985, 70.317
 62940, 733.129,  7.985, 68.617
 63000, 747.074,  9.743, 67.396
 63060, 710.975,  7.314, 66.621
 63120, 718.515,  8.321, 68.587
 63180, -9999.000, -9999.000, -9999.000
 63240, -9999.000, -9999.000, -9999.000
 63300, -9999.000, -9999.000, -9999.000
 63360, -9999.000, -9999.000, -9999.000
 63420, -9999.000, -9999.000, -9999.000
 63480, -9999.000, -9999.000, -9999.000
 63540, -9999.000, -9999.000, -9999.000
 63600, -9999.000, -9999.000, -9999.000
 63660, -9999.000, -9999.000, -9999.000
 63720, -9999.000, -9999.000, -9999.000
 63780, -9999.000, -9999.000, -9999.000
 63840, -9999.000, -9999.000, -9999.000
 63900, -9999.000, -9999.000, -9999.000
 63960, -9999.000, -9999.000, -9999.000
 64020, -9999.000, -9999.000, -9999.000
 64080, -9999.000, -9999.000, -9999.000
 64140, -9999.000, -9999.000, -9999.000
 64200, -9999.000, -9999.000, -9999.000
 64260, -9999.000, -9999.000, -9999.000
 64320, -9999.000, -9999.000, -9999.000
 64380, -9999.000, -9999.000, -9999.000
 64440, -9999.000, -9999.000, -9999.000
 64500, -9999.000, -9999.000, -9999.000
 64560, -9999.000, -9999.000, -9999.000
 64620, -9999.000, -9999.000, -9999.000
 64680, -9999.000, -9999.000, -9999.000
 64740, -9999.000, -9999.000, -9999.000
 64800, -9999.000, -9999.000, -9999.000
 64860, -9999.000, -9999.000, -9999.000
 64920, -9999.000, -9999.000, -9999.000
 64980, -9999.000, -9999.000, -9999.000
 65040, -9999.000, -9999.000, -9999.000
 65100, -9999.000, -9999.000, -9999.000
 65160, -9999.000, -9999.000, -9999.000
 65220, -9999.000, -9999.000, -9999.000
 65280, -9999.000, -9999.000, -9999.000
 65340, -9999.000, -9999.000, -9999.000
 65400, -9999.000, -9999.000, -9999.000
 65460, -9999.000, -9999.000, -9999.000
 65520, -9999.000, -9999.000, -9999.000
 65580, -9999.000, -9999.000, -9999.000
 65640, -9999.000, -9999.000, -9999.000
 65700, -9999.000, -9999.000, -9999.000
 65760, -9999.000, -9999.000, -9999.000
 65820, -9999.000, -9999.000, -9999.000
 65880, -9999.000, -9999.000, -9999.000
 65940, -9999.000, -9999.000, -9999.000
 66000, -9999.000, -9999.000, -9999.000
 66060, -9999.000, -9999.000, -9999.000
 66120, -9999.000, -9999.000, -9999.000
 66180, -9999.000, -9999.000, -9999.000
 66240, -9999.000, -9999.000, -9999.000
 66300, -9999.000, -9999.000, -9999.000
 66360, -9999.000, -9999.000, -9999.000
 66420, -9999.000, -9999.000, -9999.000
 66480, -9999.000, -9999.000, -9999.000
 66540, -9999.000, -9999.000, -9999.000
 66600, -9999.000, -9999.000, -9999.000
 66660, -9999.000, -9999.000, -9999.000
 66720, -9999.000, -9999.000, -9999.000
 66780, -9999.000, -9999.000, -9999.000
 66840, -9999.000, -9999.000, -9999.000
 66900, -9999.000, -9999.000, -9999.000
 66960, -9999.000, -9999.000, -9999.000
 67020, -9999.000, -9999.000, -9999.000
 67080, -9999.000, -9999.000, -9999.000
 67140, -9999.000, -9999.000, -9999.000
 67200, -9999.000, -9999.000, -9999.000
 67260, -9999.000, -9999.000, -9999.000
 67320, -9999.000, -9999.000, -9999.000
 67380, -9999.000, -9999.000, -9999.000
 67440, -9999.000, -9999.000, -9999.000
 67500, -9999.000, -9999.000, -9999.000
 67560, -9999.000, -9999.000, -9999.000
 67620, -9999.000, -9999.000, -9999.000
 67680, -9999.000, -9999.000, -9999.000
 67740, -9999.000, -9999.000, -9999.000
 67800, -9999.000, -9999.000, -9999.000
 67860, -9999.000, -9999.000, -9999.000
 67920, -9999.000, -9999.000, -9999.000
 67980, -9999.000, -9999.000, -9999.000
 68040, -9999.000, -9999.000, -9999.000
 68100, -9999.000, -9999.000, -9999.000
 68160, -9999.000, -9999.000, -9999.000
 68220, -9999.000, -9999.000, -9999.000
 68280, -9999.000, -9999.000, -9999.000
 68340, -9999.000, -9999.000, -9999.000
 68400, -9999.000, -9999.000, -9999.000
 68460, -9999.000, -9999.000, -9999.000
 68520, -9999.000, -9999.000, -9999.000
 68580, -9999.000, -9999.000, -9999.000
 68640, -9999.000, -9999.000, -9999.000
 68700, -9999.000, -9999.000, -9999.000
 68760, -9999.000, -9999.000, -9999.000
 68820, -9999.000, -9999.000, -9999.000
 68880, -9999.000, -9999.000, -9999.000
 68940, -9999.000, -9999.000, -9999.000
 69000, -9999.000, -9999.000, -9999.000
 69060, -9999.000, -9999.000, -9999.000
 69120, -9999.000, -9999.000, -9999.000
 69180, -9999.000, -9999.000, -9999.000
 69240, -9999.000, -9999.000, -9999.000
 69300, -9999.000, -9999.000, -9999.000
 69360, -9999.000, -9999.000, -9999.000
 69420, -9999.000, -9999.000, -9999.000
 69480, -9999.000, -9999.000, -9999.000
 69540, -9999.000, -9999.000, -9999.000
 69600, -9999.000, -9999.000, -9999.000
 69660, -9999.000, -9999.000, -9999.000
 69720, -9999.000, -9999.000, -9999.000
 69780, -9999.000, -9999.000, -9999.000
 69840, -9999.000, -9999.000, -9999.000
 69900, -9999.000, -9999.000, -9999.000
 69960, -9999.000, -9999.000, -9999.000
 70020, -9999.000, -9999.000, -9999.000
 70080, -9999.000, -9999.000, -9999.000
 70140, -9999.000, -9999.000, -9999.000
 70200, -9999.000, -9999.000, -9999.000
 70260, -9999.000, -9999.000, -9999.000
 70320, -9999.000, -9999.000, -9999.000
 70380, -9999.000, -9999.000, -9999.000
 70440, -9999.000, -9999.000, -9999.000
 70500, -9999.000, -9999.000, -9999.000
 70560, -9999.000, -9999.000, -9999.000
 70620, -9999.000, -9999.000, -9999.000
 70680, -9999.000, -9999.000, -9999.000
 70740, -9999.000, -9999.000, -9999.000
 70800, -9999.000, -9999.000, -9999.000
 70860, -9999.000, -9999.000, -9999.000
 70920, -9999.000, -9999.000, -9999.000
 70980, -9999.000, -9999.000, -9999.000
 71040, -9999.000, -9999.000, -9999.000
 71100, -9999.000, -9999.000, -9999.000
 71160, -9999.000, -9999.000, -9999.000
 71220, -9999.000, -9999.000, -9999.000
 71280, -9999.000, -9999.000, -9999.000
 71340, -9999.000, -9999.000, -9999.000
 71400, -9999.000, -9999.000, -9999.000
 71460, -9999.000, -9999.000, -9999.000
 71520, -9999.000, -9999.000, -9999.000
 71580, -9999.000, -9999.000, -9999.000
 71640, -9999.000, -9999.000, -9999.000
 71700, -9999.000, -9999.000, -9999.000
 71760, -9999.000, -9999.000, -9999.000
 71820, -9999.000, -9999.000, -9999.000
 71880, -9999.000, -9999.000, -9999.000
 71940, -9999.000, -9999.000, -9999.000
 72000, -9999.000, -9999.000, -9999.000
 72060, -9999.000, -9999.000, -9999.000
 72120, -9999.000, -9999.000, -9999.000
 72180, -9999.000, -9999.000, -9999.000
 72240, -9999.000, -9999.000, -9999.000
 72300, -9999.000, -9999.000, -9999.000
 72360, -9999.000, -9999.000, -9999.000
 72420, -9999.000, -9999.000, -9999.000
 72480, -9999.000, -9999.000, -9999.000
 72540, -9999.000, -9999.000, -9999.000
 72600, -9999.000, -9999.000, -9999.000
 72660, -9999.000, -9999.000, -9999.000
 72720, -9999.000, -9999.000, -9999.000
 72780, -9999.000, -9999.000, -9999.000
 72840, -9999.000, -9999.000, -9999.000
 72900, -9999.000, -9999.000, -9999.000
 72960, -9999.000, -9999.000, -9999.000
 73020, -9999.000, -9999.000, -9999.000
 73080, -9999.000, -9999.000, -9999.000
 73140, -9999.000, -9999.000, -9999.000
 73200, -9999.000, -9999.000, -9999.000
 73260, -9999.000, -9999.000, -9999.000
 73320, -9999.000, -9999.000, -9999.000
 73380, -9999.000, -9999.000, -9999.000
 73440, -9999.000, -9999.000, -9999.000
 73500, -9999.000, -9999.000, -9999.000
 73560, -9999.000, -9999.000, -9999.000
 73620, -9999.000, -9999.000, -9999.000
 73680, -9999.000, -9999.000, -9999.000
 73740, -9999.000, -9999.000, -9999.000
 73800, -9999.000, -9999.000, -9999.000
 73860, -9999.000, -9999.000, -9999.000
 73920, -9999.000, -9999.000, -9999.000
 73980, -9999.000, -9999.000, -9999.000
 74040, -9999.000, -9999.000, -9999.000
 74100, -9999.000, -9999.000, -9999.000
 74160, -9999.000, -9999.000, -9999.000
 74220, -9999.000, -9999.000, -9999.000
 74280, -9999.000, -9999.000, -9999.000
 74340, -9999.000, -9999.000, -9999.000
 74400, -9999.000, -9999.000, -9999.000
 74460, -9999.000, -9999.000, -9999.000
 74520, -9999.000, -9999.000, -9999.000
 74580, -9999.000, -9999.000, -9999.000
 74640, -9999.000, -9999.000, -9999.000
 74700, -9999.000, -9999.000, -9999.000
 74760, -9999.000, -9999.000, -9999.000
 74820, -9999.000, -9999.000, -9999.000
 74880, -9999.000, -9999.000, -9999.000
 74940, -9999.000, -9999.000, -9999.000
 75000, -9999.000, -9999.000, -9999.000
 75060, -9999.000, -9999.000, -9999.000
 75120, -9999.000, -9999.000, -9999.000
 75180, -9999.000, -9999.000, -9999.000
 75240, -9999.000, -9999.000, -9999.000
 75300, -9999.000, -9999.000, -9999.000
 75360, -9999.000, -9999.000, -9999.000
 75420, -9999.000, -9999.000, -9999.000
 75480, -9999.000, -9999.000, -9999.000
 75540, -9999.000, -9999.000, -9999.000
 75600, -9999.000, -9999.000, -9999.000
 75660, -9999.000, -9999.000, -9999.000
