CampaignData_and_Merges/R0/CSL_MobileLab_Parked/raw/20240801/USOS-NOAAIodideCIMS-HCOOH_MobileLabGround_20240801_RA.ict
33, 1001
Michael A Robinson, Chris Jernigan, Subi Thakali
NOAA ESRL Chemical Sciences Laboratory and CIRES, U. of Colorado
NOAA Iodide CIMS Instrument
USOS
1, 1
2024, 08, 01, 2024, 08, 02
1
starttime_UTC, seconds_past_midnight, seconds_of_day_since_00:00:00_UTC
1
1
-9999
HCOOH_NOAACIMS, pptv, Gas_HCOOH_InSitu_S_AVMR, 
0
18
PI_CONTACT_INFO: 325 Broadway, R/CSD 7, Boulder, Colorado 80305; michael.a.robinson@noaa.gov; chris.jernigan@noaa.gov;
PLATFORM: NOAA CSL Mobile Lab
LOCATION: SLC, Utah
ASSOCIATED_DATA: 1Hz data also available on request.
INSTRUMENT_INFO: NOAA I- ToF CIMS
DATA_INFO: All data in parts per trillion by volume (pptv). 1 Hz data is available upon request.
UNCERTAINTY: TBD
ULOD_FLAG: -7777
ULOD_VALUE: N/A
LLOD_FLAG: -8888
LLOD_VALUE: N/A
DM_CONTACT_INFO: Nathan Howard; nathan.h.howard@noaa.gov
PROJECT_INFO: USOS, summer 2024. https://csl.noaa.gov/groups/csl7/measurements/2024usos/
STIPULATIONS_ON_USE: Users are strongly encouraged to contact the PI for proper data usage.
OTHER_COMMENTS: 
REVISION: RA
RA: Preliminary Data; For in-field use only
starttime_UTC, HCOOH_NOAACIMS
     0, 1951.878
    60, 1996.987
   120, 1955.427
   180, 2009.188
   240, 1962.427
   300, 2062.883
   360, 2055.275
   420, 2037.443
   480, 1986.698
   540, -9999.000
   600, 1905.395
   660, 1968.728
   720, 1886.471
   780, 1868.545
   840, 1920.847
   900, 1948.681
   960, 2081.131
  1020, 2090.157
  1080, 1975.723
  1140, 1978.806
  1200, 1954.232
  1260, 2034.071
  1320, 2082.756
  1380, 1966.067
  1440, 1933.571
  1500, 2029.059
  1560, 1916.173
  1620, 1903.358
  1680, 2031.043
  1740, 2004.485
  1800, 2013.773
  1860, 1999.533
  1920, 2061.434
  1980, 1995.299
  2040, 2095.550
  2100, 2158.640
  2160, 2221.131
  2220, 2015.176
  2280, 2032.424
  2340, 2035.289
  2400, -9999.000
  2460, 1841.611
  2520, 1813.723
  2580, 1858.687
  2640, 1958.125
  2700, 2009.589
  2760, 2078.207
  2820, 2063.295
  2880, 1993.504
  2940, 2177.946
  3000, 2076.210
  3060, 2013.539
  3120, 2017.093
  3180, 2175.669
  3240, 2131.039
  3300, 2121.316
  3360, 2114.967
  3420, 2156.432
  3480, 2194.374
  3540, 2254.200
  3600, 2047.390
  3660, 1636.985
  3720, 1595.821
  3780, 1597.528
  3840, 1621.059
  3900, 1768.941
  3960, 1795.273
  4020, 1852.087
  4080, 1970.277
  4140, 1986.737
  4200, 2022.874
  4260, 1986.272
  4320, 2087.911
  4380, 2149.185
  4440, 2199.289
  4500, 2233.620
  4560, 2282.917
  4620, 2312.547
  4680, 2283.515
  4740, 2418.790
  4800, 2464.965
  4860, 2533.833
  4920, 2456.871
  4980, 2471.759
  5040, 2576.988
  5100, 2547.377
  5160, 2495.690
  5220, 2577.451
  5280, 2565.735
  5340, 2680.682
  5400, 2651.547
  5460, 2649.880
  5520, 2709.086
  5580, 2674.643
  5640, 2742.973
  5700, 2788.960
  5760, 2829.420
  5820, 2815.903
  5880, 2925.632
  5940, 3026.055
  6000, 2915.497
  6060, 2889.388
  6120, 3239.295
  6180, 3060.568
  6240, 2903.574
  6300, 2845.531
  6360, 2873.970
  6420, 2882.350
  6480, 2866.745
  6540, 2891.600
  6600, 2922.256
  6660, 2918.706
  6720, 2836.335
  6780, 2886.177
  6840, 2849.648
  6900, 2997.903
  6960, 2873.620
  7020, 2887.079
  7080, 2943.822
  7140, 2940.992
  7200, 3000.061
  7260, 3050.723
  7320, 2987.630
  7380, 3061.619
  7440, 3023.607
  7500, 2896.388
  7560, 3062.479
  7620, 2994.531
  7680, 3065.554
  7740, 3003.089
  7800, 2964.081
  7860, 3011.611
  7920, 3048.175
  7980, 3020.943
  8040, 3166.061
  8100, 2931.714
  8160, 2979.271
  8220, 2940.563
  8280, 3072.720
  8340, 2983.946
  8400, 3019.039
  8460, 3151.989
  8520, 3185.389
  8580, 3266.245
  8640, 3209.060
  8700, 3143.919
  8760, 3221.732
  8820, 3195.379
  8880, 3245.557
  8940, 3188.844
  9000, 3283.051
  9060, 3402.720
  9120, 3399.501
  9180, 3326.717
  9240, 3355.266
  9300, 3378.862
  9360, 3337.019
  9420, 3443.083
  9480, 3445.682
  9540, 3449.335
  9600, 3505.240
  9660, 3656.884
  9720, 3643.291
  9780, -9999.000
  9840, 3618.908
  9900, 3701.252
  9960, 3485.856
 10020, 3216.577
 10080, 3303.007
 10140, 3421.358
 10200, 3349.593
 10260, 3196.308
 10320, 3391.694
 10380, 3502.846
 10440, 3377.898
 10500, 3392.257
 10560, 3601.217
 10620, 3615.316
 10680, 3649.925
 10740, 3471.045
 10800, 3379.105
 10860, 3460.175
 10920, 3329.779
 10980, 3309.153
 11040, 3181.899
 11100, 3263.054
 11160, 3209.733
 11220, 3233.957
 11280, 3128.460
 11340, 3238.261
 11400, 3287.344
 11460, 3160.748
 11520, 3120.544
 11580, 3210.105
 11640, -9999.000
 11700, 3138.445
 11760, 3127.229
 11820, 3201.949
 11880, 3230.267
 11940, 3101.152
 12000, 3218.459
 12060, 3253.141
 12120, 3165.191
 12180, 3178.207
 12240, 3266.934
 12300, 3296.208
 12360, 3184.498
 12420, 3198.484
 12480, 3133.492
 12540, 3044.410
 12600, 3056.527
 12660, 3026.271
 12720, 3117.491
 12780, 2979.734
 12840, 2984.066
 12900, 3076.408
 12960, 2938.299
 13020, 2870.052
 13080, 2892.287
 13140, 2916.999
 13200, 2966.712
 13260, 2818.406
 13320, 2781.791
 13380, 2866.331
 13440, 2854.358
 13500, -9999.000
 13560, 2957.948
 13620, 2823.150
 13680, 2752.190
 13740, 2722.833
 13800, 2720.664
 13860, 2790.191
 13920, 2821.718
 13980, 2833.399
 14040, 2840.368
 14100, 2774.131
 14160, 2688.753
 14220, 2779.393
 14280, 2737.429
 14340, 2733.938
 14400, 2766.711
 14460, 2734.911
 14520, 2732.399
 14580, 2764.852
 14640, 2782.987
 14700, 2744.384
 14760, 2769.450
 14820, 2719.608
 14880, 2724.683
 14940, 2688.322
 15000, 2710.748
 15060, 2719.170
 15120, 2731.670
 15180, 2652.675
 15240, 2679.874
 15300, 2756.897
 15360, 2709.141
 15420, 2737.200
 15480, 2807.930
 15540, 2768.103
 15600, 2702.530
 15660, 2698.049
 15720, 2642.580
 15780, 2767.805
 15840, 2850.663
 15900, 2767.829
 15960, 2786.602
 16020, 2728.357
 16080, 2664.981
 16140, 2718.149
 16200, 2602.620
 16260, 2704.442
 16320, 2692.299
 16380, 2639.891
 16440, 2635.496
 16500, 2588.303
 16560, 2603.106
 16620, 2591.174
 16680, 2518.111
 16740, 2532.981
 16800, 2514.040
 16860, 2502.087
 16920, 2507.159
 16980, 2563.002
 17040, 2595.502
 17100, 2592.744
 17160, -9999.000
 17220, 2540.679
 17280, 2543.132
 17340, 2500.664
 17400, 2491.758
 17460, 2474.650
 17520, 2502.767
 17580, 2522.341
 17640, 2507.213
 17700, 2589.096
 17760, 2534.272
 17820, 2481.602
 17880, 2533.549
 17940, 2449.085
 18000, 2496.412
 18060, 2520.939
 18120, 2503.007
 18180, 2512.960
 18240, 2525.818
 18300, 2430.986
 18360, 2441.256
 18420, 2469.349
 18480, 2536.361
 18540, 2470.775
 18600, 2488.919
 18660, 2373.221
 18720, 2393.784
 18780, 2422.540
 18840, 2336.382
 18900, 2327.964
 18960, 2356.628
 19020, -9999.000
 19080, 2295.909
 19140, 2277.236
 19200, 2375.928
 19260, 2428.087
 19320, 2411.719
 19380, 2295.783
 19440, 2326.951
 19500, 2365.512
 19560, 2341.328
 19620, 2274.727
 19680, 2311.474
 19740, 2191.302
 19800, 2300.882
 19860, 2375.322
 19920, 2314.645
 19980, 2261.212
 20040, 2354.647
 20100, 2397.441
 20160, 2380.436
 20220, 2380.073
 20280, 2397.268
 20340, 2348.780
 20400, 2316.234
 20460, 2346.469
 20520, 2348.929
 20580, 2377.131
 20640, 2422.667
 20700, 2344.568
 20760, 2421.251
 20820, 2555.021
 20880, -9999.000
 20940, 2549.324
 21000, 2532.089
 21060, 2515.092
 21120, 2464.077
 21180, 2560.847
 21240, 2516.111
 21300, 2525.841
 21360, 2572.053
 21420, 2463.532
 21480, 2582.826
 21540, 2660.454
 21600, 2640.997
 21660, 2641.082
 21720, 2609.339
 21780, 2530.580
 21840, 2640.491
 21900, 2725.319
 21960, 2744.248
 22020, 2746.813
 22080, 2779.670
 22140, 2721.137
 22200, 2681.134
 22260, 2705.004
 22320, 2672.724
 22380, 2681.540
 22440, 2759.483
 22500, 2739.140
 22560, 2723.865
 22620, 2716.020
 22680, 2664.304
 22740, 2491.158
 22800, 2684.794
 22860, 2786.583
 22920, 2733.316
 22980, 2520.505
 23040, 2576.825
 23100, 2577.583
 23160, 2601.833
 23220, 2638.916
 23280, 2619.076
 23340, 2546.505
 23400, 2411.905
 23460, 2547.482
 23520, 2530.435
 23580, 2592.004
 23640, 2570.371
 23700, 2509.570
 23760, 2567.183
 23820, 2663.171
 23880, 2670.595
 23940, 2634.449
 24000, 2584.211
 24060, 2601.067
 24120, 2598.784
 24180, 2588.716
 24240, 2448.489
 24300, 2403.337
 24360, 2412.828
 24420, 2459.575
 24480, 2455.338
 24540, 2346.498
 24600, 2384.513
 24660, 2273.825
 24720, 2262.688
 24780, 2327.679
 24840, 2248.473
 24900, 2152.854
 24960, 2142.655
 25020, 2192.172
 25080, 2187.820
 25140, 2185.304
 25200, 2185.240
 25260, 2156.431
 25320, 2184.697
 25380, 2205.611
 25440, 2175.854
 25500, 2172.645
 25560, 2201.343
 25620, 2168.876
 25680, 2214.068
 25740, 2238.216
 25800, 2311.194
 25860, 2171.090
 25920, 2163.386
 25980, 2186.371
 26040, 2134.949
 26100, 2084.668
 26160, 2095.704
 26220, 2077.393
 26280, 2052.779
 26340, 2110.313
 26400, 2088.129
 26460, 2028.331
 26520, 2130.870
 26580, 2049.906
 26640, 2075.589
 26700, 2170.060
 26760, 2167.918
 26820, 2132.157
 26880, 2205.714
 26940, 2139.597
 27000, 2139.504
 27060, 2219.374
 27120, 2323.884
 27180, 2225.649
 27240, 2227.534
 27300, 2238.195
 27360, 2322.631
 27420, 2249.507
 27480, 2231.112
 27540, 2125.580
 27600, 2191.593
 27660, 2290.167
 27720, 2321.796
 27780, 2231.933
 27840, 2268.189
 27900, 2267.178
 27960, 2126.307
 28020, 2179.823
 28080, 2213.620
 28140, 2192.602
 28200, 2143.291
 28260, -9999.000
 28320, 2332.609
 28380, 2367.699
 28440, 2263.223
 28500, 2309.524
 28560, 2276.367
 28620, 2331.841
 28680, 2291.421
 28740, 2249.589
 28800, 2259.786
 28860, 2426.314
 28920, 2393.931
 28980, 2525.038
 29040, 2449.788
 29100, 2438.823
 29160, 2426.024
 29220, 2431.950
 29280, 2416.650
 29340, 2311.501
 29400, 2435.000
 29460, 2520.174
 29520, 2541.758
 29580, 2377.683
 29640, 2451.542
 29700, 2343.453
 29760, 2325.169
 29820, 2417.879
 29880, 2420.142
 29940, 2419.890
 30000, 2480.748
 30060, 2570.274
 30120, 2209.249
 30180, 2307.640
 30240, 2423.560
 30300, 2347.376
 30360, 2298.642
 30420, 2424.345
 30480, 2322.704
 30540, 2208.836
 30600, 2156.179
 30660, 2211.154
 30720, 2188.356
 30780, 2266.159
 30840, 2256.755
 30900, 2268.271
 30960, 2360.307
 31020, 2263.666
 31080, 2176.988
 31140, 2018.373
 31200, 2018.386
 31260, 1996.825
 31320, 1956.093
 31380, 1938.094
 31440, 1991.408
 31500, 1935.709
 31560, 1920.323
 31620, 1970.081
 31680, 1979.394
 31740, 1946.586
 31800, 1906.053
 31860, 1943.288
 31920, 1934.003
 31980, -9999.000
 32040, 1889.172
 32100, 1930.385
 32160, 1892.312
 32220, 1952.767
 32280, 1949.128
 32340, 1889.494
 32400, 1946.172
 32460, 1862.506
 32520, 1883.479
 32580, 1917.013
 32640, 1913.030
 32700, 1910.569
 32760, 1930.895
 32820, 1836.323
 32880, 1892.693
 32940, 1937.522
 33000, 1913.737
 33060, 1900.404
 33120, 1869.825
 33180, 1871.130
 33240, 1868.231
 33300, 1850.992
 33360, 1859.411
 33420, 1808.673
 33480, 1775.525
 33540, 1888.391
 33600, 1863.328
 33660, 1853.277
 33720, 1866.676
 33780, 1863.819
 33840, 1805.932
 33900, 1840.135
 33960, 1870.505
 34020, 1882.327
 34080, 1860.269
 34140, 1800.421
 34200, 1928.589
 34260, 2106.761
 34320, 2091.280
 34380, 1949.838
 34440, 2046.894
 34500, 2041.547
 34560, 2008.095
 34620, 2010.351
 34680, 2058.491
 34740, 2080.184
 34800, 2059.387
 34860, 2072.382
 34920, 2033.153
 34980, 1987.489
 35040, 2045.368
 35100, 2100.037
 35160, 2050.562
 35220, 2076.932
 35280, 2043.445
 35340, 2043.459
 35400, 2092.686
 35460, 2328.336
 35520, 2179.010
 35580, 2083.616
 35640, -9999.000
 35700, 1876.318
 35760, 2088.509
 35820, 2217.992
 35880, 2162.669
 35940, 2107.417
 36000, 2004.087
 36060, 1827.798
 36120, 1814.554
 36180, 1834.954
 36240, 1782.253
 36300, 1759.673
 36360, 1747.627
 36420, 1751.862
 36480, 1756.812
 36540, 1758.623
 36600, 1794.510
 36660, 1728.785
 36720, 1757.723
 36780, 1866.362
 36840, 1891.825
 36900, 1784.312
 36960, 1770.665
 37020, 1772.384
 37080, 1788.834
 37140, 1869.590
 37200, 1959.985
 37260, 1907.148
 37320, 1872.528
 37380, 1931.661
 37440, 1790.549
 37500, -9999.000
 37560, 1839.189
 37620, 1832.385
 37680, 1817.470
 37740, 1870.479
 37800, 1825.370
 37860, 1858.826
 37920, 1873.467
 37980, 1800.357
 38040, 1794.273
 38100, 1846.788
 38160, 1790.145
 38220, 1823.179
 38280, 1778.716
 38340, 1768.604
 38400, 1787.021
 38460, 1800.614
 38520, 1797.296
 38580, 1819.010
 38640, 1870.221
 38700, 1908.136
 38760, 1818.792
 38820, 1941.556
 38880, 1978.454
 38940, 2084.058
 39000, 2062.498
 39060, 1985.377
 39120, 2181.213
 39180, 2128.514
 39240, 2212.182
 39300, 2264.253
 39360, -9999.000
 39420, 2172.372
 39480, 2261.111
 39540, 2176.539
 39600, 2244.000
 39660, 2278.183
 39720, 2269.644
 39780, 2289.625
 39840, 2355.541
 39900, 2430.255
 39960, 2560.944
 40020, 2441.969
 40080, 2444.052
 40140, 2570.764
 40200, 2591.188
 40260, 2641.688
 40320, 2611.745
 40380, 2654.621
 40440, 2620.979
 40500, 2664.946
 40560, 2648.548
 40620, 2655.984
 40680, 2706.278
 40740, 2741.538
 40800, 2757.988
 40860, 2643.774
 40920, 2648.032
 40980, 2683.192
 41040, 2738.830
 41100, 2594.807
 41160, 2630.824
 41220, 2624.740
 41280, 2726.701
 41340, 2711.993
 41400, 2708.633
 41460, 2740.915
 41520, 2616.491
 41580, 2677.707
 41640, 2674.134
 41700, 2647.239
 41760, 2674.637
 41820, 2751.525
 41880, 2713.013
 41940, 2725.967
 42000, 2640.417
 42060, 2798.916
 42120, 2775.768
 42180, 2745.389
 42240, 2847.749
 42300, 2815.340
 42360, 2777.240
 42420, 2859.561
 42480, 2933.625
 42540, 2837.234
 42600, 2858.200
 42660, 2969.799
 42720, 2962.663
 42780, 2920.188
 42840, 3011.778
 42900, 3010.583
 42960, 2990.527
 43020, -9999.000
 43080, 2927.943
 43140, 2965.200
 43200, 3038.249
 43260, 2998.926
 43320, 2895.344
 43380, 2982.174
 43440, 3005.632
 43500, 3050.616
 43560, 2967.879
 43620, 2883.629
 43680, 2698.537
 43740, 2614.716
 43800, 2814.954
 43860, 2704.616
 43920, 2711.376
 43980, 2831.662
 44040, 2759.189
 44100, 2800.338
 44160, 2774.983
 44220, 2867.352
 44280, 2907.129
 44340, 2920.543
 44400, 2812.565
 44460, 2908.146
 44520, 2954.106
 44580, 2872.829
 44640, 2828.921
 44700, 2976.650
 44760, 3034.335
 44820, 2956.053
 44880, 3020.257
 44940, 2946.308
 45000, 3018.363
 45060, 3053.378
 45120, 3058.032
 45180, 3097.423
 45240, 3106.313
 45300, 3158.720
 45360, 3188.157
 45420, 3086.804
 45480, 3060.859
 45540, 3135.567
 45600, 3147.901
 45660, 3128.212
 45720, 3130.429
 45780, 3124.882
 45840, 3140.135
 45900, 3070.226
 45960, 3188.589
 46020, 3247.381
 46080, 3088.555
 46140, 3127.788
 46200, 3021.328
 46260, 3136.138
 46320, 3134.125
 46380, 3042.742
 46440, 2929.064
 46500, 3111.305
 46560, 3128.191
 46620, 3085.377
 46680, 3099.893
 46740, -9999.000
 46800, 3664.025
 46860, 3923.121
 46920, 3773.441
 46980, 3523.125
 47040, 3383.403
 47100, 3249.604
 47160, 3094.083
 47220, 3082.149
 47280, 3033.692
 47340, 2956.229
 47400, 2898.227
 47460, 2872.995
 47520, 2853.842
 47580, 2934.063
 47640, 3003.364
 47700, 2962.220
 47760, 2900.128
 47820, 2998.013
 47880, 3006.447
 47940, 2999.428
 48000, 2928.548
 48060, 2934.403
 48120, 3013.497
 48180, 3040.038
 48240, 3016.875
 48300, 2993.100
 48360, 3001.538
 48420, 3007.263
 48480, 3029.363
 48540, 2895.016
 48600, 2841.692
 48660, 2910.836
 48720, 2987.107
 48780, 3098.603
 48840, 3070.460
 48900, 3078.189
 48960, 3055.263
 49020, 3070.848
 49080, 2972.516
 49140, 2934.909
 49200, 2919.500
 49260, 3139.051
 49320, 3137.201
 49380, 3028.871
 49440, 3196.467
 49500, 3289.593
 49560, 3324.485
 49620, 3133.130
 49680, 3129.820
 49740, 3097.033
 49800, 3080.497
 49860, 3083.138
 49920, 2980.421
 49980, 3133.003
 50040, 3110.095
 50100, 2952.012
 50160, 2808.344
 50220, 2761.951
 50280, 2933.661
 50340, 2910.539
 50400, 2992.416
 50460, -9999.000
 50520, 2931.401
 50580, 2912.588
 50640, 2769.532
 50700, 2824.255
 50760, 2678.701
 50820, 2438.352
 50880, 2334.651
 50940, 2325.391
 51000, 2394.909
 51060, 2468.755
 51120, 2544.021
 51180, 2328.582
 51240, 2397.745
 51300, 2418.473
 51360, 2416.159
 51420, 2497.786
 51480, 2615.864
 51540, 2540.885
 51600, 2585.340
 51660, 2605.506
 51720, 2555.713
 51780, 2420.766
 51840, 2414.279
 51900, 2448.484
 51960, 2466.870
 52020, 2401.761
 52080, 2516.842
 52140, 2445.562
 52200, 2634.034
 52260, 2612.549
 52320, 2443.800
 52380, 2488.232
 52440, 2416.531
 52500, 2392.668
 52560, 2451.669
 52620, 2360.528
 52680, 2432.890
 52740, 2464.124
 52800, 2480.291
 52860, 2414.348
 52920, 2295.636
 52980, 2452.269
 53040, 2473.931
 53100, 2515.519
 53160, 2497.672
 53220, 2480.877
 53280, 2467.155
 53340, 2470.939
 53400, 2439.526
 53460, 2535.907
 53520, 2505.279
 53580, 2373.314
 53640, 2396.867
 53700, 2350.130
 53760, 2377.036
 53820, 2392.328
 53880, 2412.360
 53940, 2444.827
 54000, 2368.568
 54060, 2363.710
 54120, -9999.000
 54180, 2334.254
 54240, 2288.523
 54300, 2367.909
 54360, 2351.693
 54420, 2385.840
 54480, 2386.254
 54540, 2383.832
 54600, 2388.603
 54660, 2354.709
 54720, 2331.112
 54780, 2425.506
 54840, 2411.751
 54900, 2442.552
 54960, 2376.231
 55020, 2435.814
 55080, 2412.922
 55140, 2433.426
 55200, 2485.109
 55260, 2446.627
 55320, 2480.813
 55380, 2386.415
 55440, 2436.513
 55500, 2342.878
 55560, 2405.956
 55620, 2372.354
 55680, 2466.099
 55740, 2434.537
 55800, 2393.992
 55860, 2396.396
 55920, 2417.127
 55980, -9999.000
 56040, 2294.168
 56100, 2348.182
 56160, 2304.085
 56220, 2387.321
 56280, 2385.791
 56340, 2355.788
