CampaignData_and_Merges/R0/CSL_MobileLab_Parked/raw/20240801/USOS-NOAAIodideCIMS-Halogens_MobileLabGround_20240801_RA.ict
38, 1001
Michael A Robinson, Chris Jernigan, Subi Thakali
NOAA ESRL Chemical Sciences Laboratory and CIRES, U. of Colorado
NOAA Iodide CIMS Instrument
USOS
1, 1
2024, 08, 01, 2024, 08, 02
1
starttime_UTC, seconds_past_midnight, seconds_of_day_since_00:00:00_UTC
6
1, 1, 1, 1, 1, 1
-9999, -9999, -9999, -9999, -9999, -9999
Br2_NOAACIMS, pptv, Gas_Br2_InSitu_S_AVMR, 
BrO_NOAACIMS, pptv, Gas_BrO_InSitu_S_AVMR, 
Cl2_NOAACIMS, pptv, Gas_Cl2_InSitu_S_AVMR, 
ClNO2_NOAACIMS, pptv, Gas_ClNO2_InSitu_S_AVMR, 
BrCl_NOAACIMS, pptv, Gas_BrCl_InSitu_S_AVMR, 
NCl3_NOAACIMS, pptv, Gas_NCl3_InSitu_S_AVMR, 
0
18
PI_CONTACT_INFO: 325 Broadway, R/CSD 7, Boulder, Colorado 80305; michael.a.robinson@noaa.gov; chris.jernigan@noaa.gov;
PLATFORM: NOAA CSL Mobile Lab
LOCATION: SLC, Utah
ASSOCIATED_DATA: 1Hz data also available on request.
INSTRUMENT_INFO: NOAA I- ToF CIMS
DATA_INFO: All data in parts per trillion by volume (pptv). 1 Hz data is available upon request.
UNCERTAINTY: TBD
ULOD_FLAG: -7777
ULOD_VALUE: N/A
LLOD_FLAG: -8888
LLOD_VALUE: N/A
DM_CONTACT_INFO: Nathan Howard; nathan.h.howard@noaa.gov
PROJECT_INFO: USOS, summer 2024. https://csl.noaa.gov/groups/csl7/measurements/2024usos/
STIPULATIONS_ON_USE: Users are strongly encouraged to contact the PI for proper data usage.
OTHER_COMMENTS: 
REVISION: RA
RA: Preliminary Data; For in-field use only
starttime_UTC, Br2_NOAACIMS, BrO_NOAACIMS, Cl2_NOAACIMS, ClNO2_NOAACIMS, BrCl_NOAACIMS, NCl3_NOAACIMS
[from data line 578]
 34680,  0.722,  0.017,  0.899,  0.344,  0.275,  3.927
 34740,  0.568,  0.033,  1.010,  0.444,  0.160,  4.261
 34800,  0.574,  0.071,  0.952,  0.503,  0.192,  3.833
 34860,  0.675,  0.001,  0.953,  0.425,  0.272,  4.111
 34920,  0.709,  0.041,  0.876,  0.417,  0.281,  3.542
 34980,  0.650, -0.054,  1.027,  0.464,  0.157,  3.940
 35040,  0.666,  0.032,  0.973,  0.493,  0.135,  4.315
 35100,  0.780,  0.049,  1.019,  0.506,  0.266,  4.605
 35160,  0.748,  0.022,  0.921,  0.540,  0.203,  4.631
 35220,  0.778,  0.131,  0.973,  0.323,  0.247,  4.514
 35280,  0.708,  0.084,  0.916,  0.297,  0.167,  4.361
 35340,  0.605,  0.112,  0.993,  0.359,  0.148,  4.316
 35400,  0.583,  0.075,  1.088,  0.374,  0.161,  4.387
 35460,  0.700,  0.057,  1.201,  0.460,  0.185,  4.177
 35520,  0.693,  0.086,  1.023,  0.402,  0.230,  5.054
 35580,  0.692, -0.008,  1.076,  0.373,  0.115,  6.235
 35640, -9999.000, -9999.000, -9999.000, -9999.000, -9999.000, -9999.000
 35700,  0.527,  0.066,  0.716,  0.322,  0.049,  4.113
 35760,  0.733,  0.040,  0.984,  0.396,  0.154,  5.807
 35820,  0.800, -0.072,  1.010,  0.517,  0.178,  6.780
 35880,  0.621,  0.065,  0.961,  0.413,  0.154,  6.698
 35940,  0.767,  0.106,  0.943,  0.417,  0.154,  5.988
 36000,  0.751,  0.047,  0.921,  0.317,  0.203,  5.209
 36060,  0.739,  0.023,  0.719,  0.131,  0.147,  3.058
 36120,  0.731,  0.047,  0.727,  0.090,  0.136,  2.324
 36180,  0.620,  0.106,  0.696,  0.069,  0.122,  2.204
 36240,  0.553,  0.118,  0.564,  0.112,  0.131,  2.182
 36300,  0.674,  0.057,  0.619,  0.083,  0.118,  2.174
 36360,  0.622,  0.094,  0.720,  0.081,  0.128,  1.969
 36420,  0.609, -0.037,  0.612,  0.056,  0.163,  2.007
 36480,  0.659,  0.021,  0.644,  0.064,  0.189,  1.849
 36540,  0.622,  0.083,  0.665,  0.100,  0.154,  2.257
 36600,  0.713,  0.037,  0.667,  0.102,  0.094,  2.418
 36660,  0.529,  0.019,  0.657,  0.070,  0.105,  2.391
 36720,  0.628,  0.067,  0.808,  0.164,  0.133,  3.008
 36780,  0.541,  0.010,  0.782,  0.194,  0.139,  3.252
 36840,  0.684,  0.034,  0.737,  0.159,  0.166,  3.241
 36900,  0.795, -0.036,  0.775,  0.165,  0.143,  2.705
 36960,  0.653,  0.063,  0.630,  0.098,  0.140,  2.334
 37020,  0.702,  0.035,  0.760,  0.103,  0.151,  2.278
 37080,  0.713,  0.080,  0.697,  0.185,  0.142,  2.668
 37140,  0.622, -0.047,  0.842,  0.292,  0.253,  3.653
 37200,  0.675,  0.021,  0.938,  0.287,  0.169,  4.438
 37260,  0.709,  0.007,  0.769,  0.373,  0.143,  3.723
 37320,  0.625,  0.030,  0.880,  0.345,  0.155,  3.444
 37380,  0.704, -0.064,  0.851,  0.310,  0.191,  3.465
 37440,  0.762, -0.012,  0.785,  0.199,  0.162,  2.949
 37500, -9999.000, -9999.000, -9999.000, -9999.000, -9999.000, -9999.000
 37560,  0.515, -0.025,  0.724,  0.191,  0.144,  2.512
 37620,  0.623, -0.035,  0.762,  0.168,  0.201,  2.685
 37680,  0.643, -0.004,  0.715,  0.143,  0.191,  2.680
 37740,  0.661,  0.039,  0.577,  0.153,  0.250,  2.372
 37800,  0.617, -0.010,  0.715,  0.162,  0.139,  2.490
 37860,  0.675, -0.067,  0.710,  0.187,  0.179,  2.396
 37920,  0.572, -0.135,  0.700,  0.124,  0.161,  2.232
 37980,  0.710, -0.004,  0.703,  0.151,  0.164,  2.491
 38040,  0.709,  0.005,  0.723,  0.124,  0.146,  3.107
 38100,  0.661, -0.064,  0.712,  0.119,  0.194,  3.751
 38160,  0.619, -0.036,  0.690,  0.088,  0.155,  2.263
 38220,  0.623, -0.040,  0.701,  0.093,  0.197,  1.925
 38280,  0.709, -0.062,  0.590,  0.084,  0.138,  1.708
 38340,  0.664,  0.020,  0.547,  0.066,  0.120,  1.796
 38400,  0.628, -0.057,  0.542,  0.088,  0.186,  1.824
 38460,  0.586, -0.033,  0.621,  0.074,  0.139,  1.582
 38520,  0.720, -0.084,  0.627,  0.093,  0.172,  1.651
 38580,  0.635, -0.080,  0.715,  0.123,  0.215,  3.892
 38640,  0.770, -0.100,  0.771,  0.242,  0.144,  3.035
 38700,  0.693, -0.083,  0.775,  0.383,  0.189,  3.122
 38760,  0.672, -0.115,  0.728,  0.303,  0.134,  2.572
 38820,  0.788, -0.048,  0.893,  0.599,  0.226,  4.962
 38880,  0.737, -0.154,  0.997,  0.678,  0.166,  4.904
 38940,  0.663, -0.054,  1.072,  0.991,  0.152,  5.260
 39000,  0.794, -0.080,  0.980,  0.949,  0.179,  5.187
 39060,  0.687, -0.138,  0.894,  1.075,  0.139,  5.403
 39120,  0.761, -0.172,  1.292,  1.833,  0.209,  7.637
 39180,  0.675,  0.005,  0.987,  1.339,  0.227,  5.608
 39240,  0.642, -0.112,  1.498,  2.175,  0.208,  7.112
 39300,  0.761, -0.042,  1.428,  2.382,  0.171,  8.027
 39360, -9999.000, -9999.000, -9999.000, -9999.000, -9999.000, -9999.000
 39420,  0.722, -0.099,  1.074,  0.622,  0.260,  7.820
 39480,  0.621, -0.067,  1.246,  0.845,  0.192,  9.280
 39540,  0.733, -0.124,  1.592,  1.115,  0.182,  8.519
 39600,  0.711, -0.076,  1.410,  1.413,  0.241,  8.094
 39660,  0.756, -0.027,  1.640,  1.991,  0.257,  8.848
 39720,  0.764,  0.071,  1.623,  2.269,  0.301, 10.307
 39780,  0.701, -0.061,  1.700,  1.526,  0.253, 10.711
 39840,  0.653,  0.043,  1.468,  1.133,  0.250, 10.657
 39900,  0.625, -0.066,  1.643,  0.853,  0.203, 13.948
 39960,  0.641, -0.034,  1.611,  0.989,  0.207, 14.388
 40020,  0.646, -0.003,  1.611,  0.959,  0.204, 16.205
 40080,  0.632, -0.007,  1.653,  1.078,  0.268, 15.597
 40140,  0.548, -0.002,  1.528,  0.978,  0.214, 16.364
 40200,  0.534, -0.023,  1.638,  0.976,  0.275, 17.084
 40260,  0.460, -0.011,  1.554,  1.188,  0.212, 23.246
 40320,  0.640, -0.004,  1.526,  1.270,  0.235, 21.550
 40380,  0.667, -0.002,  1.622,  1.295,  0.274, 21.832
 40440,  0.694,  0.040,  1.744,  1.316,  0.290, 22.338
 40500,  0.553,  0.099,  1.801,  1.255,  0.297, 23.380
 40560,  0.688,  0.132,  1.720,  1.446,  0.264, 23.891
 40620,  0.605,  0.056,  2.041,  1.569,  0.312, 24.726
 40680,  0.636,  0.099,  2.127,  1.811,  0.263, 24.444
 40740,  0.570,  0.129,  1.833,  1.682,  0.262, 22.991
 40800,  0.548,  0.153,  2.345,  1.945,  0.285, 24.667
 40860,  0.762,  0.137,  2.397,  1.891,  0.281, 25.355
 40920,  0.539,  0.116,  3.915,  2.921,  0.304, 28.549
 40980,  0.637,  0.219,  3.398,  2.619,  0.405, 28.213
 41040,  0.661,  0.236,  2.924,  2.441,  0.339, 26.901
 41100,  0.656,  0.281,  3.949,  3.077,  0.308, 30.584
 41160,  0.534,  0.230,  3.817,  3.296,  0.296, 30.106
 41220,  0.630,  0.218,  5.706,  4.447,  0.405, 31.751
 41280,  0.657,  0.238,  4.124,  3.702,  0.287, 28.968
 41340,  0.743,  0.260,  4.673,  4.821,  0.300, 29.409
 41400,  0.639,  0.262,  3.883,  3.961,  0.217, 27.999
 41460,  0.617,  0.324,  4.249,  4.008,  0.350, 29.832
 41520,  0.667,  0.143,  4.552,  4.050,  0.304, 28.327
 41580,  0.612,  0.223,  4.885,  5.277,  0.334, 26.397
 41640,  0.670,  0.152,  6.284,  6.337,  0.378, 26.989
 41700,  0.796,  0.197,  7.264,  6.317,  0.305, 26.772
 41760,  0.631,  0.353,  7.397,  6.688,  0.341, 24.971
 41820,  0.560,  0.227,  7.051,  6.806,  0.337, 24.541
 41880,  0.619,  0.301, 10.150,  8.146,  0.368, 24.954
 41940,  0.624,  0.267,  7.639,  7.684,  0.325, 24.457
 42000,  0.708,  0.263,  7.475,  7.906,  0.332, 23.218
 42060,  0.633,  0.210,  7.288,  7.450,  0.334, 24.837
 42120,  0.541,  0.176,  8.401,  8.054,  0.407, 27.816
 42180,  0.658,  0.209, 10.351,  8.701,  0.435, 25.747
 42240,  0.713,  0.172,  6.781,  7.665,  0.284, 25.143
 42300,  0.649,  0.262,  7.826,  7.921,  0.404, 24.282
 42360,  0.582,  0.274,  6.941,  7.032,  0.347, 26.531
 42420,  0.723,  0.228,  7.176,  7.558,  0.372, 28.420
 42480,  0.593,  0.306,  6.662,  7.671,  0.452, 31.255
 42540,  0.533,  0.139,  7.203,  8.670,  0.323, 28.698
 42600,  0.642,  0.157,  6.837,  8.679,  0.338, 26.062
 42660,  0.767,  0.247,  6.582,  8.318,  0.384, 28.147
 42720,  0.527,  0.250,  6.760,  8.719,  0.440, 27.026
 42780,  0.589,  0.172,  6.623,  8.535,  0.283, 26.619
 42840,  0.666,  0.250,  5.348,  8.115,  0.299, 26.963
 42900,  0.503,  0.139,  6.011,  8.006,  0.328, 27.346
 42960,  0.531,  0.194,  6.006,  8.072,  0.363, 29.985
 43020, -9999.000, -9999.000, -9999.000, -9999.000, -9999.000, -9999.000
 43080,  0.577,  0.047,  6.011,  8.207,  0.167, 27.196
 43140,  0.547,  0.145,  6.173,  8.573,  0.360, 26.930
 43200,  0.541,  0.127,  6.270,  9.050,  0.355, 25.281
 43260,  0.566,  0.119,  6.119,  8.401,  0.288, 30.028
 43320,  0.568,  0.249,  6.650,  9.519,  0.388, 41.109
 43380,  0.528,  0.145,  7.266,  8.955,  0.421, 30.493
 43440,  0.613,  0.193,  7.317,  9.405,  0.441, 32.278
 43500,  0.597,  0.129,  6.838,  8.955,  0.310, 28.743
 43560,  0.639,  0.198,  7.520,  9.491,  0.330, 29.393
 43620,  0.828,  0.127,  9.372, 10.457,  0.384, 25.892
 43680,  0.692,  0.187, 13.097, 11.145,  0.421, 19.944
 43740,  0.744,  0.235, 13.033, 10.086,  0.522, 18.984
 43800,  0.973,  0.298, 12.421,  9.700,  0.415, 19.475
 43860,  0.921,  0.197, 11.954,  9.846,  0.479, 17.324
 43920,  0.819,  0.324, 10.028,  9.220,  0.403, 17.594
 43980,  0.763,  0.160, 10.652, 10.381,  0.388, 19.998
 44040,  0.807,  0.248, 11.081, 10.525,  0.360, 19.446
 44100,  0.828,  0.086,  9.732, 10.873,  0.351, 22.174
 44160,  0.735,  0.235,  9.651, 10.120,  0.301, 21.216
 44220,  0.768,  0.273,  9.311, 10.157,  0.338, 20.069
 44280,  0.733,  0.222,  9.316, 10.032,  0.369, 20.240
 44340,  0.794,  0.229,  8.924, 10.108,  0.339, 19.966
 44400,  0.769,  0.124,  8.820,  9.978,  0.253, 20.636
 44460,  0.686,  0.163,  8.291,  9.940,  0.288, 19.748
 44520,  0.757,  0.204,  9.113,  9.892,  0.347, 20.633
 44580,  0.873,  0.182,  8.473, 10.317,  0.236, 20.118
 44640,  0.716,  0.217,  7.527,  9.439,  0.222, 19.750
 44700,  0.819,  0.182,  7.779,  9.823,  0.285, 20.408
 44760,  0.768,  0.230,  7.776,  9.527,  0.322, 19.734
 44820,  0.780,  0.277,  8.027,  9.322,  0.296, 20.444
 44880,  0.825,  0.004,  6.490,  9.673,  0.238, 18.987
 44940,  0.913,  0.218,  7.602,  8.662,  0.460, 25.688
 45000,  0.684,  0.153,  7.097,  8.819,  0.399, 25.815
 45060,  0.823,  0.130,  6.817,  8.342,  0.404, 27.967
 45120,  0.673,  0.151,  6.375,  8.521,  0.376, 28.479
 45180,  0.584,  0.199,  5.712,  8.273,  0.194, 21.156
 45240,  0.741,  0.185,  5.448,  8.177,  0.216, 19.726
 45300,  0.690,  0.078,  4.910,  8.061,  0.243, 18.416
 45360,  0.664,  0.213,  4.747,  8.665,  0.210, 18.667
 45420,  0.624,  0.080,  5.391,  8.550,  0.223, 19.355
 45480,  0.634,  0.095,  5.238,  8.662,  0.206, 18.671
 45540,  0.585,  0.228,  4.982,  8.272,  0.200, 18.460
 45600,  0.657,  0.140,  4.963,  7.948,  0.197, 18.162
 45660,  0.575,  0.139,  4.601,  8.172,  0.208, 16.964
 45720,  0.651,  0.126,  4.378,  8.017,  0.150, 17.184
 45780,  0.397,  0.177,  4.721,  8.274,  0.193, 16.492
 45840,  0.611,  0.152,  4.506,  8.176,  0.180, 15.769
 45900,  0.625,  0.037,  4.252,  8.187,  0.156, 16.329
 45960,  0.627,  0.105,  4.271,  7.838,  0.153, 15.963
 46020,  0.571,  0.158,  4.171,  7.752,  0.160, 15.046
 46080,  0.689,  0.176,  3.916,  7.530,  0.162, 15.875
 46140,  0.539,  0.108,  3.909,  7.712,  0.153, 15.997
 46200,  0.613,  0.175,  4.436,  7.804,  0.129, 16.350
 46260,  0.551,  0.204,  3.854,  7.647,  0.200, 14.553
 46320,  0.549,  0.038,  3.972,  7.511,  0.228, 15.631
 46380,  0.470,  0.043,  3.870,  7.667,  0.131, 16.113
 46440,  0.572,  0.173,  4.260,  8.203,  0.185, 15.830
 46500,  0.592,  0.146,  3.709,  7.295,  0.144, 13.932
 46560,  0.698,  0.190,  3.655,  7.119,  0.213, 13.679
 46620,  0.488,  0.050,  3.505,  7.551,  0.177, 13.081
 46680,  0.539,  0.142,  3.542,  7.380,  0.161, 13.492
 46740, -9999.000, -9999.000, -9999.000, -9999.000, -9999.000, -9999.000
 46800,  0.545,  0.163,  3.236,  6.826,  0.158, 12.813
 46860,  0.441,  0.035,  3.503,  6.627,  0.167, 12.551
 46920,  0.431,  0.168,  3.230,  6.295,  0.116, 12.236
 46980,  0.533,  0.194,  3.424,  6.236,  0.122, 11.679
 47040,  0.449,  0.262,  2.934,  6.123,  0.158, 11.364
 47100,  0.532,  0.078,  3.072,  5.905,  0.199, 11.020
 47160,  0.470,  0.106,  3.209,  6.175,  0.159, 11.185
 47220,  0.409,  0.124,  3.192,  6.010,  0.149, 10.643
 47280,  0.483,  0.060,  2.869,  6.070,  0.168, 10.219
 47340,  0.467,  0.071,  3.328,  6.142,  0.160, 10.874
 47400,  0.433,  0.097,  3.043,  5.577,  0.181, 10.385
 47460,  0.388,  0.159,  2.651,  5.830,  0.138,  9.610
 47520,  0.384,  0.187,  2.842,  5.729,  0.214, 10.243
 47580,  0.361,  0.142,  2.579,  5.553,  0.146, 10.296
 47640,  0.322,  0.145,  2.466,  5.248,  0.148, 10.157
 47700,  0.245,  0.035,  2.479,  5.411,  0.140, 10.022
 47760,  0.369,  0.044,  2.558,  5.514,  0.155, 10.200
 47820,  0.239,  0.138,  2.372,  5.106,  0.188,  9.607
 47880,  0.295,  0.167,  2.041,  5.228,  0.104,  9.380
 47940,  0.248,  0.050,  2.116,  5.250,  0.125,  8.959
 48000,  0.420,  0.118,  2.423,  5.379,  0.146,  8.560
 48060,  0.277,  0.028,  2.128,  4.990,  0.169,  7.987
 48120,  0.282,  0.147,  1.757,  4.676,  0.119,  7.585
 48180,  0.266,  0.144,  2.277,  5.086,  0.213, 10.012
 48240,  0.202,  0.098,  2.104,  5.115,  0.191, 10.417
 48300,  0.274,  0.081,  1.964,  4.687,  0.180,  8.330
 48360,  0.284,  0.111,  2.218,  5.034,  0.167,  9.393
 48420,  0.217,  0.122,  2.018,  4.876,  0.181,  9.400
 48480,  0.145,  0.123,  1.963,  4.733,  0.167,  8.712
 48540,  0.242,  0.096,  2.002,  4.680,  0.158,  7.907
 48600,  0.475,  0.055,  1.136,  3.133,  0.146,  6.401
 48660,  0.189,  0.164,  1.709,  4.281,  0.157,  7.207
 48720,  0.298,  0.089,  1.962,  4.526,  0.211,  7.787
 48780,  0.175,  0.210,  1.804,  4.587,  0.136,  6.127
 48840,  0.094,  0.145,  1.732,  4.904,  0.144,  6.160
 48900,  0.248,  0.177,  1.769,  4.593,  0.202,  5.710
 48960,  0.228,  0.060,  1.876,  4.558,  0.197,  6.005
 49020,  0.207,  0.179,  1.717,  4.551,  0.166,  5.533
 49080,  0.309,  0.094,  1.861,  4.476,  0.106,  5.402
 49140,  0.239,  0.128,  2.105,  4.434,  0.138,  4.679
 49200,  0.201,  0.122,  2.061,  4.555,  0.151,  4.670
 49260,  0.194,  0.124,  1.709,  4.187,  0.202,  4.318
 49320,  0.244,  0.144,  1.687,  4.225,  0.189,  4.174
 49380,  0.183,  0.156,  1.660,  4.496,  0.155,  4.107
 49440,  0.248,  0.149,  1.721,  4.355,  0.174,  3.478
 49500,  0.263,  0.195,  1.636,  4.205,  0.181,  3.664
 49560,  0.282,  0.160,  1.839,  4.429,  0.204,  3.688
 49620,  0.264,  0.212,  1.981,  4.583,  0.193,  3.200
 49680,  0.261,  0.303,  1.884,  4.332,  0.195,  3.629
 49740,  0.245,  0.152,  1.722,  4.367,  0.180,  3.598
 49800,  0.290,  0.182,  1.706,  4.068,  0.167,  3.363
 49860,  0.276,  0.155,  1.837,  4.231,  0.223,  3.085
 49920,  0.429,  0.104,  1.819,  4.395,  0.154,  2.643
 49980,  0.363,  0.208,  1.367,  3.985,  0.090,  2.345
 50040,  0.309,  0.222,  1.696,  3.889,  0.161,  2.347
 50100,  0.281,  0.284,  1.952,  4.272,  0.143,  2.175
 50160,  0.289,  0.203,  1.876,  4.412,  0.207,  1.904
 50220,  0.398,  0.151,  2.294,  4.572,  0.226,  1.781
 50280,  0.402,  0.158,  1.844,  4.206,  0.216,  1.806
 50340,  0.230,  0.130,  1.688,  3.973,  0.179,  1.654
 50400,  0.256,  0.123,  1.666,  3.754,  0.303,  1.210
 50460, -9999.000, -9999.000, -9999.000, -9999.000, -9999.000, -9999.000
 50520,  0.278,  0.169,  1.494,  3.849,  0.128,  1.260
 50580,  0.415,  0.201,  1.370,  3.276,  0.220,  1.494
 50640,  0.292,  0.164,  1.487,  2.816,  0.155,  2.192
 50700,  0.356,  0.146,  1.363,  3.594,  0.142,  1.276
 50760,  0.273,  0.232,  1.100,  2.957,  0.194,  1.424
 50820,  0.264,  0.133,  0.936,  2.293,  0.221,  1.063
 50880,  0.373,  0.198,  0.751,  2.230,  0.084,  0.823
 50940,  0.335,  0.111,  0.838,  2.231,  0.215,  0.705
 51000,  0.387,  0.188,  0.776,  2.259,  0.159,  0.775
 51060,  0.404,  0.131,  0.706,  2.276,  0.141,  0.654
 51120,  0.359,  0.096,  0.755,  2.550,  0.195,  0.563
 51180,  0.313,  0.107,  0.732,  2.734,  0.105,  0.418
 51240,  0.425,  0.170,  0.741,  2.781,  0.191,  0.503
 51300,  0.371,  0.118,  0.775,  2.702,  0.152,  0.611
 51360,  0.473,  0.111,  0.710,  2.713,  0.151,  0.780
 51420,  0.357,  0.180,  0.673,  2.979,  0.214,  0.761
 51480,  0.412,  0.097,  0.746,  2.913,  0.204,  0.775
 51540,  0.238,  0.145,  0.777,  2.983,  0.204,  0.528
 51600,  0.347,  0.053,  0.878,  2.987,  0.160,  1.000
 51660,  0.385,  0.167,  0.725,  3.005,  0.151,  1.136
 51720,  0.396,  0.162,  0.727,  3.198,  0.141,  1.087
 51780,  0.387,  0.145,  0.708,  3.229,  0.174,  0.787
 51840,  0.356,  0.102,  0.628,  3.240,  0.101,  0.631
 51900,  0.478,  0.184,  0.671,  3.409,  0.206,  0.377
