CampaignData_and_Merges/R0/CSL_MobileLab_Parked/raw/20240801/USOS-HCHO_MobileLabGround_20240801_R0.ict
35,1001
Huang, Yaoxian
Wayne State University
Picarro G2307 on CSL Mobile Lab
USOS
1,1
2024,08,01,2025,03,31
1.0
Time_Start,seconds_since_midnight,number_of_seconds_since_0000_UTC
3
1.0,1.0,1.0
-9999.0,-9999.0,-9999.0
HCHO,ppbv,Gas_HCHO_InSitu_S_AVMR,volume mixing ratio of formaldehyde in air
H2O,ppmv,Gas_H2O_InSitu_S_AVMR,volume mixing ratio of water vapor in air
CH4,ppmv,Gas_CH4_InSitu_S_AVMR,volume mixing ratio of methane in air
0
18
PI_CONTACT_INFO: yaoxian.huang@wayne.edu
PLATFORM: CSL Mobile Lab, at Ground Site
LOCATION: Salt Lake City, UT
ASSOCIATED_DATA: N/A
INSTRUMENT_INFO: Cavity Ring-Down Spectrometer
DATA_INFO: Data is averaged to 1 minute intervals for stationary and 1 second interval for driving. Stationary data collected from a 20 ft tower on top of the mobile lab. On drive days, for parked data, anytime the mobile lab is driving, report as missing data in the parked files.
UNCERTAINTY: N/A
ULOD_FLAG: -7777
ULOD_VALUE: N/A
LLOD_FLAG: -8888
LLOD_VALUE: N/A
DM_CONTACT_INFO: Yaoxian Huang; yaoxian.huang@wayne.edu
PROJECT_INFO: USOS, Summer 2024. https://csl.noaa.gov/groups/csl7/measurements/2024usos/
STIPULATIONS_ON_USE: Users are strongly encouraged to contact the PI for proper data usage.
OTHER_COMMENTS: Data have been shifted backwards by 1 minute to align with USOS MetNav and Picarro GHG data.
REVISION: R0
R0: Final Data
Time_Start,HCHO,H2O,CH4
0,3.17281,10994.9,1.95893
60,3.15377,11137.3,1.96232
120,3.17794,10909.1,1.96041
180,3.32976,11317.7,1.96121
240,3.20941,11018.0,1.96069
300,3.30341,11315.0,1.96142
360,3.17135,11135.7,1.95976
420,3.18559,11023.1,1.95551
480,3.03799,10959.8,1.9548
540,3.09175,11377.9,1.95522
600,2.79486,10686.0,1.95415
660,2.8344,10633.7,1.95251
720,2.54028,10240.3,1.95244
780,2.73057,10108.8,1.95443
840,2.87625,10263.2,1.95434
900,2.93779,11068.1,1.95368
960,3.12021,11409.0,1.95466
1020,3.18188,11183.7,1.95567
1080,2.84932,10790.0,1.95306
1140,2.91333,10831.9,1.95401
1200,2.81333,10865.5,1.95329
1260,2.86021,11236.6,1.95334
1320,2.92844,11612.4,1.95302
1380,2.53993,11019.3,1.95364
1440,2.63601,10820.9,1.95354
1500,3.12132,11067.2,1.95301
1560,2.79019,10484.6,1.95418
1620,3.00798,10657.8,1.95599
1680,3.1677,11241.9,1.95617
1740,2.82768,11290.2,1.95554
1800,3.07219,11099.5,1.95823
1860,2.9305,11315.1,1.95483
1920,3.22151,10878.9,1.9597
1980,3.40902,11030.8,1.96172
2040,3.00549,10990.1,1.95838
2100,3.20097,11038.0,1.9557
2160,3.42056,11121.0,1.95679
2220,3.01255,10500.5,1.95429
2280,2.86434,10384.0,1.95458
2340,2.83268,10710.5,1.95169
2400,3.04261,10712.4,1.95154
2460,2.33446,10191.9,1.95114
2520,2.39681,9751.01,1.95035
2580,2.56176,9958.52,1.95201
2640,2.56827,10413.4,1.95004
2700,2.86565,10557.3,1.9534
2760,2.8586,10801.1,1.95386
2820,2.82961,10954.7,1.95737
2880,3.08764,10443.6,1.95505
2940,3.08329,10900.3,1.95492
3000,3.27405,10580.3,1.95439
3060,2.70911,10344.3,1.95657
3120,2.71042,10240.2,1.95803
3180,3.13155,10856.4,1.95798
3240,2.89687,11032.4,1.95695
3300,2.79057,10836.1,1.95728
3360,2.93402,10773.0,1.95847
3420,3.04086,10853.4,1.95759
3480,2.87839,11188.1,1.95712
3540,2.95295,11328.9,1.95763
3600,3.13918,10937.9,1.95655
3660,2.94259,10715.9,1.95522
3720,3.05217,10572.5,1.95497
3780,2.93778,10319.2,1.9557
3840,2.75288,10516.1,1.95545
3900,3.13341,10956.6,1.95566
3960,3.21457,10927.0,1.95701
4020,3.20111,11173.5,1.95895
4080,3.26051,11421.9,1.9598
4140,3.00219,11145.6,1.95642
4200,3.06427,11085.6,1.95693
4260,3.04296,10949.6,1.9569
4320,3.24318,11232.1,1.95941
4380,2.85786,10982.3,1.9581
4440,2.82743,11044.1,1.95872
4500,2.94292,11057.3,1.95754
4560,3.06877,11301.2,1.95787
4620,3.07523,11069.1,1.95858
4680,2.92826,10749.1,1.95923
4740,2.99402,10767.9,1.95776
4800,3.04724,11140.9,1.95862
4860,3.21886,11360.7,1.95894
4920,3.02073,10890.0,1.96253
4980,3.00851,10788.2,1.96446
5040,3.05647,11058.2,1.96343
5100,3.21574,11150.9,1.96307
5160,2.98658,10793.3,1.96252
5220,2.84748,11083.8,1.963
5280,2.94687,11032.8,1.96383
5340,3.19339,11273.6,1.96529
5400,3.00009,11278.0,1.96537
5460,3.14445,11133.9,1.96517
5520,3.03302,11216.3,1.96696
5580,3.22294,11181.2,1.96762
5640,2.74982,11120.5,1.96524
5700,2.9367,11317.0,1.96698
5760,3.08445,11344.6,1.9675
5820,3.11637,11191.8,1.96349
5880,3.06501,11444.7,1.96474
5940,3.11554,11629.7,1.96747
6000,2.93685,11336.0,1.96111
6060,2.90107,11449.6,1.9565
6120,3.05908,11943.5,1.96518
6180,2.94259,11612.3,1.9588
6240,2.61142,11247.4,1.96046
6300,2.85696,10929.9,1.96021
6360,2.92803,11242.6,1.96437
6420,2.63559,11113.8,1.96463
6480,2.87287,11170.5,1.96454
6540,2.90404,11174.9,1.96212
6600,3.13713,11097.0,1.96586
6660,2.89206,11182.3,1.96484
6720,2.96014,10987.8,1.96413
6780,3.02313,10966.3,1.96452
6840,2.56302,10842.5,1.96449
6900,2.9725,10901.6,1.96395
6960,2.78504,10946.0,1.96617
7020,3.02687,10944.2,1.97124
7080,2.91485,11049.6,1.96634
7140,2.90932,11201.5,1.9646
7200,2.97665,11200.8,1.96859
7260,3.05245,11122.7,1.97167
7320,2.84672,11037.8,1.97137
7380,2.98261,11232.3,1.97033
7440,3.07197,11159.5,1.97293
7500,3.09858,11247.5,1.97071
7560,3.11381,11384.1,1.97046
7620,3.03306,11095.0,1.96999
7680,3.28111,11344.5,1.97341
7740,3.09005,11111.9,1.96881
7800,3.04821,11067.2,1.96878
7860,2.80516,11042.8,1.96887
7920,3.13342,11073.5,1.96819
7980,2.80467,11215.0,1.96923
8040,2.91242,11311.9,1.97227
8100,2.93926,10986.9,1.96599
8160,2.95843,10979.7,1.96755
8220,3.04653,10939.0,1.96862
8280,2.85403,11071.0,1.9694
8340,3.08477,10986.5,1.96839
8400,2.8672,11051.8,1.96634
8460,3.41392,11443.4,1.97552
8520,3.16948,11386.4,1.97266
8580,3.27957,11539.1,1.97435
8640,3.35731,11271.8,1.9723
8700,3.12581,11396.4,1.97241
8760,3.16909,11433.2,1.97281
8820,3.32808,11428.4,1.97207
8880,3.25035,11498.8,1.97234
8940,3.48747,11536.9,1.97227
9000,3.19887,11552.2,1.97055
9060,3.27956,11636.2,1.97236
9120,3.30695,11695.4,1.97426
9180,3.36204,11709.9,1.97397
9240,3.35117,11768.6,1.97211
9300,3.56605,11838.0,1.97279
9360,3.46795,11785.4,1.97303
9420,3.60199,11887.7,1.9747
9480,3.52643,11913.9,1.9764
9540,3.40692,11993.1,1.97719
9600,3.59312,12011.8,1.97727
9660,3.72559,12088.4,1.9779
9720,3.57913,12140.8,1.97996
9780,3.45355,12158.5,1.97667
9840,3.83035,12214.2,1.97697
9900,3.75787,12251.0,1.97768
9960,3.34327,11991.1,1.97051
10020,3.24964,11903.2,1.9683
10080,3.37334,11910.2,1.96785
10140,3.28553,11971.7,1.96747
10200,3.33735,11829.7,1.96667
10260,3.35322,11848.4,1.9659
10320,3.31382,11943.1,1.96978
10380,3.33293,11988.6,1.97213
10440,3.39281,11888.1,1.96982
10500,3.28798,11975.1,1.97251
10560,3.28829,12208.7,1.97817
10620,3.62801,12116.1,1.97548
10680,3.38809,12043.8,1.97821
10740,3.51585,12006.5,1.97609
10800,3.29402,11946.3,1.97156
10860,3.13926,11883.6,1.9668
10920,3.23237,11800.8,1.967
10980,2.95399,11915.6,1.96334
11040,2.97161,11692.6,1.96173
11100,2.91813,11725.7,1.96018
11160,3.18673,11677.3,1.95907
11220,2.98575,11818.9,1.96014
11280,2.7891,11606.6,1.95947
11340,2.94595,11665.1,1.95547
11400,2.96426,11675.1,1.95712
11460,3.24606,11543.8,1.95918
11520,2.97299,11581.0,1.95799
11580,2.97496,11574.6,1.95663
11640,3.06192,11531.5,1.95773
11700,3.18824,11575.8,1.95981
11760,3.17292,11493.7,1.95826
11820,3.18892,11468.5,1.9588
11880,2.65116,11495.8,1.95934
11940,3.21761,11431.6,1.9574
12000,3.1145,11363.4,1.95674
12060,3.07602,11476.9,1.95717
12120,3.44359,11359.0,1.95965
12180,3.0631,11323.9,1.9544
12240,2.97553,11385.6,1.95615
12300,2.80874,11378.1,1.95641
12360,2.98949,11338.8,1.9542
12420,2.94395,11316.1,1.95463
12480,2.84442,11242.2,1.95228
12540,2.7014,11164.6,1.95115
12600,2.69706,11244.9,1.95368
12660,2.51523,11119.1,1.95232
12720,2.89183,11228.4,1.95413
12780,2.91895,11247.3,1.95487
12840,2.83269,11159.3,1.95339
12900,2.73216,11318.1,1.95151
12960,2.48258,11067.9,1.94703
13020,2.7433,11266.8,1.95274
13080,2.49347,11310.5,1.95025
13140,2.5894,11723.1,1.94848
13200,2.54057,11409.3,1.95062
13260,2.43347,11027.7,1.94703
13320,2.55832,11214.7,1.95246
13380,2.68192,11064.6,1.95605
13440,2.74067,10999.6,1.96052
13500,2.94073,11020.2,1.95957
13560,2.76131,10974.5,1.95583
13620,2.6981,11105.4,1.95626
13680,2.53538,10946.8,1.94896
13740,2.52175,10917.3,1.94802
13800,2.58574,10963.5,1.94708
13860,2.77049,11007.7,1.95055
13920,2.68776,11008.8,1.94873
13980,2.75094,10937.9,1.95312
14040,2.73405,10906.6,1.95311
14100,2.47442,10685.3,1.94881
14160,2.44995,10646.2,1.94813
14220,2.60098,10959.7,1.95021
14280,2.26889,10740.8,1.95067
14340,2.7198,10797.8,1.95265
14400,2.65702,10727.8,1.95224
14460,2.78422,10742.4,1.95082
14520,2.50677,10753.8,1.95192
14580,2.45404,10712.7,1.9511
14640,2.80195,10718.1,1.95267
14700,2.58558,10699.4,1.95279
14760,2.36071,10713.3,1.94821
14820,2.61107,10664.5,1.94998
14880,2.42655,10679.7,1.95142
14940,2.5679,10591.1,1.94928
15000,2.47378,10608.3,1.94997
15060,2.56686,10648.5,1.95151
15120,2.41021,10663.5,1.95472
15180,2.41506,10613.6,1.95195
15240,2.29867,10600.1,1.95357
15300,2.52505,10773.2,1.95539
15360,2.70855,10733.4,1.95748
15420,2.35762,10673.6,1.95545
15480,2.70119,10770.7,1.95726
15540,2.5058,10847.6,1.95567
15600,2.56602,10870.8,1.95338
15660,2.62707,10747.0,1.95829
15720,2.54066,10723.3,1.96845
15780,2.63611,10788.8,1.96656
15840,2.66626,10873.7,1.96953
15900,2.50717,11174.6,1.96328
15960,2.69564,11168.2,1.95983
16020,2.79526,10817.3,1.95508
16080,2.73825,11066.0,1.95539
16140,2.70778,10933.3,1.95788
16200,2.8185,10911.5,1.95574
16260,2.75657,10780.4,1.95821
16320,2.76661,11141.8,1.96759
16380,2.72824,11201.2,1.97196
16440,2.5294,10863.4,1.96053
16500,2.6878,10961.5,1.96406
16560,2.62854,10669.8,1.95759
16620,2.44737,10714.0,1.95355
16680,2.36937,10814.8,1.95497
16740,2.42987,10635.4,1.94762
16800,2.40956,10539.0,1.95163
16860,2.35567,10631.6,1.95538
16920,2.46694,10647.6,1.95252
16980,2.81455,10705.9,1.95403
17040,2.63426,10650.4,1.95623
17100,2.70228,10791.4,1.95511
17160,2.43914,10675.5,1.95486
17220,2.42453,10711.8,1.9564
17280,2.49791,10644.0,1.95251
17340,2.54416,10467.2,1.95187
17400,2.4295,10497.0,1.95183
17460,2.38041,10507.3,1.95267
17520,2.42038,10757.3,1.94991
17580,2.79426,10648.7,1.95351
17640,2.12951,10534.3,1.95003
17700,2.70263,10631.5,1.95248
17760,2.27519,10634.0,1.95184
17820,2.47918,10872.1,1.95121
17880,2.62635,10621.7,1.95199
17940,2.48257,10619.6,1.95392
18000,2.34467,10464.7,1.95325
18060,2.45523,10424.5,1.95386
18120,2.26191,10404.3,1.9503
18180,2.42281,10452.8,1.95125
18240,2.74114,10515.0,1.95274
18300,2.45659,10485.7,1.95048
18360,2.54203,10629.4,1.95339
18420,2.3,10605.3,1.95031
18480,2.47899,10636.3,1.95416
18540,2.44614,10792.2,1.96021
18600,2.48349,10546.2,1.96117
18660,2.54751,10638.0,1.95721
18720,2.39866,10501.9,1.95324
18780,2.12842,10612.2,1.95373
18840,2.42261,10581.7,1.95109
18900,2.29716,10549.6,1.94919
18960,2.35128,10450.5,1.94799
19020,2.25066,10457.6,1.94539
19080,2.28535,10432.9,1.94716
19140,2.45727,10815.3,1.9484
19200,2.12131,10481.7,1.94694
19260,2.45083,10436.4,1.9485
19320,2.20115,10387.8,1.94703
19380,2.17393,10473.5,1.9486
19440,2.36663,10583.4,1.94689
19500,2.29301,10559.1,1.94941
19560,2.50003,10478.7,1.94912
19620,2.36474,10651.1,1.94759
19680,2.34213,10411.2,1.94854
19740,2.38046,10794.8,1.94859
19800,2.44841,10506.5,1.94801
19860,2.33151,10489.2,1.94877
19920,2.60248,10403.0,1.9496
19980,2.26041,10856.0,1.94857
20040,2.44287,10462.9,1.9507
20100,2.38072,10351.2,1.95034
20160,2.28986,10253.6,1.94729
20220,2.53109,10151.5,1.94897
20280,2.21278,10236.5,1.94882
20340,2.19136,10193.2,1.94569
20400,2.3921,10223.8,1.94723
20460,2.2519,10194.2,1.94875
20520,2.51312,10313.3,1.94946
20580,2.20581,10383.8,1.94674
20640,2.1274,10204.0,1.9467
20700,2.1966,10233.4,1.94782
20760,2.40258,10336.1,1.95368
20820,2.41355,10377.8,1.95696
20880,2.33986,10340.7,1.95211
20940,2.55794,10385.4,1.9564
21000,2.6307,10452.4,1.95559
21060,2.56383,10574.1,1.96242
21120,2.51824,10538.9,1.95587
21180,2.60807,10666.9,1.95787
21240,2.66528,10532.0,1.95792
21300,2.52911,10564.1,1.96263
21360,2.69097,10642.3,1.97059
21420,2.41663,10628.0,1.9641
21480,2.57149,10712.1,1.96756
21540,2.57111,10780.5,1.96845
21600,2.46236,10796.8,1.96862
21660,2.9207,10767.0,1.96706
21720,2.39041,10725.1,1.96524
21780,2.50322,10802.9,1.97002
21840,2.52582,10919.2,1.97478
21900,2.70237,10921.2,1.97052
21960,2.81436,10995.2,1.976
22020,2.79992,10978.5,1.97192
22080,3.03057,11142.5,1.9758
22140,2.89262,11087.9,1.97348
22200,2.59974,10944.5,1.97406
22260,2.78209,10892.5,1.97031
22320,2.81158,10870.1,1.96572
22380,2.84494,10931.9,1.96855
22440,2.67083,11132.6,1.9675
22500,2.60701,10990.6,1.9717
22560,2.71128,11047.5,1.96925
22620,2.72528,11016.0,1.96913
22680,2.79003,11233.2,1.96832
22740,2.89543,11398.8,1.9669
22800,2.90475,11413.3,1.98181
22860,2.8339,11341.2,1.9919
22920,2.86931,11056.1,1.98425
22980,2.61212,10964.8,1.97705
23040,2.56179,10973.7,1.9792
23100,2.79196,10947.7,1.97863
23160,2.67881,10894.5,1.98405
23220,2.76017,10797.1,1.98697
23280,2.57244,10877.3,1.97866
23340,2.57536,10611.0,1.97534
23400,2.23977,10276.2,1.9592
23460,2.58966,10587.6,1.96543
23520,2.69224,10564.9,1.96769
23580,2.59124,10597.0,1.96736
23640,2.51555,10709.6,1.97102
23700,2.92612,10799.7,1.97557
23760,2.72522,11171.7,1.99984
23820,2.70491,11139.8,2.00977
23880,2.85784,11012.6,2.00521
23940,2.756,11084.9,1.99208
24000,2.6116,10990.8,1.99041
24060,2.72681,10958.8,2.00825
24120,2.69469,10712.8,1.99668
24180,2.70141,11046.0,1.9876
24240,2.68115,10439.5,1.96762
24300,2.53921,10408.1,1.96337
24360,2.61298,10533.7,1.9619
24420,2.46247,10556.8,1.96123
24480,2.6035,10387.8,1.95758
24540,2.36975,10376.8,1.95419
24600,2.31268,10316.7,1.9521
24660,2.55531,10244.8,1.9499
24720,2.29761,10234.0,1.95079
24780,2.37065,10133.7,1.94805
24840,2.42073,10070.9,1.94727
24900,2.21077,10081.1,1.94437
24960,2.09568,10135.7,1.94413
25020,2.41474,10153.5,1.94857
25080,2.03949,10134.4,1.94724
25140,2.28382,10147.3,1.94936
25200,2.28307,10167.5,1.95016
25260,2.18466,10141.5,1.94876
25320,2.25473,10048.4,1.9456
25380,2.21489,10034.1,1.94774
25440,2.32465,10156.7,1.94862
25500,2.02806,10097.4,1.94794
25560,2.19561,10225.4,1.94566
25620,2.21673,10009.1,1.94509
25680,2.27023,10171.5,1.94691
25740,2.1858,9991.14,1.94701
25800,2.40453,10014.4,1.94849
25860,2.34469,10061.8,1.94714
25920,2.23965,9985.71,1.94735
25980,2.1237,9862.9,1.94537
26040,2.15225,9818.41,1.94202
26100,2.37801,9882.88,1.94354
26160,2.14594,9772.37,1.93809
26220,2.05266,9767.77,1.94153
26280,2.14611,9895.98,1.94192
26340,2.1776,9710.85,1.94009
26400,2.26567,9840.27,1.94282
26460,2.06712,10048.0,1.94434
26520,2.39838,9831.58,1.94432
26580,2.30429,9846.02,1.94312
26640,2.17272,9865.94,1.94143
26700,2.24582,9775.98,1.94403
26760,2.27476,9762.91,1.94508
26820,2.11453,9779.47,1.94405
26880,2.31794,9811.2,1.94447
26940,2.15245,9770.28,1.94389
27000,2.24718,9834.51,1.94384
27060,2.14275,9925.68,1.95122
27120,2.41919,9988.15,1.95096
27180,2.30685,10098.8,1.95143
27240,2.40328,10138.9,1.95073
27300,2.34089,10106.9,1.95181
27360,2.25791,10260.7,1.95148
27420,2.36062,10091.1,1.94851
27480,2.26944,9952.61,1.94944
27540,2.18203,9866.74,1.94799
27600,2.3623,10043.8,1.94963
27660,2.42756,10189.6,1.95296
27720,2.39199,10397.8,1.96257
27780,2.62634,10384.2,1.96455
27840,2.42386,10232.7,1.96312
27900,2.5789,10321.3,1.96891
27960,2.27193,9870.05,1.95107
28020,2.3984,9948.79,1.95033
28080,2.24527,9950.34,1.95102
28140,2.40168,9976.99,1.95205
28200,2.42565,9959.23,1.94929
28260,2.34286,10082.5,1.95343
28320,2.6795,10360.4,1.95787
28380,2.59779,10309.6,1.961
28440,2.60851,10080.2,1.95589
28500,2.3802,10144.5,1.95598
28560,2.51574,10088.2,1.9529
28620,2.53892,10134.4,1.95701
28680,2.4044,10037.3,1.95536
28740,2.44226,10038.5,1.95713
28800,2.50488,10171.5,1.95859
28860,2.63858,10354.9,1.9624
28920,2.53733,10236.3,1.95686
28980,2.85238,10467.3,1.96009
29040,2.64313,10359.8,1.95786
29100,2.58099,10335.7,1.95923
29160,2.40161,10340.2,1.96228
29220,2.80799,10320.3,1.95981
29280,2.54689,10317.0,1.95873
29340,2.27592,10253.1,1.95819
29400,2.56773,10467.9,1.96152
29460,2.62612,10591.8,1.96496
29520,2.82168,10614.7,1.96241
29580,2.51184,10431.9,1.96313
29640,2.67787,10427.1,1.96241
29700,2.39883,10414.5,1.96322
29760,2.46344,10446.6,1.96089
29820,2.72442,10523.4,1.96099
29880,2.59552,10744.9,1.96052
29940,2.65206,10505.0,1.96087
30000,2.71955,10545.4,1.96487
30060,2.76552,10729.5,1.97329
30120,2.57292,10048.0,1.95733
30180,2.66469,10121.2,1.96078
30240,2.65846,10285.9,1.96943
30300,2.63261,10156.7,1.96371
30360,2.60593,9966.82,1.9615
30420,2.79154,9984.15,1.96791
30480,2.54055,10018.5,1.96137
30540,2.519,9757.43,1.95998
30600,2.73259,9741.19,1.95851
30660,2.5838,10022.5,1.95706
30720,2.50605,9768.81,1.95916
30780,2.86205,9939.45,1.95832
30840,2.61736,9839.49,1.9566
30900,2.66815,9968.2,1.96103
30960,2.74247,10118.8,1.96436
31020,2.60439,9848.73,1.95692
31080,2.81101,9674.21,1.95227
31140,2.41196,9482.93,1.94928
31200,2.69987,9450.92,1.9497
31260,2.37683,9421.42,1.94391
31320,2.23545,9374.76,1.94337
31380,2.45554,9362.11,1.94152
31440,2.39951,9335.77,1.94075
31500,2.49945,9263.94,1.94135
31560,2.48619,9379.38,1.9414
31620,2.48152,9354.98,1.94126
31680,2.53741,9299.3,1.94068
31740,2.24904,9252.37,1.94116
31800,2.57345,9259.35,1.94128
31860,2.29074,9280.79,1.94284
31920,2.36344,9234.31,1.94103
31980,2.10518,9207.48,1.93818
32040,2.38065,9359.28,1.94062
32100,2.51379,9384.18,1.94032
32160,2.55945,9330.05,1.94254
32220,2.51956,9369.23,1.94265
32280,2.27297,9296.5,1.9405
32340,2.41009,9431.99,1.9429
32400,2.23252,9309.91,1.944
32460,2.37986,9308.33,1.94194
32520,2.36724,9376.47,1.9413
