CampaignData_and_Merges/R0/CSL_MobileLab_Parked/raw/20240801/USOS-MetNav_MobileLabGround_20240801_R0.ict
44, 1001
Carrie Womack, Nate Howard, Mike Zucker
NOAA Chemical Sciences Laboratory
Mobile Lab MetNav Station
USOS
1, 1
2024, 08, 01, 2024, 12, 21
60
Time_Start, seconds_past_midnight, Seconds from midnight UTC
11
1, 1, 1, 1, 1, 1, 1, 1, 1, 1, 1
-9999, -9999, -9999, -9999, -9999, -9999, -9999, -9999, -9999, -9999, -9999
GPS_Alt_m, meters, Altitude from Differential GPS
GPS_Course_deg, degrees, Course from Differential GPS
GPS_GndSpd_m_s, m/s, Ground Speed from Differential GPS
GPS_Heading_deg, degrees, Heading from Differential GPS
GPS_Lat_deg, degrees, Latitude from Differential GPS
GPS_Lon_deg, degrees, Longitude from Differential GPS
AirTemp_C, Celsius, Air Temperature from Airmar
RelHumidity_pct, percent, Relative Humidity from Airmar
Pressure_mb, millibars, Pressure from Honeywell
WindDir_calc_deg, degrees, Wind Direction from Airmar corrected for van movement
WindSpd_calc_m_s, m/s, Wind Speed from Airmar corrected for van movement
1
SPECIAL COMMENTS:
18
PI_CONTACT_INFO: Address: 325 Broadway R/CSL7, Boulder, CO, 80305
PLATFORM: CSL Mobile Lab
LOCATION: Salt Lake City, UT
ASSOCIATED_DATA: N/A
INSTRUMENT_INFO: N/A
DATA_INFO: Units:
UNCERTAINTY: N/A
ULOD_FLAG: -7777
ULOD_VALUE: N/A
LLOD_FLAG: -8888
LLOD_VALUE: N/A
DM_CONTACT_INFO: Data Manager: Nate Howard
PROJECT_INFO: 
STIPULATIONS_ON_USE: Use of these data require prior ok from PI.
OTHER_COMMENTS: 
REVISION: R0
R0: Final data. Fixed bug in wind averaging code. RA: Preliminary Data. For in-field use only. 
Time_Start, GPS_Alt_m, GPS_Course_deg, GPS_GndSpd_m_s, GPS_Heading_deg, GPS_Lat_deg, GPS_Lon_deg, AirTemp_C, RelHumidity_pct, Pressure_mb, WindDir_calc_deg, WindSpd_calc_m_s
[from data line 836]
50160.0,1308.7,2.38,0.05,2.38,40.73433,-111.87211,25.2,33.0,881.1,177.88,0.8
50220.0,1308.9,1.47,0.05,1.47,40.73433,-111.87211,25.2,32.2,881.1,155.67,0.8
50280.0,1309.0,1.75,0.05,1.75,40.73433,-111.87211,25.3,32.6,881.1,122.81,0.8
50340.0,1309.0,2.21,0.06,2.21,40.73433,-111.87211,25.4,32.3,881.3,159.77,0.8
50400.0,1308.9,1.98,0.05,1.98,40.73433,-111.87211,25.5,31.8,881.3,154.79,0.5
50460.0,1308.5,1.59,0.06,1.59,40.73433,-111.87211,25.6,31.2,881.3,160.46,0.7
50520.0,1309.2,2.11,0.05,2.11,40.73433,-111.87211,25.8,31.5,881.3,155.06,0.7
50580.0,1309.2,2.68,0.05,2.68,40.73433,-111.87211,25.9,31.6,881.3,166.95,0.8
50640.0,1309.3,3.05,0.06,3.05,40.73433,-111.87211,26.0,31.4,881.3,133.09,0.6
50700.0,1309.6,2.61,0.05,2.61,40.73433,-111.87211,25.8,31.7,881.4,93.85,0.6
50760.0,1309.6,1.85,0.06,1.85,40.73433,-111.87211,25.8,31.3,881.4,133.17,0.9
50820.0,1309.1,2.00,0.06,2.00,40.73433,-111.87211,25.9,29.6,881.4,160.48,1.0
50880.0,1309.3,2.31,0.06,2.31,40.73433,-111.87211,26.0,29.6,881.4,141.65,1.2
50940.0,1309.2,2.97,0.06,2.97,40.73433,-111.87211,26.1,29.4,881.4,134.90,1.0
51000.0,1309.3,3.46,0.06,3.46,40.73434,-111.87211,26.1,30.3,881.4,118.35,0.6
51060.0,1309.5,3.59,0.05,3.59,40.73434,-111.87211,26.2,30.6,881.4,131.95,0.9
51120.0,1309.2,4.06,0.06,4.06,40.73434,-111.87211,26.3,28.9,881.4,172.87,1.2
51180.0,1309.2,3.68,0.05,3.68,40.73434,-111.87211,26.5,28.8,881.2,166.53,1.1
51240.0,1309.3,3.62,0.05,3.62,40.73434,-111.87211,26.6,29.0,881.3,186.27,1.2
51300.0,1309.5,4.30,0.04,4.30,40.73434,-111.87211,26.8,29.0,881.2,164.20,1.0
51360.0,1310.0,3.99,0.06,3.99,40.73434,-111.87211,26.8,29.0,881.2,149.21,0.8
51420.0,1310.2,4.10,0.06,4.10,40.73434,-111.87211,26.9,29.1,881.3,177.64,0.7
51480.0,1310.4,4.13,0.05,4.13,40.73434,-111.87211,27.0,29.2,881.3,180.41,1.2
51540.0,1310.7,4.18,0.05,4.18,40.73434,-111.87211,27.1,29.4,881.3,164.90,1.1
51600.0,1310.7,4.17,0.04,4.17,40.73434,-111.87211,27.2,29.3,881.2,141.85,0.7
51660.0,1310.8,4.43,0.05,4.43,40.73434,-111.87211,27.2,29.2,881.2,127.75,0.8
51720.0,1310.8,4.13,0.05,4.13,40.73434,-111.87211,27.2,28.8,881.2,137.44,1.3
51780.0,1310.6,4.27,0.05,4.27,40.73434,-111.87211,27.1,29.3,881.3,117.66,0.9
51840.0,1310.7,3.72,0.05,3.72,40.73434,-111.87211,26.9,30.1,881.3,126.52,1.5
51900.0,1310.7,3.67,0.06,3.67,40.73434,-111.87211,27.0,28.3,881.3,153.86,1.3
51960.0,1310.7,4.27,0.05,4.27,40.73434,-111.87211,27.0,28.6,881.2,152.66,1.8
52020.0,1310.8,4.07,0.05,4.07,40.73434,-111.87211,27.1,28.7,881.2,158.28,1.2
52080.0,1311.0,3.68,0.06,3.68,40.73434,-111.87211,27.1,29.3,881.2,174.87,1.6
52140.0,1311.0,3.92,0.05,3.92,40.73434,-111.87211,27.2,28.5,881.2,165.67,0.8
52200.0,1310.9,4.05,0.05,4.05,40.73434,-111.87211,27.3,28.9,881.3,168.94,0.9
52260.0,1310.6,3.70,0.06,3.70,40.73434,-111.87211,27.4,28.8,881.2,165.20,1.2
52320.0,1310.2,4.15,0.06,4.15,40.73434,-111.87211,27.5,28.7,881.2,193.66,1.0
52380.0,1310.0,3.60,0.06,3.60,40.73434,-111.87211,27.5,28.6,881.2,190.77,1.3
52440.0,1309.8,3.48,0.07,3.48,40.73433,-111.87211,27.5,28.2,881.3,180.45,1.5
52500.0,1309.4,3.30,0.07,3.30,40.73434,-111.87211,27.6,28.2,881.3,175.75,1.4
52560.0,1309.4,3.91,0.06,3.91,40.73434,-111.87211,27.6,28.3,881.3,159.65,1.6
52620.0,1309.5,3.42,0.06,3.42,40.73433,-111.87211,27.6,28.8,881.3,151.43,1.7
52680.0,1309.6,3.58,0.05,3.58,40.73433,-111.87211,27.7,28.3,881.3,169.12,0.7
52740.0,1309.7,3.75,0.05,3.75,40.73433,-111.87211,27.8,28.1,881.3,162.28,1.3
52800.0,1309.6,3.10,0.05,3.10,40.73433,-111.87211,28.0,28.1,881.3,164.40,1.2
52860.0,1309.5,3.20,0.05,3.20,40.73433,-111.87211,28.0,28.2,881.4,171.30,1.4
52920.0,1309.5,3.28,0.06,3.28,40.73433,-111.87211,28.0,28.2,881.3,197.68,1.1
52980.0,1309.3,3.33,0.06,3.33,40.73433,-111.87211,28.0,28.5,881.4,180.03,1.7
53040.0,1309.1,3.07,0.05,3.07,40.73433,-111.87211,28.0,28.7,881.4,183.69,1.2
53100.0,1309.2,3.28,0.05,3.28,40.73433,-111.87211,28.1,28.5,881.3,170.05,1.0
53160.0,1309.3,3.60,0.05,3.60,40.73433,-111.87211,28.0,28.7,881.4,166.00,2.3
53220.0,1309.1,3.59,0.05,3.59,40.73433,-111.87211,28.0,28.8,881.4,165.52,2.1
53280.0,1309.1,3.62,0.05,3.62,40.73433,-111.87211,27.9,28.7,881.4,163.96,2.3
53340.0,1309.1,3.61,0.06,3.61,40.73433,-111.87211,27.9,29.2,881.4,165.64,1.9
53400.0,1309.0,3.99,0.06,3.99,40.73433,-111.87211,27.9,29.1,881.4,150.63,1.2
53460.0,1308.9,3.55,0.05,3.55,40.73433,-111.87211,27.9,29.2,881.4,156.92,1.6
53520.0,1309.0,3.65,0.04,3.65,40.73433,-111.87211,28.0,29.3,881.4,173.50,1.4
53580.0,1308.8,3.60,0.05,3.60,40.73433,-111.87211,27.9,28.6,881.4,178.46,2.4
53640.0,1308.7,3.02,0.04,3.02,40.73433,-111.87211,27.7,28.5,881.4,166.55,2.8
53700.0,1308.6,2.85,0.05,2.85,40.73433,-111.87211,27.5,28.4,881.4,190.05,3.1
53760.0,1308.4,2.49,0.06,2.49,40.73434,-111.87211,27.4,28.8,881.5,178.25,2.4
53820.0,1308.4,3.38,0.06,3.38,40.73434,-111.87211,27.3,29.4,881.5,145.70,1.9
53880.0,1308.4,3.61,0.05,3.61,40.73433,-111.87211,27.2,30.1,881.5,142.24,1.9
53940.0,1308.5,3.66,0.06,3.66,40.73433,-111.87211,27.3,29.3,881.5,172.51,1.7
54000.0,1308.8,3.09,0.05,3.09,40.73433,-111.87211,27.3,28.8,881.5,153.88,2.2
54060.0,1309.1,2.77,0.05,2.77,40.73433,-111.87211,27.4,28.4,881.5,177.44,1.4
54120.0,1309.2,2.59,0.05,2.59,40.73433,-111.87211,27.4,28.3,881.5,169.46,2.3
54180.0,1309.5,2.87,0.05,2.87,40.73434,-111.87211,27.3,28.2,881.5,180.27,2.8
54240.0,1309.6,3.48,0.05,3.48,40.73434,-111.87211,27.4,27.8,881.5,187.90,1.9
54300.0,1309.6,3.44,0.06,3.44,40.73434,-111.87211,27.4,27.9,881.4,189.07,1.5
54360.0,1309.4,3.58,0.05,3.58,40.73434,-111.87211,27.5,28.2,881.4,202.20,1.6
54420.0,1309.2,3.92,0.05,3.92,40.73434,-111.87211,27.6,27.9,881.4,195.33,1.6
54480.0,1309.0,3.83,0.05,3.83,40.73434,-111.87211,27.7,27.6,881.4,191.35,1.6
54540.0,1308.9,3.53,0.05,3.53,40.73434,-111.87211,27.9,27.6,881.4,187.62,1.7
54600.0,1309.2,3.63,0.05,3.63,40.73434,-111.87211,28.0,27.5,881.4,181.20,1.1
54660.0,1309.1,3.13,0.05,3.13,40.73434,-111.87211,28.2,27.0,881.4,168.51,1.8
54720.0,1309.3,3.14,0.05,3.14,40.73434,-111.87211,28.2,26.4,881.4,187.15,2.0
54780.0,1309.4,3.45,0.05,3.45,40.73434,-111.87211,28.3,26.6,881.4,187.12,1.2
54840.0,1309.7,3.65,0.05,3.65,40.73434,-111.87211,28.5,26.6,881.4,190.97,1.0
54900.0,1309.8,3.60,0.04,3.60,40.73434,-111.87211,28.7,26.3,881.4,125.76,1.0
54960.0,1309.8,3.05,0.05,3.05,40.73434,-111.87211,28.6,26.1,881.4,135.88,1.5
55020.0,1309.9,2.95,0.05,2.95,40.73434,-111.87211,28.5,27.1,881.4,134.75,2.1
55080.0,1310.0,3.43,0.04,3.43,40.73434,-111.87211,28.4,27.2,881.4,134.88,2.3
55140.0,1310.1,3.06,0.05,3.06,40.73434,-111.87211,28.4,26.8,881.4,150.49,2.2
55200.0,1309.9,2.97,0.05,2.97,40.73434,-111.87211,28.5,26.5,881.4,157.51,2.0
55260.0,1309.9,2.38,0.04,2.38,40.73434,-111.87211,28.5,27.8,881.5,133.98,1.8
55320.0,1309.9,2.36,0.04,2.36,40.73434,-111.87211,28.4,27.7,881.5,140.83,2.6
55380.0,1309.8,3.09,0.05,3.09,40.73434,-111.87211,28.3,26.5,881.5,131.07,2.7
55440.0,1309.7,3.24,0.05,3.24,40.73434,-111.87211,28.2,26.9,881.6,143.32,2.5
55500.0,1309.6,3.12,0.05,3.12,40.73434,-111.87211,28.3,25.9,881.6,158.77,2.1
55560.0,1309.4,2.91,0.04,2.91,40.73434,-111.87211,28.3,25.7,881.6,170.05,2.6
55620.0,1309.3,2.82,0.04,2.82,40.73434,-111.87211,28.4,26.5,881.6,136.12,1.8
55680.0,1309.3,2.55,0.04,2.55,40.73434,-111.87211,28.5,26.5,881.6,169.36,1.4
55740.0,1309.2,2.86,0.04,2.86,40.73434,-111.87211,28.6,25.5,881.6,182.64,2.2
55800.0,1309.3,3.00,0.05,3.00,40.73434,-111.87211,28.5,25.6,881.6,161.57,3.5
55860.0,1309.3,2.73,0.04,2.73,40.73434,-111.87211,28.6,25.2,881.6,187.64,2.5
55920.0,1309.2,3.31,0.05,3.31,40.73434,-111.87211,28.6,25.2,881.6,179.49,2.8
55980.0,1309.1,3.02,0.04,3.02,40.73434,-111.87211,28.5,25.4,881.6,152.79,2.9
56040.0,1309.1,2.86,0.05,2.86,40.73434,-111.87211,28.7,25.1,881.6,188.65,1.6
56100.0,1309.1,3.20,0.05,3.20,40.73434,-111.87211,28.7,24.7,881.6,172.81,2.5
56160.0,1309.0,3.09,0.05,3.09,40.73434,-111.87211,28.8,25.0,881.6,180.64,1.9
56220.0,1308.8,2.86,0.04,2.86,40.73434,-111.87211,28.9,25.0,881.6,181.78,2.1
56280.0,1308.9,2.86,0.04,2.86,40.73434,-111.87211,29.0,24.9,881.6,174.29,2.1
56340.0,1308.8,3.04,0.05,3.04,40.73434,-111.87211,29.0,25.1,881.6,167.32,1.6
56400.0,1308.6,3.02,0.05,3.02,40.73434,-111.87211,29.1,25.2,881.6,156.25,2.3
56460.0,1308.5,3.11,0.05,3.11,40.73434,-111.87211,29.3,24.8,881.6,164.80,1.0
56520.0,1308.5,3.02,0.04,3.02,40.73434,-111.87211,29.5,24.7,881.6,161.12,1.2
56580.0,1308.5,3.13,0.04,3.13,40.73434,-111.87211,29.7,24.4,881.6,179.48,1.0
56640.0,1308.5,3.03,0.04,3.03,40.73434,-111.87211,29.9,24.1,881.7,160.85,0.9
56700.0,1308.5,3.23,0.05,3.23,40.73434,-111.87211,30.1,23.7,881.7,158.99,1.0
56760.0,1308.5,3.40,0.04,3.40,40.73434,-111.87211,30.1,23.7,881.7,144.76,2.0
56820.0,1308.6,3.38,0.04,3.38,40.73434,-111.87211,30.1,23.8,881.7,156.83,1.6
56880.0,1308.7,3.50,0.04,3.50,40.73434,-111.87211,30.3,23.8,881.7,153.71,1.4
56940.0,1308.7,3.33,0.05,3.33,40.73434,-111.87211,30.2,23.4,881.7,165.14,2.6
57000.0,1308.6,2.55,0.04,2.55,40.73434,-111.87211,30.3,23.3,881.7,191.93,2.0
57060.0,1308.6,2.68,0.04,2.68,40.73434,-111.87211,30.4,23.1,881.7,176.47,2.3
57120.0,1308.8,2.76,0.04,2.76,40.73434,-111.87210,30.4,23.2,881.7,173.98,1.5
57180.0,1308.8,3.05,0.04,3.05,40.73434,-111.87210,30.5,23.5,881.7,169.54,1.8
57240.0,1308.8,3.44,0.05,3.44,40.73434,-111.87210,30.6,23.5,881.7,130.79,0.6
57300.0,1308.8,3.71,0.05,3.71,40.73434,-111.87210,30.8,23.3,881.7,164.23,1.3
57360.0,1308.7,2.98,0.05,2.98,40.73434,-111.87210,30.8,22.8,881.7,163.21,1.3
57420.0,1308.8,2.81,0.04,2.81,40.73434,-111.87210,30.9,22.5,881.6,161.21,2.1
57480.0,1308.8,2.47,0.04,2.47,40.73434,-111.87210,30.9,22.5,881.6,161.84,2.0
57540.0,1308.7,2.62,0.04,2.62,40.73434,-111.87210,31.0,22.3,881.6,166.90,1.3
57600.0,1308.6,2.31,0.05,2.31,40.73434,-111.87210,31.1,22.8,881.6,178.75,1.3
57660.0,1308.6,2.50,0.04,2.50,40.73434,-111.87210,31.2,22.6,881.6,187.23,1.5
57720.0,1308.8,2.70,0.05,2.70,40.73434,-111.87210,31.3,22.3,881.6,177.83,1.6
57780.0,1308.9,2.71,0.05,2.71,40.73434,-111.87210,31.4,22.2,881.6,190.90,1.1
57840.0,1308.8,2.56,0.04,2.56,40.73434,-111.87210,31.6,22.1,881.6,161.94,0.8
57900.0,1308.7,2.53,0.04,2.53,40.73434,-111.87210,31.7,21.8,881.6,182.99,1.2
57960.0,1308.7,2.79,0.04,2.79,40.73434,-111.87210,31.9,21.6,881.6,152.47,0.7
58020.0,1308.6,2.80,0.05,2.80,40.73434,-111.87210,32.0,21.3,881.6,175.13,1.0
58080.0,1308.7,2.81,0.05,2.81,40.73434,-111.87210,32.0,21.2,881.6,173.60,1.3
58140.0,1308.6,3.13,0.04,3.13,40.73434,-111.87210,32.1,21.1,881.6,180.31,1.5
58200.0,1308.6,2.86,0.04,2.86,40.73434,-111.87210,32.2,21.1,881.6,158.31,0.7
58260.0,1308.7,2.65,0.04,2.65,40.73434,-111.87210,32.2,21.2,881.7,134.08,1.0
58320.0,1308.6,2.81,0.05,2.81,40.73434,-111.87210,32.1,21.7,881.7,122.75,1.7
58380.0,1308.5,2.81,0.04,2.81,40.73434,-111.87210,32.0,20.7,881.7,147.83,2.1
58440.0,1308.5,3.15,0.05,3.15,40.73434,-111.87210,31.9,21.0,881.7,154.57,2.3
58500.0,1308.4,3.41,0.04,3.41,40.73434,-111.87210,31.9,20.7,881.7,152.51,1.8
58560.0,1308.4,3.19,0.04,3.19,40.73434,-111.87210,31.9,20.7,881.7,120.81,1.4
58620.0,1308.3,3.65,0.05,3.65,40.73434,-111.87210,31.7,21.7,881.7,130.53,2.2
58680.0,1308.2,3.60,0.05,3.60,40.73434,-111.87210,31.5,21.9,881.7,136.80,2.2
58740.0,1308.2,3.39,0.05,3.39,40.73434,-111.87210,31.5,21.1,881.7,137.71,1.5
58800.0,1308.2,3.98,0.04,3.98,40.73434,-111.87210,31.5,21.3,881.7,130.24,1.7
58860.0,1308.4,4.00,0.04,4.00,40.73434,-111.87210,31.5,21.5,881.7,122.44,1.6
58920.0,1308.4,4.06,0.04,4.06,40.73434,-111.87210,31.4,20.4,881.7,127.20,1.8
58980.0,1308.3,3.70,0.04,3.70,40.73434,-111.87210,31.3,21.1,881.7,124.30,1.9
59040.0,1308.3,3.52,0.04,3.52,40.73434,-111.87210,31.2,21.3,881.7,126.04,2.3
59100.0,1308.3,3.46,0.04,3.46,40.73434,-111.87210,31.2,21.5,881.7,150.05,2.1
59160.0,1308.4,3.94,0.04,3.94,40.73434,-111.87210,31.4,21.5,881.7,148.94,2.0
59220.0,1308.6,3.89,0.04,3.89,40.73434,-111.87210,31.5,21.3,881.7,157.64,1.7
59280.0,1308.6,3.75,0.05,3.75,40.73434,-111.87210,31.8,21.3,881.7,165.77,1.0
59340.0,1308.6,3.73,0.05,3.73,40.73434,-111.87210,32.1,21.2,881.7,172.24,0.9
59400.0,1308.5,3.31,0.04,3.31,40.73434,-111.87210,32.3,21.7,881.7,87.88,0.1
59460.0,1308.6,3.41,0.05,3.41,40.73434,-111.87210,32.5,21.2,881.7,125.56,0.6
59520.0,1308.7,3.19,0.04,3.19,40.73434,-111.87210,32.7,20.9,881.7,108.17,0.6
59580.0,1308.9,3.11,0.04,3.11,40.73434,-111.87210,32.7,20.2,881.7,123.18,1.0
59640.0,1308.8,3.69,0.04,3.69,40.73434,-111.87210,32.8,19.9,881.7,153.46,1.3
59700.0,1308.9,4.01,0.04,4.01,40.73434,-111.87210,32.9,20.0,881.7,146.51,0.9
59760.0,1308.8,3.94,0.04,3.94,40.73434,-111.87210,33.0,19.7,881.7,169.89,1.9
59820.0,1308.9,3.58,0.05,3.58,40.73434,-111.87210,33.0,19.7,881.8,160.21,1.8
59880.0,1308.8,3.56,0.04,3.56,40.73434,-111.87210,32.9,21.1,881.8,153.12,2.3
59940.0,1308.7,3.08,0.04,3.08,40.73434,-111.87210,33.0,20.1,881.8,178.51,1.3
60000.0,1308.7,3.25,0.05,3.25,40.73434,-111.87210,33.2,20.2,881.8,162.53,0.7
60060.0,1308.7,3.69,0.05,3.69,40.73434,-111.87210,33.4,19.7,881.8,132.54,0.5
60120.0,1308.8,3.82,0.04,3.82,40.73434,-111.87210,33.6,19.6,881.8,165.92,0.9
60180.0,1308.7,3.59,0.05,3.59,40.73434,-111.87210,33.8,19.3,881.8,151.41,0.7
60240.0,1308.6,3.41,0.04,3.41,40.73434,-111.87210,33.8,19.0,881.8,164.14,1.5
60300.0,1308.2,3.54,0.05,3.54,40.73433,-111.87210,33.9,19.2,881.8,138.44,0.9
60360.0,1308.0,3.34,0.05,3.34,40.73433,-111.87210,33.9,19.7,881.8,120.42,0.4
60420.0,1308.1,2.71,0.04,2.71,40.73433,-111.87210,34.0,18.9,881.8,139.19,0.6
60480.0,1308.6,2.50,0.04,2.50,40.73434,-111.87210,34.2,18.5,881.8,124.60,0.4
60540.0,1308.5,2.51,0.04,2.51,40.73433,-111.87210,34.3,19.1,881.9,107.31,0.5
60600.0,1308.2,2.66,0.05,2.66,40.73433,-111.87210,34.3,19.6,881.9,108.21,0.9
60660.0,1308.0,3.11,0.05,3.11,40.73433,-111.87210,34.4,18.3,881.9,146.61,1.4
60720.0,1308.1,2.82,0.05,2.82,40.73433,-111.87210,34.2,18.8,881.9,131.59,1.6
60780.0,1308.4,3.20,0.04,3.20,40.73433,-111.87210,34.1,18.8,881.9,141.02,2.1
60840.0,1308.4,3.05,0.04,3.05,40.73433,-111.87210,33.9,18.7,881.9,152.88,2.8
60900.0,1308.2,2.83,0.05,2.83,40.73433,-111.87210,33.8,19.6,882.0,131.33,1.7
60960.0,1308.0,2.63,0.05,2.63,40.73433,-111.87210,33.6,18.9,882.1,143.86,1.8
61020.0,1308.0,2.16,0.05,2.16,40.73433,-111.87210,33.7,19.1,882.1,147.71,1.9
61080.0,1308.0,2.74,0.05,2.74,40.73433,-111.87210,33.6,19.4,882.1,134.84,1.7
61140.0,1307.8,2.64,0.05,2.64,40.73433,-111.87210,33.8,18.9,882.1,142.31,1.4
61200.0,1307.8,2.73,0.05,2.73,40.73433,-111.87210,33.9,18.9,882.1,149.10,1.2
61260.0,1308.0,2.84,0.05,2.84,40.73433,-111.87210,34.0,19.0,882.1,147.76,1.2
61320.0,1308.2,2.54,0.04,2.54,40.73433,-111.87210,34.0,18.9,882.4,183.14,1.3
61380.0,1308.3,2.60,0.05,2.60,40.73433,-111.87210,34.1,18.9,882.6,173.35,1.2
61440.0,1308.3,2.69,0.04,2.69,40.73433,-111.87210,34.1,19.5,882.6,125.13,0.3
61500.0,1308.4,2.59,0.05,2.59,40.73433,-111.87210,34.2,19.0,882.6,121.86,0.5
61560.0,1308.4,2.11,0.05,2.11,40.73434,-111.87210,34.4,18.9,882.5,129.73,0.7
61620.0,1308.4,2.63,0.05,2.63,40.73434,-111.87210,34.5,18.6,882.5,156.27,1.1
61680.0,1308.5,2.55,0.05,2.55,40.73434,-111.87210,34.6,18.5,882.5,163.92,1.5
61740.0,1308.6,2.89,0.05,2.89,40.73434,-111.87210,34.6,18.6,882.5,167.37,1.2
61800.0,1308.7,2.54,0.05,2.54,40.73434,-111.87210,34.7,18.7,882.6,152.08,1.1
61860.0,1308.9,2.33,0.05,2.33,40.73434,-111.87210,34.7,18.6,882.6,166.68,0.9
61920.0,1308.9,2.61,0.05,2.61,40.73434,-111.87210,34.8,18.7,882.6,148.30,1.5
61980.0,1309.1,2.67,0.05,2.67,40.73434,-111.87210,34.7,19.0,882.5,124.54,1.1
62040.0,1309.1,3.04,0.04,3.04,40.73434,-111.87210,34.8,19.1,882.5,132.42,1.3
62100.0,1309.2,2.65,0.04,2.65,40.73434,-111.87210,34.9,18.4,882.5,137.58,1.1
62160.0,1309.3,2.50,0.05,2.50,40.73434,-111.87211,35.0,18.5,882.5,157.27,0.5
62220.0,1309.4,2.77,0.05,2.77,40.73434,-111.87211,35.1,18.2,882.5,148.90,0.3
62280.0,1309.4,3.20,0.05,3.20,40.73434,-111.87211,35.3,17.9,882.6,124.82,0.3
62340.0,1309.4,3.03,0.05,3.03,40.73434,-111.87211,35.5,17.5,882.6,134.48,0.7
62400.0,1309.6,2.41,0.05,2.41,40.73434,-111.87211,35.7,17.2,882.6,131.55,0.9
62460.0,1309.6,2.64,0.05,2.64,40.73434,-111.87210,35.8,17.2,882.6,133.34,0.8
62520.0,1309.6,3.30,0.05,3.30,40.73434,-111.87210,35.8,17.0,882.6,142.09,1.3
