CampaignData_and_Merges/R0/CSL_MobileLab_Parked/raw/20240724/USOS-Picarro-CO2-CH4-CO-H2O_MobileLabGround_20240724_R0.ict
38, 1001
Ilana Pollack, Nell Schafer, and Jeff Peischl
NOAA Chemical Sciences Laboratory
Picarro 2401-m CO2/CH4/CO/H2O Analyzer
USOS
1, 1
2024, 07, 24, 2024, 11, 20
0
StartTime_UTC, seconds_past_midnight, seconds past midnight
5
1, 1, 1, 1, 1
-9999, -9999, -9999, -9999, -9999
StopTime_UTC, seconds_past_midnight, seconds past midnight
CO2_ppm_1min, ppm, Gas_CO2_InSitu_S_DMF, carbon dioxide mixing ratio
CH4_ppb_1min, ppb, Gas_CH4_InSitu_S_DMF, methane mixing ratio
CO_ppb_1min, ppb, Gas_CO_InSitu_S_DMF, carbon monoxide mixing ratio
H2O_ppmv_1min, ppmv, Met_H2OMRV_InSitu_S_AVMR, water vapor mixing ratio
1
SPECIAL COMMENTS: N/A
18
PI_CONTACT_INFO: Address: NOAA Chemical Sciences Laboratory, Mail Stop CSL7, 325 Broadway, Boulder, CO 80305; Email: Ilana.Pollack@noaa.gov
PLATFORM: NOAA CSL Mobile Laboratory
LOCATION: The mobile lab was stationed in Salt Lake City, Utah.
ASSOCIATED_DATA: N/A
INSTRUMENT_INFO: CO2, CH4, and CO are reported as dry air mole fractions using a commercial wavelength-scanned cavity ring-down analyzer (Picarro 2401-m). An in-field calibration gas standard of 432±0.07 ppm CO2, 2095±1 ppb CH4, and 183±1 ppb CO, calibrated in the Boulder laboratories before and after the field project using primary CO2, CH4, and CO standard tanks tied to the WMO standard (X2019, X2004A, and X2014A, respectively) from the Global Monitoring Laboratory (GML), was delivered to the inlet every 2-3 days to evaluate instrument sensitivity. A H2O measurement was calibrated before the project with a Dew Point Mirror 373 hygrometer. The water correction calculated from these calibrations was applied to the H2O measurement for the entire campaign. Species are measured at 0.5 Hz and reported as 1-minute averages for stationary measurements.
DATA_INFO: Units: CO2, ppm, dry air mole fraction; CH4, ppb, dry air mole fraction; CO, ppb, dry air mole fraction; H2O, ppmv
UNCERTAINTY: Total uncertainties are estimated as ±0.1 ppm for CO2, ±1 ppb for CH4, ±5 ppb for CO, and ±(50 ppm + 4%) for H2O.
ULOD_FLAG: -7777
ULOD_VALUE: N/A
LLOD_FLAG: -8888
LLOD_VALUE: N/A
DM_CONTACT_INFO: Data Manager: Nathan Howard; nathan.h.howard@noaa.gov
PROJECT_INFO: USOS Dates of Study: July – August 2024
STIPULATIONS_ON_USE: Use of these data require prior ok from PI.
OTHER_COMMENTS: Data are averaged to 1 minute intervals. Stationary data collected from a 10 ft tower on top of the mobile van.
REVISION: R0
R0: Final Data
StartTime_UTC, StopTime_UTC, CO2_ppm_1min, CH4_ppb_1min, CO_ppb_1min, H2O_ppmv_1min
[from data line 753]
45180,45240,474.35,2050.4,318.2,12805.1650
45240,45300,477.03,2054.7,333.1,12857.4346
45300,45360,477.21,2056.2,343.2,13077.9326
45360,45420,483.73,2055.5,380.5,13052.4580
45420,45480,474.22,2049.4,323.7,12841.9102
45480,45540,466.61,2041.4,301.8,12693.0918
45540,45600,459.06,2029.4,271.0,12458.7168
45600,45660,452.36,2023.1,246.4,12208.3799
45660,45720,448.69,2012.2,239.5,12049.4063
45720,45780,450.16,2013.1,229.4,12114.0010
45780,45840,451.97,2014.5,237.9,12167.1631
45840,45900,454.41,2012.7,304.3,12171.3848
45900,45960,444.86,2003.6,229.9,11974.4160
45960,46020,455.65,2016.2,293.6,12267.9199
46020,46080,438.79,1992.2,202.2,11768.7324
46080,46140,447.73,2007.9,269.4,12077.7822
46140,46200,445.51,2006.4,235.1,11954.1719
46200,46260,448.52,2006.5,237.5,12005.3496
46260,46320,445.42,2002.3,226.7,11954.3584
46320,46380,447.89,2001.0,228.4,12056.2686
46380,46440,445.87,2001.4,218.2,12181.9365
46440,46500,445.31,2000.3,207.4,12137.4746
46500,46560,440.66,1995.4,196.7,12005.4482
46560,46620,443.39,1991.5,218.1,11921.2324
46620,46680,446.26,1993.7,230.6,11947.5752
46680,46740,439.41,1989.0,212.8,11737.2393
46740,46800,446.02,2005.8,239.5,12118.8809
46800,46860,445.28,2007.3,237.1,12130.3594
46860,46920,443.15,2003.9,231.8,12093.2822
46920,46980,442.47,2002.7,219.5,12139.2773
46980,47040,442.70,1999.0,213.7,12141.6514
47040,47100,442.31,1996.4,212.3,12074.7158
47100,47160,445.74,1996.7,237.7,12308.3379
47160,47220,447.45,1995.7,294.5,12175.5742
47220,47280,440.37,1990.5,205.7,12166.6846
47280,47340,441.93,1988.6,209.7,12093.9346
47340,47400,439.63,1987.7,207.0,12084.4746
47400,47460,452.53,2017.2,239.1,12473.4951
47460,47520,455.19,2024.3,255.4,12693.3115
47520,47580,463.18,2041.3,291.4,13064.4297
47580,47640,458.78,2030.4,281.8,12769.2754
47640,47700,449.83,2014.2,239.3,12306.0527
47700,47760,454.25,2022.6,279.4,12556.4092
47760,47820,452.31,2009.2,276.1,12452.6797
47820,47880,454.52,2009.1,299.1,12470.8125
47880,47940,452.63,2015.7,257.5,12412.6357
47940,48000,454.93,2022.7,253.6,12636.5830
48000,48060,445.41,2009.8,226.3,12260.2158
48060,48120,454.36,2033.6,254.8,12760.7197
48120,48180,463.68,2046.1,345.0,13155.6436
48180,48240,458.66,2041.1,275.7,13187.5381
48240,48300,462.56,2047.3,299.5,13305.6523
48300,48360,459.95,2044.0,313.4,13267.8750
48360,48420,451.53,2024.4,257.2,12664.3066
48420,48480,454.95,2026.7,295.4,12903.6797
48480,48540,459.53,2041.1,316.0,13210.3730
48540,48600,455.36,2038.7,270.6,13018.9570
48600,48660,473.04,2049.4,359.1,13540.5840
48660,48720,468.61,2052.9,370.0,13564.6279
48720,48780,464.96,2046.7,379.4,13477.7803
48780,48840,467.87,2055.9,338.6,13555.6758
48840,48900,452.31,2028.8,264.6,12853.6025
48900,48960,455.78,2039.4,269.0,13003.1680
48960,49020,455.33,2037.8,262.8,13087.2363
49020,49080,455.93,2038.9,276.1,13131.0400
49080,49140,452.44,2030.2,266.1,12905.9863
49140,49200,461.95,2035.6,340.3,13292.0938
49200,49260,461.31,2050.1,305.7,13531.4717
49260,49320,465.01,2064.7,323.9,13889.1963
49320,49380,465.44,2063.3,327.4,14054.5225
49380,49440,474.20,2062.8,353.9,14266.4150
49440,49500,466.99,2056.9,318.7,13957.6816
49500,49560,461.64,2056.5,304.5,13781.6875
49560,49620,462.75,2058.4,316.9,13796.1875
49620,49680,460.22,2053.5,318.9,13633.0117
49680,49740,464.38,2059.0,337.7,13841.1016
49740,49800,463.13,2057.1,335.0,13891.7354
49800,49860,477.12,2062.1,734.4,14260.6143
49860,49920,462.87,2058.0,355.3,14138.0674
49920,49980,466.86,2055.0,346.5,14077.3076
49980,50040,460.87,2042.9,334.5,13719.1836
50040,50100,453.76,2036.8,298.9,13334.3887
50100,50160,458.76,2051.1,316.8,13746.9189
50160,50220,457.99,2050.3,319.9,13843.0156
50220,50280,452.37,2029.5,292.9,13315.5527
50280,50340,442.56,2005.6,242.0,12567.4063
50340,50400,441.26,2004.5,242.4,12517.4336
50400,50460,449.20,2014.6,272.6,12963.8711
50460,50520,454.40,2017.7,310.5,13463.3174
50520,50580,450.90,2016.4,290.5,13489.8223
50580,50640,448.57,2009.6,265.0,13290.1113
50640,50700,448.34,2007.9,274.4,12889.7480
50700,50760,443.14,2007.1,250.0,12931.8359
50760,50820,448.37,2014.8,274.8,13263.5137
50820,50880,439.79,2003.8,233.7,13101.8516
50880,50940,443.81,2009.3,258.6,13199.3740
50940,51000,449.31,2013.4,308.8,13437.1406
51000,51060,448.66,2015.3,340.1,13867.4736
51060,51120,442.29,2009.5,261.7,13773.2529
51120,51180,442.47,2010.1,260.4,13943.6982
51180,51240,445.52,2016.2,268.5,14316.3682
51240,51300,447.64,2027.6,283.5,13695.2988
51300,51360,448.32,2027.6,287.6,14167.5176
51360,51420,450.83,2035.2,302.1,13967.6152
51420,51480,457.51,2038.5,314.1,14003.8164
51480,51540,454.07,2043.9,310.3,14117.1211
51540,51600,453.57,2043.9,311.7,14958.9268
51600,51660,453.40,2045.0,310.7,14614.6934
51660,51720,454.57,2049.7,310.3,14179.0273
51720,51780,449.84,2038.2,289.4,13695.5469
51780,51840,450.41,2041.7,300.0,14053.5176
51840,51900,452.89,2048.6,301.0,14276.2588
51900,51960,451.47,2045.5,294.5,14246.1357
51960,52020,450.48,2043.3,291.5,14170.3594
52020,52080,435.78,1996.6,227.8,13488.5674
52080,52140,437.91,1999.8,236.4,13899.1094
52140,52200,443.95,2003.6,253.2,14430.9092
52200,52260,445.37,2018.1,268.6,14635.5410
52260,52320,445.63,2037.8,277.7,15033.4346
52320,52380,443.16,2024.9,267.6,14554.7178
52380,52440,445.97,2026.9,289.1,14752.9121
52440,52500,450.97,2027.7,320.6,14434.8115
52500,52560,450.51,2033.6,354.4,14907.8262
52560,52620,457.37,2036.7,447.4,15345.6719
52620,52680,458.31,2036.2,434.8,14867.9463
52680,52740,450.85,2031.8,372.1,14665.3467
52740,52800,451.58,2029.5,345.1,14438.1465
52800,52860,459.13,2043.1,396.3,14978.2510
52860,52920,465.77,2051.6,446.6,15340.1201
52920,52980,465.17,2050.6,474.6,15416.3389
52980,53040,452.82,2035.1,368.3,14763.4824
53040,53100,449.89,2028.0,365.8,14524.5566
53100,53160,446.18,2026.4,354.5,14414.5859
53160,53220,452.30,2031.7,413.1,14838.3877
53220,53280,448.33,2020.7,479.5,14092.9619
53280,53340,454.26,2041.0,438.4,14690.2402
53340,53400,465.59,2057.5,479.9,15119.3994
53400,53460,453.74,2047.4,377.9,14895.4902
53460,53520,454.22,2041.9,376.3,14935.4814
53520,53580,453.04,2046.5,497.0,15061.8389
53580,53640,453.55,2045.7,438.0,15219.3086
53640,53700,447.78,2029.4,378.3,14670.1250
53700,53760,446.24,2019.8,382.5,14673.3213
53760,53820,441.12,2007.3,312.3,13891.8916
53820,53880,441.70,2011.6,397.5,14074.6748
53880,53940,446.57,2022.6,367.0,14520.6738
53940,54000,449.73,2018.6,362.0,14588.1191
54000,54060,447.35,2024.8,346.7,14509.0469
54060,54120,444.06,2021.0,314.0,14259.8252
54120,54180,442.07,2013.6,290.9,14210.1973
54180,54240,446.83,2016.3,323.5,14557.9824
54240,54300,451.01,2022.1,505.0,14785.6670
54300,54360,449.19,2020.1,417.1,14576.5264
54360,54420,452.88,2032.9,399.4,14720.6660
54420,54480,450.00,2029.1,350.3,14493.5283
54480,54540,462.38,2032.1,414.4,14662.4014
54540,54600,452.21,2027.3,351.7,14679.3633
54600,54660,453.30,2028.7,341.0,14503.8662
54660,54720,450.75,2032.4,346.5,14271.0898
54720,54780,452.12,2057.2,366.8,14676.8223
54780,54840,450.80,2033.3,370.3,14563.8408
54840,54900,449.06,2027.4,445.0,14510.3564
54900,54960,451.51,2032.2,481.4,14649.4189
54960,55020,452.89,2033.8,425.7,14913.1787
55020,55080,456.17,2033.2,491.8,15072.4902
55080,55140,447.28,2029.1,361.0,14539.5469
55140,55200,451.17,2035.5,414.6,15092.7969
55200,55260,449.92,2036.3,377.4,14949.5488
55260,55320,448.26,2029.2,363.6,14856.9102
55320,55380,443.87,2018.5,355.0,15016.2549
55380,55440,446.97,2014.4,390.2,14818.1563
55440,55500,443.68,2011.6,336.7,14695.2256
55500,55560,443.98,2009.2,319.5,15348.9512
55560,55620,440.88,2004.9,297.5,15264.5527
55620,55680,441.17,2007.1,298.3,15064.6572
55680,55740,443.70,2012.9,343.3,14757.1758
55740,55800,445.41,2020.2,369.7,14946.9199
55800,55860,443.80,2021.7,343.9,14949.8838
55860,55920,441.75,2013.4,327.9,14553.1592
55920,55980,444.09,2018.4,468.1,14647.8340
55980,56040,443.09,2019.5,325.9,14514.7627
56040,56100,444.20,2019.4,318.2,14618.0088
56100,56160,448.91,2019.7,334.1,14946.5127
56160,56220,442.52,2019.5,312.2,14622.5977
56220,56280,443.53,2020.2,316.9,14979.2539
56280,56340,442.09,2020.7,314.6,14766.5215
56340,56400,442.08,2022.2,311.2,14557.9688
56400,56460,442.96,2024.3,316.2,14576.5732
56460,56520,443.05,2022.6,309.5,14558.0439
56520,56580,442.37,2020.3,302.2,14501.5537
56580,56640,443.21,2022.0,318.9,14676.6123
56640,56700,442.56,2022.3,319.3,14501.5703
56700,56760,442.96,2022.5,317.8,14569.6426
56760,56820,444.26,2023.0,358.0,15554.0166
56820,56880,451.05,2023.8,492.2,15120.3662
56880,56940,448.05,2024.7,405.9,14743.3652
56940,57000,446.70,2025.6,387.0,14937.7500
57000,57060,445.03,2025.4,364.4,14983.1494
57060,57120,446.28,2025.5,363.6,15069.4697
57120,57180,447.20,2026.2,375.4,15718.1553
57180,57240,441.74,2025.4,348.8,16705.5645
57240,57300,441.20,2026.7,328.5,15745.8398
57300,57360,441.51,2026.9,331.3,16385.1895
57360,57420,441.57,2027.7,326.0,15932.6191
57420,57480,444.08,2027.4,329.8,15875.4932
57480,57540,442.11,2027.1,327.8,16444.2344
57540,57600,441.00,2026.3,323.6,17347.8594
57600,57660,440.52,2028.9,325.8,16968.4590
57660,57720,441.08,2028.0,331.6,16709.4238
57720,57780,439.08,2020.9,303.0,15440.1904
57780,57840,438.12,2018.0,288.7,15179.5400
57840,57900,437.45,2016.3,283.2,15080.9072
57900,57960,438.85,2016.4,286.3,14944.7754
57960,58020,437.35,2012.4,273.5,14313.2734
58020,58080,437.72,2014.7,282.3,14972.8340
58080,58140,438.18,2018.4,288.4,15139.6465
58140,58200,438.02,2019.1,294.6,15449.2705
58200,58260,440.11,2020.7,314.9,16988.8926
58260,58320,439.12,2022.1,308.2,16181.5938
58320,58380,446.26,2022.4,328.4,15518.6797
58380,58440,437.82,2018.5,299.7,15729.5586
58440,58500,439.70,2018.4,307.6,15671.3779
58500,58560,442.19,2018.1,317.5,15400.4570
58560,58620,439.44,2016.0,302.2,15354.9102
58620,58680,436.14,2015.9,295.5,16791.9395
58680,58740,436.04,2014.9,287.7,15451.6406
58740,58800,435.98,2015.6,291.7,15656.5762
58800,58860,435.36,2014.9,303.3,16232.0049
58860,58920,435.86,2013.5,304.5,16037.7236
58920,58980,435.53,2012.2,282.0,15365.5107
58980,59040,437.06,2013.3,280.6,14588.1377
59040,59100,438.14,2013.3,280.9,14749.8203
59100,59160,437.14,2013.8,284.4,15107.3242
59160,59220,437.21,2014.8,287.0,15163.9795
59220,59280,437.32,2015.4,290.0,15018.3896
59280,59340,438.00,2017.0,300.6,15132.9199
59340,59400,437.36,2019.4,309.3,15862.6650
59400,59460,437.24,2019.1,309.7,16134.6279
59460,59520,438.03,2017.2,304.0,15576.4502
59520,59580,438.42,2017.7,312.2,15509.6084
59580,59640,438.55,2017.7,310.3,15209.3740
59640,59700,437.34,2018.1,303.8,15587.9248
59700,59760,-9999,-9999,-9999,-9999
59760,59820,436.53,-9999,299.4,15940.2451
59820,59880,436.71,2016.8,296.9,15562.5928
59880,59940,436.15,2016.6,297.0,16090.0449
59940,60000,436.37,2014.6,295.2,15478.0703
60000,60060,437.66,2015.9,297.4,15400.6074
60060,60120,-9999,-9999,-9999,-9999
60120,60180,-9999,-9999,-9999,-9999
60180,60240,-9999,-9999,-9999,-9999
60240,60300,-9999,-9999,-9999,-9999
60300,60360,436.74,2014.1,286.0,15425.8105
60360,60420,437.12,2014.2,288.5,15662.1162
60420,60480,437.06,2013.3,290.0,14984.9893
60480,60540,436.49,2013.8,288.7,15377.7070
60540,60600,435.85,2013.6,296.2,15522.4121
60600,60660,435.98,2013.8,296.2,16025.9766
60660,60720,434.67,2014.1,299.7,16253.2754
60720,60780,434.79,2013.9,300.1,16586.1074
60780,60840,434.94,2015.0,303.3,16598.3379
60840,60900,435.56,2014.4,301.6,16099.1689
60900,60960,436.64,2013.2,307.8,15693.8477
60960,61020,435.00,2013.0,296.0,15740.0986
61020,61080,433.75,2013.4,297.2,16518.5684
61080,61140,434.62,2011.6,297.2,15699.3760
61140,61200,434.39,2011.0,295.8,15755.8213
61200,61260,434.30,2009.7,292.3,15318.6279
61260,61320,434.28,2010.2,293.1,15480.9229
61320,61380,434.17,2009.9,293.9,15695.8467
61380,61440,435.13,2009.8,297.0,15799.2383
61440,61500,433.99,2009.5,295.9,16146.7002
61500,61560,434.68,2010.2,296.8,16112.1504
61560,61620,432.69,2006.6,282.2,15824.0615
61620,61680,433.28,2007.9,284.6,15572.7129
61680,61740,432.17,2007.7,280.8,16128.7285
61740,61800,433.23,2008.1,284.3,15554.5479
61800,61860,433.74,2003.1,280.7,14871.9160
61860,61920,433.71,1996.6,265.2,14022.8770
61920,61980,434.96,2000.5,280.4,14353.4209
61980,62040,435.67,2002.2,283.1,14471.3096
62040,62100,434.59,2006.4,283.5,14756.2637
62100,62160,433.25,2002.7,273.9,14729.9912
62160,62220,431.86,1993.7,251.7,14153.4561
62220,62280,430.82,1982.3,220.8,13248.3154
62280,62340,431.71,1982.8,222.6,13012.8535
62340,62400,431.47,1983.4,226.0,13433.5938
62400,62460,431.63,1983.7,226.6,13538.8086
62460,62520,431.31,1984.5,226.4,13235.6846
62520,62580,430.99,1985.4,228.9,13773.8135
62580,62640,431.12,1989.0,238.1,14029.4297
62640,62700,432.36,1990.4,240.2,13672.7334
62700,62760,430.74,1990.2,239.1,14217.1494
62760,62820,431.83,1990.3,252.4,14440.4131
62820,62880,431.39,1990.2,239.7,14084.5293
62880,62940,430.14,1990.8,238.5,14764.6025
62940,63000,431.23,1989.9,238.9,13850.1816
63000,63060,430.66,1990.3,241.6,14466.6865
63060,63120,431.24,1990.6,238.5,14332.4648
63120,63180,431.49,1990.5,241.0,14130.2969
63180,63240,432.99,1993.8,251.9,14445.8467
63240,63300,433.55,1995.5,258.9,14191.9717
63300,63360,434.97,1995.7,263.8,13739.5703
63360,63420,436.29,1996.4,280.1,13909.1641
63420,63480,434.86,1996.9,271.9,14080.0547
63480,63540,435.22,1997.1,271.8,14315.6992
63540,63600,436.17,1996.6,275.3,13784.7373
63600,63660,435.66,1996.2,270.2,13566.2354
63660,63720,435.59,1997.3,271.7,14309.2236
63720,63780,435.16,1996.3,269.2,13820.8457
63780,63840,435.82,1995.5,271.8,13405.6865
63840,63900,435.03,1994.8,261.1,13282.6416
63900,63960,435.01,1996.3,265.2,13400.1514
63960,64020,434.24,1996.4,265.8,14083.4580
64020,64080,434.25,1996.8,266.5,15118.1123
64080,64140,435.00,1997.1,269.6,14888.9736
64140,64200,435.17,1997.1,272.3,14458.4102
64200,64260,434.76,1996.9,270.0,14107.9502
64260,64320,434.80,1996.9,266.9,14127.1738
64320,64380,435.26,1995.6,265.8,13756.3057
64380,64440,435.03,1994.8,262.7,13454.8242
64440,64500,434.78,1993.3,260.6,13810.6543
64500,64560,432.66,1989.8,242.7,14353.9404
64560,64620,432.91,1988.4,239.3,13928.9775
64620,64680,432.09,1988.6,240.1,14898.3418
64680,64740,434.42,1990.8,251.3,14172.9951
64740,64800,433.72,1988.5,238.7,13547.2793
64800,64860,433.98,1987.7,240.5,13432.0205
64860,64920,433.92,1987.7,241.0,13738.7617
64920,64980,433.11,1987.5,237.8,13842.9707
64980,65040,432.61,1987.6,234.1,13804.3984
65040,65100,432.78,1986.6,231.8,13610.6094
65100,65160,431.96,1987.2,230.2,14444.5391
65160,65220,431.97,1987.7,233.9,14097.3105
65220,65280,432.07,1987.4,233.8,14028.1963
65280,65340,432.81,1987.0,234.3,13363.4229
65340,65400,431.57,1987.4,231.5,14309.1416
65400,65460,432.61,1987.3,233.7,13957.6475
65460,65520,432.27,1987.0,231.7,13864.6621
65520,65580,431.17,1988.1,234.0,14752.0986
65580,65640,432.22,1988.0,235.4,14026.8008
65640,65700,431.69,1988.7,234.7,14862.3047
65700,65760,431.34,1988.8,236.2,15072.3896
65760,65820,430.42,1988.4,237.8,15529.5293
65820,65880,432.44,1990.7,241.3,14316.1699
65880,65940,433.33,1993.5,246.4,13966.8662
65940,66000,433.44,1995.1,254.6,14244.5586
66000,66060,433.73,1995.2,250.7,13844.7930
66060,66120,433.81,1992.7,243.6,13349.1299
66120,66180,433.83,1994.0,247.3,13625.4238
66180,66240,433.26,1994.9,251.8,14133.6611
66240,66300,433.14,1991.0,247.9,13858.8662
66300,66360,432.46,1988.5,240.5,13892.6455
66360,66420,432.32,1987.6,237.7,14184.2969
66420,66480,432.91,1985.2,235.2,13471.3262
66480,66540,434.62,1987.1,248.7,13295.0781
66540,66600,434.69,1987.0,247.6,13133.1484
66600,66660,433.14,1985.3,237.3,13372.7256
66660,66720,432.54,1985.2,235.2,13672.0684
66720,66780,432.41,1984.6,233.3,13521.4219
66780,66840,432.33,1983.2,233.3,13446.5957
66840,66900,433.53,1982.5,235.4,13165.3594
66900,66960,433.31,1982.8,235.7,13567.6729
66960,67020,432.61,1982.9,233.7,13515.6016
67020,67080,432.27,1982.4,230.4,13296.4297
67080,67140,431.21,1983.2,230.1,14232.3545
67140,67200,430.02,1981.1,224.9,14998.4453
67200,67260,432.77,1980.8,236.2,13691.0518
67260,67320,432.66,1979.6,230.1,13384.1855
67320,67380,432.80,1980.2,231.4,13029.2607
67380,67440,434.56,1982.2,240.6,13401.9043
67440,67500,434.67,1984.3,245.9,13305.8105
