CampaignData_and_Merges/R0/CSL_MobileLab_Parked/raw/20240724/USOS-NOAAIodideCIMS-HNO2_MobileLabGround_20240724_RA.ict
33, 1001
Michael A Robinson, Chris Jernigan, Subi Thakali
NOAA ESRL Chemical Sciences Laboratory and CIRES, U. of Colorado
NOAA Iodide CIMS Instrument
USOS
1, 1
2024, 07, 24, 2024, 07, 26
1
starttime_UTC, seconds_past_midnight, seconds_of_day_since_00:00:00_UTC
1
1
-9999
HNO2_NOAACIMS, pptv, Gas_HNO2_InSitu_S_AVMR, 
0
18
PI_CONTACT_INFO: 325 Broadway, R/CSD 7, Boulder, Colorado 80305; michael.a.robinson@noaa.gov; chris.jernigan@noaa.gov;
PLATFORM: NOAA CSL Mobile Lab
LOCATION: SLC, Utah
ASSOCIATED_DATA: 1Hz data also available on request.
INSTRUMENT_INFO: NOAA I- ToF CIMS
DATA_INFO: All data in parts per trillion by volume (pptv). 1 Hz data is available upon request.
UNCERTAINTY: TBD
ULOD_FLAG: -7777
ULOD_VALUE: N/A
LLOD_FLAG: -8888
LLOD_VALUE: N/A
DM_CONTACT_INFO: Nathan Howard; nathan.h.howard@noaa.gov
PROJECT_INFO: USOS, summer 2024. https://csl.noaa.gov/groups/csl7/measurements/2024usos/
STIPULATIONS_ON_USE: Users are strongly encouraged to contact the PI for proper data usage.
OTHER_COMMENTS: 
REVISION: RA
RA: Preliminary Data; For in-field use only
starttime_UTC, HNO2_NOAACIMS
[from data line 1054]
 63240, 21.451
 63300, 11.454
 63360, 42.784
 63420, 55.568
 63480, 21.007
 63540, 38.830
 63600, 39.337
 63660, 33.913
 63720, 37.439
 63780, 14.548
 63840, 28.694
 63900, 16.587
 63960, 15.058
 64020, 16.379
 64080, 16.221
 64140, 20.914
 64200, 26.281
 64260, 22.906
 64320, 23.180
 64380, 21.118
 64440, 20.636
 64500, 24.862
 64560, 21.050
 64620, 19.125
 64680, 32.858
 64740, 49.527
 64800, 22.483
 64860, 41.607
 64920, 29.662
 64980, 18.498
 65040, 19.759
 65100, 13.298
 65160, 18.242
 65220, 20.487
 65280, -9999.000
 65340,  9.686
 65400, 19.863
 65460, 15.398
 65520, 22.572
 65580, 16.227
 65640, 23.201
 65700, 16.585
 65760, 26.323
 65820, 31.490
 65880, 17.749
 65940, 20.569
 66000, 20.279
 66060, 16.065
 66120, 19.491
 66180, 15.240
 66240, 22.858
 66300, 16.731
 66360, 19.531
 66420, 24.877
 66480, 22.262
 66540, 43.272
 66600, 14.244
 66660, 19.013
 66720, 17.066
 66780, 17.905
 66840, 22.836
 66900, 30.185
 66960, 28.073
 67020, 16.505
 67080, 15.900
 67140, -9999.000
 67200, 17.107
 67260, 13.578
 67320, 11.239
 67380,  9.988
 67440,  9.152
 67500,  9.488
 67560,  6.814
 67620, 11.475
 67680,  9.434
 67740, 10.615
 67800, 14.858
 67860,  7.721
 67920, 43.597
 67980, 28.763
 68040, 23.901
 68100, 39.282
 68160, 31.538
 68220, 16.989
 68280, 31.207
 68340, 14.916
 68400,  6.537
 68460,  9.621
 68520, 18.774
 68580, 14.663
 68640, 17.673
 68700, 17.283
 68760,  9.313
 68820, 10.192
 68880,  9.136
 68940,  7.699
 69000, -9999.000
 69060,  8.309
 69120,  6.602
 69180, 11.255
 69240,  9.778
 69300,  9.750
 69360, 11.332
 69420,  8.609
 69480, 15.656
 69540, 17.569
 69600, 10.382
 69660, 12.521
 69720, 15.711
 69780, 17.757
 69840, 12.436
 69900,  9.792
 69960, 19.669
 70020, 14.767
 70080, 19.195
 70140,  7.264
 70200, 11.278
 70260,  8.602
 70320, 12.021
 70380, 12.414
 70440, 11.121
 70500, 10.913
 70560,  7.001
 70620,  6.733
 70680,  7.340
 70740,  9.206
 70800, 12.172
 70860, 10.444
 70920, 12.784
 70980,  8.937
 71040, 14.920
 71100, 11.171
 71160,  8.766
 71220, 14.399
 71280, 14.220
 71340,  7.054
 71400,  5.562
 71460,  4.390
 71520,  4.442
 71580, 10.886
 71640,  9.917
 71700,  7.376
 71760,  1.029
 71820,  1.821
 71880, -1.049
 71940,  3.529
 72000,  4.078
 72060,  4.081
 72120,  6.036
 72180,  4.053
 72240,  1.170
 72300,  4.502
 72360,  4.245
 72420,  6.613
 72480,  3.297
 72540,  4.914
 72600,  2.488
 72660, -9999.000
 72720,  7.670
 72780,  4.523
 72840,  8.363
 72900,  8.146
 72960, 11.622
 73020,  5.474
 73080,  3.140
 73140,  2.772
 73200,  2.726
 73260,  8.028
 73320,  4.009
 73380,  0.731
 73440,  0.811
 73500, 14.280
 73560,  0.386
 73620,  3.794
 73680,  6.314
 73740,  6.571
 73800,  4.123
 73860,  1.175
 73920,  1.420
 73980,  0.828
 74040, -0.101
 74100,  7.303
 74160,  3.997
 74220,  3.313
 74280,  6.184
 74340,  7.494
 74400,  4.602
 74460,  4.644
 74520, -4.884
 74580,  5.248
 74640,  5.513
 74700,  5.997
 74760,  2.927
 74820,  6.938
 74880,  3.240
 74940,  4.716
 75000,  7.590
 75060,  6.891
 75120,  5.028
 75180, 16.679
 75240,  7.311
 75300,  2.866
 75360,  6.305
 75420,  1.595
 75480,  0.893
 75540,  0.422
 75600,  5.697
 75660,  3.994
 75720,  5.815
 75780,  2.017
 75840,  1.330
 75900,  4.573
 75960,  4.756
 76020,  3.933
 76080,  5.503
 76140,  3.291
 76200,  4.404
 76260,  1.284
 76320,  4.224
 76380, -9999.000
 76440,  3.798
 76500,  1.249
 76560,  4.570
 76620,  4.256
 76680,  6.174
 76740,  4.220
 76800,  0.942
 76860,  1.518
 76920,  0.960
 76980,  0.057
 77040,  3.322
 77100,  2.902
 77160,  2.115
 77220,  3.106
 77280,  2.401
 77340,  3.919
 77400,  3.092
 77460,  4.160
 77520,  0.818
 77580,  3.800
 77640,  0.244
 77700, -0.326
 77760,  0.158
 77820,  0.772
 77880,  0.974
 77940,  1.088
 78000,  0.988
 78060,  2.787
 78120,  3.840
 78180,  5.487
 78240,  1.747
 78300,  2.006
 78360, 14.266
 78420,  4.660
 78480,  4.164
 78540,  7.026
 78600,  3.518
 78660,  3.031
 78720,  3.472
 78780,  2.949
 78840,  5.918
 78900,  6.777
 78960,  1.468
 79020, -1.003
 79080, -1.929
 79140, -1.037
 79200, -2.404
 79260,  0.022
 79320,  0.447
 79380,  1.260
 79440,  4.287
 79500,  5.199
 79560,  6.866
 79620,  1.386
 79680,  0.585
 79740,  1.224
 79800,  0.155
 79860,  5.359
 79920,  5.192
 79980,  2.406
 80040,  7.156
 80100, -2.622
 80160,  6.288
 80220, 11.673
 80280,  0.642
 80340,  2.377
 80400, -0.398
 80460,  3.924
 80520,  1.698
 80580,  2.855
 80640,  1.632
 80700,  0.479
 80760,  0.857
 80820,  3.956
 80880, -0.031
 80940,  1.371
 81000,  3.038
 81060, 19.957
 81120,  2.158
 81180,  5.784
 81240,  1.215
 81300,  1.422
 81360,  0.543
 81420,  0.046
 81480,  0.058
 81540,  1.927
 81600,  1.681
 81660,  4.236
 81720, 29.121
 81780, 12.940
 81840,  0.484
 81900,  0.111
 81960,  6.166
 82020, 10.678
 82080,  6.092
 82140,  9.483
 82200,  1.446
 82260, 11.641
 82320, 13.610
 82380, 13.797
 82440,  9.552
 82500, 14.969
 82560,  8.794
 82620, 13.549
 82680,  9.959
 82740, 14.225
 82800,  7.663
 82860,  7.979
 82920,  6.809
 82980,  7.095
 83040, 13.873
 83100, 10.543
 83160,  5.156
 83220,  2.412
 83280, -1.730
 83340,  3.083
 83400, -0.864
 83460,  1.321
 83520,  0.540
 83580,  2.830
 83640,  0.411
 83700,  1.241
 83760, -1.351
 83820,  0.195
 83880, -0.759
 83940,  2.647
 84000,  1.028
 84060,  3.211
 84120,  0.077
 84180,  1.189
 84240,  0.254
 84300,  3.543
 84360,  9.494
 84420,  2.028
 84480,  6.591
 84540,  4.368
 84600,  0.802
 84660, -0.276
 84720, 12.211
 84780, 10.691
 84840, 17.431
 84900, -9999.000
 84960,  2.840
 85020,  0.912
 85080, -0.697
 85140, 28.958
 85200, -0.400
 85260,  1.928
 85320,  2.330
 85380, 13.279
 85440, 43.769
 85500, 78.715
 85560, 382.656
 85620, 291.213
 85680,  8.426
 85740, 65.892
 85800, 198.905
 85860, 25.569
 85920,  3.873
 85980,  5.652
 86040,  1.267
 86100,  3.547
 86160,  5.423
 86220,  7.331
 86280,  5.619
 86340,  3.569
