CampaignData_and_Merges/R0/CSL_MobileLab_Parked/raw/20240724/USOS-jNO2_MobileLabGround_20240724_R0.ict
52,1001
Waxman, E.; Rollins, A.; Zuraski, K.; Chace, W.
NOAA Chemical Sciences Laboratory
jNO2 filter radiometer on CSL Mobile Lab
AMMBEC / USOS
1, 1
2024,07,24, 2025,04,01
60
Time_Start, seconds, number_of_seconds_since_0000_UTC
20
1, 1, 1, 1, 1, 1, 1, 1, 1, 1, 1, 1, 1, 1, 1, 1, 1, 1, 1, 1
-9999, -9999, -9999, -9999, -9999, -9999, -9999, -9999, -9999, -9999, -9999, -9999, -9999, -9999, -9999, -9999, -9999, -9999, -9999, -9999
Time_Stop, seconds, number_of_seconds_since_0000_UTC
jNO2_meas, per second, photolysis rate of NO2 measured using a filter radiometer.
jBrCl, per second, photolysis rate of BrCl -> Br + Cl calculated in TUV for cloud-free sky with local AOD
jBr2, per second, photolysis rate of Br2 -> Br + Br calculated in TUV for cloud-free sky with local AOD
jCCl4, per second, photolysis rate of CCl4 -> Products calcualted in TUV for cloud-free sky with local AOD
jCH2Oa, per second, photolysis rate of CH2O -> H + HCO calculated in TUV for cloud-free sky with local AOD
jCH2Ob, per second, photolysis rate of CH2O -> H2 + CO calculated in TUV for cloud-free sky with local AOD
jClNO2, per second, photolysis rate of ClNO2 -> Cl + NO2 calculated in TUV for cloud-free sky with local AOD
jClOa, per second, photolysis rate of ClO -> Cl + O(1D) calculated in TUV for cloud-free sky with local AOD
jClOb, per second, photolysis rate of ClO -> Cl + O(3P) calculated in TUV for cloud-free sky with local AOD
jCl2, per second, photolysis rate of Cl2 -> Cl + Cl calculated in TUV for cloud-free sky with local AOD
jHNO2, per second, photolysis rate of HNO2 -> OH + NO calculated in TUV for cloud-free sky with local AOD
jHNO3, per second, photolysis rate of HNO3 -> OH + NO2 calculated in TUV for cloud-free sky with local AOD
jI2, per second, photolysis rate of I2 -> I + I calculated in TUV for cloud-free sky with local AOD
jNO2, per second, photolysis rate of NO2 -> NO + O(3P) calculated in TUV for cloud-free sky with local AOD
jNO3a, per second, photolysis rate of NO3 -> NO + O2 calculated in TUV for cloud-free sky with local AOD
jNO3b, per second, photolysis rate of NO3 -> NO2 + O(3P) calculated in TUV for cloud-free sky with local AOD
jN2O5, per second, photolysis rate of N2O5 -> NO3 + NO + O(3P) calculated in TUV for cloud-free sky with local AOD
jO3, per second, photolysis rate of O3 -> O2 + O(1D) calculated in TUV for cloud-free sky with local AOD
AOD_500nm, unitless, UTC daily mean AOD at 500 nm from an AERONET station located at 40.178 N, -112.452 E
0
18
PI_CONTACT_INFO: eleanor.waxman@noaa.gov
PLATFORM: CSL Mobile Lab, at ground site
LOCATION: Salt Lake City, UT
ASSOCIATED_DATA:
INSTRUMENT_INFO: jNO2 filter radiometer.  TUV calculations are for mobile van lat/lon/altitude assuming clear sky (cloud AOD = 0) and daily mean AOD.
DATA_INFO:
UNCERTAINTY: Data uncertainties are +/- 20%.  These come from uncertainties in radiometer angular response, radiometer thermal response, local interferences from clouds/aerosols/shadows etc.
ULOD_FLAG: -7777
ULOD_VALUE: N/A
LLOD_FLAG: -8888
LLOD_VALUE: N/A
DM_CONTACT_INFO: eleanor.waxman@noaa.gov
PROJECT_INFO: USOS Project, July - August 2024
STIPULATIONS_ON_USE: Users are strongly encouraged to contact the PI for proper data usage.
OTHER_COMMENTS: 
REVISION: R0
R0: final data
Time_Start, Time_Stop, jNO2_meas, jBrCl, jBr2, jCCl4, jCH2Oa, jCH2Ob, jClNO2, jClOa, jClOb, jCl2, jHNO2, jHNO3, jI2, jNO2, jNO3a, jNO3b, jN2O5, jO3, AOD_500nm
[from data line 1119]
   67140,   67200,0.0086774,0.01057,0.03201,7.374e-22,3.208e-05,4.728e-05,0.000467,3.613e-22,4.902e-05,0.002275,0.001479,5.888e-07,0.1143,0.009076,0.02209,0.177,4.206e-05,3.233e-05,0.393
   67200,   67260,0.008674,0.01057,0.03202,7.571e-22,3.211e-05,4.731e-05,0.0004673,3.71e-22,4.91e-05,0.002276,0.00148,5.896e-07,0.1143,0.00908,0.02209,0.177,4.209e-05,3.239e-05,0.393
   67260,   67320,0.0086583,0.01057,0.03202,7.757e-22,3.214e-05,4.734e-05,0.0004676,3.802e-22,4.918e-05,0.002277,0.00148,5.903e-07,0.1143,0.009084,0.02209,0.177,4.212e-05,3.244e-05,0.393
   67320,   67380,0.008639,0.01058,0.03203,7.956e-22,3.217e-05,4.737e-05,0.0004679,3.901e-22,4.926e-05,0.002278,0.001481,5.91e-07,0.1144,0.009088,0.02209,0.1771,4.216e-05,3.249e-05,0.393
   67380,   67440,0.0086384,0.01058,0.03204,8.154e-22,3.22e-05,4.74e-05,0.0004682,3.999e-22,4.934e-05,0.00228,0.001482,5.917e-07,0.1144,0.009092,0.0221,0.1771,4.219e-05,3.255e-05,0.393
   67440,   67500,0.0086402,0.01058,0.03205,8.342e-22,3.222e-05,4.743e-05,0.0004684,4.092e-22,4.941e-05,0.002281,0.001482,5.923e-07,0.1144,0.009095,0.0221,0.1771,4.221e-05,3.26e-05,0.393
   67500,   67560,0.0086489,0.01059,0.03205,8.542e-22,3.225e-05,4.746e-05,0.0004687,4.191e-22,4.948e-05,0.002282,0.001483,5.93e-07,0.1144,0.009099,0.0221,0.1771,4.224e-05,3.265e-05,0.393
   67560,   67620,0.0086574,0.01059,0.03206,8.743e-22,3.227e-05,4.749e-05,0.000469,4.29e-22,4.956e-05,0.002283,0.001483,5.936e-07,0.1144,0.009102,0.0221,0.1772,4.227e-05,3.27e-05,0.393
   67620,   67680,0.0086752,0.01059,0.03207,8.931e-22,3.23e-05,4.751e-05,0.0004692,4.383e-22,4.962e-05,0.002284,0.001484,5.942e-07,0.1144,0.009105,0.02211,0.1772,4.23e-05,3.275e-05,0.393
   67680,   67740,0.0086667,0.0106,0.03207,9.13e-22,3.232e-05,4.754e-05,0.0004695,4.482e-22,4.969e-05,0.002285,0.001485,5.948e-07,0.1145,0.009109,0.02211,0.1772,4.233e-05,3.279e-05,0.393
   67740,   67800,0.0086683,0.0106,0.03208,9.33e-22,3.234e-05,4.756e-05,0.0004698,4.58e-22,4.976e-05,0.002286,0.001485,5.955e-07,0.1145,0.009112,0.02211,0.1772,4.235e-05,3.284e-05,0.393
   67800,   67860,0.0086837,0.0106,0.03208,9.517e-22,3.237e-05,4.759e-05,0.00047,4.673e-22,4.983e-05,0.002287,0.001486,5.96e-07,0.1145,0.009115,0.02211,0.1772,4.238e-05,3.288e-05,0.393
   67860,   67920,0.0086972,0.0106,0.03209,9.715e-22,3.239e-05,4.761e-05,0.0004702,4.771e-22,4.989e-05,0.002288,0.001486,5.966e-07,0.1145,0.009118,0.02212,0.1773,4.24e-05,3.293e-05,0.393
   67920,   67980,0.0087266,0.01061,0.0321,9.912e-22,3.241e-05,4.764e-05,0.0004705,4.869e-22,4.995e-05,0.002289,0.001487,5.972e-07,0.1145,0.009121,0.02212,0.1773,4.243e-05,3.297e-05,0.393
   67980,   68040,0.0087505,0.01061,0.0321,1.01e-21,3.243e-05,4.766e-05,0.0004707,4.96e-22,5.001e-05,0.00229,0.001487,5.977e-07,0.1145,0.009124,0.02212,0.1773,4.245e-05,3.301e-05,0.393
   68040,   68100,0.0087526,0.01061,0.03211,1.029e-21,3.245e-05,4.768e-05,0.0004709,5.055e-22,5.007e-05,0.00229,0.001488,5.982e-07,0.1145,0.009127,0.02212,0.1773,4.247e-05,3.305e-05,0.393
   68100,   68160,0.0087669,0.01061,0.03211,1.048e-21,3.247e-05,4.771e-05,0.0004711,5.15e-22,5.013e-05,0.002291,0.001488,5.987e-07,0.1146,0.009129,0.02212,0.1773,4.25e-05,3.309e-05,0.393
   68160,   68220,0.008775,0.01062,0.03212,1.066e-21,3.249e-05,4.773e-05,0.0004713,5.239e-22,5.019e-05,0.002292,0.001489,5.992e-07,0.1146,0.009132,0.02212,0.1774,4.252e-05,3.313e-05,0.393
   68220,   68280,0.008771,0.01062,0.03212,1.085e-21,3.251e-05,4.775e-05,0.0004716,5.332e-22,5.024e-05,0.002293,0.001489,5.997e-07,0.1146,0.009134,0.02213,0.1774,4.254e-05,3.317e-05,0.393
   68280,   68340,0.0087567,0.01062,0.03213,1.103e-21,3.253e-05,4.777e-05,0.0004718,5.424e-22,5.03e-05,0.002294,0.00149,6.002e-07,0.1146,0.009137,0.02213,0.1774,4.256e-05,3.321e-05,0.393
   68340,   68400,0.008735,0.01062,0.03213,1.121e-21,3.255e-05,4.779e-05,0.0004719,5.51e-22,5.034e-05,0.002294,0.00149,6.006e-07,0.1146,0.009139,0.02213,0.1774,4.258e-05,3.324e-05,0.393
   68400,   68460,0.0087222,0.01063,0.03214,1.138e-21,3.257e-05,4.781e-05,0.0004721,5.598e-22,5.04e-05,0.002295,0.00149,6.011e-07,0.1146,0.009142,0.02213,0.1774,4.26e-05,3.328e-05,0.393
   68460,   68520,0.0087153,0.01063,0.03214,1.156e-21,3.258e-05,4.782e-05,0.0004723,5.686e-22,5.044e-05,0.002296,0.001491,6.015e-07,0.1146,0.009144,0.02213,0.1774,4.262e-05,3.331e-05,0.393
   68520,   68580,0.0087076,0.01063,0.03215,1.172e-21,3.26e-05,4.784e-05,0.0004725,5.766e-22,5.049e-05,0.002296,0.001491,6.019e-07,0.1146,0.009146,0.02213,0.1775,4.263e-05,3.334e-05,0.393
   68580,   68640,0.0087206,0.01063,0.03215,1.189e-21,3.262e-05,4.786e-05,0.0004726,5.851e-22,5.054e-05,0.002297,0.001492,6.023e-07,0.1146,0.009148,0.02214,0.1775,4.265e-05,3.337e-05,0.393
   68640,   68700,0.0087288,0.01063,0.03215,1.206e-21,3.263e-05,4.787e-05,0.0004728,5.933e-22,5.058e-05,0.002298,0.001492,6.027e-07,0.1147,0.00915,0.02214,0.1775,4.267e-05,3.34e-05,0.393
   68700,   68760,0.0087371,0.01063,0.03216,1.221e-21,3.264e-05,4.789e-05,0.000473,6.008e-22,5.062e-05,0.002298,0.001492,6.031e-07,0.1147,0.009152,0.02214,0.1775,4.268e-05,3.343e-05,0.393
   68760,   68820,0.0087405,0.01064,0.03216,1.237e-21,3.266e-05,4.79e-05,0.0004731,6.086e-22,5.066e-05,0.002299,0.001493,6.034e-07,0.1147,0.009154,0.02214,0.1775,4.27e-05,3.346e-05,0.393
   68820,   68880,0.0087196,0.01064,0.03216,1.252e-21,3.267e-05,4.792e-05,0.0004733,6.162e-22,5.07e-05,0.0023,0.001493,6.038e-07,0.1147,0.009156,0.02214,0.1775,4.272e-05,3.349e-05,0.393
   68880,   68940,0.0087054,0.01064,0.03217,1.266e-21,3.268e-05,4.793e-05,0.0004734,6.231e-22,5.074e-05,0.0023,0.001493,6.041e-07,0.1147,0.009157,0.02214,0.1775,4.273e-05,3.351e-05,0.393
   68940,   69000,0.0086981,0.01064,0.03217,1.281e-21,3.27e-05,4.795e-05,0.0004735,6.303e-22,5.077e-05,0.002301,0.001494,6.044e-07,0.1147,0.009159,0.02214,0.1775,4.274e-05,3.353e-05,0.393
   69000,   69060,0.0087112,0.01064,0.03217,1.294e-21,3.271e-05,4.796e-05,0.0004736,6.371e-22,5.081e-05,0.002301,0.001494,6.047e-07,0.1147,0.009161,0.02214,0.1776,4.276e-05,3.356e-05,0.393
   69060,   69120,0.0087113,0.01064,0.03218,1.307e-21,3.272e-05,4.797e-05,0.0004738,6.433e-22,5.084e-05,0.002302,0.001494,6.05e-07,0.1147,0.009162,0.02215,0.1776,4.277e-05,3.358e-05,0.393
   69120,   69180,0.0087058,0.01064,0.03218,1.32e-21,3.273e-05,4.798e-05,0.0004739,6.496e-22,5.087e-05,0.002302,0.001494,6.053e-07,0.1147,0.009163,0.02215,0.1776,4.278e-05,3.36e-05,0.393
   69180,   69240,0.0087011,0.01065,0.03218,1.332e-21,3.274e-05,4.799e-05,0.000474,6.557e-22,5.09e-05,0.002302,0.001495,6.055e-07,0.1147,0.009165,0.02215,0.1776,4.279e-05,3.362e-05,0.393
   69240,   69300,0.0086998,0.01065,0.03218,1.343e-21,3.275e-05,4.8e-05,0.0004741,6.611e-22,5.093e-05,0.002303,0.001495,6.058e-07,0.1147,0.009166,0.02215,0.1776,4.28e-05,3.364e-05,0.393
   69300,   69360,0.0087064,0.01065,0.03219,1.354e-21,3.276e-05,4.801e-05,0.0004742,6.666e-22,5.095e-05,0.002303,0.001495,6.06e-07,0.1147,0.009167,0.02215,0.1776,4.281e-05,3.366e-05,0.393
   69360,   69420,0.008729,0.01065,0.03219,1.364e-21,3.277e-05,4.802e-05,0.0004743,6.717e-22,5.098e-05,0.002303,0.001495,6.062e-07,0.1147,0.009168,0.02215,0.1776,4.282e-05,3.367e-05,0.393
   69420,   69480,0.0087491,0.01065,0.03219,1.373e-21,3.278e-05,4.803e-05,0.0004743,6.763e-22,5.1e-05,0.002304,0.001495,6.064e-07,0.1147,0.009169,0.02215,0.1776,4.283e-05,3.369e-05,0.393
   69480,   69540,0.0087596,0.01065,0.03219,1.382e-21,3.278e-05,4.804e-05,0.0004744,6.809e-22,5.102e-05,0.002304,0.001496,6.066e-07,0.1148,0.00917,0.02215,0.1776,4.284e-05,3.37e-05,0.393
   69540,   69600,0.0087655,0.01065,0.03219,1.391e-21,3.279e-05,4.805e-05,0.0004745,6.851e-22,5.104e-05,0.002304,0.001496,6.068e-07,0.1148,0.009171,0.02215,0.1776,4.285e-05,3.372e-05,0.393
   69600,   69660,0.0087684,0.01065,0.0322,1.398e-21,3.28e-05,4.805e-05,0.0004746,6.888e-22,5.106e-05,0.002305,0.001496,6.069e-07,0.1148,0.009172,0.02215,0.1776,4.285e-05,3.373e-05,0.393
   69660,   69720,0.0087707,0.01065,0.0322,1.406e-21,3.28e-05,4.806e-05,0.0004746,6.924e-22,5.107e-05,0.002305,0.001496,6.071e-07,0.1148,0.009173,0.02215,0.1776,4.286e-05,3.374e-05,0.393
   69720,   69780,0.0088046,0.01065,0.0322,1.412e-21,3.281e-05,4.806e-05,0.0004747,6.955e-22,5.109e-05,0.002305,0.001496,6.072e-07,0.1148,0.009174,0.02215,0.1776,4.286e-05,3.375e-05,0.393
   69780,   69840,0.0088245,0.01065,0.0322,1.417e-21,3.281e-05,4.807e-05,0.0004747,6.982e-22,5.11e-05,0.002305,0.001496,6.073e-07,0.1148,0.009174,0.02215,0.1776,4.287e-05,3.376e-05,0.393
   69840,   69900,0.008807,0.01065,0.0322,1.423e-21,3.281e-05,4.807e-05,0.0004748,7.007e-22,5.111e-05,0.002305,0.001496,6.074e-07,0.1148,0.009175,0.02215,0.1777,4.287e-05,3.377e-05,0.393
   69900,   69960,0.0087863,0.01065,0.0322,1.427e-21,3.282e-05,4.808e-05,0.0004748,7.029e-22,5.112e-05,0.002306,0.001496,6.075e-07,0.1148,0.009175,0.02215,0.1777,4.288e-05,3.378e-05,0.393
   69960,   70020,0.0087732,0.01065,0.0322,1.43e-21,3.282e-05,4.808e-05,0.0004748,7.046e-22,5.113e-05,0.002306,0.001497,6.076e-07,0.1148,0.009175,0.02215,0.1777,4.288e-05,3.378e-05,0.393
   70020,   70080,0.0087818,0.01066,0.0322,1.433e-21,3.282e-05,4.808e-05,0.0004749,7.061e-22,5.114e-05,0.002306,0.001497,6.076e-07,0.1148,0.009176,0.02215,0.1777,4.288e-05,3.378e-05,0.393
   70080,   70140,0.0087783,0.01066,0.0322,1.435e-21,3.282e-05,4.808e-05,0.0004749,7.071e-22,5.114e-05,0.002306,0.001497,6.077e-07,0.1148,0.009176,0.02215,0.1777,4.289e-05,3.379e-05,0.393
   70140,   70200,0.0087522,0.01066,0.0322,1.437e-21,3.283e-05,4.809e-05,0.0004749,7.078e-22,5.114e-05,0.002306,0.001497,6.077e-07,0.1148,0.009176,0.02215,0.1777,4.289e-05,3.379e-05,0.393
   70200,   70260,0.0087437,0.01066,0.0322,1.438e-21,3.283e-05,4.809e-05,0.0004749,7.082e-22,5.115e-05,0.002306,0.001497,6.077e-07,0.1148,0.009176,0.02216,0.1777,4.289e-05,3.379e-05,0.393
   70260,   70320,0.008754,0.01066,0.0322,1.438e-21,3.283e-05,4.809e-05,0.0004749,7.082e-22,5.115e-05,0.002306,0.001497,6.077e-07,0.1148,0.009176,0.02215,0.1777,4.289e-05,3.379e-05,0.393
   70320,   70380,0.0087637,0.01066,0.0322,1.437e-21,3.283e-05,4.809e-05,0.0004749,7.079e-22,5.115e-05,0.002306,0.001497,6.077e-07,0.1148,0.009176,0.02216,0.1777,4.289e-05,3.379e-05,0.393
   70380,   70440,0.0087567,0.01066,0.0322,1.435e-21,3.282e-05,4.808e-05,0.0004749,7.07e-22,5.114e-05,0.002306,0.001497,6.077e-07,0.1148,0.009176,0.02215,0.1777,4.289e-05,3.379e-05,0.393
   70440,   70500,0.0087427,0.01065,0.0322,1.433e-21,3.282e-05,4.808e-05,0.0004749,7.059e-22,5.114e-05,0.002306,0.001497,6.076e-07,0.1148,0.009176,0.02215,0.1777,4.288e-05,3.378e-05,0.393
   70500,   70560,0.0087371,0.01065,0.0322,1.43e-21,3.282e-05,4.808e-05,0.0004748,7.046e-22,5.113e-05,0.002306,0.001497,6.076e-07,0.1148,0.009175,0.02215,0.1777,4.288e-05,3.378e-05,0.393
   70560,   70620,0.0087338,0.01065,0.0322,1.427e-21,3.282e-05,4.808e-05,0.0004748,7.028e-22,5.112e-05,0.002306,0.001496,6.075e-07,0.1148,0.009175,0.02215,0.1777,4.288e-05,3.377e-05,0.393
   70620,   70680,0.0087467,0.01065,0.0322,1.422e-21,3.281e-05,4.807e-05,0.0004748,7.006e-22,5.111e-05,0.002305,0.001496,6.074e-07,0.1148,0.009175,0.02215,0.1777,4.287e-05,3.377e-05,0.393
   70680,   70740,0.0087119,0.01065,0.0322,1.418e-21,3.281e-05,4.807e-05,0.0004747,6.983e-22,5.11e-05,0.002305,0.001496,6.073e-07,0.1148,0.009174,0.02215,0.1776,4.287e-05,3.376e-05,0.393
   70740,   70800,0.0086981,0.01065,0.0322,1.412e-21,3.281e-05,4.806e-05,0.0004747,6.953e-22,5.109e-05,0.002305,0.001496,6.072e-07,0.1148,0.009173,0.02215,0.1776,4.286e-05,3.375e-05,0.393
   70800,   70860,0.0087043,0.01065,0.0322,1.405e-21,3.28e-05,4.806e-05,0.0004746,6.921e-22,5.107e-05,0.002305,0.001496,6.071e-07,0.1148,0.009173,0.02215,0.1776,4.286e-05,3.374e-05,0.393
   70860,   70920,0.008719,0.01065,0.0322,1.398e-21,3.28e-05,4.805e-05,0.0004746,6.888e-22,5.106e-05,0.002305,0.001496,6.069e-07,0.1148,0.009172,0.02215,0.1776,4.285e-05,3.373e-05,0.393
   70920,   70980,0.0087473,0.01065,0.03219,1.391e-21,3.279e-05,4.805e-05,0.0004745,6.849e-22,5.104e-05,0.002304,0.001496,6.068e-07,0.1148,0.009171,0.02215,0.1776,4.285e-05,3.372e-05,0.393
   70980,   71040,0.0087631,0.01065,0.03219,1.382e-21,3.278e-05,4.804e-05,0.0004744,6.807e-22,5.102e-05,0.002304,0.001496,6.066e-07,0.1148,0.00917,0.02215,0.1776,4.284e-05,3.37e-05,0.393
   71040,   71100,0.008755,0.01065,0.03219,1.374e-21,3.278e-05,4.803e-05,0.0004744,6.764e-22,5.1e-05,0.002304,0.001495,6.064e-07,0.1148,0.009169,0.02215,0.1776,4.283e-05,3.369e-05,0.393
   71100,   71160,0.0087488,0.01065,0.03219,1.364e-21,3.277e-05,4.802e-05,0.0004743,6.715e-22,5.097e-05,0.002303,0.001495,6.062e-07,0.1147,0.009168,0.02215,0.1776,4.282e-05,3.367e-05,0.393
   71160,   71220,0.008757,0.01065,0.03219,1.353e-21,3.276e-05,4.801e-05,0.0004742,6.663e-22,5.095e-05,0.002303,0.001495,6.06e-07,0.1147,0.009167,0.02215,0.1776,4.281e-05,3.366e-05,0.393
   71220,   71280,0.0087608,0.01065,0.03218,1.343e-21,3.275e-05,4.8e-05,0.0004741,6.612e-22,5.093e-05,0.002303,0.001495,6.058e-07,0.1147,0.009166,0.02215,0.1776,4.28e-05,3.364e-05,0.393
   71280,   71340,0.0087361,0.01065,0.03218,1.331e-21,3.274e-05,4.799e-05,0.000474,6.554e-22,5.09e-05,0.002302,0.001495,6.055e-07,0.1147,0.009165,0.02215,0.1776,4.279e-05,3.362e-05,0.393
   71340,   71400,0.0087258,0.01064,0.03218,1.319e-21,3.273e-05,4.798e-05,0.0004739,6.494e-22,5.087e-05,0.002302,0.001494,6.053e-07,0.1147,0.009163,0.02215,0.1776,4.278e-05,3.36e-05,0.393
   71400,   71460,0.0087331,0.01064,0.03218,1.307e-21,3.272e-05,4.797e-05,0.0004738,6.433e-22,5.084e-05,0.002302,0.001494,6.05e-07,0.1147,0.009162,0.02215,0.1776,4.277e-05,3.358e-05,0.393
   71460,   71520,0.0087204,0.01064,0.03217,1.294e-21,3.271e-05,4.796e-05,0.0004736,6.367e-22,5.081e-05,0.002301,0.001494,6.047e-07,0.1147,0.009161,0.02214,0.1776,4.276e-05,3.356e-05,0.393
   71520,   71580,0.0087,0.01064,0.03217,1.28e-21,3.27e-05,4.795e-05,0.0004735,6.299e-22,5.077e-05,0.002301,0.001494,6.044e-07,0.1147,0.009159,0.02214,0.1775,4.274e-05,3.353e-05,0.393
   71580,   71640,0.0086925,0.01064,0.03217,1.266e-21,3.269e-05,4.793e-05,0.0004734,6.232e-22,5.074e-05,0.0023,0.001493,6.041e-07,0.1147,0.009157,0.02214,0.1775,4.273e-05,3.351e-05,0.393
   71640,   71700,0.0086746,0.01064,0.03216,1.251e-21,3.267e-05,4.792e-05,0.0004732,6.158e-22,5.07e-05,0.0023,0.001493,6.038e-07,0.1147,0.009156,0.02214,0.1775,4.272e-05,3.348e-05,0.393
   71700,   71760,0.008707,0.01064,0.03216,1.236e-21,3.266e-05,4.79e-05,0.0004731,6.083e-22,5.066e-05,0.002299,0.001493,6.034e-07,0.1147,0.009154,0.02214,0.1775,4.27e-05,3.346e-05,0.393
   71760,   71820,0.0087153,0.01063,0.03216,1.221e-21,3.264e-05,4.789e-05,0.000473,6.008e-22,5.062e-05,0.002298,0.001492,6.031e-07,0.1147,0.009152,0.02214,0.1775,4.269e-05,3.343e-05,0.393
   71820,   71880,0.0087222,0.01063,0.03215,1.205e-21,3.263e-05,4.787e-05,0.0004728,5.928e-22,5.058e-05,0.002298,0.001492,6.027e-07,0.1147,0.00915,0.02214,0.1775,4.267e-05,3.34e-05,0.393
   71880,   71940,0.0087381,0.01063,0.03215,1.188e-21,3.261e-05,4.786e-05,0.0004726,5.846e-22,5.053e-05,0.002297,0.001492,6.023e-07,0.1146,0.009148,0.02214,0.1775,4.265e-05,3.337e-05,0.393
   71940,   72000,0.008757,0.01063,0.03215,1.173e-21,3.26e-05,4.784e-05,0.0004725,5.767e-22,5.049e-05,0.002297,0.001491,6.019e-07,0.1146,0.009146,0.02213,0.1775,4.264e-05,3.334e-05,0.393
   72000,   72060,0.0087507,0.01063,0.03214,1.155e-21,3.258e-05,4.782e-05,0.0004723,5.682e-22,5.044e-05,0.002296,0.001491,6.015e-07,0.1146,0.009144,0.02213,0.1774,4.262e-05,3.331e-05,0.393
   72060,   72120,0.0087441,0.01063,0.03214,1.137e-21,3.257e-05,4.78e-05,0.0004721,5.593e-22,5.039e-05,0.002295,0.00149,6.011e-07,0.1146,0.009142,0.02213,0.1774,4.26e-05,3.327e-05,0.393
   72120,   72180,0.0087552,0.01062,0.03213,1.121e-21,3.255e-05,4.779e-05,0.0004719,5.509e-22,5.035e-05,0.002294,0.00149,6.006e-07,0.1146,0.009139,0.02213,0.1774,4.258e-05,3.324e-05,0.393
