CampaignData_and_Merges/R0/CSL_MobileLab_Parked/raw/20240724/USOS-NOAAIodideCIMS-HCOOH_MobileLabGround_20240724_RA.ict
33, 1001
Michael A Robinson, Chris Jernigan, Subi Thakali
NOAA ESRL Chemical Sciences Laboratory and CIRES, U. of Colorado
NOAA Iodide CIMS Instrument
USOS
1, 1
2024, 07, 24, 2024, 07, 26
1
starttime_UTC, seconds_past_midnight, seconds_of_day_since_00:00:00_UTC
1
1
-9999
HCOOH_NOAACIMS, pptv, Gas_HCOOH_InSitu_S_AVMR, 
0
18
PI_CONTACT_INFO: 325 Broadway, R/CSD 7, Boulder, Colorado 80305; michael.a.robinson@noaa.gov; chris.jernigan@noaa.gov;
PLATFORM: NOAA CSL Mobile Lab
LOCATION: SLC, Utah
ASSOCIATED_DATA: 1Hz data also available on request.
INSTRUMENT_INFO: NOAA I- ToF CIMS
DATA_INFO: All data in parts per trillion by volume (pptv). 1 Hz data is available upon request.
UNCERTAINTY: TBD
ULOD_FLAG: -7777
ULOD_VALUE: N/A
LLOD_FLAG: -8888
LLOD_VALUE: N/A
DM_CONTACT_INFO: Nathan Howard; nathan.h.howard@noaa.gov
PROJECT_INFO: USOS, summer 2024. https://csl.noaa.gov/groups/csl7/measurements/2024usos/
STIPULATIONS_ON_USE: Users are strongly encouraged to contact the PI for proper data usage.
OTHER_COMMENTS: 
REVISION: RA
RA: Preliminary Data; For in-field use only
starttime_UTC, HCOOH_NOAACIMS
[from data line 947]
 56820, 2327.483
 56880, 2412.471
 56940, 2339.593
 57000, 2384.051
 57060, 2382.914
 57120, 2399.666
 57180, 2580.086
 57240, 2549.368
 57300, 2550.608
 57360, 2536.208
 57420, 2549.239
 57480, 2621.242
 57540, 2558.774
 57600, 2670.448
 57660, 2707.069
 57720, 2552.896
 57780, 2390.563
 57840, 2387.676
 57900, -9999.000
 57960, 2250.067
 58020, 2394.276
 58080, 2360.587
 58140, 2424.353
 58200, 2415.658
 58260, 2504.535
 58320, 2481.537
 58380, 2584.896
 58440, 2643.849
 58500, 2468.679
 58560, 2480.440
 58620, 2479.447
 58680, 2480.897
 58740, 2399.713
 58800, 2400.942
 58860, 2472.757
 58920, 2481.111
 58980, 2377.240
 59040, 2380.007
 59100, 2377.406
 59160, 2342.916
 59220, 2348.334
 59280, 2401.150
 59340, 2696.248
 59400, 2678.260
 59460, 2488.215
 59520, 2453.288
 59580, 2412.223
 59640, 2501.309
 59700, 2558.022
 59760, 2548.397
 59820, 2555.283
 59880, 2463.423
 59940, 2482.983
 60000, 2540.413
 60060, 2621.957
 60120, 2668.916
 60180, 2600.919
 60240, 2557.739
 60300, 2481.889
 60360, 2585.717
 60420, 2639.475
 60480, 2374.352
 60540, 2363.863
 60600, 2432.733
 60660, 2431.052
 60720, 2343.617
 60780, 2547.749
 60840, 2536.766
 60900, 2506.507
 60960, 2436.825
 61020, 2291.115
 61080, 2341.486
 61140, 2184.829
 61200, 2232.095
 61260, 2181.685
 61320, 2193.425
 61380, 2172.988
 61440, 2242.345
 61500, 2300.401
 61560, 2254.275
 61620, 2189.980
 61680, 2196.277
 61740, 2283.972
 61800, 2258.707
 61860, 2026.274
 61920, 2040.609
 61980, 2240.460
 62040, 2279.329
 62100, 2150.535
 62160, 2066.715
 62220, 1781.163
 62280, 1643.428
 62340, 1712.556
 62400, 1693.117
 62460, 1646.424
 62520, 1642.716
 62580, 1641.534
 62640, 1900.993
 62700, 1825.285
 62760, 1903.705
 62820, 1937.025
 62880, 2038.325
 62940, 1798.694
 63000, 1896.839
 63060, 1715.883
 63120, 1794.399
 63180, 1973.280
 63240, 1832.611
 63300, 1760.862
 63360, 1866.895
 63420, 1823.109
 63480, 1798.243
 63540, 1857.771
 63600, 1803.706
 63660, 1711.796
 63720, 1868.828
 63780, 1651.259
 63840, 1615.504
 63900, 1612.883
 63960, 1646.910
 64020, 1606.404
 64080, 1603.832
 64140, 1626.122
 64200, 1718.419
 64260, 1681.063
 64320, 1771.949
 64380, 1733.875
 64440, 1609.024
 64500, 1646.926
 64560, 1574.357
 64620, 1574.093
 64680, 1760.961
 64740, 1597.524
 64800, 1582.318
 64860, 1521.425
 64920, 1665.466
 64980, 1618.491
 65040, 1408.618
 65100, 1397.660
 65160, 1507.840
 65220, 1483.258
 65280, -9999.000
 65340, 1297.519
 65400, 1418.730
 65460, 1364.057
 65520, 1426.460
 65580, 1450.780
 65640, 1426.944
 65700, 1522.309
 65760, 1573.053
 65820, 1582.378
 65880, 1426.016
 65940, 1457.984
 66000, 1456.751
 66060, 1384.065
 66120, 1386.391
 66180, 1336.685
 66240, 1495.299
 66300, 1362.156
 66360, 1411.350
 66420, 1494.555
 66480, 1303.545
 66540, 1320.854
 66600, 1240.039
 66660, 1310.922
 66720, 1322.722
 66780, 1327.244
 66840, 1297.699
 66900, 1333.020
 66960, 1350.292
 67020, 1281.765
 67080, 1266.847
 67140, -9999.000
 67200, 1256.906
 67260, 1163.873
 67320, 1156.582
 67380, 1124.705
 67440, 1140.037
 67500, 1169.679
 67560, 1078.010
 67620, 1086.923
 67680, 1092.169
 67740, 1122.725
 67800, 1187.791
 67860, 1118.952
 67920, 1137.378
 67980, 1243.686
 68040, 1237.499
 68100, 1237.695
 68160, 1117.880
 68220, 1046.838
 68280, 1050.419
 68340, 1010.040
 68400, 1004.807
 68460, 1018.973
 68520, 1208.958
 68580, 1125.560
 68640, 1247.547
 68700, 1198.130
 68760, 1005.421
 68820, 1182.562
 68880, 1110.654
 68940, 1014.301
 69000, -9999.000
 69060, 941.719
 69120, 967.452
 69180, 994.551
 69240, 981.218
 69300, 964.281
 69360, 1006.584
 69420, 1004.388
 69480, 1081.315
 69540, 980.765
 69600, 1010.373
 69660, 1135.839
 69720, 1144.134
 69780, 1128.220
 69840, 1065.773
 69900, 1039.814
 69960, 1154.563
 70020, 1049.808
 70080, 1182.143
 70140, 961.652
 70200, 994.390
 70260, 1017.714
 70320, 1067.223
 70380, 1082.780
 70440, 1014.505
 70500, 1013.767
 70560, 927.682
 70620, 918.122
 70680, 853.549
 70740, 890.634
 70800, 1013.811
 70860, 959.823
 70920, 966.311
 70980, 954.386
 71040, 1055.841
 71100, 994.351
 71160, 997.959
 71220, 1040.607
 71280, 1078.228
 71340, 1004.293
 71400, 893.707
 71460, 830.222
 71520, 885.780
 71580, 1039.631
 71640, 987.351
 71700, 979.680
 71760, 858.430
 71820, 831.841
 71880, 799.177
 71940, 827.923
 72000, 845.258
 72060, 833.113
 72120, 849.098
 72180, 850.872
 72240, 784.038
 72300, 868.780
 72360, 861.237
 72420, 820.900
 72480, 803.461
 72540, 872.514
 72600, 858.275
 72660, -9999.000
 72720, 785.117
 72780, 860.862
 72840, 948.195
 72900, 942.733
 72960, 1075.608
 73020, 932.375
 73080, 858.523
 73140, 843.422
 73200, 899.566
 73260, 919.887
 73320, 875.869
 73380, 777.123
 73440, 745.947
 73500, 870.088
 73560, 742.723
 73620, 817.050
 73680, 882.528
 73740, 913.278
 73800, 792.162
 73860, 744.527
 73920, 702.517
 73980, 683.358
 74040, 730.982
 74100, 896.234
 74160, 880.009
 74220, 824.894
 74280, 866.252
 74340, 975.131
 74400, 806.735
 74460, 804.360
 74520, 653.926
 74580, 710.708
 74640, 828.435
 74700, 797.597
 74760, 809.238
 74820, 793.047
 74880, 789.942
 74940, 850.720
 75000, 865.647
 75060, 851.611
 75120, 810.257
 75180, 797.191
 75240, 789.514
 75300, 730.655
 75360, 677.241
 75420, 730.457
 75480, 673.789
 75540, 718.343
 75600, 748.242
 75660, 732.282
 75720, 776.932
 75780, 722.096
 75840, 707.415
 75900, 767.280
 75960, 731.426
 76020, 754.848
 76080, 861.630
 76140, 708.167
 76200, 763.981
 76260, 740.177
 76320, 698.568
 76380, -9999.000
 76440, 606.089
 76500, 730.568
 76560, 730.614
 76620, 749.090
 76680, 706.801
 76740, 776.742
 76800, 634.601
 76860, 673.459
 76920, 616.578
 76980, 632.958
 77040, 648.557
 77100, 727.556
 77160, 678.511
 77220, 722.782
 77280, 661.713
 77340, 668.332
 77400, 610.592
 77460, 700.310
 77520, 603.515
 77580, 639.913
 77640, 558.455
 77700, 607.385
 77760, 630.076
 77820, 639.789
 77880, 642.053
 77940, 637.606
 78000, 638.333
 78060, 610.617
 78120, 608.520
 78180, 629.429
 78240, 528.629
 78300, 577.625
 78360, 601.342
 78420, 550.756
 78480, 569.307
 78540, 605.658
 78600, 625.574
 78660, 564.558
 78720, 552.487
 78780, 532.153
 78840, 513.301
 78900, 508.373
 78960, 512.311
 79020, 491.367
 79080, 470.370
 79140, 472.091
 79200, 480.066
 79260, 503.529
 79320, 533.833
 79380, 558.255
 79440, 554.337
 79500, 492.072
 79560, 500.914
 79620, 466.080
 79680, 490.496
 79740, 496.734
 79800, 518.740
 79860, 551.924
 79920, 534.210
 79980, 538.096
 80040, 563.837
 80100, 448.345
 80160, 451.394
 80220, 479.943
 80280, 465.552
 80340, 466.144
 80400, 462.765
 80460, 552.168
 80520, 605.481
 80580, 605.871
 80640, 540.816
 80700, 539.800
 80760, 637.852
 80820, 624.434
 80880, 614.108
 80940, 628.086
 81000, 772.698
 81060, 834.761
 81120, 748.580
 81180, 842.090
 81240, 725.397
 81300, 805.568
 81360, 880.092
 81420, 803.211
 81480, 877.246
 81540, 866.238
 81600, 890.134
 81660, 874.648
 81720, 978.122
 81780, 1006.677
 81840, 992.759
 81900, 928.556
 81960, 1111.643
 82020, 1174.536
 82080, 1188.022
 82140, 1308.710
 82200, 1267.827
 82260, 1293.344
 82320, 1443.115
 82380, 1403.667
 82440, 1494.139
 82500, 1588.638
 82560, 1439.565
 82620, 1421.302
 82680, 1512.236
 82740, 1503.277
 82800, 1529.085
 82860, 1553.508
 82920, 1471.197
 82980, 1505.487
 83040, 2384.922
 83100, 1128.143
 83160, 726.569
 83220, 494.294
 83280, 366.350
 83340, 559.547
 83400, 528.166
 83460, 469.754
 83520, 475.316
 83580, 470.298
 83640, 470.367
 83700, 462.963
 83760, 446.976
 83820, 460.467
 83880, 483.580
 83940, 530.781
 84000, 544.374
 84060, 562.555
 84120, 525.436
 84180, 548.020
 84240, 520.646
 84300, 516.620
 84360, 549.881
 84420, 588.393
 84480, 610.061
 84540, 613.323
 84600, 601.198
 84660, 623.921
 84720, 655.255
 84780, 647.278
 84840, 624.221
 84900, -9999.000
 84960, 630.987
 85020, 620.112
 85080, 653.515
 85140, 698.898
 85200, 643.611
 85260, 669.325
 85320, 657.212
 85380, 684.381
 85440, 767.120
 85500, 812.873
 85560, 926.088
 85620, 863.158
 85680, 798.776
 85740, 786.643
 85800, 839.671
 85860, 861.304
 85920, 879.583
 85980, 880.685
 86040, 846.828
 86100, 888.493
 86160, 914.591
 86220, 949.665
 86280, 916.132
 86340, 901.775
