CampaignData_and_Merges/R0/CSL_MobileLab_Parked/raw/20240724/USOS-POPS_MobileLabGround_20240724_R0.ict
78, 1001
Thornberry, T. D.
NOAA Chemical Sciences Laboratory
Portable Optical Particle Spectrometer (POPS)
USOS
1, 1
2024, 07, 24, 2025, 05, 08
60
Time_Start, seconds_past_midnight, Start time of measurement
45
1, 1, 1, 1, 1, 1, 1, 1, 1, 1, 1, 1, 1, 1, 1, 1, 1, 1, 1, 1, 1, 1, 1, 1, 1, 1, 1, 1, 1, 1, 1, 1, 1, 1, 1, 1, 1, 1, 1, 1, 1, 1, 1, 1, 1
-9999, -9999, -9999, -9999, -9999, -9999, -9999, -9999, -9999, -9999, -9999, -9999, -9999, -9999, -9999, -9999, -9999, -9999, -9999, -9999, -9999, -9999, -9999, -9999, -9999, -9999, -9999, -9999, -9999, -9999, -9999, -9999, -9999, -9999, -9999, -9999, -9999, -9999, -9999, -9999, -9999, -9999, -9999, -9999, -9999
Time_Stop, seconds_past_midnight, Stop time of measurement
Time_Mid, seconds_past_midnight, Mid time of measurement
Press_mb, mb, Pressure reported (mb)
Temp_C, degrees C, POPS temperature measurement
Aerosol_concentration, cm^-3, Aerosol concentration
Surface_Area_Conc, um^2 cm^-3, Surface area concentration
Volume_density, um^3 cm^-3, Volume density
Effective_radius, um, Effective radius
Extinction, km^-1, Extinction
Bin01, cm^-3, particle concentration in size range [1401 - 146.3 nm]
Bin02, cm^-3, particle concentration in size range [146.3 - 152.8 nm]
Bin03, cm^-3, particle concentration in size range [152.8 - 159.6 nm]
Bin04, cm^-3, particle concentration in size range [159.6 - 166.8 nm]
Bin05, cm^-3, particle concentration in size range [166.8 - 174.2 nm]
Bin06, cm^-3, particle concentration in size range [174.2 - 181.9 nm]
Bin07, cm^-3, particle concentration in size range [181.9 - 190.0 nm]
Bin08, cm^-3, particle concentration in size range [190.0 - 198.5 nm]
Bin09, cm^-3, particle concentration in size range [198.5 - 207.4 nm]
Bin10, cm^-3, particle concentration in size range [207.4 - 216.6 nm]
Bin11, cm^-3, particle concentration in size range [216.6 - 226.2 nm]
Bin12, cm^-3, particle concentration in size range [226.2 - 236.3 nm]
Bin13, cm^-3, particle concentration in size range [236.3 - 246.8 nm]
Bin14, cm^-3, particle concentration in size range [246.8 - 257.8 nm]
Bin15, cm^-3, particle concentration in size range [257.8 - 269.3 nm]
Bin16, cm^-3, particle concentration in size range [269.3 - 343.4 nm]
Bin17, cm^-3, particle concentration in size range [343.4 - 450.7 nm]
Bin18, cm^-3, particle concentration in size range [450.7 - 525.9 nm]
Bin19, cm^-3, particle concentration in size range [525.9 - 618.5 nm]
Bin20, cm^-3, particle concentration in size range [618.5 - 710.0 nm]
Bin21, cm^-3, particle concentration in size range [710.0 - 822.7 nm]
Bin22, cm^-3, particle concentration in size range [822.7 - 885.9 nm]
Bin23, cm^-3, particle concentration in size range [885.9 - 953.9 nm]
Bin24, cm^-3, particle concentration in size range [953.9 - 1027.2 nm]
Bin25, cm^-3, particle concentration in size range [1027.2 - 1106.1 nm]
Bin26, cm^-3, particle concentration in size range [1106.1 - 1191.0 nm]
Bin27, cm^-3, particle concentration in size range [1191.0 - 1282.5 nm]
Bin28, cm^-3, particle concentration in size range [1282.5 - 1381.0 nm]
Bin29, cm^-3, particle concentration in size range [1381.0 - 1487.1 nm]
Bin30, cm^-3, particle concentration in size range [1487.1 - 1601.3 nm]
Bin31, cm^-3, particle concentration in size range [1601.3 - 1724.3 nm]
[...]
PLATFORM: NOAA CSL Mobile Lab
LOCATION: USOS
ASSOCIATED_DATA: N/A
INSTRUMENT_INFO: Printed Optical Particle Spectrometer counts particles from 140 - 2500 nm in diameter 
DATA_INFO: Particle concentrations reported in number per cubic centimeter,1 Hz data
UNCERTAINTY: Counting uncertainty dominated by air flow, less than 5 percent. Measurement range is ~0 - 3000 per cm3 (varies depending on flow rate- manufacturer quotes 1250 per cm3 at 1.667 cc/s)
ULOD_FLAG: -7777
ULOD_VALUE: N/A
LLOD_FLAG: -8888
LLOD_VALUE: N/A
DM_CONTACT_INFO: Troy Thornberry, 325 Broadway R/CSL6, Boulder, CO 80305; troy.thornberry@noaa.gov; 303-497-3373
PROJECT_INFO: USOS, Utah POPS data from NOAA CSL Mobile Lab
STIPULATIONS_ON_USE: Please contact the PIs for questions regarding applications and uncertainties
OTHER_COMMENTS: POPS bin Edges (nm):  140.1, 146.3, 152.8, 159.6, 166.8, 174.2, 181.9, 190.0, 198.5, 207.4, 216.6, 226.2, 236.3, 246.8, 257.8, 269.3, 343.4, 450.7, 525.9, 618.5, 710.0, 822.7, 885.9, 953.9, 1027.2, 1106.1, 1191.0, 1282.5, 1381.0, 1487.1, 1601.3, 1724.3, 1856.7, 1999.3, 2152.8, 2318.2, 2496.2
Calculations assume organic aerosol refractive index of 1.52+0.00j and extinction wavelength = 532 nm
REVISION: R0
R0: Final data
Time_Start, Time_Stop, Time_Mid, Press_mb, Temp_C, Aerosol_concentration, Surface_Area_Conc, Volume_density, Effective_radius, Extinction, Bin01, Bin02, Bin03, Bin04, Bin05, Bin06, Bin07, Bin08, Bin09, Bin10, Bin11, Bin12, Bin13, Bin14, Bin15, Bin16, Bin17, Bin18, Bin19, Bin20, Bin21, Bin22, Bin23, Bin24, Bin25, Bin26, Bin27, Bin28, Bin29, Bin30, Bin31, Bin32, Bin33, Bin34, Bin35, Bin36
[from data line 853]
51180,51239,51210,876.068,34.362,572.753,128.433,7.751,0.180,0.051,24.611332,23.458364,24.613159,24.263977,24.697338,23.922350,25.089626,24.665985,25.237345,25.117867,26.275436,29.570887,31.175392,31.697794,28.754721,114.040207,46.399212,13.096681,4.316467,0.492311,0.427802,0.158392,0.142177,0.096171,0.055468,0.056169,0.022313,0.033577,0.038964,0.056502,0.039284,0.033829,0.039791,0.011318,0.022637,0.022658
51240,51299,51270,876.089,34.294,584.298,130.610,8.069,0.185,0.051,26.521902,25.049747,24.498079,24.704857,25.499474,24.902792,25.708805,25.572983,25.911657,25.076317,26.659971,29.003483,31.516115,32.539349,29.334881,116.127434,46.707699,12.629745,4.602551,0.581702,0.339926,0.179368,0.094730,0.083334,0.044528,0.033579,0.049701,0.038829,0.033653,0.022283,0.044404,0.038213,0.044654,0.022306,0.033981,0.044580
51300,51359,51330,876.089,34.278,594.391,132.186,8.424,0.190,0.052,27.409420,26.349928,26.080578,26.040751,25.929884,25.969631,25.520725,25.626823,25.399956,25.763802,27.632908,30.367861,31.828766,32.658901,30.158533,116.192253,46.647011,12.578301,4.320167,0.696455,0.247927,0.157381,0.172887,0.100116,0.084427,0.068136,0.044772,0.027341,0.039165,0.028693,0.027992,0.095235,0.022850,0.011262,0.027793,0.062237
51360,51419,51390,876.086,34.277,599.519,132.853,7.994,0.180,0.052,27.588179,26.564198,25.930454,25.653662,26.019812,26.076525,25.367432,25.950491,25.790995,26.274345,27.835541,29.973967,31.786144,33.362980,29.626110,118.963531,47.438164,12.989717,4.765874,0.508436,0.249600,0.110930,0.077536,0.088974,0.121090,0.066762,0.027546,0.072345,0.033472,0.028013,0.038495,0.044780,0.027822,0.021604,0.016354,0.027191
51420,51479,51450,876.091,34.242,608.054,133.758,8.075,0.181,0.052,30.049007,27.883690,27.534233,26.865072,27.030418,26.614935,25.574060,25.727739,26.159159,26.769663,27.840981,29.776884,31.884308,33.205757,30.270979,118.369469,46.972786,13.109997,4.763159,0.496579,0.360431,0.140483,0.056656,0.078862,0.062375,0.067548,0.050776,0.050992,0.028055,0.044723,0.084905,0.033924,0.027980,0.022288,0.011263,0.033943
51480,51539,51510,876.099,34.154,616.458,135.963,8.348,0.184,0.053,30.789129,29.056078,28.286280,27.954994,26.850256,25.761841,26.312174,26.729626,26.439795,27.161102,28.632397,29.690697,31.900017,32.933434,29.732552,121.303146,46.928738,13.548856,4.572900,0.534503,0.377870,0.139009,0.150092,0.145821,0.065883,0.038971,0.066624,0.049296,0.061285,0.055751,0.033021,0.033431,0.022561,0.027585,0.016586,0.055454
51540,51599,51570,876.111,34.164,618.065,137.107,8.547,0.186,0.054,30.770987,29.842112,27.405748,26.817993,27.271343,27.340303,25.975590,26.992886,25.974871,27.104410,27.849012,30.743271,32.086048,33.463627,29.722387,120.048668,48.352070,13.583752,4.787480,0.553617,0.342677,0.194454,0.177128,0.071976,0.088960,0.055970,0.065835,0.044246,0.049826,0.071501,0.032960,0.049618,0.044358,0.011228,0.033320,0.044382
51600,51659,51630,876.127,34.343,623.861,137.109,8.214,0.179,0.054,30.505108,28.868130,28.173216,28.300123,27.842340,27.899647,26.807329,27.285744,25.980982,27.530342,27.508480,31.058825,33.019737,33.991482,30.413960,119.976494,48.912231,13.059368,4.759769,0.598112,0.327439,0.199866,0.111525,0.095455,0.118068,0.106118,0.051895,0.046168,0.059193,0.076840,0.088503,0.046879,0.018010,0.000000,0.017667,0.005868
51660,51719,51690,876.140,34.477,616.195,137.049,8.627,0.188,0.054,29.665701,27.783342,27.053762,27.365282,27.585327,26.613317,26.615446,26.982697,26.766644,27.300730,27.195709,30.065329,32.404991,34.810078,30.280706,120.149406,47.370277,13.436396,4.797844,0.530544,0.427006,0.158420,0.073767,0.123876,0.078653,0.084514,0.067851,0.045949,0.056956,0.039971,0.083541,0.050936,0.034070,0.010942,0.028534,0.056187
51720,51779,51750,876.158,34.472,619.105,136.931,8.341,0.182,0.054,30.829487,27.940659,27.151850,26.758011,27.486931,26.913214,26.541956,27.464397,26.026522,27.061792,27.985884,30.564722,32.679363,33.794109,30.184834,121.456848,48.267826,13.351357,4.615914,0.686316,0.426627,0.189408,0.125921,0.127501,0.046114,0.034528,0.040733,0.046621,0.040120,0.040524,0.075203,0.040351,0.040294,0.011327,0.029197,0.028604
51780,51839,51810,876.158,34.428,616.988,138.677,8.931,0.192,0.055,29.708776,28.762882,27.264282,27.287201,26.870464,26.861879,26.464424,25.937538,26.226809,26.908907,28.182535,30.491274,32.464886,33.193775,30.727745,120.588951,48.537708,13.728448,4.552035,0.686923,0.396054,0.186536,0.186657,0.095741,0.084775,0.051204,0.078885,0.045158,0.062224,0.067678,0.051720,0.028339,0.056688,0.046001,0.028236,0.074285
51840,51899,51870,876.165,34.400,607.146,134.487,8.114,0.181,0.053,28.613201,26.673134,26.117599,26.170404,26.128239,27.178013,25.967072,26.174101,26.531862,26.114864,27.506981,30.957193,32.311291,33.784538,30.776608,118.788902,47.818657,13.284373,4.364361,0.710264,0.428059,0.122437,0.083498,0.061115,0.027666,0.044812,0.039301,0.039302,0.050653,0.055743,0.094237,0.027553,0.033247,0.016800,0.028010,0.021909
51900,51959,51930,876.165,34.342,611.338,135.626,8.534,0.188,0.053,28.911852,27.542023,27.517557,27.253599,26.926981,26.557905,26.035334,26.442430,25.809958,26.963055,27.795235,30.266649,32.274319,33.697243,30.498968,120.534103,46.925663,13.056272,4.452755,0.588613,0.315541,0.181748,0.131658,0.057664,0.097576,0.039427,0.080624,0.022557,0.040170,0.022877,0.096936,0.052155,0.033862,0.039696,0.023085,0.051616
51960,52019,51990,876.164,34.297,615.841,136.422,8.384,0.183,0.053,29.003859,27.637007,26.658600,27.066105,26.835859,26.541227,26.245920,26.774675,27.139284,26.927866,27.893526,31.363941,32.869148,33.697880,30.493876,120.781830,48.225338,13.228018,4.701927,0.554570,0.362567,0.175864,0.107851,0.067778,0.067696,0.039977,0.034244,0.027874,0.027771,0.062013,0.067580,0.034227,0.028375,0.000000,0.040187,0.056890
52020,52079,52050,876.154,34.314,609.659,135.056,8.393,0.186,0.053,29.347969,27.193144,26.157009,26.813171,26.662426,26.681694,25.869865,26.210339,26.549505,27.274284,27.937363,31.014139,32.811661,33.644482,30.733593,117.916847,47.441746,12.823233,4.719686,0.616843,0.310144,0.229075,0.127831,0.094272,0.033316,0.039111,0.027965,0.044639,0.038616,0.055686,0.061181,0.038756,0.027404,0.022566,0.027416,0.061772
52080,52139,52110,876.159,34.319,588.217,131.538,7.727,0.175,0.052,25.451365,24.748953,24.708076,24.514397,24.999779,25.404804,25.019079,25.307446,25.088861,26.519211,26.667511,29.780611,31.928476,32.864521,29.924208,118.032791,47.514996,13.366000,4.629025,0.578684,0.383371,0.221882,0.122282,0.039557,0.066715,0.045086,0.050910,0.044385,0.016415,0.027710,0.055533,0.011281,0.027985,0.016325,0.016885,0.022354
52140,52199,52170,876.151,34.367,580.746,130.161,7.756,0.178,0.052,24.849052,24.835775,24.443594,24.247774,25.492323,24.991522,24.196299,25.073814,25.067680,25.432369,26.171194,29.226845,31.659853,32.349125,29.573750,116.702141,46.915482,13.047193,4.736045,0.585758,0.368752,0.163848,0.117842,0.039172,0.090832,0.051441,0.068162,0.034062,0.028354,0.038908,0.034125,0.022741,0.028353,0.017081,0.016787,0.028164
52200,52259,52230,876.163,34.375,582.505,130.935,7.987,0.182,0.052,25.715536,24.708979,24.567560,24.668310,24.210897,24.771774,24.917576,25.437359,25.221493,26.039406,26.505356,29.385033,31.477158,32.057018,29.148067,116.299820,47.411499,13.585215,4.674532,0.509338,0.372855,0.107294,0.166948,0.078807,0.072918,0.045014,0.032911,0.049544,0.033051,0.010795,0.072828,0.066898,0.049668,0.010912,0.005574,0.016810
52260,52319,52290,876.177,34.419,581.627,131.118,8.292,0.189,0.052,25.725216,24.902479,24.612017,24.884825,25.112865,24.730114,24.477962,24.954142,25.377964,25.979792,26.572268,29.556068,31.853914,32.411930,29.148851,115.001251,46.676575,13.098973,4.884526,0.551065,0.337782,0.139769,0.082436,0.049716,0.049516,0.033328,0.044193,0.028193,0.022091,0.055690,0.044427,0.043617,0.055145,0.044967,0.044658,0.038703
52320,52379,52350,876.175,34.442,596.268,132.750,8.151,0.184,0.052,27.249142,26.252630,25.041288,25.914053,25.861105,26.114237,25.821074,25.122925,26.326471,26.420506,27.740065,29.256678,32.516541,32.271854,29.926279,117.917084,47.461403,12.978496,4.367048,0.513653,0.334745,0.159149,0.125079,0.084537,0.057053,0.055653,0.022598,0.028657,0.079074,0.017027,0.050403,0.028421,0.056001,0.034123,0.022770,0.039877
52380,52439,52410,876.175,34.437,590.801,132.646,8.312,0.187,0.052,27.264109,26.200563,25.551214,24.734947,25.315374,24.843643,24.725243,25.281363,25.486547,26.121233,26.576242,29.698719,31.618111,32.967232,29.249449,117.666641,48.233311,12.967468,4.527414,0.505517,0.337170,0.143438,0.139674,0.099713,0.077625,0.067425,0.049981,0.028037,0.039424,0.066842,0.044773,0.072322,0.016954,0.011299,0.027781,0.044392
52440,52499,52470,876.169,34.354,592.047,132.667,8.163,0.184,0.052,26.611328,25.497835,25.207306,25.251898,25.744297,25.359320,25.509251,25.039213,25.471046,25.888802,27.511927,29.446238,31.156967,32.995522,29.739717,118.281647,47.618977,13.195543,4.818508,0.560767,0.311043,0.172682,0.116564,0.089178,0.072910,0.027900,0.016657,0.049924,0.055711,0.033740,0.027768,0.044262,0.033610,0.017183,0.016423,0.055416
52500,52559,52530,876.167,34.282,593.628,132.723,8.332,0.188,0.052,27.724154,26.899864,25.241123,24.987925,25.740490,25.736235,25.554003,25.908058,25.185623,25.967611,26.687996,29.389950,32.074986,33.036686,29.894382,117.025757,47.361328,12.910689,4.417554,0.590781,0.377963,0.156896,0.115843,0.066848,0.083598,0.073682,0.078191,0.033834,0.044637,0.021889,0.033567,0.056030,0.049022,0.016665,0.039285,0.044572
52560,52619,52590,876.189,34.194,591.686,131.283,8.178,0.186,0.052,28.919039,27.184710,26.430323,26.151646,26.070923,25.144028,25.623693,25.642498,25.109022,25.161299,26.862829,29.164225,31.452042,33.225956,28.510794,115.355919,46.739258,12.704307,4.429493,0.487829,0.393852,0.151922,0.122928,0.100763,0.067806,0.062473,0.062076,0.022618,0.027859,0.056457,0.055648,0.056264,0.056882,0.027436,0.022793,0.028349
52620,52679,52650,876.188,34.139,600.050,133.513,8.521,0.190,0.053,29.470276,28.764534,26.346106,26.953089,26.960897,26.385305,25.360979,26.212709,25.228943,26.428490,27.737267,29.575659,32.140957,32.557747,29.774801,114.495377,46.164215,13.026214,4.399206,0.517366,0.479330,0.167339,0.129291,0.095449,0.082495,0.045155,0.078028,0.033436,0.056111,0.094589,0.092978,0.027170,0.050428,0.022817,0.050397,0.044463
52680,52739,52710,876.206,34.105,602.074,134.270,8.689,0.193,0.053,29.772226,28.721552,27.226831,26.379641,26.169977,26.511440,25.855591,25.901934,25.635658,26.717381,26.693350,30.200176,31.342287,33.036499,29.276423,116.794273,46.346645,12.913419,4.490809,0.622524,0.371085,0.253751,0.102023,0.068154,0.119490,0.033927,0.055857,0.039826,0.022681,0.050725,0.111856,0.049956,0.034319,0.067248,0.038969,0.045715
52740,52799,52770,876.205,34.069,596.622,132.438,8.342,0.188,0.052,29.049547,27.262579,26.951241,27.025190,26.081768,25.910048,26.094250,26.218544,25.993357,25.834929,26.397608,29.119804,30.695730,33.423622,28.896261,116.332413,45.988930,12.745369,4.609356,0.548927,0.469270,0.202121,0.109639,0.092448,0.085958,0.068561,0.034474,0.022802,0.034396,0.068889,0.057505,0.051558,0.045921,0.017402,0.040994,0.040462
52800,52859,52830,876.205,34.071,593.771,132.682,8.333,0.188,0.052,27.980803,26.949877,26.132809,25.301889,26.018030,25.795128,25.485870,25.993904,26.237135,25.936693,27.056541,28.838812,31.310949,32.070869,29.613998,116.551407,46.943863,13.277176,4.441794,0.594718,0.364068,0.147655,0.078361,0.063380,0.073819,0.045033,0.045875,0.051075,0.039708,0.044927,0.079490,0.033975,0.068286,0.022916,0.051134,0.028552
52860,52919,52890,876.184,34.045,597.963,133.276,8.682,0.195,0.053,29.937820,28.296850,27.166542,26.415720,26.828257,26.508045,25.503342,25.904167,25.289249,26.763191,26.792446,28.914337,30.893137,32.073696,29.614708,115.543327,45.976467,12.896498,4.598938,0.589530,0.412764,0.143239,0.131877,0.149257,0.069297,0.011345,0.040701,0.045747,0.062235,0.086647,0.068331,0.068817,0.045594,0.023264,0.040019,0.057550
52920,52979,52950,876.198,34.013,608.757,134.747,8.567,0.190,0.053,31.248260,29.016474,28.439533,27.414423,27.231129,26.877436,26.147779,26.720896,26.300936,26.203514,27.300226,29.613182,31.546425,32.896210,29.523642,116.816849,46.180149,12.769661,4.227133,0.560796,0.423002,0.186920,0.152059,0.163165,0.089908,0.106591,0.068254,0.095932,0.068393,0.079885,0.112637,0.056369,0.057112,0.022474,0.028210,0.011414
52980,53039,53010,876.197,33.941,604.728,134.725,9.010,0.199,0.053,31.548302,30.018999,27.651396,27.520409,26.927444,26.815453,26.083364,25.865303,25.803537,26.015736,26.198742,29.244223,31.872017,33.143604,29.201408,115.220016,46.520267,12.334352,4.553511,0.640884,0.404294,0.202049,0.135053,0.095422,0.095402,0.050131,0.055945,0.056486,0.033686,0.073160,0.056158,0.049966,0.061454,0.028009,0.045414,0.106351
53040,53099,53070,876.214,33.894,605.274,134.607,8.741,0.194,0.053,30.228821,29.401012,27.573212,26.928297,26.790640,26.154881,25.806562,26.279301,26.235466,25.773489,27.478382,30.020559,31.675171,33.106182,29.502146,116.293503,47.012634,12.588084,4.373849,0.540846,0.383505,0.189320,0.188469,0.071715,0.072954,0.055654,0.055583,0.055622,0.061874,0.033124,0.099526,0.049233,0.061267,0.033201,0.039190,0.060619
53100,53159,53130,876.221,33.897,595.052,132.116,8.125,0.184,0.052,29.404917,27.688831,25.601204,26.205980,25.901579,26.290775,25.229239,25.816160,25.070229,25.756611,26.876476,29.225571,32.015160,32.256172,29.855274,115.707794,46.536304,13.028948,4.580393,0.602993,0.447773,0.238636,0.120090,0.073567,0.050732,0.056477,0.062364,0.028152,0.062938,0.039178,0.073834,0.045393,0.028067,0.023101,0.028367,0.022963
53160,53219,53190,876.229,33.915,594.226,132.551,8.340,0.188,0.052,29.068825,27.024151,26.009317,26.088791,25.931654,25.489006,25.469370,26.123877,25.344526,25.674564,26.864609,29.853558,31.381208,32.292389,29.961525,115.405380,46.964592,12.881238,4.414457,0.547353,0.386208,0.188627,0.143550,0.138778,0.049723,0.094182,0.027729,0.038473,0.061888,0.056063,0.067175,0.044883,0.038973,0.033025,0.021853,0.044646
53220,53279,53250,876.227,33.873,614.050,134.695,8.429,0.187,0.053,34.056469,30.313194,29.226921,27.991463,27.156158,26.569607,26.888109,26.069942,24.971930,27.130379,27.061153,29.684990,31.540730,32.862610,30.550951,115.605659,46.890442,12.725895,4.653992,0.698232,0.372176,0.210133,0.149822,0.082673,0.087898,0.055725,0.038737,0.049970,0.033089,0.050279,0.078085,0.027805,0.060711,0.021933,0.027676,0.054345
53280,53339,53310,876.245,33.820,601.709,132.163,7.906,0.179,0.051,29.026091,28.284246,26.671253,26.049711,26.641760,26.620199,26.054991,26.385696,25.725721,26.468168,27.213238,28.878384,32.493809,31.813797,29.968348,117.093216,47.426392,12.770155,4.396427,0.557838,0.367621,0.138647,0.071896,0.112552,0.127680,0.044799,0.027654,0.039219,0.032537,0.027828,0.056123,0.027694,0.005708,0.027365,0.033831,0.027977
53340,53399,53370,876.253,33.807,605.322,134.926,8.695,0.192,0.053,30.653002,28.614122,26.781181,26.768528,27.753098,26.606056,25.727064,26.760962,26.012476,26.203753,27.286875,29.386023,31.457163,31.943348,29.502699,116.569260,47.315548,13.376478,4.589067,0.560612,0.373806,0.201023,0.111277,0.083670,0.055556,0.083516,0.038999,0.067248,0.055513,0.094760,0.095038,0.066797,0.027368,0.016417,0.028254,0.055316
53400,53459,53430,876.253,33.798,615.685,135.944,8.865,0.194,0.053,33.673477,30.736486,28.672323,28.645933,27.482759,26.816925,26.177393,26.151873,26.047907,26.283739,27.789143,29.585686,31.398954,32.842815,29.807474,117.483322,46.707520,12.426354,4.748009,0.698182,0.367115,0.161122,0.149777,0.132371,0.100218,0.033213,0.099821,0.055126,0.038687,0.055530,0.060471,0.071803,0.050197,0.038457,0.032961,0.061588
