CampaignData_and_Merges/R0/CSL_MobileLab_Parked/raw/20240724/USOS-NOAAIodideCIMS-Halogens_MobileLabGround_20240724_RA.ict
38, 1001
Michael A Robinson, Chris Jernigan, Subi Thakali
NOAA ESRL Chemical Sciences Laboratory and CIRES, U. of Colorado
NOAA Iodide CIMS Instrument
USOS
1, 1
2024, 07, 24, 2024, 07, 26
1
starttime_UTC, seconds_past_midnight, seconds_of_day_since_00:00:00_UTC
6
1, 1, 1, 1, 1, 1
-9999, -9999, -9999, -9999, -9999, -9999
Br2_NOAACIMS, pptv, Gas_Br2_InSitu_S_AVMR, 
BrO_NOAACIMS, pptv, Gas_BrO_InSitu_S_AVMR, 
Cl2_NOAACIMS, pptv, Gas_Cl2_InSitu_S_AVMR, 
ClNO2_NOAACIMS, pptv, Gas_ClNO2_InSitu_S_AVMR, 
BrCl_NOAACIMS, pptv, Gas_BrCl_InSitu_S_AVMR, 
NCl3_NOAACIMS, pptv, Gas_NCl3_InSitu_S_AVMR, 
0
18
PI_CONTACT_INFO: 325 Broadway, R/CSD 7, Boulder, Colorado 80305; michael.a.robinson@noaa.gov; chris.jernigan@noaa.gov;
PLATFORM: NOAA CSL Mobile Lab
LOCATION: SLC, Utah
ASSOCIATED_DATA: 1Hz data also available on request.
INSTRUMENT_INFO: NOAA I- ToF CIMS
DATA_INFO: All data in parts per trillion by volume (pptv). 1 Hz data is available upon request.
UNCERTAINTY: TBD
ULOD_FLAG: -7777
ULOD_VALUE: N/A
LLOD_FLAG: -8888
LLOD_VALUE: N/A
DM_CONTACT_INFO: Nathan Howard; nathan.h.howard@noaa.gov
PROJECT_INFO: USOS, summer 2024. https://csl.noaa.gov/groups/csl7/measurements/2024usos/
STIPULATIONS_ON_USE: Users are strongly encouraged to contact the PI for proper data usage.
OTHER_COMMENTS: 
REVISION: RA
RA: Preliminary Data; For in-field use only
starttime_UTC, Br2_NOAACIMS, BrO_NOAACIMS, Cl2_NOAACIMS, ClNO2_NOAACIMS, BrCl_NOAACIMS, NCl3_NOAACIMS
[from data line 285]
 17100,  1.292,  0.186,  1.286,  0.139,  0.267,  1.603
 17160, -9999.000, -9999.000, -9999.000, -9999.000, -9999.000, -9999.000
 17220,  1.046,  0.108,  1.182,  0.106,  0.228,  1.515
 17280,  1.224,  0.161,  1.263,  0.149,  0.301,  1.769
 17340,  1.342,  0.163,  1.252,  0.149,  0.322,  2.834
 17400,  1.384,  0.220,  1.222,  0.204,  0.357,  3.892
 17460,  1.193,  0.089,  1.200,  0.172,  0.326,  3.250
 17520,  1.386,  0.187,  1.253,  0.222,  0.352,  3.971
 17580,  1.255,  0.165,  1.104,  0.304,  0.327,  4.208
 17640,  1.135,  0.095,  1.196,  0.216,  0.264,  4.023
 17700,  1.246,  0.236,  1.252,  0.242,  0.318,  3.779
 17760,  1.039,  0.154,  1.227,  0.208,  0.263,  3.673
 17820,  1.110,  0.156,  1.340,  0.231,  0.266,  3.632
 17880,  1.291,  0.136,  1.324,  0.206,  0.253,  3.205
 17940,  1.140,  0.221,  1.249,  0.192,  0.309,  3.150
 18000,  1.152,  0.122,  1.221,  0.176,  0.322,  3.018
 18060,  1.161,  0.132,  1.321,  0.277,  0.326,  3.477
 18120,  1.236,  0.176,  1.306,  0.173,  0.250,  3.027
 18180,  1.081,  0.068,  1.246,  0.154,  0.250,  2.520
 18240,  1.023,  0.106,  1.386,  0.198,  0.260,  2.541
 18300,  1.087,  0.096,  1.297,  0.186,  0.236,  2.544
 18360,  1.054,  0.133,  1.452,  0.241,  0.326,  2.533
 18420,  1.024,  0.109,  1.415,  0.170,  0.281,  2.355
 18480,  1.003,  0.132,  1.366,  0.172,  0.248,  2.872
 18540,  0.966,  0.079,  1.209,  0.148,  0.231,  2.068
 18600,  1.027,  0.109,  1.238,  0.145,  0.232,  2.586
 18660,  1.016,  0.235,  1.364,  0.229,  0.300,  3.871
 18720,  0.903,  0.202,  1.286,  0.184,  0.271,  2.876
 18780,  0.959,  0.133,  1.384,  0.189,  0.260,  4.018
 18840,  0.947,  0.181,  1.398,  0.191,  0.278,  4.350
 18900,  0.599,  0.082,  1.444,  0.138,  0.198,  3.187
 18960,  0.975,  0.121,  1.309,  0.186,  0.201,  3.142
 19020, -9999.000, -9999.000, -9999.000, -9999.000, -9999.000, -9999.000
 19080,  0.983,  0.196,  1.360,  0.190,  0.266,  2.756
 19140,  1.070,  0.141,  1.307,  0.161,  0.244,  2.589
 19200,  0.980,  0.088,  1.371,  0.178,  0.251,  2.895
 19260,  0.904,  0.199,  1.281,  0.143,  0.287,  3.088
 19320,  1.012,  0.111,  1.440,  0.134,  0.231,  3.146
 19380,  1.051,  0.173,  1.351,  0.138,  0.212,  3.435
 19440,  1.082,  0.213,  1.492,  0.142,  0.306,  3.938
 19500,  1.088,  0.096,  1.423,  0.126,  0.247,  3.607
 19560,  1.008,  0.177,  1.400,  0.136,  0.255,  3.810
 19620,  0.971,  0.086,  1.333,  0.115,  0.255,  4.041
 19680,  1.184,  0.095,  1.313,  0.112,  0.260,  3.755
 19740,  1.179,  0.207,  1.497,  0.137,  0.199,  3.627
 19800,  1.192,  0.220,  1.413,  0.143,  0.280,  4.047
 19860,  1.108,  0.073,  1.449,  0.127,  0.196,  4.008
 19920,  1.145,  0.180,  1.454,  0.114,  0.265,  3.545
 19980,  1.157,  0.165,  1.444,  0.119,  0.273,  4.173
 20040,  1.107,  0.194,  1.494,  0.145,  0.237,  3.467
 20100,  1.292,  0.127,  1.536,  0.123,  0.203,  4.081
 20160,  1.100,  0.246,  1.504,  0.118,  0.246,  4.000
 20220,  1.218,  0.222,  1.494,  0.131,  0.248,  3.832
 20280,  1.190,  0.238,  1.357,  0.156,  0.208,  3.190
 20340,  1.305,  0.149,  1.434,  0.139,  0.292,  3.615
 20400,  1.259,  0.127,  1.381,  0.110,  0.207,  3.282
 20460,  1.339,  0.203,  1.468,  0.105,  0.269,  3.656
 20520,  1.201,  0.148,  1.362,  0.140,  0.226,  2.735
 20580,  1.242,  0.108,  1.250,  0.147,  0.236,  3.115
 20640,  1.373,  0.184,  1.505,  0.115,  0.223,  3.220
 20700,  1.491,  0.258,  1.457,  0.120,  0.263,  3.245
 20760,  1.346,  0.138,  1.437,  0.143,  0.194,  3.475
 20820,  1.462,  0.126,  1.598,  0.167,  0.259,  3.628
 20880, -9999.000, -9999.000, -9999.000, -9999.000, -9999.000, -9999.000
 20940,  1.341,  0.204,  1.489,  0.152,  0.299,  3.546
 21000,  1.366,  0.146,  1.351,  0.109,  0.284,  3.316
 21060,  1.247,  0.207,  1.522,  0.119,  0.222,  3.545
 21120,  1.272,  0.111,  1.422,  0.109,  0.226,  3.440
 21180,  1.229,  0.067,  1.559,  0.150,  0.263,  3.383
 21240,  1.267,  0.100,  1.450,  0.101,  0.201,  3.528
 21300,  1.262,  0.183,  1.475,  0.122,  0.217,  3.378
 21360,  1.174,  0.082,  1.445,  0.142,  0.244,  3.801
 21420,  1.353,  0.087,  1.484,  0.118,  0.210,  3.511
 21480,  1.285,  0.172,  1.492,  0.135,  0.213,  3.451
 21540,  1.204,  0.086,  1.499,  0.127,  0.218,  3.272
 21600,  1.293,  0.105,  1.425,  0.140,  0.231,  3.208
 21660,  1.111,  0.165,  1.463,  0.094,  0.261,  3.178
 21720,  1.251,  0.111,  1.420,  0.098,  0.191,  3.121
 21780,  1.073,  0.083,  1.377,  0.109,  0.223,  3.118
 21840,  1.135,  0.072,  1.505,  0.099,  0.232,  3.323
 21900,  1.212,  0.057,  1.471,  0.122,  0.261,  3.004
 21960,  1.154,  0.116,  1.400,  0.142,  0.186,  3.041
 22020,  1.228,  0.108,  1.443,  0.109,  0.219,  2.624
 22080,  1.122,  0.094,  1.370,  0.097,  0.167,  2.512
 22140,  1.177,  0.097,  1.348,  0.101,  0.255,  2.646
 22200,  1.132,  0.077,  1.460,  0.091,  0.189,  2.373
 22260,  1.125,  0.075,  1.416,  0.091,  0.228,  2.498
 22320,  1.049,  0.037,  1.315,  0.090,  0.237,  2.159
 22380,  1.125,  0.052,  1.483,  0.063,  0.259,  2.358
 22440,  1.099,  0.022,  1.526,  0.096,  0.207,  2.306
 22500,  1.012,  0.069,  1.484,  0.115,  0.241,  2.390
 22560,  1.136,  0.067,  1.524,  0.084,  0.218,  2.401
 22620,  1.129,  0.113,  1.456,  0.072,  0.185,  2.516
 22680,  0.966,  0.154,  1.370,  0.031,  0.222,  2.405
 22740,  1.072, -0.062,  1.448,  0.087,  0.305,  2.924
 22800,  0.984,  0.039,  1.429,  0.078,  0.184,  2.644
 22860,  1.006,  0.042,  1.317,  0.089,  0.148,  2.703
 22920,  1.044,  0.011,  1.459,  0.086,  0.195,  3.049
 22980,  0.979,  0.074,  1.404,  0.080,  0.230,  3.084
 23040,  0.981,  0.053,  1.437,  0.082,  0.175,  3.020
 23100,  1.031,  0.062,  1.424,  0.089,  0.163,  3.123
 23160,  1.057,  0.045,  1.388,  0.088,  0.204,  2.869
 23220,  1.006,  0.074,  1.485,  0.091,  0.183,  2.846
 23280,  0.788,  0.146,  1.494,  0.099,  0.175,  3.028
 23340,  0.954,  0.130,  1.463,  0.090,  0.216,  2.905
 23400,  0.974,  0.084,  1.374,  0.095,  0.207,  2.672
 23460,  1.037,  0.048,  1.284,  0.074,  0.191,  3.095
 23520,  1.010,  0.115,  1.281,  0.055,  0.194,  3.087
 23580,  1.009,  0.082,  1.327,  0.082,  0.220,  3.246
 23640,  1.030,  0.098,  1.417,  0.071,  0.189,  3.220
 23700,  1.013,  0.048,  1.496,  0.074,  0.181,  3.364
 23760,  1.001,  0.110,  1.368,  0.102,  0.168,  3.299
 23820,  0.943,  0.146,  1.250,  0.088,  0.272,  2.943
 23880,  0.976,  0.141,  1.395,  0.067,  0.194,  2.995
 23940,  0.909,  0.123,  1.406,  0.125,  0.195,  3.240
 24000,  0.924,  0.193,  1.571,  0.286,  0.207,  4.821
 24060,  0.850,  0.202,  1.624,  0.287,  0.217,  5.692
 24120,  0.964,  0.134,  1.687,  0.375,  0.233,  6.183
 24180,  0.889,  0.132,  1.677,  0.356,  0.211,  6.235
 24240,  0.977,  0.189,  1.673,  0.379,  0.244,  6.266
 24300,  0.847,  0.127,  1.827,  0.464,  0.237,  7.028
 24360,  0.893,  0.153,  1.768,  0.461,  0.215,  7.098
 24420,  0.929,  0.285,  1.741,  0.457,  0.154,  6.486
 24480,  0.918,  0.138,  1.716,  0.468,  0.206,  7.284
 24540, -9999.000, -9999.000, -9999.000, -9999.000, -9999.000, -9999.000
 24600,  1.005,  0.040,  1.189,  0.377,  0.216,  6.441
 24660,  0.943,  0.084,  1.588,  0.491,  0.187,  6.748
 24720,  0.813,  0.154,  1.633,  0.553,  0.235,  7.093
 24780,  0.929,  0.290,  1.733,  0.528,  0.202,  7.167
 24840,  0.979,  0.127,  1.732,  0.583,  0.290,  8.013
 24900,  0.911,  0.124,  1.617,  0.717,  0.220,  8.566
 24960,  0.843,  0.152,  1.761,  0.670,  0.225,  8.461
 25020,  0.912,  0.146,  1.647,  0.616,  0.249,  7.921
 25080,  0.792,  0.173,  1.710,  0.650,  0.225,  7.938
 25140,  0.906,  0.170,  1.689,  0.514,  0.193,  6.995
 25200,  0.839,  0.143,  1.503,  0.523,  0.225,  6.708
 25260,  0.939,  0.202,  1.401,  0.488,  0.230,  6.396
 25320,  0.836,  0.126,  1.560,  0.408,  0.224,  5.893
 25380,  0.977,  0.098,  1.562,  0.396,  0.163,  5.756
 25440,  0.975,  0.141,  1.605,  0.382,  0.194,  5.552
 25500,  0.884,  0.097,  1.627,  0.395,  0.222,  5.147
 25560,  0.912,  0.040,  1.547,  0.291,  0.219,  4.698
 25620,  0.911,  0.050,  1.576,  0.284,  0.166,  4.525
 25680,  0.784,  0.032,  1.412,  0.214,  0.198,  3.911
 25740,  0.946,  0.099,  1.342,  0.175,  0.220,  3.821
 25800,  0.902,  0.076,  1.459,  0.170,  0.274,  3.984
 25860,  0.930, -0.028,  1.499,  0.129,  0.227,  3.585
 25920,  0.754,  0.063,  1.489,  0.125,  0.205,  3.402
 25980,  0.789, -0.037,  1.395,  0.130,  0.225,  3.525
 26040,  0.710,  0.095,  1.414,  0.185,  0.199,  3.653
 26100,  0.821,  0.068,  1.416,  0.098,  0.182,  3.472
 26160,  0.816,  0.054,  1.520,  0.160,  0.186,  3.240
 26220,  0.844,  0.072,  1.538,  0.161,  0.196,  3.325
 26280,  0.960,  0.113,  1.516,  0.179,  0.214,  3.385
 26340,  0.917, -0.037,  1.397,  0.140,  0.191,  3.127
 26400, -9999.000, -9999.000, -9999.000, -9999.000, -9999.000, -9999.000
 26460,  0.923, -0.012,  1.530,  0.124,  0.244,  3.339
 26520,  0.849, -0.023,  1.559,  0.177,  0.233,  3.925
 26580,  0.756,  0.137,  1.580,  0.178,  0.263,  4.545
 26640,  0.819,  0.056,  1.501,  0.184,  0.210,  4.702
 26700,  0.957,  0.088,  1.356,  0.145,  0.153,  3.897
 26760,  0.824, -0.063,  1.446,  0.121,  0.224,  3.308
 26820,  0.768, -0.047,  1.398,  0.166,  0.186,  2.696
 26880,  0.882, -0.046,  1.521,  0.149,  0.209,  3.165
 26940,  0.798,  0.024,  1.446,  0.147,  0.186,  2.638
 27000,  0.838, -0.035,  1.372,  0.115,  0.181,  2.617
 27060,  0.733, -0.052,  1.358,  0.090,  0.195,  2.505
 27120,  0.836, -0.093,  1.279,  0.118,  0.232,  1.990
 27180,  0.805, -0.066,  1.277,  0.091,  0.172,  2.157
 27240,  0.805, -0.041,  1.414,  0.104,  0.196,  2.275
 27300,  0.912,  0.011,  1.385,  0.091,  0.182,  2.169
 27360,  0.897, -0.017,  1.282,  0.092,  0.157,  2.061
 27420,  0.937, -0.059,  1.304,  0.099,  0.195,  2.264
 27480,  0.911, -0.099,  1.345,  0.085,  0.191,  2.192
 27540,  0.851, -0.073,  1.264,  0.107,  0.191,  2.134
 27600,  0.960, -0.033,  1.289,  0.079,  0.206,  1.914
 27660,  0.881, -0.081,  1.354,  0.081,  0.186,  2.165
 27720,  0.961, -0.077,  1.306,  0.085,  0.171,  1.898
 27780,  0.467, -0.060,  1.325,  0.067,  0.125,  1.333
 27840,  0.877, -0.022,  1.230,  0.067,  0.143,  1.792
 27900,  0.984, -0.054,  1.121,  0.067,  0.185,  1.830
 27960,  1.107, -0.047,  1.229,  0.090,  0.144,  1.909
 28020,  0.975, -0.049,  1.296,  0.065,  0.159,  1.931
 28080,  0.949, -0.076,  1.128,  0.080,  0.172,  1.762
 28140,  0.858, -0.115,  1.165,  0.050,  0.144,  1.726
 28200,  0.913, -0.108,  1.234,  0.105,  0.191,  1.790
 28260, -9999.000, -9999.000, -9999.000, -9999.000, -9999.000, -9999.000
 28320,  0.878, -0.069,  1.254,  0.026,  0.193,  2.235
 28380,  0.895, -0.076,  1.233,  0.079,  0.185,  2.185
 28440,  0.963, -0.120,  1.168,  0.058,  0.099,  1.990
 28500,  0.915, -0.117,  1.195,  0.061,  0.189,  2.118
 28560,  1.027,  0.013,  1.214,  0.043,  0.183,  2.190
 28620,  1.059, -0.061,  1.306,  0.078,  0.186,  2.275
 28680,  0.976,  0.002,  1.457,  0.093,  0.242,  2.453
 28740,  0.952, -0.103,  1.314,  0.081,  0.158,  2.486
 28800,  1.013, -0.035,  1.387,  0.103,  0.185,  2.555
 28860,  1.163, -0.043,  1.496,  0.111,  0.162,  2.527
 28920,  1.124, -0.095,  1.338,  0.132,  0.193,  2.515
 28980,  0.967, -0.003,  1.328,  0.101,  0.174,  2.341
 29040,  1.041,  0.031,  1.358,  0.094,  0.222,  2.590
 29100,  1.135,  0.072,  1.280,  0.137,  0.201,  2.591
 29160,  0.973, -0.029,  1.246,  0.083,  0.189,  1.902
 29220,  1.043, -0.034,  1.290,  0.064,  0.232,  1.996
 29280,  0.972, -0.013,  1.277,  0.092,  0.236,  2.266
 29340,  0.952, -0.035,  1.377,  0.089,  0.203,  2.374
 29400,  1.055, -0.086,  1.477,  0.090,  0.217,  2.572
 29460,  0.888, -0.042,  1.408,  0.079,  0.222,  2.247
 29520,  1.187, -0.016,  1.398,  0.114,  0.209,  2.471
 29580,  0.910, -0.006,  1.381,  0.059,  0.216,  2.208
 29640,  1.025, -0.064,  1.374,  0.095,  0.191,  2.319
 29700,  0.892, -0.052,  1.371,  0.096,  0.223,  2.069
 29760,  1.078, -0.041,  1.418,  0.154,  0.225,  2.042
 29820,  0.915, -0.048,  1.488,  0.100,  0.254,  2.149
 29880,  0.941,  0.103,  1.404,  0.089,  0.209,  2.064
 29940,  1.007, -0.018,  1.432,  0.085,  0.225,  2.023
 30000,  0.949,  0.148,  1.345,  0.105,  0.236,  2.037
 30060,  1.000, -0.059,  1.457,  0.091,  0.224,  2.241
 30120,  0.903,  0.229,  1.370,  0.006,  0.187,  1.576
 30180,  0.982,  0.014,  1.470,  0.078,  0.305,  2.136
 30240,  1.031, -0.026,  1.486,  0.084,  0.274,  2.104
 30300,  0.975, -0.037,  1.442,  0.109,  0.255,  2.060
 30360,  1.110,  0.014,  1.352,  0.116,  0.228,  2.070
 30420,  0.989,  0.018,  1.432,  0.134,  0.258,  1.993
 30480,  0.958,  0.041,  1.389,  0.096,  0.299,  1.978
 30540,  0.910, -0.045,  1.361,  0.121,  0.257,  2.320
 30600,  1.000,  0.005,  1.475,  0.120,  0.207,  2.258
 30660,  0.902,  0.071,  1.458,  0.101,  0.274,  2.185
 30720,  0.944,  0.015,  1.468,  0.159,  0.280,  2.222
 30780,  1.095, -0.025,  1.290,  0.109,  0.290,  2.003
 30840,  1.044,  0.010,  1.344,  0.098,  0.254,  2.205
 30900,  0.954,  0.030,  1.272,  0.136,  0.270,  2.230
 30960,  1.070,  0.066,  1.338,  0.078,  0.219,  2.276
 31020,  1.218,  0.166,  1.279,  0.123,  0.262,  2.255
 31080,  1.075,  0.049,  1.396,  0.127,  0.218,  2.285
 31140,  1.033, -0.034,  1.405,  0.146,  0.273,  2.441
 31200,  1.092,  0.066,  1.325,  0.125,  0.228,  2.608
 31260,  0.923,  0.060,  1.300,  0.156,  0.252,  2.629
 31320,  1.049,  0.052,  1.364,  0.131,  0.226,  2.454
 31380,  1.042, -0.016,  1.380,  0.114,  0.264,  2.496
 31440,  1.153,  0.047,  1.307,  0.101,  0.226,  2.144
 31500,  0.979,  0.042,  1.296,  0.097,  0.238,  2.567
 31560,  0.994,  0.158,  1.402,  0.110,  0.262,  2.137
 31620,  0.945, -0.017,  1.347,  0.132,  0.252,  2.488
 31680,  1.054,  0.161,  1.274,  0.108,  0.265,  2.474
 31740,  1.015,  0.106,  1.399,  0.125,  0.261,  2.240
 31800,  1.061,  0.010,  1.188,  0.081,  0.268,  1.878
 31860,  0.909,  0.088,  1.310,  0.108,  0.218,  2.041
 31920,  0.869,  0.061,  1.381,  0.105,  0.123,  2.202
 31980,  1.247,  0.175,  1.468,  0.090,  0.112,  1.955
 32040,  0.862,  0.079,  1.271,  0.105,  0.204,  2.182
 32100,  0.979,  0.063,  1.258,  0.082,  0.209,  1.781
 32160,  1.050,  0.051,  1.222,  0.056,  0.200,  1.734
 32220,  0.980,  0.124,  1.247,  0.094,  0.216,  1.637
 32280,  0.945,  0.090,  1.192,  0.097,  0.235,  1.695
 32340,  0.967,  0.025,  1.198,  0.103,  0.193,  1.748
 32400,  0.808,  0.050,  1.236,  0.076,  0.229,  1.717
 32460,  1.025, -0.005,  1.345,  0.068,  0.224,  1.570
 32520,  0.958,  0.066,  1.307,  0.087,  0.203,  1.642
 32580,  0.926, -0.020,  1.319,  0.066,  0.199,  1.567
 32640,  0.924,  0.114,  1.311,  0.088,  0.159,  1.575
 32700,  0.846,  0.131,  1.247,  0.100,  0.209,  1.268
 32760,  0.953,  0.007,  1.460,  0.064,  0.213,  1.575
 32820,  0.956,  0.010,  1.350,  0.083,  0.191,  1.712
 32880,  0.912,  0.107,  1.266,  0.098,  0.194,  1.608
 32940,  0.895,  0.090,  1.229,  0.089,  0.209,  1.621
 33000,  0.853,  0.070,  1.334,  0.060,  0.216,  1.618
 33060,  1.084,  0.112,  1.228,  0.071,  0.207,  1.788
 33120,  0.971,  0.104,  1.234,  0.063,  0.215,  1.671
 33180,  0.886, -0.001,  1.246,  0.045,  0.213,  1.390
 33240,  0.359, -0.043,  1.280,  0.048,  0.117,  1.267
 33300,  0.600,  0.000,  1.476,  0.076,  0.246,  1.609
 33360,  0.940,  0.087,  1.460,  0.085,  0.235,  1.563
 33420,  0.832,  0.017,  1.287,  0.079,  0.188,  1.663
 33480,  0.762,  0.089,  1.427,  0.079,  0.201,  1.575
 33540,  0.861,  0.043,  1.409,  0.042,  0.216,  1.817
 33600,  0.848,  0.026,  1.436,  0.090,  0.210,  1.725
 33660,  0.914,  0.047,  1.360,  0.042,  0.196,  1.737
 33720,  0.736,  0.089,  1.434,  0.066,  0.197,  1.707
 33780,  0.627,  0.052,  1.339,  0.034,  0.171,  1.479
 33840,  0.739,  0.028,  1.475,  0.058,  0.191,  1.680
 33900,  0.723, -0.005,  1.441,  0.050,  0.165,  2.086
 33960,  0.708,  0.089,  1.247,  0.047,  0.218,  1.641
 34020,  0.804,  0.116,  1.382,  0.067,  0.164,  1.636
 34080,  0.741,  0.067,  1.382,  0.086,  0.146,  1.572
 34140,  0.769,  0.070,  1.386,  0.097,  0.201,  1.681
 34200,  0.651,  0.055,  1.394,  0.084,  0.231,  2.048
 34260,  0.741, -0.023,  1.425,  0.078,  0.216,  2.143
 34320,  0.846,  0.023,  1.496,  0.121,  0.214,  2.369
