CampaignData_and_Merges/R0/CSL_MobileLab_Parked/raw/20240724/USOS-NOAAIodideCIMS-N2O5_MobileLabGround_20240724_RA.ict
33, 1001
Michael A Robinson, Chris Jernigan, Subi Thakali
NOAA ESRL Chemical Sciences Laboratory and CIRES, U. of Colorado
NOAA Iodide CIMS Instrument
USOS
1, 1
2024, 07, 24, 2024, 07, 26
1
starttime_UTC, seconds_past_midnight, seconds_of_day_since_00:00:00_UTC
1
1
-9999
N2O5_NOAACIMS, pptv, Gas_N2O5_InSitu_S_AVMR, 
0
18
PI_CONTACT_INFO: 325 Broadway, R/CSD 7, Boulder, Colorado 80305; michael.a.robinson@noaa.gov; chris.jernigan@noaa.gov;
PLATFORM: NOAA CSL Mobile Lab
LOCATION: SLC, Utah
ASSOCIATED_DATA: 1Hz data also available on request.
INSTRUMENT_INFO: NOAA I- ToF CIMS
DATA_INFO: All data in parts per trillion by volume (pptv). 1 Hz data is available upon request.
UNCERTAINTY: TBD
ULOD_FLAG: -7777
ULOD_VALUE: N/A
LLOD_FLAG: -8888
LLOD_VALUE: N/A
DM_CONTACT_INFO: Nathan Howard; nathan.h.howard@noaa.gov
PROJECT_INFO: USOS, summer 2024. https://csl.noaa.gov/groups/csl7/measurements/2024usos/
STIPULATIONS_ON_USE: Users are strongly encouraged to contact the PI for proper data usage.
OTHER_COMMENTS: 
REVISION: RA
RA: Preliminary Data; For in-field use only
starttime_UTC, N2O5_NOAACIMS
     0, -9999.000
    60, -9999.000
   120, -9999.000
   180, -9999.000
   240, -9999.000
   300, -9999.000
   360, -9999.000
   420, -9999.000
   480, -9999.000
   540, -9999.000
   600, -9999.000
   660, -9999.000
   720, -9999.000
   780, -9999.000
   840, -9999.000
   900, -9999.000
   960, -9999.000
  1020, -9999.000
  1080, -9999.000
  1140, -9999.000
  1200, -9999.000
  1260, -9999.000
  1320, -9999.000
  1380, -9999.000
  1440, -9999.000
  1500, -9999.000
  1560, -9999.000
  1620, -9999.000
  1680, -9999.000
  1740, -9999.000
  1800, -9999.000
  1860, -9999.000
  1920, -9999.000
  1980, -9999.000
  2040, -9999.000
  2100, -9999.000
  2160, -9999.000
  2220, -9999.000
  2280, -9999.000
  2340, -9999.000
  2400, -9999.000
  2460, -9999.000
  2520, -9999.000
  2580, -9999.000
  2640, -9999.000
  2700, -9999.000
  2760, -9999.000
  2820, -9999.000
  2880, -9999.000
  2940, -9999.000
  3000, -9999.000
  3060, -9999.000
  3120, -9999.000
  3180, -9999.000
  3240, -9999.000
  3300, -9999.000
  3360, -9999.000
  3420, -9999.000
  3480, -9999.000
  3540, -9999.000
  3600, -9999.000
  3660, -9999.000
  3720, -9999.000
  3780, -9999.000
  3840, -9999.000
  3900, -9999.000
  3960, -9999.000
  4020, -9999.000
  4080, -9999.000
  4140, -9999.000
  4200, -9999.000
  4260, -9999.000
  4320, -9999.000
  4380, -9999.000
  4440, -9999.000
  4500, -9999.000
  4560, -9999.000
  4620, -9999.000
  4680, -9999.000
  4740, -9999.000
  4800, -9999.000
  4860, -9999.000
  4920, -9999.000
  4980, -9999.000
  5040, -9999.000
  5100, -9999.000
  5160, -9999.000
  5220, -9999.000
  5280, -9999.000
  5340, -9999.000
  5400, -9999.000
  5460, -9999.000
  5520, -9999.000
  5580, -9999.000
  5640, -9999.000
  5700, -9999.000
  5760, -9999.000
  5820, -9999.000
  5880, -9999.000
  5940,  0.798
  6000,  0.974
  6060,  0.349
  6120,  0.607
  6180,  0.795
  6240,  0.661
  6300,  0.751
  6360,  0.802
  6420,  0.905
  6480,  0.958
  6540,  0.837
  6600,  1.035
  6660,  1.055
  6720,  0.930
  6780,  0.793
  6840,  1.053
  6900,  1.017
  6960,  1.108
  7020,  0.783
  7080,  0.831
  7140,  0.873
  7200,  1.023
  7260,  1.219
  7320,  1.277
  7380,  1.487
  7440,  1.782
  7500,  2.115
  7560,  1.988
  7620,  2.169
  7680,  2.622
  7740,  2.332
  7800,  2.327
  7860,  3.042
  7920,  3.931
  7980,  4.820
  8040,  3.591
  8100,  4.726
  8160,  4.486
  8220,  4.186
  8280,  3.401
  8340,  2.891
  8400,  2.980
  8460,  2.744
  8520,  2.618
  8580,  2.530
  8640,  2.390
  8700,  2.459
  8760,  1.643
  8820,  2.134
  8880,  1.934
  8940,  2.127
  9000,  2.074
  9060,  1.678
  9120,  1.846
  9180,  1.358
  9240,  1.817
  9300,  1.828
  9360,  2.443
  9420,  2.659
  9480,  2.133
  9540,  1.767
  9600,  2.292
  9660,  1.576
  9720,  1.895
  9780, -9999.000
  9840,  1.179
  9900,  1.168
  9960,  1.211
 10020,  0.647
 10080,  0.518
 10140,  0.376
 10200,  0.388
 10260,  0.311
 10320,  0.217
 10380,  0.276
 10440,  0.577
 10500,  0.673
 10560,  0.617
 10620,  0.353
 10680,  0.600
 10740,  0.402
 10800,  0.685
 10860,  1.144
 10920,  0.837
 10980,  0.694
 11040,  0.862
 11100,  1.073
 11160,  0.909
 11220,  0.988
 11280,  0.686
 11340,  1.231
 11400,  0.933
 11460,  0.732
 11520,  0.715
 11580,  0.865
 11640,  1.573
 11700,  1.035
 11760,  0.751
 11820,  0.639
 11880,  0.538
 11940,  0.697
 12000,  0.620
 12060,  0.730
 12120,  0.708
 12180,  0.655
 12240,  0.624
 12300,  0.573
 12360,  0.652
 12420,  0.782
 12480,  0.825
 12540,  1.048
 12600,  1.288
 12660,  1.070
 12720,  0.935
 12780,  0.999
 12840,  1.141
 12900,  1.301
 12960,  1.075
 13020,  1.275
 13080,  1.109
 13140,  1.183
 13200,  1.021
 13260,  0.976
 13320,  1.101
 13380,  1.176
 13440,  1.232
 13500, -9999.000
 13560,  1.168
 13620,  1.207
 13680,  1.080
 13740,  1.247
 13800,  1.405
 13860,  1.803
 13920,  1.577
 13980,  1.215
 14040,  0.945
 14100,  0.903
 14160,  0.736
 14220,  0.847
 14280,  0.648
 14340,  0.555
 14400,  0.714
 14460,  0.437
 14520,  0.601
 14580,  0.661
 14640,  0.642
 14700,  0.776
 14760,  0.782
 14820,  0.631
 14880,  0.539
 14940,  0.774
 15000,  0.559
 15060,  0.740
 15120,  0.638
 15180,  0.666
 15240,  0.648
 15300,  0.655
 15360,  1.071
 15420,  0.646
 15480,  0.727
 15540,  0.579
 15600,  0.588
 15660,  0.685
 15720,  0.769
 15780,  0.812
 15840,  0.617
 15900,  0.496
 15960,  0.529
 16020,  0.648
 16080,  0.495
 16140,  0.581
 16200,  0.724
 16260,  0.672
 16320,  0.578
 16380,  0.648
 16440,  0.881
 16500,  0.661
 16560,  0.853
 16620,  0.536
 16680,  0.641
 16740,  0.577
 16800,  0.507
 16860,  1.295
 16920,  1.227
 16980,  1.470
 17040,  1.010
 17100,  0.830
 17160, -9999.000
 17220,  1.520
 17280,  1.182
 17340,  2.381
 17400,  2.204
 17460,  1.678
 17520,  1.493
 17580,  1.355
 17640,  2.068
 17700,  4.290
 17760,  3.866
 17820,  4.844
 17880,  7.312
 17940,  6.674
 18000,  7.471
 18060,  8.252
 18120,  4.027
 18180,  3.909
 18240,  4.802
 18300,  4.835
 18360,  5.939
 18420,  6.020
 18480,  4.268
 18540,  2.489
 18600,  3.228
 18660,  4.278
 18720,  3.251
 18780,  3.720
 18840,  3.292
 18900,  2.641
 18960,  2.691
 19020, -9999.000
 19080,  2.441
 19140,  2.011
 19200,  2.668
 19260,  1.792
 19320,  1.149
 19380,  1.365
 19440,  1.443
 19500,  0.924
 19560,  1.005
 19620,  1.338
 19680,  0.879
 19740,  0.921
 19800,  0.910
 19860,  1.015
 19920,  1.080
 19980,  0.998
 20040,  1.157
 20100,  1.176
 20160,  1.109
 20220,  1.195
 20280,  1.031
 20340,  1.491
 20400,  1.391
 20460,  1.486
 20520,  1.333
 20580,  1.110
 20640,  1.154
 20700,  1.140
 20760,  1.196
 20820,  1.286
 20880, -9999.000
 20940,  1.215
 21000,  1.145
 21060,  1.336
 21120,  1.211
 21180,  1.120
 21240,  1.348
 21300,  1.353
 21360,  1.037
 21420,  1.316
 21480,  1.117
 21540,  1.511
 21600,  1.449
 21660,  1.486
 21720,  1.777
 21780,  1.533
 21840,  2.090
 21900,  1.755
 21960,  2.737
 22020,  1.922
 22080,  1.711
 22140,  1.687
 22200,  1.591
 22260,  1.462
 22320,  1.789
 22380,  1.754
 22440,  1.741
 22500,  2.432
 22560,  2.244
 22620,  2.516
 22680,  1.716
 22740,  1.705
 22800,  1.870
 22860,  1.675
 22920,  1.540
 22980,  1.419
 23040,  1.576
 23100,  1.653
 23160,  1.518
 23220,  2.190
 23280,  1.936
 23340,  2.110
 23400,  2.115
 23460,  1.762
 23520,  1.762
 23580,  1.662
 23640,  2.039
 23700,  1.800
 23760,  1.825
 23820,  1.743
 23880,  1.577
 23940,  2.002
 24000,  6.424
 24060,  7.590
 24120,  8.103
 24180,  9.272
 24240,  9.879
 24300, 10.442
 24360,  8.809
 24420, 11.260
 24480, 10.407
 24540, -9999.000
 24600, 14.277
 24660, 16.802
 24720, 16.008
 24780, 12.733
 24840, 17.873
 24900, 17.834
 24960, 17.288
 25020, 17.928
 25080, 19.196
 25140, 13.801
 25200, 11.756
 25260,  9.273
 25320,  9.780
 25380,  9.414
 25440,  8.228
 25500,  8.491
 25560,  4.553
 25620,  3.751
 25680,  3.311
 25740,  3.267
 25800,  2.974
 25860,  2.558
 25920,  2.517
 25980,  2.406
 26040,  2.746
 26100,  2.617
 26160,  2.419
 26220,  2.792
 26280,  2.761
 26340,  2.330
 26400, -9999.000
 26460,  2.252
 26520,  2.714
 26580,  5.253
 26640,  4.267
 26700,  3.594
 26760,  2.904
 26820,  2.454
 26880,  2.591
 26940,  2.780
 27000,  2.749
 27060,  2.576
 27120,  2.493
 27180,  2.876
 27240,  2.626
 27300,  2.195
 27360,  2.775
 27420,  2.569
 27480,  2.470
 27540,  2.490
 27600,  2.547
 27660,  2.877
 27720,  2.440
 27780,  2.093
 27840,  2.539
 27900,  2.576
 27960,  2.339
 28020,  2.787
 28080,  2.451
 28140,  2.566
 28200,  2.513
 28260, -9999.000
 28320,  2.612
 28380,  2.437
 28440,  2.547
 28500,  2.386
 28560,  2.287
 28620,  2.639
 28680,  2.403
 28740,  2.871
 28800,  2.475
 28860,  2.621
 28920,  2.328
 28980,  2.380
 29040,  2.530
 29100,  2.590
 29160,  2.585
 29220,  2.508
 29280,  2.229
 29340,  2.756
 29400,  2.616
 29460,  2.157
 29520,  2.603
 29580,  2.066
 29640,  2.654
 29700,  2.446
 29760,  2.942
 29820,  2.258
 29880,  2.213
 29940,  2.655
 30000,  2.416
 30060,  2.016
 30120,  2.060
 30180,  2.391
 30240,  2.461
 30300,  2.726
 30360,  2.182
 30420,  2.635
 30480,  3.030
 30540,  3.146
 30600,  3.126
 30660,  2.851
 30720,  3.117
 30780,  3.337
 30840,  3.152
 30900,  3.221
 30960,  3.527
 31020,  3.817
 31080,  3.503
 31140,  2.960
 31200,  3.395
 31260,  3.154
 31320,  2.957
 31380,  3.735
 31440,  3.270
 31500,  3.668
 31560,  3.728
 31620,  3.578
 31680,  3.461
 31740,  3.416
 31800,  3.219
 31860,  2.949
 31920,  2.584
 31980,  3.273
 32040,  3.639
 32100,  3.108
 32160,  2.766
 32220,  3.149
 32280,  3.012
 32340,  3.128
 32400,  3.063
 32460,  2.923
 32520,  3.039
 32580,  3.495
 32640,  2.921
 32700,  2.934
 32760,  2.917
 32820,  2.922
 32880,  3.228
 32940,  3.082
 33000,  3.266
 33060,  3.539
 33120,  3.136
 33180,  2.751
 33240,  2.676
 33300,  2.795
 33360,  3.058
 33420,  3.323
 33480,  2.904
 33540,  3.469
 33600,  3.235
 33660,  2.769
 33720,  3.205
 33780,  3.456
 33840,  3.103
 33900,  3.393
 33960,  3.389
 34020,  3.671
 34080,  3.694
 34140,  3.144
 34200,  2.881
 34260,  2.655
 34320,  2.758
 34380,  2.637
 34440,  2.952
 34500,  3.195
 34560,  3.472
 34620,  2.941
 34680,  2.842
 34740,  3.639
 34800,  4.505
 34860,  5.728
 34920,  6.382
 34980,  5.127
 35040,  6.453
 35100,  6.018
 35160,  5.109
 35220, 11.625
 35280, 38.133
 35340, 47.767
 35400, 54.368
 35460, 54.002
 35520, 41.416
 35580, 25.247
 35640, -9999.000
 35700, 28.691
 35760, 18.734
 35820, 11.038
 35880, 10.970
 35940, 22.463
 36000, 61.669
 36060, 58.937
 36120, 68.017
 36180, 94.343
 36240, 86.447
 36300, 43.785
 36360, 16.603
 36420, 30.967
 36480, 18.480
 36540, 21.681
 36600, 34.519
 36660, 66.901
 36720, 101.516
 36780, 107.543
 36840, 90.200
 36900, 38.460
 36960, 68.764
 37020, 124.158
 37080, 136.152
 37140, 87.525
 37200, 20.030
 37260, 22.716
 37320, 29.407
 37380, 60.747
 37440, 42.714
 37500, -9999.000
 37560, 134.626
 37620, 82.199
 37680, 85.968
 37740, 83.611
 37800, 83.831
 37860, 80.547
 37920, 46.750
 37980, 14.449
 38040, 13.615
 38100, 15.510
 38160, 23.201
 38220, 17.027
 38280, 11.606
 38340, 19.624
 38400, 21.752
 38460, 20.112
 38520, 18.582
 38580,  8.837
 38640,  7.542
 38700,  6.980
 38760,  6.313
 38820,  5.630
 38880,  6.519
 38940,  4.315
 39000,  3.222
 39060,  2.986
 39120,  3.009
 39180,  3.342
 39240,  3.069
 39300,  2.742
 39360, -9999.000
 39420,  3.079
 39480,  2.898
 39540,  2.935
 39600,  2.978
 39660,  2.915
 39720,  2.670
 39780,  2.823
 39840,  2.897
 39900,  2.804
 39960,  2.998
 40020,  2.868
 40080,  2.703
 40140,  2.819
 40200,  3.144
 40260,  3.407
 40320,  2.842
 40380,  2.911
 40440,  2.676
 40500,  2.693
 40560,  2.802
 40620,  2.845
 40680,  2.674
 40740,  2.987
 40800,  2.915
 40860,  2.937
 40920,  3.154
 40980,  3.203
 41040,  3.023
 41100,  3.826
 41160,  4.143
 41220,  4.066
 41280,  3.560
 41340,  3.546
 41400,  3.568
 41460,  3.453
 41520,  3.585
 41580,  3.279
 41640,  3.624
 41700,  3.623
 41760,  3.507
 41820,  3.648
 41880,  3.422
 41940,  3.036
 42000,  3.422
 42060,  3.687
 42120,  3.172
 42180,  4.740
 42240,  3.892
 42300,  3.885
 42360,  3.368
 42420,  3.233
 42480,  3.517
 42540,  4.168
 42600,  5.080
 42660,  4.655
 42720, 14.172
 42780, 30.116
 42840, 32.052
 42900, 18.970
 42960, 49.797
 43020, -9999.000
 43080, 58.701
 43140, 62.179
 43200, 63.762
 43260, 59.567
 43320, 51.502
 43380, 30.280
 43440, 33.447
 43500, 46.023
 43560, 37.420
 43620, 17.385
 43680, 16.848
 43740, 20.903
 43800, 28.853
 43860, 36.351
 43920, 38.637
 43980, 57.961
 44040, 58.720
 44100, 56.981
 44160, 53.701
 44220, 52.343
 44280, 55.817
 44340, 42.178
 44400, 35.514
 44460, 25.892
 44520, 46.885
 44580, 29.498
 44640, 34.815
 44700, 34.639
 44760, 31.143
 44820, 41.142
 44880, -9999.000
 44940, 35.268
 45000, 31.004
 45060, 26.528
 45120, 13.901
 45180, 14.992
 45240, 17.630
 45300, 19.451
 45360, 12.719
 45420, 12.840
 45480, 15.067
 45540, 10.789
 45600,  8.626
 45660,  7.926
 45720,  6.328
 45780,  5.937
 45840,  5.198
 45900,  4.689
 45960,  4.696
 46020,  3.843
 46080,  4.978
 46140,  4.776
 46200,  4.016
 46260,  4.205
 46320,  3.787
 46380,  3.596
 46440,  3.342
 46500,  3.344
 46560,  3.293
 46620,  3.116
 46680,  2.778
 46740, -9999.000
 46800, -9999.000
 46860, -9999.000
 46920, -9999.000
 46980, -9999.000
 47040, -9999.000
 47100, -9999.000
 47160, -9999.000
 47220, -9999.000
 47280, -9999.000
 47340, -9999.000
 47400, -9999.000
 47460, -9999.000
 47520, -9999.000
 47580, -9999.000
 47640, -9999.000
 47700, -9999.000
 47760, -9999.000
 47820, -9999.000
 47880, -9999.000
 47940, -9999.000
 48000, -9999.000
 48060, -9999.000
 48120, -9999.000
 48180, -9999.000
 48240, -9999.000
 48300, -9999.000
 48360, -9999.000
 48420, -9999.000
 48480, -9999.000
 48540, -9999.000
 48600, -9999.000
 48660, -9999.000
 48720, -9999.000
 48780, -9999.000
 48840, -9999.000
 48900, -9999.000
 48960, -9999.000
 49020, -9999.000
 49080, -9999.000
 49140, -9999.000
 49200, -9999.000
 49260, -9999.000
 49320, -9999.000
 49380, -9999.000
 49440, -9999.000
 49500, -9999.000
 49560, -9999.000
 49620, -9999.000
 49680, -9999.000
 49740, -9999.000
 49800, -9999.000
 49860, -9999.000
 49920, -9999.000
 49980, -9999.000
 50040, -9999.000
 50100, -9999.000
 50160, -9999.000
 50220, -9999.000
 50280, -9999.000
 50340, -9999.000
 50400, -9999.000
 50460, -9999.000
 50520, -9999.000
 50580, -9999.000
 50640, -9999.000
 50700, -9999.000
 50760, -9999.000
 50820, -9999.000
 50880, -9999.000
 50940, -9999.000
 51000, -9999.000
 51060, -9999.000
 51120, -9999.000
 51180, -9999.000
 51240, -9999.000
 51300, -9999.000
 51360, -9999.000
 51420, -9999.000
 51480, -9999.000
 51540, -9999.000
 51600, -9999.000
 51660, -9999.000
 51720, -9999.000
 51780, -9999.000
 51840, -9999.000
 51900, -9999.000
 51960, -9999.000
 52020, -9999.000
 52080, -9999.000
 52140, -9999.000
 52200, -9999.000
 52260, -9999.000
 52320, -9999.000
 52380, -9999.000
 52440, -9999.000
 52500, -9999.000
 52560, -9999.000
 52620, -9999.000
 52680, -9999.000
 52740, -9999.000
 52800, -9999.000
 52860, -9999.000
 52920, -9999.000
 52980, -9999.000
 53040, -9999.000
 53100, -9999.000
 53160, -9999.000
 53220, -9999.000
 53280, -9999.000
 53340, -9999.000
 53400, -9999.000
 53460, -9999.000
 53520, -9999.000
 53580, -9999.000
 53640, -9999.000
 53700, -9999.000
 53760, -9999.000
 53820, -9999.000
 53880, -9999.000
 53940, -9999.000
 54000, -9999.000
 54060, -9999.000
 54120, -9999.000
 54180, -9999.000
 54240, -9999.000
 54300, -9999.000
 54360, -9999.000
 54420, -9999.000
 54480, -9999.000
 54540, -9999.000
 54600, -9999.000
 54660, -9999.000
 54720, -9999.000
 54780, -9999.000
 54840, -9999.000
 54900, -9999.000
 54960, -9999.000
 55020, -9999.000
 55080, -9999.000
 55140, -9999.000
 55200, -9999.000
 55260, -9999.000
 55320, -9999.000
 55380, -9999.000
 55440, -9999.000
 55500, -9999.000
 55560, -9999.000
 55620, -9999.000
 55680, -9999.000
 55740, -9999.000
 55800, -9999.000
 55860, -9999.000
 55920, -9999.000
 55980, -9999.000
 56040, -9999.000
 56100, -9999.000
 56160, -9999.000
 56220, -9999.000
 56280, -9999.000
 56340, -9999.000
 56400, -9999.000
 56460, -9999.000
 56520, -9999.000
 56580, -9999.000
 56640, -9999.000
 56700, -9999.000
 56760, -9999.000
 56820, -9999.000
 56880, -9999.000
 56940, -9999.000
 57000, -9999.000
 57060, -9999.000
 57120, -9999.000
 57180, -9999.000
 57240, -9999.000
 57300, -9999.000
 57360, -9999.000
 57420, -9999.000
 57480, -9999.000
 57540, -9999.000
 57600, -9999.000
 57660, -9999.000
 57720, -9999.000
 57780, -9999.000
 57840, -9999.000
 57900, -9999.000
 57960, -9999.000
 58020, -9999.000
 58080, -9999.000
 58140, -9999.000
 58200, -9999.000
 58260, -9999.000
 58320, -9999.000
 58380, -9999.000
 58440, -9999.000
 58500, -9999.000
 58560, -9999.000
 58620, -9999.000
 58680, -9999.000
 58740, -9999.000
 58800, -9999.000
 58860, -9999.000
 58920, -9999.000
 58980, -9999.000
 59040, -9999.000
 59100, -9999.000
 59160, -9999.000
 59220, -9999.000
 59280, -9999.000
 59340, -9999.000
 59400, -9999.000
 59460, -9999.000
 59520, -9999.000
 59580, -9999.000
 59640, -9999.000
 59700, -9999.000
 59760, -9999.000
 59820, -9999.000
 59880, -9999.000
