CampaignData_and_Merges/R0/CSL_MobileLab_Parked/raw/20240724/USOS-PTR_MobileLabGround_20240724_R0.ict
58, 1001
Matthew Coggon, Kelvin Bates, Chelsea Stockwell, Carsten Warneke
NOAA ESRL Chemical Sciences Division
NOAA PTR-ToF-MS
USOS
1,1 
2024, 07, 24, 2025, 09, 19
0
Time_Start, seconds, number of seconds from 00:00 UTC 
22
1, 1, 1, 1, 1, 1, 1, 1, 1, 1, 1, 1, 1, 1, 1, 1, 1, 1, 1, 1, 1, 1
-9999, -9999, -9999, -9999, -9999, -9999, -9999, -9999, -9999, -9999, -9999, -9999, -9999, -9999, -9999, -9999, -9999, -9999, -9999, -9999, -9999, -9999
CH3OH_NOAAPTR_ppbv,  ppbv, Gas_CH3OH_InSitu_S_AVMR, (CH3OH) methanol
CH3CN_NOAAPTR_ppbv,  ppbv, Gas_CH3CN_InSitu_S_AVMR, (CH3CN) acetonitrile
CH3CHO_NOAAPTR_ppbv,  ppbv, Gas_CH3CHO_InSitu_S_AVMR, (CH3CHO) acetaldehyde plus contributions from ethylene glycol and ethylene oxide. Interference from ethanol has been subtracted out.
C2H5OH_NOAAPTR_ppbv,  ppbv, Gas_C2H5OH_InSitu_S_AVMR, (C2H5OH) ethanol
CH3SH_NOAAPTR_ppbv,  ppbv, Gas_CH3SH_InSitu_S_AVMR, (CH3SH) methanethiol, using calibration factor for DMS
Acrolein_NOAAPTR_ppbv,  ppbv, Gas_Acrolein_InSitu_S_AVMR, (C3H4O) acrolein
AcetonePropanal_NOAAPTR_ppbv,  ppbv, Gas_AcetoneAndPropanal_InSitu_S_AVMR, (C3H6O) sum of acetone (dominant isomer) and propanal, using calibration factor for acetone
DMS_NOAAPTR_ppbv,  ppbv, Gas_DMS_InSitu_S_AVMR, (C2H6S) dimethyl sulfide with possible small contributions from ethanethiol
C5H8_NOAAPTR_ppbv,  ppbv, Gas_Isoprene_InSitu_S_AVMR, (C5H8) isoprene and possible fragments from cycloalkanes and aldehydes. Interferences have been subtracted following methods described by Coggon et al (2023)
MVKMAC_NOAAPTR_ppbv,  ppbv, Gas_MVKAndMAC_InSitu_S_AVMR, (C4H6O) sum of methyl vinyl ketone, methacrolein, and small amounts of crotonaldehyde, using weighted calibration factor for MVK (0.637) and MACR (0.363)
Benzene_NOAAPTR_ppbv,  ppbv, Gas_Benzene_InSitu_S_AVMR, (C6H6) benzene
Toluene_NOAAPTR_ppbv,  ppbv, Gas_Toluene_InSitu_S_AVMR, (C7H8) toluene with possible small contributions of fragments from ethyltoluene
Styrene_NOAAPTR_ppbv,  ppbv, Gas_Styrene_InSitu_S_AVMR, (C8H8) styrene
Benzaldehyde_NOAAPTR_ppbv,  ppbv, Gas_Benzaldehyde_InSitu_S_AVMR, (C7H6O) benzaldehyde
C8Aromatics_NOAAPTR_ppbv,  ppbv, Gas_C8Aromatics_InSitu_M_AVMR, (C8H10) sum of m-xylene, p-xylene, o-xylene, and ethyl benzene
C9Aromatics_NOAAPTR_ppbv,  ppbv, Gas_C9Aromatics_InSitu_M_AVMR, (C9H12) sum of C9 aromatics
Naphthalene_NOAAPTR_ppbv,  ppbv, Gas_Naphthalene_InSitu_S_AVMR, (C10H8) naphthalene
Octanal_NOAAPTR_ppbv,  ppbv, Gas_Octanal_InSitu_S_AVMR, (C8H16O) octanal and small amounts of octanone
Monoterpenes_NOAAPTR_ppbv,  ppbv, Gas_Monoterpenes_InSitu_M_AVMR, (C10H16) sum of monoterpenes and possible contributions from fragments of oxygenated monoterpenoids such as eucalyptol.
Nonanal_NOAAPTR_ppbv,  ppbv, Gas_Nonanal_InSitu_M_AVMR, (C9H18O) nonanal and small amounts of nonanone
C7H4ClF3_NOAAPTR_ppbv,  ppbv, Gas_C7H4ClF3_InSitu_S_AVMR, (C7H4ClF3) parachlorobenzotrifluoride
C10H30O5Si5_NOAAPTR_ppbv,  ppbv, Gas_C10H30O5Si5_InSitu_S_AVMR, (C10H30O5Si5) decamethylcyclopentasiloxane
1
SPECIAL COMMENTS:N/A
21
PI_CONTACT_INFO: NOAA ESRL Chemical Sciences Division, Tropospheric Chemistry Group. 325 Broadway, R/CSD7, Boulder, CO 80305
PLATFORM: Mobile Laboratory.
LOCATION: Salt Lake City, UT
ASSOCIATED_DATA: N/A
INSTRUMENT_INFO: NOAA PTR-ToF-MS measurements on NOAA CSL Mobile Lab
DATA_INFO: Units: ppbv
UNCERTAINTY: See OTHER_COMMENTS
ULOD_FLAG: -7777
ULOD_VALUE: N/A
LLOD_FLAG: -8888
LLOD_VALUE: N/A.
DM_CONTACT_INFO: Data Managers: Matt Coggon, Kelvin Bates, Chelsea Stockwell; email: matthew.m.coggon@noaa.gov and kelvin.bates@colorado.edu
PROJECT_INFO: USOS Deployment July-August, 2024
STIPULATIONS_ON_USE: Use of these data require prior OK from PI.
OTHER_COMMENTS: Uncertainties:
CH3OH_NOAAPTR_ppbv:30%; CH3CN_NOAAPTR_ppbv:30%; CH3CHO_NOAAPTR_ppbv:30%; C2H5OH_NOAAPTR_ppbv:30%; CH3SH_NOAAPTR_ppbv:50%; Acrolein_NOAAPTR_ppbv:30%; AcetonePropanal_NOAAPTR_ppbv:30%; DMS_NOAAPTR_ppbv:30%; C5H8_NOAAPTR_ppbv:30%; MVKMAC_NOAAPTR_ppbv:30%; 
Benzene_NOAAPTR_ppbv:30%; Toluene_NOAAPTR_ppbv:30%; Styrene_NOAAPTR_ppbv:30%; Benzaldehyde_NOAAPTR_ppbv:30%; C8Aromatics_NOAAPTR_ppbv:30%; C9Aromatics_NOAAPTR_ppbv:30%; Naphthalene_NOAAPTR_ppbv:30%; Octanal_NOAAPTR_ppbv:30%; Monoterpenes_NOAAPTR_ppbv:30%; Nonanal_NOAAPTR_ppbv:30%; 
C7H4ClF3_NOAAPTR_ppbv:30%; C10H30O5Si5_NOAAPTR_ppbv:30%; 
REVISION: R0
R0: Calibrated PTR Data. See individual species comments for details about measurement uncertainties
Time_Start, CH3OH_NOAAPTR_ppbv, CH3CN_NOAAPTR_ppbv, CH3CHO_NOAAPTR_ppbv, C2H5OH_NOAAPTR_ppbv, CH3SH_NOAAPTR_ppbv, Acrolein_NOAAPTR_ppbv, AcetonePropanal_NOAAPTR_ppbv, DMS_NOAAPTR_ppbv, C5H8_NOAAPTR_ppbv, MVKMAC_NOAAPTR_ppbv, Benzene_NOAAPTR_ppbv, Toluene_NOAAPTR_ppbv, Styrene_NOAAPTR_ppbv, Benzaldehyde_NOAAPTR_ppbv, C8Aromatics_NOAAPTR_ppbv, C9Aromatics_NOAAPTR_ppbv, Naphthalene_NOAAPTR_ppbv, Octanal_NOAAPTR_ppbv, Monoterpenes_NOAAPTR_ppbv, Nonanal_NOAAPTR_ppbv, C7H4ClF3_NOAAPTR_ppbv, C10H30O5Si5_NOAAPTR_ppbv
[from data line 1240]
74400.0, 9.27157, 0.27732, 1.94107, 1.84720, 0.00012, 0.27776, 5.46946, -0.00011, 0.26941, 0.75730, 0.13137, 0.18650, 0.00804, -0.01804, 0.08110, 0.03278, -0.02052, 0.03038, 0.18623, 0.03089, 0.02354, 0.00262 
74460.0, 10.45892, 0.27577, 2.17550, 2.15029, -0.00099, 0.27907, 5.66827, -0.00011, 0.26643, 0.72810, 0.10149, 0.19234, 0.00611, -0.02394, 0.07963, 0.03126, -0.02053, 0.02042, 0.18653, 0.05609, 0.03575, 0.00360 
74520.0, 7.62805, 0.29624, 1.90057, 1.96692, 0.00018, 0.24415, 5.44666, -0.00010, 0.37105, 0.59633, 0.11813, 0.15280, -0.00014, -0.01207, 0.06368, 0.02139, -0.00785, 0.01987, 0.06702, 0.01467, 0.08140, 0.00140 
74580.0, 9.62712, 0.27523, 2.17477, 2.03366, 0.00250, 0.27462, 5.60549, -0.00010, 0.24978, 0.64386, 0.15164, 0.17158, 0.02783, -0.01558, 0.08051, 0.03801, -0.02056, 0.06591, 0.33180, 0.04865, 0.09663, 0.00198 
74640.0, 10.64713, 0.28846, 2.42040, 3.96807, 0.00226, 0.32849, 5.74678, -0.00010, 0.36566, 0.64708, 0.22912, 0.53751, -0.00956, -0.05186, 0.30479, 0.12154, -0.01073, 0.06491, 0.30372, 0.11507, 0.20581, 0.00235 
74700.0, 9.69594, 0.26512, 2.12226, 2.07428, 0.00052, 0.28425, 5.56875, -0.00010, 0.35385, 0.69568, 0.08641, 0.24049, 0.02188, -0.01339, 0.09037, 0.04859, -0.02059, 0.02544, 0.52155, 0.04416, 0.25317, 0.00267 
74760.0, 9.16736, 0.27306, 2.33358, 2.18478, 0.00166, 0.32058, 5.67205, -0.00010, 0.44679, 0.67871, 0.13393, 0.22275, 0.00073, -0.03057, 0.08195, 0.05536, -0.02060, 0.04475, 0.36006, 0.12364, 0.28121, 0.00258 
74820.0, 11.48393, 0.26767, 2.82756, 3.85971, 0.00330, 0.34245, 6.11837, 0.00453, 0.48998, 0.75308, 0.10844, 0.27560, 0.01224, -0.03961, 0.09405, 0.05618, -0.01715, 0.07435, 0.48875, 0.07419, 0.28975, 0.01689 
74880.0, 8.92289, 0.29240, 2.18418, 2.31534, -0.00046, 0.27415, 5.69914, -0.00010, 0.62872, 0.64692, 0.12623, 0.24335, 0.00267, -0.02904, 0.08511, 0.04772, -0.00371, 0.04845, 0.21227, 0.05050, 0.12602, 0.00225 
74940.0, 10.06140, 0.25924, 2.27556, 2.49620, 0.00243, 0.30489, 5.65221, 0.00899, 0.39501, 0.69782, 0.11815, 0.21315, 0.01574, -0.03738, 0.10106, 0.05026, -0.02065, 0.04982, 0.23868, 0.06347, 0.22606, 0.00350 
75000.0, 8.15488, 0.27322, 2.03482, 2.30448, 0.00052, 0.29275, 5.50596, -0.00010, 0.32508, 0.70782, 0.09157, 0.18876, 0.00193, -0.02073, 0.08143, 0.04391, -0.02066, 0.02911, 0.11833, 0.03713, 0.13926, 0.00257 
75060.0, 9.54476, 0.27763, 2.05016, 2.38394, 0.00153, 0.28830, 5.58716, -0.00010, 0.15788, 0.62026, 0.11864, 0.20116, 0.00849, -0.01033, 0.08961, 0.03938, -0.02068, 0.03963, 0.28010, 0.07196, 0.08460, 0.00348 
75120.0, 8.31671, 0.27188, 2.00441, 1.74514, 0.00005, 0.21634, 5.60771, -0.00010, 0.16351, 0.59370, 0.07647, 0.15565, -0.00452, -0.00832, 0.07839, 0.03485, -0.01996, 0.03825, 0.10010, 0.04087, 0.06109, 0.00285 
75180.0, 8.03014, 0.28217, 1.96051, 1.78070, -0.00103, 0.26599, 5.60607, -0.00010, 0.14614, 0.55935, 0.08027, 0.17181, -0.00143, -0.01862, 0.06996, 0.03179, -0.01922, 0.02468, 0.09616, 0.03181, 0.09559, 0.00443 
75240.0, 7.83089, 0.26214, 1.82402, 1.72630, 0.00188, 0.20380, 5.44472, -0.00010, 0.08012, 0.68313, 0.09395, 0.14382, 0.00998, -0.02124, 0.06765, 0.03263, -0.01616, 0.01557, 0.05612, 0.03242, 0.15391, 0.00168 
75300.0, 7.58655, 0.27754, 1.97052, 1.84572, 0.00002, 0.22579, 5.56679, -0.00010, 0.11585, 0.67556, 0.09260, 0.18581, -0.00896, -0.03492, 0.06507, 0.03123, -0.00579, 0.02709, 0.04599, 0.03066, 0.12321, 0.00239 
75360.0, 10.57902, 0.27729, 2.22574, 1.65801, 0.00084, 0.27147, 5.72074, 0.00380, 0.18078, 0.64458, 0.07228, 0.16423, 0.00739, -0.03459, 0.07719, 0.02813, -0.01200, 0.03163, 0.09968, 0.05395, 0.08621, -0.00051 
75420.0, 9.81690, 0.26281, 1.87225, 1.83172, -0.00014, 0.27347, 5.56776, 0.00486, 0.18333, 0.59020, 0.08507, 0.21090, 0.01398, -0.01663, 0.07421, 0.02879, -0.01590, 0.05564, 0.33868, 0.04305, 0.01830, 0.00124 
75480.0, 8.80313, 0.25998, 1.82575, 1.93441, 0.00311, 0.26878, 5.34622, 0.00509, 0.13851, 0.61076, 0.12643, 0.14770, -0.00180, -0.00196, 0.05982, 0.02191, -0.02078, 0.03227, 0.26307, 0.04370, 0.01965, 0.00283 
75540.0, 8.54578, 0.24582, 1.79983, 1.98030, -0.00051, 0.23558, 5.44998, -0.00009, 0.37773, 0.62918, 0.07575, 0.15385, -0.00401, -0.02479, 0.05963, 0.01738, -0.01947, 0.02859, 0.06999, 0.03104, 0.01765, 0.00236 
75600.0, 9.19642, 0.24335, 1.83115, 3.94240, 0.00031, 0.26726, 5.43529, -0.00009, 0.25257, 0.54094, 0.22603, 0.46534, -0.00215, -0.02883, 0.25752, 0.09794, -0.00913, 0.02614, 0.18290, 0.02455, 0.02085, 0.00129 
75660.0, 8.75112, 0.27483, 1.49942, 2.20980, -0.00103, 0.21007, 5.31103, 0.00199, 0.05713, 0.51485, 0.05459, 0.12806, -0.00959, -0.02122, 0.06247, 0.02052, -0.02083, 0.03084, 0.08869, 0.02798, 0.02026, 0.00072 
75720.0, 8.88003, 0.25839, 1.73880, 2.16846, 0.00110, 0.23587, 5.53199, -0.00009, 0.14758, 0.46448, 0.05144, 0.13834, 0.01151, -0.01377, 0.07346, 0.02311, -0.01544, 0.03186, 0.09549, 0.02790, 0.01002, 0.00240 
75780.0, 8.26237, 0.26145, 1.73209, 2.71915, 0.00082, 0.23482, 5.47028, -0.00009, 0.10916, 0.47462, 0.08317, 0.16957, 0.00235, -0.03023, 0.07129, 0.02660, 0.00637, 0.02497, 0.12553, 0.03917, 0.01956, 0.00169 
75840.0, 8.77559, 0.28677, 1.87041, 2.09276, -0.00072, 0.25278, 5.54320, -0.00009, 0.21361, 0.51889, 0.06157, 0.17450, -0.00056, -0.02203, 0.07211, 0.03298, -0.00380, 0.02779, 0.43206, 0.03738, 0.01844, 0.00214 
75900.0, 9.77436, 0.28568, 1.96719, 2.35025, -0.00044, 0.24066, 5.44232, 0.00113, 0.26359, 0.51484, 0.05747, 0.17821, -0.00331, -0.02481, 0.07603, 0.02336, -0.02089, 0.02908, 0.28169, 0.04268, 0.01114, 0.00121 
75960.0, 9.40779, 0.28449, 2.10610, 2.04806, -0.00072, 0.23931, 5.72045, -0.00009, 0.26562, 0.51697, 0.11421, 0.20095, 0.00917, -0.01360, 0.07364, 0.02472, -0.00826, 0.03810, 0.12541, 0.03842, 0.01656, -0.00019 
76020.0, 10.46243, 0.29269, 2.30745, 2.84763, 0.00050, 0.27311, 5.73616, -0.00009, 0.40243, 0.59928, 0.10415, 0.22292, 0.00618, -0.03714, 0.08590, 0.03705, -0.01387, 0.05127, 0.21119, 0.04728, 0.02964, 0.00426 
76080.0, 10.50286, 0.27316, 2.50152, 2.68339, 0.00262, 0.30728, 5.81944, -0.00009, 0.44741, 0.58243, 0.04925, 0.23855, 0.00992, -0.01625, 0.08091, 0.03478, -0.02093, 0.06501, 0.25571, 0.09089, 0.02309, 0.00152 
76140.0, 8.56413, 0.24756, 2.24422, 1.98152, 0.00136, 0.29234, 5.50012, -0.00009, 0.40515, 0.54699, 0.05790, 0.20309, 0.01121, -0.02026, 0.07966, 0.03064, -0.00137, 0.03728, 0.20225, 0.06086, 0.01137, 0.00214 
76200.0, 10.20244, 0.25877, 2.40084, 3.25770, 0.00321, 0.30201, 5.77828, -0.00009, 0.28779, 0.55291, 0.15206, 0.35989, 0.02701, -0.01680, 0.15079, 0.05929, -0.02096, 0.04684, 0.26594, 0.09671, 0.01781, 0.00136 
76260.0, 9.25302, 0.27227, 2.32787, 2.61242, 0.00028, 0.28863, 5.69692, 0.00791, 0.31908, 0.57914, 0.11274, 0.27278, 0.00259, -0.00633, 0.11560, 0.05438, -0.00961, 0.02435, 0.31750, 0.08292, 0.01481, 0.00151 
76320.0, 9.99116, 0.25198, 2.14791, 2.38259, -0.00053, 0.29704, 5.74409, -0.00009, 0.29455, 0.56773, 0.06207, 0.20529, -0.00961, -0.02791, 0.07480, 0.03277, 0.00181, 0.03845, 0.26108, 0.09122, 0.01386, 0.00312 
76380.0, 9.50516, 0.28227, 1.87390, 2.42468, 0.00309, 0.21311, 5.52841, -0.00008, 0.23570, 0.60068, 0.13768, 0.16938, 0.00329, -0.00696, 0.05823, 0.03053, -0.01078, 0.02066, 0.15566, 0.05392, 0.01794, 0.00188 
76440.0, 9.05957, 0.28551, 1.87481, 2.59621, -0.00103, 0.23112, 5.45113, 0.01743, 0.29218, 0.58529, 0.03449, 0.17459, -0.00285, -0.01342, 0.06584, 0.03137, -0.01689, 0.03531, 0.24034, 0.03316, 0.01290, 0.00219 
76500.0, 10.17982, 0.26013, 2.21157, 2.89663, 0.00147, 0.25543, 5.62480, -0.00008, 0.31965, 0.57079, 0.10933, 0.19631, 0.01883, -0.00730, 0.07763, 0.03085, -0.01596, 0.05724, 0.29273, 0.06778, 0.01839, 0.00124 
76560.0, 9.63685, 0.25503, 2.14046, 2.55506, 0.00043, 0.30138, 5.65171, 0.01290, 0.22235, 0.60383, 0.07792, 0.18565, -0.00134, -0.03364, 0.07965, 0.02971, -0.01793, 0.05462, 0.29779, 0.08054, 0.02259, 0.00369 
76620.0, 10.48520, 0.25996, 2.32009, 2.71039, -0.00103, 0.29779, 5.91592, -0.00008, 0.17880, 0.63948, 0.16302, 0.25699, -0.00962, 0.00174, 0.11931, 0.05267, -0.00387, 0.04729, 0.28780, 0.08134, 0.02248, 0.00238 
76680.0, 10.10684, 0.27176, 2.26842, 3.43688, 0.00022, 0.27901, 5.77357, -0.00008, 0.27239, 0.61095, 0.17272, 0.34591, 0.01376, -0.00984, 0.17448, 0.06485, -0.01102, 0.04643, 0.19032, 0.06791, 0.01751, 0.00215 
76740.0, 11.41623, 0.25665, 2.38783, 3.28087, -0.00019, 0.30751, 5.72926, -0.00008, 0.23689, 0.62426, 0.14986, 0.36708, 0.01545, -0.02249, 0.15126, 0.06630, -0.00241, 0.04318, 0.23151, 0.06617, 0.03542, 0.00379 
76800.0, 8.14439, 0.25032, 1.96232, 2.24726, 0.00192, 0.27934, 5.45223, -0.00008, 0.09471, 0.55794, 0.06305, 0.17924, 0.01924, -0.02004, 0.09974, 0.03581, -0.01046, 0.03116, 0.08160, 0.03050, 0.03925, 0.00096 
76860.0, 9.24688, 0.27309, 2.46667, 8.97730, 0.00059, 0.30334, 5.76475, -0.00008, 0.18366, 0.54591, 0.59759, 1.31563, 0.07070, -0.05367, 0.75225, 0.27396, 0.00120, 0.07191, 0.13152, 0.06539, 0.03279, 0.00252 
76920.0, 9.53478, 0.25225, 2.13235, 2.15165, 0.00033, 0.29783, 5.64572, -0.00008, 0.13937, 0.60485, 0.10015, 0.19856, 0.01268, -0.02716, 0.07888, 0.03206, -0.02114, 0.02225, 0.14245, 0.03916, 0.09587, 0.00048 
76980.0, 8.54649, 0.27905, 2.31952, 2.33330, 0.00081, 0.28428, 5.54212, -0.00008, 0.19601, 0.53842, 0.25647, 0.48766, -0.00412, -0.01638, 0.27246, 0.13395, -0.01229, 0.04312, 0.08143, 0.01749, 0.07480, 0.00428 
77040.0, 10.31011, 0.26874, 2.35838, 3.06660, 0.00011, 0.27472, 5.69703, -0.00008, 0.36117, 0.55521, 0.10099, 0.22748, 0.00043, -0.01935, 0.10424, 0.05838, -0.01156, 0.03118, 0.38410, 0.05858, 0.08099, 0.00196 
77100.0, 9.56955, 0.27294, 2.18191, 2.66757, -0.00103, 0.28248, 5.67236, 0.00617, 0.32413, 0.59047, 0.11690, 0.24345, 0.00986, -0.02128, 0.09011, 0.03148, -0.01747, 0.02626, 0.26032, 0.04403, 0.08638, 0.00477 
77160.0, 9.15350, 0.27092, 1.93217, 1.91434, 0.00215, 0.27897, 5.42806, 0.01333, 0.39529, 0.59484, 0.09056, 0.21159, 0.00548, -0.04874, 0.07072, 0.03509, -0.01849, 0.03135, 0.19988, 0.05116, 0.04581, 0.00035 
77220.0, 8.68425, 0.25523, 1.97037, 2.16615, 0.00127, 0.24271, 5.41526, -0.00008, 0.23871, 0.60230, 0.11027, 0.18105, 0.01622, -0.01767, 0.07604, 0.02837, -0.01870, 0.03045, 0.17482, 0.05830, 0.03527, 0.00224 
77280.0, 8.95165, 0.27447, 1.79516, 2.14857, 0.00294, 0.24398, 5.21949, -0.00008, 0.38261, 0.68947, 0.13064, 0.16393, 0.00591, -0.01918, 0.07020, 0.02987, -0.00742, 0.02487, 0.12433, 0.03481, 0.02074, 0.00247 
77340.0, 8.40466, 0.28141, 1.86410, 2.22842, -0.00103, 0.24950, 5.39505, -0.00007, 0.33020, 0.66209, 0.05327, 0.13452, 0.01043, -0.01811, 0.07701, 0.02833, -0.02124, 0.03621, 0.10035, 0.04019, 0.01186, 0.00222 
77400.0, 10.41047, 0.29328, -9999.00000, 2.83035, 0.00184, 0.24994, 5.39449, -0.00007, -9999.00000, 0.64036, 0.12534, 0.17818, 0.00034, -0.02211, 0.07157, 0.02488, 0.00584, 0.05247, 0.24115, 0.09553, 0.01328, 0.00135 
77460.0, -9999.00000, -9999.00000, -9999.00000, -9999.00000, -9999.00000, -9999.00000, -9999.00000, -9999.00000, -9999.00000, -9999.00000, -9999.00000, -9999.00000, -9999.00000, -9999.00000, -9999.00000, -9999.00000, -9999.00000, -9999.00000, -9999.00000, -9999.00000, -9999.00000, -9999.00000 
77520.0, -9999.00000, -9999.00000, -9999.00000, -9999.00000, -9999.00000, -9999.00000, -9999.00000, -9999.00000, -9999.00000, -9999.00000, -9999.00000, -9999.00000, -9999.00000, -9999.00000, -9999.00000, -9999.00000, -9999.00000, -9999.00000, -9999.00000, -9999.00000, -9999.00000, -9999.00000 
77580.0, -9999.00000, -9999.00000, -9999.00000, -9999.00000, -9999.00000, -9999.00000, -9999.00000, -9999.00000, -9999.00000, -9999.00000, -9999.00000, -9999.00000, -9999.00000, -9999.00000, -9999.00000, -9999.00000, -9999.00000, -9999.00000, -9999.00000, -9999.00000, -9999.00000, -9999.00000 
77640.0, -9999.00000, -9999.00000, -9999.00000, -9999.00000, -9999.00000, -9999.00000, -9999.00000, -9999.00000, -9999.00000, -9999.00000, -9999.00000, -9999.00000, -9999.00000, -9999.00000, -9999.00000, -9999.00000, -9999.00000, -9999.00000, -9999.00000, -9999.00000, -9999.00000, -9999.00000 
77700.0, -9999.00000, -9999.00000, -9999.00000, -9999.00000, -9999.00000, -9999.00000, -9999.00000, -9999.00000, -9999.00000, -9999.00000, -9999.00000, -9999.00000, -9999.00000, -9999.00000, -9999.00000, -9999.00000, -9999.00000, -9999.00000, -9999.00000, -9999.00000, -9999.00000, -9999.00000 
77760.0, -9999.00000, -9999.00000, -9999.00000, -9999.00000, -9999.00000, -9999.00000, -9999.00000, -9999.00000, -9999.00000, -9999.00000, -9999.00000, -9999.00000, -9999.00000, -9999.00000, -9999.00000, -9999.00000, -9999.00000, -9999.00000, -9999.00000, -9999.00000, -9999.00000, -9999.00000 
77820.0, -9999.00000, -9999.00000, -9999.00000, -9999.00000, -9999.00000, -9999.00000, -9999.00000, -9999.00000, -9999.00000, -9999.00000, -9999.00000, -9999.00000, -9999.00000, -9999.00000, -9999.00000, -9999.00000, -9999.00000, -9999.00000, -9999.00000, -9999.00000, -9999.00000, -9999.00000 
77880.0, -9999.00000, -9999.00000, -9999.00000, -9999.00000, -9999.00000, -9999.00000, -9999.00000, -9999.00000, -9999.00000, -9999.00000, -9999.00000, -9999.00000, -9999.00000, -9999.00000, -9999.00000, -9999.00000, -9999.00000, -9999.00000, -9999.00000, -9999.00000, -9999.00000, -9999.00000 
77940.0, -9999.00000, -9999.00000, -9999.00000, -9999.00000, -9999.00000, -9999.00000, -9999.00000, -9999.00000, -9999.00000, -9999.00000, -9999.00000, -9999.00000, -9999.00000, -9999.00000, -9999.00000, -9999.00000, -9999.00000, -9999.00000, -9999.00000, -9999.00000, -9999.00000, -9999.00000 
78000.0, -9999.00000, -9999.00000, -9999.00000, -9999.00000, -9999.00000, -9999.00000, -9999.00000, -9999.00000, -9999.00000, -9999.00000, -9999.00000, -9999.00000, -9999.00000, -9999.00000, -9999.00000, -9999.00000, -9999.00000, -9999.00000, -9999.00000, -9999.00000, -9999.00000, -9999.00000 
78060.0, 8.56315, -9999.00000, -9999.00000, 2.17078, -0.00000, 0.24331, 5.28644, -0.00008, -9999.00000, 0.52552, 0.17239, 0.18263, 0.00308, 0.01772, 0.07276, 0.04203, 0.00501, 0.04629, 0.16047, 0.05916, 0.02769, 0.00190 
78120.0, 8.26378, 0.26515, 1.92739, 2.37301, 0.00298, 0.23883, 5.29563, 0.00341, 0.42117, 0.58003, 0.07052, 0.18341, 0.00134, -0.04730, 0.07643, 0.03800, -0.02083, 0.03417, 0.21639, 0.05740, 0.02673, 0.00203 
78180.0, 8.95142, 0.26477, 1.97084, 2.74971, 0.00193, 0.30827, 5.36662, -0.00009, 0.48324, 0.57831, 0.11465, 0.21366, -0.00069, -0.00454, 0.08316, 0.03191, -0.00966, 0.03425, 0.30276, 0.08546, 0.01966, 0.00303 
78240.0, 7.81316, 0.25296, 1.57650, 1.37362, -0.00003, 0.21514, 5.16707, -0.00009, 0.40392, 0.46804, 0.07767, 0.15057, -0.00776, -0.01691, 0.06068, 0.02557, -0.01132, 0.01134, 0.16962, 0.03408, 0.01534, 0.00068 
78300.0, 7.28989, 0.25284, 1.49902, 1.97623, 0.00074, 0.20322, 4.94313, 0.00760, 0.05912, 0.40429, 0.05027, 0.12669, 0.02089, -0.02196, 0.05635, 0.02340, -0.00115, 0.02776, 0.04640, 0.02003, 0.01069, 0.00192 
78360.0, 7.87787, 0.26917, 1.65429, 1.62863, 0.00151, 0.24197, 5.01120, -0.00009, 0.16055, 0.44713, 0.07411, 0.16255, 0.02762, -0.01475, 0.07198, 0.04505, -0.01920, 0.02398, 0.08081, 0.03683, 0.00807, 0.00156 
78420.0, 9.49904, 0.26905, 1.90291, 1.76799, 0.00240, 0.29682, 5.17831, 0.00922, 0.31287, 0.46155, 0.05909, 0.14633, 0.01821, -0.02397, 0.06936, 0.03154, -0.00643, 0.03076, 0.13261, 0.04643, 0.00691, 0.00096 
78480.0, 8.85608, 0.25953, 1.79384, 1.88228, 0.00055, 0.26489, 5.08569, -0.00010, 0.41261, 0.53774, 0.02930, 0.16859, 0.00003, -0.03328, 0.07604, 0.03083, -0.01912, 0.00867, 0.15846, 0.02937, 0.01038, 0.00130 
78540.0, 9.22752, 0.24307, 1.99576, 5.93216, 0.00059, 0.27677, 5.19756, 0.01183, 0.32686, 0.53726, 0.37820, 0.77138, 0.04315, -0.03851, 0.38993, 0.11145, -0.01222, 0.02875, 0.24240, 0.06579, 0.00509, 0.00274 
78600.0, 8.73912, 0.23922, 1.77298, 2.01739, 0.00046, 0.27867, 5.20268, -0.00010, 0.41144, 0.51851, 0.04977, 0.15830, 0.00973, -0.03410, 0.07318, 0.03493, -0.00891, 0.03801, 0.17194, 0.02211, 0.01429, 0.00267 
