CampaignData_and_Merges/R0/CSL_MobileLab_Parked/raw/20240724/USOS-jNO2_MobileLabGround_20240724_R0.ict
52,1001
Waxman, E.; Rollins, A.; Zuraski, K.; Chace, W.
NOAA Chemical Sciences Laboratory
jNO2 filter radiometer on CSL Mobile Lab
AMMBEC / USOS
1, 1
2024,07,24, 2025,04,01
60
Time_Start, seconds, number_of_seconds_since_0000_UTC
20
1, 1, 1, 1, 1, 1, 1, 1, 1, 1, 1, 1, 1, 1, 1, 1, 1, 1, 1, 1
-9999, -9999, -9999, -9999, -9999, -9999, -9999, -9999, -9999, -9999, -9999, -9999, -9999, -9999, -9999, -9999, -9999, -9999, -9999, -9999
Time_Stop, seconds, number_of_seconds_since_0000_UTC
jNO2_meas, per second, photolysis rate of NO2 measured using a filter radiometer.
jBrCl, per second, photolysis rate of BrCl -> Br + Cl calculated in TUV for cloud-free sky with local AOD
jBr2, per second, photolysis rate of Br2 -> Br + Br calculated in TUV for cloud-free sky with local AOD
jCCl4, per second, photolysis rate of CCl4 -> Products calcualted in TUV for cloud-free sky with local AOD
jCH2Oa, per second, photolysis rate of CH2O -> H + HCO calculated in TUV for cloud-free sky with local AOD
jCH2Ob, per second, photolysis rate of CH2O -> H2 + CO calculated in TUV for cloud-free sky with local AOD
jClNO2, per second, photolysis rate of ClNO2 -> Cl + NO2 calculated in TUV for cloud-free sky with local AOD
jClOa, per second, photolysis rate of ClO -> Cl + O(1D) calculated in TUV for cloud-free sky with local AOD
jClOb, per second, photolysis rate of ClO -> Cl + O(3P) calculated in TUV for cloud-free sky with local AOD
jCl2, per second, photolysis rate of Cl2 -> Cl + Cl calculated in TUV for cloud-free sky with local AOD
jHNO2, per second, photolysis rate of HNO2 -> OH + NO calculated in TUV for cloud-free sky with local AOD
jHNO3, per second, photolysis rate of HNO3 -> OH + NO2 calculated in TUV for cloud-free sky with local AOD
jI2, per second, photolysis rate of I2 -> I + I calculated in TUV for cloud-free sky with local AOD
jNO2, per second, photolysis rate of NO2 -> NO + O(3P) calculated in TUV for cloud-free sky with local AOD
jNO3a, per second, photolysis rate of NO3 -> NO + O2 calculated in TUV for cloud-free sky with local AOD
jNO3b, per second, photolysis rate of NO3 -> NO2 + O(3P) calculated in TUV for cloud-free sky with local AOD
jN2O5, per second, photolysis rate of N2O5 -> NO3 + NO + O(3P) calculated in TUV for cloud-free sky with local AOD
jO3, per second, photolysis rate of O3 -> O2 + O(1D) calculated in TUV for cloud-free sky with local AOD
AOD_500nm, unitless, UTC daily mean AOD at 500 nm from an AERONET station located at 40.178 N, -112.452 E
0
18
PI_CONTACT_INFO: eleanor.waxman@noaa.gov
PLATFORM: CSL Mobile Lab, at ground site
LOCATION: Salt Lake City, UT
ASSOCIATED_DATA:
INSTRUMENT_INFO: jNO2 filter radiometer.  TUV calculations are for mobile van lat/lon/altitude assuming clear sky (cloud AOD = 0) and daily mean AOD.
DATA_INFO:
UNCERTAINTY: Data uncertainties are +/- 20%.  These come from uncertainties in radiometer angular response, radiometer thermal response, local interferences from clouds/aerosols/shadows etc.
ULOD_FLAG: -7777
ULOD_VALUE: N/A
LLOD_FLAG: -8888
LLOD_VALUE: N/A
DM_CONTACT_INFO: eleanor.waxman@noaa.gov
PROJECT_INFO: USOS Project, July - August 2024
STIPULATIONS_ON_USE: Users are strongly encouraged to contact the PI for proper data usage.
OTHER_COMMENTS: 
REVISION: R0
R0: final data
Time_Start, Time_Stop, jNO2_meas, jBrCl, jBr2, jCCl4, jCH2Oa, jCH2Ob, jClNO2, jClOa, jClOb, jCl2, jHNO2, jHNO3, jI2, jNO2, jNO3a, jNO3b, jN2O5, jO3, AOD_500nm
[from data line 1033]
   61980,   62040,0.0081427,0.009943,0.03054,1.472e-23,2.744e-05,4.204e-05,0.0004156,6.612e-24,3.697e-05,0.002068,0.001358,4.769e-07,0.1103,0.008391,0.02149,0.1714,3.683e-05,2.41e-05,0.393
   62040,   62100,0.0081224,0.009954,0.03056,1.561e-23,2.752e-05,4.213e-05,0.0004165,7.055e-24,3.714e-05,0.002071,0.00136,4.786e-07,0.1104,0.008402,0.0215,0.1715,3.692e-05,2.422e-05,0.393
   62100,   62160,0.0081095,0.009966,0.03059,1.644e-23,2.76e-05,4.222e-05,0.0004174,7.418e-24,3.733e-05,0.002075,0.001362,4.805e-07,0.1105,0.008415,0.02151,0.1716,3.701e-05,2.435e-05,0.393
   62160,   62220,0.0081128,0.009978,0.03062,1.728e-23,2.767e-05,4.231e-05,0.0004183,7.847e-24,3.752e-05,0.002078,0.001364,4.823e-07,0.1106,0.008427,0.02152,0.1717,3.71e-05,2.448e-05,0.393
   62220,   62280,0.0081139,0.009988,0.03065,1.839e-23,2.775e-05,4.24e-05,0.0004191,8.346e-24,3.771e-05,0.002082,0.001366,4.841e-07,0.1106,0.008439,0.02153,0.1718,3.718e-05,2.461e-05,0.393
   62280,   62340,0.0081186,0.01,0.03067,1.921e-23,2.782e-05,4.249e-05,0.00042,8.75e-24,3.787e-05,0.002085,0.001368,4.857e-07,0.1107,0.008451,0.02155,0.1719,3.727e-05,2.472e-05,0.393
   62340,   62400,0.0081321,0.01001,0.0307,2.059e-23,2.79e-05,4.258e-05,0.0004208,9.4e-24,3.811e-05,0.002089,0.00137,4.877e-07,0.1108,0.008463,0.02156,0.172,3.736e-05,2.488e-05,0.393
   62400,   62460,0.0081508,0.01002,0.03073,2.145e-23,2.797e-05,4.266e-05,0.0004216,9.811e-24,3.825e-05,0.002092,0.001372,4.892e-07,0.1109,0.008474,0.02157,0.1721,3.744e-05,2.498e-05,0.393
   62460,   62520,0.0081704,0.01003,0.03075,2.278e-23,2.805e-05,4.275e-05,0.0004225,1.05e-23,3.844e-05,0.002096,0.001374,4.911e-07,0.1109,0.008486,0.02158,0.1722,3.752e-05,2.511e-05,0.393
   62520,   62580,0.00819,0.01004,0.03078,2.398e-23,2.813e-05,4.283e-05,0.0004234,1.101e-23,3.863e-05,0.002099,0.001377,4.929e-07,0.111,0.008498,0.02159,0.1723,3.761e-05,2.524e-05,0.393
   62580,   62640,0.0082076,0.01005,0.0308,2.529e-23,2.819e-05,4.291e-05,0.0004241,1.173e-23,3.88e-05,0.002103,0.001378,4.944e-07,0.1111,0.008509,0.0216,0.1724,3.769e-05,2.534e-05,0.393
   62640,   62700,0.0082137,0.01006,0.03083,2.657e-23,2.827e-05,4.3e-05,0.000425,1.229e-23,3.901e-05,0.002106,0.00138,4.963e-07,0.1111,0.00852,0.02161,0.1725,3.777e-05,2.549e-05,0.393
   62700,   62760,0.0082398,0.01008,0.03087,2.95e-23,2.838e-05,4.313e-05,0.0004262,1.365e-23,3.923e-05,0.002111,0.001384,4.987e-07,0.1113,0.008538,0.02163,0.1727,3.79e-05,2.564e-05,0.393
   62760,   62820,0.0082559,0.01009,0.03089,3.114e-23,2.845e-05,4.321e-05,0.000427,1.443e-23,3.939e-05,0.002114,0.001385,5.003e-07,0.1113,0.008548,0.02164,0.1728,3.798e-05,2.575e-05,0.393
   62820,   62880,0.0082532,0.0101,0.03092,3.296e-23,2.852e-05,4.329e-05,0.0004278,1.53e-23,3.957e-05,0.002118,0.001387,5.02e-07,0.1114,0.008559,0.02165,0.1729,3.806e-05,2.587e-05,0.393
   62880,   62940,0.0082481,0.01011,0.03094,3.49e-23,2.859e-05,4.337e-05,0.0004286,1.624e-23,3.975e-05,0.002121,0.001389,5.036e-07,0.1115,0.00857,0.02166,0.173,3.814e-05,2.599e-05,0.393
   62940,   63000,0.0082614,0.01012,0.03097,3.684e-23,2.866e-05,4.345e-05,0.0004294,1.716e-23,3.992e-05,0.002124,0.001391,5.052e-07,0.1115,0.008581,0.02167,0.1731,3.821e-05,2.611e-05,0.393
   63000,   63060,0.0082737,0.01013,0.03099,3.907e-23,2.873e-05,4.353e-05,0.0004301,1.823e-23,4.009e-05,0.002127,0.001393,5.069e-07,0.1116,0.008591,0.02168,0.1732,3.829e-05,2.623e-05,0.393
   63060,   63120,0.0082754,0.01014,0.03101,4.127e-23,2.88e-05,4.361e-05,0.0004309,1.928e-23,4.027e-05,0.00213,0.001395,5.085e-07,0.1116,0.008602,0.02169,0.1732,3.837e-05,2.634e-05,0.393
   63120,   63180,0.0082753,0.01015,0.03103,4.351e-23,2.886e-05,4.368e-05,0.0004317,2.04e-23,4.043e-05,0.002133,0.001397,5.101e-07,0.1117,0.008612,0.0217,0.1733,3.844e-05,2.646e-05,0.393
   63180,   63240,0.008292,0.01016,0.03106,4.603e-23,2.893e-05,4.376e-05,0.0004324,2.16e-23,4.06e-05,0.002137,0.001398,5.117e-07,0.1118,0.008622,0.02171,0.1734,3.852e-05,2.657e-05,0.393
   63240,   63300,0.0082965,0.01017,0.03108,4.869e-23,2.9e-05,4.384e-05,0.0004332,2.288e-23,4.077e-05,0.00214,0.0014,5.133e-07,0.1118,0.008633,0.02172,0.1735,3.86e-05,2.669e-05,0.393
   63300,   63360,0.0082909,0.01018,0.0311,5.129e-23,2.906e-05,4.391e-05,0.0004339,2.414e-23,4.093e-05,0.002142,0.001402,5.148e-07,0.1119,0.008642,0.02173,0.1736,3.867e-05,2.68e-05,0.393
   63360,   63420,0.0082815,0.01019,0.03112,5.422e-23,2.913e-05,4.399e-05,0.0004346,2.554e-23,4.11e-05,0.002145,0.001404,5.164e-07,0.1119,0.008652,0.02174,0.1737,3.875e-05,2.691e-05,0.393
   63420,   63480,0.0082934,0.0102,0.03114,5.735e-23,2.919e-05,4.406e-05,0.0004354,2.706e-23,4.127e-05,0.002148,0.001405,5.18e-07,0.112,0.008662,0.02175,0.1738,3.882e-05,2.703e-05,0.393
   63480,   63540,0.0082818,0.0102,0.03117,6.041e-23,2.925e-05,4.413e-05,0.000436,2.855e-23,4.143e-05,0.002151,0.001407,5.194e-07,0.1121,0.008671,0.02176,0.1738,3.889e-05,2.714e-05,0.393
   63540,   63600,0.0082854,0.01021,0.03119,6.378e-23,2.932e-05,4.42e-05,0.0004368,3.019e-23,4.159e-05,0.002154,0.001409,5.21e-07,0.1121,0.008681,0.02176,0.1739,3.896e-05,2.725e-05,0.393
   63600,   63660,0.0082897,0.01022,0.03121,6.733e-23,2.938e-05,4.428e-05,0.0004375,3.19e-23,4.176e-05,0.002157,0.00141,5.225e-07,0.1122,0.008691,0.02177,0.174,3.904e-05,2.736e-05,0.393
   63660,   63720,0.0083138,0.01023,0.03123,7.086e-23,2.944e-05,4.435e-05,0.0004381,3.362e-23,4.191e-05,0.00216,0.001412,5.239e-07,0.1122,0.0087,0.02178,0.1741,3.91e-05,2.746e-05,0.393
   63720,   63780,0.0083238,0.01024,0.03125,7.476e-23,2.951e-05,4.442e-05,0.0004388,3.549e-23,4.207e-05,0.002163,0.001414,5.255e-07,0.1123,0.008709,0.02179,0.1742,3.917e-05,2.758e-05,0.393
   63780,   63840,0.0082976,0.01025,0.03127,7.89e-23,2.957e-05,4.449e-05,0.0004395,3.751e-23,4.223e-05,0.002165,0.001415,5.27e-07,0.1123,0.008719,0.0218,0.1742,3.924e-05,2.769e-05,0.393
   63840,   63900,0.0083041,0.01025,0.03129,8.295e-23,2.963e-05,4.455e-05,0.0004402,3.948e-23,4.238e-05,0.002168,0.001417,5.284e-07,0.1124,0.008727,0.02181,0.1743,3.931e-05,2.779e-05,0.393
   63900,   63960,0.0083174,0.01026,0.03131,8.747e-23,2.969e-05,4.462e-05,0.0004409,4.168e-23,4.254e-05,0.002171,0.001418,5.298e-07,0.1124,0.008736,0.02181,0.1744,3.938e-05,2.79e-05,0.393
   63960,   64020,0.0083447,0.01027,0.03132,9.217e-23,2.975e-05,4.469e-05,0.0004415,4.396e-23,4.27e-05,0.002174,0.00142,5.313e-07,0.1125,0.008745,0.02182,0.1745,3.945e-05,2.8e-05,0.393
   64020,   64080,0.0083501,0.01028,0.03134,9.68e-23,2.981e-05,4.476e-05,0.0004422,4.622e-23,4.285e-05,0.002176,0.001422,5.327e-07,0.1125,0.008754,0.02183,0.1745,3.951e-05,2.81e-05,0.393
   64080,   64140,0.0083414,0.01029,0.03136,1.019e-22,2.987e-05,4.482e-05,0.0004428,4.872e-23,4.3e-05,0.002179,0.001423,5.341e-07,0.1126,0.008762,0.02184,0.1746,3.958e-05,2.821e-05,0.393
   64140,   64200,0.0083488,0.01029,0.03138,1.074e-22,2.993e-05,4.489e-05,0.0004435,5.136e-23,4.316e-05,0.002181,0.001425,5.355e-07,0.1126,0.008771,0.02184,0.1747,3.965e-05,2.832e-05,0.393
   64200,   64260,0.0083604,0.0103,0.0314,1.124e-22,2.998e-05,4.495e-05,0.0004441,5.387e-23,4.33e-05,0.002184,0.001426,5.369e-07,0.1127,0.008779,0.02185,0.1747,3.971e-05,2.841e-05,0.393
   64260,   64320,0.0083554,0.01031,0.03141,1.187e-22,3.004e-05,4.502e-05,0.0004447,5.685e-23,4.345e-05,0.002186,0.001428,5.383e-07,0.1127,0.008788,0.02186,0.1748,3.977e-05,2.852e-05,0.393
   64320,   64380,0.0083527,0.01032,0.03143,1.245e-22,3.009e-05,4.508e-05,0.0004453,5.971e-23,4.36e-05,0.002189,0.001429,5.397e-07,0.1128,0.008796,0.02186,0.1749,3.984e-05,2.862e-05,0.393
   64380,   64440,0.0083542,0.01032,0.03145,1.306e-22,3.015e-05,4.514e-05,0.0004459,6.27e-23,4.374e-05,0.002191,0.00143,5.409e-07,0.1128,0.008804,0.02187,0.1749,3.99e-05,2.872e-05,0.393
   64440,   64500,0.0083411,0.01033,0.03147,1.371e-22,3.02e-05,4.52e-05,0.0004466,6.583e-23,4.389e-05,0.002194,0.001432,5.423e-07,0.1129,0.008812,0.02188,0.175,3.996e-05,2.882e-05,0.393
   64500,   64560,0.0083692,0.01034,0.03148,1.44e-22,3.026e-05,4.527e-05,0.0004472,6.923e-23,4.404e-05,0.002196,0.001433,5.437e-07,0.1129,0.00882,0.02189,0.1751,4.002e-05,2.892e-05,0.393
   64560,   64620,0.0083867,0.01035,0.0315,1.507e-22,3.031e-05,4.532e-05,0.0004477,7.251e-23,4.417e-05,0.002198,0.001435,5.449e-07,0.113,0.008828,0.02189,0.1751,4.008e-05,2.901e-05,0.393
   64620,   64680,0.0083984,0.01035,0.03152,1.582e-22,3.037e-05,4.538e-05,0.0004483,7.62e-23,4.432e-05,0.002201,0.001436,5.462e-07,0.113,0.008835,0.0219,0.1752,4.014e-05,2.911e-05,0.393
   64680,   64740,0.0084139,0.01036,0.03153,1.658e-22,3.042e-05,4.544e-05,0.0004489,7.984e-23,4.446e-05,0.002203,0.001437,5.475e-07,0.113,0.008843,0.0219,0.1752,4.02e-05,2.921e-05,0.393
   64740,   64800,0.0084164,0.01037,0.03155,1.733e-22,3.047e-05,4.55e-05,0.0004495,8.357e-23,4.459e-05,0.002205,0.001439,5.488e-07,0.1131,0.00885,0.02191,0.1753,4.026e-05,2.93e-05,0.393
   64800,   64860,0.0084242,0.01037,0.03156,1.816e-22,3.052e-05,4.556e-05,0.00045,8.762e-23,4.473e-05,0.002208,0.00144,5.501e-07,0.1131,0.008858,0.02192,0.1754,4.032e-05,2.939e-05,0.393
   64860,   64920,0.0084321,0.01038,0.03158,1.902e-22,3.057e-05,4.562e-05,0.0004506,9.185e-23,4.487e-05,0.00221,0.001441,5.513e-07,0.1132,0.008865,0.02192,0.1754,4.037e-05,2.949e-05,0.393
   64920,   64980,0.008438,0.01039,0.03159,1.986e-22,3.062e-05,4.567e-05,0.0004511,9.591e-23,4.5e-05,0.002212,0.001443,5.525e-07,0.1132,0.008872,0.02193,0.1755,4.043e-05,2.958e-05,0.393
   64980,   65040,0.0084554,0.01039,0.03161,2.077e-22,3.067e-05,4.573e-05,0.0004517,1.004e-22,4.514e-05,0.002214,0.001444,5.538e-07,0.1133,0.00888,0.02193,0.1755,4.049e-05,2.967e-05,0.393
   65040,   65100,0.0084707,0.0104,0.03162,2.172e-22,3.072e-05,4.578e-05,0.0004522,1.051e-22,4.527e-05,0.002216,0.001445,5.55e-07,0.1133,0.008887,0.02194,0.1756,4.054e-05,2.976e-05,0.393
   65100,   65160,0.0084791,0.01041,0.03164,2.265e-22,3.077e-05,4.583e-05,0.0004527,1.096e-22,4.54e-05,0.002219,0.001446,5.561e-07,0.1133,0.008893,0.02195,0.1756,4.059e-05,2.985e-05,0.393
   65160,   65220,0.0084862,0.01041,0.03165,2.366e-22,3.082e-05,4.589e-05,0.0004533,1.146e-22,4.553e-05,0.002221,0.001448,5.573e-07,0.1134,0.0089,0.02195,0.1757,4.065e-05,2.994e-05,0.393
   65220,   65280,0.0084959,0.01042,0.03167,2.471e-22,3.087e-05,4.594e-05,0.0004538,1.197e-22,4.566e-05,0.002223,0.001449,5.585e-07,0.1134,0.008907,0.02196,0.1757,4.07e-05,3.003e-05,0.393
   65280,   65340,0.0084937,0.01042,0.03168,2.573e-22,3.091e-05,4.599e-05,0.0004543,1.247e-22,4.578e-05,0.002225,0.00145,5.597e-07,0.1134,0.008914,0.02196,0.1758,4.075e-05,3.011e-05,0.393
   65340,   65400,0.0085084,0.01043,0.03169,2.683e-22,3.096e-05,4.604e-05,0.0004548,1.301e-22,4.591e-05,0.002227,0.001451,5.608e-07,0.1135,0.00892,0.02197,0.1758,4.081e-05,3.02e-05,0.393
   65400,   65460,0.0085141,0.01044,0.03171,2.798e-22,3.101e-05,4.61e-05,0.0004553,1.358e-22,4.604e-05,0.002229,0.001452,5.62e-07,0.1135,0.008927,0.02197,0.1759,4.086e-05,3.029e-05,0.393
   65460,   65520,0.0085122,0.01044,0.03172,2.909e-22,3.105e-05,4.614e-05,0.0004558,1.412e-22,4.615e-05,0.002231,0.001453,5.63e-07,0.1135,0.008933,0.02198,0.1759,4.091e-05,3.037e-05,0.393
   65520,   65580,0.0085051,0.01045,0.03173,3.03e-22,3.11e-05,4.619e-05,0.0004563,1.472e-22,4.628e-05,0.002233,0.001454,5.642e-07,0.1136,0.00894,0.02198,0.176,4.096e-05,3.045e-05,0.393
   65580,   65640,0.0085213,0.01045,0.03175,3.155e-22,3.114e-05,4.624e-05,0.0004568,1.533e-22,4.64e-05,0.002235,0.001456,5.653e-07,0.1136,0.008946,0.02199,0.176,4.101e-05,3.053e-05,0.393
   65640,   65700,0.0085278,0.01046,0.03176,3.276e-22,3.118e-05,4.629e-05,0.0004572,1.592e-22,4.652e-05,0.002236,0.001457,5.663e-07,0.1136,0.008952,0.02199,0.1761,4.106e-05,3.061e-05,0.393
   65700,   65760,0.0085218,0.01046,0.03177,3.406e-22,3.123e-05,4.634e-05,0.0004577,1.656e-22,4.663e-05,0.002238,0.001458,5.674e-07,0.1137,0.008958,0.022,0.1761,4.11e-05,3.069e-05,0.393
   65760,   65820,0.0085205,0.01047,0.03178,3.541e-22,3.127e-05,4.639e-05,0.0004582,1.723e-22,4.675e-05,0.00224,0.001459,5.685e-07,0.1137,0.008964,0.022,0.1762,4.115e-05,3.078e-05,0.393
   65820,   65880,0.0085099,0.01047,0.03179,3.671e-22,3.131e-05,4.643e-05,0.0004586,1.787e-22,4.686e-05,0.002242,0.00146,5.694e-07,0.1137,0.00897,0.02201,0.1762,4.12e-05,3.085e-05,0.393
   65880,   65940,0.0085019,0.01048,0.03181,3.812e-22,3.135e-05,4.648e-05,0.0004591,1.856e-22,4.698e-05,0.002244,0.001461,5.705e-07,0.1138,0.008975,0.02201,0.1763,4.124e-05,3.093e-05,0.393
   65940,   66000,0.0085073,0.01048,0.03182,3.957e-22,3.139e-05,4.652e-05,0.0004595,1.927e-22,4.709e-05,0.002245,0.001462,5.715e-07,0.1138,0.008981,0.02202,0.1763,4.129e-05,3.101e-05,0.393
   66000,   66060,0.0085099,0.01049,0.03183,4.096e-22,3.143e-05,4.656e-05,0.0004599,1.996e-22,4.72e-05,0.002247,0.001463,5.725e-07,0.1138,0.008987,0.02202,0.1763,4.133e-05,3.108e-05,0.393
   66060,   66120,0.0085098,0.01049,0.03184,4.247e-22,3.147e-05,4.661e-05,0.0004604,2.07e-22,4.731e-05,0.002249,0.001464,5.735e-07,0.1139,0.008992,0.02202,0.1764,4.138e-05,3.116e-05,0.393
   66120,   66180,0.0085075,0.0105,0.03185,4.401e-22,3.151e-05,4.665e-05,0.0004608,2.146e-22,4.742e-05,0.002251,0.001465,5.745e-07,0.1139,0.008998,0.02203,0.1764,4.142e-05,3.123e-05,0.393
   66180,   66240,0.0085162,0.0105,0.03186,4.55e-22,3.155e-05,4.669e-05,0.0004612,2.219e-22,4.752e-05,0.002252,0.001466,5.754e-07,0.1139,0.009003,0.02203,0.1765,4.146e-05,3.13e-05,0.393
   66240,   66300,0.0085226,0.01051,0.03187,4.71e-22,3.159e-05,4.674e-05,0.0004616,2.298e-22,4.763e-05,0.002254,0.001467,5.764e-07,0.1139,0.009008,0.02204,0.1765,4.151e-05,3.137e-05,0.393
   66300,   66360,0.0085492,0.01051,0.03188,4.874e-22,3.162e-05,4.678e-05,0.000462,2.379e-22,4.773e-05,0.002255,0.001468,5.773e-07,0.114,0.009013,0.02204,0.1765,4.155e-05,3.145e-05,0.393
   66360,   66420,0.0085493,0.01052,0.03189,5.03e-22,3.166e-05,4.682e-05,0.0004624,2.456e-22,4.783e-05,0.002257,0.001468,5.782e-07,0.114,0.009018,0.02204,0.1766,4.159e-05,3.151e-05,0.393
   66420,   66480,0.0085452,0.01052,0.0319,5.199e-22,3.17e-05,4.686e-05,0.0004628,2.539e-22,4.793e-05,0.002258,0.001469,5.791e-07,0.114,0.009023,0.02205,0.1766,4.163e-05,3.158e-05,0.393
   66480,   66540,0.0085526,0.01053,0.03191,5.372e-22,3.173e-05,4.69e-05,0.0004632,2.624e-22,4.803e-05,0.00226,0.00147,5.8e-07,0.114,0.009028,0.02205,0.1766,4.167e-05,3.165e-05,0.393
   66540,   66600,0.0085589,0.01053,0.03192,5.536e-22,3.177e-05,4.693e-05,0.0004635,2.706e-22,4.813e-05,0.002261,0.001471,5.808e-07,0.1141,0.009033,0.02205,0.1767,4.171e-05,3.172e-05,0.393
   66600,   66660,0.0085799,0.01053,0.03193,5.714e-22,3.18e-05,4.697e-05,0.0004639,2.793e-22,4.822e-05,0.002263,0.001472,5.817e-07,0.1141,0.009038,0.02206,0.1767,4.175e-05,3.178e-05,0.393
   66660,   66720,0.0086014,0.01054,0.03194,5.893e-22,3.183e-05,4.701e-05,0.0004643,2.881e-22,4.832e-05,0.002264,0.001473,5.826e-07,0.1141,0.009042,0.02206,0.1767,4.178e-05,3.185e-05,0.393
   66720,   66780,0.0086413,0.01054,0.03195,6.065e-22,3.187e-05,4.704e-05,0.0004646,2.966e-22,4.841e-05,0.002266,0.001474,5.834e-07,0.1141,0.009047,0.02206,0.1768,4.182e-05,3.191e-05,0.393
   66780,   66840,0.0086403,0.01055,0.03196,6.249e-22,3.19e-05,4.708e-05,0.000465,3.057e-22,4.85e-05,0.002267,0.001474,5.842e-07,0.1142,0.009051,0.02207,0.1768,4.186e-05,3.198e-05,0.393
   66840,   66900,0.0086451,0.01055,0.03197,6.436e-22,3.193e-05,4.712e-05,0.0004653,3.15e-22,4.859e-05,0.002268,0.001475,5.85e-07,0.1142,0.009056,0.02207,0.1768,4.189e-05,3.204e-05,0.393
   66900,   66960,0.0086626,0.01055,0.03198,6.614e-22,3.196e-05,4.715e-05,0.0004657,3.238e-22,4.868e-05,0.00227,0.001476,5.858e-07,0.1142,0.00906,0.02207,0.1769,4.193e-05,3.21e-05,0.393
   66960,   67020,0.0086651,0.01056,0.03198,6.805e-22,3.199e-05,4.718e-05,0.000466,3.332e-22,4.877e-05,0.002271,0.001477,5.866e-07,0.1142,0.009064,0.02208,0.1769,4.196e-05,3.216e-05,0.393
   67020,   67080,0.0086801,0.01056,0.03199,6.996e-22,3.202e-05,4.722e-05,0.0004663,3.426e-22,4.886e-05,0.002272,0.001477,5.874e-07,0.1143,0.009069,0.02208,0.1769,4.2e-05,3.222e-05,0.393
