CampaignData_and_Merges/R0/CSL_MobileLab_Parked/raw/20240724/USOS-jNO2_MobileLabGround_20240724_R0.ict
52,1001
Waxman, E.; Rollins, A.; Zuraski, K.; Chace, W.
NOAA Chemical Sciences Laboratory
jNO2 filter radiometer on CSL Mobile Lab
AMMBEC / USOS
1, 1
2024,07,24, 2025,04,01
60
Time_Start, seconds, number_of_seconds_since_0000_UTC
20
1, 1, 1, 1, 1, 1, 1, 1, 1, 1, 1, 1, 1, 1, 1, 1, 1, 1, 1, 1
-9999, -9999, -9999, -9999, -9999, -9999, -9999, -9999, -9999, -9999, -9999, -9999, -9999, -9999, -9999, -9999, -9999, -9999, -9999, -9999
Time_Stop, seconds, number_of_seconds_since_0000_UTC
jNO2_meas, per second, photolysis rate of NO2 measured using a filter radiometer.
jBrCl, per second, photolysis rate of BrCl -> Br + Cl calculated in TUV for cloud-free sky with local AOD
jBr2, per second, photolysis rate of Br2 -> Br + Br calculated in TUV for cloud-free sky with local AOD
jCCl4, per second, photolysis rate of CCl4 -> Products calcualted in TUV for cloud-free sky with local AOD
jCH2Oa, per second, photolysis rate of CH2O -> H + HCO calculated in TUV for cloud-free sky with local AOD
jCH2Ob, per second, photolysis rate of CH2O -> H2 + CO calculated in TUV for cloud-free sky with local AOD
jClNO2, per second, photolysis rate of ClNO2 -> Cl + NO2 calculated in TUV for cloud-free sky with local AOD
jClOa, per second, photolysis rate of ClO -> Cl + O(1D) calculated in TUV for cloud-free sky with local AOD
jClOb, per second, photolysis rate of ClO -> Cl + O(3P) calculated in TUV for cloud-free sky with local AOD
jCl2, per second, photolysis rate of Cl2 -> Cl + Cl calculated in TUV for cloud-free sky with local AOD
jHNO2, per second, photolysis rate of HNO2 -> OH + NO calculated in TUV for cloud-free sky with local AOD
jHNO3, per second, photolysis rate of HNO3 -> OH + NO2 calculated in TUV for cloud-free sky with local AOD
jI2, per second, photolysis rate of I2 -> I + I calculated in TUV for cloud-free sky with local AOD
jNO2, per second, photolysis rate of NO2 -> NO + O(3P) calculated in TUV for cloud-free sky with local AOD
jNO3a, per second, photolysis rate of NO3 -> NO + O2 calculated in TUV for cloud-free sky with local AOD
jNO3b, per second, photolysis rate of NO3 -> NO2 + O(3P) calculated in TUV for cloud-free sky with local AOD
jN2O5, per second, photolysis rate of N2O5 -> NO3 + NO + O(3P) calculated in TUV for cloud-free sky with local AOD
jO3, per second, photolysis rate of O3 -> O2 + O(1D) calculated in TUV for cloud-free sky with local AOD
AOD_500nm, unitless, UTC daily mean AOD at 500 nm from an AERONET station located at 40.178 N, -112.452 E
0
18
PI_CONTACT_INFO: eleanor.waxman@noaa.gov
PLATFORM: CSL Mobile Lab, at ground site
LOCATION: Salt Lake City, UT
ASSOCIATED_DATA:
INSTRUMENT_INFO: jNO2 filter radiometer.  TUV calculations are for mobile van lat/lon/altitude assuming clear sky (cloud AOD = 0) and daily mean AOD.
DATA_INFO:
UNCERTAINTY: Data uncertainties are +/- 20%.  These come from uncertainties in radiometer angular response, radiometer thermal response, local interferences from clouds/aerosols/shadows etc.
ULOD_FLAG: -7777
ULOD_VALUE: N/A
LLOD_FLAG: -8888
LLOD_VALUE: N/A
DM_CONTACT_INFO: eleanor.waxman@noaa.gov
PROJECT_INFO: USOS Project, July - August 2024
STIPULATIONS_ON_USE: Users are strongly encouraged to contact the PI for proper data usage.
OTHER_COMMENTS: 
REVISION: R0
R0: final data
Time_Start, Time_Stop, jNO2_meas, jBrCl, jBr2, jCCl4, jCH2Oa, jCH2Ob, jClNO2, jClOa, jClOb, jCl2, jHNO2, jHNO3, jI2, jNO2, jNO3a, jNO3b, jN2O5, jO3, AOD_500nm
[from data line 781]
   46860,   46920,0.00080376,0.001282,0.004606,2.419e-26,1.214e-06,3.022e-06,3.129e-05,9.14e-27,4.21e-07,0.0001898,0.0001344,1.346e-08,0.01967,0.0008858,0.004461,0.03204,2.447e-06,2.821e-07,0.393
   46920,   46980,0.00082808,0.001323,0.004756,2.465e-26,1.256e-06,3.115e-06,3.225e-05,9.308e-27,4.386e-07,0.0001956,0.0001383,1.395e-08,0.02034,0.0009125,0.004612,0.03314,2.523e-06,2.93e-07,0.393
   46980,   47040,0.00084706,0.001367,0.004919,2.515e-26,1.302e-06,3.216e-06,3.328e-05,9.489e-27,4.579e-07,0.0002018,0.0001426,1.448e-08,0.02105,0.0009414,0.004772,0.03431,2.606e-06,3.05e-07,0.393
   47040,   47100,0.00088203,0.001411,0.005083,2.564e-26,1.349e-06,3.318e-06,3.434e-05,9.671e-27,4.779e-07,0.0002081,0.000147,1.503e-08,0.02177,0.0009707,0.004933,0.03549,2.69e-06,3.173e-07,0.393
   47100,   47160,0.00091117,0.001453,0.005239,2.611e-26,1.394e-06,3.415e-06,3.534e-05,9.842e-27,4.973e-07,0.0002141,0.0001511,1.556e-08,0.02245,0.0009988,0.005084,0.0366,2.77e-06,3.292e-07,0.393
   47160,   47220,0.00093836,0.001499,0.005406,2.662e-26,1.443e-06,3.52e-06,3.643e-05,1.003e-26,5.186e-07,0.0002206,0.0001556,1.613e-08,0.02318,0.001029,0.005246,0.03779,2.857e-06,3.423e-07,0.393
   47220,   47280,0.00096252,0.001545,0.005576,2.713e-26,1.493e-06,3.628e-06,3.754e-05,1.021e-26,5.406e-07,0.0002273,0.0001602,1.672e-08,0.02391,0.00106,0.005407,0.03898,2.946e-06,3.558e-07,0.393
   47280,   47340,0.00099326,0.001589,0.005737,2.761e-26,1.542e-06,3.73e-06,3.86e-05,1.039e-26,5.619e-07,0.0002336,0.0001646,1.729e-08,0.0246,0.001089,0.005559,0.0401,3.031e-06,3.689e-07,0.393
   47340,   47400,0.0010179,0.001636,0.005909,2.813e-26,1.594e-06,3.841e-06,3.975e-05,1.058e-26,5.854e-07,0.0002404,0.0001693,1.79e-08,0.02534,0.001121,0.00572,0.0413,3.123e-06,3.832e-07,0.393
   47400,   47460,0.0010473,0.001684,0.006083,2.866e-26,1.647e-06,3.954e-06,4.091e-05,1.077e-26,6.095e-07,0.0002473,0.0001741,1.853e-08,0.02608,0.001153,0.005881,0.0425,3.216e-06,3.979e-07,0.393
   47460,   47520,0.0010799,0.001729,0.006247,2.915e-26,1.698e-06,4.061e-06,4.202e-05,1.095e-26,6.329e-07,0.0002539,0.0001787,1.914e-08,0.02677,0.001184,0.006032,0.04363,3.305e-06,4.121e-07,0.393
   47520,   47580,0.0010947,0.001778,0.006424,2.968e-26,1.753e-06,4.177e-06,4.322e-05,1.114e-26,6.586e-07,0.000261,0.0001836,1.98e-08,0.02752,0.001217,0.006192,0.04484,3.401e-06,4.277e-07,0.393
   47580,   47640,0.0011353,0.001827,0.006601,3.022e-26,1.809e-06,4.295e-06,4.445e-05,1.134e-26,6.851e-07,0.0002682,0.0001886,2.047e-08,0.02826,0.001251,0.006352,0.04604,3.499e-06,4.438e-07,0.393
   47640,   47700,0.0011871,0.001874,0.006769,3.073e-26,1.863e-06,4.408e-06,4.561e-05,1.152e-26,7.108e-07,0.0002751,0.0001934,2.112e-08,0.02896,0.001283,0.006502,0.04717,3.593e-06,4.594e-07,0.393
   47700,   47760,0.001224,0.001924,0.006948,3.128e-26,1.922e-06,4.53e-06,4.687e-05,1.172e-26,7.389e-07,0.0002825,0.0001985,2.183e-08,0.02971,0.001317,0.00666,0.04837,3.694e-06,4.764e-07,0.393
   47760,   47820,0.0012547,0.001974,0.007127,3.183e-26,1.981e-06,4.653e-06,4.814e-05,1.192e-26,7.678e-07,0.00029,0.0002037,2.254e-08,0.03045,0.001352,0.006818,0.04956,3.796e-06,4.938e-07,0.393
   47820,   47880,0.0012861,0.002022,0.007297,3.236e-26,2.039e-06,4.771e-06,4.936e-05,1.211e-26,7.958e-07,0.0002971,0.0002086,2.324e-08,0.03115,0.001385,0.006966,0.05069,3.894e-06,5.108e-07,0.393
   47880,   47940,0.0013175,0.002073,0.007479,3.293e-26,2.1e-06,4.898e-06,5.067e-05,1.231e-26,8.265e-07,0.0003048,0.0002139,2.399e-08,0.0319,0.001421,0.007123,0.05188,4e-06,5.293e-07,0.393
   47940,   48000,0.0013508,0.002124,0.00766,3.35e-26,2.163e-06,5.027e-06,5.2e-05,1.252e-26,8.581e-07,0.0003126,0.0002193,2.476e-08,0.03264,0.001457,0.007278,0.05307,4.107e-06,5.483e-07,0.393
   48000,   48060,0.0013869,0.002173,0.007832,3.404e-26,2.224e-06,5.15e-06,5.327e-05,1.272e-26,8.887e-07,0.00032,0.0002245,2.549e-08,0.03334,0.001491,0.007424,0.05419,4.21e-06,5.667e-07,0.393
   48060,   48120,0.0014186,0.002225,0.008015,3.463e-26,2.289e-06,5.282e-06,5.463e-05,1.293e-26,9.22e-07,0.0003279,0.00023,2.629e-08,0.03408,0.001528,0.007578,0.05537,4.32e-06,5.868e-07,0.393
   48120,   48180,0.0014533,0.002277,0.008197,3.522e-26,2.354e-06,5.416e-06,5.601e-05,1.314e-26,9.558e-07,0.0003359,0.0002355,2.71e-08,0.03481,0.001565,0.007727,0.05653,4.431e-06,6.072e-07,0.393
   48180,   48240,0.0014922,0.002325,0.008363,3.577e-26,2.415e-06,5.538e-06,5.727e-05,1.334e-26,9.879e-07,0.0003433,0.0002406,2.785e-08,0.03548,0.001599,0.007867,0.05761,4.533e-06,6.264e-07,0.393
   48240,   48300,0.0015247,0.002376,0.008542,3.634e-26,2.482e-06,5.673e-06,5.866e-05,1.354e-26,1.024e-06,0.0003513,0.0002462,2.869e-08,0.0362,0.001636,0.008015,0.05875,4.646e-06,6.48e-07,0.393
   48300,   48360,0.0015684,0.002429,0.008725,3.695e-26,2.552e-06,5.813e-06,6.009e-05,1.376e-26,1.061e-06,0.0003595,0.0002519,2.956e-08,0.03693,0.001674,0.008165,0.05991,4.762e-06,6.703e-07,0.393
   48360,   48420,0.0016041,0.002479,0.008897,3.753e-26,2.618e-06,5.945e-06,6.146e-05,1.397e-26,1.097e-06,0.0003674,0.0002573,3.039e-08,0.03761,0.00171,0.008305,0.06099,4.872e-06,6.918e-07,0.393
   48420,   48480,0.0016408,0.002532,0.00908,3.825e-26,2.69e-06,6.088e-06,6.292e-05,1.428e-26,1.136e-06,0.0003758,0.0002632,3.129e-08,0.03834,0.001748,0.008452,0.06214,4.991e-06,7.156e-07,0.393
   48480,   48540,0.0016796,0.002586,0.009263,3.881e-26,2.762e-06,6.232e-06,6.44e-05,1.444e-26,1.175e-06,0.0003843,0.0002691,3.219e-08,0.03906,0.001787,0.008598,0.06328,5.111e-06,7.39e-07,0.393
   48540,   48600,0.0017177,0.002636,0.009435,3.953e-26,2.832e-06,6.37e-06,6.581e-05,1.469e-26,1.215e-06,0.0003923,0.0002746,3.308e-08,0.03974,0.001824,0.008737,0.06436,5.225e-06,7.631e-07,0.393
   48600,   48660,0.0017483,0.002692,0.009626,4.04e-26,2.913e-06,6.527e-06,6.741e-05,1.494e-26,1.261e-06,0.0004014,0.0002809,3.41e-08,0.04048,0.001865,0.008886,0.06553,5.356e-06,7.901e-07,0.393
   48660,   48720,0.0017818,0.002748,0.009814,4.024e-26,2.989e-06,6.678e-06,6.897e-05,1.492e-26,1.304e-06,0.0004103,0.0002871,3.507e-08,0.04121,0.001906,0.009033,0.06669,5.482e-06,8.161e-07,0.393
   48720,   48780,0.0018239,0.002798,0.009986,4.135e-26,3.062e-06,6.821e-06,7.042e-05,1.533e-26,1.347e-06,0.0004186,0.0002928,3.6e-08,0.04188,0.001944,0.009167,0.06774,5.601e-06,8.416e-07,0.393
   48780,   48840,0.0018496,0.002852,0.01017,4.202e-26,3.141e-06,6.974e-06,7.198e-05,1.557e-26,1.392e-06,0.0004274,0.0002989,3.701e-08,0.04258,0.001984,0.009308,0.06885,5.729e-06,8.689e-07,0.393
   48840,   48900,0.0018914,0.002907,0.01035,4.27e-26,3.221e-06,7.128e-06,7.356e-05,1.582e-26,1.439e-06,0.0004363,0.0003051,3.803e-08,0.04328,0.002024,0.009448,0.06995,5.857e-06,8.972e-07,0.393
   48900,   48960,0.0019359,0.002958,0.01052,4.335e-26,3.297e-06,7.276e-06,7.506e-05,1.605e-26,1.485e-06,0.0004448,0.000311,3.901e-08,0.04394,0.002062,0.009578,0.07098,5.98e-06,9.243e-07,0.393
   48960,   49020,0.0019717,0.003012,0.0107,4.404e-26,3.379e-06,7.433e-06,7.667e-05,1.629e-26,1.534e-06,0.0004538,0.0003172,4.007e-08,0.04463,0.002103,0.009716,0.07207,6.111e-06,9.539e-07,0.393
   49020,   49080,0.0020048,0.003066,0.01088,4.475e-26,3.462e-06,7.593e-06,7.829e-05,1.654e-26,1.585e-06,0.0004629,0.0003235,4.116e-08,0.04532,0.002144,0.009852,0.07315,6.245e-06,9.845e-07,0.393
   49080,   49140,0.0020428,0.003117,0.01105,4.542e-26,3.541e-06,7.744e-06,7.983e-05,1.678e-26,1.633e-06,0.0004715,0.0003295,4.218e-08,0.04597,0.002183,0.009979,0.07416,6.371e-06,1.014e-06,0.393
   49140,   49200,0.0020719,0.003172,0.01123,4.614e-26,3.627e-06,7.906e-06,8.147e-05,1.704e-26,1.686e-06,0.0004807,0.0003358,4.329e-08,0.04665,0.002224,0.01011,0.07522,6.506e-06,1.045e-06,0.393
   49200,   49260,0.0021,0.003226,0.01141,4.687e-26,3.713e-06,8.07e-06,8.314e-05,1.73e-26,1.741e-06,0.0004899,0.0003422,4.443e-08,0.04732,0.002266,0.01025,0.07628,6.642e-06,1.078e-06,0.393
   49260,   49320,0.0021431,0.003277,0.01158,4.757e-26,3.795e-06,8.226e-06,8.471e-05,1.755e-26,1.793e-06,0.0004987,0.0003482,4.551e-08,0.04795,0.002305,0.01037,0.07727,6.772e-06,1.109e-06,0.393
   49320,   49380,0.0021798,0.003331,0.01176,4.833e-26,3.884e-06,8.393e-06,8.64e-05,1.781e-26,1.85e-06,0.000508,0.0003547,4.668e-08,0.04862,0.002347,0.0105,0.07831,6.911e-06,1.143e-06,0.393
   49380,   49440,0.0022069,0.003386,0.01193,4.909e-26,3.974e-06,8.561e-06,8.81e-05,1.809e-26,1.908e-06,0.0005174,0.0003612,4.787e-08,0.04928,0.002388,0.01063,0.07934,7.051e-06,1.178e-06,0.393
   49440,   49500,0.0022509,0.003437,0.0121,4.982e-26,4.059e-06,8.72e-06,8.971e-05,1.834e-26,1.964e-06,0.0005263,0.0003673,4.901e-08,0.0499,0.002428,0.01075,0.08031,7.184e-06,1.212e-06,0.393
   49500,   49560,0.0022917,0.003491,0.01228,5.06e-26,4.15e-06,8.89e-06,9.143e-05,1.862e-26,2.024e-06,0.0005358,0.0003738,5.022e-08,0.05056,0.00247,0.01088,0.08132,7.326e-06,1.248e-06,0.393
   49560,   49620,0.0023266,0.003545,0.01245,5.14e-26,4.243e-06,9.063e-06,9.316e-05,1.89e-26,2.086e-06,0.0005453,0.0003803,5.147e-08,0.0512,0.002512,0.011,0.08233,7.469e-06,1.286e-06,0.393
   49620,   49680,0.0023616,0.003595,0.01262,5.215e-26,4.332e-06,9.226e-06,9.481e-05,1.917e-26,2.146e-06,0.0005543,0.0003865,5.265e-08,0.05181,0.002552,0.01112,0.08328,7.606e-06,1.322e-06,0.393
   49680,   49740,0.0024025,0.003649,0.01279,5.297e-26,4.427e-06,9.4e-06,9.656e-05,1.946e-26,2.211e-06,0.0005639,0.0003931,5.393e-08,0.05245,0.002594,0.01124,0.08427,7.751e-06,1.36e-06,0.393
   49740,   49800,0.0024483,0.003703,0.01296,5.38e-26,4.522e-06,9.576e-06,9.833e-05,1.975e-26,2.276e-06,0.0005736,0.0003997,5.522e-08,0.05308,0.002637,0.01136,0.08525,7.898e-06,1.4e-06,0.393
   49800,   49860,0.0024835,0.003754,0.01312,5.459e-26,4.614e-06,9.743e-06,0.0001,2.003e-26,2.34e-06,0.0005826,0.000406,5.647e-08,0.05368,0.002677,0.01148,0.08617,8.037e-06,1.439e-06,0.393
   49860,   49920,0.0025302,0.003807,0.01329,5.544e-26,4.712e-06,9.92e-06,0.0001018,2.033e-26,2.409e-06,0.0005923,0.0004126,5.78e-08,0.0543,0.002719,0.0116,0.08714,8.185e-06,1.48e-06,0.393
   49920,   49980,0.0025725,0.00386,0.01346,5.63e-26,4.81e-06,1.01e-05,0.0001036,2.064e-26,2.479e-06,0.0006021,0.0004193,5.915e-08,0.05492,0.002762,0.01172,0.0881,8.335e-06,1.522e-06,0.393
   49980,   50040,0.002622,0.003911,0.01362,5.713e-26,4.904e-06,1.027e-05,0.0001053,2.093e-26,2.547e-06,0.0006112,0.0004256,6.043e-08,0.0555,0.002802,0.01183,0.089,8.476e-06,1.563e-06,0.393
   50040,   50100,0.0026556,0.003964,0.01379,5.802e-26,5.004e-06,1.045e-05,0.0001071,2.124e-26,2.619e-06,0.000621,0.0004323,6.181e-08,0.05611,0.002844,0.01194,0.08994,8.627e-06,1.607e-06,0.393
   50100,   50160,0.0026925,0.004017,0.01396,5.893e-26,5.106e-06,1.063e-05,0.0001089,2.156e-26,2.694e-06,0.0006308,0.000439,6.323e-08,0.05672,0.002887,0.01206,0.09088,8.78e-06,1.652e-06,0.393
   50160,   50220,0.0027305,0.004067,0.01412,5.979e-26,5.202e-06,1.08e-05,0.0001106,2.186e-26,2.765e-06,0.0006401,0.0004453,6.456e-08,0.05728,0.002927,0.01216,0.09175,8.923e-06,1.695e-06,0.393
   50220,   50280,0.0027737,0.00412,0.01428,6.073e-26,5.303e-06,1.099e-05,0.0001125,2.219e-26,2.841e-06,0.0006499,0.000452,6.597e-08,0.05788,0.00297,0.01228,0.09268,9.076e-06,1.742e-06,0.393
   50280,   50340,0.0028189,0.004172,0.01445,6.167e-26,5.416e-06,1.119e-05,0.0001144,2.252e-26,2.92e-06,0.0006601,0.0004588,6.748e-08,0.05847,0.003013,0.01239,0.09359,9.238e-06,1.79e-06,0.393
   50340,   50400,0.0028524,0.00422,0.0146,6.258e-26,5.512e-06,1.134e-05,0.000116,2.284e-26,2.997e-06,0.0006684,0.0004644,6.885e-08,0.05902,0.00305,0.01249,0.09444,9.372e-06,1.836e-06,0.393
   50400,   50460,0.0028871,0.004272,0.01476,6.355e-26,5.614e-06,1.153e-05,0.0001179,2.318e-26,3.077e-06,0.0006787,0.0004717,7.032e-08,0.0596,0.003093,0.0126,0.09533,9.532e-06,1.885e-06,0.393
   50460,   50520,0.0029297,0.004325,0.01493,6.454e-26,5.722e-06,1.172e-05,0.0001198,2.353e-26,3.16e-06,0.0006889,0.0004785,7.183e-08,0.06018,0.003137,0.01271,0.09622,9.692e-06,1.935e-06,0.393
   50520,   50580,0.002975,0.004374,0.01508,6.549e-26,5.825e-06,1.19e-05,0.0001216,2.386e-26,3.239e-06,0.0006982,0.000485,7.328e-08,0.06071,0.003178,0.01281,0.09705,9.84e-06,1.984e-06,0.393
   50580,   50640,0.0030199,0.004426,0.01524,6.651e-26,5.934e-06,1.209e-05,0.0001234,2.422e-26,3.326e-06,0.0007082,0.0004916,7.481e-08,0.06129,0.003221,0.01292,0.09793,9.999e-06,2.036e-06,0.393
   50640,   50700,0.0030596,0.004478,0.0154,6.755e-26,6.042e-06,1.228e-05,0.0001254,2.459e-26,3.414e-06,0.0007183,0.0004985,7.638e-08,0.06185,0.003263,0.01302,0.09879,1.016e-05,2.09e-06,0.393
   50700,   50760,0.0030961,0.004526,0.01555,6.854e-26,6.146e-06,1.246e-05,0.0001271,2.493e-26,3.498e-06,0.0007275,0.0005046,7.787e-08,0.06238,0.003303,0.01312,0.09961,1.031e-05,2.141e-06,0.393
   50760,   50820,0.0031286,0.004577,0.0157,6.961e-26,6.257e-06,1.265e-05,0.000129,2.531e-26,3.588e-06,0.0007375,0.0005115,7.947e-08,0.06293,0.003345,0.01322,0.1004,1.047e-05,2.196e-06,0.393
   50820,   50880,0.0031622,0.004628,0.01586,7.07e-26,6.369e-06,1.284e-05,0.0001309,2.569e-26,3.68e-06,0.0007474,0.0005183,8.107e-08,0.06347,0.003387,0.01332,0.1013,1.063e-05,2.252e-06,0.393
   50880,   50940,0.0032096,0.004675,0.01601,7.174e-26,6.474e-06,1.302e-05,0.0001327,2.606e-26,3.768e-06,0.0007568,0.0005246,8.261e-08,0.06399,0.003427,0.01342,0.1021,1.078e-05,2.306e-06,0.393
   50940,   51000,0.0032518,0.004726,0.01616,7.286e-26,6.588e-06,1.322e-05,0.0001346,2.645e-26,3.863e-06,0.0007668,0.0005314,8.425e-08,0.06453,0.003469,0.01352,0.1029,1.095e-05,2.364e-06,0.393
   51000,   51060,0.003307,0.004776,0.01631,7.402e-26,6.702e-06,1.341e-05,0.0001365,2.685e-26,3.96e-06,0.0007768,0.0005381,8.591e-08,0.06506,0.003511,0.01362,0.1037,1.111e-05,2.424e-06,0.393
   51060,   51120,0.003356,0.004823,0.01646,7.511e-26,6.81e-06,1.359e-05,0.0001384,2.723e-26,4.052e-06,0.0007862,0.0005445,8.749e-08,0.06556,0.003551,0.01371,0.1045,1.126e-05,2.48e-06,0.393
   51120,   51180,0.0034017,0.004873,0.01661,7.63e-26,6.925e-06,1.379e-05,0.0001403,2.765e-26,4.152e-06,0.0007962,0.0005512,8.918e-08,0.06609,0.003593,0.01381,0.1053,1.143e-05,2.541e-06,0.393
   51180,   51240,0.003441,0.004922,0.01676,7.75e-26,7.041e-06,1.398e-05,0.0001422,2.807e-26,4.253e-06,0.0008062,0.0005579,9.089e-08,0.06661,0.003635,0.01391,0.1061,1.159e-05,2.603e-06,0.393
   51240,   51300,0.0034867,0.004969,0.0169,7.866e-26,7.151e-06,1.417e-05,0.000144,2.847e-26,4.349e-06,0.0008156,0.0005642,9.251e-08,0.06709,0.003674,0.014,0.1068,1.175e-05,2.663e-06,0.393
   51300,   51360,0.0035324,0.005018,0.01705,7.99e-26,7.268e-06,1.436e-05,0.000146,2.891e-26,4.453e-06,0.0008255,0.0005709,9.425e-08,0.0676,0.003716,0.01409,0.1076,1.191e-05,2.727e-06,0.393
   51360,   51420,0.0035695,0.005067,0.01719,8.117e-26,7.387e-06,1.456e-05,0.0001479,2.935e-26,4.559e-06,0.0008355,0.0005776,9.601e-08,0.06811,0.003757,0.01418,0.1084,1.208e-05,2.792e-06,0.393
   51420,   51480,0.0035946,0.005112,0.01733,8.239e-26,7.498e-06,1.475e-05,0.0001497,2.977e-26,4.66e-06,0.0008449,0.0005839,9.767e-08,0.06858,0.003796,0.01427,0.1091,1.223e-05,2.854e-06,0.393
   51480,   51540,0.0036282,0.005161,0.01748,8.37e-26,7.617e-06,1.494e-05,0.0001517,3.023e-26,4.768e-06,0.0008548,0.0005906,9.946e-08,0.06908,0.003838,0.01436,0.1099,1.24e-05,2.921e-06,0.393
   51540,   51600,0.0036633,0.005209,0.01762,8.504e-26,7.737e-06,1.514e-05,0.0001536,3.07e-26,4.878e-06,0.0008648,0.0005972,1.013e-07,0.06958,0.003879,0.01445,0.1106,1.257e-05,2.989e-06,0.393
   51600,   51660,0.0037077,0.005254,0.01776,8.632e-26,7.85e-06,1.533e-05,0.0001554,3.114e-26,4.984e-06,0.0008742,0.0006035,1.03e-07,0.07004,0.003918,0.01454,0.1113,1.272e-05,3.054e-06,0.393
   51660,   51720,0.0037457,0.005302,0.0179,8.77e-26,7.971e-06,1.552e-05,0.0001574,3.162e-26,5.097e-06,0.0008841,0.0006102,1.048e-07,0.07052,0.003959,0.01463,0.1121,1.289e-05,3.124e-06,0.393
   51720,   51780,0.0037717,0.005349,0.01804,8.912e-26,8.093e-06,1.572e-05,0.0001593,3.212e-26,5.212e-06,0.000894,0.0006168,1.066e-07,0.071,0.004,0.01471,0.1128,1.306e-05,3.195e-06,0.393
