CampaignData_and_Merges/R0/CSL_MobileLab_Parked/raw/20240724/USOS-NOAAIodideCIMS-OrgNitrs_MobileLabGround_20240724_RA.ict
37, 1001
Michael A Robinson, Chris Jernigan, Subi Thakali
NOAA ESRL Chemical Sciences Laboratory and CIRES, U. of Colorado
NOAA Iodide CIMS Instrument
USOS
1, 1
2024, 07, 24, 2024, 07, 26
1
starttime_UTC, seconds_past_midnight, seconds_of_day_since_00:00:00_UTC
5
1, 1, 1, 1, 1
-9999, -9999, -9999, -9999, -9999
C4H7NO5_NOAACIMS, pptv, Gas_C4H7NO5_InSitu_S_AVMR, 
ISOPN_NOAACIMS, pptv, Gas_ISOPN_InSitu_S_AVMR, 
C5H10O3_NOAACIMS, pptv, Gas_C5H10O3_InSitu_S_AVMR, 
C5H9NO5_NOAACIMS, pptv, Gas_C5H9NO5_InSitu_S_AVMR, 
C10H17NO4_NOAACIMS, pptv, Gas_C10H17NO4_InSitu_S_AVMR, 
0
18
PI_CONTACT_INFO: 325 Broadway, R/CSD 7, Boulder, Colorado 80305; michael.a.robinson@noaa.gov; chris.jernigan@noaa.gov;
PLATFORM: NOAA CSL Mobile Lab
LOCATION: SLC, Utah
ASSOCIATED_DATA: 1Hz data also available on request.
INSTRUMENT_INFO: NOAA I- ToF CIMS
DATA_INFO: All data in parts per trillion by volume (pptv). 1 Hz data is available upon request.
UNCERTAINTY: TBD
ULOD_FLAG: -7777
ULOD_VALUE: N/A
LLOD_FLAG: -8888
LLOD_VALUE: N/A
DM_CONTACT_INFO: Nathan Howard; nathan.h.howard@noaa.gov
PROJECT_INFO: USOS, summer 2024. https://csl.noaa.gov/groups/csl7/measurements/2024usos/
STIPULATIONS_ON_USE: Users are strongly encouraged to contact the PI for proper data usage.
OTHER_COMMENTS: 
REVISION: RA
RA: Preliminary Data; For in-field use only
starttime_UTC, C4H7NO5_NOAACIMS, ISOPN_NOAACIMS, C5H10O3_NOAACIMS, C5H9NO5_NOAACIMS, C10H17NO4_NOAACIMS
[from data line 1348]
 80880, 10.352, 10.789, 94.531,  6.343,  0.280
 80940, 10.569, 11.312, 104.009,  6.283,  0.157
 81000, 10.607, 12.219, 112.886,  6.510,  0.328
 81060, 10.894, 13.196, 120.337,  6.383,  0.248
 81120, 10.948, 12.414, 121.168,  6.410,  0.317
 81180, 11.616, 13.361, 131.535,  6.640,  0.297
 81240, 11.545, 12.836, 130.594,  6.865,  0.252
 81300, 11.670, 14.177, 141.724,  6.565,  0.193
 81360, 12.081, 14.361, 160.150,  6.387,  0.297
 81420, 12.396, 15.001, 164.952,  6.564,  0.248
 81480, 12.686, 15.929, 175.499,  7.088,  0.226
 81540, 12.744, 16.349, 174.659,  6.912,  0.247
 81600, 12.517, 16.046, 181.117,  7.330,  0.372
 81660, 12.500, 15.555, 179.286,  7.041,  0.250
 81720, 12.574, 15.997, 189.715,  7.228,  0.318
 81780, 12.486, 15.454, 181.151,  7.151,  0.226
 81840, 12.469, 15.298, 187.893,  7.191,  0.152
 81900, 11.979, 15.395, 177.190,  7.402,  0.302
 81960, 11.648, 14.309, 139.326,  7.292,  0.309
 82020, 12.635, 16.008, 156.425,  7.309,  0.300
 82080, 13.040, 17.526, 185.022,  7.681,  0.444
 82140, 13.107, 19.200, 195.422,  7.727,  0.340
 82200, 13.296, 19.916, 215.916,  8.078,  0.392
 82260, 13.412, 19.952, 219.031,  7.852,  0.385
 82320, 13.306, 20.081, 223.696,  7.684,  0.377
 82380, 13.225, 20.017, 221.398,  8.108,  0.413
 82440, 13.488, 21.248, 235.973,  7.938,  0.364
 82500, 13.573, 20.142, 234.530,  7.948,  0.434
 82560, 13.561, 19.321, 233.665,  8.235,  0.503
 82620, 13.469, 18.927, 225.314,  7.957,  0.410
 82680, 13.621, 19.858, 238.756,  7.917,  0.477
 82740, 13.778, 19.905, 245.962,  7.719,  0.485
 82800, 14.087, 20.107, 260.940,  7.907,  0.535
 82860, 14.335, 21.814, 273.207,  7.975,  0.450
 82920, 14.014, 20.807, 263.143,  8.131,  0.339
 82980, 14.582, 21.574, 275.648,  8.219,  0.480
 83040, 15.038, 24.794, 314.847,  8.317,  0.628
 83100, 13.718, 18.647, 244.662,  7.769,  0.347
 83160, 12.275, 14.643, 179.608,  6.876,  0.300
 83220, 10.907, 11.586, 110.723,  6.012,  0.278
 83280, 10.344,  9.631, 72.923,  5.657,  0.264
 83340, 11.222, 11.500, 85.465,  5.895,  0.186
 83400, 11.434, 12.530, 104.798,  6.096,  0.147
 83460, 11.155, 13.107, 98.271,  5.884,  0.163
 83520, 10.736, 11.270, 82.177,  6.022,  0.235
 83580, 10.812, 11.771, 80.884,  5.830,  0.152
 83640, 11.162, 12.629, 95.089,  6.102,  0.169
 83700, 11.278, 12.607, 101.371,  6.058,  0.202
 83760, 11.047, 12.560, 96.612,  5.808,  0.220
 83820, 11.344, 12.674, 97.573,  6.157,  0.227
 83880, 11.547, 13.563, 110.136,  6.194,  0.226
 83940, 11.621, 13.047, 111.537,  6.341,  0.248
 84000, 11.515, 13.300, 110.910,  6.420,  0.208
 84060, 11.393, 12.918, 108.804,  6.278,  0.174
 84120, 11.558, 12.997, 112.061,  6.526,  0.220
 84180, 11.157, 11.585, 96.749,  6.162,  0.189
 84240, 11.205, 10.645, 89.472,  6.122,  0.167
 84300, 11.008, 10.247, 81.375,  5.955,  0.130
 84360, 11.090, 11.023, 80.969,  6.084,  0.181
 84420, 11.348, 11.265, 86.580,  5.979,  0.208
 84480, 11.714, 12.035, 93.582,  6.071,  0.152
 84540, 12.285, 12.805, 105.894,  6.500,  0.195
 84600, 12.624, 13.651, 121.089,  6.553,  0.093
 84660, 12.653, 13.772, 128.045,  6.712,  0.225
 84720, 12.574, 14.152, 126.165,  6.451,  0.182
 84780, 12.689, 14.167, 133.210,  6.600,  0.210
 84840, 12.930, 15.117, 147.061,  6.861,  0.214
 84900, -9999.000, -9999.000, -9999.000, -9999.000, -9999.000
 84960, 12.706, 15.556, 136.447,  6.975,  0.232
 85020, 12.992, 17.342, 162.619,  7.040,  0.106
 85080, 13.296, 18.780, 187.383,  7.166,  0.255
 85140, 13.295, 17.579, 181.702,  7.186,  0.258
 85200, 13.407, 17.217, 184.181,  7.548,  0.195
 85260, 13.572, 17.822, 183.465,  7.400,  0.131
 85320, 13.472, 16.727, 180.191,  7.300,  0.168
 85380, 13.645, 17.148, 186.644,  7.834,  0.162
 85440, 13.434, 17.441, 189.905,  7.546,  0.171
 85500, 13.681, 18.882, 191.275,  7.669,  0.518
 85560, 13.524, 18.465, 195.886,  7.784,  0.447
 85620, 13.657, 20.281, 201.539,  8.261,  0.774
 85680, 13.716, 18.518, 195.845,  8.052,  0.342
 85740, 13.950, 17.680, 194.459,  8.218,  0.511
 85800, 13.597, 18.813, 196.658,  8.252,  0.430
 85860, 13.544, 18.246, 193.780,  8.151,  0.360
 85920, 13.149, 17.971, 194.607,  7.930,  0.425
 85980, 12.900, 18.357, 193.932,  7.996,  0.366
 86040, 12.833, 17.363, 198.821,  7.766,  0.138
 86100, 12.715, 17.504, 193.102,  7.852,  0.289
 86160, 12.711, 17.549, 194.232,  7.511,  0.296
 86220, 12.803, 17.955, 196.937,  7.610,  0.295
 86280, 12.765, 17.305, 195.679,  7.448,  0.284
 86340, 13.087, 17.910, 199.727,  7.989,  0.334
