CampaignData_and_Merges/R0/CSL_MobileLab_Parked/raw/20240724/USOS-NOAAIodideCIMS-Halogens_MobileLabGround_20240724_RA.ict
38, 1001
Michael A Robinson, Chris Jernigan, Subi Thakali
NOAA ESRL Chemical Sciences Laboratory and CIRES, U. of Colorado
NOAA Iodide CIMS Instrument
USOS
1, 1
2024, 07, 24, 2024, 07, 26
1
starttime_UTC, seconds_past_midnight, seconds_of_day_since_00:00:00_UTC
6
1, 1, 1, 1, 1, 1
-9999, -9999, -9999, -9999, -9999, -9999
Br2_NOAACIMS, pptv, Gas_Br2_InSitu_S_AVMR, 
BrO_NOAACIMS, pptv, Gas_BrO_InSitu_S_AVMR, 
Cl2_NOAACIMS, pptv, Gas_Cl2_InSitu_S_AVMR, 
ClNO2_NOAACIMS, pptv, Gas_ClNO2_InSitu_S_AVMR, 
BrCl_NOAACIMS, pptv, Gas_BrCl_InSitu_S_AVMR, 
NCl3_NOAACIMS, pptv, Gas_NCl3_InSitu_S_AVMR, 
0
18
PI_CONTACT_INFO: 325 Broadway, R/CSD 7, Boulder, Colorado 80305; michael.a.robinson@noaa.gov; chris.jernigan@noaa.gov;
PLATFORM: NOAA CSL Mobile Lab
LOCATION: SLC, Utah
ASSOCIATED_DATA: 1Hz data also available on request.
INSTRUMENT_INFO: NOAA I- ToF CIMS
DATA_INFO: All data in parts per trillion by volume (pptv). 1 Hz data is available upon request.
UNCERTAINTY: TBD
ULOD_FLAG: -7777
ULOD_VALUE: N/A
LLOD_FLAG: -8888
LLOD_VALUE: N/A
DM_CONTACT_INFO: Nathan Howard; nathan.h.howard@noaa.gov
PROJECT_INFO: USOS, summer 2024. https://csl.noaa.gov/groups/csl7/measurements/2024usos/
STIPULATIONS_ON_USE: Users are strongly encouraged to contact the PI for proper data usage.
OTHER_COMMENTS: 
REVISION: RA
RA: Preliminary Data; For in-field use only
starttime_UTC, Br2_NOAACIMS, BrO_NOAACIMS, Cl2_NOAACIMS, ClNO2_NOAACIMS, BrCl_NOAACIMS, NCl3_NOAACIMS
[from data line 863]
 51780,  0.868,  0.203,  1.046,  0.528,  0.183,  0.423
 51840,  0.865,  0.205,  1.041,  0.603,  0.130,  0.309
 51900,  0.695,  0.096,  1.090,  0.585,  0.193,  2.270
 51960,  0.829,  0.097,  0.851,  0.723,  0.126,  1.271
 52020, -9999.000, -9999.000, -9999.000, -9999.000, -9999.000, -9999.000
 52080, -9999.000, -9999.000, -9999.000, -9999.000, -9999.000, -9999.000
 52140, -9999.000, -9999.000, -9999.000, -9999.000, -9999.000, -9999.000
 52200, -9999.000, -9999.000, -9999.000, -9999.000, -9999.000, -9999.000
 52260, -9999.000, -9999.000, -9999.000, -9999.000, -9999.000, -9999.000
 52320, -9999.000, -9999.000, -9999.000, -9999.000, -9999.000, -9999.000
 52380, -9999.000, -9999.000, -9999.000, -9999.000, -9999.000, -9999.000
 52440, -9999.000, -9999.000, -9999.000, -9999.000, -9999.000, -9999.000
 52500,  1.096,  0.063,  0.802,  0.450,  0.221,  0.061
 52560,  1.226,  0.114,  0.827,  0.474,  0.211,  0.299
 52620,  0.909,  0.140,  0.743,  0.462,  0.131, -0.055
 52680,  0.692,  0.060,  0.576,  0.457,  0.086, -0.089
 52740,  0.720,  0.088,  0.639,  0.313,  0.114, -0.031
 52800,  0.689,  0.078,  0.639,  0.425,  0.069, -0.016
 52860,  0.718,  0.062,  0.604,  0.492,  0.087, -0.041
 52920,  0.767,  0.106,  0.699,  0.496,  0.108,  0.021
 52980,  0.547,  0.076,  0.652,  0.498,  0.112, -0.045
 53040,  0.677,  0.137,  0.635,  0.457,  0.138, -0.010
 53100, -0.048, -0.019,  0.526,  0.279,  0.022, -0.172
 53160,  0.576,  0.103,  0.634,  0.311,  0.115, -0.086
 53220,  0.898,  0.080,  0.610,  0.404,  0.138,  0.028
 53280,  1.041,  0.143,  0.688,  0.423,  0.151,  0.043
 53340,  0.788,  0.131,  0.663,  0.414,  0.075, -0.024
 53400,  0.917,  0.109,  0.740,  0.460,  0.140,  0.001
 53460,  0.949,  0.177,  0.740,  0.461,  0.149,  0.128
 53520,  0.544,  0.154,  0.748,  0.420,  0.104, -0.046
 53580,  0.906,  0.208,  0.816,  0.422,  0.178,  0.060
 53640,  0.797,  0.156,  0.808,  0.445,  0.119, -0.034
 53700,  0.794,  0.103,  0.663,  0.269,  0.099, -0.079
 53760,  0.775,  0.144,  0.663,  0.261,  0.120, -0.042
 53820,  0.887,  0.149,  0.587,  0.211,  0.106, -0.003
 53880,  0.775,  0.189,  0.753,  0.327,  0.069, -0.011
 53940,  0.859,  0.085,  0.755,  0.296,  0.130, -0.121
 54000,  0.694,  0.143,  0.665,  0.295,  0.082, -0.126
 54060,  0.482,  0.074,  0.707,  0.263,  0.073, -0.172
 54120,  0.656,  0.109,  0.614,  0.262,  0.060, -0.054
 54180, -9999.000, -9999.000, -9999.000, -9999.000, -9999.000, -9999.000
 54240,  1.057,  0.177,  0.499,  0.347,  0.097, -0.040
 54300,  0.208, -0.025,  0.447,  0.165,  0.006, -0.181
 54360,  0.662,  0.134,  0.716,  0.284,  0.110, -0.074
 54420,  0.794,  0.123,  0.779,  0.300,  0.122, -0.084
 54480,  0.826,  0.031,  0.764,  0.320,  0.111, -0.130
 54540,  0.807,  0.171,  0.817,  0.350,  0.136, -0.081
 54600,  0.842,  0.141,  0.714,  0.236,  0.112, -0.015
 54660,  0.799,  0.043,  0.841,  0.268,  0.122, -0.068
 54720,  0.844,  0.137,  0.796,  0.292,  0.128, -0.048
 54780,  0.870,  0.164,  0.846,  0.282,  0.116, -0.058
 54840,  0.894,  0.116,  0.840,  0.357,  0.133, -0.081
 54900,  0.824,  0.207,  0.713,  0.248,  0.094, -0.005
 54960,  0.829,  0.086,  0.771,  0.295,  0.063,  0.008
 55020,  0.879,  0.084,  0.778,  0.254,  0.142, -0.049
 55080,  0.860,  0.127,  0.777,  0.233,  0.080, -0.044
 55140,  0.796,  0.076,  0.715,  0.282,  0.081, -0.062
 55200,  0.815,  0.094,  0.853,  0.336,  0.130, -0.031
 55260,  0.851,  0.154,  0.793,  0.269,  0.130, -0.023
 55320,  0.932,  0.030,  0.744,  0.268,  0.078, -0.009
 55380,  0.775,  0.056,  0.824,  0.196,  0.075, -0.046
 55440, -0.038, -0.071,  0.643,  0.168, -0.001, -0.175
 55500,  0.789,  0.036,  0.793,  0.169,  0.067, -0.023
 55560,  0.839,  0.147,  0.783,  0.168,  0.104,  0.057
 55620,  0.822,  0.074,  0.679,  0.167,  0.075,  0.070
 55680,  0.876,  0.148,  0.721,  0.152,  0.108,  0.004
 55740,  0.803,  0.065,  0.617,  0.185,  0.092, -0.021
 55800,  0.909,  0.125,  0.837,  0.233,  0.096, -0.008
 55860,  0.917,  0.055,  0.697,  0.208,  0.104,  0.049
 55920,  0.811, -0.024,  0.785,  0.177,  0.073,  0.032
 55980,  0.939,  0.071,  0.680,  0.197,  0.091,  0.013
 56040,  1.090, -0.091,  0.651,  0.321,  0.142, -0.152
 56100,  0.859,  0.128,  0.682,  0.190,  0.080, -0.053
 56160,  0.692,  0.123,  0.701,  0.199,  0.065,  0.092
 56220,  0.531,  0.009,  0.651,  0.109,  0.047, -0.004
 56280,  0.789,  0.080,  0.698,  0.175,  0.043,  0.068
 56340,  0.982,  0.093,  0.832,  0.222,  0.099, -0.048
 56400,  0.878,  0.067,  0.780,  0.233,  0.052,  0.089
 56460,  0.904,  0.087,  0.856,  0.221,  0.117, -0.039
 56520,  0.930,  0.115,  0.612,  0.160,  0.072, -0.051
 56580,  0.912,  0.064,  0.648,  0.159,  0.061, -0.015
 56640,  0.807,  0.128,  0.774,  0.190,  0.094, -0.022
 56700,  1.049,  0.176,  0.838,  0.091,  0.097, -0.059
 56760,  0.970,  0.187,  0.769,  0.165,  0.128, -0.014
 56820,  1.031,  0.221,  0.638,  0.187,  0.108, -0.001
 56880,  0.820,  0.245,  0.623,  0.220,  0.100, -0.031
 56940,  0.969,  0.090,  0.663,  0.217,  0.059, -0.012
 57000,  0.912,  0.089,  0.689,  0.194,  0.110, -0.050
 57060,  0.999,  0.108,  0.684,  0.203,  0.063, -0.019
 57120,  0.894,  0.235,  0.714,  0.195,  0.093, -0.072
 57180,  1.000,  0.011,  0.958,  0.206,  0.170, -0.082
 57240,  1.042,  0.190,  0.710,  0.169,  0.181, -0.080
 57300,  0.970,  0.222,  0.803,  0.201,  0.135,  0.003
 57360,  0.977,  0.191,  0.731,  0.165,  0.181, -0.051
 57420,  1.013,  0.196,  0.844,  0.157,  0.160, -0.060
 57480,  0.961,  0.255,  0.852,  0.202,  0.127, -0.049
 57540,  1.100,  0.290,  0.750,  0.208,  0.144, -0.052
 57600,  0.931,  0.201,  1.011,  0.223,  0.163, -0.054
 57660,  1.061,  0.206,  0.934,  0.174,  0.171,  0.031
 57720,  1.010,  0.160,  0.796,  0.181,  0.100, -0.072
 57780,  1.012,  0.190,  0.782,  0.166,  0.096, -0.058
 57840,  0.993,  0.323,  0.683,  0.163,  0.126, -0.022
 57900, -9999.000, -9999.000, -9999.000, -9999.000, -9999.000, -9999.000
 57960,  0.954,  0.289,  0.595,  0.125,  0.099, -0.108
 58020,  0.992,  0.346,  0.721,  0.087,  0.123, -0.077
 58080,  0.961,  0.300,  0.617,  0.125,  0.117, -0.078
 58140,  0.934,  0.309,  0.858,  0.171,  0.108,  0.050
 58200,  1.085,  0.254,  0.824,  0.147,  0.142, -0.006
 58260,  0.972,  0.329,  0.941,  0.141,  0.183, -0.026
 58320,  1.110,  0.229,  0.814,  0.184,  0.152, -0.028
 58380,  1.016,  0.259,  0.868,  0.203,  0.141, -0.015
 58440,  1.092,  0.327,  0.899,  0.182,  0.167,  0.007
 58500,  0.994,  0.265,  0.885,  0.150,  0.132, -0.047
 58560,  1.106,  0.252,  0.714,  0.111,  0.128, -0.034
 58620,  1.027,  0.213,  0.957,  0.134,  0.140,  0.039
 58680,  1.018,  0.275,  0.901,  0.120,  0.122,  0.010
 58740,  1.204,  0.232,  0.793,  0.151,  0.123,  0.011
 58800,  1.122,  0.341,  0.899,  0.115,  0.136, -0.047
 58860,  1.056,  0.288,  0.982,  0.093,  0.152,  0.020
 58920,  1.075,  0.191,  0.920,  0.132,  0.170,  0.053
 58980,  1.166,  0.290,  0.809,  0.130,  0.109,  0.024
 59040,  0.991,  0.187,  0.796,  0.128,  0.123, -0.001
 59100,  0.991,  0.157,  0.868,  0.108,  0.077,  0.033
 59160,  0.896,  0.269,  0.774,  0.067,  0.103,  0.037
 59220,  1.119,  0.298,  0.817,  0.144,  0.107, -0.029
 59280,  0.987,  0.383,  0.844,  0.084,  0.105, -0.012
 59340,  1.133,  0.267,  1.094,  0.138,  0.188, -0.012
 59400,  1.095,  0.161,  1.191,  0.150,  0.211,  0.026
 59460,  1.209,  0.291,  0.956,  0.135,  0.149,  0.052
 59520,  1.246,  0.348,  0.903,  0.169,  0.166,  0.058
 59580,  1.062,  0.278,  0.794,  0.099,  0.133,  0.057
 59640,  1.220,  0.360,  1.071,  0.144,  0.228,  0.022
 59700,  1.175,  0.293,  1.088,  0.192,  0.235, -0.024
 59760,  1.274,  0.249,  0.805,  0.124,  0.229,  0.062
 59820,  1.212,  0.375,  0.904,  0.105,  0.208, -0.015
 59880,  1.205,  0.334,  1.045,  0.112,  0.161, -0.007
 59940,  1.262,  0.272,  1.065,  0.099,  0.205, -0.004
 60000,  1.136,  0.278,  1.037,  0.122,  0.179,  0.094
 60060,  1.228,  0.274,  1.093,  0.120,  0.248,  0.081
 60120,  1.196,  0.348,  1.165,  0.100,  0.209,  0.038
 60180,  1.064,  0.281,  1.166,  0.076,  0.167,  0.065
 60240,  1.201,  0.328,  1.196,  0.117,  0.140,  0.101
 60300,  1.322,  0.321,  1.098,  0.095,  0.203,  0.099
 60360,  1.203,  0.272,  1.061,  0.083,  0.119,  0.100
 60420,  1.138,  0.393,  1.129,  0.154,  0.196,  0.057
 60480,  1.106,  0.293,  1.028,  0.065,  0.094, -0.006
 60540,  1.166,  0.328,  0.963,  0.109,  0.205,  0.090
 60600,  1.136,  0.276,  1.096,  0.118,  0.173,  0.034
 60660,  1.174,  0.405,  1.046,  0.079,  0.131,  0.145
 60720,  1.252,  0.288,  1.142,  0.065,  0.145,  0.139
 60780,  1.150,  0.489,  1.114,  0.138,  0.110,  0.041
 60840,  1.271,  0.282,  1.286,  0.080,  0.223,  0.044
 60900,  1.234,  0.351,  1.216,  0.096,  0.153,  0.033
 60960,  1.249,  0.290,  1.076,  0.107,  0.131,  0.080
 61020,  1.224,  0.278,  0.957,  0.083,  0.124,  0.165
 61080,  1.157,  0.323,  0.971,  0.142,  0.150,  0.096
 61140,  1.131,  0.393,  1.012,  0.071,  0.078,  0.055
 61200,  1.030,  0.446,  0.968,  0.148,  0.115,  0.125
 61260,  1.085,  0.281,  1.003,  0.077,  0.122,  0.081
 61320,  1.182,  0.355,  1.093,  0.095,  0.094,  0.083
 61380,  1.229,  0.446,  0.942,  0.093,  0.059,  0.061
 61440,  1.207,  0.312,  0.997,  0.078,  0.078,  0.057
 61500,  1.071,  0.208,  1.080,  0.089,  0.063,  0.106
 61560,  1.055,  0.264,  0.928,  0.129,  0.042, -0.009
 61620,  1.232,  0.906,  0.789,  0.689,  0.006,  0.301
 61680,  1.066,  0.203,  1.229,  0.079,  0.088,  0.058
 61740,  1.144,  0.365,  1.159,  0.059,  0.134,  0.069
 61800,  1.089,  0.324,  1.085,  0.089,  0.080,  0.016
 61860,  0.961,  0.272,  0.969,  0.121,  0.105,  0.038
 61920,  1.020,  0.290,  1.002,  0.049,  0.100,  0.042
 61980,  0.940,  0.338,  0.841,  0.056,  0.102,  0.109
 62040,  0.955,  0.290,  1.033,  0.128,  0.077,  0.045
 62100,  1.178,  0.436,  1.340,  0.091,  0.089,  0.094
 62160,  1.009,  0.348,  0.963,  0.080,  0.078, -0.012
 62220,  1.147,  0.373,  0.844,  0.116,  0.047, -0.061
 62280,  0.942,  0.299,  0.984,  0.051,  0.060,  0.007
 62340,  0.947,  0.313,  0.871,  0.033,  0.040, -0.019
 62400,  1.074,  0.297,  0.995,  0.055,  0.047, -0.022
 62460,  0.969,  0.322,  0.897,  0.068,  0.042, -0.064
 62520,  0.962,  0.338,  0.911,  0.061, -0.001, -0.091
 62580,  0.911,  0.324,  0.915,  0.029,  0.021, -0.040
 62640,  1.010,  0.335,  1.159,  0.048,  0.065, -0.078
 62700,  1.082,  0.356,  1.148,  0.039,  0.072, -0.066
 62760,  0.955,  0.290,  1.128,  0.054,  0.132, -0.045
 62820,  1.044,  0.369,  1.068,  0.046,  0.081, -0.083
 62880,  1.009,  0.240,  1.164,  0.039,  0.103, -0.185
 62940,  0.986,  0.241,  1.079,  0.074,  0.113, -0.079
 63000,  1.046,  0.251,  1.316,  0.044,  0.115, -0.131
 63060,  0.982,  0.352,  1.052,  0.017,  0.046, -0.085
 63120,  0.955,  0.297,  1.168,  0.062,  0.110, -0.180
 63180,  0.993,  0.343,  1.294,  0.054,  0.133, -0.148
 63240,  0.927,  0.364,  1.212,  0.026,  0.122, -0.090
 63300,  1.006,  0.334,  1.268,  0.059,  0.092, -0.137
 63360,  0.986,  0.342,  1.358,  0.048,  0.081, -0.062
 63420,  0.866,  0.451,  1.067,  0.135,  0.157, -0.191
 63480,  1.107,  0.387,  1.115,  0.030,  0.110, -0.059
 63540,  0.867,  0.394,  1.231,  0.041,  0.142, -0.159
 63600,  1.058,  0.467,  1.102,  0.024,  0.184, -0.160
 63660,  0.889,  0.397,  1.251,  0.022,  0.106, -0.053
 63720,  1.026,  0.341,  1.336,  0.112,  0.149, -0.116
 63780,  0.978,  0.415,  1.105,  0.048,  0.121, -0.108
 63840,  0.955,  0.468,  1.112,  0.012,  0.151, -0.137
 63900,  0.888,  0.361,  1.198,  0.040,  0.106, -0.168
 63960,  1.083,  0.307,  1.157,  0.007,  0.109, -0.051
 64020,  0.968,  0.395,  1.129, -0.002,  0.084, -0.067
 64080,  0.949,  0.423,  1.135, -0.003,  0.094, -0.058
 64140,  0.960,  0.416,  1.305,  0.078,  0.088, -0.005
 64200,  1.002,  0.345,  1.384,  0.062,  0.129, -0.024
 64260,  0.913,  0.377,  1.329,  0.041,  0.148, -0.085
 64320,  1.062,  0.315,  1.399,  0.074,  0.145, -0.050
 64380,  1.094,  0.473,  1.416,  0.042,  0.153, -0.002
 64440,  0.981,  0.488,  1.292,  0.070,  0.149, -0.012
 64500,  1.047,  0.406,  1.339,  0.030,  0.162,  0.023
 64560,  0.964,  0.453,  1.380,  0.011,  0.140, -0.007
 64620,  0.942,  0.385,  1.404,  0.038,  0.114,  0.092
 64680,  1.039,  0.405,  1.434,  0.071,  0.150, -0.060
 64740,  0.877,  0.447,  1.290,  0.082,  0.157, -0.014
 64800,  0.943,  0.317,  1.369,  0.056,  0.152, -0.065
 64860,  0.890,  0.382,  1.254,  0.022,  0.100,  0.039
 64920,  0.901,  0.310,  1.468,  0.062,  0.185,  0.045
 64980,  0.845,  0.366,  1.465,  0.033,  0.175,  0.024
 65040,  0.993,  0.362,  1.343,  0.074,  0.168,  0.069
 65100,  1.096,  0.373,  1.308,  0.059,  0.166,  0.063
 65160,  1.058,  0.451,  1.219,  0.071,  0.178,  0.011
 65220,  1.079,  0.317,  1.413,  0.068,  0.147, -0.007
 65280, -9999.000, -9999.000, -9999.000, -9999.000, -9999.000, -9999.000
 65340,  1.018,  0.258,  1.261,  0.071,  0.115,  0.019
 65400,  1.132,  0.463,  1.301,  0.049,  0.141,  0.042
 65460,  0.989,  0.301,  1.138,  0.091,  0.108,  0.147
 65520,  0.998,  0.341,  1.224,  0.062,  0.182,  0.142
 65580,  0.928,  0.319,  1.336,  0.043,  0.135,  0.098
 65640,  1.024,  0.347,  1.496,  0.056,  0.247,  0.067
 65700,  1.013,  0.414,  1.592,  0.097,  0.117,  0.044
 65760,  1.099,  0.508,  1.656,  0.083,  0.205,  0.062
 65820,  1.082,  0.428,  1.596,  0.084,  0.261,  0.067
 65880,  1.116,  0.343,  1.440,  0.036,  0.124,  0.118
 65940,  1.087,  0.593,  1.595,  0.047,  0.182,  0.104
 66000,  1.034,  0.515,  1.470,  0.018,  0.196,  0.126
 66060,  1.184,  0.456,  1.248,  0.017,  0.219,  0.022
 66120,  1.003,  0.327,  1.416,  0.062,  0.230,  0.090
 66180,  1.068,  0.363,  1.368,  0.048,  0.208,  0.147
 66240,  1.254,  0.458,  1.496,  0.117,  0.264,  0.106
 66300,  1.052,  0.371,  1.501,  0.037,  0.154,  0.082
 66360,  1.132,  0.381,  1.603,  0.088,  0.207,  0.135
 66420,  0.877,  0.494,  1.432,  0.117,  0.180,  0.130
 66480,  1.023,  0.346,  1.332,  0.083,  0.177,  0.086
 66540,  1.130,  0.275,  1.190,  0.073,  0.136,  0.168
 66600,  1.018,  0.370,  1.372,  0.072,  0.200,  0.102
 66660,  1.133,  0.417,  1.283,  0.043,  0.176,  0.112
 66720,  1.142,  0.402,  1.226,  0.069,  0.219,  0.117
 66780,  1.094,  0.365,  1.420,  0.045,  0.128,  0.040
 66840,  1.151,  0.370,  1.515,  0.026,  0.163,  0.098
 66900,  1.080,  0.389,  1.358,  0.059,  0.143,  0.129
 66960,  1.228,  0.475,  1.461,  0.124,  0.182,  0.156
 67020,  1.107,  0.418,  1.255,  0.061,  0.182,  0.121
 67080,  1.220,  0.501,  1.433,  0.048,  0.190,  0.132
 67140, -9999.000, -9999.000, -9999.000, -9999.000, -9999.000, -9999.000
 67200,  1.180,  0.520,  1.336,  0.048,  0.154,  0.128
 67260,  1.120,  0.421,  1.259,  0.026,  0.154,  0.129
 67320,  1.180,  0.406,  1.180,  0.032,  0.071,  0.091
 67380,  1.184,  0.394,  1.291,  0.060,  0.132,  0.152
 67440,  1.249,  0.408,  1.380,  0.017,  0.132,  0.043
 67500,  1.070,  0.421,  1.269,  0.064,  0.108,  0.097
 67560,  1.089,  0.456,  1.365,  0.026,  0.140,  0.207
 67620,  1.035,  0.384,  1.224,  0.004,  0.130,  0.140
 67680,  1.158,  0.357,  1.298,  0.021,  0.100,  0.087
 67740,  1.127,  0.397,  1.442,  0.025,  0.113,  0.183
 67800,  1.207,  0.348,  1.452,  0.004,  0.105,  0.175
 67860,  1.169,  0.280,  1.395,  0.028,  0.129,  0.106
 67920,  1.049,  0.323,  1.574,  0.071,  0.158,  0.174
 67980,  1.101,  0.250,  1.607,  0.057,  0.171,  0.207
 68040,  1.192,  0.309,  1.755,  0.045,  0.225,  0.147
 68100,  1.172,  0.464,  1.600,  0.040,  0.158,  0.077
 68160,  1.170,  0.324,  1.487,  0.044,  0.161,  0.084
 68220,  1.201,  0.471,  1.637,  0.062,  0.222,  0.117
 68280,  1.182,  0.345,  1.497,  0.064,  0.155,  0.163
 68340,  1.270,  0.156,  1.520,  0.044,  0.136,  0.091
 68400,  1.271,  0.460,  1.420,  0.042,  0.067,  0.147
 68460,  1.253,  0.378,  1.590, -0.002,  0.114,  0.089
 68520,  1.416,  0.292,  1.719,  0.044,  0.172,  0.081
 68580,  1.115,  0.255,  1.646,  0.017,  0.179,  0.093
 68640,  1.430,  0.452,  1.639,  0.028,  0.161,  0.161
 68700,  1.312,  0.318,  1.699,  0.015,  0.206,  0.056
 68760,  1.311,  0.098,  1.755,  0.022,  0.109,  0.066
 68820,  1.418,  0.326,  1.755,  0.034,  0.123,  0.153
 68880,  1.332,  0.298,  1.728,  0.025,  0.110,  0.086
