CampaignData_and_Merges/R0/CSL_MobileLab_Parked/raw/20240724/USOS-NOAAIodideCIMS-OrgNitrs_MobileLabGround_20240724_RA.ict
37, 1001
Michael A Robinson, Chris Jernigan, Subi Thakali
NOAA ESRL Chemical Sciences Laboratory and CIRES, U. of Colorado
NOAA Iodide CIMS Instrument
USOS
1, 1
2024, 07, 24, 2024, 07, 26
1
starttime_UTC, seconds_past_midnight, seconds_of_day_since_00:00:00_UTC
5
1, 1, 1, 1, 1
-9999, -9999, -9999, -9999, -9999
C4H7NO5_NOAACIMS, pptv, Gas_C4H7NO5_InSitu_S_AVMR, 
ISOPN_NOAACIMS, pptv, Gas_ISOPN_InSitu_S_AVMR, 
C5H10O3_NOAACIMS, pptv, Gas_C5H10O3_InSitu_S_AVMR, 
C5H9NO5_NOAACIMS, pptv, Gas_C5H9NO5_InSitu_S_AVMR, 
C10H17NO4_NOAACIMS, pptv, Gas_C10H17NO4_InSitu_S_AVMR, 
0
18
PI_CONTACT_INFO: 325 Broadway, R/CSD 7, Boulder, Colorado 80305; michael.a.robinson@noaa.gov; chris.jernigan@noaa.gov;
PLATFORM: NOAA CSL Mobile Lab
LOCATION: SLC, Utah
ASSOCIATED_DATA: 1Hz data also available on request.
INSTRUMENT_INFO: NOAA I- ToF CIMS
DATA_INFO: All data in parts per trillion by volume (pptv). 1 Hz data is available upon request.
UNCERTAINTY: TBD
ULOD_FLAG: -7777
ULOD_VALUE: N/A
LLOD_FLAG: -8888
LLOD_VALUE: N/A
DM_CONTACT_INFO: Nathan Howard; nathan.h.howard@noaa.gov
PROJECT_INFO: USOS, summer 2024. https://csl.noaa.gov/groups/csl7/measurements/2024usos/
STIPULATIONS_ON_USE: Users are strongly encouraged to contact the PI for proper data usage.
OTHER_COMMENTS: 
REVISION: RA
RA: Preliminary Data; For in-field use only
starttime_UTC, C4H7NO5_NOAACIMS, ISOPN_NOAACIMS, C5H10O3_NOAACIMS, C5H9NO5_NOAACIMS, C10H17NO4_NOAACIMS
[from data line 339]
 20340,  4.154, 11.924, 64.241,  8.188,  0.836
 20400,  4.149, 11.824, 63.421,  8.002,  0.832
 20460,  4.163, 11.812, 65.407,  8.112,  0.880
 20520,  4.270, 12.464, 66.817,  8.117,  0.892
 20580,  4.212, 12.696, 66.591,  8.004,  0.882
 20640,  4.311, 12.452, 67.583,  8.269,  0.891
 20700,  4.325, 11.739, 68.218,  8.224,  0.894
 20760,  4.373, 12.260, 68.159,  8.435,  0.897
 20820,  4.180, 12.185, 64.365,  8.271,  0.847
 20880, -9999.000, -9999.000, -9999.000, -9999.000, -9999.000
 20940,  4.150, 11.702, 57.591,  7.946,  0.836
 21000,  4.270, 11.981, 61.881,  8.082,  0.807
 21060,  4.340, 12.045, 62.156,  8.350,  0.917
 21120,  4.306, 12.004, 61.824,  8.252,  0.810
 21180,  4.229, 11.885, 61.171,  8.210,  0.923
 21240,  4.366, 12.448, 63.190,  8.429,  0.838
 21300,  4.351, 12.035, 63.626,  8.492,  0.869
 21360,  4.360, 12.372, 64.849,  8.375,  0.917
 21420,  4.399, 12.449, 62.946,  8.386,  0.837
 21480,  4.413, 12.394, 64.531,  8.765,  0.775
 21540,  4.453, 12.389, 64.220,  8.915,  0.950
 21600,  4.501, 12.999, 65.379,  8.911,  0.876
 21660,  4.519, 12.783, 66.618,  9.005,  0.988
 21720,  4.494, 12.870, 65.311,  9.267,  0.888
 21780,  4.590, 13.039, 66.666,  9.418,  0.894
 21840,  4.659, 13.459, 65.741,  9.984,  0.913
 21900,  4.610, 13.316, 65.420,  9.949,  0.938
 21960,  4.552, 12.670, 64.815,  9.608,  0.945
 22020,  4.717, 13.040, 65.227,  9.312,  0.844
 22080,  4.686, 13.166, 68.197,  9.216,  0.840
 22140,  4.701, 13.073, 67.633,  9.073,  0.855
 22200,  4.689, 13.257, 69.067,  8.911,  0.881
 22260,  4.817, 13.292, 69.545,  8.876,  0.782
 22320,  4.675, 12.830, 66.498,  8.689,  0.791
 22380,  4.652, 12.737, 65.354,  8.523,  0.734
 22440,  4.618, 12.792, 66.371,  8.620,  0.825
 22500,  4.852, 13.198, 67.733,  8.570,  0.776
 22560,  4.832, 12.733, 68.574,  8.796,  0.773
 22620,  4.834, 13.058, 69.515,  8.646,  0.759
 22680,  4.983, 13.056, 71.443,  8.755,  0.761
 22740,  4.676, 11.959, 63.463,  7.943,  0.699
 22800,  4.679, 12.513, 63.557,  8.314,  0.736
 22860,  4.805, 12.960, 67.268,  8.557,  0.763
 22920,  4.716, 12.947, 67.203,  8.493,  0.627
 22980,  4.695, 13.156, 67.062,  8.126,  0.587
 23040,  4.811, 13.026, 68.844,  8.355,  0.616
 23100,  4.714, 12.832, 68.398,  8.423,  0.549
 23160,  4.709, 12.954, 68.336,  8.556,  0.602
 23220,  4.873, 13.430, 70.944,  8.400,  0.620
 23280,  4.956, 13.095, 71.990,  8.411,  0.617
 23340,  5.002, 13.655, 73.406,  8.518,  0.523
 23400,  4.943, 13.613, 73.372,  8.461,  0.578
 23460,  4.871, 13.526, 74.102,  8.619,  0.527
 23520,  4.922, 13.591, 74.912,  8.601,  0.588
 23580,  5.013, 13.468, 74.849,  8.747,  0.492
 23640,  4.937, 13.446, 73.044,  8.636,  0.574
 23700,  4.839, 13.409, 72.796,  8.830,  0.496
 23760,  4.946, 13.573, 74.650,  9.039,  0.652
 23820,  4.889, 13.627, 76.003,  8.840,  0.503
 23880,  4.930, 13.845, 75.770,  9.167,  0.618
 23940,  5.011, 13.572, 74.903,  9.544,  0.613
 24000,  4.909, 13.634, 71.675, 10.421,  0.798
 24060,  4.815, 13.390, 69.144, 11.425,  1.034
 24120,  4.747, 13.244, 67.419, 12.014,  1.111
 24180,  4.787, 13.279, 64.967, 12.295,  1.311
 24240,  4.822, 13.870, 66.954, 12.862,  1.388
 24300,  4.862, 13.567, 64.225, 13.190,  1.272
 24360,  4.879, 13.460, 64.720, 12.839,  1.301
 24420,  4.886, 13.303, 65.289, 12.826,  1.252
 24480,  4.829, 12.745, 62.572, 12.555,  1.326
 24540, -9999.000, -9999.000, -9999.000, -9999.000, -9999.000
 24600,  4.701, 13.236, 53.858, 12.432,  1.103
 24660,  4.777, 14.110, 58.972, 13.159,  1.133
 24720,  4.816, 13.314, 57.882, 13.664,  1.306
 24780,  4.803, 13.157, 56.672, 13.037,  1.311
 24840,  4.910, 13.833, 59.414, 14.642,  1.573
 24900,  4.890, 13.698, 59.307, 15.485,  1.627
 24960,  4.837, 13.948, 56.630, 14.778,  1.577
 25020,  4.941, 13.955, 56.869, 14.823,  1.623
 25080,  4.911, 14.126, 56.926, 14.828,  1.554
 25140,  5.000, 14.151, 58.093, 14.062,  1.455
 25200,  4.986, 14.031, 60.346, 13.320,  1.498
 25260,  4.995, 13.627, 60.926, 12.982,  1.289
 25320,  5.017, 14.176, 62.715, 12.251,  1.276
 25380,  5.059, 14.422, 63.761, 11.978,  1.331
 25440,  4.973, 13.482, 63.982, 11.723,  1.174
 25500,  5.087, 13.944, 64.261, 11.659,  1.265
 25560,  4.999, 13.814, 62.980, 10.976,  1.232
 25620,  5.061, 13.785, 65.496, 10.526,  0.992
 25680,  5.002, 14.057, 65.629, 10.094,  1.007
 25740,  5.097, 13.674, 64.879,  9.776,  0.982
 25800,  5.067, 13.565, 67.076,  9.655,  0.951
 25860,  5.152, 13.745, 67.965,  9.433,  0.978
 25920,  5.087, 13.693, 66.801,  9.497,  0.858
 25980,  5.054, 13.207, 67.811,  9.453,  0.945
 26040,  5.075, 13.478, 65.362,  9.185,  0.875
 26100,  5.109, 13.737, 68.363,  9.549,  0.846
 26160,  5.143, 13.946, 67.261,  9.241,  0.842
 26220,  5.100, 13.452, 66.317,  9.439,  0.823
 26280,  5.021, 13.748, 66.279,  9.213,  0.849
 26340,  4.972, 13.881, 67.163,  9.171,  0.967
 26400, -9999.000, -9999.000, -9999.000, -9999.000, -9999.000
 26460,  4.803, 12.458, 56.602,  8.672,  0.851
 26520,  4.819, 12.643, 57.295,  8.985,  0.891
 26580,  4.889, 12.741, 57.557,  9.076,  1.053
 26640,  4.981, 13.516, 61.558,  9.436,  0.952
 26700,  5.098, 13.718, 61.413,  9.617,  0.877
 26760,  5.122, 13.928, 66.824, 10.022,  0.853
 26820,  5.126, 14.325, 70.082,  9.899,  0.760
 26880,  4.997, 13.929, 66.600,  9.765,  0.735
 26940,  5.102, 13.681, 65.052, 10.105,  0.719
 27000,  5.196, 13.851, 68.260, 10.511,  0.814
 27060,  5.144, 14.184, 71.001, 10.579,  0.695
 27120,  5.160, 14.097, 70.797, 10.818,  0.700
 27180,  5.276, 13.990, 72.367, 11.133,  0.787
 27240,  5.272, 14.392, 73.574, 11.551,  0.753
 27300,  5.298, 14.550, 77.003, 11.332,  0.837
 27360,  5.233, 14.322, 73.127, 11.030,  0.683
 27420,  5.292, 14.282, 73.820, 11.638,  0.766
 27480,  5.317, 14.450, 77.881, 12.007,  0.833
 27540,  5.315, 14.632, 80.289, 12.057,  0.828
 27600,  5.311, 14.638, 77.957, 11.844,  0.819
 27660,  5.305, 14.571, 76.628, 11.637,  0.745
 27720,  5.364, 14.206, 76.742, 11.707,  0.870
 27780,  5.192, 14.150, 78.042, 11.862,  0.865
 27840,  5.198, 14.298, 78.665, 11.756,  0.880
 27900,  5.372, 14.596, 80.213, 12.389,  0.849
 27960,  5.246, 14.052, 77.588, 12.196,  0.838
 28020,  5.259, 14.280, 79.121, 12.427,  0.901
 28080,  5.308, 14.446, 81.475, 12.803,  0.915
 28140,  5.336, 14.417, 79.618, 12.811,  0.886
 28200,  5.412, 14.439, 80.497, 13.531,  0.900
 28260, -9999.000, -9999.000, -9999.000, -9999.000, -9999.000
 28320,  5.120, 13.624, 68.976, 12.348,  0.755
 28380,  5.344, 14.295, 76.065, 13.474,  0.872
 28440,  5.340, 14.007, 77.411, 13.549,  0.773
 28500,  5.315, 14.041, 75.720, 13.402,  0.814
 28560,  5.453, 14.624, 77.880, 13.608,  0.944
 28620,  5.508, 14.387, 78.705, 13.438,  0.983
 28680,  5.443, 14.176, 78.670, 13.568,  1.027
 28740,  5.471, 14.361, 77.402, 13.635,  0.938
 28800,  5.422, 14.156, 76.891, 13.444,  0.949
 28860,  5.413, 13.577, 76.321, 13.313,  0.977
 28920,  5.446, 14.102, 78.265, 13.328,  0.987
 28980,  5.389, 14.145, 81.130, 14.057,  1.051
 29040,  5.526, 13.828, 80.398, 14.270,  1.059
 29100,  5.440, 13.937, 79.992, 14.225,  1.033
 29160,  5.473, 14.764, 84.933, 15.116,  0.997
 29220,  5.477, 14.505, 84.920, 14.509,  1.183
 29280,  5.294, 14.568, 84.272, 14.391,  0.985
 29340,  5.427, 13.832, 82.253, 14.053,  1.079
 29400,  5.326, 13.705, 82.158, 14.233,  1.085
 29460,  5.378, 14.011, 85.134, 14.513,  1.208
 29520,  5.406, 14.318, 83.522, 14.773,  1.149
 29580,  5.398, 14.411, 85.475, 14.474,  1.093
 29640,  5.353, 14.806, 82.857, 14.500,  1.110
 29700,  5.514, 14.586, 85.712, 15.166,  1.069
 29760,  5.437, 14.135, 84.024, 14.896,  1.191
 29820,  5.388, 14.463, 84.559, 15.136,  1.174
 29880,  5.534, 14.461, 87.345, 15.222,  1.199
 29940,  5.524, 14.524, 84.799, 15.297,  1.235
 30000,  5.483, 14.595, 85.656, 15.293,  1.227
 30060,  5.699, 14.719, 90.767, 15.906,  1.328
 30120,  5.515, 14.003, 78.647, 14.534,  1.273
 30180,  5.485, 14.856, 82.861, 14.841,  1.146
 30240,  5.512, 14.346, 80.523, 14.473,  1.181
 30300,  5.480, 14.598, 83.817, 15.126,  1.090
 30360,  5.550, 14.512, 82.614, 15.129,  1.255
 30420,  5.571, 15.149, 85.241, 15.822,  1.143
 30480,  5.588, 15.071, 86.761, 16.138,  1.048
 30540,  5.653, 15.009, 86.522, 15.919,  1.093
 30600,  5.781, 15.416, 89.346, 16.491,  1.150
 30660,  5.870, 15.743, 94.709, 17.572,  1.136
 30720,  5.911, 15.669, 93.377, 17.333,  1.041
 30780,  5.918, 16.417, 94.435, 17.792,  1.121
 30840,  5.967, 16.273, 97.394, 18.127,  1.132
 30900,  6.085, 16.296, 97.880, 18.472,  1.068
 30960,  6.125, 16.730, 101.216, 18.812,  1.133
 31020,  6.155, 16.611, 99.250, 18.812,  1.035
 31080,  6.067, 16.198, 100.058, 18.940,  1.135
 31140,  5.957, 15.925, 98.324, 17.971,  1.002
 31200,  6.023, 16.303, 98.075, 18.850,  1.193
 31260,  6.153, 16.739, 99.920, 19.110,  1.177
 31320,  6.034, 15.965, 98.634, 18.792,  1.111
 31380,  6.170, 16.293, 96.632, 18.880,  1.124
 31440,  6.026, 16.423, 95.233, 18.822,  0.982
 31500,  6.138, 16.790, 95.041, 18.966,  1.117
 31560,  6.164, 16.461, 95.445, 19.157,  1.034
 31620,  6.144, 16.362, 97.090, 18.989,  1.066
 31680,  6.075, 15.781, 96.465, 18.919,  1.026
 31740,  6.078, 16.067, 94.633, 18.697,  0.981
 31800,  6.149, 16.219, 94.596, 18.849,  0.944
 31860,  6.035, 15.911, 92.210, 18.636,  0.955
 31920,  6.187, 15.559, 94.771, 19.259,  1.220
 31980,  5.972, 16.307, 77.832, 16.961,  0.937
 32040,  5.977, 15.994, 83.359, 18.286,  0.967
 32100,  6.073, 15.989, 90.644, 19.062,  0.923
 32160,  6.091, 16.355, 93.288, 19.481,  0.920
 32220,  6.180, 16.821, 95.607, 19.254,  0.826
 32280,  6.122, 16.294, 95.345, 19.340,  0.941
 32340,  6.178, 16.926, 96.979, 19.539,  0.918
 32400,  6.112, 16.678, 98.433, 19.745,  0.968
 32460,  6.187, 16.820, 100.182, 19.744,  1.035
 32520,  6.163, 16.529, 100.642, 19.452,  0.974
 32580,  6.204, 17.400, 100.910, 19.937,  1.017
 32640,  6.213, 17.481, 103.236, 20.016,  0.970
 32700,  6.075, 16.526, 102.312, 19.528,  0.992
 32760,  6.221, 16.708, 101.973, 19.464,  0.999
 32820,  6.188, 17.161, 104.488, 19.886,  1.013
 32880,  6.163, 16.351, 101.859, 19.818,  0.974
 32940,  6.323, 16.994, 105.190, 20.051,  0.989
 33000,  6.372, 17.011, 106.730, 19.948,  0.994
 33060,  6.276, 16.729, 103.851, 19.941,  0.982
 33120,  6.262, 17.421, 105.941, 20.082,  0.927
 33180,  6.376, 17.082, 109.912, 20.411,  0.999
 33240,  6.249, 16.225, 105.939, 20.088,  0.820
 33300,  6.343, 16.518, 106.246, 20.127,  1.009
 33360,  6.296, 17.208, 106.797, 20.355,  0.980
 33420,  6.496, 17.454, 109.524, 21.045,  0.958
 33480,  6.480, 18.192, 115.211, 21.329,  1.072
 33540,  6.407, 17.237, 106.966, 20.466,  0.990
 33600,  6.445, 16.999, 105.936, 20.555,  0.952
 33660,  6.397, 17.001, 109.432, 21.023,  1.000
 33720,  6.421, 16.855, 107.024, 20.462,  0.991
 33780,  6.312, 16.294, 109.706, 20.290,  0.945
 33840,  6.177, 16.239, 98.220, 19.786,  0.976
 33900,  6.344, 16.785, 103.385, 20.672,  0.864
 33960,  6.457, 17.346, 106.409, 20.724,  0.844
 34020,  6.521, 17.326, 110.646, 20.947,  0.962
 34080,  6.577, 17.945, 112.518, 21.480,  0.992
 34140,  6.454, 16.902, 112.533, 20.616,  0.945
 34200,  6.520, 16.759, 114.808, 21.250,  0.929
 34260,  6.569, 17.238, 116.180, 20.903,  1.041
 34320,  6.543, 16.687, 114.557, 20.474,  0.944
 34380,  6.440, 16.152, 113.438, 19.980,  0.954
 34440,  6.305, 16.119, 109.922, 20.009,  1.170
 34500,  6.414, 17.297, 113.411, 20.925,  1.159
 34560,  6.399, 17.449, 113.699, 20.852,  1.222
 34620,  6.460, 17.160, 117.696, 20.974,  1.221
 34680,  6.406, 16.566, 114.292, 20.337,  1.251
 34740,  6.507, 16.418, 118.064, 20.809,  1.226
 34800,  6.282, 16.156, 113.319, 20.026,  1.488
 34860,  6.261, 16.551, 110.829, 20.105,  1.408
 34920,  6.064, 16.126, 111.717, 19.553,  1.569
 34980,  5.964, 15.283, 103.679, 18.592,  1.494
 35040,  6.073, 16.017, 105.863, 19.118,  1.432
 35100,  5.964, 15.126, 106.579, 18.466,  1.471
 35160,  5.796, 14.748, 100.348, 17.894,  1.576
 35220,  5.834, 14.036, 94.685, 17.268,  1.678
 35280,  5.602, 12.943, 84.515, 16.729,  2.339
 35340,  5.594, 11.307, 74.666, 16.336,  2.800
 35400,  5.430, 10.995, 69.026, 15.792,  2.523
 35460,  5.326, 11.042, 64.050, 15.675,  2.346
 35520,  5.653, 12.453, 73.034, 16.758,  1.963
 35580,  5.497, 11.536, 71.843, 16.285,  2.160
 35640, -9999.000, -9999.000, -9999.000, -9999.000, -9999.000
 35700,  5.158, 10.344, 49.450, 14.289,  1.878
 35760,  5.168,  9.731, 49.704, 14.475,  2.104
 35820,  5.311,  9.759, 50.563, 14.361,  2.097
 35880,  5.251,  9.361, 48.541, 14.124,  2.136
 35940,  5.152,  8.807, 46.730, 13.712,  2.290
 36000,  5.108,  8.089, 41.440, 13.382,  2.276
 36060,  5.133,  8.169, 38.730, 13.137,  2.291
 36120,  5.107,  7.854, 37.057, 13.258,  2.227
 36180,  5.106,  7.509, 34.555, 13.119,  2.233
 36240,  5.018,  7.385, 34.464, 12.981,  2.108
 36300,  5.016,  7.060, 32.637, 12.964,  1.988
 36360,  5.046,  7.378, 33.335, 12.839,  2.246
 36420,  5.109,  7.563, 33.421, 12.797,  2.131
 36480,  5.117,  7.568, 32.808, 12.709,  1.996
 36540,  5.084,  6.747, 32.229, 12.938,  2.080
 36600,  5.155,  6.513, 28.599, 12.967,  1.800
 36660,  5.160,  6.459, 29.511, 12.726,  1.831
 36720,  5.051,  6.337, 29.112, 12.443,  1.880
 36780,  5.027,  6.684, 28.822, 12.546,  1.862
 36840,  5.071,  6.593, 29.617, 12.821,  1.868
 36900,  5.111,  6.432, 28.903, 12.842,  1.780
 36960,  5.047,  6.515, 30.059, 12.815,  1.900
 37020,  5.055,  6.502, 30.728, 12.700,  1.763
 37080,  5.049,  6.404, 31.001, 12.889,  1.814
 37140,  5.067,  6.344, 31.434, 12.657,  1.804
 37200,  5.051,  6.629, 33.069, 12.675,  1.887
 37260,  5.016,  6.569, 32.804, 12.232,  1.832
 37320,  5.028,  6.700, 34.497, 12.352,  1.812
 37380,  5.091,  6.257, 33.545, 12.632,  1.877
 37440,  5.062,  6.355, 35.469, 12.693,  1.880
 37500, -9999.000, -9999.000, -9999.000, -9999.000, -9999.000
 37560,  4.967,  6.258, 31.231, 12.160,  1.550
 37620,  5.079,  6.951, 32.300, 12.481,  1.658
 37680,  5.104,  7.068, 35.712, 13.042,  1.914
 37740,  5.081,  7.132, 34.478, 12.653,  1.905
 37800,  5.088,  7.286, 34.832, 12.625,  1.873
 37860,  5.089,  7.643, 36.260, 12.797,  1.874
 37920,  5.078,  8.070, 38.507, 13.050,  2.050
 37980,  5.296,  9.182, 44.223, 13.533,  1.802
 38040,  5.300,  9.346, 46.546, 13.738,  1.912
 38100,  5.355, 10.449, 53.453, 14.375,  1.790
 38160,  5.499, 10.909, 59.421, 14.690,  2.013
 38220,  5.555, 11.366, 62.216, 14.835,  1.984
 38280,  5.478, 11.244, 60.011, 14.419,  1.814
 38340,  5.561, 10.784, 58.463, 14.615,  1.754
 38400,  5.633, 11.738, 66.904, 15.505,  1.735
 38460,  5.729, 12.479, 72.132, 16.087,  1.778
 38520,  5.783, 12.502, 75.747, 16.258,  1.716
 38580,  5.790, 12.148, 76.600, 15.781,  1.767
 38640,  5.801, 12.053, 78.213, 16.050,  1.550
 38700,  5.988, 12.837, 81.665, 16.519,  1.455
 38760,  5.987, 13.331, 85.915, 16.657,  1.680
 38820,  6.002, 13.136, 88.479, 16.880,  1.593
 38880,  6.043, 12.941, 87.578, 17.083,  1.330
 38940,  6.168, 13.741, 91.452, 17.258,  1.381
 39000,  6.272, 14.486, 95.253, 17.991,  1.160
 39060,  6.286, 14.701, 100.120, 18.295,  1.218
 39120,  6.310, 15.005, 101.165, 18.448,  1.231
 39180,  6.366, 14.550, 99.897, 18.207,  1.120
 39240,  6.334, 14.442, 100.903, 18.083,  1.132
 39300,  6.452, 13.999, 103.745, 18.465,  1.211
 39360, -9999.000, -9999.000, -9999.000, -9999.000, -9999.000
 39420,  6.154, 13.773, 91.156, 17.673,  0.958
 39480,  6.247, 14.935, 98.177, 17.999,  1.156
 39540,  6.182, 14.650, 96.914, 18.124,  1.023
 39600,  6.275, 14.272, 98.713, 17.695,  1.051
 39660,  6.185, 13.970, 99.766, 17.751,  1.036
 39720,  6.309, 14.506, 101.197, 17.945,  1.117
 39780,  6.255, 14.678, 104.145, 17.832,  1.050
 39840,  6.302, 14.716, 104.993, 18.424,  1.106
 39900,  6.203, 14.567, 103.337, 18.004,  1.077
 39960,  6.286, 13.928, 103.940, 17.674,  1.028
 40020,  6.306, 14.527, 108.174, 17.782,  1.178
 40080,  6.245, 14.222, 107.415, 17.563,  0.982
 40140,  6.141, 14.318, 106.986, 17.384,  0.948
 40200,  6.232, 14.226, 107.473, 17.992,  1.068
 40260,  6.237, 14.790, 109.625, 17.702,  1.041
 40320,  6.329, 14.171, 107.286, 17.519,  1.052
 40380,  6.250, 14.215, 111.394, 17.368,  1.006
 40440,  6.182, 14.251, 110.395, 17.330,  1.096
