CampaignData_and_Merges/R0/CSL_MobileLab_Parked/raw/20240724/USOS-MetNav_MobileLabGround_20240724_R0.ict
44, 1001
Carrie Womack, Nate Howard, Mike Zucker
NOAA Chemical Sciences Laboratory
Mobile Lab MetNav Station
USOS
1, 1
2024, 07, 24, 2024, 12, 21
60
Time_Start, seconds_past_midnight, Seconds from midnight UTC
11
1, 1, 1, 1, 1, 1, 1, 1, 1, 1, 1
-9999, -9999, -9999, -9999, -9999, -9999, -9999, -9999, -9999, -9999, -9999
GPS_Alt_m, meters, Altitude from Differential GPS
GPS_Course_deg, degrees, Course from Differential GPS
GPS_GndSpd_m_s, m/s, Ground Speed from Differential GPS
GPS_Heading_deg, degrees, Heading from Differential GPS
GPS_Lat_deg, degrees, Latitude from Differential GPS
GPS_Lon_deg, degrees, Longitude from Differential GPS
AirTemp_C, Celsius, Air Temperature from Airmar
RelHumidity_pct, percent, Relative Humidity from Airmar
Pressure_mb, millibars, Pressure from Honeywell
WindDir_calc_deg, degrees, Wind Direction from Airmar corrected for van movement
WindSpd_calc_m_s, m/s, Wind Speed from Airmar corrected for van movement
1
SPECIAL COMMENTS:
18
PI_CONTACT_INFO: Address: 325 Broadway R/CSL7, Boulder, CO, 80305
PLATFORM: CSL Mobile Lab
LOCATION: Salt Lake City, UT
ASSOCIATED_DATA: N/A
INSTRUMENT_INFO: N/A
DATA_INFO: Units:
UNCERTAINTY: N/A
ULOD_FLAG: -7777
ULOD_VALUE: N/A
LLOD_FLAG: -8888
LLOD_VALUE: N/A
DM_CONTACT_INFO: Data Manager: Nate Howard
PROJECT_INFO: 
STIPULATIONS_ON_USE: Use of these data require prior ok from PI.
OTHER_COMMENTS: 
REVISION: R0
R0: Final data. Fixed bug in wind averaging code. RA: Preliminary Data. For in-field use only. 
Time_Start, GPS_Alt_m, GPS_Course_deg, GPS_GndSpd_m_s, GPS_Heading_deg, GPS_Lat_deg, GPS_Lon_deg, AirTemp_C, RelHumidity_pct, Pressure_mb, WindDir_calc_deg, WindSpd_calc_m_s
[from data line 408]
24480.0,1308.1,359.87,0.05,359.87,40.73434,-111.87211,26.3,25.0,878.6,115.29,1.4
24540.0,1308.0,359.89,0.05,359.89,40.73434,-111.87211,26.3,25.0,878.6,114.62,2.0
24600.0,1308.1,0.23,0.05,0.23,40.73434,-111.87211,26.2,24.7,878.6,113.69,1.9
24660.0,1308.2,359.62,0.04,359.62,40.73434,-111.87211,26.2,24.7,878.6,109.78,1.3
24720.0,1308.1,359.50,0.05,359.50,40.73434,-111.87211,26.2,25.3,878.6,121.06,1.2
24780.0,1308.1,359.56,0.05,359.56,40.73434,-111.87211,26.2,25.0,878.6,113.02,0.8
24840.0,1308.2,359.35,0.05,359.35,40.73434,-111.87211,26.2,25.0,878.5,110.27,1.1
24900.0,1308.1,359.70,0.04,359.70,40.73434,-111.87211,26.1,25.2,878.5,118.48,1.9
24960.0,1308.2,359.64,0.05,359.64,40.73434,-111.87211,26.1,25.4,878.6,112.19,1.6
25020.0,1307.9,359.47,0.04,359.47,40.73434,-111.87211,26.1,25.4,878.6,111.61,1.6
25080.0,1307.7,359.36,0.04,359.36,40.73434,-111.87211,26.0,25.4,878.6,120.99,2.8
25140.0,1307.7,359.37,0.04,359.37,40.73434,-111.87211,26.0,25.2,878.6,110.66,2.6
25200.0,1307.6,358.96,0.04,358.96,40.73434,-111.87211,26.0,25.1,878.6,111.47,2.3
25260.0,1307.7,359.03,0.05,359.03,40.73434,-111.87211,26.0,25.0,878.6,114.19,2.9
25320.0,1307.8,359.08,0.04,359.08,40.73434,-111.87211,26.0,24.9,878.6,124.05,3.9
25380.0,1307.8,359.10,0.05,359.10,40.73434,-111.87211,26.0,24.9,878.6,126.72,3.4
25440.0,1308.1,359.35,0.05,359.35,40.73434,-111.87211,25.9,25.1,878.6,115.91,3.4
25500.0,1308.2,359.45,0.04,359.45,40.73434,-111.87211,25.9,25.0,878.6,116.52,3.5
25560.0,1308.4,359.54,0.04,359.54,40.73434,-111.87211,25.9,25.0,878.6,124.13,3.6
25620.0,1308.4,359.60,0.05,359.60,40.73434,-111.87211,25.9,24.8,878.6,119.57,3.3
25680.0,1308.4,0.08,0.05,0.08,40.73434,-111.87211,25.9,24.7,878.7,119.68,3.2
25740.0,1308.6,359.83,0.05,359.83,40.73434,-111.87211,25.9,24.5,878.7,121.01,3.1
25800.0,1308.6,0.03,0.04,0.03,40.73434,-111.87211,25.9,24.5,878.6,129.14,2.9
25860.0,1308.6,359.70,0.04,359.70,40.73434,-111.87211,26.0,24.6,878.6,138.59,2.4
25920.0,1308.6,359.72,0.05,359.72,40.73434,-111.87211,26.0,24.6,878.6,131.16,2.4
25980.0,1308.7,359.19,0.04,359.19,40.73434,-111.87211,26.0,24.8,878.6,127.40,1.6
26040.0,1308.7,359.42,0.04,359.42,40.73434,-111.87211,26.0,24.6,878.7,129.27,1.6
26100.0,1308.9,359.47,0.05,359.47,40.73434,-111.87211,26.0,24.5,878.7,127.54,1.9
26160.0,1309.0,359.14,0.04,359.14,40.73434,-111.87211,26.0,24.5,878.7,118.66,1.5
26220.0,1309.2,359.74,0.04,359.74,40.73434,-111.87211,26.0,24.4,878.7,126.68,1.4
26280.0,1309.2,359.97,0.04,359.97,40.73434,-111.87211,26.0,24.5,878.7,140.17,1.4
26340.0,1309.4,0.35,0.04,0.35,40.73434,-111.87211,26.0,24.7,878.6,127.01,1.2
26400.0,1309.5,359.99,0.05,359.99,40.73434,-111.87211,26.0,24.9,878.7,106.62,0.8
26460.0,1309.5,359.47,0.05,359.47,40.73434,-111.87211,26.0,24.8,878.7,97.32,0.5
26520.0,1309.5,359.07,0.05,359.07,40.73434,-111.87211,25.9,24.9,878.7,119.36,0.9
26580.0,1309.5,358.98,0.05,358.98,40.73434,-111.87211,25.9,24.8,878.7,128.45,1.0
26640.0,1309.5,359.78,0.04,359.78,40.73434,-111.87211,25.9,24.6,878.7,112.74,1.3
26700.0,1309.5,359.42,0.04,359.42,40.73434,-111.87211,25.9,24.5,878.7,105.36,1.0
26760.0,1309.6,359.40,0.05,359.40,40.73434,-111.87211,25.9,24.3,878.7,108.59,2.1
26820.0,1309.5,358.91,0.05,358.91,40.73434,-111.87211,26.1,24.2,878.7,109.03,1.5
26880.0,1309.6,358.49,0.05,358.49,40.73434,-111.87211,26.1,24.5,878.7,114.64,0.7
26940.0,1309.7,359.10,0.05,359.10,40.73434,-111.87211,26.2,24.4,878.7,122.05,1.0
27000.0,1309.7,359.60,0.05,359.60,40.73434,-111.87211,26.2,24.1,878.7,121.24,1.7
27060.0,1309.8,359.30,0.05,359.30,40.73434,-111.87211,26.3,24.1,878.7,123.83,1.7
27120.0,1309.8,358.81,0.05,358.81,40.73434,-111.87211,26.3,24.4,878.7,119.54,2.1
27180.0,1309.7,359.49,0.05,359.49,40.73434,-111.87211,26.4,24.0,878.7,120.59,2.7
27240.0,1309.8,359.13,0.05,359.13,40.73434,-111.87211,26.5,23.9,878.7,120.87,2.8
27300.0,1309.7,359.29,0.05,359.29,40.73434,-111.87211,26.5,23.6,878.7,126.15,2.8
27360.0,1309.6,359.57,0.05,359.57,40.73434,-111.87211,26.6,23.9,878.7,134.24,2.4
27420.0,1310.3,359.83,0.05,359.83,40.73434,-111.87211,26.6,23.9,878.7,134.00,2.7
27480.0,1310.0,359.89,0.06,359.89,40.73434,-111.87211,26.7,23.5,878.7,130.02,2.9
27540.0,1309.9,359.94,0.05,359.94,40.73434,-111.87211,26.8,23.5,878.7,127.74,2.7
27600.0,1309.5,0.31,0.05,0.31,40.73434,-111.87211,26.8,24.0,878.7,139.70,2.6
27660.0,1309.1,0.29,0.05,0.29,40.73434,-111.87211,26.8,23.7,878.7,137.42,2.6
27720.0,1309.3,0.10,0.06,0.10,40.73434,-111.87211,26.8,23.5,878.7,152.23,2.8
27780.0,1309.5,0.09,0.05,0.09,40.73434,-111.87211,26.8,24.3,878.7,130.66,2.6
27840.0,1309.3,0.10,0.04,0.10,40.73434,-111.87211,26.8,24.0,878.7,132.43,3.2
27900.0,1309.4,0.06,0.05,0.06,40.73434,-111.87211,26.8,23.8,878.7,135.45,2.9
27960.0,1309.3,359.51,0.05,359.51,40.73434,-111.87211,26.8,24.4,878.7,130.26,2.2
28020.0,1309.7,359.57,0.04,359.57,40.73434,-111.87211,26.7,23.9,878.7,138.50,3.0
28080.0,1309.2,359.99,0.05,359.99,40.73434,-111.87211,26.8,23.9,878.7,133.53,3.7
28140.0,1309.1,359.63,0.05,359.63,40.73434,-111.87211,26.8,23.7,878.7,131.54,3.4
28200.0,1309.0,359.86,0.04,359.86,40.73434,-111.87211,26.8,23.6,878.7,126.25,3.6
28260.0,1308.7,359.73,0.05,359.73,40.73434,-111.87211,26.8,23.6,878.7,134.31,4.0
28320.0,1308.9,359.57,0.05,359.57,40.73434,-111.87211,26.8,23.6,878.7,128.96,3.4
28380.0,1309.1,359.55,0.04,359.55,40.73434,-111.87211,26.9,23.5,878.7,134.43,3.3
28440.0,1309.1,0.05,0.05,0.05,40.73434,-111.87211,26.9,23.4,878.7,130.18,3.0
28500.0,1309.3,0.11,0.05,0.11,40.73434,-111.87211,27.0,23.5,878.7,129.37,3.0
28560.0,1309.6,0.18,0.04,0.18,40.73434,-111.87211,27.0,23.3,878.7,146.46,2.7
28620.0,1309.4,0.14,0.05,0.14,40.73434,-111.87211,27.0,23.5,878.7,128.56,3.0
28680.0,1309.5,0.26,0.05,0.26,40.73434,-111.87211,27.0,24.1,878.8,141.87,2.4
28740.0,1309.5,0.08,0.04,0.08,40.73434,-111.87211,27.0,23.6,878.7,145.49,2.0
28800.0,1309.4,0.16,0.04,0.16,40.73434,-111.87211,27.0,23.7,878.7,147.02,2.4
28860.0,1309.4,360.00,0.05,360.00,40.73434,-111.87211,27.1,23.4,878.7,148.17,2.6
28920.0,1309.3,359.63,0.05,359.63,40.73434,-111.87211,26.9,23.8,878.7,125.52,3.5
28980.0,1309.4,359.20,0.05,359.20,40.73434,-111.87211,26.9,23.4,878.8,128.00,3.6
29040.0,1309.2,359.57,0.05,359.57,40.73434,-111.87211,27.0,23.5,878.8,131.23,3.2
29100.0,1309.1,359.87,0.05,359.87,40.73434,-111.87211,27.0,23.3,878.8,128.46,3.5
29160.0,1309.0,359.67,0.05,359.67,40.73434,-111.87211,27.0,23.2,878.8,135.32,3.7
29220.0,1308.7,359.90,0.04,359.90,40.73434,-111.87211,27.0,23.6,878.8,133.50,3.2
29280.0,1308.5,0.30,0.04,0.30,40.73434,-111.87211,27.0,23.5,878.8,124.08,3.4
29340.0,1308.4,0.06,0.04,0.06,40.73434,-111.87211,27.0,23.4,878.8,132.82,2.5
29400.0,1308.4,0.40,0.04,0.40,40.73434,-111.87211,26.9,23.7,878.8,124.49,2.9
29460.0,1308.4,0.15,0.05,0.15,40.73434,-111.87211,26.9,23.5,878.8,118.09,1.5
29520.0,1308.4,0.09,0.05,0.09,40.73434,-111.87211,27.0,23.5,878.8,126.77,1.7
29580.0,1308.2,0.21,0.05,0.21,40.73434,-111.87210,27.0,24.0,878.8,136.17,2.1
29640.0,1308.2,359.85,0.05,359.85,40.73434,-111.87210,26.9,24.1,878.8,122.38,1.7
29700.0,1308.1,359.53,0.05,359.53,40.73434,-111.87210,26.9,23.5,878.8,120.47,1.3
29760.0,1308.3,359.73,0.05,359.73,40.73434,-111.87210,26.9,23.8,878.8,136.56,1.6
29820.0,1308.2,0.32,0.05,0.32,40.73434,-111.87210,26.9,23.7,878.8,156.64,1.8
29880.0,1308.1,0.23,0.05,0.23,40.73434,-111.87210,27.0,23.5,878.8,165.11,1.4
29940.0,1307.9,359.60,0.05,359.60,40.73434,-111.87210,27.0,23.4,878.8,123.17,1.6
30000.0,1307.7,0.20,0.04,0.20,40.73434,-111.87210,27.1,23.5,878.7,163.42,1.6
30060.0,1307.7,0.39,0.05,0.39,40.73434,-111.87210,27.1,23.4,878.7,154.91,2.2
30120.0,1307.7,0.54,0.04,0.54,40.73434,-111.87210,27.1,23.6,878.7,151.65,2.5
30180.0,1307.7,0.42,0.04,0.42,40.73434,-111.87210,27.1,23.6,878.7,149.82,1.7
30240.0,1307.7,0.01,0.04,0.01,40.73434,-111.87210,27.1,24.1,878.7,137.56,1.4
30300.0,1307.6,359.71,0.04,359.71,40.73434,-111.87210,27.1,23.7,878.7,138.83,1.2
30360.0,1307.7,0.21,0.05,0.21,40.73434,-111.87210,27.1,23.8,878.6,152.26,1.4
30420.0,1307.8,359.88,0.05,359.88,40.73434,-111.87211,27.0,24.0,878.7,113.70,1.4
30480.0,1307.8,359.42,0.04,359.42,40.73434,-111.87211,27.0,24.1,878.7,140.90,1.5
30540.0,1307.8,359.34,0.05,359.34,40.73434,-111.87211,26.9,24.1,878.7,127.80,1.4
30600.0,1307.4,359.97,0.04,359.97,40.73434,-111.87210,26.9,24.0,878.7,126.23,1.4
30660.0,1308.0,0.14,0.05,0.14,40.73434,-111.87211,26.9,24.0,878.7,123.34,2.0
30720.0,1308.3,0.11,0.05,0.11,40.73434,-111.87211,26.9,24.2,878.7,128.83,1.8
30780.0,1308.6,359.48,0.05,359.48,40.73433,-111.87211,26.8,24.4,878.7,116.00,1.5
30840.0,1308.8,359.23,0.05,359.23,40.73434,-111.87211,26.8,24.2,878.7,119.81,2.4
30900.0,1308.9,358.51,0.06,358.51,40.73433,-111.87211,26.9,23.9,878.7,103.91,0.9
30960.0,1308.6,359.56,0.06,359.56,40.73434,-111.87211,26.8,23.9,878.7,119.00,2.2
31020.0,1309.2,359.93,0.06,359.93,40.73434,-111.87211,26.9,23.9,878.7,125.36,3.0
31080.0,1309.3,359.43,0.05,359.43,40.73434,-111.87211,26.9,23.9,878.7,113.33,1.9
31140.0,1309.2,359.12,0.05,359.12,40.73434,-111.87211,26.9,24.2,878.7,126.98,2.3
31200.0,1309.2,359.25,0.05,359.25,40.73434,-111.87211,26.9,24.1,878.7,111.33,1.8
31260.0,1309.1,359.29,0.05,359.29,40.73434,-111.87211,26.9,23.9,878.7,117.66,1.5
31320.0,1309.0,358.93,0.05,358.93,40.73434,-111.87211,26.9,24.1,878.7,129.91,1.4
31380.0,1309.0,359.01,0.05,359.01,40.73434,-111.87211,26.9,24.2,878.6,148.95,3.1
31440.0,1309.0,358.29,0.04,358.29,40.73434,-111.87211,26.8,24.5,878.7,120.78,2.2
31500.0,1309.1,358.39,0.04,358.39,40.73434,-111.87211,26.8,24.1,878.7,122.54,1.9
31560.0,1309.2,358.74,0.05,358.74,40.73434,-111.87211,26.9,24.1,878.7,144.50,2.5
31620.0,1309.2,359.13,0.04,359.13,40.73434,-111.87211,26.8,24.4,878.7,126.24,3.2
31680.0,1309.2,359.54,0.05,359.54,40.73434,-111.87211,26.8,24.4,878.7,118.06,2.7
31740.0,1309.3,359.69,0.05,359.69,40.73434,-111.87211,26.8,24.3,878.7,115.76,1.6
31800.0,1309.4,359.86,0.05,359.86,40.73434,-111.87211,26.8,24.3,878.7,126.24,2.3
31860.0,1309.3,0.01,0.05,0.01,40.73434,-111.87211,26.8,24.6,878.7,98.24,1.2
31920.0,1309.3,359.43,0.05,359.43,40.73434,-111.87211,26.7,24.4,878.7,106.57,1.0
31980.0,1309.3,359.37,0.05,359.37,40.73434,-111.87211,26.7,24.3,878.7,94.96,1.4
32040.0,1309.4,359.99,0.05,359.99,40.73434,-111.87211,26.6,24.4,878.7,103.10,1.9
32100.0,1309.4,0.06,0.05,0.06,40.73434,-111.87211,26.6,24.3,878.7,110.57,2.0
32160.0,1309.2,0.27,0.05,0.27,40.73434,-111.87211,26.7,24.4,878.7,108.34,1.9
32220.0,1309.2,0.50,0.05,0.50,40.73434,-111.87211,26.7,24.5,878.7,109.62,1.7
32280.0,1309.1,0.59,0.05,0.59,40.73434,-111.87211,26.6,24.4,878.8,107.45,2.4
32340.0,1309.0,0.56,0.05,0.56,40.73434,-111.87211,26.6,24.7,878.7,123.96,2.5
32400.0,1308.9,359.86,0.04,359.86,40.73434,-111.87211,26.6,24.6,878.8,116.88,2.9
32460.0,1308.9,0.39,0.05,0.39,40.73434,-111.87211,26.6,24.7,878.7,116.73,2.6
32520.0,1308.8,0.81,0.06,0.81,40.73434,-111.87211,26.6,24.8,878.8,116.53,3.2
32580.0,1308.7,0.76,0.05,0.76,40.73434,-111.87211,26.5,24.7,878.8,108.72,3.2
32640.0,1308.6,0.52,0.04,0.52,40.73434,-111.87211,26.5,24.8,878.7,127.26,3.9
32700.0,1308.6,0.03,0.05,0.03,40.73434,-111.87211,26.5,25.0,878.8,123.20,3.2
32760.0,1308.6,359.79,0.05,359.79,40.73434,-111.87211,26.4,24.9,878.8,128.15,4.1
32820.0,1308.6,359.38,0.05,359.38,40.73434,-111.87211,26.4,24.9,878.8,127.28,3.8
32880.0,1308.5,359.53,0.05,359.53,40.73434,-111.87211,26.4,25.1,878.8,125.47,2.8
32940.0,1308.5,359.91,0.05,359.91,40.73434,-111.87211,26.3,25.0,878.8,117.22,3.1
33000.0,1308.5,359.80,0.04,359.80,40.73434,-111.87211,26.4,25.0,878.8,122.30,2.8
33060.0,1308.5,359.46,0.05,359.46,40.73434,-111.87211,26.4,25.2,878.7,126.01,2.4
33120.0,1308.4,358.97,0.04,358.97,40.73434,-111.87211,26.3,25.2,878.7,114.65,4.3
33180.0,1308.4,358.85,0.04,358.85,40.73434,-111.87211,26.2,25.3,878.7,113.33,4.0
33240.0,1308.4,358.57,0.04,358.57,40.73434,-111.87211,26.2,25.3,878.7,109.32,3.0
33300.0,1308.4,358.84,0.06,358.84,40.73434,-111.87211,26.2,25.4,878.7,119.67,2.9
33360.0,1308.3,358.97,0.05,358.97,40.73434,-111.87211,26.2,25.4,878.7,118.79,3.5
33420.0,1308.2,359.08,0.05,359.08,40.73434,-111.87211,26.2,25.1,878.7,109.09,3.4
33480.0,1308.3,358.96,0.05,358.96,40.73434,-111.87211,26.2,25.2,878.7,117.97,4.0
33540.0,1308.4,358.34,0.05,358.34,40.73434,-111.87211,26.2,25.5,878.7,122.10,3.0
33600.0,1308.4,358.77,0.05,358.77,40.73434,-111.87211,26.2,25.3,878.6,111.60,2.2
33660.0,1308.3,359.34,0.05,359.34,40.73434,-111.87211,26.2,25.3,878.7,116.38,3.0
33720.0,1308.3,359.51,0.04,359.51,40.73434,-111.87211,26.2,25.3,878.7,117.35,3.1
33780.0,1308.4,359.59,0.04,359.59,40.73434,-111.87211,26.2,25.4,878.7,121.66,2.6
33840.0,1308.3,359.79,0.05,359.79,40.73434,-111.87211,26.2,25.5,878.8,111.34,2.5
33900.0,1308.3,359.75,0.04,359.75,40.73434,-111.87211,26.2,25.3,878.8,111.83,2.4
33960.0,1308.4,359.95,0.04,359.95,40.73434,-111.87211,26.2,25.3,878.8,117.21,2.9
34020.0,1308.4,359.72,0.05,359.72,40.73434,-111.87211,26.2,25.4,878.8,118.51,3.6
34080.0,1308.4,359.19,0.05,359.19,40.73434,-111.87211,26.1,25.3,878.8,118.92,4.0
34140.0,1308.5,358.67,0.05,358.67,40.73434,-111.87211,26.2,25.5,878.8,128.71,3.0
34200.0,1308.6,358.83,0.05,358.83,40.73434,-111.87211,26.1,25.5,878.8,127.26,2.8
34260.0,1308.7,358.70,0.04,358.70,40.73434,-111.87211,26.1,25.5,878.8,130.77,2.8
34320.0,1308.7,359.08,0.04,359.08,40.73434,-111.87211,26.1,25.8,878.8,132.14,1.9
34380.0,1308.7,359.20,0.04,359.20,40.73434,-111.87211,26.1,25.9,878.8,138.43,2.2
34440.0,1308.8,358.92,0.04,358.92,40.73434,-111.87211,26.1,25.6,878.8,155.69,2.5
34500.0,1308.9,359.31,0.05,359.31,40.73434,-111.87211,26.1,25.6,878.8,140.96,2.7
34560.0,1309.0,359.24,0.04,359.24,40.73434,-111.87211,26.1,25.5,878.8,150.29,3.2
34620.0,1309.0,358.87,0.04,358.87,40.73434,-111.87211,26.0,25.8,878.8,139.21,2.7
34680.0,1309.2,358.26,0.05,358.26,40.73434,-111.87211,26.0,25.9,878.8,131.08,2.8
34740.0,1309.3,358.70,0.05,358.70,40.73434,-111.87211,26.0,25.8,878.8,153.99,2.7
34800.0,1309.4,358.90,0.05,358.90,40.73434,-111.87211,26.0,25.8,878.8,158.03,2.9
34860.0,1309.4,358.79,0.04,358.79,40.73434,-111.87211,26.0,25.8,878.9,157.18,2.6
34920.0,1309.5,358.64,0.05,358.64,40.73434,-111.87211,26.0,25.9,878.9,158.81,1.9
34980.0,1309.4,358.82,0.06,358.82,40.73434,-111.87211,26.0,26.0,878.9,168.08,2.1
35040.0,1309.3,359.32,0.05,359.32,40.73434,-111.87212,26.0,25.9,878.9,148.48,2.2
35100.0,1309.2,359.02,0.05,359.02,40.73434,-111.87212,25.9,26.2,878.9,135.32,2.0
35160.0,1309.2,358.68,0.05,358.68,40.73434,-111.87212,25.9,26.4,878.9,140.37,2.4
35220.0,1309.0,359.26,0.05,359.26,40.73434,-111.87212,25.8,26.4,878.9,152.10,2.1
35280.0,1309.0,359.78,0.05,359.78,40.73434,-111.87212,25.8,26.1,879.0,180.72,2.4
35340.0,1308.9,0.17,0.06,0.17,40.73434,-111.87212,25.8,26.2,879.0,172.80,2.7
35400.0,1309.0,359.86,0.05,359.86,40.73434,-111.87212,25.8,26.4,879.0,183.79,2.6
35460.0,1309.0,0.30,0.05,0.30,40.73434,-111.87212,25.8,26.5,879.0,172.84,1.8
35520.0,1309.1,0.04,0.04,0.04,40.73434,-111.87212,25.8,26.3,879.0,151.71,1.7
35580.0,1309.0,359.73,0.05,359.73,40.73434,-111.87212,25.6,26.7,879.0,125.32,3.1
35640.0,1309.0,0.34,0.05,0.34,40.73434,-111.87212,25.6,26.7,879.1,133.22,2.6
35700.0,1309.0,0.79,0.05,0.79,40.73434,-111.87212,25.5,26.7,879.1,130.80,2.2
35760.0,1309.2,1.58,0.04,1.58,40.73434,-111.87212,25.4,27.6,879.1,134.15,2.4
35820.0,1309.7,1.38,0.05,1.38,40.73434,-111.87211,25.3,27.5,879.0,148.53,2.4
35880.0,1309.6,1.48,0.04,1.48,40.73434,-111.87211,25.2,27.8,879.0,145.11,2.3
35940.0,1309.8,1.29,0.04,1.29,40.73434,-111.87211,25.2,27.8,879.0,149.64,2.5
36000.0,1309.7,0.88,0.04,0.88,40.73434,-111.87211,25.1,28.0,879.0,157.44,2.9
36060.0,1309.8,0.65,0.05,0.65,40.73434,-111.87211,25.1,28.1,879.1,157.07,2.3
36120.0,1309.7,0.80,0.04,0.80,40.73434,-111.87211,25.0,28.2,879.1,168.41,2.4
36180.0,1309.9,0.76,0.05,0.76,40.73434,-111.87211,24.9,28.3,879.1,162.67,2.6
36240.0,1309.9,0.52,0.04,0.52,40.73434,-111.87211,24.8,28.6,879.0,140.76,2.1
36300.0,1309.9,359.92,0.05,359.92,40.73434,-111.87211,24.7,28.7,879.0,122.70,2.2
36360.0,1309.9,359.49,0.05,359.49,40.73434,-111.87211,24.7,28.8,879.1,129.73,1.9
36420.0,1309.9,359.35,0.05,359.35,40.73434,-111.87211,24.6,28.8,879.0,126.42,2.0
