CampaignData_and_Merges/R0/CSL_MobileLab_Parked/raw/20240724/USOS-POPS_MobileLabGround_20240724_R0.ict
78, 1001
Thornberry, T. D.
NOAA Chemical Sciences Laboratory
Portable Optical Particle Spectrometer (POPS)
USOS
1, 1
2024, 07, 24, 2025, 05, 08
60
Time_Start, seconds_past_midnight, Start time of measurement
45
1, 1, 1, 1, 1, 1, 1, 1, 1, 1, 1, 1, 1, 1, 1, 1, 1, 1, 1, 1, 1, 1, 1, 1, 1, 1, 1, 1, 1, 1, 1, 1, 1, 1, 1, 1, 1, 1, 1, 1, 1, 1, 1, 1, 1
-9999, -9999, -9999, -9999, -9999, -9999, -9999, -9999, -9999, -9999, -9999, -9999, -9999, -9999, -9999, -9999, -9999, -9999, -9999, -9999, -9999, -9999, -9999, -9999, -9999, -9999, -9999, -9999, -9999, -9999, -9999, -9999, -9999, -9999, -9999, -9999, -9999, -9999, -9999, -9999, -9999, -9999, -9999, -9999, -9999
Time_Stop, seconds_past_midnight, Stop time of measurement
Time_Mid, seconds_past_midnight, Mid time of measurement
Press_mb, mb, Pressure reported (mb)
Temp_C, degrees C, POPS temperature measurement
Aerosol_concentration, cm^-3, Aerosol concentration
Surface_Area_Conc, um^2 cm^-3, Surface area concentration
Volume_density, um^3 cm^-3, Volume density
Effective_radius, um, Effective radius
Extinction, km^-1, Extinction
Bin01, cm^-3, particle concentration in size range [1401 - 146.3 nm]
Bin02, cm^-3, particle concentration in size range [146.3 - 152.8 nm]
Bin03, cm^-3, particle concentration in size range [152.8 - 159.6 nm]
Bin04, cm^-3, particle concentration in size range [159.6 - 166.8 nm]
Bin05, cm^-3, particle concentration in size range [166.8 - 174.2 nm]
Bin06, cm^-3, particle concentration in size range [174.2 - 181.9 nm]
Bin07, cm^-3, particle concentration in size range [181.9 - 190.0 nm]
Bin08, cm^-3, particle concentration in size range [190.0 - 198.5 nm]
Bin09, cm^-3, particle concentration in size range [198.5 - 207.4 nm]
Bin10, cm^-3, particle concentration in size range [207.4 - 216.6 nm]
Bin11, cm^-3, particle concentration in size range [216.6 - 226.2 nm]
Bin12, cm^-3, particle concentration in size range [226.2 - 236.3 nm]
Bin13, cm^-3, particle concentration in size range [236.3 - 246.8 nm]
Bin14, cm^-3, particle concentration in size range [246.8 - 257.8 nm]
Bin15, cm^-3, particle concentration in size range [257.8 - 269.3 nm]
Bin16, cm^-3, particle concentration in size range [269.3 - 343.4 nm]
Bin17, cm^-3, particle concentration in size range [343.4 - 450.7 nm]
Bin18, cm^-3, particle concentration in size range [450.7 - 525.9 nm]
Bin19, cm^-3, particle concentration in size range [525.9 - 618.5 nm]
Bin20, cm^-3, particle concentration in size range [618.5 - 710.0 nm]
Bin21, cm^-3, particle concentration in size range [710.0 - 822.7 nm]
Bin22, cm^-3, particle concentration in size range [822.7 - 885.9 nm]
Bin23, cm^-3, particle concentration in size range [885.9 - 953.9 nm]
Bin24, cm^-3, particle concentration in size range [953.9 - 1027.2 nm]
Bin25, cm^-3, particle concentration in size range [1027.2 - 1106.1 nm]
Bin26, cm^-3, particle concentration in size range [1106.1 - 1191.0 nm]
Bin27, cm^-3, particle concentration in size range [1191.0 - 1282.5 nm]
Bin28, cm^-3, particle concentration in size range [1282.5 - 1381.0 nm]
Bin29, cm^-3, particle concentration in size range [1381.0 - 1487.1 nm]
Bin30, cm^-3, particle concentration in size range [1487.1 - 1601.3 nm]
Bin31, cm^-3, particle concentration in size range [1601.3 - 1724.3 nm]
[...]
PLATFORM: NOAA CSL Mobile Lab
LOCATION: USOS
ASSOCIATED_DATA: N/A
INSTRUMENT_INFO: Printed Optical Particle Spectrometer counts particles from 140 - 2500 nm in diameter 
DATA_INFO: Particle concentrations reported in number per cubic centimeter,1 Hz data
UNCERTAINTY: Counting uncertainty dominated by air flow, less than 5 percent. Measurement range is ~0 - 3000 per cm3 (varies depending on flow rate- manufacturer quotes 1250 per cm3 at 1.667 cc/s)
ULOD_FLAG: -7777
ULOD_VALUE: N/A
LLOD_FLAG: -8888
LLOD_VALUE: N/A
DM_CONTACT_INFO: Troy Thornberry, 325 Broadway R/CSL6, Boulder, CO 80305; troy.thornberry@noaa.gov; 303-497-3373
PROJECT_INFO: USOS, Utah POPS data from NOAA CSL Mobile Lab
STIPULATIONS_ON_USE: Please contact the PIs for questions regarding applications and uncertainties
OTHER_COMMENTS: POPS bin Edges (nm):  140.1, 146.3, 152.8, 159.6, 166.8, 174.2, 181.9, 190.0, 198.5, 207.4, 216.6, 226.2, 236.3, 246.8, 257.8, 269.3, 343.4, 450.7, 525.9, 618.5, 710.0, 822.7, 885.9, 953.9, 1027.2, 1106.1, 1191.0, 1282.5, 1381.0, 1487.1, 1601.3, 1724.3, 1856.7, 1999.3, 2152.8, 2318.2, 2496.2
Calculations assume organic aerosol refractive index of 1.52+0.00j and extinction wavelength = 532 nm
REVISION: R0
R0: Final data
Time_Start, Time_Stop, Time_Mid, Press_mb, Temp_C, Aerosol_concentration, Surface_Area_Conc, Volume_density, Effective_radius, Extinction, Bin01, Bin02, Bin03, Bin04, Bin05, Bin06, Bin07, Bin08, Bin09, Bin10, Bin11, Bin12, Bin13, Bin14, Bin15, Bin16, Bin17, Bin18, Bin19, Bin20, Bin21, Bin22, Bin23, Bin24, Bin25, Bin26, Bin27, Bin28, Bin29, Bin30, Bin31, Bin32, Bin33, Bin34, Bin35, Bin36
[from data line 385]
23100,23159,23130,874.089,34.120,623.017,128.317,7.151,0.167,0.047,29.165968,29.338120,29.238928,29.519974,29.825180,29.837135,30.100266,29.168673,28.931412,29.120333,30.168468,31.771887,33.262856,33.439999,29.112091,112.440659,42.969402,10.703378,3.616669,0.502484,0.309439,0.118419,0.055968,0.056211,0.028078,0.022822,0.022288,0.011362,0.005707,0.034526,0.016492,0.017283,0.028216,0.011155,0.022478,0.022692
23160,23219,23190,874.085,34.131,621.685,127.312,6.814,0.160,0.046,30.174028,29.012184,28.866816,29.532375,30.384398,30.078587,28.980675,29.788258,29.080835,28.676777,30.108744,31.590168,33.020111,32.997684,29.502068,111.889229,41.566734,11.202491,3.980390,0.500736,0.313668,0.105784,0.072068,0.055090,0.044181,0.033322,0.016707,0.033109,0.005537,0.016820,0.010860,0.005519,0.022204,0.000000,0.010958,0.005429
23220,23279,23250,874.102,34.299,622.043,127.491,7.000,0.164,0.046,30.002268,29.510515,28.721819,29.848658,30.450146,29.665342,28.712593,30.141594,29.648401,29.686920,29.395470,30.781591,32.400688,32.993587,29.067142,113.262077,42.039726,11.029025,3.558107,0.396018,0.270538,0.069499,0.068689,0.069225,0.028561,0.034582,0.040700,0.023108,0.022819,0.017226,0.017078,0.017012,0.011610,0.000000,0.017698,0.023241
23280,23339,23310,874.132,34.419,621.723,128.120,7.089,0.165,0.047,30.266157,29.365311,29.644754,30.183764,30.121477,30.105150,28.585199,28.524162,29.298416,29.418650,29.861895,31.700109,32.252220,32.877872,29.187483,111.572311,42.582703,10.944458,3.874284,0.436860,0.322346,0.106533,0.124214,0.068553,0.040366,0.044751,0.039142,0.027982,0.017202,0.027957,0.034015,0.016837,0.016653,0.011395,0.011225,0.010974
23340,23399,23370,874.150,34.422,622.732,128.403,7.126,0.166,0.047,29.809500,29.891840,29.294758,29.358734,30.272964,29.847376,29.806871,29.649069,28.722761,29.691177,29.019184,31.423178,32.598560,32.670372,29.861015,112.631393,41.872787,11.192507,3.711237,0.480977,0.320604,0.148184,0.089523,0.077327,0.029407,0.046863,0.017800,0.046707,0.018059,0.011842,0.030416,0.012169,0.029557,0.023815,0.023680,0.000000
23400,23459,23430,874.168,34.346,626.032,128.340,7.026,0.164,0.047,30.861156,29.652319,29.902733,29.805626,30.667318,29.604362,29.445946,29.798120,28.812658,30.411268,29.430878,31.197365,33.308723,32.964672,28.738636,113.182503,42.339569,11.141311,3.460306,0.483660,0.294318,0.134250,0.065990,0.061959,0.050440,0.022241,0.022097,0.021975,0.044425,0.016456,0.021952,0.000000,0.011109,0.022061,0.016551,0.016762
23460,23519,23490,874.191,34.284,627.386,129.330,7.138,0.165,0.047,30.397423,29.484978,30.048872,29.947683,30.270779,30.186174,30.016769,29.930485,28.950302,29.593506,29.598379,31.576336,32.995518,32.875454,29.219900,112.983932,42.937344,11.037588,3.971141,0.462387,0.294975,0.132923,0.105033,0.044874,0.056146,0.056401,0.016569,0.022029,0.055257,0.033525,0.022361,0.011130,0.016802,0.010941,0.005612,0.016148
23520,23579,23550,874.206,34.219,626.054,128.936,7.179,0.167,0.047,30.319857,29.729893,29.654232,29.927668,30.323765,30.290419,29.243265,30.094759,29.057991,29.081059,29.855915,31.543736,32.561668,33.113853,29.119984,113.473068,42.091339,11.371038,3.766581,0.555171,0.339379,0.155178,0.074500,0.028235,0.057818,0.062808,0.000000,0.011458,0.017235,0.017154,0.011160,0.034763,0.033910,0.017345,0.011499,0.005945
23580,23639,23610,874.213,34.183,623.362,128.060,6.972,0.163,0.047,30.148809,29.726248,29.442020,30.261089,30.556335,29.746811,29.513262,29.876192,29.322037,29.338287,28.927721,31.213440,32.755375,32.915485,28.978289,111.750320,42.790821,11.058187,3.623771,0.493533,0.334781,0.168707,0.091630,0.068365,0.039499,0.051471,0.028461,0.016810,0.022702,0.016478,0.028368,0.000000,0.028125,0.005503,0.011472,0.011283
23640,23699,23670,874.227,34.146,622.580,128.953,7.308,0.169,0.047,28.758926,29.227392,29.049202,30.362833,30.193935,30.447847,30.051552,29.350933,29.231394,29.236624,29.343273,31.101725,32.261734,32.650112,29.817642,112.298691,42.518364,11.500481,3.839891,0.421828,0.332611,0.177900,0.057404,0.057649,0.029474,0.034456,0.022979,0.034631,0.023270,0.017678,0.017295,0.034824,0.023286,0.011974,0.017823,0.022753
23700,23759,23730,874.236,34.108,620.606,128.440,7.389,0.172,0.047,29.957842,30.005106,29.193655,29.670198,30.028566,30.096581,29.867773,29.419628,28.535486,28.989048,29.726831,31.058132,32.847343,33.132526,29.425516,110.326401,42.433231,10.857475,3.682522,0.409283,0.236647,0.101112,0.094588,0.077774,0.073154,0.061205,0.023034,0.038955,0.033574,0.040284,0.045199,0.022185,0.028426,0.028085,0.016727,0.022363
23760,23819,23790,874.218,34.238,626.473,129.520,7.461,0.172,0.047,30.024330,29.901766,29.544855,29.459490,30.100098,30.124941,29.550003,29.848503,29.647223,29.368290,29.467377,31.116203,33.677555,34.030327,28.898233,113.701065,42.245605,10.565842,3.789187,0.489591,0.223368,0.188290,0.106432,0.060889,0.033312,0.044932,0.044403,0.016925,0.028364,0.028007,0.015966,0.038649,0.016650,0.021146,0.022418,0.032761
23820,23879,23850,874.229,34.386,624.160,129.168,7.416,0.171,0.047,29.966972,28.882885,30.505728,29.926865,30.571920,29.726147,29.512583,29.935061,28.804098,29.139671,29.920828,31.457075,32.573536,32.941761,29.059847,112.655449,42.367741,10.804598,3.898057,0.558216,0.316769,0.135374,0.113318,0.051250,0.034075,0.033501,0.040179,0.011062,0.028291,0.050624,0.028584,0.045375,0.005805,0.011691,0.016598,0.028367
23880,23939,23910,874.223,34.415,628.786,128.921,6.998,0.163,0.047,30.674648,29.865850,29.697083,30.583456,30.221758,30.485949,29.560772,30.295227,29.242716,29.177361,30.391487,31.661245,32.899544,32.978516,29.262739,112.330200,42.634892,11.472013,4.022037,0.472201,0.321369,0.155464,0.086591,0.080870,0.056565,0.028744,0.023298,0.017132,0.000000,0.017159,0.011227,0.029007,0.011095,0.005766,0.011809,0.000000
23940,23999,23970,874.241,34.344,627.281,129.553,7.290,0.168,0.048,30.094477,29.897476,29.855988,30.184885,30.346550,29.597494,30.490168,29.496992,29.470987,29.226089,29.732929,31.784721,32.781326,32.945560,29.838612,112.668289,42.263565,11.390299,3.668269,0.548996,0.356621,0.166877,0.083530,0.078332,0.050111,0.039032,0.033726,0.017017,0.027711,0.021533,0.027908,0.022358,0.033368,0.005727,0.005688,0.028078
24000,24059,24030,874.255,34.306,627.625,128.328,7.019,0.164,0.047,31.022688,29.840275,30.252108,29.597801,30.282452,30.293274,30.323372,29.689013,29.170544,29.544718,30.043270,31.789381,33.002319,32.431568,29.805948,112.306320,41.882954,11.345544,3.697490,0.412929,0.346257,0.142064,0.079527,0.067625,0.063276,0.039984,0.022945,0.005669,0.011689,0.022439,0.022362,0.033839,0.016946,0.011262,0.000000,0.005594
24060,24119,24090,874.255,34.253,616.375,127.058,7.125,0.168,0.046,30.245565,28.976374,28.642139,29.607424,30.230240,29.296345,29.077475,28.640245,28.604729,28.618979,28.856380,32.031364,32.636517,32.817337,29.475147,111.100380,41.625633,10.778294,3.706674,0.507664,0.289056,0.175889,0.090865,0.050754,0.028016,0.068508,0.045017,0.011338,0.005745,0.022308,0.016972,0.027656,0.023005,0.011227,0.005805,0.028106
24120,24179,24150,874.268,34.229,615.492,127.963,7.229,0.169,0.047,30.042988,28.797754,29.203299,28.683506,29.522881,28.952621,28.943584,28.427042,28.401232,28.796684,29.196468,31.742353,32.174103,33.021366,29.089691,112.307030,41.638721,11.253638,3.859295,0.452191,0.321565,0.117784,0.106851,0.051208,0.078668,0.043904,0.045344,0.022409,0.028005,0.034281,0.056636,0.022458,0.022418,0.011550,0.005650,0.016969
24180,24239,24210,874.272,34.197,614.796,127.648,7.224,0.169,0.047,29.057409,28.651438,29.167843,29.081984,29.467348,29.201544,28.689449,28.960747,29.243853,28.886023,28.986628,31.063871,32.209854,32.642910,29.580004,111.455978,42.223618,11.111135,3.662282,0.567869,0.328035,0.105583,0.067187,0.067219,0.039112,0.011047,0.016630,0.065672,0.022661,0.033859,0.033442,0.021843,0.022584,0.005376,0.021826,0.021875
24240,24299,24270,874.264,34.179,618.717,128.142,7.258,0.169,0.047,29.664679,29.724533,28.639874,29.275068,28.705568,29.907888,29.393738,29.230427,29.019464,28.701420,28.692274,31.712278,33.204041,33.048100,29.375044,112.707069,40.985249,11.381230,3.970008,0.480316,0.311787,0.128751,0.099833,0.083385,0.038985,0.022758,0.033384,0.016483,0.005708,0.028591,0.016761,0.034207,0.011338,0.033434,0.016748,0.016384
24300,24359,24330,874.256,34.294,619.380,128.304,7.150,0.167,0.047,29.406582,29.053402,28.744333,29.224293,29.858622,29.700512,29.043337,29.519394,28.663631,29.044167,29.826536,31.453747,33.477146,33.104031,29.741169,111.144615,41.826118,11.206263,3.731467,0.620105,0.310810,0.138195,0.120631,0.102848,0.045593,0.034581,0.052695,0.028879,0.023056,0.046535,0.023165,0.011672,0.005925,0.017296,0.011257,0.017320
24360,24419,24390,874.258,34.431,616.616,128.053,7.328,0.171,0.047,29.448511,29.067514,29.065393,28.964876,29.979218,28.570711,28.757614,29.032166,28.098694,29.381317,29.679962,30.845160,33.236721,33.222816,29.217876,112.735710,41.339127,10.922666,3.542483,0.487900,0.280952,0.183051,0.090970,0.056576,0.091410,0.017047,0.022475,0.046156,0.040363,0.029033,0.075775,0.028816,0.011169,0.005805,0.016802,0.023261
24420,24479,24450,874.256,34.466,618.827,128.751,7.471,0.174,0.047,29.130529,28.659990,28.511311,30.020489,29.689276,29.505196,29.222038,29.208441,28.352230,29.028503,28.763014,32.002647,33.464741,32.923939,30.025486,112.554161,41.251118,11.152685,3.996442,0.435284,0.256637,0.155421,0.082646,0.044628,0.044522,0.032927,0.055598,0.027961,0.027994,0.033937,0.044929,0.049727,0.022357,0.005574,0.016814,0.027861
24480,24539,24510,874.249,34.469,619.282,128.338,7.306,0.170,0.047,29.760714,28.537903,28.776228,29.510891,30.317059,29.672915,29.558521,29.398935,29.093483,29.434914,29.123383,30.790041,32.622925,32.942295,30.040688,111.114822,42.240322,11.038561,3.910497,0.451853,0.329808,0.152701,0.073836,0.067583,0.033959,0.039415,0.022518,0.028103,0.028109,0.033495,0.028126,0.034192,0.028079,0.011286,0.005485,0.028069
24540,24599,24570,874.269,34.450,616.472,127.997,7.245,0.169,0.047,29.765314,28.614735,28.239342,28.898113,29.299809,29.233515,29.019966,29.515739,28.779837,28.640745,29.119364,30.970942,32.828144,33.262169,29.066107,113.060356,42.623962,10.446174,3.661580,0.516933,0.299122,0.096488,0.084889,0.062533,0.045040,0.061968,0.045190,0.016656,0.033543,0.050496,0.027979,0.017029,0.005650,0.005765,0.033926,0.022696
24600,24659,24630,874.252,34.342,625.251,129.197,7.315,0.169,0.047,30.722059,29.486427,29.095676,30.357887,30.452845,29.361523,28.879335,29.602476,29.338633,29.412415,29.666742,31.521730,33.329319,33.300278,29.240522,113.877022,41.689194,10.631600,3.769338,0.553344,0.300118,0.127590,0.105150,0.100102,0.044480,0.027548,0.050178,0.028147,0.016930,0.022852,0.044171,0.005727,0.016806,0.011319,0.028039,0.033154
24660,24719,24690,874.247,34.276,631.333,129.320,7.090,0.164,0.047,30.473618,30.022612,29.998024,30.300966,31.134310,29.407343,29.874317,30.434816,29.730684,30.139620,30.033976,31.930799,33.045334,33.334534,29.588081,112.868446,42.899052,11.174296,3.640198,0.451559,0.312196,0.146826,0.090917,0.028613,0.039740,0.022180,0.034074,0.039913,0.016897,0.011085,0.051174,0.022828,0.011322,0.005726,0.000000,0.016569
24720,24779,24750,874.260,34.210,630.781,130.146,7.317,0.168,0.047,31.202763,29.657848,29.088484,29.812170,30.963360,30.642336,30.151665,29.282368,29.777470,29.078018,30.410095,31.332001,33.700924,33.494301,29.587330,114.166603,41.715881,11.509775,3.872143,0.384269,0.312121,0.133820,0.100958,0.072463,0.060455,0.038762,0.038430,0.044453,0.027610,0.028330,0.000000,0.011041,0.005631,0.016473,0.033045,0.027594
24780,24839,24810,874.252,34.239,626.290,129.594,7.353,0.170,0.048,30.358160,29.677114,29.734619,30.336462,31.202520,29.502941,29.661076,29.398119,28.816196,29.385002,29.660048,31.751167,32.696907,32.822453,29.556421,113.458794,41.817627,11.164755,3.850211,0.399602,0.327682,0.145535,0.116681,0.100848,0.044117,0.049977,0.022677,0.022131,0.032766,0.027935,0.061148,0.010903,0.016838,0.016676,0.016743,0.027521
24840,24899,24870,874.248,34.410,623.807,129.074,7.403,0.171,0.047,30.607718,29.836807,29.883783,29.475945,29.747820,29.492685,29.476521,29.429237,29.228626,29.069624,29.532328,31.668039,32.743965,32.770008,29.663372,113.977592,41.263138,10.821572,3.659374,0.390358,0.339179,0.167242,0.088813,0.055621,0.072034,0.061811,0.033135,0.045512,0.044553,0.027575,0.027893,0.016658,0.016616,0.005519,0.027173,0.039277
24900,24959,24930,874.262,34.459,624.272,128.492,7.248,0.169,0.047,31.109051,29.691515,29.700264,29.552750,29.922892,29.900105,28.867174,29.443378,28.922869,29.010275,30.410168,31.381323,33.098255,33.933590,29.941696,112.070335,41.589451,10.785263,3.500593,0.516469,0.319287,0.117475,0.088693,0.071418,0.044301,0.027909,0.022176,0.016589,0.027602,0.039347,0.054695,0.011067,0.028004,0.000000,0.038845,0.016799
24960,25019,24990,874.263,34.422,629.515,129.209,7.257,0.168,0.047,31.576031,30.502882,29.982811,30.120787,30.832182,30.124489,29.462145,29.128380,29.272104,30.066814,30.692657,31.367228,32.504116,33.513958,29.884518,112.747353,41.883099,10.636148,3.605252,0.598039,0.288602,0.196423,0.134895,0.067211,0.034230,0.050930,0.016642,0.045349,0.034095,0.016760,0.033017,0.033817,0.028364,0.016963,0.011345,0.005824
25020,25079,25050,874.271,34.347,628.463,129.576,7.351,0.170,0.047,30.085907,30.796095,30.472843,29.834274,30.874691,29.576649,29.587912,28.980055,29.194057,28.837572,29.288774,32.110905,32.995155,33.985786,29.873718,114.081680,41.843384,11.000591,3.646923,0.411826,0.366965,0.116630,0.078126,0.066119,0.038839,0.033003,0.028253,0.050120,0.011205,0.055086,0.033894,0.033847,0.044287,0.000000,0.005787,0.022100
25080,25139,25110,874.279,34.225,633.100,130.454,7.426,0.170,0.047,31.739252,30.123768,29.579153,30.596802,30.298836,30.348774,30.383177,29.372131,29.174984,29.595629,29.810755,32.952034,33.944965,33.985165,30.274969,113.213669,41.489346,11.147547,3.552167,0.497071,0.345755,0.170950,0.079102,0.051573,0.050405,0.017037,0.034023,0.039384,0.022757,0.044901,0.056152,0.005865,0.033529,0.022950,0.016930,0.028896
25140,25199,25170,874.287,34.163,633.936,129.619,7.150,0.165,0.047,30.458612,30.007298,30.174273,30.445431,30.052986,29.981731,30.373341,30.211622,30.095875,29.382008,30.358274,32.789070,33.263756,33.874237,29.617970,114.678917,42.408051,10.745418,3.592525,0.544956,0.292452,0.168991,0.105265,0.050204,0.055593,0.033829,0.016769,0.027431,0.022682,0.011281,0.016962,0.055963,0.005708,0.005394,0.011137,0.000000
25200,25259,25230,874.287,34.116,638.220,131.202,7.455,0.170,0.048,31.189310,31.387186,30.939800,31.329556,30.848301,30.244728,30.394518,30.224705,29.256861,30.297306,29.824425,32.174885,33.617699,32.979881,29.806692,115.129456,42.456577,10.954337,3.695142,0.456373,0.301417,0.147029,0.085435,0.074540,0.062644,0.062444,0.033670,0.022984,0.016941,0.040084,0.068676,0.039204,0.011348,0.022678,0.017006,0.005765
25260,25319,25290,874.279,34.116,640.704,131.752,7.428,0.169,0.048,31.823986,30.315338,30.512867,31.516132,30.834352,30.345240,30.439810,30.221205,29.397251,29.842484,30.554890,32.243782,33.746613,34.734993,30.073238,114.948082,42.736168,11.284889,3.663095,0.540066,0.295203,0.133942,0.100504,0.033700,0.066713,0.044586,0.011150,0.033070,0.021571,0.038721,0.061515,0.033414,0.016650,0.016657,0.005537,0.016856
25320,25379,25350,874.289,34.296,639.731,131.683,7.420,0.168,0.048,31.801544,31.393524,30.679838,30.111965,31.296045,29.984236,29.948704,30.425877,29.608908,30.143446,29.987432,32.403366,33.777004,34.052959,29.128992,115.380653,43.035076,11.317928,3.815605,0.540969,0.282214,0.110726,0.111573,0.088293,0.038447,0.033187,0.011002,0.022176,0.027695,0.027483,0.049946,0.033376,0.011130,0.022373,0.011038,0.016224
