CampaignData_and_Merges/R0/CSL_MobileLab_Parked/raw/20240724/USOS-MetNav_MobileLabGround_20240724_R0.ict
44, 1001
Carrie Womack, Nate Howard, Mike Zucker
NOAA Chemical Sciences Laboratory
Mobile Lab MetNav Station
USOS
1, 1
2024, 07, 24, 2024, 12, 21
60
Time_Start, seconds_past_midnight, Seconds from midnight UTC
11
1, 1, 1, 1, 1, 1, 1, 1, 1, 1, 1
-9999, -9999, -9999, -9999, -9999, -9999, -9999, -9999, -9999, -9999, -9999
GPS_Alt_m, meters, Altitude from Differential GPS
GPS_Course_deg, degrees, Course from Differential GPS
GPS_GndSpd_m_s, m/s, Ground Speed from Differential GPS
GPS_Heading_deg, degrees, Heading from Differential GPS
GPS_Lat_deg, degrees, Latitude from Differential GPS
GPS_Lon_deg, degrees, Longitude from Differential GPS
AirTemp_C, Celsius, Air Temperature from Airmar
RelHumidity_pct, percent, Relative Humidity from Airmar
Pressure_mb, millibars, Pressure from Honeywell
WindDir_calc_deg, degrees, Wind Direction from Airmar corrected for van movement
WindSpd_calc_m_s, m/s, Wind Speed from Airmar corrected for van movement
1
SPECIAL COMMENTS:
18
PI_CONTACT_INFO: Address: 325 Broadway R/CSL7, Boulder, CO, 80305
PLATFORM: CSL Mobile Lab
LOCATION: Salt Lake City, UT
ASSOCIATED_DATA: N/A
INSTRUMENT_INFO: N/A
DATA_INFO: Units:
UNCERTAINTY: N/A
ULOD_FLAG: -7777
ULOD_VALUE: N/A
LLOD_FLAG: -8888
LLOD_VALUE: N/A
DM_CONTACT_INFO: Data Manager: Nate Howard
PROJECT_INFO: 
STIPULATIONS_ON_USE: Use of these data require prior ok from PI.
OTHER_COMMENTS: 
REVISION: R0
R0: Final data. Fixed bug in wind averaging code. RA: Preliminary Data. For in-field use only. 
Time_Start, GPS_Alt_m, GPS_Course_deg, GPS_GndSpd_m_s, GPS_Heading_deg, GPS_Lat_deg, GPS_Lon_deg, AirTemp_C, RelHumidity_pct, Pressure_mb, WindDir_calc_deg, WindSpd_calc_m_s
[from data line 1013]
60780.0,1308.0,359.85,0.05,359.85,40.73434,-111.87210,37.4,19.7,880.6,100.10,1.0
60840.0,1308.1,359.69,0.04,359.69,40.73434,-111.87210,37.4,19.4,880.6,89.29,0.6
60900.0,1308.1,360.00,0.04,360.00,40.73434,-111.87210,37.6,19.0,880.6,99.80,0.8
60960.0,1308.4,0.22,0.04,0.22,40.73434,-111.87210,37.5,18.9,880.6,89.95,0.9
61020.0,1308.3,0.49,0.04,0.49,40.73434,-111.87210,37.4,18.9,880.6,89.30,0.9
61080.0,1308.2,1.38,0.04,1.38,40.73434,-111.87210,37.3,19.4,880.6,79.50,0.9
61140.0,1308.1,1.23,0.04,1.23,40.73434,-111.87210,37.1,18.4,880.6,97.89,0.9
61200.0,1308.0,0.96,0.05,0.96,40.73434,-111.87210,36.9,19.2,880.6,92.73,1.0
61260.0,1307.9,0.60,0.05,0.60,40.73434,-111.87210,36.9,18.7,880.6,85.39,0.6
61320.0,1307.9,0.81,0.05,0.81,40.73434,-111.87210,37.0,18.3,880.6,100.02,0.7
61380.0,1307.9,1.06,0.04,1.06,40.73434,-111.87210,37.0,18.2,880.6,112.65,1.3
61440.0,1308.1,1.18,0.05,1.18,40.73434,-111.87210,37.2,18.4,880.6,114.60,1.3
61500.0,1308.1,1.26,0.04,1.26,40.73434,-111.87210,37.2,19.2,880.6,107.24,1.3
61560.0,1308.0,1.04,0.05,1.04,40.73434,-111.87210,37.4,19.1,880.6,89.24,0.7
61620.0,1307.9,0.83,0.04,0.83,40.73434,-111.87210,37.4,18.4,880.6,78.29,0.5
61680.0,1308.0,0.34,0.04,0.34,40.73434,-111.87210,37.4,18.8,880.6,80.90,0.7
61740.0,1308.1,359.73,0.05,359.73,40.73434,-111.87210,37.6,18.8,880.6,88.74,0.6
61800.0,1308.1,359.63,0.04,359.63,40.73434,-111.87210,37.7,18.4,880.6,96.99,0.6
61860.0,1308.1,359.84,0.04,359.84,40.73434,-111.87210,37.9,17.3,880.6,99.00,0.4
61920.0,1308.3,0.33,0.04,0.33,40.73434,-111.87210,38.1,17.0,880.6,106.18,0.7
61980.0,1308.4,0.25,0.04,0.25,40.73434,-111.87210,38.3,16.9,880.6,121.29,0.9
62040.0,1308.2,0.04,0.04,0.04,40.73434,-111.87210,38.6,17.0,880.6,116.32,0.7
62100.0,1308.1,0.16,0.05,0.16,40.73434,-111.87210,38.7,17.4,880.6,96.77,0.5
62160.0,1308.0,359.95,0.05,359.95,40.73434,-111.87210,38.6,17.3,880.6,35.78,0.3
62220.0,1307.8,359.59,0.05,359.59,40.73434,-111.87210,38.3,16.4,880.6,6.21,0.2
62280.0,1307.5,359.65,0.05,359.65,40.73434,-111.87210,38.4,15.9,880.6,156.33,0.3
62340.0,1307.7,359.93,0.04,359.93,40.73434,-111.87210,38.6,15.7,880.6,130.13,0.8
62400.0,1308.2,359.88,0.05,359.88,40.73434,-111.87210,38.5,16.2,880.6,122.33,1.1
62460.0,1308.2,359.95,0.04,359.95,40.73434,-111.87210,38.7,15.9,880.6,137.06,1.2
62520.0,1307.6,359.80,0.05,359.80,40.73433,-111.87210,38.7,16.1,880.6,146.06,1.7
62580.0,1307.6,359.55,0.05,359.55,40.73433,-111.87210,38.8,16.9,880.6,121.37,1.3
62640.0,1307.9,359.42,0.05,359.42,40.73434,-111.87210,38.9,17.1,880.6,98.36,0.7
62700.0,1307.9,359.49,0.04,359.49,40.73434,-111.87210,39.0,16.8,880.5,112.24,0.8
62760.0,1307.7,358.60,0.04,358.60,40.73434,-111.87210,39.0,17.1,880.6,102.34,0.9
62820.0,1307.2,358.54,0.05,358.54,40.73433,-111.87211,39.1,17.1,880.6,83.36,0.5
62880.0,1307.2,358.97,0.04,358.97,40.73433,-111.87211,39.1,17.2,880.6,93.87,1.1
62940.0,1307.6,359.01,0.04,359.01,40.73433,-111.87211,38.9,17.3,880.6,93.18,0.9
63000.0,1307.8,359.22,0.05,359.22,40.73433,-111.87211,38.9,17.1,880.6,94.02,1.0
63060.0,1307.6,358.90,0.04,358.90,40.73433,-111.87211,38.8,17.5,880.6,90.97,0.9
63120.0,1307.8,359.15,0.05,359.15,40.73433,-111.87211,38.7,17.5,880.6,94.95,1.0
63180.0,1307.8,358.68,0.05,358.68,40.73433,-111.87211,38.8,16.8,880.5,93.56,0.9
63240.0,1307.8,358.86,0.05,358.86,40.73433,-111.87211,38.7,16.6,880.5,59.22,0.4
63300.0,1307.9,359.21,0.05,359.21,40.73434,-111.87211,38.9,16.1,880.5,104.03,0.7
63360.0,1308.0,359.89,0.05,359.89,40.73434,-111.87211,39.0,16.0,880.5,97.34,1.0
63420.0,1308.0,0.11,0.05,0.11,40.73434,-111.87211,39.2,16.1,880.5,88.90,0.4
63480.0,1308.0,359.87,0.05,359.87,40.73434,-111.87211,39.2,16.7,880.5,90.15,0.8
63540.0,1308.1,359.73,0.05,359.73,40.73434,-111.87211,39.4,16.2,880.5,99.46,1.0
63600.0,1308.3,359.80,0.05,359.80,40.73434,-111.87211,39.5,16.0,880.5,90.30,0.6
63660.0,1308.4,359.83,0.05,359.83,40.73434,-111.87211,39.7,15.7,880.5,102.04,0.9
63720.0,1308.4,359.88,0.04,359.88,40.73434,-111.87211,39.7,16.5,880.5,76.98,0.5
63780.0,1308.4,359.77,0.04,359.77,40.73434,-111.87211,39.6,15.4,880.5,95.05,0.7
63840.0,1308.5,359.39,0.05,359.39,40.73434,-111.87211,39.8,15.2,880.5,110.74,0.8
63900.0,1308.5,359.36,0.04,359.36,40.73434,-111.87211,39.9,15.1,880.5,133.62,1.3
63960.0,1308.6,359.62,0.05,359.62,40.73434,-111.87211,39.7,15.7,880.5,121.29,2.1
64020.0,1308.6,359.18,0.05,359.18,40.73434,-111.87211,39.6,17.1,880.5,118.17,1.8
64080.0,1308.6,359.26,0.05,359.26,40.73434,-111.87211,39.4,16.8,880.5,119.89,1.7
64140.0,1308.6,359.75,0.05,359.75,40.73434,-111.87211,39.6,17.1,880.5,114.08,1.2
64200.0,1308.6,0.11,0.05,0.11,40.73434,-111.87211,39.7,16.4,880.5,94.55,0.5
64260.0,1308.5,359.80,0.05,359.80,40.73434,-111.87211,39.8,16.3,880.5,90.12,0.4
64320.0,1308.6,359.82,0.05,359.82,40.73434,-111.87211,39.9,16.2,880.5,92.78,0.8
64380.0,1308.6,0.02,0.05,0.02,40.73434,-111.87211,40.0,15.9,880.5,97.61,0.9
64440.0,1308.7,0.12,0.04,0.12,40.73434,-111.87211,40.1,15.7,880.5,93.44,0.8
64500.0,1308.8,0.11,0.05,0.11,40.73434,-111.87211,40.1,16.1,880.5,82.30,0.8
64560.0,1308.9,0.30,0.05,0.30,40.73434,-111.87211,40.0,16.2,880.5,79.42,0.5
64620.0,1308.8,0.10,0.05,0.10,40.73434,-111.87211,40.0,15.9,880.5,86.39,0.6
64680.0,1308.7,359.75,0.05,359.75,40.73434,-111.87211,40.1,16.6,880.5,95.27,0.9
64740.0,1308.8,359.74,0.05,359.74,40.73434,-111.87211,40.2,15.4,880.5,71.83,0.3
64800.0,1308.9,359.53,0.05,359.53,40.73434,-111.87211,40.2,15.3,880.5,96.42,0.9
64860.0,1309.0,359.51,0.04,359.51,40.73434,-111.87211,40.3,15.1,880.5,95.00,0.7
64920.0,1309.1,359.63,0.05,359.63,40.73434,-111.87211,40.5,15.3,880.5,92.23,1.1
64980.0,1309.2,359.89,0.05,359.89,40.73434,-111.87211,40.6,15.4,880.5,91.65,0.5
65040.0,1309.3,0.40,0.06,0.40,40.73434,-111.87211,40.6,15.4,880.5,80.21,0.6
65100.0,1309.1,0.42,0.05,0.42,40.73434,-111.87211,40.4,16.0,880.5,96.57,1.1
65160.0,1309.2,0.31,0.05,0.31,40.73434,-111.87211,40.2,15.7,880.5,78.70,0.7
65220.0,1309.1,0.01,0.05,0.01,40.73434,-111.87211,40.0,15.9,880.5,80.80,0.8
65280.0,1309.1,0.04,0.05,0.04,40.73434,-111.87211,39.8,15.5,880.5,93.72,0.9
65340.0,1309.0,359.74,0.06,359.74,40.73434,-111.87211,39.8,15.3,880.5,106.12,1.4
65400.0,1309.0,359.45,0.05,359.45,40.73434,-111.87211,39.7,16.1,880.5,87.36,0.9
65460.0,1308.9,359.62,0.05,359.62,40.73434,-111.87211,39.5,15.7,880.5,96.95,1.1
65520.0,1309.0,359.63,0.05,359.63,40.73434,-111.87211,39.6,15.9,880.5,84.86,0.9
65580.0,1309.1,359.44,0.05,359.44,40.73434,-111.87211,39.3,15.9,880.5,73.40,0.9
65640.0,1309.1,359.51,0.05,359.51,40.73434,-111.87211,39.4,16.0,880.5,97.02,1.1
65700.0,1309.0,359.11,0.05,359.11,40.73434,-111.87211,39.4,16.4,880.5,94.16,1.1
65760.0,1308.9,359.21,0.05,359.21,40.73434,-111.87211,39.5,16.6,880.5,92.00,1.1
65820.0,1309.1,358.95,0.05,358.95,40.73434,-111.87211,39.6,16.4,880.5,88.37,0.9
65880.0,1309.1,359.11,0.04,359.11,40.73434,-111.87211,39.6,15.3,880.5,106.08,1.8
65940.0,1309.0,359.43,0.05,359.43,40.73434,-111.87211,39.7,15.2,880.5,109.03,1.1
66000.0,1308.8,0.16,0.05,0.16,40.73433,-111.87211,39.8,15.7,880.5,65.29,0.4
66060.0,1308.6,0.19,0.05,0.19,40.73433,-111.87211,39.8,15.0,880.5,35.06,0.2
66120.0,1308.7,0.02,0.05,0.02,40.73434,-111.87211,39.9,15.1,880.5,70.22,0.5
66180.0,1308.6,0.17,0.05,0.17,40.73434,-111.87211,39.9,15.2,880.5,75.37,0.4
66240.0,1308.6,0.12,0.05,0.12,40.73434,-111.87211,40.1,15.9,880.5,79.98,0.8
66300.0,1308.4,359.92,0.04,359.92,40.73433,-111.87211,39.8,15.0,880.5,343.10,0.3
66360.0,1308.3,359.49,0.05,359.49,40.73433,-111.87211,40.1,15.4,880.5,90.86,1.0
66420.0,1308.3,359.59,0.05,359.59,40.73434,-111.87211,40.3,15.5,880.5,94.97,0.9
66480.0,1308.3,359.66,0.05,359.66,40.73434,-111.87211,40.1,14.8,880.5,1.43,0.1
66540.0,1308.1,359.66,0.05,359.66,40.73433,-111.87211,40.5,14.6,880.5,116.82,0.5
66600.0,1308.1,359.78,0.05,359.78,40.73433,-111.87211,40.6,14.8,880.5,93.37,0.4
66660.0,1308.0,0.01,0.05,0.01,40.73433,-111.87211,40.6,14.9,880.4,76.96,0.7
66720.0,1307.9,359.21,0.05,359.21,40.73433,-111.87211,40.6,15.2,880.4,68.08,0.5
66780.0,1308.1,359.27,0.05,359.27,40.73434,-111.87211,40.6,15.2,880.4,79.18,0.7
66840.0,1308.2,359.34,0.05,359.34,40.73434,-111.87211,40.7,14.6,880.4,116.34,1.1
66900.0,1308.1,359.09,0.05,359.09,40.73434,-111.87211,40.7,14.6,880.4,120.27,1.3
66960.0,1308.0,358.94,0.05,358.94,40.73434,-111.87211,40.8,15.0,880.4,101.63,0.8
67020.0,1307.9,359.25,0.04,359.25,40.73434,-111.87211,40.7,15.0,880.4,82.37,0.4
67080.0,1308.0,359.26,0.05,359.26,40.73434,-111.87211,40.8,14.9,880.4,87.72,1.0
67140.0,1308.1,359.10,0.05,359.10,40.73434,-111.87211,40.8,16.0,880.4,92.21,1.1
67200.0,1307.9,358.73,0.04,358.73,40.73434,-111.87211,40.8,15.1,880.4,131.87,1.3
67260.0,1307.9,358.39,0.04,358.39,40.73434,-111.87211,40.9,14.7,880.4,136.64,1.7
67320.0,1308.2,358.60,0.05,358.60,40.73434,-111.87211,40.8,14.9,880.4,146.94,2.2
67380.0,1308.3,359.20,0.05,359.20,40.73434,-111.87211,40.8,14.8,880.4,146.75,2.0
67440.0,1308.1,359.41,0.04,359.41,40.73434,-111.87211,40.7,15.5,880.4,160.65,2.2
67500.0,1308.1,359.74,0.04,359.74,40.73434,-111.87211,40.4,16.1,880.4,132.79,2.6
67560.0,1308.1,359.57,0.04,359.57,40.73434,-111.87211,39.9,16.2,880.4,117.21,2.2
67620.0,1308.2,359.35,0.04,359.35,40.73434,-111.87211,39.9,15.8,880.4,149.37,2.2
67680.0,1308.3,359.42,0.05,359.42,40.73434,-111.87211,39.8,16.4,880.4,130.21,2.2
67740.0,1308.4,359.84,0.04,359.84,40.73434,-111.87211,39.8,15.8,880.4,155.27,1.6
67800.0,1308.5,0.00,0.05,0.00,40.73434,-111.87211,39.9,16.1,880.4,132.61,1.4
67860.0,1308.5,0.02,0.05,0.02,40.73434,-111.87211,40.0,15.9,880.4,149.37,1.6
67920.0,1308.5,359.89,0.05,359.89,40.73434,-111.87211,40.1,15.9,880.4,129.43,1.2
67980.0,1308.6,359.88,0.05,359.88,40.73434,-111.87211,40.1,16.3,880.4,108.81,1.2
68040.0,1308.7,359.31,0.05,359.31,40.73434,-111.87211,40.2,16.5,880.4,108.56,1.4
68100.0,1308.7,358.59,0.05,358.59,40.73434,-111.87211,40.4,15.9,880.4,131.82,0.6
68160.0,1308.8,359.16,0.06,359.16,40.73434,-111.87211,40.6,15.4,880.4,164.30,0.2
68220.0,1308.7,359.76,0.05,359.76,40.73434,-111.87211,40.7,15.2,880.4,127.74,0.4
68280.0,1308.8,359.98,0.05,359.98,40.73434,-111.87211,40.8,15.0,880.3,101.83,0.7
68340.0,1308.8,0.31,0.05,0.31,40.73434,-111.87211,41.0,14.7,880.3,120.12,0.8
68400.0,1309.1,0.08,0.04,0.08,40.73434,-111.87211,41.1,14.6,880.3,144.47,1.0
68460.0,1309.3,359.91,0.04,359.91,40.73434,-111.87211,41.1,15.1,880.3,123.59,1.6
68520.0,1309.2,359.97,0.05,359.97,40.73434,-111.87211,40.9,16.9,880.3,85.12,1.0
68580.0,1309.2,0.30,0.05,0.30,40.73434,-111.87211,40.8,15.8,880.3,89.37,1.0
68640.0,1309.3,0.22,0.04,0.22,40.73434,-111.87211,40.8,15.5,880.3,92.03,1.0
68700.0,1309.3,0.57,0.05,0.57,40.73434,-111.87211,40.9,15.7,880.3,107.07,1.4
68760.0,1309.1,1.10,0.05,1.10,40.73434,-111.87211,40.8,14.3,880.3,146.96,1.8
68820.0,1309.2,0.83,0.04,0.83,40.73434,-111.87211,40.9,14.4,880.2,163.16,1.5
68880.0,1309.1,0.33,0.05,0.33,40.73434,-111.87211,40.9,14.5,880.2,131.87,1.2
68940.0,1309.1,0.39,0.05,0.39,40.73434,-111.87211,40.9,15.2,880.2,131.54,2.1
69000.0,1309.0,0.67,0.05,0.67,40.73434,-111.87211,40.7,15.5,880.2,133.89,2.2
69060.0,1309.1,0.57,0.05,0.57,40.73434,-111.87211,40.8,14.8,880.2,168.46,1.8
69120.0,1309.0,0.33,0.05,0.33,40.73434,-111.87211,40.8,15.2,880.2,165.19,1.4
69180.0,1309.0,359.90,0.05,359.90,40.73434,-111.87211,40.8,15.2,880.2,173.05,1.7
69240.0,1309.1,0.03,0.04,0.03,40.73434,-111.87211,40.8,15.4,880.2,149.34,1.6
69300.0,1309.0,0.49,0.05,0.49,40.73434,-111.87211,40.8,15.5,880.2,111.23,1.1
69360.0,1309.1,0.25,0.05,0.25,40.73434,-111.87211,40.9,15.4,880.2,126.47,1.0
69420.0,1309.2,0.45,0.05,0.45,40.73434,-111.87211,41.1,15.2,880.1,123.16,1.2
69480.0,1309.2,0.27,0.05,0.27,40.73434,-111.87211,41.0,15.4,880.1,91.42,0.9
69540.0,1309.3,0.26,0.05,0.26,40.73434,-111.87211,41.2,15.3,880.1,100.10,0.9
69600.0,1309.3,0.02,0.05,0.02,40.73434,-111.87211,41.3,15.0,880.1,87.41,0.8
69660.0,1310.1,0.08,0.05,0.08,40.73434,-111.87211,41.4,15.1,880.1,83.74,0.9
69720.0,1309.8,0.60,0.05,0.60,40.73434,-111.87211,41.4,15.6,880.1,89.31,1.0
69780.0,1309.7,0.14,0.04,0.14,40.73434,-111.87211,41.5,15.1,880.1,81.47,0.7
69840.0,1309.3,359.41,0.04,359.41,40.73434,-111.87211,41.4,14.5,880.1,97.13,0.8
69900.0,1309.2,358.76,0.04,358.76,40.73434,-111.87211,41.5,14.4,880.0,101.79,1.0
69960.0,1309.2,358.39,0.05,358.39,40.73434,-111.87211,41.4,15.9,880.0,99.67,1.6
70020.0,1309.2,358.73,0.05,358.73,40.73434,-111.87211,41.5,14.9,880.0,93.52,1.1
70080.0,1308.9,359.15,0.05,359.15,40.73434,-111.87211,41.4,15.2,880.0,62.98,0.5
70140.0,1309.0,359.17,0.06,359.17,40.73434,-111.87211,41.6,14.3,880.0,87.32,0.7
70200.0,1308.7,358.94,0.05,358.94,40.73434,-111.87211,41.4,14.9,880.0,74.35,1.1
70260.0,1308.6,358.80,0.05,358.80,40.73434,-111.87211,41.2,15.3,880.0,88.22,1.1
70320.0,1308.4,358.99,0.05,358.99,40.73434,-111.87211,41.2,15.0,880.0,86.82,0.9
70380.0,1309.1,358.79,0.05,358.79,40.73434,-111.87211,40.9,15.0,880.0,56.10,0.7
70440.0,1308.6,359.10,0.05,359.10,40.73434,-111.87211,41.0,13.9,880.0,113.05,0.9
70500.0,1308.2,359.11,0.05,359.11,40.73434,-111.87211,41.2,13.9,880.0,101.93,0.6
70560.0,1308.4,359.01,0.05,359.01,40.73434,-111.87211,41.4,13.8,879.9,108.69,1.1
70620.0,1308.7,359.18,0.05,359.18,40.73434,-111.87211,41.5,13.6,879.9,109.90,1.5
70680.0,1308.8,359.63,0.05,359.63,40.73435,-111.87211,41.4,13.9,879.9,112.94,1.7
70740.0,1308.8,359.62,0.05,359.62,40.73435,-111.87211,41.3,14.1,879.9,110.87,1.6
70800.0,1308.7,359.36,0.05,359.36,40.73435,-111.87211,41.4,13.9,879.9,133.54,1.3
70860.0,1308.7,359.52,0.04,359.52,40.73435,-111.87211,41.3,15.9,879.9,91.42,1.2
70920.0,1308.9,359.75,0.05,359.75,40.73435,-111.87211,41.3,14.6,879.9,87.13,0.9
70980.0,1309.2,359.63,0.04,359.63,40.73435,-111.87211,41.4,14.2,879.8,78.63,0.5
71040.0,1309.3,359.47,0.05,359.47,40.73435,-111.87211,41.3,15.2,879.8,85.25,1.0
71100.0,1309.3,359.57,0.05,359.57,40.73435,-111.87211,41.2,15.0,879.8,77.84,1.1
71160.0,1309.3,359.43,0.05,359.43,40.73435,-111.87211,41.1,14.8,879.8,83.77,0.9
71220.0,1309.2,359.59,0.05,359.59,40.73435,-111.87211,41.2,14.4,879.8,75.79,0.7
71280.0,1308.6,359.72,0.05,359.72,40.73435,-111.87211,41.3,14.7,879.8,79.29,0.6
71340.0,1308.5,359.78,0.05,359.78,40.73435,-111.87211,41.5,13.6,879.9,76.95,0.6
71400.0,1308.5,359.68,0.05,359.68,40.73435,-111.87211,41.6,12.6,879.9,72.14,0.5
71460.0,1308.5,0.41,0.05,0.41,40.73435,-111.87211,41.7,12.5,879.9,77.76,0.4
71520.0,1308.4,0.59,0.05,0.59,40.73435,-111.87211,41.8,12.5,879.8,78.84,0.5
71580.0,1308.4,0.21,0.05,0.21,40.73435,-111.87211,42.0,13.4,879.7,90.80,1.1
71640.0,1308.4,359.96,0.04,359.96,40.73434,-111.87211,42.1,13.2,879.8,77.11,0.9
71700.0,1308.3,0.07,0.04,0.07,40.73434,-111.87211,42.1,12.9,879.8,69.01,0.5
71760.0,1308.3,0.02,0.04,0.02,40.73434,-111.87211,42.3,11.8,879.8,80.22,0.4
71820.0,1308.2,359.98,0.04,359.98,40.73434,-111.87211,42.4,11.8,879.8,89.77,1.2
71880.0,1308.2,359.94,0.05,359.94,40.73434,-111.87211,42.2,12.4,879.7,109.76,1.6
71940.0,1308.2,359.66,0.05,359.66,40.73434,-111.87211,42.0,13.0,879.7,109.57,2.3
72000.0,1308.2,359.64,0.05,359.64,40.73434,-111.87211,41.7,12.2,879.8,105.01,1.4
72060.0,1308.2,359.75,0.05,359.75,40.73434,-111.87211,41.5,13.4,879.8,85.71,0.9
72120.0,1308.1,0.13,0.05,0.13,40.73434,-111.87211,41.6,12.3,879.8,105.44,1.2
72180.0,1308.1,360.00,0.05,360.00,40.73434,-111.87211,41.4,12.2,879.7,110.18,1.7
72240.0,1308.0,0.06,0.05,0.06,40.73434,-111.87211,41.4,12.5,879.7,110.01,1.3
72300.0,1308.1,0.01,0.05,0.01,40.73434,-111.87211,41.3,13.4,879.7,91.14,1.0
72360.0,1308.1,359.82,0.05,359.82,40.73434,-111.87211,41.4,12.8,879.7,87.54,0.8
72420.0,1308.1,359.23,0.05,359.23,40.73434,-111.87211,41.7,12.4,879.7,83.36,0.6
72480.0,1307.9,359.27,0.05,359.27,40.73434,-111.87211,41.8,12.2,879.6,82.14,0.7
72540.0,1307.8,359.24,0.05,359.24,40.73434,-111.87211,41.7,13.4,879.6,75.72,0.9
72600.0,1307.7,359.24,0.05,359.24,40.73434,-111.87211,41.8,13.0,879.6,84.76,1.0
72660.0,1307.8,359.47,0.05,359.47,40.73434,-111.87211,41.6,13.1,879.6,81.27,1.0
72720.0,1307.7,359.99,0.04,359.99,40.73434,-111.87211,41.4,13.3,879.6,68.62,1.0
72780.0,1307.6,359.75,0.05,359.75,40.73434,-111.87211,41.6,13.0,879.6,79.31,0.6
72840.0,1307.6,359.67,0.05,359.67,40.73434,-111.87211,41.7,13.7,879.6,79.45,0.9
