CampaignData_and_Merges/R0/CSL_MobileLab_Parked/raw/20240724/USOS-NOAAIodideCIMS-HNO3_MobileLabGround_20240724_RA.ict
33, 1001
Michael A Robinson, Chris Jernigan, Subi Thakali
NOAA ESRL Chemical Sciences Laboratory and CIRES, U. of Colorado
NOAA Iodide CIMS Instrument
USOS
1, 1
2024, 07, 24, 2024, 07, 26
1
starttime_UTC, seconds_past_midnight, seconds_of_day_since_00:00:00_UTC
1
1
-9999
HNO3_NOAACIMS, pptv, Gas_HNO3_InSitu_S_AVMR, 
0
18
PI_CONTACT_INFO: 325 Broadway, R/CSD 7, Boulder, Colorado 80305; michael.a.robinson@noaa.gov; chris.jernigan@noaa.gov;
PLATFORM: NOAA CSL Mobile Lab
LOCATION: SLC, Utah
ASSOCIATED_DATA: 1Hz data also available on request.
INSTRUMENT_INFO: NOAA I- ToF CIMS
DATA_INFO: All data in parts per trillion by volume (pptv). 1 Hz data is available upon request.
UNCERTAINTY: TBD
ULOD_FLAG: -7777
ULOD_VALUE: N/A
LLOD_FLAG: -8888
LLOD_VALUE: N/A
DM_CONTACT_INFO: Nathan Howard; nathan.h.howard@noaa.gov
PROJECT_INFO: USOS, summer 2024. https://csl.noaa.gov/groups/csl7/measurements/2024usos/
STIPULATIONS_ON_USE: Users are strongly encouraged to contact the PI for proper data usage.
OTHER_COMMENTS: 
REVISION: RA
RA: Preliminary Data; For in-field use only
starttime_UTC, HNO3_NOAACIMS
     0, 601.823
    60, 623.044
   120, 619.369
   180, 588.657
   240, 564.875
   300, 570.197
   360, 556.311
   420, 553.617
   480, 567.100
   540, -9999.000
   600, 518.979
   660, 502.748
   720, 569.270
   780, 569.446
   840, 568.695
   900, 575.202
   960, 535.008
  1020, 537.903
  1080, 555.943
  1140, 566.500
  1200, 552.228
  1260, 502.605
  1320, 496.037
  1380, 529.382
  1440, 517.177
  1500, 515.363
  1560, 560.624
  1620, 569.016
  1680, 601.108
  1740, 642.617
  1800, 704.782
  1860, 704.844
  1920, 756.227
  1980, 745.986
  2040, 686.706
  2100, 632.401
  2160, 622.550
  2220, 563.183
  2280, 573.668
  2340, 563.896
  2400, -9999.000
  2460, 465.782
  2520, 476.801
  2580, 512.394
  2640, 545.043
  2700, 543.005
  2760, 552.408
  2820, 575.820
  2880, 614.904
  2940, 641.273
  3000, 633.941
  3060, 617.100
  3120, 586.824
  3180, 620.511
  3240, 642.374
  3300, 694.671
  3360, 717.460
  3420, 703.393
  3480, 696.879
  3540, 685.263
  3600, 660.088
  3660, 564.760
  3720, 502.708
  3780, 440.862
  3840, 409.783
  3900, 420.091
  3960, 406.673
  4020, 402.269
  4080, 391.063
  4140, 388.979
  4200, 402.208
  4260, 403.516
  4320, 411.084
  4380, 436.081
  4440, 458.993
  4500, 425.638
  4560, 408.299
  4620, 429.988
  4680, 442.266
  4740, 461.822
  4800, 438.519
  4860, 458.612
  4920, 468.930
  4980, 496.921
  5040, 513.108
  5100, 485.798
  5160, 457.765
  5220, 460.017
  5280, 471.695
  5340, 481.927
  5400, 499.398
  5460, 512.157
  5520, 532.243
  5580, 511.079
  5640, 539.367
  5700, 537.195
  5760, 550.427
  5820, 549.637
  5880, 538.449
  5940, 550.955
  6000, 555.903
  6060, 568.262
  6120, 427.696
  6180, 432.664
  6240, 452.429
  6300, 496.728
  6360, 506.320
  6420, 529.220
  6480, 528.945
  6540, 520.402
  6600, 536.364
  6660, 518.756
  6720, 486.095
  6780, 479.954
  6840, 457.254
  6900, 491.754
  6960, 512.418
  7020, 510.073
  7080, 504.403
  7140, 524.320
  7200, 534.599
  7260, 550.210
  7320, 538.186
  7380, 522.933
  7440, 538.813
  7500, 580.987
  7560, 598.247
  7620, 593.130
  7680, 598.998
  7740, 608.682
  7800, 627.770
  7860, 612.056
  7920, 578.007
  7980, 444.180
  8040, 356.493
  8100, 286.973
  8160, 258.617
  8220, 284.348
  8280, 291.596
  8340, 339.299
  8400, 407.141
  8460, 449.428
  8520, 467.404
  8580, 471.914
  8640, 473.779
  8700, 478.439
  8760, 464.738
  8820, 449.189
  8880, 456.024
  8940, 484.273
  9000, 505.922
  9060, 514.335
  9120, 510.885
  9180, 509.345
  9240, 497.635
  9300, 475.442
  9360, 463.479
  9420, 447.654
  9480, 433.480
  9540, 432.188
  9600, 439.465
  9660, 427.271
  9720, 438.472
  9780, -9999.000
  9840, 395.339
  9900, 401.086
  9960, 400.646
 10020, 395.997
 10080, 398.153
 10140, 397.149
 10200, 405.020
 10260, 408.636
 10320, 405.099
 10380, 396.785
 10440, 392.723
 10500, 378.189
 10560, 358.916
 10620, 345.142
 10680, 338.016
 10740, 336.096
 10800, 342.461
 10860, 343.675
 10920, 324.038
 10980, 338.462
 11040, 346.786
 11100, 330.907
 11160, 319.727
 11220, 325.251
 11280, 335.665
 11340, 345.449
 11400, 344.816
 11460, 343.137
 11520, 351.795
 11580, 363.575
 11640, 383.028
 11700, 373.127
 11760, 386.987
 11820, 389.918
 11880, 395.367
 11940, 398.346
 12000, 400.021
 12060, 401.113
 12120, 402.704
 12180, 390.761
 12240, 386.452
 12300, 389.965
 12360, 392.847
 12420, 389.428
 12480, 384.009
 12540, 378.095
 12600, 376.868
 12660, 370.386
 12720, 368.731
 12780, 365.168
 12840, 357.810
 12900, 350.109
 12960, 346.711
 13020, 338.110
 13080, 332.510
 13140, 342.228
 13200, 347.423
 13260, 369.106
 13320, 378.184
 13380, 379.992
 13440, 378.821
 13500, -9999.000
 13560, 334.017
 13620, 330.472
 13680, 325.281
 13740, 318.669
 13800, 318.373
 13860, 311.793
 13920, 310.330
 13980, 309.140
 14040, 301.307
 14100, 298.579
 14160, 295.180
 14220, 306.519
 14280, 320.975
 14340, 343.083
 14400, 358.826
 14460, 364.474
 14520, 356.638
 14580, 351.248
 14640, 347.750
 14700, 345.794
 14760, 346.776
 14820, 342.461
 14880, 336.168
 14940, 334.595
 15000, 332.774
 15060, 332.744
 15120, 345.978
 15180, 358.652
 15240, 370.637
 15300, 371.954
 15360, 357.594
 15420, 348.457
 15480, 341.374
 15540, 324.660
 15600, 317.647
 15660, 312.155
 15720, 309.993
 15780, 310.241
 15840, 314.397
 15900, 320.344
 15960, 330.038
 16020, 349.931
 16080, 369.511
 16140, 370.489
 16200, 361.669
 16260, 348.967
 16320, 341.979
 16380, 334.174
 16440, 333.807
 16500, 328.354
 16560, 320.878
 16620, 310.951
 16680, 306.067
 16740, 295.259
 16800, 294.298
 16860, 306.910
 16920, 317.045
 16980, 331.679
 17040, 337.953
 17100, 342.351
 17160, -9999.000
 17220, 309.608
 17280, 303.382
 17340, 291.249
 17400, 283.185
 17460, 269.038
 17520, 273.102
 17580, 282.174
 17640, 273.595
 17700, 271.933
 17760, 270.641
 17820, 290.838
 17880, 292.499
 17940, 289.908
 18000, 284.879
 18060, 277.624
 18120, 260.785
 18180, 252.260
 18240, 244.805
 18300, 241.771
 18360, 251.340
 18420, 259.906
 18480, 277.802
 18540, 281.426
 18600, 288.238
 18660, 295.318
 18720, 280.863
 18780, 274.287
 18840, 269.038
 18900, 271.334
 18960, 275.226
 19020, -9999.000
 19080, 280.264
 19140, 293.841
 19200, 299.990
 19260, 301.539
 19320, 302.039
 19380, 296.241
 19440, 286.477
 19500, 293.692
 19560, 294.691
 19620, 295.796
 19680, 314.848
 19740, 332.241
 19800, 347.723
 19860, 345.387
 19920, 315.441
 19980, 304.561
 20040, 297.350
 20100, 305.101
 20160, 292.280
 20220, 291.339
 20280, 293.697
 20340, 299.102
 20400, 290.294
 20460, 315.356
 20520, 324.611
 20580, 339.242
 20640, 334.031
 20700, 336.916
 20760, 336.870
 20820, 342.625
 20880, -9999.000
 20940, 309.987
 21000, 317.262
 21060, 323.080
 21120, 322.208
 21180, 323.794
 21240, 294.724
 21300, 278.933
 21360, 265.569
 21420, 268.327
 21480, 280.589
 21540, 286.456
 21600, 297.368
 21660, 316.282
 21720, 317.214
 21780, 292.748
 21840, 288.621
 21900, 300.169
 21960, 290.993
 22020, 302.222
 22080, 314.547
 22140, 338.694
 22200, 358.914
 22260, 368.064
 22320, 368.525
 22380, 351.407
 22440, 327.544
 22500, 309.215
 22560, 310.487
 22620, 317.058
 22680, 324.534
 22740, 317.240
 22800, 320.147
 22860, 319.675
 22920, 316.632
 22980, 310.325
 23040, 296.803
 23100, 285.668
 23160, 280.645
 23220, 288.634
 23280, 291.529
 23340, 297.303
 23400, 301.060
 23460, 303.512
 23520, 313.096
 23580, 317.460
 23640, 315.237
 23700, 315.594
 23760, 320.778
 23820, 331.434
 23880, 339.565
 23940, 347.789
 24000, 352.338
 24060, 343.779
 24120, 329.365
 24180, 310.480
 24240, 299.665
 24300, 299.066
 24360, 298.946
 24420, 290.357
 24480, 294.103
 24540, -9999.000
 24600, 253.881
 24660, 264.373
 24720, 277.614
 24780, 280.868
 24840, 284.333
 24900, 292.954
 24960, 288.360
 25020, 277.399
 25080, 269.308
 25140, 262.865
 25200, 262.323
 25260, 269.549
 25320, 285.512
 25380, 306.331
 25440, 321.772
 25500, 330.435
 25560, 328.963
 25620, 325.991
 25680, 312.689
 25740, 300.226
 25800, 310.114
 25860, 330.236
 25920, 347.423
 25980, 337.334
 26040, 320.842
 26100, 306.163
 26160, 300.923
 26220, 298.197
 26280, 304.183
 26340, 309.787
 26400, -9999.000
 26460, 279.745
 26520, 272.288
 26580, 257.075
 26640, 235.396
 26700, 220.060
 26760, 221.082
 26820, 237.509
 26880, 250.115
 26940, 248.189
 27000, 244.765
 27060, 253.192
 27120, 262.306
 27180, 269.333
 27240, 283.033
 27300, 310.803
 27360, 330.747
 27420, 331.610
 27480, 331.659
 27540, 344.633
 27600, 350.855
 27660, 357.290
 27720, 364.509
 27780, 371.861
 27840, 377.880
 27900, 390.004
 27960, 386.524
 28020, 379.442
 28080, 376.399
 28140, 377.185
 28200, 380.031
 28260, -9999.000
 28320, 353.312
 28380, 381.082
 28440, 406.914
 28500, 419.529
 28560, 410.564
 28620, 392.558
 28680, 390.535
 28740, 385.745
 28800, 385.361
 28860, 389.041
 28920, 389.288
 28980, 400.765
 29040, 414.740
 29100, 420.928
 29160, 416.758
 29220, 415.671
 29280, 399.432
 29340, 397.028
 29400, 400.571
 29460, 401.430
 29520, 407.393
 29580, 405.884
 29640, 397.501
 29700, 386.323
 29760, 379.904
 29820, 364.154
 29880, 352.511
 29940, 346.093
 30000, 349.075
 30060, 350.259
 30120, 355.292
 30180, 354.769
 30240, 352.331
 30300, 339.735
 30360, 324.672
 30420, 315.642
 30480, 311.201
 30540, 315.039
 30600, 319.336
 30660, 327.148
 30720, 333.750
 30780, 332.974
 30840, 328.510
 30900, 334.201
 30960, 335.485
 31020, 340.674
 31080, 363.624
 31140, 381.310
 31200, 378.973
 31260, 376.212
 31320, 376.908
 31380, 369.759
 31440, 364.777
 31500, 352.308
 31560, 349.252
 31620, 358.709
 31680, 371.881
 31740, 370.500
 31800, 363.907
 31860, 360.851
 31920, 346.440
 31980, 300.022
 32040, 307.331
 32100, 312.505
 32160, 325.475
 32220, 337.200
 32280, 337.248
 32340, 335.489
 32400, 333.253
 32460, 331.529
 32520, 325.858
 32580, 323.221
 32640, 326.303
 32700, 337.709
 32760, 339.396
 32820, 331.065
 32880, 329.834
 32940, 322.179
 33000, 313.898
 33060, 308.108
 33120, 312.453
 33180, 326.361
 33240, 331.474
 33300, 333.316
 33360, 327.101
 33420, 324.152
 33480, 328.703
 33540, 330.122
 33600, 324.577
 33660, 326.107
 33720, 331.471
 33780, 333.158
 33840, 316.604
 33900, 321.904
 33960, 322.746
 34020, 322.681
 34080, 317.773
 34140, 324.081
 34200, 326.641
 34260, 332.709
 34320, 331.765
 34380, 323.867
 34440, 312.111
 34500, 296.712
 34560, 292.642
 34620, 298.959
 34680, 308.245
 34740, 314.878
 34800, 314.876
 34860, 304.901
 34920, 301.344
 34980, 288.557
 35040, 271.274
 35100, 274.212
 35160, 273.671
 35220, 269.212
 35280, 271.714
 35340, 265.247
 35400, 257.253
 35460, 252.951
 35520, 251.531
 35580, 263.461
 35640, -9999.000
 35700, 263.980
 35760, 263.288
 35820, 254.383
 35880, 251.654
 35940, 254.407
 36000, 253.961
 36060, 247.123
 36120, 234.603
 36180, 226.903
 36240, 228.188
 36300, 228.475
 36360, 231.849
 36420, 237.752
 36480, 242.153
 36540, 241.334
 36600, 237.928
 36660, 236.657
 36720, 246.613
 36780, 252.998
 36840, 254.241
 36900, 253.886
 36960, 253.283
 37020, 260.409
 37080, 270.237
 37140, 279.851
 37200, 276.649
 37260, 274.028
 37320, 265.521
 37380, 266.469
 37440, 272.841
 37500, -9999.000
 37560, 271.444
 37620, 268.111
 37680, 264.561
 37740, 270.093
 37800, 278.639
 37860, 283.672
 37920, 291.135
 37980, 289.140
 38040, 289.556
 38100, 291.341
 38160, 311.269
 38220, 332.056
 38280, 348.334
 38340, 351.330
 38400, 343.079
 38460, 340.928
 38520, 354.608
 38580, 364.617
 38640, 361.837
 38700, 355.560
 38760, 350.551
 38820, 351.368
 38880, 362.586
 38940, 370.062
 39000, 372.590
 39060, 370.581
 39120, 366.958
 39180, 365.695
 39240, 369.827
 39300, 382.300
 39360, -9999.000
 39420, 345.171
 39480, 348.324
 39540, 350.197
 39600, 354.180
 39660, 359.379
 39720, 360.034
 39780, 351.264
 39840, 343.453
 39900, 334.336
 39960, 325.839
 40020, 322.258
 40080, 319.455
 40140, 312.254
 40200, 301.348
 40260, 295.010
 40320, 291.031
 40380, 292.529
 40440, 301.247
 40500, 301.869
 40560, 293.243
 40620, 276.958
 40680, 268.682
 40740, 269.090
 40800, 279.572
 40860, 283.264
 40920, 277.381
 40980, 272.450
 41040, 271.773
 41100, 269.298
 41160, 269.044
 41220, 264.726
 41280, 266.224
 41340, 268.433
 41400, 265.238
 41460, 260.703
 41520, 258.312
 41580, 258.423
 41640, 259.430
 41700, 257.906
 41760, 255.663
 41820, 248.364
 41880, 246.559
 41940, 252.163
 42000, 252.552
 42060, 251.710
 42120, 255.647
 42180, 253.329
 42240, 253.076
 42300, 253.226
 42360, 257.998
 42420, 262.704
 42480, 267.444
 42540, 262.383
 42600, 239.632
 42660, 222.382
 42720, 230.450
 42780, 242.211
 42840, 242.878
 42900, 245.044
 42960, 235.451
 43020, -9999.000
 43080, 223.236
 43140, 221.319
 43200, 215.632
 43260, 205.812
 43320, 193.088
 43380, 189.201
 43440, 182.352
 43500, 170.087
 43560, 158.881
 43620, 162.095
 43680, 157.979
 43740, 151.141
 43800, 145.384
 43860, 139.268
 43920, 138.699
 43980, 147.645
 44040, 150.528
 44100, 160.303
 44160, 163.159
 44220, 162.895
 44280, 158.710
 44340, 156.729
 44400, 153.465
 44460, 160.890
 44520, 161.720
 44580, 154.096
 44640, 171.114
 44700, 180.097
 44760, 183.492
 44820, 175.048
 44880, -9999.000
 44940, 183.298
 45000, 183.215
 45060, 180.411
 45120, 178.433
 45180, 165.144
 45240, 147.244
 45300, 138.318
 45360, 128.952
 45420, 125.421
 45480, 115.476
 45540, 113.092
 45600, 110.202
 45660, 121.997
 45720, 135.847
 45780, 159.570
 45840, 179.854
 45900, 180.985
 45960, 201.006
 46020, 203.148
 46080, 209.985
 46140, 226.494
 46200, 240.727
 46260, 241.060
 46320, 229.034
 46380, 226.878
 46440, 226.021
 46500, 238.322
 46560, 248.610
 46620, 255.732
 46680, 261.019
 46740, -9999.000
 46800, 213.470
 46860, 252.769
 46920, 458.068
 46980, 514.178
 47040, 466.342
 47100, 446.177
 47160, 438.911
 47220, 398.106
 47280, 377.030
 47340, 362.941
 47400, 363.105
 47460, 370.316
 47520, 377.736
 47580, 371.434
 47640, 333.373
 47700, 325.727
 47760, 321.030
 47820, 304.770
 47880, 290.124
 47940, 281.139
 48000, 279.099
 48060, 282.275
 48120, 293.772
 48180, 290.655
 48240, 292.788
 48300, 282.424
 48360, 270.703
 48420, 254.187
 48480, 268.490
 48540, 261.224
 48600, 279.115
 48660, 268.850
 48720, 241.593
 48780, 230.822
 48840, 211.828
 48900, 219.865
 48960, 235.815
 49020, 261.172
 49080, 293.732
 49140, 316.810
 49200, 336.868
 49260, 320.603
 49320, 312.490
 49380, 304.957
 49440, 269.849
 49500, 253.256
 49560, 266.385
 49620, 289.694
 49680, 313.629
 49740, 321.814
 49800, 318.758
 49860, 305.627
 49920, 282.354
 49980, 279.293
 50040, 267.719
 50100, 300.639
 50160, 338.335
 50220, 364.519
 50280, 371.752
 50340, 411.184
 50400, 431.387
 50460, 416.326
 50520, 396.006
 50580, 358.833
 50640, 346.328
 50700, 353.043
 50760, 385.088
 50820, 410.872
 50880, 407.775
 50940, 413.824
 51000, 376.070
 51060, 315.396
 51120, 301.464
 51180, 308.260
 51240, 314.908
 51300, 325.792
 51360, 328.665
 51420, 344.190
 51480, 344.912
 51540, 351.786
 51600, 373.632
 51660, 387.682
 51720, 407.262
 51780, 425.842
 51840, 439.215
 51900, 441.924
 51960, 444.682
 52020, -9999.000
 52080, -9999.000
 52140, -9999.000
 52200, -9999.000
 52260, -9999.000
 52320, -9999.000
 52380, -9999.000
 52440, -9999.000
 52500, 245.075
 52560, 286.710
 52620, 266.691
 52680, 237.514
 52740, 240.302
 52800, 274.555
 52860, 279.176
 52920, 253.534
 52980, 222.685
 53040, 210.603
 53100, 252.702
 53160, 297.222
 53220, 306.207
 53280, 315.021
 53340, 312.453
 53400, 264.947
 53460, 263.558
 53520, 302.381
 53580, 331.442
 53640, 354.648
 53700, 366.126
 53760, 379.490
 53820, 379.889
 53880, 402.259
 53940, 407.179
 54000, 406.670
 54060, 394.733
 54120, 415.665
 54180, -9999.000
 54240, 388.766
 54300, 371.374
 54360, 341.385
 54420, 352.379
 54480, 390.236
 54540, 399.860
 54600, 388.714
 54660, 422.294
 54720, 478.876
 54780, 476.462
 54840, 457.753
 54900, 492.481
 54960, 490.068
 55020, 483.732
 55080, 427.781
 55140, 459.369
 55200, 488.744
 55260, 520.975
 55320, 554.291
 55380, 559.014
 55440, 518.717
 55500, 528.285
 55560, 549.558
 55620, 542.419
 55680, 558.641
 55740, 566.651
 55800, 566.435
 55860, 593.642
 55920, 604.304
 55980, 603.212
 56040, 627.778
 56100, 605.406
 56160, 605.339
 56220, 631.194
 56280, 669.453
 56340, 690.733
 56400, 725.130
 56460, 759.819
 56520, 767.515
 56580, 781.095
 56640, 783.791
 56700, 805.099
 56760, 806.817
 56820, 791.234
 56880, 675.089
 56940, 657.376
 57000, 677.703
 57060, 734.803
 57120, 783.702
 57180, 755.064
 57240, 723.337
 57300, 788.862
 57360, 815.109
 57420, 844.463
 57480, 861.748
 57540, 861.946
 57600, 855.971
 57660, 819.664
 57720, 832.119
 57780, 892.909
 57840, 949.660
 57900, -9999.000
 57960, 816.071
 58020, 888.204
 58080, 917.706
 58140, 963.183
 58200, 975.234
 58260, 938.306
 58320, 908.912
 58380, 838.212
 58440, 845.711
 58500, 883.099
 58560, 923.944
 58620, 963.607
 58680, 942.199
 58740, 970.024
 58800, 1023.241
 58860, 1031.695
 58920, 970.540
 58980, 974.172
 59040, 1043.371
 59100, 1093.386
 59160, 1149.841
 59220, 1197.020
 59280, 1221.920
 59340, 1174.180
 59400, 1077.887
 59460, 1051.284
 59520, 1081.469
 59580, 1139.579
 59640, 1209.670
