CampaignData_and_Merges/R0/CSL_MobileLab_Parked/raw/20240724/USOS-NOAAIodideCIMS-Halogens_MobileLabGround_20240724_RA.ict
38, 1001
Michael A Robinson, Chris Jernigan, Subi Thakali
NOAA ESRL Chemical Sciences Laboratory and CIRES, U. of Colorado
NOAA Iodide CIMS Instrument
USOS
1, 1
2024, 07, 24, 2024, 07, 26
1
starttime_UTC, seconds_past_midnight, seconds_of_day_since_00:00:00_UTC
6
1, 1, 1, 1, 1, 1
-9999, -9999, -9999, -9999, -9999, -9999
Br2_NOAACIMS, pptv, Gas_Br2_InSitu_S_AVMR, 
BrO_NOAACIMS, pptv, Gas_BrO_InSitu_S_AVMR, 
Cl2_NOAACIMS, pptv, Gas_Cl2_InSitu_S_AVMR, 
ClNO2_NOAACIMS, pptv, Gas_ClNO2_InSitu_S_AVMR, 
BrCl_NOAACIMS, pptv, Gas_BrCl_InSitu_S_AVMR, 
NCl3_NOAACIMS, pptv, Gas_NCl3_InSitu_S_AVMR, 
0
18
PI_CONTACT_INFO: 325 Broadway, R/CSD 7, Boulder, Colorado 80305; michael.a.robinson@noaa.gov; chris.jernigan@noaa.gov;
PLATFORM: NOAA CSL Mobile Lab
LOCATION: SLC, Utah
ASSOCIATED_DATA: 1Hz data also available on request.
INSTRUMENT_INFO: NOAA I- ToF CIMS
DATA_INFO: All data in parts per trillion by volume (pptv). 1 Hz data is available upon request.
UNCERTAINTY: TBD
ULOD_FLAG: -7777
ULOD_VALUE: N/A
LLOD_FLAG: -8888
LLOD_VALUE: N/A
DM_CONTACT_INFO: Nathan Howard; nathan.h.howard@noaa.gov
PROJECT_INFO: USOS, summer 2024. https://csl.noaa.gov/groups/csl7/measurements/2024usos/
STIPULATIONS_ON_USE: Users are strongly encouraged to contact the PI for proper data usage.
OTHER_COMMENTS: 
REVISION: RA
RA: Preliminary Data; For in-field use only
starttime_UTC, Br2_NOAACIMS, BrO_NOAACIMS, Cl2_NOAACIMS, ClNO2_NOAACIMS, BrCl_NOAACIMS, NCl3_NOAACIMS
[from data line 1150]
 69000, -9999.000, -9999.000, -9999.000, -9999.000, -9999.000, -9999.000
 69060,  1.146,  0.156,  1.659, -0.021,  0.085,  0.055
 69120,  0.972,  0.180,  1.545,  0.032,  0.107,  0.066
 69180,  0.998,  0.227,  1.794,  0.004,  0.110,  0.091
 69240,  1.157,  0.099,  1.587,  0.010,  0.128,  0.091
 69300,  1.090,  0.231,  1.646,  0.006,  0.197,  0.086
 69360,  1.107,  0.185,  1.695, -0.012,  0.095,  0.033
 69420,  1.140,  0.213,  1.770,  0.030,  0.170,  0.063
 69480,  1.215,  0.166,  1.875,  0.045,  0.169,  0.115
 69540,  1.148,  0.249,  1.843,  0.047,  0.188, -0.046
 69600,  1.268,  0.223,  1.714,  0.036,  0.232,  0.121
 69660,  1.166,  0.229,  1.864,  0.023,  0.184,  0.075
 69720,  1.109,  0.273,  1.952,  0.020,  0.167,  0.009
 69780,  1.183,  0.401,  1.695,  0.004,  0.146,  0.049
 69840,  1.252,  0.210,  1.658,  0.013,  0.111,  0.030
 69900,  1.264,  0.232,  1.812, -0.038,  0.218,  0.072
 69960,  1.286,  0.304,  1.796,  0.050,  0.148,  0.063
 70020,  1.026,  0.335,  1.709, -0.033,  0.099,  0.126
 70080,  1.065,  0.122,  1.814,  0.045,  0.179,  0.031
 70140,  1.216,  0.297,  1.585, -0.005,  0.142, -0.000
 70200,  1.312,  0.179,  1.693,  0.031,  0.043,  0.030
 70260,  1.177,  0.142,  1.740,  0.033,  0.146,  0.030
 70320,  1.199,  0.195,  1.917,  0.009,  0.066,  0.033
 70380,  1.257,  0.155,  1.937,  0.044,  0.124, -0.041
 70440,  1.379,  0.268,  1.969, -0.024,  0.128, -0.038
 70500,  1.215,  0.100,  1.666, -0.025,  0.092, -0.044
 70560,  1.197,  0.329,  1.682,  0.015,  0.126, -0.092
 70620,  1.215,  0.166,  1.588, -0.002,  0.124, -0.103
 70680,  1.217,  0.138,  1.680, -0.020,  0.040, -0.081
 70740,  1.245,  0.226,  1.712, -0.027,  0.044, -0.025
 70800,  1.094,  0.115,  1.759,  0.033,  0.034,  0.065
 70860,  0.833,  0.033,  1.541,  0.038,  0.078, -0.036
 70920,  1.079,  0.171,  1.760,  0.035,  0.107,  0.083
 70980,  0.973,  0.200,  1.745, -0.032,  0.106, -0.047
 71040,  1.186,  0.242,  1.823,  0.034,  0.092,  0.016
 71100,  1.099,  0.045,  1.739, -0.002,  0.083, -0.016
 71160,  1.047,  0.086,  1.796,  0.001,  0.106,  0.020
 71220,  1.053,  0.190,  1.763, -0.012,  0.200,  0.103
 71280,  1.234,  0.149,  1.888, -0.030,  0.134, -0.044
 71340,  0.974,  0.345,  1.809, -0.011,  0.167,  0.004
 71400,  0.983,  0.311,  1.662, -0.010,  0.083, -0.021
 71460,  1.060,  0.223,  1.542,  0.017,  0.064,  0.010
 71520,  1.100,  0.288,  1.633, -0.028,  0.089,  0.009
 71580,  1.030,  0.246,  1.909,  0.022,  0.095,  0.045
 71640,  1.038,  0.182,  1.784,  0.022,  0.105, -0.004
 71700,  1.009,  0.454,  1.691,  0.006,  0.088,  0.046
 71760,  0.943,  0.284,  1.604,  0.018,  0.085, -0.037
 71820,  0.926,  0.325,  1.509,  0.034,  0.066,  0.054
 71880,  1.005,  0.221,  1.592,  0.004,  0.050, -0.003
 71940,  1.181,  0.234,  1.725,  0.018,  0.055,  0.043
 72000,  0.988,  0.353,  1.741, -0.007,  0.070,  0.061
 72060,  0.825,  0.330,  1.574,  0.011,  0.074,  0.098
 72120,  0.929,  0.234,  1.776,  0.028,  0.141,  0.051
 72180,  1.026,  0.307,  1.927,  0.066,  0.070,  0.140
 72240,  1.064,  0.355,  1.579, -0.001,  0.072,  0.080
 72300,  1.162,  0.271,  1.800,  0.025,  0.101,  0.048
 72360,  1.140,  0.342,  1.784,  0.022,  0.072,  0.084
 72420,  0.948,  0.312,  1.742,  0.051,  0.105,  0.045
 72480,  1.023,  0.303,  1.542,  0.058,  0.061,  0.076
 72540,  1.001,  0.242,  1.675,  0.017,  0.078,  0.073
 72600,  0.952,  0.343,  1.691,  0.026,  0.038,  0.143
 72660, -9999.000, -9999.000, -9999.000, -9999.000, -9999.000, -9999.000
 72720,  0.745,  0.305,  1.584,  0.076,  0.030,  0.075
 72780,  0.876,  0.330,  1.746,  0.024,  0.108,  0.193
 72840,  0.884,  0.469,  1.827,  0.036,  0.110,  0.200
 72900,  1.029,  0.384,  1.881,  0.070,  0.101,  0.125
 72960,  1.104,  0.321,  1.881,  0.051,  0.075,  0.033
 73020,  0.988,  0.350,  1.673,  0.046,  0.123,  0.093
 73080,  0.992,  0.323,  1.734,  0.014,  0.123,  0.050
 73140,  1.157,  0.201,  1.623,  0.050,  0.103,  0.010
 73200,  0.905,  0.257,  1.687,  0.035,  0.099,  0.075
 73260,  0.969,  0.235,  1.784,  0.022,  0.100,  0.155
 73320,  0.899,  0.164,  1.572,  0.038,  0.084,  0.028
 73380,  1.021,  0.323,  1.420,  0.007,  0.118,  0.079
 73440,  0.849,  0.244,  1.570,  0.015,  0.051,  0.044
 73500,  0.975,  0.313,  1.568,  0.016,  0.154,  0.076
 73560,  0.929,  0.213,  1.374,  0.038,  0.102,  0.048
 73620,  0.895,  0.291,  1.715,  0.046,  0.128, -0.005
 73680,  1.119,  0.292,  1.800,  0.057,  0.147, -0.028
 73740,  1.022,  0.181,  1.747,  0.017,  0.156,  0.027
 73800,  1.012,  0.180,  1.468,  0.014,  0.098,  0.012
 73860,  0.961,  0.218,  1.389, -0.011,  0.112, -0.051
 73920,  0.900,  0.219,  1.361,  0.016,  0.098, -0.023
 73980,  0.843,  0.197,  1.265,  0.030,  0.055, -0.040
 74040,  1.061,  0.155,  1.245, -0.002,  0.152,  0.006
 74100,  1.088,  0.086,  1.563,  0.007,  0.114, -0.023
 74160,  1.118,  0.228,  1.561,  0.024,  0.118, -0.096
 74220,  1.059,  0.184,  1.336,  0.008,  0.121, -0.041
 74280,  1.084,  0.183,  1.541,  0.021,  0.147, -0.038
 74340,  1.015,  0.202,  1.613,  0.080,  0.213, -0.089
 74400,  1.030,  0.040,  1.590, -0.014,  0.116, -0.109
 74460,  0.891,  0.265,  1.295,  0.007,  0.165, -0.086
 74520, -0.456, -0.287,  1.908, -0.073, -0.024, -0.372
 74580,  0.866,  0.217,  1.303, -0.011,  0.143, -0.110
 74640,  0.920,  0.147,  1.235,  0.043,  0.179, -0.019
 74700,  0.926,  0.016,  1.325,  0.007,  0.190, -0.159
 74760,  0.898,  0.126,  1.409, -0.018,  0.137, -0.080
 74820,  0.917,  0.306,  1.562,  0.048,  0.195, -0.065
 74880,  0.867,  0.037,  1.523,  0.012,  0.153, -0.150
 74940,  0.995,  0.134,  1.453,  0.021,  0.190, -0.116
 75000,  0.863,  0.165,  1.614,  0.005,  0.135, -0.126
 75060,  0.998,  0.121,  1.630,  0.004,  0.121, -0.117
 75120,  0.728,  0.135,  1.524,  0.011,  0.183, -0.107
 75180,  0.842,  0.205,  1.410,  0.045,  0.180, -0.124
 75240,  0.856,  0.339,  1.406,  0.016,  0.164, -0.109
 75300,  0.706,  0.251,  1.441,  0.024,  0.108, -0.194
 75360,  0.872,  0.309,  1.163,  0.045,  0.106, -0.019
 75420,  0.848,  0.224,  1.374,  0.009,  0.108, -0.203
 75480,  0.923,  0.179,  1.409, -0.011,  0.075, -0.005
 75540,  0.842,  0.164,  1.425,  0.034,  0.148, -0.063
 75600,  0.572,  0.347,  1.385,  0.061,  0.159, -0.020
 75660,  0.763,  0.161,  1.526, -0.005,  0.139, -0.041
 75720,  0.730,  0.174,  1.418, -0.009,  0.166, -0.065
 75780,  0.667,  0.259,  1.508, -0.010,  0.161, -0.117
 75840,  0.763,  0.194,  1.560,  0.001,  0.134, -0.080
 75900,  0.597,  0.292,  1.745,  0.014,  0.149, -0.002
 75960,  0.747,  0.301,  1.487,  0.011,  0.156, -0.071
 76020,  0.758,  0.366,  1.750,  0.044,  0.158, -0.036
 76080,  0.673,  0.147,  1.618,  0.028,  0.153, -0.057
 76140,  0.660,  0.222,  1.528,  0.013,  0.165, -0.010
 76200,  0.732,  0.398,  1.566,  0.009,  0.111, -0.004
 76260,  0.616,  0.303,  1.423,  0.005,  0.078,  0.061
 76320,  0.649,  0.272,  1.691,  0.030,  0.130, -0.038
 76380, -9999.000, -9999.000, -9999.000, -9999.000, -9999.000, -9999.000
 76440,  0.699,  0.205,  1.502, -0.003,  0.144, -0.027
 76500,  0.556,  0.277,  1.486,  0.006,  0.136, -0.091
 76560,  0.526,  0.396,  1.481,  0.031,  0.136, -0.011
 76620,  0.438,  0.200,  1.582,  0.005,  0.150, -0.069
 76680,  0.737,  0.241,  1.578,  0.017,  0.100,  0.076
 76740,  0.622,  0.230,  1.296,  0.017,  0.101, -0.064
 76800,  0.753,  0.326,  1.220,  0.019,  0.114,  0.032
 76860,  0.820,  0.254,  1.394,  0.015,  0.103,  0.024
 76920,  0.660,  0.217,  1.286,  0.009,  0.073,  0.009
 76980,  0.579,  0.249,  1.139,  0.043,  0.059,  0.023
 77040,  0.697,  0.334,  1.369,  0.002,  0.088,  0.060
 77100,  0.665,  0.413,  1.475,  0.039,  0.100,  0.020
 77160,  0.742,  0.369,  1.376,  0.015,  0.201,  0.033
 77220,  0.754,  0.207,  1.366,  0.033,  0.135, -0.061
 77280,  0.594,  0.324,  1.496,  0.030,  0.111, -0.033
 77340,  0.758,  0.292,  1.407,  0.025,  0.086,  0.108
 77400,  0.706,  0.434,  1.456,  0.033,  0.111,  0.019
 77460,  0.740,  0.222,  1.476,  0.020,  0.133,  0.063
 77520,  0.937,  0.220,  1.349,  0.029,  0.134,  0.063
 77580,  0.844,  0.432,  1.172,  0.033,  0.095,  0.059
 77640,  0.823,  0.177,  1.179,  0.036,  0.080,  0.127
 77700,  0.903,  0.166,  1.157, -0.002,  0.055,  0.050
 77760,  0.826,  0.312,  1.310,  0.020,  0.056,  0.194
 77820,  0.903,  0.347,  1.397,  0.047,  0.056,  0.193
 77880,  0.874,  0.492,  1.339,  0.036,  0.055,  0.169
 77940,  0.776,  0.241,  1.254,  0.038,  0.049,  0.117
 78000,  0.963,  0.356,  1.325,  0.053,  0.115,  0.073
 78060,  0.923,  0.309,  1.300,  0.057,  0.071,  0.070
 78120,  0.935,  0.232,  1.355,  0.049,  0.073,  0.065
 78180,  0.941,  0.321,  1.381,  0.016,  0.127, -0.002
 78240,  0.542,  0.010,  1.156,  0.100,  0.083, -0.081
 78300,  0.763,  0.286,  1.114,  0.062,  0.039, -0.029
 78360,  0.678,  0.086,  1.034,  0.065,  0.058,  0.064
 78420,  0.806,  0.169,  1.395,  0.068,  0.047,  0.021
 78480,  0.836,  0.190,  1.492,  0.042,  0.074,  0.054
 78540,  0.820,  0.234,  1.313,  0.061,  0.041,  0.023
 78600,  0.806,  0.245,  1.273,  0.035,  0.054,  0.038
 78660,  1.000,  0.261,  1.240,  0.062,  0.027, -0.010
 78720,  0.700,  0.166,  1.325,  0.008,  0.035, -0.004
 78780,  0.814,  0.199,  1.134,  0.052,  0.055,  0.069
 78840,  0.755,  0.189,  1.298,  0.020,  0.069,  0.075
 78900,  0.809,  0.230,  1.104,  0.058,  0.017,  0.021
 78960,  0.796,  0.317,  1.188, -0.001,  0.062,  0.030
 79020,  0.851,  0.163,  1.207,  0.019, -0.019,  0.070
 79080,  0.846,  0.230,  1.108,  0.048,  0.014, -0.032
 79140,  0.833,  0.172,  1.140,  0.017, -0.038,  0.053
 79200,  0.651, -0.018,  1.224,  0.058, -0.001,  0.064
 79260,  0.731,  0.311,  1.334,  0.004,  0.027, -0.024
 79320,  0.729,  0.016,  1.354,  0.013,  0.043,  0.083
 79380,  0.725,  0.071,  1.290,  0.014,  0.038,  0.008
 79440,  0.766,  0.168,  1.584,  0.034,  0.006,  0.110
 79500,  0.735,  0.076,  1.207, -0.012,  0.011, -0.060
 79560,  0.816, -0.050,  1.354,  0.017,  0.057, -0.001
 79620,  0.884,  0.114,  1.227,  0.016, -0.031,  0.016
 79680,  0.750,  0.045,  1.441,  0.023,  0.021,  0.051
 79740,  0.768,  0.007,  1.509,  0.022,  0.003,  0.020
 79800,  0.727, -0.030,  1.745,  0.027,  0.016,  0.004
 79860,  0.823, -0.163,  1.721,  0.029,  0.003, -0.070
 79920,  0.802, -0.045,  1.655,  0.021,  0.048, -0.033
 79980,  0.731, -0.086,  1.694,  0.058,  0.014, -0.002
 80040,  0.599, -0.061,  1.692, -0.034, -0.014, -0.175
 80100,  0.826,  0.467,  0.942, -0.049, -0.100,  0.441
 80160,  0.720, -0.008,  1.376,  0.006,  0.021,  0.017
 80220,  0.542, -0.131,  1.379, -0.002,  0.027, -0.067
 80280,  0.628, -0.115,  1.147, -0.025,  0.014,  0.014
 80340,  0.853,  0.044,  1.401,  0.009,  0.050,  0.016
 80400,  0.849, -0.095,  1.336,  0.027,  0.062,  0.048
 80460,  0.711,  0.013,  1.283,  0.040,  0.056, -0.034
 80520,  0.580, -0.049,  1.502,  0.034,  0.061,  0.015
 80580,  0.761, -0.083,  1.377, -0.011,  0.019, -0.090
 80640,  0.836, -0.037,  1.194,  0.005,  0.022, -0.064
 80700,  0.896,  0.041,  1.224,  0.023,  0.005,  0.040
 80760,  0.949,  0.055,  1.183,  0.017,  0.076, -0.040
 80820,  0.690,  0.068,  1.283, -0.024,  0.025,  0.174
 80880,  0.592,  0.014,  0.987,  0.040, -0.006,  0.058
 80940,  0.753,  0.084,  1.018,  0.009, -0.008,  0.072
 81000,  0.583, -0.020,  1.206,  0.034, -0.039,  0.016
 81060,  0.594,  0.003,  1.332,  0.106,  0.004,  0.065
 81120,  0.589,  0.004,  1.161, -0.010,  0.012,  0.031
 81180,  0.877,  0.092,  1.132,  0.024, -0.020,  0.123
 81240,  0.794,  0.070,  1.044,  0.029,  0.077, -0.011
 81300,  0.833,  0.280,  1.072,  0.020,  0.004,  0.118
 81360,  0.546,  0.044,  1.104, -0.042, -0.031,  0.101
 81420,  0.827,  0.177,  1.177,  0.003,  0.016,  0.179
 81480,  0.604,  0.251,  0.922,  0.026,  0.019,  0.151
 81540,  0.730,  0.190,  0.967,  0.034, -0.007,  0.140
 81600,  0.553,  0.166,  1.077,  0.019,  0.030,  0.108
 81660,  0.248,  0.064,  0.924,  0.020, -0.031, -0.000
 81720,  0.534,  0.133,  1.040,  0.002,  0.018,  0.110
 81780,  0.702,  0.271,  1.058,  0.017,  0.018,  0.195
 81840, -0.164,  0.091,  0.941,  0.000, -0.008, -0.046
 81900,  0.169,  0.005,  1.043, -0.009,  0.017, -0.172
 81960,  0.737,  0.248,  1.311,  0.027,  0.086,  0.234
 82020,  0.861,  0.237,  1.080,  0.019,  0.096,  0.148
 82080,  0.670,  0.316,  1.168,  0.056,  0.094,  0.143
 82140,  0.756,  0.332,  1.121,  0.011,  0.098,  0.164
 82200,  0.670,  0.182,  1.036,  0.017,  0.087,  0.096
 82260,  0.827,  0.199,  1.283,  0.015,  0.124,  0.204
 82320,  0.817,  0.355,  1.380,  0.008,  0.119,  0.310
 82380,  0.977,  0.409,  1.370,  0.032,  0.132,  0.347
 82440,  0.780,  0.289,  1.225,  0.018,  0.030,  0.251
 82500,  0.958,  0.258,  1.482,  0.067,  0.125,  0.239
 82560,  0.803,  0.290,  1.212,  0.024,  0.118,  0.156
 82620,  0.883,  0.315,  1.350,  0.020,  0.105,  0.182
 82680,  0.877,  0.306,  1.213,  0.059,  0.042,  0.210
 82740,  0.756,  0.243,  1.238,  0.042,  0.113,  0.149
 82800,  0.815,  0.354,  1.209,  0.065,  0.126,  0.240
 82860,  0.839,  0.437,  1.168,  0.083,  0.149,  0.106
 82920,  0.912,  0.436,  1.200,  0.027,  0.050,  0.136
 82980,  0.802,  0.435,  1.070,  0.032,  0.100,  0.259
 83040,  0.850,  0.343,  1.122,  0.038,  0.087,  0.053
 83100,  0.959,  0.425,  1.547,  0.033,  0.081,  0.120
 83160,  0.874,  0.258,  1.213,  0.079,  0.088,  0.014
 83220,  0.943,  0.277,  1.296,  0.034,  0.135,  0.232
 83280,  0.925,  0.427,  1.013,  0.056,  0.054,  0.016
 83340,  0.862,  0.233,  1.092,  0.059,  0.082,  0.104
 83400,  0.959,  0.175,  1.082,  0.070,  0.075,  0.043
 83460,  1.006,  0.349,  0.997,  0.073,  0.067, -0.045
 83520,  0.886,  0.354,  1.122,  0.069,  0.131,  0.087
 83580,  0.948,  0.329,  1.092,  0.080,  0.136, -0.003
 83640,  0.909,  0.274,  0.955,  0.028,  0.084,  0.007
 83700,  1.015,  0.256,  1.071,  0.043,  0.091,  0.029
 83760,  0.903,  0.284,  1.069,  0.067,  0.080, -0.023
 83820,  0.946,  0.323,  0.976,  0.059,  0.042,  0.019
 83880,  0.948,  0.276,  0.996,  0.061,  0.110, -0.020
 83940,  0.976,  0.326,  1.159,  0.051,  0.075,  0.014
 84000,  1.101,  0.259,  1.142,  0.038,  0.087,  0.082
 84060,  0.888,  0.252,  1.037,  0.097,  0.140,  0.006
 84120,  0.970,  0.285,  0.913,  0.064,  0.121,  0.050
 84180,  0.883,  0.224,  0.909,  0.027,  0.130,  0.040
 84240,  1.034,  0.216,  0.984,  0.059,  0.082,  0.043
 84300,  0.865,  0.355,  0.919,  0.055,  0.111, -0.032
 84360,  1.004,  0.338,  1.191,  0.027,  0.104, -0.106
 84420,  0.967,  0.264,  1.245,  0.062,  0.095, -0.034
 84480,  0.747,  0.228,  1.153,  0.047,  0.115, -0.078
 84540,  0.937,  0.383,  1.048,  0.064,  0.095, -0.026
 84600,  1.071,  0.324,  0.954,  0.057,  0.097, -0.040
 84660,  0.946,  0.231,  1.172,  0.037,  0.168, -0.013
 84720,  0.931,  0.319,  1.232,  0.060,  0.134,  0.000
 84780,  1.080,  0.300,  0.970,  0.046,  0.099, -0.022
 84840,  0.987,  0.418,  0.797,  0.031,  0.139, -0.063
 84900, -9999.000, -9999.000, -9999.000, -9999.000, -9999.000, -9999.000
 84960,  0.759,  0.335,  0.820,  0.088,  0.142, -0.040
 85020,  1.057,  0.273,  0.800,  0.042,  0.132, -0.057
 85080,  1.017,  0.382,  0.901,  0.059,  0.139,  0.067
 85140,  1.076,  0.327,  1.015,  0.056,  0.116,  0.082
 85200,  0.842,  0.407,  0.829,  0.041,  0.108,  0.001
 85260,  1.067,  0.262,  0.958,  0.044,  0.145,  0.067
 85320,  0.981,  0.234,  0.821,  0.050,  0.147, -0.012
 85380,  0.601,  0.160,  0.808,  0.034,  0.081, -0.103
 85440,  0.365,  0.128,  0.902,  0.083,  0.080, -0.048
 85500,  1.084,  0.315,  0.975,  0.099,  0.174,  0.042
 85560,  0.001,  0.148,  0.737,  0.327,  0.051, -0.155
 85620,  0.906,  0.331,  0.906,  0.209,  0.165,  0.052
 85680,  1.044,  0.268,  0.913,  0.031,  0.161,  0.023
 85740,  1.037,  0.366,  0.798,  0.054,  0.193,  0.148
 85800,  1.095,  0.313,  0.895,  0.155,  0.183,  0.181
 85860,  0.874,  0.237,  1.049,  0.066,  0.113,  0.090
 85920,  0.916,  0.328,  1.140,  0.018,  0.115,  0.244
 85980,  0.980,  0.228,  1.124,  0.020,  0.173,  0.221
 86040,  0.476,  0.285,  1.141,  0.024,  0.106, -0.006
 86100,  1.227,  0.281,  1.116,  0.071,  0.170,  0.236
 86160,  1.081,  0.349,  1.307,  0.065,  0.145,  0.174
 86220,  1.023,  0.250,  1.377,  0.052,  0.171,  0.231
