CampaignData_and_Merges/R0/CSL_MobileLab_Parked/raw/20240724/USOS-Picarro-CO2-CH4-CO-H2O_MobileLabGround_20240724_R0.ict
38, 1001
Ilana Pollack, Nell Schafer, and Jeff Peischl
NOAA Chemical Sciences Laboratory
Picarro 2401-m CO2/CH4/CO/H2O Analyzer
USOS
1, 1
2024, 07, 24, 2024, 11, 20
0
StartTime_UTC, seconds_past_midnight, seconds past midnight
5
1, 1, 1, 1, 1
-9999, -9999, -9999, -9999, -9999
StopTime_UTC, seconds_past_midnight, seconds past midnight
CO2_ppm_1min, ppm, Gas_CO2_InSitu_S_DMF, carbon dioxide mixing ratio
CH4_ppb_1min, ppb, Gas_CH4_InSitu_S_DMF, methane mixing ratio
CO_ppb_1min, ppb, Gas_CO_InSitu_S_DMF, carbon monoxide mixing ratio
H2O_ppmv_1min, ppmv, Met_H2OMRV_InSitu_S_AVMR, water vapor mixing ratio
1
SPECIAL COMMENTS: N/A
18
PI_CONTACT_INFO: Address: NOAA Chemical Sciences Laboratory, Mail Stop CSL7, 325 Broadway, Boulder, CO 80305; Email: Ilana.Pollack@noaa.gov
PLATFORM: NOAA CSL Mobile Laboratory
LOCATION: The mobile lab was stationed in Salt Lake City, Utah.
ASSOCIATED_DATA: N/A
INSTRUMENT_INFO: CO2, CH4, and CO are reported as dry air mole fractions using a commercial wavelength-scanned cavity ring-down analyzer (Picarro 2401-m). An in-field calibration gas standard of 432±0.07 ppm CO2, 2095±1 ppb CH4, and 183±1 ppb CO, calibrated in the Boulder laboratories before and after the field project using primary CO2, CH4, and CO standard tanks tied to the WMO standard (X2019, X2004A, and X2014A, respectively) from the Global Monitoring Laboratory (GML), was delivered to the inlet every 2-3 days to evaluate instrument sensitivity. A H2O measurement was calibrated before the project with a Dew Point Mirror 373 hygrometer. The water correction calculated from these calibrations was applied to the H2O measurement for the entire campaign. Species are measured at 0.5 Hz and reported as 1-minute averages for stationary measurements.
DATA_INFO: Units: CO2, ppm, dry air mole fraction; CH4, ppb, dry air mole fraction; CO, ppb, dry air mole fraction; H2O, ppmv
UNCERTAINTY: Total uncertainties are estimated as ±0.1 ppm for CO2, ±1 ppb for CH4, ±5 ppb for CO, and ±(50 ppm + 4%) for H2O.
ULOD_FLAG: -7777
ULOD_VALUE: N/A
LLOD_FLAG: -8888
LLOD_VALUE: N/A
DM_CONTACT_INFO: Data Manager: Nathan Howard; nathan.h.howard@noaa.gov
PROJECT_INFO: USOS Dates of Study: July – August 2024
STIPULATIONS_ON_USE: Use of these data require prior ok from PI.
OTHER_COMMENTS: Data are averaged to 1 minute intervals. Stationary data collected from a 10 ft tower on top of the mobile van.
REVISION: R0
R0: Final Data
StartTime_UTC, StopTime_UTC, CO2_ppm_1min, CH4_ppb_1min, CO_ppb_1min, H2O_ppmv_1min
0,60,427.50,1982.9,186.7,10451.2822
60,120,425.38,1982.2,181.6,10631.0205
120,180,424.46,1981.5,178.8,10839.8008
180,240,425.93,1982.2,183.4,10998.9004
240,300,424.68,1980.1,177.6,10582.2959
300,360,424.42,1979.5,174.1,10551.6387
360,420,424.75,1979.9,175.4,10878.9121
420,480,424.68,1979.4,178.0,10275.0791
480,540,425.35,1979.2,180.2,10628.8135
540,600,424.45,1977.2,174.9,10217.5537
600,660,424.78,1978.4,175.8,10695.6406
660,720,426.07,1983.0,182.0,10146.0039
720,780,426.14,1981.1,183.0,10020.6309
780,840,426.85,1979.8,183.4,10029.3584
840,900,424.79,1976.9,174.8,10073.7939
900,960,424.33,1976.4,174.6,10499.4580
960,1020,425.12,1976.0,174.6,10406.8604
1020,1080,425.33,1975.4,174.5,10196.0234
1080,1140,424.83,1973.9,171.3,9851.1699
1140,1200,426.08,1974.3,177.5,9867.8086
1200,1260,424.71,1975.3,173.9,10276.8672
1260,1320,425.02,1975.9,173.7,10489.8418
1320,1380,424.01,1976.6,173.9,10294.8955
1380,1440,423.90,1976.9,171.9,10500.8916
1440,1500,425.34,1977.9,179.0,10755.2568
1500,1560,425.21,1976.4,175.2,9918.1387
1560,1620,425.47,1976.3,176.0,9908.9092
1620,1680,424.74,1976.1,171.3,10329.2969
1680,1740,425.53,1976.5,174.7,10437.1963
1740,1800,426.42,1977.2,184.6,9989.3486
1800,1860,426.53,1977.5,183.4,10156.3428
1860,1920,425.53,1976.7,176.6,10151.5820
1920,1980,425.10,1976.9,176.1,10095.7354
1980,2040,425.77,1977.3,179.5,10418.6094
2040,2100,425.38,1977.3,181.3,10938.3838
2100,2160,425.49,1977.5,181.7,10952.2207
2160,2220,424.91,1978.9,179.6,11548.6299
2220,2280,423.85,1980.5,180.7,12523.7988
2280,2340,424.74,1980.6,180.8,12086.9404
2340,2400,425.28,1981.1,183.5,12377.3242
2400,2460,425.97,1983.0,185.3,12079.4287
2460,2520,425.90,1984.4,189.2,12304.7656
2520,2580,426.34,1985.2,190.3,12048.8447
2580,2640,425.92,1984.4,188.3,11846.4678
2640,2700,426.07,1984.5,187.6,11814.6953
2700,2760,425.92,1985.4,188.9,12325.0742
2760,2820,426.66,1983.9,185.1,11666.1504
2820,2880,426.42,1981.0,178.9,11211.5137
2880,2940,425.94,1979.2,177.3,10892.8760
2940,3000,426.01,1980.7,178.7,11347.3486
3000,3060,425.70,1982.6,181.9,12483.5439
3060,3120,425.88,1983.1,182.7,12696.0137
3120,3180,426.28,1980.4,179.0,11415.0967
3180,3240,426.10,1978.3,174.7,11212.4160
3240,3300,425.63,1976.0,171.8,10874.7363
3300,3360,425.33,1975.1,171.3,10464.6563
3360,3420,425.63,1977.1,172.4,11133.8770
3420,3480,425.91,1977.2,172.0,11540.3711
3480,3540,425.74,1978.1,174.9,11803.0625
3540,3600,425.42,1978.0,172.0,11777.8242
3600,3660,425.55,1975.3,169.3,10876.5430
3660,3720,425.39,1974.7,170.7,10399.5889
3720,3780,425.44,1975.5,171.6,11031.3281
3780,3840,425.62,1975.6,170.3,11075.0078
3840,3900,425.31,1976.2,171.7,11504.2275
3900,3960,424.09,1979.3,174.8,12554.3701
3960,4020,425.19,1978.4,177.4,11769.9756
4020,4080,425.47,1980.1,185.6,12139.2705
4080,4140,426.28,1982.6,200.3,12211.3867
4140,4200,425.97,1977.9,205.3,11758.8379
4200,4260,425.73,1976.0,194.4,11513.5586
4260,4320,425.36,1975.5,184.4,11543.0869
4320,4380,425.44,1974.5,177.4,11068.3184
4380,4440,424.74,1976.1,179.6,11414.2041
4440,4500,425.82,1977.4,180.9,11645.1484
4500,4560,425.22,1979.1,181.8,12140.5254
4560,4620,425.02,1983.4,187.3,11306.3525
4620,4680,425.13,1986.8,194.0,11483.2715
4680,4740,425.58,1987.8,196.5,11264.7891
4740,4800,425.82,1985.7,194.2,11838.7666
4800,4860,425.18,1982.6,184.0,11272.2842
4860,4920,425.39,1981.7,182.3,11440.1387
4920,4980,425.33,1979.0,178.4,11216.2344
4980,5040,424.55,1977.7,174.9,11133.6494
5040,5100,427.57,1978.0,175.6,11417.8701
5100,5160,426.25,1980.8,179.9,11675.4180
5160,5220,425.80,1980.2,177.5,11463.5410
5220,5280,426.12,1980.3,179.5,11565.2744
5280,5340,426.03,1979.6,178.9,11415.4297
5340,5400,426.70,1980.2,179.8,11679.3418
5400,5460,425.73,1978.8,194.9,11524.6055
5460,5520,425.75,1978.7,196.0,11564.7500
5520,5580,425.48,1979.2,180.3,11591.3984
5580,5640,425.14,1978.8,177.9,11223.4297
5640,5700,425.62,1980.8,178.6,11556.4531
5700,5760,425.39,1980.9,179.6,11443.0039
5760,5820,425.59,1981.5,183.0,11713.6729
5820,5880,426.46,1982.6,182.5,11879.9307
5880,5940,426.17,1985.1,188.9,11826.6748
5940,6000,426.39,1986.9,189.7,11868.7412
6000,6060,426.63,1987.4,191.3,11922.9668
6060,6120,427.66,1988.6,194.4,12419.2021
6120,6180,427.64,1990.5,194.0,12514.9424
6180,6240,427.37,1988.9,191.4,12242.1670
6240,6300,426.13,1985.4,180.9,11594.9189
6300,6360,427.03,1988.4,189.8,11874.9131
6360,6420,426.95,1988.4,190.1,11894.3555
6420,6480,427.67,1990.6,190.3,11894.9902
6480,6540,427.42,1992.6,190.9,12095.0176
6540,6600,428.12,1995.3,191.4,12133.0527
6600,6660,428.53,1996.0,196.7,12363.1504
6660,6720,428.88,1996.6,198.7,12598.8428
6720,6780,429.11,1996.8,199.3,12640.4414
6780,6840,429.70,1997.0,198.1,12703.9443
6840,6900,429.51,1995.6,200.8,12209.3555
6900,6960,430.16,1997.1,201.7,12397.9668
6960,7020,430.26,1997.3,198.6,12435.9785
7020,7080,430.35,1997.6,199.2,12342.4863
7080,7140,429.97,1998.2,197.0,12202.0869
7140,7200,430.01,1999.6,201.2,12179.2979
7200,7260,429.89,1999.8,201.4,12054.7969
7260,7320,430.88,2000.7,202.3,12468.4688
7320,7380,431.22,2001.2,205.2,12277.2598
7380,7440,431.11,2001.9,207.0,12069.4053
7440,7500,430.99,2003.5,212.8,11887.8945
7500,7560,431.63,2006.9,214.0,12187.8818
7560,7620,432.03,2009.2,215.1,12331.8252
7620,7680,431.76,2007.9,217.1,12144.1035
7680,7740,431.85,2007.0,213.9,12079.5957
7740,7800,431.52,2006.1,213.8,11966.5254
7800,7860,433.74,2005.2,231.8,12161.0391
7860,7920,441.69,2004.7,287.0,12278.7822
7920,7980,443.39,2005.7,316.0,12620.3740
7980,8040,446.42,2008.7,361.3,12825.4766
8040,8100,451.64,2007.8,360.0,12773.6094
8100,8160,449.14,2008.7,351.1,12909.1045
8160,8220,447.14,2010.2,335.8,13002.1045
8220,8280,448.75,2011.8,389.5,13256.1445
8280,8340,441.46,2008.2,306.3,13041.1270
8340,8400,441.87,2008.3,283.5,13114.7158
8400,8460,443.19,2008.5,275.8,13283.8955
8460,8520,443.18,2007.5,270.9,13315.6514
8520,8580,442.33,2006.9,269.6,13269.7949
8580,8640,440.50,2006.2,269.5,13117.3018
8640,8700,440.11,2006.6,271.2,13062.8018
8700,8760,444.11,2010.3,284.0,13544.2959
8760,8820,447.37,2020.3,739.1,13757.9258
8820,8880,440.22,2010.4,436.7,13321.6445
8880,8940,438.36,2008.8,345.2,13312.2188
8940,9000,438.42,2007.1,306.2,13241.6143
9000,9060,439.62,2006.6,285.2,13311.1357
9060,9120,439.07,2006.0,265.7,13275.0791
9120,9180,441.13,2006.9,274.0,13448.6992
9180,9240,442.19,2006.9,282.9,13413.7959
9240,9300,442.44,2007.7,272.2,13365.1006
9300,9360,440.87,2007.9,263.3,13293.9316
9360,9420,443.83,2009.1,273.5,13486.9727
9420,9480,443.80,2009.8,274.1,13448.1846
9480,9540,440.48,2009.1,255.9,13302.5293
9540,9600,441.88,2009.9,264.1,13285.5957
9600,9660,442.67,2009.8,262.0,13354.0547
9660,9720,442.29,2009.8,272.4,13184.2549
9720,9780,440.22,2011.6,259.0,13011.0293
9780,9840,438.42,2013.8,242.4,13034.1611
9840,9900,440.33,2013.8,240.8,13159.9365
9900,9960,439.85,2013.9,235.2,13197.9170
9960,10020,438.73,2013.6,229.7,13152.9658
10020,10080,437.60,2013.3,214.8,13122.7061
10080,10140,436.35,2011.7,215.1,13096.1797
10140,10200,434.96,2009.9,210.3,13091.6338
10200,10260,434.39,2009.0,207.5,13063.1875
10260,10320,435.94,2008.9,206.3,13172.0957
10320,10380,435.78,2008.5,204.5,13146.6650
10380,10440,436.23,2007.1,210.0,13154.1768
10440,10500,437.94,2006.6,216.7,13233.7012
10500,10560,438.99,2007.0,224.5,13199.8682
10560,10620,436.30,2006.5,213.0,13105.5469
10620,10680,436.49,2006.3,208.0,13106.1973
10680,10740,435.19,2006.5,207.2,13044.4502
10740,10800,436.37,2005.5,204.6,13115.5479
10800,10860,439.05,2006.1,229.9,13124.0146
10860,10920,438.45,2004.8,214.7,13174.9775
10920,10980,434.58,2003.4,201.7,12958.9102
10980,11040,435.94,2004.1,239.1,13000.6973
11040,11100,439.43,2004.4,281.0,13059.8418
11100,11160,437.60,2003.9,232.0,13002.0527
11160,11220,436.73,2004.1,211.5,12972.0137
11220,11280,437.36,2003.9,205.2,12993.1025
11280,11340,437.62,2003.7,199.2,12960.0039
11340,11400,436.54,2004.2,198.8,12926.8223
11400,11460,435.72,2005.0,206.0,12796.8857
11460,11520,435.51,2004.1,201.7,12742.4033
11520,11580,437.01,2004.2,211.4,12731.1553
11580,11640,436.77,2003.3,210.3,12685.3115
11640,11700,436.60,2003.8,211.6,12687.7783
11700,11760,434.14,2002.4,196.0,12532.9932
11760,11820,435.14,2002.5,190.5,12583.2910
11820,11880,434.94,2003.2,196.7,12513.9658
11880,11940,435.87,2002.9,198.1,12534.6641
11940,12000,434.27,2002.9,191.0,12421.8838
12000,12060,435.13,2003.8,190.7,12474.7734
12060,12120,436.25,2003.8,192.5,12471.7617
12120,12180,435.36,2003.0,191.9,12386.3516
12180,12240,434.46,2003.2,192.4,12307.1152
12240,12300,434.73,2003.8,195.1,12273.3125
12300,12360,435.72,2003.8,197.0,12324.5088
12360,12420,436.43,2004.2,198.8,12358.4219
12420,12480,435.75,2003.8,192.6,12223.2871
12480,12540,438.11,2005.2,193.2,12353.6621
12540,12600,434.79,2004.5,188.5,12121.6406
12600,12660,435.44,2005.1,199.7,12145.2910
12660,12720,435.73,2005.4,213.1,12072.2188
12720,12780,437.16,2005.9,208.1,12152.0928
12780,12840,437.09,2005.3,206.2,12122.4600
12840,12900,435.72,2005.6,191.5,11994.4932
12900,12960,437.38,2006.1,192.4,12053.5752
12960,13020,437.21,2005.5,190.9,11999.8896
13020,13080,436.63,2005.6,194.7,11895.9121
13080,13140,437.05,2005.8,189.0,11887.7236
13140,13200,438.00,2005.5,189.0,11924.3730
13200,13260,437.66,2005.3,187.0,11846.2764
13260,13320,437.65,2005.2,187.8,11872.5059
13320,13380,436.69,2004.6,186.6,11765.3799
13380,13440,436.91,2004.2,189.8,11722.4063
13440,13500,437.13,2004.7,189.4,11754.2070
13500,13560,437.18,2004.2,189.4,11717.9385
13560,13620,436.97,2003.6,190.1,11624.5127
13620,13680,438.61,2003.9,191.3,11690.9111
13680,13740,436.76,2003.1,199.4,11580.8516
13740,13800,437.78,2003.7,203.5,11637.8936
13800,13860,437.52,2003.7,202.3,11598.7686
13860,13920,436.51,2003.0,199.9,11523.7764
13920,13980,436.68,2002.4,197.6,11512.5830
13980,14040,436.22,2001.7,192.6,11508.8975
14040,14100,437.96,2002.4,192.8,11610.4863
14100,14160,435.12,1999.6,187.4,11439.5020
14160,14220,434.84,1998.9,187.3,11454.0010
14220,14280,434.76,1998.7,186.0,11460.4795
14280,14340,433.79,1998.0,179.6,11401.9824
14340,14400,434.63,1997.9,180.8,11439.1221
14400,14460,434.68,1997.6,180.9,11439.6904
14460,14520,435.90,1997.0,181.7,11494.5283
14520,14580,434.82,1996.2,182.9,11425.6943
14580,14640,435.26,1996.1,182.3,11442.7305
14640,14700,434.62,1995.1,180.7,11389.5244
14700,14760,435.22,1994.0,184.4,11437.9102
14760,14820,434.68,1997.1,253.3,11393.5488
14820,14880,434.31,1994.3,224.2,11318.6826
14880,14940,434.52,1993.0,240.1,11302.7490
14940,15000,434.50,1992.4,220.4,11272.2832
15000,15060,434.11,1991.6,181.9,11219.2227
15060,15120,434.31,1991.6,179.2,11283.4893
15120,15180,434.27,1991.6,179.8,11249.8828
15180,15240,434.92,1992.5,177.1,11272.4063
15240,15300,435.93,1992.7,186.4,11360.4209
15300,15360,435.64,1992.2,187.0,11284.2773
15360,15420,436.80,1992.4,196.3,11337.1895
15420,15480,436.85,1991.6,181.0,11368.0273
15480,15540,435.76,1991.0,179.2,11316.7422
15540,15600,434.34,1990.2,187.0,11248.9346
15600,15660,435.42,1989.9,193.7,11320.7207
15660,15720,435.22,1989.2,191.0,11319.8535
15720,15780,435.47,1988.0,184.4,11372.3936
15780,15840,433.31,1986.6,178.1,11253.6563
15840,15900,433.96,1986.4,177.4,11289.8154
15900,15960,433.79,1985.2,176.4,11274.8486
15960,16020,434.30,1985.0,177.3,11276.9424
16020,16080,436.48,1984.1,179.2,11418.4736
16080,16140,435.23,1983.9,175.8,11348.6475
16140,16200,434.82,1983.8,175.2,11328.0742
16200,16260,435.16,1984.1,177.8,11324.0352
16260,16320,435.34,1983.4,175.1,11351.9951
16320,16380,434.73,1983.4,176.9,11315.8770
16380,16440,434.63,1982.5,175.4,11306.9971
16440,16500,435.12,1982.8,176.9,11337.0469
16500,16560,435.38,1982.8,176.2,11351.0879
16560,16620,435.96,1982.5,177.8,11374.7539
16620,16680,436.05,1982.4,176.8,11366.4375
16680,16740,435.74,1982.2,176.8,11319.1230
16740,16800,435.10,1981.7,173.7,11240.8633
16800,16860,434.70,1981.9,225.7,11169.9756
16860,16920,437.13,1982.1,249.3,11299.6289
16920,16980,434.64,1981.2,199.9,11142.9932
16980,17040,435.06,1981.2,195.4,11156.3867
17040,17100,435.05,1980.9,182.5,11114.7090
17100,17160,435.15,1981.9,178.8,11152.4961
17160,17220,435.65,1983.1,182.4,11174.9902
17220,17280,436.33,1983.7,181.3,11252.8730
17280,17340,435.92,1983.4,179.7,11214.2012
17340,17400,438.64,1987.0,189.1,11438.1289
17400,17460,440.07,1990.7,191.6,11552.2080
17460,17520,438.45,1990.6,195.1,11396.0273
17520,17580,441.48,1992.0,206.2,11499.3604
17580,17640,442.26,1993.8,206.8,11581.1240
17640,17700,441.00,1992.9,200.5,11580.7676
17700,17760,439.37,1990.8,197.2,11498.7783
17760,17820,442.62,1991.8,204.2,11645.4492
17820,17880,446.43,1990.0,200.7,11702.5869
17880,17940,440.62,1986.1,194.5,11355.7852
17940,18000,442.26,1988.0,210.9,11429.5732
18000,18060,441.40,1988.0,203.3,11378.3779
18060,18120,446.55,1990.0,206.6,11591.2910
18120,18180,442.38,1986.9,207.2,11317.5234
18180,18240,442.27,1987.7,203.4,11333.4717
18240,18300,439.46,1985.9,193.2,11193.5791
18300,18360,439.89,1986.6,194.0,11263.3828
18360,18420,439.93,1990.1,189.0,11332.9824
18420,18480,440.17,1990.4,187.7,11348.1982
18480,18540,442.69,1990.2,188.3,11445.9990
18540,18600,442.72,1987.4,189.4,11303.0527
18600,18660,442.94,1992.1,196.4,11440.2461
18660,18720,447.40,1991.8,198.5,11667.9180
18720,18780,445.20,1989.8,206.6,11512.8467
18780,18840,442.05,1991.8,193.4,11423.3555
18840,18900,442.08,1990.5,190.0,11343.4229
18900,18960,439.98,1988.5,187.7,11247.3984
18960,19020,444.40,1989.9,203.9,11400.6904
19020,19080,445.09,1988.3,203.6,11341.0488
19080,19140,443.64,1989.2,214.0,11295.0654
19140,19200,446.71,1988.0,207.2,11354.0469
19200,19260,444.36,1987.0,200.5,11378.0781
19260,19320,442.20,1987.4,189.9,11340.7891
19320,19380,448.39,1989.6,191.3,11669.4580
19380,19440,441.82,1991.5,186.6,11420.5254
19440,19500,441.21,1990.7,183.4,11369.0576
19500,19560,441.08,1990.3,233.9,11311.9014
19560,19620,440.24,1988.3,191.9,11301.1816
19620,19680,441.52,1989.6,176.0,11481.4717
19680,19740,439.99,1987.8,175.9,11372.6729
19740,19800,439.44,1987.3,177.6,11301.4844
19800,19860,439.90,1988.0,193.8,11304.6885
19860,19920,441.29,1989.9,199.0,11325.1240
19920,19980,438.80,1986.9,192.9,11271.8516
19980,20040,441.10,1987.6,201.3,11337.7051
20040,20100,439.27,1986.7,205.1,11206.0850
20100,20160,442.34,1987.5,215.5,11266.6211
20160,20220,441.51,1987.8,192.0,11356.6006
20220,20280,440.03,1987.0,184.3,11206.6885
20280,20340,440.73,1990.5,206.6,11236.8301
20340,20400,438.98,1989.3,185.5,11205.1846
20400,20460,437.74,1989.2,179.5,11189.2451
20460,20520,437.68,1987.2,206.3,11104.7832
20520,20580,438.63,1985.0,194.0,11172.4824
20580,20640,437.41,1985.3,178.7,11096.7100
20640,20700,437.72,1984.4,178.5,11086.6924
20700,20760,436.21,1985.6,174.9,11072.4053
20760,20820,439.57,1986.8,175.5,11244.5420
20820,20880,438.98,1987.1,185.2,11202.4092
20880,20940,440.51,1985.2,182.4,11173.9912
20940,21000,437.37,1984.1,211.3,11121.0430
21000,21060,439.02,1985.5,266.3,11187.9014
21060,21120,437.81,1986.8,175.0,11199.7627
21120,21180,438.55,1993.6,176.4,11219.8701
21180,21240,439.49,1991.4,185.3,11223.4102
21240,21300,439.62,1989.7,180.9,11251.2959
21300,21360,439.14,1990.5,179.2,11196.1104
21360,21420,438.26,1989.3,176.6,11219.3271
21420,21480,438.77,1988.2,176.2,11286.5322
21480,21540,439.35,1988.2,191.4,11186.3379
21540,21600,437.68,1988.7,179.0,11168.6514
21600,21660,436.85,1986.1,195.7,11120.6768
21660,21720,438.36,1985.0,202.8,11168.7217
21720,21780,440.03,1984.9,205.2,11211.0527
21780,21840,436.76,1983.8,189.0,11061.2598
21840,21900,439.84,1985.7,193.8,11219.5635
21900,21960,440.01,1986.1,188.1,11290.7510
21960,22020,438.44,1987.1,184.9,11192.8467
22020,22080,437.23,1985.9,180.7,11115.2656
22080,22140,436.50,1984.1,179.0,11099.4336
22140,22200,437.24,1983.3,178.7,11109.3945
22200,22260,436.70,1983.6,177.1,11093.3701
22260,22320,438.59,1984.8,178.2,11156.1426
22320,22380,438.14,1984.7,181.0,11161.8613
22380,22440,438.25,1987.0,180.5,11176.9346
22440,22500,436.39,1985.1,183.3,11044.1836
22500,22560,435.78,1984.1,188.6,11011.6602
22560,22620,436.46,1983.7,182.1,11063.9600
22620,22680,435.28,1982.8,181.4,10993.4219
22680,22740,438.59,1983.5,183.3,11182.9404
22740,22800,437.98,1984.3,182.8,11190.1514
