CampaignData_and_Merges/R0/CSL_MobileLab_Parked/raw/20240724/USOS-NOAAIodideCIMS-OrgNitrs_MobileLabGround_20240724_RA.ict
37, 1001
Michael A Robinson, Chris Jernigan, Subi Thakali
NOAA ESRL Chemical Sciences Laboratory and CIRES, U. of Colorado
NOAA Iodide CIMS Instrument
USOS
1, 1
2024, 07, 24, 2024, 07, 26
1
starttime_UTC, seconds_past_midnight, seconds_of_day_since_00:00:00_UTC
5
1, 1, 1, 1, 1
-9999, -9999, -9999, -9999, -9999
C4H7NO5_NOAACIMS, pptv, Gas_C4H7NO5_InSitu_S_AVMR, 
ISOPN_NOAACIMS, pptv, Gas_ISOPN_InSitu_S_AVMR, 
C5H10O3_NOAACIMS, pptv, Gas_C5H10O3_InSitu_S_AVMR, 
C5H9NO5_NOAACIMS, pptv, Gas_C5H9NO5_InSitu_S_AVMR, 
C10H17NO4_NOAACIMS, pptv, Gas_C10H17NO4_InSitu_S_AVMR, 
0
18
PI_CONTACT_INFO: 325 Broadway, R/CSD 7, Boulder, Colorado 80305; michael.a.robinson@noaa.gov; chris.jernigan@noaa.gov;
PLATFORM: NOAA CSL Mobile Lab
LOCATION: SLC, Utah
ASSOCIATED_DATA: 1Hz data also available on request.
INSTRUMENT_INFO: NOAA I- ToF CIMS
DATA_INFO: All data in parts per trillion by volume (pptv). 1 Hz data is available upon request.
UNCERTAINTY: TBD
ULOD_FLAG: -7777
ULOD_VALUE: N/A
LLOD_FLAG: -8888
LLOD_VALUE: N/A
DM_CONTACT_INFO: Nathan Howard; nathan.h.howard@noaa.gov
PROJECT_INFO: USOS, summer 2024. https://csl.noaa.gov/groups/csl7/measurements/2024usos/
STIPULATIONS_ON_USE: Users are strongly encouraged to contact the PI for proper data usage.
OTHER_COMMENTS: 
REVISION: RA
RA: Preliminary Data; For in-field use only
starttime_UTC, C4H7NO5_NOAACIMS, ISOPN_NOAACIMS, C5H10O3_NOAACIMS, C5H9NO5_NOAACIMS, C10H17NO4_NOAACIMS
[from data line 1011]
 60660, 29.398, 56.020, 109.473, 15.542,  1.295
 60720, 29.686, 55.126, 110.393, 15.599,  1.325
 60780, 29.791, 54.547, 105.888, 15.555,  1.302
 60840, 30.402, 55.535, 106.142, 15.741,  1.458
 60900, 31.896, 56.884, 108.162, 16.071,  1.205
 60960, 31.593, 56.304, 108.987, 16.146,  1.253
 61020, 31.346, 56.635, 114.144, 15.980,  1.298
 61080, 30.559, 53.478, 111.419, 15.649,  1.208
 61140, 32.276, 56.746, 116.880, 16.073,  1.228
 61200, 31.943, 55.991, 117.662, 15.885,  1.264
 61260, 32.331, 56.824, 125.623, 16.140,  1.205
 61320, 32.564, 55.527, 122.414, 16.110,  1.109
 61380, 32.235, 55.057, 126.193, 15.980,  1.199
 61440, 32.136, 54.863, 122.566, 15.542,  1.019
 61500, 32.267, 55.040, 127.984, 15.854,  1.206
 61560, 31.849, 56.302, 129.233, 15.747,  1.211
 61620, 31.374, 53.360, 112.640, 13.788,  2.060
 61680, 30.780, 52.757, 118.965, 15.302,  0.857
 61740, 30.957, 51.116, 125.096, 15.393,  0.995
 61800, 31.337, 48.062, 120.227, 15.692,  1.047
 61860, 26.161, 37.358, 113.064, 13.941,  0.954
 61920, 26.268, 36.202, 108.957, 13.936,  0.935
 61980, 27.999, 39.544, 112.253, 14.115,  1.071
 62040, 28.864, 39.083, 108.392, 14.456,  1.076
 62100, 29.551, 39.172, 111.588, 14.768,  0.975
 62160, 27.700, 36.931, 111.404, 14.332,  0.880
 62220, 19.187, 25.903, 111.108, 11.510,  0.652
 62280, 18.153, 24.405, 110.819, 11.218,  0.561
 62340, 18.247, 24.169, 111.496, 10.871,  0.639
 62400, 18.153, 23.407, 110.277, 10.698,  0.580
 62460, 18.346, 23.771, 106.591, 10.267,  0.604
 62520, 18.611, 25.017, 110.558, 10.560,  0.666
 62580, 19.987, 25.033, 109.939, 10.883,  0.576
 62640, 22.129, 27.771, 116.544, 11.917,  0.711
 62700, 21.723, 27.309, 114.469, 11.713,  0.824
 62760, 21.408, 26.149, 113.019, 11.954,  0.781
 62820, 21.453, 25.870, 111.371, 11.936,  0.738
 62880, 21.585, 25.564, 107.990, 11.596,  0.700
 62940, 21.724, 26.067, 110.574, 12.079,  0.723
 63000, 21.571, 25.236, 107.667, 11.886,  0.718
 63060, 21.759, 25.591, 110.509, 11.937,  0.797
 63120, 21.880, 25.241, 108.615, 11.973,  0.671
 63180, 22.081, 24.949, 105.727, 11.839,  0.743
 63240, 24.220, 23.519, 96.650, 12.621,  0.712
 63300, 25.054, 23.744, 98.327, 12.974,  0.852
 63360, 25.263, 23.975, 91.054, 12.970,  0.785
 63420, 25.785, 23.279, 89.190, 13.312,  1.000
 63480, 25.105, 21.147, 73.404, 12.783,  0.697
 63540, 25.310, 20.735, 74.263, 13.193,  0.640
 63600, 24.834, 19.462, 70.261, 13.123,  0.738
 63660, 24.352, 19.464, 72.249, 12.631,  0.747
 63720, 24.464, 19.696, 72.184, 13.051,  0.833
 63780, 24.539, 20.395, 74.547, 13.050,  0.800
 63840, 24.121, 18.895, 71.125, 12.743,  0.712
 63900, 24.364, 19.037, 69.522, 13.020,  0.644
 63960, 24.918, 20.219, 71.432, 13.036,  0.807
 64020, 24.875, 20.226, 73.147, 13.144,  0.703
 64080, 25.131, 20.178, 71.393, 13.335,  0.716
 64140, 24.850, 21.067, 73.973, 13.318,  0.822
 64200, 24.569, 19.795, 69.237, 13.275,  0.679
 64260, 24.176, 18.688, 69.632, 13.481,  0.665
 64320, 23.925, 17.907, 66.522, 13.228,  0.772
 64380, 24.326, 17.972, 67.702, 13.346,  0.775
 64440, 22.813, 18.582, 66.915, 13.005,  0.782
 64500, 20.955, 17.298, 62.434, 12.288,  0.706
 64560, 18.735, 16.008, 60.478, 11.157,  0.705
 64620, 18.146, 14.957, 62.183, 10.825,  0.777
 64680, 18.020, 14.833, 60.860, 11.058,  0.703
 64740, 19.248, 15.761, 60.786, 11.442,  0.738
 64800, 18.485, 14.594, 58.724, 11.216,  0.636
 64860, 18.561, 14.984, 58.730, 11.134,  0.691
 64920, 18.106, 14.195, 57.971, 10.953,  0.636
 64980, 18.132, 14.595, 61.653, 11.194,  0.853
 65040, 17.770, 13.583, 58.363, 10.599,  0.585
 65100, 17.344, 13.681, 62.727, 10.317,  0.681
 65160, 17.482, 13.613, 60.562, 10.515,  0.585
 65220, 17.234, 13.273, 62.744, 10.378,  0.580
 65280, -9999.000, -9999.000, -9999.000, -9999.000, -9999.000
 65340, 16.973, 14.636, 50.950, 10.049,  0.537
 65400, 17.390, 14.081, 56.235, 10.832,  0.540
 65460, 17.636, 14.542, 57.769, 10.778,  0.604
 65520, 17.472, 14.449, 59.292, 10.694,  0.640
 65580, 17.680, 14.987, 61.257, 10.568,  0.650
 65640, 17.490, 13.629, 58.349, 10.479,  0.570
 65700, 17.452, 13.778, 60.058, 10.730,  0.625
 65760, 17.442, 13.219, 59.681, 10.576,  0.661
 65820, 17.595, 13.702, 58.973, 11.070,  0.675
 65880, 17.619, 13.258, 53.309, 10.559,  0.589
 65940, 17.814, 13.369, 52.428, 10.656,  0.655
 66000, 17.580, 13.618, 50.844, 10.621,  0.627
 66060, 17.794, 12.728, 52.018, 10.610,  0.639
 66120, 17.952, 12.300, 50.107, 10.810,  0.635
 66180, 17.763, 12.420, 49.481, 10.917,  0.564
 66240, 17.606, 12.308, 50.214, 10.636,  0.685
 66300, 16.388, 11.752, 50.473, 10.507,  0.601
 66360, 15.641, 11.432, 48.298, 10.039,  0.648
 66420, 15.309, 11.546, 51.491,  9.921,  0.623
 66480, 15.722, 11.416, 49.618,  9.752,  0.601
 66540, 16.319, 11.278, 49.549, 10.189,  0.523
 66600, 16.481, 11.611, 48.082, 10.372,  0.594
 66660, 16.057, 11.005, 46.098, 10.027,  0.529
 66720, 15.478, 10.737, 48.896,  9.774,  0.530
 66780, 15.399, 10.451, 46.507,  9.614,  0.513
 66840, 15.401, 10.453, 46.380,  9.844,  0.628
 66900, 14.646, 11.279, 46.876,  9.568,  0.434
 66960, 14.765, 10.524, 45.075,  9.525,  0.535
 67020, 15.000, 11.204, 45.725,  9.644,  0.603
 67080, 14.877, 10.334, 44.527,  9.855,  0.512
 67140, -9999.000, -9999.000, -9999.000, -9999.000, -9999.000
 67200, 13.473,  9.682, 40.399,  8.951,  0.513
 67260, 14.084,  9.798, 37.933,  9.158,  0.455
 67320, 13.224,  9.567, 36.733,  8.969,  0.474
 67380, 14.491,  9.783, 35.669,  9.062,  0.556
 67440, 14.998,  9.639, 36.770,  9.500,  0.414
 67500, 14.982, 10.425, 40.360,  9.536,  0.565
 67560, 14.199,  9.340, 38.964,  9.219,  0.458
 67620, 14.951,  9.536, 36.740,  9.187,  0.529
 67680, 14.186,  9.037, 36.264,  9.427,  0.443
 67740, 13.788,  8.753, 37.225,  9.307,  0.525
 67800, 13.733,  8.751, 37.431,  9.223,  0.515
 67860, 13.682,  9.165, 36.904,  9.060,  0.552
 67920, 12.065,  7.912, 32.772,  8.388,  0.446
 67980, 11.810,  8.642, 32.060,  8.443,  0.467
 68040, 12.128,  8.438, 33.196,  8.320,  0.547
 68100, 12.519,  8.948, 32.858,  8.584,  0.401
 68160, 12.385,  8.115, 31.533,  8.557,  0.501
 68220, 12.102,  7.713, 29.415,  8.103,  0.444
 68280, 12.128,  7.402, 30.129,  8.139,  0.420
 68340, 11.231,  6.899, 27.730,  8.360,  0.428
 68400, 11.931,  7.586, 28.871,  8.107,  0.387
 68460, 12.245,  8.048, 30.922,  8.216,  0.355
 68520, 12.049,  7.752, 32.209,  8.461,  0.482
 68580, 12.634,  8.219, 31.790,  8.338,  0.495
 68640, 12.295,  7.541, 32.726,  8.461,  0.398
 68700, 11.741,  7.634, 33.205,  8.301,  0.537
 68760, 10.784,  6.868, 28.109,  7.761,  0.470
 68820, 10.654,  6.573, 25.524,  7.360,  0.421
 68880, 11.748,  6.812, 27.807,  7.534,  0.516
 68940, 11.337,  7.129, 26.374,  7.839,  0.592
 69000, -9999.000, -9999.000, -9999.000, -9999.000, -9999.000
 69060, 11.372,  7.160, 22.390,  7.784,  0.402
 69120, 11.969,  7.121, 26.542,  8.066,  0.471
 69180, 12.950,  7.855, 26.279,  8.587,  0.430
 69240, 12.744,  8.304, 27.578,  8.364,  0.405
 69300, 13.216,  9.024, 28.341,  8.602,  0.347
 69360, 12.997,  8.034, 28.355,  8.850,  0.465
 69420, 13.319,  8.679, 31.007,  9.261,  0.528
 69480, 12.860,  8.381, 30.300,  9.063,  0.448
 69540, 12.510,  8.261, 27.765,  8.808,  0.273
 69600, 13.016,  8.507, 30.071,  8.737,  0.469
 69660, 13.005,  9.005, 31.071,  9.070,  0.467
 69720, 12.651,  8.573, 32.870,  9.152,  0.455
 69780, 12.481,  8.400, 31.362,  9.156,  0.550
 69840, 12.643,  9.064, 30.335,  8.836,  0.455
 69900, 12.464,  9.089, 31.790,  8.471,  0.409
 69960, 12.072,  8.579, 30.954,  8.346,  0.671
 70020, 11.900,  9.477, 32.099,  8.219,  1.399
 70080, 11.721,  9.050, 31.709,  8.023,  0.813
 70140, 11.222,  8.263, 31.654,  7.923,  0.573
 70200, 11.055,  7.912, 30.000,  7.635,  0.499
 70260, 11.131,  8.211, 30.995,  7.735,  0.304
 70320, 10.899,  8.181, 30.378,  7.766,  0.492
 70380, 10.865,  8.046, 29.664,  7.739,  0.427
 70440, 11.438,  8.108, 28.052,  8.138,  0.517
 70500, 11.583,  8.138, 27.314,  8.076,  0.414
 70560, 11.557,  7.805, 27.370,  8.251,  0.368
 70620, 11.415,  7.290, 25.965,  7.856,  0.399
 70680, 11.371,  7.545, 25.961,  7.876,  0.369
 70740, 11.260,  7.862, 27.177,  8.191,  0.422
 70800, 11.161,  8.239, 25.450,  7.760,  0.252
 70860, 10.562,  7.436, 25.520,  8.306,  0.426
 70920, 10.047,  7.742, 25.375,  7.700,  0.458
 70980,  9.926,  8.420, 28.050,  7.733,  0.445
 71040,  9.859,  7.849, 27.133,  7.403,  0.372
 71100, 10.019,  8.281, 28.047,  7.635,  0.496
 71160, 10.601,  7.742, 26.938,  7.631,  0.424
 71220, 10.621,  7.499, 24.021,  7.776,  0.454
 71280, 10.228,  7.898, 24.403,  7.728,  0.298
 71340,  9.427,  6.633, 23.818,  7.558,  0.286
 71400,  8.321,  5.696, 21.578,  6.857,  0.276
 71460,  7.400,  5.116, 19.159,  6.374,  0.210
 71520,  7.368,  5.017, 19.246,  6.584,  0.255
 71580,  7.311,  5.521, 21.644,  6.346,  0.260
 71640,  7.165,  5.230, 19.967,  6.404,  0.248
 71700,  6.373,  4.957, 18.585,  6.237,  0.248
 71760,  4.873,  4.029, 17.649,  5.317,  0.221
 71820,  4.751,  3.555, 15.481,  5.209,  0.190
 71880,  7.236,  5.139, 16.789,  5.908,  0.213
 71940,  6.789,  5.266, 16.486,  5.950,  0.218
 72000,  7.103,  5.090, 17.418,  5.938,  0.205
 72060,  7.406,  5.537, 16.917,  6.458,  0.202
 72120,  7.345,  5.049, 14.701,  6.356,  0.160
 72180,  6.995,  5.377, 15.326,  6.508,  0.261
 72240,  7.143,  5.493, 14.622,  6.255,  0.193
 72300,  6.687,  5.156, 15.793,  6.211,  0.119
 72360,  5.727,  4.569, 15.357,  5.905,  0.175
 72420,  5.667,  3.859, 13.392,  5.759,  0.180
 72480,  5.122,  3.397, 13.525,  5.388,  0.058
 72540,  5.712,  4.644, 21.579,  5.949,  0.194
 72600,  6.518,  5.464, 32.890,  5.998,  0.145
 72660, -9999.000, -9999.000, -9999.000, -9999.000, -9999.000
 72720,  7.507,  6.051, 23.601,  6.456,  0.135
 72780,  8.469,  6.569, 36.374,  6.828,  0.206
 72840,  8.596,  7.459, 41.578,  7.117,  0.106
 72900,  8.876,  7.661, 42.432,  7.228,  0.208
 72960,  9.031,  8.066, 46.766,  7.258,  0.229
 73020,  9.052,  8.386, 49.924,  7.572,  0.251
 73080,  8.655,  8.211, 53.550,  7.028,  0.169
 73140,  8.762,  9.742, 75.777,  6.745,  0.167
 73200,  9.129, 10.603, 92.657,  6.810,  0.168
 73260,  8.934,  9.444, 82.155,  6.837,  0.229
 73320,  9.591, 10.709, 91.615,  7.048,  0.224
 73380,  9.684, 10.525, 93.761,  6.835,  0.235
 73440,  9.626, 10.901, 92.297,  6.896,  0.246
 73500,  9.354, 10.104, 84.729,  6.831,  0.223
 73560,  7.696,  7.108, 47.448,  6.841,  0.247
 73620,  7.572,  6.586, 33.249,  6.587,  0.179
 73680,  7.767,  6.710, 30.240,  6.689,  0.192
 73740,  8.945,  8.437, 51.825,  6.908,  0.349
 73800, 10.520, 12.948, 94.692,  7.208,  0.312
 73860, 10.618, 13.617, 110.765,  7.386,  0.252
 73920, 10.631, 13.962, 114.869,  7.004,  0.312
 73980, 11.230, 14.368, 125.297,  7.144,  0.278
 74040, 11.416, 15.704, 130.016,  7.120,  0.343
 74100, 10.382, 12.643, 111.030,  7.460,  0.330
 74160,  9.946, 12.044, 86.703,  7.566,  0.384
 74220, 10.076, 11.604, 79.605,  7.469,  0.294
 74280, 10.551, 12.864, 83.821,  7.752,  0.289
 74340, 10.710, 14.058, 89.992,  7.742,  0.404
 74400, 11.078, 15.310, 101.245,  7.531,  0.503
 74460, 10.865, 14.973, 98.098,  7.455,  0.545
 74520, 10.199, 11.549, 79.779,  9.373,  0.341
 74580,  9.860, 11.804, 67.111,  7.136,  0.414
 74640,  9.732, 12.375, 67.917,  7.409,  0.464
 74700, 10.324, 14.716, 86.248,  7.410,  1.137
 74760, 10.296, 13.011, 85.518,  7.615,  0.581
 74820, 10.019, 12.586, 77.079,  7.457,  0.439
 74880, 10.295, 12.989, 80.813,  7.433,  0.250
 74940, 10.196, 12.777, 82.658,  7.444,  0.321
 75000, 10.370, 14.008, 85.984,  7.352,  0.393
 75060, 10.105, 12.463, 80.251,  7.318,  0.285
 75120,  9.986, 11.336, 76.944,  7.313,  0.374
 75180, 10.130, 12.184, 77.282,  7.325,  0.281
 75240, 10.632, 13.398, 82.942,  7.346,  0.218
 75300, 10.980, 14.442, 98.349,  7.409,  0.396
 75360, 10.535, 12.573, 88.689,  7.232,  0.401
 75420, 10.114, 11.783, 82.198,  7.390,  0.379
 75480, 10.537, 12.332, 89.442,  7.031,  0.302
 75540, 10.598, 12.148, 91.949,  7.187,  0.299
 75600,  9.956, 11.251, 82.596,  6.829,  0.277
 75660,  9.771, 10.275, 77.636,  6.867,  0.266
 75720,  9.575,  9.743, 69.821,  6.535,  0.177
 75780,  9.616,  9.772, 69.647,  6.614,  0.234
 75840,  9.761, 10.057, 70.261,  6.910,  0.273
 75900,  9.702,  9.390, 67.182,  6.759,  0.290
 75960,  9.911,  9.372, 62.587,  6.891,  0.295
 76020, 10.061, 10.164, 65.395,  6.975,  0.258
 76080, 10.093, 10.034, 66.130,  7.163,  0.350
 76140,  9.955, 10.325, 71.928,  6.862,  0.214
 76200, 10.211, 10.561, 75.325,  7.031,  0.319
 76260, 10.224, 10.212, 81.641,  6.627,  0.237
 76320, 10.268, 10.065, 80.933,  6.715,  0.175
 76380, -9999.000, -9999.000, -9999.000, -9999.000, -9999.000
 76440, 10.357, 10.570, 68.597,  6.546,  0.219
 76500, 10.387, 10.710, 80.473,  6.718,  0.306
 76560, 10.519, 11.182, 81.092,  6.807,  0.261
 76620, 10.518, 10.504, 83.433,  6.572,  0.181
 76680, 10.579, 11.101, 84.948,  6.643,  0.235
 76740, 10.587, 10.925, 86.685,  6.895,  0.435
 76800, 10.872, 11.419, 90.284,  6.560,  0.336
 76860, 10.739, 11.157, 89.490,  6.807,  0.327
 76920, 10.706, 11.338, 86.037,  6.572,  0.309
 76980, 10.229, 10.706, 83.835,  6.799,  0.315
 77040, 10.251, 10.163, 79.879,  6.264,  0.300
 77100, 10.370, 10.625, 77.050,  6.861,  0.243
 77160, 10.152, 10.617, 74.607,  6.684,  0.257
 77220, 10.533, 11.105, 83.259,  6.812,  0.210
 77280, 10.810, 13.323, 102.501,  6.604,  0.283
 77340, 10.713, 13.035, 108.324,  6.729,  0.256
 77400, 10.376, 11.817, 97.079,  6.103,  0.237
 77460, 10.708, 13.016, 103.654,  6.467,  0.368
 77520, 11.170, 13.620, 118.487,  6.342,  0.269
 77580, 11.401, 14.277, 123.580,  6.341,  0.189
 77640, 11.743, 14.939, 138.402,  6.281,  0.172
 77700, 11.728, 15.008, 142.265,  6.481,  0.241
 77760, 11.714, 14.736, 146.037,  6.806,  0.254
 77820, 11.596, 15.503, 150.266,  6.547,  0.214
 77880, 11.531, 15.310, 146.993,  6.288,  0.295
 77940, 11.495, 14.348, 146.115,  6.529,  0.342
 78000, 10.961, 13.372, 129.120,  6.402,  0.128
 78060, 10.287, 11.948, 107.507,  6.100,  0.216
 78120,  9.872, 11.129, 94.456,  6.390,  0.174
 78180,  9.962, 11.312, 89.001,  6.425,  0.161
 78240,  9.028,  9.446, 53.848,  5.838,  0.079
 78300,  8.800,  8.675, 53.358,  6.038,  0.097
 78360,  8.864,  9.462, 55.559,  5.695,  0.107
 78420,  8.965,  9.475, 57.647,  5.712,  0.118
 78480,  9.152, 10.460, 66.141,  5.608,  0.183
 78540,  9.527, 10.138, 70.102,  6.038,  0.237
 78600,  9.686, 10.842, 72.602,  6.128,  0.196
 78660,  9.345, 10.997, 70.919,  5.929,  0.157
 78720,  9.126, 10.064, 66.750,  5.797,  0.209
 78780,  9.551, 10.401, 73.323,  5.892,  0.159
 78840,  9.269,  9.950, 67.534,  5.787,  0.129
 78900,  9.068,  9.325, 58.898,  5.786,  0.186
 78960,  9.288,  9.569, 65.250,  5.754,  0.131
 79020,  9.293,  9.758, 69.297,  5.771,  0.175
 79080,  9.618, 10.463, 81.650,  5.732,  0.150
 79140, 10.442, 13.869, 113.806,  5.961,  0.214
 79200, 10.226, 12.421, 113.815,  6.036,  0.153
 79260, 10.179, 11.755, 106.367,  6.081,  0.086
 79320, 10.298, 12.027, 110.108,  6.350,  0.160
 79380, 10.305, 11.222, 98.957,  6.448,  0.225
 79440, 10.278, 11.299, 101.168,  6.349,  0.143
 79500,  9.962, 11.083, 100.027,  6.097,  0.133
 79560,  9.682,  9.910, 88.854,  6.015,  0.144
 79620,  9.602,  9.654, 87.185,  5.837,  0.179
 79680,  9.829, 10.132, 91.731,  6.034,  0.125
 79740,  9.019,  9.175, 76.058,  5.809,  0.162
 79800,  8.732,  8.509, 68.765,  6.150,  0.121
 79860,  8.790,  8.640, 67.076,  5.640,  0.197
 79920,  8.786,  9.134, 66.795,  5.800,  0.099
 79980,  8.834,  9.003, 68.218,  5.646,  0.193
 80040,  8.901,  9.276, 69.768,  5.547,  0.313
 80100,  9.205,  7.358, 55.973,  6.161, -0.089
 80160,  8.953,  8.244, 56.546,  5.522,  0.086
 80220,  9.007,  8.307, 57.933,  5.616,  0.178
 80280,  8.958,  8.680, 61.020,  5.799,  0.109
 80340,  8.862,  8.160, 52.309,  5.449,  0.144
 80400,  9.041,  8.308, 55.808,  5.551,  0.192
 80460,  9.109,  8.103, 56.978,  5.747,  0.096
 80520,  9.040,  8.479, 58.763,  5.658,  0.137
 80580,  9.719,  9.680, 72.531,  5.779,  0.164
 80640,  9.933, 10.219, 79.894,  5.646,  0.160
 80700, 10.060, 10.167, 86.034,  5.867,  0.202
 80760, 10.183, 10.249, 87.591,  5.970,  0.116
