CampaignData_and_Merges/R0/CSL_MobileLab_Parked/raw/20240724/USOS-PTR_MobileLabGround_20240724_R0.ict
58, 1001
Matthew Coggon, Kelvin Bates, Chelsea Stockwell, Carsten Warneke
NOAA ESRL Chemical Sciences Division
NOAA PTR-ToF-MS
USOS
1,1 
2024, 07, 24, 2025, 09, 19
0
Time_Start, seconds, number of seconds from 00:00 UTC 
22
1, 1, 1, 1, 1, 1, 1, 1, 1, 1, 1, 1, 1, 1, 1, 1, 1, 1, 1, 1, 1, 1
-9999, -9999, -9999, -9999, -9999, -9999, -9999, -9999, -9999, -9999, -9999, -9999, -9999, -9999, -9999, -9999, -9999, -9999, -9999, -9999, -9999, -9999
CH3OH_NOAAPTR_ppbv,  ppbv, Gas_CH3OH_InSitu_S_AVMR, (CH3OH) methanol
CH3CN_NOAAPTR_ppbv,  ppbv, Gas_CH3CN_InSitu_S_AVMR, (CH3CN) acetonitrile
CH3CHO_NOAAPTR_ppbv,  ppbv, Gas_CH3CHO_InSitu_S_AVMR, (CH3CHO) acetaldehyde plus contributions from ethylene glycol and ethylene oxide. Interference from ethanol has been subtracted out.
C2H5OH_NOAAPTR_ppbv,  ppbv, Gas_C2H5OH_InSitu_S_AVMR, (C2H5OH) ethanol
CH3SH_NOAAPTR_ppbv,  ppbv, Gas_CH3SH_InSitu_S_AVMR, (CH3SH) methanethiol, using calibration factor for DMS
Acrolein_NOAAPTR_ppbv,  ppbv, Gas_Acrolein_InSitu_S_AVMR, (C3H4O) acrolein
AcetonePropanal_NOAAPTR_ppbv,  ppbv, Gas_AcetoneAndPropanal_InSitu_S_AVMR, (C3H6O) sum of acetone (dominant isomer) and propanal, using calibration factor for acetone
DMS_NOAAPTR_ppbv,  ppbv, Gas_DMS_InSitu_S_AVMR, (C2H6S) dimethyl sulfide with possible small contributions from ethanethiol
C5H8_NOAAPTR_ppbv,  ppbv, Gas_Isoprene_InSitu_S_AVMR, (C5H8) isoprene and possible fragments from cycloalkanes and aldehydes. Interferences have been subtracted following methods described by Coggon et al (2023)
MVKMAC_NOAAPTR_ppbv,  ppbv, Gas_MVKAndMAC_InSitu_S_AVMR, (C4H6O) sum of methyl vinyl ketone, methacrolein, and small amounts of crotonaldehyde, using weighted calibration factor for MVK (0.637) and MACR (0.363)
Benzene_NOAAPTR_ppbv,  ppbv, Gas_Benzene_InSitu_S_AVMR, (C6H6) benzene
Toluene_NOAAPTR_ppbv,  ppbv, Gas_Toluene_InSitu_S_AVMR, (C7H8) toluene with possible small contributions of fragments from ethyltoluene
Styrene_NOAAPTR_ppbv,  ppbv, Gas_Styrene_InSitu_S_AVMR, (C8H8) styrene
Benzaldehyde_NOAAPTR_ppbv,  ppbv, Gas_Benzaldehyde_InSitu_S_AVMR, (C7H6O) benzaldehyde
C8Aromatics_NOAAPTR_ppbv,  ppbv, Gas_C8Aromatics_InSitu_M_AVMR, (C8H10) sum of m-xylene, p-xylene, o-xylene, and ethyl benzene
C9Aromatics_NOAAPTR_ppbv,  ppbv, Gas_C9Aromatics_InSitu_M_AVMR, (C9H12) sum of C9 aromatics
Naphthalene_NOAAPTR_ppbv,  ppbv, Gas_Naphthalene_InSitu_S_AVMR, (C10H8) naphthalene
Octanal_NOAAPTR_ppbv,  ppbv, Gas_Octanal_InSitu_S_AVMR, (C8H16O) octanal and small amounts of octanone
Monoterpenes_NOAAPTR_ppbv,  ppbv, Gas_Monoterpenes_InSitu_M_AVMR, (C10H16) sum of monoterpenes and possible contributions from fragments of oxygenated monoterpenoids such as eucalyptol.
Nonanal_NOAAPTR_ppbv,  ppbv, Gas_Nonanal_InSitu_M_AVMR, (C9H18O) nonanal and small amounts of nonanone
C7H4ClF3_NOAAPTR_ppbv,  ppbv, Gas_C7H4ClF3_InSitu_S_AVMR, (C7H4ClF3) parachlorobenzotrifluoride
C10H30O5Si5_NOAAPTR_ppbv,  ppbv, Gas_C10H30O5Si5_InSitu_S_AVMR, (C10H30O5Si5) decamethylcyclopentasiloxane
1
SPECIAL COMMENTS:N/A
21
PI_CONTACT_INFO: NOAA ESRL Chemical Sciences Division, Tropospheric Chemistry Group. 325 Broadway, R/CSD7, Boulder, CO 80305
PLATFORM: Mobile Laboratory.
LOCATION: Salt Lake City, UT
ASSOCIATED_DATA: N/A
INSTRUMENT_INFO: NOAA PTR-ToF-MS measurements on NOAA CSL Mobile Lab
DATA_INFO: Units: ppbv
UNCERTAINTY: See OTHER_COMMENTS
ULOD_FLAG: -7777
ULOD_VALUE: N/A
LLOD_FLAG: -8888
LLOD_VALUE: N/A.
DM_CONTACT_INFO: Data Managers: Matt Coggon, Kelvin Bates, Chelsea Stockwell; email: matthew.m.coggon@noaa.gov and kelvin.bates@colorado.edu
PROJECT_INFO: USOS Deployment July-August, 2024
STIPULATIONS_ON_USE: Use of these data require prior OK from PI.
OTHER_COMMENTS: Uncertainties:
CH3OH_NOAAPTR_ppbv:30%; CH3CN_NOAAPTR_ppbv:30%; CH3CHO_NOAAPTR_ppbv:30%; C2H5OH_NOAAPTR_ppbv:30%; CH3SH_NOAAPTR_ppbv:50%; Acrolein_NOAAPTR_ppbv:30%; AcetonePropanal_NOAAPTR_ppbv:30%; DMS_NOAAPTR_ppbv:30%; C5H8_NOAAPTR_ppbv:30%; MVKMAC_NOAAPTR_ppbv:30%; 
Benzene_NOAAPTR_ppbv:30%; Toluene_NOAAPTR_ppbv:30%; Styrene_NOAAPTR_ppbv:30%; Benzaldehyde_NOAAPTR_ppbv:30%; C8Aromatics_NOAAPTR_ppbv:30%; C9Aromatics_NOAAPTR_ppbv:30%; Naphthalene_NOAAPTR_ppbv:30%; Octanal_NOAAPTR_ppbv:30%; Monoterpenes_NOAAPTR_ppbv:30%; Nonanal_NOAAPTR_ppbv:30%; 
C7H4ClF3_NOAAPTR_ppbv:30%; C10H30O5Si5_NOAAPTR_ppbv:30%; 
REVISION: R0
R0: Calibrated PTR Data. See individual species comments for details about measurement uncertainties
Time_Start, CH3OH_NOAAPTR_ppbv, CH3CN_NOAAPTR_ppbv, CH3CHO_NOAAPTR_ppbv, C2H5OH_NOAAPTR_ppbv, CH3SH_NOAAPTR_ppbv, Acrolein_NOAAPTR_ppbv, AcetonePropanal_NOAAPTR_ppbv, DMS_NOAAPTR_ppbv, C5H8_NOAAPTR_ppbv, MVKMAC_NOAAPTR_ppbv, Benzene_NOAAPTR_ppbv, Toluene_NOAAPTR_ppbv, Styrene_NOAAPTR_ppbv, Benzaldehyde_NOAAPTR_ppbv, C8Aromatics_NOAAPTR_ppbv, C9Aromatics_NOAAPTR_ppbv, Naphthalene_NOAAPTR_ppbv, Octanal_NOAAPTR_ppbv, Monoterpenes_NOAAPTR_ppbv, Nonanal_NOAAPTR_ppbv, C7H4ClF3_NOAAPTR_ppbv, C10H30O5Si5_NOAAPTR_ppbv
[from data line 513]
30780.0, 9.48311, 0.33544, 1.37070, 2.23205, 0.00134, 0.26290, 5.25589, 0.00706, 0.57932, 0.75275, 0.05056, 0.12229, 0.00980, -0.03482, 0.06992, 0.03590, -0.01083, 0.02250, 0.12817, 0.03294, 0.00912, 0.00126 
30840.0, 9.82171, 0.34028, 1.41158, 2.25204, 0.00199, 0.22598, 5.31516, -0.00004, 0.58447, 0.77194, 0.11411, 0.14788, 0.00915, -0.02900, 0.09040, 0.03569, 0.01019, 0.00929, 0.11147, 0.04732, 0.00938, 0.00071 
30900.0, 10.30821, 0.31675, 1.44561, 2.21072, 0.00298, 0.22433, 5.35985, -0.00004, 0.58903, 0.75225, 0.07054, 0.15775, 0.01773, -0.05636, 0.08628, 0.03987, -0.00850, 0.01906, 0.13117, 0.03938, 0.00724, 0.00055 
30960.0, 9.24140, 0.32553, 1.40221, 1.89440, 0.00187, 0.23235, 5.30494, -0.00004, 0.56721, 0.78473, 0.09496, 0.14272, 0.00557, -0.04809, 0.07534, 0.02558, -0.00599, 0.02006, 0.12071, 0.03001, 0.00449, 0.00377 
31020.0, 9.94209, 0.31414, 1.32777, 2.28743, 0.00205, 0.23961, 5.39789, 0.00428, 0.52064, 0.77958, 0.01558, 0.13681, -0.00160, -0.01678, 0.08207, 0.02396, 0.01013, 0.01006, 0.13377, 0.02681, 0.00911, 0.00181 
31080.0, 10.38552, 0.30259, 1.40295, 2.06731, 0.00152, 0.21873, 5.38619, 0.00500, 0.62978, 0.79163, 0.09373, 0.17009, 0.00149, -0.03773, 0.08672, 0.02908, -0.00654, 0.03475, 0.12003, 0.03244, 0.00045, 0.00013 
31140.0, 9.37701, 0.32799, 1.49758, 2.61387, -0.00102, 0.24222, 5.40137, 0.01572, 0.62255, 0.77549, 0.05745, 0.14185, 0.00847, -0.02529, 0.09720, 0.03828, -0.00654, 0.01990, 0.13179, 0.03406, 0.01046, 0.00364 
31200.0, 10.83451, 0.33758, 1.46980, 2.46979, 0.00386, 0.26485, 5.39036, 0.00678, 0.56389, 0.76946, 0.06140, 0.15278, 0.00016, -0.02886, 0.08223, 0.03489, -0.01091, 0.02826, 0.09821, 0.04408, 0.01218, 0.00249 
31260.0, 9.39482, 0.34229, 1.54078, 2.34361, 0.00096, 0.24623, 5.32224, 0.00540, 0.64051, 0.75717, 0.06607, 0.16448, 0.00930, -0.02985, 0.08986, 0.03217, -0.00994, 0.01543, 0.12864, 0.02818, 0.00703, 0.00365 
31320.0, 10.37986, 0.34627, 1.56211, 2.42879, 0.00474, 0.27194, 5.41409, 0.00298, 0.59729, 0.78083, 0.07512, 0.16411, 0.00532, -0.03902, 0.07513, 0.03223, -0.00589, 0.02895, 0.12272, 0.03509, 0.00607, 0.00255 
31380.0, 9.73042, 0.31019, 1.44817, 2.25300, -0.00038, 0.23574, 5.38434, -0.00004, 0.59036, 0.81367, 0.11787, 0.15482, -0.00508, -0.03563, 0.06083, 0.03920, 0.00821, 0.02133, 0.12697, 0.05276, 0.00458, 0.00387 
31440.0, 11.06421, 0.33405, 1.50879, 2.36421, 0.00099, 0.24033, 5.47126, -0.00004, 0.64210, 0.78820, 0.07295, 0.17056, 0.00665, -0.01551, 0.08367, 0.04063, 0.00004, 0.02666, 0.14347, 0.02886, 0.00671, 0.00301 
31500.0, 10.39360, 0.34551, 1.55469, 2.43393, -0.00011, 0.29244, 5.43877, 0.00080, 0.60662, 0.79026, 0.05361, 0.16726, -0.00038, -0.03330, 0.08613, 0.03339, -0.00992, 0.01825, 0.14957, 0.03466, 0.00487, 0.00262 
31560.0, 9.96640, 0.33651, 1.46377, 2.59053, 0.00664, 0.24426, 5.56303, -0.00004, 0.65858, 0.78562, 0.05717, 0.17305, 0.01362, -0.03633, 0.10488, 0.03635, -0.00262, 0.05229, 0.13101, 0.03628, 0.00448, 0.00093 
31620.0, 10.09381, 0.35739, 1.54568, 2.68893, 0.00283, 0.24188, 5.57514, -0.00004, 0.63823, 0.81702, 0.10541, 0.16394, 0.01708, -0.02851, 0.09112, 0.04043, -0.00559, 0.02751, 0.14188, 0.03810, 0.00305, -0.00116 
31680.0, 10.22136, 0.33927, 1.52647, 2.56200, 0.00558, 0.24723, 5.45604, 0.01058, 0.63487, 0.79731, 0.08097, 0.15697, 0.01450, -0.03364, 0.09352, 0.03506, 0.00985, 0.01576, 0.12592, 0.04790, 0.00422, 0.00052 
31740.0, 10.99096, 0.35192, 1.46877, 2.60991, 0.00445, 0.25915, 5.38745, 0.00417, 0.61909, 0.85444, 0.09627, 0.16314, 0.00570, -0.02764, 0.09763, 0.03703, -0.00325, 0.01584, 0.11420, 0.05290, 0.00653, -0.00126 
31800.0, 10.83078, 0.32143, 1.47005, 2.75478, 0.00172, 0.22741, 5.47663, -0.00004, 0.62779, 0.79647, 0.04186, 0.17708, -0.00921, -0.02498, 0.08910, 0.03415, -0.00573, 0.03271, 0.13513, 0.04109, 0.00317, -0.00025 
31860.0, 11.55260, 0.33989, 1.54466, 2.54548, 0.00548, 0.23856, 5.42696, 0.01344, 0.57006, 0.76673, 0.02273, 0.16259, 0.01640, -0.03206, 0.08855, 0.03954, -0.01104, 0.01513, 0.15607, 0.02150, 0.00708, 0.00246 
31920.0, 9.87702, 0.37122, 1.51391, 2.69244, -0.00024, 0.23925, 5.45175, -0.00004, 0.58493, 0.78272, 0.03837, 0.15841, 0.00028, -0.01164, 0.09564, 0.03773, -0.01105, 0.01729, 0.13282, 0.04159, 0.00454, 0.00097 
31980.0, 10.36284, 0.32301, 1.35005, 2.07439, 0.00075, 0.23873, 5.44486, -0.00004, 0.69490, 0.81885, 0.02091, 0.13128, 0.01070, -0.03327, 0.08813, 0.03286, -0.00823, 0.03063, 0.11989, 0.03995, 0.00414, 0.00211 
32040.0, 10.31186, 0.31014, 1.48867, 2.20894, 0.00458, 0.23626, 5.41482, -0.00004, 0.61281, 0.81074, 0.02431, 0.15555, 0.02142, -0.04630, 0.09208, 0.03924, -0.01108, -0.00007, 0.12580, 0.04955, 0.00084, 0.00137 
32100.0, 11.18120, 0.33893, 1.45254, 2.53033, -0.00027, 0.26982, 5.45662, 0.00746, 0.58364, 0.78643, 0.07031, 0.18295, 0.00677, -0.02653, 0.09403, 0.03538, 0.01006, 0.02501, 0.14124, 0.03818, 0.00692, 0.00026 
32160.0, 10.35811, 0.32918, 1.41275, 2.14529, 0.00040, 0.27240, 5.51923, -0.00004, 0.62385, 0.85183, 0.07022, 0.15031, 0.01529, -0.00958, 0.07074, 0.03295, -0.01110, 0.02025, 0.11658, 0.02205, 0.00516, 0.00091 
32220.0, 11.37828, 0.32741, 1.49406, 2.12706, -0.00101, 0.25868, 5.50289, 0.00538, 0.63399, 0.82419, 0.07334, 0.13535, 0.00268, -0.02853, 0.07379, 0.03044, 0.00020, 0.02294, 0.11842, 0.03015, 0.00849, -0.00075 
32280.0, 10.88610, 0.35700, 1.38712, 2.18635, 0.00450, 0.25676, 5.51299, -0.00004, 0.61638, 0.78778, 0.09999, 0.12307, 0.00052, -0.01163, 0.07792, 0.03704, -0.00879, 0.03403, 0.11382, 0.05560, 0.00931, 0.00492 
32340.0, 10.63557, 0.33212, 1.37639, 1.97338, 0.00244, 0.24729, 5.40696, -0.00004, 0.62525, 0.81824, 0.09956, 0.11328, 0.01100, -0.02305, 0.07338, 0.02879, -0.01096, 0.03577, 0.13029, 0.04367, 0.00334, 0.00268 
32400.0, 9.72058, 0.35134, 1.38457, 1.92378, -0.00101, 0.26306, 5.37566, -0.00004, 0.59815, 0.80526, 0.06862, 0.16804, 0.02619, -0.02570, 0.07404, 0.03424, -0.00904, 0.02295, 0.14114, 0.02929, 0.00228, -0.00025 
32460.0, 10.57542, 0.33765, 1.44710, 2.16206, 0.00014, 0.24380, 5.36925, -0.00004, 0.65238, 0.81312, 0.00619, 0.12835, 0.00809, -0.00313, 0.06654, 0.03409, 0.00492, 0.01048, 0.13841, 0.05403, 0.00153, 0.00671 
32520.0, 9.40453, 0.34870, 1.39807, 2.48538, 0.00246, 0.30657, 5.48524, 0.00364, 0.62746, 0.88501, 0.05449, 0.13831, 0.01418, -0.01406, 0.06752, 0.01806, 0.00213, 0.02950, 0.13559, 0.03498, 0.00306, 0.00092 
32580.0, 10.28704, 0.35290, 1.45975, 2.34802, -0.00027, 0.28383, 5.50298, -0.00004, 0.61491, 0.82216, 0.02335, 0.12555, 0.00322, -0.02345, 0.08637, 0.03606, -0.00851, 0.02394, 0.12861, 0.02545, 0.00583, 0.00017 
32640.0, 10.36790, 0.32518, 1.45062, 2.05744, 0.00339, 0.28393, 5.43821, -0.00004, 0.63785, 0.82789, 0.06474, 0.14464, 0.00362, -0.01003, 0.09037, 0.03741, -0.00572, 0.01982, 0.14867, 0.04565, 0.00484, -0.00015 
32700.0, 10.91347, 0.32858, 1.53109, 2.08564, 0.00378, 0.25825, 5.51650, -0.00004, 0.58812, 0.83141, 0.08998, 0.15149, 0.01901, -0.01043, 0.08376, 0.03393, -0.00413, 0.02019, 0.14208, 0.03633, 0.00076, 0.00264 
32760.0, 9.91309, 0.32085, 1.56585, 2.13732, 0.00336, 0.25796, 5.42445, -0.00004, 0.66151, 0.80783, 0.04118, 0.13574, 0.01538, -0.02929, 0.10353, 0.05112, -0.00558, 0.02639, 0.14978, 0.04209, 0.00416, 0.00224 
32820.0, 11.93244, 0.35187, 1.45983, 2.36049, 0.00448, 0.25205, 5.46727, -0.00004, 0.68499, 0.80679, 0.01580, 0.13203, 0.01116, -0.01427, 0.06946, 0.02888, -0.01123, 0.02272, 0.12260, 0.02187, 0.00227, 0.00100 
32880.0, 11.84715, 0.33058, 1.52705, 2.81575, 0.00380, 0.29628, 5.46142, 0.00803, 0.66784, 0.83422, -0.00163, 0.14442, 0.00936, -0.01883, 0.09356, 0.04228, -0.00522, 0.03089, 0.15258, 0.04764, 0.00255, -0.00005 
32940.0, 10.85906, 0.32764, -9999.00000, 1.86150, 0.00063, 0.27649, 5.38828, -0.00004, -9999.00000, 0.85962, 0.07976, 0.13490, 0.01814, 0.02085, 0.06127, 0.02113, 0.00665, 0.02849, 0.12420, 0.05477, 0.00507, -0.00013 
33000.0, -9999.00000, -9999.00000, -9999.00000, -9999.00000, -9999.00000, -9999.00000, -9999.00000, -9999.00000, -9999.00000, -9999.00000, -9999.00000, -9999.00000, -9999.00000, -9999.00000, -9999.00000, -9999.00000, -9999.00000, -9999.00000, -9999.00000, -9999.00000, -9999.00000, -9999.00000 
33060.0, -9999.00000, -9999.00000, -9999.00000, -9999.00000, -9999.00000, -9999.00000, -9999.00000, -9999.00000, -9999.00000, -9999.00000, -9999.00000, -9999.00000, -9999.00000, -9999.00000, -9999.00000, -9999.00000, -9999.00000, -9999.00000, -9999.00000, -9999.00000, -9999.00000, -9999.00000 
33120.0, -9999.00000, -9999.00000, -9999.00000, -9999.00000, -9999.00000, -9999.00000, -9999.00000, -9999.00000, -9999.00000, -9999.00000, -9999.00000, -9999.00000, -9999.00000, -9999.00000, -9999.00000, -9999.00000, -9999.00000, -9999.00000, -9999.00000, -9999.00000, -9999.00000, -9999.00000 
33180.0, -9999.00000, -9999.00000, -9999.00000, -9999.00000, -9999.00000, -9999.00000, -9999.00000, -9999.00000, -9999.00000, -9999.00000, -9999.00000, -9999.00000, -9999.00000, -9999.00000, -9999.00000, -9999.00000, -9999.00000, -9999.00000, -9999.00000, -9999.00000, -9999.00000, -9999.00000 
33240.0, -9999.00000, -9999.00000, -9999.00000, -9999.00000, -9999.00000, -9999.00000, -9999.00000, -9999.00000, -9999.00000, -9999.00000, -9999.00000, -9999.00000, -9999.00000, -9999.00000, -9999.00000, -9999.00000, -9999.00000, -9999.00000, -9999.00000, -9999.00000, -9999.00000, -9999.00000 
33300.0, -9999.00000, -9999.00000, -9999.00000, -9999.00000, -9999.00000, -9999.00000, -9999.00000, -9999.00000, -9999.00000, -9999.00000, -9999.00000, -9999.00000, -9999.00000, -9999.00000, -9999.00000, -9999.00000, -9999.00000, -9999.00000, -9999.00000, -9999.00000, -9999.00000, -9999.00000 
33360.0, -9999.00000, -9999.00000, -9999.00000, -9999.00000, -9999.00000, -9999.00000, -9999.00000, -9999.00000, -9999.00000, -9999.00000, -9999.00000, -9999.00000, -9999.00000, -9999.00000, -9999.00000, -9999.00000, -9999.00000, -9999.00000, -9999.00000, -9999.00000, -9999.00000, -9999.00000 
33420.0, -9999.00000, -9999.00000, -9999.00000, -9999.00000, -9999.00000, -9999.00000, -9999.00000, -9999.00000, -9999.00000, -9999.00000, -9999.00000, -9999.00000, -9999.00000, -9999.00000, -9999.00000, -9999.00000, -9999.00000, -9999.00000, -9999.00000, -9999.00000, -9999.00000, -9999.00000 
33480.0, -9999.00000, -9999.00000, -9999.00000, -9999.00000, -9999.00000, -9999.00000, -9999.00000, -9999.00000, -9999.00000, -9999.00000, -9999.00000, -9999.00000, -9999.00000, -9999.00000, -9999.00000, -9999.00000, -9999.00000, -9999.00000, -9999.00000, -9999.00000, -9999.00000, -9999.00000 
33540.0, -9999.00000, -9999.00000, -9999.00000, -9999.00000, -9999.00000, -9999.00000, -9999.00000, -9999.00000, -9999.00000, -9999.00000, -9999.00000, -9999.00000, -9999.00000, -9999.00000, -9999.00000, -9999.00000, -9999.00000, -9999.00000, -9999.00000, -9999.00000, -9999.00000, -9999.00000 
33600.0, 11.36943, 0.35038, -9999.00000, 9.46848, 0.00375, 0.30516, 5.58936, -0.00005, -9999.00000, 0.91405, 0.49078, 1.09350, 0.05301, -0.00625, 0.58809, 0.21092, 0.00419, 0.01792, 0.14431, 0.04152, 0.00841, 0.00137 
33660.0, 10.41409, 0.34654, 1.53604, 2.30312, -0.00034, 0.29684, 5.41173, -0.00005, 0.62640, 0.86153, 0.07306, 0.11163, 0.01269, -0.01732, 0.07021, 0.03956, -0.00475, 0.02111, 0.14297, 0.03980, 0.00715, -0.00082 
33720.0, 11.90163, 0.32520, 1.41269, 2.09418, 0.00204, 0.25900, 5.36847, -0.00006, 0.57731, 0.83726, 0.04108, 0.13441, 0.01489, -0.03045, 0.06558, 0.02997, -0.00010, 0.01658, 0.11838, 0.03393, 0.00719, 0.00080 
33780.0, 11.77215, 0.34026, 1.44311, 2.55392, 0.00198, 0.27615, 5.49691, -0.00006, 0.58562, 0.81347, 0.05831, 0.14597, 0.02524, -0.01816, 0.08508, 0.02747, -0.00551, 0.02147, 0.12533, 0.03645, 0.00481, -0.00086 
33840.0, 11.14933, 0.32976, 1.46054, 2.15070, 0.00169, 0.26182, 5.48597, -0.00006, 0.59228, 0.82348, 0.05019, 0.11146, 0.02215, -0.01918, 0.07809, 0.03764, -0.01150, 0.02586, 0.14427, 0.03852, 0.00975, 0.00064 
33900.0, 11.48807, 0.36186, 1.44361, 1.88515, -0.00103, 0.24569, 5.41723, -0.00006, 0.64096, 0.83927, 0.08156, 0.15805, 0.01381, -0.01595, 0.06355, 0.02846, -0.00753, 0.03371, 0.15278, 0.04401, 0.00654, 0.00173 
33960.0, 10.41740, 0.33556, 1.48305, 2.08669, 0.00173, 0.25436, 5.45766, -0.00006, 0.59673, 0.83543, 0.05432, 0.13467, -0.00927, -0.00978, 0.06385, 0.02942, -0.00591, 0.03388, 0.13008, 0.04156, 0.00560, 0.00039 
34020.0, 10.54455, 0.30904, 1.57061, 1.93022, 0.00251, 0.26877, 5.52782, -0.00006, 0.63401, 0.89273, 0.06781, 0.14594, 0.01013, -0.03222, 0.08587, 0.03051, -0.01056, 0.02189, 0.10598, 0.03096, 0.00506, 0.00086 
34080.0, 9.84173, 0.33081, 1.43839, 2.14988, 0.00158, 0.28348, 5.47739, 0.00632, 0.58339, 0.84765, -0.00922, 0.11816, -0.00927, -0.01314, 0.07151, 0.01697, -0.00796, 0.02315, 0.10969, 0.03818, 0.00262, 0.00100 
34140.0, 10.81824, 0.32809, 1.31625, 2.14683, 0.00313, 0.25795, 5.50629, -0.00006, 0.59484, 0.87175, 0.03407, 0.12204, -0.00927, -0.03322, 0.08400, 0.04433, -0.00524, 0.03594, 0.13627, 0.04895, 0.01009, 0.00073 
34200.0, 11.40007, 0.34972, 1.63528, 6.01320, 0.00063, 0.29931, 5.49581, -0.00006, 0.61789, 0.89070, 0.24226, 0.46354, 0.00246, -0.02401, 0.20399, 0.04912, -0.01160, 0.01359, 0.14482, 0.05183, 0.01284, 0.00189 
34260.0, 11.68185, 0.31194, 1.92315, 7.89124, 0.00401, 0.30870, 5.69853, -0.00007, 0.63411, 0.84938, 0.35208, 0.72930, -0.00927, -0.03728, 0.29646, 0.06927, -0.00942, 0.02272, 0.15707, 0.04614, 0.00754, 0.00191 
34320.0, 11.24736, 0.30822, 2.63198, 17.28083, -0.00008, 0.43482, 5.88060, -0.00007, 0.70429, 0.86904, 0.92516, 2.01863, 0.04715, -0.05852, 0.81356, 0.20470, -0.00607, 0.03156, 0.15728, 0.05306, 0.00682, -0.00033 
34380.0, 10.73333, 0.36272, 2.62741, 16.33611, 0.00228, 0.45561, 5.90034, -0.00007, 0.49446, 0.86443, 1.24975, 3.56450, 0.12367, -0.05855, 1.72095, 0.43827, -0.00495, 0.04309, 0.15459, 0.02782, 0.00705, 0.00523 
34440.0, 12.86603, 0.34323, 2.44310, 13.30110, 0.00129, 0.41846, 5.99317, -0.00007, 0.63295, 0.83380, 0.95750, 2.66654, 0.08639, -0.05857, 1.34302, 0.35485, 0.01120, 0.04397, 0.16618, 0.05580, 0.00876, 0.00299 
34500.0, 11.37811, 0.32833, 1.79962, 4.39571, 0.00036, 0.28941, 5.62413, -0.00007, 0.54521, 0.85693, 0.27263, 0.70437, 0.02621, -0.03075, 0.38408, 0.11303, -0.01168, 0.03409, 0.13258, 0.02200, 0.00944, 0.00182 
34560.0, 10.48226, 0.31437, 1.52381, 3.43343, 0.00153, 0.26844, 5.56192, -0.00007, 0.54495, 0.81681, 0.21121, 0.66228, 0.04526, -0.03821, 0.41510, 0.12532, -0.01170, 0.03321, 0.12662, 0.04968, 0.00984, 0.00401 
34620.0, 12.36519, 0.32413, 1.87160, 4.87956, 0.00387, 0.28950, 5.68981, 0.00007, 0.50626, 0.84529, 0.39967, 1.17154, 0.05856, -0.05865, 0.77501, 0.24578, -0.00778, 0.02905, 0.13841, 0.06778, 0.00385, 0.00143 
34680.0, 11.63196, 0.33887, 1.98027, 7.81943, -0.00026, 0.35786, 5.90801, -0.00007, 0.56759, 0.86200, 0.49661, 1.44351, 0.08481, -0.05608, 1.00398, 0.29969, -0.00675, 0.03282, 0.14232, 0.04819, 0.01689, 0.00260 
34740.0, 11.19638, 0.33006, 1.83541, 6.28097, 0.00474, 0.29503, 5.80866, 0.00198, 0.58383, 0.84873, 0.30271, 0.96557, 0.06076, -0.05870, 0.66026, 0.20136, -0.01141, 0.02152, 0.13322, 0.06273, 0.00826, 0.00629 
34800.0, 11.61091, 0.32325, 1.93680, 5.46955, 0.00300, 0.31595, 5.82983, -0.00007, 0.51520, 0.86749, 0.30218, 0.87427, 0.06393, -0.04591, 0.62128, 0.21460, -0.00662, 0.03330, 0.18698, 0.05751, 0.00972, 0.00505 
34860.0, 11.29311, 0.34055, 1.93308, 3.92371, 0.00026, 0.27672, 5.71828, 0.00805, 0.51565, 0.82245, 0.08918, 0.24017, 0.01171, -0.02515, 0.14871, 0.05832, -0.01014, 0.05050, 0.13884, 0.06581, 0.01273, 0.00661 
34920.0, 11.30380, 0.34571, 2.15868, 4.55020, 0.00640, 0.28749, 5.83003, 0.01291, 0.51581, 0.78055, 0.08832, 0.27989, -0.00928, -0.04441, 0.17310, 0.08204, -0.01180, 0.03044, 0.16480, 0.06094, 0.01254, 0.00519 
34980.0, 12.87808, 0.34730, 2.20163, 5.35281, 0.00284, 0.34031, 5.97842, 0.00557, 0.54462, 0.79267, 0.10656, 0.34565, 0.02929, -0.05541, 0.24591, 0.08408, -0.00291, 0.04358, 0.14727, 0.05319, 0.01523, 0.00603 
