CampaignData_and_Merges/R0/CSL_MobileLab_Parked/raw/20240724/USOS-PTR_MobileLabGround_20240724_R0.ict
58, 1001
Matthew Coggon, Kelvin Bates, Chelsea Stockwell, Carsten Warneke
NOAA ESRL Chemical Sciences Division
NOAA PTR-ToF-MS
USOS
1,1 
2024, 07, 24, 2025, 09, 19
0
Time_Start, seconds, number of seconds from 00:00 UTC 
22
1, 1, 1, 1, 1, 1, 1, 1, 1, 1, 1, 1, 1, 1, 1, 1, 1, 1, 1, 1, 1, 1
-9999, -9999, -9999, -9999, -9999, -9999, -9999, -9999, -9999, -9999, -9999, -9999, -9999, -9999, -9999, -9999, -9999, -9999, -9999, -9999, -9999, -9999
CH3OH_NOAAPTR_ppbv,  ppbv, Gas_CH3OH_InSitu_S_AVMR, (CH3OH) methanol
CH3CN_NOAAPTR_ppbv,  ppbv, Gas_CH3CN_InSitu_S_AVMR, (CH3CN) acetonitrile
CH3CHO_NOAAPTR_ppbv,  ppbv, Gas_CH3CHO_InSitu_S_AVMR, (CH3CHO) acetaldehyde plus contributions from ethylene glycol and ethylene oxide. Interference from ethanol has been subtracted out.
C2H5OH_NOAAPTR_ppbv,  ppbv, Gas_C2H5OH_InSitu_S_AVMR, (C2H5OH) ethanol
CH3SH_NOAAPTR_ppbv,  ppbv, Gas_CH3SH_InSitu_S_AVMR, (CH3SH) methanethiol, using calibration factor for DMS
Acrolein_NOAAPTR_ppbv,  ppbv, Gas_Acrolein_InSitu_S_AVMR, (C3H4O) acrolein
AcetonePropanal_NOAAPTR_ppbv,  ppbv, Gas_AcetoneAndPropanal_InSitu_S_AVMR, (C3H6O) sum of acetone (dominant isomer) and propanal, using calibration factor for acetone
DMS_NOAAPTR_ppbv,  ppbv, Gas_DMS_InSitu_S_AVMR, (C2H6S) dimethyl sulfide with possible small contributions from ethanethiol
C5H8_NOAAPTR_ppbv,  ppbv, Gas_Isoprene_InSitu_S_AVMR, (C5H8) isoprene and possible fragments from cycloalkanes and aldehydes. Interferences have been subtracted following methods described by Coggon et al (2023)
MVKMAC_NOAAPTR_ppbv,  ppbv, Gas_MVKAndMAC_InSitu_S_AVMR, (C4H6O) sum of methyl vinyl ketone, methacrolein, and small amounts of crotonaldehyde, using weighted calibration factor for MVK (0.637) and MACR (0.363)
Benzene_NOAAPTR_ppbv,  ppbv, Gas_Benzene_InSitu_S_AVMR, (C6H6) benzene
Toluene_NOAAPTR_ppbv,  ppbv, Gas_Toluene_InSitu_S_AVMR, (C7H8) toluene with possible small contributions of fragments from ethyltoluene
Styrene_NOAAPTR_ppbv,  ppbv, Gas_Styrene_InSitu_S_AVMR, (C8H8) styrene
Benzaldehyde_NOAAPTR_ppbv,  ppbv, Gas_Benzaldehyde_InSitu_S_AVMR, (C7H6O) benzaldehyde
C8Aromatics_NOAAPTR_ppbv,  ppbv, Gas_C8Aromatics_InSitu_M_AVMR, (C8H10) sum of m-xylene, p-xylene, o-xylene, and ethyl benzene
C9Aromatics_NOAAPTR_ppbv,  ppbv, Gas_C9Aromatics_InSitu_M_AVMR, (C9H12) sum of C9 aromatics
Naphthalene_NOAAPTR_ppbv,  ppbv, Gas_Naphthalene_InSitu_S_AVMR, (C10H8) naphthalene
Octanal_NOAAPTR_ppbv,  ppbv, Gas_Octanal_InSitu_S_AVMR, (C8H16O) octanal and small amounts of octanone
Monoterpenes_NOAAPTR_ppbv,  ppbv, Gas_Monoterpenes_InSitu_M_AVMR, (C10H16) sum of monoterpenes and possible contributions from fragments of oxygenated monoterpenoids such as eucalyptol.
Nonanal_NOAAPTR_ppbv,  ppbv, Gas_Nonanal_InSitu_M_AVMR, (C9H18O) nonanal and small amounts of nonanone
C7H4ClF3_NOAAPTR_ppbv,  ppbv, Gas_C7H4ClF3_InSitu_S_AVMR, (C7H4ClF3) parachlorobenzotrifluoride
C10H30O5Si5_NOAAPTR_ppbv,  ppbv, Gas_C10H30O5Si5_InSitu_S_AVMR, (C10H30O5Si5) decamethylcyclopentasiloxane
1
SPECIAL COMMENTS:N/A
21
PI_CONTACT_INFO: NOAA ESRL Chemical Sciences Division, Tropospheric Chemistry Group. 325 Broadway, R/CSD7, Boulder, CO 80305
PLATFORM: Mobile Laboratory.
LOCATION: Salt Lake City, UT
ASSOCIATED_DATA: N/A
INSTRUMENT_INFO: NOAA PTR-ToF-MS measurements on NOAA CSL Mobile Lab
DATA_INFO: Units: ppbv
UNCERTAINTY: See OTHER_COMMENTS
ULOD_FLAG: -7777
ULOD_VALUE: N/A
LLOD_FLAG: -8888
LLOD_VALUE: N/A.
DM_CONTACT_INFO: Data Managers: Matt Coggon, Kelvin Bates, Chelsea Stockwell; email: matthew.m.coggon@noaa.gov and kelvin.bates@colorado.edu
PROJECT_INFO: USOS Deployment July-August, 2024
STIPULATIONS_ON_USE: Use of these data require prior OK from PI.
OTHER_COMMENTS: Uncertainties:
CH3OH_NOAAPTR_ppbv:30%; CH3CN_NOAAPTR_ppbv:30%; CH3CHO_NOAAPTR_ppbv:30%; C2H5OH_NOAAPTR_ppbv:30%; CH3SH_NOAAPTR_ppbv:50%; Acrolein_NOAAPTR_ppbv:30%; AcetonePropanal_NOAAPTR_ppbv:30%; DMS_NOAAPTR_ppbv:30%; C5H8_NOAAPTR_ppbv:30%; MVKMAC_NOAAPTR_ppbv:30%; 
Benzene_NOAAPTR_ppbv:30%; Toluene_NOAAPTR_ppbv:30%; Styrene_NOAAPTR_ppbv:30%; Benzaldehyde_NOAAPTR_ppbv:30%; C8Aromatics_NOAAPTR_ppbv:30%; C9Aromatics_NOAAPTR_ppbv:30%; Naphthalene_NOAAPTR_ppbv:30%; Octanal_NOAAPTR_ppbv:30%; Monoterpenes_NOAAPTR_ppbv:30%; Nonanal_NOAAPTR_ppbv:30%; 
C7H4ClF3_NOAAPTR_ppbv:30%; C10H30O5Si5_NOAAPTR_ppbv:30%; 
REVISION: R0
R0: Calibrated PTR Data. See individual species comments for details about measurement uncertainties
Time_Start, CH3OH_NOAAPTR_ppbv, CH3CN_NOAAPTR_ppbv, CH3CHO_NOAAPTR_ppbv, C2H5OH_NOAAPTR_ppbv, CH3SH_NOAAPTR_ppbv, Acrolein_NOAAPTR_ppbv, AcetonePropanal_NOAAPTR_ppbv, DMS_NOAAPTR_ppbv, C5H8_NOAAPTR_ppbv, MVKMAC_NOAAPTR_ppbv, Benzene_NOAAPTR_ppbv, Toluene_NOAAPTR_ppbv, Styrene_NOAAPTR_ppbv, Benzaldehyde_NOAAPTR_ppbv, C8Aromatics_NOAAPTR_ppbv, C9Aromatics_NOAAPTR_ppbv, Naphthalene_NOAAPTR_ppbv, Octanal_NOAAPTR_ppbv, Monoterpenes_NOAAPTR_ppbv, Nonanal_NOAAPTR_ppbv, C7H4ClF3_NOAAPTR_ppbv, C10H30O5Si5_NOAAPTR_ppbv
[from data line 1020]
61200.0, 18.89146, 0.33583, 3.60279, 6.99726, 0.00278, 0.43715, 7.60569, -0.00026, 0.36511, 1.74029, 0.22524, 0.38572, 0.02001, 0.03977, 0.22516, 0.07416, -0.01361, 0.05172, 0.15956, 0.07044, 0.03631, 0.01518 
61260.0, 16.65468, 0.33100, 3.44965, 7.17854, 0.00165, 0.41443, 7.70875, -0.00026, 0.41963, 1.83009, 0.21793, 0.40139, 0.00588, 0.00029, 0.24483, 0.07242, -0.01268, 0.04721, 0.13347, 0.05551, 0.04804, 0.01234 
61320.0, 17.88611, 0.33226, 3.73519, 7.18133, -0.00018, 0.44881, 7.67332, -0.00026, 0.46372, 1.74783, 0.18481, 0.38680, -0.00481, 0.00721, 0.20427, 0.06884, -0.00713, 0.04959, 0.20049, 0.09494, 0.04108, 0.01563 
61380.0, 17.54674, 0.35887, 3.34703, 6.24148, 0.00293, 0.44830, 7.57320, -0.00026, 0.35724, 1.73870, 0.21908, 0.36894, 0.02083, 0.05676, 0.21939, 0.06272, -0.00931, 0.05832, 0.11561, 0.07483, 0.02324, 0.00839 
61440.0, 18.16320, 0.37161, 3.65517, 7.43885, 0.00379, 0.49905, 7.73235, -0.00026, 0.54131, 1.79690, 0.20930, 0.40491, 0.01164, 0.01325, 0.22965, 0.08116, 0.00299, 0.07480, 0.14460, 0.14291, 0.02730, 0.01346 
61500.0, 19.06623, 0.35694, 3.55627, 6.39152, 0.00269, 0.45082, 7.66203, -0.00026, 0.36404, 1.79448, 0.18494, 0.40397, -0.00169, -0.00603, 0.19739, 0.07273, -0.01675, 0.07300, 0.15646, 0.06165, 0.03557, 0.01425 
61560.0, 18.30596, 0.34631, 3.77255, 7.34518, 0.00336, 0.45751, 7.69711, -0.00026, 0.41271, 1.75203, 0.18639, 0.43688, 0.01485, -0.00371, 0.20430, 0.07405, -0.01610, 0.05392, 0.20671, 0.10179, 0.03141, 0.02007 
61620.0, 17.80508, 0.32887, 3.59413, 7.27714, 0.00230, 0.48078, 7.65668, -0.00026, 0.51959, 1.81143, 0.32331, 0.35205, 0.02290, 0.07140, 0.20594, 0.06415, -0.01678, 0.08301, 0.20153, 0.17184, 0.03444, 0.01605 
61680.0, 18.35754, 0.30688, 3.26662, 6.03538, 0.00059, 0.43099, 7.44274, 0.00856, 0.40182, 1.74455, 0.17323, 0.35856, 0.01366, 0.01870, 0.18389, 0.06191, -0.01680, 0.04255, 0.17533, 0.05297, 0.03929, 0.01529 
61740.0, 18.29233, 0.34985, 3.52473, 6.60527, 0.00319, 0.45900, 7.54486, -0.00026, 0.51516, 1.66371, 0.18457, 0.38474, 0.02495, 0.00768, 0.21059, 0.07451, -0.01682, 0.07288, 0.32375, 0.20502, 0.04328, 0.01303 
61800.0, 19.43041, 0.34158, 3.97360, 7.09673, 0.00598, 0.51156, 7.91373, -0.00026, 0.43366, 1.66012, 0.23385, 0.48294, 0.01847, 0.03172, 0.25831, 0.10357, -0.01684, 0.09145, 0.21447, 0.13180, 0.02606, 0.00878 
61860.0, 14.96499, 0.30966, 2.87907, 4.50815, -0.00075, 0.38827, 6.81552, -0.00026, 0.17462, 1.18387, 0.08361, 0.28007, 0.01847, -0.00762, 0.15637, 0.06177, -0.01686, 0.04629, 0.08449, 0.02965, 0.02898, 0.01121 
61920.0, 13.71885, 0.31322, 2.82137, 5.64855, 0.00320, 0.39659, 6.98179, 0.00025, 0.36165, 1.26454, 0.18966, 0.34159, -0.00429, -0.00989, 0.18043, 0.06746, -0.01688, 0.02176, 0.12270, 0.04855, 0.03148, 0.01251 
61980.0, 16.98271, 0.33093, 3.21889, 6.17022, 0.00098, 0.45697, 7.30589, -0.00026, 0.19700, 1.38528, 0.18063, 0.40545, -0.00424, 0.01470, 0.20817, 0.08802, -0.00848, 0.05591, 0.13738, 0.03584, 0.02818, 0.01289 
62040.0, 17.80267, 0.32399, 3.46345, 6.51431, -0.00095, 0.49777, 7.28240, 0.00412, 0.27507, 1.35798, 0.19616, 0.38694, 0.03451, 0.03900, 0.20017, 0.07629, -0.01692, 0.04699, 0.13864, 0.07816, 0.02067, 0.00976 
62100.0, 17.71436, 0.32641, 3.54871, 7.02999, 0.00046, 0.48893, 7.49720, 0.01506, 0.32067, 1.36511, 0.13131, 0.42202, 0.02192, 0.01766, 0.21867, 0.07818, -0.01693, 0.05206, 0.14367, 0.07191, 0.03494, 0.01035 
62160.0, 15.03672, 0.32266, 2.94374, 5.07985, 0.00025, 0.36511, 6.95732, 0.01434, 0.17483, 1.21814, 0.17744, 0.34390, -0.00409, 0.00083, 0.15845, 0.06031, -0.01695, 0.03636, 0.10472, 0.04890, 0.02461, 0.00555 
62220.0, 12.09183, 0.29940, 1.97958, 2.94261, 0.00428, 0.28697, 5.87395, -0.00026, 0.16890, 0.86073, 0.07995, 0.20434, 0.02104, 0.01467, 0.08838, 0.03654, -0.01697, 0.03167, 0.11702, 0.03525, 0.01922, 0.00900 
62280.0, 11.40795, 0.29419, 1.77539, 2.93127, -0.00072, 0.26270, 5.79868, -0.00026, 0.11309, 0.85469, 0.01230, 0.19384, 0.02506, 0.00538, 0.10287, 0.03075, -0.01699, 0.04014, 0.06549, 0.01601, 0.03002, 0.00329 
62340.0, 13.06975, 0.32420, 2.25696, 3.42260, 0.00206, 0.30103, 6.14078, 0.00236, 0.12319, 0.91875, 0.07210, 0.23036, 0.00650, 0.00975, 0.11980, 0.04105, 0.00884, 0.04291, 0.08065, 0.01466, 0.02369, 0.00805 
62400.0, 14.67006, 0.28212, 2.28070, 4.54424, 0.00222, 0.34502, 6.13879, 0.00034, 0.19308, 0.90624, 0.10224, 0.32061, -0.00388, -0.01751, 0.18249, 0.07130, -0.01703, 0.03960, 0.11056, 0.04919, 0.02598, 0.00682 
62460.0, 12.46749, 0.29302, 2.12546, 2.89667, 0.00145, 0.30803, 5.95693, -0.00026, 0.17622, 0.87997, 0.10659, 0.21447, 0.01689, 0.00739, 0.10979, 0.04147, -0.01705, 0.01534, 0.09877, 0.04333, 0.02596, 0.00953 
62520.0, 11.89815, 0.29668, 2.14712, 3.44689, 0.00340, 0.27192, 6.04542, -0.00026, 0.28910, 0.87863, 0.11913, 0.37810, 0.00514, 0.00942, 0.10705, 0.03781, -0.01707, 0.01461, 0.08331, 0.01527, 0.02936, 0.01130 
62580.0, 12.85102, 0.29098, 2.56984, 4.37200, 0.00294, 0.31107, 6.35848, -0.00026, 0.21737, 0.97708, 0.10427, 0.28840, 0.01232, 0.00623, 0.12915, 0.04010, -0.01708, 0.03093, 0.09090, 0.02441, 0.02822, 0.00680 
62640.0, 13.53007, 0.31918, 3.13977, 5.19441, -0.00096, 0.34008, 6.94524, -0.00026, 0.20199, 1.09577, 0.16957, 0.34868, 0.00789, -0.00930, 0.13719, 0.04044, -0.00981, 0.04990, 0.09715, 0.05178, 0.02580, 0.01558 
62700.0, 13.66969, 0.27425, 2.99984, 4.72566, 0.00296, 0.39201, 6.68841, 0.00427, 0.14470, 1.03634, 0.15609, 0.34135, 0.02574, 0.00010, 0.16678, 0.05400, -0.01504, 0.04423, 0.09122, 0.05125, 0.02627, 0.00991 
62760.0, 13.16777, 0.30251, 2.88475, 6.12624, 0.00039, 0.40504, 6.77923, 0.00496, 0.22994, 0.99257, 0.08360, 0.30176, -0.00357, -0.01017, 0.16182, 0.05769, -0.01714, 0.04408, 0.15182, 0.10893, 0.03174, 0.00422 
62820.0, 14.64275, 0.31778, 2.91513, 5.31249, 0.00313, 0.39241, 6.79885, 0.00429, 0.24574, 1.00618, 0.16577, 0.34204, 0.02797, 0.00925, 0.17746, 0.06322, -0.01716, 0.03265, 0.15663, 0.07144, 0.02994, 0.00729 
62880.0, 15.31042, 0.31277, 2.90227, 6.01848, -0.00096, 0.38856, 6.83046, 0.00507, 0.12478, 0.99352, 0.17733, 0.45818, 0.00223, 0.00466, 0.25284, 0.08912, -0.01011, 0.03646, 0.11152, 0.05109, 0.03285, 0.00555 
62940.0, 13.40685, 0.28256, 2.84617, 4.15901, -0.00086, 0.30908, 6.79106, -0.00027, 0.21970, 0.93971, 0.11636, 0.28896, 0.00950, 0.00167, 0.14604, 0.05705, 0.00563, 0.03770, 0.18588, 0.05605, 0.01742, 0.00341 
63000.0, 14.79709, 0.29547, -9999.00000, 6.11164, 0.00291, 0.38005, 7.11878, 0.00792, -9999.00000, 0.99620, 0.29331, 0.44013, 0.03409, 0.04146, 0.22882, 0.07322, 0.00208, 0.06803, 0.10875, 0.08645, 0.03349, 0.00787 
63060.0, -9999.00000, -9999.00000, -9999.00000, -9999.00000, -9999.00000, -9999.00000, -9999.00000, -9999.00000, -9999.00000, -9999.00000, -9999.00000, -9999.00000, -9999.00000, -9999.00000, -9999.00000, -9999.00000, -9999.00000, -9999.00000, -9999.00000, -9999.00000, -9999.00000, -9999.00000 
63120.0, -9999.00000, -9999.00000, -9999.00000, -9999.00000, -9999.00000, -9999.00000, -9999.00000, -9999.00000, -9999.00000, -9999.00000, -9999.00000, -9999.00000, -9999.00000, -9999.00000, -9999.00000, -9999.00000, -9999.00000, -9999.00000, -9999.00000, -9999.00000, -9999.00000, -9999.00000 
63180.0, -9999.00000, -9999.00000, -9999.00000, -9999.00000, -9999.00000, -9999.00000, -9999.00000, -9999.00000, -9999.00000, -9999.00000, -9999.00000, -9999.00000, -9999.00000, -9999.00000, -9999.00000, -9999.00000, -9999.00000, -9999.00000, -9999.00000, -9999.00000, -9999.00000, -9999.00000 
63240.0, -9999.00000, -9999.00000, -9999.00000, -9999.00000, -9999.00000, -9999.00000, -9999.00000, -9999.00000, -9999.00000, -9999.00000, -9999.00000, -9999.00000, -9999.00000, -9999.00000, -9999.00000, -9999.00000, -9999.00000, -9999.00000, -9999.00000, -9999.00000, -9999.00000, -9999.00000 
63300.0, -9999.00000, -9999.00000, -9999.00000, -9999.00000, -9999.00000, -9999.00000, -9999.00000, -9999.00000, -9999.00000, -9999.00000, -9999.00000, -9999.00000, -9999.00000, -9999.00000, -9999.00000, -9999.00000, -9999.00000, -9999.00000, -9999.00000, -9999.00000, -9999.00000, -9999.00000 
63360.0, -9999.00000, -9999.00000, -9999.00000, -9999.00000, -9999.00000, -9999.00000, -9999.00000, -9999.00000, -9999.00000, -9999.00000, -9999.00000, -9999.00000, -9999.00000, -9999.00000, -9999.00000, -9999.00000, -9999.00000, -9999.00000, -9999.00000, -9999.00000, -9999.00000, -9999.00000 
63420.0, -9999.00000, -9999.00000, -9999.00000, -9999.00000, -9999.00000, -9999.00000, -9999.00000, -9999.00000, -9999.00000, -9999.00000, -9999.00000, -9999.00000, -9999.00000, -9999.00000, -9999.00000, -9999.00000, -9999.00000, -9999.00000, -9999.00000, -9999.00000, -9999.00000, -9999.00000 
63480.0, -9999.00000, -9999.00000, -9999.00000, -9999.00000, -9999.00000, -9999.00000, -9999.00000, -9999.00000, -9999.00000, -9999.00000, -9999.00000, -9999.00000, -9999.00000, -9999.00000, -9999.00000, -9999.00000, -9999.00000, -9999.00000, -9999.00000, -9999.00000, -9999.00000, -9999.00000 
63540.0, -9999.00000, -9999.00000, -9999.00000, -9999.00000, -9999.00000, -9999.00000, -9999.00000, -9999.00000, -9999.00000, -9999.00000, -9999.00000, -9999.00000, -9999.00000, -9999.00000, -9999.00000, -9999.00000, -9999.00000, -9999.00000, -9999.00000, -9999.00000, -9999.00000, -9999.00000 
63600.0, -9999.00000, -9999.00000, -9999.00000, -9999.00000, -9999.00000, -9999.00000, -9999.00000, -9999.00000, -9999.00000, -9999.00000, -9999.00000, -9999.00000, -9999.00000, -9999.00000, -9999.00000, -9999.00000, -9999.00000, -9999.00000, -9999.00000, -9999.00000, -9999.00000, -9999.00000 
63660.0, 12.87883, -9999.00000, -9999.00000, 5.60850, -0.00071, 0.36121, 7.82170, -0.00026, -9999.00000, 0.76650, 0.17833, 0.34721, 0.01346, 0.02140, 0.24982, 0.07020, -0.01742, 0.04689, 0.08970, 0.03346, 0.06312, 0.00923 
63720.0, 16.80857, 0.31585, 4.01051, 7.76843, 0.00482, 0.43368, 8.18543, 0.00682, 0.24183, 0.87929, 0.19261, 0.47827, 0.01750, 0.01478, 0.26621, 0.07212, -0.01151, 0.04014, 0.25869, 0.05533, 0.06706, 0.01544 
63780.0, 15.24005, 0.32286, 3.46614, 9.62828, -0.00009, 0.42265, 7.94230, -0.00026, 0.17122, 0.77635, 0.42633, 0.89323, 0.04344, 0.00950, 0.53483, 0.13725, 0.00131, 0.02354, 0.06865, 0.05552, 0.05679, 0.00626 
63840.0, 12.76512, 0.28031, 2.83409, 5.17998, 0.00179, 0.31491, 7.42363, -0.00026, 0.00933, 0.68903, 0.12521, 0.36029, -0.00377, 0.00121, 0.19693, 0.04279, 0.00220, 0.03065, 0.04493, 0.03945, 0.06520, 0.01132 
63900.0, 13.70355, 0.30992, 3.14772, 6.58231, -0.00097, 0.35435, 7.74491, 0.00342, 0.08400, 0.74391, 0.13277, 0.29967, -0.00382, 0.01112, 0.21539, 0.05011, -0.01750, 0.03499, 0.04284, 0.02655, 0.07535, 0.00583 
63960.0, 13.35150, 0.30435, 2.95183, 6.01478, 0.00102, 0.32170, 7.67563, -0.00025, 0.08073, 0.70353, 0.14380, 0.34786, 0.00919, 0.01436, 0.20945, 0.03075, 0.00117, 0.03283, 0.05814, 0.03824, 0.06668, 0.00548 
64020.0, 14.72046, 0.27619, 3.23963, 6.06079, -0.00027, 0.36295, 7.79311, -0.00025, 0.43365, 0.75270, 0.19760, 0.37413, 0.01196, 0.00816, 0.22116, 0.04595, -0.01754, 0.00774, 0.10683, 0.02434, 0.06291, 0.00843 
64080.0, 14.85576, 0.30380, 3.77145, 6.89196, 0.00044, 0.36615, 7.74694, -0.00025, 0.18620, 0.76205, 0.13828, 0.37913, 0.00327, 0.03820, 0.24060, 0.04122, -0.01755, 0.03367, 0.05846, 0.02023, 0.05768, 0.00768 
64140.0, 15.87105, 0.30139, 3.51584, 6.44717, 0.00713, 0.38909, 7.93229, -0.00025, 0.37508, 0.77241, 0.18097, 0.42413, -0.00403, 0.01205, 0.22990, 0.05253, -0.01757, 0.03721, 0.10835, 0.05228, 0.06209, 0.00806 
64200.0, 13.53947, 0.28807, 3.46642, 6.91912, 0.00115, 0.37195, 7.89103, -0.00025, 0.12481, 0.72066, 0.16139, 0.51832, 0.03762, -0.00791, 0.31416, 0.09289, -0.01759, 0.05530, 0.09284, 0.13395, 0.06287, 0.00539 
64260.0, 14.44478, 0.31138, 3.22863, 6.74268, 0.00052, 0.35052, 7.98013, -0.00025, 0.13265, 0.70769, 0.20409, 0.36735, -0.00413, 0.03126, 0.23321, 0.05469, -0.01422, 0.04954, 0.10566, 0.04966, 0.05210, 0.01415 
64320.0, 13.94752, 0.29374, 3.08551, 6.21603, 0.00030, 0.34506, 7.82297, -0.00025, 0.08160, 0.66829, 0.12198, 0.37283, 0.00298, 0.01768, 0.21552, 0.04803, -0.01421, 0.03599, 0.05821, 0.01512, 0.04709, 0.00812 
64380.0, 12.88416, 0.28761, 3.02958, 5.83373, 0.00477, 0.36139, 7.65873, -0.00025, 0.07137, 0.69617, 0.15818, 0.32365, 0.01014, 0.01517, 0.21394, 0.04497, -0.01765, 0.01665, 0.05096, 0.04162, 0.05789, 0.00363 
64440.0, 12.86751, 0.29592, 2.90732, 5.46243, 0.00369, 0.33572, 7.48678, -0.00025, 0.19936, 0.69066, 0.16187, 0.30784, 0.00603, -0.00143, 0.19662, 0.03773, -0.01417, 0.05223, 0.07356, 0.04944, 0.06637, 0.00867 
64500.0, 10.97245, 0.26512, 2.32083, 3.67938, 0.00493, 0.26709, 6.85717, -0.00025, 0.12586, 0.61776, 0.07044, 0.30233, 0.01041, -0.00309, 0.15433, 0.03615, -0.01769, 0.02130, 0.08568, 0.04865, 0.04252, 0.00595 
64560.0, 12.71301, 0.27310, 2.60161, 4.42356, 0.00306, 0.29844, 7.22174, -0.00024, 0.16706, 0.63237, 0.11431, 0.32995, 0.01713, 0.01030, 0.17544, 0.05336, -0.01502, 0.04576, 0.22211, 0.07238, 0.03811, 0.00614 
64620.0, 12.40146, 0.29323, 2.37846, 3.88392, -0.00097, 0.29096, 6.78128, -0.00024, 0.12972, 0.57809, 0.08721, 0.28702, 0.00679, 0.00720, 0.17061, 0.03378, -0.01772, 0.04757, 0.17719, 0.05835, 0.04350, 0.00336 
64680.0, 14.79544, 0.27892, 3.03923, 4.54706, 0.00185, 0.34531, 7.29045, 0.00702, 0.26235, 0.63289, 0.31214, 0.32263, 0.01642, 0.10578, 0.19504, 0.05335, 0.00166, 0.06962, 0.23713, 0.24996, 0.05075, 0.00580 
64740.0, 11.37878, 0.28503, 2.44748, 3.80680, 0.00173, 0.33185, 7.00477, 0.00882, 0.05098, 0.60774, 0.11658, 0.28180, 0.02035, 0.00458, 0.16277, 0.03408, -0.00031, 0.03037, 0.08846, 0.05780, 0.05966, 0.00613 
64800.0, 13.46061, 0.31123, 2.69355, 4.71516, 0.00229, 0.34586, 7.03469, -0.00024, 0.22910, 0.58466, 0.07442, 0.39928, -0.00339, 0.00482, 0.21346, 0.05174, -0.01778, 0.04425, 0.11519, 0.05852, 0.04687, 0.00544 
64860.0, 11.45832, 0.28740, 2.76225, 4.22025, 0.00267, 0.36513, 7.06560, 0.00395, 0.17512, 0.62108, 0.13391, 0.27367, -0.00465, 0.01631, 0.15690, 0.03489, -0.01350, 0.04179, 0.09768, 0.06454, 0.05472, 0.00789 
64920.0, 11.28423, 0.25776, 2.37672, 4.27748, 0.00032, 0.28016, 6.81710, 0.00034, 0.15594, 0.59246, 0.10123, 0.27966, 0.03509, 0.00523, 0.13200, 0.02524, -0.00726, 0.04630, 0.10582, 0.04466, 0.06062, 0.00487 
64980.0, 12.28423, 0.27835, 2.72095, 8.18987, -0.00051, 0.34776, 6.89535, -0.00024, 0.17900, 0.60776, 0.42845, 0.95121, 0.05534, 0.01581, 0.55984, 0.16930, -0.01784, 0.05212, 0.09767, 0.06238, 0.05389, 0.00700 
65040.0, 11.00680, 0.28035, 2.22872, 3.60197, -0.00098, 0.27284, 6.51500, 0.00695, 0.02018, 0.52826, 0.05122, 0.22277, -0.00480, -0.00819, 0.11106, 0.03430, -0.01785, 0.02688, 0.05191, 0.03747, 0.04849, 0.00811 
65100.0, 11.87952, 0.25105, 2.08205, 3.32884, 0.00446, 0.29659, 6.58192, -0.00024, 0.07075, 0.53648, 0.04309, 0.22799, -0.00002, 0.01798, 0.11839, 0.02865, -0.01787, 0.03014, 0.13280, 0.04603, 0.04626, 0.00461 
65160.0, 14.02609, 0.27848, 2.59531, 3.61117, 0.00147, 0.32688, 6.71339, 0.01159, 0.15762, 0.55583, 0.18367, 0.27187, -0.00491, 0.05573, 0.13822, 0.02495, -0.00775, 0.05318, 0.10951, 0.12042, 0.05090, 0.00680 
65220.0, 13.45444, 0.31190, 2.68498, 3.87944, 0.00290, 0.38017, 6.93575, 0.00478, 0.20283, 0.58169, 0.38298, 0.24207, -0.00496, 0.13957, 0.11442, 0.03723, -0.00873, 0.09274, 0.14389, 0.10641, 0.06886, 0.00648 
65280.0, 12.41691, 0.29628, 2.50640, 3.20802, 0.00628, 0.28781, 6.69120, -0.00023, 0.24396, 0.59289, 0.16133, 0.21980, 0.02097, 0.05163, 0.10459, 0.02960, -0.00485, 0.04044, 0.11568, 0.12687, 0.04547, 0.00529 
65340.0, 12.28170, 0.28833, 2.18785, 3.22669, -0.00098, 0.29426, 6.66406, 0.00239, 0.18255, 0.57046, 0.06356, 0.24538, 0.00788, -0.00189, 0.10722, 0.03459, -0.01795, 0.02274, 0.05841, 0.01154, 0.05113, 0.00439 
65400.0, 12.79608, 0.26997, 2.39259, 4.10638, 0.00162, 0.30755, 6.77005, 0.00413, 0.14528, 0.59552, 0.10616, 0.22266, -0.00511, 0.02365, 0.12184, 0.04487, -0.01205, 0.05604, 0.20859, 0.11362, 0.05216, 0.00236 
