CampaignData_and_Merges/R0/CSL_MobileLab_Parked/raw/20240724/USOS-MetNav_MobileLabGround_20240724_R0.ict
44, 1001
Carrie Womack, Nate Howard, Mike Zucker
NOAA Chemical Sciences Laboratory
Mobile Lab MetNav Station
USOS
1, 1
2024, 07, 24, 2024, 12, 21
60
Time_Start, seconds_past_midnight, Seconds from midnight UTC
11
1, 1, 1, 1, 1, 1, 1, 1, 1, 1, 1
-9999, -9999, -9999, -9999, -9999, -9999, -9999, -9999, -9999, -9999, -9999
GPS_Alt_m, meters, Altitude from Differential GPS
GPS_Course_deg, degrees, Course from Differential GPS
GPS_GndSpd_m_s, m/s, Ground Speed from Differential GPS
GPS_Heading_deg, degrees, Heading from Differential GPS
GPS_Lat_deg, degrees, Latitude from Differential GPS
GPS_Lon_deg, degrees, Longitude from Differential GPS
AirTemp_C, Celsius, Air Temperature from Airmar
RelHumidity_pct, percent, Relative Humidity from Airmar
Pressure_mb, millibars, Pressure from Honeywell
WindDir_calc_deg, degrees, Wind Direction from Airmar corrected for van movement
WindSpd_calc_m_s, m/s, Wind Speed from Airmar corrected for van movement
1
SPECIAL COMMENTS:
18
PI_CONTACT_INFO: Address: 325 Broadway R/CSL7, Boulder, CO, 80305
PLATFORM: CSL Mobile Lab
LOCATION: Salt Lake City, UT
ASSOCIATED_DATA: N/A
INSTRUMENT_INFO: N/A
DATA_INFO: Units:
UNCERTAINTY: N/A
ULOD_FLAG: -7777
ULOD_VALUE: N/A
LLOD_FLAG: -8888
LLOD_VALUE: N/A
DM_CONTACT_INFO: Data Manager: Nate Howard
PROJECT_INFO: 
STIPULATIONS_ON_USE: Use of these data require prior ok from PI.
OTHER_COMMENTS: 
REVISION: R0
R0: Final data. Fixed bug in wind averaging code. RA: Preliminary Data. For in-field use only. 
Time_Start, GPS_Alt_m, GPS_Course_deg, GPS_GndSpd_m_s, GPS_Heading_deg, GPS_Lat_deg, GPS_Lon_deg, AirTemp_C, RelHumidity_pct, Pressure_mb, WindDir_calc_deg, WindSpd_calc_m_s
[from data line 609]
36540.0,1309.9,359.14,0.05,359.14,40.73434,-111.87211,24.5,28.9,879.1,124.03,1.9
36600.0,1309.9,359.01,0.05,359.01,40.73434,-111.87211,24.4,29.0,879.0,130.75,2.1
36660.0,1309.9,358.89,0.04,358.89,40.73434,-111.87211,24.3,29.2,879.0,128.83,2.1
36720.0,1309.7,0.00,0.05,0.00,40.73434,-111.87211,24.2,29.3,879.0,118.78,2.2
36780.0,1309.7,359.79,0.05,359.79,40.73434,-111.87211,24.2,29.4,879.1,117.30,2.1
36840.0,1309.9,0.48,0.05,0.48,40.73433,-111.87211,24.2,29.1,879.0,136.46,0.9
36900.0,1310.3,0.81,0.05,0.81,40.73433,-111.87211,24.2,29.0,879.0,120.97,1.6
36960.0,1310.5,0.91,0.05,0.91,40.73433,-111.87211,24.0,29.4,879.1,121.96,2.5
37020.0,1310.3,0.82,0.05,0.82,40.73433,-111.87211,24.0,29.4,879.0,121.67,1.8
37080.0,1310.3,0.31,0.05,0.31,40.73433,-111.87211,24.0,29.5,879.0,134.55,1.5
37140.0,1309.7,0.23,0.05,0.23,40.73433,-111.87210,24.0,29.5,879.0,142.65,2.0
37200.0,1309.7,0.12,0.05,0.12,40.73433,-111.87210,23.9,29.9,879.0,145.17,2.3
37260.0,1309.9,0.16,0.05,0.16,40.73433,-111.87210,23.9,30.0,879.0,141.03,2.0
37320.0,1310.0,0.42,0.05,0.42,40.73433,-111.87210,23.8,30.3,879.0,119.88,2.2
37380.0,1310.3,0.22,0.06,0.22,40.73433,-111.87211,23.7,30.0,879.0,121.02,2.6
37440.0,1310.2,359.75,0.05,359.75,40.73433,-111.87210,23.7,30.0,878.9,130.10,1.5
37500.0,1310.3,359.80,0.05,359.80,40.73433,-111.87211,23.7,30.5,879.0,123.33,2.2
37560.0,1310.0,0.15,0.06,0.15,40.73433,-111.87211,23.6,30.2,879.0,129.26,3.4
37620.0,1310.0,0.11,0.05,0.11,40.73433,-111.87211,23.6,30.2,879.0,155.26,3.8
37680.0,1310.5,359.88,0.05,359.88,40.73433,-111.87211,23.7,29.8,879.0,168.08,3.0
37740.0,1311.1,359.32,0.05,359.32,40.73433,-111.87211,23.7,29.9,878.9,170.46,2.5
37800.0,1310.9,359.30,0.05,359.30,40.73433,-111.87211,23.7,29.9,878.9,154.21,3.0
37860.0,1310.9,359.66,0.05,359.66,40.73433,-111.87211,23.7,30.0,879.0,156.71,3.5
37920.0,1310.8,359.49,0.05,359.49,40.73433,-111.87211,23.7,30.1,879.0,141.92,2.9
37980.0,1310.4,359.27,0.05,359.27,40.73433,-111.87211,23.7,30.3,879.0,139.67,2.9
38040.0,1310.4,359.03,0.05,359.03,40.73433,-111.87211,23.6,30.3,879.0,147.32,2.5
38100.0,1310.8,359.16,0.05,359.16,40.73433,-111.87211,23.6,30.0,879.0,142.66,2.1
38160.0,1310.9,358.49,0.06,358.49,40.73433,-111.87211,23.7,29.4,879.0,144.66,2.5
38220.0,1310.7,358.07,0.05,358.07,40.73433,-111.87211,23.7,29.5,879.0,142.58,2.6
38280.0,1310.4,358.46,0.06,358.46,40.73433,-111.87211,23.7,29.8,879.0,121.15,2.7
38340.0,1310.3,358.76,0.07,358.76,40.73433,-111.87211,23.7,29.3,879.0,107.51,1.6
38400.0,1310.4,358.60,0.06,358.60,40.73433,-111.87211,23.7,29.0,879.0,119.50,1.9
38460.0,1310.1,358.67,0.06,358.67,40.73433,-111.87211,23.7,29.0,879.0,115.54,2.4
38520.0,1309.9,358.84,0.05,358.84,40.73433,-111.87211,23.8,29.0,879.1,118.72,2.7
38580.0,1309.6,359.33,0.07,359.33,40.73433,-111.87211,23.8,29.3,879.1,122.84,2.5
38640.0,1309.8,359.96,0.06,359.96,40.73433,-111.87211,23.9,29.1,879.1,145.34,2.7
38700.0,1309.6,359.75,0.06,359.75,40.73433,-111.87211,23.9,28.9,879.1,128.09,3.5
38760.0,1309.3,359.73,0.06,359.73,40.73434,-111.87211,23.9,29.0,879.1,117.52,3.6
38820.0,1309.4,359.88,0.07,359.88,40.73434,-111.87211,24.0,28.9,879.1,127.60,2.1
38880.0,1309.8,0.25,0.05,0.25,40.73434,-111.87211,24.0,28.7,879.1,127.30,2.7
38940.0,1309.9,0.04,0.05,0.04,40.73434,-111.87211,24.1,28.4,879.1,108.94,2.7
39000.0,1310.0,359.98,0.05,359.98,40.73434,-111.87211,24.1,28.1,879.1,107.65,1.7
39060.0,1310.4,0.08,0.06,0.08,40.73434,-111.87211,24.2,27.9,879.1,121.90,3.0
39120.0,1310.3,359.99,0.05,359.99,40.73434,-111.87211,24.3,27.9,879.1,115.44,2.3
39180.0,1309.2,359.50,0.06,359.50,40.73434,-111.87211,24.4,27.8,879.1,115.94,1.6
39240.0,1308.4,359.59,0.06,359.59,40.73434,-111.87211,24.4,27.8,879.0,111.57,2.8
39300.0,1308.0,359.33,0.06,359.33,40.73435,-111.87211,24.4,27.7,879.1,117.19,2.7
39360.0,1308.1,359.72,0.05,359.72,40.73435,-111.87211,24.5,27.6,879.1,111.13,2.3
39420.0,1308.3,359.99,0.05,359.99,40.73434,-111.87211,24.6,27.4,879.1,113.03,2.3
39480.0,1308.5,0.27,0.05,0.27,40.73434,-111.87211,24.6,27.2,879.1,106.22,1.4
39540.0,1308.7,359.53,0.05,359.53,40.73434,-111.87211,24.6,27.5,879.1,115.89,1.5
39600.0,1308.7,359.32,0.05,359.32,40.73434,-111.87211,24.6,27.4,879.0,114.44,2.2
39660.0,1308.5,359.27,0.05,359.27,40.73435,-111.87211,24.6,27.2,879.1,108.51,1.2
39720.0,1308.4,359.81,0.05,359.81,40.73435,-111.87211,24.6,27.1,879.1,116.05,1.6
39780.0,1308.4,0.11,0.05,0.11,40.73435,-111.87211,24.6,27.3,879.1,116.67,1.8
39840.0,1308.7,359.98,0.05,359.98,40.73434,-111.87211,24.7,27.0,879.1,104.02,1.0
39900.0,1309.0,359.37,0.05,359.37,40.73434,-111.87211,24.7,27.1,879.1,114.54,1.4
39960.0,1309.3,359.59,0.05,359.59,40.73434,-111.87211,24.7,27.1,879.0,108.87,1.5
40020.0,1309.1,359.50,0.05,359.50,40.73434,-111.87211,24.7,27.0,879.0,109.04,1.4
40080.0,1309.0,359.18,0.05,359.18,40.73434,-111.87211,24.8,26.9,879.1,116.58,1.6
40140.0,1309.1,359.40,0.05,359.40,40.73434,-111.87211,24.7,27.1,879.0,115.17,1.9
40200.0,1309.2,359.53,0.05,359.53,40.73434,-111.87211,24.8,26.8,879.1,116.21,2.1
40260.0,1309.4,359.85,0.04,359.85,40.73434,-111.87211,24.8,27.0,879.1,123.75,2.5
40320.0,1309.2,359.67,0.04,359.67,40.73434,-111.87211,24.9,27.0,879.1,115.54,1.8
40380.0,1309.0,359.66,0.05,359.66,40.73434,-111.87211,24.9,26.8,879.1,120.72,2.2
40440.0,1309.1,359.66,0.04,359.66,40.73434,-111.87211,24.9,26.9,879.1,132.75,1.9
40500.0,1309.1,359.06,0.04,359.06,40.73434,-111.87211,24.9,27.0,879.1,128.71,1.7
40560.0,1309.1,359.32,0.05,359.32,40.73434,-111.87211,24.9,27.0,879.1,126.33,1.2
40620.0,1309.1,359.82,0.05,359.82,40.73434,-111.87211,24.9,27.2,879.1,130.86,1.5
40680.0,1309.0,359.42,0.05,359.42,40.73434,-111.87211,24.9,27.2,879.1,127.71,1.6
40740.0,1309.0,359.30,0.05,359.30,40.73434,-111.87211,24.9,26.9,879.1,124.67,1.3
40800.0,1309.1,358.91,0.05,358.91,40.73434,-111.87211,24.9,27.1,879.1,117.90,1.2
40860.0,1309.0,359.11,0.04,359.11,40.73434,-111.87211,24.8,27.1,879.1,120.88,1.6
40920.0,1309.0,359.08,0.04,359.08,40.73434,-111.87211,24.9,26.9,879.1,130.43,1.2
40980.0,1309.0,358.67,0.05,358.67,40.73434,-111.87211,24.8,26.8,879.1,117.19,1.6
41040.0,1309.0,358.77,0.05,358.77,40.73434,-111.87211,24.9,26.9,879.1,123.06,1.8
41100.0,1309.0,358.92,0.04,358.92,40.73434,-111.87211,24.9,26.8,879.1,104.65,1.3
41160.0,1309.1,358.98,0.05,358.98,40.73434,-111.87211,24.9,26.8,879.1,129.75,1.1
41220.0,1309.2,359.38,0.05,359.38,40.73434,-111.87211,24.9,26.7,879.1,115.38,0.6
41280.0,1309.0,359.16,0.05,359.16,40.73434,-111.87211,24.9,26.6,879.2,127.21,1.1
41340.0,1308.9,358.98,0.05,358.98,40.73434,-111.87211,24.9,26.5,879.1,119.39,0.6
41400.0,1309.0,359.42,0.05,359.42,40.73434,-111.87211,24.9,26.4,879.2,100.64,0.6
41460.0,1309.1,359.04,0.05,359.04,40.73434,-111.87211,25.0,26.6,879.2,110.13,0.6
41520.0,1309.1,358.78,0.04,358.78,40.73434,-111.87211,25.0,26.4,879.2,135.33,0.8
41580.0,1309.3,358.90,0.04,358.90,40.73434,-111.87211,24.9,26.4,879.2,117.40,0.8
41640.0,1309.4,359.50,0.05,359.50,40.73434,-111.87211,25.0,26.6,879.2,107.14,0.3
41700.0,1309.8,359.45,0.05,359.45,40.73434,-111.87211,25.0,26.3,879.2,117.72,0.6
41760.0,1309.3,359.47,0.05,359.47,40.73434,-111.87211,25.0,26.3,879.2,122.69,0.7
41820.0,1309.3,359.46,0.05,359.46,40.73434,-111.87211,25.0,26.2,879.2,96.17,0.7
41880.0,1309.6,359.44,0.04,359.44,40.73434,-111.87211,25.0,26.4,879.2,128.95,0.6
41940.0,1309.9,359.57,0.05,359.57,40.73434,-111.87211,25.0,26.7,879.2,137.68,0.8
42000.0,1309.7,359.93,0.05,359.93,40.73434,-111.87211,25.0,26.5,879.2,127.60,1.7
42060.0,1309.5,0.27,0.06,0.27,40.73434,-111.87211,25.1,26.3,879.2,139.52,0.8
42120.0,1309.5,359.87,0.06,359.87,40.73434,-111.87211,25.1,26.5,879.2,139.82,1.4
42180.0,1309.3,359.62,0.05,359.62,40.73434,-111.87211,25.1,26.4,879.3,142.29,1.4
42240.0,1309.4,0.03,0.06,0.03,40.73434,-111.87211,25.0,26.5,879.2,134.80,1.2
42300.0,1309.6,0.03,0.05,0.03,40.73434,-111.87211,25.0,26.6,879.2,128.52,1.6
42360.0,1309.4,359.67,0.05,359.67,40.73434,-111.87211,25.0,26.4,879.3,131.22,2.5
42420.0,1309.4,359.57,0.05,359.57,40.73434,-111.87211,24.9,26.9,879.3,130.30,2.0
42480.0,1309.4,0.07,0.05,0.07,40.73434,-111.87211,25.0,27.4,879.3,156.23,1.6
42540.0,1309.0,359.93,0.06,359.93,40.73434,-111.87211,25.0,27.5,879.3,165.21,1.3
42600.0,1309.0,0.67,0.05,0.67,40.73434,-111.87211,25.1,27.1,879.3,153.89,0.7
42660.0,1309.3,0.52,0.06,0.52,40.73434,-111.87211,25.1,26.7,879.3,152.98,0.3
42720.0,1309.2,0.23,0.05,0.23,40.73434,-111.87211,25.1,27.4,879.3,134.08,0.7
42780.0,1309.4,0.23,0.05,0.23,40.73434,-111.87211,25.1,28.3,879.4,159.23,0.8
42840.0,1309.7,0.21,0.05,0.21,40.73434,-111.87211,25.0,28.4,879.4,149.76,0.7
42900.0,1309.6,0.01,0.05,0.01,40.73434,-111.87210,25.0,28.6,879.4,145.33,0.8
42960.0,1309.4,0.02,0.05,0.02,40.73434,-111.87210,25.0,28.9,879.4,171.91,1.3
43020.0,1309.5,0.00,0.05,0.00,40.73434,-111.87210,24.9,29.3,879.4,161.65,1.2
43080.0,1309.1,0.46,0.05,0.46,40.73434,-111.87210,24.7,29.9,879.4,163.09,1.4
43140.0,1309.0,0.57,0.05,0.57,40.73434,-111.87210,24.6,30.0,879.4,153.16,1.8
43200.0,1308.8,0.46,0.04,0.46,40.73434,-111.87210,24.5,30.5,879.4,142.83,1.7
43260.0,1309.0,0.68,0.05,0.68,40.73434,-111.87210,24.5,29.9,879.4,133.11,1.0
43320.0,1309.1,1.30,0.04,1.30,40.73434,-111.87210,24.2,30.5,879.4,144.70,1.7
43380.0,1309.4,0.73,0.05,0.73,40.73434,-111.87210,23.9,31.0,879.4,120.24,2.0
43440.0,1309.3,0.48,0.05,0.48,40.73434,-111.87210,23.8,30.6,879.4,127.04,1.1
43500.0,1309.1,0.53,0.05,0.53,40.73434,-111.87210,23.8,30.4,879.4,166.68,0.9
43560.0,1309.1,0.26,0.04,0.26,40.73434,-111.87210,23.9,29.8,879.4,176.09,1.2
43620.0,1309.1,0.72,0.05,0.72,40.73434,-111.87210,23.8,30.7,879.5,133.98,1.8
43680.0,1309.2,0.91,0.05,0.91,40.73434,-111.87210,23.8,30.8,879.4,138.57,1.5
43740.0,1309.1,0.90,0.04,0.90,40.73434,-111.87210,23.7,30.7,879.4,176.51,1.7
43800.0,1309.2,0.90,0.04,0.90,40.73434,-111.87210,23.8,29.9,879.4,182.07,1.6
43860.0,1308.9,0.22,0.05,0.22,40.73434,-111.87210,23.9,29.3,879.4,152.60,0.6
43920.0,1308.7,359.94,0.05,359.94,40.73434,-111.87210,24.0,29.3,879.5,172.06,1.2
43980.0,1308.6,359.99,0.05,359.99,40.73434,-111.87210,24.1,29.4,879.4,184.21,0.9
44040.0,1308.4,0.10,0.05,0.10,40.73434,-111.87210,24.2,29.3,879.4,177.70,0.7
44100.0,1308.4,0.20,0.06,0.20,40.73434,-111.87210,24.2,29.5,879.4,171.99,1.0
44160.0,1308.3,359.93,0.05,359.93,40.73434,-111.87211,24.3,29.5,879.4,154.90,1.0
44220.0,1309.1,0.08,0.05,0.08,40.73435,-111.87211,24.2,29.6,879.5,118.78,1.0
44280.0,1309.3,359.73,0.05,359.73,40.73434,-111.87211,24.3,29.6,879.5,165.72,0.9
44340.0,1309.2,359.69,0.05,359.69,40.73434,-111.87211,24.2,29.4,879.4,189.45,0.9
44400.0,1309.1,0.45,0.05,0.45,40.73434,-111.87211,24.2,29.6,879.5,177.33,1.7
44460.0,1309.1,0.19,0.05,0.19,40.73434,-111.87211,24.2,30.3,879.5,185.01,1.8
44520.0,1309.0,359.97,0.05,359.97,40.73434,-111.87211,24.1,30.0,879.5,180.46,2.5
44580.0,1308.9,0.29,0.05,0.29,40.73434,-111.87211,24.2,29.1,879.5,167.54,1.6
44640.0,1308.9,0.44,0.05,0.44,40.73434,-111.87211,24.2,29.9,879.5,171.74,1.5
44700.0,1308.8,0.29,0.04,0.29,40.73434,-111.87211,24.1,30.1,879.5,169.26,1.6
44760.0,1308.8,0.30,0.05,0.30,40.73434,-111.87211,24.0,30.5,879.5,148.99,2.4
44820.0,1308.8,0.65,0.04,0.65,40.73434,-111.87211,24.0,29.4,879.6,162.46,0.8
44880.0,1308.7,0.48,0.05,0.48,40.73434,-111.87211,24.1,29.6,879.6,164.36,1.1
44940.0,1308.7,0.36,0.04,0.36,40.73434,-111.87211,24.2,30.1,879.6,172.66,1.6
45000.0,1308.8,0.36,0.04,0.36,40.73434,-111.87211,24.2,30.2,879.5,170.12,1.3
45060.0,1308.7,0.22,0.04,0.22,40.73434,-111.87211,24.1,31.2,879.6,136.31,1.4
45120.0,1308.7,359.40,0.04,359.40,40.73434,-111.87211,24.0,31.2,879.6,165.01,1.5
45180.0,1308.5,359.86,0.05,359.86,40.73434,-111.87211,24.0,31.1,879.6,178.33,1.6
45240.0,1308.5,0.12,0.05,0.12,40.73434,-111.87211,24.0,30.7,879.6,180.40,2.1
45300.0,1308.6,359.66,0.05,359.66,40.73434,-111.87211,23.9,31.2,879.6,155.25,2.6
45360.0,1308.6,359.42,0.05,359.42,40.73434,-111.87211,23.8,31.9,879.6,142.00,2.3
45420.0,1308.8,359.40,0.05,359.40,40.73434,-111.87211,23.7,31.4,879.6,146.70,2.4
45480.0,1308.9,359.51,0.04,359.51,40.73434,-111.87211,23.7,31.5,879.6,146.78,2.9
45540.0,1309.0,0.24,0.04,0.24,40.73434,-111.87211,23.6,31.5,879.6,157.98,3.2
45600.0,1309.1,0.69,0.05,0.69,40.73434,-111.87211,23.6,30.6,879.6,157.92,2.9
45660.0,1309.1,0.39,0.05,0.39,40.73434,-111.87211,23.6,30.3,879.6,149.40,4.1
45720.0,1309.0,0.02,0.04,0.02,40.73434,-111.87211,23.6,29.6,879.6,142.30,3.5
45780.0,1309.0,359.73,0.05,359.73,40.73434,-111.87211,23.6,30.5,879.6,134.21,2.7
45840.0,1309.0,0.15,0.04,0.15,40.73434,-111.87211,23.6,31.0,879.6,134.19,2.6
45900.0,1309.0,0.69,0.04,0.69,40.73434,-111.87211,23.6,30.0,879.6,146.63,2.8
45960.0,1309.1,0.60,0.04,0.60,40.73434,-111.87211,23.6,30.0,879.6,146.07,2.9
46020.0,1309.1,0.05,0.05,0.05,40.73434,-111.87211,23.6,29.8,879.5,141.70,2.8
46080.0,1309.1,0.16,0.05,0.16,40.73434,-111.87211,23.7,29.6,879.6,139.96,3.2
46140.0,1309.2,359.71,0.05,359.71,40.73434,-111.87211,23.7,29.9,879.6,140.37,3.1
46200.0,1309.3,358.93,0.04,358.93,40.73434,-111.87211,23.7,29.6,879.6,134.92,2.7
46260.0,1309.3,358.88,0.04,358.88,40.73434,-111.87211,23.7,29.7,879.6,132.90,3.6
46320.0,1309.2,358.94,0.04,358.94,40.73434,-111.87211,23.7,29.4,879.5,127.93,3.3
46380.0,1309.2,358.96,0.04,358.96,40.73434,-111.87211,23.7,30.0,879.5,126.00,2.7
46440.0,1309.1,358.90,0.04,358.90,40.73434,-111.87210,23.7,29.2,879.6,121.39,2.6
46500.0,1309.1,359.74,0.04,359.74,40.73434,-111.87210,23.7,29.7,879.6,121.49,2.6
46560.0,1309.1,359.77,0.04,359.77,40.73434,-111.87210,23.7,29.3,879.6,130.39,2.6
46620.0,1309.0,359.40,0.04,359.40,40.73434,-111.87210,23.8,29.2,879.7,130.37,2.7
46680.0,1309.1,358.78,0.05,358.78,40.73434,-111.87210,23.8,29.0,879.7,133.63,3.3
46740.0,1309.0,359.11,0.04,359.11,40.73434,-111.87210,23.8,29.1,879.7,139.75,2.5
46800.0,1309.0,359.59,0.04,359.59,40.73434,-111.87210,24.0,29.1,879.7,164.18,2.3
46860.0,1309.0,359.96,0.05,359.96,40.73434,-111.87210,24.0,29.2,879.8,145.80,2.8
46920.0,1309.0,359.74,0.04,359.74,40.73434,-111.87210,24.0,28.9,879.8,146.88,2.2
46980.0,1309.0,359.58,0.04,359.58,40.73434,-111.87210,24.1,28.8,879.9,150.55,2.6
47040.0,1309.2,360.00,0.04,360.00,40.73434,-111.87210,24.1,28.9,879.9,131.57,2.2
47100.0,1309.2,359.95,0.04,359.95,40.73434,-111.87210,24.0,29.1,879.8,131.27,2.1
47160.0,1309.2,0.10,0.04,0.10,40.73434,-111.87210,24.1,29.3,879.9,121.05,1.8
47220.0,1309.3,359.37,0.04,359.37,40.73434,-111.87210,24.0,28.9,879.9,118.68,2.9
47280.0,1309.3,359.57,0.05,359.57,40.73434,-111.87210,24.0,29.2,879.9,120.87,2.4
47340.0,1309.3,359.75,0.04,359.75,40.73434,-111.87210,24.0,29.0,880.0,125.87,3.8
47400.0,1309.3,359.83,0.04,359.83,40.73433,-111.87210,24.1,29.3,880.0,136.25,3.9
47460.0,1309.3,0.05,0.05,0.05,40.73433,-111.87210,24.2,29.9,879.9,145.87,3.1
47520.0,1309.4,359.72,0.05,359.72,40.73433,-111.87210,24.3,30.4,880.0,156.59,3.1
47580.0,1309.4,359.79,0.05,359.79,40.73433,-111.87210,24.2,31.1,880.0,144.41,3.1
47640.0,1309.4,359.83,0.05,359.83,40.73433,-111.87210,24.3,29.9,880.0,146.52,2.8
47700.0,1309.1,359.60,0.05,359.60,40.73433,-111.87210,24.5,29.9,880.0,167.36,2.4
47760.0,1309.1,359.55,0.05,359.55,40.73433,-111.87210,24.4,29.8,880.0,128.61,3.7
47820.0,1309.0,359.21,0.05,359.21,40.73433,-111.87210,24.5,30.1,880.0,126.79,3.5
47880.0,1309.1,359.63,0.05,359.63,40.73433,-111.87210,24.5,29.9,880.1,129.70,4.2
47940.0,1309.5,0.56,0.05,0.56,40.73433,-111.87210,24.6,29.9,880.1,136.32,4.7
48000.0,1309.7,0.54,0.05,0.54,40.73433,-111.87210,24.8,29.4,880.1,168.63,2.6
48060.0,1309.8,0.25,0.04,0.25,40.73433,-111.87210,25.1,29.0,880.1,184.95,3.0
48120.0,1309.7,0.24,0.04,0.24,40.73434,-111.87210,25.2,30.0,880.1,156.84,3.2
48180.0,1309.7,0.20,0.04,0.20,40.73434,-111.87210,25.1,30.5,880.1,121.44,3.0
48240.0,1309.8,0.31,0.05,0.31,40.73434,-111.87210,25.0,30.6,880.1,113.73,3.0
48300.0,1309.8,0.48,0.05,0.48,40.73434,-111.87210,25.0,30.6,880.2,119.66,2.5
48360.0,1309.8,0.57,0.05,0.57,40.73434,-111.87210,25.1,30.3,880.2,170.66,2.7
48420.0,1309.9,0.54,0.05,0.54,40.73434,-111.87210,25.3,29.0,880.2,148.54,2.3
48480.0,1309.9,0.66,0.05,0.66,40.73434,-111.87210,25.2,30.1,880.2,114.99,2.8
