CampaignData_and_Merges/R0/CSL_MobileLab_Parked/raw/20240724/USOS-NOy-LIF_MobileLabGround_20240724_R0.ict
39,1001
Rollins, A.; Waxman, E.; Zuraski, K.; Chace, W.
NOAA Chemical Sciences Laboratory
LIF NO/NOx/NOy on CSL Mobile Lab
AMMBEC / USOS
1, 1
2024,07,24, 2025,01,04
1
Time_Start, seconds, number_of_seconds_since_0000_UTC
7
1, 1, 1, 1, 1, 1, 1
-9999, -9999, -9999, -9999, -9999, -9999, -9999
Time_Stop, seconds, number_of_seconds_since_0000_UTC
NO_LIF, pptv, Gas_NO_InSitu_S_AVMR, volume mixing ratio of nitric oxide in air
NO2_LIF, pptv, Gas_NO2_InSitu_S_AVMR, volume mixing ratio of nitrogen dioxide in air
NOy_LIF, pptv, Gas_NOy_InSitu_S_AVMR, volume mixing ratio of total oxidized nitrogen in air
NO_LIF_1SigmaAccuracy, pptv, Gas_NO_InSitu_S_AVMR, volume mixing ratio of nitric oxide in air
NO2_LIF_1SigmaAccuracy, pptv, Gas_NO2_InSitu_S_AVMR, volume mixing ratio of nitrogen dioxide in air
NOy_LIF_1SigmaAccuracy, pptv, Gas_NOy_InSitu_S_AVMR, volume mixing ratio of total oxidized nitrogen in air
0
18
PI_CONTACT_INFO: andrew.rollins@noaa.gov
PLATFORM: CSL Mobile Lab
LOCATION: Salt Lake City, UT
ASSOCIATED_DATA:
INSTRUMENT_INFO: NO detection by laser induced fluorescence. NO2 detection by photolytic conversion to NO. NOy detection by catalytic conversion to NO on gold surface
DATA_INFO:
UNCERTAINTY: Included 1 Sigma Accuracy waves represent the combined calibration uncertainties (±6%, ±9%, ±10%) and zero uncertainties (3 ppt, 20 ppt, 100 ppt) for NO, NO2, and NOy, respectively.
ULOD_FLAG: -7777
ULOD_VALUE: N/A
LLOD_FLAG: -8888
LLOD_VALUE: N/A
DM_CONTACT_INFO: andrew.rollins@noaa.gov
PROJECT_INFO: USOS Project, July - August 2024
STIPULATIONS_ON_USE: Users are strongly encouraged to contact the PI for proper data usage.
OTHER_COMMENTS:
REVISION: R0
R0: final data
Time_Start, Time_Stop, NO_LIF, NO2_LIF, NOy_LIF, NO_LIF_1SigmaAccuracy, NO2_LIF_1SigmaAccuracy, NOy_LIF_1SigmaAccuracy
[from data line 527]
   31620,   31680,17.612,1191.5,2373.9,4.0567, 127.23, 337.39
   31680,   31740,18.456,1074.4,2199.8,4.1073, 116.7, 319.98
   31740,   31800,11.713,1046.6,2133.5,3.7028, 114.2, 313.35
   31800,   31860,10.033,1053.9,2158.2,3.602, 114.85, 315.82
   31860,   31920,13.563,1015.5,2177.8,3.8138, 111.39, 317.78
   31920,   31980,14.227,1009.3,2173.7,3.8536, 110.83, 317.37
   31980,   32040,202.64,1584,2555.5,15.159, 162.56, 355.55
   32040,   32100,128.15,1730.6,3057.9,10.689, 175.75, 405.79
   32100,   32160,25.997,1082.3,2236.6,4.5598, 117.41, 323.66
   32160,   32220,117.33,1005.7,2116.4,10.04, 110.51, 311.64
   32220,   32280,41.062,1053.9,2204.5,5.4637, 114.85, 320.45
   32280,   32340,13.863,853.08,1965.7,3.8318, 96.777, 296.57
   32340,   32400,13.395,780.52,1865.3,3.8037, 90.246, 286.53
   32400,   32460,12.586,787.7,1868.1,3.7551, 90.893, 286.81
   32460,   32520,11.889,763.84,1866.8,3.7133, 88.746, 286.68
   32520,   32580,9.7818,790.66,1868.1,3.5869, 91.16, 286.81
   32580,   32640,15.543,816.31,1884.9,3.9326, 93.468, 288.49
   32640,   32700,18.19,919.22,1923.9,4.0914, 102.73, 292.39
   32700,   32760,22.15,1001.7,2110.4,4.329, 110.15, 311.04
   32760,   32820,19.819,913.72,2033.8,4.1892, 102.23, 303.38
   32820,   32880,10.242,851.62,2000.8,3.6145, 96.646, 300.08
   32880,   32940,18.282,912.18,1983,4.0969, 102.1, 298.3
   32940,   33000,108.06,1183.5,2340.8,9.4834, 126.52, 334.08
   33000,   33060,120.08,1700.4,2920.5,10.205, 173.04, 392.05
   33060,   33120,17.619,981.5,2205.5,4.0571, 108.33, 320.55
   33120,   33180,20.385,860.98,1966.7,4.2231, 97.489, 296.67
   33180,   33240,45.723,852.91,1888.9,5.7434, 96.762, 288.89
   33240,   33300,83.358,1076.9,2123.2,8.0015, 116.92, 312.32
   33300,   33360,19.816,907.14,2191.4,4.189, 101.64, 319.14
   33360,   33420,15.219,855.8,1932.1,3.9131, 97.022, 293.21
   33420,   33480,14.308,814.57,1938.9,3.8585, 93.311, 293.89
   33480,   33540,9.514,786.5,1872.6,3.5708, 90.785, 287.26
   33540,   33600,22.824,840.72,1946.5,4.3694, 95.665, 294.65
   33600,   33660,23.469,910.25,1985.5,4.4081, 101.92, 298.55
   33660,   33720,11.093,821.92,1916.2,3.6656, 93.973, 291.62
   33720,   33780,18.614,845.61,1958.7,4.1168, 96.105, 295.87
   33780,   33840,14.329,886.33,1974.9,3.8597, 99.77, 297.49
   33840,   33900,21.3,891.46,2035.2,4.278, 100.23, 303.52
   33900,   33960,8.7851,835.57,1962.4,3.5271, 95.201, 296.24
   33960,   34020,12.01,827.54,1928.2,3.7206, 94.478, 292.82
   34020,   34080,13.887,854.52,1959.8,3.8332, 96.907, 295.98
   34080,   34140,9.6825,839.9,1949.9,3.5809, 95.591, 294.99
   34140,   34200,18.699,877.7,1982.6,4.122, 98.993, 298.26
   34200,   34260,22.489,865.19,1989,4.3493, 97.867, 298.9
   34260,   34320,7.4449,972.9,2093,3.4467, 107.56, 309.3
   34320,   34380,10.966,965.17,2152,3.6579, 106.86, 315.2
   34380,   34440,6.2865,1148.1,2320.8,3.3772, 123.33, 332.08
   34440,   34500,6.571,1235.7,2542.4,3.3943, 131.21, 354.24
   34500,   34560,10.021,1329.1,2655.7,3.6013, 139.62, 365.57
   34560,   34620,10.612,1344.8,2528.1,3.6367, 141.04, 352.81
   34620,   34680,10.449,1192.2,2358.8,3.6269, 127.3, 335.88
   34680,   34740,10.115,1375.9,2629.7,3.6069, 143.83, 362.97
   34740,   34800,6.9829,1193.1,2556,3.419, 127.38, 355.6
   34800,   34860,7.6179,1790.3,2982.2,3.4571, 181.13, 398.22
   34860,   34920,8.3017,2087,3637.8,3.4981, 207.83, 463.78
   34920,   34980,5.4872,1821.6,3221.2,3.3292, 183.95, 422.12
   34980,   35040,9.0237,2390,3705.4,3.5414, 235.1, 470.54
   35040,   35100,6.8206,2153.7,3571.3,3.4092, 213.83, 457.13
   35100,   35160,8.5551,2285.4,3654.6,3.5133, 225.69, 465.46
   35160,   35220,11.744,2498.7,3795.5,3.7046, 244.88, 479.55
   35220,   35280,8.5516,2817.7,4205.6,3.5131, 273.59, 520.56
   35280,   35340,16.027,3947.3,5472.2,3.9616, 375.26, 647.22
   35340,   35400,44.098,4893.3,6828.6,5.6459, 460.39, 782.86
   35400,   35460,9.0731,5058.7,6919.9,3.5444, 475.28, 791.99
   35460,   35520,120.53,5828.3,8023.5,10.232, 544.55, 902.35
   35520,   35580,8.8357,4644.4,7155.5,3.5301, 437.99, 815.55
   35580,   35640,9.42,4761.1,6708,3.5652, 448.5, 770.8
   35640,   35700,6.8894,4858.1,6713.2,3.4134, 457.23, 771.32
   35700,   35760,9.5407,5622.4,7388.3,3.5724, 526.01, 838.83
   35760,   35820,29.986,6199.1,7992.2,4.7991, 577.92, 899.22
   35820,   35880,22.127,6386.9,8482.6,4.3276, 594.82, 948.26
   35880,   35940,8.5315,6985.4,8954.8,3.5119, 648.69, 995.48
   35940,   36000,8.8672,7492.2,9673.3,3.532, 694.3, 1067.3
   36000,   36060,10.646,8055.3,10403,3.6388, 744.97, 1140.3
   36060,   36120,7.8912,8215,10750,3.4735, 759.35, 1175
   36120,   36180,9.017,8252.3,10768,3.541, 762.7, 1176.8
   36180,   36240,9.8119,8235.5,10807,3.5887, 761.19, 1180.7
   36240,   36300,12.356,8251.2,10858,3.7414, 762.6, 1185.8
   36300,   36360,21.995,8226.3,10573,4.3197, 760.37, 1157.3
   36360,   36420,44.81,8255.8,11126,5.6886, 763.02, 1212.6
   36420,   36480,8.769,7745.7,10327,3.5261, 717.11, 1132.7
   36480,   36540,8.1128,7789,10110,3.4868, 721.01, 1111
   36540,   36600,7.9969,7913.4,10054,3.4798, 732.21, 1105.4
   36600,   36660,18.043,8566.9,10344,4.0826, 791.02, 1134.4
   36660,   36720,16.155,8520.8,10917,3.9693, 786.87, 1191.7
   36720,   36780,12.317,8009.4,10632,3.739, 740.84, 1163.2
   36780,   36840,-9999,-9999,-9999,-9999, -9999, -9999
   36840,   36900,-9999,-9999,-9999,-9999, -9999, -9999
   36900,   36960,-9999,-9999,-9999,-9999, -9999, -9999
   36960,   37020,-9999,-9999,-9999,-9999, -9999, -9999
   37020,   37080,-9999,-9999,-9999,-9999, -9999, -9999
   37080,   37140,-9999,-9999,-9999,-9999, -9999, -9999
   37140,   37200,-9999,-9999,-9999,-9999, -9999, -9999
   37200,   37260,6.5413,7923.9,10350,3.3925, 733.15, 1135
   37260,   37320,10.278,7996.3,10545,3.6167, 739.67, 1154.5
   37320,   37380,10.115,7800,10369,3.6069, 722, 1136.9
   37380,   37440,8.8974,7700.4,10101,3.5338, 713.04, 1110.1
   37440,   37500,8.1757,7721,10040,3.4905, 714.89, 1104
   37500,   37560,10.65,7717.2,10188,3.639, 714.55, 1118.8
   37560,   37620,16.812,7577.5,9924.2,4.0087, 701.98, 1092.4
   37620,   37680,20.88,7234.7,9590.9,4.2528, 671.13, 1059.1
   37680,   37740,9.3796,6702.4,9213.2,3.5628, 623.21, 1021.3
   37740,   37800,9.7106,6945.5,9326.5,3.5826, 645.09, 1032.7
   37800,   37860,11.367,6810.7,9297.7,3.682, 632.97, 1029.8
   37860,   37920,16.552,6637.3,8908.9,3.9931, 617.36, 990.89
   37920,   37980,10.186,6225.2,8779.6,3.6112, 580.27, 977.96
   37980,   38040,62.235,6056,8623.5,6.7341, 565.04, 962.35
   38040,   38100,102.99,6113,9230.9,9.1795, 570.17, 1023.1
   38100,   38160,15.074,4381.7,6415.9,3.9045, 414.36, 741.59
   38160,   38220,13.252,4230.9,6238.3,3.7951, 400.78, 723.83
   38220,   38280,51.747,4863,6665,6.1048, 457.67, 766.5
   38280,   38340,94.654,6437.1,7542.7,8.6792, 599.34, 854.27
   38340,   38400,122.41,6254.9,8893.5,10.345, 582.94, 989.35
   38400,   38460,18.664,4488.9,6828.3,4.1198, 424, 782.83
   38460,   38520,13.417,3962.2,6410.3,3.805, 376.6, 741.03
   38520,   38580,13.06,3322.5,4985.5,3.7836, 319.03, 598.55
   38580,   38640,344.87,4890.5,6139.1,23.692, 460.15, 713.91
   38640,   38700,63.311,3598.8,6086.4,6.7987, 343.89, 708.64
   38700,   38760,34.721,3075.1,4735.1,5.0833, 296.76, 573.51
   38760,   38820,26.825,3002.1,4496.1,4.6095, 290.19, 549.61
   38820,   38880,30.753,2363.5,3757.8,4.8452, 232.71, 475.78
   38880,   38940,17.831,2463.4,3656.7,4.0699, 241.7, 465.67
   38940,   39000,15.484,2415.2,4124.2,3.929, 237.36, 512.42
   39000,   39060,15.03,1294.3,2586.8,3.9018, 136.49, 358.68
   39060,   39120,20.288,1026.1,2174.7,4.2173, 112.35, 317.47
   39120,   39180,16.978,900.72,1955.8,4.0187, 101.06, 295.58
   39180,   39240,20.376,928.21,1996.3,4.2226, 103.54, 299.63
   39240,   39300,16.46,1045.9,2070.7,3.9876, 114.13, 307.07
   39300,   39360,13.46,871.93,1912,3.8076, 98.474, 291.2
   39360,   39420,14.33,896.52,1956.4,3.8598, 100.69, 295.64
   39420,   39480,8.9671,852.85,1889,3.538, 96.756, 288.9
   39480,   39540,10.696,857.74,1900.7,3.6418, 97.196, 290.07
   39540,   39600,12.47,914.17,1940.2,3.7482, 102.28, 294.02
   39600,   39660,12.853,910.51,2023.5,3.7712, 101.95, 302.35
   39660,   39720,11.198,879.45,1890,3.6719, 99.151, 289
   39720,   39780,105.85,1370.5,2201.6,9.3507, 143.35, 320.16
   39780,   39840,22.751,1188.4,2288.6,4.365, 126.95, 328.86
   39840,   39900,10.223,934.02,2066.8,3.6134, 104.06, 306.68
   39900,   39960,6.707,896.09,1960.6,3.4024, 100.65, 296.06
   39960,   40020,9.6597,955.58,2024.9,3.5796, 106, 302.49
   40020,   40080,8.18,922.17,1949.6,3.4908, 103, 294.96
   40080,   40140,22.947,977.81,1963.2,4.3768, 108, 296.32
   40140,   40200,50.892,1313.2,2360.4,6.0535, 138.19, 336.04
   40200,   40260,15.626,1134.8,2240.7,3.9376, 122.13, 324.07
   40260,   40320,12.752,965.43,2142.9,3.7651, 106.89, 314.29
   40320,   40380,24.193,1170.2,2324.7,4.4516, 125.31, 332.47
   40380,   40440,38.289,1183.4,2237.9,5.2973, 126.51, 323.79
   40440,   40500,10.037,1040.9,2165.9,3.6022, 113.68, 316.59
   40500,   40560,7.309,1165.5,2365.3,3.4385, 124.89, 336.53
   40560,   40620,7.8554,1190.2,2408.2,3.4713, 127.12, 340.82
   40620,   40680,8.054,1158.6,2393.3,3.4832, 124.28, 339.33
   40680,   40740,10.087,1170.4,2445.1,3.6052, 125.34, 344.51
   40740,   40800,8.6447,1059.3,2320.8,3.5187, 115.34, 332.08
   40800,   40860,435.11,2167.3,2557.2,29.107, 215.06, 355.72
   40860,   40920,1220.5,5253.2,6474.6,76.229, 492.79, 747.46
   40920,   40980,108.33,2960.3,4492.9,9.4998, 286.43, 549.29
   40980,   41040,13.956,1584.5,3517.4,3.8374, 162.6, 451.74
   41040,   41100,129.12,1971,3236.2,10.747, 197.39, 423.62
   41100,   41160,177.48,2972.7,4222.1,13.649, 287.54, 522.21
   41160,   41220,31.668,2204.1,3268.7,4.9001, 218.37, 426.87
   41220,   41280,41.403,2307,3462.8,5.4842, 227.63, 446.28
   41280,   41340,12.425,1868.4,3041.7,3.7455, 188.16, 404.17
   41340,   41400,9.32,1453.7,2874.6,3.5592, 150.83, 387.46
   41400,   41460,6.7944,1237.3,2382.6,3.4077, 131.36, 338.26
   41460,   41520,9.9267,1402.4,2459.6,3.5956, 146.21, 345.96
   41520,   41580,7.6583,1385.7,2602.8,3.4595, 144.72, 360.28
   41580,   41640,7.0651,1207.6,2463.8,3.4239, 128.68, 346.38
   41640,   41700,14.594,1454.9,2498,3.8756, 150.94, 349.8
   41700,   41760,8.871,1370.2,2523.3,3.5323, 143.32, 352.33
   41760,   41820,8.0139,1399.6,2465.2,3.4808, 145.96, 346.52
   41820,   41880,6.7657,1236,2452.7,3.4059, 131.24, 345.27
   41880,   41940,10.791,1282.8,2418,3.6475, 135.45, 341.8
   41940,   42000,15.965,1480.6,2605.6,3.9579, 153.25, 360.56
   42000,   42060,15.17,1532.7,2639.1,3.9102, 157.95, 363.91
   42060,   42120,16.931,1587.9,2629.5,4.0159, 162.91, 362.95
   42120,   42180,25.413,1608.1,2736.7,4.5248, 164.73, 373.67
   42180,   42240,28.911,2139.9,3354.3,4.7347, 212.59, 435.43
   42240,   42300,73.151,2429.7,3908.3,7.3891, 238.68, 490.83
   42300,   42360,62.662,2758.2,3915.1,6.7597, 268.24, 491.51
   42360,   42420,97.082,2531.6,4093.4,8.8249, 247.84, 509.34
   42420,   42480,71.661,1968.3,3114,7.2997, 197.15, 411.4
   42480,   42540,131.35,2638,3461,10.881, 257.42, 446.1
   42540,   42600,1324.4,7008.6,9633.1,82.466, 650.77, 1063.3
   42600,   42660,92.993,4433.7,6418.8,8.5796, 419.03, 741.88
   42660,   42720,17.539,2665,3891.2,4.0523, 259.85, 489.12
   42720,   42780,132.22,4225.9,5897.1,10.933, 400.33, 689.71
   42780,   42840,18.997,6726.3,9097.4,4.1398, 625.36, 1009.7
   42840,   42900,393.37,9434.5,12589,26.602, 869.1, 1358.9
   42900,   42960,2505.5,16115,19760,153.33, 1470.3, 2076
   42960,   43020,3851.4,17681,25833,234.08, 1611.3, 2683.3
   43020,   43080,75.773,9871.1,12127,7.5464, 908.4, 1312.7
   43080,   43140,26.308,9882.3,11985,4.5785, 909.41, 1298.5
   43140,   43200,25.48,9901.3,11858,4.5288, 911.12, 1285.8
   43200,   43260,20.713,10506,12993,4.2428, 965.53, 1399.3
   43260,   43320,22.1,10468,12761,4.326, 962.08, 1376.1
   43320,   43380,24.181,9311.5,11771,4.4509, 858.03, 1277.1
   43380,   43440,84.045,9034.9,11479,8.0427, 833.15, 1247.9
   43440,   43500,370.04,10369,12702,25.203, 953.18, 1370.2
   43500,   43560,33.005,8863.7,11711,4.9803, 817.73, 1271.1
   43560,   43620,13.71,7122.7,9455.6,3.8226, 661.04, 1045.6
   43620,   43680,197.72,8676.6,9611.7,14.863, 800.89, 1061.2
   43680,   43740,280.99,10659,12691,19.86, 979.33, 1369.1
   43740,   43800,161.37,9800.5,13681,12.682, 902.04, 1468.1
   43800,   43860,72.614,6309.3,8567.6,7.3568, 587.84, 956.76
   43860,   43920,47.055,6388.5,8252,5.8233, 594.96, 925.2
   43920,   43980,41.062,6985.5,9222.4,5.4637, 648.69, 1022.2
   43980,   44040,26.9,8727.7,10696,4.614, 805.49, 1169.6
   44040,   44100,24.157,8952.2,11256,4.4494, 825.7, 1225.6
   44100,   44160,28.878,9298.1,11422,4.7327, 856.83, 1242.2
   44160,   44220,34.357,10108,12101,5.0614, 929.68, 1310.1
   44220,   44280,37.358,10523,12354,5.2415, 967.06, 1335.4
   44280,   44340,49.002,11030,12579,5.9401, 1012.7, 1357.9
   44340,   44400,155.54,12192,14769,12.332, 1117.3, 1576.9
   44400,   44460,243.47,11364,13245,17.608, 1042.8, 1424.5
   44460,   44520,526.02,12799,16179,34.561, 1171.9, 1717.9
   44520,   44580,118.16,11522,13925,10.089, 1057, 1492.5
   44580,   44640,61.528,8253.9,10725,6.6917, 762.85, 1172.5
   44640,   44700,115.33,11491,13114,9.9195, 1054.2, 1411.4
   44700,   44760,192.64,12217,14439,14.558, 1119.5, 1543.9
   44760,   44820,-9999,-9999,-9999,-9999, -9999, -9999
   44820,   44880,-9999,-9999,-9999,-9999, -9999, -9999
   44880,   44940,-9999,-9999,-9999,-9999, -9999, -9999
   44940,   45000,-9999,-9999,-9999,-9999, -9999, -9999
   45000,   45060,-9999,-9999,-9999,-9999, -9999, -9999
   45060,   45120,-9999,-9999,-9999,-9999, -9999, -9999
   45120,   45180,-9999,-9999,-9999,-9999, -9999, -9999
   45180,   45240,399.93,16375,18334,26.996, 1493.7, 1933.4
   45240,   45300,393.72,16835,19047,26.623, 1535.2, 2004.7
   45300,   45360,506.24,17334,21065,33.375, 1580.1, 2206.5
   45360,   45420,544.35,17104,19991,35.661, 1559.4, 2099.1
   45420,   45480,955.41,18697,20861,60.324, 1702.7, 2186.1
   45480,   45540,548.65,16613,20122,35.919, 1515.2, 2112.2
   45540,   45600,997.33,15957,22282,62.84, 1456.1, 2328.2
   45600,   45660,1273.6,14409,26959,79.419, 1316.8, 2795.9
   45660,   45720,541.77,10004,14016,35.506, 920.34, 1501.6
   45720,   45780,949.59,6593.3,11052,59.975, 613.4, 1205.2
   45780,   45840,494.37,6909.1,8753.8,32.662, 641.82, 975.38
   45840,   45900,724.64,7039.5,12067,46.478, 653.55, 1306.7
   45900,   45960,2229.7,8930.1,18410,136.78, 823.71, 1941
   45960,   46020,1196,8790.4,15490,74.757, 811.13, 1649
   46020,   46080,7741.6,18107,34439,467.5, 1649.7, 3543.9
   46080,   46140,411.67,4050.9,6276.4,27.7, 384.58, 727.64
   46140,   46200,449.85,7076.2,10097,29.991, 656.86, 1109.7
   46200,   46260,2567.9,9047.5,12971,157.08, 834.27, 1397.1
   46260,   46320,1311.9,7957.9,17169,81.713, 736.21, 1816.9
   46320,   46380,1292.6,5854.8,10089,80.559, 546.93, 1108.9
   46380,   46440,1591.1,7480.1,10939,98.466, 693.21, 1193.9
   46440,   46500,1555.9,6676.8,10714,96.352, 620.91, 1171.4
   46500,   46560,675.8,6200.9,7953.6,43.548, 578.08, 895.36
   46560,   46620,1402.4,5654.2,10175,87.144, 528.88, 1117.5
   46620,   46680,1468,5992.6,10634,91.082, 559.33, 1163.4
   46680,   46740,1857.6,6833.6,9433.9,114.46, 635.02, 1043.4
   46740,   46800,966.39,5070.2,11146,60.983, 476.32, 1214.6
   46800,   46860,1169.7,6792.2,11419,73.181, 631.3, 1241.9
   46860,   46920,1262.2,7127,12045,78.731, 661.43, 1304.5
   46920,   46980,1691.1,6657.9,8703.3,104.47, 619.21, 970.33
   46980,   47040,170.32,3935.7,5749.4,13.219, 374.21, 674.94
   47040,   47100,273.48,4084.6,5268.9,19.409, 387.61, 626.89
   47100,   47160,1182,5259.4,6429.5,73.923, 493.35, 742.95
   47160,   47220,2040.1,9181.7,11637,125.41, 846.35, 1263.7
   47220,   47280,2211.2,7947.2,11944,135.67, 735.25, 1294.4
   47280,   47340,356.88,3529.3,5935.6,24.413, 337.64, 693.56
   47340,   47400,399.01,3331,5167.7,26.941, 319.79, 616.77
   47400,   47460,1288.5,4153.9,5130,80.308, 393.85, 613
