CampaignData_and_Merges/R0/CSL_MobileLab_Parked/raw/20240724/USOS-NOAAIodideCIMS-OrgNitrs_MobileLabGround_20240724_RA.ict
37, 1001
Michael A Robinson, Chris Jernigan, Subi Thakali
NOAA ESRL Chemical Sciences Laboratory and CIRES, U. of Colorado
NOAA Iodide CIMS Instrument
USOS
1, 1
2024, 07, 24, 2024, 07, 26
1
starttime_UTC, seconds_past_midnight, seconds_of_day_since_00:00:00_UTC
5
1, 1, 1, 1, 1
-9999, -9999, -9999, -9999, -9999
C4H7NO5_NOAACIMS, pptv, Gas_C4H7NO5_InSitu_S_AVMR, 
ISOPN_NOAACIMS, pptv, Gas_ISOPN_InSitu_S_AVMR, 
C5H10O3_NOAACIMS, pptv, Gas_C5H10O3_InSitu_S_AVMR, 
C5H9NO5_NOAACIMS, pptv, Gas_C5H9NO5_InSitu_S_AVMR, 
C10H17NO4_NOAACIMS, pptv, Gas_C10H17NO4_InSitu_S_AVMR, 
0
18
PI_CONTACT_INFO: 325 Broadway, R/CSD 7, Boulder, Colorado 80305; michael.a.robinson@noaa.gov; chris.jernigan@noaa.gov;
PLATFORM: NOAA CSL Mobile Lab
LOCATION: SLC, Utah
ASSOCIATED_DATA: 1Hz data also available on request.
INSTRUMENT_INFO: NOAA I- ToF CIMS
DATA_INFO: All data in parts per trillion by volume (pptv). 1 Hz data is available upon request.
UNCERTAINTY: TBD
ULOD_FLAG: -7777
ULOD_VALUE: N/A
LLOD_FLAG: -8888
LLOD_VALUE: N/A
DM_CONTACT_INFO: Nathan Howard; nathan.h.howard@noaa.gov
PROJECT_INFO: USOS, summer 2024. https://csl.noaa.gov/groups/csl7/measurements/2024usos/
STIPULATIONS_ON_USE: Users are strongly encouraged to contact the PI for proper data usage.
OTHER_COMMENTS: 
REVISION: RA
RA: Preliminary Data; For in-field use only
starttime_UTC, C4H7NO5_NOAACIMS, ISOPN_NOAACIMS, C5H10O3_NOAACIMS, C5H9NO5_NOAACIMS, C10H17NO4_NOAACIMS
     0,  4.031,  3.931, 20.631,  3.108,  0.139
    60,  3.962,  3.954, 18.659,  3.045,  0.060
   120,  3.997,  3.067, 17.955,  3.091, -0.061
   180,  3.582,  2.971, 16.433,  3.012, -0.029
   240,  3.579,  3.177, 15.180,  3.075, -0.052
   300,  3.423,  2.958, 12.821,  2.907, -0.051
   360,  3.382,  2.824, 13.888,  2.978,  0.049
   420,  3.459,  2.885, 13.801,  2.832, -0.001
   480,  3.378,  2.885, 13.786,  2.788,  0.005
   540, -9999.000, -9999.000, -9999.000, -9999.000, -9999.000
   600,  2.992,  2.363,  9.739,  2.764, -0.001
   660,  3.081,  2.351, 11.381,  3.018,  0.082
   720,  3.179,  2.715, 10.040,  2.791,  0.187
   780,  3.065,  2.572,  9.916,  3.035,  0.135
   840,  3.122,  2.477, 11.270,  2.954,  0.183
   900,  3.149,  2.734, 10.661,  3.007,  0.148
   960,  3.075,  2.347,  9.062,  2.806,  0.177
  1020,  3.014,  2.366, 10.787,  2.995,  0.219
  1080,  3.071,  2.519,  9.381,  2.875,  0.062
  1140,  2.999,  1.883, 10.486,  2.781, -0.114
  1200,  2.853,  2.018,  9.429,  2.844, -0.102
  1260,  2.912,  1.972, 10.076,  2.745, -0.064
  1320,  2.928,  2.198, 10.217,  2.713,  0.040
  1380,  2.909,  1.791, 10.632,  2.711, -0.152
  1440,  2.943,  2.403, 10.067,  2.871,  0.088
  1500,  3.044,  2.641, 10.699,  3.053,  0.023
  1560,  3.173,  2.843, 12.206,  3.065,  0.076
  1620,  3.162,  2.793, 11.911,  3.055,  0.047
  1680,  3.221,  2.986, 12.673,  3.065,  0.035
  1740,  3.133,  2.557, 13.025,  2.851, -0.078
  1800,  3.152,  2.872, 11.615,  2.925, -0.046
  1860,  3.186,  3.258, 13.320,  2.949,  0.003
  1920,  3.097,  2.470, 12.187,  2.912, -0.086
  1980,  3.255,  3.193, 12.914,  2.907,  0.056
  2040,  3.263,  3.284, 12.416,  3.076,  0.075
  2100,  3.073,  2.968, 13.323,  3.075,  0.044
  2160,  3.057,  2.877, 11.134,  3.043,  0.055
  2220,  3.145,  3.258, 11.949,  3.263,  0.016
  2280,  3.202,  3.193, 12.187,  3.195, -0.034
  2340,  3.060,  2.905, 12.114,  3.099,  0.083
  2400, -9999.000, -9999.000, -9999.000, -9999.000, -9999.000
  2460,  3.323,  3.876, 15.436,  3.265,  0.011
  2520,  3.424,  3.706, 17.654,  3.318, -0.081
  2580,  3.643,  4.913, 21.055,  3.470,  0.044
  2640,  3.864,  4.951, 24.924,  3.539,  0.075
  2700,  3.631,  4.535, 24.636,  3.414,  0.027
  2760,  3.728,  4.507, 24.935,  3.393,  0.014
  2820,  3.639,  3.979, 24.614,  3.191, -0.024
  2880,  3.457,  3.975, 22.033,  3.244,  0.057
  2940,  3.590,  4.086, 23.327,  3.349,  0.052
  3000,  3.574,  3.962, 22.935,  3.237, -0.003
  3060,  3.604,  4.375, 24.728,  3.348,  0.030
  3120,  3.569,  4.514, 25.281,  3.444,  0.120
  3180,  3.533,  4.195, 25.742,  3.403,  0.057
  3240,  3.388,  4.220, 25.211,  3.172,  0.035
  3300,  3.375,  4.356, 25.371,  3.314,  0.103
  3360,  3.430,  4.038, 26.419,  3.379,  0.080
  3420,  3.358,  4.187, 25.475,  3.260,  0.142
  3480,  3.316,  3.446, 24.545,  3.157,  0.008
  3540,  3.423,  4.223, 25.178,  3.264,  0.087
  3600,  3.274,  4.181, 22.990,  3.258,  0.079
  3660,  2.936,  3.234, 19.282,  2.919,  0.095
  3720,  2.814,  2.830, 15.362,  2.698,  0.057
  3780,  2.697,  2.701, 14.558,  2.739,  0.089
  3840,  2.621,  2.362, 11.815,  2.581,  0.081
  3900,  2.692,  2.327, 13.107,  2.661,  0.043
  3960,  2.722,  2.818, 12.172,  2.670,  0.070
  4020,  2.856,  2.986, 12.086,  2.757,  0.039
  4080,  2.880,  3.336, 14.342,  2.776,  0.130
  4140,  2.760,  3.192, 13.862,  2.749,  0.057
  4200,  2.713,  3.593, 13.486,  2.730,  0.181
  4260,  2.536,  2.020, 10.473,  2.237, -0.089
  4320,  2.664,  2.983, 12.073,  2.863,  0.091
  4380,  2.597,  3.291, 12.913,  2.801,  0.060
  4440,  2.692,  3.222, 12.412,  2.731,  0.105
  4500,  2.695,  3.227, 13.776,  2.640,  0.160
  4560,  2.764,  2.808, 13.726,  2.548, -0.014
  4620,  2.815,  2.994, 15.150,  2.759,  0.049
  4680,  2.970,  3.598, 16.381,  2.896,  0.084
  4740,  2.965,  3.832, 17.310,  2.812,  0.091
  4800,  2.970,  3.335, 17.846,  2.766,  0.011
  4860,  2.841,  3.477, 16.898,  2.658,  0.023
  4920,  2.920,  3.430, 18.025,  2.637,  0.075
  4980,  2.809,  3.375, 16.776,  2.620, -0.016
  5040,  2.942,  3.866, 17.878,  2.918,  0.147
  5100,  2.941,  4.037, 18.598,  2.875,  0.042
  5160,  3.072,  4.661, 19.878,  3.005,  0.081
  5220,  3.091,  4.890, 20.702,  2.942,  0.059
  5280,  3.168,  5.146, 21.940,  2.988,  0.097
  5340,  3.206,  5.245, 23.019,  3.068,  0.085
  5400,  3.143,  5.100, 22.588,  3.160,  0.081
  5460,  3.234,  5.470, 22.206,  3.043,  0.057
  5520,  3.322,  5.621, 23.348,  2.999,  0.138
  5580,  3.383,  5.719, 24.569,  3.215,  0.021
  5640,  3.423,  6.096, 25.856,  3.296,  0.032
  5700,  3.394,  6.057, 25.509,  3.223,  0.125
  5760,  3.476,  5.685, 25.436,  3.078,  0.047
  5820,  3.397,  6.050, 25.837,  3.356,  0.113
  5880,  3.446,  6.391, 26.606,  3.391,  0.089
  5940,  3.454,  6.626, 28.301,  3.358,  0.176
  6000,  3.563,  7.055, 27.500,  3.425,  0.113
  6060,  3.566,  8.706, 24.817,  3.274,  0.089
  6120,  3.387,  6.585, 22.094,  3.426,  0.133
  6180,  3.382,  6.855, 24.229,  3.480,  0.096
  6240,  3.296,  6.433, 24.982,  3.292,  0.102
  6300,  3.452,  7.154, 27.076,  3.533,  0.147
  6360,  3.301,  6.349, 28.350,  3.342,  0.068
  6420,  3.409,  6.872, 28.977,  3.426,  0.126
  6480,  3.423,  7.030, 29.805,  3.619,  0.111
  6540,  3.374,  7.198, 31.027,  3.468,  0.219
  6600,  3.454,  7.494, 31.224,  3.581,  0.109
  6660,  3.424,  7.134, 31.523,  3.560,  0.129
  6720,  3.555,  7.667, 32.954,  3.512,  0.196
  6780,  3.491,  7.840, 33.124,  3.791,  0.182
  6840,  3.520,  7.809, 34.567,  3.666,  0.181
  6900,  3.613,  7.824, 34.478,  3.729,  0.151
  6960,  3.662,  8.250, 36.335,  3.728,  0.146
  7020,  3.533,  7.698, 36.304,  3.711,  0.104
  7080,  3.395,  7.185, 37.662,  3.598, -0.058
  7140,  3.495,  7.642, 39.974,  3.815,  0.015
  7200,  3.530,  7.562, 39.577,  3.752,  0.046
  7260,  3.610,  7.367, 40.747,  3.799,  0.058
  7320,  3.613,  8.648, 40.759,  3.981,  0.182
  7380,  3.659,  9.200, 43.543,  4.210,  0.236
  7440,  3.709,  9.316, 43.514,  3.982,  0.205
  7500,  3.772,  9.874, 45.428,  4.296,  0.272
  7560,  3.750,  9.800, 44.990,  4.189,  0.171
  7620,  3.783, 10.174, 45.440,  4.187,  0.159
  7680,  3.883, 10.372, 42.762,  4.358,  0.227
  7740,  3.847, 10.207, 45.026,  4.398,  0.196
  7800,  3.755,  9.275, 44.054,  4.363,  0.082
  7860,  3.889, 10.417, 46.297,  4.455,  0.128
  7920,  3.764, 11.750, 47.232,  4.283,  0.168
  7980,  3.767, 11.014, 39.876,  4.448,  0.258
  8040,  3.869, 11.026, 41.235,  4.595,  0.207
  8100,  3.851, 10.548, 42.743,  4.591,  0.208
  8160,  3.911, 11.338, 41.669,  4.606,  0.223
  8220,  3.881, 11.397, 44.379,  4.680,  0.223
  8280,  3.965, 11.400, 43.935,  4.725,  0.314
  8340,  4.053, 12.298, 50.286,  5.231,  0.279
  8400,  4.116, 12.281, 52.037,  5.501,  0.306
  8460,  4.086, 11.670, 51.808,  5.356,  0.254
  8520,  4.077, 12.272, 51.853,  5.327,  0.352
  8580,  4.077, 12.643, 56.395,  5.682,  0.218
  8640,  4.165, 12.523, 59.175,  5.964,  0.197
  8700,  4.149, 13.281, 60.568,  6.109,  0.292
  8760,  4.148, 14.064, 57.972,  5.937,  0.348
  8820,  4.383, 16.004, 62.879,  6.100,  0.347
  8880,  4.364, 15.423, 68.761,  6.292,  0.385
  8940,  4.332, 15.429, 70.080,  6.732,  0.410
  9000,  4.328, 15.492, 71.864,  6.579,  0.374
  9060,  4.335, 15.792, 72.843,  6.559,  0.221
  9120,  4.292, 15.387, 74.609,  6.685,  0.371
  9180,  4.135, 14.963, 72.222,  6.514,  0.218
  9240,  4.241, 15.992, 72.856,  6.671,  0.205
  9300,  4.297, 16.188, 76.124,  6.726,  0.316
  9360,  4.319, 16.993, 75.834,  6.904,  0.454
  9420,  4.267, 16.787, 76.205,  6.972,  0.621
  9480,  4.253, 16.127, 75.097,  6.961,  0.471
  9540,  4.274, 17.195, 77.837,  7.053,  0.673
  9600,  4.318, 16.957, 76.728,  7.039,  0.666
  9660,  4.292, 16.342, 77.676,  7.116,  0.621
  9720,  4.331, 16.159, 76.655,  6.992,  0.740
  9780, -9999.000, -9999.000, -9999.000, -9999.000, -9999.000
  9840,  4.083, 14.801, 66.596,  6.543,  0.453
  9900,  4.063, 15.071, 69.902,  6.892,  0.551
  9960,  4.189, 15.542, 72.482,  6.871,  0.624
 10020,  4.143, 14.616, 75.767,  6.807,  0.243
 10080,  4.163, 15.330, 77.112,  6.992,  0.251
 10140,  4.130, 14.980, 79.223,  7.225,  0.126
 10200,  4.248, 16.086, 83.333,  7.645,  0.352
 10260,  4.166, 15.715, 82.211,  7.486,  0.293
 10320,  4.138, 15.736, 81.790,  7.480,  0.277
 10380,  4.241, 16.822, 83.786,  7.784,  0.383
 10440,  4.160, 16.932, 83.053,  7.885,  0.303
 10500,  4.149, 17.526, 83.592,  8.041,  0.337
 10560,  4.174, 16.957, 85.584,  7.968,  0.267
 10620,  4.187, 17.080, 86.893,  8.193,  0.261
 10680,  4.260, 17.059, 86.401,  8.120,  0.386
 10740,  4.154, 17.252, 86.168,  8.169,  0.452
 10800,  4.294, 18.244, 87.069,  8.297,  0.468
 10860,  4.292, 19.171, 89.908,  8.222,  0.728
 10920,  4.341, 17.922, 88.453,  8.443,  0.622
 10980,  4.385, 18.457, 90.289,  8.477,  0.660
 11040,  4.204, 18.568, 89.050,  8.053,  0.455
 11100,  4.404, 18.191, 89.215,  8.400,  0.526
 11160,  4.245, 18.343, 89.948,  8.519,  0.677
 11220,  4.292, 18.153, 89.853,  8.434,  0.677
 11280,  4.263, 18.859, 86.480,  8.313,  0.710
 11340,  4.264, 18.530, 84.467,  8.055,  0.711
 11400,  4.267, 17.223, 84.664,  8.424,  0.733
 11460,  4.179, 16.957, 83.945,  8.327,  0.620
 11520,  4.104, 16.083, 80.486,  8.219,  0.587
 11580,  4.124, 17.220, 79.425,  7.888,  0.733
 11640,  3.999, 16.804, 74.620,  7.605,  0.640
 11700,  4.044, 15.589, 74.258,  7.646,  0.623
 11760,  4.055, 15.144, 76.076,  7.984,  0.640
 11820,  4.048, 15.087, 78.088,  7.832,  0.587
 11880,  4.056, 15.494, 75.100,  7.947,  0.665
 11940,  4.053, 14.979, 78.000,  7.925,  0.638
 12000,  4.069, 14.652, 75.857,  8.031,  0.648
 12060,  3.993, 14.190, 75.601,  7.779,  0.700
 12120,  3.964, 14.524, 75.091,  7.957,  0.655
 12180,  3.949, 13.989, 74.352,  7.830,  0.651
 12240,  4.015, 14.092, 74.026,  7.819,  0.585
 12300,  3.876, 13.909, 74.772,  7.787,  0.761
 12360,  3.980, 13.794, 73.716,  7.574,  0.716
 12420,  3.891, 13.311, 71.637,  7.631,  0.718
 12480,  3.862, 13.940, 69.913,  7.404,  0.660
 12540,  3.857, 13.608, 69.318,  7.722,  0.745
 12600,  3.813, 13.283, 69.267,  7.677,  0.709
 12660,  3.791, 12.976, 69.961,  7.751,  0.805
 12720,  3.806, 12.939, 67.684,  7.680,  0.757
 12780,  3.669, 12.678, 64.890,  7.600,  0.788
 12840,  3.654, 12.977, 66.492,  7.445,  0.769
 12900,  3.616, 12.178, 64.799,  7.622,  0.737
 12960,  3.613, 12.207, 63.355,  7.366,  0.794
 13020,  3.592, 11.800, 61.325,  7.482,  0.705
 13080,  3.503, 11.791, 60.460,  7.378,  0.712
 13140,  3.453, 11.203, 59.237,  7.289,  0.738
 13200,  3.489, 11.202, 58.578,  7.361,  0.813
 13260,  3.460, 10.788, 58.306,  7.131,  0.789
 13320,  3.355, 11.022, 57.054,  7.037,  0.754
 13380,  3.431, 10.732, 56.386,  7.316,  0.714
 13440,  3.442, 11.069, 56.833,  7.657,  0.708
 13500, -9999.000, -9999.000, -9999.000, -9999.000, -9999.000
 13560,  3.287,  9.938, 48.796,  6.965,  0.656
 13620,  3.321, 10.909, 50.252,  7.215,  0.692
 13680,  3.396, 10.679, 50.449,  7.360,  0.706
 13740,  3.390, 11.075, 53.835,  7.649,  0.715
 13800,  3.376, 10.543, 53.640,  7.590,  0.760
 13860,  3.468, 11.524, 55.058,  7.499,  0.685
 13920,  3.524, 11.041, 54.913,  7.756,  0.719
 13980,  3.443, 11.551, 56.350,  7.842,  0.734
 14040,  3.458, 10.970, 55.976,  7.737,  0.636
 14100,  3.518, 11.416, 57.638,  7.506,  0.757
 14160,  3.606, 11.265, 60.891,  7.985,  0.720
 14220,  3.533, 11.401, 60.302,  7.594,  0.660
 14280,  3.537, 11.134, 62.744,  7.731,  0.730
 14340,  3.532, 11.133, 62.753,  7.496,  0.686
 14400,  3.493, 10.904, 62.639,  7.558,  0.725
 14460,  3.497, 10.869, 62.719,  7.638,  0.638
 14520,  3.465, 10.711, 59.005,  7.357,  0.603
 14580,  3.501, 10.656, 62.106,  7.382,  0.599
 14640,  3.403, 10.579, 59.817,  7.418,  0.612
 14700,  3.393, 10.477, 61.867,  7.331,  0.731
 14760,  3.352, 10.680, 60.981,  7.322,  0.535
 14820,  3.371, 10.496, 59.768,  7.233,  0.659
 14880,  3.339, 10.474, 58.845,  7.262,  0.691
 14940,  3.322, 10.224, 58.727,  7.095,  0.642
 15000,  3.287, 10.254, 59.082,  7.138,  0.734
 15060,  3.312,  9.844, 57.497,  7.362,  0.632
 15120,  3.255,  9.970, 57.723,  7.172,  0.702
 15180,  3.220,  9.769, 55.637,  7.480,  0.649
 15240,  3.206,  9.749, 55.816,  7.125,  0.696
 15300,  3.206,  9.696, 54.980,  6.782,  0.682
 15360,  3.126,  9.938, 49.871,  6.783,  0.563
 15420,  3.159, 10.055, 52.550,  7.130,  0.532
 15480,  3.175,  9.566, 51.732,  7.361,  0.566
 15540,  3.247, 10.128, 53.688,  7.608,  0.626
 15600,  3.316, 10.028, 56.328,  7.614,  0.700
 15660,  3.298, 10.621, 56.964,  7.644,  0.569
 15720,  3.348, 10.466, 59.461,  7.582,  0.666
 15780,  3.346, 10.627, 57.685,  7.579,  0.650
 15840,  3.343, 10.610, 60.938,  7.701,  0.709
 15900,  3.295, 10.221, 60.465,  7.537,  0.656
 15960,  3.314, 10.178, 59.903,  7.342,  0.556
 16020,  3.224, 10.102, 59.665,  7.337,  0.774
 16080,  3.242, 10.345, 58.299,  6.918,  0.700
 16140,  3.267, 10.146, 59.580,  6.945,  0.692
 16200,  3.237, 10.093, 57.416,  6.966,  0.719
 16260,  3.211, 10.474, 58.794,  6.963,  0.764
 16320,  3.297,  9.816, 58.082,  7.178,  0.664
 16380,  3.309, 11.038, 59.034,  7.263,  0.729
 16440,  3.368, 10.284, 58.225,  7.377,  0.645
 16500,  3.372, 10.415, 58.801,  7.371,  0.785
 16560,  3.361, 10.243, 57.812,  7.222,  0.704
 16620,  3.372, 10.316, 59.270,  7.392,  0.711
 16680,  3.338, 10.297, 56.784,  7.235,  0.772
 16740,  3.311, 10.403, 58.011,  7.525,  0.619
 16800,  3.402, 10.870, 58.221,  7.469,  0.669
 16860,  3.398, 10.978, 56.533,  7.361,  0.716
 16920,  3.332, 10.725, 55.712,  7.232,  0.676
 16980,  3.381, 10.079, 56.171,  7.201,  0.690
 17040,  3.260, 10.044, 55.484,  6.996,  0.704
 17100,  3.222,  9.908, 55.509,  7.007,  0.718
 17160, -9999.000, -9999.000, -9999.000, -9999.000, -9999.000
 17220,  3.039,  9.388, 45.513,  6.533,  0.578
 17280,  3.066,  9.156, 46.318,  6.644,  0.598
 17340,  3.200,  9.810, 47.415,  6.898,  0.757
 17400,  3.181,  9.891, 48.749,  7.041,  0.873
 17460,  3.311, 10.460, 51.492,  7.149,  0.890
 17520,  3.374, 10.948, 54.388,  7.690,  1.014
 17580,  3.472, 11.355, 54.780,  7.742,  0.883
 17640,  3.404, 10.664, 55.434,  7.635,  0.939
 17700,  3.426, 10.778, 54.402,  7.368,  1.014
 17760,  3.425, 10.876, 57.511,  8.190,  0.954
 17820,  3.295, 10.969, 56.119,  7.799,  1.076
 17880,  3.294, 10.027, 52.597,  7.501,  0.899
 17940,  3.339, 10.126, 52.469,  7.622,  0.889
 18000,  3.314, 10.249, 52.943,  7.604,  0.898
 18060,  3.231, 10.035, 52.344,  7.401,  0.903
 18120,  3.267,  9.455, 51.108,  7.474,  0.910
 18180,  3.215,  9.513, 50.424,  7.441,  0.786
 18240,  3.192, 10.010, 50.820,  7.617,  0.886
 18300,  3.213,  9.416, 51.357,  7.625,  0.878
 18360,  3.181,  9.481, 50.909,  7.488,  0.938
 18420,  3.169,  9.075, 49.779,  7.603,  0.920
 18480,  3.141,  9.607, 50.518,  7.449,  0.890
 18540,  3.185,  9.435, 50.289,  7.529,  0.885
 18600,  3.251,  9.799, 52.227,  7.517,  0.867
 18660,  3.219,  9.449, 51.993,  7.538,  1.082
 18720,  3.184,  9.700, 50.016,  7.555,  1.021
 18780,  3.273, 10.029, 51.807,  7.870,  1.087
 18840,  3.401, 10.021, 53.572,  7.869,  1.053
 18900,  3.446, 10.154, 55.586,  8.140,  0.960
 18960,  3.424, 10.291, 55.245,  8.059,  1.008
 19020, -9999.000, -9999.000, -9999.000, -9999.000, -9999.000
 19080,  3.507, 10.670, 53.155,  7.864,  0.810
 19140,  3.583, 10.793, 55.114,  7.997,  0.834
 19200,  3.588, 10.870, 55.448,  8.220,  0.881
 19260,  3.763, 11.482, 56.547,  8.725,  0.914
 19320,  3.775, 11.393, 59.483,  8.676,  0.911
 19380,  3.595, 10.731, 55.943,  8.668,  0.958
 19440,  3.903, 11.702, 59.013,  9.095,  0.938
 19500,  3.899, 12.345, 61.255,  8.985,  0.939
 19560,  3.905, 11.716, 59.534,  8.937,  0.858
 19620,  3.926, 11.670, 57.961,  8.722,  0.858
 19680,  3.889, 11.249, 60.288,  8.654,  0.875
 19740,  3.933, 11.901, 62.455,  8.649,  0.920
 19800,  3.931, 11.706, 60.686,  8.633,  0.915
 19860,  3.938, 11.559, 60.517,  8.149,  0.887
 19920,  3.890, 11.586, 61.474,  8.276,  0.824
 19980,  3.946, 11.535, 62.007,  8.305,  0.841
 20040,  3.996, 11.484, 60.848,  8.131,  0.795
 20100,  3.943, 11.706, 61.632,  8.180,  0.866
 20160,  3.985, 11.840, 63.306,  8.116,  0.858
 20220,  4.019, 11.462, 60.890,  7.958,  0.812
