CampaignData_and_Merges/R0/CSL_MobileLab_Parked/raw/20240724/USOS-jNO2_MobileLabGround_20240724_R0.ict
52,1001
Waxman, E.; Rollins, A.; Zuraski, K.; Chace, W.
NOAA Chemical Sciences Laboratory
jNO2 filter radiometer on CSL Mobile Lab
AMMBEC / USOS
1, 1
2024,07,24, 2025,04,01
60
Time_Start, seconds, number_of_seconds_since_0000_UTC
20
1, 1, 1, 1, 1, 1, 1, 1, 1, 1, 1, 1, 1, 1, 1, 1, 1, 1, 1, 1
-9999, -9999, -9999, -9999, -9999, -9999, -9999, -9999, -9999, -9999, -9999, -9999, -9999, -9999, -9999, -9999, -9999, -9999, -9999, -9999
Time_Stop, seconds, number_of_seconds_since_0000_UTC
jNO2_meas, per second, photolysis rate of NO2 measured using a filter radiometer.
jBrCl, per second, photolysis rate of BrCl -> Br + Cl calculated in TUV for cloud-free sky with local AOD
jBr2, per second, photolysis rate of Br2 -> Br + Br calculated in TUV for cloud-free sky with local AOD
jCCl4, per second, photolysis rate of CCl4 -> Products calcualted in TUV for cloud-free sky with local AOD
jCH2Oa, per second, photolysis rate of CH2O -> H + HCO calculated in TUV for cloud-free sky with local AOD
jCH2Ob, per second, photolysis rate of CH2O -> H2 + CO calculated in TUV for cloud-free sky with local AOD
jClNO2, per second, photolysis rate of ClNO2 -> Cl + NO2 calculated in TUV for cloud-free sky with local AOD
jClOa, per second, photolysis rate of ClO -> Cl + O(1D) calculated in TUV for cloud-free sky with local AOD
jClOb, per second, photolysis rate of ClO -> Cl + O(3P) calculated in TUV for cloud-free sky with local AOD
jCl2, per second, photolysis rate of Cl2 -> Cl + Cl calculated in TUV for cloud-free sky with local AOD
jHNO2, per second, photolysis rate of HNO2 -> OH + NO calculated in TUV for cloud-free sky with local AOD
jHNO3, per second, photolysis rate of HNO3 -> OH + NO2 calculated in TUV for cloud-free sky with local AOD
jI2, per second, photolysis rate of I2 -> I + I calculated in TUV for cloud-free sky with local AOD
jNO2, per second, photolysis rate of NO2 -> NO + O(3P) calculated in TUV for cloud-free sky with local AOD
jNO3a, per second, photolysis rate of NO3 -> NO + O2 calculated in TUV for cloud-free sky with local AOD
jNO3b, per second, photolysis rate of NO3 -> NO2 + O(3P) calculated in TUV for cloud-free sky with local AOD
jN2O5, per second, photolysis rate of N2O5 -> NO3 + NO + O(3P) calculated in TUV for cloud-free sky with local AOD
jO3, per second, photolysis rate of O3 -> O2 + O(1D) calculated in TUV for cloud-free sky with local AOD
AOD_500nm, unitless, UTC daily mean AOD at 500 nm from an AERONET station located at 40.178 N, -112.452 E
0
18
PI_CONTACT_INFO: eleanor.waxman@noaa.gov
PLATFORM: CSL Mobile Lab, at ground site
LOCATION: Salt Lake City, UT
ASSOCIATED_DATA:
INSTRUMENT_INFO: jNO2 filter radiometer.  TUV calculations are for mobile van lat/lon/altitude assuming clear sky (cloud AOD = 0) and daily mean AOD.
DATA_INFO:
UNCERTAINTY: Data uncertainties are +/- 20%.  These come from uncertainties in radiometer angular response, radiometer thermal response, local interferences from clouds/aerosols/shadows etc.
ULOD_FLAG: -7777
ULOD_VALUE: N/A
LLOD_FLAG: -8888
LLOD_VALUE: N/A
DM_CONTACT_INFO: eleanor.waxman@noaa.gov
PROJECT_INFO: USOS Project, July - August 2024
STIPULATIONS_ON_USE: Users are strongly encouraged to contact the PI for proper data usage.
OTHER_COMMENTS: 
REVISION: R0
R0: final data
Time_Start, Time_Stop, jNO2_meas, jBrCl, jBr2, jCCl4, jCH2Oa, jCH2Ob, jClNO2, jClOa, jClOb, jCl2, jHNO2, jHNO3, jI2, jNO2, jNO3a, jNO3b, jN2O5, jO3, AOD_500nm
[from data line 948]
   56880,   56940,0.0066414,0.008414,0.02664,4.952e-25,1.892e-05,3.148e-05,0.0003128,1.748e-25,1.958e-05,0.001625,0.001088,2.955e-07,0.09882,0.006829,0.0196,0.1545,2.688e-05,1.245e-05,0.393
   56940,   57000,0.006658,0.00844,0.02671,5.091e-25,1.905e-05,3.165e-05,0.0003144,1.798e-25,1.979e-05,0.001632,0.001092,2.979e-07,0.09903,0.006855,0.01963,0.1548,2.702e-05,1.258e-05,0.393
   57000,   57060,0.0066776,0.008464,0.02677,5.227e-25,1.916e-05,3.18e-05,0.0003158,1.848e-25,1.998e-05,0.001638,0.001097,3.001e-07,0.09923,0.006879,0.01967,0.1551,2.716e-05,1.271e-05,0.393
   57060,   57120,0.0066874,0.00849,0.02684,5.376e-25,1.928e-05,3.196e-05,0.0003174,1.902e-25,2.02e-05,0.001645,0.001101,3.025e-07,0.09943,0.006904,0.0197,0.1554,2.731e-05,1.285e-05,0.393
   57120,   57180,0.0066999,0.008515,0.02691,5.53e-25,1.94e-05,3.212e-05,0.0003189,1.959e-25,2.041e-05,0.001652,0.001105,3.049e-07,0.09964,0.006929,0.01974,0.1557,2.745e-05,1.299e-05,0.393
   57180,   57240,0.0067178,0.008539,0.02697,5.679e-25,1.952e-05,3.226e-05,0.0003204,2.014e-25,2.061e-05,0.001658,0.001109,3.072e-07,0.09983,0.006953,0.01977,0.156,2.759e-05,1.313e-05,0.393
   57240,   57300,0.0067477,0.008564,0.02704,5.844e-25,1.964e-05,3.242e-05,0.0003219,2.075e-25,2.082e-05,0.001665,0.001113,3.096e-07,0.1,0.006977,0.0198,0.1563,2.773e-05,1.327e-05,0.393
   57300,   57360,0.0067716,0.008589,0.0271,6.017e-25,1.976e-05,3.258e-05,0.0003234,2.138e-25,2.103e-05,0.001672,0.001118,3.119e-07,0.1002,0.007002,0.01984,0.1566,2.788e-05,1.341e-05,0.393
   57360,   57420,0.0067976,0.008612,0.02716,6.185e-25,1.987e-05,3.273e-05,0.0003249,2.201e-25,2.123e-05,0.001678,0.001121,3.142e-07,0.1004,0.007025,0.01987,0.1569,2.801e-05,1.354e-05,0.393
   57420,   57480,0.0068081,0.008636,0.02723,6.371e-25,1.999e-05,3.288e-05,0.0003264,2.27e-25,2.144e-05,0.001685,0.001126,3.166e-07,0.1006,0.007049,0.0199,0.1572,2.815e-05,1.368e-05,0.393
   57480,   57540,0.0068207,0.00866,0.02729,6.564e-25,2.011e-05,3.303e-05,0.0003279,2.341e-25,2.166e-05,0.001692,0.00113,3.19e-07,0.1008,0.007073,0.01993,0.1575,2.83e-05,1.382e-05,0.393
   57540,   57600,0.0068464,0.008683,0.02735,6.752e-25,2.022e-05,3.318e-05,0.0003293,2.412e-25,2.186e-05,0.001698,0.001134,3.212e-07,0.101,0.007096,0.01996,0.1577,2.843e-05,1.395e-05,0.393
   57600,   57660,0.0068701,0.008707,0.02741,6.959e-25,2.034e-05,3.333e-05,0.0003307,2.489e-25,2.207e-05,0.001704,0.001138,3.236e-07,0.1012,0.007119,0.01999,0.158,2.857e-05,1.41e-05,0.393
   57660,   57720,0.0068892,0.00873,0.02747,7.175e-25,2.046e-05,3.348e-05,0.0003322,2.571e-25,2.229e-05,0.001711,0.001142,3.259e-07,0.1013,0.007143,0.02002,0.1583,2.871e-05,1.424e-05,0.393
   57720,   57780,0.0069126,0.008752,0.02753,7.386e-25,2.057e-05,3.362e-05,0.0003336,2.65e-25,2.249e-05,0.001717,0.001145,3.282e-07,0.1015,0.007165,0.02005,0.1585,2.884e-05,1.437e-05,0.393
   57780,   57840,0.0069336,0.008776,0.02759,7.619e-25,2.068e-05,3.378e-05,0.0003351,2.738e-25,2.27e-05,0.001723,0.001149,3.305e-07,0.1017,0.007188,0.02008,0.1588,2.898e-05,1.452e-05,0.393
   57840,   57900,0.0069487,0.008799,0.02765,7.862e-25,2.08e-05,3.392e-05,0.0003365,2.83e-25,2.292e-05,0.00173,0.001153,3.329e-07,0.1019,0.007211,0.02011,0.1591,2.912e-05,1.466e-05,0.393
   57900,   57960,0.0069662,0.00882,0.0277,8.098e-25,2.091e-05,3.406e-05,0.0003379,2.92e-25,2.312e-05,0.001736,0.001157,3.351e-07,0.1021,0.007232,0.02014,0.1593,2.925e-05,1.479e-05,0.393
   57960,   58020,0.0069966,0.008843,0.02776,8.36e-25,2.102e-05,3.421e-05,0.0003393,3.02e-25,2.333e-05,0.001742,0.001161,3.375e-07,0.1022,0.007255,0.02017,0.1596,2.938e-05,1.494e-05,0.393
   58020,   58080,0.0070194,0.008865,0.02782,8.633e-25,2.114e-05,3.436e-05,0.0003407,3.125e-25,2.355e-05,0.001748,0.001165,3.398e-07,0.1024,0.007277,0.0202,0.1598,2.952e-05,1.508e-05,0.393
   58080,   58140,0.0070417,0.008886,0.02788,8.9e-25,2.125e-05,3.45e-05,0.0003421,3.227e-25,2.375e-05,0.001754,0.001168,3.42e-07,0.1026,0.007298,0.02023,0.1601,2.965e-05,1.521e-05,0.393
   58140,   58200,0.0070627,0.008908,0.02793,9.196e-25,2.136e-05,3.464e-05,0.0003435,3.341e-25,2.397e-05,0.00176,0.001172,3.444e-07,0.1027,0.00732,0.02026,0.1603,2.978e-05,1.536e-05,0.393
   58200,   58260,0.0070742,0.00893,0.02799,9.504e-25,2.148e-05,3.479e-05,0.0003449,3.46e-25,2.418e-05,0.001767,0.001176,3.467e-07,0.1029,0.007342,0.02028,0.1606,2.992e-05,1.55e-05,0.393
   58260,   58320,0.0070808,0.00895,0.02804,9.805e-25,2.158e-05,3.492e-05,0.0003462,3.577e-25,2.439e-05,0.001772,0.001179,3.489e-07,0.1031,0.007363,0.02031,0.1608,3.004e-05,1.564e-05,0.393
   58320,   58380,0.0071147,0.008972,0.0281,1.014e-24,2.169e-05,3.506e-05,0.0003476,3.707e-25,2.46e-05,0.001778,0.001183,3.512e-07,0.1032,0.007385,0.02034,0.161,3.017e-05,1.578e-05,0.393
   58380,   58440,0.0071464,0.008993,0.02815,1.049e-24,2.181e-05,3.521e-05,0.000349,3.844e-25,2.482e-05,0.001784,0.001187,3.536e-07,0.1034,0.007406,0.02036,0.1613,3.031e-05,1.592e-05,0.393
   58440,   58500,0.0071506,0.009013,0.0282,1.083e-24,2.191e-05,3.534e-05,0.0003503,3.978e-25,2.502e-05,0.00179,0.00119,3.558e-07,0.1035,0.007426,0.02039,0.1615,3.043e-05,1.606e-05,0.393
   58500,   58560,0.0071608,0.009034,0.02826,1.121e-24,2.202e-05,3.548e-05,0.0003516,4.127e-25,2.524e-05,0.001796,0.001194,3.581e-07,0.1037,0.007447,0.02042,0.1617,3.056e-05,1.62e-05,0.393
   58560,   58620,0.0071922,0.009054,0.02831,1.16e-24,2.213e-05,3.562e-05,0.000353,4.283e-25,2.545e-05,0.001802,0.001198,3.604e-07,0.1039,0.007468,0.02044,0.162,3.069e-05,1.635e-05,0.393
   58620,   58680,0.0072123,0.009074,0.02836,1.199e-24,2.224e-05,3.575e-05,0.0003542,4.437e-25,2.566e-05,0.001807,0.001201,3.626e-07,0.104,0.007488,0.02047,0.1622,3.081e-05,1.648e-05,0.393
   58680,   58740,0.007235,0.009094,0.02841,1.242e-24,2.235e-05,3.589e-05,0.0003556,4.608e-25,2.587e-05,0.001813,0.001204,3.649e-07,0.1042,0.007508,0.02049,0.1624,3.094e-05,1.663e-05,0.393
   58740,   58800,0.0072589,0.009114,0.02846,1.287e-24,2.246e-05,3.602e-05,0.0003569,4.788e-25,2.609e-05,0.001819,0.001208,3.671e-07,0.1043,0.007529,0.02052,0.1626,3.107e-05,1.677e-05,0.393
   58800,   58860,0.007266,0.009133,0.02851,1.331e-24,2.256e-05,3.615e-05,0.0003582,4.965e-25,2.629e-05,0.001824,0.001211,3.693e-07,0.1045,0.007548,0.02054,0.1628,3.119e-05,1.691e-05,0.393
   58860,   58920,0.0072815,0.009153,0.02856,1.38e-24,2.267e-05,3.629e-05,0.0003595,5.163e-25,2.651e-05,0.00183,0.001215,3.716e-07,0.1046,0.007568,0.02057,0.1631,3.132e-05,1.705e-05,0.393
   58920,   58980,0.0072933,0.009173,0.02861,1.431e-24,2.278e-05,3.642e-05,0.0003608,5.37e-25,2.672e-05,0.001836,0.001218,3.739e-07,0.1048,0.007588,0.02059,0.1633,3.145e-05,1.72e-05,0.393
   58980,   59040,0.0073097,0.009191,0.02866,1.482e-24,2.288e-05,3.655e-05,0.000362,5.575e-25,2.693e-05,0.001841,0.001221,3.76e-07,0.1049,0.007607,0.02061,0.1635,3.156e-05,1.733e-05,0.393
   59040,   59100,0.0073298,0.00921,0.02871,1.538e-24,2.298e-05,3.668e-05,0.0003633,5.804e-25,2.714e-05,0.001847,0.001225,3.783e-07,0.1051,0.007627,0.02064,0.1637,3.169e-05,1.748e-05,0.393
   59100,   59160,0.0073397,0.009229,0.02876,1.597e-24,2.309e-05,3.681e-05,0.0003646,6.045e-25,2.736e-05,0.001852,0.001228,3.805e-07,0.1052,0.007646,0.02066,0.1639,3.181e-05,1.762e-05,0.393
   59160,   59220,0.0073537,0.009247,0.0288,1.655e-24,2.319e-05,3.694e-05,0.0003658,6.283e-25,2.756e-05,0.001857,0.001231,3.826e-07,0.1053,0.007664,0.02068,0.1641,3.193e-05,1.776e-05,0.393
   59220,   59280,0.007387,0.009266,0.02885,1.719e-24,2.33e-05,3.707e-05,0.0003671,6.549e-25,2.778e-05,0.001863,0.001235,3.849e-07,0.1055,0.007684,0.02071,0.1643,3.205e-05,1.79e-05,0.393
   59280,   59340,0.0073966,0.009285,0.0289,1.787e-24,2.34e-05,3.72e-05,0.0003683,6.829e-25,2.799e-05,0.001868,0.001238,3.871e-07,0.1056,0.007703,0.02073,0.1645,3.218e-05,1.805e-05,0.393
   59340,   59400,0.0074042,0.009302,0.02894,1.854e-24,2.35e-05,3.732e-05,0.0003695,7.106e-25,2.819e-05,0.001873,0.001241,3.892e-07,0.1057,0.00772,0.02075,0.1647,3.229e-05,1.818e-05,0.393
   59400,   59460,0.0074176,0.00932,0.02899,1.928e-24,2.36e-05,3.745e-05,0.0003708,7.417e-25,2.841e-05,0.001879,0.001244,3.915e-07,0.1059,0.007739,0.02077,0.1649,3.241e-05,1.833e-05,0.393
   59460,   59520,0.0074293,0.009338,0.02904,2.006e-24,2.371e-05,3.757e-05,0.000372,7.744e-25,2.862e-05,0.001884,0.001248,3.937e-07,0.106,0.007758,0.02079,0.1651,3.253e-05,1.847e-05,0.393
   59520,   59580,0.0074487,0.009355,0.02908,2.083e-24,2.38e-05,3.769e-05,0.0003732,8.069e-25,2.882e-05,0.001889,0.001251,3.958e-07,0.1061,0.007775,0.02082,0.1653,3.265e-05,1.86e-05,0.393
   59580,   59640,0.0074638,0.009373,0.02912,2.169e-24,2.391e-05,3.782e-05,0.0003744,8.431e-25,2.904e-05,0.001894,0.001254,3.98e-07,0.1063,0.007793,0.02084,0.1655,3.276e-05,1.875e-05,0.393
   59640,   59700,0.0074841,0.009391,0.02917,2.26e-24,2.401e-05,3.794e-05,0.0003756,8.815e-25,2.925e-05,0.001899,0.001257,4.002e-07,0.1064,0.007812,0.02086,0.1657,3.288e-05,1.889e-05,0.393
   59700,   59760,0.0075101,0.009407,0.02921,2.349e-24,2.41e-05,3.806e-05,0.0003767,9.196e-25,2.945e-05,0.001904,0.00126,4.022e-07,0.1065,0.007828,0.02088,0.1658,3.299e-05,1.903e-05,0.393
   59760,   59820,0.0075245,0.009425,0.02925,2.449e-24,2.42e-05,3.818e-05,0.0003779,9.623e-25,2.966e-05,0.001909,0.001263,4.044e-07,0.1066,0.007846,0.0209,0.166,3.311e-05,1.917e-05,0.393
   59820,   59880,0.0075304,0.009442,0.0293,2.555e-24,2.43e-05,3.83e-05,0.0003791,1.008e-24,2.988e-05,0.001914,0.001266,4.066e-07,0.1068,0.007864,0.02092,0.1662,3.323e-05,1.931e-05,0.393
   59880,   59940,0.0075454,0.009458,0.02934,2.659e-24,2.44e-05,3.842e-05,0.0003802,1.053e-24,3.008e-05,0.001919,0.001269,4.086e-07,0.1069,0.007881,0.02094,0.1664,3.334e-05,1.945e-05,0.393
   59940,   60000,0.0075646,0.009474,0.02938,2.776e-24,2.45e-05,3.854e-05,0.0003814,1.103e-24,3.029e-05,0.001924,0.001272,4.108e-07,0.107,0.007898,0.02096,0.1666,3.345e-05,1.959e-05,0.393
   60000,   60060,0.0075745,0.009491,0.02942,2.899e-24,2.46e-05,3.866e-05,0.0003826,1.156e-24,3.05e-05,0.001929,0.001275,4.13e-07,0.1071,0.007915,0.02098,0.1667,3.356e-05,1.973e-05,0.393
   60060,   60120,0.0075819,0.009507,0.02946,3.021e-24,2.469e-05,3.877e-05,0.0003837,1.21e-24,3.07e-05,0.001934,0.001278,4.15e-07,0.1072,0.007931,0.021,0.1669,3.367e-05,1.986e-05,0.393
   60120,   60180,0.0075879,0.00952,0.02949,3.129e-24,2.476e-05,3.886e-05,0.0003846,1.257e-24,3.086e-05,0.001938,0.00128,4.166e-07,0.1073,0.007945,0.02101,0.167,3.376e-05,1.998e-05,0.393
   60180,   60240,0.0076132,0.009534,0.02953,3.266e-24,2.485e-05,3.897e-05,0.0003856,1.318e-24,3.107e-05,0.001942,0.001283,4.187e-07,0.1074,0.007959,0.02103,0.1672,3.386e-05,2.011e-05,0.393
   60240,   60300,0.0076136,0.009549,0.02957,3.408e-24,2.494e-05,3.908e-05,0.0003867,1.38e-24,3.126e-05,0.001946,0.001285,4.207e-07,0.1076,0.007975,0.02104,0.1673,3.397e-05,2.025e-05,0.393
   60300,   60360,0.0076525,0.009565,0.0296,3.566e-24,2.504e-05,3.919e-05,0.0003878,1.449e-24,3.147e-05,0.001951,0.001288,4.228e-07,0.1077,0.007992,0.02106,0.1675,3.408e-05,2.039e-05,0.393
   60360,   60420,0.0076675,0.00958,0.02964,3.733e-24,2.514e-05,3.931e-05,0.0003889,1.524e-24,3.168e-05,0.001956,0.001291,4.249e-07,0.1078,0.008008,0.02108,0.1677,3.419e-05,2.053e-05,0.393
   60420,   60480,0.0076832,0.009595,0.02968,3.9e-24,2.522e-05,3.942e-05,0.00039,1.597e-24,3.188e-05,0.00196,0.001294,4.268e-07,0.1079,0.008023,0.0211,0.1678,3.429e-05,2.066e-05,0.393
   60480,   60540,0.007695,0.00961,0.02972,4.087e-24,2.532e-05,3.953e-05,0.0003911,1.681e-24,3.208e-05,0.001965,0.001296,4.289e-07,0.108,0.008039,0.02112,0.168,3.44e-05,2.08e-05,0.393
   60540,   60600,0.0077159,0.009626,0.02976,4.285e-24,2.541e-05,3.964e-05,0.0003922,1.769e-24,3.229e-05,0.00197,0.001299,4.31e-07,0.1081,0.008055,0.02113,0.1681,3.451e-05,2.094e-05,0.393
   60600,   60660,0.007715,0.00964,0.02979,4.481e-24,2.55e-05,3.975e-05,0.0003932,1.857e-24,3.248e-05,0.001974,0.001302,4.329e-07,0.1082,0.00807,0.02115,0.1683,3.461e-05,2.107e-05,0.393
   60660,   60720,0.0077275,0.009655,0.02983,4.702e-24,2.559e-05,3.986e-05,0.0003943,1.956e-24,3.269e-05,0.001978,0.001304,4.35e-07,0.1083,0.008086,0.02117,0.1685,3.471e-05,2.121e-05,0.393
   60720,   60780,0.0077372,0.00967,0.02987,4.936e-24,2.568e-05,3.997e-05,0.0003953,2.062e-24,3.289e-05,0.001983,0.001307,4.37e-07,0.1084,0.008101,0.02118,0.1686,3.482e-05,2.135e-05,0.393
   60780,   60840,0.0077411,0.009683,0.0299,5.169e-24,2.577e-05,4.007e-05,0.0003963,2.167e-24,3.309e-05,0.001987,0.00131,4.389e-07,0.1085,0.008116,0.0212,0.1687,3.492e-05,2.148e-05,0.393
   60840,   60900,0.0077539,0.009698,0.02994,5.431e-24,2.586e-05,4.018e-05,0.0003974,2.286e-24,3.329e-05,0.001992,0.001312,4.41e-07,0.1086,0.008131,0.02122,0.1689,3.502e-05,2.161e-05,0.393
   60900,   60960,0.0077776,0.009712,0.02997,5.709e-24,2.595e-05,4.028e-05,0.0003984,2.412e-24,3.349e-05,0.001996,0.001315,4.43e-07,0.1087,0.008146,0.02123,0.169,3.513e-05,2.175e-05,0.393
   60960,   61020,0.0078187,0.009726,0.03001,5.985e-24,2.603e-05,4.038e-05,0.0003994,2.538e-24,3.368e-05,0.002,0.001317,4.449e-07,0.1088,0.00816,0.02125,0.1692,3.522e-05,2.188e-05,0.393
   61020,   61080,0.0078437,0.00974,0.03004,6.296e-24,2.612e-05,4.049e-05,0.0004004,2.68e-24,3.388e-05,0.002004,0.00132,4.469e-07,0.1089,0.008175,0.02126,0.1693,3.532e-05,2.201e-05,0.393
   61080,   61140,0.0078783,0.009754,0.03007,6.626e-24,2.621e-05,4.06e-05,0.0004015,2.831e-24,3.408e-05,0.002009,0.001323,4.488e-07,0.109,0.00819,0.02128,0.1695,3.543e-05,2.215e-05,0.393
   61140,   61200,0.007915,0.009767,0.03011,6.954e-24,2.629e-05,4.069e-05,0.0004024,2.982e-24,3.427e-05,0.002013,0.001325,4.507e-07,0.1091,0.008204,0.02129,0.1696,3.552e-05,2.228e-05,0.393
   61200,   61260,0.0079088,0.009781,0.03014,7.323e-24,2.638e-05,4.08e-05,0.0004034,3.151e-24,3.447e-05,0.002017,0.001328,4.527e-07,0.1092,0.008218,0.02131,0.1697,3.562e-05,2.241e-05,0.393
   61260,   61320,0.0079189,0.009794,0.03017,7.712e-24,2.647e-05,4.09e-05,0.0004044,3.33e-24,3.467e-05,0.002021,0.00133,4.546e-07,0.1093,0.008232,0.02132,0.1699,3.572e-05,2.254e-05,0.393
   61320,   61380,0.0079062,0.009807,0.0302,8.1e-24,2.655e-05,4.099e-05,0.0004054,3.508e-24,3.485e-05,0.002025,0.001332,4.564e-07,0.1094,0.008246,0.02134,0.17,3.581e-05,2.267e-05,0.393
   61380,   61440,0.0079361,0.00982,0.03024,8.534e-24,2.663e-05,4.11e-05,0.0004064,3.707e-24,3.505e-05,0.002029,0.001335,4.584e-07,0.1095,0.00826,0.02135,0.1701,3.591e-05,2.28e-05,0.393
   61440,   61500,0.0079463,0.009833,0.03027,8.988e-24,2.672e-05,4.12e-05,0.0004073,3.913e-24,3.524e-05,0.002033,0.001337,4.603e-07,0.1096,0.008274,0.02137,0.1703,3.601e-05,2.293e-05,0.393
   61500,   61560,0.0079527,0.009845,0.0303,9.43e-24,2.68e-05,4.129e-05,0.0004082,4.115e-24,3.542e-05,0.002037,0.00134,4.62e-07,0.1097,0.008286,0.02138,0.1704,3.61e-05,2.305e-05,0.393
   61560,   61620,0.0079914,0.009858,0.03033,9.936e-24,2.688e-05,4.139e-05,0.0004092,4.363e-24,3.561e-05,0.002041,0.001342,4.639e-07,0.1097,0.0083,0.02139,0.1705,3.619e-05,2.318e-05,0.393
   61620,   61680,0.0079846,0.009871,0.03036,1.05e-23,2.696e-05,4.149e-05,0.0004102,4.641e-24,3.58e-05,0.002045,0.001344,4.658e-07,0.1098,0.008314,0.02141,0.1706,3.629e-05,2.331e-05,0.393
   61680,   61740,0.0079859,0.009883,0.03039,1.106e-23,2.704e-05,4.158e-05,0.000411,4.918e-24,3.599e-05,0.002049,0.001346,4.676e-07,0.1099,0.008326,0.02142,0.1708,3.638e-05,2.344e-05,0.393
   61740,   61800,0.0079936,0.009895,0.03042,1.176e-23,2.712e-05,4.167e-05,0.000412,5.244e-24,3.619e-05,0.002053,0.001349,4.695e-07,0.11,0.00834,0.02143,0.1709,3.647e-05,2.357e-05,0.393
   61800,   61860,0.0080181,0.009908,0.03045,1.246e-23,2.72e-05,4.177e-05,0.0004129,5.575e-24,3.638e-05,0.002056,0.001351,4.714e-07,0.1101,0.008353,0.02145,0.171,3.656e-05,2.37e-05,0.393
   61860,   61920,0.0080608,0.009919,0.03048,1.315e-23,2.728e-05,4.186e-05,0.0004138,5.88e-24,3.656e-05,0.00206,0.001353,4.731e-07,0.1102,0.008365,0.02146,0.1711,3.665e-05,2.383e-05,0.393
