CampaignData_and_Merges/R0/CSL_MobileLab_Parked/raw/20240724/USOS-NOy-LIF_MobileLabGround_20240724_R0.ict
39,1001
Rollins, A.; Waxman, E.; Zuraski, K.; Chace, W.
NOAA Chemical Sciences Laboratory
LIF NO/NOx/NOy on CSL Mobile Lab
AMMBEC / USOS
1, 1
2024,07,24, 2025,01,04
1
Time_Start, seconds, number_of_seconds_since_0000_UTC
7
1, 1, 1, 1, 1, 1, 1
-9999, -9999, -9999, -9999, -9999, -9999, -9999
Time_Stop, seconds, number_of_seconds_since_0000_UTC
NO_LIF, pptv, Gas_NO_InSitu_S_AVMR, volume mixing ratio of nitric oxide in air
NO2_LIF, pptv, Gas_NO2_InSitu_S_AVMR, volume mixing ratio of nitrogen dioxide in air
NOy_LIF, pptv, Gas_NOy_InSitu_S_AVMR, volume mixing ratio of total oxidized nitrogen in air
NO_LIF_1SigmaAccuracy, pptv, Gas_NO_InSitu_S_AVMR, volume mixing ratio of nitric oxide in air
NO2_LIF_1SigmaAccuracy, pptv, Gas_NO2_InSitu_S_AVMR, volume mixing ratio of nitrogen dioxide in air
NOy_LIF_1SigmaAccuracy, pptv, Gas_NOy_InSitu_S_AVMR, volume mixing ratio of total oxidized nitrogen in air
0
18
PI_CONTACT_INFO: andrew.rollins@noaa.gov
PLATFORM: CSL Mobile Lab
LOCATION: Salt Lake City, UT
ASSOCIATED_DATA:
INSTRUMENT_INFO: NO detection by laser induced fluorescence. NO2 detection by photolytic conversion to NO. NOy detection by catalytic conversion to NO on gold surface
DATA_INFO:
UNCERTAINTY: Included 1 Sigma Accuracy waves represent the combined calibration uncertainties (±6%, ±9%, ±10%) and zero uncertainties (3 ppt, 20 ppt, 100 ppt) for NO, NO2, and NOy, respectively.
ULOD_FLAG: -7777
ULOD_VALUE: N/A
LLOD_FLAG: -8888
LLOD_VALUE: N/A
DM_CONTACT_INFO: andrew.rollins@noaa.gov
PROJECT_INFO: USOS Project, July - August 2024
STIPULATIONS_ON_USE: Users are strongly encouraged to contact the PI for proper data usage.
OTHER_COMMENTS:
REVISION: R0
R0: final data
Time_Start, Time_Stop, NO_LIF, NO2_LIF, NOy_LIF, NO_LIF_1SigmaAccuracy, NO2_LIF_1SigmaAccuracy, NOy_LIF_1SigmaAccuracy
[from data line 792]
   47520,   47580,1180.3,10332,12735,73.818, 949.84, 1373.5
   47580,   47640,2143.2,14407,18136,131.59, 1316.6, 1913.6
   47640,   47700,1143.6,9585.4,16397,71.614, 882.69, 1739.7
   47700,   47760,654.04,7435.7,11896,42.242, 689.21, 1289.6
   47760,   47820,869.42,8636,10882,55.165, 797.24, 1188.2
   47820,   47880,1016.2,7355.4,10530,63.974, 681.99, 1153
   47880,   47940,1251.5,7616.2,11424,78.093, 705.46, 1242.4
   47940,   48000,699.82,7556.3,9967.7,44.989, 700.07, 1096.8
   48000,   48060,768.42,8306.6,10691,49.105, 767.6, 1169.1
   48060,   48120,489.62,5861.8,7576.5,32.377, 547.56, 857.65
   48120,   48180,1251.9,10583,13382,78.112, 972.45, 1438.2
   48180,   48240,1825.7,12788,15741,112.54, 1170.9, 1674.1
   48240,   48300,1999.3,11771,13827,122.96, 1079.4, 1482.7
   48300,   48360,1286.4,11794,15566,80.184, 1081.5, 1656.6
   48360,   48420,1143.2,11200,13879,71.594, 1028, 1487.9
   48420,   48480,663.2,6986.4,10301,42.792, 648.77, 1130.1
   48480,   48540,1780.3,10464,13073,109.82, 961.79, 1407.3
   48540,   48600,1457.7,11005,15562,90.462, 1010.4, 1656.2
   48600,   48660,879.87,9566.1,12059,55.792, 880.95, 1305.9
   48660,   48720,2077.2,12986,16141,127.63, 1188.7, 1714.1
   48720,   48780,1355.7,12285,16786,84.34, 1125.6, 1778.6
   48780,   48840,1831.1,12534,15585,112.87, 1148, 1658.5
   48840,   48900,2445.4,14134,18585,149.72, 1292, 1958.5
   48900,   48960,987.6,8874.4,13102,62.256, 818.7, 1410.2
   48960,   49020,1708.5,10087,15706,105.51, 927.82, 1670.6
   49020,   49080,1046.9,9667.5,13490,65.814, 890.08, 1449
   49080,   49140,1752.8,11124,14375,108.17, 1021.2, 1537.5
   49140,   49200,1636,9284.5,11021,101.16, 855.61, 1202.1
   49200,   49260,3767.3,14866,18606,229.04, 1358, 1960.6
   49260,   49320,1787.4,12844,17242,110.24, 1176, 1824.2
   49320,   49380,1747.6,13969,17967,107.86, 1277.2, 1896.7
   49380,   49440,2173.5,14204,17261,133.41, 1298.4, 1826.1
   49440,   49500,3301.7,15723,18759,201.1, 1435.1, 1975.9
   49500,   49560,2076.7,13686,17593,127.6, 1251.8, 1859.3
   49560,   49620,1704.3,12551,16742,105.26, 1149.6, 1774.2
   49620,   49680,1711.5,13073,17272,105.69, 1196.6, 1827.2
   49680,   49740,1941.2,13963,17612,119.47, 1276.7, 1861.2
   49740,   49800,2014,14234,18158,123.84, 1301, 1915.8
   49800,   49860,1805.7,13279,17261,111.34, 1215.1, 1826.1
   49860,   49920,4144,17655,20375,251.64, 1609, 2137.5
   49920,   49980,2079.8,13362,19116,127.79, 1222.6, 2011.6
   49980,   50040,3301.2,14640,19720,201.07, 1337.6, 2072
   50040,   50100,1986.4,11209,16397,122.19, 1028.8, 1739.7
   50100,   50160,1490.7,10594,14066,92.442, 973.49, 1506.6
   50160,   50220,1870.7,12349,16260,115.24, 1131.4, 1726
   50220,   50280,1735.7,11821,15499,107.14, 1083.9, 1649.9
   50280,   50340,1102.4,7900.3,12491,69.145, 731.03, 1349.1
   50340,   50400,682.72,5282.4,7452,43.963, 495.42, 845.2
   50400,   50460,749.5,5536.1,7563,47.97, 518.25, 856.3
   50460,   50520,1253.7,7657.8,9453.8,78.222, 709.2, 1045.4
   50520,   50580,3142.5,11624,14223,191.55, 1066.1, 1522.3
   50580,   50640,1709.6,9644.2,12923,105.57, 887.98, 1392.3
   50640,   50700,1540.1,8774.8,13443,95.405, 809.73, 1444.3
   50700,   50760,2040.8,8546.8,11055,125.45, 789.21, 1205.5
   50760,   50820,1766.3,7293,12183,108.98, 676.37, 1318.3
   50820,   50880,2245.8,8793.3,12030,137.75, 811.39, 1303
   50880,   50940,724.51,4769.6,7875.2,46.471, 449.27, 887.52
   50940,   51000,1478.8,7497,9543.1,91.729, 694.73, 1054.3
   51000,   51060,1604.4,8561.9,11135,99.262, 790.57, 1213.5
   51060,   51120,1633,8752.8,11723,100.98, 807.75, 1272.3
   51120,   51180,1057.7,7597.2,10923,66.463, 703.75, 1192.3
   51180,   51240,1011,7833.7,10351,63.661, 725.03, 1135.1
   51240,   51300,1504.2,9757.2,11678,93.255, 898.15, 1267.8
   51300,   51360,1645.9,10757,12768,101.75, 988.11, 1376.8
   51360,   51420,1688.8,11215,14768,104.33, 1029.4, 1576.8
   51420,   51480,2045.8,12668,16291,125.75, 1160.1, 1729.1
   51480,   51540,2617.9,14135,17264,160.07, 1292.2, 1826.4
   51540,   51600,1943.8,12888,16440,119.63, 1179.9, 1744
   51600,   51660,1967.4,12709,16342,121.04, 1163.8, 1734.2
   51660,   51720,1974.1,12370,16076,121.45, 1133.3, 1707.6
   51720,   51780,2070.8,12304,16217,127.25, 1127.3, 1721.7
   51780,   51840,1863.3,10267,15025,114.8, 944.05, 1602.5
   51840,   51900,1927.8,10962,15495,118.67, 1006.6, 1649.5
   51900,   51960,1581,11768,15064,97.86, 1079.1, 1606.4
   51960,   52020,1524.8,10897,14788,94.487, 1000.7, 1578.8
   52020,   52080,1621,9713.8,13660,100.26, 894.24, 1466
   52080,   52140,722.06,4090.7,7665.5,46.324, 388.16, 866.55
   52140,   52200,881.59,5391.8,7775.9,55.895, 505.26, 877.59
   52200,   52260,1202.5,6692,9053.7,75.149, 622.28, 1005.4
   52260,   52320,1336.2,8441.1,11286,83.169, 779.7, 1228.6
   52320,   52380,1319.4,9277.2,12294,82.166, 854.95, 1329.4
   52380,   52440,1117.9,7459.9,11724,70.075, 691.39, 1272.4
   52440,   52500,1901.8,9973.4,13316,117.11, 917.6, 1431.6
   52500,   52560,2213.5,10981,14677,135.81, 1008.3, 1567.7
   52560,   52620,2682.2,12310,15720,163.93, 1127.9, 1672
   52620,   52680,3103.2,13430,17480,189.19, 1228.7, 1848
   52680,   52740,2961.9,13411,18159,180.71, 1227, 1915.9
   52740,   52800,-9999,-9999,-9999,-9999, -9999, -9999
   52800,   52860,-9999,-9999,-9999,-9999, -9999, -9999
   52860,   52920,-9999,-9999,-9999,-9999, -9999, -9999
   52920,   52980,-9999,-9999,-9999,-9999, -9999, -9999
   52980,   53040,-9999,-9999,-9999,-9999, -9999, -9999
   53040,   53100,-9999,-9999,-9999,-9999, -9999, -9999
   53100,   53160,-9999,-9999,-9999,-9999, -9999, -9999
   53160,   53220,2903.5,11478,16431,177.21, 1053, 1743.1
   53220,   53280,3741.3,13641,20149,227.48, 1247.7, 2114.9
   53280,   53340,2246.1,9874.4,14596,137.77, 908.7, 1559.6
   53340,   53400,5384.1,14976,19808,326.04, 1367.9, 2080.8
   53400,   53460,6390.7,18623,25452,386.44, 1696.1, 2645.2
   53460,   53520,3334.1,12864,18483,203.05, 1177.7, 1948.3
   53520,   53580,4414.5,14805,21215,267.87, 1352.5, 2221.5
   53580,   53640,3088.6,12794,18337,188.32, 1171.4, 1933.7
   53640,   53700,3249.8,12863,17799,197.99, 1177.7, 1879.9
   53700,   53760,4379.8,11709,18179,265.79, 1073.8, 1917.9
   53760,   53820,2715.8,9771.1,13654,165.95, 899.4, 1465.4
   53820,   53880,1418.2,6498.4,9092.1,88.093, 604.85, 1009.2
   53880,   53940,1663.1,7827.3,10345,102.79, 724.46, 1134.5
   53940,   54000,2443.5,9938.9,13381,149.61, 914.5, 1438.1
   54000,   54060,2989.3,10330,13632,182.36, 949.68, 1463.2
   54060,   54120,2018.7,9260.4,13333,124.12, 853.44, 1433.3
   54120,   54180,2216.3,8764.3,12808,135.98, 808.79, 1380.8
   54180,   54240,2042.3,8270.1,13185,125.54, 764.31, 1418.5
   54240,   54300,2728.3,10176,13317,166.7, 935.88, 1431.7
   54300,   54360,4365.1,13260,18425,264.91, 1213.4, 1942.5
   54360,   54420,4647.7,14084,18306,281.86, 1287.6, 1930.6
   54420,   54480,4111.6,14370,20156,249.69, 1313.3, 2115.6
   54480,   54540,4100.9,12869,18737,249.05, 1178.2, 1973.7
   54540,   54600,5502.9,16841,26653,333.17, 1535.7, 2765.3
   54600,   54660,2745.4,11382,15388,167.72, 1044.4, 1638.8
   54660,   54720,4081.5,13251,21352,247.89, 1212.6, 2235.2
   54720,   54780,3586.3,13151,18391,218.18, 1203.6, 1939.1
   54780,   54840,3259.9,12966,18248,198.59, 1186.9, 1924.8
   54840,   54900,2607.8,11096,15440,159.47, 1018.6, 1644
   54900,   54960,3559.2,11949,16739,216.55, 1095.4, 1773.9
   54960,   55020,6168.5,16340,22538,373.11, 1490.6, 2353.8
   55020,   55080,3442.5,13111,18220,209.55, 1200, 1922
   55080,   55140,3303.5,12720,18205,201.21, 1164.8, 1920.5
   55140,   55200,2354.8,10066,13985,144.29, 925.91, 1498.5
   55200,   55260,2827.8,11629,16325,172.67, 1066.6, 1732.5
   55260,   55320,2872.5,11688,16809,175.35, 1071.9, 1780.9
   55320,   55380,3169.8,12165,17481,193.19, 1114.9, 1848.1
   55380,   55440,2902.1,10566,14885,177.13, 970.9, 1588.5
   55440,   55500,3271,10814,16158,199.26, 993.22, 1715.8
   55500,   55560,2395.6,9408.9,12914,146.73, 866.8, 1391.4
   55560,   55620,2278.4,9092.7,13005,139.7, 838.34, 1400.5
   55620,   55680,1598.9,7668.2,11823,98.937, 710.13, 1282.3
   55680,   55740,2474.9,9521.2,13026,151.49, 876.91, 1402.6
   55740,   55800,2759.3,10753,16968,168.56, 987.78, 1796.8
   55800,   55860,2325.9,10007,13958,142.55, 920.63, 1495.8
   55860,   55920,2236.2,9733,13965,137.17, 895.97, 1496.5
   55920,   55980,1766.9,7834.9,12333,109.02, 725.14, 1333.3
   55980,   56040,2415,9578,13288,147.9, 882.02, 1428.8
   56040,   56100,2159.3,9164.8,12838,132.56, 844.83, 1383.8
   56100,   56160,3193.5,11301,16800,194.61, 1037.1, 1780
   56160,   56220,4795.7,14959,20182,290.74, 1366.3, 2118.2
   56220,   56280,2185.1,9150.1,14377,134.11, 843.51, 1537.7
   56280,   56340,2454.5,9852.2,14506,150.27, 906.7, 1550.6
   56340,   56400,1920.9,8349.8,12608,118.25, 771.49, 1360.8
   56400,   56460,1898.5,8355.3,12160,116.91, 771.98, 1316
   56460,   56520,1914.7,8352.5,12439,117.88, 771.72, 1343.9
   56520,   56580,1786.3,7985.7,11948,110.18, 738.71, 1294.8
   56580,   56640,1722.9,7729.3,11487,106.37, 715.64, 1248.7
   56640,   56700,2196.2,9029.1,13559,134.77, 832.62, 1455.9
   56700,   56760,1995,8649.9,12816,122.7, 798.49, 1381.6
   56760,   56820,2090.9,9357.9,14139,128.46, 862.21, 1513.9
   56820,   56880,3913.1,13369,17130,237.78, 1223.2, 1813
   56880,   56940,3968.4,13804,20581,241.1, 1262.3, 2158.1
   56940,   57000,2904.6,11369,15395,177.27, 1043.2, 1639.5
   57000,   57060,2731.9,10953,15842,166.92, 1005.8, 1684.2
   57060,   57120,2512.7,10349,15093,153.76, 951.42, 1609.3
   57120,   57180,3013.2,11676,15528,183.79, 1070.8, 1652.8
   57180,   57240,2898.2,12266,17449,176.89, 1123.9, 1844.9
   57240,   57300,1768,9659.1,14597,109.08, 889.31, 1559.7
   57300,   57360,1727.4,8136.8,12616,106.65, 752.31, 1361.6
   57360,   57420,1779.1,8598.1,12843,109.75, 793.83, 1384.3
   57420,   57480,1726.1,7906.4,12133,106.57, 731.58, 1313.3
   57480,   57540,1738.8,8064.7,12437,107.33, 745.82, 1343.7
   57540,   57600,1663.9,7784.6,12125,102.83, 720.61, 1312.5
   57600,   57660,1534.3,8034.2,11801,95.059, 743.08, 1280.1
   57660,   57720,1468.4,7844,11960,91.102, 725.96, 1296
   57720,   57780,1567.3,7900.5,12179,97.04, 731.05, 1317.9
   57780,   57840,1252.8,6257.4,10344,78.167, 583.17, 1134.4
   57840,   57900,1425.9,6883.2,10662,88.555, 639.49, 1166.2
   57900,   57960,1216.5,5992.9,9893.9,75.992, 559.36, 1089.4
   57960,   58020,1175.7,5821.1,9418.1,73.545, 543.9, 1041.8
   58020,   58080,1164,5755.4,9093.1,72.839, 537.98, 1009.3
   58080,   58140,1116.7,5590.7,9709.9,69.999, 523.16, 1071
   58140,   58200,1184.2,5871.3,9443.4,74.049, 548.42, 1044.3
   58200,   58260,1152.4,5818.6,9590.2,72.144, 543.68, 1059
   58260,   58320,1414.5,7087.6,11202,87.868, 657.89, 1220.2
   58320,   58380,1464.9,7098.2,10449,90.893, 658.84, 1144.9
   58380,   58440,2351.1,10017,12828,144.07, 921.54, 1382.8
   58440,   58500,1151.3,6501.7,10458,72.079, 605.15, 1145.8
   58500,   58560,1617.5,7573.6,12813,100.05, 701.63, 1381.3
   58560,   58620,1807.6,8408.4,12793,111.46, 776.76, 1379.3
   58620,   58680,1418.4,7204.3,11743,88.102, 668.39, 1274.3
   58680,   58740,1097.6,6371.4,10388,68.856, 593.42, 1138.8
   58740,   58800,1073.4,5755.4,9446.4,67.401, 537.98, 1044.6
   58800,   58860,1133.1,5999.1,9697.2,70.984, 559.92, 1069.7
   58860,   58920,1262.7,6726.5,10322,78.761, 625.38, 1132.2
   58920,   58980,1078.9,6321.5,10097,67.735, 588.93, 1109.7
   58980,   59040,948.46,5732.9,9298.4,59.908, 535.96, 1029.8
   59040,   59100,1041.2,5446.5,9156.2,65.473, 510.18, 1015.6
   59100,   59160,1098.2,5716.4,9620.7,68.889, 534.47, 1062.1
   59160,   59220,1284.4,6309.6,9931.3,80.062, 587.86, 1093.1
   59220,   59280,1138.7,5855.5,9894.9,71.319, 547, 1089.5
   59280,   59340,1094.8,5773.8,10038,68.688, 539.64, 1103.8
   59340,   59400,1165,6365.5,10517,72.901, 592.89, 1151.7
   59400,   59460,1146.9,6667.8,11039,71.814, 620.1, 1203.9
   59460,   59520,1092.9,6629.1,10649,68.574, 616.62, 1164.9
   59520,   59580,1023.9,6453,10520,64.436, 600.77, 1152
   59580,   59640,1202,6553.6,10586,75.12, 609.82, 1158.6
   59640,   59700,1216,6443,11035,75.958, 599.87, 1203.5
   59700,   59760,1083.3,6016.7,10434,67.997, 561.5, 1143.4
   59760,   59820,975.93,6123.8,10207,61.556, 571.14, 1120.7
   59820,   59880,1031.2,6039,10238,64.871, 563.51, 1123.8
   59880,   59940,-9999,-9999,-9999,-9999, -9999, -9999
   59940,   60000,-9999,-9999,-9999,-9999, -9999, -9999
   60000,   60060,-9999,-9999,-9999,-9999, -9999, -9999
   60060,   60120,-9999,-9999,-9999,-9999, -9999, -9999
   60120,   60180,-9999,-9999,-9999,-9999, -9999, -9999
   60180,   60240,-9999,-9999,-9999,-9999, -9999, -9999
   60240,   60300,-9999,-9999,-9999,-9999, -9999, -9999
   60300,   60360,894.53,5365.7,9968.8,56.672, 502.92, 1096.9
   60360,   60420,872.53,5290.2,9780.3,55.352, 496.12, 1078
   60420,   60480,814.57,5266.3,9803.9,51.874, 493.97, 1080.4
   60480,   60540,853.04,4983.1,9681.7,54.183, 468.47, 1068.2
   60540,   60600,790.17,5174.6,9763.4,50.41, 485.71, 1076.3
   60600,   60660,788.14,5213.7,9565.6,50.289, 489.24, 1056.6
   60660,   60720,791.41,5342.9,9770.7,50.484, 500.86, 1077.1
   60720,   60780,765.2,5312.1,9663.3,48.912, 498.09, 1066.3
   60780,   60840,806.71,5225.1,9725.4,51.403, 490.26, 1072.5
   60840,   60900,803.56,5342.1,9850.1,51.214, 500.79, 1085
   60900,   60960,808.04,5197.8,9648.6,51.483, 487.8, 1064.9
   60960,   61020,-9999,-9999,-9999,-9999, -9999, -9999
   61020,   61080,-9999,-9999,-9999,-9999, -9999, -9999
   61080,   61140,-9999,-9999,-9999,-9999, -9999, -9999
   61140,   61200,-9999,-9999,-9999,-9999, -9999, -9999
   61200,   61260,-9999,-9999,-9999,-9999, -9999, -9999
   61260,   61320,-9999,-9999,-9999,-9999, -9999, -9999
   61320,   61380,-9999,-9999,-9999,-9999, -9999, -9999
   61380,   61440,720.57,4288.2,8842.9,46.234, 405.94, 984.29
   61440,   61500,818.82,4949.5,9098.4,52.129, 465.46, 1009.8
   61500,   61560,734.88,4466.1,8931.6,47.093, 421.95, 993.16
   61560,   61620,699.32,4462,8810.3,44.959, 421.58, 981.03
   61620,   61680,504.14,3803,7942.9,33.249, 362.27, 894.29
   61680,   61740,525.91,3662.5,7907.6,34.555, 349.62, 890.76
   61740,   61800,508.38,3712.4,7671.3,33.503, 354.12, 867.13
   61800,   61860,554.25,3761,7798.7,36.255, 358.49, 879.87
   61860,   61920,2521.3,6759.1,9758.2,154.28, 628.32, 1075.8
   61920,   61980,3132.2,8822.2,12987,190.93, 814, 1398.7
   61980,   62040,4612.9,12996,19119,279.77, 1189.6, 2011.9
   62040,   62100,4527.2,14721,21284,274.63, 1344.9, 2228.4
   62100,   62160,781.03,4475.7,9033.9,49.862, 422.81, 1003.4
   62160,   62220,507.29,3266.4,7472.9,33.437, 313.97, 847.29
   62220,   62280,392.6,2522.9,6094,26.556, 247.06, 709.4
   62280,   62340,425.67,2180.4,4780.2,28.54, 216.23, 578.02
   62340,   62400,2507.1,6446.9,8730,153.43, 600.22, 973
   62400,   62460,866.8,4169.4,7222.5,55.008, 395.24, 822.25
   62460,   62520,522.88,2893.4,5900.9,34.373, 280.4, 690.09
   62520,   62580,393.62,2306.3,5458.7,26.617, 227.57, 645.87
   62580,   62640,410.56,2416,5674.5,27.634, 237.44, 667.45
   62640,   62700,424.29,2558,6034.4,28.457, 250.22, 703.44
   62700,   62760,660.82,3747.2,7377.2,42.649, 357.24, 837.72
   62760,   62820,1006,5066.4,8069.5,63.36, 475.98, 906.95
   62820,   62880,1437.1,6609.5,9108.5,89.225, 614.86, 1010.8
   62880,   62940,447.61,2919.7,6602.6,29.856, 282.78, 760.26
   62940,   63000,384.39,2662.2,5940.5,26.063, 259.6, 694.05
   63000,   63060,384.32,2548.3,5847,26.059, 249.34, 684.7
   63060,   63120,359.33,2617.4,5801.4,24.56, 255.56, 680.14
   63120,   63180,371.52,2667.8,5804.4,25.291, 260.1, 680.44
   63180,   63240,396.76,2657,5982.8,26.806, 259.13, 698.28
   63240,   63300,540.69,3474.6,7128.5,35.442, 332.72, 812.85
   63300,   63360,655.2,3925.2,8336.3,42.312, 373.27, 933.63
   63360,   63420,2242.5,7281.1,12847,137.55, 675.3, 1384.7
   63420,   63480,4423.6,12430,25422,268.42, 1138.7, 2642.2
