CampaignData_and_Merges/R0/CSL_MobileLab_Parked/raw/20240724/USOS-NOAAIodideCIMS-Halogens_MobileLabGround_20240724_RA.ict
38, 1001
Michael A Robinson, Chris Jernigan, Subi Thakali
NOAA ESRL Chemical Sciences Laboratory and CIRES, U. of Colorado
NOAA Iodide CIMS Instrument
USOS
1, 1
2024, 07, 24, 2024, 07, 26
1
starttime_UTC, seconds_past_midnight, seconds_of_day_since_00:00:00_UTC
6
1, 1, 1, 1, 1, 1
-9999, -9999, -9999, -9999, -9999, -9999
Br2_NOAACIMS, pptv, Gas_Br2_InSitu_S_AVMR, 
BrO_NOAACIMS, pptv, Gas_BrO_InSitu_S_AVMR, 
Cl2_NOAACIMS, pptv, Gas_Cl2_InSitu_S_AVMR, 
ClNO2_NOAACIMS, pptv, Gas_ClNO2_InSitu_S_AVMR, 
BrCl_NOAACIMS, pptv, Gas_BrCl_InSitu_S_AVMR, 
NCl3_NOAACIMS, pptv, Gas_NCl3_InSitu_S_AVMR, 
0
18
PI_CONTACT_INFO: 325 Broadway, R/CSD 7, Boulder, Colorado 80305; michael.a.robinson@noaa.gov; chris.jernigan@noaa.gov;
PLATFORM: NOAA CSL Mobile Lab
LOCATION: SLC, Utah
ASSOCIATED_DATA: 1Hz data also available on request.
INSTRUMENT_INFO: NOAA I- ToF CIMS
DATA_INFO: All data in parts per trillion by volume (pptv). 1 Hz data is available upon request.
UNCERTAINTY: TBD
ULOD_FLAG: -7777
ULOD_VALUE: N/A
LLOD_FLAG: -8888
LLOD_VALUE: N/A
DM_CONTACT_INFO: Nathan Howard; nathan.h.howard@noaa.gov
PROJECT_INFO: USOS, summer 2024. https://csl.noaa.gov/groups/csl7/measurements/2024usos/
STIPULATIONS_ON_USE: Users are strongly encouraged to contact the PI for proper data usage.
OTHER_COMMENTS: 
REVISION: RA
RA: Preliminary Data; For in-field use only
starttime_UTC, Br2_NOAACIMS, BrO_NOAACIMS, Cl2_NOAACIMS, ClNO2_NOAACIMS, BrCl_NOAACIMS, NCl3_NOAACIMS
[from data line 574]
 34440,  0.795,  0.082,  1.472,  0.142,  0.197,  3.229
 34500,  0.726,  0.005,  1.401,  0.141,  0.213,  2.523
 34560,  0.856,  0.070,  1.440,  0.147,  0.193,  2.510
 34620,  0.768,  0.098,  1.481,  0.116,  0.225,  2.683
 34680,  0.739, -0.032,  1.479,  0.153,  0.185,  3.070
 34740,  0.835,  0.065,  1.354,  0.117,  0.284,  3.324
 34800,  0.776, -0.010,  1.654,  0.212,  0.242,  4.202
 34860,  0.654,  0.047,  1.529,  0.232,  0.248,  3.845
 34920,  0.826,  0.046,  1.683,  0.292,  0.234,  4.786
 34980,  0.712,  0.026,  1.572,  0.267,  0.214,  4.733
 35040,  0.777,  0.081,  1.605,  0.214,  0.255,  4.634
 35100,  0.839, -0.021,  1.656,  0.295,  0.256,  5.097
 35160,  0.712,  0.100,  1.730,  0.410,  0.247,  5.324
 35220,  0.826, -0.036,  1.745,  0.638,  0.312,  6.031
 35280,  1.002,  0.067,  2.305,  1.107,  0.271,  7.723
 35340,  0.846,  0.062,  2.321,  1.401,  0.341,  9.005
 35400,  0.799,  0.102,  2.854,  1.641,  0.282, 10.396
 35460,  0.787,  0.090,  2.777,  1.764,  0.311, 10.407
 35520,  0.577,  0.062,  2.305,  1.287,  0.256,  8.255
 35580,  0.738,  0.066,  2.635,  1.489,  0.356,  9.487
 35640, -9999.000, -9999.000, -9999.000, -9999.000, -9999.000, -9999.000
 35700,  0.891,  0.137,  2.948,  2.261,  0.348, 12.962
 35760,  0.880,  0.085,  3.035,  2.106,  0.372, 13.455
 35820,  0.836,  0.052,  2.814,  2.283,  0.326, 13.641
 35880,  0.886,  0.022,  3.246,  2.264,  0.468, 15.898
 35940,  0.909, -0.019,  3.611,  2.720,  0.385, 16.129
 36000,  1.026,  0.138,  3.907,  3.275,  0.441, 16.863
 36060,  0.898, -0.008,  4.034,  3.513,  0.441, 17.034
 36120,  0.903,  0.101,  3.781,  3.294,  0.354, 17.904
 36180,  1.021,  0.089,  3.960,  3.624,  0.457, 18.496
 36240,  0.840,  0.057,  3.885,  3.700,  0.400, 18.508
 36300,  0.803, -0.007,  3.905,  3.476,  0.367, 18.937
 36360,  0.972,  0.066,  3.759,  3.205,  0.484, 18.990
 36420,  0.947,  0.044,  3.713,  3.567,  0.463, 17.479
 36480,  1.012,  0.059,  3.798,  3.612,  0.466, 17.513
 36540,  1.016, -0.060,  3.817,  3.938,  0.511, 16.639
 36600,  1.142,  0.041,  3.898,  4.272,  0.444, 17.321
 36660,  1.033,  0.050,  3.788,  4.432,  0.465, 17.936
 36720,  1.055,  0.016,  3.645,  4.403,  0.413, 16.686
 36780,  1.025,  0.013,  3.566,  4.230,  0.473, 16.919
 36840,  0.822,  0.089,  3.814,  4.575,  0.504, 17.484
 36900,  1.170, -0.072,  3.884,  4.328,  0.531, 17.343
 36960,  0.940, -0.034,  3.625,  4.526,  0.476, 16.726
 37020,  1.039,  0.042,  3.817,  4.864,  0.454, 16.710
 37080,  1.126,  0.008,  3.679,  4.768,  0.549, 16.518
 37140,  1.107,  0.108,  3.774,  4.563,  0.543, 17.343
 37200,  1.002,  0.008,  3.484,  4.378,  0.466, 17.709
 37260,  1.057, -0.020,  3.535,  4.553,  0.546, 19.067
 37320,  1.159,  0.117,  3.649,  4.402,  0.564, 17.693
 37380,  1.121,  0.127,  3.695,  4.626,  0.554, 17.770
 37440,  1.208,  0.002,  3.641,  4.374,  0.508, 16.976
 37500, -9999.000, -9999.000, -9999.000, -9999.000, -9999.000, -9999.000
 37560,  1.085, -0.008,  3.884,  4.542,  0.523, 16.658
 37620,  1.047,  0.024,  3.568,  3.972,  0.488, 15.946
 37680,  1.157, -0.011,  3.469,  3.895,  0.418, 16.563
 37740,  1.172,  0.009,  3.500,  3.961,  0.463, 18.136
 37800,  1.163, -0.067,  3.314,  3.988,  0.399, 16.448
 37860,  0.955,  0.009,  3.169,  3.747,  0.380, 15.210
 37920,  0.857,  0.040,  3.047,  3.426,  0.385, 14.633
 37980,  0.889,  0.020,  2.810,  2.539,  0.361, 12.477
 38040,  0.773,  0.082,  2.612,  2.818,  0.361, 12.453
 38100,  0.958, -0.033,  2.426,  1.918,  0.352, 12.573
 38160,  0.954, -0.040,  2.219,  1.802,  0.359, 10.103
 38220,  1.094,  0.013,  2.275,  1.658,  0.316, 10.079
 38280,  0.851, -0.035,  2.230,  1.876,  0.365, 10.840
 38340,  0.988, -0.023,  2.202,  1.717,  0.303,  9.511
 38400,  0.829, -0.069,  2.211,  1.512,  0.266,  8.803
 38460,  1.069,  0.018,  1.861,  1.184,  0.252,  7.716
 38520,  0.846, -0.038,  2.012,  1.285,  0.260,  8.105
 38580,  0.945, -0.057,  1.856,  1.069,  0.244,  7.861
 38640,  0.748, -0.012,  1.839,  1.090,  0.274,  8.434
 38700,  0.819,  0.063,  1.758,  0.967,  0.234,  7.316
 38760,  0.778,  0.029,  1.572,  0.836,  0.255,  6.657
 38820,  0.704, -0.039,  1.417,  0.611,  0.193,  5.319
 38880,  0.818, -0.034,  1.736,  0.860,  0.244,  6.734
 38940,  0.766, -0.001,  1.459,  0.477,  0.214,  4.812
 39000,  0.740, -0.056,  1.282,  0.213,  0.128,  3.082
 39060,  0.660,  0.040,  1.140,  0.083,  0.159,  2.633
 39120,  0.764, -0.061,  1.116,  0.094,  0.166,  2.586
 39180,  0.736,  0.032,  0.983,  0.121,  0.183,  2.484
 39240,  0.670,  0.041,  1.159,  0.122,  0.174,  2.515
 39300,  0.597, -0.032,  1.125,  0.104,  0.203,  2.439
 39360, -9999.000, -9999.000, -9999.000, -9999.000, -9999.000, -9999.000
 39420,  0.750, -0.004,  1.082,  0.069,  0.109,  2.188
 39480,  0.696, -0.024,  1.063,  0.104,  0.210,  2.343
 39540,  0.726,  0.015,  1.186,  0.058,  0.163,  2.331
 39600,  0.817,  0.077,  1.168,  0.064,  0.196,  2.381
 39660,  0.820,  0.025,  1.160,  0.078,  0.223,  2.099
 39720,  0.765,  0.030,  1.028,  0.086,  0.142,  2.257
 39780,  0.712, -0.005,  1.183,  0.131,  0.170,  2.419
 39840,  0.825,  0.099,  1.139,  0.109,  0.181,  2.239
 39900,  0.686,  0.018,  1.211,  0.072,  0.144,  2.612
 39960,  0.799, -0.029,  1.198,  0.088,  0.180,  2.529
 40020,  0.957,  0.027,  1.181,  0.055,  0.198,  2.252
 40080,  0.735,  0.094,  1.253,  0.072,  0.224,  2.426
 40140,  0.743,  0.031,  1.092,  0.061,  0.197,  2.545
 40200,  0.732, -0.063,  1.293,  0.063,  0.170,  2.698
 40260,  0.846,  0.114,  1.234,  0.099,  0.123,  2.645
 40320,  0.848,  0.057,  1.091,  0.087,  0.113,  2.511
 40380,  0.688,  0.049,  1.291,  0.072,  0.162,  2.356
 40440,  0.759,  0.006,  1.273,  0.114,  0.135,  3.065
 40500,  0.762,  0.056,  1.388,  0.126,  0.208,  4.132
 40560,  0.696,  0.038,  1.434,  0.139,  0.191,  4.507
 40620,  0.730, -0.048,  1.369,  0.094,  0.178,  3.959
 40680,  0.965,  0.040,  1.470,  0.114,  0.228,  4.839
 40740,  0.910, -0.027,  1.383,  0.099,  0.215,  3.233
 40800,  0.868,  0.014,  1.370,  0.115,  0.223,  3.166
 40860,  0.821,  0.004,  1.296,  0.099,  0.193,  2.913
 40920,  1.044, -0.031,  1.416,  0.080,  0.186,  3.054
 40980,  0.985,  0.027,  1.360,  0.137,  0.161,  2.888
 41040,  0.882,  0.012,  1.296,  0.123,  0.163,  2.734
 41100,  0.964,  0.048,  1.389,  0.124,  0.183,  2.769
 41160,  1.112,  0.030,  1.469,  0.090,  0.096,  3.074
 41220,  0.893,  0.027,  1.356,  0.152,  0.124,  2.664
 41280,  0.762, -0.005,  1.251,  0.099,  0.161,  2.607
 41340,  0.780,  0.017,  1.276,  0.097,  0.205,  2.731
 41400,  0.873,  0.031,  1.254,  0.101,  0.183,  2.536
 41460,  0.932,  0.014,  1.353,  0.122,  0.181,  2.481
 41520,  0.802,  0.081,  1.339,  0.119,  0.131,  2.301
 41580,  1.024,  0.011,  1.265,  0.088,  0.182,  2.410
 41640,  0.998,  0.041,  1.265,  0.134,  0.140,  2.573
 41700,  0.836,  0.087,  1.298,  0.125,  0.203,  2.255
 41760,  0.907, -0.002,  1.489,  0.118,  0.169,  2.405
 41820,  0.870,  0.079,  1.281,  0.085,  0.144,  2.351
 41880,  0.997,  0.092,  1.281,  0.118,  0.202,  2.450
 41940,  0.830,  0.008,  1.314,  0.116,  0.155,  2.521
 42000,  0.901,  0.071,  1.344,  0.109,  0.135,  2.454
 42060,  0.874, -0.017,  1.216,  0.076,  0.140,  2.460
 42120,  0.901,  0.088,  1.225,  0.075,  0.187,  2.303
 42180,  0.989,  0.044,  1.362,  0.201,  0.221,  5.275
 42240,  0.830,  0.132,  1.307,  0.110,  0.125,  2.460
 42300,  0.937,  0.199,  1.247,  0.130,  0.215,  3.162
 42360,  0.885,  0.085,  1.244,  0.116,  0.150,  2.524
 42420,  0.860,  0.104,  1.273,  0.103,  0.166,  2.810
 42480,  0.829,  0.222,  1.560,  0.327,  0.313,  7.914
 42540,  0.877,  0.127,  1.465,  0.407,  0.250,  8.386
 42600,  0.962,  0.123,  1.477,  0.342,  0.216,  7.561
 42660,  0.839,  0.133,  1.468,  0.282,  0.164,  5.004
 42720,  0.957,  0.209,  1.614,  0.579,  0.256, 10.200
 42780,  0.944,  0.143,  2.056,  1.090,  0.278, 18.773
 42840,  0.698,  0.178,  2.042,  1.381,  0.224, 22.042
 42900,  0.441,  0.083,  2.016,  1.496,  0.188, 22.290
 42960,  0.682,  0.123,  2.132,  1.666,  0.229, 27.294
 43020, -9999.000, -9999.000, -9999.000, -9999.000, -9999.000, -9999.000
 43080,  0.847,  0.205,  2.281,  2.009,  0.273, 33.739
 43140,  0.894,  0.276,  2.083,  1.835,  0.366, 34.175
 43200,  1.013,  0.309,  2.147,  1.926,  0.413, 37.475
 43260,  0.937,  0.163,  2.156,  1.887,  0.299, 31.895
 43320,  0.918,  0.153,  2.007,  1.743,  0.325, 30.988
 43380,  0.875,  0.226,  2.162,  1.723,  0.308, 30.825
 43440,  0.975,  0.219,  1.952,  1.617,  0.293, 27.476
 43500,  0.588,  0.108,  1.948,  1.333,  0.224, 21.468
 43560,  0.985,  0.184,  1.890,  1.138,  0.227, 21.074
 43620,  0.861,  0.246,  2.214,  1.627,  0.340, 32.529
 43680,  0.875,  0.200,  2.142,  1.712,  0.508, 38.607
 43740,  1.070,  0.154,  2.038,  1.352,  0.342, 26.305
 43800,  0.845,  0.176,  2.060,  1.137,  0.276, 18.752
 43860,  1.102,  0.159,  2.674,  1.170,  0.237, 16.337
 43920,  0.922,  0.140,  2.674,  1.309,  0.211, 17.779
 43980,  0.950,  0.171,  3.417,  1.748,  0.233, 20.675
 44040,  0.937,  0.212,  3.193,  1.502,  0.233, 18.407
 44100,  1.047,  0.122,  3.546,  1.891,  0.241, 20.921
 44160,  1.050,  0.171,  3.602,  2.073,  0.280, 22.088
 44220,  0.884,  0.231,  3.644,  2.047,  0.303, 21.973
 44280,  0.967,  0.146,  3.667,  1.930,  0.268, 19.993
 44340,  1.150,  0.256,  3.622,  1.939,  0.268, 18.816
 44400,  1.068,  0.197,  3.053,  1.664,  0.178, 16.458
 44460,  1.000,  0.122,  3.408,  2.022,  0.317, 22.049
 44520,  1.010,  0.230,  3.225,  1.843,  0.284, 18.314
 44580,  0.991,  0.209,  2.362,  1.141,  0.218, 11.701
 44640,  0.935,  0.152,  3.051,  1.915,  0.305, 18.367
 44700,  0.931,  0.183,  3.382,  2.013,  0.294, 19.649
 44760,  1.025,  0.248,  3.405,  2.054,  0.295, 19.332
 44820,  1.004,  0.238,  2.725,  1.473,  0.228, 11.380
 44880, -9999.000, -9999.000, -9999.000, -9999.000, -9999.000, -9999.000
 44940,  0.927,  0.197,  3.174,  1.945,  0.253, 17.707
 45000,  0.964,  0.129,  3.227,  1.988,  0.246, 15.428
 45060,  0.929,  0.221,  3.151,  1.973,  0.310, 19.663
 45120,  0.905,  0.176,  3.022,  2.172,  0.383, 21.588
 45180,  0.854,  0.159,  3.097,  2.298,  0.390, 22.243
 45240,  0.610,  0.129,  2.761,  1.869,  0.187, 17.160
 45300,  1.051,  0.135,  2.909,  2.341,  0.381, 23.251
 45360,  1.011,  0.168,  2.859,  2.216,  0.368, 21.017
 45420,  0.973,  0.154,  2.514,  2.070,  0.363, 19.127
 45480,  1.105,  0.050,  2.427,  2.093,  0.368, 18.439
 45540,  0.987,  0.096,  2.183,  1.659,  0.294, 16.599
 45600,  1.075,  0.102,  1.807,  1.144,  0.315, 11.945
 45660,  0.885,  0.125,  1.765,  1.012,  0.231,  9.014
 45720,  1.093,  0.125,  1.387,  0.658,  0.191,  6.352
 45780,  1.057,  0.074,  1.400,  0.763,  0.168,  6.679
 45840,  0.967,  0.042,  1.586,  0.894,  0.233,  9.659
 45900,  1.033,  0.082,  1.308,  0.541,  0.203,  5.789
 45960,  1.177,  0.080,  1.447,  0.826,  0.233,  9.601
 46020,  0.995,  0.010,  1.271,  0.618,  0.216,  6.644
 46080,  0.969,  0.012,  1.223,  0.379,  0.126,  4.766
 46140,  1.196, -0.019,  1.356,  0.480,  0.191,  4.396
 46200,  0.961, -0.013,  1.265,  0.428,  0.180,  4.528
 46260,  1.136,  0.003,  1.352,  0.508,  0.197,  4.967
 46320,  1.107, -0.027,  1.272,  0.390,  0.149,  3.546
 46380,  1.201,  0.021,  1.372,  0.404,  0.216,  4.669
 46440,  1.174, -0.060,  1.233,  0.319,  0.194,  3.709
 46500,  1.192, -0.027,  1.151,  0.315,  0.206,  3.161
 46560,  1.206, -0.039,  1.230,  0.253,  0.166,  2.861
 46620,  1.169,  0.038,  1.122,  0.248,  0.193,  2.632
 46680,  0.898, -0.166,  1.113,  0.301,  0.094,  2.795
 46740, -9999.000, -9999.000, -9999.000, -9999.000, -9999.000, -9999.000
 46800,  0.981, -0.016,  1.212,  0.445,  0.177,  4.486
 46860,  1.023, -0.097,  1.195,  0.354,  0.223,  3.432
 46920,  1.130,  0.039,  1.625,  0.366,  0.228,  2.968
 46980,  1.197,  0.117,  1.525,  0.322,  0.179,  2.937
 47040,  1.047,  0.057,  1.370,  0.281,  0.180,  2.181
 47100,  1.179, -0.043,  1.297,  0.184,  0.143,  2.058
 47160,  1.034,  0.030,  1.273,  0.246,  0.202,  2.285
 47220,  1.073,  0.007,  1.258,  0.162,  0.099,  2.161
 47280,  1.121, -0.013,  1.275,  0.130,  0.131,  2.079
 47340,  1.131, -0.051,  1.293,  0.128,  0.148,  1.891
 47400,  0.975,  0.094,  1.494,  0.454,  0.177,  2.682
 47460,  1.079,  0.112,  1.605,  0.858,  0.148,  4.152
 47520,  1.032,  0.095,  1.869,  1.212,  0.189,  4.959
 47580,  1.009,  0.118,  1.885,  1.286,  0.198,  5.837
 47640,  0.930,  0.100,  1.610,  0.743,  0.221,  3.516
 47700,  0.627, -0.003,  1.441,  0.686,  0.090,  3.227
 47760,  0.902,  0.063,  1.569,  0.688,  0.095,  3.393
 47820,  0.901,  0.027,  1.313,  0.524,  0.140,  2.813
 47880,  0.854,  0.051,  1.509,  0.650,  0.164,  3.024
 47940,  0.797,  0.060,  1.556,  0.858,  0.107,  2.591
 48000,  0.928,  0.047,  1.655,  0.668,  0.133,  2.457
 48060,  0.765,  0.018,  1.591,  0.817,  0.135,  2.025
 48120,  0.816,  0.089,  1.986,  1.341,  0.111,  3.320
 48180,  0.786,  0.091,  1.776,  1.174,  0.156,  3.367
 48240,  0.735,  0.091,  1.734,  1.210,  0.144,  3.351
 48300,  0.712,  0.178,  1.870,  1.164,  0.188,  3.098
 48360,  0.800,  0.095,  1.804,  1.156,  0.138,  2.754
 48420,  0.785,  0.176,  1.379,  0.582,  0.090,  1.563
 48480,  0.620,  0.155,  1.499,  0.997,  0.189,  2.511
 48540,  0.780,  0.137,  1.485,  1.267,  0.123,  2.478
 48600,  0.759,  0.213,  1.429,  0.969,  0.080,  3.167
 48660,  0.661,  0.127,  1.564,  1.239,  0.162,  2.438
 48720,  0.156,  0.043,  1.595,  1.046,  0.044,  1.284
 48780,  0.807,  0.073,  1.665,  1.211,  0.128,  2.178
 48840,  0.622,  0.104,  1.507,  0.903,  0.117,  1.653
 48900,  0.912,  0.135,  1.547,  1.132,  0.149,  1.724
 48960,  0.768,  0.190,  1.614,  1.000,  0.117,  1.426
 49020,  0.854,  0.162,  1.585,  0.997,  0.124,  1.985
 49080,  0.939,  0.115,  1.699,  1.137,  0.153,  1.925
 49140,  0.824,  0.105,  1.370,  0.766,  0.124,  0.916
 49200,  0.872,  0.252,  1.350,  0.971,  0.119,  1.163
 49260,  0.806,  0.183,  1.687,  1.217,  0.147,  1.337
 49320,  0.865,  0.163,  1.817,  1.364,  0.135,  1.569
 49380,  0.886,  0.158,  1.695,  1.252,  0.166,  1.346
 49440,  0.871,  0.154,  1.572,  1.179,  0.165,  1.252
 49500,  0.867,  0.210,  1.434,  1.055,  0.155,  0.985
 49560,  0.884,  0.168,  1.628,  1.140,  0.143,  1.018
 49620,  0.848,  0.257,  1.514,  1.007,  0.133,  0.797
 49680,  1.038,  0.214,  1.470,  1.125,  0.116,  1.019
 49740,  0.806,  0.177,  1.453,  1.141,  0.170,  1.217
 49800,  0.934,  0.131,  1.377,  0.984,  0.119,  1.019
 49860,  0.772,  0.098,  1.368,  1.106,  0.107,  0.824
 49920,  0.916,  0.196,  1.242,  1.025,  0.118,  0.732
 49980,  0.951,  0.171,  1.206,  1.038,  0.142,  0.620
 50040,  0.889,  0.169,  1.053,  0.824,  0.136,  0.481
 50100,  1.012,  0.093,  1.265,  1.026,  0.173,  0.599
 50160,  1.150,  0.173,  1.304,  0.955,  0.134,  0.611
 50220,  1.002,  0.114,  1.303,  0.900,  0.189,  0.487
 50280,  1.172,  0.150,  1.039,  0.466,  0.130,  0.432
 50340,  1.033,  0.273,  0.978,  0.344,  0.153,  0.349
 50400,  0.446, -0.019,  0.902,  0.196, -0.018, -0.093
 50460,  1.268,  0.260,  0.650,  0.519,  0.113,  0.384
 50520,  0.993,  0.205,  0.985,  0.513,  0.147,  0.265
 50580,  1.104,  0.184,  0.949,  0.397,  0.163,  0.281
 50640,  1.080,  0.195,  0.942,  0.408,  0.121,  0.389
 50700,  0.938,  0.207,  1.024,  0.371,  0.109,  0.356
 50760,  1.058,  0.136,  0.925,  0.398,  0.148,  0.325
 50820,  1.097,  0.145,  1.019,  0.483,  0.153,  0.415
 50880,  1.043,  0.126,  0.959,  0.340,  0.118,  0.350
 50940,  1.105,  0.176,  1.032,  0.437,  0.144,  0.453
 51000,  0.979,  0.196,  0.956,  0.416,  0.109,  0.600
 51060,  1.085,  0.216,  1.123,  0.353,  0.179,  0.932
 51120,  1.126,  0.178,  1.089,  0.408,  0.218,  3.492
 51180,  1.183,  0.119,  1.129,  0.421,  0.223,  3.089
 51240,  0.995,  0.213,  1.208,  0.512,  0.217,  2.998
 51300,  1.113,  0.183,  1.295,  0.505,  0.208,  2.597
 51360,  0.921,  0.181,  1.118,  0.591,  0.210,  2.175
 51420,  1.034,  0.223,  1.178,  0.611,  0.232,  2.157
 51480,  0.997,  0.167,  1.105,  0.637,  0.153,  0.657
 51540,  1.147,  0.257,  1.437,  0.808,  0.439, 10.340
 51600,  1.007,  0.200,  1.469,  0.743,  0.364,  8.216
 51660,  0.874,  0.175,  1.235,  0.686,  0.214,  1.732
