CampaignData_and_Merges/R0/CSL_MobileLab_Parked/raw/20240724/USOS-PTR_MobileLabGround_20240724_R0.ict
58, 1001
Matthew Coggon, Kelvin Bates, Chelsea Stockwell, Carsten Warneke
NOAA ESRL Chemical Sciences Division
NOAA PTR-ToF-MS
USOS
1,1 
2024, 07, 24, 2025, 09, 19
0
Time_Start, seconds, number of seconds from 00:00 UTC 
22
1, 1, 1, 1, 1, 1, 1, 1, 1, 1, 1, 1, 1, 1, 1, 1, 1, 1, 1, 1, 1, 1
-9999, -9999, -9999, -9999, -9999, -9999, -9999, -9999, -9999, -9999, -9999, -9999, -9999, -9999, -9999, -9999, -9999, -9999, -9999, -9999, -9999, -9999
CH3OH_NOAAPTR_ppbv,  ppbv, Gas_CH3OH_InSitu_S_AVMR, (CH3OH) methanol
CH3CN_NOAAPTR_ppbv,  ppbv, Gas_CH3CN_InSitu_S_AVMR, (CH3CN) acetonitrile
CH3CHO_NOAAPTR_ppbv,  ppbv, Gas_CH3CHO_InSitu_S_AVMR, (CH3CHO) acetaldehyde plus contributions from ethylene glycol and ethylene oxide. Interference from ethanol has been subtracted out.
C2H5OH_NOAAPTR_ppbv,  ppbv, Gas_C2H5OH_InSitu_S_AVMR, (C2H5OH) ethanol
CH3SH_NOAAPTR_ppbv,  ppbv, Gas_CH3SH_InSitu_S_AVMR, (CH3SH) methanethiol, using calibration factor for DMS
Acrolein_NOAAPTR_ppbv,  ppbv, Gas_Acrolein_InSitu_S_AVMR, (C3H4O) acrolein
AcetonePropanal_NOAAPTR_ppbv,  ppbv, Gas_AcetoneAndPropanal_InSitu_S_AVMR, (C3H6O) sum of acetone (dominant isomer) and propanal, using calibration factor for acetone
DMS_NOAAPTR_ppbv,  ppbv, Gas_DMS_InSitu_S_AVMR, (C2H6S) dimethyl sulfide with possible small contributions from ethanethiol
C5H8_NOAAPTR_ppbv,  ppbv, Gas_Isoprene_InSitu_S_AVMR, (C5H8) isoprene and possible fragments from cycloalkanes and aldehydes. Interferences have been subtracted following methods described by Coggon et al (2023)
MVKMAC_NOAAPTR_ppbv,  ppbv, Gas_MVKAndMAC_InSitu_S_AVMR, (C4H6O) sum of methyl vinyl ketone, methacrolein, and small amounts of crotonaldehyde, using weighted calibration factor for MVK (0.637) and MACR (0.363)
Benzene_NOAAPTR_ppbv,  ppbv, Gas_Benzene_InSitu_S_AVMR, (C6H6) benzene
Toluene_NOAAPTR_ppbv,  ppbv, Gas_Toluene_InSitu_S_AVMR, (C7H8) toluene with possible small contributions of fragments from ethyltoluene
Styrene_NOAAPTR_ppbv,  ppbv, Gas_Styrene_InSitu_S_AVMR, (C8H8) styrene
Benzaldehyde_NOAAPTR_ppbv,  ppbv, Gas_Benzaldehyde_InSitu_S_AVMR, (C7H6O) benzaldehyde
C8Aromatics_NOAAPTR_ppbv,  ppbv, Gas_C8Aromatics_InSitu_M_AVMR, (C8H10) sum of m-xylene, p-xylene, o-xylene, and ethyl benzene
C9Aromatics_NOAAPTR_ppbv,  ppbv, Gas_C9Aromatics_InSitu_M_AVMR, (C9H12) sum of C9 aromatics
Naphthalene_NOAAPTR_ppbv,  ppbv, Gas_Naphthalene_InSitu_S_AVMR, (C10H8) naphthalene
Octanal_NOAAPTR_ppbv,  ppbv, Gas_Octanal_InSitu_S_AVMR, (C8H16O) octanal and small amounts of octanone
Monoterpenes_NOAAPTR_ppbv,  ppbv, Gas_Monoterpenes_InSitu_M_AVMR, (C10H16) sum of monoterpenes and possible contributions from fragments of oxygenated monoterpenoids such as eucalyptol.
Nonanal_NOAAPTR_ppbv,  ppbv, Gas_Nonanal_InSitu_M_AVMR, (C9H18O) nonanal and small amounts of nonanone
C7H4ClF3_NOAAPTR_ppbv,  ppbv, Gas_C7H4ClF3_InSitu_S_AVMR, (C7H4ClF3) parachlorobenzotrifluoride
C10H30O5Si5_NOAAPTR_ppbv,  ppbv, Gas_C10H30O5Si5_InSitu_S_AVMR, (C10H30O5Si5) decamethylcyclopentasiloxane
1
SPECIAL COMMENTS:N/A
21
PI_CONTACT_INFO: NOAA ESRL Chemical Sciences Division, Tropospheric Chemistry Group. 325 Broadway, R/CSD7, Boulder, CO 80305
PLATFORM: Mobile Laboratory.
LOCATION: Salt Lake City, UT
ASSOCIATED_DATA: N/A
INSTRUMENT_INFO: NOAA PTR-ToF-MS measurements on NOAA CSL Mobile Lab
DATA_INFO: Units: ppbv
UNCERTAINTY: See OTHER_COMMENTS
ULOD_FLAG: -7777
ULOD_VALUE: N/A
LLOD_FLAG: -8888
LLOD_VALUE: N/A.
DM_CONTACT_INFO: Data Managers: Matt Coggon, Kelvin Bates, Chelsea Stockwell; email: matthew.m.coggon@noaa.gov and kelvin.bates@colorado.edu
PROJECT_INFO: USOS Deployment July-August, 2024
STIPULATIONS_ON_USE: Use of these data require prior OK from PI.
OTHER_COMMENTS: Uncertainties:
CH3OH_NOAAPTR_ppbv:30%; CH3CN_NOAAPTR_ppbv:30%; CH3CHO_NOAAPTR_ppbv:30%; C2H5OH_NOAAPTR_ppbv:30%; CH3SH_NOAAPTR_ppbv:50%; Acrolein_NOAAPTR_ppbv:30%; AcetonePropanal_NOAAPTR_ppbv:30%; DMS_NOAAPTR_ppbv:30%; C5H8_NOAAPTR_ppbv:30%; MVKMAC_NOAAPTR_ppbv:30%; 
Benzene_NOAAPTR_ppbv:30%; Toluene_NOAAPTR_ppbv:30%; Styrene_NOAAPTR_ppbv:30%; Benzaldehyde_NOAAPTR_ppbv:30%; C8Aromatics_NOAAPTR_ppbv:30%; C9Aromatics_NOAAPTR_ppbv:30%; Naphthalene_NOAAPTR_ppbv:30%; Octanal_NOAAPTR_ppbv:30%; Monoterpenes_NOAAPTR_ppbv:30%; Nonanal_NOAAPTR_ppbv:30%; 
C7H4ClF3_NOAAPTR_ppbv:30%; C10H30O5Si5_NOAAPTR_ppbv:30%; 
REVISION: R0
R0: Calibrated PTR Data. See individual species comments for details about measurement uncertainties
Time_Start, CH3OH_NOAAPTR_ppbv, CH3CN_NOAAPTR_ppbv, CH3CHO_NOAAPTR_ppbv, C2H5OH_NOAAPTR_ppbv, CH3SH_NOAAPTR_ppbv, Acrolein_NOAAPTR_ppbv, AcetonePropanal_NOAAPTR_ppbv, DMS_NOAAPTR_ppbv, C5H8_NOAAPTR_ppbv, MVKMAC_NOAAPTR_ppbv, Benzene_NOAAPTR_ppbv, Toluene_NOAAPTR_ppbv, Styrene_NOAAPTR_ppbv, Benzaldehyde_NOAAPTR_ppbv, C8Aromatics_NOAAPTR_ppbv, C9Aromatics_NOAAPTR_ppbv, Naphthalene_NOAAPTR_ppbv, Octanal_NOAAPTR_ppbv, Monoterpenes_NOAAPTR_ppbv, Nonanal_NOAAPTR_ppbv, C7H4ClF3_NOAAPTR_ppbv, C10H30O5Si5_NOAAPTR_ppbv
[from data line 145]
 8700.0, 13.43896, 0.29455, 2.73697, 6.40115, 0.00738, 0.34730, 5.77100, 0.01560, 2.30696, 0.76560, 0.21195, 0.52642, 0.03308, 0.02487, 0.27894, 0.12659, -0.00089, 0.05257, 0.30101, 0.10401, 0.02086, 0.01745 
 8760.0, 14.26706, 0.28707, 3.50703, 13.04855, 0.01145, 0.51404, 6.18505, 0.01656, 2.41408, 0.81259, 0.90461, 4.40947, 0.16927, -0.03895, 1.36019, 0.61716, 0.02208, 0.08221, 0.44402, 0.11208, 0.01844, 0.01438 
 8820.0, 10.02089, 0.32107, 2.75882, 6.67235, 0.00635, 0.36684, 5.61925, -0.00053, 2.70880, 0.86277, 0.37476, 1.31047, 0.11047, -0.01622, 0.67964, 0.36262, 0.04065, 0.07405, 0.44459, 0.10053, 0.00609, 0.00928 
 8880.0, 13.01029, 0.31433, 2.94713, 8.29158, 0.00490, 0.42313, 5.87395, 0.01731, 2.79474, 0.87174, 0.56379, 2.05817, 0.11372, -0.01555, 0.83953, 0.37171, 0.00728, 0.04644, 0.40087, 0.06775, 0.02003, 0.00689 
 8940.0, 13.35765, 0.31795, 2.84381, 8.00933, 0.00235, 0.42893, 5.84214, 0.01029, 2.70210, 0.85569, 0.44895, 1.44086, 0.09664, -0.02749, 0.60972, 0.27460, -0.00788, 0.05369, 0.41479, 0.11618, 0.02144, 0.01421 
 9000.0, 12.17500, 0.32805, 2.72269, 7.64884, 0.00545, 0.37207, 5.86905, 0.02348, 2.86622, 0.88678, 0.28285, 0.81504, 0.05243, -0.03690, 0.40996, 0.17966, 0.01370, 0.05744, 0.42436, 0.12178, 0.02663, 0.01012 
 9060.0, 12.07519, 0.31698, 2.63956, 6.62578, 0.00891, 0.35762, 5.75928, 0.01833, 3.03986, 0.89035, 0.26126, 0.60158, 0.03902, -0.02606, 0.30280, 0.14240, 0.01301, 0.03988, 0.48650, 0.10667, 0.02189, 0.00597 
 9120.0, 13.33963, 0.32569, 2.61489, 6.45869, 0.00231, 0.35954, 5.75203, 0.01256, 3.04802, 0.91107, 0.20246, 0.59590, 0.02651, -0.03201, 0.29959, 0.13466, -0.00888, 0.04057, 0.45886, 0.09723, 0.01975, 0.01363 
 9180.0, 12.78406, 0.31475, 2.62122, 6.90705, 0.00238, 0.37727, 5.95051, -0.00015, 3.03830, 0.91973, 0.25538, 0.66371, 0.06417, -0.01847, 0.37205, 0.16539, 0.00923, 0.05999, 0.47732, 0.11016, 0.01445, 0.01698 
 9240.0, 13.94699, 0.32550, 2.76942, 7.17501, 0.00359, 0.34552, 5.75327, 0.00199, 3.01788, 0.92874, 0.29683, 0.56938, 0.03255, -0.02236, 0.30213, 0.14124, 0.00569, 0.06247, 0.45672, 0.11060, 0.01964, 0.01378 
 9300.0, 14.62863, 0.31432, 2.70270, 7.54419, 0.00717, 0.36690, 5.86406, 0.00482, 3.10883, 0.95075, 0.28780, 0.57379, 0.02939, 0.02533, 0.31608, 0.13527, 0.00007, 0.03966, 0.53695, 0.09166, 0.02352, 0.01236 
 9360.0, 13.89692, 0.34643, 2.82648, 7.55412, 0.00426, 0.38379, 5.74226, 0.01845, 3.02249, 0.93319, 0.20268, 0.55364, -0.00642, -0.01930, 0.30620, 0.11428, -0.00247, 0.03901, 0.51428, 0.08532, 0.01943, 0.00718 
 9420.0, 14.98824, 0.32821, 2.71662, 7.47660, 0.01024, 0.36808, 5.84159, -0.00052, 3.03043, 0.98507, 0.29033, 0.56028, 0.03220, 0.00625, 0.30794, 0.12013, -0.00647, 0.06508, 0.47744, 0.12704, 0.01247, 0.00840 
 9480.0, 14.33621, 0.34761, 2.77274, 7.60957, 0.00433, 0.35592, 5.82858, 0.02057, 3.09380, 0.91139, 0.24835, 0.51133, 0.02187, -0.02248, 0.28459, 0.10164, 0.00110, 0.07303, 0.49226, 0.08790, 0.01751, 0.00887 
 9540.0, 10.53001, 0.36026, 2.18344, 5.70061, 0.00733, 0.35250, 5.44218, 0.00043, 3.24836, 0.93010, 0.17014, 0.50724, 0.03409, -0.03882, 0.22208, 0.09734, -0.00764, 0.03555, 0.57183, 0.05850, 0.01393, 0.01209 
 9600.0, 13.88803, 0.33169, 2.75577, 7.51622, 0.00766, 0.38333, 5.77916, 0.00350, 3.16284, 0.97500, 0.19045, 0.56518, 0.05472, -0.02691, 0.31498, 0.12499, 0.00474, 0.03478, 0.55035, 0.06484, 0.01919, 0.00643 
 9660.0, 11.91997, 0.33103, 2.69046, 6.53831, 0.00392, 0.44578, 5.76214, 0.00775, 3.28063, 0.95364, 0.17154, 0.55990, 0.03980, -0.01142, 0.29819, 0.12363, -0.00475, 0.06000, 0.58783, 0.08070, 0.01422, 0.01139 
 9720.0, 12.34840, 0.35539, 2.53912, 5.51252, 0.00139, 0.38183, 5.68248, 0.01943, 3.11349, 0.96922, 0.14561, 0.52475, 0.03182, -0.03290, 0.28517, 0.13114, -0.00220, 0.04110, 0.53141, 0.07482, 0.01928, 0.00848 
 9780.0, 11.35111, 0.30519, 2.31745, 5.59946, 0.00281, 0.36527, 5.60146, 0.00955, 3.21541, 0.92699, 0.13815, 0.47746, 0.01043, -0.03414, 0.21283, 0.10211, 0.00073, 0.03586, 0.60382, 0.07391, 0.01576, 0.00729 
 9840.0, 11.47868, 0.30421, 2.33267, 5.22925, 0.00529, 0.33905, 5.56711, 0.00943, 3.22160, 0.94038, 0.20116, 0.48317, 0.02719, -0.02665, 0.22514, 0.09310, -0.00379, 0.02433, 0.59454, 0.07864, 0.00966, 0.00739 
 9900.0, 12.58242, 0.36399, 2.20228, 4.25833, 0.00361, 0.37144, 5.52740, 0.01833, 3.43947, 0.94642, 0.15934, 0.49666, 0.02021, -0.03507, 0.19773, 0.10481, -0.00053, 0.01999, 0.59698, 0.08403, 0.01792, 0.00598 
 9960.0, 12.15795, 0.31003, 2.60420, 5.87577, 0.00625, 0.40215, 5.75613, -0.00050, 3.39694, 0.93249, 0.19194, 0.50483, 0.01798, -0.03258, 0.26380, 0.09130, -0.00216, 0.05852, 0.59782, 0.14700, 0.01801, 0.00719 
10020.0, 13.97175, 0.44712, 2.27851, 4.44295, 0.00293, 0.34163, 7.79533, 0.01489, 3.72211, 0.90686, 0.20598, 0.48036, 0.01235, -0.01718, 0.20210, 0.09252, 0.00697, 0.04637, 0.59310, 0.05967, 0.01670, 0.00855 
10080.0, 12.33959, 0.44433, 2.37638, 4.62787, 0.00570, 0.36725, 5.62246, 0.02270, 3.68395, 0.95440, 0.11470, 0.52979, 0.02561, -0.03715, 0.21100, 0.08818, -0.00810, 0.03979, 0.63277, 0.12878, 0.01239, 0.00343 
10140.0, 13.17058, 0.48411, 2.38515, 4.43273, 0.00707, 0.39171, 5.70156, 0.01307, 4.01614, 0.98626, 0.18495, 0.52225, 0.01640, -0.01225, 0.22058, 0.09161, -0.00605, 0.02990, 0.63284, 0.05665, 0.02171, 0.00730 
10200.0, 12.92728, 0.54732, 2.23140, 4.28804, 0.00610, 0.38765, 5.54574, 0.02200, 4.26464, 1.02601, 0.16408, 0.48570, 0.01335, -0.02507, 0.23138, 0.09113, -0.00800, 0.03063, 0.59787, 0.06419, 0.01646, 0.00660 
10260.0, 13.30000, 0.51492, 2.46120, 7.73722, 0.00423, 0.39410, 5.81051, 0.00121, 4.27811, 0.96560, 0.40722, 1.06555, 0.04595, -0.01244, 0.55419, 0.21667, 0.00169, 0.04358, 0.61183, 0.09079, 0.01329, 0.00537 
10320.0, 14.22554, 0.55348, 2.44885, 4.83560, 0.00313, 0.37434, 5.74286, 0.01244, 4.48726, 1.02893, 0.20720, 0.68866, 0.03980, -0.03869, 0.33097, 0.13252, 0.00103, 0.02812, 0.59549, 0.12782, 0.01735, 0.00760 
10380.0, 12.94241, 0.57226, 2.38805, 4.67652, 0.00153, 0.38369, 5.69301, 0.00108, 4.43623, 1.03261, 0.23743, 0.58913, 0.03112, -0.00452, 0.28002, 0.12610, 0.01191, 0.04746, 0.61467, 0.10900, 0.01026, 0.00430 
10440.0, 12.97276, 0.59788, 2.26851, 3.79841, 0.00280, 0.38529, 5.56146, 0.01777, 4.68742, 1.01431, 0.07922, 0.51354, -0.00635, -0.02036, 0.21629, 0.09640, 0.01929, 0.03069, 0.56704, 0.08523, 0.01394, 0.00289 
10500.0, 11.98208, 0.61947, 2.20048, 3.79657, 0.00378, 0.38570, 5.61081, 0.00605, 4.56659, 1.04522, 0.20588, 0.56177, -0.00635, 0.00357, 0.21891, 0.08014, -0.00761, 0.02959, 0.57078, 0.07438, 0.01229, 0.00543 
10560.0, 13.08420, 0.58382, 2.41205, 4.31167, 0.00652, 0.36734, 5.72500, -0.00049, 4.60254, 1.03984, 0.16498, 0.51533, 0.02948, -0.03865, 0.19634, 0.10112, -0.00292, 0.03984, 0.62844, 0.05959, 0.00450, 0.00988 
10620.0, 12.42462, 0.61141, 2.31267, 4.54479, 0.00405, 0.38024, 5.73764, 0.01870, 4.59451, 1.05249, 0.18751, 0.55215, 0.02643, -0.00949, 0.21316, 0.10599, 0.00553, 0.04271, 0.59470, 0.10965, 0.00983, 0.00326 
10680.0, 12.11950, 0.59156, 2.43733, 4.38708, 0.00244, 0.37833, 5.63924, 0.00361, 4.58314, 1.02901, 0.13697, 0.52436, 0.02935, -0.01202, 0.20934, 0.07747, 0.00432, 0.05067, 0.61277, 0.06800, 0.01234, 0.00230 
10740.0, 10.86306, 0.53096, 2.19122, 3.80564, 0.00135, 0.39400, 5.67790, 0.00272, 4.63477, 1.06321, 0.14949, 0.50613, 0.01649, -0.03026, 0.18263, 0.07277, -0.00755, 0.02567, 0.57634, 0.08883, 0.00805, 0.00133 
10800.0, 12.65183, 0.57809, 2.28532, 4.49849, 0.00617, 0.39456, 5.78804, 0.01477, 4.54815, 1.07933, 0.14618, 0.51629, 0.02600, -0.01673, 0.20785, 0.09153, -0.00208, 0.01203, 0.56500, 0.05631, 0.01616, 0.00834 
10860.0, 12.19437, 0.53395, 2.30791, 5.02513, 0.00289, 0.41127, 5.81621, 0.00760, 4.57896, 1.07184, 0.21733, 0.51921, 0.01783, -0.01334, 0.21907, 0.08795, -0.00746, 0.06648, 0.58746, 0.07694, 0.01766, 0.00813 
10920.0, 12.31624, 0.53697, 2.14114, 4.44492, 0.00386, 0.35931, 5.66078, 0.01795, 4.51980, 1.08603, 0.15193, 0.53453, 0.01766, -0.02122, 0.19918, 0.08019, -0.00570, 0.01917, 0.59005, 0.05558, 0.00891, 0.00687 
10980.0, 11.26935, 0.51620, 2.37950, 4.83787, 0.00646, 0.41975, 5.68573, 0.01895, 4.64255, 1.08957, 0.25266, 0.58043, 0.03587, -0.00963, 0.24848, 0.11286, -0.00417, 0.03606, 0.60065, 0.06249, 0.01295, 0.00519 
11040.0, 12.37316, 0.50716, 2.28434, 4.10876, 0.00252, 0.42181, 5.63229, 0.01257, 4.58513, 1.10772, 0.15608, 0.53055, 0.02131, -0.03857, 0.22304, 0.08950, -0.00731, 0.02670, 0.59964, 0.08852, 0.01322, 0.00541 
11100.0, 11.59022, 0.50433, 2.35426, 4.28271, 0.00614, 0.42970, 5.74117, 0.00274, 4.58977, 1.06114, 0.14282, 0.50701, 0.03675, -0.01742, 0.21995, 0.07852, 0.01385, 0.02582, 0.56157, 0.06163, 0.01552, 0.00353 
11160.0, 11.86304, 0.49457, 2.22922, 4.21289, 0.00179, 0.44425, 5.71462, 0.01446, 4.42924, 1.01844, 0.10424, 0.51750, -0.00631, -0.03152, 0.19048, 0.06993, 0.00260, 0.03069, 0.55340, 0.07105, 0.01424, 0.00306 
11220.0, 13.67545, 0.50075, 2.32512, 4.19243, 0.00213, 0.40052, 5.78111, 0.01135, 4.38593, 1.06659, 0.15473, 0.53244, 0.01138, -0.01782, 0.21186, 0.08940, 0.00680, 0.04134, 0.59073, 0.08066, 0.01720, 0.00337 
11280.0, 12.85336, 0.55855, 2.15395, 3.29783, 0.00171, 0.38690, 5.71823, 0.01644, 4.12781, 1.01272, 0.08451, 0.46563, -0.00067, -0.02612, 0.16023, 0.06841, -0.00711, 0.01325, 0.51644, 0.06370, 0.01343, 0.00372 
11340.0, 12.48913, 0.55793, -9999.00000, 3.61241, 0.00624, 0.40710, 5.77953, 0.01555, -9999.00000, 1.01670, 0.19504, 0.52974, -0.00630, -0.00439, 0.18150, 0.07908, -0.00317, 0.03353, 0.54832, 0.06800, 0.01021, 0.00504 
11400.0, -9999.00000, -9999.00000, -9999.00000, -9999.00000, -9999.00000, -9999.00000, -9999.00000, -9999.00000, -9999.00000, -9999.00000, -9999.00000, -9999.00000, -9999.00000, -9999.00000, -9999.00000, -9999.00000, -9999.00000, -9999.00000, -9999.00000, -9999.00000, -9999.00000, -9999.00000 
11460.0, -9999.00000, -9999.00000, -9999.00000, -9999.00000, -9999.00000, -9999.00000, -9999.00000, -9999.00000, -9999.00000, -9999.00000, -9999.00000, -9999.00000, -9999.00000, -9999.00000, -9999.00000, -9999.00000, -9999.00000, -9999.00000, -9999.00000, -9999.00000, -9999.00000, -9999.00000 
11520.0, -9999.00000, -9999.00000, -9999.00000, -9999.00000, -9999.00000, -9999.00000, -9999.00000, -9999.00000, -9999.00000, -9999.00000, -9999.00000, -9999.00000, -9999.00000, -9999.00000, -9999.00000, -9999.00000, -9999.00000, -9999.00000, -9999.00000, -9999.00000, -9999.00000, -9999.00000 
11580.0, -9999.00000, -9999.00000, -9999.00000, -9999.00000, -9999.00000, -9999.00000, -9999.00000, -9999.00000, -9999.00000, -9999.00000, -9999.00000, -9999.00000, -9999.00000, -9999.00000, -9999.00000, -9999.00000, -9999.00000, -9999.00000, -9999.00000, -9999.00000, -9999.00000, -9999.00000 
11640.0, -9999.00000, -9999.00000, -9999.00000, -9999.00000, -9999.00000, -9999.00000, -9999.00000, -9999.00000, -9999.00000, -9999.00000, -9999.00000, -9999.00000, -9999.00000, -9999.00000, -9999.00000, -9999.00000, -9999.00000, -9999.00000, -9999.00000, -9999.00000, -9999.00000, -9999.00000 
11700.0, -9999.00000, -9999.00000, -9999.00000, -9999.00000, -9999.00000, -9999.00000, -9999.00000, -9999.00000, -9999.00000, -9999.00000, -9999.00000, -9999.00000, -9999.00000, -9999.00000, -9999.00000, -9999.00000, -9999.00000, -9999.00000, -9999.00000, -9999.00000, -9999.00000, -9999.00000 
11760.0, -9999.00000, -9999.00000, -9999.00000, -9999.00000, -9999.00000, -9999.00000, -9999.00000, -9999.00000, -9999.00000, -9999.00000, -9999.00000, -9999.00000, -9999.00000, -9999.00000, -9999.00000, -9999.00000, -9999.00000, -9999.00000, -9999.00000, -9999.00000, -9999.00000, -9999.00000 
11820.0, -9999.00000, -9999.00000, -9999.00000, -9999.00000, -9999.00000, -9999.00000, -9999.00000, -9999.00000, -9999.00000, -9999.00000, -9999.00000, -9999.00000, -9999.00000, -9999.00000, -9999.00000, -9999.00000, -9999.00000, -9999.00000, -9999.00000, -9999.00000, -9999.00000, -9999.00000 
11880.0, -9999.00000, -9999.00000, -9999.00000, -9999.00000, -9999.00000, -9999.00000, -9999.00000, -9999.00000, -9999.00000, -9999.00000, -9999.00000, -9999.00000, -9999.00000, -9999.00000, -9999.00000, -9999.00000, -9999.00000, -9999.00000, -9999.00000, -9999.00000, -9999.00000, -9999.00000 
11940.0, -9999.00000, -9999.00000, -9999.00000, -9999.00000, -9999.00000, -9999.00000, -9999.00000, -9999.00000, -9999.00000, -9999.00000, -9999.00000, -9999.00000, -9999.00000, -9999.00000, -9999.00000, -9999.00000, -9999.00000, -9999.00000, -9999.00000, -9999.00000, -9999.00000, -9999.00000 
12000.0, 12.50583, 0.44262, -9999.00000, 3.72666, 0.00559, 0.32695, 5.57326, 0.01209, -9999.00000, 0.84493, 0.16780, 0.46182, 0.02801, -0.00869, 0.18125, 0.10237, 0.00439, 0.04790, 0.47339, 0.07542, 0.01410, 0.00491 
12060.0, 11.90038, 0.47085, 2.12466, 3.64073, 0.00112, 0.31030, 5.48303, 0.01423, 3.11350, 0.86811, 0.15376, 0.47935, 0.01369, -0.02053, 0.17078, 0.06912, -0.00119, 0.03592, 0.46933, 0.05732, 0.01178, 0.00643 
12120.0, 10.83648, 0.41273, 1.87881, 3.26931, 0.00230, 0.31731, 5.45188, -0.00044, 3.16052, 0.81955, 0.13556, 0.44518, 0.00969, -0.02495, 0.15888, 0.07098, -0.00696, 0.01934, 0.49420, 0.06645, 0.01413, 0.00270 
12180.0, 11.98951, 0.43001, 1.99869, 3.69863, 0.00203, 0.31076, 5.56668, 0.02260, 3.17993, 0.80918, 0.09692, 0.43560, 0.00587, -0.03636, 0.13819, 0.07278, -0.00331, 0.06338, 0.46984, 0.08622, 0.00507, 0.02203 
12240.0, 10.47139, 0.40073, 1.88565, 3.52057, 0.00276, 0.29005, 5.49953, -0.00044, 2.91984, 0.81705, 0.12806, 0.44151, -0.00631, -0.03836, 0.18187, 0.09003, 0.01419, 0.03893, 0.42772, 0.05893, 0.01044, 0.00985 
12300.0, 9.78445, 0.39093, 1.98459, 3.45121, 0.00326, 0.27765, 5.44914, 0.02168, 2.89120, 0.82035, 0.14535, 0.49742, 0.03306, -0.03835, 0.19007, 0.08977, 0.00899, 0.01376, 0.42086, 0.06756, 0.01006, 0.00416 
12360.0, 10.89795, 0.48450, 2.00713, 4.18479, 0.00322, 0.31872, 5.53812, 0.02330, 2.82682, 0.82923, 0.17525, 0.58487, 0.01137, -0.02982, 0.26551, 0.10600, 0.00489, 0.02525, 0.45059, 0.08764, 0.01019, 0.00589 
12420.0, 11.80407, 0.52865, 2.11927, 6.31090, 0.00232, 0.33471, 5.66672, 0.00762, 2.78900, 0.82260, 0.41723, 0.98429, -0.00593, -0.02179, 0.47915, 0.17542, 0.00234, 0.04670, 0.44347, 0.11244, 0.00480, 0.00988 
12480.0, 11.17993, 0.45167, 1.81865, 3.27158, 0.00254, 0.33844, 5.46140, 0.01549, 2.66786, 0.79380, 0.16412, 0.46404, 0.01427, -0.03831, 0.17129, 0.08439, -0.00698, 0.01375, 0.41787, 0.04719, 0.01329, 0.00264 
12540.0, 10.33501, 0.46776, 1.88120, 2.93410, -0.00110, 0.31189, 5.35648, -0.00042, 2.37686, 0.73286, 0.16340, 0.36960, 0.01641, -0.03426, 0.14663, 0.07895, -0.00142, 0.02863, 0.37405, 0.04178, 0.01078, 0.00183 
12600.0, 13.97201, 0.40146, 2.07780, 4.24100, 0.00498, 0.28639, 5.53610, 0.00988, 2.50728, 0.75368, 0.22530, 0.61062, 0.03977, -0.02492, 0.30061, 0.12356, 0.01191, 0.03733, 0.39476, 0.08779, 0.00733, 0.00564 
12660.0, 12.96957, 0.43046, 1.76952, 3.45761, 0.00278, 0.27272, 5.47558, 0.02077, 2.51414, 0.70459, 0.13882, 0.43674, 0.02803, -0.03362, 0.21363, 0.07779, -0.00668, 0.02011, 0.37431, 0.04717, 0.01488, 0.00202 
12720.0, 11.57583, 0.48022, 1.88630, 3.16528, 0.00350, 0.32209, 5.39204, 0.01690, 2.24532, 0.70772, 0.11831, 0.39160, -0.00079, -0.03808, 0.15518, 0.05898, -0.00699, 0.03016, 0.36002, 0.03875, 0.01235, 0.00307 
12780.0, 13.24227, 0.46199, 1.92205, 3.86382, 0.00003, 0.30450, 5.45337, 0.01184, 2.30033, 0.75458, 0.16460, 0.42561, 0.03916, -0.01948, 0.21573, 0.09109, -0.00079, 0.01437, 0.36590, 0.07829, 0.00742, 0.00498 
12840.0, 12.10645, 0.49389, 1.76853, 3.95288, 0.00388, 0.27903, 5.34406, -0.00041, 2.18641, 0.67618, 0.10568, 0.37516, 0.00953, -0.00753, 0.15470, 0.06885, 0.00403, 0.02779, 0.35200, 0.04282, 0.01026, 0.00525 
12900.0, 12.15949, 0.51008, 1.74033, 3.30169, -0.00110, 0.30252, 5.40366, 0.00039, 2.02814, 0.71152, 0.11927, 0.31922, 0.00842, -0.01037, 0.15398, 0.06670, 0.00193, 0.03182, 0.33942, 0.05084, 0.00926, 0.00596 
