CampaignData_and_Merges/R0/CSL_MobileLab_Parked/raw/20240724/USOS-POPS_MobileLabGround_20240724_R0.ict
78, 1001
Thornberry, T. D.
NOAA Chemical Sciences Laboratory
Portable Optical Particle Spectrometer (POPS)
USOS
1, 1
2024, 07, 24, 2025, 05, 08
60
Time_Start, seconds_past_midnight, Start time of measurement
45
1, 1, 1, 1, 1, 1, 1, 1, 1, 1, 1, 1, 1, 1, 1, 1, 1, 1, 1, 1, 1, 1, 1, 1, 1, 1, 1, 1, 1, 1, 1, 1, 1, 1, 1, 1, 1, 1, 1, 1, 1, 1, 1, 1, 1
-9999, -9999, -9999, -9999, -9999, -9999, -9999, -9999, -9999, -9999, -9999, -9999, -9999, -9999, -9999, -9999, -9999, -9999, -9999, -9999, -9999, -9999, -9999, -9999, -9999, -9999, -9999, -9999, -9999, -9999, -9999, -9999, -9999, -9999, -9999, -9999, -9999, -9999, -9999, -9999, -9999, -9999, -9999, -9999, -9999
Time_Stop, seconds_past_midnight, Stop time of measurement
Time_Mid, seconds_past_midnight, Mid time of measurement
Press_mb, mb, Pressure reported (mb)
Temp_C, degrees C, POPS temperature measurement
Aerosol_concentration, cm^-3, Aerosol concentration
Surface_Area_Conc, um^2 cm^-3, Surface area concentration
Volume_density, um^3 cm^-3, Volume density
Effective_radius, um, Effective radius
Extinction, km^-1, Extinction
Bin01, cm^-3, particle concentration in size range [1401 - 146.3 nm]
Bin02, cm^-3, particle concentration in size range [146.3 - 152.8 nm]
Bin03, cm^-3, particle concentration in size range [152.8 - 159.6 nm]
Bin04, cm^-3, particle concentration in size range [159.6 - 166.8 nm]
Bin05, cm^-3, particle concentration in size range [166.8 - 174.2 nm]
Bin06, cm^-3, particle concentration in size range [174.2 - 181.9 nm]
Bin07, cm^-3, particle concentration in size range [181.9 - 190.0 nm]
Bin08, cm^-3, particle concentration in size range [190.0 - 198.5 nm]
Bin09, cm^-3, particle concentration in size range [198.5 - 207.4 nm]
Bin10, cm^-3, particle concentration in size range [207.4 - 216.6 nm]
Bin11, cm^-3, particle concentration in size range [216.6 - 226.2 nm]
Bin12, cm^-3, particle concentration in size range [226.2 - 236.3 nm]
Bin13, cm^-3, particle concentration in size range [236.3 - 246.8 nm]
Bin14, cm^-3, particle concentration in size range [246.8 - 257.8 nm]
Bin15, cm^-3, particle concentration in size range [257.8 - 269.3 nm]
Bin16, cm^-3, particle concentration in size range [269.3 - 343.4 nm]
Bin17, cm^-3, particle concentration in size range [343.4 - 450.7 nm]
Bin18, cm^-3, particle concentration in size range [450.7 - 525.9 nm]
Bin19, cm^-3, particle concentration in size range [525.9 - 618.5 nm]
Bin20, cm^-3, particle concentration in size range [618.5 - 710.0 nm]
Bin21, cm^-3, particle concentration in size range [710.0 - 822.7 nm]
Bin22, cm^-3, particle concentration in size range [822.7 - 885.9 nm]
Bin23, cm^-3, particle concentration in size range [885.9 - 953.9 nm]
Bin24, cm^-3, particle concentration in size range [953.9 - 1027.2 nm]
Bin25, cm^-3, particle concentration in size range [1027.2 - 1106.1 nm]
Bin26, cm^-3, particle concentration in size range [1106.1 - 1191.0 nm]
Bin27, cm^-3, particle concentration in size range [1191.0 - 1282.5 nm]
Bin28, cm^-3, particle concentration in size range [1282.5 - 1381.0 nm]
Bin29, cm^-3, particle concentration in size range [1381.0 - 1487.1 nm]
Bin30, cm^-3, particle concentration in size range [1487.1 - 1601.3 nm]
Bin31, cm^-3, particle concentration in size range [1601.3 - 1724.3 nm]
[...]
PLATFORM: NOAA CSL Mobile Lab
LOCATION: USOS
ASSOCIATED_DATA: N/A
INSTRUMENT_INFO: Printed Optical Particle Spectrometer counts particles from 140 - 2500 nm in diameter 
DATA_INFO: Particle concentrations reported in number per cubic centimeter,1 Hz data
UNCERTAINTY: Counting uncertainty dominated by air flow, less than 5 percent. Measurement range is ~0 - 3000 per cm3 (varies depending on flow rate- manufacturer quotes 1250 per cm3 at 1.667 cc/s)
ULOD_FLAG: -7777
ULOD_VALUE: N/A
LLOD_FLAG: -8888
LLOD_VALUE: N/A
DM_CONTACT_INFO: Troy Thornberry, 325 Broadway R/CSL6, Boulder, CO 80305; troy.thornberry@noaa.gov; 303-497-3373
PROJECT_INFO: USOS, Utah POPS data from NOAA CSL Mobile Lab
STIPULATIONS_ON_USE: Please contact the PIs for questions regarding applications and uncertainties
OTHER_COMMENTS: POPS bin Edges (nm):  140.1, 146.3, 152.8, 159.6, 166.8, 174.2, 181.9, 190.0, 198.5, 207.4, 216.6, 226.2, 236.3, 246.8, 257.8, 269.3, 343.4, 450.7, 525.9, 618.5, 710.0, 822.7, 885.9, 953.9, 1027.2, 1106.1, 1191.0, 1282.5, 1381.0, 1487.1, 1601.3, 1724.3, 1856.7, 1999.3, 2152.8, 2318.2, 2496.2
Calculations assume organic aerosol refractive index of 1.52+0.00j and extinction wavelength = 532 nm
REVISION: R0
R0: Final data
Time_Start, Time_Stop, Time_Mid, Press_mb, Temp_C, Aerosol_concentration, Surface_Area_Conc, Volume_density, Effective_radius, Extinction, Bin01, Bin02, Bin03, Bin04, Bin05, Bin06, Bin07, Bin08, Bin09, Bin10, Bin11, Bin12, Bin13, Bin14, Bin15, Bin16, Bin17, Bin18, Bin19, Bin20, Bin21, Bin22, Bin23, Bin24, Bin25, Bin26, Bin27, Bin28, Bin29, Bin30, Bin31, Bin32, Bin33, Bin34, Bin35, Bin36
[from data line 1126]
67560,67619,67590,875.779,41.275,553.694,106.647,5.977,0.167,0.036,32.226460,31.301687,29.285042,29.085218,27.807337,27.317354,26.076599,25.219074,24.135075,24.603258,25.899187,29.574648,33.235115,33.419300,27.345249,87.748123,28.614420,7.212003,2.503946,0.248411,0.216496,0.088252,0.133118,0.011264,0.032941,0.072302,0.044873,0.049783,0.028030,0.038618,0.021995,0.027838,0.016067,0.016541,0.005394,0.033026
67620,67679,67650,875.784,41.310,565.841,109.936,6.394,0.174,0.037,33.440292,31.056801,29.906507,29.578926,28.666792,27.352093,26.415480,26.195248,25.043011,25.621162,25.866913,30.205124,33.235527,34.133842,28.351301,90.653961,28.866434,7.169104,2.922386,0.345002,0.183273,0.088895,0.067467,0.067569,0.061348,0.005650,0.044659,0.044989,0.027937,0.016911,0.044825,0.022531,0.050340,0.027913,0.011086,0.049700
67680,67739,67710,875.772,41.342,557.648,108.080,6.166,0.170,0.036,32.567463,30.829622,29.586901,29.031923,27.625181,26.450142,25.627357,25.066113,24.783825,25.149101,26.649111,30.110573,32.708172,34.105324,28.009117,89.260780,29.272856,7.172582,2.591535,0.292441,0.198758,0.127205,0.055358,0.044592,0.044274,0.022400,0.016568,0.022365,0.021905,0.033039,0.037956,0.016970,0.028137,0.022030,0.016954,0.049919
67740,67799,67770,875.782,41.313,550.269,106.105,6.031,0.169,0.035,32.592216,31.053278,29.258560,28.666759,27.759283,27.074989,25.726213,24.392767,24.630207,24.136353,25.769587,28.996687,32.974659,33.194469,27.089609,88.051300,28.341341,6.782333,2.693720,0.395216,0.171561,0.079038,0.077454,0.049190,0.033707,0.011396,0.016307,0.028224,0.027427,0.028007,0.044309,0.022606,0.011344,0.027826,0.022453,0.039024
67800,67859,67830,875.786,41.333,548.227,105.759,5.880,0.166,0.035,32.261639,30.099237,28.233879,28.831442,27.927916,26.342731,25.074011,24.917101,24.080635,25.437130,26.558687,29.360233,32.814426,32.416351,27.649137,87.211266,28.158012,7.185195,2.566788,0.404712,0.127130,0.088806,0.105429,0.033559,0.061882,0.045319,0.039259,0.011168,0.022528,0.005537,0.066474,0.005376,0.016803,0.005708,0.027607,0.033942
67860,67919,67890,875.767,41.357,543.842,105.738,6.306,0.178,0.036,32.194740,30.134226,28.989805,28.624037,28.049343,26.164690,24.971920,24.822521,23.486759,24.788345,25.813499,28.896677,32.202423,32.959984,26.995893,85.684647,27.724026,7.400453,2.767855,0.347934,0.204544,0.082717,0.093453,0.071573,0.048656,0.021773,0.016386,0.011079,0.026681,0.028268,0.049493,0.072446,0.027442,0.005747,0.011475,0.050243
67920,67979,67950,875.774,41.301,540.041,104.081,5.898,0.169,0.035,32.388058,30.055811,28.798420,28.246443,27.029871,26.427103,24.965073,24.341288,23.999071,24.381630,26.022692,28.320507,32.641430,32.052589,26.869143,85.587677,27.260237,6.965629,2.604501,0.284315,0.177268,0.082268,0.084211,0.111049,0.027880,0.011016,0.033796,0.049400,0.038840,0.039270,0.038937,0.028128,0.011041,0.027267,0.010920,0.027901
67980,68039,68010,875.739,41.331,561.578,103.515,5.830,0.168,0.033,42.752392,38.006882,34.253929,31.072479,29.277809,26.430599,25.421337,24.502237,24.340206,24.520336,25.069523,27.687527,31.543158,31.752880,26.617414,82.765793,25.980232,6.093385,2.335119,0.332365,0.217592,0.078695,0.072219,0.050615,0.071939,0.033150,0.049860,0.028426,0.022717,0.022498,0.068104,0.033557,0.011110,0.011340,0.016668,0.033549
68040,68099,68070,875.743,41.400,538.032,100.578,5.556,0.165,0.033,36.632927,33.161919,31.017580,29.800255,27.585672,25.869148,24.410950,25.067924,23.705788,24.117537,24.722527,27.781614,30.439877,31.182388,26.252218,80.751183,25.556122,6.495483,2.342902,0.440391,0.197621,0.078937,0.049424,0.039941,0.039163,0.028363,0.039534,0.044220,0.045293,0.022303,0.011151,0.022316,0.028875,0.016818,0.005594,0.028456
68100,68159,68130,875.741,41.440,546.436,102.627,5.723,0.166,0.034,36.665497,33.534473,31.159971,29.941099,28.146824,26.993261,25.119226,23.862228,23.857233,24.050968,24.731375,28.622665,31.022446,31.965572,27.003428,83.044083,26.622108,6.758698,2.360592,0.339386,0.162248,0.044878,0.066807,0.050181,0.033230,0.033353,0.039233,0.022279,0.005747,0.016560,0.043765,0.022286,0.027617,0.016811,0.016501,0.033428
68160,68219,68190,875.753,41.462,559.409,104.053,5.632,0.162,0.034,39.835381,35.945110,32.415226,30.904179,28.026943,26.474144,25.029306,25.116144,24.380928,24.731146,25.885105,28.095423,31.658131,33.306263,26.759060,84.049278,26.577990,6.681350,2.462608,0.318755,0.193059,0.088606,0.082410,0.028464,0.077309,0.043869,0.039187,0.010979,0.038718,0.043835,0.032604,0.021998,0.033669,0.000000,0.016873,0.005192
68220,68279,68250,875.758,41.519,552.262,103.236,5.623,0.162,0.034,36.565269,33.227341,30.920147,29.916071,28.463425,26.414133,25.998726,25.448305,24.395323,24.942663,25.613068,28.149000,31.326097,33.229740,27.101719,83.767723,26.828239,6.576346,2.460126,0.364282,0.185418,0.067206,0.016337,0.056011,0.022448,0.011190,0.011126,0.016692,0.005556,0.039362,0.027512,0.011301,0.011069,0.022100,0.011148,0.039582
68280,68339,68310,875.747,41.581,540.291,103.288,5.933,0.172,0.034,31.902868,30.280188,28.801655,28.727917,27.488472,26.360212,26.265322,24.858047,24.661194,24.156628,25.943432,28.423027,31.704628,32.049618,27.671949,84.208916,26.906521,6.411839,2.391111,0.321352,0.150030,0.088570,0.050199,0.061303,0.066655,0.055632,0.016246,0.027513,0.044563,0.022227,0.038795,0.050198,0.022562,0.010911,0.027922,0.022372
68340,68399,68370,875.740,41.514,563.243,103.667,5.596,0.161,0.033,42.445881,37.120377,33.170700,31.182348,29.063089,26.568687,25.108067,24.178156,24.219355,24.778454,25.167721,28.455994,31.729507,31.754908,28.036926,84.201149,25.987844,6.719244,2.458368,0.300247,0.114814,0.139384,0.066310,0.010616,0.032320,0.039062,0.016297,0.028271,0.010620,0.022301,0.027717,0.015968,0.011338,0.022151,0.005501,0.033640
68400,68459,68430,875.711,41.545,537.848,102.490,5.738,0.167,0.034,32.180584,30.673069,28.367819,27.521442,26.578918,27.050276,24.690998,24.902470,24.419239,24.774063,25.727633,28.813538,32.223770,32.843468,27.030807,83.667633,26.092852,6.815502,2.422316,0.318224,0.195494,0.106538,0.060973,0.055961,0.055736,0.045011,0.011020,0.028230,0.028243,0.016558,0.016970,0.033867,0.022583,0.010963,0.000000,0.044757
68460,68519,68490,875.690,41.552,538.099,103.439,5.920,0.170,0.034,31.475323,30.542257,28.580246,27.654093,27.428770,26.392780,25.062750,24.536491,24.257383,24.467882,26.309601,28.575560,31.610483,33.020969,26.808487,84.177505,26.659063,6.994274,2.578337,0.253594,0.175591,0.067032,0.068133,0.050858,0.039580,0.045085,0.016931,0.022372,0.023062,0.045374,0.028288,0.017063,0.022718,0.016652,0.028498,0.045807
68520,68579,68550,875.689,41.569,541.879,103.168,5.839,0.169,0.034,32.871014,30.950434,29.046116,28.814135,27.844492,26.523623,24.968748,24.808517,24.030739,24.927074,25.041058,29.120197,32.371922,33.501991,27.123522,83.369598,26.628447,6.788744,2.177815,0.266712,0.161953,0.061342,0.050377,0.044168,0.056168,0.017028,0.049313,0.028270,0.033617,0.022094,0.050340,0.016969,0.028387,0.033369,0.028023,0.022456
68580,68639,68610,875.691,41.555,541.877,104.017,5.928,0.170,0.035,31.456398,30.668356,29.092939,28.500832,27.897808,26.064434,25.431820,24.923433,24.042866,24.720505,25.925558,29.425474,32.084320,32.927231,27.069679,84.105484,26.881321,7.046288,2.496487,0.339116,0.151516,0.150427,0.050702,0.051056,0.037348,0.045067,0.072475,0.011280,0.011358,0.027301,0.039508,0.033812,0.033908,0.011303,0.021952,0.028029
68640,68699,68670,875.686,41.558,542.454,103.792,5.890,0.169,0.034,32.699799,30.844009,28.893715,28.581078,27.567566,26.494123,25.335863,24.530836,25.336466,24.026793,25.882425,28.577972,32.769379,32.496162,26.751650,84.234085,26.975636,6.719913,2.654691,0.297119,0.202100,0.112069,0.089565,0.067011,0.045181,0.017124,0.033153,0.011223,0.027748,0.038991,0.022754,0.028253,0.017163,0.005464,0.022277,0.044384
68700,68759,68730,875.681,41.578,543.092,103.482,5.825,0.168,0.034,32.815472,31.183439,28.788946,28.183161,28.261787,27.061100,26.000717,24.424812,24.144136,24.461458,25.973736,29.661974,31.714058,32.490440,26.680822,84.378754,26.708424,6.791518,2.340150,0.301556,0.200748,0.099896,0.050460,0.050023,0.033536,0.038985,0.034232,0.016787,0.005767,0.044800,0.028428,0.005708,0.022364,0.028408,0.021335,0.044478
68760,68819,68790,875.662,41.572,532.287,101.813,5.808,0.170,0.034,31.260778,30.067415,28.485737,28.239796,26.874901,25.621969,25.239944,23.587219,24.052601,24.474566,26.223686,28.500334,31.730640,32.369122,26.470882,82.902122,25.678658,6.925161,2.529069,0.330217,0.194920,0.077865,0.071021,0.066654,0.039147,0.021601,0.033244,0.022173,0.021800,0.017027,0.027582,0.044782,0.010920,0.028136,0.005708,0.039411
68820,68879,68850,875.631,41.579,519.531,98.989,5.479,0.165,0.033,30.075285,29.239847,27.203453,26.796146,25.230104,25.700518,24.825600,24.568119,23.632338,24.295092,25.688002,27.995380,30.883764,31.067587,26.186932,80.847412,25.549311,6.288973,2.466722,0.339809,0.153393,0.087197,0.087965,0.033293,0.054581,0.021320,0.016340,0.010891,0.027389,0.011094,0.048059,0.027068,0.021906,0.022381,0.005394,0.022343
68880,68939,68910,875.621,41.582,534.218,101.305,5.486,0.162,0.033,31.179724,29.829197,27.829157,27.835276,27.580786,25.811554,24.709198,24.985275,24.364616,24.316160,26.247860,28.229616,31.536753,32.664814,26.858337,84.160461,26.083141,6.913998,2.283707,0.228256,0.102061,0.078532,0.060545,0.039028,0.027611,0.050076,0.050839,0.005447,0.027892,0.010858,0.027976,0.027802,0.016750,0.027777,0.005225,0.011243
68940,68999,68970,875.613,41.624,535.884,102.767,5.884,0.170,0.034,31.222473,29.855110,27.996943,28.160610,27.188999,26.131201,24.939663,24.606722,23.455294,24.479296,25.622477,28.544405,32.410416,33.218754,27.293968,84.568336,26.093693,6.711935,2.389557,0.302149,0.137622,0.066457,0.082925,0.066415,0.049726,0.022466,0.016969,0.033152,0.022044,0.022389,0.045166,0.033585,0.021695,0.005308,0.017070,0.049362
69000,69059,69030,875.593,41.593,541.310,103.563,5.695,0.164,0.034,30.980595,30.110558,28.218504,27.897783,27.481813,26.026995,25.924257,25.024330,23.997711,25.087421,26.233633,29.438629,32.414070,32.751278,26.833437,85.581825,27.038994,6.749183,2.541714,0.287975,0.155725,0.106329,0.077019,0.045261,0.044084,0.010927,0.028027,0.038556,0.033780,0.027648,0.033632,0.016857,0.016039,0.016829,0.016569,0.021847
69060,69119,69090,875.601,41.608,550.758,105.403,5.886,0.167,0.035,32.409229,30.671064,28.964678,27.816452,28.218149,27.218874,25.392490,25.159081,25.628841,24.703697,26.884830,28.973606,32.744320,33.718864,27.810949,86.746750,27.261339,6.890969,2.552469,0.305715,0.145435,0.072926,0.090227,0.005688,0.027979,0.022424,0.044643,0.028626,0.039310,0.033395,0.079121,0.033660,0.028408,0.005747,0.016931,0.010667
69120,69179,69150,875.594,41.617,549.375,105.299,5.887,0.167,0.035,31.814487,30.590101,28.852304,28.084110,28.224384,26.576653,25.946226,25.036461,24.568493,25.040186,26.225956,29.463936,32.878338,34.466293,28.131662,85.664764,27.363020,6.923443,2.426586,0.305186,0.206235,0.111545,0.093504,0.033136,0.066837,0.043675,0.021043,0.022029,0.010929,0.027628,0.033156,0.021781,0.045203,0.016668,0.011075,0.027476
69180,69239,69210,875.567,41.647,543.629,104.129,5.909,0.169,0.035,31.910261,31.134987,28.998400,28.502493,27.522102,26.600588,25.661053,25.231560,24.088724,23.890507,26.266644,28.902010,32.203911,33.566494,26.695606,85.369141,26.686085,6.839995,2.516573,0.302805,0.115995,0.077125,0.092666,0.044809,0.071810,0.062094,0.021865,0.032436,0.010985,0.021851,0.076786,0.033055,0.005612,0.038821,0.011009,0.022156
69240,69299,69270,875.564,41.628,549.392,104.214,5.757,0.165,0.034,33.612434,31.537647,29.386967,29.936438,28.224649,26.441469,25.662256,25.349497,24.539398,25.199764,25.832041,28.991243,32.076843,33.917713,26.407879,84.877762,27.046324,6.837336,2.497523,0.334886,0.148560,0.082527,0.071126,0.060683,0.038466,0.028099,0.033447,0.032729,0.027534,0.044245,0.038204,0.016408,0.000000,0.005394,0.011056,0.043454
69300,69359,69330,875.537,41.690,552.899,105.056,5.885,0.167,0.035,33.800400,30.873959,29.844446,29.512657,28.454519,26.875755,26.225861,24.724791,24.528990,24.635178,26.875530,29.353909,33.358082,33.289673,27.628929,85.556175,26.873661,6.886131,2.561168,0.322536,0.149786,0.104620,0.072307,0.078059,0.022584,0.021897,0.033254,0.011402,0.039203,0.016976,0.056246,0.049698,0.027726,0.005612,0.011069,0.016663
69360,69419,69390,875.543,41.708,554.071,105.676,5.970,0.169,0.035,34.128819,32.220577,30.264893,29.174458,28.180586,26.422489,25.905531,25.293249,25.297022,25.763124,26.037586,28.739361,32.522987,33.841599,26.778667,85.632141,27.378878,6.921582,2.474376,0.245279,0.177423,0.104231,0.061183,0.099916,0.027405,0.044372,0.038415,0.038843,0.027640,0.049856,0.083877,0.033440,0.010793,0.022220,0.016258,0.011399
69420,69479,69450,875.533,41.684,554.338,105.797,5.931,0.168,0.035,33.322357,31.314171,29.335964,29.615553,29.268469,28.241692,25.707439,25.494026,24.604427,25.606400,25.255211,29.344301,32.336620,33.039120,27.830328,85.935631,27.272131,7.090461,2.580428,0.348510,0.172508,0.115464,0.094810,0.054928,0.054983,0.038729,0.022224,0.027515,0.027399,0.049209,0.027591,0.026989,0.021617,0.022144,0.016754,0.022064
69480,69539,69510,875.523,41.685,560.013,106.852,6.208,0.173,0.035,33.882298,32.532749,31.043222,29.203869,28.757721,28.041431,26.313763,25.954742,24.556435,25.202272,26.215843,30.167023,32.811207,33.529282,27.935478,86.029602,27.434372,6.652588,2.638503,0.290527,0.211391,0.110961,0.060762,0.044525,0.027599,0.016559,0.043574,0.060845,0.005669,0.032956,0.033189,0.044735,0.049993,0.027178,0.022188,0.027853
69540,69599,69570,875.508,41.676,560.106,105.617,5.949,0.168,0.034,36.791935,33.576431,30.691006,29.761274,27.799301,27.603168,26.094349,25.246641,24.317028,25.869734,25.987459,29.183956,32.987923,33.715618,27.898714,85.884773,26.386732,6.887423,2.339834,0.294852,0.206856,0.078614,0.055745,0.060632,0.061382,0.050267,0.050037,0.027691,0.022725,0.027968,0.033438,0.033901,0.005727,0.017008,0.016624,0.038903
69600,69659,69630,875.500,41.690,555.224,105.701,5.981,0.169,0.035,34.033028,32.001072,30.032619,29.605507,28.520823,26.519230,26.254612,25.524300,25.081337,24.636181,25.970764,29.726406,32.748981,34.085461,27.096268,86.141922,26.975334,6.490406,2.578248,0.411112,0.186956,0.104571,0.082274,0.049908,0.054834,0.027767,0.016603,0.022042,0.027470,0.056324,0.055807,0.028130,0.016574,0.011438,0.010933,0.038391
69660,69719,69690,875.472,41.663,552.478,105.175,5.866,0.166,0.035,33.114670,32.208347,30.125278,29.165712,28.322733,26.818920,25.650675,24.883722,25.105120,24.540270,26.770462,28.959608,32.032345,33.882557,27.518351,86.352928,26.801188,6.533069,2.530476,0.312251,0.206616,0.116611,0.076303,0.066480,0.044611,0.043904,0.072146,0.016769,0.034046,0.033475,0.039089,0.021832,0.027229,0.016486,0.005429,0.028309
69720,69779,69750,875.477,41.677,553.380,106.037,6.146,0.173,0.035,32.431656,32.183990,30.134212,29.082426,27.189764,26.211330,26.233843,25.673168,25.068642,25.352844,26.685173,28.836271,33.260422,33.895515,27.683891,85.867813,27.195059,6.646131,2.636836,0.304735,0.216751,0.072378,0.072628,0.038255,0.067289,0.044394,0.022682,0.011435,0.032909,0.044389,0.027624,0.044557,0.038817,0.017087,0.016996,0.038208
69780,69839,69810,875.447,41.813,550.488,104.841,5.898,0.168,0.035,33.080162,30.638580,29.567879,28.477804,28.658180,27.284086,25.571716,25.113701,24.364544,25.284992,26.321882,29.462431,33.195782,34.143700,26.911467,85.602058,26.385082,6.718616,2.719513,0.315521,0.155886,0.093818,0.044018,0.049088,0.038939,0.016443,0.027525,0.027434,0.016598,0.033730,0.049635,0.022250,0.022508,0.021908,0.011172,0.039022
69840,69899,69870,875.450,41.863,551.453,104.607,5.671,0.162,0.035,32.722393,31.198202,29.711298,28.577240,27.912151,27.122553,25.617720,25.134628,25.110916,25.305792,26.650393,29.387323,32.497364,33.637562,27.694771,85.742165,26.995092,6.748566,2.668367,0.328159,0.206500,0.111666,0.065939,0.054452,0.033182,0.005650,0.016338,0.027831,0.016990,0.022498,0.050860,0.022269,0.016673,0.016914,0.005688,0.016930
