CampaignData_and_Merges/R0/CSL_MobileLab_Parked/raw/20240724/USOS-NOy-LIF_MobileLabGround_20240724_R0.ict
39,1001
Rollins, A.; Waxman, E.; Zuraski, K.; Chace, W.
NOAA Chemical Sciences Laboratory
LIF NO/NOx/NOy on CSL Mobile Lab
AMMBEC / USOS
1, 1
2024,07,24, 2025,01,04
1
Time_Start, seconds, number_of_seconds_since_0000_UTC
7
1, 1, 1, 1, 1, 1, 1
-9999, -9999, -9999, -9999, -9999, -9999, -9999
Time_Stop, seconds, number_of_seconds_since_0000_UTC
NO_LIF, pptv, Gas_NO_InSitu_S_AVMR, volume mixing ratio of nitric oxide in air
NO2_LIF, pptv, Gas_NO2_InSitu_S_AVMR, volume mixing ratio of nitrogen dioxide in air
NOy_LIF, pptv, Gas_NOy_InSitu_S_AVMR, volume mixing ratio of total oxidized nitrogen in air
NO_LIF_1SigmaAccuracy, pptv, Gas_NO_InSitu_S_AVMR, volume mixing ratio of nitric oxide in air
NO2_LIF_1SigmaAccuracy, pptv, Gas_NO2_InSitu_S_AVMR, volume mixing ratio of nitrogen dioxide in air
NOy_LIF_1SigmaAccuracy, pptv, Gas_NOy_InSitu_S_AVMR, volume mixing ratio of total oxidized nitrogen in air
0
18
PI_CONTACT_INFO: andrew.rollins@noaa.gov
PLATFORM: CSL Mobile Lab
LOCATION: Salt Lake City, UT
ASSOCIATED_DATA:
INSTRUMENT_INFO: NO detection by laser induced fluorescence. NO2 detection by photolytic conversion to NO. NOy detection by catalytic conversion to NO on gold surface
DATA_INFO:
UNCERTAINTY: Included 1 Sigma Accuracy waves represent the combined calibration uncertainties (±6%, ±9%, ±10%) and zero uncertainties (3 ppt, 20 ppt, 100 ppt) for NO, NO2, and NOy, respectively.
ULOD_FLAG: -7777
ULOD_VALUE: N/A
LLOD_FLAG: -8888
LLOD_VALUE: N/A
DM_CONTACT_INFO: andrew.rollins@noaa.gov
PROJECT_INFO: USOS Project, July - August 2024
STIPULATIONS_ON_USE: Users are strongly encouraged to contact the PI for proper data usage.
OTHER_COMMENTS:
REVISION: R0
R0: final data
Time_Start, Time_Stop, NO_LIF, NO2_LIF, NOy_LIF, NO_LIF_1SigmaAccuracy, NO2_LIF_1SigmaAccuracy, NOy_LIF_1SigmaAccuracy
[from data line 1059]
   63540,   63600,1367.6,6154.1,11691,85.053, 573.87, 1269.1
   63600,   63660,2701.6,8996,13039,165.09, 829.64, 1403.9
   63660,   63720,2032.3,7987.1,13898,124.94, 738.84, 1489.8
   63720,   63780,1474,7786.9,12710,91.442, 720.82, 1371
   63780,   63840,989.26,5295.5,11716,62.355, 496.59, 1271.6
   63840,   63900,2195.8,7637.5,15737,134.75, 707.38, 1673.7
   63900,   63960,772.7,4499.7,9846.1,49.362, 424.98, 1084.6
   63960,   64020,699.28,4260.9,9150.2,44.957, 403.48, 1015
   64020,   64080,683.8,4198.6,8867,44.028, 397.88, 986.7
   64080,   64140,724.09,4367,9124.7,46.445, 413.03, 1012.5
   64140,   64200,886.93,5178,9549.7,56.216, 486.02, 1055
   64200,   64260,685.47,4657,9744.2,44.128, 439.13, 1074.4
   64260,   64320,695.73,4597.2,9766.6,44.744, 433.75, 1076.7
   64320,   64380,702.43,4472.2,9515,45.146, 422.5, 1051.5
   64380,   64440,675.22,4365.5,9455.7,43.513, 412.9, 1045.6
   64440,   64500,766.45,4460.1,9335.4,48.987, 421.41, 1033.5
   64500,   64560,732.63,4605.5,9704.2,46.958, 434.49, 1070.4
   64560,   64620,672.79,4329.4,8592.8,43.368, 409.65, 959.28
   64620,   64680,649.06,3957.7,8033.4,41.944, 376.19, 903.34
   64680,   64740,590.62,4037.9,7854.9,38.437, 383.41, 885.49
   64740,   64800,4038.1,11882,24525,245.29, 1089.4, 2552.5
   64800,   64860,943.67,4970.9,14071,59.62, 467.38, 1507.1
   64860,   64920,2482.5,7933.9,23087,151.95, 734.05, 2408.7
   64920,   64980,1863.2,7480.6,14530,114.79, 693.25, 1553
   64980,   65040,638.87,3970,8296.1,41.332, 377.3, 929.61
   65040,   65100,572.43,3589.9,7632.5,37.346, 343.09, 863.25
   65100,   65160,567.95,3676.9,7564.4,37.077, 350.92, 856.44
   65160,   65220,518.21,3625,7290.3,34.093, 346.25, 829.03
   65220,   65280,518.22,3599.2,7405.6,34.093, 343.93, 840.56
   65280,   65340,552.43,3546,7244.6,36.146, 339.14, 824.46
   65340,   65400,582.63,3440.3,7391.7,37.958, 329.63, 839.17
   65400,   65460,529.53,3589.2,7342.9,34.772, 343.03, 834.29
   65460,   65520,542.16,3565.5,7409.8,35.53, 340.89, 840.98
   65520,   65580,540.63,3584.6,7357.3,35.438, 342.61, 835.73
   65580,   65640,509.75,3612.3,7373.8,33.585, 345.11, 837.38
   65640,   65700,533.19,3523.8,7366.9,34.991, 337.14, 836.69
   65700,   65760,506.28,3560.4,7469.7,33.377, 340.43, 846.97
   65760,   65820,495.67,3604.2,7384,32.74, 344.38, 838.4
   65820,   65880,514.71,3502.9,7405.6,33.883, 335.26, 840.56
   65880,   65940,528.36,3494.9,7602.9,34.702, 334.54, 860.29
   65940,   66000,708.47,4105.7,7879.1,45.508, 389.51, 887.91
   66000,   66060,614.55,4081.6,8845.7,39.873, 387.34, 984.57
   66060,   66120,519.03,3437.2,7723.9,34.142, 329.35, 872.39
   66120,   66180,500.8,3319.4,7644.5,33.048, 318.74, 864.45
   66180,   66240,501.63,3365.4,7676.1,33.098, 322.89, 867.61
   66240,   66300,466.08,3472.1,7711.3,30.965, 332.49, 871.13
   66300,   66360,458.26,3135.8,7222.8,30.495, 302.22, 822.28
   66360,   66420,543.31,3309.7,7876.8,35.598, 317.87, 887.68
   66420,   66480,650.05,3676.8,8397.4,42.003, 350.91, 939.74
   66480,   66540,1343.2,4690.7,8929.1,83.594, 442.17, 992.91
   66540,   66600,4307.4,10032,17500,261.45, 922.9, 1850
   66600,   66660,2854.9,7225,17604,174.29, 670.25, 1860.4
   66660,   66720,679.52,3579.3,8394.7,43.771, 342.14, 939.47
   66720,   66780,540.11,3366.3,8113.8,35.407, 322.97, 911.38
   66780,   66840,418.97,2716.2,6529.4,28.138, 264.46, 752.94
   66840,   66900,399.84,2696.4,6724.1,26.99, 262.68, 772.41
   66900,   66960,1408.3,6122.6,11197,87.499, 571.04, 1219.7
   66960,   67020,1869.5,7613.8,14892,115.17, 705.24, 1589.2
   67020,   67080,735.93,3733.9,7637.2,47.156, 356.05, 863.72
   67080,   67140,375,2518.2,6464.5,25.5, 246.64, 746.45
   67140,   67200,357.77,2642.2,6373.3,24.466, 257.8, 737.33
   67200,   67260,343.11,2578.2,6704.8,23.587, 252.04, 770.48
   67260,   67320,547.84,3308,7670.2,35.87, 317.72, 867.02
   67320,   67380,465.19,2831,6764.8,30.912, 274.79, 776.48
   67380,   67440,399.35,2569.7,6457.6,26.961, 251.27, 745.76
   67440,   67500,464.2,2956.4,7119.7,30.852, 286.07, 811.97
   67500,   67560,470.95,2993.7,7170.9,31.257, 289.43, 817.09
   67560,   67620,439.01,2817.3,6644.6,29.341, 273.56, 764.46
   67620,   67680,446.57,2889.5,6708.5,29.794, 280.05, 770.85
   67680,   67740,657.97,3689.8,7487.4,42.478, 352.08, 848.74
   67740,   67800,381.57,2461.9,6302.2,25.894, 241.57, 730.22
   67800,   67860,366.58,2402.9,6195.2,24.995, 236.27, 719.52
   67860,   67920,375.29,2500.3,6308,25.517, 245.03, 730.8
   67920,   67980,5224.1,9054.8,10012,316.45, 834.93, 1101.2
   67980,   68040,2601.2,8048.6,14564,159.07, 744.38, 1556.4
   68040,   68100,1089.4,5286.8,9152.6,68.362, 495.81, 1015.3
   68100,   68160,3820.9,9915.8,16958,232.25, 912.42, 1795.8
   68160,   68220,2951,8081.5,14838,180.06, 747.33, 1583.8
   68220,   68280,2010.2,5217.3,12481,123.61, 489.56, 1348.1
   68280,   68340,734.33,3156.6,8842.1,47.06, 304.09, 984.21
   68340,   68400,5146.6,10461,18985,311.8, 961.48, 1998.5
   68400,   68460,406.82,2451,6682.8,27.409, 240.59, 768.28
   68460,   68520,421.11,2588.6,6192.7,28.267, 252.97, 719.27
   68520,   68580,402.54,2830.8,6417.7,27.153, 274.77, 741.77
   68580,   68640,379.17,2630.9,6296.5,25.75, 256.78, 729.65
   68640,   68700,341.03,2559.1,6277.7,23.462, 250.32, 727.77
   68700,   68760,392.29,2897.1,6526,26.537, 280.74, 752.6
   68760,   68820,504.03,2987,7545.9,33.242, 288.83, 854.59
   68820,   68880,351.94,2235.7,5675.9,24.117, 221.21, 667.59
   68880,   68940,375.32,2413.4,6095.4,25.519, 237.21, 709.54
   68940,   69000,-9999,-9999,-9999,-9999, -9999, -9999
   69000,   69060,-9999,-9999,-9999,-9999, -9999, -9999
   69060,   69120,-9999,-9999,-9999,-9999, -9999, -9999
   69120,   69180,-9999,-9999,-9999,-9999, -9999, -9999
   69180,   69240,-9999,-9999,-9999,-9999, -9999, -9999
   69240,   69300,-9999,-9999,-9999,-9999, -9999, -9999
   69300,   69360,-9999,-9999,-9999,-9999, -9999, -9999
   69360,   69420,375,2553.8,6770.9,25.5, 249.84, 777.09
   69420,   69480,393.19,2630.7,6977.6,26.591, 256.77, 797.76
   69480,   69540,1289.4,4998,10297,80.362, 469.82, 1129.7
   69540,   69600,977.7,4585,9029.6,61.662, 432.65, 1003
   69600,   69660,388.26,2630.3,6846.5,26.296, 256.72, 784.65
   69660,   69720,368.95,2598.6,6737.8,25.137, 253.87, 773.78
   69720,   69780,374.14,2700.1,6763,25.448, 263.01, 776.3
   69780,   69840,382.27,2819.3,6867.8,25.936, 273.73, 786.78
   69840,   69900,389.35,2732.2,6758.2,26.361, 265.9, 775.82
   69900,   69960,454.12,2925.8,7049.7,30.247, 283.32, 804.97
   69960,   70020,373.48,2832.2,6871,25.409, 274.9, 787.1
   70020,   70080,756.77,3942.5,8106.4,48.406, 374.83, 910.64
   70080,   70140,512.69,3519.7,7595.3,33.762, 336.77, 859.53
   70140,   70200,327.34,2216.8,5798,22.641, 219.51, 679.8
   70200,   70260,320.81,2346.4,5750.2,22.248, 231.18, 675.02
   70260,   70320,297.03,2316.9,5695.5,20.822, 228.52, 669.55
   70320,   70380,304.34,2316.7,5642.8,21.26, 228.5, 664.28
   70380,   70440,298.09,2332.9,5609.8,20.886, 229.96, 660.98
   70440,   70500,363.42,2442.9,6064.7,24.805, 239.86, 706.47
   70500,   70560,623.14,3432.9,7984.4,40.388, 328.96, 898.44
   70560,   70620,364.75,2482.3,6956.5,24.885, 243.41, 795.65
   70620,   70680,331.04,2249.8,6171.3,22.862, 222.48, 717.13
   70680,   70740,327.72,2236.7,5868.3,22.663, 221.3, 686.83
   70740,   70800,392.4,2622.9,5962.6,26.544, 256.06, 696.26
   70800,   70860,456.92,2946,6443.6,30.415, 285.14, 744.36
   70860,   70920,374.56,2777.4,6416.7,25.474, 269.97, 741.67
   70920,   70980,385.4,2778.1,6095.7,26.124, 270.03, 709.57
   70980,   71040,311.77,2251,5472.1,21.706, 222.59, 647.21
   71040,   71100,304.4,2321.1,5458,21.264, 228.9, 645.8
   71100,   71160,297.48,2215,5352.5,20.849, 219.35, 635.25
   71160,   71220,293.09,2340,5563.4,20.585, 230.6, 656.34
   71220,   71280,301.45,2361.4,5764.8,21.087, 232.52, 676.48
   71280,   71340,295.7,2363.7,5801.7,20.742, 232.73, 680.17
   71340,   71400,281.85,2048.2,5346.4,19.911, 204.34, 634.64
   71400,   71460,231.9,1581.4,4670.7,16.914, 162.33, 567.07
   71460,   71520,194.34,1275.4,3943.9,14.661, 134.78, 494.39
   71520,   71580,221.25,1430.7,3909.5,16.275, 148.76, 490.95
   71580,   71640,218.74,1587.4,4257.8,16.125, 162.86, 525.78
   71640,   71700,240.29,1684.1,4533.8,17.417, 171.57, 553.38
   71700,   71760,214.56,1457.1,3979.1,15.874, 151.14, 497.91
   71760,   71820,147.21,948.53,3189.6,11.833, 105.37, 418.96
   71820,   71880,121.19,758.93,2609.5,10.271, 88.304, 360.95
   71880,   71940,207.66,1364.6,3377.3,15.459, 142.81, 437.73
   71940,   72000,223.81,1495.3,3966.7,16.429, 154.58, 496.67
   72000,   72060,211.46,1349.6,3699.6,15.688, 141.47, 469.96
   72060,   72120,201.76,1497.6,4020.7,15.105, 154.78, 502.07
   72120,   72180,215.05,1453.3,4083.2,15.903, 150.79, 508.32
   72180,   72240,205.93,1455.1,4015.6,15.356, 150.96, 501.56
   72240,   72300,211.54,1395.7,3841.9,15.692, 145.61, 484.19
   72300,   72360,204.93,1468.5,3925,15.296, 152.17, 492.5
   72360,   72420,172.38,1225.1,3527.3,13.343, 130.26, 452.73
   72420,   72480,155.5,1095.4,3261.7,12.33, 118.59, 426.17
   72480,   72540,159.44,1059.1,3181.4,12.566, 115.32, 418.14
   72540,   72600,173.52,1243.5,3320.7,13.411, 131.91, 432.07
   72600,   72660,160.97,1234.2,3458.9,12.658, 131.08, 445.89
   72660,   72720,188.4,1391.9,3760.2,14.304, 145.27, 476.02
   72720,   72780,211.43,1553.7,4197.8,15.686, 159.83, 519.78
   72780,   72840,222.95,1582.3,4713,16.377, 162.41, 571.3
   72840,   72900,240.37,1795.4,4661.8,17.422, 181.58, 566.18
   72900,   72960,257.14,1830,4861.9,18.428, 184.7, 586.19
   72960,   73020,282.32,1994.1,5114,19.939, 199.46, 611.4
   73020,   73080,231.98,1770.2,4739.7,16.919, 179.32, 573.97
   73080,   73140,206.05,1514.9,4406.6,15.363, 156.34, 540.66
   73140,   73200,173.33,1237.1,3758.4,13.4, 131.34, 475.84
   73200,   73260,160.7,1168.7,3548.8,12.642, 125.19, 454.88
   73260,   73320,186.76,1382,3943,14.206, 144.38, 494.3
   73320,   73380,312.16,1853.8,5379.5,21.73, 186.84, 637.95
   73380,   73440,154.19,1117.2,3719.4,12.252, 120.55, 471.94
   73440,   73500,161.67,1137.1,3729.5,12.7, 122.34, 472.95
   73500,   73560,1366.6,3772.9,4673.9,84.998, 359.56, 567.39
   73560,   73620,930.86,3533.5,9560.7,58.852, 338.01, 1056.1
   73620,   73680,293.49,1785.1,4915.4,20.61, 180.66, 591.54
   73680,   73740,268.22,1914.1,5023.1,19.093, 192.27, 602.31
   73740,   73800,192.65,1484.2,4096.4,14.559, 153.58, 509.64
   73800,   73860,172.12,1236,3836.1,13.327, 131.24, 483.61
   73860,   73920,154.67,1137.9,3764.5,12.28, 122.41, 476.45
   73920,   73980,149.2,1093.5,3675.6,11.952, 118.42, 467.56
   73980,   74040,166.78,1170.4,3851.2,13.007, 125.34, 485.12
   74040,   74100,157.81,1163.4,3744.4,12.468, 124.71, 474.44
   74100,   74160,223.65,1622.1,4099.5,16.419, 165.99, 509.95
   74160,   74220,179.65,1450.4,4243.5,13.779, 150.53, 524.35
   74220,   74280,160.33,1355.2,4100.5,12.62, 141.97, 510.05
   74280,   74340,145.44,1287.4,4082.9,11.727, 135.86, 508.29
   74340,   74400,169.79,1437.5,4244,13.187, 149.38, 524.4
   74400,   74460,194.61,1511.6,4270.8,14.677, 156.05, 527.08
   74460,   74520,246.18,1854.7,4863.5,17.771, 186.92, 586.35
   74520,   74580,165.57,1324.4,4071.3,12.934, 139.19, 507.13
   74580,   74640,231.54,1862.8,4516.2,16.892, 187.66, 551.62
   74640,   74700,231.9,1964.7,4788.8,16.914, 196.83, 578.88
   74700,   74760,191.97,1646.6,4439.6,14.518, 168.19, 543.96
   74760,   74820,175.2,1491.8,4262.8,13.512, 154.26, 526.28
   74820,   74880,186.1,1626,4380.6,14.166, 166.34, 538.06
   74880,   74940,178.25,1495.6,4357.5,13.695, 154.6, 535.75
   74940,   75000,170.53,1403.8,4201.9,13.232, 146.35, 520.19
   75000,   75060,287.52,1785,5065.5,20.251, 180.65, 606.55
   75060,   75120,556.05,3205.1,9289.5,36.363, 308.46, 1028.9
   75120,   75180,208.28,1612.4,4551.8,15.497, 165.12, 555.18
   75180,   75240,2577.8,6215.7,15738,157.67, 579.41, 1673.8
   75240,   75300,926.24,4599.8,8081.4,58.574, 433.99, 908.14
   75300,   75360,364.72,2235.3,4581.8,24.883, 221.18, 558.18
   75360,   75420,1201.3,5164.6,7366.5,75.079, 484.82, 836.65
   75420,   75480,177.44,1385,4716.9,13.646, 144.65, 571.69
   75480,   75540,151.94,1296.2,4207.4,12.116, 136.66, 520.74
   75540,   75600,153.9,1260.9,4041.8,12.234, 133.48, 504.18
   75600,   75660,159.17,1345.9,4067.1,12.55, 141.13, 506.71
   75660,   75720,220.92,1555,4305.5,16.255, 159.95, 530.55
   75720,   75780,185.75,1434.5,4261.1,14.145, 149.11, 526.11
   75780,   75840,186.9,1539,4429.1,14.214, 158.51, 542.91
   75840,   75900,189.31,1451.4,4360.3,14.359, 150.63, 536.03
   75900,   75960,231.34,1670.3,4821.9,16.881, 170.33, 582.19
   75960,   76020,201.02,1646.7,4586.2,15.061, 168.2, 558.62
   76020,   76080,352.94,2289,5138.6,24.176, 226.01, 613.86
   76080,   76140,232.7,2018.2,5316.8,16.962, 201.64, 631.68
   76140,   76200,194.9,1704.1,4868.1,14.694, 173.37, 586.81
   76200,   76260,181.86,1586.2,4520.7,13.912, 162.75, 552.07
   76260,   76320,172.04,1557.8,4399.4,13.323, 160.2, 539.94
   76320,   76380,173.65,1430.4,4331.8,13.419, 148.74, 533.18
   76380,   76440,156.85,1372.5,4246.4,12.411, 143.53, 524.64
   76440,   76500,149.85,1303.4,4189.5,11.991, 137.31, 518.95
   76500,   76560,164.73,1394.3,4247,12.884, 145.49, 524.7
   76560,   76620,164.46,1433.3,4284.2,12.867, 149, 528.42
   76620,   76680,167.34,1459.4,4293.1,13.041, 151.34, 529.31
   76680,   76740,379.09,2467.4,5773,25.746, 242.06, 677.3
   76740,   76800,531.88,3583.5,6760.9,34.913, 342.52, 776.09
   76800,   76860,190.99,1559.6,4831.4,14.46, 160.37, 583.14
   76860,   76920,216.01,1743.5,4729.1,15.961, 176.92, 572.91
   76920,   76980,-9999,-9999,-9999,-9999, -9999, -9999
   76980,   77040,-9999,-9999,-9999,-9999, -9999, -9999
   77040,   77100,-9999,-9999,-9999,-9999, -9999, -9999
   77100,   77160,-9999,-9999,-9999,-9999, -9999, -9999
   77160,   77220,-9999,-9999,-9999,-9999, -9999, -9999
   77220,   77280,-9999,-9999,-9999,-9999, -9999, -9999
   77280,   77340,-9999,-9999,-9999,-9999, -9999, -9999
   77340,   77400,218.89,1593.4,4553.8,16.134, 163.41, 555.38
   77400,   77460,235.81,1817.3,4920.3,17.149, 183.56, 592.03
   77460,   77520,342.52,2218.1,4951.3,23.551, 219.63, 595.13
   77520,   77580,178.76,1541,4455.5,13.726, 158.69, 545.55
   77580,   77640,166.69,1386.8,4209,13.002, 144.82, 520.9
   77640,   77700,133.9,1184.3,3986.2,11.034, 126.59, 498.62
   77700,   77760,134.1,1176,3939.3,11.046, 125.84, 493.93
   77760,   77820,138.89,1233.1,3919.8,11.333, 130.98, 491.98
   77820,   77880,138.25,1243.9,3996.8,11.295, 131.95, 499.68
   77880,   77940,147.85,1263.8,4050.8,11.871, 133.74, 505.08
   77940,   78000,159.49,1260.3,3930.9,12.569, 133.43, 493.09
   78000,   78060,178.52,1509.1,4441.4,13.711, 155.82, 544.14
   78060,   78120,181.58,1610.4,4320.2,13.895, 164.93, 532.02
   78120,   78180,214.97,1707.9,4600.4,15.898, 173.71, 560.04
   78180,   78240,222.01,1812.3,4635.4,16.32, 183.11, 563.54
   78240,   78300,235.87,1835.2,4736.5,17.152, 185.17, 573.65
   78300,   78360,437.18,2510.5,5750.8,29.231, 245.94, 675.08
   78360,   78420,2252,6439.3,13022,138.12, 599.54, 1402.2
   78420,   78480,1483.5,5349.2,12312,92.013, 501.42, 1331.2
   78480,   78540,282.57,2056.5,5492,19.954, 205.08, 649.2
   78540,   78600,581.74,2977.6,10012,37.904, 287.99, 1101.2
   78600,   78660,927.51,4472.2,7832.8,58.651, 422.5, 883.28
   78660,   78720,680.17,2828.1,6851.5,43.81, 274.53, 785.15
   78720,   78780,400.1,2359.9,6387.9,27.006, 232.39, 738.79
   78780,   78840,777.68,2552.4,5726.8,49.661, 249.71, 672.68
   78840,   78900,1267.4,4507.3,13633,79.044, 425.65, 1463.3
   78900,   78960,290.46,1901.7,4948.2,20.428, 191.15, 594.82
   78960,   79020,2152.3,5583.3,11241,132.14, 522.5, 1224.1
   79020,   79080,331.6,2103.3,4886.3,22.896, 209.29, 588.63
   79080,   79140,192.81,1438.6,4327.2,14.569, 149.48, 532.72
   79140,   79200,164.43,1272,4149.2,12.866, 134.48, 514.92
   79200,   79260,169.91,1320.2,4119.4,13.194, 138.82, 511.94
   79260,   79320,179.35,1379.4,4210.1,13.761, 144.15, 521.01
