CampaignData_and_Merges/R0/CSL_MobileLab_Parked/raw/20240724/USOS-NOAAIodideCIMS-HCOOH_MobileLabGround_20240724_RA.ict
33, 1001
Michael A Robinson, Chris Jernigan, Subi Thakali
NOAA ESRL Chemical Sciences Laboratory and CIRES, U. of Colorado
NOAA Iodide CIMS Instrument
USOS
1, 1
2024, 07, 24, 2024, 07, 26
1
starttime_UTC, seconds_past_midnight, seconds_of_day_since_00:00:00_UTC
1
1
-9999
HCOOH_NOAACIMS, pptv, Gas_HCOOH_InSitu_S_AVMR, 
0
18
PI_CONTACT_INFO: 325 Broadway, R/CSD 7, Boulder, Colorado 80305; michael.a.robinson@noaa.gov; chris.jernigan@noaa.gov;
PLATFORM: NOAA CSL Mobile Lab
LOCATION: SLC, Utah
ASSOCIATED_DATA: 1Hz data also available on request.
INSTRUMENT_INFO: NOAA I- ToF CIMS
DATA_INFO: All data in parts per trillion by volume (pptv). 1 Hz data is available upon request.
UNCERTAINTY: TBD
ULOD_FLAG: -7777
ULOD_VALUE: N/A
LLOD_FLAG: -8888
LLOD_VALUE: N/A
DM_CONTACT_INFO: Nathan Howard; nathan.h.howard@noaa.gov
PROJECT_INFO: USOS, summer 2024. https://csl.noaa.gov/groups/csl7/measurements/2024usos/
STIPULATIONS_ON_USE: Users are strongly encouraged to contact the PI for proper data usage.
OTHER_COMMENTS: 
REVISION: RA
RA: Preliminary Data; For in-field use only
starttime_UTC, HCOOH_NOAACIMS
     0, 270.471
    60, 302.625
   120, 280.170
   180, 300.770
   240, 306.334
   300, 279.620
   360, 292.058
   420, 294.727
   480, 298.712
   540, -9999.000
   600, 272.021
   660, 307.884
   720, 310.596
   780, 321.359
   840, 327.754
   900, 296.439
   960, 318.987
  1020, 338.102
  1080, 319.368
  1140, 322.506
  1200, 338.604
  1260, 329.990
  1320, 332.710
  1380, 307.382
  1440, 338.340
  1500, 354.441
  1560, 325.514
  1620, 341.987
  1680, 336.638
  1740, 347.240
  1800, 324.051
  1860, 346.176
  1920, 338.502
  1980, 371.272
  2040, 411.032
  2100, 385.587
  2160, 414.442
  2220, 425.034
  2280, 430.880
  2340, 443.442
  2400, -9999.000
  2460, 461.832
  2520, 494.124
  2580, 515.370
  2640, 481.233
  2700, 531.349
  2760, 522.286
  2820, 516.933
  2880, 517.301
  2940, 529.051
  3000, 566.293
  3060, 615.066
  3120, 583.121
  3180, 580.961
  3240, 570.257
  3300, 550.238
  3360, 560.671
  3420, 601.969
  3480, 626.830
  3540, 646.176
  3600, 564.938
  3660, 387.885
  3720, 318.315
  3780, 302.848
  3840, 296.826
  3900, 298.598
  3960, 323.281
  4020, 310.822
  4080, 343.398
  4140, 344.737
  4200, 336.734
  4260, 329.532
  4320, 333.181
  4380, 336.672
  4440, 354.041
  4500, 384.740
  4560, 376.489
  4620, 377.843
  4680, 380.197
  4740, 431.862
  4800, 423.060
  4860, 439.417
  4920, 453.874
  4980, 448.801
  5040, 481.201
  5100, 544.448
  5160, 571.664
  5220, 562.407
  5280, 595.651
  5340, 608.251
  5400, 645.843
  5460, 669.894
  5520, 674.202
  5580, 666.002
  5640, 692.010
  5700, 748.943
  5760, 702.460
  5820, 768.763
  5880, 773.937
  5940, 779.458
  6000, 806.101
  6060, 878.910
  6120, 875.821
  6180, 928.720
  6240, 890.582
  6300, 931.166
  6360, 919.383
  6420, 931.219
  6480, 940.216
  6540, 998.177
  6600, 1032.429
  6660, 1128.198
  6720, 1086.940
  6780, 1148.872
  6840, 1104.283
  6900, 1109.103
  6960, 1154.295
  7020, 1149.005
  7080, 1163.539
  7140, 1164.938
  7200, 1173.584
  7260, 1194.836
  7320, 1235.565
  7380, 1245.098
  7440, 1215.490
  7500, 1255.018
  7560, 1301.817
  7620, 1334.171
  7680, 1332.916
  7740, 1324.745
  7800, 1345.604
  7860, 1370.038
  7920, 1399.754
  7980, 1505.508
  8040, 1536.553
  8100, 1606.954
  8160, 1637.168
  8220, 1698.315
  8280, 1748.984
  8340, 1747.126
  8400, 1791.523
  8460, 1866.563
  8520, 1901.994
  8580, 1855.940
  8640, 1898.949
  8700, 1937.923
  8760, 2064.858
  8820, 2051.893
  8880, 1976.498
  8940, 1979.708
  9000, 1994.905
  9060, 2015.167
  9120, 1959.144
  9180, 2044.277
  9240, 2111.051
  9300, 2042.735
  9360, 2076.993
  9420, 2114.341
  9480, 2150.849
  9540, 2096.652
  9600, 2155.379
  9660, 2080.456
  9720, 2087.395
  9780, -9999.000
  9840, 1985.988
  9900, 2029.172
  9960, 2255.074
 10020, 2130.935
 10080, 2185.362
 10140, 2168.376
 10200, 2208.250
 10260, 2290.856
 10320, 2283.679
 10380, 2301.821
 10440, 2301.739
 10500, 2324.141
 10560, 2370.922
 10620, 2396.760
 10680, 2383.771
 10740, 2397.063
 10800, 2445.353
 10860, 2513.817
 10920, 2441.912
 10980, 2496.069
 11040, 2542.443
 11100, 2557.627
 11160, 2591.237
 11220, 2616.252
 11280, 2595.942
 11340, 2579.151
 11400, 2640.545
 11460, 2638.207
 11520, 2590.725
 11580, 2545.454
 11640, 2472.586
 11700, 2523.690
 11760, 2541.908
 11820, 2568.078
 11880, 2527.752
 11940, 2574.112
 12000, 2583.338
 12060, 2624.475
 12120, 2597.179
 12180, 2595.161
 12240, 2558.316
 12300, 2561.354
 12360, 2660.319
 12420, 2618.935
 12480, 2562.926
 12540, 2585.965
 12600, 2590.854
 12660, 2579.311
 12720, 2583.004
 12780, 2630.249
 12840, 2641.102
 12900, 2597.786
 12960, 2601.596
 13020, 2596.187
 13080, 2578.437
 13140, 2602.512
 13200, 2496.570
 13260, 2514.889
 13320, 2611.922
 13380, 2508.471
 13440, 2609.265
 13500, -9999.000
 13560, 2471.617
 13620, 2528.986
 13680, 2669.815
 13740, 2594.428
 13800, 2614.151
 13860, 2546.769
 13920, 2551.557
 13980, 2492.676
 14040, 2574.733
 14100, 2506.918
 14160, 2453.298
 14220, 2457.108
 14280, 2408.716
 14340, 2395.542
 14400, 2480.200
 14460, 2560.667
 14520, 2440.498
 14580, 2485.915
 14640, 2426.672
 14700, 2395.499
 14760, 2333.435
 14820, 2352.847
 14880, 2344.771
 14940, 2342.291
 15000, 2360.495
 15060, 2371.801
 15120, 2351.808
 15180, 2325.413
 15240, 2394.395
 15300, 2408.267
 15360, 2370.458
 15420, 2424.453
 15480, 2350.311
 15540, 2343.989
 15600, 2398.402
 15660, 2386.389
 15720, 2468.121
 15780, 2431.896
 15840, 2400.110
 15900, 2390.986
 15960, 2368.632
 16020, 2319.392
 16080, 2308.460
 16140, 2309.281
 16200, 2329.364
 16260, 2355.367
 16320, 2339.987
 16380, 2344.817
 16440, 2365.683
 16500, 2315.884
 16560, 2387.064
 16620, 2352.589
 16680, 2401.269
 16740, 2347.521
 16800, 2365.001
 16860, 2322.475
 16920, 2298.599
 16980, 2308.685
 17040, 2337.303
 17100, 2617.427
 17160, -9999.000
 17220, 2540.417
 17280, 2605.585
 17340, 2539.279
 17400, 2787.554
 17460, 2593.562
 17520, 2589.816
 17580, 2659.977
 17640, 2766.344
 17700, 2684.335
 17760, 2498.984
 17820, 2509.988
 17880, 2436.648
 17940, 2448.378
 18000, 2436.586
 18060, 2524.821
 18120, 2454.561
 18180, 2465.461
 18240, 2459.084
 18300, 2455.934
 18360, 2611.410
 18420, 2532.777
 18480, 2611.523
 18540, 2443.680
 18600, 2481.593
 18660, 2714.328
 18720, 2511.677
 18780, 2597.622
 18840, 2612.746
 18900, 2532.453
 18960, 2496.227
 19020, -9999.000
 19080, 2357.967
 19140, 2368.011
 19200, 2397.783
 19260, 2368.762
 19320, 2306.864
 19380, 2340.216
 19440, 2360.068
 19500, 2385.044
 19560, 2325.735
 19620, 2285.081
 19680, 2288.722
 19740, 2279.595
 19800, 2277.345
 19860, 2319.086
 19920, 2297.950
 19980, 2316.348
 20040, 2278.855
 20100, 2315.292
 20160, 2296.479
 20220, 2363.185
 20280, 2340.306
 20340, 2334.255
 20400, 2259.206
 20460, 2290.522
 20520, 2256.047
 20580, 2284.170
 20640, 2267.987
 20700, 2270.154
 20760, 2274.786
 20820, 2255.493
 20880, -9999.000
 20940, 2244.864
 21000, 2203.545
 21060, 2252.014
 21120, 2264.863
 21180, 2319.191
 21240, 2329.130
 21300, 2336.435
 21360, 2321.110
 21420, 2313.733
 21480, 2308.135
 21540, 2312.843
 21600, 2261.593
 21660, 2279.249
 21720, 2278.945
 21780, 2264.198
 21840, 2268.877
 21900, 2283.090
 21960, 2308.396
 22020, 2293.945
 22080, 2257.098
 22140, 2218.331
 22200, 2234.214
 22260, 2244.371
 22320, 2265.234
 22380, 2287.929
 22440, 2357.767
 22500, 2323.881
 22560, 2271.666
 22620, 2221.931
 22680, 2179.237
 22740, 2213.453
 22800, 2312.182
 22860, 2272.925
 22920, 2314.637
 22980, 2316.648
 23040, 2280.317
 23100, 2260.680
 23160, 2284.518
 23220, 2256.125
 23280, 2254.177
 23340, 2241.937
 23400, 2212.530
 23460, 2254.390
 23520, 2289.778
 23580, 2264.873
 23640, 2290.711
 23700, 2255.595
 23760, 2274.809
 23820, 2238.908
 23880, 2243.325
 23940, 2253.706
 24000, 2355.044
 24060, 2410.421
 24120, 2454.212
 24180, 2514.561
 24240, 2506.217
 24300, 2503.418
 24360, 2505.439
 24420, 2446.009
 24480, 2576.305
 24540, -9999.000
 24600, 2396.931
 24660, 2444.181
 24720, 2490.351
 24780, 2521.824
 24840, 2570.286
 24900, 2574.886
 24960, 2603.706
 25020, 2584.833
 25080, 2542.739
 25140, 2488.804
 25200, 2515.388
 25260, 2439.430
 25320, 2365.171
 25380, 2337.299
 25440, 2321.707
 25500, 2386.981
 25560, 2347.629
 25620, 2328.281
 25680, 2296.376
 25740, 2278.577
 25800, 2262.051
 25860, 2245.334
 25920, 2228.154
 25980, 2225.492
 26040, 2209.984
 26100, 2233.495
 26160, 2259.899
 26220, 2289.923
 26280, 2284.333
 26340, 2299.048
 26400, -9999.000
 26460, 2409.741
 26520, 2489.510
 26580, 2473.776
 26640, 2405.115
 26700, 2351.164
 26760, 2298.010
 26820, 2279.123
 26880, 2374.224
 26940, 2363.219
 27000, 2275.820
 27060, 2254.903
 27120, 2171.718
 27180, 2165.122
 27240, 2142.113
 27300, 2179.507
 27360, 2212.448
 27420, 2184.135
 27480, 2143.558
 27540, 2182.053
 27600, 2231.123
 27660, 2200.133
 27720, 2214.564
 27780, 2172.348
 27840, 2168.772
 27900, 2134.261
 27960, 2189.419
 28020, 2198.815
 28080, 2190.315
 28140, 2200.149
 28200, 2177.989
 28260, -9999.000
 28320, 2110.585
 28380, 2087.317
 28440, 2096.400
 28500, 2179.385
 28560, 2164.763
 28620, 2138.185
 28680, 2176.963
 28740, 2231.619
 28800, 2257.188
 28860, 2220.689
 28920, 2149.290
 28980, 2142.964
 29040, 2177.966
 29100, 2207.986
 29160, 2185.069
 29220, 2211.535
 29280, 2226.939
 29340, 2274.473
 29400, 2231.576
 29460, 2234.164
 29520, 2229.604
 29580, 2241.273
 29640, 2211.678
 29700, 2207.538
 29760, 2244.383
 29820, 2282.919
 29880, 2286.978
 29940, 2325.140
 30000, 2284.547
 30060, 2259.770
 30120, 2227.405
 30180, 2295.327
 30240, 2371.304
 30300, 2317.151
 30360, 2386.786
 30420, 2384.654
 30480, 2340.524
 30540, 2320.227
 30600, 2316.490
 30660, 2294.061
 30720, 2321.834
 30780, 2311.342
 30840, 2288.968
 30900, 2301.960
 30960, 2307.426
 31020, 2302.362
 31080, 2292.501
 31140, 2288.464
 31200, 2303.042
 31260, 2320.444
 31320, 2325.412
 31380, 2313.038
 31440, 2318.487
 31500, 2392.999
 31560, 2366.529
 31620, 2366.872
 31680, 2354.462
 31740, 2342.731
 31800, 2362.660
 31860, 2391.780
 31920, 2390.905
 31980, 2393.031
 32040, 2412.717
 32100, 2375.925
 32160, 2358.991
 32220, 2360.171
 32280, 2381.312
 32340, 2371.034
 32400, 2401.431
 32460, 2390.793
 32520, 2407.761
 32580, 2458.419
 32640, 2415.650
 32700, 2380.743
 32760, 2406.942
 32820, 2413.474
 32880, 2436.943
 32940, 2446.413
 33000, 2430.616
 33060, 2418.780
 33120, 2398.673
 33180, 2381.961
 33240, 2394.541
 33300, 2399.641
 33360, 2409.371
 33420, 2449.094
 33480, 2444.298
 33540, 2409.829
 33600, 2432.086
 33660, 2390.584
 33720, 2408.006
 33780, 2399.035
 33840, 2393.796
 33900, 2437.317
 33960, 2423.967
 34020, 2435.546
 34080, 2487.621
 34140, 2419.644
 34200, 2461.249
 34260, 2516.012
 34320, 2533.249
 34380, 2566.748
 34440, 2608.967
 34500, 2562.157
 34560, 2579.786
 34620, 2525.582
 34680, 2535.019
 34740, 2521.394
 34800, 2621.205
 34860, 2636.185
 34920, 2664.908
 34980, 2731.619
 35040, 2702.554
 35100, 2662.771
 35160, 2629.940
 35220, 2727.046
 35280, 2762.077
 35340, 2778.095
 35400, 2849.730
 35460, 2866.957
 35520, 2694.406
 35580, 2767.417
 35640, -9999.000
 35700, 2778.910
 35760, 2873.259
 35820, 3018.361
 35880, 3089.991
 35940, 3130.526
 36000, 3060.534
 36060, 3077.879
 36120, 3152.324
 36180, 3152.295
 36240, 3136.221
 36300, 3060.759
 36360, 3066.838
 36420, 3047.037
 36480, 3053.086
 36540, 3035.625
 36600, 2994.555
 36660, 2949.144
 36720, 2887.616
 36780, 2907.863
 36840, 2949.974
 36900, 2991.738
 36960, 3019.144
 37020, 2962.984
 37080, 2919.594
 37140, 2961.770
 37200, 3034.713
 37260, 3093.689
 37320, 3143.682
 37380, 3056.673
 37440, 2992.340
 37500, -9999.000
 37560, 2918.631
 37620, 2891.933
 37680, 2905.466
 37740, 2891.592
 37800, 2816.760
 37860, 2827.142
 37920, 2851.067
 37980, 2802.104
 38040, 2859.825
 38100, 2721.885
 38160, 2604.738
 38220, 2599.109
 38280, 2670.915
 38340, 2652.551
 38400, 2636.366
 38460, 2575.754
 38520, 2544.890
 38580, 2541.995
 38640, 2584.172
 38700, 2583.588
 38760, 2586.020
 38820, 2454.852
 38880, 2520.949
 38940, 2471.911
 39000, 2442.579
 39060, 2411.934
 39120, 2389.209
 39180, 2397.963
 39240, 2421.306
 39300, 2422.031
 39360, -9999.000
 39420, 2363.671
 39480, 2392.020
 39540, 2430.568
 39600, 2393.803
 39660, 2388.039
 39720, 2370.303
 39780, 2405.555
 39840, 2416.901
 39900, 2432.365
 39960, 2442.636
 40020, 2372.869
 40080, 2342.926
 40140, 2393.405
 40200, 2393.758
 40260, 2370.544
 40320, 2371.507
 40380, 2346.080
 40440, 2370.176
 40500, 2444.346
 40560, 2434.734
 40620, 2453.138
 40680, 2461.893
 40740, 2378.457
 40800, 2396.729
 40860, 2390.910
 40920, 2401.567
 40980, 2402.199
 41040, 2413.212
 41100, 2427.849
 41160, 2399.670
 41220, 2402.244
 41280, 2399.474
 41340, 2398.205
 41400, 2393.945
 41460, 2484.569
 41520, 2401.507
 41580, 2401.573
 41640, 2382.531
 41700, 2376.570
 41760, 2448.668
 41820, 2377.459
 41880, 2405.147
 41940, 2372.089
 42000, 2388.502
 42060, 2401.836
 42120, 2426.924
 42180, 2432.642
 42240, 2330.696
 42300, 2324.638
 42360, 2297.651
 42420, 2313.720
 42480, 2526.180
 42540, 2708.263
 42600, 2633.671
 42660, 2577.794
 42720, 2792.965
 42780, 2904.155
 42840, 3060.811
 42900, 3464.217
 42960, 3237.907
 43020, -9999.000
 43080, 3069.831
 43140, 3087.101
 43200, 3093.843
 43260, 3135.174
 43320, 2946.657
 43380, 2966.865
 43440, 3018.784
 43500, 2952.546
 43560, 2840.270
 43620, 2976.248
 43680, 2974.784
 43740, 2853.918
 43800, 2773.459
 43860, 2733.090
 43920, 2834.951
 43980, 2988.758
 44040, 2878.191
 44100, 2956.144
 44160, 3096.261
 44220, 3059.835
 44280, 3072.057
 44340, 3055.833
 44400, 2947.005
 44460, 3147.797
 44520, 3011.624
 44580, 2709.718
 44640, 3034.879
 44700, 3042.801
 44760, 2998.577
 44820, 2744.378
 44880, -9999.000
 44940, 3091.556
 45000, 3104.489
 45060, 3124.968
 45120, 3095.755
 45180, 3135.856
 45240, 3169.451
 45300, 3229.631
 45360, 3160.111
 45420, 3148.476
 45480, 2979.000
 45540, 2901.053
 45600, 2740.012
 45660, 2662.303
 45720, 2549.858
 45780, 2598.062
 45840, 2649.216
 45900, 2538.793
 45960, 2571.064
 46020, 2454.682
 46080, 2403.008
 46140, 2482.453
 46200, 2548.174
 46260, 2510.022
 46320, 2459.510
 46380, 2403.495
 46440, 2498.879
 46500, 2488.702
 46560, 2436.397
 46620, 2414.874
 46680, 2454.471
 46740, -9999.000
 46800, 2867.808
 46860, 3265.944
 46920, 3076.470
 46980, 2870.380
 47040, 2706.614
 47100, 2633.768
 47160, 2541.260
 47220, 2433.751
 47280, 2391.827
 47340, 2340.855
 47400, 2371.145
 47460, 2447.305
 47520, 2471.675
 47580, 2575.966
 47640, 2381.010
 47700, 2420.594
 47760, 2410.189
 47820, 2270.042
 47880, 2331.609
 47940, 2261.955
 48000, 2314.617
 48060, 2272.755
 48120, 2382.194
 48180, 2396.762
 48240, 2391.156
 48300, 2364.567
 48360, 2347.126
 48420, 2192.076
 48480, 2335.312
 48540, 2379.177
 48600, 2338.054
 48660, 2409.723
 48720, 2403.586
 48780, 2429.039
 48840, 2329.552
 48900, 2279.054
 48960, 2224.976
 49020, 2236.238
 49080, 2321.117
 49140, 2186.654
 49200, 2322.578
 49260, 2339.947
 49320, 2382.497
 49380, 2384.193
 49440, 2325.501
 49500, 2309.816
 49560, 2295.113
 49620, 2294.069
 49680, 2373.070
 49740, 2438.257
 49800, 2372.193
 49860, 2478.270
 49920, 2445.294
 49980, 2447.976
 50040, 2342.274
 50100, 2354.915
 50160, 2368.513
 50220, 2389.520
 50280, 2203.042
 50340, 2152.467
 50400, 2108.742
 50460, 2177.744
 50520, 2273.746
 50580, 2284.177
 50640, 2244.457
 50700, 2197.816
 50760, 2183.098
 50820, 2236.803
 50880, 2180.674
 50940, 2277.167
 51000, 2298.464
 51060, 2309.779
 51120, 2403.488
 51180, 2439.813
 51240, 2442.161
 51300, 2611.112
 51360, 2622.643
 51420, 2594.677
 51480, 2711.303
 51540, 2607.293
 51600, 2698.019
 51660, 2829.533
 51720, 2828.031
 51780, 2586.389
 51840, 2620.800
 51900, 2631.555
 51960, 2616.597
 52020, -9999.000
 52080, -9999.000
 52140, -9999.000
 52200, -9999.000
 52260, -9999.000
 52320, -9999.000
 52380, -9999.000
 52440, -9999.000
 52500, 3506.094
 52560, 3238.440
 52620, 3065.101
 52680, 2947.911
 52740, 2851.649
 52800, 2914.799
 52860, 3005.824
 52920, 2955.183
 52980, 2912.003
 53040, 2780.713
 53100, 2733.610
 53160, 2757.499
 53220, 2726.940
 53280, 2658.647
 53340, 2800.149
 53400, 2850.175
 53460, 2830.906
 53520, 2846.577
 53580, 2876.075
 53640, 2812.860
 53700, 2699.289
 53760, 2606.194
 53820, 2499.063
 53880, 2633.092
 53940, 2612.088
 54000, 2618.614
 54060, 2649.204
 54120, 2603.782
 54180, -9999.000
 54240, 2605.884
 54300, 2577.782
 54360, 2638.197
 54420, 2667.055
 54480, 2705.395
 54540, 2754.122
 54600, 2589.061
 54660, 2530.202
 54720, 2573.391
 54780, 2653.817
 54840, 2577.493
 54900, 2621.663
 54960, 2680.958
 55020, 2672.087
 55080, 2644.063
 55140, 2596.697
 55200, 2678.262
 55260, 2662.595
 55320, 2627.569
 55380, 2508.940
 55440, 2509.785
 55500, 2507.602
 55560, 2423.410
 55620, 2464.139
 55680, 2446.266
 55740, 2484.716
 55800, 2529.442
 55860, 2453.079
 55920, 2430.595
 55980, 2520.661
 56040, 2413.687
 56100, 2429.213
 56160, 2426.772
 56220, 2352.998
 56280, 2402.816
 56340, 2376.839
 56400, 2380.583
 56460, 2424.713
 56520, 2312.710
 56580, 2388.566
 56640, 2384.113
 56700, 2345.930
