CampaignData_and_Merges/R0/CSL_MobileLab_Parked/raw/20240724/USOS-Picarro-CO2-CH4-CO-H2O_MobileLabGround_20240724_R0.ict
38, 1001
Ilana Pollack, Nell Schafer, and Jeff Peischl
NOAA Chemical Sciences Laboratory
Picarro 2401-m CO2/CH4/CO/H2O Analyzer
USOS
1, 1
2024, 07, 24, 2024, 11, 20
0
StartTime_UTC, seconds_past_midnight, seconds past midnight
5
1, 1, 1, 1, 1
-9999, -9999, -9999, -9999, -9999
StopTime_UTC, seconds_past_midnight, seconds past midnight
CO2_ppm_1min, ppm, Gas_CO2_InSitu_S_DMF, carbon dioxide mixing ratio
CH4_ppb_1min, ppb, Gas_CH4_InSitu_S_DMF, methane mixing ratio
CO_ppb_1min, ppb, Gas_CO_InSitu_S_DMF, carbon monoxide mixing ratio
H2O_ppmv_1min, ppmv, Met_H2OMRV_InSitu_S_AVMR, water vapor mixing ratio
1
SPECIAL COMMENTS: N/A
18
PI_CONTACT_INFO: Address: NOAA Chemical Sciences Laboratory, Mail Stop CSL7, 325 Broadway, Boulder, CO 80305; Email: Ilana.Pollack@noaa.gov
PLATFORM: NOAA CSL Mobile Laboratory
LOCATION: The mobile lab was stationed in Salt Lake City, Utah.
ASSOCIATED_DATA: N/A
INSTRUMENT_INFO: CO2, CH4, and CO are reported as dry air mole fractions using a commercial wavelength-scanned cavity ring-down analyzer (Picarro 2401-m). An in-field calibration gas standard of 432±0.07 ppm CO2, 2095±1 ppb CH4, and 183±1 ppb CO, calibrated in the Boulder laboratories before and after the field project using primary CO2, CH4, and CO standard tanks tied to the WMO standard (X2019, X2004A, and X2014A, respectively) from the Global Monitoring Laboratory (GML), was delivered to the inlet every 2-3 days to evaluate instrument sensitivity. A H2O measurement was calibrated before the project with a Dew Point Mirror 373 hygrometer. The water correction calculated from these calibrations was applied to the H2O measurement for the entire campaign. Species are measured at 0.5 Hz and reported as 1-minute averages for stationary measurements.
DATA_INFO: Units: CO2, ppm, dry air mole fraction; CH4, ppb, dry air mole fraction; CO, ppb, dry air mole fraction; H2O, ppmv
UNCERTAINTY: Total uncertainties are estimated as ±0.1 ppm for CO2, ±1 ppb for CH4, ±5 ppb for CO, and ±(50 ppm + 4%) for H2O.
ULOD_FLAG: -7777
ULOD_VALUE: N/A
LLOD_FLAG: -8888
LLOD_VALUE: N/A
DM_CONTACT_INFO: Data Manager: Nathan Howard; nathan.h.howard@noaa.gov
PROJECT_INFO: USOS Dates of Study: July – August 2024
STIPULATIONS_ON_USE: Use of these data require prior ok from PI.
OTHER_COMMENTS: Data are averaged to 1 minute intervals. Stationary data collected from a 10 ft tower on top of the mobile van.
REVISION: R0
R0: Final Data
StartTime_UTC, StopTime_UTC, CO2_ppm_1min, CH4_ppb_1min, CO_ppb_1min, H2O_ppmv_1min
[from data line 1126]
67560,67620,433.39,1982.6,249.2,13767.3311
67620,67680,434.55,1981.6,249.5,13333.5518
67680,67740,433.42,1980.1,229.6,13366.5723
67740,67800,432.88,1979.5,228.1,12881.3916
67800,67860,433.13,1979.8,231.3,13265.3418
67860,67920,433.93,1979.2,233.1,12957.5850
67920,67980,433.21,1978.7,228.8,13103.5107
67980,68040,432.55,1979.3,227.3,13876.6777
68040,68100,433.80,1981.8,230.1,13810.4590
68100,68160,433.73,1981.6,227.1,13095.7188
68160,68220,432.78,1979.9,220.5,12806.6152
68220,68280,432.52,1979.5,216.2,12690.9580
68280,68340,433.74,1978.2,219.1,12430.5713
68340,68400,431.66,1978.9,216.0,12472.4473
68400,68460,431.82,1980.3,217.1,12681.0537
68460,68520,430.09,1980.2,221.5,14496.4863
68520,68580,431.73,1981.3,223.6,13528.2490
68580,68640,431.73,1981.0,223.2,13397.3438
68640,68700,430.84,1981.2,220.2,14381.6846
68700,68760,432.07,1978.9,220.5,13025.1191
68760,68820,431.16,1977.3,212.1,12548.0127
68820,68880,431.94,1979.0,222.3,12703.6846
68880,68940,431.50,1979.5,214.0,12933.6611
68940,69000,431.27,1979.6,224.9,13506.3047
69000,69060,431.12,1978.7,215.1,12622.8857
69060,69120,431.92,1980.4,218.8,12683.2852
69120,69180,432.70,1982.6,223.0,12981.2930
69180,69240,432.85,1983.4,224.0,12918.6621
69240,69300,432.68,1983.3,223.9,13015.6113
69300,69360,433.10,1983.5,226.1,12927.6289
69360,69420,432.95,1983.2,224.3,12878.2236
69420,69480,433.26,1983.3,227.2,12952.4736
69480,69540,432.46,1981.6,223.6,12973.0684
69540,69600,432.69,1982.4,223.2,12853.9072
69600,69660,432.42,1982.4,224.7,13093.7939
69660,69720,432.33,1982.6,225.0,13488.9248
69720,69780,431.62,1982.9,243.1,14229.5947
69780,69840,431.86,1982.1,227.3,13640.9531
69840,69900,432.52,1981.8,222.8,13050.2217
69900,69960,431.37,1981.5,223.4,13942.7354
69960,70020,431.87,1981.3,234.3,14156.3340
70020,70080,431.12,1981.7,229.8,14579.2383
70080,70140,431.03,1979.2,215.1,13030.5342
70140,70200,430.46,1979.2,214.7,13491.9990
70200,70260,430.32,1979.6,214.1,13443.9736
70260,70320,429.60,1979.5,216.1,13883.5059
70320,70380,429.56,1979.4,215.8,13861.8057
70380,70440,430.79,1980.3,218.2,13075.8516
70440,70500,431.96,1980.8,219.8,12759.8271
70500,70560,431.48,1980.3,220.4,12501.5615
70560,70620,431.29,1980.0,217.4,12278.9805
70620,70680,431.10,1979.7,219.4,12406.6582
70680,70740,430.81,1980.0,217.9,12834.2227
70740,70800,431.88,1980.0,224.7,12864.5508
70800,70860,429.73,1980.3,223.7,14034.5908
70860,70920,430.47,1979.3,222.9,13606.1221
70920,70980,429.85,1977.7,221.2,12938.9150
70980,71040,429.51,1977.7,223.9,13673.9766
71040,71100,429.46,1978.1,219.0,13468.4336
71100,71160,429.60,1979.5,221.8,13691.4238
71160,71220,429.69,1980.1,220.7,13628.4307
71220,71280,429.95,1980.0,222.7,13519.8389
71280,71340,429.37,1978.8,217.9,12984.6084
71340,71400,428.77,1975.2,209.2,11450.2090
71400,71460,427.69,1973.1,202.3,11111.8477
71460,71520,427.48,1973.4,200.0,11134.6621
71520,71580,427.35,1974.5,203.4,11821.5342
71580,71640,427.17,1974.9,211.5,12367.8770
71640,71700,426.50,1973.2,208.3,11795.1357
71700,71760,425.48,1970.1,196.1,10717.9561
71760,71820,424.60,1967.9,188.0,9827.5664
71820,71880,426.91,1972.2,199.2,10560.1260
71880,71940,426.81,1973.7,206.4,11825.3135
71940,72000,427.13,1972.9,202.9,10884.3359
72000,72060,427.27,1973.9,204.3,11308.2568
72060,72120,427.68,1974.1,206.8,11059.0996
72120,72180,427.16,1973.5,204.0,11061.7549
72180,72240,427.40,1973.3,204.1,10727.9375
72240,72300,426.73,1973.6,204.2,11354.3555
72300,72360,425.44,1973.7,197.5,11831.1797
72360,72420,425.80,1972.4,191.0,10431.6680
72420,72480,425.68,1972.0,191.4,10459.4600
72480,72540,425.20,1974.6,194.8,11651.4180
72540,72600,425.10,1975.6,196.0,11911.6143
72600,72660,426.58,1977.0,199.2,11292.2998
72660,72720,426.77,1979.2,204.3,11821.0635
72720,72780,427.67,1981.6,205.9,11719.8154
72780,72840,427.56,1983.0,211.5,12539.7646
72840,72900,427.73,1983.7,212.8,12763.2061
72900,72960,427.42,1985.1,211.3,13258.8037
72960,73020,427.65,1984.4,212.8,12834.2334
73020,73080,427.37,1981.5,208.7,11667.2598
73080,73140,426.37,1978.4,200.6,11175.3848
73140,73200,425.70,1976.1,197.5,10974.8516
73200,73260,425.76,1978.5,200.1,11659.3672
73260,73320,426.34,1978.0,204.2,11611.3184
73320,73380,426.32,1975.6,199.1,10527.1689
73380,73440,426.57,1976.2,200.0,10561.9932
73440,73500,425.92,1976.4,200.9,11295.4160
73500,73560,428.01,1978.0,206.4,10929.3135
73560,73620,427.55,1978.1,203.1,10619.6201
73620,73680,427.29,1979.1,204.9,11621.5498
73680,73740,426.63,1978.2,207.7,12086.6191
73740,73800,426.25,1975.6,198.2,10984.1084
73800,73860,425.78,1975.3,198.4,11304.1543
73860,73920,426.25,1975.1,198.7,10706.1621
73920,73980,424.98,1974.9,197.7,11890.5938
73980,74040,425.38,1974.9,200.8,12030.0322
74040,74100,426.84,1975.8,205.6,11648.5029
74100,74160,426.48,1977.5,203.8,11962.3174
74160,74220,426.27,1977.1,200.5,12118.5098
74220,74280,426.36,1976.7,201.9,12043.1279
74280,74340,426.94,1976.4,206.2,12239.5645
74340,74400,426.31,1976.1,207.3,12744.2158
74400,74460,427.60,1976.1,209.1,12441.4170
74460,74520,426.76,1975.5,206.5,11574.4922
74520,74580,427.05,1974.8,225.1,11848.2305
74580,74640,427.52,1975.2,228.2,11830.2695
74640,74700,427.40,1974.8,207.5,11662.6436
74700,74760,426.77,1975.0,201.2,11725.5010
74760,74820,426.72,1976.8,203.3,12461.0059
74820,74880,427.10,1976.5,201.4,12064.7676
74880,74940,426.63,1975.1,200.2,11778.0557
74940,75000,427.25,1974.5,201.3,11210.6943
75000,75060,427.50,1975.1,201.6,11797.5596
75060,75120,427.27,1975.0,199.0,11188.5078
75120,75180,428.14,1974.9,200.5,10825.5938
75180,75240,428.26,1974.8,201.8,10861.4307
75240,75300,427.38,1973.7,195.5,10323.3672
75300,75360,427.70,1974.2,200.1,10630.9697
75360,75420,427.04,1974.2,197.0,10715.8887
75420,75480,426.41,1973.9,193.4,11294.5127
75480,75540,426.53,1973.9,193.5,11101.3545
75540,75600,425.40,1974.7,195.4,12112.6709
75600,75660,426.48,1974.9,199.7,11551.8291
75660,75720,427.04,1975.1,197.2,11199.2334
75720,75780,426.86,1975.7,199.3,11513.6172
75780,75840,427.05,1975.7,196.4,10822.5156
75840,75900,426.97,1976.4,198.5,11201.5186
75900,75960,426.39,1977.9,200.7,12057.1396
75960,76020,427.43,1980.8,204.0,11356.3604
76020,76080,426.79,1982.8,202.0,12647.6084
76080,76140,426.56,1982.5,203.0,12057.2520
76140,76200,426.47,1983.0,197.0,11775.1621
76200,76260,426.20,1982.2,195.9,11751.3613
76260,76320,426.40,1979.8,196.2,11515.7861
76320,76380,426.34,1977.7,198.1,11406.4521
76380,76440,426.53,1976.2,195.1,11222.4023
76440,76500,426.56,1976.6,196.1,11324.1201
76500,76560,426.15,1976.8,197.9,11979.3486
76560,76620,426.40,1977.0,198.6,11862.5664
76620,76680,426.98,1977.0,205.2,11556.2158
76680,76740,428.52,1978.1,210.5,11396.2813
76740,76800,427.16,1978.4,198.4,10752.0313
76800,76860,427.59,1978.0,199.8,10580.2979
76860,76920,427.10,1979.0,199.7,10993.0605
76920,76980,428.05,1981.5,209.2,11212.2900
76980,77040,427.52,1982.2,226.0,12335.8809
77040,77100,427.70,1983.1,208.2,12050.6982
77100,77160,426.58,1984.8,202.6,12249.6484
77160,77220,426.76,1984.1,203.5,11739.1143
77220,77280,426.80,1982.6,201.3,11294.7656
77280,77340,426.72,1981.1,197.5,10999.8994
77340,77400,426.84,1981.9,197.0,11096.5264
77400,77460,426.82,1982.7,199.4,11418.0244
77460,77520,426.28,1979.4,198.5,11304.9658
77520,77580,426.31,1978.1,196.9,11099.7705
77580,77640,426.11,1976.1,195.3,10730.6016
77640,77700,425.79,1975.3,195.8,10702.2813
77700,77760,425.14,1975.9,196.9,11358.0713
77760,77820,425.81,1975.9,192.3,10916.4971
77820,77880,425.79,1977.3,193.2,11133.5918
77880,77940,426.35,1977.4,192.7,10537.2988
77940,78000,426.20,1978.0,193.7,11066.7822
78000,78060,425.77,1981.7,200.7,11733.8770
78060,78120,426.61,1984.5,196.5,10999.2432
78120,78180,426.40,1984.6,194.2,11147.9482
78180,78240,426.85,1984.2,192.7,10831.1016
78240,78300,427.09,1983.1,191.1,10314.0010
78300,78360,427.42,1981.7,190.9,9927.0996
78360,78420,427.73,1981.6,193.8,10047.7871
78420,78480,426.80,1982.0,191.9,10129.2109
78480,78540,426.69,1982.9,191.3,10644.0215
78540,78600,427.56,1983.8,196.6,10873.5635
78600,78660,426.69,1984.0,195.5,10841.7520
78660,78720,426.78,1984.3,193.8,10782.2422
78720,78780,426.45,1983.4,186.0,10112.1143
78780,78840,427.09,1983.5,189.7,10112.2197
78840,78900,426.18,1982.5,188.4,9927.2969
78900,78960,426.98,1984.6,190.5,10004.9971
78960,79020,426.41,1982.1,186.3,9847.0781
79020,79080,426.60,1982.2,187.1,9749.8115
79080,79140,426.23,1981.5,189.2,9803.1299
79140,79200,426.11,1981.8,187.8,9980.0283
79200,79260,426.25,1982.0,189.1,9962.6846
79260,79320,426.37,1981.9,189.2,9871.5977
79320,79380,426.46,1982.1,192.0,10658.5713
79380,79440,426.62,1981.7,193.2,10743.2979
79440,79500,427.12,1980.3,195.7,9971.9199
79500,79560,427.30,1983.0,197.9,9790.5645
79560,79620,426.92,1982.6,191.4,9764.6484
79620,79680,426.24,1981.2,189.7,9805.6250
79680,79740,426.21,1982.6,194.1,10514.1123
79740,79800,425.84,1983.7,193.8,10298.4961
79800,79860,426.16,1984.3,197.7,10460.4570
79860,79920,426.46,1985.2,198.5,10666.4932
79920,79980,426.03,1986.2,200.4,11220.6992
79980,80040,426.19,1984.6,200.3,11103.6797
80040,80100,425.96,1984.7,196.2,11255.8418
80100,80160,425.76,1984.7,192.6,10486.6475
80160,80220,427.49,1984.4,196.5,10092.9443
80220,80280,426.55,1984.4,193.9,10697.6885
80280,80340,425.58,1984.6,193.0,10841.5713
80340,80400,425.31,1984.2,191.0,10804.7021
80400,80460,425.15,1983.8,196.1,11046.9180
80460,80520,424.96,1983.2,195.8,11365.8838
80520,80580,426.16,1982.5,211.9,10859.0068
80580,80640,426.52,1982.0,199.6,10463.5205
80640,80700,425.77,1981.5,193.0,10270.4189
80700,80760,426.35,1982.0,203.3,10768.0596
80760,80820,427.42,1981.8,209.2,10486.9404
80820,80880,426.85,1980.7,193.1,10543.4395
80880,80940,425.14,1978.0,187.5,9903.8818
80940,81000,425.04,1978.7,187.8,10908.0605
81000,81060,426.82,1978.7,191.4,10512.5322
81060,81120,426.75,1978.2,190.6,10305.0557
81120,81180,425.67,1977.1,188.6,9743.7568
81180,81240,425.72,1977.7,186.1,9814.2305
81240,81300,425.58,1976.9,186.5,9536.5586
81300,81360,425.45,1978.1,189.8,10104.4287
81360,81420,425.64,1978.6,185.8,9608.0400
81420,81480,426.51,1979.2,205.1,9940.8252
81480,81540,429.88,1980.7,277.7,10343.2246
81540,81600,427.48,1980.1,207.1,10440.8613
81600,81660,426.20,1978.6,192.0,9627.9424
81660,81720,426.53,1978.1,193.1,9527.3906
81720,81780,426.51,1977.6,191.9,9752.0391
81780,81840,425.29,1976.9,187.0,9837.6758
81840,81900,425.31,1979.3,188.9,10174.4033
81900,81960,426.24,1981.3,193.0,10931.5273
81960,82020,425.80,1983.0,194.0,11530.5840
82020,82080,425.33,1985.6,192.7,10878.4678
82080,82140,425.23,1987.3,191.4,11098.0000
82140,82200,425.22,1988.3,191.8,11216.7480
82200,82260,425.08,1988.2,188.6,11141.3701
82260,82320,424.83,1989.2,192.6,11861.2822
82320,82380,424.79,1990.0,197.8,12349.6855
82380,82440,424.45,1990.4,201.8,12656.9395
82440,82500,424.84,1990.5,201.8,12094.2793
82500,82560,424.03,1989.1,196.3,12053.3809
82560,82620,424.85,1989.5,192.9,11446.4443
82620,82680,424.46,1989.0,188.6,11246.3604
82680,82740,424.37,1988.4,191.6,11255.3379
82740,82800,424.56,1988.5,192.5,11015.5107
82800,82860,424.98,1985.6,189.6,10566.0029
82860,82920,424.65,1986.4,191.4,11272.3369
82920,82980,424.84,1986.4,188.7,10262.1895
82980,83040,424.61,1986.6,188.8,10372.2207
83040,83100,423.82,1987.1,190.4,11402.9307
83100,83160,425.18,1987.7,202.2,11256.7861
83160,83220,425.88,1988.2,206.6,11997.0703
83220,83280,425.66,1984.7,190.8,10624.8613
83280,83340,425.47,1983.9,189.9,10785.8633
83340,83400,424.80,1987.2,194.7,10921.3516
83400,83460,425.00,1989.2,203.2,11189.5986
83460,83520,425.03,1988.7,208.1,11745.6504
83520,83580,424.84,1986.5,197.4,11194.5791
83580,83640,424.14,1989.8,196.7,11974.9473
83640,83700,424.99,1989.1,232.8,11300.9160
83700,83760,424.94,1988.7,208.6,12003.2861
83760,83820,426.25,1987.6,207.8,11538.7354
83820,83880,426.61,1987.3,211.7,11216.7393
83880,83940,428.62,1989.8,230.6,11420.3750
83940,84000,427.92,1990.4,225.6,11834.4199
84000,84060,426.66,1989.4,206.7,11765.1377
84060,84120,425.90,1987.7,198.5,10774.2471
84120,84180,425.50,1985.8,191.6,10953.8867
84180,84240,425.36,1983.6,190.9,10568.2451
84240,84300,425.77,1983.8,192.5,10688.7002
84300,84360,427.20,1984.5,199.2,10841.0156
84360,84420,425.75,1985.0,196.2,10559.7471
84420,84480,426.08,1985.6,194.4,10704.1758
84480,84540,426.81,1985.4,196.3,10578.0205
84540,84600,426.52,1983.8,193.5,10383.6143
84600,84660,425.90,1983.3,194.7,10104.5283
84660,84720,426.41,1984.4,200.9,10575.6621
84720,84780,427.25,1986.2,205.7,10851.7969
84780,84840,427.81,1987.0,200.4,10048.3770
84840,84900,427.36,1985.5,196.7,9951.3193
84900,84960,426.41,1987.0,198.5,10531.9150
84960,85020,425.43,1987.0,194.7,10630.7510
85020,85080,425.15,1986.3,188.2,10302.4473
85080,85140,426.03,1988.2,196.9,11200.7012
85140,85200,425.38,1985.3,191.6,10236.4902
85200,85260,425.34,1985.4,191.0,10384.7236
85260,85320,425.63,1985.8,194.2,10439.2568
85320,85380,426.08,1985.7,194.5,10033.9873
85380,85440,425.86,1988.3,198.0,10945.2109
85440,85500,425.64,1988.6,219.7,12236.5537
85500,85560,424.83,1988.5,198.3,11314.1885
85560,85620,428.66,1992.5,290.8,11506.0898
85620,85680,425.30,1989.9,202.6,11215.7021
85680,85740,424.97,1989.3,198.1,10987.2871
85740,85800,425.71,1990.4,218.6,11322.6816
85800,85860,426.35,1991.0,205.6,10977.7148
85860,85920,424.80,1992.2,198.4,11578.7363
85920,85980,424.13,1993.4,197.9,12056.6309
85980,86040,424.67,1991.9,192.3,10938.9756
86040,86100,425.33,1993.7,192.1,11793.0938
86100,86160,424.47,1993.4,189.8,12032.6641
86160,86220,424.69,1992.2,189.0,11194.3926
86220,86280,424.10,1993.0,189.7,12173.6338
86280,86340,424.40,1991.5,188.4,11448.9561
86340,86400,424.56,1992.6,190.6,11248.8301
