CampaignData_and_Merges/R0/CSL_MobileLab_Parked/raw/20240724/USOS-Picarro-CO2-CH4-CO-H2O_MobileLabGround_20240724_R0.ict
38, 1001
Ilana Pollack, Nell Schafer, and Jeff Peischl
NOAA Chemical Sciences Laboratory
Picarro 2401-m CO2/CH4/CO/H2O Analyzer
USOS
1, 1
2024, 07, 24, 2024, 11, 20
0
StartTime_UTC, seconds_past_midnight, seconds past midnight
5
1, 1, 1, 1, 1
-9999, -9999, -9999, -9999, -9999
StopTime_UTC, seconds_past_midnight, seconds past midnight
CO2_ppm_1min, ppm, Gas_CO2_InSitu_S_DMF, carbon dioxide mixing ratio
CH4_ppb_1min, ppb, Gas_CH4_InSitu_S_DMF, methane mixing ratio
CO_ppb_1min, ppb, Gas_CO_InSitu_S_DMF, carbon monoxide mixing ratio
H2O_ppmv_1min, ppmv, Met_H2OMRV_InSitu_S_AVMR, water vapor mixing ratio
1
SPECIAL COMMENTS: N/A
18
PI_CONTACT_INFO: Address: NOAA Chemical Sciences Laboratory, Mail Stop CSL7, 325 Broadway, Boulder, CO 80305; Email: Ilana.Pollack@noaa.gov
PLATFORM: NOAA CSL Mobile Laboratory
LOCATION: The mobile lab was stationed in Salt Lake City, Utah.
ASSOCIATED_DATA: N/A
INSTRUMENT_INFO: CO2, CH4, and CO are reported as dry air mole fractions using a commercial wavelength-scanned cavity ring-down analyzer (Picarro 2401-m). An in-field calibration gas standard of 432±0.07 ppm CO2, 2095±1 ppb CH4, and 183±1 ppb CO, calibrated in the Boulder laboratories before and after the field project using primary CO2, CH4, and CO standard tanks tied to the WMO standard (X2019, X2004A, and X2014A, respectively) from the Global Monitoring Laboratory (GML), was delivered to the inlet every 2-3 days to evaluate instrument sensitivity. A H2O measurement was calibrated before the project with a Dew Point Mirror 373 hygrometer. The water correction calculated from these calibrations was applied to the H2O measurement for the entire campaign. Species are measured at 0.5 Hz and reported as 1-minute averages for stationary measurements.
DATA_INFO: Units: CO2, ppm, dry air mole fraction; CH4, ppb, dry air mole fraction; CO, ppb, dry air mole fraction; H2O, ppmv
UNCERTAINTY: Total uncertainties are estimated as ±0.1 ppm for CO2, ±1 ppb for CH4, ±5 ppb for CO, and ±(50 ppm + 4%) for H2O.
ULOD_FLAG: -7777
ULOD_VALUE: N/A
LLOD_FLAG: -8888
LLOD_VALUE: N/A
DM_CONTACT_INFO: Data Manager: Nathan Howard; nathan.h.howard@noaa.gov
PROJECT_INFO: USOS Dates of Study: July – August 2024
STIPULATIONS_ON_USE: Use of these data require prior ok from PI.
OTHER_COMMENTS: Data are averaged to 1 minute intervals. Stationary data collected from a 10 ft tower on top of the mobile van.
REVISION: R0
R0: Final Data
StartTime_UTC, StopTime_UTC, CO2_ppm_1min, CH4_ppb_1min, CO_ppb_1min, H2O_ppmv_1min
[from data line 381]
22860,22920,436.47,1984.2,180.3,11099.2764
22920,22980,437.05,1984.1,180.1,11152.6719
22980,23040,436.47,1984.3,182.4,11113.1748
23040,23100,436.65,1983.4,178.3,11116.2100
23100,23160,440.42,1983.5,179.4,11310.5459
23160,23220,437.72,1983.9,183.9,11132.2861
23220,23280,439.04,1983.6,196.5,11173.5342
23280,23340,436.84,1983.5,188.7,11070.9854
23340,23400,435.62,1983.1,179.2,11027.9023
23400,23460,439.17,1983.7,179.6,11183.7256
23460,23520,435.90,1983.8,175.8,11089.9668
23520,23580,435.96,1986.1,176.4,11069.5020
23580,23640,437.22,1985.9,178.0,11129.2939
23640,23700,436.64,1984.3,177.4,11136.8262
23700,23760,437.24,1984.5,180.9,11169.2217
23760,23820,438.70,1985.7,194.6,11226.8125
23820,23880,435.66,1983.9,181.7,11062.7031
23880,23940,436.62,1985.4,186.8,11120.2334
23940,24000,438.19,1987.3,186.1,11236.5469
24000,24060,442.07,1998.8,205.6,11452.8057
24060,24120,442.34,2001.0,211.4,11464.1816
24120,24180,443.76,2002.9,213.1,11547.2363
24180,24240,443.84,2003.8,216.4,11543.2129
24240,24300,445.52,2005.1,258.9,11616.4678
24300,24360,446.16,2004.7,238.4,11624.4502
24360,24420,445.91,2003.6,229.8,11604.9746
24420,24480,446.87,2003.4,224.6,11673.1357
24480,24540,446.90,2007.4,221.9,11741.5811
24540,24600,444.91,2001.8,218.1,11610.8740
24600,24660,442.38,1997.7,212.3,11478.0020
24660,24720,446.38,2002.4,223.0,11706.8262
24720,24780,447.33,2002.5,218.7,11807.7236
24780,24840,447.98,2006.0,225.3,11811.4922
24840,24900,448.12,2007.6,236.5,11827.1572
24900,24960,449.99,2008.7,240.3,11943.2627
24960,25020,448.50,2007.6,236.0,11869.0996
25020,25080,448.73,2005.5,232.2,11833.6104
25080,25140,445.76,2001.8,225.0,11682.1748
25140,25200,444.98,2000.3,217.8,11666.5586
25200,25260,444.01,1999.3,217.5,11584.2666
25260,25320,442.27,1996.6,209.0,11483.1709
25320,25380,440.29,1994.4,202.5,11385.0254
25380,25440,441.05,1994.9,204.8,11449.2988
25440,25500,441.12,1994.8,202.9,11448.6846
25500,25560,441.25,1995.4,202.6,11437.7090
25560,25620,440.44,1992.4,195.9,11408.5361
25620,25680,438.82,1989.6,192.8,11297.1328
25680,25740,437.14,1986.9,187.8,11195.9453
25740,25800,437.09,1986.9,184.1,11250.1172
25800,25860,435.77,1984.0,181.4,11169.6475
25860,25920,436.43,1983.9,181.7,11158.2637
25920,25980,439.02,1984.0,188.0,11284.0654
25980,26040,437.87,1984.2,186.6,11256.0166
26040,26100,436.21,1984.0,181.4,11177.9258
26100,26160,435.75,1985.9,178.3,11145.6035
26160,26220,436.28,1985.8,178.8,11169.9521
26220,26280,436.34,1986.6,180.3,11190.0537
26280,26340,437.90,1986.9,180.9,11254.2598
26340,26400,441.45,1987.8,184.7,11386.1133
26400,26460,441.38,1988.4,181.0,11423.9268
26460,26520,440.84,1990.3,183.7,11442.1465
26520,26580,439.91,1992.4,189.1,11383.6426
26580,26640,440.41,1992.9,192.7,11392.9268
26640,26700,439.22,1991.6,187.6,11357.8828
26700,26760,434.68,1986.8,178.4,11112.9668
26760,26820,436.50,1986.6,179.6,11230.4951
26820,26880,436.46,1988.1,181.0,11227.8291
26880,26940,436.95,1988.1,181.0,11269.3135
26940,27000,434.67,1985.4,176.3,11150.9102
27000,27060,433.95,1985.5,176.9,11109.2627
27060,27120,435.50,1984.1,177.5,11203.7578
27120,27180,434.10,1982.7,175.1,11186.3203
27180,27240,432.76,1983.1,175.0,11062.1172
27240,27300,431.93,1982.9,174.5,10997.4004
27300,27360,432.60,1984.4,177.6,11015.9092
27360,27420,433.86,1984.6,180.4,11059.6553
27420,27480,432.05,1982.3,178.6,11009.7129
27480,27540,432.26,1982.5,175.6,10982.7656
27540,27600,431.98,1982.9,176.7,11006.6816
27600,27660,432.06,1981.9,178.9,11016.7402
27660,27720,432.21,1982.0,175.5,11020.2988
27720,27780,434.53,1982.6,175.3,11139.9434
27780,27840,433.68,1982.4,176.0,11087.6904
27840,27900,433.27,1981.4,178.0,11097.9072
27900,27960,434.61,1982.5,186.6,11113.7881
27960,28020,434.37,1982.0,175.5,11192.3105
28020,28080,432.03,1981.7,173.5,11027.5195
28080,28140,431.71,1981.4,176.5,11015.6650
28140,28200,431.59,1980.6,174.5,10999.2139
28200,28260,431.18,1980.6,174.9,10980.5645
28260,28320,431.87,1980.9,174.7,11094.2051
28320,28380,430.79,1980.5,174.5,10993.8809
28380,28440,430.69,1980.1,175.6,10943.6865
28440,28500,431.60,1980.9,182.2,10992.7061
28500,28560,432.01,1981.0,175.8,11018.5381
28560,28620,431.71,1981.4,181.1,11004.6836
28620,28680,431.99,1981.6,176.9,11032.2188
28680,28740,432.90,1982.3,176.1,11042.2227
28740,28800,432.78,1984.1,176.9,11088.4141
28800,28860,433.28,1984.7,178.5,11105.2168
28860,28920,435.11,1985.1,181.1,11217.0791
28920,28980,432.30,1984.1,175.7,11118.3604
28980,29040,431.85,1982.7,175.3,11097.3242
29040,29100,432.76,1983.9,176.5,11124.5166
29100,29160,431.42,1982.9,176.2,11078.7031
29160,29220,432.15,1981.8,182.7,11100.5146
29220,29280,432.84,1984.6,180.5,11197.9473
29280,29340,432.01,1984.9,176.6,11159.6250
29340,29400,433.53,1985.2,180.4,11244.8086
29400,29460,432.67,1985.3,179.0,11235.2559
29460,29520,432.19,1984.9,178.4,11223.7139
29520,29580,432.67,1984.1,177.1,11243.8008
29580,29640,435.14,1984.0,176.7,11429.9199
29640,29700,433.13,1982.2,178.2,11301.2734
29700,29760,432.99,1982.4,177.5,11304.2666
29760,29820,433.96,1983.4,179.4,11328.4990
29820,29880,432.54,1983.2,178.2,11244.0869
29880,29940,431.83,1982.6,177.4,11211.6904
29940,30000,432.80,1982.8,178.9,11259.9844
30000,30060,431.69,1982.8,177.8,11239.6309
30060,30120,432.87,1985.6,178.6,11313.0537
30120,30180,431.95,1984.2,179.1,11267.0244
30180,30240,433.81,1987.8,178.5,11370.6035
30240,30300,434.24,1986.4,183.6,11405.8242
30300,30360,434.45,1985.8,181.7,11423.4990
30360,30420,435.59,1987.8,180.5,11463.2539
30420,30480,434.50,1985.5,179.5,11474.1289
30480,30540,439.61,1987.0,180.4,11672.6924
30540,30600,434.12,1987.7,183.8,11546.8965
30600,30660,432.24,1985.9,180.3,11449.5840
30660,30720,433.21,1986.8,181.6,11507.5586
30720,30780,432.57,1986.5,180.7,11500.6592
30780,30840,431.39,1985.0,176.9,11459.2988
30840,30900,430.93,1984.7,176.4,11436.1748
30900,30960,431.25,1985.1,176.2,11455.4648
30960,31020,431.41,1985.4,176.9,11477.6621
31020,31080,430.72,1985.3,178.0,11407.3838
31080,31140,432.97,1986.4,179.1,11589.8887
31140,31200,432.57,1987.3,178.5,11566.3955
31200,31260,431.30,1986.8,179.6,11480.4258
31260,31320,431.95,1987.0,176.5,11536.7930
31320,31380,433.12,1987.3,178.4,11634.0332
31380,31440,433.47,1986.6,184.1,11633.7813
31440,31500,433.49,1989.7,191.6,11632.7158
31500,31560,432.11,1989.1,187.2,11563.7744
31560,31620,432.74,1988.8,188.0,11592.7373
31620,31680,432.03,1988.0,182.8,11605.0693
31680,31740,432.74,1988.3,179.9,11687.2090
31740,31800,431.71,1989.0,180.4,11587.7441
31800,31860,432.27,1988.6,181.5,11637.8340
31860,31920,433.45,1989.0,178.8,11733.2559
31920,31980,432.93,1988.7,182.6,11703.0596
31980,32040,431.57,1987.4,181.0,11622.2080
32040,32100,431.39,1987.0,179.6,11632.6641
32100,32160,431.39,1985.6,178.4,11646.3066
32160,32220,430.99,1985.5,175.8,11622.2959
32220,32280,431.37,1985.6,176.5,11650.7070
32280,32340,430.85,1985.2,175.6,11630.9229
32340,32400,431.54,1985.2,175.3,11727.6270
32400,32460,431.28,1985.4,175.5,11691.7188
32460,32520,431.12,1985.5,176.4,11685.3047
32520,32580,431.38,1986.2,178.5,11720.4082
32580,32640,431.41,1985.8,178.5,11710.8984
32640,32700,431.31,1986.4,181.0,11706.0195
32700,32760,432.93,1986.0,177.5,11836.9990
32760,32820,431.40,1985.6,175.0,11690.3955
32820,32880,432.35,1985.8,175.8,11722.0762
32880,32940,434.35,1986.5,179.2,11809.3662
32940,33000,431.79,1985.2,181.7,11707.1914
33000,33060,432.43,1985.3,178.7,11800.1543
33060,33120,432.91,1985.5,178.3,11870.0713
33120,33180,431.57,1984.3,179.0,11808.2666
33180,33240,431.40,1984.9,177.7,11763.3379
33240,33300,431.63,1985.3,179.0,11783.5068
33300,33360,431.60,1985.0,178.0,11789.5029
33360,33420,431.56,1985.2,177.7,11799.6299
33420,33480,430.38,1984.4,175.3,11690.9326
33480,33540,431.55,1985.9,176.2,11795.1230
33540,33600,432.58,1986.1,179.3,11897.9756
33600,33660,431.48,1985.6,175.6,11831.4668
33660,33720,431.59,1985.7,175.7,11828.5605
33720,33780,431.21,1985.5,177.1,11771.0137
33780,33840,432.74,1986.2,177.6,11910.9053
33840,33900,431.28,1986.3,174.0,11819.2256
33900,33960,431.52,1985.5,176.6,11829.5430
33960,34020,431.13,1985.3,177.0,11765.5938
34020,34080,431.31,1985.7,174.8,11796.4971
34080,34140,431.83,1987.0,174.2,11851.3721
34140,34200,431.63,1986.2,176.9,11811.4092
34200,34260,432.26,1987.0,177.1,11816.4570
34260,34320,433.09,1987.1,175.9,11883.4951
34320,34380,434.04,1989.5,179.3,11904.6016
34380,34440,434.64,1990.5,179.4,11884.9590
34440,34500,434.23,1990.2,178.7,11813.6826
34500,34560,434.83,1990.2,178.9,11853.4873
34560,34620,433.23,1988.8,177.4,11803.7227
34620,34680,435.37,1991.9,179.8,11919.4893
34680,34740,433.79,1990.2,177.5,11843.0596
34740,34800,436.22,1993.9,181.7,11853.6191
34800,34860,438.54,1997.8,185.4,11931.8252
34860,34920,435.75,1993.3,181.2,11835.7275
34920,34980,441.07,2001.3,187.6,12063.2266
34980,35040,438.72,1997.2,183.2,11966.7422
35040,35100,439.20,1997.8,183.6,11964.0840
35100,35160,441.99,1999.9,186.6,12058.5615
35160,35220,443.40,2003.1,189.8,12050.7598
35220,35280,445.51,2013.9,197.7,11970.7520
35280,35340,449.40,2027.5,211.2,11984.5908
35340,35400,450.80,2030.5,210.5,12064.2705
35400,35460,453.23,2038.5,218.5,12094.7402
35460,35520,449.68,2029.4,211.3,12016.0820
35520,35580,449.37,2027.3,207.0,12003.1992
35580,35640,450.84,2032.0,211.3,12051.3066
35640,35700,452.92,2037.6,218.4,12054.9082
35700,35760,457.18,2044.5,224.1,12244.1934
35760,35820,458.45,2047.7,225.3,12369.2725
35820,35880,459.82,2053.1,232.1,12384.2471
35880,35940,462.27,2059.5,236.6,12446.0391
35940,36000,464.04,2065.6,245.0,12467.5742
36000,36060,464.69,2068.0,254.2,12479.4434
36060,36120,465.43,2069.0,254.0,12533.3213
36120,36180,465.28,2068.7,257.0,12511.1846
36180,36240,466.02,2069.4,260.0,12551.9053
36240,36300,466.66,2068.5,258.1,12593.2920
36300,36360,465.93,2067.5,267.8,12572.5391
36360,36420,465.84,2068.2,245.4,12606.9990
36420,36480,465.27,2066.3,240.9,12564.0488
36480,36540,465.35,2065.1,241.0,12552.8047
36540,36600,464.51,2062.0,246.1,12449.5117
36600,36660,465.28,2059.7,241.7,12469.4150
36660,36720,464.53,2063.1,238.9,12489.8438
36720,36780,465.81,2066.9,238.2,12555.7266
36780,36840,465.05,2065.9,237.5,12516.4502
36840,36900,464.26,2061.1,238.5,12444.2842
36900,36960,465.49,2065.7,238.2,12537.2197
36960,37020,465.25,2062.7,235.3,12531.4502
37020,37080,465.91,2063.3,233.4,12570.9570
37080,37140,464.92,2066.2,232.8,12512.3643
37140,37200,466.79,2067.6,238.1,12609.5801
37200,37260,468.39,2068.3,239.7,12700.8535
37260,37320,467.90,2067.6,235.2,12690.4336
37320,37380,466.84,2067.7,234.9,12633.0977
37380,37440,465.78,2064.6,235.2,12577.2900
37440,37500,467.95,2071.0,235.3,12727.0703
37500,37560,467.29,2064.9,331.8,12612.7344
37560,37620,463.66,2052.5,278.0,12472.6484
37620,37680,461.41,2046.1,240.6,12390.1689
37680,37740,461.62,2048.1,231.0,12427.5342
37740,37800,462.11,2050.4,226.5,12430.2021
37800,37860,463.25,2051.3,225.6,12537.4063
37860,37920,460.18,2044.3,217.9,12376.5498
37920,37980,459.75,2046.2,361.2,12427.0684
37980,38040,459.13,2039.9,282.3,12421.3447
38040,38100,451.52,2024.3,217.1,12181.5850
38100,38160,449.28,2017.3,206.0,12095.2031
38160,38220,448.84,2014.6,220.1,12031.6709
38220,38280,450.68,2017.6,247.5,12131.3281
38280,38340,452.05,2018.2,236.0,12158.9639
38340,38400,447.90,2014.9,214.8,12020.5596
38400,38460,448.11,2013.8,207.8,12076.7979
38460,38520,443.14,2007.8,194.3,11914.2061
38520,38580,448.54,2013.2,214.0,12184.9941
38580,38640,444.45,2007.8,197.6,12060.5410
38640,38700,444.71,2007.2,197.9,12036.2158
38700,38760,444.24,2007.1,197.5,12064.5029
38760,38820,441.52,2001.2,186.0,12081.7861
38820,38880,441.28,2000.0,186.2,12070.8545
38880,38940,441.89,2003.6,188.8,12009.1709
38940,39000,436.18,1989.2,180.8,11895.5547
39000,39060,434.98,1985.4,178.4,11862.4131
39060,39120,434.77,1983.5,178.2,11849.7754
39120,39180,434.21,1983.7,178.2,11818.5488
39180,39240,434.52,1983.9,177.0,11828.1543
39240,39300,434.48,1983.3,175.7,11834.7354
39300,39360,434.31,1983.2,175.6,11802.7813
39360,39420,433.69,1983.0,175.4,11765.5928
39420,39480,433.26,1982.8,175.4,11724.6465
39480,39540,433.98,1983.4,174.7,11781.0664
39540,39600,435.40,1983.9,175.9,11898.9512
39600,39660,434.05,1984.6,175.2,11774.8242
39660,39720,433.97,1984.6,175.4,11775.8027
39720,39780,434.00,1984.1,176.2,11781.8389
39780,39840,434.23,1983.5,175.2,11783.8389
39840,39900,433.82,1983.8,174.8,11765.2354
39900,39960,434.40,1984.8,181.6,11774.8467
39960,40020,434.12,1984.7,175.5,11757.8408
40020,40080,433.85,1984.5,176.2,11713.1465
40080,40140,435.92,1984.8,199.2,11785.6104
40140,40200,436.17,1984.2,195.3,11804.0039
40200,40260,433.64,1982.1,179.0,11617.7090
40260,40320,436.35,1985.5,178.4,11830.0576
40320,40380,433.66,1985.7,179.7,11681.2363
40380,40440,433.80,1984.8,175.4,11705.6133
40440,40500,435.11,1985.3,181.7,11733.6934
40500,40560,436.02,1986.6,187.6,11802.0068
40560,40620,436.93,1986.1,182.4,11801.0762
40620,40680,435.74,1985.9,176.0,11789.0078
40680,40740,435.67,1984.6,176.6,11736.2305
40740,40800,437.64,1985.9,178.1,11782.1768
40800,40860,438.71,1986.8,178.0,11756.1904
40860,40920,439.11,1987.6,178.0,11840.4834
40920,40980,436.88,1986.4,178.6,11755.3818
40980,41040,435.84,1984.9,181.4,11719.5820
41040,41100,437.68,1985.9,190.3,11799.7578
41100,41160,435.86,1985.0,185.7,11760.6729
41160,41220,437.15,1985.3,185.3,11809.3652
41220,41280,436.17,1985.0,183.0,11766.7568
41280,41340,435.29,1984.8,183.4,11709.8701
41340,41400,434.36,1984.1,181.8,11663.7637
41400,41460,435.58,1985.3,181.6,11724.8711
41460,41520,435.85,1985.1,182.6,11738.7266
41520,41580,434.17,1983.6,182.7,11644.3662
41580,41640,436.59,1985.0,185.6,11749.5967
41640,41700,434.68,1984.4,183.2,11670.8936
41700,41760,435.24,1984.9,183.1,11702.6943
41760,41820,434.48,1984.5,181.9,11660.8135
41820,41880,434.94,1984.8,187.0,11694.5996
41880,41940,436.46,1985.6,187.1,11770.3398
41940,42000,436.88,1985.9,192.1,11780.6846
42000,42060,435.83,1985.7,187.9,11709.8691
42060,42120,435.06,1984.4,186.4,11650.6738
42120,42180,436.83,1984.9,195.8,11712.7705
42180,42240,436.51,1988.0,202.7,11740.4150
42240,42300,437.35,1985.3,202.2,11765.2813
42300,42360,435.87,1984.2,193.7,11657.8662
42360,42420,436.80,1984.3,183.3,11701.6641
42420,42480,439.54,1988.2,189.4,11886.6006
42480,42540,443.35,2003.3,209.2,12162.1289
42540,42600,445.15,2008.0,213.1,12218.3467
42600,42660,438.66,1993.5,194.3,11858.4795
42660,42720,440.72,1995.9,196.9,11921.7256
42720,42780,453.96,2028.3,230.9,12541.0791
42780,42840,458.53,2036.5,245.1,12773.1172
42840,42900,462.26,2041.1,256.3,12884.5547
42900,42960,465.20,2044.2,265.0,12983.7422
42960,43020,464.89,2041.5,266.2,13038.7207
43020,43080,467.43,2047.4,274.0,13199.8555
43080,43140,467.36,2045.5,269.8,13155.6465
43140,43200,468.79,2055.4,280.8,13287.8877
43200,43260,465.66,2046.7,274.6,13031.7363
43260,43320,464.40,2042.9,268.5,12992.3975
43320,43380,467.09,2039.8,264.4,13073.0518
43380,43440,467.74,2048.5,277.6,13034.5566
43440,43500,462.15,2039.0,265.2,12834.2734
43500,43560,456.66,2028.7,249.9,12588.9678
43560,43620,458.31,2028.0,251.8,12636.7725
43620,43680,466.25,2036.6,282.6,12994.6064
43680,43740,467.25,2033.3,278.6,12921.3447
43740,43800,451.24,2017.1,235.6,12367.6787
43800,43860,450.66,2017.7,235.9,12266.7930
43860,43920,451.97,2023.1,238.1,12263.5459
43920,43980,457.59,2036.4,254.1,12500.3252
43980,44040,459.42,2042.5,262.6,12515.2900
44040,44100,459.04,2039.6,263.9,12490.7998
44100,44160,462.93,2048.3,274.2,12663.9727
44160,44220,464.45,2050.3,281.9,12682.8857
44220,44280,466.17,2051.0,286.0,12737.2139
44280,44340,465.57,2050.6,287.3,12678.2959
44340,44400,462.07,2040.1,273.8,12544.1758
44400,44460,469.23,2050.3,288.0,12845.1289
44460,44520,465.07,2044.2,281.6,12677.6123
44520,44580,456.79,2026.9,259.0,12350.4346
44580,44640,458.83,2031.4,268.9,12370.8242
44640,44700,467.55,2046.4,289.7,12724.7881
44700,44760,468.69,2048.5,328.2,12791.2803
44760,44820,463.35,2038.7,292.4,12484.2949
44820,44880,456.47,2026.5,260.7,12234.1396
44880,44940,468.96,2046.8,298.3,12669.8848
44940,45000,468.35,2048.6,303.8,12680.1055
45000,45060,471.18,2050.7,306.0,12798.5361
45060,45120,475.07,2053.1,320.1,12937.1699
