CampaignData_and_Merges/R0/CSL_MobileLab_Parked/raw/20240724/USOS-NOy-LIF_MobileLabGround_20240724_R0.ict
39,1001
Rollins, A.; Waxman, E.; Zuraski, K.; Chace, W.
NOAA Chemical Sciences Laboratory
LIF NO/NOx/NOy on CSL Mobile Lab
AMMBEC / USOS
1, 1
2024,07,24, 2025,01,04
1
Time_Start, seconds, number_of_seconds_since_0000_UTC
7
1, 1, 1, 1, 1, 1, 1
-9999, -9999, -9999, -9999, -9999, -9999, -9999
Time_Stop, seconds, number_of_seconds_since_0000_UTC
NO_LIF, pptv, Gas_NO_InSitu_S_AVMR, volume mixing ratio of nitric oxide in air
NO2_LIF, pptv, Gas_NO2_InSitu_S_AVMR, volume mixing ratio of nitrogen dioxide in air
NOy_LIF, pptv, Gas_NOy_InSitu_S_AVMR, volume mixing ratio of total oxidized nitrogen in air
NO_LIF_1SigmaAccuracy, pptv, Gas_NO_InSitu_S_AVMR, volume mixing ratio of nitric oxide in air
NO2_LIF_1SigmaAccuracy, pptv, Gas_NO2_InSitu_S_AVMR, volume mixing ratio of nitrogen dioxide in air
NOy_LIF_1SigmaAccuracy, pptv, Gas_NOy_InSitu_S_AVMR, volume mixing ratio of total oxidized nitrogen in air
0
18
PI_CONTACT_INFO: andrew.rollins@noaa.gov
PLATFORM: CSL Mobile Lab
LOCATION: Salt Lake City, UT
ASSOCIATED_DATA:
INSTRUMENT_INFO: NO detection by laser induced fluorescence. NO2 detection by photolytic conversion to NO. NOy detection by catalytic conversion to NO on gold surface
DATA_INFO:
UNCERTAINTY: Included 1 Sigma Accuracy waves represent the combined calibration uncertainties (±6%, ±9%, ±10%) and zero uncertainties (3 ppt, 20 ppt, 100 ppt) for NO, NO2, and NOy, respectively.
ULOD_FLAG: -7777
ULOD_VALUE: N/A
LLOD_FLAG: -8888
LLOD_VALUE: N/A
DM_CONTACT_INFO: andrew.rollins@noaa.gov
PROJECT_INFO: USOS Project, July - August 2024
STIPULATIONS_ON_USE: Users are strongly encouraged to contact the PI for proper data usage.
OTHER_COMMENTS:
REVISION: R0
R0: final data
Time_Start, Time_Stop, NO_LIF, NO2_LIF, NOy_LIF, NO_LIF_1SigmaAccuracy, NO2_LIF_1SigmaAccuracy, NOy_LIF_1SigmaAccuracy
       0,      60,703.67,2427.5,5971.3,45.22, 238.47, 697.13
      60,     120,6936.2,14145,32952,419.17, 1293.1, 3395.2
     120,     180,573.31,3016.9,11482,37.399, 291.52, 1248.2
     180,     240,156.55,1562.8,3776.1,12.393, 160.65, 477.61
     240,     300,944.48,4420.9,10735,59.669, 417.88, 1173.5
     300,     360,162.49,1415.3,6392,12.749, 147.37, 739.2
     360,     420,251.29,1754.7,3787,18.077, 177.92, 478.7
     420,     480,244.46,1733.7,3559.2,17.668, 176.04, 455.92
     480,     540,160.78,1435.3,3436.4,12.647, 149.17, 443.64
     540,     600,974.32,3856.5,10034,61.459, 367.08, 1103.4
     600,     660,192.64,1479.1,3370.6,14.558, 153.12, 437.06
     660,     720,259.97,1881.3,3620.1,18.598, 189.32, 462.01
     720,     780,2177.1,6858.1,8941.9,133.63, 637.23, 994.19
     780,     840,1710.7,8146.4,14304,105.64, 753.18, 1530.4
     840,     900,2322.5,10559,15661,142.35, 970.32, 1666.1
     900,     960,186.61,1643.3,6427.5,14.197, 167.89, 742.75
     960,    1020,137.14,1515.1,3542.5,11.228, 156.36, 454.25
    1020,    1080,740.53,3317.5,6015.3,47.432, 318.58, 701.53
    1080,    1140,1019.7,4607.5,8772.6,64.181, 434.68, 977.26
    1140,    1200,1515.3,7546.9,14348,93.92, 699.22, 1534.8
    1200,    1260,2670.5,12707,15622,163.23, 1163.6, 1662.2
    1260,    1320,675.73,3750.6,6575,43.544, 357.55, 757.5
    1320,    1380,366.99,2683.6,6606,25.019, 261.52, 760.6
    1380,    1440,130.84,1312.9,3026.4,10.85, 138.16, 402.64
    1440,    1500,273.14,1581.4,3041.9,19.388, 162.33, 404.19
    1500,    1560,1620.4,7017.9,9949.6,100.22, 651.61, 1095
    1560,    1620,932.23,3337.7,7223.1,58.934, 320.4, 822.31
    1620,    1680,1254.7,5529.5,9946.7,78.285, 517.65, 1094.7
    1680,    1740,282.96,2361.8,8415.8,19.977, 232.56, 941.58
    1740,    1800,1392.5,7799.3,12387,86.55, 721.94, 1338.7
    1800,    1860,640.16,4526.6,7369.6,41.409, 427.39, 836.96
    1860,    1920,193.8,2194.8,4028.1,14.628, 217.53, 502.81
    1920,    1980,265.63,2098.6,4320.4,18.938, 208.88, 532.04
    1980,    2040,151.1,1838.3,3845,12.066, 185.45, 484.5
    2040,    2100,675.95,4652.2,11241,43.557, 438.7, 1224.1
    2100,    2160,1206.4,5037.1,7686.1,75.387, 473.34, 868.61
    2160,    2220,1050.3,6049.7,11339,66.02, 564.48, 1233.9
    2220,    2280,187.65,2600.1,5101.1,14.259, 254.01, 610.11
    2280,    2340,145.3,2149.7,3989.6,11.718, 213.47, 498.96
    2340,    2400,162.73,2346,4000.3,12.764, 231.14, 500.03
    2400,    2460,196.46,2725.3,4572,14.788, 265.28, 557.2
    2460,    2520,209.43,2874.4,4947.6,15.566, 278.7, 594.76
    2520,    2580,206.19,2908.2,5016.1,15.371, 281.74, 601.61
    2580,    2640,226.75,3226.1,5421.3,16.605, 310.35, 642.13
    2640,    2700,172.69,2466.3,5030.7,13.362, 241.97, 603.07
    2700,    2760,187.94,2764.6,4816,14.276, 268.82, 581.6
    2760,    2820,179.68,2813.2,4798.5,13.781, 273.18, 579.85
    2820,    2880,202.99,2936.4,5023.9,15.179, 284.28, 602.39
    2880,    2940,165.91,2587,4613,12.955, 252.83, 561.3
    2940,    3000,160.97,2451.1,4322.3,12.658, 240.6, 532.23
    3000,    3060,160.15,2551.4,4399.6,12.609, 249.62, 539.96
    3060,    3120,172.9,2872.2,4848.8,13.374, 278.5, 584.88
    3120,    3180,192.52,2992.1,4893.1,14.551, 289.29, 589.31
    3180,    3240,180.79,2512.7,4446.6,13.847, 246.15, 544.66
    3240,    3300,167.43,2465.8,4393.9,13.046, 241.92, 539.39
    3300,    3360,162.55,2390.1,4200.2,12.753, 235.1, 520.02
    3360,    3420,161.88,2312.7,4058.2,12.713, 228.14, 505.82
    3420,    3480,180.03,2663.7,4464.1,13.802, 259.73, 546.41
    3480,    3540,177.65,2844.6,4701.7,13.659, 276.01, 570.17
    3540,    3600,384.51,3520.5,5509,26.07, 336.84, 650.9
    3600,    3660,308.25,3402.2,5013,21.495, 326.2, 601.3
    3660,    3720,173.04,2622.5,4473.4,13.383, 256.02, 547.34
    3720,    3780,157.46,2342.7,4043,12.448, 230.84, 504.3
    3780,    3840,153.72,2487.4,4271.1,12.223, 243.87, 527.11
    3840,    3900,150.74,2559.9,4252.9,12.044, 250.39, 525.29
    3900,    3960,152.56,2722,4550.6,12.154, 264.98, 555.06
    3960,    4020,153.77,2801.5,4578.8,12.226, 272.14, 557.88
    4020,    4080,172.15,2934,4673.1,13.329, 284.06, 567.31
    4080,    4140,182.09,3233.9,5159.2,13.926, 311.05, 615.92
    4140,    4200,237.86,3844.6,5660.4,17.271, 366.01, 666.04
    4200,    4260,242.71,4036.8,5705.2,17.562, 383.31, 670.52
    4260,    4320,223.55,4052,5958,16.413, 384.68, 695.8
    4320,    4380,231.19,4151.5,5988.4,16.871, 393.64, 698.84
    4380,    4440,229.8,3790.9,5775.9,16.788, 361.19, 677.59
    4440,    4500,179.38,3491.5,5407.4,13.763, 334.23, 640.74
    4500,    4560,191.03,3541.6,5315.2,14.462, 338.74, 631.52
    4560,    4620,171.97,3509.6,5153.3,13.318, 335.87, 615.33
    4620,    4680,136.78,2885.2,4689.2,11.207, 279.67, 568.92
    4680,    4740,145.13,2977.3,4530,11.708, 287.96, 553
    4740,    4800,128.51,3041.5,4527.5,10.711, 293.73, 552.75
    4800,    4860,128.99,2947.5,4625.5,10.739, 285.28, 562.55
    4860,    4920,115.37,2713.7,4262.5,9.9219, 264.23, 526.25
    4920,    4980,-9999,-9999,-9999,-9999, -9999, -9999
    4980,    5040,-9999,-9999,-9999,-9999, -9999, -9999
    5040,    5100,-9999,-9999,-9999,-9999, -9999, -9999
    5100,    5160,-9999,-9999,-9999,-9999, -9999, -9999
    5160,    5220,-9999,-9999,-9999,-9999, -9999, -9999
    5220,    5280,-9999,-9999,-9999,-9999, -9999, -9999
    5280,    5340,-9999,-9999,-9999,-9999, -9999, -9999
    5340,    5400,150.12,3358.4,5147,12.007, 322.25, 614.7
    5400,    5460,155.79,3659.5,5911.9,12.347, 349.35, 691.19
    5460,    5520,147.07,3567.9,5560.9,11.824, 341.11, 656.09
    5520,    5580,142.54,3633,5416.1,11.552, 346.97, 641.61
    5580,    5640,143.89,3501,5435.1,11.634, 335.09, 643.51
    5640,    5700,138.9,3512.3,5637,11.334, 336.11, 663.7
    5700,    5760,144.15,3770.2,6134.7,11.649, 359.32, 713.47
    5760,    5820,145.54,3754.3,5813.2,11.732, 357.89, 681.32
    5820,    5880,150.63,3987.1,6009.1,12.038, 378.84, 700.91
    5880,    5940,189.47,4335.9,7308.5,14.368, 410.23, 830.85
    5940,    6000,169.08,4439.4,6695.4,13.145, 419.55, 769.54
    6000,    6060,168.32,4625.4,6640.2,13.099, 436.29, 764.02
    6060,    6120,168.79,4655.8,6931.9,13.127, 439.02, 793.19
    6120,    6180,173.58,4876.5,6901.6,13.415, 458.89, 790.16
    6180,    6240,175.64,4837.6,7978.7,13.538, 455.39, 897.87
    6240,    6300,154.67,4499.6,6906.6,12.28, 424.96, 790.66
    6300,    6360,135.74,4169.4,6105.5,11.144, 395.25, 710.55
    6360,    6420,138.3,4078.9,6223.8,11.298, 387.1, 722.38
    6420,    6480,136.53,4027,5773.6,11.192, 382.43, 677.36
    6480,    6540,165.49,4314.1,6542.4,12.93, 408.27, 754.24
    6540,    6600,132.27,4222.7,6341.9,10.936, 400.04, 734.19
    6600,    6660,165.58,4565,7902.2,12.935, 430.85, 890.22
    6660,    6720,185.08,5560.1,7690.4,14.105, 520.41, 869.04
    6720,    6780,168.67,5448.3,7974.9,13.12, 510.34, 897.49
    6780,    6840,144.62,4939.8,6953.7,11.677, 464.58, 795.37
    6840,    6900,141.28,4911.4,7241.2,11.477, 462.02, 824.12
    6900,    6960,121.45,4546.2,6813.7,10.287, 429.16, 781.37
    6960,    7020,125.17,4596.5,6486.2,10.51, 433.68, 748.62
    7020,    7080,128.11,4662.1,6574.8,10.686, 439.59, 757.48
    7080,    7140,122.74,4525,6428.1,10.365, 427.25, 742.81
    7140,    7200,107.51,4369.3,6375.9,9.4505, 413.24, 737.59
    7200,    7260,105.79,4504.6,6255,9.3471, 425.41, 725.5
    7260,    7320,109.66,4576.1,6284.2,9.5796, 431.85, 728.42
    7320,    7380,120.45,4963.6,6622.4,10.227, 466.73, 762.24
    7380,    7440,125.03,5243.7,6862.6,10.502, 491.93, 786.26
    7440,    7500,116.98,5430.7,7150.8,10.019, 508.76, 815.08
    7500,    7560,115.4,5658.9,7486.1,9.9239, 529.3, 848.61
    7560,    7620,105.55,5771.6,7630.8,9.3328, 539.44, 863.08
    7620,    7680,105.8,6104,7894.8,9.3482, 569.36, 889.48
    7680,    7740,114.95,6309.8,8106.7,9.8969, 587.88, 910.67
    7740,    7800,111.19,6226.7,8281.5,9.6712, 580.4, 928.15
    7800,    7860,101.26,5983.9,8149,9.0757, 558.55, 914.9
    7860,    7920,116.73,6747.6,8008.6,10.004, 627.28, 900.86
    7920,    7980,188.77,9481,10246,14.326, 873.29, 1124.6
    7980,    8040,232.37,11216,12043,16.942, 1029.5, 1304.3
    8040,    8100,266.88,11852,15022,19.013, 1086.7, 1602.2
    8100,    8160,507.79,15031,16000,33.467, 1372.8, 1700
    8160,    8220,244.49,12225,14962,17.669, 1120.3, 1596.2
    8220,    8280,245.38,11754,13573,17.723, 1077.9, 1457.3
    8280,    8340,169.21,9954.4,13650,13.153, 915.89, 1465
    8340,    8400,107.78,7685.5,11094,9.4668, 711.7, 1209.4
    8400,    8460,100.93,7317.2,10608,9.0561, 678.55, 1160.8
    8460,    8520,101.87,7436.1,9518.4,9.1123, 689.25, 1051.8
    8520,    8580,98.313,7546.2,9777.5,8.8988, 699.15, 1077.8
    8580,    8640,85.709,6731.3,9530.6,8.1425, 625.82, 1053.1
    8640,    8700,78.308,6472.1,8710.3,7.6985, 602.49, 971.03
    8700,    8760,75.571,6232.7,8325,7.5343, 580.94, 932.5
    8760,    8820,120.15,7053.5,8773.1,10.209, 654.82, 977.31
    8820,    8880,784.45,13756,12831,50.067, 1258, 1383.1
    8880,    8940,188.82,9197.1,12679,14.329, 847.74, 1367.9
    8940,    9000,86.81,7561.5,11555,8.2086, 700.53, 1255.5
    9000,    9060,87.278,6475.2,10638,8.2367, 602.77, 1163.8
    9060,    9120,144.13,6870,9325.3,11.648, 638.3, 1032.5
    9120,    9180,66.466,5800.4,8489.2,6.988, 542.03, 948.92
    9180,    9240,56.801,5837.3,8139.6,6.4081, 545.35, 913.96
    9240,    9300,118.05,7039.3,9651.8,10.083, 653.54, 1065.2
    9300,    9360,142.69,7195.1,11288,11.561, 667.56, 1228.8
    9360,    9420,78.92,6659.6,9820.5,7.7352, 619.36, 1082
    9420,    9480,78.695,7128,12133,7.7217, 661.52, 1313.3
    9480,    9540,67.898,6855.3,14135,7.0739, 636.98, 1513.5
    9540,    9600,39.377,5286.1,9287.8,5.3626, 495.75, 1028.8
    9600,    9660,57.722,6317.4,8046.3,6.4633, 588.56, 904.63
    9660,    9720,45.194,5587.1,8065.7,5.7117, 522.84, 906.57
    9720,    9780,48.978,5350.7,7249.8,5.9387, 501.56, 824.98
    9780,    9840,60.643,5129.3,7276.5,6.6386, 481.64, 827.65
    9840,    9900,36.08,4933.6,6662.6,5.1648, 464.03, 766.26
    9900,    9960,44.145,4708.8,6469.4,5.6487, 443.79, 746.94
    9960,   10020,38.47,4584.7,6465.9,5.3082, 432.62, 746.59
   10020,   10080,30.906,4167.6,6125,4.8544, 395.09, 712.5
   10080,   10140,33.905,3796.5,5594.2,5.0343, 361.68, 659.42
   10140,   10200,21.963,3406.1,5202.9,4.3178, 326.55, 620.29
   10200,   10260,16.55,2982.4,4708.1,3.993, 288.42, 570.81
   10260,   10320,17.326,3065.9,4664.7,4.0396, 295.93, 566.47
   10320,   10380,17.539,3038.3,4599.6,4.0523, 293.45, 559.96
   10380,   10440,25.259,3115.3,4612.6,4.5155, 300.38, 561.26
   10440,   10500,54.921,3617,4913.1,6.2952, 345.53, 591.31
   10500,   10560,44.681,3988.4,5494.9,5.6809, 378.96, 649.49
   10560,   10620,35.912,4049.9,5584.1,5.1547, 384.49, 658.41
   10620,   10680,32.971,3562.8,5125.2,4.9783, 340.65, 612.52
   10680,   10740,28.194,3450.7,5071.2,4.6916, 330.56, 607.12
   10740,   10800,49.064,3297.8,4965.9,5.9438, 316.8, 596.59
   10800,   10860,166.75,4193.9,5624.5,13.005, 397.45, 662.45
   10860,   10920,393.5,6745.5,8733,26.61, 627.1, 973.3
   10920,   10980,78.309,4688.9,6897.4,7.6985, 442, 789.74
   10980,   11040,162.29,3946.9,5515.6,12.737, 375.22, 651.56
   11040,   11100,111.97,4539.3,6138.3,9.7184, 428.54, 713.83
   11100,   11160,59.267,5188.3,7469.6,6.556, 486.95, 846.96
   11160,   11220,29.132,4138.8,6002.7,4.7479, 392.49, 700.27
   11220,   11280,14.151,3599,5207.5,3.849, 343.91, 620.75
   11280,   11340,398.02,4847.6,6193.1,26.881, 456.29, 719.31
   11340,   11400,411.52,6319.7,8313.2,27.691, 588.77, 931.32
   11400,   11460,53.064,4315,6494.4,6.1839, 408.35, 749.44
   11460,   11520,80.909,3538.9,5065.5,7.8546, 338.5, 606.55
   11520,   11580,46.939,3102.4,4704.7,5.8163, 299.22, 570.47
   11580,   11640,240.88,4766.3,5671.6,17.453, 448.97, 667.16
   11640,   11700,170.23,5122.5,7654.3,13.214, 481.03, 865.43
   11700,   11760,81.345,4473.5,6647.2,7.8807, 422.61, 764.72
   11760,   11820,41.239,3066,4709.2,5.4744, 295.94, 570.92
   11820,   11880,27.821,2741.1,4275.6,4.6693, 266.7, 527.56
   11880,   11940,57.964,2768.8,4094.1,6.4778, 269.2, 509.41
   11940,   12000,58.084,3021.6,4268.2,6.485, 291.94, 526.82
   12000,   12060,20.191,2519.9,4087.5,4.2114, 246.79, 508.75
   12060,   12120,20.528,2486,3859.6,4.2317, 243.74, 485.96
   12120,   12180,32.763,2631.2,3916.8,4.9658, 256.8, 491.68
   12180,   12240,20.546,2411.6,3666.1,4.2328, 237.05, 466.61
   12240,   12300,19.228,2341.1,3550.9,4.1537, 230.7, 455.09
   12300,   12360,24.601,2221.9,3379.7,4.476, 219.97, 437.97
   12360,   12420,38.988,2608.2,3636.3,5.3393, 254.74, 463.63
   12420,   12480,67.188,2922.2,4012.7,7.0313, 283, 501.27
   12480,   12540,51.292,2934.9,4197.8,6.0775, 284.14, 519.78
   12540,   12600,100.65,3471,4685,9.0389, 332.39, 568.5
   12600,   12660,67.847,3610.2,4812.3,7.0708, 344.92, 581.23
   12660,   12720,30.847,3112.9,4820.4,4.8508, 300.16, 582.04
   12720,   12780,21.265,2583.6,4160.3,4.2759, 252.52, 516.03
   12780,   12840,20.877,2802.6,4028.6,4.2526, 272.24, 502.86
   12840,   12900,20.467,2743,3953.3,4.228, 266.87, 495.33
   12900,   12960,-9999,-9999,-9999,-9999, -9999, -9999
   12960,   13020,-9999,-9999,-9999,-9999, -9999, -9999
   13020,   13080,-9999,-9999,-9999,-9999, -9999, -9999
   13080,   13140,-9999,-9999,-9999,-9999, -9999, -9999
   13140,   13200,-9999,-9999,-9999,-9999, -9999, -9999
   13200,   13260,-9999,-9999,-9999,-9999, -9999, -9999
   13260,   13320,-9999,-9999,-9999,-9999, -9999, -9999
   13320,   13380,16.005,2390.2,3589.2,3.9603, 235.12, 458.92
   13380,   13440,15.375,2317.9,3555.2,3.9225, 228.61, 455.52
   13440,   13500,12.388,2240.3,3435.1,3.7433, 221.62, 443.51
   13500,   13560,10.054,2261.3,3471,3.6033, 223.52, 447.1
   13560,   13620,39.059,2467.4,3588.9,5.3435, 242.07, 458.89
   13620,   13680,39.366,2759.1,4064.8,5.362, 268.32, 506.48
   13680,   13740,35.385,2883.5,4303.9,5.1231, 279.52, 530.39
   13740,   13800,16.868,2694.9,4005.6,4.0121, 262.54, 500.56
   13800,   13860,19.296,2860.7,4139.1,4.1577, 277.46, 513.91
   13860,   13920,71.46,3694.9,4860,7.2876, 352.54, 586
   13920,   13980,28.608,3145.8,4490.3,4.7165, 303.13, 549.03
   13980,   14040,29.758,2691.4,3987.1,4.7855, 262.23, 498.71
   14040,   14100,19.065,2286.7,3514.8,4.1439, 225.8, 451.48
   14100,   14160,64.61,2433.6,3524,6.8766, 239.02, 452.4
   14160,   14220,66.809,2136.7,3393.5,7.0085, 212.3, 439.35
   14220,   14280,27.68,2099.1,3296.5,4.6608, 208.92, 429.65
   14280,   14340,13.358,1638.3,2831.7,3.8015, 167.45, 383.17
   14340,   14400,14.492,1464.4,2524.3,3.8695, 151.79, 352.43
   14400,   14460,11.532,1494.2,2495.6,3.6919, 154.48, 349.56
   14460,   14520,13.663,1541,2543.1,3.8198, 158.69, 354.31
   14520,   14580,23.911,1744.6,2663.7,4.4347, 177.02, 366.37
   14580,   14640,59.953,2122.7,3086.2,6.5972, 211.04, 408.62
   14640,   14700,35.789,2237.3,3328.9,5.1473, 221.36, 432.89
   14700,   14760,48.351,2131,3254.6,5.9011, 211.79, 425.46
   14760,   14820,27.326,2163.8,3234.9,4.6395, 214.74, 423.49
   14820,   14880,45.092,1923.1,2996.8,5.7055, 193.08, 399.68
   14880,   14940,104.93,1809.2,2835.5,9.2959, 182.83, 383.55
   14940,   15000,154.54,2558.1,3911.6,12.273, 250.23, 491.16
   15000,   15060,164.76,2746.1,4226.3,12.886, 267.15, 522.63
   15060,   15120,58.623,1837,3523.7,6.5174, 185.33, 452.37
   15120,   15180,57.432,1941.1,2993,6.4459, 194.7, 399.3
   15180,   15240,48.397,1530.2,3039.9,5.9038, 157.72, 403.99
   15240,   15300,65.438,1586.8,2522.3,6.9263, 162.81, 352.23
   15300,   15360,45.35,1759.7,2711.9,5.721, 178.37, 371.19
   15360,   15420,197.2,2497.1,3399.5,14.832, 244.74, 439.95
   15420,   15480,142.13,2648.3,3852.5,11.528, 258.35, 485.25
   15480,   15540,44.838,1861.9,3430.7,5.6903, 187.57, 443.07
   15540,   15600,13.945,1492.7,2554.8,3.8367, 154.35, 355.48
   15600,   15660,22.678,1472.1,2415.2,4.3607, 152.48, 341.52
   15660,   15720,47.835,1855.1,2801.4,5.8701, 186.95, 380.14
   15720,   15780,16.883,1805.5,2780.4,4.013, 182.49, 378.04
