CampaignData_and_Merges/R0/CSL_MobileLab_Parked/raw/20240724/USOS-NOAAIodideCIMS-HNO3_MobileLabGround_20240724_RA.ict
33, 1001
Michael A Robinson, Chris Jernigan, Subi Thakali
NOAA ESRL Chemical Sciences Laboratory and CIRES, U. of Colorado
NOAA Iodide CIMS Instrument
USOS
1, 1
2024, 07, 24, 2024, 07, 26
1
starttime_UTC, seconds_past_midnight, seconds_of_day_since_00:00:00_UTC
1
1
-9999
HNO3_NOAACIMS, pptv, Gas_HNO3_InSitu_S_AVMR, 
0
18
PI_CONTACT_INFO: 325 Broadway, R/CSD 7, Boulder, Colorado 80305; michael.a.robinson@noaa.gov; chris.jernigan@noaa.gov;
PLATFORM: NOAA CSL Mobile Lab
LOCATION: SLC, Utah
ASSOCIATED_DATA: 1Hz data also available on request.
INSTRUMENT_INFO: NOAA I- ToF CIMS
DATA_INFO: All data in parts per trillion by volume (pptv). 1 Hz data is available upon request.
UNCERTAINTY: TBD
ULOD_FLAG: -7777
ULOD_VALUE: N/A
LLOD_FLAG: -8888
LLOD_VALUE: N/A
DM_CONTACT_INFO: Nathan Howard; nathan.h.howard@noaa.gov
PROJECT_INFO: USOS, summer 2024. https://csl.noaa.gov/groups/csl7/measurements/2024usos/
STIPULATIONS_ON_USE: Users are strongly encouraged to contact the PI for proper data usage.
OTHER_COMMENTS: 
REVISION: RA
RA: Preliminary Data; For in-field use only
starttime_UTC, HNO3_NOAACIMS
[from data line 996]
 59760, 961.624
 59820, 972.130
 59880, 1001.221
 59940, 1018.865
 60000, 1060.067
 60060, 1102.928
 60120, 1117.710
 60180, 1124.895
 60240, 1085.323
 60300, 1028.619
 60360, 1059.119
 60420, 1087.672
 60480, 1188.273
 60540, 1260.250
 60600, 1256.445
 60660, 1178.892
 60720, 1186.736
 60780, 1151.358
 60840, 1089.502
 60900, 1059.613
 60960, 1102.842
 61020, 1126.118
 61080, 1142.952
 61140, 1211.657
 61200, 1255.530
 61260, 1301.367
 61320, 1281.549
 61380, 1262.979
 61440, 1311.658
 61500, 1328.630
 61560, 1334.434
 61620, 1019.414
 61680, 1061.255
 61740, 1014.497
 61800, 1059.171
 61860, 1104.381
 61920, 1126.643
 61980, 1221.580
 62040, 1267.371
 62100, 1239.233
 62160, 1226.695
 62220, 1114.225
 62280, 1006.103
 62340, 998.137
 62400, 997.055
 62460, 993.369
 62520, 1043.810
 62580, 1081.193
 62640, 1076.174
 62700, 1087.131
 62760, 1046.275
 62820, 999.020
 62880, 1007.269
 62940, 994.325
 63000, 1028.193
 63060, 1043.956
 63120, 1066.694
 63180, 1061.602
 63240, 1132.537
 63300, 1263.031
 63360, 1447.244
 63420, 1559.379
 63480, 1463.272
 63540, 1507.304
 63600, 1657.459
 63660, 1794.212
 63720, 1729.448
 63780, 1770.274
 63840, 2004.265
 63900, 2191.101
 63960, 2358.077
 64020, 2419.438
 64080, 2399.233
 64140, 2354.493
 64200, 2181.859
 64260, 2115.632
 64320, 2113.107
 64380, 2142.666
 64440, 2162.229
 64500, 2107.189
 64560, 1901.036
 64620, 1769.941
 64680, 1656.468
 64740, 1681.692
 64800, 1723.625
 64860, 1806.279
 64920, 1712.600
 64980, 1660.337
 65040, 1644.932
 65100, 1611.214
 65160, 1634.422
 65220, 1645.450
 65280, -9999.000
 65340, 1452.024
 65400, 1478.239
 65460, 1526.141
 65520, 1568.304
 65580, 1524.761
 65640, 1524.595
 65700, 1506.190
 65760, 1440.128
 65820, 1401.504
 65880, 1489.079
 65940, 1705.721
 66000, 1636.947
 66060, 1657.472
 66120, 1767.851
 66180, 1730.712
 66240, 1673.602
 66300, 1643.031
 66360, 1539.964
 66420, 1434.857
 66480, 1528.129
 66540, 1649.868
 66600, 1702.130
 66660, 1687.998
 66720, 1593.798
 66780, 1597.731
 66840, 1626.580
 66900, 1762.489
 66960, 1704.818
 67020, 1659.658
 67080, 1644.451
 67140, -9999.000
 67200, 1330.189
 67260, 1602.936
 67320, 1763.225
 67380, 1849.233
 67440, 1914.131
 67500, 1998.340
 67560, 1957.445
 67620, 2013.146
 67680, 2051.118
 67740, 2078.436
 67800, 2079.444
 67860, 2061.520
 67920, 2023.454
 67980, 1838.620
 68040, 1692.298
 68100, 1659.423
 68160, 1748.254
 68220, 1739.815
 68280, 1761.099
 68340, 1785.925
 68400, 1911.621
 68460, 1981.643
 68520, 1785.769
 68580, 1702.040
 68640, 1765.590
 68700, 1541.498
 68760, 1729.289
 68820, 1845.566
 68880, 1882.626
 68940, 1928.318
 69000, -9999.000
 69060, 1617.852
 69120, 1775.185
 69180, 1940.207
 69240, 2077.416
 69300, 2081.227
 69360, 2090.915
 69420, 2168.296
 69480, 2152.333
 69540, 1991.742
 69600, 1990.100
 69660, 1979.185
 69720, 1910.664
 69780, 1777.111
 69840, 1895.402
 69900, 1973.871
 69960, 1856.645
 70020, 1769.975
 70080, 1676.902
 70140, 1615.585
 70200, 1542.397
 70260, 1577.529
 70320, 1505.319
 70380, 1381.038
 70440, 1547.082
 70500, 1613.758
 70560, 1708.489
 70620, 1932.433
 70680, 1981.595
 70740, 2039.918
 70800, 2033.998
 70860, 1513.177
 70920, 1493.612
 70980, 1400.975
 71040, 1341.426
 71100, 1381.776
 71160, 1509.200
 71220, 1583.176
 71280, 1500.607
 71340, 1428.016
 71400, 1411.375
 71460, 1296.172
 71520, 1256.038
 71580, 1162.926
 71640, 1070.140
 71700, 1027.975
 71760, 840.009
 71820, 720.805
 71880, 1088.034
 71940, 1160.280
 72000, 1240.993
 72060, 1226.602
 72120, 1292.704
 72180, 1304.430
 72240, 1415.708
 72300, 1304.318
 72360, 1100.070
 72420, 1001.626
 72480, 928.250
 72540, 936.245
 72600, 981.825
 72660, -9999.000
 72720, 1040.829
 72780, 1143.263
 72840, 1187.636
 72900, 1225.044
 72960, 1173.289
 73020, 1188.412
 73080, 1239.830
 73140, 1139.946
 73200, 1071.466
 73260, 1049.454
 73320, 1075.107
 73380, 1114.480
 73440, 1224.109
 73500, 1198.026
 73560, 1238.633
 73620, 1261.202
 73680, 1202.058
 73740, 1133.073
 73800, 1138.944
 73860, 1151.944
 73920, 1181.797
 73980, 1189.064
 74040, 1194.948
 74100, 1104.627
 74160, 1106.838
 74220, 1079.947
 74280, 1090.809
 74340, 1039.311
 74400, 1044.335
 74460, 1091.480
 74520, 1069.101
 74580, 958.333
 74640, 940.053
 74700, 969.225
 74760, 991.013
 74820, 914.548
 74880, 944.363
 74940, 950.881
 75000, 983.098
 75060, 937.750
 75120, 1026.935
 75180, 1094.938
 75240, 1143.336
 75300, 1209.779
 75360, 1158.822
 75420, 1163.337
 75480, 1095.650
 75540, 1091.817
 75600, 1048.643
 75660, 1064.243
 75720, 1064.997
 75780, 1094.352
 75840, 1192.878
 75900, 1155.598
 75960, 1153.444
 76020, 1161.577
 76080, 1165.363
 76140, 1057.233
 76200, 1070.842
 76260, 1022.407
 76320, 987.406
 76380, -9999.000
 76440, 847.142
 76500, 926.837
 76560, 914.808
 76620, 936.318
 76680, 1050.356
 76740, 1074.562
 76800, 1147.666
 76860, 1141.926
 76920, 1152.739
 76980, 1227.305
 77040, 1131.233
 77100, 1049.804
 77160, 1058.188
 77220, 1073.095
 77280, 1066.097
 77340, 1078.431
 77400, 1048.828
 77460, 1041.445
 77520, 988.120
 77580, 990.682
 77640, 1034.026
 77700, 1043.867
 77760, 1021.949
 77820, 979.383
 77880, 958.063
 77940, 993.537
 78000, 986.044
 78060, 1025.398
 78120, 997.598
 78180, 995.956
 78240, 939.898
 78300, 1026.760
 78360, 1147.390
 78420, 1097.908
 78480, 1036.388
 78540, 1072.175
 78600, 1053.142
 78660, 1038.279
 78720, 1023.803
 78780, 1080.108
 78840, 1066.250
 78900, 1122.690
 78960, 1131.194
 79020, 1216.488
 79080, 1228.939
 79140, 1196.491
 79200, 1219.900
 79260, 1263.213
 79320, 1230.657
 79380, 1150.028
 79440, 1094.604
 79500, 1129.493
 79560, 1146.905
 79620, 1186.577
 79680, 1128.765
 79740, 1032.148
 79800, 986.616
 79860, 966.263
 79920, 933.105
 79980, 860.404
 80040, 858.243
 80100, 749.193
 80160, 774.138
 80220, 846.650
 80280, 807.206
 80340, 749.379
 80400, 764.017
 80460, 811.732
 80520, 760.860
 80580, 781.673
 80640, 777.184
 80700, 814.756
 80760, 806.685
 80820, 800.922
 80880, 865.226
 80940, 942.082
 81000, 894.842
 81060, 943.506
 81120, 941.533
 81180, 1001.374
 81240, 978.365
 81300, 1069.056
 81360, 1074.611
 81420, 1153.624
 81480, 1141.666
 81540, 1078.210
 81600, 1134.232
 81660, 1113.613
 81720, 1159.712
 81780, 1124.946
 81840, 1133.104
 81900, 1097.253
 81960, 907.469
 82020, 938.710
 82080, 969.642
 82140, 981.224
 82200, 965.146
 82260, 976.935
 82320, 921.094
 82380, 893.147
 82440, 938.117
 82500, 974.890
 82560, 991.904
 82620, 992.209
 82680, 1043.149
 82740, 1055.281
 82800, 1102.520
 82860, 1141.298
 82920, 1153.708
 82980, 1281.528
 83040, 1338.804
 83100, 1155.856
 83160, 919.422
 83220, 597.161
 83280, 616.379
 83340, 776.813
 83400, 698.531
 83460, 582.554
 83520, 515.382
 83580, 527.094
 83640, 509.119
 83700, 499.588
 83760, 505.527
 83820, 505.425
 83880, 519.223
 83940, 486.260
 84000, 493.550
 84060, 479.925
 84120, 543.313
 84180, 579.224
 84240, 630.380
 84300, 673.627
 84360, 692.937
 84420, 691.114
 84480, 718.775
 84540, 738.009
 84600, 760.604
 84660, 788.374
 84720, 787.450
 84780, 784.577
 84840, 857.097
 84900, -9999.000
 84960, 677.892
 85020, 710.428
 85080, 743.931
 85140, 727.011
 85200, 782.455
 85260, 805.495
 85320, 822.051
 85380, 923.689
 85440, 895.813
 85500, 867.674
 85560, 893.268
 85620, 865.997
 85680, 900.128
 85740, 938.953
 85800, 912.370
 85860, 915.087
 85920, 909.374
 85980, 880.426
 86040, 877.371
 86100, 844.793
 86160, 819.699
 86220, 818.517
 86280, 807.527
 86340, 810.002
