CampaignData_and_Merges/R0/CSL_MobileLab_Parked/raw/20240724/USOS-MetNav_MobileLabGround_20240724_R0.ict
44, 1001
Carrie Womack, Nate Howard, Mike Zucker
NOAA Chemical Sciences Laboratory
Mobile Lab MetNav Station
USOS
1, 1
2024, 07, 24, 2024, 12, 21
60
Time_Start, seconds_past_midnight, Seconds from midnight UTC
11
1, 1, 1, 1, 1, 1, 1, 1, 1, 1, 1
-9999, -9999, -9999, -9999, -9999, -9999, -9999, -9999, -9999, -9999, -9999
GPS_Alt_m, meters, Altitude from Differential GPS
GPS_Course_deg, degrees, Course from Differential GPS
GPS_GndSpd_m_s, m/s, Ground Speed from Differential GPS
GPS_Heading_deg, degrees, Heading from Differential GPS
GPS_Lat_deg, degrees, Latitude from Differential GPS
GPS_Lon_deg, degrees, Longitude from Differential GPS
AirTemp_C, Celsius, Air Temperature from Airmar
RelHumidity_pct, percent, Relative Humidity from Airmar
Pressure_mb, millibars, Pressure from Honeywell
WindDir_calc_deg, degrees, Wind Direction from Airmar corrected for van movement
WindSpd_calc_m_s, m/s, Wind Speed from Airmar corrected for van movement
1
SPECIAL COMMENTS:
18
PI_CONTACT_INFO: Address: 325 Broadway R/CSL7, Boulder, CO, 80305
PLATFORM: CSL Mobile Lab
LOCATION: Salt Lake City, UT
ASSOCIATED_DATA: N/A
INSTRUMENT_INFO: N/A
DATA_INFO: Units:
UNCERTAINTY: N/A
ULOD_FLAG: -7777
ULOD_VALUE: N/A
LLOD_FLAG: -8888
LLOD_VALUE: N/A
DM_CONTACT_INFO: Data Manager: Nate Howard
PROJECT_INFO: 
STIPULATIONS_ON_USE: Use of these data require prior ok from PI.
OTHER_COMMENTS: 
REVISION: R0
R0: Final data. Fixed bug in wind averaging code. RA: Preliminary Data. For in-field use only. 
Time_Start, GPS_Alt_m, GPS_Course_deg, GPS_GndSpd_m_s, GPS_Heading_deg, GPS_Lat_deg, GPS_Lon_deg, AirTemp_C, RelHumidity_pct, Pressure_mb, WindDir_calc_deg, WindSpd_calc_m_s
[from data line 1418]
85080.0,1310.0,359.85,0.05,359.85,40.73434,-111.87211,40.1,13.2,877.4,66.18,0.7
85140.0,1309.9,360.00,0.05,360.00,40.73434,-111.87211,39.8,13.5,877.4,26.95,0.4
85200.0,1310.0,359.93,0.06,359.93,40.73434,-111.87211,39.7,13.0,877.4,54.59,0.5
85260.0,1310.0,359.87,0.05,359.87,40.73434,-111.87211,39.6,13.4,877.4,78.95,0.8
85320.0,1310.1,0.28,0.04,0.28,40.73434,-111.87211,39.6,12.8,877.4,104.01,0.8
85380.0,1310.5,0.07,0.04,0.07,40.73434,-111.87211,39.7,13.1,877.4,96.09,1.0
85440.0,1309.8,0.33,0.04,0.33,40.73434,-111.87211,39.7,14.2,877.3,94.04,1.2
85500.0,1310.1,0.70,0.04,0.70,40.73434,-111.87211,39.5,14.8,877.3,73.45,0.9
85560.0,1310.2,0.25,0.05,0.25,40.73434,-111.87211,39.4,14.1,877.4,78.50,1.0
85620.0,1310.2,359.97,0.05,359.97,40.73434,-111.87211,39.4,14.4,877.4,81.26,1.0
85680.0,1310.3,0.20,0.05,0.20,40.73434,-111.87211,39.6,14.7,877.4,79.75,0.9
85740.0,1310.2,0.22,0.06,0.22,40.73434,-111.87211,39.6,14.1,877.4,79.03,1.0
85800.0,1310.4,0.56,0.05,0.56,40.73434,-111.87211,39.6,13.7,877.4,97.22,1.3
85860.0,1310.7,0.10,0.05,0.10,40.73434,-111.87211,39.8,13.6,877.4,79.92,1.0
85920.0,1311.0,359.90,0.04,359.90,40.73434,-111.87211,39.8,14.3,877.4,70.60,0.8
85980.0,1310.9,0.23,0.05,0.23,40.73434,-111.87211,40.0,14.0,877.4,79.84,0.7
86040.0,1311.0,0.42,0.05,0.42,40.73434,-111.87211,40.1,13.6,877.4,79.31,0.8
86100.0,1311.4,359.99,0.05,359.99,40.73434,-111.87211,40.1,14.2,877.4,81.26,1.1
86160.0,1311.0,359.63,0.05,359.63,40.73434,-111.87211,40.1,14.3,877.3,90.18,1.2
86220.0,1311.1,359.59,0.05,359.59,40.73434,-111.87211,40.2,13.8,877.3,81.44,1.1
86280.0,1311.2,359.34,0.05,359.34,40.73434,-111.87211,40.1,14.3,877.3,78.60,1.0
86340.0,1311.2,359.30,0.05,359.30,40.73434,-111.87211,40.2,13.5,877.5,81.43,0.8
