CampaignData_and_Merges/R0/CSL_MobileLab_Parked/raw/20240724/USOS-POPS_MobileLabGround_20240724_R0.ict
78, 1001
Thornberry, T. D.
NOAA Chemical Sciences Laboratory
Portable Optical Particle Spectrometer (POPS)
USOS
1, 1
2024, 07, 24, 2025, 05, 08
60
Time_Start, seconds_past_midnight, Start time of measurement
45
1, 1, 1, 1, 1, 1, 1, 1, 1, 1, 1, 1, 1, 1, 1, 1, 1, 1, 1, 1, 1, 1, 1, 1, 1, 1, 1, 1, 1, 1, 1, 1, 1, 1, 1, 1, 1, 1, 1, 1, 1, 1, 1, 1, 1
-9999, -9999, -9999, -9999, -9999, -9999, -9999, -9999, -9999, -9999, -9999, -9999, -9999, -9999, -9999, -9999, -9999, -9999, -9999, -9999, -9999, -9999, -9999, -9999, -9999, -9999, -9999, -9999, -9999, -9999, -9999, -9999, -9999, -9999, -9999, -9999, -9999, -9999, -9999, -9999, -9999, -9999, -9999, -9999, -9999
Time_Stop, seconds_past_midnight, Stop time of measurement
Time_Mid, seconds_past_midnight, Mid time of measurement
Press_mb, mb, Pressure reported (mb)
Temp_C, degrees C, POPS temperature measurement
Aerosol_concentration, cm^-3, Aerosol concentration
Surface_Area_Conc, um^2 cm^-3, Surface area concentration
Volume_density, um^3 cm^-3, Volume density
Effective_radius, um, Effective radius
Extinction, km^-1, Extinction
Bin01, cm^-3, particle concentration in size range [1401 - 146.3 nm]
Bin02, cm^-3, particle concentration in size range [146.3 - 152.8 nm]
Bin03, cm^-3, particle concentration in size range [152.8 - 159.6 nm]
Bin04, cm^-3, particle concentration in size range [159.6 - 166.8 nm]
Bin05, cm^-3, particle concentration in size range [166.8 - 174.2 nm]
Bin06, cm^-3, particle concentration in size range [174.2 - 181.9 nm]
Bin07, cm^-3, particle concentration in size range [181.9 - 190.0 nm]
Bin08, cm^-3, particle concentration in size range [190.0 - 198.5 nm]
Bin09, cm^-3, particle concentration in size range [198.5 - 207.4 nm]
Bin10, cm^-3, particle concentration in size range [207.4 - 216.6 nm]
Bin11, cm^-3, particle concentration in size range [216.6 - 226.2 nm]
Bin12, cm^-3, particle concentration in size range [226.2 - 236.3 nm]
Bin13, cm^-3, particle concentration in size range [236.3 - 246.8 nm]
Bin14, cm^-3, particle concentration in size range [246.8 - 257.8 nm]
Bin15, cm^-3, particle concentration in size range [257.8 - 269.3 nm]
Bin16, cm^-3, particle concentration in size range [269.3 - 343.4 nm]
Bin17, cm^-3, particle concentration in size range [343.4 - 450.7 nm]
Bin18, cm^-3, particle concentration in size range [450.7 - 525.9 nm]
Bin19, cm^-3, particle concentration in size range [525.9 - 618.5 nm]
Bin20, cm^-3, particle concentration in size range [618.5 - 710.0 nm]
Bin21, cm^-3, particle concentration in size range [710.0 - 822.7 nm]
Bin22, cm^-3, particle concentration in size range [822.7 - 885.9 nm]
Bin23, cm^-3, particle concentration in size range [885.9 - 953.9 nm]
Bin24, cm^-3, particle concentration in size range [953.9 - 1027.2 nm]
Bin25, cm^-3, particle concentration in size range [1027.2 - 1106.1 nm]
Bin26, cm^-3, particle concentration in size range [1106.1 - 1191.0 nm]
Bin27, cm^-3, particle concentration in size range [1191.0 - 1282.5 nm]
Bin28, cm^-3, particle concentration in size range [1282.5 - 1381.0 nm]
Bin29, cm^-3, particle concentration in size range [1381.0 - 1487.1 nm]
Bin30, cm^-3, particle concentration in size range [1487.1 - 1601.3 nm]
Bin31, cm^-3, particle concentration in size range [1601.3 - 1724.3 nm]
[...]
PLATFORM: NOAA CSL Mobile Lab
LOCATION: USOS
ASSOCIATED_DATA: N/A
INSTRUMENT_INFO: Printed Optical Particle Spectrometer counts particles from 140 - 2500 nm in diameter 
DATA_INFO: Particle concentrations reported in number per cubic centimeter,1 Hz data
UNCERTAINTY: Counting uncertainty dominated by air flow, less than 5 percent. Measurement range is ~0 - 3000 per cm3 (varies depending on flow rate- manufacturer quotes 1250 per cm3 at 1.667 cc/s)
ULOD_FLAG: -7777
ULOD_VALUE: N/A
LLOD_FLAG: -8888
LLOD_VALUE: N/A
DM_CONTACT_INFO: Troy Thornberry, 325 Broadway R/CSL6, Boulder, CO 80305; troy.thornberry@noaa.gov; 303-497-3373
PROJECT_INFO: USOS, Utah POPS data from NOAA CSL Mobile Lab
STIPULATIONS_ON_USE: Please contact the PIs for questions regarding applications and uncertainties
OTHER_COMMENTS: POPS bin Edges (nm):  140.1, 146.3, 152.8, 159.6, 166.8, 174.2, 181.9, 190.0, 198.5, 207.4, 216.6, 226.2, 236.3, 246.8, 257.8, 269.3, 343.4, 450.7, 525.9, 618.5, 710.0, 822.7, 885.9, 953.9, 1027.2, 1106.1, 1191.0, 1282.5, 1381.0, 1487.1, 1601.3, 1724.3, 1856.7, 1999.3, 2152.8, 2318.2, 2496.2
Calculations assume organic aerosol refractive index of 1.52+0.00j and extinction wavelength = 532 nm
REVISION: R0
R0: Final data
Time_Start, Time_Stop, Time_Mid, Press_mb, Temp_C, Aerosol_concentration, Surface_Area_Conc, Volume_density, Effective_radius, Extinction, Bin01, Bin02, Bin03, Bin04, Bin05, Bin06, Bin07, Bin08, Bin09, Bin10, Bin11, Bin12, Bin13, Bin14, Bin15, Bin16, Bin17, Bin18, Bin19, Bin20, Bin21, Bin22, Bin23, Bin24, Bin25, Bin26, Bin27, Bin28, Bin29, Bin30, Bin31, Bin32, Bin33, Bin34, Bin35, Bin36
[from data line 1283]
76980,77039,77010,874.040,43.870,570.289,112.531,6.183,0.164,0.038,26.913235,27.111120,26.714844,26.453238,26.687561,26.695053,26.170565,25.578329,26.345699,27.041782,28.929764,33.785217,37.844692,38.483383,31.277485,93.244987,28.986973,7.914728,3.109097,0.328937,0.127685,0.094505,0.055579,0.054426,0.034027,0.056098,0.028270,0.033180,0.022228,0.044443,0.038358,0.016894,0.022660,0.016779,0.005631,0.021990
77040,77099,77070,873.997,43.877,574.454,112.618,6.141,0.163,0.038,27.260588,26.896568,27.049932,27.388794,27.538126,26.285679,26.583872,26.587702,25.908180,27.295139,29.618244,33.315601,37.972424,38.438202,31.209570,94.098335,29.050657,7.990940,3.107578,0.311676,0.141012,0.078385,0.022261,0.039976,0.028329,0.039345,0.022290,0.028773,0.011059,0.016335,0.022828,0.028092,0.022906,0.005575,0.010935,0.028189
77100,77159,77130,874.021,43.921,569.508,111.995,6.146,0.164,0.038,27.108175,25.794706,26.671194,27.285486,27.120039,26.523268,25.634914,26.075665,25.871231,26.951723,28.676245,34.414364,37.969860,38.187321,30.541904,94.413452,28.251554,8.065316,3.014965,0.311393,0.166774,0.050055,0.056244,0.088906,0.027662,0.033569,0.021950,0.016726,0.016062,0.016918,0.028708,0.033573,0.017027,0.022210,0.011338,0.017105
77160,77219,77190,874.021,43.899,564.465,110.256,5.827,0.158,0.037,26.826944,26.701097,26.230143,25.976442,26.273752,26.111021,25.668354,25.223339,26.114588,26.523024,28.896547,33.258675,38.133633,38.984627,30.427898,93.400383,28.511652,7.662111,2.776043,0.326058,0.139046,0.038599,0.027571,0.033214,0.000000,0.011024,0.016781,0.005537,0.016912,0.044215,0.043805,0.000000,0.011262,0.022657,0.022165,0.005574
77220,77279,77250,874.010,43.961,571.269,111.914,6.149,0.164,0.037,27.190800,27.722334,26.622116,26.852934,26.996813,26.450071,26.477224,26.822250,25.927824,27.298586,28.874239,33.792347,38.967300,38.696739,30.433287,92.059059,28.586147,7.653028,2.775852,0.252208,0.218453,0.105715,0.073856,0.060628,0.078486,0.022662,0.044423,0.061697,0.017124,0.011093,0.044932,0.022429,0.005767,0.017105,0.005612,0.028070
77280,77339,77310,874.023,43.945,573.131,113.147,6.423,0.170,0.038,27.401489,27.069309,26.525436,26.531061,26.683134,26.875195,26.078003,26.027653,26.210686,27.354000,29.011118,33.746914,38.063896,38.716198,31.276031,95.524101,28.236521,7.814155,2.921372,0.348059,0.144894,0.095032,0.061693,0.078684,0.039640,0.011359,0.033556,0.017069,0.034389,0.022391,0.044143,0.061376,0.033474,0.011416,0.005612,0.021882
77340,77399,77370,874.010,43.923,561.747,110.194,6.176,0.167,0.037,26.882200,26.488319,25.573339,25.922012,27.004747,26.110365,26.419535,25.212854,25.654119,27.179552,28.340534,32.793324,37.733017,39.516884,29.706593,92.314636,27.562857,7.536428,2.804951,0.342936,0.174398,0.078846,0.067566,0.033589,0.051223,0.027502,0.022635,0.033651,0.000000,0.017277,0.011629,0.050957,0.022104,0.011264,0.011491,0.033828
77400,77459,77430,873.997,43.985,565.675,110.871,6.127,0.165,0.037,27.307373,26.851095,26.299397,25.929008,26.127186,26.591345,25.992508,25.870831,25.770517,27.121353,29.026707,33.862041,37.816154,38.734196,31.039562,92.003159,28.055454,7.517759,2.782781,0.339072,0.159053,0.073325,0.044316,0.089068,0.044601,0.033157,0.005274,0.022305,0.005727,0.027995,0.037864,0.016892,0.000000,0.016206,0.016729,0.044956
77460,77519,77490,874.004,44.051,567.862,110.677,6.012,0.162,0.037,27.929045,26.957016,26.784718,26.885229,26.706085,26.582153,25.987288,25.639383,26.455219,27.833416,29.251749,33.224564,38.741478,38.651241,29.739229,90.959183,27.748743,7.927973,2.903132,0.312323,0.165398,0.089128,0.088592,0.044608,0.027413,0.016878,0.027635,0.028089,0.033760,0.021450,0.017031,0.022243,0.010992,0.005241,0.022237,0.022257
77520,77579,77550,874.015,44.030,560.758,110.315,5.964,0.162,0.037,26.382576,26.355577,25.561823,26.045679,26.190557,25.968649,25.041586,25.965176,25.698484,26.061354,29.112213,32.528778,37.628979,38.520721,30.652838,93.014969,28.442341,7.690883,2.972336,0.328028,0.133490,0.066198,0.055952,0.054974,0.027837,0.034021,0.033582,0.033519,0.016648,0.022778,0.054762,0.033553,0.010840,0.000000,0.005394,0.011204
77580,77639,77610,874.009,44.048,560.815,110.415,5.954,0.161,0.037,26.316715,26.161863,26.188633,26.439466,26.005836,25.818068,24.868572,25.571350,26.118389,25.899086,28.774734,33.794521,37.756279,38.432560,30.136013,92.405266,28.147644,8.069456,3.041946,0.305469,0.117245,0.055848,0.062060,0.032693,0.033024,0.050331,0.016548,0.044955,0.010813,0.028027,0.039142,0.011281,0.022198,0.016555,0.011038,0.011357
77640,77699,77670,873.974,44.020,558.979,109.878,5.899,0.160,0.037,26.459618,25.389582,25.577429,25.643360,25.740723,25.499502,26.048334,24.949173,25.714436,27.137409,29.458347,33.282345,37.848965,38.499641,29.901335,91.705406,28.274662,7.984225,3.054222,0.271543,0.173063,0.099404,0.039114,0.022485,0.026953,0.032883,0.010922,0.005708,0.017225,0.010955,0.027680,0.005612,0.011021,0.000000,0.022014,0.033211
77700,77759,77730,873.963,43.965,558.540,110.234,6.018,0.163,0.037,26.452816,25.245918,25.258785,25.520473,25.440298,25.764217,25.085173,25.415337,25.351227,26.069532,29.095711,33.691769,38.523167,38.687275,30.894878,91.557884,28.867373,7.830709,2.921702,0.329875,0.165866,0.082419,0.050058,0.033335,0.016341,0.005308,0.010685,0.010667,0.011280,0.016642,0.044212,0.022157,0.016509,0.005574,0.011357,0.033640
77760,77819,77790,873.938,44.016,554.819,108.569,5.744,0.158,0.036,26.321377,25.679914,25.724493,25.520073,25.966604,25.686066,25.514669,25.821173,25.122656,25.942596,28.356043,33.113041,38.242485,37.275341,30.332617,91.241180,27.389378,7.682391,2.989529,0.283804,0.177629,0.066575,0.093948,0.049033,0.043514,0.016995,0.039184,0.027349,0.016764,0.010634,0.005429,0.011320,0.010954,0.021862,0.022452,0.000000
77820,77879,77850,873.952,44.040,556.404,109.656,6.111,0.166,0.037,25.599339,25.708580,25.595182,26.096216,26.084267,25.344252,25.028320,26.067533,24.938906,26.711725,28.322895,33.484467,38.048191,38.364052,30.277103,91.255989,27.980991,7.604085,3.021592,0.254408,0.194204,0.060751,0.065910,0.039149,0.016066,0.011475,0.033457,0.010958,0.022129,0.022525,0.022232,0.044820,0.016933,0.016932,0.010707,0.027411
77880,77939,77910,873.948,44.088,554.514,109.612,6.035,0.164,0.037,25.964592,25.461609,25.799879,25.373558,26.003384,26.037571,25.173958,25.295244,23.882307,26.593517,28.678974,32.386642,37.857235,39.112068,30.255253,90.679100,28.064632,7.891539,3.061132,0.360320,0.138995,0.067178,0.049474,0.027495,0.060377,0.016291,0.027748,0.011024,0.027653,0.016581,0.049753,0.022428,0.016427,0.005574,0.027889,0.016893
77940,77999,77970,873.937,44.101,557.936,109.693,5.870,0.160,0.037,26.796961,25.491310,25.233999,26.367594,26.233644,25.297569,25.221624,25.978592,24.929932,26.698620,28.237225,33.797306,38.139847,38.285675,29.928947,91.314217,28.214251,7.901335,2.972146,0.310019,0.160839,0.076623,0.043783,0.054951,0.038839,0.022659,0.021658,0.022050,0.021563,0.033590,0.027717,0.000000,0.011338,0.022561,0.000000,0.027534
78000,78059,78030,873.925,44.134,561.784,110.524,6.081,0.164,0.037,26.055799,25.979509,26.117245,26.038761,26.810024,25.506445,26.106213,25.313946,26.060364,26.621332,28.592335,33.621872,38.000408,40.039291,29.730940,91.103134,28.482811,7.748147,2.928995,0.276102,0.159301,0.085088,0.055973,0.062105,0.068021,0.038505,0.028677,0.011376,0.017514,0.011032,0.022657,0.022480,0.005765,0.005726,0.011025,0.045298
78060,78119,78090,873.914,44.122,559.305,108.990,5.762,0.158,0.036,25.757746,26.351564,24.909548,25.741280,25.791176,25.849899,25.360567,25.924768,25.830151,27.219511,29.221880,34.126751,38.378551,38.602364,29.445671,91.940865,27.855700,7.341925,2.859755,0.317788,0.122342,0.077087,0.010920,0.055470,0.043923,0.028219,0.016632,0.016332,0.005631,0.010868,0.016820,0.022265,0.011261,0.016770,0.016952,0.005708
78120,78179,78150,873.908,44.028,556.259,109.671,6.005,0.164,0.037,25.855068,25.113489,24.919790,26.090946,26.135454,26.264837,25.366055,25.542976,25.257866,26.933651,28.506392,32.738430,38.316708,38.442585,30.119024,91.270920,28.090752,7.563928,2.729741,0.352386,0.166294,0.060574,0.076997,0.050177,0.027120,0.027981,0.005650,0.045006,0.028014,0.032613,0.044231,0.005787,0.027912,0.005537,0.016299,0.027582
78180,78239,78210,873.905,44.043,565.449,111.123,6.132,0.165,0.037,26.572720,25.693266,25.664270,26.103609,26.760273,25.872623,26.225264,26.436455,26.389816,27.013926,29.405170,34.502247,38.128635,40.081680,30.425934,91.215378,27.204945,7.650209,3.079872,0.299759,0.167804,0.072501,0.082805,0.067099,0.033202,0.038887,0.022040,0.039091,0.060641,0.016652,0.022486,0.022286,0.016788,0.021834,0.033530,0.005593
78240,78299,78270,873.883,44.109,564.344,110.832,6.116,0.165,0.037,25.987732,25.885529,25.205748,26.372709,26.664454,26.475740,25.710190,25.762859,26.486717,27.159462,29.505539,33.998951,38.690853,39.381992,30.337187,91.347382,27.557991,7.989950,2.988321,0.272474,0.177930,0.055909,0.027820,0.016854,0.033216,0.038997,0.022678,0.016840,0.016741,0.011113,0.044248,0.016469,0.011243,0.005727,0.027713,0.038342
78300,78359,78330,873.896,44.132,560.886,109.158,5.868,0.160,0.036,25.834961,25.967318,25.315775,26.309319,27.389404,26.257660,26.199297,26.773586,25.139252,26.969845,28.907560,34.000725,38.474918,38.587589,29.857040,91.280495,26.660526,7.265268,2.683085,0.287622,0.210476,0.076733,0.070916,0.066740,0.065578,0.022343,0.039206,0.038881,0.017006,0.022739,0.021882,0.016884,0.016616,0.017009,0.000000,0.021946
78360,78419,78390,873.883,44.114,563.904,109.551,5.883,0.161,0.036,26.327999,26.339714,25.438231,26.274221,27.221212,26.367664,26.090887,26.903975,26.186146,26.610609,28.776291,33.936344,38.360401,38.734451,30.858843,91.451553,26.769789,7.516939,2.894695,0.321903,0.115972,0.072346,0.061413,0.050399,0.017067,0.038756,0.027755,0.022379,0.027481,0.005631,0.005631,0.016289,0.000000,0.011086,0.010652,0.039380
78420,78479,78450,873.875,44.149,580.521,110.733,5.870,0.159,0.036,33.102837,30.368933,28.254232,28.786419,26.927662,26.972948,26.207466,26.621996,26.563301,27.172859,29.229656,33.972244,38.517651,38.362152,30.297466,91.019943,26.736155,7.735805,2.844680,0.277413,0.132945,0.072177,0.055112,0.049991,0.033317,0.017107,0.010983,0.050215,0.016822,0.010929,0.027870,0.005574,0.016677,0.011096,0.016523,0.021857
78480,78539,78510,873.862,44.148,565.079,110.691,5.996,0.162,0.037,25.979975,25.904213,25.361151,25.938690,26.264572,26.165770,26.190746,26.311350,26.675491,26.553568,29.602884,34.584938,39.400620,39.134827,30.872601,90.744019,27.439026,7.991321,2.995156,0.347510,0.227684,0.072147,0.044467,0.049322,0.021965,0.011300,0.022307,0.015941,0.005241,0.016298,0.061904,0.027567,0.011186,0.005669,0.000000,0.027501
78540,78599,78570,873.846,44.185,570.812,111.312,5.986,0.161,0.037,26.651943,25.795809,25.904808,26.816235,26.733051,26.322138,26.081392,26.291981,26.867146,27.978491,30.246851,34.445068,38.844837,39.653942,30.159981,92.327324,28.097057,7.720126,3.060987,0.284186,0.172118,0.049704,0.066776,0.039696,0.010918,0.011096,0.011299,0.011359,0.022546,0.022291,0.027801,0.033341,0.022048,0.000000,0.005192,0.022061
78600,78659,78630,873.853,44.226,575.599,111.397,6.092,0.164,0.037,29.104376,28.737669,27.684628,27.306225,27.752481,27.087946,26.080462,26.165508,25.785809,26.355801,30.326349,33.682346,39.105759,38.769039,30.693502,92.059807,27.420168,7.832823,2.748989,0.299935,0.149618,0.093773,0.060731,0.027397,0.032291,0.032658,0.016466,0.016532,0.011283,0.010788,0.049774,0.032855,0.010952,0.021927,0.005308,0.027218
78660,78719,78690,873.849,44.250,569.567,111.190,5.939,0.160,0.037,26.717756,25.924938,25.640142,26.882977,26.755259,25.932205,25.965969,26.482460,26.590816,28.254982,29.799456,33.972286,39.599873,39.294422,30.860081,91.267616,28.087368,7.647565,2.952223,0.368122,0.144249,0.076576,0.049374,0.033012,0.039408,0.049502,0.017065,0.034054,0.016346,0.027534,0.022466,0.005447,0.005519,0.005376,0.016683,0.028012
78720,78779,78750,873.856,44.264,570.724,110.584,5.928,0.160,0.036,27.669371,26.208967,26.201395,26.482531,26.676613,27.332478,26.664700,26.073402,26.516739,28.041681,30.068140,35.109348,38.543327,38.636566,30.409758,91.427483,27.614214,7.336975,2.845988,0.265494,0.161189,0.083272,0.071872,0.027602,0.016533,0.038773,0.033160,0.011169,0.016781,0.033226,0.027731,0.027775,0.022268,0.000000,0.016966,0.010971
78780,78839,78810,873.859,44.287,572.072,111.050,5.796,0.156,0.037,26.168791,26.154495,26.063791,26.511374,26.671494,27.325176,26.253422,25.900934,26.385885,27.508400,29.729485,35.207420,39.822563,39.180172,31.012747,92.819153,28.086113,7.471927,2.995950,0.336888,0.172961,0.049948,0.033143,0.032720,0.021639,0.016989,0.033550,0.011261,0.005411,0.016526,0.011060,0.011167,0.005429,0.021716,0.005556,0.016412
78840,78899,78870,873.870,44.289,580.766,112.425,6.149,0.163,0.037,28.996187,28.019379,27.208609,27.962490,27.773708,26.594435,25.888033,26.771620,26.996401,28.639284,29.892258,34.594460,39.282623,39.615177,30.591642,92.351089,28.347210,7.615294,2.737782,0.313420,0.110019,0.094278,0.049422,0.055524,0.022024,0.027510,0.011280,0.027224,0.021847,0.021636,0.033703,0.044729,0.016730,0.005291,0.010935,0.022178
78900,78959,78930,873.870,44.321,580.448,113.357,6.122,0.161,0.038,26.934229,26.983915,26.006804,27.393290,27.120163,27.449924,26.417480,27.589905,27.143986,29.142178,29.680655,35.233418,39.884457,39.511417,31.183420,92.440842,28.059866,8.185616,3.185308,0.240327,0.179171,0.128439,0.049721,0.056042,0.045302,0.005308,0.022202,0.039457,0.011399,0.005593,0.017262,0.016678,0.033771,0.016837,0.022190,0.011417
78960,79019,78990,873.860,44.348,588.016,114.331,6.277,0.164,0.038,29.859867,28.479517,27.715996,27.857891,27.211109,27.796659,26.425325,26.471273,27.554918,29.152222,29.915684,36.027645,39.793179,39.872478,30.893021,93.139816,27.766926,8.023325,3.074737,0.237242,0.202777,0.083521,0.077627,0.049520,0.066989,0.016240,0.022401,0.027988,0.038824,0.022097,0.033171,0.022202,0.028273,0.028235,0.011135,0.016678
79020,79079,79050,873.823,44.426,573.799,111.842,6.000,0.160,0.037,25.847067,26.459906,25.831030,26.545702,27.011883,26.852097,26.329531,26.150263,26.709354,28.495102,30.531918,34.888630,39.343380,39.696297,31.542925,91.831841,28.253851,7.543947,3.098612,0.325747,0.133763,0.089138,0.021771,0.049604,0.010947,0.027529,0.022060,0.011281,0.011338,0.011301,0.033232,0.027698,0.021887,0.016700,0.005593,0.016043
79080,79139,79110,873.778,44.463,578.161,113.675,6.315,0.166,0.038,26.230799,25.986948,25.604746,27.480194,26.717102,26.700111,26.604841,26.725746,27.180582,28.152451,30.238411,35.103065,40.166683,39.876949,31.500618,93.607666,28.448544,7.995961,2.884673,0.286567,0.187757,0.083217,0.076472,0.066422,0.016375,0.027990,0.039252,0.010617,0.005631,0.016596,0.016493,0.028168,0.011380,0.027354,0.011205,0.043706
79140,79199,79170,873.761,44.452,574.368,113.453,6.299,0.166,0.038,25.379105,25.910330,24.994843,25.876364,26.673101,26.560949,26.726332,26.840319,27.070948,28.215067,30.511629,35.331501,39.410736,39.961315,31.597738,92.676781,28.461344,8.190360,2.907723,0.380267,0.220771,0.088936,0.039100,0.043678,0.016860,0.021923,0.039008,0.027285,0.027643,0.055452,0.005708,0.033181,0.021811,0.000000,0.016913,0.032798
79200,79259,79230,873.735,44.431,577.030,114.446,6.377,0.166,0.038,25.527988,25.355875,25.851727,26.790546,26.895079,26.005106,25.832710,26.608555,27.268026,27.961971,29.774309,34.928890,39.591240,40.655685,31.385241,96.037819,28.364096,8.161669,3.076049,0.269830,0.175866,0.115834,0.061412,0.050137,0.039232,0.022199,0.016481,0.011151,0.016420,0.011113,0.061102,0.016990,0.022485,0.000000,0.022754,0.044308
