CampaignData_and_Merges/R0/CSL_MobileLab_Parked/raw/20240720/USOS-NOAAIodideCIMS-OrgNitrs_MobileLabGround_20240720_RA.ict
37, 1001
Michael A Robinson, Chris Jernigan, Subi Thakali
NOAA ESRL Chemical Sciences Laboratory and CIRES, U. of Colorado
NOAA Iodide CIMS Instrument
USOS
1, 1
2024, 07, 20, 2024, 07, 21
1
starttime_UTC, seconds_past_midnight, seconds_of_day_since_00:00:00_UTC
5
1, 1, 1, 1, 1
-9999, -9999, -9999, -9999, -9999
C4H7NO5_NOAACIMS, pptv, Gas_C4H7NO5_InSitu_S_AVMR, 
ISOPN_NOAACIMS, pptv, Gas_ISOPN_InSitu_S_AVMR, 
C5H10O3_NOAACIMS, pptv, Gas_C5H10O3_InSitu_S_AVMR, 
C5H9NO5_NOAACIMS, pptv, Gas_C5H9NO5_InSitu_S_AVMR, 
C10H17NO4_NOAACIMS, pptv, Gas_C10H17NO4_InSitu_S_AVMR, 
0
18
PI_CONTACT_INFO: 325 Broadway, R/CSD 7, Boulder, Colorado 80305; michael.a.robinson@noaa.gov; chris.jernigan@noaa.gov;
PLATFORM: NOAA CSL Mobile Lab
LOCATION: SLC, Utah
ASSOCIATED_DATA: 1Hz data also available on request.
INSTRUMENT_INFO: NOAA I- ToF CIMS
DATA_INFO: All data in parts per trillion by volume (pptv). 1 Hz data is available upon request.
UNCERTAINTY: TBD
ULOD_FLAG: -7777
ULOD_VALUE: N/A
LLOD_FLAG: -8888
LLOD_VALUE: N/A
DM_CONTACT_INFO: Nathan Howard; nathan.h.howard@noaa.gov
PROJECT_INFO: USOS, summer 2024. https://csl.noaa.gov/groups/csl7/measurements/2024usos/
STIPULATIONS_ON_USE: Users are strongly encouraged to contact the PI for proper data usage.
OTHER_COMMENTS: 
REVISION: RA
RA: Preliminary Data; For in-field use only
starttime_UTC, C4H7NO5_NOAACIMS, ISOPN_NOAACIMS, C5H10O3_NOAACIMS, C5H9NO5_NOAACIMS, C10H17NO4_NOAACIMS
[from data line 1340]
 80400, 11.531, 17.840, 180.190,  7.942,  0.477
 80460, 11.702, 17.432, 178.872,  8.226,  0.537
 80520, 11.717, 18.185, 182.681,  8.263,  0.526
 80580, 11.703, 19.012, 185.295,  8.129,  0.514
 80640, 11.664, 19.413, 184.333,  7.861,  0.613
 80700, 11.252, 17.819, 185.986,  7.913,  0.394
 80760, 11.341, 18.166, 190.653,  7.884,  0.451
 80820, 11.507, 18.144, 190.140,  8.076,  0.424
 80880, 11.367, 17.761, 190.921,  7.965,  0.415
 80940, 11.376, 18.444, 185.847,  8.328,  0.458
 81000, 11.274, 19.112, 185.648,  7.949,  0.451
 81060, 10.896, 18.474, 186.540,  7.965,  0.473
 81120, 11.005, 18.507, 189.281,  7.651,  0.503
 81180, -9999.000, -9999.000, -9999.000, -9999.000, -9999.000
 81240, 10.779, 17.702, 169.259,  8.173,  0.415
 81300, 10.837, 18.407, 173.726,  7.996,  0.433
 81360, 10.450, 18.496, 186.652,  7.799,  0.470
 81420, 10.113, 17.354, 185.029,  7.579,  0.406
 81480,  9.862, 16.782, 188.110,  7.770,  0.298
 81540,  9.716, 16.304, 190.417,  7.345, -0.134
 81600, 10.310, 17.250, 190.605,  7.641,  0.333
 81660, 10.227, 16.208, 188.798,  7.781,  0.397
 81720, 10.193, 16.911, 190.294,  7.699,  0.407
 81780, 10.051, 17.790, 193.681,  7.479,  0.372
 81840,  9.982, 17.527, 189.809,  7.314,  0.311
 81900, 10.077, 17.717, 192.389,  7.590,  0.375
 81960, 10.057, 17.354, 189.185,  7.480,  0.408
 82020, 10.387, 17.415, 189.087,  7.287,  0.420
 82080, 10.768, 17.532, 195.803,  7.534,  0.450
 82140, 11.208, 18.530, 206.249,  7.656,  0.393
 82200, 11.042, 17.898, 210.656,  7.768,  0.342
 82260, 10.441, 17.177, 200.175,  7.388,  0.333
 82320, 10.008, 16.000, 187.756,  7.450,  0.360
 82380,  9.971, 15.350, 178.042,  7.460,  0.291
 82440, 10.028, 14.690, 169.059,  7.274,  0.285
 82500,  9.902, 14.785, 163.696,  7.294,  0.315
 82560, 10.067, 14.976, 164.630,  7.490,  0.294
 82620, 10.020, 14.437, 158.744,  7.475,  0.047
 82680, 10.159, 14.891, 162.229,  7.460,  0.294
 82740, 10.029, 15.014, 156.530,  7.623,  0.319
 82800, 10.027, 15.004, 157.775,  7.746,  0.256
 82860, 10.300, 15.537, 158.423,  7.661,  0.308
 82920, 10.268, 15.886, 158.579,  7.595,  0.195
 82980, 10.392, 16.190, 158.987,  7.480,  0.271
 83040, -9999.000, -9999.000, -9999.000, -9999.000, -9999.000
 83100, 10.017, 14.060, 132.558,  7.725,  0.181
 83160, 10.190, 14.611, 144.514,  7.868,  0.151
 83220,  9.578, 15.631, 148.793,  7.497,  0.216
 83280,  9.430, 15.407, 148.971,  7.252,  0.222
 83340,  9.756, 15.094, 148.659,  7.584,  0.276
 83400,  9.683, 14.922, 148.032,  7.475,  0.233
 83460,  9.725, 14.867, 149.919,  7.527,  0.130
 83520,  9.649, 14.270, 150.920,  7.471, -0.014
 83580,  9.722, 15.124, 149.077,  7.304,  0.318
 83640,  9.155, 14.024, 141.815,  7.060,  0.424
 83700,  9.073, 14.138, 144.802,  7.321,  0.373
 83760,  9.321, 14.246, 139.303,  7.079,  0.219
 83820,  9.344, 14.300, 141.630,  7.249,  0.287
 83880,  9.195, 14.060, 141.180,  7.107,  0.323
 83940,  9.104, 14.032, 141.252,  7.110,  0.360
 84000,  8.972, 14.177, 142.237,  7.224,  0.203
 84060,  8.718, 14.304, 142.249,  7.192,  0.327
 84120,  8.446, 14.560, 134.713,  6.815,  0.249
 84180,  8.354, 13.955, 134.405,  6.892,  0.148
 84240,  8.432, 14.265, 131.532,  6.967,  0.263
 84300,  8.837, 14.278, 137.319,  7.065,  0.302
 84360,  9.099, 15.408, 139.403,  7.123,  0.424
 84420,  9.421, 15.633, 145.542,  7.416,  0.341
 84480,  9.465, 14.857, 149.392,  7.445,  0.378
 84540,  9.586, 15.591, 156.059,  7.326,  0.248
 84600,  9.499, 15.691, 156.899,  7.400,  0.384
 84660,  8.944, 14.132, 158.497,  7.299,  0.124
 84720,  8.787, 14.957, 161.569,  6.974,  0.369
 84780,  8.509, 15.156, 160.203,  7.188,  0.407
 84840,  8.331, 13.746, 154.929,  6.690,  0.038
 84900,  8.157, 13.930, 142.925,  6.888,  0.132
 84960,  7.926, 14.929, 150.350,  7.206,  0.159
 85020,  8.084, 14.871, 151.472,  7.019,  0.178
 85080,  8.377, 15.799, 158.564,  6.979,  0.378
 85140,  8.129, 15.535, 153.370,  7.032,  0.193
 85200,  8.265, 15.911, 148.144,  6.555,  0.160
 85260,  8.761, 16.807, 150.406,  6.831,  0.431
 85320,  9.155, 17.197, 159.492,  7.061,  0.352
 85380,  9.077, 17.352, 162.564,  6.878,  0.471
 85440,  8.617, 16.409, 153.912,  6.876,  0.301
 85500,  8.126, 16.152, 150.338,  6.646,  0.194
 85560,  8.355, 15.544, 155.012,  6.787,  0.053
 85620,  8.768, 15.710, 166.637,  7.133,  0.094
 85680,  8.899, 15.692, 171.850,  6.968,  0.085
 85740,  9.013, 16.383, 177.980,  6.950,  0.188
 85800,  9.058, 15.697, 183.219,  7.088,  0.151
 85860,  9.010, 15.399, 181.280,  6.911,  0.178
 85920,  9.232, 17.035, 191.471,  7.167,  0.216
 85980,  9.287, 16.724, 190.512,  6.887,  0.260
 86040,  9.223, 16.794, 194.087,  7.206,  0.315
 86100,  9.246, 16.342, 191.707,  6.966,  0.344
 86160,  8.866, 16.604, 192.563,  6.846,  0.268
 86220,  8.339, 16.328, 190.372,  7.018,  0.320
 86280,  7.940, 15.773, 183.977,  6.462,  0.163
 86340,  7.697, 15.811, 179.394,  6.668,  0.099
