CampaignData_and_Merges/R0/CSL_MobileLab_Parked/raw/20240720/USOS-NOAAIodideCIMS-OrgNitrs_MobileLabGround_20240720_RA.ict
37, 1001
Michael A Robinson, Chris Jernigan, Subi Thakali
NOAA ESRL Chemical Sciences Laboratory and CIRES, U. of Colorado
NOAA Iodide CIMS Instrument
USOS
1, 1
2024, 07, 20, 2024, 07, 21
1
starttime_UTC, seconds_past_midnight, seconds_of_day_since_00:00:00_UTC
5
1, 1, 1, 1, 1
-9999, -9999, -9999, -9999, -9999
C4H7NO5_NOAACIMS, pptv, Gas_C4H7NO5_InSitu_S_AVMR, 
ISOPN_NOAACIMS, pptv, Gas_ISOPN_InSitu_S_AVMR, 
C5H10O3_NOAACIMS, pptv, Gas_C5H10O3_InSitu_S_AVMR, 
C5H9NO5_NOAACIMS, pptv, Gas_C5H9NO5_InSitu_S_AVMR, 
C10H17NO4_NOAACIMS, pptv, Gas_C10H17NO4_InSitu_S_AVMR, 
0
18
PI_CONTACT_INFO: 325 Broadway, R/CSD 7, Boulder, Colorado 80305; michael.a.robinson@noaa.gov; chris.jernigan@noaa.gov;
PLATFORM: NOAA CSL Mobile Lab
LOCATION: SLC, Utah
ASSOCIATED_DATA: 1Hz data also available on request.
INSTRUMENT_INFO: NOAA I- ToF CIMS
DATA_INFO: All data in parts per trillion by volume (pptv). 1 Hz data is available upon request.
UNCERTAINTY: TBD
ULOD_FLAG: -7777
ULOD_VALUE: N/A
LLOD_FLAG: -8888
LLOD_VALUE: N/A
DM_CONTACT_INFO: Nathan Howard; nathan.h.howard@noaa.gov
PROJECT_INFO: USOS, summer 2024. https://csl.noaa.gov/groups/csl7/measurements/2024usos/
STIPULATIONS_ON_USE: Users are strongly encouraged to contact the PI for proper data usage.
OTHER_COMMENTS: 
REVISION: RA
RA: Preliminary Data; For in-field use only
starttime_UTC, C4H7NO5_NOAACIMS, ISOPN_NOAACIMS, C5H10O3_NOAACIMS, C5H9NO5_NOAACIMS, C10H17NO4_NOAACIMS
[from data line 1008]
 60480,  6.653, 39.850, 151.023,  7.431,  1.028
 60540,  6.971, 39.363, 144.807,  7.416,  0.970
 60600,  7.119, 35.983, 148.212,  8.014,  0.802
 60660,  6.906, 34.443, 144.645,  7.752,  0.966
 60720,  7.038, 34.675, 145.708,  8.013,  0.905
 60780,  7.254, 35.313, 146.927,  7.737,  0.991
 60840, -9999.000, -9999.000, -9999.000, -9999.000, -9999.000
 60900,  7.546, 35.443, 129.727,  7.477,  0.866
 60960,  8.118, 37.958, 137.615,  8.150,  0.923
 61020,  8.210, 37.887, 142.067,  8.412,  1.054
 61080,  8.515, 38.273, 148.630,  8.762,  1.061
 61140,  8.411, 41.431, 155.607,  8.705,  0.997
 61200,  8.229, 41.873, 169.467,  8.293,  1.112
 61260,  8.494, 42.238, 172.409,  8.385,  0.999
 61320,  8.479, 41.197, 168.795,  8.599,  1.002
 61380,  9.150, 39.241, 158.055,  8.892,  0.928
 61440,  9.963, 36.680, 144.684,  9.277,  1.007
 61500, 10.417, 39.601, 148.101,  9.369,  1.029
 61560, 10.357, 38.673, 149.919,  9.440,  0.891
 61620, 10.717, 38.772, 150.507,  9.662,  0.907
 61680, 10.732, 39.649, 156.528,  9.548,  0.956
 61740, 10.823, 39.836, 153.662,  9.657,  1.052
 61800, 11.061, 41.956, 158.720,  9.899,  1.093
 61860, 10.693, 42.348, 162.842,  9.497,  1.065
 61920, 10.902, 43.176, 163.328,  9.467,  0.824
 61980, 11.455, 44.223, 165.900,  9.724,  0.293
 62040, 11.556, 45.628, 171.953,  9.750,  0.738
 62100, 11.867, 46.772, 176.000,  9.731,  0.622
 62160, 11.589, 45.305, 177.294,  9.499,  0.337
 62220, 11.352, 47.089, 182.590,  9.597,  0.810
 62280, 11.421, 47.808, 189.584,  9.471,  0.734
 62340, 11.668, 46.690, 185.668,  9.461,  0.606
 62400, 12.583, 47.659, 185.019,  9.772,  0.946
 62460, 11.647, 48.840, 189.394,  9.642,  0.674
 62520, 11.871, 50.283, 204.697,  9.521,  0.669
 62580, 12.509, 48.937, 198.388,  9.935,  0.980
 62640, 12.326, 48.153, 194.759, 10.013,  0.786
 62700, -9999.000, -9999.000, -9999.000, -9999.000, -9999.000
 62760, 15.008, 35.956, 130.107, 11.761,  0.529
 62820, 15.887, 33.741, 114.441, 12.455,  0.534
 62880, 16.105, 30.887, 108.794, 12.682,  0.682
 62940, 16.552, 28.428, 97.408, 12.799,  0.569
 63000, 16.524, 26.077, 89.276, 13.123,  0.601
 63060, 16.227, 24.334, 79.655, 13.287,  0.990
 63120, 16.453, 24.089, 77.696, 13.876,  1.010
 63180, 16.018, 22.645, 71.732, 13.425,  0.997
 63240, 15.601, 22.558, 72.604, 13.733,  1.049
 63300, 14.777, 20.632, 65.443, 13.194,  1.037
 63360, 14.782, 21.882, 67.220, 13.339,  1.087
 63420, 15.148, 22.100, 69.414, 13.742,  1.263
 63480, 14.919, 23.212, 73.649, 13.176,  1.093
 63540, 13.530, 27.120, 106.238, 12.362,  1.020
 63600, 13.020, 29.894, 133.078, 12.141,  0.965
 63660, 13.256, 32.052, 150.904, 12.025,  0.998
 63720, 13.476, 24.535, 122.856, 12.676,  1.042
 63780, 13.706, 20.157, 97.784, 13.290,  0.933
 63840, 13.934, 22.888, 100.387, 13.218,  0.695
 63900, 13.720, 22.225, 96.224, 12.680,  0.522
 63960, 14.940, 25.573, 103.348, 13.004,  0.527
 64020, 15.416, 26.650, 106.375, 12.840,  0.757
 64080, 15.733, 28.019, 109.471, 12.671,  1.037
 64140, 15.664, 28.618, 110.613, 12.946,  0.888
 64200, 16.047, 31.576, 126.647, 12.958,  0.968
 64260, 16.221, 34.465, 141.544, 12.688,  1.028
 64320, 16.362, 33.442, 147.237, 12.428,  1.018
 64380, 16.286, 36.090, 151.514, 12.142,  1.129
 64440, 16.606, 39.584, 168.314, 12.205,  1.044
 64500, 17.021, 39.392, 174.247, 12.321,  1.094
 64560, -9999.000, -9999.000, -9999.000, -9999.000, -9999.000
 64620, 17.471, 39.360, 149.381, 12.579,  0.824
 64680, 17.630, 43.294, 169.178, 12.237,  0.994
 64740, 17.472, 44.391, 184.416, 12.381,  0.885
 64800, 16.848, 44.513, 190.561, 11.918,  1.073
 64860, 15.948, 45.375, 198.003, 11.336,  0.859
 64920, 15.801, 46.543, 212.785, 11.172,  0.690
 64980, 15.371, 47.877, 225.002, 10.058,  0.932
 65040, 15.551, 47.876, 226.875, 10.578,  0.992
 65100, 16.085, 46.431, 218.275, 10.527,  0.750
 65160, 16.870, 46.078, 212.958, 10.730,  0.801
 65220, 17.082, 44.728, 210.612, 11.116,  0.773
 65280, 15.436, 47.077, 230.521, 10.441,  0.824
 65340, 15.258, 46.288, 235.216, 10.102,  0.930
 65400, 15.496, 44.802, 235.098, 10.377,  0.735
 65460, 15.128, 46.173, 240.333, 10.051,  0.864
 65520, 15.092, 47.413, 249.522,  9.955,  1.021
 65580, 16.323, 43.075, 232.798, 10.048,  0.888
 65640, 17.405, 45.831, 231.837, 10.825,  0.987
 65700, 17.058, 46.320, 234.607, 10.918,  0.979
 65760, 15.957, 47.001, 241.083, 10.173,  1.024
 65820, 15.800, 44.928, 236.197, 10.142,  0.909
 65880, 16.438, 45.166, 232.599, 10.354,  0.919
 65940, 16.809, 43.439, 220.419, 10.356,  0.803
 66000, 18.110, 45.802, 229.660, 10.778,  0.973
 66060, 18.123, 47.706, 237.186, 11.235,  0.938
 66120, 18.781, 50.699, 250.973, 11.213,  0.983
 66180, 19.506, 51.544, 251.598, 11.884,  1.097
 66240, 20.342, 49.934, 236.578, 12.434,  1.042
 66300, 20.636, 49.350, 231.705, 12.430,  1.138
 66360, 21.433, 47.274, 223.621, 12.987,  1.120
 66420, 18.803, 45.338, 191.844, 11.719,  0.850
 66480, 19.158, 45.908, 204.816, 11.895,  0.935
 66540, 20.346, 48.325, 211.477, 12.453,  1.035
 66600, 21.259, 47.002, 206.170, 12.928,  1.077
 66660, 23.437, 50.566, 215.599, 13.866,  1.151
 66720, 22.481, 48.753, 218.948, 13.900,  1.101
 66780, 21.592, 46.678, 218.251, 13.274,  1.218
 66840, 21.329, 44.677, 213.881, 13.072,  1.111
 66900, 22.626, 44.937, 214.766, 13.999,  1.022
 66960, 24.456, 42.634, 196.151, 15.041,  1.273
 67020, 25.412, 42.041, 187.709, 15.627,  1.109
 67080, 25.210, 39.164, 178.088, 15.791,  1.296
 67140, 25.283, 36.811, 161.502, 16.138,  1.292
 67200, 24.817, 36.469, 160.157, 16.034,  1.129
 67260, 24.221, 37.901, 166.924, 15.736,  1.278
 67320, 24.268, 36.378, 164.956, 15.217,  1.220
 67380, 24.429, 36.122, 162.896, 15.801,  1.213
 67440, 21.710, 39.640, 188.658, 14.331,  1.169
 67500, 20.203, 38.462, 198.720, 13.513,  0.907
 67560, 20.534, 37.959, 201.101, 13.009,  0.912
 67620, 20.505, 38.570, 205.558, 13.201,  0.851
 67680, 20.211, 38.845, 204.555, 13.108,  1.021
 67740, 21.022, 38.375, 207.420, 13.460,  0.989
 67800, 21.708, 35.306, 195.568, 13.116,  0.980
 67860, 22.573, 33.184, 181.269, 13.755,  1.008
 67920, 22.733, 31.748, 167.407, 14.207,  0.985
 67980, 22.876, 30.019, 158.833, 14.326,  1.140
 68040, 22.892, 29.299, 144.668, 14.424,  0.995
 68100, 22.796, 30.352, 150.295, 14.049,  0.977
 68160, 22.655, 30.258, 150.320, 13.795,  0.969
 68220, -9999.000, -9999.000, -9999.000, -9999.000, -9999.000
 68280, 18.651, 30.715, 147.038, 11.945,  0.837
 68340, 19.835, 31.600, 154.373, 12.274,  0.871
 68400, 20.534, 30.804, 152.583, 12.707,  0.868
 68460, 20.084, 33.251, 167.124, 13.230,  0.820
 68520, 20.250, 32.880, 171.100, 12.725,  0.846
 68580, 20.909, 32.655, 166.779, 12.851,  0.778
 68640, 21.061, 32.490, 167.860, 12.983,  0.899
 68700, 21.155, 32.154, 168.954, 13.394,  0.862
 68760, 20.921, 31.310, 165.527, 13.086,  0.919
 68820, 20.702, 32.303, 161.621, 13.240,  0.883
 68880, 20.037, 30.743, 160.755, 13.056,  0.808
 68940, 19.294, 29.317, 158.104, 12.555,  0.754
 69000, 19.081, 30.388, 160.745, 12.363,  0.741
 69060, 18.900, 31.051, 165.451, 12.218,  0.647
 69120, 18.884, 30.677, 167.517, 12.308,  0.737
 69180, 19.195, 31.604, 176.527, 12.333,  0.804
 69240, 19.517, 33.352, 186.318, 12.217,  0.730
 69300, 19.602, 34.614, 191.519, 12.477,  0.760
 69360, 19.775, 36.773, 206.133, 11.860,  0.813
 69420, 19.606, 35.444, 202.692, 12.088,  0.751
 69480, 19.170, 33.048, 196.298, 12.093,  0.703
 69540, 19.015, 32.738, 199.104, 11.893,  0.709
 69600, 18.900, 30.621, 189.592, 12.082,  0.770
 69660, 19.076, 31.350, 193.217, 11.936,  0.711
 69720, 19.235, 32.316, 190.915, 12.056,  0.669
 69780, 18.433, 30.580, 190.901, 11.960,  0.743
 69840, 18.166, 30.166, 189.768, 11.693,  0.728
 69900, 18.150, 31.720, 193.690, 11.453,  0.677
 69960, 18.315, 31.002, 198.338, 11.744,  0.686
 70020, 18.550, 31.998, 200.729, 11.374,  0.730
 70080, -9999.000, -9999.000, -9999.000, -9999.000, -9999.000
 70140, 18.892, 33.256, 194.303, 11.831,  0.588
 70200, 19.117, 33.240, 200.910, 11.845,  0.629
 70260, 18.960, 33.448, 208.651, 11.887,  0.543
 70320, 18.943, 35.295, 224.245, 11.902,  0.507
 70380, 18.911, 36.542, 250.099, 11.329,  0.690
 70440, 18.571, 35.159, 238.993, 11.371,  0.787
 70500, 18.772, 35.158, 236.638, 11.501,  0.742
 70560, 18.506, 32.696, 230.339, 11.380,  0.710
 70620, 17.857, 30.267, 218.945, 11.171,  0.683
 70680, 17.498, 27.473, 198.935, 11.150,  0.622
 70740, 17.141, 25.134, 177.578, 10.882,  0.639
 70800, 17.236, 25.163, 170.873, 10.926,  0.640
 70860, 17.314, 24.383, 174.921, 10.737,  0.484
 70920, 17.212, 23.798, 175.836, 10.670,  0.319
 70980, 17.455, 26.457, 181.782, 11.120,  0.345
 71040, 17.661, 28.389, 190.902, 10.974,  0.803
 71100, 17.950, 28.436, 197.029, 10.816,  0.677
 71160, 18.136, 29.073, 201.112, 10.787,  0.778
 71220, 18.123, 29.084, 201.574, 11.148,  0.892
 71280, 17.763, 28.182, 199.917, 10.802,  0.883
 71340, 17.771, 27.916, 196.265, 11.039,  0.688
 71400, 17.724, 28.957, 200.287, 10.768,  0.750
 71460, 18.127, 29.246, 208.683, 10.977,  0.978
 71520, 17.974, 30.455, 222.370, 10.623,  0.988
 71580, 18.137, 30.943, 233.584, 10.635,  0.922
 71640, 18.257, 31.067, 242.763, 10.658,  0.882
 71700, 17.836, 30.875, 244.881, 10.148,  0.931
 71760, 17.652, 30.879, 237.792, 10.582,  0.913
 71820, 17.754, 29.966, 238.569, 10.246,  0.738
 71880, 17.608, 30.695, 238.115,  9.911,  0.819
 71940, -9999.000, -9999.000, -9999.000, -9999.000, -9999.000
 72000, 17.775, 28.141, 191.356, 10.268,  0.504
 72060, 17.791, 28.301, 199.172, 10.461,  0.559
 72120, 17.832, 28.566, 221.790, 10.500,  0.672
 72180, 17.658, 28.277, 222.324, 10.487,  0.600
 72240, 17.535, 28.200, 218.060, 10.518,  0.531
 72300, 17.283, 28.472, 221.825, 10.427,  0.749
 72360, 17.522, 29.727, 225.193, 10.280,  0.803
 72420, 17.047, 28.887, 238.749, 10.465,  0.797
 72480, 16.994, 27.971, 235.142, 10.036,  0.639
 72540, 16.820, 28.056, 230.713, 10.175,  0.610
 72600, 16.647, 27.625, 225.783, 10.313,  0.665
 72660, 16.193, 26.340, 223.530, 10.114,  0.562
 72720, 16.206, 26.917, 229.098, 10.187,  0.740
 72780, 16.202, 28.177, 234.093, 10.283,  0.760
 72840, 15.700, 27.097, 232.971,  9.768,  0.709
 72900, 15.451, 26.505, 229.462, 10.086,  0.693
 72960, 14.203, 25.710, 229.328,  9.700,  0.631
 73020, 13.574, 25.679, 229.359,  9.253,  0.541
 73080, 13.872, 26.469, 233.484,  9.488,  0.479
 73140, 13.873, 25.505, 232.505,  9.645,  0.198
 73200, 13.972, 26.348, 242.605,  9.283,  0.693
 73260, 14.840, 26.887, 242.677,  9.712,  0.705
 73320, 15.139, 27.542, 249.789,  9.897,  0.756
 73380, 15.217, 27.526, 246.900,  9.807,  0.637
 73440, 15.183, 27.345, 250.872,  9.907,  0.636
 73500, 15.594, 27.527, 255.080,  9.857,  0.683
 73560, 15.553, 28.436, 263.090, 10.021,  0.631
 73620, 15.537, 28.758, 263.197,  9.926,  0.634
 73680, 15.577, 29.103, 269.860,  9.915,  0.600
 73740, 14.936, 27.547, 256.705,  9.868,  0.596
 73800, 14.111, 24.454, 210.165, 10.424,  0.714
 73860, 14.057, 25.449, 221.415,  9.735,  0.478
 73920, 14.187, 25.648, 227.359,  9.981,  0.522
 73980, 14.272, 25.507, 234.019,  9.968,  0.445
 74040, 14.414, 25.927, 235.673,  9.839,  0.560
 74100, 13.925, 26.165, 230.386,  9.731,  0.545
 74160, 13.881, 25.238, 223.330,  9.567,  0.543
 74220, 13.891, 25.398, 226.716,  9.646,  0.310
 74280, 14.093, 25.746, 229.558,  9.506,  0.583
 74340, 13.967, 27.227, 245.307,  9.884,  0.563
 74400, 13.931, 26.925, 243.153,  9.554,  0.480
 74460, 13.634, 26.515, 238.273,  9.534,  0.446
 74520, 13.070, 24.890, 232.177,  9.606,  0.481
 74580, 13.341, 24.055, 224.014,  9.180,  0.411
 74640, 13.399, 23.706, 224.208,  9.215,  0.442
 74700, 13.419, 23.522, 217.282,  9.462,  0.601
 74760, 13.434, 23.514, 214.609,  9.310,  0.545
 74820, 13.669, 25.509, 229.029,  9.342,  0.544
 74880, 14.113, 26.782, 247.202,  9.045,  0.500
 74940, 14.114, 26.737, 247.195,  9.045,  0.465
 75000, 14.215, 27.573, 249.810,  9.228,  0.485
 75060, 13.531, 25.499, 232.428,  9.104,  0.477
 75120, 13.159, 24.354, 223.968,  9.103,  0.431
 75180, 13.162, 22.511, 219.388,  8.862,  0.496
 75240, 13.026, 22.558, 210.618,  8.902,  0.387
 75300, 13.087, 22.121, 214.457,  9.300,  0.374
 75360, 12.878, 23.331, 221.386,  8.957,  0.466
 75420, 12.952, 24.278, 231.030,  8.639,  0.485
 75480, 12.995, 24.031, 236.490,  8.873,  0.414
 75540, 12.905, 23.996, 246.768,  9.020,  0.426
 75600, 12.897, 22.711, 239.243,  8.710,  0.431
 75660, 12.573, 20.110, 189.857,  8.951,  0.342
 75720, 12.754, 22.882, 204.647,  8.647,  0.390
 75780, 13.175, 24.980, 244.145,  8.635,  0.517
 75840, 12.972, 23.280, 235.715,  8.655,  0.508
 75900, 12.698, 22.800, 223.622,  8.516,  0.601
 75960, 12.541, 22.690, 217.700,  8.561,  0.505
 76020, 12.347, 21.754, 215.869,  8.442,  0.424
 76080, 12.264, 21.809, 209.897,  8.260,  0.501
 76140, 12.180, 21.860, 211.153,  8.444,  0.426
 76200, 12.248, 21.983, 208.286,  8.144,  0.445
 76260, 12.343, 20.957, 209.350,  8.356,  0.308
 76320, 12.384, 20.864, 207.208,  8.301,  0.384
 76380, 12.102, 18.723, 191.424,  8.125,  0.373
 76440, 11.967, 18.046, 188.747,  8.126,  0.101
 76500, 11.977, 18.516, 193.792,  8.341,  0.226
 76560, 11.926, 20.098, 198.104,  8.450,  0.309
 76620, 11.952, 20.181, 203.518,  8.161,  0.449
 76680, 11.827, 20.334, 204.923,  8.099,  0.569
 76740, 11.977, 19.868, 202.134,  8.342,  0.405
 76800, 11.862, 18.645, 197.060,  8.142,  0.468
 76860, 11.941, 18.354, 193.760,  8.275,  0.389
 76920, 12.187, 18.371, 200.168,  8.411,  0.494
 76980, 12.208, 18.775, 198.947,  8.520,  0.453
 77040, 12.064, 18.972, 200.130,  8.287,  0.535
 77100, 11.938, 18.290, 205.432,  8.429,  0.550
 77160, 11.201, 18.045, 204.595,  8.216,  0.361
 77220, 11.100, 18.838, 206.181,  7.812,  0.415
 77280, 11.077, 18.829, 207.158,  8.182,  0.432
 77340, 11.406, 18.700, 207.199,  7.874,  0.477
 77400, 11.939, 18.829, 207.537,  8.156,  0.483
 77460, 12.012, 19.504, 214.427,  8.140,  0.427
 77520, 11.854, 18.580, 188.310,  8.135,  0.464
 77580, 12.082, 19.798, 213.919,  8.829,  0.448
 77640, 12.307, 20.341, 213.078,  8.652,  0.516
 77700, 12.280, 20.388, 213.642,  8.370,  0.578
 77760, 12.664, 20.215, 215.339,  8.693,  0.518
 77820, 12.847, 20.509, 216.369,  8.721,  0.454
 77880, 12.819, 19.217, 210.171,  8.752,  0.518
 77940, 12.842, 19.732, 205.810,  8.740,  0.428
 78000, 12.688, 19.769, 206.793,  8.986,  0.431
 78060, 13.052, 20.114, 212.628,  8.993,  0.267
 78120, 13.040, 19.726, 215.851,  8.912,  0.523
 78180, 12.823, 19.051, 204.960,  8.584,  0.402
 78240, 12.847, 19.467, 208.224,  8.785,  0.586
 78300, 12.744, 19.709, 210.715,  8.717,  0.585
 78360, 12.510, 19.668, 214.731,  8.363,  0.302
 78420, 12.524, 20.900, 229.019,  8.439,  0.494
 78480, 12.513, 21.116, 238.858,  8.435,  0.484
 78540, 12.399, 20.598, 243.071,  8.315,  0.425
 78600, 12.146, 20.104, 238.268,  8.074,  0.265
 78660, 12.172, 20.039, 248.947,  8.202,  0.187
 78720, 12.308, 21.077, 253.081,  7.929,  0.324
 78780, 12.323, 21.147, 247.472,  8.144,  0.281
 78840, 12.628, 19.929, 233.026,  8.378,  0.127
 78900, 12.550, 19.342, 227.176,  8.452,  0.143
 78960, 12.705, 19.398, 219.533,  8.383,  0.273
 79020, 12.689, 18.745, 218.332,  8.563,  0.284
 79080, 12.490, 18.798, 217.389,  8.476,  0.151
 79140, 12.338, 18.977, 213.636,  8.278,  0.318
 79200, 12.290, 19.221, 214.956,  8.298,  0.263
 79260, 11.981, 19.526, 212.908,  8.071,  0.386
 79320, -9999.000, -9999.000, -9999.000, -9999.000, -9999.000
 79380, 11.135, 17.073, 155.303,  7.866,  0.262
 79440, 11.289, 16.801, 166.430,  8.262,  0.222
 79500, 11.334, 17.454, 171.291,  8.346,  0.222
 79560, 11.589, 17.695, 179.385,  8.149,  0.157
 79620, 11.568, 17.985, 189.279,  8.306,  0.190
 79680, 11.555, 17.926, 185.323,  8.315,  0.253
 79740, 11.525, 16.776, 186.385,  8.167,  0.192
 79800, 11.617, 16.371, 182.985,  8.063,  0.272
 79860, 11.470, 16.667, 178.416,  8.261,  0.146
 79920, 11.386, 17.084, 178.841,  8.280,  0.183
 79980, 11.603, 17.116, 187.074,  8.037,  0.232
 80040, 11.590, 17.465, 184.940,  8.278,  0.393
 80100, 11.744, 17.860, 190.476,  8.342,  0.547
 80160, 11.650, 18.204, 189.309,  8.159,  0.535
 80220, 11.635, 18.170, 188.435,  8.268,  0.463
 80280, 11.455, 18.173, 184.404,  8.129,  0.512
