CampaignData_and_Merges/R0/CSL_MobileLab_Parked/raw/20240720/USOS-NOAAIodideCIMS-PANs_MobileLabGround_20240720_RA.ict
35, 1001
Michael A Robinson, Chris Jernigan, Subi Thakali
NOAA ESRL Chemical Sciences Laboratory and CIRES, U. of Colorado
NOAA Iodide CIMS Instrument
USOS
1, 1
2024, 07, 20, 2024, 07, 21
1
starttime_UTC, seconds_past_midnight, seconds_of_day_since_00:00:00_UTC
3
1, 1, 1
-9999, -9999, -9999
PAN_NOAACIMS, pptv, Gas_PAN_InSitu_S_AVMR, 
APAN_NOAACIMS, pptv, Gas_APAN_InSitu_S_AVMR, 
PPN_NOAACIMS, pptv, Gas_PPN_InSitu_S_AVMR, 
0
18
PI_CONTACT_INFO: 325 Broadway, R/CSD 7, Boulder, Colorado 80305; michael.a.robinson@noaa.gov; chris.jernigan@noaa.gov;
PLATFORM: NOAA CSL Mobile Lab
LOCATION: SLC, Utah
ASSOCIATED_DATA: 1Hz data also available on request.
INSTRUMENT_INFO: NOAA I- ToF CIMS
DATA_INFO: All data in parts per trillion by volume (pptv). 1 Hz data is available upon request.
UNCERTAINTY: TBD
ULOD_FLAG: -7777
ULOD_VALUE: N/A
LLOD_FLAG: -8888
LLOD_VALUE: N/A
DM_CONTACT_INFO: Nathan Howard; nathan.h.howard@noaa.gov
PROJECT_INFO: USOS, summer 2024. https://csl.noaa.gov/groups/csl7/measurements/2024usos/
STIPULATIONS_ON_USE: Users are strongly encouraged to contact the PI for proper data usage.
OTHER_COMMENTS: 
REVISION: RA
RA: Preliminary Data; For in-field use only
starttime_UTC, PAN_NOAACIMS, APAN_NOAACIMS, PPN_NOAACIMS
[from data line 1312]
 78720, 246.677,  2.487, 23.745
 78780, 237.187,  3.179, 22.609
 78840, 270.755,  2.749, 27.628
 78900, 273.973,  2.456, 28.631
 78960, 286.823,  1.958, 31.130
 79020, 284.542,  3.510, 29.427
 79080, 271.556,  3.384, 29.536
 79140, 264.652,  2.774, 28.438
 79200, 261.009,  2.557, 26.864
 79260, 235.054,  2.567, 21.455
 79320, -9999.000, -9999.000, -9999.000
 79380, 216.234,  2.882, 18.895
 79440, 215.580,  2.838, 16.213
 79500, 216.822,  2.311, 18.849
 79560, 235.279,  3.029, 21.647
 79620, 235.931,  2.633, 22.826
 79680, 225.009,  2.287, 20.765
 79740, 221.677,  2.474, 20.890
 79800, 224.734,  3.449, 21.800
 79860, 218.560,  2.905, 19.952
 79920, 216.689,  2.808, 18.197
 79980, 225.495,  2.490, 19.537
 80040, 218.370,  2.453, 17.747
 80100, 212.322,  1.811, 18.211
 80160, 207.735,  2.223, 14.130
 80220, 205.927,  1.604, 16.486
 80280, 200.773,  2.531, 14.171
 80340, 212.164,  3.045, 17.924
 80400, 217.603,  2.093, 17.224
 80460, 217.142,  1.797, 18.161
 80520, 209.981,  1.824, 13.796
 80580, 205.092,  1.701, 13.696
 80640, 205.918,  1.648, 12.741
 80700, 193.557,  2.142,  7.988
 80760, 196.431,  2.185, 10.667
 80820, 199.707,  1.592, 11.793
 80880, 197.958,  2.196,  9.724
 80940, 192.041,  3.179,  9.753
 81000, 181.002,  2.383, 10.843
 81060, 176.976,  1.843,  8.648
 81120, 183.016,  1.875, 10.063
 81180, -9999.000, -9999.000, -9999.000
 81240, 189.207,  2.171,  9.180
 81300, 176.481,  2.709,  9.677
 81360, 168.193,  2.266,  9.674
 81420, 159.499,  2.579,  6.900
 81480, 151.061,  2.432,  7.016
 81540, 152.179,  1.810,  7.459
 81600, 179.629,  2.305, 10.406
 81660, 173.858,  2.407, 10.392
 81720, 164.480,  2.510,  8.395
 81780, 153.798,  2.360,  8.914
 81840, 157.417,  1.303,  8.166
 81900, 158.534,  2.680,  8.362
 81960, 160.245,  1.561, 10.979
 82020, 169.784,  1.711, 10.179
 82080, 210.335,  2.208, 15.231
 82140, 238.945,  2.255, 18.378
 82200, 228.285,  2.371, 19.759
 82260, 200.900,  2.482, 15.322
 82320, 175.216,  1.956, 13.597
 82380, 181.335,  2.283, 12.915
 82440, 182.373,  2.704, 11.153
 82500, 174.364,  2.108,  9.477
 82560, 191.662,  2.015, 13.761
 82620, 192.812,  1.937, 14.452
 82680, 188.011,  2.673, 11.651
 82740, 184.994,  2.392, 12.730
 82800, 195.872,  2.206, 14.227
 82860, 190.608,  2.868, 13.819
 82920, 185.992,  2.355, 10.803
 82980, 190.708,  2.031, 11.814
 83040, -9999.000, -9999.000, -9999.000
 83100, 194.412,  2.193, 10.836
 83160, 193.701,  2.345, 10.249
 83220, 167.728,  1.850, 10.882
 83280, 165.026,  1.984, 10.788
 83340, 163.070,  1.723, 10.414
 83400, 167.394,  2.148,  9.818
 83460, 179.076,  2.500, 10.352
 83520, 172.984,  2.491, 11.370
 83580, 172.116,  1.908, 12.160
 83640, 159.075,  1.457,  8.929
 83700, 163.077,  1.553, 10.179
 83760, 186.980,  1.815, 14.244
 83820, 187.248,  2.453, 11.840
 83880, 180.855,  2.305, 12.286
 83940, 173.335,  2.089, 11.042
 84000, 173.261,  2.227, 11.033
 84060, 159.947,  2.495, 10.663
 84120, 141.109,  2.024,  7.690
 84180, 137.727,  2.220,  7.220
 84240, 142.903,  2.020,  7.773
 84300, 164.560,  2.150, 11.241
 84360, 166.197,  2.314, 11.850
 84420, 175.279,  2.014, 11.122
 84480, 176.044,  2.700, 10.716
 84540, 180.949,  1.894, 12.197
 84600, 172.175,  2.012,  9.717
 84660, 154.549,  2.657,  8.896
 84720, 146.377,  1.819,  9.179
 84780, 136.937,  1.680,  6.431
 84840, 125.685,  1.723,  6.684
 84900, 133.115,  2.056,  6.717
 84960, 129.324,  2.129,  7.063
 85020, 127.781,  2.669,  6.098
 85080, 140.946,  1.637,  8.213
 85140, 123.483,  2.607,  6.947
 85200, 125.983,  2.200,  7.325
 85260, 150.584,  3.343,  9.368
 85320, 165.677,  2.151,  8.630
 85380, 161.510,  1.277,  9.781
 85440, 143.735,  1.732,  6.459
 85500, 131.306,  2.359,  7.651
 85560, 140.528,  3.038,  7.816
 85620, 152.888,  2.730,  9.992
 85680, 158.956,  3.208,  9.816
 85740, 160.361,  2.302,  9.311
 85800, 161.598,  3.027,  9.944
 85860, 164.932,  2.321,  9.544
 85920, 175.807,  2.470,  7.876
 85980, 179.002,  3.166, 10.395
 86040, 179.155,  1.980,  9.202
 86100, 166.930,  2.555,  9.964
 86160, 152.145,  2.785,  9.164
 86220, 137.530,  1.864,  6.767
 86280, 129.405,  3.160,  6.088
 86340, 115.112,  2.031,  4.836
