CampaignData_and_Merges/R0/CSL_MobileLab_Parked/raw/20240720/USOS-Picarro-CO2-CH4-CO-H2O_MobileLabGround_20240720_R0.ict
38, 1001
Ilana Pollack, Nell Schafer, and Jeff Peischl
NOAA Chemical Sciences Laboratory
Picarro 2401-m CO2/CH4/CO/H2O Analyzer
USOS
1, 1
2024, 07, 20, 2024, 11, 20
0
StartTime_UTC, seconds_past_midnight, seconds past midnight
5
1, 1, 1, 1, 1
-9999, -9999, -9999, -9999, -9999
StopTime_UTC, seconds_past_midnight, seconds past midnight
CO2_ppm_1min, ppm, Gas_CO2_InSitu_S_DMF, carbon dioxide mixing ratio
CH4_ppb_1min, ppb, Gas_CH4_InSitu_S_DMF, methane mixing ratio
CO_ppb_1min, ppb, Gas_CO_InSitu_S_DMF, carbon monoxide mixing ratio
H2O_ppmv_1min, ppmv, Met_H2OMRV_InSitu_S_AVMR, water vapor mixing ratio
1
SPECIAL COMMENTS: N/A
18
PI_CONTACT_INFO: Address: NOAA Chemical Sciences Laboratory, Mail Stop CSL7, 325 Broadway, Boulder, CO 80305; Email: Ilana.Pollack@noaa.gov
PLATFORM: NOAA CSL Mobile Laboratory
LOCATION: The mobile lab was stationed in Salt Lake City, Utah.
ASSOCIATED_DATA: N/A
INSTRUMENT_INFO: CO2, CH4, and CO are reported as dry air mole fractions using a commercial wavelength-scanned cavity ring-down analyzer (Picarro 2401-m). An in-field calibration gas standard of 432±0.07 ppm CO2, 2095±1 ppb CH4, and 183±1 ppb CO, calibrated in the Boulder laboratories before and after the field project using primary CO2, CH4, and CO standard tanks tied to the WMO standard (X2019, X2004A, and X2014A, respectively) from the Global Monitoring Laboratory (GML), was delivered to the inlet every 2-3 days to evaluate instrument sensitivity. A H2O measurement was calibrated before the project with a Dew Point Mirror 373 hygrometer. The water correction calculated from these calibrations was applied to the H2O measurement for the entire campaign. Species are measured at 0.5 Hz and reported as 1-minute averages for stationary measurements.
DATA_INFO: Units: CO2, ppm, dry air mole fraction; CH4, ppb, dry air mole fraction; CO, ppb, dry air mole fraction; H2O, ppmv
UNCERTAINTY: Total uncertainties are estimated as ±0.1 ppm for CO2, ±1 ppb for CH4, ±5 ppb for CO, and ±(50 ppm + 4%) for H2O.
ULOD_FLAG: -7777
ULOD_VALUE: N/A
LLOD_FLAG: -8888
LLOD_VALUE: N/A
DM_CONTACT_INFO: Data Manager: Nathan Howard; nathan.h.howard@noaa.gov
PROJECT_INFO: USOS Dates of Study: July – August 2024
STIPULATIONS_ON_USE: Use of these data require prior ok from PI.
OTHER_COMMENTS: Data are averaged to 1 minute intervals. Stationary data collected from a 10 ft tower on top of the mobile van.
REVISION: R0
R0: Final Data
StartTime_UTC, StopTime_UTC, CO2_ppm_1min, CH4_ppb_1min, CO_ppb_1min, H2O_ppmv_1min
[from data line 1126]
67560,67620,431.46,2029.5,177.0,14796.9668
67620,67680,431.30,2026.4,177.2,15035.0537
67680,67740,432.12,2041.8,177.2,14664.2627
67740,67800,433.24,2065.9,181.8,14747.9316
67800,67860,433.98,2082.8,186.6,14955.6064
67860,67920,433.71,2090.9,188.9,15758.7158
67920,67980,434.48,2097.2,189.8,15476.3906
67980,68040,434.44,2099.0,189.6,15815.7217
68040,68100,434.43,2093.1,187.3,15858.3584
68100,68160,434.08,2087.8,186.4,15972.3037
68160,68220,434.46,2082.2,183.0,15912.8154
68220,68280,433.15,2062.3,179.5,15485.8672
68280,68340,433.42,2050.7,174.9,14309.3145
68340,68400,433.13,2061.2,178.1,15012.1777
68400,68460,433.17,2050.5,179.2,14482.9980
68460,68520,433.09,2052.8,178.2,14573.8135
68520,68580,433.03,2059.4,181.2,14958.6670
68580,68640,432.57,2060.5,183.2,15225.2998
68640,68700,432.77,2063.3,182.7,15226.3662
68700,68760,432.56,2063.0,183.0,15741.1895
68760,68820,431.95,2060.9,182.7,16006.7373
68820,68880,432.33,2053.7,178.0,15225.7129
68880,68940,432.08,2053.3,176.6,15644.9766
68940,69000,431.82,2046.3,176.4,15137.2207
69000,69060,431.62,2041.3,174.2,14861.9346
69060,69120,431.13,2041.9,172.8,15332.6367
69120,69180,431.12,2041.9,174.9,15216.9307
69180,69240,431.23,2036.4,171.3,14741.9307
69240,69300,431.22,2035.2,171.1,14718.2559
69300,69360,430.84,2030.7,169.4,14633.9844
69360,69420,430.85,2033.0,174.0,15473.0039
69420,69480,431.14,2033.8,187.1,14959.3525
69480,69540,430.46,2031.9,172.3,14865.9453
69540,69600,430.76,2032.8,173.3,14825.0537
69600,69660,431.17,2032.1,173.7,14575.4111
69660,69720,430.87,2032.1,173.7,14503.9307
69720,69780,430.49,2029.5,173.3,14764.2578
69780,69840,429.77,2028.5,171.4,15093.5400
69840,69900,429.89,2025.3,171.2,14692.4834
69900,69960,429.85,2024.3,169.7,14696.3994
69960,70020,430.05,2022.4,166.1,14205.4053
70020,70080,430.58,2020.8,170.3,14310.1016
70080,70140,432.13,2020.9,174.6,14204.1875
70140,70200,429.86,2022.1,170.8,14676.7275
70200,70260,429.92,2021.6,172.4,14731.3730
70260,70320,431.00,2014.6,171.6,13984.1260
70320,70380,429.35,2008.5,163.9,13595.6250
70380,70440,429.23,2014.1,175.8,14784.4717
70440,70500,428.98,2015.4,171.4,14971.1074
70500,70560,428.86,2018.5,166.3,14503.5713
70560,70620,428.93,2022.6,168.1,14709.4131
70620,70680,429.42,2031.1,169.7,14637.0947
70680,70740,429.06,2038.3,169.4,14827.7881
70740,70800,428.86,2039.2,169.1,14848.0166
70800,70860,428.99,2037.6,166.3,14761.3447
70860,70920,429.06,2036.3,169.0,14603.0146
70920,70980,428.86,2036.0,166.9,14534.5801
70980,71040,428.51,2034.5,169.5,14883.6611
71040,71100,428.65,2027.5,165.3,14581.5645
71100,71160,428.53,2024.3,164.1,14530.6328
71160,71220,427.96,2025.8,165.7,15104.0293
71220,71280,428.58,2031.1,164.5,14708.8154
71280,71340,428.71,2031.4,163.6,14693.5107
71340,71400,428.10,2032.0,163.1,15214.8975
71400,71460,428.23,2027.9,165.1,14989.5371
71460,71520,427.93,2025.3,165.0,15030.3828
71520,71580,427.76,2022.6,162.5,14733.1660
71580,71640,427.81,2017.7,159.5,14358.4893
71640,71700,427.92,2015.7,161.2,14310.3418
71700,71760,428.14,2015.6,162.1,14314.1807
71760,71820,427.93,2020.6,164.6,14488.2266
71820,71880,427.86,2020.5,165.2,14525.2324
71880,71940,427.73,2021.5,167.1,15005.7881
71940,72000,428.13,2024.3,172.1,14787.4248
72000,72060,427.84,2024.3,165.9,15164.8066
72060,72120,428.04,2021.6,162.9,14461.4658
72120,72180,427.36,2022.2,166.1,15291.8984
72180,72240,426.90,2022.9,166.7,15971.4404
72240,72300,427.34,2019.7,167.6,15610.6211
72300,72360,427.85,2016.0,165.0,14932.2500
72360,72420,427.58,2012.2,161.7,14580.9414
72420,72480,427.20,2011.9,160.5,14936.6914
72480,72540,428.11,2012.6,163.0,14962.8994
72540,72600,428.74,2011.9,162.2,14649.2813
72600,72660,428.68,2010.7,182.7,14659.7559
72660,72720,428.29,2009.6,160.9,14635.7412
72720,72780,428.65,2007.8,160.5,14357.0215
72780,72840,428.22,2006.4,158.4,14241.4170
72840,72900,427.91,2007.0,159.6,14568.0654
72900,72960,427.30,2006.5,160.0,14532.4014
72960,73020,426.94,2006.5,159.0,14504.7813
73020,73080,427.60,2006.6,160.6,14385.9004
73080,73140,427.93,2005.8,160.1,14132.1387
73140,73200,427.35,2004.7,156.1,13999.8867
73200,73260,427.42,2004.3,155.9,14067.1982
73260,73320,427.83,2005.1,157.9,13959.9033
73320,73380,427.99,2007.2,158.9,14066.1289
73380,73440,427.67,2007.6,158.5,14075.4951
73440,73500,427.80,2007.6,156.6,13847.8857
73500,73560,427.59,2005.0,153.0,13806.2402
73560,73620,427.62,2004.2,157.5,14123.2090
73620,73680,427.71,2002.5,158.9,14109.2021
73680,73740,427.13,2005.2,159.2,14462.9482
73740,73800,426.94,2006.1,159.0,14595.7041
73800,73860,427.20,2007.0,157.0,14602.9766
73860,73920,427.77,2007.9,158.2,14338.6729
73920,73980,427.49,2008.0,160.4,14637.6504
73980,74040,427.64,2009.2,161.9,14431.1953
74040,74100,427.76,2011.0,161.8,14823.7949
74100,74160,427.77,2011.4,162.1,15090.2090
74160,74220,428.05,2010.8,160.3,14550.6016
74220,74280,428.08,2011.2,161.0,14567.5645
74280,74340,427.90,2010.3,159.0,14490.1621
74340,74400,427.96,2011.2,163.0,14698.0938
74400,74460,427.56,2012.3,164.1,14877.3027
74460,74520,427.62,2010.2,157.7,14422.2178
74520,74580,427.61,2010.2,156.8,14523.8037
74580,74640,427.73,2009.4,156.9,14384.9844
74640,74700,427.93,2008.8,161.4,14412.0850
74700,74760,427.71,2010.2,160.9,14876.4072
74760,74820,427.71,2009.2,162.1,14714.5303
74820,74880,427.63,2006.6,162.1,14192.6514
74880,74940,427.29,2006.8,164.1,14328.5791
74940,75000,427.25,2006.7,167.4,14601.0020
75000,75060,427.31,2006.9,160.4,14709.3691
75060,75120,427.48,2006.7,159.2,14450.7363
75120,75180,427.24,2005.6,158.9,14366.7715
75180,75240,427.01,2005.5,155.9,14601.7119
75240,75300,427.10,2005.5,158.3,14455.7500
75300,75360,426.99,2004.6,157.0,14448.7480
75360,75420,426.93,2002.5,157.0,14377.9004
75420,75480,426.81,2001.7,160.8,14748.2881
75480,75540,426.78,2000.0,157.1,14347.1904
75540,75600,427.02,1999.8,156.8,14033.3203
75600,75660,426.61,1999.3,159.3,14276.2227
75660,75720,426.44,1998.5,158.1,14412.5586
75720,75780,426.59,1997.5,155.6,14041.7207
75780,75840,427.02,1998.2,159.6,14022.4082
75840,75900,426.95,1997.9,161.9,14275.0186
75900,75960,426.72,1997.5,159.6,14383.2539
75960,76020,426.84,1995.9,155.9,13921.9561
76020,76080,426.85,1996.3,156.6,14145.5527
76080,76140,426.91,1995.8,155.4,14120.1777
76140,76200,427.17,1994.9,161.3,13971.5537
76200,76260,427.36,1993.9,208.2,13434.1250
76260,76320,427.22,1994.4,186.7,13803.9824
76320,76380,426.79,1996.4,157.4,14259.4434
76380,76440,426.95,1996.1,156.0,14102.1211
76440,76500,427.24,1995.1,155.4,13628.4551
76500,76560,426.90,1994.2,157.9,13897.1104
76560,76620,426.57,1992.8,158.8,14160.4688
76620,76680,427.00,1991.5,162.1,14269.3203
76680,76740,427.55,1991.9,162.7,13854.7168
76740,76800,427.30,1993.5,158.1,14114.0391
76800,76860,427.42,1994.0,157.1,13860.4004
76860,76920,427.66,1993.1,159.0,13350.5693
76920,76980,427.19,1993.6,160.9,13876.6709
76980,77040,427.02,1991.0,156.8,13346.7764
77040,77100,426.41,1990.5,155.6,13639.5039
77100,77160,426.04,1988.5,152.5,13570.4844
77160,77220,426.41,1987.5,155.9,13414.5078
77220,77280,426.29,1988.4,157.5,13894.3965
77280,77340,426.49,1991.3,159.0,13792.0010
77340,77400,426.98,1993.8,156.5,13330.1816
77400,77460,427.22,1995.0,159.9,13638.0752
77460,77520,426.70,1996.3,156.1,14401.3750
77520,77580,426.50,1994.6,155.1,13882.5615
77580,77640,426.32,1995.9,157.3,14110.6230
77640,77700,427.23,1997.4,156.3,14337.0313
77700,77760,426.95,1999.3,158.1,14651.0488
77760,77820,426.82,2001.1,157.6,14143.4268
77820,77880,427.06,2001.8,155.4,13928.1123
77880,77940,426.88,2002.6,158.0,14256.8555
77940,78000,426.75,2003.3,160.2,14613.5146
78000,78060,426.81,2001.0,156.1,13952.5703
78060,78120,427.03,2000.7,155.2,13925.0723
78120,78180,427.18,2000.8,156.1,14418.8613
78180,78240,427.06,2000.4,160.9,14262.1396
78240,78300,426.39,1999.8,160.9,14545.1992
78300,78360,426.80,1998.0,162.7,14120.3223
78360,78420,426.40,1997.1,158.1,14034.5000
78420,78480,426.68,1994.4,155.3,13233.5176
78480,78540,426.66,1994.1,155.8,13261.1709
78540,78600,426.13,1995.1,160.2,13747.1074
78600,78660,426.41,1993.4,156.4,13168.9727
78660,78720,426.47,1993.4,158.2,13297.9170
78720,78780,426.43,1994.4,160.6,13913.0215
78780,78840,427.11,1997.7,161.3,13738.5566
78840,78900,427.37,1999.7,160.7,14432.0762
78900,78960,427.80,1999.8,157.7,13957.9482
78960,79020,427.62,1999.0,157.8,13535.7656
79020,79080,427.49,1999.2,156.2,13577.3447
79080,79140,427.06,1999.9,157.3,14044.8301
79140,79200,426.91,1999.3,155.4,13949.7227
79200,79260,426.57,1999.4,159.1,13804.1465
79260,79320,426.44,2001.1,158.2,14378.7256
79320,79380,426.98,2000.2,159.2,13954.0703
79380,79440,426.96,1999.2,159.4,13730.2959
79440,79500,426.58,1999.7,158.9,14086.6357
79500,79560,426.57,1999.7,158.9,14317.6650
79560,79620,426.55,1997.6,154.8,13580.6816
79620,79680,427.20,1997.4,159.4,13354.4961
79680,79740,426.77,1997.7,154.3,13419.2568
79740,79800,426.72,1997.8,157.1,13738.6523
79800,79860,426.32,1998.8,157.9,14167.0039
79860,79920,426.65,1998.9,157.8,13665.5938
79920,79980,426.26,1998.0,157.8,13876.2949
79980,80040,427.06,1998.2,161.4,13582.1416
80040,80100,426.93,1996.9,157.6,13130.9922
80100,80160,427.28,1996.6,157.3,13178.1338
80160,80220,427.07,1996.7,158.4,13360.7422
80220,80280,426.97,1996.8,156.8,13626.1191
80280,80340,427.25,1998.8,158.6,13954.8223
80340,80400,427.70,2000.7,160.6,13855.3135
80400,80460,427.28,2001.1,157.2,13763.1230
80460,80520,427.68,1998.8,157.4,13311.7236
80520,80580,428.23,1996.9,158.0,13210.4092
80580,80640,427.70,1998.2,160.9,13899.6885
80640,80700,427.06,1997.9,156.4,13447.2910
80700,80760,427.39,1997.4,153.4,13243.6250
80760,80820,427.77,1998.3,153.4,13370.6338
80820,80880,427.73,1998.4,153.6,13592.2607
80880,80940,427.46,1998.8,154.5,14036.8584
80940,81000,426.99,1999.5,158.3,14113.4941
81000,81060,426.10,1999.3,156.2,13542.4160
81060,81120,426.56,2000.2,156.2,13468.2295
81120,81180,426.43,2001.3,157.4,13529.8311
81180,81240,426.21,2001.2,161.4,13702.6504
81240,81300,426.26,2002.1,162.6,13727.4365
81300,81360,425.95,2000.1,156.4,13662.0986
81360,81420,425.71,1998.6,153.6,13534.3447
81420,81480,425.52,1998.5,153.3,13645.7920
81480,81540,425.59,1998.7,153.5,13637.0156
81540,81600,426.22,2001.6,153.6,13399.6396
81600,81660,425.99,2002.1,152.5,13698.8018
81660,81720,426.32,2000.2,157.5,13436.9941
81720,81780,426.20,1999.1,155.3,13348.5869
81780,81840,426.22,1999.0,156.4,13611.1465
81840,81900,426.44,1999.3,163.8,13762.7119
81900,81960,426.15,1999.7,165.6,13909.5811
81960,82020,426.29,2000.2,166.7,13887.3662
82020,82080,426.71,2002.0,162.9,13636.9277
82080,82140,426.77,2000.5,157.4,13310.4463
82140,82200,426.72,2000.3,157.9,13300.4033
82200,82260,426.83,2001.0,158.4,13559.7383
82260,82320,426.97,2002.4,187.1,13699.6875
82320,82380,426.94,2002.0,162.3,13856.1455
82380,82440,426.70,2001.4,155.8,13911.0732
82440,82500,426.76,1999.9,157.9,13922.8760
82500,82560,427.03,2000.1,156.1,13423.2178
82560,82620,426.84,1999.4,158.8,13678.9639
82620,82680,426.78,1998.1,157.1,13306.8652
82680,82740,426.66,1998.1,157.3,13615.8262
82740,82800,427.16,1999.9,160.5,13602.3652
82800,82860,427.04,2000.5,158.4,13688.5674
82860,82920,426.69,2000.5,191.6,14169.0625
82920,82980,426.43,2000.2,159.8,13815.2998
82980,83040,426.60,1999.1,156.8,13426.9980
83040,83100,426.39,1998.8,157.9,13537.2334
83100,83160,426.23,1998.5,155.4,13798.4902
83160,83220,426.26,1996.1,156.2,13164.7324
83220,83280,426.21,1996.3,167.9,13353.0303
83280,83340,426.87,1997.7,180.0,13726.8623
83340,83400,426.43,1997.9,159.5,13511.4453
83400,83460,426.57,1996.1,156.4,13189.5596
83460,83520,426.41,1997.3,164.1,13734.5967
83520,83580,426.50,1996.9,162.0,13723.5791
83580,83640,426.69,1994.8,158.8,13536.9609
83640,83700,426.68,1994.2,157.1,13080.0898
83700,83760,426.85,1994.8,157.3,13295.1904
83760,83820,426.99,1996.0,157.0,13200.2715
83820,83880,426.79,1995.7,155.5,13242.5068
83880,83940,426.69,1994.8,155.3,13082.2373
83940,84000,426.12,1993.4,155.5,13083.1973
84000,84060,425.99,1993.2,157.7,12971.3125
84060,84120,426.37,1992.2,157.0,12819.2949
84120,84180,426.53,1992.9,157.7,12805.4521
84180,84240,425.88,1994.3,157.9,13789.8018
84240,84300,426.45,1994.8,157.4,13414.8525
84300,84360,426.74,1995.1,160.6,13409.2822
84360,84420,426.45,1993.4,157.1,13065.7314
84420,84480,426.36,1993.1,157.6,13230.3623
84480,84540,426.01,1993.3,157.7,13277.2715
84540,84600,426.01,1994.3,158.0,13440.7881
84600,84660,426.02,1993.6,154.8,13070.1611
84660,84720,425.86,1993.6,154.8,13282.6367
84720,84780,425.94,1992.7,153.3,13245.7432
84780,84840,425.67,1992.3,154.0,13329.4492
84840,84900,425.73,1993.8,153.9,13372.0645
84900,84960,425.56,1992.1,156.8,12988.1924
84960,85020,425.68,1991.7,157.5,13142.5430
85020,85080,426.03,1991.0,154.6,12783.8916
85080,85140,427.15,1990.2,156.1,12720.5430
85140,85200,428.87,1990.0,159.7,12822.8604
85200,85260,428.48,1991.4,162.6,13027.5410
85260,85320,427.41,1991.0,161.1,13096.0596
85320,85380,426.53,1990.6,158.2,13249.6123
85380,85440,426.23,1989.8,162.5,13033.1250
85440,85500,426.65,1989.0,162.6,12828.5449
85500,85560,426.22,1988.9,161.8,12694.0596
85560,85620,425.85,1989.5,163.2,12729.0928
85620,85680,426.06,1989.9,167.9,12984.6895
85680,85740,426.09,1989.8,161.1,12902.8428
85740,85800,425.66,1989.5,160.4,12992.9873
85800,85860,425.51,1989.8,160.8,13193.8096
85860,85920,425.80,1990.1,193.3,12595.2021
85920,85980,425.65,1990.4,175.9,12769.6660
85980,86040,425.51,1990.4,156.6,12774.7607
86040,86100,425.70,1991.4,154.8,12761.9512
86100,86160,425.72,1991.3,154.3,12681.9219
86160,86220,425.54,1990.8,153.6,12959.5791
86220,86280,425.62,1990.5,156.1,13043.1543
86280,86340,425.57,1989.5,158.8,12920.6650
86340,86400,425.52,1988.6,160.7,13042.4727
