CampaignData_and_Merges/R0/CSL_MobileLab_Parked/raw/20240720/USOS-NOAAIodideCIMS-Halogens_MobileLabGround_20240720_RA.ict
38, 1001
Michael A Robinson, Chris Jernigan, Subi Thakali
NOAA ESRL Chemical Sciences Laboratory and CIRES, U. of Colorado
NOAA Iodide CIMS Instrument
USOS
1, 1
2024, 07, 20, 2024, 07, 21
1
starttime_UTC, seconds_past_midnight, seconds_of_day_since_00:00:00_UTC
6
1, 1, 1, 1, 1, 1
-9999, -9999, -9999, -9999, -9999, -9999
Br2_NOAACIMS, pptv, Gas_Br2_InSitu_S_AVMR, 
BrO_NOAACIMS, pptv, Gas_BrO_InSitu_S_AVMR, 
Cl2_NOAACIMS, pptv, Gas_Cl2_InSitu_S_AVMR, 
ClNO2_NOAACIMS, pptv, Gas_ClNO2_InSitu_S_AVMR, 
BrCl_NOAACIMS, pptv, Gas_BrCl_InSitu_S_AVMR, 
NCl3_NOAACIMS, pptv, Gas_NCl3_InSitu_S_AVMR, 
0
18
PI_CONTACT_INFO: 325 Broadway, R/CSD 7, Boulder, Colorado 80305; michael.a.robinson@noaa.gov; chris.jernigan@noaa.gov;
PLATFORM: NOAA CSL Mobile Lab
LOCATION: SLC, Utah
ASSOCIATED_DATA: 1Hz data also available on request.
INSTRUMENT_INFO: NOAA I- ToF CIMS
DATA_INFO: All data in parts per trillion by volume (pptv). 1 Hz data is available upon request.
UNCERTAINTY: TBD
ULOD_FLAG: -7777
ULOD_VALUE: N/A
LLOD_FLAG: -8888
LLOD_VALUE: N/A
DM_CONTACT_INFO: Nathan Howard; nathan.h.howard@noaa.gov
PROJECT_INFO: USOS, summer 2024. https://csl.noaa.gov/groups/csl7/measurements/2024usos/
STIPULATIONS_ON_USE: Users are strongly encouraged to contact the PI for proper data usage.
OTHER_COMMENTS: 
REVISION: RA
RA: Preliminary Data; For in-field use only
starttime_UTC, Br2_NOAACIMS, BrO_NOAACIMS, Cl2_NOAACIMS, ClNO2_NOAACIMS, BrCl_NOAACIMS, NCl3_NOAACIMS
[from data line 578]
 34680,  0.775, -0.014,  1.695,  0.407,  0.250, 13.832
 34740,  0.999, -0.065,  1.643,  0.357,  0.293, 11.943
 34800,  0.840, -0.002,  1.596,  0.382,  0.307, 12.214
 34860,  0.882, -0.019,  1.583,  0.344,  0.288, 12.009
 34920,  0.847, -0.091,  1.595,  0.413,  0.340, 12.346
 34980, -9999.000, -9999.000, -9999.000, -9999.000, -9999.000, -9999.000
 35040,  0.792, -0.098,  1.663,  0.374,  0.303, 13.188
 35100,  0.838, -0.056,  1.687,  0.393,  0.284, 12.401
 35160,  0.967, -0.045,  1.627,  0.393,  0.283, 12.468
 35220,  0.845, -0.048,  1.582,  0.391,  0.282, 12.813
 35280,  0.921,  0.047,  1.847,  0.368,  0.256, 13.460
 35340,  0.845,  0.004,  1.590,  0.338,  0.290, 12.737
 35400,  0.905, -0.048,  1.359,  0.265,  0.256, 10.937
 35460,  0.858, -0.027,  1.062,  0.157,  0.262,  8.311
 35520,  0.826,  0.024,  1.187,  0.206,  0.230,  8.897
 35580,  0.786,  0.072,  1.199,  0.220,  0.231,  8.892
 35640,  0.737,  0.014,  1.251,  0.263,  0.220,  9.081
 35700,  0.865,  0.024,  1.192,  0.203,  0.248,  8.821
 35760,  0.892,  0.013,  1.281,  0.239,  0.246,  9.123
 35820,  0.945,  0.013,  1.714,  0.212,  0.253,  8.606
 35880,  0.940,  0.061,  2.457,  0.260,  0.225,  8.866
 35940,  0.753,  0.016,  4.824,  0.389,  0.259, 10.635
 36000,  0.931,  0.126,  3.809,  0.342,  0.218, 14.932
 36060,  0.793,  0.061,  2.774,  0.327,  0.314, 17.681
 36120,  0.761,  0.109,  6.307,  0.384,  0.230, 16.192
 36180,  0.812,  0.114, 14.378,  0.394,  0.319, 11.302
 36240,  0.888,  0.104, 11.070,  0.372,  0.284, 10.836
 36300,  0.959,  0.031,  9.063,  0.372,  0.219, 10.458
 36360,  0.924,  0.055,  3.160,  0.343,  0.198, 11.086
 36420,  0.879,  0.144,  2.265,  0.363,  0.280, 13.551
 36480,  0.889,  0.098,  1.359,  0.194,  0.227,  8.577
 36540,  0.730,  0.167,  1.354,  0.220,  0.251,  9.331
 36600,  0.850,  0.105,  1.138,  0.182,  0.177,  6.342
 36660,  0.878,  0.098,  1.347,  0.222,  0.229,  7.200
 36720,  0.897,  0.126,  1.223,  0.176,  0.204,  7.169
 36780,  0.870,  0.079,  1.120,  0.156,  0.187,  6.013
 36840,  0.950,  0.157,  0.948,  0.182,  0.042,  6.318
 36900,  0.957,  0.071,  1.009,  0.168,  0.230,  5.900
 36960,  0.968,  0.066,  0.976,  0.124,  0.238,  5.476
 37020,  0.905,  0.181,  1.007,  0.125,  0.175,  5.435
 37080,  0.952,  0.071,  0.834,  0.133,  0.229,  5.337
 37140,  0.844,  0.055,  0.937,  0.108,  0.219,  4.750
 37200,  0.843,  0.194,  0.854,  0.129,  0.206,  5.189
 37260,  1.018,  0.090,  0.900,  0.073,  0.199,  4.782
 37320,  0.890,  0.121,  0.951,  0.098,  0.174,  4.881
 37380,  0.819,  0.068,  0.847,  0.088,  0.185,  4.938
 37440,  0.921,  0.076,  0.905,  0.104,  0.199,  5.148
 37500,  1.021,  0.086,  0.964,  0.128,  0.197,  5.089
 37560,  0.882,  0.082,  1.010,  0.099,  0.213,  5.095
 37620,  1.019,  0.037,  0.978,  0.109,  0.209,  4.452
 37680,  1.011,  0.160,  0.891,  0.082,  0.227,  3.876
 37740,  0.907,  0.029,  0.843,  0.063,  0.207,  3.606
 37800,  0.912,  0.078,  0.888,  0.096,  0.224,  3.818
 37860,  1.013,  0.115,  0.817,  0.106,  0.175,  3.764
 37920,  1.119,  0.102,  0.824,  0.085,  0.215,  3.959
 37980,  1.001,  0.041,  0.898,  0.062,  0.171,  3.485
 38040,  1.011,  0.056,  0.798,  0.080,  0.204,  3.582
 38100,  0.948,  0.002,  0.865,  0.082,  0.155,  3.703
 38160,  0.987, -0.077,  0.929,  0.063,  0.181,  4.313
 38220,  0.996,  0.044,  0.887,  0.062,  0.176,  4.367
 38280,  0.886,  0.080,  0.856,  0.112,  0.188,  4.089
 38340,  0.769,  0.102,  0.891,  0.113,  0.183,  4.092
 38400,  0.885,  0.042,  0.884,  0.116,  0.163,  3.732
 38460,  1.061,  0.011,  0.882,  0.106,  0.206,  3.825
 38520,  1.059,  0.003,  0.932,  0.090,  0.153,  3.844
 38580,  0.943, -0.003,  0.896,  0.076,  0.184,  3.939
 38640,  1.162, -0.100,  0.924,  0.181,  0.125,  3.137
 38700, -9999.000, -9999.000, -9999.000, -9999.000, -9999.000, -9999.000
 38760,  0.824, -0.023,  0.915,  0.174,  0.203,  3.600
 38820,  0.879,  0.023,  1.040,  0.119,  0.163,  3.704
 38880,  0.974, -0.035,  0.948,  0.147,  0.196,  3.984
 38940,  0.925,  0.038,  0.913,  0.125,  0.192,  4.172
 39000,  0.930, -0.012,  1.073,  0.116,  0.218,  5.997
 39060,  0.993, -0.007,  1.107,  0.141,  0.187,  6.726
 39120,  0.991, -0.013,  0.977,  0.147,  0.196,  5.781
 39180,  0.881, -0.079,  0.979,  0.173,  0.201,  5.848
 39240,  0.962, -0.014,  1.072,  0.211,  0.243,  4.935
 39300,  0.998,  0.020,  1.058,  0.173,  0.214,  4.402
 39360,  1.162, -0.068,  1.355,  0.184,  0.199,  3.857
 39420,  0.980,  0.024,  2.213,  0.157,  0.193,  3.966
 39480,  1.161, -0.049,  2.353,  0.157,  0.180,  4.602
 39540,  0.924, -0.078,  1.253,  0.140,  0.159,  4.733
 39600,  1.080, -0.075,  0.956,  0.113,  0.191,  5.873
 39660,  1.083, -0.097,  0.981,  0.169,  0.184,  5.955
 39720,  1.121, -0.077,  0.920,  0.190,  0.140,  5.752
 39780,  1.177,  0.026,  0.942,  0.145,  0.176,  5.803
 39840,  1.206, -0.056,  1.588,  0.219,  0.183,  5.336
 39900,  1.064, -0.163,  1.555,  0.191,  0.178,  5.643
 39960,  1.183, -0.056,  1.238,  0.193,  0.207,  6.405
 40020,  1.175, -0.028,  1.169,  0.232,  0.263,  8.482
 40080,  1.154, -0.006,  1.047,  0.219,  0.213, 10.245
 40140,  1.170, -0.075,  0.874,  0.190,  0.172,  6.263
 40200,  1.120, -0.093,  1.031,  0.175,  0.208,  7.324
 40260,  1.350, -0.055,  0.998,  0.181,  0.217,  6.430
 40320,  1.242, -0.138,  0.869,  0.192,  0.138,  5.586
 40380,  1.207, -0.160,  0.972,  0.188,  0.189,  6.002
 40440,  1.206, -0.107,  0.900,  0.209,  0.230,  5.651
 40500,  1.208, -0.033,  0.792,  0.203,  0.261,  4.712
 40560,  1.114, -0.079,  0.851,  0.157,  0.150,  4.710
 40620,  1.152, -0.109,  0.876,  0.188,  0.199,  4.625
 40680,  1.162, -0.088,  0.833,  0.200,  0.210,  4.937
 40740,  1.103, -0.004,  0.817,  0.187,  0.198,  4.520
 40800,  1.192, -0.070,  0.881,  0.170,  0.220,  4.977
 40860,  1.122, -0.104,  0.804,  0.183,  0.177,  4.405
 40920,  1.150, -0.071,  0.799,  0.180,  0.172,  4.676
 40980,  1.131, -0.094,  0.819,  0.191,  0.181,  4.660
 41040,  1.057, -0.038,  0.913,  0.180,  0.208,  4.880
 41100,  0.964, -0.073,  0.826,  0.192,  0.177,  4.378
 41160,  1.153, -0.081,  0.844,  0.192,  0.198,  4.715
 41220,  1.111, -0.015,  0.885,  0.147,  0.142,  4.611
 41280,  1.049, -0.047,  0.927,  0.210,  0.184,  4.699
 41340,  1.044, -0.072,  0.896,  0.175,  0.206,  4.467
 41400,  1.143, -0.013,  0.891,  0.195,  0.206,  4.490
 41460,  0.902, -0.057,  0.857,  0.199,  0.206,  5.321
 41520,  0.832,  0.029,  0.900,  0.222,  0.200,  5.471
 41580,  0.880,  0.029,  0.983,  0.219,  0.153,  4.953
 41640,  0.862,  0.068,  0.802,  0.233,  0.149,  5.633
 41700,  0.835,  0.045,  0.896,  0.233,  0.173,  5.167
 41760,  0.847,  0.079,  0.990,  0.328,  0.194,  5.557
 41820,  0.746,  0.027,  0.866,  0.249,  0.179,  6.465
 41880,  0.805, -0.011,  0.911,  0.317,  0.225,  5.162
 41940,  0.899,  0.054,  0.944,  0.260,  0.187,  5.936
 42000,  0.735,  0.023,  0.993,  0.254,  0.179,  5.898
 42060,  0.915,  0.012,  0.999,  0.251,  0.146,  6.569
 42120,  0.884,  0.013,  1.079,  0.192,  0.173,  5.999
 42180,  0.797,  0.091,  1.105,  0.463,  0.207,  7.863
 42240,  0.802,  0.143,  1.337,  0.632,  0.350, 18.257
 42300,  0.808,  0.091,  1.747,  0.630,  0.246, 16.111
 42360, -9999.000, -9999.000, -9999.000, -9999.000, -9999.000, -9999.000
 42420,  0.672,  0.162,  4.145,  0.696,  0.272, 25.849
 42480,  0.902,  0.126, 13.638,  0.442,  0.373, 26.515
 42540,  1.062,  0.170, 21.041,  0.529,  0.454, 28.030
 42600,  0.777,  0.148, 16.382,  0.517,  0.391, 25.317
 42660,  0.937,  0.160,  7.474,  0.384,  0.265, 16.436
 42720,  0.950,  0.123,  3.568,  0.283,  0.191, 10.763
 42780,  0.741,  0.037,  3.066,  0.271,  0.268, 11.134
 42840,  0.843,  0.100,  3.046,  0.304,  0.303, 13.923
 42900,  0.759,  0.120,  1.871,  0.382,  0.285, 14.757
 42960,  0.853,  0.074,  1.075,  0.248,  0.203,  9.786
 43020,  0.754,  0.126,  1.418,  0.303,  0.252, 12.336
 43080,  0.849,  0.098,  1.169,  0.265,  0.239,  9.061
 43140,  0.851,  0.067,  1.201,  0.252,  0.230,  8.474
 43200,  0.940,  0.055,  1.196,  0.251,  0.235,  8.916
 43260,  0.774,  0.075,  1.078,  0.257,  0.215,  8.289
 43320,  0.793,  0.081,  1.027,  0.251,  0.176,  8.360
 43380,  0.764,  0.120,  1.161,  0.264,  0.178,  8.582
 43440,  0.733,  0.064,  1.097,  0.383,  0.238,  9.494
 43500,  0.783,  0.136,  1.097,  0.280,  0.243,  7.774
 43560,  0.737,  0.045,  1.079,  0.328,  0.224, 10.496
 43620,  0.831,  0.151,  1.409,  0.408,  0.236, 16.475
 43680,  0.812,  0.221,  1.660,  0.505,  0.237, 14.918
 43740,  0.838,  0.176,  1.972,  0.540,  0.347, 19.698
 43800,  0.784,  0.128,  1.685,  0.558,  0.305, 17.097
 43860,  0.880,  0.114,  1.727,  0.543,  0.300, 16.404
 43920,  0.865,  0.113,  1.256,  0.397,  0.280, 14.916
 43980,  0.892,  0.130,  0.815,  0.157,  0.185,  4.977
 44040,  0.829,  0.046,  0.676,  0.129,  0.187,  3.462
 44100,  0.866,  0.141,  0.814,  0.119,  0.174,  4.662
 44160,  0.865,  0.116,  0.801,  0.138,  0.226,  4.263
 44220, -9999.000, -9999.000, -9999.000, -9999.000, -9999.000, -9999.000
 44280,  0.856,  0.142,  0.732,  0.128,  0.165,  2.610
 44340,  0.919,  0.096,  0.779,  0.103,  0.180,  2.807
 44400,  0.972,  0.121,  0.780,  0.099,  0.157,  3.073
 44460,  1.037,  0.080,  0.784,  0.127,  0.167,  2.658
 44520,  1.022,  0.053,  0.815,  0.094,  0.203,  2.489
 44580,  1.077,  0.157,  0.871,  0.115,  0.175,  2.618
 44640,  0.911,  0.095,  0.973,  0.139,  0.196,  3.171
 44700,  1.072,  0.125,  0.859,  0.141,  0.203,  2.884
 44760,  0.901,  0.130,  0.810,  0.100,  0.219,  2.590
 44820,  0.914,  0.047,  0.786,  0.120,  0.189,  2.479
 44880,  1.020,  0.085,  0.811,  0.121,  0.200,  2.750
 44940,  0.962,  0.074,  0.738,  0.132,  0.201,  2.675
 45000,  0.942,  0.117,  0.828,  0.113,  0.205,  2.712
 45060,  1.074,  0.132,  0.797,  0.125,  0.192,  3.242
 45120,  0.939,  0.090,  0.868,  0.145,  0.183,  4.195
 45180,  0.942,  0.186,  0.871,  0.137,  0.182,  4.269
 45240,  1.024,  0.072,  1.089,  0.195,  0.279,  7.912
 45300,  0.997,  0.094,  1.145,  0.188,  0.231,  7.014
 45360,  0.908,  0.068,  1.122,  0.204,  0.251,  5.227
 45420,  1.003,  0.194,  1.197,  0.238,  0.247,  6.064
 45480,  1.016,  0.151,  1.179,  0.216,  0.266,  7.310
 45540,  0.884,  0.124,  1.301,  0.277,  0.265,  8.626
 45600,  0.800,  0.198,  1.370,  0.310,  0.214,  8.587
 45660,  0.820,  0.124,  1.382,  0.351,  0.235, 11.144
 45720,  0.907,  0.070,  1.252,  0.328,  0.232,  9.861
 45780,  0.979,  0.088,  1.388,  0.418,  0.279, 10.003
 45840,  0.878,  0.144,  1.392,  0.447,  0.246, 10.897
 45900,  0.987,  0.147,  1.338,  0.314,  0.262,  9.116
 45960,  1.006,  0.121,  1.300,  0.339,  0.239,  8.458
 46020,  0.808,  0.182,  1.348,  0.395,  0.181,  9.940
 46080, -9999.000, -9999.000, -9999.000, -9999.000, -9999.000, -9999.000
 46140,  0.849,  0.158,  1.409,  0.458,  0.243, 12.632
 46200,  0.900,  0.180,  1.470,  0.468,  0.196, 12.358
 46260,  0.938,  0.126,  1.375,  0.483,  0.277, 12.557
 46320,  0.931,  0.112,  1.328,  0.519,  0.247, 11.618
 46380,  0.880,  0.127,  1.348,  0.600,  0.256, 10.839
 46440,  0.807,  0.114,  1.378,  0.528,  0.221, 11.292
 46500,  0.836,  0.114,  1.291,  0.494,  0.166, 10.815
 46560,  0.741,  0.159,  1.260,  0.580,  0.216, 10.692
 46620,  0.874,  0.139,  1.461,  0.545,  0.249, 11.088
 46680,  0.836,  0.171,  1.326,  0.528,  0.226, 10.522
 46740,  0.923,  0.098,  1.408,  0.602,  0.228, 14.776
 46800,  0.801,  0.147,  1.130,  0.330,  0.157,  8.992
 46860,  0.797,  0.180,  0.937,  0.185,  0.155,  4.233
 46920,  0.990,  0.151,  1.012,  0.174,  0.130,  2.816
 46980,  0.893,  0.077,  1.033,  0.139,  0.128,  1.582
 47040,  0.903,  0.115,  0.997,  0.099,  0.155,  1.558
 47100,  0.920,  0.193,  0.877,  0.077,  0.126,  1.502
 47160,  0.898,  0.167,  0.869,  0.084,  0.092,  1.290
 47220,  0.849,  0.262,  0.876,  0.086,  0.099,  1.364
 47280,  0.882,  0.138,  0.833,  0.094,  0.143,  1.388
 47340,  0.860,  0.149,  0.780,  0.101,  0.120,  1.624
 47400,  0.828,  0.137,  0.949,  0.082,  0.147,  1.559
 47460,  0.759,  0.129,  0.914,  0.089,  0.075,  1.613
 47520,  0.822,  0.138,  0.845,  0.093,  0.142,  1.926
 47580,  0.812,  0.112,  0.925,  0.086,  0.102,  1.838
 47640,  0.829,  0.144,  1.093,  0.206,  0.166,  3.142
 47700,  0.752,  0.170,  1.063,  0.245,  0.131,  5.227
 47760,  0.893,  0.138,  1.204,  0.370,  0.178,  6.507
 47820,  0.772,  0.191,  1.226,  0.454,  0.168,  6.732
 47880,  0.752,  0.192,  1.269,  0.394,  0.097,  8.336
 47940,  0.992,  0.224,  1.360,  0.624,  0.207,  7.693
 48000,  0.778,  0.200,  1.481,  0.636,  0.200,  7.378
 48060,  0.696,  0.216,  1.321,  0.534,  0.112,  5.847
 48120,  0.627,  0.159,  1.187,  0.466,  0.121,  5.003
 48180,  0.660,  0.131,  1.368,  0.520,  0.126,  5.708
 48240,  0.745,  0.166,  1.339,  0.570,  0.104,  5.545
 48300,  0.713,  0.213,  1.396,  0.590,  0.135,  4.944
 48360,  0.694,  0.110,  1.491,  0.600,  0.178,  4.681
 48420,  0.761,  0.245,  1.394,  0.697,  0.158,  4.495
 48480,  0.800,  0.131,  1.389,  0.636,  0.165,  4.042
 48540,  0.893,  0.180,  1.216,  0.627,  0.174,  3.527
 48600,  0.764,  0.233,  1.345,  0.632,  0.182,  3.435
 48660,  0.782,  0.108,  1.258,  0.658,  0.127,  2.941
 48720,  0.618,  0.159,  1.215,  0.662,  0.204,  2.814
 48780,  0.868,  0.246,  1.131,  0.556,  0.103,  2.579
 48840,  0.945,  0.105,  1.286,  0.553,  0.188,  2.507
 48900,  0.809,  0.105,  1.212,  0.534,  0.136,  2.535
 48960,  0.848,  0.076,  1.130,  0.561,  0.163,  3.404
 49020,  0.779,  0.109,  1.048,  0.501,  0.173,  2.143
 49080,  0.873,  0.105,  1.032,  0.446,  0.139,  1.724
 49140,  0.803,  0.188,  1.093,  0.532,  0.133,  1.880
 49200,  0.816,  0.053,  0.957,  0.526,  0.163,  1.659
 49260,  0.912,  0.082,  1.012,  0.522,  0.171,  1.554
 49320,  0.606,  0.099,  1.063,  0.512,  0.145,  1.704
 49380,  0.911,  0.214,  1.109,  0.400,  0.144,  1.067
 49440,  0.783,  0.073,  1.118,  0.415,  0.185,  0.885
 49500,  0.748,  0.048,  1.275,  0.455,  0.186,  0.739
 49560,  0.695,  0.102,  1.346,  0.473,  0.197,  0.998
 49620,  0.817,  0.079,  2.510,  0.399,  0.194,  1.070
 49680,  1.055,  0.093,  2.949,  0.492,  0.167,  0.882
 49740, -9999.000, -9999.000, -9999.000, -9999.000, -9999.000, -9999.000
 49800,  1.112,  0.087,  7.038,  0.391,  0.146,  1.090
 49860,  0.733,  0.137,  9.866,  0.448,  0.160,  1.708
 49920,  0.812,  0.103,  7.351,  0.467,  0.158,  1.478
 49980,  0.831,  0.178,  5.960,  0.372,  0.174,  1.000
 50040,  0.754,  0.053,  4.415,  0.307,  0.128,  0.926
 50100,  0.826,  0.049,  3.279,  0.326,  0.163,  0.596
 50160,  0.772,  0.094,  2.556,  0.274,  0.188,  0.631
 50220,  0.736,  0.033,  2.394,  0.241,  0.161,  0.713
 50280,  0.865,  0.107,  2.436,  0.295,  0.100,  0.511
 50340,  0.890,  0.084,  1.763,  0.256,  0.158,  0.450
 50400,  0.964,  0.148,  1.957,  0.279,  0.178,  0.403
 50460,  0.843,  0.055,  1.991,  0.276,  0.092,  0.375
 50520,  0.826,  0.054,  1.600,  0.371,  0.167,  0.277
 50580,  0.897,  0.118,  1.667,  0.270,  0.098,  0.296
 50640,  0.901,  0.039,  1.598,  0.322,  0.083,  0.364
 50700,  0.980,  0.105,  1.415,  0.387,  0.150,  0.555
 50760,  0.865,  0.092,  1.270,  0.302,  0.131,  0.345
 50820,  0.838,  0.020,  0.896,  0.243,  0.078,  0.133
 50880,  1.003,  0.027,  1.171,  0.223,  0.113,  0.158
 50940,  0.963,  0.107,  1.096,  0.243,  0.125,  0.219
 51000,  0.974,  0.067,  1.014,  0.206,  0.144,  0.168
 51060,  0.987,  0.077,  0.941,  0.285,  0.109,  0.192
 51120,  0.783,  0.150,  0.967,  0.266,  0.105,  0.190
 51180,  0.989,  0.043,  0.908,  0.266,  0.130,  0.082
 51240,  0.980,  0.072,  0.854,  0.199,  0.079,  0.087
 51300,  0.939,  0.104,  0.755,  0.152,  0.067,  0.079
 51360,  1.018,  0.071,  0.771,  0.151,  0.038,  0.052
 51420,  0.615, -0.039,  0.640,  0.151,  0.012, -0.043
 51480,  0.870,  0.072,  0.644,  0.120,  0.014,  0.007
 51540,  0.905,  0.062,  0.643,  0.086,  0.095,  0.123
 51600,  0.850,  0.297,  0.919,  0.244,  0.200,  0.441
 51660,  1.008,  0.004,  0.531,  0.084,  0.004,  0.027
 51720, -9999.000, -9999.000, -9999.000, -9999.000, -9999.000, -9999.000
 51780, -9999.000, -9999.000, -9999.000, -9999.000, -9999.000, -9999.000
 51840, -9999.000, -9999.000, -9999.000, -9999.000, -9999.000, -9999.000
