CampaignData_and_Merges/R0/CSL_MobileLab_Parked/raw/20240720/USOS-MetNav_MobileLabGround_20240720_R0.ict
44, 1001
Carrie Womack, Nate Howard, Mike Zucker
NOAA Chemical Sciences Laboratory
Mobile Lab MetNav Station
USOS
1, 1
2024, 07, 20, 2024, 12, 21
60
Time_Start, seconds_past_midnight, Seconds from midnight UTC
11
1, 1, 1, 1, 1, 1, 1, 1, 1, 1, 1
-9999, -9999, -9999, -9999, -9999, -9999, -9999, -9999, -9999, -9999, -9999
GPS_Alt_m, meters, Altitude from Differential GPS
GPS_Course_deg, degrees, Course from Differential GPS
GPS_GndSpd_m_s, m/s, Ground Speed from Differential GPS
GPS_Heading_deg, degrees, Heading from Differential GPS
GPS_Lat_deg, degrees, Latitude from Differential GPS
GPS_Lon_deg, degrees, Longitude from Differential GPS
AirTemp_C, Celsius, Air Temperature from Airmar
RelHumidity_pct, percent, Relative Humidity from Airmar
Pressure_mb, millibars, Pressure from Honeywell
WindDir_calc_deg, degrees, Wind Direction from Airmar corrected for van movement
WindSpd_calc_m_s, m/s, Wind Speed from Airmar corrected for van movement
1
SPECIAL COMMENTS:
18
PI_CONTACT_INFO: Address: 325 Broadway R/CSL7, Boulder, CO, 80305
PLATFORM: CSL Mobile Lab
LOCATION: Salt Lake City, UT
ASSOCIATED_DATA: N/A
INSTRUMENT_INFO: N/A
DATA_INFO: Units:
UNCERTAINTY: N/A
ULOD_FLAG: -7777
ULOD_VALUE: N/A
LLOD_FLAG: -8888
LLOD_VALUE: N/A
DM_CONTACT_INFO: Data Manager: Nate Howard
PROJECT_INFO: 
STIPULATIONS_ON_USE: Use of these data require prior ok from PI.
OTHER_COMMENTS: 
REVISION: R0
R0: Final data. Fixed bug in wind averaging code. RA: Preliminary Data. For in-field use only. 
Time_Start, GPS_Alt_m, GPS_Course_deg, GPS_GndSpd_m_s, GPS_Heading_deg, GPS_Lat_deg, GPS_Lon_deg, AirTemp_C, RelHumidity_pct, Pressure_mb, WindDir_calc_deg, WindSpd_calc_m_s
[from data line 801]
48060.0,1309.1,359.27,0.04,359.27,40.73434,-111.87210,25.3,32.9,879.1,140.70,0.7
48120.0,1309.1,359.17,0.04,359.17,40.73433,-111.87210,25.5,32.9,879.1,287.05,0.1
48180.0,1309.3,359.24,0.05,359.24,40.73433,-111.87210,25.6,33.8,879.1,280.90,0.1
48240.0,1309.4,0.06,0.04,0.06,40.73433,-111.87210,25.6,33.7,879.1,190.18,0.0
48300.0,1309.5,0.18,0.05,0.18,40.73433,-111.87210,25.4,33.8,879.1,298.42,0.3
48360.0,1309.4,0.54,0.04,0.54,40.73433,-111.87210,25.3,33.6,879.1,177.03,0.1
48420.0,1309.5,0.08,0.04,0.08,40.73433,-111.87210,25.3,33.0,879.2,268.43,0.1
48480.0,1309.4,359.91,0.05,359.91,40.73433,-111.87210,25.2,32.9,879.2,307.59,0.0
48540.0,1309.5,359.87,0.04,359.87,40.73433,-111.87210,25.2,32.1,879.2,104.12,0.4
48600.0,1309.7,0.32,0.04,0.32,40.73433,-111.87210,25.3,31.4,879.2,138.82,0.2
48660.0,1309.2,0.43,0.05,0.43,40.73433,-111.87210,25.5,31.0,879.2,177.61,0.3
48720.0,1309.2,359.95,0.05,359.95,40.73433,-111.87210,25.6,30.8,879.2,200.23,0.4
48780.0,1309.3,0.17,0.04,0.17,40.73433,-111.87210,25.7,31.2,879.2,74.78,0.3
48840.0,1309.6,359.98,0.05,359.98,40.73433,-111.87210,25.7,31.6,879.2,91.99,0.5
48900.0,1309.9,359.90,0.05,359.90,40.73433,-111.87210,25.7,31.9,879.2,119.89,1.1
48960.0,1309.7,359.65,0.05,359.65,40.73433,-111.87210,25.8,31.3,879.2,123.92,1.4
49020.0,1309.7,359.59,0.05,359.59,40.73433,-111.87210,25.7,30.5,879.2,121.88,1.6
49080.0,1309.6,359.37,0.05,359.37,40.73433,-111.87210,25.7,31.2,879.2,117.94,1.1
49140.0,1309.7,359.63,0.05,359.63,40.73433,-111.87210,25.7,30.9,879.2,141.78,0.7
49200.0,1309.9,0.21,0.04,0.21,40.73433,-111.87210,25.7,31.6,879.2,123.90,1.1
49260.0,1310.2,359.71,0.05,359.71,40.73433,-111.87210,25.7,32.2,879.3,126.63,1.6
49320.0,1310.2,359.04,0.05,359.04,40.73433,-111.87210,25.9,32.7,879.3,146.15,1.3
49380.0,1310.2,359.24,0.05,359.24,40.73433,-111.87210,26.2,30.7,879.3,154.11,1.2
49440.0,1310.2,359.11,0.05,359.11,40.73433,-111.87210,26.5,30.1,879.3,146.04,0.8
49500.0,1310.2,358.88,0.04,358.88,40.73433,-111.87210,26.8,30.2,879.3,128.58,0.5
49560.0,1310.3,359.22,0.04,359.22,40.73433,-111.87210,27.0,31.0,879.3,228.60,0.1
49620.0,1310.1,359.57,0.04,359.57,40.73433,-111.87210,27.3,30.9,879.3,290.81,0.1
49680.0,1310.4,0.09,0.05,0.09,40.73433,-111.87210,27.5,30.2,879.3,255.27,0.2
49740.0,1310.3,359.50,0.05,359.50,40.73433,-111.87210,27.8,30.3,879.3,144.07,0.6
49800.0,1310.3,359.12,0.04,359.12,40.73433,-111.87210,27.9,29.9,879.3,129.14,0.7
49860.0,1310.3,359.28,0.05,359.28,40.73433,-111.87211,28.1,29.2,879.3,122.43,0.4
49920.0,1310.4,359.31,0.05,359.31,40.73433,-111.87211,28.2,28.8,879.4,143.07,0.5
49980.0,1310.4,359.31,0.04,359.31,40.73433,-111.87211,28.3,28.7,879.4,132.91,0.0
50040.0,1310.3,359.39,0.04,359.39,40.73433,-111.87211,28.5,28.6,879.4,130.49,0.2
50100.0,1310.4,359.14,0.04,359.14,40.73433,-111.87211,28.7,28.5,879.4,147.89,0.1
50160.0,1310.2,358.91,0.05,358.91,40.73433,-111.87211,28.7,28.8,879.4,55.22,0.4
50220.0,1310.1,359.10,0.04,359.10,40.73433,-111.87211,28.5,29.2,879.4,94.53,0.6
50280.0,1310.1,358.72,0.05,358.72,40.73433,-111.87211,28.5,29.5,879.4,116.82,1.2
50340.0,1310.2,359.02,0.04,359.02,40.73433,-111.87211,28.6,28.6,879.4,140.45,0.9
50400.0,1310.5,359.05,0.05,359.05,40.73433,-111.87211,28.8,28.6,879.4,120.12,0.8
50460.0,1310.5,359.37,0.05,359.37,40.73433,-111.87211,28.6,29.9,879.5,111.40,1.7
50520.0,1310.4,359.30,0.04,359.30,40.73433,-111.87211,28.6,29.1,879.4,135.15,1.2
50580.0,1310.3,359.08,0.05,359.08,40.73433,-111.87211,28.8,28.2,879.4,128.50,0.8
50640.0,1310.3,358.63,0.05,358.63,40.73433,-111.87211,28.8,29.5,879.4,86.38,0.3
50700.0,1310.4,359.15,0.06,359.15,40.73433,-111.87211,29.1,29.3,879.4,164.77,0.1
50760.0,1310.2,359.24,0.05,359.24,40.73433,-111.87211,29.2,27.4,879.5,107.61,0.3
50820.0,1310.2,358.79,0.05,358.79,40.73433,-111.87211,29.4,27.0,879.5,129.24,1.4
50880.0,1310.1,359.36,0.05,359.36,40.73433,-111.87211,29.3,28.1,879.5,128.91,1.5
50940.0,1310.1,359.17,0.05,359.17,40.73434,-111.87211,29.5,26.9,879.5,128.48,1.1
51000.0,1310.3,359.06,0.06,359.06,40.73434,-111.87211,29.8,26.9,879.5,135.89,0.9
51060.0,1310.2,359.72,0.05,359.72,40.73434,-111.87210,29.8,27.8,879.5,96.18,0.5
51120.0,1310.0,0.04,0.04,0.04,40.73434,-111.87211,29.6,28.0,879.5,103.12,0.6
51180.0,1309.6,359.65,0.05,359.65,40.73434,-111.87211,29.6,28.9,879.5,97.65,0.6
51240.0,1309.4,359.12,0.05,359.12,40.73434,-111.87211,29.7,26.7,879.6,118.85,0.8
51300.0,1309.4,359.41,0.06,359.41,40.73434,-111.87211,29.9,26.4,879.6,109.01,0.4
51360.0,1309.3,359.88,0.04,359.88,40.73434,-111.87211,29.9,25.6,879.6,126.52,1.6
51420.0,1309.5,359.74,0.04,359.74,40.73434,-111.87211,29.9,26.1,879.6,121.43,1.4
51480.0,1309.5,359.55,0.05,359.55,40.73434,-111.87211,30.0,27.1,879.5,134.88,1.3
51540.0,1309.5,359.44,0.04,359.44,40.73434,-111.87211,30.0,26.5,879.5,129.24,2.1
51600.0,1309.5,359.78,0.04,359.78,40.73434,-111.87211,29.7,25.6,879.6,112.88,2.3
51660.0,1309.5,359.70,0.04,359.70,40.73434,-111.87210,29.7,25.3,879.6,113.41,1.7
51720.0,1309.5,359.55,0.05,359.55,40.73434,-111.87211,29.7,25.7,879.6,118.08,1.3
51780.0,1309.5,359.70,0.05,359.70,40.73434,-111.87211,29.8,25.6,879.6,139.18,0.4
51840.0,1309.6,359.84,0.05,359.84,40.73434,-111.87211,29.8,25.7,879.6,121.83,2.0
51900.0,1309.6,0.60,0.05,0.60,40.73434,-111.87211,29.7,25.6,879.6,124.09,2.0
51960.0,1309.5,0.78,0.05,0.78,40.73434,-111.87211,29.4,25.5,879.6,113.13,3.4
52020.0,1309.6,0.77,0.04,0.77,40.73434,-111.87211,29.1,24.9,879.6,107.90,2.8
52080.0,1309.5,0.45,0.05,0.45,40.73434,-111.87211,29.0,24.9,879.6,108.94,2.8
52140.0,1309.5,0.00,0.04,0.00,40.73434,-111.87211,29.0,25.1,879.6,124.37,1.0
52200.0,1309.5,359.69,0.05,359.69,40.73434,-111.87211,29.0,25.5,879.6,119.22,2.8
52260.0,1309.6,359.35,0.05,359.35,40.73434,-111.87211,29.0,25.6,879.6,115.07,2.4
52320.0,1309.6,359.39,0.05,359.39,40.73434,-111.87211,28.7,25.4,879.6,112.40,4.1
52380.0,1309.5,359.55,0.05,359.55,40.73434,-111.87211,28.7,25.8,879.6,108.90,2.0
52440.0,1309.4,358.85,0.05,358.85,40.73434,-111.87211,28.7,25.7,879.6,112.39,2.3
52500.0,1309.5,358.98,0.05,358.98,40.73434,-111.87211,28.6,26.0,879.6,113.97,3.5
52560.0,1309.6,358.76,0.05,358.76,40.73434,-111.87211,28.5,26.1,879.6,112.54,3.3
52620.0,1309.6,359.04,0.05,359.04,40.73434,-111.87211,28.6,26.1,879.7,116.89,1.7
52680.0,1309.5,359.11,0.05,359.11,40.73434,-111.87211,28.4,25.7,879.6,103.33,2.8
52740.0,1309.5,358.96,0.06,358.96,40.73434,-111.87211,28.6,25.8,879.6,110.16,1.6
52800.0,1309.5,358.34,0.05,358.34,40.73434,-111.87211,28.7,25.9,879.6,117.68,2.3
52860.0,1309.4,358.63,0.05,358.63,40.73434,-111.87211,28.5,26.0,879.6,110.84,3.2
52920.0,1309.5,358.22,0.05,358.22,40.73434,-111.87211,28.6,26.3,879.6,112.61,2.6
52980.0,1309.9,357.82,0.05,357.82,40.73434,-111.87211,28.5,26.4,879.6,112.81,3.3
53040.0,1309.8,357.90,0.05,357.90,40.73433,-111.87211,28.6,26.6,879.6,113.94,1.6
53100.0,1310.0,357.72,0.05,357.72,40.73433,-111.87211,28.7,26.3,879.6,113.74,2.3
53160.0,1309.9,357.56,0.06,357.56,40.73433,-111.87211,28.8,26.4,879.6,112.70,1.5
53220.0,1310.0,357.24,0.05,357.24,40.73433,-111.87211,29.0,26.4,879.6,112.36,1.3
53280.0,1310.0,357.47,0.05,357.47,40.73433,-111.87211,29.1,26.8,879.6,122.54,1.7
53340.0,1310.1,358.34,0.05,358.34,40.73433,-111.87211,29.3,26.4,879.6,124.08,1.5
53400.0,1310.1,358.26,0.05,358.26,40.73434,-111.87211,29.4,26.0,879.6,99.69,1.2
53460.0,1310.2,357.99,0.05,357.99,40.73434,-111.87211,29.5,25.9,879.6,116.29,1.6
53520.0,1310.4,358.30,0.05,358.30,40.73434,-111.87211,29.6,26.4,879.7,109.00,0.9
53580.0,1310.4,358.29,0.06,358.29,40.73434,-111.87211,29.7,26.2,879.7,111.03,1.6
53640.0,1310.4,358.77,0.06,358.77,40.73434,-111.87211,29.8,25.7,879.6,112.76,1.5
53700.0,1310.1,358.66,0.06,358.66,40.73434,-111.87211,29.8,25.4,879.7,113.29,1.5
53760.0,1310.1,358.36,0.06,358.36,40.73434,-111.87211,29.8,25.1,879.7,105.38,2.2
53820.0,1309.7,358.55,0.06,358.55,40.73434,-111.87211,29.5,24.9,879.6,102.71,2.6
53880.0,1310.4,359.19,0.05,359.19,40.73434,-111.87211,29.6,25.1,879.7,113.56,2.1
53940.0,1310.8,359.51,0.06,359.51,40.73434,-111.87211,29.6,25.1,879.7,116.98,2.4
54000.0,1311.3,359.61,0.05,359.61,40.73434,-111.87211,29.7,25.4,879.7,110.67,1.4
54060.0,1311.1,359.42,0.06,359.42,40.73434,-111.87211,29.8,24.9,879.7,103.90,0.6
54120.0,1310.4,359.51,0.06,359.51,40.73434,-111.87212,29.9,25.0,879.7,114.04,1.5
54180.0,1309.6,359.46,0.06,359.46,40.73434,-111.87212,29.9,25.4,879.7,113.84,2.3
54240.0,1309.9,359.78,0.06,359.78,40.73434,-111.87212,30.1,25.0,879.7,115.58,0.9
54300.0,1310.8,359.94,0.05,359.94,40.73434,-111.87212,29.9,25.2,879.7,113.28,2.6
54360.0,1312.0,359.61,0.05,359.61,40.73434,-111.87211,30.0,24.7,879.7,120.24,2.1
54420.0,1311.3,0.36,0.05,0.36,40.73434,-111.87211,29.9,25.2,879.7,117.40,3.0
54480.0,1311.9,0.81,0.06,0.81,40.73434,-111.87212,29.9,25.2,879.7,113.86,2.3
54540.0,1312.2,0.68,0.06,0.68,40.73434,-111.87212,30.0,24.7,879.7,125.51,1.9
54600.0,1312.4,0.51,0.06,0.51,40.73434,-111.87212,29.9,25.0,879.7,118.05,2.4
54660.0,1312.2,0.70,0.06,0.70,40.73434,-111.87212,30.1,25.5,879.7,107.86,0.6
54720.0,1311.6,0.18,0.06,0.18,40.73434,-111.87212,30.2,25.0,879.7,114.66,1.9
54780.0,1311.1,359.98,0.06,359.98,40.73434,-111.87212,30.1,24.7,879.7,112.33,2.0
54840.0,1311.1,0.29,0.05,0.29,40.73434,-111.87212,30.1,25.0,879.7,120.21,2.6
54900.0,1310.6,0.91,0.06,0.91,40.73434,-111.87212,30.0,25.0,879.7,104.19,2.6
54960.0,1309.0,0.06,0.05,0.06,40.73434,-111.87212,29.9,24.9,879.7,111.81,3.1
55020.0,1308.8,359.59,0.05,359.59,40.73434,-111.87212,29.9,24.9,879.7,109.26,1.9
55080.0,1309.0,359.61,0.05,359.61,40.73434,-111.87212,29.7,24.7,879.8,111.56,3.7
55140.0,1308.5,359.27,0.05,359.27,40.73434,-111.87212,29.8,24.8,879.7,108.13,1.6
55200.0,1308.4,359.05,0.06,359.05,40.73434,-111.87211,29.9,25.0,879.7,117.60,2.6
55260.0,1308.3,359.15,0.06,359.15,40.73434,-111.87211,29.8,25.2,879.7,112.69,2.9
55320.0,1308.6,359.44,0.05,359.44,40.73434,-111.87212,29.9,25.0,879.7,121.52,1.9
55380.0,1308.5,359.37,0.06,359.37,40.73434,-111.87212,30.1,25.6,879.7,113.25,1.8
55440.0,1308.5,359.29,0.05,359.29,40.73434,-111.87212,29.9,24.8,879.7,100.22,2.8
55500.0,1308.4,359.95,0.05,359.95,40.73434,-111.87212,29.9,24.4,879.7,110.65,2.5
55560.0,1308.1,359.60,0.05,359.60,40.73434,-111.87212,30.0,24.9,879.7,109.93,2.5
55620.0,1308.1,0.22,0.06,0.22,40.73434,-111.87212,29.7,24.2,879.7,108.03,3.9
55680.0,1308.2,360.00,0.05,360.00,40.73434,-111.87212,29.7,24.5,879.7,111.08,3.1
55740.0,1308.8,359.88,0.05,359.88,40.73434,-111.87212,29.8,24.8,879.7,104.50,2.1
55800.0,1309.3,359.92,0.06,359.92,40.73434,-111.87212,29.9,24.7,879.7,117.15,1.8
55860.0,1309.3,359.87,0.05,359.87,40.73434,-111.87212,29.9,24.4,879.6,113.78,2.7
55920.0,1309.2,0.15,0.06,0.15,40.73434,-111.87212,29.9,24.4,879.7,105.24,2.8
55980.0,1309.2,0.17,0.05,0.17,40.73434,-111.87212,29.9,24.5,879.7,99.58,1.6
56040.0,1309.2,0.57,0.06,0.57,40.73433,-111.87212,30.0,24.9,879.7,114.51,1.8
56100.0,1309.3,0.29,0.06,0.29,40.73433,-111.87212,30.1,25.1,879.6,122.08,1.6
56160.0,1309.3,0.15,0.06,0.15,40.73434,-111.87212,30.4,24.6,879.6,117.81,1.7
56220.0,1309.3,0.33,0.05,0.33,40.73434,-111.87212,30.3,24.8,879.6,110.89,2.5
56280.0,1309.4,359.81,0.06,359.81,40.73434,-111.87212,30.2,24.4,879.6,111.05,3.2
56340.0,1309.4,359.86,0.05,359.86,40.73434,-111.87212,30.0,23.8,879.6,106.45,4.0
56400.0,1309.5,359.81,0.05,359.81,40.73434,-111.87212,29.9,23.7,879.6,108.79,3.4
56460.0,1309.4,359.77,0.06,359.77,40.73434,-111.87212,30.0,24.0,879.6,111.34,1.7
56520.0,1309.4,359.98,0.05,359.98,40.73434,-111.87212,30.1,24.8,879.6,112.46,1.9
56580.0,1309.4,359.58,0.05,359.58,40.73434,-111.87212,30.2,25.0,879.6,114.90,1.8
56640.0,1309.2,359.62,0.05,359.62,40.73434,-111.87212,30.4,24.7,879.6,98.69,1.9
56700.0,1308.7,359.66,0.06,359.66,40.73434,-111.87212,30.2,24.0,879.6,86.79,1.5
56760.0,1308.8,359.55,0.05,359.55,40.73434,-111.87212,30.1,23.5,879.6,104.31,3.6
56820.0,1308.9,359.56,0.07,359.56,40.73434,-111.87212,30.3,24.0,879.6,112.63,2.5
56880.0,1309.0,359.37,0.05,359.37,40.73434,-111.87212,30.4,24.2,879.6,93.20,1.0
56940.0,1309.1,359.55,0.06,359.55,40.73434,-111.87212,30.4,24.1,879.6,109.97,2.4
57000.0,1307.8,353.62,0.07,359.70,40.73434,-111.87211,30.4,23.8,879.6,109.68,2.8
57060.0,1310.9,359.69,0.06,359.69,40.73435,-111.87210,30.4,24.0,879.6,111.06,2.5
57120.0,1309.5,0.42,0.05,0.42,40.73435,-111.87211,30.6,24.0,879.6,104.91,1.7
57180.0,1308.9,0.82,0.05,0.82,40.73435,-111.87211,30.6,23.8,879.6,103.53,1.9
57240.0,1308.5,0.58,0.05,0.58,40.73435,-111.87211,30.6,24.2,879.6,113.68,2.3
57300.0,1308.1,0.12,0.06,0.12,40.73435,-111.87211,30.7,24.2,879.6,113.64,2.4
57360.0,1308.1,359.97,0.05,359.97,40.73435,-111.87211,30.8,23.9,879.6,105.34,1.6
57420.0,1308.0,359.78,0.05,359.78,40.73435,-111.87211,30.9,23.7,879.6,105.31,1.3
57480.0,1308.1,359.69,0.05,359.69,40.73434,-111.87211,30.9,23.6,879.5,105.69,2.1
57540.0,1308.3,359.49,0.05,359.49,40.73434,-111.87211,31.2,24.2,879.5,119.48,1.0
57600.0,1308.8,359.62,0.05,359.62,40.73434,-111.87211,31.3,24.1,879.5,91.45,1.2
57660.0,1309.4,359.65,0.05,359.65,40.73434,-111.87211,31.2,23.3,879.5,97.08,2.0
57720.0,1309.4,359.55,0.05,359.55,40.73434,-111.87211,31.4,23.5,879.6,103.57,1.9
57780.0,1309.4,359.30,0.05,359.30,40.73434,-111.87211,31.4,22.7,879.5,114.13,1.7
57840.0,1309.3,359.47,0.05,359.47,40.73434,-111.87211,31.6,23.1,879.5,114.54,2.3
57900.0,1309.6,359.48,0.05,359.48,40.73434,-111.87211,31.7,23.3,879.5,114.85,1.4
57960.0,1309.9,359.43,0.05,359.43,40.73434,-111.87211,31.9,23.4,879.5,118.11,1.8
58020.0,1309.9,359.76,0.05,359.76,40.73434,-111.87211,32.0,23.4,879.5,107.51,1.7
58080.0,1309.4,359.31,0.05,359.31,40.73434,-111.87211,31.8,23.0,879.6,99.52,2.5
58140.0,1309.4,359.74,0.05,359.74,40.73434,-111.87211,31.6,22.9,879.5,106.60,2.8
58200.0,1309.3,359.47,0.05,359.47,40.73434,-111.87211,31.6,22.6,879.5,113.93,2.8
58260.0,1309.4,359.56,0.05,359.56,40.73434,-111.87211,31.4,22.7,879.6,109.79,2.6
58320.0,1309.6,358.93,0.05,358.93,40.73434,-111.87211,31.5,22.9,879.6,111.94,2.4
58380.0,1309.5,358.36,0.05,358.36,40.73434,-111.87211,31.5,22.7,879.6,107.49,2.6
58440.0,1309.5,358.57,0.04,358.57,40.73434,-111.87211,31.6,22.6,879.5,95.05,1.0
58500.0,1309.6,358.71,0.05,358.71,40.73434,-111.87211,31.9,22.7,879.5,91.12,0.7
58560.0,1309.5,358.73,0.04,358.73,40.73434,-111.87211,31.9,22.8,879.5,105.03,1.6
58620.0,1309.5,358.65,0.05,358.65,40.73434,-111.87211,32.1,23.6,879.5,106.83,1.5
58680.0,1309.3,358.93,0.05,358.93,40.73434,-111.87211,32.3,23.7,879.5,103.42,1.1
58740.0,1309.3,359.39,0.04,359.39,40.73434,-111.87211,32.3,22.7,879.5,102.75,2.0
58800.0,1309.2,359.40,0.04,359.40,40.73434,-111.87211,32.2,22.8,879.5,109.13,2.1
58860.0,1309.1,359.36,0.04,359.36,40.73434,-111.87211,32.5,22.8,879.6,104.73,1.0
58920.0,1309.1,359.56,0.05,359.56,40.73434,-111.87211,32.6,22.4,879.5,108.57,1.3
58980.0,1309.0,359.17,0.04,359.17,40.73434,-111.87211,32.8,22.6,879.5,110.20,1.1
59040.0,1309.0,359.19,0.04,359.19,40.73434,-111.87211,32.8,22.1,879.5,108.19,1.6
59100.0,1308.9,359.20,0.04,359.20,40.73434,-111.87211,32.9,22.5,879.5,126.14,2.8
59160.0,1308.9,359.88,0.04,359.88,40.73434,-111.87211,32.9,22.6,879.6,126.94,2.0
59220.0,1308.8,359.64,0.05,359.64,40.73434,-111.87211,33.1,23.2,879.5,110.72,1.3
59280.0,1308.7,359.41,0.05,359.41,40.73434,-111.87211,33.0,22.4,879.5,105.85,2.2
59340.0,1308.7,359.15,0.05,359.15,40.73434,-111.87211,32.9,21.5,879.5,109.21,1.9
59400.0,1308.6,359.29,0.04,359.29,40.73434,-111.87211,33.1,21.4,879.5,120.56,1.7
59460.0,1308.5,359.31,0.05,359.31,40.73434,-111.87211,33.1,21.9,879.5,131.76,2.2
59520.0,1308.3,359.11,0.04,359.11,40.73434,-111.87211,33.4,22.3,879.5,128.53,1.0
59580.0,1308.2,359.31,0.04,359.31,40.73434,-111.87211,33.6,22.4,879.4,87.70,0.8
59640.0,1308.5,359.81,0.04,359.81,40.73434,-111.87211,33.5,23.0,879.5,123.26,2.9
59700.0,1308.2,359.55,0.04,359.55,40.73434,-111.87211,33.2,22.1,879.5,109.48,3.0
59760.0,1308.2,359.49,0.05,359.49,40.73434,-111.87211,33.1,21.8,879.5,103.42,2.2
59820.0,1308.2,359.54,0.04,359.54,40.73434,-111.87211,33.0,21.8,879.5,104.53,2.1
59880.0,1308.1,359.36,0.04,359.36,40.73434,-111.87211,33.1,21.8,879.5,115.30,1.3
59940.0,1308.0,359.03,0.05,359.03,40.73434,-111.87211,33.2,22.1,879.5,115.29,1.9
