CampaignData_and_Merges/R0/CSL_MobileLab_Parked/raw/20240720/USOS-NOAAIodideCIMS-OrgNitrs_MobileLabGround_20240720_RA.ict
37, 1001
Michael A Robinson, Chris Jernigan, Subi Thakali
NOAA ESRL Chemical Sciences Laboratory and CIRES, U. of Colorado
NOAA Iodide CIMS Instrument
USOS
1, 1
2024, 07, 20, 2024, 07, 21
1
starttime_UTC, seconds_past_midnight, seconds_of_day_since_00:00:00_UTC
5
1, 1, 1, 1, 1
-9999, -9999, -9999, -9999, -9999
C4H7NO5_NOAACIMS, pptv, Gas_C4H7NO5_InSitu_S_AVMR, 
ISOPN_NOAACIMS, pptv, Gas_ISOPN_InSitu_S_AVMR, 
C5H10O3_NOAACIMS, pptv, Gas_C5H10O3_InSitu_S_AVMR, 
C5H9NO5_NOAACIMS, pptv, Gas_C5H9NO5_InSitu_S_AVMR, 
C10H17NO4_NOAACIMS, pptv, Gas_C10H17NO4_InSitu_S_AVMR, 
0
18
PI_CONTACT_INFO: 325 Broadway, R/CSD 7, Boulder, Colorado 80305; michael.a.robinson@noaa.gov; chris.jernigan@noaa.gov;
PLATFORM: NOAA CSL Mobile Lab
LOCATION: SLC, Utah
ASSOCIATED_DATA: 1Hz data also available on request.
INSTRUMENT_INFO: NOAA I- ToF CIMS
DATA_INFO: All data in parts per trillion by volume (pptv). 1 Hz data is available upon request.
UNCERTAINTY: TBD
ULOD_FLAG: -7777
ULOD_VALUE: N/A
LLOD_FLAG: -8888
LLOD_VALUE: N/A
DM_CONTACT_INFO: Nathan Howard; nathan.h.howard@noaa.gov
PROJECT_INFO: USOS, summer 2024. https://csl.noaa.gov/groups/csl7/measurements/2024usos/
STIPULATIONS_ON_USE: Users are strongly encouraged to contact the PI for proper data usage.
OTHER_COMMENTS: 
REVISION: RA
RA: Preliminary Data; For in-field use only
starttime_UTC, C4H7NO5_NOAACIMS, ISOPN_NOAACIMS, C5H10O3_NOAACIMS, C5H9NO5_NOAACIMS, C10H17NO4_NOAACIMS
[from data line 674]
 40440,  4.769, 13.744, 83.637, 13.496,  1.539
 40500,  4.848, 14.054, 86.295, 13.804,  1.462
 40560,  4.783, 13.370, 79.921, 13.355,  1.399
 40620,  4.685, 13.329, 79.359, 13.265,  1.405
 40680,  4.893, 13.383, 82.387, 13.635,  1.465
 40740,  4.924, 13.299, 84.724, 14.304,  1.403
 40800,  4.849, 13.368, 85.443, 13.924,  1.549
 40860,  5.003, 13.725, 86.494, 14.538,  1.630
 40920,  5.004, 13.854, 87.072, 14.309,  1.491
 40980,  4.816, 13.323, 84.761, 13.879,  1.480
 41040,  4.835, 13.520, 88.543, 13.593,  1.651
 41100,  4.896, 13.082, 87.774, 13.684,  1.588
 41160,  4.816, 13.324, 86.264, 13.567,  1.483
 41220,  4.676, 12.679, 81.761, 12.953,  1.536
 41280,  4.532, 12.678, 78.472, 12.448,  1.388
 41340,  4.754, 13.361, 81.834, 13.203,  1.504
 41400,  4.986, 13.320, 86.160, 13.867,  1.578
 41460,  4.847, 13.327, 84.662, 13.368,  1.560
 41520,  4.690, 12.810, 81.292, 12.704,  1.502
 41580,  4.550, 12.326, 77.075, 11.799,  1.426
 41640,  4.510, 12.136, 74.303, 12.072,  1.320
 41700,  4.662, 12.497, 79.101, 12.564,  1.482
 41760,  4.531, 12.320, 78.038, 11.892,  1.406
 41820,  4.701, 12.194, 77.748, 12.491,  1.482
 41880,  4.483, 11.944, 77.009, 12.150,  1.541
 41940,  4.692, 12.277, 75.404, 12.135,  1.558
 42000,  4.655, 12.277, 75.016, 12.474,  1.511
 42060,  4.718, 12.993, 76.547, 12.701,  1.645
 42120,  4.565, 12.337, 78.267, 12.198,  1.558
 42180,  4.353, 11.595, 73.239, 11.505,  1.475
 42240,  4.254, 10.954, 70.604, 11.008,  1.615
 42300,  4.367, 11.465, 70.521, 11.144,  1.553
 42360, -9999.000, -9999.000, -9999.000, -9999.000, -9999.000
 42420,  4.104, 10.641, 60.140, 10.219,  1.260
 42480,  4.335, 11.627, 64.548, 11.064,  1.444
 42540,  4.395, 11.637, 66.346, 11.549,  1.396
 42600,  4.453, 11.784, 67.001, 12.009,  1.535
 42660,  4.521, 12.275, 69.749, 12.843,  1.501
 42720,  4.665, 12.672, 70.794, 13.404,  1.388
 42780,  4.758, 12.729, 75.293, 13.214,  1.482
 42840,  4.587, 12.034, 75.646, 12.605,  1.576
 42900,  4.529, 11.552, 70.722, 11.871,  1.451
 42960,  4.805, 12.611, 75.254, 13.037,  1.494
 43020,  4.516, 11.843, 73.307, 12.361,  1.497
 43080,  4.668, 12.067, 72.687, 12.572,  1.449
 43140,  4.765, 12.741, 80.873, 13.701,  1.576
 43200,  4.775, 13.031, 81.975, 13.126,  1.640
 43260,  4.609, 12.491, 77.704, 13.069,  1.582
 43320,  4.552, 12.103, 75.357, 12.535,  1.588
 43380,  4.556, 12.322, 73.698, 12.127,  1.541
 43440,  4.289, 11.190, 68.454, 11.184,  1.307
 43500,  4.421, 11.496, 70.582, 11.990,  1.358
 43560,  4.547, 11.943, 75.002, 12.218,  1.388
 43620,  4.340, 11.177, 69.761, 11.296,  1.444
 43680,  4.212, 10.912, 65.626, 10.399,  1.459
 43740,  4.301, 11.207, 63.039, 11.067,  1.625
 43800,  4.251, 10.916, 62.074, 10.930,  1.548
 43860,  4.195, 10.978, 63.167, 10.589,  1.615
 43920,  4.394, 11.715, 66.563, 11.320,  1.583
 43980,  4.837, 13.691, 76.317, 13.871,  1.329
 44040,  4.944, 13.990, 85.929, 14.535,  1.331
 44100,  4.992, 13.646, 88.629, 14.654,  1.326
 44160,  4.890, 13.367, 88.602, 14.452,  1.332
 44220, -9999.000, -9999.000, -9999.000, -9999.000, -9999.000
 44280,  5.035, 14.107, 91.755, 14.460,  1.345
 44340,  5.010, 14.133, 92.731, 15.086,  1.335
 44400,  5.103, 14.136, 94.327, 15.196,  1.448
 44460,  5.162, 14.721, 100.866, 15.771,  1.485
 44520,  5.239, 14.724, 103.853, 15.481,  1.356
 44580,  5.246, 14.321, 104.495, 15.577,  1.423
 44640,  5.137, 14.291, 103.491, 15.328,  1.448
 44700,  5.211, 14.292, 102.984, 15.747,  1.431
 44760,  5.209, 14.007, 104.204, 15.296,  1.369
 44820,  5.259, 14.249, 102.911, 15.312,  1.408
 44880,  5.222, 13.812, 102.250, 15.392,  1.295
 44940,  5.288, 14.263, 107.172, 15.545,  1.369
 45000,  5.131, 13.752, 106.905, 15.319,  1.409
 45060,  5.218, 13.890, 104.059, 15.409,  1.396
 45120,  5.175, 13.961, 103.332, 15.166,  1.401
 45180,  5.090, 13.515, 103.027, 14.675,  1.317
 45240,  5.024, 12.631, 100.177, 14.347,  1.300
 45300,  4.927, 12.688, 96.438, 13.524,  1.379
 45360,  4.959, 12.941, 92.949, 13.713,  1.377
 45420,  4.906, 12.851, 88.677, 13.104,  1.331
 45480,  4.838, 13.023, 87.856, 12.741,  1.470
 45540,  4.661, 11.823, 81.871, 12.267,  1.349
 45600,  4.527, 11.566, 77.710, 12.015,  1.168
 45660,  4.606, 11.337, 78.063, 11.356,  1.275
 45720,  4.577, 10.775, 76.741, 11.315,  1.389
 45780,  4.568, 10.512, 71.772, 11.235,  1.445
 45840,  4.498, 10.198, 69.767, 11.116,  1.449
 45900,  4.604, 10.738, 68.734, 11.530,  1.495
 45960,  4.616, 10.227, 70.528, 11.646,  1.285
 46020,  4.612, 10.366, 70.766, 11.144,  1.290
 46080, -9999.000, -9999.000, -9999.000, -9999.000, -9999.000
 46140,  4.368,  8.872, 56.252, 10.354,  1.197
 46200,  4.437,  9.361, 58.300, 10.641,  1.265
 46260,  4.418,  9.457, 57.523, 10.541,  1.292
 46320,  4.523,  9.674, 58.568, 10.358,  1.373
 46380,  4.603,  9.705, 58.869, 10.675,  1.491
 46440,  4.577,  9.795, 59.166, 10.752,  1.418
 46500,  4.479,  9.615, 57.018, 10.521,  1.456
 46560,  4.410,  9.435, 55.784, 10.577,  1.421
 46620,  4.572,  9.434, 56.062, 10.658,  1.412
 46680,  4.567,  9.629, 58.945, 10.942,  1.326
 46740,  4.439,  9.347, 59.178, 10.685,  1.343
 46800,  4.410,  9.972, 61.552, 10.970,  1.331
 46860,  4.637, 11.844, 71.952, 13.084,  1.679
 46920,  4.799, 12.187, 76.311, 13.591,  1.898
 46980,  4.774, 11.558, 81.282, 13.493,  1.872
 47040,  4.672, 10.912, 83.375, 13.102,  1.589
 47100,  4.740, 10.571, 86.629, 12.961,  1.601
 47160,  4.660, 10.416, 84.775, 12.423,  1.423
 47220,  4.587, 10.085, 83.701, 12.202,  1.423
 47280,  4.623, 10.154, 83.998, 12.024,  1.399
 47340,  4.605, 10.314, 84.607, 11.889,  1.297
 47400,  4.614,  9.438, 81.183, 11.717,  1.326
 47460,  4.551,  9.312, 83.319, 11.501,  1.207
 47520,  4.559,  9.409, 82.974, 11.036,  1.243
 47580,  4.637,  9.091, 80.602, 10.935,  1.212
 47640,  4.415,  8.681, 76.832, 10.434,  1.152
 47700,  4.545,  8.994, 73.970, 10.373,  1.205
 47760,  4.517,  8.634, 68.544,  9.746,  1.232
 47820,  4.458,  8.961, 63.161,  9.430,  1.461
 47880,  4.441,  8.647, 65.043,  9.552,  1.378
 47940,  4.522,  8.600, 58.072,  9.099,  1.407
 48000,  4.523,  9.288, 56.324,  9.242,  1.512
 48060,  4.618,  9.497, 55.677,  9.421,  1.621
 48120,  4.656,  9.345, 56.940,  9.483,  1.410
 48180,  4.726,  9.628, 56.548,  9.116,  1.617
 48240,  4.773,  9.255, 51.658,  9.099,  1.575
 48300,  4.751,  9.817, 53.576,  9.330,  1.685
 48360,  4.876,  9.914, 54.921,  9.345,  1.785
 48420,  5.184, 10.103, 51.312,  9.814,  1.907
 48480,  5.228, 10.467, 51.978, 10.245,  1.874
 48540,  5.309,  9.768, 48.696,  9.999,  1.848
 48600,  5.454, 10.000, 47.955, 10.349,  2.002
 48660,  5.423,  9.946, 45.541, 10.201,  1.897
 48720,  5.412,  9.989, 44.084,  9.996,  1.831
 48780,  5.502, 10.968, 47.385, 10.348,  1.947
 48840,  5.439, 10.703, 46.727,  9.805,  1.892
 48900,  5.338,  9.958, 45.877,  9.730,  1.878
 48960,  5.423, 10.119, 46.506,  9.904,  1.919
 49020,  5.601,  9.973, 45.778, 10.272,  1.869
 49080,  5.551, 11.030, 45.767, 10.033,  1.941
 49140,  5.529, 10.670, 45.513, 10.210,  1.842
 49200,  5.725, 10.245, 46.232, 10.182,  1.818
 49260,  5.566, 10.261, 46.437,  9.715,  1.736
 49320,  5.536, 10.277, 49.621,  9.825,  1.763
 49380,  5.864, 10.712, 48.992, 10.374,  1.846
 49440,  5.818, 10.318, 51.815, 10.229,  1.857
 49500,  5.867, 10.906, 52.976, 10.035,  1.728
 49560,  5.859, 10.766, 52.541,  9.812,  1.721
 49620,  5.894, 10.878, 50.021,  9.982,  1.718
 49680,  5.986, 10.912, 48.387, 10.108,  1.564
 49740, -9999.000, -9999.000, -9999.000, -9999.000, -9999.000
 49800,  5.818, 12.320, 46.941,  9.201,  1.368
 49860,  5.868, 11.685, 52.205,  9.636,  1.467
 49920,  5.993, 12.384, 55.750,  9.807,  1.441
 49980,  5.905, 13.439, 59.086, 10.007,  1.479
 50040,  5.918, 13.547, 61.839,  9.759,  1.352
 50100,  5.843, 13.879, 61.592,  9.744,  1.323
 50160,  5.791, 14.126, 62.669,  9.728,  1.362
 50220,  5.815, 13.741, 63.511,  9.856,  1.370
 50280,  5.720, 13.729, 62.317,  9.603,  1.350
 50340,  5.860, 14.805, 64.434,  9.623,  1.263
 50400,  5.875, 14.809, 62.884,  9.682,  1.203
 50460,  5.840, 14.718, 65.251,  9.416,  1.321
 50520,  6.118, 16.534, 61.396,  9.673,  1.585
 50580,  6.235, 16.180, 63.032,  9.749,  1.344
 50640,  6.037, 16.124, 63.463,  9.633,  1.517
 50700,  6.292, 17.233, 58.559,  9.645,  1.573
 50760,  6.320, 17.069, 61.282,  9.825,  1.547
 50820,  6.269, 15.774, 64.692,  9.926,  1.372
 50880,  6.203, 16.428, 64.590,  9.734,  1.213
 50940,  6.263, 17.394, 64.144,  9.872,  1.334
 51000,  6.353, 17.450, 64.545,  9.872,  1.342
 51060,  6.331, 17.517, 64.425,  9.921,  1.346
 51120,  6.400, 17.913, 63.347,  9.743,  1.405
 51180,  6.466, 17.722, 63.288,  9.549,  1.338
 51240,  6.239, 18.017, 66.081,  9.811,  1.318
 51300,  5.995, 17.241, 70.181,  9.660,  1.206
 51360,  5.942, 17.130, 72.092,  9.426,  1.125
 51420,  6.092, 18.281, 72.662,  9.658,  1.106
 51480,  5.834, 16.698, 73.428,  9.430,  1.224
 51540,  5.929, 16.634, 72.461,  9.442,  1.022
 51600,  5.935, 17.537, 73.324,  7.648,  0.512
 51660,  5.756, 14.162, 75.976,  9.133,  0.812
 51720, -9999.000, -9999.000, -9999.000, -9999.000, -9999.000
 51780, -9999.000, -9999.000, -9999.000, -9999.000, -9999.000
 51840, -9999.000, -9999.000, -9999.000, -9999.000, -9999.000
 51900, -9999.000, -9999.000, -9999.000, -9999.000, -9999.000
 51960, -9999.000, -9999.000, -9999.000, -9999.000, -9999.000
 52020, -9999.000, -9999.000, -9999.000, -9999.000, -9999.000
 52080, -9999.000, -9999.000, -9999.000, -9999.000, -9999.000
 52140, -9999.000, -9999.000, -9999.000, -9999.000, -9999.000
 52200, -9999.000, -9999.000, -9999.000, -9999.000, -9999.000
 52260,  8.299, 29.192, 119.666, 14.788,  1.852
 52320,  8.175, 20.694, 124.650, 13.245,  1.345
 52380,  7.847, 19.182, 112.926, 12.436,  1.267
 52440,  7.765, 18.552, 106.795, 11.828,  1.339
 52500,  7.728, 18.787, 102.903, 11.986,  1.322
 52560,  7.682, 18.849, 102.084, 11.929,  1.279
 52620,  7.501, 18.132, 97.056, 11.739,  1.233
 52680,  7.638, 18.577, 99.372, 11.804,  1.266
 52740,  7.668, 18.055, 96.975, 11.887,  1.229
 52800,  7.609, 18.799, 96.598, 11.572,  1.220
 52860,  7.623, 18.770, 95.066, 11.692,  1.150
 52920,  7.600, 18.619, 93.610, 11.637,  1.234
 52980,  7.560, 19.084, 92.052, 11.437,  1.191
 53040,  7.498, 19.021, 91.615, 11.370,  1.305
 53100,  7.606, 19.076, 89.253, 11.409,  1.223
 53160,  7.595, 19.771, 91.695, 11.287,  1.220
 53220,  7.502, 19.215, 88.346, 11.259,  1.183
 53280,  7.525, 20.277, 87.731, 11.049,  1.143
 53340,  7.457, 20.307, 86.839, 10.815,  1.352
 53400,  7.413, 19.524, 86.852, 10.990,  1.196
 53460, -9999.000, -9999.000, -9999.000, -9999.000, -9999.000
 53520,  7.323, 21.269, 74.709, 10.165,  1.089
 53580,  7.309, 21.099, 77.859, 10.454,  1.172
 53640,  7.283, 20.881, 80.020, 10.575,  1.254
 53700,  7.308, 20.571, 80.235, 10.615,  1.127
 53760,  7.197, 20.209, 81.182, 10.535,  1.231
 53820,  6.997, 19.290, 83.224, 10.429,  1.183
 53880,  6.948, 18.984, 81.642, 10.234,  1.267
 53940,  6.848, 18.965, 80.721, 10.045,  1.200
 54000,  6.795, 19.993, 80.001,  9.656,  1.264
 54060,  6.826, 20.046, 80.785,  9.745,  1.335
 54120,  6.825, 20.069, 81.104,  9.850,  1.392
 54180,  6.735, 20.199, 81.513,  9.614,  1.259
 54240,  6.733, 19.816, 80.561,  9.669,  1.213
 54300,  6.775, 20.251, 80.464,  9.530,  1.246
 54360,  6.863, 20.446, 82.514,  9.866,  1.269
 54420,  6.783, 19.771, 84.335,  9.834,  1.269
 54480,  6.785, 20.103, 82.921,  9.596,  1.258
 54540,  6.810, 20.550, 83.052,  9.556,  1.207
 54600,  6.812, 21.402, 85.173,  9.709,  1.208
 54660,  6.787, 21.232, 85.278,  9.746,  1.262
 54720,  6.819, 21.857, 84.440,  9.664,  1.325
 54780,  6.782, 21.982, 85.755,  9.464,  1.167
 54840,  6.888, 22.842, 87.518,  9.480,  1.340
 54900,  6.899, 22.735, 88.467,  9.528,  1.232
 54960,  6.877, 23.014, 88.642,  9.475,  1.265
 55020,  6.820, 23.846, 88.247,  9.394,  1.399
 55080,  6.815, 23.465, 86.871,  9.355,  1.295
 55140,  6.638, 22.865, 89.659,  8.956,  1.271
 55200,  6.618, 23.665, 88.374,  9.159,  1.334
 55260,  6.546, 22.445, 86.331,  8.995,  1.312
 55320,  6.316, 21.550, 76.639,  8.595,  0.848
 55380,  6.503, 23.203, 81.855,  8.755,  1.223
 55440,  6.524, 22.723, 83.412,  8.874,  1.311
 55500,  6.541, 23.480, 88.177,  8.932,  1.304
 55560,  6.544, 24.163, 85.034,  8.875,  1.238
 55620,  6.515, 23.783, 88.393,  8.677,  1.374
 55680,  6.368, 23.530, 86.856,  8.666,  1.278
 55740,  6.361, 23.841, 86.465,  8.456,  1.239
 55800,  6.304, 24.371, 87.887,  8.557,  1.375
 55860,  6.255, 24.729, 85.616,  8.231,  1.288
 55920,  6.262, 24.356, 87.439,  8.340,  1.286
 55980,  6.183, 24.578, 88.003,  8.438,  1.317
 56040,  6.355, 24.509, 87.962,  8.187,  1.276
 56100,  6.351, 24.734, 86.901,  8.333,  1.300
 56160,  6.254, 25.181, 88.210,  8.244,  1.459
 56220,  5.991, 23.283, 85.295,  7.949,  1.304
 56280,  5.930, 23.471, 84.788,  8.029,  1.358
 56340,  5.881, 23.361, 84.504,  7.943,  1.282
 56400,  5.853, 22.924, 82.687,  7.574,  1.172
 56460,  5.877, 22.647, 85.178,  7.808,  1.198
 56520,  5.888, 23.437, 83.855,  7.808,  1.221
 56580,  5.777, 23.713, 82.533,  7.676,  1.284
 56640,  5.923, 24.455, 84.302,  7.713,  1.303
 56700,  5.897, 23.051, 86.369,  7.766,  1.237
 56760,  5.936, 23.550, 86.274,  7.694,  1.321
 56820,  5.808, 23.021, 88.596,  7.965,  1.209
 56880,  5.861, 23.532, 86.265,  7.789,  1.150
 56940,  5.925, 24.284, 85.781,  7.741,  1.083
 57000,  5.999, 25.798, 88.945,  7.768,  1.278
 57060,  6.138, 26.537, 90.788,  7.776,  1.321
 57120,  6.111, 27.416, 91.526,  7.662,  1.084
 57180,  5.619, 24.897, 78.292,  7.369,  0.138
 57240,  6.106, 25.960, 83.677,  7.783,  1.061
 57300,  6.084, 25.785, 84.985,  7.939,  1.091
 57360,  6.018, 26.924, 89.412,  7.877,  1.189
 57420,  6.091, 27.764, 92.606,  8.043,  1.313
 57480,  6.133, 29.494, 93.718,  7.902,  1.147
 57540,  6.289, 29.902, 93.692,  7.792,  1.205
 57600,  6.304, 30.393, 95.302,  7.948,  1.160
 57660,  6.043, 27.685, 95.509,  7.713,  1.184
 57720,  5.939, 26.896, 94.456,  7.797,  1.111
 57780,  6.042, 28.109, 96.915,  7.732,  1.069
 57840,  6.159, 27.889, 97.603,  7.626,  1.084
 57900,  6.072, 28.232, 99.004,  7.802,  1.147
 57960,  6.084, 27.959, 96.585,  7.666,  1.109
 58020,  6.156, 28.864, 98.814,  7.830,  1.040
 58080,  6.254, 30.167, 100.923,  7.693,  1.128
 58140,  6.210, 29.693, 102.652,  7.812,  1.120
 58200,  6.332, 29.926, 104.552,  7.979,  1.036
 58260,  6.241, 29.100, 104.879,  7.640,  0.961
 58320,  6.357, 31.460, 109.410,  7.916,  1.016
 58380,  6.265, 29.848, 110.465,  7.951,  1.021
 58440,  6.392, 29.117, 112.438,  7.966,  0.936
 58500,  6.387, 29.840, 111.549,  7.825,  0.934
 58560,  6.442, 32.072, 114.421,  7.945,  1.072
 58620,  6.409, 33.333, 114.800,  7.930,  1.043
 58680,  6.511, 33.062, 112.988,  7.848,  1.069
 58740,  6.609, 34.846, 118.184,  8.144,  1.144
 58800,  6.643, 35.495, 118.534,  7.985,  1.000
 58860,  6.709, 35.743, 119.293,  8.201,  1.125
 58920,  6.646, 36.109, 120.567,  8.026,  0.991
 58980,  6.806, 34.793, 118.552,  7.913,  1.105
 59040,  6.483, 35.196, 112.800,  7.910,  0.871
 59100,  6.683, 37.534, 119.505,  7.981,  0.999
 59160,  6.815, 37.367, 122.725,  8.246,  0.902
 59220,  6.924, 39.448, 123.163,  8.196,  0.904
 59280,  7.053, 36.039, 118.396,  8.106,  0.933
 59340,  6.928, 33.590, 121.708,  8.183,  0.860
 59400,  7.039, 35.449, 127.168,  8.251,  0.948
 59460,  6.844, 36.475, 129.463,  8.000,  1.055
 59520,  6.821, 36.372, 130.196,  8.031,  0.927
 59580,  6.944, 34.403, 123.344,  7.866,  0.793
 59640,  7.059, 35.340, 128.781,  8.267,  0.960
 59700,  6.574, 36.432, 136.631,  7.873,  1.025
 59760,  6.318, 35.589, 136.423,  7.412,  0.949
 59820,  6.384, 35.497, 135.105,  7.459,  0.895
 59880,  6.537, 37.035, 137.555,  7.617,  0.912
 59940,  6.573, 36.227, 136.262,  7.744,  0.906
 60000,  6.457, 37.328, 140.841,  7.277,  0.987
 60060,  6.232, 35.753, 141.967,  7.309,  0.905
 60120,  6.127, 35.945, 139.017,  7.332,  0.971
 60180,  6.275, 37.275, 139.849,  7.103,  1.139
 60240,  6.297, 38.761, 142.042,  7.038,  1.046
 60300,  6.748, 39.963, 142.742,  7.337,  1.086
 60360,  6.653, 37.770, 144.225,  7.313,  0.982
