CampaignData_and_Merges/R0/CSL_MobileLab_Parked/raw/20240720/USOS-NOAAIodideCIMS-HNO3_MobileLabGround_20240720_RA.ict
33, 1001
Michael A Robinson, Chris Jernigan, Subi Thakali
NOAA ESRL Chemical Sciences Laboratory and CIRES, U. of Colorado
NOAA Iodide CIMS Instrument
USOS
1, 1
2024, 07, 20, 2024, 07, 21
1
starttime_UTC, seconds_past_midnight, seconds_of_day_since_00:00:00_UTC
1
1
-9999
HNO3_NOAACIMS, pptv, Gas_HNO3_InSitu_S_AVMR, 
0
18
PI_CONTACT_INFO: 325 Broadway, R/CSD 7, Boulder, Colorado 80305; michael.a.robinson@noaa.gov; chris.jernigan@noaa.gov;
PLATFORM: NOAA CSL Mobile Lab
LOCATION: SLC, Utah
ASSOCIATED_DATA: 1Hz data also available on request.
INSTRUMENT_INFO: NOAA I- ToF CIMS
DATA_INFO: All data in parts per trillion by volume (pptv). 1 Hz data is available upon request.
UNCERTAINTY: TBD
ULOD_FLAG: -7777
ULOD_VALUE: N/A
LLOD_FLAG: -8888
LLOD_VALUE: N/A
DM_CONTACT_INFO: Nathan Howard; nathan.h.howard@noaa.gov
PROJECT_INFO: USOS, summer 2024. https://csl.noaa.gov/groups/csl7/measurements/2024usos/
STIPULATIONS_ON_USE: Users are strongly encouraged to contact the PI for proper data usage.
OTHER_COMMENTS: 
REVISION: RA
RA: Preliminary Data; For in-field use only
starttime_UTC, HNO3_NOAACIMS
     0, 230.775
    60, 245.735
   120, 246.814
   180, 238.781
   240, 233.591
   300, 217.173
   360, 228.317
   420, 232.658
   480, 254.189
   540, 257.473
   600, 244.403
   660, 243.132
   720, 231.058
   780, 239.048
   840, 268.922
   900, 276.058
   960, 301.850
  1020, 301.554
  1080, 269.687
  1140, 266.592
  1200, 261.627
  1260, 280.758
  1320, 290.976
  1380, 312.467
  1440, 309.772
  1500, 317.428
  1560, 331.156
  1620, 362.874
  1680, 381.916
  1740, -9999.000
  1800, 361.824
  1860, 354.798
  1920, 353.802
  1980, 348.673
  2040, 356.741
  2100, 371.291
  2160, 392.619
  2220, 411.035
  2280, 414.243
  2340, 409.163
  2400, 415.118
  2460, 416.551
  2520, 418.216
  2580, 422.752
  2640, 418.968
  2700, 416.117
  2760, 398.975
  2820, 396.872
  2880, 421.836
  2940, 424.824
  3000, 430.633
  3060, 435.706
  3120, 456.225
  3180, 459.289
  3240, 453.990
  3300, 426.664
  3360, 426.369
  3420, 437.025
  3480, 449.258
  3540, 444.417
  3600, 423.324
  3660, 386.141
  3720, 353.789
  3780, 328.666
  3840, 312.359
  3900, 313.965
  3960, 319.713
  4020, 329.433
  4080, 351.805
  4140, 336.297
  4200, 325.203
  4260, 324.994
  4320, 337.859
  4380, 362.727
  4440, 384.692
  4500, 397.077
  4560, 388.114
  4620, 404.275
  4680, 430.646
  4740, 431.448
  4800, 473.112
  4860, 488.873
  4920, 469.119
  4980, 484.943
  5040, 483.256
  5100, 464.565
  5160, 459.440
  5220, 453.365
  5280, 452.980
  5340, 464.331
  5400, -9999.000
  5460, 411.764
  5520, 427.708
  5580, 443.367
  5640, 455.091
  5700, 438.973
  5760, 445.690
  5820, 445.763
  5880, 438.647
  5940, 445.359
  6000, 439.627
  6060, 440.462
  6120, 446.688
  6180, 440.581
  6240, 435.738
  6300, 439.010
  6360, 441.947
  6420, 453.801
  6480, 444.148
  6540, 443.576
  6600, 445.782
  6660, 445.313
  6720, 444.399
  6780, 446.105
  6840, 440.175
  6900, 433.716
  6960, 437.058
  7020, 430.304
  7080, 419.445
  7140, 423.789
  7200, 448.178
  7260, -9999.000
  7320, 415.112
  7380, 421.768
  7440, 449.548
  7500, 455.649
  7560, 446.784
  7620, 452.483
  7680, 459.131
  7740, 469.825
  7800, 478.586
  7860, 466.988
  7920, 457.060
  7980, 432.811
  8040, 430.384
  8100, 413.705
  8160, 422.053
  8220, 423.697
  8280, 416.283
  8340, 401.464
  8400, 396.028
  8460, 388.063
  8520, 408.927
  8580, 414.952
  8640, 400.934
  8700, 388.333
  8760, 387.438
  8820, 406.389
  8880, 418.323
  8940, 416.453
  9000, 416.187
  9060, 419.060
  9120, -9999.000
  9180, 393.466
  9240, 400.465
  9300, 405.933
  9360, 405.444
  9420, 412.396
  9480, 425.883
  9540, 425.314
  9600, 415.123
  9660, 438.456
  9720, 471.477
  9780, 490.366
  9840, 494.075
  9900, 477.842
  9960, 478.946
 10020, 472.182
 10080, 470.984
 10140, 460.521
 10200, 450.737
 10260, 449.049
 10320, 450.473
 10380, 442.115
 10440, 445.211
 10500, 433.481
 10560, 417.568
 10620, 399.060
 10680, 396.663
 10740, 402.310
 10800, 394.412
 10860, 382.311
 10920, 372.846
 10980, 361.527
 11040, 362.452
 11100, 360.392
 11160, 360.961
 11220, 362.319
 11280, 360.789
 11340, 359.039
 11400, 350.179
 11460, 344.636
 11520, 348.348
 11580, 347.221
 11640, 335.592
 11700, 332.200
 11760, 328.390
 11820, 318.868
 11880, 312.299
 11940, 315.242
 12000, 312.313
 12060, 306.895
 12120, 306.194
 12180, 302.424
 12240, 288.419
 12300, 287.590
 12360, 293.882
 12420, 300.370
 12480, 294.157
 12540, 290.091
 12600, 293.790
 12660, 292.178
 12720, 286.764
 12780, 286.724
 12840, 283.676
 12900, 276.813
 12960, 277.353
 13020, 270.038
 13080, 275.944
 13140, 277.302
 13200, 278.023
 13260, 275.312
 13320, 283.311
 13380, 286.862
 13440, 297.215
 13500, 295.576
 13560, 293.621
 13620, 296.840
 13680, 304.195
 13740, 305.234
 13800, 307.097
 13860, 309.608
 13920, 303.598
 13980, 302.637
 14040, 303.851
 14100, 296.435
 14160, 296.575
 14220, 292.455
 14280, 300.321
 14340, 307.564
 14400, 312.590
 14460, 311.905
 14520, 308.143
 14580, 297.904
 14640, 303.936
 14700, 289.822
 14760, 287.984
 14820, 286.061
 14880, 290.604
 14940, 291.236
 15000, 291.458
 15060, 292.086
 15120, 297.956
 15180, 303.920
 15240, 302.011
 15300, 301.754
 15360, 299.495
 15420, 303.072
 15480, 294.416
 15540, 294.235
 15600, 286.111
 15660, 291.420
 15720, 287.846
 15780, 281.741
 15840, 284.116
 15900, 275.761
 15960, 275.910
 16020, 286.303
 16080, 297.600
 16140, 300.215
 16200, 293.510
 16260, 288.578
 16320, 286.332
 16380, 272.305
 16440, 265.972
 16500, -9999.000
 16560, 247.983
 16620, 247.185
 16680, 248.991
 16740, 249.130
 16800, 260.108
 16860, 293.031
 16920, 304.308
 16980, 297.215
 17040, 287.022
 17100, 275.220
 17160, 268.277
 17220, 272.058
 17280, 256.265
 17340, 245.072
 17400, 255.076
 17460, 257.182
 17520, 261.009
 17580, 272.433
 17640, 284.285
 17700, 288.465
 17760, 283.585
 17820, 277.155
 17880, 268.753
 17940, 257.980
 18000, 245.831
 18060, 241.967
 18120, 235.026
 18180, 242.154
 18240, 228.898
 18300, 235.158
 18360, 260.218
 18420, 271.225
 18480, 268.398
 18540, 248.092
 18600, 238.263
 18660, 240.786
 18720, 237.671
 18780, 238.975
 18840, 230.935
 18900, 231.597
 18960, 229.162
 19020, 237.598
 19080, 257.004
 19140, 268.159
 19200, 274.663
 19260, 264.944
 19320, 259.180
 19380, 255.047
 19440, 252.105
 19500, 245.998
 19560, 242.118
 19620, 251.621
 19680, 278.226
 19740, 272.162
 19800, 257.324
 19860, 247.443
 19920, 213.446
 19980, 194.747
 20040, 196.939
 20100, 204.987
 20160, 222.178
 20220, -9999.000
 20280, 247.918
 20340, 261.176
 20400, 263.737
 20460, 260.304
 20520, 239.128
 20580, 233.398
 20640, 244.856
 20700, 236.423
 20760, 249.320
 20820, 243.687
 20880, 263.819
 20940, 279.708
 21000, 288.163
 21060, 288.154
 21120, 284.221
 21180, 279.872
 21240, 278.813
 21300, 279.518
 21360, 268.969
 21420, 255.295
 21480, 255.120
 21540, 259.953
 21600, 262.333
 21660, 266.410
 21720, 262.564
 21780, 257.491
 21840, 242.621
 21900, 245.075
 21960, 258.792
 22020, 257.753
 22080, 243.017
 22140, 245.277
 22200, 232.341
 22260, 228.731
 22320, 228.143
 22380, 225.024
 22440, 223.389
 22500, 231.439
 22560, 243.954
 22620, 249.931
 22680, 247.566
 22740, 244.302
 22800, 243.559
 22860, 234.892
 22920, 237.079
 22980, 253.158
 23040, 259.903
 23100, 268.602
 23160, 274.364
 23220, 264.683
 23280, 246.125
 23340, 231.319
 23400, 228.316
 23460, 218.068
 23520, 217.087
 23580, 234.721
 23640, 243.685
 23700, 236.581
 23760, 235.965
 23820, 228.634
 23880, -9999.000
 23940, 215.154
 24000, 210.991
 24060, 211.034
 24120, 226.780
 24180, 232.842
 24240, 237.049
 24300, 240.563
 24360, 240.064
 24420, 231.775
 24480, 224.813
 24540, 222.453
 24600, 232.112
 24660, 246.744
 24720, 244.848
 24780, 238.265
 24840, 243.078
 24900, 236.883
 24960, 226.314
 25020, 216.744
 25080, 210.434
 25140, 217.331
 25200, 228.145
 25260, 225.533
 25320, 213.637
 25380, 207.678
 25440, 199.392
 25500, 199.683
 25560, 191.413
 25620, 192.143
 25680, 200.299
 25740, -9999.000
 25800, 196.190
 25860, 186.570
 25920, 188.110
 25980, 183.335
 26040, 174.317
 26100, 180.879
 26160, 194.562
 26220, 199.927
 26280, 196.203
 26340, 193.129
 26400, 182.117
 26460, 178.092
 26520, 176.413
 26580, 179.374
 26640, 198.661
 26700, 203.589
 26760, 208.084
 26820, 208.925
 26880, 207.328
 26940, 207.357
 27000, 199.682
 27060, 201.919
 27120, 209.771
 27180, 211.639
 27240, 194.959
 27300, 175.245
 27360, 174.325
 27420, 184.001
 27480, 188.353
 27540, 199.856
 27600, -9999.000
 27660, 203.958
 27720, 202.137
 27780, 197.939
 27840, 188.102
 27900, 178.336
 27960, 176.417
 28020, 174.173
 28080, 171.965
 28140, 163.933
 28200, 166.595
 28260, 161.419
 28320, 157.897
 28380, 159.715
 28440, 165.403
 28500, 184.209
 28560, 191.180
 28620, 196.113
 28680, 196.094
 28740, 189.184
 28800, 185.593
 28860, 189.805
 28920, 200.448
 28980, 203.739
 29040, 197.525
 29100, 182.614
 29160, 171.286
 29220, 158.046
 29280, 153.342
 29340, 163.521
 29400, 175.180
 29460, 184.866
 29520, 183.989
 29580, 172.730
 29640, 164.158
 29700, 153.210
 29760, 157.009
 29820, 160.543
 29880, 159.824
 29940, 155.588
 30000, 150.583
 30060, 143.374
 30120, 138.418
 30180, 140.838
 30240, 144.929
 30300, 141.942
 30360, 139.073
 30420, 134.958
 30480, 126.537
 30540, 131.516
 30600, 146.837
 30660, 158.555
 30720, 165.721
 30780, 171.721
 30840, 175.564
 30900, 181.393
 30960, 191.545
 31020, 208.741
 31080, 226.061
 31140, 233.822
 31200, 235.390
 31260, -9999.000
 31320, 226.856
 31380, 222.536
 31440, 220.969
 31500, 230.647
 31560, 242.148
 31620, 249.350
 31680, 250.756
 31740, 239.518
 31800, 232.628
 31860, 227.768
 31920, 225.025
 31980, 226.479
 32040, 236.340
 32100, 238.612
 32160, 235.590
 32220, 227.972
 32280, 220.749
 32340, 214.349
 32400, 208.694
 32460, 209.857
 32520, 212.502
 32580, 208.217
 32640, 202.349
 32700, 198.395
 32760, 198.158
 32820, 196.605
 32880, 199.600
 32940, 211.401
 33000, 220.431
 33060, 223.142
 33120, 212.930
 33180, 206.851
 33240, 200.910
 33300, 207.022
 33360, 214.420
 33420, 216.171
 33480, 209.320
 33540, 204.874
 33600, 196.382
 33660, 187.712
 33720, 191.584
 33780, 200.679
 33840, 205.712
 33900, 199.920
 33960, 195.587
 34020, 189.782
 34080, 185.399
 34140, 185.187
 34200, 195.595
 34260, 198.413
 34320, 195.583
 34380, 189.990
 34440, 183.863
 34500, 179.584
 34560, 183.866
 34620, 189.832
 34680, 188.428
 34740, 185.152
 34800, 180.813
 34860, 172.705
 34920, 168.112
 34980, -9999.000
 35040, 178.618
 35100, 173.462
 35160, 164.832
 35220, 157.552
 35280, 155.240
 35340, 162.531
 35400, 160.762
 35460, 153.261
 35520, 155.069
 35580, 155.501
 35640, 161.829
 35700, 170.245
 35760, 176.376
 35820, 172.051
 35880, 173.524
 35940, 193.209
 36000, 185.719
 36060, 181.994
 36120, 183.130
 36180, 180.728
 36240, 169.882
 36300, 167.412
 36360, 157.078
 36420, 158.996
 36480, 147.564
 36540, 148.891
 36600, 145.044
 36660, 151.293
 36720, 154.503
 36780, 157.318
 36840, 187.143
 36900, 176.050
 36960, 171.014
 37020, 169.911
 37080, 166.211
 37140, 171.405
 37200, 184.851
 37260, 190.456
 37320, 188.393
 37380, 185.576
 37440, 183.456
 37500, 180.466
 37560, 182.838
 37620, 186.223
 37680, 184.722
 37740, 184.466
 37800, 190.007
 37860, 190.675
 37920, 202.427
 37980, 220.231
 38040, 229.353
 38100, 231.079
 38160, 230.718
 38220, 224.896
 38280, 223.782
 38340, 231.304
 38400, 235.592
 38460, 236.227
 38520, 223.452
 38580, 214.037
 38640, 214.470
 38700, -9999.000
 38760, 216.466
 38820, 203.772
 38880, 195.031
 38940, 182.092
 39000, 177.794
 39060, 169.191
 39120, 170.819
 39180, 178.601
 39240, 181.403
 39300, 174.414
 39360, 169.589
 39420, 164.414
 39480, 160.926
 39540, 164.931
 39600, 174.618
 39660, 180.974
 39720, 182.510
 39780, 182.899
 39840, 188.545
 39900, 186.659
 39960, 185.190
 40020, 186.432
 40080, 175.357
 40140, 161.767
 40200, 158.668
 40260, 158.312
 40320, 164.487
 40380, 168.272
 40440, 160.743
 40500, 158.811
 40560, 158.150
 40620, 158.004
 40680, 161.528
 40740, 168.678
 40800, 167.308
 40860, 162.647
 40920, 157.689
 40980, 160.194
 41040, 165.420
 41100, 167.997
 41160, 163.958
 41220, 154.395
 41280, 144.666
 41340, 135.785
 41400, 141.592
 41460, 154.127
 41520, 135.929
 41580, 117.681
 41640, 105.411
 41700, 112.590
 41760, 121.709
 41820, 118.497
 41880, 121.292
 41940, 115.690
 42000, 113.656
 42060, 117.258
 42120, 124.018
 42180, 131.668
 42240, 129.483
 42300, 133.059
 42360, -9999.000
 42420, 153.099
 42480, 139.213
 42540, 137.732
 42600, 134.940
 42660, 128.997
 42720, 124.638
 42780, 130.240
 42840, 139.959
 42900, 141.471
 42960, 131.505
 43020, 128.590
 43080, 123.952
 43140, 126.660
 43200, 136.358
 43260, 138.212
 43320, 135.356
 43380, 130.273
 43440, 128.411
 43500, 122.115
 43560, 128.458
 43620, 131.749
 43680, 126.914
 43740, 122.941
 43800, 121.815
 43860, 127.376
 43920, 126.927
 43980, 113.614
 44040, 110.932
 44100, 114.092
 44160, 125.239
 44220, -9999.000
 44280, 146.804
 44340, 154.537
 44400, 164.002
 44460, 174.305
 44520, 199.448
 44580, 219.739
 44640, 233.788
 44700, 238.109
 44760, 238.717
 44820, 242.752
 44880, 250.182
 44940, 251.461
 45000, 247.419
 45060, 239.515
 45120, 227.764
 45180, 217.016
 45240, 220.501
 45300, 222.288
 45360, 213.016
 45420, 202.503
 45480, 188.398
 45540, 178.487
 45600, 174.744
 45660, 173.080
 45720, 159.000
 45780, 147.068
 45840, 134.729
 45900, 124.211
 45960, 128.478
 46020, 133.395
 46080, -9999.000
 46140, 138.301
 46200, 125.810
 46260, 123.310
 46320, 127.754
 46380, 127.095
 46440, 119.948
 46500, 116.674
 46560, 104.967
 46620, 95.616
 46680, 93.777
 46740, 94.859
 46800, 72.780
 46860, 71.950
 46920, 208.470
 46980, 244.035
 47040, 229.247
 47100, 227.384
 47160, 233.019
 47220, 232.319
 47280, 233.923
 47340, 230.004
 47400, 232.451
 47460, 245.289
 47520, 252.680
 47580, 245.243
 47640, 232.738
 47700, 211.463
 47760, 214.148
 47820, 214.955
 47880, 219.265
 47940, 252.302
 48000, 241.135
 48060, 226.091
 48120, 211.603
 48180, 210.072
 48240, 200.387
 48300, 205.433
 48360, 212.087
 48420, 216.102
 48480, 217.720
 48540, 212.558
 48600, 213.691
 48660, 214.722
 48720, 218.178
 48780, 231.794
 48840, 249.620
 48900, 255.592
 48960, 248.816
 49020, 235.767
 49080, 243.367
 49140, 241.321
 49200, 228.542
 49260, 239.364
 49320, 248.345
 49380, 238.381
 49440, 229.895
 49500, 238.530
 49560, 254.622
 49620, 247.720
 49680, 242.690
 49740, -9999.000
 49800, 300.961
 49860, 299.848
 49920, 313.341
 49980, 316.018
 50040, 318.588
 50100, 318.707
 50160, 315.479
 50220, 301.570
 50280, 297.881
 50340, 283.306
 50400, 300.992
 50460, 312.161
 50520, 314.410
 50580, 303.616
 50640, 303.789
 50700, 295.009
 50760, 277.323
 50820, 273.269
 50880, 283.192
 50940, 277.324
 51000, 278.213
 51060, 286.560
 51120, 279.085
 51180, 287.163
 51240, 280.775
 51300, 290.497
 51360, 295.011
 51420, 308.673
 51480, 309.779
 51540, 303.494
 51600, 301.555
 51660, 306.051
 51720, -9999.000
 51780, -9999.000
 51840, -9999.000
 51900, -9999.000
 51960, -9999.000
 52020, -9999.000
 52080, -9999.000
 52140, -9999.000
 52200, -9999.000
 52260, 244.493
 52320, 385.684
 52380, 356.762
 52440, 342.376
 52500, 332.585
 52560, 324.973
 52620, 322.816
 52680, 314.129
 52740, 315.396
 52800, 316.667
 52860, 310.996
 52920, 311.343
 52980, 309.897
 53040, 305.010
 53100, 297.602
 53160, 291.001
 53220, 290.675
 53280, 288.756
 53340, 291.844
 53400, 287.936
 53460, -9999.000
 53520, 310.864
 53580, 311.545
 53640, 316.433
 53700, 320.527
 53760, 318.930
 53820, 320.643
 53880, 327.151
 53940, 313.948
 54000, 311.968
 54060, 305.644
 54120, 304.877
 54180, 306.832
 54240, 308.674
 54300, 307.179
 54360, 306.046
 54420, 314.579
 54480, 310.806
 54540, 306.953
 54600, 305.140
 54660, 309.860
 54720, 303.763
 54780, 306.904
 54840, 308.572
 54900, 311.670
 54960, 306.071
 55020, 303.830
 55080, 306.093
 55140, 307.975
 55200, 307.435
 55260, 312.191
 55320, 321.880
 55380, 318.424
 55440, 317.795
 55500, 313.450
 55560, 317.350
 55620, 311.834
 55680, 316.631
 55740, 311.749
 55800, 309.978
 55860, 304.240
 55920, 302.877
 55980, 303.705
 56040, 304.139
 56100, 303.373
 56160, 294.537
 56220, 304.588
 56280, 292.987
 56340, 288.460
 56400, 283.623
 56460, 289.949
 56520, 294.110
 56580, 292.230
 56640, 280.614
 56700, 272.012
 56760, 271.957
 56820, 266.695
 56880, 271.504
 56940, 271.687
 57000, 283.861
 57060, 281.964
 57120, 296.908
 57180, 294.150
 57240, 309.265
 57300, 312.580
 57360, 312.184
 57420, 303.851
 57480, 304.036
 57540, 311.536
 57600, 308.256
 57660, 302.656
 57720, 311.372
 57780, 311.514
 57840, 321.107
 57900, 318.367
 57960, 318.800
 58020, 317.432
 58080, 316.064
 58140, 312.391
 58200, 320.879
 58260, 324.345
 58320, 321.419
 58380, 320.842
 58440, 334.162
 58500, 340.107
 58560, 341.250
 58620, 342.839
 58680, 339.946
 58740, 334.474
 58800, 347.876
 58860, 347.597
 58920, 342.973
 58980, 344.140
 59040, 361.627
 59100, 356.085
 59160, 349.505
 59220, 357.930
 59280, 360.686
 59340, 355.085
 59400, 384.764
 59460, 384.106
 59520, 380.255
 59580, 363.463
 59640, 357.228
 59700, 368.028
 59760, 362.157
