CampaignData_and_Merges/R0/CSL_MobileLab_Parked/raw/20240720/USOS-NOy-LIF_MobileLabGround_20240720_R0.ict
39,1001
Rollins, A.; Waxman, E.; Zuraski, K.; Chace, W.
NOAA Chemical Sciences Laboratory
LIF NO/NOx/NOy on CSL Mobile Lab
AMMBEC / USOS
1, 1
2024,07,20, 2025,01,03
1
Time_Start, seconds, number_of_seconds_since_0000_UTC
7
1, 1, 1, 1, 1, 1, 1
-9999, -9999, -9999, -9999, -9999, -9999, -9999
Time_Stop, seconds, number_of_seconds_since_0000_UTC
NO_LIF, pptv, Gas_NO_InSitu_S_AVMR, volume mixing ratio of nitric oxide in air
NO2_LIF, pptv, Gas_NO2_InSitu_S_AVMR, volume mixing ratio of nitrogen dioxide in air
NOy_LIF, pptv, Gas_NOy_InSitu_S_AVMR, volume mixing ratio of total oxidized nitrogen in air
NO_LIF_1SigmaAccuracy, pptv, Gas_NO_InSitu_S_AVMR, volume mixing ratio of nitric oxide in air
NO2_LIF_1SigmaAccuracy, pptv, Gas_NO2_InSitu_S_AVMR, volume mixing ratio of nitrogen dioxide in air
NOy_LIF_1SigmaAccuracy, pptv, Gas_NOy_InSitu_S_AVMR, volume mixing ratio of total oxidized nitrogen in air
0
18
PI_CONTACT_INFO: andrew.rollins@noaa.gov
PLATFORM: CSL Mobile Lab
LOCATION: Salt Lake City, UT
ASSOCIATED_DATA:
INSTRUMENT_INFO: NO detection by laser induced fluorescence. NO2 detection by photolytic conversion to NO. NOy detection by catalytic conversion to NO on gold surface
DATA_INFO:
UNCERTAINTY: Included 1 Sigma Accuracy waves represent the combined calibration uncertainties (±6%, ±9%, ±10%) and zero uncertainties (3 ppt, 20 ppt, 100 ppt) for NO, NO2, and NOy, respectively.
ULOD_FLAG: -7777
ULOD_VALUE: N/A
LLOD_FLAG: -8888
LLOD_VALUE: N/A
DM_CONTACT_INFO: andrew.rollins@noaa.gov
PROJECT_INFO: USOS Project, July - August 2024
STIPULATIONS_ON_USE: Users are strongly encouraged to contact the PI for proper data usage.
OTHER_COMMENTS:
REVISION: R0
R0: final data
Time_Start, Time_Stop, NO_LIF, NO2_LIF, NOy_LIF, NO_LIF_1SigmaAccuracy, NO2_LIF_1SigmaAccuracy, NOy_LIF_1SigmaAccuracy
       0,      60,-7758.3,-7561.3,-7154.7,-7792.9, -7770.3, -7709.7
      60,     120,190.26,1096.7,2995.6,14.416, 118.71, 399.56
     120,     180,357.55,1265.5,3446.6,24.453, 133.9, 444.66
     180,     240,1121.5,2595.5,8959.9,70.289, 253.59, 995.99
     240,     300,189.16,1410.7,3199.9,14.35, 146.96, 419.99
     300,     360,189.81,1345.2,3100.1,14.389, 141.07, 410.01
     360,     420,192.41,1375.9,2984.1,14.545, 143.83, 398.41
     420,     480,323.2,1600.7,3723.7,22.392, 164.06, 472.37
     480,     540,258.19,1068.2,3092.7,18.491, 116.14, 409.27
     540,     600,171.46,1044.6,2261.7,13.287, 114.01, 326.17
     600,     660,995.53,2571.4,6012.6,62.732, 251.43, 701.26
     660,     720,262.59,1718.5,3709.3,18.756, 174.66, 470.93
     720,     780,225.01,1391,3486.9,16.501, 145.19, 448.69
     780,     840,214.89,1364.6,3468.4,15.893, 142.82, 446.84
     840,     900,2885.1,7594.3,17091,176.11, 703.49, 1809.1
     900,     960,4065.2,9018.6,31816,246.91, 831.68, 3281.6
     960,    1020,3713.5,8559.8,16758,225.81, 790.38, 1775.8
    1020,    1080,1768.7,4883.8,10483,109.12, 459.55, 1148.3
    1080,    1140,231.71,1834.3,3641.9,16.903, 185.09, 464.19
    1140,    1200,203.36,1478.3,2939.6,15.201, 153.05, 393.96
    1200,    1260,229.41,1659.5,3129.6,16.765, 169.35, 412.96
    1260,    1320,253.56,1784.2,3318.2,18.213, 180.58, 431.82
    1320,    1380,238.88,1674.6,3167,17.333, 170.71, 416.7
    1380,    1440,214.03,1597.1,3155.7,15.842, 163.74, 415.57
    1440,    1500,150.58,1207.3,2716.5,12.035, 128.65, 371.65
    1500,    1560,151.67,1160.2,2554.7,12.1, 124.42, 355.47
    1560,    1620,200.94,1332.3,2750.4,15.056, 139.9, 375.04
    1620,    1680,153.37,1157.9,2556,12.202, 124.21, 355.6
    1680,    1740,169.88,1282,2674.1,13.193, 135.38, 367.41
    1740,    1800,204.86,1521.8,2861.6,15.292, 156.96, 386.16
    1800,    1860,239.93,1797.6,3306.7,17.396, 181.79, 430.67
    1860,    1920,448.49,2193.1,3938.7,29.91, 217.38, 493.87
    1920,    1980,-9999,-9999,-9999,-9999, -9999, -9999
    1980,    2040,-9999,-9999,-9999,-9999, -9999, -9999
    2040,    2100,-9999,-9999,-9999,-9999, -9999, -9999
    2100,    2160,-9999,-9999,-9999,-9999, -9999, -9999
    2160,    2220,-9999,-9999,-9999,-9999, -9999, -9999
    2220,    2280,-9999,-9999,-9999,-9999, -9999, -9999
    2280,    2340,-9999,-9999,-9999,-9999, -9999, -9999
    2340,    2400,307.27,1953,3794.6,21.436, 195.77, 479.46
    2400,    2460,276.61,1763,3738.7,19.597, 178.67, 473.87
    2460,    2520,168.67,1315,2650,13.12, 138.35, 365
    2520,    2580,172.16,1349.2,2699.5,13.33, 141.43, 369.95
    2580,    2640,205.09,1496.9,2839.2,15.305, 154.72, 383.92
    2640,    2700,205.09,1635.4,3101.6,15.305, 167.18, 410.16
    2700,    2760,184.76,1658.4,3146.9,14.085, 169.25, 414.69
    2760,    2820,235.85,2026.6,3565.2,17.151, 202.39, 456.52
    2820,    2880,220.47,1920.2,3481.5,16.228, 192.82, 448.15
    2880,    2940,222.2,1894,3294.7,16.332, 190.46, 429.47
    2940,    3000,230.21,1994.1,3420.4,16.813, 199.47, 442.04
    3000,    3060,218.4,1966.1,3458.4,16.104, 196.95, 445.84
    3060,    3120,250.04,2039,3832.8,18.002, 203.51, 483.28
    3120,    3180,244.29,2098.6,3536.4,17.658, 208.88, 453.64
    3180,    3240,352.2,2700.2,4262.4,24.132, 263.02, 526.24
    3240,    3300,271.5,2357.5,4031.7,19.29, 232.17, 503.17
    3300,    3360,304.95,2407.8,5300.9,21.297, 236.7, 630.09
    3360,    3420,222.2,1921.2,3469.8,16.332, 192.91, 446.98
    3420,    3480,202.23,1610,2856.7,15.134, 164.9, 385.67
    3480,    3540,180.38,1450.1,2627,13.823, 150.51, 362.7
    3540,    3600,245.6,2083.3,3439.4,17.736, 207.49, 443.94
    3600,    3660,208.4,1975.2,3432.1,15.504, 197.77, 443.21
    3660,    3720,195.15,1819,3290.7,14.709, 183.71, 429.07
    3720,    3780,193.72,1801.2,3375.4,14.623, 182.11, 437.54
    3780,    3840,182.68,1845.8,3443.6,13.961, 186.12, 444.36
    3840,    3900,197.88,1914.3,3345.3,14.873, 192.29, 434.53
    3900,    3960,206.08,2020,3571.8,15.365, 201.8, 457.18
    3960,    4020,216.42,2109.6,3634.6,15.985, 209.87, 463.46
    4020,    4080,199.63,1954.6,3583.3,14.978, 195.92, 458.33
    4080,    4140,182.41,1890,3438.1,13.945, 190.1, 443.81
    4140,    4200,196.51,1959.8,3738.7,14.791, 196.38, 473.87
    4200,    4260,195.9,1905.9,3454.1,14.754, 191.53, 445.41
    4260,    4320,242.83,2058.5,3547.2,17.57, 205.27, 454.72
    4320,    4380,338.03,2141.2,4067.2,23.282, 212.71, 506.72
    4380,    4440,147.67,1580.9,3268.3,11.86, 162.28, 426.83
    4440,    4500,217.63,1811.2,3312.3,16.058, 183, 431.23
    4500,    4560,146.31,1724.4,3365.5,11.779, 175.2, 436.55
    4560,    4620,373.54,2513.6,4171.3,25.412, 246.23, 517.13
    4620,    4680,317.39,2614.7,4975.4,22.044, 255.33, 597.54
    4680,    4740,342.69,2966.7,5011.4,23.561, 287, 601.14
    4740,    4800,186.06,2135.3,4280.1,14.164, 212.18, 528.01
    4800,    4860,169.58,1933.6,3475.8,13.175, 194.02, 447.58
    4860,    4920,202.82,2306.5,4092.3,15.169, 227.59, 509.23
    4920,    4980,260.86,2425.3,4319.1,18.652, 238.28, 531.91
    4980,    5040,204.42,2064.1,3880.4,15.265, 205.77, 488.04
    5040,    5100,454.85,2783.6,4742.9,30.291, 270.52, 574.29
    5100,    5160,185.79,2289.6,4042.5,14.148, 226.06, 504.25
    5160,    5220,165.79,2273.9,3866.9,12.948, 224.65, 486.69
    5220,    5280,258.17,2443.9,3971.7,18.49, 239.95, 497.17
    5280,    5340,191.29,2264,3990,14.477, 223.76, 499
    5340,    5400,242.7,2484.8,3810.1,17.562, 243.63, 481.01
    5400,    5460,242.1,2564.9,4075.6,17.526, 250.84, 507.56
    5460,    5520,326.51,2968.6,4632.4,22.59, 287.17, 563.24
    5520,    5580,177.57,2300,3982.8,13.654, 227, 498.28
    5580,    5640,124.54,1799.7,3010.1,10.472, 181.98, 401.01
    5640,    5700,254.46,2242.2,3335.8,18.267, 221.8, 433.58
    5700,    5760,210.71,2363.3,3663.1,15.642, 232.69, 466.31
    5760,    5820,397.58,2790.2,4495.2,26.855, 271.12, 549.52
    5820,    5880,433.35,2803.9,4505.3,29.001, 272.35, 550.53
    5880,    5940,131.1,1956.4,3275.9,10.866, 196.08, 427.59
    5940,    6000,415.5,2331.5,3695.1,27.93, 229.83, 469.51
    6000,    6060,183.48,1624.5,3132.9,14.009, 166.2, 413.29
    6060,    6120,150.84,1451.7,2693.6,12.05, 150.65, 369.36
    6120,    6180,109.91,1485.8,2520.8,9.5948, 153.72, 352.08
    6180,    6240,115.73,1584.1,2867.8,9.9436, 162.57, 386.78
    6240,    6300,161.1,1871.8,3107,12.666, 188.46, 410.7
    6300,    6360,184.93,1981.8,3051.6,14.096, 198.36, 405.16
    6360,    6420,195.22,1822.9,3133.4,14.713, 184.06, 413.34
    6420,    6480,229.39,1963.3,3398.8,16.763, 196.7, 439.88
    6480,    6540,150.55,1954.8,3324.7,12.033, 195.93, 432.47
    6540,    6600,107.74,1770.6,3254.3,9.4642, 179.36, 425.43
    6600,    6660,121.75,1998.3,3362.6,10.305, 199.85, 436.26
    6660,    6720,276.15,2460.8,4145.9,19.569, 241.47, 514.59
    6720,    6780,196.82,2376.2,4320,14.809, 233.86, 532
    6780,    6840,418.09,2478.1,4378.5,28.085, 243.03, 537.85
    6840,    6900,233.58,2278.9,3706.4,17.015, 225.1, 470.64
    6900,    6960,173.02,2219.7,3664.4,13.381, 219.77, 466.44
    6960,    7020,313.51,3185.4,4920.5,21.81, 306.68, 592.05
    7020,    7080,158.81,3428.6,4789.2,12.528, 328.58, 578.92
    7080,    7140,124.63,2803.7,4550.8,10.478, 272.33, 555.08
    7140,    7200,183.98,2460.9,3844.4,14.039, 241.48, 484.44
    7200,    7260,176.13,2685.3,4177.8,13.568, 261.68, 517.78
    7260,    7320,136.01,3023.2,4803.4,11.161, 292.09, 580.34
    7320,    7380,133.61,2991.6,4649.7,11.016, 289.24, 564.97
    7380,    7440,104.14,2697.2,4286.7,9.2487, 262.75, 528.67
    7440,    7500,92.637,2658.5,4245.8,8.5582, 259.26, 524.58
    7500,    7560,94.347,2747.7,4267.3,8.6608, 267.29, 526.73
    7560,    7620,110.96,2855.1,4117.8,9.6578, 276.96, 511.78
    7620,    7680,86.556,2688.7,4255.9,8.1933, 261.99, 525.59
    7680,    7740,95.428,2981.5,4340.2,8.7257, 288.34, 534.02
    7740,    7800,116.59,3537.2,4830.4,9.9953, 338.35, 583.04
    7800,    7860,119.36,4185.8,5516.9,10.161, 396.73, 651.69
    7860,    7920,109.16,4219.4,5915.1,9.5497, 399.75, 691.51
    7920,    7980,110.62,4116.1,5754.3,9.6371, 390.45, 675.43
    7980,    8040,94.415,3802.3,5392.4,8.6649, 362.2, 639.24
    8040,    8100,101.28,3795.5,5313.5,9.0765, 361.59, 631.35
    8100,    8160,92.455,3769.1,5107.5,8.5473, 359.21, 610.75
    8160,    8220,101.24,4206.6,5426.3,9.0743, 398.59, 642.63
    8220,    8280,108.18,4667.7,6065.4,9.4907, 440.09, 706.54
    8280,    8340,105.59,4786.5,6219.6,9.3352, 450.79, 721.96
    8340,    8400,116.01,5045.5,6479.5,9.9606, 474.09, 747.95
    8400,    8460,103.88,5056.4,6796.3,9.2325, 475.08, 779.63
    8460,    8520,97.592,4519.2,6300.8,8.8555, 426.73, 730.08
    8520,    8580,93.121,4100.6,5760,8.5873, 389.05, 676
    8580,    8640,85.044,4152.4,5737.2,8.1026, 393.72, 673.72
    8640,    8700,91.322,4345.7,5754,8.4793, 411.12, 675.4
    8700,    8760,86.75,4359.2,5893.4,8.205, 412.33, 689.34
    8760,    8820,80.274,4399.3,5920,7.8165, 415.93, 692
    8820,    8880,69.08,4564.7,6049,7.1448, 430.82, 704.9
    8880,    8940,85.52,4655.8,6328.5,8.1312, 439.02, 732.85
    8940,    9000,64.855,4448.7,6066.1,6.8913, 420.38, 706.61
    9000,    9060,66.096,4120.8,5912.7,6.9658, 390.87, 691.27
    9060,    9120,60.172,3946.2,5529.2,6.6103, 375.16, 652.92
    9120,    9180,64.463,4063.4,5743.3,6.8678, 385.71, 674.33
    9180,    9240,77.93,3614.6,5226.7,7.6758, 345.31, 622.67
    9240,    9300,49.329,3692.5,5008,5.9597, 352.32, 600.8
    9300,    9360,79.228,4963.4,5927.3,7.7537, 466.71, 692.73
    9360,    9420,68.924,5343.5,6471.1,7.1354, 500.92, 747.11
    9420,    9480,109.05,5794.4,7315.7,9.5429, 541.5, 831.57
    9480,    9540,143.26,5743.7,7830.7,11.596, 536.93, 883.07
    9540,    9600,348.3,6777.5,7358.8,23.898, 629.97, 835.88
    9600,    9660,110.34,4762.8,6610,9.6204, 448.66, 761
    9660,    9720,83.78,3179.2,6125.1,8.0268, 306.13, 712.51
    9720,    9780,302.69,4880.7,7158.3,21.162, 459.26, 815.83
    9780,    9840,185.63,5654.6,7244.8,14.138, 528.91, 824.48
    9840,    9900,281.49,7170,8500.5,19.889, 665.3, 950.05
    9900,    9960,-9999,-9999,-9999,-9999, -9999, -9999
    9960,   10020,-9999,-9999,-9999,-9999, -9999, -9999
   10020,   10080,-9999,-9999,-9999,-9999, -9999, -9999
   10080,   10140,-9999,-9999,-9999,-9999, -9999, -9999
   10140,   10200,-9999,-9999,-9999,-9999, -9999, -9999
   10200,   10260,-9999,-9999,-9999,-9999, -9999, -9999
   10260,   10320,-9999,-9999,-9999,-9999, -9999, -9999
   10320,   10380,137.23,2611.3,3806.3,11.234, 255.02, 480.63
   10380,   10440,67.511,2458.7,3790.3,7.0507, 241.29, 479.03
   10440,   10500,57.78,3018.5,4199,6.4668, 291.67, 519.9
   10500,   10560,26.594,2926.5,4171.9,4.5956, 283.39, 517.19
   10560,   10620,33.933,2915,4200.5,5.036, 282.35, 520.05
   10620,   10680,48.994,2879.9,4035.2,5.9396, 279.19, 503.52
   10680,   10740,69.44,2459.8,3993.5,7.1664, 241.38, 499.35
   10740,   10800,86.186,3159.8,4084.5,8.1711, 304.38, 508.45
   10800,   10860,43.241,3220.6,4527.5,5.5944, 309.85, 552.75
   10860,   10920,55.807,3217.2,4670.8,6.3484, 309.55, 567.08
   10920,   10980,99.534,3248.5,4751.7,8.972, 312.37, 575.17
   10980,   11040,58.92,2839.4,4540.9,6.5352, 275.54, 554.09
   11040,   11100,112.55,3025.7,4582.3,9.7531, 292.31, 558.23
   11100,   11160,41.562,3163.8,4634.7,5.4937, 304.74, 563.47
   11160,   11220,25.672,3139.3,4767.3,4.5403, 302.54, 576.73
   11220,   11280,40.633,2967.2,4308.7,5.438, 287.05, 530.87
   11280,   11340,25.762,2198.5,3577.6,4.5457, 217.87, 457.76
   11340,   11400,27.384,2102.8,3257.1,4.643, 209.25, 425.71
   11400,   11460,14.441,2027,3256.2,3.8665, 202.43, 425.62
   11460,   11520,17.025,1799.4,2957.6,4.0215, 181.94, 395.76
   11520,   11580,60.547,2348.3,3385.9,6.6328, 231.35, 438.59
   11580,   11640,53.488,2853.8,3691,6.2093, 276.84, 469.1
   11640,   11700,40.778,3010.3,4162.6,5.4467, 290.93, 516.26
   11700,   11760,24.425,2934.6,4009.7,4.4655, 284.11, 500.97
   11760,   11820,34.393,3222,4126.6,5.0636, 309.98, 512.66
   11820,   11880,24.731,3113.1,4151.6,4.4839, 300.18, 515.16
   11880,   11940,16.191,2830.9,4022.3,3.9715, 274.78, 502.23
   11940,   12000,25.466,2624.9,3941.9,4.528, 256.24, 494.19
   12000,   12060,36.07,2566.7,3768.1,5.1642, 251, 476.81
   12060,   12120,32.618,2765.2,3705.3,4.9571, 268.87, 470.53
   12120,   12180,37.249,3105.5,4053.9,5.2349, 299.5, 505.39
   12180,   12240,41.482,3015.5,4276.6,5.4889, 291.4, 527.66
   12240,   12300,27.068,3214.7,4345.2,4.6241, 309.32, 534.52
   12300,   12360,24.827,3081.3,4093.4,4.4896, 297.32, 509.34
   12360,   12420,17.309,3049.2,4178.2,4.0385, 294.42, 517.82
   12420,   12480,38.265,3218.8,4438.2,5.2959, 309.7, 543.82
   12480,   12540,28.988,3138.4,4301.1,4.7393, 302.45, 530.11
   12540,   12600,30.969,2952.2,4224,4.8581, 285.7, 522.4
   12600,   12660,21.352,3022.2,4137.9,4.2811, 292, 513.79
   12660,   12720,72.365,3973.8,4693.3,7.3419, 377.64, 569.33
   12720,   12780,50.702,4034,5300.6,6.0421, 383.06, 630.06
   12780,   12840,54.831,3545.5,4803,6.2899, 339.1, 580.3
   12840,   12900,54.578,3720.3,5266.5,6.2747, 354.83, 626.65
   12900,   12960,75.472,3932.7,5162.6,7.5283, 373.94, 616.26
   12960,   13020,278.57,5147.9,5977.5,19.714, 483.31, 697.75
   13020,   13080,52.718,4085.8,5625.1,6.1631, 387.72, 662.51
   13080,   13140,65.751,4696.9,5724.5,6.945, 442.72, 672.45
   13140,   13200,175.17,5531,6530.7,13.51, 517.79, 753.07
   13200,   13260,95.661,4959.3,6431.4,8.7397, 466.34, 743.14
   13260,   13320,31.693,3499.1,5664,4.9016, 334.92, 666.4
   13320,   13380,17.584,3322.5,4838.4,4.0551, 319.02, 583.84
   13380,   13440,12.891,2771.3,3685.4,3.7734, 269.42, 468.54
   13440,   13500,18.733,2764.3,4267.9,4.124, 268.79, 526.79
   13500,   13560,28.8,3020.1,4103.4,4.728, 291.81, 510.34
   13560,   13620,19.557,2921,4308.2,4.1734, 282.89, 530.82
   13620,   13680,43.657,2092.2,3492,5.6194, 208.29, 449.2
   13680,   13740,161.55,2727.8,3846.1,12.693, 265.51, 484.61
   13740,   13800,164.8,2858.5,4201.7,12.888, 277.26, 520.17
   13800,   13860,288.72,3073.5,5188.8,20.323, 296.62, 618.88
   13860,   13920,43.182,2094.4,3211.2,5.5909, 208.49, 421.12
   13920,   13980,23.484,1482,2843.6,4.409, 153.38, 384.36
   13980,   14040,21.195,1391.3,2503.5,4.2717, 145.22, 350.35
   14040,   14100,28.796,1527.6,2614.2,4.7277, 157.49, 361.42
   14100,   14160,27.08,1572.2,2663.7,4.6248, 161.5, 366.37
   14160,   14220,138.75,1862,2789.5,11.325, 187.58, 378.95
   14220,   14280,76.478,1800.2,2993.1,7.5887, 182.01, 399.31
   14280,   14340,142.31,2428.1,3325.9,11.538, 238.53, 432.59
   14340,   14400,65.381,2153.2,3579.3,6.9228, 213.78, 457.93
   14400,   14460,101.3,2482.9,3424.1,9.0777, 243.46, 442.41
   14460,   14520,189.86,3051.3,3996.3,14.391, 294.61, 499.63
   14520,   14580,269.02,4391.2,5771.9,19.141, 415.21, 677.19
   14580,   14640,238.25,3571.4,4899.4,17.295, 341.43, 589.94
   14640,   14700,188.94,2945.5,4289.5,14.337, 285.1, 528.95
   14700,   14760,50.8,2185.5,3441.5,6.048, 216.69, 444.15
   14760,   14820,31.833,2174.9,3560.7,4.91, 215.74, 456.07
   14820,   14880,35.587,1482.2,2739.5,5.1352, 153.4, 373.95
   14880,   14940,57.729,1573.1,2520,6.4637, 161.58, 352
   14940,   15000,112.78,2018.6,3279.3,9.7671, 201.67, 427.93
   15000,   15060,116.38,2265.4,3368.3,9.9829, 223.89, 436.83
   15060,   15120,37.534,2080.6,3398.1,5.2521, 207.26, 439.81
   15120,   15180,60.328,2295.7,3469.3,6.6197, 226.61, 446.93
   15180,   15240,127.89,2415.5,3502.7,10.673, 237.4, 450.27
   15240,   15300,96.417,2237,3565.2,8.785, 221.33, 456.52
   15300,   15360,46.245,2328.7,3208.5,5.7747, 229.58, 420.85
   15360,   15420,49.331,2142.7,3647.6,5.9598, 212.85, 464.76
   15420,   15480,25.875,2458.3,3440.5,4.5525, 241.25, 444.05
   15480,   15540,14.565,2124.5,3408,3.8739, 211.21, 440.8
   15540,   15600,10.016,2077.6,3360.5,3.601, 206.99, 436.05
   15600,   15660,19.762,1846.3,2946.6,4.1857, 186.17, 394.66
   15660,   15720,40.741,2427,3196.3,5.4445, 238.43, 419.63
   15720,   15780,45.173,2755.5,3821.2,5.7104, 268, 482.12
