CampaignData_and_Merges/R0/CSL_MobileLab_Parked/raw/20240720/USOS-MetNav_MobileLabGround_20240720_R0.ict
44, 1001
Carrie Womack, Nate Howard, Mike Zucker
NOAA Chemical Sciences Laboratory
Mobile Lab MetNav Station
USOS
1, 1
2024, 07, 20, 2024, 12, 21
60
Time_Start, seconds_past_midnight, Seconds from midnight UTC
11
1, 1, 1, 1, 1, 1, 1, 1, 1, 1, 1
-9999, -9999, -9999, -9999, -9999, -9999, -9999, -9999, -9999, -9999, -9999
GPS_Alt_m, meters, Altitude from Differential GPS
GPS_Course_deg, degrees, Course from Differential GPS
GPS_GndSpd_m_s, m/s, Ground Speed from Differential GPS
GPS_Heading_deg, degrees, Heading from Differential GPS
GPS_Lat_deg, degrees, Latitude from Differential GPS
GPS_Lon_deg, degrees, Longitude from Differential GPS
AirTemp_C, Celsius, Air Temperature from Airmar
RelHumidity_pct, percent, Relative Humidity from Airmar
Pressure_mb, millibars, Pressure from Honeywell
WindDir_calc_deg, degrees, Wind Direction from Airmar corrected for van movement
WindSpd_calc_m_s, m/s, Wind Speed from Airmar corrected for van movement
1
SPECIAL COMMENTS:
18
PI_CONTACT_INFO: Address: 325 Broadway R/CSL7, Boulder, CO, 80305
PLATFORM: CSL Mobile Lab
LOCATION: Salt Lake City, UT
ASSOCIATED_DATA: N/A
INSTRUMENT_INFO: N/A
DATA_INFO: Units:
UNCERTAINTY: N/A
ULOD_FLAG: -7777
ULOD_VALUE: N/A
LLOD_FLAG: -8888
LLOD_VALUE: N/A
DM_CONTACT_INFO: Data Manager: Nate Howard
PROJECT_INFO: 
STIPULATIONS_ON_USE: Use of these data require prior ok from PI.
OTHER_COMMENTS: 
REVISION: R0
R0: Final data. Fixed bug in wind averaging code. RA: Preliminary Data. For in-field use only. 
Time_Start, GPS_Alt_m, GPS_Course_deg, GPS_GndSpd_m_s, GPS_Heading_deg, GPS_Lat_deg, GPS_Lon_deg, AirTemp_C, RelHumidity_pct, Pressure_mb, WindDir_calc_deg, WindSpd_calc_m_s
[from data line 1201]
72060.0,1309.3,359.76,0.05,359.76,40.73434,-111.87210,38.9,16.9,877.8,26.11,0.4
72120.0,1309.5,359.83,0.05,359.83,40.73434,-111.87210,39.0,16.9,877.8,27.63,0.2
72180.0,1309.6,359.53,0.05,359.53,40.73434,-111.87210,39.1,17.3,877.8,81.76,0.6
72240.0,1309.4,359.42,0.05,359.42,40.73434,-111.87210,39.3,18.0,877.8,94.28,0.9
72300.0,1309.1,359.36,0.05,359.36,40.73434,-111.87210,39.3,17.3,877.8,54.54,0.6
72360.0,1308.9,359.77,0.05,359.77,40.73434,-111.87210,39.2,16.7,877.8,44.93,0.7
72420.0,1308.8,359.63,0.05,359.63,40.73434,-111.87209,39.3,16.7,877.8,86.17,0.6
72480.0,1308.7,359.56,0.04,359.56,40.73434,-111.87209,39.4,17.2,877.8,80.60,0.8
72540.0,1308.7,359.34,0.04,359.34,40.73434,-111.87209,39.3,16.8,877.8,48.83,0.7
72600.0,1308.6,359.59,0.04,359.59,40.73434,-111.87210,39.5,16.6,877.8,78.82,0.7
72660.0,1308.4,359.43,0.05,359.43,40.73434,-111.87209,39.3,16.5,877.8,34.81,0.6
72720.0,1308.4,359.15,0.05,359.15,40.73434,-111.87209,39.6,16.3,877.8,102.61,0.1
72780.0,1308.4,359.47,0.05,359.47,40.73434,-111.87210,39.8,16.0,877.7,97.02,0.3
72840.0,1308.4,359.84,0.05,359.84,40.73434,-111.87210,39.9,16.4,877.7,92.15,1.1
72900.0,1308.4,0.21,0.05,0.21,40.73434,-111.87210,40.0,16.5,877.7,82.40,0.7
72960.0,1308.5,0.01,0.05,0.01,40.73434,-111.87209,39.8,16.3,877.7,39.04,0.5
73020.0,1308.5,359.88,0.06,359.88,40.73434,-111.87209,40.0,16.1,877.7,171.71,0.1
73080.0,1308.6,359.80,0.04,359.80,40.73434,-111.87209,40.1,15.9,877.7,123.03,0.7
73140.0,1308.6,359.63,0.05,359.63,40.73434,-111.87209,40.2,15.7,877.6,231.90,0.5
73200.0,1308.7,359.11,0.04,359.11,40.73434,-111.87209,40.4,16.0,877.6,100.05,0.4
73260.0,1308.6,359.14,0.05,359.14,40.73433,-111.87209,40.2,15.8,877.6,312.53,0.4
73320.0,1308.6,358.89,0.05,358.89,40.73433,-111.87209,40.2,15.9,877.6,60.59,0.1
73380.0,1308.5,358.61,0.05,358.61,40.73433,-111.87209,40.0,15.9,877.6,357.53,0.3
73440.0,1308.4,358.68,0.05,358.68,40.73433,-111.87209,39.6,16.1,877.6,352.39,0.5
73500.0,1308.2,358.43,0.05,358.43,40.73433,-111.87209,39.4,15.7,877.6,279.23,0.5
73560.0,1308.1,358.39,0.05,358.39,40.73433,-111.87209,39.4,16.1,877.6,82.41,0.4
73620.0,1308.0,358.82,0.05,358.82,40.73433,-111.87209,39.6,15.9,877.6,116.60,0.4
73680.0,1308.0,359.17,0.05,359.17,40.73433,-111.87209,39.5,16.7,877.6,75.19,1.1
73740.0,1308.0,359.35,0.05,359.35,40.73433,-111.87209,39.3,16.5,877.5,39.88,0.7
73800.0,1308.0,359.77,0.05,359.77,40.73433,-111.87209,39.2,16.6,877.5,45.49,0.7
73860.0,1308.1,359.55,0.05,359.55,40.73433,-111.87209,39.2,16.9,877.5,88.77,0.8
73920.0,1308.1,359.75,0.05,359.75,40.73433,-111.87209,39.5,16.6,877.5,88.37,0.9
73980.0,1308.1,359.93,0.05,359.93,40.73433,-111.87209,39.7,16.7,877.5,91.53,0.8
74040.0,1308.0,359.41,0.05,359.41,40.73433,-111.87209,39.7,16.5,877.5,58.45,0.6
74100.0,1308.0,358.80,0.06,358.80,40.73433,-111.87209,39.9,16.4,877.5,78.43,0.5
74160.0,1308.0,358.99,0.05,358.99,40.73434,-111.87209,39.9,16.6,877.5,15.05,0.3
74220.0,1308.1,358.90,0.05,358.90,40.73434,-111.87209,39.8,16.0,877.4,65.83,0.3
74280.0,1308.4,358.36,0.05,358.36,40.73434,-111.87209,39.9,16.4,877.4,58.73,0.4
74340.0,1309.3,358.79,0.05,358.79,40.73433,-111.87210,40.0,16.5,877.4,85.31,0.8
74400.0,1309.1,359.11,0.06,359.11,40.73433,-111.87210,40.0,16.6,877.4,73.75,0.5
74460.0,1308.9,359.17,0.05,359.17,40.73433,-111.87210,39.6,16.5,877.4,21.71,0.7
74520.0,1308.9,359.74,0.04,359.74,40.73434,-111.87210,39.6,16.4,877.4,43.83,0.5
74580.0,1308.9,359.11,0.04,359.11,40.73434,-111.87210,39.5,16.3,877.4,34.11,0.4
74640.0,1309.0,358.61,0.05,358.61,40.73434,-111.87210,39.5,16.4,877.3,74.38,0.7
74700.0,1309.0,359.06,0.05,359.06,40.73434,-111.87210,39.6,16.5,877.3,15.15,0.3
74760.0,1309.1,359.36,0.05,359.36,40.73434,-111.87210,39.6,16.5,877.3,67.39,0.5
74820.0,1308.9,359.29,0.05,359.29,40.73434,-111.87210,39.9,16.3,877.3,80.16,0.6
74880.0,1309.1,359.14,0.05,359.14,40.73434,-111.87210,39.9,16.0,877.3,334.13,0.4
74940.0,1309.5,359.11,0.05,359.11,40.73434,-111.87210,40.0,16.2,877.3,63.85,0.3
75000.0,1309.4,359.09,0.05,359.09,40.73434,-111.87210,40.0,16.3,877.3,28.62,0.3
75060.0,1309.4,358.96,0.05,358.96,40.73434,-111.87210,39.8,16.4,877.3,8.19,0.5
75120.0,1309.4,358.76,0.05,358.76,40.73434,-111.87210,39.5,16.3,877.3,340.66,0.6
75180.0,1308.9,358.69,0.05,358.69,40.73434,-111.87210,39.5,16.4,877.3,57.51,0.8
75240.0,1309.0,358.56,0.05,358.56,40.73434,-111.87210,39.4,16.5,877.3,77.75,1.0
75300.0,1309.1,358.40,0.05,358.40,40.73434,-111.87210,39.4,16.5,877.3,48.76,0.5
75360.0,1309.2,358.71,0.05,358.71,40.73434,-111.87210,39.3,16.4,877.3,24.31,0.5
75420.0,1309.3,358.45,0.05,358.45,40.73434,-111.87210,39.4,16.3,877.3,62.49,0.6
75480.0,1309.3,358.73,0.05,358.73,40.73434,-111.87210,39.7,16.9,877.2,71.81,0.8
75540.0,1309.4,358.93,0.05,358.93,40.73434,-111.87210,39.7,16.2,877.2,84.94,0.6
75600.0,1309.2,358.89,0.04,358.89,40.73434,-111.87210,39.7,16.1,877.2,45.43,0.5
75660.0,1309.1,359.15,0.05,359.15,40.73434,-111.87210,39.4,16.1,877.2,17.18,0.5
75720.0,1309.1,359.02,0.05,359.02,40.73434,-111.87210,39.3,16.3,877.2,61.23,0.9
75780.0,1309.0,358.99,0.05,358.99,40.73434,-111.87210,39.5,16.1,877.1,70.83,0.7
75840.0,1308.9,358.89,0.05,358.89,40.73434,-111.87210,39.6,16.1,877.1,58.22,0.5
75900.0,1308.7,359.21,0.04,359.21,40.73434,-111.87210,39.5,16.0,877.1,330.66,0.5
75960.0,1308.5,358.53,0.05,358.53,40.73434,-111.87211,39.9,16.0,877.1,123.45,0.3
76020.0,1308.4,358.67,0.05,358.67,40.73435,-111.87211,40.0,15.6,877.1,243.72,0.2
76080.0,1308.9,359.09,0.05,359.09,40.73435,-111.87210,40.0,15.9,877.1,176.11,0.1
76140.0,1309.0,359.73,0.05,359.73,40.73434,-111.87210,40.2,16.0,877.1,72.62,0.4
76200.0,1309.0,359.63,0.05,359.63,40.73434,-111.87210,40.1,15.7,877.1,344.96,0.4
76260.0,1308.9,358.92,0.06,358.92,40.73434,-111.87210,39.7,15.5,877.1,351.56,0.5
76320.0,1309.0,358.86,0.04,358.86,40.73434,-111.87210,39.6,16.1,877.1,69.53,1.0
76380.0,1309.1,359.37,0.06,359.37,40.73434,-111.87210,39.6,16.3,877.1,78.33,0.7
76440.0,1309.1,359.27,0.05,359.27,40.73434,-111.87210,39.7,16.1,877.0,69.06,0.6
76500.0,1309.2,358.89,0.05,358.89,40.73434,-111.87210,39.8,16.1,877.0,84.45,0.9
76560.0,1309.2,358.40,0.05,358.40,40.73434,-111.87210,39.8,15.8,877.0,11.62,0.5
76620.0,1309.6,358.16,0.05,358.16,40.73434,-111.87210,39.7,16.4,877.0,74.38,0.9
76680.0,1309.9,358.18,0.05,358.18,40.73434,-111.87211,39.7,16.0,877.0,23.20,0.5
76740.0,1309.7,359.00,0.05,359.00,40.73434,-111.87210,39.5,16.1,877.0,62.45,0.9
76800.0,1309.6,359.19,0.06,359.19,40.73434,-111.87210,39.6,16.0,877.0,41.67,0.4
76860.0,1309.4,359.62,0.06,359.62,40.73434,-111.87210,39.7,15.7,877.0,50.66,0.4
76920.0,1309.4,359.53,0.05,359.53,40.73434,-111.87210,39.8,15.7,876.9,72.35,0.7
76980.0,1309.5,359.28,0.05,359.28,40.73434,-111.87210,39.6,15.7,876.9,44.71,0.3
77040.0,1309.5,358.87,0.04,358.87,40.73434,-111.87210,39.7,15.9,876.9,64.31,0.9
77100.0,1309.3,359.39,0.05,359.39,40.73434,-111.87210,39.6,15.7,876.9,60.71,0.7
77160.0,1309.4,359.13,0.04,359.13,40.73434,-111.87210,39.7,15.9,876.9,89.18,0.8
77220.0,1309.7,359.46,0.05,359.46,40.73434,-111.87210,39.9,15.3,876.9,93.94,0.7
77280.0,1309.8,359.54,0.05,359.54,40.73434,-111.87210,39.9,16.1,876.9,31.57,0.4
77340.0,1309.7,359.89,0.04,359.89,40.73434,-111.87210,39.9,15.4,876.9,288.87,0.6
77400.0,1309.4,359.77,0.04,359.77,40.73434,-111.87210,40.0,15.4,876.8,228.41,0.1
77460.0,1309.3,358.91,0.05,358.91,40.73434,-111.87210,40.1,16.1,876.8,72.65,0.8
77520.0,1309.4,358.76,0.04,358.76,40.73434,-111.87210,40.0,16.4,876.8,83.26,1.1
77580.0,1309.5,358.52,0.04,358.52,40.73434,-111.87210,40.1,16.0,876.8,75.52,1.1
77640.0,1309.5,358.57,0.04,358.57,40.73434,-111.87210,40.0,16.1,876.8,74.06,0.7
77700.0,1309.4,358.61,0.04,358.61,40.73434,-111.87210,40.2,16.4,876.8,84.71,1.1
77760.0,1309.5,358.80,0.05,358.80,40.73434,-111.87210,40.1,16.4,876.8,53.14,0.8
77820.0,1309.4,359.48,0.05,359.48,40.73434,-111.87210,39.9,15.8,876.8,56.48,0.6
77880.0,1309.3,359.95,0.05,359.95,40.73434,-111.87210,40.0,15.9,876.8,83.52,1.0
77940.0,1309.1,359.60,0.04,359.60,40.73434,-111.87210,40.0,16.3,876.8,71.87,0.9
78000.0,1309.1,359.47,0.05,359.47,40.73434,-111.87210,39.9,16.4,876.8,71.40,1.1
78060.0,1309.1,359.65,0.05,359.65,40.73434,-111.87210,39.9,16.2,876.8,94.90,1.2
78120.0,1309.1,359.43,0.05,359.43,40.73434,-111.87210,39.9,15.9,876.8,66.99,0.6
78180.0,1309.0,359.26,0.05,359.26,40.73434,-111.87210,39.9,16.0,876.7,91.12,1.2
78240.0,1308.8,359.65,0.04,359.65,40.73434,-111.87210,40.0,16.2,876.7,76.69,0.9
78300.0,1308.9,359.88,0.05,359.88,40.73434,-111.87210,40.1,16.1,876.7,80.64,1.0
78360.0,1308.8,359.93,0.05,359.93,40.73434,-111.87210,40.0,15.8,876.7,38.81,0.5
78420.0,1308.7,0.03,0.05,0.03,40.73434,-111.87210,39.9,15.7,876.7,52.49,0.7
78480.0,1308.7,359.97,0.05,359.97,40.73434,-111.87210,40.1,14.9,876.7,133.46,0.4
78540.0,1308.6,0.23,0.04,0.23,40.73434,-111.87210,40.0,15.5,876.7,66.71,0.8
78600.0,1308.7,360.00,0.04,360.00,40.73434,-111.87210,39.8,15.2,876.7,349.77,0.6
78660.0,1308.8,359.77,0.04,359.77,40.73434,-111.87210,39.7,15.1,876.7,354.19,0.4
78720.0,1308.8,359.78,0.04,359.78,40.73434,-111.87210,39.9,15.6,876.7,87.47,0.9
78780.0,1308.8,359.75,0.04,359.75,40.73434,-111.87210,40.1,15.7,876.6,45.51,0.2
78840.0,1308.9,359.46,0.04,359.46,40.73434,-111.87210,40.2,15.9,876.6,76.84,0.7
78900.0,1308.8,359.63,0.04,359.63,40.73434,-111.87210,40.3,16.1,876.6,51.73,0.6
78960.0,1308.9,359.88,0.04,359.88,40.73434,-111.87210,40.4,15.7,876.6,74.31,0.7
79020.0,1309.2,359.60,0.04,359.60,40.73434,-111.87210,40.3,15.5,876.6,64.00,0.6
79080.0,1309.1,359.60,0.04,359.60,40.73434,-111.87210,40.2,15.6,876.6,45.55,0.5
79140.0,1309.0,359.53,0.04,359.53,40.73434,-111.87210,40.3,15.8,876.6,83.37,0.8
79200.0,1308.9,359.70,0.04,359.70,40.73434,-111.87210,40.1,15.8,876.6,76.82,1.2
79260.0,1308.9,359.79,0.04,359.79,40.73434,-111.87210,40.1,16.1,876.6,70.57,0.7
79320.0,1309.1,359.29,0.04,359.29,40.73434,-111.87210,40.0,15.8,876.6,40.37,0.5
79380.0,1309.2,359.41,0.04,359.41,40.73434,-111.87210,39.9,15.5,876.6,3.53,0.3
79440.0,1309.1,359.67,0.04,359.67,40.73434,-111.87210,39.9,16.0,876.5,69.72,0.8
79500.0,1309.0,359.53,0.04,359.53,40.73434,-111.87210,40.1,15.9,876.6,73.63,0.6
79560.0,1309.1,359.29,0.04,359.29,40.73434,-111.87210,40.0,16.3,876.5,60.75,0.9
79620.0,1309.2,359.04,0.05,359.04,40.73434,-111.87210,40.0,15.3,876.5,256.59,0.3
79680.0,1309.3,359.22,0.05,359.22,40.73434,-111.87210,39.9,15.6,876.6,30.31,0.5
79740.0,1309.5,359.31,0.04,359.31,40.73434,-111.87210,40.1,15.9,876.5,81.69,0.9
79800.0,1309.6,359.46,0.05,359.46,40.73434,-111.87210,40.0,16.1,876.5,69.09,0.7
79860.0,1309.5,359.99,0.04,359.99,40.73434,-111.87210,39.8,15.7,876.5,17.66,0.5
79920.0,1309.5,0.40,0.05,0.40,40.73434,-111.87210,39.8,15.8,876.5,62.18,0.7
79980.0,1309.1,0.33,0.05,0.33,40.73434,-111.87209,40.0,15.7,876.5,98.52,0.8
80040.0,1308.9,0.68,0.05,0.68,40.73434,-111.87209,40.1,15.3,876.5,7.26,0.1
80100.0,1308.8,0.17,0.05,0.17,40.73434,-111.87209,40.2,15.3,876.5,103.39,0.7
80160.0,1308.6,359.88,0.05,359.88,40.73434,-111.87209,40.4,15.2,876.5,140.65,0.2
80220.0,1308.9,0.09,0.05,0.09,40.73434,-111.87209,40.5,15.3,876.5,14.05,0.0
80280.0,1308.7,0.01,0.05,0.01,40.73434,-111.87209,40.5,15.6,876.5,53.95,0.2
80340.0,1308.7,359.76,0.05,359.76,40.73434,-111.87209,40.6,16.1,876.5,71.73,0.8
80400.0,1308.7,359.74,0.04,359.74,40.73434,-111.87209,40.6,15.5,876.5,25.83,0.3
80460.0,1308.6,359.92,0.04,359.92,40.73434,-111.87209,40.5,15.7,876.5,62.49,0.6
80520.0,1308.6,0.21,0.04,0.21,40.73434,-111.87210,40.1,15.2,876.5,320.21,0.9
80580.0,1308.7,0.57,0.04,0.57,40.73434,-111.87210,39.7,15.4,876.5,325.99,0.7
80640.0,1309.0,0.70,0.05,0.70,40.73434,-111.87210,39.7,15.9,876.5,336.50,0.4
80700.0,1308.8,0.38,0.05,0.38,40.73434,-111.87210,39.6,15.2,876.5,275.35,1.0
80760.0,1308.6,359.92,0.05,359.92,40.73434,-111.87210,39.8,15.6,876.5,39.69,0.3
80820.0,1308.5,359.84,0.04,359.84,40.73434,-111.87210,39.5,15.8,876.5,36.50,0.4
80880.0,1308.3,359.70,0.05,359.70,40.73434,-111.87210,39.6,16.4,876.5,81.41,0.8
80940.0,1308.4,359.91,0.05,359.91,40.73434,-111.87210,39.7,16.4,876.5,78.28,0.7
81000.0,1308.3,0.07,0.05,0.07,40.73434,-111.87210,39.3,16.2,876.5,20.56,0.8
81060.0,1308.3,0.03,0.04,0.03,40.73434,-111.87210,39.3,15.8,876.5,71.27,0.4
81120.0,1308.4,0.15,0.05,0.15,40.73434,-111.87210,39.6,15.6,876.5,102.18,0.0
81180.0,1308.4,0.26,0.05,0.26,40.73434,-111.87210,39.5,15.8,876.5,337.07,0.4
81240.0,1308.5,359.80,0.04,359.80,40.73434,-111.87210,39.4,16.0,876.5,338.50,0.7
81300.0,1308.5,359.77,0.04,359.77,40.73434,-111.87210,39.4,15.9,876.5,310.14,0.4
81360.0,1308.5,0.38,0.05,0.38,40.73434,-111.87210,39.2,15.7,876.5,315.07,0.7
81420.0,1308.7,0.14,0.05,0.14,40.73434,-111.87210,39.3,16.2,876.5,62.73,0.6
81480.0,1308.8,359.82,0.05,359.82,40.73434,-111.87210,39.3,15.9,876.5,331.38,0.5
81540.0,1309.0,359.41,0.05,359.41,40.73434,-111.87210,39.3,16.0,876.5,14.16,0.5
81600.0,1309.1,359.10,0.04,359.10,40.73434,-111.87210,39.1,16.1,876.5,56.21,0.9
81660.0,1309.2,359.86,0.05,359.86,40.73434,-111.87210,39.3,15.9,876.4,17.26,0.2
81720.0,1309.1,359.48,0.04,359.48,40.73433,-111.87210,39.3,15.9,876.5,358.94,0.3
81780.0,1309.2,359.09,0.05,359.09,40.73433,-111.87210,39.4,16.0,876.4,25.44,0.3
81840.0,1309.3,358.94,0.04,358.94,40.73433,-111.87210,39.7,16.0,876.4,77.16,0.3
81900.0,1309.5,359.60,0.05,359.60,40.73433,-111.87210,39.8,16.1,876.4,42.08,0.3
81960.0,1309.3,359.74,0.05,359.74,40.73433,-111.87210,40.0,16.4,876.4,80.66,1.0
82020.0,1308.9,359.38,0.05,359.38,40.73433,-111.87211,39.7,16.1,876.4,15.21,0.7
82080.0,1308.9,358.93,0.06,358.93,40.73433,-111.87211,39.6,15.9,876.4,59.02,0.7
82140.0,1309.1,358.94,0.05,358.94,40.73433,-111.87211,39.5,15.5,876.4,315.27,0.3
82200.0,1309.3,358.98,0.05,358.98,40.73433,-111.87211,39.3,15.7,876.4,23.91,0.5
82260.0,1309.5,0.29,0.05,0.29,40.73433,-111.87211,39.3,16.1,876.4,53.19,0.7
82320.0,1310.0,359.79,0.05,359.79,40.73433,-111.87210,39.4,16.4,876.4,79.68,0.5
82380.0,1310.2,359.76,0.06,359.76,40.73433,-111.87210,39.3,16.2,876.4,64.77,0.7
82440.0,1310.3,359.84,0.07,359.84,40.73433,-111.87210,39.5,16.3,876.4,83.30,0.7
82500.0,1310.4,359.53,0.06,359.53,40.73433,-111.87210,39.3,16.1,876.4,16.85,0.6
82560.0,1310.1,359.65,0.06,359.65,40.73433,-111.87211,39.1,15.9,876.4,358.93,0.4
82620.0,1309.9,0.11,0.05,0.11,40.73433,-111.87211,39.2,15.7,876.4,319.24,0.7
82680.0,1309.8,359.76,0.05,359.76,40.73433,-111.87211,39.2,15.8,876.4,19.80,0.2
82740.0,1309.7,359.55,0.05,359.55,40.73433,-111.87210,39.2,16.3,876.4,32.72,0.6
82800.0,1309.6,359.91,0.05,359.91,40.73433,-111.87210,39.0,16.0,876.4,350.72,0.6
82860.0,1309.1,359.89,0.05,359.89,40.73433,-111.87210,39.1,16.2,876.4,35.13,0.3
82920.0,1309.4,359.97,0.05,359.97,40.73433,-111.87210,39.2,16.7,876.4,61.49,0.7
82980.0,1309.5,359.89,0.05,359.89,40.73434,-111.87210,39.1,16.3,876.4,56.07,0.8
83040.0,1309.1,359.42,0.05,359.42,40.73434,-111.87210,39.0,15.9,876.4,10.17,0.5
83100.0,1309.0,359.07,0.05,359.07,40.73434,-111.87210,39.1,16.4,876.4,65.90,0.8
83160.0,1309.0,359.34,0.05,359.34,40.73434,-111.87210,39.2,16.3,876.3,56.88,0.6
83220.0,1309.0,359.18,0.06,359.18,40.73434,-111.87210,38.9,15.5,876.3,334.34,0.5
83280.0,1308.8,358.65,0.05,358.65,40.73434,-111.87210,39.0,16.2,876.3,79.70,0.8
83340.0,1309.3,358.34,0.05,358.34,40.73434,-111.87210,39.3,16.0,876.3,83.62,0.7
83400.0,1309.5,358.61,0.05,358.61,40.73434,-111.87210,39.1,16.0,876.3,11.87,0.5
83460.0,1309.5,358.49,0.05,358.49,40.73434,-111.87210,39.2,16.1,876.3,76.17,0.8
83520.0,1309.4,358.67,0.06,358.67,40.73434,-111.87210,39.3,16.3,876.3,82.48,0.8
83580.0,1309.5,358.35,0.06,358.35,40.73434,-111.87210,39.2,16.1,876.3,60.20,0.9
83640.0,1309.3,358.26,0.06,358.26,40.73434,-111.87210,39.2,15.7,876.3,25.07,0.4
83700.0,1309.1,358.35,0.06,358.35,40.73434,-111.87210,39.1,15.7,876.3,52.08,0.5
83760.0,1309.7,358.59,0.05,358.59,40.73434,-111.87210,39.2,15.8,876.3,30.96,0.5
83820.0,1310.3,358.59,0.05,358.59,40.73434,-111.87210,39.0,15.9,876.3,67.97,1.0
83880.0,1310.4,358.50,0.05,358.50,40.73434,-111.87210,38.9,15.7,876.3,58.40,1.1
83940.0,1310.3,358.45,0.05,358.45,40.73434,-111.87210,38.9,15.9,876.3,52.39,0.7
84000.0,1310.3,358.48,0.05,358.48,40.73434,-111.87210,39.0,15.5,876.3,27.03,0.4
