CampaignData_and_Merges/R0/CSL_MobileLab_Parked/raw/20240720/USOS-jNO2_MobileLabGround_20240720_R0.ict
52,1001
Waxman, E.; Rollins, A.; Zuraski, K.; Chace, W.
NOAA Chemical Sciences Laboratory
jNO2 filter radiometer on CSL Mobile Lab
AMMBEC / USOS
1, 1
2024,07,20, 2025,04,01
60
Time_Start, seconds, number_of_seconds_since_0000_UTC
20
1, 1, 1, 1, 1, 1, 1, 1, 1, 1, 1, 1, 1, 1, 1, 1, 1, 1, 1, 1
-9999, -9999, -9999, -9999, -9999, -9999, -9999, -9999, -9999, -9999, -9999, -9999, -9999, -9999, -9999, -9999, -9999, -9999, -9999, -9999
Time_Stop, seconds, number_of_seconds_since_0000_UTC
jNO2_meas, per second, photolysis rate of NO2 measured using a filter radiometer.
jBrCl, per second, photolysis rate of BrCl -> Br + Cl calculated in TUV for cloud-free sky with local AOD
jBr2, per second, photolysis rate of Br2 -> Br + Br calculated in TUV for cloud-free sky with local AOD
jCCl4, per second, photolysis rate of CCl4 -> Products calcualted in TUV for cloud-free sky with local AOD
jCH2Oa, per second, photolysis rate of CH2O -> H + HCO calculated in TUV for cloud-free sky with local AOD
jCH2Ob, per second, photolysis rate of CH2O -> H2 + CO calculated in TUV for cloud-free sky with local AOD
jClNO2, per second, photolysis rate of ClNO2 -> Cl + NO2 calculated in TUV for cloud-free sky with local AOD
jClOa, per second, photolysis rate of ClO -> Cl + O(1D) calculated in TUV for cloud-free sky with local AOD
jClOb, per second, photolysis rate of ClO -> Cl + O(3P) calculated in TUV for cloud-free sky with local AOD
jCl2, per second, photolysis rate of Cl2 -> Cl + Cl calculated in TUV for cloud-free sky with local AOD
jHNO2, per second, photolysis rate of HNO2 -> OH + NO calculated in TUV for cloud-free sky with local AOD
jHNO3, per second, photolysis rate of HNO3 -> OH + NO2 calculated in TUV for cloud-free sky with local AOD
jI2, per second, photolysis rate of I2 -> I + I calculated in TUV for cloud-free sky with local AOD
jNO2, per second, photolysis rate of NO2 -> NO + O(3P) calculated in TUV for cloud-free sky with local AOD
jNO3a, per second, photolysis rate of NO3 -> NO + O2 calculated in TUV for cloud-free sky with local AOD
jNO3b, per second, photolysis rate of NO3 -> NO2 + O(3P) calculated in TUV for cloud-free sky with local AOD
jN2O5, per second, photolysis rate of N2O5 -> NO3 + NO + O(3P) calculated in TUV for cloud-free sky with local AOD
jO3, per second, photolysis rate of O3 -> O2 + O(1D) calculated in TUV for cloud-free sky with local AOD
AOD_500nm, unitless, UTC daily mean AOD at 500 nm from an AERONET station located at 40.178 N, -112.452 E
0
18
PI_CONTACT_INFO: eleanor.waxman@noaa.gov
PLATFORM: CSL Mobile Lab, at ground site
LOCATION: Salt Lake City, UT
ASSOCIATED_DATA:
INSTRUMENT_INFO: jNO2 filter radiometer.  TUV calculations are for mobile van lat/lon/altitude assuming clear sky (cloud AOD = 0) and daily mean AOD.
DATA_INFO:
UNCERTAINTY: Data uncertainties are +/- 20%.  These come from uncertainties in radiometer angular response, radiometer thermal response, local interferences from clouds/aerosols/shadows etc.
ULOD_FLAG: -7777
ULOD_VALUE: N/A
LLOD_FLAG: -8888
LLOD_VALUE: N/A
DM_CONTACT_INFO: eleanor.waxman@noaa.gov
PROJECT_INFO: USOS Project, July - August 2024
STIPULATIONS_ON_USE: Users are strongly encouraged to contact the PI for proper data usage.
OTHER_COMMENTS: 
REVISION: R0
R0: final data
Time_Start, Time_Stop, jNO2_meas, jBrCl, jBr2, jCCl4, jCH2Oa, jCH2Ob, jClNO2, jClOa, jClOb, jCl2, jHNO2, jHNO3, jI2, jNO2, jNO3a, jNO3b, jN2O5, jO3, AOD_500nm
[from data line 941]
   56460,   56520,0.0071069,0.008554,0.02693,4.723e-25,1.93e-05,3.224e-05,0.00032,1.66e-25,1.966e-05,0.001662,0.001114,2.996e-07,0.0991,0.006982,0.01951,0.1545,2.746e-05,1.248e-05,0.202
   56520,   56580,0.0071309,0.008578,0.02699,4.85e-25,1.942e-05,3.24e-05,0.0003215,1.706e-25,1.987e-05,0.001669,0.001118,3.02e-07,0.09928,0.007007,0.01954,0.1548,2.76e-05,1.262e-05,0.202
   56580,   56640,0.0071558,0.008602,0.02705,4.981e-25,1.955e-05,3.255e-05,0.0003231,1.753e-25,2.009e-05,0.001675,0.001123,3.044e-07,0.09946,0.007031,0.01957,0.1551,2.775e-05,1.276e-05,0.202
   56640,   56700,0.0071729,0.008624,0.02711,5.109e-25,1.966e-05,3.27e-05,0.0003245,1.799e-25,2.029e-05,0.001682,0.001126,3.067e-07,0.09962,0.007053,0.0196,0.1553,2.788e-05,1.289e-05,0.202
   56700,   56760,0.0071903,0.008647,0.02717,5.249e-25,1.978e-05,3.286e-05,0.000326,1.85e-25,2.05e-05,0.001688,0.001131,3.091e-07,0.0998,0.007077,0.01963,0.1556,2.803e-05,1.303e-05,0.202
   56760,   56820,0.0072072,0.00867,0.02722,5.395e-25,1.99e-05,3.302e-05,0.0003275,1.903e-25,2.071e-05,0.001695,0.001135,3.115e-07,0.09997,0.0071,0.01966,0.1558,2.817e-05,1.317e-05,0.202
   56820,   56880,0.0072295,0.008692,0.02728,5.538e-25,2.002e-05,3.316e-05,0.0003289,1.955e-25,2.092e-05,0.001701,0.001138,3.138e-07,0.1001,0.007122,0.01968,0.156,2.831e-05,1.331e-05,0.202
   56880,   56940,0.0072436,0.008714,0.02734,5.694e-25,2.014e-05,3.332e-05,0.0003304,2.012e-25,2.113e-05,0.001708,0.001142,3.162e-07,0.1003,0.007145,0.01971,0.1563,2.845e-05,1.345e-05,0.202
   56940,   57000,0.0072633,0.008737,0.02739,5.857e-25,2.026e-05,3.347e-05,0.0003319,2.071e-25,2.135e-05,0.001714,0.001146,3.186e-07,0.1005,0.007168,0.01974,0.1565,2.859e-05,1.359e-05,0.202
   57000,   57060,0.0072847,0.008757,0.02744,6.013e-25,2.037e-05,3.361e-05,0.0003333,2.129e-25,2.155e-05,0.00172,0.00115,3.209e-07,0.1006,0.00719,0.01976,0.1567,2.872e-05,1.373e-05,0.202
   57060,   57120,0.0073121,0.008779,0.0275,6.188e-25,2.049e-05,3.377e-05,0.0003348,2.193e-25,2.177e-05,0.001727,0.001154,3.233e-07,0.1008,0.007212,0.01979,0.157,2.886e-05,1.387e-05,0.202
   57120,   57180,0.0073316,0.008801,0.02756,6.37e-25,2.061e-05,3.392e-05,0.0003362,2.26e-25,2.198e-05,0.001733,0.001158,3.257e-07,0.1009,0.007235,0.01981,0.1572,2.9e-05,1.401e-05,0.202
   57180,   57240,0.0073544,0.008822,0.02761,6.548e-25,2.072e-05,3.406e-05,0.0003376,2.325e-25,2.219e-05,0.001739,0.001162,3.28e-07,0.1011,0.007256,0.01984,0.1574,2.913e-05,1.415e-05,0.202
   57240,   57300,0.0073776,0.008843,0.02766,6.743e-25,2.084e-05,3.421e-05,0.000339,2.398e-25,2.24e-05,0.001745,0.001165,3.303e-07,0.1012,0.007278,0.01987,0.1577,2.927e-05,1.429e-05,0.202
   57300,   57360,0.0074008,0.008864,0.02771,6.947e-25,2.096e-05,3.436e-05,0.0003405,2.473e-25,2.262e-05,0.001751,0.001169,3.327e-07,0.1014,0.0073,0.01989,0.1579,2.941e-05,1.444e-05,0.202
   57360,   57420,0.0074232,0.008884,0.02776,7.146e-25,2.107e-05,3.45e-05,0.0003418,2.547e-25,2.283e-05,0.001757,0.001173,3.35e-07,0.1015,0.00732,0.01991,0.1581,2.954e-05,1.457e-05,0.202
   57420,   57480,0.0074433,0.008905,0.02782,7.365e-25,2.118e-05,3.464e-05,0.0003433,2.629e-25,2.305e-05,0.001763,0.001176,3.374e-07,0.1017,0.007342,0.01994,0.1583,2.967e-05,1.472e-05,0.202
   57480,   57540,0.0074636,0.008926,0.02787,7.594e-25,2.13e-05,3.479e-05,0.0003447,2.715e-25,2.326e-05,0.001769,0.00118,3.398e-07,0.1018,0.007363,0.01996,0.1586,2.981e-05,1.486e-05,0.202
   57540,   57600,0.0074849,0.008945,0.02792,7.817e-25,2.141e-05,3.493e-05,0.000346,2.799e-25,2.347e-05,0.001775,0.001184,3.42e-07,0.102,0.007383,0.01999,0.1588,2.994e-05,1.5e-05,0.202
   57600,   57660,0.0075011,0.008965,0.02797,8.064e-25,2.152e-05,3.507e-05,0.0003474,2.891e-25,2.369e-05,0.001781,0.001187,3.444e-07,0.1021,0.007404,0.02001,0.159,3.007e-05,1.515e-05,0.202
   57660,   57720,0.0075184,0.008986,0.02802,8.321e-25,2.164e-05,3.521e-05,0.0003488,2.988e-25,2.391e-05,0.001787,0.001191,3.467e-07,0.1023,0.007425,0.02003,0.1592,3.02e-05,1.529e-05,0.202
   57720,   57780,0.007539,0.009004,0.02806,8.572e-25,2.175e-05,3.535e-05,0.0003501,3.084e-25,2.411e-05,0.001793,0.001194,3.489e-07,0.1024,0.007445,0.02006,0.1594,3.033e-05,1.543e-05,0.202
   57780,   57840,0.0075593,0.009024,0.02811,8.85e-25,2.186e-05,3.549e-05,0.0003514,3.189e-25,2.433e-05,0.001799,0.001198,3.513e-07,0.1026,0.007465,0.02008,0.1596,3.046e-05,1.557e-05,0.202
   57840,   57900,0.0075701,0.009044,0.02816,9.14e-25,2.197e-05,3.563e-05,0.0003528,3.3e-25,2.455e-05,0.001805,0.001202,3.537e-07,0.1027,0.007486,0.0201,0.1598,3.059e-05,1.572e-05,0.202
   57900,   57960,0.0075869,0.009062,0.02821,9.424e-25,2.208e-05,3.576e-05,0.0003541,3.409e-25,2.475e-05,0.00181,0.001205,3.559e-07,0.1028,0.007505,0.02012,0.16,3.072e-05,1.586e-05,0.202
   57960,   58020,0.0075994,0.009081,0.02826,9.738e-25,2.219e-05,3.59e-05,0.0003554,3.529e-25,2.497e-05,0.001816,0.001208,3.582e-07,0.103,0.007525,0.02015,0.1602,3.085e-05,1.6e-05,0.202
   58020,   58080,0.0076205,0.0091,0.0283,1.007e-24,2.23e-05,3.604e-05,0.0003568,3.656e-25,2.519e-05,0.001822,0.001212,3.606e-07,0.1031,0.007545,0.02017,0.1604,3.098e-05,1.615e-05,0.202
   58080,   58140,0.0076377,0.009118,0.02835,1.039e-24,2.241e-05,3.617e-05,0.000358,3.78e-25,2.54e-05,0.001827,0.001215,3.628e-07,0.1032,0.007563,0.02019,0.1606,3.11e-05,1.629e-05,0.202
   58140,   58200,0.007656,0.009137,0.02839,1.074e-24,2.252e-05,3.631e-05,0.0003594,3.918e-25,2.562e-05,0.001833,0.001218,3.651e-07,0.1034,0.007583,0.02021,0.1608,3.123e-05,1.643e-05,0.202
   58200,   58260,0.0076816,0.009156,0.02844,1.112e-24,2.263e-05,3.644e-05,0.0003607,4.063e-25,2.584e-05,0.001838,0.001222,3.674e-07,0.1035,0.007602,0.02023,0.161,3.135e-05,1.658e-05,0.202
   58260,   58320,0.0076909,0.009173,0.02848,1.148e-24,2.273e-05,3.657e-05,0.0003619,4.206e-25,2.604e-05,0.001843,0.001225,3.696e-07,0.1036,0.007621,0.02025,0.1611,3.147e-05,1.672e-05,0.202
   58320,   58380,0.0077154,0.009191,0.02853,1.188e-24,2.284e-05,3.671e-05,0.0003632,4.365e-25,2.626e-05,0.001849,0.001228,3.719e-07,0.1038,0.00764,0.02027,0.1613,3.16e-05,1.686e-05,0.202
   58380,   58440,0.0077343,0.009209,0.02857,1.231e-24,2.295e-05,3.684e-05,0.0003645,4.531e-25,2.648e-05,0.001854,0.001232,3.742e-07,0.1039,0.007659,0.02029,0.1615,3.173e-05,1.701e-05,0.202
   58440,   58500,0.0077545,0.009226,0.02861,1.272e-24,2.305e-05,3.696e-05,0.0003657,4.696e-25,2.669e-05,0.00186,0.001235,3.764e-07,0.104,0.007677,0.02031,0.1617,3.184e-05,1.715e-05,0.202
   58500,   58560,0.0077691,0.009244,0.02866,1.319e-24,2.316e-05,3.71e-05,0.000367,4.879e-25,2.691e-05,0.001865,0.001238,3.787e-07,0.1041,0.007695,0.02033,0.1619,3.197e-05,1.73e-05,0.202
   58560,   58620,0.0077863,0.009261,0.0287,1.367e-24,2.327e-05,3.723e-05,0.0003683,5.071e-25,2.713e-05,0.00187,0.001241,3.81e-07,0.1042,0.007714,0.02035,0.162,3.209e-05,1.744e-05,0.202
   58620,   58680,0.0078072,0.009278,0.02874,1.414e-24,2.337e-05,3.735e-05,0.0003694,5.262e-25,2.733e-05,0.001875,0.001244,3.831e-07,0.1044,0.007731,0.02037,0.1622,3.221e-05,1.758e-05,0.202
   58680,   58740,0.0078251,0.009295,0.02878,1.467e-24,2.347e-05,3.748e-05,0.0003707,5.474e-25,2.755e-05,0.001881,0.001248,3.854e-07,0.1045,0.007749,0.02039,0.1624,3.233e-05,1.773e-05,0.202
   58740,   58800,0.0078455,0.009312,0.02883,1.523e-24,2.358e-05,3.761e-05,0.0003719,5.697e-25,2.777e-05,0.001886,0.001251,3.877e-07,0.1046,0.007767,0.02041,0.1625,3.245e-05,1.787e-05,0.202
   58800,   58860,0.0078769,0.009328,0.02886,1.577e-24,2.368e-05,3.773e-05,0.0003731,5.918e-25,2.798e-05,0.001891,0.001254,3.898e-07,0.1047,0.007784,0.02043,0.1627,3.257e-05,1.801e-05,0.202
   58860,   58920,0.0078946,0.009345,0.02891,1.638e-24,2.378e-05,3.785e-05,0.0003743,6.165e-25,2.819e-05,0.001896,0.001257,3.921e-07,0.1048,0.007802,0.02044,0.1629,3.269e-05,1.816e-05,0.202
   58920,   58980,0.0079141,0.009361,0.02895,1.702e-24,2.389e-05,3.798e-05,0.0003756,6.424e-25,2.841e-05,0.001901,0.00126,3.943e-07,0.1049,0.00782,0.02046,0.163,3.281e-05,1.83e-05,0.202
   58980,   59040,0.0079248,0.009377,0.02898,1.765e-24,2.399e-05,3.81e-05,0.0003767,6.682e-25,2.862e-05,0.001906,0.001263,3.964e-07,0.105,0.007836,0.02048,0.1632,3.292e-05,1.844e-05,0.202
   59040,   59100,0.007933,0.009393,0.02902,1.835e-24,2.409e-05,3.822e-05,0.0003779,6.97e-25,2.883e-05,0.001911,0.001266,3.987e-07,0.1052,0.007853,0.0205,0.1634,3.304e-05,1.859e-05,0.202
   59100,   59160,0.0079383,0.009409,0.02906,1.908e-24,2.419e-05,3.835e-05,0.0003791,7.274e-25,2.905e-05,0.001916,0.001269,4.009e-07,0.1053,0.00787,0.02052,0.1635,3.315e-05,1.873e-05,0.202
   59160,   59220,0.007942,0.009424,0.0291,1.981e-24,2.429e-05,3.846e-05,0.0003802,7.575e-25,2.926e-05,0.001921,0.001272,4.03e-07,0.1054,0.007887,0.02053,0.1637,3.326e-05,1.887e-05,0.202
   59220,   59280,0.0079514,0.00944,0.02914,2.062e-24,2.439e-05,3.858e-05,0.0003814,7.913e-25,2.947e-05,0.001926,0.001275,4.052e-07,0.1055,0.007903,0.02055,0.1638,3.338e-05,1.902e-05,0.202
   59280,   59340,0.0079697,0.009456,0.02918,2.147e-24,2.449e-05,3.87e-05,0.0003826,8.269e-25,2.969e-05,0.001931,0.001277,4.074e-07,0.1056,0.00792,0.02057,0.164,3.35e-05,1.916e-05,0.202
   59340,   59400,0.0079843,0.009471,0.02921,2.232e-24,2.458e-05,3.882e-05,0.0003837,8.623e-25,2.989e-05,0.001935,0.00128,4.095e-07,0.1057,0.007936,0.02058,0.1641,3.36e-05,1.93e-05,0.202
   59400,   59460,0.0079964,0.009486,0.02925,2.327e-24,2.468e-05,3.894e-05,0.0003848,9.021e-25,3.011e-05,0.00194,0.001283,4.117e-07,0.1058,0.007952,0.0206,0.1643,3.372e-05,1.944e-05,0.202
   59460,   59520,0.008008,0.009501,0.02929,2.426e-24,2.478e-05,3.906e-05,0.000386,9.442e-25,3.033e-05,0.001945,0.001286,4.139e-07,0.1059,0.007969,0.02062,0.1644,3.383e-05,1.959e-05,0.202
   59520,   59580,0.0080234,0.009515,0.02932,2.525e-24,2.488e-05,3.917e-05,0.0003871,9.86e-25,3.053e-05,0.00195,0.001289,4.159e-07,0.106,0.007984,0.02063,0.1646,3.394e-05,1.973e-05,0.202
   59580,   59640,0.0080364,0.00953,0.02936,2.634e-24,2.498e-05,3.928e-05,0.0003882,1.033e-24,3.074e-05,0.001954,0.001291,4.181e-07,0.1061,0.008,0.02065,0.1647,3.405e-05,1.987e-05,0.202
   59640,   59700,0.0080575,0.009545,0.02939,2.751e-24,2.507e-05,3.94e-05,0.0003893,1.083e-24,3.096e-05,0.001959,0.001294,4.203e-07,0.1062,0.008016,0.02066,0.1649,3.416e-05,2.002e-05,0.202
   59700,   59760,0.0080768,0.009559,0.02943,2.867e-24,2.516e-05,3.951e-05,0.0003904,1.132e-24,3.116e-05,0.001963,0.001297,4.223e-07,0.1063,0.008031,0.02068,0.165,3.427e-05,2.015e-05,0.202
   59760,   59820,0.0080913,0.009574,0.02946,2.996e-24,2.526e-05,3.962e-05,0.0003915,1.188e-24,3.137e-05,0.001968,0.0013,4.244e-07,0.1064,0.008046,0.02069,0.1651,3.438e-05,2.03e-05,0.202
   59820,   59880,0.0080987,0.009588,0.0295,3.133e-24,2.536e-05,3.974e-05,0.0003926,1.247e-24,3.159e-05,0.001973,0.001302,4.266e-07,0.1065,0.008062,0.02071,0.1653,3.449e-05,2.044e-05,0.202
   59880,   59940,0.0081121,0.009601,0.02953,3.27e-24,2.545e-05,3.984e-05,0.0003936,1.307e-24,3.179e-05,0.001977,0.001305,4.286e-07,0.1066,0.008076,0.02072,0.1654,3.459e-05,2.057e-05,0.202
   59940,   60000,0.008131,0.009614,0.02956,3.391e-24,2.552e-05,3.994e-05,0.0003945,1.36e-24,3.196e-05,0.001981,0.001307,4.303e-07,0.1066,0.008089,0.02073,0.1655,3.468e-05,2.069e-05,0.202
   60000,   60060,0.0081394,0.009625,0.02958,3.543e-24,2.561e-05,4.003e-05,0.0003955,1.427e-24,3.216e-05,0.001984,0.001309,4.323e-07,0.1067,0.008101,0.02075,0.1656,3.477e-05,2.083e-05,0.202
   60060,   60120,0.0081458,0.009638,0.02961,3.702e-24,2.57e-05,4.013e-05,0.0003965,1.496e-24,3.236e-05,0.001989,0.001312,4.343e-07,0.1068,0.008115,0.02076,0.1658,3.487e-05,2.096e-05,0.202
   60120,   60180,0.0081588,0.009651,0.02965,3.88e-24,2.579e-05,4.024e-05,0.0003975,1.575e-24,3.257e-05,0.001993,0.001314,4.364e-07,0.1069,0.00813,0.02078,0.1659,3.498e-05,2.111e-05,0.202
   60180,   60240,0.0081725,0.009665,0.02968,4.068e-24,2.588e-05,4.035e-05,0.0003986,1.658e-24,3.278e-05,0.001997,0.001317,4.384e-07,0.107,0.008145,0.02079,0.166,3.508e-05,2.125e-05,0.202
   60240,   60300,0.0081867,0.009678,0.02971,4.256e-24,2.597e-05,4.045e-05,0.0003996,1.741e-24,3.298e-05,0.002001,0.001319,4.404e-07,0.1071,0.008158,0.0208,0.1661,3.518e-05,2.138e-05,0.202
   60300,   60360,0.0082054,0.009691,0.02974,4.467e-24,2.606e-05,4.056e-05,0.0004006,1.835e-24,3.319e-05,0.002006,0.001322,4.425e-07,0.1072,0.008173,0.02082,0.1663,3.529e-05,2.152e-05,0.202
   60360,   60420,0.0082187,0.009704,0.02977,4.691e-24,2.615e-05,4.067e-05,0.0004017,1.934e-24,3.34e-05,0.00201,0.001324,4.445e-07,0.1073,0.008187,0.02083,0.1664,3.539e-05,2.166e-05,0.202
   60420,   60480,0.008228,0.009716,0.0298,4.914e-24,2.624e-05,4.077e-05,0.0004026,2.034e-24,3.359e-05,0.002014,0.001327,4.464e-07,0.1073,0.0082,0.02084,0.1665,3.548e-05,2.179e-05,0.202
   60480,   60540,0.0082366,0.009729,0.02983,5.165e-24,2.633e-05,4.087e-05,0.0004037,2.147e-24,3.38e-05,0.002018,0.001329,4.485e-07,0.1074,0.008214,0.02086,0.1666,3.559e-05,2.193e-05,0.202
   60540,   60600,0.0082502,0.009742,0.02986,5.432e-24,2.642e-05,4.098e-05,0.0004047,2.267e-24,3.401e-05,0.002022,0.001332,4.505e-07,0.1075,0.008228,0.02087,0.1667,3.569e-05,2.207e-05,0.202
   60600,   60660,0.008253,0.009754,0.02989,5.698e-24,2.65e-05,4.107e-05,0.0004056,2.387e-24,3.42e-05,0.002026,0.001334,4.524e-07,0.1076,0.008241,0.02088,0.1668,3.578e-05,2.22e-05,0.202
   60660,   60720,0.008269,0.009766,0.02992,5.998e-24,2.659e-05,4.118e-05,0.0004066,2.522e-24,3.44e-05,0.00203,0.001336,4.544e-07,0.1077,0.008255,0.02089,0.167,3.588e-05,2.234e-05,0.202
   60720,   60780,0.0082838,0.009779,0.02995,6.316e-24,2.668e-05,4.128e-05,0.0004076,2.667e-24,3.461e-05,0.002034,0.001339,4.564e-07,0.1077,0.008268,0.02091,0.1671,3.598e-05,2.248e-05,0.202
   60780,   60840,0.0082944,0.00979,0.02998,6.634e-24,2.676e-05,4.137e-05,0.0004085,2.811e-24,3.48e-05,0.002038,0.001341,4.583e-07,0.1078,0.008281,0.02092,0.1672,3.607e-05,2.261e-05,0.202
   60840,   60900,0.0083062,0.009802,0.03001,6.993e-24,2.684e-05,4.147e-05,0.0004095,2.974e-24,3.5e-05,0.002042,0.001343,4.603e-07,0.1079,0.008294,0.02093,0.1673,3.617e-05,2.275e-05,0.202
   60900,   60960,0.0083157,0.009814,0.03003,7.373e-24,2.693e-05,4.157e-05,0.0004105,3.148e-24,3.521e-05,0.002046,0.001346,4.622e-07,0.108,0.008307,0.02094,0.1674,3.627e-05,2.289e-05,0.202
   60960,   61020,0.0083311,0.009825,0.03006,7.752e-24,2.701e-05,4.166e-05,0.0004114,3.321e-24,3.539e-05,0.00205,0.001348,4.641e-07,0.108,0.00832,0.02095,0.1675,3.636e-05,2.301e-05,0.202
   61020,   61080,0.0083394,0.009837,0.03009,8.179e-24,2.709e-05,4.176e-05,0.0004123,3.517e-24,3.559e-05,0.002054,0.00135,4.66e-07,0.1081,0.008332,0.02096,0.1676,3.645e-05,2.315e-05,0.202
   61080,   61140,0.0083438,0.009849,0.03012,8.632e-24,2.718e-05,4.186e-05,0.0004132,3.725e-24,3.579e-05,0.002057,0.001352,4.679e-07,0.1082,0.008345,0.02098,0.1677,3.655e-05,2.328e-05,0.202
   61140,   61200,0.0083535,0.009859,0.03014,9.083e-24,2.726e-05,4.195e-05,0.0004141,3.931e-24,3.598e-05,0.002061,0.001354,4.698e-07,0.1083,0.008357,0.02099,0.1678,3.664e-05,2.341e-05,0.202
   61200,   61260,0.0083604,0.009871,0.03017,9.588e-24,2.734e-05,4.204e-05,0.0004151,4.162e-24,3.617e-05,0.002065,0.001357,4.717e-07,0.1083,0.00837,0.021,0.1679,3.673e-05,2.354e-05,0.202
   61260,   61320,0.0083713,0.009882,0.03019,1.011e-23,2.742e-05,4.214e-05,0.000416,4.397e-24,3.637e-05,0.002069,0.001359,4.735e-07,0.1084,0.008382,0.02101,0.168,3.682e-05,2.367e-05,0.202
   61320,   61380,0.0083801,0.009893,0.03022,1.063e-23,2.75e-05,4.223e-05,0.0004168,4.641e-24,3.654e-05,0.002072,0.001361,4.753e-07,0.1085,0.008393,0.02102,0.1681,3.691e-05,2.379e-05,0.202
   61380,   61440,0.0083899,0.009904,0.03024,1.123e-23,2.758e-05,4.232e-05,0.0004177,4.939e-24,3.674e-05,0.002076,0.001363,4.772e-07,0.1085,0.008406,0.02103,0.1682,3.7e-05,2.393e-05,0.202
   61440,   61500,0.0084,0.009914,0.03027,1.192e-23,2.766e-05,4.241e-05,0.0004186,5.279e-24,3.693e-05,0.002079,0.001365,4.79e-07,0.1086,0.008418,0.02104,0.1683,3.709e-05,2.406e-05,0.202
