CampaignData_and_Merges/R0/CSL_MobileLab_Parked/raw/20240720/USOS-Picarro-CO2-CH4-CO-H2O_MobileLabGround_20240720_R0.ict
38, 1001
Ilana Pollack, Nell Schafer, and Jeff Peischl
NOAA Chemical Sciences Laboratory
Picarro 2401-m CO2/CH4/CO/H2O Analyzer
USOS
1, 1
2024, 07, 20, 2024, 11, 20
0
StartTime_UTC, seconds_past_midnight, seconds past midnight
5
1, 1, 1, 1, 1
-9999, -9999, -9999, -9999, -9999
StopTime_UTC, seconds_past_midnight, seconds past midnight
CO2_ppm_1min, ppm, Gas_CO2_InSitu_S_DMF, carbon dioxide mixing ratio
CH4_ppb_1min, ppb, Gas_CH4_InSitu_S_DMF, methane mixing ratio
CO_ppb_1min, ppb, Gas_CO_InSitu_S_DMF, carbon monoxide mixing ratio
H2O_ppmv_1min, ppmv, Met_H2OMRV_InSitu_S_AVMR, water vapor mixing ratio
1
SPECIAL COMMENTS: N/A
18
PI_CONTACT_INFO: Address: NOAA Chemical Sciences Laboratory, Mail Stop CSL7, 325 Broadway, Boulder, CO 80305; Email: Ilana.Pollack@noaa.gov
PLATFORM: NOAA CSL Mobile Laboratory
LOCATION: The mobile lab was stationed in Salt Lake City, Utah.
ASSOCIATED_DATA: N/A
INSTRUMENT_INFO: CO2, CH4, and CO are reported as dry air mole fractions using a commercial wavelength-scanned cavity ring-down analyzer (Picarro 2401-m). An in-field calibration gas standard of 432±0.07 ppm CO2, 2095±1 ppb CH4, and 183±1 ppb CO, calibrated in the Boulder laboratories before and after the field project using primary CO2, CH4, and CO standard tanks tied to the WMO standard (X2019, X2004A, and X2014A, respectively) from the Global Monitoring Laboratory (GML), was delivered to the inlet every 2-3 days to evaluate instrument sensitivity. A H2O measurement was calibrated before the project with a Dew Point Mirror 373 hygrometer. The water correction calculated from these calibrations was applied to the H2O measurement for the entire campaign. Species are measured at 0.5 Hz and reported as 1-minute averages for stationary measurements.
DATA_INFO: Units: CO2, ppm, dry air mole fraction; CH4, ppb, dry air mole fraction; CO, ppb, dry air mole fraction; H2O, ppmv
UNCERTAINTY: Total uncertainties are estimated as ±0.1 ppm for CO2, ±1 ppb for CH4, ±5 ppb for CO, and ±(50 ppm + 4%) for H2O.
ULOD_FLAG: -7777
ULOD_VALUE: N/A
LLOD_FLAG: -8888
LLOD_VALUE: N/A
DM_CONTACT_INFO: Data Manager: Nathan Howard; nathan.h.howard@noaa.gov
PROJECT_INFO: USOS Dates of Study: July – August 2024
STIPULATIONS_ON_USE: Use of these data require prior ok from PI.
OTHER_COMMENTS: Data are averaged to 1 minute intervals. Stationary data collected from a 10 ft tower on top of the mobile van.
REVISION: R0
R0: Final Data
StartTime_UTC, StopTime_UTC, CO2_ppm_1min, CH4_ppb_1min, CO_ppb_1min, H2O_ppmv_1min
[from data line 753]
45180,45240,442.28,1969.9,150.9,13335.3682
45240,45300,444.60,1971.7,185.4,13515.9902
45300,45360,445.51,1973.7,179.1,13559.6328
45360,45420,447.20,1976.7,180.9,13612.8076
45420,45480,447.84,1979.4,170.7,13629.4082
45480,45540,451.18,1984.0,174.2,13819.0801
45540,45600,454.10,1991.1,178.1,13925.8398
45600,45660,457.41,1998.2,217.5,13946.4082
45660,45720,455.40,1998.9,201.6,13820.9258
45720,45780,456.37,2002.1,187.1,13778.0654
45780,45840,455.91,2002.5,185.7,13699.2451
45840,45900,453.11,1994.4,182.8,13439.2949
45900,45960,452.98,1990.2,178.3,13405.9238
45960,46020,452.74,1993.0,174.1,13158.5381
46020,46080,452.83,1997.0,175.8,13001.5332
46080,46140,454.30,1998.5,177.2,13094.3262
46140,46200,454.60,1996.5,181.9,13161.6953
46200,46260,457.28,2002.2,180.8,13626.1094
46260,46320,458.06,2010.4,189.0,13718.5674
46320,46380,457.59,2012.5,193.2,13680.8359
46380,46440,456.32,2006.4,190.5,13473.1025
46440,46500,458.19,2012.3,187.0,13719.3818
46500,46560,457.90,2008.2,185.5,13671.7051
46560,46620,456.17,2004.0,184.5,13548.9893
46620,46680,455.66,1996.6,184.9,13405.8105
46680,46740,463.43,2001.3,261.6,13665.3525
46740,46800,456.08,1994.7,205.4,13521.1074
46800,46860,444.42,1990.8,472.0,12985.3623
46860,46920,444.81,1989.5,313.2,12971.0498
46920,46980,442.49,1981.0,169.3,12884.2852
46980,47040,440.33,1965.2,147.5,12756.2529
47040,47100,437.47,1963.2,140.8,12647.0605
47100,47160,439.78,1964.4,142.8,12853.1025
47160,47220,437.61,1970.0,146.0,12676.0381
47220,47280,439.92,1968.2,149.1,12748.8652
47280,47340,437.64,1975.8,145.1,12633.2734
47340,47400,438.54,1977.2,148.5,12717.8047
47400,47460,440.72,1979.2,158.9,12867.1318
47460,47520,441.45,1978.8,161.3,12895.0703
47520,47580,442.89,1978.5,183.4,12944.2930
47580,47640,443.56,1983.6,160.5,13616.4307
47640,47700,443.10,1989.0,166.9,13419.0498
47700,47760,448.69,2008.9,176.0,14167.2188
47760,47820,455.15,2031.4,187.9,14733.8945
47820,47880,453.16,2018.4,191.7,14609.3389
47880,47940,454.93,2038.3,189.4,14439.5127
47940,48000,460.33,2070.7,196.2,15082.4551
48000,48060,460.13,2057.5,206.3,14767.6455
48060,48120,457.61,2044.6,203.5,14390.1563
48120,48180,462.58,2069.2,228.9,14982.0869
48180,48240,464.12,2084.2,260.6,15266.9482
48240,48300,465.24,2082.1,242.1,15395.0811
48300,48360,462.91,2079.5,239.5,15214.2979
48360,48420,461.57,2072.7,229.8,15044.3076
48420,48480,460.43,2068.3,222.6,14845.0283
48480,48540,459.72,2062.2,216.5,14708.7539
48540,48600,456.85,2049.1,206.9,14198.9873
48600,48660,457.78,2048.7,212.5,14198.2559
48660,48720,457.36,2046.4,209.1,14134.2686
48720,48780,455.88,2042.3,208.2,14086.2852
48780,48840,456.77,2047.5,205.1,14472.9414
48840,48900,457.73,2056.4,209.8,15068.3574
48900,48960,457.10,2049.4,210.5,14543.7588
48960,49020,453.86,2037.9,196.4,14013.1934
49020,49080,456.57,2035.0,213.4,14056.8887
49080,49140,461.29,2037.3,243.3,14302.2373
49140,49200,459.76,2032.5,235.3,14084.6982
49200,49260,461.62,2034.5,234.0,14478.6426
49260,49320,464.40,2049.5,235.7,15053.6797
49320,49380,457.35,2027.1,232.2,14081.9922
49380,49440,455.26,2021.9,213.9,14020.9736
49440,49500,453.18,2023.5,211.2,13971.9053
49500,49560,455.58,2028.6,234.6,14435.7920
49560,49620,451.85,2030.1,218.4,14602.1494
49620,49680,449.31,2029.3,207.8,14569.4668
49680,49740,448.18,2021.4,201.6,14289.7822
49740,49800,450.08,2026.9,219.5,14711.7266
49800,49860,445.64,2009.2,205.8,14020.9727
49860,49920,445.52,2006.1,210.3,14035.9922
49920,49980,443.40,2002.4,204.7,14027.0439
49980,50040,442.97,2003.3,197.0,14153.3291
50040,50100,442.08,2002.9,195.2,14348.1143
50100,50160,441.50,2001.5,195.6,14301.4150
50160,50220,440.19,2003.5,180.1,14665.6533
50220,50280,438.45,2003.8,179.5,15366.9834
50280,50340,437.94,1995.2,179.3,14367.3242
50340,50400,439.34,1997.6,189.6,14789.6953
50400,50460,439.80,1997.0,205.2,14955.5801
50460,50520,-9999,-9999,-9999,-9999
50520,50580,-9999,-9999,-9999,-9999
50580,50640,-9999,-9999,-9999,-9999
50640,50700,-9999,-9999,-9999,-9999
50700,50760,440.67,2000.0,205.9,14147.8291
50760,50820,440.33,1998.1,208.1,14018.4785
50820,50880,443.28,2002.5,238.5,14510.6572
50880,50940,444.55,2003.5,249.8,14412.3389
50940,51000,442.74,2002.1,235.9,14322.8818
51000,51060,442.35,2002.3,230.4,14607.4248
51060,51120,441.54,2006.2,224.0,15061.3506
51120,51180,441.27,2007.7,212.2,15166.7422
51180,51240,437.44,1996.5,192.9,14514.5996
51240,51300,436.10,1990.1,178.5,14156.8330
51300,51360,434.76,1986.1,173.2,13906.1250
51360,51420,437.14,1988.8,179.7,14128.6504
51420,51480,435.92,1983.9,172.1,14588.9492
51480,51540,434.48,1980.7,170.1,14533.7422
51540,51600,431.69,1972.4,158.6,13959.2402
51600,51660,430.24,1966.8,154.8,13461.9707
51660,51720,429.19,1966.1,151.3,13733.0195
51720,51780,430.43,1967.0,153.6,13853.4902
51780,51840,431.56,1966.9,159.2,14089.2588
51840,51900,430.54,1966.3,153.1,13894.1963
51900,51960,430.65,1965.7,161.7,13717.5020
51960,52020,430.43,1965.2,161.4,13493.8594
52020,52080,429.85,1964.9,148.7,13334.6348
52080,52140,429.54,1964.7,156.5,13308.7324
52140,52200,430.21,1965.3,167.5,13571.9639
52200,52260,429.96,1965.8,159.2,13573.9424
52260,52320,430.00,1965.8,154.0,13547.7354
52320,52380,430.52,1965.8,151.4,13640.5000
52380,52440,430.23,1966.0,154.1,13665.8457
52440,52500,430.38,1965.9,158.4,13612.0850
52500,52560,430.53,1966.2,155.0,13568.6465
52560,52620,430.17,1966.7,144.7,13854.9365
52620,52680,430.17,1966.5,146.1,13499.8643
52680,52740,430.14,1966.0,146.6,13421.5449
52740,52800,430.31,1966.5,145.9,13611.0488
52800,52860,430.40,1966.9,144.5,13640.6934
52860,52920,431.09,1967.0,144.1,13717.1719
52920,52980,430.64,1967.5,144.3,13908.7793
52980,53040,431.75,1967.6,144.6,13994.1387
53040,53100,430.55,1968.3,147.0,14056.4404
53100,53160,431.74,1968.4,153.7,13919.3203
53160,53220,430.64,1968.2,149.2,13969.2656
53220,53280,431.76,1968.5,148.9,14113.3613
53280,53340,431.18,1969.0,151.7,14494.7490
53340,53400,429.98,1968.6,145.8,13995.6436
53400,53460,430.00,1969.0,142.1,13931.2861
53460,53520,430.97,1968.9,146.7,14135.4092
53520,53580,430.08,1968.7,142.6,14180.8789
53580,53640,430.33,1968.7,142.7,14162.5010
53640,53700,431.27,1969.4,143.3,14077.6357
53700,53760,430.69,1969.2,142.2,13921.6514
53760,53820,429.98,1969.5,139.5,13713.7227
53820,53880,430.11,1969.9,141.7,13863.1816
53880,53940,430.72,1970.0,144.3,13802.5205
53940,54000,430.28,1970.5,143.5,14083.5840
54000,54060,429.91,1969.7,139.2,13729.1240
54060,54120,429.85,1970.1,142.8,13869.9219
54120,54180,429.98,1970.0,143.5,13863.1943
54180,54240,429.45,1970.5,148.3,14115.1221
54240,54300,429.14,1970.3,142.3,14175.0117
54300,54360,429.98,1969.0,142.6,13841.5088
54360,54420,429.82,1969.6,143.8,13874.8672
54420,54480,429.30,1969.3,144.5,14141.7617
54480,54540,429.56,1970.2,156.5,14072.2881
54540,54600,429.78,1969.5,151.8,13817.6768
54600,54660,429.16,1970.3,147.7,14253.3984
54660,54720,429.03,1970.1,145.5,14299.6660
54720,54780,429.19,1970.2,148.8,14083.6191
54780,54840,429.37,1969.3,149.4,13937.6299
54840,54900,428.82,1969.9,147.3,14213.6113
54900,54960,429.59,1969.6,141.2,13825.7891
54960,55020,430.40,1971.6,142.1,13961.5928
55020,55080,429.51,1970.2,144.2,14113.9180
55080,55140,429.08,1969.5,137.8,13743.6318
55140,55200,428.96,1970.0,141.1,14036.9326
55200,55260,428.75,1970.6,139.0,14416.0654
55260,55320,428.82,1970.3,141.0,14142.8809
55320,55380,428.51,1971.0,144.5,14231.8545
55380,55440,428.70,1971.2,140.6,14314.0693
55440,55500,428.90,1971.1,142.3,13700.9473
55500,55560,429.02,1971.1,145.7,14086.9092
55560,55620,428.82,1970.0,143.2,13672.2910
55620,55680,428.85,1970.6,140.4,13806.8467
55680,55740,429.06,1970.8,140.4,13926.5449
55740,55800,429.05,1970.7,143.7,13837.4922
55800,55860,429.78,1971.4,142.3,13908.6816
55860,55920,428.95,1970.8,139.5,13773.2949
55920,55980,428.53,1970.6,139.0,13673.9307
55980,56040,428.61,1971.2,140.3,14166.7734
56040,56100,429.04,1971.6,142.1,14545.7803
56100,56160,428.68,1971.4,140.2,14290.2734
56160,56220,429.32,1972.1,145.0,14315.8770
56220,56280,429.28,1972.0,146.3,14229.9736
56280,56340,429.04,1971.2,139.3,13654.1367
56340,56400,429.09,1971.2,136.6,13521.6738
56400,56460,428.62,1970.7,134.7,13562.3711
56460,56520,428.38,1971.4,135.7,13944.2588
56520,56580,428.22,1971.6,139.9,14462.8984
56580,56640,433.17,1972.1,149.1,14363.0107
56640,56700,430.77,1970.6,145.3,13721.9912
56700,56760,430.80,1970.7,167.6,13632.2988
56760,56820,431.58,1970.5,174.4,13694.6855
56820,56880,428.72,1970.9,144.7,14098.0996
56880,56940,428.78,1970.9,140.2,13947.2793
56940,57000,429.10,1971.4,146.4,14181.9150
57000,57060,429.75,1970.7,146.9,13987.5117
57060,57120,429.42,1971.3,146.9,14177.1279
57120,57180,429.48,1971.2,138.9,14070.1729
57180,57240,429.99,1970.6,139.5,13851.6406
57240,57300,428.67,1971.0,138.4,14421.2744
57300,57360,429.05,1971.0,139.7,14175.1797
57360,57420,428.85,1971.0,139.5,14097.2725
57420,57480,428.70,1971.3,138.6,13997.4277
57480,57540,428.30,1971.5,142.3,14317.0664
57540,57600,428.35,1971.4,148.0,14547.6406
57600,57660,428.29,1971.6,138.7,14186.1621
57660,57720,428.35,1971.4,139.3,14132.3389
57720,57780,427.93,1970.8,135.2,14074.6846
57780,57840,428.12,1970.5,135.4,14038.2969
57840,57900,428.39,1970.7,138.7,14123.3574
57900,57960,428.13,1970.9,138.8,14422.4121
57960,58020,428.02,1970.9,140.7,14670.8730
58020,58080,427.91,1971.0,138.7,14313.3672
58080,58140,428.66,1971.0,136.4,14243.0781
58140,58200,427.94,1970.0,136.4,14053.0801
58200,58260,427.50,1970.1,133.3,14132.2012
58260,58320,427.38,1970.1,140.5,14005.4209
58320,58380,426.93,1969.4,144.3,14088.1055
58380,58440,427.18,1968.9,139.5,13769.2021
58440,58500,426.36,1969.0,139.0,14024.1992
58500,58560,426.59,1969.8,137.7,14274.8330
58560,58620,428.60,1970.4,148.5,14446.4063
58620,58680,427.82,1970.9,148.8,15304.1709
58680,58740,426.51,1971.7,140.7,14605.7793
58740,58800,426.96,1971.1,145.0,14648.0430
58800,58860,427.10,1970.9,140.8,14821.0166
58860,58920,426.73,1970.6,140.0,14679.6367
58920,58980,426.50,1969.9,140.9,14748.3701
58980,59040,426.54,1969.7,138.2,14590.7568
59040,59100,427.91,1970.3,148.8,14674.3066
59100,59160,427.23,1969.9,142.3,14537.6182
59160,59220,427.15,1970.9,146.1,15230.5381
59220,59280,427.03,1970.8,147.9,15499.8408
59280,59340,426.73,1969.9,140.3,14233.5859
59340,59400,427.54,1968.9,141.3,13831.8887
59400,59460,428.95,1969.6,150.6,14180.7305
59460,59520,428.44,1969.7,150.2,14499.9414
59520,59580,427.05,1969.2,142.9,14815.6475
59580,59640,425.62,1969.4,140.0,15090.1230
59640,59700,428.21,1969.8,165.6,14348.3418
59700,59760,426.95,1969.8,163.2,14204.7227
59760,59820,426.61,1970.1,174.4,14249.4121
59820,59880,426.02,1970.4,151.9,14326.9111
59880,59940,425.48,1970.4,141.3,14700.6094
59940,60000,425.76,1969.9,142.9,14659.8125
60000,60060,427.26,1970.1,193.7,14495.1680
60060,60120,426.00,1970.2,161.0,14795.3594
60120,60180,427.17,1970.2,147.2,14509.9971
60180,60240,426.90,1970.5,149.6,14702.2646
60240,60300,427.00,1970.5,148.0,14754.0566
60300,60360,426.13,1970.0,149.8,15046.8193
60360,60420,426.04,1970.0,146.5,14441.9814
60420,60480,425.92,1969.8,144.6,14371.3906
60480,60540,426.79,1970.1,147.6,14998.1104
60540,60600,426.05,1968.7,139.3,13769.3506
60600,60660,426.43,1968.8,143.0,14214.1992
60660,60720,426.17,1968.1,146.3,13905.7090
60720,60780,430.66,1968.6,144.8,14411.8672
60780,60840,426.94,1968.7,140.3,13774.4434
60840,60900,427.53,1969.0,141.5,14092.2646
60900,60960,426.78,1968.9,140.1,13985.7715
60960,61020,426.60,1969.0,141.4,14307.0928
61020,61080,426.65,1969.2,141.2,14174.4844
61080,61140,426.69,1969.1,150.6,14395.8086
61140,61200,427.95,1968.5,146.2,14043.2324
61200,61260,428.84,1968.5,144.7,13873.2109
61260,61320,427.47,1968.6,146.1,13700.9873
61320,61380,427.94,1968.9,147.0,13949.2852
61380,61440,426.61,1969.9,145.4,14037.3066
61440,61500,426.34,1971.3,146.7,14065.0146
61500,61560,426.56,1970.4,145.4,13945.2949
61560,61620,426.59,1969.9,144.1,13678.4531
61620,61680,427.14,1969.5,145.3,13316.0518
61680,61740,428.11,1970.1,147.4,13493.5635
61740,61800,428.59,1970.6,149.7,13803.8672
61800,61860,426.56,1971.0,146.6,14088.9053
61860,61920,426.03,1971.9,148.9,14702.2910
61920,61980,426.87,1971.5,150.9,13949.4717
61980,62040,427.05,1971.0,148.5,13809.8320
62040,62100,427.39,1971.1,151.8,13653.2207
62100,62160,427.53,1971.3,154.0,13914.7168
62160,62220,426.35,1971.0,147.7,14220.6064
62220,62280,426.34,1970.6,145.0,13990.6416
62280,62340,426.43,1971.7,146.8,14156.2188
62340,62400,426.93,1972.7,150.2,13979.1455
62400,62460,426.18,1973.3,147.4,14522.6172
62460,62520,426.69,1972.4,149.5,13884.0234
62520,62580,427.23,1974.4,153.7,14081.2354
62580,62640,427.76,1975.1,156.0,14089.5781
62640,62700,432.24,1985.3,175.7,13768.9014
62700,62760,433.36,1985.5,181.2,13537.8887
62760,62820,435.15,1989.1,189.1,13611.3330
62820,62880,433.35,1990.9,189.0,14751.7451
62880,62940,434.08,1992.1,188.6,14568.2715
62940,63000,433.73,1993.2,192.6,14499.2119
63000,63060,433.75,1991.7,189.9,14417.9463
63060,63120,434.41,1991.0,189.2,13484.7441
63120,63180,434.52,1990.7,191.5,13984.4551
63180,63240,435.43,1989.3,190.5,13578.1348
63240,63300,435.15,1987.6,186.2,13383.1582
63300,63360,433.09,1987.7,186.2,14124.9365
63360,63420,433.86,1988.2,185.8,13804.4385
63420,63480,433.32,1988.1,185.2,14330.5518
63480,63540,431.29,1980.3,168.9,13795.6152
63540,63600,429.80,1975.9,163.7,13075.7139
63600,63660,430.37,1976.7,163.4,12829.6709
63660,63720,431.89,1980.3,169.4,13117.5859
63720,63780,435.56,1982.8,183.0,12627.3916
63780,63840,434.30,1982.8,181.5,12804.7295
63840,63900,433.91,1983.7,210.9,14249.8760
63900,63960,432.58,1985.2,191.4,13756.4805
63960,64020,431.37,1984.5,181.4,14213.8486
64020,64080,431.10,1984.7,182.4,14374.6436
64080,64140,431.22,1985.0,186.1,14659.2607
64140,64200,431.34,1982.7,176.5,13752.9863
64200,64260,431.09,1981.4,174.0,13493.5430
64260,64320,430.77,1982.1,173.9,13738.5732
64320,64380,429.87,1981.9,176.9,14367.5361
64380,64440,429.42,1980.9,171.7,14319.8027
64440,64500,430.69,1982.2,173.3,13784.7461
64500,64560,430.55,1983.3,174.2,14343.9238
64560,64620,430.49,1983.9,174.2,14489.4678
64620,64680,429.13,1982.5,171.0,14924.5029
64680,64740,429.53,1981.4,168.4,14425.5293
64740,64800,427.94,1981.1,172.4,15654.3213
64800,64860,427.89,1979.3,172.7,15789.1367
64860,64920,426.76,1976.8,162.9,15011.0400
64920,64980,426.87,1975.5,158.4,14481.0205
64980,65040,427.73,1975.7,161.6,14214.2822
65040,65100,427.90,1977.0,165.0,14261.7285
65100,65160,428.32,1978.3,166.6,14299.0762
65160,65220,429.45,1978.7,166.2,13563.2080
65220,65280,428.00,1975.1,157.2,13414.9697
65280,65340,428.09,1975.2,158.7,13380.5225
65340,65400,428.47,1975.9,160.9,13344.7539
65400,65460,427.73,1975.4,159.1,13736.9824
65460,65520,428.01,1974.6,156.2,13208.1396
65520,65580,428.79,1977.8,165.2,13987.3018
65580,65640,428.77,1979.7,166.3,14176.5244
65640,65700,428.42,1979.8,165.4,14544.8223
65700,65760,428.20,1976.8,159.6,13698.9492
65760,65820,428.73,1976.4,160.7,13586.8350
65820,65880,426.83,1977.6,163.1,15006.0029
65880,65940,427.06,1978.7,163.1,15507.7139
65940,66000,428.83,1978.7,167.3,14233.2705
66000,66060,429.01,1979.3,164.6,14297.5361
66060,66120,429.39,1981.0,164.3,14136.0811
66120,66180,430.30,1983.2,167.8,14233.6230
66180,66240,431.06,1985.9,170.5,14489.2041
66240,66300,431.23,1987.0,173.0,14758.6816
66300,66360,431.40,1987.6,174.8,14838.1250
66360,66420,429.96,1987.3,171.8,15378.5234
66420,66480,429.91,1984.9,167.2,15157.0674
66480,66540,431.04,1987.7,173.5,15120.5020
66540,66600,431.32,1990.8,176.4,15453.4971
66600,66660,432.92,1999.9,179.1,15281.3994
66660,66720,433.13,2005.2,176.5,14677.0225
66720,66780,433.01,2004.7,176.5,14925.0928
66780,66840,432.47,2007.3,177.4,15026.4824
66840,66900,433.68,2015.7,176.7,14941.6592
66900,66960,435.42,2041.2,186.2,14932.9688
66960,67020,435.70,2052.7,195.1,15031.4834
67020,67080,436.19,2065.8,197.2,15494.8613
67080,67140,436.75,2084.7,198.7,15751.5791
67140,67200,436.00,2078.3,194.5,15594.3311
67200,67260,434.87,2070.0,190.3,15295.2100
67260,67320,434.88,2075.2,190.5,15437.5615
67320,67380,435.08,2084.7,190.2,15354.4893
67380,67440,433.00,2054.2,181.5,14595.1309
67440,67500,431.72,2041.6,177.0,14845.3164
