CampaignData_and_Merges/R0/CSL_MobileLab_Parked/raw/20240720/USOS-NOAAIodideCIMS-HCOOH_MobileLabGround_20240720_RA.ict
33, 1001
Michael A Robinson, Chris Jernigan, Subi Thakali
NOAA ESRL Chemical Sciences Laboratory and CIRES, U. of Colorado
NOAA Iodide CIMS Instrument
USOS
1, 1
2024, 07, 20, 2024, 07, 21
1
starttime_UTC, seconds_past_midnight, seconds_of_day_since_00:00:00_UTC
1
1
-9999
HCOOH_NOAACIMS, pptv, Gas_HCOOH_InSitu_S_AVMR, 
0
18
PI_CONTACT_INFO: 325 Broadway, R/CSD 7, Boulder, Colorado 80305; michael.a.robinson@noaa.gov; chris.jernigan@noaa.gov;
PLATFORM: NOAA CSL Mobile Lab
LOCATION: SLC, Utah
ASSOCIATED_DATA: 1Hz data also available on request.
INSTRUMENT_INFO: NOAA I- ToF CIMS
DATA_INFO: All data in parts per trillion by volume (pptv). 1 Hz data is available upon request.
UNCERTAINTY: TBD
ULOD_FLAG: -7777
ULOD_VALUE: N/A
LLOD_FLAG: -8888
LLOD_VALUE: N/A
DM_CONTACT_INFO: Nathan Howard; nathan.h.howard@noaa.gov
PROJECT_INFO: USOS, summer 2024. https://csl.noaa.gov/groups/csl7/measurements/2024usos/
STIPULATIONS_ON_USE: Users are strongly encouraged to contact the PI for proper data usage.
OTHER_COMMENTS: 
REVISION: RA
RA: Preliminary Data; For in-field use only
starttime_UTC, HCOOH_NOAACIMS
[from data line 947]
 56820, 1890.812
 56880, 1968.689
 56940, 1965.541
 57000, 1981.507
 57060, 1969.331
 57120, 2029.842
 57180, 1895.849
 57240, 1914.925
 57300, 2050.539
 57360, 1924.830
 57420, 1924.965
 57480, 1970.267
 57540, 2002.887
 57600, 2113.618
 57660, 1986.492
 57720, 1962.853
 57780, 1958.083
 57840, 2064.706
 57900, 1973.184
 57960, 2026.477
 58020, 2004.403
 58080, 1978.031
 58140, 1956.887
 58200, 1880.498
 58260, 1869.459
 58320, 1922.692
 58380, 1900.617
 58440, 1912.524
 58500, 1876.666
 58560, 1925.245
 58620, 1947.337
 58680, 1967.917
 58740, 1925.492
 58800, 1950.214
 58860, 1989.295
 58920, 1981.847
 58980, 2333.962
 59040, 1842.259
 59100, 1932.591
 59160, 1905.299
 59220, 2002.054
 59280, 2054.742
 59340, 1912.592
 59400, 1841.448
 59460, 1891.759
 59520, 1963.724
 59580, 2454.790
 59640, 2248.532
 59700, 1913.428
 59760, 1894.799
 59820, 1892.074
 59880, 1926.730
 59940, 2037.780
 60000, 1992.712
 60060, 1924.288
 60120, 1951.693
 60180, 1924.618
 60240, 1962.744
 60300, 2077.775
 60360, 2097.951
 60420, 1989.417
 60480, 1982.152
 60540, 2215.854
 60600, 1992.586
 60660, 2010.026
 60720, 1977.249
 60780, 2000.982
 60840, -9999.000
 60900, 2472.399
 60960, 2320.548
 61020, 2526.842
 61080, 2378.420
 61140, 2200.819
 61200, 1975.194
 61260, 1971.343
 61320, 2203.302
 61380, 2628.175
 61440, 2447.640
 61500, 2244.813
 61560, 2234.897
 61620, 2174.353
 61680, 2022.440
 61740, 2241.138
 61800, 2345.060
 61860, 2259.676
 61920, 2454.117
 61980, 2199.836
 62040, 2199.138
 62100, 2299.704
 62160, 2213.824
 62220, 2403.484
 62280, 2236.387
 62340, 2371.820
 62400, 2247.356
 62460, 2346.306
 62520, 2190.801
 62580, 2372.461
 62640, 2445.288
 62700, -9999.000
 62760, 2454.687
 62820, 2716.582
 62880, 2710.438
 62940, 2742.259
 63000, 2830.673
 63060, 2816.352
 63120, 2355.831
 63180, 2770.300
 63240, 2736.947
 63300, 2599.014
 63360, 2610.320
 63420, 2798.315
 63480, 2697.357
 63540, 2534.355
 63600, 2258.775
 63660, 2122.462
 63720, 2313.529
 63780, 2271.326
 63840, 2395.151
 63900, 2479.611
 63960, 2379.380
 64020, 2266.161
 64080, 2465.424
 64140, 2460.284
 64200, 2210.342
 64260, 2267.105
 64320, 2246.016
 64380, 2289.063
 64440, 2189.054
 64500, 2206.566
 64560, -9999.000
 64620, 2375.871
 64680, 2433.699
 64740, 2371.903
 64800, 2535.985
 64860, 2412.838
 64920, 2137.092
 64980, 2150.827
 65040, 2361.274
 65100, 2173.690
 65160, 2175.232
 65220, 2059.865
 65280, 2171.180
 65340, 2060.700
 65400, 1968.682
 65460, 2095.272
 65520, 1995.669
 65580, 2405.405
 65640, 2160.476
 65700, 2293.762
 65760, 2044.905
 65820, 2391.734
 65880, 2328.086
 65940, 2298.797
 66000, 2190.354
 66060, 2316.439
 66120, 2129.676
 66180, 2333.982
 66240, 2333.773
 66300, 2521.528
 66360, 2401.976
 66420, 2335.657
 66480, 2119.192
 66540, 2201.708
 66600, 2562.041
 66660, 2536.125
 66720, 2397.137
 66780, 2566.287
 66840, 2482.808
 66900, 2227.482
 66960, 2339.077
 67020, 2385.211
 67080, 2535.123
 67140, 2738.988
 67200, 2551.050
 67260, 2377.374
 67320, 2408.680
 67380, 2458.077
 67440, 2190.002
 67500, 2267.062
 67560, 2200.871
 67620, 2156.689
 67680, 2193.835
 67740, 2239.340
 67800, 2187.912
 67860, 2235.591
 67920, 2437.445
 67980, 2373.658
 68040, 2473.884
 68100, 2467.960
 68160, 2408.817
 68220, -9999.000
 68280, 2025.383
 68340, 2051.511
 68400, 2165.240
 68460, 2089.592
 68520, 2261.051
 68580, 2230.684
 68640, 2180.093
 68700, 2177.832
 68760, 2355.157
 68820, 2283.311
 68880, 2115.910
 68940, 2244.838
 69000, 2037.234
 69060, 2056.188
 69120, 2187.191
 69180, 2207.282
 69240, 2014.159
 69300, 2020.903
 69360, 2001.673
 69420, 2376.692
 69480, 2106.411
 69540, 2115.199
 69600, 2021.287
 69660, 2069.998
 69720, 1912.970
 69780, 2043.556
 69840, 2121.250
 69900, 2047.571
 69960, 2097.524
 70020, 1902.440
 70080, -9999.000
 70140, 2085.492
 70200, 1924.166
 70260, 2064.778
 70320, 2061.959
 70380, 1840.888
 70440, 2140.172
 70500, 2054.677
 70560, 1927.262
 70620, 2005.602
 70680, 2020.878
 70740, 1981.226
 70800, 1987.474
 70860, 2028.062
 70920, 1963.055
 70980, 1917.410
 71040, 2072.866
 71100, 1899.221
 71160, 1960.948
 71220, 1971.438
 71280, 1870.520
 71340, 1945.091
 71400, 2053.789
 71460, 2061.667
 71520, 2040.780
 71580, 1957.097
 71640, 1815.850
 71700, 1805.978
 71760, 1910.029
 71820, 1879.306
 71880, 1841.466
 71940, -9999.000
 72000, 1786.749
 72060, 1859.452
 72120, 1820.590
 72180, 1956.219
 72240, 2101.895
 72300, 2066.653
 72360, 1936.955
 72420, 1883.872
 72480, 1942.043
 72540, 1994.589
 72600, 1877.620
 72660, 1900.825
 72720, 1947.573
 72780, 1936.828
 72840, 1819.412
 72900, 1963.205
 72960, 1843.570
 73020, 1883.821
 73080, 1868.307
 73140, 1853.227
 73200, 1770.093
 73260, 1729.757
 73320, 1787.297
 73380, 1778.820
 73440, 1724.909
 73500, 1684.950
 73560, 1673.091
 73620, 1847.722
 73680, 1820.759
 73740, 1865.720
 73800, 1684.822
 73860, 1785.366
 73920, 1823.940
 73980, 1853.319
 74040, 1760.691
 74100, 1959.103
 74160, 1970.204
 74220, 1786.558
 74280, 1909.149
 74340, 1854.508
 74400, 1928.565
 74460, 1839.886
 74520, 1775.263
 74580, 1786.446
 74640, 1716.745
 74700, 1808.268
 74760, 1883.974
 74820, 1971.463
 74880, 1758.834
 74940, 1683.609
 75000, 1863.492
 75060, 1828.884
 75120, 1679.002
 75180, 1691.628
 75240, 1714.620
 75300, 1726.529
 75360, 1714.434
 75420, 1717.005
 75480, 1870.576
 75540, 1688.311
 75600, 1761.196
 75660, 1549.459
 75720, 1622.273
 75780, 1570.653
 75840, 1688.918
 75900, 1700.710
 75960, 1763.072
 76020, 1656.891
 76080, 1686.314
 76140, 1802.036
 76200, 1731.500
 76260, 1530.176
 76320, 1529.221
 76380, 1641.488
 76440, 1604.184
 76500, 1538.885
 76560, 1660.051
 76620, 1696.510
 76680, 1695.625
 76740, 1630.442
 76800, 1679.613
 76860, 1563.663
 76920, 1605.801
 76980, 1573.373
 77040, 1551.217
 77100, 1537.544
 77160, 1562.845
 77220, 1598.917
 77280, 1663.556
 77340, 1635.715
 77400, 1504.338
 77460, 1546.457
 77520, 1630.548
 77580, 1587.391
 77640, 1619.663
 77700, 1699.815
 77760, 1741.085
 77820, 1657.605
 77880, 1574.509
 77940, 1606.898
 78000, 1793.426
 78060, 1533.940
 78120, 1549.146
 78180, 1637.647
 78240, 1772.039
 78300, 1720.816
 78360, 1691.603
 78420, 1651.454
 78480, 1478.870
 78540, 1539.969
 78600, 1594.567
 78660, 1481.921
 78720, 1476.680
 78780, 1668.100
 78840, 1559.341
 78900, 1723.884
 78960, 1631.141
 79020, 1479.049
 79080, 1523.088
 79140, 1609.702
 79200, 1593.925
 79260, 1514.438
 79320, -9999.000
 79380, 1476.968
 79440, 1437.236
 79500, 1592.373
 79560, 1621.767
 79620, 1456.178
 79680, 1484.874
 79740, 1500.241
 79800, 1565.264
 79860, 1554.170
 79920, 1475.213
 79980, 1583.651
 80040, 1590.220
 80100, 1492.138
 80160, 1513.934
 80220, 1527.676
 80280, 1514.117
 80340, 1601.893
 80400, 1576.233
 80460, 1542.236
 80520, 1439.366
 80580, 1438.224
 80640, 1583.971
 80700, 1489.276
 80760, 1475.305
 80820, 1419.968
 80880, 1454.933
 80940, 1511.255
 81000, 1561.337
 81060, 1472.985
 81120, 1538.326
 81180, -9999.000
 81240, 1462.912
 81300, 1463.110
 81360, 1516.764
 81420, 1449.145
 81480, 1475.594
 81540, 1508.438
 81600, 1362.906
 81660, 1460.205
 81720, 1426.625
 81780, 1433.042
 81840, 1463.629
 81900, 1624.298
 81960, 1556.488
 82020, 1555.266
 82080, 1446.847
 82140, 1461.089
 82200, 1483.674
 82260, 1493.533
 82320, 1461.566
 82380, 1498.808
 82440, 1520.570
 82500, 1548.382
 82560, 1403.383
 82620, 1454.701
 82680, 1430.263
 82740, 1497.249
 82800, 1446.081
 82860, 1457.461
 82920, 1548.579
 82980, 1486.469
 83040, -9999.000
 83100, 1410.300
 83160, 1475.762
 83220, 1293.177
 83280, 1433.759
 83340, 1533.290
 83400, 1453.739
 83460, 1425.092
 83520, 1504.371
 83580, 1476.179
 83640, 1469.790
 83700, 1381.174
 83760, 1448.715
 83820, 1449.063
 83880, 1423.001
 83940, 1487.932
 84000, 1434.800
 84060, 1417.500
 84120, 1371.965
 84180, 1390.966
 84240, 1514.585
 84300, 1481.145
 84360, 1499.948
 84420, 1442.427
 84480, 1457.108
 84540, 1465.531
 84600, 1492.529
 84660, 1386.468
 84720, 1427.225
 84780, 1511.349
 84840, 1430.521
 84900, 1297.463
 84960, 1337.000
 85020, 1453.836
 85080, 1458.879
 85140, 1357.721
 85200, 1380.669
 85260, 1422.988
 85320, 1473.947
 85380, 1465.435
 85440, 1418.402
 85500, 1417.665
 85560, 1372.602
 85620, 1400.078
 85680, 1448.790
 85740, 1497.965
 85800, 1517.792
 85860, 1543.875
 85920, 1439.393
 85980, 1429.703
 86040, 1459.386
 86100, 1389.875
 86160, 1373.259
 86220, 1413.921
 86280, 1448.753
 86340, 1420.793
