CampaignData_and_Merges/R0/CSL_MobileLab_Parked/raw/20240720/USOS-jNO2_MobileLabGround_20240720_R0.ict
52,1001
Waxman, E.; Rollins, A.; Zuraski, K.; Chace, W.
NOAA Chemical Sciences Laboratory
jNO2 filter radiometer on CSL Mobile Lab
AMMBEC / USOS
1, 1
2024,07,20, 2025,04,01
60
Time_Start, seconds, number_of_seconds_since_0000_UTC
20
1, 1, 1, 1, 1, 1, 1, 1, 1, 1, 1, 1, 1, 1, 1, 1, 1, 1, 1, 1
-9999, -9999, -9999, -9999, -9999, -9999, -9999, -9999, -9999, -9999, -9999, -9999, -9999, -9999, -9999, -9999, -9999, -9999, -9999, -9999
Time_Stop, seconds, number_of_seconds_since_0000_UTC
jNO2_meas, per second, photolysis rate of NO2 measured using a filter radiometer.
jBrCl, per second, photolysis rate of BrCl -> Br + Cl calculated in TUV for cloud-free sky with local AOD
jBr2, per second, photolysis rate of Br2 -> Br + Br calculated in TUV for cloud-free sky with local AOD
jCCl4, per second, photolysis rate of CCl4 -> Products calcualted in TUV for cloud-free sky with local AOD
jCH2Oa, per second, photolysis rate of CH2O -> H + HCO calculated in TUV for cloud-free sky with local AOD
jCH2Ob, per second, photolysis rate of CH2O -> H2 + CO calculated in TUV for cloud-free sky with local AOD
jClNO2, per second, photolysis rate of ClNO2 -> Cl + NO2 calculated in TUV for cloud-free sky with local AOD
jClOa, per second, photolysis rate of ClO -> Cl + O(1D) calculated in TUV for cloud-free sky with local AOD
jClOb, per second, photolysis rate of ClO -> Cl + O(3P) calculated in TUV for cloud-free sky with local AOD
jCl2, per second, photolysis rate of Cl2 -> Cl + Cl calculated in TUV for cloud-free sky with local AOD
jHNO2, per second, photolysis rate of HNO2 -> OH + NO calculated in TUV for cloud-free sky with local AOD
jHNO3, per second, photolysis rate of HNO3 -> OH + NO2 calculated in TUV for cloud-free sky with local AOD
jI2, per second, photolysis rate of I2 -> I + I calculated in TUV for cloud-free sky with local AOD
jNO2, per second, photolysis rate of NO2 -> NO + O(3P) calculated in TUV for cloud-free sky with local AOD
jNO3a, per second, photolysis rate of NO3 -> NO + O2 calculated in TUV for cloud-free sky with local AOD
jNO3b, per second, photolysis rate of NO3 -> NO2 + O(3P) calculated in TUV for cloud-free sky with local AOD
jN2O5, per second, photolysis rate of N2O5 -> NO3 + NO + O(3P) calculated in TUV for cloud-free sky with local AOD
jO3, per second, photolysis rate of O3 -> O2 + O(1D) calculated in TUV for cloud-free sky with local AOD
AOD_500nm, unitless, UTC daily mean AOD at 500 nm from an AERONET station located at 40.178 N, -112.452 E
0
18
PI_CONTACT_INFO: eleanor.waxman@noaa.gov
PLATFORM: CSL Mobile Lab, at ground site
LOCATION: Salt Lake City, UT
ASSOCIATED_DATA:
INSTRUMENT_INFO: jNO2 filter radiometer.  TUV calculations are for mobile van lat/lon/altitude assuming clear sky (cloud AOD = 0) and daily mean AOD.
DATA_INFO:
UNCERTAINTY: Data uncertainties are +/- 20%.  These come from uncertainties in radiometer angular response, radiometer thermal response, local interferences from clouds/aerosols/shadows etc.
ULOD_FLAG: -7777
ULOD_VALUE: N/A
LLOD_FLAG: -8888
LLOD_VALUE: N/A
DM_CONTACT_INFO: eleanor.waxman@noaa.gov
PROJECT_INFO: USOS Project, July - August 2024
STIPULATIONS_ON_USE: Users are strongly encouraged to contact the PI for proper data usage.
OTHER_COMMENTS: 
REVISION: R0
R0: final data
Time_Start, Time_Stop, jNO2_meas, jBrCl, jBr2, jCCl4, jCH2Oa, jCH2Ob, jClNO2, jClOa, jClOb, jCl2, jHNO2, jHNO3, jI2, jNO2, jNO3a, jNO3b, jN2O5, jO3, AOD_500nm
[from data line 166]
    9960,   10020,0.00015732,0.0001654,0.0005462,7.686e-27,1.187e-07,3.697e-07,3.998e-06,2.709e-27,4.077e-08,2.511e-05,1.859e-05,1.348e-09,0.001907,0.0001215,0.0003183,0.002717,3.047e-07,2.996e-08,0.202
   10020,   10080,0.00014883,0.0001492,0.0004916,6.257e-27,1.074e-07,3.344e-07,3.616e-06,2.485e-27,3.739e-08,2.27e-05,1.681e-05,1.223e-09,0.001709,0.0001098,0.0002828,0.002425,2.757e-07,2.741e-08,0.202
   10080,   10140,0.00013751,0.000134,0.0004405,5.818e-27,9.693e-08,3.019e-07,3.264e-06,2.312e-27,3.424e-08,2.047e-05,1.517e-05,1.108e-09,0.001523,9.897e-05,0.0002506,0.002154,2.488e-07,2.504e-08,0.202
   10140,   10200,0.00012384,0.0001209,0.0003956,5.426e-27,8.786e-08,2.737e-07,2.959e-06,2.158e-27,3.149e-08,1.854e-05,1.375e-05,1.008e-09,0.001359,8.958e-05,0.0002222,0.001915,2.257e-07,2.298e-08,0.202
   10200,   10260,0.00011883,0.00011,0.0003586,5.094e-27,8.044e-08,2.508e-07,2.711e-06,2.027e-27,2.923e-08,1.697e-05,1.259e-05,9.262e-10,0.001222,8.193e-05,0.0001984,0.001716,2.067e-07,2.128e-08,0.202
   10260,   10320,9.8575e-05,0.0001,0.0003242,4.778e-27,7.357e-08,2.296e-07,2.482e-06,1.902e-27,2.712e-08,1.552e-05,1.153e-05,8.505e-10,0.001094,7.488e-05,0.0001759,0.001528,1.893e-07,1.971e-08,0.202
   10320,   10380,0.00010365,8.916e-05,0.0002875,4.406e-27,6.619e-08,2.063e-07,2.23e-06,1.755e-27,2.479e-08,1.392e-05,1.035e-05,7.681e-10,0.000961,6.71e-05,0.0001532,0.001336,1.701e-07,1.796e-08,0.202
   10380,   10440,9.7802e-05,7.889e-05,0.000253,4.046e-27,5.93e-08,1.844e-07,1.991e-06,1.612e-27,2.257e-08,1.24e-05,9.227e-06,6.907e-10,0.0008387,5.971e-05,0.0001327,0.001162,1.519e-07,1.631e-08,0.202
   10440,   10500,8.5593e-05,7.115e-05,0.0002266,3.764e-27,5.398e-08,1.678e-07,1.811e-06,1.501e-27,2.087e-08,1.126e-05,8.391e-06,6.313e-10,0.0007417,5.42e-05,0.0001159,0.001021,1.382e-07,1.504e-08,0.202
   10500,   10560,8.0729e-05,6.152e-05,0.0001947,3.386e-27,4.748e-08,1.469e-07,1.584e-06,1.351e-27,1.868e-08,9.823e-06,7.321e-06,5.574e-10,0.0006307,4.718e-05,9.766e-05,0.0008643,1.21e-07,1.342e-08,0.202
   10560,   10620,7.2057e-05,5.533e-05,0.0001739,3.137e-27,4.319e-08,1.334e-07,1.438e-06,1.252e-27,1.725e-08,8.901e-06,6.64e-06,5.09e-10,0.0005556,4.272e-05,8.482e-05,0.0007565,1.098e-07,1.236e-08,0.202
   10620,   10680,6.7109e-05,4.754e-05,0.0001483,2.8e-27,3.785e-08,1.163e-07,1.251e-06,1.118e-27,1.539e-08,7.721e-06,5.762e-06,4.477e-10,0.000468,3.698e-05,7.059e-05,0.0006337,9.564e-08,1.098e-08,0.202
   10680,   10740,6.354e-05,4.177e-05,0.0001293,2.533e-27,3.378e-08,1.034e-07,1.111e-06,1.011e-27,1.395e-08,6.844e-06,5.111e-06,4.01e-10,0.0004019,3.274e-05,5.958e-05,0.0005402,8.501e-08,9.924e-09,0.202
   10740,   10800,5.2648e-05,3.634e-05,0.0001116,2.283e-27,2.999e-08,9.131e-08,9.794e-07,9.119e-28,1.259e-08,6.013e-06,4.492e-06,3.573e-10,0.0003418,2.871e-05,4.987e-05,0.0004564,7.498e-08,8.927e-09,0.202
   10800,   10860,5.0299e-05,3.1e-05,9.438e-05,2.015e-27,2.618e-08,7.918e-08,8.473e-07,8.048e-28,1.117e-08,5.185e-06,3.874e-06,3.13e-10,0.0002846,2.469e-05,4.078e-05,0.0003773,6.493e-08,7.894e-09,0.202
   10860,   10920,4.5954e-05,2.649e-05,7.996e-05,1.776e-27,2.291e-08,6.881e-08,7.347e-07,7.095e-28,9.927e-09,4.48e-06,3.347e-06,2.748e-10,0.0002372,2.128e-05,3.327e-05,0.000312,5.636e-08,6.99e-09,0.202
   10920,   10980,4.3286e-05,2.3e-05,6.885e-05,1.579e-27,2.03e-08,6.063e-08,6.461e-07,6.305e-28,8.908e-09,3.928e-06,2.935e-06,2.441e-10,0.000201,1.862e-05,2.756e-05,0.0002622,4.96e-08,6.255e-09,0.202
   10980,   11040,3.8594e-05,1.974e-05,5.852e-05,1.395e-27,1.785e-08,5.294e-08,5.629e-07,5.572e-28,7.95e-09,3.41e-06,2.548e-06,2.154e-10,0.0001677,1.612e-05,2.24e-05,0.0002168,4.325e-08,5.564e-09,0.202
   11040,   11100,3.5334e-05,1.662e-05,4.881e-05,1.206e-27,1.545e-08,4.544e-08,4.817e-07,4.818e-28,6.965e-09,2.907e-06,2.171e-06,1.868e-10,0.0001375,1.369e-05,1.788e-05,0.0001762,3.706e-08,4.859e-09,0.202
   11100,   11160,3.3311e-05,1.408e-05,4.098e-05,1.043e-27,1.343e-08,3.921e-08,4.144e-07,4.165e-28,6.117e-09,2.491e-06,1.86e-06,1.627e-10,0.0001136,1.17e-05,1.438e-05,0.0001444,3.192e-08,4.256e-09,0.202
   11160,   11220,2.6684e-05,1.182e-05,3.409e-05,8.908e-28,1.159e-08,3.357e-08,3.537e-07,3.557e-28,5.325e-09,2.118e-06,1.581e-06,1.405e-10,9.291e-05,9.912e-06,1.141e-05,0.000117,2.727e-08,3.694e-09,0.202
   11220,   11280,2.6117e-05,9.761e-06,2.79e-05,7.404e-28,9.826e-09,2.826e-08,2.968e-07,2.954e-28,4.538e-09,1.77e-06,1.32e-06,1.192e-10,7.486e-05,8.254e-06,8.922e-06,9.355e-05,2.291e-08,3.141e-09,0.202
   11280,   11340,2.7908e-05,8.157e-06,2.311e-05,6.247e-28,8.432e-09,2.408e-08,2.52e-07,2.492e-28,3.913e-09,1.497e-06,1.116e-06,1.024e-10,6.109e-05,6.955e-06,7.058e-06,7.575e-05,1.948e-08,2.703e-09,0.202
   11340,   11400,2.2334e-05,6.751e-06,1.896e-05,5.187e-28,7.157e-09,2.031e-08,2.119e-07,2.068e-28,3.331e-09,1.254e-06,9.345e-07,8.688e-11,4.936e-05,5.806e-06,5.524e-06,6.073e-05,1.639e-08,2.297e-09,0.202
   11400,   11460,2.3482e-05,5.618e-06,1.565e-05,4.298e-28,6.084e-09,1.718e-08,1.788e-07,1.713e-28,2.834e-09,1.055e-06,7.858e-07,7.383e-11,4.014e-05,4.869e-06,4.363e-06,4.905e-05,1.384e-08,1.952e-09,0.202
   11460,   11520,1.9235e-05,4.731e-06,1.308e-05,3.58e-28,5.212e-09,1.467e-08,1.523e-07,1.426e-28,2.426e-09,8.968e-07,6.677e-07,6.32e-11,3.313e-05,4.128e-06,3.511e-06,4.024e-05,1.18e-08,1.669e-09,0.202
   11520,   11580,1.6649e-05,3.838e-06,1.054e-05,2.831e-28,4.306e-09,1.208e-08,1.252e-07,1.127e-28,1.989e-09,7.347e-07,5.469e-07,5.208e-11,2.64e-05,3.371e-06,2.737e-06,3.192e-05,9.698e-09,1.369e-09,0.202
   11580,   11640,1.9467e-05,3.173e-06,8.652e-06,2.284e-28,3.606e-09,1.011e-08,1.045e-07,9.085e-29,1.657e-09,6.123e-07,4.557e-07,4.354e-11,2.144e-05,2.803e-06,2.176e-06,2.58e-05,8.1e-09,1.141e-09,0.202
   11640,   11700,1.5221e-05,2.632e-06,7.144e-06,1.812e-28,3.008e-09,8.448e-09,8.724e-08,7.199e-29,1.367e-09,5.107e-07,3.801e-07,3.621e-11,1.755e-05,2.335e-06,1.754e-06,2.106e-05,6.76e-09,9.422e-10,0.202
   11700,   11760,1.9101e-05,2.143e-06,5.784e-06,1.424e-28,2.468e-09,6.938e-09,7.156e-08,5.654e-29,1.112e-09,4.184e-07,3.114e-07,2.964e-11,1.409e-05,1.911e-06,1.385e-06,1.686e-05,5.544e-09,7.672e-10,0.202
   11760,   11820,1.8083e-05,1.742e-06,4.687e-06,1.091e-28,2.004e-09,5.66e-09,5.836e-08,4.328e-29,8.902e-10,3.413e-07,2.542e-07,2.399e-11,1.135e-05,1.558e-06,1.103e-06,1.356e-05,4.519e-09,6.155e-10,0.202
   11820,   11880,1.5676e-05,1.439e-06,3.86e-06,8.58e-29,1.65e-09,4.68e-09,4.828e-08,3.402e-29,7.254e-10,2.824e-07,2.105e-07,1.971e-11,9.299e-06,1.29e-06,8.967e-07,1.109e-05,3.736e-09,5.025e-10,0.202
   11880,   11940,1.4086e-05,1.157e-06,3.1e-06,6.415e-29,1.314e-09,3.753e-09,3.875e-08,2.541e-29,5.687e-10,2.27e-07,1.695e-07,1.564e-11,7.452e-06,1.038e-06,7.171e-07,8.89e-06,2.995e-09,3.951e-10,0.202
   11940,   12000,1.3412e-05,9.388e-07,2.515e-06,4.79e-29,1.048e-09,3.02e-09,3.125e-08,1.896e-29,4.464e-10,1.834e-07,1.372e-07,1.244e-11,6.039e-06,8.416e-07,5.818e-07,7.207e-06,2.412e-09,3.112e-10,0.202
   12000,   12060,9.7407e-06,7.607e-07,2.039e-06,3.657e-29,8.392e-10,2.433e-09,2.522e-08,1.447e-29,3.546e-10,1.483e-07,1.11e-07,9.952e-12,4.902e-06,6.814e-07,4.751e-07,5.862e-06,1.945e-09,2.478e-10,0.202
   12060,   12120,9.9774e-06,6.022e-07,1.619e-06,2.655e-29,6.512e-10,1.904e-09,1.978e-08,1.05e-29,2.718e-10,1.166e-07,8.745e-08,7.707e-12,3.909e-06,5.378e-07,3.837e-07,4.692e-06,1.524e-09,1.905e-10,0.202
   12120,   12180,1.3309e-05,4.745e-07,1.282e-06,1.916e-29,5.02e-10,1.479e-09,1.542e-08,7.573e-30,2.077e-10,9.118e-08,6.845e-08,5.934e-12,3.117e-06,4.218e-07,3.112e-07,3.759e-06,1.186e-09,1.46e-10,0.202
   12180,   12240,1.2058e-05,3.775e-07,1.025e-06,1.399e-29,3.906e-10,1.159e-09,1.212e-08,5.53e-30,1.608e-10,7.189e-08,5.404e-08,4.616e-12,2.518e-06,3.338e-07,2.57e-07,3.055e-06,9.314e-10,1.133e-10,0.202
   12240,   12300,9.1646e-06,2.939e-07,8.043e-07,9.985e-30,2.973e-10,8.875e-10,9.31e-09,3.949e-30,1.226e-10,5.54e-08,4.168e-08,3.518e-12,2.001e-06,2.582e-07,2.104e-07,2.45e-06,7.148e-10,8.653e-11,0.202
   12300,   12360,8.8922e-06,2.268e-07,6.262e-07,7.089e-30,2.247e-10,6.729e-10,7.082e-09,2.806e-30,9.366e-11,4.228e-08,3.182e-08,2.667e-12,1.587e-06,1.978e-07,1.737e-07,1.965e-06,5.435e-10,6.611e-11,0.202
   12360,   12420,1.2714e-05,1.774e-07,4.947e-07,5.109e-30,1.722e-10,5.161e-10,5.451e-09,2.025e-30,7.317e-11,3.264e-08,2.458e-08,2.054e-12,1.28e-06,1.533e-07,1.465e-07,1.607e-06,4.182e-10,5.158e-11,0.202
   12420,   12480,1.1125e-05,1.347e-07,3.806e-07,3.603e-30,1.291e-10,3.848e-10,4.075e-09,1.43e-30,5.687e-11,2.446e-08,1.84e-08,1.553e-12,1.014e-06,1.152e-07,1.233e-07,1.298e-06,3.129e-10,3.993e-11,0.202
   12480,   12540,9.562e-06,1.025e-07,2.941e-07,2.542e-30,9.734e-11,2.868e-10,3.046e-09,1.011e-30,4.506e-11,1.831e-08,1.375e-08,1.185e-12,8.113e-07,8.647e-08,1.054e-07,1.061e-06,2.342e-10,3.144e-11,0.202
   12540,   12600,9.8568e-06,7.946e-08,2.321e-07,1.828e-30,7.525e-11,2.179e-10,2.319e-09,7.287e-31,3.692e-11,1.396e-08,1.046e-08,9.287e-13,6.656e-07,6.608e-08,9.24e-08,8.912e-07,1.788e-10,2.556e-11,0.202
   12600,   12660,7.7891e-06,6.121e-08,1.827e-07,1.295e-30,5.821e-11,1.642e-10,1.751e-09,5.173e-31,3.062e-11,1.055e-08,7.87e-09,7.307e-13,5.484e-07,5e-08,8.167e-08,7.535e-07,1.354e-10,2.099e-11,0.202
   12660,   12720,1.0745e-05,4.787e-08,1.464e-07,8.953e-31,4.595e-11,1.255e-10,1.34e-09,3.583e-31,2.584e-11,8.071e-09,5.99e-09,5.866e-13,4.611e-07,3.83e-08,7.331e-08,6.497e-07,1.041e-10,1.753e-11,0.202
   12720,   12780,8.9726e-06,3.829e-08,1.202e-07,6.295e-31,3.708e-11,9.774e-11,1.045e-09,2.52e-31,2.212e-11,6.296e-09,4.642e-09,4.808e-13,3.973e-07,2.991e-08,6.673e-08,5.723e-07,8.156e-11,1.486e-11,0.202
   12780,   12840,1.029e-05,3.078e-08,9.93e-08,4.287e-31,3.039e-11,7.686e-11,8.208e-10,1.712e-31,1.895e-11,4.938e-09,3.61e-09,3.984e-13,3.449e-07,2.344e-08,6.086e-08,5.072e-07,6.443e-11,1.26e-11,0.202
   12840,   12900,9.8925e-06,2.573e-08,8.506e-08,2.759e-31,2.553e-11,6.262e-11,6.685e-10,1.091e-31,1.613e-11,4.024e-09,2.92e-09,3.355e-13,3.069e-07,1.911e-08,5.591e-08,4.576e-07,5.268e-11,1.064e-11,0.202
   12900,   12960,7.8918e-06,2.204e-08,7.446e-08,1.694e-31,2.164e-11,5.211e-11,5.565e-10,6.578e-32,1.348e-11,3.36e-09,2.424e-09,2.828e-13,2.766e-07,1.599e-08,5.134e-08,4.157e-07,4.394e-11,8.846e-12,0.202
   12960,   13020,1.0393e-05,1.922e-08,6.603e-08,9.164e-32,1.838e-11,4.407e-11,4.714e-10,3.44e-32,1.097e-11,2.862e-09,2.056e-09,2.369e-13,2.501e-07,1.366e-08,4.683e-08,3.773e-07,3.72e-11,7.178e-12,0.202
   13020,   13080,9.9096e-06,1.696e-08,5.897e-08,3.625e-32,1.531e-11,3.739e-11,4.017e-10,1.268e-32,8.372e-12,2.463e-09,1.77e-09,1.925e-13,2.255e-07,1.185e-08,4.221e-08,3.4e-07,3.157e-11,5.482e-12,0.202
   13080,   13140,6.3913e-06,1.519e-08,5.322e-08,1.089e-32,1.277e-11,3.219e-11,3.481e-10,3.426e-33,6.252e-12,2.161e-09,1.557e-09,1.559e-13,2.04e-07,1.048e-08,3.797e-08,3.066e-07,2.719e-11,4.116e-12,0.202
   13140,   13200,6.0474e-06,1.34e-08,4.721e-08,1.284e-33,1.008e-11,2.69e-11,2.942e-10,3.371e-34,4.135e-12,1.858e-09,1.347e-09,1.182e-13,1.806e-07,9.127e-09,3.329e-08,2.7e-07,2.276e-11,2.767e-12,0.202
   13200,   13260,1.0924e-05,1.173e-08,4.156e-08,4.475e-35,7.692e-12,2.213e-11,2.456e-10,9.289e-36,2.515e-12,1.583e-09,1.157e-09,8.629e-14,1.583e-07,7.896e-09,2.878e-08,2.35e-07,1.88e-11,1.748e-12,0.202
   13260,   13320,6.5387e-06,1.006e-08,3.584e-08,4.09e-37,5.622e-12,1.763e-11,1.996e-10,6.487e-38,1.432e-12,1.316e-09,9.687e-10,6.071e-14,1.359e-07,6.67e-09,2.431e-08,2.001e-07,1.51e-11,1.069e-12,0.202
   13320,   13380,6.0966e-06,8.336e-09,2.996e-08,2.308e-40,3.759e-12,1.326e-11,1.544e-10,2.672e-41,6.998e-13,1.047e-09,7.781e-10,3.936e-14,1.129e-07,5.422e-09,1.973e-08,1.643e-07,1.154e-11,6.026e-13,0.202
   13380,   13440,9.7764e-06,6.69e-09,2.431e-08,2.803e-45,2.324e-12,9.418e-12,1.14e-10,0,3.121e-13,7.988e-10,5.991e-10,2.412e-14,9.093e-08,4.241e-09,1.542e-08,1.303e-07,8.423e-12,3.317e-13,0.202
   13440,   13500,8.4322e-06,5.16e-09,1.901e-08,0,1.354e-12,6.345e-12,8.041e-11,0,1.357e-13,5.828e-10,4.398e-10,1.428e-14,7.072e-08,3.174e-09,1.164e-08,9.983e-08,5.881e-12,1.823e-13,0.202
   13500,   13560,5.6455e-06,3.636e-09,1.368e-08,0,6.511e-13,3.683e-12,4.995e-11,0,4.758e-14,3.793e-10,2.869e-10,7.226e-15,5.076e-08,2.132e-09,8.046e-09,7.027e-08,3.616e-12,8.602e-14,0.202
   13560,   13620,9.7318e-06,2.302e-09,8.937e-09,0,2.513e-13,1.797e-12,2.677e-11,0,1.335e-14,2.162e-10,1.624e-10,3.076e-15,3.33e-08,1.259e-09,5.085e-09,4.515e-08,1.921e-12,3.423e-14,0.202
   13620,   13680,6.3645e-06,1.294e-09,5.251e-09,0,7.683e-14,7.212e-13,1.214e-11,0,3.037e-15,1.064e-10,7.798e-11,1.088e-15,1.996e-08,6.406e-10,2.985e-09,2.663e-08,8.663e-13,1.132e-14,0.202
   13680,   13740,4.4576e-06,5.557e-10,2.418e-09,0,1.459e-14,1.872e-13,3.771e-12,0,4.453e-16,3.771e-11,2.577e-11,2.505e-16,9.745e-09,2.32e-10,1.504e-09,1.301e-08,2.696e-13,2.422e-15,0.202
   13740,   13800,8.4032e-06,1.569e-10,7.667e-10,0,1.275e-15,2.288e-14,6.173e-13,0,3.152e-17,7.962e-12,4.498e-12,2.734e-17,3.562e-09,4.735e-11,6.432e-10,4.975e-09,4.525e-14,2.422e-16,0.202
   13800,   13860,9.4504e-06,3.318e-11,1.903e-10,0,4.858e-17,1.227e-15,5.442e-14,0,1.024e-18,1.158e-12,4.149e-13,1.31e-18,1.116e-09,5.631e-12,2.714e-10,1.734e-09,4.343e-15,1.042e-17,0.202
   13860,   13920,1.0241e-05,5.781e-12,3.981e-11,0,6.78e-19,2.619e-17,2.695e-15,0,1.23e-20,1.366e-13,2.017e-14,2.42e-20,3.089e-10,3.988e-13,1.097e-10,5.603e-10,2.639e-16,1.641e-19,0.202
   13920,   13980,8.3473e-06,7.751e-13,6.621e-12,0,1.657e-21,1.315e-19,5.74e-17,0,2.268e-23,1.21e-14,3.692e-16,9.558e-23,6.998e-11,1.284e-14,3.854e-11,1.548e-10,8.455e-18,4.804e-22,0.202
   13980,   14040,6.3199e-06,9.303e-14,9.998e-13,0,9.35e-25,2.083e-22,6.716e-19,0,8.198e-27,9.474e-16,3.187e-18,1.056e-25,1.395e-11,2.288e-16,1.167e-11,3.768e-11,1.759e-19,3.285e-25,0.202
   14040,   14100,5.1498e-06,4.44e-15,6.21e-14,0,2.4e-29,2.545e-26,1.344e-21,0,8.856e-32,2.751e-17,3.921e-21,7.308e-30,1.129e-12,7.675e-19,1.453e-12,3.725e-12,7.699e-22,1.011e-29,0.202
   14100,   14160,8.4054e-06,4.333e-19,9.367e-18,0,8.644e-39,9.463e-35,3.851e-28,0,6.264e-42,1.141e-21,5.03e-28,1.144e-38,2.654e-16,5.253e-25,6.623e-16,1.112e-15,7.697e-28,4.004e-39,0.202
   14160,   14220,1.0303e-05,0,0,0,0,0,0,0,0,0,0,0,0,0,0,0,0,0,0.202
   14220,   14280,6.5388e-06,0,0,0,0,0,0,0,0,0,0,0,0,0,0,0,0,0,0.202
   14280,   14340,9.4861e-06,0,0,0,0,0,0,0,0,0,0,0,0,0,0,0,0,0,0.202
   14340,   14400,8.5484e-06,0,0,0,0,0,0,0,0,0,0,0,0,0,0,0,0,0,0.202
   14400,   14460,5.3151e-06,0,0,0,0,0,0,0,0,0,0,0,0,0,0,0,0,0,0.202
   14460,   14520,7.248e-06,0,0,0,0,0,0,0,0,0,0,0,0,0,0,0,0,0,0.202
   14520,   14580,7.4229e-06,0,0,0,0,0,0,0,0,0,0,0,0,0,0,0,0,0,0.202
   14580,   14640,8.267e-06,0,0,0,0,0,0,0,0,0,0,0,0,0,0,0,0,0,0.202
   14640,   14700,9.0261e-06,0,0,0,0,0,0,0,0,0,0,0,0,0,0,0,0,0,0.202
   14700,   14760,8.4769e-06,0,0,0,0,0,0,0,0,0,0,0,0,0,0,0,0,0,0.202
   14760,   14820,8.6286e-06,0,0,0,0,0,0,0,0,0,0,0,0,0,0,0,0,0,0.202
   14820,   14880,6.0206e-06,0,0,0,0,0,0,0,0,0,0,0,0,0,0,0,0,0,0.202
   14880,   14940,5.3553e-06,0,0,0,0,0,0,0,0,0,0,0,0,0,0,0,0,0,0.202
   14940,   15000,9.7184e-06,0,0,0,0,0,0,0,0,0,0,0,0,0,0,0,0,0,0.202
   15000,   15060,7.8516e-06,0,0,0,0,0,0,0,0,0,0,0,0,0,0,0,0,0,0.202
   15060,   15120,1.2795e-05,0,0,0,0,0,0,0,0,0,0,0,0,0,0,0,0,0,0.202
   15120,   15180,7.775e-06,0,0,0,0,0,0,0,0,0,0,0,0,0,0,0,0,0,0.202
   15180,   15240,4.0691e-06,0,0,0,0,0,0,0,0,0,0,0,0,0,0,0,0,0,0.202
   15240,   15300,8.343e-06,0,0,0,0,0,0,0,0,0,0,0,0,0,0,0,0,0,0.202
   15300,   15360,6.4359e-06,0,0,0,0,0,0,0,0,0,0,0,0,0,0,0,0,0,0.202
   15360,   15420,8.3742e-06,0,0,0,0,0,0,0,0,0,0,0,0,0,0,0,0,0,0.202
   15420,   15480,9.9863e-06,0,0,0,0,0,0,0,0,0,0,0,0,0,0,0,0,0,0.202
   15480,   15540,7.2934e-06,0,0,0,0,0,0,0,0,0,0,0,0,0,0,0,0,0,0.202
   15540,   15600,7.8606e-06,0,0,0,0,0,0,0,0,0,0,0,0,0,0,0,0,0,0.202
   15600,   15660,5.0114e-06,0,0,0,0,0,0,0,0,0,0,0,0,0,0,0,0,0,0.202
   15660,   15720,8.9145e-06,0,0,0,0,0,0,0,0,0,0,0,0,0,0,0,0,0,0.202
   15720,   15780,9.3699e-06,0,0,0,0,0,0,0,0,0,0,0,0,0,0,0,0,0,0.202
