CampaignData_and_Merges/R0/CSL_MobileLab_Parked/raw/20240720/USOS-NOAAIodideCIMS-Halogens_MobileLabGround_20240720_RA.ict
38, 1001
Michael A Robinson, Chris Jernigan, Subi Thakali
NOAA ESRL Chemical Sciences Laboratory and CIRES, U. of Colorado
NOAA Iodide CIMS Instrument
USOS
1, 1
2024, 07, 20, 2024, 07, 21
1
starttime_UTC, seconds_past_midnight, seconds_of_day_since_00:00:00_UTC
6
1, 1, 1, 1, 1, 1
-9999, -9999, -9999, -9999, -9999, -9999
Br2_NOAACIMS, pptv, Gas_Br2_InSitu_S_AVMR, 
BrO_NOAACIMS, pptv, Gas_BrO_InSitu_S_AVMR, 
Cl2_NOAACIMS, pptv, Gas_Cl2_InSitu_S_AVMR, 
ClNO2_NOAACIMS, pptv, Gas_ClNO2_InSitu_S_AVMR, 
BrCl_NOAACIMS, pptv, Gas_BrCl_InSitu_S_AVMR, 
NCl3_NOAACIMS, pptv, Gas_NCl3_InSitu_S_AVMR, 
0
18
PI_CONTACT_INFO: 325 Broadway, R/CSD 7, Boulder, Colorado 80305; michael.a.robinson@noaa.gov; chris.jernigan@noaa.gov;
PLATFORM: NOAA CSL Mobile Lab
LOCATION: SLC, Utah
ASSOCIATED_DATA: 1Hz data also available on request.
INSTRUMENT_INFO: NOAA I- ToF CIMS
DATA_INFO: All data in parts per trillion by volume (pptv). 1 Hz data is available upon request.
UNCERTAINTY: TBD
ULOD_FLAG: -7777
ULOD_VALUE: N/A
LLOD_FLAG: -8888
LLOD_VALUE: N/A
DM_CONTACT_INFO: Nathan Howard; nathan.h.howard@noaa.gov
PROJECT_INFO: USOS, summer 2024. https://csl.noaa.gov/groups/csl7/measurements/2024usos/
STIPULATIONS_ON_USE: Users are strongly encouraged to contact the PI for proper data usage.
OTHER_COMMENTS: 
REVISION: RA
RA: Preliminary Data; For in-field use only
starttime_UTC, Br2_NOAACIMS, BrO_NOAACIMS, Cl2_NOAACIMS, ClNO2_NOAACIMS, BrCl_NOAACIMS, NCl3_NOAACIMS
     0,  1.395, -0.000,  1.418, -0.049,  0.086,  0.021
    60,  2.653,  0.252,  1.310,  0.022,  0.287,  0.548
   120,  2.621,  0.288,  1.343,  0.001,  0.262,  0.622
   180,  1.174,  0.056,  1.327, -0.031,  0.077,  0.187
   240,  0.767,  0.029,  1.055, -0.028,  0.029,  0.004
   300,  1.905,  0.154,  1.177,  0.009,  0.196,  0.208
   360,  0.777,  0.047,  1.086, -0.012,  0.074,  0.212
   420,  2.411,  0.326,  1.439,  0.026,  0.248,  0.478
   480,  1.886,  0.274,  1.365,  0.013,  0.244,  0.495
   540,  2.286,  0.285,  1.321,  0.056,  0.270,  0.608
   600,  1.045,  0.120,  1.239, -0.000,  0.143,  0.304
   660,  1.306,  0.085,  1.357,  0.011,  0.107,  0.380
   720,  0.969,  0.183,  1.375,  0.014,  0.132,  0.457
   780,  1.854,  0.295,  1.469,  0.017,  0.205,  0.270
   840,  1.759,  0.199,  1.277,  0.055,  0.199,  0.321
   900,  1.740,  0.201,  1.274,  0.081,  0.185,  0.385
   960,  1.651,  0.250,  1.316,  0.063,  0.219,  0.167
  1020,  1.688,  0.245,  1.416,  0.066,  0.234,  0.319
  1080,  1.658,  0.269,  1.535,  0.027,  0.173,  0.340
  1140,  1.563,  0.163,  1.387,  0.066,  0.164,  0.232
  1200,  1.600,  0.265,  1.243,  0.042,  0.159,  0.297
  1260,  1.572,  0.183,  1.375,  0.048,  0.215,  0.274
  1320,  1.290,  0.230,  1.128,  0.047,  0.226,  0.388
  1380,  1.298,  0.194,  1.215,  0.046,  0.166,  0.270
  1440,  1.326,  0.234,  1.311,  0.042,  0.171,  0.123
  1500,  1.195,  0.229,  1.310,  0.027,  0.192,  0.147
  1560,  1.047,  0.312,  1.216,  0.093,  0.177,  0.315
  1620,  1.204,  0.186,  1.202,  0.098,  0.170,  0.181
  1680,  0.953,  0.293,  1.134,  0.085,  0.149,  0.139
  1740, -9999.000, -9999.000, -9999.000, -9999.000, -9999.000, -9999.000
  1800,  0.869,  0.133,  1.359,  0.056,  0.181,  0.320
  1860,  1.002,  0.198,  1.265,  0.071,  0.227,  0.235
  1920,  0.912,  0.183,  1.292,  0.056,  0.192,  0.190
  1980,  1.304,  0.216,  1.422,  0.085,  0.221,  0.241
  2040,  1.067,  0.162,  1.264,  0.061,  0.199,  0.478
  2100,  1.045,  0.221,  1.202,  0.072,  0.224,  0.584
  2160,  1.179,  0.215,  1.350,  0.067,  0.166,  0.321
  2220,  1.163,  0.218,  1.312,  0.080,  0.244,  0.053
  2280,  1.135,  0.216,  1.287,  0.054,  0.249,  0.158
  2340,  1.188,  0.220,  1.363,  0.091,  0.246,  0.224
  2400,  1.031,  0.232,  1.320,  0.034,  0.179,  0.365
  2460,  1.087,  0.195,  1.273,  0.072,  0.220,  0.078
  2520,  1.108,  0.192,  1.263,  0.055,  0.209,  0.199
  2580,  1.145,  0.213,  1.268,  0.043,  0.227,  0.163
  2640,  1.285,  0.183,  1.363,  0.055,  0.239,  0.196
  2700,  1.102,  0.167,  1.482,  0.074,  0.207,  0.105
  2760,  1.496,  0.212,  1.376,  0.084,  0.292,  0.159
  2820,  1.283,  0.159,  1.443,  0.081,  0.223,  0.034
  2880,  1.311,  0.215,  1.355,  0.042,  0.219, -0.026
  2940,  1.217,  0.359,  1.370,  0.094,  0.248,  0.376
  3000,  1.196,  0.164,  1.354,  0.060,  0.205,  0.102
  3060,  1.177,  0.247,  1.529,  0.130,  0.255,  0.185
  3120,  1.268,  0.160,  1.450,  0.070,  0.237,  0.764
  3180,  1.210,  0.195,  1.626,  0.105,  0.224,  0.458
  3240,  1.234,  0.219,  1.489,  0.067,  0.267,  0.412
  3300,  1.328,  0.203,  1.464,  0.113,  0.261,  0.498
  3360,  1.229,  0.241,  1.545,  0.064,  0.204,  0.251
  3420,  1.351,  0.279,  1.544,  0.064,  0.243,  0.222
  3480,  1.223,  0.286,  1.546,  0.050,  0.222,  0.129
  3540,  1.313,  0.281,  1.395,  0.044,  0.174,  0.188
  3600,  1.206,  0.229,  1.504,  0.043,  0.153,  0.052
  3660,  1.237,  0.217,  1.543,  0.076,  0.238,  0.339
  3720,  1.233,  0.115,  1.388,  0.081,  0.154,  0.151
  3780,  1.317,  0.250,  1.461,  0.074,  0.219,  0.343
  3840,  1.197,  0.164,  1.443,  0.101,  0.184,  0.474
  3900,  1.186,  0.256,  1.198,  0.099,  0.214,  0.538
  3960,  1.245,  0.182,  1.120,  0.104,  0.188,  0.317
  4020,  1.240,  0.221,  1.343,  0.144,  0.199,  0.431
  4080,  1.204,  0.243,  1.217,  0.140,  0.223,  0.563
  4140,  1.341,  0.143,  1.392,  0.130,  0.179,  0.350
  4200,  1.096,  0.186,  1.435,  0.117,  0.225,  0.686
  4260,  1.029,  0.180,  1.261,  0.076,  0.201,  0.131
  4320,  1.293,  0.186,  1.365,  0.118,  0.171,  0.142
  4380,  1.180,  0.273,  1.416,  0.136,  0.253,  0.150
  4440,  1.053,  0.265,  1.375,  0.147,  0.194,  0.263
  4500,  1.180,  0.211,  1.354,  0.173,  0.202,  0.149
  4560,  1.359,  0.191,  1.615,  0.201,  0.204,  0.310
  4620,  1.124,  0.174,  1.498,  0.183,  0.215,  0.085
  4680,  1.276,  0.199,  1.555,  0.215,  0.230,  0.480
  4740,  1.386,  0.260,  1.412,  0.162,  0.176,  0.547
  4800,  1.023,  0.207,  1.330,  0.174,  0.240,  0.182
  4860,  1.192,  0.333,  1.555,  0.179,  0.236,  0.810
  4920,  1.216,  0.153,  1.580,  0.175,  0.181,  0.386
  4980,  1.297,  0.198,  1.553,  0.193,  0.156,  0.125
  5040,  1.318,  0.223,  1.655,  0.159,  0.209,  0.392
  5100,  1.368,  0.129,  1.541,  0.144,  0.263,  0.115
  5160,  1.324,  0.215,  1.616,  0.182,  0.210,  0.643
  5220,  1.280,  0.232,  1.619,  0.208,  0.274,  0.680
  5280,  1.236,  0.262,  1.653,  0.144,  0.198,  0.365
  5340,  1.159,  0.255,  1.718,  0.115,  0.234,  0.479
  5400, -9999.000, -9999.000, -9999.000, -9999.000, -9999.000, -9999.000
  5460,  1.007,  0.252,  1.579,  0.102,  0.198,  1.015
  5520,  1.080,  0.094,  1.621,  0.098,  0.251,  1.192
  5580,  1.181,  0.183,  1.608,  0.065,  0.197,  0.889
  5640,  1.281,  0.121,  1.695,  0.075,  0.231,  0.777
  5700,  1.174,  0.206,  1.649,  0.068,  0.253,  0.652
  5760,  1.161,  0.142,  1.652,  0.114,  0.249,  0.949
  5820,  1.367,  0.177,  1.777,  0.145,  0.217,  0.871
  5880,  1.263,  0.139,  1.446,  0.079,  0.230,  0.293
  5940,  1.274,  0.283,  1.557,  0.099,  0.267,  0.415
  6000,  1.264,  0.119,  1.629,  0.112,  0.204,  0.540
  6060,  1.210,  0.270,  1.388,  0.062,  0.235,  0.497
  6120,  1.150,  0.171,  1.570,  0.081,  0.228,  0.597
  6180,  1.254,  0.267,  1.425,  0.084,  0.227,  0.574
  6240,  1.128,  0.130,  1.452,  0.060,  0.251,  0.431
  6300,  1.256,  0.149,  1.407,  0.095,  0.274,  0.359
  6360,  1.105,  0.111,  1.489,  0.105,  0.223,  0.466
  6420,  1.262,  0.193,  1.445,  0.099,  0.221,  0.687
  6480,  1.188,  0.259,  1.512,  0.056,  0.294,  0.618
  6540,  1.318,  0.176,  1.587,  0.111,  0.217,  0.799
  6600,  1.300,  0.265,  1.537,  0.052,  0.231,  0.465
  6660,  1.151,  0.263,  1.526,  0.102,  0.282,  0.516
  6720,  1.071,  0.204,  1.671,  0.087,  0.254,  0.789
  6780,  1.229,  0.086,  1.674,  0.069,  0.290,  1.042
  6840,  1.216,  0.234,  1.744,  0.093,  0.304,  1.114
  6900,  1.260,  0.241,  1.668,  0.110,  0.294,  0.668
  6960,  1.166,  0.199,  1.722,  0.219,  0.284,  0.795
  7020,  1.181,  0.164,  1.666,  0.173,  0.274,  1.022
  7080,  1.167,  0.264,  1.633,  0.142,  0.224,  1.575
  7140,  1.060,  0.160,  1.519,  0.138,  0.321,  0.723
  7200,  1.288,  0.136,  1.584,  0.165,  0.307,  1.055
  7260, -9999.000, -9999.000, -9999.000, -9999.000, -9999.000, -9999.000
  7320,  1.200,  0.246,  1.839,  0.264,  0.279,  2.981
  7380,  1.298,  0.181,  1.839,  0.274,  0.305,  2.260
  7440,  1.127,  0.238,  1.694,  0.295,  0.268,  1.831
  7500,  1.169,  0.238,  1.839,  0.378,  0.276,  1.641
  7560,  1.202,  0.125,  1.953,  0.420,  0.244,  1.458
  7620,  1.089,  0.221,  1.673,  0.505,  0.243,  0.827
  7680,  1.276,  0.149,  1.939,  0.483,  0.303,  1.299
  7740,  1.228,  0.078,  1.723,  0.563,  0.343,  0.851
  7800,  1.306,  0.232,  1.623,  0.494,  0.265,  1.001
  7860,  1.192,  0.139,  1.890,  0.446,  0.280,  1.180
  7920,  1.254,  0.152,  2.397,  0.539,  0.336,  2.256
  7980,  1.132,  0.216,  2.867,  0.517,  0.350,  3.665
  8040,  1.189,  0.129,  2.910,  0.585,  0.315,  4.654
  8100,  1.215,  0.155,  2.587,  0.429,  0.277,  3.418
  8160,  1.068,  0.148,  2.814,  0.491,  0.320,  3.027
  8220,  1.100,  0.085,  2.932,  0.489,  0.339,  2.979
  8280,  1.150,  0.099,  3.236,  0.391,  0.370,  4.007
  8340,  1.011,  0.085,  2.678,  0.437,  0.322,  2.883
  8400,  1.081,  0.109,  2.471,  0.470,  0.265,  2.322
  8460,  0.989,  0.172,  2.186,  0.317,  0.295,  2.157
  8520,  0.994,  0.167,  2.223,  0.306,  0.268,  2.252
  8580,  1.048,  0.087,  2.415,  0.345,  0.277,  2.893
  8640,  1.117,  0.101,  2.427,  0.269,  0.309,  3.014
  8700,  1.205,  0.242,  2.252,  0.220,  0.310,  2.884
  8760,  1.017,  0.058,  2.138,  0.224,  0.275,  2.067
  8820,  0.923,  0.129,  1.879,  0.187,  0.279,  1.300
  8880,  1.173,  0.111,  2.111,  0.205,  0.319,  1.993
  8940,  1.073,  0.233,  2.194,  0.254,  0.308,  2.352
  9000,  1.095,  0.148,  2.218,  0.177,  0.312,  2.682
  9060,  1.161,  0.227,  1.651,  0.127,  0.338,  1.425
  9120, -9999.000, -9999.000, -9999.000, -9999.000, -9999.000, -9999.000
  9180, -9999.000,  0.115,  2.184,  0.179,  0.285,  2.857
  9240, -9999.000,  0.144,  2.145,  0.172,  0.282,  2.552
  9300, -9999.000,  0.150,  2.028,  0.225,  0.276,  2.063
  9360, -9999.000,  0.093,  1.734,  0.151,  0.297,  1.374
  9420, -9999.000,  0.101,  1.635,  0.166,  0.300,  1.247
  9480, -9999.000, -0.003,  1.349,  0.045,  0.189,  0.792
  9540, -9999.000, -0.009,  1.227,  0.042,  0.150,  0.491
  9600, -9999.000, -0.028,  1.291,  0.043,  0.078,  0.512
  9660, -9999.000, -0.093,  1.189, -0.011,  0.006,  0.242
  9720, -9999.000, -0.091,  1.294,  0.006,  0.004,  0.277
  9780, -9999.000, -0.049,  1.264,  0.007,  0.115,  0.547
  9840, -9999.000,  0.070,  1.304,  0.110,  0.247,  1.012
  9900, -9999.000,  0.045,  1.312,  0.098,  0.157,  0.883
  9960, -9999.000, -0.079,  1.117,  0.018, -0.023,  0.104
 10020, -9999.000, -0.068,  1.286,  0.003, -0.013,  0.463
 10080, -9999.000, -0.059,  1.228,  0.005, -0.008,  0.921
 10140, -9999.000, -0.000,  1.168,  0.041,  0.091,  1.443
 10200, -9999.000, -0.031,  1.383,  0.023,  0.044,  1.432
 10260, -9999.000, -0.009,  1.668,  0.052,  0.167,  4.139
 10320, -9999.000,  0.009,  1.793,  0.023,  0.091,  5.762
 10380,  0.836, -0.037,  1.804,  0.031,  0.089,  6.418
 10440,  1.000, -0.001,  2.001,  0.098,  0.211,  6.624
 10500,  1.104, -0.016,  1.956,  0.056,  0.153,  6.497
 10560,  1.150,  0.000,  1.995,  0.057,  0.118,  6.315
 10620,  1.277,  0.029,  2.027,  0.080,  0.193,  6.646
 10680,  1.179,  0.024,  2.000,  0.064,  0.190,  6.273
 10740,  1.031, -0.002,  1.841,  0.093,  0.129,  5.258
 10800,  1.139,  0.019,  1.758,  0.048,  0.128,  4.923
 10860,  1.046,  0.021,  1.795,  0.097,  0.143,  4.697
 10920,  1.252,  0.115,  1.746,  0.075,  0.304,  4.200
 10980,  1.161,  0.075,  1.542,  0.074,  0.172,  2.754
 11040,  1.336,  0.115,  1.565,  0.065,  0.247,  2.802
 11100,  1.575,  0.240,  1.483,  0.120,  0.314,  3.049
 11160,  1.271,  0.182,  1.495,  0.077,  0.236,  2.611
 11220,  1.222,  0.139,  1.408,  0.060,  0.324,  2.127
 11280,  1.489,  0.237,  1.354,  0.082,  0.294,  1.992
 11340,  1.270,  0.260,  1.346,  0.109,  0.314,  1.894
 11400,  1.573,  0.207,  1.443,  0.110,  0.337,  1.770
 11460,  1.375,  0.211,  1.197,  0.054,  0.224,  1.497
 11520,  1.471,  0.256,  1.316,  0.092,  0.333,  1.615
 11580,  1.635,  0.235,  1.340,  0.114,  0.305,  1.773
 11640,  1.370,  0.191,  1.454,  0.063,  0.317,  1.885
 11700,  1.552,  0.150,  1.545,  0.092,  0.395,  2.117
 11760,  1.537,  0.089,  1.641,  0.100,  0.282,  2.337
 11820,  0.948,  0.270,  1.594,  0.081,  0.285,  2.391
 11880,  1.511,  0.166,  1.644,  0.094,  0.317,  3.208
 11940,  1.571,  0.179,  1.611,  0.122,  0.355,  3.130
 12000,  1.399,  0.091,  1.538,  0.089,  0.334,  2.997
 12060,  1.390,  0.213,  1.559,  0.101,  0.384,  3.386
 12120,  1.451,  0.201,  1.583,  0.115,  0.346,  3.374
 12180,  1.588,  0.146,  1.541,  0.125,  0.305,  3.860
 12240,  1.246,  0.151,  1.537,  0.114,  0.375,  3.609
 12300,  1.304,  0.144,  1.466,  0.093,  0.317,  3.811
 12360,  1.360,  0.216,  1.545,  0.068,  0.357,  3.698
 12420,  1.263,  0.192,  1.637,  0.093,  0.395,  4.005
 12480,  1.337,  0.168,  1.567,  0.091,  0.382,  3.879
 12540,  1.400,  0.138,  1.563,  0.076,  0.410,  4.030
 12600,  1.261,  0.210,  1.582,  0.108,  0.304,  4.314
 12660,  1.289,  0.227,  1.749,  0.079,  0.398,  5.058
 12720,  1.068,  0.131,  1.683,  0.088,  0.324,  4.561
 12780,  1.451,  0.128,  1.491,  0.116,  0.591,  4.764
 12840,  1.166,  0.086,  1.665,  0.010,  0.311,  5.695
 12900,  1.229,  0.108,  1.798,  0.094,  0.284,  6.035
 12960,  1.052,  0.114,  1.753,  0.098,  0.241,  6.348
 13020,  1.184,  0.157,  1.825,  0.119,  0.349,  6.872
 13080,  1.260,  0.156,  1.946,  0.091,  0.344,  7.432
 13140,  1.417,  0.241,  1.866,  0.091,  0.344,  6.701
 13200,  1.233,  0.202,  1.944,  0.133,  0.375,  7.121
 13260,  1.312,  0.173,  1.735,  0.128,  0.390,  5.607
 13320,  1.131,  0.119,  1.644,  0.099,  0.361,  5.001
 13380,  1.149,  0.208,  1.397,  0.110,  0.317,  3.998
 13440,  1.259,  0.144,  1.405,  0.081,  0.293,  4.400
 13500,  1.128,  0.164,  1.410,  0.084,  0.262,  3.391
 13560,  1.208,  0.113,  1.309,  0.117,  0.287,  2.867
 13620,  1.088,  0.055,  1.328,  0.048,  0.209,  2.563
 13680,  1.215,  0.080,  1.189,  0.071,  0.252,  2.222
 13740,  1.142,  0.127,  1.213,  0.084,  0.285,  2.194
 13800,  1.157,  0.094,  1.179,  0.054,  0.217,  2.199
 13860,  1.284,  0.176,  1.292,  0.099,  0.260,  2.210
 13920,  1.247,  0.144,  1.215,  0.115,  0.206,  2.063
 13980,  1.140,  0.200,  1.263,  0.084,  0.250,  2.359
 14040,  1.100,  0.094,  1.158,  0.074,  0.220,  1.859
 14100,  1.052,  0.054,  1.158,  0.063,  0.206,  1.932
 14160,  1.121,  0.048,  1.281,  0.089,  0.226,  2.283
 14220,  1.221,  0.166,  1.318,  0.078,  0.250,  1.747
 14280,  1.215,  0.102,  1.108,  0.062,  0.224,  1.678
 14340,  1.199,  0.089,  1.106,  0.088,  0.213,  1.833
 14400,  0.779, -0.082,  0.942,  0.045,  0.088,  1.169
 14460,  0.963, -0.018,  1.100,  0.054,  0.160,  1.277
 14520,  0.871,  0.102,  1.067,  0.081,  0.207,  1.307
 14580,  0.761,  0.024,  1.091,  0.057,  0.130,  1.307
 14640,  1.123,  0.167,  1.335,  0.240,  0.290,  1.486
 14700,  1.193,  0.064,  1.145,  0.093,  0.209,  1.909
 14760,  1.038,  0.098,  1.171,  0.091,  0.305,  1.828
 14820,  1.173,  0.131,  1.176,  0.108,  0.202,  1.793
 14880,  1.280,  0.164,  1.184,  0.073,  0.253,  1.890
 14940,  1.058,  0.059,  1.097,  0.072,  0.208,  1.648
 15000,  1.244,  0.072,  1.120,  0.065,  0.270,  2.064
 15060,  1.083,  0.100,  1.120,  0.074,  0.240,  1.886
 15120,  1.027,  0.082,  1.133,  0.086,  0.259,  2.035
 15180,  1.099,  0.076,  1.078,  0.093,  0.245,  2.318
 15240,  1.191,  0.136,  1.219,  0.086,  0.227,  2.289
 15300,  1.126,  0.009,  1.162,  0.080,  0.200,  2.476
 15360,  1.073,  0.085,  1.142,  0.054,  0.256,  2.428
 15420,  1.058,  0.140,  1.227,  0.085,  0.290,  2.778
 15480,  0.949,  0.065,  1.195,  0.088,  0.279,  2.752
 15540,  1.112,  0.072,  1.110,  0.074,  0.269,  2.952
 15600,  1.094,  0.085,  1.112,  0.080,  0.264,  3.110
 15660,  1.110,  0.143,  1.118,  0.098,  0.263,  2.758
 15720,  1.207,  0.161,  1.156,  0.078,  0.300,  2.768
 15780,  0.987,  0.101,  1.145,  0.073,  0.284,  2.917
 15840,  1.145,  0.074,  1.147,  0.066,  0.290,  2.830
 15900,  0.844,  0.058,  1.113,  0.087,  0.226,  2.872
 15960,  1.043,  0.014,  1.089,  0.072,  0.230,  3.235
 16020,  1.256,  0.101,  1.194,  0.044,  0.307,  2.863
 16080,  1.065,  0.038,  1.220,  0.107,  0.289,  2.954
 16140,  1.053,  0.042,  1.309,  0.071,  0.358,  2.936
 16200,  1.093,  0.109,  1.360,  0.096,  0.302,  2.797
 16260,  0.910,  0.044,  1.306,  0.052,  0.283,  2.706
 16320,  1.221,  0.022,  1.260,  0.102,  0.330,  3.544
 16380,  0.920,  0.070,  1.300,  0.095,  0.348,  4.220
 16440,  1.011,  0.141,  1.239,  0.110,  0.361,  3.426
 16500, -9999.000, -9999.000, -9999.000, -9999.000, -9999.000, -9999.000
 16560,  0.902,  0.030,  1.125,  0.054,  0.296,  2.707
 16620,  0.802,  0.115,  1.037,  0.053,  0.239,  2.604
 16680,  0.838,  0.107,  0.991,  0.057,  0.267,  2.902
 16740,  0.909,  0.080,  1.045,  0.085,  0.276,  2.506
 16800,  0.924,  0.144,  1.125,  0.091,  0.274,  2.579
 16860,  1.137, -0.002,  0.989,  0.060,  0.250,  2.678
 16920,  0.921,  0.073,  1.199,  0.089,  0.280,  3.324
 16980,  0.973,  0.044,  1.036,  0.086,  0.333,  2.695
 17040,  0.863,  0.061,  1.200,  0.075,  0.315,  3.291
 17100,  0.894,  0.096,  1.185,  0.072,  0.216,  3.136
 17160,  0.875,  0.054,  1.195,  0.119,  0.338,  3.435
 17220,  0.893,  0.108,  1.127,  0.112,  0.269,  3.427
