CampaignData_and_Merges/R0/CSL_MobileLab_Parked/raw/20240720/USOS-PTR_MobileLabGround_20240720_R0.ict
58, 1001
Matthew Coggon, Kelvin Bates, Chelsea Stockwell, Carsten Warneke
NOAA ESRL Chemical Sciences Division
NOAA PTR-ToF-MS
USOS
1,1 
2024, 07, 20, 2025, 09, 19
0
Time_Start, seconds, number of seconds from 00:00 UTC 
22
1, 1, 1, 1, 1, 1, 1, 1, 1, 1, 1, 1, 1, 1, 1, 1, 1, 1, 1, 1, 1, 1
-9999, -9999, -9999, -9999, -9999, -9999, -9999, -9999, -9999, -9999, -9999, -9999, -9999, -9999, -9999, -9999, -9999, -9999, -9999, -9999, -9999, -9999
CH3OH_NOAAPTR_ppbv,  ppbv, Gas_CH3OH_InSitu_S_AVMR, (CH3OH) methanol
CH3CN_NOAAPTR_ppbv,  ppbv, Gas_CH3CN_InSitu_S_AVMR, (CH3CN) acetonitrile
CH3CHO_NOAAPTR_ppbv,  ppbv, Gas_CH3CHO_InSitu_S_AVMR, (CH3CHO) acetaldehyde plus contributions from ethylene glycol and ethylene oxide. Interference from ethanol has been subtracted out.
C2H5OH_NOAAPTR_ppbv,  ppbv, Gas_C2H5OH_InSitu_S_AVMR, (C2H5OH) ethanol
CH3SH_NOAAPTR_ppbv,  ppbv, Gas_CH3SH_InSitu_S_AVMR, (CH3SH) methanethiol, using calibration factor for DMS
Acrolein_NOAAPTR_ppbv,  ppbv, Gas_Acrolein_InSitu_S_AVMR, (C3H4O) acrolein
AcetonePropanal_NOAAPTR_ppbv,  ppbv, Gas_AcetoneAndPropanal_InSitu_S_AVMR, (C3H6O) sum of acetone (dominant isomer) and propanal, using calibration factor for acetone
DMS_NOAAPTR_ppbv,  ppbv, Gas_DMS_InSitu_S_AVMR, (C2H6S) dimethyl sulfide with possible small contributions from ethanethiol
C5H8_NOAAPTR_ppbv,  ppbv, Gas_Isoprene_InSitu_S_AVMR, (C5H8) isoprene and possible fragments from cycloalkanes and aldehydes. Interferences have been subtracted following methods described by Coggon et al (2023)
MVKMAC_NOAAPTR_ppbv,  ppbv, Gas_MVKAndMAC_InSitu_S_AVMR, (C4H6O) sum of methyl vinyl ketone, methacrolein, and small amounts of crotonaldehyde, using weighted calibration factor for MVK (0.637) and MACR (0.363)
Benzene_NOAAPTR_ppbv,  ppbv, Gas_Benzene_InSitu_S_AVMR, (C6H6) benzene
Toluene_NOAAPTR_ppbv,  ppbv, Gas_Toluene_InSitu_S_AVMR, (C7H8) toluene with possible small contributions of fragments from ethyltoluene
Styrene_NOAAPTR_ppbv,  ppbv, Gas_Styrene_InSitu_S_AVMR, (C8H8) styrene
Benzaldehyde_NOAAPTR_ppbv,  ppbv, Gas_Benzaldehyde_InSitu_S_AVMR, (C7H6O) benzaldehyde
C8Aromatics_NOAAPTR_ppbv,  ppbv, Gas_C8Aromatics_InSitu_M_AVMR, (C8H10) sum of m-xylene, p-xylene, o-xylene, and ethyl benzene
C9Aromatics_NOAAPTR_ppbv,  ppbv, Gas_C9Aromatics_InSitu_M_AVMR, (C9H12) sum of C9 aromatics
Naphthalene_NOAAPTR_ppbv,  ppbv, Gas_Naphthalene_InSitu_S_AVMR, (C10H8) naphthalene
Octanal_NOAAPTR_ppbv,  ppbv, Gas_Octanal_InSitu_S_AVMR, (C8H16O) octanal and small amounts of octanone
Monoterpenes_NOAAPTR_ppbv,  ppbv, Gas_Monoterpenes_InSitu_M_AVMR, (C10H16) sum of monoterpenes and possible contributions from fragments of oxygenated monoterpenoids such as eucalyptol.
Nonanal_NOAAPTR_ppbv,  ppbv, Gas_Nonanal_InSitu_M_AVMR, (C9H18O) nonanal and small amounts of nonanone
C7H4ClF3_NOAAPTR_ppbv,  ppbv, Gas_C7H4ClF3_InSitu_S_AVMR, (C7H4ClF3) parachlorobenzotrifluoride
C10H30O5Si5_NOAAPTR_ppbv,  ppbv, Gas_C10H30O5Si5_InSitu_S_AVMR, (C10H30O5Si5) decamethylcyclopentasiloxane
1
SPECIAL COMMENTS:N/A
21
PI_CONTACT_INFO: NOAA ESRL Chemical Sciences Division, Tropospheric Chemistry Group. 325 Broadway, R/CSD7, Boulder, CO 80305
PLATFORM: Mobile Laboratory.
LOCATION: Salt Lake City, UT
ASSOCIATED_DATA: N/A
INSTRUMENT_INFO: NOAA PTR-ToF-MS measurements on NOAA CSL Mobile Lab
DATA_INFO: Units: ppbv
UNCERTAINTY: See OTHER_COMMENTS
ULOD_FLAG: -7777
ULOD_VALUE: N/A
LLOD_FLAG: -8888
LLOD_VALUE: N/A.
DM_CONTACT_INFO: Data Managers: Matt Coggon, Kelvin Bates, Chelsea Stockwell; email: matthew.m.coggon@noaa.gov and kelvin.bates@colorado.edu
PROJECT_INFO: USOS Deployment July-August, 2024
STIPULATIONS_ON_USE: Use of these data require prior OK from PI.
OTHER_COMMENTS: Uncertainties:
CH3OH_NOAAPTR_ppbv:30%; CH3CN_NOAAPTR_ppbv:30%; CH3CHO_NOAAPTR_ppbv:30%; C2H5OH_NOAAPTR_ppbv:30%; CH3SH_NOAAPTR_ppbv:50%; Acrolein_NOAAPTR_ppbv:30%; AcetonePropanal_NOAAPTR_ppbv:30%; DMS_NOAAPTR_ppbv:30%; C5H8_NOAAPTR_ppbv:30%; MVKMAC_NOAAPTR_ppbv:30%; 
Benzene_NOAAPTR_ppbv:30%; Toluene_NOAAPTR_ppbv:30%; Styrene_NOAAPTR_ppbv:30%; Benzaldehyde_NOAAPTR_ppbv:30%; C8Aromatics_NOAAPTR_ppbv:30%; C9Aromatics_NOAAPTR_ppbv:30%; Naphthalene_NOAAPTR_ppbv:30%; Octanal_NOAAPTR_ppbv:30%; Monoterpenes_NOAAPTR_ppbv:30%; Nonanal_NOAAPTR_ppbv:30%; 
C7H4ClF3_NOAAPTR_ppbv:30%; C10H30O5Si5_NOAAPTR_ppbv:30%; 
REVISION: R0
R0: Calibrated PTR Data. See individual species comments for details about measurement uncertainties
Time_Start, CH3OH_NOAAPTR_ppbv, CH3CN_NOAAPTR_ppbv, CH3CHO_NOAAPTR_ppbv, C2H5OH_NOAAPTR_ppbv, CH3SH_NOAAPTR_ppbv, Acrolein_NOAAPTR_ppbv, AcetonePropanal_NOAAPTR_ppbv, DMS_NOAAPTR_ppbv, C5H8_NOAAPTR_ppbv, MVKMAC_NOAAPTR_ppbv, Benzene_NOAAPTR_ppbv, Toluene_NOAAPTR_ppbv, Styrene_NOAAPTR_ppbv, Benzaldehyde_NOAAPTR_ppbv, C8Aromatics_NOAAPTR_ppbv, C9Aromatics_NOAAPTR_ppbv, Naphthalene_NOAAPTR_ppbv, Octanal_NOAAPTR_ppbv, Monoterpenes_NOAAPTR_ppbv, Nonanal_NOAAPTR_ppbv, C7H4ClF3_NOAAPTR_ppbv, C10H30O5Si5_NOAAPTR_ppbv
[from data line 876]
52560.0, -9999.00000, -9999.00000, -9999.00000, -9999.00000, -9999.00000, -9999.00000, -9999.00000, -9999.00000, -9999.00000, -9999.00000, -9999.00000, -9999.00000, -9999.00000, -9999.00000, -9999.00000, -9999.00000, -9999.00000, -9999.00000, -9999.00000, -9999.00000, -9999.00000, -9999.00000 
52620.0, -9999.00000, -9999.00000, -9999.00000, -9999.00000, -9999.00000, -9999.00000, -9999.00000, -9999.00000, -9999.00000, -9999.00000, -9999.00000, -9999.00000, -9999.00000, -9999.00000, -9999.00000, -9999.00000, -9999.00000, -9999.00000, -9999.00000, -9999.00000, -9999.00000, -9999.00000 
52680.0, -9999.00000, -9999.00000, -9999.00000, -9999.00000, -9999.00000, -9999.00000, -9999.00000, -9999.00000, -9999.00000, -9999.00000, -9999.00000, -9999.00000, -9999.00000, -9999.00000, -9999.00000, -9999.00000, -9999.00000, -9999.00000, -9999.00000, -9999.00000, -9999.00000, -9999.00000 
52740.0, -9999.00000, -9999.00000, -9999.00000, -9999.00000, -9999.00000, -9999.00000, -9999.00000, -9999.00000, -9999.00000, -9999.00000, -9999.00000, -9999.00000, -9999.00000, -9999.00000, -9999.00000, -9999.00000, -9999.00000, -9999.00000, -9999.00000, -9999.00000, -9999.00000, -9999.00000 
52800.0, -9999.00000, -9999.00000, -9999.00000, -9999.00000, -9999.00000, -9999.00000, -9999.00000, -9999.00000, -9999.00000, -9999.00000, -9999.00000, -9999.00000, -9999.00000, -9999.00000, -9999.00000, -9999.00000, -9999.00000, -9999.00000, -9999.00000, -9999.00000, -9999.00000, -9999.00000 
52860.0, -9999.00000, -9999.00000, -9999.00000, -9999.00000, -9999.00000, -9999.00000, -9999.00000, -9999.00000, -9999.00000, -9999.00000, -9999.00000, -9999.00000, -9999.00000, -9999.00000, -9999.00000, -9999.00000, -9999.00000, -9999.00000, -9999.00000, -9999.00000, -9999.00000, -9999.00000 
52920.0, -9999.00000, -9999.00000, -9999.00000, -9999.00000, -9999.00000, -9999.00000, -9999.00000, -9999.00000, -9999.00000, -9999.00000, -9999.00000, -9999.00000, -9999.00000, -9999.00000, -9999.00000, -9999.00000, -9999.00000, -9999.00000, -9999.00000, -9999.00000, -9999.00000, -9999.00000 
52980.0, -9999.00000, -9999.00000, -9999.00000, -9999.00000, -9999.00000, -9999.00000, -9999.00000, -9999.00000, -9999.00000, -9999.00000, -9999.00000, -9999.00000, -9999.00000, -9999.00000, -9999.00000, -9999.00000, -9999.00000, -9999.00000, -9999.00000, -9999.00000, -9999.00000, -9999.00000 
53040.0, -9999.00000, -9999.00000, -9999.00000, -9999.00000, -9999.00000, -9999.00000, -9999.00000, -9999.00000, -9999.00000, -9999.00000, -9999.00000, -9999.00000, -9999.00000, -9999.00000, -9999.00000, -9999.00000, -9999.00000, -9999.00000, -9999.00000, -9999.00000, -9999.00000, -9999.00000 
53100.0, -9999.00000, -9999.00000, -9999.00000, -9999.00000, -9999.00000, -9999.00000, -9999.00000, -9999.00000, -9999.00000, -9999.00000, -9999.00000, -9999.00000, -9999.00000, -9999.00000, -9999.00000, -9999.00000, -9999.00000, -9999.00000, -9999.00000, -9999.00000, -9999.00000, -9999.00000 
53160.0, -9999.00000, -9999.00000, -9999.00000, -9999.00000, -9999.00000, -9999.00000, -9999.00000, -9999.00000, -9999.00000, -9999.00000, -9999.00000, -9999.00000, -9999.00000, -9999.00000, -9999.00000, -9999.00000, -9999.00000, -9999.00000, -9999.00000, -9999.00000, -9999.00000, -9999.00000 
53220.0, -9999.00000, -9999.00000, -9999.00000, -9999.00000, -9999.00000, -9999.00000, -9999.00000, -9999.00000, -9999.00000, -9999.00000, -9999.00000, -9999.00000, -9999.00000, -9999.00000, -9999.00000, -9999.00000, -9999.00000, -9999.00000, -9999.00000, -9999.00000, -9999.00000, -9999.00000 
53280.0, -9999.00000, -9999.00000, -9999.00000, -9999.00000, -9999.00000, -9999.00000, -9999.00000, -9999.00000, -9999.00000, -9999.00000, -9999.00000, -9999.00000, -9999.00000, -9999.00000, -9999.00000, -9999.00000, -9999.00000, -9999.00000, -9999.00000, -9999.00000, -9999.00000, -9999.00000 
53340.0, -9999.00000, -9999.00000, -9999.00000, -9999.00000, -9999.00000, -9999.00000, -9999.00000, -9999.00000, -9999.00000, -9999.00000, -9999.00000, -9999.00000, -9999.00000, -9999.00000, -9999.00000, -9999.00000, -9999.00000, -9999.00000, -9999.00000, -9999.00000, -9999.00000, -9999.00000 
53400.0, -9999.00000, -9999.00000, -9999.00000, -9999.00000, -9999.00000, -9999.00000, -9999.00000, -9999.00000, -9999.00000, -9999.00000, -9999.00000, -9999.00000, -9999.00000, -9999.00000, -9999.00000, -9999.00000, -9999.00000, -9999.00000, -9999.00000, -9999.00000, -9999.00000, -9999.00000 
53460.0, 14.26579, 0.43260, -9999.00000, 6.19220, 0.00590, 0.37653, 4.86428, 0.00047, -9999.00000, 0.81245, 0.32696, 0.81015, 0.05139, 0.00006, 0.49077, 0.19444, 0.00530, 0.04505, 0.25207, 0.09499, 0.00958, 0.00129 
53520.0, 13.04340, 0.29655, 1.51605, 2.67942, 0.00317, 0.30026, 4.58401, 0.01185, 1.15565, 0.70416, 0.03129, 0.16249, -0.00691, -0.01716, 0.08671, 0.05319, 0.01831, 0.04137, 0.26989, 0.02898, 0.00591, 0.00284 
53580.0, 13.40884, 0.27286, 1.54773, 2.35338, 0.00250, 0.27078, 4.63250, 0.00436, 1.08214, 0.72721, 0.04774, 0.16203, -0.00691, -0.01411, 0.09508, 0.05255, -0.00748, 0.04497, 0.29516, 0.04119, 0.00199, 0.00037 
53640.0, 13.09415, 0.25717, 1.49009, 1.78891, 0.00406, 0.26704, 4.56050, -0.00010, 1.04472, 0.71418, 0.04917, 0.13594, 0.00773, 0.00218, 0.08341, 0.04925, 0.02417, 0.03984, 0.24479, 0.03837, 0.00637, 0.00420 
53700.0, 12.77572, 0.25584, 1.47727, 2.37083, 0.00113, 0.28289, 4.62804, 0.01937, 1.07652, 0.67356, 0.07902, 0.24422, 0.02034, -0.00671, 0.12071, 0.04851, -0.00971, 0.02660, 0.26766, 0.06740, 0.00319, 0.00470 
53760.0, 13.26255, 0.23506, 1.54620, 1.86807, 0.00233, 0.26170, 4.65193, 0.00640, 1.04560, 0.67953, 0.03367, 0.16864, 0.00669, 0.00341, 0.09627, 0.04092, -0.00598, 0.03617, 0.30606, 0.04796, 0.00394, 0.00638 
53820.0, 11.60573, 0.26537, 1.41670, 2.09171, -0.00031, 0.25074, 4.59659, 0.00911, 1.16568, 0.67020, 0.00303, 0.15093, 0.00403, -0.01252, 0.09166, 0.03594, -0.00658, 0.03999, 0.24390, 0.04177, 0.00430, 0.00036 
53880.0, 12.57464, 0.25879, 1.55651, 2.17741, 0.00485, 0.28533, 4.62245, 0.02041, 1.00855, 0.66739, 0.04153, 0.15229, 0.01995, 0.01147, 0.07769, 0.04209, -0.00339, 0.03649, 0.26232, 0.03349, 0.00443, 0.00301 
53940.0, 12.10254, 0.25420, 1.44686, 2.45941, 0.00331, 0.24832, 4.49896, 0.00564, 1.03658, 0.63890, 0.06445, 0.18418, 0.01139, -0.00218, 0.13266, 0.06741, -0.00124, 0.01019, 0.26638, 0.02864, 0.00246, 0.00293 
54000.0, 12.21110, 0.26132, 1.60185, 2.84593, 0.00640, 0.28218, 4.60564, -0.00010, 1.16827, 0.67497, 0.07540, 0.18746, -0.00497, -0.01810, 0.13812, 0.06991, -0.00990, 0.02357, 0.26925, 0.05993, 0.00409, 0.00315 
54060.0, 12.45304, 0.25010, 1.50815, 2.52101, 0.00306, 0.26991, 4.60385, 0.00168, 1.00845, 0.65734, 0.12278, 0.22110, -0.00688, 0.02032, 0.12470, 0.04762, -0.00367, 0.02832, 0.29254, 0.07134, 0.00292, 0.00174 
54120.0, 11.87295, 0.24982, 1.33120, 1.92048, 0.00221, 0.26628, 4.63337, 0.00509, 0.93877, 0.65539, 0.06579, 0.14853, 0.00424, 0.01094, 0.08471, 0.04035, -0.00997, 0.03622, 0.26217, 0.02742, 0.00410, 0.00252 
54180.0, 12.41396, 0.23902, 1.58522, 3.27048, 0.00823, 0.29443, 4.84805, 0.01360, 1.12109, 0.64905, 0.09697, 0.34509, 0.01703, 0.00808, 0.18932, 0.07541, -0.00394, 0.04619, 0.27606, 0.03917, 0.00143, 0.00159 
54240.0, 12.87184, 0.25772, 1.63930, 5.56674, 0.00114, 0.29410, 4.82865, -0.00010, 1.05186, 0.66708, 0.23659, 0.64056, 0.04049, -0.01772, 0.39957, 0.15354, -0.00696, 0.04155, 0.27235, 0.08456, 0.00658, 0.00342 
54300.0, 12.30980, 0.23714, 1.52961, 2.28190, 0.00033, 0.24259, 4.64057, 0.00371, 1.07763, 0.66134, 0.07679, 0.13834, 0.02174, -0.03075, 0.06962, 0.02142, 0.00165, 0.02538, 0.26908, 0.04211, 0.00726, 0.00153 
54360.0, 12.06372, 0.23873, 1.37546, 1.98780, 0.00356, 0.25394, 4.56318, 0.00765, 1.03930, 0.67486, 0.02225, 0.14466, 0.00340, -0.00428, 0.07581, 0.02738, -0.00576, 0.03849, 0.28090, 0.04922, -0.00148, 0.00215 
54420.0, 13.65869, 0.25554, 1.45382, 2.75109, 0.00671, 0.26946, 4.58578, -0.00010, 1.14610, 0.66188, 0.06714, 0.19778, 0.01509, -0.01319, 0.10700, 0.04331, -0.01016, 0.02373, 0.28182, 0.06095, 0.00528, 0.00424 
54480.0, 12.05042, 0.26915, 1.36985, 2.41389, 0.00319, 0.24985, 4.52869, 0.00302, 1.10018, 0.66125, 0.07792, 0.16091, 0.00576, -0.01275, 0.08818, 0.04574, 0.00552, 0.05335, 0.25885, 0.02216, 0.00171, 0.00659 
54540.0, 13.32635, 0.26144, 1.44243, 2.19962, 0.00090, 0.25329, 4.55911, -0.00010, 1.15954, 0.68172, 0.04290, 0.14529, 0.01559, 0.00049, 0.08946, 0.04025, -0.00167, 0.04106, 0.27685, 0.05291, 0.00339, 0.00088 
54600.0, 12.01988, 0.22767, 1.39425, 2.14044, 0.00350, 0.28757, 4.53976, -0.00010, 1.14098, 0.71421, 0.08780, 0.16570, 0.00741, -0.01277, 0.08336, 0.03325, -0.01028, 0.01876, 0.28238, 0.06114, 0.00692, 0.00218 
54660.0, 13.95783, 0.23762, 1.53552, 2.35451, 0.00559, 0.32658, 4.64713, 0.00152, 1.26035, 0.69823, 0.04869, 0.17578, 0.01626, 0.00977, 0.07839, 0.03731, -0.01032, 0.03073, 0.30330, 0.10365, 0.00571, 0.00283 
54720.0, 12.27045, 0.23055, 1.40369, 2.18230, 0.00092, 0.28125, 4.84248, -0.00010, 1.18940, 0.74407, 0.09256, 0.18448, 0.01558, 0.01859, 0.08810, 0.04944, -0.00171, 0.04509, 0.28027, 0.05744, 0.00492, 0.00086 
54780.0, 12.50452, 0.25253, 1.51302, 2.88003, 0.00787, 0.27209, 4.55980, 0.00592, 1.17860, 0.73888, 0.07051, 0.19765, 0.00583, -0.00459, 0.10189, 0.05409, -0.00968, 0.02425, 0.28191, 0.03683, 0.00409, 0.00182 
54840.0, 12.50820, 0.24860, 1.47803, 2.35124, 0.00788, 0.27191, 4.49209, 0.00845, 1.30555, 0.73843, 0.02383, 0.17264, 0.00591, 0.03431, 0.09440, 0.03690, -0.00299, 0.02739, 0.28541, 0.05420, 0.00635, 0.00180 
54900.0, 11.04548, 0.24494, 1.24014, 1.79334, 0.00228, 0.26648, 4.36945, 0.00108, 1.17561, 0.68820, 0.03877, 0.14869, 0.00738, -0.00105, 0.06550, 0.03308, -0.01047, 0.03557, 0.27979, 0.02829, 0.00199, 0.00016 
54960.0, 11.84515, 0.26946, 1.51885, 3.89031, 0.00406, 0.24480, 4.52921, -0.00010, 1.27744, 0.75283, 0.08988, 0.32720, 0.00820, -0.01287, 0.12678, 0.05105, -0.00304, 0.04458, 0.26892, 0.03257, 0.00179, 0.00370 
55020.0, 11.01946, 0.24198, 1.39740, 2.17513, 0.00403, 0.24086, 4.53180, 0.00486, 1.18189, 0.72679, 0.04029, 0.15098, 0.00937, 0.00651, 0.07804, 0.02882, -0.00301, 0.02764, 0.29636, 0.04009, -0.00059, 0.00155 
55080.0, 11.31236, 0.24778, 1.31174, 1.59363, 0.00150, 0.25185, 4.48343, 0.00774, 1.24906, 0.71611, 0.01336, 0.14784, -0.00066, -0.02254, 0.05310, 0.02746, -0.00716, 0.01875, 0.29568, 0.02683, 0.00821, 0.00140 
55140.0, 12.49128, 0.23561, 1.43861, 2.28790, 0.00414, 0.25496, 4.54391, 0.00548, 1.27545, 0.73584, 0.00697, 0.16117, -0.00110, -0.02182, 0.08182, 0.03103, -0.01062, 0.01172, 0.30698, 0.04735, 0.00172, 0.00442 
55200.0, 12.34349, 0.24225, 1.34481, 2.23475, 0.00063, 0.27470, 4.53706, -0.00010, 1.28872, 0.74119, 0.03264, 0.16551, 0.00615, -0.02784, 0.08655, 0.03638, -0.01066, 0.02952, 0.28116, 0.04206, 0.00302, 0.00967 
55260.0, 13.65277, 0.26682, 1.56970, 2.36487, 0.00130, 0.27341, 4.59846, -0.00010, 1.26742, 0.72051, 0.05424, 0.17387, 0.00445, -0.01383, 0.11274, 0.04707, -0.00518, 0.03913, 0.32615, 0.05328, 0.00457, 0.00192 
55320.0, 12.55957, 0.25212, 1.51912, 1.96923, 0.00309, 0.31487, 4.59618, -0.00010, 1.28618, 0.71772, 0.04847, 0.15135, 0.00945, 0.01012, 0.09571, 0.04377, -0.00894, 0.02555, 0.31814, 0.03928, 0.00448, 0.00138 
55380.0, 38.42906, 0.25633, 1.60022, 1.90035, 0.00578, 0.31215, 4.62814, 0.01221, 1.41518, 0.71462, 0.03875, 0.17591, 0.01447, -0.00892, 0.07878, 0.03705, -0.00481, 0.03575, 0.30950, 0.04170, 0.00546, 0.00410 
55440.0, 11.49086, 0.24830, 1.36592, 1.66231, 0.00616, 0.24428, 4.49726, 0.01117, 1.26111, 0.71150, 0.03867, 0.13530, 0.00927, 0.00584, 0.06297, 0.03236, -0.00495, 0.03636, 0.30681, 0.02874, 0.00453, 0.00273 
55500.0, 11.08036, 0.23746, 1.41513, 2.13807, 0.00257, 0.32559, 4.51080, 0.02073, 1.28935, 0.73361, 0.07002, 0.16629, 0.01447, -0.00291, 0.09452, 0.03128, -0.00080, 0.04061, 0.29029, 0.03452, 0.00050, 0.00038 
55560.0, 10.93147, 0.23339, 1.33602, 1.54084, 0.00272, 0.24769, 4.55915, -0.00010, 1.30273, 0.72156, 0.01706, 0.14634, 0.01750, -0.01448, 0.07442, 0.03682, -0.00609, 0.02407, 0.29043, 0.02706, 0.00053, 0.00089 
55620.0, 11.84051, 0.26175, 1.42474, 1.85830, 0.00276, 0.27332, 4.50096, 0.00283, 1.41210, 0.70299, 0.05737, 0.16408, 0.00776, -0.00155, 0.09911, 0.03848, -0.01092, 0.03067, 0.27774, 0.03239, -0.00016, 0.00311 
55680.0, 12.70209, 0.23674, 1.39108, 1.47626, 0.00105, 0.27573, 4.49961, 0.01656, 1.23601, 0.74448, 0.09335, 0.14763, 0.00748, -0.02262, 0.06621, 0.03135, -0.00058, 0.05082, 0.33060, 0.06870, 0.00482, 0.00239 
55740.0, 11.39613, 0.22864, 1.34124, 1.86749, 0.00124, 0.29391, 4.45795, 0.01776, 1.24281, 0.71045, 0.02151, 0.15667, -0.00678, 0.00544, 0.09209, 0.03846, -0.01100, 0.03418, 0.28410, 0.02717, 0.00242, 0.00135 
55800.0, 11.74817, 0.21769, 1.33795, 1.63859, 0.00284, 0.31815, 4.64640, 0.01203, 1.29616, 0.74243, 0.05523, 0.15254, 0.00239, -0.03311, 0.08881, 0.05244, -0.00124, 0.03802, 0.32253, 0.06537, 0.00388, 0.00345 
55860.0, 11.55686, 0.21932, 1.31517, 1.59206, -0.00073, 0.23952, 4.46802, -0.00010, 1.25726, 0.72403, 0.05073, 0.12960, 0.00773, -0.02719, 0.06781, 0.03230, -0.01107, 0.02459, 0.25428, 0.03185, 0.00595, 0.00062 
55920.0, 12.54587, 0.24163, 1.35025, 1.85765, 0.00092, 0.28400, 4.53269, -0.00010, 1.17869, 0.70136, 0.00559, 0.14392, 0.00141, -0.01049, 0.07282, 0.02741, -0.01111, 0.02146, 0.29622, 0.02773, 0.00212, 0.00323 
55980.0, 12.80085, 0.24565, 1.33775, 1.83556, 0.00074, 0.23617, 4.65223, -0.00010, 1.39064, 0.71608, 0.02496, 0.14028, 0.00555, 0.00890, 0.07751, 0.03493, -0.01115, 0.02198, 0.28961, 0.03126, 0.00345, 0.00190 
56040.0, 13.04924, 0.26691, 1.56317, 1.94512, 0.00145, 0.33641, 4.61073, 0.00674, 1.34732, 0.76831, 0.09180, 0.18393, 0.00635, 0.00860, 0.10203, 0.04608, 0.01235, 0.03518, 0.30954, 0.06529, 0.00189, 0.00511 
56100.0, 12.97688, 0.24558, 1.55743, 2.19110, 0.00060, 0.33865, 4.65461, 0.00472, 1.33526, 0.80917, 0.32846, 0.19144, 0.01607, 0.09507, 0.07559, 0.03636, -0.00660, 0.02409, 0.35270, 0.05262, 0.00467, 0.00516 
56160.0, 12.26408, 0.25890, 1.49825, 3.66679, 0.00304, 0.27325, 4.75236, 0.01138, 1.25881, 0.72893, 0.17524, 0.43486, -0.00676, 0.00295, 0.25710, 0.09380, -0.01126, 0.03364, 0.29285, 0.05240, 0.00735, 0.00095 
56220.0, 12.14609, 0.22807, 1.46542, 2.18723, 0.00193, 0.29209, 4.60675, 0.02244, 1.29582, 0.75049, 0.08392, 0.22163, 0.00915, -0.00198, 0.08349, 0.04263, 0.00414, 0.04695, 0.29865, 0.06548, 0.00361, 0.00130 
56280.0, 11.69447, 0.25483, 1.30886, 1.72844, 0.00615, 0.26551, 4.55807, -0.00010, 1.25365, 0.71540, 0.02745, 0.14987, 0.01469, -0.00069, 0.07526, 0.02976, 0.00152, 0.02245, 0.25564, 0.04438, 0.00140, 0.00172 
56340.0, 12.26300, 0.23834, 1.26867, 1.91894, 0.00198, 0.25380, 4.42870, 0.00251, 0.99917, 0.69510, 0.05382, 0.15524, -0.00675, 0.02058, 0.06755, 0.03014, -0.01138, 0.04324, 0.26889, 0.04385, 0.00343, 0.00190 
56400.0, 10.69684, 0.25876, 1.30802, 1.26394, 0.00103, 0.24304, 4.42510, 0.00294, 1.14525, 0.68319, 0.05895, 0.10973, 0.01378, 0.01199, 0.06520, 0.03052, -0.01020, 0.02346, 0.27837, 0.02969, 0.00462, 0.00122 
56460.0, 11.36506, 0.26626, 1.23860, 1.89041, -0.00055, 0.24809, 4.46967, 0.00033, 1.21680, 0.68843, 0.01657, 0.12770, 0.00943, 0.00254, 0.06154, 0.02296, -0.00716, 0.02662, 0.29478, 0.02714, 0.00233, 0.00297 
56520.0, 12.54360, 0.24192, 1.32140, 1.86558, 0.00895, 0.26802, 4.61348, 0.01150, 1.25582, 0.71564, 0.02049, 0.15854, 0.00729, -0.00705, 0.08673, 0.03463, -0.01149, 0.03355, 0.32442, 0.04783, 0.00294, 0.00501 
56580.0, 11.21203, 0.25995, 1.31062, 1.83420, 0.00236, 0.26314, 4.54664, 0.00949, 1.34476, 0.70482, -0.01654, 0.14132, -0.00674, -0.04240, 0.05597, 0.03038, -0.01153, 0.02444, 0.28008, 0.05418, 0.00217, 0.00304 
