CampaignData_and_Merges/R0/CSL_MobileLab_Parked/raw/20240720/USOS-PTR_MobileLabGround_20240720_R0.ict
58, 1001
Matthew Coggon, Kelvin Bates, Chelsea Stockwell, Carsten Warneke
NOAA ESRL Chemical Sciences Division
NOAA PTR-ToF-MS
USOS
1,1 
2024, 07, 20, 2025, 09, 19
0
Time_Start, seconds, number of seconds from 00:00 UTC 
22
1, 1, 1, 1, 1, 1, 1, 1, 1, 1, 1, 1, 1, 1, 1, 1, 1, 1, 1, 1, 1, 1
-9999, -9999, -9999, -9999, -9999, -9999, -9999, -9999, -9999, -9999, -9999, -9999, -9999, -9999, -9999, -9999, -9999, -9999, -9999, -9999, -9999, -9999
CH3OH_NOAAPTR_ppbv,  ppbv, Gas_CH3OH_InSitu_S_AVMR, (CH3OH) methanol
CH3CN_NOAAPTR_ppbv,  ppbv, Gas_CH3CN_InSitu_S_AVMR, (CH3CN) acetonitrile
CH3CHO_NOAAPTR_ppbv,  ppbv, Gas_CH3CHO_InSitu_S_AVMR, (CH3CHO) acetaldehyde plus contributions from ethylene glycol and ethylene oxide. Interference from ethanol has been subtracted out.
C2H5OH_NOAAPTR_ppbv,  ppbv, Gas_C2H5OH_InSitu_S_AVMR, (C2H5OH) ethanol
CH3SH_NOAAPTR_ppbv,  ppbv, Gas_CH3SH_InSitu_S_AVMR, (CH3SH) methanethiol, using calibration factor for DMS
Acrolein_NOAAPTR_ppbv,  ppbv, Gas_Acrolein_InSitu_S_AVMR, (C3H4O) acrolein
AcetonePropanal_NOAAPTR_ppbv,  ppbv, Gas_AcetoneAndPropanal_InSitu_S_AVMR, (C3H6O) sum of acetone (dominant isomer) and propanal, using calibration factor for acetone
DMS_NOAAPTR_ppbv,  ppbv, Gas_DMS_InSitu_S_AVMR, (C2H6S) dimethyl sulfide with possible small contributions from ethanethiol
C5H8_NOAAPTR_ppbv,  ppbv, Gas_Isoprene_InSitu_S_AVMR, (C5H8) isoprene and possible fragments from cycloalkanes and aldehydes. Interferences have been subtracted following methods described by Coggon et al (2023)
MVKMAC_NOAAPTR_ppbv,  ppbv, Gas_MVKAndMAC_InSitu_S_AVMR, (C4H6O) sum of methyl vinyl ketone, methacrolein, and small amounts of crotonaldehyde, using weighted calibration factor for MVK (0.637) and MACR (0.363)
Benzene_NOAAPTR_ppbv,  ppbv, Gas_Benzene_InSitu_S_AVMR, (C6H6) benzene
Toluene_NOAAPTR_ppbv,  ppbv, Gas_Toluene_InSitu_S_AVMR, (C7H8) toluene with possible small contributions of fragments from ethyltoluene
Styrene_NOAAPTR_ppbv,  ppbv, Gas_Styrene_InSitu_S_AVMR, (C8H8) styrene
Benzaldehyde_NOAAPTR_ppbv,  ppbv, Gas_Benzaldehyde_InSitu_S_AVMR, (C7H6O) benzaldehyde
C8Aromatics_NOAAPTR_ppbv,  ppbv, Gas_C8Aromatics_InSitu_M_AVMR, (C8H10) sum of m-xylene, p-xylene, o-xylene, and ethyl benzene
C9Aromatics_NOAAPTR_ppbv,  ppbv, Gas_C9Aromatics_InSitu_M_AVMR, (C9H12) sum of C9 aromatics
Naphthalene_NOAAPTR_ppbv,  ppbv, Gas_Naphthalene_InSitu_S_AVMR, (C10H8) naphthalene
Octanal_NOAAPTR_ppbv,  ppbv, Gas_Octanal_InSitu_S_AVMR, (C8H16O) octanal and small amounts of octanone
Monoterpenes_NOAAPTR_ppbv,  ppbv, Gas_Monoterpenes_InSitu_M_AVMR, (C10H16) sum of monoterpenes and possible contributions from fragments of oxygenated monoterpenoids such as eucalyptol.
Nonanal_NOAAPTR_ppbv,  ppbv, Gas_Nonanal_InSitu_M_AVMR, (C9H18O) nonanal and small amounts of nonanone
C7H4ClF3_NOAAPTR_ppbv,  ppbv, Gas_C7H4ClF3_InSitu_S_AVMR, (C7H4ClF3) parachlorobenzotrifluoride
C10H30O5Si5_NOAAPTR_ppbv,  ppbv, Gas_C10H30O5Si5_InSitu_S_AVMR, (C10H30O5Si5) decamethylcyclopentasiloxane
1
SPECIAL COMMENTS:N/A
21
PI_CONTACT_INFO: NOAA ESRL Chemical Sciences Division, Tropospheric Chemistry Group. 325 Broadway, R/CSD7, Boulder, CO 80305
PLATFORM: Mobile Laboratory.
LOCATION: Salt Lake City, UT
ASSOCIATED_DATA: N/A
INSTRUMENT_INFO: NOAA PTR-ToF-MS measurements on NOAA CSL Mobile Lab
DATA_INFO: Units: ppbv
UNCERTAINTY: See OTHER_COMMENTS
ULOD_FLAG: -7777
ULOD_VALUE: N/A
LLOD_FLAG: -8888
LLOD_VALUE: N/A.
DM_CONTACT_INFO: Data Managers: Matt Coggon, Kelvin Bates, Chelsea Stockwell; email: matthew.m.coggon@noaa.gov and kelvin.bates@colorado.edu
PROJECT_INFO: USOS Deployment July-August, 2024
STIPULATIONS_ON_USE: Use of these data require prior OK from PI.
OTHER_COMMENTS: Uncertainties:
CH3OH_NOAAPTR_ppbv:30%; CH3CN_NOAAPTR_ppbv:30%; CH3CHO_NOAAPTR_ppbv:30%; C2H5OH_NOAAPTR_ppbv:30%; CH3SH_NOAAPTR_ppbv:50%; Acrolein_NOAAPTR_ppbv:30%; AcetonePropanal_NOAAPTR_ppbv:30%; DMS_NOAAPTR_ppbv:30%; C5H8_NOAAPTR_ppbv:30%; MVKMAC_NOAAPTR_ppbv:30%; 
Benzene_NOAAPTR_ppbv:30%; Toluene_NOAAPTR_ppbv:30%; Styrene_NOAAPTR_ppbv:30%; Benzaldehyde_NOAAPTR_ppbv:30%; C8Aromatics_NOAAPTR_ppbv:30%; C9Aromatics_NOAAPTR_ppbv:30%; Naphthalene_NOAAPTR_ppbv:30%; Octanal_NOAAPTR_ppbv:30%; Monoterpenes_NOAAPTR_ppbv:30%; Nonanal_NOAAPTR_ppbv:30%; 
C7H4ClF3_NOAAPTR_ppbv:30%; C10H30O5Si5_NOAAPTR_ppbv:30%; 
REVISION: R0
R0: Calibrated PTR Data. See individual species comments for details about measurement uncertainties
Time_Start, CH3OH_NOAAPTR_ppbv, CH3CN_NOAAPTR_ppbv, CH3CHO_NOAAPTR_ppbv, C2H5OH_NOAAPTR_ppbv, CH3SH_NOAAPTR_ppbv, Acrolein_NOAAPTR_ppbv, AcetonePropanal_NOAAPTR_ppbv, DMS_NOAAPTR_ppbv, C5H8_NOAAPTR_ppbv, MVKMAC_NOAAPTR_ppbv, Benzene_NOAAPTR_ppbv, Toluene_NOAAPTR_ppbv, Styrene_NOAAPTR_ppbv, Benzaldehyde_NOAAPTR_ppbv, C8Aromatics_NOAAPTR_ppbv, C9Aromatics_NOAAPTR_ppbv, Naphthalene_NOAAPTR_ppbv, Octanal_NOAAPTR_ppbv, Monoterpenes_NOAAPTR_ppbv, Nonanal_NOAAPTR_ppbv, C7H4ClF3_NOAAPTR_ppbv, C10H30O5Si5_NOAAPTR_ppbv
[from data line 67]
 4020.0, 6.08938, 0.18827, 0.82375, 1.87073, 0.00169, 0.14161, 2.84849, 0.03073, 0.39663, 0.32015, 0.00373, 0.08769, -0.00781, -0.03661, 0.05387, 0.01626, -0.01143, 0.01296, 0.04869, 0.03723, 0.00125, 0.00282 
 4080.0, 6.46228, 0.17857, 0.90398, 2.05030, 0.00263, 0.14698, 2.85668, 0.03526, 0.46274, 0.31085, 0.05924, 0.12316, -0.00065, -0.03580, 0.07230, 0.02652, 0.00037, 0.02913, 0.08740, 0.08554, 0.01207, 0.00352 
 4140.0, 6.57723, 0.18990, 0.98593, 2.12466, 0.00235, 0.16376, 2.91655, 0.03042, 0.45522, 0.35019, 0.04676, 0.14379, 0.00807, -0.03238, 0.07625, 0.02807, -0.01143, 0.03590, 0.16622, 0.05275, 0.00539, 0.00173 
 4200.0, 7.45684, 0.19219, 1.02621, 2.20782, 0.00401, 0.15625, 2.95741, 0.01549, 0.53175, 0.32839, 0.24106, 0.14487, -0.00608, 0.07146, 0.07401, 0.02537, 0.00457, 0.05548, 0.15569, 0.11518, 0.00603, 0.00374 
 4260.0, 5.68218, 0.19883, 0.87460, 2.12080, 0.00395, 0.14425, 2.92556, 0.01174, 0.31903, 0.30175, 0.03556, 0.12794, 0.01048, -0.02708, 0.06094, 0.03039, -0.00192, 0.02351, 0.12424, 0.08128, 0.01310, 0.00224 
 4320.0, 6.11617, 0.18350, 1.04265, 2.32992, 0.00348, 0.17477, 3.08092, 0.03148, 0.43463, 0.31244, 0.08708, 0.16320, 0.01353, -0.02074, 0.07483, 0.03506, -0.01081, 0.02364, 0.15748, 0.04830, 0.01127, 0.00474 
 4380.0, 5.66660, 0.17531, 0.90831, 2.26103, 0.00273, 0.14314, 3.06012, 0.03070, 0.37347, 0.30818, 0.03222, 0.09802, 0.00347, -0.03695, 0.04527, 0.02648, -0.01143, 0.01758, 0.10698, 0.03769, 0.01083, 0.00045 
 4440.0, 4.81640, 0.19912, 0.98247, 1.85774, 0.00153, 0.14122, 3.05120, 0.01526, 0.35446, 0.31363, 0.11909, 0.10593, -0.00781, 0.03086, 0.04872, 0.02628, -0.00167, 0.01979, 0.08989, 0.10628, 0.00823, 0.00123 
 4500.0, 5.84682, 0.18826, 1.01133, 1.74691, 0.00491, 0.16964, 3.04078, 0.01405, 0.35185, 0.32164, 0.02870, 0.11585, 0.00797, -0.03441, 0.06527, 0.03232, -0.00264, 0.04893, 0.17269, 0.11007, 0.00749, 0.00164 
 4560.0, 6.85932, 0.18132, 1.26419, 2.21036, 0.00329, 0.17785, 3.16505, 0.00786, 0.37489, 0.35821, 0.21516, 0.13756, 0.00646, 0.06974, 0.07638, 0.03365, -0.01026, 0.03490, 0.12775, 0.10462, 0.01348, 0.00167 
 4620.0, 5.12587, 0.18439, 1.01188, 2.30886, 0.00293, 0.16886, 3.11283, 0.01432, 0.42356, 0.34459, 0.11242, 0.14719, 0.00559, -0.00544, 0.07909, 0.03644, -0.00759, 0.02320, 0.14192, 0.05192, 0.00668, 0.00272 
 4680.0, 6.52548, 0.18533, 1.34884, 3.68132, 0.00555, 0.18895, 3.27262, 0.02942, 0.53052, 0.39122, 0.27465, 0.38621, 0.02168, 0.01947, 0.24988, 0.09677, 0.01230, 0.02834, 0.17018, 0.12307, 0.01572, 0.00263 
 4740.0, 4.81412, 0.18132, 0.84295, 1.15909, -0.00043, 0.12286, 2.94039, 0.01956, 0.32000, 0.34768, 0.02783, 0.07218, 0.00560, -0.04010, 0.04901, 0.01421, -0.00809, 0.01538, 0.08151, 0.04972, 0.00694, 0.00018 
 4800.0, 5.07386, 0.18435, 0.92316, 1.26213, 0.00035, 0.16036, 2.99057, 0.01745, 0.38823, 0.38214, 0.06768, 0.09057, -0.00781, -0.01359, 0.06989, 0.02746, -0.00561, 0.00744, 0.09000, 0.05406, 0.01338, 0.00130 
 4860.0, 6.73129, 0.19957, 1.21425, 2.90042, 0.00454, 0.17304, 3.22779, 0.02439, 0.50344, 0.37360, 0.08637, 0.20566, 0.01794, -0.01437, 0.10317, 0.04461, -0.00493, 0.03555, 0.21561, 0.04957, 0.01580, 0.00336 
 4920.0, 5.04553, 0.20600, 0.93042, 1.57733, 0.00102, 0.14841, 3.08195, 0.00284, 0.43212, 0.39979, 0.07056, 0.10278, -0.00781, 0.00025, 0.06146, 0.02815, 0.00137, 0.02301, 0.12954, 0.04651, 0.03096, 0.00238 
 4980.0, 6.29725, 0.17569, 1.07347, 2.05778, 0.00114, 0.16212, 3.13082, 0.01608, 0.63432, 0.43477, 0.09958, 0.11580, 0.00023, -0.00656, 0.07715, 0.02598, -0.01143, 0.03859, 0.19966, 0.10172, 0.02977, 0.00329 
 5040.0, 6.68626, 0.19247, 1.23831, 2.56249, 0.00488, 0.17088, 3.19218, 0.00637, 0.70758, 0.42881, 0.17567, 0.17587, 0.00889, 0.01811, 0.09505, 0.03301, 0.00119, 0.01845, 0.20356, 0.07243, 0.02276, 0.00119 
 5100.0, 6.27837, 0.18608, 1.11948, 2.35548, 0.00819, 0.17756, 3.10550, 0.02978, 0.73089, 0.43718, -0.00947, 0.15397, 0.01016, -0.03077, 0.07728, 0.03346, -0.01024, 0.02309, 0.21758, 0.10608, 0.02346, 0.00146 
 5160.0, 7.14907, 0.19754, 1.34705, 3.18965, 0.00716, 0.17485, 3.23913, 0.02643, 0.81856, 0.41696, 0.10305, 0.20150, 0.02384, -0.03473, 0.10071, 0.03811, -0.00377, 0.03114, 0.22976, 0.16747, 0.02156, 0.00255 
 5220.0, 6.19892, 0.19986, 1.24283, 3.14552, 0.00645, 0.16632, 3.21943, 0.01740, 0.70715, 0.42543, 0.07395, 0.16310, 0.00793, -0.02819, 0.08701, 0.04408, -0.00551, 0.03381, 0.24309, 0.12736, 0.03393, 0.00371 
 5280.0, 5.72187, 0.19831, 1.15795, 2.38938, 0.00675, 0.15929, 3.11787, 0.02968, 0.61636, 0.39407, 0.11008, 0.16574, 0.00719, -0.00207, 0.08092, 0.04032, -0.00585, 0.01945, 0.17340, 0.07447, 0.01486, 0.00165 
 5340.0, 5.06541, 0.19706, 0.93725, 1.98821, 0.00613, 0.15388, 3.01023, 0.01165, 0.43300, 0.36515, 0.11865, 0.13577, 0.00140, -0.00076, 0.07376, 0.02261, -0.00842, 0.03297, 0.10641, 0.03618, 0.00733, 0.00372 
 5400.0, 7.08093, 0.21398, 1.11450, 2.55113, 0.00963, 0.18310, 3.15729, 0.03297, 0.73061, 0.39246, 0.35003, 0.15544, 0.01403, 0.12918, 0.08176, 0.04773, -0.00776, 0.04602, 0.19660, 0.18881, 0.01625, 0.00595 
 5460.0, 5.98392, 0.19932, 1.07074, 2.48474, 0.00638, 0.17015, 3.07380, 0.02024, 0.58096, 0.38717, 0.14977, 0.15194, -0.00781, 0.03965, 0.07006, 0.02768, 0.00269, 0.03435, 0.15392, 0.11439, 0.02230, 0.00443 
 5520.0, 8.57597, 0.18261, 1.28528, 5.41764, 0.01074, 0.17789, 3.21277, 0.02314, 0.61946, 0.38868, 0.32041, 0.66678, 0.03857, -0.00911, 0.38707, 0.16180, 0.00924, 0.03324, 0.17139, 0.08935, 0.01977, 0.00154 
 5580.0, 6.57931, 0.17007, 1.00381, 2.61626, 0.00650, 0.14417, 2.96668, 0.04207, 0.56606, 0.35862, 0.04666, 0.23303, 0.01751, -0.02293, 0.13557, 0.05154, -0.00429, 0.02783, 0.13585, 0.07985, 0.00887, 0.00102 
 5640.0, 6.59970, 0.19840, 1.09411, 2.51003, 0.01006, 0.16520, 3.10386, 0.02925, 0.54433, 0.35270, 0.15996, 0.17217, 0.01281, 0.02368, 0.09289, 0.03723, -0.00757, 0.03761, 0.14259, 0.11336, 0.00691, 0.00331 
 5700.0, 6.21648, 0.19616, 1.21429, 3.35694, 0.00598, 0.14465, 3.11846, 0.02515, 0.61037, 0.38542, 0.06157, 0.19674, 0.01980, -0.02943, 0.10956, 0.04481, -0.01143, 0.02787, 0.21810, 0.05008, 0.00713, 0.00457 
 5760.0, 7.14030, 0.19255, 1.19695, 2.87446, 0.00860, 0.17775, 3.06812, 0.01448, 0.53617, 0.38766, 0.35908, 0.16566, -0.00781, 0.09797, 0.09137, 0.05099, -0.00757, 0.02760, 0.16003, 0.09049, 0.00971, 0.00357 
 5820.0, 5.75358, 0.20375, 1.22185, 2.69376, 0.00340, 0.15198, 3.11178, 0.01857, 0.46978, 0.39508, 0.11113, 0.17764, 0.00985, -0.00783, 0.08614, 0.04115, -0.01143, 0.01400, 0.14638, 0.08157, 0.00831, 0.00240 
 5880.0, 5.55170, 0.20873, 0.93302, 1.96469, 0.00350, 0.14635, 2.88480, 0.02792, 0.47038, 0.36569, 0.05486, 0.12147, 0.00187, -0.03237, 0.06749, 0.03185, -0.01143, 0.02259, 0.09047, 0.09806, 0.00473, 0.00231 
 5940.0, 5.99136, 0.20721, 1.06787, 2.16067, 0.00195, 0.18408, 3.06712, 0.03267, 0.47914, 0.36738, 0.09384, 0.15035, 0.01512, 0.00098, 0.07865, 0.04368, -0.00228, 0.01693, 0.13296, 0.09498, 0.00398, 0.00210 
 6000.0, 5.31805, 0.20357, 0.90180, 1.71659, 0.00148, 0.13492, 2.96224, 0.01761, 0.41785, 0.35808, 0.07845, 0.09622, 0.00385, 0.00190, 0.05523, 0.02764, -0.00608, 0.03052, 0.11488, 0.10593, 0.00084, 0.00369 
 6060.0, 5.30878, 0.19672, 0.89532, 1.77175, 0.00418, 0.11494, 2.84152, 0.02524, 0.39735, 0.34262, -0.00497, 0.12427, -0.00781, -0.02754, 0.07209, 0.02593, -0.00412, 0.01368, 0.12749, 0.04677, 0.00804, 0.00033 
 6120.0, 5.20579, 0.20602, 0.93207, 1.98332, 0.00201, 0.13272, 2.95195, 0.02521, 0.38020, 0.35080, 0.06138, 0.13644, 0.00788, -0.01223, 0.06791, 0.02708, -0.00936, 0.02291, 0.11885, 0.05645, 0.00347, 0.00338 
 6180.0, 5.51584, 0.18227, 0.97839, 3.03869, 0.00479, 0.14032, 2.96642, 0.02165, 0.37263, 0.33430, 0.10258, 0.25260, 0.01354, -0.03698, 0.14403, 0.05942, -0.01143, 0.03398, 0.11064, 0.07299, 0.00342, 0.00072 
 6240.0, 5.18314, 0.19680, 0.93246, 1.97676, 0.00447, 0.14893, 3.02891, 0.03004, 0.44868, 0.35689, 0.01418, 0.11403, -0.00781, -0.04099, 0.06809, 0.03542, -0.00516, 0.01902, 0.13372, 0.09378, 0.00653, 0.00447 
 6300.0, 5.47407, 0.19922, 0.90346, 1.95227, 0.00310, 0.12878, 2.97748, 0.02712, 0.43605, 0.34579, 0.01341, 0.11785, -0.00659, -0.03690, 0.06970, 0.03582, -0.00219, 0.01896, 0.13017, 0.08660, 0.00963, 0.00000 
 6360.0, 4.64240, 0.19368, 0.87633, 1.61369, 0.00281, 0.11890, 2.90211, 0.03546, 0.38372, 0.34792, 0.17006, 0.10141, -0.00291, 0.00844, 0.06299, 0.03116, -0.00535, 0.01607, 0.10295, 0.04189, 0.01028, 0.00304 
 6420.0, 5.98558, 0.19184, 0.89641, 1.85653, 0.00415, 0.15635, 2.96076, 0.03191, 0.45751, 0.35101, 0.11291, 0.12906, -0.00781, 0.00987, 0.06702, 0.01925, -0.00954, 0.02821, 0.11693, 0.10353, 0.00876, 0.00270 
 6480.0, 5.61833, 0.21382, 0.86838, 1.52422, 0.00369, 0.12424, 2.94555, 0.02114, 0.54563, 0.34392, 0.06445, 0.10624, -0.00470, -0.00541, 0.06141, 0.02546, -0.00268, 0.02546, 0.12079, 0.08706, 0.00549, 0.00089 
 6540.0, 5.33556, 0.21021, 0.87071, 1.57416, 0.00280, 0.12011, 2.98443, 0.03293, 0.62333, 0.39787, 0.01256, 0.10721, -0.00353, -0.03674, 0.07278, 0.03175, -0.00879, 0.01326, 0.12523, 0.08358, 0.02263, 0.00100 
 6600.0, 5.91893, 0.21953, 0.95748, 1.96465, 0.00449, 0.16738, 3.05715, 0.04113, 0.64063, 0.42159, 0.11042, 0.11813, 0.01046, -0.00824, 0.07893, 0.02968, -0.00413, 0.02319, 0.13143, 0.07632, 0.02716, 0.00628 
 6660.0, 5.93184, 0.21351, 1.05365, 2.53201, 0.00430, 0.16008, 3.16885, 0.02292, 0.74089, 0.41647, 0.07721, 0.13394, 0.00215, -0.01244, 0.08388, 0.03191, -0.00857, 0.02288, 0.16479, 0.10391, 0.02831, 0.00276 
 6720.0, 7.00481, 0.21206, 1.12970, 2.18595, 0.00243, 0.16190, 3.11163, 0.01607, 0.66601, 0.40805, 0.11855, 0.15747, 0.00212, 0.01745, 0.07667, 0.03742, -0.00998, 0.02310, 0.14392, 0.06698, 0.02779, 0.00749 
 6780.0, 7.23791, 0.21310, 1.16472, 3.24087, 0.00668, 0.15666, 3.20671, 0.02915, 0.61801, 0.40293, 0.16315, 0.40620, 0.00248, -0.01625, 0.24215, 0.06791, 0.00028, 0.02822, 0.15877, 0.09096, 0.02706, 0.00185 
 6840.0, 6.35779, 0.21195, 1.00709, 2.01165, 0.00173, 0.16125, 3.12320, 0.02019, 0.53582, 0.38710, 0.12190, 0.13789, 0.01397, -0.01284, 0.07786, 0.03018, -0.00787, 0.02637, 0.15140, 0.08437, 0.03003, 0.00379 
 6900.0, 5.92129, 0.22424, 1.03822, 2.38332, -0.00018, 0.15437, 3.12610, 0.02735, 0.59146, 0.38065, 0.19997, 0.13916, 0.00855, 0.04049, 0.07529, 0.03148, -0.01143, 0.03833, 0.14284, 0.13160, 0.04574, 0.00481 
 6960.0, 7.16244, 0.22707, 1.25947, 4.97328, 0.00045, 0.18789, 3.27273, -0.00029, 0.57539, 0.42746, 0.45829, 0.59815, 0.03598, 0.10906, 0.35946, 0.13399, 0.01867, 0.04129, 0.16883, 0.11075, 0.03534, 0.00434 
 7020.0, 6.67074, 0.21492, 1.18361, 2.64111, 0.00799, 0.20037, 3.23757, 0.03248, 0.67759, 0.37780, 0.07789, 0.17405, -0.00781, -0.00682, 0.09861, 0.05119, -0.00713, 0.03590, 0.18594, 0.08814, 0.02300, 0.00658 
 7080.0, 7.91352, 0.20327, 1.33053, 2.74073, 0.00212, 0.18683, 3.28883, 0.02355, 0.68767, 0.38948, 0.31367, 0.17912, 0.01387, 0.08577, 0.11246, 0.04584, 0.00418, 0.03359, 0.20703, 0.13510, 0.02406, 0.01275 
 7140.0, 6.10970, 0.22257, 1.12167, 2.44223, 0.00280, 0.18952, 3.10742, 0.02924, 0.53797, 0.36857, 0.06429, 0.16382, -0.00781, -0.01648, 0.07562, 0.03890, -0.00759, 0.03674, 0.19322, 0.23442, 0.01745, 0.00456 
 7200.0, 6.95445, 0.22865, 1.29848, 2.89924, 0.00445, 0.19377, 3.33470, 0.03175, 0.59480, 0.40597, 0.07058, 0.21578, -0.00781, -0.03695, 0.09972, 0.05360, -0.00118, 0.03260, 0.20072, 0.16053, 0.02302, 0.00444 
 7260.0, 6.70708, 0.21347, 1.28298, 3.17494, 0.00215, 0.18430, 3.26344, 0.03086, 0.61103, 0.43199, 0.29027, 0.18060, -0.00781, 0.06198, 0.10648, 0.05055, -0.00237, 0.02471, 0.18556, 0.07977, 0.02448, 0.01028 
 7320.0, 7.69546, 0.22142, 1.29067, 2.77425, 0.00295, 0.19763, 3.30268, 0.03871, 0.66460, 0.40295, 0.20928, 0.20399, -0.00781, 0.05764, 0.11013, 0.04391, -0.01002, 0.03658, 0.17508, 0.08920, 0.01474, 0.01308 
 7380.0, 5.84386, 0.23171, 0.97380, 1.78944, 0.00058, 0.11097, 3.04753, 0.02311, 0.55488, 0.38105, 0.07555, 0.14546, -0.00781, -0.02508, 0.07473, 0.02977, -0.01143, 0.01788, 0.11484, 0.05840, 0.00692, 0.00178 
 7440.0, 6.99357, 0.22922, 1.04318, 2.10901, 0.00129, 0.14564, 3.08774, 0.03167, 0.54697, 0.39946, 0.09610, 0.15734, 0.00430, -0.01243, 0.08835, 0.04445, -0.00805, 0.01997, 0.13620, 0.06871, 0.00829, 0.00319 
 7500.0, 6.77022, 0.21552, 1.29760, 2.44857, 0.00148, 0.15803, 3.26199, 0.02964, 0.59680, 0.39479, 0.34141, 0.15119, 0.00524, 0.11008, 0.09766, 0.04828, -0.00499, 0.04421, 0.14171, 0.07651, 0.00729, 0.00477 
 7560.0, 5.87076, 0.20332, 1.06996, 2.34223, 0.00411, 0.14587, 3.11890, 0.01805, 0.60924, 0.40407, 0.12820, 0.16132, 0.00842, -0.03031, 0.10407, 0.03318, -0.00353, 0.02002, 0.14002, 0.09157, 0.01149, 0.00542 
 7620.0, 6.14918, 0.23235, 1.10749, 2.14062, 0.00334, 0.20864, 3.20645, 0.02952, 0.54420, 0.38747, 0.09070, 0.19703, 0.00477, -0.00878, 0.10268, 0.03978, -0.01143, 0.03521, 0.16194, 0.07884, 0.01334, 0.00358 
 7680.0, 5.62768, 0.21589, 1.24630, 2.88713, 0.00119, 0.17478, 3.30224, 0.03515, 0.65470, 0.39372, 0.15415, 0.16174, 0.01532, 0.00781, 0.11286, 0.05633, 0.00612, 0.05054, 0.15954, 0.09908, 0.00630, 0.00802 
 7740.0, 6.28332, 0.22032, 1.11849, 2.30037, 0.00057, 0.20088, 3.09739, 0.03367, 0.67403, 0.39635, 0.04319, 0.17054, -0.00527, -0.05126, 0.09546, 0.04320, -0.01045, 0.01989, 0.10666, 0.05366, 0.01063, 0.00078 
 7800.0, 6.33832, 0.21863, 1.13923, 2.63989, 0.00178, 0.15131, 3.10360, 0.01878, 0.65384, 0.40709, 0.14197, 0.19128, 0.01350, -0.04186, 0.12527, 0.04333, -0.00244, 0.02222, 0.12888, 0.07214, 0.00501, 0.00301 
 7860.0, 7.30713, 0.24116, 1.40340, 2.78909, 0.00707, 0.22138, 3.31362, 0.03541, 0.74080, 0.41153, 0.05266, 0.23763, -0.00253, -0.03740, 0.11898, 0.05303, 0.00005, 0.04627, 0.17702, 0.08824, 0.00737, 0.00433 
 7920.0, 7.68187, 0.22494, 1.32984, 3.00558, 0.00268, 0.20285, 3.26618, 0.03186, 0.71014, 0.44973, 0.09954, 0.21407, 0.02085, -0.03160, 0.11532, 0.06046, -0.00066, 0.04945, 0.15871, 0.04863, 0.00964, 0.00364 
 7980.0, 7.17369, 0.22893, 1.43755, 3.66326, -0.00051, 0.18205, 3.33379, 0.03062, 0.70126, 0.43332, 0.11624, 0.25156, 0.01995, -0.02940, 0.15411, 0.06864, -0.00669, 0.02889, 0.19295, 0.05621, 0.01285, 0.00319 
 8040.0, 7.45365, 0.21221, 1.26077, 3.07161, 0.00276, 0.18790, 3.39282, 0.02942, 0.67590, 0.39175, 0.10964, 0.25760, 0.01985, -0.02024, 0.12465, 0.05864, -0.00109, 0.03458, 0.26136, 0.05588, 0.00558, 0.00266 
 8100.0, 7.30983, 0.23831, 1.38828, 2.76054, 0.00357, 0.16995, 3.28836, 0.01569, 0.76571, 0.42170, 0.10638, 0.25273, 0.01854, -0.02181, 0.14512, 0.07220, -0.00287, 0.02375, 0.20748, 0.10628, 0.01258, 0.00250 
 8160.0, 8.30053, 0.24440, 1.60766, 3.97978, 0.00515, 0.19752, 3.52687, 0.03303, 0.80929, 0.41522, 0.26897, 0.30544, -0.00781, 0.03256, 0.18414, 0.07546, -0.00501, 0.05181, 0.23449, 0.10176, 0.01478, 0.01193 
 8220.0, 8.59469, 0.22771, 1.69282, 3.82441, 0.00206, 0.22195, 3.43607, 0.02337, 0.78527, 0.42690, 0.32508, 0.27101, 0.02475, 0.07177, 0.16767, 0.09079, 0.00466, 0.04611, 0.19685, 0.09163, 0.01223, 0.00677 
 8280.0, 9.08340, 0.22789, 1.72589, 3.56814, 0.00227, 0.17550, 3.53986, 0.02502, 0.79156, 0.45621, 0.18243, 0.29076, 0.01836, -0.03537, 0.18936, 0.09437, 0.00599, 0.03028, 0.19959, 0.06544, 0.00899, 0.00400 
 8340.0, 8.12891, 0.22616, 1.65646, 3.67850, 0.00358, 0.19603, 3.41448, 0.01840, 0.90913, 0.45810, 0.10026, 0.27788, 0.01072, -0.01847, 0.16177, 0.09332, 0.00187, 0.04063, 0.17300, 0.15741, 0.01189, 0.00419 
 8400.0, 8.24564, 0.21765, 2.06051, 9.16637, 0.00199, 0.28060, 3.62236, 0.02101, 0.66715, 0.45000, 0.09839, 0.30214, 0.01927, -0.02863, 0.15980, 0.09399, -0.00149, 0.04248, 0.18384, 0.07588, 0.01329, 0.00720 
 8460.0, 7.85340, 0.23503, -9999.00000, 6.39526, 0.00435, 0.21525, 3.51623, 0.02135, -9999.00000, 0.44155, 0.09435, 0.22349, 0.01738, -0.02245, 0.13586, 0.08674, -0.01143, 0.03280, 0.14623, 0.08934, 0.01118, 0.00482 
