CampaignData_and_Merges/R0/CSL_MobileLab_Parked/raw/20240720/USOS-NOAAIodideCIMS-Halogens_MobileLabGround_20240720_RA.ict
38, 1001
Michael A Robinson, Chris Jernigan, Subi Thakali
NOAA ESRL Chemical Sciences Laboratory and CIRES, U. of Colorado
NOAA Iodide CIMS Instrument
USOS
1, 1
2024, 07, 20, 2024, 07, 21
1
starttime_UTC, seconds_past_midnight, seconds_of_day_since_00:00:00_UTC
6
1, 1, 1, 1, 1, 1
-9999, -9999, -9999, -9999, -9999, -9999
Br2_NOAACIMS, pptv, Gas_Br2_InSitu_S_AVMR, 
BrO_NOAACIMS, pptv, Gas_BrO_InSitu_S_AVMR, 
Cl2_NOAACIMS, pptv, Gas_Cl2_InSitu_S_AVMR, 
ClNO2_NOAACIMS, pptv, Gas_ClNO2_InSitu_S_AVMR, 
BrCl_NOAACIMS, pptv, Gas_BrCl_InSitu_S_AVMR, 
NCl3_NOAACIMS, pptv, Gas_NCl3_InSitu_S_AVMR, 
0
18
PI_CONTACT_INFO: 325 Broadway, R/CSD 7, Boulder, Colorado 80305; michael.a.robinson@noaa.gov; chris.jernigan@noaa.gov;
PLATFORM: NOAA CSL Mobile Lab
LOCATION: SLC, Utah
ASSOCIATED_DATA: 1Hz data also available on request.
INSTRUMENT_INFO: NOAA I- ToF CIMS
DATA_INFO: All data in parts per trillion by volume (pptv). 1 Hz data is available upon request.
UNCERTAINTY: TBD
ULOD_FLAG: -7777
ULOD_VALUE: N/A
LLOD_FLAG: -8888
LLOD_VALUE: N/A
DM_CONTACT_INFO: Nathan Howard; nathan.h.howard@noaa.gov
PROJECT_INFO: USOS, summer 2024. https://csl.noaa.gov/groups/csl7/measurements/2024usos/
STIPULATIONS_ON_USE: Users are strongly encouraged to contact the PI for proper data usage.
OTHER_COMMENTS: 
REVISION: RA
RA: Preliminary Data; For in-field use only
starttime_UTC, Br2_NOAACIMS, BrO_NOAACIMS, Cl2_NOAACIMS, ClNO2_NOAACIMS, BrCl_NOAACIMS, NCl3_NOAACIMS
[from data line 289]
 17340,  0.764,  0.076,  1.094,  0.104,  0.285,  2.507
 17400,  0.939,  0.097,  1.092,  0.103,  0.260,  2.457
 17460,  0.875,  0.095,  1.256,  0.124,  0.262,  2.363
 17520,  0.916,  0.075,  1.266,  0.124,  0.266,  2.312
 17580,  0.903,  0.081,  1.322,  0.103,  0.297,  2.593
 17640,  0.887,  0.092,  1.263,  0.102,  0.296,  2.785
 17700,  0.981,  0.110,  1.281,  0.159,  0.294,  2.806
 17760,  0.939,  0.006,  1.298,  0.142,  0.278,  2.763
 17820,  0.880,  0.072,  1.240,  0.126,  0.297,  2.674
 17880,  1.061,  0.029,  1.253,  0.140,  0.288,  2.587
 17940,  0.914,  0.078,  1.304,  0.143,  0.275,  2.797
 18000,  0.817,  0.098,  1.318,  0.103,  0.225,  2.654
 18060,  1.042,  0.071,  1.358,  0.119,  0.255,  2.858
 18120,  0.864,  0.090,  1.194,  0.144,  0.249,  2.980
 18180,  0.849,  0.043,  1.392,  0.125,  0.276,  3.801
 18240,  0.865,  0.030,  1.231,  0.142,  0.247,  2.902
 18300,  0.845, -0.052,  1.227,  0.118,  0.223,  2.474
 18360,  1.177, -0.136,  0.909,  0.344,  0.080,  3.262
 18420,  0.753,  0.074,  1.195,  0.131,  0.237,  2.981
 18480,  0.852,  0.059,  1.238,  0.134,  0.267,  3.002
 18540,  0.763,  0.055,  1.157,  0.136,  0.255,  2.980
 18600,  0.921,  0.090,  1.153,  0.078,  0.221,  2.686
 18660,  0.880,  0.120,  1.190,  0.121,  0.199,  2.651
 18720,  0.956,  0.002,  1.084,  0.123,  0.282,  2.563
 18780,  0.931,  0.108,  1.175,  0.099,  0.241,  2.167
 18840,  0.812,  0.022,  1.173,  0.084,  0.231,  2.299
 18900,  0.897,  0.123,  1.173,  0.086,  0.223,  2.448
 18960,  0.951,  0.025,  1.182,  0.110,  0.248,  2.295
 19020,  0.870,  0.081,  1.115,  0.151,  0.237,  2.186
 19080,  0.871,  0.038,  1.048,  0.123,  0.259,  2.144
 19140,  0.877,  0.092,  1.075,  0.161,  0.224,  1.977
 19200,  0.891,  0.063,  1.050,  0.121,  0.279,  2.154
 19260,  0.758,  0.144,  1.156,  0.138,  0.216,  2.122
 19320,  0.806,  0.139,  1.223,  0.108,  0.251,  2.258
 19380,  0.741,  0.105,  1.136,  0.123,  0.270,  2.374
 19440,  0.925,  0.047,  1.242,  0.109,  0.254,  2.396
 19500,  0.788,  0.198,  1.279,  0.138,  0.298,  2.338
 19560,  0.986,  0.058,  1.172,  0.134,  0.229,  2.299
 19620,  0.841,  0.090,  1.053,  0.121,  0.223,  1.895
 19680,  0.883,  0.087,  0.988,  0.120,  0.255,  1.966
 19740,  1.098,  0.118,  1.073,  0.095,  0.189,  1.967
 19800,  1.055,  0.078,  1.026,  0.099,  0.236,  2.584
 19860,  0.924,  0.087,  1.094,  0.086,  0.211,  3.052
 19920,  0.810,  0.069,  1.128,  0.081,  0.279,  3.253
 19980,  0.977,  0.152,  1.095,  0.106,  0.228,  3.458
 20040,  0.694,  0.062,  1.055,  0.092,  0.252,  3.393
 20100,  0.961,  0.148,  1.097,  0.065,  0.276,  2.734
 20160,  0.703,  0.135,  1.153,  0.096,  0.320,  2.937
 20220, -9999.000, -9999.000, -9999.000, -9999.000, -9999.000, -9999.000
 20280,  0.906,  0.166,  1.097,  0.077,  0.227,  2.106
 20340,  0.892,  0.090,  1.007,  0.085,  0.266,  2.498
 20400,  0.879,  0.086,  1.082,  0.096,  0.215,  2.478
 20460,  0.932,  0.140,  0.973,  0.109,  0.235,  2.631
 20520,  1.075,  0.120,  1.046,  0.095,  0.228,  2.894
 20580,  0.830,  0.114,  1.071,  0.080,  0.251,  2.602
 20640,  0.921,  0.174,  1.035,  0.091,  0.288,  2.758
 20700,  0.927,  0.081,  1.068,  0.072,  0.225,  2.522
 20760,  0.969,  0.069,  1.043,  0.080,  0.197,  2.292
 20820,  1.002,  0.107,  1.071,  0.074,  0.233,  2.628
 20880,  0.968,  0.123,  1.044,  0.105,  0.246,  3.151
 20940,  1.079,  0.194,  1.138,  0.068,  0.218,  2.477
 21000,  0.897,  0.140,  1.161,  0.085,  0.243,  3.498
 21060,  1.120,  0.088,  1.154,  0.049,  0.240,  3.254
 21120,  1.109,  0.162,  1.085,  0.093,  0.233,  3.256
 21180,  1.064,  0.148,  1.057,  0.099,  0.194,  3.206
 21240,  1.043,  0.100,  1.067,  0.107,  0.263,  3.682
 21300,  1.011,  0.078,  1.099,  0.085,  0.233,  3.794
 21360,  1.011,  0.166,  1.116,  0.113,  0.267,  3.991
 21420,  1.050,  0.194,  1.112,  0.075,  0.241,  3.904
 21480,  0.964,  0.112,  1.100,  0.089,  0.227,  3.795
 21540,  0.990,  0.087,  1.125,  0.093,  0.241,  4.528
 21600,  1.026,  0.047,  1.093,  0.088,  0.201,  3.926
 21660,  1.016,  0.064,  1.019,  0.087,  0.247,  3.402
 21720,  1.014,  0.170,  1.021,  0.087,  0.223,  3.746
 21780,  0.983,  0.101,  1.095,  0.104,  0.285,  3.861
 21840,  1.005,  0.082,  0.997,  0.104,  0.252,  3.568
 21900,  0.866,  0.062,  1.119,  0.079,  0.222,  3.748
 21960,  1.007,  0.084,  1.113,  0.113,  0.208,  4.283
 22020,  0.894,  0.110,  1.217,  0.057,  0.201,  4.262
 22080,  0.892,  0.089,  1.096,  0.092,  0.267,  4.934
 22140,  1.051,  0.145,  1.157,  0.101,  0.218,  4.709
 22200,  0.910,  0.163,  1.173,  0.083,  0.180,  4.932
 22260,  1.001,  0.117,  1.286,  0.088,  0.219,  5.073
 22320,  1.123,  0.173,  1.199,  0.080,  0.237,  4.789
 22380,  0.929,  0.125,  1.265,  0.096,  0.211,  5.068
 22440,  0.943,  0.054,  1.122,  0.106,  0.240,  4.623
 22500,  0.916,  0.170,  1.129,  0.095,  0.187,  4.081
 22560,  0.951,  0.115,  0.988,  0.056,  0.212,  3.793
 22620,  1.034,  0.147,  1.131,  0.067,  0.231,  3.805
 22680,  1.036,  0.125,  0.981,  0.089,  0.197,  4.025
 22740,  1.064,  0.136,  1.113,  0.075,  0.197,  4.039
 22800,  0.895,  0.132,  1.103,  0.087,  0.183,  3.946
 22860,  0.915,  0.091,  1.012,  0.071,  0.246,  3.981
 22920,  0.907,  0.053,  1.030,  0.074,  0.224,  3.646
 22980,  1.008,  0.099,  0.953,  0.103,  0.161,  3.478
 23040,  0.910,  0.197,  1.052,  0.086,  0.237,  3.724
 23100,  0.995,  0.133,  1.016,  0.088,  0.242,  3.714
 23160,  1.048,  0.100,  1.053,  0.073,  0.163,  3.828
 23220,  0.992,  0.072,  1.015,  0.099,  0.236,  3.701
 23280,  0.951,  0.061,  1.032,  0.084,  0.211,  3.610
 23340,  0.835,  0.093,  1.061,  0.111,  0.168,  3.579
 23400,  0.989,  0.146,  1.071,  0.093,  0.209,  3.520
 23460,  1.008,  0.120,  0.986,  0.071,  0.217,  3.737
 23520,  0.861,  0.142,  1.015,  0.104,  0.172,  3.476
 23580,  0.856,  0.159,  0.963,  0.074,  0.189,  3.894
 23640,  0.933,  0.135,  1.090,  0.071,  0.198,  3.960
 23700,  0.680,  0.043,  1.029,  0.069,  0.207,  4.642
 23760,  0.917,  0.194,  1.122,  0.108,  0.177,  5.593
 23820,  0.833,  0.309,  1.071,  0.090,  0.211,  5.703
 23880, -9999.000, -9999.000, -9999.000, -9999.000, -9999.000, -9999.000
 23940,  0.721,  0.083,  0.844,  0.091,  0.217,  5.596
 24000,  0.943,  0.146,  0.980,  0.107,  0.237,  5.749
 24060,  0.876,  0.118,  1.007,  0.131,  0.173,  5.867
 24120,  0.868,  0.110,  1.004,  0.112,  0.198,  5.867
 24180,  0.899,  0.102,  1.062,  0.077,  0.179,  4.532
 24240,  0.889,  0.115,  1.115,  0.103,  0.222,  4.859
 24300,  0.736,  0.068,  0.908,  0.096,  0.181,  4.140
 24360,  0.787,  0.143,  1.030,  0.048,  0.235,  4.347
 24420,  0.893,  0.160,  1.093,  0.106,  0.186,  4.440
 24480,  0.902,  0.107,  1.084,  0.082,  0.225,  4.225
 24540,  0.887,  0.097,  1.048,  0.092,  0.183,  3.995
 24600,  0.995,  0.118,  1.045,  0.078,  0.175,  3.951
 24660,  0.808,  0.160,  0.948,  0.064,  0.210,  4.124
 24720,  0.917,  0.071,  1.171,  0.073,  0.220,  3.990
 24780,  0.900,  0.151,  0.988,  0.083,  0.200,  3.240
 24840,  1.037,  0.082,  1.102,  0.111,  0.224,  3.567
 24900,  0.879,  0.060,  1.073,  0.106,  0.195,  3.326
 24960,  0.885,  0.066,  1.039,  0.090,  0.246,  3.292
 25020,  0.922,  0.108,  1.133,  0.100,  0.202,  3.318
 25080,  1.070,  0.061,  1.043,  0.104,  0.200,  2.814
 25140,  0.938,  0.042,  1.120,  0.081,  0.233,  3.236
 25200,  0.938,  0.065,  1.106,  0.079,  0.253,  2.824
 25260,  0.896,  0.095,  1.038,  0.066,  0.178,  2.669
 25320,  0.924,  0.102,  1.006,  0.061,  0.224,  2.880
 25380,  0.863,  0.024,  1.167,  0.074,  0.216,  3.109
 25440,  0.866,  0.025,  1.031,  0.089,  0.244,  2.927
 25500,  0.882,  0.016,  1.079,  0.097,  0.213,  3.173
 25560,  1.021,  0.076,  1.118,  0.067,  0.215,  3.346
 25620,  0.842,  0.033,  1.080,  0.084,  0.256,  3.640
 25680,  0.931,  0.019,  1.082,  0.108,  0.256,  3.056
 25740, -9999.000, -9999.000, -9999.000, -9999.000, -9999.000, -9999.000
 25800,  0.923,  0.016,  1.102,  0.102,  0.177,  3.685
 25860,  0.878,  0.080,  1.161,  0.074,  0.250,  3.691
 25920,  1.022,  0.056,  1.083,  0.090,  0.259,  3.671
 25980,  0.917,  0.095,  1.002,  0.114,  0.219,  3.658
 26040,  1.005,  0.023,  1.111,  0.095,  0.203,  4.053
 26100,  0.943,  0.052,  1.069,  0.101,  0.248,  3.949
 26160,  0.974,  0.057,  1.170,  0.086,  0.211,  4.171
 26220,  0.985,  0.006,  1.158,  0.118,  0.206,  4.183
 26280,  0.958,  0.058,  1.112,  0.085,  0.220,  4.111
 26340,  0.961, -0.012,  1.062,  0.068,  0.248,  4.644
 26400,  0.901,  0.038,  1.139,  0.092,  0.226,  5.045
 26460,  0.886,  0.019,  1.092,  0.081,  0.208,  4.577
 26520,  0.866,  0.040,  0.986,  0.093,  0.193,  4.591
 26580,  1.105, -0.034,  1.175,  0.061,  0.229,  5.239
 26640,  0.959, -0.018,  1.114,  0.077,  0.202,  5.293
 26700,  0.942, -0.003,  1.171,  0.057,  0.169,  4.059
 26760,  1.005, -0.021,  1.065,  0.091,  0.177,  4.194
 26820,  0.897,  0.040,  1.030,  0.073,  0.200,  3.675
 26880,  0.958,  0.026,  1.045,  0.097,  0.235,  3.035
 26940,  1.107,  0.062,  1.111,  0.101,  0.242,  3.226
 27000,  1.072,  0.076,  1.107,  0.078,  0.235,  2.743
 27060,  1.033,  0.000,  1.033,  0.076,  0.217,  2.823
 27120,  1.067,  0.014,  1.015,  0.062,  0.219,  3.198
 27180,  0.946,  0.058,  1.056,  0.067,  0.214,  2.711
 27240,  0.995,  0.002,  0.981,  0.069,  0.231,  2.978
 27300,  0.874,  0.018,  1.034,  0.056,  0.235,  2.837
 27360,  0.847,  0.013,  1.069,  0.050,  0.239,  3.041
 27420,  0.901, -0.009,  0.955,  0.074,  0.215,  3.043
 27480,  1.075,  0.107,  1.017,  0.064,  0.213,  3.258
 27540,  1.109,  0.034,  1.001,  0.089,  0.247,  3.474
 27600, -9999.000, -9999.000, -9999.000, -9999.000, -9999.000, -9999.000
 27660,  0.949,  0.040,  0.858,  0.048,  0.251,  3.602
 27720,  0.995,  0.007,  1.042,  0.077,  0.297,  3.952
 27780,  0.990,  0.059,  1.019,  0.085,  0.248,  4.369
 27840,  0.922,  0.037,  1.229,  0.082,  0.238,  4.663
 27900,  1.137, -0.055,  1.123,  0.100,  0.242,  4.877
 27960,  1.083, -0.007,  1.169,  0.118,  0.249,  5.324
 28020,  0.997,  0.023,  1.195,  0.114,  0.246,  5.433
 28080,  1.044,  0.048,  1.251,  0.148,  0.233,  5.665
 28140,  1.051,  0.027,  1.126,  0.103,  0.266,  5.479
 28200,  0.914,  0.056,  1.134,  0.107,  0.241,  5.069
 28260,  0.980,  0.034,  1.137,  0.112,  0.230,  5.144
 28320,  0.958,  0.023,  1.063,  0.092,  0.232,  4.521
 28380,  1.095,  0.076,  1.059,  0.097,  0.223,  4.287
 28440,  1.003, -0.016,  1.085,  0.095,  0.198,  4.050
 28500,  1.055,  0.038,  1.074,  0.065,  0.251,  3.970
 28560,  0.982,  0.042,  1.067,  0.066,  0.264,  3.925
 28620,  0.983, -0.026,  0.941,  0.084,  0.175,  3.665
 28680,  0.975,  0.051,  1.009,  0.071,  0.206,  3.463
 28740,  0.853,  0.014,  0.994,  0.060,  0.195,  3.402
 28800,  0.885, -0.020,  1.002,  0.085,  0.222,  3.550
 28860,  1.045,  0.012,  0.941,  0.087,  0.191,  3.597
 28920,  0.965,  0.018,  1.101,  0.070,  0.218,  3.674
 28980,  0.940,  0.067,  1.210,  0.076,  0.254,  3.887
 29040,  1.045,  0.041,  1.183,  0.095,  0.208,  3.890
 29100,  1.050,  0.000,  1.192,  0.088,  0.282,  4.165
 29160,  1.097,  0.003,  1.268,  0.090,  0.218,  4.470
 29220,  0.960,  0.066,  1.194,  0.117,  0.243,  4.140
 29280,  0.965,  0.007,  1.148,  0.102,  0.205,  4.191
 29340,  0.995,  0.028,  1.139,  0.091,  0.218,  4.242
 29400,  0.769,  0.017,  1.113,  0.097,  0.178,  4.358
 29460,  0.907, -0.011,  1.316,  0.084,  0.194,  4.727
 29520,  0.980,  0.032,  1.099,  0.094,  0.177,  4.273
 29580,  0.902,  0.052,  1.086,  0.115,  0.243,  4.209
 29640,  1.029,  0.049,  1.208,  0.090,  0.172,  4.273
 29700,  1.091,  0.099,  1.136,  0.078,  0.192,  4.085
 29760,  0.967,  0.013,  1.131,  0.111,  0.228,  4.290
 29820,  1.072,  0.080,  1.259,  0.123,  0.208,  4.108
 29880,  0.981,  0.002,  1.194,  0.116,  0.193,  5.096
 29940,  0.947,  0.073,  1.237,  0.133,  0.219,  5.114
 30000,  0.928,  0.052,  1.180,  0.138,  0.213,  5.661
 30060,  0.954, -0.010,  1.161,  0.135,  0.241,  5.739
 30120,  0.834,  0.068,  1.330,  0.146,  0.207,  6.654
 30180,  0.918,  0.060,  1.170,  0.155,  0.248,  6.635
 30240,  1.023,  0.055,  1.283,  0.160,  0.286,  7.350
 30300,  0.976,  0.041,  1.113,  0.131,  0.207,  7.214
 30360,  0.981,  0.060,  1.198,  0.110,  0.231,  6.762
 30420,  0.936,  0.066,  1.188,  0.124,  0.228,  7.089
 30480,  0.929,  0.023,  1.172,  0.133,  0.224,  6.773
 30540,  0.972,  0.033,  1.160,  0.102,  0.224,  6.019
 30600,  1.007,  0.068,  1.148,  0.132,  0.237,  6.445
 30660,  0.839,  0.108,  1.087,  0.126,  0.199,  6.397
 30720,  0.884,  0.095,  1.187,  0.130,  0.258,  6.867
 30780,  1.000,  0.057,  1.102,  0.187,  0.255,  5.890
 30840,  0.942,  0.072,  1.073,  0.146,  0.196,  4.958
 30900,  0.963,  0.084,  0.953,  0.126,  0.216,  4.254
 30960,  1.013,  0.074,  1.131,  0.153,  0.208,  4.519
 31020,  0.919,  0.083,  0.995,  0.148,  0.217,  4.588
 31080,  0.835,  0.059,  1.024,  0.133,  0.235,  4.648
 31140,  0.874,  0.044,  1.079,  0.144,  0.242,  4.551
 31200,  1.080,  0.081,  1.022,  0.138,  0.238,  4.282
 31260, -9999.000, -9999.000, -9999.000, -9999.000, -9999.000, -9999.000
 31320,  0.820,  0.065,  0.900,  0.110,  0.207,  3.767
 31380,  0.834,  0.083,  0.889,  0.131,  0.233,  3.912
 31440,  0.905,  0.096,  1.001,  0.150,  0.206,  3.684
 31500,  0.894,  0.085,  1.031,  0.162,  0.272,  4.156
 31560,  0.988,  0.107,  1.050,  0.174,  0.268,  4.451
 31620,  0.874,  0.090,  1.143,  0.194,  0.223,  4.474
 31680,  0.920,  0.044,  1.111,  0.187,  0.274,  5.292
 31740,  0.966,  0.094,  1.277,  0.220,  0.252,  6.235
 31800,  0.873,  0.087,  1.229,  0.227,  0.263,  6.560
 31860,  0.990,  0.067,  1.286,  0.263,  0.238,  6.614
 31920,  0.992,  0.037,  1.333,  0.248,  0.263,  6.859
 31980,  0.892,  0.088,  1.326,  0.254,  0.285,  7.110
 32040,  0.955,  0.061,  1.265,  0.237,  0.257,  6.734
 32100,  1.013,  0.144,  1.434,  0.220,  0.314,  7.072
 32160,  1.120,  0.048,  1.406,  0.200,  0.297,  6.734
 32220,  1.032,  0.076,  1.327,  0.219,  0.268,  6.525
 32280,  0.929,  0.092,  1.340,  0.217,  0.262,  6.092
 32340,  0.947,  0.125,  1.323,  0.185,  0.241,  6.362
 32400,  0.954,  0.059,  1.287,  0.222,  0.329,  6.229
 32460,  0.981,  0.019,  1.273,  0.210,  0.234,  6.226
 32520,  1.017,  0.119,  1.469,  0.251,  0.303,  6.287
 32580,  1.062,  0.054,  1.339,  0.278,  0.323,  5.988
 32640,  0.962,  0.052,  1.358,  0.204,  0.312,  5.719
 32700,  0.950,  0.044,  1.230,  0.229,  0.262,  5.996
 32760,  0.946,  0.061,  1.317,  0.195,  0.246,  5.534
 32820,  1.005,  0.037,  1.312,  0.237,  0.253,  5.707
 32880,  0.794,  0.030,  1.323,  0.256,  0.248,  6.565
 32940,  0.963,  0.064,  1.437,  0.239,  0.264,  6.228
 33000,  0.956,  0.000,  1.489,  0.251,  0.244,  6.504
 33060,  0.947,  0.062,  1.424,  0.275,  0.237,  5.811
 33120,  1.276,  0.129,  1.462,  0.323,  0.507,  7.045
 33180,  0.911,  0.077,  1.285,  0.255,  0.241,  5.508
 33240,  1.018, -0.018,  1.145,  0.252,  0.284,  5.580
 33300,  0.868, -0.022,  1.197,  0.289,  0.239,  6.041
 33360,  1.008,  0.017,  1.234,  0.299,  0.250,  5.571
 33420,  0.921,  0.049,  1.198,  0.286,  0.238,  6.029
 33480,  1.028,  0.020,  1.238,  0.322,  0.255,  6.413
 33540,  1.052,  0.057,  1.122,  0.287,  0.261,  6.453
 33600,  0.858, -0.026,  1.249,  0.290,  0.243,  6.613
 33660,  1.039, -0.014,  1.295,  0.296,  0.238,  7.144
 33720,  0.952, -0.026,  1.227,  0.296,  0.260,  7.936
 33780,  0.792,  0.009,  1.454,  0.307,  0.298,  7.752
 33840,  1.006,  0.021,  1.318,  0.311,  0.279,  8.356
 33900,  0.977, -0.022,  1.517,  0.299,  0.266,  9.517
 33960,  1.010, -0.034,  1.344,  0.332,  0.260,  9.581
 34020,  0.876, -0.003,  1.392,  0.318,  0.292,  9.161
 34080,  1.030, -0.032,  1.449,  0.293,  0.279,  9.366
 34140,  0.856,  0.018,  1.552,  0.298,  0.315,  9.868
 34200,  0.826, -0.029,  1.566,  0.369,  0.230,  9.443
 34260,  0.979, -0.044,  1.447,  0.374,  0.288,  9.656
 34320,  0.685, -0.012,  1.498,  0.389,  0.265,  9.982
 34380,  1.016, -0.019,  1.389,  0.377,  0.278,  9.831
 34440,  0.865, -0.028,  1.560,  0.394,  0.263, 11.342
 34500,  0.942,  0.002,  1.682,  0.343,  0.232, 12.447
 34560,  0.851, -0.005,  1.619,  0.355,  0.259, 12.358
