CampaignData_and_Merges/R0/CSL_MobileLab_Parked/raw/20240720/USOS-PTR_MobileLabGround_20240720_R0.ict
58, 1001
Matthew Coggon, Kelvin Bates, Chelsea Stockwell, Carsten Warneke
NOAA ESRL Chemical Sciences Division
NOAA PTR-ToF-MS
USOS
1,1 
2024, 07, 20, 2025, 09, 19
0
Time_Start, seconds, number of seconds from 00:00 UTC 
22
1, 1, 1, 1, 1, 1, 1, 1, 1, 1, 1, 1, 1, 1, 1, 1, 1, 1, 1, 1, 1, 1
-9999, -9999, -9999, -9999, -9999, -9999, -9999, -9999, -9999, -9999, -9999, -9999, -9999, -9999, -9999, -9999, -9999, -9999, -9999, -9999, -9999, -9999
CH3OH_NOAAPTR_ppbv,  ppbv, Gas_CH3OH_InSitu_S_AVMR, (CH3OH) methanol
CH3CN_NOAAPTR_ppbv,  ppbv, Gas_CH3CN_InSitu_S_AVMR, (CH3CN) acetonitrile
CH3CHO_NOAAPTR_ppbv,  ppbv, Gas_CH3CHO_InSitu_S_AVMR, (CH3CHO) acetaldehyde plus contributions from ethylene glycol and ethylene oxide. Interference from ethanol has been subtracted out.
C2H5OH_NOAAPTR_ppbv,  ppbv, Gas_C2H5OH_InSitu_S_AVMR, (C2H5OH) ethanol
CH3SH_NOAAPTR_ppbv,  ppbv, Gas_CH3SH_InSitu_S_AVMR, (CH3SH) methanethiol, using calibration factor for DMS
Acrolein_NOAAPTR_ppbv,  ppbv, Gas_Acrolein_InSitu_S_AVMR, (C3H4O) acrolein
AcetonePropanal_NOAAPTR_ppbv,  ppbv, Gas_AcetoneAndPropanal_InSitu_S_AVMR, (C3H6O) sum of acetone (dominant isomer) and propanal, using calibration factor for acetone
DMS_NOAAPTR_ppbv,  ppbv, Gas_DMS_InSitu_S_AVMR, (C2H6S) dimethyl sulfide with possible small contributions from ethanethiol
C5H8_NOAAPTR_ppbv,  ppbv, Gas_Isoprene_InSitu_S_AVMR, (C5H8) isoprene and possible fragments from cycloalkanes and aldehydes. Interferences have been subtracted following methods described by Coggon et al (2023)
MVKMAC_NOAAPTR_ppbv,  ppbv, Gas_MVKAndMAC_InSitu_S_AVMR, (C4H6O) sum of methyl vinyl ketone, methacrolein, and small amounts of crotonaldehyde, using weighted calibration factor for MVK (0.637) and MACR (0.363)
Benzene_NOAAPTR_ppbv,  ppbv, Gas_Benzene_InSitu_S_AVMR, (C6H6) benzene
Toluene_NOAAPTR_ppbv,  ppbv, Gas_Toluene_InSitu_S_AVMR, (C7H8) toluene with possible small contributions of fragments from ethyltoluene
Styrene_NOAAPTR_ppbv,  ppbv, Gas_Styrene_InSitu_S_AVMR, (C8H8) styrene
Benzaldehyde_NOAAPTR_ppbv,  ppbv, Gas_Benzaldehyde_InSitu_S_AVMR, (C7H6O) benzaldehyde
C8Aromatics_NOAAPTR_ppbv,  ppbv, Gas_C8Aromatics_InSitu_M_AVMR, (C8H10) sum of m-xylene, p-xylene, o-xylene, and ethyl benzene
C9Aromatics_NOAAPTR_ppbv,  ppbv, Gas_C9Aromatics_InSitu_M_AVMR, (C9H12) sum of C9 aromatics
Naphthalene_NOAAPTR_ppbv,  ppbv, Gas_Naphthalene_InSitu_S_AVMR, (C10H8) naphthalene
Octanal_NOAAPTR_ppbv,  ppbv, Gas_Octanal_InSitu_S_AVMR, (C8H16O) octanal and small amounts of octanone
Monoterpenes_NOAAPTR_ppbv,  ppbv, Gas_Monoterpenes_InSitu_M_AVMR, (C10H16) sum of monoterpenes and possible contributions from fragments of oxygenated monoterpenoids such as eucalyptol.
Nonanal_NOAAPTR_ppbv,  ppbv, Gas_Nonanal_InSitu_M_AVMR, (C9H18O) nonanal and small amounts of nonanone
C7H4ClF3_NOAAPTR_ppbv,  ppbv, Gas_C7H4ClF3_InSitu_S_AVMR, (C7H4ClF3) parachlorobenzotrifluoride
C10H30O5Si5_NOAAPTR_ppbv,  ppbv, Gas_C10H30O5Si5_InSitu_S_AVMR, (C10H30O5Si5) decamethylcyclopentasiloxane
1
SPECIAL COMMENTS:N/A
21
PI_CONTACT_INFO: NOAA ESRL Chemical Sciences Division, Tropospheric Chemistry Group. 325 Broadway, R/CSD7, Boulder, CO 80305
PLATFORM: Mobile Laboratory.
LOCATION: Salt Lake City, UT
ASSOCIATED_DATA: N/A
INSTRUMENT_INFO: NOAA PTR-ToF-MS measurements on NOAA CSL Mobile Lab
DATA_INFO: Units: ppbv
UNCERTAINTY: See OTHER_COMMENTS
ULOD_FLAG: -7777
ULOD_VALUE: N/A
LLOD_FLAG: -8888
LLOD_VALUE: N/A.
DM_CONTACT_INFO: Data Managers: Matt Coggon, Kelvin Bates, Chelsea Stockwell; email: matthew.m.coggon@noaa.gov and kelvin.bates@colorado.edu
PROJECT_INFO: USOS Deployment July-August, 2024
STIPULATIONS_ON_USE: Use of these data require prior OK from PI.
OTHER_COMMENTS: Uncertainties:
CH3OH_NOAAPTR_ppbv:30%; CH3CN_NOAAPTR_ppbv:30%; CH3CHO_NOAAPTR_ppbv:30%; C2H5OH_NOAAPTR_ppbv:30%; CH3SH_NOAAPTR_ppbv:50%; Acrolein_NOAAPTR_ppbv:30%; AcetonePropanal_NOAAPTR_ppbv:30%; DMS_NOAAPTR_ppbv:30%; C5H8_NOAAPTR_ppbv:30%; MVKMAC_NOAAPTR_ppbv:30%; 
Benzene_NOAAPTR_ppbv:30%; Toluene_NOAAPTR_ppbv:30%; Styrene_NOAAPTR_ppbv:30%; Benzaldehyde_NOAAPTR_ppbv:30%; C8Aromatics_NOAAPTR_ppbv:30%; C9Aromatics_NOAAPTR_ppbv:30%; Naphthalene_NOAAPTR_ppbv:30%; Octanal_NOAAPTR_ppbv:30%; Monoterpenes_NOAAPTR_ppbv:30%; Nonanal_NOAAPTR_ppbv:30%; 
C7H4ClF3_NOAAPTR_ppbv:30%; C10H30O5Si5_NOAAPTR_ppbv:30%; 
REVISION: R0
R0: Calibrated PTR Data. See individual species comments for details about measurement uncertainties
Time_Start, CH3OH_NOAAPTR_ppbv, CH3CN_NOAAPTR_ppbv, CH3CHO_NOAAPTR_ppbv, C2H5OH_NOAAPTR_ppbv, CH3SH_NOAAPTR_ppbv, Acrolein_NOAAPTR_ppbv, AcetonePropanal_NOAAPTR_ppbv, DMS_NOAAPTR_ppbv, C5H8_NOAAPTR_ppbv, MVKMAC_NOAAPTR_ppbv, Benzene_NOAAPTR_ppbv, Toluene_NOAAPTR_ppbv, Styrene_NOAAPTR_ppbv, Benzaldehyde_NOAAPTR_ppbv, C8Aromatics_NOAAPTR_ppbv, C9Aromatics_NOAAPTR_ppbv, Naphthalene_NOAAPTR_ppbv, Octanal_NOAAPTR_ppbv, Monoterpenes_NOAAPTR_ppbv, Nonanal_NOAAPTR_ppbv, C7H4ClF3_NOAAPTR_ppbv, C10H30O5Si5_NOAAPTR_ppbv
[from data line 1006]
60360.0, -9999.00000, -9999.00000, -9999.00000, -9999.00000, -9999.00000, -9999.00000, -9999.00000, -9999.00000, -9999.00000, -9999.00000, -9999.00000, -9999.00000, -9999.00000, -9999.00000, -9999.00000, -9999.00000, -9999.00000, -9999.00000, -9999.00000, -9999.00000, -9999.00000, -9999.00000 
60420.0, -9999.00000, -9999.00000, -9999.00000, -9999.00000, -9999.00000, -9999.00000, -9999.00000, -9999.00000, -9999.00000, -9999.00000, -9999.00000, -9999.00000, -9999.00000, -9999.00000, -9999.00000, -9999.00000, -9999.00000, -9999.00000, -9999.00000, -9999.00000, -9999.00000, -9999.00000 
60480.0, -9999.00000, -9999.00000, -9999.00000, -9999.00000, -9999.00000, -9999.00000, -9999.00000, -9999.00000, -9999.00000, -9999.00000, -9999.00000, -9999.00000, -9999.00000, -9999.00000, -9999.00000, -9999.00000, -9999.00000, -9999.00000, -9999.00000, -9999.00000, -9999.00000, -9999.00000 
60540.0, -9999.00000, -9999.00000, -9999.00000, -9999.00000, -9999.00000, -9999.00000, -9999.00000, -9999.00000, -9999.00000, -9999.00000, -9999.00000, -9999.00000, -9999.00000, -9999.00000, -9999.00000, -9999.00000, -9999.00000, -9999.00000, -9999.00000, -9999.00000, -9999.00000, -9999.00000 
60600.0, -9999.00000, -9999.00000, -9999.00000, -9999.00000, -9999.00000, -9999.00000, -9999.00000, -9999.00000, -9999.00000, -9999.00000, -9999.00000, -9999.00000, -9999.00000, -9999.00000, -9999.00000, -9999.00000, -9999.00000, -9999.00000, -9999.00000, -9999.00000, -9999.00000, -9999.00000 
60660.0, -9999.00000, -9999.00000, -9999.00000, -9999.00000, -9999.00000, -9999.00000, -9999.00000, -9999.00000, -9999.00000, -9999.00000, -9999.00000, -9999.00000, -9999.00000, -9999.00000, -9999.00000, -9999.00000, -9999.00000, -9999.00000, -9999.00000, -9999.00000, -9999.00000, -9999.00000 
60720.0, -9999.00000, -9999.00000, -9999.00000, -9999.00000, -9999.00000, -9999.00000, -9999.00000, -9999.00000, -9999.00000, -9999.00000, -9999.00000, -9999.00000, -9999.00000, -9999.00000, -9999.00000, -9999.00000, -9999.00000, -9999.00000, -9999.00000, -9999.00000, -9999.00000, -9999.00000 
60780.0, -9999.00000, -9999.00000, -9999.00000, -9999.00000, -9999.00000, -9999.00000, -9999.00000, -9999.00000, -9999.00000, -9999.00000, -9999.00000, -9999.00000, -9999.00000, -9999.00000, -9999.00000, -9999.00000, -9999.00000, -9999.00000, -9999.00000, -9999.00000, -9999.00000, -9999.00000 
60840.0, -9999.00000, -9999.00000, -9999.00000, -9999.00000, -9999.00000, -9999.00000, -9999.00000, -9999.00000, -9999.00000, -9999.00000, -9999.00000, -9999.00000, -9999.00000, -9999.00000, -9999.00000, -9999.00000, -9999.00000, -9999.00000, -9999.00000, -9999.00000, -9999.00000, -9999.00000 
60900.0, -9999.00000, -9999.00000, -9999.00000, -9999.00000, -9999.00000, -9999.00000, -9999.00000, -9999.00000, -9999.00000, -9999.00000, -9999.00000, -9999.00000, -9999.00000, -9999.00000, -9999.00000, -9999.00000, -9999.00000, -9999.00000, -9999.00000, -9999.00000, -9999.00000, -9999.00000 
60960.0, -9999.00000, -9999.00000, -9999.00000, -9999.00000, -9999.00000, -9999.00000, -9999.00000, -9999.00000, -9999.00000, -9999.00000, -9999.00000, -9999.00000, -9999.00000, -9999.00000, -9999.00000, -9999.00000, -9999.00000, -9999.00000, -9999.00000, -9999.00000, -9999.00000, -9999.00000 
61020.0, -9999.00000, -9999.00000, -9999.00000, -9999.00000, -9999.00000, -9999.00000, -9999.00000, -9999.00000, -9999.00000, -9999.00000, -9999.00000, -9999.00000, -9999.00000, -9999.00000, -9999.00000, -9999.00000, -9999.00000, -9999.00000, -9999.00000, -9999.00000, -9999.00000, -9999.00000 
61080.0, -9999.00000, -9999.00000, -9999.00000, -9999.00000, -9999.00000, -9999.00000, -9999.00000, -9999.00000, -9999.00000, -9999.00000, -9999.00000, -9999.00000, -9999.00000, -9999.00000, -9999.00000, -9999.00000, -9999.00000, -9999.00000, -9999.00000, -9999.00000, -9999.00000, -9999.00000 
61140.0, -9999.00000, -9999.00000, -9999.00000, -9999.00000, -9999.00000, -9999.00000, -9999.00000, -9999.00000, -9999.00000, -9999.00000, -9999.00000, -9999.00000, -9999.00000, -9999.00000, -9999.00000, -9999.00000, -9999.00000, -9999.00000, -9999.00000, -9999.00000, -9999.00000, -9999.00000 
61200.0, -9999.00000, -9999.00000, -9999.00000, -9999.00000, -9999.00000, -9999.00000, -9999.00000, -9999.00000, -9999.00000, -9999.00000, -9999.00000, -9999.00000, -9999.00000, -9999.00000, -9999.00000, -9999.00000, -9999.00000, -9999.00000, -9999.00000, -9999.00000, -9999.00000, -9999.00000 
61260.0, 11.31666, 0.26672, -9999.00000, 1.17490, 0.00273, 0.23306, 4.61353, -0.00011, -9999.00000, 1.14001, 0.00527, 0.17046, 0.01444, 0.00336, 0.09020, 0.04198, 0.06608, 0.04644, 0.21602, 0.03767, 0.00242, 0.00100 
61320.0, -9999.00000, -9999.00000, -9999.00000, -9999.00000, -9999.00000, -9999.00000, -9999.00000, -9999.00000, -9999.00000, -9999.00000, -9999.00000, -9999.00000, -9999.00000, -9999.00000, -9999.00000, -9999.00000, -9999.00000, -9999.00000, -9999.00000, -9999.00000, -9999.00000, -9999.00000 
61380.0, -9999.00000, -9999.00000, -9999.00000, -9999.00000, -9999.00000, -9999.00000, -9999.00000, -9999.00000, -9999.00000, -9999.00000, -9999.00000, -9999.00000, -9999.00000, -9999.00000, -9999.00000, -9999.00000, -9999.00000, -9999.00000, -9999.00000, -9999.00000, -9999.00000, -9999.00000 
61440.0, -9999.00000, -9999.00000, -9999.00000, -9999.00000, -9999.00000, -9999.00000, -9999.00000, -9999.00000, -9999.00000, -9999.00000, -9999.00000, -9999.00000, -9999.00000, -9999.00000, -9999.00000, -9999.00000, -9999.00000, -9999.00000, -9999.00000, -9999.00000, -9999.00000, -9999.00000 
61500.0, -9999.00000, -9999.00000, -9999.00000, -9999.00000, -9999.00000, -9999.00000, -9999.00000, -9999.00000, -9999.00000, -9999.00000, -9999.00000, -9999.00000, -9999.00000, -9999.00000, -9999.00000, -9999.00000, -9999.00000, -9999.00000, -9999.00000, -9999.00000, -9999.00000, -9999.00000 
61560.0, -9999.00000, -9999.00000, -9999.00000, -9999.00000, -9999.00000, -9999.00000, -9999.00000, -9999.00000, -9999.00000, -9999.00000, -9999.00000, -9999.00000, -9999.00000, -9999.00000, -9999.00000, -9999.00000, -9999.00000, -9999.00000, -9999.00000, -9999.00000, -9999.00000, -9999.00000 
61620.0, -9999.00000, -9999.00000, -9999.00000, -9999.00000, -9999.00000, -9999.00000, -9999.00000, -9999.00000, -9999.00000, -9999.00000, -9999.00000, -9999.00000, -9999.00000, -9999.00000, -9999.00000, -9999.00000, -9999.00000, -9999.00000, -9999.00000, -9999.00000, -9999.00000, -9999.00000 
61680.0, -9999.00000, -9999.00000, -9999.00000, -9999.00000, -9999.00000, -9999.00000, -9999.00000, -9999.00000, -9999.00000, -9999.00000, -9999.00000, -9999.00000, -9999.00000, -9999.00000, -9999.00000, -9999.00000, -9999.00000, -9999.00000, -9999.00000, -9999.00000, -9999.00000, -9999.00000 
61740.0, -9999.00000, -9999.00000, -9999.00000, -9999.00000, -9999.00000, -9999.00000, -9999.00000, -9999.00000, -9999.00000, -9999.00000, -9999.00000, -9999.00000, -9999.00000, -9999.00000, -9999.00000, -9999.00000, -9999.00000, -9999.00000, -9999.00000, -9999.00000, -9999.00000, -9999.00000 
61800.0, -9999.00000, -9999.00000, -9999.00000, -9999.00000, -9999.00000, -9999.00000, -9999.00000, -9999.00000, -9999.00000, -9999.00000, -9999.00000, -9999.00000, -9999.00000, -9999.00000, -9999.00000, -9999.00000, -9999.00000, -9999.00000, -9999.00000, -9999.00000, -9999.00000, -9999.00000 
61860.0, -9999.00000, -9999.00000, -9999.00000, -9999.00000, -9999.00000, -9999.00000, -9999.00000, -9999.00000, -9999.00000, -9999.00000, -9999.00000, -9999.00000, -9999.00000, -9999.00000, -9999.00000, -9999.00000, -9999.00000, -9999.00000, -9999.00000, -9999.00000, -9999.00000, -9999.00000 
61920.0, 11.91851, 0.39823, -9999.00000, 2.12666, 0.00299, 0.40015, 5.09020, -0.00011, -9999.00000, 1.21058, 0.08732, 0.30381, 0.02208, -0.01082, 0.17079, 0.12137, 0.01369, 0.06550, 0.26890, 0.07914, 0.01938, 0.00254 
61980.0, 11.72481, 0.26962, 1.78250, 1.72529, 0.00775, 0.32293, 4.84533, 0.00323, 0.69612, 1.17903, 0.04049, 0.19014, -0.00427, -0.01550, 0.08201, 0.04541, -0.00902, 0.01140, 0.17745, 0.04279, 0.01709, 0.00525 
62040.0, 9.98865, 0.25462, 1.68174, 2.05277, 0.00047, 0.26797, 4.74106, -0.00011, 0.56501, 1.18292, 0.04835, 0.14876, 0.00850, -0.01306, 0.06845, 0.04149, -0.01294, 0.01489, 0.14919, 0.03321, 0.01898, 0.00218 
62100.0, 11.19709, 0.28141, 2.11597, 1.97410, 0.00865, 0.34997, 4.91351, 0.00022, 0.54707, 1.29313, 0.09233, 0.18509, 0.01668, -0.02085, 0.11374, 0.06094, -0.00706, 0.03362, 0.18639, 0.05646, 0.01329, 0.00202 
62160.0, 11.82112, 0.28585, 1.90123, 2.32701, 0.00176, 0.32715, 4.96494, -0.00011, 0.78204, 1.28866, 0.01941, 0.20154, 0.01218, 0.00998, 0.09928, 0.05677, 0.01326, 0.04392, 0.23585, 0.10684, 0.01334, 0.00276 
62220.0, 10.75022, 0.29478, 1.76919, 2.27290, 0.00578, 0.28285, 4.78096, 0.01713, 0.60427, 1.23632, 0.04894, 0.14136, 0.01752, 0.00054, 0.07570, 0.03233, 0.01827, 0.03559, 0.30319, 0.04351, 0.01331, 0.00464 
62280.0, 11.48268, 0.24530, 1.70822, 2.25133, -0.00021, 0.27960, 4.83445, 0.00609, 0.63938, 1.28891, 0.01321, 0.12159, 0.00505, 0.00161, 0.07907, 0.04066, -0.00103, 0.02771, 0.20839, 0.03343, 0.01475, 0.00091 
62340.0, 11.76579, 0.27493, 1.89915, 2.12138, 0.00061, 0.31840, 4.99425, 0.00785, 0.58453, 1.26286, 0.04054, 0.18721, -0.00659, -0.00274, 0.08916, 0.04186, -0.00226, 0.03220, 0.35737, 0.06269, 0.01724, 0.00501 
62400.0, 11.08087, 0.28850, 1.88963, 2.43607, 0.00401, 0.28397, 5.02408, 0.00048, 0.66913, 1.23932, 0.07050, 0.18000, 0.02261, 0.00594, 0.10252, 0.04664, -0.00529, 0.02368, 0.26359, 0.17350, 0.01551, 0.00325 
62460.0, 10.97522, 0.26536, 1.74182, 2.13364, 0.00061, 0.25147, 4.88025, 0.01497, 0.73553, 1.27009, 0.05371, 0.19664, 0.00229, -0.01332, 0.08537, 0.03653, -0.01321, 0.04481, 0.21431, 0.09616, 0.01483, 0.00194 
62520.0, 12.10959, 0.27466, 1.77953, 2.61607, 0.00276, 0.30933, 4.97068, 0.00309, 0.79749, 1.29634, 0.07052, 0.19022, 0.00277, -0.00438, 0.07670, 0.03208, -0.00042, 0.03857, 0.27080, 0.21777, 0.01426, 0.00285 
62580.0, 12.80802, 0.25287, 2.20158, 3.56747, 0.00304, 0.37380, 5.27139, -0.00011, 0.58400, 1.27875, 0.14699, 0.37083, -0.00390, -0.01748, 0.20134, 0.08326, 0.00755, 0.05555, 0.21270, 0.12339, 0.01818, 0.00351 
62640.0, 10.74621, 0.28128, 2.12023, 2.75752, -0.00019, 0.31928, 5.50265, -0.00011, 0.42297, 1.05592, 0.05297, 0.19635, -0.00398, 0.00289, 0.09101, 0.03571, 0.00025, 0.03731, 0.13870, 0.04636, 0.02599, 0.00678 
62700.0, 10.67621, 0.27167, 2.23189, 2.60724, 0.00154, 0.27901, 5.54386, -0.00011, 0.45914, 1.10844, 0.07426, 0.23011, -0.00657, -0.01845, 0.10019, 0.04185, -0.00635, 0.04659, 0.12737, 0.04226, 0.02237, 0.00128 
62760.0, 11.32900, 0.27178, 3.06646, 3.87617, 0.00270, 0.36439, 5.92799, -0.00011, 0.32952, 1.03139, 0.18842, 0.32359, -0.00657, -0.01302, 0.17242, 0.06716, -0.01159, 0.02927, 0.12094, 0.11001, 0.02589, 0.00814 
62820.0, 14.07553, 0.26471, 3.60212, 8.31097, 0.00051, 0.40720, 6.27152, -0.00011, 0.26922, 0.97647, 0.41759, 1.11686, 0.02487, -0.00832, 0.70151, 0.26427, -0.00768, 0.07260, 0.11963, 0.11845, 0.02501, 0.00455 
62880.0, 13.77051, 0.28145, 3.05526, 4.22101, -0.00073, 0.31307, 6.10213, -0.00011, 0.37926, 0.87126, 0.10766, 0.29012, -0.00656, -0.02740, 0.14145, 0.04176, 0.00440, 0.06286, 0.12732, 0.07207, 0.03282, 0.00758 
62940.0, 12.61973, 0.25464, 2.85605, 3.86752, 0.00273, 0.32744, 6.15724, -0.00011, 0.37685, 0.77643, 0.08005, 0.32143, 0.01082, -0.02301, 0.12625, 0.04994, -0.01351, 0.03545, 0.11872, 0.03740, 0.04247, 0.00797 
63000.0, 14.31010, 0.26690, 3.29857, 6.04021, 0.00252, 0.37611, 6.39228, -0.00011, 0.38811, 0.79768, 0.17617, 0.52819, 0.01784, -0.01298, 0.30095, 0.08961, -0.00504, 0.03688, 0.22067, 0.15015, 0.02870, 0.00526 
63060.0, 12.49109, 0.25897, 2.98792, 3.82627, -0.00014, 0.35085, 5.99626, -0.00011, 0.28834, 0.71302, 0.15086, 0.32708, 0.01520, -0.02543, 0.15921, 0.05070, -0.01065, 0.03210, 0.13569, 0.08230, 0.02466, 0.00280 
63120.0, 11.64578, 0.27189, 2.57649, 3.30580, 0.00387, 0.26725, 5.86430, -0.00011, 0.28668, 0.64627, 0.08481, 0.29311, -0.00655, -0.02463, 0.11313, 0.03941, -0.01084, 0.04381, 0.18059, 0.12048, 0.02807, 0.00540 
63180.0, 14.19272, 0.26121, 3.23851, 3.83079, 0.00211, 0.38892, 6.29235, -0.00011, 0.24980, 0.71685, 0.20392, 0.32219, 0.01036, -0.00547, 0.13108, 0.05825, 0.01974, 0.04243, 0.14046, 0.12933, 0.03053, 0.00749 
63240.0, 11.86566, 0.24525, 2.98439, 3.95470, 0.00237, 0.33369, 5.84043, -0.00011, 0.16220, 0.60421, 0.12981, 0.35952, 0.01783, -0.02526, 0.19097, 0.05215, -0.01370, 0.04190, 0.15516, 0.05640, 0.02660, 0.00605 
63300.0, 13.43264, 0.26801, 3.73080, 22.94980, 0.00112, 0.45327, 6.48889, -0.00011, 0.47957, 0.69238, 1.41564, 3.51112, 0.15919, -0.04251, 2.34662, 0.80928, 0.02954, 0.04837, 0.15936, 0.11056, 0.02354, 0.00429 
63360.0, 12.95019, 0.26748, 3.00490, 3.62125, 0.00842, 0.32954, 6.02984, -0.00011, 0.46255, 0.69420, 0.09468, 0.33243, 0.01770, -0.02104, 0.15809, 0.06355, -0.01378, 0.04486, 0.15288, 0.07582, 0.01829, 0.00642 
63420.0, 16.09797, 0.26086, 2.93067, 5.10139, 0.00305, 0.34270, 6.10922, -0.00011, 0.34645, 0.68902, 0.19332, 0.35227, 0.02020, 0.01983, 0.14872, 0.05137, -0.01381, 0.05764, 0.20154, 0.12229, 0.02152, 0.01083 
63480.0, 10.64372, 0.23371, 2.01516, 2.09230, 0.00166, 0.28562, 5.12829, -0.00011, 0.16339, 0.78139, 0.07575, 0.18733, -0.00002, -0.00481, 0.08231, 0.02250, -0.01215, 0.02314, 0.08862, 0.03578, 0.01090, 0.00159 
63540.0, 10.63034, 0.25289, 2.21488, 2.39465, -0.00116, 0.30148, 5.38263, -0.00011, 0.29901, 0.84055, 0.08448, 0.21565, 0.01158, -0.00638, 0.09341, 0.02339, 0.00461, 0.02975, 0.12774, 0.05618, 0.03197, 0.00671 
63600.0, 11.17223, 0.26028, 2.17104, 2.81926, -0.00116, 0.28375, 5.37107, -0.00011, 0.31734, 0.87290, 0.08425, 0.25531, -0.00147, 0.00288, 0.08971, 0.04933, 0.01522, 0.01350, 0.13135, 0.03571, 0.01261, 0.00398 
63660.0, 11.22486, 0.26625, 2.26986, 2.22285, -0.00116, 0.27661, 5.34617, -0.00011, 0.28191, 0.76810, 0.08132, 0.19858, 0.00234, -0.00873, 0.08014, 0.03169, 0.03601, 0.03850, 0.08720, 0.01796, 0.02103, 0.00239 
63720.0, 13.75831, 0.26957, 2.42107, 2.97018, -0.00116, 0.30606, 5.70588, 0.00271, 0.25980, 0.56647, 0.14049, 0.23258, 0.01037, -0.03740, 0.07716, 0.02845, 0.07629, 0.03498, 0.06379, 0.03640, 0.01666, 0.00387 
63780.0, 11.75589, 0.25620, 2.61809, 2.35101, -0.00082, 0.31339, 5.64652, -0.00011, 0.36860, 0.70591, 0.13688, 0.26106, -0.00651, -0.00208, 0.09365, 0.03478, 0.04577, 0.06661, 0.10031, 0.02270, 0.01632, 0.00548 
63840.0, 12.80284, 0.26074, 3.15716, 3.84510, 0.00199, 0.41074, 5.99034, -0.00011, 0.40811, 0.76368, 0.16594, 0.41131, 0.04808, -0.01360, 0.23801, 0.09272, 0.01809, 0.04850, 0.11551, 0.09228, 0.02313, 0.00351 
63900.0, 12.42077, 0.26553, 2.99079, 9.93607, 0.00142, 0.38042, 5.88856, -0.00011, 0.25636, 0.85075, 0.56906, 1.20676, 0.05238, -0.02154, 0.71916, 0.21380, -0.01165, 0.06849, 0.17843, 0.07530, 0.02420, 0.00413 
63960.0, 12.39756, 0.27144, 2.61364, 6.07125, 0.00080, 0.31021, 5.76473, -0.00011, 0.16259, 0.78749, 0.20405, 0.26809, 0.01653, 0.02837, 0.10949, 0.03379, 0.01598, 0.07073, 0.13321, 0.07743, 0.02761, 0.00702 
64020.0, 12.04429, 0.26403, 2.58534, 4.86736, 0.00124, 0.31279, 5.90138, -0.00011, 0.15712, 0.84238, 0.40620, 0.27208, -0.00333, 0.09242, 0.12289, 0.03338, -0.01419, 0.04640, 0.15716, 0.07024, 0.03037, 0.00691 
64080.0, 13.05672, 0.24826, 2.79552, 3.57751, 0.00157, 0.32547, 5.86236, -0.00011, 0.26324, 0.89949, 0.31650, 0.31398, 0.01296, 0.00755, 0.09039, 0.03464, -0.00202, 0.04091, 0.20589, 0.14026, 0.02625, 0.00767 
64140.0, 13.34773, 0.25856, 2.51421, 3.68855, 0.00627, 0.29695, 5.72538, -0.00011, 0.26659, 0.91094, 0.12345, 0.26736, 0.02133, -0.01987, 0.09640, 0.03156, 0.02483, 0.05426, 0.21825, 0.10158, 0.02032, 0.00232 
64200.0, 11.78848, 0.24186, 2.49327, 3.24299, 0.00113, 0.33006, 5.67170, -0.00011, 0.40874, 0.98857, 0.16507, 0.27424, 0.01457, -0.01322, 0.09769, 0.03386, 0.05848, 0.04390, 0.13843, 0.06246, 0.02259, 0.00455 
