CampaignData_and_Merges/R0/CSL_MobileLab_Parked/raw/20240720/USOS-Picarro-CO2-CH4-CO-H2O_MobileLabGround_20240720_R0.ict
38, 1001
Ilana Pollack, Nell Schafer, and Jeff Peischl
NOAA Chemical Sciences Laboratory
Picarro 2401-m CO2/CH4/CO/H2O Analyzer
USOS
1, 1
2024, 07, 20, 2024, 11, 20
0
StartTime_UTC, seconds_past_midnight, seconds past midnight
5
1, 1, 1, 1, 1
-9999, -9999, -9999, -9999, -9999
StopTime_UTC, seconds_past_midnight, seconds past midnight
CO2_ppm_1min, ppm, Gas_CO2_InSitu_S_DMF, carbon dioxide mixing ratio
CH4_ppb_1min, ppb, Gas_CH4_InSitu_S_DMF, methane mixing ratio
CO_ppb_1min, ppb, Gas_CO_InSitu_S_DMF, carbon monoxide mixing ratio
H2O_ppmv_1min, ppmv, Met_H2OMRV_InSitu_S_AVMR, water vapor mixing ratio
1
SPECIAL COMMENTS: N/A
18
PI_CONTACT_INFO: Address: NOAA Chemical Sciences Laboratory, Mail Stop CSL7, 325 Broadway, Boulder, CO 80305; Email: Ilana.Pollack@noaa.gov
PLATFORM: NOAA CSL Mobile Laboratory
LOCATION: The mobile lab was stationed in Salt Lake City, Utah.
ASSOCIATED_DATA: N/A
INSTRUMENT_INFO: CO2, CH4, and CO are reported as dry air mole fractions using a commercial wavelength-scanned cavity ring-down analyzer (Picarro 2401-m). An in-field calibration gas standard of 432±0.07 ppm CO2, 2095±1 ppb CH4, and 183±1 ppb CO, calibrated in the Boulder laboratories before and after the field project using primary CO2, CH4, and CO standard tanks tied to the WMO standard (X2019, X2004A, and X2014A, respectively) from the Global Monitoring Laboratory (GML), was delivered to the inlet every 2-3 days to evaluate instrument sensitivity. A H2O measurement was calibrated before the project with a Dew Point Mirror 373 hygrometer. The water correction calculated from these calibrations was applied to the H2O measurement for the entire campaign. Species are measured at 0.5 Hz and reported as 1-minute averages for stationary measurements.
DATA_INFO: Units: CO2, ppm, dry air mole fraction; CH4, ppb, dry air mole fraction; CO, ppb, dry air mole fraction; H2O, ppmv
UNCERTAINTY: Total uncertainties are estimated as ±0.1 ppm for CO2, ±1 ppb for CH4, ±5 ppb for CO, and ±(50 ppm + 4%) for H2O.
ULOD_FLAG: -7777
ULOD_VALUE: N/A
LLOD_FLAG: -8888
LLOD_VALUE: N/A
DM_CONTACT_INFO: Data Manager: Nathan Howard; nathan.h.howard@noaa.gov
PROJECT_INFO: USOS Dates of Study: July – August 2024
STIPULATIONS_ON_USE: Use of these data require prior ok from PI.
OTHER_COMMENTS: Data are averaged to 1 minute intervals. Stationary data collected from a 10 ft tower on top of the mobile van.
REVISION: R0
R0: Final Data
StartTime_UTC, StopTime_UTC, CO2_ppm_1min, CH4_ppb_1min, CO_ppb_1min, H2O_ppmv_1min
[from data line 381]
22860,22920,439.22,1962.5,147.1,12038.5107
22920,22980,439.92,1962.4,162.9,12072.5176
22980,23040,439.24,1961.1,145.8,12013.5420
23040,23100,438.50,1959.8,139.1,11978.6250
23100,23160,440.01,1960.8,143.2,12010.4385
23160,23220,439.69,1962.8,153.9,12011.4238
23220,23280,442.74,1964.5,163.0,12082.4434
23280,23340,442.26,1964.3,140.8,12108.0820
23340,23400,442.21,1965.0,142.5,12079.1650
23400,23460,441.21,1964.6,146.8,11997.8643
23460,23520,441.26,1964.0,141.5,11960.2129
23520,23580,440.55,1964.0,143.2,11931.9102
23580,23640,441.63,1963.5,146.8,11907.3662
23640,23700,444.11,1964.3,165.6,11917.1025
23700,23760,442.40,1964.8,195.7,11952.6084
23760,23820,441.79,1964.8,151.8,11958.7803
23820,23880,441.75,1964.7,148.8,11942.2568
23880,23940,442.05,1966.9,161.0,11903.1621
23940,24000,442.35,1967.7,150.9,11944.6523
24000,24060,443.74,1965.7,145.6,12022.4883
24060,24120,442.36,1964.2,158.0,11971.2930
24120,24180,439.66,1962.7,146.4,11819.5107
24180,24240,439.21,1963.0,145.0,11835.0557
24240,24300,438.63,1962.1,138.1,11783.5283
24300,24360,440.82,1964.0,140.8,11880.7051
24360,24420,439.81,1963.4,140.6,11859.7764
24420,24480,441.38,1963.9,142.2,11990.5889
24480,24540,439.87,1963.9,139.9,11898.3525
24540,24600,439.78,1964.8,137.9,11930.4355
24600,24660,441.47,1965.2,142.7,11981.0254
24660,24720,441.50,1966.4,141.6,12003.5029
24720,24780,440.27,1965.2,138.9,11914.2646
24780,24840,442.08,1967.0,139.0,12000.1240
24840,24900,442.24,1967.9,145.3,11986.8574
24900,24960,441.16,1967.0,139.5,11925.5771
24960,25020,441.44,1967.4,141.0,11932.3701
25020,25080,441.13,1967.2,140.0,11935.4697
25080,25140,440.54,1968.2,137.4,11913.1709
25140,25200,440.46,1966.2,140.3,11872.2500
25200,25260,441.77,1964.6,141.1,11937.9746
25260,25320,441.34,1963.8,145.8,11912.1055
25320,25380,440.97,1963.8,142.8,11898.5459
25380,25440,440.61,1966.4,144.4,11866.7852
25440,25500,441.75,1968.4,154.8,11878.0557
25500,25560,445.62,1967.3,152.5,11962.7041
25560,25620,444.43,1968.8,149.0,11926.8350
25620,25680,444.95,1968.0,153.8,12019.1807
25680,25740,441.29,1964.9,148.8,11747.2344
25740,25800,446.12,1967.8,152.5,11936.0664
25800,25860,442.87,1965.3,147.5,11771.6631
25860,25920,441.81,1965.1,145.5,11712.6230
25920,25980,444.27,1967.2,149.5,11811.0586
25980,26040,443.70,1966.8,148.1,11736.2793
26040,26100,442.82,1966.5,145.5,11672.7295
26100,26160,442.12,1966.7,163.0,11642.7217
26160,26220,443.25,1968.1,153.5,11715.1699
26220,26280,442.87,1969.2,148.2,11715.4922
26280,26340,444.81,1971.6,148.5,11743.7568
26340,26400,444.62,1972.1,143.8,11722.4482
26400,26460,442.38,1970.5,167.3,11587.8008
26460,26520,443.73,1971.8,160.9,11677.6348
26520,26580,442.08,1971.6,141.5,11651.1084
26580,26640,444.84,1972.8,144.7,11730.1484
26640,26700,444.55,1970.4,140.2,11706.7266
26700,26760,442.42,1969.6,138.7,11624.7422
26760,26820,439.46,1968.8,139.6,11518.7793
26820,26880,438.70,1966.1,138.5,11501.9160
26880,26940,440.51,1967.6,138.2,11603.2979
26940,27000,438.86,1965.0,137.0,11565.5811
27000,27060,442.33,1967.0,140.2,11693.4053
27060,27120,439.87,1966.4,148.9,11609.9619
27120,27180,445.57,1967.5,151.5,11795.0313
27180,27240,441.53,1968.1,154.4,11739.8311
27240,27300,441.85,1968.5,162.5,11727.9170
27300,27360,441.45,1969.0,149.0,11730.8184
27360,27420,441.33,1969.0,145.6,11680.4785
27420,27480,440.72,1969.3,145.3,11589.1250
27480,27540,441.15,1969.5,143.5,11606.9570
27540,27600,441.25,1967.9,140.2,11574.7314
27600,27660,440.80,1966.2,138.6,11542.5068
27660,27720,442.12,1971.7,141.0,11614.1094
27720,27780,443.59,1971.9,147.9,11696.8857
27780,27840,445.63,1974.3,151.7,11820.2324
27840,27900,445.49,1976.3,148.9,11752.9512
27900,27960,447.95,1991.9,149.3,11955.9316
27960,28020,449.30,1993.6,150.0,12027.2363
28020,28080,448.36,1991.0,148.3,11899.6182
28080,28140,446.31,1982.5,146.3,11793.2344
28140,28200,445.68,1978.9,146.2,11763.6074
28200,28260,446.29,1980.0,147.4,11740.5391
28260,28320,443.07,1971.8,145.8,11649.7930
28320,28380,444.93,1971.6,143.4,11743.0273
28380,28440,443.30,1970.4,142.2,11708.2070
28440,28500,445.31,1974.3,144.0,11779.2881
28500,28560,440.59,1968.2,139.6,11662.9170
28560,28620,440.95,1967.9,143.4,11656.5918
28620,28680,444.17,1968.0,145.5,11762.1797
28680,28740,445.60,1967.6,146.7,11780.9990
28740,28800,444.88,1967.1,144.1,11823.3535
28800,28860,441.79,1968.7,144.0,11746.4492
28860,28920,443.24,1968.7,141.8,11804.9736
28920,28980,443.10,1973.1,140.1,11840.3633
28980,29040,445.37,1977.2,142.3,11964.0869
29040,29100,446.01,1978.5,144.0,11979.0605
29100,29160,446.86,1980.4,144.3,12021.0205
29160,29220,446.00,1978.4,143.2,11983.4639
29220,29280,446.19,1977.3,143.0,11959.6377
29280,29340,444.03,1973.4,143.3,11838.1201
29340,29400,444.67,1973.6,144.9,11853.0088
29400,29460,443.87,1972.2,148.2,11805.6768
29460,29520,446.07,1972.9,167.3,11849.5908
29520,29580,447.90,1974.0,151.7,11945.8672
29580,29640,446.86,1983.8,152.4,11957.4531
29640,29700,445.28,1987.2,146.6,11895.8184
29700,29760,455.20,2001.2,150.8,12170.6807
29760,29820,453.19,1996.4,149.9,12161.7002
29820,29880,450.49,1987.9,153.9,12102.6504
29880,29940,450.10,1984.6,150.5,12105.6611
29940,30000,450.53,1983.8,148.6,12111.5527
30000,30060,449.47,1983.1,152.3,12094.1914
30060,30120,452.86,1986.6,155.7,12245.7842
30120,30180,453.98,1985.2,158.6,12310.3154
30180,30240,453.90,1995.2,156.3,12223.0713
30240,30300,449.25,1991.2,153.8,12026.6904
30300,30360,447.68,1981.6,151.4,11936.4229
30360,30420,452.20,1980.8,153.7,11989.9570
30420,30480,445.51,1982.1,146.4,11656.7725
30480,30540,443.73,1980.3,142.2,11649.7129
30540,30600,446.24,1984.4,147.4,11846.3047
30600,30660,447.14,1984.9,158.4,12031.8760
30660,30720,445.40,1986.1,150.0,12205.6689
30720,30780,444.13,1978.8,149.2,12252.5996
30780,30840,440.89,1971.9,147.8,12221.5908
30840,30900,440.61,1969.4,146.5,12323.7432
30900,30960,442.05,1969.6,149.8,12438.1543
30960,31020,441.14,1969.2,149.2,12378.5869
31020,31080,441.97,1967.8,153.6,12468.8232
31080,31140,442.01,1966.4,150.5,12537.6191
31140,31200,440.90,1968.4,148.8,12465.9424
31200,31260,440.63,1966.6,148.4,12451.9893
31260,31320,440.99,1965.8,149.9,12456.7354
31320,31380,441.93,1966.3,153.0,12487.5068
31380,31440,441.23,1966.2,154.6,12522.9941
31440,31500,442.07,1968.8,153.2,12604.7715
31500,31560,442.07,1971.5,153.6,12625.2646
31560,31620,443.69,1974.1,151.3,12710.0752
31620,31680,446.38,1978.5,160.6,12796.9678
31680,31740,445.39,1982.7,161.6,12732.1494
31740,31800,445.00,1986.6,156.3,12708.9883
31800,31860,445.40,1987.3,155.9,12756.0918
31860,31920,445.65,1988.0,158.1,12774.7021
31920,31980,446.02,1988.6,158.5,12784.6660
31980,32040,446.52,1988.2,157.0,12824.8115
32040,32100,446.18,1984.7,157.5,12786.6016
32100,32160,447.32,1981.7,156.2,12818.2471
32160,32220,445.97,1978.4,153.2,12777.5771
32220,32280,446.77,1977.3,156.4,12811.3633
32280,32340,447.02,1976.8,153.7,12816.1172
32340,32400,446.53,1982.6,159.9,12826.6318
32400,32460,447.36,1982.4,159.7,12854.3672
32460,32520,449.51,1984.6,161.8,12898.2979
32520,32580,447.11,1980.7,157.7,12882.4297
32580,32640,448.36,1980.7,160.9,12905.3125
32640,32700,445.33,1977.8,153.9,12895.6855
32700,32760,445.64,1978.7,156.0,12922.1182
32760,32820,446.69,1979.6,154.9,12946.9219
32820,32880,445.66,1981.8,154.8,12990.9854
32880,32940,445.61,1983.5,154.8,13019.7676
32940,33000,447.63,1985.8,156.8,13081.0498
33000,33060,447.63,1993.5,169.2,13091.0039
33060,33120,447.50,1986.6,161.3,13113.8203
33120,33180,448.60,1980.9,157.5,13168.9355
33180,33240,447.74,1978.0,152.5,13162.6523
33240,33300,449.06,1977.8,156.6,13212.1797
33300,33360,450.44,1979.5,162.3,13272.3867
33360,33420,448.26,1977.3,156.2,13230.0908
33420,33480,449.47,1976.3,155.6,13266.2148
33480,33540,451.80,1978.8,156.4,13315.1709
33540,33600,449.07,1977.0,161.3,13276.2207
33600,33660,449.33,1976.1,162.1,13284.2813
33660,33720,449.17,1975.6,161.8,13302.3047
33720,33780,450.08,1976.8,167.8,13329.7354
33780,33840,450.55,1977.8,169.4,13370.8564
33840,33900,450.68,1979.2,161.7,13395.4189
33900,33960,450.97,1979.8,161.0,13414.7393
33960,34020,453.36,1980.4,169.7,13460.8223
34020,34080,452.82,1983.5,166.0,13485.3154
34080,34140,451.20,1983.7,160.2,13451.2070
34140,34200,452.45,1983.9,162.8,13485.1738
34200,34260,455.68,1984.6,166.5,13535.9502
34260,34320,453.83,1985.0,165.8,13516.7617
34320,34380,453.85,1985.4,165.8,13529.2314
34380,34440,453.64,1987.1,164.8,13527.1533
34440,34500,453.86,1988.0,163.1,13549.4385
34500,34560,453.10,1989.0,160.8,13527.4717
34560,34620,452.51,1989.1,163.5,13494.7148
34620,34680,452.04,1988.2,161.4,13437.7412
34680,34740,454.26,1988.5,160.5,13516.0947
34740,34800,455.43,1988.2,161.3,13541.9092
34800,34860,458.66,1994.1,183.8,13627.9824
34860,34920,456.69,1994.2,182.5,13647.9756
34920,34980,461.62,1994.0,170.8,13722.3174
34980,35040,462.03,1993.8,188.6,13730.5059
35040,35100,461.19,1994.0,181.6,13700.4463
35100,35160,458.94,1993.7,167.2,13634.7207
35160,35220,456.78,1992.4,164.3,13600.2217
35220,35280,455.48,1991.9,168.9,13514.9268
35280,35340,459.76,1993.4,177.5,13666.7197
35340,35400,453.99,1987.4,162.2,13414.3242
35400,35460,444.74,1972.7,141.9,12921.1006
35460,35520,450.44,1977.9,146.5,13129.7705
35520,35580,455.27,1978.6,147.8,13206.5176
35580,35640,458.39,1981.2,151.5,13302.4541
35640,35700,453.82,1981.7,152.0,13224.0264
35700,35760,456.38,1983.1,151.5,13278.5029
35760,35820,450.44,1981.1,150.6,13137.6855
35820,35880,451.42,1981.2,151.3,13202.0498
35880,35940,455.82,1988.2,184.4,13324.3438
35940,36000,455.45,1988.7,171.3,13407.7334
36000,36060,454.49,1990.5,154.5,13465.6797
36060,36120,458.89,1993.1,154.7,13553.8545
36120,36180,456.33,1993.4,158.8,13565.4170
36180,36240,454.13,1994.3,153.2,13490.0332
36240,36300,462.70,2000.2,157.1,13747.0615
36300,36360,456.96,1995.3,165.4,13520.3350
36360,36420,460.51,1998.7,191.5,13654.9297
36420,36480,450.13,1980.9,240.6,13234.2021
36480,36540,451.42,1983.6,162.8,13253.0059
36540,36600,446.32,1975.1,149.8,13006.0605
36600,36660,453.91,1979.5,156.8,13241.8164
36660,36720,449.88,1980.0,162.1,13173.2793
36720,36780,445.62,1972.2,156.3,12998.1250
36780,36840,445.21,1971.3,154.6,12998.6602
36840,36900,445.85,1973.0,154.7,13007.4375
36900,36960,444.59,1968.7,145.6,12956.7646
36960,37020,448.78,1970.0,143.9,13067.8867
37020,37080,443.20,1967.5,139.6,12942.3145
37080,37140,442.29,1965.8,137.3,12930.7754
37140,37200,441.80,1964.3,137.0,12921.7168
37200,37260,441.45,1964.5,136.7,12913.8594
37260,37320,442.84,1965.7,134.9,12975.3066
37320,37380,440.96,1963.3,134.3,12889.5371
37380,37440,445.36,1965.3,137.7,12973.1484
37440,37500,450.74,1969.6,140.6,13083.0547
37500,37560,448.60,1970.8,145.0,13079.1113
37560,37620,442.69,1968.5,142.4,12919.8447
37620,37680,440.32,1966.8,139.8,12819.6367
37680,37740,438.40,1966.0,143.1,12723.3096
37740,37800,438.28,1965.0,140.7,12752.7871
37800,37860,439.74,1964.6,139.3,12871.5713
37860,37920,437.88,1961.1,135.9,12820.5615
37920,37980,438.21,1960.9,137.9,12879.0273
37980,38040,437.87,1960.3,136.7,12848.9932
38040,38100,438.64,1960.7,136.3,12909.2920
38100,38160,440.15,1961.2,138.6,13013.7725
38160,38220,439.69,1961.5,148.6,12984.4541
38220,38280,438.89,1961.5,155.4,12932.1855
38280,38340,438.89,1961.6,166.0,12924.5654
38340,38400,438.49,1961.6,147.4,12876.0928
38400,38460,439.16,1962.7,140.0,12912.6201
38460,38520,441.90,1962.6,143.0,12950.7129
38520,38580,440.22,1962.9,141.9,12947.1699
38580,38640,442.21,1967.2,148.9,13006.2842
38640,38700,441.71,1968.5,142.7,13057.6318
38700,38760,442.97,1970.5,148.4,13063.8672
38760,38820,442.36,1972.7,140.8,13060.0635
38820,38880,444.65,1973.8,137.4,13147.4717
38880,38940,441.34,1967.0,138.0,13004.1904
38940,39000,443.19,1970.3,138.0,13083.0947
39000,39060,444.43,1975.0,139.0,13167.5713
39060,39120,443.54,1971.6,138.1,13106.7939
39120,39180,444.14,1971.8,141.5,13120.6650
39180,39240,444.71,1975.4,144.5,13122.4160
39240,39300,443.58,1974.1,140.8,13124.5420
39300,39360,444.44,1974.7,149.5,13159.8369
39360,39420,444.47,1976.3,144.0,13196.4297
39420,39480,443.94,1972.1,141.5,13189.8730
39480,39540,440.27,1967.4,139.2,12971.8213
39540,39600,439.07,1964.5,134.7,12889.5801
39600,39660,440.43,1965.7,140.9,12928.8535
39660,39720,439.37,1965.3,146.1,12776.3145
39720,39780,442.52,1968.4,149.3,12895.4268
39780,39840,446.79,1970.9,163.8,13092.5771
39840,39900,446.73,1977.2,169.1,13250.3369
39900,39960,443.39,1977.0,163.3,13154.1836
39960,40020,448.13,1978.9,183.4,13278.5547
40020,40080,449.70,1985.2,167.0,13485.9170
40080,40140,445.04,1989.1,157.3,13292.2344
40140,40200,446.22,1977.0,158.5,13346.9043
40200,40260,445.96,1987.3,157.6,13306.2891
40260,40320,445.80,1988.9,152.5,13260.8252
40320,40380,447.45,1985.3,156.3,13343.4570
40380,40440,446.17,1980.8,151.2,13293.8623
40440,40500,444.46,1976.6,148.0,13223.2129
40500,40560,443.97,1976.0,148.7,13210.8438
40560,40620,446.48,1979.5,149.1,13299.3682
40620,40680,445.26,1979.2,146.0,13273.0977
40680,40740,444.57,1977.8,146.5,13224.3662
40740,40800,445.24,1978.7,147.2,13260.3223
40800,40860,444.15,1977.8,146.4,13205.7559
40860,40920,444.82,1978.2,147.3,13217.8223
40920,40980,447.37,1980.7,149.5,13329.3350
40980,41040,447.99,1982.3,152.7,13315.6240
41040,41100,449.07,1983.1,154.8,13333.2607
41100,41160,449.88,1983.9,153.0,13366.2813
41160,41220,455.55,1988.8,156.9,13477.4121
41220,41280,459.00,1993.3,155.0,13536.6260
41280,41340,449.60,1990.8,165.6,13419.6484
41340,41400,448.53,1990.5,172.1,13380.5127
41400,41460,456.85,1998.8,223.4,13530.7295
41460,41520,461.69,2013.0,226.4,13627.7275
41520,41580,462.50,2022.0,200.6,13737.9482
41580,41640,460.71,2011.5,173.4,13717.7080
41640,41700,456.84,2006.3,169.2,13648.7529
41700,41760,458.75,2008.3,169.5,13801.0518
41760,41820,454.18,2001.5,165.9,13547.7891
41820,41880,456.93,2002.2,163.9,13693.9414
41880,41940,455.82,2003.0,161.4,13721.7168
41940,42000,455.81,2002.1,162.7,13660.3252
42000,42060,455.31,2010.0,168.4,13683.9434
42060,42120,458.67,2020.9,171.0,13777.9443
42120,42180,461.20,2017.0,164.5,13914.9912
42180,42240,460.24,2007.9,158.8,14046.1016
42240,42300,459.75,2003.5,169.4,13978.8262
42300,42360,461.77,2007.5,176.4,14043.8301
42360,42420,461.89,2008.3,181.9,14041.2676
42420,42480,454.97,1998.1,154.1,13925.6895
42480,42540,455.49,1999.9,150.7,13918.9346
42540,42600,455.01,1998.9,153.2,13854.5166
42600,42660,453.57,1995.6,256.9,13664.1221
42660,42720,450.67,1997.9,452.3,13503.3252
42720,42780,450.09,1989.7,250.2,13524.6309
42780,42840,456.42,1997.9,235.5,13685.0107
42840,42900,461.72,1999.7,178.0,13776.3418
42900,42960,452.53,1995.6,157.4,13553.4014
42960,43020,459.91,2009.2,163.2,13837.1758
43020,43080,455.50,2001.7,159.6,13734.6426
43080,43140,452.74,1995.9,155.7,13557.7588
43140,43200,452.95,1998.9,152.4,13588.9775
43200,43260,455.71,2003.8,160.6,13640.8242
43260,43320,459.08,2009.4,171.8,13758.9590
43320,43380,460.54,2009.6,176.9,13786.8252
43380,43440,473.51,2009.4,169.7,14082.2920
43440,43500,465.08,2002.8,169.9,13828.3438
43500,43560,460.53,2001.2,171.7,13716.6084
43560,43620,463.72,2018.2,165.0,14155.9668
43620,43680,465.45,2023.3,167.6,14171.2686
43680,43740,461.85,2013.2,168.7,14023.1494
43740,43800,464.46,2019.6,173.6,14112.1436
43800,43860,463.99,2017.7,183.1,14081.0586
43860,43920,462.37,2007.1,199.4,13926.7070
43920,43980,445.96,1971.4,147.4,13240.0117
43980,44040,440.45,1965.1,136.6,13072.3643
44040,44100,440.08,1964.7,136.5,13091.1729
44100,44160,442.50,1966.5,143.6,13158.9863
44160,44220,439.92,1965.4,140.7,13062.1484
44220,44280,438.97,1963.2,135.4,13050.7676
44280,44340,439.46,1963.5,133.9,13123.7178
44340,44400,438.57,1963.4,137.5,13025.5166
44400,44460,437.54,1962.1,132.5,12983.5869
44460,44520,438.76,1963.0,136.3,13057.6055
44520,44580,437.60,1962.5,134.7,12988.2832
44580,44640,440.01,1963.9,138.5,13134.6455
44640,44700,437.94,1963.0,132.3,12999.9404
44700,44760,439.71,1966.1,134.9,13042.9922
44760,44820,440.65,1966.3,136.5,13068.2461
44820,44880,442.70,1966.6,177.2,13072.7129
44880,44940,439.27,1964.8,145.5,12922.4160
44940,45000,441.63,1968.9,155.0,13008.5596
45000,45060,439.78,1968.6,146.2,13046.0693
45060,45120,439.62,1970.0,163.4,13057.6270
