CampaignData_and_Merges/R0/CSL_MobileLab_Parked/raw/20240720/USOS-NOAAIodideCIMS-HNO3_MobileLabGround_20240720_RA.ict
33, 1001
Michael A Robinson, Chris Jernigan, Subi Thakali
NOAA ESRL Chemical Sciences Laboratory and CIRES, U. of Colorado
NOAA Iodide CIMS Instrument
USOS
1, 1
2024, 07, 20, 2024, 07, 21
1
starttime_UTC, seconds_past_midnight, seconds_of_day_since_00:00:00_UTC
1
1
-9999
HNO3_NOAACIMS, pptv, Gas_HNO3_InSitu_S_AVMR, 
0
18
PI_CONTACT_INFO: 325 Broadway, R/CSD 7, Boulder, Colorado 80305; michael.a.robinson@noaa.gov; chris.jernigan@noaa.gov;
PLATFORM: NOAA CSL Mobile Lab
LOCATION: SLC, Utah
ASSOCIATED_DATA: 1Hz data also available on request.
INSTRUMENT_INFO: NOAA I- ToF CIMS
DATA_INFO: All data in parts per trillion by volume (pptv). 1 Hz data is available upon request.
UNCERTAINTY: TBD
ULOD_FLAG: -7777
ULOD_VALUE: N/A
LLOD_FLAG: -8888
LLOD_VALUE: N/A
DM_CONTACT_INFO: Nathan Howard; nathan.h.howard@noaa.gov
PROJECT_INFO: USOS, summer 2024. https://csl.noaa.gov/groups/csl7/measurements/2024usos/
STIPULATIONS_ON_USE: Users are strongly encouraged to contact the PI for proper data usage.
OTHER_COMMENTS: 
REVISION: RA
RA: Preliminary Data; For in-field use only
starttime_UTC, HNO3_NOAACIMS
[from data line 998]
 59880, 353.336
 59940, 360.740
 60000, 353.179
 60060, 354.052
 60120, 350.663
 60180, 345.412
 60240, 342.909
 60300, 342.540
 60360, 345.903
 60420, 341.708
 60480, 351.582
 60540, 341.723
 60600, 349.978
 60660, 367.846
 60720, 367.763
 60780, 389.127
 60840, -9999.000
 60900, 400.044
 60960, 397.581
 61020, 401.090
 61080, 413.465
 61140, 428.189
 61200, 435.165
 61260, 440.990
 61320, 441.007
 61380, 440.235
 61440, 449.669
 61500, 439.687
 61560, 436.952
 61620, 436.923
 61680, 466.734
 61740, 486.061
 61800, 493.044
 61860, 466.400
 61920, 443.690
 61980, 457.921
 62040, 487.525
 62100, 507.112
 62160, 521.954
 62220, 503.396
 62280, 471.250
 62340, 470.523
 62400, 500.532
 62460, 512.422
 62520, 516.503
 62580, 559.771
 62640, 568.017
 62700, -9999.000
 62760, 836.636
 62820, 969.074
 62880, 977.846
 62940, 979.445
 63000, 1056.024
 63060, 1058.274
 63120, 1253.812
 63180, 1379.224
 63240, 1404.486
 63300, 1483.616
 63360, 1476.171
 63420, 1504.095
 63480, 1420.294
 63540, 1332.567
 63600, 1273.862
 63660, 1302.450
 63720, 1394.849
 63780, 1585.962
 63840, 1625.588
 63900, 1490.934
 63960, 1369.229
 64020, 1422.576
 64080, 1358.049
 64140, 1281.396
 64200, 1266.825
 64260, 1295.200
 64320, 1331.092
 64380, 1272.198
 64440, 1251.249
 64500, 1229.853
 64560, -9999.000
 64620, 1153.894
 64680, 1162.924
 64740, 1113.262
 64800, 1062.898
 64860, 934.367
 64920, 933.051
 64980, 907.738
 65040, 915.812
 65100, 912.790
 65160, 949.542
 65220, 1088.325
 65280, 1006.114
 65340, 953.920
 65400, 1003.363
 65460, 944.435
 65520, 935.273
 65580, 975.200
 65640, 961.504
 65700, 947.927
 65760, 942.654
 65820, 984.312
 65880, 926.986
 65940, 882.725
 66000, 939.704
 66060, 991.201
 66120, 1032.197
 66180, 1090.192
 66240, 1118.974
 66300, 1140.163
 66360, 1218.880
 66420, 1020.659
 66480, 1044.196
 66540, 1194.728
 66600, 1173.464
 66660, 1168.305
 66720, 1209.641
 66780, 1262.935
 66840, 1250.739
 66900, 1354.332
 66960, 1443.102
 67020, 1525.272
 67080, 1496.092
 67140, 1432.630
 67200, 1425.307
 67260, 1463.988
 67320, 1501.521
 67380, 1527.843
 67440, 1482.792
 67500, 1413.109
 67560, 1358.515
 67620, 1359.898
 67680, 1315.883
 67740, 1326.804
 67800, 1298.528
 67860, 1299.149
 67920, 1258.521
 67980, 1229.032
 68040, 1199.682
 68100, 1144.685
 68160, 1226.381
 68220, -9999.000
 68280, 1035.743
 68340, 1141.956
 68400, 1135.478
 68460, 1176.431
 68520, 1228.927
 68580, 1245.969
 68640, 1187.859
 68700, 1229.738
 68760, 1166.901
 68820, 1143.354
 68880, 1151.104
 68940, 1141.593
 69000, 1103.049
 69060, 1086.860
 69120, 1091.627
 69180, 1081.978
 69240, 1088.217
 69300, 1085.768
 69360, 1098.654
 69420, 1068.145
 69480, 1039.113
 69540, 1063.272
 69600, 1071.778
 69660, 1119.087
 69720, 1157.657
 69780, 1135.064
 69840, 1095.890
 69900, 1055.399
 69960, 1053.309
 70020, 1092.347
 70080, -9999.000
 70140, 1187.575
 70200, 1180.473
 70260, 1170.118
 70320, 1200.538
 70380, 1211.860
 70440, 1148.943
 70500, 1062.908
 70560, 1087.768
 70620, 1070.797
 70680, 1104.280
 70740, 1133.666
 70800, 1122.092
 70860, 1101.155
 70920, 1119.935
 70980, 1122.732
 71040, 1115.852
 71100, 1070.195
 71160, 1097.559
 71220, 1069.365
 71280, 1080.871
 71340, 1107.706
 71400, 1085.593
 71460, 1058.661
 71520, 1059.326
 71580, 1040.980
 71640, 1059.726
 71700, 1043.418
 71760, 1032.274
 71820, 1071.821
 71880, 1054.924
 71940, -9999.000
 72000, 1013.608
 72060, 1022.826
 72120, 1105.629
 72180, 1066.214
 72240, 1027.080
 72300, 980.233
 72360, 1000.996
 72420, 1045.813
 72480, 1031.434
 72540, 988.402
 72600, 984.767
 72660, 976.689
 72720, 985.963
 72780, 984.046
 72840, 999.203
 72900, 968.288
 72960, 951.310
 73020, 937.292
 73080, 942.306
 73140, 989.856
 73200, 1010.446
 73260, 968.986
 73320, 982.195
 73380, 987.628
 73440, 988.291
 73500, 998.719
 73560, 1027.724
 73620, 978.925
 73680, 1000.370
 73740, 960.329
 73800, 871.746
 73860, 877.676
 73920, 903.923
 73980, 917.699
 74040, 928.585
 74100, 917.035
 74160, 903.327
 74220, 902.460
 74280, 939.338
 74340, 946.388
 74400, 929.538
 74460, 923.240
 74520, 932.661
 74580, 924.899
 74640, 927.830
 74700, 925.813
 74760, 890.724
 74820, 907.188
 74880, 955.971
 74940, 960.552
 75000, 956.678
 75060, 929.397
 75120, 925.473
 75180, 918.898
 75240, 915.620
 75300, 931.412
 75360, 888.514
 75420, 866.705
 75480, 841.473
 75540, 807.575
 75600, 837.900
 75660, 798.706
 75720, 804.496
 75780, 834.779
 75840, 837.745
 75900, 831.098
 75960, 832.792
 76020, 837.526
 76080, 839.150
 76140, 830.810
 76200, 848.646
 76260, 884.486
 76320, 892.664
 76380, 861.102
 76440, 868.614
 76500, 877.253
 76560, 868.117
 76620, 865.843
 76680, 871.954
 76740, 874.248
 76800, 855.501
 76860, 848.802
 76920, 882.959
 76980, 917.029
 77040, 918.102
 77100, 898.264
 77160, 866.966
 77220, 835.688
 77280, 859.103
 77340, 827.707
 77400, 879.979
 77460, 909.846
 77520, 794.355
 77580, 820.923
 77640, 824.474
 77700, 868.468
 77760, 859.691
 77820, 857.708
 77880, 902.450
 77940, 883.416
 78000, 862.003
 78060, 905.788
 78120, 950.297
 78180, 920.535
 78240, 905.237
 78300, 875.212
 78360, 884.662
 78420, 866.621
 78480, 892.707
 78540, 905.393
 78600, 863.776
 78660, 878.572
 78720, 872.962
 78780, 854.537
 78840, 853.204
 78900, 838.642
 78960, 851.805
 79020, 889.606
 79080, 913.039
 79140, 870.344
 79200, 869.158
 79260, 887.545
 79320, -9999.000
 79380, 796.876
 79440, 826.224
 79500, 804.764
 79560, 817.491
 79620, 814.358
 79680, 853.548
 79740, 888.368
 79800, 854.755
 79860, 837.671
 79920, 834.595
 79980, 846.980
 80040, 853.207
 80100, 906.216
 80160, 904.558
 80220, 897.660
 80280, 892.574
 80340, 858.430
 80400, 839.535
 80460, 872.611
 80520, 902.217
 80580, 949.442
 80640, 928.855
 80700, 881.838
 80760, 903.054
 80820, 906.181
 80880, 909.036
 80940, 890.133
 81000, 867.842
 81060, 853.589
 81120, 835.194
 81180, -9999.000
 81240, 811.533
 81300, 808.191
 81360, 787.201
 81420, 769.329
 81480, 747.566
 81540, 744.448
 81600, 752.825
 81660, 744.626
 81720, 768.043
 81780, 771.733
 81840, 755.713
 81900, 730.777
 81960, 715.920
 82020, 714.808
 82080, 737.765
 82140, 752.833
 82200, 762.410
 82260, 743.255
 82320, 738.659
 82380, 728.518
 82440, 750.513
 82500, 762.060
 82560, 776.257
 82620, 791.214
 82680, 829.103
 82740, 836.117
 82800, 808.485
 82860, 815.378
 82920, 793.869
 82980, 765.435
 83040, -9999.000
 83100, 753.078
 83160, 763.621
 83220, 782.402
 83280, 794.399
 83340, 778.731
 83400, 792.349
 83460, 805.407
 83520, 785.359
 83580, 775.754
 83640, 774.881
 83700, 773.300
 83760, 775.360
 83820, 776.783
 83880, 758.329
 83940, 775.745
 84000, 761.079
 84060, 762.047
 84120, 770.632
 84180, 777.700
 84240, 750.058
 84300, 740.243
 84360, 743.193
 84420, 769.779
 84480, 754.464
 84540, 761.841
 84600, 729.789
 84660, 746.100
 84720, 727.109
 84780, 711.849
 84840, 726.129
 84900, 676.138
 84960, 686.895
 85020, 672.362
 85080, 691.155
 85140, 717.125
 85200, 732.441
 85260, 724.572
 85320, 721.117
 85380, 704.373
 85440, 700.146
 85500, 704.983
 85560, 719.261
 85620, 713.522
 85680, 684.828
 85740, 688.360
 85800, 684.496
 85860, 662.842
 85920, 676.353
 85980, 669.978
 86040, 679.094
 86100, 677.039
 86160, 706.357
 86220, 683.749
 86280, 670.304
 86340, 674.006
