CampaignData_and_Merges/R0/CSL_MobileLab_Parked/raw/20240720/USOS-MetNav_MobileLabGround_20240720_R0.ict
44, 1001
Carrie Womack, Nate Howard, Mike Zucker
NOAA Chemical Sciences Laboratory
Mobile Lab MetNav Station
USOS
1, 1
2024, 07, 20, 2024, 12, 21
60
Time_Start, seconds_past_midnight, Seconds from midnight UTC
11
1, 1, 1, 1, 1, 1, 1, 1, 1, 1, 1
-9999, -9999, -9999, -9999, -9999, -9999, -9999, -9999, -9999, -9999, -9999
GPS_Alt_m, meters, Altitude from Differential GPS
GPS_Course_deg, degrees, Course from Differential GPS
GPS_GndSpd_m_s, m/s, Ground Speed from Differential GPS
GPS_Heading_deg, degrees, Heading from Differential GPS
GPS_Lat_deg, degrees, Latitude from Differential GPS
GPS_Lon_deg, degrees, Longitude from Differential GPS
AirTemp_C, Celsius, Air Temperature from Airmar
RelHumidity_pct, percent, Relative Humidity from Airmar
Pressure_mb, millibars, Pressure from Honeywell
WindDir_calc_deg, degrees, Wind Direction from Airmar corrected for van movement
WindSpd_calc_m_s, m/s, Wind Speed from Airmar corrected for van movement
1
SPECIAL COMMENTS:
18
PI_CONTACT_INFO: Address: 325 Broadway R/CSL7, Boulder, CO, 80305
PLATFORM: CSL Mobile Lab
LOCATION: Salt Lake City, UT
ASSOCIATED_DATA: N/A
INSTRUMENT_INFO: N/A
DATA_INFO: Units:
UNCERTAINTY: N/A
ULOD_FLAG: -7777
ULOD_VALUE: N/A
LLOD_FLAG: -8888
LLOD_VALUE: N/A
DM_CONTACT_INFO: Data Manager: Nate Howard
PROJECT_INFO: 
STIPULATIONS_ON_USE: Use of these data require prior ok from PI.
OTHER_COMMENTS: 
REVISION: R0
R0: Final data. Fixed bug in wind averaging code. RA: Preliminary Data. For in-field use only. 
Time_Start, GPS_Alt_m, GPS_Course_deg, GPS_GndSpd_m_s, GPS_Heading_deg, GPS_Lat_deg, GPS_Lon_deg, AirTemp_C, RelHumidity_pct, Pressure_mb, WindDir_calc_deg, WindSpd_calc_m_s
[from data line 1402]
84120.0,1310.6,358.36,0.05,358.36,40.73434,-111.87210,39.1,15.4,876.3,128.00,0.3
84180.0,1310.7,358.90,0.05,358.90,40.73434,-111.87210,39.2,15.6,876.3,60.00,0.3
84240.0,1310.7,359.15,0.05,359.15,40.73434,-111.87210,39.2,16.5,876.3,75.72,1.1
84300.0,1310.8,358.94,0.05,358.94,40.73434,-111.87210,39.3,16.0,876.3,72.33,0.7
84360.0,1310.9,358.66,0.05,358.66,40.73434,-111.87210,39.3,15.9,876.3,59.67,0.4
84420.0,1311.0,358.79,0.05,358.79,40.73434,-111.87210,39.3,15.7,876.2,43.84,0.3
84480.0,1311.2,358.65,0.05,358.65,40.73434,-111.87210,39.3,15.5,876.2,15.61,0.4
84540.0,1311.3,358.84,0.05,358.84,40.73434,-111.87210,39.4,16.0,876.2,77.27,0.7
84600.0,1311.5,358.50,0.06,358.50,40.73434,-111.87210,39.1,15.6,876.2,336.82,0.7
84660.0,1311.8,358.60,0.05,358.60,40.73434,-111.87210,39.1,15.7,876.2,64.43,0.7
84720.0,1312.0,358.92,0.05,358.92,40.73434,-111.87210,39.1,16.3,876.2,86.01,1.0
84780.0,1311.6,358.74,0.05,358.74,40.73434,-111.87210,39.2,15.8,876.2,79.42,0.3
84840.0,1311.6,358.12,0.04,358.12,40.73434,-111.87210,39.1,16.1,876.2,71.02,0.7
84900.0,1311.3,358.30,0.06,358.30,40.73434,-111.87210,38.9,15.8,876.2,8.08,0.5
84960.0,1311.4,358.77,0.06,358.77,40.73434,-111.87210,39.1,15.9,876.2,78.62,0.9
85020.0,1311.6,358.62,0.06,358.62,40.73434,-111.87210,39.2,15.7,876.2,92.91,0.6
85080.0,1311.5,359.00,0.05,359.00,40.73434,-111.87210,39.2,15.2,876.2,242.15,0.5
85140.0,1311.5,359.05,0.05,359.05,40.73434,-111.87210,39.4,15.4,876.2,64.35,0.4
85200.0,1311.5,358.87,0.05,358.87,40.73434,-111.87210,39.6,15.8,876.2,72.19,0.6
85260.0,1311.4,358.62,0.04,358.62,40.73434,-111.87210,39.3,15.6,876.2,20.42,0.5
85320.0,1311.3,358.68,0.06,358.68,40.73434,-111.87210,39.5,15.9,876.2,74.71,0.8
85380.0,1311.2,359.01,0.05,359.01,40.73434,-111.87210,39.4,15.7,876.2,61.59,0.6
85440.0,1311.3,359.35,0.05,359.35,40.73434,-111.87210,39.3,15.8,876.2,65.37,0.8
85500.0,1311.2,359.66,0.05,359.66,40.73434,-111.87210,39.1,15.4,876.2,340.65,0.4
85560.0,1311.1,359.48,0.06,359.48,40.73434,-111.87210,39.0,15.4,876.2,3.61,0.6
85620.0,1311.0,359.16,0.05,359.16,40.73434,-111.87210,39.0,15.6,876.2,47.07,0.4
85680.0,1310.9,358.94,0.05,358.94,40.73434,-111.87210,39.0,15.8,876.2,68.72,0.7
85740.0,1310.8,359.01,0.04,359.01,40.73434,-111.87210,39.0,15.9,876.2,57.93,0.8
85800.0,1310.9,359.11,0.04,359.11,40.73434,-111.87210,39.0,16.1,876.2,73.21,0.8
85860.0,1311.0,359.30,0.05,359.30,40.73434,-111.87210,38.8,15.8,876.2,42.88,0.8
85920.0,1310.6,359.24,0.06,359.24,40.73434,-111.87210,38.9,15.5,876.2,18.62,0.3
85980.0,1310.7,359.34,0.05,359.34,40.73434,-111.87210,38.8,15.6,876.2,61.39,0.8
86040.0,1310.6,359.44,0.05,359.44,40.73434,-111.87210,38.9,15.9,876.1,77.66,0.8
86100.0,1310.6,359.57,0.06,359.57,40.73434,-111.87210,38.7,15.7,876.1,74.23,1.1
86160.0,1310.6,359.69,0.06,359.69,40.73434,-111.87210,38.7,15.8,876.1,63.01,0.6
86220.0,1310.6,359.40,0.05,359.40,40.73434,-111.87210,38.8,15.9,876.1,78.44,0.9
86280.0,1310.9,359.57,0.04,359.57,40.73434,-111.87210,38.9,15.8,876.1,92.04,0.5
86340.0,1310.5,0.24,0.05,0.24,40.73434,-111.87210,39.0,15.7,876.1,78.64,0.5
