CampaignData_and_Merges/R0/CSL_MobileLab_Parked/raw/20240720/USOS-NOAAIodideCIMS-Halogens_MobileLabGround_20240720_RA.ict
38, 1001
Michael A Robinson, Chris Jernigan, Subi Thakali
NOAA ESRL Chemical Sciences Laboratory and CIRES, U. of Colorado
NOAA Iodide CIMS Instrument
USOS
1, 1
2024, 07, 20, 2024, 07, 21
1
starttime_UTC, seconds_past_midnight, seconds_of_day_since_00:00:00_UTC
6
1, 1, 1, 1, 1, 1
-9999, -9999, -9999, -9999, -9999, -9999
Br2_NOAACIMS, pptv, Gas_Br2_InSitu_S_AVMR, 
BrO_NOAACIMS, pptv, Gas_BrO_InSitu_S_AVMR, 
Cl2_NOAACIMS, pptv, Gas_Cl2_InSitu_S_AVMR, 
ClNO2_NOAACIMS, pptv, Gas_ClNO2_InSitu_S_AVMR, 
BrCl_NOAACIMS, pptv, Gas_BrCl_InSitu_S_AVMR, 
NCl3_NOAACIMS, pptv, Gas_NCl3_InSitu_S_AVMR, 
0
18
PI_CONTACT_INFO: 325 Broadway, R/CSD 7, Boulder, Colorado 80305; michael.a.robinson@noaa.gov; chris.jernigan@noaa.gov;
PLATFORM: NOAA CSL Mobile Lab
LOCATION: SLC, Utah
ASSOCIATED_DATA: 1Hz data also available on request.
INSTRUMENT_INFO: NOAA I- ToF CIMS
DATA_INFO: All data in parts per trillion by volume (pptv). 1 Hz data is available upon request.
UNCERTAINTY: TBD
ULOD_FLAG: -7777
ULOD_VALUE: N/A
LLOD_FLAG: -8888
LLOD_VALUE: N/A
DM_CONTACT_INFO: Nathan Howard; nathan.h.howard@noaa.gov
PROJECT_INFO: USOS, summer 2024. https://csl.noaa.gov/groups/csl7/measurements/2024usos/
STIPULATIONS_ON_USE: Users are strongly encouraged to contact the PI for proper data usage.
OTHER_COMMENTS: 
REVISION: RA
RA: Preliminary Data; For in-field use only
starttime_UTC, Br2_NOAACIMS, BrO_NOAACIMS, Cl2_NOAACIMS, ClNO2_NOAACIMS, BrCl_NOAACIMS, NCl3_NOAACIMS
[from data line 866]
 51960, -9999.000, -9999.000, -9999.000, -9999.000, -9999.000, -9999.000
 52020, -9999.000, -9999.000, -9999.000, -9999.000, -9999.000, -9999.000
 52080, -9999.000, -9999.000, -9999.000, -9999.000, -9999.000, -9999.000
 52140, -9999.000, -9999.000, -9999.000, -9999.000, -9999.000, -9999.000
 52200, -9999.000, -9999.000, -9999.000, -9999.000, -9999.000, -9999.000
 52260,  0.419,  0.013,  0.622,  0.022,  0.049, -0.030
 52320,  1.050,  0.051,  0.738,  0.049,  0.117,  0.091
 52380,  0.840,  0.048,  0.741,  0.069,  0.110,  0.180
 52440,  1.008,  0.016,  0.767,  0.065,  0.127,  0.182
 52500,  0.893,  0.097,  0.776,  0.072,  0.052,  0.134
 52560,  0.672,  0.041,  0.676,  0.050,  0.061,  0.059
 52620,  0.862,  0.051,  0.685,  0.057,  0.069,  0.133
 52680,  0.692,  0.052,  0.643,  0.048,  0.085,  0.121
 52740,  0.821,  0.018,  0.625,  0.061,  0.099,  0.109
 52800,  0.739,  0.057,  0.644,  0.071,  0.092,  0.116
 52860,  0.830,  0.069,  0.721,  0.060,  0.051,  0.105
 52920,  0.804,  0.050,  0.710,  0.097,  0.046,  0.046
 52980,  0.790,  0.110,  0.706,  0.063,  0.063,  0.134
 53040,  0.640,  0.024,  0.668,  0.076,  0.084,  0.022
 53100,  0.629,  0.128,  0.852,  0.069,  0.074,  0.108
 53160,  0.787,  0.080,  0.711,  0.082,  0.084,  0.080
 53220,  0.681,  0.111,  0.747,  0.054,  0.101,  0.085
 53280,  0.556,  0.086,  0.731,  0.064,  0.051,  0.126
 53340,  0.643,  0.089,  0.763,  0.060,  0.111,  0.053
 53400,  0.576,  0.002,  0.769,  0.044,  0.075,  0.038
 53460, -9999.000, -9999.000, -9999.000, -9999.000, -9999.000, -9999.000
 53520,  0.761, -0.037,  0.645,  0.070,  0.023,  0.141
 53580,  0.691,  0.075,  0.661,  0.068,  0.071,  0.073
 53640,  0.618,  0.081,  0.709,  0.079,  0.068,  0.124
 53700,  0.648,  0.079,  0.677,  0.070,  0.065,  0.031
 53760,  0.824,  0.146,  0.693,  0.076,  0.059,  0.092
 53820,  0.630,  0.093,  0.611,  0.056,  0.045,  0.079
 53880,  0.620,  0.103,  0.628,  0.081,  0.084,  0.101
 53940,  0.712,  0.063,  0.754,  0.068,  0.063,  0.018
 54000,  0.618, -0.016,  0.673,  0.076,  0.099,  0.053
 54060,  0.629,  0.090,  0.608,  0.061,  0.067,  0.010
 54120,  0.790,  0.041,  0.701,  0.048,  0.041,  0.014
 54180,  0.756,  0.036,  0.620,  0.070,  0.078,  0.033
 54240,  0.773,  0.092,  0.587,  0.077,  0.062,  0.054
 54300,  0.713,  0.072,  0.646,  0.063,  0.082,  0.003
 54360,  0.702,  0.027,  0.593,  0.048,  0.042,  0.011
 54420,  0.845,  0.098,  0.584,  0.085,  0.060, -0.038
 54480,  0.740,  0.029,  0.588,  0.086,  0.089,  0.064
 54540,  0.772,  0.145,  0.602,  0.102,  0.065,  0.055
 54600,  0.769,  0.136,  0.545,  0.078,  0.033,  0.003
 54660,  0.702,  0.133,  0.617,  0.095,  0.058,  0.088
 54720,  0.733,  0.157,  0.638,  0.100,  0.085,  0.020
 54780,  0.581,  0.043,  0.597,  0.067,  0.081,  0.038
 54840,  0.867,  0.173,  0.607,  0.072,  0.073, -0.065
 54900,  0.797,  0.065,  0.598,  0.082,  0.087,  0.016
 54960,  0.841,  0.108,  0.619,  0.067,  0.070,  0.000
 55020,  0.751,  0.105,  0.591,  0.072,  0.071, -0.026
 55080,  0.856,  0.154,  0.570,  0.110,  0.056,  0.025
 55140,  0.782,  0.148,  0.493,  0.112,  0.055,  0.018
 55200,  0.688,  0.153,  0.621,  0.108,  0.097,  0.006
 55260,  0.777,  0.213,  0.563,  0.073,  0.046,  0.013
 55320,  0.970,  0.214,  0.707,  0.042, -0.040, -0.242
 55380,  0.852,  0.153,  0.558,  0.108,  0.082, -0.009
 55440,  0.843,  0.129,  0.619,  0.073,  0.091,  0.071
 55500,  0.899,  0.116,  0.476,  0.099,  0.045, -0.014
 55560,  0.812,  0.153,  0.574,  0.069,  0.088, -0.057
 55620,  0.853,  0.133,  0.486,  0.096,  0.044,  0.010
 55680,  0.906,  0.177,  0.628,  0.052,  0.036, -0.004
 55740,  0.813,  0.098,  0.497,  0.050,  0.092,  0.012
 55800,  0.764,  0.172,  0.576,  0.082,  0.114, -0.077
 55860,  0.788,  0.121,  0.550,  0.068,  0.107,  0.004
 55920,  0.796,  0.159,  0.538,  0.068,  0.069, -0.002
 55980,  0.875,  0.113,  0.519,  0.084,  0.092,  0.058
 56040,  0.841,  0.135,  0.646,  0.070,  0.078,  0.007
 56100,  0.972,  0.196,  0.627,  0.063,  0.097,  0.030
 56160,  0.813,  0.133,  0.627,  0.051,  0.122,  0.076
 56220,  0.917,  0.103,  0.626,  0.073,  0.104,  0.034
 56280,  1.005,  0.189,  0.674,  0.095,  0.064,  0.029
 56340,  1.007,  0.168,  0.556,  0.063,  0.066,  0.054
 56400,  1.097,  0.157,  0.606,  0.058,  0.089,  0.092
 56460,  0.886,  0.197,  0.608,  0.059,  0.082,  0.094
 56520,  0.946,  0.154,  0.648,  0.054,  0.067,  0.153
 56580,  0.933,  0.254,  0.678,  0.085,  0.100,  0.123
 56640,  0.671,  0.134,  0.748,  0.042,  0.104,  0.123
 56700,  0.888,  0.110,  0.648,  0.053,  0.090,  0.121
 56760,  1.007,  0.194,  0.624,  0.043,  0.117,  0.105
 56820,  0.810,  0.143,  0.594,  0.063,  0.087,  0.125
 56880,  1.011,  0.160,  0.616,  0.040,  0.123,  0.141
 56940,  0.614,  0.200,  0.604,  0.045,  0.070,  0.133
 57000,  0.820,  0.187,  0.719,  0.065,  0.094,  0.131
 57060,  0.956,  0.170,  0.618,  0.055,  0.090,  0.186
 57120,  1.241,  0.275,  0.729,  0.031,  0.073,  0.109
 57180, -0.188, -0.021,  0.738,  0.033, -0.019,  0.055
 57240,  0.881,  0.171,  0.587,  0.039,  0.070,  0.210
 57300,  0.870,  0.265,  0.637,  0.042,  0.106,  0.109
 57360,  0.946,  0.126,  0.682,  0.036,  0.089,  0.099
 57420,  0.936,  0.112,  0.585,  0.049,  0.078,  0.147
 57480,  0.777,  0.083,  0.601,  0.050,  0.042,  0.079
 57540,  0.786,  0.161,  0.717,  0.049,  0.098,  0.145
 57600,  0.927,  0.126,  0.710,  0.057,  0.141,  0.115
 57660,  0.861,  0.158,  0.683,  0.057,  0.110,  0.443
 57720,  0.828,  0.165,  0.613,  0.061,  0.082,  0.533
 57780,  0.953,  0.142,  0.577,  0.036,  0.117,  0.363
 57840,  0.970,  0.119,  0.694,  0.056,  0.098,  0.330
 57900,  0.887,  0.254,  0.669,  0.049,  0.134,  0.406
 57960,  0.953,  0.202,  0.700,  0.053,  0.136,  0.170
 58020,  0.873,  0.143,  0.783,  0.093,  0.127,  0.310
 58080,  0.987,  0.199,  0.674,  0.059,  0.079,  0.247
 58140,  0.831,  0.178,  0.651,  0.048,  0.117,  0.184
 58200,  0.735,  0.103,  0.618,  0.073,  0.090,  0.205
 58260,  0.182, -0.006,  0.518,  0.032,  0.031,  0.024
 58320,  0.868,  0.170,  0.690,  0.064,  0.111,  0.243
 58380,  0.817,  0.162,  0.614,  0.072,  0.100,  0.150
 58440,  0.741,  0.164,  0.654,  0.040,  0.112,  0.217
 58500,  0.741,  0.076,  0.653,  0.058,  0.060,  0.175
 58560,  0.817,  0.074,  0.747,  0.062,  0.073,  0.195
 58620,  0.771,  0.117,  0.654,  0.034,  0.079,  0.111
 58680,  0.721,  0.091,  0.613,  0.058,  0.130,  0.061
 58740,  0.771,  0.080,  0.670,  0.056,  0.129,  0.067
 58800,  0.616,  0.061,  0.659,  0.052,  0.060,  0.068
 58860,  0.659,  0.180,  0.721,  0.054,  0.083,  0.108
 58920,  0.819,  0.067,  0.682,  0.069,  0.103,  0.110
 58980,  0.875,  0.052,  0.701,  0.088,  0.069,  0.224
 59040,  0.763,  0.130,  0.605,  0.051,  0.087,  0.087
 59100,  0.662,  0.153,  0.612,  0.052,  0.070,  0.157
 59160,  0.450,  0.011,  0.610,  0.067,  0.073,  0.046
 59220,  0.153,  0.023,  0.567,  0.059,  0.037,  0.054
 59280,  0.616,  0.102,  0.559,  0.074,  0.138,  0.045
 59340,  0.074,  0.029,  0.542,  0.037,  0.057, -0.068
 59400,  0.597,  0.072,  0.726,  0.068,  0.124, -0.011
 59460,  0.759,  0.115,  0.603,  0.029,  0.102,  0.051
 59520,  0.819,  0.054,  0.606,  0.073,  0.094,  0.028
 59580,  0.159, -0.008,  0.693,  0.034,  0.019, -0.091
 59640,  0.799,  0.104,  0.661,  0.063,  0.093, -0.047
 59700,  0.570,  0.123,  0.533,  0.054,  0.075, -0.010
 59760,  0.758,  0.008,  0.550,  0.038,  0.053, -0.045
 59820,  0.508, -0.030,  0.566,  0.030,  0.067, -0.044
 59880,  0.616,  0.107,  0.594,  0.049,  0.073, -0.015
 59940,  0.534,  0.030,  0.633,  0.061,  0.065, -0.116
 60000,  0.479,  0.064,  0.525,  0.039,  0.068, -0.036
 60060,  0.742,  0.044,  0.591,  0.033,  0.099,  0.014
 60120,  0.703,  0.105,  0.765,  0.070,  0.114,  0.006
 60180,  0.755,  0.162,  0.728,  0.033,  0.109, -0.023
 60240,  0.791,  0.165,  0.679,  0.055,  0.070, -0.047
 60300,  0.737,  0.160,  0.676,  0.033,  0.106,  0.007
 60360,  0.873,  0.149,  0.654,  0.066,  0.093, -0.016
 60420,  0.481,  0.066,  0.491,  0.025,  0.021, -0.084
 60480,  0.813,  0.220,  0.602,  0.064,  0.066, -0.065
 60540,  0.937,  0.207,  0.644,  0.075,  0.104, -0.027
 60600,  0.589,  0.050,  0.501,  0.044,  0.036, -0.087
 60660,  0.904,  0.032,  0.653,  0.048,  0.100, -0.034
 60720,  0.861,  0.196,  0.606,  0.035,  0.123, -0.056
 60780,  0.886,  0.149,  0.579,  0.041,  0.093, -0.002
 60840, -9999.000, -9999.000, -9999.000, -9999.000, -9999.000, -9999.000
 60900,  0.856,  0.098,  0.719,  0.056,  0.098,  0.006
 60960,  1.114,  0.172,  0.677,  0.045,  0.129, -0.025
 61020,  0.991,  0.164,  0.744,  0.051,  0.168, -0.067
 61080,  1.116,  0.160,  0.560,  0.077,  0.131,  0.005
 61140,  1.024,  0.152,  0.607,  0.056,  0.102, -0.009
 61200,  1.141,  0.254,  0.548,  0.041,  0.099,  0.061
 61260,  1.074,  0.177,  0.581,  0.030,  0.167,  0.005
 61320,  0.947,  0.141,  0.615,  0.043,  0.086, -0.015
 61380,  0.899,  0.127,  0.736,  0.050,  0.094, -0.007
 61440,  1.516,  0.236,  0.854,  0.056,  0.141,  0.224
 61500,  1.545,  0.208,  0.773,  0.052,  0.153,  0.581
 61560,  0.983,  0.142,  0.677,  0.032,  0.098,  0.131
 61620,  1.222,  0.103,  0.585,  0.022,  0.110,  0.013
 61680,  1.478,  0.168,  0.552,  0.033,  0.096,  0.130
 61740,  1.676,  0.234,  0.799,  0.056,  0.139,  0.080
 61800,  1.585,  0.151,  0.631,  0.041,  0.155,  0.127
 61860,  1.616,  0.165,  0.703,  0.039,  0.127,  0.100
 61920,  1.041,  0.066,  0.665,  0.043,  0.073,  0.038
 61980, -0.337, -0.018,  0.337, -0.020, -0.020, -0.105
 62040,  0.294, -0.013,  0.377, -0.013, -0.011, -0.095
 62100,  0.127, -0.011,  0.500, -0.008, -0.009, -0.087
 62160, -0.091, -0.014,  0.467,  0.004, -0.011, -0.078
 62220,  0.254, -0.012,  0.419, -0.010, -0.010, -0.069
 62280,  0.625,  0.030,  0.453,  0.002,  0.003, -0.046
 62340,  0.139,  0.029,  0.403, -0.015, -0.003, -0.025
 62400,  0.887,  0.016,  0.389, -0.016,  0.034,  0.019
 62460,  0.588,  0.035,  0.436, -0.016,  0.014,  0.019
 62520,  0.532,  0.006,  0.316, -0.014,  0.011, -0.003
 62580,  1.126,  0.029,  0.518, -0.017,  0.053,  0.007
 62640,  0.755,  0.018,  0.436, -0.013, -0.001, -0.007
 62700, -9999.000, -9999.000, -9999.000, -9999.000, -9999.000, -9999.000
 62760,  0.310, -0.004,  0.481, -0.013, -0.005, -0.009
 62820,  0.303, -0.004,  0.541, -0.012,  0.002, -0.016
 62880,  0.243, -0.011,  0.480, -0.015, -0.014, -0.023
 62940,  0.199, -0.015,  0.515, -0.017, -0.017, -0.030
 63000,  0.542,  0.074,  0.634,  0.012,  0.012,  0.001
 63060,  1.474,  0.088,  0.800,  0.004,  0.099,  0.023
 63120,  1.643,  0.164,  0.544,  0.026,  0.122,  0.054
 63180,  1.781,  0.136,  0.874,  0.067,  0.083,  0.150
 63240,  1.685,  0.116,  0.852,  0.027,  0.106,  0.026
 63300,  1.895,  0.174,  0.993,  0.102,  0.197,  0.131
 63360,  2.055,  0.305,  0.973,  0.074,  0.214,  0.163
 63420,  2.076,  0.337,  1.060,  0.065,  0.200,  0.212
 63480,  2.146,  0.384,  1.028,  0.105,  0.221,  0.151
 63540,  1.828,  0.195,  0.848,  0.061,  0.190,  0.124
 63600,  1.639,  0.246,  0.675,  0.066,  0.127,  0.115
 63660,  1.661,  0.350,  0.633,  0.039,  0.114,  0.085
 63720,  1.799,  0.366,  0.749,  0.045,  0.178,  0.115
 63780,  1.609,  0.287,  0.690,  0.074,  0.128,  0.072
 63840,  0.676,  0.166,  0.663,  0.034,  0.018, -0.081
 63900,  0.559,  0.097,  0.676,  0.010,  0.070, -0.052
 63960,  0.294,  0.089,  0.665,  0.009,  0.028,  0.227
 64020,  1.215,  0.162,  0.763,  0.048,  0.100,  0.692
 64080,  1.319,  0.251,  0.944,  0.071,  0.153,  0.700
 64140,  1.162,  0.175,  0.911,  0.086,  0.118,  1.232
 64200,  1.424,  0.293,  0.783,  0.105,  0.172,  0.202
 64260,  1.456,  0.251,  0.891,  0.082,  0.136,  0.054
 64320,  1.221,  0.390,  0.794,  0.056,  0.148,  0.095
 64380,  1.472,  0.375,  0.920,  0.080,  0.119,  0.562
 64440,  1.256,  0.391,  0.932,  0.059,  0.143,  0.457
 64500,  1.426,  0.323,  0.925,  0.051,  0.147,  0.702
 64560, -9999.000, -9999.000, -9999.000, -9999.000, -9999.000, -9999.000
 64620,  0.418,  0.001,  0.811,  0.076, -0.013,  0.692
 64680,  1.106,  0.210,  0.905,  0.083,  0.140,  0.641
 64740,  1.317,  0.243,  0.897,  0.111,  0.228,  0.831
 64800,  1.052,  0.306,  1.131,  0.160,  0.176,  1.006
 64860,  0.508,  0.198,  0.776,  0.087,  0.066,  0.396
 64920,  0.147,  0.116,  0.598,  0.031, -0.002, -0.046
 64980,  0.996,  0.230,  0.758,  0.054,  0.074,  0.061
 65040,  0.861,  0.255,  0.850,  0.068,  0.096, -0.005
 65100,  0.284,  0.132,  0.592,  0.046,  0.072,  0.050
 65160,  0.790,  0.217,  0.757,  0.046,  0.076,  0.116
 65220,  0.514,  0.212,  0.621,  0.031,  0.048,  0.101
 65280,  0.365,  0.103,  0.649,  0.015,  0.090, -0.022
 65340,  0.816,  0.103,  0.742,  0.033,  0.046, -0.012
 65400,  0.544,  0.122,  0.399,  0.020,  0.026, -0.026
 65460,  0.474,  0.141,  0.608,  0.057,  0.021,  0.007
 65520,  0.784,  0.191,  0.509,  0.047,  0.127,  0.065
 65580,  0.975,  0.245,  0.776,  0.017,  0.116,  0.119
 65640,  1.064,  0.299,  0.667,  0.046,  0.095,  0.166
 65700,  0.901,  0.223,  0.827,  0.022,  0.133,  0.177
 65760,  0.796,  0.295,  0.800,  0.034,  0.084,  0.148
 65820,  0.923,  0.240,  1.019,  0.002,  0.098,  0.113
 65880,  0.959,  0.261,  0.913,  0.011,  0.160,  0.176
 65940,  0.632,  0.260,  0.843,  0.048,  0.088,  0.144
 66000,  0.751,  0.150,  0.784,  0.027,  0.126,  0.162
 66060,  0.740,  0.221,  0.795,  0.020,  0.162,  0.085
 66120,  0.880,  0.345,  0.830,  0.022,  0.122,  0.141
 66180,  0.887,  0.256,  0.957,  0.022,  0.156,  0.118
 66240,  1.007,  0.367,  1.022,  0.053,  0.194,  0.184
 66300,  0.938,  0.319,  1.039,  0.067,  0.186,  0.211
 66360,  0.911,  0.375,  1.077,  0.078,  0.230,  0.160
 66420,  1.041,  0.044,  1.258,  0.085,  0.265,  0.779
 66480,  0.750,  0.197,  0.826,  0.038,  0.150,  0.244
 66540,  0.961,  0.358,  1.018,  0.034,  0.170,  0.093
 66600,  0.683,  0.277,  1.207,  0.020,  0.115,  0.097
 66660,  0.928,  0.251,  1.148,  0.038,  0.208,  0.182
 66720,  1.074,  0.305,  1.029,  0.015,  0.184,  0.201
 66780,  1.186,  0.253,  1.074,  0.026,  0.216,  0.113
 66840,  1.266,  0.256,  0.930,  0.026,  0.149,  0.119
 66900,  1.072,  0.263,  0.908,  0.013,  0.156,  0.102
 66960,  1.166,  0.350,  1.179,  0.070,  0.233,  0.197
 67020,  1.259,  0.400,  0.921,  0.042,  0.183,  0.093
 67080,  1.220,  0.307,  1.086,  0.040,  0.224,  0.357
 67140,  1.320,  0.471,  1.289,  0.073,  0.249,  0.198
 67200,  1.187,  0.215,  1.050,  0.058,  0.177,  0.127
 67260,  1.402,  0.355,  1.023,  0.033,  0.176,  0.197
 67320,  1.167,  0.266,  1.138,  0.079,  0.197,  0.106
 67380,  1.328,  0.277,  1.075,  0.018,  0.211,  0.001
 67440,  1.135,  0.313,  0.981,  0.078,  0.152,  1.021
 67500,  1.261,  0.317,  1.013,  0.091,  0.131,  0.606
 67560,  1.077,  0.338,  1.001,  0.069,  0.053,  0.265
 67620,  1.028,  0.291,  0.866,  0.079,  0.110,  0.035
 67680,  1.262,  0.372,  0.848,  0.110,  0.095,  0.081
 67740,  0.971,  0.225,  0.945,  0.074,  0.059, -0.026
 67800,  1.111,  0.257,  0.809,  0.044,  0.112, -0.059
 67860,  1.325,  0.324,  0.827,  0.080,  0.201,  0.004
 67920,  1.393,  0.417,  0.915,  0.103,  0.155,  0.021
 67980,  1.274,  0.326,  1.174,  0.094,  0.113,  0.019
 68040,  1.083,  0.207,  0.972,  0.083,  0.113, -0.011
 68100,  1.371,  0.347,  1.074,  0.135,  0.142,  0.029
 68160,  1.378,  0.306,  1.084,  0.071,  0.111,  0.003
 68220, -9999.000, -9999.000, -9999.000, -9999.000, -9999.000, -9999.000
 68280,  1.185,  0.252,  0.939,  0.097,  0.146,  0.015
 68340,  1.064,  0.287,  0.839,  0.089,  0.086, -0.095
 68400,  1.204,  0.368,  0.795,  0.081,  0.052, -0.027
 68460,  1.229,  0.298,  0.746,  0.111,  0.141, -0.022
 68520,  1.061,  0.213,  0.968,  0.081,  0.155,  0.087
 68580,  1.301,  0.267,  0.983,  0.109,  0.138,  0.028
 68640,  1.195,  0.124,  0.909,  0.063,  0.087, -0.012
 68700,  1.102,  0.295,  1.155,  0.106,  0.154, -0.050
 68760,  1.142,  0.242,  1.152,  0.075,  0.152, -0.081
 68820,  1.288,  0.150,  1.085,  0.094,  0.164,  0.054
 68880,  1.187,  0.181,  0.915,  0.064,  0.138,  0.093
 68940,  1.239,  0.180,  1.053,  0.076,  0.180,  0.097
 69000,  1.285,  0.264,  0.891,  0.085,  0.165, -0.057
 69060,  1.151,  0.276,  0.790,  0.094,  0.156,  0.011
