CampaignData_and_Merges/R0/CSL_MobileLab_Parked/raw/20240720/USOS-NOAAIodideCIMS-HCOOH_MobileLabGround_20240720_RA.ict
33, 1001
Michael A Robinson, Chris Jernigan, Subi Thakali
NOAA ESRL Chemical Sciences Laboratory and CIRES, U. of Colorado
NOAA Iodide CIMS Instrument
USOS
1, 1
2024, 07, 20, 2024, 07, 21
1
starttime_UTC, seconds_past_midnight, seconds_of_day_since_00:00:00_UTC
1
1
-9999
HCOOH_NOAACIMS, pptv, Gas_HCOOH_InSitu_S_AVMR, 
0
18
PI_CONTACT_INFO: 325 Broadway, R/CSD 7, Boulder, Colorado 80305; michael.a.robinson@noaa.gov; chris.jernigan@noaa.gov;
PLATFORM: NOAA CSL Mobile Lab
LOCATION: SLC, Utah
ASSOCIATED_DATA: 1Hz data also available on request.
INSTRUMENT_INFO: NOAA I- ToF CIMS
DATA_INFO: All data in parts per trillion by volume (pptv). 1 Hz data is available upon request.
UNCERTAINTY: TBD
ULOD_FLAG: -7777
ULOD_VALUE: N/A
LLOD_FLAG: -8888
LLOD_VALUE: N/A
DM_CONTACT_INFO: Nathan Howard; nathan.h.howard@noaa.gov
PROJECT_INFO: USOS, summer 2024. https://csl.noaa.gov/groups/csl7/measurements/2024usos/
STIPULATIONS_ON_USE: Users are strongly encouraged to contact the PI for proper data usage.
OTHER_COMMENTS: 
REVISION: RA
RA: Preliminary Data; For in-field use only
starttime_UTC, HCOOH_NOAACIMS
     0, 84.525
    60, 69.036
   120, 69.461
   180, 94.177
   240, 83.007
   300, 92.079
   360, 104.395
   420, 124.927
   480, 115.559
   540, 119.841
   600, 145.749
   660, 157.984
   720, 162.797
   780, 151.787
   840, 144.258
   900, 154.220
   960, 141.146
  1020, 155.797
  1080, 180.604
  1140, 155.322
  1200, 182.224
  1260, 185.601
  1320, 195.678
  1380, 200.441
  1440, 224.424
  1500, 216.073
  1560, 229.102
  1620, 227.883
  1680, 237.861
  1740, -9999.000
  1800, 291.303
  1860, 275.053
  1920, 304.857
  1980, 303.867
  2040, 316.259
  2100, 304.438
  2160, 312.582
  2220, 309.443
  2280, 330.014
  2340, 343.208
  2400, 331.576
  2460, 312.205
  2520, 326.351
  2580, 333.567
  2640, 354.907
  2700, 366.912
  2760, 414.360
  2820, 393.833
  2880, 378.694
  2940, 401.549
  3000, 410.146
  3060, 395.236
  3120, 458.170
  3180, 455.549
  3240, 480.015
  3300, 499.432
  3360, 499.702
  3420, 503.981
  3480, 478.341
  3540, 500.462
  3600, 443.803
  3660, 373.138
  3720, 292.238
  3780, 290.904
  3840, 298.103
  3900, 283.870
  3960, 280.442
  4020, 295.378
  4080, 317.042
  4140, 324.815
  4200, 343.986
  4260, 327.366
  4320, 356.020
  4380, 375.882
  4440, 406.903
  4500, 430.520
  4560, 484.539
  4620, 475.286
  4680, 521.970
  4740, 529.324
  4800, 528.677
  4860, 610.574
  4920, 631.512
  4980, 664.129
  5040, 700.265
  5100, 711.366
  5160, 746.476
  5220, 804.196
  5280, 776.869
  5340, 768.631
  5400, -9999.000
  5460, 786.098
  5520, 870.171
  5580, 770.507
  5640, 865.809
  5700, 878.261
  5760, 902.157
  5820, 951.598
  5880, 911.810
  5940, 969.250
  6000, 920.551
  6060, 911.265
  6120, 929.248
  6180, 956.526
  6240, 977.539
  6300, 1019.348
  6360, 1022.270
  6420, 1012.798
  6480, 1081.508
  6540, 1038.852
  6600, 1074.888
  6660, 1109.267
  6720, 1146.629
  6780, 1181.864
  6840, 1211.579
  6900, 1246.165
  6960, 1271.009
  7020, 1446.707
  7080, 1369.461
  7140, 1301.539
  7200, 1403.517
  7260, -9999.000
  7320, 1331.312
  7380, 1313.736
  7440, 1358.922
  7500, 1414.481
  7560, 1449.891
  7620, 1377.339
  7680, 1456.186
  7740, 1347.221
  7800, 1489.981
  7860, 1518.679
  7920, 1589.152
  7980, 1659.618
  8040, 1706.983
  8100, 1676.107
  8160, 1708.771
  8220, 1708.326
  8280, 1867.496
  8340, 1802.469
  8400, 1798.187
  8460, 1744.878
  8520, 1685.523
  8580, 1882.635
  8640, 1977.745
  8700, 1896.768
  8760, 1867.716
  8820, 1839.523
  8880, 1939.998
  8940, 1997.694
  9000, 2049.553
  9060, 1847.078
  9120, -9999.000
  9180, 1908.025
  9240, 1932.616
  9300, 2025.541
  9360, 1957.881
  9420, 2004.510
  9480, 1927.598
  9540, 1921.399
  9600, 1930.740
  9660, 1885.799
  9720, 1925.860
  9780, 1940.317
  9840, 2039.037
  9900, 2009.781
  9960, 2062.291
 10020, 2009.208
 10080, 2018.695
 10140, 2018.629
 10200, 1997.048
 10260, 2009.100
 10320, 2006.864
 10380, 2000.197
 10440, 2096.977
 10500, 2218.424
 10560, 2205.708
 10620, 2192.370
 10680, 2193.128
 10740, 2148.556
 10800, 2252.337
 10860, 2286.525
 10920, 2239.397
 10980, 2093.637
 11040, 2165.595
 11100, 2229.808
 11160, 2284.939
 11220, 2227.416
 11280, 2220.870
 11340, 2235.798
 11400, 2308.353
 11460, 2218.945
 11520, 2378.553
 11580, 2417.435
 11640, 2373.665
 11700, 2458.928
 11760, 2498.863
 11820, 2607.744
 11880, 2697.665
 11940, 2719.986
 12000, 2588.146
 12060, 2629.486
 12120, 2519.519
 12180, 2679.131
 12240, 2698.827
 12300, 2690.847
 12360, 2625.577
 12420, 2804.372
 12480, 2774.024
 12540, 2723.819
 12600, 2688.531
 12660, 2779.570
 12720, 2700.115
 12780, 2707.801
 12840, 2680.649
 12900, 2698.770
 12960, 2826.204
 13020, 2749.532
 13080, 2870.238
 13140, 2842.499
 13200, 2801.740
 13260, 2748.138
 13320, 2703.181
 13380, 2660.790
 13440, 2745.280
 13500, 2673.329
 13560, 2641.731
 13620, 2575.075
 13680, 2567.989
 13740, 2531.455
 13800, 2490.259
 13860, 2494.512
 13920, 2561.532
 13980, 2536.161
 14040, 2571.295
 14100, 2566.476
 14160, 2551.886
 14220, 2571.694
 14280, 2518.675
 14340, 2551.181
 14400, 2611.102
 14460, 2657.662
 14520, 2704.598
 14580, 2669.555
 14640, 2716.737
 14700, 2547.970
 14760, 2675.884
 14820, 2631.491
 14880, 2647.515
 14940, 2684.872
 15000, 2686.421
 15060, 2761.185
 15120, 2723.388
 15180, 2691.191
 15240, 2671.414
 15300, 2702.563
 15360, 2723.504
 15420, 2763.699
 15480, 2765.018
 15540, 2789.762
 15600, 2765.665
 15660, 2831.437
 15720, 2863.836
 15780, 2815.884
 15840, 2970.980
 15900, 2878.218
 15960, 2912.595
 16020, 2907.607
 16080, 2870.131
 16140, 2980.328
 16200, 2981.604
 16260, 3034.593
 16320, 3237.448
 16380, 3127.266
 16440, 3183.901
 16500, -9999.000
 16560, 2841.822
 16620, 2744.541
 16680, 2771.582
 16740, 2814.583
 16800, 2677.974
 16860, 2731.005
 16920, 2800.315
 16980, 2819.063
 17040, 2886.491
 17100, 2940.461
 17160, 2909.007
 17220, 2909.281
 17280, 2872.686
 17340, 2840.276
 17400, 2942.076
 17460, 2973.049
 17520, 3086.180
 17580, 3044.928
 17640, 3059.388
 17700, 3049.832
 17760, 3047.831
 17820, 2980.859
 17880, 3130.630
 17940, 3060.233
 18000, 3062.709
 18060, 3137.355
 18120, 3008.768
 18180, 3265.545
 18240, 2941.028
 18300, 2951.708
 18360, 3008.977
 18420, 3000.806
 18480, 2888.944
 18540, 2875.835
 18600, 2844.947
 18660, 2791.447
 18720, 2839.884
 18780, 2841.442
 18840, 2829.624
 18900, 2883.969
 18960, 2812.218
 19020, 2755.238
 19080, 2832.426
 19140, 2792.378
 19200, 2897.206
 19260, 2876.574
 19320, 2889.961
 19380, 2888.152
 19440, 3042.980
 19500, 2997.862
 19560, 2926.260
 19620, 2879.529
 19680, 2891.764
 19740, 2913.782
 19800, 2862.923
 19860, 2846.393
 19920, 2991.518
 19980, 2947.098
 20040, 2954.361
 20100, 2819.926
 20160, 2821.549
 20220, -9999.000
 20280, 2592.953
 20340, 2732.189
 20400, 2737.249
 20460, 2842.656
 20520, 2849.124
 20580, 2807.755
 20640, 2768.136
 20700, 2676.949
 20760, 2758.976
 20820, 2619.210
 20880, 2616.973
 20940, 2618.575
 21000, 2645.779
 21060, 2692.990
 21120, 2682.195
 21180, 2684.804
 21240, 2638.847
 21300, 2600.801
 21360, 2653.920
 21420, 2625.244
 21480, 2605.623
 21540, 2625.020
 21600, 2596.279
 21660, 2566.415
 21720, 2551.259
 21780, 2606.568
 21840, 2598.464
 21900, 2603.471
 21960, 2577.251
 22020, 2668.686
 22080, 2595.174
 22140, 2665.813
 22200, 2679.245
 22260, 2659.940
 22320, 2639.823
 22380, 2683.425
 22440, 2609.676
 22500, 2579.113
 22560, 2527.204
 22620, 2507.581
 22680, 2505.779
 22740, 2552.367
 22800, 2534.869
 22860, 2516.425
 22920, 2497.788
 22980, 2461.498
 23040, 2414.234
 23100, 2435.541
 23160, 2460.080
 23220, 2487.507
 23280, 2578.112
 23340, 2627.343
 23400, 2579.533
 23460, 2547.281
 23520, 2463.350
 23580, 2498.993
 23640, 2501.432
 23700, 2538.321
 23760, 2611.902
 23820, 2581.393
 23880, -9999.000
 23940, 2529.167
 24000, 2575.104
 24060, 2570.097
 24120, 2555.023
 24180, 2475.572
 24240, 2503.392
 24300, 2499.310
 24360, 2554.189
 24420, 2538.972
 24480, 2548.250
 24540, 2539.871
 24600, 2508.384
 24660, 2539.281
 24720, 2579.942
 24780, 2515.815
 24840, 2593.931
 24900, 2582.278
 24960, 2566.476
 25020, 2626.098
 25080, 2579.169
 25140, 2598.926
 25200, 2607.146
 25260, 2725.618
 25320, 2701.745
 25380, 2679.931
 25440, 2680.097
 25500, 2653.639
 25560, 2659.499
 25620, 2694.007
 25680, 2849.489
 25740, -9999.000
 25800, 2691.742
 25860, 2690.825
 25920, 2678.212
 25980, 2740.467
 26040, 2666.302
 26100, 2621.284
 26160, 2599.448
 26220, 2610.405
 26280, 2641.492
 26340, 2706.545
 26400, 2613.655
 26460, 2632.261
 26520, 2630.889
 26580, 2599.558
 26640, 2624.330
 26700, 2576.085
 26760, 2630.256
 26820, 2556.335
 26880, 2560.463
 26940, 2629.562
 27000, 2585.076
 27060, 2585.609
 27120, 2544.027
 27180, 2540.912
 27240, 2580.521
 27300, 2554.075
 27360, 2579.679
 27420, 2596.081
 27480, 2574.369
 27540, 2645.284
 27600, -9999.000
 27660, 2471.776
 27720, 2731.038
 27780, 2767.013
 27840, 2921.628
 27900, 2892.866
 27960, 2984.617
 28020, 3047.837
 28080, 2917.657
 28140, 2831.335
 28200, 2808.294
 28260, 2807.923
 28320, 2679.406
 28380, 2690.561
 28440, 2614.952
 28500, 2721.820
 28560, 2530.638
 28620, 2543.189
 28680, 2560.817
 28740, 2584.690
 28800, 2615.729
 28860, 2687.317
 28920, 2660.639
 28980, 2705.723
 29040, 2867.659
 29100, 2919.793
 29160, 3030.113
 29220, 2958.023
 29280, 2918.572
 29340, 2828.125
 29400, 2826.795
 29460, 2672.205
 29520, 2753.635
 29580, 2832.671
 29640, 2817.333
 29700, 2890.964
 29760, 2894.898
 29820, 2965.478
 29880, 2881.139
 29940, 2877.965
 30000, 2880.212
 30060, 2919.439
 30120, 3017.722
 30180, 2993.501
 30240, 3019.951
 30300, 2962.241
 30360, 2902.787
 30420, 2887.899
 30480, 2641.349
 30540, 2694.271
 30600, 2701.652
 30660, 2639.200
 30720, 2607.610
 30780, 2630.163
 30840, 2624.765
 30900, 2622.236
 30960, 2664.483
 31020, 2671.395
 31080, 2626.197
 31140, 2618.925
 31200, 2681.001
 31260, -9999.000
 31320, 2584.223
 31380, 2689.357
 31440, 2715.644
 31500, 2753.804
 31560, 2738.061
 31620, 2761.714
 31680, 2828.502
 31740, 2843.166
 31800, 2892.524
 31860, 2922.017
 31920, 2890.826
 31980, 2915.249
 32040, 2890.146
 32100, 2910.400
 32160, 2867.613
 32220, 2862.622
 32280, 2852.794
 32340, 2871.434
 32400, 2936.257
 32460, 2920.418
 32520, 2946.722
 32580, 2946.380
 32640, 2906.639
 32700, 2885.816
 32760, 2958.524
 32820, 2989.507
 32880, 2886.520
 32940, 2853.321
 33000, 2908.763
 33060, 2980.065
 33120, 3004.472
 33180, 2940.075
 33240, 3001.734
 33300, 3038.434
 33360, 3072.660
 33420, 3033.503
 33480, 3046.261
 33540, 3110.307
 33600, 3136.120
 33660, 3171.196
 33720, 3124.174
 33780, 3151.440
 33840, 3155.889
 33900, 3133.036
 33960, 3235.270
 34020, 3267.810
 34080, 3256.504
 34140, 3218.414
 34200, 3218.528
 34260, 3246.925
 34320, 3314.070
 34380, 3378.303
 34440, 3353.966
 34500, 3374.882
 34560, 3308.419
 34620, 3262.805
 34680, 3256.245
 34740, 3484.162
 34800, 3483.899
 34860, 3568.652
 34920, 3582.178
 34980, -9999.000
 35040, 3522.538
 35100, 3576.498
 35160, 3694.767
 35220, 3676.759
 35280, 3356.684
 35340, 3509.077
 35400, 3203.890
 35460, 2863.363
 35520, 2957.899
 35580, 2985.461
 35640, 2969.016
 35700, 3004.894
 35760, 3001.109
 35820, 3110.702
 35880, 3379.783
 35940, 3521.724
 36000, 3535.575
 36060, 3404.592
 36120, 3615.000
 36180, 3636.636
 36240, 3490.932
 36300, 3628.730
 36360, 3427.365
 36420, 3685.168
 36480, 3088.209
 36540, 3199.028
 36600, 2899.269
 36660, 3080.726
 36720, 3124.492
 36780, 2969.762
 36840, 2830.163
 36900, 2871.496
 36960, 2810.954
 37020, 2842.701
 37080, 2816.683
 37140, 2832.011
 37200, 2778.489
 37260, 2778.621
 37320, 2825.098
 37380, 2810.494
 37440, 2922.572
 37500, 2803.975
 37560, 2860.031
 37620, 2751.080
 37680, 2664.031
 37740, 2633.335
 37800, 2640.942
 37860, 2658.915
 37920, 2573.390
 37980, 2566.550
 38040, 2581.457
 38100, 2623.110
 38160, 2675.320
 38220, 2750.717
 38280, 2679.879
 38340, 2758.631
 38400, 2783.928
 38460, 2833.769
 38520, 3095.709
 38580, 3056.516
 38640, 3152.858
 38700, -9999.000
 38760, 2927.898
 38820, 2962.090
 38880, 3137.116
 38940, 2923.531
 39000, 3032.834
 39060, 3172.861
 39120, 2999.725
 39180, 3140.043
 39240, 3122.412
 39300, 3068.371
 39360, 3159.711
 39420, 3231.679
 39480, 3296.567
 39540, 2850.162
 39600, 2828.554
 39660, 2883.026
 39720, 2754.402
 39780, 2861.907
 39840, 3040.665
 39900, 3267.982
 39960, 3037.717
 40020, 3269.407
 40080, 3277.466
 40140, 3253.568
 40200, 3151.210
 40260, 3144.603
 40320, 3092.180
 40380, 3186.522
 40440, 3171.433
 40500, 3162.921
 40560, 3068.994
 40620, 3331.318
 40680, 3247.148
 40740, 3109.703
 40800, 3188.738
 40860, 3084.268
 40920, 3108.092
 40980, 3222.074
 41040, 3165.096
 41100, 3195.005
 41160, 3272.229
 41220, 3356.611
 41280, 3583.172
 41340, 3289.173
 41400, 3274.351
 41460, 3458.498
 41520, 3560.660
 41580, 3738.480
 41640, 3643.816
 41700, 3631.682
 41760, 3707.588
 41820, 3505.752
 41880, 3668.720
 41940, 3599.221
 42000, 3590.330
 42060, 3601.869
 42120, 3755.255
 42180, 3928.927
 42240, 3995.414
 42300, 4086.893
 42360, -9999.000
 42420, 4088.006
 42480, 3839.565
 42540, 3705.365
 42600, 3768.879
 42660, 3563.914
 42720, 3334.895
 42780, 3476.844
 42840, 3601.559
 42900, 3763.756
 42960, 3444.660
 43020, 3868.674
 43080, 3537.363
 43140, 3461.928
 43200, 3507.609
 43260, 3486.394
 43320, 3597.648
 43380, 3681.556
 43440, 3662.643
 43500, 3436.871
 43560, 3548.154
 43620, 4021.325
 43680, 4265.932
 43740, 4105.857
 43800, 4084.276
 43860, 4084.839
 43920, 3762.442
 43980, 2878.063
 44040, 2715.850
 44100, 2713.016
 44160, 2733.084
 44220, -9999.000
 44280, 2571.967
 44340, 2678.037
 44400, 2654.331
 44460, 2575.154
 44520, 2584.159
 44580, 2540.716
 44640, 2649.029
 44700, 2627.324
 44760, 2708.203
 44820, 2715.214
 44880, 2634.455
 44940, 2622.492
 45000, 2691.687
 45060, 2726.930
 45120, 2768.258
 45180, 2729.622
 45240, 2917.636
 45300, 3042.518
 45360, 3143.950
 45420, 3355.450
 45480, 3463.960
 45540, 3696.504
 45600, 3737.691
 45660, 3747.928
 45720, 3641.099
 45780, 3790.996
 45840, 3726.290
 45900, 3509.040
 45960, 3258.535
 46020, 3177.370
 46080, -9999.000
 46140, 3198.853
 46200, 3304.374
 46260, 3737.844
 46320, 3793.760
 46380, 3790.301
 46440, 3615.746
 46500, 3958.110
 46560, 3756.398
 46620, 3591.004
 46680, 3359.012
 46740, 3387.650
 46800, 3298.851
 46860, 3408.060
 46920, 3250.375
 46980, 2919.125
 47040, 2698.446
 47100, 2535.011
 47160, 2501.873
 47220, 2466.408
 47280, 2455.973
 47340, 2437.731
 47400, 2381.085
 47460, 2392.859
 47520, 2419.497
 47580, 2428.025
 47640, 2758.055
 47700, 2696.236
 47760, 3188.107
 47820, 3423.976
 47880, 3396.021
 47940, 3538.312
 48000, 3722.325
 48060, 3840.577
 48120, 3740.456
 48180, 3785.512
 48240, 3758.072
 48300, 3991.997
 48360, 3658.783
 48420, 3503.337
 48480, 3514.823
 48540, 3486.258
 48600, 3263.370
 48660, 3278.305
 48720, 3198.754
 48780, 3175.028
 48840, 3366.768
 48900, 3377.494
 48960, 3235.605
 49020, 3087.213
 49080, 3087.259
 49140, 3215.453
 49200, 3335.223
 49260, 3246.917
 49320, 3234.861
 49380, 3046.836
 49440, 3052.046
 49500, 3214.771
 49560, 3491.723
 49620, 3283.974
 49680, 3068.466
 49740, -9999.000
 49800, 2899.168
 49860, 3046.765
 49920, 3162.600
 49980, 2999.678
 50040, 3019.888
 50100, 3001.680
 50160, 2910.352
 50220, 2789.770
 50280, 2813.849
 50340, 2710.012
 50400, 2739.323
 50460, 2794.151
 50520, 3255.280
 50580, 2971.282
 50640, 3182.860
 50700, 3433.008
 50760, 3144.571
 50820, 2927.317
 50880, 2888.562
 50940, 2860.562
 51000, 2848.500
 51060, 2880.494
 51120, 2982.409
 51180, 3016.394
 51240, 2730.612
 51300, 2658.778
 51360, 2525.982
 51420, 2573.743
 51480, 2530.977
 51540, 2521.539
 51600, 2583.854
 51660, 2095.248
 51720, -9999.000
 51780, -9999.000
 51840, -9999.000
 51900, -9999.000
 51960, -9999.000
 52020, -9999.000
 52080, -9999.000
 52140, -9999.000
 52200, -9999.000
 52260, 3272.170
 52320, 2304.599
 52380, 2222.974
 52440, 2229.542
 52500, 2191.979
 52560, 2193.958
 52620, 2203.565
 52680, 2197.445
 52740, 2131.904
 52800, 2142.941
 52860, 2128.206
 52920, 2155.771
 52980, 2196.199
 53040, 2197.793
 53100, 2221.164
 53160, 2205.257
 53220, 2171.136
 53280, 2197.777
 53340, 2275.019
 53400, 2263.660
 53460, -9999.000
 53520, 2175.114
 53580, 2223.373
 53640, 2274.075
 53700, 2161.991
 53760, 2157.130
 53820, 2117.677
 53880, 2123.863
 53940, 2138.256
 54000, 2158.746
 54060, 2164.653
 54120, 2180.802
 54180, 2160.053
 54240, 2163.555
 54300, 2228.929
 54360, 2095.045
 54420, 2111.656
 54480, 2105.290
 54540, 2160.337
 54600, 2093.247
 54660, 2133.244
 54720, 2218.017
 54780, 2120.307
 54840, 2098.305
 54900, 2109.247
 54960, 2103.198
 55020, 2094.113
 55080, 2094.973
 55140, 2044.804
 55200, 2095.866
 55260, 2071.149
 55320, 2066.362
 55380, 2089.521
 55440, 2103.184
 55500, 2066.889
 55560, 2094.215
 55620, 1994.206
 55680, 1986.939
 55740, 2030.752
 55800, 2012.305
 55860, 2010.171
 55920, 1994.666
 55980, 1984.669
 56040, 2067.667
 56100, 2101.008
 56160, 2201.418
 56220, 2038.403
 56280, 2040.975
 56340, 1942.007
 56400, 1920.717
 56460, 1885.456
 56520, 1932.495
 56580, 1965.751
 56640, 2047.957
 56700, 1963.232
