CampaignData_and_Merges/R0/CSL_MobileLab_Parked/raw/20240720/USOS-Picarro-CO2-CH4-CO-H2O_MobileLabGround_20240720_R0.ict
38, 1001
Ilana Pollack, Nell Schafer, and Jeff Peischl
NOAA Chemical Sciences Laboratory
Picarro 2401-m CO2/CH4/CO/H2O Analyzer
USOS
1, 1
2024, 07, 20, 2024, 11, 20
0
StartTime_UTC, seconds_past_midnight, seconds past midnight
5
1, 1, 1, 1, 1
-9999, -9999, -9999, -9999, -9999
StopTime_UTC, seconds_past_midnight, seconds past midnight
CO2_ppm_1min, ppm, Gas_CO2_InSitu_S_DMF, carbon dioxide mixing ratio
CH4_ppb_1min, ppb, Gas_CH4_InSitu_S_DMF, methane mixing ratio
CO_ppb_1min, ppb, Gas_CO_InSitu_S_DMF, carbon monoxide mixing ratio
H2O_ppmv_1min, ppmv, Met_H2OMRV_InSitu_S_AVMR, water vapor mixing ratio
1
SPECIAL COMMENTS: N/A
18
PI_CONTACT_INFO: Address: NOAA Chemical Sciences Laboratory, Mail Stop CSL7, 325 Broadway, Boulder, CO 80305; Email: Ilana.Pollack@noaa.gov
PLATFORM: NOAA CSL Mobile Laboratory
LOCATION: The mobile lab was stationed in Salt Lake City, Utah.
ASSOCIATED_DATA: N/A
INSTRUMENT_INFO: CO2, CH4, and CO are reported as dry air mole fractions using a commercial wavelength-scanned cavity ring-down analyzer (Picarro 2401-m). An in-field calibration gas standard of 432±0.07 ppm CO2, 2095±1 ppb CH4, and 183±1 ppb CO, calibrated in the Boulder laboratories before and after the field project using primary CO2, CH4, and CO standard tanks tied to the WMO standard (X2019, X2004A, and X2014A, respectively) from the Global Monitoring Laboratory (GML), was delivered to the inlet every 2-3 days to evaluate instrument sensitivity. A H2O measurement was calibrated before the project with a Dew Point Mirror 373 hygrometer. The water correction calculated from these calibrations was applied to the H2O measurement for the entire campaign. Species are measured at 0.5 Hz and reported as 1-minute averages for stationary measurements.
DATA_INFO: Units: CO2, ppm, dry air mole fraction; CH4, ppb, dry air mole fraction; CO, ppb, dry air mole fraction; H2O, ppmv
UNCERTAINTY: Total uncertainties are estimated as ±0.1 ppm for CO2, ±1 ppb for CH4, ±5 ppb for CO, and ±(50 ppm + 4%) for H2O.
ULOD_FLAG: -7777
ULOD_VALUE: N/A
LLOD_FLAG: -8888
LLOD_VALUE: N/A
DM_CONTACT_INFO: Data Manager: Nathan Howard; nathan.h.howard@noaa.gov
PROJECT_INFO: USOS Dates of Study: July – August 2024
STIPULATIONS_ON_USE: Use of these data require prior ok from PI.
OTHER_COMMENTS: Data are averaged to 1 minute intervals. Stationary data collected from a 10 ft tower on top of the mobile van.
REVISION: R0
R0: Final Data
StartTime_UTC, StopTime_UTC, CO2_ppm_1min, CH4_ppb_1min, CO_ppb_1min, H2O_ppmv_1min
0,60,425.90,1960.6,146.5,12663.7578
60,120,426.03,1960.8,149.0,12798.6436
120,180,427.11,1960.5,154.3,12918.4297
180,240,426.77,1959.3,149.5,12870.3193
240,300,426.76,1957.7,144.1,12701.0283
300,360,427.22,1958.1,154.7,12662.4443
360,420,426.94,1959.8,157.1,13023.3623
420,480,426.11,1960.6,149.3,12925.8271
480,540,426.13,1960.4,145.4,12973.7979
540,600,426.21,1960.4,149.4,13148.0146
600,660,426.71,1961.4,153.0,13453.5664
660,720,426.69,1960.1,152.4,13386.1572
720,780,426.75,1960.3,150.5,13218.4805
780,840,427.69,1956.3,144.1,12204.6211
840,900,428.48,1958.0,152.0,12729.2578
900,960,428.48,1958.9,150.6,11976.7998
960,1020,428.72,1959.1,152.7,12077.3809
1020,1080,427.91,1961.9,150.3,13060.7646
1080,1140,427.70,1959.9,149.0,12326.8535
1140,1200,427.95,1960.0,145.6,12498.1406
1200,1260,427.99,1960.5,145.6,12461.1162
1260,1320,428.34,1960.4,146.9,12391.8477
1320,1380,428.05,1960.7,143.0,12208.3799
1380,1440,427.82,1961.6,138.5,12559.1660
1440,1500,427.20,1961.9,133.2,12523.0938
1500,1560,427.81,1965.4,133.6,12429.4258
1560,1620,427.46,1965.8,128.9,12170.2744
1620,1680,427.68,1967.2,126.5,12224.1738
1680,1740,427.95,1967.5,124.9,12641.9971
1740,1800,428.62,1968.4,125.4,13140.9121
1800,1860,428.92,1967.1,126.2,12626.9629
1860,1920,429.14,1967.4,126.6,12737.4463
1920,1980,429.59,1966.6,124.2,12496.5000
1980,2040,429.92,1966.5,133.5,12414.9453
2040,2100,429.18,1967.6,130.0,12492.1260
2100,2160,428.94,1967.1,127.3,12466.8838
2160,2220,429.13,1967.7,126.1,12236.7207
2220,2280,429.13,1968.3,130.2,12375.6172
2280,2340,429.03,1968.9,132.7,12659.2627
2340,2400,429.07,1967.1,147.0,12359.7939
2400,2460,428.24,1964.9,129.4,12053.4355
2460,2520,428.10,1965.4,128.2,12066.4736
2520,2580,428.29,1967.0,130.4,12134.0605
2580,2640,428.57,1968.6,133.5,12247.2070
2640,2700,428.54,1969.5,133.2,12475.2744
2700,2760,428.76,1970.8,134.9,12936.1475
2760,2820,428.80,1970.7,136.2,12807.5889
2820,2880,428.89,1970.0,135.8,12336.0996
2880,2940,428.97,1970.8,137.3,12584.4023
2940,3000,429.29,1971.8,136.4,12657.7490
3000,3060,429.03,1972.5,137.4,12492.9902
3060,3120,429.25,1973.3,138.2,12641.5010
3120,3180,429.14,1974.0,141.0,12746.5449
3180,3240,429.21,1973.6,142.5,12924.3428
3240,3300,429.32,1974.1,144.7,13202.9375
3300,3360,428.83,1973.3,145.7,12981.9502
3360,3420,428.49,1972.7,144.5,12816.1543
3420,3480,428.16,1971.9,141.0,12517.7529
3480,3540,428.81,1973.1,148.7,12917.9844
3540,3600,428.87,1973.9,147.9,12834.6816
3600,3660,428.75,1974.2,143.5,12945.3389
3660,3720,428.81,1974.0,142.6,12516.8682
3720,3780,428.60,1975.2,142.0,12864.3447
3780,3840,429.03,1975.0,144.4,12953.5020
3840,3900,428.79,1976.0,147.5,12764.3311
3900,3960,428.89,1976.1,149.4,12715.8262
3960,4020,428.91,1978.4,146.1,12694.9824
4020,4080,428.75,1981.0,146.3,12892.5498
4080,4140,428.86,1978.2,146.6,12935.4805
4140,4200,428.73,1976.7,145.8,13065.1445
4200,4260,428.59,1974.9,145.7,12799.5625
4260,4320,429.51,1978.1,147.7,12985.8330
4320,4380,428.23,1982.3,143.3,13018.0566
4380,4440,428.55,1984.7,143.1,13259.5742
4440,4500,428.42,1985.9,142.5,13221.5273
4500,4560,429.18,1987.0,144.4,13500.0635
4560,4620,430.65,1988.2,147.6,13324.9844
4620,4680,430.85,1990.1,153.7,13325.9971
4680,4740,429.54,1993.9,149.2,13542.3760
4740,4800,428.11,1994.8,143.7,13089.0205
4800,4860,429.14,1994.2,146.8,13430.4980
4860,4920,429.37,1995.4,146.2,13695.7920
4920,4980,429.18,1995.1,146.6,13549.3809
4980,5040,430.47,1992.5,149.3,13547.4561
5040,5100,429.02,1990.3,149.1,13466.5459
5100,5160,428.78,1992.2,150.7,13578.6045
5160,5220,428.72,1992.4,150.9,13904.6113
5220,5280,429.81,1989.4,148.8,13484.5371
5280,5340,429.63,1986.6,148.9,13287.2822
5340,5400,429.69,1986.2,148.7,13307.7754
5400,5460,431.51,1986.8,147.6,13819.7051
5460,5520,429.93,1986.6,149.8,13443.4834
5520,5580,428.43,1984.1,147.8,12776.3184
5580,5640,429.44,1985.5,149.5,13052.9170
5640,5700,429.83,1987.5,153.4,13125.4180
5700,5760,430.25,1989.7,150.6,13099.4336
5760,5820,431.16,1990.5,149.7,13204.0684
5820,5880,429.20,1987.3,144.3,12852.9287
5880,5940,430.19,1987.6,143.3,13019.5313
5940,6000,428.71,1986.2,142.0,12809.3398
6000,6060,428.37,1985.1,141.9,12782.9424
6060,6120,428.14,1984.0,141.0,12720.3916
6120,6180,427.91,1983.0,140.6,12810.0635
6180,6240,427.85,1983.1,142.0,12821.7529
6240,6300,428.66,1983.7,141.7,12839.8633
6300,6360,429.07,1985.3,141.0,12853.5273
6360,6420,428.83,1984.3,141.9,12742.5664
6420,6480,429.78,1986.0,146.4,13044.8760
6480,6540,428.64,1986.6,147.0,12849.5957
6540,6600,429.25,1988.4,148.1,12863.0078
6600,6660,429.99,1989.3,153.1,12895.4580
6660,6720,430.37,1989.8,153.6,12843.9971
6720,6780,430.12,1989.3,151.3,12864.9746
6780,6840,430.68,1989.0,150.4,12927.1016
6840,6900,429.49,1988.4,149.5,13101.0059
6900,6960,431.37,1989.6,150.8,13091.1406
6960,7020,431.69,1989.4,155.9,13289.5195
7020,7080,431.48,1990.1,158.1,13253.3145
7080,7140,429.39,1988.6,151.7,12892.7852
7140,7200,431.17,1990.3,153.1,13088.0664
7200,7260,430.71,1990.7,157.1,13344.5264
7260,7320,430.90,1991.7,159.8,12983.3799
7320,7380,430.80,1992.3,159.4,12870.6064
7380,7440,430.18,1994.0,155.5,12662.3574
7440,7500,431.18,1997.8,155.9,12820.6582
7500,7560,431.64,2002.4,156.0,12874.3623
7560,7620,431.24,2004.1,160.0,12522.9502
7620,7680,432.34,2005.4,159.5,12774.0107
7680,7740,431.60,2005.4,170.5,12265.4033
7740,7800,433.61,2006.4,179.4,12522.2695
7800,7860,433.39,2006.0,182.0,12514.3086
7860,7920,434.28,2007.7,181.6,12777.1855
7920,7980,433.89,2007.2,175.3,12875.2441
7980,8040,434.18,2007.8,175.4,13034.2842
8040,8100,434.00,2006.8,175.0,12969.2275
8100,8160,434.49,2007.6,178.9,12846.6826
8160,8220,435.49,2009.0,181.8,12783.9297
8220,8280,436.32,2009.3,181.5,13032.7754
8280,8340,436.48,2009.1,180.5,12996.4727
8340,8400,436.66,2009.2,180.3,12850.6934
8400,8460,436.16,2008.4,177.9,12743.9277
8460,8520,434.91,2007.1,174.4,12417.1113
8520,8580,436.40,2008.8,176.8,12727.7588
8580,8640,437.43,2008.6,179.0,12795.6270
8640,8700,436.96,2008.9,182.2,12790.9131
8700,8760,435.36,2007.2,184.0,12569.1934
8760,8820,434.79,2006.0,191.2,12509.8613
8820,8880,436.61,2008.0,194.1,12722.8975
8880,8940,436.21,2007.1,186.8,12772.8711
8940,9000,436.43,2007.0,182.6,12883.2148
9000,9060,435.09,2002.8,175.4,12839.0010
9060,9120,437.03,2007.1,181.5,12894.2637
9120,9180,436.55,2002.6,177.0,12960.6816
9180,9240,435.47,1997.7,178.6,12975.4961
9240,9300,438.14,1998.4,197.0,13128.4268
9300,9360,436.41,1989.8,207.3,13083.2734
9360,9420,439.76,1993.3,209.9,13263.0088
9420,9480,438.05,1984.1,203.2,13271.8330
9480,9540,441.27,1981.1,189.5,13424.2969
9540,9600,444.03,1985.7,184.3,13633.5078
9600,9660,434.73,1983.5,169.3,13485.1357
9660,9720,435.61,1984.3,177.9,13570.6211
9720,9780,435.44,1983.2,188.2,13622.2998
9780,9840,438.75,1983.8,346.6,13835.4346
9840,9900,435.74,1976.2,390.0,13802.0342
9900,9960,436.65,1974.7,377.4,13878.3311
9960,10020,435.64,1972.1,290.7,13948.6865
10020,10080,433.93,1969.6,211.2,13908.0195
10080,10140,434.64,1969.1,194.0,13994.0840
10140,10200,433.97,1964.9,171.6,14025.0039
10200,10260,433.92,1964.1,161.0,14113.5596
10260,10320,434.31,1963.5,153.9,14171.6270
10320,10380,434.28,1962.2,153.1,14204.1289
10380,10440,433.98,1963.2,153.9,14138.9619
10440,10500,434.56,1963.3,155.9,14164.4844
10500,10560,435.29,1963.3,160.0,14196.4326
10560,10620,435.01,1963.5,169.5,14172.3262
10620,10680,434.10,1962.7,162.0,14118.9990
10680,10740,433.98,1962.5,158.7,14105.7314
10740,10800,436.58,1963.6,164.3,14224.4209
10800,10860,438.00,1964.3,162.6,14352.9609
10860,10920,435.95,1964.5,160.4,14114.2119
10920,10980,435.18,1963.5,156.9,14050.1611
10980,11040,434.53,1964.1,169.7,13954.0059
11040,11100,435.40,1965.0,187.8,13975.6299
11100,11160,435.05,1964.4,173.3,14000.3223
11160,11220,433.24,1963.2,192.7,13840.3389
11220,11280,433.78,1961.6,173.9,13864.5967
11280,11340,433.66,1961.9,164.9,13777.5029
11340,11400,433.97,1961.8,162.6,13792.6494
11400,11460,432.17,1961.1,158.6,13686.3535
11460,11520,434.88,1961.5,169.4,13798.6240
11520,11580,433.54,1960.2,166.8,13706.4570
11580,11640,434.14,1961.2,173.8,13695.5098
11640,11700,435.12,1963.7,172.0,13754.0977
11700,11760,435.84,1963.8,167.5,13779.0996
11760,11820,437.05,1964.5,171.3,13845.1572
11820,11880,437.08,1969.3,173.7,13865.4824
11880,11940,436.94,1969.4,167.5,13854.7109
11940,12000,436.75,1970.3,163.5,13816.4463
12000,12060,437.35,1972.0,167.3,13869.8418
12060,12120,436.45,1969.1,165.5,13766.4033
12120,12180,438.40,1971.5,166.0,13964.0537
12180,12240,438.60,1971.4,165.1,13958.5625
12240,12300,438.06,1969.8,164.0,13915.5420
12300,12360,437.70,1969.1,172.1,13852.1953
12360,12420,439.70,1970.2,168.4,14002.7246
12420,12480,439.61,1969.6,169.1,13969.2979
12480,12540,438.83,1968.5,163.8,13911.4570
12540,12600,438.98,1968.5,164.4,13912.8291
12600,12660,440.26,1968.9,171.5,13993.4443
12660,12720,439.92,1967.7,181.4,13788.0459
12720,12780,440.48,1970.0,170.9,13964.8281
12780,12840,441.75,1969.9,176.2,13992.8057
12840,12900,440.52,1968.3,184.4,13839.7441
12900,12960,442.79,1968.8,183.8,13902.5430
12960,13020,441.21,1968.9,179.6,13850.9980
13020,13080,441.68,1969.9,182.3,13877.9385
13080,13140,441.68,1969.4,179.5,13829.3467
13140,13200,441.93,1970.2,180.4,13802.5088
13200,13260,439.92,1969.5,168.7,13682.3242
13260,13320,442.20,1968.9,163.1,13749.6885
13320,13380,438.46,1967.5,155.8,13552.1904
13380,13440,440.26,1969.2,160.3,13678.3818
13440,13500,439.61,1966.7,156.5,13573.7041
13500,13560,441.52,1967.0,160.3,13601.9658
13560,13620,438.58,1962.9,159.0,13391.6494
13620,13680,438.20,1961.1,168.3,13347.7822
13680,13740,436.90,1960.3,169.3,13234.0020
13740,13800,437.20,1960.4,162.6,13171.0156
13800,13860,437.03,1959.9,154.6,13166.2764
13860,13920,437.26,1959.3,148.0,13196.8066
13920,13980,437.07,1959.2,144.5,13193.8818
13980,14040,437.39,1958.4,144.0,13191.5801
14040,14100,438.62,1958.6,144.4,13259.6621
14100,14160,438.98,1958.9,149.6,13232.4902
14160,14220,437.59,1958.5,150.4,13219.2480
14220,14280,434.82,1959.3,155.0,13101.2920
14280,14340,436.00,1959.3,153.9,13145.7871
14340,14400,436.15,1959.2,159.4,13106.1602
14400,14460,437.27,1960.0,162.7,13188.0322
14460,14520,437.23,1959.1,161.7,13168.3643
14520,14580,436.71,1959.3,173.3,13136.5459
14580,14640,436.67,1959.7,172.9,13112.1914
14640,14700,436.01,1959.8,151.1,13059.5254
14700,14760,436.78,1960.5,150.9,13100.1953
14760,14820,436.90,1959.8,143.0,13074.5889
14820,14880,437.51,1959.9,142.1,13154.2002
14880,14940,436.98,1964.5,150.8,13109.6357
14940,15000,436.81,1964.7,145.1,13149.9482
15000,15060,439.11,1964.4,146.9,13203.6836
15060,15120,440.41,1966.2,148.1,13234.8965
15120,15180,439.81,1962.9,152.0,13248.4395
15180,15240,439.64,1963.3,192.6,13251.2988
15240,15300,438.99,1963.5,161.4,13341.8535
15300,15360,438.45,1962.1,162.7,13295.7100
15360,15420,439.13,1962.9,158.5,13329.8896
15420,15480,438.62,1963.3,159.4,13294.1738
15480,15540,439.87,1963.4,161.1,13315.0742
15540,15600,437.23,1962.9,151.7,13317.4355
15600,15660,439.28,1963.3,154.3,13389.0498
15660,15720,439.21,1963.2,164.4,13401.4053
15720,15780,436.44,1960.6,154.3,13345.3252
15780,15840,437.70,1961.3,158.1,13381.1914
15840,15900,437.17,1960.9,157.6,13359.3594
15900,15960,436.97,1960.6,152.9,13357.0840
15960,16020,436.68,1960.3,150.6,13348.3936
16020,16080,436.94,1961.0,155.3,13315.8545
16080,16140,439.23,1963.6,159.6,13412.3174
16140,16200,438.31,1963.0,158.3,13346.1729
16200,16260,437.61,1962.5,157.0,13294.2354
16260,16320,440.13,1967.2,161.1,13466.4551
16320,16380,439.32,1972.1,162.4,13404.0000
16380,16440,441.12,1969.9,161.8,13439.6533
16440,16500,439.47,1966.3,160.9,13280.5938
16500,16560,439.01,1964.6,158.2,13186.5449
16560,16620,435.96,1960.3,151.1,12971.3721
16620,16680,437.70,1960.8,159.3,12975.4902
16680,16740,439.38,1961.3,162.8,13029.5986
16740,16800,436.59,1960.4,152.9,12871.4531
16800,16860,438.46,1961.9,154.4,12947.2734
16860,16920,441.56,1962.6,181.1,13077.3076
16920,16980,440.75,1964.5,227.2,12995.0176
16980,17040,441.15,1965.8,186.2,13052.7617
17040,17100,442.07,1968.9,166.8,13073.5801
17100,17160,441.39,1970.9,166.2,13080.9004
17160,17220,444.01,1973.4,191.5,13117.0371
17220,17280,443.73,1971.5,207.0,13001.1777
17280,17340,437.64,1965.1,166.8,12653.5557
17340,17400,439.01,1965.7,179.2,12732.9736
17400,17460,439.42,1965.6,189.5,12724.6855
17460,17520,440.31,1965.9,175.1,12740.9727
17520,17580,440.75,1969.3,168.7,12835.9541
17580,17640,440.60,1968.8,166.7,12839.2607
17640,17700,440.60,1968.9,168.9,12797.5029
17700,17760,440.59,1968.5,167.4,12768.3984
17760,17820,440.68,1968.8,162.8,12647.2178
17820,17880,441.20,1968.7,164.7,12676.5752
17880,17940,441.75,1969.1,163.4,12660.5254
17940,18000,442.26,1969.1,162.6,12605.4131
18000,18060,442.71,1969.1,161.8,12623.7715
18060,18120,440.07,1966.2,152.6,12452.9971
18120,18180,444.86,1973.7,161.0,12889.1416
18180,18240,440.73,1968.3,156.4,12480.9297
18240,18300,440.32,1966.6,153.3,12407.5430
18300,18360,442.47,1967.4,153.3,12533.9336
18360,18420,445.33,1967.8,163.7,12595.9004
18420,18480,445.93,1967.2,196.1,12555.6865
18480,18540,448.95,1967.0,180.7,12647.0254
18540,18600,441.89,1967.7,167.3,12414.0703
18600,18660,445.20,1971.0,163.3,12462.4922
18660,18720,443.88,1975.4,168.5,12419.9639
18720,18780,448.59,1974.3,195.9,12471.4238
18780,18840,443.41,1972.8,171.2,12397.3125
18840,18900,445.89,1972.9,188.1,12467.1543
18900,18960,443.62,1970.5,187.9,12426.1543
18960,19020,443.58,1968.8,170.4,12430.2119
19020,19080,443.20,1968.7,163.0,12426.5635
19080,19140,442.53,1968.7,185.6,12449.6416
19140,19200,446.26,1970.6,181.0,12479.7236
19200,19260,442.26,1971.1,200.9,12446.3330
19260,19320,442.06,1970.1,175.6,12442.4170
19320,19380,441.97,1969.7,185.4,12446.1709
19380,19440,444.70,1970.8,187.4,12549.0820
19440,19500,445.56,1973.5,193.8,12565.1348
19500,19560,445.46,1978.2,209.2,12581.5791
19560,19620,444.14,1977.5,219.0,12555.7285
19620,19680,446.70,1979.1,207.7,12583.4316
19680,19740,447.22,1984.3,187.9,12626.1406
19740,19800,446.42,1981.7,174.8,12628.1123
19800,19860,445.08,1972.8,210.1,12599.2500
19860,19920,451.13,1977.9,383.4,12669.0195
19920,19980,451.92,1980.3,267.8,12708.6084
19980,20040,448.17,1977.3,202.7,12572.8457
20040,20100,441.87,1975.6,159.1,12378.5967
20100,20160,445.42,1975.7,199.5,12476.5059
20160,20220,444.24,1969.0,180.6,12365.6143
20220,20280,442.89,1966.0,154.3,12335.2510
20280,20340,445.93,1966.9,162.0,12476.6953
20340,20400,443.38,1966.8,164.5,12382.9971
20400,20460,448.63,1968.1,169.1,12583.9229
20460,20520,448.63,1969.4,197.7,12579.1709
20520,20580,447.68,1969.0,211.6,12556.0391
20580,20640,447.63,1969.1,188.8,12474.7695
20640,20700,441.94,1964.5,165.2,12352.3428
20700,20760,443.10,1966.2,190.6,12410.3867
20760,20820,443.56,1964.5,226.4,12404.8594
20820,20880,440.47,1964.5,156.7,12393.2822
20880,20940,441.82,1965.2,155.7,12425.2734
20940,21000,440.91,1963.7,156.7,12424.1514
21000,21060,440.98,1964.0,157.0,12415.3193
21060,21120,440.13,1963.6,154.0,12374.8418
21120,21180,442.05,1964.6,159.5,12408.1230
21180,21240,440.10,1963.8,159.3,12357.1982
21240,21300,441.23,1965.3,191.6,12408.9023
21300,21360,444.67,1967.9,256.1,12527.1094
21360,21420,441.58,1964.9,159.9,12377.1055
21420,21480,442.68,1964.5,164.1,12416.3701
21480,21540,443.19,1963.3,154.2,12462.1035
21540,21600,440.62,1963.0,268.7,12318.8613
21600,21660,441.12,1962.1,162.6,12258.2539
21660,21720,441.77,1962.1,156.1,12204.6680
21720,21780,442.66,1964.4,166.9,12270.4688
21780,21840,441.45,1965.4,155.7,12214.6719
21840,21900,442.08,1966.9,154.2,12326.1230
21900,21960,444.92,1968.9,168.2,12357.3223
21960,22020,443.54,1966.5,162.8,12394.4141
22020,22080,442.69,1968.1,152.6,12400.7080
22080,22140,444.96,1968.6,156.3,12497.1504
22140,22200,443.41,1967.6,153.5,12435.1689
22200,22260,442.30,1965.0,146.7,12387.6133
22260,22320,442.40,1964.9,158.2,12382.4561
22320,22380,443.37,1965.8,169.8,12428.9180
22380,22440,444.46,1965.3,150.1,12346.7852
22440,22500,445.05,1964.5,149.8,12378.7236
22500,22560,439.61,1962.2,143.0,12075.8164
22560,22620,442.55,1963.2,146.7,12198.3945
22620,22680,441.07,1963.5,204.5,12136.4189
22680,22740,440.52,1964.2,154.0,12127.3955
22740,22800,440.70,1963.9,150.7,12106.6406
