CampaignData_and_Merges/R0/CSL_MobileLab_Parked/raw/20240720/USOS-O3_MobileLabGround_20240720_R0.ict
34, 1001
Carrie Womack
NOAA Chemical Sciences Laboratory
2B Tech O3 UV Analyzer
USOS
1, 1
2024, 07, 20, 2024, 12, 21
60
Time_Start, seconds_past_midnight, Seconds from midnight UTC
1
1
-9999
O3_ppb, ppb, Ozone from 2B Tech UV Analyzer
1
SPECIAL COMMENTS:
18
PI_CONTACT_INFO: Address: 325 Broadway R/CSL7, Boulder, CO, 80305
PLATFORM: CSL Mobile Lab
LOCATION: Salt Lake City, UT
ASSOCIATED_DATA: N/A
INSTRUMENT_INFO: N/A
DATA_INFO: Units:
UNCERTAINTY: N/A
ULOD_FLAG: -7777
ULOD_VALUE: N/A
LLOD_FLAG: -8888
LLOD_VALUE: N/A
DM_CONTACT_INFO: Data Manager: Nate Howard
PROJECT_INFO: 
STIPULATIONS_ON_USE: Use of these data require prior ok from PI.
OTHER_COMMENTS: N/A
REVISION: R0
R0: Final data. RA: Preliminary Data.  For in-field use only.
Time_Start, O3_ppb
0.0,67.6
60.0,67.8
120.0,68.6
180.0,65.2
240.0,65.9
300.0,66.0
360.0,65.4
420.0,66.2
480.0,66.6
540.0,65.8
600.0,64.7
660.0,64.5
720.0,64.6
780.0,65.3
840.0,60.6
900.0,59.3
960.0,61.2
1020.0,62.7
1080.0,63.9
1140.0,65.0
1200.0,64.3
1260.0,64.1
1320.0,64.8
1380.0,65.4
1440.0,65.0
1500.0,66.4
1560.0,66.6
1620.0,65.6
1680.0,66.3
1740.0,65.1
1800.0,63.3
1860.0,63.7
1920.0,62.5
1980.0,64.3
2040.0,64.0
2100.0,64.9
2160.0,65.0
2220.0,65.2
2280.0,65.2
2340.0,64.5
2400.0,65.1
2460.0,65.0
2520.0,65.2
2580.0,65.1
2640.0,64.6
2700.0,64.3
2760.0,63.1
2820.0,64.1
2880.0,63.5
2940.0,63.6
3000.0,63.1
3060.0,62.8
3120.0,62.5
3180.0,62.4
3240.0,61.3
3300.0,61.0
3360.0,61.0
3420.0,61.3
3480.0,63.4
3540.0,61.0
3600.0,61.4
3660.0,61.6
3720.0,64.1
3780.0,62.2
3840.0,62.4
3900.0,63.6
3960.0,62.4
4020.0,64.8
4080.0,64.3
4140.0,63.5
4200.0,62.5
4260.0,62.8
4320.0,63.8
4380.0,66.3
4440.0,66.1
4500.0,65.6
4560.0,64.1
4620.0,64.8
4680.0,64.3
4740.0,65.3
4800.0,66.5
4860.0,66.2
4920.0,65.7
4980.0,65.5
5040.0,62.5
5100.0,62.5
5160.0,62.4
5220.0,62.2
5280.0,62.0
5340.0,61.6
5400.0,59.6
5460.0,59.3
5520.0,60.5
5580.0,61.7
5640.0,59.4
5700.0,60.3
5760.0,60.2
5820.0,60.3
5880.0,60.6
5940.0,60.7
6000.0,61.8
6060.0,62.2
6120.0,61.2
6180.0,59.9
6240.0,61.4
6300.0,61.2
6360.0,60.7
6420.0,60.6
6480.0,60.8
6540.0,61.2
6600.0,61.5
6660.0,60.4
6720.0,60.5
6780.0,61.5
6840.0,60.9
6900.0,59.9
6960.0,60.5
7020.0,58.2
7080.0,59.2
7140.0,60.7
7200.0,60.1
7260.0,58.9
7320.0,59.1
7380.0,61.2
7440.0,60.5
7500.0,60.5
7560.0,59.7
7620.0,62.0
7680.0,60.6
7740.0,62.2
7800.0,60.1
7860.0,59.7
7920.0,58.3
7980.0,59.1
8040.0,58.0
8100.0,58.5
8160.0,58.1
8220.0,57.4
8280.0,56.7
8340.0,57.7
8400.0,57.0
8460.0,59.1
8520.0,60.3
8580.0,58.0
8640.0,58.0
8700.0,58.4
8760.0,59.4
8820.0,60.1
8880.0,58.0
8940.0,58.3
9000.0,58.6
9060.0,57.6
9120.0,57.9
9180.0,57.6
9240.0,56.3
9300.0,55.0
9360.0,54.3
9420.0,53.5
9480.0,52.8
9540.0,51.4
9600.0,52.8
9660.0,55.0
9720.0,51.9
9780.0,51.9
9840.0,48.9
9900.0,50.4
9960.0,50.5
10020.0,51.0
10080.0,50.0
10140.0,49.1
10200.0,50.3
10260.0,51.9
10320.0,51.1
10380.0,51.5
10440.0,50.7
10500.0,50.1
10560.0,50.8
10620.0,51.6
10680.0,51.7
10740.0,50.6
10800.0,49.0
10860.0,49.5
10920.0,50.3
10980.0,50.4
11040.0,50.6
11100.0,50.4
11160.0,50.5
11220.0,51.0
11280.0,52.1
11340.0,50.7
11400.0,52.2
11460.0,52.4
11520.0,51.6
11580.0,50.1
11640.0,50.5
11700.0,50.1
11760.0,49.4
11820.0,48.8
11880.0,49.7
11940.0,50.3
12000.0,50.9
12060.0,49.8
12120.0,49.9
12180.0,48.5
12240.0,49.1
12300.0,48.9
12360.0,49.7
12420.0,49.0
12480.0,48.8
12540.0,49.5
12600.0,48.6
12660.0,48.2
12720.0,48.8
12780.0,48.2
12840.0,48.4
12900.0,49.3
12960.0,47.0
13020.0,48.4
13080.0,48.0
13140.0,46.8
13200.0,47.8
13260.0,49.5
13320.0,50.2
13380.0,50.1
13440.0,50.0
13500.0,49.4
13560.0,50.4
13620.0,52.0
13680.0,51.0
13740.0,51.5
13800.0,51.8
13860.0,51.6
13920.0,52.1
13980.0,52.7
14040.0,51.6
14100.0,52.0
14160.0,51.2
14220.0,53.0
14280.0,51.9
14340.0,52.6
14400.0,52.0
14460.0,51.3
14520.0,49.3
14580.0,50.0
14640.0,52.0
14700.0,52.2
14760.0,51.5
14820.0,52.1
14880.0,52.2
14940.0,51.1
15000.0,50.9
15060.0,51.1
15120.0,51.5
15180.0,52.2
15240.0,51.5
15300.0,50.4
15360.0,50.9
15420.0,50.5
15480.0,50.6
15540.0,51.5
15600.0,50.9
15660.0,49.7
15720.0,49.0
15780.0,50.7
15840.0,49.8
15900.0,51.2
15960.0,51.1
16020.0,51.0
16080.0,50.9
16140.0,49.3
16200.0,51.0
16260.0,50.0
16320.0,49.6
16380.0,50.1
16440.0,49.1
16500.0,50.5
16560.0,51.5
16620.0,53.3
16680.0,52.0
16740.0,52.0
16800.0,53.4
16860.0,51.9
16920.0,52.0
16980.0,51.0
17040.0,50.0
17100.0,50.1
17160.0,48.5
17220.0,43.2
17280.0,46.3
17340.0,51.5
17400.0,51.6
17460.0,50.6
17520.0,50.7
17580.0,50.3
17640.0,49.7
17700.0,50.6
17760.0,50.6
17820.0,50.6
17880.0,50.1
17940.0,50.4
18000.0,50.4
18060.0,50.0
18120.0,50.9
18180.0,49.2
18240.0,51.5
18300.0,51.5
18360.0,50.3
18420.0,49.5
18480.0,48.7
18540.0,49.8
18600.0,50.7
18660.0,51.1
18720.0,48.5
18780.0,46.0
18840.0,49.3
18900.0,48.5
18960.0,50.0
19020.0,50.6
19080.0,49.4
19140.0,49.8
19200.0,49.8
19260.0,50.4
19320.0,51.5
19380.0,50.0
19440.0,48.7
19500.0,48.1
19560.0,48.1
19620.0,46.2
19680.0,42.7
19740.0,48.6
19800.0,48.6
19860.0,48.6
19920.0,47.9
19980.0,48.4
20040.0,49.7
20100.0,52.1
20160.0,50.5
20220.0,51.9
20280.0,51.0
20340.0,51.1
20400.0,50.6
20460.0,49.1
20520.0,48.3
20580.0,46.1
20640.0,44.4
20700.0,50.7
20760.0,50.1
20820.0,50.9
20880.0,50.6
20940.0,51.3
21000.0,50.9
21060.0,50.7
21120.0,51.8
21180.0,51.5
21240.0,51.3
21300.0,50.7
21360.0,49.3
21420.0,49.5
21480.0,51.3
21540.0,50.0
21600.0,50.9
21660.0,50.8
21720.0,50.9
21780.0,50.2
21840.0,51.1
21900.0,50.0
21960.0,47.1
22020.0,48.6
22080.0,49.5
22140.0,49.4
22200.0,50.0
22260.0,50.4
22320.0,51.0
22380.0,48.3
22440.0,50.0
22500.0,51.3
22560.0,51.4
22620.0,51.7
22680.0,52.2
22740.0,51.5
22800.0,50.7
22860.0,52.2
22920.0,51.6
22980.0,51.3
23040.0,52.0
23100.0,52.7
23160.0,51.7
23220.0,51.2
23280.0,50.6
23340.0,51.3
23400.0,51.0
23460.0,50.7
23520.0,51.2
23580.0,50.6
23640.0,49.7
23700.0,49.3
23760.0,44.4
23820.0,50.7
23880.0,51.0
23940.0,50.1
24000.0,50.8
24060.0,50.8
24120.0,50.3
24180.0,51.9
24240.0,51.9
24300.0,52.5
24360.0,51.3
24420.0,52.3
24480.0,51.4
24540.0,52.2
24600.0,52.4
24660.0,50.2
24720.0,50.7
24780.0,51.6
24840.0,49.9
24900.0,49.0
24960.0,49.6
25020.0,50.4
25080.0,50.2
25140.0,50.6
25200.0,50.7
25260.0,50.5
25320.0,49.9
25380.0,51.1
25440.0,49.5
25500.0,46.5
25560.0,46.2
25620.0,45.7
25680.0,46.5
25740.0,48.4
25800.0,48.5
25860.0,49.9
25920.0,49.3
25980.0,48.8
26040.0,50.2
26100.0,50.7
26160.0,50.9
26220.0,48.8
26280.0,49.1
26340.0,49.2
26400.0,49.9
26460.0,50.8
26520.0,49.1
26580.0,50.3
26640.0,49.4
26700.0,50.1
26760.0,50.5
26820.0,51.8
26880.0,52.3
26940.0,51.3
27000.0,51.8
27060.0,51.3
27120.0,51.0
27180.0,49.5
27240.0,51.6
27300.0,50.2
27360.0,49.2
27420.0,50.7
27480.0,49.6
27540.0,50.2
27600.0,49.5
27660.0,51.0
27720.0,49.2
27780.0,47.9
27840.0,47.1
27900.0,47.4
27960.0,46.0
28020.0,46.3
28080.0,46.7
28140.0,48.5
28200.0,47.6
28260.0,48.3
28320.0,49.4
28380.0,48.2
28440.0,49.3
28500.0,49.0
28560.0,50.3
28620.0,49.2
28680.0,48.4
28740.0,50.4
28800.0,49.8
28860.0,49.5
28920.0,49.8
28980.0,49.2
29040.0,46.9
29100.0,47.8
29160.0,46.2
29220.0,46.7
29280.0,47.6
29340.0,48.2
29400.0,48.3
29460.0,47.0
29520.0,45.0
29580.0,46.3
29640.0,47.5
29700.0,48.0
29760.0,44.8
29820.0,45.5
29880.0,46.5
29940.0,46.5
30000.0,45.5
30060.0,45.9
30120.0,44.0
30180.0,43.2
30240.0,42.5
30300.0,46.2
30360.0,46.5
30420.0,46.0
30480.0,48.9
30540.0,48.7
30600.0,47.2
30660.0,48.4
30720.0,46.9
30780.0,48.3
30840.0,49.5
30900.0,49.4
30960.0,48.5
31020.0,48.9
31080.0,47.5
31140.0,48.8
31200.0,49.0
31260.0,48.9
31320.0,49.7
31380.0,48.6
31440.0,48.8
31500.0,49.2
31560.0,47.5
31620.0,47.6
31680.0,44.8
31740.0,46.5
31800.0,46.3
31860.0,46.8
31920.0,46.8
31980.0,46.6
32040.0,45.9
32100.0,46.7
32160.0,45.9
32220.0,46.6
32280.0,45.3
32340.0,46.2
32400.0,45.2
32460.0,45.4
32520.0,45.7
32580.0,45.7
32640.0,45.8
32700.0,45.3
32760.0,45.8
32820.0,45.3
32880.0,45.9
32940.0,45.6
33000.0,45.1
33060.0,43.9
33120.0,44.4
33180.0,44.5
33240.0,44.4
33300.0,43.5
33360.0,43.2
33420.0,43.0
33480.0,43.1
33540.0,42.6
33600.0,42.7
33660.0,43.3
33720.0,41.5
33780.0,40.3
33840.0,38.8
33900.0,41.8
33960.0,41.7
34020.0,41.1
34080.0,41.8
34140.0,42.4
34200.0,40.9
34260.0,41.2
34320.0,41.3
34380.0,40.9
34440.0,40.5
34500.0,41.5
34560.0,41.5
34620.0,42.3
34680.0,42.1
34740.0,40.1
34800.0,39.6
34860.0,39.4
34920.0,39.6
34980.0,37.8
35040.0,39.4
35100.0,40.5
35160.0,39.5
35220.0,39.9
35280.0,40.9
35340.0,38.6
35400.0,43.6
35460.0,46.1
35520.0,44.4
35580.0,43.7
35640.0,43.0
35700.0,43.6
35760.0,43.3
35820.0,44.6
35880.0,42.0
35940.0,21.2
36000.0,33.3
36060.0,37.0
36120.0,38.0
36180.0,38.0
36240.0,41.2
36300.0,38.9
36360.0,40.8
36420.0,40.3
36480.0,43.1
36540.0,43.0
36600.0,45.9
36660.0,43.7
36720.0,44.7
36780.0,45.8
36840.0,45.2
36900.0,45.8
36960.0,45.8
37020.0,46.7
37080.0,47.2
37140.0,46.9
37200.0,47.3
37260.0,46.6
37320.0,47.5
37380.0,47.3
37440.0,46.4
37500.0,44.9
37560.0,45.6
37620.0,47.1
37680.0,48.5
37740.0,49.0
37800.0,48.3
37860.0,48.0
37920.0,48.5
37980.0,48.1
38040.0,49.4
38100.0,47.4
38160.0,48.3
38220.0,47.8
38280.0,47.4
38340.0,47.4
38400.0,47.8
38460.0,47.3
38520.0,47.5
38580.0,45.6
38640.0,40.0
38700.0,42.0
38760.0,42.3
38820.0,44.2
38880.0,44.8
38940.0,45.8
39000.0,46.3
39060.0,43.9
39120.0,44.8
39180.0,41.6
39240.0,41.5
39300.0,44.3
39360.0,44.4
39420.0,44.5
39480.0,44.6
39540.0,46.3
39600.0,46.5
39660.0,46.5
39720.0,46.9
39780.0,45.3
39840.0,42.4
39900.0,42.2
39960.0,44.6
40020.0,43.6
40080.0,43.4
40140.0,44.2
40200.0,43.8
40260.0,43.8
40320.0,44.1
40380.0,43.4
40440.0,44.5
40500.0,44.4
40560.0,45.8
40620.0,44.5
40680.0,44.4
40740.0,44.3
40800.0,44.0
40860.0,45.6
40920.0,45.1
40980.0,44.2
41040.0,43.6
41100.0,42.4
41160.0,42.5
41220.0,41.7
41280.0,40.7
41340.0,43.5
41400.0,40.1
41460.0,26.9
41520.0,32.4
41580.0,33.8
41640.0,36.8
41700.0,34.0
41760.0,35.6
41820.0,37.1
41880.0,35.1
41940.0,37.7
42000.0,37.0
42060.0,37.9
42120.0,37.0
42180.0,34.4
42240.0,33.7
42300.0,29.5
42360.0,24.1
42420.0,27.3
42480.0,38.1
42540.0,38.6
42600.0,39.1
42660.0,41.6
42720.0,41.4
42780.0,41.3
42840.0,39.4
42900.0,35.9
42960.0,37.9
43020.0,36.2
43080.0,40.6
43140.0,41.8
43200.0,38.7
43260.0,38.3
43320.0,37.9
43380.0,37.1
43440.0,34.1
43500.0,38.1
43560.0,37.3
43620.0,34.7
43680.0,34.9
43740.0,34.2
43800.0,33.6
43860.0,35.1
43920.0,38.0
43980.0,44.2
44040.0,45.4
44100.0,46.3
44160.0,45.3
44220.0,45.9
44280.0,47.1
44340.0,46.5
44400.0,46.5
44460.0,46.4
44520.0,46.2
44580.0,46.4
44640.0,46.0
44700.0,46.4
44760.0,45.8
44820.0,45.2
44880.0,43.8
44940.0,43.6
45000.0,44.0
45060.0,44.9
45120.0,43.8
45180.0,44.8
45240.0,43.3
45300.0,42.4
45360.0,42.5
45420.0,40.4
45480.0,39.9
45540.0,38.5
45600.0,36.2
45660.0,34.1
45720.0,36.5
45780.0,34.9
45840.0,37.5
45900.0,38.7
45960.0,39.3
46020.0,40.4
46080.0,38.9
46140.0,36.5
46200.0,38.4
46260.0,34.8
46320.0,27.0
46380.0,27.2
46440.0,32.0
46500.0,29.6
46560.0,30.8
46620.0,34.4
46680.0,34.8
46740.0,33.2
46800.0,37.8
46860.0,40.6
46920.0,36.2
46980.0,40.5
47040.0,44.7
47100.0,45.4
47160.0,43.2
47220.0,44.5
47280.0,44.1
47340.0,43.9
47400.0,43.2
47460.0,42.4
47520.0,41.9
47580.0,41.3
47640.0,38.6
47700.0,40.6
47760.0,34.4
47820.0,33.0
47880.0,32.3
47940.0,33.2
48000.0,30.6
48060.0,26.0
48120.0,23.9
48180.0,28.2
48240.0,28.7
48300.0,28.0
48360.0,31.3
48420.0,31.8
48480.0,31.0
48540.0,33.6
48600.0,33.4
48660.0,32.2
48720.0,32.3
48780.0,34.3
48840.0,32.0
48900.0,33.4
48960.0,35.8
49020.0,37.1
49080.0,33.0
49140.0,29.6
49200.0,30.9
49260.0,30.8
49320.0,30.5
49380.0,34.2
49440.0,35.6
49500.0,32.7
49560.0,28.3
49620.0,34.4
49680.0,37.3
49740.0,36.9
49800.0,33.7
49860.0,30.7
49920.0,29.4
49980.0,30.1
50040.0,30.9
50100.0,29.6
50160.0,31.4
50220.0,37.0
50280.0,37.1
50340.0,35.5
50400.0,33.7
50460.0,33.4
50520.0,34.4
50580.0,37.0
50640.0,33.3
50700.0,33.8
50760.0,36.4
50820.0,39.0
50880.0,38.1
50940.0,40.3
51000.0,40.2
51060.0,38.5
51120.0,39.3
51180.0,38.4
51240.0,42.1
51300.0,40.8
51360.0,42.3
51420.0,41.8
51480.0,40.4
51540.0,40.5
51600.0,42.9
51660.0,42.9
51720.0,43.9
51780.0,42.2
51840.0,41.0
51900.0,41.9
51960.0,41.5
52020.0,44.1
52080.0,45.5
52140.0,44.0
52200.0,43.8
52260.0,44.7
52320.0,44.4
52380.0,44.3
52440.0,43.6
52500.0,43.8
52560.0,43.3
52620.0,44.1
52680.0,44.6
52740.0,44.2
52800.0,44.3
52860.0,45.6
52920.0,43.9
52980.0,44.2
53040.0,43.0
53100.0,44.3
53160.0,43.6
53220.0,43.5
53280.0,43.2
53340.0,42.0
53400.0,44.0
53460.0,44.0
53520.0,42.8
53580.0,43.3
53640.0,43.9
53700.0,44.2
53760.0,44.2
53820.0,45.2
53880.0,44.4
53940.0,44.1
54000.0,42.8
54060.0,43.5
54120.0,44.1
54180.0,43.9
54240.0,43.3
54300.0,44.3
54360.0,44.7
54420.0,44.1
54480.0,43.9
54540.0,44.8
54600.0,44.1
54660.0,43.3
54720.0,43.7
54780.0,44.1
54840.0,44.2
54900.0,45.2
54960.0,44.8
55020.0,44.6
55080.0,44.4
55140.0,45.2
55200.0,43.7
55260.0,43.5
55320.0,43.7
55380.0,44.8
55440.0,45.0
55500.0,45.2
55560.0,44.5
55620.0,44.9
55680.0,44.5
55740.0,44.4
55800.0,44.8
55860.0,45.2
55920.0,44.9
55980.0,44.6
56040.0,43.6
56100.0,43.6
56160.0,44.1
56220.0,44.5
56280.0,44.3
56340.0,45.3
56400.0,46.1
56460.0,45.6
56520.0,44.2
56580.0,45.0
56640.0,44.6
56700.0,46.2
56760.0,45.7
56820.0,46.3
56880.0,45.0
56940.0,44.7
57000.0,43.9
57060.0,44.7
57120.0,44.4
57180.0,44.9
57240.0,45.8
57300.0,44.8
57360.0,45.7
57420.0,45.6
57480.0,45.4
57540.0,44.8
57600.0,44.2
57660.0,45.2
57720.0,45.2
57780.0,46.1
57840.0,44.8
57900.0,45.4
57960.0,45.6
58020.0,45.1
58080.0,45.1
58140.0,46.1
58200.0,46.6
58260.0,46.6
58320.0,46.2
58380.0,47.9
58440.0,47.4
58500.0,47.6
58560.0,45.3
58620.0,45.4
58680.0,45.6
58740.0,46.8
58800.0,45.1
58860.0,44.6
58920.0,45.6
58980.0,45.6
59040.0,46.4
59100.0,44.8
59160.0,46.4
59220.0,44.9
59280.0,45.6
59340.0,49.4
59400.0,46.9
59460.0,46.9
59520.0,45.4
59580.0,46.8
59640.0,46.8
59700.0,46.6
59760.0,47.1
59820.0,46.2
59880.0,47.4
59940.0,47.4
60000.0,47.5
60060.0,46.8
60120.0,46.5
60180.0,45.6
60240.0,44.9
60300.0,47.0
60360.0,45.7
60420.0,47.0
60480.0,47.0
60540.0,48.9
60600.0,49.7
60660.0,48.8
60720.0,49.1
60780.0,49.3
60840.0,50.8
60900.0,49.5
60960.0,51.0
61020.0,50.8
61080.0,50.4
61140.0,50.0
61200.0,50.9
61260.0,51.8
61320.0,52.5
61380.0,53.0
61440.0,53.4
61500.0,54.1
61560.0,54.0
61620.0,55.3
61680.0,55.9
61740.0,53.2
61800.0,53.8
61860.0,53.0
61920.0,53.6
61980.0,55.0
62040.0,55.7
62100.0,53.2
62160.0,53.5
62220.0,54.5
62280.0,55.0
62340.0,55.5
62400.0,56.7
62460.0,55.1
62520.0,56.2
62580.0,57.4
62640.0,59.8
62700.0,63.4
62760.0,59.4
62820.0,59.0
62880.0,64.4
62940.0,66.1
63000.0,66.7
63060.0,67.9
63120.0,68.9
63180.0,65.7
63240.0,62.8
63300.0,65.2
63360.0,67.2
63420.0,67.2
63480.0,64.9
63540.0,63.4
63600.0,63.3
63660.0,65.8
63720.0,69.1
63780.0,60.9
63840.0,63.6
63900.0,64.2
63960.0,68.1
64020.0,67.9
64080.0,67.6
64140.0,68.1
64200.0,68.6
64260.0,68.3
64320.0,67.1
64380.0,66.8
64440.0,66.7
64500.0,69.3
64560.0,67.3
64620.0,68.5
64680.0,65.3
64740.0,65.4
64800.0,60.4
64860.0,60.9
64920.0,61.0
64980.0,62.1
65040.0,61.4
65100.0,64.3
65160.0,66.1
65220.0,64.8
65280.0,63.8
65340.0,65.1
65400.0,64.4
65460.0,64.0
65520.0,63.6
65580.0,66.3
65640.0,66.6
65700.0,65.6
65760.0,65.1
65820.0,62.6
65880.0,64.1
65940.0,65.5
66000.0,68.1
66060.0,67.6
66120.0,69.3
66180.0,70.1
66240.0,72.8
66300.0,73.1
66360.0,71.5
66420.0,69.5
66480.0,71.4
66540.0,71.9
66600.0,73.9
66660.0,75.5
66720.0,76.6
66780.0,75.7
66840.0,76.7
66900.0,81.0
66960.0,84.6
67020.0,84.3
67080.0,84.5
67140.0,84.8
67200.0,83.8
67260.0,83.1
67320.0,83.5
67380.0,82.6
67440.0,77.8
67500.0,74.8
67560.0,77.2
67620.0,75.4
67680.0,76.6
67740.0,77.9
67800.0,79.8
67860.0,79.9
67920.0,80.1
67980.0,80.5
68040.0,80.5
68100.0,80.3
68160.0,79.3
68220.0,78.4
68280.0,75.6
68340.0,75.9
68400.0,78.0
68460.0,74.5
68520.0,77.5
68580.0,75.9
68640.0,78.8
68700.0,77.4
68760.0,76.3
68820.0,76.3
68880.0,76.4
68940.0,74.8
69000.0,75.5
69060.0,74.5
69120.0,74.3
69180.0,75.7
69240.0,75.7
69300.0,74.8
69360.0,74.1
69420.0,73.4
69480.0,74.2
69540.0,74.5
69600.0,75.1
69660.0,75.5
69720.0,75.1
69780.0,72.9
69840.0,72.7
69900.0,73.8
69960.0,73.3
70020.0,74.0
70080.0,66.6
70140.0,69.5
70200.0,73.9
70260.0,71.4
70320.0,72.1
70380.0,72.3
70440.0,70.3
70500.0,72.6
70560.0,72.3
70620.0,72.1
70680.0,72.6
70740.0,72.9
70800.0,73.1
70860.0,73.4
70920.0,73.5
70980.0,72.6
71040.0,72.3
71100.0,74.3
71160.0,72.5
71220.0,72.3
71280.0,72.8
71340.0,72.8
71400.0,71.8
71460.0,71.3
71520.0,72.0
71580.0,72.1
71640.0,72.1
71700.0,72.5
71760.0,72.2
71820.0,71.9
71880.0,71.1
71940.0,69.3
72000.0,70.2
72060.0,71.6
72120.0,71.2
72180.0,70.2
72240.0,68.6
72300.0,71.1
72360.0,71.4
72420.0,70.6
72480.0,69.7
72540.0,71.3
72600.0,72.4
72660.0,72.1
72720.0,71.4
72780.0,71.0
72840.0,70.9
72900.0,70.4
72960.0,68.5
73020.0,68.1
73080.0,64.8
73140.0,67.0
73200.0,67.6
73260.0,70.3
73320.0,68.5
73380.0,69.4
73440.0,70.5
73500.0,71.0
73560.0,70.1
73620.0,68.1
73680.0,68.0
73740.0,68.6
73800.0,68.9
73860.0,68.3
73920.0,69.1
73980.0,69.5
74040.0,69.9
74100.0,69.6
74160.0,68.6
74220.0,70.5
74280.0,69.2
74340.0,69.2
74400.0,68.7
74460.0,69.5
74520.0,70.2
74580.0,70.6
74640.0,70.5
74700.0,70.0
74760.0,69.7
74820.0,69.1
74880.0,70.6
74940.0,70.6
75000.0,68.7
75060.0,68.7
75120.0,69.8
75180.0,70.5
75240.0,70.1
75300.0,69.0
75360.0,69.7
75420.0,69.1
75480.0,67.7
75540.0,69.1
75600.0,68.4
75660.0,68.5
75720.0,68.8
75780.0,69.6
75840.0,70.4
75900.0,68.0
75960.0,67.7
76020.0,69.2
76080.0,68.6
76140.0,68.2
76200.0,68.4
76260.0,69.0
76320.0,69.6
76380.0,69.3
76440.0,69.8
76500.0,69.3
76560.0,68.9
76620.0,66.2
76680.0,67.1
76740.0,67.9
76800.0,68.8
76860.0,69.3
76920.0,69.4
76980.0,70.1
77040.0,69.6
77100.0,68.8
77160.0,66.7
77220.0,64.2
77280.0,66.8
77340.0,68.9
77400.0,70.0
77460.0,69.0
77520.0,68.7
77580.0,69.1
77640.0,70.3
77700.0,68.0
77760.0,69.6
77820.0,72.7
77880.0,71.6
77940.0,70.4
78000.0,70.3
78060.0,72.3
78120.0,71.0
78180.0,69.1
78240.0,69.5
78300.0,69.5
78360.0,69.8
78420.0,70.2
78480.0,71.0
78540.0,70.5
78600.0,68.9
78660.0,69.8
78720.0,70.0
78780.0,69.5
78840.0,71.3
78900.0,70.4
78960.0,71.4
79020.0,72.8
79080.0,71.3
79140.0,71.8
79200.0,71.6
79260.0,70.3
79320.0,70.1
79380.0,70.4
79440.0,70.0
79500.0,70.9
79560.0,70.0
79620.0,70.8
79680.0,70.9
79740.0,70.6
79800.0,70.2
79860.0,70.3
79920.0,71.2
79980.0,69.7
80040.0,71.2
80100.0,70.3
80160.0,68.8
80220.0,68.5
80280.0,69.5
80340.0,69.0
80400.0,71.2
80460.0,71.0
80520.0,70.4
80580.0,70.8
80640.0,69.0
80700.0,70.1
80760.0,70.1
80820.0,69.7
80880.0,69.1
80940.0,68.4
81000.0,69.2
81060.0,69.2
81120.0,69.4
81180.0,70.0
81240.0,69.7
81300.0,68.7
81360.0,69.1
81420.0,69.2
81480.0,69.2
81540.0,69.4
81600.0,70.4
81660.0,68.5
81720.0,68.4
81780.0,67.2
81840.0,68.4
81900.0,68.0
81960.0,67.4
82020.0,69.0
82080.0,69.8
82140.0,69.9
82200.0,69.7
82260.0,69.5
82320.0,69.6
82380.0,69.9
82440.0,69.6
82500.0,69.9
82560.0,70.9
82620.0,70.9
82680.0,71.5
82740.0,70.0
82800.0,70.8
82860.0,70.9
82920.0,69.5
82980.0,71.3
83040.0,71.4
83100.0,71.2
83160.0,70.7
83220.0,69.9
83280.0,67.2
83340.0,68.6
83400.0,70.3
83460.0,69.5
83520.0,69.2
83580.0,67.9
83640.0,68.3
83700.0,68.4
83760.0,69.2
83820.0,69.1
83880.0,68.8
83940.0,67.7
84000.0,68.9
84060.0,68.1
84120.0,67.6
84180.0,67.8
84240.0,66.1
84300.0,67.3
84360.0,67.9
84420.0,67.5
84480.0,68.0
84540.0,66.2
84600.0,67.7
84660.0,68.4
84720.0,66.4
84780.0,66.6
84840.0,65.2
84900.0,66.3
84960.0,66.1
85020.0,65.2
85080.0,66.4
85140.0,64.0
85200.0,64.2
85260.0,65.4
85320.0,65.6
85380.0,65.8
85440.0,65.2
85500.0,65.3
85560.0,65.0
85620.0,66.4
85680.0,66.4
85740.0,65.6
85800.0,65.3
85860.0,65.9
85920.0,65.9
85980.0,66.4
86040.0,65.5
86100.0,66.5
86160.0,65.6
86220.0,64.8
86280.0,64.2
86340.0,62.3
