CampaignData_and_Merges/R0/CSL_MobileLab_Parked/raw/20240720/USOS-NOy-LIF_MobileLabGround_20240720_R0.ict
39,1001
Rollins, A.; Waxman, E.; Zuraski, K.; Chace, W.
NOAA Chemical Sciences Laboratory
LIF NO/NOx/NOy on CSL Mobile Lab
AMMBEC / USOS
1, 1
2024,07,20, 2025,01,03
1
Time_Start, seconds, number_of_seconds_since_0000_UTC
7
1, 1, 1, 1, 1, 1, 1
-9999, -9999, -9999, -9999, -9999, -9999, -9999
Time_Stop, seconds, number_of_seconds_since_0000_UTC
NO_LIF, pptv, Gas_NO_InSitu_S_AVMR, volume mixing ratio of nitric oxide in air
NO2_LIF, pptv, Gas_NO2_InSitu_S_AVMR, volume mixing ratio of nitrogen dioxide in air
NOy_LIF, pptv, Gas_NOy_InSitu_S_AVMR, volume mixing ratio of total oxidized nitrogen in air
NO_LIF_1SigmaAccuracy, pptv, Gas_NO_InSitu_S_AVMR, volume mixing ratio of nitric oxide in air
NO2_LIF_1SigmaAccuracy, pptv, Gas_NO2_InSitu_S_AVMR, volume mixing ratio of nitrogen dioxide in air
NOy_LIF_1SigmaAccuracy, pptv, Gas_NOy_InSitu_S_AVMR, volume mixing ratio of total oxidized nitrogen in air
0
18
PI_CONTACT_INFO: andrew.rollins@noaa.gov
PLATFORM: CSL Mobile Lab
LOCATION: Salt Lake City, UT
ASSOCIATED_DATA:
INSTRUMENT_INFO: NO detection by laser induced fluorescence. NO2 detection by photolytic conversion to NO. NOy detection by catalytic conversion to NO on gold surface
DATA_INFO:
UNCERTAINTY: Included 1 Sigma Accuracy waves represent the combined calibration uncertainties (±6%, ±9%, ±10%) and zero uncertainties (3 ppt, 20 ppt, 100 ppt) for NO, NO2, and NOy, respectively.
ULOD_FLAG: -7777
ULOD_VALUE: N/A
LLOD_FLAG: -8888
LLOD_VALUE: N/A
DM_CONTACT_INFO: andrew.rollins@noaa.gov
PROJECT_INFO: USOS Project, July - August 2024
STIPULATIONS_ON_USE: Users are strongly encouraged to contact the PI for proper data usage.
OTHER_COMMENTS:
REVISION: R0
R0: final data
Time_Start, Time_Stop, NO_LIF, NO2_LIF, NOy_LIF, NO_LIF_1SigmaAccuracy, NO2_LIF_1SigmaAccuracy, NOy_LIF_1SigmaAccuracy
[from data line 264]
   15840,   15900,17.881,2213.2,3264.4,4.0729, 219.19, 426.44
   15900,   15960,9.4393,1848.3,3062.9,3.5664, 186.35, 406.29
   15960,   16020,7.0207,1628.8,3002.7,3.4212, 166.6, 400.27
   16020,   16080,6.5371,1674.5,2669.3,3.3922, 170.7, 366.93
   16080,   16140,7.4572,1921.4,2922.9,3.4474, 192.92, 392.29
   16140,   16200,10.982,2103.1,3379.4,3.6589, 209.28, 437.94
   16200,   16260,4.5547,1767.3,3230.1,3.2733, 179.06, 423.01
   16260,   16320,6.7615,1867.3,2984.3,3.4057, 188.06, 398.43
   16320,   16380,11.349,2047.1,3325.9,3.6809, 204.24, 432.59
   16380,   16440,7.3103,1967.9,3324.4,3.4386, 197.11, 432.44
   16440,   16500,8.4068,2150.8,3385,3.5044, 213.57, 438.5
   16500,   16560,6.0667,1966.5,3126,3.364, 196.98, 412.6
   16560,   16620,7.3977,1860.3,3084.1,3.4439, 187.42, 408.41
   16620,   16680,12.106,1670.8,2860.3,3.7264, 170.37, 386.03
   16680,   16740,14.232,2118.2,3220.2,3.8539, 210.64, 422.02
   16740,   16800,26.134,2067.9,3453.2,4.568, 206.11, 445.32
   16800,   16860,7.9966,1341.6,2883.9,3.4798, 140.75, 388.39
   16860,   16920,16.697,1688.4,2596.4,4.0018, 171.96, 359.64
   16920,   16980,136.81,1818.6,3044.2,11.208, 183.67, 404.42
   16980,   17040,294.59,2511.5,3494.1,20.675, 246.04, 449.41
   17040,   17100,344.96,3712.3,5842.9,23.697, 354.11, 684.29
   17100,   17160,180.26,2608.7,4229.4,13.816, 254.78, 522.94
   17160,   17220,470.44,4591.9,6812.5,31.227, 433.27, 781.25
   17220,   17280,993.63,9010.3,10236,62.618, 830.93, 1123.6
   17280,   17340,435.2,7109.9,10108,29.112, 659.89, 1110.8
   17340,   17400,31.285,3010.4,5179.4,4.8771, 290.94, 617.94
   17400,   17460,20.65,3170.7,4522,4.239, 305.36, 552.2
   17460,   17520,13.651,3064.9,4612.2,3.819, 295.84, 561.22
   17520,   17580,19.011,2981.8,4566.8,4.1407, 288.36, 556.68
   17580,   17640,18.02,2572.6,4193,4.0812, 251.53, 519.3
   17640,   17700,9.5193,2618.6,4009.7,3.5712, 255.67, 500.97
   17700,   17760,8.2342,2557.3,3834.7,3.4941, 250.16, 483.47
   17760,   17820,6.3671,2444.2,3769.4,3.382, 239.97, 476.94
   17820,   17880,22.793,2713.6,3847,4.3676, 264.22, 484.7
   17880,   17940,-9999,-9999,-9999,-9999, -9999, -9999
   17940,   18000,-9999,-9999,-9999,-9999, -9999, -9999
   18000,   18060,-9999,-9999,-9999,-9999, -9999, -9999
   18060,   18120,-9999,-9999,-9999,-9999, -9999, -9999
   18120,   18180,-9999,-9999,-9999,-9999, -9999, -9999
   18180,   18240,-9999,-9999,-9999,-9999, -9999, -9999
   18240,   18300,-9999,-9999,-9999,-9999, -9999, -9999
   18300,   18360,10.445,2067.9,3250.6,3.6267, 206.11, 425.06
   18360,   18420,30.123,2245.7,3482,4.8074, 222.11, 448.2
   18420,   18480,70.834,3559.4,4863.5,7.25, 340.34, 586.35
   18480,   18540,51.613,3936.6,5138.1,6.0968, 374.29, 613.81
   18540,   18600,15.799,2941.6,4696.9,3.9479, 284.74, 569.69
   18600,   18660,31.917,2830.7,4466.9,4.915, 274.76, 546.69
   18660,   18720,29.128,2562.1,4456.4,4.7477, 250.59, 545.64
   18720,   18780,566.68,4723.7,4895,37.001, 445.14, 589.5
   18780,   18840,676.02,7709.7,7408.5,43.561, 713.87, 840.85
   18840,   18900,96.787,4862,6839.1,8.8072, 457.58, 783.91
   18900,   18960,45.235,4427.9,6318.7,5.7141, 418.51, 731.87
   18960,   19020,26.384,3832.9,6901.2,4.583, 364.96, 790.12
   19020,   19080,24.694,3283.8,6329.2,4.4816, 315.55, 732.92
   19080,   19140,218.03,3839.5,6836.8,16.082, 365.56, 783.68
   19140,   19200,572.19,3964.2,5682.2,37.332, 376.78, 668.22
   19200,   19260,449.97,3961.8,6982.3,29.998, 376.56, 798.23
   19260,   19320,45.773,2892.8,4898.2,5.7464, 280.35, 589.82
   19320,   19380,12.831,2393.4,4038.3,3.7699, 235.4, 503.83
   19380,   19440,47.33,2919.4,4254.3,5.8398, 282.75, 525.43
   19440,   19500,34.539,3424.5,4774,5.0723, 328.21, 577.4
   19500,   19560,61.479,4798.6,5839.8,6.6887, 451.88, 683.98
   19560,   19620,45.483,4999.2,6071,5.729, 469.93, 707.1
   19620,   19680,314.11,6993.6,6936.9,21.847, 649.43, 793.69
   19680,   19740,497.69,9764,11434,32.862, 898.76, 1243.4
   19740,   19800,44.066,3240.6,9024.8,5.644, 311.66, 1002.5
   19800,   19860,204.19,4110.3,7218,15.251, 389.92, 821.8
   19860,   19920,386.54,4877.2,8296.3,26.193, 458.95, 929.63
   19920,   19980,235.79,4227.4,8279.7,17.148, 400.46, 927.97
   19980,   20040,104.05,3441.9,6180,9.2428, 329.77, 718
   20040,   20100,124.72,3437,6167.3,10.483, 329.33, 716.73
   20100,   20160,18.838,1878.8,3752.3,4.1303, 189.09, 475.23
   20160,   20220,37.905,2565.7,4131.2,5.2743, 250.92, 513.12
   20220,   20280,36.089,2501.9,4884.4,5.1654, 245.17, 588.44
   20280,   20340,36.444,1767.9,3038.6,5.1866, 179.11, 403.86
   20340,   20400,42.323,2202.3,3450.6,5.5394, 218.21, 445.06
   20400,   20460,81.068,2655.4,3771.6,7.8641, 258.98, 477.16
   20460,   20520,96.425,3239.6,4352.2,8.7855, 311.56, 535.22
   20520,   20580,372.58,4612.3,5395.4,25.355, 435.11, 639.54
   20580,   20640,814.62,6558.6,6899.5,51.877, 610.28, 789.95
   20640,   20700,1052.8,8897.9,12806,66.168, 820.81, 1380.6
   20700,   20760,61.268,2713.4,7849.7,6.6761, 264.21, 884.97
   20760,   20820,189.49,3292,4881.8,14.369, 316.28, 588.18
   20820,   20880,96.931,2391.3,4846.3,8.8159, 235.21, 584.63
   20880,   20940,59.119,2799.5,4242.1,6.5471, 271.96, 524.21
   20940,   21000,28.824,2084.1,3705.5,4.7294, 207.57, 470.55
   21000,   21060,60.63,2287.9,3388.7,6.6378, 225.92, 438.87
   21060,   21120,44.674,1992.4,3146.5,5.6804, 199.32, 414.65
   21120,   21180,46.95,1928,3085.1,5.817, 193.52, 408.51
   21180,   21240,56.272,1880.7,3380.3,6.3763, 189.26, 438.03
   21240,   21300,38.973,1828.4,3118.9,5.3384, 184.55, 411.89
   21300,   21360,54.909,2229.4,3222.6,6.2946, 220.64, 422.26
   21360,   21420,60.201,2091.6,3466.7,6.6121, 208.25, 446.67
   21420,   21480,453.61,3373.3,4761.2,30.216, 323.6, 576.12
   21480,   21540,24.083,1861.8,4005.2,4.445, 187.56, 500.52
   21540,   21600,26.825,2009.8,3115.5,4.6095, 200.88, 411.55
   21600,   21660,81.956,2020.1,3238.6,7.9174, 201.81, 423.86
   21660,   21720,57.737,1798.2,3188.1,6.4642, 181.84, 418.81
   21720,   21780,383.35,2651.7,3574.6,26.001, 258.65, 457.46
   21780,   21840,513.59,3524.6,5199.1,33.816, 337.21, 619.91
   21840,   21900,62.532,1826.9,4290.4,6.7519, 184.42, 529.04
   21900,   21960,146.46,2825.3,3481.9,11.788, 274.28, 448.19
   21960,   22020,746.66,5864.2,6339.5,47.8, 547.78, 733.95
   22020,   22080,98.482,2770.7,6920.9,8.9089, 269.37, 792.09
   22080,   22140,14.547,2168.7,3851.7,3.8728, 215.19, 485.17
   22140,   22200,20.657,2248.5,3320.4,4.2394, 222.37, 432.04
   22200,   22260,16.151,1947.8,3266.5,3.9691, 195.31, 426.65
   22260,   22320,8.3329,1718.3,2962.5,3.5, 174.65, 396.25
   22320,   22380,15.464,1660,2770.4,3.9278, 169.4, 377.04
   22380,   22440,369.2,3296.3,3996.4,25.152, 316.66, 499.64
   22440,   22500,32.442,1714.4,4023.7,4.9465, 174.3, 502.37
   22500,   22560,29.187,1390.9,2564.2,4.7512, 145.18, 356.42
   22560,   22620,23.088,1278.2,2249.2,4.3853, 135.04, 324.92
   22620,   22680,45.298,1287.4,2407,5.7179, 135.87, 340.7
   22680,   22740,20.654,1095.3,2136.6,4.2392, 118.57, 313.66
   22740,   22800,57.977,1222.5,2201,6.4786, 130.02, 320.1
   22800,   22860,189.45,1687.8,2948.9,14.367, 171.9, 394.89
   22860,   22920,27.627,1024.3,2232.2,4.6576, 112.18, 323.22
   22920,   22980,665.83,1941.8,3476.2,42.95, 194.76, 447.62
   22980,   23040,216.87,2054.9,3437.9,16.012, 204.94, 443.79
   23040,   23100,108,1274.5,2370.8,9.4798, 134.71, 337.08
   23100,   23160,8.3776,923.24,1850.4,3.5027, 103.09, 285.04
   23160,   23220,26.333,1019.8,2023,4.58, 111.78, 302.3
   23220,   23280,65.476,1209.1,2078.2,6.9285, 128.82, 307.82
   23280,   23340,133.79,1713.9,2673.8,11.027, 174.25, 367.38
   23340,   23400,16.661,1142,2431.3,3.9996, 122.78, 343.13
   23400,   23460,130.12,1637.2,2425.7,10.807, 167.34, 342.57
   23460,   23520,68.308,1552.4,3328.7,7.0985, 159.71, 432.87
   23520,   23580,123.91,1811.8,2767.3,10.435, 183.06, 376.73
   23580,   23640,50.156,1422.8,2819.2,6.0093, 148.05, 381.92
   23640,   23700,589.49,3012.2,2954.7,38.369, 291.1, 395.47
   23700,   23760,705.08,3725.7,5389,45.305, 355.32, 638.9
   23760,   23820,1542.3,8060.5,9269.1,95.539, 745.44, 1026.9
   23820,   23880,49.267,1905.7,5589.8,5.956, 191.52, 658.98
   23880,   23940,94.538,2067.5,3241.1,8.6723, 206.07, 424.11
   23940,   24000,117.81,2595.8,4089.3,10.069, 253.62, 508.93
   24000,   24060,17.348,1832.5,3312.4,4.0409, 184.93, 431.24
   24060,   24120,44.851,1851.9,3094,5.6911, 186.67, 409.4
   24120,   24180,81.74,2235.5,3311.4,7.9044, 221.2, 431.14
   24180,   24240,25.779,1363.7,2942.8,4.5467, 142.73, 394.28
   24240,   24300,5.4725,1179.7,2276,3.3283, 126.18, 327.6
   24300,   24360,6.7188,1122.2,1990,3.4031, 120.99, 299
   24360,   24420,7.8154,1331.5,2172.1,3.4689, 139.84, 317.21
   24420,   24480,6.4681,1254.7,2210.6,3.3881, 132.93, 321.06
   24480,   24540,11.75,1274.3,2191.3,3.705, 134.69, 319.13
   24540,   24600,23.897,1274.5,2261.2,4.4338, 134.71, 326.12
   24600,   24660,9.4012,1103.1,2000.1,3.5641, 119.28, 300.01
   24660,   24720,9.6405,1150.2,1976,3.5784, 123.52, 297.6
   24720,   24780,7.2184,1053.9,1963.6,3.4331, 114.85, 296.36
   24780,   24840,10.619,896.77,1854.2,3.6371, 100.71, 285.42
   24840,   24900,154.21,1940.8,2333,12.253, 194.67, 333.3
   24900,   24960,189.19,2994.4,3761,14.352, 289.49, 476.1
   24960,   25020,29.516,1633.5,3052.2,4.7709, 167.02, 405.22
   25020,   25080,13.766,1488.4,2771.5,3.826, 153.95, 377.15
   25080,   25140,8.8748,1203.8,2444.9,3.5325, 128.34, 344.49
   25140,   25200,7.7783,1204.3,2105.9,3.4667, 128.39, 310.59
   25200,   25260,21.882,1439.5,2322.6,4.3129, 149.56, 332.26
   25260,   25320,24.505,1590.2,2427.3,4.4703, 163.11, 342.73
   25320,   25380,11.506,1521.7,2420,3.6903, 156.96, 342
   25380,   25440,12.373,1419.2,2485,3.7424, 147.73, 348.5
   25440,   25500,89.995,2395.9,2814.7,8.3997, 235.63, 381.47
   25500,   25560,582.76,5394.6,4158.9,37.966, 505.51, 515.89
   25560,   25620,199.52,5047.1,5941.8,14.971, 474.24, 694.18
   25620,   25680,84.434,4741.6,7511.3,8.066, 446.75, 851.13
   25680,   25740,57.265,4112.1,6265.6,6.4359, 390.09, 726.56
   25740,   25800,29.899,2709.6,4815.8,4.7939, 263.87, 581.58
   25800,   25860,29.27,3086.6,4264.4,4.7562, 297.79, 526.44
   25860,   25920,-9999,-9999,-9999,-9999, -9999, -9999
   25920,   25980,-9999,-9999,-9999,-9999, -9999, -9999
   25980,   26040,-9999,-9999,-9999,-9999, -9999, -9999
   26040,   26100,-9999,-9999,-9999,-9999, -9999, -9999
   26100,   26160,-9999,-9999,-9999,-9999, -9999, -9999
   26160,   26220,-9999,-9999,-9999,-9999, -9999, -9999
   26220,   26280,-9999,-9999,-9999,-9999, -9999, -9999
   26280,   26340,51.508,2662.8,3020.7,6.0905, 259.65, 402.07
   26340,   26400,21.833,1941.7,3251.5,4.31, 194.75, 425.15
   26400,   26460,17.322,1668.7,3201.8,4.0393, 170.18, 420.18
   26460,   26520,73.652,1987.3,3162.2,7.4191, 198.86, 416.22
   26520,   26580,31.94,1814.1,3182.5,4.9164, 183.27, 418.25
   26580,   26640,12.979,1452.3,2915.4,3.7787, 150.7, 391.54
   26640,   26700,15.383,1577,2572.6,3.923, 161.93, 357.26
   26700,   26760,41.884,1714.4,2485.7,5.513, 174.3, 348.57
   26760,   26820,88.697,2488.9,3030.7,8.3218, 244, 403.07
   26820,   26880,18.986,1641,3048,4.1391, 167.69, 404.8
   26880,   26940,10.594,1353.6,2548,3.6356, 141.82, 354.8
   26940,   27000,8.4949,1457.9,2744.3,3.5097, 151.22, 374.43
   27000,   27060,6.4881,1215.2,2401.3,3.3893, 129.37, 340.13
   27060,   27120,11.559,1321.2,2551.7,3.6935, 138.91, 355.17
   27120,   27180,8.2262,1245.9,2456.3,3.4936, 132.14, 345.63
   27180,   27240,29.342,1499.9,2558.5,4.7605, 154.99, 355.85
   27240,   27300,23.12,1180.7,2384.1,4.3872, 126.26, 338.41
   27300,   27360,21.593,1224.5,2353.8,4.2956, 130.2, 335.38
   27360,   27420,348.01,2691.5,3325.3,23.881, 262.24, 432.53
   27420,   27480,53.183,1957.8,2928.4,6.191, 196.2, 392.84
   27480,   27540,16.522,1731.2,2724.1,3.9913, 175.81, 372.41
   27540,   27600,11.292,1752.5,2740.4,3.6775, 177.73, 374.04
   27600,   27660,8.5734,1438.8,2510.5,3.5144, 149.5, 351.05
   27660,   27720,9.3168,1258.4,2476.9,3.559, 133.26, 347.69
   27720,   27780,7.9676,1699.6,2963.4,3.4781, 172.97, 396.34
   27780,   27840,6.049,1939.1,3190.5,3.3629, 194.52, 419.05
   27840,   27900,7.2719,1988.7,3159.4,3.4363, 198.99, 415.94
   27900,   27960,8.469,1919.5,3061.2,3.5081, 192.76, 406.12
   27960,   28020,17.37,2129.6,3334.6,4.0422, 211.66, 433.46
   28020,   28080,17.272,2187.7,3308.5,4.0363, 216.89, 430.85
   28080,   28140,4.5191,2201.4,3172.6,3.2711, 218.13, 417.26
   28140,   28200,4.499,1791.7,3306.7,3.2699, 181.25, 430.67
   28200,   28260,5.6142,1913.7,3264,3.3369, 192.23, 426.4
   28260,   28320,10.85,1877.9,3089.5,3.651, 189.01, 408.95
   28320,   28380,12.019,1691.5,2842.3,3.7211, 172.23, 384.23
   28380,   28440,9.8087,1733.5,2834.8,3.5885, 176.02, 383.48
   28440,   28500,7.3845,1400.7,2805.5,3.4431, 146.07, 380.55
   28500,   28560,7.4925,1521.6,2817.1,3.4495, 156.94, 381.71
   28560,   28620,17.109,1410.2,2627.7,4.0265, 146.92, 362.77
   28620,   28680,19.924,1736.7,2875,4.1954, 176.3, 387.5
   28680,   28740,25.428,1726.4,2719.4,4.5257, 175.38, 371.94
   28740,   28800,13.399,1350.9,2843.1,3.804, 141.58, 384.31
   28800,   28860,12.69,1351.6,2194.2,3.7614, 141.64, 319.42
   28860,   28920,18.163,1384.1,2367.1,4.0898, 144.57, 336.71
   28920,   28980,23.681,1360.8,2854.1,4.4208, 142.47, 385.41
   28980,   29040,21.982,1545.2,2813.5,4.3189, 159.07, 381.35
   29040,   29100,33.531,1887,3186.3,5.0119, 189.83, 418.63
   29100,   29160,16.212,1819.5,3086.9,3.9727, 183.75, 408.69
   29160,   29220,17.32,2041.4,3109.3,4.0392, 203.72, 410.93
   29220,   29280,6.3236,1824.3,2932.2,3.3794, 184.18, 393.22
   29280,   29340,5.049,1708.4,2991.9,3.3029, 173.76, 399.19
   29340,   29400,3.8457,1579.4,2858.9,3.2307, 162.14, 385.89
   29400,   29460,6.2727,1779.6,2681.3,3.3764, 180.16, 368.13
   29460,   29520,9.8222,3144.9,2884.5,3.5893, 303.04, 388.45
   29520,   29580,11.158,4311,2942.7,3.6695, 407.99, 394.27
   29580,   29640,9.0452,2142.9,3094.9,3.5427, 212.86, 409.49
   29640,   29700,12.735,1799.9,3448.6,3.7641, 181.99, 444.86
   29700,   29760,6.6126,1470.9,3488.9,3.3968, 152.38, 448.89
   29760,   29820,23.484,1940.2,3057.7,4.4091, 194.62, 405.77
   29820,   29880,26.447,2148,3124.3,4.5868, 213.32, 412.43
   29880,   29940,5.9726,1987.2,3382.1,3.3584, 198.84, 438.21
   29940,   30000,7.057,1998.1,3405.8,3.4234, 199.83, 440.58
   30000,   30060,6.795,1996.8,3363.3,3.4077, 199.71, 436.33
   30060,   30120,5.1243,2068.7,3424.1,3.3075, 206.19, 442.41
   30120,   30180,7.0603,2000.7,3609.8,3.4236, 200.07, 460.98
   30180,   30240,165.83,3554,3701.3,12.95, 339.86, 470.13
   30240,   30300,99.887,3927.8,5486.8,8.9932, 373.51, 648.68
   30300,   30360,9.1554,2165.7,4744,3.5493, 214.91, 574.4
   30360,   30420,5.618,1699.7,3258.4,3.3371, 172.97, 425.84
   30420,   30480,9.9137,2053.6,3445.9,3.5948, 204.82, 444.59
   30480,   30540,8.3859,1308.7,2502.8,3.5032, 137.78, 350.28
   30540,   30600,6.4714,1407.9,2346.1,3.3883, 146.71, 334.61
   30600,   30660,55.839,1877.2,2617.8,6.3503, 188.95, 361.78
   30660,   30720,15.146,1902.4,2961.3,3.9088, 191.22, 396.13
   30720,   30780,24.855,1869.5,2882.5,4.4913, 188.26, 388.25
   30780,   30840,16.284,1805.3,2864.2,3.977, 182.48, 386.42
   30840,   30900,11.003,1698.4,2745.5,3.6602, 172.85, 374.55
   30900,   30960,10.048,1710.8,2751.1,3.6029, 173.98, 375.11
   30960,   31020,15.082,1797,2829.4,3.9049, 181.73, 382.94
   31020,   31080,80.082,1987.9,2979.7,7.8049, 198.91, 397.97
   31080,   31140,191.75,2420.2,3793.2,14.505, 237.82, 479.32
   31140,   31200,26.447,1683.3,3098.8,4.5868, 171.49, 409.88
   31200,   31260,10.06,1547.2,2720.4,3.6036, 159.25, 372.04
   31260,   31320,12.206,1498.8,2681.4,3.7324, 154.89, 368.14
   31320,   31380,14.218,1511.3,2669.6,3.8531, 156.02, 366.96
   31380,   31440,18.103,1620.2,2746.2,4.0862, 165.82, 374.62
   31440,   31500,140.03,2035.7,3140.8,11.402, 203.21, 414.08
