CampaignData_and_Merges/R0/CSL_MobileLab_Parked/raw/20240720/USOS-jNO2_MobileLabGround_20240720_R0.ict
52,1001
Waxman, E.; Rollins, A.; Zuraski, K.; Chace, W.
NOAA Chemical Sciences Laboratory
jNO2 filter radiometer on CSL Mobile Lab
AMMBEC / USOS
1, 1
2024,07,20, 2025,04,01
60
Time_Start, seconds, number_of_seconds_since_0000_UTC
20
1, 1, 1, 1, 1, 1, 1, 1, 1, 1, 1, 1, 1, 1, 1, 1, 1, 1, 1, 1
-9999, -9999, -9999, -9999, -9999, -9999, -9999, -9999, -9999, -9999, -9999, -9999, -9999, -9999, -9999, -9999, -9999, -9999, -9999, -9999
Time_Stop, seconds, number_of_seconds_since_0000_UTC
jNO2_meas, per second, photolysis rate of NO2 measured using a filter radiometer.
jBrCl, per second, photolysis rate of BrCl -> Br + Cl calculated in TUV for cloud-free sky with local AOD
jBr2, per second, photolysis rate of Br2 -> Br + Br calculated in TUV for cloud-free sky with local AOD
jCCl4, per second, photolysis rate of CCl4 -> Products calcualted in TUV for cloud-free sky with local AOD
jCH2Oa, per second, photolysis rate of CH2O -> H + HCO calculated in TUV for cloud-free sky with local AOD
jCH2Ob, per second, photolysis rate of CH2O -> H2 + CO calculated in TUV for cloud-free sky with local AOD
jClNO2, per second, photolysis rate of ClNO2 -> Cl + NO2 calculated in TUV for cloud-free sky with local AOD
jClOa, per second, photolysis rate of ClO -> Cl + O(1D) calculated in TUV for cloud-free sky with local AOD
jClOb, per second, photolysis rate of ClO -> Cl + O(3P) calculated in TUV for cloud-free sky with local AOD
jCl2, per second, photolysis rate of Cl2 -> Cl + Cl calculated in TUV for cloud-free sky with local AOD
jHNO2, per second, photolysis rate of HNO2 -> OH + NO calculated in TUV for cloud-free sky with local AOD
jHNO3, per second, photolysis rate of HNO3 -> OH + NO2 calculated in TUV for cloud-free sky with local AOD
jI2, per second, photolysis rate of I2 -> I + I calculated in TUV for cloud-free sky with local AOD
jNO2, per second, photolysis rate of NO2 -> NO + O(3P) calculated in TUV for cloud-free sky with local AOD
jNO3a, per second, photolysis rate of NO3 -> NO + O2 calculated in TUV for cloud-free sky with local AOD
jNO3b, per second, photolysis rate of NO3 -> NO2 + O(3P) calculated in TUV for cloud-free sky with local AOD
jN2O5, per second, photolysis rate of N2O5 -> NO3 + NO + O(3P) calculated in TUV for cloud-free sky with local AOD
jO3, per second, photolysis rate of O3 -> O2 + O(1D) calculated in TUV for cloud-free sky with local AOD
AOD_500nm, unitless, UTC daily mean AOD at 500 nm from an AERONET station located at 40.178 N, -112.452 E
0
18
PI_CONTACT_INFO: eleanor.waxman@noaa.gov
PLATFORM: CSL Mobile Lab, at ground site
LOCATION: Salt Lake City, UT
ASSOCIATED_DATA:
INSTRUMENT_INFO: jNO2 filter radiometer.  TUV calculations are for mobile van lat/lon/altitude assuming clear sky (cloud AOD = 0) and daily mean AOD.
DATA_INFO:
UNCERTAINTY: Data uncertainties are +/- 20%.  These come from uncertainties in radiometer angular response, radiometer thermal response, local interferences from clouds/aerosols/shadows etc.
ULOD_FLAG: -7777
ULOD_VALUE: N/A
LLOD_FLAG: -8888
LLOD_VALUE: N/A
DM_CONTACT_INFO: eleanor.waxman@noaa.gov
PROJECT_INFO: USOS Project, July - August 2024
STIPULATIONS_ON_USE: Users are strongly encouraged to contact the PI for proper data usage.
OTHER_COMMENTS: 
REVISION: R0
R0: final data
Time_Start, Time_Stop, jNO2_meas, jBrCl, jBr2, jCCl4, jCH2Oa, jCH2Ob, jClNO2, jClOa, jClOb, jCl2, jHNO2, jHNO3, jI2, jNO2, jNO3a, jNO3b, jN2O5, jO3, AOD_500nm
[from data line 1368]
   82080,   82140,0.0079744,0.009204,0.02856,1.218e-24,2.292e-05,3.68e-05,0.0003641,4.48e-25,2.642e-05,0.001853,0.001231,3.735e-07,0.1038,0.007653,0.02029,0.1615,3.169e-05,1.697e-05,0.202
   82140,   82200,0.0079958,0.009186,0.02852,1.176e-24,2.281e-05,3.667e-05,0.0003628,4.316e-25,2.62e-05,0.001847,0.001227,3.712e-07,0.1037,0.007634,0.02027,0.1613,3.156e-05,1.682e-05,0.202
   82200,   82260,0.0079778,0.009169,0.02847,1.138e-24,2.271e-05,3.654e-05,0.0003616,4.168e-25,2.599e-05,0.001842,0.001224,3.69e-07,0.1036,0.007616,0.02025,0.1611,3.144e-05,1.668e-05,0.202
   82260,   82320,0.0079582,0.00915,0.02843,1.1e-24,2.26e-05,3.64e-05,0.0003603,4.018e-25,2.577e-05,0.001837,0.001221,3.667e-07,0.1035,0.007597,0.02023,0.1609,3.132e-05,1.654e-05,0.202
   82320,   82380,0.0079261,0.009132,0.02838,1.063e-24,2.248e-05,3.627e-05,0.000359,3.875e-25,2.555e-05,0.001831,0.001217,3.644e-07,0.1033,0.007577,0.0202,0.1607,3.119e-05,1.639e-05,0.202
   82380,   82440,0.0079124,0.009114,0.02834,1.03e-24,2.238e-05,3.614e-05,0.0003577,3.747e-25,2.535e-05,0.001826,0.001214,3.622e-07,0.1032,0.007559,0.02018,0.1605,3.107e-05,1.625e-05,0.202
   82440,   82500,0.0078874,0.009095,0.02829,9.964e-25,2.227e-05,3.6e-05,0.0003564,3.616e-25,2.513e-05,0.00182,0.001211,3.599e-07,0.1031,0.007539,0.02016,0.1603,3.094e-05,1.611e-05,0.202
   82500,   82560,0.0078743,0.009076,0.02824,9.64e-25,2.216e-05,3.586e-05,0.000355,3.492e-25,2.491e-05,0.001814,0.001207,3.575e-07,0.1029,0.007519,0.02014,0.1601,3.081e-05,1.596e-05,0.202
   82560,   82620,0.0078703,0.009058,0.0282,9.347e-25,2.205e-05,3.573e-05,0.0003538,3.379e-25,2.47e-05,0.001809,0.001204,3.553e-07,0.1028,0.0075,0.02012,0.1599,3.068e-05,1.582e-05,0.202
   82620,   82680,0.0078389,0.009038,0.02815,9.049e-25,2.194e-05,3.559e-05,0.0003524,3.265e-25,2.448e-05,0.001803,0.0012,3.529e-07,0.1027,0.00748,0.0201,0.1597,3.055e-05,1.567e-05,0.202
   82680,   82740,0.0078184,0.009018,0.0281,8.763e-25,2.182e-05,3.545e-05,0.000351,3.156e-25,2.426e-05,0.001797,0.001197,3.506e-07,0.1025,0.007459,0.02007,0.1595,3.042e-05,1.553e-05,0.202
   82740,   82800,0.007788,0.009,0.02805,8.504e-25,2.172e-05,3.531e-05,0.0003497,3.058e-25,2.406e-05,0.001791,0.001194,3.484e-07,0.1024,0.00744,0.02005,0.1593,3.03e-05,1.539e-05,0.202
   82800,   82860,0.0077792,0.00898,0.028,8.24e-25,2.16e-05,3.517e-05,0.0003484,2.958e-25,2.384e-05,0.001785,0.00119,3.46e-07,0.1022,0.007419,0.02003,0.1591,3.016e-05,1.525e-05,0.202
   82860,   82920,0.0077569,0.008959,0.02795,7.985e-25,2.149e-05,3.503e-05,0.000347,2.862e-25,2.362e-05,0.001779,0.001186,3.436e-07,0.1021,0.007398,0.02,0.1589,3.003e-05,1.51e-05,0.202
   82920,   82980,0.0077436,0.00894,0.0279,7.756e-25,2.138e-05,3.489e-05,0.0003456,2.775e-25,2.341e-05,0.001774,0.001183,3.414e-07,0.102,0.007378,0.01998,0.1587,2.99e-05,1.496e-05,0.202
   82980,   83040,0.0077265,0.00892,0.02785,7.521e-25,2.126e-05,3.475e-05,0.0003442,2.687e-25,2.32e-05,0.001768,0.001179,3.39e-07,0.1018,0.007357,0.01996,0.1585,2.977e-05,1.482e-05,0.202
   83040,   83100,0.0076941,0.008899,0.0278,7.295e-25,2.115e-05,3.46e-05,0.0003428,2.603e-25,2.298e-05,0.001761,0.001175,3.366e-07,0.1017,0.007335,0.01993,0.1583,2.963e-05,1.467e-05,0.202
   83100,   83160,0.0076932,0.008879,0.02775,7.091e-25,2.104e-05,3.446e-05,0.0003415,2.527e-25,2.277e-05,0.001756,0.001172,3.344e-07,0.1015,0.007315,0.01991,0.1581,2.95e-05,1.454e-05,0.202
   83160,   83220,0.0076913,0.008858,0.0277,6.882e-25,2.092e-05,3.431e-05,0.00034,2.449e-25,2.255e-05,0.001749,0.001168,3.32e-07,0.1014,0.007293,0.01988,0.1578,2.937e-05,1.439e-05,0.202
   83220,   83280,0.0076829,0.008837,0.02764,6.681e-25,2.08e-05,3.416e-05,0.0003386,2.375e-25,2.234e-05,0.001743,0.001164,3.296e-07,0.1012,0.007271,0.01986,0.1576,2.923e-05,1.425e-05,0.202
   83280,   83340,0.0076655,0.008816,0.02759,6.498e-25,2.069e-05,3.402e-05,0.0003372,2.307e-25,2.213e-05,0.001737,0.001161,3.273e-07,0.1011,0.00725,0.01983,0.1574,2.91e-05,1.411e-05,0.202
   83340,   83400,0.007645,0.008795,0.02754,6.312e-25,2.057e-05,3.387e-05,0.0003358,2.238e-25,2.192e-05,0.001731,0.001157,3.249e-07,0.1009,0.007228,0.01981,0.1572,2.896e-05,1.397e-05,0.202
   83400,   83460,0.0076453,0.008773,0.02748,6.132e-25,2.045e-05,3.372e-05,0.0003343,2.172e-25,2.17e-05,0.001725,0.001153,3.225e-07,0.1007,0.007205,0.01978,0.1569,2.882e-05,1.383e-05,0.202
   83460,   83520,0.0076098,0.008752,0.02743,5.972e-25,2.034e-05,3.358e-05,0.0003329,2.113e-25,2.15e-05,0.001719,0.001149,3.203e-07,0.1006,0.007184,0.01976,0.1567,2.869e-05,1.369e-05,0.202
   83520,   83580,0.0076147,0.00873,0.02738,5.805e-25,2.022e-05,3.342e-05,0.0003315,2.052e-25,2.128e-05,0.001712,0.001145,3.179e-07,0.1004,0.007161,0.01973,0.1565,2.855e-05,1.355e-05,0.202
   83580,   83640,0.0076246,0.008707,0.02732,5.644e-25,2.01e-05,3.327e-05,0.00033,1.993e-25,2.106e-05,0.001706,0.001141,3.155e-07,0.1002,0.007138,0.0197,0.1562,2.84e-05,1.34e-05,0.202
   83640,   83700,0.0076311,0.008686,0.02726,5.498e-25,1.999e-05,3.312e-05,0.0003286,1.94e-25,2.086e-05,0.001699,0.001137,3.132e-07,0.1001,0.007116,0.01968,0.156,2.827e-05,1.327e-05,0.202
   83700,   83760,0.0076355,0.008663,0.02721,5.348e-25,1.987e-05,3.297e-05,0.0003271,1.886e-25,2.065e-05,0.001693,0.001133,3.108e-07,0.09992,0.007093,0.01965,0.1557,2.813e-05,1.313e-05,0.202
   83760,   83820,0.0076271,0.00864,0.02715,5.204e-25,1.974e-05,3.281e-05,0.0003255,1.833e-25,2.043e-05,0.001686,0.001129,3.084e-07,0.09975,0.007069,0.01962,0.1555,2.798e-05,1.299e-05,0.202
   83820,   83880,0.0075965,0.008618,0.02709,5.072e-25,1.963e-05,3.266e-05,0.0003241,1.786e-25,2.023e-05,0.00168,0.001125,3.061e-07,0.09958,0.007047,0.01959,0.1552,2.785e-05,1.285e-05,0.202
   83880,   83940,0.0075651,0.008595,0.02703,4.938e-25,1.951e-05,3.25e-05,0.0003226,1.738e-25,2.002e-05,0.001673,0.001121,3.037e-07,0.09941,0.007023,0.01956,0.155,2.77e-05,1.271e-05,0.202
   83940,   84000,0.007515,0.008571,0.02697,4.808e-25,1.938e-05,3.235e-05,0.000321,1.691e-25,1.98e-05,0.001666,0.001117,3.012e-07,0.09923,0.006999,0.01953,0.1547,2.756e-05,1.257e-05,0.202
   84000,   84060,0.0072254,0.008548,0.02691,4.69e-25,1.927e-05,3.22e-05,0.0003196,1.649e-25,1.96e-05,0.00166,0.001113,2.989e-07,0.09906,0.006976,0.01951,0.1545,2.742e-05,1.244e-05,0.202
   84060,   84120,0.0072842,0.008524,0.02685,4.569e-25,1.915e-05,3.203e-05,0.000318,1.605e-25,1.939e-05,0.001653,0.001109,2.965e-07,0.09888,0.006952,0.01948,0.1542,2.727e-05,1.23e-05,0.202
   84120,   84180,0.0072384,0.0085,0.02679,4.452e-25,1.902e-05,3.187e-05,0.0003165,1.563e-25,1.918e-05,0.001646,0.001105,2.941e-07,0.09869,0.006927,0.01945,0.1539,2.713e-05,1.216e-05,0.202
   84180,   84240,0.0069569,0.008477,0.02673,4.345e-25,1.89e-05,3.172e-05,0.000315,1.525e-25,1.898e-05,0.00164,0.001101,2.918e-07,0.09852,0.006904,0.01942,0.1537,2.699e-05,1.203e-05,0.202
   84240,   84300,0.0071527,0.008452,0.02667,4.235e-25,1.878e-05,3.156e-05,0.0003134,1.486e-25,1.877e-05,0.001633,0.001096,2.894e-07,0.09833,0.006879,0.01939,0.1534,2.684e-05,1.189e-05,0.202
   84300,   84360,0.0070943,0.008427,0.0266,4.13e-25,1.865e-05,3.139e-05,0.0003118,1.449e-25,1.856e-05,0.001626,0.001092,2.869e-07,0.09814,0.006853,0.01935,0.1531,2.669e-05,1.175e-05,0.202
   84360,   84420,0.006921,0.008404,0.02654,4.033e-25,1.854e-05,3.124e-05,0.0003104,1.415e-25,1.836e-05,0.001619,0.001088,2.847e-07,0.09796,0.00683,0.01932,0.1529,2.655e-05,1.162e-05,0.202
   84420,   84480,0.0068458,0.008378,0.02648,3.934e-25,1.841e-05,3.107e-05,0.0003088,1.38e-25,1.815e-05,0.001612,0.001083,2.822e-07,0.09777,0.006804,0.01929,0.1526,2.64e-05,1.149e-05,0.202
   84480,   84540,0.0068405,0.008353,0.02641,3.839e-25,1.828e-05,3.091e-05,0.0003071,1.346e-25,1.795e-05,0.001605,0.001079,2.798e-07,0.09757,0.006778,0.01926,0.1523,2.625e-05,1.135e-05,0.202
   84540,   84600,0.0067814,0.008328,0.02635,3.752e-25,1.817e-05,3.075e-05,0.0003056,1.315e-25,1.775e-05,0.001598,0.001075,2.775e-07,0.09739,0.006754,0.01923,0.152,2.61e-05,1.122e-05,0.202
   84600,   84660,0.0069062,0.008302,0.02628,3.662e-25,1.804e-05,3.058e-05,0.000304,1.283e-25,1.754e-05,0.001591,0.00107,2.751e-07,0.09719,0.006728,0.0192,0.1517,2.595e-05,1.108e-05,0.202
   84660,   84720,0.006756,0.008276,0.02622,3.575e-25,1.791e-05,3.041e-05,0.0003024,1.253e-25,1.734e-05,0.001584,0.001066,2.726e-07,0.09699,0.006701,0.01916,0.1514,2.58e-05,1.095e-05,0.202
   84720,   84780,0.0065478,0.008251,0.02615,3.496e-25,1.779e-05,3.025e-05,0.0003008,1.225e-25,1.714e-05,0.001577,0.001062,2.703e-07,0.09679,0.006676,0.01913,0.1511,2.566e-05,1.082e-05,0.202
   84780,   84840,0.0068581,0.008225,0.02608,3.414e-25,1.766e-05,3.008e-05,0.0002992,1.196e-25,1.694e-05,0.001569,0.001057,2.679e-07,0.09659,0.00665,0.0191,0.1508,2.55e-05,1.069e-05,0.202
   84840,   84900,0.0069842,0.008198,0.02601,3.335e-25,1.754e-05,2.991e-05,0.0002975,1.169e-25,1.673e-05,0.001562,0.001052,2.655e-07,0.09638,0.006623,0.01906,0.1505,2.535e-05,1.055e-05,0.202
   84900,   84960,0.0069916,0.008172,0.02595,3.263e-25,1.741e-05,2.975e-05,0.000296,1.144e-25,1.654e-05,0.001555,0.001048,2.632e-07,0.09618,0.006597,0.01903,0.1502,2.52e-05,1.043e-05,0.202
   84960,   85020,0.0068552,0.008145,0.02587,3.189e-25,1.729e-05,2.958e-05,0.0002943,1.118e-25,1.634e-05,0.001547,0.001043,2.607e-07,0.09597,0.00657,0.01899,0.1499,2.505e-05,1.03e-05,0.202
   85020,   85080,0.0065823,0.008117,0.0258,3.117e-25,1.716e-05,2.94e-05,0.0002926,1.092e-25,1.614e-05,0.00154,0.001039,2.583e-07,0.09575,0.006542,0.01896,0.1496,2.489e-05,1.016e-05,0.202
   85080,   85140,0.0064546,0.008091,0.02574,3.051e-25,1.703e-05,2.924e-05,0.000291,1.07e-25,1.595e-05,0.001533,0.001034,2.56e-07,0.09555,0.006516,0.01892,0.1493,2.474e-05,1.004e-05,0.202
   85140,   85200,0.0062725,0.008063,0.02566,2.984e-25,1.69e-05,2.906e-05,0.0002894,1.046e-25,1.575e-05,0.001525,0.001029,2.536e-07,0.09533,0.006489,0.01889,0.149,2.459e-05,9.909e-06,0.202
   85200,   85260,0.0058204,0.008035,0.02559,2.918e-25,1.677e-05,2.889e-05,0.0002877,1.023e-25,1.555e-05,0.001517,0.001025,2.512e-07,0.09511,0.00646,0.01885,0.1487,2.443e-05,9.778e-06,0.202
   85260,   85320,0.005849,0.008008,0.02552,2.858e-25,1.665e-05,2.872e-05,0.0002861,1.002e-25,1.536e-05,0.00151,0.00102,2.489e-07,0.0949,0.006434,0.01881,0.1484,2.428e-05,9.656e-06,0.202
   85320,   85380,0.0053333,0.007979,0.02544,2.796e-25,1.652e-05,2.854e-05,0.0002843,9.808e-26,1.516e-05,0.001502,0.001015,2.465e-07,0.09467,0.006405,0.01878,0.148,2.412e-05,9.527e-06,0.202
   85380,   85440,0.0056319,0.00795,0.02537,2.736e-25,1.639e-05,2.836e-05,0.0002826,9.599e-26,1.496e-05,0.001495,0.00101,2.44e-07,0.09444,0.006377,0.01874,0.1477,2.396e-05,9.398e-06,0.202
   85440,   85500,0.0055334,0.007923,0.0253,2.681e-25,1.627e-05,2.82e-05,0.000281,9.409e-26,1.478e-05,0.001487,0.001006,2.418e-07,0.09422,0.00635,0.0187,0.1474,2.381e-05,9.278e-06,0.202
   85500,   85560,0.0055249,0.007893,0.02522,2.625e-25,1.614e-05,2.802e-05,0.0002793,9.213e-26,1.458e-05,0.001479,0.001001,2.394e-07,0.09399,0.006321,0.01866,0.147,2.365e-05,9.151e-06,0.202
   85560,   85620,0.0053223,0.007864,0.02514,2.57e-25,1.6e-05,2.783e-05,0.0002775,9.022e-26,1.439e-05,0.001471,0.0009956,2.369e-07,0.09375,0.006291,0.01862,0.1467,2.349e-05,9.024e-06,0.202
   85620,   85680,0.005299,0.007835,0.02507,2.52e-25,1.588e-05,2.766e-05,0.0002759,8.848e-26,1.42e-05,0.001464,0.0009909,2.347e-07,0.09353,0.006263,0.01858,0.1463,2.334e-05,8.906e-06,0.202
   85680,   85740,0.0054263,0.007805,0.02499,2.468e-25,1.575e-05,2.748e-05,0.0002741,8.668e-26,1.401e-05,0.001456,0.0009858,2.323e-07,0.09329,0.006234,0.01854,0.146,2.318e-05,8.78e-06,0.202
   85740,   85800,0.0054818,0.007775,0.02491,2.417e-25,1.562e-05,2.73e-05,0.0002724,8.493e-26,1.382e-05,0.001448,0.0009807,2.299e-07,0.09305,0.006204,0.0185,0.1456,2.302e-05,8.656e-06,0.202
   85800,   85860,0.0056522,0.007746,0.02483,2.371e-25,1.549e-05,2.713e-05,0.0002707,8.333e-26,1.364e-05,0.00144,0.0009759,2.276e-07,0.09281,0.006176,0.01846,0.1453,2.286e-05,8.54e-06,0.202
   85860,   85920,0.0062304,0.007715,0.02475,2.323e-25,1.536e-05,2.694e-05,0.0002689,8.168e-26,1.345e-05,0.001432,0.0009707,2.252e-07,0.09257,0.006145,0.01842,0.1449,2.27e-05,8.417e-06,0.202
   85920,   85980,0.0061331,0.007684,0.02467,2.276e-25,1.523e-05,2.676e-05,0.0002671,8.007e-26,1.326e-05,0.001424,0.0009656,2.228e-07,0.09231,0.006115,0.01838,0.1445,2.254e-05,8.294e-06,0.202
   85980,   86040,0.0060808,0.007654,0.02459,2.234e-25,1.51e-05,2.658e-05,0.0002654,7.859e-26,1.308e-05,0.001416,0.0009606,2.205e-07,0.09207,0.006086,0.01834,0.1442,2.238e-05,8.18e-06,0.202
   86040,   86100,0.0056434,0.007623,0.0245,2.19e-25,1.497e-05,2.64e-05,0.0002636,7.707e-26,1.29e-05,0.001408,0.0009554,2.182e-07,0.09182,0.006055,0.0183,0.1438,2.222e-05,8.059e-06,0.202
   86100,   86160,0.0054399,0.007591,0.02442,2.147e-25,1.483e-05,2.621e-05,0.0002618,7.559e-26,1.271e-05,0.001399,0.0009501,2.158e-07,0.09156,0.006024,0.01825,0.1434,2.205e-05,7.939e-06,0.202
   86160,   86220,0.0054671,0.00756,0.02434,2.107e-25,1.471e-05,2.603e-05,0.0002601,7.423e-26,1.254e-05,0.001391,0.0009451,2.135e-07,0.09131,0.005995,0.01821,0.1431,2.19e-05,7.826e-06,0.202
   86220,   86280,0.005579,0.007528,0.02425,2.067e-25,1.458e-05,2.584e-05,0.0002583,7.283e-26,1.235e-05,0.001383,0.0009398,2.112e-07,0.09105,0.005963,0.01817,0.1427,2.173e-05,7.708e-06,0.202
   86280,   86340,0.0054854,0.007495,0.02416,2.027e-25,1.444e-05,2.565e-05,0.0002565,7.146e-26,1.217e-05,0.001375,0.0009344,2.088e-07,0.09078,0.005931,0.01812,0.1423,2.157e-05,7.59e-06,0.202
   86340,   86400,0.004897,0.007464,0.02408,1.99e-25,1.432e-05,2.548e-05,0.0002548,7.02e-26,1.2e-05,0.001367,0.0009293,2.066e-07,0.09053,0.005901,0.01808,0.1419,2.141e-05,7.48e-06,0.202
