CampaignData_and_Merges/R0/CSL_MobileLab_Parked/raw/20240720/USOS-NOAAIodideCIMS-OrgNitrs_MobileLabGround_20240720_RA.ict
37, 1001
Michael A Robinson, Chris Jernigan, Subi Thakali
NOAA ESRL Chemical Sciences Laboratory and CIRES, U. of Colorado
NOAA Iodide CIMS Instrument
USOS
1, 1
2024, 07, 20, 2024, 07, 21
1
starttime_UTC, seconds_past_midnight, seconds_of_day_since_00:00:00_UTC
5
1, 1, 1, 1, 1
-9999, -9999, -9999, -9999, -9999
C4H7NO5_NOAACIMS, pptv, Gas_C4H7NO5_InSitu_S_AVMR, 
ISOPN_NOAACIMS, pptv, Gas_ISOPN_InSitu_S_AVMR, 
C5H10O3_NOAACIMS, pptv, Gas_C5H10O3_InSitu_S_AVMR, 
C5H9NO5_NOAACIMS, pptv, Gas_C5H9NO5_InSitu_S_AVMR, 
C10H17NO4_NOAACIMS, pptv, Gas_C10H17NO4_InSitu_S_AVMR, 
0
18
PI_CONTACT_INFO: 325 Broadway, R/CSD 7, Boulder, Colorado 80305; michael.a.robinson@noaa.gov; chris.jernigan@noaa.gov;
PLATFORM: NOAA CSL Mobile Lab
LOCATION: SLC, Utah
ASSOCIATED_DATA: 1Hz data also available on request.
INSTRUMENT_INFO: NOAA I- ToF CIMS
DATA_INFO: All data in parts per trillion by volume (pptv). 1 Hz data is available upon request.
UNCERTAINTY: TBD
ULOD_FLAG: -7777
ULOD_VALUE: N/A
LLOD_FLAG: -8888
LLOD_VALUE: N/A
DM_CONTACT_INFO: Nathan Howard; nathan.h.howard@noaa.gov
PROJECT_INFO: USOS, summer 2024. https://csl.noaa.gov/groups/csl7/measurements/2024usos/
STIPULATIONS_ON_USE: Users are strongly encouraged to contact the PI for proper data usage.
OTHER_COMMENTS: 
REVISION: RA
RA: Preliminary Data; For in-field use only
starttime_UTC, C4H7NO5_NOAACIMS, ISOPN_NOAACIMS, C5H10O3_NOAACIMS, C5H9NO5_NOAACIMS, C10H17NO4_NOAACIMS
     0,  2.527,  3.570, 19.994,  1.671,  0.062
    60,  2.629,  3.914, 21.111,  1.841,  0.204
   120,  2.516,  3.864, 20.234,  1.833,  0.213
   180,  2.268,  2.978, 16.783,  1.671,  0.101
   240,  2.158,  2.569, 14.705,  1.673, -0.000
   300,  2.164,  2.853, 12.645,  1.734,  0.168
   360,  2.008,  1.606, 10.349,  1.112,  0.102
   420,  2.213,  2.955, 14.577,  1.745,  0.174
   480,  2.255,  3.400, 18.724,  1.721,  0.141
   540,  2.258,  3.609, 19.465,  1.702,  0.118
   600,  2.177,  2.925, 19.195,  1.642,  0.035
   660,  2.269,  2.927, 20.416,  1.720,  0.106
   720,  2.130,  2.496, 19.532,  1.480,  0.014
   780,  2.165,  3.227, 17.689,  1.614,  0.156
   840,  2.062,  3.005, 15.700,  1.607,  0.125
   900,  2.003,  2.698, 14.397,  1.514,  0.076
   960,  2.027,  2.988, 15.077,  1.598,  0.097
  1020,  1.907,  2.686, 12.971,  1.585,  0.087
  1080,  1.908,  2.539, 13.333,  1.497,  0.063
  1140,  1.755,  2.932, 11.232,  1.503,  0.084
  1200,  1.776,  2.632, 11.023,  1.446,  0.044
  1260,  1.751,  2.843,  9.420,  1.548,  0.111
  1320,  1.713,  2.634,  9.258,  1.543,  0.106
  1380,  1.795,  2.813,  9.873,  1.595,  0.073
  1440,  1.826,  2.774, 12.435,  1.610,  0.069
  1500,  1.845,  3.192, 11.694,  1.506, -0.010
  1560,  1.986,  3.491, 13.335,  1.638,  0.003
  1620,  2.050,  3.564, 13.507,  1.637,  0.000
  1680,  2.150,  3.757, 16.310,  1.779, -0.076
  1740, -9999.000, -9999.000, -9999.000, -9999.000, -9999.000
  1800,  2.039,  4.166, 13.734,  1.761,  0.097
  1860,  1.943,  4.018, 12.254,  1.698,  0.009
  1920,  1.991,  3.979, 13.941,  1.701,  0.028
  1980,  2.052,  3.809, 14.215,  1.678,  0.012
  2040,  2.050,  3.962, 16.506,  1.778,  0.028
  2100,  2.055,  3.780, 15.488,  1.753,  0.050
  2160,  2.111,  3.481, 17.580,  1.707,  0.020
  2220,  2.091,  3.338, 15.556,  1.718,  0.059
  2280,  2.147,  3.220, 15.575,  1.920,  0.036
  2340,  2.141,  3.331, 14.975,  1.959,  0.031
  2400,  2.241,  3.476, 18.755,  1.961,  0.049
  2460,  2.359,  3.614, 21.868,  1.686,  0.011
  2520,  2.464,  4.007, 25.860,  1.894,  0.053
  2580,  2.519,  4.006, 27.561,  1.908,  0.071
  2640,  2.535,  4.076, 28.806,  1.960,  0.056
  2700,  2.516,  4.244, 29.195,  2.004,  0.085
  2760,  2.501,  4.303, 30.052,  2.060,  0.016
  2820,  2.548,  4.515, 28.757,  1.909,  0.018
  2880,  2.456,  4.464, 29.491,  2.011,  0.050
  2940,  2.406,  4.417, 27.914,  2.017,  0.031
  3000,  2.282,  3.984, 28.171,  1.943,  0.084
  3060,  2.274,  4.243, 25.854,  1.942,  0.077
  3120,  2.302,  4.319, 27.885,  2.021,  0.097
  3180,  2.273,  4.818, 26.364,  2.006,  0.094
  3240,  2.305,  4.574, 27.920,  2.018,  0.103
  3300,  2.174,  4.681, 27.203,  1.997,  0.081
  3360,  2.116,  4.232, 28.198,  2.124,  0.096
  3420,  2.116,  4.168, 28.396,  1.931,  0.112
  3480,  2.133,  4.446, 30.801,  2.014,  0.143
  3540,  2.189,  3.963, 29.727,  1.969,  0.106
  3600,  2.358,  4.613, 31.194,  2.156,  0.083
  3660,  2.702,  4.814, 30.925,  2.136,  0.085
  3720,  2.853,  5.159, 35.628,  2.352,  0.116
  3780,  2.888,  5.034, 33.666,  2.294,  0.076
  3840,  3.004,  5.399, 34.670,  2.174,  0.113
  3900,  3.002,  5.333, 35.742,  2.166,  0.113
  3960,  2.886,  5.652, 38.111,  2.138,  0.101
  4020,  3.199,  5.565, 37.032,  2.363,  0.149
  4080,  3.480,  5.727, 36.996,  2.574,  0.026
  4140,  3.227,  5.630, 36.166,  2.405,  0.107
  4200,  2.951,  5.692, 35.491,  2.407,  0.068
  4260,  2.881,  5.297, 33.695,  2.298,  0.089
  4320,  3.362,  5.545, 34.166,  2.482,  0.108
  4380,  4.101,  5.691, 32.697,  2.724,  0.067
  4440,  4.408,  6.162, 34.948,  2.893,  0.083
  4500,  4.291,  6.477, 37.832,  2.994,  0.068
  4560,  4.211,  6.622, 38.596,  2.985,  0.109
  4620,  4.186,  7.048, 40.093,  3.006,  0.081
  4680,  4.431,  7.909, 43.768,  3.103,  0.104
  4740,  4.712,  8.047, 45.695,  3.280,  0.133
  4800,  4.937,  8.745, 51.461,  3.379,  0.121
  4860,  5.054,  8.755, 50.717,  3.436,  0.109
  4920,  5.025,  9.155, 52.170,  3.377,  0.128
  4980,  4.880,  9.535, 54.914,  3.359,  0.123
  5040,  4.414,  9.726, 56.495,  3.088,  0.108
  5100,  4.149,  9.145, 57.599,  2.959,  0.116
  5160,  4.306,  9.450, 59.934,  3.111,  0.152
  5220,  4.382,  9.536, 58.278,  3.070,  0.128
  5280,  3.959,  9.380, 61.704,  2.939,  0.168
  5340,  3.711,  8.981, 58.725,  2.782,  0.103
  5400, -9999.000, -9999.000, -9999.000, -9999.000, -9999.000
  5460,  3.471,  8.093, 48.801,  2.799,  0.067
  5520,  3.413,  8.144, 51.656,  2.923,  0.128
  5580,  3.126,  7.843, 53.682,  2.736,  0.106
  5640,  3.130,  8.033, 55.637,  2.681,  0.091
  5700,  3.202,  8.456, 55.698,  2.727,  0.115
  5760,  3.173,  8.406, 56.952,  2.678,  0.108
  5820,  3.211,  9.337, 53.817,  2.641,  0.130
  5880,  3.225,  9.652, 54.290,  2.975,  0.084
  5940,  3.177,  9.435, 53.162,  2.932,  0.114
  6000,  3.130,  9.665, 55.468,  3.026,  0.090
  6060,  2.992,  9.089, 53.470,  2.867,  0.073
  6120,  3.020,  8.924, 55.257,  2.796,  0.041
  6180,  3.047,  8.776, 53.606,  2.868,  0.063
  6240,  3.072,  8.935, 56.118,  2.869,  0.082
  6300,  3.148,  9.292, 56.837,  2.936,  0.105
  6360,  3.168,  9.617, 58.735,  2.985,  0.092
  6420,  3.241,  9.805, 59.164,  3.013,  0.088
  6480,  3.337,  9.849, 59.617,  2.958,  0.081
  6540,  3.447, 10.210, 60.273,  3.109,  0.099
  6600,  3.504, 10.978, 61.584,  3.123,  0.104
  6660,  3.574, 11.393, 61.069,  3.271,  0.077
  6720,  3.677, 11.627, 60.455,  3.224,  0.088
  6780,  3.765, 11.287, 60.367,  3.324,  0.127
  6840,  3.714, 11.446, 59.823,  3.211,  0.097
  6900,  3.751, 11.218, 59.968,  3.404,  0.120
  6960,  3.795, 11.255, 60.014,  3.434,  0.111
  7020,  3.809, 11.624, 56.766,  3.361,  0.104
  7080,  3.826, 11.459, 60.237,  3.207,  0.155
  7140,  3.950, 11.462, 59.117,  3.446,  0.112
  7200,  3.907, 11.327, 61.474,  3.433,  0.113
  7260, -9999.000, -9999.000, -9999.000, -9999.000, -9999.000
  7320,  3.886, 10.971, 56.251,  3.507,  0.095
  7380,  3.915, 11.540, 56.796,  3.611,  0.151
  7440,  4.007, 11.440, 58.924,  3.697,  0.151
  7500,  4.023, 11.960, 59.121,  3.747,  0.148
  7560,  4.066, 12.113, 59.083,  3.778,  0.118
  7620,  4.158, 12.712, 60.426,  3.882,  0.140
  7680,  4.099, 12.797, 61.756,  3.962,  0.178
  7740,  4.040, 13.127, 59.238,  3.815,  0.202
  7800,  4.122, 13.453, 60.592,  3.811,  0.174
  7860,  4.092, 14.194, 62.090,  3.835,  0.193
  7920,  4.081, 13.401, 61.218,  3.976,  0.179
  7980,  4.068, 13.510, 59.859,  3.871,  0.157
  8040,  4.054, 13.584, 60.587,  3.768,  0.203
  8100,  4.005, 13.165, 58.871,  3.871,  0.165
  8160,  4.107, 13.883, 61.445,  3.996,  0.260
  8220,  4.079, 14.834, 60.204,  4.009,  0.277
  8280,  4.063, 14.479, 59.342,  4.089,  0.207
  8340,  4.045, 14.741, 60.779,  4.132,  0.223
  8400,  4.196, 14.865, 61.380,  4.300,  0.262
  8460,  4.140, 15.337, 59.893,  4.213,  0.263
  8520,  4.245, 15.669, 60.455,  4.328,  0.248
  8580,  4.116, 15.326, 59.297,  4.394,  0.220
  8640,  4.068, 15.215, 59.796,  4.411,  0.255
  8700,  4.092, 15.769, 58.177,  4.434,  0.244
  8760,  4.242, 16.951, 59.146,  4.597,  0.264
  8820,  4.306, 17.609, 60.463,  4.716,  0.289
  8880,  4.255, 17.287, 61.777,  4.743,  0.328
  8940,  4.317, 17.629, 64.781,  4.902,  0.285
  9000,  4.357, 17.755, 69.623,  4.757,  0.303
  9060,  4.685, 19.384, 82.135,  4.995,  0.381
  9120, -9999.000, -9999.000, -9999.000, -9999.000, -9999.000
  9180,  4.461, 17.499, 74.433,  4.845,  0.299
  9240,  4.598, 18.712, 83.986,  5.105,  0.362
  9300,  4.644, 19.174, 88.008,  5.106,  0.358
  9360,  4.888, 20.228, 103.447,  5.076,  0.423
  9420,  4.842, 19.806, 103.398,  5.103,  0.424
  9480,  5.193, 21.001, 120.308,  5.064,  0.417
  9540,  5.298, 21.768, 137.411,  5.102,  0.366
  9600,  5.172, 20.488, 137.105,  5.144,  0.325
  9660,  5.290, 21.005, 147.932,  5.089,  0.138
  9720,  5.361, 22.043, 155.234,  5.469,  0.285
  9780,  5.353, 21.408, 160.120,  5.232,  0.352
  9840,  5.431, 22.023, 156.238,  5.157,  0.438
  9900,  5.456, 21.954, 161.774,  5.138,  0.330
  9960,  5.399, 21.179, 164.130,  5.165,  0.190
 10020,  5.420, 21.455, 170.861,  5.278,  0.217
 10080,  5.432, 21.705, 175.182,  5.167,  0.261
 10140,  5.501, 22.378, 174.004,  5.130,  0.435
 10200,  5.560, 21.644, 178.954,  5.338,  0.255
 10260,  5.561, 21.607, 178.600,  5.284,  0.400
 10320,  5.585, 21.044, 179.585,  5.196,  0.402
 10380,  5.607, 21.225, 175.005,  5.114,  0.344
 10440,  5.658, 21.055, 174.394,  5.295,  0.415
 10500,  5.657, 20.777, 171.476,  5.298,  0.470
 10560,  5.571, 20.962, 168.080,  5.144,  0.419
 10620,  5.718, 20.899, 166.446,  5.093,  0.490
 10680,  5.729, 20.608, 167.310,  5.219,  0.463
 10740,  5.680, 20.310, 164.144,  5.114,  0.426
 10800,  5.627, 19.973, 158.483,  5.028,  0.378
 10860,  5.547, 19.622, 152.072,  5.022,  0.313
 10920,  5.692, 20.193, 156.839,  5.172,  0.392
 10980,  5.560, 18.714, 141.082,  4.793,  0.457
 11040,  5.714, 19.261, 144.994,  5.057,  0.394
 11100,  5.785, 19.913, 150.492,  5.157,  0.572
 11160,  5.808, 19.831, 151.680,  5.290,  0.388
 11220,  5.828, 19.415, 153.693,  5.065,  0.403
 11280,  5.770, 19.237, 158.264,  4.938,  0.499
 11340,  5.752, 19.045, 158.978,  5.165,  0.471
 11400,  5.655, 19.413, 158.539,  5.056,  0.489
 11460,  5.779, 19.252, 165.507,  5.102,  0.453
 11520,  5.710, 18.802, 163.289,  5.013,  0.440
 11580,  5.684, 18.842, 164.120,  4.991,  0.482
 11640,  5.702, 19.697, 165.643,  5.076,  0.547
 11700,  5.619, 18.867, 160.298,  4.827,  0.465
 11760,  5.571, 18.758, 160.192,  4.893,  0.545
 11820,  5.517, 18.547, 156.265,  4.658,  0.440
 11880,  5.578, 18.519, 155.752,  5.031,  0.564
 11940,  5.688, 18.532, 154.793,  4.759,  0.545
 12000,  5.576, 18.358, 153.436,  4.740,  0.553
 12060,  5.533, 18.211, 148.627,  4.722,  0.517
 12120,  5.727, 18.569, 150.253,  4.906,  0.559
 12180,  5.505, 18.253, 145.497,  4.738,  0.535
 12240,  5.565, 18.284, 143.664,  4.802,  0.479
 12300,  5.529, 18.023, 143.355,  4.873,  0.481
 12360,  5.575, 18.468, 142.808,  4.827,  0.528
 12420,  5.446, 17.808, 138.490,  4.932,  0.496
 12480,  5.462, 18.379, 138.446,  4.896,  0.515
 12540,  5.480, 18.181, 138.263,  4.989,  0.575
 12600,  5.545, 18.072, 137.136,  4.960,  0.572
 12660,  5.468, 18.058, 133.298,  4.995,  0.489
 12720,  5.578, 18.671, 137.511,  4.914,  0.504
 12780,  5.768, 20.494, 137.907,  5.387,  0.644
 12840,  5.018, 17.911, 107.426,  4.113,  0.276
 12900,  5.339, 18.231, 116.034,  4.513,  0.505
 12960,  5.359, 18.638, 117.972,  4.689,  0.415
 13020,  5.447, 18.890, 121.785,  4.856,  0.528
 13080,  5.450, 18.783, 120.100,  4.802,  0.598
 13140,  5.491, 19.170, 124.805,  5.133,  0.627
 13200,  5.536, 19.162, 122.364,  5.036,  0.667
 13260,  5.504, 18.801, 124.539,  5.111,  0.583
 13320,  5.495, 18.713, 126.293,  5.161,  0.590
 13380,  5.537, 18.808, 126.232,  5.100,  0.605
 13440,  5.453, 18.839, 124.780,  5.062,  0.584
 13500,  5.581, 18.605, 128.045,  5.121,  0.578
 13560,  5.436, 18.376, 125.682,  5.038,  0.565
 13620,  5.647, 18.617, 134.616,  5.228,  0.587
 13680,  5.590, 18.832, 136.958,  5.129,  0.552
 13740,  5.719, 18.711, 139.765,  5.003,  0.535
 13800,  5.743, 18.646, 142.427,  5.013,  0.563
 13860,  5.651, 18.450, 145.446,  5.012,  0.549
 13920,  5.610, 17.704, 143.394,  5.071,  0.543
 13980,  5.568, 18.164, 143.720,  5.014,  0.476
 14040,  5.610, 17.770, 145.006,  5.113,  0.542
 14100,  5.526, 18.331, 143.107,  5.184,  0.517
 14160,  5.537, 18.056, 144.294,  5.165,  0.514
 14220,  5.628, 18.607, 143.403,  5.016,  0.518
 14280,  5.752, 19.332, 151.518,  5.026,  0.521
 14340,  5.623, 18.658, 151.652,  5.146,  0.551
 14400,  5.691, 18.882, 153.523,  5.242,  0.398
 14460,  5.680, 18.879, 148.329,  5.059,  0.457
 14520,  5.599, 19.174, 148.170,  5.166,  0.517
 14580,  5.593, 18.869, 148.697,  5.133,  0.524
 14640,  5.479, 18.584, 146.964,  5.330,  0.393
 14700,  5.441, 18.588, 138.560,  5.235,  0.489
 14760,  5.459, 18.551, 139.239,  5.258,  0.527
 14820,  5.516, 18.237, 140.378,  5.368,  0.603
 14880,  5.458, 19.011, 142.518,  5.335,  0.605
 14940,  5.509, 19.322, 144.056,  5.400,  0.615
 15000,  5.561, 19.131, 144.996,  5.505,  0.571
 15060,  5.567, 19.167, 145.036,  5.527,  0.538
 15120,  5.550, 19.288, 146.247,  5.480,  0.612
 15180,  5.557, 19.137, 145.834,  5.720,  0.603
 15240,  5.490, 18.767, 145.937,  5.679,  0.621
 15300,  5.539, 18.845, 147.060,  5.553,  0.648
 15360,  5.531, 19.565, 147.906,  5.794,  0.703
 15420,  5.566, 19.356, 145.648,  5.826,  0.655
 15480,  5.568, 19.459, 147.832,  6.010,  0.707
 15540,  5.594, 19.026, 146.733,  6.046,  0.800
 15600,  5.608, 18.748, 146.243,  5.992,  0.729
 15660,  5.487, 19.325, 146.188,  6.140,  0.728
 15720,  5.491, 18.735, 143.069,  6.058,  0.755
 15780,  5.564, 19.080, 146.105,  6.268,  0.862
 15840,  5.495, 18.838, 141.012,  6.356,  0.832
 15900,  5.523, 19.317, 144.572,  6.396,  0.847
 15960,  5.508, 18.994, 141.611,  6.154,  0.817
 16020,  5.439, 18.807, 145.307,  6.520,  0.889
 16080,  5.493, 18.772, 142.350,  6.472,  0.850
 16140,  5.387, 18.323, 141.484,  6.414,  0.903
 16200,  5.500, 18.900, 142.773,  6.407,  0.812
 16260,  5.510, 18.763, 141.868,  6.432,  0.856
 16320,  5.375, 18.062, 140.985,  6.008,  0.694
 16380,  5.390, 17.861, 145.146,  6.320,  0.748
 16440,  5.396, 18.097, 143.459,  6.432,  0.780
 16500, -9999.000, -9999.000, -9999.000, -9999.000, -9999.000
 16560,  5.128, 17.620, 122.281,  6.104,  0.703
 16620,  5.377, 18.035, 126.585,  6.628,  0.863
 16680,  5.392, 18.654, 131.215,  6.800,  0.801
 16740,  5.411, 18.513, 133.013,  6.817,  0.820
 16800,  5.447, 18.366, 134.348,  7.006,  0.856
 16860,  5.432, 18.363, 137.350,  6.930,  0.881
 16920,  5.277, 18.304, 134.187,  6.638,  0.822
 16980,  5.265, 18.455, 130.756,  6.721,  0.876
 17040,  5.295, 18.580, 131.720,  6.596,  0.771
 17100,  5.213, 18.061, 130.514,  6.655,  0.842
 17160,  5.213, 18.201, 129.499,  6.613,  0.808
 17220,  5.165, 17.673, 125.075,  6.362,  0.817
 17280,  5.110, 18.083, 121.949,  6.385,  0.831
 17340,  5.002, 17.058, 121.916,  6.625,  0.761
 17400,  4.986, 17.126, 120.564,  6.482,  0.775
 17460,  4.942, 16.920, 119.201,  6.392,  0.788
 17520,  4.851, 16.372, 113.102,  6.251,  0.693
 17580,  4.824, 16.211, 117.282,  6.494,  0.788
 17640,  4.884, 15.998, 118.786,  6.488,  0.805
 17700,  4.889, 15.974, 117.891,  6.334,  0.727
 17760,  4.778, 16.015, 115.774,  6.586,  0.800
 17820,  4.798, 15.876, 113.167,  6.317,  0.831
 17880,  4.729, 15.438, 112.516,  6.516,  0.882
 17940,  4.697, 15.701, 109.970,  6.386,  0.790
 18000,  4.724, 15.844, 109.444,  6.445,  0.859
 18060,  4.690, 15.570, 108.506,  6.378,  0.828
 18120,  4.633, 15.043, 109.875,  6.619,  0.904
 18180,  4.520, 14.935, 105.722,  6.278,  0.794
 18240,  4.480, 15.459, 104.550,  6.555,  0.781
 18300,  4.437, 15.223, 106.595,  6.652,  0.819
 18360,  4.337, 13.910, 85.391,  6.132,  0.927
 18420,  4.288, 14.691, 98.645,  6.011,  0.785
 18480,  4.422, 15.186, 98.562,  6.469,  0.829
 18540,  4.326, 14.702, 96.863,  6.371,  0.752
 18600,  4.473, 14.924, 100.543,  6.557,  0.819
 18660,  4.542, 15.227, 100.407,  6.663,  0.859
 18720,  4.465, 15.416, 101.277,  6.612,  0.830
 18780,  4.476, 15.419, 100.216,  6.791,  0.785
 18840,  4.499, 15.455, 102.599,  6.842,  0.911
 18900,  4.450, 15.558, 98.374,  6.651,  0.827
 18960,  4.533, 15.310, 100.970,  6.800,  0.916
 19020,  4.519, 15.571, 105.185,  7.210,  1.017
 19080,  4.487, 14.697, 103.626,  7.002,  1.032
 19140,  4.522, 15.415, 104.350,  6.954,  0.975
 19200,  4.503, 15.287, 102.551,  6.876,  1.026
 19260,  4.494, 15.062, 102.682,  7.089,  1.077
 19320,  4.509, 14.884, 103.204,  7.056,  1.138
 19380,  4.447, 15.322, 102.650,  7.029,  1.044
 19440,  4.375, 14.781, 97.759,  6.821,  1.067
 19500,  4.421, 15.422, 99.639,  6.901,  1.042
 19560,  4.481, 14.969, 96.799,  6.700,  1.139
 19620,  4.490, 15.528, 103.538,  7.165,  1.158
 19680,  4.538, 15.723, 105.845,  7.165,  1.085
 19740,  4.582, 15.089, 105.227,  6.932,  1.095
 19800,  4.512, 14.995, 106.360,  7.366,  1.143
 19860,  4.526, 15.895, 108.088,  7.423,  1.240
 19920,  4.472, 15.656, 107.620,  7.294,  1.162
 19980,  4.362, 15.285, 103.444,  6.955,  1.161
 20040,  4.396, 15.311, 105.514,  7.058,  1.170
