CampaignData_and_Merges/R0/CSL_MobileLab_Parked/raw/20240720/USOS-PTR_MobileLabGround_20240720_R0.ict
58, 1001
Matthew Coggon, Kelvin Bates, Chelsea Stockwell, Carsten Warneke
NOAA ESRL Chemical Sciences Division
NOAA PTR-ToF-MS
USOS
1,1 
2024, 07, 20, 2025, 09, 19
0
Time_Start, seconds, number of seconds from 00:00 UTC 
22
1, 1, 1, 1, 1, 1, 1, 1, 1, 1, 1, 1, 1, 1, 1, 1, 1, 1, 1, 1, 1, 1
-9999, -9999, -9999, -9999, -9999, -9999, -9999, -9999, -9999, -9999, -9999, -9999, -9999, -9999, -9999, -9999, -9999, -9999, -9999, -9999, -9999, -9999
CH3OH_NOAAPTR_ppbv,  ppbv, Gas_CH3OH_InSitu_S_AVMR, (CH3OH) methanol
CH3CN_NOAAPTR_ppbv,  ppbv, Gas_CH3CN_InSitu_S_AVMR, (CH3CN) acetonitrile
CH3CHO_NOAAPTR_ppbv,  ppbv, Gas_CH3CHO_InSitu_S_AVMR, (CH3CHO) acetaldehyde plus contributions from ethylene glycol and ethylene oxide. Interference from ethanol has been subtracted out.
C2H5OH_NOAAPTR_ppbv,  ppbv, Gas_C2H5OH_InSitu_S_AVMR, (C2H5OH) ethanol
CH3SH_NOAAPTR_ppbv,  ppbv, Gas_CH3SH_InSitu_S_AVMR, (CH3SH) methanethiol, using calibration factor for DMS
Acrolein_NOAAPTR_ppbv,  ppbv, Gas_Acrolein_InSitu_S_AVMR, (C3H4O) acrolein
AcetonePropanal_NOAAPTR_ppbv,  ppbv, Gas_AcetoneAndPropanal_InSitu_S_AVMR, (C3H6O) sum of acetone (dominant isomer) and propanal, using calibration factor for acetone
DMS_NOAAPTR_ppbv,  ppbv, Gas_DMS_InSitu_S_AVMR, (C2H6S) dimethyl sulfide with possible small contributions from ethanethiol
C5H8_NOAAPTR_ppbv,  ppbv, Gas_Isoprene_InSitu_S_AVMR, (C5H8) isoprene and possible fragments from cycloalkanes and aldehydes. Interferences have been subtracted following methods described by Coggon et al (2023)
MVKMAC_NOAAPTR_ppbv,  ppbv, Gas_MVKAndMAC_InSitu_S_AVMR, (C4H6O) sum of methyl vinyl ketone, methacrolein, and small amounts of crotonaldehyde, using weighted calibration factor for MVK (0.637) and MACR (0.363)
Benzene_NOAAPTR_ppbv,  ppbv, Gas_Benzene_InSitu_S_AVMR, (C6H6) benzene
Toluene_NOAAPTR_ppbv,  ppbv, Gas_Toluene_InSitu_S_AVMR, (C7H8) toluene with possible small contributions of fragments from ethyltoluene
Styrene_NOAAPTR_ppbv,  ppbv, Gas_Styrene_InSitu_S_AVMR, (C8H8) styrene
Benzaldehyde_NOAAPTR_ppbv,  ppbv, Gas_Benzaldehyde_InSitu_S_AVMR, (C7H6O) benzaldehyde
C8Aromatics_NOAAPTR_ppbv,  ppbv, Gas_C8Aromatics_InSitu_M_AVMR, (C8H10) sum of m-xylene, p-xylene, o-xylene, and ethyl benzene
C9Aromatics_NOAAPTR_ppbv,  ppbv, Gas_C9Aromatics_InSitu_M_AVMR, (C9H12) sum of C9 aromatics
Naphthalene_NOAAPTR_ppbv,  ppbv, Gas_Naphthalene_InSitu_S_AVMR, (C10H8) naphthalene
Octanal_NOAAPTR_ppbv,  ppbv, Gas_Octanal_InSitu_S_AVMR, (C8H16O) octanal and small amounts of octanone
Monoterpenes_NOAAPTR_ppbv,  ppbv, Gas_Monoterpenes_InSitu_M_AVMR, (C10H16) sum of monoterpenes and possible contributions from fragments of oxygenated monoterpenoids such as eucalyptol.
Nonanal_NOAAPTR_ppbv,  ppbv, Gas_Nonanal_InSitu_M_AVMR, (C9H18O) nonanal and small amounts of nonanone
C7H4ClF3_NOAAPTR_ppbv,  ppbv, Gas_C7H4ClF3_InSitu_S_AVMR, (C7H4ClF3) parachlorobenzotrifluoride
C10H30O5Si5_NOAAPTR_ppbv,  ppbv, Gas_C10H30O5Si5_InSitu_S_AVMR, (C10H30O5Si5) decamethylcyclopentasiloxane
1
SPECIAL COMMENTS:N/A
21
PI_CONTACT_INFO: NOAA ESRL Chemical Sciences Division, Tropospheric Chemistry Group. 325 Broadway, R/CSD7, Boulder, CO 80305
PLATFORM: Mobile Laboratory.
LOCATION: Salt Lake City, UT
ASSOCIATED_DATA: N/A
INSTRUMENT_INFO: NOAA PTR-ToF-MS measurements on NOAA CSL Mobile Lab
DATA_INFO: Units: ppbv
UNCERTAINTY: See OTHER_COMMENTS
ULOD_FLAG: -7777
ULOD_VALUE: N/A
LLOD_FLAG: -8888
LLOD_VALUE: N/A.
DM_CONTACT_INFO: Data Managers: Matt Coggon, Kelvin Bates, Chelsea Stockwell; email: matthew.m.coggon@noaa.gov and kelvin.bates@colorado.edu
PROJECT_INFO: USOS Deployment July-August, 2024
STIPULATIONS_ON_USE: Use of these data require prior OK from PI.
OTHER_COMMENTS: Uncertainties:
CH3OH_NOAAPTR_ppbv:30%; CH3CN_NOAAPTR_ppbv:30%; CH3CHO_NOAAPTR_ppbv:30%; C2H5OH_NOAAPTR_ppbv:30%; CH3SH_NOAAPTR_ppbv:50%; Acrolein_NOAAPTR_ppbv:30%; AcetonePropanal_NOAAPTR_ppbv:30%; DMS_NOAAPTR_ppbv:30%; C5H8_NOAAPTR_ppbv:30%; MVKMAC_NOAAPTR_ppbv:30%; 
Benzene_NOAAPTR_ppbv:30%; Toluene_NOAAPTR_ppbv:30%; Styrene_NOAAPTR_ppbv:30%; Benzaldehyde_NOAAPTR_ppbv:30%; C8Aromatics_NOAAPTR_ppbv:30%; C9Aromatics_NOAAPTR_ppbv:30%; Naphthalene_NOAAPTR_ppbv:30%; Octanal_NOAAPTR_ppbv:30%; Monoterpenes_NOAAPTR_ppbv:30%; Nonanal_NOAAPTR_ppbv:30%; 
C7H4ClF3_NOAAPTR_ppbv:30%; C10H30O5Si5_NOAAPTR_ppbv:30%; 
REVISION: R0
R0: Calibrated PTR Data. See individual species comments for details about measurement uncertainties
Time_Start, CH3OH_NOAAPTR_ppbv, CH3CN_NOAAPTR_ppbv, CH3CHO_NOAAPTR_ppbv, C2H5OH_NOAAPTR_ppbv, CH3SH_NOAAPTR_ppbv, Acrolein_NOAAPTR_ppbv, AcetonePropanal_NOAAPTR_ppbv, DMS_NOAAPTR_ppbv, C5H8_NOAAPTR_ppbv, MVKMAC_NOAAPTR_ppbv, Benzene_NOAAPTR_ppbv, Toluene_NOAAPTR_ppbv, Styrene_NOAAPTR_ppbv, Benzaldehyde_NOAAPTR_ppbv, C8Aromatics_NOAAPTR_ppbv, C9Aromatics_NOAAPTR_ppbv, Naphthalene_NOAAPTR_ppbv, Octanal_NOAAPTR_ppbv, Monoterpenes_NOAAPTR_ppbv, Nonanal_NOAAPTR_ppbv, C7H4ClF3_NOAAPTR_ppbv, C10H30O5Si5_NOAAPTR_ppbv
[from data line 733]
43980.0, 12.39888, 0.24474, 1.69769, 2.82045, 0.00508, 0.25138, 4.47329, -0.00008, 0.41409, 0.67003, 0.00837, 0.18345, -0.00677, -0.01657, 0.11420, 0.05328, -0.00012, 0.05080, 0.15102, 0.04710, 0.01014, 0.00566 
44040.0, 12.11484, 0.24073, 1.63713, 3.31927, 0.00382, 0.28782, 4.45110, 0.02265, 0.39069, 0.65995, 0.02778, 0.15991, -0.00677, -0.02411, 0.08858, 0.04179, -0.00975, 0.04287, 0.14830, 0.06043, 0.01471, 0.00359 
44100.0, 13.50594, 0.25405, 1.64553, 3.59804, 0.00374, 0.26962, 4.50264, -0.00008, 0.40488, 0.66062, 0.01191, 0.19231, 0.01753, -0.00379, 0.12101, 0.05245, 0.00053, 0.05512, 0.15956, 0.06850, 0.01160, 0.00676 
44160.0, 11.64134, 0.24177, 1.52920, 2.75170, 0.00419, 0.24255, 4.39044, 0.01721, 0.38079, 0.66215, -0.00139, 0.13065, 0.00885, -0.03457, 0.07447, 0.02458, -0.00329, 0.03521, 0.15422, 0.04051, 0.01092, 0.00318 
44220.0, 14.24042, 0.23548, 1.64511, 3.31223, 0.00681, 0.23496, 4.40282, -0.00008, 0.41439, 0.66423, -0.03391, 0.17476, -0.00678, 0.01578, 0.09168, 0.04975, 0.00644, 0.04156, 0.15635, 0.04805, 0.00256, 0.00506 
44280.0, 12.63772, 0.23920, 1.60816, 3.14224, 0.00465, 0.26280, 4.44533, 0.00419, 0.36555, 0.64473, 0.05874, 0.15524, -0.00678, -0.00232, 0.08345, 0.03295, -0.00301, 0.01615, 0.15332, 0.04665, 0.01246, 0.00097 
44340.0, 12.81523, 0.24936, 1.65836, 2.77973, 0.00225, 0.27671, 4.45084, -0.00008, 0.38896, 0.66912, 0.02987, 0.13998, 0.00218, -0.01765, 0.09919, 0.03892, -0.00986, 0.03735, 0.17323, 0.04996, 0.00455, 0.00262 
44400.0, 12.48054, 0.24265, 1.55276, 2.69311, 0.00510, 0.28526, 4.31429, 0.00465, 0.38192, 0.67395, 0.01448, 0.16029, 0.00425, 0.00326, 0.08927, 0.04394, -0.00726, 0.03770, 0.15814, 0.05043, 0.00525, 0.00310 
44460.0, 12.50484, 0.23995, -9999.00000, 2.40548, -0.00003, 0.26833, 4.36178, -0.00008, -9999.00000, 0.63400, 0.07772, 0.16029, -0.00679, 0.00551, 0.08506, 0.02244, -0.00990, 0.03797, 0.14917, 0.05700, -0.00005, 0.00084 
44520.0, -9999.00000, -9999.00000, -9999.00000, -9999.00000, -9999.00000, -9999.00000, -9999.00000, -9999.00000, -9999.00000, -9999.00000, -9999.00000, -9999.00000, -9999.00000, -9999.00000, -9999.00000, -9999.00000, -9999.00000, -9999.00000, -9999.00000, -9999.00000, -9999.00000, -9999.00000 
44580.0, -9999.00000, -9999.00000, -9999.00000, -9999.00000, -9999.00000, -9999.00000, -9999.00000, -9999.00000, -9999.00000, -9999.00000, -9999.00000, -9999.00000, -9999.00000, -9999.00000, -9999.00000, -9999.00000, -9999.00000, -9999.00000, -9999.00000, -9999.00000, -9999.00000, -9999.00000 
44640.0, -9999.00000, -9999.00000, -9999.00000, -9999.00000, -9999.00000, -9999.00000, -9999.00000, -9999.00000, -9999.00000, -9999.00000, -9999.00000, -9999.00000, -9999.00000, -9999.00000, -9999.00000, -9999.00000, -9999.00000, -9999.00000, -9999.00000, -9999.00000, -9999.00000, -9999.00000 
44700.0, -9999.00000, -9999.00000, -9999.00000, -9999.00000, -9999.00000, -9999.00000, -9999.00000, -9999.00000, -9999.00000, -9999.00000, -9999.00000, -9999.00000, -9999.00000, -9999.00000, -9999.00000, -9999.00000, -9999.00000, -9999.00000, -9999.00000, -9999.00000, -9999.00000, -9999.00000 
44760.0, -9999.00000, -9999.00000, -9999.00000, -9999.00000, -9999.00000, -9999.00000, -9999.00000, -9999.00000, -9999.00000, -9999.00000, -9999.00000, -9999.00000, -9999.00000, -9999.00000, -9999.00000, -9999.00000, -9999.00000, -9999.00000, -9999.00000, -9999.00000, -9999.00000, -9999.00000 
44820.0, -9999.00000, -9999.00000, -9999.00000, -9999.00000, -9999.00000, -9999.00000, -9999.00000, -9999.00000, -9999.00000, -9999.00000, -9999.00000, -9999.00000, -9999.00000, -9999.00000, -9999.00000, -9999.00000, -9999.00000, -9999.00000, -9999.00000, -9999.00000, -9999.00000, -9999.00000 
44880.0, -9999.00000, -9999.00000, -9999.00000, -9999.00000, -9999.00000, -9999.00000, -9999.00000, -9999.00000, -9999.00000, -9999.00000, -9999.00000, -9999.00000, -9999.00000, -9999.00000, -9999.00000, -9999.00000, -9999.00000, -9999.00000, -9999.00000, -9999.00000, -9999.00000, -9999.00000 
44940.0, -9999.00000, -9999.00000, -9999.00000, -9999.00000, -9999.00000, -9999.00000, -9999.00000, -9999.00000, -9999.00000, -9999.00000, -9999.00000, -9999.00000, -9999.00000, -9999.00000, -9999.00000, -9999.00000, -9999.00000, -9999.00000, -9999.00000, -9999.00000, -9999.00000, -9999.00000 
45000.0, -9999.00000, -9999.00000, -9999.00000, -9999.00000, -9999.00000, -9999.00000, -9999.00000, -9999.00000, -9999.00000, -9999.00000, -9999.00000, -9999.00000, -9999.00000, -9999.00000, -9999.00000, -9999.00000, -9999.00000, -9999.00000, -9999.00000, -9999.00000, -9999.00000, -9999.00000 
45060.0, -9999.00000, -9999.00000, -9999.00000, -9999.00000, -9999.00000, -9999.00000, -9999.00000, -9999.00000, -9999.00000, -9999.00000, -9999.00000, -9999.00000, -9999.00000, -9999.00000, -9999.00000, -9999.00000, -9999.00000, -9999.00000, -9999.00000, -9999.00000, -9999.00000, -9999.00000 
45120.0, 13.21836, 0.24855, -9999.00000, 4.78646, 0.00245, 0.24973, 4.48298, 0.01805, -9999.00000, 0.64207, 0.04658, 0.19694, 0.02092, 0.00681, 0.13611, 0.07395, -0.00988, 0.03867, 0.16824, 0.03450, 0.00221, 0.00468 
45180.0, 12.14791, 0.25833, 1.73404, 6.25015, 0.00199, 0.26796, 4.44282, 0.00895, 0.36876, 0.65682, -0.01819, 0.15740, -0.00681, -0.02159, 0.09282, 0.05992, -0.00809, 0.06026, 0.17181, 0.04612, 0.00763, 0.00358 
45240.0, 12.68795, 0.24633, 1.84444, 4.69765, 0.00441, 0.26461, 4.67629, 0.00610, 0.37698, 0.66522, 0.44556, 0.19264, 0.00503, 0.16635, 0.14200, 0.05453, -0.00986, 0.05126, 0.16547, 0.08957, 0.01120, 0.00666 
45300.0, 15.32921, 0.24439, 1.98264, 5.63351, 0.00341, 0.31444, 4.65522, 0.00382, 0.37110, 0.70228, 0.43238, 0.20034, -0.00682, 0.15511, 0.14220, 0.06679, 0.00245, 0.05441, 0.18973, 0.13069, -0.00067, 0.00750 
45360.0, 15.55297, 0.24432, 2.13311, 6.11814, 0.00380, 0.34109, 4.66223, 0.01062, 0.40919, 0.66786, 0.21047, 0.23431, -0.00682, 0.04866, 0.15739, 0.06080, -0.00126, 0.04724, 0.18015, 0.09634, 0.00939, 0.00948 
45420.0, 17.25516, 0.24663, 2.44884, 7.37209, 0.00707, 0.35592, 4.77021, -0.00008, 0.48195, 0.67253, 0.16994, 0.28613, 0.01059, 0.01665, 0.16316, 0.06662, 0.01609, 0.05146, 0.21388, 0.08719, 0.01125, 0.01865 
45480.0, 16.58171, 0.23723, 2.35868, 7.35459, 0.00469, 0.34979, 4.77957, 0.01213, 0.46317, 0.69348, 0.42807, 0.26142, 0.00689, 0.15175, 0.19108, 0.07820, -0.00665, 0.07798, 0.26072, 0.13468, 0.01039, 0.01349 
45540.0, 19.95874, 0.25890, 2.50218, 7.38878, 0.00308, 0.35664, 4.98638, -0.00008, 0.50457, 0.68667, 0.88703, 0.32317, -0.00682, 0.38918, 0.20810, 0.08263, -0.00127, 0.05218, 0.21945, 0.10436, 0.01223, 0.01292 
45600.0, 16.70090, 0.29591, 2.88847, 9.51974, 0.00453, 0.42662, 5.37766, 0.00699, 0.53143, 0.76100, 0.34529, 0.71919, -0.00682, 0.04841, 0.52305, 0.23039, 0.00262, 0.05850, 0.24821, 0.12509, 0.01541, 0.01879 
45660.0, 19.93752, 0.28431, 2.87864, 9.31732, 0.00386, 0.38683, 5.29042, -0.00008, 0.48006, 0.70809, 0.19566, 0.55379, 0.06139, 0.01858, 0.34434, 0.16272, -0.00484, 0.04594, 0.21920, 0.12059, 0.02098, 0.01664 
45720.0, 19.31801, 0.27364, 2.87507, 9.41029, 0.00631, 0.38695, 5.45172, -0.00008, 0.45371, 0.70470, 0.26327, 0.42598, -0.00683, 0.04742, 0.32265, 0.13424, -0.00490, 0.07152, 0.24635, 0.10771, 0.02010, 0.02137 
45780.0, 19.75785, 0.27034, 3.08415, 12.45379, 0.00718, 0.42885, 5.47080, 0.01464, 0.43273, 0.70579, 0.53558, 1.02547, 0.03293, 0.05337, 0.67618, 0.26313, -0.00931, 0.06482, 0.24408, 0.11300, 0.01991, 0.01991 
45840.0, 15.03330, 0.26436, 2.66241, 8.59737, 0.00571, 0.34636, 5.29379, 0.00393, 0.35119, 0.60987, 0.16150, 0.36997, 0.03785, 0.00382, 0.26380, 0.10589, -0.00937, 0.07289, 0.16746, 0.11915, 0.01486, 0.02080 
45900.0, 17.39363, 0.26337, 2.35929, 7.53993, 0.00724, 0.34659, 5.03667, 0.01496, 0.39158, 0.61232, 0.10117, 0.40837, -0.00601, -0.02319, 0.26118, 0.10999, -0.00975, 0.06150, 0.19670, 0.08087, 0.01334, 0.01871 
45960.0, 15.60195, 0.24805, 2.29052, 6.60163, 0.00389, 0.31451, 5.09639, -0.00008, 0.34838, 0.65571, 0.12441, 0.31307, 0.03242, 0.01218, 0.22071, 0.09342, 0.00043, 0.05792, 0.21376, 0.06623, 0.02277, 0.01535 
46020.0, 13.29699, 0.27358, 2.24660, 6.19382, 0.00328, 0.29963, 4.90344, 0.00508, 0.34450, 0.56706, 0.13679, 0.27798, 0.02651, -0.01197, 0.22849, 0.10131, -0.00973, 0.04389, 0.19421, 0.06413, 0.01573, 0.01348 
46080.0, 12.89789, 0.26649, 2.28313, 6.58358, 0.00207, 0.31271, 4.93671, -0.00008, 0.29834, 0.55263, 0.13591, 0.28284, 0.03379, -0.02048, 0.23439, 0.08951, 0.02434, 0.07186, 0.18405, 0.07853, 0.02645, 0.00773 
46140.0, 15.67990, 0.29501, 2.42029, 6.83639, 0.00292, 0.31761, 5.13698, 0.00706, 0.29492, 0.62719, 0.16565, 0.35479, 0.01576, -0.01451, 0.26945, 0.10719, 0.01147, 0.04880, 0.20293, 0.08929, 0.01863, 0.01177 
46200.0, 16.91236, 0.26862, 2.37434, 7.36749, 0.00674, 0.33016, 5.04346, -0.00008, 0.33088, 0.58202, 0.18231, 0.36501, 0.01553, -0.01009, 0.26026, 0.11043, -0.00275, 0.08024, 0.19934, 0.09765, 0.01584, 0.01355 
46260.0, 16.92644, 0.27773, 2.95313, 7.98421, 0.00706, 0.40047, 5.51979, 0.02341, 0.37690, 0.69141, 0.18073, 0.41072, 0.05010, 0.00807, 0.29762, 0.11739, -0.00968, 0.07581, 0.22879, 0.09014, 0.01501, 0.01914 
46320.0, 16.41307, 0.28197, 2.99419, 8.46463, 0.00547, 0.46779, 5.42858, 0.00684, 0.34874, 0.67624, 0.23340, 0.57595, 0.08012, 0.03183, 0.40581, 0.20521, -0.00967, 0.06603, 0.20270, 0.11624, 0.01791, 0.01857 
46380.0, 16.63632, 0.25435, 2.96576, 8.43501, 0.00575, 0.46266, 5.40303, -0.00008, 0.28340, 0.67741, 0.20427, 0.43439, 0.04989, 0.03814, 0.32479, 0.14454, 0.00399, 0.08113, 0.22777, 0.10995, 0.03630, 0.01670 
46440.0, 19.09845, 0.30270, 2.96252, 9.17099, 0.00490, 0.41527, 5.40747, -0.00008, 0.28560, 0.65069, 0.27424, 0.61913, 0.05560, 0.03368, 0.43254, 0.18082, 0.00101, 0.08740, 0.20456, 0.16234, 0.02272, 0.01731 
46500.0, 18.47221, 0.28332, 3.11618, 8.57059, 0.00711, 0.44703, 5.51932, 0.01263, 0.33380, 0.66475, 0.17933, 0.42622, 0.04810, 0.02793, 0.29551, 0.13053, 0.00686, 0.10481, 0.26164, 0.18457, 0.02760, 0.01473 
46560.0, 16.84567, 0.28027, 2.78446, 7.85517, 0.00342, 0.36908, 5.45146, 0.01744, 0.36336, 0.64516, 0.32623, 0.40920, 0.00908, 0.10169, 0.30717, 0.12296, -0.00227, 0.07408, 0.24014, 0.09099, 0.02746, 0.01501 
46620.0, 15.57569, 0.27822, 2.62103, 7.96361, 0.00283, 0.40092, 5.27303, 0.01041, 0.35632, 0.63182, 0.23890, 0.39987, -0.00685, 0.05762, 0.29082, 0.11220, -0.00218, 0.06478, 0.16876, 0.12059, 0.03082, 0.02120 
46680.0, 17.46323, 0.29671, 2.66663, 8.15302, 0.00420, 0.32137, 5.27499, -0.00008, 0.37255, 0.62014, 0.16934, 0.40163, -0.00685, 0.02150, 0.27350, 0.11248, 0.00931, 0.05683, 0.19783, 0.07551, 0.02252, 0.00792 
46740.0, 19.25301, 0.27118, 2.76203, 8.33841, 0.00599, 0.34757, 5.35431, -0.00008, 0.40717, 0.61622, 0.18455, 0.39584, 0.02708, 0.03641, 0.27720, 0.11495, 0.00863, 0.07492, 0.16399, 0.09614, 0.02431, 0.02019 
46800.0, 14.07675, 0.26664, 2.16873, 5.21504, 0.00096, 0.27651, 4.72742, 0.00906, 0.34694, 0.55579, 0.13352, 0.28444, -0.00686, -0.02422, 0.15808, 0.07800, -0.00204, 0.05244, 0.22575, 0.04751, 0.00934, 0.00881 
46860.0, 14.53766, 0.27989, 2.17739, 4.90861, 0.00400, 0.30937, 4.73465, 0.00763, 0.46255, 0.53701, 0.49692, 0.64118, 0.05397, 0.00521, 0.43085, 0.17918, 0.00209, 0.03474, 0.29137, 0.08438, 0.00631, 0.00867 
46920.0, 12.96100, 0.27552, 1.79754, 3.76238, 0.00241, 0.27709, 4.42565, 0.01079, 0.37943, 0.57635, 0.11334, 0.31557, 0.03630, -0.01655, 0.20813, 0.08320, -0.00393, 0.03136, 0.24122, 0.05314, 0.00655, 0.00684 
46980.0, 12.43032, 0.23995, 1.62241, 2.71923, 0.00309, 0.26720, 4.33524, 0.00896, 0.42270, 0.55406, 0.05730, 0.18306, 0.00631, -0.02729, 0.11960, 0.04095, -0.00833, 0.03399, 0.20083, 0.06212, 0.00600, 0.00344 
47040.0, 12.29002, 0.26078, 1.57377, 2.55157, -0.00033, 0.24690, 4.18991, 0.00319, 0.36725, 0.56698, 0.06784, 0.15126, 0.01351, -0.00251, 0.06878, 0.04092, -0.00955, 0.02742, 0.18243, 0.05897, 0.00150, 0.00363 
47100.0, 11.59080, 0.23607, 1.45752, 2.22033, 0.00049, 0.21933, 4.32902, 0.00372, 0.41055, 0.55088, 0.05250, 0.12704, 0.00911, 0.01083, 0.07508, 0.03641, -0.00629, 0.01597, 0.17477, 0.04858, 0.00357, 0.00302 
47160.0, 12.97311, 0.24665, 1.54717, 2.22600, 0.00109, 0.24019, 4.23781, 0.00632, 0.44283, 0.55509, 0.01274, 0.20481, 0.00213, -0.02576, 0.10472, 0.04324, 0.00563, 0.03118, 0.19324, 0.06487, 0.00892, 0.00369 
47220.0, 11.75661, 0.25708, 1.41759, 2.23531, 0.00483, 0.22734, 4.23034, -0.00008, 0.41135, 0.53474, 0.06335, 0.18567, 0.00752, -0.01972, 0.08385, 0.04420, 0.00684, 0.04195, 0.16406, 0.05875, 0.00881, 0.00734 
47280.0, 13.82807, 0.23375, 1.50683, 2.48642, 0.00481, 0.20106, 4.22682, -0.00008, 0.46684, 0.53441, 0.05098, 0.17018, 0.00417, -0.00531, 0.11803, 0.04467, -0.00950, 0.03619, 0.17626, 0.04398, 0.00327, 0.00027 
47340.0, 12.97538, 0.25214, 1.60059, 2.76151, 0.00301, 0.26431, 4.32003, 0.01890, 0.39416, 0.51198, 0.02075, 0.18241, 0.00528, -0.02095, 0.11290, 0.04344, -0.00949, 0.03327, 0.18604, 0.05062, 0.00498, 0.00701 
47400.0, 12.98489, 0.24228, 1.61686, 2.59029, -0.00075, 0.25968, 4.21312, -0.00008, 0.41405, 0.51223, 0.01523, 0.19041, -0.00687, -0.01962, 0.10713, 0.05499, -0.00644, 0.03677, 0.22519, 0.03736, 0.01019, 0.00359 
47460.0, 13.29728, 0.26009, 1.70665, 3.41293, 0.00192, 0.26060, 4.47026, 0.01330, 0.50022, 0.53358, -0.00369, 0.18692, 0.00277, -0.03914, 0.11083, 0.05135, -0.00947, 0.02506, 0.19241, 0.04786, 0.00701, 0.00472 
47520.0, 13.22111, 0.23579, 1.60732, 3.22590, 0.00512, 0.23772, 4.39517, -0.00008, 0.47206, 0.51503, 0.09865, 0.20706, 0.02924, -0.00379, 0.13945, 0.06211, -0.00946, 0.01840, 0.20381, 0.03963, 0.00557, 0.00538 
47580.0, 17.15664, 0.24713, 2.23722, 13.41898, 0.00112, 0.28083, 4.54805, -0.00008, 0.56285, 0.56612, 0.69915, 1.70808, 0.07634, -0.01747, 1.00399, 0.32369, 0.00461, 0.04971, 0.29264, 0.06422, 0.01421, 0.00419 
47640.0, 15.46090, 0.26846, 2.43874, 6.65503, 0.00723, 0.35034, 5.62907, 0.01953, 0.44852, 0.60245, 0.18386, 0.39115, 0.01983, 0.04370, 0.24512, 0.10240, 0.00135, 0.04616, 0.34966, 0.11069, 0.01077, 0.01638 
47700.0, 14.91955, 0.28471, 2.23179, 5.78632, 0.00460, 0.30315, 5.09227, -0.00009, 0.49382, 0.57226, 0.15572, 0.33391, 0.00102, 0.01436, 0.23899, 0.09469, -0.00567, 0.05908, 0.25420, 0.12805, 0.00878, 0.01614 
47760.0, 20.68154, 0.27533, 3.15272, 10.43421, 0.01455, 0.43824, 6.27131, 0.01108, 0.46481, 0.63433, 0.11676, 0.50898, 0.04792, -0.02587, 0.29183, 0.13130, 0.00036, 0.05341, 0.27517, 0.13366, 0.02886, 0.01566 
47820.0, 19.72576, 0.28114, 3.17784, 10.67460, 0.00869, 0.39785, 6.17833, -0.00009, 0.53830, 0.66990, 0.27116, 0.50882, -0.00688, 0.05902, 0.32040, 0.15263, 0.00625, 0.09139, 0.25385, 0.11963, 0.02246, 0.02203 
47880.0, 19.71583, 0.27672, 2.74187, 8.77627, 0.00572, 0.37948, 5.74609, -0.00009, 0.49846, 0.62012, 0.32366, 0.44440, 0.05282, 0.09372, 0.28961, 0.12534, 0.00762, 0.09543, 0.24367, 0.11717, 0.02071, 0.01769 
47940.0, 20.73311, 0.28085, 3.57827, 12.11527, 0.00699, 0.46654, 6.37148, -0.00009, 0.65858, 0.67865, 0.17392, 0.55348, 0.04942, 0.00826, 0.35692, 0.15293, 0.02666, 0.08285, 0.32387, 0.11641, 0.02853, 0.05087 
48000.0, 22.12700, 0.29756, 3.69071, 15.02501, 0.00955, 0.43153, 6.35913, 0.03072, 0.60058, 0.68209, 0.36871, 0.94177, 0.06051, -0.00776, 0.61485, 0.23308, 0.01899, 0.09809, 0.35384, 0.10413, 0.02819, 0.05245 
48060.0, 18.02887, 0.27421, 3.50384, 10.33146, 0.00503, 0.52906, 5.93875, 0.01475, 0.49888, 0.71279, 0.18679, 0.53661, -0.00689, 0.01406, 0.38652, 0.18068, -0.00760, 0.08181, 0.30890, 0.15663, 0.02571, 0.04207 
48120.0, 19.46921, 0.24397, 3.43477, 10.44562, 0.00312, 0.67587, 5.93743, 0.00357, 0.34346, 0.76741, 0.18306, 0.59488, 0.12561, 0.00629, 0.35961, 0.17550, 0.01025, 0.07606, 0.28588, 0.10685, 0.03770, 0.02221 
48180.0, 20.49977, 0.28247, 3.73600, 14.39579, 0.00585, 0.48220, 6.20283, 0.04150, 0.55045, 0.66339, 0.35864, 0.90097, 0.09579, 0.02099, 0.58557, 0.24081, -0.00376, 0.13993, 0.35061, 0.13399, 0.04166, 0.03797 
