CampaignData_and_Merges/R0/CSL_MobileLab_Parked/raw/20240720/USOS-NOAAIodideCIMS-HNO2_MobileLabGround_20240720_RA.ict
33, 1001
Michael A Robinson, Chris Jernigan, Subi Thakali
NOAA ESRL Chemical Sciences Laboratory and CIRES, U. of Colorado
NOAA Iodide CIMS Instrument
USOS
1, 1
2024, 07, 20, 2024, 07, 21
1
starttime_UTC, seconds_past_midnight, seconds_of_day_since_00:00:00_UTC
1
1
-9999
HNO2_NOAACIMS, pptv, Gas_HNO2_InSitu_S_AVMR, 
0
18
PI_CONTACT_INFO: 325 Broadway, R/CSD 7, Boulder, Colorado 80305; michael.a.robinson@noaa.gov; chris.jernigan@noaa.gov;
PLATFORM: NOAA CSL Mobile Lab
LOCATION: SLC, Utah
ASSOCIATED_DATA: 1Hz data also available on request.
INSTRUMENT_INFO: NOAA I- ToF CIMS
DATA_INFO: All data in parts per trillion by volume (pptv). 1 Hz data is available upon request.
UNCERTAINTY: TBD
ULOD_FLAG: -7777
ULOD_VALUE: N/A
LLOD_FLAG: -8888
LLOD_VALUE: N/A
DM_CONTACT_INFO: Nathan Howard; nathan.h.howard@noaa.gov
PROJECT_INFO: USOS, summer 2024. https://csl.noaa.gov/groups/csl7/measurements/2024usos/
STIPULATIONS_ON_USE: Users are strongly encouraged to contact the PI for proper data usage.
OTHER_COMMENTS: 
REVISION: RA
RA: Preliminary Data; For in-field use only
starttime_UTC, HNO2_NOAACIMS
[from data line 1052]
 63120, 32.788
 63180, 64.572
 63240, 122.298
 63300, 89.260
 63360, 68.962
 63420, 61.144
 63480, 73.392
 63540, 47.693
 63600, 29.384
 63660, 22.721
 63720, 35.669
 63780, 127.508
 63840, 78.027
 63900, 85.078
 63960, 42.448
 64020, 41.577
 64080, 48.919
 64140, 44.580
 64200, 30.696
 64260, 32.339
 64320, 34.063
 64380, 39.505
 64440, 29.466
 64500, 16.740
 64560, -9999.000
 64620, 38.764
 64680, 40.394
 64740, 40.326
 64800, 49.428
 64860, 42.880
 64920, 26.562
 64980, 28.250
 65040, 24.300
 65100, 23.153
 65160, 26.595
 65220, 20.476
 65280, 17.365
 65340, 17.790
 65400, 16.279
 65460, 18.513
 65520, 16.568
 65580, 25.473
 65640, 16.636
 65700, 25.144
 65760, 12.131
 65820, 25.343
 65880, 29.637
 65940, 30.431
 66000, 20.967
 66060, 26.126
 66120, 18.757
 66180, 21.501
 66240, 28.957
 66300, 24.944
 66360, 53.257
 66420, 30.272
 66480, 24.476
 66540, 24.962
 66600, 40.582
 66660, 35.159
 66720, 24.990
 66780, 30.819
 66840, 33.744
 66900, 12.655
 66960, 24.029
 67020, 23.828
 67080, 31.415
 67140, 30.193
 67200, 31.504
 67260, 25.384
 67320, 30.183
 67380, 30.624
 67440, 15.435
 67500, 22.734
 67560, 24.685
 67620, 13.880
 67680, 25.041
 67740, 21.978
 67800, 24.133
 67860, 31.565
 67920, 33.221
 67980, 22.848
 68040, 35.592
 68100, 26.415
 68160, 28.285
 68220, -9999.000
 68280, 16.655
 68340, 28.713
 68400, 22.321
 68460, 38.934
 68520, 24.431
 68580, 27.031
 68640, 22.851
 68700, 19.780
 68760, 29.854
 68820, 28.783
 68880, 23.214
 68940, 23.452
 69000, 20.673
 69060, 17.315
 69120, 21.289
 69180, 18.847
 69240, 18.284
 69300, 13.376
 69360, 16.415
 69420, 27.255
 69480, 20.451
 69540, 16.569
 69600, 17.136
 69660, 14.993
 69720, 12.170
 69780, 13.798
 69840, 20.870
 69900, 19.930
 69960, 17.060
 70020, 10.537
 70080, -9999.000
 70140, 58.218
 70200, 21.065
 70260, 20.656
 70320, 39.344
 70380, 14.150
 70440, 34.356
 70500, 21.483
 70560, 16.519
 70620, 10.221
 70680, 20.581
 70740, 17.635
 70800, 17.644
 70860, 17.049
 70920, 12.860
 70980, 15.344
 71040, 18.516
 71100, 10.306
 71160, 20.293
 71220, 18.173
 71280, 12.570
 71340, 22.050
 71400, 19.874
 71460, 19.646
 71520, 18.272
 71580, 15.177
 71640, 12.337
 71700, 12.941
 71760, 17.068
 71820, 16.164
 71880, 16.985
 71940, -9999.000
 72000, 21.448
 72060, 26.254
 72120, 11.799
 72180, 19.545
 72240, 32.145
 72300, 23.547
 72360, 22.054
 72420, 18.462
 72480, 19.479
 72540, 17.290
 72600, 20.034
 72660, 18.829
 72720, 20.899
 72780, 24.215
 72840, 14.935
 72900, 22.360
 72960, 10.424
 73020, 13.472
 73080, 29.680
 73140, 37.131
 73200, 21.541
 73260, 11.031
 73320, 18.146
 73380, 19.754
 73440, 15.256
 73500, 14.168
 73560, 12.384
 73620, 21.214
 73680, 28.141
 73740, 23.162
 73800, 26.223
 73860,  9.750
 73920, 16.951
 73980, 13.116
 74040, 12.278
 74100, 20.110
 74160, 24.236
 74220, 11.828
 74280, 18.016
 74340, 11.929
 74400, 23.268
 74460, 15.987
 74520, 10.845
 74580, 14.351
 74640, 10.295
 74700, 12.109
 74760, 23.199
 74820, 20.304
 74880, 10.148
 74940,  9.915
 75000, 23.262
 75060, 12.210
 75120,  9.421
 75180,  6.493
 75240,  8.386
 75300, 11.178
 75360, 11.202
 75420, 16.565
 75480, 19.183
 75540,  7.259
 75600, 21.624
 75660, 17.211
 75720, 17.259
 75780, 12.100
 75840, 13.552
 75900, 12.510
 75960, 17.881
 76020, 10.189
 76080, 13.060
 76140, 14.954
 76200, 14.658
 76260,  6.731
 76320,  6.193
 76380, 10.782
 76440,  6.012
 76500,  8.938
 76560, 10.044
 76620, 16.710
 76680, 14.691
 76740, 16.014
 76800, 19.244
 76860, 10.367
 76920,  7.640
 76980,  9.263
 77040, 10.343
 77100,  8.932
 77160,  7.569
 77220, 21.152
 77280, 21.027
 77340, 13.061
 77400,  6.080
 77460,  9.798
 77520, 18.614
 77580,  7.085
 77640, 15.367
 77700, 20.534
 77760, 17.367
 77820, 10.656
 77880, 11.955
 77940, 12.594
 78000, 13.594
 78060,  6.706
 78120, 10.674
 78180, 17.132
 78240, 23.363
 78300, 15.855
 78360, 17.836
 78420, 10.775
 78480, 10.575
 78540,  8.343
 78600, 12.912
 78660,  3.694
 78720,  7.075
 78780, 15.295
 78840,  9.243
 78900, 16.172
 78960, 10.450
 79020,  7.261
 79080,  6.871
 79140, 14.462
 79200, 10.000
 79260,  7.472
 79320, -9999.000
 79380,  8.666
 79440,  9.024
 79500, 10.925
 79560, 14.729
 79620,  2.340
 79680, 17.576
 79740,  8.216
 79800, 11.370
 79860, 12.346
 79920,  5.461
 79980,  8.527
 80040,  9.704
 80100,  9.575
 80160, 19.758
 80220, 20.070
 80280,  7.495
 80340,  6.829
 80400,  5.384
 80460,  5.756
 80520,  1.552
 80580,  2.512
 80640, 10.002
 80700, 11.860
 80760,  6.280
 80820,  2.924
 80880,  5.529
 80940, 10.025
 81000, 10.403
 81060,  5.650
 81120,  8.536
 81180, -9999.000
 81240, -2.100
 81300,  6.101
 81360,  3.515
 81420,  0.886
 81480,  3.798
 81540, -0.841
 81600,  0.576
 81660,  7.017
 81720,  8.116
 81780,  4.795
 81840,  5.864
 81900,  7.804
 81960, 10.344
 82020, 11.769
 82080,  5.367
 82140,  2.932
 82200,  2.783
 82260,  4.965
 82320,  5.098
 82380,  7.707
 82440,  8.880
 82500,  8.140
 82560,  2.484
 82620,  4.532
 82680,  4.585
 82740,  4.956
 82800,  4.946
 82860,  7.281
 82920, 10.131
 82980,  8.998
 83040, -9999.000
 83100,  5.268
 83160, 10.132
 83220,  1.746
 83280,  8.326
 83340, 18.702
 83400,  6.812
 83460,  8.668
 83520,  6.402
 83580, 10.547
 83640, 15.631
 83700,  5.203
 83760,  5.688
 83820, 12.299
 83880,  9.791
 83940, 13.952
 84000,  9.017
 84060,  4.470
 84120, 11.176
 84180,  2.361
 84240, 16.253
 84300, 13.582
 84360, 12.551
 84420,  9.192
 84480,  9.725
 84540, 12.063
 84600, 11.277
 84660,  7.017
 84720,  8.397
 84780, 11.850
 84840, 11.694
 84900,  5.828
 84960,  3.908
 85020, 10.988
 85080,  7.771
 85140,  7.010
 85200, 13.356
 85260, 17.180
 85320, 16.359
 85380, 12.223
 85440, 16.799
 85500,  8.293
 85560,  8.548
 85620,  3.686
 85680,  6.379
 85740,  7.204
 85800,  6.672
 85860,  9.883
 85920,  4.906
 85980,  9.587
 86040,  3.907
 86100,  6.917
 86160,  3.167
 86220,  6.080
 86280,  5.790
 86340,  8.652
