CampaignData_and_Merges/R0/CSL_MobileLab_Parked/raw/20240720/USOS-NOAAIodideCIMS-N2O5_MobileLabGround_20240720_RA.ict
33, 1001
Michael A Robinson, Chris Jernigan, Subi Thakali
NOAA ESRL Chemical Sciences Laboratory and CIRES, U. of Colorado
NOAA Iodide CIMS Instrument
USOS
1, 1
2024, 07, 20, 2024, 07, 21
1
starttime_UTC, seconds_past_midnight, seconds_of_day_since_00:00:00_UTC
1
1
-9999
N2O5_NOAACIMS, pptv, Gas_N2O5_InSitu_S_AVMR, 
0
18
PI_CONTACT_INFO: 325 Broadway, R/CSD 7, Boulder, Colorado 80305; michael.a.robinson@noaa.gov; chris.jernigan@noaa.gov;
PLATFORM: NOAA CSL Mobile Lab
LOCATION: SLC, Utah
ASSOCIATED_DATA: 1Hz data also available on request.
INSTRUMENT_INFO: NOAA I- ToF CIMS
DATA_INFO: All data in parts per trillion by volume (pptv). 1 Hz data is available upon request.
UNCERTAINTY: TBD
ULOD_FLAG: -7777
ULOD_VALUE: N/A
LLOD_FLAG: -8888
LLOD_VALUE: N/A
DM_CONTACT_INFO: Nathan Howard; nathan.h.howard@noaa.gov
PROJECT_INFO: USOS, summer 2024. https://csl.noaa.gov/groups/csl7/measurements/2024usos/
STIPULATIONS_ON_USE: Users are strongly encouraged to contact the PI for proper data usage.
OTHER_COMMENTS: 
REVISION: RA
RA: Preliminary Data; For in-field use only
starttime_UTC, N2O5_NOAACIMS
     0, -9999.000
    60, -9999.000
   120, -9999.000
   180, -9999.000
   240, -9999.000
   300, -9999.000
   360, -9999.000
   420, -9999.000
   480, -9999.000
   540, -9999.000
   600, -9999.000
   660, -9999.000
   720, -9999.000
   780, -9999.000
   840, -9999.000
   900, -9999.000
   960, -9999.000
  1020, -9999.000
  1080, -9999.000
  1140, -9999.000
  1200, -9999.000
  1260, -9999.000
  1320, -9999.000
  1380, -9999.000
  1440, -9999.000
  1500, -9999.000
  1560, -9999.000
  1620, -9999.000
  1680, -9999.000
  1740, -9999.000
  1800, -9999.000
  1860, -9999.000
  1920, -9999.000
  1980, -9999.000
  2040, -9999.000
  2100, -9999.000
  2160, -9999.000
  2220, -9999.000
  2280, -9999.000
  2340, -9999.000
  2400, -9999.000
  2460, -9999.000
  2520, -9999.000
  2580, -9999.000
  2640, -9999.000
  2700, -9999.000
  2760, -9999.000
  2820, -9999.000
  2880, -9999.000
  2940, -9999.000
  3000, -9999.000
  3060, -9999.000
  3120, -9999.000
  3180, -9999.000
  3240, -9999.000
  3300, -9999.000
  3360, -9999.000
  3420, -9999.000
  3480, -9999.000
  3540, -9999.000
  3600, -9999.000
  3660, -9999.000
  3720, -9999.000
  3780, -9999.000
  3840, -9999.000
  3900, -9999.000
  3960, -9999.000
  4020, -9999.000
  4080, -9999.000
  4140, -9999.000
  4200, -9999.000
  4260, -9999.000
  4320, -9999.000
  4380, -9999.000
  4440, -9999.000
  4500, -9999.000
  4560, -9999.000
  4620, -9999.000
  4680, -9999.000
  4740, -9999.000
  4800, -9999.000
  4860, -9999.000
  4920, -9999.000
  4980, -9999.000
  5040, -9999.000
  5100, -9999.000
  5160, -9999.000
  5220, -9999.000
  5280, -9999.000
  5340, -9999.000
  5400, -9999.000
  5460, -9999.000
  5520, -9999.000
  5580, -9999.000
  5640, -9999.000
  5700, -9999.000
  5760,  1.516
  5820,  1.507
  5880,  1.657
  5940,  1.674
  6000,  1.527
  6060,  1.835
  6120,  1.710
  6180,  1.973
  6240,  1.725
  6300,  1.948
  6360,  1.824
  6420,  2.139
  6480,  1.747
  6540,  2.088
  6600,  1.830
  6660,  1.755
  6720,  2.051
  6780,  1.778
  6840,  1.570
  6900,  1.750
  6960,  1.747
  7020,  1.812
  7080,  1.793
  7140,  1.942
  7200,  1.496
  7260, -9999.000
  7320,  1.728
  7380,  2.295
  7440,  1.985
  7500,  1.881
  7560,  1.828
  7620,  2.053
  7680,  1.822
  7740,  2.505
  7800,  2.246
  7860,  2.547
  7920,  2.354
  7980,  2.121
  8040,  2.114
  8100,  2.291
  8160,  2.209
  8220,  2.995
  8280,  2.638
  8340,  2.830
  8400,  3.092
  8460,  3.030
  8520,  2.700
  8580,  2.231
  8640,  1.935
  8700,  2.327
  8760,  2.542
  8820,  3.175
  8880,  2.682
  8940,  2.855
  9000,  2.563
  9060,  2.349
  9120, -9999.000
  9180,  1.899
  9240,  2.178
  9300,  2.244
  9360,  3.006
  9420,  3.106
  9480,  2.905
  9540,  1.684
  9600,  1.770
  9660,  1.335
  9720,  1.253
  9780,  1.532
  9840,  1.832
  9900,  1.835
  9960,  1.879
 10020,  1.195
 10080,  0.932
 10140,  1.068
 10200,  0.644
 10260,  0.578
 10320,  0.529
 10380,  0.583
 10440,  0.672
 10500,  0.856
 10560,  0.678
 10620,  0.805
 10680,  0.500
 10740,  0.642
 10800,  0.720
 10860,  0.785
 10920,  0.842
 10980,  0.403
 11040,  0.690
 11100,  1.094
 11160,  0.948
 11220,  0.763
 11280,  0.599
 11340,  0.472
 11400,  0.512
 11460,  0.483
 11520,  0.536
 11580,  0.584
 11640,  0.868
 11700,  0.817
 11760,  0.833
 11820,  0.775
 11880,  0.887
 11940,  0.598
 12000,  0.570
 12060,  0.714
 12120,  0.906
 12180,  1.001
 12240,  1.202
 12300,  0.993
 12360,  1.104
 12420,  1.170
 12480,  1.055
 12540,  1.009
 12600,  1.110
 12660,  1.290
 12720,  1.553
 12780,  0.951
 12840,  1.391
 12900,  1.533
 12960,  1.300
 13020,  1.723
 13080,  2.172
 13140,  2.028
 13200,  2.220
 13260,  1.810
 13320,  1.498
 13380,  1.292
 13440,  1.369
 13500,  1.394
 13560,  1.453
 13620,  0.788
 13680,  0.680
 13740,  0.697
 13800,  0.733
 13860,  0.654
 13920,  0.604
 13980,  0.405
 14040,  0.548
 14100,  0.380
 14160,  0.509
 14220,  0.547
 14280,  0.556
 14340,  0.643
 14400,  0.567
 14460,  0.845
 14520,  1.090
 14580,  0.723
 14640,  0.736
 14700,  0.834
 14760,  0.746
 14820,  0.613
 14880,  0.583
 14940,  0.580
 15000,  0.584
 15060,  1.021
 15120,  0.752
 15180,  0.693
 15240,  0.689
 15300,  0.749
 15360,  0.560
 15420,  1.015
 15480,  0.989
 15540,  1.134
 15600,  1.012
 15660,  0.981
 15720,  1.126
 15780,  0.853
 15840,  0.930
 15900,  1.120
 15960,  0.729
 16020,  0.700
 16080,  1.167
 16140,  0.834
 16200,  0.902
 16260,  0.735
 16320,  0.646
 16380,  0.532
 16440,  0.652
 16500, -9999.000
 16560,  0.850
 16620,  1.058
 16680,  1.323
 16740,  1.382
 16800,  1.087
 16860,  1.061
 16920,  0.932
 16980,  0.824
 17040,  0.989
 17100,  1.040
 17160,  0.966
 17220,  1.599
 17280,  2.130
 17340,  1.883
 17400,  2.224
 17460,  2.075
 17520,  2.199
 17580,  1.877
 17640,  1.510
 17700,  1.669
 17760,  1.617
 17820,  1.865
 17880,  1.585
 17940,  2.395
 18000,  1.835
 18060,  1.779
 18120,  1.410
 18180,  1.297
 18240,  1.587
 18300,  1.221
 18360,  2.617
 18420,  1.774
 18480,  2.633
 18540,  2.754
 18600,  2.000
 18660,  2.196
 18720,  1.731
 18780,  2.290
 18840,  2.813
 18900,  3.775
 18960,  3.631
 19020,  3.026
 19080,  2.863
 19140,  2.038
 19200,  2.384
 19260,  2.898
 19320,  2.816
 19380,  2.312
 19440,  2.619
 19500,  3.662
 19560,  4.557
 19620,  3.291
 19680,  3.534
 19740,  2.381
 19800,  2.165
 19860,  2.589
 19920,  2.104
 19980,  1.908
 20040,  1.835
 20100,  1.808
 20160,  2.103
 20220, -9999.000
 20280,  1.283
 20340,  1.947
 20400,  1.799
 20460,  1.959
 20520,  1.862
 20580,  2.114
 20640,  2.081
 20700,  2.270
 20760,  2.173
 20820,  2.137
 20880,  2.024
 20940,  1.908
 21000,  2.278
 21060,  1.914
 21120,  2.124
 21180,  1.827
 21240,  2.204
 21300,  1.956
 21360,  1.708
 21420,  1.654
 21480,  1.945
 21540,  2.142
 21600,  1.852
 21660,  1.745
 21720,  1.384
 21780,  1.605
 21840,  1.843
 21900,  1.769
 21960,  2.135
 22020,  1.521
 22080,  2.588
 22140,  2.190
 22200,  2.082
 22260,  2.403
 22320,  1.910
 22380,  1.793
 22440,  1.697
 22500,  1.180
 22560,  1.436
 22620,  1.378
 22680,  1.187
 22740,  1.262
 22800,  1.092
 22860,  1.231
 22920,  1.293
 22980,  1.232
 23040,  1.334
 23100,  1.226
 23160,  1.190
 23220,  1.299
 23280,  1.252
 23340,  1.216
 23400,  1.169
 23460,  1.277
 23520,  1.556
 23580,  1.208
 23640,  0.858
 23700,  1.272
 23760,  1.484
 23820,  1.644
 23880, -9999.000
 23940,  1.692
 24000,  2.024
 24060,  1.622
 24120,  1.603
 24180,  1.401
 24240,  1.559
 24300,  1.445
 24360,  1.421
 24420,  1.637
 24480,  1.379
 24540,  1.316
 24600,  1.354
 24660,  1.241
 24720,  1.132
 24780,  1.089
 24840,  0.975
 24900,  1.522
 24960,  1.344
 25020,  1.522
 25080,  1.534
 25140,  1.140
 25200,  1.199
 25260,  1.331
 25320,  1.340
 25380,  1.267
 25440,  1.604
 25500,  1.802
 25560,  2.700
 25620,  3.095
 25680,  4.184
 25740, -9999.000
 25800,  2.629
 25860,  2.223
 25920,  1.733
 25980,  2.017
 26040,  2.303
 26100,  1.485
 26160,  1.312
 26220,  1.550
 26280,  2.028
 26340,  2.111
 26400,  1.820
 26460,  2.091
 26520,  1.874
 26580,  1.618
 26640,  1.387
 26700,  1.375
 26760,  2.019
 26820,  1.712
 26880,  1.700
 26940,  1.866
 27000,  1.617
 27060,  1.579
 27120,  1.731
 27180,  1.608
 27240,  1.434
 27300,  1.549
 27360,  1.574
 27420,  1.601
 27480,  2.221
 27540,  2.011
 27600, -9999.000
 27660,  1.628
 27720,  1.562
 27780,  2.081
 27840,  1.544
 27900,  1.833
 27960,  1.882
 28020,  1.603
 28080,  2.352
 28140,  2.028
 28200,  1.836
 28260,  2.124
 28320,  1.762
 28380,  1.774
 28440,  1.904
 28500,  1.531
 28560,  1.521
 28620,  2.152
 28680,  1.851
 28740,  1.772
 28800,  1.577
 28860,  1.875
 28920,  1.458
 28980,  1.335
 29040,  1.375
 29100,  1.581
 29160,  1.585
 29220,  1.907
 29280,  1.876
 29340,  1.748
 29400,  1.810
 29460,  5.145
 29520,  7.138
 29580,  2.768
 29640,  1.793
 29700,  1.492
 29760,  1.745
 29820,  1.451
 29880,  1.543
 29940,  2.064
 30000,  2.052
 30060,  2.357
 30120,  1.988
 30180,  1.624
 30240,  2.421
 30300,  2.257
 30360,  1.703
 30420,  1.812
 30480,  1.890
 30540,  1.524
 30600,  2.245
 30660,  2.611
 30720,  2.871
 30780,  3.023
 30840,  3.136
 30900,  3.980
 30960,  3.652
 31020,  3.254
 31080,  3.066
 31140,  3.181
 31200,  3.373
 31260, -9999.000
 31320,  2.658
 31380,  3.258
 31440,  3.372
 31500,  3.165
 31560,  3.421
 31620,  3.234
 31680,  3.302
 31740,  5.187
 31800,  5.324
 31860,  5.140
 31920,  5.623
 31980,  4.849
 32040,  4.722
 32100,  4.262
 32160,  4.034
 32220,  4.084
 32280,  4.225
 32340,  4.394
 32400,  4.355
 32460,  4.800
 32520,  4.657
 32580,  4.796
 32640,  4.666
 32700,  5.066
 32760,  4.565
 32820,  4.948
 32880,  6.175
 32940,  5.797
 33000,  4.845
 33060,  5.110
 33120,  5.479
 33180,  5.224
 33240,  5.411
 33300,  4.686
 33360,  4.730
 33420,  5.230
 33480,  5.274
 33540,  5.204
 33600,  6.050
 33660,  6.368
 33720,  5.239
 33780,  4.194
 33840,  4.898
 33900,  6.388
 33960,  6.285
 34020,  5.456
 34080,  6.531
 34140,  6.418
 34200,  6.346
 34260,  5.936
 34320,  6.154
 34380,  5.989
 34440,  6.780
 34500,  6.474
 34560,  6.358
 34620,  6.017
 34680,  5.947
 34740,  5.461
 34800,  6.070
 34860,  4.788
 34920,  4.286
 34980, -9999.000
 35040,  4.159
 35100,  4.568
 35160,  5.110
 35220,  5.537
 35280,  5.488
 35340,  3.941
 35400,  3.952
 35460,  2.951
 35520,  3.025
 35580,  2.994
 35640,  3.869
 35700,  3.167
 35760,  3.601
 35820,  3.472
 35880,  3.531
 35940,  3.459
 36000,  4.399
 36060,  4.675
 36120,  5.820
 36180,  5.389
 36240,  3.713
 36300,  3.440
 36360,  4.423
 36420,  3.659
 36480,  2.665
 36540,  3.072
 36600,  3.195
 36660,  2.844
 36720,  3.366
 36780,  3.087
 36840,  2.708
 36900,  3.160
 36960,  3.013
 37020,  2.643
 37080,  3.268
 37140,  2.776
 37200,  2.311
 37260,  2.721
 37320,  2.424
 37380,  2.801
 37440,  3.171
 37500,  2.828
 37560,  2.850
 37620,  2.916
 37680,  3.061
 37740,  3.468
 37800,  3.496
 37860,  3.245
 37920,  3.545
 37980,  3.538
 38040,  3.630
 38100,  3.409
 38160,  3.322
 38220,  3.188
 38280,  3.485
 38340,  3.612
 38400,  3.215
 38460,  3.482
 38520,  3.379
 38580,  3.720
 38640,  4.808
 38700, -9999.000
 38760,  3.814
 38820,  3.827
 38880,  3.359
 38940,  3.581
 39000,  3.847
 39060,  3.588
 39120,  3.442
 39180,  3.523
 39240,  4.846
 39300,  4.972
 39360,  5.714
 39420,  4.211
 39480,  5.066
 39540,  5.320
 39600,  4.601
 39660,  5.022
 39720,  5.132
 39780,  4.821
 39840,  5.998
 39900,  6.741
 39960,  5.748
 40020,  3.802
 40080,  4.174
 40140,  4.437
 40200,  4.720
 40260,  4.225
 40320,  4.320
 40380,  4.042
 40440,  4.325
 40500,  3.282
 40560,  4.155
 40620,  3.816
 40680,  3.972
 40740,  4.310
 40800,  3.585
 40860,  4.452
 40920,  5.128
 40980,  4.055
 41040,  4.201
 41100,  5.665
 41160,  4.599
 41220,  5.075
 41280,  4.200
 41340,  3.815
 41400,  4.830
 41460,  4.759
 41520,  5.574
 41580,  6.527
 41640,  8.454
 41700, 10.221
 41760,  8.676
 41820, 10.479
 41880,  9.914
 41940,  9.987
 42000, 12.250
 42060, 11.570
 42120,  6.454
 42180, 10.545
 42240, 12.730
 42300, 10.706
 42360, -9999.000
 42420,  3.766
 42480,  3.850
 42540,  3.436
 42600,  3.229
 42660,  3.575
 42720,  3.859
 42780,  3.466
 42840,  3.213
 42900,  3.337
 42960,  4.013
 43020,  4.775
 43080,  5.828
 43140,  5.674
 43200,  4.741
 43260,  5.373
 43320,  6.447
 43380,  6.590
 43440,  5.202
 43500,  4.138
 43560,  4.519
 43620,  4.978
 43680,  6.622
 43740,  9.743
 43800,  8.486
 43860,  9.016
 43920,  6.327
 43980,  4.133
 44040,  3.834
 44100,  4.203
 44160,  4.284
 44220, -9999.000
 44280,  3.998
 44340,  4.162
 44400,  4.534
 44460,  4.659
 44520,  4.107
 44580,  4.274
 44640,  3.895
 44700,  4.265
 44760,  4.233
 44820,  4.288
 44880,  4.320
 44940,  4.000
 45000,  3.924
 45060,  4.707
 45120,  4.484
 45180,  4.522
 45240,  3.870
 45300,  3.144
 45360,  3.342
 45420,  3.276
 45480,  3.285
 45540,  3.346
 45600,  3.353
 45660,  3.203
 45720,  3.650
 45780,  4.642
 45840,  5.072
 45900,  4.908
 45960,  4.700
 46020,  4.663
 46080, -9999.000
 46140,  6.147
 46200,  6.463
 46260,  4.646
 46320,  4.766
 46380,  4.577
 46440,  4.998
 46500,  4.828
 46560,  6.125
 46620,  6.419
 46680,  5.394
 46740,  4.315
 46800, -9999.000
 46860, -9999.000
 46920, -9999.000
 46980, -9999.000
 47040, -9999.000
 47100, -9999.000
 47160, -9999.000
 47220, -9999.000
 47280, -9999.000
 47340, -9999.000
 47400, -9999.000
 47460, -9999.000
 47520, -9999.000
 47580, -9999.000
 47640, -9999.000
 47700, -9999.000
 47760, -9999.000
 47820, -9999.000
 47880, -9999.000
 47940, -9999.000
 48000, -9999.000
 48060, -9999.000
 48120, -9999.000
 48180, -9999.000
 48240, -9999.000
 48300, -9999.000
 48360, -9999.000
 48420, -9999.000
 48480, -9999.000
 48540, -9999.000
 48600, -9999.000
 48660, -9999.000
 48720, -9999.000
 48780, -9999.000
 48840, -9999.000
 48900, -9999.000
 48960, -9999.000
 49020, -9999.000
 49080, -9999.000
 49140, -9999.000
 49200, -9999.000
 49260, -9999.000
 49320, -9999.000
 49380, -9999.000
 49440, -9999.000
 49500, -9999.000
 49560, -9999.000
 49620, -9999.000
 49680, -9999.000
 49740, -9999.000
 49800, -9999.000
 49860, -9999.000
 49920, -9999.000
 49980, -9999.000
 50040, -9999.000
 50100, -9999.000
 50160, -9999.000
 50220, -9999.000
 50280, -9999.000
 50340, -9999.000
 50400, -9999.000
 50460, -9999.000
 50520, -9999.000
 50580, -9999.000
 50640, -9999.000
 50700, -9999.000
 50760, -9999.000
 50820, -9999.000
 50880, -9999.000
 50940, -9999.000
 51000, -9999.000
 51060, -9999.000
 51120, -9999.000
 51180, -9999.000
 51240, -9999.000
 51300, -9999.000
 51360, -9999.000
 51420, -9999.000
 51480, -9999.000
 51540, -9999.000
 51600, -9999.000
 51660, -9999.000
 51720, -9999.000
 51780, -9999.000
 51840, -9999.000
 51900, -9999.000
 51960, -9999.000
 52020, -9999.000
 52080, -9999.000
 52140, -9999.000
 52200, -9999.000
 52260, -9999.000
 52320, -9999.000
 52380, -9999.000
 52440, -9999.000
 52500, -9999.000
 52560, -9999.000
 52620, -9999.000
 52680, -9999.000
 52740, -9999.000
 52800, -9999.000
 52860, -9999.000
 52920, -9999.000
 52980, -9999.000
 53040, -9999.000
 53100, -9999.000
 53160, -9999.000
 53220, -9999.000
 53280, -9999.000
 53340, -9999.000
 53400, -9999.000
 53460, -9999.000
 53520, -9999.000
 53580, -9999.000
 53640, -9999.000
 53700, -9999.000
 53760, -9999.000
 53820, -9999.000
 53880, -9999.000
 53940, -9999.000
 54000, -9999.000
 54060, -9999.000
 54120, -9999.000
 54180, -9999.000
 54240, -9999.000
 54300, -9999.000
 54360, -9999.000
 54420, -9999.000
 54480, -9999.000
 54540, -9999.000
 54600, -9999.000
 54660, -9999.000
 54720, -9999.000
 54780, -9999.000
 54840, -9999.000
 54900, -9999.000
 54960, -9999.000
 55020, -9999.000
 55080, -9999.000
 55140, -9999.000
 55200, -9999.000
 55260, -9999.000
 55320, -9999.000
 55380, -9999.000
 55440, -9999.000
 55500, -9999.000
 55560, -9999.000
 55620, -9999.000
 55680, -9999.000
 55740, -9999.000
 55800, -9999.000
 55860, -9999.000
 55920, -9999.000
 55980, -9999.000
 56040, -9999.000
 56100, -9999.000
 56160, -9999.000
 56220, -9999.000
 56280, -9999.000
 56340, -9999.000
 56400, -9999.000
 56460, -9999.000
 56520, -9999.000
 56580, -9999.000
 56640, -9999.000
 56700, -9999.000
 56760, -9999.000
 56820, -9999.000
 56880, -9999.000
 56940, -9999.000
 57000, -9999.000
 57060, -9999.000
 57120, -9999.000
 57180, -9999.000
 57240, -9999.000
 57300, -9999.000
 57360, -9999.000
 57420, -9999.000
 57480, -9999.000
 57540, -9999.000
 57600, -9999.000
 57660, -9999.000
 57720, -9999.000
 57780, -9999.000
 57840, -9999.000
 57900, -9999.000
 57960, -9999.000
 58020, -9999.000
 58080, -9999.000
 58140, -9999.000
 58200, -9999.000
 58260, -9999.000
 58320, -9999.000
 58380, -9999.000
 58440, -9999.000
 58500, -9999.000
 58560, -9999.000
 58620, -9999.000
 58680, -9999.000
 58740, -9999.000
 58800, -9999.000
 58860, -9999.000
 58920, -9999.000
 58980, -9999.000
 59040, -9999.000
 59100, -9999.000
 59160, -9999.000
 59220, -9999.000
 59280, -9999.000
 59340, -9999.000
 59400, -9999.000
 59460, -9999.000
 59520, -9999.000
 59580, -9999.000
 59640, -9999.000
 59700, -9999.000
 59760, -9999.000
 59820, -9999.000
 59880, -9999.000
 59940, -9999.000
