CampaignData_and_Merges/R0/CSL_MobileLab_Parked/raw/20240720/USOS-NOAAIodideCIMS-PANs_MobileLabGround_20240720_RA.ict
35, 1001
Michael A Robinson, Chris Jernigan, Subi Thakali
NOAA ESRL Chemical Sciences Laboratory and CIRES, U. of Colorado
NOAA Iodide CIMS Instrument
USOS
1, 1
2024, 07, 20, 2024, 07, 21
1
starttime_UTC, seconds_past_midnight, seconds_of_day_since_00:00:00_UTC
3
1, 1, 1
-9999, -9999, -9999
PAN_NOAACIMS, pptv, Gas_PAN_InSitu_S_AVMR, 
APAN_NOAACIMS, pptv, Gas_APAN_InSitu_S_AVMR, 
PPN_NOAACIMS, pptv, Gas_PPN_InSitu_S_AVMR, 
0
18
PI_CONTACT_INFO: 325 Broadway, R/CSD 7, Boulder, Colorado 80305; michael.a.robinson@noaa.gov; chris.jernigan@noaa.gov;
PLATFORM: NOAA CSL Mobile Lab
LOCATION: SLC, Utah
ASSOCIATED_DATA: 1Hz data also available on request.
INSTRUMENT_INFO: NOAA I- ToF CIMS
DATA_INFO: All data in parts per trillion by volume (pptv). 1 Hz data is available upon request.
UNCERTAINTY: TBD
ULOD_FLAG: -7777
ULOD_VALUE: N/A
LLOD_FLAG: -8888
LLOD_VALUE: N/A
DM_CONTACT_INFO: Nathan Howard; nathan.h.howard@noaa.gov
PROJECT_INFO: USOS, summer 2024. https://csl.noaa.gov/groups/csl7/measurements/2024usos/
STIPULATIONS_ON_USE: Users are strongly encouraged to contact the PI for proper data usage.
OTHER_COMMENTS: 
REVISION: RA
RA: Preliminary Data; For in-field use only
starttime_UTC, PAN_NOAACIMS, APAN_NOAACIMS, PPN_NOAACIMS
[from data line 818]
 49080, 298.279,  2.866, 27.362
 49140, 283.845,  3.469, 26.937
 49200, 284.265,  3.343, 25.946
 49260, 287.535,  2.667, 27.120
 49320, 284.708,  3.731, 27.532
 49380, 301.796,  3.051, 25.853
 49440, 303.886,  3.375, 26.502
 49500, 284.238,  3.091, 26.085
 49560, 241.060,  2.907, 22.530
 49620, 302.761,  2.771, 28.679
 49680, 314.117,  5.159, 27.630
 49740, -9999.000, -9999.000, -9999.000
 49800, 249.846,  2.155, 17.700
 49860, 243.616,  3.743, 21.272
 49920, 222.928,  2.812, 19.575
 49980, 239.048,  3.824, 19.472
 50040, 238.453,  2.972, 20.681
 50100, 232.800,  3.892, 19.675
 50160, 231.626,  2.344, 19.367
 50220, 292.650,  3.379, 24.030
 50280, 295.112,  2.914, 25.319
 50340, 282.743,  3.781, 23.087
 50400, 272.777,  2.324, 23.184
 50460, 280.787,  3.585, 24.294
 50520, 324.548,  4.224, 30.219
 50580, 315.747,  2.743, 27.410
 50640, 319.658,  2.774, 27.933
 50700, 335.987,  4.313, 31.761
 50760, 322.490,  3.967, 28.480
 50820, 315.208,  4.961, 27.869
 50880, 313.753,  3.490, 26.988
 50940, 330.626,  3.429, 27.747
 51000, 335.040,  4.172, 27.997
 51060, 328.106,  4.733, 26.920
 51120, 338.984,  4.894, 29.557
 51180, 339.073,  4.431, 30.598
 51240, 330.026,  3.542, 28.345
 51300, 322.725,  3.790, 25.355
 51360, 314.660,  3.803, 25.607
 51420, 323.142,  3.667, 26.928
 51480, 305.329,  4.025, 24.935
 51540, 302.889,  3.218, 21.955
 51600, 309.777, -0.316, 23.681
 51660, 297.130,  5.977, 20.453
 51720, -9999.000, -9999.000, -9999.000
 51780, -9999.000, -9999.000, -9999.000
 51840, -9999.000, -9999.000, -9999.000
 51900, -9999.000, -9999.000, -9999.000
 51960, -9999.000, -9999.000, -9999.000
 52020, -9999.000, -9999.000, -9999.000
 52080, -9999.000, -9999.000, -9999.000
 52140, -9999.000, -9999.000, -9999.000
 52200, -9999.000, -9999.000, -9999.000
 52260, 493.498,  4.378, 40.780
 52320, 389.420,  3.589, 29.127
 52380, 383.250,  4.181, 29.319
 52440, 387.594,  5.708, 29.796
 52500, 382.650,  4.022, 27.781
 52560, 363.329,  3.729, 27.825
 52620, 383.609,  3.356, 28.485
 52680, 388.148,  3.214, 30.573
 52740, 392.388,  4.113, 29.968
 52800, 382.380,  4.599, 30.670
 52860, 386.349,  4.149, 28.809
 52920, 391.682,  4.745, 29.116
 52980, 388.236,  3.661, 29.638
 53040, 386.465,  3.553, 28.956
 53100, 391.634,  4.344, 29.987
 53160, 388.271,  4.133, 28.326
 53220, 382.865,  5.143, 29.043
 53280, 383.877,  4.385, 29.292
 53340, 377.933,  4.607, 28.430
 53400, 388.606,  3.178, 29.918
 53460, -9999.000, -9999.000, -9999.000
 53520, 366.085,  4.022, 26.551
 53580, 375.037,  2.736, 28.396
 53640, 375.936,  3.484, 28.509
 53700, 372.805,  4.106, 27.573
 53760, 373.939,  3.173, 28.208
 53820, 375.537,  4.001, 28.895
 53880, 372.817,  3.992, 27.796
 53940, 379.296,  3.453, 29.406
 54000, 370.432,  3.250, 29.124
 54060, 379.697,  3.289, 29.203
 54120, 381.448,  3.850, 30.014
 54180, 375.263,  3.872, 30.895
 54240, 363.492,  2.317, 28.573
 54300, 369.988,  3.909, 28.947
 54360, 374.285,  3.684, 29.151
 54420, 364.679,  3.117, 28.639
 54480, 368.988,  3.445, 29.721
 54540, 366.667,  3.877, 27.010
 54600, 365.040,  3.154, 29.295
 54660, 361.878,  4.329, 29.117
 54720, 366.162,  3.942, 28.890
 54780, 365.095,  3.526, 28.150
 54840, 372.927,  3.616, 29.709
 54900, 366.661,  3.257, 31.130
 54960, 362.382,  3.900, 28.052
 55020, 363.272,  3.592, 29.052
 55080, 362.754,  4.387, 28.574
 55140, 371.910,  2.779, 28.625
 55200, 364.037,  3.761, 28.867
 55260, 355.380,  3.286, 29.269
 55320, 350.451,  4.122, 31.423
 55380, 359.705,  4.408, 29.682
 55440, 360.449,  4.032, 28.339
 55500, 369.859,  3.821, 29.092
 55560, 361.184,  4.128, 29.578
 55620, 366.787,  4.387, 28.954
 55680, 360.684,  3.566, 29.663
 55740, 369.221,  3.513, 27.230
 55800, 370.395,  4.247, 30.266
 55860, 365.998,  4.389, 29.479
 55920, 361.972,  4.091, 28.543
 55980, 357.080,  3.634, 28.061
 56040, 351.404,  3.260, 27.087
 56100, 348.659,  3.692, 27.089
 56160, 360.285,  4.272, 26.728
 56220, 341.447,  3.475, 27.061
 56280, 349.348,  3.721, 27.332
 56340, 353.400,  3.952, 27.508
 56400, 361.691,  2.963, 29.284
 56460, 353.825,  3.147, 28.454
 56520, 347.476,  4.610, 28.275
 56580, 342.730,  3.219, 26.588
 56640, 344.540,  4.460, 26.916
 56700, 347.115,  4.097, 29.023
 56760, 342.950,  3.199, 28.081
 56820, 335.506,  4.238, 25.876
 56880, 331.709,  3.109, 26.074
 56940, 341.293,  4.175, 27.958
 57000, 331.221,  4.085, 27.572
 57060, 338.293,  3.807, 28.795
 57120, 329.445,  4.122, 21.403
 57180, 351.256,  5.792, 24.172
 57240, 343.988,  3.550, 27.825
 57300, 337.125,  2.815, 27.255
 57360, 338.950,  3.731, 28.415
 57420, 339.186,  4.101, 27.771
 57480, 349.894,  3.480, 28.759
 57540, 340.809,  4.355, 26.949
 57600, 337.186,  4.259, 25.890
 57660, 341.065,  5.389, 28.260
 57720, 333.751,  3.798, 26.732
 57780, 338.960,  3.560, 29.215
 57840, 336.603,  3.622, 25.748
 57900, 334.260,  3.842, 27.905
 57960, 324.191,  3.517, 25.517
 58020, 324.084,  2.339, 26.717
 58080, 336.450,  3.723, 25.952
 58140, 335.432,  3.917, 27.167
 58200, 330.051,  3.319, 25.985
 58260, 325.431,  3.319, 26.300
 58320, 328.373,  3.921, 25.773
 58380, 318.334,  3.930, 23.953
 58440, 315.807,  3.784, 24.992
 58500, 315.626,  4.224, 24.468
 58560, 311.965,  3.330, 24.787
 58620, 314.318,  3.365, 24.043
 58680, 311.406,  4.612, 24.502
 58740, 323.611,  3.939, 24.943
 58800, 314.926,  3.803, 25.098
 58860, 307.601,  3.537, 26.767
 58920, 322.459,  2.978, 26.698
 58980, 317.951,  4.204, 27.528
 59040, 310.915,  2.671, 21.336
 59100, 315.711,  3.041, 24.172
 59160, 319.649,  3.845, 26.090
 59220, 308.473,  4.177, 24.389
 59280, 305.039,  4.136, 24.215
 59340, 317.458,  3.038, 25.287
 59400, 308.675,  3.094, 24.016
 59460, 294.715,  3.438, 23.114
 59520, 300.867,  3.392, 22.877
 59580, 295.946,  4.781, 21.258
 59640, 299.719,  3.516, 23.426
 59700, 289.572,  3.518, 24.054
 59760, 291.463,  2.575, 24.912
 59820, 287.196,  3.388, 22.694
 59880, 294.102,  2.922, 23.598
 59940, 291.569,  3.118, 21.988
 60000, 289.767,  3.744, 24.843
 60060, 282.831,  3.170, 23.223
 60120, 282.201,  3.048, 23.251
 60180, 285.326,  3.052, 22.634
 60240, 282.326,  2.699, 23.014
 60300, 287.282,  4.151, 24.697
 60360, 280.289,  3.135, 23.856
 60420, 286.474,  3.616, 21.654
 60480, 289.406,  4.256, 20.825
 60540, 300.443,  3.553, 25.769
 60600, 298.350,  3.102, 23.872
 60660, 286.473,  4.214, 23.582
 60720, 290.715,  2.460, 24.060
 60780, 276.871,  3.803, 21.303
 60840, -9999.000, -9999.000, -9999.000
 60900, 295.169,  3.749, 22.144
 60960, 315.148,  2.975, 24.487
 61020, 309.970,  3.964, 25.575
 61080, 311.910,  3.888, 25.268
 61140, 308.505,  3.873, 25.815
 61200, 310.450,  4.249, 24.466
 61260, 311.043,  4.290, 25.443
 61320, 309.403,  3.824, 24.749
 61380, 323.105,  3.000, 25.585
 61440, 351.118,  3.218, 27.839
 61500, 370.203,  3.870, 31.566
 61560, 362.791,  3.519, 31.265
 61620, 371.892,  3.228, 25.390
 61680, 371.830,  3.199, 29.478
 61740, 362.098,  4.666, 29.676
 61800, 364.145,  4.757, 28.975
 61860, 376.369,  4.269, 29.585
 61920, 381.584,  4.874, 30.360
 61980, 407.296,  5.903, 32.352
 62040, 409.084,  5.992, 32.816
 62100, 400.780,  4.683, 31.127
 62160, 375.257,  4.798, 24.737
 62220, 396.654,  4.766, 31.792
 62280, 395.101,  5.449, 32.938
 62340, 408.411,  5.817, 31.648
 62400, 433.345,  6.393, 36.377
 62460, 406.369,  4.352, 34.184
 62520, 446.137,  4.956, 38.422
 62580, 472.023,  6.638, 43.603
 62640, 473.084,  7.055, 42.426
 62700, -9999.000, -9999.000, -9999.000
 62760, 562.235,  6.450, 61.771
 62820, 651.273,  7.241, 72.941
 62880, 716.910,  8.031, 82.265
 62940, 775.468,  7.939, 90.325
 63000, 797.590,  8.579, 94.742
 63060, 787.324,  6.647, 91.405
 63120, 813.059,  7.166, 99.083
 63180, 751.643,  6.770, 91.294
 63240, 671.531,  4.863, 83.031
 63300, 662.962,  5.434, 81.808
 63360, 724.263,  4.937, 86.335
 63420, 735.220,  6.916, 90.889
 63480, 703.288,  6.726, 84.686
 63540, 625.056,  4.423, 72.965
 63600, 571.020,  4.640, 62.900
 63660, 598.159,  5.497, 65.542
 63720, 665.724,  5.507, 81.380
 63780, 579.112,  4.624, 71.688
 63840, 638.850,  4.242, 78.652
 63900, 635.834,  4.819, 73.937
 63960, 725.204,  5.629, 82.223
 64020, 721.857,  4.578, 83.575
 64080, 724.945,  5.197, 84.010
 64140, 702.827,  5.635, 81.704
 64200, 683.838,  4.041, 76.188
 64260, 693.134,  5.165, 75.820
 64320, 681.677,  5.080, 76.511
 64380, 680.060,  5.362, 73.286
 64440, 668.637,  4.503, 74.489
 64500, 693.926,  3.109, 74.529
 64560, -9999.000, -9999.000, -9999.000
 64620, 731.768,  5.040, 79.873
 64680, 707.280,  4.776, 74.948
 64740, 681.469,  5.329, 70.143
 64800, 620.252,  5.597, 64.399
 64860, 584.602,  4.507, 58.800
 64920, 561.926,  4.831, 53.447
 64980, 530.575,  4.680, 49.925
 65040, 531.230,  4.721, 48.689
 65100, 567.125,  4.175, 53.414
 65160, 617.547,  4.565, 60.022
 65220, 617.306,  5.084, 59.522
 65280, 517.901,  3.799, 44.858
 65340, 535.800,  4.436, 47.717
 65400, 566.306,  4.268, 55.383
 65460, 544.394,  3.890, 51.112
 65520, 556.862,  4.818, 53.269
 65580, 585.237,  6.151, 58.798
 65640, 645.728,  3.987, 65.242
 65700, 618.129,  5.565, 63.105
 65760, 574.040,  5.081, 55.677
 65820, 573.583,  4.148, 58.990
 65880, 579.703,  3.974, 57.847
 65940, 602.391,  6.088, 61.127
 66000, 642.263,  4.992, 67.728
 66060, 648.309,  5.762, 68.833
 66120, 697.442,  4.684, 80.927
 66180, 772.295,  5.838, 96.738
 66240, 842.957,  6.406, 108.414
 66300, 847.263,  6.265, 111.917
 66360, 816.841,  5.605, 103.846
 66420, 768.313,  5.404, 94.527
 66480, 781.308,  5.368, 96.842
 66540, 820.524,  6.072, 107.172
 66600, 865.979,  5.479, 115.520
 66660, 1008.863,  6.513, 139.062
 66720, 1008.738,  6.506, 140.956
 66780, 943.386,  4.764, 133.381
 66840, 958.516,  6.379, 133.014
 66900, 1054.493,  7.028, 155.017
 66960, 1165.891,  6.709, 175.023
 67020, 1205.735,  6.448, 181.486
 67080, 1212.698,  6.896, 187.401
 67140, 1253.864,  6.393, 201.045
 67200, 1194.133,  5.685, 187.809
 67260, 1144.050,  6.680, 179.607
 67320, 1145.312,  5.555, 177.878
 67380, 1130.646,  5.411, 171.900
 67440, 927.462,  5.534, 137.569
 67500, 845.902,  5.638, 124.293
 67560, 875.905,  4.358, 125.860
 67620, 854.564,  5.500, 124.972
 67680, 874.467,  5.746, 121.018
 67740, 902.074,  5.577, 134.356
 67800, 931.402,  4.908, 139.084
 67860, 957.203,  4.915, 144.140
 67920, 978.386,  5.581, 152.708
 67980, 997.855,  4.165, 157.056
 68040, 978.740,  6.082, 154.476
 68100, 995.448,  4.758, 159.589
 68160, 1000.980,  5.906, 160.846
 68220, -9999.000, -9999.000, -9999.000
 68280, 835.569,  2.636, 130.708
 68340, 834.196,  5.825, 132.022
 68400, 901.899,  4.757, 143.110
 68460, 814.461,  6.226, 122.404
 68520, 860.091,  4.267, 133.966
 68580, 869.534,  4.489, 135.453
 68640, 887.837,  3.469, 137.240
 68700, 855.651,  5.137, 134.215
 68760, 843.570,  5.094, 129.364
 68820, 809.620,  4.197, 127.017
 68880, 767.628,  4.802, 115.800
 68940, 733.451,  3.510, 105.804
 69000, 705.712,  4.228, 101.565
 69060, 714.264,  3.171, 103.262
 69120, 706.742,  3.595, 102.738
 69180, 716.553,  2.674, 106.241
 69240, 724.969,  3.695, 104.660
 69300, 730.595,  3.025, 104.126
 69360, 711.837,  3.794, 102.173
 69420, 699.833,  3.533, 97.572
 69480, 667.014,  3.198, 94.548
 69540, 656.137,  3.513, 89.308
 69600, 642.651,  3.900, 88.185
 69660, 648.848,  3.423, 89.556
 69720, 652.668,  2.873, 89.290
 69780, 597.630,  3.677, 82.198
 69840, 586.040,  4.011, 78.105
 69900, 604.291,  3.186, 77.690
 69960, 599.707,  4.339, 78.274
 70020, 607.814,  3.638, 77.323
 70080, -9999.000, -9999.000, -9999.000
 70140, 557.093,  4.318, 69.950
 70200, 590.786,  3.396, 76.091
 70260, 585.684,  4.272, 76.712
 70320, 535.290,  3.671, 65.526
 70380, 544.429,  3.510, 64.217
 70440, 524.181,  2.875, 62.352
 70500, 554.923,  3.532, 68.086
 70560, 512.944,  2.806, 59.290
 70620, 498.374,  3.809, 56.856
 70680, 453.959,  3.045, 46.482
 70740, 458.381,  2.964, 44.079
 70800, 463.214,  2.653, 47.441
 70860, 477.410,  3.271, 46.989
 70920, 456.474,  3.339, 47.201
 70980, 465.458,  3.502, 47.893
 71040, 460.334,  3.416, 48.250
 71100, 497.673,  3.217, 54.454
 71160, 495.372,  2.691, 55.226
 71220, 468.465,  3.806, 51.489
 71280, 444.236,  2.910, 47.216
 71340, 440.606,  3.218, 45.896
 71400, 457.057,  2.620, 49.615
 71460, 478.053,  2.815, 52.804
 71520, 459.787,  2.771, 47.786
 71580, 457.280,  3.438, 47.445
 71640, 471.372,  3.055, 53.564
 71700, 468.217,  2.495, 51.809
 71760, 461.346,  3.707, 51.831
 71820, 426.530,  3.799, 42.915
 71880, 403.748,  4.019, 36.998
 71940, -9999.000, -9999.000, -9999.000
 72000, 404.499,  4.324, 31.076
 72060, 403.785,  3.563, 31.123
 72120, 413.957,  3.725, 36.581
 72180, 397.482,  3.078, 34.397
 72240, 392.078,  3.329, 34.235
 72300, 422.378,  3.026, 42.915
 72360, 442.027,  3.278, 50.059
 72420, 404.905,  3.096, 40.873
 72480, 397.555,  3.678, 39.411
 72540, 456.128,  4.138, 59.148
 72600, 474.670,  4.542, 65.684
 72660, 444.627,  3.856, 57.925
 72720, 431.267,  3.721, 55.638
 72780, 446.009,  3.199, 61.674
 72840, 417.017,  4.126, 52.971
 72900, 397.493,  3.228, 47.763
 72960, 329.563,  3.114, 33.704
 73020, 296.539,  3.519, 29.381
 73080, 298.844,  2.699, 30.252
 73140, 295.726,  2.879, 25.834
 73200, 295.413,  2.277, 28.364
 73260, 365.501,  2.951, 37.999
 73320, 374.364,  3.601, 41.468
 73380, 359.526,  3.431, 38.186
 73440, 363.124,  3.560, 35.005
 73500, 381.703,  3.025, 41.114
 73560, 371.439,  3.619, 36.880
 73620, 367.524,  3.685, 42.227
 73680, 362.048,  2.925, 35.985
 73740, 359.167,  3.730, 36.317
 73800, 352.973,  4.195, 34.793
 73860, 353.580,  3.602, 36.287
 73920, 357.152,  3.996, 38.051
 73980, 348.040,  2.452, 38.482
 74040, 343.361,  3.574, 36.193
 74100, 334.004,  4.071, 36.330
 74160, 322.798,  4.136, 33.533
 74220, 335.995,  4.148, 35.455
 74280, 331.260,  3.179, 33.830
 74340, 320.262,  2.399, 32.114
 74400, 293.993,  2.615, 25.396
 74460, 280.822,  2.530, 23.725
 74520, 284.903,  3.042, 22.794
 74580, 289.045,  1.822, 24.123
 74640, 295.537,  3.615, 25.591
 74700, 306.013,  4.014, 29.518
 74760, 292.172,  2.525, 26.471
 74820, 276.582,  3.471, 23.624
 74880, 290.335,  2.021, 20.349
 74940, 276.707,  2.153, 19.062
 75000, 273.158,  2.466, 18.154
 75060, 265.237,  3.728, 18.684
 75120, 248.799,  2.787, 17.290
 75180, 252.726,  2.296, 17.264
 75240, 260.800,  2.807, 19.201
 75300, 259.261,  3.097, 18.352
 75360, 256.652,  3.809, 22.759
 75420, 264.485,  2.548, 20.157
 75480, 258.365,  3.106, 20.206
 75540, 257.811,  2.825, 20.438
 75600, 282.352,  3.263, 22.919
 75660, 246.762,  0.118, 22.893
 75720, 248.793,  3.375, 17.107
 75780, 267.693,  2.712, 21.332
 75840, 271.402,  2.577, 23.527
 75900, 260.883,  2.724, 20.981
 75960, 249.143,  2.615, 18.901
 76020, 243.720,  2.099, 18.988
 76080, 242.029,  3.676, 20.087
 76140, 247.544,  2.648, 18.919
 76200, 234.760,  2.755, 17.764
 76260, 240.390,  2.700, 19.467
 76320, 246.486,  2.352, 18.864
 76380, 263.695,  2.864, 25.415
 76440, 274.524,  3.244, 24.615
 76500, 277.961,  2.628, 26.966
 76560, 253.767,  2.688, 22.250
 76620, 230.255,  2.367, 19.657
 76680, 225.590,  2.312, 18.697
 76740, 242.068,  2.533, 21.598
 76800, 266.424,  2.524, 27.804
 76860, 276.924,  2.449, 29.629
 76920, 293.017,  2.051, 32.767
 76980, 274.450,  2.273, 29.640
 77040, 273.692,  1.527, 27.900
 77100, 249.770,  2.224, 25.378
 77160, 217.299,  2.229, 19.239
 77220, 210.829,  1.692, 17.811
 77280, 208.503,  1.964, 16.758
 77340, 226.914,  1.993, 20.556
 77400, 248.610,  1.685, 24.136
 77460, 241.801,  3.186, 24.352
 77520, 260.242,  1.968, 24.705
 77580, 266.683,  2.506, 26.126
 77640, 267.471,  2.296, 26.741
 77700, 265.637,  2.028, 24.037
 77760, 268.710,  2.119, 26.024
 77820, 275.571,  1.323, 26.388
 77880, 262.810,  1.562, 22.841
 77940, 257.013,  2.834, 21.771
 78000, 261.866,  1.870, 24.329
 78060, 281.583,  1.659, 27.324
 78120, 270.811,  2.527, 24.905
 78180, 258.499,  2.140, 26.638
 78240, 253.349,  2.037, 25.387
 78300, 252.982,  1.872, 21.935
 78360, 248.330,  2.487, 21.949
 78420, 256.686,  2.256, 24.332
 78480, 248.650,  2.205, 22.913
 78540, 247.053,  2.293, 24.843
 78600, 242.627,  2.861, 22.268
