CampaignData_and_Merges/R0/CSL_MobileLab_Parked/raw/20240720/USOS-NOy-LIF_MobileLabGround_20240720_R0.ict
39,1001
Rollins, A.; Waxman, E.; Zuraski, K.; Chace, W.
NOAA Chemical Sciences Laboratory
LIF NO/NOx/NOy on CSL Mobile Lab
AMMBEC / USOS
1, 1
2024,07,20, 2025,01,03
1
Time_Start, seconds, number_of_seconds_since_0000_UTC
7
1, 1, 1, 1, 1, 1, 1
-9999, -9999, -9999, -9999, -9999, -9999, -9999
Time_Stop, seconds, number_of_seconds_since_0000_UTC
NO_LIF, pptv, Gas_NO_InSitu_S_AVMR, volume mixing ratio of nitric oxide in air
NO2_LIF, pptv, Gas_NO2_InSitu_S_AVMR, volume mixing ratio of nitrogen dioxide in air
NOy_LIF, pptv, Gas_NOy_InSitu_S_AVMR, volume mixing ratio of total oxidized nitrogen in air
NO_LIF_1SigmaAccuracy, pptv, Gas_NO_InSitu_S_AVMR, volume mixing ratio of nitric oxide in air
NO2_LIF_1SigmaAccuracy, pptv, Gas_NO2_InSitu_S_AVMR, volume mixing ratio of nitrogen dioxide in air
NOy_LIF_1SigmaAccuracy, pptv, Gas_NOy_InSitu_S_AVMR, volume mixing ratio of total oxidized nitrogen in air
0
18
PI_CONTACT_INFO: andrew.rollins@noaa.gov
PLATFORM: CSL Mobile Lab
LOCATION: Salt Lake City, UT
ASSOCIATED_DATA:
INSTRUMENT_INFO: NO detection by laser induced fluorescence. NO2 detection by photolytic conversion to NO. NOy detection by catalytic conversion to NO on gold surface
DATA_INFO:
UNCERTAINTY: Included 1 Sigma Accuracy waves represent the combined calibration uncertainties (±6%, ±9%, ±10%) and zero uncertainties (3 ppt, 20 ppt, 100 ppt) for NO, NO2, and NOy, respectively.
ULOD_FLAG: -7777
ULOD_VALUE: N/A
LLOD_FLAG: -8888
LLOD_VALUE: N/A
DM_CONTACT_INFO: andrew.rollins@noaa.gov
PROJECT_INFO: USOS Project, July - August 2024
STIPULATIONS_ON_USE: Users are strongly encouraged to contact the PI for proper data usage.
OTHER_COMMENTS:
REVISION: R0
R0: final data
Time_Start, Time_Stop, NO_LIF, NO2_LIF, NOy_LIF, NO_LIF_1SigmaAccuracy, NO2_LIF_1SigmaAccuracy, NOy_LIF_1SigmaAccuracy
[from data line 1054]
   63240,   63300,3370,9752.4,19358,205.2, 897.71, 2035.8
   63300,   63360,2229.1,7548,15945,136.75, 699.32, 1694.5
   63360,   63420,823.16,3795.3,8499.2,52.39, 361.58, 949.92
   63420,   63480,745.81,3443.2,9157.9,47.748, 329.88, 1015.8
   63480,   63540,848.58,3492.1,9937.9,53.915, 334.29, 1093.8
   63540,   63600,323.59,1883.5,5126.2,22.416, 189.52, 612.62
   63600,   63660,304.36,1627.6,4617.8,21.261, 166.48, 561.78
   63660,   63720,311.94,1652.2,4561.6,21.717, 168.7, 556.16
   63720,   63780,463.02,2317,6011.7,30.781, 228.53, 701.17
   63780,   63840,9029.8,15079,26245,544.79, 1377.1, 2724.5
   63840,   63900,3423.8,8955.6,19494,208.43, 826.01, 2049.4
   63900,   63960,1381.7,6277.5,12049,85.9, 584.98, 1304.9
   63960,   64020,458.96,2782.6,6713.5,30.538, 270.44, 771.35
   64020,   64080,366.16,2280.2,6115,24.97, 225.22, 711.5
   64080,   64140,359.94,2361,6037.9,24.596, 232.49, 703.79
   64140,   64200,396.61,2308.8,6178.7,26.796, 227.79, 717.87
   64200,   64260,326.93,1973.4,5479.3,22.616, 197.6, 647.93
   64260,   64320,318.42,1878.9,5421.8,22.105, 189.1, 642.18
   64320,   64380,324.58,2012.3,5663.8,22.475, 201.11, 666.38
   64380,   64440,298.49,1902.2,5343.3,20.909, 191.2, 634.33
   64440,   64500,282.11,1787.5,5111.9,19.927, 180.87, 611.19
   64500,   64560,312.4,1917.9,5410.7,21.744, 192.61, 641.07
   64560,   64620,328.13,2017.4,5635,22.688, 201.57, 663.5
   64620,   64680,323.1,2043.7,5610.1,22.386, 203.93, 661.01
   64680,   64740,307.61,1912,5377.5,21.457, 192.08, 637.75
   64740,   64800,300.57,1895.8,5462.2,21.034, 190.63, 646.22
   64800,   64860,343.21,2149.7,5297.3,23.593, 213.47, 629.73
   64860,   64920,333.13,1875.3,4988,22.988, 188.78, 598.8
   64920,   64980,252.92,1441.8,4301.6,18.175, 149.76, 530.16
   64980,   65040,206.73,1170.3,3823.5,15.404, 125.33, 482.35
   65040,   65100,204.29,1246.9,3879.2,15.258, 132.22, 487.92
   65100,   65160,263.58,1506.2,4408.1,18.815, 155.56, 540.81
   65160,   65220,254.3,1470.5,4475,18.258, 152.35, 547.5
   65220,   65280,221.75,1279.5,4146.1,16.305, 135.16, 514.61
   65280,   65340,177.56,1027.8,3636.6,13.654, 112.5, 463.66
   65340,   65400,211.11,1162.8,4187,15.667, 124.65, 518.7
   65400,   65460,203.71,1165.2,3942.3,15.223, 124.87, 494.23
   65460,   65520,263.8,1307.1,4053.2,18.828, 137.64, 505.32
   65520,   65580,178.51,1050.3,3783.6,13.711, 114.53, 478.36
   65580,   65640,236.42,1445.9,4610.5,17.185, 150.13, 561.05
   65640,   65700,231.8,1464.4,4613.7,16.908, 151.79, 561.37
   65700,   65760,223.65,1391.2,4485.3,16.419, 145.21, 548.53
   65760,   65820,196.88,1159.9,4027.5,14.813, 124.39, 502.75
   65820,   65880,217.84,1318.9,5088.3,16.07, 138.7, 608.83
   65880,   65940,235.07,1467.3,5189.7,17.104, 152.06, 618.97
   65940,   66000,227.02,1494.9,4555.8,16.621, 154.54, 555.58
   66000,   66060,227.22,1463.1,4716.9,16.633, 151.68, 571.69
   66060,   66120,227.56,1441.1,4798.2,16.654, 149.69, 579.82
   66120,   66180,276.06,1662.4,5064,19.564, 169.62, 606.4
   66180,   66240,526.52,2408.7,7780.4,34.591, 236.79, 878.04
   66240,   66300,310.57,2028.3,6679.4,21.634, 202.55, 767.94
   66300,   66360,507.55,2647.9,8372.1,33.453, 258.31, 937.21
   66360,   66420,839.64,3559.9,10180,53.378, 340.39, 1118
   66420,   66480,293,2034.6,6077.8,20.58, 203.11, 707.78
   66480,   66540,283.76,1849.8,5631.5,20.025, 186.49, 663.15
   66540,   66600,354.51,2328,6380,24.271, 229.52, 738
   66600,   66660,324.05,2266.4,6774.6,22.443, 223.97, 777.46
   66660,   66720,425.39,2693.8,7766.2,28.524, 262.44, 876.62
   66720,   66780,298.66,2152.9,6799.9,20.919, 213.76, 779.99
   66780,   66840,294.64,2176.4,6807.6,20.678, 215.87, 780.76
   66840,   66900,290.49,2189.5,6771.7,20.43, 217.05, 777.17
   66900,   66960,301.31,2308.9,7217.5,21.078, 227.8, 821.75
   66960,   67020,337.48,2566.1,8074.9,23.249, 250.95, 907.49
   67020,   67080,335.05,2632.5,8048.8,23.103, 256.93, 904.88
   67080,   67140,467.49,3240.9,8887.6,31.05, 311.68, 988.76
   67140,   67200,429.57,3205.2,9173.9,28.774, 308.47, 1017.4
   67200,   67260,358.33,2862.5,8536.7,24.5, 277.62, 953.67
   67260,   67320,309.39,2557.9,7885.7,21.563, 250.21, 888.57
   67320,   67380,327.82,2587.4,7861.8,22.669, 252.87, 886.18
   67380,   67440,342.49,2705.6,7977,23.549, 263.51, 897.7
   67440,   67500,287.74,2024.6,6537.5,20.264, 202.21, 753.75
   67500,   67560,367.75,2243.2,6564.4,25.065, 221.89, 756.44
   67560,   67620,315.76,2055.9,6916.6,21.945, 205.03, 791.66
   67620,   67680,260.26,1943.1,6267.2,18.616, 194.88, 726.72
   67680,   67740,238.53,1830.2,6116.1,17.312, 184.72, 711.61
   67740,   67800,289.65,2069.3,6422,20.379, 206.23, 742.2
   67800,   67860,333.94,2354,6873.2,23.036, 231.86, 787.32
   67860,   67920,366.18,2653,7317.1,24.971, 258.77, 831.71
   67920,   67980,343.63,2607.9,7615.4,23.618, 254.71, 861.54
   67980,   68040,328.21,2494.3,7504.1,22.692, 244.49, 850.41
   68040,   68100,331.59,2594.9,7503.9,22.895, 253.54, 850.39
   68100,   68160,320.25,2485.9,7443.7,22.215, 243.73, 844.37
   68160,   68220,311.62,2490.3,7364.2,21.697, 244.13, 836.42
   68220,   68280,350.42,2572.3,7466.1,24.025, 251.51, 846.61
   68280,   68340,314.18,2102.5,6698.3,21.851, 209.23, 769.83
   68340,   68400,1407.2,4692.8,11879,87.43, 442.35, 1287.9
   68400,   68460,323.78,2293.8,7142.3,22.427, 226.44, 814.23
   68460,   68520,2515.8,5829.8,13667,153.95, 544.69, 1466.7
   68520,   68580,571.49,3184.4,10976,37.29, 306.6, 1197.6
   68580,   68640,320.06,2340.9,7128.6,22.203, 230.68, 812.86
   68640,   68700,304.09,2147.5,6699.6,21.245, 213.28, 769.96
   68700,   68760,388.99,2477.2,7367.4,26.339, 242.95, 836.74
   68760,   68820,307.06,2376.8,6852,21.424, 233.91, 785.2
   68820,   68880,296.33,2276.7,6752.3,20.78, 224.9, 775.23
   68880,   68940,286.77,2006.3,6196.2,20.206, 200.57, 719.62
   68940,   69000,283.94,2066.2,6171.4,20.036, 205.96, 717.14
   69000,   69060,269.54,1922.8,5869.8,19.172, 193.06, 686.98
   69060,   69120,255.67,1866.6,5788.2,18.34, 187.99, 678.82
   69120,   69180,266.87,1927.1,5817,19.012, 193.44, 681.7
   69180,   69240,263.72,1892.6,5829.3,18.823, 190.34, 682.93
   69240,   69300,248.49,1745.6,5612.8,17.909, 177.1, 661.28
   69300,   69360,226.83,1648.7,5493.7,16.61, 168.38, 649.37
   69360,   69420,215.73,1620.1,5418.2,15.944, 165.81, 641.82
   69420,   69480,251.32,1828.9,5648.8,18.079, 184.6, 664.88
   69480,   69540,245.09,1670,5472.6,17.706, 170.3, 647.26
   69540,   69600,247.92,1720.8,5315.8,17.875, 174.87, 631.58
   69600,   69660,246.65,1701.8,5468.5,17.799, 173.16, 646.85
   69660,   69720,239.79,1614.1,5356.5,17.387, 165.27, 635.65
   69720,   69780,-9999,-9999,-9999,-9999, -9999, -9999
   69780,   69840,-9999,-9999,-9999,-9999, -9999, -9999
   69840,   69900,-9999,-9999,-9999,-9999, -9999, -9999
   69900,   69960,-9999,-9999,-9999,-9999, -9999, -9999
   69960,   70020,-9999,-9999,-9999,-9999, -9999, -9999
   70020,   70080,-9999,-9999,-9999,-9999, -9999, -9999
   70080,   70140,-9999,-9999,-9999,-9999, -9999, -9999
   70140,   70200,1313.4,5281.3,16238,81.806, 495.32, 1723.8
   70200,   70260,489.62,2660.3,7696.2,32.377, 259.43, 869.62
   70260,   70320,872.08,3588.6,9367.2,55.325, 342.97, 1036.7
   70320,   70380,1856.5,5823.8,13988,114.39, 544.14, 1498.8
   70380,   70440,597.38,2619.6,8713.5,38.843, 255.77, 971.35
   70440,   70500,617.88,3069.5,7733.3,40.073, 296.26, 873.33
   70500,   70560,233.7,1598.2,5187.1,17.022, 163.84, 618.71
   70560,   70620,239.91,1631.2,4978.3,17.395, 166.81, 597.83
   70620,   70680,300.25,1655.3,4801.5,21.015, 168.98, 580.15
   70680,   70740,1085.5,2827.6,7370.5,68.13, 274.48, 837.05
   70740,   70800,267.98,1634.9,4818.4,19.079, 167.15, 581.84
   70800,   70860,307.3,1663.7,4669,21.438, 169.73, 566.9
   70860,   70920,243.64,1509.4,4598.8,17.618, 155.85, 559.88
   70920,   70980,270.61,1607,4980.7,19.237, 164.63, 598.07
   70980,   71040,449.86,2066.4,7018.6,29.991, 205.98, 801.86
   71040,   71100,233.07,1509.4,4876.1,16.984, 155.85, 587.61
   71100,   71160,193.08,1346.7,4539.6,14.585, 141.2, 553.96
   71160,   71220,209.75,1489.3,4651.1,15.585, 154.04, 565.11
   71220,   71280,229.36,1524.5,4663.1,16.762, 157.21, 566.31
   71280,   71340,450.37,1962,7799.7,30.022, 196.58, 879.97
   71340,   71400,387.39,1837.1,5268.6,26.243, 185.34, 626.86
   71400,   71460,216.57,1433.9,4489.1,15.994, 149.05, 548.91
   71460,   71520,313.67,1590,4972.8,21.82, 163.1, 597.28
   71520,   71580,200.96,1366.9,4487.9,15.058, 143.02, 548.79
   71580,   71640,216.35,1384.6,4320,15.981, 144.61, 532
   71640,   71700,170.56,1183.5,4128,13.234, 126.51, 512.8
   71700,   71760,184.96,1221.3,4159.6,14.097, 129.92, 515.96
   71760,   71820,229.53,1435.6,4350.7,16.772, 149.21, 535.07
   71820,   71880,248.92,1583.7,4538,17.935, 162.53, 553.8
   71880,   71940,400.86,1764.5,4471.6,27.051, 178.8, 547.16
   71940,   72000,661.59,2827.5,9485,42.696, 274.48, 1048.5
   72000,   72060,464.95,2434.6,5658.7,30.897, 239.11, 665.87
   72060,   72120,310.22,1854.3,4902.8,21.613, 186.89, 590.28
   72120,   72180,273.6,1679,4656.6,19.416, 171.11, 565.66
   72180,   72240,275.79,1730.3,4647.8,19.547, 175.72, 564.78
   72240,   72300,298.2,1943.2,5043.5,20.892, 194.89, 604.35
   72300,   72360,249.48,1681.4,4642.5,17.969, 171.32, 564.25
   72360,   72420,218.98,1432.4,4390.1,16.139, 148.91, 539.01
   72420,   72480,447.82,1982.6,5362.1,29.869, 198.43, 636.21
   72480,   72540,233.95,1621.7,4757.2,17.037, 165.96, 575.72
   72540,   72600,241.04,1568.5,4675.1,17.462, 161.17, 567.51
   72600,   72660,225.43,1514.4,4602.5,16.526, 156.29, 560.25
   72660,   72720,254.35,1551.9,4672.4,18.261, 159.67, 567.24
   72720,   72780,351.99,1661.5,4821.2,24.119, 169.54, 582.12
   72780,   72840,510.15,2253.3,6759.7,33.609, 222.8, 775.97
   72840,   72900,204.74,1323.9,4307.7,15.284, 139.15, 530.77
   72900,   72960,242.93,1465,4395.3,17.576, 151.85, 539.53
   72960,   73020,201.93,1272.1,3822.6,15.116, 134.49, 482.26
   73020,   73080,222.18,1325.6,3790.1,16.331, 139.3, 479.01
   73080,   73140,3340.9,5476.8,15074,203.45, 512.91, 1607.4
   73140,   73200,2423.2,5121,16173,148.39, 480.89, 1717.3
   73200,   73260,857.32,2642.8,6456.4,54.439, 257.85, 745.64
   73260,   73320,228.26,1278.2,4286.3,16.696, 135.04, 528.63
   73320,   73380,870.54,2366.2,6491.3,55.232, 232.96, 749.13
   73380,   73440,378.29,1793.8,6315.2,25.697, 181.45, 731.52
   73440,   73500,244.89,1472.9,4080.3,17.693, 152.56, 508.03
   73500,   73560,286.35,1522.4,4267.6,20.181, 157.01, 526.76
   73560,   73620,254.53,1405.2,4231.3,18.272, 146.46, 523.13
   73620,   73680,978.44,2686.3,6217.3,61.707, 261.77, 721.73
   73680,   73740,1111.3,3783.7,8457.8,69.677, 360.53, 945.78
   73740,   73800,239.48,1505.8,4374.6,17.369, 155.53, 537.46
   73800,   73860,221.73,1387.9,3910.1,16.304, 144.91, 491.01
   73860,   73920,202.43,1294.2,3895.2,15.146, 136.48, 489.52
   73920,   73980,198.64,1276.4,3885.9,14.919, 134.88, 488.59
   73980,   74040,204.51,1349.3,3992.6,15.271, 141.43, 499.26
   74040,   74100,210.49,1326.5,4045,15.629, 139.39, 504.5
   74100,   74160,310.92,1669.2,5053.6,21.655, 170.23, 605.36
   74160,   74220,403.19,1922.5,4932.7,27.192, 193.02, 593.27
   74220,   74280,298.02,1501.3,4250.9,20.881, 155.12, 525.09
   74280,   74340,545.84,2167.1,5222.1,35.75, 215.04, 622.21
   74340,   74400,240.12,1397.5,4389.9,17.407, 145.77, 538.99
   74400,   74460,605.09,2278.6,7346,39.306, 225.08, 834.6
   74460,   74520,219.68,1334.7,4172.9,16.181, 140.13, 517.29
   74520,   74580,191.49,1179.6,3569.8,14.489, 126.16, 456.98
   74580,   74640,187.54,1168.4,3650.6,14.253, 125.16, 465.06
   74640,   74700,199.02,1211.8,3676.5,14.941, 129.06, 467.65
   74700,   74760,224.95,1434.2,3933,16.497, 149.08, 493.3
   74760,   74820,271.08,1652.6,4286.6,19.265, 168.74, 528.66
   74820,   74880,759.81,2427.1,6341.5,48.588, 238.44, 734.15
   74880,   74940,349.74,1634.6,4456.5,23.984, 167.12, 545.65
   74940,   75000,204.56,1275.3,3729.6,15.274, 134.78, 472.96
   75000,   75060,648.21,2169.9,5393.2,41.893, 215.3, 639.32
   75060,   75120,211.07,1339.2,3718.7,15.664, 140.53, 471.87
   75120,   75180,207.63,1254.5,3570.7,15.458, 132.91, 457.07
   75180,   75240,174.83,1077.7,3432.6,13.49, 117, 443.26
   75240,   75300,155.94,1042.5,3415.6,12.357, 113.83, 441.56
   75300,   75360,177.8,1110.4,3434.4,13.668, 119.94, 443.44
   75360,   75420,167.12,1056.3,3410.6,13.027, 115.07, 441.06
   75420,   75480,191.81,1180.4,3494.8,14.509, 126.24, 449.48
   75480,   75540,213.5,1300.6,3713.2,15.81, 137.06, 471.32
   75540,   75600,175.17,1091.1,3547.7,13.51, 118.2, 454.77
   75600,   75660,334.48,1534.8,4071.5,23.069, 158.13, 507.15
   75660,   75720,212.76,1281.1,3614.3,15.766, 135.3, 461.43
   75720,   75780,194.38,1260.3,3655.2,14.663, 133.43, 465.52
   75780,   75840,158.01,1051.4,3340.6,12.481, 114.63, 434.06
   75840,   75900,203.73,1247.7,3613.7,15.224, 132.3, 461.37
   75900,   75960,247.28,1366.7,3620.7,17.837, 143.01, 462.07
   75960,   76020,401.39,1805.3,4517.5,27.083, 182.48, 551.75
   76020,   76080,207.43,1179.4,3409.3,15.446, 126.15, 440.93
   76080,   76140,196.67,1197.4,3407.4,14.8, 127.77, 440.74
   76140,   76200,478.4,1818.7,6429.1,31.704, 183.68, 742.91
   76200,   76260,652.44,2142.2,6300,42.147, 212.8, 730
   76260,   76320,565.02,1986.3,5141.3,36.901, 198.76, 614.13
   76320,   76380,379.44,1970,5040.1,25.766, 197.3, 604.01
   76380,   76440,189.5,1320.4,3807.4,14.37, 138.84, 480.74
   76440,   76500,162.32,1113.4,3518.3,12.739, 120.2, 451.83
   76500,   76560,170.39,1145.2,3407.2,13.224, 123.07, 440.72
   76560,   76620,267.62,1562.3,3791.3,19.057, 160.61, 479.13
   76620,   76680,326.26,1949.8,4258,22.576, 195.48, 525.8
   76680,   76740,401.19,2320,4856.3,27.071, 228.8, 585.63
   76740,   76800,342.99,2032.6,4715.1,23.579, 202.93, 571.51
   76800,   76860,285.42,1770.9,4298.6,20.125, 179.38, 529.86
   76860,   76920,240.86,1537.5,3983.5,17.452, 158.38, 498.35
   76920,   76980,231.81,1426.1,3777.6,16.909, 148.35, 477.76
   76980,   77040,281.52,1679,4147.7,19.891, 171.11, 514.77
   77040,   77100,234.28,1518.8,3844.5,17.057, 156.69, 484.45
   77100,   77160,207.47,1346.1,3704.3,15.448, 141.15, 470.43
   77160,   77220,197.33,1233.7,3291.2,14.84, 131.03, 429.12
   77220,   77280,2135.2,4584.4,8768,131.11, 432.59, 976.8
   77280,   77340,421.98,2043.1,6090.2,28.319, 203.88, 709.02
   77340,   77400,255.8,1333.9,3455.6,18.348, 140.05, 445.56
   77400,   77460,308.14,1261.8,3496.5,21.489, 133.56, 449.65
   77460,   77520,470.64,1730.1,4742.9,31.238, 175.71, 574.29
   77520,   77580,243.22,1429.1,3797.9,17.593, 148.62, 479.79
   77580,   77640,189.17,1244.7,3543.1,14.35, 132.02, 454.31
   77640,   77700,195.6,1290.1,3541.1,14.736, 136.11, 454.11
   77700,   77760,-9999,-9999,-9999,-9999, -9999, -9999
   77760,   77820,-9999,-9999,-9999,-9999, -9999, -9999
   77820,   77880,-9999,-9999,-9999,-9999, -9999, -9999
   77880,   77940,-9999,-9999,-9999,-9999, -9999, -9999
   77940,   78000,-9999,-9999,-9999,-9999, -9999, -9999
   78000,   78060,-9999,-9999,-9999,-9999, -9999, -9999
   78060,   78120,-9999,-9999,-9999,-9999, -9999, -9999
   78120,   78180,392.91,1656.2,3910.2,26.574, 169.05, 491.02
   78180,   78240,416.44,1940.4,5780.3,27.986, 194.64, 678.03
   78240,   78300,425.36,2279.7,5247,28.522, 225.17, 624.7
   78300,   78360,352.5,1854.8,4817.1,24.15, 186.93, 581.71
   78360,   78420,284.79,1631.8,4267.9,20.088, 166.86, 526.79
   78420,   78480,171.43,1109.5,3428.8,13.286, 119.85, 442.88
   78480,   78540,517.89,1672.8,4129.2,34.074, 170.55, 512.92
   78540,   78600,245.52,1343.7,3974.6,17.731, 140.93, 497.46
   78600,   78660,175.72,1110.1,3359.5,13.543, 119.91, 435.95
   78660,   78720,168.44,1069.6,3095.1,13.107, 116.27, 409.51
   78720,   78780,389.44,1667,5832.2,26.366, 170.03, 683.22
   78780,   78840,340.53,1881.9,4977.5,23.432, 189.37, 597.75
   78840,   78900,222.03,1446.1,3899.4,16.322, 150.15, 489.94
