CampaignData_and_Merges/R0/CSL_MobileLab_Parked/raw/20240720/USOS-jNO2_MobileLabGround_20240720_R0.ict
52,1001
Waxman, E.; Rollins, A.; Zuraski, K.; Chace, W.
NOAA Chemical Sciences Laboratory
jNO2 filter radiometer on CSL Mobile Lab
AMMBEC / USOS
1, 1
2024,07,20, 2025,04,01
60
Time_Start, seconds, number_of_seconds_since_0000_UTC
20
1, 1, 1, 1, 1, 1, 1, 1, 1, 1, 1, 1, 1, 1, 1, 1, 1, 1, 1, 1
-9999, -9999, -9999, -9999, -9999, -9999, -9999, -9999, -9999, -9999, -9999, -9999, -9999, -9999, -9999, -9999, -9999, -9999, -9999, -9999
Time_Stop, seconds, number_of_seconds_since_0000_UTC
jNO2_meas, per second, photolysis rate of NO2 measured using a filter radiometer.
jBrCl, per second, photolysis rate of BrCl -> Br + Cl calculated in TUV for cloud-free sky with local AOD
jBr2, per second, photolysis rate of Br2 -> Br + Br calculated in TUV for cloud-free sky with local AOD
jCCl4, per second, photolysis rate of CCl4 -> Products calcualted in TUV for cloud-free sky with local AOD
jCH2Oa, per second, photolysis rate of CH2O -> H + HCO calculated in TUV for cloud-free sky with local AOD
jCH2Ob, per second, photolysis rate of CH2O -> H2 + CO calculated in TUV for cloud-free sky with local AOD
jClNO2, per second, photolysis rate of ClNO2 -> Cl + NO2 calculated in TUV for cloud-free sky with local AOD
jClOa, per second, photolysis rate of ClO -> Cl + O(1D) calculated in TUV for cloud-free sky with local AOD
jClOb, per second, photolysis rate of ClO -> Cl + O(3P) calculated in TUV for cloud-free sky with local AOD
jCl2, per second, photolysis rate of Cl2 -> Cl + Cl calculated in TUV for cloud-free sky with local AOD
jHNO2, per second, photolysis rate of HNO2 -> OH + NO calculated in TUV for cloud-free sky with local AOD
jHNO3, per second, photolysis rate of HNO3 -> OH + NO2 calculated in TUV for cloud-free sky with local AOD
jI2, per second, photolysis rate of I2 -> I + I calculated in TUV for cloud-free sky with local AOD
jNO2, per second, photolysis rate of NO2 -> NO + O(3P) calculated in TUV for cloud-free sky with local AOD
jNO3a, per second, photolysis rate of NO3 -> NO + O2 calculated in TUV for cloud-free sky with local AOD
jNO3b, per second, photolysis rate of NO3 -> NO2 + O(3P) calculated in TUV for cloud-free sky with local AOD
jN2O5, per second, photolysis rate of N2O5 -> NO3 + NO + O(3P) calculated in TUV for cloud-free sky with local AOD
jO3, per second, photolysis rate of O3 -> O2 + O(1D) calculated in TUV for cloud-free sky with local AOD
AOD_500nm, unitless, UTC daily mean AOD at 500 nm from an AERONET station located at 40.178 N, -112.452 E
0
18
PI_CONTACT_INFO: eleanor.waxman@noaa.gov
PLATFORM: CSL Mobile Lab, at ground site
LOCATION: Salt Lake City, UT
ASSOCIATED_DATA:
INSTRUMENT_INFO: jNO2 filter radiometer.  TUV calculations are for mobile van lat/lon/altitude assuming clear sky (cloud AOD = 0) and daily mean AOD.
DATA_INFO:
UNCERTAINTY: Data uncertainties are +/- 20%.  These come from uncertainties in radiometer angular response, radiometer thermal response, local interferences from clouds/aerosols/shadows etc.
ULOD_FLAG: -7777
ULOD_VALUE: N/A
LLOD_FLAG: -8888
LLOD_VALUE: N/A
DM_CONTACT_INFO: eleanor.waxman@noaa.gov
PROJECT_INFO: USOS Project, July - August 2024
STIPULATIONS_ON_USE: Users are strongly encouraged to contact the PI for proper data usage.
OTHER_COMMENTS: 
REVISION: R0
R0: final data
Time_Start, Time_Stop, jNO2_meas, jBrCl, jBr2, jCCl4, jCH2Oa, jCH2Ob, jClNO2, jClOa, jClOb, jCl2, jHNO2, jHNO3, jI2, jNO2, jNO3a, jNO3b, jN2O5, jO3, AOD_500nm
[from data line 1026]
   61560,   61620,0.0084186,0.009935,0.03032,1.34e-23,2.782e-05,4.259e-05,0.0004204,5.973e-24,3.733e-05,0.002086,0.001369,4.827e-07,0.1087,0.008441,0.02106,0.1685,3.726e-05,2.432e-05,0.202
   61620,   61680,0.0084226,0.009946,0.03034,1.425e-23,2.789e-05,4.268e-05,0.0004212,6.344e-24,3.752e-05,0.00209,0.001371,4.846e-07,0.1088,0.008452,0.02107,0.1686,3.735e-05,2.446e-05,0.202
   61680,   61740,0.0084331,0.009956,0.03037,1.506e-23,2.797e-05,4.276e-05,0.0004221,6.746e-24,3.772e-05,0.002093,0.001373,4.864e-07,0.1089,0.008463,0.02108,0.1687,3.744e-05,2.459e-05,0.202
   61740,   61800,0.0084389,0.009966,0.03039,1.591e-23,2.805e-05,4.285e-05,0.0004229,7.121e-24,3.791e-05,0.002097,0.001375,4.882e-07,0.1089,0.008475,0.02109,0.1688,3.752e-05,2.472e-05,0.202
   61800,   61860,0.0084442,0.009976,0.03041,1.694e-23,2.813e-05,4.294e-05,0.0004238,7.622e-24,3.812e-05,0.0021,0.001377,4.901e-07,0.109,0.008486,0.0211,0.1689,3.761e-05,2.486e-05,0.202
   61860,   61920,0.008455,0.009986,0.03044,1.782e-23,2.82e-05,4.302e-05,0.0004246,8.04e-24,3.829e-05,0.002103,0.001379,4.918e-07,0.1091,0.008497,0.02111,0.169,3.769e-05,2.498e-05,0.202
   61920,   61980,0.0084616,0.009996,0.03046,1.903e-23,2.827e-05,4.311e-05,0.0004254,8.593e-24,3.848e-05,0.002107,0.001381,4.936e-07,0.1091,0.008508,0.02112,0.169,3.778e-05,2.511e-05,0.202
   61980,   62040,0.0084668,0.01001,0.03048,1.993e-23,2.835e-05,4.32e-05,0.0004263,9.012e-24,3.871e-05,0.00211,0.001383,4.956e-07,0.1092,0.008519,0.02113,0.1691,3.787e-05,2.527e-05,0.202
   62040,   62100,0.0084654,0.01001,0.0305,2.13e-23,2.842e-05,4.327e-05,0.000427,9.671e-24,3.885e-05,0.002113,0.001385,4.97e-07,0.1092,0.008529,0.02114,0.1692,3.794e-05,2.536e-05,0.202
   62100,   62160,0.0084864,0.01002,0.03053,2.228e-23,2.849e-05,4.336e-05,0.0004279,1.013e-23,3.903e-05,0.002117,0.001387,4.989e-07,0.1093,0.00854,0.02115,0.1693,3.803e-05,2.549e-05,0.202
   62160,   62220,0.0084904,0.01003,0.03055,2.377e-23,2.857e-05,4.344e-05,0.0004287,1.089e-23,3.925e-05,0.00212,0.001389,5.007e-07,0.1094,0.008551,0.02115,0.1694,3.811e-05,2.563e-05,0.202
   62220,   62280,0.0084924,0.01004,0.03057,2.486e-23,2.864e-05,4.352e-05,0.0004295,1.136e-23,3.944e-05,0.002123,0.001391,5.025e-07,0.1094,0.008561,0.02116,0.1695,3.819e-05,2.576e-05,0.202
   62280,   62340,0.0085011,0.01005,0.03059,2.661e-23,2.871e-05,4.36e-05,0.0004303,1.222e-23,3.961e-05,0.002126,0.001392,5.042e-07,0.1095,0.008571,0.02117,0.1695,3.827e-05,2.589e-05,0.202
   62340,   62400,0.0085062,0.01006,0.03061,2.783e-23,2.879e-05,4.368e-05,0.000431,1.285e-23,3.978e-05,0.002129,0.001394,5.058e-07,0.1095,0.008581,0.02118,0.1696,3.835e-05,2.6e-05,0.202
   62400,   62460,0.0085062,0.01007,0.03063,2.946e-23,2.885e-05,4.376e-05,0.0004318,1.359e-23,3.996e-05,0.002132,0.001396,5.075e-07,0.1096,0.008591,0.02119,0.1697,3.843e-05,2.611e-05,0.202
   62460,   62520,0.0085045,0.01008,0.03066,3.276e-23,2.896e-05,4.387e-05,0.0004329,1.511e-23,4.02e-05,0.002137,0.001399,5.099e-07,0.1097,0.008605,0.0212,0.1698,3.854e-05,2.628e-05,0.202
   62520,   62580,0.0085069,0.01009,0.03069,3.477e-23,2.903e-05,4.396e-05,0.0004338,1.606e-23,4.039e-05,0.00214,0.001401,5.116e-07,0.1097,0.008617,0.02121,0.1699,3.863e-05,2.641e-05,0.202
   62580,   62640,0.0085109,0.0101,0.0307,3.675e-23,2.91e-05,4.404e-05,0.0004345,1.701e-23,4.056e-05,0.002143,0.001402,5.132e-07,0.1098,0.008626,0.02122,0.17,3.87e-05,2.652e-05,0.202
   62640,   62700,0.008508,0.01011,0.03072,3.899e-23,2.917e-05,4.411e-05,0.0004353,1.808e-23,4.074e-05,0.002146,0.001404,5.149e-07,0.1098,0.008636,0.02123,0.1701,3.878e-05,2.664e-05,0.202
   62700,   62760,0.0085004,0.01012,0.03074,4.143e-23,2.924e-05,4.419e-05,0.000436,1.924e-23,4.092e-05,0.002149,0.001406,5.166e-07,0.1099,0.008646,0.02123,0.1701,3.886e-05,2.677e-05,0.202
   62760,   62820,0.0084972,0.01013,0.03076,4.377e-23,2.93e-05,4.426e-05,0.0004367,2.037e-23,4.108e-05,0.002152,0.001407,5.181e-07,0.1099,0.008655,0.02124,0.1702,3.893e-05,2.688e-05,0.202
   62820,   62880,0.0085068,0.01014,0.03078,4.646e-23,2.937e-05,4.434e-05,0.0004375,2.166e-23,4.126e-05,0.002155,0.001409,5.198e-07,0.11,0.008665,0.02125,0.1703,3.9e-05,2.7e-05,0.202
   62880,   62940,0.0085248,0.01014,0.0308,4.918e-23,2.944e-05,4.441e-05,0.0004382,2.297e-23,4.144e-05,0.002158,0.001411,5.214e-07,0.11,0.008674,0.02126,0.1703,3.908e-05,2.712e-05,0.202
   62940,   63000,0.008528,0.01015,0.03082,5.197e-23,2.95e-05,4.448e-05,0.0004389,2.43e-23,4.16e-05,0.002161,0.001412,5.229e-07,0.1101,0.008683,0.02126,0.1704,3.915e-05,2.723e-05,0.202
   63000,   63060,0.0085431,0.01016,0.03084,5.514e-23,2.957e-05,4.456e-05,0.0004396,2.58e-23,4.177e-05,0.002163,0.001414,5.245e-07,0.1101,0.008692,0.02127,0.1705,3.922e-05,2.735e-05,0.202
   63060,   63120,0.0085541,0.01017,0.03086,5.833e-23,2.963e-05,4.463e-05,0.0004403,2.737e-23,4.195e-05,0.002166,0.001416,5.261e-07,0.1102,0.008701,0.02128,0.1705,3.93e-05,2.747e-05,0.202
   63120,   63180,0.0085523,0.01018,0.03087,6.16e-23,2.97e-05,4.47e-05,0.000441,2.893e-23,4.211e-05,0.002169,0.001417,5.276e-07,0.1102,0.00871,0.02129,0.1706,3.937e-05,2.758e-05,0.202
   63180,   63240,0.0085642,0.01018,0.03089,6.526e-23,2.976e-05,4.477e-05,0.0004417,3.071e-23,4.228e-05,0.002172,0.001419,5.292e-07,0.1103,0.008719,0.02129,0.1707,3.944e-05,2.77e-05,0.202
   63240,   63300,0.0085673,0.01019,0.03091,6.91e-23,2.982e-05,4.484e-05,0.0004424,3.254e-23,4.245e-05,0.002174,0.00142,5.308e-07,0.1103,0.008727,0.0213,0.1707,3.951e-05,2.781e-05,0.202
   63300,   63360,0.0085686,0.0102,0.03092,7.29e-23,2.988e-05,4.491e-05,0.000443,3.438e-23,4.261e-05,0.002177,0.001422,5.322e-07,0.1103,0.008736,0.02131,0.1708,3.957e-05,2.792e-05,0.202
   63360,   63420,0.00856,0.01021,0.03094,7.714e-23,2.995e-05,4.498e-05,0.0004437,3.643e-23,4.277e-05,0.00218,0.001423,5.338e-07,0.1104,0.008744,0.02131,0.1709,3.964e-05,2.803e-05,0.202
   63420,   63480,0.0085648,0.01021,0.03096,8.159e-23,3.001e-05,4.504e-05,0.0004444,3.858e-23,4.294e-05,0.002182,0.001425,5.353e-07,0.1104,0.008753,0.02132,0.1709,3.971e-05,2.815e-05,0.202
   63480,   63540,0.0085759,0.01022,0.03097,8.621e-23,3.007e-05,4.511e-05,0.000445,4.076e-23,4.309e-05,0.002185,0.001426,5.367e-07,0.1105,0.008761,0.02132,0.171,3.978e-05,2.825e-05,0.202
   63540,   63600,0.0085776,0.01023,0.03099,9.079e-23,3.013e-05,4.518e-05,0.0004456,4.304e-23,4.326e-05,0.002187,0.001428,5.382e-07,0.1105,0.008769,0.02133,0.171,3.985e-05,2.837e-05,0.202
   63600,   63660,0.0085842,0.01024,0.03101,9.619e-23,3.019e-05,4.524e-05,0.0004463,4.565e-23,4.342e-05,0.00219,0.001429,5.397e-07,0.1106,0.008777,0.02134,0.1711,3.991e-05,2.848e-05,0.202
   63660,   63720,0.0085931,0.01024,0.03102,1.012e-22,3.025e-05,4.53e-05,0.0004469,4.804e-23,4.357e-05,0.002192,0.001431,5.411e-07,0.1106,0.008785,0.02134,0.1712,3.998e-05,2.858e-05,0.202
   63720,   63780,0.0086002,0.01025,0.03104,1.069e-22,3.031e-05,4.537e-05,0.0004475,5.082e-23,4.373e-05,0.002195,0.001432,5.426e-07,0.1106,0.008793,0.02135,0.1712,4.004e-05,2.869e-05,0.202
   63780,   63840,0.008607,0.01026,0.03105,1.129e-22,3.036e-05,4.543e-05,0.0004482,5.376e-23,4.389e-05,0.002197,0.001433,5.44e-07,0.1107,0.008801,0.02135,0.1713,4.011e-05,2.88e-05,0.202
   63840,   63900,0.00861,0.01026,0.03107,1.187e-22,3.042e-05,4.549e-05,0.0004488,5.653e-23,4.404e-05,0.0022,0.001435,5.454e-07,0.1107,0.008809,0.02136,0.1713,4.017e-05,2.89e-05,0.202
   63900,   63960,0.0086254,0.01027,0.03108,1.253e-22,3.048e-05,4.556e-05,0.0004494,5.971e-23,4.42e-05,0.002202,0.001436,5.468e-07,0.1108,0.008816,0.02137,0.1714,4.023e-05,2.901e-05,0.202
   63960,   64020,0.0086287,0.01028,0.0311,1.32e-22,3.053e-05,4.562e-05,0.00045,6.299e-23,4.435e-05,0.002204,0.001438,5.482e-07,0.1108,0.008824,0.02137,0.1714,4.03e-05,2.911e-05,0.202
   64020,   64080,0.0086457,0.01028,0.03111,1.387e-22,3.059e-05,4.568e-05,0.0004506,6.626e-23,4.45e-05,0.002207,0.001439,5.495e-07,0.1108,0.008831,0.02138,0.1715,4.036e-05,2.921e-05,0.202
   64080,   64140,0.0086561,0.01029,0.03113,1.462e-22,3.064e-05,4.574e-05,0.0004512,6.987e-23,4.465e-05,0.002209,0.00144,5.509e-07,0.1109,0.008839,0.02138,0.1715,4.042e-05,2.932e-05,0.202
   64140,   64200,0.0086667,0.0103,0.03114,1.54e-22,3.07e-05,4.58e-05,0.0004518,7.364e-23,4.481e-05,0.002211,0.001442,5.523e-07,0.1109,0.008846,0.02139,0.1716,4.048e-05,2.942e-05,0.202
   64200,   64260,0.0086645,0.0103,0.03115,1.616e-22,3.075e-05,4.586e-05,0.0004523,7.735e-23,4.495e-05,0.002214,0.001443,5.536e-07,0.1109,0.008853,0.02139,0.1716,4.054e-05,2.952e-05,0.202
   64260,   64320,0.0086714,0.01031,0.03117,1.7e-22,3.081e-05,4.592e-05,0.0004529,8.145e-23,4.51e-05,0.002216,0.001444,5.55e-07,0.111,0.00886,0.0214,0.1717,4.06e-05,2.962e-05,0.202
   64320,   64380,0.0086714,0.01031,0.03118,1.788e-22,3.086e-05,4.597e-05,0.0004535,8.571e-23,4.524e-05,0.002218,0.001445,5.563e-07,0.111,0.008867,0.0214,0.1717,4.066e-05,2.972e-05,0.202
   64380,   64440,0.0086731,0.01032,0.03119,1.874e-22,3.091e-05,4.603e-05,0.000454,8.991e-23,4.538e-05,0.00222,0.001447,5.575e-07,0.111,0.008874,0.02141,0.1718,4.071e-05,2.982e-05,0.202
   64440,   64500,0.0086837,0.01033,0.03121,1.969e-22,3.096e-05,4.609e-05,0.0004546,9.454e-23,4.553e-05,0.002222,0.001448,5.589e-07,0.1111,0.008881,0.02141,0.1718,4.077e-05,2.992e-05,0.202
   64500,   64560,0.0086829,0.01033,0.03122,2.068e-22,3.101e-05,4.614e-05,0.0004551,9.936e-23,4.567e-05,0.002225,0.001449,5.602e-07,0.1111,0.008888,0.02142,0.1719,4.083e-05,3.002e-05,0.202
   64560,   64620,0.0086925,0.01034,0.03123,2.165e-22,3.106e-05,4.62e-05,0.0004556,1.041e-22,4.581e-05,0.002227,0.00145,5.614e-07,0.1111,0.008894,0.02142,0.1719,4.088e-05,3.011e-05,0.202
   64620,   64680,0.0086982,0.01034,0.03125,2.272e-22,3.111e-05,4.625e-05,0.0004562,1.093e-22,4.595e-05,0.002229,0.001451,5.627e-07,0.1112,0.008901,0.02143,0.172,4.094e-05,3.021e-05,0.202
   64680,   64740,0.0087109,0.01035,0.03126,2.382e-22,3.116e-05,4.631e-05,0.0004567,1.147e-22,4.609e-05,0.002231,0.001453,5.639e-07,0.1112,0.008908,0.02143,0.172,4.099e-05,3.03e-05,0.202
   64740,   64800,0.0087228,0.01035,0.03127,2.49e-22,3.121e-05,4.636e-05,0.0004572,1.199e-22,4.622e-05,0.002233,0.001454,5.651e-07,0.1112,0.008914,0.02144,0.172,4.105e-05,3.039e-05,0.202
   64800,   64860,0.0087306,0.01036,0.03128,2.609e-22,3.126e-05,4.641e-05,0.0004577,1.258e-22,4.636e-05,0.002235,0.001455,5.663e-07,0.1113,0.00892,0.02144,0.1721,4.11e-05,3.049e-05,0.202
   64860,   64920,0.0087369,0.01037,0.03129,2.733e-22,3.131e-05,4.646e-05,0.0004583,1.318e-22,4.65e-05,0.002237,0.001456,5.676e-07,0.1113,0.008927,0.02144,0.1721,4.115e-05,3.058e-05,0.202
   64920,   64980,0.0087362,0.01037,0.03131,2.853e-22,3.136e-05,4.651e-05,0.0004587,1.376e-22,4.662e-05,0.002239,0.001457,5.687e-07,0.1113,0.008933,0.02145,0.1722,4.12e-05,3.067e-05,0.202
   64980,   65040,0.0087432,0.01038,0.03132,2.984e-22,3.14e-05,4.656e-05,0.0004592,1.441e-22,4.676e-05,0.002241,0.001458,5.699e-07,0.1114,0.008939,0.02145,0.1722,4.126e-05,3.076e-05,0.202
   65040,   65100,0.0087424,0.01038,0.03133,3.121e-22,3.145e-05,4.661e-05,0.0004597,1.507e-22,4.689e-05,0.002242,0.001459,5.711e-07,0.1114,0.008945,0.02146,0.1722,4.131e-05,3.085e-05,0.202
   65100,   65160,0.0087488,0.01039,0.03134,3.253e-22,3.149e-05,4.666e-05,0.0004602,1.572e-22,4.701e-05,0.002244,0.00146,5.722e-07,0.1114,0.00895,0.02146,0.1723,4.136e-05,3.094e-05,0.202
   65160,   65220,0.0087575,0.01039,0.03135,3.399e-22,3.154e-05,4.671e-05,0.0004607,1.643e-22,4.714e-05,0.002246,0.001461,5.734e-07,0.1114,0.008956,0.02146,0.1723,4.141e-05,3.103e-05,0.202
   65220,   65280,0.008764,0.0104,0.03136,3.549e-22,3.159e-05,4.676e-05,0.0004612,1.717e-22,4.727e-05,0.002248,0.001462,5.745e-07,0.1115,0.008962,0.02147,0.1724,4.146e-05,3.111e-05,0.202
   65280,   65340,0.0087645,0.0104,0.03137,3.694e-22,3.163e-05,4.68e-05,0.0004616,1.788e-22,4.739e-05,0.00225,0.001463,5.756e-07,0.1115,0.008968,0.02147,0.1724,4.151e-05,3.12e-05,0.202
   65340,   65400,0.0087741,0.01041,0.03138,3.853e-22,3.167e-05,4.685e-05,0.0004621,1.865e-22,4.752e-05,0.002252,0.001464,5.767e-07,0.1115,0.008973,0.02148,0.1724,4.155e-05,3.128e-05,0.202
   65400,   65460,0.0087724,0.01041,0.03139,4.017e-22,3.172e-05,4.69e-05,0.0004625,1.946e-22,4.764e-05,0.002253,0.001465,5.778e-07,0.1115,0.008979,0.02148,0.1725,4.16e-05,3.137e-05,0.202
   65460,   65520,0.0087707,0.01041,0.0314,4.176e-22,3.176e-05,4.694e-05,0.000463,2.023e-22,4.776e-05,0.002255,0.001466,5.789e-07,0.1116,0.008984,0.02148,0.1725,4.165e-05,3.145e-05,0.202
   65520,   65580,0.0087725,0.01042,0.03141,4.349e-22,3.18e-05,4.699e-05,0.0004634,2.108e-22,4.788e-05,0.002257,0.001467,5.8e-07,0.1116,0.00899,0.02149,0.1725,4.169e-05,3.153e-05,0.202
   65580,   65640,0.0087716,0.01042,0.03142,4.527e-22,3.184e-05,4.703e-05,0.0004639,2.195e-22,4.8e-05,0.002258,0.001468,5.81e-07,0.1116,0.008995,0.02149,0.1726,4.174e-05,3.161e-05,0.202
   65640,   65700,0.0087675,0.01043,0.03143,4.699e-22,3.188e-05,4.708e-05,0.0004643,2.28e-22,4.811e-05,0.00226,0.001469,5.82e-07,0.1116,0.009,0.02149,0.1726,4.178e-05,3.169e-05,0.202
   65700,   65760,0.0087743,0.01043,0.03144,4.886e-22,3.192e-05,4.712e-05,0.0004647,2.371e-22,4.823e-05,0.002262,0.00147,5.831e-07,0.1117,0.009005,0.0215,0.1726,4.183e-05,3.177e-05,0.202
   65760,   65820,0.0087851,0.01044,0.03145,5.078e-22,3.196e-05,4.716e-05,0.0004651,2.465e-22,4.835e-05,0.002263,0.001471,5.841e-07,0.1117,0.009011,0.0215,0.1727,4.187e-05,3.185e-05,0.202
   65820,   65880,0.0088001,0.01044,0.03146,5.263e-22,3.2e-05,4.72e-05,0.0004655,2.556e-22,4.846e-05,0.002265,0.001472,5.851e-07,0.1117,0.009015,0.0215,0.1727,4.191e-05,3.193e-05,0.202
   65880,   65940,0.0088045,0.01045,0.03147,5.465e-22,3.204e-05,4.724e-05,0.0004659,2.655e-22,4.857e-05,0.002266,0.001473,5.861e-07,0.1117,0.00902,0.02151,0.1727,4.196e-05,3.2e-05,0.202
   65940,   66000,0.0088,0.01045,0.03148,5.671e-22,3.208e-05,4.729e-05,0.0004663,2.756e-22,4.868e-05,0.002268,0.001474,5.871e-07,0.1118,0.009025,0.02151,0.1728,4.2e-05,3.208e-05,0.202
   66000,   66060,0.008809,0.01045,0.03149,5.868e-22,3.211e-05,4.732e-05,0.0004667,2.853e-22,4.878e-05,0.00227,0.001475,5.88e-07,0.1118,0.00903,0.02151,0.1728,4.204e-05,3.215e-05,0.202
   66060,   66120,0.008812,0.01046,0.0315,6.083e-22,3.215e-05,4.736e-05,0.0004671,2.958e-22,4.889e-05,0.002271,0.001475,5.89e-07,0.1118,0.009035,0.02152,0.1728,4.208e-05,3.223e-05,0.202
   66120,   66180,0.008804,0.01046,0.0315,6.303e-22,3.219e-05,4.74e-05,0.0004675,3.066e-22,4.9e-05,0.002273,0.001476,5.899e-07,0.1118,0.009039,0.02152,0.1728,4.212e-05,3.23e-05,0.202
   66180,   66240,0.0088054,0.01047,0.03151,6.513e-22,3.222e-05,4.744e-05,0.0004679,3.17e-22,4.91e-05,0.002274,0.001477,5.908e-07,0.1118,0.009044,0.02152,0.1729,4.216e-05,3.237e-05,0.202
   66240,   66300,0.0088153,0.01047,0.03152,6.741e-22,3.226e-05,4.748e-05,0.0004682,3.282e-22,4.921e-05,0.002275,0.001478,5.917e-07,0.1119,0.009048,0.02152,0.1729,4.22e-05,3.244e-05,0.202
   66300,   66360,0.0088297,0.01047,0.03153,6.974e-22,3.23e-05,4.752e-05,0.0004686,3.396e-22,4.931e-05,0.002277,0.001479,5.926e-07,0.1119,0.009053,0.02153,0.1729,4.224e-05,3.251e-05,0.202
   66360,   66420,0.0088387,0.01048,0.03154,7.195e-22,3.233e-05,4.755e-05,0.000469,3.505e-22,4.941e-05,0.002278,0.001479,5.935e-07,0.1119,0.009057,0.02153,0.173,4.228e-05,3.258e-05,0.202
   66420,   66480,0.0088386,0.01048,0.03154,7.435e-22,3.236e-05,4.759e-05,0.0004693,3.623e-22,4.951e-05,0.002279,0.00148,5.944e-07,0.1119,0.009061,0.02153,0.173,4.231e-05,3.265e-05,0.202
   66480,   66540,0.0088437,0.01048,0.03155,7.679e-22,3.24e-05,4.762e-05,0.0004697,3.743e-22,4.96e-05,0.002281,0.001481,5.952e-07,0.1119,0.009065,0.02153,0.173,4.235e-05,3.272e-05,0.202
   66540,   66600,0.0088499,0.01049,0.03156,7.913e-22,3.243e-05,4.766e-05,0.00047,3.858e-22,4.97e-05,0.002282,0.001482,5.96e-07,0.1119,0.009069,0.02154,0.173,4.238e-05,3.278e-05,0.202
   66600,   66660,0.0088587,0.01049,0.03157,8.164e-22,3.246e-05,4.769e-05,0.0004703,3.981e-22,4.979e-05,0.002283,0.001482,5.969e-07,0.112,0.009073,0.02154,0.1731,4.242e-05,3.285e-05,0.202
