CampaignData_and_Merges/R0/CSL_MobileLab_Parked/raw/20240720/USOS-MetNav_MobileLabGround_20240720_R0.ict
44, 1001
Carrie Womack, Nate Howard, Mike Zucker
NOAA Chemical Sciences Laboratory
Mobile Lab MetNav Station
USOS
1, 1
2024, 07, 20, 2024, 12, 21
60
Time_Start, seconds_past_midnight, Seconds from midnight UTC
11
1, 1, 1, 1, 1, 1, 1, 1, 1, 1, 1
-9999, -9999, -9999, -9999, -9999, -9999, -9999, -9999, -9999, -9999, -9999
GPS_Alt_m, meters, Altitude from Differential GPS
GPS_Course_deg, degrees, Course from Differential GPS
GPS_GndSpd_m_s, m/s, Ground Speed from Differential GPS
GPS_Heading_deg, degrees, Heading from Differential GPS
GPS_Lat_deg, degrees, Latitude from Differential GPS
GPS_Lon_deg, degrees, Longitude from Differential GPS
AirTemp_C, Celsius, Air Temperature from Airmar
RelHumidity_pct, percent, Relative Humidity from Airmar
Pressure_mb, millibars, Pressure from Honeywell
WindDir_calc_deg, degrees, Wind Direction from Airmar corrected for van movement
WindSpd_calc_m_s, m/s, Wind Speed from Airmar corrected for van movement
1
SPECIAL COMMENTS:
18
PI_CONTACT_INFO: Address: 325 Broadway R/CSL7, Boulder, CO, 80305
PLATFORM: CSL Mobile Lab
LOCATION: Salt Lake City, UT
ASSOCIATED_DATA: N/A
INSTRUMENT_INFO: N/A
DATA_INFO: Units:
UNCERTAINTY: N/A
ULOD_FLAG: -7777
ULOD_VALUE: N/A
LLOD_FLAG: -8888
LLOD_VALUE: N/A
DM_CONTACT_INFO: Data Manager: Nate Howard
PROJECT_INFO: 
STIPULATIONS_ON_USE: Use of these data require prior ok from PI.
OTHER_COMMENTS: 
REVISION: R0
R0: Final data. Fixed bug in wind averaging code. RA: Preliminary Data. For in-field use only. 
Time_Start, GPS_Alt_m, GPS_Course_deg, GPS_GndSpd_m_s, GPS_Heading_deg, GPS_Lat_deg, GPS_Lon_deg, AirTemp_C, RelHumidity_pct, Pressure_mb, WindDir_calc_deg, WindSpd_calc_m_s
0.0,1309.9,359.61,0.05,359.61,40.73434,-111.87211,39.0,15.3,876.5,103.56,0.6
60.0,1309.8,359.34,0.05,359.34,40.73434,-111.87211,39.1,15.5,876.4,133.92,0.6
120.0,1309.7,359.40,0.04,359.40,40.73434,-111.87211,38.9,15.1,876.3,200.90,0.8
180.0,1309.8,0.04,0.04,0.04,40.73434,-111.87211,38.8,16.0,876.4,60.65,0.7
240.0,1309.7,359.63,0.05,359.63,40.73434,-111.87210,38.8,15.9,876.4,77.89,0.9
300.0,1309.7,359.15,0.05,359.15,40.73434,-111.87210,38.7,15.6,876.4,81.65,0.7
360.0,1309.8,359.44,0.04,359.44,40.73434,-111.87210,38.7,15.8,876.5,83.16,0.6
420.0,1310.0,359.69,0.05,359.69,40.73434,-111.87210,38.6,15.8,876.5,32.01,0.2
480.0,1310.0,359.88,0.05,359.88,40.73434,-111.87210,38.6,15.5,876.5,316.28,0.2
540.0,1310.0,0.10,0.04,0.10,40.73434,-111.87210,38.6,16.0,876.5,100.41,0.7
600.0,1310.1,0.25,0.05,0.25,40.73434,-111.87210,38.8,15.9,876.5,104.98,0.6
660.0,1310.1,359.79,0.05,359.79,40.73434,-111.87210,38.8,16.4,876.5,88.44,1.0
720.0,1309.9,0.11,0.05,0.11,40.73434,-111.87210,38.8,16.0,876.4,86.60,1.0
780.0,1309.7,359.50,0.05,359.50,40.73434,-111.87210,38.8,16.1,876.3,94.32,0.9
840.0,1309.7,359.44,0.05,359.44,40.73434,-111.87210,38.8,15.5,876.2,99.48,1.2
900.0,1309.8,359.26,0.05,359.26,40.73434,-111.87210,38.8,15.6,876.2,121.10,1.1
960.0,1309.9,359.43,0.05,359.43,40.73434,-111.87210,38.9,15.1,876.2,102.95,0.7
1020.0,1310.0,359.58,0.05,359.58,40.73434,-111.87210,38.8,15.5,876.2,54.76,0.3
1080.0,1310.0,359.75,0.06,359.75,40.73434,-111.87210,38.5,15.9,876.3,63.59,0.9
1140.0,1309.9,359.68,0.06,359.68,40.73434,-111.87210,38.1,15.5,876.3,63.65,1.1
1200.0,1310.0,359.52,0.05,359.52,40.73434,-111.87210,38.2,15.6,876.3,69.89,0.6
1260.0,1310.1,359.80,0.06,359.80,40.73434,-111.87210,38.2,15.7,876.3,92.37,0.8
1320.0,1310.1,0.10,0.05,0.10,40.73434,-111.87210,38.0,15.4,876.3,26.99,0.4
1380.0,1309.7,359.38,0.05,359.38,40.73434,-111.87210,38.0,15.7,876.3,65.61,0.8
1440.0,1309.6,359.25,0.05,359.25,40.73434,-111.87210,37.9,15.8,876.3,89.80,1.0
1500.0,1309.5,359.30,0.05,359.30,40.73434,-111.87210,37.9,15.8,876.3,22.19,0.4
1560.0,1309.4,359.15,0.05,359.15,40.73434,-111.87210,37.9,15.6,876.3,78.04,0.6
1620.0,1309.3,359.36,0.05,359.36,40.73434,-111.87210,37.9,15.6,876.3,85.05,0.8
1680.0,1309.5,359.93,0.05,359.93,40.73434,-111.87210,37.9,15.7,876.3,87.34,0.8
1740.0,1309.6,359.68,0.04,359.68,40.73434,-111.87210,37.8,16.0,876.3,41.27,0.5
1800.0,1309.5,359.77,0.05,359.77,40.73434,-111.87210,37.8,16.5,876.3,88.67,0.9
1860.0,1309.4,359.70,0.05,359.70,40.73433,-111.87210,37.8,16.0,876.3,92.35,1.0
1920.0,1309.5,359.47,0.04,359.47,40.73433,-111.87210,37.9,16.2,876.3,101.70,0.9
1980.0,1309.3,359.16,0.04,359.16,40.73433,-111.87210,37.9,15.7,876.3,112.55,1.1
2040.0,1309.1,359.05,0.04,359.05,40.73433,-111.87211,38.0,16.1,876.3,90.98,0.7
2100.0,1309.3,358.95,0.04,358.95,40.73433,-111.87210,37.8,15.9,876.3,42.36,0.6
2160.0,1309.1,359.31,0.05,359.31,40.73433,-111.87211,37.7,15.8,876.3,75.76,0.7
2220.0,1308.9,359.79,0.05,359.79,40.73433,-111.87211,37.7,16.0,876.3,76.95,0.8
2280.0,1308.7,359.72,0.04,359.72,40.73433,-111.87211,37.7,16.1,876.3,86.98,0.7
2340.0,1308.8,0.03,0.05,0.03,40.73433,-111.87211,37.8,16.3,876.3,69.32,0.5
2400.0,1308.7,359.88,0.04,359.88,40.73433,-111.87211,37.6,15.8,876.3,55.02,0.6
2460.0,1308.6,359.61,0.04,359.61,40.73433,-111.87210,37.7,15.5,876.3,18.70,0.4
2520.0,1308.5,359.82,0.04,359.82,40.73433,-111.87210,37.6,15.7,876.3,3.67,0.3
2580.0,1308.6,359.27,0.04,359.27,40.73433,-111.87210,37.6,15.9,876.3,59.19,0.6
2640.0,1308.5,359.37,0.05,359.37,40.73433,-111.87211,37.6,16.1,876.3,82.78,0.7
2700.0,1308.5,359.78,0.04,359.78,40.73433,-111.87211,37.6,16.5,876.3,85.59,0.8
2760.0,1308.5,359.59,0.05,359.59,40.73433,-111.87211,37.5,16.5,876.3,74.42,0.7
2820.0,1308.6,359.23,0.05,359.23,40.73433,-111.87211,37.4,16.2,876.3,39.24,0.4
2880.0,1308.7,359.17,0.05,359.17,40.73433,-111.87211,37.4,16.0,876.3,86.51,0.5
2940.0,1308.9,359.69,0.06,359.69,40.73433,-111.87211,37.4,16.3,876.3,85.62,0.6
3000.0,1308.9,359.07,0.05,359.07,40.73433,-111.87211,37.1,16.4,876.3,70.16,0.8
3060.0,1308.8,358.81,0.05,358.81,40.73433,-111.87211,37.2,16.2,876.3,106.63,1.0
3120.0,1308.8,358.94,0.05,358.94,40.73433,-111.87211,37.3,16.6,876.3,69.21,0.5
3180.0,1308.7,359.08,0.06,359.08,40.73433,-111.87211,37.2,16.8,876.3,93.03,0.8
3240.0,1308.5,359.19,0.06,359.19,40.73433,-111.87211,37.3,17.1,876.3,96.95,0.9
3300.0,1308.4,359.37,0.05,359.37,40.73433,-111.87211,37.3,16.9,876.3,95.41,1.1
3360.0,1308.5,359.70,0.05,359.70,40.73433,-111.87211,37.3,16.8,876.3,84.78,0.4
3420.0,1308.2,359.39,0.05,359.39,40.73433,-111.87210,37.3,16.5,876.3,74.48,0.3
3480.0,1308.5,359.36,0.05,359.36,40.73433,-111.87211,37.3,16.6,876.3,54.61,0.5
3540.0,1308.4,359.44,0.05,359.44,40.73433,-111.87211,37.3,16.9,876.3,79.17,0.7
3600.0,1308.6,358.82,0.04,358.82,40.73434,-111.87211,37.0,16.9,876.3,75.79,0.8
3660.0,1308.4,358.63,0.05,358.63,40.73433,-111.87211,37.2,16.9,876.3,88.90,0.9
3720.0,1308.2,358.66,0.05,358.66,40.73434,-111.87211,37.0,16.6,876.3,75.66,0.8
3780.0,1308.1,359.58,0.05,359.58,40.73434,-111.87211,37.0,17.1,876.3,100.73,0.9
3840.0,1308.0,359.57,0.04,359.57,40.73434,-111.87211,37.0,16.9,876.3,73.28,0.6
3900.0,1308.1,359.47,0.04,359.47,40.73434,-111.87211,37.0,16.8,876.3,87.31,0.7
3960.0,1308.1,359.58,0.05,359.58,40.73434,-111.87211,36.9,16.8,876.3,64.05,0.7
4020.0,1308.1,359.68,0.04,359.68,40.73434,-111.87211,36.9,16.7,876.3,342.81,0.2
4080.0,1308.1,359.49,0.05,359.49,40.73434,-111.87211,36.9,17.0,876.3,74.99,0.6
4140.0,1308.1,358.75,0.04,358.75,40.73434,-111.87211,36.9,17.2,876.3,79.10,0.6
4200.0,1308.3,358.81,0.04,358.81,40.73434,-111.87211,36.8,17.1,876.3,46.16,0.6
4260.0,1308.3,359.01,0.05,359.01,40.73434,-111.87211,36.7,17.0,876.3,91.04,0.9
4320.0,1308.2,358.72,0.05,358.72,40.73434,-111.87211,36.7,17.3,876.4,55.68,0.5
4380.0,1308.5,359.05,0.05,359.05,40.73434,-111.87211,36.5,17.2,876.4,47.93,0.4
4440.0,1308.6,359.22,0.04,359.22,40.73434,-111.87211,36.5,17.5,876.4,85.09,0.8
4500.0,1308.8,359.48,0.05,359.48,40.73434,-111.87211,36.6,17.5,876.4,90.27,0.7
4560.0,1309.1,359.56,0.05,359.56,40.73434,-111.87211,36.4,17.7,876.4,75.65,0.9
4620.0,1309.0,359.48,0.05,359.48,40.73434,-111.87211,36.4,17.7,876.4,89.13,0.8
4680.0,1309.0,359.73,0.05,359.73,40.73434,-111.87211,36.4,17.8,876.4,97.12,0.8
4740.0,1309.2,0.04,0.04,0.04,40.73434,-111.87211,36.2,17.7,876.4,76.23,0.9
4800.0,1309.2,0.44,0.05,0.44,40.73434,-111.87211,36.3,17.5,876.4,91.06,0.7
4860.0,1309.2,0.66,0.05,0.66,40.73434,-111.87211,36.2,17.9,876.4,69.64,0.6
4920.0,1309.1,0.56,0.05,0.56,40.73434,-111.87211,36.1,18.1,876.4,94.08,0.9
4980.0,1309.0,0.18,0.05,0.18,40.73434,-111.87211,36.1,18.1,876.4,93.55,0.8
5040.0,1309.1,359.93,0.05,359.93,40.73434,-111.87211,36.0,18.2,876.4,83.77,0.6
5100.0,1309.1,359.75,0.05,359.75,40.73434,-111.87211,36.0,18.3,876.4,88.88,0.7
5160.0,1309.1,359.70,0.05,359.70,40.73434,-111.87211,36.0,18.6,876.4,92.75,0.8
5220.0,1309.1,359.51,0.05,359.51,40.73434,-111.87211,35.9,18.5,876.4,76.40,0.7
5280.0,1309.1,359.63,0.05,359.63,40.73434,-111.87211,35.8,18.0,876.4,62.31,0.7
5340.0,1309.0,359.55,0.05,359.55,40.73434,-111.87211,35.8,18.0,876.4,105.21,1.0
5400.0,1309.1,359.77,0.05,359.77,40.73434,-111.87211,35.8,18.5,876.4,108.74,1.1
5460.0,1309.1,359.75,0.06,359.75,40.73434,-111.87211,35.8,18.7,876.4,94.33,0.8
5520.0,1309.1,359.68,0.05,359.68,40.73434,-111.87211,35.9,18.3,876.4,70.52,0.5
5580.0,1309.1,359.27,0.04,359.27,40.73434,-111.87211,35.7,17.7,876.4,54.38,0.5
5640.0,1309.2,359.19,0.04,359.19,40.73434,-111.87211,35.7,18.5,876.4,87.60,0.8
5700.0,1309.2,359.27,0.05,359.27,40.73434,-111.87211,35.8,18.2,876.4,93.03,0.6
5760.0,1309.1,359.36,0.05,359.36,40.73434,-111.87211,35.5,18.3,876.5,70.40,0.8
5820.0,1308.8,358.76,0.05,358.76,40.73434,-111.87211,35.5,18.3,876.5,66.55,0.7
5880.0,1308.7,358.68,0.06,358.68,40.73434,-111.87211,35.4,17.9,876.5,65.15,0.6
5940.0,1308.7,359.23,0.04,359.23,40.73434,-111.87211,35.3,18.1,876.5,68.97,0.7
6000.0,1308.8,359.44,0.04,359.44,40.73434,-111.87211,35.1,17.9,876.6,57.68,0.8
6060.0,1308.9,359.00,0.05,359.00,40.73434,-111.87211,35.0,17.9,876.6,43.33,0.4
6120.0,1308.9,358.85,0.04,358.85,40.73434,-111.87211,34.9,18.1,876.6,69.76,0.6
6180.0,1308.9,358.59,0.05,358.59,40.73434,-111.87211,34.9,18.3,876.6,103.20,0.7
6240.0,1308.9,358.83,0.05,358.83,40.73434,-111.87211,34.9,18.2,876.6,86.55,0.5
6300.0,1308.8,358.37,0.05,358.37,40.73434,-111.87211,34.9,18.2,876.6,35.52,0.4
6360.0,1308.6,358.90,0.05,358.90,40.73434,-111.87211,34.7,18.3,876.6,77.46,0.9
6420.0,1308.6,359.26,0.05,359.26,40.73434,-111.87211,34.7,18.4,876.7,81.39,0.7
6480.0,1308.6,359.48,0.05,359.48,40.73434,-111.87211,34.4,18.5,876.7,51.44,0.9
6540.0,1308.4,359.28,0.05,359.28,40.73434,-111.87211,34.3,18.5,876.7,47.35,0.8
6600.0,1308.4,359.02,0.05,359.02,40.73434,-111.87211,34.3,18.7,876.7,67.60,0.7
6660.0,1308.5,359.38,0.05,359.38,40.73434,-111.87211,34.2,18.7,876.7,68.23,0.7
6720.0,1308.7,359.73,0.04,359.73,40.73434,-111.87211,34.1,18.9,876.7,77.98,0.8
6780.0,1309.0,0.13,0.05,0.13,40.73433,-111.87211,34.1,18.8,876.7,71.90,0.6
6840.0,1309.5,359.92,0.05,359.92,40.73433,-111.87211,34.0,18.9,876.8,54.60,0.5
6900.0,1309.4,359.92,0.04,359.92,40.73433,-111.87211,34.1,19.2,876.8,97.00,0.9
6960.0,1309.2,359.87,0.05,359.87,40.73433,-111.87211,34.1,19.1,876.8,105.11,0.9
7020.0,1309.4,0.25,0.05,0.25,40.73433,-111.87211,34.1,19.5,876.8,77.55,0.6
7080.0,1309.3,1.12,0.04,1.12,40.73433,-111.87211,34.1,19.3,876.8,87.80,0.7
7140.0,1309.7,0.73,0.05,0.73,40.73433,-111.87210,34.1,19.0,876.8,74.86,0.5
7200.0,1309.4,0.60,0.05,0.60,40.73433,-111.87211,34.1,19.3,876.8,97.32,0.8
7260.0,1309.5,0.29,0.04,0.29,40.73433,-111.87211,34.1,19.4,876.8,88.11,0.7
7320.0,1309.4,0.14,0.05,0.14,40.73433,-111.87211,34.0,19.2,876.8,83.60,0.6
7380.0,1309.3,359.72,0.05,359.72,40.73433,-111.87211,33.9,18.9,876.8,56.91,0.6
7440.0,1309.1,359.91,0.06,359.91,40.73433,-111.87211,33.9,19.1,876.8,91.62,0.7
7500.0,1309.5,0.02,0.06,0.02,40.73433,-111.87210,33.8,19.1,876.8,97.78,0.7
7560.0,1309.9,0.56,0.05,0.56,40.73433,-111.87210,33.7,19.1,876.8,77.18,0.7
7620.0,1309.9,359.99,0.05,359.99,40.73433,-111.87210,33.6,18.9,876.8,90.92,0.7
7680.0,1309.8,359.96,0.05,359.96,40.73433,-111.87210,33.6,19.0,876.8,75.50,0.6
7740.0,1309.6,0.09,0.05,0.09,40.73433,-111.87210,33.4,18.6,876.8,49.93,0.7
7800.0,1309.5,359.77,0.06,359.77,40.73433,-111.87210,33.3,18.9,876.8,67.16,0.5
7860.0,1309.4,359.45,0.05,359.45,40.73433,-111.87210,33.3,19.1,876.8,84.05,0.7
7920.0,1309.4,359.44,0.05,359.44,40.73433,-111.87210,33.2,19.5,876.8,89.79,0.5
7980.0,1309.5,359.39,0.05,359.39,40.73433,-111.87210,33.2,19.6,876.8,92.01,0.7
8040.0,1309.5,359.86,0.05,359.86,40.73433,-111.87210,33.1,20.0,876.8,87.24,0.7
8100.0,1309.4,359.64,0.05,359.64,40.73433,-111.87210,33.0,19.6,876.8,72.82,0.6
8160.0,1309.6,359.55,0.05,359.55,40.73433,-111.87210,32.9,19.7,876.8,88.39,0.6
8220.0,1310.1,359.87,0.05,359.87,40.73433,-111.87210,32.8,19.9,876.8,100.59,0.7
8280.0,1310.1,359.79,0.05,359.79,40.73433,-111.87210,32.7,20.0,876.8,79.08,0.5
8340.0,1309.8,359.77,0.05,359.77,40.73433,-111.87210,32.7,19.9,876.8,75.20,0.5
8400.0,1309.8,359.44,0.06,359.44,40.73433,-111.87210,32.6,19.9,876.8,63.68,0.5
8460.0,1309.9,359.05,0.06,359.05,40.73433,-111.87210,32.5,19.7,876.8,60.80,0.5
8520.0,1310.0,359.06,0.05,359.06,40.73433,-111.87210,32.4,19.6,876.8,78.41,0.5
8580.0,1310.0,359.67,0.05,359.67,40.73433,-111.87210,32.4,19.9,876.8,96.90,0.5
8640.0,1310.0,0.15,0.06,0.15,40.73433,-111.87210,32.4,20.0,876.8,95.88,0.6
8700.0,1309.9,0.35,0.04,0.35,40.73433,-111.87210,32.4,20.1,876.8,86.10,0.4
8760.0,1309.8,359.97,0.05,359.97,40.73433,-111.87210,32.4,19.9,876.8,89.88,0.5
8820.0,1309.9,359.82,0.05,359.82,40.73433,-111.87210,32.3,19.8,876.8,80.81,0.5
8880.0,1309.8,0.06,0.05,0.06,40.73433,-111.87210,32.3,20.1,876.8,120.36,0.7
8940.0,1310.0,359.99,0.05,359.99,40.73434,-111.87210,32.3,20.3,876.8,78.32,0.4
9000.0,1309.5,359.60,0.06,359.60,40.73433,-111.87210,32.2,20.4,876.8,95.62,0.6
9060.0,1309.5,359.58,0.06,359.58,40.73433,-111.87210,32.2,20.4,876.8,106.56,0.7
9120.0,1309.4,359.72,0.06,359.72,40.73433,-111.87210,32.1,20.5,876.8,105.05,0.7
9180.0,1309.3,359.45,0.05,359.45,40.73434,-111.87210,32.1,20.6,876.7,107.17,0.8
9240.0,1309.2,359.15,0.06,359.15,40.73433,-111.87210,32.0,20.8,876.7,113.98,0.9
9300.0,1309.1,358.98,0.06,358.98,40.73433,-111.87210,32.0,20.8,876.7,121.60,0.7
9360.0,1308.9,358.89,0.05,358.89,40.73433,-111.87210,32.0,21.3,876.7,120.78,1.2
9420.0,1308.8,358.99,0.05,358.99,40.73433,-111.87210,32.0,21.3,876.7,119.99,1.5
9480.0,1308.9,359.04,0.06,359.04,40.73433,-111.87210,31.9,21.4,876.7,123.73,1.6
9540.0,1308.8,359.10,0.05,359.10,40.73434,-111.87210,31.9,21.9,876.7,116.91,1.4
9600.0,1308.8,358.95,0.06,358.95,40.73434,-111.87210,31.8,22.3,876.7,112.88,1.3
9660.0,1308.7,358.85,0.05,358.85,40.73433,-111.87210,31.7,21.9,876.7,110.56,1.7
9720.0,1308.7,358.56,0.06,358.56,40.73433,-111.87210,31.6,21.9,876.7,113.36,1.8
9780.0,1308.7,358.94,0.05,358.94,40.73433,-111.87210,31.5,22.2,876.7,112.43,1.5
9840.0,1308.7,358.82,0.06,358.82,40.73433,-111.87210,31.5,22.3,876.7,111.21,1.1
9900.0,1308.6,358.82,0.05,358.82,40.73433,-111.87210,31.4,22.4,876.7,113.64,1.2
9960.0,1308.4,359.18,0.05,359.18,40.73433,-111.87210,31.4,22.6,876.7,110.23,1.0
10020.0,1308.4,359.23,0.06,359.23,40.73433,-111.87210,31.4,22.7,876.7,104.04,0.8
10080.0,1308.4,358.71,0.06,358.71,40.73433,-111.87210,31.3,22.7,876.8,110.27,1.4
10140.0,1308.1,358.73,0.06,358.73,40.73433,-111.87210,31.2,22.7,876.8,110.41,1.4
10200.0,1308.2,358.90,0.06,358.90,40.73433,-111.87211,31.1,23.0,876.8,115.99,1.8
10260.0,1308.2,358.85,0.06,358.85,40.73433,-111.87210,31.0,23.1,876.8,112.09,2.3
10320.0,1308.3,358.90,0.05,358.90,40.73433,-111.87210,31.0,23.5,876.8,115.06,1.6
10380.0,1308.6,358.73,0.05,358.73,40.73433,-111.87210,30.8,23.3,876.8,113.40,1.8
10440.0,1308.7,358.32,0.05,358.32,40.73433,-111.87210,30.9,23.4,876.8,115.93,1.1
10500.0,1309.1,358.80,0.06,358.80,40.73434,-111.87211,30.8,23.4,876.8,114.59,0.8
10560.0,1309.6,358.54,0.05,358.54,40.73433,-111.87210,30.8,23.6,876.8,114.43,1.1
10620.0,1309.7,358.18,0.05,358.18,40.73433,-111.87210,30.7,23.6,876.8,110.22,1.2
10680.0,1309.6,358.66,0.06,358.66,40.73433,-111.87211,30.6,23.6,876.8,115.21,1.7
10740.0,1309.6,358.61,0.05,358.61,40.73434,-111.87211,30.5,23.8,876.8,115.00,2.0
10800.0,1309.6,358.64,0.06,358.64,40.73433,-111.87211,30.5,24.1,876.8,114.67,1.0
10860.0,1309.7,358.75,0.06,358.75,40.73433,-111.87211,30.4,24.1,876.8,120.64,1.5
10920.0,1309.8,358.93,0.06,358.93,40.73433,-111.87211,30.3,23.9,876.8,117.24,1.4
10980.0,1309.8,358.87,0.06,358.87,40.73433,-111.87211,30.2,23.8,876.9,115.89,2.1
11040.0,1309.9,359.19,0.06,359.19,40.73433,-111.87211,30.2,23.9,876.9,124.99,1.2
11100.0,1309.8,359.24,0.05,359.24,40.73433,-111.87211,30.2,24.0,876.9,114.09,0.8
11160.0,1309.7,358.74,0.05,358.74,40.73433,-111.87211,30.2,23.9,876.9,106.72,0.6
11220.0,1309.7,358.66,0.06,358.66,40.73433,-111.87211,30.1,23.7,876.9,104.61,1.0
11280.0,1309.6,358.44,0.05,358.44,40.73433,-111.87211,30.1,23.8,876.9,113.21,1.6
11340.0,1309.5,358.19,0.05,358.19,40.73433,-111.87211,30.1,23.8,877.0,115.18,1.2
11400.0,1309.3,358.82,0.05,358.82,40.73433,-111.87211,30.1,23.8,877.0,106.44,0.6
11460.0,1309.1,359.33,0.06,359.33,40.73433,-111.87211,30.1,23.8,877.0,122.16,0.9
11520.0,1308.9,359.75,0.04,359.75,40.73433,-111.87211,30.0,23.8,877.0,117.54,1.0
11580.0,1308.9,359.99,0.05,359.99,40.73433,-111.87211,30.0,23.9,877.0,104.55,0.8
11640.0,1309.0,0.02,0.05,0.02,40.73433,-111.87211,30.0,23.8,877.0,113.95,0.6
11700.0,1309.0,0.43,0.05,0.43,40.73433,-111.87211,30.0,23.8,877.1,110.71,0.8
11760.0,1309.0,0.66,0.05,0.66,40.73433,-111.87210,30.0,24.0,877.1,102.98,0.7
11820.0,1309.1,0.54,0.05,0.54,40.73433,-111.87210,30.0,24.0,877.1,122.19,0.9
11880.0,1308.9,0.16,0.05,0.16,40.73433,-111.87211,30.0,24.1,877.1,112.77,0.6
11940.0,1308.9,0.17,0.06,0.17,40.73433,-111.87211,30.0,24.1,877.1,103.71,0.7
12000.0,1309.0,359.69,0.06,359.69,40.73433,-111.87211,30.0,24.0,877.2,90.08,0.5
12060.0,1309.2,359.92,0.05,359.92,40.73433,-111.87210,30.1,24.0,877.2,106.29,0.5
