CampaignData_and_Merges/R0/CSL_MobileLab_Parked/raw/20240715/USOS-jNO2_MobileLabGround_20240715_R0.ict
52,1001
Waxman, E.; Rollins, A.; Zuraski, K.; Chace, W.
NOAA Chemical Sciences Laboratory
jNO2 filter radiometer on CSL Mobile Lab
AMMBEC / USOS
1, 1
2024,07,15, 2025,04,02
60
Time_Start, seconds, number_of_seconds_since_0000_UTC
20
1, 1, 1, 1, 1, 1, 1, 1, 1, 1, 1, 1, 1, 1, 1, 1, 1, 1, 1, 1
-9999, -9999, -9999, -9999, -9999, -9999, -9999, -9999, -9999, -9999, -9999, -9999, -9999, -9999, -9999, -9999, -9999, -9999, -9999, -9999
Time_Stop, seconds, number_of_seconds_since_0000_UTC
jNO2_meas, per second, photolysis rate of NO2 measured using a filter radiometer.
jBrCl, per second, photolysis rate of BrCl -> Br + Cl calculated in TUV for cloud-free sky with local AOD
jBr2, per second, photolysis rate of Br2 -> Br + Br calculated in TUV for cloud-free sky with local AOD
jCCl4, per second, photolysis rate of CCl4 -> Products calcualted in TUV for cloud-free sky with local AOD
jCH2Oa, per second, photolysis rate of CH2O -> H + HCO calculated in TUV for cloud-free sky with local AOD
jCH2Ob, per second, photolysis rate of CH2O -> H2 + CO calculated in TUV for cloud-free sky with local AOD
jClNO2, per second, photolysis rate of ClNO2 -> Cl + NO2 calculated in TUV for cloud-free sky with local AOD
jClOa, per second, photolysis rate of ClO -> Cl + O(1D) calculated in TUV for cloud-free sky with local AOD
jClOb, per second, photolysis rate of ClO -> Cl + O(3P) calculated in TUV for cloud-free sky with local AOD
jCl2, per second, photolysis rate of Cl2 -> Cl + Cl calculated in TUV for cloud-free sky with local AOD
jHNO2, per second, photolysis rate of HNO2 -> OH + NO calculated in TUV for cloud-free sky with local AOD
jHNO3, per second, photolysis rate of HNO3 -> OH + NO2 calculated in TUV for cloud-free sky with local AOD
jI2, per second, photolysis rate of I2 -> I + I calculated in TUV for cloud-free sky with local AOD
jNO2, per second, photolysis rate of NO2 -> NO + O(3P) calculated in TUV for cloud-free sky with local AOD
jNO3a, per second, photolysis rate of NO3 -> NO + O2 calculated in TUV for cloud-free sky with local AOD
jNO3b, per second, photolysis rate of NO3 -> NO2 + O(3P) calculated in TUV for cloud-free sky with local AOD
jN2O5, per second, photolysis rate of N2O5 -> NO3 + NO + O(3P) calculated in TUV for cloud-free sky with local AOD
jO3, per second, photolysis rate of O3 -> O2 + O(1D) calculated in TUV for cloud-free sky with local AOD
AOD_500nm, unitless, UTC daily mean AOD at 500 nm from an AERONET station located at 40.178 N, -112.452 E
0
18
PI_CONTACT_INFO: eleanor.waxman@noaa.gov
PLATFORM: CSL Mobile Lab, at ground site
LOCATION: Salt Lake City, UT
ASSOCIATED_DATA:
INSTRUMENT_INFO: jNO2 filter radiometer.  TUV calculations are for mobile van lat/lon/altitude assuming clear sky (cloud AOD = 0) and daily mean AOD.
DATA_INFO:
UNCERTAINTY: Data uncertainties are +/- 20%.  These come from uncertainties in radiometer angular response, radiometer thermal response, local interferences from clouds/aerosols/shadows etc.
ULOD_FLAG: -7777
ULOD_VALUE: N/A
LLOD_FLAG: -8888
LLOD_VALUE: N/A
DM_CONTACT_INFO: eleanor.waxman@noaa.gov
PROJECT_INFO: USOS Project, July - August 2024
STIPULATIONS_ON_USE: Users are strongly encouraged to contact the PI for proper data usage.
OTHER_COMMENTS: 
REVISION: R0
R0: final data
Time_Start, Time_Stop, jNO2_meas, jBrCl, jBr2, jCCl4, jCH2Oa, jCH2Ob, jClNO2, jClOa, jClOb, jCl2, jHNO2, jHNO3, jI2, jNO2, jNO3a, jNO3b, jN2O5, jO3, AOD_500nm
[from data line 1280]
   76800,   76860,0.0087963,0.01018,0.03058,1.4e-22,3.089e-05,4.601e-05,0.0004531,6.65e-23,4.499e-05,0.002211,0.00144,5.553e-07,0.1082,0.008811,0.02077,0.167,4.062e-05,2.953e-05,0.111
   76860,   76920,0.0087874,0.01017,0.03057,1.324e-22,3.083e-05,4.595e-05,0.0004525,6.284e-23,4.483e-05,0.002209,0.001439,5.538e-07,0.1081,0.008804,0.02077,0.167,4.056e-05,2.942e-05,0.111
   76920,   76980,0.0087943,0.01017,0.03056,1.252e-22,3.077e-05,4.589e-05,0.0004519,5.936e-23,4.467e-05,0.002207,0.001437,5.524e-07,0.1081,0.008797,0.02077,0.167,4.05e-05,2.931e-05,0.111
   76980,   77040,0.0088124,0.01016,0.03054,1.187e-22,3.072e-05,4.583e-05,0.0004513,5.624e-23,4.451e-05,0.002205,0.001436,5.51e-07,0.1081,0.00879,0.02076,0.1669,4.044e-05,2.921e-05,0.111
   77040,   77100,0.0087763,0.01016,0.03053,1.122e-22,3.066e-05,4.577e-05,0.0004507,5.308e-23,4.435e-05,0.002202,0.001435,5.495e-07,0.108,0.008783,0.02076,0.1669,4.037e-05,2.91e-05,0.111
   77100,   77160,0.0087216,0.01015,0.03052,1.06e-22,3.06e-05,4.571e-05,0.0004501,5.008e-23,4.419e-05,0.0022,0.001434,5.481e-07,0.108,0.008775,0.02075,0.1668,4.031e-05,2.898e-05,0.111
   77160,   77220,0.0086916,0.01014,0.0305,1.004e-22,3.054e-05,4.565e-05,0.0004495,4.738e-23,4.403e-05,0.002198,0.001432,5.466e-07,0.108,0.008768,0.02075,0.1668,4.025e-05,2.888e-05,0.111
   77220,   77280,0.0086766,0.01014,0.03049,9.472e-23,3.048e-05,4.558e-05,0.0004489,4.466e-23,4.386e-05,0.002195,0.001431,5.451e-07,0.1079,0.008761,0.02074,0.1667,4.018e-05,2.876e-05,0.111
   77280,   77340,0.0086798,0.01013,0.03048,8.937e-23,3.042e-05,4.552e-05,0.0004482,4.21e-23,4.37e-05,0.002193,0.00143,5.436e-07,0.1079,0.008753,0.02074,0.1667,4.012e-05,2.865e-05,0.111
   77340,   77400,0.0086589,0.01013,0.03046,8.455e-23,3.037e-05,4.546e-05,0.0004476,3.975e-23,4.354e-05,0.00219,0.001428,5.422e-07,0.1079,0.008746,0.02073,0.1666,4.005e-05,2.854e-05,0.111
   77400,   77460,0.0086366,0.01012,0.03045,7.975e-23,3.03e-05,4.539e-05,0.000447,3.747e-23,4.337e-05,0.002188,0.001427,5.406e-07,0.1078,0.008738,0.02073,0.1666,3.999e-05,2.842e-05,0.111
   77460,   77520,0.008622,0.01011,0.03044,7.511e-23,3.024e-05,4.532e-05,0.0004463,3.523e-23,4.32e-05,0.002185,0.001425,5.391e-07,0.1078,0.00873,0.02072,0.1665,3.992e-05,2.831e-05,0.111
   77520,   77580,0.0086454,0.01011,0.03042,7.097e-23,3.018e-05,4.526e-05,0.0004457,3.326e-23,4.304e-05,0.002183,0.001424,5.376e-07,0.1078,0.008723,0.02072,0.1665,3.985e-05,2.82e-05,0.111
   77580,   77640,0.0086311,0.0101,0.03041,6.707e-23,3.012e-05,4.519e-05,0.000445,3.136e-23,4.286e-05,0.00218,0.001423,5.36e-07,0.1077,0.008715,0.02071,0.1664,3.978e-05,2.808e-05,0.111
   77640,   77700,0.0086346,0.01009,0.03039,6.308e-23,3.006e-05,4.512e-05,0.0004444,2.946e-23,4.269e-05,0.002178,0.001421,5.345e-07,0.1077,0.008707,0.02071,0.1664,3.971e-05,2.796e-05,0.111
   77700,   77760,0.0085987,0.01009,0.03038,5.96e-23,2.999e-05,4.506e-05,0.0004437,2.78e-23,4.252e-05,0.002175,0.00142,5.33e-07,0.1077,0.008699,0.0207,0.1663,3.965e-05,2.785e-05,0.111
   77760,   77820,0.008634,0.01008,0.03036,5.613e-23,2.993e-05,4.499e-05,0.000443,2.615e-23,4.235e-05,0.002173,0.001418,5.314e-07,0.1076,0.008691,0.0207,0.1663,3.958e-05,2.773e-05,0.111
   77820,   77880,0.0086781,0.01007,0.03035,5.292e-23,2.986e-05,4.492e-05,0.0004424,2.46e-23,4.217e-05,0.00217,0.001417,5.297e-07,0.1076,0.008682,0.02069,0.1662,3.95e-05,2.761e-05,0.111
   77880,   77940,0.0086792,0.01006,0.03033,4.983e-23,2.98e-05,4.485e-05,0.0004417,2.314e-23,4.2e-05,0.002167,0.001415,5.282e-07,0.1076,0.008674,0.02068,0.1662,3.944e-05,2.749e-05,0.111
   77940,   78000,0.0085296,0.01006,0.03032,4.685e-23,2.974e-05,4.478e-05,0.000441,2.173e-23,4.182e-05,0.002165,0.001414,5.266e-07,0.1075,0.008666,0.02068,0.1661,3.936e-05,2.737e-05,0.111
   78000,   78060,0.0084186,0.01005,0.0303,4.419e-23,2.967e-05,4.471e-05,0.0004403,2.044e-23,4.164e-05,0.002162,0.001412,5.249e-07,0.1075,0.008657,0.02067,0.1661,3.929e-05,2.724e-05,0.111
   78060,   78120,0.0087237,0.01004,0.03029,4.166e-23,2.96e-05,4.464e-05,0.0004396,1.923e-23,4.147e-05,0.002159,0.001411,5.233e-07,0.1074,0.008649,0.02067,0.166,3.922e-05,2.713e-05,0.111
   78120,   78180,0.0087037,0.01004,0.03027,3.918e-23,2.954e-05,4.456e-05,0.0004389,1.806e-23,4.129e-05,0.002157,0.001409,5.217e-07,0.1074,0.00864,0.02066,0.166,3.914e-05,2.7e-05,0.111
   78180,   78240,0.0087104,0.01002,0.03025,3.678e-23,2.946e-05,4.447e-05,0.000438,1.693e-23,4.111e-05,0.002153,0.001407,5.199e-07,0.1073,0.008628,0.02065,0.1659,3.906e-05,2.688e-05,0.111
   78240,   78300,0.0087035,0.01002,0.03023,3.286e-23,2.936e-05,4.437e-05,0.0004371,1.52e-23,4.087e-05,0.002149,0.001405,5.177e-07,0.1073,0.008618,0.02064,0.1658,3.896e-05,2.673e-05,0.111
   78300,   78360,0.0086569,0.01001,0.03021,3.09e-23,2.93e-05,4.43e-05,0.0004363,1.421e-23,4.07e-05,0.002147,0.001403,5.161e-07,0.1072,0.008609,0.02064,0.1657,3.888e-05,2.661e-05,0.111
   78360,   78420,0.0086263,0.01,0.03019,2.953e-23,2.923e-05,4.422e-05,0.0004356,1.361e-23,4.052e-05,0.002144,0.001402,5.144e-07,0.1072,0.008599,0.02063,0.1657,3.881e-05,2.648e-05,0.111
   78420,   78480,0.0085983,0.009992,0.03018,2.788e-23,2.916e-05,4.415e-05,0.0004349,1.273e-23,4.033e-05,0.002141,0.0014,5.126e-07,0.1072,0.008591,0.02062,0.1656,3.873e-05,2.635e-05,0.111
   78480,   78540,0.0085562,0.009984,0.03016,2.612e-23,2.909e-05,4.407e-05,0.0004341,1.195e-23,4.015e-05,0.002138,0.001398,5.109e-07,0.1071,0.008581,0.02062,0.1656,3.865e-05,2.622e-05,0.111
   78540,   78600,0.0085201,0.009976,0.03014,2.492e-23,2.902e-05,4.399e-05,0.0004334,1.132e-23,3.996e-05,0.002135,0.001397,5.092e-07,0.1071,0.008572,0.02061,0.1655,3.857e-05,2.61e-05,0.111
   78600,   78660,0.0085051,0.009968,0.03012,2.332e-23,2.895e-05,4.392e-05,0.0004326,1.057e-23,3.977e-05,0.002132,0.001395,5.074e-07,0.107,0.008563,0.0206,0.1654,3.85e-05,2.597e-05,0.111
   78660,   78720,0.0084952,0.00996,0.0301,2.224e-23,2.887e-05,4.384e-05,0.0004318,1.004e-23,3.957e-05,0.002129,0.001393,5.056e-07,0.107,0.008553,0.0206,0.1654,3.841e-05,2.584e-05,0.111
   78720,   78780,0.0084902,0.009952,0.03009,2.083e-23,2.88e-05,4.376e-05,0.000431,9.388e-24,3.937e-05,0.002126,0.001392,5.038e-07,0.1069,0.008543,0.02059,0.1653,3.833e-05,2.57e-05,0.111
   78780,   78840,0.0084767,0.009944,0.03007,1.984e-23,2.873e-05,4.368e-05,0.0004303,8.91e-24,3.921e-05,0.002123,0.00139,5.022e-07,0.1069,0.008534,0.02058,0.1652,3.826e-05,2.559e-05,0.111
   78840,   78900,0.008453,0.009935,0.03005,1.859e-23,2.866e-05,4.36e-05,0.0004295,8.333e-24,3.901e-05,0.00212,0.001388,5.004e-07,0.1068,0.008524,0.02058,0.1652,3.817e-05,2.546e-05,0.111
   78900,   78960,0.0084302,0.009926,0.03003,1.752e-23,2.858e-05,4.352e-05,0.0004287,7.841e-24,3.88e-05,0.002117,0.001386,4.985e-07,0.1068,0.008514,0.02057,0.1651,3.809e-05,2.531e-05,0.111
   78960,   79020,0.0084698,0.009918,0.03001,1.652e-23,2.851e-05,4.344e-05,0.0004279,7.359e-24,3.861e-05,0.002114,0.001385,4.967e-07,0.1067,0.008504,0.02056,0.165,3.801e-05,2.517e-05,0.111
   79020,   79080,0.0084881,0.009909,0.02999,1.556e-23,2.843e-05,4.335e-05,0.0004271,6.93e-24,3.842e-05,0.00211,0.001383,4.949e-07,0.1067,0.008494,0.02056,0.165,3.793e-05,2.504e-05,0.111
   79080,   79140,0.0085102,0.0099,0.02997,1.463e-23,2.835e-05,4.327e-05,0.0004263,6.502e-24,3.822e-05,0.002107,0.001381,4.93e-07,0.1066,0.008484,0.02055,0.1649,3.784e-05,2.491e-05,0.111
   79140,   79200,0.0085223,0.009892,0.02995,1.377e-23,2.828e-05,4.319e-05,0.0004255,6.107e-24,3.802e-05,0.002104,0.001379,4.912e-07,0.1066,0.008474,0.02054,0.1648,3.776e-05,2.477e-05,0.111
   79200,   79260,0.0085505,0.009882,0.02993,1.294e-23,2.82e-05,4.31e-05,0.0004246,5.717e-24,3.781e-05,0.002101,0.001377,4.893e-07,0.1065,0.008463,0.02053,0.1647,3.767e-05,2.464e-05,0.111
   79260,   79320,0.0085536,0.009873,0.02991,1.219e-23,2.813e-05,4.302e-05,0.0004238,5.348e-24,3.762e-05,0.002097,0.001375,4.875e-07,0.1065,0.008453,0.02052,0.1647,3.759e-05,2.45e-05,0.111
   79320,   79380,0.0085512,0.009864,0.02989,1.155e-23,2.805e-05,4.293e-05,0.000423,5.023e-24,3.744e-05,0.002094,0.001374,4.858e-07,0.1064,0.008442,0.02052,0.1646,3.751e-05,2.438e-05,0.111
   79380,   79440,0.0085548,0.009855,0.02987,1.094e-23,2.797e-05,4.284e-05,0.0004221,4.746e-24,3.725e-05,0.002091,0.001372,4.839e-07,0.1064,0.008432,0.02051,0.1645,3.742e-05,2.425e-05,0.111
   79440,   79500,0.0085786,0.009845,0.02985,1.034e-23,2.789e-05,4.276e-05,0.0004213,4.481e-24,3.705e-05,0.002087,0.00137,4.821e-07,0.1063,0.008421,0.0205,0.1644,3.733e-05,2.412e-05,0.111
   79500,   79560,0.0085785,0.009836,0.02983,9.813e-24,2.782e-05,4.267e-05,0.0004205,4.238e-24,3.687e-05,0.002084,0.001368,4.803e-07,0.1063,0.00841,0.02049,0.1644,3.725e-05,2.399e-05,0.111
   79560,   79620,0.008555,0.009826,0.02981,9.28e-24,2.774e-05,4.258e-05,0.0004196,3.994e-24,3.667e-05,0.002081,0.001366,4.784e-07,0.1062,0.008399,0.02048,0.1643,3.716e-05,2.386e-05,0.111
   79620,   79680,0.0085481,0.009816,0.02979,8.777e-24,2.766e-05,4.249e-05,0.0004187,3.765e-24,3.647e-05,0.002077,0.001364,4.765e-07,0.1062,0.008388,0.02048,0.1642,3.707e-05,2.372e-05,0.111
   79680,   79740,0.0085486,0.009807,0.02976,8.331e-24,2.758e-05,4.24e-05,0.0004178,3.561e-24,3.628e-05,0.002074,0.001362,4.747e-07,0.1061,0.008377,0.02047,0.1641,3.698e-05,2.359e-05,0.111
   79740,   79800,0.0085366,0.009797,0.02974,7.885e-24,2.75e-05,4.231e-05,0.0004169,3.357e-24,3.608e-05,0.00207,0.00136,4.727e-07,0.106,0.008365,0.02046,0.1641,3.689e-05,2.346e-05,0.111
   79800,   79860,0.0085257,0.009787,0.02972,7.465e-24,2.741e-05,4.222e-05,0.000416,3.167e-24,3.588e-05,0.002066,0.001358,4.708e-07,0.106,0.008354,0.02045,0.164,3.68e-05,2.332e-05,0.111
   79860,   79920,0.0085183,0.009777,0.0297,7.093e-24,2.733e-05,4.213e-05,0.0004152,2.998e-24,3.569e-05,0.002063,0.001356,4.689e-07,0.1059,0.008343,0.02044,0.1639,3.671e-05,2.319e-05,0.111
   79920,   79980,0.0084983,0.009767,0.02967,6.721e-24,2.725e-05,4.203e-05,0.0004142,2.829e-24,3.548e-05,0.002059,0.001353,4.67e-07,0.1059,0.008331,0.02043,0.1638,3.662e-05,2.305e-05,0.111
   79980,   80040,0.0084865,0.009756,0.02965,6.372e-24,2.716e-05,4.194e-05,0.0004133,2.672e-24,3.528e-05,0.002056,0.001351,4.65e-07,0.1058,0.008319,0.02042,0.1637,3.652e-05,2.291e-05,0.111
   80040,   80100,0.0084916,0.009746,0.02963,6.063e-24,2.708e-05,4.185e-05,0.0004124,2.533e-24,3.508e-05,0.002052,0.001349,4.631e-07,0.1057,0.008307,0.02041,0.1636,3.643e-05,2.278e-05,0.111
   80100,   80160,0.0084772,0.009735,0.0296,5.754e-24,2.7e-05,4.175e-05,0.0004115,2.394e-24,3.488e-05,0.002048,0.001347,4.611e-07,0.1057,0.008295,0.0204,0.1635,3.634e-05,2.264e-05,0.111
   80160,   80220,0.0084492,0.009724,0.02958,5.463e-24,2.691e-05,4.165e-05,0.0004105,2.263e-24,3.467e-05,0.002044,0.001345,4.591e-07,0.1056,0.008283,0.02039,0.1634,3.624e-05,2.25e-05,0.111
   80220,   80280,0.0084318,0.009714,0.02956,5.205e-24,2.683e-05,4.156e-05,0.0004096,2.148e-24,3.447e-05,0.002041,0.001343,4.572e-07,0.1056,0.008271,0.02038,0.1634,3.615e-05,2.237e-05,0.111
   80280,   80340,0.0083868,0.009703,0.02953,4.947e-24,2.674e-05,4.146e-05,0.0004087,2.033e-24,3.426e-05,0.002037,0.001341,4.552e-07,0.1055,0.008259,0.02037,0.1633,3.605e-05,2.223e-05,0.111
   80340,   80400,0.0083769,0.009692,0.02951,4.705e-24,2.665e-05,4.136e-05,0.0004077,1.926e-24,3.405e-05,0.002033,0.001338,4.532e-07,0.1054,0.008246,0.02036,0.1632,3.595e-05,2.208e-05,0.111
   80400,   80460,0.0083198,0.009681,0.02948,4.49e-24,2.657e-05,4.126e-05,0.0004068,1.831e-24,3.386e-05,0.002029,0.001336,4.512e-07,0.1054,0.008234,0.02035,0.1631,3.586e-05,2.195e-05,0.111
   80460,   80520,0.0082986,0.00967,0.02946,4.274e-24,2.648e-05,4.116e-05,0.0004058,1.736e-24,3.365e-05,0.002025,0.001334,4.492e-07,0.1053,0.008221,0.02034,0.163,3.576e-05,2.181e-05,0.111
   80520,   80580,0.008272,0.009658,0.02943,4.071e-24,2.639e-05,4.106e-05,0.0004048,1.646e-24,3.343e-05,0.002021,0.001331,4.471e-07,0.1052,0.008208,0.02033,0.1629,3.566e-05,2.166e-05,0.111
   80580,   80640,0.0082526,0.009647,0.0294,3.891e-24,2.63e-05,4.096e-05,0.0004038,1.567e-24,3.324e-05,0.002018,0.001329,4.452e-07,0.1052,0.008195,0.02032,0.1628,3.556e-05,2.153e-05,0.111
   80640,   80700,0.0082459,0.009636,0.02938,3.71e-24,2.621e-05,4.086e-05,0.0004028,1.488e-24,3.302e-05,0.002013,0.001327,4.431e-07,0.1051,0.008182,0.02031,0.1627,3.546e-05,2.139e-05,0.111
   80700,   80760,0.0082101,0.009628,0.02936,3.579e-24,2.615e-05,4.078e-05,0.0004021,1.43e-24,3.285e-05,0.002011,0.001325,4.415e-07,0.105,0.008173,0.02031,0.1626,3.539e-05,2.127e-05,0.111
   80760,   80820,0.0081896,0.009616,0.02933,3.425e-24,2.606e-05,4.068e-05,0.0004012,1.364e-24,3.266e-05,0.002007,0.001323,4.395e-07,0.105,0.008161,0.02029,0.1625,3.529e-05,2.114e-05,0.111
   80820,   80880,0.0081769,0.009604,0.02931,3.271e-24,2.597e-05,4.058e-05,0.0004001,1.297e-24,3.244e-05,0.002003,0.001321,4.374e-07,0.1049,0.008147,0.02028,0.1624,3.519e-05,2.099e-05,0.111
   80880,   80940,0.0081687,0.009592,0.02928,3.124e-24,2.587e-05,4.047e-05,0.0003991,1.234e-24,3.223e-05,0.001998,0.001318,4.353e-07,0.1048,0.008133,0.02027,0.1623,3.508e-05,2.085e-05,0.111
   80940,   81000,0.008149,0.00958,0.02925,2.994e-24,2.579e-05,4.037e-05,0.0003981,1.178e-24,3.202e-05,0.001994,0.001316,4.333e-07,0.1048,0.00812,0.02026,0.1622,3.498e-05,2.071e-05,0.111
   81000,   81060,0.0081378,0.009568,0.02922,2.864e-24,2.569e-05,4.026e-05,0.000397,1.122e-24,3.181e-05,0.00199,0.001313,4.312e-07,0.1047,0.008106,0.02025,0.1621,3.488e-05,2.057e-05,0.111
   81060,   81120,0.0081028,0.009555,0.02919,2.74e-24,2.56e-05,4.015e-05,0.000396,1.07e-24,3.159e-05,0.001986,0.001311,4.29e-07,0.1046,0.008092,0.02024,0.162,3.477e-05,2.042e-05,0.111
   81120,   81180,0.0080636,0.009543,0.02917,2.631e-24,2.551e-05,4.004e-05,0.000395,1.023e-24,3.139e-05,0.001982,0.001308,4.27e-07,0.1045,0.008078,0.02023,0.1619,3.467e-05,2.028e-05,0.111
   81180,   81240,0.0080409,0.00953,0.02914,2.52e-24,2.541e-05,3.993e-05,0.0003939,9.764e-25,3.117e-05,0.001977,0.001306,4.248e-07,0.1045,0.008064,0.02021,0.1618,3.456e-05,2.014e-05,0.111
   81240,   81300,0.0080143,0.009517,0.02911,2.414e-24,2.531e-05,3.982e-05,0.0003928,9.322e-25,3.095e-05,0.001973,0.001303,4.226e-07,0.1044,0.008049,0.0202,0.1617,3.445e-05,1.999e-05,0.111
   81300,   81360,0.0080007,0.009505,0.02908,2.321e-24,2.522e-05,3.971e-05,0.0003918,8.929e-25,3.075e-05,0.001969,0.001301,4.206e-07,0.1043,0.008036,0.02019,0.1616,3.435e-05,1.985e-05,0.111
   81360,   81420,0.0079894,0.009492,0.02905,2.226e-24,2.512e-05,3.96e-05,0.0003907,8.534e-25,3.053e-05,0.001964,0.001298,4.184e-07,0.1042,0.008021,0.02018,0.1614,3.424e-05,1.971e-05,0.111
   81420,   81480,0.0079833,0.009478,0.02902,2.136e-24,2.503e-05,3.949e-05,0.0003896,8.161e-25,3.031e-05,0.00196,0.001295,4.162e-07,0.1041,0.008006,0.02016,0.1613,3.413e-05,1.956e-05,0.111
   81480,   81540,0.0079865,0.009465,0.02899,2.056e-24,2.493e-05,3.938e-05,0.0003885,7.829e-25,3.011e-05,0.001955,0.001293,4.142e-07,0.1041,0.007992,0.02015,0.1612,3.403e-05,1.942e-05,0.111
   81540,   81600,0.0079851,0.009452,0.02896,1.975e-24,2.483e-05,3.926e-05,0.0003874,7.494e-25,2.989e-05,0.001951,0.00129,4.119e-07,0.104,0.007977,0.02014,0.1611,3.391e-05,1.927e-05,0.111
   81600,   81660,0.0079637,0.009438,0.02892,1.897e-24,2.473e-05,3.914e-05,0.0003863,7.177e-25,2.967e-05,0.001946,0.001288,4.097e-07,0.1039,0.007961,0.02013,0.161,3.38e-05,1.913e-05,0.111
   81660,   81720,0.0079519,0.009425,0.02889,1.828e-24,2.464e-05,3.903e-05,0.0003852,6.895e-25,2.946e-05,0.001942,0.001285,4.076e-07,0.1038,0.007947,0.02011,0.1609,3.37e-05,1.899e-05,0.111
   81720,   81780,0.0079374,0.009411,0.02886,1.759e-24,2.454e-05,3.891e-05,0.000384,6.611e-25,2.924e-05,0.001937,0.001282,4.054e-07,0.1037,0.007931,0.0201,0.1607,3.358e-05,1.884e-05,0.111
   81780,   81840,0.0079246,0.009397,0.02883,1.692e-24,2.444e-05,3.88e-05,0.0003829,6.341e-25,2.903e-05,0.001932,0.001279,4.032e-07,0.1036,0.007915,0.02009,0.1606,3.347e-05,1.869e-05,0.111
