CampaignData_and_Merges/R0/CSL_MobileLab_Parked/raw/20240715/USOS-PTR_MobileLabGround_20240715_R0.ict
58, 1001
Matthew Coggon, Kelvin Bates, Chelsea Stockwell, Carsten Warneke
NOAA ESRL Chemical Sciences Division
NOAA PTR-ToF-MS
USOS
1,1 
2024, 07, 15, 2025, 09, 19
0
Time_Start, seconds, number of seconds from 00:00 UTC 
22
1, 1, 1, 1, 1, 1, 1, 1, 1, 1, 1, 1, 1, 1, 1, 1, 1, 1, 1, 1, 1, 1
-9999, -9999, -9999, -9999, -9999, -9999, -9999, -9999, -9999, -9999, -9999, -9999, -9999, -9999, -9999, -9999, -9999, -9999, -9999, -9999, -9999, -9999
CH3OH_NOAAPTR_ppbv,  ppbv, Gas_CH3OH_InSitu_S_AVMR, (CH3OH) methanol
CH3CN_NOAAPTR_ppbv,  ppbv, Gas_CH3CN_InSitu_S_AVMR, (CH3CN) acetonitrile
CH3CHO_NOAAPTR_ppbv,  ppbv, Gas_CH3CHO_InSitu_S_AVMR, (CH3CHO) acetaldehyde plus contributions from ethylene glycol and ethylene oxide. Interference from ethanol has been subtracted out.
C2H5OH_NOAAPTR_ppbv,  ppbv, Gas_C2H5OH_InSitu_S_AVMR, (C2H5OH) ethanol
CH3SH_NOAAPTR_ppbv,  ppbv, Gas_CH3SH_InSitu_S_AVMR, (CH3SH) methanethiol, using calibration factor for DMS
Acrolein_NOAAPTR_ppbv,  ppbv, Gas_Acrolein_InSitu_S_AVMR, (C3H4O) acrolein
AcetonePropanal_NOAAPTR_ppbv,  ppbv, Gas_AcetoneAndPropanal_InSitu_S_AVMR, (C3H6O) sum of acetone (dominant isomer) and propanal, using calibration factor for acetone
DMS_NOAAPTR_ppbv,  ppbv, Gas_DMS_InSitu_S_AVMR, (C2H6S) dimethyl sulfide with possible small contributions from ethanethiol
C5H8_NOAAPTR_ppbv,  ppbv, Gas_Isoprene_InSitu_S_AVMR, (C5H8) isoprene and possible fragments from cycloalkanes and aldehydes. Interferences have been subtracted following methods described by Coggon et al (2023)
MVKMAC_NOAAPTR_ppbv,  ppbv, Gas_MVKAndMAC_InSitu_S_AVMR, (C4H6O) sum of methyl vinyl ketone, methacrolein, and small amounts of crotonaldehyde, using weighted calibration factor for MVK (0.637) and MACR (0.363)
Benzene_NOAAPTR_ppbv,  ppbv, Gas_Benzene_InSitu_S_AVMR, (C6H6) benzene
Toluene_NOAAPTR_ppbv,  ppbv, Gas_Toluene_InSitu_S_AVMR, (C7H8) toluene with possible small contributions of fragments from ethyltoluene
Styrene_NOAAPTR_ppbv,  ppbv, Gas_Styrene_InSitu_S_AVMR, (C8H8) styrene
Benzaldehyde_NOAAPTR_ppbv,  ppbv, Gas_Benzaldehyde_InSitu_S_AVMR, (C7H6O) benzaldehyde
C8Aromatics_NOAAPTR_ppbv,  ppbv, Gas_C8Aromatics_InSitu_M_AVMR, (C8H10) sum of m-xylene, p-xylene, o-xylene, and ethyl benzene
C9Aromatics_NOAAPTR_ppbv,  ppbv, Gas_C9Aromatics_InSitu_M_AVMR, (C9H12) sum of C9 aromatics
Naphthalene_NOAAPTR_ppbv,  ppbv, Gas_Naphthalene_InSitu_S_AVMR, (C10H8) naphthalene
Octanal_NOAAPTR_ppbv,  ppbv, Gas_Octanal_InSitu_S_AVMR, (C8H16O) octanal and small amounts of octanone
Monoterpenes_NOAAPTR_ppbv,  ppbv, Gas_Monoterpenes_InSitu_M_AVMR, (C10H16) sum of monoterpenes and possible contributions from fragments of oxygenated monoterpenoids such as eucalyptol.
Nonanal_NOAAPTR_ppbv,  ppbv, Gas_Nonanal_InSitu_M_AVMR, (C9H18O) nonanal and small amounts of nonanone
C7H4ClF3_NOAAPTR_ppbv,  ppbv, Gas_C7H4ClF3_InSitu_S_AVMR, (C7H4ClF3) parachlorobenzotrifluoride
C10H30O5Si5_NOAAPTR_ppbv,  ppbv, Gas_C10H30O5Si5_InSitu_S_AVMR, (C10H30O5Si5) decamethylcyclopentasiloxane
1
SPECIAL COMMENTS:N/A
21
PI_CONTACT_INFO: NOAA ESRL Chemical Sciences Division, Tropospheric Chemistry Group. 325 Broadway, R/CSD7, Boulder, CO 80305
PLATFORM: Mobile Laboratory.
LOCATION: Salt Lake City, UT
ASSOCIATED_DATA: N/A
INSTRUMENT_INFO: NOAA PTR-ToF-MS measurements on NOAA CSL Mobile Lab
DATA_INFO: Units: ppbv
UNCERTAINTY: See OTHER_COMMENTS
ULOD_FLAG: -7777
ULOD_VALUE: N/A
LLOD_FLAG: -8888
LLOD_VALUE: N/A.
DM_CONTACT_INFO: Data Managers: Matt Coggon, Kelvin Bates, Chelsea Stockwell; email: matthew.m.coggon@noaa.gov and kelvin.bates@colorado.edu
PROJECT_INFO: USOS Deployment July-August, 2024
STIPULATIONS_ON_USE: Use of these data require prior OK from PI.
OTHER_COMMENTS: Uncertainties:
CH3OH_NOAAPTR_ppbv:30%; CH3CN_NOAAPTR_ppbv:30%; CH3CHO_NOAAPTR_ppbv:30%; C2H5OH_NOAAPTR_ppbv:30%; CH3SH_NOAAPTR_ppbv:50%; Acrolein_NOAAPTR_ppbv:30%; AcetonePropanal_NOAAPTR_ppbv:30%; DMS_NOAAPTR_ppbv:30%; C5H8_NOAAPTR_ppbv:30%; MVKMAC_NOAAPTR_ppbv:30%; 
Benzene_NOAAPTR_ppbv:30%; Toluene_NOAAPTR_ppbv:30%; Styrene_NOAAPTR_ppbv:30%; Benzaldehyde_NOAAPTR_ppbv:30%; C8Aromatics_NOAAPTR_ppbv:30%; C9Aromatics_NOAAPTR_ppbv:30%; Naphthalene_NOAAPTR_ppbv:30%; Octanal_NOAAPTR_ppbv:30%; Monoterpenes_NOAAPTR_ppbv:30%; Nonanal_NOAAPTR_ppbv:30%; 
C7H4ClF3_NOAAPTR_ppbv:30%; C10H30O5Si5_NOAAPTR_ppbv:30%; 
REVISION: R0
R0: Calibrated PTR Data. See individual species comments for details about measurement uncertainties
Time_Start, CH3OH_NOAAPTR_ppbv, CH3CN_NOAAPTR_ppbv, CH3CHO_NOAAPTR_ppbv, C2H5OH_NOAAPTR_ppbv, CH3SH_NOAAPTR_ppbv, Acrolein_NOAAPTR_ppbv, AcetonePropanal_NOAAPTR_ppbv, DMS_NOAAPTR_ppbv, C5H8_NOAAPTR_ppbv, MVKMAC_NOAAPTR_ppbv, Benzene_NOAAPTR_ppbv, Toluene_NOAAPTR_ppbv, Styrene_NOAAPTR_ppbv, Benzaldehyde_NOAAPTR_ppbv, C8Aromatics_NOAAPTR_ppbv, C9Aromatics_NOAAPTR_ppbv, Naphthalene_NOAAPTR_ppbv, Octanal_NOAAPTR_ppbv, Monoterpenes_NOAAPTR_ppbv, Nonanal_NOAAPTR_ppbv, C7H4ClF3_NOAAPTR_ppbv, C10H30O5Si5_NOAAPTR_ppbv
[from data line 77]
 4620.0, 8.09188, 0.19384, 1.03152, 3.83979, 0.00191, 0.11251, 3.37242, 0.00537, 0.49280, 0.17328, 0.04571, 0.23496, 0.03221, 0.01727, 0.16990, 0.08983, -0.00280, 0.02003, 0.24703, 0.10884, 0.00095, 0.00114 
 4680.0, 8.51848, 0.18096, 0.98468, 2.25572, 0.00378, 0.08986, 3.22789, 0.00029, 0.12131, 0.18229, -0.00145, 0.07474, 0.02016, 0.00680, 0.06643, 0.04530, 0.00714, 0.04106, 0.23720, 0.05501, 0.00278, 0.01505 
 4740.0, 5.40238, 0.18450, 1.20620, 7.86487, 0.00678, 0.16392, 3.25927, 0.02548, 0.00000, 0.20179, 0.57385, 1.71657, 0.16012, -0.01138, 1.19318, 0.51314, 0.05397, 0.03437, 0.26825, 0.05782, 0.00405, 0.00920 
 4800.0, 6.41139, 0.19512, 0.67480, 0.84413, 0.00198, 0.08962, 3.05261, 0.01861, 0.00000, 0.15159, 0.02132, 0.10466, 0.01152, -0.00596, 0.06777, 0.03309, 0.00421, 0.03598, 0.12046, 0.05296, 0.00259, 0.00229 
 4860.0, 8.41583, 0.18741, 0.99314, 2.22194, 0.00533, 0.11297, 3.31923, 0.01200, 0.00000, 0.18947, 0.09139, 0.37247, 0.05449, 0.00046, 0.30053, 0.15508, 0.04004, 0.06500, 0.25416, 0.15822, 0.00362, 0.00279 
 4920.0, 4.31332, 0.20890, 0.71231, 1.33188, 0.00454, 0.07643, 3.06124, 0.02004, 0.00000, 0.15469, 0.04840, 0.12525, -0.00646, -0.00994, 0.10027, 0.04085, -0.00460, 0.01213, 0.26042, 0.04635, 0.00224, 0.02246 
 4980.0, 6.65939, 0.19719, 1.01477, 2.18387, 0.00057, 0.14831, 3.38179, 0.00717, 0.00000, 0.19682, 0.15158, 0.39785, 0.05915, 0.00545, 0.26994, 0.16671, 0.03116, 0.03017, 0.29630, 0.08457, 0.00513, 0.00780 
 5040.0, 7.17101, 0.19339, 1.38589, 16.77261, -0.00113, 0.17837, 3.27044, 0.01527, 0.00000, 0.16569, 1.47068, 3.95231, 0.31475, -0.01158, 2.87349, 1.25964, 0.06426, 0.03006, 0.07863, 0.11060, -0.00058, 0.00390 
 5100.0, 5.25671, 0.19460, 0.81550, 2.43876, 0.00069, 0.05684, 3.14354, -0.00078, 0.00000, 0.14145, 0.32138, 0.84176, 0.07539, -0.00883, 0.63086, 0.27036, 0.00496, 0.02065, 0.07384, 0.05112, 0.00608, 0.01471 
 5160.0, 5.61017, 0.17524, 0.70640, 0.92631, 0.00288, 0.07174, 3.03209, 0.01798, 0.25553, 0.19049, -0.01091, 0.11028, 0.00466, -0.00358, 0.08110, 0.03136, 0.00217, 0.02131, 0.17149, 0.03766, 0.00235, 0.00093 
 5220.0, 7.55298, 0.17784, 0.85601, 1.62592, 0.00123, 0.11947, 3.08025, 0.00673, 0.23712, 0.20404, 0.01010, 0.12387, 0.01446, -0.00732, 0.07390, 0.03365, 0.01408, 0.01998, 0.19921, 0.07196, 0.00148, 0.00895 
 5280.0, 8.32719, 0.17031, 0.98097, 1.92267, 0.00306, 0.13733, 3.34684, 0.00208, 0.49210, 0.31648, 0.05615, 0.29555, 0.02520, -0.00896, 0.20061, 0.08262, 0.02525, 0.02439, 0.24134, 0.07297, 0.00049, 0.00509 
 5340.0, 10.71370, 0.21776, 0.94046, 1.66264, 0.00263, 0.13646, 3.27344, 0.01473, 0.87033, 0.37691, 0.05453, 0.13809, 0.01594, -0.01177, 0.06881, 0.04394, 0.00537, 0.03567, 0.17170, 0.07962, 0.00144, 0.00283 
 5400.0, 15.01511, 0.19249, 1.04070, 2.01731, 0.00373, 0.17393, 3.37777, 0.00158, 1.21993, 0.38592, 0.05827, 0.17008, -0.00179, -0.01181, 0.13105, 0.06392, -0.00327, 0.02602, 0.21357, 0.10355, 0.00811, 0.00614 
 5460.0, 19.81597, 0.20127, 1.34840, 3.94141, 0.00384, 0.23404, 3.52127, -0.00025, 1.24544, 0.43390, 0.24694, 0.70608, 0.06857, -0.00480, 0.46638, 0.22456, 0.02534, 0.05305, 0.21567, 0.17911, 0.00129, 0.00594 
 5520.0, 12.28141, 0.19025, 1.21029, 1.78996, 0.00110, 0.20814, 3.59151, 0.01868, 1.09605, 0.44136, 0.03034, 0.21675, 0.03072, 0.02045, 0.10609, 0.04365, 0.01174, 0.04626, 0.20705, 0.11362, 0.01023, 0.00600 
 5580.0, 8.67905, 0.19969, 0.92525, 1.29299, 0.00050, 0.14615, 3.31789, 0.02347, 1.01974, 0.41105, 0.05328, 0.16096, 0.02209, 0.00296, 0.08049, 0.04472, 0.00406, 0.03069, 0.25874, 0.04281, 0.00211, 0.00477 
 5640.0, 7.90164, 0.17955, 0.85241, 1.82976, 0.00043, 0.16595, 3.28027, 0.00945, 1.14712, 0.41132, -0.01136, 0.11268, 0.00214, 0.00142, 0.05339, 0.01809, 0.00631, 0.02958, 0.15310, 0.05426, -0.00282, 0.00642 
 5700.0, 11.54382, 0.19557, 1.72249, 11.74405, 0.00288, 0.25652, 3.65405, 0.01158, 0.98617, 0.45102, 1.05452, 2.96644, 0.24200, -0.01201, 2.14226, 0.79749, 0.03640, 0.05358, 0.21291, 0.13548, 0.00091, 0.00641 
 5760.0, 10.04850, 0.17120, 1.09501, 2.06582, 0.00395, 0.15607, 3.59372, 0.02328, 0.74677, 0.38338, 0.08971, 0.25470, 0.04567, -0.01205, 0.18224, 0.07472, 0.03400, 0.04400, 0.22948, 0.15138, 0.00018, 0.00570 
 5820.0, 9.39915, 0.19372, 1.41082, 7.17223, 0.00617, 0.17058, 3.55871, 0.01180, 0.87088, 0.38087, 0.60621, 1.67173, 0.18520, -0.01209, 1.22455, 0.47611, 0.03798, 0.03316, 0.26136, 0.09861, 0.00084, 0.00744 
 5880.0, 7.18869, 0.20117, 1.01479, 1.83562, -0.00038, 0.15279, 3.31668, 0.00865, 0.93266, 0.38277, 0.04951, 0.22208, 0.03637, -0.00023, 0.17547, 0.12990, 0.02326, 0.01600, 0.28142, 0.05879, 0.00370, 0.00895 
 5940.0, 7.16702, 0.19112, 1.09142, 2.09872, 0.00091, 0.18871, 3.34378, -0.00415, 0.99960, 0.38411, 0.03298, 0.26568, 0.03857, 0.01133, 0.17308, 0.07114, 0.00821, 0.03189, 0.13690, 0.05812, -0.00152, 0.00530 
 6000.0, 7.86831, 0.17648, 0.86935, 1.55988, 0.00628, 0.16281, 3.22491, -0.00759, 1.04712, 0.32638, 0.02259, 0.12112, 0.01030, 0.00438, 0.06057, 0.02900, 0.00933, 0.03283, 0.13109, 0.05628, 0.00166, 0.00594 
 6060.0, 7.88574, 0.16861, 1.00676, 1.85753, 0.00296, 0.16994, 3.19630, 0.00149, 0.94802, 0.34029, 0.04475, 0.23095, 0.01941, -0.01135, 0.11442, 0.05629, -0.00270, 0.02082, 0.17907, 0.06024, -0.00063, 0.00384 
 6120.0, 9.70440, 0.20165, 1.36388, 6.53947, 0.00184, 0.21941, 3.52743, 0.00800, 1.03226, 0.38564, 0.53280, 1.54861, 0.14692, -0.01228, 1.12569, 0.49959, 0.06622, 0.04376, 0.23140, 0.14042, 0.00371, 0.00703 
 6180.0, 10.35012, 0.17512, 1.20547, 2.94575, 0.00243, 0.15386, 3.26200, 0.02282, 0.75856, 0.36617, 0.15833, 0.35169, 0.04970, 0.01340, 0.25628, 0.11900, 0.01742, 0.03467, 0.27918, 0.05441, 0.00339, 0.01089 
 6240.0, 12.77954, 0.15438, 1.00705, 2.00194, 0.00170, 0.13786, 3.23584, 0.01324, 0.98229, 0.35463, 0.06126, 0.27604, 0.04687, -0.00077, 0.20456, 0.08231, 0.02761, 0.03960, 0.13655, 0.05099, 0.00852, 0.00242 
 6300.0, 10.77013, 0.19150, 0.99610, 1.31827, 0.00446, 0.15988, 3.18192, 0.02171, 1.03818, 0.32825, 0.09257, 0.24055, 0.03138, 0.00422, 0.20304, 0.11180, 0.01794, 0.04507, 0.13151, 0.09733, 0.00155, 0.00446 
 6360.0, 10.79208, 0.16677, 0.89885, 1.12929, 0.00104, 0.17236, 3.15490, 0.00947, 0.90621, 0.36107, 0.04744, 0.17367, 0.02037, 0.00317, 0.12931, 0.06267, 0.01134, 0.03987, 0.12709, 0.09282, 0.00143, 0.00123 
 6420.0, 5.99615, 0.16450, 0.83159, 1.72460, 0.00162, 0.13801, 2.96958, 0.00925, 1.09060, 0.33079, 0.10293, 0.27689, 0.02440, -0.00635, 0.14397, 0.06243, 0.00474, 0.02593, 0.15710, 0.01806, 0.00247, 0.00269 
 6480.0, 5.91211, 0.17311, 0.82378, 5.58355, 0.00191, 0.10472, 2.96040, 0.01284, 0.94611, 0.31807, 0.41400, 1.11973, 0.06399, -0.01252, 0.72834, 0.32259, 0.02955, 0.01373, 0.12632, 0.01194, 0.00553, 0.00520 
 6540.0, 8.12988, 0.18637, 0.93651, 2.47580, 0.00545, 0.11081, 3.13734, 0.00316, 1.01290, 0.35830, 0.16578, 0.52120, 0.01470, 0.00239, 0.34377, 0.15087, 0.01122, 0.01717, 0.17112, 0.04956, 0.00294, 0.00746 
 6600.0, 8.12438, 0.16760, 0.85065, 0.97054, -0.00096, 0.13248, 3.01705, 0.01623, 1.13273, 0.33656, 0.02439, 0.10183, 0.01228, -0.00661, 0.05781, 0.05174, -0.00591, 0.02051, 0.17203, 0.03563, 0.00374, 0.00649 
 6660.0, 10.69983, 0.16538, 1.32565, 3.47939, 0.00103, 0.17567, 3.36129, 0.02339, 0.95030, 0.38673, 0.10983, 0.30950, 0.04040, -0.00014, 0.22003, 0.09127, 0.02137, 0.02548, 0.29833, 0.09105, 0.00216, 0.01376 
 6720.0, 6.49481, 0.16271, 0.65472, 1.18986, -0.00055, 0.13241, 2.95044, 0.01368, 0.93481, 0.29932, -0.00012, 0.11748, -0.00615, -0.01267, 0.03934, 0.01790, 0.01113, 0.00853, 0.09936, 0.00097, 0.00558, 0.00619 
 6780.0, 6.88884, 0.16414, 0.73937, 1.49354, 0.00075, 0.13159, 2.91018, 0.00625, 0.91278, 0.31327, 0.03724, 0.10802, 0.01956, -0.00326, 0.01544, 0.00486, -0.00719, 0.02364, 0.15325, 0.04936, 0.00192, 0.00707 
 6840.0, 7.34800, 0.17382, 0.80645, 2.11414, 0.00254, 0.13939, 3.12802, 0.00724, 0.97662, 0.30623, 0.05927, 0.11887, 0.00619, 0.02449, 0.05992, 0.02183, -0.00717, 0.00192, 0.22692, 0.02908, 0.00422, 0.01053 
 6900.0, 9.49014, 0.17093, 1.39579, 4.52502, 0.00813, 0.22233, 3.45449, 0.01286, 0.94174, 0.36862, 0.21441, 0.59159, 0.04640, 0.00067, 0.40080, 0.21102, 0.00826, 0.03438, 0.29273, 0.11766, -0.00258, 0.00447 
 6960.0, 12.11099, 0.19219, 1.42620, 3.39274, -0.00021, 0.20536, 3.41167, 0.00926, 0.81710, 0.35664, 0.04190, 0.28984, 0.02329, -0.00625, 0.16613, 0.07492, -0.00083, 0.06045, 0.30385, 0.10056, 0.00053, 0.00880 
 7020.0, 15.34910, 0.18167, 1.51397, 3.76497, 0.00136, 0.22821, 3.51747, 0.00959, 1.02801, 0.35077, 0.07046, 0.24274, 0.04735, -0.00747, 0.16946, 0.09524, 0.02471, 0.06110, 0.24265, 0.16051, 0.00574, 0.01569 
 7080.0, 8.30918, 0.18856, 1.15053, 2.62673, 0.00115, 0.17752, 3.16248, 0.01231, 1.05101, 0.31835, 0.05816, 0.25898, 0.02259, -0.00890, 0.16656, 0.06584, 0.00053, 0.02147, 0.18374, 0.07761, 0.00399, 0.00897 
 7140.0, 11.78166, 0.18059, 1.30720, 3.21314, 0.00157, 0.14991, 3.24943, 0.00505, 1.10134, 0.34082, 0.06813, 0.36819, 0.03257, 0.00004, 0.22599, 0.09654, -0.00709, 0.02430, 0.17255, 0.06587, 0.00461, 0.00796 
 7200.0, 10.27604, 0.19542, 1.26714, 3.00957, 0.00288, 0.20621, 3.27844, 0.02645, 1.16139, 0.34110, 0.05919, 0.16574, 0.03089, 0.00980, 0.06760, 0.02612, 0.01262, 0.04196, 0.17004, 0.05789, 0.00538, 0.01462 
 7260.0, 14.79376, 0.18063, 1.33439, 2.37607, 0.00578, 0.20346, 3.21271, 0.01032, 1.11830, 0.35753, 0.03001, 0.27605, 0.02466, 0.00066, 0.16304, 0.08551, 0.00913, 0.04088, 0.18950, 0.07030, 0.00300, 0.00427 
 7320.0, 15.48933, 0.17086, 1.61263, 3.60323, 0.00423, 0.25363, 3.65558, 0.00259, 1.29595, 0.37546, 0.06677, 0.31153, 0.05291, 0.01251, 0.22470, 0.16563, 0.02018, 0.04808, 0.31587, 0.20494, 0.00350, 0.01627 
 7380.0, 11.81442, 0.15895, 1.24563, 1.95656, 0.00657, 0.17213, 3.24299, 0.01583, 1.23280, 0.34473, 0.07414, 0.19180, -0.00592, 0.00109, 0.07313, 0.02439, 0.00468, 0.03596, 0.21234, 0.05264, 0.00153, 0.00489 
 7440.0, 12.39636, 0.17411, 1.29669, 3.65829, 0.00731, 0.19111, 3.24720, 0.02676, 1.11756, 0.38220, 0.12025, 0.44054, 0.04012, 0.00797, 0.27840, 0.12343, 0.01725, 0.04020, 0.18207, 0.09880, 0.00035, 0.00703 
 7500.0, 12.13118, 0.16485, 1.35452, 1.79000, 0.00205, 0.18023, 3.23495, 0.01885, 1.18006, 0.35482, 0.01469, 0.25968, 0.02156, -0.00010, 0.10937, 0.06182, 0.01205, 0.02020, 0.25758, 0.11049, 0.00450, 0.00632 
 7560.0, 10.14324, 0.18401, 1.37842, 2.00308, 0.00119, 0.16750, 3.21329, 0.01924, 1.16792, 0.38018, 0.07142, 0.21782, 0.01428, -0.01322, 0.08643, 0.03828, 0.00234, 0.04305, 0.26713, 0.06553, 0.00465, 0.01169 
 7620.0, 7.08158, 0.16581, 1.03106, 1.64266, 0.00621, 0.13300, 3.06806, 0.00154, 1.42448, 0.33692, 0.05872, 0.20749, 0.01717, 0.00583, 0.08430, 0.03935, 0.01025, 0.02156, 0.18137, 0.03663, 0.00355, 0.00461 
 7680.0, 10.19694, 0.18903, 1.39229, 2.93796, 0.00048, 0.24657, 3.35332, 0.03434, 1.38033, 0.41087, 0.09702, 0.27944, 0.02732, -0.00902, 0.15996, 0.06974, 0.00867, 0.04699, 0.38170, 0.07631, 0.00215, 0.01292 
 7740.0, 9.35867, 0.17318, -9999.00000, 3.63663, 0.00395, 0.22242, 3.21579, 0.01031, -9999.00000, 0.38552, 0.10625, 0.43746, 0.02720, 0.00346, 0.25314, 0.09001, 0.00085, 0.02780, 0.30667, 0.07043, 0.00658, 0.01280 
 7800.0, -9999.00000, -9999.00000, -9999.00000, -9999.00000, -9999.00000, -9999.00000, -9999.00000, -9999.00000, -9999.00000, -9999.00000, -9999.00000, -9999.00000, -9999.00000, -9999.00000, -9999.00000, -9999.00000, -9999.00000, -9999.00000, -9999.00000, -9999.00000, -9999.00000, -9999.00000 
 7860.0, -9999.00000, -9999.00000, -9999.00000, -9999.00000, -9999.00000, -9999.00000, -9999.00000, -9999.00000, -9999.00000, -9999.00000, -9999.00000, -9999.00000, -9999.00000, -9999.00000, -9999.00000, -9999.00000, -9999.00000, -9999.00000, -9999.00000, -9999.00000, -9999.00000, -9999.00000 
 7920.0, -9999.00000, -9999.00000, -9999.00000, -9999.00000, -9999.00000, -9999.00000, -9999.00000, -9999.00000, -9999.00000, -9999.00000, -9999.00000, -9999.00000, -9999.00000, -9999.00000, -9999.00000, -9999.00000, -9999.00000, -9999.00000, -9999.00000, -9999.00000, -9999.00000, -9999.00000 
 7980.0, -9999.00000, -9999.00000, -9999.00000, -9999.00000, -9999.00000, -9999.00000, -9999.00000, -9999.00000, -9999.00000, -9999.00000, -9999.00000, -9999.00000, -9999.00000, -9999.00000, -9999.00000, -9999.00000, -9999.00000, -9999.00000, -9999.00000, -9999.00000, -9999.00000, -9999.00000 
 8040.0, -9999.00000, -9999.00000, -9999.00000, -9999.00000, -9999.00000, -9999.00000, -9999.00000, -9999.00000, -9999.00000, -9999.00000, -9999.00000, -9999.00000, -9999.00000, -9999.00000, -9999.00000, -9999.00000, -9999.00000, -9999.00000, -9999.00000, -9999.00000, -9999.00000, -9999.00000 
 8100.0, -9999.00000, -9999.00000, -9999.00000, -9999.00000, -9999.00000, -9999.00000, -9999.00000, -9999.00000, -9999.00000, -9999.00000, -9999.00000, -9999.00000, -9999.00000, -9999.00000, -9999.00000, -9999.00000, -9999.00000, -9999.00000, -9999.00000, -9999.00000, -9999.00000, -9999.00000 
 8160.0, -9999.00000, -9999.00000, -9999.00000, -9999.00000, -9999.00000, -9999.00000, -9999.00000, -9999.00000, -9999.00000, -9999.00000, -9999.00000, -9999.00000, -9999.00000, -9999.00000, -9999.00000, -9999.00000, -9999.00000, -9999.00000, -9999.00000, -9999.00000, -9999.00000, -9999.00000 
 8220.0, -9999.00000, -9999.00000, -9999.00000, -9999.00000, -9999.00000, -9999.00000, -9999.00000, -9999.00000, -9999.00000, -9999.00000, -9999.00000, -9999.00000, -9999.00000, -9999.00000, -9999.00000, -9999.00000, -9999.00000, -9999.00000, -9999.00000, -9999.00000, -9999.00000, -9999.00000 
 8280.0, -9999.00000, -9999.00000, -9999.00000, -9999.00000, -9999.00000, -9999.00000, -9999.00000, -9999.00000, -9999.00000, -9999.00000, -9999.00000, -9999.00000, -9999.00000, -9999.00000, -9999.00000, -9999.00000, -9999.00000, -9999.00000, -9999.00000, -9999.00000, -9999.00000, -9999.00000 
 8340.0, -9999.00000, -9999.00000, -9999.00000, -9999.00000, -9999.00000, -9999.00000, -9999.00000, -9999.00000, -9999.00000, -9999.00000, -9999.00000, -9999.00000, -9999.00000, -9999.00000, -9999.00000, -9999.00000, -9999.00000, -9999.00000, -9999.00000, -9999.00000, -9999.00000, -9999.00000 
 8400.0, 9.11273, 0.15229, 1.24792, 2.34294, 0.00283, 0.15559, 3.27256, 0.02442, 1.85238, 0.49847, 0.09750, 0.22082, 0.03863, 0.02228, 0.07599, 0.04394, 0.03518, 0.04744, 0.26626, 0.06482, -0.00008, 0.00238 
 8460.0, 8.40823, 0.15983, 1.35740, 3.10740, 0.00413, 0.21264, 3.38937, 0.01047, 2.54734, 0.53567, 0.08127, 0.28992, 0.02559, 0.00606, 0.12142, 0.05274, 0.00228, 0.01876, 0.47683, 0.02695, 0.00628, 0.00619 
 8520.0, 12.31391, 0.18102, 1.49634, 3.72667, 0.00464, 0.23017, 3.58251, 0.01175, 2.13051, 0.56347, 0.09308, 0.38418, 0.04631, 0.00282, 0.17029, 0.07693, 0.00637, 0.03423, 0.46546, 0.06685, 0.00300, 0.00643 
 8580.0, 9.42525, 0.16114, 1.62507, 3.85506, 0.00355, 0.25160, 3.77445, 0.01537, 2.55803, 0.58819, 0.10189, 0.36015, 0.00501, 0.01655, 0.11984, 0.05461, 0.00049, 0.02106, 0.55156, 0.05904, 0.00789, 0.00571 
 8640.0, 10.17194, 0.17563, 1.87264, 10.50890, 0.00248, 0.26752, 3.84692, 0.00830, 2.70892, 0.67537, 0.54584, 1.80373, 0.12371, -0.01244, 1.10166, 0.48908, 0.03017, 0.03722, 0.55810, 0.08210, 0.00310, 0.00581 
 8700.0, 11.52830, 0.19212, 1.64703, 4.43128, 0.00698, 0.25170, 3.77019, 0.01239, 2.93221, 0.64054, 0.07445, 0.32912, -0.00583, 0.00365, 0.14106, 0.07550, 0.00764, 0.03332, 0.60491, 0.07386, -0.00179, 0.00625 
 8760.0, 13.11909, 0.17769, 1.87487, 4.73588, 0.00893, 0.26740, 3.91011, 0.02403, 2.88850, 0.62626, 0.09620, 0.38973, 0.01787, 0.00112, 0.12310, 0.08616, 0.00921, 0.05877, 0.53420, 0.09471, 0.00328, 0.00852 
 8820.0, 21.39317, 0.16554, 2.09987, 5.81310, 0.00512, 0.31335, 4.15937, 0.02029, 2.86068, 0.63997, 0.15634, 0.45069, 0.04012, 0.04006, 0.18957, 0.11201, 0.01617, 0.06127, 0.59739, 0.16648, -0.00052, 0.01252 
