CampaignData_and_Merges/R0/CSL_MobileLab_Parked/raw/20240715/USOS-NOAAIodideCIMS-HNO3_MobileLabGround_20240715_RA.ict
34, 1001
Michael A Robinson, Chris Jernigan, Subi Thakali
NOAA ESRL Chemical Sciences Laboratory and CIRES, U. of Colorado
NOAA Iodide CIMS Instrument
USOS
1, 1
2024, 07, 15, 2024, 07, 17
0
starttime_UTC, seconds_past_midnight, seconds_of_day_since_00:00:00_UTC
1
1
-9999
HNO3_NOAACIMS, pptv, Gas_HNO3_InSitu_S_AVMR
1
N/A
18
PI_CONTACT_INFO: 325 Broadway, R/CSD 7, Boulder, Colorado 80305; michael.a.robinson@noaa.gov; chris.jernigan@noaa.gov;
PLATFORM: NOAA CSL Mobile Lab
LOCATION: SLC, Utah
ASSOCIATED_DATA: 1Hz data also available on request.
INSTRUMENT_INFO: NOAA I- ToF CIMS
DATA_INFO: Units: pptv
UNCERTAINTY: tbd
ULOD_FLAG: -7777
ULOD_VALUE: N/A
LLOD_FLAG: -8888
LLOD_VALUE: N/A
DM_CONTACT_INFO: Nathan Howard; nathan.h.howard@noaa.gov
PROJECT_INFO: USOS, summer 2024. https://csl.noaa.gov/groups/csl7/measurements/2024usos/
STIPULATIONS_ON_USE: only the USOS science team is allowed to use this data
OTHER_COMMENTS: Field data; Data are averaged to 1 minute intervals. Stationary data collected from a 10 ft tower on top of the mobile lab
REVISION: RA
RA: Preliminary Data; For in-field use only
starttime_UTC, HNO3_NOAACIMS
[from data line 1029]
61740,1558.457
61800,1603.747
61860,1413.845
61920,1320.782
61980,1315.734
62040,1434.330
62100,1314.944
62160,1165.697
62220,1210.620
62280,1177.508
62340,1147.520
62400,1206.776
62460,1184.651
62520,1104.581
62580,1157.443
62640,1197.400
62700,1165.374
62760,1091.375
62820,1140.040
62880,1215.565
62940,1192.444
63000,1269.781
63060,1406.910
63120,1467.275
63180,1548.409
63240,1496.711
63300,1354.765
63360,1247.137
63420,1135.387
63480,1088.523
63540,1152.423
63600,1193.743
63660,1207.292
63720,1327.167
63780,1485.219
63840,1546.209
63900,1501.671
63960,1405.131
64020,1424.933
64080,1544.036
64140,1501.378
64200,1516.271
64260,1598.712
64320,1417.603
64380,1478.687
64440,1639.513
64500,1642.539
64560,1651.325
64620,1674.788
64680,1742.000
64740,1696.291
64800,1580.218
64860,1486.809
64920,1486.643
64980,1610.333
65040,1648.207
65100,1583.253
65160,1543.993
65220,1418.438
65280,1418.965
65340,1375.906
65400,1318.346
65460,1255.329
65520,1239.196
65580,1105.957
65640,967.422
65700,872.325
65760,795.983
65820,870.034
65880,848.874
65940,840.116
66000,833.879
66060,930.189
66120,895.005
66180,886.957
66240,779.647
66300,789.600
66360,845.717
66420,828.156
66480,872.541
66540,863.712
66600,830.319
66660,798.362
66720,833.149
66780,741.069
66840,757.829
66900,915.914
66960,887.819
67020,826.420
67080,858.044
67140,782.710
67200,777.026
67260,932.156
67320,1003.895
67380,965.949
67440,1019.389
67500,984.251
67560,1027.120
67620,1082.313
67680,1054.645
67740,1048.873
67800,914.915
67860,870.826
67920,853.114
67980,820.818
68040,908.133
68100,889.506
68160,774.935
68220,718.542
68280,746.618
68340,741.975
68400,728.333
68460,646.456
68520,591.620
68580,586.431
68640,571.995
68700,616.292
68760,628.628
68820,687.059
68880,732.003
68940,763.529
69000,724.154
69060,785.384
69120,770.403
69180,799.895
69240,787.650
69300,848.423
69360,826.235
69420,710.869
69480,644.698
69540,653.659
69600,703.421
69660,721.295
69720,672.524
69780,667.147
69840,675.581
69900,706.453
69960,796.346
70020,770.849
70080,764.285
70140,862.925
70200,874.637
70260,861.494
70320,866.486
70380,933.312
70440,920.039
70500,904.814
70560,900.019
70620,1021.445
70680,1016.477
70740,1031.668
70800,900.296
70860,804.227
70920,754.844
70980,745.424
71040,711.214
71100,697.757
71160,712.069
71220,683.539
71280,671.860
71340,688.182
71400,834.020
71460,849.513
71520,790.639
71580,744.937
71640,741.155
71700,724.754
71760,710.100
71820,708.441
71880,758.199
71940,722.028
72000,739.163
72060,705.963
72120,691.953
72180,696.453
72240,667.543
72300,657.373
72360,672.817
72420,690.907
72480,667.213
72540,669.856
72600,651.988
72660,673.178
72720,712.256
72780,693.229
72840,629.844
72900,695.966
72960,731.696
73020,717.154
73080,696.618
73140,713.142
73200,752.842
73260,779.996
73320,774.875
73380,791.884
73440,750.231
73500,738.803
73560,687.220
73620,699.665
73680,662.420
73740,659.740
73800,631.759
73860,606.846
73920,625.457
73980,645.955
74040,647.120
74100,667.474
74160,683.180
74220,699.325
74280,670.235
74340,631.354
74400,693.024
74460,645.506
74520,632.389
74580,712.810
74640,754.800
74700,827.822
74760,901.401
74820,908.042
74880,905.134
74940,857.068
75000,844.801
75060,961.864
75120,945.397
75180,956.195
75240,862.775
75300,775.287
75360,772.064
75420,790.497
75480,749.418
75540,746.557
75600,721.412
75660,757.233
75720,793.027
75780,784.180
75840,788.296
75900,876.998
75960,881.939
76020,819.387
76080,775.266
76140,773.059
76200,789.759
76260,764.476
76320,755.278
76380,728.679
76440,734.086
76500,715.015
76560,694.177
76620,697.212
76680,715.152
76740,712.298
76800,760.051
76860,744.573
76920,689.535
76980,690.577
77040,643.207
77100,627.804
77160,643.749
77220,660.833
77280,674.996
77340,629.980
77400,644.826
77460,665.973
77520,631.123
77580,653.031
77640,627.862
77700,598.622
77760,605.741
77820,603.307
77880,580.406
77940,547.515
78000,570.949
78060,550.276
78120,571.144
78180,558.508
78240,553.901
78300,537.542
78360,557.897
78420,574.246
78480,521.045
78540,486.443
78600,463.986
78660,449.214
78720,453.152
78780,453.434
78840,437.281
78900,450.641
78960,454.508
79020,447.762
79080,456.813
79140,452.377
79200,487.805
79260,457.417
79320,451.962
79380,460.646
79440,498.155
79500,473.634
79560,457.788
79620,502.754
79680,475.202
79740,462.767
79800,450.928
79860,430.372
79920,428.784
79980,407.865
80040,412.994
80100,425.258
80160,420.911
80220,432.988
80280,452.911
80340,459.577
80400,472.304
80460,486.016
80520,530.181
80580,542.621
80640,541.070
80700,496.105
80760,468.247
80820,446.659
80880,452.724
80940,447.172
81000,-9999.000
81060,472.826
81120,523.059
81180,544.697
81240,564.531
81300,567.122
81360,569.704
81420,571.166
81480,526.970
81540,533.167
81600,569.589
81660,557.223
81720,495.209
81780,472.698
81840,473.783
81900,435.362
81960,441.580
82020,415.800
82080,430.498
82140,420.824
82200,414.450
82260,435.196
82320,466.482
82380,508.186
82440,526.969
82500,524.322
82560,519.659
82620,493.765
82680,458.683
82740,478.953
82800,484.612
82860,494.070
82920,532.819
82980,497.628
83040,466.706
83100,463.788
83160,494.733
83220,492.057
83280,549.107
83340,528.791
83400,510.505
83460,484.051
83520,474.778
83580,455.452
83640,423.744
83700,428.928
83760,451.848
83820,419.104
83880,426.069
83940,440.600
84000,452.570
84060,467.581
84120,495.509
84180,474.522
84240,447.996
84300,445.953
84360,462.311
84420,475.569
84480,466.771
84540,453.614
84600,443.117
84660,461.824
84720,481.835
84780,503.897
84840,489.837
84900,497.765
84960,498.876
85020,509.559
85080,500.351
85140,480.778
85200,484.557
85260,476.076
85320,459.037
85380,442.476
85440,468.227
85500,453.564
85560,435.190
85620,462.112
85680,476.548
85740,464.112
85800,461.077
85860,502.186
85920,505.654
85980,526.836
86040,526.668
86100,519.082
86160,553.750
86220,514.829
86280,475.555
86340,479.852
