CampaignData_and_Merges/R0/CSL_MobileLab_Parked/raw/20240715/USOS-NOAAIodideCIMS-Halogens_MobileLabGround_20240715_RA.ict
39, 1001
Michael A Robinson, Chris Jernigan, Subi Thakali
NOAA ESRL Chemical Sciences Laboratory and CIRES, U. of Colorado
NOAA Iodide CIMS Instrument
USOS
1, 1
2024, 07, 15, 2024, 07, 17
0
starttime_UTC, seconds_past_midnight, seconds_of_day_since_00:00:00_UTC
6
1, 1, 1, 1, 1, 1
-9999, -9999, -9999, -9999, -9999, -9999
Br2_NOAACIMS, pptv, Gas_Br2_InSitu_S_AVMR
BrO_NOAACIMS, pptv, Gas_BrO_InSitu_S_AVMR
Cl2_NOAACIMS, pptv, Gas_Cl2_InSitu_S_AVMR
ClNO2_NOAACIMS, pptv, Gas_ClNO2_InSitu_S_AVMR
BrCl_NOAACIMS, pptv, Gas_BrCl_InSitu_S_AVMR
NCl3_NOAACIMS, pptv, Gas_NCl3_InSitu_S_AVMR
1
N/A
18
PI_CONTACT_INFO: 325 Broadway, R/CSD 7, Boulder, Colorado 80305; michael.a.robinson@noaa.gov; chris.jernigan@noaa.gov;
PLATFORM: NOAA CSL Mobile Lab
LOCATION: SLC, Utah
ASSOCIATED_DATA: 1Hz data also available on request.
INSTRUMENT_INFO: NOAA I- ToF CIMS
DATA_INFO: Units: pptv
UNCERTAINTY: tbd
ULOD_FLAG: -7777
ULOD_VALUE: N/A
LLOD_FLAG: -8888
LLOD_VALUE: N/A
DM_CONTACT_INFO: Nathan Howard; nathan.h.howard@noaa.gov
PROJECT_INFO: USOS, summer 2024. https://csl.noaa.gov/groups/csl7/measurements/2024usos/
STIPULATIONS_ON_USE: only the USOS science team is allowed to use this data
OTHER_COMMENTS: Field data; Data are averaged to 1 minute intervals. Stationary data collected from a 10 ft tower on top of the mobile lab
REVISION: RA
RA: Preliminary Data; For in-field use only
starttime_UTC, Br2_NOAACIMS, BrO_NOAACIMS, Cl2_NOAACIMS, ClNO2_NOAACIMS, BrCl_NOAACIMS, NCl3_NOAACIMS
[from data line 1025]
61500,2.900,0.615,0.943,0.169,0.394,0.237
61560,2.835,0.393,0.739,0.219,0.284,0.217
61620,2.895,0.714,0.882,0.156,0.345,0.220
61680,3.248,0.661,0.846,0.177,0.343,0.243
61740,3.286,0.586,0.921,0.151,0.316,0.200
61800,3.093,0.705,0.952,0.182,0.332,0.338
61860,2.977,0.769,0.860,0.262,0.367,0.243
61920,3.099,0.542,0.908,0.197,0.305,0.275
61980,2.869,0.495,0.851,0.189,0.338,0.279
62040,3.233,0.543,0.786,0.185,0.339,0.298
62100,3.102,0.717,1.060,0.253,0.260,0.184
62160,2.465,0.364,0.815,0.165,0.251,0.220
62220,2.504,0.457,0.710,0.180,0.259,0.254
62280,2.976,0.590,0.896,0.142,0.271,0.288
62340,2.745,0.562,0.791,0.180,0.252,0.143
62400,3.100,0.638,0.878,0.224,0.327,0.250
62460,2.945,0.576,0.890,0.303,0.243,0.254
62520,3.068,0.599,0.784,0.185,0.339,0.208
62580,2.922,0.569,0.795,0.168,0.376,0.193
62640,2.811,0.756,0.794,0.178,0.327,0.203
62700,2.768,0.639,0.685,0.148,0.335,0.248
62760,2.765,0.675,0.826,0.143,0.317,0.149
62820,3.011,0.859,0.857,0.189,0.382,0.227
62880,2.573,0.765,0.654,0.164,0.234,0.295
62940,2.812,0.559,0.851,0.193,0.388,0.178
63000,2.455,0.602,0.713,0.148,0.308,0.156
63060,2.579,0.647,0.621,0.153,0.284,0.192
63120,2.561,0.720,0.758,0.159,0.362,0.106
63180,2.525,0.546,0.796,0.219,0.306,0.156
63240,2.402,0.644,0.788,0.247,0.302,0.145
63300,2.389,0.635,0.733,0.145,0.343,0.183
63360,2.452,0.572,0.704,0.132,0.247,0.118
63420,2.233,0.425,0.557,0.139,0.267,0.158
63480,2.340,0.449,0.757,0.129,0.356,0.147
63540,2.308,0.501,0.680,0.108,0.335,0.066
63600,2.376,0.609,0.588,0.133,0.345,0.057
63660,2.179,0.511,0.634,0.128,0.236,0.162
63720,2.183,0.510,0.671,0.166,0.271,0.113
63780,2.041,0.408,0.619,0.105,0.277,0.140
63840,1.951,0.420,0.548,0.147,0.254,0.116
63900,2.032,0.449,0.646,0.203,0.311,0.041
63960,2.140,0.539,0.442,0.150,0.186,-0.087
64020,1.955,0.636,0.659,0.123,0.301,0.088
64080,2.024,0.229,0.671,0.126,0.169,0.133
64140,1.914,0.408,0.716,0.198,0.282,0.050
64200,2.079,0.607,0.741,0.141,0.345,0.097
64260,1.999,0.458,0.664,0.221,0.294,0.090
64320,2.334,0.530,0.733,0.241,0.324,0.164
64380,2.037,0.408,0.587,0.117,0.340,0.101
64440,2.109,0.674,0.664,0.134,0.321,0.129
64500,1.693,0.379,0.701,0.132,0.208,-0.020
64560,1.938,0.376,0.722,0.199,0.150,0.013
64620,1.841,0.343,0.747,0.151,0.167,0.071
64680,2.056,0.412,0.572,0.124,0.205,-0.033
64740,1.628,0.457,0.707,0.190,0.135,-0.026
64800,2.102,0.398,0.638,0.188,0.230,0.064
64860,2.165,0.284,0.630,0.185,0.213,0.013
64920,2.103,0.297,0.724,0.184,0.209,-0.003
64980,1.815,0.401,0.596,0.191,0.197,0.041
65040,2.112,0.424,0.580,0.109,0.166,-0.031
65100,1.821,0.329,0.813,0.148,0.243,0.019
65160,1.786,0.486,0.760,0.177,0.171,0.013
65220,1.862,0.397,0.767,0.159,0.240,0.017
65280,2.050,0.235,0.945,0.166,0.151,0.016
65340,1.797,0.531,0.835,0.203,0.125,-0.039
65400,1.898,0.480,0.589,0.140,0.160,0.001
65460,2.033,0.389,0.715,0.236,0.152,0.057
65520,1.925,0.453,0.581,0.190,0.222,0.006
65580,1.900,0.451,0.533,0.168,0.204,0.075
65640,1.710,0.265,0.679,0.208,0.180,-0.011
65700,2.076,0.362,0.636,0.219,0.217,0.016
65760,1.793,0.354,0.755,0.312,0.193,0.089
65820,1.724,0.217,0.537,0.243,0.155,0.027
65880,1.953,0.409,0.448,0.212,0.136,0.051
65940,1.646,0.240,0.650,0.208,0.135,0.058
66000,1.727,0.411,0.538,0.172,0.175,0.069
66060,1.863,0.401,0.421,0.170,0.169,-0.002
66120,1.798,0.324,0.643,0.182,0.177,0.024
66180,1.730,0.266,0.560,0.215,0.153,0.014
66240,1.983,0.177,0.839,0.166,0.162,-0.019
66300,1.753,0.285,0.486,0.163,0.218,0.076
66360,1.506,0.324,0.609,0.155,0.177,0.012
66420,1.660,0.292,0.465,0.169,0.154,0.035
66480,1.866,0.480,0.500,0.153,0.127,0.011
66540,1.342,0.283,0.540,0.133,0.189,-0.052
66600,1.218,0.133,0.433,0.169,0.131,-0.089
66660,1.586,0.184,0.496,0.168,0.192,0.005
66720,1.188,0.124,0.645,0.145,0.066,-0.112
66780,-0.079,-0.051,0.473,0.065,-0.047,-0.151
66840,1.481,0.095,0.528,0.198,0.143,-0.022
66900,1.228,-0.018,0.290,0.142,0.113,-0.142
66960,0.384,-0.102,0.306,0.083,0.004,-0.211
67020,-9999.000,-0.150,-9999.000,-9999.000,-0.046,-0.218
67080,-9999.000,0.578,-9999.000,-9999.000,1.113,0.127
67140,-9999.000,0.512,-9999.000,-9999.000,0.333,0.064
67200,2.577,0.317,0.787,0.013,0.295,0.004
67260,2.440,0.423,0.540,0.174,0.277,0.032
67320,2.223,0.126,0.519,0.142,0.288,-0.008
67380,2.440,0.354,0.687,0.117,0.208,0.027
67440,2.235,0.373,0.644,0.158,0.211,0.053
67500,1.824,0.325,0.800,0.155,0.214,-0.035
67560,1.863,0.282,0.768,0.208,0.276,-0.022
67620,1.994,0.698,0.550,0.081,0.191,0.077
67680,1.873,0.329,0.795,0.042,0.170,0.054
67740,1.869,0.255,0.697,0.157,0.149,0.014
67800,1.998,0.293,0.669,0.160,0.228,0.030
67860,2.068,0.144,0.527,0.145,0.266,0.036
67920,2.035,0.215,0.676,0.119,0.186,-0.044
67980,1.840,0.204,0.555,0.179,0.234,0.038
68040,1.958,0.219,0.484,0.171,0.226,-0.080
68100,2.035,0.513,0.556,0.203,0.427,0.171
68160,1.925,0.650,0.647,0.122,0.502,0.275
68220,2.140,0.790,0.625,0.197,0.518,0.168
68280,2.086,0.577,0.600,0.165,0.456,0.240
68340,1.936,0.449,0.735,0.132,0.452,0.207
68400,1.926,0.425,0.751,0.084,0.411,0.124
68460,1.106,0.022,0.609,0.057,0.212,-0.079
68520,1.647,0.375,0.495,0.116,0.405,-0.012
68580,1.929,0.523,0.719,0.153,0.408,0.205
68640,2.051,0.624,0.651,0.112,0.528,0.242
68700,1.672,0.496,0.649,0.146,0.383,0.206
68760,1.948,0.713,0.574,0.138,0.497,0.201
68820,1.885,0.656,0.680,0.140,0.317,0.202
68880,1.878,0.536,0.642,0.097,0.490,0.266
68940,1.947,0.557,0.745,0.112,0.433,0.321
69000,1.643,0.763,0.715,0.119,0.440,0.291
69060,2.103,0.398,0.669,0.148,0.422,0.386
69120,1.678,0.447,0.639,0.092,0.418,0.226
69180,1.852,0.557,0.757,0.084,0.433,0.287
69240,1.928,0.706,0.774,0.128,0.453,0.290
69300,1.848,0.468,0.651,0.105,0.379,0.181
69360,1.802,0.537,0.793,0.100,0.433,0.291
69420,1.977,0.625,0.809,0.122,0.434,0.334
69480,1.884,0.393,0.735,0.128,0.392,0.246
69540,1.857,0.498,0.672,0.150,0.398,0.376
69600,1.964,0.520,0.676,0.054,0.376,0.317
69660,1.901,0.553,0.774,0.171,0.386,0.273
69720,1.909,0.505,0.954,0.148,0.417,0.273
69780,1.706,0.404,0.698,0.084,0.301,0.267
69840,2.064,0.734,0.768,0.142,0.386,-9999.000
69900,2.918,1.821,0.793,0.002,0.575,-9999.000
69960,1.575,0.885,0.713,0.133,0.360,-9999.000
70020,1.811,0.823,0.700,0.120,0.350,0.401
70080,1.839,0.704,0.839,0.111,0.362,0.296
70140,1.803,0.823,0.770,0.112,0.417,0.292
70200,1.789,0.830,0.710,0.123,0.426,0.341
70260,1.753,0.753,0.728,0.088,0.449,0.424
70320,1.840,0.504,0.805,0.119,0.351,0.353
70380,1.953,0.614,0.784,0.126,0.303,0.330
70440,1.771,0.499,0.808,0.083,0.371,0.389
70500,1.775,0.566,0.844,0.149,0.340,0.264
70560,1.677,0.642,0.827,0.082,0.371,0.376
70620,1.831,0.636,0.726,0.111,0.320,0.277
70680,1.915,0.620,0.695,0.100,0.379,0.307
70740,1.818,0.643,0.700,0.139,0.364,0.388
70800,1.494,0.523,0.709,0.112,0.309,0.358
70860,1.653,0.622,0.833,0.106,0.335,0.458
70920,1.533,0.476,0.716,0.125,0.408,0.367
70980,1.662,0.482,0.845,0.137,0.289,0.446
71040,1.597,0.449,0.766,0.142,0.364,0.366
71100,1.854,0.430,0.810,0.144,0.332,0.428
71160,1.578,0.386,0.803,0.118,0.305,0.277
71220,1.615,0.224,1.067,0.145,0.342,0.332
71280,1.374,0.577,0.845,0.153,0.346,0.347
71340,1.696,0.553,1.014,0.140,0.196,0.414
71400,1.536,0.269,0.697,0.127,0.284,0.358
71460,1.532,0.613,0.728,0.147,0.359,0.296
71520,1.503,0.487,0.714,0.076,0.380,0.290
71580,1.509,0.413,0.841,0.126,0.296,0.267
71640,1.501,0.484,0.624,0.119,0.250,0.302
71700,1.478,0.412,0.809,0.144,0.340,0.316
71760,1.329,0.409,0.978,0.121,0.333,0.245
71820,1.364,0.499,0.828,0.139,0.245,0.210
71880,1.428,0.656,0.797,0.094,0.342,0.428
71940,1.666,0.522,0.981,0.170,0.243,0.213
72000,1.687,0.609,0.845,0.128,0.288,0.268
72060,1.651,0.692,0.737,0.107,0.431,0.289
72120,1.689,0.524,0.768,0.133,0.388,0.184
72180,1.688,0.503,0.909,0.118,0.308,0.378
72240,1.681,0.570,0.763,0.163,0.383,0.327
72300,1.730,0.746,0.792,0.103,0.314,0.396
72360,1.773,0.653,0.715,0.072,0.415,0.261
72420,1.597,0.617,0.752,0.077,0.427,0.234
72480,1.621,0.566,0.839,0.119,0.362,0.262
72540,1.662,0.816,0.918,0.069,0.304,0.344
72600,1.500,0.499,0.795,0.103,0.280,0.159
72660,1.813,0.646,0.700,0.085,0.375,0.208
72720,1.487,0.544,0.809,0.075,0.329,0.367
72780,1.708,0.769,0.909,0.069,0.250,0.218
72840,1.772,0.517,0.781,0.090,0.481,0.263
72900,1.646,0.633,0.726,0.063,0.338,0.182
72960,1.783,0.715,0.677,0.115,0.324,0.181
73020,1.801,0.636,0.798,0.077,0.309,0.113
73080,1.648,0.739,0.733,0.060,0.528,0.175
73140,1.658,0.749,1.029,0.055,0.398,0.196
73200,1.664,0.614,0.726,0.074,0.153,0.305
73260,1.554,0.683,0.637,0.053,0.423,0.248
73320,1.816,0.636,0.718,0.024,0.095,0.148
73380,1.518,0.613,0.672,0.080,0.521,0.080
73440,1.889,0.622,0.850,0.052,0.274,0.140
73500,1.603,0.679,0.785,0.107,0.381,0.135
73560,1.413,0.553,0.893,0.119,0.306,-0.003
73620,1.506,0.560,0.826,0.140,0.218,0.138
73680,1.255,0.628,0.757,0.045,0.325,0.128
73740,1.380,0.577,0.745,-0.004,0.178,0.147
73800,1.457,0.585,0.780,0.023,0.259,0.091
73860,1.610,0.623,0.872,0.029,0.330,0.171
73920,1.654,0.681,0.920,-0.008,0.256,0.122
73980,1.687,0.696,0.738,0.031,0.237,0.118
74040,1.554,0.716,0.752,0.041,0.207,0.140
74100,1.455,0.656,0.676,0.038,0.188,0.162
74160,1.427,0.659,0.690,0.041,0.145,0.239
74220,1.412,0.630,0.684,0.036,0.142,0.138
74280,1.554,0.562,0.826,0.061,0.216,0.182
74340,1.361,0.478,0.811,0.071,0.147,0.225
74400,1.600,0.454,0.855,0.049,0.266,0.366
74460,1.346,0.466,0.731,0.083,0.196,0.225
74520,1.731,0.635,0.883,0.045,0.228,0.179
74580,1.774,0.487,0.907,-0.009,0.218,0.248
74640,1.537,0.478,0.940,0.059,0.108,0.327
74700,1.558,0.489,0.849,0.083,0.168,0.210
74760,1.616,0.540,0.599,0.067,0.133,0.194
74820,1.208,0.413,0.659,-0.000,0.152,0.068
74880,1.292,0.500,0.652,0.067,0.275,0.263
74940,1.548,0.304,0.758,0.037,0.170,0.410
75000,1.363,0.332,1.033,0.059,0.283,0.345
75060,1.143,0.390,0.679,0.063,0.084,0.236
75120,1.250,0.469,0.852,0.079,0.262,0.344
75180,1.152,0.215,0.843,0.061,0.088,0.359
75240,1.431,0.305,0.871,0.028,0.242,0.235
75300,1.449,0.146,0.746,0.050,0.233,0.262
75360,1.363,0.250,0.848,0.015,0.196,0.287
75420,1.636,0.387,0.906,0.059,0.315,0.367
75480,1.099,0.318,0.788,0.007,0.454,0.295
75540,1.253,0.463,0.867,0.056,0.314,0.267
75600,1.524,0.588,0.890,0.031,0.275,0.230
75660,1.608,0.499,0.705,0.066,0.241,0.340
75720,1.586,0.306,0.670,0.059,0.338,0.282
75780,1.522,0.233,0.647,0.019,0.164,0.326
75840,1.725,0.423,0.849,0.049,0.258,0.337
75900,1.553,0.393,0.936,0.106,0.204,0.222
75960,1.461,0.279,0.813,0.051,0.273,0.217
76020,1.301,0.589,0.819,-0.026,0.122,0.318
76080,0.536,0.111,0.502,-0.033,0.106,0.091
76140,1.047,0.178,0.559,0.050,0.067,0.282
76200,1.620,0.564,0.683,0.057,0.261,0.319
76260,1.459,0.432,0.720,0.007,0.193,0.277
76320,1.816,0.371,0.797,0.044,0.262,0.254
76380,1.770,0.305,0.890,0.055,0.175,0.276
76440,1.790,0.422,0.765,0.058,0.202,0.244
76500,1.960,0.417,0.772,0.041,0.068,0.236
76560,1.499,0.343,0.672,0.024,0.391,0.306
76620,1.958,0.587,0.659,0.012,0.139,0.223
76680,1.648,0.428,0.688,0.052,0.447,0.325
76740,1.747,0.657,0.709,0.043,0.225,0.147
76800,1.844,0.659,0.457,0.004,0.397,0.222
76860,1.679,0.339,0.625,0.053,0.407,0.103
76920,1.709,0.414,0.582,0.035,0.307,0.138
76980,1.658,0.494,0.660,0.041,0.227,0.200
77040,1.459,0.272,0.688,0.037,0.287,0.106
77100,1.890,0.393,0.747,0.070,0.227,0.152
77160,1.756,0.433,0.561,0.085,0.285,0.159
77220,1.827,0.583,0.542,0.061,0.113,0.174
77280,2.276,0.935,0.663,0.035,0.273,0.309
77340,1.346,0.519,0.597,0.071,0.322,0.096
77400,1.534,0.473,0.510,0.031,0.306,0.044
77460,1.472,0.479,0.614,0.048,0.333,0.077
77520,1.524,0.435,0.620,0.108,0.295,0.071
77580,1.571,0.585,0.416,0.030,0.396,0.074
77640,1.639,0.487,0.523,0.033,0.467,0.147
77700,1.664,0.488,0.520,0.094,0.245,0.188
77760,1.575,0.297,0.555,0.049,0.448,0.086
77820,1.479,0.420,0.565,0.047,0.304,0.068
77880,1.681,0.519,0.589,0.015,0.218,-0.018
77940,1.545,0.348,0.658,0.042,0.363,0.014
78000,1.568,0.464,0.625,0.015,0.347,0.119
78060,1.593,0.712,0.753,0.026,0.544,0.118
78120,1.362,0.447,0.541,0.033,0.289,0.077
78180,1.314,0.286,0.583,0.037,0.289,0.009
78240,1.555,0.526,0.645,0.044,0.493,0.019
78300,1.506,0.439,0.527,0.037,0.272,0.110
78360,1.312,0.424,0.589,0.027,0.377,-0.003
78420,1.601,0.504,0.592,0.015,0.344,0.064
78480,1.668,0.673,0.630,0.064,0.462,0.083
78540,1.408,0.479,0.601,0.024,0.254,0.156
78600,1.397,0.606,0.808,0.003,0.322,-0.002
78660,1.468,0.452,0.654,0.008,0.470,-0.042
78720,1.604,0.652,0.542,0.024,0.431,0.072
78780,1.365,0.388,0.708,0.054,0.338,0.062
78840,1.305,0.411,0.660,-0.009,0.479,-0.052
78900,1.523,0.331,0.717,0.005,0.527,0.066
78960,1.355,0.442,0.702,0.011,0.417,-0.003
79020,0.999,0.424,0.651,0.016,0.588,-0.178
79080,1.309,0.315,0.738,0.029,0.384,0.074
79140,1.185,0.306,0.886,0.019,0.276,0.171
79200,1.076,0.333,0.605,0.026,0.385,-0.092
79260,1.075,0.493,0.644,0.021,0.413,-0.060
79320,1.199,0.262,0.512,0.039,0.453,0.019
79380,1.111,0.414,0.547,0.008,0.345,-0.132
79440,1.204,0.534,0.551,0.060,0.364,0.002
79500,1.197,0.301,0.565,0.042,0.381,-0.043
79560,1.367,0.325,0.500,0.006,0.328,-0.007
79620,1.221,0.394,0.527,-0.018,0.127,0.017
79680,1.435,0.459,0.553,-0.011,0.193,-0.020
79740,1.396,0.372,0.709,0.026,0.292,-0.062
79800,1.490,0.401,0.647,0.071,0.116,-0.043
79860,1.514,0.320,0.611,0.031,0.283,-0.065
79920,1.282,0.354,0.732,0.041,0.207,-0.076
79980,1.446,0.177,0.810,0.055,0.247,-0.041
80040,1.697,0.271,0.821,0.063,0.186,0.006
80100,1.489,0.061,0.814,0.075,0.249,0.049
80160,1.630,0.253,0.749,0.034,0.254,-0.008
80220,1.642,0.252,0.676,0.033,0.248,0.002
80280,1.533,0.361,0.632,0.008,0.184,0.069
80340,1.467,0.014,0.621,0.027,0.217,-0.012
80400,1.502,0.145,0.571,0.030,0.148,-0.026
80460,1.485,0.174,0.568,0.057,0.017,0.085
80520,1.785,0.162,0.558,0.094,0.229,0.043
80580,1.541,0.036,0.506,0.082,0.141,0.046
80640,1.622,-0.012,0.624,0.050,0.157,-0.028
80700,1.696,0.354,0.477,0.068,0.051,0.076
80760,1.626,-0.030,0.589,0.094,0.084,0.031
80820,1.464,-0.007,0.726,0.069,0.047,-0.024
80880,1.519,-0.106,0.798,0.105,0.140,0.077
80940,1.720,0.121,0.721,0.126,-0.105,-0.052
81000,-9999.000,-9999.000,-9999.000,-9999.000,-9999.000,-9999.000
81060,1.272,-0.135,0.638,0.081,0.072,0.032
81120,1.438,-0.014,0.516,0.013,0.057,0.005
81180,1.349,-0.025,0.515,0.079,0.042,0.011
81240,1.271,0.182,0.549,0.079,0.068,0.026
81300,1.469,0.059,0.512,0.078,0.087,-0.034
81360,1.472,0.158,0.528,0.043,0.185,-0.040
81420,1.295,-0.024,0.547,0.056,0.026,0.027
81480,1.422,-0.020,0.684,0.077,0.158,0.054
81540,1.358,0.119,0.666,0.055,0.168,0.207
81600,1.311,-0.013,0.567,0.065,0.120,0.020
81660,1.427,0.032,0.740,0.062,0.198,0.033
81720,1.511,0.022,0.604,0.052,0.265,-0.004
81780,1.265,-0.005,0.661,0.055,0.282,0.076
81840,1.580,0.042,0.839,0.089,0.279,0.045
81900,1.485,0.049,0.812,0.036,0.299,-0.041
81960,1.428,-0.034,0.705,0.022,0.325,0.086
82020,1.590,0.100,0.738,0.027,0.366,-0.005
82080,1.141,-0.008,0.615,0.013,0.162,-0.048
82140,1.447,0.063,0.652,0.052,0.254,0.086
82200,1.409,0.239,0.661,-0.004,0.369,0.237
82260,1.302,-0.082,0.665,0.009,0.298,0.054
82320,1.382,0.007,0.469,0.015,0.337,0.149
82380,1.498,0.053,0.514,0.016,0.191,0.109
82440,1.364,0.076,0.549,-0.017,0.309,0.097
82500,1.324,0.051,0.570,0.010,0.367,0.069
82560,1.249,0.137,0.658,0.048,0.331,0.115
82620,1.262,-0.039,0.788,0.034,0.359,0.135
82680,1.195,0.096,0.738,0.087,0.382,0.132
82740,1.467,0.063,0.533,0.038,0.401,0.144
82800,1.328,0.289,0.559,0.057,0.400,0.164
82860,1.102,-0.099,0.446,0.103,0.438,0.095
82920,1.343,0.191,0.600,0.071,0.373,0.073
82980,1.304,0.121,0.710,0.066,0.378,0.107
83040,1.158,0.117,0.746,0.030,0.402,0.154
83100,1.383,0.122,0.836,0.052,0.399,0.130
83160,1.345,0.187,0.605,0.030,0.350,0.180
83220,1.388,0.101,0.642,0.032,0.336,0.097
83280,1.418,0.165,0.533,0.027,0.265,0.089
83340,1.294,0.168,0.626,0.068,0.374,0.163
83400,1.150,0.166,0.677,0.061,0.269,0.039
83460,1.448,0.132,0.614,0.075,0.222,0.144
83520,1.458,0.243,0.954,0.082,0.247,0.180
83580,1.208,0.203,0.891,0.078,0.248,0.248
83640,1.408,0.214,0.990,0.063,0.211,0.117
83700,1.243,0.300,0.993,0.086,0.276,0.234
83760,1.428,0.226,0.866,0.102,0.269,0.222
83820,1.240,0.018,0.757,0.041,0.063,0.077
83880,1.412,0.266,1.044,0.111,0.187,0.238
83940,1.298,0.100,0.754,0.045,0.200,0.073
84000,1.408,0.248,0.932,0.042,0.149,0.220
