CampaignData_and_Merges/R0/CSL_MobileLab_Parked/raw/20240715/USOS-Picarro-CO2-CH4-CO-H2O_MobileLabGround_20240715_R0.ict
38, 1001
Ilana Pollack, Nell Schafer, and Jeff Peischl
NOAA Chemical Sciences Laboratory
Picarro 2401-m CO2/CH4/CO/H2O Analyzer
USOS
1, 1
2024, 07, 15, 2024, 11, 20
0
StartTime_UTC, seconds_past_midnight, seconds past midnight
5
1, 1, 1, 1, 1
-9999, -9999, -9999, -9999, -9999
StopTime_UTC, seconds_past_midnight, seconds past midnight
CO2_ppm_1min, ppm, Gas_CO2_InSitu_S_DMF, carbon dioxide mixing ratio
CH4_ppb_1min, ppb, Gas_CH4_InSitu_S_DMF, methane mixing ratio
CO_ppb_1min, ppb, Gas_CO_InSitu_S_DMF, carbon monoxide mixing ratio
H2O_ppmv_1min, ppmv, Met_H2OMRV_InSitu_S_AVMR, water vapor mixing ratio
1
SPECIAL COMMENTS: N/A
18
PI_CONTACT_INFO: Address: NOAA Chemical Sciences Laboratory, Mail Stop CSL7, 325 Broadway, Boulder, CO 80305; Email: Ilana.Pollack@noaa.gov
PLATFORM: NOAA CSL Mobile Laboratory
LOCATION: The mobile lab was stationed in Salt Lake City, Utah.
ASSOCIATED_DATA: N/A
INSTRUMENT_INFO: CO2, CH4, and CO are reported as dry air mole fractions using a commercial wavelength-scanned cavity ring-down analyzer (Picarro 2401-m). An in-field calibration gas standard of 432±0.07 ppm CO2, 2095±1 ppb CH4, and 183±1 ppb CO, calibrated in the Boulder laboratories before and after the field project using primary CO2, CH4, and CO standard tanks tied to the WMO standard (X2019, X2004A, and X2014A, respectively) from the Global Monitoring Laboratory (GML), was delivered to the inlet every 2-3 days to evaluate instrument sensitivity. A H2O measurement was calibrated before the project with a Dew Point Mirror 373 hygrometer. The water correction calculated from these calibrations was applied to the H2O measurement for the entire campaign. Species are measured at 0.5 Hz and reported as 1-minute averages for stationary measurements.
DATA_INFO: Units: CO2, ppm, dry air mole fraction; CH4, ppb, dry air mole fraction; CO, ppb, dry air mole fraction; H2O, ppmv
UNCERTAINTY: Total uncertainties are estimated as ±0.1 ppm for CO2, ±1 ppb for CH4, ±5 ppb for CO, and ±(50 ppm + 4%) for H2O.
ULOD_FLAG: -7777
ULOD_VALUE: N/A
LLOD_FLAG: -8888
LLOD_VALUE: N/A
DM_CONTACT_INFO: Data Manager: Nathan Howard; nathan.h.howard@noaa.gov
PROJECT_INFO: USOS Dates of Study: July – August 2024
STIPULATIONS_ON_USE: Use of these data require prior ok from PI.
OTHER_COMMENTS: Data are averaged to 1 minute intervals. Stationary data collected from a 10 ft tower on top of the mobile van.
REVISION: R0
R0: Final Data
StartTime_UTC, StopTime_UTC, CO2_ppm_1min, CH4_ppb_1min, CO_ppb_1min, H2O_ppmv_1min
[from data line 411]
24660,24720,437.60,2028.5,190.0,14354.9092
24720,24780,437.68,2028.9,188.0,14397.6289
24780,24840,438.20,2028.8,190.2,14437.7432
24840,24900,437.19,2028.4,182.9,14426.9971
24900,24960,435.77,2027.9,171.5,14460.1084
24960,25020,437.61,2029.0,174.2,14495.6494
25020,25080,438.34,2031.8,192.0,14413.6924
25080,25140,438.71,2032.0,186.9,14426.0439
25140,25200,437.83,2031.3,170.3,14534.4277
25200,25260,437.23,2029.9,163.4,14483.1621
25260,25320,437.34,2029.4,161.5,14470.0674
25320,25380,437.42,2029.4,163.1,14478.1094
25380,25440,437.21,2029.2,158.8,14467.6787
25440,25500,437.51,2029.8,160.4,14489.3271
25500,25560,437.01,2029.1,160.7,14529.1074
25560,25620,436.96,2028.4,161.9,14536.2617
25620,25680,437.67,2027.4,173.0,14424.4639
25680,25740,439.12,2031.2,190.8,14402.0342
25740,25800,439.10,2033.5,203.3,14399.3818
25800,25860,439.66,2031.0,195.7,14431.4150
25860,25920,438.20,2029.8,188.3,14433.4531
25920,25980,435.91,2025.7,177.0,14374.3740
25980,26040,435.10,2024.2,172.9,14415.4121
26040,26100,435.03,2023.3,172.4,14414.9414
26100,26160,434.87,2023.2,174.1,14390.3525
26160,26220,434.52,2020.4,170.3,14327.0996
26220,26280,434.14,2017.9,168.4,14271.8535
26280,26340,434.76,2017.7,167.4,14317.9121
26340,26400,434.60,2016.3,167.3,14353.9424
26400,26460,436.06,2018.2,177.4,14387.1787
26460,26520,437.25,2017.2,188.3,14367.4648
26520,26580,437.42,2016.3,191.3,14404.0850
26580,26640,435.43,2013.9,179.3,14458.3564
26640,26700,435.60,2013.2,183.4,14493.5283
26700,26760,435.46,2012.7,182.8,14545.8350
26760,26820,433.91,2010.8,180.5,14688.2070
26820,26880,435.56,2013.3,191.5,14749.4570
26880,26940,435.39,2013.5,190.6,14891.6377
26940,27000,434.70,2015.5,187.3,15227.3789
27000,27060,433.69,2016.2,180.3,15586.2988
27060,27120,433.77,2016.9,180.3,15576.8174
27120,27180,434.24,2017.6,196.5,15460.1533
27180,27240,434.75,2017.8,194.7,15394.7070
27240,27300,434.37,2017.6,181.5,15384.9199
27300,27360,435.77,2017.9,188.3,15384.0918
27360,27420,438.55,2018.2,173.0,15688.7236
27420,27480,447.77,2019.2,170.5,16288.5029
27480,27540,447.78,2020.5,168.1,16578.1211
27540,27600,447.14,2020.4,168.7,16422.7793
27600,27660,452.96,2020.3,169.5,16912.2949
27660,27720,450.79,2021.7,170.4,16853.4277
27720,27780,450.69,2021.4,169.8,16727.4297
27780,27840,443.24,2023.1,171.0,16300.6426
27840,27900,441.81,2023.7,178.1,16051.2852
27900,27960,441.56,2023.7,182.7,16011.4619
27960,28020,442.81,2023.7,184.4,16106.9707
28020,28080,441.99,2025.4,177.5,15945.7744
28080,28140,443.00,2027.4,172.3,15830.9170
28140,28200,443.27,2028.6,171.0,15889.7871
28200,28260,443.65,2030.9,170.4,16037.6533
28260,28320,445.65,2032.3,170.9,16367.8281
28320,28380,444.89,2030.6,172.3,16523.3398
28380,28440,446.60,2031.0,183.2,16651.7988
28440,28500,446.16,2030.8,174.3,16888.3691
28500,28560,445.80,2030.9,169.7,16994.8047
28560,28620,448.62,2028.6,170.0,17319.0938
28620,28680,447.69,2026.3,169.5,17479.9688
28680,28740,443.70,2021.3,169.6,17496.7344
28740,28800,443.51,2019.3,172.2,17582.5645
28800,28860,444.47,2019.3,172.3,17695.7930
28860,28920,444.39,2016.5,188.9,17728.6250
28920,28980,442.62,2014.1,172.7,17725.1855
28980,29040,439.40,2005.2,168.0,17701.6328
29040,29100,441.48,2008.1,169.6,17784.8027
29100,29160,442.45,2010.8,169.9,17768.4707
29160,29220,441.38,2008.1,168.7,17738.4160
29220,29280,441.18,2005.1,166.6,17712.4844
29280,29340,442.49,2005.9,170.2,17787.9844
29340,29400,440.86,2005.4,167.3,17732.2129
29400,29460,450.03,2009.0,171.3,18281.8906
29460,29520,446.75,2011.0,171.4,17978.0371
29520,29580,447.17,2010.4,176.3,17941.0527
29580,29640,450.84,2010.6,171.6,18160.6582
29640,29700,448.28,2013.0,179.5,18040.7129
29700,29760,445.08,2013.2,225.4,17813.5684
29760,29820,444.56,2016.9,226.9,17851.0449
29820,29880,445.57,2014.3,178.1,17857.9219
29880,29940,446.39,2017.4,176.8,17887.9727
29940,30000,444.37,2018.1,174.3,17772.2266
30000,30060,444.72,2018.4,182.9,17855.0840
30060,30120,445.65,2019.7,182.3,17908.0723
30120,30180,445.68,2020.6,174.0,17920.3164
30180,30240,448.05,2018.1,172.0,17997.7617
30240,30300,447.94,2018.4,174.5,17980.8652
30300,30360,449.07,2019.2,175.0,17939.2754
30360,30420,444.34,2018.1,175.4,17739.0547
30420,30480,445.77,2018.8,175.5,17826.7852
30480,30540,444.97,2018.7,175.1,17701.2012
30540,30600,449.04,2021.6,174.2,17875.9980
30600,30660,444.91,2021.0,172.7,17815.9395
30660,30720,449.57,2022.4,172.9,17966.0215
30720,30780,449.13,2022.6,172.8,17938.3340
30780,30840,447.32,2022.5,173.5,17932.6699
30840,30900,445.90,2021.0,171.5,17905.5234
30900,30960,446.75,2018.8,171.1,17756.5254
30960,31020,445.29,2017.5,167.8,17542.2539
31020,31080,444.79,2015.4,166.6,17388.3691
31080,31140,444.97,2015.0,164.2,17296.1660
31140,31200,446.97,2015.5,163.8,17448.8809
31200,31260,446.38,2015.8,165.3,17413.0703
31260,31320,444.91,2016.3,175.6,17313.3965
31320,31380,445.85,2015.1,167.9,17322.5469
31380,31440,445.88,2015.4,170.2,17347.3828
31440,31500,447.59,2015.7,171.1,17513.3125
31500,31560,448.14,2015.5,167.6,17366.1309
31560,31620,443.96,2014.5,161.7,16845.1719
31620,31680,445.15,2014.9,161.8,16888.1953
31680,31740,444.89,2014.5,161.4,16831.4980
31740,31800,444.44,2014.1,161.3,16780.0176
31800,31860,447.40,2015.4,160.8,16929.8301
31860,31920,449.41,2016.1,160.5,16747.2637
31920,31980,447.93,2017.6,162.9,16598.2500
31980,32040,447.57,2018.5,162.9,16396.2422
32040,32100,444.78,2020.4,168.9,16089.7080
32100,32160,444.50,2019.5,166.8,15994.3301
32160,32220,444.20,2018.5,163.2,15956.7813
32220,32280,445.17,2019.7,164.1,16040.8174
32280,32340,447.25,2021.3,165.6,16146.2197
32340,32400,446.17,2021.3,162.8,16058.5430
32400,32460,447.50,2022.0,163.6,16106.5820
32460,32520,446.92,2020.8,161.7,15996.6445
32520,32580,445.61,2020.5,162.3,15910.7578
32580,32640,448.39,2022.2,161.9,16105.8916
32640,32700,446.16,2021.5,162.8,15852.7510
32700,32760,449.89,2022.3,162.1,16104.0303
32760,32820,448.60,2023.1,164.1,15972.7422
32820,32880,448.37,2023.0,169.2,15858.3594
32880,32940,447.89,2023.6,166.7,15831.7900
32940,33000,447.27,2024.7,166.0,15784.4834
33000,33060,447.90,2023.6,161.7,15716.8232
33060,33120,451.24,2023.4,162.6,15812.3379
33120,33180,448.07,2020.4,160.1,15705.1670
33180,33240,445.93,2019.2,158.0,15555.2998
33240,33300,446.95,2020.3,159.4,15616.3486
33300,33360,448.63,2020.5,159.8,15663.2500
33360,33420,448.65,2020.7,158.4,15710.4873
33420,33480,447.00,2022.0,159.8,15561.2979
33480,33540,446.68,2021.2,158.8,15480.6475
33540,33600,448.13,2020.7,158.6,15494.6973
33600,33660,446.28,2020.0,159.8,15415.3555
33660,33720,445.90,2019.0,158.3,15421.7920
33720,33780,446.53,2019.7,157.7,15415.4238
33780,33840,447.45,2020.5,159.5,15520.0508
33840,33900,447.08,2020.4,157.6,15507.2266
33900,33960,450.63,2021.3,160.6,15617.9453
33960,34020,448.23,2021.8,158.4,15555.9883
34020,34080,448.35,2022.6,158.7,15570.6299
34080,34140,449.39,2023.3,160.6,15541.8877
34140,34200,447.23,2023.9,159.3,15473.0605
34200,34260,449.87,2023.0,159.0,15526.8398
34260,34320,452.35,2022.0,157.8,15576.1074
34320,34380,450.92,2022.4,158.4,15582.9375
34380,34440,448.84,2020.9,157.3,15528.3184
34440,34500,454.41,2021.4,158.5,15701.2666
34500,34560,452.87,2023.2,157.3,15584.2979
34560,34620,457.19,2022.4,157.3,15679.1875
34620,34680,460.73,2022.7,157.6,15781.1035
34680,34740,458.32,2025.2,155.3,15744.0713
34740,34800,453.24,2024.8,155.7,15696.4834
34800,34860,454.09,2024.9,156.9,15667.4268
34860,34920,459.82,2019.9,159.4,15826.3848
34920,34980,454.19,2021.9,156.0,15663.4863
34980,35040,450.83,2020.7,154.2,15621.7852
35040,35100,450.89,2020.5,157.4,15662.8057
35100,35160,449.17,2023.0,155.2,15611.1807
35160,35220,452.62,2023.7,153.7,15684.0098
35220,35280,454.33,2025.2,154.5,15793.4463
35280,35340,457.92,2026.9,156.5,15843.6328
35340,35400,456.84,2028.3,154.8,15923.4473
35400,35460,454.67,2026.5,154.4,15834.6982
35460,35520,456.88,2027.1,153.9,15832.2197
35520,35580,456.96,2024.2,159.6,15771.7998
35580,35640,461.20,2029.4,159.4,15869.6494
35640,35700,457.42,2026.8,157.9,15830.1563
35700,35760,456.18,2027.9,155.8,15829.4434
35760,35820,453.42,2028.6,155.9,15862.8652
35820,35880,453.42,2023.9,156.8,15821.2686
35880,35940,452.05,2020.2,157.2,15784.3467
35940,36000,450.75,2019.9,158.6,15766.5654
36000,36060,448.97,2018.8,158.1,15703.7246
36060,36120,450.25,2020.8,156.3,15769.7471
36120,36180,449.43,2020.6,155.8,15661.8994
36180,36240,448.60,2020.9,154.0,15660.2461
36240,36300,448.53,2020.0,155.9,15626.1338
36300,36360,449.92,2020.5,154.1,15691.7461
36360,36420,448.85,2019.0,154.5,15643.3389
36420,36480,449.66,2019.3,156.1,15666.4473
36480,36540,449.46,2019.5,157.0,15683.3389
36540,36600,447.83,2019.9,158.3,15585.2539
36600,36660,449.16,2020.4,161.6,15651.2686
36660,36720,448.35,2021.9,162.1,15571.1621
36720,36780,450.09,2023.4,161.1,15611.6152
36780,36840,450.82,2026.0,163.7,15668.8115
36840,36900,449.61,2025.5,165.1,15617.6650
36900,36960,450.39,2027.9,168.8,15629.9355
36960,37020,449.69,2028.6,169.5,15586.4189
37020,37080,451.03,2031.0,170.7,15674.6143
37080,37140,450.02,2030.9,172.8,15612.6885
37140,37200,449.33,2029.1,173.8,15532.7646
37200,37260,449.05,2026.6,175.4,15484.7012
37260,37320,450.17,2025.0,174.5,15526.3506
37320,37380,452.23,2027.2,175.7,15653.1260
37380,37440,453.04,2027.7,173.8,15699.1621
37440,37500,451.75,2029.0,175.5,15606.8594
37500,37560,452.85,2028.1,175.0,15645.3066
37560,37620,450.78,2026.3,172.9,15566.2891
37620,37680,452.34,2027.0,168.8,15654.6074
37680,37740,452.82,2024.4,172.2,15614.5771
37740,37800,451.04,2023.7,172.4,15563.5293
37800,37860,450.79,2023.7,171.9,15476.9453
37860,37920,451.40,2022.9,171.6,15544.6152
37920,37980,452.31,2021.6,172.1,15505.8721
37980,38040,449.35,2019.3,171.4,15329.1934
38040,38100,448.93,2017.7,172.8,15293.8701
38100,38160,450.77,2018.1,170.7,15363.6016
38160,38220,450.18,2018.3,171.4,15338.6973
38220,38280,451.30,2018.2,170.7,15338.2627
38280,38340,447.65,2015.1,167.7,15118.6416
38340,38400,447.07,2014.6,167.4,15071.4766
38400,38460,447.84,2014.5,164.9,15119.9063
38460,38520,449.48,2014.9,163.9,15201.3467
38520,38580,448.02,2014.0,165.3,15133.8496
38580,38640,449.04,2015.2,165.1,15213.4697
38640,38700,447.21,2015.1,162.6,15161.5645
38700,38760,446.31,2014.2,162.2,15145.0361
38760,38820,448.29,2014.5,160.8,15155.9277
38820,38880,447.29,2014.4,161.8,15116.4199
38880,38940,447.02,2015.0,166.2,15111.2676
38940,39000,446.83,2013.0,160.3,15022.2422
39000,39060,445.52,2012.1,158.2,14947.0557
39060,39120,446.74,2012.2,158.7,15095.7246
39120,39180,445.97,2011.6,159.7,14935.3887
39180,39240,445.68,2010.3,160.9,14883.6064
39240,39300,446.25,2010.7,158.5,14884.2373
39300,39360,446.23,2009.8,160.3,14857.8213
39360,39420,447.51,2010.1,159.4,14944.3799
39420,39480,446.99,2010.2,158.8,14907.3320
39480,39540,446.17,2009.8,159.7,14836.2744
39540,39600,445.72,2010.9,160.0,14798.5029
39600,39660,447.97,2011.4,158.2,14972.0537
39660,39720,446.78,2012.4,160.0,14851.5576
39720,39780,446.63,2011.3,159.8,14855.1230
39780,39840,446.26,2010.8,159.5,14788.6152
39840,39900,446.27,2010.9,160.4,14776.8984
39900,39960,445.69,2010.5,159.7,14726.5127
39960,40020,445.38,2010.1,158.8,14730.4688
40020,40080,446.11,2010.5,160.7,14759.9912
40080,40140,446.37,2012.1,163.1,14782.8984
40140,40200,448.44,2013.6,164.0,14922.2539
40200,40260,449.13,2013.2,175.5,14900.2988
40260,40320,448.32,2013.5,172.3,14883.1553
40320,40380,446.65,2013.1,174.1,14753.3652
40380,40440,446.56,2012.6,170.8,14743.7803
40440,40500,446.86,2012.0,169.9,14792.1768
40500,40560,446.75,2011.6,166.3,14809.1484
40560,40620,446.48,2011.4,164.6,14801.7686
40620,40680,447.76,2012.0,168.3,14858.8301
40680,40740,447.82,2011.5,167.4,14892.1143
40740,40800,446.89,2012.1,167.9,14908.7881
40800,40860,448.45,2012.8,170.3,14930.6396
40860,40920,447.40,2014.0,170.2,14850.8076
40920,40980,449.80,2014.3,167.8,14959.6689
40980,41040,450.70,2014.9,167.9,15027.1309
41040,41100,450.59,2014.9,166.9,15009.6973
41100,41160,450.64,2014.6,164.4,15039.1406
41160,41220,449.11,2015.2,163.1,14981.0459
41220,41280,448.90,2015.2,160.3,14938.8135
41280,41340,456.81,2015.6,160.6,15123.1377
41340,41400,455.05,2016.5,161.6,15110.6953
41400,41460,450.26,2017.4,163.3,14960.2236
41460,41520,447.91,2016.8,162.3,14847.2461
41520,41580,450.85,2017.5,163.2,14944.8447
41580,41640,449.80,2018.2,165.9,14931.4980
41640,41700,449.47,2019.0,196.1,14894.7520
41700,41760,450.19,2017.7,183.5,14920.7344
41760,41820,453.76,2017.8,175.6,14973.9268
41820,41880,454.31,2018.7,173.4,15027.3193
41880,41940,454.32,2018.9,171.4,14979.3828
41940,42000,453.31,2020.5,170.7,14928.3887
42000,42060,452.71,2022.3,168.8,14893.2344
42060,42120,455.25,2022.0,170.0,14930.0293
42120,42180,450.20,2017.7,172.8,14792.8057
42180,42240,457.05,2019.4,182.9,14976.9199
42240,42300,463.57,2019.8,188.1,15034.5654
42300,42360,458.86,2021.1,190.2,14940.6445
42360,42420,458.70,2022.8,188.0,14956.5078
42420,42480,461.69,2023.5,192.0,14974.9590
42480,42540,463.64,2025.6,215.7,14976.8896
42540,42600,458.46,2024.5,215.0,14815.9961
42600,42660,457.08,2025.7,219.7,14753.9590
42660,42720,462.48,2022.3,230.0,14860.2422
42720,42780,464.68,2023.8,230.6,14937.7305
42780,42840,460.90,2023.1,226.0,14860.0918
42840,42900,471.54,2023.3,226.8,15081.4121
42900,42960,464.21,2025.2,218.5,15031.6279
42960,43020,460.31,2024.8,210.1,14948.7842
43020,43080,457.94,2022.7,194.7,14836.3164
43080,43140,455.72,2024.7,195.0,14777.7695
43140,43200,459.07,2025.2,199.2,14954.8877
43200,43260,457.66,2026.1,196.0,14914.8018
43260,43320,454.49,2023.4,193.2,14818.6963
43320,43380,451.80,2021.4,191.9,14733.7451
43380,43440,453.30,2022.3,207.8,14752.6914
43440,43500,454.95,2022.1,215.8,14843.2871
43500,43560,451.15,2018.8,219.1,14716.3867
43560,43620,457.98,2020.3,218.4,14888.5840
43620,43680,451.39,2018.7,202.4,14680.3037
43680,43740,449.55,2016.4,194.2,14661.4912
43740,43800,449.57,2015.8,193.7,14633.4258
43800,43860,449.39,2014.0,188.8,14639.7988
43860,43920,450.91,2014.1,188.7,14705.3848
43920,43980,455.05,2015.4,188.8,14796.7080
43980,44040,458.44,2013.6,187.9,14824.4033
44040,44100,450.27,2013.2,186.8,14628.9092
44100,44160,450.61,2011.7,182.4,14613.2148
44160,44220,449.82,2010.2,201.4,14560.9199
44220,44280,450.81,2011.6,243.1,14611.4766
44280,44340,450.29,2010.8,228.1,14608.9639
44340,44400,449.27,2009.8,194.1,14532.9746
44400,44460,450.68,2009.7,192.7,14531.3408
44460,44520,451.82,2010.0,202.5,14503.4639
44520,44580,459.84,2006.5,196.8,14592.4043
44580,44640,453.18,2005.7,185.3,14503.3359
44640,44700,454.89,2006.1,197.4,14529.5195
44700,44760,452.28,2007.3,202.4,14386.4268
44760,44820,452.58,2014.2,209.0,14440.3340
44820,44880,458.55,2018.7,218.4,14598.6748
44880,44940,450.57,2008.9,199.9,14354.2607
44940,45000,451.92,2011.7,209.3,14468.6963
45000,45060,451.95,2012.0,206.6,14449.8467
45060,45120,461.67,2014.4,228.6,14638.8369
45120,45180,456.78,2015.5,205.1,14588.3848
45180,45240,455.03,2012.6,196.0,14571.7266
45240,45300,452.58,2006.2,193.5,14466.3271
45300,45360,454.30,2007.0,227.7,14495.1328
45360,45420,451.36,2002.9,203.9,14382.9043
45420,45480,450.70,2001.6,187.7,14426.4043
45480,45540,452.73,2001.3,187.1,14549.0244
45540,45600,451.07,2002.3,189.4,14428.3691
45600,45660,451.74,2002.0,188.3,14476.8359
45660,45720,451.59,2000.6,195.6,14350.0850
45720,45780,451.47,1999.6,191.6,14449.9473
45780,45840,450.16,1999.7,197.1,14301.1270
45840,45900,450.67,1999.1,198.1,14244.1914
45900,45960,452.58,2000.3,206.5,14388.5986
45960,46020,451.86,2000.1,198.1,14412.4189
46020,46080,454.87,1999.4,197.9,14382.4160
46080,46140,463.80,2000.4,205.2,14736.1582
46140,46200,454.60,2000.6,206.6,14466.4014
46200,46260,450.07,2000.9,195.1,14289.4170
46260,46320,452.77,2001.8,234.1,14368.5508
46320,46380,452.18,2001.8,264.5,14345.5830
46380,46440,452.45,2002.6,205.8,14202.9814
46440,46500,452.52,2003.7,191.2,14356.2393
46500,46560,460.58,2017.7,346.6,14579.4170
46560,46620,455.95,2007.2,270.6,14450.8633
46620,46680,464.84,2005.9,242.9,14667.3721
46680,46740,459.55,2004.7,197.8,14551.7842
46740,46800,457.83,2006.2,207.1,14495.8486
46800,46860,459.13,2007.1,237.4,14707.2578
46860,46920,459.46,2006.2,209.7,14870.4912
