CampaignData_and_Merges/R0/CSL_MobileLab_Parked/raw/20240715/USOS-NOy-LIF_MobileLabGround_20240715_R0.ict
39,1001
Rollins, A.; Waxman, E.; Zuraski, K.; Chace, W.
NOAA Chemical Sciences Laboratory
LIF NO/NOx/NOy on CSL Mobile Lab
AMMBEC / USOS
1, 1
2024,07,15, 2025,01,03
1
Time_Start, seconds, number_of_seconds_since_0000_UTC
7
1, 1, 1, 1, 1, 1, 1
-9999, -9999, -9999, -9999, -9999, -9999, -9999
Time_Stop, seconds, number_of_seconds_since_0000_UTC
NO_LIF, pptv, Gas_NO_InSitu_S_AVMR, volume mixing ratio of nitric oxide in air
NO2_LIF, pptv, Gas_NO2_InSitu_S_AVMR, volume mixing ratio of nitrogen dioxide in air
NOy_LIF, pptv, Gas_NOy_InSitu_S_AVMR, volume mixing ratio of total oxidized nitrogen in air
NO_LIF_1SigmaAccuracy, pptv, Gas_NO_InSitu_S_AVMR, volume mixing ratio of nitric oxide in air
NO2_LIF_1SigmaAccuracy, pptv, Gas_NO2_InSitu_S_AVMR, volume mixing ratio of nitrogen dioxide in air
NOy_LIF_1SigmaAccuracy, pptv, Gas_NOy_InSitu_S_AVMR, volume mixing ratio of total oxidized nitrogen in air
0
18
PI_CONTACT_INFO: andrew.rollins@noaa.gov
PLATFORM: CSL Mobile Lab
LOCATION: Salt Lake City, UT
ASSOCIATED_DATA:
INSTRUMENT_INFO: NO detection by laser induced fluorescence. NO2 detection by photolytic conversion to NO. NOy detection by catalytic conversion to NO on gold surface
DATA_INFO:
UNCERTAINTY: Included 1 Sigma Accuracy waves represent the combined calibration uncertainties (±6%, ±9%, ±10%) and zero uncertainties (3 ppt, 20 ppt, 100 ppt) for NO, NO2, and NOy, respectively.
ULOD_FLAG: -7777
ULOD_VALUE: N/A
LLOD_FLAG: -8888
LLOD_VALUE: N/A
DM_CONTACT_INFO: andrew.rollins@noaa.gov
PROJECT_INFO: USOS Project, July - August 2024
STIPULATIONS_ON_USE: Users are strongly encouraged to contact the PI for proper data usage.
OTHER_COMMENTS:
REVISION: R0
R0: final data
Time_Start, Time_Stop, NO_LIF, NO2_LIF, NOy_LIF, NO_LIF_1SigmaAccuracy, NO2_LIF_1SigmaAccuracy, NOy_LIF_1SigmaAccuracy
[from data line 267]
   16020,   16080,173.3,3587.1,4824.2,13.398, 342.84, 582.42
   16080,   16140,211.41,3601.5,4544.6,15.684, 344.13, 554.46
   16140,   16200,143.12,3906.2,5131.2,11.587, 371.56, 613.12
   16200,   16260,48.077,3073.2,5164.7,5.8846, 296.59, 616.47
   16260,   16320,35.653,2909,4059,5.1392, 281.81, 505.9
   16320,   16380,38.429,1918.6,3174.6,5.3057, 192.68, 417.46
   16380,   16440,86.136,2073.7,3187.8,8.1682, 206.63, 418.78
   16440,   16500,-9999,-9999,-9999,-9999, -9999, -9999
   16500,   16560,-9999,-9999,-9999,-9999, -9999, -9999
   16560,   16620,-9999,-9999,-9999,-9999, -9999, -9999
   16620,   16680,-9999,-9999,-9999,-9999, -9999, -9999
   16680,   16740,-9999,-9999,-9999,-9999, -9999, -9999
   16740,   16800,-9999,-9999,-9999,-9999, -9999, -9999
   16800,   16860,-9999,-9999,-9999,-9999, -9999, -9999
   16860,   16920,69.798,3566,4863.3,7.1879, 340.94, 586.33
   16920,   16980,32.366,2947.2,4039.9,4.942, 285.24, 503.99
   16980,   17040,13.96,2243.9,3268.8,3.8376, 221.95, 426.88
   17040,   17100,19.779,2618,3742.7,4.1867, 255.62, 474.27
   17100,   17160,17.637,2417.9,3659.4,4.0582, 237.61, 465.94
   17160,   17220,23.307,2258.4,3654.4,4.3984, 223.26, 465.44
   17220,   17280,33.685,1671.2,2731.3,5.0211, 170.41, 373.13
   17280,   17340,39.946,2182.5,3063.3,5.3968, 216.42, 406.33
   17340,   17400,32.702,2184.1,3376.2,4.9621, 216.57, 437.62
   17400,   17460,25.046,1567.8,2556.4,4.5027, 161.1, 355.64
   17460,   17520,19.074,1269.5,2218.3,4.1444, 134.25, 321.83
   17520,   17580,23.631,1406.7,2374.5,4.4178, 146.6, 337.45
   17580,   17640,23.865,1420.6,2295.4,4.4319, 147.85, 329.54
   17640,   17700,37.123,1474.8,2424.6,5.2274, 152.73, 342.46
   17700,   17760,133.82,2183.8,2796.9,11.029, 216.54, 379.69
   17760,   17820,51.91,2040.6,3019.1,6.1146, 203.66, 401.91
   17820,   17880,62.594,3016.2,4120.1,6.7556, 291.46, 512.01
   17880,   17940,61.148,2134.9,3656.5,6.6689, 212.14, 465.65
   17940,   18000,97.058,1713.4,2761.2,8.8235, 174.2, 376.12
   18000,   18060,28.643,1447.8,2515.7,4.7186, 150.3, 351.57
   18060,   18120,19.309,1291,2283.6,4.1586, 136.19, 328.36
   18120,   18180,20.645,1315.5,2245.1,4.2387, 138.4, 324.51
   18180,   18240,13.568,1180.8,2156.2,3.8141, 126.27, 315.62
   18240,   18300,19.361,1333.9,2159.6,4.1616, 140.05, 315.96
   18300,   18360,23.885,1449.2,2282.6,4.4331, 150.43, 328.26
   18360,   18420,33.831,1389.3,2286.9,5.0299, 145.04, 328.69
   18420,   18480,28.452,1479.4,2328.9,4.7071, 153.15, 332.89
   18480,   18540,17.375,1409.2,2250.8,4.0425, 146.82, 325.08
   18540,   18600,14.803,1359.2,2276.4,3.8882, 142.33, 327.64
   18600,   18660,10.136,1351.3,2202.7,3.6081, 141.62, 320.27
   18660,   18720,9.5942,1261.9,2106.6,3.5757, 133.57, 310.66
   18720,   18780,10.551,1264,2133.7,3.6331, 133.76, 313.37
   18780,   18840,13.399,1385.5,2230.2,3.8039, 144.69, 323.02
   18840,   18900,80.619,2061.5,3195.8,7.8372, 205.53, 419.58
   18900,   18960,105.23,2523.5,3668.2,9.3139, 247.11, 466.82
   18960,   19020,34.02,2319,3467.9,5.0412, 228.71, 446.79
   19020,   19080,-9999,-9999,-9999,-9999, -9999, -9999
   19080,   19140,-9999,-9999,-9999,-9999, -9999, -9999
   19140,   19200,-9999,-9999,-9999,-9999, -9999, -9999
   19200,   19260,-9999,-9999,-9999,-9999, -9999, -9999
   19260,   19320,-9999,-9999,-9999,-9999, -9999, -9999
   19320,   19380,-9999,-9999,-9999,-9999, -9999, -9999
   19380,   19440,-9999,-9999,-9999,-9999, -9999, -9999
   19440,   19500,7922.7,22307,42954,478.36, 2027.6, 4395.4
   19500,   19560,5716.2,18059,29065,345.97, 1645.3, 3006.5
   19560,   19620,461.71,5468.3,7308.4,30.703, 512.15, 830.84
   19620,   19680,35.81,3180.4,4504.8,5.1486, 306.24, 550.48
   19680,   19740,59.595,3246.4,4556.5,6.5757, 312.17, 555.65
   19740,   19800,82.672,3462.1,4872.2,7.9603, 331.59, 587.22
   19800,   19860,2536.4,7016.1,17963,155.19, 651.45, 1896.3
   19860,   19920,3714.7,11600,14317,225.88, 1064, 1531.7
   19920,   19980,1175,10693,14295,73.498, 982.33, 1529.5
   19980,   20040,93.073,6644,8659.9,8.5844, 617.96, 965.99
   20040,   20100,73.681,6310.8,8406.5,7.4209, 587.97, 940.65
   20100,   20160,158.3,6819.6,9005.7,12.498, 633.77, 1000.6
   20160,   20220,112.98,6766.3,9109.4,9.7788, 628.96, 1010.9
   20220,   20280,184.22,5185.5,7416.9,14.053, 486.7, 841.69
   20280,   20340,103.46,3314.2,5142.1,9.2073, 318.28, 614.21
   20340,   20400,186.21,2138.2,3633.5,14.173, 212.44, 463.35
   20400,   20460,179.83,1758.3,3192.9,13.79, 178.25, 419.29
   20460,   20520,153.22,1728.2,3181.2,12.193, 175.54, 418.12
   20520,   20580,70.154,1574.6,2830.8,7.2092, 161.72, 383.08
   20580,   20640,106.1,1556.9,2988.2,9.3659, 160.12, 398.82
   20640,   20700,111.4,1630.6,3033.2,9.6838, 166.75, 403.32
   20700,   20760,87.018,1615.6,2909.9,8.2211, 165.4, 390.99
   20760,   20820,56.142,1433.8,2590,6.3685, 149.04, 359
   20820,   20880,25.472,1353.3,2403.4,4.5283, 141.8, 340.34
   20880,   20940,56.111,1550.4,2736.1,6.3667, 159.54, 373.61
   20940,   21000,601.24,3231.8,5703.1,39.074, 310.86, 670.31
   21000,   21060,3008.3,6029.4,11961,183.5, 562.65, 1296.1
   21060,   21120,142.57,1714.3,3267.7,11.554, 174.28, 426.77
   21120,   21180,139.31,1498.2,2775.3,11.358, 154.84, 377.53
   21180,   21240,54.382,1419.4,2617.1,6.2629, 147.75, 361.71
   21240,   21300,72.027,1404.2,2786.6,7.3216, 146.37, 378.66
   21300,   21360,53.357,1344.5,2609.1,6.2014, 141, 360.91
   21360,   21420,23.586,1288.2,2476.3,4.4151, 135.93, 347.63
   21420,   21480,25.207,1196.7,2377.2,4.5124, 127.71, 337.72
   21480,   21540,54.127,1327.5,2542.9,6.2476, 139.47, 354.29
   21540,   21600,240.8,2191.2,4218.1,17.448, 217.21, 521.81
   21600,   21660,-9999,-9999,-9999,-9999, -9999, -9999
   21660,   21720,-9999,-9999,-9999,-9999, -9999, -9999
   21720,   21780,-9999,-9999,-9999,-9999, -9999, -9999
   21780,   21840,-9999,-9999,-9999,-9999, -9999, -9999
   21840,   21900,-9999,-9999,-9999,-9999, -9999, -9999
   21900,   21960,-9999,-9999,-9999,-9999, -9999, -9999
   21960,   22020,-9999,-9999,-9999,-9999, -9999, -9999
   22020,   22080,33.418,1044.8,2367.1,5.0051, 114.03, 336.71
   22080,   22140,30.551,970.39,2140.1,4.8331, 107.34, 314.01
   22140,   22200,31.46,1011.9,2313.6,4.8876, 111.08, 331.36
   22200,   22260,44.187,1086.7,2392.4,5.6512, 117.8, 339.24
   22260,   22320,60.563,1098.2,2432.1,6.6338, 118.83, 343.21
   22320,   22380,25.047,965.49,2254.7,4.5028, 106.89, 325.47
   22380,   22440,64.244,1002.8,2356.7,6.8546, 110.26, 335.67
   22440,   22500,58.457,919.58,2211.1,6.5074, 102.76, 321.11
   22500,   22560,50.991,942.97,2327.9,6.0595, 104.87, 332.79
   22560,   22620,51.345,974.27,2291.9,6.0807, 107.68, 329.19
   22620,   22680,23.245,1013.1,2566.5,4.3947, 111.18, 356.65
   22680,   22740,47.669,1162,2549.2,5.8601, 124.58, 354.92
   22740,   22800,209.94,1843.3,3414.2,15.596, 185.89, 441.42
   22800,   22860,23.674,1239.9,2520.2,4.4205, 131.59, 352.02
   22860,   22920,90.005,1615.3,3380.7,8.4003, 165.38, 438.07
   22920,   22980,335.34,3327.1,6013.8,23.12, 319.44, 701.38
   22980,   23040,79.737,2124.9,3645.7,7.7842, 211.24, 464.57
   23040,   23100,188.67,2241.6,3705,14.32, 221.75, 470.5
   23100,   23160,1513.2,6667.4,12979,93.789, 620.06, 1397.9
   23160,   23220,2560.8,10244,18699,156.65, 942, 1969.9
   23220,   23280,2642.1,9337.1,14223,161.53, 860.34, 1522.3
   23280,   23340,1349.3,9484.6,12973,83.957, 873.62, 1397.3
   23340,   23400,859.53,8473.6,13477,54.572, 782.62, 1447.7
   23400,   23460,3415.9,12145,20180,207.96, 1113, 2118
   23460,   23520,5157.8,15671,25473,312.47, 1430.4, 2647.3
   23520,   23580,2316.2,10610,15784,141.97, 974.88, 1678.4
   23580,   23640,4036,11050,19058,245.16, 1014.5, 2005.8
   23640,   23700,3551.5,11724,19325,216.09, 1075.1, 2032.5
   23700,   23760,3320.9,13485,20845,202.26, 1233.7, 2184.5
   23760,   23820,3310.2,11643,18731,201.61, 1067.9, 1973.1
   23820,   23880,2848.5,9695.1,16164,173.91, 892.56, 1716.4
   23880,   23940,2437,11445,16653,149.22, 1050.1, 1765.3
   23940,   24000,298.57,4827.1,7090.7,20.914, 454.44, 809.07
   24000,   24060,1454.8,6301,9820.3,90.285, 587.09, 1082
   24060,   24120,1530.2,8520.6,12355,94.81, 786.85, 1335.5
   24120,   24180,34.035,3777.3,5554.1,5.0421, 359.96, 655.41
   24180,   24240,-9999,-9999,-9999,-9999, -9999, -9999
   24240,   24300,-9999,-9999,-9999,-9999, -9999, -9999
   24300,   24360,-9999,-9999,-9999,-9999, -9999, -9999
   24360,   24420,-9999,-9999,-9999,-9999, -9999, -9999
   24420,   24480,-9999,-9999,-9999,-9999, -9999, -9999
   24480,   24540,-9999,-9999,-9999,-9999, -9999, -9999
   24540,   24600,-9999,-9999,-9999,-9999, -9999, -9999
   24600,   24660,7220.9,21011,35198,436.25, 1911, 3619.8
   24660,   24720,5635.3,20731,32130,341.12, 1885.8, 3313
   24720,   24780,4787.1,22707,35483,290.22, 2063.6, 3648.3
   24780,   24840,3398.1,21454,30357,206.88, 1950.9, 3135.7
   24840,   24900,1795.8,14663,19337,110.75, 1339.7, 2033.7
   24900,   24960,87.508,5108.1,7016.7,8.2505, 479.73, 801.67
   24960,   25020,2822.6,13140,21694,172.36, 1202.6, 2269.4
   25020,   25080,8664.2,25345,41129,522.85, 2301, 4212.9
   25080,   25140,2418,13332,17671,148.08, 1219.9, 1867.1
   25140,   25200,71.09,4353.3,6145.5,7.2654, 411.79, 714.55
   25200,   25260,99.688,4054.8,5954.3,8.9813, 384.93, 695.43
   25260,   25320,104.05,3969.2,5989.8,9.2432, 377.23, 698.98
   25320,   25380,361.65,5385.9,7813.9,24.699, 504.73, 881.39
   25380,   25440,40.078,3767.1,5621,5.4047, 359.04, 662.1
   25440,   25500,211.5,4374.9,6434.6,15.69, 413.74, 743.46
   25500,   25560,40.361,3632,5416.7,5.4216, 346.88, 641.67
   25560,   25620,534.11,6272.7,10685,35.047, 584.54, 1168.5
   25620,   25680,6844.7,19121,42412,413.68, 1740.9, 4341.2
   25680,   25740,4118.3,17047,27647,250.1, 1554.2, 2864.7
   25740,   25800,10339,25900,44476,623.36, 2351, 4547.6
   25800,   25860,6608.6,21280,34948,399.52, 1935.2, 3594.8
   25860,   25920,4958.1,17816,29608,300.49, 1623.5, 3060.8
   25920,   25980,1889.5,12195,18314,116.37, 1117.6, 1931.4
   25980,   26040,471.29,7973.9,10944,31.277, 737.65, 1194.4
   26040,   26100,124.48,6111.4,8455.8,10.469, 570.03, 945.58
   26100,   26160,53.295,5688,8142.7,6.1977, 531.92, 914.27
   26160,   26220,250.75,6398.2,8868,18.045, 595.84, 986.8
   26220,   26280,42.8,6369.2,8571.8,5.568, 593.23, 957.18
   26280,   26340,46.085,6823.7,9220.7,5.7651, 634.14, 1022.1
   26340,   26400,876.35,9800.5,14782,55.581, 902.05, 1578.2
   26400,   26460,2081.6,16451,23543,127.9, 1500.6, 2454.3
   26460,   26520,7741.4,23803,38541,467.49, 2162.3, 3954.1
   26520,   26580,4802.3,19691,29634,291.14, 1792.2, 3063.4
   26580,   26640,3166.9,14691,22482,193.01, 1342.2, 2348.2
   26640,   26700,4584.1,17398,28940,278.05, 1585.8, 2994
   26700,   26760,3947,17494,27444,239.82, 1594.5, 2844.4
   26760,   26820,-9999,-9999,-9999,-9999, -9999, -9999
   26820,   26880,-9999,-9999,-9999,-9999, -9999, -9999
   26880,   26940,-9999,-9999,-9999,-9999, -9999, -9999
   26940,   27000,-9999,-9999,-9999,-9999, -9999, -9999
   27000,   27060,-9999,-9999,-9999,-9999, -9999, -9999
   27060,   27120,-9999,-9999,-9999,-9999, -9999, -9999
   27120,   27180,-9999,-9999,-9999,-9999, -9999, -9999
   27180,   27240,699.34,11409,16140,44.96, 1046.8, 1714
   27240,   27300,891.33,13323,20069,56.48, 1219, 2106.9
   27300,   27360,453.22,11624,19105,30.193, 1066.1, 2010.5
   27360,   27420,145.84,9292.9,13251,11.75, 856.36, 1425.1
   27420,   27480,77.476,6789.1,9651.2,7.6486, 631.02, 1065.1
   27480,   27540,61.117,6465.9,9094.7,6.667, 601.93, 1009.5
   27540,   27600,56.361,6440.7,9312.1,6.3817, 599.67, 1031.2
   27600,   27660,57.874,6223.6,8843.1,6.4724, 580.12, 984.31
   27660,   27720,62.042,6174.8,8628.3,6.7225, 575.73, 962.83
   27720,   27780,27.226,6226.1,8578.6,4.6336, 580.35, 957.86
   27780,   27840,31.138,6902.5,9534.5,4.8683, 641.22, 1053.4
   27840,   27900,25.536,7539.8,10079,4.5321, 698.58, 1107.9
   27900,   27960,26.208,7935.7,10577,4.5725, 734.21, 1157.7
   27960,   28020,34.785,7842.5,10597,5.0871, 725.83, 1159.7
   28020,   28080,107.77,6256.1,9023,9.466, 583.05, 1002.3
   28080,   28140,56.258,5476.7,7947.5,6.3755, 512.91, 894.75
   28140,   28200,26.199,5032.3,7368.4,4.572, 472.91, 836.84
   28200,   28260,25.433,4551.5,6961.7,4.526, 429.63, 796.17
   28260,   28320,29.248,4348.6,6645.7,4.7549, 411.38, 764.57
   28320,   28380,42.126,4211.1,6323.4,5.5276, 399, 732.34
   28380,   28440,42.575,4075.5,6274.8,5.5545, 386.79, 727.48
   28440,   28500,25.278,3510.4,5796.8,4.5167, 335.93, 679.68
   28500,   28560,61.366,3494.7,5566.5,6.682, 334.52, 656.65
   28560,   28620,46.642,3147.5,5261.4,5.7985, 303.28, 626.14
   28620,   28680,31.964,2822.3,4880.1,4.9178, 274.01, 588.01
   28680,   28740,27.136,2652.8,4562.7,4.6281, 258.75, 556.27
   28740,   28800,23.812,2636.6,4509.9,4.4287, 257.29, 550.99
   28800,   28860,66.535,2743.9,4616,6.9921, 266.95, 561.6
   28860,   28920,795.64,4448.1,6973.2,50.738, 420.33, 797.32
   28920,   28980,107.73,2538.1,4795.2,9.4637, 248.43, 579.52
   28980,   29040,42.241,2170.4,4115.6,5.5345, 215.33, 511.56
   29040,   29100,38.136,2296.4,4090.8,5.2882, 226.67, 509.08
   29100,   29160,20.402,2497.4,4314.4,4.2241, 244.77, 531.44
   29160,   29220,29.31,2061.7,3981,4.7586, 205.55, 498.1
   29220,   29280,37.261,2130.2,3978.2,5.2357, 211.72, 497.82
   29280,   29340,70.51,3000.3,5223.8,7.2306, 290.03, 622.38
   29340,   29400,-9999,-9999,-9999,-9999, -9999, -9999
   29400,   29460,-9999,-9999,-9999,-9999, -9999, -9999
   29460,   29520,-9999,-9999,-9999,-9999, -9999, -9999
   29520,   29580,-9999,-9999,-9999,-9999, -9999, -9999
   29580,   29640,-9999,-9999,-9999,-9999, -9999, -9999
   29640,   29700,-9999,-9999,-9999,-9999, -9999, -9999
   29700,   29760,-9999,-9999,-9999,-9999, -9999, -9999
   29760,   29820,21.862,2448.9,6157.6,4.3117, 240.4, 715.76
   29820,   29880,35.315,2516.9,4946.6,5.1189, 246.52, 594.66
   29880,   29940,37.595,2498.7,4704.3,5.2557, 244.88, 570.43
   29940,   30000,25.055,2428.5,4497.7,4.5033, 238.56, 549.77
   30000,   30060,52.257,2598.2,4750.9,6.1354, 253.84, 575.09
   30060,   30120,30.232,2534.5,4652.2,4.8139, 248.1, 565.22
   30120,   30180,40.932,2602.6,4709.2,5.4559, 254.23, 570.92
   30180,   30240,55.644,2758,4902,6.3386, 268.22, 590.2
   30240,   30300,25.326,2669.5,4721.6,4.5196, 260.25, 572.16
   30300,   30360,47.144,3063,5124.3,5.8286, 295.67, 612.43
   30360,   30420,46.369,3120.4,5274.3,5.7822, 300.84, 627.43
   30420,   30480,19.422,3318.1,5464.3,4.1653, 318.63, 646.43
   30480,   30540,45.827,3373.6,5542.2,5.7496, 323.63, 654.22
   30540,   30600,16.829,3196.2,5396.5,4.0098, 307.66, 639.65
   30600,   30660,20.462,3082.3,5265.6,4.2277, 297.4, 626.56
   30660,   30720,24.705,2995.4,5488.9,4.4823, 289.59, 648.89
   30720,   30780,21.307,2799.8,5006.4,4.2784, 271.99, 600.64
   30780,   30840,17.914,2714.1,4705.7,4.0749, 264.27, 570.57
   30840,   30900,19.507,2561.2,4495.5,4.1704, 250.51, 549.55
   30900,   30960,38.664,2500.9,4368.9,5.3199, 245.08, 536.89
   30960,   31020,23.662,2281.7,4091.2,4.4197, 225.35, 509.12
   31020,   31080,29.77,2182.1,3905.8,4.7862, 216.39, 490.58
   31080,   31140,46.861,2197.4,3941.9,5.8117, 217.76, 494.19
   31140,   31200,30.666,2172.9,3952.7,4.84, 215.56, 495.27
   31200,   31260,27.521,2157.6,3909.8,4.6513, 214.18, 490.98
   31260,   31320,21.962,2130.6,3788.2,4.3177, 211.76, 478.82
   31320,   31380,42.538,2088.9,3812.3,5.5523, 208.01, 481.23
   31380,   31440,32.478,2114.2,3850.7,4.9487, 210.27, 485.07
   31440,   31500,33.545,2147.5,3932.3,5.0127, 213.27, 493.23
   31500,   31560,23.493,1936.3,3560.9,4.4096, 194.27, 456.09
   31560,   31620,16.541,1842.1,3424.9,3.9925, 185.79, 442.49
   31620,   31680,31.879,1852.4,3411.5,4.9127, 186.72, 441.15
   31680,   31740,29.512,1845.8,3347,4.7707, 186.13, 434.7
   31740,   31800,36.048,1874.4,3360.1,5.1629, 188.69, 436.01
   31800,   31860,75.374,2173.7,3856.7,7.5225, 215.63, 485.67
   31860,   31920,92.319,1992.7,3877.3,8.5391, 199.35, 487.73
