CampaignData_and_Merges/R0/CSL_MobileLab_Parked/raw/20240715/USOS-NOAAIodideCIMS-PANs_MobileLabGround_20240715_RA.ict
36, 1001
Michael A Robinson, Chris Jernigan, Subi Thakali
NOAA ESRL Chemical Sciences Laboratory and CIRES, U. of Colorado
NOAA Iodide CIMS Instrument
USOS
1, 1
2024, 07, 15, 2024, 07, 17
0
starttime_UTC, seconds_past_midnight, seconds_of_day_since_00:00:00_UTC
3
1, 1, 1
-9999, -9999, -9999
PAN_NOAACIMS, pptv, Gas_PAN_InSitu_S_AVMR
APAN_NOAACIMS, pptv, Gas_APAN_InSitu_S_AVMR
PPN_NOAACIMS, pptv, Gas_PPN_InSitu_S_AVMR
1
N/A
18
PI_CONTACT_INFO: 325 Broadway, R/CSD 7, Boulder, Colorado 80305; michael.a.robinson@noaa.gov; chris.jernigan@noaa.gov;
PLATFORM: NOAA CSL Mobile Lab
LOCATION: SLC, Utah
ASSOCIATED_DATA: 1Hz data also available on request.
INSTRUMENT_INFO: NOAA I- ToF CIMS
DATA_INFO: Units: pptv
UNCERTAINTY: tbd
ULOD_FLAG: -7777
ULOD_VALUE: N/A
LLOD_FLAG: -8888
LLOD_VALUE: N/A
DM_CONTACT_INFO: Nathan Howard; nathan.h.howard@noaa.gov
PROJECT_INFO: USOS, summer 2024. https://csl.noaa.gov/groups/csl7/measurements/2024usos/
STIPULATIONS_ON_USE: only the USOS science team is allowed to use this data
OTHER_COMMENTS: Field data; Data are averaged to 1 minute intervals. Stationary data collected from a 10 ft tower on top of the mobile lab
REVISION: RA
RA: Preliminary Data; For in-field use only
starttime_UTC, PAN_NOAACIMS, APAN_NOAACIMS, PPN_NOAACIMS
[from data line 911]
54660,142.424,1.879,15.652
54720,141.611,2.189,15.577
54780,149.467,2.715,16.648
54840,153.855,2.203,16.772
54900,154.023,2.205,13.519
54960,156.483,2.707,13.008
55020,159.712,2.483,16.058
55080,151.552,1.994,17.467
55140,161.075,2.941,17.171
55200,164.540,3.175,17.402
55260,165.500,3.053,15.623
55320,166.935,2.681,19.051
55380,168.432,2.827,19.669
55440,161.700,3.053,16.148
55500,162.822,2.683,19.290
55560,167.603,2.448,17.455
55620,170.426,2.227,20.028
55680,173.119,2.213,21.151
55740,174.548,3.476,19.989
55800,175.425,3.133,20.864
55860,176.501,2.004,18.853
55920,179.337,2.502,21.737
55980,178.943,2.434,22.429
56040,180.196,2.120,22.721
56100,177.907,2.710,23.246
56160,173.160,2.466,22.887
56220,171.015,1.960,21.179
56280,172.798,2.856,20.784
56340,174.564,2.031,22.638
56400,177.779,3.275,22.615
56460,180.495,3.220,22.672
56520,177.434,1.604,24.336
56580,178.812,1.963,24.331
56640,188.081,2.522,25.528
56700,189.857,3.052,26.658
56760,196.287,2.500,27.840
56820,198.010,2.742,26.082
56880,194.285,3.232,27.818
56940,197.314,2.903,28.693
57000,200.583,3.137,27.909
57060,198.873,2.290,28.961
57120,190.946,3.350,27.662
57180,205.897,4.126,23.071
57240,203.492,1.682,29.017
57300,203.917,2.703,29.293
57360,206.137,3.600,29.067
57420,200.324,2.944,27.928
57480,200.758,3.876,29.391
57540,181.735,2.755,24.257
57600,190.804,3.016,28.417
57660,182.161,2.504,26.870
57720,189.829,2.689,27.839
57780,189.996,3.914,27.773
57840,191.361,2.781,28.773
57900,208.384,2.977,30.177
57960,204.059,3.304,30.157
58020,202.582,3.611,30.896
58080,202.779,3.354,31.648
58140,214.834,4.177,31.457
58200,217.393,3.834,31.508
58260,219.157,4.018,33.292
58320,223.780,3.418,32.882
58380,215.408,2.947,33.252
58440,179.396,2.852,26.824
58500,180.901,3.129,27.644
58560,160.368,2.940,23.415
58620,149.694,2.206,20.346
58680,183.813,2.485,26.552
58740,181.641,4.353,27.540
58800,194.940,3.151,27.887
58860,181.985,3.270,27.113
58920,185.495,3.603,27.281
58980,200.631,3.067,29.127
59040,209.032,2.511,30.615
59100,208.248,3.580,29.549
59160,230.023,3.728,36.605
59220,225.133,3.165,33.374
59280,221.323,2.591,32.484
59340,226.022,4.037,32.282
59400,242.501,3.180,35.767
59460,240.382,3.211,34.583
59520,250.365,3.259,37.953
59580,249.949,3.601,35.348
59640,260.325,2.925,37.838
59700,254.350,4.045,36.948
59760,250.276,3.413,38.641
59820,263.646,3.516,38.233
59880,265.711,2.774,36.152
59940,275.860,4.079,41.112
60000,278.512,3.563,43.166
60060,277.962,3.567,41.484
60120,285.004,2.703,41.226
60180,294.286,3.267,44.642
60240,-9999.000,-9999.000,-9999.000
60300,291.946,3.442,42.643
60360,304.463,2.913,45.611
60420,300.210,2.092,41.228
60480,304.723,3.941,44.854
60540,314.417,4.379,45.287
60600,308.806,4.240,48.847
60660,316.467,4.233,47.491
60720,322.144,3.250,47.269
60780,319.790,5.579,43.805
60840,316.455,4.668,49.026
60900,327.882,5.001,48.655
60960,333.463,2.861,49.384
61020,333.367,4.933,48.601
61080,327.618,4.326,43.477
61140,331.804,4.074,48.287
61200,314.443,3.094,45.605
61260,311.119,2.932,46.763
61320,312.638,4.096,45.737
61380,299.066,3.252,44.851
61440,298.768,3.083,44.795
61500,290.633,3.064,41.021
61560,301.501,2.971,43.158
61620,282.483,3.529,41.234
61680,288.003,4.183,41.369
61740,284.741,3.329,42.594
61800,281.622,3.893,39.992
61860,276.093,4.473,39.663
61920,279.275,3.543,41.912
61980,286.812,3.459,41.361
62040,292.090,3.486,42.730
62100,276.255,5.042,40.371
62160,296.737,3.473,43.434
62220,306.113,4.256,43.347
62280,302.597,3.792,45.503
62340,288.790,3.784,40.592
62400,263.585,3.998,35.016
62460,254.203,4.575,35.019
62520,254.832,3.228,36.709
62580,281.588,3.478,38.766
62640,283.649,2.783,41.871
62700,286.988,4.046,41.039
62760,274.062,3.834,36.595
62820,284.797,5.045,42.069
62880,284.040,3.636,38.833
62940,282.945,2.419,38.099
63000,310.169,3.099,43.090
63060,329.170,4.071,45.575
63120,328.457,4.162,44.385
63180,328.475,5.261,44.224
63240,310.193,3.949,42.222
63300,301.529,4.565,38.135
63360,293.156,2.742,38.630
63420,296.454,3.244,38.124
63480,290.718,4.415,32.513
63540,294.860,2.680,39.495
63600,304.942,3.315,38.695
63660,321.880,3.495,36.505
63720,312.981,3.606,37.234
63780,337.498,3.999,40.610
63840,353.766,3.819,42.449
63900,362.674,4.076,47.809
63960,367.100,3.861,36.839
64020,361.987,4.622,43.486
64080,355.958,4.043,45.857
64140,363.506,4.712,48.108
64200,389.818,4.440,53.861
64260,410.631,5.981,61.122
64320,411.331,4.597,56.157
64380,414.297,2.994,60.926
64440,422.458,5.059,61.865
64500,429.215,4.881,63.697
64560,436.004,5.745,67.749
64620,455.552,7.304,70.134
64680,442.539,4.507,73.077
64740,442.885,4.676,70.879
64800,455.952,5.333,69.897
64860,445.324,5.504,74.405
64920,454.845,5.340,70.859
64980,488.586,5.241,78.347
65040,488.891,6.154,78.801
65100,484.882,4.747,81.725
65160,498.945,5.805,78.574
65220,467.088,5.965,73.767
65280,476.929,5.077,71.822
65340,478.903,5.559,74.776
65400,443.844,4.321,72.147
65460,443.066,3.942,72.992
65520,432.131,3.124,67.049
65580,377.616,5.365,61.376
65640,371.344,7.401,61.692
65700,371.678,4.441,58.924
65760,378.827,5.673,61.907
65820,380.686,2.938,64.167
65880,388.725,3.591,62.394
65940,400.537,4.401,62.132
66000,404.350,5.429,67.717
66060,433.428,3.282,68.899
66120,424.531,4.686,66.556
66180,423.128,5.009,68.184
66240,401.062,4.034,65.264
66300,392.684,4.140,63.995
66360,418.117,3.582,66.764
66420,428.085,3.890,69.443
66480,450.968,4.101,73.238
66540,433.461,4.520,68.101
66600,446.273,5.536,69.518
66660,454.701,3.631,71.602
66720,457.267,4.316,68.719
66780,464.614,5.090,62.654
66840,446.551,3.970,68.192
66900,473.664,3.915,69.887
66960,486.446,4.756,73.695
67020,474.280,4.669,-9999.000
67080,408.039,4.707,-9999.000
67140,468.646,3.428,-9999.000
67200,455.226,5.129,-9999.000
67260,461.266,3.604,-9999.000
67320,459.806,3.882,61.037
67380,439.061,2.100,59.698
67440,460.360,4.501,66.175
67500,447.806,4.544,64.282
67560,443.917,2.842,62.750
67620,442.507,1.307,68.087
67680,435.593,1.187,64.941
67740,450.270,4.786,62.880
67800,397.447,4.045,63.183
67860,376.292,1.927,56.704
67920,372.464,3.017,55.421
67980,369.007,4.150,58.680
68040,366.226,2.723,55.861
68100,358.796,4.321,54.279
68160,337.239,3.281,53.001
68220,320.785,2.162,43.790
68280,323.208,1.466,43.046
68340,324.467,1.973,45.630
68400,316.606,4.143,40.864
68460,308.571,2.988,39.817
68520,309.833,1.901,40.614
68580,306.052,2.855,39.912
68640,297.129,3.057,37.481
68700,302.663,3.226,39.219
68760,313.912,2.263,40.425
68820,315.086,2.923,41.587
68880,324.019,3.156,42.598
68940,308.598,3.217,39.886
69000,278.089,2.866,29.757
69060,294.893,2.128,37.295
69120,307.282,3.186,34.009
69180,301.999,2.590,37.159
69240,306.434,2.870,32.644
69300,308.891,3.751,37.010
69360,296.287,3.148,33.378
69420,288.646,3.292,30.340
69480,289.528,3.520,34.553
69540,294.486,3.455,33.373
69600,310.494,3.148,36.931
69660,313.611,4.652,37.979
69720,303.550,2.830,35.478
69780,310.885,2.711,40.819
69840,301.301,2.698,40.074
69900,338.998,6.205,48.048
69960,302.535,3.157,30.229
70020,306.025,4.019,35.686
70080,308.297,2.533,35.380
70140,334.059,2.871,38.007
70200,330.325,2.932,38.047
70260,331.582,3.818,41.334
70320,343.685,3.575,43.042
70380,348.656,3.596,43.887
70440,336.696,3.723,40.892
70500,328.880,3.259,37.557
70560,322.918,4.204,35.296
70620,322.027,4.577,33.885
70680,320.702,3.947,34.229
70740,316.474,2.726,36.738
70800,300.357,3.156,33.404
70860,280.173,2.681,31.378
70920,278.178,2.968,32.501
70980,289.903,3.795,32.040
71040,293.866,2.911,33.160
71100,296.540,3.476,33.767
71160,296.509,2.549,32.815
71220,297.239,3.364,31.995
71280,290.036,3.312,31.937
71340,307.604,3.255,33.599
71400,308.171,3.461,33.221
71460,311.978,3.139,36.105
71520,286.399,3.841,33.485
71580,279.948,3.891,32.958
71640,263.651,3.133,31.080
71700,265.233,3.767,31.120
71760,251.838,4.049,29.823
71820,262.363,2.536,30.730
71880,274.958,2.163,32.492
71940,253.834,3.113,29.320
72000,252.688,2.880,33.548
72060,258.173,2.492,34.138
72120,260.540,2.999,34.168
72180,271.820,2.017,34.979
72240,268.092,3.177,35.920
72300,253.559,3.136,30.771
72360,253.040,3.344,32.147
72420,249.579,3.458,34.087
72480,270.332,1.810,33.354
72540,280.237,2.857,38.033
72600,286.060,2.507,37.104
72660,274.878,2.196,37.803
72720,259.905,2.444,29.204
72780,257.091,2.334,29.857
72840,261.787,3.282,30.023
72900,285.338,2.795,36.214
72960,280.613,2.168,36.537
73020,281.071,1.608,35.740
73080,273.132,3.045,35.149
73140,274.460,2.170,36.360
73200,279.055,3.420,34.453
73260,289.313,1.859,34.653
73320,302.551,2.549,40.134
73380,321.720,2.599,45.946
73440,321.396,2.422,46.768
73500,310.142,1.921,44.611
73560,270.872,4.534,36.559
73620,255.533,2.692,36.139
73680,250.342,2.551,33.628
73740,255.908,2.842,30.628
73800,248.966,2.252,30.656
73860,252.043,3.384,31.216
73920,254.730,3.535,29.284
73980,265.253,2.863,31.974
74040,262.271,2.943,31.723
74100,271.430,2.885,32.211
74160,275.716,2.116,32.074
74220,278.000,2.908,31.149
74280,263.231,3.115,31.743
74340,265.551,3.006,32.439
74400,277.775,2.176,32.914
74460,257.059,4.466,31.781
74520,259.954,1.846,31.303
74580,274.809,2.432,30.056
74640,276.820,3.143,28.327
74700,262.706,2.477,27.270
74760,257.156,2.422,28.267
74820,253.373,2.786,27.992
74880,251.415,2.478,29.022
74940,267.888,2.869,28.309
75000,287.197,2.113,31.003
75060,293.976,2.879,32.380
75120,291.598,3.178,32.020
75180,273.235,3.231,30.528
75240,273.076,2.252,33.644
75300,262.485,4.648,31.858
75360,252.329,3.453,33.689
75420,264.035,2.937,32.644
75480,251.419,3.470,37.518
75540,278.563,2.575,38.972
75600,293.110,3.341,43.219
75660,309.683,2.533,47.696
75720,312.854,3.534,47.575
75780,263.014,2.914,33.299
75840,270.408,2.071,30.328
75900,289.208,3.500,28.347
75960,278.146,2.802,26.644
76020,254.914,3.322,26.942
76080,282.067,3.756,33.274
76140,277.357,2.730,30.457
76200,270.930,3.031,33.067
76260,263.182,2.774,33.462
76320,249.465,3.306,30.535
76380,235.652,2.430,25.125
76440,225.598,1.769,25.177
76500,202.733,2.606,23.995
76560,182.465,1.756,17.524
76620,164.431,1.903,13.874
76680,166.416,1.255,16.525
76740,169.550,1.713,17.254
76800,171.554,1.766,15.218
76860,164.786,2.307,16.775
76920,165.954,0.494,16.991
76980,168.424,2.369,16.500
77040,163.815,1.740,15.867
77100,164.791,1.742,15.831
77160,167.517,2.041,17.459
77220,175.839,1.011,15.166
77280,164.093,1.331,19.620
77340,161.390,3.009,18.802
77400,163.314,1.530,18.827
77460,161.660,1.546,18.529
77520,153.850,1.872,16.393
77580,162.148,1.448,18.629
77640,153.990,1.149,17.598
77700,150.694,2.045,18.520
77760,150.149,3.037,17.370
77820,148.625,2.687,18.369
77880,152.005,0.818,16.243
77940,154.784,1.831,17.121
78000,147.021,2.027,15.498
78060,143.123,2.024,15.440
78120,144.325,3.803,14.109
78180,141.881,1.381,15.502
78240,138.978,2.017,14.706
78300,127.782,1.565,12.907
78360,132.387,1.736,12.750
78420,136.935,2.011,13.276
78480,126.071,2.059,13.639
78540,104.065,1.358,9.043
78600,108.626,2.492,9.295
78660,108.522,2.905,11.342
78720,100.702,1.892,10.225
78780,101.678,1.454,11.711
78840,95.945,2.562,10.919
78900,99.788,1.181,10.180
78960,98.149,2.150,12.055
79020,96.088,1.982,10.972
79080,97.508,2.959,12.599
79140,98.649,3.857,10.613
79200,95.835,2.113,10.594
79260,97.008,3.527,10.900
79320,95.808,2.549,11.278
79380,103.483,2.436,11.650
79440,108.401,2.368,9.314
79500,101.009,1.537,8.993
79560,96.902,2.832,9.437
79620,102.227,1.863,10.564
79680,103.272,2.828,8.222
79740,98.929,2.512,10.994
79800,95.304,2.385,10.061
79860,91.496,2.323,9.011
79920,95.098,1.884,10.343
79980,92.000,2.433,7.347
80040,92.961,2.214,9.265
80100,95.112,2.420,9.989
80160,95.108,1.939,8.658
80220,98.602,2.250,11.037
80280,102.210,2.676,8.938
80340,106.321,2.201,13.345
80400,101.107,2.366,10.679
80460,105.587,2.190,10.716
80520,107.938,2.222,12.513
80580,111.325,1.824,13.175
80640,106.632,1.283,13.662
80700,102.382,1.941,10.817
80760,100.115,2.743,9.639
80820,96.974,1.448,10.570
80880,98.906,0.916,10.013
80940,96.701,2.451,8.519
81000,-9999.000,-9999.000,-9999.000
81060,96.782,1.817,10.476
81120,97.723,1.988,9.486
81180,96.282,1.448,10.220
81240,98.566,1.268,8.521
81300,96.860,1.528,8.998
81360,92.825,2.099,10.089
81420,91.612,1.691,7.947
81480,92.766,1.962,7.692
81540,95.098,1.623,10.426
81600,97.084,1.272,9.133
81660,98.976,2.255,10.006
81720,98.383,2.287,10.063
81780,93.844,2.741,12.046
81840,91.069,1.839,7.647
81900,91.285,3.726,8.761
81960,88.830,1.502,6.965
82020,85.929,2.587,8.561
82080,81.170,1.963,5.207
82140,81.335,1.808,5.954
82200,80.132,1.274,8.146
82260,81.791,2.049,6.538
82320,86.827,1.989,9.619
82380,93.370,2.745,7.781
82440,93.818,2.783,9.892
82500,92.987,1.838,10.964
82560,94.762,1.969,12.245
82620,92.626,2.061,11.119
82680,103.893,2.102,13.925
82740,113.608,2.726,13.365
82800,115.444,3.071,14.518
82860,114.824,2.120,16.519
82920,115.693,2.148,18.364
82980,115.328,2.009,15.573
83040,112.263,1.641,16.376
83100,105.605,2.624,14.362
83160,101.302,2.463,13.778
83220,106.283,2.723,14.071
83280,117.962,2.180,16.675
83340,113.829,2.479,15.418
83400,113.031,2.563,13.842
83460,106.128,2.338,11.501
83520,101.006,1.943,14.895
83580,99.192,2.213,12.916
83640,91.804,2.000,10.137
83700,87.959,1.989,10.040
83760,86.616,2.738,11.471
83820,81.696,2.140,8.689
83880,75.748,2.292,6.057
83940,77.536,2.083,6.980
84000,78.847,1.574,8.524
84060,78.699,1.713,7.080
84120,80.250,1.172,8.737
84180,82.778,2.057,8.402
84240,82.473,2.123,9.492
84300,78.327,2.161,7.315
84360,83.443,2.686,8.860
84420,81.129,2.057,8.762
84480,78.037,1.961,7.485
84540,75.155,2.654,9.069
84600,84.553,1.886,8.214
84660,77.111,2.067,6.778
84720,84.455,2.127,11.031
84780,93.459,2.136,10.858
84840,96.693,2.039,10.676
84900,94.562,1.342,10.803
84960,97.131,2.368,11.915
85020,93.735,1.628,11.754
85080,97.975,1.259,12.167
85140,97.353,2.504,13.463
85200,95.680,2.420,10.766
85260,90.551,2.184,11.431
85320,94.093,1.832,10.351
85380,96.674,1.982,10.637
85440,101.017,1.160,11.299
85500,102.769,1.544,13.323
85560,98.512,1.529,12.448
85620,97.110,1.758,11.450
85680,97.446,1.291,12.061
85740,96.362,1.248,11.666
85800,97.250,2.299,11.402
85860,99.892,2.037,11.544
85920,95.640,2.363,10.994
85980,101.145,1.273,12.674
86040,102.977,1.317,11.311
86100,100.043,2.452,10.479
86160,103.661,1.808,12.058
86220,93.547,1.816,10.938
86280,79.051,2.023,5.488
86340,80.291,1.487,8.342
