CampaignData_and_Merges/R0/CSL_MobileLab_Parked/raw/20240715/USOS-iWAS_MobileLabGround_20240715_R1.ict
92, 1001
Jessica Gilman and Victoria Treadaway
NOAA Chemical Sciences Laboratory and CIRES at University of Colorado
NOAA iWAS Instrument: VOC measurement
USOS
1, 1
2024, 07, 15, 2025, 05, 23
0
iWAS_Start_UTC, SecondsFromMidnightUTC, WAS_Open
59
1, 1, 1, 1, 1, 1, 1, 1, 1, 1, 1, 1, 1, 1, 1, 1, 1, 1, 1, 1, 1, 1, 1, 1, 1, 1, 1, 1, 1, 1, 1, 1, 1, 1, 1, 1, 1, 1, 1, 1, 1, 1, 1, 1, 1, 1, 1, 1, 1, 1, 1, 1, 1, 1, 1, 1, 1, 1, 1
-9999, -9999, -9999, -9999, -9999, -9999, -9999, -9999, -9999, -9999, -9999, -9999, -9999, -9999, -9999, -9999, -9999, -9999, -9999, -9999, -9999, -9999, -9999, -9999, -9999, -9999, -9999, -9999, -9999, -9999, -9999, -9999, -9999, -9999, -9999, -9999, -9999, -9999, -9999, -9999, -9999, -9999, -9999, -9999, -9999, -9999, -9999, -9999, -9999, -9999, -9999, -9999, -9999, -9999, -9999, -9999, -9999, -9999, -9999
iWAS_Stop_UTC, SecondsFromMidnightUTC, WAS_Closed
iWAS_Mid_UTC, SecondsFromMidnightUTC, WAS_Mid
Acetone_ppbv, ppbv, Gas_Acetone_Insitu_S_DVMR
Acrolein_ppbv, ppbv, Gas_Acrolein_Insitu_S_DVMR
Benzene_ppbv, ppbv, Gas_Benzene_Insitu_S_DVMR
C2Cl4_ppbv, ppbv, Gas_C2Cl4_Insitu_S_DVMR
C2HCl3_ppbv, ppbv, Gas_C2HCl3_Insitu_S_DVMR
CCl4_ppbv, ppbv, Gas_CCl4_Insitu_S_DVMR
CF2Cl2_ppbv, ppbv, Gas_CF2Cl2_Insitu_S_DVMR
CFCl3_ppbv, ppbv, Gas_CFCl3_Insitu_S_DVMR
CH2Cl2_ppbv, ppbv, Gas_CH2Cl2_Insitu_S_DVMR
CH3Br_ppbv, ppbv, Gas_CH3Br_Insitu_S_DVMR
CycPentane_ppbv, ppbv, Gas_CycPentane_Insitu_S_DVMR
EthBenzene_ppbv, ppbv, Gas_EthBenzene_Insitu_S_DVMR
Ethane_ppbv, ppbv, Gas_Ethane_Insitu_S_DVMR
Ethene_ppbv, ppbv, Gas_Ethene_Insitu_S_DVMR
Ethyne_ppbv, ppbv, Gas_Ethyne_Insitu_S_DVMR
Furan_ppbv, ppbv, Gas_Furan_Insitu_S_DVMR
Isoprene_ppbv, ppbv, Gas_Isoprene_Insitu_S_DVMR
Limonene_ppbv, ppbv, Gas_Limonene_Insitu_S_DVMR
MACR_ppbv, ppbv, Gas_MACR_Insitu_S_DVMR
MeCycHexane_ppbv, ppbv, Gas_MeCycHexane_Insitu_S_DVMR
MeCycPentane_ppbv, ppbv, Gas_MeCycPentane_Insitu_S_DVMR
Propane_ppbv, ppbv, Gas_Propane_Insitu_S_DVMR
Propene_ppbv, ppbv, Gas_Propene_Insitu_S_DVMR
Toluene_ppbv, ppbv, Gas_Toluene_Insitu_S_DVMR
aPinene_ppbv, ppbv, Gas_aPinene_Insitu_S_DVMR
bPinene_ppbv, ppbv, Gas_bPinene_Insitu_S_DVMR
c2Butene_ppbv, ppbv, Gas_c2Butene_Insitu_S_DVMR
c2Pentene_ppbv, ppbv, Gas_c2Pentene_Insitu_S_DVMR
iButane_ppbv, ppbv, Gas_iButane_Insitu_S_DVMR
iPentane_ppbv, ppbv, Gas_iPentane_Insitu_S_DVMR
iPropBenzene_ppbv, ppbv, Gas_iPropBenzene_Insitu_S_DVMR
iPropONO2_ppbv, ppbv, Gas_iPropONO2_Insitu_S_DVMR
mpXylene_ppbv, ppbv, Gas_mpXylene_Insitu_M_DVMR
nButane_ppbv, ppbv, Gas_nButane_Insitu_S_DVMR
nDecane_ppbv, ppbv, Gas_nDecane_Insitu_S_DVMR
nHeptane_ppbv, ppbv, Gas_nHeptane_Insitu_S_DVMR
nHexane_ppbv, ppbv, Gas_nHexane_Insitu_S_DVMR
nNonane_ppbv, ppbv, Gas_nNonane_Insitu_S_DVMR
nOctane_ppbv, ppbv, Gas_nOctane_Insitu_S_DVMR
nPentane_ppbv, ppbv, Gas_nPentane_Insitu_S_DVMR
nPropBenzene_ppbv, ppbv, Gas_nPropBenzene_Insitu_S_DVMR
nPropONO2_ppbv, ppbv, Gas_nPropONO2_Insitu_S_DVMR
oXylene_ppbv, ppbv, Gas_oXylene_Insitu_S_DVMR
t2Butene_ppbv, ppbv, Gas_t2Butene_Insitu_S_DVMR
t2Pentene_ppbv, ppbv, Gas_t2Pentene_Insitu_S_DVMR
x123tmBenzene_ppbv, ppbv, Gas_x123tmBenzene_Insitu_S_DVMR
x124tmBenzene_ppbv, ppbv, Gas_x124tmBenzene_Insitu_S_DVMR
x135tmBenzene_ppbv, ppbv, Gas_x135tmBenzene_Insitu_S_DVMR
x13butadiene_ppbv, ppbv, Gas_x13butadiene_Insitu_S_DVMR
x1Butene_ppbv, ppbv, Gas_x1Butene_Insitu_S_DVMR
[...]
PLATFORM: NOAA Mobile Lab
LOCATION: Salt Lake City, UT
ASSOCIATED_DATA: N/A
INSTRUMENT_INFO: Whole air samplers with offline analysis via GC-MS
DATA_INFO: Units: ppbv
UNCERTAINTY: TBD
ULOD_FLAG: -7777
ULOD_VALUE: N/A
LLOD_FLAG: -8888
LLOD_VALUE: N/A
DM_CONTACT_INFO: jessica.gilman@noaa.gov
PROJECT_INFO: Salt Lake City Utah July 17 to August 18, 2024; https://csl.noaa.gov/projects/aeromma/ 
STIPULATIONS_ON_USE: Use of these data require prior ok from PI.
OTHER_COMMENTS: Parameters named usng NASA ESDS Atmospheric Composition Variable Standard Naming convention.
REVISION: R1
RA is preliminary data for a limited number of VOCs, R0 final data will contain expanded list of VOCs, R1 fixed error in time waves.
iWAS_Start_UTC, iWAS_Stop_UTC, iWAS_Mid_UTC, Acetone_ppbv, Acrolein_ppbv, Benzene_ppbv, C2Cl4_ppbv, C2HCl3_ppbv, CCl4_ppbv, CF2Cl2_ppbv, CFCl3_ppbv, CH2Cl2_ppbv, CH3Br_ppbv, CycPentane_ppbv, EthBenzene_ppbv, Ethane_ppbv, Ethene_ppbv, Ethyne_ppbv, Furan_ppbv, Isoprene_ppbv, Limonene_ppbv, MACR_ppbv, MeCycHexane_ppbv, MeCycPentane_ppbv, Propane_ppbv, Propene_ppbv, Toluene_ppbv, aPinene_ppbv, bPinene_ppbv, c2Butene_ppbv, c2Pentene_ppbv, iButane_ppbv, iPentane_ppbv, iPropBenzene_ppbv, iPropONO2_ppbv, mpXylene_ppbv, nButane_ppbv, nDecane_ppbv, nHeptane_ppbv, nHexane_ppbv, nNonane_ppbv, nOctane_ppbv, nPentane_ppbv, nPropBenzene_ppbv, nPropONO2_ppbv, oXylene_ppbv, t2Butene_ppbv, t2Pentene_ppbv, x123tmBenzene_ppbv, x124tmBenzene_ppbv, x135tmBenzene_ppbv, x13butadiene_ppbv, x1Butene_ppbv, x1Pentene_ppbv, x224TriMePentane_ppbv, x22DiMeButane_ppbv, x2EthToluene_ppbv, x2MePentane_ppbv, x3MePentane_ppbv, x3and4EthToluene_ppbv
[from data line 147]
1350000.1, 1350017.0, 1350008.6, 2.689, 0.197, 0.241, 0.153, 0.001, 0.075, 0.448, 0.206, 0.123, 0.007, 0.033, 0.099, 2.274, 0.926, 0.420, 0.007, 0.592, 0.006, 0.192, 0.049, 0.117, 0.772, 0.228, 0.528, 0.167, 0.038, 0.025, 0.043, 0.275, 0.547, 0.008, 0.006, 0.268, 0.556, 0.066, 0.105, 0.251, 0.046, 0.064, 0.374, 0.019, -9999.000, 0.122, 0.023, 0.061, 0.015, 0.079, 0.038, 0.019, 0.041, 0.033, 0.184, 0.020, 0.018, 0.139, 0.129, 0.072 
1360800.1, 1360816.8, 1360808.4, 2.572, 0.158, 0.091, 0.054, 0.001, 0.074, 0.454, 0.217, 0.082, 0.009, 0.011, 0.021, 1.160, 0.187, 0.173, 0.006, 0.127, 0.001, 0.091, 0.016, 0.033, 0.610, 0.041, 0.161, 0.019, 0.003, 0.005, 0.007, 0.108, 0.219, 0.001, 0.007, 0.058, 0.210, 0.020, 0.030, 0.075, 0.010, 0.015, 0.144, 0.003, -9999.000, 0.022, 0.005, 0.009, 0.001, 0.008, 0.005, 0.002, 0.008, 0.007, 0.045, 0.009, 0.002, 0.047, 0.042, 0.008 
1389600.1, 1389617.0, 1389608.6, 4.172, 0.178, 0.219, 0.004, 0.000, 0.075, 0.440, 0.201, 0.079, 0.009, 0.017, 0.033, 2.175, 0.290, 0.360, 0.008, 0.586, 0.014, 0.114, 0.021, 0.044, 0.443, 0.067, 0.202, 0.236, 0.072, 0.009, 0.015, 0.124, 0.277, -9999.000, 0.009, 0.105, 0.278, 0.026, 0.043, 0.093, 0.016, 0.022, 0.188, 0.008, -9999.000, 0.041, 0.010, 0.021, 0.006, 0.030, 0.018, 0.006, 0.016, 0.014, 0.072, 0.012, 0.006, 0.065, 0.051, 0.026 
1396800.1, 1396816.8, 1396808.4, 3.568, 0.219, 0.192, 0.003, -9999.000, 0.075, 0.443, 0.199, 0.091, 0.009, 0.010, 0.032, 2.286, 0.252, 0.321, 0.007, 0.491, 0.005, 0.102, 0.016, 0.029, 0.854, 0.051, 0.185, 0.106, 0.036, 0.007, 0.013, 0.243, 0.175, -9999.000, 0.008, 0.104, 0.501, 0.022, 0.036, 0.064, 0.014, 0.017, 0.104, 0.006, -9999.000, 0.038, 0.006, 0.019, 0.004, 0.022, 0.013, 0.003, 0.010, 0.010, 0.066, 0.006, 0.004, 0.044, 0.032, 0.022 
1404000.1, 1404016.8, 1404008.4, 5.907, 0.327, 0.294, 0.019, 0.003, 0.075, 0.446, 0.206, 0.088, 0.009, 0.039, 0.081, 3.265, 0.864, 0.592, 0.010, 0.074, 0.001, 0.070, 0.050, 0.084, 1.088, 0.192, 0.419, 0.031, 0.012, 0.015, 0.019, 0.325, 0.539, 0.009, 0.010, 0.222, 0.628, 0.062, 0.091, 0.158, 0.046, 0.053, 0.361, 0.022, -9999.000, 0.097, 0.014, 0.029, 0.020, 0.090, 0.041, 0.012, 0.037, 0.026, 0.159, 0.026, 0.021, 0.130, 0.095, 0.072 
1411200.1, 1411216.7, 1411208.4, 6.977, 0.493, 0.342, 0.017, 0.012, 0.075, 0.446, 0.221, 0.133, 0.008, 0.095, 0.089, 3.792, 0.948, 0.499, 0.019, 0.033, 0.005, 0.072, 0.059, 0.128, 1.612, 0.182, 0.469, 0.039, 0.014, 0.020, 0.071, 0.440, 1.595, 0.008, 0.010, 0.233, 1.282, 0.062, 0.129, 0.231, 0.052, 0.067, 0.699, 0.018, 0.006, 0.103, 0.016, 0.101, 0.014, 0.068, 0.034, 0.018, 0.041, 0.083, 0.184, 0.025, 0.015, 0.201, 0.146, 0.059 
1418400.1, 1418416.5, 1418408.3, 3.845, 0.242, 0.186, 0.003, 0.000, 0.075, 0.441, 0.200, 0.097, 0.008, 0.006, 0.013, 1.891, 0.435, 0.286, 0.007, 0.031, 0.001, 0.064, 0.004, 0.008, 0.461, 0.039, 0.092, 0.013, 0.005, -9999.000, 0.003, 0.045, 0.063, 0.001, 0.007, 0.025, 0.109, 0.006, 0.015, 0.022, 0.007, 0.008, 0.047, 0.002, -9999.000, 0.008, -9999.000, 0.003, 0.001, 0.004, 0.003, -9999.000, 0.007, 0.004, 0.014, 0.003, 0.001, 0.014, 0.011, 0.005 
1425600.1, 1425616.8, 1425608.4, 5.649, 0.395, 0.459, 0.026, 0.002, 0.076, 0.449, 0.214, 0.114, 0.008, 0.080, 0.171, 7.185, 1.926, 0.723, 0.020, 0.057, 0.007, 0.072, 0.125, 0.168, 2.480, 0.528, 0.725, 0.134, 0.034, 0.033, 0.035, 0.599, 0.919, 0.021, 0.014, 0.426, 0.779, 0.110, 0.195, 0.311, 0.117, 0.136, 0.628, 0.047, 0.005, 0.197, 0.035, 0.050, 0.045, 0.179, 0.084, 0.076, 0.097, 0.048, 0.237, 0.030, 0.047, 0.193, 0.169, 0.162 
1432800.1, 1432817.1, 1432808.6, 5.950, 0.366, 0.550, 0.025, 0.002, 0.076, 0.443, 0.207, 0.310, 0.008, 0.075, 0.182, 6.251, 2.251, 1.333, 0.020, 0.337, 0.019, 0.114, 0.134, 0.195, 2.681, 0.504, 1.061, 0.236, 0.072, 0.038, 0.037, 1.053, 0.951, 0.019, 0.012, 0.458, 1.129, 0.147, 0.213, 0.362, 0.105, 0.151, 0.715, 0.042, 0.006, 0.211, 0.036, 0.053, 0.034, 0.157, 0.076, 0.048, 0.088, 0.041, 0.325, 0.044, 0.041, 0.234, 0.205, 0.151 
1440000.1, 1440016.7, 1440008.4, 5.354, 0.387, 0.322, 0.641, 0.002, 0.076, 0.447, 0.205, 0.089, 0.008, 0.031, 0.070, 2.938, 0.907, 0.579, 0.015, 0.226, -9999.000, 0.225, 0.045, 0.089, 0.961, 0.166, 0.386, 0.063, 0.017, 0.007, 0.007, 0.253, 0.475, 0.005, 0.014, 0.172, 0.479, 0.046, 0.080, 0.168, 0.033, 0.048, 0.330, 0.013, 0.006, 0.076, 0.007, 0.009, 0.007, 0.038, 0.020, 0.009, 0.028, 0.015, 0.150, 0.021, 0.011, 0.116, 0.097, 0.039 
1447200.1, 1447217.1, 1447208.6, 7.151, 0.286, 0.364, 0.109, 0.016, 0.077, 0.469, 0.213, 0.207, 0.009, 0.051, 0.138, 3.334, 0.934, 0.775, 0.006, 0.115, 0.002, 0.092, 0.081, 0.172, 2.328, 0.158, 0.613, 0.023, 0.006, 0.010, 0.021, 0.475, 0.858, 0.008, 0.020, 0.285, 0.819, 0.052, 0.152, 0.418, 0.060, 0.083, 0.686, 0.021, 0.009, 0.138, 0.010, 0.032, 0.009, 0.049, 0.026, 0.009, 0.031, 0.026, 0.186, 0.037, 0.016, 0.209, 0.210, 0.054 
1454400.1, 1454417.1, 1454408.6, 4.836, 0.308, 0.278, 0.033, 0.004, 0.076, 0.429, 0.200, 0.087, 0.009, 0.071, 0.039, 2.753, 0.466, 0.365, 0.008, 0.133, 0.003, 0.088, 0.095, 0.134, 2.057, 0.181, 0.311, 0.022, 0.006, 0.018, 0.019, 0.706, 1.347, 0.003, 0.020, 0.113, 1.391, 0.034, 0.117, 0.304, 0.049, 0.067, 1.122, 0.007, 0.007, 0.045, 0.013, 0.026, 0.004, 0.018, 0.009, -9999.000, 0.038, 0.035, 0.092, 0.031, 0.005, 0.197, 0.162, 0.018 
1461600.1, 1461616.7, 1461608.4, 4.210, 0.174, 0.211, 0.011, 0.001, 0.075, 0.448, 0.202, 0.092, 0.009, 0.030, 0.021, 2.145, 0.328, 0.361, 0.004, 0.197, 0.003, 0.053, 0.031, 0.056, 1.209, 0.102, 0.205, 0.027, 0.006, 0.011, 0.012, 0.287, 0.570, 0.001, 0.015, 0.052, 0.616, 0.019, 0.049, 0.135, 0.015, 0.019, 0.408, 0.003, 0.005, 0.019, 0.008, 0.017, 0.002, 0.008, -9999.000, 0.003, 0.016, 0.018, 0.050, 0.016, 0.002, 0.094, 0.075, 0.007 
1468800.1, 1468816.9, 1468808.5, 4.527, 0.494, 0.200, 0.008, 0.000, 0.075, 0.445, 0.199, 0.085, 0.008, 0.023, 0.024, 2.057, 0.326, 0.325, 0.013, 0.147, 0.002, 0.105, 0.033, 0.050, 0.808, 0.106, 0.199, 0.018, 0.005, 0.013, 0.013, 0.305, 0.520, 0.002, 0.014, 0.069, 0.552, 0.016, 0.045, 0.117, 0.018, 0.023, 0.350, 0.005, 0.007, 0.028, 0.009, 0.017, 0.003, 0.016, 0.009, 0.005, 0.023, 0.019, 0.050, 0.014, 0.003, 0.083, 0.065, 0.013 
1476000.1, 1476016.9, 1476008.5, 3.598, 0.154, 0.204, 0.009, 0.000, 0.074, 0.446, 0.206, 0.083, 0.008, 0.027, 0.030, 2.265, 0.329, 0.341, 0.005, 0.504, 0.009, 0.083, 0.042, 0.063, 1.830, 0.140, 0.203, 0.084, 0.018, 0.016, 0.016, 0.346, 0.484, 0.003, 0.011, 0.094, 0.549, 0.025, 0.055, 0.134, 0.023, 0.028, 0.369, 0.007, -9999.000, 0.034, 0.013, 0.022, 0.005, 0.023, 0.013, 0.005, 0.024, 0.020, 0.061, 0.019, 0.005, 0.093, 0.076, 0.021 
1483200.1, 1483216.9, 1483208.5, 3.437, 0.166, 0.168, 0.005, -9999.000, 0.074, 0.443, 0.200, 0.138, 0.008, 0.011, 0.028, 1.911, 0.350, 0.348, 0.007, 0.541, 0.004, 0.094, 0.015, 0.029, 0.660, 0.095, 0.151, 0.104, 0.038, 0.007, 0.009, 0.113, 0.174, -9999.000, 0.010, 0.086, 0.196, 0.020, 0.030, 0.067, 0.013, 0.014, 0.115, 0.004, -9999.000, 0.031, 0.006, 0.013, 0.003, 0.019, 0.011, 0.007, 0.014, 0.009, 0.055, 0.007, 0.004, 0.045, 0.033, 0.016 
1490400.1, 1490416.6, 1490408.4, 3.997, 0.187, 0.203, 0.008, -9999.000, 0.074, 0.442, 0.203, 0.168, 0.008, 0.022, 0.049, 2.641, 0.283, 0.273, 0.006, 0.170, 0.004, 0.058, 0.028, 0.062, 0.769, 0.071, 0.263, 0.077, 0.030, 0.011, 0.028, 0.186, 0.358, 0.003, 0.008, 0.149, 0.334, 0.032, 0.058, 0.126, 0.023, 0.030, 0.254, 0.009, -9999.000, 0.060, 0.010, 0.038, 0.007, 0.036, 0.018, 0.006, 0.014, 0.021, 0.101, 0.013, 0.007, 0.090, 0.067, 0.031 
1497600.1, 1497617.0, 1497608.6, 3.356, 0.165, 0.155, 0.005, -9999.000, 0.073, 0.443, 0.201, 0.097, 0.009, 0.013, 0.026, 2.122, 0.216, 0.257, 0.007, 0.085, 0.005, 0.058, 0.018, 0.030, 0.631, 0.039, 0.163, 0.072, 0.026, 0.006, 0.010, 0.110, 0.194, 0.002, 0.010, 0.085, 0.223, 0.026, 0.034, 0.065, 0.017, 0.019, 0.126, 0.005, -9999.000, 0.031, 0.005, 0.015, 0.003, 0.019, 0.011, -9999.000, 0.007, 0.009, 0.060, 0.006, 0.004, 0.047, 0.037, 0.016 
1504800.1, 1504816.8, 1504808.4, 2.992, 0.129, 0.134, 0.006, 0.000, 0.073, 0.443, 0.197, 0.086, 0.008, 0.009, 0.024, 2.024, 0.239, 0.237, 0.004, 0.063, 0.002, 0.080, 0.014, 0.023, 0.554, 0.048, 0.137, 0.045, 0.016, 0.005, 0.008, 0.115, 0.163, 0.001, 0.010, 0.077, 0.201, 0.021, 0.025, 0.051, 0.022, 0.015, 0.103, 0.004, -9999.000, 0.029, 0.006, 0.010, 0.003, 0.020, 0.011, 0.003, 0.010, 0.007, 0.042, 0.006, 0.004, 0.038, 0.030, 0.016 
1512000.1, 1512017.0, 1512008.5, 5.333, 0.363, 0.566, 0.202, 0.008, 0.075, 0.442, 0.222, 0.131, 0.009, 0.191, 0.205, 8.155, 1.897, 0.869, 0.013, 0.060, 0.008, 0.103, 0.303, 0.325, 4.908, 0.930, 1.280, 0.176, 0.039, 0.052, 0.051, 1.674, 2.907, 0.025, 0.018, 0.565, 3.224, 0.157, 0.366, 0.714, 0.198, 0.242, 2.191, 0.056, 0.005, 0.234, 0.048, 0.073, 0.058, 0.210, 0.098, 0.066, 0.143, 0.099, 0.384, 0.066, 0.054, 0.422, 0.374, 0.182 
1519200.1, 1519217.1, 1519208.6, 6.028, 0.383, 0.676, 0.225, 0.011, 0.077, 0.476, 0.324, 0.149, 0.009, 0.240, 0.237, 9.341, 2.189, 1.117, 0.013, 0.225, 0.018, 0.122, 0.254, 0.326, 5.881, 1.140, 1.397, 0.177, 0.042, 0.054, 0.054, 1.423, 2.890, 0.026, 0.019, 0.623, 2.991, 0.159, 0.344, 0.681, 0.176, 0.220, 2.154, 0.063, 0.008, 0.266, 0.049, 0.075, 0.060, 0.216, 0.095, 0.051, 0.153, 0.087, 0.461, 0.074, 0.059, 0.431, 0.379, 0.194 
1526400.1, 1526416.8, 1526408.4, 4.810, 0.262, 0.299, 0.058, 0.001, 0.077, 0.474, 0.270, 0.107, 0.009, 0.045, 0.086, 3.341, 0.813, 0.609, 0.008, 0.348, 0.003, 0.157, 0.055, 0.110, 1.351, 0.202, 0.413, 0.060, 0.013, 0.013, 0.017, 0.362, 0.843, 0.005, 0.017, 0.207, 0.751, 0.057, 0.109, 0.212, 0.036, 0.052, 0.569, 0.015, 0.009, 0.098, 0.011, 0.021, 0.009, 0.047, 0.021, 0.013, 0.036, 0.023, 0.182, 0.033, 0.012, 0.164, 0.140, 0.047 
1562400.1, 1562416.9, 1562408.5, 3.219, 0.189, 0.162, 0.056, 0.001, 0.072, 0.441, 0.217, 0.085, 0.009, 0.036, 0.039, 1.731, 0.304, 0.234, 0.008, 0.687, -9999.000, 0.159, 0.046, 0.083, 0.670, 0.088, 0.247, 0.188, 0.042, 0.016, 0.020, 0.273, 0.646, -9999.000, 0.010, 0.119, 0.590, 0.031, 0.066, 0.159, 0.022, 0.031, 0.494, 0.008, -9999.000, 0.046, 0.013, 0.026, 0.006, 0.032, 0.018, 0.008, 0.024, 0.021, 0.100, 0.026, 0.007, 0.127, 0.105, 0.028 
1569600.1, 1569617.1, 1569608.6, 3.389, 0.354, 0.110, 0.006, -9999.000, 0.072, 0.443, 0.222, 0.112, 0.009, 0.009, 0.015, 1.456, 0.255, 0.311, 0.015, 0.734, 0.003, 0.220, 0.009, 0.018, 0.291, 0.069, 0.108, 0.091, 0.039, 0.007, 0.006, 0.103, 0.175, -9999.000, 0.009, 0.048, 0.200, 0.013, 0.015, 0.039, 0.009, 0.010, 0.105, 0.003, -9999.000, 0.017, 0.005, 0.008, 0.002, 0.010, 0.008, 0.005, 0.011, 0.007, 0.036, 0.007, 0.002, 0.035, 0.027, 0.010 
1576800.1, 1576816.6, 1576808.3, 2.917, 0.176, 0.190, 0.017, -9999.000, 0.072, 0.437, 0.199, 0.083, 0.008, 0.017, 0.059, 2.356, 0.776, 0.416, 0.008, 0.190, 0.005, 0.131, 0.026, 0.054, 0.607, 0.263, 0.284, 0.127, 0.039, 0.015, 0.018, 0.197, 0.289, 0.005, 0.008, 0.170, 0.302, 0.028, 0.053, 0.101, 0.021, 0.032, 0.193, 0.012, -9999.000, 0.072, 0.018, 0.025, 0.010, 0.054, 0.027, 0.037, 0.045, 0.019, 0.089, 0.011, 0.012, 0.080, 0.063, 0.046 
1584000.1, 1584017.0, 1584008.5, 4.387, 0.430, 0.195, 0.013, 0.001, 0.073, 0.443, 0.206, 0.106, 0.009, 0.030, 0.079, 3.894, 0.472, 0.377, 0.014, 0.057, 0.002, 0.128, 0.049, 0.077, 0.988, 0.109, 0.392, 0.056, 0.020, 0.009, 0.018, 0.323, 0.502, 0.007, 0.009, 0.222, 0.562, 0.072, 0.086, 0.162, 0.044, 0.052, 0.354, 0.022, 0.005, 0.102, 0.008, 0.023, 0.018, 0.084, 0.039, 0.009, 0.024, 0.023, 0.152, 0.018, 0.019, 0.118, 0.097, 0.071 
1591200.1, 1591216.6, 1591208.3, 6.156, 0.389, 0.415, 0.033, 0.002, 0.074, 0.456, 0.221, 0.116, 0.007, 0.099, 0.192, 7.439, 0.744, 0.530, 0.016, 0.060, 0.008, 0.115, 0.112, 0.224, 2.394, 0.168, 1.714, 0.108, 0.038, 0.041, 0.081, 0.893, 1.911, 0.020, 0.013, 0.497, 1.749, 0.138, 0.198, 0.405, 0.105, 0.140, 1.220, 0.056, 0.006, 0.229, 0.033, 0.115, 0.052, 0.204, 0.087, 0.015, 0.064, 0.102, 0.321, 0.059, 0.051, 0.331, 0.279, 0.177 
1598400.1, 1598416.9, 1598408.5, 4.666, 0.392, 0.239, 0.042, 0.001, 0.076, 0.448, 0.213, 0.104, 0.008, 0.053, 0.093, 4.417, 0.520, 0.388, 0.013, 0.045, 0.001, 0.140, 0.066, 0.127, 1.491, 0.121, 0.486, 0.031, 0.016, 0.010, 0.016, 0.510, 0.999, 0.007, 0.012, 0.254, 0.965, 0.074, 0.123, 0.230, 0.046, 0.063, 0.660, 0.021, 0.006, 0.116, 0.010, 0.023, 0.018, 0.080, 0.038, 0.009, 0.027, 0.032, 0.210, 0.033, 0.018, 0.185, 0.156, 0.071 
1605600.1, 1605617.3, 1605608.7, 4.855, 0.289, 0.472, 0.034, 0.001, 0.074, 0.506, 0.365, 0.128, 0.007, 0.089, 0.174, 6.723, 2.166, 0.958, 0.014, 0.392, 0.021, 0.158, 0.184, 0.217, 1.754, 0.638, 1.076, 0.212, 0.060, 0.049, 0.049, 0.669, 1.392, 0.017, 0.014, 0.431, 1.358, 0.117, 0.230, 0.409, 0.103, 0.157, 1.035, 0.040, 0.006, 0.201, 0.046, 0.066, 0.037, 0.154, 0.073, 0.066, 0.110, 0.057, 0.335, 0.046, 0.040, 0.294, 0.260, 0.139 
1612800.1, 1612816.9, 1612808.5, 5.517, 0.445, 0.475, 0.051, 0.003, 0.075, 0.451, 0.223, 0.107, 0.008, 0.126, 0.165, 4.604, 1.331, 0.808, 0.017, 0.432, 0.008, 0.306, 0.418, 0.315, 2.936, 0.443, 1.109, 0.114, 0.031, 0.019, 0.024, 1.108, 2.375, 0.014, 0.027, 0.397, 2.254, 0.110, 0.392, 0.654, 0.138, 0.231, 1.776, 0.035, 0.010, 0.183, 0.014, 0.030, 0.022, 0.106, 0.047, 0.022, 0.074, 0.049, 0.329, 0.070, 0.030, 0.395, 0.360, 0.108 
1620000.1, 1620017.4, 1620008.7, 9.175, 0.488, 0.507, 0.090, 0.019, 0.075, 0.452, 0.218, 0.142, 0.007, 0.185, 0.224, 6.734, 1.369, 1.155, 0.013, 0.131, -9999.000, 0.228, 0.652, 0.370, 14.360, 0.505, 1.403, 0.020, 0.006, 0.014, 0.009, 2.382, 4.439, 0.022, 0.085, 0.499, 3.871, 0.133, 0.648, 0.940, 0.265, 0.459, 2.961, 0.041, 0.030, 0.217, 0.007, 0.009, 0.013, 0.067, 0.029, -9999.000, 0.088, 0.053, 0.460, 0.105, 0.027, 0.565, 0.501, 0.107 
1641600.1, 1641616.9, 1641608.5, 5.922, 0.457, 0.131, 0.009, 0.001, 0.075, 0.450, 0.213, 0.082, 0.010, 0.029, 0.025, 1.480, 0.283, 0.236, 0.037, 0.451, -9999.000, 0.197, 0.038, 0.059, 0.686, 0.108, 0.211, 0.043, 0.009, 0.016, 0.019, 0.316, 0.710, 0.002, 0.014, 0.080, 0.660, 0.025, 0.044, 0.135, 0.028, 0.031, 0.454, 0.005, -9999.000, 0.030, 0.014, 0.025, 0.002, 0.015, 0.008, 0.006, 0.026, 0.024, 0.073, 0.021, 0.003, 0.114, 0.089, 0.015 
1656000.1, 1656017.2, 1656008.7, 4.122, 0.219, 0.105, 0.007, -9999.000, 0.074, 0.441, 0.207, 0.125, 0.008, 0.015, 0.020, 1.500, 0.190, 0.189, 0.011, 1.610, 0.005, 0.381, 0.016, 0.027, 1.056, 0.074, 0.138, 0.151, 0.069, 0.005, 0.009, 0.151, 0.305, -9999.000, 0.011, 0.066, 0.317, 0.024, 0.029, 0.062, 0.018, 0.013, 0.187, 0.004, -9999.000, 0.025, 0.005, 0.011, 0.003, 0.018, 0.013, 0.004, 0.011, 0.010, 0.061, 0.011, 0.003, 0.058, 0.042, 0.015 
1670400.1, 1670417.2, 1670408.7, 4.839, 0.368, 0.163, 0.024, 0.001, 0.075, 0.448, 0.216, 0.093, 0.009, 0.029, 0.058, 2.431, 0.378, 0.245, 0.024, 0.180, -9999.000, 0.229, 0.043, 0.074, 0.905, 0.117, 0.316, 0.041, 0.026, 0.010, 0.015, 0.252, 0.570, 0.005, 0.010, 0.175, 0.551, 0.046, 0.067, 0.142, 0.030, 0.037, 0.418, 0.013, -9999.000, 0.074, 0.007, 0.020, 0.010, 0.053, 0.026, 0.009, 0.025, 0.021, 0.135, 0.021, 0.011, 0.121, 0.099, 0.045 
1720800.1, 1720816.7, 1720808.4, 5.831, 0.384, 0.066, 0.008, -9999.000, 0.072, 0.430, 0.199, 0.062, 0.008, 0.013, 0.017, 1.051, 0.229, 0.109, 0.021, 0.334, 0.002, 0.141, 0.011, 0.030, 0.329, 0.059, 0.115, 0.021, 0.006, 0.007, 0.007, 0.098, 0.288, 0.002, 0.010, 0.054, 0.274, 0.014, 0.023, 0.068, 0.008, 0.013, 0.188, 0.003, 0.006, 0.021, 0.006, 0.009, 0.002, 0.009, 0.006, 0.003, 0.014, 0.010, 0.053, 0.010, 0.003, 0.055, 0.041, 0.009 
