CampaignData_and_Merges/R0/CSL_MobileLab_Parked/raw/20240715/USOS-NOAAIodideCIMS-OrgNitrs_MobileLabGround_20240715_RA.ict
38, 1001
Michael A Robinson, Chris Jernigan, Subi Thakali
NOAA ESRL Chemical Sciences Laboratory and CIRES, U. of Colorado
NOAA Iodide CIMS Instrument
USOS
1, 1
2024, 07, 15, 2024, 07, 17
0
starttime_UTC, seconds_past_midnight, seconds_of_day_since_00:00:00_UTC
5
1, 1, 1, 1, 1
-9999, -9999, -9999, -9999, -9999
C4H7NO5_NOAACIMS, pptv, Gas_C4H7NO5_InSitu_M_AVMR, methacrolein and MVK nitrates
ISOPN_NOAACIMS, pptv, Gas_ISOPN_InSitu_M_AVMR, isoprene hydroxynitrates
C5H10O3_NOAACIMS, pptv, Gas_C5H10O3_InSitu_M_AVMR, isoprene hydroxyhydroperoxide and epoxydiols (ISOPOOH + IEPOX)
C5H9NO5_NOAACIMS, pptv, Gas_C5H9NO5_InSitu_M_AVMR, isoprene nitrooxy hydroperoxides and epoxides
C10H17NO4_NOAACIMS, pptv, Gas_C10H17NO4_InSitu_M_AVMR, terpene hydroxy nitrates
1
N/A
18
PI_CONTACT_INFO: 325 Broadway, R/CSD 7, Boulder, Colorado 80305; michael.a.robinson@noaa.gov; chris.jernigan@noaa.gov;
PLATFORM: NOAA CSL Mobile Lab
LOCATION: SLC, Utah
ASSOCIATED_DATA: 1Hz data also available on request.
INSTRUMENT_INFO: NOAA I- ToF CIMS
DATA_INFO: Units: pptv
UNCERTAINTY: tbd
ULOD_FLAG: -7777
ULOD_VALUE: N/A
LLOD_FLAG: -8888
LLOD_VALUE: N/A
DM_CONTACT_INFO: Nathan Howard; nathan.h.howard@noaa.gov
PROJECT_INFO: USOS, summer 2024. https://csl.noaa.gov/groups/csl7/measurements/2024usos/
STIPULATIONS_ON_USE: only the USOS science team is allowed to use this data
OTHER_COMMENTS: Field data; Data are averaged to 1 minute intervals. Stationary data collected from a 10 ft tower on top of the mobile lab
REVISION: RA
RA: Preliminary Data; For in-field use only
starttime_UTC, C4H7NO5_NOAACIMS, ISOPN_NOAACIMS, C5H10O3_NOAACIMS, C5H9NO5_NOAACIMS, C10H17NO4_NOAACIMS
[from data line 865]
51900,4.268,-9999.000,42.122,7.659,2.274
51960,4.470,-9999.000,44.377,7.913,2.396
52020,4.483,12.146,44.812,8.074,2.465
52080,4.493,12.300,44.067,8.043,2.282
52140,4.540,13.048,43.760,7.837,2.422
52200,4.694,12.627,45.796,7.980,2.602
52260,4.673,13.368,43.774,8.032,2.246
52320,4.722,13.999,43.083,8.030,2.088
52380,4.826,15.267,42.702,8.026,2.469
52440,4.769,14.769,42.893,7.711,2.325
52500,4.875,14.387,44.601,8.108,2.479
52560,4.997,14.540,44.535,8.421,2.453
52620,5.059,14.884,44.097,8.384,2.575
52680,5.026,14.515,44.499,8.399,2.545
52740,4.980,13.670,42.305,8.361,2.157
52800,5.105,15.343,41.963,8.597,2.418
52860,-9999.000,-9999.000,-9999.000,-9999.000,-9999.000
52920,4.722,12.681,-9999.000,7.284,1.637
52980,4.919,13.297,-9999.000,7.581,1.848
53040,5.029,13.250,-9999.000,8.057,1.961
53100,4.997,13.833,-9999.000,8.050,1.924
53160,4.794,9.019,36.340,7.459,0.932
53220,4.901,9.871,36.557,7.545,0.825
53280,5.125,12.586,38.504,7.836,1.441
53340,5.306,13.759,38.914,8.192,1.746
53400,5.039,13.159,39.444,7.946,1.804
53460,5.335,14.002,39.346,8.020,1.921
53520,5.504,14.529,38.353,8.209,1.552
53580,5.312,13.564,37.076,7.957,1.394
53640,4.649,8.431,39.081,7.659,1.870
53700,4.773,9.033,37.139,7.906,1.752
53760,4.868,9.604,38.266,7.627,1.785
53820,4.925,9.534,37.879,7.876,1.522
53880,4.890,10.118,37.751,7.760,1.801
53940,4.558,7.364,37.058,7.653,1.428
54000,4.552,6.250,37.491,7.297,1.094
54060,4.840,8.941,36.563,7.922,1.407
54120,5.029,9.738,38.306,7.920,1.135
54180,5.018,10.178,37.561,8.011,1.221
54240,5.200,10.535,37.573,7.935,0.922
54300,5.512,12.245,36.688,8.283,1.408
54360,5.758,12.585,39.094,8.300,1.400
54420,5.646,12.753,38.702,8.196,1.322
54480,5.765,13.033,38.639,8.169,1.700
54540,5.999,14.641,38.584,8.292,1.716
54600,5.812,13.703,38.770,8.140,1.580
54660,5.839,13.902,-9999.000,8.159,1.564
54720,5.522,12.139,-9999.000,6.737,1.300
54780,6.185,14.785,-9999.000,7.778,1.369
54840,6.479,16.088,35.457,7.981,1.583
54900,6.426,13.221,35.520,7.114,0.915
54960,6.224,11.498,34.327,7.753,-0.228
55020,6.502,14.806,35.690,8.099,1.015
55080,6.408,14.978,36.045,7.929,1.510
55140,6.704,15.717,34.458,8.068,0.877
55200,7.235,17.401,35.783,8.265,0.831
55260,6.958,15.497,34.521,7.952,0.299
55320,7.333,18.173,34.988,8.352,0.937
55380,7.552,19.683,37.333,8.507,1.498
55440,7.394,17.912,34.083,7.617,0.562
55500,7.495,20.712,36.818,8.405,1.027
55560,7.626,19.985,35.095,8.233,0.977
55620,7.806,21.057,35.878,8.523,1.541
55680,7.943,20.233,36.349,8.589,1.333
55740,8.006,20.532,35.123,8.597,1.320
55800,7.853,19.389,37.296,8.767,1.265
55860,7.638,17.360,35.407,7.861,0.943
55920,7.785,18.018,35.458,8.723,1.226
55980,7.834,18.190,34.584,8.425,1.316
56040,7.623,16.670,33.887,8.604,1.484
56100,7.557,16.494,33.118,8.494,1.381
56160,6.343,12.376,33.909,8.493,1.399
56220,5.943,10.698,33.048,8.773,1.152
56280,6.074,11.262,32.630,8.494,1.165
56340,6.379,12.077,33.247,8.703,1.116
56400,6.403,11.991,33.392,8.493,0.816
56460,6.346,11.076,31.419,8.427,0.644
56520,5.883,6.599,-9999.000,7.470,0.310
56580,5.520,9.412,-9999.000,7.167,0.707
56640,6.545,11.321,-9999.000,8.416,1.061
56700,6.690,11.579,31.558,8.498,1.045
56760,6.340,9.476,31.862,8.521,0.960
56820,6.053,8.211,30.356,7.827,0.762
56880,6.082,8.717,30.267,8.140,0.701
56940,6.297,9.419,28.911,8.086,0.580
57000,5.366,5.809,30.075,7.765,0.402
57060,4.814,4.707,25.838,7.730,0.484
57120,4.519,4.292,25.570,7.499,0.446
57180,4.512,2.831,24.509,6.145,0.082
57240,4.909,5.339,26.366,7.952,0.805
57300,5.410,6.036,25.685,7.959,0.604
57360,6.127,7.605,27.694,8.205,0.432
57420,5.610,6.206,26.717,7.845,0.373
57480,5.256,5.850,27.087,7.722,0.419
57540,4.706,4.843,24.469,7.528,0.393
57600,6.231,7.950,26.943,7.650,0.547
57660,5.553,6.226,25.677,7.652,0.472
57720,5.097,5.953,25.475,7.307,0.397
57780,5.136,5.160,25.341,7.528,0.473
57840,5.037,5.384,25.812,7.545,0.326
57900,5.430,5.499,26.894,8.031,0.458
57960,5.416,5.055,25.912,8.126,0.377
58020,5.219,4.933,27.239,7.769,0.525
58080,5.243,5.182,26.501,7.751,0.283
58140,5.485,5.341,25.686,8.078,0.517
58200,5.530,5.278,26.680,8.088,0.438
58260,5.591,5.223,25.502,8.069,0.431
58320,5.633,5.416,26.420,8.192,0.387
58380,5.696,5.569,25.964,8.190,0.532
58440,4.333,3.647,21.356,6.499,0.425
58500,4.401,3.743,22.088,6.784,0.400
58560,3.819,2.717,22.733,6.442,0.338
58620,3.629,1.958,21.619,6.084,0.260
58680,4.410,3.660,23.422,6.919,0.425
58740,4.573,4.043,20.677,7.002,0.320
58800,4.912,3.813,23.423,7.105,0.528
58860,4.747,3.727,21.114,6.975,0.498
58920,4.827,4.197,23.592,6.859,0.545
58980,5.209,4.901,22.803,7.021,0.516
59040,5.365,4.582,24.165,7.365,0.579
59100,5.378,4.640,22.878,7.073,0.494
59160,6.001,5.436,23.760,8.099,0.754
59220,5.616,5.243,22.499,7.427,0.625
59280,5.695,5.121,24.556,7.836,0.680
59340,5.771,4.820,22.624,7.539,0.550
59400,6.088,6.131,23.612,7.779,0.622
59460,6.201,6.699,22.987,7.905,0.515
59520,5.969,5.907,23.663,7.778,0.664
59580,5.980,5.307,22.352,8.098,0.624
59640,6.014,5.300,24.769,8.160,0.588
59700,6.035,5.450,22.580,8.223,0.432
59760,6.092,5.519,23.255,8.172,0.615
59820,6.353,5.725,23.310,8.349,0.671
59880,6.335,6.014,22.020,8.279,0.712
59940,6.476,6.068,21.727,8.328,0.600
60000,6.447,5.496,21.370,8.198,0.647
60060,6.570,6.034,22.101,8.324,0.625
60120,6.640,5.733,21.428,8.369,0.548
60180,6.763,5.693,20.911,8.606,0.635
60240,-9999.000,-9999.000,-9999.000,-9999.000,-9999.000
60300,6.442,4.563,-9999.000,7.745,0.413
60360,6.769,5.197,-9999.000,8.157,0.497
60420,6.869,5.280,20.095,8.688,0.663
60480,6.847,5.079,19.987,8.562,0.631
60540,7.157,5.386,19.914,8.920,0.682
60600,7.156,5.260,19.535,9.094,0.749
60660,7.136,5.452,19.414,9.041,0.800
60720,7.112,5.643,19.804,8.691,0.718
60780,7.198,5.178,18.874,8.863,0.757
60840,7.347,5.117,18.850,9.058,0.651
60900,7.335,5.072,19.448,9.094,0.894
60960,7.252,5.382,18.066,8.870,0.733
61020,6.995,5.326,17.838,8.386,0.751
61080,7.498,5.605,21.309,9.287,0.882
61140,8.225,7.082,24.335,10.387,0.922
61200,7.666,6.420,24.908,10.460,0.989
61260,7.485,6.373,24.528,10.134,0.953
61320,7.298,6.027,24.922,10.180,0.879
61380,7.030,5.413,24.473,10.064,1.005
61440,7.020,5.669,25.003,10.276,0.859
61500,6.839,5.366,24.408,9.877,0.928
61560,6.992,5.631,24.705,10.157,1.032
61620,6.726,5.643,23.787,9.795,0.971
61680,6.622,5.550,23.722,9.773,0.881
61740,6.620,5.872,25.175,9.794,1.019
61800,6.494,6.213,22.510,9.770,0.856
61860,6.278,5.997,22.754,9.119,0.959
61920,6.299,5.292,23.959,9.351,0.996
61980,6.239,5.761,20.823,9.358,0.862
62040,6.441,6.540,23.099,9.677,0.874
62100,5.949,5.571,18.988,8.395,0.785
62160,6.099,4.897,19.272,8.638,0.674
62220,6.576,5.430,22.942,9.232,0.773
62280,6.442,6.170,21.304,9.267,0.857
62340,6.069,5.612,22.078,9.195,0.799
62400,5.438,3.904,20.713,8.999,0.821
62460,5.168,3.226,20.176,8.896,0.779
62520,5.185,3.578,19.651,8.842,0.668
62580,5.731,4.459,20.219,9.157,0.708
62640,5.800,4.752,20.150,9.023,0.553
62700,5.738,4.837,20.518,9.198,0.656
62760,5.377,3.982,19.212,8.683,0.831
62820,5.569,4.278,17.975,8.975,0.628
62880,5.651,4.358,19.982,8.750,0.615
62940,5.641,4.120,18.703,9.015,0.668
63000,6.311,3.951,18.575,9.126,0.516
63060,6.727,3.983,20.320,9.506,0.691
63120,6.866,3.776,18.170,9.579,0.567
63180,7.096,4.182,17.771,9.756,0.596
63240,6.501,4.216,18.480,9.770,0.667
63300,5.864,4.004,18.309,9.156,0.624
63360,5.534,3.552,17.327,9.006,0.591
63420,5.254,3.405,17.188,8.773,0.422
63480,5.220,2.992,16.763,8.466,0.474
63540,5.412,3.616,18.006,9.005,0.448
63600,5.738,3.351,17.621,8.927,0.458
63660,6.098,3.729,18.504,9.036,0.399
63720,5.816,3.532,16.817,8.965,0.354
63780,6.464,3.747,16.217,9.167,0.476
63840,6.809,3.981,15.909,9.221,0.381
63900,6.693,4.068,16.646,9.033,0.447
63960,6.023,2.968,11.861,7.934,0.297
64020,6.517,3.741,13.625,8.958,0.307
64080,6.808,3.659,14.982,9.219,0.362
64140,6.705,4.216,15.764,9.165,0.290
64200,6.834,4.406,16.531,9.503,0.322
64260,7.374,4.835,16.537,10.279,0.452
64320,7.151,4.668,16.977,9.882,0.283
64380,7.270,4.227,17.391,10.282,0.458
64440,7.498,4.261,16.997,10.208,0.333
64500,7.663,4.497,16.575,10.657,0.439
64560,7.805,4.724,18.432,10.820,0.530
64620,7.993,4.433,17.410,11.041,0.489
64680,8.062,5.028,17.461,11.191,0.497
64740,8.015,5.096,17.686,11.113,0.564
64800,8.213,5.063,18.046,10.871,0.613
64860,8.222,4.683,20.802,10.708,0.655
64920,8.232,5.006,18.066,11.027,0.472
64980,8.539,5.012,18.890,11.251,0.548
65040,8.801,5.458,19.265,11.478,0.497
65100,8.716,5.522,18.669,11.557,0.567
65160,8.565,4.815,18.601,11.180,0.554
65220,8.377,4.845,18.853,11.162,0.585
65280,8.137,4.840,18.070,10.555,0.507
65340,8.071,4.025,18.809,10.559,0.468
65400,8.103,4.588,18.114,10.410,0.538
65460,8.008,4.883,19.306,10.010,0.405
65520,7.775,4.543,17.734,9.770,0.580
65580,7.273,4.587,19.536,9.005,0.573
65640,6.955,4.306,19.513,8.587,0.560
65700,6.722,3.963,17.931,8.464,0.446
65760,6.693,4.383,19.400,8.119,0.381
65820,6.294,4.072,15.885,7.409,0.369
65880,6.583,3.885,18.411,8.245,0.421
65940,6.718,4.346,19.568,8.444,0.429
66000,6.755,3.842,18.616,8.565,0.416
66060,6.931,4.057,18.933,8.745,0.431
66120,6.962,4.216,19.210,9.043,0.387
66180,6.806,4.083,18.951,9.140,0.386
66240,6.575,4.244,19.692,8.697,0.356
66300,6.718,4.318,20.134,9.249,0.453
66360,6.918,3.891,19.264,9.306,0.330
66420,6.750,3.913,19.423,9.754,0.403
66480,6.871,4.296,19.239,9.568,0.276
66540,6.866,4.143,21.151,9.688,0.422
66600,6.610,3.350,17.819,9.647,0.171
66660,6.853,3.264,18.345,9.850,0.317
66720,6.787,3.447,17.637,9.789,0.166
66780,6.544,2.286,17.296,9.141,-0.145
66840,6.919,3.540,18.275,10.243,0.071
66900,7.054,3.659,18.273,10.542,0.108
66960,6.853,3.044,18.288,10.308,-0.094
67020,-9999.000,-9999.000,-9999.000,-9999.000,-9999.000
67080,-9999.000,-9999.000,-9999.000,-9999.000,-9999.000
67140,-9999.000,-9999.000,-9999.000,-9999.000,-9999.000
67200,6.867,4.550,20.275,-9999.000,0.153
67260,7.211,3.931,21.081,-9999.000,0.251
67320,7.178,4.038,19.003,8.698,0.229
67380,6.973,4.470,19.817,9.007,0.224
67440,7.067,4.001,19.222,8.808,0.201
67500,6.984,3.996,17.939,9.203,0.213
67560,7.053,4.584,20.391,9.476,0.128
67620,7.033,3.842,23.154,9.534,0.051
67680,6.583,3.877,16.986,9.513,0.017
67740,6.796,4.347,17.841,9.921,0.259
67800,6.660,4.520,21.528,9.203,0.171
67860,6.542,4.730,22.581,8.626,0.185
67920,6.533,5.378,24.457,8.456,0.230
67980,6.493,5.048,25.360,8.245,0.288
68040,6.734,4.893,25.923,8.505,0.200
68100,6.613,4.822,25.630,8.487,0.182
68160,6.396,4.580,25.929,8.047,0.213
68220,6.283,4.635,26.849,7.963,0.244
68280,6.342,4.712,26.369,7.656,0.219
68340,6.252,4.598,27.755,7.541,0.347
68400,6.162,4.941,27.003,7.554,0.130
68460,5.891,3.886,24.251,6.830,0.044
68520,5.908,4.268,25.878,7.080,0.164
68580,6.003,4.596,27.091,7.015,0.251
68640,6.026,4.729,26.520,6.871,0.310
68700,6.086,4.374,27.858,7.070,0.282
68760,6.300,4.434,27.395,7.077,0.342
68820,6.423,4.415,28.606,7.281,0.271
68880,6.421,4.555,26.923,7.377,0.333
68940,6.382,4.662,26.794,7.188,0.251
69000,6.177,4.341,26.928,7.570,0.264
69060,6.126,4.270,23.690,7.384,0.379
69120,6.186,4.092,24.473,7.553,0.275
69180,6.230,4.042,24.996,7.752,0.320
69240,6.290,4.488,23.310,7.638,0.352
69300,6.389,4.240,25.339,7.857,0.323
69360,6.392,4.597,24.720,7.779,0.340
69420,6.176,5.027,28.197,7.301,0.272
69480,6.242,5.000,31.068,7.386,0.374
69540,6.265,4.736,32.195,7.470,0.472
69600,6.327,4.567,31.049,7.503,0.454
69660,6.379,4.616,30.556,7.584,0.370
69720,6.191,4.824,29.954,7.650,0.397
69780,6.320,4.108,30.460,7.759,0.434
69840,6.324,4.876,30.719,7.531,0.415
69900,6.155,4.937,29.161,8.253,0.249
69960,6.031,3.755,22.161,7.664,0.439
70020,6.320,4.529,25.485,8.062,0.466
70080,6.497,4.386,27.280,7.859,0.466
70140,6.895,4.809,26.299,8.285,0.457
70200,6.728,4.447,27.192,8.218,0.422
70260,6.780,4.475,28.452,8.123,0.500
70320,6.757,4.360,24.251,8.318,0.374
70380,6.886,4.218,24.983,8.309,0.428
70440,6.807,4.713,24.851,8.182,0.398
70500,6.791,5.164,26.387,8.383,0.478
70560,6.872,4.916,25.621,8.486,0.528
70620,7.023,4.893,26.319,8.099,0.390
70680,6.961,5.171,28.487,8.111,0.409
70740,6.931,5.064,28.519,7.956,0.428
70800,6.472,4.730,30.375,7.654,0.361
70860,6.243,4.786,30.435,7.707,0.499
70920,6.423,4.818,31.693,7.247,0.360
70980,6.364,4.860,28.556,7.445,0.417
71040,6.430,4.936,31.039,7.565,0.414
71100,6.514,4.563,30.645,7.513,0.465
71160,6.736,4.622,30.212,7.769,0.334
71220,6.540,4.826,30.127,7.767,0.370
71280,6.729,4.787,30.892,7.857,0.377
71340,6.824,4.638,26.846,7.903,0.396
71400,7.020,4.949,30.840,7.787,0.449
71460,7.074,4.872,33.275,8.357,0.337
71520,6.933,4.714,35.023,8.204,0.385
71580,6.864,5.391,38.056,7.535,0.497
71640,6.872,6.030,43.017,7.657,0.416
71700,6.790,5.935,43.825,7.542,0.525
71760,6.439,5.653,34.940,6.965,0.523
71820,6.685,6.358,37.458,7.785,0.488
71880,6.979,6.247,40.173,7.998,0.495
71940,6.761,6.280,43.535,7.727,0.516
72000,6.911,6.528,44.218,7.446,0.448
72060,6.839,6.624,46.231,7.790,0.504
72120,6.976,6.948,51.039,7.485,0.474
72180,7.099,6.973,50.422,7.666,0.529
72240,7.089,7.376,54.385,7.516,0.526
72300,6.960,6.677,53.627,7.180,0.467
72360,6.978,6.869,55.325,7.407,0.562
72420,7.012,6.522,55.674,7.348,0.619
72480,7.133,6.895,56.658,7.310,0.467
72540,7.251,7.060,57.625,7.474,0.604
72600,7.252,7.250,53.621,7.349,0.487
72660,7.415,6.970,54.528,7.487,0.546
72720,7.216,7.062,55.244,6.850,0.455
72780,7.237,6.923,54.481,7.087,0.523
72840,7.164,6.866,53.864,7.080,0.471
72900,7.353,6.459,53.030,7.248,0.634
72960,7.367,6.485,50.931,7.396,0.477
73020,7.505,7.149,52.933,7.283,0.565
73080,7.494,7.186,55.790,7.436,0.630
73140,7.483,7.077,56.786,7.528,0.570
73200,7.453,8.312,54.476,7.471,0.530
73260,7.744,7.362,54.100,7.774,0.579
73320,7.591,6.965,52.588,7.133,0.470
73380,7.880,7.108,55.692,7.589,0.626
73440,7.980,7.510,53.612,7.759,0.523
73500,7.690,6.974,54.368,7.437,0.497
73560,7.310,7.254,-9999.000,7.325,0.524
73620,6.048,5.995,-9999.000,6.192,0.374
73680,6.634,7.051,-9999.000,7.619,0.401
73740,7.077,7.101,-9999.000,7.418,0.467
73800,7.032,7.551,-9999.000,7.131,0.498
73860,6.982,7.170,54.055,6.981,0.507
73920,7.309,7.222,55.857,7.019,0.504
73980,7.398,6.724,55.412,7.072,0.567
74040,7.147,7.077,53.932,7.050,0.477
74100,7.358,6.479,54.395,7.200,0.451
74160,7.321,6.786,53.878,7.286,0.508
74220,7.380,6.496,54.195,7.358,0.479
74280,7.271,6.512,55.030,7.245,0.513
74340,7.419,6.975,55.460,7.103,0.519
74400,8.109,7.761,58.635,7.593,0.511
74460,7.670,7.988,56.964,7.450,0.515
74520,7.874,7.726,60.290,7.616,0.595
74580,8.209,7.559,60.798,7.720,0.581
74640,8.368,7.274,59.057,7.765,0.511
74700,8.375,8.157,60.940,7.738,0.596
74760,8.278,7.306,59.451,7.560,0.416
74820,8.240,7.126,59.813,7.655,0.454
74880,8.275,7.635,59.941,7.715,0.539
74940,8.203,7.084,57.772,7.898,0.576
75000,8.321,6.691,56.500,7.806,0.548
75060,8.551,6.522,52.788,7.740,0.408
75120,8.476,7.123,55.398,8.091,0.568
75180,8.118,7.088,53.302,7.913,0.602
75240,7.776,6.821,52.560,7.775,0.705
75300,7.490,5.989,49.750,7.390,0.430
75360,7.294,6.181,49.504,7.346,0.552
75420,7.395,6.482,48.552,7.298,0.643
75480,6.533,5.370,37.599,7.146,0.545
75540,6.908,6.749,43.943,7.914,0.556
75600,7.170,7.034,45.234,7.558,0.535
75660,7.406,6.833,47.635,7.698,0.648
75720,7.560,6.590,48.829,7.852,0.609
75780,7.367,6.662,47.351,7.620,0.507
75840,7.764,7.388,51.572,7.352,0.572
75900,8.491,6.806,51.946,7.465,0.535
75960,8.301,6.459,51.948,7.274,0.638
76020,7.698,6.344,49.384,7.019,0.527
76080,7.928,5.901,50.816,7.132,0.299
76140,7.802,6.081,50.027,7.182,0.373
76200,7.659,6.428,50.443,7.048,0.437
76260,7.503,6.631,49.731,7.291,0.556
76320,7.200,6.507,49.186,6.899,0.503
76380,6.815,5.790,46.003,6.503,0.510
76440,6.558,5.585,44.541,6.155,0.424
76500,5.952,4.925,39.853,5.961,0.371
76560,5.368,4.670,39.512,5.653,0.413
76620,4.886,4.692,36.538,5.376,0.294
76680,4.833,4.844,38.646,5.436,0.275
76740,4.783,4.152,37.083,5.457,0.326
76800,4.901,4.013,36.019,5.518,0.320
76860,4.844,4.494,36.725,5.298,0.407
76920,4.904,4.554,35.959,5.358,0.373
76980,4.811,4.861,36.123,5.229,0.307
77040,4.672,4.362,36.660,5.160,0.296
77100,4.738,4.417,38.638,5.225,0.343
77160,4.819,4.454,40.980,5.265,0.374
77220,4.938,4.684,42.080,5.468,0.272
77280,5.092,4.477,-9999.000,5.579,0.301
