CampaignData_and_Merges/R0/CSL_MobileLab_Parked/raw/20240715/USOS-PTR_MobileLabGround_20240715_R0.ict
58, 1001
Matthew Coggon, Kelvin Bates, Chelsea Stockwell, Carsten Warneke
NOAA ESRL Chemical Sciences Division
NOAA PTR-ToF-MS
USOS
1,1 
2024, 07, 15, 2025, 09, 19
0
Time_Start, seconds, number of seconds from 00:00 UTC 
22
1, 1, 1, 1, 1, 1, 1, 1, 1, 1, 1, 1, 1, 1, 1, 1, 1, 1, 1, 1, 1, 1
-9999, -9999, -9999, -9999, -9999, -9999, -9999, -9999, -9999, -9999, -9999, -9999, -9999, -9999, -9999, -9999, -9999, -9999, -9999, -9999, -9999, -9999
CH3OH_NOAAPTR_ppbv,  ppbv, Gas_CH3OH_InSitu_S_AVMR, (CH3OH) methanol
CH3CN_NOAAPTR_ppbv,  ppbv, Gas_CH3CN_InSitu_S_AVMR, (CH3CN) acetonitrile
CH3CHO_NOAAPTR_ppbv,  ppbv, Gas_CH3CHO_InSitu_S_AVMR, (CH3CHO) acetaldehyde plus contributions from ethylene glycol and ethylene oxide. Interference from ethanol has been subtracted out.
C2H5OH_NOAAPTR_ppbv,  ppbv, Gas_C2H5OH_InSitu_S_AVMR, (C2H5OH) ethanol
CH3SH_NOAAPTR_ppbv,  ppbv, Gas_CH3SH_InSitu_S_AVMR, (CH3SH) methanethiol, using calibration factor for DMS
Acrolein_NOAAPTR_ppbv,  ppbv, Gas_Acrolein_InSitu_S_AVMR, (C3H4O) acrolein
AcetonePropanal_NOAAPTR_ppbv,  ppbv, Gas_AcetoneAndPropanal_InSitu_S_AVMR, (C3H6O) sum of acetone (dominant isomer) and propanal, using calibration factor for acetone
DMS_NOAAPTR_ppbv,  ppbv, Gas_DMS_InSitu_S_AVMR, (C2H6S) dimethyl sulfide with possible small contributions from ethanethiol
C5H8_NOAAPTR_ppbv,  ppbv, Gas_Isoprene_InSitu_S_AVMR, (C5H8) isoprene and possible fragments from cycloalkanes and aldehydes. Interferences have been subtracted following methods described by Coggon et al (2023)
MVKMAC_NOAAPTR_ppbv,  ppbv, Gas_MVKAndMAC_InSitu_S_AVMR, (C4H6O) sum of methyl vinyl ketone, methacrolein, and small amounts of crotonaldehyde, using weighted calibration factor for MVK (0.637) and MACR (0.363)
Benzene_NOAAPTR_ppbv,  ppbv, Gas_Benzene_InSitu_S_AVMR, (C6H6) benzene
Toluene_NOAAPTR_ppbv,  ppbv, Gas_Toluene_InSitu_S_AVMR, (C7H8) toluene with possible small contributions of fragments from ethyltoluene
Styrene_NOAAPTR_ppbv,  ppbv, Gas_Styrene_InSitu_S_AVMR, (C8H8) styrene
Benzaldehyde_NOAAPTR_ppbv,  ppbv, Gas_Benzaldehyde_InSitu_S_AVMR, (C7H6O) benzaldehyde
C8Aromatics_NOAAPTR_ppbv,  ppbv, Gas_C8Aromatics_InSitu_M_AVMR, (C8H10) sum of m-xylene, p-xylene, o-xylene, and ethyl benzene
C9Aromatics_NOAAPTR_ppbv,  ppbv, Gas_C9Aromatics_InSitu_M_AVMR, (C9H12) sum of C9 aromatics
Naphthalene_NOAAPTR_ppbv,  ppbv, Gas_Naphthalene_InSitu_S_AVMR, (C10H8) naphthalene
Octanal_NOAAPTR_ppbv,  ppbv, Gas_Octanal_InSitu_S_AVMR, (C8H16O) octanal and small amounts of octanone
Monoterpenes_NOAAPTR_ppbv,  ppbv, Gas_Monoterpenes_InSitu_M_AVMR, (C10H16) sum of monoterpenes and possible contributions from fragments of oxygenated monoterpenoids such as eucalyptol.
Nonanal_NOAAPTR_ppbv,  ppbv, Gas_Nonanal_InSitu_M_AVMR, (C9H18O) nonanal and small amounts of nonanone
C7H4ClF3_NOAAPTR_ppbv,  ppbv, Gas_C7H4ClF3_InSitu_S_AVMR, (C7H4ClF3) parachlorobenzotrifluoride
C10H30O5Si5_NOAAPTR_ppbv,  ppbv, Gas_C10H30O5Si5_InSitu_S_AVMR, (C10H30O5Si5) decamethylcyclopentasiloxane
1
SPECIAL COMMENTS:N/A
21
PI_CONTACT_INFO: NOAA ESRL Chemical Sciences Division, Tropospheric Chemistry Group. 325 Broadway, R/CSD7, Boulder, CO 80305
PLATFORM: Mobile Laboratory.
LOCATION: Salt Lake City, UT
ASSOCIATED_DATA: N/A
INSTRUMENT_INFO: NOAA PTR-ToF-MS measurements on NOAA CSL Mobile Lab
DATA_INFO: Units: ppbv
UNCERTAINTY: See OTHER_COMMENTS
ULOD_FLAG: -7777
ULOD_VALUE: N/A
LLOD_FLAG: -8888
LLOD_VALUE: N/A.
DM_CONTACT_INFO: Data Managers: Matt Coggon, Kelvin Bates, Chelsea Stockwell; email: matthew.m.coggon@noaa.gov and kelvin.bates@colorado.edu
PROJECT_INFO: USOS Deployment July-August, 2024
STIPULATIONS_ON_USE: Use of these data require prior OK from PI.
OTHER_COMMENTS: Uncertainties:
CH3OH_NOAAPTR_ppbv:30%; CH3CN_NOAAPTR_ppbv:30%; CH3CHO_NOAAPTR_ppbv:30%; C2H5OH_NOAAPTR_ppbv:30%; CH3SH_NOAAPTR_ppbv:50%; Acrolein_NOAAPTR_ppbv:30%; AcetonePropanal_NOAAPTR_ppbv:30%; DMS_NOAAPTR_ppbv:30%; C5H8_NOAAPTR_ppbv:30%; MVKMAC_NOAAPTR_ppbv:30%; 
Benzene_NOAAPTR_ppbv:30%; Toluene_NOAAPTR_ppbv:30%; Styrene_NOAAPTR_ppbv:30%; Benzaldehyde_NOAAPTR_ppbv:30%; C8Aromatics_NOAAPTR_ppbv:30%; C9Aromatics_NOAAPTR_ppbv:30%; Naphthalene_NOAAPTR_ppbv:30%; Octanal_NOAAPTR_ppbv:30%; Monoterpenes_NOAAPTR_ppbv:30%; Nonanal_NOAAPTR_ppbv:30%; 
C7H4ClF3_NOAAPTR_ppbv:30%; C10H30O5Si5_NOAAPTR_ppbv:30%; 
REVISION: R0
R0: Calibrated PTR Data. See individual species comments for details about measurement uncertainties
Time_Start, CH3OH_NOAAPTR_ppbv, CH3CN_NOAAPTR_ppbv, CH3CHO_NOAAPTR_ppbv, C2H5OH_NOAAPTR_ppbv, CH3SH_NOAAPTR_ppbv, Acrolein_NOAAPTR_ppbv, AcetonePropanal_NOAAPTR_ppbv, DMS_NOAAPTR_ppbv, C5H8_NOAAPTR_ppbv, MVKMAC_NOAAPTR_ppbv, Benzene_NOAAPTR_ppbv, Toluene_NOAAPTR_ppbv, Styrene_NOAAPTR_ppbv, Benzaldehyde_NOAAPTR_ppbv, C8Aromatics_NOAAPTR_ppbv, C9Aromatics_NOAAPTR_ppbv, Naphthalene_NOAAPTR_ppbv, Octanal_NOAAPTR_ppbv, Monoterpenes_NOAAPTR_ppbv, Nonanal_NOAAPTR_ppbv, C7H4ClF3_NOAAPTR_ppbv, C10H30O5Si5_NOAAPTR_ppbv
    0.0, 12.87207, 0.23035, 1.55560, 2.00243, 0.00412, 0.19827, 4.63505, 0.02095, 0.49603, 0.33555, 0.60252, 0.48396, 0.06596, -0.00829, 0.21864, 0.07545, 0.02907, 0.07223, 0.30404, 0.09119, 0.00370, 0.00609 
   60.0, 30.93967, 0.54710, 9.45403, 13.59934, 0.00852, 2.33302, 7.12981, 0.00742, 3.57655, 0.90288, 30.74394, 19.45963, 2.15355, 0.05677, 7.54782, 1.79434, 0.73863, 0.11733, 0.33210, 0.27728, -0.00161, 0.00772 
  120.0, 8.85361, 0.22414, 1.48639, 2.42345, 0.00674, 0.18442, 5.27018, -0.00270, 0.00000, 0.33082, 0.03930, 0.23435, 0.03463, 0.00530, 0.18951, 0.11493, 0.02481, 0.05121, 0.25931, 0.14959, 0.00169, 0.00873 
  180.0, 5.86407, 0.22116, 0.93752, 1.00194, 0.00184, 0.05248, 3.97434, 0.00489, 0.04014, 0.22776, 0.03468, 0.09014, -0.00732, -0.00841, 0.07890, 0.04775, -0.00132, 0.01098, 0.12290, 0.02117, 0.00422, 0.00094 
  240.0, 7.41402, 0.24045, 4.53044, 110.16802, 0.00444, 0.81259, 4.96330, 0.03372, 0.64173, 0.34303, 4.22157, 9.15635, 0.69221, -0.00845, 5.31342, 2.13223, 0.12554, 0.05881, 0.26366, 0.12877, 0.00092, 0.00539 
  300.0, 9.32456, 0.24105, 1.95347, 22.77291, 0.00660, 0.26280, 4.36679, -0.00285, 0.41085, 0.34356, 1.09901, 2.42953, 0.18383, -0.00848, 1.46188, 0.56836, 0.08083, 0.03407, 0.41020, 0.11768, -0.00084, 0.00316 
  360.0, 8.84189, 0.23891, 1.15862, 5.51420, 0.00317, 0.14976, 4.09356, 0.01146, 0.69034, 0.34221, 0.15782, 0.39072, 0.03125, 0.00807, 0.25520, 0.10713, -0.00457, 0.02178, 0.24627, 0.07572, 0.00277, 0.00213 
  420.0, 10.94254, 0.22719, 2.11855, 31.94019, 0.00634, 0.31552, 4.54605, 0.00388, 0.82729, 0.33666, 1.05915, 2.10723, 0.12692, -0.00544, 0.93606, 0.29822, 0.02756, 0.06327, 0.23684, 0.17403, 0.00577, 0.00247 
  480.0, 7.28250, 0.21752, 0.94419, 2.55898, 0.00187, 0.08496, 3.79717, 0.02285, 0.40439, 0.27872, -0.00029, 0.07306, 0.01015, -0.00860, 0.06167, 0.04087, 0.00079, 0.02007, 0.21748, 0.02401, 0.00392, 0.00298 
  540.0, 6.97538, 0.23737, 0.73693, 2.68835, -0.00149, 0.09596, 3.77736, 0.00026, 0.00000, 0.27005, 0.05403, 0.10724, 0.01216, 0.02462, 0.06257, 0.03323, 0.01176, 0.03773, 0.16264, 0.04190, 0.00461, -0.00149 
  600.0, 8.60251, 0.23201, 2.35069, 43.77137, 0.00006, 0.38681, 4.10237, 0.01836, 0.84477, 0.32232, 1.33666, 3.24868, 0.18609, -0.00868, 1.51605, 0.47559, 0.03127, 0.03661, 0.33495, 0.04845, 0.00320, 0.00598 
  660.0, 6.68530, 0.22244, 2.05503, 37.62283, 0.00310, 0.34250, 4.06317, 0.00720, 1.09628, 0.27037, 1.60075, 3.76540, 0.20840, -0.00872, 1.95344, 0.66302, 0.03859, 0.04851, 0.19899, 0.05956, 0.00259, 0.00009 
  720.0, 8.63835, 0.24289, 1.07977, 2.05565, 0.00206, 0.12821, 3.83434, 0.01677, 0.24324, 0.29338, 0.00227, 0.10813, -0.00150, -0.00876, 0.09573, 0.04470, -0.00123, 0.03026, 0.38964, 0.03063, 0.00934, 0.00413 
  780.0, 8.40980, 0.20475, 1.11053, 8.63775, 0.00570, 0.15494, 3.89492, 0.00888, 0.00000, 0.30878, 0.36084, 0.85309, 0.02725, 0.00258, 0.43438, 0.14389, 0.01299, 0.05288, 0.29333, 0.05787, 0.00697, 0.01048 
  840.0, 11.88943, 0.22069, 1.06950, 2.41486, 0.00365, 0.14380, 3.96972, 0.01082, 0.39474, 0.28111, 0.00324, 0.13671, 0.00957, -0.00703, 0.11247, 0.05970, -0.00901, 0.05775, 0.18053, 0.10232, 0.00501, 0.00644 
  900.0, 10.17799, 0.23063, 3.09125, 58.57307, 0.00435, 0.64653, 4.70682, 0.03111, 0.00000, 0.32529, 3.35114, 7.99500, 0.38293, -0.00888, 3.94052, 1.11386, 0.05019, 0.07880, 0.13243, 0.23013, 0.00225, 0.00266 
  960.0, 7.17456, 0.22121, 1.31751, 9.72331, 0.00234, 0.18216, 4.00008, 0.00898, 0.00000, 0.26930, 0.57523, 1.53773, 0.09394, -0.00892, 0.92933, 0.34237, 0.00187, 0.02993, 0.07298, 0.10915, 0.00275, -0.00048 
 1020.0, 9.27367, 0.22236, 1.39488, 7.23949, 0.00218, 0.18488, 4.33957, -0.00345, 0.54936, 0.31465, 0.43747, 1.09683, 0.08126, -0.00291, 0.57155, 0.21821, 0.02502, 0.06775, 0.21788, 0.18290, 0.00034, 0.00333 
 1080.0, 9.14644, 0.21655, 1.26681, 4.36210, 0.00793, 0.19827, 4.05849, 0.03110, 0.00000, 0.29847, 0.21207, 0.68940, 0.06382, -0.00899, 0.42504, 0.17513, 0.01239, 0.04509, 0.22636, 0.11395, 0.00597, 0.00410 
 1140.0, 7.35895, 0.21287, -9999.00000, 2.20795, 0.00586, 0.14604, 3.81378, 0.00272, -9999.00000, 0.26052, 0.17579, 0.26832, 0.02790, 0.00195, 0.18199, 0.08016, 0.01789, 0.03065, 0.11861, 0.04557, 0.00474, -0.00035 
 1200.0, 9.71822, 0.22385, 1.38869, 5.52324, 0.00469, 0.25194, 4.05006, 0.01855, 0.35875, 0.34756, 0.30509, 0.80437, 0.07597, -0.00907, 0.51355, 0.21014, 0.01845, 0.05058, 0.15505, 0.13600, 0.00679, 0.00284 
 1260.0, 7.12249, 0.20301, 0.93749, 1.19583, 0.00390, 0.10320, 3.79580, 0.00550, 0.34157, 0.29751, 0.01396, 0.08658, 0.01815, 0.02199, 0.08509, 0.03762, 0.00586, 0.03121, 0.09483, 0.04586, 0.00280, 0.00156 
 1320.0, 7.35989, 0.24233, 0.89972, 1.21628, 0.00594, 0.11705, 3.71509, 0.01617, 0.08623, 0.31184, 0.00740, 0.07633, -0.00711, -0.00915, 0.04800, 0.04461, -0.00639, 0.01390, 0.11992, 0.04461, 0.00291, 0.00582 
 1380.0, 8.61864, 0.22941, 1.07172, 1.85259, 0.00537, 0.13935, 3.80286, 0.00884, 0.64916, 0.32016, -0.00247, 0.11979, 0.01284, -0.00919, 0.07950, 0.04438, 0.01472, 0.02651, 0.22786, 0.08128, 0.00836, 0.00543 
 1440.0, 8.84390, 0.22464, 1.07505, 2.17718, 0.00451, 0.15309, 3.90755, -0.00295, 0.00000, 0.32090, 0.11870, 0.35053, 0.00458, -0.00923, 0.22397, 0.09582, 0.00863, 0.02795, 0.23534, 0.14370, 0.00426, 0.00126 
 1500.0, 7.80942, 0.21214, 1.21806, 2.05570, 0.00418, 0.14638, 3.90220, 0.02389, 0.34211, 0.32558, 0.04699, 0.14756, -0.00707, 0.00253, 0.10896, 0.04738, -0.00474, 0.03472, 0.37188, 0.07900, 0.00100, 0.00116 
 1560.0, 9.30567, 0.21300, 1.21066, 5.85828, 0.00138, 0.21032, 3.92780, 0.01594, 0.15184, 0.27603, 0.44976, 1.33934, 0.09267, -0.00931, 0.91508, 0.35551, 0.03639, 0.03791, 0.14211, 0.07639, 0.00342, 0.00396 
 1620.0, 14.07446, 0.22992, 1.02113, 9.35839, 0.00246, 0.29002, 3.81273, 0.01154, 0.00000, 0.27658, 1.42468, 4.12948, 0.18908, -0.00935, 2.43329, 0.69267, 0.01832, 0.01190, 0.14905, 0.06015, 0.00186, -0.00009 
 1680.0, 11.90598, 0.22122, 1.34599, 11.88033, 0.00324, 0.34835, 3.92292, 0.04375, 0.55662, 0.28337, 2.01178, 6.46689, 0.32433, -0.00939, 3.58999, 0.94491, 0.03683, 0.06079, 0.13660, 0.07669, -0.00001, 0.00042 
 1740.0, 7.45194, 0.22525, 0.65596, 0.70833, 0.00284, 0.08182, 3.55665, 0.01064, 0.00000, 0.26840, 0.00694, 0.08570, 0.00100, -0.00735, 0.07512, 0.03901, -0.00870, 0.02142, 0.16703, 0.05271, 0.00542, -0.00087 
 1800.0, 7.59909, 0.22505, 0.96010, 2.38831, 0.00051, 0.10339, 3.58244, 0.01285, 0.10477, 0.26878, 0.05934, 0.34580, 0.00345, 0.00125, 0.27003, 0.13592, -0.00868, 0.01161, 0.13209, 0.05096, 0.00147, 0.00116 
 1860.0, 8.60486, 0.21254, 0.97301, 2.14572, -0.00022, 0.12030, 3.71674, 0.01199, 0.37035, 0.30189, 0.08931, 0.37530, 0.03669, 0.00793, 0.27289, 0.13986, 0.02090, 0.03882, 0.16576, 0.08296, -0.00050, -0.00095 
 1920.0, 6.54398, 0.21290, 0.89850, 1.82046, -0.00128, 0.15517, 3.65370, 0.01994, 0.31604, 0.31456, 0.05657, 0.24538, 0.00097, 0.00126, 0.19970, 0.09970, 0.01395, 0.04428, 0.29958, 0.04531, 0.00119, 0.00045 
 1980.0, 8.61288, 0.22991, 0.97699, 2.99790, 0.00097, 0.14757, 4.05356, 0.00946, 0.50320, 0.35260, 0.22047, 0.83742, 0.07344, -0.00958, 0.55559, 0.21082, 0.01897, 0.03615, 0.25956, 0.08041, 0.00387, 0.00142 
 2040.0, 7.84948, 0.23180, 1.53297, 10.25852, 0.00981, 0.21577, 3.99360, 0.01216, 0.16688, 0.34959, 1.02250, 3.20918, 0.20320, -0.00962, 2.13922, 0.75877, 0.03816, 0.03924, 0.48768, 0.08956, 0.00502, 0.00339 
 2100.0, 11.34604, 0.21385, 1.75797, 9.78067, 0.00578, 0.27591, 4.24458, -0.00435, 0.62803, 0.32106, 1.41872, 4.40257, 0.29466, -0.00966, 2.81515, 0.93171, 0.04384, 0.06598, 0.37238, 0.10696, 0.00333, 0.00368 
 2160.0, 16.59829, 0.20688, 1.21507, 2.22323, 0.00254, 0.15218, 3.93869, -0.00342, 0.14737, 0.31679, 0.05281, 0.11268, 0.01610, 0.00995, 0.09244, 0.05070, 0.05195, 0.04253, 0.28196, 0.17652, 0.00082, 0.00282 
 2220.0, 13.45389, 0.21856, 1.28449, 2.47998, 0.00315, 0.14604, 3.98562, 0.00223, 0.19597, 0.33611, 0.13695, 0.33414, 0.04625, 0.00023, 0.25402, 0.12549, 0.03552, 0.05277, 0.18719, 0.17095, 0.00066, 0.00800 
 2280.0, 7.34057, 0.21646, 1.31316, 9.52428, 0.00254, 0.18683, 3.79640, 0.02052, 0.00000, 0.27239, 1.20698, 3.78267, 0.26069, -0.00978, 2.49716, 0.86387, 0.05240, 0.05040, 0.11131, 0.10625, -0.00236, 0.00154 
 2340.0, 5.10236, 0.21139, 0.91167, 3.80320, 0.00092, 0.09166, 3.57179, -0.00455, 0.00000, 0.26986, 0.46342, 1.39396, 0.08887, -0.00982, 0.93196, 0.34253, 0.00257, 0.02125, 0.13582, 0.04817, 0.00206, 0.00010 
 2400.0, 8.70749, 0.20054, 1.06726, 5.14532, 0.00235, 0.16334, 3.72717, 0.00496, 0.00000, 0.25806, 0.73404, 2.31261, 0.18316, -0.00986, 1.54560, 0.50782, 0.04748, 0.04934, 0.08024, 0.05364, -0.00025, 0.00031 
 2460.0, 6.47065, 0.20650, 0.87841, 1.07363, 0.00167, 0.12102, 3.58234, 0.01329, 0.00000, 0.26943, 0.03095, 0.19392, -0.00689, -0.00274, 0.15845, 0.05685, 0.01173, 0.01357, 0.12822, 0.03314, 0.00177, 0.00036 
 2520.0, 8.01131, 0.21480, 1.45170, 6.57639, -0.00017, 0.23517, 3.93662, -0.00470, 0.00000, 0.32207, 0.94568, 2.79540, 0.20602, -0.00993, 2.00581, 0.67617, 0.01286, 0.03970, 0.16739, 0.12610, -0.00239, 0.00325 
 2580.0, 10.08839, 0.22386, 1.65324, 3.99752, 0.00512, 0.25014, 4.00568, -0.00475, 0.00000, 0.34637, 0.34822, 1.06820, 0.07435, -0.00997, 0.78634, 0.33413, 0.01876, 0.03435, 0.30885, 0.08200, 0.00013, 0.00561 
 2640.0, 11.05988, 0.24054, 1.68537, 6.07469, 0.00054, 0.22802, 3.99525, -0.00480, 0.44660, 0.34633, 0.88821, 2.74054, 0.21661, -0.01001, 1.85873, 0.66614, 0.04151, 0.03055, 0.24561, 0.09281, 0.00017, 0.00417 
 2700.0, 15.39423, 0.24317, 2.76716, 28.84145, 0.00458, 0.51139, 4.49896, 0.01843, 0.77169, 0.40177, 3.89512, 12.47173, 0.82830, -0.01005, 8.48451, 2.88576, 0.12179, 0.04926, 0.31274, 0.24600, 0.00872, 0.00649 
 2760.0, 37.99179, 0.21457, 1.39613, 1.87702, 0.00456, 0.17771, 3.89009, 0.00948, 0.36360, 0.30515, 0.05304, 0.19864, 0.01926, 0.01608, 0.12583, 0.05849, 0.03883, 0.03141, 0.21554, 0.09057, 0.00199, 0.00258 
 2820.0, 39.32633, 0.21710, 1.32887, 1.73248, 0.00328, 0.11552, 3.77940, 0.00110, 0.24526, 0.26869, 0.07943, 0.19625, 0.02304, 0.00321, 0.11004, 0.05765, 0.00841, 0.04471, 0.14477, 0.05679, 0.00350, 0.00262 
 2880.0, 26.78349, 0.22088, 1.36031, 2.17660, 0.00093, 0.16353, 3.76499, 0.01251, 0.09457, 0.31177, 0.09021, 0.30027, 0.00934, -0.01017, 0.19857, 0.07135, 0.00866, 0.04174, 0.25144, 0.05850, 0.00565, 0.00151 
 2940.0, 17.12549, 0.19946, 1.34453, 2.97377, 0.00217, 0.15318, 3.70907, 0.00883, 0.08806, 0.27466, 0.11899, 0.28201, 0.03343, 0.00586, 0.22629, 0.12109, 0.01296, 0.03030, 0.25006, 0.08913, 0.00116, 0.00771 
 3000.0, 14.45663, 0.23576, 1.66622, 6.57213, 0.00522, 0.22229, 3.95375, 0.01997, 0.06391, 0.32038, 0.66301, 1.80260, 0.14161, -0.01025, 1.28137, 0.55380, 0.04479, 0.05455, 0.26849, 0.08582, 0.00508, 0.00380 
 3060.0, 8.15034, 0.20487, 1.07599, 1.73398, 0.00015, 0.08091, 3.55775, 0.00597, 0.00000, 0.24701, 0.10267, 0.29025, 0.03455, 0.00674, 0.19198, 0.07578, 0.03114, 0.03334, 0.15976, 0.04290, 0.00046, 0.00614 
 3120.0, 7.15280, 0.20495, 1.22438, 3.37771, 0.00528, 0.14812, 3.72371, 0.00618, 0.00000, 0.27503, 0.23933, 0.69668, 0.03902, -0.01033, 0.58043, 0.27838, 0.01755, 0.03665, 0.29149, 0.09385, 0.00101, 0.00420 
 3180.0, 7.97898, 0.19751, 1.19764, 1.84531, 0.00580, 0.16412, 3.64205, 0.00721, 0.09602, 0.26555, 0.03412, 0.20760, 0.03461, 0.01032, 0.17411, 0.10040, 0.00376, 0.04424, 0.28410, 0.08772, 0.00443, 0.00822 
 3240.0, 13.98615, 0.18922, 1.40872, 1.96437, 0.00621, 0.15962, 3.80126, 0.01355, 0.02336, 0.26113, 0.12934, 0.30439, 0.04855, 0.01126, 0.22268, 0.12687, 0.03158, 0.04513, 0.30445, 0.13329, 0.00290, 0.00820 
 3300.0, 7.53432, 0.22350, 1.30185, 1.91564, 0.00224, 0.12376, 3.64369, -0.00535, 0.08097, 0.26022, 0.12629, 0.19963, 0.01724, 0.00568, 0.12962, 0.06436, 0.01113, 0.02844, 0.21644, 0.06635, -0.00177, 0.00344 
 3360.0, 10.62122, 0.21355, 1.73579, 7.23542, 0.00689, 0.23961, 4.00511, 0.00195, 0.09939, 0.33641, 0.63915, 1.89709, 0.19150, -0.01048, 1.38028, 0.53313, 0.06137, 0.03901, 0.34225, 0.14082, 0.00511, 0.00602 
 3420.0, 6.70011, 0.20196, 1.31807, 2.06955, 0.00166, 0.11344, 3.64597, 0.01362, 0.14063, 0.26903, 0.09519, 0.18042, 0.00904, 0.00544, 0.12397, 0.07955, 0.01102, 0.02549, 0.36737, 0.05109, -0.00252, 0.00406 
 3480.0, 7.16233, 0.18693, 1.22965, 2.22883, 0.00430, 0.14472, 3.67751, 0.01992, 0.15859, 0.24446, 0.16017, 0.44032, 0.05168, -0.00020, 0.32526, 0.13803, 0.02234, 0.04306, 0.26528, 0.04059, -0.00201, -0.00097 
 3540.0, 13.64995, 0.21825, 1.63978, 6.38697, 0.00023, 0.22489, 3.97325, 0.02192, 0.10244, 0.29031, 0.54269, 1.62114, 0.17492, -0.01060, 1.14636, 0.46688, 0.06807, 0.05991, 0.28070, 0.17882, 0.00447, 0.00387 
 3600.0, 6.95369, 0.18022, 0.98783, 1.82985, 0.00322, 0.10128, 3.50011, 0.00453, 0.41402, 0.26155, 0.07206, 0.18012, 0.03048, 0.00191, 0.15156, 0.06094, -0.00136, 0.03203, 0.16578, 0.05671, 0.00165, 0.00306 
 3660.0, 6.70103, 0.18440, 0.90660, 1.33558, 0.00362, 0.09402, 3.32752, 0.01000, 0.19842, 0.22724, 0.05116, 0.08493, 0.00882, -0.00658, 0.05334, 0.02439, 0.02261, 0.02881, 0.12364, 0.04734, 0.00024, 0.00850 
 3720.0, 8.46113, 0.20875, 1.19511, 4.61892, 0.00618, 0.15625, 3.53810, -0.00570, 0.15482, 0.19957, 0.31889, 1.08314, 0.11212, -0.00967, 0.75060, 0.30422, 0.04973, 0.01766, 0.12919, 0.11054, 0.00441, 0.00443 
 3780.0, 8.49874, 0.20069, 0.89055, 1.64125, -0.00184, 0.12117, 3.33253, 0.00396, 0.54596, 0.19973, 0.14082, 0.43381, -0.00122, -0.01076, 0.29739, 0.10185, 0.01029, 0.01634, 0.09918, 0.04815, 0.00227, -0.00004 
 3840.0, 9.00439, 0.20924, 0.86247, 1.93258, 0.00462, 0.12036, 3.34705, 0.00264, 0.15867, 0.23725, 0.03497, 0.17038, 0.02741, -0.01046, 0.16165, 0.07988, -0.00804, 0.01828, 0.10044, 0.08601, -0.00070, 0.00130 
 3900.0, 8.70750, 0.19924, 0.90012, 1.87022, 0.00370, 0.09903, 3.30761, 0.00479, 0.23652, 0.24643, 0.09965, 0.27790, 0.04220, 0.01316, 0.18833, 0.09556, 0.01131, 0.01839, 0.07798, 0.05630, -0.00252, 0.00231 
 3960.0, -9999.00000, -9999.00000, -9999.00000, -9999.00000, -9999.00000, -9999.00000, -9999.00000, -9999.00000, -9999.00000, -9999.00000, -9999.00000, -9999.00000, -9999.00000, -9999.00000, -9999.00000, -9999.00000, -9999.00000, -9999.00000, -9999.00000, -9999.00000, -9999.00000, -9999.00000 
 4020.0, 36.02201, 0.20581, 1.36989, 3.60074, 0.00345, 0.19160, 3.62727, 0.00875, 0.03461, 0.27431, 0.19278, 0.51126, 0.04527, 0.02043, 0.35763, 0.21568, 0.06186, 0.05883, 0.19813, 0.27629, 0.00121, 0.00071 
 4080.0, 15.02632, 0.20486, 1.48589, 2.55813, 0.00151, 0.17058, 3.72363, 0.01289, 0.18281, 0.25326, 0.17496, 0.36833, 0.05960, -0.00157, 0.31480, 0.17150, 0.05884, 0.03604, 0.23821, 0.20593, 0.00217, 0.00181 
 4140.0, 8.16885, 0.19143, 0.96034, 1.74612, -0.00017, 0.11783, 3.44575, 0.01059, 0.19231, 0.24885, 0.05378, 0.16867, 0.02369, -0.00967, 0.11173, 0.04439, 0.02534, 0.04519, 0.30742, 0.06326, 0.00192, 0.00043 
 4200.0, 8.77831, 0.20459, 1.05270, 1.97288, 0.00618, 0.15384, 3.49453, -0.00535, 0.32277, 0.29491, 0.04280, 0.14353, 0.02076, -0.01103, 0.08207, 0.04785, 0.00956, 0.02317, 0.26947, 0.06204, 0.00490, 0.00816 
 4260.0, 9.80310, 0.19170, 1.26936, 1.52179, 0.00219, 0.14517, 3.53079, 0.01586, 0.23971, 0.31588, 0.07685, 0.30633, 0.00456, 0.00499, 0.17768, 0.06998, 0.03384, 0.02336, 0.25330, 0.07425, 0.00561, 0.00783 
 4320.0, 8.51577, 0.18895, 0.87608, 1.26890, 0.00106, 0.14767, 3.38358, 0.01914, 0.36365, 0.25314, -0.00040, 0.10166, 0.01886, -0.00447, 0.06451, 0.03300, 0.01826, 0.02252, 0.25309, 0.06074, 0.00119, 0.00835 
 4380.0, 6.35342, 0.19238, 0.84151, 1.78162, 0.00461, 0.14099, 3.17071, 0.01541, 0.25169, 0.20058, 0.12547, 0.28964, 0.03875, -0.00827, 0.25714, 0.15331, -0.00323, 0.02115, 0.19083, 0.03140, 0.00558, -0.00125 
 4440.0, 8.19216, 0.21806, 1.03389, 2.96514, 0.00059, 0.14603, 3.41734, 0.00199, 0.26367, 0.19419, 0.26725, 0.68716, 0.07167, -0.01119, 0.55487, 0.25717, 0.01736, 0.03478, 0.09118, 0.08083, -0.00036, 0.00543 
 4500.0, 6.69508, 0.20091, 0.77352, 2.38643, -0.00010, 0.12091, 3.24051, 0.01231, 0.05147, 0.16539, 0.13102, 0.38785, 0.04054, -0.01087, 0.30429, 0.14533, 0.00706, 0.01492, 0.16945, 0.06072, -0.00041, -0.00023 
