CampaignData_and_Merges/R0/CSL_MobileLab_Parked/raw/20240715/USOS-PTR_MobileLabGround_20240715_R0.ict
58, 1001
Matthew Coggon, Kelvin Bates, Chelsea Stockwell, Carsten Warneke
NOAA ESRL Chemical Sciences Division
NOAA PTR-ToF-MS
USOS
1,1 
2024, 07, 15, 2025, 09, 19
0
Time_Start, seconds, number of seconds from 00:00 UTC 
22
1, 1, 1, 1, 1, 1, 1, 1, 1, 1, 1, 1, 1, 1, 1, 1, 1, 1, 1, 1, 1, 1
-9999, -9999, -9999, -9999, -9999, -9999, -9999, -9999, -9999, -9999, -9999, -9999, -9999, -9999, -9999, -9999, -9999, -9999, -9999, -9999, -9999, -9999
CH3OH_NOAAPTR_ppbv,  ppbv, Gas_CH3OH_InSitu_S_AVMR, (CH3OH) methanol
CH3CN_NOAAPTR_ppbv,  ppbv, Gas_CH3CN_InSitu_S_AVMR, (CH3CN) acetonitrile
CH3CHO_NOAAPTR_ppbv,  ppbv, Gas_CH3CHO_InSitu_S_AVMR, (CH3CHO) acetaldehyde plus contributions from ethylene glycol and ethylene oxide. Interference from ethanol has been subtracted out.
C2H5OH_NOAAPTR_ppbv,  ppbv, Gas_C2H5OH_InSitu_S_AVMR, (C2H5OH) ethanol
CH3SH_NOAAPTR_ppbv,  ppbv, Gas_CH3SH_InSitu_S_AVMR, (CH3SH) methanethiol, using calibration factor for DMS
Acrolein_NOAAPTR_ppbv,  ppbv, Gas_Acrolein_InSitu_S_AVMR, (C3H4O) acrolein
AcetonePropanal_NOAAPTR_ppbv,  ppbv, Gas_AcetoneAndPropanal_InSitu_S_AVMR, (C3H6O) sum of acetone (dominant isomer) and propanal, using calibration factor for acetone
DMS_NOAAPTR_ppbv,  ppbv, Gas_DMS_InSitu_S_AVMR, (C2H6S) dimethyl sulfide with possible small contributions from ethanethiol
C5H8_NOAAPTR_ppbv,  ppbv, Gas_Isoprene_InSitu_S_AVMR, (C5H8) isoprene and possible fragments from cycloalkanes and aldehydes. Interferences have been subtracted following methods described by Coggon et al (2023)
MVKMAC_NOAAPTR_ppbv,  ppbv, Gas_MVKAndMAC_InSitu_S_AVMR, (C4H6O) sum of methyl vinyl ketone, methacrolein, and small amounts of crotonaldehyde, using weighted calibration factor for MVK (0.637) and MACR (0.363)
Benzene_NOAAPTR_ppbv,  ppbv, Gas_Benzene_InSitu_S_AVMR, (C6H6) benzene
Toluene_NOAAPTR_ppbv,  ppbv, Gas_Toluene_InSitu_S_AVMR, (C7H8) toluene with possible small contributions of fragments from ethyltoluene
Styrene_NOAAPTR_ppbv,  ppbv, Gas_Styrene_InSitu_S_AVMR, (C8H8) styrene
Benzaldehyde_NOAAPTR_ppbv,  ppbv, Gas_Benzaldehyde_InSitu_S_AVMR, (C7H6O) benzaldehyde
C8Aromatics_NOAAPTR_ppbv,  ppbv, Gas_C8Aromatics_InSitu_M_AVMR, (C8H10) sum of m-xylene, p-xylene, o-xylene, and ethyl benzene
C9Aromatics_NOAAPTR_ppbv,  ppbv, Gas_C9Aromatics_InSitu_M_AVMR, (C9H12) sum of C9 aromatics
Naphthalene_NOAAPTR_ppbv,  ppbv, Gas_Naphthalene_InSitu_S_AVMR, (C10H8) naphthalene
Octanal_NOAAPTR_ppbv,  ppbv, Gas_Octanal_InSitu_S_AVMR, (C8H16O) octanal and small amounts of octanone
Monoterpenes_NOAAPTR_ppbv,  ppbv, Gas_Monoterpenes_InSitu_M_AVMR, (C10H16) sum of monoterpenes and possible contributions from fragments of oxygenated monoterpenoids such as eucalyptol.
Nonanal_NOAAPTR_ppbv,  ppbv, Gas_Nonanal_InSitu_M_AVMR, (C9H18O) nonanal and small amounts of nonanone
C7H4ClF3_NOAAPTR_ppbv,  ppbv, Gas_C7H4ClF3_InSitu_S_AVMR, (C7H4ClF3) parachlorobenzotrifluoride
C10H30O5Si5_NOAAPTR_ppbv,  ppbv, Gas_C10H30O5Si5_InSitu_S_AVMR, (C10H30O5Si5) decamethylcyclopentasiloxane
1
SPECIAL COMMENTS:N/A
21
PI_CONTACT_INFO: NOAA ESRL Chemical Sciences Division, Tropospheric Chemistry Group. 325 Broadway, R/CSD7, Boulder, CO 80305
PLATFORM: Mobile Laboratory.
LOCATION: Salt Lake City, UT
ASSOCIATED_DATA: N/A
INSTRUMENT_INFO: NOAA PTR-ToF-MS measurements on NOAA CSL Mobile Lab
DATA_INFO: Units: ppbv
UNCERTAINTY: See OTHER_COMMENTS
ULOD_FLAG: -7777
ULOD_VALUE: N/A
LLOD_FLAG: -8888
LLOD_VALUE: N/A.
DM_CONTACT_INFO: Data Managers: Matt Coggon, Kelvin Bates, Chelsea Stockwell; email: matthew.m.coggon@noaa.gov and kelvin.bates@colorado.edu
PROJECT_INFO: USOS Deployment July-August, 2024
STIPULATIONS_ON_USE: Use of these data require prior OK from PI.
OTHER_COMMENTS: Uncertainties:
CH3OH_NOAAPTR_ppbv:30%; CH3CN_NOAAPTR_ppbv:30%; CH3CHO_NOAAPTR_ppbv:30%; C2H5OH_NOAAPTR_ppbv:30%; CH3SH_NOAAPTR_ppbv:50%; Acrolein_NOAAPTR_ppbv:30%; AcetonePropanal_NOAAPTR_ppbv:30%; DMS_NOAAPTR_ppbv:30%; C5H8_NOAAPTR_ppbv:30%; MVKMAC_NOAAPTR_ppbv:30%; 
Benzene_NOAAPTR_ppbv:30%; Toluene_NOAAPTR_ppbv:30%; Styrene_NOAAPTR_ppbv:30%; Benzaldehyde_NOAAPTR_ppbv:30%; C8Aromatics_NOAAPTR_ppbv:30%; C9Aromatics_NOAAPTR_ppbv:30%; Naphthalene_NOAAPTR_ppbv:30%; Octanal_NOAAPTR_ppbv:30%; Monoterpenes_NOAAPTR_ppbv:30%; Nonanal_NOAAPTR_ppbv:30%; 
C7H4ClF3_NOAAPTR_ppbv:30%; C10H30O5Si5_NOAAPTR_ppbv:30%; 
REVISION: R0
R0: Calibrated PTR Data. See individual species comments for details about measurement uncertainties
Time_Start, CH3OH_NOAAPTR_ppbv, CH3CN_NOAAPTR_ppbv, CH3CHO_NOAAPTR_ppbv, C2H5OH_NOAAPTR_ppbv, CH3SH_NOAAPTR_ppbv, Acrolein_NOAAPTR_ppbv, AcetonePropanal_NOAAPTR_ppbv, DMS_NOAAPTR_ppbv, C5H8_NOAAPTR_ppbv, MVKMAC_NOAAPTR_ppbv, Benzene_NOAAPTR_ppbv, Toluene_NOAAPTR_ppbv, Styrene_NOAAPTR_ppbv, Benzaldehyde_NOAAPTR_ppbv, C8Aromatics_NOAAPTR_ppbv, C9Aromatics_NOAAPTR_ppbv, Naphthalene_NOAAPTR_ppbv, Octanal_NOAAPTR_ppbv, Monoterpenes_NOAAPTR_ppbv, Nonanal_NOAAPTR_ppbv, C7H4ClF3_NOAAPTR_ppbv, C10H30O5Si5_NOAAPTR_ppbv
[from data line 1346]
80760.0, 7.29614, 0.25578, 1.35174, 0.89747, -0.00096, 0.16472, 4.47105, 0.00386, 0.16114, 0.16321, -0.00103, 0.09601, -0.00043, -0.00009, 0.05572, 0.01546, -0.00040, 0.03484, 0.08556, 0.01455, 0.01042, 0.00541 
80820.0, 8.18441, 0.25594, 1.54321, 2.00187, 0.00136, 0.20146, 4.79292, 0.00788, 0.17439, 0.17546, 0.02971, 0.20417, -0.00043, -0.00009, 0.12767, 0.03851, 0.00651, 0.01203, 0.09034, 0.04567, 0.00866, 0.00370 
80880.0, 8.13583, 0.26304, 1.58816, 0.97212, 0.00336, 0.19466, 4.52163, 0.00753, 0.20871, 0.18466, 0.05992, 0.12389, -0.00043, -0.00009, 0.06549, 0.02600, 0.00203, 0.03669, 0.13996, 0.04758, 0.00375, 0.00352 
80940.0, 7.03115, 0.24795, 1.67487, 1.21402, 0.00085, 0.22262, 4.61951, 0.00541, 0.27529, 0.19029, 0.03076, 0.09722, -0.00042, -0.00009, 0.06137, 0.02217, -0.00039, 0.03118, 0.13333, 0.05319, 0.00831, 0.00316 
81000.0, 7.78154, 0.25756, 1.61705, 1.25662, 0.00302, 0.19027, 4.60207, 0.00751, 0.24351, 0.19743, 0.00341, 0.11982, -0.00042, -0.00009, 0.04378, 0.02276, -0.00016, 0.04601, 0.14220, 0.02761, 0.00942, 0.00243 
81060.0, 8.05520, 0.26252, 1.73979, 0.99363, 0.00468, 0.21186, 7.54972, 0.02612, 0.22590, 0.18028, -0.00104, 0.10749, -0.00042, -0.00009, 0.05241, 0.01870, 0.00062, 0.04123, 0.11705, 0.04992, 0.00633, 0.00609 
81120.0, 7.08657, 0.25488, 1.30764, 0.51545, 0.00268, 0.17563, 4.25135, 0.01503, 0.02610, 0.13768, -0.00104, 0.05925, -0.00042, 0.00030, 0.01487, 0.01110, 0.00398, 0.02150, 0.03939, 0.05252, 0.00254, 0.00406 
81180.0, 5.86135, 0.25834, 1.03035, 0.70614, -0.00020, 0.15830, 4.26464, 0.00658, 0.02399, 0.13118, -0.00104, 0.04894, -0.00042, -0.00009, 0.02042, 0.00721, 0.01699, 0.01420, 0.04203, 0.01582, 0.00928, 0.00286 
81240.0, 6.17590, 0.24269, 1.19800, 0.79745, 0.00083, 0.11442, 4.22839, 0.00938, 0.01986, 0.13793, -0.00104, 0.03462, -0.00042, -0.00009, 0.01672, 0.00878, -0.00039, 0.00998, 0.01460, 0.01376, 0.00984, 0.00257 
81300.0, 5.59090, 0.21941, -9999.00000, 0.52338, -0.00039, 0.14278, 4.30828, 0.00047, -9999.00000, 0.14769, 0.00849, 0.03460, -0.00041, -0.00009, 0.01866, 0.01115, -0.00039, 0.00690, 0.01964, 0.01988, 0.00967, -0.00019 
81360.0, -9999.00000, -9999.00000, -9999.00000, -9999.00000, -9999.00000, -9999.00000, -9999.00000, -9999.00000, -9999.00000, -9999.00000, -9999.00000, -9999.00000, -9999.00000, -9999.00000, -9999.00000, -9999.00000, -9999.00000, -9999.00000, -9999.00000, -9999.00000, -9999.00000, -9999.00000 
81420.0, -9999.00000, -9999.00000, -9999.00000, -9999.00000, -9999.00000, -9999.00000, -9999.00000, -9999.00000, -9999.00000, -9999.00000, -9999.00000, -9999.00000, -9999.00000, -9999.00000, -9999.00000, -9999.00000, -9999.00000, -9999.00000, -9999.00000, -9999.00000, -9999.00000, -9999.00000 
81480.0, -9999.00000, -9999.00000, -9999.00000, -9999.00000, -9999.00000, -9999.00000, -9999.00000, -9999.00000, -9999.00000, -9999.00000, -9999.00000, -9999.00000, -9999.00000, -9999.00000, -9999.00000, -9999.00000, -9999.00000, -9999.00000, -9999.00000, -9999.00000, -9999.00000, -9999.00000 
81540.0, -9999.00000, -9999.00000, -9999.00000, -9999.00000, -9999.00000, -9999.00000, -9999.00000, -9999.00000, -9999.00000, -9999.00000, -9999.00000, -9999.00000, -9999.00000, -9999.00000, -9999.00000, -9999.00000, -9999.00000, -9999.00000, -9999.00000, -9999.00000, -9999.00000, -9999.00000 
81600.0, -9999.00000, -9999.00000, -9999.00000, -9999.00000, -9999.00000, -9999.00000, -9999.00000, -9999.00000, -9999.00000, -9999.00000, -9999.00000, -9999.00000, -9999.00000, -9999.00000, -9999.00000, -9999.00000, -9999.00000, -9999.00000, -9999.00000, -9999.00000, -9999.00000, -9999.00000 
81660.0, -9999.00000, -9999.00000, -9999.00000, -9999.00000, -9999.00000, -9999.00000, -9999.00000, -9999.00000, -9999.00000, -9999.00000, -9999.00000, -9999.00000, -9999.00000, -9999.00000, -9999.00000, -9999.00000, -9999.00000, -9999.00000, -9999.00000, -9999.00000, -9999.00000, -9999.00000 
81720.0, -9999.00000, -9999.00000, -9999.00000, -9999.00000, -9999.00000, -9999.00000, -9999.00000, -9999.00000, -9999.00000, -9999.00000, -9999.00000, -9999.00000, -9999.00000, -9999.00000, -9999.00000, -9999.00000, -9999.00000, -9999.00000, -9999.00000, -9999.00000, -9999.00000, -9999.00000 
81780.0, -9999.00000, -9999.00000, -9999.00000, -9999.00000, -9999.00000, -9999.00000, -9999.00000, -9999.00000, -9999.00000, -9999.00000, -9999.00000, -9999.00000, -9999.00000, -9999.00000, -9999.00000, -9999.00000, -9999.00000, -9999.00000, -9999.00000, -9999.00000, -9999.00000, -9999.00000 
81840.0, -9999.00000, -9999.00000, -9999.00000, -9999.00000, -9999.00000, -9999.00000, -9999.00000, -9999.00000, -9999.00000, -9999.00000, -9999.00000, -9999.00000, -9999.00000, -9999.00000, -9999.00000, -9999.00000, -9999.00000, -9999.00000, -9999.00000, -9999.00000, -9999.00000, -9999.00000 
81900.0, -9999.00000, -9999.00000, -9999.00000, -9999.00000, -9999.00000, -9999.00000, -9999.00000, -9999.00000, -9999.00000, -9999.00000, -9999.00000, -9999.00000, -9999.00000, -9999.00000, -9999.00000, -9999.00000, -9999.00000, -9999.00000, -9999.00000, -9999.00000, -9999.00000, -9999.00000 
81960.0, 6.14684, 0.24390, -9999.00000, 0.46757, 0.00042, 0.15939, 4.11868, 0.00484, -9999.00000, 0.16439, -0.00102, 0.05974, -0.00040, -0.00010, 0.04117, 0.05558, -0.00038, 0.02060, 0.05627, 0.02055, 0.00654, 0.00187 
82020.0, 7.02463, 0.26786, 1.18812, 0.96810, 0.00273, 0.11962, 4.66959, 0.00904, 0.17129, 0.16684, -0.00102, 0.08025, -0.00039, -0.00010, 0.03882, 0.02891, -0.00038, 0.00989, 0.11632, 0.02988, 0.00080, 0.00175 
82080.0, 6.30871, 0.23869, 1.09361, 0.71662, 0.00114, 0.12544, 4.21704, -0.00145, 0.14595, 0.15082, -0.00102, 0.04608, 0.00480, -0.00010, 0.02892, 0.01196, -0.00037, 0.02855, 0.08137, 0.03788, -0.00032, 0.00111 
82140.0, 6.75226, 0.24770, 1.01626, 0.55863, 0.00079, 0.13846, 4.13201, 0.00714, 0.13554, 0.14964, -0.00102, 0.06013, -0.00039, -0.00010, 0.01442, 0.02003, -0.00037, 0.01883, 0.10191, 0.02947, 0.00811, 0.00131 
82200.0, 7.52434, 0.24256, 1.18672, 0.55661, 0.00130, 0.14227, 5.01828, 0.00192, 0.09984, 0.14546, -0.00101, 0.06685, -0.00039, -0.00010, 0.02020, 0.01612, -0.00037, 0.01334, 0.10515, 0.03283, -0.00123, 0.00334 
82260.0, 6.62817, 0.23707, 1.16468, 0.78982, 0.00114, 0.17008, 4.25357, 0.02840, 0.10100, 0.14096, -0.00101, 0.04604, -0.00039, -0.00010, 0.01653, 0.01109, -0.00037, 0.02164, 0.11382, 0.04052, -0.00220, 0.00066 
82320.0, 5.54609, 0.24987, 1.08756, 0.56696, -0.00069, 0.13173, 4.10916, 0.03153, 0.05396, 0.14009, -0.00101, 0.04431, -0.00039, -0.00010, 0.02479, 0.01803, 0.00559, 0.02047, 0.11932, 0.01260, 0.00423, 0.00111 
82380.0, 6.31406, 0.24955, 1.19286, 0.46058, 0.00130, 0.14131, 4.23340, 0.01166, 0.00000, 0.12378, 0.00101, 0.05187, -0.00038, -0.00010, 0.03588, 0.01145, -0.00037, 0.01561, 0.04197, 0.03450, 0.01294, 0.00126 
82440.0, 5.90660, 0.25437, 1.13718, 0.55516, -0.00096, 0.12875, 4.16448, 0.00686, 0.10165, 0.14047, 0.02782, 0.06385, -0.00038, -0.00010, 0.02884, 0.01427, -0.00037, 0.01427, 0.03227, 0.01961, 0.00717, 0.00113 
82500.0, 6.47684, 0.23888, 1.26563, 0.63160, 0.00039, 0.12667, 4.26173, 0.00978, 0.04737, 0.14211, 0.04435, 0.08494, -0.00038, -0.00010, 0.04010, 0.01755, -0.00037, 0.01937, 0.03617, 0.01143, 0.00753, 0.00070 
82560.0, 5.99711, 0.25880, 1.38901, 0.58518, 0.00118, 0.14546, 4.34854, 0.01230, 0.10591, 0.15375, 0.00765, 0.04817, -0.00038, -0.00010, 0.04367, 0.01787, -0.00037, 0.01300, 0.03533, 0.03526, 0.00533, 0.00011 
82620.0, 7.48146, 0.24124, 1.61921, 1.10912, 0.00379, 0.19670, 4.84578, 0.01414, 0.18455, 0.18239, 0.01797, 0.11538, 0.00340, -0.00010, 0.04787, 0.03104, -0.00037, 0.01882, 0.08885, 0.05984, 0.00325, 0.00562 
82680.0, 8.49968, 0.25880, 1.95585, 1.36353, 0.00198, 0.21721, 4.95440, 0.02774, 0.30683, 0.22529, 0.01891, 0.14776, -0.00038, -0.00010, 0.08116, 0.02881, -0.00037, 0.03025, 0.11343, 0.03788, 0.00087, 0.00077 
82740.0, 6.48881, 0.24491, 1.75591, 1.14722, 0.00041, 0.20363, 4.51638, 0.01648, 0.22663, 0.17880, 0.02022, 0.17275, -0.00038, -0.00011, 0.09110, 0.03300, -0.00036, 0.01677, 0.10717, 0.03252, 0.00244, 0.00552 
82800.0, 7.63151, 0.27113, 1.76211, 1.33164, 0.00270, 0.19532, 5.63912, 0.00271, 0.15144, 0.18116, 0.03869, 0.15710, -0.00037, -0.00011, 0.06376, 0.02680, -0.00036, 0.01231, 0.12476, 0.02816, 0.00315, 0.00536 
82860.0, 6.60228, 0.23873, 1.65870, 0.83060, -0.00097, 0.16674, 4.45720, 0.01214, 0.14401, 0.18724, 0.01477, 0.11196, -0.00037, -0.00011, 0.05482, 0.02848, -0.00036, 0.02905, 0.13816, 0.02167, 0.01056, 0.00316 
82920.0, 6.45727, 0.25901, 1.65403, 1.01970, 0.00202, 0.18659, 4.50753, -0.00332, 0.17020, 0.17355, 0.04399, 0.16129, -0.00037, -0.00011, 0.06635, 0.03218, 0.00120, 0.01203, 0.08771, 0.02881, 0.00845, 0.00348 
82980.0, 7.75699, 0.26570, 1.80810, 1.15882, 0.00538, 0.23849, 4.88917, -0.00332, 0.20408, 0.19526, 0.02299, 0.14418, 0.00505, -0.00011, 0.08641, 0.03650, -0.00036, 0.02984, 0.14541, 0.04719, 0.00346, 0.00309 
83040.0, 8.46627, 0.26212, 1.94670, 1.51183, 0.00447, 0.22991, 4.86864, 0.01609, 0.29379, 0.24390, 0.03715, 0.19328, -0.00037, -0.00011, 0.07922, 0.03761, -0.00036, 0.02801, 0.14121, 0.03981, 0.00326, 0.00072 
83100.0, 9.10494, 0.26397, 2.00955, 1.78541, 0.00372, 0.25387, 5.00917, 0.01111, 0.42897, 0.30075, -0.00097, 0.21132, -0.00037, -0.00011, 0.08631, 0.03265, 0.01073, 0.04330, 0.18380, 0.04069, 0.01006, 0.00136 
83160.0, 7.70870, 0.25095, 1.60923, 1.06215, 0.00130, 0.19265, 4.64965, 0.00869, 0.24035, 0.21240, 0.01640, 0.15502, 0.01100, -0.00011, 0.06078, 0.02922, -0.00036, 0.04331, 0.09630, 0.03431, -0.00139, 0.00113 
83220.0, 8.16170, 0.25931, 1.91868, 1.84963, 0.00160, 0.23074, 4.95440, 0.00404, 0.22905, 0.21303, 0.03989, 0.23208, -0.00036, -0.00011, 0.10135, 0.05595, -0.00036, 0.03659, 0.07717, 0.04356, 0.00658, 0.00250 
83280.0, 7.12284, 0.25886, 1.74224, 0.65551, 0.00188, 0.17088, 4.56293, 0.00813, 0.14864, 0.20176, 0.03044, 0.15377, 0.00134, -0.00011, 0.06722, 0.03397, 0.00191, 0.02470, 0.03552, 0.04563, 0.01483, 0.00176 
83340.0, 8.26946, 0.25773, 1.81702, 1.18670, -0.00004, 0.17465, 4.62459, 0.00097, 0.17898, 0.20920, 0.00890, 0.15000, -0.00036, -0.00011, 0.06716, 0.03379, -0.00036, 0.02512, 0.06183, 0.02138, 0.00432, 0.00200 
83400.0, 9.47315, 0.28075, 1.98297, 1.55489, 0.00402, 0.22166, 5.37666, 0.00557, 0.18878, 0.24806, 0.04965, 0.22373, -0.00036, -0.00011, 0.09441, 0.03015, 0.00371, 0.03552, 0.10259, 0.06588, 0.00615, 0.00367 
83460.0, 8.21668, 0.25385, 1.76178, 1.21425, 0.00536, 0.18397, 4.74529, 0.00827, 0.35631, 0.26251, 0.01975, 0.15373, -0.00036, -0.00011, 0.06818, 0.03201, -0.00035, 0.03549, 0.11354, 0.04143, 0.00589, 0.00192 
83520.0, 7.06094, 0.24853, 1.54980, 0.97843, 0.00206, 0.17170, 4.42816, 0.00374, 0.37035, 0.25041, 0.01357, 0.13992, -0.00035, -0.00011, 0.04540, 0.02097, -0.00035, 0.03406, 0.09009, 0.02836, 0.00856, 0.00293 
83580.0, 8.48362, 0.25066, 1.74305, 1.21426, 0.00262, 0.22020, 4.50238, 0.01590, 0.50890, 0.26244, 0.02487, 0.15242, -0.00035, -0.00011, 0.07424, 0.04281, -0.00035, 0.02076, 0.10530, 0.05102, 0.00777, 0.00335 
83640.0, 7.43384, 0.27206, 1.65139, 1.25610, 0.00652, 0.18379, 5.04391, 0.01465, 0.41919, 0.23311, -0.00094, 0.14507, 0.00220, -0.00011, 0.08082, 0.03448, -0.00035, 0.01494, 0.09185, 0.04419, 0.00252, 0.00351 
83700.0, 7.42922, 0.24706, 1.59642, 1.56843, 0.00375, 0.23700, 4.59466, 0.00015, 0.36893, 0.22089, 0.02868, 0.11933, 0.00518, -0.00012, 0.06532, 0.03014, 0.00136, 0.01899, 0.14865, 0.03949, 0.00071, 0.00354 
83760.0, 8.50519, 0.25395, 1.57721, 1.44295, 0.00798, 0.19225, 4.44960, 0.00408, 0.43101, 0.23342, 0.07313, 0.18251, -0.00035, -0.00012, 0.10364, 0.02990, -0.00035, 0.03802, 0.13039, 0.03762, 0.01645, 0.00216 
83820.0, 10.79091, 0.26582, 1.61340, 1.66419, 0.00868, 0.19908, 6.46583, 0.01012, 0.32834, 0.18750, -0.00093, 0.14732, -0.00035, -0.00012, 0.07634, 0.02723, -0.00035, 0.03644, 0.13860, 0.03281, 0.01091, 0.00473 
83880.0, 7.68017, 0.26030, 1.33557, 1.01357, 0.00061, 0.17532, 4.79087, 0.00441, 0.26153, 0.16474, -0.00093, 0.10157, 0.00290, -0.00012, 0.06174, 0.02904, -0.00035, 0.02643, 0.10482, 0.03113, 0.00238, 0.00225 
83940.0, 8.29504, 0.24242, 1.33234, 1.16078, 0.00122, 0.21179, 4.28421, 0.00970, 0.37281, 0.18353, -0.00093, 0.10059, 0.00959, -0.00012, 0.04786, 0.02152, -0.00035, 0.00950, 0.07583, 0.06262, 0.00328, 0.00335 
84000.0, 7.71340, 0.23865, 1.41687, 1.01046, -0.00098, 0.17724, 4.18617, 0.01904, 0.21185, 0.17650, -0.00093, 0.11220, -0.00034, -0.00012, 0.04874, 0.02062, 0.00382, 0.03076, 0.07785, 0.03956, 0.01176, -0.00027 
84060.0, 6.61830, 0.28020, 1.10214, 1.27352, 0.00043, 0.11005, 4.07444, 0.00884, 0.08375, 0.15433, 0.00432, 0.04597, -0.00034, -0.00012, 0.03062, 0.02013, -0.00034, 0.00516, 0.05417, 0.02841, 0.00610, 0.00306 
84120.0, 7.15518, 0.26223, 1.29154, 0.83801, 0.00089, 0.15314, 4.22359, -0.00199, 0.15823, 0.17631, 0.01285, 0.07344, -0.00034, -0.00012, 0.03255, 0.01024, -0.00034, 0.02120, 0.04681, 0.02613, 0.00549, 0.00175 
84180.0, 7.92251, 0.25644, 1.45087, 1.78104, 0.00340, 0.20780, 4.31871, 0.00255, 0.31729, 0.18684, -0.00092, 0.09681, -0.00034, -0.00012, 0.04781, 0.02501, -0.00034, 0.02087, 0.11060, 0.03564, 0.00450, 0.00245 
84240.0, 7.70379, 0.27326, 1.48721, 1.38508, -0.00098, 0.19375, 4.33861, 0.00943, 0.28981, 0.19403, -0.00091, 0.12153, 0.00818, -0.00012, 0.04426, 0.02072, 0.00839, 0.01564, 0.11728, 0.02790, 0.00864, 0.00270 
84300.0, 8.64298, 0.25832, 1.39361, 1.82932, 0.00200, 0.17639, 4.27757, 0.01772, 0.32983, 0.21029, -0.00091, 0.09480, -0.00033, -0.00012, 0.04514, 0.01871, 0.00372, 0.04041, 0.13319, 0.02126, 0.01395, 0.00211 
84360.0, 7.22901, 0.23342, 1.31476, 1.71625, -0.00098, 0.18730, 4.25662, 0.00450, 0.23348, 0.18044, -0.00091, 0.09906, -0.00033, -0.00012, 0.03544, 0.02188, 0.00140, 0.02556, 0.08302, 0.02254, 0.00831, 0.00053 
84420.0, 7.94074, 0.25312, 1.43565, 1.27796, 0.00138, 0.17557, 4.32430, 0.01088, 0.22008, 0.20199, 0.04467, 0.11076, 0.00706, -0.00012, 0.05126, 0.01760, 0.00138, 0.04026, 0.09734, 0.05144, 0.01653, 0.00104 
84480.0, 6.92197, 0.25439, 1.19258, 1.24062, 0.00220, 0.14955, 4.14026, 0.00811, 0.21578, 0.15210, 0.02342, 0.08722, -0.00033, -0.00012, 0.02920, 0.00846, 0.00455, 0.02729, 0.06561, 0.01239, 0.00129, 0.00167 
84540.0, 6.95447, 0.25230, 1.22317, 0.66227, 0.00342, 0.12203, 4.02807, 0.00322, 0.09122, 0.16058, 0.00628, 0.07696, -0.00033, -0.00012, 0.03554, 0.01183, -0.00034, 0.01917, 0.05163, 0.02898, 0.00964, 0.00189 
84600.0, 7.56160, 0.26573, 1.47843, 0.84713, 0.00156, 0.17074, 4.33966, 0.01586, 0.11360, 0.18410, -0.00090, 0.10259, -0.00033, -0.00012, 0.03514, 0.01656, 0.00259, 0.01927, 0.08038, 0.02272, 0.00857, 0.00536 
84660.0, 7.43823, 0.23978, 1.32429, 0.73310, 0.00195, 0.18648, 4.20566, 0.00328, 0.12327, 0.17479, -0.00089, 0.09775, -0.00033, -0.00013, 0.03981, 0.01336, -0.00034, 0.01445, 0.06442, 0.03508, 0.00661, 0.00204 
84720.0, 6.91666, 0.25513, 1.33936, 0.87002, 0.00135, 0.17312, 4.25577, 0.00275, 0.13499, 0.18771, -0.00089, 0.09080, 0.01337, -0.00013, 0.04302, 0.02575, -0.00033, 0.00833, 0.09067, 0.02890, 0.00281, 0.00214 
84780.0, 6.35365, 0.27443, 1.42850, 1.01204, 0.00523, 0.14298, 4.83563, 0.01017, 0.11322, 0.22652, -0.00089, 0.14347, -0.00032, -0.00013, 0.08322, 0.02477, -0.00033, 0.02228, 0.05789, 0.04273, 0.00316, 0.00240 
84840.0, 7.67731, 0.26655, 1.53180, 1.78215, 0.00344, 0.21261, 4.62353, 0.02098, 0.20588, 0.21806, -0.00089, 0.13031, -0.00032, -0.00013, 0.05870, 0.02043, -0.00033, 0.01610, 0.13236, 0.02901, 0.00530, 0.00765 
84900.0, 7.33885, 0.24509, 1.48499, 1.07688, 0.00294, 0.18223, 5.01718, 0.01087, 0.31827, 0.21688, -0.00088, 0.12197, -0.00032, -0.00013, 0.06548, 0.02321, -0.00033, 0.02024, 0.09708, 0.01114, 0.01429, 0.00033 
84960.0, 7.32995, 0.23798, 1.34760, 1.30753, 0.00082, 0.17366, 4.45615, 0.01673, 0.15398, 0.21730, 0.01400, 0.15085, 0.00352, -0.00013, 0.05777, 0.02739, -0.00033, 0.01859, 0.09724, 0.04853, 0.00296, 0.00137 
