CampaignData_and_Merges/R0/CSL_MobileLab_Parked/raw/20240715/USOS-PTR_MobileLabGround_20240715_R0.ict
58, 1001
Matthew Coggon, Kelvin Bates, Chelsea Stockwell, Carsten Warneke
NOAA ESRL Chemical Sciences Division
NOAA PTR-ToF-MS
USOS
1,1 
2024, 07, 15, 2025, 09, 19
0
Time_Start, seconds, number of seconds from 00:00 UTC 
22
1, 1, 1, 1, 1, 1, 1, 1, 1, 1, 1, 1, 1, 1, 1, 1, 1, 1, 1, 1, 1, 1
-9999, -9999, -9999, -9999, -9999, -9999, -9999, -9999, -9999, -9999, -9999, -9999, -9999, -9999, -9999, -9999, -9999, -9999, -9999, -9999, -9999, -9999
CH3OH_NOAAPTR_ppbv,  ppbv, Gas_CH3OH_InSitu_S_AVMR, (CH3OH) methanol
CH3CN_NOAAPTR_ppbv,  ppbv, Gas_CH3CN_InSitu_S_AVMR, (CH3CN) acetonitrile
CH3CHO_NOAAPTR_ppbv,  ppbv, Gas_CH3CHO_InSitu_S_AVMR, (CH3CHO) acetaldehyde plus contributions from ethylene glycol and ethylene oxide. Interference from ethanol has been subtracted out.
C2H5OH_NOAAPTR_ppbv,  ppbv, Gas_C2H5OH_InSitu_S_AVMR, (C2H5OH) ethanol
CH3SH_NOAAPTR_ppbv,  ppbv, Gas_CH3SH_InSitu_S_AVMR, (CH3SH) methanethiol, using calibration factor for DMS
Acrolein_NOAAPTR_ppbv,  ppbv, Gas_Acrolein_InSitu_S_AVMR, (C3H4O) acrolein
AcetonePropanal_NOAAPTR_ppbv,  ppbv, Gas_AcetoneAndPropanal_InSitu_S_AVMR, (C3H6O) sum of acetone (dominant isomer) and propanal, using calibration factor for acetone
DMS_NOAAPTR_ppbv,  ppbv, Gas_DMS_InSitu_S_AVMR, (C2H6S) dimethyl sulfide with possible small contributions from ethanethiol
C5H8_NOAAPTR_ppbv,  ppbv, Gas_Isoprene_InSitu_S_AVMR, (C5H8) isoprene and possible fragments from cycloalkanes and aldehydes. Interferences have been subtracted following methods described by Coggon et al (2023)
MVKMAC_NOAAPTR_ppbv,  ppbv, Gas_MVKAndMAC_InSitu_S_AVMR, (C4H6O) sum of methyl vinyl ketone, methacrolein, and small amounts of crotonaldehyde, using weighted calibration factor for MVK (0.637) and MACR (0.363)
Benzene_NOAAPTR_ppbv,  ppbv, Gas_Benzene_InSitu_S_AVMR, (C6H6) benzene
Toluene_NOAAPTR_ppbv,  ppbv, Gas_Toluene_InSitu_S_AVMR, (C7H8) toluene with possible small contributions of fragments from ethyltoluene
Styrene_NOAAPTR_ppbv,  ppbv, Gas_Styrene_InSitu_S_AVMR, (C8H8) styrene
Benzaldehyde_NOAAPTR_ppbv,  ppbv, Gas_Benzaldehyde_InSitu_S_AVMR, (C7H6O) benzaldehyde
C8Aromatics_NOAAPTR_ppbv,  ppbv, Gas_C8Aromatics_InSitu_M_AVMR, (C8H10) sum of m-xylene, p-xylene, o-xylene, and ethyl benzene
C9Aromatics_NOAAPTR_ppbv,  ppbv, Gas_C9Aromatics_InSitu_M_AVMR, (C9H12) sum of C9 aromatics
Naphthalene_NOAAPTR_ppbv,  ppbv, Gas_Naphthalene_InSitu_S_AVMR, (C10H8) naphthalene
Octanal_NOAAPTR_ppbv,  ppbv, Gas_Octanal_InSitu_S_AVMR, (C8H16O) octanal and small amounts of octanone
Monoterpenes_NOAAPTR_ppbv,  ppbv, Gas_Monoterpenes_InSitu_M_AVMR, (C10H16) sum of monoterpenes and possible contributions from fragments of oxygenated monoterpenoids such as eucalyptol.
Nonanal_NOAAPTR_ppbv,  ppbv, Gas_Nonanal_InSitu_M_AVMR, (C9H18O) nonanal and small amounts of nonanone
C7H4ClF3_NOAAPTR_ppbv,  ppbv, Gas_C7H4ClF3_InSitu_S_AVMR, (C7H4ClF3) parachlorobenzotrifluoride
C10H30O5Si5_NOAAPTR_ppbv,  ppbv, Gas_C10H30O5Si5_InSitu_S_AVMR, (C10H30O5Si5) decamethylcyclopentasiloxane
1
SPECIAL COMMENTS:N/A
21
PI_CONTACT_INFO: NOAA ESRL Chemical Sciences Division, Tropospheric Chemistry Group. 325 Broadway, R/CSD7, Boulder, CO 80305
PLATFORM: Mobile Laboratory.
LOCATION: Salt Lake City, UT
ASSOCIATED_DATA: N/A
INSTRUMENT_INFO: NOAA PTR-ToF-MS measurements on NOAA CSL Mobile Lab
DATA_INFO: Units: ppbv
UNCERTAINTY: See OTHER_COMMENTS
ULOD_FLAG: -7777
ULOD_VALUE: N/A
LLOD_FLAG: -8888
LLOD_VALUE: N/A.
DM_CONTACT_INFO: Data Managers: Matt Coggon, Kelvin Bates, Chelsea Stockwell; email: matthew.m.coggon@noaa.gov and kelvin.bates@colorado.edu
PROJECT_INFO: USOS Deployment July-August, 2024
STIPULATIONS_ON_USE: Use of these data require prior OK from PI.
OTHER_COMMENTS: Uncertainties:
CH3OH_NOAAPTR_ppbv:30%; CH3CN_NOAAPTR_ppbv:30%; CH3CHO_NOAAPTR_ppbv:30%; C2H5OH_NOAAPTR_ppbv:30%; CH3SH_NOAAPTR_ppbv:50%; Acrolein_NOAAPTR_ppbv:30%; AcetonePropanal_NOAAPTR_ppbv:30%; DMS_NOAAPTR_ppbv:30%; C5H8_NOAAPTR_ppbv:30%; MVKMAC_NOAAPTR_ppbv:30%; 
Benzene_NOAAPTR_ppbv:30%; Toluene_NOAAPTR_ppbv:30%; Styrene_NOAAPTR_ppbv:30%; Benzaldehyde_NOAAPTR_ppbv:30%; C8Aromatics_NOAAPTR_ppbv:30%; C9Aromatics_NOAAPTR_ppbv:30%; Naphthalene_NOAAPTR_ppbv:30%; Octanal_NOAAPTR_ppbv:30%; Monoterpenes_NOAAPTR_ppbv:30%; Nonanal_NOAAPTR_ppbv:30%; 
C7H4ClF3_NOAAPTR_ppbv:30%; C10H30O5Si5_NOAAPTR_ppbv:30%; 
REVISION: R0
R0: Calibrated PTR Data. See individual species comments for details about measurement uncertainties
Time_Start, CH3OH_NOAAPTR_ppbv, CH3CN_NOAAPTR_ppbv, CH3CHO_NOAAPTR_ppbv, C2H5OH_NOAAPTR_ppbv, CH3SH_NOAAPTR_ppbv, Acrolein_NOAAPTR_ppbv, AcetonePropanal_NOAAPTR_ppbv, DMS_NOAAPTR_ppbv, C5H8_NOAAPTR_ppbv, MVKMAC_NOAAPTR_ppbv, Benzene_NOAAPTR_ppbv, Toluene_NOAAPTR_ppbv, Styrene_NOAAPTR_ppbv, Benzaldehyde_NOAAPTR_ppbv, C8Aromatics_NOAAPTR_ppbv, C9Aromatics_NOAAPTR_ppbv, Naphthalene_NOAAPTR_ppbv, Octanal_NOAAPTR_ppbv, Monoterpenes_NOAAPTR_ppbv, Nonanal_NOAAPTR_ppbv, C7H4ClF3_NOAAPTR_ppbv, C10H30O5Si5_NOAAPTR_ppbv
[from data line 226]
13560.0, 7.05088, 0.15674, 1.21765, 1.99710, 0.00584, 0.25642, 3.42069, 0.01041, 1.92746, 0.44599, 0.09144, 0.34719, 0.04683, 0.01657, 0.13957, 0.08165, 0.03363, 0.03591, 0.43464, 0.04844, -0.00102, -0.00036 
13620.0, 6.66464, 0.17200, 1.27590, 2.39690, 0.00741, 0.19241, 3.44476, 0.00510, 1.97962, 0.45756, 0.11413, 0.47150, -0.00510, 0.00699, 0.22219, 0.09983, 0.00220, 0.03107, 0.37867, 0.04389, 0.00348, 0.00091 
13680.0, 8.64680, 0.16743, 1.39826, 6.05081, 0.00360, 0.21941, 3.54116, 0.00947, 1.92555, 0.48196, 0.32094, 1.17498, 0.09248, 0.00199, 0.67065, 0.30258, 0.02109, 0.03307, 0.41531, 0.06279, 0.00536, 0.00521 
13740.0, 10.93076, 0.17876, 1.51530, 3.53607, 0.00634, 0.24443, 3.68092, 0.00651, 1.91581, 0.48364, 0.12365, 0.52727, 0.03824, 0.01889, 0.32806, 0.18005, 0.00808, 0.05564, 0.42463, 0.06473, 0.00661, 0.00041 
13800.0, 9.20678, 0.19945, 1.69930, 13.42515, 0.00628, 0.28144, 3.65376, 0.01131, 1.86795, 0.46777, 0.92457, 2.84179, 0.19593, -0.01040, 1.85572, 0.75191, 0.04835, 0.02817, 0.42186, 0.06855, 0.00045, 0.00442 
13860.0, 10.59753, 0.16617, 1.25241, 2.03911, 0.00497, 0.22593, 3.55408, 0.01182, 1.83749, 0.49653, 0.00538, 0.41209, 0.03448, -0.01037, 0.10914, 0.05032, -0.00502, 0.01875, 0.44819, 0.03148, 0.00030, 0.00324 
13920.0, 9.72348, 0.18381, 1.70966, 12.24127, 0.00443, 0.25711, 3.76520, 0.00954, 1.92884, 0.50341, 0.77945, 2.39488, 0.12233, -0.01034, 1.60880, 0.77815, 0.06375, 0.03654, 0.48153, 0.08657, -0.00247, 0.00006 
13980.0, 8.59498, 0.19339, 1.57102, 4.66639, 0.00375, 0.28132, 3.66516, 0.01667, 2.02678, 0.49141, 0.21765, 0.73811, 0.06290, 0.00201, 0.44098, 0.19946, -0.00547, 0.02988, 0.41867, 0.03428, 0.00310, 0.00555 
14040.0, 7.82656, 0.17984, 1.57020, 3.84540, 0.00466, 0.26381, 3.66569, 0.01515, 2.01068, 0.50323, 0.08293, 0.53846, 0.03983, 0.00278, 0.23517, 0.13878, 0.00742, 0.02898, 0.41279, 0.06028, 0.00461, 0.00250 
14100.0, 9.32130, 0.18187, 1.64711, 4.69742, 0.00358, 0.26748, 3.77821, -0.00844, 2.16988, 0.63032, 0.11581, 0.43879, 0.03591, 0.00660, 0.24545, 0.09460, 0.02666, 0.02217, 0.41040, 0.05021, 0.00327, 0.00341 
14160.0, 8.06461, 0.17152, 1.64877, 3.79242, 0.00407, 0.24188, 3.69888, 0.02010, 2.06691, 0.52785, 0.07460, 0.40123, -0.00502, -0.00244, 0.16263, 0.10321, 0.00260, 0.03889, 0.39894, 0.04902, 0.00175, 0.00640 
14220.0, 9.52845, 0.21782, 1.95845, 5.47200, 0.01032, 0.35773, 3.92961, 0.00790, 1.87152, 0.63729, 0.28734, 0.72295, 0.09326, 0.01056, 0.42604, 0.23985, 0.03040, 0.05253, 0.42275, 0.09652, 0.00251, 0.00606 
14280.0, 10.17701, 0.18924, 1.90444, 4.04459, 0.00376, 0.31698, 3.98121, -0.00841, 2.20767, 0.67628, 0.11164, 0.55631, 0.05400, 0.01382, 0.25898, 0.12397, 0.03484, 0.03998, 0.40722, 0.07159, 0.00741, 0.00811 
14340.0, 8.98878, 0.17380, 1.72902, 4.22175, 0.00346, 0.30792, 3.94100, 0.01863, 2.33215, 0.67918, 0.06807, 0.37546, 0.03480, 0.01297, 0.16599, 0.07729, 0.01092, 0.02751, 0.40589, 0.07916, 0.00100, 0.00675 
14400.0, 11.03243, 0.21144, 1.75690, 3.56860, -0.00095, 0.30586, 3.89008, -0.00402, 1.96406, 0.64527, 0.14353, 0.43568, 0.01637, 0.01039, 0.18610, 0.08647, 0.00637, 0.04675, 0.42934, 0.07218, 0.00554, 0.00513 
14460.0, 11.45978, 0.22876, 1.93155, 5.07732, 0.00405, 0.30019, 4.21458, 0.00665, 1.95283, 0.68524, 0.05724, 0.54819, 0.06552, 0.02308, 0.26647, 0.14477, 0.01939, 0.04566, 0.38972, 0.11682, 0.00658, 0.00807 
14520.0, 9.05239, 0.16655, 2.09424, 5.03883, 0.00192, 0.35969, 4.41747, 0.02165, 2.09856, 0.68276, 0.14584, 0.45473, 0.03809, 0.01142, 0.20225, 0.09533, 0.02845, 0.03965, 0.57809, 0.11275, -0.00269, 0.01237 
14580.0, 10.12857, 0.19148, 2.08255, 5.49985, 0.00516, 0.32865, 4.10197, 0.01397, 1.86217, 0.62160, 0.16247, 0.62441, 0.03418, 0.01731, 0.29529, 0.16709, 0.01304, 0.03628, 0.45344, 0.09373, 0.00170, 0.01374 
14640.0, 10.10284, 0.17418, 1.96068, 3.57289, -0.00024, 0.29785, 4.09838, 0.01135, 1.97464, 0.64098, 0.08726, 0.37853, 0.03765, 0.02977, 0.16070, 0.10888, 0.02944, 0.03988, 0.42399, 0.10980, 0.00634, 0.00900 
14700.0, 11.35275, 0.19036, 2.13297, 4.12676, 0.00095, 0.27672, 4.22434, -0.00837, 1.93484, 0.60374, 0.05937, 0.40260, 0.03696, -0.00207, 0.16944, 0.10683, 0.02281, 0.03099, 0.40210, 0.14149, -0.00157, 0.00827 
14760.0, 7.98638, 0.17949, 1.76727, 3.64011, 0.00255, 0.25232, 3.87294, 0.02330, 1.79708, 0.53964, -0.00608, 0.27217, 0.02616, -0.00116, 0.09473, 0.07346, 0.01453, 0.03721, 0.40875, 0.09715, 0.00462, 0.01064 
14820.0, 9.99091, 0.16925, 2.06525, 4.74096, 0.00585, 0.29167, 4.09192, 0.01306, 1.79719, 0.58363, 0.05087, 0.43900, 0.02432, 0.02088, 0.19109, 0.10635, -0.00190, 0.01955, 0.39679, 0.10197, 0.00284, 0.01038 
14880.0, 12.90887, 0.19428, 2.10275, 8.46637, 0.00462, 0.29825, 4.16975, 0.01414, 1.81163, 0.58338, 0.36908, 1.13062, 0.07095, -0.00320, 0.67147, 0.26143, 0.02870, 0.05098, 0.39818, 0.11862, 0.00535, 0.01036 
14940.0, 7.90768, 0.18204, -9999.00000, 3.54599, 0.00072, 0.25120, 3.85539, 0.01006, -9999.00000, 0.55538, 0.02519, 0.25437, 0.01115, 0.01217, 0.11177, 0.03843, -0.00191, 0.02688, 0.32964, 0.07326, 0.00511, 0.01424 
15000.0, -9999.00000, -9999.00000, -9999.00000, -9999.00000, -9999.00000, -9999.00000, -9999.00000, -9999.00000, -9999.00000, -9999.00000, -9999.00000, -9999.00000, -9999.00000, -9999.00000, -9999.00000, -9999.00000, -9999.00000, -9999.00000, -9999.00000, -9999.00000, -9999.00000, -9999.00000 
15060.0, -9999.00000, -9999.00000, -9999.00000, -9999.00000, -9999.00000, -9999.00000, -9999.00000, -9999.00000, -9999.00000, -9999.00000, -9999.00000, -9999.00000, -9999.00000, -9999.00000, -9999.00000, -9999.00000, -9999.00000, -9999.00000, -9999.00000, -9999.00000, -9999.00000, -9999.00000 
15120.0, -9999.00000, -9999.00000, -9999.00000, -9999.00000, -9999.00000, -9999.00000, -9999.00000, -9999.00000, -9999.00000, -9999.00000, -9999.00000, -9999.00000, -9999.00000, -9999.00000, -9999.00000, -9999.00000, -9999.00000, -9999.00000, -9999.00000, -9999.00000, -9999.00000, -9999.00000 
15180.0, -9999.00000, -9999.00000, -9999.00000, -9999.00000, -9999.00000, -9999.00000, -9999.00000, -9999.00000, -9999.00000, -9999.00000, -9999.00000, -9999.00000, -9999.00000, -9999.00000, -9999.00000, -9999.00000, -9999.00000, -9999.00000, -9999.00000, -9999.00000, -9999.00000, -9999.00000 
15240.0, -9999.00000, -9999.00000, -9999.00000, -9999.00000, -9999.00000, -9999.00000, -9999.00000, -9999.00000, -9999.00000, -9999.00000, -9999.00000, -9999.00000, -9999.00000, -9999.00000, -9999.00000, -9999.00000, -9999.00000, -9999.00000, -9999.00000, -9999.00000, -9999.00000, -9999.00000 
15300.0, -9999.00000, -9999.00000, -9999.00000, -9999.00000, -9999.00000, -9999.00000, -9999.00000, -9999.00000, -9999.00000, -9999.00000, -9999.00000, -9999.00000, -9999.00000, -9999.00000, -9999.00000, -9999.00000, -9999.00000, -9999.00000, -9999.00000, -9999.00000, -9999.00000, -9999.00000 
15360.0, -9999.00000, -9999.00000, -9999.00000, -9999.00000, -9999.00000, -9999.00000, -9999.00000, -9999.00000, -9999.00000, -9999.00000, -9999.00000, -9999.00000, -9999.00000, -9999.00000, -9999.00000, -9999.00000, -9999.00000, -9999.00000, -9999.00000, -9999.00000, -9999.00000, -9999.00000 
15420.0, -9999.00000, -9999.00000, -9999.00000, -9999.00000, -9999.00000, -9999.00000, -9999.00000, -9999.00000, -9999.00000, -9999.00000, -9999.00000, -9999.00000, -9999.00000, -9999.00000, -9999.00000, -9999.00000, -9999.00000, -9999.00000, -9999.00000, -9999.00000, -9999.00000, -9999.00000 
15480.0, -9999.00000, -9999.00000, -9999.00000, -9999.00000, -9999.00000, -9999.00000, -9999.00000, -9999.00000, -9999.00000, -9999.00000, -9999.00000, -9999.00000, -9999.00000, -9999.00000, -9999.00000, -9999.00000, -9999.00000, -9999.00000, -9999.00000, -9999.00000, -9999.00000, -9999.00000 
15540.0, -9999.00000, -9999.00000, -9999.00000, -9999.00000, -9999.00000, -9999.00000, -9999.00000, -9999.00000, -9999.00000, -9999.00000, -9999.00000, -9999.00000, -9999.00000, -9999.00000, -9999.00000, -9999.00000, -9999.00000, -9999.00000, -9999.00000, -9999.00000, -9999.00000, -9999.00000 
15600.0, 7.46941, 0.16668, 1.28964, 2.82082, 0.00060, 0.23105, 3.56257, 0.01501, 1.44757, 0.50569, 0.03196, 0.26425, 0.02500, 0.01548, 0.06470, 0.03419, 0.00419, 0.01195, 0.24993, 0.03344, 0.00311, 0.00173 
15660.0, 12.05616, 0.16941, 2.03149, 17.19092, 0.00270, 0.30663, 3.83631, 0.01738, 1.57606, 0.53159, 1.06481, 3.13742, 0.23267, -0.00907, 2.10735, 0.93073, 0.05937, 0.04310, 0.32645, 0.09185, 0.00596, 0.00250 
15720.0, 10.07911, 0.17446, 1.38440, 3.93580, -0.00016, 0.22531, 3.71576, -0.00758, 1.28305, 0.51136, 0.12435, 0.48294, -0.00481, 0.02158, 0.23891, 0.12828, 0.00607, 0.03120, 0.30433, 0.06563, 0.00467, 0.00306 
15780.0, 8.78178, 0.18557, 1.43822, 3.47658, 0.00280, 0.26900, 3.64502, -0.00405, 1.33787, 0.50292, 0.16268, 0.67455, 0.06563, 0.01128, 0.40357, 0.17274, 0.01415, 0.01984, 0.33093, 0.04986, 0.00401, 0.00516 
15840.0, 17.92982, 0.18140, 1.67915, 3.61834, 0.00500, 0.27000, 3.96135, 0.00302, 1.51445, 0.50551, 0.14269, 0.58178, 0.04530, -0.00813, 0.31670, 0.16936, 0.02435, 0.04104, 0.30165, 0.08133, 0.00265, 0.00437 
15900.0, 9.53652, 0.17808, 1.56176, 3.36722, 0.00320, 0.28141, 3.67659, -0.00267, 1.34582, 0.51076, 0.07525, 0.39342, 0.04781, 0.01131, 0.19805, 0.10029, 0.02435, 0.04551, 0.32464, 0.07736, 0.00429, 0.00563 
15960.0, 12.18733, 0.19530, 1.38860, 3.49558, 0.00093, 0.25848, 3.60471, 0.01139, 1.27136, 0.46294, 0.14925, 0.53520, 0.05290, 0.00496, 0.29148, 0.13492, 0.01152, 0.04075, 0.28692, 0.07844, 0.01057, 0.00323 
16020.0, 8.67450, 0.16214, 1.35019, 3.30954, 0.00208, 0.23775, 3.49135, 0.00470, 1.30308, 0.46809, 0.03477, 0.34353, 0.02553, 0.01878, 0.09683, 0.05156, 0.00836, 0.01495, 0.29997, 0.06043, 0.00295, 0.00312 
16080.0, 8.28570, 0.17542, 1.60935, 3.87750, 0.00081, 0.27020, 3.51704, 0.01250, 1.29474, 0.48944, 0.15789, 0.60551, 0.06317, 0.00887, 0.33688, 0.15116, -0.00505, 0.02932, 0.31965, 0.07765, 0.00833, 0.00298 
16140.0, 6.56498, 0.16961, 1.21384, 2.72935, 0.00141, 0.19244, 3.41427, -0.01195, 1.13903, 0.46412, -0.01514, 0.22376, 0.02223, 0.01334, 0.05896, 0.03061, 0.02561, 0.03101, 0.29953, 0.04774, 0.00293, 0.00665 
16200.0, 8.60069, 0.16621, 1.33449, 3.39772, 0.00432, 0.24488, 3.50427, -0.01639, 0.99516, 0.47598, 0.06640, 0.29458, 0.03568, 0.01724, 0.13291, 0.06721, -0.00090, 0.04006, 0.34481, 0.06044, 0.00623, 0.00321 
16260.0, 6.72794, 0.18080, 1.21296, 2.84481, 0.00034, 0.22648, 3.49739, 0.00409, 1.18838, 0.44470, -0.01493, 0.16477, -0.00326, 0.00290, 0.04800, 0.01705, -0.00502, 0.03501, 0.28391, 0.05947, 0.00862, 0.00216 
16320.0, 9.29357, 0.16842, 1.41504, 5.36692, 0.00150, 0.21889, 3.55467, -0.02019, 1.19669, 0.48036, 0.21107, 0.68046, 0.06457, 0.01264, 0.40578, 0.19668, 0.01140, 0.03511, 0.30715, 0.06993, 0.01537, 0.00346 
16380.0, 8.73709, 0.15373, 1.52275, 3.91792, 0.00502, 0.23664, 3.55684, -0.01722, 1.24341, 0.48527, 0.00560, 0.27381, 0.02608, 0.03979, 0.11246, 0.06172, 0.01582, 0.03001, 0.33849, 0.05528, 0.01253, 0.00230 
16440.0, 8.23163, 0.17136, 1.66812, 4.64639, -0.00023, 0.21483, 3.44894, -0.01010, 1.12429, 0.45481, 0.09624, 0.47653, 0.04993, 0.02156, 0.26828, 0.13152, 0.00328, 0.04042, 0.35221, 0.05126, 0.00810, 0.00151 
16500.0, 8.64094, 0.18573, 1.84951, 3.87587, -0.00273, 0.23996, 3.49035, -0.02045, 1.08918, 0.45080, 0.06341, 0.40588, 0.03657, 0.02302, 0.19515, 0.09025, 0.00310, 0.04612, 0.29799, 0.05021, 0.01014, 0.00459 
16560.0, 13.02292, 0.19649, 1.66636, 3.17935, -0.00419, 0.22491, 3.54227, -0.00212, 1.22517, 0.49655, -0.01443, 0.27802, 0.03135, -0.00729, 0.11229, 0.06099, -0.00471, 0.03689, 0.29126, 0.09818, 0.00273, 0.00402 
16620.0, 15.18408, 0.17906, 1.62491, 3.13879, 0.00212, 0.22603, 3.60059, 0.00107, 1.26760, 0.43873, 0.03133, 0.24471, 0.03617, 0.00905, 0.10544, 0.05947, 0.02528, 0.05167, 0.30227, 0.15570, 0.01303, 0.00420 
16680.0, 6.43772, 0.17226, 1.22246, 2.14907, 0.00337, 0.16080, 3.35423, -0.01716, 1.16796, 0.44933, 0.00657, 0.20727, 0.04013, 0.00822, 0.04477, 0.01334, 0.00897, 0.01964, 0.28330, 0.03313, 0.00392, 0.00590 
16740.0, 8.03063, 0.16100, 1.44635, 4.60366, 0.00281, 0.18907, 3.42043, -0.00790, 0.79744, 0.45256, 0.24041, 0.77124, 0.02959, -0.00697, 0.40100, 0.18399, -0.00042, 0.03652, 0.27618, 0.05441, 0.00741, 0.00028 
16800.0, 8.42031, 0.18452, 1.40082, 3.15949, 0.00157, 0.19046, 3.52987, -0.02151, 0.91235, 0.47068, 0.09294, 0.29165, 0.03377, 0.04151, 0.12314, 0.08943, 0.02000, 0.03263, 0.30175, 0.05545, 0.00767, 0.00388 
16860.0, 9.37010, 0.22920, 1.60169, 6.25550, 0.00233, 0.24806, 3.63034, -0.01972, 1.09628, 0.53323, 0.29475, 0.82839, 0.08545, 0.02191, 0.54789, 0.26455, 0.01154, 0.05924, 0.29960, 0.07640, 0.00806, 0.00607 
16920.0, 9.23674, 0.18474, 1.77929, 4.35276, 0.00432, 0.21950, 3.70455, -0.01228, 1.11234, 0.48754, 0.07148, 0.33804, 0.03912, 0.01189, 0.18107, 0.11282, 0.01403, 0.02070, 0.28074, 0.05395, 0.01049, 0.00474 
16980.0, 9.94677, 0.21645, 1.64367, 3.53892, -0.00059, 0.23215, 3.64360, -0.00214, 1.01285, 0.47603, -0.00918, 0.36028, 0.05220, 0.02112, 0.19521, 0.08471, 0.01365, 0.04209, 0.33299, 0.07889, 0.01136, 0.00608 
17040.0, 8.07343, 0.23994, 1.33712, 2.87774, -0.00319, 0.20613, 3.52867, -0.02672, 1.03618, 0.45079, 0.02981, 0.24233, 0.02582, 0.00574, 0.11966, 0.06735, 0.01723, 0.02704, 0.26351, 0.02961, 0.01424, 0.00776 
17100.0, 7.07100, 0.22454, 1.48880, 2.63724, 0.00067, 0.19945, 3.37430, -0.00340, 1.02848, 0.44482, -0.01352, 0.24816, 0.00295, 0.02817, 0.09710, 0.04535, 0.00818, 0.02744, 0.26689, 0.04282, 0.01005, 0.00184 
17160.0, 7.41341, 0.23303, 1.48236, 2.74719, -0.00178, 0.20730, 3.57179, -0.01622, 1.11668, 0.48919, 0.06788, 0.31323, 0.00837, 0.01713, 0.17125, 0.07119, -0.00336, 0.04748, 0.23596, 0.03832, 0.00701, 0.00261 
17220.0, 7.00823, 0.24689, 1.18242, 2.65701, -0.00152, 0.17147, 3.30585, -0.03026, 1.09426, 0.46687, 0.03804, 0.26944, 0.02254, 0.03502, 0.11768, 0.05129, -0.00011, 0.01758, 0.25801, 0.03554, 0.00254, 0.00246 
17280.0, 9.35199, 0.23243, 1.53859, 12.68004, -0.00086, 0.25933, 3.56439, -0.01229, 1.00249, 0.45686, 0.87748, 2.48168, 0.10613, -0.00696, 1.70164, 0.71506, 0.02664, 0.03417, 0.26170, 0.07077, 0.00493, 0.00133 
17340.0, 9.95985, 0.24951, 1.54801, 10.99649, -0.00170, 0.24466, 3.47847, -0.01395, 0.89898, 0.49274, 0.70340, 2.03244, 0.14359, -0.00688, 1.30724, 0.56712, 0.03323, 0.03161, 0.24561, 0.04214, 0.00672, 0.00217 
17400.0, 8.37575, 0.21473, 1.54472, 13.93890, -0.00112, 0.23717, 3.42537, -0.01120, 0.94983, 0.42940, 0.91963, 2.62274, 0.17979, -0.00680, 1.67106, 0.69921, 0.04698, 0.03327, 0.24311, 0.08622, 0.00342, 0.00380 
17460.0, 7.88801, 0.18463, 1.39821, 4.09202, 0.00328, 0.17731, 3.55475, -0.01583, 1.00346, 0.47850, 0.11410, 0.60539, 0.05629, -0.00083, 0.33432, 0.17182, 0.01933, 0.03247, 0.22664, 0.05959, -0.00274, 0.00478 
17520.0, 6.99590, 0.18301, 1.17058, 2.29431, -0.00380, 0.18104, 3.22684, -0.01430, 0.98054, 0.43365, -0.00884, 0.17071, -0.00458, 0.02774, 0.03608, 0.02186, 0.01530, 0.00239, 0.20549, 0.03503, 0.00430, 0.00197 
17580.0, 8.07304, 0.19445, 1.24768, 2.52567, 0.00372, 0.18980, 3.27889, -0.01739, 0.96083, 0.43044, 0.04324, 0.27280, 0.02280, 0.01777, 0.11540, 0.05791, 0.00584, 0.00317, 0.25827, 0.03887, 0.00257, 0.00253 
17640.0, 7.62039, 0.16911, 1.23503, 2.73826, -0.00130, 0.21589, 3.33102, -0.00675, 1.04044, 0.45850, -0.01261, 0.17568, 0.01460, 0.03095, 0.07083, 0.04112, 0.00008, 0.01870, 0.26399, 0.03083, 0.00781, 0.00036 
17700.0, 5.99417, 0.17191, 1.08736, 2.28681, -0.00125, 0.20340, 3.33689, -0.02369, 0.91014, 0.42607, 0.02722, 0.19772, 0.01190, 0.02759, 0.07280, 0.03180, -0.00475, 0.02756, 0.24805, 0.04487, 0.00385, 0.00159 
17760.0, 6.81013, 0.16519, 1.23976, 2.73676, -0.00065, 0.22500, 3.34033, -0.04002, 0.96437, 0.47506, -0.00457, 0.16243, -0.00455, 0.00801, 0.07075, 0.03077, 0.00330, 0.03250, 0.23961, 0.06188, -0.00104, 0.00296 
