CampaignData_and_Merges/R0/CSL_MobileLab_Parked/raw/20240715/USOS-NOAAIodideCIMS-HCOOH_MobileLabGround_20240715_RA.ict
34, 1001
Michael A Robinson, Chris Jernigan, Subi Thakali
NOAA ESRL Chemical Sciences Laboratory and CIRES, U. of Colorado
NOAA Iodide CIMS Instrument
USOS
1, 1
2024, 07, 15, 2024, 07, 17
0
starttime_UTC, seconds_past_midnight, seconds_of_day_since_00:00:00_UTC
1
1
-9999
HCOOH_NOAACIMS, pptv, Gas_HCOOH_InSitu_S_AVMR
1
N/A
18
PI_CONTACT_INFO: 325 Broadway, R/CSD 7, Boulder, Colorado 80305; michael.a.robinson@noaa.gov; chris.jernigan@noaa.gov;
PLATFORM: NOAA CSL Mobile Lab
LOCATION: SLC, Utah
ASSOCIATED_DATA: 1Hz data also available on request.
INSTRUMENT_INFO: NOAA I- ToF CIMS
DATA_INFO: Units: pptv
UNCERTAINTY: tbd
ULOD_FLAG: -7777
ULOD_VALUE: N/A
LLOD_FLAG: -8888
LLOD_VALUE: N/A
DM_CONTACT_INFO: Nathan Howard; nathan.h.howard@noaa.gov
PROJECT_INFO: USOS, summer 2024. https://csl.noaa.gov/groups/csl7/measurements/2024usos/
STIPULATIONS_ON_USE: only the USOS science team is allowed to use this data
OTHER_COMMENTS: Field data; Data are averaged to 1 minute intervals. Stationary data collected from a 10 ft tower on top of the mobile lab
REVISION: RA
RA: Preliminary Data; For in-field use only
starttime_UTC, HCOOH_NOAACIMS
[from data line 1025]
61500,1184.576
61560,1157.943
61620,1198.388
61680,1091.714
61740,1090.691
61800,1057.099
61860,1054.358
61920,1095.878
61980,933.286
62040,930.867
62100,929.820
62160,936.859
62220,971.454
62280,1041.060
62340,1000.262
62400,903.089
62460,927.914
62520,886.130
62580,879.537
62640,896.870
62700,878.881
62760,879.538
62820,848.865
62880,836.476
62940,872.642
63000,851.230
63060,826.503
63120,811.811
63180,835.525
63240,898.437
63300,811.104
63360,800.709
63420,814.531
63480,813.169
63540,805.142
63600,807.845
63660,823.187
63720,782.628
63780,734.479
63840,743.217
63900,734.758
63960,681.840
64020,713.362
64080,723.547
64140,748.080
64200,801.154
64260,808.056
64320,792.869
64380,765.904
64440,763.150
64500,793.166
64560,769.798
64620,761.489
64680,781.336
64740,796.527
64800,756.471
64860,751.279
64920,793.890
64980,810.390
65040,752.122
65100,768.446
65160,776.996
65220,761.694
65280,796.560
65340,773.922
65400,717.153
65460,725.296
65520,669.785
65580,642.503
65640,658.399
65700,644.514
65760,694.154
65820,635.003
65880,637.735
65940,663.759
66000,625.101
66060,585.556
66120,626.108
66180,607.312
66240,635.417
66300,624.543
66360,616.432
66420,650.151
66480,634.974
66540,605.538
66600,586.670
66660,608.684
66720,624.440
66780,675.794
66840,620.297
66900,562.783
66960,615.697
67020,-9999.000
67080,-9999.000
67140,-9999.000
67200,708.357
67260,629.440
67320,653.789
67380,641.555
67440,643.731
67500,661.384
67560,672.574
67620,628.987
67680,612.890
67740,596.648
67800,626.946
67860,561.682
67920,621.454
67980,638.474
68040,585.962
68100,630.699
68160,613.233
68220,636.391
68280,582.769
68340,573.770
68400,571.403
68460,596.064
68520,607.915
68580,604.166
68640,609.477
68700,582.272
68760,598.173
68820,606.449
68880,627.941
68940,666.573
69000,671.865
69060,636.143
69120,635.005
69180,656.218
69240,658.757
69300,651.858
69360,694.493
69420,682.094
69480,690.762
69540,687.054
69600,671.694
69660,699.463
69720,769.251
69780,694.500
69840,714.722
69900,687.437
69960,646.739
70020,690.002
70080,782.061
70140,771.159
70200,838.328
70260,808.638
70320,773.048
70380,790.245
70440,781.478
70500,826.830
70560,816.135
70620,823.749
70680,793.099
70740,788.286
70800,740.058
70860,806.684
70920,805.594
70980,796.843
71040,804.000
71100,847.908
71160,841.641
71220,880.459
71280,860.687
71340,895.378
71400,799.717
71460,881.639
71520,939.977
71580,893.307
71640,850.048
71700,873.609
71760,822.722
71820,849.353
71880,881.015
71940,979.475
72000,937.826
72060,979.812
72120,1029.258
72180,956.343
72240,976.286
72300,974.417
72360,934.670
72420,964.708
72480,972.739
72540,989.255
72600,993.851
72660,952.332
72720,945.197
72780,987.198
72840,1051.300
72900,1014.641
72960,932.274
73020,989.702
73080,1035.779
73140,1119.430
73200,996.306
73260,1005.104
73320,973.474
73380,922.003
73440,1025.412
73500,1054.846
73560,973.797
73620,937.899
73680,956.862
73740,991.665
73800,1024.160
73860,1101.070
73920,1058.985
73980,959.318
74040,968.451
74100,928.644
74160,922.116
74220,906.737
74280,1027.833
74340,1118.626
74400,1095.569
74460,1071.933
74520,1099.176
74580,1118.599
74640,1060.974
74700,1064.870
74760,1046.254
74820,996.658
74880,1026.237
74940,1026.415
75000,1120.247
75060,970.089
75120,1060.124
75180,1077.961
75240,1046.761
75300,1066.743
75360,1037.199
75420,1018.460
75480,860.243
75540,993.802
75600,1057.038
75660,1009.963
75720,987.869
75780,1012.635
75840,1066.118
75900,1121.327
75960,1038.914
76020,1085.620
76080,1106.096
76140,1020.509
76200,1021.659
76260,1079.318
76320,1031.557
76380,1066.099
76440,1062.539
76500,969.571
76560,976.592
76620,903.543
76680,920.234
76740,917.373
76800,861.677
76860,921.739
76920,945.401
76980,900.510
77040,953.113
77100,913.535
77160,934.093
77220,940.115
77280,969.753
77340,731.062
77400,768.023
77460,866.226
77520,930.269
77580,836.768
77640,837.653
77700,884.231
77760,866.888
77820,882.014
77880,947.016
77940,1001.724
78000,921.214
78060,910.168
78120,917.976
78180,963.614
78240,926.110
78300,883.776
78360,862.469
78420,854.449
78480,922.039
78540,875.609
78600,856.448
78660,912.281
78720,904.042
78780,920.938
78840,933.242
78900,902.584
78960,878.980
79020,937.208
79080,912.753
79140,903.922
79200,771.956
79260,890.405
79320,900.123
79380,816.915
79440,813.193
79500,793.973
79560,856.796
79620,740.815
79680,783.892
79740,821.260
79800,775.183
79860,774.423
79920,782.366
79980,811.353
80040,849.876
80100,886.809
80160,857.091
80220,840.184
80280,769.750
80340,747.478
80400,736.693
80460,737.005
80520,752.450
80580,724.874
80640,762.826
80700,763.551
80760,729.085
80820,790.934
80880,826.487
80940,788.038
81000,-9999.000
81060,579.101
81120,603.859
81180,712.709
81240,659.401
81300,628.475
81360,627.961
81420,674.070
81480,774.515
81540,689.954
81600,695.512
81660,746.860
81720,763.415
81780,735.164
81840,787.974
81900,782.755
81960,728.174
82020,781.093
82080,668.454
82140,708.076
82200,757.454
82260,768.845
82320,721.219
82380,679.376
82440,678.388
82500,693.042
82560,675.405
82620,785.617
82680,824.650
82740,764.132
82800,739.240
82860,594.335
82920,693.387
82980,779.317
83040,809.790
83100,810.316
83160,754.576
83220,774.535
83280,738.108
83340,775.553
83400,819.381
83460,784.678
83520,811.545
83580,876.724
83640,886.570
83700,849.046
83760,820.713
83820,856.168
83880,825.047
83940,831.812
84000,811.996
84060,779.721
84120,789.590
84180,855.409
84240,837.181
84300,833.126
84360,811.639
84420,838.300
84480,776.398
84540,811.692
84600,821.079
84660,760.018
84720,670.717
84780,720.596
84840,831.285
84900,837.726
84960,846.158
85020,862.270
85080,892.985
85140,908.919
85200,899.563
85260,881.740
85320,921.668
85380,885.335
85440,875.260
85500,970.651
85560,997.878
85620,933.701
85680,896.254
85740,949.741
85800,944.620
85860,881.671
85920,913.386
85980,953.907
86040,979.698
86100,959.844
86160,877.060
86220,924.943
86280,897.086
86340,876.754
