CampaignData_and_Merges/R0/CSL_MobileLab_Parked/raw/20240715/USOS-Picarro-CO2-CH4-CO-H2O_MobileLabGround_20240715_R0.ict
38, 1001
Ilana Pollack, Nell Schafer, and Jeff Peischl
NOAA Chemical Sciences Laboratory
Picarro 2401-m CO2/CH4/CO/H2O Analyzer
USOS
1, 1
2024, 07, 15, 2024, 11, 20
0
StartTime_UTC, seconds_past_midnight, seconds past midnight
5
1, 1, 1, 1, 1
-9999, -9999, -9999, -9999, -9999
StopTime_UTC, seconds_past_midnight, seconds past midnight
CO2_ppm_1min, ppm, Gas_CO2_InSitu_S_DMF, carbon dioxide mixing ratio
CH4_ppb_1min, ppb, Gas_CH4_InSitu_S_DMF, methane mixing ratio
CO_ppb_1min, ppb, Gas_CO_InSitu_S_DMF, carbon monoxide mixing ratio
H2O_ppmv_1min, ppmv, Met_H2OMRV_InSitu_S_AVMR, water vapor mixing ratio
1
SPECIAL COMMENTS: N/A
18
PI_CONTACT_INFO: Address: NOAA Chemical Sciences Laboratory, Mail Stop CSL7, 325 Broadway, Boulder, CO 80305; Email: Ilana.Pollack@noaa.gov
PLATFORM: NOAA CSL Mobile Laboratory
LOCATION: The mobile lab was stationed in Salt Lake City, Utah.
ASSOCIATED_DATA: N/A
INSTRUMENT_INFO: CO2, CH4, and CO are reported as dry air mole fractions using a commercial wavelength-scanned cavity ring-down analyzer (Picarro 2401-m). An in-field calibration gas standard of 432±0.07 ppm CO2, 2095±1 ppb CH4, and 183±1 ppb CO, calibrated in the Boulder laboratories before and after the field project using primary CO2, CH4, and CO standard tanks tied to the WMO standard (X2019, X2004A, and X2014A, respectively) from the Global Monitoring Laboratory (GML), was delivered to the inlet every 2-3 days to evaluate instrument sensitivity. A H2O measurement was calibrated before the project with a Dew Point Mirror 373 hygrometer. The water correction calculated from these calibrations was applied to the H2O measurement for the entire campaign. Species are measured at 0.5 Hz and reported as 1-minute averages for stationary measurements.
DATA_INFO: Units: CO2, ppm, dry air mole fraction; CH4, ppb, dry air mole fraction; CO, ppb, dry air mole fraction; H2O, ppmv
UNCERTAINTY: Total uncertainties are estimated as ±0.1 ppm for CO2, ±1 ppb for CH4, ±5 ppb for CO, and ±(50 ppm + 4%) for H2O.
ULOD_FLAG: -7777
ULOD_VALUE: N/A
LLOD_FLAG: -8888
LLOD_VALUE: N/A
DM_CONTACT_INFO: Data Manager: Nathan Howard; nathan.h.howard@noaa.gov
PROJECT_INFO: USOS Dates of Study: July – August 2024
STIPULATIONS_ON_USE: Use of these data require prior ok from PI.
OTHER_COMMENTS: Data are averaged to 1 minute intervals. Stationary data collected from a 10 ft tower on top of the mobile van.
REVISION: R0
R0: Final Data
StartTime_UTC, StopTime_UTC, CO2_ppm_1min, CH4_ppb_1min, CO_ppb_1min, H2O_ppmv_1min
[from data line 783]
46980,47040,449.53,2005.4,206.1,14312.8779
47040,47100,452.43,2007.8,216.1,14454.6816
47100,47160,451.01,2008.1,214.0,14570.9766
47160,47220,450.65,2007.7,204.2,14639.5088
47220,47280,449.65,2005.8,197.3,14522.2197
47280,47340,449.54,2006.1,231.0,14553.0576
47340,47400,448.84,2006.3,216.0,14578.3066
47400,47460,448.16,2005.4,210.7,14491.7021
47460,47520,449.42,2008.2,207.3,14570.2324
47520,47580,455.32,2014.4,269.7,14905.5557
47580,47640,460.59,2017.7,319.8,15225.2646
47640,47700,462.33,2019.3,335.1,15332.0762
47700,47760,464.71,2018.3,369.3,15367.4121
47760,47820,465.78,2019.1,380.7,15448.9404
47820,47880,466.23,2019.0,377.8,15420.6025
47880,47940,464.15,2017.9,362.1,15360.6719
47940,48000,466.56,2017.8,367.8,15598.8135
48000,48060,462.04,2011.8,328.7,15178.7012
48060,48120,465.35,2011.1,344.8,15374.0059
48120,48180,474.12,2013.6,413.7,15466.5898
48180,48240,468.48,2009.5,359.7,15353.6777
48240,48300,461.80,2006.4,425.1,14896.4316
48300,48360,467.79,2009.0,446.1,15303.9033
48360,48420,463.24,2006.2,310.5,15145.6846
48420,48480,475.02,2012.7,340.0,15564.0625
48480,48540,473.70,2012.8,329.0,15723.1787
48540,48600,465.47,2013.4,311.8,15447.5723
48600,48660,461.78,2012.4,302.9,15326.5781
48660,48720,464.58,2010.6,300.6,15422.4453
48720,48780,464.96,2009.1,294.8,15499.7090
48780,48840,468.60,2011.2,299.5,15347.0928
48840,48900,467.16,2017.8,297.6,15330.0020
48900,48960,468.84,2022.0,316.7,15377.7090
48960,49020,466.86,2034.0,311.6,15632.3516
49020,49080,464.65,2046.5,302.4,15486.3809
49080,49140,475.21,2045.1,308.4,15924.7783
49140,49200,477.19,2043.8,323.5,15719.5537
49200,49260,478.72,2052.5,326.9,15984.8867
49260,49320,479.72,2062.4,327.4,15773.6240
49320,49380,475.72,2065.8,344.8,15934.2988
49380,49440,472.06,2070.4,331.5,16047.0078
49440,49500,474.38,2075.1,323.6,15840.8955
49500,49560,-9999,2077.2,326.7,16034.3809
49560,49620,-9999,2037.8,284.4,16033.0459
49620,49680,-9999,2031.3,269.5,15835.6689
49680,49740,-9999,2029.1,286.0,15423.0166
49740,49800,488.27,2040.3,304.7,15619.7891
49800,49860,478.98,2035.6,335.8,16063.2109
49860,49920,471.45,2024.4,317.1,15728.1533
49920,49980,461.62,2007.4,272.0,15007.9854
49980,50040,461.06,2007.4,278.1,14987.7578
50040,50100,461.85,2008.9,294.8,15380.4150
50100,50160,460.73,2007.4,311.8,15353.6748
50160,50220,458.19,2006.2,304.0,15217.6162
50220,50280,463.60,2008.8,324.0,15267.8740
50280,50340,466.10,2011.2,381.2,15584.2920
50340,50400,462.60,2016.2,363.5,16289.6113
50400,50460,463.59,2026.2,333.5,16441.2773
50460,50520,462.88,2024.6,344.9,16660.8438
50520,50580,458.65,2012.0,319.1,15741.2568
50580,50640,460.81,2010.2,319.2,15579.4072
50640,50700,466.13,2012.6,342.9,15839.5732
50700,50760,461.49,2013.1,352.1,16760.8945
50760,50820,459.58,2009.4,364.2,16221.1855
50820,50880,457.10,2007.1,319.3,15678.0850
50880,50940,455.36,2007.2,324.1,16255.9385
50940,51000,456.30,2005.4,296.8,15851.5527
51000,51060,457.39,2007.9,294.8,16025.4736
51060,51120,457.69,2008.8,305.0,15877.4043
51120,51180,457.41,2008.8,302.3,15990.9268
51180,51240,457.49,2008.4,303.1,16143.0244
51240,51300,454.05,2006.6,298.7,15741.6152
51300,51360,459.35,2007.1,330.5,15992.7686
51360,51420,455.80,2004.9,316.8,16113.8936
51420,51480,457.19,2004.7,313.5,15920.0049
51480,51540,456.47,2003.9,311.4,15901.3086
51540,51600,455.46,2006.9,302.4,15457.2734
51600,51660,452.84,2011.1,293.5,15695.3623
51660,51720,453.39,2007.8,277.3,15363.1406
51720,51780,450.18,2010.4,268.4,15482.8486
51780,51840,458.55,2012.1,288.0,16235.7998
51840,51900,454.81,2019.2,297.8,15446.3965
51900,51960,455.05,2015.7,305.0,15792.4170
51960,52020,456.04,2016.1,301.9,15396.3643
52020,52080,460.72,2015.6,335.4,15468.4248
52080,52140,456.32,2016.2,323.3,15549.0654
52140,52200,456.20,2018.5,440.6,15974.6582
52200,52260,455.29,2019.6,338.9,15411.7676
52260,52320,454.98,2019.9,335.6,15767.1221
52320,52380,454.09,2023.5,316.6,15929.7578
52380,52440,454.73,2023.7,316.2,15916.3369
52440,52500,455.58,2025.2,321.1,16522.3945
52500,52560,458.88,2031.1,318.2,15804.2061
52560,52620,455.40,2034.2,296.2,15797.1318
52620,52680,456.63,2032.7,315.8,16020.1162
52680,52740,452.84,2032.4,288.6,15852.5957
52740,52800,452.08,2034.2,298.2,15810.5811
52800,52860,452.50,2032.3,283.7,15655.6250
52860,52920,452.10,2031.7,274.9,15353.1250
52920,52980,454.80,2033.2,282.3,15676.3262
52980,53040,455.83,2030.7,288.2,15928.2109
53040,53100,452.66,2030.2,273.5,15595.9277
53100,53160,450.20,2030.2,271.0,15938.4922
53160,53220,450.47,2033.1,261.7,15437.6748
53220,53280,449.42,2032.3,264.9,15497.6289
53280,53340,451.87,2030.9,280.9,15463.3447
53340,53400,451.75,2031.2,280.1,15866.7559
53400,53460,451.80,2031.6,281.1,16357.3525
53460,53520,450.77,2031.8,278.9,15776.0127
53520,53580,452.90,2031.0,291.0,15691.1709
53580,53640,451.69,2021.5,264.8,15164.8975
53640,53700,446.53,2012.5,207.7,14617.8613
53700,53760,443.94,2008.4,203.1,14424.7803
53760,53820,449.26,2008.5,205.9,14419.6016
53820,53880,445.59,2006.9,227.6,15264.2207
53880,53940,444.70,2008.1,221.6,15462.1406
53940,54000,442.83,2015.2,186.5,14228.4102
54000,54060,442.20,2020.5,194.4,14301.4795
54060,54120,444.28,2022.9,248.1,14448.2021
54120,54180,442.78,2021.6,212.7,14742.8965
54180,54240,442.01,2021.9,210.1,14720.7461
54240,54300,442.65,2027.7,213.1,14769.2578
54300,54360,442.71,2023.2,216.0,14749.3623
54360,54420,443.79,2020.4,221.1,14846.8350
54420,54480,445.11,2021.9,219.1,14906.8037
54480,54540,445.94,2024.3,221.3,14987.8506
54540,54600,444.91,2022.7,229.4,15141.3330
54600,54660,442.36,2023.9,230.3,15201.6143
54660,54720,445.31,2025.2,236.8,15198.2158
54720,54780,446.14,2026.0,247.4,15633.7773
54780,54840,445.19,2022.6,250.0,15487.4375
54840,54900,445.65,2023.7,256.1,15434.0635
54900,54960,443.91,2023.2,247.6,15560.5869
54960,55020,443.47,2021.0,239.5,15102.9248
55020,55080,445.18,2023.6,248.8,15438.1807
55080,55140,448.74,2024.2,274.6,15587.5791
55140,55200,444.50,2018.9,256.5,15148.7148
55200,55260,443.63,2016.2,259.6,15164.9531
55260,55320,443.33,2018.4,266.1,15752.6572
55320,55380,446.62,2018.5,271.1,15358.3945
55380,55440,447.82,2019.1,286.4,15640.7617
55440,55500,445.10,2019.4,284.7,15669.6230
55500,55560,445.56,2021.4,286.6,15945.1924
55560,55620,444.31,2023.9,278.2,15585.3555
55620,55680,447.10,2024.9,286.0,15538.4424
55680,55740,443.53,2024.4,268.8,15253.1621
55740,55800,444.53,2025.2,275.5,15612.3418
55800,55860,442.52,2024.1,259.2,15373.0342
55860,55920,443.03,2026.8,260.1,15529.4541
55920,55980,442.14,2027.2,255.7,15398.7891
55980,56040,442.56,2028.2,253.8,15471.3672
56040,56100,444.56,2027.0,254.6,15631.1875
56100,56160,444.93,2024.3,259.3,15778.8223
56160,56220,439.79,2038.5,219.6,15612.2744
56220,56280,441.25,2040.5,221.0,15426.6660
56280,56340,440.30,2041.4,222.8,15590.0674
56340,56400,441.33,2043.1,223.8,15353.3535
56400,56460,440.26,2043.8,223.7,15409.7295
56460,56520,442.24,2043.0,228.4,15564.9033
56520,56580,441.63,2037.6,221.3,15653.1816
56580,56640,439.79,2036.5,220.8,15993.6885
56640,56700,440.59,2034.9,226.0,15854.5215
56700,56760,440.28,2032.4,225.0,15915.5088
56760,56820,441.47,2017.9,212.1,14991.8154
56820,56880,441.73,2016.4,212.5,15379.4844
56880,56940,439.92,2023.6,215.2,15436.1631
56940,57000,440.23,2017.7,210.0,15291.9365
57000,57060,439.91,2005.5,197.2,14768.8838
57060,57120,438.11,2002.4,192.4,14572.5137
57120,57180,437.50,2000.5,189.3,14700.1895
57180,57240,439.11,2004.3,198.4,14848.9424
57240,57300,437.54,2007.4,193.4,14655.1680
57300,57360,438.32,2011.5,204.9,14850.4023
57360,57420,437.19,2014.3,211.3,15300.6045
57420,57480,436.96,2009.9,218.0,15379.0605
57480,57540,436.22,2007.4,204.9,14800.7314
57540,57600,435.34,2002.8,194.8,14552.3828
57600,57660,436.96,2007.6,219.8,14623.3525
57660,57720,436.05,2004.3,202.3,14410.1387
57720,57780,436.18,2006.2,201.2,14400.0869
57780,57840,436.83,2006.9,208.8,14492.7061
57840,57900,437.08,2013.8,217.9,15117.0693
57900,57960,438.62,2022.5,208.2,14950.6211
57960,58020,437.65,2019.6,206.7,15049.6084
58020,58080,436.28,2015.0,196.7,14909.9727
58080,58140,437.95,2018.3,212.3,14775.6416
58140,58200,438.91,2021.6,214.6,14734.8232
58200,58260,439.08,2023.6,212.3,14785.0586
58260,58320,439.15,2024.4,209.7,14897.7422
58320,58380,439.38,2023.7,212.0,14880.2422
58380,58440,436.28,2010.8,199.9,14792.4502
58440,58500,434.01,2001.8,192.2,14811.1689
58500,58560,432.85,2001.6,193.0,15219.1660
58560,58620,430.78,1992.4,184.4,15514.5459
58620,58680,434.23,1996.6,195.2,14680.9844
58680,58740,436.85,2004.8,200.8,14918.7646
58740,58800,436.02,2007.5,207.8,14595.0459
58800,58860,437.75,2007.3,218.4,14690.1123
58860,58920,436.68,2005.6,216.6,15684.2715
58920,58980,437.14,2011.1,217.2,15952.6514
58980,59040,440.90,2013.5,221.6,16239.9111
59040,59100,437.56,2014.1,220.4,16082.8066
59100,59160,441.43,2025.0,241.6,16125.5010
59160,59220,441.15,2028.8,238.0,16609.5430
59220,59280,441.44,2024.6,237.8,16593.9219
59280,59340,437.40,2019.9,226.5,16146.7256
59340,59400,441.71,2026.1,248.6,16122.3262
59400,59460,440.01,2026.4,240.3,15576.5625
59460,59520,438.98,2025.7,235.7,15731.6494
59520,59580,438.95,2026.6,228.1,15549.6875
59580,59640,440.10,2030.1,232.4,15937.6084
59640,59700,439.53,2029.9,234.6,15461.3525
59700,59760,439.15,2028.1,233.1,15383.4229
59760,59820,439.33,2029.6,232.5,15388.5225
59820,59880,439.52,2031.5,233.2,15353.0557
59880,59940,439.33,2034.1,236.6,16062.2188
59940,60000,439.83,2034.8,236.5,15915.5195
60000,60060,439.95,2035.6,238.9,16277.1338
60060,60120,440.84,2037.5,242.4,15787.5762
60120,60180,440.94,2039.8,245.9,15763.2617
60180,60240,442.07,2042.9,248.1,15606.2773
60240,60300,442.37,2044.6,253.3,15623.1104
60300,60360,442.15,2044.5,253.8,15907.4463
60360,60420,443.72,2044.3,253.7,15899.3613
60420,60480,443.88,2043.8,254.2,15851.0176
60480,60540,444.45,2043.0,255.1,15481.3076
60540,60600,444.20,2042.4,259.9,15162.3789
60600,60660,444.12,2042.9,257.0,15139.3311
60660,60720,442.83,2042.7,252.3,15452.5557
60720,60780,442.42,2042.3,253.7,15607.4736
60780,60840,444.03,2042.4,263.7,15268.8037
60840,60900,444.21,2042.2,266.5,15148.4404
60900,60960,443.73,2041.8,256.9,15087.9023
60960,61020,443.08,2042.2,254.3,16115.5518
61020,61080,443.89,2041.4,254.0,15801.9775
61080,61140,442.41,2040.9,252.1,15401.5498
61140,61200,442.70,2040.2,250.8,15955.0674
61200,61260,440.13,2030.1,243.8,14954.2305
61260,61320,441.12,2029.9,245.9,15083.2939
61320,61380,439.47,2025.9,239.2,14983.9805
61380,61440,438.70,2022.4,249.2,14779.0742
61440,61500,437.61,2021.8,236.7,15161.4355
61500,61560,437.68,2020.5,237.4,14979.3223
61560,61620,437.73,2018.1,268.7,15109.4473
61620,61680,438.02,2013.5,235.7,14622.6807
61680,61740,437.15,2013.3,229.7,14447.1689
61740,61800,438.00,2012.7,230.9,14591.9043
61800,61860,436.78,2012.7,231.5,15482.4648
61860,61920,436.30,2011.6,231.0,15337.4541
61920,61980,437.27,2006.7,227.6,14476.5498
61980,62040,436.76,2007.2,229.2,14488.8486
62040,62100,437.50,2007.1,228.7,14240.7285
62100,62160,434.39,2008.8,229.3,15785.4873
62160,62220,434.80,2008.7,227.6,15329.2598
62220,62280,436.25,2007.7,228.4,14882.8916
62280,62340,435.78,2005.4,230.2,15115.4600
62340,62400,435.52,2000.5,227.8,14203.4785
62400,62460,434.20,1994.8,213.2,13517.9697
62460,62520,435.39,1994.7,221.8,13647.5068
62520,62580,434.13,1992.2,212.5,13667.7412
62580,62640,435.34,1993.4,218.2,13825.2852
62640,62700,435.82,1994.5,224.1,14035.0049
62700,62760,434.28,1993.2,214.4,14012.6338
62760,62820,434.68,1992.8,214.5,14209.7383
62820,62880,434.80,1991.5,213.5,13679.0674
62880,62940,434.47,1992.3,212.4,13702.6992
62940,63000,436.13,1995.3,220.2,13824.5850
63000,63060,436.57,2006.2,239.0,14033.3643
63060,63120,436.43,2007.8,236.9,14076.8037
63120,63180,436.73,2008.8,237.0,14164.9434
63180,63240,437.27,2010.7,232.6,14236.7031
63240,63300,436.16,2000.5,226.1,13880.1133
63300,63360,434.08,1997.4,215.2,13892.5889
63360,63420,433.11,1994.3,208.3,14161.1250
63420,63480,433.23,1993.1,208.5,13682.1455
63480,63540,433.32,1992.8,210.7,13962.7969
63540,63600,433.16,1991.7,205.0,13524.4219
63600,63660,433.19,1996.0,208.4,13827.1992
63660,63720,434.13,1997.7,211.2,13852.7949
63720,63780,433.89,1996.5,210.7,13620.5576
63780,63840,433.72,2002.4,215.6,14253.7197
63840,63900,435.91,2002.9,219.7,14021.2891
63900,63960,435.15,2002.7,218.9,13994.2373
63960,64020,435.27,2001.6,230.4,13899.0469
64020,64080,435.54,2003.3,268.3,14063.3086
64080,64140,435.43,2002.1,221.3,14015.2754
64140,64200,435.85,2000.0,224.7,14015.0840
64200,64260,437.53,2000.4,225.1,14405.5059
64260,64320,437.58,2001.9,233.2,14851.5947
64320,64380,435.91,2000.9,219.8,14977.2236
64380,64440,436.60,1999.4,217.4,14234.6377
64440,64500,437.88,2001.6,223.6,14383.3027
64500,64560,439.19,2003.1,230.8,14624.9297
64560,64620,438.45,2003.9,222.2,14798.9277
64620,64680,438.60,2004.8,222.8,14970.5879
64680,64740,438.79,2006.2,225.5,15182.1768
64740,64800,437.98,2008.6,223.7,15709.8203
64800,64860,437.69,2015.9,218.8,16541.6738
64860,64920,438.29,2019.3,214.7,16038.6582
64920,64980,438.63,2019.0,221.7,16215.2744
64980,65040,438.67,2013.4,220.4,15853.8145
65040,65100,438.31,2016.1,217.4,16076.2959
65100,65160,437.88,2015.6,215.9,15999.2979
65160,65220,437.78,2016.4,215.6,16483.9102
65220,65280,437.31,2016.6,215.5,16227.0977
65280,65340,437.59,2016.3,214.8,16284.9063
65340,65400,436.44,2021.1,215.2,16458.4043
65400,65460,435.86,2025.7,214.6,16825.5176
65460,65520,436.09,2025.8,222.8,16636.1445
65520,65580,434.86,2029.2,218.1,16521.3066
65580,65640,433.84,2032.5,204.2,16693.0586
65640,65700,433.84,2031.1,197.4,16832.2207
65700,65760,433.35,2030.5,203.2,17539.5449
65760,65820,434.12,2029.1,204.0,17298.7520
65820,65880,434.21,2028.7,206.0,17415.6699
65880,65940,434.24,2026.9,204.0,16843.7930
65940,66000,433.28,2026.7,207.1,18027.6172
66000,66060,434.62,2024.5,199.2,16300.4854
66060,66120,434.47,2023.3,196.4,16260.8320
66120,66180,434.65,2023.4,199.9,16297.3037
66180,66240,434.88,2024.3,208.9,16572.3027
66240,66300,433.62,2025.3,204.3,16668.8516
66300,66360,433.07,2023.9,196.6,16389.8203
66360,66420,434.14,2022.9,197.4,16358.5352
66420,66480,433.72,2022.4,195.4,16301.8848
66480,66540,434.83,2021.7,196.5,16161.3916
66540,66600,433.38,2021.6,193.6,16384.2676
66600,66660,433.74,2021.6,194.7,17023.9258
66660,66720,433.37,2021.6,197.4,16344.4395
66720,66780,432.36,2023.5,201.3,16626.6602
66780,66840,433.94,2022.5,199.7,16856.7070
66840,66900,433.69,2021.3,199.9,16220.2627
66900,66960,433.96,2019.6,196.5,15751.1660
66960,67020,432.74,2020.8,197.4,16546.4258
67020,67080,433.66,2019.8,196.0,16348.3740
67080,67140,431.94,2020.0,193.8,16617.2695
67140,67200,431.57,2020.4,197.8,17092.5020
67200,67260,432.14,2019.5,196.9,17083.0195
67260,67320,432.84,2018.1,193.9,15845.7383
67320,67380,431.92,2018.8,196.1,16653.6387
67380,67440,431.40,2018.3,199.4,16930.9727
67440,67500,431.44,2017.9,198.1,16702.5742
67500,67560,433.10,2017.2,198.5,16436.9336
67560,67620,432.52,2015.6,199.1,16529.8379
67620,67680,432.70,2015.3,198.1,16321.8350
67680,67740,432.29,2015.2,196.9,16200.1895
67740,67800,431.03,2015.9,196.0,16584.4844
67800,67860,430.97,2015.1,191.6,16465.1113
67860,67920,431.50,2014.7,189.2,15906.8438
67920,67980,431.29,2014.6,190.0,16048.2607
67980,68040,432.26,2013.8,191.5,15694.9736
68040,68100,432.98,2012.6,192.2,15149.9912
68100,68160,430.37,2011.8,190.4,16419.1875
68160,68220,429.53,2009.7,187.0,16182.5000
68220,68280,430.30,2009.9,185.5,15982.1035
68280,68340,430.96,2008.9,180.9,15355.7627
68340,68400,430.61,2008.3,183.6,15441.0498
68400,68460,429.98,2008.8,185.4,15863.1221
68460,68520,429.38,2009.2,186.4,16561.8457
68520,68580,428.82,2010.2,184.6,16387.5020
68580,68640,428.77,2010.6,188.1,16758.2441
68640,68700,429.65,2010.6,186.7,16292.6387
68700,68760,428.70,2010.5,184.0,16804.1309
68760,68820,429.34,2009.8,181.0,16141.4824
68820,68880,429.70,2009.6,184.1,15994.6816
68880,68940,429.82,2006.3,182.0,15378.4102
68940,69000,428.89,2006.7,185.6,16245.9482
69000,69060,428.87,2005.8,184.3,15822.9883
69060,69120,428.55,2004.3,183.7,15953.4756
69120,69180,429.04,2004.0,181.1,15564.3574
69180,69240,429.20,2004.7,183.6,15703.9297
