CampaignData_and_Merges/R0/CSL_MobileLab_Parked/raw/20240715/USOS-iWAS_MobileLabGround_20240715_R1.ict
92, 1001
Jessica Gilman and Victoria Treadaway
NOAA Chemical Sciences Laboratory and CIRES at University of Colorado
NOAA iWAS Instrument: VOC measurement
USOS
1, 1
2024, 07, 15, 2025, 05, 23
0
iWAS_Start_UTC, SecondsFromMidnightUTC, WAS_Open
59
1, 1, 1, 1, 1, 1, 1, 1, 1, 1, 1, 1, 1, 1, 1, 1, 1, 1, 1, 1, 1, 1, 1, 1, 1, 1, 1, 1, 1, 1, 1, 1, 1, 1, 1, 1, 1, 1, 1, 1, 1, 1, 1, 1, 1, 1, 1, 1, 1, 1, 1, 1, 1, 1, 1, 1, 1, 1, 1
-9999, -9999, -9999, -9999, -9999, -9999, -9999, -9999, -9999, -9999, -9999, -9999, -9999, -9999, -9999, -9999, -9999, -9999, -9999, -9999, -9999, -9999, -9999, -9999, -9999, -9999, -9999, -9999, -9999, -9999, -9999, -9999, -9999, -9999, -9999, -9999, -9999, -9999, -9999, -9999, -9999, -9999, -9999, -9999, -9999, -9999, -9999, -9999, -9999, -9999, -9999, -9999, -9999, -9999, -9999, -9999, -9999, -9999, -9999
iWAS_Stop_UTC, SecondsFromMidnightUTC, WAS_Closed
iWAS_Mid_UTC, SecondsFromMidnightUTC, WAS_Mid
Acetone_ppbv, ppbv, Gas_Acetone_Insitu_S_DVMR
Acrolein_ppbv, ppbv, Gas_Acrolein_Insitu_S_DVMR
Benzene_ppbv, ppbv, Gas_Benzene_Insitu_S_DVMR
C2Cl4_ppbv, ppbv, Gas_C2Cl4_Insitu_S_DVMR
C2HCl3_ppbv, ppbv, Gas_C2HCl3_Insitu_S_DVMR
CCl4_ppbv, ppbv, Gas_CCl4_Insitu_S_DVMR
CF2Cl2_ppbv, ppbv, Gas_CF2Cl2_Insitu_S_DVMR
CFCl3_ppbv, ppbv, Gas_CFCl3_Insitu_S_DVMR
CH2Cl2_ppbv, ppbv, Gas_CH2Cl2_Insitu_S_DVMR
CH3Br_ppbv, ppbv, Gas_CH3Br_Insitu_S_DVMR
CycPentane_ppbv, ppbv, Gas_CycPentane_Insitu_S_DVMR
EthBenzene_ppbv, ppbv, Gas_EthBenzene_Insitu_S_DVMR
Ethane_ppbv, ppbv, Gas_Ethane_Insitu_S_DVMR
Ethene_ppbv, ppbv, Gas_Ethene_Insitu_S_DVMR
Ethyne_ppbv, ppbv, Gas_Ethyne_Insitu_S_DVMR
Furan_ppbv, ppbv, Gas_Furan_Insitu_S_DVMR
Isoprene_ppbv, ppbv, Gas_Isoprene_Insitu_S_DVMR
Limonene_ppbv, ppbv, Gas_Limonene_Insitu_S_DVMR
MACR_ppbv, ppbv, Gas_MACR_Insitu_S_DVMR
MeCycHexane_ppbv, ppbv, Gas_MeCycHexane_Insitu_S_DVMR
MeCycPentane_ppbv, ppbv, Gas_MeCycPentane_Insitu_S_DVMR
Propane_ppbv, ppbv, Gas_Propane_Insitu_S_DVMR
Propene_ppbv, ppbv, Gas_Propene_Insitu_S_DVMR
Toluene_ppbv, ppbv, Gas_Toluene_Insitu_S_DVMR
aPinene_ppbv, ppbv, Gas_aPinene_Insitu_S_DVMR
bPinene_ppbv, ppbv, Gas_bPinene_Insitu_S_DVMR
c2Butene_ppbv, ppbv, Gas_c2Butene_Insitu_S_DVMR
c2Pentene_ppbv, ppbv, Gas_c2Pentene_Insitu_S_DVMR
iButane_ppbv, ppbv, Gas_iButane_Insitu_S_DVMR
iPentane_ppbv, ppbv, Gas_iPentane_Insitu_S_DVMR
iPropBenzene_ppbv, ppbv, Gas_iPropBenzene_Insitu_S_DVMR
iPropONO2_ppbv, ppbv, Gas_iPropONO2_Insitu_S_DVMR
mpXylene_ppbv, ppbv, Gas_mpXylene_Insitu_M_DVMR
nButane_ppbv, ppbv, Gas_nButane_Insitu_S_DVMR
nDecane_ppbv, ppbv, Gas_nDecane_Insitu_S_DVMR
nHeptane_ppbv, ppbv, Gas_nHeptane_Insitu_S_DVMR
nHexane_ppbv, ppbv, Gas_nHexane_Insitu_S_DVMR
nNonane_ppbv, ppbv, Gas_nNonane_Insitu_S_DVMR
nOctane_ppbv, ppbv, Gas_nOctane_Insitu_S_DVMR
nPentane_ppbv, ppbv, Gas_nPentane_Insitu_S_DVMR
nPropBenzene_ppbv, ppbv, Gas_nPropBenzene_Insitu_S_DVMR
nPropONO2_ppbv, ppbv, Gas_nPropONO2_Insitu_S_DVMR
oXylene_ppbv, ppbv, Gas_oXylene_Insitu_S_DVMR
t2Butene_ppbv, ppbv, Gas_t2Butene_Insitu_S_DVMR
t2Pentene_ppbv, ppbv, Gas_t2Pentene_Insitu_S_DVMR
x123tmBenzene_ppbv, ppbv, Gas_x123tmBenzene_Insitu_S_DVMR
x124tmBenzene_ppbv, ppbv, Gas_x124tmBenzene_Insitu_S_DVMR
x135tmBenzene_ppbv, ppbv, Gas_x135tmBenzene_Insitu_S_DVMR
x13butadiene_ppbv, ppbv, Gas_x13butadiene_Insitu_S_DVMR
x1Butene_ppbv, ppbv, Gas_x1Butene_Insitu_S_DVMR
[...]
PLATFORM: NOAA Mobile Lab
LOCATION: Salt Lake City, UT
ASSOCIATED_DATA: N/A
INSTRUMENT_INFO: Whole air samplers with offline analysis via GC-MS
DATA_INFO: Units: ppbv
UNCERTAINTY: TBD
ULOD_FLAG: -7777
ULOD_VALUE: N/A
LLOD_FLAG: -8888
LLOD_VALUE: N/A
DM_CONTACT_INFO: jessica.gilman@noaa.gov
PROJECT_INFO: Salt Lake City Utah July 17 to August 18, 2024; https://csl.noaa.gov/projects/aeromma/ 
STIPULATIONS_ON_USE: Use of these data require prior ok from PI.
OTHER_COMMENTS: Parameters named usng NASA ESDS Atmospheric Composition Variable Standard Naming convention.
REVISION: R1
RA is preliminary data for a limited number of VOCs, R0 final data will contain expanded list of VOCs, R1 fixed error in time waves.
iWAS_Start_UTC, iWAS_Stop_UTC, iWAS_Mid_UTC, Acetone_ppbv, Acrolein_ppbv, Benzene_ppbv, C2Cl4_ppbv, C2HCl3_ppbv, CCl4_ppbv, CF2Cl2_ppbv, CFCl3_ppbv, CH2Cl2_ppbv, CH3Br_ppbv, CycPentane_ppbv, EthBenzene_ppbv, Ethane_ppbv, Ethene_ppbv, Ethyne_ppbv, Furan_ppbv, Isoprene_ppbv, Limonene_ppbv, MACR_ppbv, MeCycHexane_ppbv, MeCycPentane_ppbv, Propane_ppbv, Propene_ppbv, Toluene_ppbv, aPinene_ppbv, bPinene_ppbv, c2Butene_ppbv, c2Pentene_ppbv, iButane_ppbv, iPentane_ppbv, iPropBenzene_ppbv, iPropONO2_ppbv, mpXylene_ppbv, nButane_ppbv, nDecane_ppbv, nHeptane_ppbv, nHexane_ppbv, nNonane_ppbv, nOctane_ppbv, nPentane_ppbv, nPropBenzene_ppbv, nPropONO2_ppbv, oXylene_ppbv, t2Butene_ppbv, t2Pentene_ppbv, x123tmBenzene_ppbv, x124tmBenzene_ppbv, x135tmBenzene_ppbv, x13butadiene_ppbv, x1Butene_ppbv, x1Pentene_ppbv, x224TriMePentane_ppbv, x22DiMeButane_ppbv, x2EthToluene_ppbv, x2MePentane_ppbv, x3MePentane_ppbv, x3and4EthToluene_ppbv
[from data line 110]
961200.1, 961216.5, 961208.3, 3.556, 0.216, 0.085, 0.004, 0.000, 0.074, 0.441, 0.198, 0.143, 0.008, 0.018, 0.033, 1.771, 0.391, 0.213, 0.005, 1.369, 0.009, 0.161, 0.025, 0.049, 0.716, 0.123, 0.176, 0.258, 0.075, 0.010, 0.011, 0.245, 0.321, -9999.000, 0.007, 0.113, 0.366, 0.029, 0.045, 0.121, 0.017, 0.020, 0.212, 0.005, -9999.000, 0.039, 0.008, 0.016, 0.005, 0.027, 0.019, 0.009, 0.023, 0.014, 0.068, 0.011, 0.006, 0.062, 0.053, 0.026 
964800.1, 964816.6, 964808.3, 2.553, 0.096, 0.037, 0.005, 0.000, 0.072, 0.441, 0.197, 0.069, 0.008, 0.008, 0.012, 1.046, 0.148, 0.099, -9999.000, 0.017, -9999.000, 0.008, 0.011, 0.016, 0.242, 0.038, 0.074, 0.011, 0.004, 0.004, 0.004, 0.043, 0.113, 0.001, 0.006, 0.046, 0.096, 0.012, 0.017, 0.034, 0.010, 0.011, 0.063, 0.002, -9999.000, 0.015, 0.003, 0.004, 0.002, 0.011, 0.007, 0.003, 0.008, 0.006, 0.025, 0.003, 0.002, 0.021, 0.016, 0.008 
968400.1, 968416.4, 968408.2, 2.511, 0.127, 0.048, 0.003, -9999.000, 0.072, 0.441, 0.192, 0.072, 0.008, 0.010, 0.010, 1.118, 0.179, 0.082, 0.006, 0.012, 0.003, 0.010, 0.024, 0.027, 0.525, 0.076, 0.081, 0.029, 0.008, 0.007, 0.008, 0.161, 0.179, 0.001, 0.005, 0.046, 0.228, 0.011, 0.027, 0.059, 0.012, 0.015, 0.122, 0.002, -9999.000, 0.015, 0.006, 0.010, 0.002, 0.009, 0.006, 0.004, 0.017, 0.013, 0.023, 0.005, 0.002, 0.031, 0.027, 0.007 
972000.1, 972017.3, 972008.7, 3.851, 0.129, 0.031, 0.002, -9999.000, 0.072, 0.435, 0.187, 0.075, 0.008, 0.003, 0.009, 0.944, 0.071, 0.058, 0.010, 0.011, 0.005, 0.028, 0.007, 0.011, 0.292, 0.027, 0.071, 0.050, 0.026, 0.003, 0.004, 0.047, 0.061, -9999.000, 0.007, 0.038, 0.086, 0.011, 0.021, 0.028, 0.010, 0.014, 0.058, 0.001, -9999.000, 0.011, 0.003, 0.004, 0.002, 0.007, 0.005, -9999.000, 0.009, 0.008, 0.021, 0.002, 0.001, 0.014, 0.010, 0.006 
975600.1, 975617.1, 975608.6, 5.680, 0.248, 0.089, 0.007, 0.002, 0.073, 0.464, 0.253, 0.087, 0.009, 0.244, 0.040, 1.334, 0.270, 0.189, 0.025, 0.023, 0.004, 0.074, 0.036, 0.055, 0.923, 0.112, 0.219, 0.074, 0.028, 0.010, 0.014, 0.141, 0.370, 0.004, 0.008, 0.150, 0.276, 0.032, 0.072, 0.134, 0.036, 0.054, 0.294, 0.009, 0.004, 0.058, 0.008, 0.018, 0.007, 0.039, 0.022, 0.008, 0.030, 0.027, 0.069, 0.014, 0.007, 0.072, 0.056, 0.032 
979200.1, 979216.9, 979208.5, 4.667, 0.198, 0.064, 0.009, 0.001, 0.073, 0.442, 0.190, 0.086, 0.009, 0.016, 0.026, 1.388, 0.204, 0.118, 0.012, 0.013, 0.002, 0.036, 0.031, 0.038, 0.567, 0.078, 0.166, 0.076, 0.026, 0.004, 0.005, 0.139, 0.264, 0.002, 0.006, 0.099, 0.266, 0.021, 0.049, 0.092, 0.022, 0.034, 0.204, 0.005, -9999.000, 0.034, -9999.000, 0.006, 0.004, 0.019, 0.013, 0.003, 0.022, 0.018, 0.047, 0.007, 0.004, 0.049, 0.036, 0.017 
982800.1, 982816.8, 982808.4, 3.847, 0.156, 0.034, 0.004, 0.000, 0.073, 0.440, 0.192, 0.071, 0.008, 0.006, 0.009, 1.226, 0.098, 0.070, 0.008, 0.018, 0.005, 0.030, 0.009, 0.014, 0.314, 0.033, 0.070, 0.081, 0.055, 0.003, 0.004, 0.058, 0.116, -9999.000, 0.007, 0.039, 0.126, 0.009, 0.020, 0.036, 0.010, 0.015, 0.079, 0.002, -9999.000, 0.012, -9999.000, 0.005, 0.002, 0.008, 0.008, 0.002, 0.010, 0.009, 0.019, 0.003, 0.002, 0.022, 0.014, 0.007 
986400.1, 986416.8, 986408.4, 3.675, 0.136, 0.088, 0.007, 0.001, 0.073, 0.440, 0.190, 0.088, 0.009, 0.011, 0.038, 1.627, 0.518, 0.543, 0.006, 0.014, 0.004, 0.019, 0.021, 0.041, 0.482, 0.112, 0.262, 0.123, 0.046, 0.010, 0.015, 0.121, 0.261, 0.003, 0.006, 0.133, 0.225, 0.022, 0.049, 0.070, 0.020, 0.032, 0.147, 0.007, -9999.000, 0.050, 0.010, 0.021, 0.006, 0.032, 0.020, 0.009, 0.017, 0.013, 0.136, 0.008, 0.006, 0.060, 0.041, 0.027 
990000.1, 990017.0, 990008.5, 3.702, 0.158, 0.074, 0.007, 0.003, 0.073, 0.441, 0.189, 0.084, 0.008, 0.011, 0.026, 1.430, 0.449, 0.878, 0.005, 0.010, 0.003, 0.023, 0.021, 0.038, 0.495, 0.043, 0.192, 0.111, 0.045, 0.006, 0.009, 0.128, 0.267, 0.002, 0.006, 0.097, 0.280, 0.017, 0.037, 0.078, 0.015, 0.021, 0.184, 0.004, -9999.000, 0.036, 0.005, 0.012, 0.004, 0.021, 0.013, 0.003, 0.011, 0.012, 0.068, 0.008, 0.004, 0.049, 0.038, 0.018 
1029600.1, 1029617.7, 1029608.9, 4.027, 0.173, 0.243, 0.012, 0.000, 0.075, 0.452, 0.200, 0.074, 0.007, 0.035, 0.073, 0.931, 0.142, 0.141, -9999.000, 0.064, 0.002, 0.047, 0.045, 0.125, 0.317, 0.028, 0.498, 0.022, 0.004, 0.020, 0.051, 0.127, 0.527, 0.003, 0.009, 0.229, 0.286, 0.015, 0.094, 0.217, 0.016, 0.039, 0.415, 0.010, -9999.000, 0.098, 0.017, 0.074, 0.008, 0.049, 0.026, 0.003, 0.014, 0.036, 0.248, 0.024, 0.009, 0.166, 0.134, 0.043 
1040400.1, 1040417.3, 1040408.7, 3.916, 0.196, 0.086, 0.007, 0.001, 0.074, 0.449, 0.194, 0.076, 0.007, 0.010, 0.023, 0.955, 0.270, 0.500, 0.003, 0.048, -9999.000, 0.040, 0.016, 0.037, 0.478, 0.048, 0.157, 0.002, 0.003, 0.003, 0.001, 0.077, 0.239, 0.001, 0.010, 0.074, 0.192, 0.009, 0.030, 0.073, 0.007, 0.012, 0.172, 0.004, -9999.000, 0.027, -9999.000, 0.003, 0.002, 0.012, 0.009, 0.004, 0.009, 0.005, 0.044, 0.014, 0.003, 0.051, 0.041, 0.010 
1051200.1, 1051216.8, 1051208.4, 3.905, 0.165, 0.082, 0.005, 0.000, 0.073, 0.446, 0.193, 0.131, 0.007, 0.008, 0.018, 1.160, 0.215, 0.180, 0.005, 0.474, 0.001, 0.134, 0.009, 0.022, 0.341, 0.046, 0.110, 0.052, 0.027, 0.003, 0.004, 0.072, 0.182, 0.001, 0.009, 0.056, 0.176, 0.012, 0.019, 0.055, 0.009, 0.008, 0.124, 0.003, 0.003, 0.020, -9999.000, 0.006, 0.002, 0.011, 0.007, 0.003, 0.009, 0.005, 0.040, 0.006, 0.002, 0.036, 0.030, 0.010 
1062000.1, 1062017.2, 1062008.6, 4.142, 0.231, 0.119, 0.011, 0.000, 0.074, 0.441, 0.190, 0.071, 0.007, 0.019, 0.045, 1.786, 0.337, 0.225, 0.004, 0.063, -9999.000, 0.092, 0.027, 0.053, 0.592, 0.078, 0.244, 0.021, 0.016, 0.005, 0.008, 0.149, 0.331, 0.003, 0.008, 0.149, 0.339, 0.031, 0.050, 0.101, 0.018, 0.024, 0.216, 0.008, 0.003, 0.059, 0.005, 0.011, 0.006, 0.035, 0.019, 0.004, 0.014, 0.013, 0.099, 0.011, 0.007, 0.071, 0.057, 0.030 
1072800.1, 1072817.7, 1072808.9, 3.121, 0.186, 0.125, 0.005, -9999.000, 0.074, 0.449, 0.199, 0.074, 0.006, 0.072, 0.021, 1.332, 0.158, 0.118, -9999.000, 0.014, -9999.000, 0.033, 0.029, 0.137, 0.388, 0.084, 0.186, 0.018, 0.005, 0.042, 0.128, 0.224, 2.211, 0.001, 0.006, 0.080, 0.679, 0.013, 0.046, 0.272, 0.009, 0.013, 1.346, 0.003, -9999.000, 0.028, 0.032, 0.185, 0.003, 0.015, 0.009, -9999.000, 0.022, 0.112, 0.051, 0.038, 0.003, 0.253, 0.221, 0.012 
1083600.1, 1083616.6, 1083608.4, 3.280, 0.201, 0.070, 0.006, 0.001, 0.073, 0.454, 0.201, 0.068, 0.007, 0.019, 0.018, 1.473, 0.241, 0.157, 0.003, 0.030, -9999.000, 0.036, 0.027, 0.035, 0.588, 0.073, 0.130, 0.023, 0.012, 0.006, 0.004, 0.158, 0.321, 0.001, 0.007, 0.070, 0.304, 0.017, 0.036, 0.077, 0.016, 0.016, 0.239, 0.003, -9999.000, 0.024, 0.004, 0.006, 0.003, 0.015, 0.009, 0.004, 0.017, 0.012, 0.044, 0.009, 0.003, 0.053, 0.040, 0.012 
1094400.1, 1094417.3, 1094408.7, 5.169, 0.292, 0.159, 0.014, 0.002, 0.074, 0.450, 0.208, 0.080, 0.006, 0.037, 0.051, 2.126, 0.611, 0.281, 0.008, 0.149, 0.004, 0.114, 0.051, 0.077, 0.959, 0.148, 0.281, 0.046, 0.013, 0.012, 0.009, 0.351, 0.570, 0.005, 0.011, 0.145, 0.543, 0.083, 0.075, 0.148, 0.038, 0.046, 0.410, 0.011, -9999.000, 0.058, 0.010, 0.012, 0.007, 0.034, 0.018, 0.008, 0.032, 0.020, 0.127, 0.017, 0.009, 0.097, 0.079, 0.036 
1108800.1, 1108817.6, 1108808.8, 3.913, 0.162, 0.097, 0.003, -9999.000, 0.074, 0.443, 0.189, 0.068, 0.008, 0.008, 0.020, 1.176, 0.387, 0.169, 0.005, 0.397, 0.005, 0.234, 0.013, 0.022, 0.318, 0.104, 0.126, 0.063, 0.015, 0.005, 0.005, 0.086, 0.137, 0.002, 0.009, 0.073, 0.149, 0.021, 0.022, 0.047, 0.009, 0.015, 0.090, 0.004, 0.004, 0.027, 0.007, 0.006, 0.006, 0.027, 0.014, 0.009, 0.018, 0.007, 0.034, 0.007, 0.004, 0.030, 0.023, 0.018 
1123200.1, 1123216.8, 1123208.4, 3.839, 0.171, 0.121, 0.005, 0.000, 0.073, 0.448, 0.219, 0.069, 0.007, 0.014, 0.023, 1.639, 0.351, 0.245, 0.005, 0.124, 0.005, 0.075, 0.016, 0.033, 0.417, 0.043, 0.142, 0.024, 0.008, 0.006, 0.008, 0.190, 0.296, 0.002, 0.010, 0.065, 0.305, 0.030, 0.027, 0.073, 0.011, 0.014, 0.193, 0.003, 0.004, 0.024, 0.006, 0.009, 0.002, 0.010, 0.005, 0.002, 0.011, 0.010, 0.048, 0.011, 0.003, 0.053, 0.041, 0.011 
1137600.1, 1137617.4, 1137608.7, 4.329, 0.239, 0.232, 0.017, 0.005, 0.073, 0.441, 0.201, 0.091, 0.006, 0.034, 0.076, 2.443, 0.906, 0.382, 0.005, 0.041, 0.002, 0.030, 0.059, 0.099, 1.059, 0.240, 0.413, 0.011, 0.006, 0.014, 0.013, 0.272, 0.578, 0.005, 0.009, 0.225, 0.471, 0.055, 0.101, 0.192, 0.039, 0.054, 0.388, 0.016, 0.004, 0.099, 0.012, 0.019, 0.013, 0.065, 0.034, 0.026, 0.051, 0.030, 0.154, 0.023, 0.014, 0.129, 0.112, 0.058 
1152000.1, 1152016.7, 1152008.4, 5.006, 0.264, 0.141, 0.028, 0.004, 0.073, 0.450, 0.223, 0.102, 0.005, 0.054, 0.047, 2.934, 0.681, 0.304, 0.005, 0.009, 0.001, 0.028, 0.039, 0.053, 1.033, 0.155, 0.259, 0.008, 0.003, 0.006, 0.006, 0.169, 0.312, 0.004, 0.007, 0.154, 0.304, 0.050, 0.059, 0.110, 0.038, 0.037, 0.244, 0.010, -9999.000, 0.059, 0.005, 0.008, 0.009, 0.043, 0.022, 0.013, 0.029, 0.016, 0.088, 0.010, 0.009, 0.068, 0.059, 0.037 
1166400.1, 1166417.1, 1166408.6, 5.934, 0.324, 0.243, 0.068, 0.004, 0.072, 0.450, 0.208, 0.114, 0.005, 0.093, 0.107, 5.767, 0.750, 0.474, 0.010, 0.031, 0.007, 0.050, 0.112, 0.178, 1.552, 0.151, 0.535, 0.161, 0.023, 0.018, 0.040, 0.439, 1.166, 0.014, 0.009, 0.295, 0.832, 0.089, 0.156, 0.313, 0.071, 0.096, 0.842, 0.024, 0.004, 0.129, 0.016, 0.062, 0.020, 0.091, 0.047, 0.010, 0.032, 0.045, 0.237, 0.034, 0.020, 0.234, 0.205, 0.082 
1224000.1, 1224017.2, 1224008.7, 3.841, 0.259, 0.142, 0.004, 0.000, 0.074, 0.441, 0.196, 0.084, 0.008, 0.013, 0.032, 2.372, 0.374, 0.290, 0.014, 0.527, 0.004, 0.145, 0.019, 0.037, 0.611, 0.096, 0.194, 0.113, 0.040, 0.008, 0.010, 0.138, 0.223, 0.003, 0.008, 0.105, 0.262, 0.025, 0.039, 0.082, 0.015, 0.022, 0.145, 0.007, -9999.000, 0.038, 0.007, 0.014, 0.005, 0.026, 0.017, 0.005, 0.016, 0.010, 0.071, 0.008, 0.006, 0.051, 0.039, 0.023 
1231200.1, 1231217.1, 1231208.6, 3.428, 0.250, 0.106, 0.006, -9999.000, 0.074, 0.435, 0.192, 0.069, 0.008, 0.005, 0.011, 1.575, 0.220, 0.229, 0.015, 0.119, 0.002, 0.110, 0.006, 0.014, 0.440, 0.052, 0.081, 0.051, 0.017, 0.003, 0.004, 0.073, 0.112, 0.001, 0.008, 0.034, 0.136, 0.009, 0.017, 0.032, 0.006, 0.005, 0.069, 0.002, -9999.000, 0.012, 0.003, 0.005, 0.001, 0.007, 0.005, 0.002, 0.009, 0.006, 0.028, 0.004, 0.002, 0.021, 0.015, 0.007 
1238400.1, 1238417.2, 1238408.7, 4.898, 0.333, 0.234, 0.029, 0.001, 0.074, 0.437, 0.193, 0.087, 0.008, 0.042, 0.083, 4.755, 0.681, 0.467, 0.016, 0.099, 0.006, 0.140, 0.064, 0.116, 1.760, 0.155, 0.479, 0.116, 0.038, 0.015, 0.025, 0.464, 0.623, 0.007, 0.010, 0.242, 0.657, 0.074, 0.111, 0.210, 0.042, 0.063, 0.425, 0.018, 0.004, 0.106, 0.013, 0.037, 0.014, 0.073, 0.038, 0.013, 0.027, 0.028, 0.176, 0.026, 0.016, 0.142, 0.118, 0.065 
1245600.1, 1245617.0, 1245608.6, 3.680, 0.302, 0.129, 0.007, 0.000, 0.077, 0.440, 0.194, 0.075, 0.010, 0.026, 0.024, 2.370, 0.313, 0.235, 0.026, 0.043, 0.002, 0.091, 0.021, 0.055, 0.889, 0.075, 0.179, 0.063, 0.016, 0.007, 0.014, 0.170, 0.449, 0.002, 0.008, 0.084, 0.346, 0.022, 0.041, 0.110, 0.013, 0.016, 0.305, 0.004, -9999.000, 0.030, 0.006, 0.020, 0.003, 0.017, 0.010, 0.003, 0.012, 0.017, 0.057, 0.014, 0.004, 0.080, 0.062, 0.015 
1252800.1, 1252817.0, 1252808.6, 3.921, 0.249, 0.145, 0.006, 0.001, 0.073, 0.433, 0.191, 0.083, 0.008, 0.016, 0.031, 2.943, 0.421, 0.278, 0.011, 0.026, 0.003, 0.056, 0.026, 0.045, 0.970, 0.093, 0.205, 0.073, 0.018, 0.007, 0.010, 0.155, 0.251, 0.003, 0.006, 0.109, 0.272, 0.028, 0.050, 0.092, 0.015, 0.021, 0.168, 0.006, -9999.000, 0.039, 0.007, 0.015, 0.004, 0.026, 0.015, 0.005, 0.016, 0.010, 0.070, 0.009, 0.005, 0.060, 0.050, 0.022 
1260000.1, 1260017.1, 1260008.6, 4.392, 0.294, 0.179, 0.004, 0.000, 0.073, 0.434, 0.190, 0.081, 0.010, 0.014, 0.039, 1.889, 0.793, 0.513, 0.034, 0.273, 0.003, 0.072, 0.027, 0.050, 0.639, 0.199, 0.220, 0.080, 0.020, 0.015, 0.012, 0.147, 0.248, 0.003, 0.006, 0.124, 0.228, 0.023, 0.049, 0.088, 0.015, 0.023, 0.153, 0.007, -9999.000, 0.048, 0.016, 0.018, 0.005, 0.031, 0.019, 0.018, 0.031, 0.011, 0.094, 0.010, 0.006, 0.061, 0.050, 0.028 
1267200.1, 1267217.4, 1267208.8, 2.853, 0.201, 0.144, 0.012, 0.001, 0.074, 0.441, 0.199, 0.081, 0.008, 0.018, 0.104, 1.555, 0.510, 0.280, 0.007, 0.306, 0.002, 0.132, 0.032, 0.075, 0.567, 0.133, 0.260, 0.064, 0.011, 0.010, 0.014, 0.176, 0.373, 0.004, 0.005, 0.273, 0.388, 0.034, 0.061, 0.151, 0.022, 0.029, 0.245, 0.009, -9999.000, 0.122, 0.010, 0.020, 0.005, 0.032, 0.017, 0.009, 0.023, 0.016, 0.123, 0.014, 0.008, 0.089, 0.077, 0.031 
1274400.1, 1274416.7, 1274408.4, 3.050, 0.192, 0.054, 0.006, -9999.000, 0.075, 0.432, 0.194, 0.078, 0.017, 0.007, 0.013, 0.805, 0.185, 0.157, 0.020, 0.298, 0.001, 0.094, 0.009, 0.023, 0.237, 0.051, 0.091, 0.016, 0.004, 0.005, 0.007, 0.074, 0.183, 0.001, 0.004, 0.044, 0.203, 0.007, 0.018, 0.060, 0.006, 0.010, 0.106, 0.002, -9999.000, 0.015, 0.005, 0.010, 0.001, 0.006, 0.006, 0.002, 0.011, 0.007, 0.035, 0.006, 0.001, 0.037, 0.030, 0.004 
1281600.1, 1281617.2, 1281608.7, 3.191, 0.271, 0.072, 0.005, -9999.000, 0.072, 0.439, 0.191, 0.078, 0.009, 0.006, 0.010, 0.908, 0.222, 0.158, 0.021, 0.222, 0.002, 0.073, 0.007, 0.018, 0.164, 0.067, 0.074, 0.025, 0.005, 0.007, 0.006, 0.046, 0.134, -9999.000, 0.005, 0.036, 0.125, 0.005, 0.011, 0.039, 0.004, 0.006, 0.082, 0.002, -9999.000, 0.012, 0.007, 0.009, 0.001, 0.007, 0.006, 0.005, 0.013, 0.007, 0.024, 0.005, 0.002, 0.027, 0.021, 0.006 
1288800.1, 1288817.3, 1288808.7, 2.659, 0.288, 0.107, 0.004, 0.000, 0.072, 0.430, 0.189, 0.093, 0.014, 0.006, 0.014, 1.130, 0.558, 0.239, 0.029, 0.242, 0.002, 0.091, 0.008, 0.019, 0.349, 0.166, 0.104, 0.017, 0.003, 0.013, 0.010, 0.076, 0.193, 0.001, -9999.000, 0.039, 0.224, 0.006, 0.018, 0.048, 0.007, 0.010, 0.117, 0.002, -9999.000, 0.013, 0.012, 0.013, 0.001, 0.006, 0.005, 0.018, 0.030, 0.013, 0.027, 0.005, 0.001, 0.031, 0.023, 0.005 
1296000.1, 1296017.4, 1296008.7, 2.701, 0.462, 0.111, 0.013, -9999.000, 0.072, 0.433, 0.192, 0.082, 0.016, 0.016, 0.018, 0.910, 0.475, 0.185, 0.056, 0.304, 0.001, 0.089, 0.014, 0.041, 0.214, 0.121, 0.128, 0.034, 0.006, 0.014, 0.018, 0.111, 0.337, 0.001, 0.004, 0.062, 0.348, 0.009, 0.029, 0.088, 0.009, 0.013, 0.212, 0.003, -9999.000, 0.021, 0.016, 0.028, 0.002, 0.011, 0.007, 0.007, 0.021, -9999.000, 0.060, 0.011, 0.002, 0.065, 0.050, 0.009 
1302402.8, 1302419.9, 1302411.4, 5.186, 0.302, 0.110, 0.005, 0.001, 0.072, 0.433, 0.190, 0.083, 0.015, 0.016, 0.018, 1.492, 0.254, 0.183, 0.040, 0.342, 0.002, 0.103, 0.031, 0.041, 0.866, 0.089, 0.132, 0.056, 0.011, 0.010, 0.012, 0.214, 0.310, -9999.000, 0.006, 0.067, 0.341, 0.018, 0.038, 0.096, 0.017, 0.022, 0.215, 0.003, -9999.000, 0.022, 0.009, 0.015, 0.003, 0.013, 0.009, 0.004, 0.019, 0.013, 0.065, 0.010, 0.003, 0.059, 0.046, 0.011 
1306800.1, 1306817.0, 1306808.5, 2.990, 0.228, 0.168, 0.008, 0.000, 0.075, 0.461, 0.238, 0.119, 0.006, 0.025, 0.053, 1.894, 0.416, 0.401, 0.010, 1.001, 0.009, 0.149, 0.034, 0.063, 0.807, 0.132, 0.331, 0.186, 0.050, 0.016, 0.024, 0.209, 0.511, 0.005, 0.006, 0.163, 0.519, 0.034, 0.056, 0.123, 0.028, 0.034, 0.296, 0.012, -9999.000, 0.066, 0.014, 0.033, 0.009, 0.049, 0.027, 0.010, 0.025, 0.022, 0.136, 0.017, 0.010, 0.106, 0.084, 0.042 
1317600.1, 1317617.2, 1317608.7, 2.601, 0.247, 0.135, 0.020, 0.000, 0.075, 0.447, 0.197, 0.083, 0.007, 0.019, 0.040, 1.656, 0.507, 0.295, 0.013, 0.152, 0.002, 0.087, 0.027, 0.057, 0.463, 0.141, 0.252, 0.058, 0.023, 0.012, 0.015, 0.174, 0.354, 0.002, 0.006, 0.132, 0.339, 0.026, 0.048, 0.107, 0.019, 0.025, 0.226, 0.008, -9999.000, 0.051, 0.011, 0.020, 0.006, 0.033, 0.017, 0.020, 0.025, 0.015, 0.083, 0.013, 0.006, 0.073, 0.058, 0.028 
1328400.1, 1328416.8, 1328408.5, 2.388, 0.157, 0.090, 0.010, 0.000, 0.074, 0.445, 0.201, 0.100, 0.007, 0.024, 0.040, 2.841, 0.247, 0.147, 0.006, 0.053, 0.010, 0.039, 0.028, 0.053, 1.403, 0.069, 0.228, 0.106, 0.031, 0.011, 0.019, 0.204, 0.343, 0.003, -9999.000, 0.136, 0.375, 0.055, 0.050, 0.098, 0.027, 0.026, 0.222, 0.009, -9999.000, 0.053, 0.009, 0.025, 0.007, 0.037, 0.021, 0.004, 0.013, 0.016, 0.091, 0.011, 0.007, 0.073, 0.055, 0.030 
