CampaignData_and_Merges/R0/CSL_MobileLab_Parked/raw/20240715/USOS-iWAS_MobileLabGround_20240715_R1.ict
92, 1001
Jessica Gilman and Victoria Treadaway
NOAA Chemical Sciences Laboratory and CIRES at University of Colorado
NOAA iWAS Instrument: VOC measurement
USOS
1, 1
2024, 07, 15, 2025, 05, 23
0
iWAS_Start_UTC, SecondsFromMidnightUTC, WAS_Open
59
1, 1, 1, 1, 1, 1, 1, 1, 1, 1, 1, 1, 1, 1, 1, 1, 1, 1, 1, 1, 1, 1, 1, 1, 1, 1, 1, 1, 1, 1, 1, 1, 1, 1, 1, 1, 1, 1, 1, 1, 1, 1, 1, 1, 1, 1, 1, 1, 1, 1, 1, 1, 1, 1, 1, 1, 1, 1, 1
-9999, -9999, -9999, -9999, -9999, -9999, -9999, -9999, -9999, -9999, -9999, -9999, -9999, -9999, -9999, -9999, -9999, -9999, -9999, -9999, -9999, -9999, -9999, -9999, -9999, -9999, -9999, -9999, -9999, -9999, -9999, -9999, -9999, -9999, -9999, -9999, -9999, -9999, -9999, -9999, -9999, -9999, -9999, -9999, -9999, -9999, -9999, -9999, -9999, -9999, -9999, -9999, -9999, -9999, -9999, -9999, -9999, -9999, -9999
iWAS_Stop_UTC, SecondsFromMidnightUTC, WAS_Closed
iWAS_Mid_UTC, SecondsFromMidnightUTC, WAS_Mid
Acetone_ppbv, ppbv, Gas_Acetone_Insitu_S_DVMR
Acrolein_ppbv, ppbv, Gas_Acrolein_Insitu_S_DVMR
Benzene_ppbv, ppbv, Gas_Benzene_Insitu_S_DVMR
C2Cl4_ppbv, ppbv, Gas_C2Cl4_Insitu_S_DVMR
C2HCl3_ppbv, ppbv, Gas_C2HCl3_Insitu_S_DVMR
CCl4_ppbv, ppbv, Gas_CCl4_Insitu_S_DVMR
CF2Cl2_ppbv, ppbv, Gas_CF2Cl2_Insitu_S_DVMR
CFCl3_ppbv, ppbv, Gas_CFCl3_Insitu_S_DVMR
CH2Cl2_ppbv, ppbv, Gas_CH2Cl2_Insitu_S_DVMR
CH3Br_ppbv, ppbv, Gas_CH3Br_Insitu_S_DVMR
CycPentane_ppbv, ppbv, Gas_CycPentane_Insitu_S_DVMR
EthBenzene_ppbv, ppbv, Gas_EthBenzene_Insitu_S_DVMR
Ethane_ppbv, ppbv, Gas_Ethane_Insitu_S_DVMR
Ethene_ppbv, ppbv, Gas_Ethene_Insitu_S_DVMR
Ethyne_ppbv, ppbv, Gas_Ethyne_Insitu_S_DVMR
Furan_ppbv, ppbv, Gas_Furan_Insitu_S_DVMR
Isoprene_ppbv, ppbv, Gas_Isoprene_Insitu_S_DVMR
Limonene_ppbv, ppbv, Gas_Limonene_Insitu_S_DVMR
MACR_ppbv, ppbv, Gas_MACR_Insitu_S_DVMR
MeCycHexane_ppbv, ppbv, Gas_MeCycHexane_Insitu_S_DVMR
MeCycPentane_ppbv, ppbv, Gas_MeCycPentane_Insitu_S_DVMR
Propane_ppbv, ppbv, Gas_Propane_Insitu_S_DVMR
Propene_ppbv, ppbv, Gas_Propene_Insitu_S_DVMR
Toluene_ppbv, ppbv, Gas_Toluene_Insitu_S_DVMR
aPinene_ppbv, ppbv, Gas_aPinene_Insitu_S_DVMR
bPinene_ppbv, ppbv, Gas_bPinene_Insitu_S_DVMR
c2Butene_ppbv, ppbv, Gas_c2Butene_Insitu_S_DVMR
c2Pentene_ppbv, ppbv, Gas_c2Pentene_Insitu_S_DVMR
iButane_ppbv, ppbv, Gas_iButane_Insitu_S_DVMR
iPentane_ppbv, ppbv, Gas_iPentane_Insitu_S_DVMR
iPropBenzene_ppbv, ppbv, Gas_iPropBenzene_Insitu_S_DVMR
iPropONO2_ppbv, ppbv, Gas_iPropONO2_Insitu_S_DVMR
mpXylene_ppbv, ppbv, Gas_mpXylene_Insitu_M_DVMR
nButane_ppbv, ppbv, Gas_nButane_Insitu_S_DVMR
nDecane_ppbv, ppbv, Gas_nDecane_Insitu_S_DVMR
nHeptane_ppbv, ppbv, Gas_nHeptane_Insitu_S_DVMR
nHexane_ppbv, ppbv, Gas_nHexane_Insitu_S_DVMR
nNonane_ppbv, ppbv, Gas_nNonane_Insitu_S_DVMR
nOctane_ppbv, ppbv, Gas_nOctane_Insitu_S_DVMR
nPentane_ppbv, ppbv, Gas_nPentane_Insitu_S_DVMR
nPropBenzene_ppbv, ppbv, Gas_nPropBenzene_Insitu_S_DVMR
nPropONO2_ppbv, ppbv, Gas_nPropONO2_Insitu_S_DVMR
oXylene_ppbv, ppbv, Gas_oXylene_Insitu_S_DVMR
t2Butene_ppbv, ppbv, Gas_t2Butene_Insitu_S_DVMR
t2Pentene_ppbv, ppbv, Gas_t2Pentene_Insitu_S_DVMR
x123tmBenzene_ppbv, ppbv, Gas_x123tmBenzene_Insitu_S_DVMR
x124tmBenzene_ppbv, ppbv, Gas_x124tmBenzene_Insitu_S_DVMR
x135tmBenzene_ppbv, ppbv, Gas_x135tmBenzene_Insitu_S_DVMR
x13butadiene_ppbv, ppbv, Gas_x13butadiene_Insitu_S_DVMR
x1Butene_ppbv, ppbv, Gas_x1Butene_Insitu_S_DVMR
[...]
PLATFORM: NOAA Mobile Lab
LOCATION: Salt Lake City, UT
ASSOCIATED_DATA: N/A
INSTRUMENT_INFO: Whole air samplers with offline analysis via GC-MS
DATA_INFO: Units: ppbv
UNCERTAINTY: TBD
ULOD_FLAG: -7777
ULOD_VALUE: N/A
LLOD_FLAG: -8888
LLOD_VALUE: N/A
DM_CONTACT_INFO: jessica.gilman@noaa.gov
PROJECT_INFO: Salt Lake City Utah July 17 to August 18, 2024; https://csl.noaa.gov/projects/aeromma/ 
STIPULATIONS_ON_USE: Use of these data require prior ok from PI.
OTHER_COMMENTS: Parameters named usng NASA ESDS Atmospheric Composition Variable Standard Naming convention.
REVISION: R1
RA is preliminary data for a limited number of VOCs, R0 final data will contain expanded list of VOCs, R1 fixed error in time waves.
iWAS_Start_UTC, iWAS_Stop_UTC, iWAS_Mid_UTC, Acetone_ppbv, Acrolein_ppbv, Benzene_ppbv, C2Cl4_ppbv, C2HCl3_ppbv, CCl4_ppbv, CF2Cl2_ppbv, CFCl3_ppbv, CH2Cl2_ppbv, CH3Br_ppbv, CycPentane_ppbv, EthBenzene_ppbv, Ethane_ppbv, Ethene_ppbv, Ethyne_ppbv, Furan_ppbv, Isoprene_ppbv, Limonene_ppbv, MACR_ppbv, MeCycHexane_ppbv, MeCycPentane_ppbv, Propane_ppbv, Propene_ppbv, Toluene_ppbv, aPinene_ppbv, bPinene_ppbv, c2Butene_ppbv, c2Pentene_ppbv, iButane_ppbv, iPentane_ppbv, iPropBenzene_ppbv, iPropONO2_ppbv, mpXylene_ppbv, nButane_ppbv, nDecane_ppbv, nHeptane_ppbv, nHexane_ppbv, nNonane_ppbv, nOctane_ppbv, nPentane_ppbv, nPropBenzene_ppbv, nPropONO2_ppbv, oXylene_ppbv, t2Butene_ppbv, t2Pentene_ppbv, x123tmBenzene_ppbv, x124tmBenzene_ppbv, x135tmBenzene_ppbv, x13butadiene_ppbv, x1Butene_ppbv, x1Pentene_ppbv, x224TriMePentane_ppbv, x22DiMeButane_ppbv, x2EthToluene_ppbv, x2MePentane_ppbv, x3MePentane_ppbv, x3and4EthToluene_ppbv
[from data line 256]
2282400.1, 2282439.3, 2282419.7, 2.360, 0.120, 0.052, 0.005, 0.001, 0.073, 0.442, 0.200, 0.058, 0.008, 0.008, 0.016, 1.562, 0.165, 0.123, 0.005, 0.054, 0.001, 0.056, 0.013, 0.022, 0.589, 0.041, 0.119, 0.035, 0.012, 0.004, 0.006, 0.155, 0.147, 0.001, 0.007, 0.057, 0.161, 0.014, 0.021, 0.046, 0.009, 0.013, 0.101, 0.003, -9999.000, 0.020, 0.004, 0.007, 0.003, 0.014, 0.008, 0.002, 0.007, 0.007, 0.043, 0.005, 0.003, 0.034, 0.028, 0.012 
2289600.1, 2289639.5, 2289619.8, 2.281, 0.103, 0.045, 0.007, -9999.000, 0.073, 0.447, 0.202, 0.061, 0.007, 0.007, 0.010, 2.140, 0.208, 0.171, 0.005, 0.032, 0.002, 0.056, 0.018, 0.021, 0.716, 0.042, 0.087, 0.037, 0.010, 0.003, 0.005, 0.108, 0.127, 0.001, 0.009, 0.041, 0.215, 0.011, 0.026, 0.057, 0.011, 0.014, 0.111, 0.002, -9999.000, 0.012, 0.004, 0.006, 0.002, 0.009, 0.005, 0.003, 0.007, 0.005, 0.028, 0.004, 0.002, 0.031, 0.024, 0.007 
2296800.1, 2296839.9, 2296820.0, 2.479, 0.130, 0.051, 0.004, -9999.000, 0.072, 0.450, 0.201, 0.060, 0.008, 0.009, 0.012, 1.944, 0.280, 0.142, 0.006, 0.276, 0.003, 0.082, 0.019, 0.019, 0.768, 0.067, 0.080, 0.068, 0.017, 0.004, 0.004, 0.116, 0.141, 0.001, 0.008, 0.039, 0.258, 0.013, 0.029, 0.057, 0.012, 0.016, 0.121, 0.002, -9999.000, 0.014, 0.003, 0.005, 0.002, 0.008, 0.005, 0.005, 0.013, 0.008, 0.022, 0.004, 0.002, 0.032, 0.025, 0.007 
2304000.1, 2304040.6, 2304020.3, 2.595, 0.115, 0.069, 0.009, -9999.000, 0.071, 0.445, 0.199, 0.062, 0.008, 0.013, 0.020, 1.650, 0.260, 0.191, 0.003, 0.076, -9999.000, 0.081, 0.018, 0.035, 0.625, 0.056, 0.125, 0.015, 0.004, 0.003, 0.003, 0.128, 0.225, 0.001, 0.012, 0.053, 0.278, 0.012, 0.032, 0.085, 0.010, 0.015, 0.156, 0.003, -9999.000, 0.022, 0.002, 0.004, 0.002, 0.009, 0.006, 0.002, 0.009, 0.006, 0.056, 0.005, 0.003, 0.052, 0.045, 0.009 
2311200.1, 2311240.1, 2311220.1, 2.588, 0.139, 0.067, 0.007, -9999.000, 0.072, 0.445, 0.200, 0.059, 0.008, 0.012, 0.018, 1.108, 0.228, 0.128, 0.005, 0.223, -9999.000, 0.093, 0.011, 0.026, 0.350, 0.059, 0.110, 0.027, 0.007, 0.010, 0.009, 0.152, 0.271, 0.001, 0.012, 0.052, 0.307, 0.012, 0.023, 0.068, 0.007, 0.009, 0.164, 0.003, -9999.000, 0.020, 0.012, 0.012, 0.002, 0.010, 0.006, 0.003, 0.014, 0.009, 0.060, 0.010, 0.003, 0.054, 0.043, 0.009 
2318400.1, 2318440.1, 2318420.1, 2.588, 0.107, 0.067, 0.008, -9999.000, 0.072, 0.447, 0.208, 0.064, 0.008, 0.014, 0.019, 1.212, 0.215, 0.136, 0.005, 0.154, 0.003, 0.070, 0.015, 0.033, 0.338, 0.047, 0.130, 0.031, 0.006, 0.011, 0.016, 0.117, 0.323, 0.001, 0.010, 0.059, 0.297, 0.012, 0.031, 0.077, 0.009, 0.014, 0.212, 0.003, -9999.000, 0.022, 0.010, 0.022, 0.002, 0.012, 0.007, 0.004, 0.011, 0.014, 0.060, 0.010, 0.003, 0.062, 0.053, 0.010 
2325600.1, 2325640.2, 2325620.1, 2.567, 0.137, 0.052, 0.004, -9999.000, 0.072, 0.444, 0.199, 0.056, 0.008, 0.004, 0.010, 0.872, 0.187, 0.094, 0.006, 0.668, -9999.000, 0.170, 0.006, 0.014, 0.181, 0.049, 0.070, 0.038, 0.010, 0.006, 0.006, 0.047, 0.138, -9999.000, 0.009, 0.030, 0.124, 0.008, 0.017, 0.033, 0.006, 0.008, 0.073, 0.002, 0.004, 0.011, 0.005, 0.008, 0.002, 0.006, 0.005, 0.002, 0.011, 0.007, 0.032, 0.005, 0.002, 0.028, 0.022, 0.005 
2332800.1, 2332840.5, 2332820.3, 3.316, 0.111, 0.065, 0.008, -9999.000, 0.072, 0.445, 0.200, 0.061, 0.007, 0.007, 0.021, 1.043, 0.299, 0.191, 0.006, 0.387, -9999.000, 0.085, 0.014, 0.017, 0.238, 0.073, 1.048, 0.057, 0.015, 0.006, 0.007, 0.079, 0.151, 0.001, 0.040, 0.063, 0.152, 0.017, 0.017, 0.038, 0.008, 0.029, 0.095, 0.003, -9999.000, 0.022, 0.006, 0.009, 0.003, 0.012, 0.007, 0.005, 0.011, 0.007, 0.040, 0.005, 0.003, 0.031, 0.026, 0.011 
2340000.1, 2340040.4, 2340020.2, 2.623, 0.183, 0.094, 0.008, -9999.000, 0.073, 0.450, 0.200, 0.064, 0.008, 0.012, 0.029, 1.468, 0.380, 0.223, 0.010, 0.408, 0.003, 0.089, 0.013, 0.038, 0.518, 0.094, 0.181, 0.041, 0.012, 0.008, 0.013, 0.119, 0.265, 0.002, 0.010, 0.085, 0.271, 0.018, 0.034, 0.073, 0.014, 0.018, 0.235, 0.005, 0.006, 0.032, 0.007, 0.017, 0.003, 0.019, 0.011, 0.006, 0.017, 0.013, 0.064, 0.009, 0.004, 0.054, 0.047, 0.016 
2347200.1, 2347221.7, 2347210.9, 2.234, 0.125, 0.075, 0.004, -9999.000, 0.071, 0.440, 0.200, 0.070, 0.008, 0.009, 0.019, 1.320, 0.331, 0.127, 0.007, 0.511, 0.003, 0.090, 0.011, 0.025, 0.562, 0.088, 0.116, 0.064, 0.028, 0.005, 0.007, 0.073, 0.142, -9999.000, -9999.000, 0.062, 0.151, 0.012, 0.025, 0.053, 0.009, 0.013, 0.093, 0.003, -9999.000, 0.022, 0.006, 0.009, 0.003, 0.015, 0.009, 0.008, 0.017, 0.009, 0.041, 0.005, 0.003, 0.037, 0.032, 0.012 
2354400.1, 2354421.4, 2354410.7, 2.429, 0.398, 0.067, 0.005, -9999.000, 0.072, 0.448, 0.200, 0.059, 0.008, 0.008, 0.017, 1.464, 0.240, 0.147, 0.010, 0.221, 0.002, 0.093, 0.010, 0.019, 0.366, 0.058, 0.116, 0.052, 0.022, 0.005, 0.006, 0.088, 0.146, -9999.000, 0.007, 0.057, 0.153, 0.012, 0.021, 0.047, 0.008, 0.013, 0.097, 0.003, -9999.000, 0.020, 0.004, 0.008, 0.003, 0.014, 0.009, 0.004, 0.010, 0.008, 0.040, 0.005, 0.003, 0.035, 0.030, 0.011 
2361600.1, 2361622.3, 2361611.2, 2.686, 0.149, 0.135, 0.008, 0.001, 0.072, 0.449, 0.199, 0.063, 0.007, 0.024, 0.054, 3.070, 0.489, 0.240, 0.006, 0.169, 0.007, 0.086, 0.035, 0.067, 0.809, 0.125, 0.289, 0.083, 0.035, 0.012, 0.019, 0.236, 0.361, 0.004, -9999.000, 0.162, 0.386, 0.042, 0.061, 0.122, 0.028, 0.032, 0.249, 0.012, -9999.000, 0.068, 0.011, 0.026, 0.012, 0.052, 0.028, 0.011, 0.021, 0.018, 0.111, 0.013, 0.011, 0.092, 0.076, 0.043 
2368800.1, 2368822.0, 2368811.0, 2.497, 0.160, 0.069, 0.006, 0.001, 0.073, 0.445, 0.201, 0.061, 0.008, 0.012, 0.023, 2.305, 0.247, 0.136, 0.004, 0.072, 0.002, 0.059, 0.015, 0.031, 0.638, 0.053, 0.145, 0.059, 0.020, 0.006, 0.008, 0.143, 0.214, 0.002, 0.008, 0.074, 0.240, 0.017, 0.028, 0.062, 0.011, 0.015, 0.142, 0.004, -9999.000, 0.027, 0.005, 0.011, 0.003, 0.018, 0.011, 0.003, 0.010, 0.009, 0.051, 0.006, 0.003, 0.048, 0.036, 0.014 
2376000.1, 2376022.1, 2376011.1, 2.314, 0.118, 0.061, 0.007, -9999.000, 0.072, 0.448, 0.200, 0.064, 0.008, 0.009, 0.016, 2.599, 0.355, 0.434, 0.004, 0.041, 0.002, 0.050, 0.014, 0.023, 0.734, 0.052, 0.107, 0.054, 0.015, 0.004, 0.005, 0.105, 0.145, 0.001, 0.009, 0.053, 0.183, 0.013, 0.025, 0.051, 0.010, 0.014, 0.106, 0.003, -9999.000, 0.019, 0.004, 0.007, 0.002, 0.013, 0.007, 0.003, 0.009, 0.006, 0.039, 0.005, 0.002, 0.034, 0.028, 0.010 
2383200.1, 2383221.7, 2383210.9, 3.005, 0.208, 0.108, 0.012, 0.000, 0.073, 0.449, 0.202, 0.072, 0.009, 0.020, 0.038, 3.368, 0.507, 0.332, 0.006, 0.201, 0.007, 0.070, 0.030, 0.057, 1.036, 0.092, 0.223, 0.123, 0.035, 0.009, 0.015, 0.232, 0.298, 0.004, 0.009, 0.119, 0.404, 0.030, 0.050, 0.114, 0.019, 0.026, 0.223, 0.007, -9999.000, 0.046, 0.007, 0.020, 0.005, 0.031, 0.017, 0.006, 0.017, 0.015, 0.080, 0.010, 0.006, 0.081, 0.068, 0.025 
2390400.1, 2390421.0, 2390410.5, 2.595, 0.111, 0.063, 0.007, -9999.000, 0.072, 0.453, 0.195, 0.061, 0.008, 0.009, 0.018, 1.566, 0.233, 0.170, 0.002, 0.075, -9999.000, 0.088, 0.014, 0.028, 0.532, 0.044, 0.115, 0.018, 0.005, -9999.000, 0.002, 0.109, 0.201, 0.001, 0.010, 0.049, 0.225, 0.012, 0.025, 0.065, 0.009, 0.011, 0.131, 0.003, -9999.000, 0.017, -9999.000, 0.003, 0.002, 0.009, 0.006, 0.002, 0.008, 0.005, 0.049, 0.007, 0.002, 0.043, 0.036, 0.008 
2397600.1, 2397621.0, 2397610.5, 2.431, 0.127, 0.045, 0.005, -9999.000, 0.071, 0.442, 0.196, 0.057, 0.008, 0.006, 0.011, 0.999, 0.152, 0.101, 0.003, 0.116, -9999.000, 0.067, 0.006, 0.017, 0.267, 0.034, 0.070, 0.011, 0.004, 0.005, 0.004, 0.083, 0.168, 0.001, 0.010, 0.031, 0.176, 0.008, 0.014, 0.040, 0.004, 0.007, 0.117, 0.002, 0.005, 0.010, 0.004, 0.004, 0.001, 0.006, 0.003, 0.001, 0.008, 0.005, 0.036, 0.005, 0.001, 0.032, 0.025, 0.005 
2404800.1, 2404821.8, 2404811.0, 2.497, 0.082, 0.056, 0.005, -9999.000, 0.071, 0.451, 0.200, 0.060, 0.008, 0.006, 0.010, 1.073, 0.126, 0.120, -9999.000, 0.095, 0.001, 0.041, 0.007, 0.020, 0.251, 0.027, 0.075, 0.014, 0.003, 0.005, 0.007, 0.070, 0.176, 0.001, 0.010, 0.030, 0.176, 0.006, 0.009, 0.041, 0.005, 0.007, 0.128, 0.002, -9999.000, 0.011, 0.004, 0.009, 0.001, 0.006, 0.004, -9999.000, 0.006, 0.007, 0.032, 0.006, 0.001, 0.032, 0.027, 0.004 
2412000.1, 2412021.0, 2412010.6, 2.315, 0.125, 0.037, 0.003, -9999.000, 0.071, 0.439, 0.194, 0.056, 0.008, 0.003, 0.006, 0.839, 0.109, 0.083, 0.004, 0.265, 0.002, 0.094, 0.004, 0.010, 0.173, 0.021, 0.042, 0.015, 0.004, 0.003, 0.004, 0.039, 0.107, 0.000, 0.010, 0.016, 0.104, 0.005, 0.009, 0.023, 0.003, 0.005, 0.063, 0.001, -9999.000, 0.006, 0.002, 0.004, 0.001, 0.003, -9999.000, -9999.000, 0.005, 0.004, 0.019, 0.004, 0.001, 0.020, 0.015, 0.002 
2419200.1, 2419221.9, 2419211.0, 2.605, 0.089, 0.050, 0.006, -9999.000, 0.071, 0.441, 0.196, 0.059, 0.008, 0.005, 0.012, 1.007, 0.174, 0.124, 0.006, 0.209, -9999.000, 0.045, 0.010, 0.016, 0.225, 0.040, 0.373, 0.031, 0.010, -9999.000, 0.004, 0.063, 0.141, 0.001, 0.018, 0.037, 0.149, 0.010, 0.011, 0.033, 0.006, 0.015, 0.087, 0.002, -9999.000, 0.013, 0.004, 0.005, 0.001, 0.007, 0.005, 0.003, 0.007, 0.005, 0.029, 0.005, 0.002, 0.027, 0.022, 0.006 
2426400.1, 2426420.9, 2426410.5, 2.559, 0.151, 0.095, 0.006, -9999.000, 0.072, 0.442, 0.192, 0.068, 0.008, 0.016, 0.027, 1.569, 0.399, 0.210, 0.006, 0.352, 0.003, 0.060, 0.016, 0.040, 0.519, 0.101, 0.172, 0.051, 0.015, 0.010, 0.015, 0.140, 0.344, -9999.000, 0.009, 0.085, 0.328, 0.017, 0.033, 0.079, 0.013, 0.014, 0.234, 0.005, -9999.000, 0.032, 0.009, 0.019, 0.004, 0.021, 0.012, 0.011, 0.018, 0.014, 0.067, 0.011, 0.005, 0.064, 0.053, 0.018 
2478626.4, 2478646.7, 2478636.5, 2.663, 0.118, 0.045, 0.030, 0.000, 0.072, 0.442, 0.198, 0.054, 0.009, 0.004, 0.017, 0.953, 0.225, 0.147, 0.004, 0.090, -9999.000, 0.084, 0.009, 0.017, 0.277, 0.046, 0.087, 0.022, 0.006, 0.003, 0.003, 0.066, 0.119, 0.001, 0.009, 0.049, 0.127, 0.011, 0.017, 0.034, 0.007, 0.010, 0.071, 0.003, -9999.000, 0.019, 0.002, 0.003, 0.002, 0.009, 0.006, 0.002, 0.008, 0.005, 0.035, 0.005, 0.002, 0.027, 0.022, 0.008 
2480400.1, 2480419.8, 2480410.0, 2.075, 0.142, 0.046, 0.011, -9999.000, 0.071, 0.440, 0.216, 0.050, 0.009, 0.005, 0.012, 1.369, 0.305, 0.144, 0.005, 0.113, 0.002, 0.049, 0.007, 0.014, 0.202, 0.106, 0.082, 0.023, 0.005, 0.007, 0.006, 0.053, 0.120, 0.001, 0.008, 0.040, 0.107, 0.007, 0.014, 0.029, 0.006, 0.008, 0.065, 0.002, 0.003, 0.015, 0.008, 0.007, 0.002, 0.009, 0.005, 0.008, 0.014, 0.006, 0.034, 0.005, 0.002, 0.030, 0.020, 0.008 
2484000.1, 2484019.6, 2484009.9, 2.816, 0.141, 0.027, 0.004, -9999.000, 0.071, 0.440, 0.195, 0.052, 0.009, 0.004, 0.010, 0.736, 0.138, 0.075, 0.005, 0.107, 0.002, 0.053, 0.006, 0.011, 0.328, 0.037, 0.085, 0.014, 0.003, 0.003, 0.004, 0.048, 0.095, 0.000, 0.011, 0.031, 0.169, 0.008, 0.011, 0.028, 0.005, 0.006, 0.056, 0.001, -9999.000, 0.012, 0.003, 0.004, 0.001, 0.005, -9999.000, 0.002, 0.007, 0.004, 0.024, 0.004, 0.001, 0.022, 0.018, 0.005 
2487600.1, 2487619.5, 2487609.8, 3.593, 0.285, 0.039, 0.034, -9999.000, 0.072, 0.442, 0.208, 0.054, 0.009, 0.005, 0.010, 0.763, 0.158, 0.070, 0.016, 0.148, 0.006, 0.059, 0.005, 0.015, 0.215, 0.043, 0.063, 0.017, 0.004, 0.003, 0.006, 0.055, 0.127, 0.001, 0.011, 0.031, 0.148, 0.007, 0.014, 0.028, 0.004, 0.007, 0.076, 0.002, 0.005, 0.010, 0.004, 0.007, 0.001, 0.005, 0.003, 0.001, 0.011, 0.007, 0.022, 0.005, 0.001, 0.028, 0.019, 0.005 
2491200.1, 2491219.7, 2491209.9, 2.988, 0.198, 0.039, 0.012, -9999.000, 0.071, 0.442, 0.209, 0.053, 0.009, 0.006, 0.012, 0.797, 0.191, 0.088, 0.007, 0.157, 0.002, 0.051, 0.007, 0.013, 0.221, 0.044, 0.078, 0.020, 0.004, 0.004, 0.005, 0.064, 0.140, 0.001, 0.010, 0.037, 0.144, 0.007, 0.015, 0.037, 0.005, 0.009, 0.084, 0.002, -9999.000, 0.012, 0.004, 0.007, 0.001, 0.007, 0.004, 0.002, 0.009, 0.007, 0.030, 0.006, 0.002, 0.032, 0.025, 0.006 
2494800.1, 2494819.7, 2494809.9, 2.804, 0.186, 0.057, 0.009, 0.000, 0.071, 0.437, 0.185, 0.057, 0.009, 0.007, 0.021, 0.945, 0.361, 0.111, 0.007, 0.045, 0.002, 0.027, 0.012, 0.029, 0.280, 0.102, 0.123, 0.027, 0.006, 0.007, 0.007, 0.066, 0.130, 0.001, 0.011, 0.068, 0.135, 0.014, 0.027, 0.061, 0.010, 0.015, 0.083, 0.004, -9999.000, 0.025, 0.007, 0.010, 0.003, 0.015, 0.009, 0.007, 0.017, 0.008, 0.045, 0.005, 0.003, 0.037, 0.029, 0.012 
2498400.1, 2498419.7, 2498409.9, 3.026, 0.230, 0.276, 0.029, 0.001, 0.073, 0.441, 0.199, 0.166, 0.009, 0.061, 0.177, 1.190, 0.783, 0.328, 0.016, 0.042, 0.014, 0.037, 0.129, 0.215, 0.477, 0.237, 0.735, 0.126, 0.033, 0.025, 0.055, 0.143, 0.588, 0.018, 0.009, 0.438, 0.314, 0.083, 0.208, 0.427, 0.071, 0.139, 0.578, 0.051, -9999.000, 0.212, 0.025, 0.078, 0.040, 0.185, 0.080, 0.034, 0.045, 0.040, 0.314, 0.037, 0.045, 0.245, 0.233, 0.153 
2502000.1, 2502019.7, 2502009.9, 3.031, 0.214, 0.067, 0.006, -9999.000, 0.073, 0.443, 0.198, 0.054, 0.009, 0.007, 0.017, 0.957, 0.347, 0.145, 0.012, 0.052, 0.004, 0.033, 0.010, 0.016, 0.388, 0.097, 0.116, 0.059, 0.020, 0.007, 0.007, 0.055, 0.127, 0.001, 0.010, 0.059, 0.112, 0.013, 0.021, 0.045, 0.009, 0.013, 0.082, 0.003, 0.004, 0.021, 0.006, 0.009, 0.002, 0.015, 0.009, 0.007, 0.016, 0.008, 0.034, 0.006, 0.003, 0.032, 0.027, 0.012 
2505600.1, 2505619.7, 2505609.9, 2.088, 0.089, 0.044, 0.004, -9999.000, 0.072, 0.443, 0.200, 0.051, 0.008, 0.004, 0.010, 0.857, 0.243, 0.099, 0.006, 0.078, 0.005, 0.022, 0.006, 0.013, 0.280, 0.061, 0.070, 0.054, 0.022, 0.005, 0.003, 0.049, 0.074, 0.001, 0.008, 0.036, 0.082, 0.010, 0.015, 0.030, 0.006, 0.010, 0.055, 0.002, -9999.000, 0.012, 0.003, 0.004, 0.002, 0.010, 0.006, 0.005, 0.011, 0.005, 0.022, 0.004, 0.002, 0.023, 0.017, 0.007 
2509200.1, 2509219.9, 2509210.0, 2.288, 0.140, 0.049, 0.013, 0.001, 0.071, 0.439, 0.198, 0.050, 0.008, 0.007, 0.017, 0.982, 0.265, 0.108, 0.007, 0.110, 0.007, 0.028, 0.011, 0.026, 0.683, 0.078, 0.118, 0.093, 0.044, 0.007, 0.007, 0.070, 0.125, -9999.000, 0.008, 0.060, 0.115, 0.015, 0.020, 0.049, 0.010, 0.013, 0.083, 0.003, -9999.000, 0.022, 0.006, 0.010, 0.003, 0.015, 0.011, 0.004, 0.013, 0.008, 0.045, 0.006, 0.003, 0.035, 0.031, 0.012 
2512800.1, 2512819.9, 2512810.0, 2.157, 0.117, 0.083, 0.006, -9999.000, 0.072, 0.436, 0.200, 0.053, 0.008, 0.010, 0.038, 1.193, 0.499, 0.308, 0.005, 0.097, 0.008, 0.027, 0.019, 0.034, 0.410, 0.142, 0.230, 0.128, 0.053, 0.010, 0.009, 0.098, 0.201, -9999.000, 0.007, 0.111, 0.172, 0.022, 0.035, 0.070, 0.014, 0.018, 0.121, 0.007, -9999.000, 0.042, 0.010, 0.012, 0.006, 0.034, 0.019, 0.010, 0.021, 0.010, 0.081, 0.008, 0.007, 0.054, 0.042, 0.029 
2516400.1, 2516420.1, 2516410.1, 2.899, 0.261, 0.043, 0.005, 0.000, 0.072, 0.448, 0.224, 0.051, 0.008, 0.005, 0.014, 1.006, 0.277, 0.085, 0.010, 0.123, 0.009, 0.049, 0.010, 0.015, 0.399, 0.080, 0.095, 0.106, 0.075, 0.006, 0.005, 0.101, 0.095, -9999.000, 0.008, 0.047, 0.104, 0.012, 0.018, 0.034, 0.011, 0.014, 0.085, 0.002, 0.007, 0.016, 0.006, 0.007, 0.002, 0.012, 0.010, 0.003, 0.014, 0.008, 0.027, 0.005, 0.002, 0.026, 0.022, 0.010 
2520000.1, 2520020.3, 2520010.2, 2.837, 0.190, 0.183, 0.036, 0.001, 0.072, 0.440, 0.198, 0.062, 0.008, 0.020, 0.074, 2.429, 1.005, 0.455, 0.012, 0.132, 0.025, 0.043, 0.037, 0.073, 0.765, 0.273, 0.360, 0.289, 0.149, 0.023, 0.025, 0.353, 0.373, -9999.000, 0.010, 0.207, 0.341, 0.052, 0.078, 0.138, 0.034, 0.050, 0.363, 0.018, -9999.000, 0.093, 0.021, 0.034, 0.017, 0.084, 0.046, 0.029, 0.044, 0.021, 0.171, 0.015, 0.019, 0.102, 0.091, 0.069 
2523600.1, 2523619.7, 2523609.9, 2.255, 0.173, 0.027, 0.003, 0.001, 0.072, 0.441, 0.200, 0.051, 0.008, 0.003, 0.009, 0.868, 0.119, 0.047, 0.008, 0.038, 0.007, 0.028, 0.005, 0.006, 0.284, 0.033, 0.057, 0.080, 0.065, 0.003, 0.004, 0.098, 0.055, -9999.000, 0.009, 0.034, 0.098, 0.008, 0.013, 0.020, 0.008, 0.009, 0.041, 0.001, -9999.000, 0.010, 0.002, 0.004, 0.001, 0.007, 0.007, 0.002, 0.006, 0.004, 0.016, 0.002, 0.001, 0.013, 0.011, 0.006 
