CampaignData_and_Merges/R0/CSL_MobileLab_Parked/raw/20240715/USOS-jNO2_MobileLabGround_20240715_R0.ict
52,1001
Waxman, E.; Rollins, A.; Zuraski, K.; Chace, W.
NOAA Chemical Sciences Laboratory
jNO2 filter radiometer on CSL Mobile Lab
AMMBEC / USOS
1, 1
2024,07,15, 2025,04,02
60
Time_Start, seconds, number_of_seconds_since_0000_UTC
20
1, 1, 1, 1, 1, 1, 1, 1, 1, 1, 1, 1, 1, 1, 1, 1, 1, 1, 1, 1
-9999, -9999, -9999, -9999, -9999, -9999, -9999, -9999, -9999, -9999, -9999, -9999, -9999, -9999, -9999, -9999, -9999, -9999, -9999, -9999
Time_Stop, seconds, number_of_seconds_since_0000_UTC
jNO2_meas, per second, photolysis rate of NO2 measured using a filter radiometer.
jBrCl, per second, photolysis rate of BrCl -> Br + Cl calculated in TUV for cloud-free sky with local AOD
jBr2, per second, photolysis rate of Br2 -> Br + Br calculated in TUV for cloud-free sky with local AOD
jCCl4, per second, photolysis rate of CCl4 -> Products calcualted in TUV for cloud-free sky with local AOD
jCH2Oa, per second, photolysis rate of CH2O -> H + HCO calculated in TUV for cloud-free sky with local AOD
jCH2Ob, per second, photolysis rate of CH2O -> H2 + CO calculated in TUV for cloud-free sky with local AOD
jClNO2, per second, photolysis rate of ClNO2 -> Cl + NO2 calculated in TUV for cloud-free sky with local AOD
jClOa, per second, photolysis rate of ClO -> Cl + O(1D) calculated in TUV for cloud-free sky with local AOD
jClOb, per second, photolysis rate of ClO -> Cl + O(3P) calculated in TUV for cloud-free sky with local AOD
jCl2, per second, photolysis rate of Cl2 -> Cl + Cl calculated in TUV for cloud-free sky with local AOD
jHNO2, per second, photolysis rate of HNO2 -> OH + NO calculated in TUV for cloud-free sky with local AOD
jHNO3, per second, photolysis rate of HNO3 -> OH + NO2 calculated in TUV for cloud-free sky with local AOD
jI2, per second, photolysis rate of I2 -> I + I calculated in TUV for cloud-free sky with local AOD
jNO2, per second, photolysis rate of NO2 -> NO + O(3P) calculated in TUV for cloud-free sky with local AOD
jNO3a, per second, photolysis rate of NO3 -> NO + O2 calculated in TUV for cloud-free sky with local AOD
jNO3b, per second, photolysis rate of NO3 -> NO2 + O(3P) calculated in TUV for cloud-free sky with local AOD
jN2O5, per second, photolysis rate of N2O5 -> NO3 + NO + O(3P) calculated in TUV for cloud-free sky with local AOD
jO3, per second, photolysis rate of O3 -> O2 + O(1D) calculated in TUV for cloud-free sky with local AOD
AOD_500nm, unitless, UTC daily mean AOD at 500 nm from an AERONET station located at 40.178 N, -112.452 E
0
18
PI_CONTACT_INFO: eleanor.waxman@noaa.gov
PLATFORM: CSL Mobile Lab, at ground site
LOCATION: Salt Lake City, UT
ASSOCIATED_DATA:
INSTRUMENT_INFO: jNO2 filter radiometer.  TUV calculations are for mobile van lat/lon/altitude assuming clear sky (cloud AOD = 0) and daily mean AOD.
DATA_INFO:
UNCERTAINTY: Data uncertainties are +/- 20%.  These come from uncertainties in radiometer angular response, radiometer thermal response, local interferences from clouds/aerosols/shadows etc.
ULOD_FLAG: -7777
ULOD_VALUE: N/A
LLOD_FLAG: -8888
LLOD_VALUE: N/A
DM_CONTACT_INFO: eleanor.waxman@noaa.gov
PROJECT_INFO: USOS Project, July - August 2024
STIPULATIONS_ON_USE: Users are strongly encouraged to contact the PI for proper data usage.
OTHER_COMMENTS: 
REVISION: R0
R0: final data
Time_Start, Time_Stop, jNO2_meas, jBrCl, jBr2, jCCl4, jCH2Oa, jCH2Ob, jClNO2, jClOa, jClOb, jCl2, jHNO2, jHNO3, jI2, jNO2, jNO3a, jNO3b, jN2O5, jO3, AOD_500nm
[from data line 1194]
   71640,   71700,0.0090503,0.01045,0.03115,2.471e-21,3.375e-05,4.899e-05,0.0004823,1.209e-21,5.354e-05,0.002321,0.001501,6.3e-07,0.1095,0.009144,0.02096,0.1689,4.373e-05,3.541e-05,0.111
   71700,   71760,0.0090967,0.01045,0.03114,2.441e-21,3.374e-05,4.897e-05,0.0004822,1.194e-21,5.35e-05,0.002321,0.001501,6.297e-07,0.1095,0.009143,0.02096,0.1689,4.372e-05,3.539e-05,0.111
   71760,   71820,0.0091775,0.01045,0.03114,2.411e-21,3.373e-05,4.896e-05,0.000482,1.18e-21,5.346e-05,0.00232,0.0015,6.293e-07,0.1095,0.009142,0.02096,0.1689,4.371e-05,3.536e-05,0.111
   71820,   71880,0.0092204,0.01045,0.03114,2.38e-21,3.371e-05,4.895e-05,0.0004819,1.164e-21,5.342e-05,0.00232,0.0015,6.29e-07,0.1095,0.00914,0.02096,0.1689,4.369e-05,3.533e-05,0.111
   71880,   71940,0.0092013,0.01045,0.03114,2.347e-21,3.37e-05,4.893e-05,0.0004818,1.148e-21,5.337e-05,0.002319,0.0015,6.286e-07,0.1095,0.009139,0.02096,0.1689,4.368e-05,3.53e-05,0.111
   71940,   72000,0.0092417,0.01045,0.03114,2.316e-21,3.369e-05,4.892e-05,0.0004816,1.133e-21,5.333e-05,0.002319,0.0015,6.283e-07,0.1095,0.009137,0.02096,0.1688,4.366e-05,3.527e-05,0.111
   72000,   72060,0.009307,0.01045,0.03113,2.282e-21,3.367e-05,4.891e-05,0.0004815,1.116e-21,5.329e-05,0.002318,0.001499,6.279e-07,0.1095,0.009136,0.02096,0.1688,4.365e-05,3.524e-05,0.111
   72060,   72120,0.0093083,0.01045,0.03113,2.247e-21,3.366e-05,4.889e-05,0.0004813,1.099e-21,5.324e-05,0.002318,0.001499,6.274e-07,0.1095,0.009134,0.02096,0.1688,4.363e-05,3.521e-05,0.111
   72120,   72180,0.0092867,0.01044,0.03113,2.214e-21,3.364e-05,4.887e-05,0.0004812,1.083e-21,5.319e-05,0.002317,0.001499,6.27e-07,0.1095,0.009132,0.02096,0.1688,4.361e-05,3.517e-05,0.111
   72180,   72240,0.0092916,0.01044,0.03113,2.178e-21,3.363e-05,4.886e-05,0.000481,1.065e-21,5.314e-05,0.002317,0.001498,6.266e-07,0.1095,0.009131,0.02096,0.1688,4.36e-05,3.514e-05,0.111
   72240,   72300,0.0092788,0.01044,0.03112,2.142e-21,3.361e-05,4.884e-05,0.0004808,1.047e-21,5.309e-05,0.002316,0.001498,6.262e-07,0.1094,0.009129,0.02095,0.1688,4.358e-05,3.51e-05,0.111
   72300,   72360,0.0092508,0.01044,0.03112,2.108e-21,3.359e-05,4.882e-05,0.0004807,1.03e-21,5.304e-05,0.002315,0.001498,6.257e-07,0.1094,0.009127,0.02095,0.1688,4.356e-05,3.507e-05,0.111
   72360,   72420,0.009187,0.01044,0.03112,2.07e-21,3.358e-05,4.881e-05,0.0004805,1.012e-21,5.298e-05,0.002315,0.001497,6.253e-07,0.1094,0.009125,0.02095,0.1688,4.354e-05,3.503e-05,0.111
   72420,   72480,0.0091304,0.01044,0.03111,2.033e-21,3.356e-05,4.879e-05,0.0004803,9.933e-22,5.292e-05,0.002314,0.001497,6.248e-07,0.1094,0.009123,0.02095,0.1688,4.352e-05,3.499e-05,0.111
   72480,   72540,0.0091607,0.01043,0.03111,1.997e-21,3.354e-05,4.877e-05,0.0004801,9.758e-22,5.287e-05,0.002313,0.001497,6.243e-07,0.1094,0.009121,0.02095,0.1688,4.35e-05,3.495e-05,0.111
   72540,   72600,0.0091619,0.01043,0.03111,1.959e-21,3.352e-05,4.875e-05,0.00048,9.57e-22,5.281e-05,0.002313,0.001496,6.238e-07,0.1094,0.009119,0.02095,0.1688,4.348e-05,3.491e-05,0.111
   72600,   72660,0.0091619,0.01043,0.0311,1.92e-21,3.35e-05,4.873e-05,0.0004798,9.38e-22,5.275e-05,0.002312,0.001496,6.232e-07,0.1094,0.009117,0.02095,0.1687,4.346e-05,3.487e-05,0.111
   72660,   72720,0.0091493,0.01043,0.0311,1.884e-21,3.348e-05,4.871e-05,0.0004796,9.201e-22,5.269e-05,0.002311,0.001495,6.227e-07,0.1094,0.009115,0.02095,0.1687,4.344e-05,3.483e-05,0.111
   72720,   72780,0.0091594,0.01043,0.0311,1.845e-21,3.346e-05,4.869e-05,0.0004794,9.01e-22,5.262e-05,0.00231,0.001495,6.222e-07,0.1094,0.009112,0.02095,0.1687,4.342e-05,3.478e-05,0.111
   72780,   72840,0.0091516,0.01043,0.03109,1.806e-21,3.344e-05,4.867e-05,0.0004791,8.817e-22,5.255e-05,0.00231,0.001494,6.216e-07,0.1094,0.00911,0.02095,0.1687,4.339e-05,3.474e-05,0.111
   72840,   72900,0.0090901,0.01042,0.03109,1.769e-21,3.342e-05,4.865e-05,0.0004789,8.636e-22,5.249e-05,0.002309,0.001494,6.21e-07,0.1094,0.009108,0.02094,0.1687,4.337e-05,3.469e-05,0.111
   72900,   72960,0.0090933,0.01042,0.03108,1.73e-21,3.34e-05,4.862e-05,0.0004787,8.443e-22,5.242e-05,0.002308,0.001494,6.205e-07,0.1094,0.009105,0.02094,0.1687,4.335e-05,3.464e-05,0.111
   72960,   73020,0.0091296,0.01042,0.03108,1.691e-21,3.337e-05,4.86e-05,0.0004785,8.251e-22,5.235e-05,0.002307,0.001493,6.198e-07,0.1094,0.009103,0.02094,0.1687,4.332e-05,3.459e-05,0.111
   73020,   73080,0.0091744,0.01042,0.03108,1.654e-21,3.335e-05,4.858e-05,0.0004783,8.069e-22,5.228e-05,0.002306,0.001493,6.193e-07,0.1093,0.0091,0.02094,0.1687,4.33e-05,3.455e-05,0.111
   73080,   73140,0.0092353,0.01042,0.03107,1.614e-21,3.333e-05,4.855e-05,0.000478,7.876e-22,5.221e-05,0.002305,0.001492,6.186e-07,0.1093,0.009098,0.02094,0.1687,4.327e-05,3.45e-05,0.111
   73140,   73200,0.0092452,0.01041,0.03107,1.575e-21,3.33e-05,4.853e-05,0.0004778,7.684e-22,5.213e-05,0.002305,0.001492,6.18e-07,0.1093,0.009095,0.02094,0.1686,4.325e-05,3.444e-05,0.111
   73200,   73260,0.0092342,0.01041,0.03106,1.539e-21,3.328e-05,4.851e-05,0.0004775,7.505e-22,5.206e-05,0.002304,0.001491,6.173e-07,0.1093,0.009092,0.02094,0.1686,4.322e-05,3.439e-05,0.111
   73260,   73320,0.0092661,0.01041,0.03106,1.5e-21,3.325e-05,4.848e-05,0.0004773,7.314e-22,5.198e-05,0.002303,0.001491,6.167e-07,0.1093,0.009089,0.02093,0.1686,4.319e-05,3.434e-05,0.111
   73320,   73380,0.0092995,0.01041,0.03105,1.462e-21,3.323e-05,4.845e-05,0.000477,7.125e-22,5.19e-05,0.002302,0.00149,6.16e-07,0.1093,0.009086,0.02093,0.1686,4.317e-05,3.428e-05,0.111
   73380,   73440,0.0092753,0.0104,0.03105,1.426e-21,3.32e-05,4.843e-05,0.0004768,6.948e-22,5.182e-05,0.002301,0.00149,6.153e-07,0.1093,0.009084,0.02093,0.1686,4.314e-05,3.423e-05,0.111
   73440,   73500,0.0092406,0.0104,0.03104,1.387e-21,3.318e-05,4.84e-05,0.0004765,6.76e-22,5.174e-05,0.0023,0.001489,6.146e-07,0.1093,0.009081,0.02093,0.1686,4.311e-05,3.417e-05,0.111
   73500,   73560,0.0092176,0.0104,0.03104,1.35e-21,3.315e-05,4.837e-05,0.0004762,6.575e-22,5.165e-05,0.002299,0.001489,6.139e-07,0.1093,0.009078,0.02093,0.1686,4.308e-05,3.412e-05,0.111
   73560,   73620,0.0091893,0.0104,0.03103,1.314e-21,3.312e-05,4.835e-05,0.000476,6.402e-22,5.157e-05,0.002298,0.001488,6.132e-07,0.1092,0.009075,0.02093,0.1685,4.305e-05,3.406e-05,0.111
   73620,   73680,0.0091376,0.01039,0.03103,1.277e-21,3.309e-05,4.832e-05,0.0004757,6.22e-22,5.149e-05,0.002297,0.001487,6.124e-07,0.1092,0.009071,0.02093,0.1685,4.302e-05,3.4e-05,0.111
   73680,   73740,0.0091201,0.01039,0.03102,1.241e-21,3.307e-05,4.829e-05,0.0004754,6.04e-22,5.14e-05,0.002296,0.001487,6.117e-07,0.1092,0.009068,0.02092,0.1685,4.299e-05,3.394e-05,0.111
   73740,   73800,0.0091029,0.01039,0.03102,1.207e-21,3.304e-05,4.826e-05,0.0004751,5.873e-22,5.131e-05,0.002295,0.001486,6.109e-07,0.1092,0.009065,0.02092,0.1685,4.296e-05,3.388e-05,0.111
   73800,   73860,0.0091081,0.01039,0.03101,1.171e-21,3.301e-05,4.823e-05,0.0004748,5.696e-22,5.122e-05,0.002293,0.001486,6.101e-07,0.1092,0.009062,0.02092,0.1685,4.293e-05,3.382e-05,0.111
   73860,   73920,0.0091535,0.01038,0.03101,1.135e-21,3.298e-05,4.82e-05,0.0004745,5.523e-22,5.113e-05,0.002292,0.001485,6.093e-07,0.1092,0.009058,0.02092,0.1685,4.29e-05,3.375e-05,0.111
   73920,   73980,0.0090962,0.01038,0.031,1.102e-21,3.295e-05,4.817e-05,0.0004742,5.361e-22,5.104e-05,0.002291,0.001484,6.085e-07,0.1092,0.009055,0.02092,0.1684,4.286e-05,3.369e-05,0.111
   73980,   74040,0.0090633,0.01038,0.031,1.068e-21,3.292e-05,4.813e-05,0.0004739,5.193e-22,5.094e-05,0.00229,0.001484,6.077e-07,0.1092,0.009051,0.02092,0.1684,4.283e-05,3.362e-05,0.111
   74040,   74100,0.009035,0.01038,0.03099,1.034e-21,3.288e-05,4.81e-05,0.0004736,5.026e-22,5.084e-05,0.002289,0.001483,6.069e-07,0.1091,0.009048,0.02091,0.1684,4.279e-05,3.356e-05,0.111
   74100,   74160,0.0089941,0.01037,0.03098,1.002e-21,3.285e-05,4.807e-05,0.0004732,4.872e-22,5.075e-05,0.002288,0.001482,6.06e-07,0.1091,0.009044,0.02091,0.1684,4.276e-05,3.349e-05,0.111
   74160,   74220,0.0089252,0.01037,0.03098,9.696e-22,3.282e-05,4.804e-05,0.0004729,4.711e-22,5.065e-05,0.002286,0.001482,6.052e-07,0.1091,0.00904,0.02091,0.1684,4.273e-05,3.342e-05,0.111
   74220,   74280,0.0089089,0.01037,0.03097,9.374e-22,3.279e-05,4.8e-05,0.0004726,4.553e-22,5.055e-05,0.002285,0.001481,6.043e-07,0.1091,0.009036,0.02091,0.1683,4.269e-05,3.335e-05,0.111
   74280,   74340,0.0089208,0.01036,0.03097,9.075e-22,3.276e-05,4.797e-05,0.0004722,4.407e-22,5.045e-05,0.002284,0.00148,6.035e-07,0.1091,0.009033,0.02091,0.1683,4.265e-05,3.328e-05,0.111
   74340,   74400,0.0089232,0.01036,0.03096,8.764e-22,3.272e-05,4.793e-05,0.0004719,4.255e-22,5.034e-05,0.002283,0.00148,6.025e-07,0.1091,0.009029,0.0209,0.1683,4.262e-05,3.321e-05,0.111
   74400,   74460,0.0088728,0.01036,0.03095,8.459e-22,3.269e-05,4.79e-05,0.0004715,4.105e-22,5.024e-05,0.002281,0.001479,6.016e-07,0.1091,0.009025,0.0209,0.1683,4.258e-05,3.314e-05,0.111
   74460,   74520,0.0087947,0.01035,0.03095,8.177e-22,3.265e-05,4.786e-05,0.0004712,3.967e-22,5.014e-05,0.00228,0.001478,6.007e-07,0.109,0.009021,0.0209,0.1683,4.254e-05,3.307e-05,0.111
   74520,   74580,0.0088257,0.01035,0.03094,7.884e-22,3.262e-05,4.782e-05,0.0004708,3.824e-22,5.003e-05,0.002279,0.001477,5.998e-07,0.109,0.009017,0.0209,0.1682,4.25e-05,3.299e-05,0.111
   74580,   74640,0.0088719,0.01035,0.03093,7.598e-22,3.258e-05,4.779e-05,0.0004705,3.684e-22,4.992e-05,0.002277,0.001477,5.988e-07,0.109,0.009013,0.02089,0.1682,4.246e-05,3.292e-05,0.111
   74640,   74700,0.0088727,0.01034,0.03092,7.335e-22,3.254e-05,4.775e-05,0.0004701,3.555e-22,4.981e-05,0.002276,0.001476,5.979e-07,0.109,0.009009,0.02089,0.1682,4.243e-05,3.285e-05,0.111
   74700,   74760,0.0088521,0.01034,0.03092,7.061e-22,3.251e-05,4.771e-05,0.0004697,3.421e-22,4.97e-05,0.002274,0.001475,5.969e-07,0.109,0.009004,0.02089,0.1682,4.238e-05,3.277e-05,0.111
   74760,   74820,0.0088488,0.01034,0.03091,6.793e-22,3.247e-05,4.767e-05,0.0004693,3.29e-22,4.958e-05,0.002273,0.001474,5.959e-07,0.109,0.009,0.02089,0.1681,4.234e-05,3.269e-05,0.111
   74820,   74880,0.0088271,0.01033,0.0309,6.548e-22,3.243e-05,4.763e-05,0.000469,3.17e-22,4.947e-05,0.002272,0.001474,5.95e-07,0.1089,0.008996,0.02088,0.1681,4.23e-05,3.261e-05,0.111
   74880,   74940,0.0088831,0.01033,0.03089,6.293e-22,3.239e-05,4.759e-05,0.0004686,3.046e-22,4.936e-05,0.00227,0.001473,5.939e-07,0.1089,0.008991,0.02088,0.1681,4.226e-05,3.253e-05,0.111
   74940,   75000,0.0089284,0.01033,0.03089,6.046e-22,3.235e-05,4.755e-05,0.0004682,2.925e-22,4.924e-05,0.002269,0.001472,5.929e-07,0.1089,0.008986,0.02088,0.1681,4.222e-05,3.245e-05,0.111
   75000,   75060,0.0089431,0.01032,0.03088,5.819e-22,3.231e-05,4.751e-05,0.0004678,2.814e-22,4.912e-05,0.002267,0.001471,5.919e-07,0.1089,0.008982,0.02088,0.168,4.218e-05,3.237e-05,0.111
   75060,   75120,0.0089684,0.01032,0.03087,5.584e-22,3.227e-05,4.747e-05,0.0004673,2.7e-22,4.9e-05,0.002266,0.00147,5.908e-07,0.1089,0.008977,0.02087,0.168,4.213e-05,3.229e-05,0.111
   75120,   75180,0.0089508,0.01031,0.03086,5.356e-22,3.223e-05,4.743e-05,0.0004669,2.588e-22,4.888e-05,0.002264,0.001469,5.897e-07,0.1088,0.008972,0.02087,0.168,4.209e-05,3.22e-05,0.111
   75180,   75240,0.0089701,0.01031,0.03086,5.147e-22,3.219e-05,4.739e-05,0.0004665,2.486e-22,4.876e-05,0.002262,0.001468,5.887e-07,0.1088,0.008968,0.02087,0.168,4.204e-05,3.212e-05,0.111
   75240,   75300,0.0089547,0.01031,0.03085,4.932e-22,3.215e-05,4.734e-05,0.0004661,2.381e-22,4.864e-05,0.002261,0.001468,5.876e-07,0.1088,0.008963,0.02087,0.1679,4.2e-05,3.204e-05,0.111
   75300,   75360,0.008931,0.0103,0.03084,4.723e-22,3.211e-05,4.73e-05,0.0004656,2.279e-22,4.851e-05,0.002259,0.001467,5.865e-07,0.1088,0.008958,0.02086,0.1679,4.195e-05,3.195e-05,0.111
   75360,   75420,0.0089565,0.0103,0.03083,4.533e-22,3.207e-05,4.725e-05,0.0004652,2.187e-22,4.839e-05,0.002258,0.001466,5.854e-07,0.1088,0.008953,0.02086,0.1679,4.191e-05,3.187e-05,0.111
   75420,   75480,0.0089357,0.01029,0.03082,4.336e-22,3.202e-05,4.721e-05,0.0004648,2.091e-22,4.826e-05,0.002256,0.001465,5.843e-07,0.1088,0.008948,0.02086,0.1679,4.186e-05,3.178e-05,0.111
   75480,   75540,0.0088499,0.01029,0.03081,4.146e-22,3.198e-05,4.716e-05,0.0004643,1.998e-22,4.813e-05,0.002254,0.001464,5.831e-07,0.1087,0.008942,0.02085,0.1678,4.181e-05,3.169e-05,0.111
   75540,   75600,0.0088505,0.01029,0.0308,3.973e-22,3.193e-05,4.712e-05,0.0004639,1.914e-22,4.8e-05,0.002252,0.001463,5.821e-07,0.1087,0.008937,0.02085,0.1678,4.176e-05,3.16e-05,0.111
   75600,   75660,0.0088648,0.01028,0.03079,3.795e-22,3.189e-05,4.707e-05,0.0004634,1.827e-22,4.787e-05,0.002251,0.001462,5.809e-07,0.1087,0.008932,0.02085,0.1678,4.171e-05,3.151e-05,0.111
   75660,   75720,0.0088938,0.01028,0.03078,3.623e-22,3.184e-05,4.702e-05,0.0004629,1.744e-22,4.773e-05,0.002249,0.001461,5.797e-07,0.1087,0.008927,0.02085,0.1677,4.166e-05,3.142e-05,0.111
   75720,   75780,0.0088959,0.01027,0.03078,3.467e-22,3.18e-05,4.698e-05,0.0004625,1.668e-22,4.76e-05,0.002247,0.00146,5.785e-07,0.1086,0.008921,0.02084,0.1677,4.162e-05,3.133e-05,0.111
   75780,   75840,0.0088528,0.01027,0.03077,3.306e-22,3.175e-05,4.693e-05,0.000462,1.59e-22,4.747e-05,0.002245,0.001459,5.773e-07,0.1086,0.008916,0.02084,0.1677,4.157e-05,3.123e-05,0.111
   75840,   75900,0.0088451,0.01026,0.03076,3.152e-22,3.17e-05,4.688e-05,0.0004615,1.514e-22,4.733e-05,0.002244,0.001458,5.761e-07,0.1086,0.00891,0.02084,0.1676,4.151e-05,3.114e-05,0.111
   75900,   75960,0.0088721,0.01026,0.03075,3.012e-22,3.166e-05,4.683e-05,0.0004611,1.446e-22,4.72e-05,0.002242,0.001457,5.749e-07,0.1086,0.008905,0.02083,0.1676,4.146e-05,3.105e-05,0.111
   75960,   76020,0.00886,0.01025,0.03074,2.869e-22,3.161e-05,4.678e-05,0.0004606,1.377e-22,4.705e-05,0.00224,0.001456,5.737e-07,0.1085,0.008899,0.02083,0.1676,4.141e-05,3.095e-05,0.111
   76020,   76080,0.00879,0.01025,0.03073,2.731e-22,3.156e-05,4.673e-05,0.00046,1.31e-22,4.691e-05,0.002238,0.001455,5.724e-07,0.1085,0.008893,0.02083,0.1675,4.136e-05,3.085e-05,0.111
   76080,   76140,0.0087897,0.01024,0.03072,2.606e-22,3.151e-05,4.668e-05,0.0004596,1.249e-22,4.678e-05,0.002236,0.001454,5.712e-07,0.1085,0.008887,0.02082,0.1675,4.131e-05,3.076e-05,0.111
   76140,   76200,0.0087763,0.01024,0.03071,2.478e-22,3.146e-05,4.662e-05,0.000459,1.187e-22,4.663e-05,0.002234,0.001453,5.699e-07,0.1085,0.008881,0.02082,0.1675,4.125e-05,3.066e-05,0.111
   76200,   76260,0.0087942,0.01023,0.03069,2.355e-22,3.141e-05,4.657e-05,0.0004585,1.127e-22,4.648e-05,0.002232,0.001452,5.686e-07,0.1084,0.008875,0.02081,0.1674,4.12e-05,3.056e-05,0.111
   76260,   76320,0.0088056,0.01023,0.03068,2.244e-22,3.136e-05,4.652e-05,0.000458,1.074e-22,4.634e-05,0.00223,0.001451,5.674e-07,0.1084,0.008869,0.02081,0.1674,4.114e-05,3.046e-05,0.111
   76320,   76380,0.008825,0.01022,0.03067,2.131e-22,3.131e-05,4.646e-05,0.0004575,1.019e-22,4.62e-05,0.002228,0.001449,5.661e-07,0.1084,0.008863,0.02081,0.1674,4.109e-05,3.036e-05,0.111
   76380,   76440,0.0088432,0.01022,0.03066,2.023e-22,3.126e-05,4.641e-05,0.0004569,9.664e-23,4.604e-05,0.002226,0.001448,5.647e-07,0.1084,0.008856,0.0208,0.1673,4.103e-05,3.026e-05,0.111
   76440,   76500,0.0088427,0.01021,0.03065,1.925e-22,3.121e-05,4.636e-05,0.0004564,9.191e-23,4.59e-05,0.002224,0.001447,5.634e-07,0.1083,0.00885,0.0208,0.1673,4.097e-05,3.016e-05,0.111
   76500,   76560,0.0088594,0.01021,0.03064,1.826e-22,3.116e-05,4.63e-05,0.0004559,8.708e-23,4.575e-05,0.002222,0.001446,5.621e-07,0.1083,0.008844,0.0208,0.1672,4.092e-05,3.006e-05,0.111
   76560,   76620,0.0088657,0.0102,0.03063,1.731e-22,3.11e-05,4.624e-05,0.0004553,8.248e-23,4.56e-05,0.00222,0.001445,5.607e-07,0.1083,0.008837,0.02079,0.1672,4.086e-05,2.995e-05,0.111
   76620,   76680,0.0088547,0.0102,0.03062,1.645e-22,3.105e-05,4.619e-05,0.0004548,7.833e-23,4.545e-05,0.002218,0.001444,5.594e-07,0.1083,0.008831,0.02079,0.1672,4.08e-05,2.985e-05,0.111
   76680,   76740,0.0087918,0.01019,0.03061,1.558e-22,3.099e-05,4.613e-05,0.0004542,7.413e-23,4.529e-05,0.002216,0.001442,5.58e-07,0.1082,0.008824,0.02078,0.1671,4.074e-05,2.974e-05,0.111
