CampaignData_and_Merges/R0/CSL_MobileLab_Parked/raw/20240715/USOS-NOAAIodideCIMS-N2O5_MobileLabGround_20240715_RA.ict
34, 1001
Michael A Robinson, Chris Jernigan, Subi Thakali
NOAA ESRL Chemical Sciences Laboratory and CIRES, U. of Colorado
NOAA Iodide CIMS Instrument
USOS
1, 1
2024, 07, 15, 2024, 07, 17
0
starttime_UTC, seconds_past_midnight, seconds_of_day_since_00:00:00_UTC
1
1
-9999
N2O5_NOAACIMS, pptv, Gas_N2O5_InSitu_S_AVMR
1
N/A
18
PI_CONTACT_INFO: 325 Broadway, R/CSD 7, Boulder, Colorado 80305; michael.a.robinson@noaa.gov; chris.jernigan@noaa.gov;
PLATFORM: NOAA CSL Mobile Lab
LOCATION: SLC, Utah
ASSOCIATED_DATA: 1Hz data also available on request.
INSTRUMENT_INFO: NOAA I- ToF CIMS
DATA_INFO: Units: pptv
UNCERTAINTY: tbd
ULOD_FLAG: -7777
ULOD_VALUE: N/A
LLOD_FLAG: -8888
LLOD_VALUE: N/A
DM_CONTACT_INFO: Nathan Howard; nathan.h.howard@noaa.gov
PROJECT_INFO: USOS, summer 2024. https://csl.noaa.gov/groups/csl7/measurements/2024usos/
STIPULATIONS_ON_USE: only the USOS science team is allowed to use this data
OTHER_COMMENTS: Field data; Data are averaged to 1 minute intervals. Stationary data collected from a 10 ft tower on top of the mobile lab
REVISION: RA
RA: Preliminary Data; For in-field use only
starttime_UTC, N2O5_NOAACIMS
[from data line 1055]
63300,0.368
63360,0.767
63420,0.572
63480,0.730
63540,0.795
63600,0.819
63660,0.209
63720,0.587
63780,0.724
63840,0.570
63900,0.617
63960,0.605
64020,0.685
64080,0.748
64140,0.459
64200,0.781
64260,0.481
64320,0.602
64380,0.604
64440,0.932
64500,0.417
64560,0.249
64620,0.486
64680,0.300
64740,0.253
64800,0.342
64860,0.373
64920,0.191
64980,0.422
65040,0.503
65100,0.398
65160,0.612
65220,0.403
65280,0.698
65340,0.538
65400,0.418
65460,0.444
65520,0.560
65580,0.574
65640,0.419
65700,0.495
65760,0.379
65820,0.898
65880,0.231
65940,0.392
66000,0.484
66060,0.401
66120,0.421
66180,0.196
66240,0.394
66300,0.541
66360,0.303
66420,0.496
66480,0.450
66540,0.305
66600,0.394
66660,0.437
66720,0.489
66780,0.132
66840,0.620
66900,0.137
66960,0.234
67020,-9999.000
67080,-9999.000
67140,-9999.000
67200,0.726
67260,0.504
67320,0.583
67380,0.374
67440,0.444
67500,0.592
67560,0.452
67620,0.038
67680,0.500
67740,0.482
67800,0.232
67860,0.433
67920,0.322
67980,0.289
68040,0.473
68100,0.407
68160,0.868
68220,0.627
68280,1.128
68340,0.548
68400,0.505
68460,0.524
68520,0.384
68580,0.597
68640,0.620
68700,0.344
68760,0.567
68820,0.732
68880,0.768
68940,0.725
69000,0.479
69060,0.541
69120,0.601
69180,0.515
69240,0.550
69300,0.558
69360,0.428
69420,0.786
69480,0.635
69540,0.676
69600,0.674
69660,0.418
69720,0.521
69780,0.711
69840,0.341
69900,0.543
69960,0.722
70020,0.444
70080,0.760
70140,0.517
70200,0.492
70260,0.514
70320,0.334
70380,0.764
70440,0.603
70500,0.632
70560,0.807
70620,0.557
70680,0.543
70740,0.595
70800,0.497
70860,0.668
70920,0.750
70980,0.467
71040,0.665
71100,0.766
71160,0.714
71220,0.776
71280,0.543
71340,0.615
71400,0.595
71460,0.558
71520,0.660
71580,0.549
71640,0.691
71700,0.659
71760,0.461
71820,0.528
71880,0.725
71940,0.845
72000,0.521
72060,0.810
72120,0.750
72180,0.610
72240,0.680
72300,0.698
72360,0.722
72420,0.812
72480,0.851
72540,0.665
72600,0.863
72660,1.033
72720,0.737
72780,0.758
72840,0.507
72900,0.801
72960,1.051
73020,0.946
73080,0.678
73140,0.683
73200,0.622
73260,0.767
73320,0.979
73380,0.711
73440,0.559
73500,0.518
73560,0.787
73620,0.508
73680,0.447
73740,0.403
73800,0.468
73860,0.621
73920,0.841
73980,0.559
74040,0.715
74100,0.460
74160,0.813
74220,0.795
74280,0.548
74340,0.408
74400,0.975
74460,0.804
74520,0.624
74580,0.467
74640,0.513
74700,0.826
74760,0.703
74820,0.527
74880,0.436
74940,0.854
75000,0.577
75060,0.582
75120,0.672
75180,0.787
75240,0.547
75300,0.741
75360,0.477
75420,0.575
75480,0.370
75540,0.589
75600,0.598
75660,0.796
75720,0.464
75780,0.544
75840,0.479
75900,0.416
75960,0.280
76020,0.435
76080,0.370
76140,0.472
76200,0.333
76260,0.579
76320,0.345
76380,0.536
76440,0.524
76500,0.442
76560,0.528
76620,0.519
76680,0.239
76740,0.423
76800,0.322
76860,0.636
76920,0.506
76980,0.294
77040,0.451
77100,0.373
77160,0.350
77220,0.510
77280,0.470
77340,0.521
77400,0.687
77460,0.377
77520,0.387
77580,0.384
77640,0.549
77700,0.353
77760,0.326
77820,0.296
77880,0.481
77940,0.215
78000,0.383
78060,0.301
78120,0.377
78180,0.333
78240,0.415
78300,0.291
78360,0.482
78420,0.303
78480,0.377
78540,0.538
78600,0.468
78660,0.259
78720,0.574
78780,0.255
78840,0.199
78900,0.409
78960,0.324
79020,0.300
79080,0.334
79140,0.556
79200,0.352
79260,0.326
79320,0.325
79380,0.155
79440,0.483
79500,0.362
79560,0.412
79620,0.421
79680,0.256
79740,0.395
79800,0.239
79860,0.208
79920,0.232
79980,0.363
80040,0.466
80100,0.476
80160,0.200
80220,0.221
80280,0.298
80340,0.374
80400,0.296
80460,0.225
80520,0.362
80580,0.272
80640,0.380
80700,0.275
80760,0.236
80820,0.237
80880,0.256
80940,0.242
81000,-9999.000
81060,0.200
81120,0.333
81180,0.229
81240,0.166
81300,0.241
81360,0.306
81420,0.254
81480,0.234
81540,0.216
81600,0.269
81660,0.264
81720,0.282
81780,0.245
81840,0.203
81900,0.139
81960,0.135
82020,0.204
82080,0.119
82140,0.160
82200,0.095
82260,0.222
82320,0.214
82380,0.121
82440,0.181
82500,0.348
82560,0.161
82620,0.293
82680,0.232
82740,0.059
82800,0.162
82860,0.073
82920,0.239
82980,0.148
83040,0.173
83100,0.304
83160,0.132
83220,0.203
83280,0.133
83340,0.284
83400,0.241
83460,0.178
83520,0.163
83580,0.229
83640,0.129
83700,0.112
83760,0.115
83820,0.081
83880,0.038
83940,0.052
84000,0.142
84060,0.216
84120,0.055
84180,0.163
84240,0.103
84300,0.130
84360,0.165
84420,0.287
84480,0.221
84540,0.130
84600,0.221
84660,0.140
84720,0.213
84780,0.203
84840,0.163
84900,0.084
84960,0.135
85020,0.160
85080,0.295
85140,0.166
85200,0.251
85260,0.249
85320,0.160
85380,0.188
85440,0.203
85500,0.098
85560,0.190
85620,0.244
85680,0.212
85740,0.291
85800,0.188
85860,0.340
85920,0.402
85980,0.260
86040,0.296
86100,0.149
86160,0.277
86220,0.252
86280,0.267
86340,0.321
