CampaignData_and_Merges/R0/CSL_MobileLab_Parked/raw/20240715/USOS-NOAAIodideCIMS-HNO2_MobileLabGround_20240715_RA.ict
34, 1001
Michael A Robinson, Chris Jernigan, Subi Thakali
NOAA ESRL Chemical Sciences Laboratory and CIRES, U. of Colorado
NOAA Iodide CIMS Instrument
USOS
1, 1
2024, 07, 15, 2024, 07, 17
0
starttime_UTC, seconds_past_midnight, seconds_of_day_since_00:00:00_UTC
1
1
-9999
HNO2_NOAACIMS, pptv, Gas_HNO2_InSitu_S_AVMR
1
N/A
18
PI_CONTACT_INFO: 325 Broadway, R/CSD 7, Boulder, Colorado 80305; michael.a.robinson@noaa.gov; chris.jernigan@noaa.gov;
PLATFORM: NOAA CSL Mobile Lab
LOCATION: SLC, Utah
ASSOCIATED_DATA: 1Hz data also available on request.
INSTRUMENT_INFO: NOAA I- ToF CIMS
DATA_INFO: Units: pptv
UNCERTAINTY: tbd
ULOD_FLAG: -7777
ULOD_VALUE: N/A
LLOD_FLAG: -8888
LLOD_VALUE: N/A
DM_CONTACT_INFO: Nathan Howard; nathan.h.howard@noaa.gov
PROJECT_INFO: USOS, summer 2024. https://csl.noaa.gov/groups/csl7/measurements/2024usos/
STIPULATIONS_ON_USE: only the USOS science team is allowed to use this data
OTHER_COMMENTS: Field data; Data are averaged to 1 minute intervals. Stationary data collected from a 10 ft tower on top of the mobile lab
REVISION: RA
RA: Preliminary Data; For in-field use only
starttime_UTC, HNO2_NOAACIMS
[from data line 1043]
62580,14.156
62640,27.846
62700,5.562
62760,11.999
62820,7.841
62880,3.970
62940,14.940
63000,12.130
63060,6.064
63120,8.815
63180,14.811
63240,30.904
63300,18.709
63360,13.692
63420,6.113
63480,11.086
63540,9.534
63600,10.765
63660,10.802
63720,15.807
63780,10.144
63840,10.035
63900,9.553
63960,9.948
64020,9.855
64080,8.836
64140,16.231
64200,15.749
64260,25.973
64320,14.635
64380,10.552
64440,22.581
64500,29.185
64560,20.072
64620,17.722
64680,18.980
64740,22.993
64800,13.895
64860,12.352
64920,16.018
64980,22.065
65040,11.397
65100,12.476
65160,9.963
65220,10.943
65280,15.806
65340,11.700
65400,10.333
65460,12.147
65520,10.504
65580,11.906
65640,7.022
65700,11.456
65760,15.417
65820,12.870
65880,8.423
65940,8.353
66000,9.526
66060,4.197
66120,6.794
66180,7.319
66240,9.189
66300,6.270
66360,7.885
66420,7.611
66480,5.651
66540,3.016
66600,8.154
66660,4.122
66720,5.857
66780,5.003
66840,6.982
66900,1.867
66960,4.701
67020,-9999.000
67080,-9999.000
67140,-9999.000
67200,12.468
67260,7.464
67320,10.930
67380,8.339
67440,9.494
67500,9.047
67560,8.790
67620,6.736
67680,6.029
67740,4.780
67800,7.571
67860,4.836
67920,5.151
67980,8.268
68040,7.943
68100,14.604
68160,5.742
68220,5.261
68280,5.528
68340,2.117
68400,4.684
68460,7.928
68520,4.506
68580,7.073
68640,8.635
68700,2.861
68760,1.274
68820,3.841
68880,5.174
68940,9.030
69000,8.172
69060,5.855
69120,4.234
69180,5.218
69240,8.437
69300,7.143
69360,12.233
69420,8.299
69480,6.905
69540,6.999
69600,3.836
69660,3.086
69720,6.485
69780,5.197
69840,5.280
69900,12.267
69960,5.214
70020,3.385
70080,5.020
70140,1.820
70200,6.187
70260,3.856
70320,3.832
70380,3.103
70440,6.838
70500,10.261
70560,2.724
70620,10.993
70680,8.186
70740,20.711
70800,0.874
70860,3.536
70920,-0.201
70980,0.923
71040,2.195
71100,-1.054
71160,0.955
71220,1.809
71280,-1.079
71340,2.859
71400,-2.727
71460,1.083
71520,1.034
71580,1.141
71640,-2.425
71700,-0.084
71760,2.785
71820,2.901
71880,0.466
71940,6.037
72000,4.700
72060,4.539
72120,7.133
72180,3.520
72240,2.557
72300,2.376
72360,-1.191
72420,-0.743
72480,0.279
72540,0.559
72600,5.605
72660,-2.618
72720,-0.188
72780,3.745
72840,2.602
72900,1.055
72960,1.131
73020,2.962
73080,3.362
73140,12.447
73200,7.675
73260,3.010
73320,6.590
73380,-1.751
73440,5.926
73500,7.631
73560,4.947
73620,5.213
73680,4.088
73740,4.653
73800,6.608
73860,10.894
73920,4.029
73980,-0.227
74040,2.711
74100,-1.294
74160,0.318
74220,-3.085
74280,1.469
74340,5.858
74400,3.706
74460,5.334
74520,6.197
74580,4.019
74640,6.513
74700,21.285
74760,22.460
74820,9.901
74880,19.160
74940,5.212
75000,8.099
75060,32.237
75120,16.591
75180,32.547
75240,11.798
75300,10.885
75360,5.119
75420,5.522
75480,4.054
75540,7.800
75600,9.283
75660,2.540
75720,4.449
75780,4.870
75840,15.336
75900,35.463
75960,10.933
76020,12.309
76080,4.443
76140,6.773
76200,2.197
76260,4.621
76320,2.029
76380,3.962
76440,4.880
76500,3.741
76560,4.118
76620,3.429
76680,2.089
76740,5.584
76800,6.304
76860,8.388
76920,6.430
76980,4.155
77040,6.615
77100,5.747
77160,5.953
77220,7.010
77280,3.269
77340,6.132
77400,4.225
77460,4.579
77520,10.210
77580,-2.565
77640,3.025
77700,6.444
77760,3.511
77820,3.002
77880,5.786
77940,9.492
78000,3.598
78060,0.547
78120,2.227
78180,6.238
78240,2.228
78300,1.323
78360,2.620
78420,-0.344
78480,4.521
78540,1.954
78600,-0.925
78660,3.485
78720,0.358
78780,4.860
78840,-1.281
78900,-0.171
78960,-3.022
79020,-0.829
79080,0.991
79140,1.737
79200,-0.174
79260,2.408
79320,-3.079
79380,-2.152
79440,-4.376
79500,-1.991
79560,-2.998
79620,-6.268
79680,-2.021
79740,-3.415
79800,-2.430
79860,-4.631
79920,-2.791
79980,-3.326
80040,-2.625
80100,-1.234
80160,-5.420
80220,-2.319
80280,-4.401
80340,-7.009
80400,-5.329
80460,5.124
80520,16.197
80580,8.442
80640,8.510
80700,2.793
80760,-4.264
80820,-3.258
80880,-2.160
80940,-0.720
81000,-9999.000
81060,-6.279
81120,-2.583
81180,-4.144
81240,-3.949
81300,-4.898
81360,-5.235
81420,4.862
81480,13.186
81540,0.685
81600,0.538
81660,2.605
81720,4.045
81780,2.153
81840,5.108
81900,4.294
81960,0.450
82020,5.712
82080,0.922
82140,-1.849
82200,3.807
82260,2.619
82320,1.734
82380,1.847
82440,4.014
82500,2.547
82560,2.654
82620,8.631
82680,9.107
82740,6.110
82800,8.758
82860,1.224
82920,8.943
82980,11.003
83040,12.823
83100,10.554
83160,5.892
83220,5.260
83280,7.253
83340,7.220
83400,8.787
83460,6.788
83520,6.837
83580,10.664
83640,13.395
83700,14.334
83760,7.010
83820,7.106
83880,7.544
83940,4.699
84000,5.618
84060,3.662
84120,6.166
84180,5.651
84240,5.975
84300,5.194
84360,3.959
84420,9.513
84480,2.810
84540,5.608
84600,9.341
84660,-1.524
84720,3.799
84780,1.429
84840,3.171
84900,6.601
84960,3.308
85020,7.043
85080,4.887
85140,5.359
85200,4.704
85260,3.284
85320,7.066
85380,2.286
85440,2.271
85500,6.683
85560,5.763
85620,5.410
85680,2.391
85740,2.716
85800,5.469
85860,2.357
85920,5.610
85980,4.073
86040,8.521
86100,5.901
86160,2.388
86220,5.619
86280,5.233
86340,3.823
