CampaignData_and_Merges/R0/CSL_MobileLab_Parked/raw/20240715/USOS-jNO2_MobileLabGround_20240715_R0.ict
52,1001
Waxman, E.; Rollins, A.; Zuraski, K.; Chace, W.
NOAA Chemical Sciences Laboratory
jNO2 filter radiometer on CSL Mobile Lab
AMMBEC / USOS
1, 1
2024,07,15, 2025,04,02
60
Time_Start, seconds, number_of_seconds_since_0000_UTC
20
1, 1, 1, 1, 1, 1, 1, 1, 1, 1, 1, 1, 1, 1, 1, 1, 1, 1, 1, 1
-9999, -9999, -9999, -9999, -9999, -9999, -9999, -9999, -9999, -9999, -9999, -9999, -9999, -9999, -9999, -9999, -9999, -9999, -9999, -9999
Time_Stop, seconds, number_of_seconds_since_0000_UTC
jNO2_meas, per second, photolysis rate of NO2 measured using a filter radiometer.
jBrCl, per second, photolysis rate of BrCl -> Br + Cl calculated in TUV for cloud-free sky with local AOD
jBr2, per second, photolysis rate of Br2 -> Br + Br calculated in TUV for cloud-free sky with local AOD
jCCl4, per second, photolysis rate of CCl4 -> Products calcualted in TUV for cloud-free sky with local AOD
jCH2Oa, per second, photolysis rate of CH2O -> H + HCO calculated in TUV for cloud-free sky with local AOD
jCH2Ob, per second, photolysis rate of CH2O -> H2 + CO calculated in TUV for cloud-free sky with local AOD
jClNO2, per second, photolysis rate of ClNO2 -> Cl + NO2 calculated in TUV for cloud-free sky with local AOD
jClOa, per second, photolysis rate of ClO -> Cl + O(1D) calculated in TUV for cloud-free sky with local AOD
jClOb, per second, photolysis rate of ClO -> Cl + O(3P) calculated in TUV for cloud-free sky with local AOD
jCl2, per second, photolysis rate of Cl2 -> Cl + Cl calculated in TUV for cloud-free sky with local AOD
jHNO2, per second, photolysis rate of HNO2 -> OH + NO calculated in TUV for cloud-free sky with local AOD
jHNO3, per second, photolysis rate of HNO3 -> OH + NO2 calculated in TUV for cloud-free sky with local AOD
jI2, per second, photolysis rate of I2 -> I + I calculated in TUV for cloud-free sky with local AOD
jNO2, per second, photolysis rate of NO2 -> NO + O(3P) calculated in TUV for cloud-free sky with local AOD
jNO3a, per second, photolysis rate of NO3 -> NO + O2 calculated in TUV for cloud-free sky with local AOD
jNO3b, per second, photolysis rate of NO3 -> NO2 + O(3P) calculated in TUV for cloud-free sky with local AOD
jN2O5, per second, photolysis rate of N2O5 -> NO3 + NO + O(3P) calculated in TUV for cloud-free sky with local AOD
jO3, per second, photolysis rate of O3 -> O2 + O(1D) calculated in TUV for cloud-free sky with local AOD
AOD_500nm, unitless, UTC daily mean AOD at 500 nm from an AERONET station located at 40.178 N, -112.452 E
0
18
PI_CONTACT_INFO: eleanor.waxman@noaa.gov
PLATFORM: CSL Mobile Lab, at ground site
LOCATION: Salt Lake City, UT
ASSOCIATED_DATA:
INSTRUMENT_INFO: jNO2 filter radiometer.  TUV calculations are for mobile van lat/lon/altitude assuming clear sky (cloud AOD = 0) and daily mean AOD.
DATA_INFO:
UNCERTAINTY: Data uncertainties are +/- 20%.  These come from uncertainties in radiometer angular response, radiometer thermal response, local interferences from clouds/aerosols/shadows etc.
ULOD_FLAG: -7777
ULOD_VALUE: N/A
LLOD_FLAG: -8888
LLOD_VALUE: N/A
DM_CONTACT_INFO: eleanor.waxman@noaa.gov
PROJECT_INFO: USOS Project, July - August 2024
STIPULATIONS_ON_USE: Users are strongly encouraged to contact the PI for proper data usage.
OTHER_COMMENTS: 
REVISION: R0
R0: final data
Time_Start, Time_Stop, jNO2_meas, jBrCl, jBr2, jCCl4, jCH2Oa, jCH2Ob, jClNO2, jClOa, jClOb, jCl2, jHNO2, jHNO3, jI2, jNO2, jNO3a, jNO3b, jN2O5, jO3, AOD_500nm
[from data line 1109]
   66540,   66600,0.005448,0.01038,0.03101,1.133e-21,3.298e-05,4.819e-05,0.0004745,5.51e-22,5.112e-05,0.002292,0.001485,6.093e-07,0.1092,0.009058,0.02092,0.1684,4.289e-05,3.375e-05,0.111
   66600,   66660,0.0054308,0.01039,0.03101,1.168e-21,3.301e-05,4.822e-05,0.0004748,5.684e-22,5.121e-05,0.002293,0.001486,6.101e-07,0.1092,0.009061,0.02092,0.1685,4.293e-05,3.381e-05,0.111
   66660,   66720,0.0055524,0.01039,0.03102,1.204e-21,3.304e-05,4.826e-05,0.0004751,5.859e-22,5.131e-05,0.002295,0.001486,6.109e-07,0.1092,0.009065,0.02092,0.1685,4.296e-05,3.387e-05,0.111
   66720,   66780,0.005723,0.01039,0.03102,1.238e-21,3.306e-05,4.828e-05,0.0004754,6.027e-22,5.139e-05,0.002296,0.001487,6.116e-07,0.1092,0.009068,0.02092,0.1685,4.299e-05,3.393e-05,0.111
   66780,   66840,0.0058544,0.01039,0.03103,1.275e-21,3.309e-05,4.831e-05,0.0004756,6.207e-22,5.148e-05,0.002297,0.001487,6.124e-07,0.1092,0.009071,0.02093,0.1685,4.302e-05,3.399e-05,0.111
   66840,   66900,0.0064267,0.0104,0.03103,1.312e-21,3.312e-05,4.834e-05,0.0004759,6.389e-22,5.157e-05,0.002298,0.001488,6.131e-07,0.1092,0.009074,0.02093,0.1685,4.305e-05,3.405e-05,0.111
   66900,   66960,0.0065132,0.0104,0.03104,1.347e-21,3.315e-05,4.837e-05,0.0004762,6.562e-22,5.165e-05,0.002299,0.001488,6.138e-07,0.1093,0.009077,0.02093,0.1685,4.308e-05,3.411e-05,0.111
   66960,   67020,0.007118,0.0104,0.03104,1.385e-21,3.317e-05,4.84e-05,0.0004765,6.747e-22,5.173e-05,0.0023,0.001489,6.145e-07,0.1093,0.00908,0.02093,0.1686,4.311e-05,3.417e-05,0.111
   67020,   67080,0.0082436,0.0104,0.03105,1.423e-21,3.32e-05,4.843e-05,0.0004768,6.933e-22,5.182e-05,0.002301,0.00149,6.153e-07,0.1093,0.009083,0.02093,0.1686,4.314e-05,3.423e-05,0.111
   67080,   67140,0.0075944,0.01041,0.03105,1.459e-21,3.323e-05,4.845e-05,0.000477,7.111e-22,5.189e-05,0.002302,0.00149,6.159e-07,0.1093,0.009086,0.02093,0.1686,4.316e-05,3.428e-05,0.111
   67140,   67200,0.0072012,0.01041,0.03106,1.497e-21,3.325e-05,4.848e-05,0.0004773,7.3e-22,5.197e-05,0.002303,0.001491,6.166e-07,0.1093,0.009089,0.02093,0.1686,4.319e-05,3.434e-05,0.111
   67200,   67260,0.0081745,0.01041,0.03106,1.536e-21,3.328e-05,4.85e-05,0.0004775,7.491e-22,5.205e-05,0.002304,0.001491,6.173e-07,0.1093,0.009092,0.02094,0.1686,4.322e-05,3.439e-05,0.111
   67260,   67320,0.0086429,0.01041,0.03107,1.573e-21,3.33e-05,4.853e-05,0.0004778,7.671e-22,5.213e-05,0.002304,0.001492,6.179e-07,0.1093,0.009095,0.02094,0.1686,4.325e-05,3.444e-05,0.111
   67320,   67380,0.0078407,0.01042,0.03107,1.612e-21,3.333e-05,4.855e-05,0.000478,7.863e-22,5.22e-05,0.002305,0.001492,6.186e-07,0.1093,0.009097,0.02094,0.1687,4.327e-05,3.449e-05,0.111
   67380,   67440,0.0073249,0.01042,0.03108,1.651e-21,3.335e-05,4.858e-05,0.0004782,8.054e-22,5.228e-05,0.002306,0.001493,6.192e-07,0.1093,0.0091,0.02094,0.1687,4.33e-05,3.454e-05,0.111
   67440,   67500,0.0086039,0.01042,0.03108,1.688e-21,3.337e-05,4.86e-05,0.0004785,8.236e-22,5.234e-05,0.002307,0.001493,6.198e-07,0.1094,0.009102,0.02094,0.1687,4.332e-05,3.459e-05,0.111
   67500,   67560,0.0083546,0.01042,0.03108,1.727e-21,3.339e-05,4.862e-05,0.0004787,8.429e-22,5.242e-05,0.002308,0.001494,6.204e-07,0.1094,0.009105,0.02094,0.1687,4.335e-05,3.464e-05,0.111
   67560,   67620,0.0085648,0.01042,0.03109,1.766e-21,3.342e-05,4.865e-05,0.0004789,8.622e-22,5.248e-05,0.002309,0.001494,6.21e-07,0.1094,0.009107,0.02094,0.1687,4.337e-05,3.469e-05,0.111
   67620,   67680,0.0099762,0.01043,0.03109,1.803e-21,3.344e-05,4.867e-05,0.0004791,8.803e-22,5.255e-05,0.00231,0.001494,6.216e-07,0.1094,0.00911,0.02094,0.1687,4.339e-05,3.473e-05,0.111
   67680,   67740,0.0099617,0.01043,0.0311,1.842e-21,3.346e-05,4.869e-05,0.0004793,8.994e-22,5.262e-05,0.00231,0.001495,6.221e-07,0.1094,0.009112,0.02095,0.1687,4.342e-05,3.478e-05,0.111
   67740,   67800,0.009421,0.01043,0.0311,1.881e-21,3.348e-05,4.871e-05,0.0004795,9.186e-22,5.268e-05,0.002311,0.001495,6.227e-07,0.1094,0.009114,0.02095,0.1687,4.344e-05,3.482e-05,0.111
   67800,   67860,0.0090831,0.01043,0.0311,1.917e-21,3.35e-05,4.873e-05,0.0004797,9.366e-22,5.274e-05,0.002312,0.001496,6.232e-07,0.1094,0.009117,0.02095,0.1687,4.346e-05,3.486e-05,0.111
   67860,   67920,0.0088508,0.01043,0.03111,1.956e-21,3.352e-05,4.875e-05,0.0004799,9.556e-22,5.28e-05,0.002313,0.001496,6.237e-07,0.1094,0.009119,0.02095,0.1688,4.348e-05,3.491e-05,0.111
   67920,   67980,0.0081832,0.01043,0.03111,1.994e-21,3.354e-05,4.877e-05,0.0004801,9.744e-22,5.286e-05,0.002313,0.001496,6.242e-07,0.1094,0.009121,0.02095,0.1688,4.35e-05,3.495e-05,0.111
   67980,   68040,0.0080002,0.01044,0.03111,2.03e-21,3.356e-05,4.879e-05,0.0004803,9.92e-22,5.292e-05,0.002314,0.001497,6.247e-07,0.1094,0.009123,0.02095,0.1688,4.352e-05,3.499e-05,0.111
   68040,   68100,0.0095829,0.01044,0.03112,2.067e-21,3.357e-05,4.88e-05,0.0004805,1.01e-21,5.298e-05,0.002315,0.001497,6.252e-07,0.1094,0.009125,0.02095,0.1688,4.354e-05,3.503e-05,0.111
   68100,   68160,0.0082847,0.01044,0.03112,2.105e-21,3.359e-05,4.882e-05,0.0004807,1.029e-21,5.303e-05,0.002315,0.001498,6.257e-07,0.1094,0.009127,0.02095,0.1688,4.356e-05,3.507e-05,0.111
   68160,   68220,0.0092631,0.01044,0.03112,2.139e-21,3.361e-05,4.884e-05,0.0004808,1.046e-21,5.308e-05,0.002316,0.001498,6.261e-07,0.1094,0.009129,0.02095,0.1688,4.358e-05,3.51e-05,0.111
   68220,   68280,0.009214,0.01044,0.03112,2.176e-21,3.362e-05,4.886e-05,0.000481,1.064e-21,5.314e-05,0.002317,0.001498,6.266e-07,0.1095,0.00913,0.02095,0.1688,4.36e-05,3.514e-05,0.111
   68280,   68340,0.0092683,0.01044,0.03113,2.212e-21,3.364e-05,4.887e-05,0.0004812,1.081e-21,5.319e-05,0.002317,0.001499,6.27e-07,0.1095,0.009132,0.02096,0.1688,4.361e-05,3.517e-05,0.111
   68340,   68400,0.0093696,0.01045,0.03113,2.245e-21,3.366e-05,4.889e-05,0.0004813,1.098e-21,5.323e-05,0.002318,0.001499,6.274e-07,0.1095,0.009134,0.02096,0.1688,4.363e-05,3.52e-05,0.111
   68400,   68460,0.0093756,0.01045,0.03113,2.279e-21,3.367e-05,4.89e-05,0.0004815,1.115e-21,5.328e-05,0.002318,0.001499,6.278e-07,0.1095,0.009136,0.02096,0.1688,4.365e-05,3.524e-05,0.111
   68460,   68520,0.0093015,0.01045,0.03114,2.313e-21,3.369e-05,4.892e-05,0.0004816,1.131e-21,5.333e-05,0.002319,0.001499,6.282e-07,0.1095,0.009137,0.02096,0.1688,4.366e-05,3.527e-05,0.111
   68520,   68580,0.0092986,0.01045,0.03114,2.345e-21,3.37e-05,4.893e-05,0.0004817,1.147e-21,5.337e-05,0.002319,0.0015,6.286e-07,0.1095,0.009139,0.02096,0.1689,4.368e-05,3.53e-05,0.111
   68580,   68640,0.0093422,0.01045,0.03114,2.377e-21,3.371e-05,4.895e-05,0.0004819,1.163e-21,5.341e-05,0.00232,0.0015,6.29e-07,0.1095,0.00914,0.02096,0.1689,4.369e-05,3.533e-05,0.111
   68640,   68700,0.0093275,0.01045,0.03114,2.409e-21,3.373e-05,4.896e-05,0.000482,1.179e-21,5.346e-05,0.00232,0.0015,6.293e-07,0.1095,0.009142,0.02096,0.1689,4.371e-05,3.536e-05,0.111
   68700,   68760,0.0093051,0.01045,0.03114,2.438e-21,3.374e-05,4.897e-05,0.0004821,1.193e-21,5.349e-05,0.002321,0.001501,6.296e-07,0.1095,0.009143,0.02096,0.1689,4.372e-05,3.538e-05,0.111
   68760,   68820,0.0091714,0.01045,0.03115,2.468e-21,3.375e-05,4.898e-05,0.0004823,1.208e-21,5.353e-05,0.002321,0.001501,6.3e-07,0.1095,0.009144,0.02096,0.1689,4.373e-05,3.541e-05,0.111
   68820,   68880,0.0092836,0.01045,0.03115,2.497e-21,3.376e-05,4.9e-05,0.0004824,1.222e-21,5.357e-05,0.002322,0.001501,6.303e-07,0.1095,0.009146,0.02096,0.1689,4.374e-05,3.544e-05,0.111
   68880,   68940,0.0093492,0.01046,0.03115,2.524e-21,3.377e-05,4.901e-05,0.0004825,1.235e-21,5.36e-05,0.002322,0.001501,6.306e-07,0.1095,0.009147,0.02096,0.1689,4.376e-05,3.546e-05,0.111
   68940,   69000,0.009332,0.01046,0.03115,2.552e-21,3.378e-05,4.902e-05,0.0004826,1.249e-21,5.364e-05,0.002322,0.001501,6.309e-07,0.1095,0.009148,0.02096,0.1689,4.377e-05,3.548e-05,0.111
   69000,   69060,0.0092955,0.01046,0.03115,2.578e-21,3.379e-05,4.903e-05,0.0004827,1.262e-21,5.367e-05,0.002323,0.001502,6.311e-07,0.1095,0.009149,0.02096,0.1689,4.378e-05,3.551e-05,0.111
   69060,   69120,0.0093548,0.01046,0.03116,2.601e-21,3.38e-05,4.904e-05,0.0004828,1.274e-21,5.37e-05,0.002323,0.001502,6.314e-07,0.1095,0.00915,0.02096,0.1689,4.379e-05,3.553e-05,0.111
   69120,   69180,0.0093816,0.01046,0.03116,2.626e-21,3.381e-05,4.905e-05,0.0004829,1.285e-21,5.373e-05,0.002323,0.001502,6.316e-07,0.1095,0.009151,0.02096,0.1689,4.38e-05,3.555e-05,0.111
   69180,   69240,0.0093526,0.01046,0.03116,2.649e-21,3.382e-05,4.906e-05,0.000483,1.297e-21,5.376e-05,0.002324,0.001502,6.319e-07,0.1095,0.009152,0.02097,0.1689,4.381e-05,3.557e-05,0.111
   69240,   69300,0.0093079,0.01046,0.03116,2.67e-21,3.383e-05,4.906e-05,0.000483,1.307e-21,5.378e-05,0.002324,0.001502,6.321e-07,0.1095,0.009153,0.02097,0.1689,4.382e-05,3.558e-05,0.111
   69300,   69360,0.0092173,0.01046,0.03116,2.69e-21,3.384e-05,4.907e-05,0.0004831,1.317e-21,5.381e-05,0.002324,0.001503,6.323e-07,0.1095,0.009154,0.02097,0.1689,4.382e-05,3.56e-05,0.111
   69360,   69420,0.0091234,0.01046,0.03116,2.71e-21,3.384e-05,4.908e-05,0.0004832,1.327e-21,5.383e-05,0.002325,0.001503,6.325e-07,0.1095,0.009155,0.02097,0.1689,4.383e-05,3.562e-05,0.111
   69420,   69480,0.0090967,0.01046,0.03116,2.727e-21,3.385e-05,4.909e-05,0.0004833,1.335e-21,5.385e-05,0.002325,0.001503,6.327e-07,0.1095,0.009155,0.02097,0.1689,4.384e-05,3.563e-05,0.111
   69480,   69540,0.0090091,0.01046,0.03117,2.744e-21,3.386e-05,4.909e-05,0.0004833,1.344e-21,5.387e-05,0.002325,0.001503,6.328e-07,0.1095,0.009156,0.02097,0.1689,4.385e-05,3.564e-05,0.111
   69540,   69600,0.0084669,0.01046,0.03117,2.76e-21,3.386e-05,4.91e-05,0.0004834,1.352e-21,5.389e-05,0.002325,0.001503,6.33e-07,0.1095,0.009157,0.02097,0.1689,4.385e-05,3.566e-05,0.111
   69600,   69660,0.0076219,0.01046,0.03117,2.774e-21,3.387e-05,4.91e-05,0.0004834,1.359e-21,5.39e-05,0.002325,0.001503,6.331e-07,0.1095,0.009157,0.02097,0.1689,4.386e-05,3.567e-05,0.111
   69660,   69720,0.0083624,0.01046,0.03117,2.787e-21,3.387e-05,4.911e-05,0.0004835,1.365e-21,5.392e-05,0.002326,0.001503,6.333e-07,0.1096,0.009158,0.02097,0.1689,4.386e-05,3.568e-05,0.111
   69720,   69780,0.0081197,0.01046,0.03117,2.799e-21,3.388e-05,4.911e-05,0.0004835,1.371e-21,5.393e-05,0.002326,0.001503,6.334e-07,0.1096,0.009158,0.02097,0.1689,4.387e-05,3.569e-05,0.111
   69780,   69840,0.00843,0.01046,0.03117,2.809e-21,3.388e-05,4.912e-05,0.0004836,1.376e-21,5.394e-05,0.002326,0.001503,6.335e-07,0.1096,0.009158,0.02097,0.169,4.387e-05,3.569e-05,0.111
   69840,   69900,0.007506,0.01046,0.03117,2.818e-21,3.388e-05,4.912e-05,0.0004836,1.38e-21,5.395e-05,0.002326,0.001503,6.335e-07,0.1096,0.009159,0.02097,0.169,4.387e-05,3.57e-05,0.111
   69900,   69960,0.0087043,0.01047,0.03117,2.826e-21,3.389e-05,4.912e-05,0.0004836,1.384e-21,5.396e-05,0.002326,0.001504,6.336e-07,0.1096,0.009159,0.02097,0.169,4.388e-05,3.571e-05,0.111
   69960,   70020,0.0088344,0.01047,0.03117,2.832e-21,3.389e-05,4.912e-05,0.0004836,1.387e-21,5.397e-05,0.002326,0.001504,6.337e-07,0.1096,0.009159,0.02097,0.169,4.388e-05,3.571e-05,0.111
   70020,   70080,0.0088735,0.01047,0.03117,2.837e-21,3.389e-05,4.913e-05,0.0004837,1.39e-21,5.398e-05,0.002326,0.001504,6.337e-07,0.1096,0.00916,0.02097,0.169,4.388e-05,3.572e-05,0.111
   70080,   70140,0.0089283,0.01047,0.03117,2.84e-21,3.389e-05,4.913e-05,0.0004837,1.391e-21,5.398e-05,0.002326,0.001504,6.338e-07,0.1096,0.00916,0.02097,0.169,4.388e-05,3.572e-05,0.111
   70140,   70200,0.0089205,0.01047,0.03117,2.842e-21,3.389e-05,4.913e-05,0.0004837,1.392e-21,5.398e-05,0.002326,0.001504,6.338e-07,0.1096,0.00916,0.02097,0.169,4.388e-05,3.572e-05,0.111
   70200,   70260,0.0087287,0.01047,0.03117,2.843e-21,3.389e-05,4.913e-05,0.0004837,1.393e-21,5.398e-05,0.002326,0.001504,6.338e-07,0.1096,0.00916,0.02097,0.169,4.388e-05,3.572e-05,0.111
   70260,   70320,0.0089277,0.01047,0.03117,2.843e-21,3.389e-05,4.913e-05,0.0004837,1.393e-21,5.398e-05,0.002326,0.001504,6.338e-07,0.1096,0.00916,0.02097,0.169,4.388e-05,3.572e-05,0.111
   70320,   70380,0.0089069,0.01047,0.03117,2.841e-21,3.389e-05,4.913e-05,0.0004837,1.392e-21,5.398e-05,0.002326,0.001504,6.338e-07,0.1096,0.00916,0.02097,0.169,4.388e-05,3.572e-05,0.111
   70380,   70440,0.0087491,0.01047,0.03117,2.837e-21,3.389e-05,4.913e-05,0.0004837,1.39e-21,5.398e-05,0.002326,0.001504,6.337e-07,0.1096,0.00916,0.02097,0.169,4.388e-05,3.572e-05,0.111
   70440,   70500,0.0085244,0.01047,0.03117,2.832e-21,3.389e-05,4.912e-05,0.0004836,1.387e-21,5.397e-05,0.002326,0.001504,6.337e-07,0.1096,0.009159,0.02097,0.169,4.388e-05,3.571e-05,0.111
   70500,   70560,0.0074063,0.01047,0.03117,2.826e-21,3.389e-05,4.912e-05,0.0004836,1.384e-21,5.396e-05,0.002326,0.001504,6.336e-07,0.1096,0.009159,0.02097,0.169,4.388e-05,3.571e-05,0.111
   70560,   70620,0.0067146,0.01046,0.03117,2.819e-21,3.388e-05,4.912e-05,0.0004836,1.381e-21,5.395e-05,0.002326,0.001503,6.336e-07,0.1096,0.009159,0.02097,0.169,4.387e-05,3.57e-05,0.111
   70620,   70680,0.0036121,0.01046,0.03117,2.81e-21,3.388e-05,4.912e-05,0.0004836,1.376e-21,5.394e-05,0.002326,0.001503,6.335e-07,0.1096,0.009159,0.02097,0.169,4.387e-05,3.57e-05,0.111
   70680,   70740,0.0030992,0.01046,0.03117,2.8e-21,3.388e-05,4.911e-05,0.0004835,1.371e-21,5.393e-05,0.002326,0.001503,6.334e-07,0.1096,0.009158,0.02097,0.1689,4.387e-05,3.569e-05,0.111
   70740,   70800,0.0030923,0.01046,0.03117,2.788e-21,3.387e-05,4.911e-05,0.0004835,1.365e-21,5.392e-05,0.002326,0.001503,6.333e-07,0.1096,0.009158,0.02097,0.1689,4.386e-05,3.568e-05,0.111
   70800,   70860,0.0028744,0.01046,0.03117,2.775e-21,3.387e-05,4.91e-05,0.0004834,1.359e-21,5.39e-05,0.002325,0.001503,6.331e-07,0.1096,0.009157,0.02097,0.1689,4.386e-05,3.567e-05,0.111
   70860,   70920,0.0027748,0.01046,0.03117,2.761e-21,3.386e-05,4.91e-05,0.0004834,1.352e-21,5.389e-05,0.002325,0.001503,6.33e-07,0.1095,0.009157,0.02097,0.1689,4.385e-05,3.566e-05,0.111
   70920,   70980,0.0027438,0.01046,0.03117,2.746e-21,3.386e-05,4.909e-05,0.0004833,1.345e-21,5.387e-05,0.002325,0.001503,6.328e-07,0.1095,0.009156,0.02097,0.1689,4.385e-05,3.564e-05,0.111
   70980,   71040,0.0027498,0.01046,0.03116,2.729e-21,3.385e-05,4.909e-05,0.0004833,1.336e-21,5.385e-05,0.002325,0.001503,6.327e-07,0.1095,0.009155,0.02097,0.1689,4.384e-05,3.563e-05,0.111
   71040,   71100,0.0028064,0.01046,0.03116,2.712e-21,3.385e-05,4.908e-05,0.0004832,1.328e-21,5.383e-05,0.002325,0.001503,6.325e-07,0.1095,0.009155,0.02097,0.1689,4.383e-05,3.562e-05,0.111
   71100,   71160,0.0029617,0.01046,0.03116,2.692e-21,3.384e-05,4.907e-05,0.0004831,1.318e-21,5.381e-05,0.002324,0.001503,6.323e-07,0.1095,0.009154,0.02097,0.1689,4.382e-05,3.56e-05,0.111
   71160,   71220,0.0039863,0.01046,0.03116,2.671e-21,3.383e-05,4.906e-05,0.0004831,1.308e-21,5.378e-05,0.002324,0.001502,6.321e-07,0.1095,0.009153,0.02097,0.1689,4.382e-05,3.558e-05,0.111
   71220,   71280,0.0068446,0.01046,0.03116,2.651e-21,3.382e-05,4.906e-05,0.000483,1.298e-21,5.376e-05,0.002324,0.001502,6.319e-07,0.1095,0.009152,0.02097,0.1689,4.381e-05,3.557e-05,0.111
   71280,   71340,0.0082741,0.01046,0.03116,2.628e-21,3.381e-05,4.905e-05,0.0004829,1.286e-21,5.373e-05,0.002323,0.001502,6.317e-07,0.1095,0.009151,0.02097,0.1689,4.38e-05,3.555e-05,0.111
   71340,   71400,0.0085388,0.01046,0.03116,2.604e-21,3.38e-05,4.904e-05,0.0004828,1.275e-21,5.37e-05,0.002323,0.001502,6.314e-07,0.1095,0.00915,0.02096,0.1689,4.379e-05,3.553e-05,0.111
   71400,   71460,0.0084954,0.01046,0.03115,2.58e-21,3.38e-05,4.903e-05,0.0004827,1.263e-21,5.367e-05,0.002323,0.001502,6.312e-07,0.1095,0.009149,0.02096,0.1689,4.378e-05,3.551e-05,0.111
   71460,   71520,0.0070409,0.01046,0.03115,2.553e-21,3.379e-05,4.902e-05,0.0004826,1.25e-21,5.364e-05,0.002322,0.001501,6.309e-07,0.1095,0.009148,0.02096,0.1689,4.377e-05,3.549e-05,0.111
   71520,   71580,0.0088149,0.01046,0.03115,2.526e-21,3.377e-05,4.901e-05,0.0004825,1.236e-21,5.361e-05,0.002322,0.001501,6.306e-07,0.1095,0.009147,0.02096,0.1689,4.376e-05,3.546e-05,0.111
