CampaignData_and_Merges/R0/CSL_MobileLab_Parked/raw/20240715/USOS-Picarro-CO2-CH4-CO-H2O_MobileLabGround_20240715_R0.ict
38, 1001
Ilana Pollack, Nell Schafer, and Jeff Peischl
NOAA Chemical Sciences Laboratory
Picarro 2401-m CO2/CH4/CO/H2O Analyzer
USOS
1, 1
2024, 07, 15, 2024, 11, 20
0
StartTime_UTC, seconds_past_midnight, seconds past midnight
5
1, 1, 1, 1, 1
-9999, -9999, -9999, -9999, -9999
StopTime_UTC, seconds_past_midnight, seconds past midnight
CO2_ppm_1min, ppm, Gas_CO2_InSitu_S_DMF, carbon dioxide mixing ratio
CH4_ppb_1min, ppb, Gas_CH4_InSitu_S_DMF, methane mixing ratio
CO_ppb_1min, ppb, Gas_CO_InSitu_S_DMF, carbon monoxide mixing ratio
H2O_ppmv_1min, ppmv, Met_H2OMRV_InSitu_S_AVMR, water vapor mixing ratio
1
SPECIAL COMMENTS: N/A
18
PI_CONTACT_INFO: Address: NOAA Chemical Sciences Laboratory, Mail Stop CSL7, 325 Broadway, Boulder, CO 80305; Email: Ilana.Pollack@noaa.gov
PLATFORM: NOAA CSL Mobile Laboratory
LOCATION: The mobile lab was stationed in Salt Lake City, Utah.
ASSOCIATED_DATA: N/A
INSTRUMENT_INFO: CO2, CH4, and CO are reported as dry air mole fractions using a commercial wavelength-scanned cavity ring-down analyzer (Picarro 2401-m). An in-field calibration gas standard of 432±0.07 ppm CO2, 2095±1 ppb CH4, and 183±1 ppb CO, calibrated in the Boulder laboratories before and after the field project using primary CO2, CH4, and CO standard tanks tied to the WMO standard (X2019, X2004A, and X2014A, respectively) from the Global Monitoring Laboratory (GML), was delivered to the inlet every 2-3 days to evaluate instrument sensitivity. A H2O measurement was calibrated before the project with a Dew Point Mirror 373 hygrometer. The water correction calculated from these calibrations was applied to the H2O measurement for the entire campaign. Species are measured at 0.5 Hz and reported as 1-minute averages for stationary measurements.
DATA_INFO: Units: CO2, ppm, dry air mole fraction; CH4, ppb, dry air mole fraction; CO, ppb, dry air mole fraction; H2O, ppmv
UNCERTAINTY: Total uncertainties are estimated as ±0.1 ppm for CO2, ±1 ppb for CH4, ±5 ppb for CO, and ±(50 ppm + 4%) for H2O.
ULOD_FLAG: -7777
ULOD_VALUE: N/A
LLOD_FLAG: -8888
LLOD_VALUE: N/A
DM_CONTACT_INFO: Data Manager: Nathan Howard; nathan.h.howard@noaa.gov
PROJECT_INFO: USOS Dates of Study: July – August 2024
STIPULATIONS_ON_USE: Use of these data require prior ok from PI.
OTHER_COMMENTS: Data are averaged to 1 minute intervals. Stationary data collected from a 10 ft tower on top of the mobile van.
REVISION: R0
R0: Final Data
StartTime_UTC, StopTime_UTC, CO2_ppm_1min, CH4_ppb_1min, CO_ppb_1min, H2O_ppmv_1min
0,60,-9999,-9999,-9999,-9999
60,120,-9999,-9999,-9999,-9999
120,180,-9999,-9999,-9999,-9999
180,240,-9999,-9999,-9999,-9999
240,300,-9999,-9999,-9999,-9999
300,360,-9999,-9999,-9999,-9999
360,420,-9999,-9999,-9999,-9999
420,480,-9999,-9999,-9999,-9999
480,540,-9999,-9999,-9999,-9999
540,600,-9999,-9999,-9999,-9999
600,660,-9999,-9999,-9999,-9999
660,720,-9999,-9999,-9999,-9999
720,780,-9999,-9999,-9999,-9999
780,840,-9999,-9999,-9999,-9999
840,900,-9999,-9999,-9999,-9999
900,960,-9999,-9999,-9999,-9999
960,1020,-9999,-9999,-9999,-9999
1020,1080,-9999,-9999,-9999,-9999
1080,1140,-9999,-9999,-9999,-9999
1140,1200,-9999,-9999,-9999,-9999
1200,1260,-9999,-9999,-9999,-9999
1260,1320,-9999,-9999,-9999,-9999
1320,1380,-9999,-9999,-9999,-9999
1380,1440,-9999,-9999,-9999,-9999
1440,1500,-9999,-9999,-9999,-9999
1500,1560,-9999,-9999,-9999,-9999
1560,1620,-9999,-9999,-9999,-9999
1620,1680,-9999,-9999,-9999,-9999
1680,1740,-9999,-9999,-9999,-9999
1740,1800,-9999,-9999,-9999,-9999
1800,1860,-9999,-9999,-9999,-9999
1860,1920,-9999,-9999,-9999,-9999
1920,1980,-9999,-9999,-9999,-9999
1980,2040,-9999,-9999,-9999,-9999
2040,2100,-9999,-9999,-9999,-9999
2100,2160,-9999,-9999,-9999,-9999
2160,2220,-9999,-9999,-9999,-9999
2220,2280,-9999,-9999,-9999,-9999
2280,2340,-9999,-9999,-9999,-9999
2340,2400,-9999,-9999,-9999,-9999
2400,2460,-9999,-9999,-9999,-9999
2460,2520,-9999,-9999,-9999,-9999
2520,2580,-9999,-9999,-9999,-9999
2580,2640,-9999,-9999,-9999,-9999
2640,2700,-9999,-9999,-9999,-9999
2700,2760,-9999,-9999,-9999,-9999
2760,2820,-9999,-9999,-9999,-9999
2820,2880,-9999,-9999,-9999,-9999
2880,2940,-9999,-9999,-9999,-9999
2940,3000,-9999,-9999,-9999,-9999
3000,3060,-9999,-9999,-9999,-9999
3060,3120,-9999,-9999,-9999,-9999
3120,3180,-9999,-9999,-9999,-9999
3180,3240,-9999,-9999,-9999,-9999
3240,3300,-9999,-9999,-9999,-9999
3300,3360,-9999,-9999,-9999,-9999
3360,3420,-9999,-9999,-9999,-9999
3420,3480,-9999,-9999,-9999,-9999
3480,3540,-9999,-9999,-9999,-9999
3540,3600,-9999,-9999,-9999,-9999
3600,3660,-9999,-9999,-9999,-9999
3660,3720,-9999,-9999,-9999,-9999
3720,3780,-9999,-9999,-9999,-9999
3780,3840,-9999,-9999,-9999,-9999
3840,3900,-9999,-9999,-9999,-9999
3900,3960,-9999,-9999,-9999,-9999
3960,4020,-9999,-9999,-9999,-9999
4020,4080,-9999,-9999,-9999,-9999
4080,4140,-9999,-9999,-9999,-9999
4140,4200,-9999,-9999,-9999,-9999
4200,4260,-9999,-9999,-9999,-9999
4260,4320,-9999,-9999,-9999,-9999
4320,4380,-9999,-9999,-9999,-9999
4380,4440,-9999,-9999,-9999,-9999
4440,4500,-9999,-9999,-9999,-9999
4500,4560,-9999,-9999,-9999,-9999
4560,4620,-9999,-9999,-9999,-9999
4620,4680,-9999,-9999,-9999,-9999
4680,4740,-9999,-9999,-9999,-9999
4740,4800,-9999,-9999,-9999,-9999
4800,4860,-9999,-9999,-9999,-9999
4860,4920,-9999,-9999,-9999,-9999
4920,4980,-9999,-9999,-9999,-9999
4980,5040,-9999,-9999,-9999,-9999
5040,5100,-9999,-9999,-9999,-9999
5100,5160,-9999,-9999,-9999,-9999
5160,5220,-9999,-9999,-9999,-9999
5220,5280,-9999,-9999,-9999,-9999
5280,5340,-9999,-9999,-9999,-9999
5340,5400,-9999,-9999,-9999,-9999
5400,5460,-9999,-9999,-9999,-9999
5460,5520,-9999,-9999,-9999,-9999
5520,5580,-9999,-9999,-9999,-9999
5580,5640,-9999,-9999,-9999,-9999
5640,5700,-9999,-9999,-9999,-9999
5700,5760,-9999,-9999,-9999,-9999
5760,5820,-9999,-9999,-9999,-9999
5820,5880,-9999,-9999,-9999,-9999
5880,5940,-9999,-9999,-9999,-9999
5940,6000,-9999,-9999,-9999,-9999
6000,6060,-9999,-9999,-9999,-9999
6060,6120,-9999,-9999,-9999,-9999
6120,6180,-9999,-9999,-9999,-9999
6180,6240,-9999,-9999,-9999,-9999
6240,6300,-9999,-9999,-9999,-9999
6300,6360,-9999,-9999,-9999,-9999
6360,6420,-9999,-9999,-9999,-9999
6420,6480,-9999,-9999,-9999,-9999
6480,6540,-9999,-9999,-9999,-9999
6540,6600,-9999,-9999,-9999,-9999
6600,6660,-9999,-9999,-9999,-9999
6660,6720,-9999,-9999,-9999,-9999
6720,6780,-9999,-9999,-9999,-9999
6780,6840,-9999,-9999,-9999,-9999
6840,6900,-9999,-9999,-9999,-9999
6900,6960,-9999,-9999,-9999,-9999
6960,7020,-9999,-9999,-9999,-9999
7020,7080,-9999,-9999,-9999,-9999
7080,7140,-9999,-9999,-9999,-9999
7140,7200,-9999,-9999,-9999,-9999
7200,7260,-9999,-9999,-9999,-9999
7260,7320,-9999,-9999,-9999,-9999
7320,7380,-9999,-9999,-9999,-9999
7380,7440,-9999,-9999,-9999,-9999
7440,7500,-9999,-9999,-9999,-9999
7500,7560,-9999,-9999,-9999,-9999
7560,7620,-9999,-9999,-9999,-9999
7620,7680,-9999,-9999,-9999,-9999
7680,7740,-9999,-9999,-9999,-9999
7740,7800,-9999,-9999,-9999,-9999
7800,7860,-9999,-9999,-9999,-9999
7860,7920,-9999,-9999,-9999,-9999
7920,7980,-9999,-9999,-9999,-9999
7980,8040,-9999,-9999,-9999,-9999
8040,8100,-9999,-9999,-9999,-9999
8100,8160,-9999,-9999,-9999,-9999
8160,8220,-9999,-9999,-9999,-9999
8220,8280,-9999,-9999,-9999,-9999
8280,8340,-9999,-9999,-9999,-9999
8340,8400,-9999,-9999,-9999,-9999
8400,8460,-9999,-9999,-9999,-9999
8460,8520,-9999,-9999,-9999,-9999
8520,8580,-9999,-9999,-9999,-9999
8580,8640,-9999,-9999,-9999,-9999
8640,8700,-9999,-9999,-9999,-9999
8700,8760,-9999,-9999,-9999,-9999
8760,8820,-9999,-9999,-9999,-9999
8820,8880,-9999,-9999,-9999,-9999
8880,8940,-9999,-9999,-9999,-9999
8940,9000,-9999,-9999,-9999,-9999
9000,9060,-9999,-9999,-9999,-9999
9060,9120,-9999,-9999,-9999,-9999
9120,9180,-9999,-9999,-9999,-9999
9180,9240,-9999,-9999,-9999,-9999
9240,9300,-9999,-9999,-9999,-9999
9300,9360,-9999,-9999,-9999,-9999
9360,9420,-9999,-9999,-9999,-9999
9420,9480,-9999,-9999,-9999,-9999
9480,9540,-9999,-9999,-9999,-9999
9540,9600,-9999,-9999,-9999,-9999
9600,9660,-9999,-9999,-9999,-9999
9660,9720,-9999,-9999,-9999,-9999
9720,9780,-9999,-9999,-9999,-9999
9780,9840,-9999,-9999,-9999,-9999
9840,9900,-9999,-9999,-9999,-9999
9900,9960,-9999,-9999,-9999,-9999
9960,10020,-9999,-9999,-9999,-9999
10020,10080,-9999,-9999,-9999,-9999
10080,10140,-9999,-9999,-9999,-9999
10140,10200,-9999,-9999,-9999,-9999
10200,10260,-9999,-9999,-9999,-9999
10260,10320,-9999,-9999,-9999,-9999
10320,10380,-9999,-9999,-9999,-9999
10380,10440,-9999,-9999,-9999,-9999
10440,10500,-9999,-9999,-9999,-9999
10500,10560,-9999,-9999,-9999,-9999
10560,10620,-9999,-9999,-9999,-9999
10620,10680,-9999,-9999,-9999,-9999
10680,10740,-9999,-9999,-9999,-9999
10740,10800,-9999,-9999,-9999,-9999
10800,10860,-9999,-9999,-9999,-9999
10860,10920,-9999,-9999,-9999,-9999
10920,10980,438.34,1964.9,155.5,13484.2119
10980,11040,438.49,1964.5,157.1,13476.4287
11040,11100,438.26,1964.2,153.1,13400.0215
11100,11160,437.35,1963.6,152.5,13309.0088
11160,11220,436.90,1963.3,161.7,13189.7637
11220,11280,437.48,1963.8,175.2,13170.7432
11280,11340,442.29,1964.3,206.6,13287.6357
11340,11400,437.82,1963.3,177.2,13074.7803
11400,11460,438.52,1963.2,177.1,13079.1650
11460,11520,439.92,1962.5,166.7,13169.6387
11520,11580,437.96,1961.4,151.7,13056.8662
11580,11640,438.47,1960.6,141.3,13060.3184
11640,11700,437.87,1960.6,140.3,13011.5166
11700,11760,438.09,1960.4,143.3,13064.2471
11760,11820,441.97,1960.8,149.5,13206.4932
11820,11880,443.76,1961.2,168.4,13307.2695
11880,11940,441.38,1960.2,165.0,13091.0283
11940,12000,438.45,1960.6,154.6,12985.2920
12000,12060,436.75,1959.8,165.8,12805.1758
12060,12120,436.91,1959.7,157.5,12779.4072
12120,12180,444.62,1959.6,149.5,12987.7422
12180,12240,442.67,1959.4,155.2,12872.4961
12240,12300,439.20,1959.6,148.7,12779.5615
12300,12360,442.64,1960.1,152.6,12855.3926
12360,12420,438.47,1958.6,144.2,12535.4170
12420,12480,439.65,1959.2,143.7,12568.6172
12480,12540,441.52,1959.3,151.1,12596.1699
12540,12600,440.87,1959.0,153.7,12502.0225
12600,12660,440.29,1959.0,143.2,12431.3438
12660,12720,446.82,1959.1,138.8,12539.3262
12720,12780,445.89,1959.7,140.1,12580.7578
12780,12840,445.43,1960.2,161.2,13163.6875
12840,12900,439.10,1959.0,146.0,13429.0859
12900,12960,443.12,1958.9,148.6,13917.3467
12960,13020,440.10,1958.5,143.0,13170.7705
13020,13080,441.85,1958.5,142.2,13435.0996
13080,13140,443.18,1958.6,146.1,13497.8154
13140,13200,442.29,1959.0,152.9,13379.4111
13200,13260,438.37,1958.3,158.1,13381.1846
13260,13320,440.11,1959.7,150.4,13093.0840
13320,13380,437.76,1959.5,153.0,12234.0625
13380,13440,440.59,1960.4,166.4,12731.5918
13440,13500,441.17,1959.5,159.8,13224.6885
13500,13560,439.12,1959.2,164.8,12347.8613
13560,13620,439.55,1959.2,162.4,12499.4619
13620,13680,442.52,1959.4,168.7,12590.2197
13680,13740,443.93,1961.1,173.0,12419.8359
13740,13800,439.83,1959.4,170.4,12191.8711
13800,13860,439.68,1960.0,155.8,12152.9785
13860,13920,439.77,1962.8,155.9,12277.7646
13920,13980,438.02,1962.1,148.7,12253.0479
13980,14040,438.71,1964.0,155.9,12264.0488
14040,14100,441.18,1967.9,178.4,12414.0557
14100,14160,442.29,1966.8,164.7,12549.7070
14160,14220,442.78,1967.7,168.7,12604.9482
14220,14280,445.33,1969.0,173.5,13240.7480
14280,14340,445.00,1971.1,184.4,12744.3506
14340,14400,445.26,1970.8,185.4,12779.5420
14400,14460,445.96,1971.5,181.6,12907.1465
14460,14520,447.64,1976.0,180.0,13279.0225
14520,14580,446.87,1974.3,177.2,12952.5869
14580,14640,446.83,1975.1,178.4,12948.5801
14640,14700,446.48,1972.9,175.3,12829.3652
14700,14760,446.33,1973.9,168.3,12825.4434
14760,14820,444.58,1972.0,162.5,12534.7520
14820,14880,446.93,1973.1,163.2,12721.2773
14880,14940,445.42,1969.2,160.0,12573.6895
14940,15000,442.39,1964.3,153.3,12334.0117
15000,15060,442.73,1964.0,151.6,12816.4170
15060,15120,442.22,1962.9,149.7,13024.6279
15120,15180,441.91,1962.5,149.3,12624.1943
15180,15240,443.43,1964.1,154.1,12708.1494
15240,15300,444.47,1964.1,157.7,12584.0293
15300,15360,443.93,1963.4,181.8,12432.3018
15360,15420,445.34,1963.5,201.9,12949.4014
15420,15480,444.60,1962.8,193.4,12719.2588
15480,15540,446.25,1963.3,194.0,12830.3662
15540,15600,445.67,1963.2,181.0,12675.5361
15600,15660,444.44,1964.4,184.1,12817.6113
15660,15720,444.74,1964.9,181.5,13268.5293
15720,15780,442.66,1964.8,176.0,12556.6553
15780,15840,445.02,1967.6,179.9,12997.2266
15840,15900,446.74,1968.6,169.8,12780.2871
15900,15960,442.80,1964.2,153.1,12292.1377
15960,16020,446.80,1966.4,162.6,13011.6484
16020,16080,447.55,1966.8,199.2,12864.1230
16080,16140,448.95,1965.8,194.1,13228.3730
16140,16200,443.89,1963.1,163.5,12585.6455
16200,16260,445.96,1964.9,157.3,12788.0928
16260,16320,446.79,1965.2,149.4,13078.2803
16320,16380,446.09,1964.7,149.9,12862.0137
16380,16440,448.39,1964.4,164.4,13105.8711
16440,16500,446.90,1965.6,167.3,12860.8818
16500,16560,446.12,1965.7,172.8,12636.7900
16560,16620,444.98,1964.9,156.2,12316.3262
16620,16680,446.10,1963.9,152.5,12456.5625
16680,16740,440.27,1960.6,145.6,12077.1768
16740,16800,441.98,1961.5,147.8,12120.4844
16800,16860,444.22,1962.2,148.4,12165.1416
16860,16920,446.43,1965.2,149.1,12161.8701
16920,16980,447.64,1966.6,149.9,12362.3838
16980,17040,443.21,1966.7,152.4,11950.6504
17040,17100,445.07,1964.1,153.9,12572.2012
17100,17160,445.57,1963.7,153.1,12556.0186
17160,17220,447.87,1963.2,154.7,12909.5986
17220,17280,441.96,1960.3,146.7,12048.1152
17280,17340,445.20,1961.7,149.2,12483.0791
17340,17400,447.84,1961.3,152.8,12966.3672
17400,17460,443.61,1960.6,144.1,12554.9658
17460,17520,445.53,1960.1,141.3,12944.6436
17520,17580,444.66,1960.3,142.7,12540.6621
17580,17640,442.13,1960.9,142.8,12115.5322
17640,17700,444.14,1960.8,143.7,12679.8662
17700,17760,444.03,1960.7,142.1,12514.9385
17760,17820,445.19,1960.7,143.0,12376.0176
17820,17880,444.04,1960.8,143.0,12414.3535
17880,17940,445.87,1960.2,151.4,12593.1357
17940,18000,443.32,1959.0,145.0,12122.7129
18000,18060,443.24,1959.3,143.4,12186.4971
18060,18120,441.61,1958.7,139.6,11871.8848
18120,18180,441.96,1958.9,144.9,11897.5938
18180,18240,441.05,1958.6,143.1,11809.2217
18240,18300,441.47,1958.4,142.1,11723.3652
18300,18360,443.12,1959.2,142.5,11794.6563
18360,18420,444.41,1959.2,142.0,12348.4424
18420,18480,443.45,1959.1,155.6,12153.4902
18480,18540,443.53,1959.0,167.0,11901.6572
18540,18600,445.10,1959.6,163.5,12525.8281
18600,18660,442.43,1959.5,183.0,11774.1182
18660,18720,442.51,1959.3,163.9,11716.7676
18720,18780,443.63,1959.4,160.9,11969.2021
18780,18840,441.72,1959.3,144.1,11580.3213
18840,18900,445.22,1963.5,150.8,11799.2334
18900,18960,448.28,1964.7,148.6,12080.7578
18960,19020,448.69,1964.9,146.5,12184.2637
19020,19080,448.31,1965.3,148.9,12216.5498
19080,19140,446.93,1965.7,151.0,12052.0156
19140,19200,449.18,1966.2,149.8,12176.7568
19200,19260,448.07,1966.6,150.4,11883.8936
19260,19320,447.27,1966.1,149.9,11791.5723
19320,19380,447.45,1968.9,153.0,11838.4873
19380,19440,449.55,1973.0,167.5,11916.1221
19440,19500,451.36,1971.4,181.9,11993.8760
19500,19560,453.36,1972.6,189.6,12124.8438
19560,19620,452.03,1971.9,165.9,12302.5156
19620,19680,451.53,1973.8,159.1,12320.1602
19680,19740,452.85,1974.0,157.9,12439.2236
19740,19800,454.47,1978.0,158.8,12525.7197
19800,19860,454.40,1984.1,165.3,12461.3447
19860,19920,455.23,1985.5,186.5,12291.5908
19920,19980,453.14,1984.9,191.2,12142.0537
19980,20040,450.99,1988.5,194.7,12388.9170
20040,20100,446.65,2005.0,189.6,13136.6465
20100,20160,446.04,2014.5,192.2,13576.9307
20160,20220,445.85,2017.2,199.3,13405.8818
20220,20280,444.42,2018.2,190.4,13810.0928
20280,20340,438.75,2017.5,175.1,14354.0654
20340,20400,433.38,2004.0,162.1,14974.1309
20400,20460,432.61,2002.0,157.0,15182.1719
20460,20520,432.12,2002.2,157.8,15253.9824
20520,20580,431.75,2001.7,155.3,15272.1133
20580,20640,432.22,1998.5,156.6,15303.7354
20640,20700,432.30,1994.7,157.3,15274.3018
20700,20760,431.92,1989.6,157.8,15168.4102
20760,20820,430.74,1986.0,155.2,15091.6455
20820,20880,430.35,1983.2,155.8,15051.5293
20880,20940,430.58,1983.0,154.1,15130.7705
20940,21000,431.06,1984.4,155.2,15182.5107
21000,21060,430.28,1986.1,161.3,15232.1289
21060,21120,429.86,1988.8,156.5,15430.1494
21120,21180,429.67,1989.0,153.5,15634.9980
21180,21240,429.22,1991.5,154.1,15888.5645
21240,21300,429.56,1992.7,153.4,15998.6211
21300,21360,430.28,1994.6,152.9,16001.8164
21360,21420,429.87,1995.2,154.6,15894.9199
21420,21480,430.10,1994.1,151.7,16059.4961
21480,21540,430.61,1996.0,150.3,15930.0078
21540,21600,431.06,1997.8,152.4,15542.6348
21600,21660,431.25,1998.1,154.9,15606.2266
21660,21720,430.02,1998.8,149.3,15444.3672
21720,21780,429.34,2000.2,145.8,15477.6328
21780,21840,430.14,2001.9,147.2,15609.6934
21840,21900,430.31,2004.8,146.9,15709.0059
21900,21960,430.59,2006.4,146.1,15834.5547
21960,22020,431.24,2007.2,147.6,16077.8047
22020,22080,430.42,2007.7,148.0,15982.6826
22080,22140,429.85,2014.3,146.1,16144.2334
22140,22200,430.14,2017.2,145.2,16344.8447
22200,22260,431.35,2018.3,145.7,16401.6758
22260,22320,431.32,2020.4,146.2,16465.6426
22320,22380,430.23,2019.6,145.4,16472.4922
22380,22440,430.81,2019.0,143.2,16495.8809
22440,22500,430.41,2011.9,145.2,16343.0723
22500,22560,430.26,2014.2,144.3,16319.7139
22560,22620,430.20,2011.3,145.2,16227.9873
22620,22680,430.66,2011.9,145.6,16339.4834
22680,22740,430.32,2008.9,146.7,16053.8867
22740,22800,430.44,2003.5,147.7,15697.3936
22800,22860,430.39,2000.9,148.7,15460.9365
22860,22920,431.07,2001.7,148.7,15484.7529
22920,22980,431.87,2001.2,150.1,15365.3076
22980,23040,432.20,2000.0,149.3,15303.9727
23040,23100,431.73,1998.4,150.3,15096.1064
23100,23160,431.64,1996.1,151.8,14787.2129
23160,23220,433.62,1998.5,166.7,14866.1240
23220,23280,432.61,2000.6,160.7,15065.0264
23280,23340,433.55,2004.0,165.7,15111.7598
23340,23400,433.80,2005.0,163.1,15258.7666
23400,23460,434.81,2006.5,165.3,15316.6504
23460,23520,435.26,2010.4,176.1,15133.1553
23520,23580,434.30,2011.0,168.4,15137.0586
23580,23640,433.11,2008.6,162.4,15103.8379
23640,23700,433.54,2008.1,166.9,15047.5146
23700,23760,434.01,2009.4,170.4,15060.4297
23760,23820,433.64,2009.9,169.6,15031.3672
23820,23880,433.35,2011.3,163.1,14833.2217
23880,23940,433.64,2013.0,166.9,14830.1396
23940,24000,433.81,2013.1,159.9,14956.1143
24000,24060,434.00,2015.5,155.6,14969.0693
24060,24120,435.62,2019.3,167.7,14948.1113
24120,24180,435.05,2023.3,159.4,14857.6602
24180,24240,435.53,2027.9,160.2,14743.9141
24240,24300,435.68,2028.8,162.3,14736.6064
24300,24360,436.10,2029.6,163.4,14737.6299
24360,24420,436.55,2028.5,172.6,14614.9170
24420,24480,435.04,2026.9,166.0,14499.9268
24480,24540,435.77,2028.2,168.3,14490.6416
24540,24600,436.16,2028.0,170.8,14457.1465
