CampaignData_and_Merges/R0/CSL_MobileLab_Parked/raw/20240715/USOS-NOAAIodideCIMS-OrgNitrs_MobileLabGround_20240715_RA.ict
38, 1001
Michael A Robinson, Chris Jernigan, Subi Thakali
NOAA ESRL Chemical Sciences Laboratory and CIRES, U. of Colorado
NOAA Iodide CIMS Instrument
USOS
1, 1
2024, 07, 15, 2024, 07, 17
0
starttime_UTC, seconds_past_midnight, seconds_of_day_since_00:00:00_UTC
5
1, 1, 1, 1, 1
-9999, -9999, -9999, -9999, -9999
C4H7NO5_NOAACIMS, pptv, Gas_C4H7NO5_InSitu_M_AVMR, methacrolein and MVK nitrates
ISOPN_NOAACIMS, pptv, Gas_ISOPN_InSitu_M_AVMR, isoprene hydroxynitrates
C5H10O3_NOAACIMS, pptv, Gas_C5H10O3_InSitu_M_AVMR, isoprene hydroxyhydroperoxide and epoxydiols (ISOPOOH + IEPOX)
C5H9NO5_NOAACIMS, pptv, Gas_C5H9NO5_InSitu_M_AVMR, isoprene nitrooxy hydroperoxides and epoxides
C10H17NO4_NOAACIMS, pptv, Gas_C10H17NO4_InSitu_M_AVMR, terpene hydroxy nitrates
1
N/A
18
PI_CONTACT_INFO: 325 Broadway, R/CSD 7, Boulder, Colorado 80305; michael.a.robinson@noaa.gov; chris.jernigan@noaa.gov;
PLATFORM: NOAA CSL Mobile Lab
LOCATION: SLC, Utah
ASSOCIATED_DATA: 1Hz data also available on request.
INSTRUMENT_INFO: NOAA I- ToF CIMS
DATA_INFO: Units: pptv
UNCERTAINTY: tbd
ULOD_FLAG: -7777
ULOD_VALUE: N/A
LLOD_FLAG: -8888
LLOD_VALUE: N/A
DM_CONTACT_INFO: Nathan Howard; nathan.h.howard@noaa.gov
PROJECT_INFO: USOS, summer 2024. https://csl.noaa.gov/groups/csl7/measurements/2024usos/
STIPULATIONS_ON_USE: only the USOS science team is allowed to use this data
OTHER_COMMENTS: Field data; Data are averaged to 1 minute intervals. Stationary data collected from a 10 ft tower on top of the mobile lab
REVISION: RA
RA: Preliminary Data; For in-field use only
starttime_UTC, C4H7NO5_NOAACIMS, ISOPN_NOAACIMS, C5H10O3_NOAACIMS, C5H9NO5_NOAACIMS, C10H17NO4_NOAACIMS
[from data line 1290]
77400,4.491,4.915,-9999.000,5.612,0.199
77460,4.575,4.817,-9999.000,5.581,0.313
77520,4.470,5.271,40.176,5.477,0.262
77580,4.542,4.863,44.228,4.953,0.388
77640,4.322,4.840,42.851,4.997,0.198
77700,4.138,5.161,40.663,4.953,0.363
77760,4.066,4.943,40.368,4.994,0.141
77820,4.214,5.527,42.362,5.075,0.191
77880,4.322,5.438,42.795,5.105,0.281
77940,4.367,5.005,45.455,4.892,0.155
78000,4.316,4.183,47.887,5.104,0.201
78060,4.300,4.307,50.011,4.733,0.279
78120,4.282,4.416,49.486,4.725,0.246
78180,4.317,4.210,50.751,4.577,0.187
78240,4.256,4.027,50.172,4.660,0.285
78300,3.784,4.377,45.612,4.582,0.206
78360,3.719,4.095,46.599,4.325,0.203
78420,4.081,4.284,48.836,4.761,0.180
78480,3.706,4.271,47.405,4.708,0.214
78540,3.044,3.902,41.619,4.362,0.154
78600,2.986,3.712,40.053,4.214,0.181
78660,2.942,3.882,40.991,4.303,0.210
78720,2.832,3.851,36.904,4.155,0.193
78780,2.685,3.705,36.195,3.977,0.126
78840,2.648,3.535,36.215,3.931,0.179
78900,2.632,3.383,35.471,4.231,0.160
78960,2.659,3.288,33.344,3.878,0.020
79020,2.616,3.006,34.126,4.349,0.023
79080,2.563,3.699,33.425,3.983,0.156
79140,2.525,3.527,33.334,4.103,0.032
79200,2.379,3.465,27.669,4.521,0.082
79260,2.439,3.751,31.068,4.350,0.110
79320,2.464,3.546,33.649,4.000,0.161
79380,2.686,3.408,36.806,4.134,0.162
79440,2.897,3.576,41.000,4.267,0.213
79500,2.746,3.795,39.220,4.152,0.060
79560,2.587,3.433,35.601,4.322,0.118
79620,2.586,3.283,31.087,3.974,0.176
79680,2.606,3.434,33.256,4.177,0.232
79740,2.508,3.531,31.350,4.160,0.211
79800,2.344,3.261,28.250,3.881,0.169
79860,2.241,3.148,27.560,4.071,0.259
79920,2.267,3.351,26.052,3.952,0.189
79980,2.196,3.038,24.982,3.933,0.276
80040,2.213,3.150,23.864,3.887,0.295
80100,2.272,3.266,25.271,3.941,0.281
80160,2.356,3.404,25.569,3.767,0.268
80220,2.437,3.634,26.489,3.922,0.223
80280,2.524,3.377,25.794,4.102,0.252
80340,2.485,3.286,26.940,4.057,0.332
80400,2.509,3.698,26.786,4.147,0.328
80460,2.571,3.835,25.141,4.024,0.300
80520,2.649,3.643,26.638,4.035,0.399
80580,2.712,4.337,26.134,4.187,0.370
80640,2.709,4.117,25.987,4.301,0.511
80700,2.601,3.734,26.657,4.399,0.362
80760,2.438,3.668,26.722,4.242,0.348
80820,2.422,3.838,25.813,4.217,0.460
80880,2.441,3.843,27.437,4.007,0.446
80940,2.445,3.659,25.678,4.063,0.377
81000,-9999.000,-9999.000,-9999.000,-9999.000,-9999.000
81060,2.196,2.573,-9999.000,4.158,0.307
81120,2.328,2.722,-9999.000,4.344,0.291
81180,2.406,3.351,-9999.000,4.387,0.346
81240,2.449,3.225,-9999.000,4.283,0.430
81300,2.438,2.926,24.903,4.205,0.375
81360,2.434,2.951,25.978,4.419,0.331
81420,2.466,3.188,24.187,4.366,0.271
81480,2.516,3.108,25.220,4.437,0.394
81540,2.472,3.389,25.647,4.317,0.398
81600,2.572,3.413,25.157,4.401,0.377
81660,2.531,3.193,25.548,4.308,0.381
81720,2.408,3.293,25.413,4.251,0.310
81780,2.335,3.142,23.748,4.268,0.459
81840,2.322,3.082,23.959,4.107,0.390
81900,2.212,3.055,23.431,4.024,0.420
81960,2.126,2.836,22.557,3.959,0.284
82020,2.187,2.925,22.760,3.861,0.320
82080,2.139,2.273,22.458,3.790,0.253
82140,2.220,2.145,25.540,3.859,0.277
82200,2.152,2.321,25.170,3.832,0.347
82260,2.204,2.062,25.509,3.827,0.208
82320,2.241,2.105,25.475,3.903,0.342
82380,2.226,2.257,23.885,3.783,0.254
82440,2.335,2.337,24.228,3.948,0.332
82500,2.278,2.645,25.462,4.098,0.321
82560,2.338,2.332,25.096,3.955,0.264
82620,2.416,2.891,24.828,4.079,0.359
82680,2.482,2.823,25.279,4.019,0.402
82740,2.560,2.686,24.781,4.131,0.313
82800,2.553,2.861,25.395,4.234,0.360
82860,2.305,2.481,20.951,4.448,0.320
82920,2.575,2.527,23.803,4.494,0.368
82980,2.652,2.827,25.421,4.470,0.301
83040,2.763,3.940,27.877,4.317,0.331
83100,2.731,4.130,28.930,4.454,0.395
83160,2.536,3.256,26.607,4.103,0.322
83220,2.656,3.422,26.202,4.125,0.292
83280,2.985,3.905,28.258,4.481,0.306
83340,2.959,3.889,28.972,4.404,0.324
83400,2.997,4.857,32.896,4.384,0.376
83460,2.913,6.053,36.061,4.171,0.408
83520,2.820,5.037,34.263,4.233,0.370
83580,2.785,5.518,34.163,4.036,0.377
83640,2.605,4.801,29.311,4.118,0.434
83700,2.408,4.222,25.617,3.800,0.427
83760,2.434,3.738,25.533,3.850,0.385
83820,2.254,2.931,25.597,4.013,0.228
83880,2.231,2.908,25.093,3.871,0.368
83940,2.254,2.588,25.995,3.909,0.260
84000,2.280,2.718,26.335,3.970,0.356
84060,2.260,2.503,27.413,3.871,0.353
84120,2.402,2.354,27.574,3.948,0.348
84180,2.450,2.989,28.649,3.889,0.369
84240,2.369,3.189,28.435,4.148,0.353
84300,2.292,3.351,29.277,4.196,0.469
84360,2.404,3.368,28.095,4.062,0.313
84420,2.439,3.168,27.889,4.062,0.277
84480,2.317,3.056,27.291,3.886,0.283
84540,2.309,3.103,29.261,4.219,0.362
84600,2.538,3.438,28.018,4.266,0.296
84660,2.393,2.414,27.929,4.211,0.231
84720,2.260,3.456,20.805,4.084,0.309
84780,2.640,4.152,25.585,4.944,0.317
84840,2.744,4.783,28.775,4.751,0.338
84900,2.767,4.426,29.387,4.525,0.258
84960,2.815,4.181,30.173,4.594,0.265
85020,2.961,4.101,30.272,4.479,0.356
85080,2.919,4.335,30.701,4.436,0.376
85140,2.945,4.235,30.745,4.533,0.215
85200,2.928,4.521,31.904,4.663,0.242
85260,2.784,4.169,31.938,4.345,0.210
85320,2.881,4.687,31.537,4.344,0.295
85380,2.970,4.792,32.844,4.364,0.215
85440,3.133,5.430,35.732,4.427,0.237
85500,3.211,5.449,37.288,4.559,0.226
85560,3.167,5.420,37.084,4.190,0.138
85620,3.298,5.366,37.957,4.333,0.166
85680,3.205,5.424,37.789,4.560,0.135
85740,3.148,5.846,38.922,4.488,0.253
85800,3.270,5.568,39.302,4.337,0.248
85860,3.447,6.363,40.712,4.549,0.087
85920,3.430,6.007,41.525,4.581,0.136
85980,3.612,6.759,43.378,4.795,0.040
86040,3.580,7.128,45.112,4.888,0.110
86100,3.409,6.206,40.641,4.604,0.078
86160,3.366,5.871,42.824,4.761,0.126
86220,3.064,5.272,38.746,4.341,0.071
86280,2.573,4.146,30.479,4.167,0.043
86340,2.673,4.635,30.778,4.322,0.025
