CampaignData_and_Merges/R0/CSL_MobileLab_Parked/raw/20240715/USOS-NOy-LIF_MobileLabGround_20240715_R0.ict
39,1001
Rollins, A.; Waxman, E.; Zuraski, K.; Chace, W.
NOAA Chemical Sciences Laboratory
LIF NO/NOx/NOy on CSL Mobile Lab
AMMBEC / USOS
1, 1
2024,07,15, 2025,01,03
1
Time_Start, seconds, number_of_seconds_since_0000_UTC
7
1, 1, 1, 1, 1, 1, 1
-9999, -9999, -9999, -9999, -9999, -9999, -9999
Time_Stop, seconds, number_of_seconds_since_0000_UTC
NO_LIF, pptv, Gas_NO_InSitu_S_AVMR, volume mixing ratio of nitric oxide in air
NO2_LIF, pptv, Gas_NO2_InSitu_S_AVMR, volume mixing ratio of nitrogen dioxide in air
NOy_LIF, pptv, Gas_NOy_InSitu_S_AVMR, volume mixing ratio of total oxidized nitrogen in air
NO_LIF_1SigmaAccuracy, pptv, Gas_NO_InSitu_S_AVMR, volume mixing ratio of nitric oxide in air
NO2_LIF_1SigmaAccuracy, pptv, Gas_NO2_InSitu_S_AVMR, volume mixing ratio of nitrogen dioxide in air
NOy_LIF_1SigmaAccuracy, pptv, Gas_NOy_InSitu_S_AVMR, volume mixing ratio of total oxidized nitrogen in air
0
18
PI_CONTACT_INFO: andrew.rollins@noaa.gov
PLATFORM: CSL Mobile Lab
LOCATION: Salt Lake City, UT
ASSOCIATED_DATA:
INSTRUMENT_INFO: NO detection by laser induced fluorescence. NO2 detection by photolytic conversion to NO. NOy detection by catalytic conversion to NO on gold surface
DATA_INFO:
UNCERTAINTY: Included 1 Sigma Accuracy waves represent the combined calibration uncertainties (±6%, ±9%, ±10%) and zero uncertainties (3 ppt, 20 ppt, 100 ppt) for NO, NO2, and NOy, respectively.
ULOD_FLAG: -7777
ULOD_VALUE: N/A
LLOD_FLAG: -8888
LLOD_VALUE: N/A
DM_CONTACT_INFO: andrew.rollins@noaa.gov
PROJECT_INFO: USOS Project, July - August 2024
STIPULATIONS_ON_USE: Users are strongly encouraged to contact the PI for proper data usage.
OTHER_COMMENTS:
REVISION: R0
R0: final data
Time_Start, Time_Stop, NO_LIF, NO2_LIF, NOy_LIF, NO_LIF_1SigmaAccuracy, NO2_LIF_1SigmaAccuracy, NOy_LIF_1SigmaAccuracy
[from data line 533]
   31980,   32040,-9999,-9999,-9999,-9999, -9999, -9999
   32040,   32100,-9999,-9999,-9999,-9999, -9999, -9999
   32100,   32160,-9999,-9999,-9999,-9999, -9999, -9999
   32160,   32220,-9999,-9999,-9999,-9999, -9999, -9999
   32220,   32280,-9999,-9999,-9999,-9999, -9999, -9999
   32280,   32340,-9999,-9999,-9999,-9999, -9999, -9999
   32340,   32400,22.429,1666.6,3019.9,4.3457, 169.99, 401.99
   32400,   32460,27.21,1612.9,2917,4.6326, 165.16, 391.7
   32460,   32520,19.192,1447.6,2841.8,4.1515, 150.28, 384.18
   32520,   32580,18.771,1423,2757.9,4.1262, 148.07, 375.79
   32580,   32640,25.268,1450.6,2811.4,4.5161, 150.55, 381.14
   32640,   32700,22.266,1411.8,2775,4.3359, 147.06, 377.5
   32700,   32760,46.218,1529.3,2869.4,5.7731, 157.63, 386.94
   32760,   32820,67.576,1990.3,3030.1,7.0546, 199.13, 403.01
   32820,   32880,63.457,1921,3373.7,6.8074, 192.89, 437.37
   32880,   32940,35.697,1725.6,3220.2,5.1418, 175.3, 422.02
   32940,   33000,24.062,1481.1,2863.6,4.4437, 153.3, 386.36
   33000,   33060,85.255,1753.9,3065.7,8.1153, 177.85, 406.57
   33060,   33120,83.53,1691.5,3083.6,8.0118, 172.23, 408.36
   33120,   33180,40.435,1366.9,2725.5,5.4261, 143.02, 372.55
   33180,   33240,29.957,1385.4,2863.1,4.7974, 144.68, 386.31
   33240,   33300,48.318,1460.8,2769,5.8991, 151.47, 376.9
   33300,   33360,46.144,1476.5,2977.4,5.7686, 152.88, 397.74
   33360,   33420,21.834,1382.4,2813.9,4.3101, 144.41, 381.39
   33420,   33480,19.637,1331,2677.1,4.1782, 139.79, 367.71
   33480,   33540,16.466,1283.7,2511.9,3.988, 135.54, 351.19
   33540,   33600,35.149,1391.2,2587.8,5.109, 145.21, 358.78
   33600,   33660,60.76,1795.4,3032.6,6.6456, 181.58, 403.26
   33660,   33720,25.498,1650.1,2932.6,4.5299, 168.51, 393.26
   33720,   33780,23.841,1650.7,3080.6,4.4304, 168.56, 408.06
   33780,   33840,22.171,1605.9,3031.8,4.3302, 164.53, 403.18
   33840,   33900,36.296,1554.4,2870.6,5.1778, 159.89, 387.06
   33900,   33960,22.468,1494.4,2914.2,4.3481, 154.49, 391.42
   33960,   34020,19.483,1401.3,2828,4.169, 146.11, 382.8
   34020,   34080,24.837,1419.4,2838.1,4.4902, 147.75, 383.81
   34080,   34140,12.548,1339.5,2630.7,3.7529, 140.56, 363.07
   34140,   34200,38.069,1489.8,2687.4,5.2841, 154.08, 368.74
   34200,   34260,34.73,1624.3,3021,5.0838, 166.19, 402.1
   34260,   34320,29.983,1807.3,3193.4,4.799, 182.66, 419.34
   34320,   34380,21.529,1652.3,3008.6,4.2917, 168.7, 400.86
   34380,   34440,21.215,1454.9,2848.1,4.2729, 150.94, 384.81
   34440,   34500,27.177,1671.5,3150.3,4.6306, 170.44, 415.03
   34500,   34560,-9999,-9999,-9999,-9999, -9999, -9999
   34560,   34620,-9999,-9999,-9999,-9999, -9999, -9999
   34620,   34680,-9999,-9999,-9999,-9999, -9999, -9999
   34680,   34740,-9999,-9999,-9999,-9999, -9999, -9999
   34740,   34800,-9999,-9999,-9999,-9999, -9999, -9999
   34800,   34860,-9999,-9999,-9999,-9999, -9999, -9999
   34860,   34920,-9999,-9999,-9999,-9999, -9999, -9999
   34920,   34980,52.913,1794.3,3575.6,6.1748, 181.48, 457.56
   34980,   35040,34.957,1723.8,3356.6,5.0974, 175.14, 435.66
   35040,   35100,32.643,1771.5,3271.2,4.9586, 179.43, 427.12
   35100,   35160,19.926,1743.1,3207.5,4.1955, 176.88, 420.75
   35160,   35220,43.303,1904,3374.4,5.5982, 191.36, 437.44
   35220,   35280,46.54,2001.8,3692.1,5.7924, 200.16, 469.21
   35280,   35340,30.503,1941.8,3924.9,4.8302, 194.77, 492.49
   35340,   35400,40.598,2068.1,3853.9,5.4359, 206.13, 485.39
   35400,   35460,30.895,1953.3,3592,4.8537, 195.8, 459.2
   35460,   35520,65.488,2064.9,4118.8,6.9293, 205.84, 511.88
   35520,   35580,110.96,2028.4,4343.7,9.6578, 202.55, 534.37
   35580,   35640,95.841,2059,4036.5,8.7505, 205.31, 503.65
   35640,   35700,66.566,2014.3,3890.6,6.9939, 201.28, 489.06
   35700,   35760,52.173,1912.3,3804.7,6.1304, 192.11, 480.47
   35760,   35820,66.806,1917.6,3396.9,7.0084, 192.58, 439.69
   35820,   35880,88.6,1960.5,3433.2,8.316, 196.45, 443.32
   35880,   35940,83.913,2211.6,3548,8.0348, 219.04, 454.8
   35940,   36000,45.946,1997,3705.5,5.7568, 199.73, 470.55
   36000,   36060,21.356,1867.6,3518.1,4.2813, 188.08, 451.81
   36060,   36120,24.825,1858.3,3358,4.4895, 187.25, 435.8
   36120,   36180,22.339,1717.8,3243,4.3404, 174.6, 424.3
   36180,   36240,20.081,1663.9,3031.5,4.2049, 169.75, 403.15
   36240,   36300,14.39,1662.2,3008.2,3.8634, 169.6, 400.82
   36300,   36360,18.693,1714.2,3058.2,4.1216, 174.27, 405.82
   36360,   36420,18.53,1761.8,3202.5,4.1118, 178.56, 420.25
   36420,   36480,18.949,1789,3212.3,4.1369, 181.01, 421.23
   36480,   36540,18.388,1761.7,3162.4,4.1033, 178.55, 416.24
   36540,   36600,17.13,1727.8,3166.7,4.0278, 175.5, 416.67
   36600,   36660,18.113,1753.6,3177.1,4.0868, 177.83, 417.71
   36660,   36720,36.304,1848.6,3283.6,5.1783, 186.37, 428.36
   36720,   36780,57.427,2049.5,3475.2,6.4456, 204.46, 447.52
   36780,   36840,45.37,2003.8,3508.6,5.7222, 200.35, 450.86
   36840,   36900,32.615,1924.7,3390.3,4.9569, 193.22, 439.03
   36900,   36960,69.481,2175.8,3876.8,7.1689, 215.82, 487.68
   36960,   37020,42.235,2204,3817,5.5341, 218.36, 481.7
   37020,   37080,43.775,2235.8,3880.8,5.6265, 221.22, 488.08
   37080,   37140,-9999,-9999,-9999,-9999, -9999, -9999
   37140,   37200,-9999,-9999,-9999,-9999, -9999, -9999
   37200,   37260,-9999,-9999,-9999,-9999, -9999, -9999
   37260,   37320,-9999,-9999,-9999,-9999, -9999, -9999
   37320,   37380,-9999,-9999,-9999,-9999, -9999, -9999
   37380,   37440,-9999,-9999,-9999,-9999, -9999, -9999
   37440,   37500,-9999,-9999,-9999,-9999, -9999, -9999
   37500,   37560,17.187,2053.5,3525.3,4.0312, 204.82, 452.53
   37560,   37620,19.66,1974.3,3448.8,4.1796, 197.68, 444.88
   37620,   37680,42.885,2045.1,3550.9,5.5731, 204.06, 455.09
   37680,   37740,30.075,1961.9,3447.5,4.8045, 196.57, 444.75
   37740,   37800,27.674,1928.3,3331,4.6605, 193.55, 433.1
   37800,   37860,23.599,1931.2,3343.5,4.416, 193.81, 434.35
   37860,   37920,39.842,2034.1,3482.6,5.3905, 203.07, 448.26
   37920,   37980,24.118,2074.8,3570,4.4471, 206.73, 457
   37980,   38040,16.982,2040.5,3550.2,4.0189, 203.65, 455.02
   38040,   38100,49.097,2066.1,3475.9,5.9458, 205.95, 447.59
   38100,   38160,40.453,2120.4,3596.3,5.4272, 210.84, 459.63
   38160,   38220,37.547,2088.2,3534.4,5.2528, 207.94, 453.44
   38220,   38280,24.154,2172.8,3627.4,4.4492, 215.55, 462.74
   38280,   38340,24.204,2154.8,3546,4.4522, 213.93, 454.6
   38340,   38400,17.212,2123.9,3647.7,4.0327, 211.15, 464.77
   38400,   38460,29.51,2143.3,3679.1,4.7706, 212.9, 467.91
   38460,   38520,42.876,2055.3,3616.9,5.5726, 204.98, 461.69
   38520,   38580,32.822,1995.3,3441.4,4.9693, 199.58, 444.14
   38580,   38640,25.788,1928.5,3438.5,4.5473, 193.56, 443.85
   38640,   38700,17.715,1772.7,3271.8,4.0629, 179.54, 427.18
   38700,   38760,49.693,1820.8,3259.1,5.9816, 183.87, 425.91
   38760,   38820,73.008,2165.5,3428.8,7.3805, 214.89, 442.88
   38820,   38880,51.015,2346.2,3635.5,6.0609, 231.16, 463.55
   38880,   38940,29.178,2214.6,3669.7,4.7507, 219.32, 466.97
   38940,   39000,29.17,1796.7,3424.9,4.7502, 181.7, 442.49
   39000,   39060,25.296,1692.3,3080.8,4.5178, 172.31, 408.08
   39060,   39120,21.398,1620.9,3058,4.2839, 165.89, 405.8
   39120,   39180,26.895,1566.4,2917.2,4.6137, 160.97, 391.72
   39180,   39240,20.687,1552.1,2913.9,4.2412, 159.69, 391.39
   39240,   39300,42.379,1601.5,2975.5,5.5427, 164.13, 397.55
   39300,   39360,33.574,1568.7,2966.8,5.0144, 161.18, 396.68
   39360,   39420,31.417,1607.2,3075.7,4.885, 164.65, 407.57
   39420,   39480,24.627,1668.5,3055.4,4.4776, 170.17, 405.54
   39480,   39540,22.305,1772.1,3124.8,4.3383, 179.49, 412.48
   39540,   39600,25.477,1800.1,3159.2,4.5286, 182.01, 415.92
   39600,   39660,36.169,1861,3303.4,5.1702, 187.49, 430.34
   39660,   39720,-9999,-9999,-9999,-9999, -9999, -9999
   39720,   39780,-9999,-9999,-9999,-9999, -9999, -9999
   39780,   39840,-9999,-9999,-9999,-9999, -9999, -9999
   39840,   39900,-9999,-9999,-9999,-9999, -9999, -9999
   39900,   39960,-9999,-9999,-9999,-9999, -9999, -9999
   39960,   40020,-9999,-9999,-9999,-9999, -9999, -9999
   40020,   40080,-9999,-9999,-9999,-9999, -9999, -9999
   40080,   40140,85.335,2898.3,4145.6,8.1201, 280.84, 514.56
   40140,   40200,70.393,3243.7,4523.8,7.2236, 311.93, 552.38
   40200,   40260,56.6,3119.9,4931.1,6.396, 300.79, 593.11
   40260,   40320,22.581,3137,4812.2,4.3549, 302.33, 581.22
   40320,   40380,15.178,2427.4,4249.3,3.9107, 238.47, 524.93
   40380,   40440,13.124,2093.5,3560.4,3.7874, 208.42, 456.04
   40440,   40500,18.294,2202.7,3649.8,4.0976, 218.24, 464.98
   40500,   40560,42.829,2357.1,3892.9,5.5697, 232.14, 489.29
   40560,   40620,32.039,2495.7,4101.5,4.9224, 244.61, 510.15
   40620,   40680,23.618,2455.5,4135.2,4.4171, 241, 513.52
   40680,   40740,18.215,2096.9,3666.4,4.0929, 208.72, 466.64
   40740,   40800,17.666,1835.8,3460,4.0599, 185.22, 446
   40800,   40860,20.823,2000,3391.5,4.2494, 200, 439.15
   40860,   40920,14.453,1828.3,3322,3.8672, 184.55, 432.2
   40920,   40980,43.635,1896.5,3413.8,5.6181, 190.69, 441.38
   40980,   41040,43.435,2164.3,3578.6,5.6061, 214.79, 457.86
   41040,   41100,44.46,1961.8,3561.1,5.6676, 196.56, 456.11
   41100,   41160,30.708,1819.7,3413.7,4.8425, 183.77, 441.37
   41160,   41220,16.789,1710.8,3070.4,4.0073, 173.97, 407.04
   41220,   41280,43.381,1665.2,3060,5.6029, 169.87, 406
   41280,   41340,76.713,1914.6,3374.3,7.6028, 192.32, 437.43
   41340,   41400,17.024,1664.1,3126,4.0214, 169.76, 412.6
   41400,   41460,20.568,1636.4,3041.3,4.2341, 167.27, 404.13
   41460,   41520,22.65,1548.6,2943.4,4.359, 159.38, 394.34
   41520,   41580,40.053,1672.9,3102.4,5.4032, 170.56, 410.24
   41580,   41640,104.86,2229.5,3332.9,9.2916, 220.65, 433.29
   41640,   41700,210.05,3950.7,5372.2,15.603, 375.57, 637.22
   41700,   41760,119.94,3203,5191,10.196, 308.27, 619.1
   41760,   41820,75.539,2745.6,4880.4,7.5323, 267.1, 588.04
   41820,   41880,48.051,2420.3,4428.9,5.883, 237.83, 542.89
   41880,   41940,66.73,2237.6,4060.5,7.0038, 221.38, 506.05
   41940,   42000,112.32,3120.4,4950.7,9.7392, 300.84, 595.07
   42000,   42060,86.26,3029.1,5071.8,8.1756, 292.62, 607.18
   42060,   42120,63.836,2294.9,4512,6.8302, 226.54, 551.2
   42120,   42180,63.299,2286.1,3755.1,6.7979, 225.75, 475.51
   42180,   42240,69.301,2650.2,4052.5,7.1581, 258.52, 505.25
   42240,   42300,-9999,-9999,-9999,-9999, -9999, -9999
   42300,   42360,-9999,-9999,-9999,-9999, -9999, -9999
   42360,   42420,-9999,-9999,-9999,-9999, -9999, -9999
   42420,   42480,-9999,-9999,-9999,-9999, -9999, -9999
   42480,   42540,-9999,-9999,-9999,-9999, -9999, -9999
   42540,   42600,-9999,-9999,-9999,-9999, -9999, -9999
   42600,   42660,-9999,-9999,-9999,-9999, -9999, -9999
   42660,   42720,888.54,8453.8,9542.4,56.312, 780.84, 1054.2
   42720,   42780,284.22,6021.4,10337,20.053, 561.92, 1133.7
   42780,   42840,151.23,5183,8308.9,12.074, 486.47, 930.89
   42840,   42900,133.85,4951,7473.9,11.031, 465.59, 847.39
   42900,   42960,132.13,5313.2,7590.3,10.928, 498.19, 859.03
   42960,   43020,61.745,4226.7,6819.8,6.7047, 400.4, 781.98
   43020,   43080,35.356,3817.3,6241.8,5.1214, 363.56, 724.18
   43080,   43140,20.688,3843.7,5766.2,4.2413, 365.93, 676.62
   43140,   43200,31.091,4040.6,5978.4,4.8654, 383.66, 697.84
   43200,   43260,27.32,3754.1,5651.8,4.6392, 357.87, 665.18
   43260,   43320,230.63,3990.3,5877,16.838, 379.13, 687.7
   43320,   43380,544.1,6042.8,7834.3,35.646, 563.85, 883.43
   43380,   43440,607.08,7455.1,10303,39.425, 690.96, 1130.3
   43440,   43500,160.42,5445.2,7624.2,12.625, 510.07, 862.42
   43500,   43560,86.017,4933.3,7257,8.161, 463.99, 825.7
   43560,   43620,92.266,4653.8,6509.6,8.5359, 438.84, 750.96
   43620,   43680,50.758,3444,5087.2,6.0455, 329.96, 608.72
   43680,   43740,41.651,3433.2,5068.5,5.4991, 328.99, 606.85
   43740,   43800,40.068,3130.6,5033.1,5.4041, 301.76, 603.31
   43800,   43860,35.773,2861.4,4540.6,5.1464, 277.52, 554.06
   43860,   43920,35.694,2814.7,4329.3,5.1416, 273.32, 532.93
   43920,   43980,108.44,3503.6,4867.3,9.5064, 335.32, 586.73
   43980,   44040,60.211,2705.1,4308.2,6.6127, 263.46, 530.82
   44040,   44100,61.501,2673.9,4103.9,6.6901, 260.65, 510.39
   44100,   44160,94.231,2857.4,4685.2,8.6538, 277.17, 568.52
   44160,   44220,221.3,4444,6203.4,16.278, 419.96, 720.34
   44220,   44280,144.87,5019,7181,11.692, 471.71, 818.1
   44280,   44340,65.123,3574.2,5663.6,6.9074, 341.68, 666.36
   44340,   44400,45.498,2665.2,4276.2,5.7299, 259.87, 527.62
   44400,   44460,136,3241.9,4419.5,11.16, 311.77, 541.95
   44460,   44520,333.09,3508.2,5265.6,22.985, 335.74, 626.56
   44520,   44580,255.83,2663.9,5037,18.35, 259.75, 603.7
   44580,   44640,383.13,3254.8,4761.6,25.988, 312.93, 576.16
   44640,   44700,418.08,4190.8,6182.9,28.085, 397.17, 718.29
   44700,   44760,200.91,3063.2,5310.4,15.054, 295.69, 631.04
   44760,   44820,-9999,-9999,-9999,-9999, -9999, -9999
   44820,   44880,-9999,-9999,-9999,-9999, -9999, -9999
   44880,   44940,-9999,-9999,-9999,-9999, -9999, -9999
   44940,   45000,-9999,-9999,-9999,-9999, -9999, -9999
   45000,   45060,-9999,-9999,-9999,-9999, -9999, -9999
   45060,   45120,-9999,-9999,-9999,-9999, -9999, -9999
   45120,   45180,-9999,-9999,-9999,-9999, -9999, -9999
   45180,   45240,138.95,2543.4,3853.2,11.337, 248.9, 485.32
   45240,   45300,168.51,3059,4360.2,13.111, 295.31, 536.02
   45300,   45360,141.29,3518.6,5094.1,11.477, 336.68, 609.41
   45360,   45420,78.457,2484.3,4332.8,7.7074, 243.59, 533.28
   45420,   45480,82.399,2547.4,3937,7.9439, 249.26, 493.7
   45480,   45540,99.103,2815.4,4344.9,8.9462, 273.39, 534.49
   45540,   45600,76.001,2667.4,4161.3,7.56, 260.07, 516.13
   45600,   45660,136.93,3071.8,4474.6,11.216, 296.46, 547.46
   45660,   45720,125.6,2938.6,4416.4,10.536, 284.48, 541.64
   45720,   45780,97.993,2425.2,3872.4,8.8796, 238.27, 487.24
   45780,   45840,91.075,2215.2,3724.1,8.4645, 219.37, 472.41
   45840,   45900,125.88,2688,4042.9,10.553, 261.92, 504.29
   45900,   45960,550.11,3980.9,5327.6,36.007, 378.28, 632.76
   45960,   46020,266.06,3608.7,5286.4,18.963, 344.78, 628.64
   46020,   46080,271.3,3729.1,5230.9,19.278, 355.62, 623.09
   46080,   46140,283.92,3744.1,5660.4,20.035, 356.97, 666.04
   46140,   46200,433.08,4461.3,5792.8,28.985, 421.52, 679.28
   46200,   46260,266.86,3654.2,5280.4,19.011, 348.87, 628.04
   46260,   46320,315.65,4330.1,6109.8,21.939, 409.71, 710.98
   46320,   46380,501.74,4312.4,6051.9,33.104, 408.12, 705.19
   46380,   46440,480.55,4485.7,6874,31.833, 423.71, 787.4
   46440,   46500,341.49,4045.6,5762.2,23.489, 384.11, 676.22
   46500,   46560,1311.2,7951.3,9410.4,81.672, 735.62, 1041
   46560,   46620,807.23,6116.7,9479.3,51.434, 570.5, 1047.9
   46620,   46680,926.56,7281.5,9975.2,58.594, 675.33, 1097.5
   46680,   46740,450.41,4705.7,7563.8,30.025, 443.51, 856.38
   46740,   46800,387.72,4055.5,6186.8,26.263, 385, 718.68
   46800,   46860,567.69,4529.6,6705.7,37.061, 427.66, 770.57
   46860,   46920,317.05,3909.3,5844.7,22.023, 371.84, 684.47
   46920,   46980,183.2,2886,4511.1,13.992, 279.74, 551.11
   46980,   47040,249.2,3126.7,5085.4,17.952, 301.4, 608.54
   47040,   47100,1185.6,7178.7,9643.3,74.135, 666.08, 1064.3
   47100,   47160,441.48,5052.8,6661.3,29.489, 474.75, 766.13
   47160,   47220,276.86,3806.4,5369.9,19.612, 362.57, 636.99
   47220,   47280,252.38,3513.2,5245.1,18.143, 336.19, 624.51
   47280,   47340,243.43,3345,4951.8,17.606, 321.05, 595.18
   47340,   47400,-9999,-9999,-9999,-9999, -9999, -9999
   47400,   47460,-9999,-9999,-9999,-9999, -9999, -9999
   47460,   47520,-9999,-9999,-9999,-9999, -9999, -9999
   47520,   47580,-9999,-9999,-9999,-9999, -9999, -9999
   47580,   47640,-9999,-9999,-9999,-9999, -9999, -9999
   47640,   47700,-9999,-9999,-9999,-9999, -9999, -9999
   47700,   47760,-9999,-9999,-9999,-9999, -9999, -9999
   47760,   47820,2232.7,15504,20386,136.96, 1415.4, 2138.6
   47820,   47880,2048.8,14528,19343,125.93, 1327.5, 2034.3
