CampaignData_and_Merges/R0/CSL_MobileLab_Parked/raw/20240715/USOS-NOy-LIF_MobileLabGround_20240715_R0.ict
39,1001
Rollins, A.; Waxman, E.; Zuraski, K.; Chace, W.
NOAA Chemical Sciences Laboratory
LIF NO/NOx/NOy on CSL Mobile Lab
AMMBEC / USOS
1, 1
2024,07,15, 2025,01,03
1
Time_Start, seconds, number_of_seconds_since_0000_UTC
7
1, 1, 1, 1, 1, 1, 1
-9999, -9999, -9999, -9999, -9999, -9999, -9999
Time_Stop, seconds, number_of_seconds_since_0000_UTC
NO_LIF, pptv, Gas_NO_InSitu_S_AVMR, volume mixing ratio of nitric oxide in air
NO2_LIF, pptv, Gas_NO2_InSitu_S_AVMR, volume mixing ratio of nitrogen dioxide in air
NOy_LIF, pptv, Gas_NOy_InSitu_S_AVMR, volume mixing ratio of total oxidized nitrogen in air
NO_LIF_1SigmaAccuracy, pptv, Gas_NO_InSitu_S_AVMR, volume mixing ratio of nitric oxide in air
NO2_LIF_1SigmaAccuracy, pptv, Gas_NO2_InSitu_S_AVMR, volume mixing ratio of nitrogen dioxide in air
NOy_LIF_1SigmaAccuracy, pptv, Gas_NOy_InSitu_S_AVMR, volume mixing ratio of total oxidized nitrogen in air
0
18
PI_CONTACT_INFO: andrew.rollins@noaa.gov
PLATFORM: CSL Mobile Lab
LOCATION: Salt Lake City, UT
ASSOCIATED_DATA:
INSTRUMENT_INFO: NO detection by laser induced fluorescence. NO2 detection by photolytic conversion to NO. NOy detection by catalytic conversion to NO on gold surface
DATA_INFO:
UNCERTAINTY: Included 1 Sigma Accuracy waves represent the combined calibration uncertainties (±6%, ±9%, ±10%) and zero uncertainties (3 ppt, 20 ppt, 100 ppt) for NO, NO2, and NOy, respectively.
ULOD_FLAG: -7777
ULOD_VALUE: N/A
LLOD_FLAG: -8888
LLOD_VALUE: N/A
DM_CONTACT_INFO: andrew.rollins@noaa.gov
PROJECT_INFO: USOS Project, July - August 2024
STIPULATIONS_ON_USE: Users are strongly encouraged to contact the PI for proper data usage.
OTHER_COMMENTS:
REVISION: R0
R0: final data
Time_Start, Time_Stop, NO_LIF, NO2_LIF, NOy_LIF, NO_LIF_1SigmaAccuracy, NO2_LIF_1SigmaAccuracy, NOy_LIF_1SigmaAccuracy
       0,      60,-9999,-9999,-9999,-9999, -9999, -9999
      60,     120,-9999,-9999,-9999,-9999, -9999, -9999
     120,     180,-9999,-9999,-9999,-9999, -9999, -9999
     180,     240,-9999,-9999,-9999,-9999, -9999, -9999
     240,     300,-9999,-9999,-9999,-9999, -9999, -9999
     300,     360,-9999,-9999,-9999,-9999, -9999, -9999
     360,     420,-9999,-9999,-9999,-9999, -9999, -9999
     420,     480,-9999,-9999,-9999,-9999, -9999, -9999
     480,     540,-9999,-9999,-9999,-9999, -9999, -9999
     540,     600,-9999,-9999,-9999,-9999, -9999, -9999
     600,     660,-9999,-9999,-9999,-9999, -9999, -9999
     660,     720,-9999,-9999,-9999,-9999, -9999, -9999
     720,     780,-9999,-9999,-9999,-9999, -9999, -9999
     780,     840,-9999,-9999,-9999,-9999, -9999, -9999
     840,     900,-9999,-9999,-9999,-9999, -9999, -9999
     900,     960,-9999,-9999,-9999,-9999, -9999, -9999
     960,    1020,-9999,-9999,-9999,-9999, -9999, -9999
    1020,    1080,-9999,-9999,-9999,-9999, -9999, -9999
    1080,    1140,-9999,-9999,-9999,-9999, -9999, -9999
    1140,    1200,-9999,-9999,-9999,-9999, -9999, -9999
    1200,    1260,-9999,-9999,-9999,-9999, -9999, -9999
    1260,    1320,-9999,-9999,-9999,-9999, -9999, -9999
    1320,    1380,-9999,-9999,-9999,-9999, -9999, -9999
    1380,    1440,-9999,-9999,-9999,-9999, -9999, -9999
    1440,    1500,907.53,4185.9,8193,57.452, 396.73, 919.3
    1500,    1560,273.33,2108.1,5160.3,19.4, 209.72, 616.03
    1560,    1620,243.52,1816.7,4470.9,17.611, 183.51, 547.09
    1620,    1680,192.03,1655.5,3891.7,14.522, 169, 489.17
    1680,    1740,187.38,1376.3,3267.5,14.243, 143.87, 426.75
    1740,    1800,180.69,1401.4,3249,13.842, 146.13, 424.9
    1800,    1860,233.79,1645.2,3329.9,17.027, 168.07, 432.99
    1860,    1920,183.43,1453.1,2938.4,14.006, 150.78, 393.84
    1920,    1980,694.96,2834.8,5148.4,44.698, 275.13, 614.84
    1980,    2040,673.89,3229.4,5703.5,43.434, 310.65, 670.35
    2040,    2100,662.51,2560.2,4491.6,42.751, 250.42, 549.16
    2100,    2160,452.41,2037.7,3924,30.145, 203.39, 492.4
    2160,    2220,396.52,2113.8,3840.6,26.791, 210.24, 484.06
    2220,    2280,234.24,1603.3,3126,17.055, 164.29, 412.6
    2280,    2340,320.95,1815,3302,22.257, 183.35, 430.2
    2340,    2400,258.1,1990,3194.6,18.486, 199.1, 419.46
    2400,    2460,263.56,1825.9,3283.8,18.814, 184.33, 428.38
    2460,    2520,297,2288.5,3875.2,20.82, 225.96, 487.52
    2520,    2580,477.21,3135.8,5230.2,31.633, 302.22, 623.02
    2580,    2640,313.51,2521.8,4177.2,21.811, 246.96, 517.72
    2640,    2700,272.19,2373.1,3981.4,19.332, 233.58, 498.14
    2700,    2760,623.99,2590.8,4850.1,40.44, 253.17, 585.01
    2760,    2820,363.82,2343.5,4082.1,24.829, 230.92, 508.21
    2820,    2880,227.08,1962.1,3521.2,16.625, 196.59, 452.12
    2880,    2940,186.65,1727.8,3090.7,14.199, 175.5, 409.07
    2940,    3000,156.07,1481.8,2807.6,12.364, 153.36, 380.76
    3000,    3060,138.27,1357.6,2677.7,11.296, 142.19, 367.77
    3060,    3120,148.17,1257.6,2382.6,11.89, 133.19, 338.26
    3120,    3180,159.06,1375.8,2514.4,12.544, 143.82, 351.44
    3180,    3240,160.81,1474.1,2716.9,12.649, 152.67, 371.69
    3240,    3300,149.32,1557.9,2779.9,11.959, 160.21, 377.99
    3300,    3360,178.92,1717.3,3091.6,13.735, 174.56, 409.16
    3360,    3420,152.2,1590.8,2822.8,12.132, 163.17, 382.28
    3420,    3480,179.71,1612.7,2937.9,13.782, 165.15, 393.79
    3480,    3540,150.93,1574.9,2784.8,12.056, 161.74, 378.48
    3540,    3600,165.29,1589.7,2745.7,12.917, 163.07, 374.57
    3600,    3660,-9999,-9999,-9999,-9999, -9999, -9999
    3660,    3720,-9999,-9999,-9999,-9999, -9999, -9999
    3720,    3780,-9999,-9999,-9999,-9999, -9999, -9999
    3780,    3840,-9999,-9999,-9999,-9999, -9999, -9999
    3840,    3900,-9999,-9999,-9999,-9999, -9999, -9999
    3900,    3960,-9999,-9999,-9999,-9999, -9999, -9999
    3960,    4020,-9999,-9999,-9999,-9999, -9999, -9999
    4020,    4080,197.49,2278,3455.6,14.849, 225.02, 445.56
    4080,    4140,188.44,2045.7,3320.7,14.306, 204.11, 432.07
    4140,    4200,216.93,2286.8,3620.9,16.016, 225.81, 462.09
    4200,    4260,267.81,2655.9,4102.1,19.069, 259.03, 510.21
    4260,    4320,231.14,2342.8,3684.8,16.868, 230.85, 468.48
    4320,    4380,175.22,1862.7,3027.1,13.513, 187.64, 402.71
    4380,    4440,142.23,1495.4,2441.4,11.534, 154.59, 344.14
    4440,    4500,134.94,1360,2172.9,11.096, 142.4, 317.29
    4500,    4560,141.91,1428.3,2456.1,11.515, 148.55, 345.61
    4560,    4620,144.78,1516.8,2509.5,11.687, 156.51, 350.95
    4620,    4680,150.38,1662.2,2749.1,12.023, 169.6, 374.91
    4680,    4740,160.02,1754.2,2893.1,12.601, 177.88, 389.31
    4740,    4800,165.91,1764.9,2888.7,12.955, 178.84, 388.87
    4800,    4860,155.22,1687.9,2842.7,12.313, 171.91, 384.27
    4860,    4920,162.68,1757.8,2874.2,12.761, 178.2, 387.42
    4920,    4980,203.65,1876.9,3024.9,15.219, 188.92, 402.49
    4980,    5040,147.09,1648.3,2734.7,11.825, 168.35, 373.47
    5040,    5100,130.17,1469.7,2465.4,10.81, 152.28, 346.54
    5100,    5160,179.33,1925.2,3052.1,13.76, 193.27, 405.21
    5160,    5220,176.51,2237.7,3417.5,13.59, 221.4, 441.75
    5220,    5280,165.28,2437,3840.3,12.917, 239.33, 484.03
    5280,    5340,189.72,2703,4100.7,14.383, 263.27, 510.07
    5340,    5400,135.61,1994.2,3536.8,11.137, 199.47, 453.68
    5400,    5460,121.43,1901.8,3110.7,10.286, 191.17, 411.07
    5460,    5520,127.49,2019.7,3347.7,10.65, 201.77, 434.77
    5520,    5580,131.02,2074.5,3318,10.861, 206.71, 431.8
    5580,    5640,142.1,2086.2,3273.4,11.526, 207.76, 427.34
    5640,    5700,175.05,2299.7,3570.9,13.503, 226.97, 457.09
    5700,    5760,147.1,2176.8,3420.1,11.826, 215.91, 442.01
    5760,    5820,152.77,2621.4,3949.5,12.166, 255.92, 494.95
    5820,    5880,223.74,2142.9,3295.3,16.425, 212.86, 429.53
    5880,    5940,764.95,4531,6606,48.897, 427.79, 760.6
    5940,    6000,312.91,3908,6039.1,21.774, 371.72, 703.91
    6000,    6060,132.2,2567.1,4246.8,10.932, 251.04, 524.68
    6060,    6120,105.61,2028.2,3270.5,9.3365, 202.54, 427.05
    6120,    6180,119.14,2237.1,3704.4,10.148, 221.34, 470.44
    6180,    6240,-9999,-9999,-9999,-9999, -9999, -9999
    6240,    6300,-9999,-9999,-9999,-9999, -9999, -9999
    6300,    6360,-9999,-9999,-9999,-9999, -9999, -9999
    6360,    6420,-9999,-9999,-9999,-9999, -9999, -9999
    6420,    6480,-9999,-9999,-9999,-9999, -9999, -9999
    6480,    6540,-9999,-9999,-9999,-9999, -9999, -9999
    6540,    6600,-9999,-9999,-9999,-9999, -9999, -9999
    6600,    6660,134.34,2885.5,4292.6,11.06, 279.69, 529.26
    6660,    6720,97.127,2357.8,3690.4,8.8276, 232.2, 469.04
    6720,    6780,75.255,1723.4,2737.4,7.5153, 175.11, 373.74
    6780,    6840,85.141,1809.9,2820.5,8.1085, 182.89, 382.05
    6840,    6900,113.38,2174.8,3307.7,9.803, 215.74, 430.77
    6900,    6960,112.25,2468.6,3722.6,9.735, 242.17, 472.26
    6960,    7020,138.92,3231,4247.1,11.335, 310.79, 524.71
    7020,    7080,140.05,3475.6,4766,11.403, 332.8, 576.6
    7080,    7140,118.68,3097.9,4311.4,10.121, 298.81, 531.14
    7140,    7200,147.45,3371.8,4759.8,11.847, 323.46, 575.98
    7200,    7260,109.25,2739.1,4144.4,9.555, 266.52, 514.44
    7260,    7320,102.88,2646.3,3885.2,9.1726, 258.17, 488.52
    7320,    7380,88.511,2485.2,3684.5,8.3107, 243.67, 468.45
    7380,    7440,86.007,2543.9,3869.3,8.1604, 248.95, 486.93
    7440,    7500,84.193,2648.9,3905.2,8.0516, 258.4, 490.52
    7500,    7560,106.02,3254.1,4482.5,9.3612, 312.87, 548.25
    7560,    7620,102.91,3382.5,4630.2,9.1745, 324.43, 563.02
    7620,    7680,117.05,3725.4,5026.7,10.023, 355.29, 602.67
    7680,    7740,111.51,3619.7,5059.7,9.6904, 345.77, 605.97
    7740,    7800,125.87,3514.7,4953.9,10.552, 336.32, 595.39
    7800,    7860,133.62,3538.4,5004.4,11.017, 338.45, 600.44
    7860,    7920,121.51,3567.8,5069.8,10.291, 341.1, 606.98
    7920,    7980,125.23,3605.7,5340.7,10.514, 344.51, 634.07
    7980,    8040,92.597,3461.4,4861.4,8.5558, 331.53, 586.14
    8040,    8100,93.766,3111.7,4526.8,8.626, 300.06, 552.68
    8100,    8160,95.766,3091.7,4405.4,8.746, 298.25, 540.54
    8160,    8220,241.11,5514.9,8105.4,17.467, 516.34, 910.54
    8220,    8280,135.27,3871.9,5483.1,11.116, 368.47, 648.31
    8280,    8340,82.388,3366.8,4849.1,7.9433, 323.01, 584.91
    8340,    8400,92.56,3795.2,5013.4,8.5536, 361.57, 601.34
    8400,    8460,268.87,5242.1,6199,19.132, 491.79, 719.9
    8460,    8520,212.64,5513.4,6720.8,15.758, 516.21, 772.08
    8520,    8580,198.79,4790.5,6504.4,14.927, 451.14, 750.44
    8580,    8640,130.27,4921.8,6575.9,10.816, 462.96, 757.59
    8640,    8700,109.17,4597.3,6143.5,9.5499, 433.76, 714.35
    8700,    8760,98.439,4724.5,6432.9,8.9063, 445.21, 743.29
    8760,    8820,-9999,-9999,-9999,-9999, -9999, -9999
    8820,    8880,-9999,-9999,-9999,-9999, -9999, -9999
    8880,    8940,-9999,-9999,-9999,-9999, -9999, -9999
    8940,    9000,-9999,-9999,-9999,-9999, -9999, -9999
    9000,    9060,-9999,-9999,-9999,-9999, -9999, -9999
    9060,    9120,-9999,-9999,-9999,-9999, -9999, -9999
    9120,    9180,-9999,-9999,-9999,-9999, -9999, -9999
    9180,    9240,281.3,5601.6,7482.9,19.878, 524.14, 848.29
    9240,    9300,270.14,5401.4,7381.1,19.208, 506.12, 838.11
    9300,    9360,156.66,5295.1,7065.8,12.399, 496.56, 806.58
    9360,    9420,61.063,3151.9,4747.8,6.6638, 303.67, 574.78
    9420,    9480,46.549,2815.4,4321.6,5.7929, 273.39, 532.16
    9480,    9540,67.266,2541.9,3692.1,7.036, 248.77, 469.21
    9540,    9600,57.999,2623.1,3777,6.4799, 256.08, 477.7
    9600,    9660,46.464,2349.3,3550.9,5.7878, 231.44, 455.09
    9660,    9720,37.072,2349.4,3492.3,5.2243, 231.45, 449.23
    9720,    9780,39.579,2372.2,3628.9,5.3747, 233.49, 462.89
    9780,    9840,40.45,2177.4,3394,5.427, 215.96, 439.4
    9840,    9900,35.963,2221.7,3335.9,5.1578, 219.95, 433.59
    9900,    9960,33.44,2008.6,3140.2,5.0064, 200.77, 414.02
    9960,   10020,39.171,1996.7,3021.3,5.3503, 199.71, 402.13
   10020,   10080,31.462,2118.2,3219.5,4.8877, 210.64, 421.95
   10080,   10140,51.007,2304.7,3396.7,6.0604, 227.43, 439.67
   10140,   10200,32.564,2306.4,3483.9,4.9539, 227.58, 448.39
   10200,   10260,29.387,2565.5,3747.2,4.7632, 250.9, 474.72
   10260,   10320,19.541,2240.3,3276.3,4.1724, 221.62, 427.63
   10320,   10380,26.189,2258.9,3359,4.5713, 223.3, 435.9
   10380,   10440,22.031,2307.1,3405.2,4.3218, 227.64, 440.52
   10440,   10500,23.85,2282.1,3432.4,4.431, 225.39, 443.24
   10500,   10560,23.221,2332.9,3478.3,4.3933, 229.96, 447.83
   10560,   10620,29.739,2444.4,3584.9,4.7844, 239.99, 458.49
   10620,   10680,36.313,2375.7,3603.3,5.1788, 233.81, 460.33
   10680,   10740,29.396,2196.3,3472.6,4.7637, 217.67, 447.26
   10740,   10800,40.05,2379.8,3517,5.403, 234.18, 451.7
   10800,   10860,36.282,2040.4,3162.8,5.1769, 203.63, 416.28
   10860,   10920,25.685,1752.1,2734,4.5411, 177.69, 373.4
   10920,   10980,36.288,1837.8,2862.2,5.1773, 185.4, 386.22
   10980,   11040,21.516,1841.6,2901.9,4.291, 185.74, 390.19
   11040,   11100,21.201,1810.8,2893.4,4.2721, 182.97, 389.34
   11100,   11160,20.206,1649.4,2751,4.2123, 168.44, 375.1
   11160,   11220,37.455,1864.9,2875.5,5.2473, 187.84, 387.55
   11220,   11280,36.152,2042.8,3064.7,5.1691, 203.85, 406.47
   11280,   11340,53.053,2249.8,3421.8,6.1832, 222.49, 442.18
   11340,   11400,-9999,-9999,-9999,-9999, -9999, -9999
   11400,   11460,-9999,-9999,-9999,-9999, -9999, -9999
   11460,   11520,-9999,-9999,-9999,-9999, -9999, -9999
   11520,   11580,-9999,-9999,-9999,-9999, -9999, -9999
   11580,   11640,-9999,-9999,-9999,-9999, -9999, -9999
   11640,   11700,-9999,-9999,-9999,-9999, -9999, -9999
   11700,   11760,-9999,-9999,-9999,-9999, -9999, -9999
   11760,   11820,135.24,1789,2584.8,11.114, 181.01, 358.48
   11820,   11880,237.66,2872.1,3730.1,17.259, 278.49, 473.01
   11880,   11940,70.301,2079.5,3412.5,7.218, 207.15, 441.25
   11940,   12000,28.399,1657.3,2664.5,4.7039, 169.16, 366.45
   12000,   12060,24.771,1382.1,2316,4.4863, 144.39, 331.6
   12060,   12120,46.334,1484.5,2315.4,5.7801, 153.6, 331.54
   12120,   12180,79.203,1602,2433.5,7.7522, 164.18, 343.35
   12180,   12240,94.621,1526.9,2569.5,8.6773, 157.42, 356.95
   12240,   12300,32.014,1550.1,2447.5,4.9209, 159.51, 344.75
   12300,   12360,304,2562.6,3522.2,21.24, 250.63, 452.22
   12360,   12420,234.57,3530.5,4475.8,17.074, 337.75, 547.58
   12420,   12480,82.935,3052.2,4322.5,7.9761, 294.69, 532.25
   12480,   12540,87.02,2678,3868.6,8.2212, 261.02, 486.86
   12540,   12600,88.723,2833.6,4022,8.3234, 275.02, 502.2
   12600,   12660,56.71,2586.9,3693.3,6.4026, 252.82, 469.33
   12660,   12720,106.56,1742.7,2945,9.3934, 176.84, 394.5
   12720,   12780,88.899,1754.4,2830.6,8.334, 177.89, 383.06
   12780,   12840,765.88,3402.4,4353.7,48.953, 326.22, 535.37
   12840,   12900,119.43,1939.1,3211.3,10.166, 194.52, 421.13
   12900,   12960,86.664,2370.5,3447.4,8.1999, 233.35, 444.74
   12960,   13020,198.82,1955.1,3020.1,14.929, 195.96, 402.01
   13020,   13080,381.68,3133.2,4409.1,25.901, 301.99, 540.91
   13080,   13140,120.44,2630.1,4116.6,10.227, 256.71, 511.66
   13140,   13200,79.182,1517.4,2849.3,7.7509, 156.57, 384.93
   13200,   13260,846.77,2695.1,3477.6,53.806, 262.56, 447.76
   13260,   13320,88.274,1738.9,3008,8.2964, 176.5, 400.8
   13320,   13380,31.149,1846.4,2635.4,4.8689, 186.17, 363.54
   13380,   13440,42.172,2663.9,3604.3,5.5303, 259.75, 460.43
   13440,   13500,38.37,1826.5,3187,5.3022, 184.38, 418.7
   13500,   13560,35.52,2201.3,3152.2,5.1312, 218.12, 415.22
   13560,   13620,15.332,1942.9,3054.9,3.9199, 194.86, 405.49
   13620,   13680,25.98,2051.9,3107.6,4.5588, 204.67, 410.76
   13680,   13740,47.29,1933.3,3039.8,5.8374, 194, 403.98
   13740,   13800,70.401,2412.7,3418.1,7.224, 237.14, 441.81
   13800,   13860,26.995,1839,2816.9,4.6197, 185.51, 381.69
   13860,   13920,-9999,-9999,-9999,-9999, -9999, -9999
   13920,   13980,-9999,-9999,-9999,-9999, -9999, -9999
   13980,   14040,-9999,-9999,-9999,-9999, -9999, -9999
   14040,   14100,-9999,-9999,-9999,-9999, -9999, -9999
   14100,   14160,-9999,-9999,-9999,-9999, -9999, -9999
   14160,   14220,-9999,-9999,-9999,-9999, -9999, -9999
   14220,   14280,-9999,-9999,-9999,-9999, -9999, -9999
   14280,   14340,145.74,7066.5,10162,11.744, 655.98, 1116.2
   14340,   14400,88.96,6678.7,9109.3,8.3376, 621.08, 1010.9
   14400,   14460,109.51,6452.8,8910.1,9.5707, 600.75, 991.01
   14460,   14520,54.282,6283.2,8475.5,6.2569, 585.49, 947.55
   14520,   14580,37.914,5156.1,6906.6,5.2748, 484.05, 790.66
   14580,   14640,21.336,4547.6,6045.9,4.2802, 429.28, 704.59
   14640,   14700,34.747,3866.3,5432.3,5.0848, 367.96, 643.23
   14700,   14760,24.416,3387.3,5013,4.465, 324.85, 601.3
   14760,   14820,28.81,3274,4788.6,4.7286, 314.66, 578.86
   14820,   14880,50.613,3473.8,5033.4,6.0368, 332.64, 603.34
   14880,   14940,28.009,3194.9,4815.5,4.6805, 307.54, 581.55
   14940,   15000,44.394,2754.1,4133.8,5.6637, 267.87, 513.38
   15000,   15060,42.588,2557.1,3771.8,5.5553, 250.14, 477.18
   15060,   15120,18.28,2287.7,3746.2,4.0968, 225.89, 474.62
   15120,   15180,13.753,2186.3,3499.4,3.8252, 216.77, 449.94
   15180,   15240,13.598,2371.1,3447.6,3.8159, 233.4, 444.76
   15240,   15300,13.549,2689.5,3704.9,3.813, 262.05, 470.49
   15300,   15360,16.877,2876.6,4144.8,4.0126, 278.89, 514.48
   15360,   15420,35.239,3402,4585.7,5.1144, 326.18, 558.57
   15420,   15480,28.141,3629.6,5020.3,4.6885, 346.67, 602.03
   15480,   15540,43.509,3325.4,4673.3,5.6106, 319.28, 567.33
   15540,   15600,60.132,3581.8,4925.7,6.6079, 342.36, 592.57
   15600,   15660,39.596,4094.9,5408.7,5.3757, 388.54, 640.87
   15660,   15720,21.222,3049.9,4978.1,4.2733, 294.49, 597.81
   15720,   15780,16.675,2503.5,4270.1,4.0005, 245.31, 527.01
   15780,   15840,12.944,2596.4,3907.1,3.7766, 253.67, 490.71
   15840,   15900,17.999,2183.3,3164.6,4.0799, 216.5, 416.46
   15900,   15960,12.468,1743.4,2641.2,3.7481, 176.91, 364.12
