CampaignData_and_Merges/R0/CSL_MobileLab_Parked/raw/20240715/USOS-iWAS_MobileLabGround_20240715_R1.ict
92, 1001
Jessica Gilman and Victoria Treadaway
NOAA Chemical Sciences Laboratory and CIRES at University of Colorado
NOAA iWAS Instrument: VOC measurement
USOS
1, 1
2024, 07, 15, 2025, 05, 23
0
iWAS_Start_UTC, SecondsFromMidnightUTC, WAS_Open
59
1, 1, 1, 1, 1, 1, 1, 1, 1, 1, 1, 1, 1, 1, 1, 1, 1, 1, 1, 1, 1, 1, 1, 1, 1, 1, 1, 1, 1, 1, 1, 1, 1, 1, 1, 1, 1, 1, 1, 1, 1, 1, 1, 1, 1, 1, 1, 1, 1, 1, 1, 1, 1, 1, 1, 1, 1, 1, 1
-9999, -9999, -9999, -9999, -9999, -9999, -9999, -9999, -9999, -9999, -9999, -9999, -9999, -9999, -9999, -9999, -9999, -9999, -9999, -9999, -9999, -9999, -9999, -9999, -9999, -9999, -9999, -9999, -9999, -9999, -9999, -9999, -9999, -9999, -9999, -9999, -9999, -9999, -9999, -9999, -9999, -9999, -9999, -9999, -9999, -9999, -9999, -9999, -9999, -9999, -9999, -9999, -9999, -9999, -9999, -9999, -9999, -9999, -9999
iWAS_Stop_UTC, SecondsFromMidnightUTC, WAS_Closed
iWAS_Mid_UTC, SecondsFromMidnightUTC, WAS_Mid
Acetone_ppbv, ppbv, Gas_Acetone_Insitu_S_DVMR
Acrolein_ppbv, ppbv, Gas_Acrolein_Insitu_S_DVMR
Benzene_ppbv, ppbv, Gas_Benzene_Insitu_S_DVMR
C2Cl4_ppbv, ppbv, Gas_C2Cl4_Insitu_S_DVMR
C2HCl3_ppbv, ppbv, Gas_C2HCl3_Insitu_S_DVMR
CCl4_ppbv, ppbv, Gas_CCl4_Insitu_S_DVMR
CF2Cl2_ppbv, ppbv, Gas_CF2Cl2_Insitu_S_DVMR
CFCl3_ppbv, ppbv, Gas_CFCl3_Insitu_S_DVMR
CH2Cl2_ppbv, ppbv, Gas_CH2Cl2_Insitu_S_DVMR
CH3Br_ppbv, ppbv, Gas_CH3Br_Insitu_S_DVMR
CycPentane_ppbv, ppbv, Gas_CycPentane_Insitu_S_DVMR
EthBenzene_ppbv, ppbv, Gas_EthBenzene_Insitu_S_DVMR
Ethane_ppbv, ppbv, Gas_Ethane_Insitu_S_DVMR
Ethene_ppbv, ppbv, Gas_Ethene_Insitu_S_DVMR
Ethyne_ppbv, ppbv, Gas_Ethyne_Insitu_S_DVMR
Furan_ppbv, ppbv, Gas_Furan_Insitu_S_DVMR
Isoprene_ppbv, ppbv, Gas_Isoprene_Insitu_S_DVMR
Limonene_ppbv, ppbv, Gas_Limonene_Insitu_S_DVMR
MACR_ppbv, ppbv, Gas_MACR_Insitu_S_DVMR
MeCycHexane_ppbv, ppbv, Gas_MeCycHexane_Insitu_S_DVMR
MeCycPentane_ppbv, ppbv, Gas_MeCycPentane_Insitu_S_DVMR
Propane_ppbv, ppbv, Gas_Propane_Insitu_S_DVMR
Propene_ppbv, ppbv, Gas_Propene_Insitu_S_DVMR
Toluene_ppbv, ppbv, Gas_Toluene_Insitu_S_DVMR
aPinene_ppbv, ppbv, Gas_aPinene_Insitu_S_DVMR
bPinene_ppbv, ppbv, Gas_bPinene_Insitu_S_DVMR
c2Butene_ppbv, ppbv, Gas_c2Butene_Insitu_S_DVMR
c2Pentene_ppbv, ppbv, Gas_c2Pentene_Insitu_S_DVMR
iButane_ppbv, ppbv, Gas_iButane_Insitu_S_DVMR
iPentane_ppbv, ppbv, Gas_iPentane_Insitu_S_DVMR
iPropBenzene_ppbv, ppbv, Gas_iPropBenzene_Insitu_S_DVMR
iPropONO2_ppbv, ppbv, Gas_iPropONO2_Insitu_S_DVMR
mpXylene_ppbv, ppbv, Gas_mpXylene_Insitu_M_DVMR
nButane_ppbv, ppbv, Gas_nButane_Insitu_S_DVMR
nDecane_ppbv, ppbv, Gas_nDecane_Insitu_S_DVMR
nHeptane_ppbv, ppbv, Gas_nHeptane_Insitu_S_DVMR
nHexane_ppbv, ppbv, Gas_nHexane_Insitu_S_DVMR
nNonane_ppbv, ppbv, Gas_nNonane_Insitu_S_DVMR
nOctane_ppbv, ppbv, Gas_nOctane_Insitu_S_DVMR
nPentane_ppbv, ppbv, Gas_nPentane_Insitu_S_DVMR
nPropBenzene_ppbv, ppbv, Gas_nPropBenzene_Insitu_S_DVMR
nPropONO2_ppbv, ppbv, Gas_nPropONO2_Insitu_S_DVMR
oXylene_ppbv, ppbv, Gas_oXylene_Insitu_S_DVMR
t2Butene_ppbv, ppbv, Gas_t2Butene_Insitu_S_DVMR
t2Pentene_ppbv, ppbv, Gas_t2Pentene_Insitu_S_DVMR
x123tmBenzene_ppbv, ppbv, Gas_x123tmBenzene_Insitu_S_DVMR
x124tmBenzene_ppbv, ppbv, Gas_x124tmBenzene_Insitu_S_DVMR
x135tmBenzene_ppbv, ppbv, Gas_x135tmBenzene_Insitu_S_DVMR
x13butadiene_ppbv, ppbv, Gas_x13butadiene_Insitu_S_DVMR
x1Butene_ppbv, ppbv, Gas_x1Butene_Insitu_S_DVMR
[...]
PLATFORM: NOAA Mobile Lab
LOCATION: Salt Lake City, UT
ASSOCIATED_DATA: N/A
INSTRUMENT_INFO: Whole air samplers with offline analysis via GC-MS
DATA_INFO: Units: ppbv
UNCERTAINTY: TBD
ULOD_FLAG: -7777
ULOD_VALUE: N/A
LLOD_FLAG: -8888
LLOD_VALUE: N/A
DM_CONTACT_INFO: jessica.gilman@noaa.gov
PROJECT_INFO: Salt Lake City Utah July 17 to August 18, 2024; https://csl.noaa.gov/projects/aeromma/ 
STIPULATIONS_ON_USE: Use of these data require prior ok from PI.
OTHER_COMMENTS: Parameters named usng NASA ESDS Atmospheric Composition Variable Standard Naming convention.
REVISION: R1
RA is preliminary data for a limited number of VOCs, R0 final data will contain expanded list of VOCs, R1 fixed error in time waves.
iWAS_Start_UTC, iWAS_Stop_UTC, iWAS_Mid_UTC, Acetone_ppbv, Acrolein_ppbv, Benzene_ppbv, C2Cl4_ppbv, C2HCl3_ppbv, CCl4_ppbv, CF2Cl2_ppbv, CFCl3_ppbv, CH2Cl2_ppbv, CH3Br_ppbv, CycPentane_ppbv, EthBenzene_ppbv, Ethane_ppbv, Ethene_ppbv, Ethyne_ppbv, Furan_ppbv, Isoprene_ppbv, Limonene_ppbv, MACR_ppbv, MeCycHexane_ppbv, MeCycPentane_ppbv, Propane_ppbv, Propene_ppbv, Toluene_ppbv, aPinene_ppbv, bPinene_ppbv, c2Butene_ppbv, c2Pentene_ppbv, iButane_ppbv, iPentane_ppbv, iPropBenzene_ppbv, iPropONO2_ppbv, mpXylene_ppbv, nButane_ppbv, nDecane_ppbv, nHeptane_ppbv, nHexane_ppbv, nNonane_ppbv, nOctane_ppbv, nPentane_ppbv, nPropBenzene_ppbv, nPropONO2_ppbv, oXylene_ppbv, t2Butene_ppbv, t2Pentene_ppbv, x123tmBenzene_ppbv, x124tmBenzene_ppbv, x135tmBenzene_ppbv, x13butadiene_ppbv, x1Butene_ppbv, x1Pentene_ppbv, x224TriMePentane_ppbv, x22DiMeButane_ppbv, x2EthToluene_ppbv, x2MePentane_ppbv, x3MePentane_ppbv, x3and4EthToluene_ppbv
[from data line 292]
2530800.1, 2530819.8, 2530810.0, 1.898, 0.145, 0.020, 0.003, -9999.000, 0.071, 0.438, 0.194, 0.052, 0.008, 0.004, 0.007, 0.872, 0.099, 0.047, 0.007, 0.007, 0.001, 0.021, 0.005, 0.010, 0.226, 0.021, 0.056, 0.021, 0.010, 0.002, 0.003, 0.051, 0.072, 0.001, 0.007, 0.028, 0.072, 0.007, 0.011, 0.021, 0.005, 0.006, 0.055, 0.001, -9999.000, 0.009, 0.003, 0.005, 0.001, 0.006, 0.004, 0.002, 0.004, 0.004, 0.018, 0.002, 0.001, 0.015, 0.012, 0.004 
2534400.1, 2534419.6, 2534409.9, 2.268, 0.161, 0.026, 0.004, -9999.000, 0.071, 0.439, 0.209, 0.056, 0.008, 0.005, 0.011, 1.060, 0.137, 0.060, 0.007, 0.008, 0.004, 0.018, 0.008, 0.015, 0.377, 0.031, 0.081, 0.042, 0.018, 0.004, 0.006, 0.068, 0.128, 0.001, 0.008, 0.040, 0.129, 0.010, 0.015, 0.034, 0.007, 0.008, 0.078, 0.002, -9999.000, 0.013, 0.004, 0.008, 0.002, 0.010, 0.006, 0.001, 0.006, 0.006, 0.027, 0.003, 0.002, 0.024, 0.019, 0.008 
2538000.1, 2538020.0, 2538010.0, 1.756, 0.117, 0.020, 0.003, -9999.000, 0.071, 0.434, 0.193, 0.051, 0.008, 0.003, 0.006, 0.786, 0.103, 0.044, 0.007, 0.005, 0.002, 0.017, 0.004, 0.010, 0.203, 0.028, 0.049, 0.029, 0.010, 0.003, 0.005, 0.052, 0.107, -9999.000, 0.008, 0.023, 0.100, 0.006, -9999.000, 0.016, 0.004, 0.002, 0.052, 0.001, -9999.000, 0.006, -9999.000, 0.007, 0.001, 0.004, 0.003, 0.001, 0.006, 0.005, 0.016, 0.003, 0.001, 0.016, 0.014, 0.003 
2541600.1, 2541602.0, 2541601.0, 2.652, 0.135, 0.055, 0.008, -9999.000, 0.071, 0.427, 0.191, 0.055, 0.008, 0.007, 0.018, 1.224, 0.234, 0.162, 0.004, 0.075, 0.001, 0.081, 0.012, 0.021, 0.369, 0.050, 0.105, 0.028, 0.006, 0.003, 0.002, 0.083, 0.151, 0.001, 0.010, 0.053, 0.171, 0.011, 0.023, 0.049, 0.008, 0.011, 0.093, 0.003, -9999.000, 0.020, 0.003, 0.003, 0.002, 0.009, 0.006, 0.002, 0.009, 0.005, 0.044, 0.005, 0.002, 0.032, 0.028, 0.007 
2545200.1, 2545220.0, 2545210.0, 1.741, 0.131, 0.033, 0.004, 0.000, 0.071, 0.435, 0.195, 0.052, 0.009, 0.004, 0.013, 1.026, 0.177, 0.086, 0.010, 0.008, 0.002, 0.019, 0.006, 0.012, 0.329, 0.038, 0.084, 0.027, 0.016, 0.004, 0.005, 0.057, 0.098, 0.001, 0.005, 0.042, 0.100, 0.008, 0.010, 0.024, 0.005, 0.008, 0.065, 0.002, -9999.000, 0.012, 0.003, 0.007, 0.002, 0.008, 0.005, 0.003, 0.008, 0.006, 0.021, 0.003, 0.002, 0.019, 0.014, 0.006 
2548800.1, 2548820.2, 2548810.1, 2.316, 0.161, 0.059, 0.004, 0.000, 0.070, 0.431, 0.193, 0.053, 0.009, 0.008, 0.023, 1.389, 0.318, 0.135, 0.012, 0.011, 0.002, 0.022, 0.015, 0.026, 0.297, 0.088, 0.158, 0.037, 0.017, 0.006, 0.007, 0.069, 0.135, 0.002, 0.009, 0.076, 0.125, 0.013, 0.029, 0.048, 0.012, 0.017, 0.100, 0.004, -9999.000, 0.025, 0.006, 0.010, 0.003, 0.016, 0.009, 0.007, 0.015, 0.008, 0.063, 0.006, 0.003, 0.035, 0.028, 0.013 
2552400.1, 2552420.0, 2552410.1, 2.620, 0.209, 0.089, 0.004, -9999.000, 0.071, 0.433, 0.191, 0.052, 0.008, 0.006, 0.015, 0.827, 0.364, 0.103, 0.016, 0.010, 0.002, 0.032, 0.008, 0.016, 0.251, 0.084, 0.126, 0.028, 0.016, 0.004, 0.005, 0.036, 0.107, 0.001, 0.007, 0.047, 0.088, 0.008, 0.017, 0.036, 0.007, 0.010, 0.081, 0.002, -9999.000, 0.014, 0.004, 0.007, 0.002, 0.010, 0.006, 0.005, 0.014, 0.006, 0.032, 0.004, 0.002, 0.026, 0.021, 0.008 
2556000.1, 2556020.1, 2556010.1, 1.834, 0.153, 0.126, 0.005, -9999.000, 0.071, 0.433, 0.192, 0.066, 0.008, 0.026, 0.044, 1.578, 0.652, 0.327, 0.007, 0.050, 0.007, 0.025, 0.025, 0.068, 0.425, 0.166, 0.238, 0.065, 0.023, 0.013, 0.033, 0.192, 0.486, 0.003, 0.008, 0.133, 0.591, 0.026, 0.050, 0.140, 0.018, 0.025, 0.394, 0.008, -9999.000, 0.054, 0.013, 0.050, 0.007, 0.036, 0.019, 0.019, 0.029, 0.026, 0.075, 0.014, 0.007, 0.106, 0.090, 0.029 
2559600.1, 2559619.8, 2559609.9, 3.075, 0.239, 0.126, 0.026, 0.001, 0.072, 0.439, 0.197, 0.094, 0.008, 0.018, 0.078, 1.654, 0.798, 0.567, 0.015, 0.087, 0.006, 0.040, 0.039, 0.063, 1.125, 0.189, 0.384, 0.108, 0.034, 0.012, 0.015, 0.182, 0.337, 0.004, 0.009, 0.197, 0.350, 0.030, 0.064, 0.133, 0.032, 0.036, 0.253, 0.011, -9999.000, 0.083, 0.010, 0.019, 0.009, 0.044, 0.022, 0.014, 0.031, 0.017, 0.084, 0.013, 0.010, 0.084, 0.075, 0.040 
2588494.8, 2588514.2, 2588504.5, 2.740, 0.151, 0.067, 0.006, -9999.000, 0.073, 0.454, 0.206, 0.054, 0.008, 0.006, 0.017, 0.881, 0.178, 0.090, 0.007, 0.165, 0.002, 0.067, 0.009, 0.019, 0.930, 0.051, 0.152, 0.036, 0.007, 0.006, 0.007, 0.088, 0.151, 0.001, 0.012, 0.054, 0.228, 0.012, 0.017, 0.043, 0.008, 0.009, 0.084, 0.003, -9999.000, 0.020, 0.006, 0.010, 0.002, 0.010, 0.006, 0.003, 0.010, 0.007, 0.049, 0.006, 0.002, 0.032, 0.027, 0.008 
2592000.1, 2592020.1, 2592010.1, 2.465, 0.187, 0.021, 0.003, -9999.000, 0.073, 0.450, 0.204, 0.075, 0.008, 0.004, 0.005, 0.796, 0.110, 0.053, 0.009, 0.007, 0.002, 0.023, 0.005, 0.007, 0.161, 0.050, 0.033, 0.017, 0.006, 0.005, 0.004, 0.043, 0.069, 0.000, 0.006, 0.018, 0.082, 0.007, 0.009, 0.020, 0.006, 0.006, 0.045, 0.001, -9999.000, 0.006, 0.005, 0.006, 0.001, 0.004, 0.003, 0.001, 0.012, 0.007, 0.011, 0.002, 0.001, 0.013, 0.011, 0.003 
2595600.1, 2595619.9, 2595610.0, 2.885, 0.198, 0.016, 0.002, -9999.000, 0.072, 0.450, 0.205, 0.069, 0.008, 0.002, 0.003, 0.644, 0.080, 0.043, 0.014, 0.007, 0.002, 0.026, 0.003, 0.003, 0.113, 0.022, 0.021, 0.021, 0.007, 0.002, 0.002, 0.020, 0.033, -9999.000, 0.006, 0.010, 0.053, 0.005, 0.009, 0.010, 0.003, 0.003, 0.019, 0.001, -9999.000, 0.003, -9999.000, 0.002, -9999.000, 0.002, 0.002, -9999.000, 0.005, 0.002, 0.008, 0.001, 0.000, 0.006, 0.005, 0.001 
2599200.1, 2599219.9, 2599210.0, 2.139, 0.183, 0.018, 0.002, -9999.000, 0.072, 0.446, 0.204, 0.068, 0.008, -9999.000, 0.003, 0.641, 0.080, 0.045, 0.009, 0.022, 0.003, 0.018, 0.002, -9999.000, 0.127, 0.024, 0.023, 0.038, 0.021, -9999.000, 0.002, 0.016, 0.026, -9999.000, 0.006, 0.010, 0.032, 0.004, 0.005, 0.008, 0.003, 0.003, 0.016, 0.000, -9999.000, 0.003, -9999.000, 0.002, -9999.000, 0.002, 0.002, -9999.000, 0.006, 0.003, 0.007, 0.001, 0.000, 0.006, 0.004, 0.002 
2602800.1, 2602819.4, 2602809.7, 2.265, 0.208, 0.017, 0.002, -9999.000, 0.071, 0.445, 0.208, 0.066, 0.008, 0.002, 0.002, 0.641, 0.084, 0.042, 0.011, 0.028, 0.002, 0.024, 0.002, -9999.000, 0.124, 0.023, 0.017, 0.034, 0.024, -9999.000, 0.001, 0.019, 0.025, -9999.000, 0.006, 0.008, 0.030, 0.003, 0.005, 0.009, 0.003, 0.003, 0.017, 0.000, -9999.000, 0.003, -9999.000, 0.002, -9999.000, 0.002, 0.002, -9999.000, 0.005, 0.003, 0.007, 0.001, 0.000, 0.006, 0.004, 0.001 
2606400.1, 2606419.7, 2606409.9, 1.545, 0.078, 0.023, 0.003, -9999.000, 0.070, 0.449, 0.207, 0.065, 0.008, 0.003, 0.007, 0.753, 0.135, 0.073, 0.003, 0.015, 0.002, 0.010, 0.003, 0.008, 0.374, 0.042, 0.043, 0.034, 0.019, -9999.000, 0.002, 0.029, 0.045, -9999.000, 0.005, 0.027, 0.049, 0.004, -9999.000, 0.015, 0.004, 0.005, 0.035, 0.001, -9999.000, 0.008, 0.003, 0.003, 0.001, 0.006, 0.005, 0.004, 0.007, 0.003, 0.012, 0.002, 0.001, 0.012, 0.009, 0.004 
2610000.1, 2610019.7, 2610009.9, 2.255, 0.120, 0.016, 0.002, -9999.000, 0.070, 0.447, 0.205, 0.064, 0.008, 0.003, 0.004, 0.684, 0.055, 0.044, 0.005, 0.010, 0.002, 0.018, 0.002, 0.006, 0.176, 0.017, 0.036, 0.025, 0.018, -9999.000, 0.003, 0.035, 0.101, -9999.000, 0.007, 0.016, 0.128, 0.007, -9999.000, 0.016, 0.005, 0.004, 0.049, 0.001, -9999.000, 0.005, -9999.000, 0.004, 0.001, 0.003, 0.003, 0.002, 0.003, 0.005, 0.012, 0.002, 0.001, 0.015, 0.011, 0.003 
2613600.1, 2613620.0, 2613610.0, 2.783, 0.189, 0.015, 0.002, -9999.000, 0.070, 0.449, 0.201, 0.064, 0.008, 0.003, 0.003, 0.728, 0.067, 0.043, 0.010, 0.009, 0.001, 0.024, 0.003, 0.004, 0.170, 0.019, 0.023, 0.026, 0.014, -9999.000, 0.002, 0.026, 0.039, -9999.000, 0.007, 0.012, 0.047, 0.004, -9999.000, 0.013, 0.004, 0.006, 0.025, 0.001, -9999.000, 0.004, -9999.000, 0.003, -9999.000, 0.002, 0.002, -9999.000, 0.004, 0.003, 0.007, 0.001, 0.001, 0.008, 0.007, 0.002 
2617200.1, 2617220.1, 2617210.1, 1.781, 0.080, 0.012, 0.002, -9999.000, 0.070, 0.437, 0.198, 0.063, 0.007, 0.002, 0.004, 0.736, 0.055, 0.043, 0.004, 0.009, 0.001, 0.015, 0.003, 0.004, 0.353, 0.013, 0.024, 0.025, 0.014, -9999.000, 0.001, 0.035, 0.034, -9999.000, 0.005, 0.013, 0.047, 0.004, -9999.000, 0.011, 0.002, 0.003, 0.024, 0.000, -9999.000, 0.004, -9999.000, 0.002, -9999.000, 0.002, 0.002, -9999.000, 0.003, 0.003, 0.007, 0.002, 0.000, 0.007, 0.005, 0.002 
2620800.1, 2620820.0, 2620810.0, 1.887, 0.112, 0.011, 0.002, -9999.000, 0.070, 0.444, 0.200, 0.064, 0.008, -9999.000, 0.002, 0.686, 0.053, 0.039, 0.004, 0.008, 0.001, 0.024, 0.002, -9999.000, 0.142, 0.014, 0.016, 0.016, 0.013, -9999.000, 0.001, 0.019, 0.024, -9999.000, 0.006, 0.007, 0.034, 0.004, -9999.000, 0.009, 0.003, 0.003, 0.018, 0.000, -9999.000, 0.002, -9999.000, 0.002, -9999.000, 0.002, 0.001, -9999.000, 0.003, 0.003, 0.005, 0.001, -9999.000, 0.005, 0.004, 0.001 
2624400.1, 2624419.7, 2624409.9, 1.648, 0.079, 0.011, 0.002, -9999.000, 0.069, 0.442, 0.200, 0.063, 0.007, -9999.000, 0.002, 0.694, 0.045, 0.044, 0.003, 0.010, 0.001, 0.023, 0.002, 0.003, 0.179, 0.013, 0.018, 0.015, 0.011, -9999.000, 0.001, 0.022, 0.028, -9999.000, 0.006, 0.008, 0.041, 0.003, -9999.000, 0.009, 0.003, 0.003, 0.020, 0.000, -9999.000, 0.002, -9999.000, 0.002, -9999.000, 0.002, 0.001, -9999.000, 0.003, 0.002, 0.006, 0.001, -9999.000, 0.006, 0.005, 0.001 
2628000.1, 2628020.0, 2628010.1, 1.366, 0.066, 0.011, 0.002, -9999.000, 0.069, 0.440, 0.201, 0.061, 0.008, -9999.000, 0.002, 0.815, 0.067, 0.077, -9999.000, 0.013, 0.001, 0.021, 0.003, 0.005, 0.180, 0.012, 0.021, 0.016, 0.014, -9999.000, -9999.000, 0.023, 0.030, -9999.000, 0.007, 0.009, 0.047, 0.003, -9999.000, 0.010, 0.003, 0.003, 0.024, 0.000, -9999.000, 0.002, -9999.000, 0.002, -9999.000, 0.002, 0.002, -9999.000, 0.003, 0.002, 0.006, 0.001, 0.000, 0.007, 0.005, 0.001 
2631600.1, 2631619.5, 2631609.8, 1.414, 0.057, 0.013, 0.003, -9999.000, 0.071, 0.448, 0.198, 0.061, 0.008, 0.003, 0.003, 0.847, 0.072, 0.069, -9999.000, 0.014, 0.001, 0.017, 0.003, 0.004, 0.197, 0.013, 0.023, 0.023, 0.024, -9999.000, 0.002, 0.027, 0.036, 0.001, 0.006, 0.010, 0.056, 0.003, -9999.000, 0.012, 0.004, 0.004, 0.028, 0.001, -9999.000, 0.003, -9999.000, 0.002, 0.001, 0.003, 0.003, -9999.000, 0.003, 0.003, 0.006, 0.002, 0.001, 0.008, 0.006, 0.003 
2635200.1, 2635219.5, 2635209.8, 1.760, 0.121, 0.047, 0.002, 0.000, 0.070, 0.450, 0.199, 0.060, 0.008, 0.005, 0.010, 1.051, 0.295, 0.079, 0.006, 0.015, 0.002, 0.028, 0.008, 0.012, 0.291, 0.083, 0.069, 0.032, 0.028, 0.005, 0.004, 0.045, 0.066, -9999.000, 0.010, 0.038, 0.098, 0.006, 0.013, 0.031, 0.005, 0.008, 0.056, 0.002, -9999.000, 0.013, 0.006, 0.005, 0.002, 0.008, 0.006, 0.005, 0.013, 0.004, 0.017, 0.003, 0.002, 0.019, 0.017, 0.007 
2638800.1, 2638819.4, 2638809.8, 1.949, 0.158, 0.206, 0.017, 0.000, 0.072, 0.446, 0.201, 0.069, 0.008, 0.084, 0.075, 3.562, 0.536, 0.238, -9999.000, 0.034, 0.007, 0.021, 0.370, 0.222, 1.875, 0.224, 0.463, 0.107, 0.070, 0.037, 0.068, 0.752, 1.629, 0.009, 0.013, 0.263, 1.744, 0.086, 0.310, 0.477, 0.139, 0.199, 1.300, 0.017, -9999.000, 0.103, 0.035, 0.097, 0.019, 0.080, 0.045, 0.018, 0.045, 0.058, 0.152, 0.037, 0.016, 0.272, 0.241, 0.063 
2642400.1, 2642420.0, 2642410.1, 4.508, 0.901, 0.499, 0.205, 0.002, 0.074, 0.445, 0.202, 0.086, 0.008, 0.163, 0.200, 7.780, 1.998, 0.941, 0.023, 0.236, 0.026, 0.133, 0.637, 0.454, 5.433, 0.725, 1.237, 0.314, 0.111, 0.082, 0.100, 1.587, 3.265, 0.026, 0.021, 0.578, 3.465, 0.153, 0.594, 1.138, 0.228, 0.329, 2.470, 0.049, -9999.000, 0.234, 0.080, 0.140, 0.051, 0.194, 0.094, 0.058, 0.122, 0.092, 0.379, 0.076, 0.047, 0.525, 0.494, 0.168 
2646000.1, 2646020.2, 2646010.2, 1.875, 0.116, 0.127, 0.033, 0.001, 0.073, 0.452, 0.208, 0.063, 0.008, 0.023, 0.046, 1.682, 0.663, 0.260, -9999.000, 0.258, 0.072, 0.059, 0.038, 0.063, 0.708, 0.198, 0.248, 0.094, 0.045, 0.018, 0.016, 0.185, 0.364, 0.003, 0.008, 0.135, 0.350, 0.028, 0.059, 0.124, 0.022, 0.033, 0.266, 0.008, -9999.000, 0.050, 0.016, 0.021, 0.008, 0.038, 0.021, 0.019, 0.036, 0.017, 0.107, 0.014, 0.008, 0.091, 0.075, 0.033 
2649600.1, 2649619.9, 2649610.0, 3.462, 0.395, 0.117, 0.071, 0.006, 0.074, 0.454, 0.203, 0.093, 0.007, 0.022, 0.063, 1.546, 0.520, 0.270, 0.011, 0.131, 0.004, 0.131, 0.041, 0.094, 0.870, 0.118, 0.358, 0.058, 0.021, 0.011, 0.013, 0.184, 0.405, 0.004, 0.013, 0.170, 0.376, 0.032, 0.077, 0.237, 0.032, 0.038, 0.299, 0.009, -9999.000, 0.072, 0.009, 0.016, 0.006, 0.035, 0.018, 0.009, 0.024, 0.015, 0.114, 0.015, 0.008, 0.108, 0.112, 0.031 
2653200.1, 2653219.9, 2653210.0, 2.800, 0.145, 0.102, 0.035, 0.006, 0.073, 0.452, 0.200, 0.090, 0.008, 0.026, 0.048, 1.627, 0.465, 0.287, 0.003, 0.122, 0.000, 0.085, 0.049, 0.086, 1.196, 0.101, 0.274, 0.024, 0.007, 0.006, 0.006, 0.264, 0.418, 0.003, 0.013, 0.122, 0.491, 0.030, 0.080, 0.234, 0.032, 0.036, 0.348, 0.007, -9999.000, 0.051, 0.004, 0.007, 0.004, 0.016, 0.010, 0.005, 0.017, 0.011, 0.088, 0.014, 0.006, 0.103, 0.107, 0.022 
2656800.1, 2656819.4, 2656809.8, 3.472, 0.168, 0.112, 0.033, 0.001, 0.073, 0.452, 0.195, 0.078, 0.008, 0.019, 0.071, 1.358, 0.586, 0.333, 0.006, 0.087, 0.001, 0.065, 0.031, 0.059, 1.517, 0.163, 0.258, 0.016, 0.004, 0.009, 0.007, 0.231, 0.353, 0.003, 0.014, 0.181, 0.541, 0.023, 0.054, 0.141, 0.022, 0.029, 0.261, 0.009, -9999.000, 0.087, 0.008, 0.010, 0.005, 0.031, 0.018, 0.017, 0.028, 0.012, 0.085, 0.013, 0.008, 0.079, 0.066, 0.030 
2660400.1, 2660419.7, 2660409.9, 2.240, 0.102, 0.050, 0.023, 0.000, 0.071, 0.449, 0.196, 0.078, 0.009, 0.012, 0.023, 0.952, 0.200, 0.156, -9999.000, 0.056, 0.001, 0.035, 0.014, 0.032, 0.517, 0.044, 0.131, 0.015, 0.004, 0.005, 0.006, 0.109, 0.249, 0.001, 0.009, 0.063, 0.246, 0.012, 0.026, 0.068, 0.011, 0.012, 0.160, 0.004, -9999.000, 0.021, 0.005, 0.008, 0.002, 0.010, 0.008, 0.003, 0.008, 0.006, 0.054, 0.009, 0.003, 0.049, 0.040, 0.010 
2664000.1, 2664020.0, 2664010.1, 2.884, 0.413, 0.077, 0.010, 0.001, 0.072, 0.447, 0.196, 0.084, 0.008, 0.015, 0.028, 1.301, 0.456, 0.221, 0.010, 0.177, 0.005, 0.089, 0.026, 0.033, 0.683, 0.137, 0.161, 0.074, 0.017, 0.007, 0.008, 0.230, 0.273, 0.002, 0.011, 0.080, 0.336, 0.030, 0.037, 0.089, 0.019, 0.022, 0.190, 0.005, -9999.000, 0.031, 0.008, 0.010, 0.003, 0.018, 0.010, 0.009, 0.022, 0.010, 0.077, 0.009, 0.004, 0.056, 0.043, 0.016 
2667600.1, 2667619.5, 2667609.8, 2.308, 0.110, 0.048, 0.010, 0.000, 0.071, 0.445, 0.200, 0.074, 0.007, 0.014, 0.014, 1.037, 0.203, 0.146, 0.003, 0.327, 0.003, 0.164, 0.026, 0.030, 0.685, 0.052, 0.101, 0.059, 0.011, 0.005, 0.004, 0.183, 0.268, -9999.000, 0.010, 0.039, 0.355, 0.011, 0.035, 0.085, 0.015, 0.021, 0.203, 0.002, -9999.000, 0.015, 0.004, 0.005, 0.001, 0.007, 0.005, 0.003, 0.010, 0.006, 0.040, 0.009, 0.002, 0.049, 0.040, 0.006 
2671200.1, 2671220.0, 2671210.1, 2.481, 0.209, 0.054, 0.014, 0.000, 0.071, 0.445, 0.196, 0.071, 0.008, 0.015, 0.015, 1.041, 0.175, 0.138, 0.006, 0.021, 0.001, 0.056, 0.023, 0.032, 0.729, 0.038, 0.101, 0.013, 0.003, 0.004, 0.006, 0.197, 0.314, 0.001, 0.014, 0.034, 0.392, 0.011, 0.035, 0.092, 0.015, 0.019, 0.235, 0.002, -9999.000, 0.014, 0.004, 0.007, -9999.000, 0.004, 0.003, 0.002, 0.008, 0.007, 0.038, 0.011, 0.002, 0.060, 0.044, 0.005 
2675517.7, 2675537.3, 2675527.5, 3.104, 0.127, 0.055, 0.016, 0.001, 0.072, 0.441, 0.203, 0.079, 0.008, 0.014, 0.018, 1.285, 0.185, 0.193, 0.004, 0.020, -9999.000, 0.029, 0.020, 0.033, 0.665, 0.039, 0.100, 0.013, 0.003, -9999.000, 0.002, 0.213, 0.316, 0.002, 0.015, 0.032, 0.435, 0.013, 0.031, 0.087, 0.018, 0.016, 0.236, 0.005, -9999.000, 0.014, -9999.000, 0.002, 0.001, 0.008, 0.005, -9999.000, 0.006, 0.006, 0.039, 0.009, 0.003, 0.057, 0.050, 0.010 
2678400.1, 2678420.1, 2678410.1, 3.039, 0.147, 0.078, 0.015, 0.001, 0.071, 0.441, 0.207, 0.082, 0.008, 0.018, 0.024, 1.244, 0.218, 0.191, 0.005, 0.041, -9999.000, 0.038, 0.022, 0.042, 0.601, 0.048, 0.126, 0.005, 0.001, -9999.000, 0.004, 0.194, 0.363, 0.002, 0.015, 0.049, 0.415, 0.015, 0.039, 0.100, 0.019, 0.018, 0.261, 0.006, -9999.000, 0.022, -9999.000, 0.005, 0.002, 0.012, 0.008, 0.003, 0.010, 0.008, 0.054, 0.011, 0.004, 0.071, 0.062, 0.012 
