CampaignData_and_Merges/R0/CSL_MobileLab_Parked/raw/20240715/USOS-Picarro-CO2-CH4-CO-H2O_MobileLabGround_20240715_R0.ict
38, 1001
Ilana Pollack, Nell Schafer, and Jeff Peischl
NOAA Chemical Sciences Laboratory
Picarro 2401-m CO2/CH4/CO/H2O Analyzer
USOS
1, 1
2024, 07, 15, 2024, 11, 20
0
StartTime_UTC, seconds_past_midnight, seconds past midnight
5
1, 1, 1, 1, 1
-9999, -9999, -9999, -9999, -9999
StopTime_UTC, seconds_past_midnight, seconds past midnight
CO2_ppm_1min, ppm, Gas_CO2_InSitu_S_DMF, carbon dioxide mixing ratio
CH4_ppb_1min, ppb, Gas_CH4_InSitu_S_DMF, methane mixing ratio
CO_ppb_1min, ppb, Gas_CO_InSitu_S_DMF, carbon monoxide mixing ratio
H2O_ppmv_1min, ppmv, Met_H2OMRV_InSitu_S_AVMR, water vapor mixing ratio
1
SPECIAL COMMENTS: N/A
18
PI_CONTACT_INFO: Address: NOAA Chemical Sciences Laboratory, Mail Stop CSL7, 325 Broadway, Boulder, CO 80305; Email: Ilana.Pollack@noaa.gov
PLATFORM: NOAA CSL Mobile Laboratory
LOCATION: The mobile lab was stationed in Salt Lake City, Utah.
ASSOCIATED_DATA: N/A
INSTRUMENT_INFO: CO2, CH4, and CO are reported as dry air mole fractions using a commercial wavelength-scanned cavity ring-down analyzer (Picarro 2401-m). An in-field calibration gas standard of 432±0.07 ppm CO2, 2095±1 ppb CH4, and 183±1 ppb CO, calibrated in the Boulder laboratories before and after the field project using primary CO2, CH4, and CO standard tanks tied to the WMO standard (X2019, X2004A, and X2014A, respectively) from the Global Monitoring Laboratory (GML), was delivered to the inlet every 2-3 days to evaluate instrument sensitivity. A H2O measurement was calibrated before the project with a Dew Point Mirror 373 hygrometer. The water correction calculated from these calibrations was applied to the H2O measurement for the entire campaign. Species are measured at 0.5 Hz and reported as 1-minute averages for stationary measurements.
DATA_INFO: Units: CO2, ppm, dry air mole fraction; CH4, ppb, dry air mole fraction; CO, ppb, dry air mole fraction; H2O, ppmv
UNCERTAINTY: Total uncertainties are estimated as ±0.1 ppm for CO2, ±1 ppb for CH4, ±5 ppb for CO, and ±(50 ppm + 4%) for H2O.
ULOD_FLAG: -7777
ULOD_VALUE: N/A
LLOD_FLAG: -8888
LLOD_VALUE: N/A
DM_CONTACT_INFO: Data Manager: Nathan Howard; nathan.h.howard@noaa.gov
PROJECT_INFO: USOS Dates of Study: July – August 2024
STIPULATIONS_ON_USE: Use of these data require prior ok from PI.
OTHER_COMMENTS: Data are averaged to 1 minute intervals. Stationary data collected from a 10 ft tower on top of the mobile van.
REVISION: R0
R0: Final Data
StartTime_UTC, StopTime_UTC, CO2_ppm_1min, CH4_ppb_1min, CO_ppb_1min, H2O_ppmv_1min
[from data line 1155]
69300,69360,429.93,2004.1,186.6,15419.6025
69360,69420,428.67,2006.8,183.0,16210.4463
69420,69480,428.21,2009.6,191.5,16736.2871
69480,69540,429.03,2010.0,183.6,16373.4639
69540,69600,429.37,2008.5,181.3,15901.2939
69600,69660,429.02,2006.5,178.5,16025.6660
69660,69720,428.46,2008.7,181.8,16555.8633
69720,69780,429.11,2008.1,183.1,16515.5430
69780,69840,429.09,2006.9,179.1,16045.7168
69840,69900,428.78,2007.1,180.4,16295.3135
69900,69960,429.48,2006.2,179.8,16228.9121
69960,70020,429.01,2004.7,179.1,15874.2656
70020,70080,428.89,2004.8,182.6,16139.2949
70080,70140,428.49,2004.4,179.8,16346.3350
70140,70200,429.16,2003.3,179.2,15843.0537
70200,70260,428.30,2003.5,180.8,16505.8203
70260,70320,428.39,2003.3,181.7,16264.3408
70320,70380,428.36,2002.7,179.0,16345.3965
70380,70440,428.43,2002.4,179.6,15891.5566
70440,70500,429.75,2002.9,185.2,15830.7500
70500,70560,428.60,2003.4,181.4,16341.9414
70560,70620,429.05,2003.7,182.0,15950.0771
70620,70680,429.70,2003.1,182.0,15415.4531
70680,70740,430.43,2003.8,186.9,15367.1973
70740,70800,430.42,2004.0,184.5,15405.7324
70800,70860,429.77,2004.1,177.9,15788.2266
70860,70920,429.90,2004.6,185.2,16082.7383
70920,70980,429.48,2004.1,177.7,16065.7334
70980,71040,430.13,2003.5,176.9,15997.7822
71040,71100,430.34,2003.1,177.9,15950.3408
71100,71160,430.08,2003.1,178.9,15958.8613
71160,71220,430.02,2002.9,178.4,15833.6943
71220,71280,429.76,2003.1,178.7,16045.7617
71280,71340,428.98,2003.5,179.1,16207.6621
71340,71400,428.90,2003.5,180.0,16230.4824
71400,71460,428.07,1999.9,177.7,16110.1533
71460,71520,428.72,2001.8,178.7,15967.1943
71520,71580,428.51,2002.0,179.1,16404.5957
71580,71640,428.87,1997.3,178.8,15821.7266
71640,71700,429.08,1996.7,178.4,16099.4238
71700,71760,428.59,1997.1,181.1,16259.4482
71760,71820,428.02,1998.3,182.8,17116.0020
71820,71880,429.08,1998.1,181.2,16132.9326
71880,71940,429.08,1998.3,186.4,16479.6348
71940,72000,429.90,1997.3,188.2,16640.0215
72000,72060,429.02,1996.7,183.6,16982.4023
72060,72120,428.53,1996.0,184.7,17089.8613
72120,72180,429.34,1995.3,181.8,16594.1758
72180,72240,428.89,1994.7,183.9,16925.0078
72240,72300,428.60,1993.3,179.0,16227.3105
72300,72360,427.58,1992.7,177.8,16254.5801
72360,72420,427.54,1993.1,176.3,15913.9629
72420,72480,427.72,1993.2,175.9,16129.5303
72480,72540,428.04,1992.7,177.5,16193.5723
72540,72600,427.44,1992.7,178.4,16532.2598
72600,72660,428.02,1992.4,178.2,16863.3125
72660,72720,428.23,1992.2,178.2,15856.8066
72720,72780,427.75,1992.8,175.8,15818.9863
72780,72840,427.52,1993.7,176.1,16306.4092
72840,72900,427.53,1994.4,176.8,16410.4395
72900,72960,427.66,1993.0,175.6,16373.6318
72960,73020,427.55,1993.0,177.3,16133.8262
73020,73080,427.87,1993.3,177.5,16167.6055
73080,73140,428.16,1993.4,176.0,16118.3369
73140,73200,429.14,1993.2,181.6,16111.8896
73200,73260,429.77,1992.4,186.7,16411.7109
73260,73320,430.73,1992.4,243.9,16311.6494
73320,73380,431.18,1992.3,234.2,16053.4395
73380,73440,429.65,1992.0,179.0,15623.8818
73440,73500,429.96,1992.0,178.1,15887.2959
73500,73560,428.99,1993.3,183.7,16402.9063
73560,73620,428.14,1994.3,190.9,16156.9111
73620,73680,427.54,1995.2,177.2,16868.7168
73680,73740,427.86,1995.6,172.1,16199.3311
73740,73800,427.63,1995.5,172.5,16051.3408
73800,73860,426.81,1995.9,170.5,16760.9023
73860,73920,427.03,1995.0,171.4,17093.5352
73920,73980,427.46,1993.3,171.9,16063.6084
73980,74040,427.61,1993.0,171.2,16025.5977
74040,74100,427.66,1993.1,175.8,16607.3574
74100,74160,428.07,1992.9,171.6,15722.4258
74160,74220,428.21,1993.0,169.6,15856.0498
74220,74280,427.32,1992.6,171.2,16181.8203
74280,74340,427.54,1993.7,176.8,16618.9785
74340,74400,427.50,1993.9,176.2,16625.7109
74400,74460,428.47,1993.0,175.9,16003.8154
74460,74520,427.29,1993.6,174.7,16700.4668
74520,74580,427.93,1993.1,176.5,16216.1816
74580,74640,428.31,1990.8,176.9,15584.4502
74640,74700,428.43,1990.0,178.6,15280.6660
74700,74760,429.33,1989.1,182.7,15033.7783
74760,74820,429.43,1987.0,182.7,14547.5566
74820,74880,429.36,1987.4,180.9,14681.1709
74880,74940,428.90,1988.8,193.7,15030.7393
74940,75000,427.86,1988.1,182.7,15511.8369
75000,75060,428.54,1987.6,176.0,14812.2920
75060,75120,429.82,1988.3,183.1,14765.9717
75120,75180,429.61,1987.7,183.0,14703.0205
75180,75240,429.17,1987.1,182.3,15017.2363
75240,75300,428.17,1985.7,174.6,15328.3555
75300,75360,427.25,1984.4,172.0,15681.8887
75360,75420,427.30,1983.5,173.7,15329.9131
75420,75480,428.28,1983.5,173.1,15136.0557
75480,75540,428.29,1983.7,172.5,15497.7578
75540,75600,428.47,1987.0,177.3,16025.1885
75600,75660,429.62,1987.9,180.7,16011.9102
75660,75720,429.54,1988.1,173.5,15374.4141
75720,75780,429.39,1986.9,173.1,15084.4697
75780,75840,427.62,1982.7,171.2,14994.1299
75840,75900,428.72,1982.3,177.5,14688.7002
75900,75960,429.39,1980.6,179.6,14128.2930
75960,76020,427.89,1978.8,171.8,14279.4170
76020,76080,426.68,1979.4,170.4,15159.6553
76080,76140,426.96,1980.8,172.6,15207.9512
76140,76200,426.98,1979.6,170.0,15048.6230
76200,76260,427.71,1979.7,173.1,14977.7656
76260,76320,426.76,1978.5,171.1,15021.2988
76320,76380,426.65,1978.5,169.4,14816.8066
76380,76440,426.58,1977.2,167.2,14807.5674
76440,76500,426.98,1975.0,172.7,14306.2803
76500,76560,426.06,1972.2,164.3,14505.3613
76560,76620,426.12,1970.7,158.7,14133.8105
76620,76680,426.09,1970.0,157.3,13859.2510
76680,76740,426.13,1971.3,228.0,14025.5625
76740,76800,426.39,1970.2,172.4,13734.8740
76800,76860,426.88,1969.9,158.9,13437.0586
76860,76920,425.36,1971.1,161.9,14723.6025
76920,76980,426.54,1972.4,169.3,14420.1475
76980,77040,426.04,1973.2,163.4,14427.0078
77040,77100,426.96,1973.1,164.2,14340.5479
77100,77160,426.53,1972.6,162.6,14025.8438
77160,77220,426.28,1972.2,163.1,14011.0576
77220,77280,426.46,1972.0,160.6,13917.8496
77280,77340,427.00,1971.9,160.7,13653.1982
77340,77400,426.37,1972.8,161.8,14315.0195
77400,77460,426.96,1972.3,163.6,13644.2998
77460,77520,426.50,1973.0,165.6,14263.9883
77520,77580,427.19,1972.7,162.7,13946.4756
77580,77640,427.16,1971.6,160.5,13324.3682
77640,77700,426.97,1972.0,163.5,13940.1357
77700,77760,427.11,1971.8,164.1,14050.9150
77760,77820,427.13,1971.4,162.5,13823.9746
77820,77880,426.61,1971.6,161.4,14142.4531
77880,77940,426.36,1972.2,160.8,14503.9355
77940,78000,426.05,1972.6,158.6,14596.5264
78000,78060,425.97,1970.6,156.4,13983.4277
78060,78120,425.75,1969.8,154.4,14107.5225
78120,78180,426.16,1969.5,156.9,13948.4229
78180,78240,425.35,1969.8,156.0,14676.2500
78240,78300,425.63,1970.6,157.4,14469.8535
78300,78360,426.37,1968.5,156.9,13766.9600
78360,78420,425.31,1968.7,154.8,14304.5537
78420,78480,426.10,1969.7,154.8,13782.8555
78480,78540,425.90,1967.8,158.2,14286.5459
78540,78600,426.27,1966.2,154.0,13738.9375
78600,78660,426.08,1967.4,153.1,14404.2705
78660,78720,426.33,1967.0,155.7,14150.4736
78720,78780,426.30,1966.1,155.8,13790.0137
78780,78840,426.16,1966.8,168.8,14230.8291
78840,78900,425.77,1966.9,159.7,14344.2803
78900,78960,426.14,1965.7,154.7,13821.4355
78960,79020,426.19,1965.5,153.7,14059.3750
79020,79080,425.60,1965.8,155.6,13999.4678
79080,79140,425.30,1966.4,155.0,14358.1553
79140,79200,425.68,1967.2,156.9,14352.7520
79200,79260,425.90,1965.0,153.9,14126.6484
79260,79320,425.27,1965.1,154.9,14440.6855
79320,79380,425.71,1963.2,153.6,13757.2275
79380,79440,426.25,1963.1,150.4,13238.4785
79440,79500,426.65,1962.9,151.3,12913.6514
79500,79560,425.39,1962.5,151.6,13812.4121
79560,79620,426.55,1962.1,151.2,13312.4922
79620,79680,426.72,1961.8,151.8,12896.2568
79680,79740,426.10,1962.2,151.7,13464.9736
79740,79800,426.09,1962.2,151.8,13567.6338
79800,79860,426.34,1961.4,150.3,13268.1191
79860,79920,426.25,1962.8,153.1,13510.0879
79920,79980,426.15,1964.3,155.8,13639.0186
79980,80040,426.01,1963.6,153.1,13626.0576
80040,80100,425.97,1963.5,153.1,13711.2998
80100,80160,425.65,1963.7,152.2,14038.4414
80160,80220,425.81,1962.9,150.4,13665.1182
80220,80280,426.10,1962.3,150.4,13341.2822
80280,80340,426.71,1962.1,149.5,12954.1465
80340,80400,426.36,1961.9,151.6,13110.9189
80400,80460,426.11,1962.0,150.6,13586.9307
80460,80520,428.15,1962.6,158.1,12792.9795
80520,80580,428.93,1963.1,160.3,12568.2842
80580,80640,428.56,1962.8,158.2,12337.8643
80640,80700,427.92,1963.1,161.1,13192.0078
80700,80760,426.30,1961.9,151.2,13240.7725
80760,80820,426.61,1961.8,148.3,13290.1904
80820,80880,426.44,1962.1,152.5,13678.3447
80880,80940,427.21,1962.8,154.7,13681.5830
80940,81000,427.10,1962.4,150.9,13637.3184
81000,81060,426.75,1962.4,152.3,14011.8945
81060,81120,427.05,1960.1,148.5,12766.2363
81120,81180,427.20,1959.7,148.5,12480.2686
81180,81240,427.65,1960.2,148.5,12310.9707
81240,81300,427.28,1960.6,150.4,12160.5361
81300,81360,427.14,1960.4,147.4,12139.7607
81360,81420,427.17,1960.3,147.7,12124.8848
81420,81480,427.78,1961.0,155.4,12787.1621
81480,81540,427.43,1962.1,165.2,13941.8252
81540,81600,427.58,1961.3,160.2,12839.9570
81600,81660,427.60,1961.4,158.2,12762.0459
81660,81720,426.49,1962.1,156.6,13626.9658
81720,81780,426.45,1962.6,152.0,13649.8984
81780,81840,426.73,1961.9,153.3,13089.5771
81840,81900,426.77,1962.8,153.6,13425.7246
81900,81960,426.50,1961.7,147.8,13175.0850
81960,82020,426.11,1961.1,148.9,13199.0615
82020,82080,426.04,1960.1,149.9,13225.3096
82080,82140,426.37,1959.7,149.5,12796.2178
82140,82200,426.37,1959.7,150.1,12834.0137
82200,82260,426.17,1959.8,151.1,13176.0498
82260,82320,426.08,1959.5,147.3,12763.2305
82320,82380,426.98,1959.4,149.9,12236.6035
82380,82440,427.58,1959.8,150.2,11965.7041
82440,82500,427.29,1960.0,149.1,12353.7900
82500,82560,427.34,1960.5,153.0,12668.1611
82560,82620,426.78,1961.3,152.6,13188.5938
82620,82680,427.09,1962.3,155.9,13511.6387
82680,82740,427.76,1962.9,160.2,13360.2666
82740,82800,428.12,1962.5,157.7,12678.9971
82800,82860,428.21,1962.4,153.9,12474.9844
82860,82920,428.38,1962.5,155.6,12565.4580
82920,82980,428.44,1963.4,161.3,12742.8965
82980,83040,427.57,1964.9,159.9,13739.9238
83040,83100,427.60,1966.9,164.3,13801.3340
83100,83160,427.82,1965.7,159.6,13149.9756
83160,83220,427.96,1965.6,157.6,13105.5400
83220,83280,428.45,1966.3,156.9,12647.3057
83280,83340,428.92,1967.7,159.5,12479.9521
83340,83400,429.08,1968.9,166.9,13447.0967
83400,83460,428.60,1970.7,171.1,13367.1807
83460,83520,428.64,1969.8,169.6,12865.4629
83520,83580,429.17,1968.9,172.8,13385.3242
83580,83640,431.79,1968.2,179.2,13831.4111
83640,83700,429.09,1966.1,167.3,13416.2402
83700,83760,428.76,1965.7,171.6,13196.4424
83760,83820,428.24,1963.4,161.5,12858.8906
83820,83880,428.16,1963.2,159.5,12927.7930
83880,83940,427.48,1961.7,152.1,12907.0615
83940,84000,427.33,1960.1,153.4,12337.8047
84000,84060,427.22,1960.5,152.3,12370.6035
84060,84120,427.58,1959.7,150.9,11995.1621
84120,84180,427.77,1960.9,155.3,12271.1934
84180,84240,427.75,1962.9,157.6,12906.9424
84240,84300,427.47,1962.5,159.9,12623.0869
84300,84360,427.23,1961.3,154.1,12540.5967
84360,84420,428.11,1962.8,154.1,12197.5322
84420,84480,427.44,1961.6,150.9,12321.7314
84480,84540,427.50,1960.7,151.6,11993.8906
84540,84600,428.37,1961.8,152.0,12688.6182
84600,84660,427.59,1962.3,153.2,12286.8350
84660,84720,427.88,1961.6,153.2,12626.5020
84720,84780,427.83,1963.8,153.6,12960.8594
84780,84840,428.24,1966.6,155.5,12652.2627
84840,84900,428.29,1967.4,158.2,12815.8447
84900,84960,428.18,1968.7,155.9,12564.3916
84960,85020,429.02,1969.7,158.0,12497.4453
85020,85080,428.96,1970.6,158.4,12667.7354
85080,85140,428.67,1972.3,160.7,12808.7275
85140,85200,428.61,1972.0,160.6,12977.3750
85200,85260,428.24,1970.4,156.6,12606.9395
85260,85320,428.13,1970.9,158.2,12853.3760
85320,85380,428.85,1971.9,160.8,13237.0830
85380,85440,428.47,1970.8,155.0,12573.4111
85440,85500,428.07,1972.4,158.6,12721.4512
85500,85560,428.17,1973.7,159.8,13547.7568
85560,85620,429.87,1972.0,158.2,13062.8770
85620,85680,429.01,1971.7,157.4,12838.2109
85680,85740,428.54,1970.8,159.0,12505.5303
85740,85800,428.02,1971.5,159.9,12705.5645
85800,85860,428.54,1970.9,159.8,12837.3809
85860,85920,429.06,1970.2,158.7,11971.6855
85920,85980,428.58,1971.2,159.4,12470.2432
85980,86040,429.05,1973.2,172.1,12489.8213
86040,86100,429.04,1973.5,171.2,12854.1143
86100,86160,428.84,1970.5,158.8,12198.3604
86160,86220,429.03,1971.4,160.4,12229.5205
86220,86280,427.89,1967.0,155.4,12390.4102
86280,86340,427.62,1965.2,153.3,12215.1992
86340,86400,427.93,1967.7,153.9,12220.5596
