CampaignData_and_Merges/R0/CSL_MobileLab_Parked/raw/20240715/USOS-jNO2_MobileLabGround_20240715_R0.ict
52,1001
Waxman, E.; Rollins, A.; Zuraski, K.; Chace, W.
NOAA Chemical Sciences Laboratory
jNO2 filter radiometer on CSL Mobile Lab
AMMBEC / USOS
1, 1
2024,07,15, 2025,04,02
60
Time_Start, seconds, number_of_seconds_since_0000_UTC
20
1, 1, 1, 1, 1, 1, 1, 1, 1, 1, 1, 1, 1, 1, 1, 1, 1, 1, 1, 1
-9999, -9999, -9999, -9999, -9999, -9999, -9999, -9999, -9999, -9999, -9999, -9999, -9999, -9999, -9999, -9999, -9999, -9999, -9999, -9999
Time_Stop, seconds, number_of_seconds_since_0000_UTC
jNO2_meas, per second, photolysis rate of NO2 measured using a filter radiometer.
jBrCl, per second, photolysis rate of BrCl -> Br + Cl calculated in TUV for cloud-free sky with local AOD
jBr2, per second, photolysis rate of Br2 -> Br + Br calculated in TUV for cloud-free sky with local AOD
jCCl4, per second, photolysis rate of CCl4 -> Products calcualted in TUV for cloud-free sky with local AOD
jCH2Oa, per second, photolysis rate of CH2O -> H + HCO calculated in TUV for cloud-free sky with local AOD
jCH2Ob, per second, photolysis rate of CH2O -> H2 + CO calculated in TUV for cloud-free sky with local AOD
jClNO2, per second, photolysis rate of ClNO2 -> Cl + NO2 calculated in TUV for cloud-free sky with local AOD
jClOa, per second, photolysis rate of ClO -> Cl + O(1D) calculated in TUV for cloud-free sky with local AOD
jClOb, per second, photolysis rate of ClO -> Cl + O(3P) calculated in TUV for cloud-free sky with local AOD
jCl2, per second, photolysis rate of Cl2 -> Cl + Cl calculated in TUV for cloud-free sky with local AOD
jHNO2, per second, photolysis rate of HNO2 -> OH + NO calculated in TUV for cloud-free sky with local AOD
jHNO3, per second, photolysis rate of HNO3 -> OH + NO2 calculated in TUV for cloud-free sky with local AOD
jI2, per second, photolysis rate of I2 -> I + I calculated in TUV for cloud-free sky with local AOD
jNO2, per second, photolysis rate of NO2 -> NO + O(3P) calculated in TUV for cloud-free sky with local AOD
jNO3a, per second, photolysis rate of NO3 -> NO + O2 calculated in TUV for cloud-free sky with local AOD
jNO3b, per second, photolysis rate of NO3 -> NO2 + O(3P) calculated in TUV for cloud-free sky with local AOD
jN2O5, per second, photolysis rate of N2O5 -> NO3 + NO + O(3P) calculated in TUV for cloud-free sky with local AOD
jO3, per second, photolysis rate of O3 -> O2 + O(1D) calculated in TUV for cloud-free sky with local AOD
AOD_500nm, unitless, UTC daily mean AOD at 500 nm from an AERONET station located at 40.178 N, -112.452 E
0
18
PI_CONTACT_INFO: eleanor.waxman@noaa.gov
PLATFORM: CSL Mobile Lab, at ground site
LOCATION: Salt Lake City, UT
ASSOCIATED_DATA:
INSTRUMENT_INFO: jNO2 filter radiometer.  TUV calculations are for mobile van lat/lon/altitude assuming clear sky (cloud AOD = 0) and daily mean AOD.
DATA_INFO:
UNCERTAINTY: Data uncertainties are +/- 20%.  These come from uncertainties in radiometer angular response, radiometer thermal response, local interferences from clouds/aerosols/shadows etc.
ULOD_FLAG: -7777
ULOD_VALUE: N/A
LLOD_FLAG: -8888
LLOD_VALUE: N/A
DM_CONTACT_INFO: eleanor.waxman@noaa.gov
PROJECT_INFO: USOS Project, July - August 2024
STIPULATIONS_ON_USE: Users are strongly encouraged to contact the PI for proper data usage.
OTHER_COMMENTS: 
REVISION: R0
R0: final data
Time_Start, Time_Stop, jNO2_meas, jBrCl, jBr2, jCCl4, jCH2Oa, jCH2Ob, jClNO2, jClOa, jClOb, jCl2, jHNO2, jHNO3, jI2, jNO2, jNO3a, jNO3b, jN2O5, jO3, AOD_500nm
[from data line 854]
   51240,   51300,0.0042168,0.006243,0.02085,1.027e-25,9.255e-06,1.823e-05,0.0001854,3.702e-26,5.776e-06,0.001045,0.0007249,1.208e-07,0.08054,0.004704,0.01632,0.1269,1.514e-05,3.537e-06,0.111
   51300,   51360,0.0042528,0.006285,0.02096,1.043e-25,9.389e-06,1.844e-05,0.0001874,3.758e-26,5.904e-06,0.001055,0.0007316,1.228e-07,0.08089,0.004744,0.01638,0.1274,1.532e-05,3.617e-06,0.111
   51360,   51420,0.0042989,0.006327,0.02108,1.059e-25,9.523e-06,1.865e-05,0.0001895,3.814e-26,6.034e-06,0.001065,0.0007382,1.249e-07,0.08124,0.004784,0.01644,0.1279,1.55e-05,3.697e-06,0.111
   51420,   51480,0.0043388,0.006366,0.02118,1.074e-25,9.649e-06,1.885e-05,0.0001914,3.869e-26,6.158e-06,0.001074,0.0007444,1.268e-07,0.08156,0.00482,0.01649,0.1284,1.566e-05,3.774e-06,0.111
   51480,   51540,0.0043749,0.006407,0.0213,1.091e-25,9.783e-06,1.906e-05,0.0001934,3.927e-26,6.291e-06,0.001084,0.0007509,1.289e-07,0.0819,0.004859,0.01655,0.1289,1.584e-05,3.856e-06,0.111
   51540,   51600,0.0044193,0.006448,0.02141,1.108e-25,9.918e-06,1.927e-05,0.0001955,3.986e-26,6.426e-06,0.001094,0.0007574,1.31e-07,0.08224,0.004898,0.01661,0.1294,1.602e-05,3.94e-06,0.111
   51600,   51660,0.0044551,0.006486,0.02151,1.125e-25,1.005e-05,1.947e-05,0.0001974,4.043e-26,6.554e-06,0.001103,0.0007635,1.33e-07,0.08255,0.004934,0.01666,0.1298,1.619e-05,4.02e-06,0.111
   51660,   51720,0.004488,0.006526,0.02162,1.142e-25,1.018e-05,1.968e-05,0.0001994,4.105e-26,6.692e-06,0.001113,0.0007699,1.351e-07,0.08288,0.004973,0.01671,0.1303,1.636e-05,4.105e-06,0.111
   51720,   51780,0.0045296,0.006566,0.02172,1.16e-25,1.032e-05,1.989e-05,0.0002014,4.168e-26,6.831e-06,0.001123,0.0007764,1.373e-07,0.0832,0.005011,0.01677,0.1308,1.654e-05,4.192e-06,0.111
   51780,   51840,0.0045606,0.006603,0.02182,1.178e-25,1.044e-05,2.009e-05,0.0002033,4.228e-26,6.964e-06,0.001132,0.0007823,1.393e-07,0.0835,0.005046,0.01682,0.1313,1.671e-05,4.275e-06,0.111
   51840,   51900,0.0045918,0.006642,0.02193,1.197e-25,1.058e-05,2.03e-05,0.0002053,4.293e-26,7.106e-06,0.001142,0.0007887,1.414e-07,0.08382,0.005084,0.01687,0.1317,1.688e-05,4.363e-06,0.111
   51900,   51960,0.0046239,0.006681,0.02203,1.216e-25,1.072e-05,2.051e-05,0.0002073,4.359e-26,7.25e-06,0.001151,0.000795,1.436e-07,0.08413,0.005121,0.01692,0.1322,1.706e-05,4.453e-06,0.111
   51960,   52020,0.0046479,0.006718,0.02213,1.234e-25,1.084e-05,2.07e-05,0.0002092,4.423e-26,7.386e-06,0.00116,0.0008009,1.456e-07,0.08442,0.005156,0.01697,0.1326,1.723e-05,4.538e-06,0.111
   52020,   52080,0.0047046,0.006756,0.02223,1.254e-25,1.098e-05,2.091e-05,0.0002112,4.492e-26,7.533e-06,0.00117,0.0008071,1.478e-07,0.08473,0.005193,0.01702,0.1331,1.74e-05,4.63e-06,0.111
   52080,   52140,0.004741,0.006794,0.02233,1.274e-25,1.112e-05,2.112e-05,0.0002132,4.562e-26,7.681e-06,0.00118,0.0008133,1.5e-07,0.08503,0.00523,0.01707,0.1335,1.758e-05,4.723e-06,0.111
   52140,   52200,0.0047813,0.006829,0.02242,1.294e-25,1.125e-05,2.131e-05,0.0002151,4.63e-26,7.822e-06,0.001189,0.0008191,1.521e-07,0.08531,0.005264,0.01712,0.1339,1.775e-05,4.811e-06,0.111
   52200,   52260,0.0048191,0.006866,0.02252,1.315e-25,1.138e-05,2.152e-05,0.0002171,4.702e-26,7.973e-06,0.001198,0.0008252,1.543e-07,0.08561,0.0053,0.01717,0.1344,1.792e-05,4.906e-06,0.111
   52260,   52320,0.0048577,0.006903,0.02262,1.336e-25,1.152e-05,2.172e-05,0.000219,4.777e-26,8.125e-06,0.001207,0.0008313,1.565e-07,0.0859,0.005336,0.01722,0.1348,1.81e-05,5.002e-06,0.111
   52320,   52380,0.0048858,0.006938,0.02271,1.357e-25,1.165e-05,2.192e-05,0.0002209,4.848e-26,8.27e-06,0.001216,0.0008369,1.586e-07,0.08617,0.005369,0.01726,0.1352,1.826e-05,5.093e-06,0.111
   52380,   52440,0.0049086,0.006974,0.02281,1.379e-25,1.178e-05,2.212e-05,0.0002229,4.925e-26,8.425e-06,0.001225,0.000843,1.609e-07,0.08646,0.005405,0.01731,0.1356,1.844e-05,5.19e-06,0.111
   52440,   52500,0.0049342,0.00701,0.0229,1.402e-25,1.192e-05,2.232e-05,0.0002248,5.004e-26,8.582e-06,0.001235,0.0008489,1.631e-07,0.08674,0.00544,0.01736,0.136,1.861e-05,5.289e-06,0.111
   52500,   52560,0.0049812,0.007044,0.02299,1.424e-25,1.205e-05,2.252e-05,0.0002266,5.08e-26,8.73e-06,0.001243,0.0008545,1.652e-07,0.087,0.005473,0.0174,0.1364,1.877e-05,5.383e-06,0.111
   52560,   52620,0.0050213,0.007079,0.02308,1.448e-25,1.219e-05,2.272e-05,0.0002286,5.162e-26,8.889e-06,0.001253,0.0008604,1.675e-07,0.08728,0.005507,0.01745,0.1368,1.895e-05,5.483e-06,0.111
   52620,   52680,0.0050605,0.007114,0.02317,1.472e-25,1.232e-05,2.292e-05,0.0002305,5.246e-26,9.05e-06,0.001262,0.0008663,1.698e-07,0.08755,0.005542,0.01749,0.1372,1.912e-05,5.585e-06,0.111
   52680,   52740,0.0050989,0.007147,0.02326,1.495e-25,1.245e-05,2.311e-05,0.0002323,5.326e-26,9.203e-06,0.00127,0.0008718,1.719e-07,0.08781,0.005574,0.01754,0.1376,1.928e-05,5.681e-06,0.111
   52740,   52800,0.0051368,0.007182,0.02335,1.52e-25,1.259e-05,2.331e-05,0.0002343,5.414e-26,9.366e-06,0.001279,0.0008776,1.742e-07,0.08807,0.005608,0.01758,0.138,1.946e-05,5.785e-06,0.111
   52800,   52860,0.0051591,0.007216,0.02344,1.546e-25,1.273e-05,2.351e-05,0.0002362,5.503e-26,9.531e-06,0.001288,0.0008833,1.765e-07,0.08834,0.005642,0.01762,0.1384,1.963e-05,5.889e-06,0.111
   52860,   52920,0.0051924,0.007248,0.02352,1.571e-25,1.286e-05,2.37e-05,0.000238,5.589e-26,9.687e-06,0.001297,0.0008887,1.787e-07,0.08858,0.005673,0.01766,0.1387,1.979e-05,5.988e-06,0.111
   52920,   52980,0.0052367,0.007281,0.02361,1.598e-25,1.299e-05,2.39e-05,0.0002399,5.682e-26,9.854e-06,0.001305,0.0008944,1.81e-07,0.08884,0.005707,0.01771,0.1391,1.996e-05,6.094e-06,0.111
   52980,   53040,0.005274,0.007315,0.0237,1.626e-25,1.313e-05,2.41e-05,0.0002418,5.777e-26,1.002e-05,0.001314,0.0009001,1.833e-07,0.08909,0.00574,0.01775,0.1395,2.013e-05,6.201e-06,0.111
   53040,   53100,0.0053147,0.007346,0.02378,1.652e-25,1.326e-05,2.428e-05,0.0002436,5.868e-26,1.018e-05,0.001323,0.0009053,1.855e-07,0.08933,0.005771,0.01779,0.1398,2.029e-05,6.303e-06,0.111
   53100,   53160,0.005334,0.007379,0.02386,1.681e-25,1.34e-05,2.448e-05,0.0002455,5.968e-26,1.035e-05,0.001331,0.0009109,1.878e-07,0.08958,0.005803,0.01783,0.1402,2.046e-05,6.412e-06,0.111
   53160,   53220,0.0053492,0.007411,0.02395,1.71e-25,1.353e-05,2.467e-05,0.0002473,6.069e-26,1.053e-05,0.00134,0.0009165,1.902e-07,0.08983,0.005836,0.01787,0.1406,2.063e-05,6.521e-06,0.111
   53220,   53280,0.0053649,0.007441,0.02402,1.739e-25,1.366e-05,2.486e-05,0.0002491,6.167e-26,1.069e-05,0.001348,0.0009216,1.924e-07,0.09006,0.005866,0.01791,0.1409,2.079e-05,6.625e-06,0.111
   53280,   53340,0.0053921,0.007473,0.02411,1.77e-25,1.38e-05,2.505e-05,0.000251,6.274e-26,1.086e-05,0.001357,0.0009271,1.947e-07,0.0903,0.005898,0.01795,0.1413,2.096e-05,6.737e-06,0.111
   53340,   53400,0.0054312,0.007505,0.02419,1.801e-25,1.393e-05,2.525e-05,0.0002528,6.382e-26,1.104e-05,0.001365,0.0009326,1.971e-07,0.09054,0.00593,0.01799,0.1416,2.113e-05,6.849e-06,0.111
   53400,   53460,0.0054623,0.007535,0.02426,1.832e-25,1.406e-05,2.543e-05,0.0002546,6.487e-26,1.121e-05,0.001373,0.0009376,1.993e-07,0.09076,0.005959,0.01802,0.1419,2.129e-05,6.956e-06,0.111
   53460,   53520,0.0055042,0.007566,0.02434,1.865e-25,1.42e-05,2.562e-05,0.0002564,6.601e-26,1.138e-05,0.001382,0.000943,2.017e-07,0.09099,0.00599,0.01806,0.1423,2.146e-05,7.07e-06,0.111
   53520,   53580,0.0055432,0.007597,0.02442,1.899e-25,1.433e-05,2.581e-05,0.0002582,6.718e-26,1.156e-05,0.00139,0.0009483,2.04e-07,0.09122,0.006021,0.0181,0.1426,2.162e-05,7.185e-06,0.111
   53580,   53640,0.0055588,0.007625,0.0245,1.931e-25,1.446e-05,2.599e-05,0.0002599,6.83e-26,1.173e-05,0.001398,0.0009533,2.063e-07,0.09144,0.00605,0.01813,0.1429,2.178e-05,7.294e-06,0.111
   53640,   53700,0.0055606,0.007656,0.02457,1.967e-25,1.46e-05,2.618e-05,0.0002618,6.953e-26,1.192e-05,0.001407,0.0009586,2.086e-07,0.09166,0.006081,0.01817,0.1433,2.195e-05,7.41e-06,0.111
   53700,   53760,0.0055623,0.007686,0.02465,2.003e-25,1.473e-05,2.637e-05,0.0002636,7.078e-26,1.21e-05,0.001415,0.0009638,2.11e-07,0.09189,0.006111,0.01821,0.1436,2.211e-05,7.528e-06,0.111
   53760,   53820,0.0056151,0.007714,0.02472,2.039e-25,1.486e-05,2.655e-05,0.0002653,7.199e-26,1.227e-05,0.001423,0.0009687,2.133e-07,0.09209,0.00614,0.01824,0.1439,2.227e-05,7.639e-06,0.111
   53820,   53880,0.005671,0.007744,0.0248,2.077e-25,1.499e-05,2.674e-05,0.0002671,7.331e-26,1.246e-05,0.001431,0.0009739,2.157e-07,0.09231,0.00617,0.01828,0.1442,2.243e-05,7.758e-06,0.111
   53880,   53940,0.0057345,0.007773,0.02487,2.116e-25,1.513e-05,2.692e-05,0.0002689,7.466e-26,1.264e-05,0.001439,0.000979,2.181e-07,0.09253,0.006199,0.01831,0.1445,2.26e-05,7.878e-06,0.111
   53940,   54000,0.0057744,0.0078,0.02494,2.154e-25,1.525e-05,2.71e-05,0.0002705,7.596e-26,1.282e-05,0.001447,0.0009838,2.203e-07,0.09273,0.006227,0.01834,0.1448,2.275e-05,7.991e-06,0.111
   54000,   54060,0.0058013,0.007829,0.02501,2.195e-25,1.539e-05,2.728e-05,0.0002723,7.739e-26,1.301e-05,0.001455,0.0009888,2.227e-07,0.09294,0.006256,0.01838,0.1451,2.291e-05,8.112e-06,0.111
   54060,   54120,0.0058254,0.007858,0.02509,2.238e-25,1.552e-05,2.747e-05,0.0002741,7.885e-26,1.32e-05,0.001463,0.0009938,2.252e-07,0.09315,0.006285,0.01841,0.1454,2.308e-05,8.234e-06,0.111
   54120,   54180,0.0058584,0.007884,0.02515,2.278e-25,1.565e-05,2.764e-05,0.0002758,8.026e-26,1.337e-05,0.00147,0.0009985,2.274e-07,0.09334,0.006313,0.01844,0.1457,2.323e-05,8.35e-06,0.111
   54180,   54240,0.0058845,0.007912,0.02522,2.323e-25,1.578e-05,2.783e-05,0.0002775,8.179e-26,1.357e-05,0.001478,0.001003,2.298e-07,0.09355,0.006341,0.01848,0.146,2.339e-05,8.473e-06,0.111
   54240,   54300,0.0059158,0.00794,0.02529,2.369e-25,1.592e-05,2.801e-05,0.0002792,8.337e-26,1.376e-05,0.001486,0.001008,2.323e-07,0.09375,0.00637,0.01851,0.1463,2.355e-05,8.598e-06,0.111
   54300,   54360,0.0059502,0.007966,0.02536,2.413e-25,1.604e-05,2.818e-05,0.0002809,8.489e-26,1.394e-05,0.001493,0.001013,2.345e-07,0.09394,0.006396,0.01854,0.1466,2.37e-05,8.715e-06,0.111
   54360,   54420,0.0059682,0.007993,0.02543,2.461e-25,1.617e-05,2.836e-05,0.0002826,8.656e-26,1.413e-05,0.001501,0.001018,2.37e-07,0.09413,0.006424,0.01857,0.1469,2.386e-05,8.841e-06,0.111
   54420,   54480,0.0059755,0.008021,0.0255,2.511e-25,1.631e-05,2.854e-05,0.0002843,8.827e-26,1.433e-05,0.001509,0.001023,2.394e-07,0.09433,0.006452,0.0186,0.1471,2.402e-05,8.967e-06,0.111
   54480,   54540,0.0060304,0.008046,0.02556,2.559e-25,1.643e-05,2.871e-05,0.0002859,8.993e-26,1.451e-05,0.001516,0.001027,2.417e-07,0.09451,0.006478,0.01863,0.1474,2.417e-05,9.087e-06,0.111
   54540,   54600,0.0060779,0.008072,0.02563,2.611e-25,1.656e-05,2.889e-05,0.0002876,9.173e-26,1.471e-05,0.001524,0.001032,2.441e-07,0.0947,0.006505,0.01866,0.1477,2.433e-05,9.214e-06,0.111
   54600,   54660,0.0061114,0.008099,0.02569,2.665e-25,1.669e-05,2.906e-05,0.0002893,9.36e-26,1.491e-05,0.001531,0.001037,2.466e-07,0.09489,0.006533,0.0187,0.148,2.449e-05,9.343e-06,0.111
   54660,   54720,0.0061294,0.008124,0.02575,2.717e-25,1.682e-05,2.923e-05,0.0002909,9.54e-26,1.509e-05,0.001538,0.001041,2.488e-07,0.09507,0.006558,0.01872,0.1482,2.464e-05,9.464e-06,0.111
   54720,   54780,0.0061608,0.008149,0.02582,2.774e-25,1.695e-05,2.94e-05,0.0002926,9.737e-26,1.529e-05,0.001546,0.001046,2.513e-07,0.09525,0.006585,0.01875,0.1485,2.479e-05,9.594e-06,0.111
   54780,   54840,0.006183,0.008175,0.02588,2.833e-25,1.708e-05,2.958e-05,0.0002943,9.94e-26,1.549e-05,0.001553,0.00105,2.537e-07,0.09543,0.006611,0.01878,0.1488,2.495e-05,9.724e-06,0.111
   54840,   54900,0.0062098,0.008199,0.02594,2.888e-25,1.72e-05,2.974e-05,0.0002959,1.014e-25,1.568e-05,0.00156,0.001055,2.56e-07,0.0956,0.006636,0.01881,0.149,2.51e-05,9.848e-06,0.111
   54900,   54960,0.0062393,0.008224,0.026,2.95e-25,1.733e-05,2.992e-05,0.0002975,1.035e-25,1.588e-05,0.001567,0.001059,2.585e-07,0.09578,0.006662,0.01884,0.1493,2.525e-05,9.979e-06,0.111
   54960,   55020,0.0062616,0.008249,0.02607,3.014e-25,1.746e-05,3.009e-05,0.0002992,1.057e-25,1.609e-05,0.001575,0.001064,2.609e-07,0.09596,0.006688,0.01887,0.1495,2.54e-05,1.011e-05,0.111
   55020,   55080,0.0062799,0.008273,0.02612,3.076e-25,1.758e-05,3.025e-05,0.0003007,1.079e-25,1.628e-05,0.001582,0.001068,2.632e-07,0.09613,0.006713,0.01889,0.1498,2.555e-05,1.024e-05,0.111
   55080,   55140,0.0063119,0.008297,0.02619,3.144e-25,1.771e-05,3.042e-05,0.0003023,1.102e-25,1.648e-05,0.001589,0.001072,2.656e-07,0.0963,0.006738,0.01892,0.15,2.57e-05,1.037e-05,0.111
   55140,   55200,0.0063343,0.008322,0.02625,3.214e-25,1.784e-05,3.059e-05,0.000304,1.127e-25,1.669e-05,0.001596,0.001077,2.681e-07,0.09647,0.006764,0.01895,0.1503,2.586e-05,1.05e-05,0.111
   55200,   55260,0.0063536,0.008345,0.0263,3.282e-25,1.796e-05,3.075e-05,0.0003055,1.15e-25,1.688e-05,0.001603,0.001081,2.704e-07,0.09663,0.006787,0.01898,0.1505,2.6e-05,1.063e-05,0.111
   55260,   55320,0.0063904,0.008369,0.02636,3.356e-25,1.809e-05,3.092e-05,0.0003071,1.176e-25,1.709e-05,0.00161,0.001085,2.728e-07,0.0968,0.006812,0.019,0.1507,2.615e-05,1.076e-05,0.111
   55320,   55380,0.0064273,0.008392,0.02642,3.432e-25,1.822e-05,3.108e-05,0.0003087,1.203e-25,1.729e-05,0.001617,0.00109,2.753e-07,0.09696,0.006837,0.01903,0.151,2.63e-05,1.09e-05,0.111
   55380,   55440,0.00647,0.008414,0.02647,3.507e-25,1.834e-05,3.124e-05,0.0003102,1.229e-25,1.749e-05,0.001623,0.001094,2.776e-07,0.09712,0.00686,0.01905,0.1512,2.644e-05,1.103e-05,0.111
   55440,   55500,0.0065258,0.008438,0.02653,3.588e-25,1.846e-05,3.141e-05,0.0003118,1.257e-25,1.77e-05,0.00163,0.001098,2.8e-07,0.09728,0.006885,0.01908,0.1514,2.659e-05,1.116e-05,0.111
   55500,   55560,0.0065761,0.008461,0.02659,3.672e-25,1.859e-05,3.157e-05,0.0003134,1.287e-25,1.791e-05,0.001637,0.001102,2.825e-07,0.09744,0.006909,0.01911,0.1517,2.674e-05,1.13e-05,0.111
   55560,   55620,0.0066309,0.008483,0.02664,3.754e-25,1.871e-05,3.172e-05,0.0003148,1.315e-25,1.81e-05,0.001644,0.001106,2.848e-07,0.09759,0.006931,0.01913,0.1519,2.688e-05,1.143e-05,0.111
   55620,   55680,0.0066807,0.008505,0.0267,3.843e-25,1.884e-05,3.189e-05,0.0003164,1.347e-25,1.831e-05,0.00165,0.00111,2.872e-07,0.09775,0.006955,0.01916,0.1521,2.703e-05,1.157e-05,0.111
   55680,   55740,0.0067243,0.008528,0.02675,3.936e-25,1.896e-05,3.205e-05,0.000318,1.379e-25,1.853e-05,0.001657,0.001114,2.897e-07,0.0979,0.006979,0.01918,0.1523,2.717e-05,1.171e-05,0.111
   55740,   55800,0.00676,0.008549,0.0268,4.026e-25,1.908e-05,3.22e-05,0.0003194,1.411e-25,1.872e-05,0.001664,0.001118,2.92e-07,0.09805,0.007001,0.0192,0.1526,2.731e-05,1.184e-05,0.111
   55800,   55860,0.0068032,0.008571,0.02686,4.124e-25,1.92e-05,3.236e-05,0.000321,1.445e-25,1.894e-05,0.00167,0.001122,2.944e-07,0.0982,0.007024,0.01923,0.1528,2.746e-05,1.198e-05,0.111
   55860,   55920,0.0068489,0.008593,0.02691,4.226e-25,1.933e-05,3.252e-05,0.0003225,1.481e-25,1.915e-05,0.001677,0.001126,2.968e-07,0.09835,0.007048,0.01925,0.153,2.76e-05,1.212e-05,0.111
   55920,   55980,0.0068916,0.008613,0.02696,4.326e-25,1.944e-05,3.267e-05,0.0003239,1.516e-25,1.935e-05,0.001683,0.00113,2.991e-07,0.09849,0.007069,0.01927,0.1532,2.774e-05,1.225e-05,0.111
   55980,   56040,0.0069214,0.008635,0.02701,4.435e-25,1.957e-05,3.283e-05,0.0003254,1.555e-25,1.956e-05,0.00169,0.001134,3.016e-07,0.09863,0.007092,0.0193,0.1534,2.788e-05,1.239e-05,0.111
   56040,   56100,0.0069463,0.008656,0.02707,4.547e-25,1.969e-05,3.298e-05,0.0003269,1.595e-25,1.978e-05,0.001696,0.001138,3.04e-07,0.09878,0.007115,0.01932,0.1536,2.803e-05,1.253e-05,0.111
   56100,   56160,0.0069972,0.008676,0.02711,4.657e-25,1.981e-05,3.313e-05,0.0003283,1.634e-25,1.998e-05,0.001702,0.001142,3.063e-07,0.09892,0.007136,0.01934,0.1538,2.816e-05,1.266e-05,0.111
   56160,   56220,0.0070342,0.008697,0.02716,4.778e-25,1.993e-05,3.329e-05,0.0003298,1.677e-25,2.019e-05,0.001709,0.001146,3.087e-07,0.09906,0.007158,0.01937,0.154,2.83e-05,1.281e-05,0.111
