CampaignData_and_Merges/R0/CSL_MobileLab_Parked/raw/20240715/USOS-NOAAIodideCIMS-Halogens_MobileLabGround_20240715_RA.ict
39, 1001
Michael A Robinson, Chris Jernigan, Subi Thakali
NOAA ESRL Chemical Sciences Laboratory and CIRES, U. of Colorado
NOAA Iodide CIMS Instrument
USOS
1, 1
2024, 07, 15, 2024, 07, 17
0
starttime_UTC, seconds_past_midnight, seconds_of_day_since_00:00:00_UTC
6
1, 1, 1, 1, 1, 1
-9999, -9999, -9999, -9999, -9999, -9999
Br2_NOAACIMS, pptv, Gas_Br2_InSitu_S_AVMR
BrO_NOAACIMS, pptv, Gas_BrO_InSitu_S_AVMR
Cl2_NOAACIMS, pptv, Gas_Cl2_InSitu_S_AVMR
ClNO2_NOAACIMS, pptv, Gas_ClNO2_InSitu_S_AVMR
BrCl_NOAACIMS, pptv, Gas_BrCl_InSitu_S_AVMR
NCl3_NOAACIMS, pptv, Gas_NCl3_InSitu_S_AVMR
1
N/A
18
PI_CONTACT_INFO: 325 Broadway, R/CSD 7, Boulder, Colorado 80305; michael.a.robinson@noaa.gov; chris.jernigan@noaa.gov;
PLATFORM: NOAA CSL Mobile Lab
LOCATION: SLC, Utah
ASSOCIATED_DATA: 1Hz data also available on request.
INSTRUMENT_INFO: NOAA I- ToF CIMS
DATA_INFO: Units: pptv
UNCERTAINTY: tbd
ULOD_FLAG: -7777
ULOD_VALUE: N/A
LLOD_FLAG: -8888
LLOD_VALUE: N/A
DM_CONTACT_INFO: Nathan Howard; nathan.h.howard@noaa.gov
PROJECT_INFO: USOS, summer 2024. https://csl.noaa.gov/groups/csl7/measurements/2024usos/
STIPULATIONS_ON_USE: only the USOS science team is allowed to use this data
OTHER_COMMENTS: Field data; Data are averaged to 1 minute intervals. Stationary data collected from a 10 ft tower on top of the mobile lab
REVISION: RA
RA: Preliminary Data; For in-field use only
starttime_UTC, Br2_NOAACIMS, BrO_NOAACIMS, Cl2_NOAACIMS, ClNO2_NOAACIMS, BrCl_NOAACIMS, NCl3_NOAACIMS
[from data line 731]
43860,-9999.000,-9999.000,-9999.000,-9999.000,-9999.000,-9999.000
43920,-9999.000,-9999.000,-9999.000,-9999.000,-9999.000,-9999.000
43980,-9999.000,-9999.000,-9999.000,-9999.000,-9999.000,-9999.000
44040,-9999.000,-9999.000,-9999.000,-9999.000,-9999.000,-9999.000
44100,-9999.000,-9999.000,-9999.000,-9999.000,-9999.000,-9999.000
44160,-9999.000,-9999.000,-9999.000,-9999.000,-9999.000,-9999.000
44220,-9999.000,-9999.000,-9999.000,-9999.000,-9999.000,-9999.000
44280,-9999.000,-9999.000,-9999.000,-9999.000,-9999.000,-9999.000
44340,-9999.000,-9999.000,-9999.000,-9999.000,-9999.000,-9999.000
44400,-9999.000,-9999.000,-9999.000,-9999.000,-9999.000,-9999.000
44460,-9999.000,-9999.000,-9999.000,-9999.000,-9999.000,-9999.000
44520,-9999.000,-9999.000,-9999.000,-9999.000,-9999.000,-9999.000
44580,-9999.000,-9999.000,-9999.000,-9999.000,-9999.000,-9999.000
44640,-9999.000,-9999.000,-9999.000,-9999.000,-9999.000,-9999.000
44700,-9999.000,-9999.000,-9999.000,-9999.000,-9999.000,-9999.000
44760,-9999.000,-9999.000,-9999.000,-9999.000,-9999.000,-9999.000
44820,-9999.000,-9999.000,-9999.000,-9999.000,-9999.000,-9999.000
44880,-9999.000,-9999.000,-9999.000,-9999.000,-9999.000,-9999.000
44940,-9999.000,-9999.000,-9999.000,-9999.000,-9999.000,-9999.000
45000,-9999.000,-9999.000,-9999.000,-9999.000,-9999.000,-9999.000
45060,-9999.000,-9999.000,-9999.000,-9999.000,-9999.000,-9999.000
45120,-9999.000,-9999.000,-9999.000,-9999.000,-9999.000,-9999.000
45180,-9999.000,-9999.000,-9999.000,-9999.000,-9999.000,-9999.000
45240,-9999.000,-9999.000,-9999.000,-9999.000,-9999.000,-9999.000
45300,-9999.000,-9999.000,-9999.000,-9999.000,-9999.000,-9999.000
45360,-9999.000,-9999.000,-9999.000,-9999.000,-9999.000,-9999.000
45420,-9999.000,-9999.000,-9999.000,-9999.000,-9999.000,-9999.000
45480,-9999.000,-9999.000,-9999.000,-9999.000,-9999.000,-9999.000
45540,-9999.000,-9999.000,-9999.000,-9999.000,-9999.000,-9999.000
45600,-9999.000,-9999.000,-9999.000,-9999.000,-9999.000,-9999.000
45660,-9999.000,-9999.000,-9999.000,-9999.000,-9999.000,-9999.000
45720,-9999.000,-9999.000,-9999.000,-9999.000,-9999.000,-9999.000
45780,-9999.000,-9999.000,-9999.000,-9999.000,-9999.000,-9999.000
45840,-9999.000,-9999.000,-9999.000,-9999.000,-9999.000,-9999.000
45900,-9999.000,-9999.000,-9999.000,-9999.000,-9999.000,-9999.000
45960,-9999.000,-9999.000,-9999.000,-9999.000,-9999.000,-9999.000
46020,-9999.000,-9999.000,-9999.000,-9999.000,-9999.000,-9999.000
46080,-9999.000,-9999.000,-9999.000,-9999.000,-9999.000,-9999.000
46140,-9999.000,-9999.000,-9999.000,-9999.000,-9999.000,-9999.000
46200,-9999.000,-9999.000,-9999.000,-9999.000,-9999.000,-9999.000
46260,-9999.000,-9999.000,-9999.000,-9999.000,-9999.000,-9999.000
46320,-9999.000,-9999.000,-9999.000,-9999.000,-9999.000,-9999.000
46380,-9999.000,-9999.000,-9999.000,-9999.000,-9999.000,-9999.000
46440,-9999.000,-9999.000,-9999.000,-9999.000,-9999.000,-9999.000
46500,-9999.000,-9999.000,-9999.000,-9999.000,-9999.000,-9999.000
46560,-9999.000,-9999.000,-9999.000,-9999.000,-9999.000,-9999.000
46620,-9999.000,-9999.000,-9999.000,-9999.000,-9999.000,-9999.000
46680,-9999.000,-9999.000,-9999.000,-9999.000,-9999.000,-9999.000
46740,-9999.000,-9999.000,-9999.000,-9999.000,-9999.000,-9999.000
46800,-9999.000,-9999.000,-9999.000,-9999.000,-9999.000,-9999.000
46860,-9999.000,-9999.000,-9999.000,-9999.000,-9999.000,-9999.000
46920,-9999.000,-9999.000,-9999.000,-9999.000,-9999.000,-9999.000
46980,-9999.000,-9999.000,-9999.000,-9999.000,-9999.000,-9999.000
47040,-9999.000,-9999.000,-9999.000,-9999.000,-9999.000,-9999.000
47100,-9999.000,-9999.000,-9999.000,-9999.000,-9999.000,-9999.000
47160,-9999.000,-9999.000,-9999.000,-9999.000,-9999.000,-9999.000
47220,-9999.000,-9999.000,-9999.000,-9999.000,-9999.000,-9999.000
47280,-9999.000,-9999.000,-9999.000,-9999.000,-9999.000,-9999.000
47340,-9999.000,-9999.000,-9999.000,-9999.000,-9999.000,-9999.000
47400,-9999.000,-9999.000,-9999.000,-9999.000,-9999.000,-9999.000
47460,-9999.000,-9999.000,-9999.000,-9999.000,-9999.000,-9999.000
47520,-9999.000,-9999.000,-9999.000,-9999.000,-9999.000,-9999.000
47580,-9999.000,-9999.000,-9999.000,-9999.000,-9999.000,-9999.000
47640,-9999.000,-9999.000,-9999.000,-9999.000,-9999.000,-9999.000
47700,-9999.000,-9999.000,-9999.000,-9999.000,-9999.000,-9999.000
47760,-9999.000,-9999.000,-9999.000,-9999.000,-9999.000,-9999.000
47820,-9999.000,-9999.000,-9999.000,-9999.000,-9999.000,-9999.000
47880,-9999.000,-9999.000,-9999.000,-9999.000,-9999.000,-9999.000
47940,-9999.000,-9999.000,-9999.000,-9999.000,-9999.000,-9999.000
48000,-9999.000,-9999.000,-9999.000,-9999.000,-9999.000,-9999.000
48060,-9999.000,-9999.000,-9999.000,-9999.000,-9999.000,-9999.000
48120,-9999.000,-9999.000,-9999.000,-9999.000,-9999.000,-9999.000
48180,-9999.000,-9999.000,-9999.000,-9999.000,-9999.000,-9999.000
48240,-9999.000,-9999.000,-9999.000,-9999.000,-9999.000,-9999.000
48300,-9999.000,-9999.000,-9999.000,-9999.000,-9999.000,-9999.000
48360,-9999.000,-9999.000,-9999.000,-9999.000,-9999.000,-9999.000
48420,-9999.000,-9999.000,-9999.000,-9999.000,-9999.000,-9999.000
48480,-9999.000,-9999.000,-9999.000,-9999.000,-9999.000,-9999.000
48540,-9999.000,-9999.000,-9999.000,-9999.000,-9999.000,-9999.000
48600,-9999.000,-9999.000,-9999.000,-9999.000,-9999.000,-9999.000
48660,-9999.000,-9999.000,-9999.000,-9999.000,-9999.000,-9999.000
48720,-9999.000,-9999.000,-9999.000,-9999.000,-9999.000,-9999.000
48780,-9999.000,-9999.000,-9999.000,-9999.000,-9999.000,-9999.000
48840,-9999.000,-9999.000,-9999.000,-9999.000,-9999.000,-9999.000
48900,-9999.000,-9999.000,-9999.000,-9999.000,-9999.000,-9999.000
48960,-9999.000,-9999.000,-9999.000,-9999.000,-9999.000,-9999.000
49020,-9999.000,-9999.000,-9999.000,-9999.000,-9999.000,-9999.000
49080,-9999.000,-9999.000,-9999.000,-9999.000,-9999.000,-9999.000
49140,-9999.000,-9999.000,-9999.000,-9999.000,-9999.000,-9999.000
49200,-9999.000,-9999.000,-9999.000,-9999.000,-9999.000,-9999.000
49260,-9999.000,-9999.000,-9999.000,-9999.000,-9999.000,-9999.000
49320,-9999.000,-9999.000,-9999.000,-9999.000,-9999.000,-9999.000
49380,-9999.000,-9999.000,-9999.000,-9999.000,-9999.000,-9999.000
49440,-9999.000,-9999.000,-9999.000,-9999.000,-9999.000,-9999.000
49500,-9999.000,-9999.000,-9999.000,-9999.000,-9999.000,-9999.000
49560,-9999.000,-9999.000,-9999.000,-9999.000,-9999.000,-9999.000
49620,-9999.000,-9999.000,-9999.000,-9999.000,-9999.000,-9999.000
49680,-9999.000,-9999.000,-9999.000,-9999.000,-9999.000,-9999.000
49740,-9999.000,-9999.000,-9999.000,-9999.000,-9999.000,-9999.000
49800,-9999.000,-9999.000,-9999.000,-9999.000,-9999.000,-9999.000
49860,-9999.000,-9999.000,-9999.000,-9999.000,-9999.000,-9999.000
49920,-9999.000,-9999.000,-9999.000,-9999.000,-9999.000,-9999.000
49980,-9999.000,-9999.000,-9999.000,-9999.000,-9999.000,-9999.000
50040,-9999.000,-9999.000,-9999.000,-9999.000,-9999.000,-9999.000
50100,-9999.000,-9999.000,-9999.000,-9999.000,-9999.000,-9999.000
50160,-9999.000,-9999.000,-9999.000,-9999.000,-9999.000,-9999.000
50220,-9999.000,-9999.000,-9999.000,-9999.000,-9999.000,-9999.000
50280,-9999.000,-9999.000,-9999.000,-9999.000,-9999.000,-9999.000
50340,-9999.000,-9999.000,-9999.000,-9999.000,-9999.000,-9999.000
50400,-9999.000,-9999.000,-9999.000,-9999.000,-9999.000,-9999.000
50460,-9999.000,-9999.000,-9999.000,-9999.000,-9999.000,-9999.000
50520,-9999.000,-9999.000,-9999.000,-9999.000,-9999.000,-9999.000
50580,-9999.000,-9999.000,-9999.000,-9999.000,-9999.000,-9999.000
50640,-9999.000,-9999.000,-9999.000,-9999.000,-9999.000,-9999.000
50700,-9999.000,-9999.000,-9999.000,-9999.000,-9999.000,-9999.000
50760,-9999.000,-9999.000,-9999.000,-9999.000,-9999.000,-9999.000
50820,-9999.000,-9999.000,-9999.000,-9999.000,-9999.000,-9999.000
50880,-9999.000,-9999.000,-9999.000,-9999.000,-9999.000,-9999.000
50940,-9999.000,-9999.000,-9999.000,-9999.000,-9999.000,-9999.000
51000,0.230,0.286,0.641,0.593,0.328,0.267
51060,0.177,0.156,0.575,0.582,0.359,0.361
51120,0.339,0.095,0.520,0.551,0.436,0.303
51180,0.448,0.143,0.441,0.540,0.341,0.332
51240,0.211,0.038,0.431,0.570,0.308,0.337
51300,0.258,0.113,0.565,0.551,0.256,0.324
51360,-9999.000,-9999.000,-9999.000,0.471,-9999.000,-9999.000
51420,-9999.000,-9999.000,-9999.000,0.453,-9999.000,-9999.000
51480,-9999.000,-9999.000,-9999.000,0.409,-9999.000,-9999.000
51540,-9999.000,-9999.000,-9999.000,0.364,-0.157,0.196
51600,-9999.000,-9999.000,0.641,0.375,-0.148,0.105
51660,-9999.000,-9999.000,0.820,0.489,-0.152,0.241
51720,-9999.000,-9999.000,0.592,0.398,-0.111,0.198
51780,-9999.000,-9999.000,0.671,0.460,-0.094,1.473
51840,-9999.000,-9999.000,0.581,0.538,0.124,0.297
51900,-9999.000,-9999.000,0.593,0.469,-0.083,0.245
51960,-9999.000,-9999.000,0.642,0.494,0.057,0.184
52020,-9999.000,-9999.000,0.717,0.473,-0.002,0.385
52080,-9999.000,-9999.000,0.533,0.377,0.016,0.110
52140,-9999.000,-9999.000,0.639,0.462,0.065,1.315
52200,-9999.000,-9999.000,0.602,0.508,0.322,0.171
52260,-9999.000,-9999.000,0.483,0.411,0.185,0.051
52320,-9999.000,-9999.000,0.397,0.420,0.122,0.376
52380,-9999.000,-9999.000,0.527,0.459,0.158,0.070
52440,-9999.000,-9999.000,0.567,0.474,0.295,0.449
52500,-9999.000,-9999.000,0.668,0.439,0.353,0.114
52560,-9999.000,-9999.000,0.456,0.455,0.263,-0.055
52620,-9999.000,-9999.000,0.513,0.412,0.330,0.607
52680,-9999.000,-9999.000,0.475,0.415,0.322,-0.100
52740,-9999.000,-9999.000,0.374,0.455,0.164,-0.120
52800,-9999.000,-9999.000,0.453,0.423,0.324,-0.042
52860,-9999.000,-9999.000,-9999.000,-9999.000,-9999.000,-9999.000
52920,-9999.000,0.697,0.413,0.390,0.238,0.012
52980,-9999.000,0.503,0.156,0.306,0.177,-0.150
53040,-9999.000,0.769,0.400,0.431,0.338,-0.100
53100,-9999.000,0.710,0.393,0.454,0.208,0.213
53160,-9999.000,0.360,0.511,0.383,0.172,0.404
53220,-9999.000,0.432,0.349,0.294,0.099,-0.217
53280,-9999.000,0.362,0.340,0.297,0.131,-0.218
53340,-9999.000,0.559,0.443,0.392,0.126,0.222
53400,-9999.000,0.221,0.508,0.333,0.174,2.089
53460,-9999.000,0.449,0.479,0.427,0.232,0.933
53520,-9999.000,0.288,0.349,0.325,0.185,-0.244
53580,-9999.000,0.175,0.293,0.339,0.087,-0.268
53640,-9999.000,0.357,0.222,0.323,0.146,-0.155
53700,-9999.000,0.033,0.123,0.193,-0.018,-0.308
53760,-9999.000,0.364,0.310,0.269,0.267,-0.167
53820,-9999.000,0.171,0.316,0.196,0.109,-0.249
53880,-9999.000,0.387,0.278,0.302,0.268,-0.055
53940,-9999.000,0.160,0.082,0.160,0.046,-0.261
54000,-9999.000,0.348,0.396,0.311,0.118,-0.169
54060,-9999.000,0.337,0.296,0.294,0.213,-0.087
54120,-9999.000,0.071,0.275,0.142,-0.027,-0.246
54180,-9999.000,0.240,0.320,0.266,0.104,-0.182
54240,-9999.000,0.236,0.360,0.236,0.058,-0.114
54300,-9999.000,0.189,0.224,0.206,0.116,-0.221
54360,-9999.000,0.104,0.233,0.273,0.107,-0.142
54420,-9999.000,0.012,0.329,0.191,0.043,-0.209
54480,-9999.000,0.535,0.424,0.342,0.202,-0.054
54540,-9999.000,0.322,0.498,0.325,0.205,0.005
54600,-9999.000,0.532,0.384,0.361,0.235,-0.050
54660,-9999.000,0.677,0.377,0.416,0.187,0.037
54720,-9999.000,0.422,0.388,0.341,0.220,0.052
54780,-9999.000,0.502,0.432,0.323,0.284,0.094
54840,-9999.000,0.451,0.464,0.328,0.259,-0.010
54900,-9999.000,0.146,0.248,0.201,0.051,-0.129
54960,-9999.000,-0.077,0.067,0.073,-0.075,-0.200
55020,-9999.000,0.208,0.222,0.207,0.077,-0.105
55080,-9999.000,0.209,0.310,0.267,0.162,-0.074
55140,-9999.000,0.102,0.182,0.164,0.015,-0.044
55200,-9999.000,-0.053,0.146,0.137,-0.058,-0.156
55260,-9999.000,-0.067,0.075,0.094,-0.070,-0.168
55320,-9999.000,0.170,0.393,0.124,0.051,-0.123
55380,-9999.000,0.210,0.364,0.236,0.156,-0.086
55440,-9999.000,-0.015,0.150,0.096,-0.031,-0.135
55500,-9999.000,-0.054,0.217,0.047,-0.059,-0.137
55560,-9999.000,0.192,0.355,0.194,0.035,-0.015
55620,-9999.000,0.410,0.347,0.273,0.162,-0.004
55680,-9999.000,0.114,0.255,0.206,0.004,-0.092
55740,-9999.000,0.081,0.329,0.183,0.000,-0.112
55800,-9999.000,0.130,0.208,0.191,-0.001,-0.088
55860,-9999.000,-0.030,0.204,0.129,-0.031,-0.085
55920,-9999.000,0.216,0.364,0.208,0.089,0.016
55980,-9999.000,0.303,0.465,0.336,0.091,0.039
56040,-9999.000,0.717,0.712,0.403,0.244,0.181
56100,-9999.000,0.345,0.425,0.333,0.169,0.053
56160,-9999.000,0.657,0.491,0.412,0.169,0.172
56220,-9999.000,0.471,0.631,0.413,0.252,0.274
56280,-9999.000,0.623,0.797,0.405,0.242,0.148
56340,-9999.000,0.432,0.721,0.371,0.197,0.142
56400,-9999.000,0.128,0.412,0.187,0.011,-0.021
56460,-9999.000,-0.026,0.405,0.138,-0.061,-0.029
56520,-9999.000,0.193,0.554,0.116,0.027,0.036
56580,-9999.000,0.356,0.353,0.351,0.173,0.064
56640,-9999.000,0.434,0.502,0.387,0.141,0.203
56700,-9999.000,0.401,0.691,0.392,0.198,0.182
56760,-9999.000,0.360,0.502,0.272,0.130,0.124
56820,-9999.000,0.026,0.460,0.215,0.054,0.047
56880,-9999.000,0.193,0.376,0.235,0.029,0.040
56940,-9999.000,-0.017,0.358,0.202,-0.030,0.016
57000,-9999.000,-0.026,0.139,0.101,-0.042,-0.034
57060,-9999.000,-0.008,0.352,0.137,0.019,-0.036
57120,-9999.000,-0.076,0.332,0.121,-0.061,-0.035
57180,-9999.000,0.215,0.380,0.191,0.067,0.026
57240,-9999.000,0.469,0.595,0.333,0.204,0.198
57300,-9999.000,0.218,0.455,0.223,0.103,0.077
57360,-9999.000,-0.021,0.269,0.088,-0.063,-0.045
57420,-9999.000,0.034,0.480,0.157,0.067,-0.003
57480,-9999.000,-0.026,0.475,0.157,0.010,-0.032
57540,-9999.000,0.060,0.382,0.093,-0.004,-0.028
57600,-9999.000,0.137,0.352,0.157,0.048,0.002
57660,-9999.000,0.019,0.274,0.084,0.002,-0.013
57720,-9999.000,0.015,0.385,0.116,-0.002,-0.031
57780,-9999.000,-0.061,0.399,0.177,0.011,-0.008
57840,-9999.000,-0.014,0.441,0.126,-0.007,-0.046
57900,-9999.000,-0.133,0.338,0.080,0.004,-0.035
57960,-9999.000,-0.086,0.299,0.084,0.001,-0.058
58020,-9999.000,-0.026,0.461,0.148,0.091,-0.010
58080,-9999.000,-0.087,0.317,0.082,0.007,-0.055
58140,-9999.000,-0.034,0.290,0.142,0.013,-0.062
58200,-9999.000,-0.111,0.247,0.119,-0.029,-0.067
58260,0.827,-0.122,0.384,0.087,0.023,-0.073
58320,0.830,-0.081,0.328,0.129,-0.004,-0.042
58380,1.937,0.339,0.700,0.241,0.209,0.237
58440,1.641,0.459,0.548,0.167,0.160,0.252
58500,1.508,0.201,0.494,0.136,0.141,0.094
58560,1.566,0.392,0.435,0.172,0.104,0.127
58620,1.396,0.483,0.516,0.108,0.076,0.175
58680,1.804,0.328,0.495,0.151,0.109,0.165
58740,1.777,0.397,0.511,0.165,0.155,0.176
58800,1.931,0.354,0.526,0.145,0.188,0.144
58860,1.697,0.446,0.521,0.148,0.160,0.195
58920,1.886,0.314,0.593,0.126,0.182,0.185
58980,1.783,0.149,0.694,0.243,0.170,0.218
59040,1.729,0.498,0.695,0.137,0.195,0.058
59100,1.743,0.381,0.621,0.160,0.120,0.236
59160,1.843,0.120,0.567,0.196,0.158,0.155
59220,1.753,0.167,0.580,0.173,0.227,0.156
59280,1.876,0.207,0.534,0.169,0.216,0.217
59340,2.029,0.117,0.703,0.172,0.184,0.149
59400,1.767,0.210,0.580,0.213,0.188,0.250
59460,1.986,0.280,0.542,0.133,0.197,0.183
59520,1.913,0.398,0.641,0.145,0.208,0.196
59580,2.100,0.322,0.618,0.151,0.243,0.246
59640,2.020,0.416,0.572,0.194,0.201,0.204
59700,2.027,0.293,0.518,0.150,0.261,0.278
59760,2.033,0.269,0.636,0.135,0.216,0.200
59820,2.093,0.320,0.502,0.141,0.218,0.200
59880,2.175,0.381,0.566,0.192,0.132,0.262
59940,2.017,0.246,0.595,0.158,0.148,0.148
60000,1.892,0.469,0.772,0.164,0.197,0.231
60060,2.042,0.370,0.581,0.171,0.227,0.205
60120,2.124,0.372,0.633,0.126,0.236,0.229
60180,1.873,0.475,0.560,0.197,0.193,0.263
60240,-9999.000,-9999.000,-9999.000,-9999.000,-9999.000,-9999.000
60300,2.180,0.356,0.590,0.116,0.201,0.211
60360,1.919,0.541,0.563,0.148,0.196,0.262
60420,2.371,0.371,0.584,0.192,0.278,0.296
60480,2.473,0.461,0.591,0.127,0.303,0.137
60540,2.366,0.665,0.577,0.171,0.291,0.277
60600,2.397,0.501,0.686,0.208,0.312,0.226
60660,2.343,0.471,0.636,0.208,0.239,0.276
60720,2.346,0.526,0.558,0.195,0.291,0.242
60780,2.562,0.599,0.790,0.201,0.279,0.298
60840,2.545,0.520,0.799,0.220,0.301,0.210
60900,2.766,0.660,0.631,0.182,0.266,0.258
60960,2.660,0.691,0.553,0.155,0.316,0.252
61020,2.532,0.604,0.647,0.221,0.302,0.238
61080,2.449,0.483,0.694,0.172,0.341,0.263
61140,2.828,0.703,0.734,0.220,0.344,0.238
61200,2.895,0.494,0.845,0.168,0.271,0.299
61260,2.892,0.646,0.957,0.161,0.346,0.178
61320,2.793,0.729,0.772,0.146,0.254,0.212
61380,2.838,0.501,0.861,0.168,0.337,0.335
