CampaignData_and_Merges/R0/CSL_MobileLab_Parked/raw/20240802/USOS-NOy-LIF_MobileLabGround_20240802_R0.ict
39,1001
Rollins, A.; Waxman, E.; Zuraski, K.; Chace, W.
NOAA Chemical Sciences Laboratory
LIF NO/NOx/NOy on CSL Mobile Lab
AMMBEC / USOS
1, 1
2024,08,02, 2025,01,04
1
Time_Start, seconds, number_of_seconds_since_0000_UTC
7
1, 1, 1, 1, 1, 1, 1
-9999, -9999, -9999, -9999, -9999, -9999, -9999
Time_Stop, seconds, number_of_seconds_since_0000_UTC
NO_LIF, pptv, Gas_NO_InSitu_S_AVMR, volume mixing ratio of nitric oxide in air
NO2_LIF, pptv, Gas_NO2_InSitu_S_AVMR, volume mixing ratio of nitrogen dioxide in air
NOy_LIF, pptv, Gas_NOy_InSitu_S_AVMR, volume mixing ratio of total oxidized nitrogen in air
NO_LIF_1SigmaAccuracy, pptv, Gas_NO_InSitu_S_AVMR, volume mixing ratio of nitric oxide in air
NO2_LIF_1SigmaAccuracy, pptv, Gas_NO2_InSitu_S_AVMR, volume mixing ratio of nitrogen dioxide in air
NOy_LIF_1SigmaAccuracy, pptv, Gas_NOy_InSitu_S_AVMR, volume mixing ratio of total oxidized nitrogen in air
0
18
PI_CONTACT_INFO: andrew.rollins@noaa.gov
PLATFORM: CSL Mobile Lab
LOCATION: Salt Lake City, UT
ASSOCIATED_DATA:
INSTRUMENT_INFO: NO detection by laser induced fluorescence. NO2 detection by photolytic conversion to NO. NOy detection by catalytic conversion to NO on gold surface
DATA_INFO:
UNCERTAINTY: Included 1 Sigma Accuracy waves represent the combined calibration uncertainties (±6%, ±9%, ±10%) and zero uncertainties (3 ppt, 20 ppt, 100 ppt) for NO, NO2, and NOy, respectively.
ULOD_FLAG: -7777
ULOD_VALUE: N/A
LLOD_FLAG: -8888
LLOD_VALUE: N/A
DM_CONTACT_INFO: andrew.rollins@noaa.gov
PROJECT_INFO: USOS Project, July - August 2024
STIPULATIONS_ON_USE: Users are strongly encouraged to contact the PI for proper data usage.
OTHER_COMMENTS:
REVISION: R0
R0: final data
Time_Start, Time_Stop, NO_LIF, NO2_LIF, NOy_LIF, NO_LIF_1SigmaAccuracy, NO2_LIF_1SigmaAccuracy, NOy_LIF_1SigmaAccuracy
[from data line 265]
   15900,   15960,20.468,2873.3,4192,4.2281, 278.6, 519.2
   15960,   16020,21.18,2515,3589.8,4.2708, 246.35, 458.98
   16020,   16080,16.64,2181.3,3753.4,3.9984, 216.32, 475.34
   16080,   16140,9.2146,1452.1,2726.1,3.5529, 150.69, 372.61
   16140,   16200,8.4922,1279.5,2261.1,3.5095, 135.15, 326.11
   16200,   16260,10.838,1401.9,2292.8,3.6503, 146.17, 329.28
   16260,   16320,28.033,1378.5,2211.4,4.682, 144.06, 321.14
   16320,   16380,108.66,2158.1,3043.8,9.5195, 214.23, 404.38
   16380,   16440,10.843,1566.9,2569.2,3.6506, 161.03, 356.92
   16440,   16500,25.458,1599.5,2574.6,4.5275, 163.96, 357.46
   16500,   16560,61.418,1581.6,2952.9,6.6851, 162.34, 395.29
   16560,   16620,171.72,2179.1,2943,13.303, 216.12, 394.3
   16620,   16680,75.9,1957,3582.7,7.554, 196.13, 458.27
   16680,   16740,675.66,6184.7,5251.1,43.54, 576.62, 625.11
   16740,   16800,519.57,5520.8,8472.4,34.174, 516.87, 947.24
   16800,   16860,69.072,4548.2,6614,7.1443, 429.33, 761.4
   16860,   16920,16.485,3908.5,5573,3.9891, 371.76, 657.3
   16920,   16980,7.7864,4231,4787.8,3.4672, 400.79, 578.78
   16980,   17040,5.2968,3240,4793.7,3.3178, 311.6, 579.37
   17040,   17100,8.9012,3501.1,4657.2,3.5341, 335.1, 565.72
   17100,   17160,99.98,5129.7,4963.4,8.9988, 481.67, 596.34
   17160,   17220,28.651,3950.8,4989.1,4.7191, 375.57, 598.91
   17220,   17280,-9999,-9999,-9999,-9999, -9999, -9999
   17280,   17340,-9999,-9999,-9999,-9999, -9999, -9999
   17340,   17400,-9999,-9999,-9999,-9999, -9999, -9999
   17400,   17460,-9999,-9999,-9999,-9999, -9999, -9999
   17460,   17520,-9999,-9999,-9999,-9999, -9999, -9999
   17520,   17580,-9999,-9999,-9999,-9999, -9999, -9999
   17580,   17640,-9999,-9999,-9999,-9999, -9999, -9999
   17640,   17700,25.636,4709.8,6254.5,4.5382, 443.89, 725.45
   17700,   17760,11.675,4080.3,5409.2,3.7005, 387.23, 640.92
   17760,   17820,12.493,4610.6,5346.6,3.7496, 434.96, 634.66
   17820,   17880,115.99,7405.9,7829.2,9.9594, 686.53, 882.92
   17880,   17940,33.666,6825.5,8381.8,5.02, 634.3, 938.18
   17940,   18000,10.032,5775,6965.4,3.6019, 539.75, 796.54
   18000,   18060,5.7666,5180.9,6491.1,3.346, 486.28, 749.11
   18060,   18120,5.6611,4453.4,6304.7,3.3397, 420.81, 730.47
   18120,   18180,8.5931,4468.6,6013.4,3.5156, 422.17, 701.34
   18180,   18240,57.006,6904.7,6548.3,6.4203, 641.42, 754.83
   18240,   18300,145.57,6578.7,7632.5,11.734, 612.08, 863.25
   18300,   18360,67.252,6134.2,7732.7,7.0351, 572.08, 873.27
   18360,   18420,25.753,6116.2,7532.7,4.5452, 570.46, 853.27
   18420,   18480,44.647,6428.6,8062.4,5.6788, 598.57, 906.24
   18480,   18540,35.807,6783.7,8066.7,5.1484, 630.53, 906.67
   18540,   18600,13.651,6876.9,7933.4,3.8191, 638.92, 893.34
   18600,   18660,9.6179,6976.5,7848,3.5771, 647.88, 884.8
   18660,   18720,20.281,7056.3,8251.3,4.2169, 655.07, 925.13
   18720,   18780,64.304,7422.8,8651.6,6.8582, 688.05, 965.16
   18780,   18840,58.538,8202,10052,6.5123, 758.18, 1105.2
   18840,   18900,14.073,8103.6,9624.8,3.8444, 749.32, 1062.5
   18900,   18960,8.5943,8309.1,9301.4,3.5157, 767.82, 1030.1
   18960,   19020,9.157,8157.4,9650.8,3.5494, 754.17, 1065.1
   19020,   19080,20.118,8635.6,9598.5,4.2071, 797.21, 1059.8
   19080,   19140,67.762,10419,10237,7.0657, 957.71, 1123.7
   19140,   19200,51.125,11602,12984,6.0675, 1064.2, 1398.4
   19200,   19260,14.28,8768.2,12298,3.8568, 809.14, 1329.8
   19260,   19320,10.653,8557.5,11909,3.6392, 790.17, 1290.9
   19320,   19380,27.227,9850.2,12831,4.6336, 906.52, 1383.1
   19380,   19440,13.412,8728.2,12662,3.8047, 805.54, 1366.2
   19440,   19500,13.471,9681.9,12342,3.8082, 891.37, 1334.2
   19500,   19560,15.949,8990,11622,3.9569, 829.1, 1262.2
   19560,   19620,16.887,8278.3,10983,4.0132, 765.05, 1198.3
   19620,   19680,18.166,7059.3,9369.1,4.0899, 655.34, 1036.9
   19680,   19740,17.18,5933.7,8575.6,4.0308, 554.03, 957.56
   19740,   19800,143.56,6574.8,8346.8,11.614, 611.73, 934.68
   19800,   19860,147.34,6022.7,7654.9,11.84, 562.04, 865.49
   19860,   19920,90.937,6253.8,7590.9,8.4562, 582.84, 859.09
   19920,   19980,61.286,6827.4,8042.7,6.6771, 634.47, 904.27
   19980,   20040,60.505,6722,8283.5,6.6303, 624.98, 928.35
   20040,   20100,64.66,7180.6,10206,6.8796, 666.25, 1120.6
   20100,   20160,22.972,5900.3,10219,4.3783, 551.03, 1121.9
   20160,   20220,15.582,3910.3,8503.3,3.9349, 371.93, 950.33
   20220,   20280,15.419,3339.5,5789.3,3.9251, 320.55, 678.93
   20280,   20340,7.921,2838.4,4555.8,3.4753, 275.45, 555.58
   20340,   20400,8.9411,2872.1,4546.5,3.5365, 278.49, 554.65
   20400,   20460,26.301,2392.2,4330.4,4.5781, 235.3, 533.04
   20460,   20520,60.548,2860.2,3698.3,6.6329, 277.42, 469.83
   20520,   20580,47.379,3611.5,4611.8,5.8428, 345.04, 561.18
   20580,   20640,39.532,2692,4156.1,5.3719, 262.28, 515.61
   20640,   20700,78.654,2892.1,4185.7,7.7192, 280.29, 518.57
   20700,   20760,59.333,2621.5,3982.7,6.56, 255.93, 498.27
   20760,   20820,224.34,3853.4,4043.9,16.461, 366.81, 504.39
   20820,   20880,272.2,8095.3,5544.6,19.332, 748.57, 654.46
   20880,   20940,345.76,11918,7452.6,23.746, 1092.6, 845.26
   20940,   21000,278.55,12320,9192.3,19.713, 1128.8, 1019.2
   21000,   21060,190.91,12476,10130,14.455, 1142.9, 1113
   21060,   21120,28.127,7478,10317,4.6876, 693.02, 1131.7
   21120,   21180,46.85,6645.1,10135,5.811, 618.06, 1113.5
   21180,   21240,133.6,6790,9571.5,11.016, 631.1, 1057.2
   21240,   21300,65.807,5458.8,9952,6.9484, 511.29, 1095.2
   21300,   21360,42.731,5654.4,9284.8,5.5639, 528.9, 1028.5
   21360,   21420,23.197,4419.1,8253,4.3918, 417.72, 925.3
   21420,   21480,11.908,3325.3,5060.8,3.7145, 319.28, 606.08
   21480,   21540,15.195,3227.1,4653.2,3.9117, 310.44, 565.32
   21540,   21600,18.851,3618.2,4705.3,4.1311, 345.64, 570.53
   21600,   21660,110.3,4904.9,4994.4,9.6181, 461.44, 599.44
   21660,   21720,174.63,5384.4,6469.8,13.478, 504.6, 746.98
   21720,   21780,18.393,3634.9,5125.7,4.1036, 347.14, 612.57
   21780,   21840,221.74,4222.6,4578.4,16.304, 400.03, 557.84
   21840,   21900,569.62,6286.6,7392.4,37.177, 585.8, 839.24
   21900,   21960,250.81,4843,6925.9,18.049, 455.87, 792.59
   21960,   22020,62.744,3413.6,5611,6.7647, 327.22, 661.1
   22020,   22080,43.978,2129.8,4067.8,5.6387, 211.69, 506.78
   22080,   22140,64.107,1802,3286.9,6.8464, 182.18, 428.69
   22140,   22200,25.363,1023.6,2155.5,4.5218, 112.12, 315.55
   22200,   22260,785.91,3138.5,4556.4,50.155, 302.47, 555.64
   22260,   22320,402.74,3672.5,5376.8,27.164, 350.52, 637.68
   22320,   22380,174.85,2403.2,3825.2,13.491, 236.29, 482.52
   22380,   22440,80.167,1689.2,2988.9,7.81, 172.03, 398.89
   22440,   22500,40.389,1683.1,3385.3,5.4233, 171.48, 438.53
   22500,   22560,36.056,2006.7,2881.1,5.1633, 200.61, 388.11
   22560,   22620,26.806,1833.7,2946.5,4.6084, 185.03, 394.65
   22620,   22680,33.559,2726.7,3435.5,5.0135, 265.4, 443.55
   22680,   22740,14.102,2742.8,4129.5,3.8461, 266.85, 512.95
   22740,   22800,13.886,2627.9,3884.6,3.8332, 256.51, 488.46
   22800,   22860,20.664,3121,4124.8,4.2399, 300.89, 512.48
   22860,   22920,1014.2,4591.7,6407.8,63.852, 433.26, 740.78
   22920,   22980,1757.9,6314.3,10751,108.48, 588.29, 1175.1
   22980,   23040,455.31,6675.9,7503.7,30.319, 620.83, 850.37
   23040,   23100,703.48,8965.2,7989.9,45.209, 826.87, 898.99
   23100,   23160,51.383,8114.5,8453.1,6.083, 750.31, 945.31
   23160,   23220,20.634,6285.3,8759.6,4.238, 585.68, 975.96
   23220,   23280,82.122,5457,8377.9,7.9273, 511.13, 937.79
   23280,   23340,116.76,7655.5,9588.3,10.006, 708.99, 1058.8
   23340,   23400,33.452,5342.4,8054.6,5.0071, 500.82, 905.46
   23400,   23460,33.526,5853.4,7952.1,5.0115, 546.81, 895.21
   23460,   23520,63.825,5867.9,7644.2,6.8295, 548.11, 864.42
   23520,   23580,25.508,4441.7,6621.6,4.5305, 419.75, 762.16
   23580,   23640,9.8146,2744.2,4458.6,3.5889, 266.98, 545.86
   23640,   23700,156.48,3127.6,4017.6,12.389, 301.48, 501.76
   23700,   23760,133.87,4219.5,5220.5,11.032, 399.75, 622.05
   23760,   23820,50.372,5302.1,7156,6.0223, 497.19, 815.6
   23820,   23880,45.511,5437.8,7104.9,5.7307, 509.4, 810.49
   23880,   23940,26.193,5607.1,6958.8,4.5716, 524.64, 795.88
   23940,   24000,7.7478,4475.6,6568.7,3.4649, 422.8, 756.87
   24000,   24060,11.451,4871.6,6126.7,3.6871, 458.44, 712.67
   24060,   24120,8.258,4822.1,5869.9,3.4955, 453.99, 686.99
   24120,   24180,18.634,3918.5,5853.3,4.118, 372.66, 685.33
   24180,   24240,22.034,1702.4,3583.1,4.322, 173.21, 458.31
   24240,   24300,50.168,1509.2,2431.1,6.0101, 155.83, 343.11
   24300,   24360,18.201,1093.1,2002.5,4.0921, 118.38, 300.25
   24360,   24420,14.876,788.62,1439.8,3.8925, 90.976, 243.98
   24420,   24480,137.56,1550,1920.2,11.254, 159.5, 292.02
   24480,   24540,91.907,2431.3,3197.8,8.5144, 238.81, 419.78
   24540,   24600,32.707,1046.2,2112.9,4.9624, 114.15, 311.29
   24600,   24660,20.634,624.53,1326.5,4.238, 76.208, 232.65
   24660,   24720,16.821,628.64,1292,4.0093, 76.578, 229.2
   24720,   24780,20.495,995.75,1685.2,4.2297, 109.62, 268.52
   24780,   24840,22.918,1515.6,3170.4,4.3751, 156.4, 417.04
   24840,   24900,9.9732,1186.5,2520.4,3.5984, 126.79, 352.04
   24900,   24960,7.6247,1101.9,2496.8,3.4575, 119.17, 349.68
   24960,   25020,5.6345,698.36,1560.1,3.3381, 82.853, 256.01
   25020,   25080,23.868,1994.3,2559.7,4.4321, 199.48, 355.97
   25080,   25140,22.018,2048,3090.9,4.3211, 204.32, 409.09
   25140,   25200,10.639,1654.9,3133.6,3.6383, 168.94, 413.36
   25200,   25260,-9999,-9999,-9999,-9999, -9999, -9999
   25260,   25320,-9999,-9999,-9999,-9999, -9999, -9999
   25320,   25380,-9999,-9999,-9999,-9999, -9999, -9999
   25380,   25440,-9999,-9999,-9999,-9999, -9999, -9999
   25440,   25500,-9999,-9999,-9999,-9999, -9999, -9999
   25500,   25560,-9999,-9999,-9999,-9999, -9999, -9999
   25560,   25620,-9999,-9999,-9999,-9999, -9999, -9999
   25620,   25680,23.08,5102.4,6490.9,4.3848, 479.22, 749.09
   25680,   25740,16.652,4919.1,7005.2,3.9991, 462.72, 800.52
   25740,   25800,22.499,5407.7,7239.1,4.35, 506.69, 823.91
   25800,   25860,11.926,4479.1,6961.6,3.7156, 423.12, 796.16
   25860,   25920,17.613,4948,6850.2,4.0568, 465.32, 785.02
   25920,   25980,52.81,7050.8,7402.9,6.1686, 654.57, 840.29
   25980,   26040,35.726,8025.6,9250.4,5.1436, 742.31, 1025
   26040,   26100,17.697,5619.6,9052.7,4.0618, 525.76, 1005.3
   26100,   26160,36.373,8166.8,10132,5.1824, 755.02, 1113.2
   26160,   26220,53.079,8818.2,10446,6.1848, 813.64, 1144.6
   26220,   26280,50.403,8928.9,10274,6.0242, 823.6, 1127.4
   26280,   26340,40.265,7378.7,8937.1,5.4159, 684.08, 993.71
   26340,   26400,27.58,8064.8,9178.3,4.6548, 745.83, 1017.8
   26400,   26460,28.831,8543.8,10037,4.7298, 788.94, 1103.7
   26460,   26520,44.478,8382.9,9969,5.6687, 774.46, 1096.9
   26520,   26580,33.692,8405.2,9773.4,5.0215, 776.47, 1077.3
   26580,   26640,50.934,9643.2,10663,6.0561, 887.89, 1166.3
   26640,   26700,27.341,10381,10775,4.6405, 954.33, 1177.5
   26700,   26760,25.118,10059,10912,4.5071, 925.35, 1191.2
   26760,   26820,24.569,10505,11725,4.4741, 965.45, 1272.5
   26820,   26880,20.519,9842.6,11620,4.2311, 905.84, 1262
   26880,   26940,34.43,10612,11902,5.0658, 975.12, 1290.2
   26940,   27000,13.417,8736.6,11576,3.805, 806.29, 1257.6
   27000,   27060,71.141,9283.4,11650,7.2685, 855.51, 1265
   27060,   27120,47.537,9689.5,11511,5.8522, 892.05, 1251.1
   27120,   27180,14.94,9209,10782,3.8964, 848.81, 1178.2
   27180,   27240,14.315,8884.1,10508,3.8589, 819.57, 1150.8
   27240,   27300,16.334,8621.9,10352,3.98, 795.97, 1135.2
   27300,   27360,11.281,8533.5,10466,3.6768, 788.02, 1146.6
   27360,   27420,13.525,8274.6,10153,3.8115, 764.71, 1115.3
   27420,   27480,39.397,8887.4,10375,5.3638, 819.87, 1137.5
   27480,   27540,19.407,8694.9,10000,4.1644, 802.54, 1100
   27540,   27600,15.623,8124.2,9706,3.9374, 751.18, 1070.6
   27600,   27660,22.824,7566.5,9335.1,4.3694, 700.99, 1033.5
   27660,   27720,11.817,6036.1,8199.2,3.709, 563.25, 919.92
   27720,   27780,7.5097,5700.5,8157.2,3.4506, 533.04, 915.72
   27780,   27840,12.668,5906.1,7811.5,3.7601, 551.54, 881.15
   27840,   27900,195.69,9888.7,9544.8,14.741, 909.98, 1054.5
   27900,   27960,154.01,9969.2,10610,12.241, 917.23, 1161
   27960,   28020,37.756,7516,10924,5.2653, 696.44, 1192.4
   28020,   28080,11.601,6009.3,7776.7,3.696, 560.84, 877.67
   28080,   28140,18.906,6435.4,7700.5,4.1343, 599.19, 870.05
   28140,   28200,27.279,6626.6,7759.1,4.6368, 616.4, 875.91
   28200,   28260,20.121,5992.2,7588.2,4.2072, 559.3, 858.82
   28260,   28320,22.356,6184.1,7656.7,4.3414, 576.57, 865.67
   28320,   28380,23.253,6326.6,7809.3,4.3952, 589.39, 880.93
   28380,   28440,17.151,6489.9,7449.3,4.0291, 604.09, 844.93
   28440,   28500,13.658,6002.8,7629.8,3.8195, 560.25, 862.98
   28500,   28560,52.461,6544.6,8063,6.1476, 609.02, 906.3
   28560,   28620,31.988,6277.9,8096,4.9193, 585.01, 909.6
   28620,   28680,12.703,6510.4,7782.9,3.7622, 605.94, 878.29
   28680,   28740,23.622,6640.2,8573.4,4.4173, 617.62, 957.34
   28740,   28800,30.123,6828.4,8383,4.8074, 634.56, 938.3
   28800,   28860,27.848,6357.2,7939.5,4.6709, 592.15, 893.95
   28860,   28920,12.159,6637.7,7901.8,3.7295, 617.4, 890.18
   28920,   28980,10.338,6076.5,7481.5,3.6203, 566.89, 848.15
   28980,   29040,7.1317,5561.4,7494.1,3.4279, 520.53, 849.41
   29040,   29100,42.132,6400.8,7754.1,5.5279, 596.07, 875.41
   29100,   29160,32.359,7061.7,8221.9,4.9416, 655.55, 922.19
   29160,   29220,34.356,6999.8,8346.8,5.0614, 649.98, 934.68
   29220,   29280,31.144,6940,8290.2,4.8686, 644.6, 929.02
   29280,   29340,12.255,6548.1,8170.1,3.7353, 609.33, 917.01
   29340,   29400,11.289,6550,7951.2,3.6774, 609.5, 895.12
   29400,   29460,28.407,6703.2,8009.6,4.7044, 623.28, 900.96
   29460,   29520,67.354,6771.6,8105.8,7.0412, 629.44, 910.58
   29520,   29580,138.39,7023.5,8199.9,11.303, 652.11, 919.99
   29580,   29640,37.84,6744.2,8117.5,5.2704, 626.98, 911.75
   29640,   29700,18.429,6666.1,7915.8,4.1058, 619.95, 891.58
   29700,   29760,216.48,6761.5,7964.5,15.989, 628.53, 896.45
   29760,   29820,36.77,6575,8432.7,5.2062, 611.75, 943.27
   29820,   29880,7.432,6715.5,7973.3,3.4459, 624.39, 897.33
   29880,   29940,17.31,6848.5,8189.4,4.0386, 636.37, 918.94
   29940,   30000,12.85,6897.4,8210.2,3.771, 640.76, 921.02
   30000,   30060,13.176,6995.1,8424.6,3.7906, 649.56, 942.46
   30060,   30120,7.7821,7134.8,8520.8,3.4669, 662.13, 952.08
   30120,   30180,14.338,7213.5,8603.6,3.8603, 669.22, 960.36
   30180,   30240,11.7,7576.7,9078,3.702, 701.91, 1007.8
   30240,   30300,7.9131,7427.8,9092.3,3.4748, 688.5, 1009.2
   30300,   30360,11.576,6971.9,8601.6,3.6946, 647.47, 960.16
   30360,   30420,15.517,7042.6,8575.1,3.931, 653.83, 957.51
   30420,   30480,15.024,7076,8615.8,3.9014, 656.84, 961.58
   30480,   30540,12.288,6953.2,8494.8,3.7373, 645.79, 949.48
   30540,   30600,21.662,7082.3,8539.6,4.2997, 657.4, 953.96
   30600,   30660,19.074,6942.1,8437.3,4.1444, 644.79, 943.73
   30660,   30720,17.289,7006.5,8844.6,4.0373, 650.58, 984.46
   30720,   30780,27.094,7208.4,8850.9,4.6257, 668.76, 985.09
   30780,   30840,11.739,7110.7,8683.5,3.7043, 659.97, 968.35
   30840,   30900,7.7785,7060.7,8589.6,3.4667, 655.46, 958.96
   30900,   30960,26.557,7176,8603.4,4.5934, 665.84, 960.34
   30960,   31020,22.629,7224,8700.3,4.3578, 670.16, 970.03
   31020,   31080,33.328,7372.9,8938.6,4.9997, 683.56, 993.86
   31080,   31140,13.135,7338.9,8811.1,3.7881, 680.5, 981.11
   31140,   31200,20.712,7425.4,9028.8,4.2427, 688.29, 1002.9
   31200,   31260,11.228,7516.5,8997.8,3.6737, 696.49, 999.78
   31260,   31320,12.649,7535.2,8883.1,3.7589, 698.16, 988.31
   31320,   31380,14.136,7763.6,8976.3,3.8482, 718.73, 997.63
   31380,   31440,16.563,7909.8,9120.4,3.9938, 731.88, 1012
   31440,   31500,16.588,7864.5,9397.7,3.9953, 727.8, 1039.8
   31500,   31560,28.449,7851.1,9369.6,4.707, 726.6, 1037
   31560,   31620,14.234,7534.5,9296.6,3.8541, 698.1, 1029.7
   31620,   31680,14.584,7651.1,9234.7,3.8751, 708.6, 1023.5
