CampaignData_and_Merges/R0/CSL_MobileLab_Parked/raw/20240802/USOS-jNO2_MobileLabGround_20240802_R0.ict
52,1001
Waxman, E.; Rollins, A.; Zuraski, K.; Chace, W.
NOAA Chemical Sciences Laboratory
jNO2 filter radiometer on CSL Mobile Lab
AMMBEC / USOS
1, 1
2024,08,02, 2025,04,01
60
Time_Start, seconds, number_of_seconds_since_0000_UTC
20
1, 1, 1, 1, 1, 1, 1, 1, 1, 1, 1, 1, 1, 1, 1, 1, 1, 1, 1, 1
-9999, -9999, -9999, -9999, -9999, -9999, -9999, -9999, -9999, -9999, -9999, -9999, -9999, -9999, -9999, -9999, -9999, -9999, -9999, -9999
Time_Stop, seconds, number_of_seconds_since_0000_UTC
jNO2_meas, per second, photolysis rate of NO2 measured using a filter radiometer.
jBrCl, per second, photolysis rate of BrCl -> Br + Cl calculated in TUV for cloud-free sky with local AOD
jBr2, per second, photolysis rate of Br2 -> Br + Br calculated in TUV for cloud-free sky with local AOD
jCCl4, per second, photolysis rate of CCl4 -> Products calcualted in TUV for cloud-free sky with local AOD
jCH2Oa, per second, photolysis rate of CH2O -> H + HCO calculated in TUV for cloud-free sky with local AOD
jCH2Ob, per second, photolysis rate of CH2O -> H2 + CO calculated in TUV for cloud-free sky with local AOD
jClNO2, per second, photolysis rate of ClNO2 -> Cl + NO2 calculated in TUV for cloud-free sky with local AOD
jClOa, per second, photolysis rate of ClO -> Cl + O(1D) calculated in TUV for cloud-free sky with local AOD
jClOb, per second, photolysis rate of ClO -> Cl + O(3P) calculated in TUV for cloud-free sky with local AOD
jCl2, per second, photolysis rate of Cl2 -> Cl + Cl calculated in TUV for cloud-free sky with local AOD
jHNO2, per second, photolysis rate of HNO2 -> OH + NO calculated in TUV for cloud-free sky with local AOD
jHNO3, per second, photolysis rate of HNO3 -> OH + NO2 calculated in TUV for cloud-free sky with local AOD
jI2, per second, photolysis rate of I2 -> I + I calculated in TUV for cloud-free sky with local AOD
jNO2, per second, photolysis rate of NO2 -> NO + O(3P) calculated in TUV for cloud-free sky with local AOD
jNO3a, per second, photolysis rate of NO3 -> NO + O2 calculated in TUV for cloud-free sky with local AOD
jNO3b, per second, photolysis rate of NO3 -> NO2 + O(3P) calculated in TUV for cloud-free sky with local AOD
jN2O5, per second, photolysis rate of N2O5 -> NO3 + NO + O(3P) calculated in TUV for cloud-free sky with local AOD
jO3, per second, photolysis rate of O3 -> O2 + O(1D) calculated in TUV for cloud-free sky with local AOD
AOD_500nm, unitless, UTC daily mean AOD at 500 nm from an AERONET station located at 40.178 N, -112.452 E
0
18
PI_CONTACT_INFO: eleanor.waxman@noaa.gov
PLATFORM: CSL Mobile Lab, at ground site
LOCATION: Salt Lake City, UT
ASSOCIATED_DATA:
INSTRUMENT_INFO: jNO2 filter radiometer.  TUV calculations are for mobile van lat/lon/altitude assuming clear sky (cloud AOD = 0) and daily mean AOD.
DATA_INFO:
UNCERTAINTY: Data uncertainties are +/- 20%.  These come from uncertainties in radiometer angular response, radiometer thermal response, local interferences from clouds/aerosols/shadows etc.
ULOD_FLAG: -7777
ULOD_VALUE: N/A
LLOD_FLAG: -8888
LLOD_VALUE: N/A
DM_CONTACT_INFO: eleanor.waxman@noaa.gov
PROJECT_INFO: USOS Project, July - August 2024
STIPULATIONS_ON_USE: Users are strongly encouraged to contact the PI for proper data usage.
OTHER_COMMENTS: 
REVISION: R0
R0: final data
Time_Start, Time_Stop, jNO2_meas, jBrCl, jBr2, jCCl4, jCH2Oa, jCH2Ob, jClNO2, jClOa, jClOb, jCl2, jHNO2, jHNO3, jI2, jNO2, jNO3a, jNO3b, jN2O5, jO3, AOD_500nm
[from data line 1047]
   62820,   62880,0.0080731,0.01004,0.03051,2.255e-23,2.871e-05,4.366e-05,0.0004306,1.023e-23,3.936e-05,0.002128,0.001394,5.028e-07,0.109,0.008575,0.02106,0.1687,3.828e-05,2.57e-05,0.174
   62880,   62940,0.0080912,0.01005,0.03053,2.396e-23,2.878e-05,4.373e-05,0.0004314,1.095e-23,3.957e-05,0.002131,0.001396,5.046e-07,0.1091,0.008585,0.02106,0.1688,3.836e-05,2.584e-05,0.174
   62940,   63000,0.0081206,0.01006,0.03055,2.503e-23,2.885e-05,4.381e-05,0.0004321,1.141e-23,3.973e-05,0.002134,0.001397,5.062e-07,0.1091,0.008594,0.02107,0.1689,3.843e-05,2.595e-05,0.174
   63000,   63060,0.0081321,0.01007,0.03057,2.67e-23,2.891e-05,4.388e-05,0.0004328,1.225e-23,3.988e-05,0.002137,0.001399,5.077e-07,0.1091,0.008603,0.02108,0.1689,3.851e-05,2.606e-05,0.174
   63060,   63120,0.0081186,0.01008,0.03059,2.774e-23,2.898e-05,4.396e-05,0.0004335,1.272e-23,4.004e-05,0.00214,0.001401,5.093e-07,0.1092,0.008612,0.02109,0.169,3.858e-05,2.617e-05,0.174
   63120,   63180,0.0081281,0.01008,0.0306,2.948e-23,2.905e-05,4.403e-05,0.0004342,1.359e-23,4.024e-05,0.002142,0.001402,5.109e-07,0.1092,0.008621,0.02109,0.1691,3.865e-05,2.629e-05,0.174
   63180,   63240,0.0081559,0.01009,0.03062,3.045e-23,2.911e-05,4.41e-05,0.0004349,1.405e-23,4.039e-05,0.002145,0.001404,5.124e-07,0.1093,0.00863,0.0211,0.1691,3.873e-05,2.64e-05,0.174
   63240,   63300,0.0081565,0.0101,0.03065,3.421e-23,2.921e-05,4.421e-05,0.000436,1.576e-23,4.062e-05,0.002149,0.001406,5.147e-07,0.1094,0.008644,0.02111,0.1693,3.884e-05,2.656e-05,0.174
   63300,   63360,0.0081387,0.01011,0.03067,3.601e-23,2.927e-05,4.428e-05,0.0004367,1.662e-23,4.078e-05,0.002152,0.001408,5.162e-07,0.1094,0.008653,0.02112,0.1693,3.891e-05,2.666e-05,0.174
   63360,   63420,0.0081566,0.01012,0.03069,3.807e-23,2.934e-05,4.435e-05,0.0004374,1.76e-23,4.094e-05,0.002155,0.001409,5.177e-07,0.1095,0.008662,0.02113,0.1694,3.898e-05,2.678e-05,0.174
   63420,   63480,0.0081432,0.01013,0.03071,4.019e-23,2.94e-05,4.442e-05,0.0004381,1.861e-23,4.111e-05,0.002158,0.001411,5.193e-07,0.1095,0.008671,0.02113,0.1695,3.905e-05,2.689e-05,0.174
   63480,   63540,0.0080275,0.01013,0.03072,4.239e-23,2.946e-05,4.449e-05,0.0004387,1.966e-23,4.126e-05,0.00216,0.001412,5.207e-07,0.1096,0.008679,0.02114,0.1695,3.911e-05,2.699e-05,0.174
   63540,   63600,0.0080643,0.01014,0.03074,4.472e-23,2.952e-05,4.456e-05,0.0004394,2.079e-23,4.143e-05,0.002163,0.001414,5.222e-07,0.1096,0.008688,0.02115,0.1696,3.918e-05,2.711e-05,0.174
   63600,   63660,0.0081853,0.01015,0.03076,4.727e-23,2.959e-05,4.463e-05,0.0004401,2.2e-23,4.159e-05,0.002165,0.001415,5.237e-07,0.1096,0.008696,0.02115,0.1696,3.925e-05,2.722e-05,0.174
   63660,   63720,0.0082091,0.01016,0.03077,4.961e-23,2.964e-05,4.469e-05,0.0004407,2.313e-23,4.174e-05,0.002168,0.001417,5.251e-07,0.1097,0.008704,0.02116,0.1697,3.931e-05,2.732e-05,0.174
   63720,   63780,0.0082286,0.01016,0.03079,5.233e-23,2.97e-05,4.476e-05,0.0004413,2.442e-23,4.19e-05,0.00217,0.001418,5.266e-07,0.1097,0.008712,0.02117,0.1698,3.938e-05,2.743e-05,0.174
   63780,   63840,0.0082156,0.01017,0.0308,5.518e-23,2.976e-05,4.482e-05,0.000442,2.58e-23,4.206e-05,0.002173,0.00142,5.281e-07,0.1098,0.00872,0.02117,0.1698,3.945e-05,2.754e-05,0.174
   63840,   63900,0.0082295,0.01018,0.03082,5.805e-23,2.982e-05,4.488e-05,0.0004426,2.718e-23,4.221e-05,0.002175,0.001421,5.294e-07,0.1098,0.008728,0.02118,0.1699,3.951e-05,2.764e-05,0.174
   63900,   63960,0.0082254,0.01018,0.03083,6.12e-23,2.988e-05,4.495e-05,0.0004432,2.868e-23,4.236e-05,0.002178,0.001423,5.309e-07,0.1098,0.008736,0.02118,0.1699,3.958e-05,2.775e-05,0.174
   63960,   64020,0.0081876,0.01019,0.03085,6.45e-23,2.994e-05,4.501e-05,0.0004438,3.028e-23,4.252e-05,0.00218,0.001424,5.323e-07,0.1099,0.008744,0.02119,0.17,3.964e-05,2.785e-05,0.174
   64020,   64080,0.0082029,0.0102,0.03086,6.772e-23,2.999e-05,4.507e-05,0.0004444,3.182e-23,4.266e-05,0.002183,0.001425,5.336e-07,0.1099,0.008751,0.02119,0.17,3.97e-05,2.795e-05,0.174
   64080,   64140,0.0082248,0.0102,0.03088,7.134e-23,3.005e-05,4.513e-05,0.000445,3.357e-23,4.282e-05,0.002185,0.001427,5.35e-07,0.11,0.008759,0.0212,0.1701,3.976e-05,2.805e-05,0.174
   64140,   64200,0.0082551,0.01021,0.03089,7.507e-23,3.01e-05,4.52e-05,0.0004456,3.537e-23,4.297e-05,0.002187,0.001428,5.364e-07,0.11,0.008766,0.02121,0.1701,3.983e-05,2.816e-05,0.174
   64200,   64260,0.0082788,0.01022,0.03091,7.891e-23,3.016e-05,4.525e-05,0.0004462,3.719e-23,4.311e-05,0.00219,0.001429,5.377e-07,0.11,0.008773,0.02121,0.1702,3.988e-05,2.826e-05,0.174
   64260,   64320,0.0082841,0.01022,0.03092,8.298e-23,3.021e-05,4.531e-05,0.0004468,3.918e-23,4.326e-05,0.002192,0.001431,5.391e-07,0.1101,0.008781,0.02122,0.1702,3.995e-05,2.836e-05,0.174
   64320,   64380,0.0082948,0.01023,0.03093,8.717e-23,3.027e-05,4.537e-05,0.0004474,4.12e-23,4.341e-05,0.002194,0.001432,5.404e-07,0.1101,0.008788,0.02122,0.1703,4.001e-05,2.846e-05,0.174
   64380,   64440,0.0083107,0.01024,0.03095,9.133e-23,3.032e-05,4.543e-05,0.0004479,4.318e-23,4.355e-05,0.002196,0.001433,5.417e-07,0.1101,0.008795,0.02123,0.1703,4.006e-05,2.855e-05,0.174
   64440,   64500,0.00832,0.01024,0.03096,9.604e-23,3.037e-05,4.549e-05,0.0004485,4.548e-23,4.369e-05,0.002199,0.001434,5.43e-07,0.1102,0.008802,0.02123,0.1704,4.012e-05,2.865e-05,0.174
   64500,   64560,0.0083251,0.01025,0.03097,1.009e-22,3.043e-05,4.555e-05,0.0004491,4.785e-23,4.383e-05,0.002201,0.001436,5.443e-07,0.1102,0.008809,0.02124,0.1704,4.018e-05,2.875e-05,0.174
   64560,   64620,0.0083613,0.01025,0.03099,1.056e-22,3.048e-05,4.56e-05,0.0004496,5.007e-23,4.397e-05,0.002203,0.001437,5.456e-07,0.1102,0.008816,0.02124,0.1705,4.024e-05,2.884e-05,0.174
   64620,   64680,0.0083961,0.01026,0.031,1.109e-22,3.053e-05,4.566e-05,0.0004502,5.265e-23,4.411e-05,0.002205,0.001438,5.469e-07,0.1103,0.008822,0.02125,0.1705,4.029e-05,2.894e-05,0.174
   64680,   64740,0.0084127,0.01026,0.03101,1.163e-22,3.058e-05,4.571e-05,0.0004507,5.529e-23,4.425e-05,0.002207,0.001439,5.481e-07,0.1103,0.008829,0.02125,0.1706,4.035e-05,2.904e-05,0.174
   64740,   64800,0.0084094,0.01027,0.03103,1.216e-22,3.063e-05,4.576e-05,0.0004512,5.785e-23,4.438e-05,0.002209,0.00144,5.493e-07,0.1103,0.008835,0.02126,0.1706,4.04e-05,2.913e-05,0.174
   64800,   64860,0.0083972,0.01028,0.03104,1.275e-22,3.068e-05,4.582e-05,0.0004517,6.07e-23,4.452e-05,0.002211,0.001442,5.506e-07,0.1104,0.008842,0.02126,0.1707,4.046e-05,2.922e-05,0.174
   64860,   64920,0.0084199,0.01028,0.03105,1.336e-22,3.073e-05,4.587e-05,0.0004523,6.365e-23,4.466e-05,0.002213,0.001443,5.518e-07,0.1104,0.008849,0.02127,0.1707,4.051e-05,2.931e-05,0.174
   64920,   64980,0.0084362,0.01029,0.03106,1.395e-22,3.077e-05,4.592e-05,0.0004528,6.653e-23,4.478e-05,0.002215,0.001444,5.53e-07,0.1104,0.008855,0.02127,0.1707,4.056e-05,2.94e-05,0.174
   64980,   65040,0.0084473,0.01029,0.03107,1.46e-22,3.082e-05,4.598e-05,0.0004533,6.968e-23,4.492e-05,0.002217,0.001445,5.542e-07,0.1105,0.008861,0.02127,0.1708,4.062e-05,2.949e-05,0.174
   65040,   65100,0.0084673,0.0103,0.03109,1.528e-22,3.087e-05,4.603e-05,0.0004538,7.296e-23,4.505e-05,0.002219,0.001446,5.554e-07,0.1105,0.008867,0.02128,0.1708,4.067e-05,2.958e-05,0.174
   65100,   65160,0.0085034,0.0103,0.0311,1.594e-22,3.091e-05,4.608e-05,0.0004543,7.616e-23,4.517e-05,0.002221,0.001447,5.565e-07,0.1105,0.008873,0.02128,0.1709,4.072e-05,2.967e-05,0.174
   65160,   65220,0.0085273,0.01031,0.03111,1.666e-22,3.096e-05,4.613e-05,0.0004548,7.967e-23,4.53e-05,0.002223,0.001448,5.577e-07,0.1105,0.008879,0.02129,0.1709,4.077e-05,2.976e-05,0.174
   65220,   65280,0.0085254,0.01031,0.03112,1.741e-22,3.101e-05,4.618e-05,0.0004552,8.33e-23,4.543e-05,0.002225,0.001449,5.588e-07,0.1106,0.008885,0.02129,0.1709,4.082e-05,2.984e-05,0.174
   65280,   65340,0.0085211,0.01032,0.03113,1.814e-22,3.105e-05,4.622e-05,0.0004557,8.683e-23,4.555e-05,0.002227,0.00145,5.599e-07,0.1106,0.008891,0.02129,0.171,4.087e-05,2.993e-05,0.174
   65340,   65400,0.0085351,0.01032,0.03114,1.893e-22,3.11e-05,4.627e-05,0.0004562,9.067e-23,4.568e-05,0.002229,0.001451,5.61e-07,0.1106,0.008896,0.0213,0.171,4.092e-05,3.001e-05,0.174
   65400,   65460,0.0085608,0.01033,0.03115,1.975e-22,3.114e-05,4.632e-05,0.0004566,9.466e-23,4.58e-05,0.00223,0.001452,5.622e-07,0.1106,0.008902,0.0213,0.1711,4.097e-05,3.01e-05,0.174
   65460,   65520,0.0085645,0.01033,0.03116,2.054e-22,3.118e-05,4.636e-05,0.0004571,9.853e-23,4.592e-05,0.002232,0.001453,5.632e-07,0.1107,0.008908,0.02131,0.1711,4.101e-05,3.018e-05,0.174
   65520,   65580,0.0085602,0.01034,0.03117,2.141e-22,3.122e-05,4.641e-05,0.0004575,1.028e-22,4.604e-05,0.002234,0.001454,5.643e-07,0.1107,0.008913,0.02131,0.1711,4.106e-05,3.026e-05,0.174
   65580,   65640,0.0085718,0.01034,0.03118,2.231e-22,3.127e-05,4.646e-05,0.000458,1.071e-22,4.616e-05,0.002236,0.001455,5.654e-07,0.1107,0.008919,0.02131,0.1712,4.111e-05,3.034e-05,0.174
   65640,   65700,0.0085772,0.01035,0.03119,2.318e-22,3.131e-05,4.65e-05,0.0004584,1.113e-22,4.627e-05,0.002237,0.001456,5.664e-07,0.1107,0.008924,0.02132,0.1712,4.115e-05,3.042e-05,0.174
   65700,   65760,0.0085831,0.01035,0.0312,2.412e-22,3.135e-05,4.654e-05,0.0004588,1.159e-22,4.639e-05,0.002239,0.001457,5.674e-07,0.1108,0.008929,0.02132,0.1712,4.12e-05,3.05e-05,0.174
   65760,   65820,0.0086105,0.01036,0.03121,2.509e-22,3.139e-05,4.659e-05,0.0004593,1.206e-22,4.65e-05,0.002241,0.001458,5.685e-07,0.1108,0.008934,0.02132,0.1713,4.124e-05,3.058e-05,0.174
   65820,   65880,0.0086266,0.01036,0.03122,2.602e-22,3.143e-05,4.663e-05,0.0004597,1.252e-22,4.661e-05,0.002242,0.001459,5.694e-07,0.1108,0.008939,0.02133,0.1713,4.129e-05,3.065e-05,0.174
   65880,   65940,0.0086169,0.01036,0.03123,2.704e-22,3.147e-05,4.667e-05,0.0004601,1.302e-22,4.673e-05,0.002244,0.00146,5.704e-07,0.1108,0.008944,0.02133,0.1713,4.133e-05,3.073e-05,0.174
   65940,   66000,0.0086213,0.01037,0.03124,2.809e-22,3.151e-05,4.672e-05,0.0004605,1.353e-22,4.684e-05,0.002245,0.001461,5.714e-07,0.1109,0.008949,0.02133,0.1714,4.137e-05,3.081e-05,0.174
   66000,   66060,0.0086266,0.01037,0.03125,2.909e-22,3.155e-05,4.675e-05,0.0004609,1.401e-22,4.694e-05,0.002247,0.001462,5.724e-07,0.1109,0.008954,0.02134,0.1714,4.141e-05,3.088e-05,0.174
   66060,   66120,0.0085679,0.01038,0.03126,3.018e-22,3.158e-05,4.68e-05,0.0004613,1.455e-22,4.705e-05,0.002248,0.001463,5.733e-07,0.1109,0.008959,0.02134,0.1714,4.146e-05,3.095e-05,0.174
   66120,   66180,0.0085889,0.01038,0.03127,3.13e-22,3.162e-05,4.684e-05,0.0004617,1.509e-22,4.716e-05,0.00225,0.001464,5.743e-07,0.1109,0.008964,0.02134,0.1715,4.15e-05,3.103e-05,0.174
   66180,   66240,0.0086416,0.01038,0.03127,3.237e-22,3.166e-05,4.687e-05,0.0004621,1.561e-22,4.726e-05,0.002251,0.001464,5.752e-07,0.1109,0.008968,0.02135,0.1715,4.154e-05,3.11e-05,0.174
   66240,   66300,0.0086502,0.01039,0.03128,3.353e-22,3.169e-05,4.691e-05,0.0004625,1.618e-22,4.736e-05,0.002253,0.001465,5.761e-07,0.111,0.008973,0.02135,0.1715,4.158e-05,3.117e-05,0.174
   66300,   66360,0.0086752,0.01039,0.03129,3.472e-22,3.173e-05,4.695e-05,0.0004628,1.676e-22,4.747e-05,0.002254,0.001466,5.77e-07,0.111,0.008977,0.02135,0.1715,4.162e-05,3.124e-05,0.174
   66360,   66420,0.008609,0.0104,0.0313,3.585e-22,3.176e-05,4.699e-05,0.0004632,1.731e-22,4.756e-05,0.002256,0.001467,5.779e-07,0.111,0.008981,0.02135,0.1716,4.165e-05,3.13e-05,0.174
   66420,   66480,0.0086445,0.0104,0.03131,3.708e-22,3.18e-05,4.702e-05,0.0004635,1.792e-22,4.766e-05,0.002257,0.001468,5.788e-07,0.111,0.008986,0.02136,0.1716,4.169e-05,3.137e-05,0.174
   66480,   66540,0.0087011,0.0104,0.03131,3.834e-22,3.183e-05,4.706e-05,0.0004639,1.853e-22,4.776e-05,0.002258,0.001468,5.797e-07,0.111,0.00899,0.02136,0.1716,4.173e-05,3.144e-05,0.174
   66540,   66600,0.0086812,0.01041,0.03132,3.953e-22,3.186e-05,4.709e-05,0.0004642,1.911e-22,4.785e-05,0.00226,0.001469,5.805e-07,0.1111,0.008994,0.02136,0.1716,4.176e-05,3.15e-05,0.174
   66600,   66660,0.008659,0.01041,0.03133,4.083e-22,3.19e-05,4.713e-05,0.0004646,1.974e-22,4.795e-05,0.002261,0.00147,5.813e-07,0.1111,0.008998,0.02137,0.1717,4.18e-05,3.157e-05,0.174
   66660,   66720,0.00859,0.01041,0.03134,4.213e-22,3.193e-05,4.716e-05,0.0004649,2.038e-22,4.804e-05,0.002262,0.001471,5.822e-07,0.1111,0.009002,0.02137,0.1717,4.184e-05,3.163e-05,0.174
   66720,   66780,0.0084203,0.01042,0.03134,4.338e-22,3.196e-05,4.72e-05,0.0004652,2.099e-22,4.813e-05,0.002264,0.001471,5.829e-07,0.1111,0.009006,0.02137,0.1717,4.187e-05,3.169e-05,0.174
   66780,   66840,0.0085983,0.01042,0.03135,4.473e-22,3.199e-05,4.723e-05,0.0004656,2.165e-22,4.822e-05,0.002265,0.001472,5.837e-07,0.1111,0.00901,0.02137,0.1717,4.19e-05,3.176e-05,0.174
   66840,   66900,0.0086753,0.01042,0.03136,4.609e-22,3.202e-05,4.726e-05,0.0004659,2.232e-22,4.831e-05,0.002266,0.001473,5.845e-07,0.1112,0.009014,0.02138,0.1718,4.194e-05,3.182e-05,0.174
   66900,   66960,0.0086869,0.01043,0.03136,4.739e-22,3.205e-05,4.729e-05,0.0004662,2.295e-22,4.839e-05,0.002267,0.001473,5.853e-07,0.1112,0.009018,0.02138,0.1718,4.197e-05,3.188e-05,0.174
   66960,   67020,0.0086901,0.01043,0.03137,4.878e-22,3.208e-05,4.733e-05,0.0004665,2.364e-22,4.848e-05,0.002268,0.001474,5.861e-07,0.1112,0.009021,0.02138,0.1718,4.2e-05,3.193e-05,0.174
   67020,   67080,0.0087078,0.01043,0.03138,5.018e-22,3.211e-05,4.736e-05,0.0004668,2.432e-22,4.856e-05,0.00227,0.001475,5.868e-07,0.1112,0.009025,0.02138,0.1718,4.204e-05,3.199e-05,0.174
   67080,   67140,0.0087072,0.01044,0.03138,5.152e-22,3.214e-05,4.739e-05,0.0004671,2.497e-22,4.864e-05,0.002271,0.001475,5.875e-07,0.1112,0.009028,0.02138,0.1719,4.207e-05,3.205e-05,0.174
   67140,   67200,0.0087162,0.01044,0.03139,5.295e-22,3.217e-05,4.742e-05,0.0004674,2.567e-22,4.873e-05,0.002272,0.001476,5.882e-07,0.1112,0.009032,0.02139,0.1719,4.21e-05,3.21e-05,0.174
   67200,   67260,0.0087041,0.01044,0.0314,5.439e-22,3.22e-05,4.745e-05,0.0004677,2.638e-22,4.881e-05,0.002273,0.001477,5.889e-07,0.1112,0.009035,0.02139,0.1719,4.213e-05,3.216e-05,0.174
   67260,   67320,0.0087032,0.01044,0.0314,5.575e-22,3.222e-05,4.747e-05,0.000468,2.705e-22,4.888e-05,0.002274,0.001477,5.896e-07,0.1113,0.009039,0.02139,0.1719,4.215e-05,3.221e-05,0.174
   67320,   67380,0.0087044,0.01045,0.03141,5.721e-22,3.225e-05,4.75e-05,0.0004682,2.776e-22,4.896e-05,0.002275,0.001478,5.903e-07,0.1113,0.009042,0.02139,0.1719,4.218e-05,3.226e-05,0.174
   67380,   67440,0.0087262,0.01045,0.03141,5.866e-22,3.227e-05,4.753e-05,0.0004685,2.847e-22,4.903e-05,0.002276,0.001478,5.91e-07,0.1113,0.009045,0.02139,0.172,4.221e-05,3.232e-05,0.174
   67440,   67500,0.0087336,0.01045,0.03142,6.004e-22,3.23e-05,4.755e-05,0.0004688,2.915e-22,4.91e-05,0.002277,0.001479,5.916e-07,0.1113,0.009048,0.0214,0.172,4.224e-05,3.236e-05,0.174
   67500,   67560,0.0086848,0.01045,0.03142,6.151e-22,3.232e-05,4.758e-05,0.000469,2.987e-22,4.918e-05,0.002278,0.001479,5.922e-07,0.1113,0.009051,0.0214,0.172,4.227e-05,3.241e-05,0.174
   67560,   67620,0.0086825,0.01046,0.03143,6.298e-22,3.235e-05,4.761e-05,0.0004693,3.059e-22,4.925e-05,0.002279,0.00148,5.929e-07,0.1113,0.009054,0.0214,0.172,4.229e-05,3.246e-05,0.174
   67620,   67680,0.0087073,0.01046,0.03143,6.437e-22,3.237e-05,4.763e-05,0.0004695,3.127e-22,4.932e-05,0.00228,0.00148,5.934e-07,0.1113,0.009057,0.0214,0.172,4.232e-05,3.251e-05,0.174
   67680,   67740,0.0086306,0.01046,0.03144,6.582e-22,3.239e-05,4.765e-05,0.0004697,3.198e-22,4.938e-05,0.002281,0.001481,5.94e-07,0.1114,0.00906,0.0214,0.172,4.234e-05,3.256e-05,0.174
   67740,   67800,0.0086665,0.01046,0.03144,6.729e-22,3.242e-05,4.768e-05,0.00047,3.27e-22,4.945e-05,0.002282,0.001481,5.946e-07,0.1114,0.009062,0.0214,0.1721,4.237e-05,3.26e-05,0.174
   67800,   67860,0.0087258,0.01047,0.03145,6.867e-22,3.244e-05,4.77e-05,0.0004702,3.338e-22,4.951e-05,0.002283,0.001482,5.952e-07,0.1114,0.009065,0.02141,0.1721,4.239e-05,3.264e-05,0.174
