CampaignData_and_Merges/R0/CSL_MobileLab_Parked/raw/20240802/USOS-HCHO_MobileLabGround_20240802_R0.ict
35,1001
Huang, Yaoxian
Wayne State University
Picarro G2307 on CSL Mobile Lab
USOS
1,1
2024,08,02,2024,08,06
1.0
Time_Start,seconds_since_midnight,number_of_seconds_since_0000_UTC
3
1.0,1.0,1.0
-9999.0,-9999.0,-9999.0
HCHO,ppbv,Gas_HCHO_InSitu_S_AVMR,volume mixing ratio of formaldehyde in air
H2O,ppmv,Gas_H2O_InSitu_S_AVMR,volume mixing ratio of water vapor in air
CH4,ppmv,Gas_CH4_InSitu_S_AVMR,volume mixing ratio of methane in air
0
18
PI_CONTACT_INFO: yaoxian.huang@wayne.edu
PLATFORM: CSL Mobile Lab, at Ground Site
LOCATION: Salt Lake City, UT
ASSOCIATED_DATA: N/A
INSTRUMENT_INFO: Cavity Ring-Down Spectrometer
DATA_INFO: Data is averaged to 1 minute intervals for stationary and 1 second interval for driving. Stationary data collected from a 20 ft tower on top of the mobile lab.
UNCERTAINTY: N/A
ULOD_FLAG: -7777
ULOD_VALUE: N/A
LLOD_FLAG: -8888
LLOD_VALUE: N/A
DM_CONTACT_INFO: Yaoxian Huang; yaoxian.huang@wayne.edu
PROJECT_INFO: USOS, Summer 2024. https://csl.noaa.gov/groups/csl7/measurements/2024usos/
STIPULATIONS_ON_USE: Users are strongly encouraged to contact the PI for proper data usage.
OTHER_COMMENTS: Data have been shifted backwards by 1 minute to align with USOS MetNav and Picarro GHG data.
REVISION: R0
R0: Final Data
Time_Start,HCHO,H2O,CH4
0,2.77066,7728.04,1.96187
60,3.28125,8050.12,1.96781
120,3.22406,8114.48,1.98487
180,3.79004,8488.7,2.00583
240,3.61852,8520.05,1.97937
300,4.37467,9425.58,1.99541
360,4.13548,9581.43,1.99556
420,4.13441,9612.89,1.99651
480,4.43164,9784.44,1.99893
540,4.06893,9146.31,1.99315
600,3.74999,9137.14,1.98757
660,3.18522,8610.69,1.99271
720,3.43636,8672.08,2.00192
780,3.77366,9074.0,2.01884
840,3.93657,9766.12,2.00378
900,3.55945,9518.07,2.00449
960,3.79721,9506.11,2.03265
1020,4.32435,10106.3,2.05846
1080,3.94494,9950.82,1.99473
1140,4.04675,10159.9,1.99912
1200,4.42408,10684.2,2.00049
1260,4.02584,10586.7,1.99238
1320,3.78338,10273.2,1.99149
1380,4.1819,10487.4,1.99031
1440,3.74181,10180.2,1.98326
1500,3.81885,10507.0,1.97974
1560,3.44863,9963.49,1.97569
1620,3.79775,9721.11,1.97231
1680,3.74161,9784.36,1.96986
1740,3.8338,10197.2,1.97267
1800,3.84277,10266.0,1.97436
1860,3.71108,9805.13,1.97684
1920,3.62527,10056.4,1.97339
1980,3.76207,10328.0,1.97443
2040,11.0927,9200.74,1.96928
2100,3.56108,9383.58,1.96682
2160,3.44427,9076.86,1.9702
2220,3.6605,9334.95,1.96748
2280,3.72565,9483.8,1.96948
2340,3.33406,9081.94,1.96998
2400,3.44873,9189.24,1.96888
2460,3.31344,9358.92,1.96932
2520,3.34214,9198.88,1.97269
2580,3.52552,9516.73,1.97161
2640,3.06647,8747.71,1.9697
2700,3.16681,9021.9,1.97063
2760,3.4515,9042.91,1.97145
2820,3.21069,8653.82,1.96909
2880,3.06522,8365.68,1.96647
2940,2.87323,8452.62,1.96193
3000,3.17724,8631.02,1.96372
3060,3.08912,8793.49,1.96692
3120,3.06167,8537.73,1.96341
3180,3.14176,8768.29,1.96245
3240,3.06463,8898.68,1.96296
3300,3.23166,9084.19,1.96464
3360,2.99938,9113.08,1.96684
3420,3.41744,9621.54,1.96646
3480,3.35814,9001.55,1.97309
3540,3.48083,9353.19,1.971
3600,3.37321,9226.69,1.9751
3660,3.48131,9299.72,1.97603
3720,3.32734,9474.85,1.9771
3780,3.58426,9386.44,1.98048
3840,3.61115,9718.53,1.98067
3900,3.45803,9549.91,1.97874
3960,3.69955,9612.85,1.9761
4020,3.28254,9614.04,1.97354
4080,3.29021,9381.36,1.97401
4140,3.71203,9711.25,1.97387
4200,3.39551,9660.17,1.97949
4260,3.82475,9937.07,1.98217
4320,3.69364,9873.59,1.98038
4380,3.80819,9892.88,1.98041
4440,3.48694,9734.41,1.97657
4500,3.76847,9825.62,1.97339
4560,3.69547,10068.8,1.97089
4620,3.37605,9490.97,1.96986
4680,3.64845,9712.44,1.96955
4740,3.55899,9837.51,1.96633
4800,3.54451,9794.44,1.97118
4860,3.54306,9945.38,1.9685
4920,3.51878,9914.8,1.96676
4980,3.47635,10093.1,1.96713
5040,3.80905,10346.0,1.96882
5100,3.73603,10164.0,1.97051
5160,3.44183,9845.73,1.97269
5220,3.74984,9933.81,1.97612
5280,3.73402,9780.64,1.97759
5340,3.20118,9582.85,1.97924
5400,3.53291,9748.1,1.97924
5460,3.48078,9816.74,1.97868
5520,3.72803,9876.14,1.98016
5580,3.73743,10058.5,1.97909
5640,3.61062,10130.4,1.97964
5700,3.53223,10209.8,1.98045
5760,3.95469,10310.5,1.98032
5820,3.61729,10229.7,1.98077
5880,3.73105,9945.53,1.98015
5940,3.60534,9950.57,1.97958
6000,3.71552,10238.4,1.98072
6060,3.7997,10428.9,1.98086
6120,3.55084,10087.2,1.98192
6180,3.44835,9946.73,1.98115
6240,3.77935,10361.6,1.98246
6300,3.79216,10277.2,1.98246
6360,3.8418,10140.6,1.98368
6420,3.70866,10170.2,1.9839
6480,3.83799,10279.4,1.98469
6540,3.94643,10602.8,1.98549
6600,3.58685,10114.4,1.98716
6660,3.80424,10060.2,1.9891
6720,3.75574,10004.8,1.98833
6780,3.78204,10114.7,1.98884
6840,3.7223,10236.3,1.98845
6900,3.68759,10100.6,1.98924
6960,3.7988,10057.4,1.98879
7020,3.79742,10206.4,1.99046
7080,3.93284,10356.3,1.99194
7140,3.89044,10254.0,1.99012
7200,3.7362,10382.3,1.99116
7260,3.90173,10217.2,1.99192
7320,3.62195,10262.6,1.99426
7380,3.88076,10530.4,1.99279
7440,3.69131,10376.4,1.9981
7500,3.81282,10187.5,2.00479
7560,3.94485,10105.5,2.01123
7620,3.93983,10473.7,2.0081
7680,3.82742,10098.3,1.9977
7740,3.71209,10306.1,1.99462
7800,3.9614,10584.1,1.99939
7860,3.86169,10459.4,1.99691
7920,3.98775,10448.0,1.99844
7980,3.88847,10592.8,2.00065
8040,3.93895,10568.7,2.00433
8100,4.12921,10711.3,2.00402
8160,4.00678,10971.9,2.00148
8220,4.28597,10808.9,2.00337
8280,4.08482,10984.4,1.99933
8340,4.15795,11029.6,2.00337
8400,4.28652,11146.7,2.00554
8460,4.31565,11135.4,2.00636
8520,4.23395,11278.6,2.00491
8580,4.54762,11220.6,2.00457
8640,4.33271,11314.0,2.00684
8700,4.60272,11334.4,2.01082
8760,4.5289,11375.0,2.00992
8820,4.46672,11283.3,2.01179
8880,4.66681,11348.0,2.0144
8940,4.54812,11452.6,2.01974
9000,4.90106,11626.7,2.02272
9060,4.42526,11561.9,2.0321
9120,4.52116,11364.3,2.02791
9180,4.98174,11515.1,2.02303
9240,4.76987,11673.1,2.01673
9300,5.00842,12030.2,2.01743
9360,4.86133,11641.7,2.02141
9420,4.70111,11624.8,2.01885
9480,4.70675,11495.2,2.01796
9540,4.64986,11322.6,2.01666
9600,4.75269,11414.5,2.01175
9660,4.53337,11240.7,2.00883
9720,4.74056,11210.7,2.00232
9780,4.49072,11205.8,1.99923
9840,4.70031,11238.2,1.99632
9900,4.63667,11218.6,1.9931
9960,4.44436,11201.4,1.99081
10020,4.71022,11221.3,1.98527
10080,4.5118,11000.1,1.97948
10140,4.40524,11038.9,1.97861
10200,4.1963,10715.0,1.96787
10260,4.33446,10835.7,1.9691
10320,4.39975,10711.5,1.96682
10380,4.13574,10371.9,1.959
10440,3.93594,10366.7,1.95814
10500,3.95705,10585.5,1.95631
10560,3.93146,10247.2,1.95484
10620,3.97394,10267.2,1.95663
10680,3.79734,10111.7,1.95121
10740,4.075,10236.2,1.95474
10800,4.31144,10177.6,1.95576
10860,4.07894,10037.6,1.95323
10920,3.85449,9958.25,1.95255
10980,3.97026,9756.21,1.95322
11040,4.22244,9768.32,1.95452
11100,3.75781,9735.03,1.95171
11160,3.95276,9762.89,1.95332
11220,3.89841,9772.93,1.9513
11280,3.70718,9786.26,1.95152
11340,3.52812,9514.94,1.95157
11400,3.55956,9569.48,1.95417
11460,3.80207,9707.11,1.95049
11520,3.87054,9500.14,1.95225
11580,3.76339,9306.51,1.95084
11640,3.77763,9363.59,1.94965
11700,3.61689,9344.45,1.94816
11760,3.75659,9306.36,1.95093
11820,3.77292,9295.28,1.95306
11880,3.87548,9367.72,1.95214
11940,3.77413,9335.93,1.95178
12000,3.68443,9185.75,1.94951
12060,3.63277,9132.56,1.95094
12120,3.53152,9107.4,1.94907
12180,3.86283,9087.16,1.94921
12240,3.71022,9241.3,1.95306
12300,3.70766,9112.29,1.94832
12360,3.79718,9143.07,1.95048
12420,3.44571,9108.45,1.95102
12480,3.62201,9133.13,1.95267
12540,3.5,9071.05,1.95108
12600,3.63135,9061.19,1.95018
12660,3.38738,9065.02,1.95166
12720,3.72043,9091.49,1.94959
12780,3.44091,8962.44,1.95032
12840,3.49601,8989.51,1.94706
12900,3.41308,9067.28,1.94855
12960,3.74604,9142.5,1.94586
13020,3.39344,9074.54,1.94811
13080,3.66301,9069.36,1.94801
13140,3.50872,9119.62,1.94706
13200,3.49437,9175.69,1.94986
13260,3.47579,9133.46,1.95049
13320,3.67427,9125.05,1.95157
13380,3.34387,9385.52,1.94844
13440,3.36302,9099.88,1.94726
13500,3.42898,9067.23,1.9475
13560,3.63531,9113.64,1.94811
13620,3.36263,8959.92,1.94477
13680,3.20465,8812.79,1.94364
13740,3.19729,8932.85,1.94313
13800,3.27141,9003.01,1.94335
13860,3.37048,8856.87,1.94403
13920,3.26453,8827.97,1.94562
13980,3.26294,8768.54,1.9443
14040,3.36706,8677.06,1.94353
14100,3.22244,8754.25,1.94335
14160,3.15446,8794.02,1.94641
14220,3.23606,8630.62,1.94374
14280,2.7661,8550.2,1.9442
14340,3.21263,8611.09,1.94298
14400,3.16624,8543.65,1.94442
14460,3.05475,8412.73,1.94263
14520,3.06205,8445.45,1.94209
14580,3.04847,8383.09,1.93871
14640,3.18596,8512.17,1.94118
14700,2.97016,8428.4,1.94321
14760,2.97127,8455.46,1.94156
14820,3.20489,8494.24,1.94438
14880,3.14655,8478.57,1.9436
14940,2.95968,8356.37,1.94355
15000,3.02697,8397.51,1.94324
15060,2.96005,8329.46,1.9449
15120,2.97478,8324.81,1.9445
15180,2.86431,8242.98,1.94193
15240,3.13761,8182.79,1.94483
15300,3.05549,8234.21,1.94377
15360,3.03898,8297.83,1.94641
15420,3.01706,8555.24,1.94217
15480,2.92717,8377.06,1.94489
15540,3.13597,8387.4,1.94605
15600,3.47355,8368.66,1.94691
15660,3.05521,8241.95,1.94438
15720,2.95611,8254.41,1.94246
15780,3.10886,8306.7,1.94181
15840,3.08501,8272.69,1.94269
15900,3.09796,8286.62,1.943
15960,3.05622,8219.47,1.94148
16020,2.87561,8306.68,1.94354
16080,2.81907,8129.04,1.94284
16140,2.93966,8206.03,1.94126
16200,2.94344,8243.83,1.94082
16260,3.1255,8199.5,1.94006
16320,3.0329,8063.17,1.94005
16380,2.9738,8046.37,1.93948
16440,2.94889,8104.81,1.93876
16500,2.81327,8093.53,1.94013
16560,3.03171,8193.47,1.94217
16620,2.79438,8207.59,1.94532
16680,3.2596,8242.57,1.94869
16740,3.17797,8254.43,1.94582
16800,3.34242,8397.28,1.94833
16860,2.98065,8373.76,1.94759
16920,2.9989,8345.62,1.94614
16980,2.86946,8266.04,1.94577
17040,3.20315,8407.31,1.94993
17100,3.13105,8518.97,1.94935
17160,3.32111,8607.12,1.94818
17220,2.9625,8541.55,1.94661
17280,3.26107,8561.33,1.94868
17340,3.25058,8783.97,1.95204
17400,3.47675,8962.17,1.95498
17460,3.39871,8997.38,1.9599
17520,3.52513,8979.09,1.96195
17580,3.60982,9058.91,1.96457
17640,3.74111,9084.59,1.96226
17700,3.74527,9073.34,1.95859
17760,3.72666,9190.73,1.96304
17820,3.72537,9134.65,1.96285
17880,3.75749,9207.5,1.9619
17940,3.74652,9096.22,1.96437
18000,3.66407,9090.44,1.96364
18060,3.22055,9042.68,1.95981
18120,3.49577,9079.18,1.96078
18180,3.43011,9309.15,1.9628
18240,3.63465,9349.26,1.96647
18300,3.50541,9314.06,1.96807
18360,3.66665,9226.47,1.97031
18420,3.73375,9485.61,1.97633
18480,3.93945,9576.71,1.97946
18540,3.72767,9541.41,1.98217
18600,3.70112,9525.69,1.97924
18660,4.14438,9620.25,1.98314
18720,4.06696,9771.01,1.98522
18780,4.03486,9818.0,1.98888
18840,3.73888,9624.65,1.98822
18900,3.94632,9670.89,1.98853
18960,3.75815,9581.08,1.98782
19020,4.04443,9634.5,1.98437
19080,3.88271,9770.78,1.99042
19140,4.08733,9811.33,1.98792
19200,4.01495,9595.85,1.98567
19260,3.85964,9680.98,1.98834
19320,4.10869,9889.79,1.99344
19380,4.29746,9960.77,2.00074
19440,4.17403,10051.0,2.00139
19500,4.25104,10069.2,1.99909
19560,4.07373,10045.4,2.00084
19620,3.89704,9992.02,2.00262
19680,3.73844,9573.75,1.98946
19740,3.81096,9777.2,1.99116
19800,3.5109,9331.54,1.98351
19860,3.88865,9847.24,1.99123
19920,4.02754,9899.76,1.99393
19980,3.52298,9616.06,1.9854
20040,3.60004,9196.11,1.98042
20100,3.67839,9197.77,1.97748
20160,2.90988,8566.49,1.96683
20220,2.92502,8400.91,1.96209
20280,2.88095,8399.18,1.962
20340,2.95701,8331.4,1.9564
20400,2.64112,8043.46,1.94806
20460,2.82281,8103.33,1.95028
20520,2.70886,8006.65,1.94642
20580,2.61742,7903.48,1.94753
20640,2.48427,7941.52,1.9448
20700,2.51911,7829.88,1.946
20760,2.54817,7895.76,1.94768
20820,2.75198,8048.74,1.94944
20880,2.58258,8007.2,1.94911
20940,2.8298,8040.62,1.95102
21000,2.82231,8093.88,1.95691
21060,3.05909,8172.38,1.95748
21120,2.82036,8187.96,1.96084
21180,2.76433,8113.34,1.95736
21240,2.73948,8123.73,1.95627
21300,2.81793,8144.19,1.95679
21360,2.80757,8047.03,1.95658
21420,2.95078,8175.29,1.95978
21480,2.99487,8119.67,1.96387
21540,2.90294,8146.75,1.96925
21600,2.76574,8152.42,1.96239
21660,3.00096,8248.71,1.9742
21720,3.07926,8083.64,1.96521
21780,2.914,8080.89,1.95841
21840,2.69043,8030.51,1.95353
21900,2.63335,8040.91,1.95325
21960,2.45306,7761.96,1.95121
22020,2.29018,7625.77,1.94389
22080,2.15443,7535.88,1.94168
22140,2.03189,7418.93,1.93797
22200,2.21804,7441.07,1.94036
22260,2.37103,7469.23,1.94036
22320,2.14043,7510.89,1.94173
22380,2.28945,7319.37,1.93968
22440,2.04282,7431.9,1.9409
22500,2.39347,7493.02,1.94266
22560,2.19406,7445.96,1.9406
22620,2.28815,7769.37,1.94875
22680,2.77539,7969.62,1.95383
22740,2.59247,7918.06,1.95458
22800,2.86326,8372.73,1.9647
22860,2.90141,8578.29,1.96782
22920,2.97578,8745.38,1.98384
22980,3.41897,9315.28,2.00665
23040,3.40146,9432.41,2.01289
23100,3.47542,9406.24,2.01438
23160,3.0829,8878.67,1.99382
23220,3.04978,8828.43,1.99285
23280,3.17789,9069.4,2.00338
23340,3.25213,8870.41,1.99665
23400,3.17861,9122.2,2.01047
23460,3.24441,9016.19,2.00692
23520,3.008,8518.29,1.98998
23580,2.58951,7646.67,1.95522
23640,2.18621,7814.08,1.95985
23700,3.11125,8575.72,1.98492
23760,3.14055,8996.53,2.00106
23820,3.26145,8937.66,1.99563
23880,3.22581,9049.09,1.9988
23940,2.86539,8501.82,1.98005
24000,2.6659,8353.82,1.97564
24060,2.65635,8377.03,1.97595
24120,2.29554,7636.05,1.95147
24180,2.61985,7574.82,1.9499
24240,2.20613,7602.05,1.94242
24300,2.35462,7387.74,1.93951
24360,2.09899,7452.1,1.93816
24420,2.15459,7394.53,1.93762
24480,2.41328,7491.26,1.93743
24540,2.28662,7404.72,1.93533
24600,2.0826,7457.28,1.93641
24660,2.17393,7457.62,1.93502
24720,2.41561,7735.93,1.94659
24780,2.34705,7628.9,1.94623
24840,2.45255,7557.17,1.94267
24900,2.54579,7495.66,1.94057
24960,2.52761,7380.65,1.94093
25020,2.44604,7836.26,1.95273
25080,2.60399,7798.97,1.95118
25140,2.42825,7468.81,1.93941
25200,2.27913,7525.25,1.94281
25260,2.13183,7587.97,1.9431
25320,2.37819,7597.41,1.94375
25380,2.45457,7759.1,1.94674
25440,2.79768,8638.31,1.99273
25500,3.03059,8958.26,2.01509
25560,3.10596,8920.91,2.01842
25620,3.3349,9158.02,2.03069
25680,2.81141,8909.99,2.01734
25740,3.08175,9302.36,2.03797
25800,3.13792,8982.54,2.01687
25860,3.16151,9073.01,2.02731
25920,3.17185,9318.95,2.05329
25980,3.23731,9026.77,2.04187
26040,3.15575,9264.43,2.03949
26100,3.34609,9430.23,2.05526
26160,3.25323,9423.3,2.05298
26220,3.35114,9466.28,2.05466
26280,3.26017,9505.5,2.0423
26340,3.28375,9418.89,2.04126
26400,3.58635,9594.17,2.05532
26460,3.39142,9527.57,2.0513
26520,3.57783,9628.45,2.05258
26580,3.56654,9755.06,2.0587
26640,3.41375,9681.32,2.05582
26700,3.52254,9763.29,2.05732
26760,3.34233,9656.85,2.04844
26820,3.48599,9685.23,2.05319
26880,3.58933,9744.35,2.05187
26940,3.15362,9515.99,2.03745
27000,3.60896,9851.47,2.05389
27060,3.59489,9870.62,2.05594
27120,3.54348,9696.12,2.05174
27180,3.49842,9671.51,2.0492
27240,3.48228,9611.9,2.05367
27300,3.44777,9678.29,2.0464
27360,3.56742,9965.46,2.0522
27420,3.75095,10028.4,2.05377
27480,3.65791,9775.51,2.04967
27540,3.45526,9718.1,2.04005
27600,3.40142,9750.72,2.02846
27660,3.04012,9133.39,2.00119
27720,3.00675,9071.87,1.99809
27780,3.25485,9124.69,1.99989
27840,3.58164,9428.72,2.01042
27900,3.34812,9302.43,2.00796
27960,3.05009,8670.73,1.99107
28020,3.16957,8905.45,1.99192
28080,3.23177,9082.41,1.99839
28140,3.10864,9115.76,1.99754
28200,3.00373,8631.31,1.98888
28260,2.97911,8818.95,1.99512
28320,3.29747,9028.88,1.99619
28380,2.97133,8799.02,1.99082
28440,3.2036,8677.81,1.9893
28500,3.48698,9017.84,2.00547
28560,3.24008,8721.97,1.99456
28620,3.02569,8644.96,1.99622
28680,3.11839,8753.53,1.99204
28740,3.01144,8856.7,1.9963
28800,3.12727,9080.18,2.00348
28860,3.13331,8943.48,2.00464
28920,2.91723,8489.16,1.99523
28980,2.84737,8343.69,1.98992
29040,3.21598,8880.04,2.00297
29100,3.05777,8973.17,2.01153
29160,3.32905,8991.12,2.0181
29220,3.39491,9127.69,2.01784
29280,3.22443,8888.28,2.00895
29340,3.21383,9132.35,2.0251
29400,3.34356,9142.23,2.01871
29460,3.24811,9134.05,2.01483
29520,3.26087,9120.0,2.01327
29580,3.2473,9374.05,2.01855
29640,3.35219,9300.2,2.01524
29700,3.24117,9515.7,2.01953
29760,3.52383,9425.41,2.02699
29820,3.41719,9701.32,2.034
29880,3.61794,9780.79,2.03803
29940,3.25554,9843.9,2.04155
30000,3.603,9789.44,2.0438
30060,3.48576,9844.4,2.05105
30120,3.5165,9904.71,2.05461
30180,3.50636,9937.49,2.04954
30240,3.59644,9699.4,2.04517
30300,3.5512,9533.21,2.03744
30360,3.34977,9609.71,2.04132
30420,3.42361,9465.45,2.03538
30480,3.40917,9421.17,2.03356
30540,3.36234,9514.94,2.0374
30600,3.26548,9432.81,2.03296
30660,3.47591,9308.79,2.03401
30720,3.76808,9648.44,2.04166
30780,3.47523,9309.39,2.0319
30840,3.49589,9396.59,2.03445
30900,3.70744,9685.76,2.04012
30960,3.57801,9613.95,2.03904
31020,3.54445,9693.89,2.03882
31080,3.68494,9648.51,2.04191
31140,3.86135,9715.04,2.04153
31200,3.50875,9585.93,2.03873
31260,3.43784,9645.75,2.04082
31320,3.53636,9641.74,2.04116
31380,3.50661,9858.81,2.03727
31440,3.8426,9870.87,2.04099
31500,3.57119,9954.0,2.04109
31560,3.51468,9850.93,2.03837
31620,3.7158,9929.45,2.05115
31680,3.63905,10092.9,2.07263
31740,3.75422,10165.1,2.06628
31800,3.7485,9931.71,2.06385
31860,3.61816,9868.44,2.06252
31920,3.88442,9879.41,2.06013
31980,3.5854,10140.7,2.06621
32040,3.75213,10318.0,2.07034
32100,3.72539,10285.0,2.07339
32160,3.65022,10304.6,2.07282
32220,3.71119,10383.0,2.08444
32280,3.72208,10309.1,2.08135
32340,3.57394,10074.4,2.06548
32400,3.69796,10239.2,2.07814
32460,3.7183,10163.8,2.07455
32520,3.47759,9996.68,2.06235
32580,3.67228,9984.57,2.06099
