CampaignData_and_Merges/R0/CSL_MobileLab_Parked/raw/20240802/USOS-NOAAIodideCIMS-PANs_MobileLabGround_20240802_RA.ict
35, 1001
Michael A Robinson, Chris Jernigan, Subi Thakali
NOAA ESRL Chemical Sciences Laboratory and CIRES, U. of Colorado
NOAA Iodide CIMS Instrument
USOS
1, 1
2024, 08, 02, 2024, 08, 03
1
starttime_UTC, seconds_past_midnight, seconds_of_day_since_00:00:00_UTC
3
1, 1, 1
-9999, -9999, -9999
PAN_NOAACIMS, pptv, Gas_PAN_InSitu_S_AVMR, 
APAN_NOAACIMS, pptv, Gas_APAN_InSitu_S_AVMR, 
PPN_NOAACIMS, pptv, Gas_PPN_InSitu_S_AVMR, 
0
18
PI_CONTACT_INFO: 325 Broadway, R/CSD 7, Boulder, Colorado 80305; michael.a.robinson@noaa.gov; chris.jernigan@noaa.gov;
PLATFORM: NOAA CSL Mobile Lab
LOCATION: SLC, Utah
ASSOCIATED_DATA: 1Hz data also available on request.
INSTRUMENT_INFO: NOAA I- ToF CIMS
DATA_INFO: All data in parts per trillion by volume (pptv). 1 Hz data is available upon request.
UNCERTAINTY: TBD
ULOD_FLAG: -7777
ULOD_VALUE: N/A
LLOD_FLAG: -8888
LLOD_VALUE: N/A
DM_CONTACT_INFO: Nathan Howard; nathan.h.howard@noaa.gov
PROJECT_INFO: USOS, summer 2024. https://csl.noaa.gov/groups/csl7/measurements/2024usos/
STIPULATIONS_ON_USE: Users are strongly encouraged to contact the PI for proper data usage.
OTHER_COMMENTS: 
REVISION: RA
RA: Preliminary Data; For in-field use only
starttime_UTC, PAN_NOAACIMS, APAN_NOAACIMS, PPN_NOAACIMS
[from data line 801]
 48060, 341.962,  5.737, 31.009
 48120, 349.268,  5.177, 32.242
 48180, 341.712,  4.343, 31.129
 48240, 348.635,  5.036, 31.427
 48300, 360.501,  3.599, 31.612
 48360, 348.174,  4.147, 29.795
 48420, 342.188,  9.041, 33.515
 48480, 345.325,  4.009, 31.341
 48540, 348.648,  3.623, 30.834
 48600, 354.638,  5.318, 30.949
 48660, 355.290,  5.835, 28.524
 48720, 366.684,  5.268, 32.194
 48780, 361.519,  5.359, 31.123
 48840, 387.224,  4.264, 37.408
 48900, 367.517,  5.632, 34.408
 48960, 344.576,  3.944, 34.211
 49020, 353.631,  5.429, 31.999
 49080, 367.613,  4.166, 35.004
 49140, 356.477,  4.484, 32.475
 49200, 355.432,  6.148, 30.004
 49260, 354.545,  5.141, 28.770
 49320, 364.808,  5.332, 32.580
 49380, 360.817,  6.360, 30.140
 49440, 364.259,  5.971, 31.373
 49500, 359.707,  6.111, 30.189
 49560, 361.940,  6.428, 29.109
 49620, 363.275,  7.661, 32.898
 49680, 375.750,  4.958, 30.837
 49740, 347.334,  7.303, 31.829
 49800, 380.958,  4.615, 35.536
 49860, 376.856,  4.599, 32.884
 49920, 379.986,  5.955, 31.949
 49980, 393.669,  6.140, 33.187
 50040, 395.256,  3.866, 35.348
 50100, 384.165,  5.017, 34.113
 50160, 395.757,  5.240, 34.827
 50220, 389.242,  6.668, 34.259
 50280, -9999.000, -9999.000, -9999.000
 50340, 420.655,  6.995, 38.665
 50400, 421.254,  5.167, 37.600
 50460, 386.556,  6.153, 32.160
 50520, 400.410,  5.307, 34.147
 50580, 426.233,  5.693, 37.280
 50640, 411.896,  6.397, 34.742
 50700, 434.619,  6.982, 39.005
 50760, 420.837,  4.867, 38.813
 50820, 409.246,  4.551, 41.600
 50880, 423.485,  4.780, 34.511
 50940, 423.711,  5.636, 38.173
 51000, 441.312,  3.740, 39.914
 51060, 450.395,  4.723, 40.962
 51120, 441.398,  6.239, 37.121
 51180, 429.609,  7.080, 35.912
 51240, 440.273,  6.640, 38.126
 51300, 456.455,  5.020, 40.381
 51360, 441.842,  5.859, 39.048
 51420, 447.432,  4.985, 37.903
 51480, 441.069,  7.289, 38.750
 51540, 439.726,  4.862, 40.106
 51600, 497.121,  6.221, 45.330
 51660, 473.259,  6.744, 40.431
 51720, 485.393,  6.718, 47.352
 51780, 483.373,  3.842, 43.664
 51840, 474.173,  4.668, 39.164
 51900, 490.041,  5.389, 42.361
 51960, 467.560,  5.868, 42.741
 52020, 502.017,  5.323, 42.562
 52080, 494.226,  4.177, 43.557
 52140, 490.050,  2.503, 51.294
 52200, 482.778,  6.306, 41.730
 52260, 488.623,  5.279, 44.275
 52320, 519.465,  7.682, 45.633
 52380, 541.784,  6.173, 53.903
 52440, 528.177,  5.910, 52.557
 52500, 564.760,  6.019, 54.853
 52560, 533.521,  7.216, 51.039
 52620, 548.810,  7.717, 52.963
 52680, 545.032,  6.251, 50.648
 52740, 536.026,  7.476, 52.890
 52800, 519.379,  4.779, 46.210
 52860, 547.091,  5.555, 54.918
 52920, 541.149,  6.133, 51.654
 52980, 529.729,  4.233, 50.868
 53040, 544.387,  6.335, 52.303
 53100, 525.556,  6.976, 48.584
 53160, 511.969,  7.886, 50.154
 53220, 523.178, 10.746, 52.840
 53280, 547.593,  8.220, 55.226
 53340, 555.350,  5.882, 55.188
 53400, 580.851,  7.984, 56.581
 53460, 539.689,  8.143, 53.520
 53520, 536.487,  9.654, 53.675
 53580, 555.212,  6.426, 55.213
 53640, 551.146,  7.526, 59.356
 53700, 572.009,  7.842, 53.465
 53760, 531.329,  8.105, 51.302
 53820, 518.196,  8.246, 50.454
 53880, 528.515,  9.197, 50.191
 53940, 546.638,  6.488, 55.095
 54000, 531.578, 10.082, 58.161
 54060, 547.528,  9.331, 53.195
 54120, 524.124,  5.520, 48.703
 54180, 529.970,  5.095, 51.105
 54240, 528.772,  8.381, 50.068
 54300, 545.940, 12.308, 50.965
 54360, 592.412,  7.290, 57.695
 54420, 530.605,  8.318, 47.121
 54480, 497.098,  6.141, 51.264
 54540, 517.670,  7.398, 48.141
 54600, 529.921,  6.236, 50.029
 54660, 521.868,  6.149, 49.604
 54720, 517.623,  4.260, 50.856
 54780, 513.093,  4.887, 50.286
 54840, 421.857,  9.138, 41.781
 54900, 496.657,  7.838, 49.315
 54960, 434.946,  9.255, 43.203
 55020, 529.810,  8.220, 52.519
 55080, 465.236,  7.351, 42.815
 55140, 520.762,  7.291, 53.399
 55200, 469.107,  7.566, 50.000
 55260, 566.670,  4.634, 57.836
 55320, 478.719,  9.169, 51.065
 55380, 523.647,  6.474, 51.878
 55440, 485.973,  7.147, 49.695
 55500, 515.694,  7.242, 54.024
 55560, 526.192,  6.365, 52.766
 55620, 558.568,  8.028, 60.045
 55680, 536.070,  8.939, 59.267
 55740, 546.542,  8.813, 56.313
 55800, 544.968,  7.928, 57.061
 55860, 576.004,  7.056, 59.038
 55920, 604.897,  7.276, 66.201
 55980, 612.871,  8.945, 69.725
 56040, 589.126,  6.555, 65.221
 56100, 563.261,  7.181, 63.356
 56160, -9999.000, -9999.000, -9999.000
 56220, -9999.000, -9999.000, -9999.000
 56280, -9999.000, -9999.000, -9999.000
 56340, -9999.000, -9999.000, -9999.000
 56400, -9999.000, -9999.000, -9999.000
 56460, -9999.000, -9999.000, -9999.000
 56520, -9999.000, -9999.000, -9999.000
 56580, -9999.000, -9999.000, -9999.000
 56640, -9999.000, -9999.000, -9999.000
 56700, -9999.000, -9999.000, -9999.000
 56760, -9999.000, -9999.000, -9999.000
 56820, -9999.000, -9999.000, -9999.000
 56880, -9999.000, -9999.000, -9999.000
 56940, -9999.000, -9999.000, -9999.000
 57000, -9999.000, -9999.000, -9999.000
 57060, 591.005,  5.826, 69.204
 57120, 552.665,  7.237, 69.392
 57180, 579.309,  8.272, 74.431
 57240, 563.128,  7.526, 67.895
 57300, -9999.000, -9999.000, -9999.000
 57360, 552.129,  7.815, 69.049
 57420, 559.650,  5.317, 68.994
 57480, 572.228,  6.333, 74.041
 57540, -9999.000, -9999.000, -9999.000
 57600, -9999.000, -9999.000, -9999.000
 57660, 568.754,  9.200, 66.092
 57720, 540.554,  7.844, 61.650
 57780, -9999.000, -9999.000, -9999.000
 57840, 565.994,  7.083, 66.431
 57900, 542.199,  9.290, 62.456
 57960, 571.952,  8.219, 68.058
 58020, -9999.000, -9999.000, -9999.000
 58080, -9999.000, -9999.000, -9999.000
 58140, -9999.000, -9999.000, -9999.000
 58200, -9999.000, -9999.000, -9999.000
 58260, -9999.000, -9999.000, -9999.000
 58320, -9999.000, -9999.000, -9999.000
 58380, -9999.000, -9999.000, -9999.000
 58440, -9999.000, -9999.000, -9999.000
 58500, -9999.000, -9999.000, -9999.000
 58560, -9999.000, -9999.000, -9999.000
 58620, -9999.000, -9999.000, -9999.000
 58680, -9999.000, -9999.000, -9999.000
 58740, -9999.000, -9999.000, -9999.000
 58800, -9999.000, -9999.000, -9999.000
 58860, -9999.000, -9999.000, -9999.000
 58920, -9999.000, -9999.000, -9999.000
 58980, -9999.000, -9999.000, -9999.000
 59040, -9999.000, -9999.000, -9999.000
 59100, -9999.000, -9999.000, -9999.000
 59160, -9999.000, -9999.000, -9999.000
 59220, -9999.000, -9999.000, -9999.000
 59280, -9999.000, -9999.000, -9999.000
 59340, -9999.000, -9999.000, -9999.000
 59400, -9999.000, -9999.000, -9999.000
 59460, -9999.000, -9999.000, -9999.000
 59520, -9999.000, -9999.000, -9999.000
 59580, -9999.000, -9999.000, -9999.000
 59640, -9999.000, -9999.000, -9999.000
 59700, -9999.000, -9999.000, -9999.000
 59760, -9999.000, -9999.000, -9999.000
 59820, -9999.000, -9999.000, -9999.000
 59880, -9999.000, -9999.000, -9999.000
 59940, -9999.000, -9999.000, -9999.000
 60000, -9999.000, -9999.000, -9999.000
 60060, -9999.000, -9999.000, -9999.000
 60120, -9999.000, -9999.000, -9999.000
 60180, -9999.000, -9999.000, -9999.000
 60240, -9999.000, -9999.000, -9999.000
 60300, -9999.000, -9999.000, -9999.000
 60360, -9999.000, -9999.000, -9999.000
 60420, -9999.000, -9999.000, -9999.000
 60480, -9999.000, -9999.000, -9999.000
 60540, -9999.000, -9999.000, -9999.000
 60600, -9999.000, -9999.000, -9999.000
 60660, -9999.000, -9999.000, -9999.000
 60720, -9999.000, -9999.000, -9999.000
 60780, -9999.000, -9999.000, -9999.000
 60840, -9999.000, -9999.000, -9999.000
 60900, -9999.000, -9999.000, -9999.000
 60960, -9999.000, -9999.000, -9999.000
 61020, -9999.000, -9999.000, -9999.000
 61080, -9999.000, -9999.000, -9999.000
 61140, -9999.000, -9999.000, -9999.000
 61200, -9999.000, -9999.000, -9999.000
 61260, -9999.000, -9999.000, -9999.000
 61320, -9999.000, -9999.000, -9999.000
 61380, -9999.000, -9999.000, -9999.000
 61440, -9999.000, -9999.000, -9999.000
 61500, -9999.000, -9999.000, -9999.000
 61560, -9999.000, -9999.000, -9999.000
 61620, -9999.000, -9999.000, -9999.000
 61680, 1002.361,  7.332, 145.927
 61740, 1015.898,  7.669, 150.255
 61800, 1010.601,  6.506, 150.951
 61860, -9999.000, -9999.000, -9999.000
 61920, 1102.118,  8.736, 174.198
 61980, 1092.956,  8.435, 165.468
 62040, 1060.214, 12.172, 163.388
 62100, 1050.071, 10.402, 163.005
 62160, 1105.254, 11.158, 177.273
 62220, 1212.964,  9.818, 191.997
 62280, 1171.569, 11.833, 182.111
 62340, 1103.583,  8.671, 169.823
 62400, 1006.692, 11.445, 147.936
 62460, 972.992, 11.530, 142.289
 62520, 1012.464, 12.203, 145.389
 62580, 992.551, 12.582, 148.534
 62640, 1016.124,  9.948, 147.389
 62700, 1072.035, 10.880, 162.645
 62760, 1132.678, 11.370, 174.981
 62820, 1086.400, 11.872, 163.503
 62880, 1175.929,  9.942, 182.603
 62940, 1169.862,  8.930, 188.234
 63000, 1154.700,  9.012, 185.322
 63060, 1152.952, 10.233, 176.606
 63120, 1163.853,  7.746, 186.507
 63180, 1189.708, 11.105, 188.611
 63240, 1177.590, 11.228, 183.863
 63300, 1141.248,  8.307, 180.188
 63360, 1096.460,  9.556, 172.351
 63420, 1146.070, 11.555, 177.216
 63480, 1133.409, 13.765, 176.862
 63540, 1231.861, 13.234, 200.698
 63600, 1378.819,  9.689, 235.468
 63660, 1461.759, 12.721, 251.700
 63720, 1504.579, 18.268, 256.982
 63780, 1508.941, 15.256, 264.616
 63840, 1560.023, 11.645, 267.711
 63900, 1579.665, 12.195, 277.572
 63960, 1606.504, 12.336, 283.071
 64020, 1559.234, 13.255, 274.241
 64080, 1580.256, 12.450, 273.704
 64140, 1581.570, 12.370, 271.519
 64200, 1535.677, 13.217, 272.485
 64260, 1824.283,  9.518, 329.023
 64320, 1972.813,  8.998, 365.556
 64380, 1896.137, 15.070, 358.050
 64440, 1891.755, 11.069, 352.296
 64500, 1893.081, 10.602, 345.245
 64560, 1802.000,  9.728, 330.344
 64620, 1951.205, 10.680, 353.257
 64680, 1892.867, 10.533, 341.770
 64740, 1935.893, 10.408, 346.819
 64800, 1908.551, 10.050, 357.215
 64860, 1916.273, 12.325, 348.419
 64920, 1904.695, 13.954, 344.886
 64980, 1886.821, 11.087, 345.682
 65040, 1863.849, 11.692, 333.117
 65100, 1928.481, 10.773, 342.019
 65160, 1948.305,  8.301, 344.927
 65220, 2055.442, 12.067, 370.322
 65280, 1844.317, 14.967, 324.608
 65340, 1821.033, 11.461, 323.194
 65400, 1772.112,  6.903, 303.287
 65460, 1721.907,  9.603, 305.961
 65520, 1684.125, 16.392, 286.252
 65580, 1696.527, 11.303, 305.757
 65640, 1676.596,  7.905, 296.473
 65700, 1577.711,  7.973, 288.087
 65760, 1392.968,  8.694, 244.935
 65820, 1298.631,  5.395, 225.521
 65880, 1241.714,  7.865, 217.225
 65940, 1278.602,  5.147, 214.570
 66000, 1230.889,  6.853, 209.470
 66060, 1228.342,  6.919, 205.333
 66120, 1216.277,  6.903, 200.461
 66180, 1316.538,  7.005, 221.637
 66240, 1239.577,  6.376, 208.666
 66300, 1228.848,  6.875, 204.317
 66360, 1173.167, 10.262, 187.004
 66420, 1176.511,  8.254, 181.858
 66480, 1101.169,  7.074, 168.957
 66540, 1088.302,  7.440, 169.209
 66600, 1123.263,  8.789, 170.729
 66660, 1120.981,  7.896, 170.502
 66720, 1100.608,  7.725, 164.746
 66780, 1163.816,  9.612, 177.496
 66840, 1172.319,  6.599, 183.890
 66900, 1151.976,  7.481, 182.063
 66960, 1213.713,  7.688, 191.929
 67020, 1192.822,  9.694, 188.393
 67080, 1224.661,  8.763, 198.458
 67140, 1177.261,  8.555, 182.082
 67200, 1106.773,  6.511, 159.500
 67260, 1049.496,  8.263, 142.395
 67320, 1060.542,  6.676, 149.300
 67380, 1133.121,  8.466, 161.730
 67440, 1156.237,  4.722, 157.615
 67500, 1124.100,  8.806, 159.996
 67560, 1113.632,  7.339, 155.584
 67620, 1060.834,  8.372, 144.164
 67680, 971.107,  8.305, 128.609
 67740, 864.675,  6.570, 109.929
 67800, 857.450,  7.429, 104.017
 67860, 762.845,  4.899, 88.569
 67920, 727.947,  5.156, 83.495
 67980, 761.841,  8.291, 90.103
 68040, 722.970,  7.059, 84.775
 68100, 756.340,  6.400, 87.259
 68160, 759.302,  6.481, 84.680
 68220, 761.453,  7.785, 86.620
 68280, 759.387,  7.023, 86.352
 68340, 799.712,  4.484, 92.232
 68400, 755.522,  4.494, 84.425
 68460, 747.066,  5.013, 81.716
 68520, 668.791,  4.747, 71.076
 68580, 580.466,  6.091, 57.203
 68640, 561.528,  5.641, 57.695
 68700, 507.956,  5.545, 47.730
 68760, 498.290,  4.795, 44.418
 68820, 493.468,  5.237, 41.256
 68880, 467.182,  3.439, 41.536
 68940, 465.745,  3.973, 41.389
 69000, 431.390,  5.110, 36.529
 69060, 400.024,  6.015, 32.668
 69120, 377.076,  3.914, 29.918
 69180, 388.757,  5.708, 27.928
 69240, -9999.000, -9999.000, -9999.000
 69300, 377.389,  6.119, 28.552
 69360, 345.004,  4.853, 25.122
 69420, 332.300,  3.065, 23.352
 69480, 335.047,  5.114, 22.991
 69540, 340.734,  5.538, 26.410
 69600, 354.765,  5.242, 25.520
 69660, 378.095,  7.361, 26.859
 69720, 367.946,  2.850, 29.301
 69780, 394.971,  4.031, 29.605
 69840, 421.045,  3.908, 32.668
 69900, 404.541,  3.843, 26.518
 69960, 397.342,  5.747, 26.251
 70020, 407.112,  3.786, 28.062
 70080, 419.260,  6.439, 27.302
 70140, 414.875,  5.126, 24.904
 70200, 408.602,  4.723, 26.268
 70260, 427.258,  2.228, 26.112
 70320, 427.089,  5.903, 27.039
 70380, 428.638,  4.400, 28.307
 70440, 416.733,  5.147, 26.865
 70500, 404.102,  5.424, 28.206
 70560, 396.241,  4.355, 28.507
 70620, 433.968,  3.909, 35.012
 70680, 398.348,  3.326, 33.053
 70740, 423.602,  3.305, 37.238
 70800, 425.881,  5.847, 33.394
 70860, 474.177,  5.487, 35.074
 70920, 469.760,  5.501, 36.719
 70980, 526.514,  4.738, 41.699
 71040, 564.006,  3.546, 45.227
 71100, -9999.000, -9999.000, -9999.000
 71160, 657.108,  5.910, 67.748
 71220, 691.391,  6.176, 71.767
 71280, 641.657,  5.376, 55.429
 71340, 616.394,  5.165, 55.418
 71400, 597.634,  3.986, 49.272
 71460, 526.739,  5.903, 36.807
 71520, 565.280,  4.051, 35.174
 71580, 577.630,  4.095, 37.155
 71640, 600.358,  5.054, 38.850
 71700, 546.783,  3.219, 38.320
 71760, 481.427,  5.599, 35.311
 71820, 446.178,  2.753, 28.792
 71880, 559.386,  4.512, 57.076
 71940, 546.593,  3.509, 58.854
 72000, 607.110,  5.841, 61.860
 72060, 655.049,  4.970, 68.032
 72120, 669.783,  4.072, 72.346
 72180, 674.061,  4.099, 67.239
 72240, 653.694,  5.089, 60.541
 72300, 627.982,  4.747, 55.263
 72360, 648.757,  4.617, 56.530
 72420, 676.972,  6.193, 56.037
 72480, 652.558,  3.420, 56.010
 72540, 732.419,  7.038, 58.300
 72600, 715.675,  4.942, 59.050
 72660, 695.357,  6.319, 55.253
 72720, 669.595,  7.338, 55.840
 72780, 625.672,  5.632, 51.034
 72840, 680.621,  5.126, 53.585
 72900, 691.640,  5.309, 58.076
 72960, -9999.000, -9999.000, -9999.000
 73020, 658.294,  5.761, 51.894
 73080, 694.689,  4.074, 49.553
 73140, 651.454,  3.844, 50.357
 73200, 645.999,  5.333, 42.676
 73260, 599.129,  3.976, 45.418
 73320, 593.927,  5.766, 39.251
 73380, 598.842,  5.693, 39.462
 73440, 607.580,  5.763, 46.713
 73500, 620.702,  6.266, 48.275
 73560, 607.696,  4.588, 49.519
 73620, 615.391,  5.840, 49.790
 73680, 601.635,  5.784, 46.280
 73740, 578.292,  5.017, 43.349
 73800, 573.059,  3.585, 42.116
 73860, 588.599,  6.032, 47.852
 73920, 582.663,  5.210, 43.676
 73980, 546.251,  5.806, 41.784
 74040, 540.380,  4.239, 43.195
 74100, 534.857,  5.816, 42.110
 74160, 533.404,  4.474, 45.440
 74220, 532.458,  3.902, 35.365
 74280, 496.553,  6.627, 36.157
 74340, 502.672,  2.919, 36.397
 74400, 511.850,  5.933, 28.515
 74460, 467.383,  4.374, 29.534
 74520, 437.824,  5.435, 27.405
 74580, 433.338,  5.252, 27.992
 74640, 445.515,  3.203, 22.618
 74700, 419.221,  3.329, 24.401
 74760, 420.145,  2.202, 24.128
 74820, 429.357,  6.204, 27.470
 74880, 440.660,  4.958, 20.695
 74940, 416.389,  3.655, 24.124
 75000, 415.434,  6.375, 20.144
 75060, 441.628,  5.088, 18.423
 75120, 446.444,  5.318, 24.601
 75180, 433.583,  3.786, 18.835
 75240, 422.595,  4.404, 24.253
 75300, 465.916,  6.213, 24.144
 75360, 452.863,  3.429, 21.307
 75420, 467.182,  4.581, 24.732
 75480, 481.223,  5.043, 24.493
 75540, 454.897,  5.852, 22.258
 75600, 458.322,  8.670, 18.482
 75660, 444.971,  4.705, 21.391
 75720, 427.715,  5.739, 21.981
 75780, 437.552,  4.369, 22.337
 75840, 424.763,  7.413, 21.965
 75900, 423.083,  5.408, 20.030
 75960, 404.544,  6.048, 21.559
 76020, 407.352,  4.830, 19.082
 76080, 393.234,  4.148, 15.783
 76140, 397.106,  5.020, 16.598
 76200, 392.259,  5.703, 16.352
 76260, 390.088,  5.550, 20.036
 76320, 397.310,  4.739, 20.694
