CampaignData_and_Merges/R0/CSL_MobileLab_Parked/raw/20240802/USOS-PTR_MobileLabGround_20240802_R0.ict
58, 1001
Matthew Coggon, Kelvin Bates, Chelsea Stockwell, Carsten Warneke
NOAA ESRL Chemical Sciences Division
NOAA PTR-ToF-MS
USOS
1,1 
2024, 08, 02, 2025, 09, 19
0
Time_Start, seconds, number of seconds from 00:00 UTC 
22
1, 1, 1, 1, 1, 1, 1, 1, 1, 1, 1, 1, 1, 1, 1, 1, 1, 1, 1, 1, 1, 1
-9999, -9999, -9999, -9999, -9999, -9999, -9999, -9999, -9999, -9999, -9999, -9999, -9999, -9999, -9999, -9999, -9999, -9999, -9999, -9999, -9999, -9999
CH3OH_NOAAPTR_ppbv,  ppbv, Gas_CH3OH_InSitu_S_AVMR, (CH3OH) methanol
CH3CN_NOAAPTR_ppbv,  ppbv, Gas_CH3CN_InSitu_S_AVMR, (CH3CN) acetonitrile
CH3CHO_NOAAPTR_ppbv,  ppbv, Gas_CH3CHO_InSitu_S_AVMR, (CH3CHO) acetaldehyde plus contributions from ethylene glycol and ethylene oxide. Interference from ethanol has been subtracted out.
C2H5OH_NOAAPTR_ppbv,  ppbv, Gas_C2H5OH_InSitu_S_AVMR, (C2H5OH) ethanol
CH3SH_NOAAPTR_ppbv,  ppbv, Gas_CH3SH_InSitu_S_AVMR, (CH3SH) methanethiol, using calibration factor for DMS
Acrolein_NOAAPTR_ppbv,  ppbv, Gas_Acrolein_InSitu_S_AVMR, (C3H4O) acrolein
AcetonePropanal_NOAAPTR_ppbv,  ppbv, Gas_AcetoneAndPropanal_InSitu_S_AVMR, (C3H6O) sum of acetone (dominant isomer) and propanal, using calibration factor for acetone
DMS_NOAAPTR_ppbv,  ppbv, Gas_DMS_InSitu_S_AVMR, (C2H6S) dimethyl sulfide with possible small contributions from ethanethiol
C5H8_NOAAPTR_ppbv,  ppbv, Gas_Isoprene_InSitu_S_AVMR, (C5H8) isoprene and possible fragments from cycloalkanes and aldehydes. Interferences have been subtracted following methods described by Coggon et al (2023)
MVKMAC_NOAAPTR_ppbv,  ppbv, Gas_MVKAndMAC_InSitu_S_AVMR, (C4H6O) sum of methyl vinyl ketone, methacrolein, and small amounts of crotonaldehyde, using weighted calibration factor for MVK (0.637) and MACR (0.363)
Benzene_NOAAPTR_ppbv,  ppbv, Gas_Benzene_InSitu_S_AVMR, (C6H6) benzene
Toluene_NOAAPTR_ppbv,  ppbv, Gas_Toluene_InSitu_S_AVMR, (C7H8) toluene with possible small contributions of fragments from ethyltoluene
Styrene_NOAAPTR_ppbv,  ppbv, Gas_Styrene_InSitu_S_AVMR, (C8H8) styrene
Benzaldehyde_NOAAPTR_ppbv,  ppbv, Gas_Benzaldehyde_InSitu_S_AVMR, (C7H6O) benzaldehyde
C8Aromatics_NOAAPTR_ppbv,  ppbv, Gas_C8Aromatics_InSitu_M_AVMR, (C8H10) sum of m-xylene, p-xylene, o-xylene, and ethyl benzene
C9Aromatics_NOAAPTR_ppbv,  ppbv, Gas_C9Aromatics_InSitu_M_AVMR, (C9H12) sum of C9 aromatics
Naphthalene_NOAAPTR_ppbv,  ppbv, Gas_Naphthalene_InSitu_S_AVMR, (C10H8) naphthalene
Octanal_NOAAPTR_ppbv,  ppbv, Gas_Octanal_InSitu_S_AVMR, (C8H16O) octanal and small amounts of octanone
Monoterpenes_NOAAPTR_ppbv,  ppbv, Gas_Monoterpenes_InSitu_M_AVMR, (C10H16) sum of monoterpenes and possible contributions from fragments of oxygenated monoterpenoids such as eucalyptol.
Nonanal_NOAAPTR_ppbv,  ppbv, Gas_Nonanal_InSitu_M_AVMR, (C9H18O) nonanal and small amounts of nonanone
C7H4ClF3_NOAAPTR_ppbv,  ppbv, Gas_C7H4ClF3_InSitu_S_AVMR, (C7H4ClF3) parachlorobenzotrifluoride
C10H30O5Si5_NOAAPTR_ppbv,  ppbv, Gas_C10H30O5Si5_InSitu_S_AVMR, (C10H30O5Si5) decamethylcyclopentasiloxane
1
SPECIAL COMMENTS:N/A
21
PI_CONTACT_INFO: NOAA ESRL Chemical Sciences Division, Tropospheric Chemistry Group. 325 Broadway, R/CSD7, Boulder, CO 80305
PLATFORM: Mobile Laboratory.
LOCATION: Salt Lake City, UT
ASSOCIATED_DATA: N/A
INSTRUMENT_INFO: NOAA PTR-ToF-MS measurements on NOAA CSL Mobile Lab
DATA_INFO: Units: ppbv
UNCERTAINTY: See OTHER_COMMENTS
ULOD_FLAG: -7777
ULOD_VALUE: N/A
LLOD_FLAG: -8888
LLOD_VALUE: N/A.
DM_CONTACT_INFO: Data Managers: Matt Coggon, Kelvin Bates, Chelsea Stockwell; email: matthew.m.coggon@noaa.gov and kelvin.bates@colorado.edu
PROJECT_INFO: USOS Deployment July-August, 2024
STIPULATIONS_ON_USE: Use of these data require prior OK from PI.
OTHER_COMMENTS: Uncertainties:
CH3OH_NOAAPTR_ppbv:30%; CH3CN_NOAAPTR_ppbv:30%; CH3CHO_NOAAPTR_ppbv:30%; C2H5OH_NOAAPTR_ppbv:30%; CH3SH_NOAAPTR_ppbv:50%; Acrolein_NOAAPTR_ppbv:30%; AcetonePropanal_NOAAPTR_ppbv:30%; DMS_NOAAPTR_ppbv:30%; C5H8_NOAAPTR_ppbv:30%; MVKMAC_NOAAPTR_ppbv:30%; 
Benzene_NOAAPTR_ppbv:30%; Toluene_NOAAPTR_ppbv:30%; Styrene_NOAAPTR_ppbv:30%; Benzaldehyde_NOAAPTR_ppbv:30%; C8Aromatics_NOAAPTR_ppbv:30%; C9Aromatics_NOAAPTR_ppbv:30%; Naphthalene_NOAAPTR_ppbv:30%; Octanal_NOAAPTR_ppbv:30%; Monoterpenes_NOAAPTR_ppbv:30%; Nonanal_NOAAPTR_ppbv:30%; 
C7H4ClF3_NOAAPTR_ppbv:30%; C10H30O5Si5_NOAAPTR_ppbv:30%; 
REVISION: R0
R0: Calibrated PTR Data. See individual species comments for details about measurement uncertainties
Time_Start, CH3OH_NOAAPTR_ppbv, CH3CN_NOAAPTR_ppbv, CH3CHO_NOAAPTR_ppbv, C2H5OH_NOAAPTR_ppbv, CH3SH_NOAAPTR_ppbv, Acrolein_NOAAPTR_ppbv, AcetonePropanal_NOAAPTR_ppbv, DMS_NOAAPTR_ppbv, C5H8_NOAAPTR_ppbv, MVKMAC_NOAAPTR_ppbv, Benzene_NOAAPTR_ppbv, Toluene_NOAAPTR_ppbv, Styrene_NOAAPTR_ppbv, Benzaldehyde_NOAAPTR_ppbv, C8Aromatics_NOAAPTR_ppbv, C9Aromatics_NOAAPTR_ppbv, Naphthalene_NOAAPTR_ppbv, Octanal_NOAAPTR_ppbv, Monoterpenes_NOAAPTR_ppbv, Nonanal_NOAAPTR_ppbv, C7H4ClF3_NOAAPTR_ppbv, C10H30O5Si5_NOAAPTR_ppbv
[from data line 141]
 8460.0, -9999.00000, -9999.00000, -9999.00000, -9999.00000, -9999.00000, -9999.00000, -9999.00000, -9999.00000, -9999.00000, -9999.00000, -9999.00000, -9999.00000, -9999.00000, -9999.00000, -9999.00000, -9999.00000, -9999.00000, -9999.00000, -9999.00000, -9999.00000, -9999.00000, -9999.00000 
 8520.0, -9999.00000, -9999.00000, -9999.00000, -9999.00000, -9999.00000, -9999.00000, -9999.00000, -9999.00000, -9999.00000, -9999.00000, -9999.00000, -9999.00000, -9999.00000, -9999.00000, -9999.00000, -9999.00000, -9999.00000, -9999.00000, -9999.00000, -9999.00000, -9999.00000, -9999.00000 
 8580.0, -9999.00000, -9999.00000, -9999.00000, -9999.00000, -9999.00000, -9999.00000, -9999.00000, -9999.00000, -9999.00000, -9999.00000, -9999.00000, -9999.00000, -9999.00000, -9999.00000, -9999.00000, -9999.00000, -9999.00000, -9999.00000, -9999.00000, -9999.00000, -9999.00000, -9999.00000 
 8640.0, -9999.00000, -9999.00000, -9999.00000, -9999.00000, -9999.00000, -9999.00000, -9999.00000, -9999.00000, -9999.00000, -9999.00000, -9999.00000, -9999.00000, -9999.00000, -9999.00000, -9999.00000, -9999.00000, -9999.00000, -9999.00000, -9999.00000, -9999.00000, -9999.00000, -9999.00000 
 8700.0, -9999.00000, -9999.00000, -9999.00000, -9999.00000, -9999.00000, -9999.00000, -9999.00000, -9999.00000, -9999.00000, -9999.00000, -9999.00000, -9999.00000, -9999.00000, -9999.00000, -9999.00000, -9999.00000, -9999.00000, -9999.00000, -9999.00000, -9999.00000, -9999.00000, -9999.00000 
 8760.0, -9999.00000, -9999.00000, -9999.00000, -9999.00000, -9999.00000, -9999.00000, -9999.00000, -9999.00000, -9999.00000, -9999.00000, -9999.00000, -9999.00000, -9999.00000, -9999.00000, -9999.00000, -9999.00000, -9999.00000, -9999.00000, -9999.00000, -9999.00000, -9999.00000, -9999.00000 
 8820.0, -9999.00000, -9999.00000, -9999.00000, -9999.00000, -9999.00000, -9999.00000, -9999.00000, -9999.00000, -9999.00000, -9999.00000, -9999.00000, -9999.00000, -9999.00000, -9999.00000, -9999.00000, -9999.00000, -9999.00000, -9999.00000, -9999.00000, -9999.00000, -9999.00000, -9999.00000 
 8880.0, -9999.00000, -9999.00000, -9999.00000, -9999.00000, -9999.00000, -9999.00000, -9999.00000, -9999.00000, -9999.00000, -9999.00000, -9999.00000, -9999.00000, -9999.00000, -9999.00000, -9999.00000, -9999.00000, -9999.00000, -9999.00000, -9999.00000, -9999.00000, -9999.00000, -9999.00000 
 8940.0, -9999.00000, -9999.00000, -9999.00000, -9999.00000, -9999.00000, -9999.00000, -9999.00000, -9999.00000, -9999.00000, -9999.00000, -9999.00000, -9999.00000, -9999.00000, -9999.00000, -9999.00000, -9999.00000, -9999.00000, -9999.00000, -9999.00000, -9999.00000, -9999.00000, -9999.00000 
 9000.0, -9999.00000, -9999.00000, -9999.00000, -9999.00000, -9999.00000, -9999.00000, -9999.00000, -9999.00000, -9999.00000, -9999.00000, -9999.00000, -9999.00000, -9999.00000, -9999.00000, -9999.00000, -9999.00000, -9999.00000, -9999.00000, -9999.00000, -9999.00000, -9999.00000, -9999.00000 
 9060.0, 14.19486, -9999.00000, -9999.00000, 8.17383, 0.00747, 0.30889, 4.77917, 0.02545, -9999.00000, -9999.00000, 0.31588, 0.56083, 0.05993, 0.03235, 0.30432, 0.13056, 0.01718, 0.06202, 0.25944, 0.11012, 0.02275, 0.01649 
 9120.0, 13.40213, 0.36489, 2.73797, 7.64854, 0.00464, 0.32389, 4.60558, 0.02783, 1.26962, 0.73120, 0.31355, 0.50697, 0.06015, 0.01739, 0.32177, 0.12277, 0.01888, 0.06416, 0.21875, 0.08754, 0.03382, 0.01707 
 9180.0, 14.59196, 0.36326, 2.80272, 7.69799, 0.00792, 0.31325, 4.57784, 0.01954, 1.22149, 0.70737, 0.32342, 0.51896, 0.00619, 0.02753, 0.32508, 0.13006, 0.01463, 0.10123, 0.22349, 0.10076, 0.03530, 0.01090 
 9240.0, 14.20601, 0.36888, 2.95320, 8.78190, 0.00670, 0.37875, 4.88675, 0.01000, 1.42997, 0.80509, 0.35488, 0.56949, 0.04431, 0.03601, 0.31933, 0.11259, 0.01596, 0.06905, 0.23984, 0.10367, 0.02935, 0.01668 
 9300.0, 14.35387, 0.37303, 3.03036, 9.39577, 0.00304, 0.32329, 4.97384, 0.01009, 1.33908, 0.75423, 0.37213, 0.63810, 0.05050, 0.02871, 0.39056, 0.17101, 0.00087, 0.08854, 0.23147, 0.13116, 0.03605, 0.01953 
 9360.0, 14.31330, 0.34595, 2.97912, 8.53080, 0.00424, 0.34248, 4.88317, 0.02472, 1.28145, 0.79395, 0.32669, 0.58487, 0.00054, 0.00129, 0.34020, 0.14105, 0.00796, 0.07159, 0.26253, 0.10485, 0.04074, 0.01387 
 9420.0, 13.95878, 0.35704, 2.92665, 9.48768, 0.00215, 0.33734, 4.84121, 0.02601, 1.41191, 0.77302, 0.30935, 0.61014, 0.04990, 0.02019, 0.37197, 0.14273, 0.02377, 0.06988, 0.24554, 0.11895, 0.03716, 0.01198 
 9480.0, 13.76698, 0.36214, 2.91235, 8.51443, 0.01006, 0.35009, 4.75716, 0.01770, 1.32814, 0.75920, 0.34320, 0.61060, 0.05745, 0.01961, 0.35918, 0.15239, 0.00372, 0.05337, 0.27192, 0.10689, 0.03033, 0.02184 
 9540.0, 14.51436, 0.35161, 2.77678, 7.81561, 0.00640, 0.31896, 4.67465, 0.02056, 1.25537, 0.74174, 0.28169, 0.55350, 0.05051, 0.01777, 0.35401, 0.14459, 0.01514, 0.04918, 0.21667, 0.11575, 0.03724, 0.01898 
 9600.0, 16.02509, 0.36396, 2.67126, 7.25634, 0.00399, 0.33740, 4.58050, 0.02428, 1.36409, 0.80099, 0.34775, 0.56840, 0.04881, 0.02578, 0.33345, 0.15808, 0.00039, 0.05397, 0.24436, 0.12155, 0.03247, 0.02082 
 9660.0, 12.63447, 0.44185, 2.34808, 6.19180, 0.00186, 0.31437, 4.52756, 0.02804, 1.92731, 0.83781, 0.19841, 0.47040, 0.03737, -0.00943, 0.27807, 0.14950, 0.01141, 0.07302, 0.35539, 0.07803, 0.03193, 0.00984 
 9720.0, 16.37176, 0.39558, 2.78918, 7.12227, 0.00299, 0.34246, 4.68755, 0.00530, 1.60743, 0.83328, 0.34364, 0.64242, 0.05209, -0.00370, 0.37439, 0.16542, -0.00563, 0.07195, 0.37142, 0.08377, 0.02680, 0.01249 
 9780.0, 15.94488, 0.41191, 2.70632, 6.83245, 0.00236, 0.34343, 4.69785, 0.03520, 1.75020, 0.84985, 0.25391, 0.52760, 0.04216, -0.00753, 0.31932, 0.15523, 0.00395, 0.07351, 0.35594, 0.09032, 0.02657, 0.01336 
 9840.0, 13.40731, 0.46620, 2.48875, 6.37631, 0.00510, 0.32696, 4.63917, 0.02862, 2.06256, 0.86821, 0.27038, 0.51399, 0.04219, -0.00750, 0.31970, 0.15067, 0.00312, 0.05742, 0.33555, 0.09415, 0.02100, 0.01135 
 9900.0, 12.48839, 0.48161, 2.41685, 5.76503, 0.00381, 0.30533, 4.52333, 0.02683, 2.34732, 0.87036, 0.30340, 0.52637, 0.05526, -0.01703, 0.30527, 0.14801, -0.00711, 0.05822, 0.34095, 0.06092, 0.02674, 0.01279 
 9960.0, 15.85254, 0.46210, 2.58630, 5.88652, 0.00630, 0.30860, 4.58431, 0.02285, 2.17096, 0.89074, 0.27783, 0.51641, 0.04312, 0.01084, 0.33355, 0.15224, 0.00785, 0.06374, 0.38552, 0.10090, 0.01966, 0.01183 
10020.0, 13.26494, 0.47099, 2.56637, 7.01556, 0.00471, 0.36182, 4.78818, 0.03113, 2.25386, 0.89222, 0.24859, 0.61078, 0.04047, -0.01965, 0.31193, 0.13969, 0.00958, 0.06534, 0.43186, 0.09714, 0.01730, 0.01788 
10080.0, 12.05496, 0.48149, 2.07770, 5.25479, 0.00503, 0.33284, 4.16332, 0.02140, 2.57547, 0.89101, 0.18540, 0.45114, 0.01922, -0.00219, 0.23892, 0.11402, -0.00347, 0.04975, 0.42795, 0.07612, 0.01729, 0.00995 
10140.0, 13.87086, 0.49442, 2.37634, 5.75747, 0.00167, 0.34020, 4.39371, 0.03234, 2.57432, 0.94474, 0.22086, 0.50945, -0.00612, -0.00615, 0.30039, 0.14191, 0.01047, 0.06068, 0.43469, 0.09052, 0.01763, 0.01140 
10200.0, 12.98375, 0.49991, 2.15518, 6.98992, 0.00659, 0.33939, 4.16142, 0.02408, 2.64985, 0.93196, 0.29600, 1.12671, 0.02493, -0.00555, 0.42066, 0.15619, 0.00094, 0.02262, 0.46993, 0.05996, 0.01544, 0.01012 
10260.0, 13.51011, 0.50862, 2.17686, 5.49839, 0.00352, 0.33291, 4.18853, 0.02370, 2.69209, 0.89037, 0.22543, 0.48290, 0.00793, -0.01352, 0.24634, 0.12558, 0.00831, 0.04454, 0.46708, 0.06996, 0.01584, 0.00778 
10320.0, 12.26104, 0.49372, 2.18805, 5.76932, 0.00256, 0.33267, 4.09023, 0.01334, 2.82851, 0.92706, 0.19023, 0.50943, 0.04598, -0.01055, 0.32538, 0.14624, 0.01720, 0.03654, 0.47644, 0.08284, 0.01632, 0.00926 
10380.0, 11.62422, 0.48818, 1.89065, 4.57159, 0.00148, 0.33756, 3.92052, 0.01189, 3.06762, 0.90282, 0.11601, 0.35531, 0.02920, -0.01969, 0.18328, 0.07606, -0.00709, 0.03237, 0.51965, 0.08896, 0.01308, 0.00398 
10440.0, 11.04720, 0.48661, 1.75722, 4.67008, 0.00567, 0.28282, 3.79794, 0.02763, 3.34032, 0.92778, 0.09012, 0.34917, -0.00612, -0.01970, 0.14854, 0.07953, 0.00273, 0.00606, 0.50943, 0.05780, 0.01628, 0.00496 
10500.0, 14.63456, 0.49803, 2.08719, 5.75265, 0.00241, 0.33648, 4.14644, 0.02397, 3.04851, 0.87027, 0.17304, 0.56099, 0.04791, -0.01970, 0.23955, 0.12193, 0.00529, 0.04030, 0.48725, 0.09105, 0.00711, 0.00782 
10560.0, 12.89385, 0.50183, 1.99317, 4.82576, 0.00505, 0.33029, 3.89991, -0.00129, 3.15546, 0.95046, 0.26908, 0.45140, 0.03239, 0.03202, 0.19671, 0.08721, 0.00554, 0.02842, 0.53362, 0.07684, 0.01131, 0.00936 
10620.0, 13.53961, 0.52012, 1.93534, 5.14497, 0.00008, 0.31138, 4.04574, 0.00178, 3.36328, 0.94612, 0.27668, 0.44912, 0.03687, 0.03386, 0.19176, 0.09337, 0.00826, 0.04289, 0.59460, 0.04229, 0.00719, 0.00663 
10680.0, 12.68631, 0.64815, 2.01231, 4.70278, 0.00245, 0.34942, 3.98341, 0.00248, 3.67100, 0.94067, 0.26124, 0.43473, 0.02577, 0.02439, 0.19779, 0.08556, 0.00586, 0.03766, 0.57495, 0.08531, 0.00324, 0.00243 
10740.0, 13.02781, 0.66206, 2.06202, 4.94213, 0.00410, 0.32851, 4.09138, -0.00130, 3.55872, 0.96126, 0.21230, 0.44879, 0.02833, 0.01175, 0.22291, 0.08304, 0.00806, 0.04196, 0.53732, 0.06373, 0.01111, 0.00761 
10800.0, 12.93701, 0.60991, 2.13213, 5.19603, 0.00673, 0.33329, 4.19442, 0.00728, 3.61117, 0.98421, 0.22945, 0.45456, 0.01517, 0.00632, 0.24429, 0.09234, -0.00207, 0.04268, 0.53952, 0.08983, 0.00984, 0.01127 
10860.0, 12.53407, 0.63480, 2.05672, 4.59694, 0.00290, 0.31541, 4.04918, -0.00130, 3.64560, 0.94028, 0.22057, 0.39153, 0.03305, 0.00545, 0.20626, 0.08814, 0.00162, 0.03622, 0.53729, 0.07575, 0.01182, 0.00872 
10920.0, 12.89826, 0.57544, 2.12069, 5.22184, 0.00095, 0.32325, 4.05081, 0.00195, 3.62967, 0.95978, 0.20239, 0.38523, 0.02963, 0.00365, 0.21176, 0.09490, -0.00533, 0.02206, 0.53537, 0.04635, 0.01108, 0.00688 
10980.0, 11.04630, 0.55323, 1.91482, 4.33581, 0.00638, 0.30286, 3.82021, 0.00900, 3.73493, 0.91887, 0.14162, 0.34370, 0.01447, -0.00554, 0.18087, 0.06603, -0.00428, 0.02982, 0.49873, 0.04909, 0.00920, 0.00426 
11040.0, 11.13954, 0.52204, 1.86213, 4.61899, 0.00035, 0.33355, 3.91790, 0.00659, 3.65612, 0.95818, 0.18855, 0.36287, 0.00631, 0.01173, 0.17235, 0.08654, 0.01329, 0.03762, 0.50481, 0.05232, 0.00607, 0.00773 
11100.0, 12.41786, 0.55120, 2.02022, 4.88489, 0.00159, 0.32251, 3.96051, 0.00171, 3.61922, 0.94827, 0.17234, 0.35553, 0.02622, -0.01498, 0.20863, 0.07507, 0.00225, 0.03690, 0.50210, 0.07706, 0.00915, 0.00637 
11160.0, 13.42933, 0.52744, 1.92574, 4.54448, 0.00524, 0.31683, 3.90817, 0.00397, 3.65948, 0.96140, 0.14491, 0.36589, 0.02034, -0.01374, 0.18827, 0.08237, -0.00188, 0.03925, 0.43162, 0.05863, 0.00934, 0.00981 
11220.0, 12.55699, 0.55108, 1.83482, 4.66506, 0.00283, 0.31487, 3.81216, 0.02148, 3.47782, 0.90683, 0.13365, 0.34820, 0.01492, -0.01978, 0.18423, 0.07037, -0.00680, 0.04642, 0.48183, 0.04147, 0.00246, 0.00679 
11280.0, 13.27900, 0.51183, 1.92838, 4.94163, 0.00276, 0.30611, 3.90524, -0.00131, 3.54708, 0.90812, 0.14495, 0.34763, 0.02657, 0.01814, 0.18742, 0.07320, -0.00677, 0.03148, 0.50383, 0.06657, 0.00845, 0.00971 
11340.0, 11.66399, 0.51061, 1.70901, 3.53958, 0.00411, 0.27203, 3.64372, 0.01627, 3.38513, 0.87180, 0.12104, 0.35864, 0.01862, 0.00133, 0.16366, 0.07421, 0.00284, 0.02717, 0.40209, 0.03337, 0.01257, 0.00364 
11400.0, 12.56042, 0.49698, 1.69984, 4.14205, 0.00204, 0.30113, 3.71497, 0.01214, 3.41093, 0.90738, 0.17628, 0.32869, 0.01226, -0.01129, 0.16765, 0.07020, 0.00334, 0.02295, 0.45224, 0.04178, 0.00989, 0.00636 
11460.0, 11.95363, 0.55406, 1.86822, 5.16749, 0.00203, 0.28057, 3.77471, 0.02152, 3.37000, 0.86701, 0.20873, 0.62739, 0.00688, -0.01980, 0.24624, 0.08855, -0.00671, 0.03994, 0.46365, 0.07233, 0.00586, 0.00610 
11520.0, 11.56780, 0.49203, 1.65043, 3.63886, 0.00253, 0.28949, 3.68154, 0.01762, 3.18713, 0.84450, 0.11719, 0.34422, -0.00416, -0.01460, 0.17175, 0.07529, -0.00132, 0.03112, 0.43678, 0.05900, 0.00682, 0.00588 
11580.0, 10.62788, 0.47242, 1.52146, 3.32403, 0.00364, 0.25414, 3.59791, -0.00132, 3.03514, 0.86653, 0.15826, 0.33257, 0.01854, -0.00999, 0.15279, 0.07080, -0.00172, 0.02173, 0.41330, 0.04419, 0.00471, 0.00215 
11640.0, 11.66119, 0.47717, 1.66786, 3.91162, 0.00328, 0.25908, 3.65069, 0.01298, 3.10295, 0.88494, 0.16724, 0.34569, 0.01895, 0.00248, 0.16517, 0.07598, 0.00458, 0.02836, 0.39680, 0.04839, 0.00998, 0.00199 
11700.0, 11.83642, 0.45488, 1.57709, 3.71065, 0.00000, 0.26399, 3.69213, -0.00120, 2.99066, 0.87666, 0.15532, 0.34537, 0.01308, 0.00573, 0.17645, 0.07644, 0.00777, 0.03622, 0.38093, 0.05361, 0.00547, 0.00830 
11760.0, 11.86810, 0.47778, 1.63294, 3.75956, 0.00346, 0.25325, 3.97679, 0.00118, 2.88917, 0.89369, 0.15796, 0.39052, 0.02280, -0.00111, 0.17480, 0.08064, 0.00047, 0.03188, 0.38684, 0.06357, 0.01214, 0.00326 
11820.0, 11.79453, 0.48374, 1.61039, 4.31885, 0.00347, 0.26609, 3.75190, 0.01170, 2.80815, 0.87693, 0.16579, 0.45470, 0.02079, -0.00225, 0.18858, 0.08871, -0.00116, 0.01110, 0.35680, 0.03449, 0.00730, 0.00186 
11880.0, 12.51412, 0.49822, 1.80726, 4.55486, 0.00085, 0.29165, 3.86597, -0.00030, 2.82495, 0.91044, 0.21873, 0.50214, 0.01550, 0.00890, 0.23212, 0.09718, -0.00656, 0.02681, 0.39205, 0.08556, 0.00549, 0.00916 
11940.0, 12.13342, 0.44672, 1.73430, 4.27461, 0.00213, 0.24379, 3.75297, 0.01082, 2.74873, 0.86588, 0.18961, 0.38355, 0.00114, 0.00780, 0.19242, 0.08489, 0.00744, 0.03339, 0.39897, 0.07015, 0.00162, 0.00943 
12000.0, 12.13461, 0.47955, 1.83773, 4.90185, 0.00245, 0.30669, 3.88440, 0.00080, 2.79804, 0.86953, 0.24881, 0.52360, 0.01097, 0.01421, 0.26144, 0.10860, 0.00664, 0.04037, 0.36175, 0.09161, 0.00523, 0.00656 
12060.0, 16.33653, 0.58172, 1.72912, 7.15291, 0.00228, 0.29460, 3.82481, 0.01555, 2.57231, 0.87150, 0.38758, 1.77673, 0.05964, 0.00133, 0.58930, 0.23271, 0.00222, 0.02703, 0.32578, 0.06528, 0.00964, 0.00525 
12120.0, -9999.00000, -9999.00000, -9999.00000, -9999.00000, -9999.00000, -9999.00000, -9999.00000, -9999.00000, -9999.00000, -9999.00000, -9999.00000, -9999.00000, -9999.00000, -9999.00000, -9999.00000, -9999.00000, -9999.00000, -9999.00000, -9999.00000, -9999.00000, -9999.00000, -9999.00000 
12180.0, 10.20816, 0.36367, 1.45836, 3.29882, 0.00109, 0.29052, 3.62659, 0.00125, 2.07697, 0.81767, 0.15330, 0.27997, 0.02263, -0.01367, 0.12083, 0.06284, 0.00481, 0.01780, 0.29950, 0.05112, 0.00866, 0.00167 
12240.0, 12.28269, 0.43992, 1.90616, 4.51061, 0.00256, 0.29073, 3.85988, 0.00302, 2.59446, 0.87175, 0.19574, 0.36192, 0.02497, 0.01341, 0.21212, 0.08917, 0.00688, 0.03638, 0.32113, 0.05564, 0.00628, 0.01516 
12300.0, 9.91427, 0.39133, 1.45766, 3.42576, -0.00050, 0.23003, 3.65421, 0.00124, 2.15790, 0.79465, 0.07772, 0.24612, 0.01738, -0.01990, 0.11422, 0.05577, 0.01666, 0.02943, 0.29202, 0.05239, 0.00423, 0.00199 
12360.0, 10.12257, 0.37899, 1.63101, 3.39657, 0.00151, 0.26185, 3.70960, 0.00714, 2.12502, 0.76576, 0.15385, 0.35309, 0.02586, 0.00933, 0.16012, 0.06684, 0.00397, 0.01932, 0.31561, 0.03286, 0.00343, 0.00611 
12420.0, 10.27361, 0.41332, 1.59471, 3.53041, 0.00237, 0.20440, 3.66750, 0.01009, 2.09467, 0.77458, 0.19624, 0.33288, 0.01821, -0.00981, 0.13976, 0.07021, 0.01075, 0.02103, 0.34358, 0.04689, 0.01056, 0.00249 
12480.0, 10.71177, 0.40213, 1.66869, 3.55240, -0.00007, 0.25880, 3.67010, 0.01172, 2.14432, 0.79245, 0.21818, 0.35490, 0.01479, -0.00716, 0.17328, 0.08443, 0.00305, 0.03124, 0.33470, 0.03331, 0.00509, 0.00356 
12540.0, 11.80684, 0.36926, 1.62081, 3.34278, 0.00442, 0.27156, 3.76443, 0.01369, 2.00795, 0.80152, 0.16050, 0.31966, 0.03084, 0.00040, 0.14573, 0.05856, 0.00305, 0.02394, 0.27177, 0.05496, 0.00257, 0.00192 
12600.0, 11.08327, 0.41038, 1.63162, 3.97232, 0.00247, 0.25007, 3.74239, 0.01487, 1.92656, 0.78963, 0.18114, 0.52386, 0.02374, 0.01694, 0.20259, 0.08018, -0.00630, 0.03996, 0.34041, 0.06035, 0.00093, 0.00780 
12660.0, 9.39328, 0.39041, 1.57251, 3.34180, 0.00137, 0.23350, 3.62723, 0.00845, 1.94847, 0.80260, 0.09410, 0.31717, 0.00269, -0.00663, 0.15003, 0.06513, -0.00340, 0.03133, 0.32321, 0.04116, 0.01034, 0.00647 
