CampaignData_and_Merges/R0/CSL_MobileLab_Parked/raw/20240802/USOS-HCHO_MobileLabGround_20240802_R0.ict
35,1001
Huang, Yaoxian
Wayne State University
Picarro G2307 on CSL Mobile Lab
USOS
1,1
2024,08,02,2024,08,06
1.0
Time_Start,seconds_since_midnight,number_of_seconds_since_0000_UTC
3
1.0,1.0,1.0
-9999.0,-9999.0,-9999.0
HCHO,ppbv,Gas_HCHO_InSitu_S_AVMR,volume mixing ratio of formaldehyde in air
H2O,ppmv,Gas_H2O_InSitu_S_AVMR,volume mixing ratio of water vapor in air
CH4,ppmv,Gas_CH4_InSitu_S_AVMR,volume mixing ratio of methane in air
0
18
PI_CONTACT_INFO: yaoxian.huang@wayne.edu
PLATFORM: CSL Mobile Lab, at Ground Site
LOCATION: Salt Lake City, UT
ASSOCIATED_DATA: N/A
INSTRUMENT_INFO: Cavity Ring-Down Spectrometer
DATA_INFO: Data is averaged to 1 minute intervals for stationary and 1 second interval for driving. Stationary data collected from a 20 ft tower on top of the mobile lab.
UNCERTAINTY: N/A
ULOD_FLAG: -7777
ULOD_VALUE: N/A
LLOD_FLAG: -8888
LLOD_VALUE: N/A
DM_CONTACT_INFO: Yaoxian Huang; yaoxian.huang@wayne.edu
PROJECT_INFO: USOS, Summer 2024. https://csl.noaa.gov/groups/csl7/measurements/2024usos/
STIPULATIONS_ON_USE: Users are strongly encouraged to contact the PI for proper data usage.
OTHER_COMMENTS: Data have been shifted backwards by 1 minute to align with USOS MetNav and Picarro GHG data.
REVISION: R0
R0: Final Data
Time_Start,HCHO,H2O,CH4
[from data line 1083]
64980,10.0687,10492.0,2.14666
65040,9.7224,10541.6,2.15356
65100,9.88293,10476.7,2.15313
65160,9.90333,10372.3,2.15422
65220,9.53952,11005.9,2.153
65280,9.58614,10542.1,2.13228
65340,8.84434,10074.4,2.11716
65400,8.9457,10299.6,2.12803
65460,8.92052,10152.7,2.16828
65520,8.58162,10029.4,2.18472
65580,8.83575,10081.3,2.1849
65640,8.84573,10186.5,2.19243
65700,8.84675,10321.7,2.1992
65760,8.27433,11030.5,2.19892
65820,7.37097,10148.2,2.18686
65880,7.24767,9629.96,2.18826
65940,6.81259,9539.46,2.18513
66000,6.8033,9988.81,2.17319
66060,6.75729,9921.58,2.16098
66120,7.32854,10346.5,2.16776
66180,7.13159,9939.15,2.16196
66240,7.24463,10003.4,2.1622
66300,7.16713,10043.1,2.16805
66360,7.09711,10292.0,2.1774
66420,7.03614,10194.6,2.17152
66480,6.50929,10870.8,2.15567
66540,6.78726,10891.1,2.14984
66600,6.73956,10486.5,2.15184
66660,6.85218,10470.8,2.15861
66720,6.76902,10317.1,2.15289
66780,6.7925,10255.4,2.1541
66840,6.81289,10738.0,2.15217
66900,6.95594,10885.7,2.14915
66960,6.73071,10519.0,2.15171
67020,6.77194,12224.1,2.14708
67080,-9999.0,-9999.0,-9999.0
67140,-9999.0,-9999.0,-9999.0
67200,-9999.0,-9999.0,-9999.0
67260,-9999.0,-9999.0,-9999.0
67320,-9999.0,-9999.0,-9999.0
67380,-9999.0,-9999.0,-9999.0
67440,-9999.0,-9999.0,-9999.0
67500,-9999.0,-9999.0,-9999.0
67560,-9999.0,-9999.0,-9999.0
67620,-9999.0,-9999.0,-9999.0
67680,-9999.0,-9999.0,-9999.0
67740,-9999.0,-9999.0,-9999.0
67800,-9999.0,-9999.0,-9999.0
67860,-9999.0,-9999.0,-9999.0
67920,-9999.0,-9999.0,-9999.0
67980,-9999.0,-9999.0,-9999.0
68040,-9999.0,-9999.0,-9999.0
68100,-9999.0,-9999.0,-9999.0
68160,-9999.0,-9999.0,-9999.0
68220,-9999.0,-9999.0,-9999.0
68280,-9999.0,-9999.0,-9999.0
68340,-9999.0,-9999.0,-9999.0
68400,-9999.0,-9999.0,-9999.0
68460,-9999.0,-9999.0,-9999.0
68520,-9999.0,-9999.0,-9999.0
68580,-9999.0,-9999.0,-9999.0
68640,-9999.0,-9999.0,-9999.0
68700,-9999.0,-9999.0,-9999.0
68760,-9999.0,-9999.0,-9999.0
68820,-9999.0,-9999.0,-9999.0
68880,-9999.0,-9999.0,-9999.0
68940,-9999.0,-9999.0,-9999.0
69000,-9999.0,-9999.0,-9999.0
69060,3.91388,8799.93,1.97023
69120,3.89998,8880.27,1.96835
69180,4.11745,9127.54,1.96909
69240,4.23439,9351.99,1.96913
69300,4.33303,9762.32,1.9653
69360,3.77909,9157.5,1.9634
69420,3.76624,9335.77,1.96499
69480,3.86136,8981.9,1.96363
69540,3.8767,9600.25,1.96511
69600,3.87346,9526.33,1.96882
69660,4.16719,9332.08,1.97088
69720,3.8536,9112.75,1.96956
69780,4.04071,9301.06,1.97045
69840,4.35768,9575.42,1.97114
69900,3.93372,8874.87,1.9712
69960,3.80967,9014.48,1.96832
70020,4.49609,9977.51,1.9726
70080,4.44189,10311.8,1.97375
70140,5.22331,10365.1,1.97217
70200,4.60725,9553.92,1.97288
70260,4.27278,9350.16,1.96917
70320,4.09449,9224.04,1.97258
70380,4.35782,9558.99,1.97357
70440,4.37721,10040.3,1.96904
70500,4.48899,10247.6,1.96838
70560,4.70369,10390.8,1.96698
70620,4.30653,9668.06,1.96601
70680,4.10936,9197.53,1.96486
70740,4.47324,9121.41,1.96335
70800,5.02516,9724.43,1.96603
70860,4.83221,10413.3,1.96849
70920,5.03531,11354.0,1.96491
70980,5.1005,10945.1,1.97076
71040,5.36099,10873.1,1.97092
71100,5.30138,11166.4,1.97648
71160,5.59278,11075.3,1.98063
71220,5.69245,11052.2,1.98653
71280,5.06224,10580.4,1.98317
71340,5.43807,10650.6,1.97648
71400,4.69398,10381.9,1.96901
71460,4.52083,9404.75,1.96609
71520,4.63107,9243.5,1.96833
71580,4.58549,8760.1,1.9662
71640,4.88861,9355.3,1.96604
71700,4.57758,10098.5,1.96615
71760,4.44655,9650.33,1.96548
71820,4.23621,9250.01,1.96227
71880,5.04323,9807.5,1.96972
71940,4.74485,9591.03,1.97027
72000,5.08923,10274.8,1.97314
72060,5.02573,10198.9,1.98024
72120,5.06123,10047.1,1.98239
72180,5.46162,10074.9,1.98259
72240,5.40896,10286.8,1.98338
72300,5.25771,10236.8,1.98524
72360,5.49571,10345.6,1.98168
72420,5.65471,10424.9,1.98586
72480,5.30403,10161.6,1.98598
72540,5.58343,10627.2,1.98571
72600,5.43267,10208.4,1.98587
72660,5.7498,10329.2,1.984
72720,5.47846,10249.8,1.98411
72780,5.51258,10839.6,1.98056
72840,5.16325,10164.0,1.99303
72900,5.57341,10300.1,1.9961
72960,5.74371,10835.7,1.99315
73020,5.72742,10498.1,1.99735
73080,5.97189,10852.2,2.0011
73140,5.58701,10556.3,1.99535
73200,5.63815,10776.1,1.99192
73260,5.20494,10399.9,1.98895
73320,5.33517,10647.0,1.98744
73380,5.43998,10721.9,1.98339
73440,5.29949,10001.6,1.98252
73500,5.13842,9846.79,1.98247
73560,5.04491,10415.7,1.97973
73620,4.89907,9339.81,1.98135
73680,4.63132,9086.39,1.97981
73740,4.99847,8814.05,1.98054
73800,5.12295,10005.0,1.98118
73860,5.08228,10463.8,1.97969
73920,4.97912,9894.71,1.97644
73980,4.98501,9360.28,1.9783
74040,4.95493,9758.9,1.97486
74100,4.8049,10201.9,1.97798
74160,5.43877,10332.1,1.97921
74220,5.28471,10329.4,1.97789
74280,5.20306,10413.4,1.97489
74340,5.18239,9921.6,1.97691
74400,4.51969,9405.79,1.9753
74460,4.37042,8987.59,1.9723
74520,4.6811,9150.44,1.97189
74580,4.49667,9278.11,1.97078
74640,4.47064,9154.91,1.9705
74700,4.67899,9795.52,1.96862
74760,4.73131,8985.28,1.97043
74820,4.37325,8735.76,1.9693
74880,4.24374,8505.32,1.97067
74940,4.22059,8827.95,1.96827
75000,4.61751,9140.81,1.96822
75060,4.27781,8886.4,1.96797
75120,4.31264,8606.5,1.9676
75180,4.17709,8953.65,1.9641
75240,4.69997,8999.28,1.9684
75300,4.52239,8963.86,1.96784
75360,4.56885,8954.1,1.96917
75420,4.48842,8544.37,1.96688
75480,4.65288,8750.84,1.96706
75540,4.48804,8992.7,1.96697
75600,4.72073,9057.9,1.96555
75660,4.82854,9768.02,1.96554
75720,4.46468,9492.31,1.96582
75780,4.32513,9086.14,1.96699
75840,4.24301,9451.87,1.96529
75900,4.44597,9394.69,1.96447
75960,4.27511,8923.96,1.96413
76020,4.54173,9294.87,1.96416
76080,4.18884,9142.44,1.96587
76140,4.30119,8895.87,1.96596
76200,4.47736,9162.57,1.96317
76260,4.18813,8869.34,1.96531
76320,4.31253,8994.01,1.96451
76380,4.43099,9103.87,1.96495
76440,4.50363,9182.26,1.96515
76500,4.31728,9871.13,1.9654
76560,4.33503,10023.0,1.96491
76620,4.50215,9738.95,1.96335
76680,4.30896,9529.52,1.96319
76740,4.37196,9739.01,1.96306
76800,4.32651,9139.22,1.96516
76860,4.35524,9009.82,1.96487
76920,4.61773,8735.17,1.96411
76980,4.34396,9089.61,1.96484
77040,4.20163,8281.03,1.96659
77100,4.19881,8593.82,1.96632
77160,4.57462,9530.7,1.96259
77220,4.54322,9225.07,1.96432
77280,4.16118,8992.67,1.96353
77340,4.08132,8759.36,1.9626
77400,4.52258,9200.28,1.96135
77460,4.27045,9058.89,1.96371
77520,4.51667,9246.24,1.96542
77580,4.39642,9621.71,1.96385
77640,4.22104,9200.44,1.96501
77700,4.46922,9255.59,1.96582
77760,4.08435,8708.6,1.96501
77820,3.96707,8659.98,1.96649
77880,4.1989,9236.47,1.96401
77940,4.09831,9106.87,1.96527
78000,3.96577,8466.4,1.96612
78060,3.86424,8150.84,1.96536
78120,4.16341,8403.13,1.96473
78180,4.31182,8722.56,1.96492
78240,4.2184,8307.83,1.96588
78300,4.59697,8710.79,1.96658
78360,3.94281,8628.47,1.96097
78420,3.75907,8115.0,1.96073
78480,4.13842,8291.26,1.96406
78540,3.70054,7837.55,1.96313
78600,3.91731,7742.18,1.96519
78660,3.87854,7787.64,1.96453
78720,4.22577,8280.79,1.96357
78780,4.10671,8735.64,1.96286
78840,4.20928,8876.94,1.9641
78900,4.26443,8516.93,1.96584
78960,4.61962,8453.57,1.96606
79020,4.2854,8875.11,1.9645
79080,4.12616,8443.4,1.96399
79140,3.94792,8583.54,1.95996
79200,4.18495,8834.65,1.95843
79260,4.25593,8552.91,1.95943
79320,3.84253,8964.71,1.95864
79380,3.82803,9207.92,1.96083
79440,3.97503,8538.01,1.96043
79500,3.73777,8332.18,1.95967
79560,3.74319,8126.47,1.96075
79620,3.88049,8045.34,1.9628
79680,4.05895,8292.99,1.9639
79740,3.64471,7791.75,1.96277
79800,3.90016,7757.71,1.96251
79860,3.95108,8321.86,1.96115
79920,3.83914,8590.71,1.96145
79980,3.82171,9103.4,1.96252
80040,4.13119,9166.0,1.96539
80100,4.05385,9037.9,1.96439
80160,4.21045,9402.76,1.96428
80220,4.33077,9537.16,1.96252
80280,4.04883,9008.68,1.96345
80340,3.92419,9059.23,1.9589
80400,4.16314,9418.96,1.96306
80460,4.24547,9340.94,1.96182
80520,4.1919,9484.91,1.96247
80580,3.8912,8787.76,1.96148
80640,3.82348,8966.31,1.96204
80700,4.15997,8700.01,1.96262
80760,4.26938,9060.75,1.96438
80820,4.32242,9350.15,1.96419
80880,4.1143,9161.46,1.9607
80940,4.02195,8476.91,1.96353
81000,4.1415,8509.38,1.96328
81060,4.43737,8552.44,1.96263
81120,4.2718,8949.64,1.96331
81180,4.12356,9103.13,1.96301
81240,4.34281,8852.11,1.96428
81300,4.15306,8829.81,1.96129
81360,4.27731,9001.05,1.9616
81420,3.92922,8572.47,1.96603
81480,4.10495,8998.07,1.96175
81540,4.10095,8785.28,1.96132
81600,4.30033,8875.74,1.96278
81660,4.26641,9219.36,1.96261
81720,4.25637,9216.48,1.96104
81780,4.37838,9149.02,1.96493
81840,4.21351,8994.3,1.96308
81900,4.53535,9492.04,1.96412
81960,4.23486,9242.58,1.96537
82020,4.21843,9881.43,1.96985
82080,4.03064,9241.19,1.96815
82140,4.14364,9626.48,1.96905
82200,4.16738,9594.17,1.96861
82260,4.37681,9555.89,1.96945
82320,3.80644,9383.66,1.97131
82380,3.86848,9131.99,1.97112
82440,3.91809,8994.18,1.97238
82500,4.02305,8657.68,1.97158
82560,3.77134,8694.9,1.97127
82620,4.20098,8940.86,1.96939
82680,4.31804,10225.2,1.96824
82740,4.06268,9329.98,1.96773
82800,4.11644,9089.08,1.96781
82860,3.87333,9235.54,1.96711
82920,4.04597,9281.24,1.96646
82980,4.1911,9261.22,1.96961
83040,4.01168,9458.2,1.97175
83100,3.88325,9575.38,1.97153
83160,4.01668,9448.29,1.97183
83220,3.85338,9524.91,1.9717
83280,4.0315,9326.75,1.97245
83340,3.76719,9377.83,1.97295
83400,3.94389,9386.4,1.97167
83460,3.75367,9399.11,1.96971
83520,4.27958,9727.31,1.9729
83580,3.91757,9731.97,1.97107
83640,3.80326,9259.4,1.97558
83700,3.74365,9135.85,1.97362
83760,3.88445,9463.97,1.9728
83820,4.05301,9944.36,1.97231
83880,3.98613,9947.86,1.97159
83940,3.92585,9856.15,1.96947
84000,4.18671,9865.22,1.97292
84060,3.99914,10164.0,1.97113
84120,4.29578,10642.0,1.97197
84180,4.44697,10901.9,1.97098
84240,4.35753,10533.5,1.973
84300,4.21076,10381.1,1.97255
84360,4.31725,10111.9,1.97318
84420,4.14351,10074.0,1.97085
84480,4.17326,10099.2,1.97248
84540,4.11502,9962.43,1.97315
84600,3.93484,10104.6,1.97114
84660,4.03981,10084.4,1.97215
84720,4.00979,9702.44,1.97132
84780,4.06577,9936.91,1.9721
84840,4.16538,10045.2,1.96948
84900,3.59107,9684.21,1.97084
84960,3.80275,9369.42,1.96939
85020,3.58997,9346.11,1.96855
85080,3.49835,9512.48,1.96556
85140,3.5624,9175.09,1.96555
85200,3.57944,9466.32,1.9701
85260,3.45486,9723.17,1.96802
85320,3.68277,9445.43,1.97177
85380,3.50368,9455.42,1.97109
85440,4.01294,10227.0,1.96795
85500,3.97675,10068.7,1.97369
85560,4.08061,10258.9,1.9722
85620,4.02904,9980.94,1.97261
85680,4.09949,10470.4,1.97259
85740,3.98536,10334.5,1.97588
85800,4.15644,10047.6,1.97377
85860,4.22284,10420.1,1.9741
85920,3.87844,9617.49,1.97284
85980,3.89369,9975.29,1.97488
86040,4.0571,10125.3,1.97629
86100,4.14503,9979.31,1.97519
86160,4.01935,9880.7,1.97358
86220,4.10418,10420.2,1.97294
86280,4.17,10595.6,1.97441
86340,-9999.0,-9999.0,-9999.0
