CampaignData_and_Merges/R0/CSL_MobileLab_Parked/raw/20240802/USOS-NOAAIodideCIMS-HCOOH_MobileLabGround_20240802_RA.ict
33, 1001
Michael A Robinson, Chris Jernigan, Subi Thakali
NOAA ESRL Chemical Sciences Laboratory and CIRES, U. of Colorado
NOAA Iodide CIMS Instrument
USOS
1, 1
2024, 08, 02, 2024, 08, 03
1
starttime_UTC, seconds_past_midnight, seconds_of_day_since_00:00:00_UTC
1
1
-9999
HCOOH_NOAACIMS, pptv, Gas_HCOOH_InSitu_S_AVMR, 
0
18
PI_CONTACT_INFO: 325 Broadway, R/CSD 7, Boulder, Colorado 80305; michael.a.robinson@noaa.gov; chris.jernigan@noaa.gov;
PLATFORM: NOAA CSL Mobile Lab
LOCATION: SLC, Utah
ASSOCIATED_DATA: 1Hz data also available on request.
INSTRUMENT_INFO: NOAA I- ToF CIMS
DATA_INFO: All data in parts per trillion by volume (pptv). 1 Hz data is available upon request.
UNCERTAINTY: TBD
ULOD_FLAG: -7777
ULOD_VALUE: N/A
LLOD_FLAG: -8888
LLOD_VALUE: N/A
DM_CONTACT_INFO: Nathan Howard; nathan.h.howard@noaa.gov
PROJECT_INFO: USOS, summer 2024. https://csl.noaa.gov/groups/csl7/measurements/2024usos/
STIPULATIONS_ON_USE: Users are strongly encouraged to contact the PI for proper data usage.
OTHER_COMMENTS: 
REVISION: RA
RA: Preliminary Data; For in-field use only
starttime_UTC, HCOOH_NOAACIMS
     0, -9999.000
    60, -9999.000
   120, -9999.000
   180, -9999.000
   240, -9999.000
   300, -9999.000
   360, -9999.000
   420, -9999.000
   480, -9999.000
   540, -9999.000
   600, -9999.000
   660, -9999.000
   720, -9999.000
   780, -9999.000
   840, -9999.000
   900, -9999.000
   960, -9999.000
  1020, -9999.000
  1080, -9999.000
  1140, -9999.000
  1200, -9999.000
  1260, -9999.000
  1320, -9999.000
  1380, -9999.000
  1440, -9999.000
  1500, -9999.000
  1560, -9999.000
  1620, -9999.000
  1680, -9999.000
  1740, -9999.000
  1800, -9999.000
  1860, -9999.000
  1920, -9999.000
  1980, -9999.000
  2040, -9999.000
  2100, 2153.083
  2160, 1727.395
  2220, -9999.000
  2280, -9999.000
  2340, -9999.000
  2400, -9999.000
  2460, -9999.000
  2520, -9999.000
  2580, -9999.000
  2640, -9999.000
  2700, -9999.000
  2760, -9999.000
  2820, -9999.000
  2880, -9999.000
  2940, -9999.000
  3000, -9999.000
  3060, -9999.000
  3120, -9999.000
  3180, -9999.000
  3240, -9999.000
  3300, -9999.000
  3360, -9999.000
  3420, -9999.000
  3480, -9999.000
  3540, -9999.000
  3600, -9999.000
  3660, -9999.000
  3720, -9999.000
  3780, -9999.000
  3840, -9999.000
  3900, -9999.000
  3960, -9999.000
  4020, -9999.000
  4080, -9999.000
  4140, -9999.000
  4200, -9999.000
  4260, -9999.000
  4320, 272.705
  4380, 358.848
  4440, 346.784
  4500, 380.672
  4560, 375.029
  4620, 397.289
  4680, 370.914
  4740, 420.528
  4800, 394.072
  4860, 432.376
  4920, 409.060
  4980, 444.509
  5040, 442.711
  5100, 468.968
  5160, 446.203
  5220, 467.330
  5280, 434.482
  5340, 450.248
  5400, 440.326
  5460, 450.300
  5520, 448.598
  5580, 473.727
  5640, 491.213
  5700, 489.934
  5760, 503.507
  5820, 492.045
  5880, 488.869
  5940, -9999.000
  6000, 566.392
  6060, 573.844
  6120, 562.251
  6180, 556.485
  6240, 584.825
  6300, 576.879
  6360, 567.882
  6420, 580.066
  6480, 604.594
  6540, 636.306
  6600, 584.738
  6660, 597.077
  6720, 613.497
  6780, 614.868
  6840, 638.200
  6900, 628.920
  6960, 666.870
  7020, 681.764
  7080, 685.729
  7140, 673.645
  7200, 715.321
  7260, 669.190
  7320, 697.202
  7380, 730.770
  7440, 713.528
  7500, 693.578
  7560, 713.358
  7620, 758.607
  7680, 736.772
  7740, 716.934
  7800, 776.118
  7860, 788.303
  7920, 799.616
  7980, 814.280
  8040, 824.781
  8100, 829.512
  8160, 885.495
  8220, 857.134
  8280, 918.863
  8340, 1020.041
  8400, 1060.497
  8460, 1077.562
  8520, 1138.796
  8580, 1151.922
  8640, 1219.373
  8700, 1170.402
  8760, 1200.100
  8820, 1185.052
  8880, 1187.315
  8940, 1196.269
  9000, 1241.695
  9060, 1276.676
  9120, 1258.065
  9180, 1292.110
  9240, 1361.445
  9300, 1435.901
  9360, 1364.548
  9420, 1381.656
  9480, 1355.963
  9540, 1276.385
  9600, 1184.376
  9660, 1231.382
  9720, 1292.199
  9780, 1313.849
  9840, 1317.598
  9900, 1344.899
  9960, 1343.516
 10020, 1431.374
 10080, 1289.668
 10140, 1382.382
 10200, 1281.794
 10260, 1359.732
 10320, 1363.171
 10380, 1272.563
 10440, 1291.941
 10500, 1407.744
 10560, 1342.699
 10620, 1303.638
 10680, 1299.959
 10740, 1350.065
 10800, 1433.402
 10860, 1389.696
 10920, 1337.957
 10980, 1332.816
 11040, 1341.954
 11100, 1369.158
 11160, 1342.982
 11220, 1376.613
 11280, 1346.502
 11340, 1320.539
 11400, 1378.363
 11460, 1395.119
 11520, 1425.619
 11580, 1395.522
 11640, 1438.764
 11700, 1432.415
 11760, 1456.517
 11820, 1478.776
 11880, 1502.367
 11940, 1514.695
 12000, 1470.108
 12060, 1484.692
 12120, 1481.331
 12180, 1456.671
 12240, 1526.334
 12300, 1538.548
 12360, 1546.273
 12420, 1540.230
 12480, 1584.014
 12540, 1563.398
 12600, 1573.940
 12660, 1540.331
 12720, 1574.482
 12780, 1514.177
 12840, 1506.953
 12900, 1547.785
 12960, 1609.844
 13020, 1604.071
 13080, 1601.734
 13140, 1610.733
 13200, 1638.323
 13260, 1616.431
 13320, -9999.000
 13380, 1563.868
 13440, 1657.231
 13500, 1693.697
 13560, 1711.583
 13620, 1641.195
 13680, 1580.035
 13740, 1627.960
 13800, 1625.567
 13860, 1648.676
 13920, 1641.178
 13980, 1660.732
 14040, 1630.710
 14100, 1632.466
 14160, 1739.835
 14220, 1658.824
 14280, 1650.985
 14340, 1662.017
 14400, 1678.224
 14460, 1673.064
 14520, 1636.837
 14580, 1665.790
 14640, 1659.362
 14700, 1688.984
 14760, 1700.221
 14820, 1731.756
 14880, 1704.468
 14940, 1731.511
 15000, 1755.938
 15060, 1736.768
 15120, 1659.058
 15180, -9999.000
 15240, 1686.044
 15300, 1745.984
 15360, 1726.739
 15420, 1748.480
 15480, 1798.433
 15540, 1803.983
 15600, 1806.400
 15660, 1763.919
 15720, 1738.932
 15780, 1750.076
 15840, 1789.528
 15900, 1709.410
 15960, 1836.943
 16020, 1791.799
 16080, 1754.095
 16140, 1862.377
 16200, 1862.153
 16260, 1829.082
 16320, 1796.446
 16380, 1848.085
 16440, 1857.506
 16500, 1813.271
 16560, 1778.785
 16620, 1891.255
 16680, 1924.962
 16740, 1890.750
 16800, 1946.016
 16860, 1946.036
 16920, 2003.727
 16980, 1983.679
 17040, -9999.000
 17100, 2053.145
 17160, 2129.267
 17220, 2087.448
 17280, 2085.047
 17340, 2180.125
 17400, 2252.339
 17460, 2371.041
 17520, 2295.026
 17580, 2312.926
 17640, 2305.378
 17700, 2292.414
 17760, 2386.498
 17820, 2370.920
 17880, 2446.708
 17940, 2375.467
 18000, 2386.185
 18060, 2259.524
 18120, 2203.075
 18180, 2451.312
 18240, 2452.759
 18300, 2395.106
 18360, 2473.410
 18420, 2624.958
 18480, 2579.203
 18540, 2559.021
 18600, 2490.216
 18660, 2659.499
 18720, 2697.187
 18780, 2726.143
 18840, 2539.699
 18900, 2678.346
 18960, 2578.372
 19020, 2628.488
 19080, 2781.034
 19140, 2739.479
 19200, 2583.738
 19260, 2700.756
 19320, 2840.280
 19380, 3004.090
 19440, 3052.820
 19500, 2974.958
 19560, 2837.846
 19620, 2843.662
 19680, 2733.442
 19740, 2784.805
 19800, 2592.353
 19860, 2881.220
 19920, 2891.181
 19980, 2784.801
 20040, 2427.599
 20100, 2424.031
 20160, 2189.373
 20220, 2121.906
 20280, 2146.893
 20340, 2106.128
 20400, 1958.157
 20460, 2008.682
 20520, 1880.999
 20580, 1855.886
 20640, 1832.261
 20700, -9999.000
 20760, 1868.960
 20820, 1976.403
 20880, 1952.571
 20940, 2014.605
 21000, 1927.253
 21060, 1922.944
 21120, 1978.238
 21180, 1951.727
 21240, 1955.948
 21300, 1913.087
 21360, 1929.936
 21420, 1926.209
 21480, 1893.337
 21540, 1883.904
 21600, 2045.385
 21660, 2072.362
 21720, 1965.052
 21780, 1930.229
 21840, 1832.265
 21900, 1942.281
 21960, 1775.105
 22020, 1695.778
 22080, 1733.369
 22140, 1659.494
 22200, 1641.321
 22260, 1686.191
 22320, 1725.060
 22380, 1634.909
 22440, 1599.641
 22500, 1622.089
 22560, -9999.000
 22620, 1785.330
 22680, 1957.047
 22740, 1940.549
 22800, 2130.839
 22860, 2174.364
 22920, 2177.904
 22980, 2423.993
 23040, 2549.218
 23100, 2522.747
 23160, 2318.385
 23220, 2311.486
 23280, 2370.609
 23340, 2357.284
 23400, 2337.535
 23460, 2333.679
 23520, 2168.439
 23580, 1808.868
 23640, 1902.953
 23700, 2253.257
 23760, 2311.786
 23820, 2329.129
 23880, 2219.757
 23940, 2058.335
 24000, 2055.452
 24060, 1995.203
 24120, 1775.034
 24180, 1709.661
 24240, 1655.322
 24300, 1637.412
 24360, 1642.119
 24420, -9999.000
 24480, 1656.178
 24540, 1644.517
 24600, 1523.348
 24660, 1609.075
 24720, 1748.496
 24780, 1748.624
 24840, 1742.048
 24900, 1662.086
 24960, 1699.201
 25020, 1868.696
 25080, 1758.541
 25140, 1669.252
 25200, 1657.509
 25260, 1584.116
 25320, 1677.232
 25380, 1720.422
 25440, 2131.756
 25500, 2327.599
 25560, 2315.118
 25620, 2475.733
 25680, 2220.233
 25740, 2429.674
 25800, 2291.203
 25860, 2291.132
 25920, 2514.033
 25980, 2299.030
 26040, 2444.681
 26100, 2511.949
 26160, 2449.872
 26220, 2413.550
 26280, 2551.402
 26340, 2491.066
 26400, 2617.697
 26460, 2521.434
 26520, 2437.484
 26580, 2609.231
 26640, 2657.512
 26700, 2673.096
 26760, 2531.082
 26820, 2664.367
 26880, 2491.313
 26940, 2504.977
 27000, 2713.352
 27060, 2757.736
 27120, 2681.481
 27180, 2693.008
 27240, 2548.956
 27300, 2550.568
 27360, 2692.611
 27420, 2744.542
 27480, 2614.601
 27540, 2659.714
 27600, 2444.266
 27660, 2292.960
 27720, 2353.265
 27780, 2338.039
 27840, 2519.333
 27900, 2428.950
 27960, 2049.038
 28020, 2105.123
 28080, -9999.000
 28140, 2307.619
 28200, 2162.591
 28260, 2294.020
 28320, 2209.220
 28380, 2115.868
 28440, 2129.584
 28500, 2328.924
 28560, 2171.394
 28620, 2192.184
 28680, 2094.853
 28740, 2171.662
 28800, 2295.966
 28860, 2269.702
 28920, 2041.725
 28980, 2086.379
 29040, 2286.173
 29100, 2243.459
 29160, 2394.698
 29220, 2398.942
 29280, 2221.547
 29340, 2397.241
 29400, 2275.047
 29460, 2307.191
 29520, 2363.406
 29580, 2534.963
 29640, 2449.730
 29700, 2559.323
 29760, 2345.811
 29820, 2612.328
 29880, 2669.607
 29940, 2628.369
 30000, 2703.472
 30060, 2671.526
 30120, 2576.233
 30180, 2650.362
 30240, 2600.053
 30300, 2530.422
 30360, 2490.561
 30420, 2491.467
 30480, 2386.834
 30540, 2531.403
 30600, 2514.271
 30660, 2455.854
 30720, 2737.559
 30780, 2463.904
 30840, 2430.300
 30900, 2551.524
 30960, 2621.058
 31020, 2704.480
 31080, 2623.695
 31140, 2666.055
 31200, 2533.555
 31260, 2637.069
 31320, 2682.039
 31380, 2619.496
 31440, 2687.477
 31500, 2738.799
 31560, 2685.275
 31620, 2771.762
 31680, 2817.217
 31740, 2924.078
 31800, -9999.000
 31860, 2703.248
 31920, 2763.557
 31980, 2842.800
 32040, 2860.659
 32100, 2848.613
 32160, 2699.398
 32220, 2784.895
 32280, 2930.984
 32340, 2622.898
 32400, 2691.686
 32460, 2734.713
 32520, 2534.499
 32580, 2602.794
 32640, 2653.500
 32700, 2633.624
 32760, 2517.057
 32820, 2595.997
 32880, 2722.681
 32940, 2575.479
 33000, 2614.978
 33060, 2629.325
 33120, 2558.020
 33180, 2701.496
 33240, 2779.563
 33300, 2759.841
 33360, 2627.763
 33420, 2751.215
 33480, 2790.161
 33540, 2780.639
 33600, 2781.766
 33660, 2722.971
 33720, 2554.018
 33780, 2700.427
 33840, 2752.030
 33900, 2813.158
 33960, 2575.117
 34020, 2620.785
 34080, 2657.132
 34140, 2772.861
 34200, 2667.870
 34260, 2743.263
 34320, 2662.123
 34380, 2600.978
 34440, 2684.086
 34500, 2737.568
 34560, 2794.910
 34620, 2814.872
 34680, 2956.225
 34740, 3004.829
 34800, 2964.508
 34860, 2861.778
 34920, 2700.929
 34980, 2707.785
 35040, 2898.703
 35100, 2912.405
 35160, 2676.528
 35220, 2777.777
 35280, 2851.751
 35340, 2947.105
 35400, 3057.338
 35460, 3083.282
 35520, -9999.000
 35580, 2629.667
 35640, 2917.501
 35700, 3106.348
 35760, 2947.716
 35820, 3028.967
 35880, 3126.393
 35940, 3121.657
 36000, 3067.624
 36060, 3159.741
 36120, 3135.725
 36180, 3117.303
 36240, 3036.133
 36300, 3115.205
 36360, 3115.345
 36420, 3133.516
 36480, 3217.004
 36540, 3139.692
 36600, 2957.182
 36660, 2968.025
 36720, 2928.503
 36780, 3013.862
 36840, 2964.883
 36900, 2903.877
 36960, 2902.583
 37020, 2922.153
 37080, 2904.090
 37140, 2861.862
 37200, 2866.369
 37260, 2965.771
 37320, 3036.818
 37380, 2946.445
 37440, 2905.616
 37500, 2893.724
 37560, 2953.294
 37620, 2959.350
 37680, 3005.283
 37740, 2981.590
 37800, 3022.994
 37860, 3002.107
 37920, 3052.360
 37980, 3019.467
 38040, 2894.795
 38100, 2902.567
 38160, 3063.526
 38220, 2965.765
 38280, 2944.724
 38340, 2964.480
 38400, 2914.307
 38460, 3014.489
 38520, 2886.257
 38580, 2908.356
 38640, 3105.760
 38700, 3227.960
 38760, 3292.616
 38820, 3268.671
 38880, 3251.719
 38940, 3291.222
 39000, 3336.284
 39060, 3318.223
 39120, 3130.320
 39180, -9999.000
 39240, 3127.830
 39300, 3272.174
 39360, 3216.035
 39420, 3235.663
 39480, 3247.515
 39540, 3227.588
 39600, 3184.951
 39660, 3032.119
 39720, 2791.655
 39780, 3005.699
 39840, 2872.618
 39900, 2444.555
 39960, 2103.086
 40020, 2017.616
 40080, 2175.838
 40140, 2074.561
 40200, 2101.629
 40260, 2040.396
 40320, 2040.873
 40380, 2158.339
 40440, 2153.796
 40500, 2112.111
 40560, 2119.626
 40620, 2225.052
 40680, 2360.716
 40740, 2329.921
 40800, 2436.733
 40860, 2425.381
 40920, 2566.261
 40980, 2471.524
 41040, -9999.000
 41100, 2497.707
 41160, 2275.865
 41220, 2257.046
 41280, 2393.222
 41340, 2366.486
 41400, 2455.564
 41460, 2916.187
 41520, 2966.566
 41580, 2978.086
 41640, 2705.614
 41700, 2931.469
 41760, 2912.307
 41820, 2791.231
 41880, 2665.227
 41940, 2411.569
 42000, 2447.250
 42060, 2365.887
 42120, 2491.340
 42180, 2416.466
 42240, 2425.600
 42300, 2373.514
 42360, 2284.741
 42420, 2383.600
 42480, 2347.474
 42540, 2333.735
 42600, 2302.222
 42660, 2353.280
 42720, 2340.087
 42780, 2307.090
 42840, 2361.730
 42900, -9999.000
 42960, 2433.441
 43020, 2489.077
 43080, 2588.383
 43140, 2621.577
 43200, 2470.449
 43260, 2472.209
 43320, 2541.581
 43380, 2641.121
 43440, 2868.622
 43500, 2783.206
 43560, 2611.132
 43620, 2717.884
 43680, 2775.481
 43740, 2707.122
 43800, 2392.394
 43860, 2234.833
 43920, 1894.672
 43980, 1876.312
 44040, 1953.103
 44100, 2140.030
 44160, 2330.404
 44220, 2253.604
 44280, 2177.968
 44340, 1994.935
 44400, 2068.786
 44460, 2081.764
 44520, 2215.060
 44580, 2355.834
 44640, 2203.423
 44700, 2286.333
 44760, 2295.918
 44820, 2431.283
 44880, 2432.611
 44940, 2408.622
 45000, 2405.575
 45060, 2447.570
 45120, 2535.627
 45180, 2361.760
 45240, 2242.010
 45300, 2287.026
 45360, 2381.684
 45420, 2478.432
 45480, 2471.992
 45540, 2483.361
 45600, 2563.463
 45660, 2498.429
 45720, 2485.698
 45780, 2559.636
 45840, 2583.762
 45900, 2504.911
 45960, 2519.096
 46020, 2526.845
 46080, 2457.623
 46140, 2492.932
 46200, 2616.338
 46260, 2716.995
 46320, 2577.303
 46380, 2557.904
 46440, 2671.682
 46500, 2559.848
 46560, -9999.000
 46620, 2643.526
 46680, 2699.558
 46740, 2813.469
 46800, 3104.366
 46860, 3499.994
 46920, 3226.123
 46980, 3052.930
 47040, 3028.774
 47100, 2869.393
 47160, 2765.650
 47220, 2662.226
 47280, 2741.202
 47340, 2714.630
 47400, 2727.904
 47460, 2706.795
 47520, 2708.224
 47580, 2725.475
 47640, 2833.441
 47700, 2865.247
 47760, 2421.369
 47820, 2671.564
 47880, 2674.239
 47940, 2663.116
 48000, 2592.053
 48060, 2689.418
 48120, 2828.293
 48180, 2971.612
 48240, 2846.830
 48300, 2826.866
 48360, 2519.009
 48420, 2676.223
 48480, 2520.408
 48540, 2588.506
 48600, 2650.058
 48660, 2570.180
 48720, 2714.562
 48780, 2513.279
 48840, 2579.972
 48900, 2727.782
 48960, 2516.368
 49020, 2573.608
 49080, 2859.015
 49140, 2740.971
 49200, 2699.200
 49260, 2637.614
 49320, 2617.604
 49380, 2611.881
 49440, 2685.506
 49500, 2695.122
 49560, 2509.124
 49620, 2528.464
 49680, 2818.629
 49740, 2494.587
 49800, 2670.514
 49860, 2680.137
 49920, 2568.248
 49980, 2776.707
 50040, 2732.448
 50100, 2748.310
 50160, 2872.848
 50220, 2894.212
 50280, -9999.000
 50340, 2899.066
 50400, 2874.890
 50460, 2759.921
 50520, 2845.709
 50580, 2915.664
 50640, 2898.037
 50700, 2627.527
 50760, 2756.351
 50820, 3006.609
 50880, 3009.706
 50940, 3046.986
 51000, 3020.774
 51060, 2990.858
 51120, 2664.433
 51180, 2690.831
 51240, 2632.275
 51300, 2753.285
 51360, 2808.074
 51420, 2917.092
 51480, 2720.283
 51540, 2634.864
 51600, 2713.041
 51660, 2649.944
 51720, 2610.433
 51780, 2404.013
 51840, 2545.151
 51900, 2462.210
 51960, 2458.137
 52020, 2647.890
 52080, 2755.195
 52140, 2593.792
 52200, 3063.398
 52260, 3008.515
 52320, 2800.001
 52380, 2657.044
 52440, 2599.673
 52500, 2620.548
 52560, 2616.155
 52620, 2649.729
 52680, 2628.800
 52740, 2709.961
 52800, 2635.047
 52860, 2768.978
 52920, 2718.768
 52980, 2627.483
 53040, 2575.981
 53100, 2745.535
 53160, 2724.227
 53220, 2656.965
 53280, 2805.052
 53340, 2785.681
 53400, 2740.400
 53460, 2685.468
 53520, 2597.476
 53580, 2710.994
 53640, 2878.607
 53700, 2880.690
 53760, 2752.157
 53820, 2637.936
 53880, 2572.769
 53940, 2613.190
 54000, 2409.654
 54060, 2414.013
 54120, 2465.425
 54180, 2730.457
 54240, 2406.460
 54300, 2350.502
 54360, 2396.600
 54420, 2372.901
 54480, 2324.526
 54540, 2307.215
 54600, 2255.364
 54660, 2153.321
 54720, 2231.809
 54780, 2327.288
 54840, 1974.371
 54900, 2344.682
 54960, 1895.090
 55020, 2376.950
 55080, 2063.443
 55140, 2329.903
 55200, 1927.876
 55260, 2240.306
 55320, 2119.951
 55380, 2310.218
 55440, 2225.402
 55500, 2619.843
 55560, 2542.062
 55620, 2505.049
 55680, 2586.061
 55740, 2507.318
 55800, 2267.029
 55860, 2284.828
 55920, 2275.461
 55980, 2393.362
 56040, 2368.503
 56100, 2270.432
 56160, 2410.652
 56220, 2459.923
 56280, 2553.494
 56340, 2554.793
