CampaignData_and_Merges/R0/CSL_MobileLab_Parked/raw/20240802/USOS-NOAAIodideCIMS-OrgNitrs_MobileLabGround_20240802_RA.ict
37, 1001
Michael A Robinson, Chris Jernigan, Subi Thakali
NOAA ESRL Chemical Sciences Laboratory and CIRES, U. of Colorado
NOAA Iodide CIMS Instrument
USOS
1, 1
2024, 08, 02, 2024, 08, 03
1
starttime_UTC, seconds_past_midnight, seconds_of_day_since_00:00:00_UTC
5
1, 1, 1, 1, 1
-9999, -9999, -9999, -9999, -9999
C4H7NO5_NOAACIMS, pptv, Gas_C4H7NO5_InSitu_S_AVMR, 
ISOPN_NOAACIMS, pptv, Gas_ISOPN_InSitu_S_AVMR, 
C5H10O3_NOAACIMS, pptv, Gas_C5H10O3_InSitu_S_AVMR, 
C5H9NO5_NOAACIMS, pptv, Gas_C5H9NO5_InSitu_S_AVMR, 
C10H17NO4_NOAACIMS, pptv, Gas_C10H17NO4_InSitu_S_AVMR, 
0
18
PI_CONTACT_INFO: 325 Broadway, R/CSD 7, Boulder, Colorado 80305; michael.a.robinson@noaa.gov; chris.jernigan@noaa.gov;
PLATFORM: NOAA CSL Mobile Lab
LOCATION: SLC, Utah
ASSOCIATED_DATA: 1Hz data also available on request.
INSTRUMENT_INFO: NOAA I- ToF CIMS
DATA_INFO: All data in parts per trillion by volume (pptv). 1 Hz data is available upon request.
UNCERTAINTY: TBD
ULOD_FLAG: -7777
ULOD_VALUE: N/A
LLOD_FLAG: -8888
LLOD_VALUE: N/A
DM_CONTACT_INFO: Nathan Howard; nathan.h.howard@noaa.gov
PROJECT_INFO: USOS, summer 2024. https://csl.noaa.gov/groups/csl7/measurements/2024usos/
STIPULATIONS_ON_USE: Users are strongly encouraged to contact the PI for proper data usage.
OTHER_COMMENTS: 
REVISION: RA
RA: Preliminary Data; For in-field use only
starttime_UTC, C4H7NO5_NOAACIMS, ISOPN_NOAACIMS, C5H10O3_NOAACIMS, C5H9NO5_NOAACIMS, C10H17NO4_NOAACIMS
[from data line 317]
 19020,  3.771, 17.073, 49.682,  9.346,  1.716
 19080,  3.717, 16.259, 49.789,  8.699,  1.726
 19140,  3.762, 16.842, 48.221,  8.391,  1.543
 19200,  3.821, 16.576, 49.814,  9.259,  1.875
 19260,  3.838, 16.831, 51.127,  9.192,  1.835
 19320,  3.684, 16.085, 48.949,  8.797,  1.897
 19380,  3.702, 16.411, 48.307,  8.844,  2.015
 19440,  3.678, 15.329, 47.665,  8.808,  1.900
 19500,  3.666, 14.956, 45.187,  8.354,  1.863
 19560,  3.537, 14.856, 42.971,  8.091,  1.723
 19620,  3.533, 15.367, 43.061,  8.034,  1.962
 19680,  3.536, 15.263, 46.661,  8.109,  1.862
 19740,  3.476, 15.081, 46.445,  7.939,  1.674
 19800,  3.445, 14.629, 44.590,  7.388,  1.559
 19860,  3.448, 14.287, 45.331,  7.507,  1.635
 19920,  3.378, 14.248, 43.134,  7.089,  1.652
 19980,  3.395, 14.131, 42.817,  6.805,  1.616
 20040,  3.363, 13.617, 41.774,  6.613,  1.492
 20100,  3.221, 13.131, 42.792,  6.479,  1.321
 20160,  3.180, 13.307, 44.022,  6.228,  1.148
 20220,  3.087, 13.069, 45.943,  5.918,  1.200
 20280,  3.216, 13.389, 46.424,  5.858,  1.074
 20340,  3.112, 13.169, 46.132,  6.009,  1.135
 20400,  3.103, 13.666, 46.256,  5.704,  0.921
 20460,  3.111, 13.236, 48.337,  5.697,  0.848
 20520,  3.017, 12.925, 47.068,  5.429,  0.813
 20580,  3.034, 12.930, 48.336,  5.616,  0.807
 20640,  3.033, 13.112, 50.092,  5.575,  0.867
 20700, -9999.000, -9999.000, -9999.000, -9999.000, -9999.000
 20760,  2.948, 11.728, 43.094,  5.412,  0.753
 20820,  2.976, 12.531, 43.629,  5.361,  0.721
 20880,  3.119, 12.597, 46.055,  5.479,  0.809
 20940,  3.212, 13.153, 46.771,  6.017,  0.970
 21000,  3.194, 13.297, 46.270,  6.368,  0.917
 21060,  3.200, 13.119, 46.165,  6.662,  0.911
 21120,  3.240, 13.770, 51.151,  6.913,  1.059
 21180,  3.286, 13.857, 50.225,  6.946,  1.085
 21240,  3.396, 13.707, 50.819,  7.548,  1.087
 21300,  3.382, 13.988, 50.746,  7.333,  0.991
 21360,  3.376, 14.816, 52.904,  8.013,  1.132
 21420,  3.378, 14.344, 52.897,  8.159,  1.114
 21480,  3.388, 14.124, 51.191,  7.996,  1.048
 21540,  3.308, 13.938, 50.352,  7.614,  1.088
 21600,  3.408, 14.500, 54.286,  7.913,  1.169
 21660,  3.349, 14.180, 51.389,  7.964,  1.080
 21720,  3.344, 13.919, 51.437,  8.102,  1.080
 21780,  3.486, 14.180, 52.520,  8.370,  1.138
 21840,  3.370, 13.854, 51.237,  7.740,  0.939
 21900,  3.274, 13.858, 51.134,  7.821,  1.019
 21960,  3.138, 12.835, 48.677,  7.048,  0.798
 22020,  2.898, 12.171, 46.388,  6.050,  0.700
 22080,  2.856, 11.398, 47.460,  5.710,  0.632
 22140,  2.728, 10.862, 45.568,  5.205,  0.576
 22200,  2.845, 11.298, 44.685,  5.263,  0.424
 22260,  2.831, 11.104, 44.607,  5.239,  0.534
 22320,  2.751, 11.673, 44.452,  5.254,  0.496
 22380,  2.680, 10.787, 41.916,  4.894,  0.391
 22440,  2.611, 10.391, 41.349,  4.816,  0.413
 22500,  2.607, 10.285, 38.866,  4.609,  0.459
 22560, -9999.000, -9999.000, -9999.000, -9999.000, -9999.000
 22620,  2.556, 10.250, 35.150,  4.508,  0.445
 22680,  2.532, 10.083, 38.064,  4.916,  0.621
 22740,  2.623, 10.543, 36.929,  4.853,  0.645
 22800,  2.614, 10.610, 36.618,  5.129,  0.777
 22860,  2.660, 10.345, 35.769,  4.999,  0.729
 22920,  2.709, 10.216, 33.955,  5.030,  0.824
 22980,  2.743, 10.201, 34.525,  5.322,  1.036
 23040,  2.901, 11.100, 34.924,  6.050,  1.223
 23100,  2.967, 10.833, 36.988,  6.432,  1.490
 23160,  2.889, 10.948, 36.081,  6.160,  1.488
 23220,  2.853, 10.985, 35.724,  6.593,  1.342
 23280,  2.846, 10.684, 35.195,  6.076,  1.441
 23340,  2.868, 10.608, 36.134,  6.272,  1.348
 23400,  2.772,  9.838, 33.233,  6.153,  1.433
 23460,  2.772, 10.136, 33.823,  6.003,  1.319
 23520,  2.728,  9.883, 34.203,  5.629,  1.210
 23580,  2.611, 10.296, 36.385,  5.773,  0.892
 23640,  2.670, 10.632, 37.801,  6.005,  0.817
 23700,  2.674, 10.311, 37.409,  5.925,  0.965
 23760,  2.706,  9.602, 35.447,  5.520,  1.174
 23820,  2.541,  9.326, 33.093,  5.645,  1.311
 23880,  2.560,  9.382, 30.948,  5.471,  1.221
 23940,  2.518,  9.260, 30.925,  5.306,  1.168
 24000,  2.536,  9.458, 32.148,  5.185,  1.092
 24060,  2.479,  8.706, 30.972,  4.951,  1.045
 24120,  2.664, 10.551, 36.788,  5.731,  0.947
 24180,  2.823, 11.556, 44.371,  6.545,  0.812
 24240,  2.854, 11.465, 44.834,  6.648,  0.659
 24300,  2.967, 12.280, 47.847,  7.198,  0.701
 24360,  2.897, 11.510, 49.954,  7.012,  0.660
 24420, -9999.000, -9999.000, -9999.000, -9999.000, -9999.000
 24480,  2.778, 11.888, 45.491,  6.546,  0.470
 24540,  2.944, 12.437, 48.949,  7.010,  0.554
 24600,  2.973, 11.844, 48.251,  7.179,  0.465
 24660,  2.967, 11.926, 49.518,  6.957,  0.526
 24720,  2.883, 11.736, 47.902,  6.903,  0.603
 24780,  2.873, 12.049, 46.974,  6.901,  0.588
 24840,  2.959, 11.666, 49.829,  7.063,  0.652
 24900,  3.044, 11.514, 49.286,  6.801,  0.529
 24960,  3.133, 12.604, 53.283,  7.369,  0.770
 25020,  2.862, 11.478, 49.511,  6.500,  0.608
 25080,  2.839, 10.987, 46.158,  6.342,  0.569
 25140,  2.982, 11.758, 50.422,  7.086,  0.654
 25200,  2.988, 11.541, 49.725,  6.957,  0.639
 25260,  3.026, 12.096, 48.821,  6.945,  0.489
 25320,  3.063, 12.092, 52.853,  7.296,  0.563
 25380,  3.038, 11.486, 53.088,  7.128,  0.574
 25440,  2.805,  9.439, 44.250,  6.086,  0.871
 25500,  2.636,  9.044, 39.252,  5.388,  1.161
 25560,  2.565,  9.006, 36.492,  5.605,  1.194
 25620,  2.597,  8.693, 35.814,  5.461,  1.362
 25680,  2.771,  9.351, 35.168,  6.160,  1.398
 25740,  2.732,  8.432, 34.470,  5.905,  1.465
 25800,  2.849,  9.480, 37.878,  6.311,  1.255
 25860,  2.773,  8.922, 34.634,  6.188,  1.515
 25920,  2.957,  9.502, 34.696,  7.002,  1.765
 25980,  3.115, 10.271, 35.891,  7.577,  1.686
 26040,  2.969,  9.604, 36.086,  7.333,  1.492
 26100,  3.026,  9.172, 33.422,  7.417,  1.770
 26160,  2.959,  9.384, 32.536,  7.330,  1.740
 26220,  3.102,  9.671, 32.702,  7.234,  1.770
 26280,  3.014,  9.267, 30.739,  7.121,  1.673
 26340,  3.122,  9.006, 30.089,  7.281,  1.838
 26400,  2.958,  9.209, 31.326,  7.284,  1.893
 26460,  3.030,  9.316, 30.998,  7.396,  1.861
 26520,  3.057,  9.225, 29.737,  7.416,  1.894
 26580,  3.006,  9.298, 30.867,  7.448,  1.837
 26640,  3.028,  8.917, 32.557,  7.523,  1.953
 26700,  2.922,  8.746, 30.830,  7.599,  1.867
 26760,  3.064,  8.976, 30.099,  7.669,  2.000
 26820,  3.063,  8.887, 30.153,  7.323,  1.927
 26880,  2.894,  8.662, 27.488,  7.425,  1.945
 26940,  3.106,  8.908, 30.773,  7.760,  2.090
 27000,  2.992,  9.007, 30.332,  7.606,  1.940
 27060,  2.950,  8.230, 28.075,  7.307,  1.946
 27120,  3.025,  8.954, 29.357,  7.754,  2.134
 27180,  3.045,  8.981, 28.357,  7.799,  2.186
 27240,  3.067,  8.748, 27.013,  8.189,  2.070
 27300,  3.023,  8.730, 28.304,  8.055,  2.130
 27360,  3.045,  8.643, 29.109,  7.764,  2.110
 27420,  2.969,  8.009, 27.980,  7.777,  1.944
 27480,  2.975,  8.623, 27.584,  7.692,  1.978
 27540,  2.990,  8.655, 28.335,  7.683,  1.956
 27600,  2.989,  8.337, 27.179,  7.691,  1.813
 27660,  3.112,  9.177, 27.757,  8.559,  1.989
 27720,  3.175,  9.108, 30.720,  9.148,  2.125
 27780,  3.192,  9.474, 31.032,  9.158,  1.902
 27840,  3.007,  9.014, 29.924,  8.217,  1.828
 27900,  3.031,  8.932, 28.589,  8.198,  1.765
 27960,  3.073,  8.740, 28.075,  9.247,  1.695
 28020,  3.121,  8.541, 28.683,  9.125,  1.610
 28080, -9999.000, -9999.000, -9999.000, -9999.000, -9999.000
 28140,  2.960,  8.242, 23.528,  8.022,  1.210
 28200,  3.220,  8.950, 27.205,  9.733,  1.669
 28260,  3.158,  9.678, 28.872,  9.684,  1.511
 28320,  3.058,  8.508, 27.176,  8.861,  1.455
 28380,  3.218,  9.062, 27.773,  9.328,  1.564
 28440,  3.273,  9.017, 31.130, 10.150,  1.566
 28500,  2.962,  8.722, 29.041,  9.020,  1.493
 28560,  3.207,  8.596, 27.975,  9.833,  1.643
 28620,  3.209,  8.966, 29.498,  9.891,  1.603
 28680,  3.323,  8.773, 29.913,  9.869,  1.457
 28740,  3.097,  8.185, 28.321,  9.079,  1.501
 28800,  3.019,  8.647, 28.924,  9.024,  1.520
 28860,  3.036,  8.262, 28.510,  8.701,  1.455
 28920,  3.297,  8.963, 28.682,  9.763,  1.506
 28980,  3.446,  9.012, 30.807, 10.190,  1.440
 29040,  3.161,  8.441, 28.726,  9.423,  1.343
 29100,  3.100,  8.027, 27.107,  8.763,  1.421
 29160,  3.037,  8.321, 27.774,  8.810,  1.489
 29220,  2.991,  8.083, 26.836,  8.327,  1.373
 29280,  3.065,  8.127, 27.219,  8.750,  1.403
 29340,  3.039,  7.935, 28.102,  8.676,  1.483
 29400,  2.985,  7.394, 25.050,  8.115,  1.198
 29460,  2.912,  7.357, 25.220,  8.168,  1.183
 29520,  3.022,  7.924, 27.410,  8.238,  1.185
 29580,  2.907,  7.721, 26.340,  8.072,  1.389
 29640,  3.017,  7.556, 27.521,  8.169,  1.494
 29700,  2.931,  8.017, 26.021,  7.936,  1.516
 29760,  2.991,  7.766, 26.349,  8.319,  1.493
 29820,  2.913,  7.666, 26.191,  7.926,  1.684
 29880,  2.894,  7.601, 25.843,  8.129,  1.647
 29940,  2.937,  7.939, 25.844,  8.150,  1.843
 30000,  2.955,  7.576, 24.833,  7.806,  1.566
 30060,  2.895,  7.782, 25.350,  8.302,  1.569
 30120,  2.872,  7.420, 24.271,  8.063,  1.533
 30180,  3.075,  7.751, 26.098,  8.229,  1.746
 30240,  3.116,  8.469, 28.853,  9.013,  1.999
 30300,  3.191,  8.186, 28.589,  9.028,  1.966
 30360,  3.135,  8.107, 27.812,  9.112,  2.008
 30420,  3.252,  8.533, 28.165,  9.434,  1.855
 30480,  3.307,  8.468, 27.168,  9.362,  1.813
 30540,  3.200,  8.341, 29.484,  9.237,  1.781
 30600,  3.307,  8.533, 29.484,  9.603,  1.805
 30660,  3.492,  9.308, 30.774, 10.546,  1.861
 30720,  3.301,  8.454, 29.460,  9.391,  1.866
 30780,  3.588, 10.086, 32.061, 10.890,  1.859
 30840,  3.541,  9.485, 32.721, 11.265,  1.857
 30900,  3.254,  8.462, 30.833,  9.807,  1.865
 30960,  3.276,  9.120, 31.886, 10.132,  1.820
 31020,  3.222,  8.473, 29.242,  9.268,  1.736
 31080,  3.243,  8.647, 29.469,  9.432,  1.987
 31140,  3.186,  8.245, 28.538,  9.197,  1.884
 31200,  3.283,  8.900, 28.812,  9.758,  1.903
 31260,  3.329,  8.834, 29.643,  9.755,  2.011
 31320,  3.311,  9.173, 29.907,  9.929,  2.060
 31380,  3.196,  8.391, 28.798,  9.190,  1.884
 31440,  3.131,  7.879, 27.351,  8.902,  1.945
 31500,  3.004,  7.766, 27.160,  8.373,  1.923
 31560,  3.119,  8.282, 27.998,  9.085,  1.952
 31620,  3.109,  8.139, 27.673,  8.719,  1.943
 31680,  2.971,  7.571, 27.577,  8.531,  1.753
 31740,  2.938,  7.375, 26.219,  8.306,  1.740
 31800, -9999.000, -9999.000, -9999.000, -9999.000, -9999.000
 31860,  3.073,  7.831, 23.435,  8.641,  1.749
 31920,  3.178,  8.327, 25.900,  9.499,  1.916
 31980,  3.119,  8.272, 25.691,  9.128,  1.870
 32040,  3.040,  7.600, 24.985,  8.655,  1.936
 32100,  3.075,  7.397, 24.076,  8.343,  1.774
 32160,  3.038,  7.137, 23.644,  8.201,  1.812
 32220,  2.947,  7.003, 23.607,  7.899,  1.948
 32280,  3.004,  7.614, 24.327,  7.929,  2.075
 32340,  3.094,  7.288, 22.974,  8.478,  1.986
 32400,  3.015,  7.175, 23.403,  8.102,  2.047
 32460,  3.060,  7.266, 23.081,  8.111,  2.150
 32520,  3.199,  7.323, 22.823,  8.659,  2.085
 32580,  3.134,  7.638, 23.729,  8.645,  2.104
 32640,  3.154,  7.853, 24.750,  8.849,  2.009
 32700,  3.321,  8.113, 24.058,  9.520,  2.109
 32760,  3.200,  7.586, 22.976,  9.022,  1.963
 32820,  3.277,  8.036, 24.417,  9.066,  2.196
 32880,  3.259,  8.173, 25.951,  8.732,  2.047
 32940,  3.510,  8.676, 26.333, 10.212,  2.099
 33000,  3.544,  8.969, 28.096, 10.381,  2.069
 33060,  3.659,  8.980, 28.163, 10.700,  2.246
 33120,  3.416,  8.397, 26.964, 10.085,  1.956
 33180,  3.341,  8.008, 26.345,  9.204,  1.933
 33240,  3.273,  8.117, 26.232,  9.078,  2.071
 33300,  3.337,  8.066, 26.923,  9.205,  1.967
 33360,  3.452,  8.626, 25.637,  9.506,  1.948
 33420,  3.638,  8.575, 27.842, 10.121,  1.744
 33480,  3.477,  8.771, 28.530,  9.612,  1.898
 33540,  3.437,  8.902, 27.862,  9.662,  1.869
 33600,  3.532,  8.717, 28.808,  9.855,  1.923
 33660,  3.663,  5.644, 20.780,  9.763,  2.920
 33720,  3.548,  8.825, 26.151,  9.782,  1.735
 33780,  3.507,  8.885, 29.415, 10.058,  1.886
 33840,  3.469,  8.588, 28.264,  9.751,  1.882
 33900,  3.484,  8.995, 27.976,  9.231,  1.827
 33960,  3.770,  9.581, 28.590, 10.771,  1.886
 34020,  3.562,  8.756, 28.805, 10.351,  1.879
 34080,  3.740,  9.064, 30.026, 10.350,  1.981
 34140,  3.653,  9.557, 29.742, 10.577,  2.049
 34200,  3.724,  8.953, 29.934, 10.526,  2.037
 34260,  3.748,  9.534, 30.527, 10.720,  1.849
 34320,  3.863,  9.484, 29.861, 10.942,  1.917
 34380,  3.920,  9.279, 30.673, 11.012,  2.045
 34440,  3.839,  9.787, 31.549, 11.064,  1.982
 34500,  3.720,  8.998, 30.585, 10.674,  2.018
 34560,  3.669,  8.470, 28.280,  9.911,  1.855
 34620,  3.529,  8.605, 27.212,  9.300,  1.999
 34680,  3.403,  7.868, 28.003,  9.310,  2.131
 34740,  3.336,  7.801, 26.320,  9.088,  1.984
 34800,  3.319,  7.775, 25.472,  8.545,  2.040
 34860,  3.436,  8.193, 25.987,  8.989,  2.018
 34920,  3.503,  7.972, 25.315,  9.047,  1.802
 34980,  3.512,  8.541, 26.083,  9.069,  1.853
 35040,  3.549,  8.277, 27.326,  9.381,  1.846
 35100,  3.413,  8.165, 26.990,  8.981,  1.979
 35160,  3.586,  8.740, 25.518,  9.435,  1.970
 35220,  3.612,  8.244, 26.872,  9.384,  2.117
 35280,  3.612,  9.178, 28.091,  9.853,  1.984
 35340,  3.641,  8.526, 28.234,  9.626,  2.030
 35400,  3.375,  8.001, 26.192,  8.573,  1.880
 35460,  3.431,  8.116, 25.364,  8.536,  1.935
 35520, -9999.000, -9999.000, -9999.000, -9999.000, -9999.000
 35580,  3.624,  9.132, 32.325,  9.691,  1.354
 35640,  3.547,  8.768, 29.351,  9.282,  1.585
 35700,  3.369,  7.958, 26.253,  8.454,  1.763
 35760,  3.448,  8.477, 26.109,  9.040,  1.924
 35820,  3.298,  7.810, 25.948,  8.268,  1.865
 35880,  3.305,  7.515, 26.098,  8.150,  1.867
 35940,  3.222,  7.152, 26.260,  8.064,  1.966
 36000,  3.234,  7.248, 23.820,  7.793,  1.785
 36060,  3.221,  7.167, 23.372,  7.840,  1.766
 36120,  3.261,  7.726, 25.630,  8.182,  1.952
 36180,  3.312,  7.705, 24.926,  8.109,  2.080
 36240,  3.349,  7.537, 25.012,  8.505,  1.886
 36300,  3.369,  7.366, 24.372,  8.196,  2.021
 36360,  3.343,  7.312, 25.090,  7.893,  1.984
 36420,  3.181,  7.126, 24.101,  7.722,  1.951
 36480,  3.131,  7.045, 23.779,  7.383,  1.828
 36540,  3.179,  6.882, 24.211,  7.428,  1.808
 36600,  3.248,  7.167, 22.676,  7.587,  1.928
 36660,  3.201,  6.969, 22.337,  7.228,  1.884
 36720,  3.254,  6.995, 23.835,  7.295,  2.024
 36780,  3.149,  6.721, 22.936,  7.420,  2.148
 36840,  3.250,  7.077, 23.088,  7.405,  2.026
 36900,  3.325,  7.101, 23.941,  7.776,  1.881
 36960,  3.320,  7.567, 24.510,  8.054,  2.019
 37020,  3.351,  7.406, 25.210,  7.914,  2.117
 37080,  3.323,  6.997, 24.973,  7.739,  2.030
 37140,  3.301,  7.256, 24.382,  7.563,  1.992
 37200,  3.319,  7.062, 23.975,  7.753,  2.102
 37260,  3.210,  7.206, 23.919,  7.309,  2.013
 37320,  3.154,  6.792, 26.063,  7.712,  2.104
 37380,  3.170,  6.929, 23.012,  7.441,  1.855
 37440,  3.219,  7.126, 21.618,  7.545,  2.088
 37500,  3.364,  7.398, 23.513,  7.843,  1.962
 37560,  3.442,  7.680, 25.634,  8.258,  1.917
 37620,  3.403,  7.667, 26.670,  8.586,  1.906
 37680,  3.411,  7.776, 26.095,  8.356,  1.883
 37740,  3.398,  7.428, 25.734,  8.090,  1.789
 37800,  3.426,  7.974, 26.342,  8.296,  1.694
 37860,  3.511,  8.406, 27.338,  8.687,  1.842
 37920,  3.525,  7.931, 27.288,  8.511,  1.939
 37980,  3.455,  7.835, 27.681,  8.555,  1.922
 38040,  3.458,  7.549, 27.306,  8.606,  1.966
 38100,  3.527,  8.036, 27.825,  8.658,  1.920
 38160,  3.468,  8.023, 28.998,  8.417,  1.917
 38220,  3.497,  7.485, 26.277,  8.352,  1.927
 38280,  3.589,  7.844, 27.042,  8.625,  1.942
 38340,  3.556,  7.671, 27.462,  8.573,  1.832
 38400,  3.501,  8.215, 30.680,  8.593,  1.766
 38460,  3.489,  7.864, 29.832,  8.430,  1.798
 38520,  3.581,  7.367, 28.892,  8.722,  1.838
 38580,  3.515,  7.875, 29.315,  8.571,  1.766
 38640,  3.378,  7.014, 28.324,  7.998,  1.789
 38700,  3.303,  7.118, 26.683,  7.460,  1.870
 38760,  3.266,  6.864, 27.157,  7.308,  1.737
 38820,  3.265,  6.354, 26.353,  7.198,  1.809
 38880,  3.203,  6.838, 25.330,  7.195,  1.708
 38940,  3.116,  6.453, 25.970,  6.847,  1.657
 39000,  3.176,  6.309, 25.383,  6.816,  1.690
 39060,  3.213,  6.349, 23.950,  6.615,  1.634
 39120,  3.242,  6.769, 24.404,  7.125,  1.808
 39180, -9999.000, -9999.000, -9999.000, -9999.000, -9999.000
 39240,  3.197,  6.461, 22.771,  6.681,  1.787
