CampaignData_and_Merges/R0/CSL_MobileLab_Parked/raw/20240802/USOS-MetNav_MobileLabGround_20240802_R0.ict
44, 1001
Carrie Womack, Nate Howard, Mike Zucker
NOAA Chemical Sciences Laboratory
Mobile Lab MetNav Station
USOS
1, 1
2024, 08, 02, 2024, 12, 21
60
Time_Start, seconds_past_midnight, Seconds from midnight UTC
11
1, 1, 1, 1, 1, 1, 1, 1, 1, 1, 1
-9999, -9999, -9999, -9999, -9999, -9999, -9999, -9999, -9999, -9999, -9999
GPS_Alt_m, meters, Altitude from Differential GPS
GPS_Course_deg, degrees, Course from Differential GPS
GPS_GndSpd_m_s, m/s, Ground Speed from Differential GPS
GPS_Heading_deg, degrees, Heading from Differential GPS
GPS_Lat_deg, degrees, Latitude from Differential GPS
GPS_Lon_deg, degrees, Longitude from Differential GPS
AirTemp_C, Celsius, Air Temperature from Airmar
RelHumidity_pct, percent, Relative Humidity from Airmar
Pressure_mb, millibars, Pressure from Honeywell
WindDir_calc_deg, degrees, Wind Direction from Airmar corrected for van movement
WindSpd_calc_m_s, m/s, Wind Speed from Airmar corrected for van movement
1
SPECIAL COMMENTS:
18
PI_CONTACT_INFO: Address: 325 Broadway R/CSL7, Boulder, CO, 80305
PLATFORM: CSL Mobile Lab
LOCATION: Salt Lake City, UT
ASSOCIATED_DATA: N/A
INSTRUMENT_INFO: N/A
DATA_INFO: Units:
UNCERTAINTY: N/A
ULOD_FLAG: -7777
ULOD_VALUE: N/A
LLOD_FLAG: -8888
LLOD_VALUE: N/A
DM_CONTACT_INFO: Data Manager: Nate Howard
PROJECT_INFO: 
STIPULATIONS_ON_USE: Use of these data require prior ok from PI.
OTHER_COMMENTS: 
REVISION: R0
R0: Final data. Fixed bug in wind averaging code. RA: Preliminary Data. For in-field use only. 
Time_Start, GPS_Alt_m, GPS_Course_deg, GPS_GndSpd_m_s, GPS_Heading_deg, GPS_Lat_deg, GPS_Lon_deg, AirTemp_C, RelHumidity_pct, Pressure_mb, WindDir_calc_deg, WindSpd_calc_m_s
[from data line 1246]
74760.0,1309.5,2.32,0.04,2.32,40.73434,-111.87211,42.1,11.2,880.1,98.85,0.8
74820.0,1309.5,1.98,0.04,1.98,40.73434,-111.87211,42.2,10.7,880.1,114.38,0.6
74880.0,1309.4,2.41,0.05,2.41,40.73434,-111.87211,42.1,10.3,880.1,239.95,0.7
74940.0,1309.3,2.47,0.04,2.47,40.73434,-111.87211,42.3,10.7,880.1,175.98,0.3
75000.0,1309.3,2.54,0.05,2.54,40.73434,-111.87211,42.4,11.1,880.1,90.40,0.9
75060.0,1309.1,2.45,0.04,2.45,40.73434,-111.87211,42.3,11.0,880.1,62.07,0.3
75120.0,1309.0,2.29,0.05,2.29,40.73434,-111.87211,42.4,10.8,880.0,107.46,1.1
75180.0,1308.9,2.05,0.05,2.05,40.73434,-111.87211,42.5,10.8,880.0,99.83,1.0
75240.0,1308.9,2.68,0.04,2.68,40.73434,-111.87211,42.6,11.0,880.0,114.74,0.9
75300.0,1309.0,2.95,0.05,2.95,40.73434,-111.87211,42.6,10.8,880.0,103.40,0.2
75360.0,1309.0,2.75,0.04,2.75,40.73434,-111.87211,42.6,10.9,880.0,104.49,0.7
75420.0,1309.0,2.74,0.04,2.74,40.73434,-111.87211,42.7,10.5,880.0,136.82,0.4
75480.0,1308.9,2.62,0.04,2.62,40.73434,-111.87211,42.7,10.7,879.9,101.82,1.0
75540.0,1308.9,2.99,0.04,2.99,40.73434,-111.87211,42.6,11.4,879.9,81.19,0.8
75600.0,1309.1,3.01,0.05,3.01,40.73434,-111.87211,42.5,11.5,879.9,85.65,0.9
75660.0,1309.1,2.48,0.05,2.48,40.73434,-111.87211,42.5,11.6,879.9,95.65,0.9
75720.0,1309.1,2.85,0.04,2.85,40.73434,-111.87211,42.3,11.4,879.9,42.13,0.5
75780.0,1309.1,2.66,0.04,2.66,40.73434,-111.87211,42.2,11.4,879.9,79.78,0.9
75840.0,1309.0,2.08,0.05,2.08,40.73434,-111.87211,42.2,11.4,879.9,78.05,1.0
75900.0,1309.0,2.06,0.04,2.06,40.73434,-111.87211,42.0,11.3,879.9,59.49,0.6
75960.0,1309.1,2.70,0.04,2.70,40.73434,-111.87211,41.7,10.9,879.9,25.06,0.4
76020.0,1309.2,2.74,0.04,2.74,40.73434,-111.87211,41.7,11.4,879.9,85.84,1.1
76080.0,1309.4,3.15,0.04,3.15,40.73434,-111.87211,41.6,11.4,879.9,74.09,1.0
76140.0,1309.4,3.56,0.04,3.56,40.73434,-111.87211,41.5,10.8,879.8,81.46,0.7
76200.0,1309.4,2.96,0.05,2.96,40.73434,-111.87211,41.7,11.6,879.8,90.80,1.2
76260.0,1309.5,2.53,0.05,2.53,40.73434,-111.87211,41.6,11.7,879.8,74.72,0.9
76320.0,1309.5,2.92,0.05,2.92,40.73434,-111.87211,41.7,11.4,879.7,91.04,1.0
76380.0,1309.5,3.30,0.04,3.30,40.73434,-111.87211,41.8,11.1,879.8,70.80,0.7
76440.0,1309.6,2.94,0.05,2.94,40.73434,-111.87211,41.9,11.1,879.7,100.74,0.9
76500.0,1309.3,2.42,0.04,2.42,40.73434,-111.87211,41.8,11.4,879.7,73.28,0.5
76560.0,1309.3,2.36,0.05,2.36,40.73434,-111.87211,41.9,12.0,879.7,76.84,1.0
76620.0,1309.4,2.39,0.04,2.39,40.73434,-111.87211,41.9,11.7,879.7,87.00,1.0
76680.0,1309.4,2.36,0.04,2.36,40.73434,-111.87210,41.7,11.3,879.7,55.04,0.7
76740.0,1309.4,1.53,0.04,1.53,40.73434,-111.87210,41.7,11.6,879.7,80.80,0.8
76800.0,1309.3,2.00,0.05,2.00,40.73434,-111.87210,41.6,11.4,879.7,74.89,0.9
76860.0,1309.2,2.62,0.05,2.62,40.73434,-111.87210,41.6,10.9,879.6,102.09,1.0
76920.0,1309.3,3.21,0.04,3.21,40.73434,-111.87211,41.8,10.8,879.6,96.07,1.1
76980.0,1309.3,3.61,0.05,3.61,40.73434,-111.87211,41.7,11.2,879.6,75.57,0.7
77040.0,1309.3,3.69,0.04,3.69,40.73434,-111.87210,41.9,10.4,879.6,97.22,0.9
77100.0,1309.0,3.69,0.05,3.69,40.73434,-111.87210,41.7,10.8,879.6,86.11,1.3
77160.0,1308.9,3.99,0.05,3.99,40.73434,-111.87210,41.6,11.4,879.6,93.31,1.1
77220.0,1309.0,3.66,0.04,3.66,40.73434,-111.87210,41.6,11.4,879.7,83.20,0.9
77280.0,1308.8,3.22,0.04,3.22,40.73434,-111.87210,41.6,11.2,879.6,94.82,1.1
77340.0,1308.6,3.67,0.05,3.67,40.73434,-111.87210,41.4,11.0,879.7,80.83,0.9
77400.0,1308.6,3.80,0.04,3.80,40.73434,-111.87210,41.2,11.6,879.7,69.55,0.8
77460.0,1308.6,3.43,0.05,3.43,40.73434,-111.87210,41.2,11.4,879.6,88.32,0.9
77520.0,1308.7,3.69,0.05,3.69,40.73434,-111.87210,40.8,11.7,879.6,82.02,0.9
77580.0,1308.7,3.46,0.05,3.46,40.73434,-111.87211,40.9,11.7,879.6,86.05,0.9
77640.0,1308.7,3.11,0.05,3.11,40.73433,-111.87211,40.8,11.4,879.6,94.63,0.9
77700.0,1308.7,3.10,0.06,3.10,40.73433,-111.87211,40.5,11.6,879.6,85.18,0.8
77760.0,1308.8,3.35,0.05,3.35,40.73433,-111.87211,40.5,11.4,879.6,97.60,0.9
77820.0,1308.9,2.87,0.04,2.87,40.73433,-111.87211,40.6,11.3,879.6,93.64,0.7
77880.0,1308.8,2.85,0.05,2.85,40.73433,-111.87211,40.6,11.7,879.6,78.73,0.9
77940.0,1308.9,2.66,0.05,2.66,40.73433,-111.87211,40.7,11.8,879.6,82.94,0.8
78000.0,1308.9,2.86,0.05,2.86,40.73433,-111.87211,40.8,11.1,879.6,73.24,0.5
78060.0,1308.8,2.94,0.05,2.94,40.73433,-111.87211,41.0,10.6,879.5,119.51,0.8
78120.0,1308.7,2.92,0.05,2.92,40.73433,-111.87211,41.2,10.9,879.5,100.05,1.3
78180.0,1308.8,3.20,0.05,3.20,40.73433,-111.87211,41.4,11.0,879.5,100.97,1.3
78240.0,1308.8,3.54,0.05,3.54,40.73433,-111.87211,41.5,10.5,879.5,128.82,1.2
78300.0,1308.7,3.01,0.05,3.01,40.73433,-111.87211,41.6,10.9,879.5,110.54,0.7
78360.0,1308.5,2.95,0.05,2.95,40.73433,-111.87211,41.8,10.9,879.5,71.13,0.2
78420.0,1308.5,3.08,0.05,3.08,40.73433,-111.87211,41.9,10.7,879.5,87.04,0.3
78480.0,1308.4,3.08,0.05,3.08,40.73433,-111.87211,41.8,10.8,879.5,101.45,1.0
78540.0,1308.4,3.16,0.04,3.16,40.73433,-111.87211,42.0,10.0,879.4,132.27,1.4
78600.0,1308.4,3.07,0.04,3.07,40.73433,-111.87211,42.1,10.1,879.4,119.28,0.6
78660.0,1308.4,3.09,0.04,3.09,40.73433,-111.87211,42.2,10.3,879.4,99.06,1.0
78720.0,1308.4,3.27,0.05,3.27,40.73433,-111.87211,42.2,10.7,879.4,89.29,0.8
78780.0,1308.4,3.06,0.05,3.06,40.73433,-111.87211,42.3,10.8,879.4,96.38,0.9
78840.0,1308.5,3.33,0.05,3.33,40.73433,-111.87211,42.4,11.1,879.4,93.87,1.1
78900.0,1308.7,2.68,0.05,2.68,40.73433,-111.87211,42.2,10.6,879.4,95.46,0.4
78960.0,1308.7,2.16,0.05,2.16,40.73433,-111.87211,42.4,10.6,879.4,99.03,1.0
79020.0,1308.8,2.24,0.05,2.24,40.73433,-111.87211,42.3,11.0,879.4,68.19,0.7
79080.0,1308.9,2.44,0.05,2.44,40.73433,-111.87211,41.9,10.5,879.4,9.12,0.3
79140.0,1309.1,2.60,0.05,2.60,40.73433,-111.87211,42.1,10.6,879.4,65.63,0.3
79200.0,1309.2,3.14,0.05,3.14,40.73433,-111.87211,42.1,10.8,879.4,112.23,1.0
79260.0,1308.9,2.32,0.05,2.32,40.73433,-111.87211,42.0,11.0,879.4,93.28,1.1
79320.0,1308.7,1.99,0.05,1.99,40.73433,-111.87211,41.9,11.3,879.4,72.64,1.1
79380.0,1308.6,2.28,0.05,2.28,40.73433,-111.87211,41.7,11.4,879.4,71.70,0.8
79440.0,1308.5,2.11,0.05,2.11,40.73433,-111.87211,41.6,10.9,879.4,54.25,0.6
79500.0,1308.5,2.24,0.04,2.24,40.73433,-111.87211,41.5,10.6,879.4,78.89,0.4
79560.0,1308.6,2.26,0.05,2.26,40.73433,-111.87211,41.4,10.5,879.4,59.78,0.5
79620.0,1308.7,2.89,0.05,2.89,40.73433,-111.87211,41.6,10.3,879.4,101.73,0.4
79680.0,1308.8,2.71,0.04,2.71,40.73434,-111.87211,41.5,10.6,879.4,97.23,0.9
79740.0,1308.7,2.98,0.05,2.98,40.73434,-111.87211,41.8,10.1,879.4,117.50,0.8
79800.0,1308.5,2.57,0.05,2.57,40.73434,-111.87211,42.0,9.9,879.3,130.07,0.9
79860.0,1308.3,2.59,0.05,2.59,40.73434,-111.87211,42.0,10.6,879.3,86.69,1.0
79920.0,1308.3,2.77,0.05,2.77,40.73434,-111.87211,41.9,10.7,879.3,77.41,0.6
79980.0,1308.5,2.44,0.05,2.44,40.73434,-111.87211,41.7,11.2,879.3,78.79,1.0
80040.0,1308.5,2.13,0.05,2.13,40.73434,-111.87211,41.7,11.5,879.3,78.77,0.7
80100.0,1308.6,1.52,0.05,1.52,40.73434,-111.87211,41.6,11.3,879.3,81.47,0.6
80160.0,1308.7,1.50,0.06,1.50,40.73434,-111.87211,41.6,11.7,879.2,88.34,1.0
80220.0,1308.3,2.02,0.06,2.02,40.73434,-111.87211,41.6,11.6,879.2,83.08,0.8
80280.0,1308.2,2.08,0.05,2.08,40.73434,-111.87211,41.3,11.5,879.2,70.47,1.1
80340.0,1308.4,1.91,0.05,1.91,40.73434,-111.87211,41.3,11.9,879.2,94.00,1.2
80400.0,1308.1,1.98,0.05,1.98,40.73434,-111.87211,41.3,11.8,879.2,87.27,1.0
80460.0,1308.1,2.32,0.06,2.32,40.73434,-111.87211,41.3,11.7,879.2,110.92,0.9
80520.0,1308.3,2.11,0.06,2.11,40.73434,-111.87211,41.1,11.8,879.2,66.51,0.8
80580.0,1309.2,2.00,0.05,2.00,40.73434,-111.87211,41.0,11.3,879.1,64.48,0.7
80640.0,1309.5,1.93,0.05,1.93,40.73434,-111.87211,41.1,11.3,879.1,98.09,0.6
80700.0,1309.6,1.71,0.05,1.71,40.73434,-111.87211,41.2,10.9,879.1,93.97,0.4
80760.0,1309.9,1.97,0.05,1.97,40.73434,-111.87211,41.3,11.8,879.1,93.00,1.0
80820.0,1310.0,1.58,0.05,1.58,40.73434,-111.87211,41.3,11.5,879.1,76.87,0.6
80880.0,1310.1,1.93,0.05,1.93,40.73434,-111.87211,41.3,11.4,879.1,54.49,0.5
80940.0,1310.3,2.18,0.05,2.18,40.73434,-111.87211,41.2,10.7,879.1,42.55,0.3
81000.0,1310.2,2.11,0.05,2.11,40.73434,-111.87211,41.2,10.8,879.0,68.91,0.3
81060.0,1310.1,1.87,0.06,1.87,40.73434,-111.87211,41.3,10.9,879.0,88.07,0.7
81120.0,1310.1,1.46,0.06,1.46,40.73434,-111.87211,41.4,11.1,879.0,89.36,0.7
81180.0,1310.1,1.71,0.05,1.71,40.73434,-111.87211,41.3,11.5,879.0,78.43,0.8
81240.0,1310.3,1.81,0.05,1.81,40.73434,-111.87211,41.4,11.0,879.0,281.40,0.1
81300.0,1310.4,2.13,0.05,2.13,40.73434,-111.87211,41.3,11.1,879.0,59.68,0.3
81360.0,1310.4,1.91,0.05,1.91,40.73434,-111.87211,41.4,11.2,879.0,101.91,0.7
81420.0,1310.4,2.10,0.05,2.10,40.73434,-111.87211,41.2,11.2,879.0,64.99,0.6
81480.0,1310.7,2.26,0.06,2.26,40.73434,-111.87211,41.3,11.2,878.9,103.70,0.5
81540.0,1311.0,2.48,0.06,2.48,40.73434,-111.87211,41.5,10.9,878.9,108.32,0.7
81600.0,1311.0,2.04,0.06,2.04,40.73434,-111.87211,41.5,11.4,878.9,79.82,0.6
81660.0,1310.7,1.83,0.06,1.83,40.73434,-111.87211,41.5,11.4,878.9,70.96,0.7
81720.0,1310.5,1.89,0.05,1.89,40.73434,-111.87211,41.4,11.7,878.9,65.60,0.6
81780.0,1310.4,2.26,0.05,2.26,40.73434,-111.87211,41.4,11.4,878.9,80.23,0.8
81840.0,1310.2,1.87,0.05,1.87,40.73434,-111.87211,41.2,11.3,878.9,56.87,0.5
81900.0,1310.2,1.74,0.05,1.74,40.73434,-111.87211,41.4,11.7,878.9,102.08,1.0
81960.0,1310.1,1.86,0.05,1.86,40.73434,-111.87211,41.4,11.6,878.8,80.16,0.7
82020.0,1310.2,1.78,0.05,1.78,40.73434,-111.87211,41.0,11.9,878.9,28.94,0.6
82080.0,1310.2,2.06,0.05,2.06,40.73434,-111.87211,41.0,11.5,878.8,83.97,0.8
82140.0,1310.2,2.33,0.05,2.33,40.73434,-111.87211,41.1,12.0,878.9,97.25,1.0
82200.0,1310.1,2.06,0.04,2.06,40.73434,-111.87211,41.0,11.9,878.8,92.26,0.8
82260.0,1309.9,2.28,0.05,2.28,40.73434,-111.87211,41.1,11.8,878.9,83.70,0.6
82320.0,1309.8,1.99,0.04,1.99,40.73434,-111.87211,41.0,11.6,878.9,15.81,0.2
82380.0,1309.8,1.65,0.05,1.65,40.73434,-111.87211,41.0,11.5,878.9,46.14,0.3
82440.0,1309.8,1.61,0.05,1.61,40.73434,-111.87211,41.0,11.3,878.9,124.09,0.2
82500.0,1309.9,1.64,0.05,1.64,40.73434,-111.87211,41.3,11.0,878.9,106.11,0.7
82560.0,1309.8,2.64,0.04,2.64,40.73434,-111.87211,41.4,11.0,878.9,124.19,0.5
82620.0,1310.0,2.47,0.05,2.47,40.73434,-111.87211,41.5,11.1,878.8,128.13,0.6
82680.0,1309.7,2.13,0.05,2.13,40.73434,-111.87211,41.3,12.2,878.9,75.25,0.9
82740.0,1309.1,2.06,0.05,2.06,40.73434,-111.87211,41.3,11.7,878.8,79.38,0.6
82800.0,1308.6,2.28,0.05,2.28,40.73434,-111.87211,41.1,11.7,878.8,32.34,0.4
82860.0,1308.7,2.73,0.05,2.73,40.73434,-111.87211,40.7,11.5,878.8,39.07,0.6
82920.0,1308.9,2.34,0.05,2.34,40.73434,-111.87211,40.7,11.7,878.8,47.63,0.4
82980.0,1309.0,2.30,0.05,2.30,40.73434,-111.87211,40.6,11.6,878.7,36.71,0.2
83040.0,1309.1,2.83,0.05,2.83,40.73434,-111.87211,40.3,11.7,878.7,13.04,0.4
83100.0,1309.2,2.99,0.05,2.99,40.73434,-111.87211,40.4,12.0,878.7,84.02,0.4
83160.0,1309.3,2.37,0.05,2.37,40.73434,-111.87211,40.2,11.9,878.7,25.70,0.4
83220.0,1309.7,2.22,0.04,2.22,40.73434,-111.87211,40.3,12.0,878.7,87.28,0.5
83280.0,1310.1,2.60,0.05,2.60,40.73434,-111.87211,40.4,11.9,878.7,133.25,0.8
83340.0,1310.1,3.07,0.05,3.07,40.73434,-111.87211,40.4,11.8,878.7,49.71,0.3
83400.0,1310.1,3.36,0.05,3.36,40.73434,-111.87211,40.5,11.9,878.7,109.56,0.7
83460.0,1310.0,3.23,0.05,3.23,40.73434,-111.87211,40.6,11.9,878.6,113.82,0.8
83520.0,1309.7,3.20,0.05,3.20,40.73434,-111.87211,40.7,12.4,878.6,85.83,1.0
83580.0,1309.8,3.50,0.05,3.50,40.73434,-111.87211,40.7,12.3,878.6,99.30,0.7
83640.0,1309.7,3.89,0.05,3.89,40.73434,-111.87211,40.8,11.9,878.6,97.99,0.7
83700.0,1309.4,3.60,0.04,3.60,40.73434,-111.87211,40.8,11.7,878.6,138.13,0.8
83760.0,1309.2,2.95,0.04,2.95,40.73434,-111.87211,40.7,11.8,878.6,45.29,0.3
83820.0,1309.1,3.21,0.05,3.21,40.73434,-111.87211,40.8,12.3,878.6,102.21,0.8
83880.0,1309.1,3.16,0.05,3.16,40.73434,-111.87211,40.8,12.6,878.5,88.11,0.9
83940.0,1309.4,2.35,0.05,2.35,40.73434,-111.87211,40.7,12.6,878.5,93.07,1.1
84000.0,1309.6,2.35,0.05,2.35,40.73434,-111.87211,40.6,12.3,878.5,81.24,0.5
84060.0,1309.7,2.37,0.04,2.37,40.73434,-111.87211,40.6,12.5,878.5,96.30,1.2
84120.0,1309.8,2.36,0.06,2.36,40.73434,-111.87211,40.6,13.2,878.5,88.71,1.1
84180.0,1309.6,2.67,0.05,2.67,40.73434,-111.87211,40.4,13.1,878.5,80.49,0.9
84240.0,1309.7,2.45,0.05,2.45,40.73434,-111.87211,40.4,12.9,878.4,79.70,0.8
84300.0,1309.7,2.53,0.05,2.53,40.73434,-111.87211,40.4,12.9,878.4,81.24,0.9
84360.0,1309.7,2.76,0.05,2.76,40.73434,-111.87211,40.3,12.4,878.4,63.41,0.4
84420.0,1309.5,2.52,0.05,2.52,40.73434,-111.87211,40.2,12.5,878.4,63.91,0.9
84480.0,1309.5,2.55,0.05,2.55,40.73434,-111.87211,40.1,12.5,878.4,69.86,0.5
84540.0,1309.4,2.30,0.05,2.30,40.73434,-111.87211,40.1,12.5,878.4,69.94,0.8
84600.0,1309.3,2.45,0.05,2.45,40.73434,-111.87211,40.1,12.5,878.4,84.38,0.8
84660.0,1309.3,2.93,0.04,2.93,40.73434,-111.87211,40.1,12.6,878.3,78.00,0.9
84720.0,1309.3,3.34,0.05,3.34,40.73434,-111.87211,39.9,12.3,878.3,78.13,1.0
84780.0,1309.3,3.39,0.05,3.39,40.73434,-111.87211,40.0,12.5,878.3,92.05,0.9
84840.0,1309.2,3.23,0.04,3.23,40.73434,-111.87211,40.1,12.4,878.3,88.72,0.7
84900.0,1309.2,3.39,0.04,3.39,40.73434,-111.87211,39.9,12.2,878.3,43.19,0.7
84960.0,1309.1,3.21,0.04,3.21,40.73434,-111.87211,39.9,11.9,878.3,357.27,0.4
85020.0,1309.0,3.56,0.04,3.56,40.73434,-111.87211,39.8,11.7,878.3,45.81,0.5
85080.0,1309.1,3.71,0.05,3.71,40.73434,-111.87211,39.7,12.3,878.3,70.80,0.8
85140.0,1309.1,4.01,0.05,4.01,40.73434,-111.87211,39.6,11.9,878.3,72.74,0.7
85200.0,1309.0,3.94,0.05,3.94,40.73434,-111.87211,39.6,12.0,878.3,84.08,0.6
85260.0,1308.7,3.85,0.06,3.85,40.73434,-111.87211,39.5,12.4,878.3,95.65,0.7
85320.0,1308.8,3.03,0.06,3.03,40.73434,-111.87211,39.6,12.0,878.3,164.95,0.1
85380.0,1308.9,2.85,0.05,2.85,40.73434,-111.87211,39.7,12.0,878.3,91.72,0.3
85440.0,1308.6,2.81,0.05,2.81,40.73434,-111.87210,39.7,13.0,878.3,92.64,0.9
85500.0,1308.6,3.33,0.04,3.33,40.73434,-111.87210,39.4,13.1,878.2,88.86,1.1
85560.0,1308.6,3.42,0.04,3.42,40.73434,-111.87211,39.3,12.9,878.2,93.63,0.7
85620.0,1308.7,3.63,0.05,3.63,40.73434,-111.87211,39.2,13.0,878.2,93.06,0.8
85680.0,1308.7,3.55,0.05,3.55,40.73434,-111.87211,39.1,13.3,878.2,91.80,0.9
85740.0,1308.8,3.22,0.05,3.22,40.73434,-111.87211,39.0,13.3,878.2,98.29,0.9
85800.0,1308.7,3.41,0.05,3.41,40.73434,-111.87211,39.0,13.2,878.2,77.01,0.5
85860.0,1308.7,3.14,0.04,3.14,40.73434,-111.87211,38.8,13.9,878.2,92.72,1.0
85920.0,1308.6,3.22,0.05,3.22,40.73434,-111.87211,38.8,12.9,878.2,87.93,0.8
85980.0,1308.5,3.14,0.04,3.14,40.73434,-111.87211,38.6,13.2,878.2,96.07,1.0
86040.0,1308.3,2.98,0.05,2.98,40.73434,-111.87211,38.6,13.2,878.2,89.22,0.8
86100.0,1308.3,3.11,0.05,3.11,40.73434,-111.87211,38.6,13.2,878.1,106.60,1.2
86160.0,1308.2,2.80,0.05,2.80,40.73434,-111.87211,38.6,13.4,878.1,109.41,0.6
86220.0,1308.1,2.72,0.06,2.72,40.73434,-111.87211,38.5,13.6,878.1,87.62,0.9
86280.0,1308.2,2.91,0.05,2.91,40.73434,-111.87211,38.5,13.8,878.1,93.01,1.0
86340.0,1308.3,2.95,0.05,2.95,40.73434,-111.87211,38.3,13.8,878.1,86.89,0.8
