CampaignData_and_Merges/R0/CSL_MobileLab_Parked/raw/20240802/USOS-NOy-LIF_MobileLabGround_20240802_R0.ict
39,1001
Rollins, A.; Waxman, E.; Zuraski, K.; Chace, W.
NOAA Chemical Sciences Laboratory
LIF NO/NOx/NOy on CSL Mobile Lab
AMMBEC / USOS
1, 1
2024,08,02, 2025,01,04
1
Time_Start, seconds, number_of_seconds_since_0000_UTC
7
1, 1, 1, 1, 1, 1, 1
-9999, -9999, -9999, -9999, -9999, -9999, -9999
Time_Stop, seconds, number_of_seconds_since_0000_UTC
NO_LIF, pptv, Gas_NO_InSitu_S_AVMR, volume mixing ratio of nitric oxide in air
NO2_LIF, pptv, Gas_NO2_InSitu_S_AVMR, volume mixing ratio of nitrogen dioxide in air
NOy_LIF, pptv, Gas_NOy_InSitu_S_AVMR, volume mixing ratio of total oxidized nitrogen in air
NO_LIF_1SigmaAccuracy, pptv, Gas_NO_InSitu_S_AVMR, volume mixing ratio of nitric oxide in air
NO2_LIF_1SigmaAccuracy, pptv, Gas_NO2_InSitu_S_AVMR, volume mixing ratio of nitrogen dioxide in air
NOy_LIF_1SigmaAccuracy, pptv, Gas_NOy_InSitu_S_AVMR, volume mixing ratio of total oxidized nitrogen in air
0
18
PI_CONTACT_INFO: andrew.rollins@noaa.gov
PLATFORM: CSL Mobile Lab
LOCATION: Salt Lake City, UT
ASSOCIATED_DATA:
INSTRUMENT_INFO: NO detection by laser induced fluorescence. NO2 detection by photolytic conversion to NO. NOy detection by catalytic conversion to NO on gold surface
DATA_INFO:
UNCERTAINTY: Included 1 Sigma Accuracy waves represent the combined calibration uncertainties (±6%, ±9%, ±10%) and zero uncertainties (3 ppt, 20 ppt, 100 ppt) for NO, NO2, and NOy, respectively.
ULOD_FLAG: -7777
ULOD_VALUE: N/A
LLOD_FLAG: -8888
LLOD_VALUE: N/A
DM_CONTACT_INFO: andrew.rollins@noaa.gov
PROJECT_INFO: USOS Project, July - August 2024
STIPULATIONS_ON_USE: Users are strongly encouraged to contact the PI for proper data usage.
OTHER_COMMENTS:
REVISION: R0
R0: final data
Time_Start, Time_Stop, NO_LIF, NO2_LIF, NOy_LIF, NO_LIF_1SigmaAccuracy, NO2_LIF_1SigmaAccuracy, NOy_LIF_1SigmaAccuracy
[from data line 1070]
   64200,   64260,3749.1,20234,30118,227.94, 1841.1, 3111.8
   64260,   64320,2889.6,17194,26486,176.38, 1567.5, 2748.6
   64320,   64380,2564.8,15729,24531,156.89, 1435.6, 2553.1
   64380,   64440,2455.9,15320,23830,150.36, 1398.8, 2483
   64440,   64500,2446.6,15175,24280,149.8, 1385.7, 2528
   64500,   64560,2280.4,14707,23165,139.82, 1343.6, 2416.5
   64560,   64620,2103.6,14313,22919,129.21, 1308.1, 2391.9
   64620,   64680,2292.5,14167,22670,140.55, 1295, 2367
   64680,   64740,2411.1,14518,22643,147.67, 1326.6, 2364.3
   64740,   64800,2448.2,14775,22618,149.89, 1349.8, 2361.8
   64800,   64860,2376.6,14443,22472,145.6, 1319.9, 2347.2
   64860,   64920,4225.3,17744,33999,256.52, 1616.9, 3499.9
   64920,   64980,7464.5,26726,37210,450.87, 2425.4, 3821
   64980,   65040,2441.4,14818,23929,149.49, 1353.6, 2492.9
   65040,   65100,1844.2,12108,20288,113.65, 1109.7, 2128.8
   65100,   65160,1733.8,12086,19946,107.03, 1107.7, 2094.6
   65160,   65220,1898.1,11864,20124,116.88, 1087.8, 2112.4
   65220,   65280,1838.9,11846,19881,113.33, 1086.1, 2088.1
   65280,   65340,1775.6,11542,19422,109.54, 1058.8, 2042.2
   65340,   65400,1817.9,11389,19145,112.07, 1045, 2014.5
   65400,   65460,1707.8,10873,18599,105.47, 998.6, 1959.9
   65460,   65520,1554.3,9840.5,17222,96.255, 905.64, 1822.2
   65520,   65580,1413.9,8774.7,15805,87.831, 809.73, 1680.5
   65580,   65640,1345.6,8769.8,15628,83.738, 809.29, 1662.8
   65640,   65700,1432,8922.2,15821,88.92, 823, 1682.1
   65700,   65760,1400.8,8778.8,15399,87.048, 810.09, 1639.9
   65760,   65820,1159.6,7745.7,13229,72.577, 717.11, 1422.9
   65820,   65880,968.66,6199.5,11541,61.119, 577.96, 1254.1
   65880,   65940,891.06,5527.1,10594,56.464, 517.44, 1159.4
   65940,   66000,-9999,-9999,-9999,-9999, -9999, -9999
   66000,   66060,-9999,-9999,-9999,-9999, -9999, -9999
   66060,   66120,-9999,-9999,-9999,-9999, -9999, -9999
   66120,   66180,-9999,-9999,-9999,-9999, -9999, -9999
   66180,   66240,-9999,-9999,-9999,-9999, -9999, -9999
   66240,   66300,-9999,-9999,-9999,-9999, -9999, -9999
   66300,   66360,-9999,-9999,-9999,-9999, -9999, -9999
   66360,   66420,845.87,5431.8,10444,53.752, 508.86, 1144.4
   66420,   66480,836.15,5234.2,10254,53.169, 491.08, 1125.4
   66480,   66540,710.56,4722.7,9000.3,45.633, 445.05, 1000
   66540,   66600,615.34,4199.3,8319.6,39.92, 397.94, 931.96
   66600,   66660,648.75,4117.2,8182.5,41.925, 390.55, 918.25
   66660,   66720,705.29,4439.2,8744.7,45.317, 419.53, 974.47
   66720,   66780,770.39,4580.8,8973.3,49.223, 432.27, 997.33
   66780,   66840,713.7,4442.7,9031.6,45.822, 419.85, 1003.2
   66840,   66900,655.07,4476.4,8817.6,42.304, 422.87, 981.76
   66900,   66960,693.24,4566,8905.1,44.594, 430.94, 990.51
   66960,   67020,650.21,4413.9,8774.7,42.012, 417.25, 977.47
   67020,   67080,622.35,4544.9,8725.8,40.341, 429.04, 972.58
   67080,   67140,609.64,4544.9,8610.9,39.579, 429.04, 961.09
   67140,   67200,746.35,4693.9,9037.2,47.781, 442.45, 1003.7
   67200,   67260,838.76,5118.6,9203.5,53.325, 480.68, 1020.3
   67260,   67320,791.07,5134.9,9428.3,50.464, 482.14, 1042.8
   67320,   67380,787.35,4998.1,9067.3,50.241, 469.83, 1006.7
   67380,   67440,766.84,4667.7,9034.5,49.01, 440.09, 1003.5
   67440,   67500,725.44,4487.4,8974.7,46.527, 423.87, 997.47
   67500,   67560,702.7,4490.4,8983.7,45.162, 424.14, 998.37
   67560,   67620,670.38,4437.9,8857.7,43.223, 419.41, 985.77
   67620,   67680,637.67,4388.9,8642.1,41.26, 415, 964.21
   67680,   67740,582.18,4171.9,7958.5,37.931, 395.48, 895.85
   67740,   67800,526.59,3388.5,6798.8,34.595, 324.97, 779.88
   67800,   67860,509.31,3453.2,6809.9,33.558, 330.78, 780.99
   67860,   67920,497.07,3122.6,6235.5,32.824, 301.03, 723.55
   67920,   67980,494.24,2947.7,6035.1,32.654, 285.29, 703.51
   67980,   68040,470.35,2810.4,5906.6,31.221, 272.94, 690.66
   68040,   68100,436.6,2794.2,5962.8,29.196, 271.47, 696.28
   68100,   68160,457.66,2921,6085.7,30.46, 282.89, 708.57
   68160,   68220,524.3,3072.2,6362.6,34.458, 296.5, 736.26
   68220,   68280,532.25,3173.3,6487.3,34.935, 305.6, 748.73
   68280,   68340,553.13,3266,6600.9,36.188, 313.94, 760.09
   68340,   68400,548.5,3303.1,6704.3,35.91, 317.28, 770.43
   68400,   68460,557.59,3345.5,6687.8,36.455, 321.09, 768.78
   68460,   68520,571.7,3348.2,6678,37.302, 321.34, 767.8
   68520,   68580,548.38,3232.9,6370.8,35.903, 310.96, 737.08
   68580,   68640,488.94,2773.3,5499.5,32.337, 269.6, 649.95
   68640,   68700,487.74,2745.9,5388.4,32.264, 267.13, 638.84
   68700,   68760,439.44,2440.6,4894,29.366, 239.66, 589.4
   68760,   68820,399.06,2296.4,4469.3,26.944, 226.67, 546.93
   68820,   68880,389.87,2194.1,4397.3,26.392, 217.46, 539.73
   68880,   68940,369.83,2055.6,4147.2,25.19, 205, 514.72
   68940,   69000,354.69,2007.5,4031.8,24.281, 200.68, 503.18
   69000,   69060,373.57,2039.7,4060.1,25.414, 203.57, 506.01
   69060,   69120,307.88,1653.5,3514.9,21.473, 168.82, 451.49
   69120,   69180,273.05,1515.5,3288.5,19.383, 156.4, 428.85
   69180,   69240,438.02,2018.5,4026.1,29.281, 201.67, 502.61
   69240,   69300,1254.7,4406,9520.1,78.28, 416.54, 1052
   69300,   69360,392.26,2221.7,3972.4,26.535, 219.96, 497.24
   69360,   69420,266.65,1491.8,3064,18.999, 154.27, 406.4
   69420,   69480,252.19,1384.9,2892,18.131, 144.64, 389.2
   69480,   69540,244.81,1377.8,2896.4,17.689, 144, 389.64
   69540,   69600,249.62,1393.8,2910.4,17.977, 145.44, 391.04
   69600,   69660,259.84,1468.2,3029.3,18.59, 152.14, 402.93
   69660,   69720,252.51,1430.2,3021.5,18.151, 148.72, 402.15
   69720,   69780,226.79,1317.6,2857,16.607, 138.59, 385.7
   69780,   69840,243.51,1435.7,3040,17.611, 149.21, 404
   69840,   69900,275.93,1613.4,3271.2,19.556, 165.21, 427.12
   69900,   69960,286.47,1604.7,3226.7,20.188, 164.43, 422.67
   69960,   70020,253.6,1500.3,3114.4,18.216, 155.02, 411.44
   70020,   70080,304.7,1829.3,3551.6,21.282, 184.64, 455.16
   70080,   70140,381.58,2162.5,3960.5,25.895, 214.63, 496.05
   70140,   70200,2154,6083.5,11826,132.24, 567.52, 1282.6
   70200,   70260,1000.4,4150.3,6895.4,63.026, 393.52, 789.54
   70260,   70320,321.73,1882.5,3707,22.304, 189.42, 470.7
   70320,   70380,295.77,1723.4,3591.6,20.746, 175.11, 459.16
   70380,   70440,299.42,1767.2,3612.3,20.965, 179.04, 461.23
   70440,   70500,301.35,1817,3747.2,21.081, 183.53, 474.72
   70500,   70560,261.75,1660.7,3388.4,18.705, 169.46, 438.84
   70560,   70620,277.36,1765.8,3662.7,19.642, 178.92, 466.27
   70620,   70680,254.29,1572.6,3306.7,18.257, 161.54, 430.67
   70680,   70740,234.51,1477.3,3136,17.071, 152.95, 413.6
   70740,   70800,237.71,1426.2,3099.5,17.262, 148.36, 409.95
   70800,   70860,229.85,1469.7,3120.4,16.791, 152.28, 412.04
   70860,   70920,270.68,1697.7,3563.5,19.241, 172.79, 456.35
   70920,   70980,256.33,1717.1,3693.5,18.38, 174.54, 469.35
   70980,   71040,260.89,1829.4,3787,18.653, 184.65, 478.7
   71040,   71100,263.33,1793.6,3830,18.8, 181.42, 483
   71100,   71160,305.27,2172.5,4263.5,21.316, 215.52, 526.35
   71160,   71220,347.32,2343.5,4653.6,23.839, 230.92, 565.36
   71220,   71280,351.72,2437.4,4831.7,24.103, 239.37, 583.17
   71280,   71340,301.78,2095.8,4487.5,21.107, 208.62, 548.75
   71340,   71400,262.72,1844.8,3998.5,18.763, 186.03, 499.85
   71400,   71460,243.33,1678.5,3834.8,17.6, 171.06, 483.48
   71460,   71520,243.61,1568.1,3582.2,17.617, 161.13, 458.22
   71520,   71580,271.05,1732.5,3659.6,19.263, 175.93, 465.96
   71580,   71640,229.32,1480.1,3353.1,16.759, 153.21, 435.31
   71640,   71700,219.29,1474.3,3526.2,16.158, 152.69, 452.62
   71700,   71760,255.12,1754.9,3847.3,18.307, 177.94, 484.73
   71760,   71820,250.66,1736,3729.6,18.04, 176.24, 472.96
   71820,   71880,212.95,1423,3300.4,15.777, 148.07, 430.04
   71880,   71940,240.73,1576.4,3436.2,17.444, 161.87, 443.62
   71940,   72000,236.29,1568.3,3641.2,17.177, 161.14, 464.12
   72000,   72060,234.27,1656,3547.7,17.056, 169.04, 454.77
   72060,   72120,277.95,1998.1,4212.1,19.677, 199.83, 521.21
   72120,   72180,293.05,2114.7,4465.3,20.583, 210.32, 546.53
   72180,   72240,314.27,2101.9,4575.6,21.856, 209.17, 557.56
   72240,   72300,357.3,2379.1,4859.6,24.438, 234.12, 585.96
   72300,   72360,379.25,2434.3,4850,25.755, 239.09, 585
   72360,   72420,352.86,2362.8,4732.3,24.172, 232.65, 573.23
   72420,   72480,1068.7,4479.5,6917.7,67.12, 423.16, 791.77
   72480,   72540,444.3,2732.2,5500.2,29.658, 265.9, 650.02
   72540,   72600,320.96,2235.7,4727,22.258, 221.21, 572.7
   72600,   72660,269.99,1889.5,4390.4,19.199, 190.05, 539.04
   72660,   72720,268.31,1948.6,4441.2,19.098, 195.37, 544.12
   72720,   72780,302.85,2075.8,4597.4,21.171, 206.82, 559.74
   72780,   72840,327.26,2254.6,4698.4,22.636, 222.91, 569.84
   72840,   72900,374.68,2550.3,4994.4,25.481, 249.53, 599.44
   72900,   72960,391.26,2654.2,5326,26.476, 258.88, 632.6
   72960,   73020,486.23,3180.6,5825.5,32.174, 306.25, 682.55
   73020,   73080,432.97,2922.5,5590,28.978, 283.02, 659
   73080,   73140,409.45,2853,5497.1,27.567, 276.77, 649.71
   73140,   73200,379.41,2589.3,5154.3,25.764, 253.04, 615.43
   73200,   73260,368.85,2488.7,4882.9,25.131, 243.98, 588.29
   73260,   73320,399.51,2593.6,5008.8,26.971, 253.42, 600.88
   73320,   73380,391.93,2691.8,5190.4,26.516, 262.26, 619.04
   73380,   73440,365.61,2494.2,4886.2,24.937, 244.48, 588.62
   73440,   73500,333.03,2324.9,4727.3,22.982, 229.24, 572.73
   73500,   73560,306.36,2010,4317.6,21.381, 200.9, 531.76
   73560,   73620,288.38,2073.2,4418.4,20.303, 206.58, 541.84
   73620,   73680,295.48,1964.4,4185.9,20.729, 196.8, 518.59
   73680,   73740,282.01,1805.3,4029.2,19.921, 182.48, 502.92
   73740,   73800,281.6,1825.1,4090.1,19.896, 184.26, 509.01
   73800,   73860,264.8,1827.3,4045.1,18.888, 184.46, 504.51
   73860,   73920,301.28,2093.7,4225.2,21.077, 208.43, 522.52
   73920,   73980,-9999,-9999,-9999,-9999, -9999, -9999
   73980,   74040,-9999,-9999,-9999,-9999, -9999, -9999
   74040,   74100,-9999,-9999,-9999,-9999, -9999, -9999
   74100,   74160,-9999,-9999,-9999,-9999, -9999, -9999
   74160,   74220,-9999,-9999,-9999,-9999, -9999, -9999
   74220,   74280,-9999,-9999,-9999,-9999, -9999, -9999
   74280,   74340,-9999,-9999,-9999,-9999, -9999, -9999
   74340,   74400,342.91,2258.3,4606.5,23.575, 223.25, 560.65
   74400,   74460,292.05,1870.4,3954.6,20.523, 188.34, 495.46
   74460,   74520,269.15,1709.6,3809.3,19.149, 173.86, 480.93
   74520,   74580,242.13,1591.5,3516.9,17.528, 163.24, 451.69
   74580,   74640,242.64,1578.6,3490.2,17.559, 162.07, 449.02
   74640,   74700,270.41,1708,3524.8,19.225, 173.72, 452.48
   74700,   74760,291.11,1923.2,3826.2,20.466, 193.08, 482.62
   74760,   74820,294.68,1926,3919.1,20.681, 193.34, 491.91
   74820,   74880,289.71,1817.8,3713.8,20.382, 183.6, 471.38
   74880,   74940,298.3,1821.4,3679.5,20.898, 183.92, 467.95
   74940,   75000,333.92,2053.8,4007.2,23.035, 204.84, 500.72
   75000,   75060,366.72,2255.4,4182.5,25.003, 222.99, 518.25
   75060,   75120,312.22,1983.3,3878.8,21.733, 198.5, 487.88
   75120,   75180,301.53,1902.7,3819.6,21.092, 191.24, 481.96
   75180,   75240,277.25,1846.8,3737.9,19.635, 186.22, 473.79
   75240,   75300,278.22,1856.3,3720.6,19.693, 187.06, 472.06
   75300,   75360,406.05,2475.8,4754.8,27.363, 242.82, 575.48
   75360,   75420,408.71,2474.1,4621.1,27.523, 242.67, 562.11
   75420,   75480,394.5,2468.4,4601.5,26.67, 242.16, 560.15
   75480,   75540,376.23,2265.7,4458.3,25.574, 223.91, 545.83
   75540,   75600,374.08,2468.6,4650.8,25.445, 242.18, 565.08
   75600,   75660,389.84,2518.5,4612,26.391, 246.67, 561.2
   75660,   75720,395.18,2673.5,4839.8,26.711, 260.61, 583.98
   75720,   75780,301.95,2045.2,4121,21.117, 204.06, 512.1
   75780,   75840,265.25,1819,3791.8,18.915, 183.71, 479.18
   75840,   75900,237.93,1674.2,3527.6,17.276, 170.68, 452.76
   75900,   75960,232.78,1576.1,3393.2,16.967, 161.85, 439.32
   75960,   76020,228.13,1485.2,3172.9,16.688, 153.66, 417.29
   76020,   76080,230.62,1523.4,3240.4,16.837, 157.1, 424.04
   76080,   76140,256.06,1726.9,3515.4,18.363, 175.42, 451.54
   76140,   76200,297.38,1924.1,3724.3,20.843, 193.17, 472.43
   76200,   76260,1005.2,3410.8,6114.6,63.31, 326.97, 711.46
   76260,   76320,937.16,4116.6,7750.7,59.23, 390.49, 875.07
   76320,   76380,390.87,2485.7,5402.6,26.452, 243.71, 640.26
   76380,   76440,388.76,2407.7,4648.3,26.326, 236.69, 564.83
   76440,   76500,339.27,2193.3,4039.1,23.356, 217.4, 503.91
   76500,   76560,360.56,2377.7,4125.6,24.633, 233.99, 512.56
   76560,   76620,302.26,2152.4,3810.1,21.136, 213.71, 481.01
   76620,   76680,268.52,1889.2,3690.7,19.111, 190.03, 469.07
   76680,   76740,318.07,1928.7,3508.2,22.084, 193.58, 450.82
   76740,   76800,312.59,2118.1,4073.1,21.755, 210.62, 507.31
   76800,   76860,258.47,1936.5,3851.8,18.508, 194.29, 485.18
   76860,   76920,225.52,1649,3546.8,16.531, 168.41, 454.68
   76920,   76980,224.22,1595.2,3451.6,16.453, 163.57, 445.16
   76980,   77040,289.38,1969.2,3644.9,20.363, 197.23, 464.49
   77040,   77100,250.48,1722.9,3601,18.029, 175.06, 460.1
   77100,   77160,227.59,1655.5,3576.9,16.656, 169, 457.69
   77160,   77220,243.74,1845.1,3681.8,17.624, 186.06, 468.18
   77220,   77280,233.35,1850.2,3695.1,17.001, 186.52, 469.51
   77280,   77340,217.32,1659.8,3521.1,16.039, 169.38, 452.11
   77340,   77400,225.06,1774.6,3505.8,16.503, 179.72, 450.58
   77400,   77460,296.86,2316.4,3934,20.812, 228.48, 493.4
   77460,   77520,246.78,1930,3812,17.807, 193.7, 481.2
   77520,   77580,200.87,1930.9,3663.4,15.052, 193.78, 466.34
   77580,   77640,207.12,1974.3,3680.6,15.427, 197.69, 468.06
   77640,   77700,175.3,1906,3651.5,13.518, 191.54, 465.15
   77700,   77760,160.72,1834.4,3559.3,12.643, 185.09, 455.93
   77760,   77820,158.86,1549.7,3243.2,12.531, 159.47, 424.32
   77820,   77880,185.39,1500.4,3137.8,14.124, 155.04, 413.78
   77880,   77940,197.6,1546.7,3210.7,14.856, 159.21, 421.07
   77940,   78000,245.94,1682.9,3391.5,17.757, 171.46, 439.15
   78000,   78060,243.08,1645.2,3273.7,17.585, 168.07, 427.37
   78060,   78120,222.01,1492,3100.4,16.32, 154.28, 410.04
   78120,   78180,299.29,1921.5,3612.6,20.958, 192.94, 461.26
   78180,   78240,290.05,1784.6,3364.2,20.403, 180.61, 436.42
   78240,   78300,500.49,2529.2,4208.8,33.03, 247.63, 520.88
   78300,   78360,284.02,1887.1,3583.9,20.041, 189.84, 458.39
   78360,   78420,204.78,1416.6,3123.6,15.287, 147.49, 412.36
   78420,   78480,177.64,1171.4,2783.7,13.658, 125.42, 378.37
   78480,   78540,170.63,1147.1,2708.9,13.238, 123.24, 370.89
   78540,   78600,177.27,1191.3,2876.2,13.636, 127.22, 387.62
   78600,   78660,193.22,1288.1,2913.7,14.593, 135.93, 391.37
   78660,   78720,219.06,1407.8,3028.4,16.144, 146.7, 402.84
   78720,   78780,233.27,1539.7,3240.4,16.996, 158.57, 424.04
   78780,   78840,243.2,1626.7,3355.1,17.592, 166.4, 435.51
   78840,   78900,238.06,1713.6,3430.4,17.284, 174.23, 443.04
   78900,   78960,275.55,1903.3,3681.7,19.533, 191.3, 468.17
   78960,   79020,269.56,1911.1,3746.1,19.174, 192, 474.61
   79020,   79080,281.26,2000,3937.8,19.875, 200, 493.78
   79080,   79140,239.84,1568.5,3185.5,17.391, 161.17, 418.55
   79140,   79200,223.09,1451.6,2945,16.386, 150.65, 394.5
   79200,   79260,213.92,1497.4,2910.6,15.835, 154.77, 391.06
   79260,   79320,213.13,1464.6,2891.1,15.788, 151.81, 389.11
   79320,   79380,210.22,1494.1,3016.1,15.613, 154.47, 401.61
   79380,   79440,420,1885.7,3258.4,28.2, 189.71, 425.84
   79440,   79500,204.15,1369.7,2979.7,15.249, 143.27, 397.97
   79500,   79560,170.4,1158.6,2564.6,13.224, 124.27, 356.46
   79560,   79620,170.58,1214.8,2679.2,13.235, 129.33, 367.92
   79620,   79680,185.33,1261.6,2733.5,14.12, 133.54, 373.35
   79680,   79740,176.72,1275.6,2855.1,13.603, 134.8, 385.51
   79740,   79800,174.63,1214.1,2733.3,13.478, 129.27, 373.33
   79800,   79860,170.56,1217.5,2737.3,13.234, 129.58, 373.73
   79860,   79920,181.58,1325.1,2903.8,13.895, 139.26, 390.38
   79920,   79980,225.14,1548.6,3086.7,16.509, 159.37, 408.67
