CampaignData_and_Merges/R0/CSL_MobileLab_Parked/raw/20240802/USOS-NOAAIodideCIMS-Halogens_MobileLabGround_20240802_RA.ict
38, 1001
Michael A Robinson, Chris Jernigan, Subi Thakali
NOAA ESRL Chemical Sciences Laboratory and CIRES, U. of Colorado
NOAA Iodide CIMS Instrument
USOS
1, 1
2024, 08, 02, 2024, 08, 03
1
starttime_UTC, seconds_past_midnight, seconds_of_day_since_00:00:00_UTC
6
1, 1, 1, 1, 1, 1
-9999, -9999, -9999, -9999, -9999, -9999
Br2_NOAACIMS, pptv, Gas_Br2_InSitu_S_AVMR, 
BrO_NOAACIMS, pptv, Gas_BrO_InSitu_S_AVMR, 
Cl2_NOAACIMS, pptv, Gas_Cl2_InSitu_S_AVMR, 
ClNO2_NOAACIMS, pptv, Gas_ClNO2_InSitu_S_AVMR, 
BrCl_NOAACIMS, pptv, Gas_BrCl_InSitu_S_AVMR, 
NCl3_NOAACIMS, pptv, Gas_NCl3_InSitu_S_AVMR, 
0
18
PI_CONTACT_INFO: 325 Broadway, R/CSD 7, Boulder, Colorado 80305; michael.a.robinson@noaa.gov; chris.jernigan@noaa.gov;
PLATFORM: NOAA CSL Mobile Lab
LOCATION: SLC, Utah
ASSOCIATED_DATA: 1Hz data also available on request.
INSTRUMENT_INFO: NOAA I- ToF CIMS
DATA_INFO: All data in parts per trillion by volume (pptv). 1 Hz data is available upon request.
UNCERTAINTY: TBD
ULOD_FLAG: -7777
ULOD_VALUE: N/A
LLOD_FLAG: -8888
LLOD_VALUE: N/A
DM_CONTACT_INFO: Nathan Howard; nathan.h.howard@noaa.gov
PROJECT_INFO: USOS, summer 2024. https://csl.noaa.gov/groups/csl7/measurements/2024usos/
STIPULATIONS_ON_USE: Users are strongly encouraged to contact the PI for proper data usage.
OTHER_COMMENTS: 
REVISION: RA
RA: Preliminary Data; For in-field use only
starttime_UTC, Br2_NOAACIMS, BrO_NOAACIMS, Cl2_NOAACIMS, ClNO2_NOAACIMS, BrCl_NOAACIMS, NCl3_NOAACIMS
[from data line 840]
 50400,  0.502,  0.318,  1.521,  1.319,  0.184,  2.191
 50460,  0.388,  0.172,  1.417,  1.361,  0.124,  2.700
 50520,  0.334,  0.247,  1.197,  1.347,  0.194,  1.875
 50580,  0.469,  0.153,  1.264,  1.281,  0.193,  1.498
 50640,  0.438,  0.197,  1.109,  1.344,  0.184,  1.464
 50700,  0.413,  0.126,  1.116,  1.199,  0.173,  2.053
 50760,  0.470,  0.202,  1.021,  1.262,  0.186,  2.548
 50820,  0.442,  0.111,  1.094,  1.274,  0.211,  2.823
 50880,  0.493,  0.115,  1.097,  1.356,  0.232,  1.572
 50940,  0.565,  0.212,  1.170,  1.156,  0.164,  1.773
 51000,  0.545,  0.186,  1.163,  1.286,  0.312,  5.488
 51060,  0.501,  0.154,  1.062,  1.196,  0.192,  2.298
 51120,  0.415,  0.112,  0.899,  1.065,  0.167,  0.778
 51180,  0.578,  0.148,  0.914,  1.231,  0.185,  0.767
 51240,  0.528,  0.165,  0.863,  1.235,  0.194,  1.428
 51300,  0.617,  0.096,  0.776,  1.293,  0.197,  1.135
 51360,  0.522,  0.062,  0.774,  1.349,  0.191,  0.771
 51420,  0.593,  0.199,  0.787,  1.329,  0.212,  0.686
 51480,  0.573,  0.177,  0.909,  1.185,  0.219,  0.470
 51540,  0.515,  0.213,  0.849,  1.199,  0.183,  0.432
 51600,  0.452,  0.138,  0.755,  1.130,  0.174,  0.459
 51660,  0.500,  0.178,  0.798,  1.262,  0.205,  0.789
 51720,  0.510,  0.241,  0.648,  1.077,  0.208,  0.381
 51780,  0.551,  0.173,  0.764,  1.189,  0.200,  0.505
 51840,  0.564,  0.131,  0.651,  1.104,  0.150,  0.436
 51900,  0.500,  0.198,  0.643,  1.232,  0.227,  0.326
 51960,  0.519,  0.144,  0.623,  1.314,  0.198,  0.309
 52020,  0.626,  0.168,  0.793,  1.331,  0.198,  0.327
 52080,  0.510,  0.211,  0.658,  1.273,  0.182,  0.261
 52140,  0.438, -0.025,  1.049,  1.429,  0.116,  0.679
 52200,  0.544,  0.157,  0.841,  1.266,  0.191,  0.319
 52260,  0.568,  0.170,  0.667,  1.180,  0.180,  0.628
 52320,  0.479,  0.164,  0.655,  1.351,  0.170,  0.560
 52380,  0.606,  0.079,  0.567,  1.444,  0.214,  0.733
 52440,  0.613,  0.076,  0.529,  1.554,  0.205,  0.516
 52500,  0.460,  0.045,  0.552,  1.639,  0.228,  0.538
 52560,  0.633,  0.137,  0.812,  1.551,  0.147,  0.626
 52620,  0.567,  0.179,  0.711,  1.426,  0.184,  0.944
 52680,  0.513,  0.136,  0.491,  1.502,  0.206,  1.636
 52740,  0.572,  0.093,  0.609,  1.405,  0.193,  1.274
 52800,  0.538,  0.132,  0.576,  1.343,  0.181,  0.288
 52860,  0.587,  0.096,  0.517,  1.309,  0.205,  0.337
 52920,  0.457,  0.128,  0.578,  1.175,  0.215,  1.116
 52980,  0.582,  0.059,  0.553,  1.404,  0.232,  2.220
 53040,  0.546,  0.204,  0.390,  1.218,  0.182,  0.350
 53100,  0.522,  0.156,  0.484,  1.269,  0.210,  1.887
 53160,  0.541,  0.181,  0.477,  1.152,  0.182,  0.325
 53220,  0.612,  0.081,  0.427,  1.213,  0.160,  0.355
 53280,  0.518,  0.146,  0.565,  1.230,  0.213,  0.350
 53340,  0.480,  0.137,  0.497,  1.200,  0.237,  0.337
 53400,  0.492,  0.107,  0.460,  1.202,  0.180,  0.446
 53460,  0.570,  0.115,  0.474,  1.172,  0.229,  0.787
 53520,  0.570,  0.255,  0.336,  1.132,  0.180,  0.265
 53580,  0.587,  0.081,  0.391,  1.093,  0.199,  1.005
 53640,  0.486,  0.236,  0.459,  1.136,  0.190,  0.787
 53700,  0.516,  0.198,  0.431,  1.110,  0.253,  0.478
 53760,  0.521,  0.086,  0.420,  0.964,  0.171,  2.386
 53820,  0.415, -9999.000,  0.442,  1.055,  0.191,  0.742
 53880,  0.500, -9999.000,  0.422,  1.004,  0.162,  0.195
 53940,  0.540, -9999.000,  0.619,  0.890,  0.124,  0.558
 54000, -0.093, -9999.000,  0.633,  0.239,  0.229, -0.055
 54060,  0.489, -9999.000,  0.316,  1.093,  0.107,  0.191
 54120,  0.547, -9999.000,  0.494,  1.069,  0.172,  0.209
 54180,  0.368, -9999.000,  0.459,  1.128,  0.184,  0.204
 54240,  0.083, -9999.000,  0.261,  1.037,  0.110,  0.120
 54300,  0.100, -9999.000,  0.363,  1.027,  0.071,  0.133
 54360,  0.409, -9999.000,  0.361,  1.078,  0.139,  0.146
 54420,  0.576, -9999.000,  0.384,  1.144,  0.186,  0.196
 54480,  0.471, -9999.000,  0.381,  1.192,  0.146,  0.194
 54540,  0.472, -9999.000,  0.442,  1.282,  0.185,  0.176
 54600,  0.515, -9999.000,  0.366,  1.213,  0.187,  0.217
 54660,  0.576,  0.102,  0.340,  1.323,  0.101,  0.166
 54720,  0.621,  0.101,  0.318,  1.210,  0.155,  0.163
 54780,  0.587,  0.110,  0.330,  1.316,  0.165,  0.196
 54840,  0.649,  0.111,  0.422,  1.361,  0.005,  0.208
 54900,  0.397,  0.133,  0.343,  1.274,  0.144,  0.281
 54960,  0.550,  0.211,  0.368,  1.579, -0.027,  0.260
 55020,  0.578,  0.195,  0.421,  1.405,  0.175,  0.191
 55080,  0.546,  0.132,  0.442,  1.429,  0.061,  0.220
 55140,  0.624,  0.027,  0.403,  1.237,  0.152,  0.201
 55200,  0.624,  0.107,  0.266,  1.344,  0.010,  0.225
 55260,  0.574,  0.135,  0.273,  1.214,  0.160,  0.179
 55320,  0.617,  0.071,  0.360,  1.559,  0.065,  0.268
 55380,  0.667,  0.031,  0.246,  1.356,  0.149,  0.157
 55440,  0.651,  0.093,  0.280,  1.528,  0.052,  0.115
 55500,  0.451,  0.123,  0.409,  1.416,  0.143,  0.174
 55560,  0.457,  0.035,  0.334,  1.463,  0.147,  0.104
 55620,  0.027, -0.095,  0.193,  1.196,  0.076,  0.042
 55680,  0.481,  0.115,  0.401,  1.331,  0.188,  0.153
 55740,  0.563,  0.022,  0.329,  1.205,  0.143,  0.181
 55800,  0.480,  0.175,  0.350,  1.118,  0.162,  0.227
 55860,  0.561, -0.006,  0.146,  1.140,  0.203,  0.182
 55920,  0.647,  0.073,  0.212,  1.027,  0.191,  0.117
 55980,  0.559,  0.093,  0.327,  1.026,  0.187,  0.217
 56040,  0.546,  0.108,  0.511,  1.094,  0.152,  0.147
 56100,  0.344,  0.129,  0.412,  1.093,  0.212,  0.190
 56160,  0.211,  0.144,  0.343,  0.936,  0.213,  0.202
 56220,  0.226,  0.034,  0.467,  1.005,  0.215,  0.183
 56280,  0.244,  0.051,  0.623,  1.031,  0.230,  0.136
 56340,  0.336,  0.203,  0.615,  1.035,  0.263,  0.168
 56400,  0.302,  0.222,  0.555,  0.816,  0.210,  0.119
 56460,  0.310,  0.232,  0.375,  0.921,  0.205,  0.118
 56520,  0.316,  0.157,  0.392,  0.954,  0.189,  0.172
 56580,  0.344,  0.068,  0.434,  0.804,  0.229,  0.156
 56640,  0.346,  0.353,  0.477,  0.885,  0.229,  0.047
 56700,  0.738, -0.128,  0.708,  1.075,  0.063, -0.113
 56760, -9999.000, -9999.000, -9999.000, -9999.000, -9999.000, -9999.000
 56820, -9999.000, -9999.000, -9999.000, -9999.000, -9999.000, -9999.000
 56880, -9999.000, -9999.000, -9999.000, -9999.000, -9999.000, -9999.000
 56940, -9999.000, -9999.000, -9999.000, -9999.000, -9999.000, -9999.000
 57000, -9999.000, -9999.000, -9999.000, -9999.000, -9999.000, -9999.000
 57060,  0.743,  0.262,  0.448,  0.760,  0.303,  0.217
 57120,  0.735,  0.210,  0.523,  0.733,  0.311,  0.149
 57180,  0.433,  0.210,  0.726,  0.675,  0.247,  0.090
 57240,  0.690,  0.353,  0.618,  0.734,  0.329,  0.068
 57300, -9999.000, -9999.000, -9999.000, -9999.000, -9999.000, -9999.000
 57360,  0.611,  0.205,  0.648,  0.711,  0.257,  0.144
 57420,  0.707,  0.277,  0.469,  0.591,  0.205,  0.114
 57480,  0.265,  0.294,  0.529,  0.622,  0.300,  0.136
 57540,  0.314,  0.297,  0.733,  0.740,  0.222,  0.120
 57600,  0.277,  0.358,  0.456,  0.613,  0.205,  0.168
 57660,  0.726,  0.302,  0.504,  0.702,  0.275,  0.155
 57720,  0.540,  0.279,  0.796,  0.778,  0.215,  0.124
 57780,  0.195,  0.119,  0.615,  0.679,  0.264,  0.094
 57840,  0.570,  0.229,  0.659,  0.913,  0.219,  0.070
 57900,  0.466,  0.235,  0.632,  0.795,  0.248,  0.094
 57960,  0.702,  0.186,  0.466,  0.670,  0.328,  0.095
 58020, -9999.000, -9999.000, -9999.000, -9999.000, -9999.000, -9999.000
 58080, -9999.000, -9999.000, -9999.000, -9999.000, -9999.000, -9999.000
 58140, -9999.000, -9999.000, -9999.000, -9999.000, -9999.000, -9999.000
 58200, -9999.000, -9999.000, -9999.000, -9999.000, -9999.000, -9999.000
 58260, -9999.000, -9999.000, -9999.000, -9999.000, -9999.000, -9999.000
 58320, -9999.000, -9999.000, -9999.000, -9999.000, -9999.000, -9999.000
 58380, -9999.000, -9999.000, -9999.000, -9999.000, -9999.000, -9999.000
 58440, -9999.000, -9999.000, -9999.000, -9999.000, -9999.000, -9999.000
 58500, -9999.000, -9999.000, -9999.000, -9999.000, -9999.000, -9999.000
 58560, -9999.000, -9999.000, -9999.000, -9999.000, -9999.000, -9999.000
 58620, -9999.000, -9999.000, -9999.000, -9999.000, -9999.000, -9999.000
 58680, -9999.000, -9999.000, -9999.000, -9999.000, -9999.000, -9999.000
 58740, -9999.000, -9999.000, -9999.000, -9999.000, -9999.000, -9999.000
 58800, -9999.000, -9999.000, -9999.000, -9999.000, -9999.000, -9999.000
 58860, -9999.000, -9999.000, -9999.000, -9999.000, -9999.000, -9999.000
 58920, -9999.000, -9999.000, -9999.000, -9999.000, -9999.000, -9999.000
 58980, -9999.000, -9999.000, -9999.000, -9999.000, -9999.000, -9999.000
 59040, -9999.000, -9999.000, -9999.000, -9999.000, -9999.000, -9999.000
 59100, -9999.000, -9999.000, -9999.000, -9999.000, -9999.000, -9999.000
 59160, -9999.000, -9999.000, -9999.000, -9999.000, -9999.000, -9999.000
 59220, -9999.000, -9999.000, -9999.000, -9999.000, -9999.000, -9999.000
 59280, -9999.000, -9999.000, -9999.000, -9999.000, -9999.000, -9999.000
 59340, -9999.000, -9999.000, -9999.000, -9999.000, -9999.000, -9999.000
 59400, -9999.000, -9999.000, -9999.000, -9999.000, -9999.000, -9999.000
 59460, -9999.000, -9999.000, -9999.000, -9999.000, -9999.000, -9999.000
 59520, -9999.000, -9999.000, -9999.000, -9999.000, -9999.000, -9999.000
 59580, -9999.000, -9999.000, -9999.000, -9999.000, -9999.000, -9999.000
 59640, -9999.000, -9999.000, -9999.000, -9999.000, -9999.000, -9999.000
 59700, -9999.000, -9999.000, -9999.000, -9999.000, -9999.000, -9999.000
 59760, -9999.000, -9999.000, -9999.000, -9999.000, -9999.000, -9999.000
 59820, -9999.000, -9999.000, -9999.000, -9999.000, -9999.000, -9999.000
 59880, -9999.000, -9999.000, -9999.000, -9999.000, -9999.000, -9999.000
 59940, -9999.000, -9999.000, -9999.000, -9999.000, -9999.000, -9999.000
 60000, -9999.000, -9999.000, -9999.000, -9999.000, -9999.000, -9999.000
 60060, -9999.000, -9999.000, -9999.000, -9999.000, -9999.000, -9999.000
 60120, -9999.000, -9999.000, -9999.000, -9999.000, -9999.000, -9999.000
 60180, -9999.000, -9999.000, -9999.000, -9999.000, -9999.000, -9999.000
 60240, -9999.000, -9999.000, -9999.000, -9999.000, -9999.000, -9999.000
 60300, -9999.000, -9999.000, -9999.000, -9999.000, -9999.000, -9999.000
 60360, -9999.000, -9999.000, -9999.000, -9999.000, -9999.000, -9999.000
 60420, -9999.000, -9999.000, -9999.000, -9999.000, -9999.000, -9999.000
 60480, -9999.000, -9999.000, -9999.000, -9999.000, -9999.000, -9999.000
 60540, -9999.000, -9999.000, -9999.000, -9999.000, -9999.000, -9999.000
 60600, -9999.000, -9999.000, -9999.000, -9999.000, -9999.000, -9999.000
 60660, -9999.000, -9999.000, -9999.000, -9999.000, -9999.000, -9999.000
 60720, -9999.000, -9999.000, -9999.000, -9999.000, -9999.000, -9999.000
 60780, -9999.000, -9999.000, -9999.000, -9999.000, -9999.000, -9999.000
 60840, -9999.000, -9999.000, -9999.000, -9999.000, -9999.000, -9999.000
 60900, -9999.000, -9999.000, -9999.000, -9999.000, -9999.000, -9999.000
 60960, -9999.000, -9999.000, -9999.000, -9999.000, -9999.000, -9999.000
 61020, -9999.000, -9999.000, -9999.000, -9999.000, -9999.000, -9999.000
 61080, -9999.000, -9999.000, -9999.000, -9999.000, -9999.000, -9999.000
 61140, -9999.000, -9999.000, -9999.000, -9999.000, -9999.000, -9999.000
 61200, -9999.000, -9999.000, -9999.000, -9999.000, -9999.000, -9999.000
 61260, -9999.000, -9999.000, -9999.000, -9999.000, -9999.000, -9999.000
 61320, -9999.000, -9999.000, -9999.000, -9999.000, -9999.000, -9999.000
 61380, -9999.000, -9999.000, -9999.000, -9999.000, -9999.000, -9999.000
 61440, -9999.000, -9999.000, -9999.000, -9999.000, -9999.000, -9999.000
 61500, -9999.000, -9999.000, -9999.000, -9999.000, -9999.000, -9999.000
 61560, -9999.000, -9999.000, -9999.000, -9999.000, -9999.000, -9999.000
 61620, -9999.000, -9999.000, -9999.000, -9999.000, -9999.000, -9999.000
 61680,  0.622,  0.193,  0.756,  0.300,  0.353, -0.042
 61740,  0.609,  0.324,  0.798,  0.323,  0.367, -0.019
 61800,  0.516,  0.494,  0.810,  0.323,  0.367,  0.012
 61860, -9999.000, -9999.000, -9999.000, -9999.000, -9999.000, -9999.000
 61920,  0.809,  0.295,  1.187,  0.397,  0.553,  0.097
 61980,  0.435,  0.094,  1.006,  0.280,  0.330, -0.066
 62040,  0.470,  0.206,  0.660,  0.375,  0.342, -0.035
 62100,  0.693,  0.205,  0.996,  0.341,  0.334, -0.003
 62160,  0.692,  0.320,  1.048,  0.302,  0.351,  0.021
 62220,  0.457,  0.263,  1.056,  0.296,  0.370,  0.026
 62280,  0.706,  0.582,  1.153,  0.322,  0.427, -0.057
 62340,  0.669,  0.255,  1.204,  0.268,  0.390, -0.091
 62400,  0.588,  0.266,  1.107,  0.313,  0.316,  0.050
 62460,  0.538,  0.274,  0.944,  0.457,  0.333, -0.026
 62520,  0.687,  0.298,  0.990,  0.226,  0.407,  0.002
 62580,  0.656,  0.230,  0.964,  0.387,  0.376,  0.046
 62640,  0.704,  0.273,  1.183,  0.385,  0.330,  0.023
 62700,  0.895,  0.414,  1.130,  0.378,  0.411,  0.077
 62760,  0.689,  0.495,  1.291,  0.356,  0.332,  0.123
 62820,  0.705,  0.301,  1.125,  0.339,  0.447, -0.005
 62880,  0.874,  0.471,  1.183,  0.382,  0.345,  0.064
 62940,  0.742,  0.403,  1.201,  0.257,  0.470,  0.099
 63000,  0.750,  0.293,  0.973,  0.232,  0.413,  0.072
 63060,  0.811,  0.305,  1.046,  0.261,  0.338,  0.043
 63120,  0.912,  0.458,  1.021,  0.306,  0.400,  0.033
 63180,  0.814,  0.269,  0.978,  0.299,  0.412,  0.104
 63240,  0.792,  0.378,  1.024,  0.215,  0.430,  0.000
 63300,  0.909,  0.225,  1.244,  0.274,  0.430,  0.096
 63360,  0.738,  0.523,  1.078,  0.282,  0.400,  0.117
 63420,  0.731,  0.466,  1.168,  0.261,  0.396, -0.062
 63480,  1.046,  0.634,  1.043,  0.270,  0.383,  0.088
 63540,  0.711,  0.187,  1.132,  0.202,  0.457,  0.099
 63600,  0.974,  0.144,  1.183,  0.344,  0.486,  0.065
 63660,  0.829,  0.168,  1.190,  0.306,  0.480,  0.032
 63720,  0.381,  0.521,  1.335,  0.142,  0.218,  0.203
 63780,  0.615,  0.306,  1.120,  0.246,  0.312, -0.008
 63840,  0.145, -0.042,  0.872,  0.207,  0.168, -0.126
 63900,  0.564,  0.193,  0.934,  0.249,  0.282,  0.023
 63960,  0.632,  0.274,  0.874,  0.176,  0.343, -0.009
 64020,  0.930,  0.297,  1.145,  0.283,  0.401, -0.015
 64080,  0.817,  0.213,  1.118,  0.188,  0.394,  0.040
 64140,  0.918,  0.541,  1.239,  0.331,  0.377,  0.097
 64200,  1.077,  0.773,  1.592,  0.321,  0.496,  0.174
 64260,  0.904,  0.261,  1.400,  0.307,  0.501,  0.090
 64320,  0.791,  0.444,  1.472,  0.396,  0.572,  0.066
 64380,  1.037,  0.337,  1.428,  0.309,  0.550,  0.210
 64440,  1.060,  0.425,  1.633,  0.244,  0.608,  0.184
 64500,  1.039,  0.410,  1.616,  0.237,  0.506,  0.080
 64560,  0.900,  0.377,  1.919,  0.386,  0.547,  0.131
 64620,  0.845,  0.349,  1.299,  0.192,  0.470,  0.097
 64680,  0.816,  0.404,  1.069,  0.215,  0.394,  0.099
 64740,  0.979,  0.412,  0.991,  0.217,  0.416,  0.029
 64800,  0.564,  0.182,  0.763,  0.211,  0.247,  0.002
 64860,  0.635,  0.548,  0.958,  0.196,  0.372,  0.049
 64920,  0.858,  0.286,  1.236,  0.181,  0.372,  0.168
 64980,  0.447,  0.276,  1.199,  0.312,  0.335, -0.017
 65040,  1.002,  0.610,  1.549,  0.308,  0.427,  0.134
 65100,  0.973,  0.620,  1.423,  0.166,  0.427,  0.058
 65160,  0.654,  0.545,  0.909,  0.247,  0.270, -0.011
 65220,  0.617,  0.307,  0.964,  0.201,  0.349,  0.091
 65280,  0.359,  0.531,  1.198,  0.150,  0.332,  0.032
 65340,  0.827,  0.399,  1.085,  0.197,  0.432,  0.193
 65400,  0.852,  0.388,  1.383,  0.224,  0.495,  0.112
 65460,  0.783,  0.538,  1.228,  0.174,  0.458,  0.096
 65520,  0.864,  0.207,  1.129,  0.241,  0.326,  0.121
 65580,  0.394,  0.297,  1.068,  0.206,  0.293,  0.006
 65640,  0.748,  0.200,  1.128,  0.230,  0.343,  0.105
 65700,  0.852,  0.197,  1.231,  0.244,  0.381,  0.070
 65760,  0.785,  0.699,  1.452,  0.151,  0.531,  0.133
 65820,  0.852,  0.385,  1.195,  0.225,  0.414,  0.122
 65880,  0.805,  0.420,  0.971,  0.223,  0.376,  0.086
 65940,  0.803,  0.394,  0.969,  0.177,  0.283,  0.104
 66000,  0.721,  0.246,  0.711,  0.169,  0.249,  0.014
 66060,  0.986,  0.354,  0.864,  0.178,  0.295,  0.064
 66120,  0.914,  0.348,  1.262,  0.174,  0.298,  0.090
 66180, -0.085, -0.000,  0.910,  0.095,  0.116, -0.018
 66240,  0.948,  0.474,  1.514,  0.207,  0.294,  0.146
 66300,  0.940,  0.256,  1.279,  0.184,  0.345,  0.058
