CampaignData_and_Merges/R0/CSL_MobileLab_Parked/raw/20240802/USOS-jNO2_MobileLabGround_20240802_R0.ict
52,1001
Waxman, E.; Rollins, A.; Zuraski, K.; Chace, W.
NOAA Chemical Sciences Laboratory
jNO2 filter radiometer on CSL Mobile Lab
AMMBEC / USOS
1, 1
2024,08,02, 2025,04,01
60
Time_Start, seconds, number_of_seconds_since_0000_UTC
20
1, 1, 1, 1, 1, 1, 1, 1, 1, 1, 1, 1, 1, 1, 1, 1, 1, 1, 1, 1
-9999, -9999, -9999, -9999, -9999, -9999, -9999, -9999, -9999, -9999, -9999, -9999, -9999, -9999, -9999, -9999, -9999, -9999, -9999, -9999
Time_Stop, seconds, number_of_seconds_since_0000_UTC
jNO2_meas, per second, photolysis rate of NO2 measured using a filter radiometer.
jBrCl, per second, photolysis rate of BrCl -> Br + Cl calculated in TUV for cloud-free sky with local AOD
jBr2, per second, photolysis rate of Br2 -> Br + Br calculated in TUV for cloud-free sky with local AOD
jCCl4, per second, photolysis rate of CCl4 -> Products calcualted in TUV for cloud-free sky with local AOD
jCH2Oa, per second, photolysis rate of CH2O -> H + HCO calculated in TUV for cloud-free sky with local AOD
jCH2Ob, per second, photolysis rate of CH2O -> H2 + CO calculated in TUV for cloud-free sky with local AOD
jClNO2, per second, photolysis rate of ClNO2 -> Cl + NO2 calculated in TUV for cloud-free sky with local AOD
jClOa, per second, photolysis rate of ClO -> Cl + O(1D) calculated in TUV for cloud-free sky with local AOD
jClOb, per second, photolysis rate of ClO -> Cl + O(3P) calculated in TUV for cloud-free sky with local AOD
jCl2, per second, photolysis rate of Cl2 -> Cl + Cl calculated in TUV for cloud-free sky with local AOD
jHNO2, per second, photolysis rate of HNO2 -> OH + NO calculated in TUV for cloud-free sky with local AOD
jHNO3, per second, photolysis rate of HNO3 -> OH + NO2 calculated in TUV for cloud-free sky with local AOD
jI2, per second, photolysis rate of I2 -> I + I calculated in TUV for cloud-free sky with local AOD
jNO2, per second, photolysis rate of NO2 -> NO + O(3P) calculated in TUV for cloud-free sky with local AOD
jNO3a, per second, photolysis rate of NO3 -> NO + O2 calculated in TUV for cloud-free sky with local AOD
jNO3b, per second, photolysis rate of NO3 -> NO2 + O(3P) calculated in TUV for cloud-free sky with local AOD
jN2O5, per second, photolysis rate of N2O5 -> NO3 + NO + O(3P) calculated in TUV for cloud-free sky with local AOD
jO3, per second, photolysis rate of O3 -> O2 + O(1D) calculated in TUV for cloud-free sky with local AOD
AOD_500nm, unitless, UTC daily mean AOD at 500 nm from an AERONET station located at 40.178 N, -112.452 E
0
18
PI_CONTACT_INFO: eleanor.waxman@noaa.gov
PLATFORM: CSL Mobile Lab, at ground site
LOCATION: Salt Lake City, UT
ASSOCIATED_DATA:
INSTRUMENT_INFO: jNO2 filter radiometer.  TUV calculations are for mobile van lat/lon/altitude assuming clear sky (cloud AOD = 0) and daily mean AOD.
DATA_INFO:
UNCERTAINTY: Data uncertainties are +/- 20%.  These come from uncertainties in radiometer angular response, radiometer thermal response, local interferences from clouds/aerosols/shadows etc.
ULOD_FLAG: -7777
ULOD_VALUE: N/A
LLOD_FLAG: -8888
LLOD_VALUE: N/A
DM_CONTACT_INFO: eleanor.waxman@noaa.gov
PROJECT_INFO: USOS Project, July - August 2024
STIPULATIONS_ON_USE: Users are strongly encouraged to contact the PI for proper data usage.
OTHER_COMMENTS: 
REVISION: R0
R0: final data
Time_Start, Time_Stop, jNO2_meas, jBrCl, jBr2, jCCl4, jCH2Oa, jCH2Ob, jClNO2, jClOa, jClOb, jCl2, jHNO2, jHNO3, jI2, jNO2, jNO3a, jNO3b, jN2O5, jO3, AOD_500nm
[from data line 84]
    5040,    5100,0.0021843,0.003304,0.01195,4.549e-26,3.246e-06,7.433e-06,7.799e-05,1.688e-26,1.357e-06,0.0004728,0.0003326,3.772e-08,0.05026,0.002241,0.01089,0.08103,6.164e-06,8.542e-07,0.174
    5100,    5160,0.0021435,0.003241,0.01174,4.473e-26,3.152e-06,7.248e-06,7.61e-05,1.66e-26,1.305e-06,0.0004622,0.0003252,3.655e-08,0.04951,0.002192,0.01075,0.07987,6.011e-06,8.241e-07,0.174
    5160,    5220,0.0021087,0.003184,0.01156,4.384e-26,3.072e-06,7.086e-06,7.444e-05,1.629e-26,1.261e-06,0.0004527,0.0003186,3.553e-08,0.04881,0.002149,0.01061,0.07879,5.876e-06,7.969e-07,0.174
    5220,    5280,0.0020681,0.003124,0.01136,4.347e-26,2.987e-06,6.916e-06,7.27e-05,1.617e-26,1.216e-06,0.0004428,0.0003116,3.448e-08,0.04808,0.002103,0.01047,0.07765,5.735e-06,7.703e-07,0.174
    5280,    5340,0.002014,0.003063,0.01116,4.267e-26,2.904e-06,6.748e-06,7.096e-05,1.587e-26,1.172e-06,0.0004328,0.0003046,3.345e-08,0.04733,0.002057,0.01033,0.07649,5.595e-06,7.436e-07,0.174
    5340,    5400,0.0019677,0.003005,0.01097,4.201e-26,2.827e-06,6.591e-06,6.935e-05,1.563e-26,1.132e-06,0.0004235,0.0002981,3.25e-08,0.04662,0.002014,0.01019,0.07538,5.465e-06,7.195e-07,0.174
    5400,    5460,0.0019397,0.002945,0.01076,4.131e-26,2.746e-06,6.427e-06,6.765e-05,1.538e-26,1.09e-06,0.0004138,0.0002912,3.15e-08,0.04585,0.001969,0.01005,0.0742,5.328e-06,6.945e-07,0.174
    5460,    5520,0.0018805,0.002885,0.01056,4.067e-26,2.668e-06,6.268e-06,6.601e-05,1.515e-26,1.05e-06,0.0004043,0.0002846,3.054e-08,0.0451,0.001925,0.009902,0.07303,5.196e-06,6.704e-07,0.174
    5520,    5580,0.0018358,0.00283,0.01038,4.003e-26,2.598e-06,6.122e-06,6.45e-05,1.492e-26,1.014e-06,0.0003955,0.0002784,2.968e-08,0.04439,0.001884,0.009762,0.07191,5.074e-06,6.488e-07,0.174
    5580,    5640,0.0018218,0.002769,0.01017,3.936e-26,2.521e-06,5.963e-06,6.285e-05,1.468e-26,9.762e-07,0.0003859,0.0002717,2.874e-08,0.04361,0.001839,0.009612,0.0707,4.942e-06,6.259e-07,0.174
    5640,    5700,0.0017891,0.002707,0.009962,3.869e-26,2.446e-06,5.806e-06,6.122e-05,1.444e-26,9.391e-07,0.0003764,0.000265,2.783e-08,0.04281,0.001795,0.009457,0.06946,4.811e-06,6.035e-07,0.174
    5700,    5760,0.0017456,0.00265,0.009766,3.807e-26,2.376e-06,5.661e-06,5.971e-05,1.421e-26,9.052e-07,0.0003675,0.0002588,2.698e-08,0.04206,0.001753,0.00931,0.06828,4.689e-06,5.83e-07,0.174
    5760,    5820,0.0017042,0.002589,0.009557,3.741e-26,2.303e-06,5.508e-06,5.812e-05,1.398e-26,8.701e-07,0.0003582,0.0002522,2.61e-08,0.04125,0.001709,0.009151,0.06702,4.562e-06,5.618e-07,0.174
    5820,    5880,0.001672,0.002528,0.009347,3.676e-26,2.232e-06,5.358e-06,5.655e-05,1.374e-26,8.362e-07,0.0003489,0.0002457,2.524e-08,0.04044,0.001665,0.008991,0.06574,4.437e-06,5.413e-07,0.174
    5880,    5940,0.0016357,0.002471,0.009149,3.616e-26,2.166e-06,5.218e-06,5.509e-05,1.352e-26,8.052e-07,0.0003403,0.0002396,2.445e-08,0.03967,0.001625,0.008838,0.06453,4.32e-06,5.225e-07,0.174
    5940,    6000,0.0015938,0.00241,0.008937,3.552e-26,2.097e-06,5.072e-06,5.356e-05,1.329e-26,7.732e-07,0.0003312,0.0002332,2.363e-08,0.03883,0.001582,0.008673,0.06322,4.198e-06,5.031e-07,0.174
    6000,    6060,0.00155,0.002349,0.008726,3.489e-26,2.03e-06,4.928e-06,5.205e-05,1.307e-26,7.422e-07,0.0003223,0.0002269,2.283e-08,0.038,0.001539,0.008507,0.06191,4.077e-06,4.843e-07,0.174
    6060,    6120,0.0015066,0.002293,0.008526,3.431e-26,1.968e-06,4.795e-06,5.066e-05,1.285e-26,7.14e-07,0.0003139,0.0002211,2.209e-08,0.03721,0.0015,0.008348,0.06066,3.966e-06,4.671e-07,0.174
    6120,    6180,0.0014524,0.002233,0.008314,3.369e-26,1.903e-06,4.655e-06,4.919e-05,1.263e-26,6.85e-07,0.0003051,0.0002149,2.132e-08,0.03636,0.001458,0.008178,0.05933,3.849e-06,4.494e-07,0.174
    6180,    6240,0.0014067,0.002173,0.008102,3.308e-26,1.84e-06,4.518e-06,4.775e-05,1.241e-26,6.57e-07,0.0002965,0.0002089,2.058e-08,0.03551,0.001417,0.008006,0.05798,3.735e-06,4.322e-07,0.174
    6240,    6300,0.0013655,0.002117,0.007901,3.251e-26,1.781e-06,4.392e-06,4.642e-05,1.22e-26,6.314e-07,0.0002884,0.0002032,1.989e-08,0.0347,0.001378,0.007842,0.0567,3.628e-06,4.166e-07,0.174
    6300,    6360,0.001345,0.002057,0.007688,3.19e-26,1.72e-06,4.259e-06,4.501e-05,1.198e-26,6.05e-07,0.00028,0.0001973,1.918e-08,0.03383,0.001338,0.007666,0.05533,3.517e-06,4.004e-07,0.174
    6360,    6420,0.0013202,0.001998,0.007476,3.131e-26,1.661e-06,4.128e-06,4.364e-05,1.177e-26,5.796e-07,0.0002716,0.0001914,1.848e-08,0.03297,0.001298,0.007488,0.05395,3.408e-06,3.848e-07,0.174
    6420,    6480,0.0012826,0.001943,0.007276,3.075e-26,1.606e-06,4.008e-06,4.237e-05,1.157e-26,5.565e-07,0.0002639,0.000186,1.785e-08,0.03215,0.001261,0.007319,0.05264,3.307e-06,3.705e-07,0.174
    6480,    6540,0.0012456,0.001884,0.007064,3.017e-26,1.549e-06,3.882e-06,4.104e-05,1.135e-26,5.327e-07,0.0002558,0.0001804,1.719e-08,0.03127,0.001222,0.007138,0.05124,3.202e-06,3.559e-07,0.174
    6540,    6600,0.0012142,0.001827,0.006853,2.959e-26,1.494e-06,3.759e-06,3.974e-05,1.114e-26,5.098e-07,0.0002479,0.0001748,1.654e-08,0.03039,0.001184,0.006955,0.04984,3.098e-06,3.417e-07,0.174
    6600,    6660,0.0011741,0.001772,0.006654,2.905e-26,1.443e-06,3.645e-06,3.853e-05,1.094e-26,4.889e-07,0.0002404,0.0001696,1.595e-08,0.02955,0.001148,0.006781,0.0485,3.003e-06,3.286e-07,0.174
    6660,    6720,0.0011227,0.001716,0.006444,2.847e-26,1.39e-06,3.526e-06,3.727e-05,1.073e-26,4.675e-07,0.0002327,0.0001642,1.534e-08,0.02867,0.001111,0.006595,0.04708,2.903e-06,3.153e-07,0.174
    6720,    6780,0.0010494,0.001659,0.006235,2.791e-26,1.338e-06,3.41e-06,3.604e-05,1.053e-26,4.468e-07,0.0002251,0.0001589,1.475e-08,0.02778,0.001074,0.006407,0.04565,2.806e-06,3.024e-07,0.174
    6780,    6840,0.0010185,0.001607,0.006039,2.737e-26,1.29e-06,3.302e-06,3.49e-05,1.033e-26,4.281e-07,0.0002181,0.000154,1.42e-08,0.02694,0.001041,0.006229,0.04431,2.716e-06,2.907e-07,0.174
    6840,    6900,0.0010153,0.001552,0.005833,2.682e-26,1.241e-06,3.19e-06,3.371e-05,1.013e-26,4.089e-07,0.0002108,0.0001489,1.364e-08,0.02605,0.001005,0.006039,0.04287,2.622e-06,2.786e-07,0.174
    6900,    6960,0.00095969,0.001497,0.005628,2.626e-26,1.193e-06,3.08e-06,3.255e-05,9.923e-27,3.903e-07,0.0002035,0.0001439,1.309e-08,0.02516,0.0009706,0.005848,0.04143,2.53e-06,2.669e-07,0.174
    6960,    7020,0.00089539,0.001447,0.005435,2.574e-26,1.148e-06,2.979e-06,3.147e-05,9.732e-27,3.735e-07,0.0001969,0.0001393,1.259e-08,0.02432,0.0009385,0.005666,0.04007,2.445e-06,2.562e-07,0.174
    7020,    7080,0.00084824,0.001394,0.005234,2.52e-26,1.102e-06,2.873e-06,3.036e-05,9.531e-27,3.562e-07,0.0001899,0.0001344,1.207e-08,0.02343,0.0009051,0.005472,0.03863,2.357e-06,2.453e-07,0.174
    7080,    7140,0.00083336,0.001341,0.005034,2.465e-26,1.057e-06,2.77e-06,2.926e-05,9.331e-27,3.396e-07,0.0001831,0.0001297,1.157e-08,0.02255,0.0008725,0.005278,0.03719,2.271e-06,2.347e-07,0.174
    7140,    7200,0.00080602,0.001293,0.004849,2.414e-26,1.016e-06,2.675e-06,2.826e-05,9.144e-27,3.246e-07,0.0001768,0.0001254,1.111e-08,0.02172,0.0008423,0.005095,0.03583,2.192e-06,2.251e-07,0.174
    7200,    7260,0.00078844,0.001243,0.004654,2.36e-26,9.739e-07,2.576e-06,2.721e-05,8.946e-27,3.092e-07,0.0001703,0.0001208,1.064e-08,0.02084,0.000811,0.004899,0.0344,2.109e-06,2.152e-07,0.174
    7260,    7320,0.00079257,0.001193,0.004461,2.307e-26,9.323e-07,2.478e-06,2.618e-05,8.748e-27,2.944e-07,0.0001639,0.0001164,1.017e-08,0.01997,0.0007803,0.004703,0.03297,2.028e-06,2.056e-07,0.174
    7320,    7380,0.00078269,0.001147,0.004283,2.257e-26,8.944e-07,2.389e-06,2.524e-05,8.564e-27,2.809e-07,0.000158,0.0001123,9.751e-09,0.01916,0.0007521,0.004519,0.03163,1.954e-06,1.969e-07,0.174
    7380,    7440,0.00073421,0.001099,0.004097,2.205e-26,8.551e-07,2.296e-06,2.426e-05,8.368e-27,2.672e-07,0.0001518,0.0001081,9.315e-09,0.0183,0.0007229,0.004324,0.03021,1.877e-06,1.88e-07,0.174
    7440,    7500,0.00069221,0.001052,0.003914,2.153e-26,8.169e-07,2.205e-06,2.331e-05,8.174e-27,2.541e-07,0.0001458,0.0001039,8.893e-09,0.01745,0.0006944,0.004129,0.02881,1.802e-06,1.793e-07,0.174
    7500,    7560,0.00066479,0.001009,0.003745,2.103e-26,7.819e-07,2.122e-06,2.243e-05,7.992e-27,2.421e-07,0.0001403,0.0001001,8.508e-09,0.01667,0.0006682,0.003947,0.02751,1.733e-06,1.715e-07,0.174
    7560,    7620,0.00064415,0.0009648,0.003569,2.051e-26,7.458e-07,2.035e-06,2.151e-05,7.8e-27,2.3e-07,0.0001346,9.618e-05,8.111e-09,0.01584,0.000641,0.003754,0.02613,1.662e-06,1.634e-07,0.174
    7620,    7680,0.00062163,0.0009211,0.003397,2e-26,7.105e-07,1.949e-06,2.062e-05,7.607e-27,2.182e-07,0.000129,9.23e-05,7.724e-09,0.01503,0.0006144,0.003562,0.02477,1.591e-06,1.556e-07,0.174
    7680,    7740,0.00060243,0.0008811,0.003239,1.952e-26,6.784e-07,1.871e-06,1.98e-05,7.427e-27,2.077e-07,0.0001238,8.875e-05,7.373e-09,0.01428,0.0005901,0.003383,0.02352,1.527e-06,1.486e-07,0.174
    7740,    7800,0.00057638,0.0008398,0.003076,1.901e-26,6.452e-07,1.79e-06,1.895e-05,7.237e-27,1.969e-07,0.0001185,8.506e-05,7.012e-09,0.0135,0.000565,0.003195,0.02221,1.461e-06,1.413e-07,0.174
    7800,    7860,0.00055887,0.0007997,0.002918,1.85e-26,6.13e-07,1.71e-06,1.812e-05,7.047e-27,1.866e-07,0.0001133,8.146e-05,6.662e-09,0.01274,0.0005405,0.00301,0.02092,1.396e-06,1.343e-07,0.174
    7860,    7920,0.0005367,0.000763,0.002773,1.803e-26,5.837e-07,1.637e-06,1.735e-05,6.869e-27,1.772e-07,0.0001085,7.815e-05,6.343e-09,0.01204,0.000518,0.002838,0.01974,1.336e-06,1.28e-07,0.174
    7920,    7980,0.00051425,0.0007252,0.002623,1.753e-26,5.534e-07,1.562e-06,1.656e-05,6.68e-27,1.677e-07,0.0001036,7.471e-05,6.016e-09,0.01131,0.0004948,0.002659,0.01851,1.274e-06,1.215e-07,0.174
    7980,    8040,0.00049751,0.0006885,0.002479,1.703e-26,5.24e-07,1.487e-06,1.579e-05,6.491e-27,1.586e-07,9.875e-05,7.134e-05,5.698e-09,0.01061,0.0004721,0.002483,0.01731,1.214e-06,1.152e-07,0.174
    8040,    8100,0.00047642,0.0006552,0.002348,1.656e-26,4.973e-07,1.419e-06,1.508e-05,6.315e-27,1.504e-07,9.433e-05,6.826e-05,5.41e-09,0.009971,0.0004513,0.002322,0.01622,1.159e-06,1.095e-07,0.174
    8100,    8160,0.00045982,0.0006209,0.002214,1.607e-26,4.699e-07,1.349e-06,1.435e-05,6.128e-27,1.42e-07,8.975e-05,6.506e-05,5.115e-09,0.009318,0.0004299,0.002155,0.01511,1.101e-06,1.037e-07,0.174
    8160,    8220,0.0004411,0.0005879,0.002085,1.558e-26,4.434e-07,1.28e-06,1.363e-05,5.942e-27,1.34e-07,8.53e-05,6.193e-05,4.83e-09,0.00869,0.000409,0.001994,0.01403,1.046e-06,9.814e-08,0.174
    8220,    8280,0.00042476,0.0005579,0.001969,1.512e-26,4.193e-07,1.218e-06,1.298e-05,5.767e-27,1.269e-07,8.123e-05,5.906e-05,4.571e-09,0.008125,0.0003898,0.001847,0.01306,9.95e-07,9.308e-08,0.174
    8280,    8340,0.00040517,0.000527,0.00185,1.463e-26,3.945e-07,1.152e-06,1.229e-05,5.581e-27,1.195e-07,7.699e-05,5.607e-05,4.306e-09,0.007549,0.0003699,0.001696,0.01207,9.421e-07,8.788e-08,0.174
    8340,    8400,0.00039024,0.0004974,0.001736,1.415e-26,3.707e-07,1.089e-06,1.163e-05,5.397e-27,1.125e-07,7.289e-05,5.317e-05,4.051e-09,0.007005,0.0003506,0.001553,0.01113,8.91e-07,8.291e-08,0.174
    8400,    8460,0.00037457,0.0004705,0.001635,1.371e-26,3.492e-07,1.032e-06,1.103e-05,5.223e-27,1.063e-07,6.915e-05,5.05e-05,3.821e-09,0.00652,0.000333,0.001424,0.01029,8.443e-07,7.841e-08,0.174
    8460,    8520,0.00034944,0.0004431,0.001531,1.324e-26,3.271e-07,9.72e-07,1.041e-05,5.04e-27,9.99e-08,6.527e-05,4.774e-05,3.585e-09,0.006032,0.0003147,0.001295,0.009449,7.961e-07,7.382e-08,0.174
    8520,    8580,0.00033668,0.0004166,0.001433,1.276e-26,3.06e-07,9.143e-07,9.803e-06,4.857e-27,9.383e-08,6.152e-05,4.506e-05,3.36e-09,0.005575,0.0002969,0.001174,0.008662,7.494e-07,6.942e-08,0.174
    8580,    8640,0.00032086,0.0003927,0.001345,1.233e-26,2.869e-07,8.618e-07,9.25e-06,4.686e-27,8.837e-08,5.809e-05,4.259e-05,3.156e-09,0.00517,0.0002806,0.001067,0.007969,7.069e-07,6.545e-08,0.174
    8640,    8700,0.00030144,0.0003681,0.001255,1.187e-26,2.674e-07,8.075e-07,8.68e-06,4.503e-27,8.282e-08,5.454e-05,4.004e-05,2.947e-09,0.004767,0.0002638,0.0009611,0.007281,6.629e-07,6.139e-08,0.174
    8700,    8760,0.00028945,0.0003445,0.00117,1.141e-26,2.489e-07,7.554e-07,8.13e-06,4.323e-27,7.756e-08,5.112e-05,3.757e-05,2.749e-09,0.004392,0.0002475,0.0008643,0.006648,6.206e-07,5.753e-08,0.174
    8760,    8820,0.00027516,0.0003232,0.001094,1.099e-26,2.322e-07,7.081e-07,7.63e-06,4.154e-27,7.285e-08,4.801e-05,3.532e-05,2.571e-09,0.004064,0.0002326,0.000781,0.006097,5.822e-07,5.404e-08,0.174
    8820,    8880,0.00025874,0.0003014,0.001017,1.056e-26,2.153e-07,6.597e-07,7.117e-06,3.976e-27,6.807e-08,4.481e-05,3.3e-05,2.39e-09,0.003739,0.0002173,0.0007007,0.005559,5.429e-07,5.051e-08,0.174
    8880,    8940,0.000245,0.0002804,0.0009436,1.012e-26,1.993e-07,6.132e-07,6.625e-06,3.799e-27,6.354e-08,4.174e-05,3.077e-05,2.218e-09,0.003437,0.0002025,0.0006287,0.005067,5.051e-07,4.713e-08,0.174
    8940,    9000,0.0002321,0.0002614,0.0008776,9.732e-27,1.849e-07,5.714e-07,6.179e-06,3.634e-27,5.949e-08,3.895e-05,2.873e-05,2.064e-09,0.003171,0.0001891,0.0005679,0.004641,4.709e-07,4.411e-08,0.174
    9000,    9060,0.0002164,0.000242,0.0008104,9.317e-27,1.704e-07,5.287e-07,5.723e-06,3.46e-27,5.538e-08,3.609e-05,2.665e-05,1.908e-09,0.002907,0.0001753,0.0005102,0.004224,4.361e-07,4.104e-08,0.174
    9060,    9120,0.00020262,0.0002235,0.0007466,8.935e-27,1.568e-07,4.882e-07,5.291e-06,3.289e-27,5.152e-08,3.337e-05,2.467e-05,1.761e-09,0.00266,0.0001622,0.0004591,0.003843,4.03e-07,3.814e-08,0.174
    9120,    9180,0.00019248,0.0002068,0.0006895,8.59e-27,1.448e-07,4.521e-07,4.904e-06,3.131e-27,4.808e-08,3.094e-05,2.288e-05,1.631e-09,0.002443,0.0001504,0.000416,0.003511,3.734e-07,3.555e-08,0.174
    9180,    9240,0.0001772,0.0001901,0.0006321,8.239e-27,1.328e-07,4.16e-07,4.515e-06,2.968e-27,4.465e-08,2.848e-05,2.109e-05,1.502e-09,0.002226,0.0001385,0.0003748,0.003184,3.438e-07,3.297e-08,0.174
    9240,    9300,0.0001623,0.0001738,0.0005764,7.94e-27,1.214e-07,3.811e-07,4.139e-06,2.804e-27,4.134e-08,2.611e-05,1.934e-05,1.377e-09,0.002017,0.0001269,0.0003363,0.002873,3.151e-07,3.047e-08,0.174
    9300,    9360,0.00015286,0.0001563,0.0005174,6.464e-27,1.094e-07,3.435e-07,3.731e-06,2.567e-27,3.779e-08,2.352e-05,1.744e-05,1.246e-09,0.001802,0.0001143,0.0002973,0.002556,2.841e-07,2.779e-08,0.174
    9360,    9420,0.00014519,0.0001401,0.0004625,5.995e-27,9.84e-08,3.091e-07,3.358e-06,2.382e-27,3.451e-08,2.115e-05,1.569e-05,1.125e-09,0.001603,0.0001027,0.0002631,0.002267,2.557e-07,2.532e-08,0.174
    9420,    9480,0.00012643,0.000126,0.0004145,5.577e-27,8.892e-08,2.795e-07,3.036e-06,2.217e-27,3.166e-08,1.911e-05,1.418e-05,1.02e-09,0.001428,9.273e-05,0.0002331,0.002012,2.312e-07,2.317e-08,0.174
    9480,    9540,0.00012139,0.0001145,0.0003749,5.227e-27,8.119e-08,2.554e-07,2.774e-06,2.079e-27,2.932e-08,1.744e-05,1.296e-05,9.351e-10,0.001282,8.46e-05,0.000208,0.0018,2.113e-07,2.142e-08,0.174
    9540,    9600,0.0001019,0.0001038,0.0003383,4.892e-27,7.406e-08,2.332e-07,2.533e-06,1.947e-27,2.716e-08,1.591e-05,1.183e-05,8.566e-10,0.001146,7.714e-05,0.0001843,0.001601,1.929e-07,1.979e-08,0.174
    9600,    9660,0.00010512,9.136e-05,0.0002963,4.467e-27,6.587e-08,2.07e-07,2.247e-06,1.779e-27,2.457e-08,1.409e-05,1.049e-05,7.649e-10,0.0009956,6.823e-05,0.000159,0.001386,1.712e-07,1.785e-08,0.174
    9660,    9720,9.7733e-05,8.122e-05,0.000262,4.113e-27,5.92e-08,1.858e-07,2.015e-06,1.639e-27,2.244e-08,1.261e-05,9.393e-06,6.901e-10,0.0008723,6.101e-05,0.0001384,0.001209,1.536e-07,1.625e-08,0.174
    9720,    9780,8.6854e-05,7.322e-05,0.0002346,3.824e-27,5.387e-08,1.69e-07,1.833e-06,1.525e-27,2.074e-08,1.145e-05,8.54e-06,6.305e-10,0.000771,5.537e-05,0.0001208,0.001062,1.397e-07,1.499e-08,0.174
    9780,    9840,7.7521e-05,6.271e-05,0.0001996,3.412e-27,4.697e-08,1.466e-07,1.588e-06,1.361e-27,1.843e-08,9.894e-06,7.381e-06,5.52e-10,0.0006499,4.774e-05,0.0001012,0.0008918,1.211e-07,1.326e-08,0.174
    9840,    9900,7.3787e-05,5.656e-05,0.0001788,3.165e-27,4.282e-08,1.335e-07,1.446e-06,1.263e-27,1.706e-08,8.991e-06,6.715e-06,5.052e-10,0.0005738,4.336e-05,8.807e-05,0.0007821,1.103e-07,1.224e-08,0.174
