CampaignData_and_Merges/R0/CSL_MobileLab_Parked/raw/20240802/USOS-NOy-LIF_MobileLabGround_20240802_R0.ict
39,1001
Rollins, A.; Waxman, E.; Zuraski, K.; Chace, W.
NOAA Chemical Sciences Laboratory
LIF NO/NOx/NOy on CSL Mobile Lab
AMMBEC / USOS
1, 1
2024,08,02, 2025,01,04
1
Time_Start, seconds, number_of_seconds_since_0000_UTC
7
1, 1, 1, 1, 1, 1, 1
-9999, -9999, -9999, -9999, -9999, -9999, -9999
Time_Stop, seconds, number_of_seconds_since_0000_UTC
NO_LIF, pptv, Gas_NO_InSitu_S_AVMR, volume mixing ratio of nitric oxide in air
NO2_LIF, pptv, Gas_NO2_InSitu_S_AVMR, volume mixing ratio of nitrogen dioxide in air
NOy_LIF, pptv, Gas_NOy_InSitu_S_AVMR, volume mixing ratio of total oxidized nitrogen in air
NO_LIF_1SigmaAccuracy, pptv, Gas_NO_InSitu_S_AVMR, volume mixing ratio of nitric oxide in air
NO2_LIF_1SigmaAccuracy, pptv, Gas_NO2_InSitu_S_AVMR, volume mixing ratio of nitrogen dioxide in air
NOy_LIF_1SigmaAccuracy, pptv, Gas_NOy_InSitu_S_AVMR, volume mixing ratio of total oxidized nitrogen in air
0
18
PI_CONTACT_INFO: andrew.rollins@noaa.gov
PLATFORM: CSL Mobile Lab
LOCATION: Salt Lake City, UT
ASSOCIATED_DATA:
INSTRUMENT_INFO: NO detection by laser induced fluorescence. NO2 detection by photolytic conversion to NO. NOy detection by catalytic conversion to NO on gold surface
DATA_INFO:
UNCERTAINTY: Included 1 Sigma Accuracy waves represent the combined calibration uncertainties (±6%, ±9%, ±10%) and zero uncertainties (3 ppt, 20 ppt, 100 ppt) for NO, NO2, and NOy, respectively.
ULOD_FLAG: -7777
ULOD_VALUE: N/A
LLOD_FLAG: -8888
LLOD_VALUE: N/A
DM_CONTACT_INFO: andrew.rollins@noaa.gov
PROJECT_INFO: USOS Project, July - August 2024
STIPULATIONS_ON_USE: Users are strongly encouraged to contact the PI for proper data usage.
OTHER_COMMENTS:
REVISION: R0
R0: final data
Time_Start, Time_Stop, NO_LIF, NO2_LIF, NOy_LIF, NO_LIF_1SigmaAccuracy, NO2_LIF_1SigmaAccuracy, NOy_LIF_1SigmaAccuracy
[from data line 796]
   47760,   47820,1536.8,14932,17291,95.209, 1363.9, 1829.1
   47820,   47880,1547.5,14784,17425,95.851, 1350.6, 1842.5
   47880,   47940,1614.5,14936,17437,99.873, 1364.2, 1843.7
   47940,   48000,1391.9,14154,17895,86.513, 1293.8, 1889.5
   48000,   48060,1270,12970,16399,79.199, 1187.3, 1739.9
   48060,   48120,2064.9,15075,18161,126.9, 1376.7, 1916.1
   48120,   48180,1668.6,13326,18373,103.11, 1219.4, 1937.3
   48180,   48240,1396.7,12376,16129,86.803, 1133.9, 1712.9
   48240,   48300,1218,11574,14305,76.081, 1061.7, 1530.5
   48300,   48360,1178.2,11083,13887,73.692, 1017.5, 1488.7
   48360,   48420,1146.5,11487,14061,71.788, 1053.8, 1506.1
   48420,   48480,1263.1,12012,14329,78.785, 1101, 1532.9
   48480,   48540,1542.4,13084,15083,95.543, 1197.6, 1608.3
   48540,   48600,1659,12915,15796,102.54, 1182.4, 1679.6
   48600,   48660,1932.1,13420,16273,118.93, 1227.8, 1727.3
   48660,   48720,1685.2,12379,15487,104.11, 1134.1, 1648.7
   48720,   48780,1511.7,11985,15589,93.701, 1098.6, 1658.9
   48780,   48840,1452.3,11777,14719,90.137, 1080, 1571.9
   48840,   48900,1601.6,12404,15664,99.094, 1136.4, 1666.4
   48900,   48960,3173.9,16754,15882,193.43, 1527.9, 1688.2
   48960,   49020,7142.6,21161,18556,431.55, 1924.5, 1955.6
   49020,   49080,3573.9,18645,20814,217.44, 1698, 2181.4
   49080,   49140,-9999,-9999,-9999,-9999, -9999, -9999
   49140,   49200,-9999,-9999,-9999,-9999, -9999, -9999
   49200,   49260,-9999,-9999,-9999,-9999, -9999, -9999
   49260,   49320,-9999,-9999,-9999,-9999, -9999, -9999
   49320,   49380,-9999,-9999,-9999,-9999, -9999, -9999
   49380,   49440,-9999,-9999,-9999,-9999, -9999, -9999
   49440,   49500,-9999,-9999,-9999,-9999, -9999, -9999
   49500,   49560,-9999,-9999,-9999,-9999, -9999, -9999
   49560,   49620,3129.6,16849,23853,190.78, 1536.4, 2485.3
   49620,   49680,4075,17519,23355,247.5, 1596.7, 2435.5
   49680,   49740,3821.5,17650,23771,232.29, 1608.5, 2477.1
   49740,   49800,3614.9,16794,23276,219.89, 1531.5, 2427.6
   49800,   49860,3468.8,16776,23019,211.13, 1529.8, 2401.9
   49860,   49920,3069.7,15688,21203,187.18, 1431.9, 2220.3
   49920,   49980,2790.9,14493,20167,170.46, 1324.4, 2116.7
   49980,   50040,3427.1,16090,21093,208.63, 1468.1, 2209.3
   50040,   50100,3495,16083,21023,212.7, 1467.5, 2202.3
   50100,   50160,3215.2,15558,20023,195.91, 1420.2, 2102.3
   50160,   50220,3395.9,15346,20354,206.76, 1401.2, 2135.4
   50220,   50280,3734.4,15922,20827,227.07, 1453, 2182.7
   50280,   50340,3507.1,15766,20935,213.43, 1439, 2193.5
   50340,   50400,3518.9,15282,20481,214.14, 1395.4, 2148.1
   50400,   50460,3641.1,15631,20794,221.46, 1426.8, 2179.4
   50460,   50520,3807.9,16128,21860,231.48, 1471.6, 2286
   50520,   50580,6791.5,20305,26553,410.49, 1847.5, 2755.3
   50580,   50640,6593.7,20611,30827,398.62, 1875, 3182.7
   50640,   50700,5122.7,18643,26223,310.36, 1697.9, 2722.3
   50700,   50760,5354.6,18863,26143,324.27, 1717.7, 2714.3
   50760,   50820,6259.7,20086,26231,378.58, 1827.8, 2723.1
   50820,   50880,5271.6,18964,25477,319.3, 1726.8, 2647.7
   50880,   50940,5018.7,17598,24778,304.12, 1603.9, 2577.8
   50940,   51000,3941.2,16209,21914,239.47, 1478.8, 2291.4
   51000,   51060,4117,16581,22090,250.02, 1512.3, 2309
   51060,   51120,4741.8,16674,22458,287.51, 1520.7, 2345.8
   51120,   51180,5333.2,16904,26256,322.99, 1541.3, 2725.6
   51180,   51240,14011,22305,36895,843.66, 2027.4, 3789.5
   51240,   51300,13843,25345,48134,833.58, 2301.1, 4913.4
   51300,   51360,8018.5,22566,31576,484.11, 2050.9, 3257.6
   51360,   51420,6981.2,20212,29227,421.87, 1839.1, 3022.7
   51420,   51480,6626.4,20036,28688,400.58, 1823.3, 2968.8
   51480,   51540,6135.1,19599,28068,371.11, 1783.9, 2906.8
   51540,   51600,5331.8,18158,25120,322.91, 1654.2, 2612
   51600,   51660,5816.4,17961,24868,351.99, 1636.5, 2586.8
   51660,   51720,6270.3,18887,26806,379.22, 1719.8, 2780.6
   51720,   51780,7891.5,21018,29915,476.49, 1911.6, 3091.5
   51780,   51840,4423.2,15534,22353,268.39, 1418.1, 2335.3
   51840,   51900,4841.1,16855,23708,293.47, 1537, 2470.8
   51900,   51960,6182.1,18581,26496,373.92, 1692.3, 2749.6
   51960,   52020,6967.3,19789,28002,421.04, 1801, 2900.2
   52020,   52080,7249.3,19945,28897,437.96, 1815, 2989.7
   52080,   52140,7440.3,20385,29606,449.42, 1854.6, 3060.6
   52140,   52200,8013.2,21020,30575,483.79, 1911.8, 3157.5
   52200,   52260,7694.9,20713,30552,464.7, 1884.2, 3155.2
   52260,   52320,7495,21389,30294,452.7, 1945, 3129.4
   52320,   52380,8229.7,21287,30176,496.78, 1935.8, 3117.6
   52380,   52440,8529.4,21309,31616,514.77, 1937.8, 3261.6
   52440,   52500,9607.7,21752,33217,579.46, 1977.6, 3421.7
   52500,   52560,10036,22449,33468,605.19, 2040.4, 3446.8
   52560,   52620,9780,22520,34124,589.8, 2046.8, 3512.4
   52620,   52680,9927.2,22115,33990,598.63, 2010.3, 3499
   52680,   52740,9128.8,22482,33409,550.73, 2043.4, 3440.9
   52740,   52800,8971.9,22569,33566,541.31, 2051.2, 3456.6
   52800,   52860,8774.6,22031,32960,529.48, 2002.8, 3396
   52860,   52920,7870.4,22459,32794,475.23, 2041.3, 3379.4
   52920,   52980,7746.9,21405,31404,467.81, 1946.4, 3240.4
   52980,   53040,7623.5,21646,31020,460.41, 1968.1, 3202
   53040,   53100,8234,20973,30436,497.04, 1907.5, 3143.6
   53100,   53160,8023.7,21072,30595,484.42, 1916.4, 3159.5
   53160,   53220,7391.2,21418,30219,446.47, 1947.6, 3121.9
   53220,   53280,8349.2,20350,29895,503.95, 1851.5, 3089.5
   53280,   53340,8226.8,20457,30163,496.61, 1861.2, 3116.3
   53340,   53400,8651.8,20887,30458,522.11, 1899.9, 3145.8
   53400,   53460,8738.7,21141,31352,527.32, 1922.7, 3235.2
   53460,   53520,8374.7,21584,30865,505.48, 1962.5, 3186.5
   53520,   53580,9848.8,22516,32172,593.93, 2046.5, 3317.2
   53580,   53640,9696.9,22407,32760,584.81, 2036.6, 3376
   53640,   53700,9020.1,22297,32329,544.21, 2026.7, 3332.9
   53700,   53760,9107.7,21817,32366,549.46, 1983.6, 3336.6
   53760,   53820,8960.6,21894,31557,540.64, 1990.5, 3255.7
   53820,   53880,9302.8,21964,33021,561.17, 1996.8, 3402.1
   53880,   53940,9380,21975,33612,565.8, 1997.7, 3461.2
   53940,   54000,8657.3,21651,31971,522.44, 1968.6, 3297.1
   54000,   54060,8319.4,20679,30860,502.17, 1881.1, 3186
   54060,   54120,7550.3,19134,27999,456.02, 1742.1, 2899.9
   54120,   54180,7567.4,18895,27837,457.04, 1720.5, 2883.7
   54180,   54240,7034.9,18638,27371,425.09, 1697.5, 2837.1
   54240,   54300,7415.1,19129,28213,447.91, 1741.6, 2921.3
   54300,   54360,6746.7,17393,25960,407.8, 1585.4, 2696
   54360,   54420,6208.7,16669,24393,375.52, 1520.2, 2539.3
   54420,   54480,-9999,-9999,-9999,-9999, -9999, -9999
   54480,   54540,-9999,-9999,-9999,-9999, -9999, -9999
   54540,   54600,-9999,-9999,-9999,-9999, -9999, -9999
   54600,   54660,-9999,-9999,-9999,-9999, -9999, -9999
   54660,   54720,-9999,-9999,-9999,-9999, -9999, -9999
   54720,   54780,-9999,-9999,-9999,-9999, -9999, -9999
   54780,   54840,-9999,-9999,-9999,-9999, -9999, -9999
   54840,   54900,-9999,-9999,-9999,-9999, -9999, -9999
   54900,   54960,-9999,-9999,-9999,-9999, -9999, -9999
   54960,   55020,-9999,-9999,-9999,-9999, -9999, -9999
   55020,   55080,-9999,-9999,-9999,-9999, -9999, -9999
   55080,   55140,-9999,-9999,-9999,-9999, -9999, -9999
   55140,   55200,-9999,-9999,-9999,-9999, -9999, -9999
   55200,   55260,-9999,-9999,-9999,-9999, -9999, -9999
   55260,   55320,-9999,-9999,-9999,-9999, -9999, -9999
   55320,   55380,-9999,-9999,-9999,-9999, -9999, -9999
   55380,   55440,-9999,-9999,-9999,-9999, -9999, -9999
   55440,   55500,-9999,-9999,-9999,-9999, -9999, -9999
   55500,   55560,-9999,-9999,-9999,-9999, -9999, -9999
   55560,   55620,-9999,-9999,-9999,-9999, -9999, -9999
   55620,   55680,-9999,-9999,-9999,-9999, -9999, -9999
   55680,   55740,-9999,-9999,-9999,-9999, -9999, -9999
   55740,   55800,-9999,-9999,-9999,-9999, -9999, -9999
   55800,   55860,-9999,-9999,-9999,-9999, -9999, -9999
   55860,   55920,-9999,-9999,-9999,-9999, -9999, -9999
   55920,   55980,-9999,-9999,-9999,-9999, -9999, -9999
   55980,   56040,-9999,-9999,-9999,-9999, -9999, -9999
   56040,   56100,-9999,-9999,-9999,-9999, -9999, -9999
   56100,   56160,-9999,-9999,-9999,-9999, -9999, -9999
   56160,   56220,-9999,-9999,-9999,-9999, -9999, -9999
   56220,   56280,-9999,-9999,-9999,-9999, -9999, -9999
   56280,   56340,-9999,-9999,-9999,-9999, -9999, -9999
   56340,   56400,-9999,-9999,-9999,-9999, -9999, -9999
   56400,   56460,-9999,-9999,-9999,-9999, -9999, -9999
   56460,   56520,-9999,-9999,-9999,-9999, -9999, -9999
   56520,   56580,-9999,-9999,-9999,-9999, -9999, -9999
   56580,   56640,-9999,-9999,-9999,-9999, -9999, -9999
   56640,   56700,-9999,-9999,-9999,-9999, -9999, -9999
   56700,   56760,-9999,-9999,-9999,-9999, -9999, -9999
   56760,   56820,-9999,-9999,-9999,-9999, -9999, -9999
   56820,   56880,-9999,-9999,-9999,-9999, -9999, -9999
   56880,   56940,-9999,-9999,-9999,-9999, -9999, -9999
   56940,   57000,-9999,-9999,-9999,-9999, -9999, -9999
   57000,   57060,-9999,-9999,-9999,-9999, -9999, -9999
   57060,   57120,-9999,-9999,-9999,-9999, -9999, -9999
   57120,   57180,-9999,-9999,-9999,-9999, -9999, -9999
   57180,   57240,-9999,-9999,-9999,-9999, -9999, -9999
   57240,   57300,-9999,-9999,-9999,-9999, -9999, -9999
   57300,   57360,-9999,-9999,-9999,-9999, -9999, -9999
   57360,   57420,-9999,-9999,-9999,-9999, -9999, -9999
   57420,   57480,-9999,-9999,-9999,-9999, -9999, -9999
   57480,   57540,-9999,-9999,-9999,-9999, -9999, -9999
   57540,   57600,-9999,-9999,-9999,-9999, -9999, -9999
   57600,   57660,-9999,-9999,-9999,-9999, -9999, -9999
   57660,   57720,-9999,-9999,-9999,-9999, -9999, -9999
   57720,   57780,-9999,-9999,-9999,-9999, -9999, -9999
   57780,   57840,-9999,-9999,-9999,-9999, -9999, -9999
   57840,   57900,-9999,-9999,-9999,-9999, -9999, -9999
   57900,   57960,-9999,-9999,-9999,-9999, -9999, -9999
   57960,   58020,-9999,-9999,-9999,-9999, -9999, -9999
   58020,   58080,-9999,-9999,-9999,-9999, -9999, -9999
   58080,   58140,-9999,-9999,-9999,-9999, -9999, -9999
   58140,   58200,-9999,-9999,-9999,-9999, -9999, -9999
   58200,   58260,-9999,-9999,-9999,-9999, -9999, -9999
   58260,   58320,-9999,-9999,-9999,-9999, -9999, -9999
   58320,   58380,-9999,-9999,-9999,-9999, -9999, -9999
   58380,   58440,5242.8,16726,24887,317.57, 1525.3, 2588.7
   58440,   58500,5532,16768,24981,334.92, 1529.1, 2598.1
   58500,   58560,5398.3,17866,26780,326.9, 1627.9, 2778
   58560,   58620,5602.9,17788,26830,339.17, 1620.9, 2783
   58620,   58680,5199.2,18121,26961,314.95, 1650.9, 2796.1
   58680,   58740,4773.3,18201,26149,289.4, 1658.1, 2714.9
   58740,   58800,4455.3,18589,26324,270.32, 1693, 2732.4
   58800,   58860,5648.5,18224,27006,341.91, 1660.2, 2800.6
   58860,   58920,5796.6,18220,27271,350.79, 1659.8, 2827.1
   58920,   58980,5566.7,18434,27746,337, 1679, 2874.6
   58980,   59040,5607.2,18678,27501,339.43, 1701, 2850.1
   59040,   59100,5448.9,18710,27686,329.94, 1703.9, 2868.6
   59100,   59160,5782.3,18266,27583,349.94, 1664, 2858.3
   59160,   59220,7273.6,20856,30813,439.42, 1897, 3181.3
   59220,   59280,5552.2,19088,28754,336.13, 1737.9, 2975.4
   59280,   59340,5757.1,17513,26875,348.43, 1596.1, 2787.5
   59340,   59400,5778.1,17699,27004,349.68, 1612.9, 2800.4
   59400,   59460,5714.7,17376,26824,345.88, 1583.9, 2782.4
   59460,   59520,5677.4,18143,27429,343.64, 1652.9, 2842.9
   59520,   59580,5578.5,18054,27238,337.71, 1644.8, 2823.8
   59580,   59640,5642,18134,27104,341.52, 1652.1, 2810.4
   59640,   59700,5495.4,18280,27080,332.72, 1665.2, 2808
   59700,   59760,5513.3,18112,27256,333.8, 1650.1, 2825.6
   59760,   59820,5703.7,17828,27167,345.22, 1624.6, 2816.7
   59820,   59880,5815.3,18393,28036,351.92, 1675.4, 2903.6
   59880,   59940,6224.6,19311,29397,376.48, 1758, 3039.7
   59940,   60000,5701.2,20107,29598,345.07, 1829.7, 3059.8
   60000,   60060,5571.8,20183,28852,337.31, 1836.4, 2985.2
   60060,   60120,5909.9,21123,29857,357.6, 1921.1, 3085.7
   60120,   60180,6020,21516,30688,364.2, 1956.5, 3168.8
   60180,   60240,6139.7,21142,30403,371.38, 1922.7, 3140.3
   60240,   60300,6404.9,20991,30669,387.29, 1909.2, 3166.9
   60300,   60360,6361.1,20168,29820,384.67, 1835.1, 3082
   60360,   60420,6583.6,20517,30829,398.02, 1866.6, 3182.9
   60420,   60480,6668.1,21102,31317,403.09, 1919.2, 3231.7
   60480,   60540,6968.3,21444,32187,421.1, 1950, 3318.7
   60540,   60600,6889.8,21304,31683,416.39, 1937.4, 3268.3
   60600,   60660,7588.2,22670,33837,458.29, 2060.3, 3483.7
   60660,   60720,7192.3,21991,33071,434.54, 1999.2, 3407.1
   60720,   60780,6820.1,21255,31490,412.21, 1932.9, 3249
   60780,   60840,6524.4,20883,31012,394.46, 1899.4, 3201.2
   60840,   60900,6217,20150,29625,376.02, 1833.5, 3062.5
   60900,   60960,6536.1,21004,31222,395.17, 1910.3, 3222.2
   60960,   61020,6675.7,21189,31826,403.54, 1927, 3282.6
   61020,   61080,6693.6,21498,31918,404.62, 1954.8, 3291.8
   61080,   61140,6477.3,21139,31441,391.64, 1922.5, 3244.1
   61140,   61200,6529.2,21663,31990,394.75, 1969.7, 3299
   61200,   61260,6534.5,22222,32021,395.07, 2020, 3302.1
   61260,   61320,7142.3,25553,36851,431.54, 2319.7, 3785.1
   61320,   61380,8248.2,29081,42322,497.89, 2637.3, 4332.2
   61380,   61440,8147.9,30517,43379,491.88, 2766.5, 4437.9
   61440,   61500,8377.6,31846,45690,505.65, 2886.1, 4669
   61500,   61560,8518.2,32101,46508,514.09, 2909.1, 4750.8
   61560,   61620,8093.9,32205,45712,488.64, 2918.5, 4671.2
   61620,   61680,8106.9,31111,44850,489.41, 2820, 4585
   61680,   61740,7755.5,30005,43240,468.33, 2720.5, 4424
   61740,   61800,7660.6,29820,42908,462.64, 2703.8, 4390.8
   61800,   61860,7669.9,29738,41975,463.2, 2696.4, 4297.5
   61860,   61920,6600.6,28879,40428,399.03, 2619.1, 4142.8
   61920,   61980,5921.7,28452,38253,358.3, 2580.6, 3925.3
   61980,   62040,6749.2,28609,40633,407.95, 2594.8, 4163.3
   62040,   62100,7115.7,28620,40994,429.94, 2595.8, 4199.4
   62100,   62160,6577.9,28707,39809,397.67, 2603.6, 4080.9
   62160,   62220,6291.3,28211,39204,380.48, 2559, 4020.4
   62220,   62280,5947,26536,37608,359.82, 2408.2, 3860.8
   62280,   62340,5945.6,26539,37581,359.73, 2408.5, 3858.1
   62340,   62400,5812.6,27044,38293,351.76, 2454, 3929.3
   62400,   62460,6738.1,27613,39438,407.29, 2505.2, 4043.8
   62460,   62520,7083.9,27377,39688,428.04, 2483.9, 4068.8
   62520,   62580,7104.6,27810,39456,429.28, 2522.9, 4045.6
   62580,   62640,7055.4,28148,39890,426.33, 2553.3, 4089
   62640,   62700,6527.7,26856,38965,394.66, 2437, 3996.5
   62700,   62760,6290.9,26643,38005,380.45, 2417.9, 3900.5
   62760,   62820,6100.6,25664,36673,369.03, 2329.7, 3767.3
   62820,   62880,5859.2,25602,36012,354.55, 2324.2, 3701.2
   62880,   62940,5480.2,24592,35475,331.81, 2233.3, 3647.5
   62940,   63000,5118,23419,33341,310.08, 2127.7, 3434.1
   63000,   63060,5174.7,23552,33422,313.48, 2139.7, 3442.2
   63060,   63120,5079.9,23631,33183,307.79, 2146.8, 3418.3
   63120,   63180,4931.6,22848,32475,298.89, 2076.3, 3347.5
   63180,   63240,4801.4,22311,32388,291.09, 2028, 3338.8
   63240,   63300,4755.6,22402,31875,288.34, 2036.2, 3287.5
   63300,   63360,4519,22652,32008,274.14, 2058.7, 3300.8
   63360,   63420,5021.3,22852,33180,304.28, 2076.7, 3418
   63420,   63480,5385,23336,34054,326.1, 2120.3, 3505.4
   63480,   63540,4987.7,22793,32902,302.26, 2071.4, 3390.2
   63540,   63600,4726,22718,32964,286.56, 2064.7, 3396.4
   63600,   63660,4306.1,21293,31413,261.37, 1936.3, 3241.3
   63660,   63720,3807.7,20273,29894,231.46, 1844.6, 3089.4
   63720,   63780,3488.6,18675,28239,212.32, 1700.7, 2923.9
   63780,   63840,3308.9,19072,28227,201.53, 1736.5, 2922.7
   63840,   63900,3507.9,19541,27868,213.47, 1778.7, 2886.8
   63900,   63960,3709.5,19604,28569,225.57, 1784.4, 2956.9
   63960,   64020,3759.9,19933,28589,228.59, 1813.9, 2958.9
   64020,   64080,5030.9,23634,32297,304.85, 2147.1, 3329.7
   64080,   64140,6727.5,28989,37263,406.65, 2629, 3826.3
