CampaignData_and_Merges/R0/CSL_MobileLab_Parked/raw/20240802/USOS-NOAAIodideCIMS-PANs_MobileLabGround_20240802_RA.ict
35, 1001
Michael A Robinson, Chris Jernigan, Subi Thakali
NOAA ESRL Chemical Sciences Laboratory and CIRES, U. of Colorado
NOAA Iodide CIMS Instrument
USOS
1, 1
2024, 08, 02, 2024, 08, 03
1
starttime_UTC, seconds_past_midnight, seconds_of_day_since_00:00:00_UTC
3
1, 1, 1
-9999, -9999, -9999
PAN_NOAACIMS, pptv, Gas_PAN_InSitu_S_AVMR, 
APAN_NOAACIMS, pptv, Gas_APAN_InSitu_S_AVMR, 
PPN_NOAACIMS, pptv, Gas_PPN_InSitu_S_AVMR, 
0
18
PI_CONTACT_INFO: 325 Broadway, R/CSD 7, Boulder, Colorado 80305; michael.a.robinson@noaa.gov; chris.jernigan@noaa.gov;
PLATFORM: NOAA CSL Mobile Lab
LOCATION: SLC, Utah
ASSOCIATED_DATA: 1Hz data also available on request.
INSTRUMENT_INFO: NOAA I- ToF CIMS
DATA_INFO: All data in parts per trillion by volume (pptv). 1 Hz data is available upon request.
UNCERTAINTY: TBD
ULOD_FLAG: -7777
ULOD_VALUE: N/A
LLOD_FLAG: -8888
LLOD_VALUE: N/A
DM_CONTACT_INFO: Nathan Howard; nathan.h.howard@noaa.gov
PROJECT_INFO: USOS, summer 2024. https://csl.noaa.gov/groups/csl7/measurements/2024usos/
STIPULATIONS_ON_USE: Users are strongly encouraged to contact the PI for proper data usage.
OTHER_COMMENTS: 
REVISION: RA
RA: Preliminary Data; For in-field use only
starttime_UTC, PAN_NOAACIMS, APAN_NOAACIMS, PPN_NOAACIMS
[from data line 1274]
 76440, 371.181,  4.241, 18.250
 76500, 353.324,  4.816, 14.389
 76560, 352.966,  5.013, 18.314
 76620, -9999.000, -9999.000, -9999.000
 76680, 358.946,  5.870, 18.315
 76740, 418.963,  5.652, 28.750
 76800, 470.060,  4.604, 34.415
 76860, 485.839,  6.565, 32.518
 76920, 467.680,  3.858, 34.562
 76980, 466.355,  6.167, 35.765
 77040, 477.026,  5.843, 36.010
 77100, 487.112,  2.436, 36.384
 77160, 497.301,  4.722, 41.670
 77220, 461.401,  5.302, 35.045
 77280, 462.626,  5.984, 37.583
 77340, 464.790,  3.687, 37.012
 77400, 433.026,  5.800, 36.895
 77460, 413.190,  4.922, 30.483
 77520, 421.186,  5.784, 34.349
 77580, 439.583,  5.164, 30.897
 77640, 441.495,  3.528, 32.172
 77700, 457.853,  6.403, 31.470
 77760, 466.455,  4.616, 33.034
 77820, 444.215,  4.543, 28.716
 77880, 425.420,  6.506, 28.157
 77940, 409.065,  3.958, 21.855
 78000, 430.808,  5.489, 29.000
 78060, 451.316,  4.973, 31.126
 78120, 427.767,  4.997, 27.110
 78180, 423.154,  6.984, 31.160
 78240, 445.836,  5.989, 33.863
 78300, 450.009,  5.041, 29.085
 78360, 484.156,  6.185, 35.289
 78420, 446.008,  4.790, 32.476
 78480, -9999.000, -9999.000, -9999.000
 78540, 430.269,  5.327, 31.574
 78600, 413.639,  3.954, 28.577
 78660, 403.658,  4.675, 30.733
 78720, 428.626,  5.461, 28.281
 78780, 425.568,  6.742, 26.696
 78840, 462.371,  5.499, 35.828
 78900, 455.164,  6.868, 30.519
 78960, 480.673,  4.925, 35.768
 79020, 422.891,  6.565, 29.285
 79080, 382.370,  4.108, 28.186
 79140, 353.637,  5.227, 28.135
 79200, 364.192,  4.479, 29.827
 79260, 341.676,  4.083, 23.867
 79320, 367.079,  5.454, 23.695
 79380, 359.383,  4.544, 27.117
 79440, 409.018,  4.602, 28.098
 79500, 401.974,  5.270, 30.593
 79560, 466.738,  5.831, 35.257
 79620, 464.516,  6.425, 36.410
 79680, 477.045,  5.054, 35.339
 79740, 431.344,  3.369, 31.573
 79800, 444.305,  4.204, 37.222
 79860, 443.575,  6.892, 30.428
 79920, 395.654,  5.038, 27.684
 79980, 395.886,  5.845, 28.503
 80040, 401.401,  6.380, 26.373
 80100, 417.249,  5.031, 34.786
 80160, 395.151,  3.844, 24.220
 80220, 384.002,  6.407, 25.763
 80280, 382.929,  5.047, 31.613
 80340, -9999.000, -9999.000, -9999.000
 80400, 337.906,  6.959, 19.491
 80460, 340.097,  6.760, 24.586
 80520, 374.721,  6.361, 31.476
 80580, 383.758,  4.708, 26.774
 80640, 397.613,  4.652, 26.838
 80700, 413.403,  4.367, 36.530
 80760, 401.610,  5.951, 28.556
 80820, 417.861,  6.571, 31.640
 80880, 431.376,  7.044, 32.559
 80940, 435.583,  6.253, 37.995
 81000, 434.433,  6.245, 29.756
 81060, 439.396,  3.566, 33.678
 81120, 407.236,  4.444, 31.219
 81180, 402.973,  6.230, 33.736
 81240, 404.796,  5.832, 28.747
 81300, 406.758,  5.263, 27.337
 81360, 421.626,  5.691, 29.320
 81420, 424.843,  4.398, 27.086
 81480, 418.640,  4.880, 24.491
 81540, 443.823,  4.579, 28.080
 81600, 423.177,  4.756, 31.965
 81660, 422.986,  5.677, 31.900
 81720, 495.445,  5.619, 34.711
 81780, 472.345,  4.538, 29.300
 81840, 451.372,  3.248, 30.132
 81900, 401.548,  4.595, 27.171
 81960, 380.885,  4.882, 20.891
 82020, 392.404,  4.702, 24.905
 82080, 411.719,  4.721, 22.646
 82140, 368.488,  5.026, 19.404
 82200, 332.703,  1.159, 15.819
 82260, 339.946,  4.372, 17.871
 82320, 307.631,  4.810, 14.853
 82380, 289.280,  4.224, 13.173
 82440, 360.643,  3.435, 17.870
 82500, 398.355,  7.330, 18.548
 82560, 347.364,  3.927, 17.173
 82620, 347.018,  3.941, 13.779
 82680, 319.599,  5.007, 16.616
 82740, 318.768,  5.666, 12.376
 82800, 293.081,  3.002, 12.586
 82860, 310.629,  3.383, 10.095
 82920, 311.494,  8.270, 13.306
 82980, 326.143,  6.923, 11.306
 83040, 311.041,  6.705, 11.800
 83100, 321.398,  4.593, 10.943
 83160, 328.434,  4.708, 13.233
 83220, 326.603,  6.005,  8.337
 83280, 330.432,  6.737, 12.842
 83340, 345.474,  6.486, 11.532
 83400, 363.475,  5.685, 15.583
 83460, 350.265,  4.505, 11.621
 83520, 326.945,  4.678, 10.205
 83580, 343.939,  5.561, 10.365
 83640, 372.413,  7.843, 20.337
 83700, 385.915,  5.246, 17.604
 83760, 373.611,  5.978, 16.153
 83820, 364.664,  5.899, 17.150
 83880, 368.761,  5.724, 21.565
 83940, 380.089,  6.137, 20.607
 84000, 384.292,  1.862, 22.597
 84060, 341.324,  6.008, 16.526
 84120, 345.269,  6.092, 16.440
 84180, 362.955,  5.256, 16.579
 84240, 391.129,  4.361, 21.023
 84300, 389.847,  5.632, 21.922
 84360, 424.892,  7.094, 23.932
 84420, 430.111,  7.270, 27.275
 84480, 408.631,  7.245, 21.964
 84540, 386.673,  5.015, 19.723
 84600, 387.332,  6.457, 18.757
 84660, 389.808,  5.627, 19.683
 84720, 391.945,  6.347, 20.231
 84780, 373.704,  5.643, 19.934
 84840, 378.735,  7.740, 22.628
 84900, 314.488,  3.839, 14.652
 84960, 313.781,  4.270, 12.264
 85020, 300.025,  5.703, 10.557
 85080, 302.391,  4.824, 12.169
 85140, 308.504,  4.546, 12.582
 85200, 288.072,  4.864, 10.946
 85260, 308.493,  5.205, 12.255
 85320, 318.236,  5.450, 13.508
 85380, 316.666,  6.202, 10.930
 85440, 290.422,  5.444, 14.676
 85500, 297.641,  7.022,  9.064
 85560, 301.751,  4.854, 11.361
 85620, 299.794,  5.641, 13.125
 85680, 286.530,  6.413, 11.990
 85740, 322.999,  6.042, 10.500
 85800, 350.718,  5.524, 15.427
 85860, 385.737,  4.073, 13.465
 85920, 399.496,  7.314, 17.055
 85980, 388.521,  3.766, 20.726
 86040, 386.371,  4.218, 18.196
 86100, 367.036,  7.340, 17.327
 86160, 349.385,  5.071, 15.415
 86220, 350.678,  6.101, 17.456
 86280, 347.151,  5.807, 15.552
 86340, -9999.000, -9999.000, -9999.000
