CampaignData_and_Merges/R0/CSL_MobileLab_Parked/raw/20240802/USOS-NOAAIodideCIMS-Halogens_MobileLabGround_20240802_RA.ict
38, 1001
Michael A Robinson, Chris Jernigan, Subi Thakali
NOAA ESRL Chemical Sciences Laboratory and CIRES, U. of Colorado
NOAA Iodide CIMS Instrument
USOS
1, 1
2024, 08, 02, 2024, 08, 03
1
starttime_UTC, seconds_past_midnight, seconds_of_day_since_00:00:00_UTC
6
1, 1, 1, 1, 1, 1
-9999, -9999, -9999, -9999, -9999, -9999
Br2_NOAACIMS, pptv, Gas_Br2_InSitu_S_AVMR, 
BrO_NOAACIMS, pptv, Gas_BrO_InSitu_S_AVMR, 
Cl2_NOAACIMS, pptv, Gas_Cl2_InSitu_S_AVMR, 
ClNO2_NOAACIMS, pptv, Gas_ClNO2_InSitu_S_AVMR, 
BrCl_NOAACIMS, pptv, Gas_BrCl_InSitu_S_AVMR, 
NCl3_NOAACIMS, pptv, Gas_NCl3_InSitu_S_AVMR, 
0
18
PI_CONTACT_INFO: 325 Broadway, R/CSD 7, Boulder, Colorado 80305; michael.a.robinson@noaa.gov; chris.jernigan@noaa.gov;
PLATFORM: NOAA CSL Mobile Lab
LOCATION: SLC, Utah
ASSOCIATED_DATA: 1Hz data also available on request.
INSTRUMENT_INFO: NOAA I- ToF CIMS
DATA_INFO: All data in parts per trillion by volume (pptv). 1 Hz data is available upon request.
UNCERTAINTY: TBD
ULOD_FLAG: -7777
ULOD_VALUE: N/A
LLOD_FLAG: -8888
LLOD_VALUE: N/A
DM_CONTACT_INFO: Nathan Howard; nathan.h.howard@noaa.gov
PROJECT_INFO: USOS, summer 2024. https://csl.noaa.gov/groups/csl7/measurements/2024usos/
STIPULATIONS_ON_USE: Users are strongly encouraged to contact the PI for proper data usage.
OTHER_COMMENTS: 
REVISION: RA
RA: Preliminary Data; For in-field use only
starttime_UTC, Br2_NOAACIMS, BrO_NOAACIMS, Cl2_NOAACIMS, ClNO2_NOAACIMS, BrCl_NOAACIMS, NCl3_NOAACIMS
     0, -9999.000, -9999.000, -9999.000, -9999.000, -9999.000, -9999.000
    60, -9999.000, -9999.000, -9999.000, -9999.000, -9999.000, -9999.000
   120, -9999.000, -9999.000, -9999.000, -9999.000, -9999.000, -9999.000
   180, -9999.000, -9999.000, -9999.000, -9999.000, -9999.000, -9999.000
   240, -9999.000, -9999.000, -9999.000, -9999.000, -9999.000, -9999.000
   300, -9999.000, -9999.000, -9999.000, -9999.000, -9999.000, -9999.000
   360, -9999.000, -9999.000, -9999.000, -9999.000, -9999.000, -9999.000
   420, -9999.000, -9999.000, -9999.000, -9999.000, -9999.000, -9999.000
   480, -9999.000, -9999.000, -9999.000, -9999.000, -9999.000, -9999.000
   540, -9999.000, -9999.000, -9999.000, -9999.000, -9999.000, -9999.000
   600, -9999.000, -9999.000, -9999.000, -9999.000, -9999.000, -9999.000
   660, -9999.000, -9999.000, -9999.000, -9999.000, -9999.000, -9999.000
   720, -9999.000, -9999.000, -9999.000, -9999.000, -9999.000, -9999.000
   780, -9999.000, -9999.000, -9999.000, -9999.000, -9999.000, -9999.000
   840, -9999.000, -9999.000, -9999.000, -9999.000, -9999.000, -9999.000
   900, -9999.000, -9999.000, -9999.000, -9999.000, -9999.000, -9999.000
   960, -9999.000, -9999.000, -9999.000, -9999.000, -9999.000, -9999.000
  1020, -9999.000, -9999.000, -9999.000, -9999.000, -9999.000, -9999.000
  1080, -9999.000, -9999.000, -9999.000, -9999.000, -9999.000, -9999.000
  1140, -9999.000, -9999.000, -9999.000, -9999.000, -9999.000, -9999.000
  1200, -9999.000, -9999.000, -9999.000, -9999.000, -9999.000, -9999.000
  1260, -9999.000, -9999.000, -9999.000, -9999.000, -9999.000, -9999.000
  1320, -9999.000, -9999.000, -9999.000, -9999.000, -9999.000, -9999.000
  1380, -9999.000, -9999.000, -9999.000, -9999.000, -9999.000, -9999.000
  1440, -9999.000, -9999.000, -9999.000, -9999.000, -9999.000, -9999.000
  1500, -9999.000, -9999.000, -9999.000, -9999.000, -9999.000, -9999.000
  1560, -9999.000, -9999.000, -9999.000, -9999.000, -9999.000, -9999.000
  1620, -9999.000, -9999.000, -9999.000, -9999.000, -9999.000, -9999.000
  1680, -9999.000, -9999.000, -9999.000, -9999.000, -9999.000, -9999.000
  1740, -9999.000, -9999.000, -9999.000, -9999.000, -9999.000, -9999.000
  1800, -9999.000, -9999.000, -9999.000, -9999.000, -9999.000, -9999.000
  1860, -9999.000, -9999.000, -9999.000, -9999.000, -9999.000, -9999.000
  1920, -9999.000, -9999.000, -9999.000, -9999.000, -9999.000, -9999.000
  1980, -9999.000, -9999.000, -9999.000, -9999.000, -9999.000, -9999.000
  2040, -9999.000, -9999.000, -9999.000, -9999.000, -9999.000, -9999.000
  2100,  0.213,  0.107,  1.296,  0.343, -0.039,  0.548
  2160, -0.063, -0.123,  1.238,  0.138, -0.108,  0.161
  2220, -9999.000, -9999.000, -9999.000, -9999.000, -9999.000, -9999.000
  2280, -9999.000, -9999.000, -9999.000, -9999.000, -9999.000, -9999.000
  2340, -9999.000, -9999.000, -9999.000, -9999.000, -9999.000, -9999.000
  2400, -9999.000, -9999.000, -9999.000, -9999.000, -9999.000, -9999.000
  2460, -9999.000, -9999.000, -9999.000, -9999.000, -9999.000, -9999.000
  2520, -9999.000, -9999.000, -9999.000, -9999.000, -9999.000, -9999.000
  2580, -9999.000, -9999.000, -9999.000, -9999.000, -9999.000, -9999.000
  2640, -9999.000, -9999.000, -9999.000, -9999.000, -9999.000, -9999.000
  2700, -9999.000, -9999.000, -9999.000, -9999.000, -9999.000, -9999.000
  2760, -9999.000, -9999.000, -9999.000, -9999.000, -9999.000, -9999.000
  2820, -9999.000, -9999.000, -9999.000, -9999.000, -9999.000, -9999.000
  2880, -9999.000, -9999.000, -9999.000, -9999.000, -9999.000, -9999.000
  2940, -9999.000, -9999.000, -9999.000, -9999.000, -9999.000, -9999.000
  3000, -9999.000, -9999.000, -9999.000, -9999.000, -9999.000, -9999.000
  3060, -9999.000, -9999.000, -9999.000, -9999.000, -9999.000, -9999.000
  3120, -9999.000, -9999.000, -9999.000, -9999.000, -9999.000, -9999.000
  3180, -9999.000, -9999.000, -9999.000, -9999.000, -9999.000, -9999.000
  3240, -9999.000, -9999.000, -9999.000, -9999.000, -9999.000, -9999.000
  3300, -9999.000, -9999.000, -9999.000, -9999.000, -9999.000, -9999.000
  3360, -9999.000, -9999.000, -9999.000, -9999.000, -9999.000, -9999.000
  3420, -9999.000, -9999.000, -9999.000, -9999.000, -9999.000, -9999.000
  3480, -9999.000, -9999.000, -9999.000, -9999.000, -9999.000, -9999.000
  3540, -9999.000, -9999.000, -9999.000, -9999.000, -9999.000, -9999.000
  3600, -9999.000, -9999.000, -9999.000, -9999.000, -9999.000, -9999.000
  3660, -9999.000, -9999.000, -9999.000, -9999.000, -9999.000, -9999.000
  3720, -9999.000, -9999.000, -9999.000, -9999.000, -9999.000, -9999.000
  3780, -9999.000, -9999.000, -9999.000, -9999.000, -9999.000, -9999.000
  3840, -9999.000, -9999.000, -9999.000, -9999.000, -9999.000, -9999.000
  3900, -9999.000, -9999.000, -9999.000, -9999.000, -9999.000, -9999.000
  3960, -9999.000, -9999.000, -9999.000, -9999.000, -9999.000, -9999.000
  4020, -9999.000, -9999.000, -9999.000, -9999.000, -9999.000, -9999.000
  4080, -9999.000, -9999.000, -9999.000, -9999.000, -9999.000, -9999.000
  4140, -9999.000, -9999.000, -9999.000, -9999.000, -9999.000, -9999.000
  4200, -9999.000, -9999.000, -9999.000, -9999.000, -9999.000, -9999.000
  4260, -9999.000, -9999.000, -9999.000, -9999.000, -9999.000, -9999.000
  4320,  1.445,  0.078,  0.966,  0.284, -9999.000,  0.322
  4380,  1.179,  0.295,  1.067,  0.249, -9999.000,  0.473
  4440,  1.334,  0.415,  0.893,  0.238, -9999.000,  0.376
  4500,  1.437,  0.284,  1.028,  0.223, -9999.000,  0.366
  4560,  1.379,  0.187,  1.056,  0.217, -9999.000,  0.397
  4620,  1.191,  0.341,  0.997,  0.139, -9999.000,  0.264
  4680,  1.340,  0.284,  1.111,  0.238, -9999.000,  0.249
  4740,  1.442,  0.275,  0.980,  0.180, -9999.000,  0.290
  4800,  1.341,  0.245,  1.111,  0.181, -9999.000,  0.332
  4860,  1.279,  0.168,  1.262,  0.196, -9999.000,  0.387
  4920,  1.170,  0.359,  1.044,  0.190, -9999.000,  0.260
  4980,  1.296,  0.169,  1.181,  0.205, -9999.000,  0.209
  5040,  1.277,  0.183,  1.316,  0.186, -9999.000,  0.282
  5100,  1.168,  0.191,  1.161,  0.164, -9999.000,  0.402
  5160,  1.241,  0.276,  1.063,  0.223,  0.168,  0.324
  5220,  1.245,  0.174,  1.073,  0.196,  0.249,  0.374
  5280,  1.310,  0.358,  1.152,  0.196,  0.063,  0.427
  5340,  1.157,  0.192,  0.833,  0.221,  0.222,  0.292
  5400,  1.168,  0.243,  0.875,  0.186,  0.172,  0.365
  5460,  1.063,  0.141,  1.092,  0.273,  0.198,  0.237
  5520,  1.061,  0.183,  1.101,  0.303,  0.188,  0.308
  5580,  1.158,  0.181,  1.146,  0.241,  0.227,  0.328
  5640,  1.009,  0.103,  1.085,  0.255,  0.247,  0.302
  5700,  1.360,  0.262,  1.067,  0.248,  0.261,  0.316
  5760,  1.303,  0.209,  1.148,  0.273,  0.225,  0.279
  5820,  1.080,  0.209,  1.181,  0.245,  0.209,  0.270
  5880,  1.125,  0.171,  1.027,  0.273,  0.153,  0.413
  5940, -9999.000, -9999.000, -9999.000, -9999.000, -9999.000, -9999.000
  6000,  0.970,  0.162,  1.366,  0.248,  0.267,  0.331
  6060,  0.924,  0.077,  1.392,  0.281,  0.269,  0.310
  6120,  0.924,  0.228,  1.014,  0.280,  0.194,  0.288
  6180,  0.934,  0.181,  1.044,  0.228,  0.137,  0.347
  6240,  0.920,  0.191,  1.131,  0.237,  0.223,  0.325
  6300,  0.858,  0.049,  1.090,  0.293,  0.172,  0.297
  6360,  1.067,  0.131,  1.054,  0.240,  0.170,  0.350
  6420,  0.895,  0.266,  1.003,  0.233,  0.265,  0.340
  6480,  1.057,  0.185,  0.978,  0.201,  0.289,  0.466
  6540,  1.040,  0.163,  1.355,  0.294,  0.215,  0.366
  6600,  0.899,  0.068,  1.146,  0.231,  0.216,  0.332
  6660,  0.961,  0.143,  1.178,  0.198,  0.242,  0.269
  6720,  0.934,  0.164,  1.193,  0.167,  0.137,  0.372
  6780,  0.743,  0.192,  1.086,  0.218,  0.206,  0.278
  6840,  0.826,  0.158,  1.118,  0.190,  0.224,  0.340
  6900,  0.859,  0.121,  1.261,  0.166,  0.285,  0.340
  6960,  0.964,  0.167,  1.256,  0.248,  0.188,  0.266
  7020,  0.800,  0.085,  1.407,  0.225,  0.250,  0.403
  7080,  0.784,  0.207,  1.365,  0.241,  0.168,  0.328
  7140,  0.901,  0.161,  1.484,  0.206,  0.182,  0.272
  7200,  1.007,  0.074,  1.097,  0.187,  0.247,  0.356
  7260,  0.957,  0.135,  1.119,  0.115,  0.261,  0.301
  7320,  0.756,  0.112,  1.124,  0.202,  0.290,  0.267
  7380,  0.945,  0.157,  1.084,  0.148,  0.267,  0.236
  7440,  0.952,  0.181,  0.927,  0.175,  0.283,  0.320
  7500,  0.867,  0.224,  1.067,  0.151,  0.212,  0.322
  7560,  0.630,  0.106,  1.278,  0.164,  0.231,  0.217
  7620,  0.797,  0.205,  1.361,  0.184,  0.250,  0.275
  7680,  0.756,  0.192,  1.083,  0.197,  0.254,  0.194
  7740,  0.309,  0.138,  1.027,  0.137,  0.215,  0.207
  7800,  0.887, -0.089,  1.127,  0.149,  0.150,  0.164
  7860,  0.718, -0.008,  1.060,  0.160,  0.191,  0.353
  7920,  0.653,  0.057,  1.107,  0.184,  0.304,  0.772
  7980,  0.728,  0.203,  1.281,  0.194,  0.309,  0.803
  8040,  0.657,  0.250,  1.477,  0.235,  0.313,  1.044
  8100,  0.757,  0.082,  1.374,  0.210,  0.317,  0.956
  8160,  0.694,  0.104,  1.575,  0.233,  0.288,  1.000
  8220,  0.145, -0.032,  1.493,  0.183,  0.185,  0.647
  8280,  0.633,  0.165,  1.594,  0.274,  0.208,  1.623
  8340,  0.703,  0.041,  1.929,  0.313,  0.318,  2.284
  8400,  0.679,  0.085,  1.729,  0.295,  0.298,  2.526
  8460,  0.853,  0.235,  1.628,  0.272,  0.262,  2.476
  8520,  0.831,  0.062,  1.466,  0.274,  0.294,  2.828
  8580,  0.822,  0.163,  1.689,  0.315,  0.301,  2.538
  8640,  0.898,  0.203,  1.595,  0.324,  0.368,  2.546
  8700,  0.972,  0.124,  1.734,  0.330,  0.354,  2.280
  8760,  1.046,  0.209,  1.717,  0.317,  0.225,  2.096
  8820,  0.823,  0.197,  1.696,  0.329,  0.374,  1.943
  8880,  0.887,  0.231,  1.598,  0.300,  0.340,  2.042
  8940,  0.867,  0.144,  1.630,  0.334,  0.235,  1.830
  9000,  0.790,  0.222,  1.692,  0.359,  0.325,  1.911
  9060,  0.910,  0.268,  1.822,  0.370,  0.450,  2.141
  9120,  0.895,  0.195,  2.080,  0.368,  0.379,  2.327
  9180,  0.875,  0.133,  2.600,  0.386,  0.372,  2.468
  9240,  0.868,  0.266,  3.394,  0.452,  0.378,  3.078
  9300,  0.923,  0.178,  4.038,  0.437,  0.420,  2.924
  9360,  0.945,  0.194,  3.197,  0.487,  0.382,  3.936
  9420,  1.027,  0.223,  3.252,  0.439,  0.359,  4.341
  9480,  0.855,  0.158,  2.411,  0.428,  0.361,  3.705
  9540,  0.770,  0.127,  1.795,  0.355,  0.307,  3.750
  9600,  0.504,  0.134,  1.416,  0.490,  0.217,  3.250
  9660,  0.365,  0.003,  1.048,  0.255,  0.068,  3.681
  9720,  0.917,  0.217,  1.451,  0.332,  0.383,  4.052
  9780,  0.843,  0.098,  1.584,  0.299,  0.312,  4.577
  9840,  0.893,  0.188,  1.595,  0.345,  0.406,  4.817
  9900,  0.787,  0.275,  1.586,  0.279,  0.312,  5.067
  9960,  0.869,  0.195,  1.460,  0.284,  0.358,  5.338
 10020,  0.881,  0.139,  1.653,  0.301,  0.284,  5.143
 10080,  0.785,  0.101,  1.558,  0.290,  0.198,  6.178
 10140,  0.770,  0.288,  1.659,  0.279,  0.330,  6.112
 10200,  0.764,  0.081,  1.415,  0.246,  0.343,  6.453
 10260,  0.711,  0.047,  1.387,  0.308,  0.401,  6.197
 10320,  0.728,  0.098,  1.489,  0.233,  0.362,  5.912
 10380,  0.490,  0.126,  1.341,  0.228,  0.234,  5.709
 10440,  0.656,  0.039,  1.448,  0.229,  0.297,  5.067
 10500,  0.841,  0.177,  1.564,  0.223,  0.311,  5.403
 10560,  0.730,  0.071,  1.593,  0.215,  0.235,  4.921
 10620,  0.583,  0.034,  1.536,  0.223,  0.236,  4.389
 10680,  0.567, -0.035,  1.338,  0.145,  0.295,  3.925
 10740,  0.640,  0.097,  1.637,  0.233,  0.319,  3.949
 10800,  0.505,  0.101,  1.555,  0.185,  0.228,  4.582
 10860,  0.595,  0.037,  1.527,  0.205,  0.297,  3.816
 10920,  0.540,  0.046,  1.625,  0.167,  0.291,  4.057
 10980,  0.580,  0.113,  1.336,  0.181,  0.193,  3.906
 11040,  0.464,  0.071,  1.412,  0.161,  0.247,  3.794
 11100,  0.525,  0.027,  1.480,  0.175,  0.227,  3.779
 11160,  0.525, -0.020,  1.353,  0.188,  0.238,  3.629
 11220,  0.349,  0.179,  1.358,  0.175,  0.210,  3.647
 11280,  0.402,  0.060,  1.346,  0.163,  0.175,  3.595
 11340,  0.549,  0.048,  1.205,  0.178,  0.253,  3.467
 11400,  0.416,  0.037,  1.296,  0.157,  0.209,  3.485
 11460,  0.488, -0.026,  1.413,  0.200,  0.094,  3.644
 11520,  0.294, -0.015,  1.093,  0.149,  0.218,  3.158
 11580,  0.476, -0.016,  1.091,  0.163,  0.170,  3.132
 11640,  0.407, -0.060,  1.152,  0.215,  0.204,  2.714
 11700,  0.308,  0.031,  1.146,  0.152,  0.146,  3.010
 11760,  0.361,  0.097,  1.177,  0.147,  0.168,  2.843
 11820,  0.553,  0.003,  0.991,  0.158,  0.210,  3.030
 11880,  0.588,  0.087,  1.416,  0.169,  0.215,  2.848
 11940,  0.560, -0.089,  1.266,  0.168,  0.263,  2.934
 12000,  0.416, -0.008,  1.062,  0.189,  0.186,  2.573
 12060,  0.470, -0.086,  1.051,  0.150,  0.161,  2.775
 12120,  0.546,  0.027,  1.032,  0.153,  0.180,  2.681
 12180,  0.517,  0.020,  1.079,  0.173,  0.146,  2.826
 12240,  0.543, -9999.000,  1.207,  0.137,  0.239,  2.630
 12300,  0.451, -9999.000,  1.061,  0.163,  0.199,  2.527
 12360,  0.435, -9999.000,  1.090,  0.196,  0.170,  2.798
 12420,  0.521, -9999.000,  1.153,  0.145,  0.222,  2.857
 12480,  0.594, -9999.000,  1.079,  0.143,  0.223,  2.762
 12540,  0.417, -9999.000,  1.164,  0.125,  0.181,  2.564
 12600,  0.594, -9999.000,  1.100,  0.104,  0.179,  2.759
 12660,  0.531, -9999.000,  1.048,  0.136,  0.195,  2.975
 12720,  0.465, -9999.000,  1.052,  0.163,  0.204,  2.933
 12780,  0.604, -9999.000,  0.959,  0.112,  0.122,  3.428
 12840,  0.539, -9999.000,  1.020,  0.134,  0.152,  3.304
 12900,  0.507, -9999.000,  1.065,  0.108,  0.146,  3.062
 12960,  0.528, -9999.000,  1.029,  0.118,  0.151,  3.667
 13020,  0.722, -9999.000,  1.046,  0.158,  0.157,  3.788
 13080,  0.543, -9999.000,  0.939,  0.145,  0.181,  4.213
 13140,  0.644, -9999.000,  0.990,  0.144,  0.185,  4.491
 13200,  0.764, -9999.000,  1.010,  0.143,  0.142,  4.504
 13260,  0.709, -9999.000,  1.060,  0.115,  0.180,  4.267
 13320, -9999.000, -9999.000, -9999.000, -9999.000, -9999.000, -9999.000
 13380,  0.454, -9999.000,  0.958,  0.180,  0.213,  4.253
 13440,  0.942, -9999.000,  1.137,  0.144,  0.255,  4.554
 13500,  1.111, -9999.000,  1.178,  0.158,  0.207,  4.939
 13560,  0.939, -9999.000,  1.135,  0.168,  0.190,  4.508
 13620,  0.750, -9999.000,  0.970,  0.125,  0.150,  4.385
 13680,  0.714, -9999.000,  0.859,  0.108,  0.194,  4.287
 13740,  0.586, -9999.000,  0.993,  0.127,  0.164,  4.187
 13800,  0.759, -9999.000,  0.848,  0.114,  0.214,  4.491
 13860,  0.690, -9999.000,  0.999,  0.140,  0.229,  4.497
 13920,  0.694, -9999.000,  0.873,  0.086,  0.274,  4.290
 13980,  0.636, -9999.000,  0.919,  0.078,  0.195,  4.302
 14040,  0.606, -9999.000,  1.101,  0.099,  0.193,  4.026
 14100,  0.528, -9999.000,  0.985,  0.106,  0.170,  4.225
 14160,  0.691, -9999.000,  0.938,  0.092,  0.187,  4.269
 14220,  0.660, -9999.000,  0.873,  0.102,  0.187,  3.940
 14280,  0.643, -9999.000,  0.778,  0.097,  0.189,  3.905
 14340,  0.646, -9999.000,  0.876,  0.098,  0.179,  3.298
 14400,  0.795, -9999.000,  0.884,  0.103,  0.184,  3.661
 14460,  0.691, -9999.000,  0.920,  0.107,  0.178,  3.266
 14520,  0.718, -9999.000,  0.809,  0.088,  0.149,  3.111
 14580,  0.538, -9999.000,  0.809,  0.105,  0.196,  3.192
 14640,  0.635, -9999.000,  0.768,  0.089,  0.185,  3.088
 14700,  0.701, -9999.000,  0.829,  0.126,  0.161,  3.225
 14760,  0.792, -9999.000,  0.829,  0.079,  0.208,  3.277
 14820,  0.520, -9999.000,  0.929,  0.108,  0.152,  3.066
 14880,  0.795,  0.174,  0.986,  0.079,  0.208,  3.102
 14940,  0.713,  0.082,  0.957,  0.073,  0.173,  3.097
 15000,  0.665,  0.044,  0.853,  0.113,  0.247,  3.057
 15060,  0.652,  0.094,  0.896,  0.104,  0.164,  2.941
 15120,  0.797,  0.103,  0.884,  0.106,  0.183,  2.458
 15180, -9999.000, -9999.000, -9999.000, -9999.000, -9999.000, -9999.000
 15240,  0.875,  0.087,  0.775,  0.098,  0.210,  3.101
 15300,  0.622,  0.091,  0.823,  0.119,  0.270,  3.084
 15360,  0.707,  0.112,  0.821,  0.115,  0.234,  2.692
 15420,  0.809,  0.141,  0.946,  0.089,  0.230,  2.563
 15480,  0.715,  0.094,  0.848,  0.128,  0.226,  2.837
 15540,  0.766,  0.098,  0.859,  0.126,  0.195,  2.953
 15600,  0.672,  0.111,  0.875,  0.129,  0.218,  2.929
 15660,  0.657,  0.100,  0.680,  0.122,  0.216,  2.816
 15720,  0.689,  0.098,  0.775,  0.090,  0.146,  3.103
