CampaignData_and_Merges/R0/CSL_MobileLab_Parked/raw/20240802/USOS-POPS_MobileLabGround_20240802_R0.ict
78, 1001
Thornberry, T. D.
NOAA Chemical Sciences Laboratory
Portable Optical Particle Spectrometer (POPS)
USOS
1, 1
2024, 08, 02, 2025, 05, 08
60
Time_Start, seconds_past_midnight, Start time of measurement
45
1, 1, 1, 1, 1, 1, 1, 1, 1, 1, 1, 1, 1, 1, 1, 1, 1, 1, 1, 1, 1, 1, 1, 1, 1, 1, 1, 1, 1, 1, 1, 1, 1, 1, 1, 1, 1, 1, 1, 1, 1, 1, 1, 1, 1
-9999, -9999, -9999, -9999, -9999, -9999, -9999, -9999, -9999, -9999, -9999, -9999, -9999, -9999, -9999, -9999, -9999, -9999, -9999, -9999, -9999, -9999, -9999, -9999, -9999, -9999, -9999, -9999, -9999, -9999, -9999, -9999, -9999, -9999, -9999, -9999, -9999, -9999, -9999, -9999, -9999, -9999, -9999, -9999, -9999
Time_Stop, seconds_past_midnight, Stop time of measurement
Time_Mid, seconds_past_midnight, Mid time of measurement
Press_mb, mb, Pressure reported (mb)
Temp_C, degrees C, POPS temperature measurement
Aerosol_concentration, cm^-3, Aerosol concentration
Surface_Area_Conc, um^2 cm^-3, Surface area concentration
Volume_density, um^3 cm^-3, Volume density
Effective_radius, um, Effective radius
Extinction, km^-1, Extinction
Bin01, cm^-3, particle concentration in size range [1401 - 146.3 nm]
Bin02, cm^-3, particle concentration in size range [146.3 - 152.8 nm]
Bin03, cm^-3, particle concentration in size range [152.8 - 159.6 nm]
Bin04, cm^-3, particle concentration in size range [159.6 - 166.8 nm]
Bin05, cm^-3, particle concentration in size range [166.8 - 174.2 nm]
Bin06, cm^-3, particle concentration in size range [174.2 - 181.9 nm]
Bin07, cm^-3, particle concentration in size range [181.9 - 190.0 nm]
Bin08, cm^-3, particle concentration in size range [190.0 - 198.5 nm]
Bin09, cm^-3, particle concentration in size range [198.5 - 207.4 nm]
Bin10, cm^-3, particle concentration in size range [207.4 - 216.6 nm]
Bin11, cm^-3, particle concentration in size range [216.6 - 226.2 nm]
Bin12, cm^-3, particle concentration in size range [226.2 - 236.3 nm]
Bin13, cm^-3, particle concentration in size range [236.3 - 246.8 nm]
Bin14, cm^-3, particle concentration in size range [246.8 - 257.8 nm]
Bin15, cm^-3, particle concentration in size range [257.8 - 269.3 nm]
Bin16, cm^-3, particle concentration in size range [269.3 - 343.4 nm]
Bin17, cm^-3, particle concentration in size range [343.4 - 450.7 nm]
Bin18, cm^-3, particle concentration in size range [450.7 - 525.9 nm]
Bin19, cm^-3, particle concentration in size range [525.9 - 618.5 nm]
Bin20, cm^-3, particle concentration in size range [618.5 - 710.0 nm]
Bin21, cm^-3, particle concentration in size range [710.0 - 822.7 nm]
Bin22, cm^-3, particle concentration in size range [822.7 - 885.9 nm]
Bin23, cm^-3, particle concentration in size range [885.9 - 953.9 nm]
Bin24, cm^-3, particle concentration in size range [953.9 - 1027.2 nm]
Bin25, cm^-3, particle concentration in size range [1027.2 - 1106.1 nm]
Bin26, cm^-3, particle concentration in size range [1106.1 - 1191.0 nm]
Bin27, cm^-3, particle concentration in size range [1191.0 - 1282.5 nm]
Bin28, cm^-3, particle concentration in size range [1282.5 - 1381.0 nm]
Bin29, cm^-3, particle concentration in size range [1381.0 - 1487.1 nm]
Bin30, cm^-3, particle concentration in size range [1487.1 - 1601.3 nm]
Bin31, cm^-3, particle concentration in size range [1601.3 - 1724.3 nm]
[...]
PLATFORM: NOAA CSL Mobile Lab
LOCATION: USOS
ASSOCIATED_DATA: N/A
INSTRUMENT_INFO: Printed Optical Particle Spectrometer counts particles from 140 - 2500 nm in diameter 
DATA_INFO: Particle concentrations reported in number per cubic centimeter,1 Hz data
UNCERTAINTY: Counting uncertainty dominated by air flow, less than 5 percent. Measurement range is ~0 - 3000 per cm3 (varies depending on flow rate- manufacturer quotes 1250 per cm3 at 1.667 cc/s)
ULOD_FLAG: -7777
ULOD_VALUE: N/A
LLOD_FLAG: -8888
LLOD_VALUE: N/A
DM_CONTACT_INFO: Troy Thornberry, 325 Broadway R/CSL6, Boulder, CO 80305; troy.thornberry@noaa.gov; 303-497-3373
PROJECT_INFO: USOS, Utah POPS data from NOAA CSL Mobile Lab
STIPULATIONS_ON_USE: Please contact the PIs for questions regarding applications and uncertainties
OTHER_COMMENTS: POPS bin Edges (nm):  140.1, 146.3, 152.8, 159.6, 166.8, 174.2, 181.9, 190.0, 198.5, 207.4, 216.6, 226.2, 236.3, 246.8, 257.8, 269.3, 343.4, 450.7, 525.9, 618.5, 710.0, 822.7, 885.9, 953.9, 1027.2, 1106.1, 1191.0, 1282.5, 1381.0, 1487.1, 1601.3, 1724.3, 1856.7, 1999.3, 2152.8, 2318.2, 2496.2
Calculations assume organic aerosol refractive index of 1.52+0.00j and extinction wavelength = 532 nm
REVISION: R0
R0: Final data
Time_Start, Time_Stop, Time_Mid, Press_mb, Temp_C, Aerosol_concentration, Surface_Area_Conc, Volume_density, Effective_radius, Extinction, Bin01, Bin02, Bin03, Bin04, Bin05, Bin06, Bin07, Bin08, Bin09, Bin10, Bin11, Bin12, Bin13, Bin14, Bin15, Bin16, Bin17, Bin18, Bin19, Bin20, Bin21, Bin22, Bin23, Bin24, Bin25, Bin26, Bin27, Bin28, Bin29, Bin30, Bin31, Bin32, Bin33, Bin34, Bin35, Bin36
[from data line 152]
9120,9179,9150,875.675,35.102,649.000,127.062,6.989,0.165,0.045,36.562210,34.038860,33.493706,33.909557,32.981125,32.492809,31.680044,31.293428,30.268204,31.481167,31.646687,34.303059,36.409637,35.906712,30.806545,100.115868,34.592644,11.417301,4.204546,0.550864,0.195472,0.143850,0.071478,0.087968,0.072619,0.022354,0.038431,0.039506,0.050289,0.039147,0.016614,0.022242,0.005747,0.005631,0.005767,0.027816
9180,9239,9210,875.674,35.032,648.468,127.644,7.195,0.169,0.045,36.751221,35.075104,33.816109,33.363747,33.840538,31.661221,31.340519,30.718439,30.935303,30.815821,31.269119,34.095047,35.194275,35.846657,30.233114,102.343193,34.674271,10.984022,3.883511,0.583894,0.309536,0.189316,0.056008,0.093859,0.044901,0.045153,0.032770,0.038503,0.038645,0.021658,0.072588,0.010738,0.016696,0.033086,0.017047,0.022557
9240,9299,9270,875.689,34.970,643.763,125.805,7.036,0.168,0.044,36.654068,34.842728,33.727146,33.134007,33.294563,31.610069,31.128458,30.870398,30.273111,31.227037,31.746544,35.020821,35.561813,35.690418,29.923244,99.075768,33.668934,10.773951,3.939976,0.529943,0.369698,0.171748,0.087232,0.078226,0.065268,0.022206,0.033320,0.026831,0.033127,0.028391,0.060526,0.027308,0.016892,0.021309,0.011056,0.016422
9300,9359,9330,875.673,34.883,638.043,125.349,7.088,0.169,0.044,35.238674,34.154732,33.679115,32.706951,33.041958,32.388500,31.270573,31.097536,30.265354,29.622713,31.204306,33.797272,35.249977,35.483337,29.483978,98.837296,34.253349,10.846063,3.849047,0.523215,0.320440,0.148991,0.120207,0.071435,0.049969,0.045249,0.027506,0.033587,0.048967,0.027298,0.056030,0.027420,0.016510,0.005650,0.033140,0.016780
9360,9419,9390,875.676,34.799,639.883,125.855,7.031,0.167,0.044,33.928715,34.099880,32.714020,33.714180,32.662075,32.285965,31.297510,31.035467,30.954798,30.406233,31.845078,33.680115,34.670322,35.584881,30.051727,100.029243,34.706558,10.610053,4.042753,0.516441,0.332847,0.177203,0.138128,0.060922,0.055840,0.022190,0.032497,0.027816,0.032811,0.038742,0.039315,0.021843,0.022318,0.000000,0.016828,0.027353
9420,9479,9450,875.677,34.808,634.165,125.041,6.981,0.167,0.044,34.184174,33.315662,32.645306,32.647202,33.584206,32.144707,30.506186,29.887262,30.350655,30.140610,31.007380,33.412941,35.013828,34.708069,29.188179,100.557297,34.782806,10.709031,3.942483,0.489578,0.259876,0.173655,0.039138,0.105239,0.059705,0.039225,0.032907,0.033183,0.033291,0.027893,0.049478,0.010884,0.016761,0.027406,0.027553,0.011554
9480,9539,9510,875.673,34.720,644.817,126.696,7.128,0.168,0.045,35.430218,34.129841,33.583939,33.848499,33.358177,32.845982,31.345167,30.326834,30.199474,29.879492,32.067863,33.647049,35.964569,35.537045,29.889490,101.287285,35.371372,10.544856,4.041721,0.489909,0.360518,0.200689,0.083514,0.054984,0.027921,0.043926,0.021922,0.033101,0.022145,0.044621,0.033546,0.039908,0.011112,0.010686,0.011455,0.028116
9540,9599,9570,875.666,34.588,646.131,127.849,7.442,0.174,0.045,34.999844,34.358574,33.010384,33.751995,33.748871,31.984501,31.256838,31.679083,31.014641,31.841528,31.241488,34.192078,35.835602,35.496998,29.683901,101.136284,34.385841,10.942775,3.843793,0.577701,0.294060,0.172189,0.133201,0.049533,0.039420,0.077966,0.061450,0.055805,0.027832,0.049824,0.055315,0.032451,0.032932,0.011038,0.011004,0.044319
9600,9659,9630,875.682,34.526,648.480,127.493,7.177,0.169,0.045,36.787075,35.358578,33.093288,33.057240,32.995197,33.012627,32.210266,31.101006,30.768961,30.573608,31.955502,33.802231,35.634499,34.816959,29.519688,102.052765,35.360130,10.876940,3.936274,0.533469,0.311327,0.127357,0.117382,0.078051,0.060349,0.038897,0.055787,0.022283,0.027792,0.055081,0.033422,0.027803,0.033717,0.000000,0.033266,0.011038
9660,9719,9690,875.678,34.396,656.259,129.818,7.465,0.172,0.046,36.289982,36.149811,33.712330,33.854275,33.804523,33.450733,32.158485,31.276543,30.705917,31.289486,32.248219,33.666019,36.497211,35.446659,30.292562,102.798767,35.657478,11.277129,3.976814,0.555300,0.324023,0.179836,0.106268,0.100263,0.061602,0.044181,0.028033,0.055923,0.033565,0.044560,0.055622,0.016514,0.022239,0.016569,0.016994,0.044614
9720,9779,9750,875.676,34.252,651.122,128.636,7.332,0.170,0.045,35.677753,35.398907,33.901913,33.304981,33.069485,32.751564,32.084694,30.522390,30.856964,30.330254,31.985228,34.414764,35.603249,36.850140,29.546274,102.935463,35.293083,11.137690,3.936426,0.500651,0.284181,0.111272,0.109762,0.054791,0.050198,0.055484,0.050939,0.038292,0.027439,0.049496,0.076636,0.021833,0.038335,0.011252,0.017362,0.022814
9780,9839,9810,875.683,34.268,651.651,129.249,7.549,0.174,0.046,35.194401,34.447071,33.576435,34.299221,34.433361,32.663895,31.661102,30.946175,30.070850,30.644371,31.984058,33.889477,36.113720,35.100010,30.316515,104.466820,35.706810,10.691685,3.707419,0.606212,0.354862,0.110211,0.172940,0.099617,0.021715,0.050492,0.027696,0.044618,0.022225,0.022301,0.038828,0.027373,0.044107,0.022160,0.017122,0.055610
9840,9899,9870,875.706,34.291,654.247,128.565,7.122,0.166,0.045,35.168388,34.576000,33.901062,34.830093,33.866611,32.482285,31.921513,31.971272,30.878500,30.798258,30.918402,34.002895,36.104305,35.910339,30.822062,103.787918,36.191628,10.794500,3.887548,0.395263,0.338726,0.178542,0.060169,0.061716,0.071620,0.082086,0.027988,0.033580,0.022325,0.028162,0.045087,0.016449,0.016755,0.027460,0.010929,0.016886
9900,9959,9930,875.710,34.199,653.986,128.915,7.156,0.166,0.045,36.224087,35.250523,33.619976,33.278950,33.742565,31.919531,31.862221,31.511192,30.959425,31.243271,31.569826,34.312473,35.818344,35.368446,29.727180,104.771332,36.067184,11.338798,3.835629,0.541478,0.311180,0.150346,0.111194,0.082274,0.061291,0.033369,0.055313,0.033647,0.038821,0.038626,0.028286,0.022716,0.010913,0.011264,0.011516,0.022521
9960,10019,9990,875.693,34.099,657.414,130.572,7.439,0.170,0.046,35.749893,34.656700,33.388577,33.947182,33.315857,32.253330,32.278568,30.984350,30.889357,31.607683,31.009676,34.822186,36.321033,36.289986,30.989031,105.952034,36.336872,11.012774,3.983937,0.534312,0.343092,0.173761,0.088122,0.077571,0.066560,0.033713,0.044455,0.033165,0.033964,0.044857,0.022110,0.011246,0.033502,0.016911,0.034008,0.033419
10020,10079,10050,875.694,34.011,651.965,129.645,7.267,0.167,0.046,34.959034,34.211536,33.032543,33.452522,33.039825,32.470509,31.026991,29.984612,30.404202,30.631788,31.684963,34.786579,35.539925,36.195591,31.035927,106.000122,36.955055,11.018590,4.011467,0.545152,0.294052,0.155162,0.077719,0.066060,0.072611,0.044933,0.033452,0.038508,0.022279,0.028148,0.055354,0.016973,0.005688,0.022236,0.016634,0.027865
10080,10139,10110,875.705,33.955,654.065,130.284,7.375,0.169,0.046,35.632549,33.983093,33.406044,33.053429,33.113510,32.127995,30.837420,30.777500,30.676302,30.777590,31.997705,33.673649,35.833988,36.107212,31.813120,107.382240,36.056072,11.079936,4.129614,0.553631,0.316901,0.113114,0.169509,0.079096,0.038899,0.040070,0.034530,0.039861,0.045327,0.045250,0.034321,0.022343,0.011229,0.005631,0.017068,0.039366
10140,10199,10170,875.716,33.895,653.321,131.287,7.502,0.171,0.047,34.766808,33.619473,32.040230,33.154968,31.922304,32.138760,31.636948,30.714130,30.022078,30.814898,30.921526,34.808075,36.885590,35.573330,30.787571,109.247635,37.195023,11.419578,4.002357,0.557222,0.323348,0.161805,0.087326,0.127766,0.082837,0.021787,0.021851,0.022508,0.016902,0.044120,0.072088,0.037980,0.010701,0.017207,0.033484,0.010701
10200,10259,10230,875.743,33.884,647.907,129.930,7.220,0.166,0.047,33.878891,32.546242,32.227932,31.937632,32.396835,31.371279,30.578583,30.581303,30.095966,30.887045,31.932045,33.609070,35.978561,36.014782,31.472326,107.959343,37.188992,11.728584,3.959677,0.571821,0.351810,0.137076,0.074502,0.079527,0.056749,0.050335,0.039440,0.033722,0.011281,0.028237,0.046048,0.034868,0.023226,0.000000,0.011463,0.011589
10260,10319,10290,875.738,33.769,655.517,131.273,7.345,0.167,0.046,33.939812,32.017590,32.342327,32.052555,32.940197,32.169044,31.495520,30.782230,30.463167,30.998304,32.011238,34.715321,36.551342,36.818050,31.666542,110.544022,37.287937,11.487151,3.830862,0.475064,0.256011,0.136819,0.079807,0.074275,0.068074,0.080425,0.040232,0.028694,0.017452,0.011158,0.034179,0.028697,0.017226,0.016914,0.005745,0.033293
10320,10379,10350,875.759,33.787,646.990,130.322,7.237,0.166,0.047,32.927078,32.190159,31.854063,31.779860,32.243488,31.164749,30.673677,30.254858,29.514961,29.830906,31.902306,34.022560,36.019955,36.012272,32.029133,109.803291,37.988747,11.463281,3.811191,0.572029,0.311099,0.155396,0.066556,0.054833,0.038236,0.061004,0.044241,0.027830,0.027237,0.033124,0.034009,0.011321,0.011416,0.011050,0.010850,0.032895
10380,10439,10410,875.763,33.711,644.652,131.603,7.700,0.175,0.047,33.119049,32.427547,31.355106,31.243601,31.474546,30.763018,31.032393,29.417341,29.170412,29.797651,30.755274,33.428268,36.650524,35.933727,32.067566,111.286163,38.016487,11.037104,4.110274,0.468152,0.309258,0.164430,0.085583,0.056887,0.061880,0.039317,0.039508,0.067788,0.034046,0.052681,0.033855,0.022773,0.039735,0.033489,0.017535,0.039208
10440,10499,10470,875.770,33.616,647.981,130.810,7.086,0.162,0.047,31.836018,31.784702,30.681971,31.828636,32.013653,31.564068,30.462523,29.850527,29.065716,30.191895,32.281815,34.241444,36.850536,36.752693,31.196424,111.559380,38.538712,11.889022,3.906284,0.527969,0.392220,0.134152,0.100608,0.072946,0.062031,0.033336,0.016429,0.033677,0.011161,0.022490,0.016765,0.022192,0.016670,0.011149,0.005376,0.005574
10500,10559,10530,875.775,33.599,640.396,130.337,7.282,0.167,0.047,31.159010,29.989752,30.418440,30.156406,31.376926,30.131914,29.747021,29.032690,29.517666,29.989328,31.343704,34.592892,36.809860,36.825016,31.972429,112.396919,38.474472,11.276960,3.736402,0.498253,0.331198,0.173325,0.055723,0.089815,0.072255,0.028185,0.027899,0.010896,0.010930,0.022509,0.033159,0.027741,0.011126,0.005376,0.022332,0.027403
10560,10619,10590,875.788,33.493,637.026,130.368,7.338,0.168,0.047,31.624140,30.412886,30.135912,30.160925,29.807249,30.543945,29.128508,29.578117,28.960211,29.271748,30.824409,34.092121,36.903645,36.679482,31.659012,111.682251,38.816822,11.313967,3.903711,0.550391,0.314018,0.122730,0.143430,0.072038,0.049378,0.032880,0.022125,0.016198,0.038105,0.033439,0.043398,0.016735,0.016651,0.011231,0.005828,0.038037
10620,10679,10650,875.792,33.499,629.951,130.216,7.477,0.172,0.048,30.766218,29.692362,29.192007,29.734549,29.385813,29.694189,29.390291,28.864908,28.547199,29.390371,30.502996,33.220375,35.846386,36.849903,31.539846,111.800819,38.389843,11.689683,3.797375,0.564760,0.342684,0.127485,0.072387,0.088597,0.094412,0.055468,0.015945,0.027599,0.032914,0.060819,0.073100,0.027818,0.022127,0.027100,0.005342,0.016999
10680,10739,10710,875.802,33.431,633.239,130.495,7.486,0.171,0.047,30.498075,30.128006,29.313417,29.557909,30.462826,29.431694,29.653473,30.019997,27.983816,29.630568,30.653118,33.817368,35.642479,36.700443,31.487991,112.738014,38.922123,11.194100,3.866718,0.590754,0.222915,0.161613,0.129955,0.033101,0.055739,0.044579,0.028620,0.033200,0.022381,0.039166,0.061402,0.017090,0.016889,0.022939,0.028360,0.027991
10740,10799,10770,875.809,33.402,623.858,129.221,7.465,0.173,0.047,30.056416,30.135132,28.391993,29.220726,29.861349,28.775038,28.592113,29.390644,28.108559,28.298071,29.715744,33.760010,35.515888,35.688087,30.850466,111.324028,39.082550,11.710524,3.923121,0.457139,0.322520,0.183317,0.111364,0.044377,0.044304,0.010988,0.016026,0.028201,0.022255,0.034038,0.039027,0.039236,0.033273,0.038241,0.022108,0.011055
10800,10859,10830,875.817,33.415,623.191,128.548,7.291,0.170,0.047,30.204683,28.494160,28.693731,29.720739,29.230989,28.899363,28.344868,28.317705,28.498638,28.435083,30.311018,33.802654,36.317715,35.861225,30.881622,112.184349,38.079964,11.692774,3.841486,0.490055,0.279154,0.094250,0.072490,0.072023,0.049388,0.066741,0.027819,0.027536,0.027839,0.038237,0.043500,0.033240,0.005631,0.000000,0.027969,0.022418
10860,10919,10890,875.823,33.325,623.451,129.873,7.679,0.177,0.048,29.681343,29.233538,28.185448,29.582407,29.165422,29.269951,28.616501,28.444141,28.491758,28.681168,30.370239,33.005135,35.446671,36.437408,31.138308,111.523811,39.073895,11.706838,3.890969,0.487205,0.292608,0.127399,0.094678,0.099914,0.022056,0.044192,0.049514,0.027779,0.032882,0.038269,0.038272,0.045142,0.022010,0.016836,0.022396,0.044783
10920,10979,10950,875.828,33.186,626.174,128.738,7.194,0.167,0.047,30.729774,29.571487,28.645538,29.268681,30.246519,28.757025,29.118759,28.960655,28.417841,28.486469,29.768635,33.158195,35.631729,35.793854,30.984991,112.866631,39.062286,11.554132,3.773620,0.554404,0.295603,0.121821,0.060565,0.061298,0.017027,0.038740,0.027894,0.021614,0.027286,0.021908,0.033692,0.022345,0.027374,0.011475,0.011205,0.022493
10980,11039,11010,875.843,33.159,626.700,129.606,7.610,0.175,0.047,30.316341,29.486515,29.001125,30.409218,30.445181,28.962557,28.641829,28.792604,28.313604,29.621983,30.338432,32.848854,34.961231,36.227890,31.367476,112.038887,38.481567,11.212378,3.715136,0.517559,0.313304,0.111243,0.061506,0.072151,0.056088,0.028550,0.050378,0.028513,0.033402,0.022630,0.077515,0.027369,0.027241,0.005727,0.061614,0.022684
11040,11099,11070,875.842,33.161,620.066,127.922,7.306,0.171,0.047,30.091587,28.958206,29.422966,29.786343,28.956793,29.619442,27.724325,28.663940,28.482025,28.360126,30.093784,32.480572,35.120617,36.065117,30.532314,110.568474,38.095169,11.889578,3.826215,0.433530,0.247412,0.147780,0.081527,0.082159,0.038705,0.032141,0.022392,0.016198,0.027024,0.033353,0.061034,0.022812,0.016433,0.016699,0.021670,0.027841
11100,11159,11130,875.843,33.162,623.076,128.725,7.321,0.170,0.047,30.071770,29.041534,29.021179,28.972963,29.814472,29.547003,28.298460,28.889145,27.922318,28.294971,30.040092,33.136333,34.889332,35.484711,31.386414,113.066666,38.459255,11.671793,3.639639,0.492027,0.274220,0.144293,0.077727,0.072444,0.050245,0.045079,0.022275,0.022302,0.038415,0.027148,0.066887,0.021987,0.021879,0.011223,0.005501,0.033927
11160,11219,11190,875.850,33.164,622.234,128.453,7.256,0.169,0.047,29.694363,29.690659,28.914106,28.895308,29.438147,29.473576,28.402012,28.868040,28.180428,28.682255,30.308199,32.382149,35.113087,35.243938,30.420767,113.036064,38.965164,11.272188,3.897791,0.397733,0.252711,0.155620,0.100113,0.082036,0.066666,0.049744,0.033805,0.016640,0.044341,0.038872,0.022607,0.022621,0.027826,0.005593,0.011154,0.027617
11220,11279,11250,875.847,33.073,623.923,129.212,7.518,0.174,0.047,30.222277,29.754578,28.508207,28.935944,29.017282,29.046497,28.728540,28.895950,28.722002,28.895262,30.457438,33.422634,34.919106,35.361469,31.204628,111.959663,39.061470,11.655234,3.793289,0.417467,0.227975,0.173926,0.105928,0.039144,0.072094,0.056004,0.016871,0.027832,0.016615,0.022678,0.050752,0.044618,0.017046,0.016481,0.017246,0.039045
11280,11339,11310,875.846,33.018,623.217,128.369,7.156,0.167,0.047,30.237677,28.713558,29.375383,29.693333,29.135744,29.256927,28.121075,28.274139,28.584850,28.604578,28.954752,33.135540,34.597004,35.846390,31.147669,113.826820,39.028488,11.510872,3.820398,0.472712,0.282548,0.123006,0.111241,0.089738,0.055369,0.016895,0.044378,0.022136,0.017108,0.011098,0.016593,0.033063,0.016741,0.005274,0.011398,0.022566
11340,11399,11370,875.848,32.952,614.063,126.628,6.924,0.164,0.046,28.934952,28.640759,28.489267,28.374792,28.477682,28.520308,27.567276,27.971468,27.409536,29.144211,29.547304,33.092728,34.741089,34.160282,31.037878,112.460701,39.032875,11.526345,3.644862,0.429825,0.287035,0.126632,0.094652,0.099265,0.038585,0.032996,0.032094,0.028196,0.016082,0.011300,0.033058,0.016366,0.021283,0.000000,0.011081,0.010600
11400,11459,11430,875.872,32.871,608.185,125.708,6.965,0.166,0.046,28.048996,27.657278,27.541819,28.666241,28.480932,28.610405,28.019047,27.673580,27.215822,28.134981,28.883881,33.080212,34.117516,34.921543,30.627340,111.018211,39.284527,11.533721,3.500508,0.465507,0.205608,0.100585,0.065828,0.033406,0.021448,0.043760,0.033114,0.027207,0.022084,0.049688,0.033584,0.022833,0.011187,0.005708,0.010499,0.016657
