CampaignData_and_Merges/R0/CSL_MobileLab_Parked/raw/20240802/USOS-NOAAIodideCIMS-Halogens_MobileLabGround_20240802_RA.ict
38, 1001
Michael A Robinson, Chris Jernigan, Subi Thakali
NOAA ESRL Chemical Sciences Laboratory and CIRES, U. of Colorado
NOAA Iodide CIMS Instrument
USOS
1, 1
2024, 08, 02, 2024, 08, 03
1
starttime_UTC, seconds_past_midnight, seconds_of_day_since_00:00:00_UTC
6
1, 1, 1, 1, 1, 1
-9999, -9999, -9999, -9999, -9999, -9999
Br2_NOAACIMS, pptv, Gas_Br2_InSitu_S_AVMR, 
BrO_NOAACIMS, pptv, Gas_BrO_InSitu_S_AVMR, 
Cl2_NOAACIMS, pptv, Gas_Cl2_InSitu_S_AVMR, 
ClNO2_NOAACIMS, pptv, Gas_ClNO2_InSitu_S_AVMR, 
BrCl_NOAACIMS, pptv, Gas_BrCl_InSitu_S_AVMR, 
NCl3_NOAACIMS, pptv, Gas_NCl3_InSitu_S_AVMR, 
0
18
PI_CONTACT_INFO: 325 Broadway, R/CSD 7, Boulder, Colorado 80305; michael.a.robinson@noaa.gov; chris.jernigan@noaa.gov;
PLATFORM: NOAA CSL Mobile Lab
LOCATION: SLC, Utah
ASSOCIATED_DATA: 1Hz data also available on request.
INSTRUMENT_INFO: NOAA I- ToF CIMS
DATA_INFO: All data in parts per trillion by volume (pptv). 1 Hz data is available upon request.
UNCERTAINTY: TBD
ULOD_FLAG: -7777
ULOD_VALUE: N/A
LLOD_FLAG: -8888
LLOD_VALUE: N/A
DM_CONTACT_INFO: Nathan Howard; nathan.h.howard@noaa.gov
PROJECT_INFO: USOS, summer 2024. https://csl.noaa.gov/groups/csl7/measurements/2024usos/
STIPULATIONS_ON_USE: Users are strongly encouraged to contact the PI for proper data usage.
OTHER_COMMENTS: 
REVISION: RA
RA: Preliminary Data; For in-field use only
starttime_UTC, Br2_NOAACIMS, BrO_NOAACIMS, Cl2_NOAACIMS, ClNO2_NOAACIMS, BrCl_NOAACIMS, NCl3_NOAACIMS
[from data line 264]
 15840,  0.581,  0.054,  0.809,  0.055,  0.242,  2.532
 15900,  0.842,  0.079,  0.853,  0.132,  0.149,  2.582
 15960,  0.631,  0.084,  0.710,  0.100,  0.203,  2.868
 16020,  0.677,  0.094,  0.851,  0.108,  0.209,  2.693
 16080,  0.797,  0.112,  0.743,  0.051,  0.212,  2.463
 16140,  0.774,  0.183,  0.834,  0.054,  0.171,  2.466
 16200,  0.709,  0.143,  0.764,  0.066,  0.164,  2.392
 16260,  0.667,  0.104,  0.695,  0.084,  0.168,  2.259
 16320,  0.635,  0.193,  0.661,  0.080,  0.182,  2.032
 16380,  0.748,  0.111,  0.829,  0.047,  0.180,  2.309
 16440,  0.752,  0.086,  0.715,  0.043,  0.220,  2.401
 16500,  0.760,  0.030,  0.722,  0.062,  0.166,  2.326
 16560,  0.706,  0.139,  0.716,  0.070,  0.136,  2.348
 16620,  0.759,  0.045,  0.854,  0.086,  0.262,  2.579
 16680,  0.726,  0.140,  0.815,  0.111,  0.171,  2.774
 16740,  0.648,  0.145,  0.769,  0.081,  0.251,  2.815
 16800,  0.761,  0.085,  0.900,  0.122,  0.268,  2.637
 16860,  0.650,  0.086,  0.822,  0.092,  0.195,  2.871
 16920,  0.781,  0.069,  0.823,  0.103,  0.211,  2.923
 16980,  0.606,  0.013,  1.046,  0.110,  0.189,  3.481
 17040, -9999.000, -9999.000, -9999.000, -9999.000, -9999.000, -9999.000
 17100,  0.850,  0.094,  1.119,  0.136,  0.319,  3.000
 17160,  0.770,  0.087,  1.004,  0.128,  0.257,  3.236
 17220,  0.615,  0.038,  1.153,  0.092,  0.268,  3.563
 17280,  0.690,  0.083,  1.078,  0.112,  0.264,  3.320
 17340,  0.558,  0.189,  1.040,  0.165,  0.281,  3.373
 17400,  0.781,  0.171,  1.289,  0.192,  0.213,  3.462
 17460,  0.688,  0.074,  1.221,  0.206,  0.321,  3.802
 17520,  0.607,  0.058,  1.331,  0.243,  0.292,  4.053
 17580,  0.746,  0.066,  1.355,  0.209,  0.287,  5.192
 17640,  0.551,  0.124,  1.263,  0.238,  0.314,  4.706
 17700,  0.678,  0.126,  1.189,  0.231,  0.304,  4.146
 17760,  0.688,  0.113,  1.262,  0.203,  0.229,  4.684
 17820,  0.587,  0.096,  1.381,  0.215,  0.292,  4.747
 17880,  0.659,  0.056,  1.402,  0.272,  0.299,  4.828
 17940,  0.697,  0.137,  1.232,  0.245,  0.336,  5.248
 18000,  0.687,  0.113,  1.280,  0.296,  0.297,  4.848
 18060,  0.642,  0.048,  1.275,  0.204,  0.212,  5.274
 18120,  0.680,  0.088,  1.269,  0.239,  0.252,  5.074
 18180,  0.518,  0.095,  1.284,  0.276,  0.254,  5.116
 18240,  0.657,  0.012,  1.385,  0.284,  0.282,  5.358
 18300,  0.498,  0.037,  1.420,  0.276,  0.374,  5.671
 18360,  0.634,  0.148,  1.444,  0.362,  0.297,  5.378
 18420,  0.529,  0.013,  1.947,  0.472,  0.291,  5.889
 18480,  0.628,  0.076,  1.610,  0.489,  0.326,  6.595
 18540,  0.545,  0.159,  1.443,  0.495,  0.299,  6.149
 18600,  0.770,  0.102,  1.466,  0.532,  0.289,  6.614
 18660,  0.612,  0.134,  1.519,  0.568,  0.307,  6.445
 18720,  0.634,  0.245,  1.553,  0.493,  0.357,  6.127
 18780,  0.733,  0.102,  1.536,  0.610,  0.321,  7.602
 18840,  0.471,  0.150,  1.515,  0.581,  0.271,  7.416
 18900,  0.579,  0.116,  1.578,  0.659,  0.364,  7.161
 18960,  0.461,  0.059,  1.520,  0.547,  0.328,  6.789
 19020,  0.423,  0.056,  1.493,  0.640,  0.331,  6.850
 19080,  0.453,  0.067,  1.599,  0.586,  0.274,  7.065
 19140,  0.646,  0.106,  1.633,  0.747,  0.293,  7.527
 19200,  0.479,  0.071,  1.436,  0.588,  0.307,  6.999
 19260,  0.578,  0.132,  1.774,  0.634,  0.214,  7.991
 19320,  0.585,  0.016,  1.697,  0.654,  0.315,  8.768
 19380,  0.570,  0.050,  1.893,  0.682,  0.295, 10.354
 19440,  0.668,  0.091,  2.367,  0.762,  0.345, 11.628
 19500,  0.535,  0.120,  2.107,  0.797,  0.272, 11.069
 19560,  0.681,  0.132,  1.890,  0.781,  0.286,  9.743
 19620,  0.630,  0.099,  1.759,  0.697,  0.267,  9.008
 19680,  0.659, -0.003,  1.316,  0.412,  0.271,  7.009
 19740,  0.612,  0.074,  1.543,  0.483,  0.286,  6.486
 19800,  0.600, -0.039,  1.274,  0.385,  0.249,  5.741
 19860,  0.662, -0.031,  1.486,  0.590,  0.246,  7.145
 19920,  0.674,  0.042,  1.590,  0.562,  0.274,  7.211
 19980,  0.583, -0.001,  1.486,  0.491,  0.227,  6.365
 20040,  0.722, -0.011,  1.302,  0.420,  0.224,  5.125
 20100,  0.602, -0.055,  1.416,  0.456,  0.218,  5.310
 20160,  0.695,  0.021,  1.061,  0.294,  0.187,  4.160
 20220,  0.574,  0.059,  1.022,  0.211,  0.266,  3.920
 20280,  0.775, -0.054,  1.087,  0.239,  0.201,  4.003
 20340,  0.754, -0.044,  0.942,  0.160,  0.196,  3.669
 20400,  0.614, -0.057,  0.945,  0.151,  0.192,  3.177
 20460,  0.639, -0.005,  0.899,  0.151,  0.165,  3.112
 20520,  0.599, -0.035,  0.890,  0.128,  0.152,  3.004
 20580,  0.699, -0.028,  0.911,  0.115,  0.195,  2.691
 20640,  0.666, -0.055,  0.848,  0.086,  0.145,  2.480
 20700, -9999.000, -9999.000, -9999.000, -9999.000, -9999.000, -9999.000
 20760,  0.726, -0.008,  0.682,  0.104,  0.144,  2.750
 20820,  0.623, -0.050,  0.976,  0.152,  0.180,  2.711
 20880,  0.583, -0.056,  0.963,  0.199,  0.171,  4.634
 20940,  0.699, -0.007,  1.166,  0.195,  0.196,  7.442
 21000,  0.558,  0.002,  1.180,  0.269,  0.141,  8.277
 21060,  0.752,  0.058,  1.091,  0.259,  0.159,  7.913
 21120,  0.665, -0.065,  1.201,  0.270,  0.173,  5.674
 21180,  0.746,  0.031,  1.033,  0.233,  0.222,  4.782
 21240,  0.701, -0.104,  1.116,  0.258,  0.231,  4.505
 21300,  0.620,  0.112,  1.014,  0.220,  0.197,  4.960
 21360,  0.656,  0.092,  1.092,  0.192,  0.221,  4.426
 21420,  0.536,  0.020,  1.078,  0.190,  0.180,  4.322
 21480,  0.679,  0.023,  1.124,  0.232,  0.116,  4.431
 21540,  0.687, -0.003,  1.060,  0.156,  0.168,  3.868
 21600,  0.692, -0.032,  1.027,  0.224,  0.210,  4.111
 21660,  0.634, -0.024,  1.153,  0.286,  0.220,  5.320
 21720,  0.618,  0.001,  1.241,  0.251,  0.197,  5.606
 21780,  0.542,  0.057,  0.990,  0.199,  0.264,  6.160
 21840,  0.677,  0.070,  1.215,  0.193,  0.109,  5.335
 21900,  0.625,  0.000,  1.014,  0.248,  0.218,  6.092
 21960,  0.620,  0.133,  0.928,  0.130,  0.200,  4.306
 22020,  0.690,  0.066,  0.795,  0.106,  0.148,  3.926
 22080,  0.527,  0.090,  0.762,  0.094,  0.134,  3.745
 22140,  0.583,  0.114,  0.761,  0.053,  0.182,  3.180
 22200,  0.591,  0.062,  0.775,  0.108,  0.164,  3.640
 22260,  0.622,  0.016,  0.780,  0.074,  0.203,  3.301
 22320,  0.615,  0.117,  0.795,  0.092,  0.177,  3.931
 22380,  0.706,  0.140,  0.719,  0.035,  0.123,  2.855
 22440,  0.703,  0.058,  0.775,  0.107,  0.106,  2.950
 22500,  0.667,  0.138,  0.726,  0.111,  0.168,  3.060
 22560, -9999.000, -9999.000, -9999.000, -9999.000, -9999.000, -9999.000
 22620,  0.656,  0.058,  0.892,  0.155,  0.119,  2.807
 22680,  0.734,  0.147,  1.017,  0.161,  0.207,  3.646
 22740,  0.671,  0.083,  0.991,  0.204,  0.182,  4.442
 22800,  0.750,  0.095,  1.081,  0.372,  0.176,  4.581
 22860,  0.660,  0.063,  1.232,  0.345,  0.236,  4.783
 22920,  0.744,  0.151,  1.549,  0.587,  0.254,  5.953
 22980,  0.596,  0.116,  1.632,  0.749,  0.204,  8.947
 23040,  0.618,  0.073,  1.976,  0.885,  0.283, 13.161
 23100,  0.507,  0.067,  2.385,  0.984,  0.316, 13.807
 23160,  0.634,  0.166,  1.771,  0.691,  0.217, 11.434
 23220,  0.688,  0.089,  1.754,  0.739,  0.235, 12.519
 23280,  0.768,  0.149,  1.807,  0.784,  0.237, 13.422
 23340,  0.647,  0.183,  1.690,  0.812,  0.197, 13.328
 23400,  0.719,  0.141,  1.947,  0.831,  0.239, 14.012
 23460,  0.706,  0.145,  1.628,  0.782,  0.284, 13.108
 23520,  0.765,  0.189,  1.685,  0.641,  0.233, 11.048
 23580,  0.725,  0.099,  0.925,  0.237,  0.219,  5.757
 23640,  0.672,  0.226,  0.978,  0.304,  0.224,  6.470
 23700,  0.791,  0.191,  1.377,  0.533,  0.258,  8.729
 23760,  0.730,  0.219,  1.682,  0.827,  0.285, 12.743
 23820,  0.803,  0.242,  1.371,  0.790,  0.290, 13.516
 23880,  0.874,  0.226,  1.516,  0.887,  0.186, 14.222
 23940,  0.711,  0.159,  1.489,  0.624,  0.239, 12.797
 24000,  0.662,  0.107,  1.458,  0.571,  0.262, 12.918
 24060,  0.595,  0.187,  1.429,  0.578,  0.258, 13.415
 24120,  0.635,  0.114,  0.924,  0.213,  0.246,  5.465
 24180,  0.582,  0.171,  0.790,  0.138,  0.237,  3.471
 24240,  0.683,  0.219,  0.693,  0.101,  0.179,  2.988
 24300,  0.758,  0.211,  0.704,  0.067,  0.215,  2.694
 24360,  0.883,  0.132,  0.724,  0.065,  0.170,  2.638
 24420, -9999.000, -9999.000, -9999.000, -9999.000, -9999.000, -9999.000
 24480,  0.709,  0.212,  0.611,  0.070,  0.190,  2.497
 24540,  0.676,  0.188,  0.622,  0.049,  0.174,  2.301
 24600,  0.766,  0.138,  0.614,  0.076,  0.184,  2.453
 24660,  0.748,  0.088,  0.589,  0.046,  0.201,  2.562
 24720,  0.751,  0.181,  0.821,  0.133,  0.237,  3.202
 24780,  0.888,  0.181,  0.804,  0.098,  0.181,  3.380
 24840,  0.838,  0.174,  0.917,  0.147,  0.222,  3.231
 24900,  0.775,  0.109,  0.763,  0.095,  0.272,  2.804
 24960,  0.738,  0.219,  0.723,  0.108,  0.173,  2.677
 25020,  0.687,  0.107,  0.941,  0.207,  0.226,  3.875
 25080,  0.645,  0.229,  0.887,  0.131,  0.130,  3.690
 25140,  0.662,  0.139,  0.765,  0.087,  0.174,  2.787
 25200,  0.768,  0.109,  0.918,  0.116,  0.145,  2.901
 25260,  0.818,  0.182,  0.822,  0.092,  0.110,  2.863
 25320,  0.707,  0.072,  0.781,  0.087,  0.123,  2.671
 25380,  0.768,  0.226,  0.836,  0.217,  0.195,  3.196
 25440,  0.883,  0.116,  1.411,  0.568,  0.264,  9.607
 25500,  0.672,  0.129,  1.836,  0.644,  0.233, 10.234
 25560,  0.750,  0.086,  2.129,  0.641,  0.254, 12.148
 25620,  0.582,  0.236,  2.047,  0.775,  0.216, 13.472
 25680,  0.798,  0.239,  2.206,  0.731,  0.175, 14.239
 25740,  0.710,  0.117,  2.499,  0.898,  0.248, 16.009
 25800,  0.649,  0.175,  2.099,  0.716,  0.208, 13.740
 25860,  0.739,  0.160,  2.448,  0.817,  0.181, 16.328
 25920,  0.582,  0.274,  3.494,  1.051,  0.274, 19.206
 25980,  0.657,  0.156,  2.854,  0.832,  0.190, 15.667
 26040,  0.813,  0.111,  2.612,  1.040,  0.209, 17.767
 26100,  0.883,  0.296,  3.065,  1.073,  0.205, 18.540
 26160,  0.755,  0.176,  2.884,  1.170,  0.248, 18.121
 26220,  1.005,  0.183,  2.718,  1.188,  0.274, 19.004
 26280,  0.687,  0.068,  2.168,  1.178,  0.208, 17.924
 26340,  0.757,  0.231,  2.291,  1.171,  0.293, 17.947
 26400,  0.675,  0.130,  2.703,  1.245,  0.216, 18.863
 26460,  0.742,  0.105,  2.572,  1.331,  0.258, 17.266
 26520,  0.670,  0.109,  2.887,  1.448,  0.209, 18.035
 26580,  0.623,  0.082,  2.713,  1.555,  0.256, 18.936
 26640,  0.781, -9999.000,  2.946,  1.423,  0.281, 17.861
 26700,  0.757, -9999.000,  2.568,  1.536,  0.254, 17.306
 26760,  0.620, -9999.000,  2.547,  1.487,  0.225, 17.057
 26820,  0.727, -9999.000,  2.678,  1.482,  0.250, 17.596
 26880,  0.697, -9999.000,  2.430,  1.562,  0.200, 16.974
 26940,  0.551, -9999.000,  2.198,  1.507,  0.274, 16.515
 27000,  0.745, -9999.000,  2.659,  1.540,  0.234, 16.563
 27060,  0.788, -9999.000,  2.445,  1.664,  0.319, 16.911
 27120,  0.719, -9999.000,  2.466,  1.612,  0.280, 17.190
 27180,  0.590, -9999.000,  2.449,  1.673,  0.256, 17.394
 27240,  0.763, -9999.000,  2.473,  1.535,  0.245, 17.085
 27300,  0.659, -9999.000,  2.451,  1.607,  0.243, 17.212
 27360,  0.441, -9999.000,  2.084,  1.652,  0.246, 17.905
 27420,  0.616, -9999.000,  2.332,  1.684,  0.303, 16.363
 27480,  0.570, -9999.000,  2.445,  1.700,  0.284, 15.607
 27540,  0.582, -9999.000,  2.134,  1.699,  0.237, 15.032
 27600,  0.605, -9999.000,  1.827,  1.393,  0.214, 13.227
 27660,  0.685, -9999.000,  1.802,  1.161,  0.225, 12.780
 27720,  0.566, -9999.000,  1.890,  0.996,  0.309, 12.509
 27780,  0.634, -9999.000,  1.846,  1.106,  0.248, 12.953
 27840,  0.444, -9999.000,  1.823,  1.256,  0.278, 11.880
 27900,  0.599, -9999.000,  1.765,  1.368,  0.266, 13.030
 27960,  0.488, -9999.000,  1.786,  1.298,  0.208, 13.752
 28020,  0.643, -9999.000,  1.714,  1.281,  0.207, 13.731
 28080, -9999.000, -9999.000, -9999.000, -9999.000, -9999.000, -9999.000
 28140,  0.430, -9999.000,  1.667,  1.399,  0.217, 13.101
 28200,  0.502, -9999.000,  1.813,  1.276,  0.235, 13.088
 28260,  0.637, -9999.000,  1.935,  1.357,  0.242, 12.328
 28320,  0.536, -9999.000,  1.902,  1.446,  0.232, 13.375
 28380,  0.415, -9999.000,  1.778,  1.384,  0.268, 12.728
 28440,  0.597, -9999.000,  1.830,  1.327,  0.207, 13.118
 28500,  0.489, -9999.000,  1.917,  1.339,  0.227, 13.556
 28560,  0.612, -9999.000,  1.684,  1.324,  0.225, 13.570
 28620,  0.551, -9999.000,  1.898,  1.312,  0.268, 14.501
 28680,  0.473, -9999.000,  1.649,  1.193,  0.244, 13.400
 28740,  0.662, -9999.000,  2.028,  1.409,  0.283, 13.060
 28800,  0.602, -9999.000,  2.026,  1.402,  0.233, 12.562
 28860,  0.553, -9999.000,  2.002,  1.452,  0.310, 13.357
 28920,  0.592, -9999.000,  1.922,  1.337,  0.285, 12.847
 28980,  0.661, -9999.000,  1.800,  1.342,  0.271, 12.633
 29040,  0.534, -9999.000,  1.823,  1.562,  0.204, 13.499
 29100,  0.625, -9999.000,  1.848,  1.601,  0.263, 12.895
 29160,  0.485, -9999.000,  2.042,  1.607,  0.279, 12.400
 29220,  0.557, -9999.000,  1.914,  1.590,  0.252, 13.044
 29280,  0.388, -9999.000,  1.728,  1.567,  0.270, 12.838
 29340,  0.476, -9999.000,  1.689,  1.733,  0.271, 12.367
 29400,  0.673, -9999.000,  1.611,  1.599,  0.258, 12.543
 29460,  0.676, -9999.000,  1.642,  1.629,  0.215, 13.019
 29520,  0.480, -9999.000,  1.569,  1.723,  0.247, 13.296
 29580,  0.522, -9999.000,  1.657,  1.820,  0.264, 12.387
 29640,  0.353, -9999.000,  1.619,  1.861,  0.239, 13.257
 29700,  0.541, -9999.000,  1.738,  1.916,  0.313, 13.032
 29760,  0.384,  0.115,  1.750,  1.921,  0.236, 13.721
 29820,  0.509,  0.095,  1.699,  1.861,  0.255, 13.930
 29880,  0.482,  0.073,  1.657,  2.146,  0.232, 13.788
 29940,  0.205,  0.133,  1.470,  2.541,  0.139, 14.914
 30000,  0.420,  0.034,  1.767,  2.135,  0.316, 15.428
 30060,  0.503,  0.066,  1.566,  2.165,  0.295, 15.338
 30120,  0.481,  0.099,  1.735,  2.172,  0.181, 14.651
 30180,  0.476,  0.063,  1.770,  2.205,  0.254, 18.304
 30240,  0.460,  0.117,  1.730,  2.072,  0.270, 15.844
 30300,  0.561,  0.049,  1.681,  2.129,  0.206, 16.098
 30360,  0.425,  0.047,  1.636,  2.115,  0.296, 14.629
 30420,  0.579,  0.124,  1.646,  2.104,  0.229, 14.232
 30480,  0.588,  0.137,  1.946,  2.240,  0.189, 13.751
 30540,  0.465, -0.012,  1.623,  2.067,  0.289, 13.567
 30600,  0.545,  0.155,  1.683,  2.269,  0.265, 14.186
 30660,  0.624,  0.207,  1.664,  2.297,  0.270, 14.609
 30720,  0.512,  0.078,  1.692,  2.242,  0.221, 14.744
 30780,  0.652,  0.229,  1.614,  2.100,  0.256, 14.984
 30840,  0.628,  0.102,  1.713,  2.318,  0.307, 15.714
 30900,  0.618,  0.060,  1.816,  2.230,  0.262, 13.983
 30960,  0.630,  0.095,  1.734,  2.388,  0.256, 14.459
 31020,  0.716,  0.043,  1.756,  2.468,  0.264, 13.902
 31080,  0.769,  0.214,  1.661,  2.386,  0.228, 13.717
 31140,  0.636,  0.118,  1.924,  2.553,  0.241, 13.444
 31200,  0.632,  0.258,  1.903,  2.468,  0.264, 13.265
 31260,  0.697,  0.149,  1.740,  2.423,  0.301, 13.513
 31320,  0.575,  0.155,  1.739,  2.292,  0.174, 13.405
 31380,  0.648,  0.155,  1.695,  2.403,  0.290, 13.546
 31440,  0.612,  0.109,  1.613,  2.485,  0.236, 13.412
 31500,  0.597,  0.038,  1.617,  2.430,  0.170, 13.305
 31560,  0.736,  0.046,  1.747,  2.462,  0.218, 14.241
 31620,  0.697,  0.147,  1.740,  2.485,  0.248, 13.984
 31680,  0.808,  0.141,  1.778,  2.644,  0.194, 14.773
 31740,  0.735,  0.115,  1.713,  2.674,  0.248, 14.945
 31800, -9999.000, -9999.000, -9999.000, -9999.000, -9999.000, -9999.000
 31860,  0.578,  0.090,  1.857,  2.816,  0.191, 16.920
 31920,  0.760,  0.098,  2.002,  2.782,  0.291, 17.575
 31980,  0.732,  0.104,  1.929,  3.053,  0.271, 17.308
 32040,  0.673,  0.103,  1.791,  2.783,  0.278, 16.875
 32100,  0.666,  0.203,  1.830,  2.853,  0.227, 17.705
 32160,  0.539,  0.076,  1.837,  2.820,  0.221, 20.486
 32220,  0.628,  0.090,  1.827,  2.931,  0.270, 20.945
 32280,  0.631,  0.192,  1.910,  2.704,  0.183, 21.291
 32340,  0.496,  0.148,  2.240,  2.680,  0.278, 22.489
 32400,  0.558,  0.173,  1.991,  2.755,  0.315, 23.677
 32460,  0.601,  0.107,  1.949,  2.802,  0.253, 21.880
 32520,  0.539,  0.139,  2.054,  2.703,  0.229, 20.319
 32580,  0.559,  0.143,  1.925,  2.819,  0.265, 19.696
 32640,  0.559,  0.159,  1.987,  2.695,  0.250, 21.309
 32700,  0.555,  0.132,  2.087,  2.779,  0.303, 20.530
 32760,  0.512,  0.079,  1.998,  2.733,  0.276, 19.977
 32820,  0.575,  0.064,  2.059,  2.637,  0.304, 20.097
 32880,  0.378,  0.047,  1.876,  2.643,  0.258, 18.961
 32940,  0.607,  0.202,  1.968,  2.393,  0.346, 19.818
