CampaignData_and_Merges/R0/CSL_MobileLab_Parked/raw/20240802/USOS-MetNav_MobileLabGround_20240802_R0.ict
44, 1001
Carrie Womack, Nate Howard, Mike Zucker
NOAA Chemical Sciences Laboratory
Mobile Lab MetNav Station
USOS
1, 1
2024, 08, 02, 2024, 12, 21
60
Time_Start, seconds_past_midnight, Seconds from midnight UTC
11
1, 1, 1, 1, 1, 1, 1, 1, 1, 1, 1
-9999, -9999, -9999, -9999, -9999, -9999, -9999, -9999, -9999, -9999, -9999
GPS_Alt_m, meters, Altitude from Differential GPS
GPS_Course_deg, degrees, Course from Differential GPS
GPS_GndSpd_m_s, m/s, Ground Speed from Differential GPS
GPS_Heading_deg, degrees, Heading from Differential GPS
GPS_Lat_deg, degrees, Latitude from Differential GPS
GPS_Lon_deg, degrees, Longitude from Differential GPS
AirTemp_C, Celsius, Air Temperature from Airmar
RelHumidity_pct, percent, Relative Humidity from Airmar
Pressure_mb, millibars, Pressure from Honeywell
WindDir_calc_deg, degrees, Wind Direction from Airmar corrected for van movement
WindSpd_calc_m_s, m/s, Wind Speed from Airmar corrected for van movement
1
SPECIAL COMMENTS:
18
PI_CONTACT_INFO: Address: 325 Broadway R/CSL7, Boulder, CO, 80305
PLATFORM: CSL Mobile Lab
LOCATION: Salt Lake City, UT
ASSOCIATED_DATA: N/A
INSTRUMENT_INFO: N/A
DATA_INFO: Units:
UNCERTAINTY: N/A
ULOD_FLAG: -7777
ULOD_VALUE: N/A
LLOD_FLAG: -8888
LLOD_VALUE: N/A
DM_CONTACT_INFO: Data Manager: Nate Howard
PROJECT_INFO: 
STIPULATIONS_ON_USE: Use of these data require prior ok from PI.
OTHER_COMMENTS: 
REVISION: R0
R0: Final data. Fixed bug in wind averaging code. RA: Preliminary Data. For in-field use only. 
Time_Start, GPS_Alt_m, GPS_Course_deg, GPS_GndSpd_m_s, GPS_Heading_deg, GPS_Lat_deg, GPS_Lon_deg, AirTemp_C, RelHumidity_pct, Pressure_mb, WindDir_calc_deg, WindSpd_calc_m_s
[from data line 830]
49800.0,1308.9,2.18,0.05,2.18,40.73434,-111.87211,24.0,30.5,882.9,221.07,0.1
49860.0,1308.8,2.15,0.05,2.15,40.73434,-111.87211,24.3,31.0,882.9,314.59,0.2
49920.0,1308.8,2.10,0.05,2.10,40.73434,-111.87211,24.6,30.3,882.9,327.67,0.0
49980.0,1308.9,2.16,0.05,2.16,40.73434,-111.87211,24.7,30.1,883.0,61.69,0.4
50040.0,1309.0,1.75,0.06,1.75,40.73434,-111.87211,24.9,30.6,883.0,126.27,0.5
50100.0,1309.0,1.34,0.05,1.34,40.73434,-111.87211,25.2,31.4,882.9,125.47,0.6
50160.0,1309.0,1.68,0.05,1.68,40.73434,-111.87211,25.3,29.9,882.9,103.29,0.3
50220.0,1308.9,1.91,0.06,1.91,40.73434,-111.87211,25.5,29.5,883.0,121.72,0.3
50280.0,1308.9,2.33,0.06,2.33,40.73434,-111.87211,25.7,29.7,883.0,110.60,0.3
50340.0,1308.7,2.02,0.06,2.02,40.73434,-111.87211,25.8,29.5,882.9,121.27,0.5
50400.0,1309.0,1.68,0.05,1.68,40.73434,-111.87211,26.0,29.4,883.0,116.66,0.5
50460.0,1309.1,2.02,0.05,2.02,40.73434,-111.87211,26.1,29.8,883.0,125.83,0.8
50520.0,1309.1,2.54,0.05,2.54,40.73434,-111.87211,26.3,29.3,882.9,171.99,1.1
50580.0,1308.6,2.67,0.05,2.67,40.73434,-111.87211,26.5,28.7,882.9,132.17,0.8
50640.0,1309.0,2.45,0.06,2.45,40.73434,-111.87211,26.6,28.8,882.9,100.92,0.5
50700.0,1308.9,2.28,0.05,2.28,40.73434,-111.87211,26.6,30.1,883.0,111.79,0.8
50760.0,1309.2,2.23,0.05,2.23,40.73434,-111.87211,26.8,29.7,882.9,142.93,0.8
50820.0,1309.4,2.99,0.05,2.99,40.73434,-111.87211,26.9,29.5,882.9,138.52,0.7
50880.0,1309.6,2.96,0.06,2.96,40.73434,-111.87211,27.0,28.3,882.9,251.01,0.3
50940.0,1309.6,3.70,0.05,3.70,40.73434,-111.87211,27.1,29.3,882.9,99.39,0.2
51000.0,1309.4,3.57,0.05,3.57,40.73434,-111.87211,27.1,29.5,882.9,118.99,0.7
51060.0,1309.2,3.34,0.05,3.34,40.73434,-111.87211,27.2,29.0,882.9,143.64,1.3
51120.0,1309.2,3.47,0.06,3.47,40.73434,-111.87211,27.4,27.1,882.9,182.35,1.1
51180.0,1309.4,4.12,0.06,4.12,40.73434,-111.87211,27.6,27.2,882.9,178.22,1.3
51240.0,1310.0,4.79,0.07,4.79,40.73434,-111.87211,27.7,27.3,883.0,125.72,0.6
51300.0,1310.6,4.49,0.07,4.49,40.73434,-111.87212,27.7,28.7,883.0,120.19,0.0
51360.0,1310.7,4.44,0.06,4.44,40.73434,-111.87212,27.9,27.2,883.0,179.21,0.5
51420.0,1310.4,3.52,0.05,3.52,40.73434,-111.87212,28.0,26.0,883.0,173.30,1.4
51480.0,1310.6,3.91,0.05,3.91,40.73434,-111.87211,28.1,26.1,883.0,139.30,0.3
51540.0,1310.7,3.75,0.06,3.75,40.73434,-111.87211,28.2,26.2,883.0,159.78,0.6
51600.0,1310.9,3.91,0.06,3.91,40.73434,-111.87211,28.3,25.9,883.0,145.68,0.9
51660.0,1312.2,4.48,0.06,4.48,40.73434,-111.87211,28.4,26.0,882.9,149.35,1.0
51720.0,1312.0,4.58,0.06,4.58,40.73434,-111.87211,28.6,26.0,882.9,169.76,0.9
51780.0,1311.7,4.04,0.05,4.04,40.73434,-111.87211,28.8,25.0,882.9,166.26,0.9
51840.0,1311.6,3.73,0.06,3.73,40.73434,-111.87211,29.0,25.3,882.9,167.61,1.1
51900.0,1311.2,3.15,0.06,3.15,40.73434,-111.87211,29.1,25.3,883.0,171.50,1.2
51960.0,1311.3,2.45,0.06,2.45,40.73434,-111.87211,29.3,25.7,883.0,164.53,1.0
52020.0,1311.0,2.53,0.07,2.53,40.73434,-111.87211,29.4,26.0,883.0,167.16,0.5
52080.0,1311.0,2.58,0.06,2.58,40.73434,-111.87211,29.6,25.9,883.0,201.74,0.5
52140.0,1310.9,3.17,0.06,3.17,40.73434,-111.87211,29.7,25.9,883.0,217.69,0.6
52200.0,1310.9,3.47,0.06,3.47,40.73434,-111.87211,29.8,26.2,883.0,165.67,0.7
52260.0,1310.8,3.03,0.07,3.03,40.73434,-111.87211,29.7,27.3,883.0,115.54,0.4
52320.0,1310.7,3.10,0.07,3.10,40.73434,-111.87211,29.7,26.8,883.0,146.32,0.6
52380.0,1310.5,3.10,0.06,3.10,40.73434,-111.87211,29.7,26.1,883.0,171.68,0.3
52440.0,1310.3,2.96,0.05,2.96,40.73434,-111.87211,29.8,25.6,883.0,235.23,0.3
52500.0,1310.5,2.71,0.05,2.71,40.73434,-111.87211,29.9,25.7,883.0,230.99,0.2
52560.0,1310.3,3.32,0.05,3.32,40.73434,-111.87211,29.8,25.7,883.0,56.46,0.2
52620.0,1310.2,3.14,0.05,3.14,40.73434,-111.87211,29.7,25.5,883.0,94.86,0.4
52680.0,1310.0,2.94,0.05,2.94,40.73434,-111.87211,29.6,25.9,883.0,118.17,0.6
52740.0,1309.7,2.62,0.06,2.62,40.73434,-111.87211,29.6,25.4,883.0,116.01,0.1
52800.0,1309.7,2.70,0.06,2.70,40.73434,-111.87211,29.7,24.8,883.0,159.11,0.1
52860.0,1309.7,3.32,0.06,3.32,40.73434,-111.87211,29.6,25.3,883.0,70.14,0.2
52920.0,1309.7,3.29,0.05,3.29,40.73433,-111.87211,29.7,25.2,883.1,98.02,0.3
52980.0,1309.6,2.94,0.05,2.94,40.73433,-111.87211,29.7,25.2,883.1,120.28,0.9
53040.0,1309.5,3.44,0.06,3.44,40.73434,-111.87211,29.8,23.6,883.1,128.65,0.8
53100.0,1309.6,3.23,0.05,3.23,40.73434,-111.87211,29.9,24.6,883.1,109.77,0.5
53160.0,1309.6,3.06,0.05,3.06,40.73434,-111.87211,30.0,24.5,883.1,224.19,0.1
53220.0,1309.6,3.33,0.06,3.33,40.73434,-111.87211,30.1,24.2,883.0,243.61,0.3
53280.0,1309.5,3.27,0.05,3.27,40.73434,-111.87211,30.2,24.2,883.0,190.89,0.2
53340.0,1309.5,3.43,0.06,3.43,40.73434,-111.87211,30.2,24.0,883.0,132.24,0.1
53400.0,1309.5,2.95,0.05,2.95,40.73434,-111.87211,30.3,23.8,883.1,110.38,0.2
53460.0,1309.4,2.79,0.05,2.79,40.73434,-111.87211,30.4,24.3,883.1,119.11,0.7
53520.0,1309.3,2.39,0.06,2.39,40.73434,-111.87211,30.4,23.8,883.1,125.77,0.9
53580.0,1309.3,2.34,0.06,2.34,40.73434,-111.87211,30.6,23.3,883.1,131.12,0.8
53640.0,1309.2,2.31,0.05,2.31,40.73434,-111.87211,30.7,23.9,883.1,96.78,0.4
53700.0,1309.2,3.08,0.06,3.08,40.73434,-111.87211,30.7,23.5,883.1,95.51,0.3
53760.0,1309.3,3.03,0.05,3.03,40.73434,-111.87211,30.8,23.6,883.1,122.11,0.7
53820.0,1309.4,2.93,0.05,2.93,40.73434,-111.87211,30.9,22.6,883.1,164.19,1.0
53880.0,1309.4,2.81,0.06,2.81,40.73434,-111.87211,31.1,22.0,883.1,155.24,0.8
53940.0,1309.5,2.58,0.06,2.58,40.73434,-111.87211,31.2,22.2,883.1,135.85,0.8
54000.0,1309.7,2.90,0.05,2.90,40.73434,-111.87211,31.4,22.0,883.1,148.15,1.1
54060.0,1309.4,3.06,0.05,3.06,40.73434,-111.87211,31.6,22.0,883.1,163.65,1.1
54120.0,1309.4,2.99,0.06,2.99,40.73434,-111.87211,31.8,21.7,883.1,173.04,1.2
54180.0,1309.4,2.80,0.05,2.80,40.73434,-111.87211,31.9,21.9,883.1,153.85,0.9
54240.0,1309.5,3.07,0.05,3.07,40.73434,-111.87211,31.9,21.8,883.1,170.34,1.3
54300.0,1309.4,3.18,0.05,3.18,40.73434,-111.87211,32.0,21.8,883.1,175.56,1.1
54360.0,1309.5,3.50,0.05,3.50,40.73434,-111.87211,32.1,22.0,883.1,164.77,1.4
54420.0,1309.5,3.65,0.05,3.65,40.73434,-111.87211,32.1,22.0,883.1,168.44,1.0
54480.0,1309.4,3.57,0.06,3.57,40.73434,-111.87211,32.2,21.8,883.1,157.85,0.8
54540.0,1309.4,3.15,0.05,3.15,40.73434,-111.87211,32.2,21.7,883.1,163.02,1.2
54600.0,1309.2,2.75,0.05,2.75,40.73434,-111.87211,32.2,21.5,883.1,157.96,1.5
54660.0,1309.4,2.90,0.04,2.90,40.73434,-111.87211,32.3,21.1,883.1,164.81,1.4
54720.0,1309.5,2.58,0.05,2.58,40.73434,-111.87211,32.3,21.4,883.2,180.20,1.3
54780.0,1309.5,2.82,0.06,2.82,40.73434,-111.87211,32.3,21.9,883.3,181.34,1.2
54840.0,1309.6,2.99,0.05,2.99,40.73434,-111.87211,32.3,22.2,883.2,161.56,1.4
54900.0,1309.6,3.67,0.04,3.67,40.73434,-111.87211,32.4,22.3,883.1,160.89,1.3
54960.0,1309.5,3.23,0.04,3.23,40.73434,-111.87211,32.3,22.7,883.1,171.93,1.7
55020.0,1309.6,3.36,0.04,3.36,40.73434,-111.87211,32.4,22.5,883.1,181.38,0.9
55080.0,1309.6,3.47,0.05,3.47,40.73434,-111.87211,32.4,22.1,883.0,150.46,0.8
55140.0,1309.5,3.21,0.05,3.21,40.73434,-111.87211,32.5,21.8,882.9,156.44,1.4
55200.0,1309.4,3.11,0.05,3.11,40.73434,-111.87211,32.4,21.4,882.9,167.64,2.1
55260.0,1309.3,2.47,0.05,2.47,40.73434,-111.87211,32.4,21.8,883.0,158.02,1.4
55320.0,1309.3,1.79,0.04,1.79,40.73434,-111.87211,32.4,22.9,883.0,151.36,1.3
55380.0,1309.3,2.31,0.04,2.31,40.73434,-111.87211,32.3,23.3,883.0,134.35,1.3
55440.0,1309.2,2.30,0.05,2.30,40.73434,-111.87211,32.4,23.4,882.9,148.56,1.1
55500.0,1309.3,2.45,0.04,2.45,40.73434,-111.87211,32.5,23.1,882.9,162.39,0.9
55560.0,1309.2,2.40,0.04,2.40,40.73434,-111.87211,32.5,22.9,882.9,156.11,0.6
55620.0,1309.1,2.13,0.04,2.13,40.73434,-111.87211,32.6,22.3,883.3,172.51,0.9
55680.0,1308.9,2.45,0.05,2.45,40.73434,-111.87211,32.7,22.0,883.0,157.73,0.8
55740.0,1308.9,2.45,0.04,2.45,40.73434,-111.87211,32.7,21.7,883.1,163.91,1.0
55800.0,1308.9,2.55,0.05,2.55,40.73434,-111.87211,32.8,20.9,883.0,174.04,1.1
55860.0,1308.9,2.49,0.05,2.49,40.73434,-111.87211,32.9,20.6,883.2,177.68,1.2
55920.0,1308.8,2.54,0.05,2.54,40.73434,-111.87211,32.9,20.7,883.5,186.39,1.2
55980.0,1308.8,2.68,0.04,2.68,40.73434,-111.87211,33.0,20.6,883.4,162.23,1.0
56040.0,1308.7,2.93,0.04,2.93,40.73434,-111.87211,33.0,20.8,883.3,128.01,1.2
56100.0,1308.8,3.11,0.05,3.11,40.73434,-111.87211,32.8,22.8,883.4,138.71,1.5
56160.0,1308.8,3.40,0.05,3.40,40.73434,-111.87211,32.9,20.6,883.5,171.53,1.5
56220.0,1308.7,3.61,0.04,3.61,40.73434,-111.87211,32.9,20.7,883.5,164.31,1.0
56280.0,1309.5,357.51,0.05,2.80,40.73434,-111.87211,33.0,20.6,883.5,144.53,0.8
56340.0,1309.7,2.55,0.05,2.55,40.73434,-111.87211,33.0,20.5,883.6,152.14,0.6
56400.0,1307.7,2.90,0.05,2.90,40.73435,-111.87211,33.1,20.6,883.6,129.55,0.8
56460.0,1307.8,2.98,0.04,2.98,40.73435,-111.87211,33.0,20.5,883.5,37.63,0.1
56520.0,1308.0,2.90,0.05,2.90,40.73435,-111.87211,32.8,20.4,883.5,5.12,0.2
56580.0,1308.2,3.03,0.04,3.03,40.73435,-111.87211,32.6,19.7,883.5,33.05,0.3
56640.0,1308.3,3.28,0.04,3.28,40.73435,-111.87211,32.5,19.6,883.5,96.39,0.5
56700.0,1308.2,3.33,0.05,3.33,40.73434,-111.87211,32.4,20.1,883.5,109.46,0.6
56760.0,1308.5,2.99,0.05,2.99,40.73434,-111.87211,32.5,19.2,883.6,132.78,0.6
56820.0,1308.3,2.99,0.04,2.99,40.73434,-111.87211,32.6,19.0,883.6,124.91,0.9
56880.0,1308.1,2.59,0.05,2.59,40.73434,-111.87211,32.6,19.1,883.6,85.83,0.3
56940.0,1308.0,2.47,0.04,2.47,40.73434,-111.87211,32.6,19.4,883.6,82.94,0.5
57000.0,1308.1,2.33,0.05,2.33,40.73434,-111.87211,32.7,18.9,883.5,125.32,0.9
57060.0,1308.3,2.39,0.05,2.39,40.73434,-111.87211,32.6,18.9,883.1,98.83,0.4
57120.0,1308.3,2.69,0.04,2.69,40.73434,-111.87211,32.6,18.7,883.1,96.55,0.2
57180.0,1308.2,2.70,0.05,2.70,40.73434,-111.87211,32.8,18.5,883.4,156.78,0.6
57240.0,1308.2,2.76,0.04,2.76,40.73434,-111.87211,33.0,18.3,883.6,156.15,0.8
57300.0,1308.3,2.66,0.04,2.66,40.73434,-111.87211,33.2,18.6,883.5,155.47,0.5
57360.0,1308.3,2.27,0.04,2.27,40.73434,-111.87211,33.4,18.7,883.4,152.60,0.8
57420.0,1308.4,2.27,0.05,2.27,40.73434,-111.87211,33.5,17.9,883.4,137.94,1.3
57480.0,1308.5,2.26,0.05,2.26,40.73434,-111.87211,33.4,19.2,883.3,118.96,1.2
57540.0,1308.5,2.44,0.05,2.44,40.73434,-111.87211,33.4,19.8,883.3,117.98,1.0
57600.0,1308.5,2.25,0.04,2.25,40.73434,-111.87211,33.6,19.2,883.3,155.59,1.2
57660.0,1308.7,2.50,0.04,2.50,40.73434,-111.87211,33.7,18.7,883.3,169.91,1.1
57720.0,1308.5,2.48,0.04,2.48,40.73434,-111.87211,33.9,19.4,883.3,145.47,0.6
57780.0,1308.4,2.49,0.05,2.49,40.73434,-111.87210,34.0,19.7,883.3,129.77,0.7
57840.0,1308.5,2.67,0.04,2.67,40.73434,-111.87210,34.0,19.7,883.3,113.74,0.6
57900.0,1308.4,2.60,0.04,2.60,40.73434,-111.87210,34.0,20.2,883.3,113.76,0.9
57960.0,1308.3,2.66,0.05,2.66,40.73434,-111.87210,33.9,20.0,883.3,101.04,0.4
58020.0,1308.5,2.51,0.04,2.51,40.73434,-111.87210,33.9,19.5,883.3,147.38,1.0
58080.0,1308.5,2.62,0.04,2.62,40.73434,-111.87210,33.9,18.9,883.3,155.81,2.0
58140.0,1308.4,2.40,0.04,2.40,40.73434,-111.87210,34.0,18.7,883.3,163.99,1.4
58200.0,1308.3,2.34,0.05,2.34,40.73434,-111.87210,34.2,18.4,883.3,176.86,1.5
58260.0,1308.3,2.81,0.05,2.81,40.73434,-111.87210,34.3,18.5,883.3,159.36,1.1
58320.0,1308.2,2.78,0.04,2.78,40.73434,-111.87210,34.4,18.7,883.3,130.21,0.9
58380.0,1308.2,2.95,0.04,2.95,40.73434,-111.87210,34.4,18.3,883.3,83.12,0.4
58440.0,1308.2,3.23,0.04,3.23,40.73434,-111.87210,34.3,18.2,883.3,105.08,0.6
58500.0,1308.1,3.46,0.04,3.46,40.73434,-111.87210,34.2,18.7,883.4,121.30,0.8
58560.0,1308.1,3.68,0.05,3.68,40.73434,-111.87210,34.0,18.7,883.4,32.45,0.2
58620.0,1308.1,3.53,0.05,3.53,40.73434,-111.87210,34.0,19.1,883.3,110.81,0.9
58680.0,1308.0,3.93,0.04,3.93,40.73434,-111.87210,33.9,19.5,883.3,96.44,0.6
58740.0,1307.9,4.02,0.04,4.02,40.73434,-111.87210,33.9,19.5,883.3,80.26,0.4
58800.0,1308.0,3.49,0.04,3.49,40.73434,-111.87210,33.9,18.9,883.3,111.91,0.7
58860.0,1308.0,3.14,0.04,3.14,40.73434,-111.87210,34.1,18.6,883.3,134.91,0.6
58920.0,1308.1,3.22,0.04,3.22,40.73434,-111.87210,34.2,18.8,883.3,101.78,0.8
58980.0,1308.1,3.08,0.04,3.08,40.73434,-111.87210,34.1,19.0,883.3,87.43,0.5
59040.0,1308.1,2.93,0.06,2.93,40.73434,-111.87210,34.2,18.7,883.3,94.10,0.5
59100.0,1308.1,3.03,0.05,3.03,40.73434,-111.87210,34.3,18.1,883.3,116.31,0.8
59160.0,1308.1,3.15,0.05,3.15,40.73434,-111.87210,34.3,19.0,883.3,119.90,1.0
59220.0,1308.2,3.62,0.05,3.62,40.73434,-111.87210,34.5,18.0,883.2,133.02,0.9
59280.0,1308.3,3.84,0.05,3.84,40.73434,-111.87210,34.7,17.4,883.2,144.17,1.1
59340.0,1308.2,3.63,0.04,3.63,40.73434,-111.87210,34.8,17.4,883.2,175.00,1.2
59400.0,1308.1,3.91,0.05,3.91,40.73434,-111.87210,35.0,17.6,883.2,163.99,1.1
59460.0,1308.0,3.33,0.04,3.33,40.73434,-111.87211,35.2,17.8,883.2,149.32,0.9
59520.0,1308.0,2.93,0.05,2.93,40.73434,-111.87211,35.3,17.8,883.2,143.91,1.1
59580.0,1308.1,2.71,0.05,2.71,40.73434,-111.87211,35.2,18.1,883.2,91.99,0.4
59640.0,1308.1,2.78,0.05,2.78,40.73434,-111.87211,35.1,18.1,883.2,101.48,0.6
59700.0,1307.9,3.35,0.04,3.35,40.73434,-111.87211,35.1,18.7,883.2,129.69,1.2
59760.0,1307.7,2.83,0.05,2.83,40.73434,-111.87211,35.1,18.3,883.2,134.41,1.3
59820.0,1308.1,2.92,0.05,2.92,40.73434,-111.87210,35.3,17.7,883.2,139.82,0.9
59880.0,1308.4,3.00,0.05,3.00,40.73434,-111.87210,35.5,17.2,883.2,140.34,0.7
59940.0,1308.4,3.01,0.04,3.01,40.73434,-111.87210,35.6,17.9,883.2,110.67,0.8
60000.0,1308.3,2.85,0.05,2.85,40.73434,-111.87210,35.6,18.4,883.2,90.74,0.5
60060.0,1308.1,2.91,0.05,2.91,40.73434,-111.87210,35.5,17.6,883.2,105.14,0.6
60120.0,1308.0,3.03,0.05,3.03,40.73434,-111.87210,35.3,18.0,883.1,73.45,0.5
60180.0,1308.4,2.89,0.04,2.89,40.73434,-111.87210,35.4,18.4,883.1,112.21,0.9
60240.0,1308.4,2.77,0.04,2.77,40.73434,-111.87210,35.4,17.6,883.1,127.38,0.4
60300.0,1308.3,2.34,0.05,2.34,40.73434,-111.87210,35.6,16.5,883.1,168.81,1.1
60360.0,1308.1,2.32,0.04,2.32,40.73434,-111.87210,35.8,16.6,883.1,169.82,0.9
60420.0,1308.3,2.16,0.04,2.16,40.73434,-111.87210,35.9,16.8,883.1,174.72,1.4
60480.0,1308.5,2.49,0.04,2.49,40.73434,-111.87210,36.0,16.9,883.1,168.72,1.5
60540.0,1308.3,2.07,0.04,2.07,40.73434,-111.87210,36.0,17.2,883.0,169.53,1.0
60600.0,1308.3,1.92,0.04,1.92,40.73434,-111.87210,36.1,17.3,883.0,160.35,1.9
60660.0,1307.7,1.84,0.05,1.84,40.73433,-111.87210,36.1,17.4,883.0,177.33,1.6
60720.0,1307.4,2.15,0.05,2.15,40.73433,-111.87210,36.1,17.7,883.0,159.24,1.4
60780.0,1307.5,2.33,0.05,2.33,40.73433,-111.87210,36.2,17.9,883.0,157.97,1.4
60840.0,1307.8,2.14,0.05,2.14,40.73433,-111.87210,36.2,18.1,883.0,166.35,1.5
60900.0,1307.7,2.23,0.06,2.23,40.73433,-111.87210,36.0,18.2,883.0,151.74,2.3
60960.0,1307.8,2.34,0.05,2.34,40.73433,-111.87210,36.0,18.1,883.0,155.13,2.4
61020.0,1307.8,2.30,0.05,2.30,40.73433,-111.87210,35.9,18.7,883.0,150.09,2.1
61080.0,1307.8,2.48,0.05,2.48,40.73433,-111.87210,35.9,18.4,883.0,152.43,1.0
61140.0,1307.9,2.53,0.05,2.53,40.73433,-111.87210,35.9,18.7,883.0,123.46,1.2
61200.0,1307.8,2.68,0.05,2.68,40.73433,-111.87210,36.0,18.0,883.0,139.59,0.9
61260.0,1307.8,2.65,0.05,2.65,40.73433,-111.87210,36.0,17.3,883.0,129.45,0.8
61320.0,1307.9,2.21,0.04,2.21,40.73434,-111.87210,36.1,16.4,883.0,127.92,0.7
61380.0,1308.0,2.49,0.04,2.49,40.73434,-111.87210,36.1,16.4,883.0,134.30,1.0
61440.0,1307.9,2.44,0.05,2.44,40.73434,-111.87210,36.2,16.0,883.0,139.06,0.8
61500.0,1307.9,2.28,0.04,2.28,40.73434,-111.87210,36.4,15.8,883.0,121.89,0.9
61560.0,1307.9,2.41,0.04,2.41,40.73434,-111.87210,36.3,16.0,883.0,123.70,1.4
61620.0,1307.9,2.18,0.05,2.18,40.73434,-111.87210,36.4,15.5,883.0,148.22,1.6
61680.0,1308.0,1.97,0.05,1.97,40.73434,-111.87210,36.4,15.6,883.0,145.33,1.5
61740.0,1308.0,2.00,0.05,2.00,40.73434,-111.87210,36.4,17.2,883.0,121.31,1.6
61800.0,1308.1,2.02,0.04,2.02,40.73434,-111.87210,36.5,16.7,883.0,126.06,1.2
61860.0,1308.1,2.18,0.04,2.18,40.73434,-111.87210,36.5,17.1,883.0,112.12,0.7
61920.0,1308.1,2.08,0.05,2.08,40.73434,-111.87210,36.4,17.5,883.0,109.77,0.9
61980.0,1308.2,2.57,0.05,2.57,40.73434,-111.87210,36.6,15.8,883.0,168.11,0.6
62040.0,1308.3,2.58,0.05,2.58,40.73434,-111.87211,36.7,15.7,883.0,119.77,0.4
62100.0,1308.4,2.46,0.05,2.46,40.73434,-111.87210,36.7,16.5,883.0,96.38,0.6
62160.0,1308.4,2.24,0.05,2.24,40.73434,-111.87210,36.7,16.2,883.0,98.82,0.5
