CampaignData_and_Merges/R0/CSL_MobileLab_Parked/raw/20240802/USOS-NOAAIodideCIMS-OrgNitrs_MobileLabGround_20240802_RA.ict
37, 1001
Michael A Robinson, Chris Jernigan, Subi Thakali
NOAA ESRL Chemical Sciences Laboratory and CIRES, U. of Colorado
NOAA Iodide CIMS Instrument
USOS
1, 1
2024, 08, 02, 2024, 08, 03
1
starttime_UTC, seconds_past_midnight, seconds_of_day_since_00:00:00_UTC
5
1, 1, 1, 1, 1
-9999, -9999, -9999, -9999, -9999
C4H7NO5_NOAACIMS, pptv, Gas_C4H7NO5_InSitu_S_AVMR, 
ISOPN_NOAACIMS, pptv, Gas_ISOPN_InSitu_S_AVMR, 
C5H10O3_NOAACIMS, pptv, Gas_C5H10O3_InSitu_S_AVMR, 
C5H9NO5_NOAACIMS, pptv, Gas_C5H9NO5_InSitu_S_AVMR, 
C10H17NO4_NOAACIMS, pptv, Gas_C10H17NO4_InSitu_S_AVMR, 
0
18
PI_CONTACT_INFO: 325 Broadway, R/CSD 7, Boulder, Colorado 80305; michael.a.robinson@noaa.gov; chris.jernigan@noaa.gov;
PLATFORM: NOAA CSL Mobile Lab
LOCATION: SLC, Utah
ASSOCIATED_DATA: 1Hz data also available on request.
INSTRUMENT_INFO: NOAA I- ToF CIMS
DATA_INFO: All data in parts per trillion by volume (pptv). 1 Hz data is available upon request.
UNCERTAINTY: TBD
ULOD_FLAG: -7777
ULOD_VALUE: N/A
LLOD_FLAG: -8888
LLOD_VALUE: N/A
DM_CONTACT_INFO: Nathan Howard; nathan.h.howard@noaa.gov
PROJECT_INFO: USOS, summer 2024. https://csl.noaa.gov/groups/csl7/measurements/2024usos/
STIPULATIONS_ON_USE: Users are strongly encouraged to contact the PI for proper data usage.
OTHER_COMMENTS: 
REVISION: RA
RA: Preliminary Data; For in-field use only
starttime_UTC, C4H7NO5_NOAACIMS, ISOPN_NOAACIMS, C5H10O3_NOAACIMS, C5H9NO5_NOAACIMS, C10H17NO4_NOAACIMS
[from data line 987]
 59220, -9999.000, -9999.000, -9999.000, -9999.000, -9999.000
 59280, -9999.000, -9999.000, -9999.000, -9999.000, -9999.000
 59340, -9999.000, -9999.000, -9999.000, -9999.000, -9999.000
 59400, -9999.000, -9999.000, -9999.000, -9999.000, -9999.000
 59460, -9999.000, -9999.000, -9999.000, -9999.000, -9999.000
 59520, -9999.000, -9999.000, -9999.000, -9999.000, -9999.000
 59580, -9999.000, -9999.000, -9999.000, -9999.000, -9999.000
 59640, -9999.000, -9999.000, -9999.000, -9999.000, -9999.000
 59700, -9999.000, -9999.000, -9999.000, -9999.000, -9999.000
 59760, -9999.000, -9999.000, -9999.000, -9999.000, -9999.000
 59820, -9999.000, -9999.000, -9999.000, -9999.000, -9999.000
 59880, -9999.000, -9999.000, -9999.000, -9999.000, -9999.000
 59940, -9999.000, -9999.000, -9999.000, -9999.000, -9999.000
 60000, -9999.000, -9999.000, -9999.000, -9999.000, -9999.000
 60060, -9999.000, -9999.000, -9999.000, -9999.000, -9999.000
 60120, -9999.000, -9999.000, -9999.000, -9999.000, -9999.000
 60180, -9999.000, -9999.000, -9999.000, -9999.000, -9999.000
 60240, -9999.000, -9999.000, -9999.000, -9999.000, -9999.000
 60300, -9999.000, -9999.000, -9999.000, -9999.000, -9999.000
 60360, -9999.000, -9999.000, -9999.000, -9999.000, -9999.000
 60420, -9999.000, -9999.000, -9999.000, -9999.000, -9999.000
 60480, -9999.000, -9999.000, -9999.000, -9999.000, -9999.000
 60540, -9999.000, -9999.000, -9999.000, -9999.000, -9999.000
 60600, -9999.000, -9999.000, -9999.000, -9999.000, -9999.000
 60660, -9999.000, -9999.000, -9999.000, -9999.000, -9999.000
 60720, -9999.000, -9999.000, -9999.000, -9999.000, -9999.000
 60780, -9999.000, -9999.000, -9999.000, -9999.000, -9999.000
 60840, -9999.000, -9999.000, -9999.000, -9999.000, -9999.000
 60900, -9999.000, -9999.000, -9999.000, -9999.000, -9999.000
 60960, -9999.000, -9999.000, -9999.000, -9999.000, -9999.000
 61020, -9999.000, -9999.000, -9999.000, -9999.000, -9999.000
 61080, -9999.000, -9999.000, -9999.000, -9999.000, -9999.000
 61140, -9999.000, -9999.000, -9999.000, -9999.000, -9999.000
 61200, -9999.000, -9999.000, -9999.000, -9999.000, -9999.000
 61260, -9999.000, -9999.000, -9999.000, -9999.000, -9999.000
 61320, -9999.000, -9999.000, -9999.000, -9999.000, -9999.000
 61380, -9999.000, -9999.000, -9999.000, -9999.000, -9999.000
 61440, -9999.000, -9999.000, -9999.000, -9999.000, -9999.000
 61500, -9999.000, -9999.000, -9999.000, -9999.000, -9999.000
 61560, -9999.000, -9999.000, -9999.000, -9999.000, -9999.000
 61620, -9999.000, -9999.000, -9999.000, -9999.000, -9999.000
 61680, 18.963, 33.899, 45.640, 17.555,  1.811
 61740, 18.848, 34.193, 47.602, 16.894,  1.879
 61800, 19.461, 34.370, 48.577, 16.920,  1.878
 61860, -9999.000, -9999.000, -9999.000, -9999.000, -9999.000
 61920, 18.075, 30.773, 35.648, 17.091,  1.461
 61980, 18.975, 33.766, 40.542, 17.168,  1.629
 62040, 19.682, 35.593, 43.710, 17.303,  1.664
 62100, 19.305, 35.064, 43.861, 16.749,  1.899
 62160, 19.272, 34.592, 43.422, 17.452,  1.722
 62220, 19.421, 34.121, 44.120, 17.401,  1.612
 62280, 19.649, 34.336, 45.804, 17.446,  1.705
 62340, 19.988, 34.750, 44.071, 17.665,  1.779
 62400, 20.885, 37.744, 47.838, 17.066,  1.903
 62460, 20.781, 37.837, 46.469, 16.986,  1.880
 62520, 21.215, 38.672, 47.360, 16.853,  1.950
 62580, 21.376, 37.817, 47.866, 16.985,  2.035
 62640, 21.328, 36.611, 47.707, 16.826,  1.831
 62700, 21.370, 37.433, 47.166, 16.871,  1.847
 62760, 21.374, 37.224, 48.362, 17.241,  2.005
 62820, 21.656, 37.622, 48.795, 17.004,  1.706
 62880, 21.570, 37.671, 50.459, 17.184,  1.653
 62940, 21.645, 37.747, 50.001, 17.376,  1.659
 63000, 21.797, 38.104, 51.781, 17.048,  1.597
 63060, 21.685, 38.995, 51.973, 17.159,  1.654
 63120, 22.083, 38.279, 53.184, 17.055,  1.627
 63180, 22.345, 38.973, 54.086, 17.655,  1.519
 63240, 22.566, 38.860, 56.053, 17.322,  1.598
 63300, 22.433, 38.699, 53.792, 16.933,  1.624
 63360, 22.946, 39.577, 52.943, 16.992,  1.532
 63420, 23.313, 40.200, 59.027, 16.667,  1.692
 63480, 23.194, 38.762, 56.711, 16.947,  1.499
 63540, 23.685, 38.520, 56.564, 17.639,  1.498
 63600, 24.270, 37.411, 55.193, 18.132,  1.540
 63660, 24.573, 37.604, 50.902, 18.398,  1.574
 63720, 24.467, 32.525, 45.456, 18.725,  1.846
 63780, 24.731, 35.192, 47.532, 18.792,  1.277
 63840, 24.804, 35.458, 45.875, 19.118,  1.113
 63900, 25.661, 37.963, 48.461, 19.734,  1.433
 63960, 25.920, 38.560, 49.096, 19.489,  1.475
 64020, 25.777, 38.357, 47.063, 19.811,  1.503
 64080, 25.671, 38.120, 47.562, 19.384,  1.487
 64140, 25.793, 37.168, 45.612, 19.400,  1.426
 64200, 25.700, 37.310, 45.910, 20.090,  1.625
 64260, 25.317, 31.750, 44.979, 20.210,  1.476
 64320, 25.287, 31.476, 44.359, 20.348,  1.551
 64380, 25.459, 30.984, 43.868, 20.183,  1.476
 64440, 25.641, 31.039, 45.592, 20.062,  1.558
 64500, 25.661, 29.685, 44.504, 19.594,  1.395
 64560, 25.231, 28.444, 41.761, 20.150,  1.332
 64620, 26.182, 30.923, 48.565, 20.089,  1.398
 64680, 27.090, 33.912, 48.855, 20.350,  1.348
 64740, 27.235, 35.185, 51.709, 20.599,  1.479
 64800, 26.528, 32.516, 50.276, 20.320,  1.267
 64860, 27.028, 35.253, 52.194, 20.492,  1.342
 64920, 26.809, 33.883, 52.346, 19.993,  1.409
 64980, 26.413, 31.998, 52.826, 20.040,  1.317
 65040, 25.565, 28.328, 51.005, 19.966,  1.285
 65100, 25.589, 29.797, 54.100, 19.222,  1.337
 65160, 26.351, 30.015, 49.526, 20.598,  1.280
 65220, 25.953, 29.245, 53.578, 20.352,  1.377
 65280, 26.267, 29.547, 52.598, 19.961,  0.867
 65340, 26.701, 30.258, 59.152, 19.805,  1.220
 65400, 25.787, 29.282, 59.702, 19.001,  1.361
 65460, 23.857, 26.513, 58.128, 18.531,  1.180
 65520, 22.678, 23.559, 56.994, 17.880,  1.355
 65580, 21.700, 23.750, 40.957, 17.880,  0.406
 65640, 22.288, 25.121, 45.781, 17.640,  1.063
 65700, 21.917, 24.891, 48.618, 17.535,  1.092
 65760, 19.904, 22.595, 48.783, 16.350,  1.017
 65820, 17.882, 18.593, 49.416, 15.221,  0.964
 65880, 17.716, 17.874, 49.114, 14.572,  0.826
 65940, 17.805, 18.419, 51.288, 14.938,  0.820
 66000, 17.285, 17.334, 53.967, 14.188,  0.903
 66060, 17.105, 17.066, 57.604, 13.546,  0.707
 66120, 17.323, 17.509, 55.127, 14.129,  0.802
 66180, 17.487, 17.095, 52.008, 14.462,  0.564
 66240, 17.479, 16.389, 49.123, 14.306,  0.844
 66300, 17.670, 17.432, 48.076, 15.105,  0.915
 66360, 17.855, 17.012, 47.065, 14.783,  0.801
 66420, 17.707, 17.778, 49.214, 14.934,  0.908
 66480, 17.060, 16.539, 53.219, 13.778,  0.784
 66540, 17.334, 17.365, 56.423, 13.501,  0.781
 66600, 17.592, 16.989, 56.211, 14.017,  0.684
 66660, 18.005, 18.736, 57.440, 14.074,  0.802
 66720, 18.081, 17.691, 55.525, 13.911,  0.738
 66780, 18.454, 19.043, 57.801, 14.351,  0.754
 66840, 18.393, 17.582, 57.686, 14.777,  0.796
 66900, 18.085, 17.486, 55.992, 14.315,  0.771
 66960, 18.642, 19.364, 55.342, 14.471,  0.859
 67020, 18.176, 17.742, 52.137, 14.529,  0.706
 67080, 17.961, 18.082, 52.370, 14.227,  0.573
 67140, 18.702, 20.019, 54.304, 14.347,  0.854
 67200, 18.828, 21.305, 58.702, 14.592,  0.805
 67260, 18.406, 20.212, 57.256, 14.520,  0.704
 67320, 18.201, 20.071, 55.477, 14.136,  0.733
 67380, 18.812, 21.153, 54.211, 13.865,  1.197
 67440, 18.745, 19.863, 44.576, 14.265,  0.554
 67500, 18.645, 19.723, 45.426, 14.743,  0.589
 67560, 18.622, 20.576, 46.970, 14.598,  0.661
 67620, 18.022, 20.267, 47.148, 13.945,  0.740
 67680, 16.562, 18.742, 48.512, 14.039,  0.746
 67740, 15.385, 17.352, 55.490, 12.441,  0.600
 67800, 14.711, 16.775, 53.084, 12.382,  0.616
 67860, 13.340, 13.740, 46.581, 11.702,  0.491
 67920, 13.009, 13.348, 41.712, 11.291,  0.508
 67980, 12.761, 12.580, 40.608, 11.113,  0.468
 68040, 12.813, 12.246, 37.704, 10.963,  0.396
 68100, 13.381, 13.631, 39.558, 11.544,  0.409
 68160, 13.564, 14.370, 41.622, 11.379,  0.438
 68220, 13.744, 14.223, 40.973, 11.459,  0.394
 68280, 13.637, 13.749, 36.873, 11.795,  0.536
 68340, 14.229, 15.268, 37.925, 11.888,  0.559
 68400, 13.886, 15.984, 34.635, 11.945,  0.525
 68460, 13.766, 15.990, 35.421, 11.563,  0.556
 68520, 12.636, 15.280, 39.328, 10.652,  0.542
 68580, 11.764, 13.048, 42.225,  9.867,  0.502
 68640, 11.634, 13.700, 52.015,  9.717,  0.591
 68700, 11.085, 14.315, 68.107,  9.224,  0.473
 68760, 10.809, 14.805, 77.147,  8.781,  0.689
 68820, 11.062, 15.217, 84.698,  8.453,  0.502
 68880, 10.901, 13.750, 89.349,  8.739,  0.532
 68940, 10.783, 14.478, 103.809,  8.662,  0.720
 69000, 10.578, 14.791, 112.710,  8.308,  0.557
 69060, 10.082, 13.559, 123.355,  7.616,  0.609
 69120,  9.829, 13.713, 130.267,  7.630,  0.451
 69180, 10.104, 14.664, 139.901,  7.852,  0.613
 69240, -9999.000, -9999.000, -9999.000, -9999.000, -9999.000
 69300,  9.623, 13.845, 119.446,  7.758,  0.181
 69360,  9.157, 13.667, 135.969,  7.092,  0.498
 69420,  9.064, 13.412, 147.767,  7.234,  0.400
 69480,  9.008, 12.867, 151.862,  6.844,  0.524
 69540,  9.303, 12.768, 149.284,  6.901,  0.437
 69600,  9.675, 13.188, 141.372,  6.699,  0.528
 69660,  9.608, 13.599, 137.717,  6.751,  0.417
 69720,  9.688, 13.680, 144.919,  6.881,  0.435
 69780, 10.389, 14.563, 138.736,  6.903,  0.579
 69840, 10.743, 15.257, 138.976,  7.280,  0.411
 69900, 10.582, 15.081, 148.186,  7.319,  0.463
 69960, 10.592, 15.035, 157.666,  7.053,  0.560
 70020, 10.749, 15.174, 149.754,  7.255,  0.497
 70080, 11.044, 16.265, 141.794,  7.382,  0.546
 70140, 11.310, 17.015, 140.219,  7.902,  0.562
 70200, 11.030, 16.023, 146.584,  7.678,  0.490
 70260, 11.320, 16.226, 151.810,  7.473,  0.500
 70320, 11.600, 15.571, 150.592,  7.474,  0.537
 70380, 11.726, 16.571, 153.985,  7.920,  0.421
 70440, 11.446, 16.625, 155.629,  7.351,  0.382
 70500, 11.114, 16.402, 161.653,  7.419,  0.523
 70560, 11.127, 17.115, 157.731,  7.383,  0.621
 70620, 11.384, 17.800, 165.537,  7.486,  0.464
 70680, 10.953, 18.537, 174.149,  7.281,  0.511
 70740, 11.170, 17.229, 177.864,  7.277,  0.472
 70800, 11.176, 16.971, 169.788,  7.007,  0.569
 70860, 12.065, 18.509, 171.307,  7.774,  0.533
 70920, 12.928, 18.877, 160.688,  8.192,  0.517
 70980, 13.890, 19.642, 150.869,  8.104,  0.560
 71040, 14.370, 19.870, 148.056,  8.393,  0.596
 71100, -9999.000, -9999.000, -9999.000, -9999.000, -9999.000
 71160, 15.637, 20.340, 117.378,  9.786,  0.525
 71220, 16.568, 21.529, 116.545,  9.931,  0.399
 71280, 16.267, 21.180, 120.010,  9.983,  0.517
 71340, 16.038, 20.739, 134.640,  9.171,  0.461
 71400, 15.374, 20.793, 147.043,  8.870,  0.535
 71460, 14.803, 19.383, 163.863,  8.161,  0.455
 71520, 15.356, 19.708, 163.240,  8.374,  0.589
 71580, 16.025, 20.625, 165.274,  7.921,  0.469
 71640, 15.701, 19.646, 167.507,  8.210,  0.419
 71700, 15.038, 19.167, 167.612,  8.034,  0.516
 71760, 13.757, 18.377, 162.299,  7.625,  0.400
 71820, 13.059, 17.766, 173.747,  7.257,  0.525
 71880, 14.057, 18.042, 161.541,  7.317,  0.473
 71940, 13.541, 17.699, 152.798,  7.419,  0.420
 72000, 13.963, 17.541, 152.622,  7.516,  0.615
 72060, 14.893, 18.033, 138.239,  7.955,  0.553
 72120, 15.255, 18.398, 132.986,  8.080,  0.549
 72180, 15.924, 19.754, 129.152,  8.199,  0.547
 72240, 15.563, 19.313, 123.259,  7.944,  0.511
 72300, 15.132, 18.497, 120.996,  7.834,  0.514
 72360, 14.834, 18.094, 120.785,  7.652,  0.572
 72420, 15.601, 18.583, 115.981,  7.745,  0.530
 72480, 15.840, 19.345, 112.389,  7.980,  0.614
 72540, 16.821, 19.023, 105.596,  8.362,  0.550
 72600, 17.149, 19.248, 104.932,  8.701,  0.533
 72660, 16.683, 17.898, 105.344,  8.293,  0.603
 72720, 16.636, 19.560, 106.974,  8.082,  0.668
 72780, 15.848, 19.295, 111.683,  7.839,  0.458
 72840, 16.941, 18.997, 110.372,  8.147,  0.441
 72900, 17.673, 19.398, 109.581,  8.208,  0.462
 72960, -9999.000, -9999.000, -9999.000, -9999.000, -9999.000
 73020, 17.422, 22.231, 99.477,  8.467,  0.317
 73080, 18.454, 22.557, 109.932,  8.382,  0.488
 73140, 17.567, 22.990, 116.802,  8.343,  0.425
 73200, 17.310, 22.615, 117.013,  8.249,  0.361
 73260, 17.014, 22.363, 116.784,  7.658,  0.462
 73320, 16.696, 21.082, 117.026,  7.922,  0.381
 73380, 16.065, 20.801, 115.783,  7.928,  0.458
 73440, 16.071, 21.281, 121.215,  7.313,  0.421
 73500, 15.635, 21.392, 123.153,  7.206,  0.319
 73560, 15.588, 21.421, 127.919,  7.494,  0.558
 73620, 15.435, 21.481, 135.917,  7.208,  0.427
 73680, 15.004, 20.090, 139.711,  6.853,  0.460
 73740, 15.070, 20.917, 137.857,  6.675,  0.540
 73800, 14.984, 20.722, 138.727,  6.992,  0.478
 73860, 14.799, 20.320, 133.408,  7.405,  0.495
 73920, 14.766, 20.474, 136.656,  7.530,  0.373
 73980, 14.273, 20.421, 142.692,  7.236,  0.420
 74040, 13.997, 20.523, 138.637,  7.001,  0.420
 74100, 14.037, 19.694, 133.495,  7.233,  0.335
 74160, 13.798, 19.596, 126.103,  7.088,  0.514
 74220, 14.050, 20.139, 123.813,  6.856,  0.550
 74280, 13.780, 20.866, 124.821,  6.847,  0.492
 74340, 13.201, 20.360, 125.946,  6.927,  0.534
 74400, 12.795, 18.286, 131.873,  6.733,  0.463
 74460, 12.477, 18.268, 133.910,  6.174,  0.505
 74520, 12.189, 17.016, 132.966,  6.147,  0.380
 74580, 11.860, 18.147, 135.682,  5.809,  0.424
 74640, 11.722, 17.644, 133.604,  6.364,  0.398
 74700, 11.446, 16.414, 125.714,  5.966,  0.497
 74760, 11.303, 15.974, 121.401,  5.662,  0.534
 74820, 11.335, 15.847, 113.377,  6.659,  0.510
 74880, 11.228, 17.147, 120.238,  6.400,  0.471
 74940, 11.249, 17.479, 130.449,  6.264,  0.255
 75000, 11.208, 17.363, 130.457,  5.945,  0.419
 75060, 11.465, 17.437, 131.358,  6.227,  0.346
 75120, 11.715, 17.263, 136.693,  5.911,  0.430
 75180, 11.507, 16.137, 135.971,  6.069,  0.415
 75240, 11.538, 16.906, 133.037,  5.883,  0.481
 75300, 12.393, 19.337, 140.329,  6.598,  0.404
 75360, 12.283, 20.354, 143.906,  6.227,  0.411
 75420, 12.536, 19.842, 146.188,  6.107,  0.392
 75480, 12.621, 19.202, 150.382,  6.178,  0.429
 75540, 12.638, 19.121, 146.123,  6.315,  0.454
 75600, 12.647, 19.662, 148.612,  6.523,  0.296
 75660, 12.625, 19.709, 144.668,  6.472,  0.443
 75720, 12.050, 19.477, 146.899,  6.150,  0.501
 75780, 11.800, 18.545, 152.104,  5.669,  0.366
 75840, 11.581, 17.667, 152.704,  5.741,  0.275
 75900, 11.472, 18.239, 153.980,  5.911,  0.365
 75960, 11.452, 18.059, 152.788,  5.736,  0.263
 76020, 11.432, 18.280, 155.392,  5.563,  0.387
 76080, 11.387, 18.374, 153.409,  5.771,  0.453
 76140, 11.464, 17.879, 152.454,  5.731,  0.417
 76200, 11.732, 18.552, 149.189,  5.684,  0.622
 76260, 10.938, 18.162, 162.513,  5.570,  0.552
 76320, 11.510, 18.783, 158.684,  5.734,  0.550
 76380, 11.576, 21.251, 157.010,  5.584,  0.502
 76440, 10.989, 20.424, 158.466,  5.715,  0.518
 76500, 10.707, 20.703, 161.960,  5.126,  0.627
 76560, 10.467, 21.663, 164.966,  5.465,  0.464
 76620, -9999.000, -9999.000, -9999.000, -9999.000, -9999.000
 76680, 10.345, 18.084, 124.448,  6.042,  0.478
 76740, 11.048, 19.658, 138.343,  5.931,  0.516
 76800, 11.698, 17.886, 145.004,  5.815,  0.488
 76860, 11.891, 17.932, 152.816,  5.909,  0.444
 76920, 11.763, 17.643, 152.723,  5.771,  0.446
 76980, 11.942, 17.522, 159.300,  5.690,  0.453
 77040, 11.753, 17.358, 157.555,  5.767,  0.629
 77100, 11.883, 17.310, 161.142,  6.139,  0.452
 77160, 11.502, 17.490, 159.579,  5.854,  0.537
 77220, 11.291, 17.458, 156.199,  5.835,  0.681
 77280, 11.371, 17.429, 160.414,  5.757,  0.596
 77340, 11.241, 17.291, 166.725,  5.426,  0.600
 77400, 11.213, 17.951, 159.197,  5.417,  0.719
 77460, 11.054, 17.950, 161.497,  5.618,  0.576
 77520, 11.017, 18.395, 157.070,  5.549,  0.552
 77580, 11.096, 18.344, 156.794,  5.823,  0.653
 77640, 10.877, 17.642, 151.303,  5.576,  0.707
 77700, 10.777, 18.174, 153.773,  5.488,  0.612
 77760, 10.829, 17.827, 158.809,  5.609,  0.665
 77820, 10.953, 17.250, 159.882,  5.609,  0.502
 77880, 10.637, 16.740, 153.847,  5.376,  0.582
 77940, 10.727, 16.879, 154.399,  5.676,  0.609
 78000, 10.853, 16.738, 162.103,  5.511,  0.606
 78060, 10.874, 16.996, 162.370,  5.461,  0.647
 78120, 10.851, 17.403, 166.395,  5.430,  0.568
 78180, 11.077, 16.867, 164.579,  5.477,  0.620
 78240, 11.367, 18.516, 170.657,  5.977,  0.608
 78300, 11.290, 19.123, 170.477,  5.831,  0.675
 78360, 11.473, 19.179, 182.959,  6.057,  0.712
 78420, 11.168, 18.133, 182.050,  5.455,  0.546
