CampaignData_and_Merges/R0/CSL_MobileLab_Parked/raw/20240802/USOS-Picarro-CO2-CH4-CO-H2O_MobileLabGround_20240802_R0.ict
38, 1001
Ilana Pollack, Nell Schafer, and Jeff Peischl
NOAA Chemical Sciences Laboratory
Picarro 2401-m CO2/CH4/CO/H2O Analyzer
USOS
1, 1
2024, 08, 02, 2024, 11, 20
0
StartTime_UTC, seconds_past_midnight, seconds past midnight
5
1, 1, 1, 1, 1
-9999, -9999, -9999, -9999, -9999
StopTime_UTC, seconds_past_midnight, seconds past midnight
CO2_ppm_1min, ppm, Gas_CO2_InSitu_S_DMF, carbon dioxide mixing ratio
CH4_ppb_1min, ppb, Gas_CH4_InSitu_S_DMF, methane mixing ratio
CO_ppb_1min, ppb, Gas_CO_InSitu_S_DMF, carbon monoxide mixing ratio
H2O_ppmv_1min, ppmv, Met_H2OMRV_InSitu_S_AVMR, water vapor mixing ratio
1
SPECIAL COMMENTS: N/A
18
PI_CONTACT_INFO: Address: NOAA Chemical Sciences Laboratory, Mail Stop CSL7, 325 Broadway, Boulder, CO 80305; Email: Ilana.Pollack@noaa.gov
PLATFORM: NOAA CSL Mobile Laboratory
LOCATION: The mobile lab was stationed in Salt Lake City, Utah.
ASSOCIATED_DATA: N/A
INSTRUMENT_INFO: CO2, CH4, and CO are reported as dry air mole fractions using a commercial wavelength-scanned cavity ring-down analyzer (Picarro 2401-m). An in-field calibration gas standard of 432±0.07 ppm CO2, 2095±1 ppb CH4, and 183±1 ppb CO, calibrated in the Boulder laboratories before and after the field project using primary CO2, CH4, and CO standard tanks tied to the WMO standard (X2019, X2004A, and X2014A, respectively) from the Global Monitoring Laboratory (GML), was delivered to the inlet every 2-3 days to evaluate instrument sensitivity. A H2O measurement was calibrated before the project with a Dew Point Mirror 373 hygrometer. The water correction calculated from these calibrations was applied to the H2O measurement for the entire campaign. Species are measured at 0.5 Hz and reported as 1-minute averages for stationary measurements.
DATA_INFO: Units: CO2, ppm, dry air mole fraction; CH4, ppb, dry air mole fraction; CO, ppb, dry air mole fraction; H2O, ppmv
UNCERTAINTY: Total uncertainties are estimated as ±0.1 ppm for CO2, ±1 ppb for CH4, ±5 ppb for CO, and ±(50 ppm + 4%) for H2O.
ULOD_FLAG: -7777
ULOD_VALUE: N/A
LLOD_FLAG: -8888
LLOD_VALUE: N/A
DM_CONTACT_INFO: Data Manager: Nathan Howard; nathan.h.howard@noaa.gov
PROJECT_INFO: USOS Dates of Study: July – August 2024
STIPULATIONS_ON_USE: Use of these data require prior ok from PI.
OTHER_COMMENTS: Data are averaged to 1 minute intervals. Stationary data collected from a 10 ft tower on top of the mobile van.
REVISION: R0
R0: Final Data
StartTime_UTC, StopTime_UTC, CO2_ppm_1min, CH4_ppb_1min, CO_ppb_1min, H2O_ppmv_1min
[from data line 767]
46020,46080,471.63,2069.4,308.4,10294.8105
46080,46140,470.98,2068.6,307.0,10303.7754
46140,46200,471.60,2071.3,302.4,10416.3574
46200,46260,474.97,2084.1,340.6,10597.5186
46260,46320,475.43,2079.5,385.0,10579.7070
46320,46380,475.64,2074.7,417.1,10496.8984
46380,46440,483.20,2076.1,454.6,10571.7842
46440,46500,474.77,2080.9,396.2,10629.6152
46500,46560,472.42,2074.6,388.0,10561.9385
46560,46620,471.49,2075.3,393.0,10600.8389
46620,46680,477.12,2081.1,441.7,10740.1064
46680,46740,476.30,2087.4,404.8,10886.8750
46740,46800,475.89,2092.5,384.8,11047.2764
46800,46860,476.42,2091.9,391.6,11128.9434
46860,46920,476.29,2092.4,394.7,11141.9023
46920,46980,475.22,2105.0,377.8,11165.0088
46980,47040,474.38,2097.2,362.8,11106.8721
47040,47100,474.37,2095.8,379.1,11037.1875
47100,47160,474.77,2093.2,415.7,11074.5781
47160,47220,476.53,2095.9,383.7,11278.5898
47220,47280,475.68,2095.1,379.6,11110.4150
47280,47340,486.77,2091.6,445.5,11033.1006
47340,47400,489.92,2093.5,444.6,11095.1309
47400,47460,500.15,2094.6,486.2,11107.6006
47460,47520,491.53,2096.5,445.1,11232.2412
47520,47580,482.91,2097.6,410.0,11404.4541
47580,47640,484.70,2102.6,421.1,11505.2393
47640,47700,484.03,2104.9,416.8,11567.6953
47700,47760,484.17,2103.8,487.0,11368.6904
47760,47820,476.15,2088.6,583.1,11092.0947
47820,47880,483.30,2109.1,442.7,11818.0781
47880,47940,480.38,2103.2,396.4,11903.1201
47940,48000,477.34,2104.1,377.3,11806.2451
48000,48060,482.39,2111.5,380.8,12390.4492
48060,48120,480.49,2115.0,363.8,12150.4531
48120,48180,478.67,2117.7,356.6,12125.1963
48180,48240,478.53,2121.5,348.8,12145.5410
48240,48300,475.37,2123.6,338.0,12003.9150
48300,48360,474.83,2126.0,336.7,12074.6201
48360,48420,473.23,2121.3,340.0,12032.2588
48420,48480,475.88,2130.6,351.4,12352.6104
48480,48540,472.19,2118.0,347.9,11577.2979
48540,48600,475.75,2138.2,346.6,12023.9717
48600,48660,474.92,2133.8,347.6,12018.6904
48660,48720,472.84,2128.5,342.2,11840.1221
48720,48780,470.65,2126.8,336.4,11562.9463
48780,48840,471.75,2127.0,341.8,11861.1797
48840,48900,479.56,2120.2,389.0,12042.4023
48900,48960,485.22,2119.9,643.5,12346.0938
48960,49020,486.11,2118.5,674.9,12163.8027
49020,49080,482.09,2127.4,511.0,12533.4131
49080,49140,479.36,2126.3,477.6,12536.3457
49140,49200,477.00,2116.3,391.3,12418.6260
49200,49260,483.35,2120.1,516.5,12783.0615
49260,49320,480.68,2102.8,460.9,12268.9541
49320,49380,481.70,2106.0,478.8,12582.2451
49380,49440,478.08,2102.6,440.3,12528.2031
49440,49500,474.00,2094.3,401.1,12156.7188
49500,49560,470.70,2092.9,370.1,12088.3984
49560,49620,478.30,2093.5,436.9,12456.6338
49620,49680,481.59,2092.3,472.3,12357.9473
49680,49740,481.23,2091.7,468.3,12294.9658
49740,49800,478.79,2087.3,451.7,11990.8916
49800,49860,475.69,2099.5,418.3,12385.6904
49860,49920,468.14,2098.9,421.5,12404.3086
49920,49980,469.00,2100.4,490.9,12490.7617
49980,50040,468.98,2103.8,537.9,12713.6494
50040,50100,469.31,2105.5,500.2,13167.7939
50100,50160,470.33,2103.0,473.0,13261.7510
50160,50220,471.30,2102.6,440.0,12549.0869
50220,50280,470.46,2109.8,411.8,12943.7549
50280,50340,469.10,2105.1,400.6,12643.3027
50340,50400,469.91,2105.7,403.1,12620.5498
50400,50460,471.18,2112.8,439.2,12894.4072
50460,50520,474.21,2109.6,432.8,13273.7500
50520,50580,475.16,2109.1,450.7,12755.2686
50580,50640,471.80,2104.7,421.2,12572.4912
50640,50700,470.37,2105.2,416.3,12797.1582
50700,50760,470.60,2104.0,420.2,13748.2002
50760,50820,471.39,2105.7,429.8,13593.3086
50820,50880,471.17,2109.1,425.7,13070.7178
50880,50940,469.94,2123.6,415.7,13257.0664
50940,51000,470.19,2138.5,425.8,13909.8545
51000,51060,470.17,2130.0,431.7,13896.8027
51060,51120,469.06,2114.0,440.1,12916.1680
51120,51180,468.83,2102.1,448.1,12732.9863
51180,51240,466.28,2102.9,404.3,12812.0195
51240,51300,467.20,2108.8,418.4,13171.7852
51300,51360,468.42,2125.6,409.1,12913.1631
51360,51420,468.32,2122.0,410.3,13077.7539
51420,51480,463.73,2105.6,373.5,12196.1641
51480,51540,463.70,2108.3,384.1,12393.7598
51540,51600,464.31,2108.4,392.9,12362.3701
51600,51660,465.10,2110.4,399.4,12502.2285
51660,51720,468.20,2112.6,408.6,12659.3389
51720,51780,463.01,2094.1,415.1,11917.3369
51780,51840,462.58,2098.7,405.4,12133.6104
51840,51900,464.77,2093.1,447.3,12181.9561
51900,51960,467.67,2092.2,488.8,12340.3896
51960,52020,468.84,2099.3,477.9,12649.2344
52020,52080,469.35,2098.5,486.4,12679.0176
52080,52140,469.76,2100.7,496.3,12867.9766
52140,52200,469.47,2096.9,512.4,12864.6777
52200,52260,468.94,2102.4,496.4,13494.1953
52260,52320,468.71,2102.4,505.3,13468.6201
52320,52380,471.22,2101.9,542.8,13174.0342
52380,52440,476.27,2103.1,572.6,13141.3750
52440,52500,476.74,2105.6,578.9,13275.9629
52500,52560,479.58,2107.9,598.6,13316.3760
52560,52620,479.36,2105.5,598.3,13289.0098
52620,52680,478.17,2103.1,597.1,13564.5068
52680,52740,477.03,2101.5,595.4,13932.6484
52740,52800,476.50,2098.4,581.9,13300.1768
52800,52860,475.16,2098.9,575.0,13458.0420
52860,52920,473.60,2103.1,562.3,13791.8857
52920,52980,473.18,2099.0,561.9,13971.3340
52980,53040,471.67,2089.5,558.8,13406.7871
53040,53100,472.57,2088.3,555.8,12997.1846
53100,53160,471.67,2090.0,558.0,13490.9863
53160,53220,472.24,2094.6,559.9,13446.5020
53220,53280,472.37,2095.1,560.8,13546.8320
53280,53340,472.76,2093.4,573.4,13320.6660
53340,53400,472.79,2094.7,591.6,13311.5771
53400,53460,471.54,2094.2,586.2,13709.7480
53460,53520,475.45,2088.5,590.7,13498.2354
53520,53580,476.81,2087.3,588.3,13198.0889
53580,53640,475.73,2087.8,582.5,13374.9492
53640,53700,473.78,2088.3,576.8,13405.9111
53700,53760,474.22,2085.7,570.3,13347.8184
53760,53820,473.25,2083.3,564.6,13830.0625
53820,53880,471.40,2068.6,523.4,12452.6875
53880,53940,470.84,2068.6,522.0,12519.7988
53940,54000,470.32,2068.8,520.4,12811.1162
54000,54060,468.56,2066.8,501.4,12430.1797
54060,54120,467.70,2067.4,487.1,12475.9297
54120,54180,467.68,2066.7,481.8,12105.3154
54180,54240,466.71,2066.9,483.6,12354.7471
54240,54300,465.50,2068.6,479.5,12165.1406
54300,54360,461.55,2066.5,462.2,12052.3271
54360,54420,464.71,2071.2,487.7,12261.4912
54420,54480,461.76,2064.0,462.4,11940.9863
54480,54540,461.19,2064.9,458.0,12052.0664
54540,54600,461.79,2062.5,462.3,11926.7988
54600,54660,461.60,2058.5,436.7,11688.6934
54660,54720,462.23,2057.2,433.7,11565.0947
54720,54780,463.02,2061.9,444.1,11852.1699
54780,54840,465.87,2068.0,459.9,12113.5693
54840,54900,472.44,2074.9,495.3,12421.5605
54900,54960,475.11,2078.9,514.7,12585.5439
54960,55020,471.90,2078.0,496.3,12600.7773
55020,55080,469.70,2073.7,479.0,12463.6836
55080,55140,469.54,2071.3,477.7,12277.9063
55140,55200,469.45,2069.7,473.5,12090.0996
55200,55260,467.46,2066.8,455.5,11754.8486
55260,55320,473.02,2077.6,498.6,12408.8301
55320,55380,473.59,2078.2,506.2,12775.5098
55380,55440,473.71,2079.4,505.4,12697.4180
55440,55500,475.53,2083.3,520.3,13069.5303
55500,55560,476.14,2086.0,524.8,12969.5596
55560,55620,475.21,2084.1,519.3,12911.1309
55620,55680,473.71,2082.7,501.7,12558.9746
55680,55740,472.67,2081.7,493.8,12534.0889
55740,55800,471.38,2081.1,479.3,12241.0557
55800,55860,469.65,2080.0,454.7,11758.5215
55860,55920,470.70,2081.9,457.7,11768.1494
55920,55980,470.52,2081.5,454.4,11720.3477
55980,56040,470.78,2080.3,451.1,11792.7900
56040,56100,470.44,2082.9,451.0,12604.0684
56100,56160,469.05,2085.3,451.7,12898.4287
56160,56220,470.98,2086.4,447.7,11828.0313
56220,56280,474.01,2094.5,450.2,11772.3408
56280,56340,475.29,2096.6,447.6,11827.1992
56340,56400,475.72,2099.6,446.1,11878.0361
56400,56460,474.89,2100.9,446.9,12265.0479
56460,56520,474.66,2099.4,446.0,11908.8037
56520,56580,473.13,2094.1,444.7,11725.4492
56580,56640,472.80,2092.6,439.6,11536.7227
56640,56700,472.04,2091.6,444.2,11843.3848
56700,56760,472.37,2089.8,436.5,11892.8857
56760,56820,470.09,2086.4,421.8,11440.5859
56820,56880,470.02,2087.2,424.1,11620.3984
56880,56940,469.42,2087.1,425.4,11882.3184
56940,57000,468.86,2083.7,416.2,11578.1416
57000,57060,469.82,2085.4,421.2,11783.3760
57060,57120,467.50,2082.9,420.5,11643.3105
57120,57180,466.16,2078.0,406.9,11536.7012
57180,57240,465.59,2076.3,406.2,11334.4727
57240,57300,466.09,2077.4,409.5,11507.7949
57300,57360,465.82,2076.2,419.2,11922.7891
57360,57420,464.07,2072.9,402.2,11420.5010
57420,57480,463.30,2072.9,399.6,11623.2100
57480,57540,463.14,2074.2,413.4,12361.5527
57540,57600,463.47,2075.0,416.6,12533.8701
57600,57660,463.33,2074.6,426.7,12010.2129
57660,57720,464.95,2076.6,439.0,12098.5107
57720,57780,465.76,2083.8,452.7,12458.5996
57780,57840,467.04,2082.6,462.4,12818.0898
57840,57900,465.03,2082.0,460.0,13093.9189
57900,57960,466.26,2082.5,457.5,13172.9668
57960,58020,465.27,2079.6,471.9,12716.1875
58020,58080,464.97,2077.0,454.1,12860.5127
58080,58140,464.43,2073.9,439.2,12330.9531
58140,58200,464.43,2072.8,434.3,12010.5586
58200,58260,463.24,2071.7,425.8,11737.2725
58260,58320,463.51,2071.4,432.6,11790.0645
58320,58380,464.53,2069.6,419.4,11589.1992
58380,58440,463.18,2069.5,415.1,11538.3916
58440,58500,466.34,2071.8,428.8,11852.0264
58500,58560,463.25,2071.9,429.0,12282.5322
58560,58620,463.70,2072.7,434.5,12227.8828
58620,58680,462.82,2072.4,427.7,12560.4658
58680,58740,462.32,2072.2,424.4,12754.4932
58740,58800,462.56,2073.5,438.7,12707.1270
58800,58860,463.54,2074.1,442.3,12548.4141
58860,58920,463.93,2074.8,446.0,12322.3428
58920,58980,462.70,2075.0,446.6,12668.0068
58980,59040,462.58,2075.6,448.5,12910.2930
59040,59100,462.80,2074.3,443.2,12531.5664
59100,59160,463.67,2074.5,442.7,12858.9189
59160,59220,462.23,2074.7,442.5,13169.2637
59220,59280,462.64,2072.7,439.0,12294.4238
59280,59340,462.17,2072.6,438.3,12080.0527
59340,59400,461.84,2072.6,437.7,12034.7129
59400,59460,461.79,2073.3,444.7,12049.1670
59460,59520,461.16,2074.6,444.1,12031.4053
59520,59580,460.85,2074.2,446.0,12259.5156
59580,59640,460.67,2074.0,447.5,12287.9746
59640,59700,459.98,2074.5,447.0,12756.0234
59700,59760,460.28,2074.2,448.2,12808.8760
59760,59820,461.04,2075.7,451.6,12450.5820
59820,59880,461.98,2078.4,452.2,11810.9697
59880,59940,461.88,2080.8,455.9,12053.4043
59940,60000,460.97,2082.0,459.0,12746.2598
60000,60060,461.47,2083.6,463.9,12798.4902
60060,60120,462.59,2083.2,471.5,12393.5352
60120,60180,462.43,2082.3,470.6,12533.3682
60180,60240,462.80,2083.4,473.9,12510.3340
60240,60300,461.64,2078.1,461.4,12127.3281
60300,60360,461.69,2076.1,463.0,11763.1016
60360,60420,462.30,2085.6,650.7,11708.7441
60420,60480,462.74,2082.8,595.0,11863.3135
60480,60540,462.19,2078.1,476.9,11867.5400
60540,60600,463.14,2079.5,474.7,11944.9033
60600,60660,463.91,2080.2,491.2,11977.1553
60660,60720,462.56,2078.7,481.2,12109.7490
60720,60780,462.15,2078.7,471.5,12167.5938
60780,60840,461.23,2076.6,466.7,12272.5137
60840,60900,461.31,2076.5,461.3,12434.7939
60900,60960,462.16,2078.0,463.7,12227.9131
60960,61020,463.89,2079.1,470.8,12241.9746
61020,61080,461.45,2078.4,462.4,12518.2080
61080,61140,461.95,2078.8,465.7,12569.6523
61140,61200,461.87,2079.0,466.5,12831.7139
61200,61260,466.92,2092.8,470.7,11703.8359
61260,61320,474.13,2110.5,461.0,11037.8545
61320,61380,480.32,2126.5,452.9,10807.2139
61380,61440,482.10,2131.5,452.1,10875.2168
61440,61500,485.54,2139.5,442.4,10554.6846
61500,61560,484.57,2137.5,440.6,10695.7910
61560,61620,483.02,2135.1,439.6,11072.8037
61620,61680,480.92,2128.7,436.7,10517.1934
61680,61740,480.08,2128.6,435.0,11143.8330
61740,61800,478.87,2125.4,437.5,11282.3350
61800,61860,478.20,2126.8,433.7,11530.9492
61860,61920,475.07,2130.4,410.5,12002.9238
61920,61980,477.55,2128.8,419.0,11457.0820
61980,62040,476.47,2121.2,428.2,10767.9072
62040,62100,475.05,2118.9,428.9,11094.2646
62100,62160,474.99,2122.4,425.5,11603.6104
62160,62220,473.60,2124.2,408.2,11019.8232
62220,62280,472.84,2123.0,405.6,10912.6221
62280,62340,472.41,2121.0,408.6,11010.9746
62340,62400,472.98,2114.7,427.2,10735.2939
62400,62460,471.01,2108.0,463.3,10915.1348
62460,62520,470.02,2104.7,460.4,11119.7588
62520,62580,470.46,2104.9,453.7,11052.5352
62580,62640,469.67,2109.1,441.3,10873.5977
62640,62700,469.50,2109.0,442.4,10964.6152
62700,62760,468.61,2112.7,430.1,10900.4199
62760,62820,466.94,2117.9,424.3,11109.1826
62820,62880,466.92,2115.9,429.1,10955.1748
62880,62940,464.96,2119.9,412.7,11123.0928
62940,63000,464.64,2117.1,404.4,10869.9590
63000,63060,464.23,2111.8,406.0,11259.7510
63060,63120,464.15,2110.7,401.2,11020.9941
63120,63180,463.47,2112.5,398.4,10718.7344
63180,63240,462.74,2113.4,398.1,10790.7295
63240,63300,462.55,2111.6,397.5,11146.5234
63300,63360,462.99,2108.7,404.3,11025.9775
63360,63420,463.21,2100.7,412.4,10653.3672
63420,63480,462.95,2103.1,408.9,10958.2129
63480,63540,462.35,2112.1,407.2,11533.4990
63540,63600,461.68,2125.3,402.3,10968.1006
63600,63660,459.93,2148.2,391.5,10829.6201
63660,63720,458.19,2157.1,378.3,10626.4121
63720,63780,458.18,2156.1,379.5,10714.8916
63780,63840,457.37,2155.5,383.7,11852.9795
63840,63900,458.96,2157.9,389.7,11451.6318
63900,63960,459.24,2162.5,391.1,11296.1582
63960,64020,460.60,2162.8,399.9,11217.8691
64020,64080,463.40,2164.7,408.1,11777.5176
64080,64140,463.72,2163.8,410.5,11492.8730
64140,64200,460.60,2160.4,395.9,10998.8232
64200,64260,459.12,2188.0,381.8,10944.3057
64260,64320,456.50,2232.7,362.6,11034.1855
64320,64380,456.00,2235.8,361.2,11183.2236
64380,64440,456.00,2233.3,357.6,10823.5625
64440,64500,455.54,2227.4,356.5,10884.7275
64500,64560,454.98,2225.0,354.0,10842.5176
64560,64620,455.36,2221.1,354.3,10850.1289
64620,64680,455.03,2211.0,356.1,10572.1787
64680,64740,455.05,2200.0,362.7,10761.2744
64740,64800,454.96,2203.8,360.0,10845.4893
64800,64860,454.65,2208.7,357.0,10692.8828
64860,64920,457.57,2206.9,369.4,11427.5869
64920,64980,456.47,2199.5,363.5,10929.2793
64980,65040,451.90,2199.9,337.7,10410.1152
65040,65100,450.96,2205.0,337.0,10865.0947
65100,65160,451.30,2201.7,336.1,10347.7451
65160,65220,451.66,2207.3,339.5,10684.6846
65220,65280,450.17,2200.0,334.5,11158.4551
65280,65340,449.66,2168.1,334.2,10420.1992
65340,65400,448.28,2168.6,327.4,10192.3984
65400,65460,447.37,2193.1,320.2,10386.7969
65460,65520,445.53,2232.0,308.8,10127.1709
65520,65580,445.68,2233.4,309.2,10144.5293
65580,65640,445.66,2240.8,317.2,10177.7754
65640,65700,444.51,2244.5,311.5,10445.6084
65700,65760,442.61,2252.1,295.1,10346.5967
65760,65820,440.23,2244.4,286.3,11135.5654
65820,65880,438.07,2229.1,267.4,9890.4150
65880,65940,438.45,2242.2,270.7,9672.9688
65940,66000,437.32,2226.7,265.2,9685.6914
66000,66060,436.13,2215.7,262.5,9994.9697
66060,66120,435.84,2214.1,264.0,10434.0254
66120,66180,437.40,2216.1,268.0,10175.2451
66180,66240,437.52,2208.3,263.1,9931.4541
66240,66300,437.74,2214.1,265.9,10135.9971
66300,66360,437.62,2221.5,267.7,10225.9951
66360,66420,437.17,2226.2,268.8,10504.6377
66420,66480,436.23,2217.1,265.3,10603.2314
66480,66540,433.79,2197.9,253.1,10934.8691
66540,66600,435.04,2203.0,259.2,10874.8301
66600,66660,435.19,2207.9,260.1,10408.7529
66660,66720,435.17,2202.5,258.6,10593.9932
66720,66780,435.48,2203.1,259.4,10221.8193
66780,66840,435.26,2202.5,258.0,10616.7998
66840,66900,435.57,2201.6,258.1,10916.7344
66900,66960,436.39,2201.1,260.3,10862.5713
66960,67020,434.55,2201.0,258.1,11295.1768
67020,67080,434.18,2202.4,263.8,12148.7305
67080,67140,434.32,2203.3,261.9,12406.2725
67140,67200,435.45,2198.9,266.0,11175.2988
67200,67260,434.87,2197.0,269.1,11262.7480
67260,67320,434.36,2189.0,270.6,11269.5479
67320,67380,435.78,2189.7,268.4,10605.1377
67380,67440,435.42,2181.1,263.2,10279.1445
67440,67500,435.53,2181.4,262.8,10389.2568
67500,67560,435.41,2178.9,264.0,10435.5771
67560,67620,434.00,2174.4,263.1,11510.5068
67620,67680,432.68,2153.4,258.3,11733.2617
67680,67740,431.54,2117.7,249.9,10643.6621
67740,67800,431.17,2111.8,249.3,10831.2480
67800,67860,429.69,2095.1,238.3,10117.9404
67860,67920,429.21,2077.7,231.6,9564.9229
67920,67980,429.42,2076.2,236.1,9663.6445
67980,68040,429.56,2071.5,233.8,9357.5068
68040,68100,429.55,2073.8,234.1,9300.7686
68100,68160,429.56,2073.8,233.1,9380.3564
68160,68220,429.82,2072.1,237.1,9351.2686
68220,68280,430.00,2072.8,238.6,9440.1338
