CampaignData_and_Merges/R0/CSL_MobileLab_Parked/raw/20240802/USOS-jNO2_MobileLabGround_20240802_R0.ict
52,1001
Waxman, E.; Rollins, A.; Zuraski, K.; Chace, W.
NOAA Chemical Sciences Laboratory
jNO2 filter radiometer on CSL Mobile Lab
AMMBEC / USOS
1, 1
2024,08,02, 2025,04,01
60
Time_Start, seconds, number_of_seconds_since_0000_UTC
20
1, 1, 1, 1, 1, 1, 1, 1, 1, 1, 1, 1, 1, 1, 1, 1, 1, 1, 1, 1
-9999, -9999, -9999, -9999, -9999, -9999, -9999, -9999, -9999, -9999, -9999, -9999, -9999, -9999, -9999, -9999, -9999, -9999, -9999, -9999
Time_Stop, seconds, number_of_seconds_since_0000_UTC
jNO2_meas, per second, photolysis rate of NO2 measured using a filter radiometer.
jBrCl, per second, photolysis rate of BrCl -> Br + Cl calculated in TUV for cloud-free sky with local AOD
jBr2, per second, photolysis rate of Br2 -> Br + Br calculated in TUV for cloud-free sky with local AOD
jCCl4, per second, photolysis rate of CCl4 -> Products calcualted in TUV for cloud-free sky with local AOD
jCH2Oa, per second, photolysis rate of CH2O -> H + HCO calculated in TUV for cloud-free sky with local AOD
jCH2Ob, per second, photolysis rate of CH2O -> H2 + CO calculated in TUV for cloud-free sky with local AOD
jClNO2, per second, photolysis rate of ClNO2 -> Cl + NO2 calculated in TUV for cloud-free sky with local AOD
jClOa, per second, photolysis rate of ClO -> Cl + O(1D) calculated in TUV for cloud-free sky with local AOD
jClOb, per second, photolysis rate of ClO -> Cl + O(3P) calculated in TUV for cloud-free sky with local AOD
jCl2, per second, photolysis rate of Cl2 -> Cl + Cl calculated in TUV for cloud-free sky with local AOD
jHNO2, per second, photolysis rate of HNO2 -> OH + NO calculated in TUV for cloud-free sky with local AOD
jHNO3, per second, photolysis rate of HNO3 -> OH + NO2 calculated in TUV for cloud-free sky with local AOD
jI2, per second, photolysis rate of I2 -> I + I calculated in TUV for cloud-free sky with local AOD
jNO2, per second, photolysis rate of NO2 -> NO + O(3P) calculated in TUV for cloud-free sky with local AOD
jNO3a, per second, photolysis rate of NO3 -> NO + O2 calculated in TUV for cloud-free sky with local AOD
jNO3b, per second, photolysis rate of NO3 -> NO2 + O(3P) calculated in TUV for cloud-free sky with local AOD
jN2O5, per second, photolysis rate of N2O5 -> NO3 + NO + O(3P) calculated in TUV for cloud-free sky with local AOD
jO3, per second, photolysis rate of O3 -> O2 + O(1D) calculated in TUV for cloud-free sky with local AOD
AOD_500nm, unitless, UTC daily mean AOD at 500 nm from an AERONET station located at 40.178 N, -112.452 E
0
18
PI_CONTACT_INFO: eleanor.waxman@noaa.gov
PLATFORM: CSL Mobile Lab, at ground site
LOCATION: Salt Lake City, UT
ASSOCIATED_DATA:
INSTRUMENT_INFO: jNO2 filter radiometer.  TUV calculations are for mobile van lat/lon/altitude assuming clear sky (cloud AOD = 0) and daily mean AOD.
DATA_INFO:
UNCERTAINTY: Data uncertainties are +/- 20%.  These come from uncertainties in radiometer angular response, radiometer thermal response, local interferences from clouds/aerosols/shadows etc.
ULOD_FLAG: -7777
ULOD_VALUE: N/A
LLOD_FLAG: -8888
LLOD_VALUE: N/A
DM_CONTACT_INFO: eleanor.waxman@noaa.gov
PROJECT_INFO: USOS Project, July - August 2024
STIPULATIONS_ON_USE: Users are strongly encouraged to contact the PI for proper data usage.
OTHER_COMMENTS: 
REVISION: R0
R0: final data
Time_Start, Time_Stop, jNO2_meas, jBrCl, jBr2, jCCl4, jCH2Oa, jCH2Ob, jClNO2, jClOa, jClOb, jCl2, jHNO2, jHNO3, jI2, jNO2, jNO3a, jNO3b, jN2O5, jO3, AOD_500nm
[from data line 794]
   47640,   47700,0.0010258,0.001943,0.007276,3.075e-26,1.606e-06,4.008e-06,4.237e-05,1.157e-26,5.564e-07,0.0002639,0.000186,1.785e-08,0.03214,0.001261,0.007319,0.05264,3.307e-06,3.705e-07,0.174
   47700,   47760,0.0011447,0.002001,0.007488,3.134e-26,1.664e-06,4.136e-06,4.372e-05,1.178e-26,5.811e-07,0.0002721,0.0001918,1.852e-08,0.03302,0.0013,0.007499,0.05403,3.414e-06,3.857e-07,0.174
   47760,   47820,0.001239,0.00206,0.0077,3.194e-26,1.724e-06,4.266e-06,4.509e-05,1.2e-26,6.064e-07,0.0002804,0.0001976,1.922e-08,0.03388,0.00134,0.007676,0.0554,3.523e-06,4.013e-07,0.174
   47820,   47880,0.0012833,0.002116,0.0079,3.251e-26,1.781e-06,4.391e-06,4.641e-05,1.22e-26,6.312e-07,0.0002884,0.0002032,1.989e-08,0.0347,0.001378,0.007842,0.05669,3.628e-06,4.165e-07,0.174
   47880,   47940,0.001316,0.002176,0.008113,3.311e-26,1.843e-06,4.526e-06,4.783e-05,1.242e-26,6.584e-07,0.000297,0.0002092,2.062e-08,0.03556,0.001419,0.008016,0.05805,3.741e-06,4.331e-07,0.174
   47940,   48000,0.0013523,0.002236,0.008326,3.373e-26,1.906e-06,4.663e-06,4.927e-05,1.264e-26,6.866e-07,0.0003056,0.0002153,2.137e-08,0.03641,0.00146,0.008188,0.0594,3.856e-06,4.503e-07,0.174
   48000,   48060,0.0013956,0.002293,0.008526,3.431e-26,1.967e-06,4.794e-06,5.065e-05,1.285e-26,7.139e-07,0.0003139,0.0002211,2.209e-08,0.03721,0.001499,0.008348,0.06066,3.965e-06,4.67e-07,0.174
   48060,   48120,0.001435,0.002353,0.008738,3.493e-26,2.033e-06,4.936e-06,5.214e-05,1.308e-26,7.439e-07,0.0003228,0.0002273,2.287e-08,0.03805,0.001542,0.008517,0.06199,4.084e-06,4.853e-07,0.174
   48120,   48180,0.0014755,0.002413,0.008949,3.556e-26,2.101e-06,5.08e-06,5.364e-05,1.331e-26,7.748e-07,0.0003317,0.0002336,2.367e-08,0.03888,0.001584,0.008682,0.0633,4.204e-06,5.041e-07,0.174
   48180,   48240,0.001515,0.002471,0.009148,3.615e-26,2.165e-06,5.217e-06,5.508e-05,1.352e-26,8.049e-07,0.0003403,0.0002396,2.445e-08,0.03966,0.001624,0.008837,0.06452,4.319e-06,5.223e-07,0.174
   48240,   48300,0.0015559,0.002531,0.009358,3.68e-26,2.236e-06,5.366e-06,5.663e-05,1.375e-26,8.379e-07,0.0003494,0.000246,2.529e-08,0.04048,0.001668,0.009,0.06581,4.443e-06,5.423e-07,0.174
   48300,   48360,0.0015904,0.002592,0.009568,3.745e-26,2.307e-06,5.516e-06,5.82e-05,1.399e-26,8.719e-07,0.0003587,0.0002525,2.615e-08,0.0413,0.001711,0.00916,0.06709,4.569e-06,5.629e-07,0.174
   48360,   48420,0.0016302,0.00265,0.009765,3.806e-26,2.376e-06,5.66e-06,5.97e-05,1.421e-26,9.049e-07,0.0003675,0.0002587,2.698e-08,0.04206,0.001753,0.00931,0.06828,4.689e-06,5.829e-07,0.174
   48420,   48480,0.0016732,0.002711,0.009974,3.873e-26,2.45e-06,5.815e-06,6.131e-05,1.445e-26,9.411e-07,0.0003769,0.0002654,2.788e-08,0.04286,0.001797,0.009466,0.06953,4.818e-06,6.047e-07,0.174
   48480,   48540,0.0017213,0.002772,0.01018,3.939e-26,2.525e-06,5.971e-06,6.294e-05,1.469e-26,9.781e-07,0.0003864,0.000272,2.879e-08,0.04365,0.001841,0.00962,0.07077,4.948e-06,6.27e-07,0.174
   48540,   48600,0.0017554,0.002829,0.01037,4.003e-26,2.597e-06,6.121e-06,6.449e-05,1.492e-26,1.014e-06,0.0003954,0.0002784,2.967e-08,0.04439,0.001884,0.009761,0.07191,5.073e-06,6.486e-07,0.174
   48600,   48660,0.0017935,0.002888,0.01057,4.071e-26,2.672e-06,6.275e-06,6.609e-05,1.516e-26,1.052e-06,0.0004048,0.0002849,3.059e-08,0.04514,0.001927,0.00991,0.07309,5.202e-06,6.716e-07,0.174
   48660,   48720,0.0018338,0.002948,0.01077,4.135e-26,2.75e-06,6.435e-06,6.774e-05,1.539e-26,1.092e-06,0.0004143,0.0002916,3.155e-08,0.0459,0.001971,0.01006,0.07426,5.335e-06,6.957e-07,0.174
   48720,   48780,0.0018708,0.003005,0.01096,4.201e-26,2.826e-06,6.59e-06,6.934e-05,1.563e-26,1.131e-06,0.0004235,0.0002981,3.249e-08,0.04661,0.002014,0.01019,0.07538,5.464e-06,7.193e-07,0.174
   48780,   48840,0.0019035,0.003066,0.01117,4.271e-26,2.908e-06,6.756e-06,7.105e-05,1.588e-26,1.174e-06,0.0004333,0.0003049,3.35e-08,0.04737,0.002059,0.01034,0.07655,5.602e-06,7.449e-07,0.174
   48840,   48900,0.0019485,0.003126,0.01137,4.354e-26,2.991e-06,6.924e-06,7.278e-05,1.623e-26,1.218e-06,0.0004432,0.0003119,3.453e-08,0.04811,0.002105,0.01048,0.0777,5.742e-06,7.716e-07,0.174
   48900,   48960,0.0020142,0.003184,0.01155,4.366e-26,3.07e-06,7.084e-06,7.442e-05,1.625e-26,1.26e-06,0.0004526,0.0003185,3.551e-08,0.04881,0.002148,0.01061,0.07878,5.874e-06,7.963e-07,0.174
   48960,   49020,0.002065,0.003244,0.01175,4.495e-26,3.157e-06,7.257e-06,7.619e-05,1.669e-26,1.308e-06,0.0004627,0.0003255,3.661e-08,0.04955,0.002194,0.01076,0.07993,6.018e-06,8.256e-07,0.174
   49020,   49080,0.0021029,0.003307,0.01196,4.559e-26,3.251e-06,7.442e-06,7.808e-05,1.692e-26,1.358e-06,0.0004734,0.000333,3.777e-08,0.0503,0.002243,0.0109,0.0811,6.171e-06,8.556e-07,0.174
   49080,   49140,0.0021517,0.003366,0.01215,4.633e-26,3.334e-06,7.609e-06,7.979e-05,1.717e-26,1.405e-06,0.0004831,0.0003398,3.883e-08,0.051,0.002288,0.01103,0.08217,6.31e-06,8.833e-07,0.174
   49140,   49200,0.0021899,0.003426,0.01235,4.708e-26,3.424e-06,7.786e-06,8.16e-05,1.744e-26,1.455e-06,0.0004933,0.000347,3.996e-08,0.05171,0.002334,0.01116,0.08326,6.457e-06,9.134e-07,0.174
   49200,   49260,0.0022419,0.003486,0.01254,4.785e-26,3.515e-06,7.966e-06,8.343e-05,1.771e-26,1.507e-06,0.0005036,0.0003541,4.112e-08,0.05241,0.002381,0.01129,0.08435,6.606e-06,9.448e-07,0.174
   49260,   49320,0.0022796,0.003542,0.01272,4.857e-26,3.603e-06,8.136e-06,8.516e-05,1.797e-26,1.558e-06,0.0005133,0.0003609,4.224e-08,0.05307,0.002425,0.01142,0.08536,6.748e-06,9.748e-07,0.174
   49320,   49380,0.002313,0.003602,0.01291,4.936e-26,3.696e-06,8.319e-06,8.702e-05,1.825e-26,1.612e-06,0.0005237,0.0003681,4.343e-08,0.05375,0.002471,0.01155,0.08641,6.899e-06,1.007e-06,0.174
   49380,   49440,0.0023806,0.003661,0.0131,5.015e-26,3.791e-06,8.503e-06,8.888e-05,1.853e-26,1.668e-06,0.0005341,0.0003754,4.465e-08,0.05443,0.002518,0.01167,0.08746,7.051e-06,1.041e-06,0.174
   49440,   49500,0.0024167,0.003717,0.01328,5.09e-26,3.882e-06,8.678e-06,9.066e-05,1.88e-26,1.722e-06,0.0005439,0.0003822,4.582e-08,0.05507,0.002562,0.01179,0.08844,7.196e-06,1.073e-06,0.174
   49500,   49560,0.0024856,0.003776,0.01346,5.171e-26,3.979e-06,8.864e-06,9.254e-05,1.909e-26,1.78e-06,0.0005543,0.0003895,4.707e-08,0.05573,0.002609,0.01192,0.08946,7.351e-06,1.108e-06,0.174
   49560,   49620,0.0025371,0.003834,0.01365,5.254e-26,4.078e-06,9.053e-06,9.445e-05,1.938e-26,1.841e-06,0.0005649,0.0003968,4.836e-08,0.05639,0.002656,0.01204,0.09047,7.507e-06,1.144e-06,0.174
   49620,   49680,0.0025806,0.00389,0.01382,5.333e-26,4.171e-06,9.231e-06,9.624e-05,1.966e-26,1.899e-06,0.0005748,0.0004037,4.958e-08,0.05701,0.0027,0.01215,0.09141,7.655e-06,1.179e-06,0.174
   49680,   49740,0.0026333,0.003948,0.01401,5.417e-26,4.272e-06,9.422e-06,9.817e-05,1.996e-26,1.962e-06,0.0005853,0.000411,5.09e-08,0.05765,0.002747,0.01227,0.09239,7.813e-06,1.217e-06,0.174
   49740,   49800,0.0026718,0.004006,0.01419,5.503e-26,4.375e-06,9.615e-06,0.0001001,2.027e-26,2.026e-06,0.0005959,0.0004184,5.224e-08,0.05829,0.002794,0.01239,0.09337,7.972e-06,1.256e-06,0.174
   49800,   49860,0.0027169,0.00406,0.01436,5.584e-26,4.471e-06,9.796e-06,0.0001019,2.055e-26,2.088e-06,0.0006059,0.0004253,5.352e-08,0.05888,0.002838,0.0125,0.09427,8.123e-06,1.293e-06,0.174
   49860,   49920,0.002757,0.004117,0.01453,5.672e-26,4.576e-06,9.991e-06,0.0001039,2.086e-26,2.155e-06,0.0006165,0.0004326,5.49e-08,0.0595,0.002884,0.01261,0.09522,8.284e-06,1.333e-06,0.174
   49920,   49980,0.0028057,0.004175,0.01471,5.761e-26,4.681e-06,1.019e-05,0.0001058,2.118e-26,2.224e-06,0.0006272,0.00044,5.63e-08,0.06012,0.002931,0.01272,0.09616,8.446e-06,1.374e-06,0.174
   49980,   50040,0.0028592,0.004228,0.01488,5.846e-26,4.781e-06,1.037e-05,0.0001077,2.148e-26,2.29e-06,0.0006372,0.0004469,5.763e-08,0.06069,0.002975,0.01283,0.09704,8.6e-06,1.414e-06,0.174
   50040,   50100,0.0028977,0.004285,0.01505,5.938e-26,4.889e-06,1.057e-05,0.0001097,2.18e-26,2.362e-06,0.0006479,0.0004543,5.907e-08,0.06129,0.003022,0.01294,0.09796,8.764e-06,1.457e-06,0.174
   50100,   50160,0.0029477,0.004341,0.01522,6.031e-26,4.998e-06,1.077e-05,0.0001117,2.213e-26,2.437e-06,0.0006586,0.0004617,6.054e-08,0.06189,0.003068,0.01305,0.09886,8.929e-06,1.502e-06,0.174
   50160,   50220,0.0029933,0.004393,0.01538,6.119e-26,5.1e-06,1.096e-05,0.0001135,2.244e-26,2.506e-06,0.0006687,0.0004686,6.192e-08,0.06244,0.003112,0.01315,0.09971,9.084e-06,1.544e-06,0.174
   50220,   50280,0.0030355,0.004449,0.01555,6.214e-26,5.211e-06,1.116e-05,0.0001155,2.278e-26,2.583e-06,0.0006794,0.0004759,6.342e-08,0.06302,0.003158,0.01325,0.1006,9.251e-06,1.59e-06,0.174
   50280,   50340,0.0030767,0.004504,0.01572,6.311e-26,5.323e-06,1.136e-05,0.0001175,2.312e-26,2.66e-06,0.0006901,0.0004833,6.493e-08,0.0636,0.003204,0.01336,0.1015,9.418e-06,1.636e-06,0.174
   50340,   50400,0.0031287,0.004556,0.01588,6.403e-26,5.428e-06,1.155e-05,0.0001194,2.345e-26,2.736e-06,0.0007002,0.0004902,6.638e-08,0.06414,0.003248,0.01346,0.1023,9.576e-06,1.682e-06,0.174
   50400,   50460,0.0031712,0.004611,0.01604,6.502e-26,5.541e-06,1.175e-05,0.0001215,2.38e-26,2.816e-06,0.0007109,0.0004976,6.793e-08,0.0647,0.003294,0.01356,0.1031,9.745e-06,1.73e-06,0.174
   50460,   50520,0.0032169,0.004665,0.01621,6.604e-26,5.656e-06,1.196e-05,0.0001235,2.415e-26,2.899e-06,0.0007217,0.0005049,6.951e-08,0.06525,0.00334,0.01366,0.104,9.914e-06,1.78e-06,0.174
   50520,   50580,0.0032647,0.004716,0.01636,6.7e-26,5.765e-06,1.215e-05,0.0001254,2.449e-26,2.98e-06,0.0007317,0.0005118,7.102e-08,0.06577,0.003383,0.01375,0.1048,1.007e-05,1.829e-06,0.174
   50580,   50640,0.0033094,0.00477,0.01652,6.804e-26,5.88e-06,1.236e-05,0.0001274,2.486e-26,3.063e-06,0.0007425,0.0005191,7.259e-08,0.06632,0.003429,0.01385,0.1056,1.024e-05,1.879e-06,0.174
   50640,   50700,0.0033543,0.004824,0.01668,6.91e-26,6.001e-06,1.257e-05,0.0001295,2.523e-26,3.152e-06,0.0007533,0.0005265,7.427e-08,0.06686,0.003475,0.01394,0.1064,1.042e-05,1.933e-06,0.174
   50700,   50760,0.0034074,0.00487,0.01683,7.011e-26,6.103e-06,1.275e-05,0.0001312,2.558e-26,3.234e-06,0.0007623,0.0005323,7.574e-08,0.06736,0.003511,0.01404,0.1072,1.057e-05,1.983e-06,0.174
   50760,   50820,0.0034473,0.004924,0.01698,7.119e-26,6.23e-06,1.297e-05,0.0001334,2.597e-26,3.326e-06,0.0007737,0.0005402,7.747e-08,0.06789,0.00356,0.01413,0.108,1.075e-05,2.039e-06,0.174
   50820,   50880,0.0034921,0.004978,0.01714,7.229e-26,6.346e-06,1.317e-05,0.0001354,2.635e-26,3.417e-06,0.0007844,0.0005478,7.912e-08,0.0684,0.003607,0.01422,0.1087,1.092e-05,2.094e-06,0.174
   50880,   50940,0.0035372,0.005027,0.01729,7.335e-26,6.458e-06,1.337e-05,0.0001374,2.672e-26,3.505e-06,0.0007946,0.0005546,8.07e-08,0.06889,0.003649,0.01431,0.1095,1.108e-05,2.147e-06,0.174
   50940,   51000,0.0035729,0.005079,0.01744,7.448e-26,6.579e-06,1.359e-05,0.0001395,2.712e-26,3.601e-06,0.0008056,0.0005621,8.243e-08,0.06939,0.003695,0.0144,0.1102,1.126e-05,2.205e-06,0.174
   51000,   51060,0.0036205,0.005131,0.01759,7.564e-26,6.701e-06,1.379e-05,0.0001415,2.753e-26,3.698e-06,0.000816,0.0005691,8.416e-08,0.0699,0.003739,0.01449,0.111,1.143e-05,2.264e-06,0.174
   51060,   51120,0.0036576,0.005179,0.01773,7.674e-26,6.816e-06,1.398e-05,0.0001435,2.791e-26,3.79e-06,0.000826,0.0005759,8.581e-08,0.07036,0.003781,0.01457,0.1117,1.16e-05,2.321e-06,0.174
   51120,   51180,0.003705,0.005229,0.01788,7.793e-26,6.939e-06,1.419e-05,0.0001455,2.833e-26,3.891e-06,0.0008367,0.0005831,8.757e-08,0.07086,0.003825,0.01466,0.1125,1.177e-05,2.382e-06,0.174
   51180,   51240,0.0037476,0.00528,0.01803,7.914e-26,7.062e-06,1.44e-05,0.0001476,2.875e-26,3.992e-06,0.0008473,0.0005902,8.935e-08,0.07134,0.003869,0.01474,0.1132,1.195e-05,2.443e-06,0.174
   51240,   51300,0.0037971,0.005327,0.01816,8.029e-26,7.179e-06,1.46e-05,0.0001495,2.916e-26,4.089e-06,0.0008572,0.000597,9.104e-08,0.07179,0.003911,0.01482,0.1139,1.211e-05,2.503e-06,0.174
   51300,   51360,0.0038482,0.005377,0.01831,8.154e-26,7.304e-06,1.481e-05,0.0001516,2.96e-26,4.194e-06,0.0008678,0.0006041,9.286e-08,0.07226,0.003954,0.01491,0.1146,1.229e-05,2.567e-06,0.174
   51360,   51420,0.0038874,0.005426,0.01845,8.281e-26,7.43e-06,1.502e-05,0.0001536,3.004e-26,4.301e-06,0.0008784,0.0006112,9.469e-08,0.07273,0.003998,0.01499,0.1153,1.246e-05,2.632e-06,0.174
   51420,   51480,0.0039283,0.005472,0.01859,8.403e-26,7.548e-06,1.522e-05,0.0001556,3.046e-26,4.402e-06,0.0008883,0.0006179,9.643e-08,0.07317,0.004039,0.01507,0.1159,1.263e-05,2.694e-06,0.174
   51480,   51540,0.0039752,0.005521,0.01873,8.534e-26,7.675e-06,1.543e-05,0.0001576,3.092e-26,4.512e-06,0.0008988,0.0006249,9.828e-08,0.07363,0.004082,0.01515,0.1166,1.281e-05,2.761e-06,0.174
   51540,   51600,0.0040185,0.005569,0.01887,8.667e-26,7.802e-06,1.564e-05,0.0001597,3.139e-26,4.623e-06,0.0009093,0.0006319,1.002e-07,0.07408,0.004125,0.01523,0.1173,1.298e-05,2.829e-06,0.174
   51600,   51660,0.0040598,0.005614,0.01899,8.795e-26,7.922e-06,1.584e-05,0.0001617,3.183e-26,4.729e-06,0.0009191,0.0006385,1.019e-07,0.0745,0.004165,0.0153,0.1179,1.315e-05,2.894e-06,0.174
   51660,   51720,0.0040996,0.005662,0.01913,8.933e-26,8.051e-06,1.605e-05,0.0001637,3.231e-26,4.844e-06,0.0009295,0.0006455,1.038e-07,0.07495,0.004208,0.01538,0.1186,1.333e-05,2.965e-06,0.174
   51720,   51780,0.00415,0.005709,0.01927,9.073e-26,8.18e-06,1.627e-05,0.0001658,3.28e-26,4.96e-06,0.00094,0.0006525,1.058e-07,0.07539,0.00425,0.01546,0.1193,1.35e-05,3.036e-06,0.174
   51780,   51840,0.0041933,0.005753,0.01939,9.208e-26,8.302e-06,1.647e-05,0.0001677,3.327e-26,5.071e-06,0.0009497,0.000659,1.076e-07,0.07579,0.00429,0.01553,0.1199,1.367e-05,3.104e-06,0.174
   51840,   51900,0.0042361,0.0058,0.01953,9.352e-26,8.431e-06,1.668e-05,0.0001698,3.378e-26,5.189e-06,0.0009601,0.0006659,1.095e-07,0.07622,0.004332,0.0156,0.1205,1.385e-05,3.178e-06,0.174
   51900,   51960,0.00428,0.005846,0.01966,9.5e-26,8.561e-06,1.689e-05,0.0001718,3.429e-26,5.31e-06,0.0009704,0.0006727,1.115e-07,0.07665,0.004374,0.01568,0.1212,1.403e-05,3.252e-06,0.174
   51960,   52020,0.0043181,0.005889,0.01978,9.641e-26,8.684e-06,1.709e-05,0.0001738,3.478e-26,5.425e-06,0.0009801,0.0006792,1.134e-07,0.07704,0.004413,0.01575,0.1217,1.419e-05,3.323e-06,0.174
   52020,   52080,0.0043604,0.005935,0.01991,9.794e-26,8.815e-06,1.73e-05,0.0001758,3.531e-26,5.549e-06,0.0009903,0.000686,1.154e-07,0.07745,0.004454,0.01582,0.1224,1.437e-05,3.4e-06,0.174
   52080,   52140,0.0043999,0.00598,0.02004,9.949e-26,8.947e-06,1.751e-05,0.0001779,3.586e-26,5.675e-06,0.001001,0.0006928,1.174e-07,0.07787,0.004495,0.01589,0.123,1.455e-05,3.477e-06,0.174
   52140,   52200,0.0044353,0.006023,0.02016,1.01e-25,9.071e-06,1.771e-05,0.0001798,3.637e-26,5.795e-06,0.00101,0.0006992,1.193e-07,0.07825,0.004534,0.01596,0.1236,1.472e-05,3.551e-06,0.174
   52200,   52260,0.0044711,0.006067,0.02028,1.026e-25,9.203e-06,1.792e-05,0.0001819,3.693e-26,5.923e-06,0.00102,0.0007059,1.213e-07,0.07865,0.004574,0.01603,0.1242,1.49e-05,3.631e-06,0.174
   52260,   52320,0.0045044,0.006111,0.02041,1.042e-25,9.336e-06,1.813e-05,0.0001839,3.75e-26,6.053e-06,0.00103,0.0007126,1.233e-07,0.07904,0.004615,0.01609,0.1247,1.507e-05,3.712e-06,0.174
   52320,   52380,0.0045414,0.006153,0.02052,1.058e-25,9.461e-06,1.833e-05,0.0001858,3.805e-26,6.177e-06,0.00104,0.0007189,1.253e-07,0.07941,0.004653,0.01616,0.1253,1.524e-05,3.789e-06,0.174
   52380,   52440,0.0045789,0.006196,0.02064,1.075e-25,9.594e-06,1.854e-05,0.0001879,3.864e-26,6.31e-06,0.00105,0.0007255,1.273e-07,0.0798,0.004693,0.01623,0.1259,1.542e-05,3.871e-06,0.174
   52440,   52500,0.0046146,0.00624,0.02076,1.092e-25,9.728e-06,1.875e-05,0.0001899,3.924e-26,6.445e-06,0.00106,0.0007321,1.294e-07,0.08018,0.004733,0.01629,0.1265,1.56e-05,3.955e-06,0.174
   52500,   52560,0.0046586,0.00628,0.02088,1.109e-25,9.853e-06,1.895e-05,0.0001918,3.982e-26,6.573e-06,0.001069,0.0007383,1.314e-07,0.08054,0.00477,0.01635,0.127,1.576e-05,4.035e-06,0.174
