CampaignData_and_Merges/R0/CSL_MobileLab_Parked/raw/20240802/USOS-PTR_MobileLabGround_20240802_R0.ict
58, 1001
Matthew Coggon, Kelvin Bates, Chelsea Stockwell, Carsten Warneke
NOAA ESRL Chemical Sciences Division
NOAA PTR-ToF-MS
USOS
1,1 
2024, 08, 02, 2025, 09, 19
0
Time_Start, seconds, number of seconds from 00:00 UTC 
22
1, 1, 1, 1, 1, 1, 1, 1, 1, 1, 1, 1, 1, 1, 1, 1, 1, 1, 1, 1, 1, 1
-9999, -9999, -9999, -9999, -9999, -9999, -9999, -9999, -9999, -9999, -9999, -9999, -9999, -9999, -9999, -9999, -9999, -9999, -9999, -9999, -9999, -9999
CH3OH_NOAAPTR_ppbv,  ppbv, Gas_CH3OH_InSitu_S_AVMR, (CH3OH) methanol
CH3CN_NOAAPTR_ppbv,  ppbv, Gas_CH3CN_InSitu_S_AVMR, (CH3CN) acetonitrile
CH3CHO_NOAAPTR_ppbv,  ppbv, Gas_CH3CHO_InSitu_S_AVMR, (CH3CHO) acetaldehyde plus contributions from ethylene glycol and ethylene oxide. Interference from ethanol has been subtracted out.
C2H5OH_NOAAPTR_ppbv,  ppbv, Gas_C2H5OH_InSitu_S_AVMR, (C2H5OH) ethanol
CH3SH_NOAAPTR_ppbv,  ppbv, Gas_CH3SH_InSitu_S_AVMR, (CH3SH) methanethiol, using calibration factor for DMS
Acrolein_NOAAPTR_ppbv,  ppbv, Gas_Acrolein_InSitu_S_AVMR, (C3H4O) acrolein
AcetonePropanal_NOAAPTR_ppbv,  ppbv, Gas_AcetoneAndPropanal_InSitu_S_AVMR, (C3H6O) sum of acetone (dominant isomer) and propanal, using calibration factor for acetone
DMS_NOAAPTR_ppbv,  ppbv, Gas_DMS_InSitu_S_AVMR, (C2H6S) dimethyl sulfide with possible small contributions from ethanethiol
C5H8_NOAAPTR_ppbv,  ppbv, Gas_Isoprene_InSitu_S_AVMR, (C5H8) isoprene and possible fragments from cycloalkanes and aldehydes. Interferences have been subtracted following methods described by Coggon et al (2023)
MVKMAC_NOAAPTR_ppbv,  ppbv, Gas_MVKAndMAC_InSitu_S_AVMR, (C4H6O) sum of methyl vinyl ketone, methacrolein, and small amounts of crotonaldehyde, using weighted calibration factor for MVK (0.637) and MACR (0.363)
Benzene_NOAAPTR_ppbv,  ppbv, Gas_Benzene_InSitu_S_AVMR, (C6H6) benzene
Toluene_NOAAPTR_ppbv,  ppbv, Gas_Toluene_InSitu_S_AVMR, (C7H8) toluene with possible small contributions of fragments from ethyltoluene
Styrene_NOAAPTR_ppbv,  ppbv, Gas_Styrene_InSitu_S_AVMR, (C8H8) styrene
Benzaldehyde_NOAAPTR_ppbv,  ppbv, Gas_Benzaldehyde_InSitu_S_AVMR, (C7H6O) benzaldehyde
C8Aromatics_NOAAPTR_ppbv,  ppbv, Gas_C8Aromatics_InSitu_M_AVMR, (C8H10) sum of m-xylene, p-xylene, o-xylene, and ethyl benzene
C9Aromatics_NOAAPTR_ppbv,  ppbv, Gas_C9Aromatics_InSitu_M_AVMR, (C9H12) sum of C9 aromatics
Naphthalene_NOAAPTR_ppbv,  ppbv, Gas_Naphthalene_InSitu_S_AVMR, (C10H8) naphthalene
Octanal_NOAAPTR_ppbv,  ppbv, Gas_Octanal_InSitu_S_AVMR, (C8H16O) octanal and small amounts of octanone
Monoterpenes_NOAAPTR_ppbv,  ppbv, Gas_Monoterpenes_InSitu_M_AVMR, (C10H16) sum of monoterpenes and possible contributions from fragments of oxygenated monoterpenoids such as eucalyptol.
Nonanal_NOAAPTR_ppbv,  ppbv, Gas_Nonanal_InSitu_M_AVMR, (C9H18O) nonanal and small amounts of nonanone
C7H4ClF3_NOAAPTR_ppbv,  ppbv, Gas_C7H4ClF3_InSitu_S_AVMR, (C7H4ClF3) parachlorobenzotrifluoride
C10H30O5Si5_NOAAPTR_ppbv,  ppbv, Gas_C10H30O5Si5_InSitu_S_AVMR, (C10H30O5Si5) decamethylcyclopentasiloxane
1
SPECIAL COMMENTS:N/A
21
PI_CONTACT_INFO: NOAA ESRL Chemical Sciences Division, Tropospheric Chemistry Group. 325 Broadway, R/CSD7, Boulder, CO 80305
PLATFORM: Mobile Laboratory.
LOCATION: Salt Lake City, UT
ASSOCIATED_DATA: N/A
INSTRUMENT_INFO: NOAA PTR-ToF-MS measurements on NOAA CSL Mobile Lab
DATA_INFO: Units: ppbv
UNCERTAINTY: See OTHER_COMMENTS
ULOD_FLAG: -7777
ULOD_VALUE: N/A
LLOD_FLAG: -8888
LLOD_VALUE: N/A.
DM_CONTACT_INFO: Data Managers: Matt Coggon, Kelvin Bates, Chelsea Stockwell; email: matthew.m.coggon@noaa.gov and kelvin.bates@colorado.edu
PROJECT_INFO: USOS Deployment July-August, 2024
STIPULATIONS_ON_USE: Use of these data require prior OK from PI.
OTHER_COMMENTS: Uncertainties:
CH3OH_NOAAPTR_ppbv:30%; CH3CN_NOAAPTR_ppbv:30%; CH3CHO_NOAAPTR_ppbv:30%; C2H5OH_NOAAPTR_ppbv:30%; CH3SH_NOAAPTR_ppbv:50%; Acrolein_NOAAPTR_ppbv:30%; AcetonePropanal_NOAAPTR_ppbv:30%; DMS_NOAAPTR_ppbv:30%; C5H8_NOAAPTR_ppbv:30%; MVKMAC_NOAAPTR_ppbv:30%; 
Benzene_NOAAPTR_ppbv:30%; Toluene_NOAAPTR_ppbv:30%; Styrene_NOAAPTR_ppbv:30%; Benzaldehyde_NOAAPTR_ppbv:30%; C8Aromatics_NOAAPTR_ppbv:30%; C9Aromatics_NOAAPTR_ppbv:30%; Naphthalene_NOAAPTR_ppbv:30%; Octanal_NOAAPTR_ppbv:30%; Monoterpenes_NOAAPTR_ppbv:30%; Nonanal_NOAAPTR_ppbv:30%; 
C7H4ClF3_NOAAPTR_ppbv:30%; C10H30O5Si5_NOAAPTR_ppbv:30%; 
REVISION: R0
R0: Calibrated PTR Data. See individual species comments for details about measurement uncertainties
Time_Start, CH3OH_NOAAPTR_ppbv, CH3CN_NOAAPTR_ppbv, CH3CHO_NOAAPTR_ppbv, C2H5OH_NOAAPTR_ppbv, CH3SH_NOAAPTR_ppbv, Acrolein_NOAAPTR_ppbv, AcetonePropanal_NOAAPTR_ppbv, DMS_NOAAPTR_ppbv, C5H8_NOAAPTR_ppbv, MVKMAC_NOAAPTR_ppbv, Benzene_NOAAPTR_ppbv, Toluene_NOAAPTR_ppbv, Styrene_NOAAPTR_ppbv, Benzaldehyde_NOAAPTR_ppbv, C8Aromatics_NOAAPTR_ppbv, C9Aromatics_NOAAPTR_ppbv, Naphthalene_NOAAPTR_ppbv, Octanal_NOAAPTR_ppbv, Monoterpenes_NOAAPTR_ppbv, Nonanal_NOAAPTR_ppbv, C7H4ClF3_NOAAPTR_ppbv, C10H30O5Si5_NOAAPTR_ppbv
[from data line 1319]
79140.0, 8.21187, 0.33513, 1.30973, 12.05112, 0.00122, 0.19067, 4.03235, 0.01813, 0.40978, 0.57625, 0.10066, 0.19917, 0.01405, -0.04042, 0.07115, 0.03006, -0.00685, 0.01130, 0.17536, 0.03511, 0.00649, 0.00060 
79200.0, 7.77756, 0.35941, 1.40391, 6.75434, -0.00102, 0.21493, 4.06257, 0.00190, 0.35164, 0.60598, 0.08623, 0.21608, 0.00893, -0.01701, 0.07379, 0.03400, 0.00720, 0.02537, 0.14189, 0.02617, 0.00127, 0.00283 
79260.0, 9.02994, 0.34727, 1.56545, 3.99049, 0.00343, 0.25551, 4.25393, -0.00063, 0.36677, 0.60196, 0.09470, 0.28044, 0.00545, -0.00697, 0.08764, 0.03086, -0.00166, 0.02856, 0.13986, 0.03961, 0.00588, 0.00273 
79320.0, 9.01904, 0.35804, 1.38796, 2.26039, 0.00073, 0.21026, 4.17286, 0.02793, 0.43714, 0.57118, 0.10022, 0.23511, 0.01625, -0.00923, 0.09694, 0.03445, -0.01263, 0.04404, 0.18504, 0.03784, 0.00864, 0.00244 
79380.0, 9.29749, 0.33683, 1.67138, 2.38725, 0.00184, 0.24959, 4.30424, 0.01313, 0.50689, 0.62411, 0.11052, 0.25195, 0.01286, -0.00212, 0.09682, 0.05034, -0.00814, 0.06056, 0.44513, 0.07855, 0.00631, 0.00564 
79440.0, 7.86320, 0.33958, 1.28323, 2.06305, 0.00260, 0.22345, 4.09267, 0.01894, 0.37101, 0.60558, 0.11328, 0.22246, 0.00938, -0.01245, 0.06958, 0.02481, -0.00935, 0.02848, 0.20299, 0.05370, 0.00282, 0.00218 
79500.0, 8.23083, 0.34042, 1.45276, 5.14412, 0.00253, 0.21863, 4.12515, 0.00984, 0.41152, 0.59170, 0.09421, 0.19971, 0.01052, -0.03852, 0.06685, 0.02684, -0.00761, 0.03684, 0.11917, 0.02359, 0.00524, 0.00386 
79560.0, 7.31223, 0.33727, 1.15857, 1.24213, 0.00082, 0.16988, 3.95163, -0.00000, 0.11963, 0.53443, 0.11573, 0.15570, 0.00951, -0.02103, 0.05560, 0.01599, -0.00308, 0.03585, 0.06073, 0.02425, 0.00585, 0.00284 
79620.0, 7.81002, 0.35480, 1.32611, 3.07079, -0.00058, 0.22000, 4.13020, 0.00167, 0.11356, 0.57866, 0.08171, 0.18698, 0.01291, -0.01522, 0.05941, 0.02696, -0.01269, 0.02179, 0.06670, 0.01444, 0.00196, -0.00042 
79680.0, 8.22916, 0.32409, 1.52347, 2.70676, -0.00000, 0.21543, 4.17690, 0.00978, 0.25474, 0.58226, 0.14895, 0.22434, 0.01491, -0.00631, 0.08445, 0.01783, -0.00258, 0.03344, 0.22052, 0.04823, 0.00843, 0.00228 
79740.0, 6.74925, 0.32789, 1.43282, 1.34204, 0.00149, 0.27057, 4.04799, 0.00525, 0.24731, 0.57833, 0.05334, 0.23854, 0.01332, -0.02850, 0.08095, 0.03240, -0.00947, 0.02467, 0.11579, 0.03518, 0.00250, 0.00236 
79800.0, 6.66486, 0.32948, 1.34318, 1.32131, 0.00092, 0.22105, 4.15105, 0.00971, 0.20138, 0.56622, 0.11185, 0.20907, 0.00380, -0.02530, 0.06621, 0.02786, 0.00797, 0.01740, 0.09604, 0.02647, 0.00250, 0.00126 
79860.0, 7.84834, 0.34924, 1.93914, 12.91170, 0.00210, 0.28889, 4.32847, 0.02100, 0.39236, 0.64965, 0.64600, 4.49822, -0.00756, -0.04048, 0.82811, 0.24087, 0.00033, 0.04928, 0.09885, 0.03300, 0.00488, 0.00181 
79920.0, 7.22214, 0.33904, 1.41459, 1.30459, 0.00428, 0.20475, 4.12395, -0.00059, 0.33457, 0.61177, 0.11237, 0.22400, 0.00740, -0.02330, 0.08018, 0.02305, -0.01275, 0.02662, 0.21773, 0.04601, 0.00381, 0.00173 
79980.0, 8.68184, 0.33481, 1.44665, 1.59933, 0.00139, 0.20560, 4.22104, 0.00826, 0.41748, 0.62302, 0.15313, 0.26384, 0.01363, -0.00072, 0.09692, 0.03650, 0.01141, 0.03228, 0.29311, 0.04043, 0.00519, 0.00421 
80040.0, 8.08108, 0.33028, 1.74631, 2.13256, 0.00289, 0.25013, 4.34687, -0.00063, 0.59807, 0.64266, 0.13604, 0.29354, 0.01499, -0.02898, 0.11240, 0.04011, 0.00258, 0.06617, 0.35807, 0.04289, -0.00125, 0.00348 
80100.0, 8.85475, 0.34096, 1.61416, 2.03026, 0.00618, 0.24301, 4.32084, 0.00805, 0.42166, 0.61651, 0.18793, 0.29244, 0.01329, -0.00907, 0.10657, 0.04890, 0.02391, 0.05369, 0.32907, 0.04171, 0.00312, 0.00452 
80160.0, 9.37847, 0.31987, 1.69660, 2.17531, 0.00035, 0.27690, 4.30421, -0.00063, 0.46282, 0.62816, 0.20859, 0.33527, 0.03195, 0.00815, 0.12001, 0.04725, 0.00257, 0.05217, 0.35859, 0.04393, 0.00914, 0.00351 
80220.0, 9.27270, 0.33388, 1.63477, 2.03840, 0.00108, 0.27515, 4.39755, 0.01469, 0.47035, 0.64308, 0.10703, 0.25443, -0.00752, -0.02971, 0.10863, 0.03932, -0.01084, 0.03177, 0.32731, 0.04882, 0.00675, 0.00249 
80280.0, 7.32127, 0.35298, 1.28553, 1.34418, -0.00013, 0.22069, 4.08331, 0.02234, 0.08221, 0.58533, 0.05132, 0.20051, -0.00361, -0.04052, 0.07867, 0.03903, -0.00458, 0.04261, 0.11621, 0.02272, 0.00552, 0.00114 
80340.0, 8.15918, 0.35399, 1.45783, 1.50949, -0.00104, 0.22842, 4.17537, 0.01455, 0.15115, 0.59188, 0.08297, 0.22602, 0.00275, -0.01947, 0.08941, 0.04236, -0.00769, 0.06199, 0.20276, 0.03214, 0.00497, 0.00240 
80400.0, 9.62966, 0.34845, 1.68178, 2.48367, 0.00227, 0.25565, 4.36288, 0.01411, 0.39693, 0.58913, 0.14079, 0.52138, 0.01382, -0.00587, 0.14770, 0.04824, -0.00607, 0.04638, 0.23874, 0.05719, 0.00178, 0.00128 
80460.0, 11.51301, 0.34016, 1.90904, 2.32067, 0.00498, 0.29239, 4.72499, 0.04089, 0.35003, 0.64913, 0.16898, 0.46133, -0.00323, 0.00011, 0.14441, 0.06018, 0.00404, 0.04198, 0.26582, 0.07326, 0.00548, 0.00238 
80520.0, 8.62539, 0.32298, 1.58206, 1.84998, -0.00104, 0.24920, 4.27034, 0.00571, 0.38572, 0.58316, 0.13455, 0.29203, 0.00489, -0.02369, 0.11331, 0.04138, -0.01281, 0.04123, 0.25292, 0.03094, 0.00747, 0.00325 
80580.0, 9.00327, 0.32251, 1.64607, 1.79681, 0.00489, 0.20748, 4.28988, 0.01646, 0.51789, 0.62766, 0.08361, 0.31736, 0.00556, -0.01094, 0.10967, 0.03886, -0.00886, 0.04410, 0.29724, 0.04658, 0.00455, 0.00099 
80640.0, 9.83280, 0.32788, 1.77595, 2.93799, 0.00336, 0.27748, 4.40985, 0.01581, 0.51350, 0.60958, 0.21152, 0.71678, 0.01977, -0.03007, 0.22500, 0.07271, -0.00574, 0.05259, 0.26057, 0.06621, 0.00653, 0.00377 
80700.0, 8.18107, 0.34037, 1.64016, 1.62716, 0.00253, 0.23070, 4.28091, 0.01515, 0.31185, 0.58386, 0.05504, 0.34125, -0.00748, -0.03002, 0.12422, 0.03808, -0.01033, 0.02336, 0.16827, 0.03149, 0.00434, 0.00032 
80760.0, 8.46346, 0.36941, 1.70116, 1.94465, -0.00095, 0.27372, 4.33291, 0.01747, 0.48700, 0.58379, 0.14428, 0.33794, -0.00747, -0.02985, 0.12383, 0.04834, -0.01292, 0.04113, 0.19743, 0.05345, 0.01087, 0.00056 
80820.0, 8.80222, 0.33938, 1.78916, 1.84066, 0.00061, 0.20813, 4.39643, -0.00029, 0.48701, 0.60274, 0.10006, 0.34662, 0.01559, -0.02587, 0.11588, 0.04456, -0.00921, 0.04511, 0.21249, 0.03480, 0.00850, 0.00200 
80880.0, 9.75825, 0.35379, 2.02749, 2.63927, 0.00768, 0.26819, 4.54795, 0.01670, 0.58718, 0.64842, 0.13590, 0.38421, -0.00196, -0.01696, 0.12604, 0.04378, -0.00023, 0.05860, 0.44106, 0.06425, 0.00270, 0.00392 
80940.0, 8.11153, 0.35201, 1.51539, 1.45936, 0.00313, 0.21141, 4.30302, 0.00357, 0.27418, 0.58450, 0.13588, 0.30687, 0.01967, -0.00520, 0.09650, 0.03473, -0.00759, 0.03727, 0.13823, 0.03983, 0.00334, 0.00171 
81000.0, 7.78144, 0.32285, 1.49024, 1.53381, -0.00071, 0.20268, 4.19459, 0.00441, 0.29400, 0.57403, 0.10989, 0.31299, 0.00363, -0.00467, 0.09439, 0.03114, -0.00607, 0.02296, 0.07549, 0.00856, 0.00697, 0.00281 
81060.0, 7.46258, 0.33317, 1.49096, 1.43264, 0.00137, 0.19924, 4.33581, 0.00141, 0.33760, 0.59803, 0.12757, 0.30830, -0.00044, -0.00023, 0.10286, 0.03844, -0.00867, 0.04702, 0.13733, 0.04139, 0.00862, 0.00129 
81120.0, 8.73717, 0.35254, 1.56498, 1.71875, 0.00133, 0.24142, 4.40332, 0.01545, 0.43183, 0.58083, 0.08217, 0.33673, 0.01400, -0.01935, 0.10185, 0.03602, 0.00571, 0.02140, 0.15323, 0.03993, 0.00806, 0.00186 
81180.0, 8.77518, 0.31585, 1.69976, 1.44798, 0.00110, 0.27806, 4.49149, 0.01414, 0.43056, 0.62503, 0.15374, 0.35678, 0.03172, 0.00191, 0.09462, 0.04378, 0.00282, 0.04751, 0.36494, 0.05002, 0.00605, 0.00393 
81240.0, 9.74316, 0.33664, 1.98282, 4.97063, 0.00312, 0.29097, 4.61050, 0.01499, 0.63017, 0.66310, 0.24703, 1.33662, 0.01900, 0.01338, 0.29401, 0.09530, 0.00721, 0.04907, 0.21365, 0.09149, 0.00829, 0.00743 
81300.0, -9999.00000, -9999.00000, -9999.00000, -9999.00000, -9999.00000, -9999.00000, -9999.00000, -9999.00000, -9999.00000, -9999.00000, -9999.00000, -9999.00000, -9999.00000, -9999.00000, -9999.00000, -9999.00000, -9999.00000, -9999.00000, -9999.00000, -9999.00000, -9999.00000, -9999.00000 
81360.0, -9999.00000, -9999.00000, -9999.00000, -9999.00000, -9999.00000, -9999.00000, -9999.00000, -9999.00000, -9999.00000, -9999.00000, -9999.00000, -9999.00000, -9999.00000, -9999.00000, -9999.00000, -9999.00000, -9999.00000, -9999.00000, -9999.00000, -9999.00000, -9999.00000, -9999.00000 
81420.0, -9999.00000, -9999.00000, -9999.00000, -9999.00000, -9999.00000, -9999.00000, -9999.00000, -9999.00000, -9999.00000, -9999.00000, -9999.00000, -9999.00000, -9999.00000, -9999.00000, -9999.00000, -9999.00000, -9999.00000, -9999.00000, -9999.00000, -9999.00000, -9999.00000, -9999.00000 
81480.0, -9999.00000, -9999.00000, -9999.00000, -9999.00000, -9999.00000, -9999.00000, -9999.00000, -9999.00000, -9999.00000, -9999.00000, -9999.00000, -9999.00000, -9999.00000, -9999.00000, -9999.00000, -9999.00000, -9999.00000, -9999.00000, -9999.00000, -9999.00000, -9999.00000, -9999.00000 
81540.0, -9999.00000, -9999.00000, -9999.00000, -9999.00000, -9999.00000, -9999.00000, -9999.00000, -9999.00000, -9999.00000, -9999.00000, -9999.00000, -9999.00000, -9999.00000, -9999.00000, -9999.00000, -9999.00000, -9999.00000, -9999.00000, -9999.00000, -9999.00000, -9999.00000, -9999.00000 
81600.0, -9999.00000, -9999.00000, -9999.00000, -9999.00000, -9999.00000, -9999.00000, -9999.00000, -9999.00000, -9999.00000, -9999.00000, -9999.00000, -9999.00000, -9999.00000, -9999.00000, -9999.00000, -9999.00000, -9999.00000, -9999.00000, -9999.00000, -9999.00000, -9999.00000, -9999.00000 
81660.0, -9999.00000, -9999.00000, -9999.00000, -9999.00000, -9999.00000, -9999.00000, -9999.00000, -9999.00000, -9999.00000, -9999.00000, -9999.00000, -9999.00000, -9999.00000, -9999.00000, -9999.00000, -9999.00000, -9999.00000, -9999.00000, -9999.00000, -9999.00000, -9999.00000, -9999.00000 
81720.0, -9999.00000, -9999.00000, -9999.00000, -9999.00000, -9999.00000, -9999.00000, -9999.00000, -9999.00000, -9999.00000, -9999.00000, -9999.00000, -9999.00000, -9999.00000, -9999.00000, -9999.00000, -9999.00000, -9999.00000, -9999.00000, -9999.00000, -9999.00000, -9999.00000, -9999.00000 
81780.0, -9999.00000, -9999.00000, -9999.00000, -9999.00000, -9999.00000, -9999.00000, -9999.00000, -9999.00000, -9999.00000, -9999.00000, -9999.00000, -9999.00000, -9999.00000, -9999.00000, -9999.00000, -9999.00000, -9999.00000, -9999.00000, -9999.00000, -9999.00000, -9999.00000, -9999.00000 
81840.0, -9999.00000, -9999.00000, -9999.00000, -9999.00000, -9999.00000, -9999.00000, -9999.00000, -9999.00000, -9999.00000, -9999.00000, -9999.00000, -9999.00000, -9999.00000, -9999.00000, -9999.00000, -9999.00000, -9999.00000, -9999.00000, -9999.00000, -9999.00000, -9999.00000, -9999.00000 
81900.0, -9999.00000, -9999.00000, -9999.00000, -9999.00000, -9999.00000, -9999.00000, -9999.00000, -9999.00000, -9999.00000, -9999.00000, -9999.00000, -9999.00000, -9999.00000, -9999.00000, -9999.00000, -9999.00000, -9999.00000, -9999.00000, -9999.00000, -9999.00000, -9999.00000, -9999.00000 
81960.0, 8.01448, 0.34367, 1.57651, 1.46236, 0.00222, 0.21104, 4.27760, 0.01084, 0.40614, 0.58976, 0.17094, 0.22768, 0.01776, 0.01718, 0.07709, 0.03883, 0.00725, 0.03001, 0.13915, 0.04166, 0.00103, 0.00090 
82020.0, 10.03505, 0.34048, 1.76501, 2.17719, 0.00366, 0.26616, 4.50565, 0.02062, 0.41628, 0.62347, 0.07824, 0.21325, 0.01034, -0.01439, 0.08648, 0.03932, -0.00429, 0.04759, 0.37267, 0.06903, 0.00404, 0.00365 
82080.0, 7.54081, 0.33131, 1.47099, 1.69064, 0.00592, 0.20735, 4.15673, 0.00859, 0.26184, 0.56344, 0.10585, 0.19970, 0.01262, -0.00937, 0.06650, 0.02808, 0.01322, 0.03320, 0.21194, 0.02462, 0.00289, 0.00377 
82140.0, 8.57330, 0.34872, 1.40086, 1.24569, 0.00311, 0.19585, 4.19882, 0.02581, 0.25108, 0.56300, 0.11712, 0.21196, 0.01269, 0.00876, 0.06202, 0.02102, 0.00627, 0.04635, 0.17097, 0.04555, 0.00261, 0.00139 
82200.0, 7.65131, 0.34131, 1.46125, 1.82511, 0.00263, 0.21470, 4.26663, 0.00760, 0.42962, 0.57555, 0.09272, 0.20060, -0.00109, -0.00603, 0.06623, 0.03733, -0.00378, 0.02762, 0.25960, 0.03556, 0.00197, 0.00378 
82260.0, 9.33349, 0.35741, 1.56685, 2.17141, 0.00173, 0.21219, 4.27105, 0.01069, 0.60787, 0.62277, 0.14503, 0.28595, 0.01676, -0.00849, 0.10732, 0.03613, -0.00017, 0.02754, 0.19583, 0.02222, 0.00137, 0.00558 
82320.0, 9.90163, 0.32076, 1.50417, 2.29566, 0.00144, 0.23340, 4.30110, 0.00035, 0.70547, 0.58800, 0.10037, 0.20810, 0.00409, -0.01015, 0.08797, 0.04046, -0.01265, 0.02559, 0.21718, 0.03773, 0.00648, 0.00377 
82380.0, 7.15985, 0.34052, 1.02811, 1.30801, -0.00103, 0.18069, 3.92780, 0.00490, 0.20749, 0.54331, 0.06362, 0.13358, -0.00735, -0.01801, 0.04197, 0.02352, 0.00260, 0.02286, 0.08767, 0.02991, 0.00568, 0.00118 
82440.0, 7.87850, 0.34282, 1.17321, 1.84499, 0.00069, 0.18562, 4.05034, 0.00674, 0.28711, 0.56471, 0.08522, 0.15757, -0.00734, -0.02451, 0.06565, 0.01256, -0.00831, 0.02217, 0.09445, 0.02169, 0.00099, -0.00004 
82500.0, 7.02936, 0.33864, 1.26131, 1.53498, -0.00103, 0.19924, 4.11378, 0.02515, 0.39233, 0.56856, 0.06119, 0.16818, 0.00726, 0.00098, 0.07279, 0.02223, -0.01256, 0.01859, 0.09133, 0.01993, 0.00607, 0.00261 
82560.0, 7.23848, 0.33969, 1.16226, 1.36205, 0.00432, 0.18344, 4.02225, 0.01674, 0.30197, 0.56923, 0.09143, 0.17807, 0.00933, -0.04052, 0.07693, 0.02699, -0.01253, 0.02889, 0.06304, 0.02884, 0.00707, 0.00239 
82620.0, 8.06133, 0.33727, 1.34287, 1.52257, 0.00118, 0.18333, 4.09281, 0.02024, 0.50401, 0.59481, 0.12461, 0.19148, 0.01831, -0.02720, 0.06957, 0.03378, -0.00377, 0.02657, 0.13798, 0.02277, 0.00426, 0.00125 
82680.0, 9.01037, 0.34190, 1.36152, 1.55162, 0.00309, 0.22538, 4.24811, 0.01134, 0.52663, 0.56313, 0.11272, 0.16119, 0.02365, -0.00870, 0.07510, 0.03419, 0.00084, 0.02130, 0.20303, 0.04299, 0.00666, 0.00124 
82740.0, 8.78010, 0.32021, 1.32789, 1.82395, 0.00015, 0.24027, 4.39625, 0.00936, 0.50095, 0.57330, 0.12663, 0.33044, 0.01563, -0.01872, 0.11315, 0.04813, -0.00922, 0.04545, 0.19005, 0.05137, 0.00483, 0.00265 
82800.0, 7.97952, 0.33652, 1.19070, 1.66244, 0.00556, 0.19371, 4.13836, 0.00069, 0.34296, 0.58804, 0.15390, 0.10714, 0.01746, 0.00573, 0.04376, 0.03103, -0.00184, 0.02601, 0.20114, 0.02547, 0.00582, 0.00044 
82860.0, 7.64926, 0.34229, 1.17121, 1.43050, 0.00217, 0.19003, 4.10592, 0.01742, 0.40084, 0.57594, 0.04897, 0.12098, 0.00885, -0.02677, 0.04760, 0.03140, 0.00123, 0.02296, 0.22693, 0.03235, 0.00438, -0.00019 
82920.0, 8.08363, 0.32495, 1.26413, 1.75152, 0.00186, 0.22778, 4.13156, 0.00509, 0.44220, 0.54387, 0.10044, 0.10631, -0.00118, -0.01706, 0.06328, 0.01921, 0.00367, 0.02147, 0.28345, 0.03623, 0.00642, 0.00022 
82980.0, 7.78278, 0.32574, 1.09010, 1.90747, 0.00086, 0.20668, 3.97097, 0.01868, 0.36750, 0.55203, 0.06047, 0.12325, 0.01330, -0.02706, 0.05424, 0.02481, 0.00373, 0.02041, 0.13732, 0.02881, 0.00605, 0.00179 
83040.0, 7.97013, 0.33311, 1.22796, 1.59539, 0.00340, 0.20632, 3.99958, 0.01523, 0.45942, 0.57021, 0.11661, 0.15127, -0.00291, -0.03854, 0.08607, 0.02737, -0.00164, 0.01600, 0.12860, 0.01823, 0.00519, 0.00393 
83100.0, 8.06900, 0.33250, 1.23580, 1.53560, 0.00169, 0.18301, 4.05640, 0.00639, 0.47479, 0.55357, 0.09432, 0.11006, 0.00725, -0.02775, 0.07557, 0.02211, -0.01121, 0.02834, 0.22549, 0.01837, 0.00205, 0.00169 
83160.0, 8.30882, 0.36142, 1.19962, 1.86460, 0.00311, 0.20202, 4.08698, 0.00937, 0.41309, 0.59512, 0.07997, 0.12929, 0.00748, -0.03041, 0.08351, 0.03152, -0.00872, 0.02618, 0.15796, 0.04503, 0.00298, 0.00226 
83220.0, 8.42010, 0.34133, 1.18957, 2.12734, 0.00079, 0.20919, 4.00270, 0.00913, 0.36709, 0.56602, 0.07884, 0.13233, 0.00711, -0.03199, 0.08588, 0.03051, 0.00068, 0.01187, 0.12973, 0.03138, 0.00305, 0.00475 
83280.0, 8.37060, 0.33079, 1.26262, 2.17903, 0.00053, 0.20041, 4.01869, 0.02104, 0.38293, 0.58349, 0.07215, 0.22781, 0.01532, -0.03245, 0.10566, 0.04164, 0.01181, 0.03585, 0.18095, 0.04007, 0.00739, 0.00423 
83340.0, 7.72382, 0.33033, 1.07574, 1.35651, 0.00167, 0.20381, 3.90694, 0.01215, 0.37714, 0.56456, 0.06611, 0.11294, 0.00276, -0.01844, 0.05319, 0.02306, -0.01216, 0.03157, 0.17480, 0.02202, 0.00137, 0.00124 
