CampaignData_and_Merges/R0/CSL_MobileLab_Parked/raw/20240802/USOS-Picarro-CO2-CH4-CO-H2O_MobileLabGround_20240802_R0.ict
38, 1001
Ilana Pollack, Nell Schafer, and Jeff Peischl
NOAA Chemical Sciences Laboratory
Picarro 2401-m CO2/CH4/CO/H2O Analyzer
USOS
1, 1
2024, 08, 02, 2024, 11, 20
0
StartTime_UTC, seconds_past_midnight, seconds past midnight
5
1, 1, 1, 1, 1
-9999, -9999, -9999, -9999, -9999
StopTime_UTC, seconds_past_midnight, seconds past midnight
CO2_ppm_1min, ppm, Gas_CO2_InSitu_S_DMF, carbon dioxide mixing ratio
CH4_ppb_1min, ppb, Gas_CH4_InSitu_S_DMF, methane mixing ratio
CO_ppb_1min, ppb, Gas_CO_InSitu_S_DMF, carbon monoxide mixing ratio
H2O_ppmv_1min, ppmv, Met_H2OMRV_InSitu_S_AVMR, water vapor mixing ratio
1
SPECIAL COMMENTS: N/A
18
PI_CONTACT_INFO: Address: NOAA Chemical Sciences Laboratory, Mail Stop CSL7, 325 Broadway, Boulder, CO 80305; Email: Ilana.Pollack@noaa.gov
PLATFORM: NOAA CSL Mobile Laboratory
LOCATION: The mobile lab was stationed in Salt Lake City, Utah.
ASSOCIATED_DATA: N/A
INSTRUMENT_INFO: CO2, CH4, and CO are reported as dry air mole fractions using a commercial wavelength-scanned cavity ring-down analyzer (Picarro 2401-m). An in-field calibration gas standard of 432±0.07 ppm CO2, 2095±1 ppb CH4, and 183±1 ppb CO, calibrated in the Boulder laboratories before and after the field project using primary CO2, CH4, and CO standard tanks tied to the WMO standard (X2019, X2004A, and X2014A, respectively) from the Global Monitoring Laboratory (GML), was delivered to the inlet every 2-3 days to evaluate instrument sensitivity. A H2O measurement was calibrated before the project with a Dew Point Mirror 373 hygrometer. The water correction calculated from these calibrations was applied to the H2O measurement for the entire campaign. Species are measured at 0.5 Hz and reported as 1-minute averages for stationary measurements.
DATA_INFO: Units: CO2, ppm, dry air mole fraction; CH4, ppb, dry air mole fraction; CO, ppb, dry air mole fraction; H2O, ppmv
UNCERTAINTY: Total uncertainties are estimated as ±0.1 ppm for CO2, ±1 ppb for CH4, ±5 ppb for CO, and ±(50 ppm + 4%) for H2O.
ULOD_FLAG: -7777
ULOD_VALUE: N/A
LLOD_FLAG: -8888
LLOD_VALUE: N/A
DM_CONTACT_INFO: Data Manager: Nathan Howard; nathan.h.howard@noaa.gov
PROJECT_INFO: USOS Dates of Study: July – August 2024
STIPULATIONS_ON_USE: Use of these data require prior ok from PI.
OTHER_COMMENTS: Data are averaged to 1 minute intervals. Stationary data collected from a 10 ft tower on top of the mobile van.
REVISION: R0
R0: Final Data
StartTime_UTC, StopTime_UTC, CO2_ppm_1min, CH4_ppb_1min, CO_ppb_1min, H2O_ppmv_1min
[from data line 391]
23460,23520,453.91,2036.9,260.3,8761.0801
23520,23580,446.39,2017.0,244.6,8209.5684
23580,23640,440.93,1998.7,228.3,7835.7661
23640,23700,442.25,2001.1,227.1,7914.8311
23700,23760,456.67,2040.6,254.5,8924.1387
23760,23820,458.44,2041.9,267.0,9102.9746
23820,23880,459.11,2041.1,265.1,9105.0762
23880,23940,453.60,2026.9,263.6,8689.8184
23940,24000,453.63,2024.1,266.4,8609.9209
24000,24060,449.24,2012.1,262.4,8262.2822
24060,24120,448.45,2009.6,267.7,8200.5801
24120,24180,435.68,1984.5,214.4,7505.7739
24180,24240,436.89,1983.3,211.6,7689.1235
24240,24300,433.92,1978.9,204.4,7517.2642
24300,24360,431.04,1975.1,202.0,7393.1694
24360,24420,431.55,1975.7,202.2,7438.3818
24420,24480,431.48,1975.2,197.2,7402.0488
24480,24540,432.81,1974.9,202.6,7479.3223
24540,24600,430.87,1973.3,193.5,7446.9854
24600,24660,431.17,1972.9,193.9,7508.0249
24660,24720,432.62,1975.7,195.0,7535.7563
24720,24780,437.37,1990.4,204.8,7815.4316
24780,24840,433.04,1980.8,201.8,7548.8252
24840,24900,434.18,1983.7,201.4,7619.8569
24900,24960,429.94,1975.7,199.6,7340.3555
24960,25020,436.04,1985.2,213.3,7676.7432
25020,25080,440.02,1989.2,222.9,7790.3438
25080,25140,435.95,1982.2,209.6,7680.9971
25140,25200,432.57,1978.7,200.4,7471.4785
25200,25260,434.57,1981.8,199.8,7561.8320
25260,25320,435.39,1983.9,202.8,7654.4072
25320,25380,432.76,1979.5,198.9,7551.6426
25380,25440,443.69,2003.8,215.8,8177.5449
25440,25500,456.24,2051.6,239.9,8858.3535
25500,25560,460.80,2066.0,242.2,9135.7227
25560,25620,457.19,2062.8,242.7,8946.3994
25620,25680,460.09,2069.6,249.4,9144.8359
25680,25740,460.51,2074.9,258.0,9162.0537
25740,25800,458.44,2063.3,250.7,9067.6885
25800,25860,460.06,2070.8,254.8,9195.5811
25860,25920,461.72,2083.0,268.1,9281.0830
25920,25980,462.68,2109.9,280.2,9350.0479
25980,26040,455.56,2065.3,255.8,8973.4150
26040,26100,464.28,2093.5,277.8,9449.6445
26100,26160,466.90,2104.3,284.8,9589.3662
26160,26220,464.65,2097.4,283.6,9450.4590
26220,26280,466.56,2094.8,280.3,9595.8613
26280,26340,466.12,2088.2,278.9,9539.2822
26340,26400,465.74,2089.7,283.7,9518.9893
26400,26460,466.93,2097.7,283.9,9607.2520
26460,26520,467.78,2097.0,281.1,9689.3379
26520,26580,469.62,2100.9,288.5,9770.5586
26580,26640,469.70,2104.7,289.7,9773.5518
26640,26700,470.26,2100.3,287.2,9793.3643
26700,26760,470.99,2101.1,289.6,9806.8340
26760,26820,469.29,2094.9,283.9,9706.6104
26820,26880,471.62,2100.5,288.6,9843.0410
26880,26940,468.61,2090.9,282.7,9718.2217
26940,27000,468.19,2086.4,278.2,9667.4307
27000,27060,473.76,2102.6,287.4,9965.6592
27060,27120,471.75,2101.8,286.8,9875.2861
27120,27180,470.18,2096.0,282.3,9760.0938
27180,27240,469.86,2098.9,281.9,9734.6123
27240,27300,467.55,2093.7,278.0,9587.6641
27300,27360,470.80,2091.6,282.3,9900.5684
27360,27420,475.12,2100.7,285.0,10125.9951
27420,27480,472.86,2098.7,284.6,9940.2090
27480,27540,471.70,2093.1,280.6,9849.2852
27540,27600,472.42,2080.3,276.0,9843.2695
27600,27660,464.43,2055.1,265.8,9450.4873
27660,27720,458.73,2042.6,253.8,9133.6768
27720,27780,458.60,2042.0,253.7,9125.2852
27780,27840,464.21,2049.8,290.3,9391.5020
27840,27900,467.20,2055.6,308.2,9508.4219
27900,27960,459.61,2043.0,275.9,9059.6211
27960,28020,453.77,2030.1,240.5,8736.3662
28020,28080,459.65,2037.3,246.3,9058.2090
28080,28140,462.68,2043.1,251.8,9237.7842
28140,28200,456.10,2034.4,248.4,8896.9609
28200,28260,452.99,2030.3,247.3,8706.1523
28260,28320,458.62,2042.9,252.8,9084.2314
28320,28380,456.84,2033.4,247.3,8964.4854
28380,28440,453.63,2031.3,244.3,8794.4893
28440,28500,455.61,2038.5,244.0,8865.0166
28500,28560,456.73,2043.9,243.6,8973.0527
28560,28620,453.20,2036.1,240.0,8729.7637
28620,28680,452.19,2036.8,236.8,8649.9326
28680,28740,457.79,2036.2,237.9,8965.8457
28740,28800,457.83,2040.7,240.5,8981.2559
28800,28860,458.14,2048.0,241.2,9041.3613
28860,28920,454.49,2043.1,237.8,8792.9492
28920,28980,449.98,2034.0,233.0,8441.7432
28980,29040,452.97,2037.7,234.2,8617.5762
29040,29100,459.52,2048.9,240.1,9028.6123
29100,29160,458.32,2058.9,243.9,8978.5938
29160,29220,459.84,2060.1,242.4,9112.2666
29220,29280,459.23,2054.4,243.4,9024.5986
29280,29340,458.66,2056.8,241.6,9061.2285
29340,29400,460.87,2068.5,245.6,9215.4609
29400,29460,461.39,2059.0,247.2,9206.0869
29460,29520,460.73,2057.1,248.0,9144.8389
29520,29580,462.27,2059.6,248.9,9307.7197
29580,29640,463.44,2060.2,249.8,9395.3506
29640,29700,463.84,2059.5,250.3,9419.1621
29700,29760,465.87,2065.2,250.9,9534.1729
29760,29820,466.35,2076.1,255.2,9640.3818
29820,29880,469.10,2083.0,262.0,9795.6953
29880,29940,470.08,2086.7,261.8,9886.9219
29940,30000,471.45,2087.9,263.3,9921.8984
30000,30060,469.59,2095.1,265.5,9828.6934
30060,30120,471.63,2097.8,269.4,9979.9199
30120,30180,471.00,2098.4,274.0,9985.3506
30180,30240,470.04,2092.7,272.7,9910.8438
30240,30300,466.59,2086.9,266.1,9655.9609
30300,30360,467.74,2085.4,264.0,9696.4912
30360,30420,465.71,2081.8,262.9,9546.9941
30420,30480,464.99,2080.0,261.1,9488.5508
30480,30540,466.10,2080.4,260.6,9519.4443
30540,30600,466.61,2077.8,262.5,9531.7021
30600,30660,464.19,2075.7,264.0,9420.0830
30660,30720,466.79,2081.8,265.2,9564.6865
30720,30780,466.61,2082.9,266.4,9612.2158
30780,30840,460.82,2073.9,268.9,9346.8652
30840,30900,466.97,2083.2,268.5,9636.0547
30900,30960,468.94,2084.7,268.5,9729.5596
30960,31020,468.89,2083.9,267.9,9722.3350
31020,31080,468.53,2084.2,270.5,9694.1875
31080,31140,470.78,2090.9,268.5,9799.7813
31140,31200,469.19,2086.5,268.4,9716.9043
31200,31260,467.77,2083.5,272.1,9643.3398
31260,31320,469.58,2087.2,269.7,9733.5977
31320,31380,471.47,2084.1,268.3,9797.6729
31380,31440,472.91,2084.6,268.7,9928.7021
31440,31500,474.55,2089.5,268.5,10038.0078
31500,31560,471.67,2084.5,265.4,9934.3467
31560,31620,471.82,2087.1,267.2,9944.6328
31620,31680,474.13,2112.4,267.5,10081.0654
31680,31740,476.66,2114.1,268.2,10235.4883
31740,31800,475.00,2111.5,271.6,10157.1074
31800,31860,471.36,2107.8,273.8,9961.8916
31860,31920,470.94,2107.0,278.7,9934.1689
31920,31980,473.09,2109.4,282.5,10074.3350
31980,32040,475.83,2118.4,279.7,10273.5293
32040,32100,479.75,2122.5,278.8,10459.3262
32100,32160,477.27,2122.8,277.2,10367.4814
32160,32220,476.34,2125.4,276.9,10387.9111
32220,32280,478.78,2133.7,280.2,10493.2129
32280,32340,474.08,2117.8,267.2,10213.9248
32340,32400,476.21,2119.3,266.0,10276.8945
32400,32460,475.90,2127.0,270.8,10314.5742
32460,32520,473.32,2116.1,267.6,10129.6914
32520,32580,473.31,2107.4,273.5,10036.2891
32580,32640,477.59,2109.8,275.8,10212.5879
32640,32700,474.02,2106.1,276.7,9988.0020
32700,32760,475.80,2108.2,287.0,10114.1807
32760,32820,474.74,2109.4,288.6,10074.3652
32820,32880,473.89,2112.6,285.2,10079.2471
32880,32940,473.04,2114.2,301.2,10064.4355
32940,33000,470.26,2109.0,299.3,9909.2852
33000,33060,469.74,2105.5,297.9,9886.3945
33060,33120,472.07,2107.6,293.1,9961.1680
33120,33180,473.29,2109.1,292.9,10025.0732
33180,33240,477.02,2114.8,290.3,10209.6436
33240,33300,476.10,2114.8,291.9,10151.4414
33300,33360,475.40,2114.5,289.0,10157.7354
33360,33420,473.83,2111.1,293.2,10081.8057
33420,33480,476.57,2115.4,334.1,10118.6680
33480,33540,477.49,2105.7,288.7,10218.8838
33540,33600,475.53,2110.4,283.8,10248.8623
33600,33660,474.24,2120.2,286.1,10264.2480
33660,33720,473.86,2118.1,285.5,10262.0361
33720,33780,471.78,2113.0,289.3,10225.5508
33780,33840,474.95,2113.9,287.5,10310.2295
33840,33900,476.42,2121.0,286.5,10296.7295
33900,33960,474.62,2114.1,287.0,10224.2480
33960,34020,471.91,2102.7,282.5,10108.6699
34020,34080,472.70,2106.7,285.5,10152.8271
34080,34140,472.96,2106.1,288.2,10152.8906
34140,34200,473.15,2105.3,285.6,10147.3662
34200,34260,472.06,2101.5,284.0,10090.0684
34260,34320,472.11,2097.6,280.9,10057.3408
34320,34380,470.89,2102.7,282.4,10021.1299
34380,34440,471.01,2099.1,281.2,10038.3486
34440,34500,472.23,2101.4,280.9,10081.7344
34500,34560,474.80,2107.4,279.7,10148.4746
34560,34620,477.01,2129.4,283.4,10317.4561
34620,34680,477.68,2120.5,281.0,10381.4990
34680,34740,479.47,2119.5,278.2,10436.6631
34740,34800,480.24,2119.9,276.0,10483.8291
34800,34860,480.24,2107.2,274.3,10416.2168
34860,34920,479.79,2104.5,273.4,10388.4219
34920,34980,480.20,2101.2,272.6,10439.8848
34980,35040,481.16,2105.5,280.9,10413.8496
35040,35100,482.16,2110.3,283.6,10439.6895
35100,35160,480.67,2103.8,278.4,10456.5049
35160,35220,477.85,2110.0,285.7,10405.5781
35220,35280,478.92,2112.3,284.6,10390.4570
35280,35340,475.96,2104.1,279.1,10246.0811
35340,35400,482.33,2114.3,279.2,10588.2939
35400,35460,484.38,2114.2,279.7,10668.4063
35460,35520,481.59,2106.8,281.7,10488.3818
35520,35580,464.48,2073.2,265.3,9773.6221
35580,35640,485.40,2097.2,284.9,10561.9063
35640,35700,482.63,2117.5,278.3,10584.7373
35700,35760,480.24,2121.7,274.4,10518.8174
35760,35820,478.86,2117.9,274.5,10458.1162
35820,35880,483.69,2130.1,274.6,10725.3623
35880,35940,482.22,2134.9,275.4,10647.6318
35940,36000,482.41,2149.0,272.0,10665.2627
36000,36060,482.93,2147.0,272.0,10712.2383
36060,36120,482.40,2145.0,272.1,10688.8945
36120,36180,481.32,2148.7,270.3,10626.5195
36180,36240,479.88,2146.4,269.3,10551.3408
36240,36300,482.13,2144.1,269.6,10641.7637
36300,36360,481.54,2139.2,267.9,10672.8506
36360,36420,482.03,2143.6,266.7,10723.0352
36420,36480,483.38,2153.6,269.4,10826.0430
36480,36540,482.74,2153.5,265.0,10759.3730
36540,36600,483.33,2173.7,265.8,10802.5352
36600,36660,480.33,2166.0,261.6,10657.0400
36660,36720,484.49,2171.9,262.9,10890.5039
36720,36780,479.70,2162.9,258.5,10625.2529
36780,36840,483.01,2148.9,260.5,10752.7559
36840,36900,479.15,2128.2,258.8,10640.4033
36900,36960,479.92,2130.2,256.1,10698.1650
36960,37020,476.96,2121.0,255.4,10589.9102
37020,37080,478.03,2126.6,254.2,10614.6279
37080,37140,476.52,2122.5,252.7,10541.7041
37140,37200,476.37,2122.8,253.4,10535.1416
37200,37260,477.41,2126.1,253.8,10587.7441
37260,37320,479.05,2131.2,254.8,10649.6738
37320,37380,478.19,2127.7,252.3,10644.8340
37380,37440,479.23,2119.1,265.2,10622.7910
37440,37500,480.51,2120.4,253.7,10751.2773
37500,37560,481.19,2118.7,260.4,10696.8545
37560,37620,479.30,2113.1,258.5,10714.3184
37620,37680,480.46,2118.2,260.4,10697.4053
37680,37740,481.69,2117.9,258.5,10741.4453
37740,37800,483.40,2113.4,260.4,10821.2041
37800,37860,483.78,2107.4,259.8,10778.1563
37860,37920,477.69,2105.0,262.2,10589.0039
37920,37980,477.96,2104.6,260.7,10594.4111
37980,38040,479.13,2105.1,260.1,10627.6768
38040,38100,479.61,2105.1,260.7,10646.3398
38100,38160,481.73,2109.6,270.1,10705.1201
38160,38220,485.30,2107.9,266.4,10746.7490
38220,38280,483.36,2109.4,267.8,10691.0869
38280,38340,479.68,2109.1,273.6,10679.5967
38340,38400,479.91,2112.2,277.7,10718.5430
38400,38460,474.59,2117.0,278.5,10495.8916
38460,38520,477.95,2120.6,285.5,10661.9834
38520,38580,475.86,2155.6,286.4,10585.3818
38580,38640,481.54,2135.9,283.2,10817.1660
38640,38700,484.66,2125.0,267.3,11071.4756
38700,38760,484.90,2123.8,271.7,11003.0332
38760,38820,487.20,2126.2,268.0,11155.7363
38820,38880,485.27,2127.8,273.4,11036.0527
38880,38940,486.92,2138.1,275.1,11169.3350
38940,39000,488.16,2143.8,274.3,11266.3184
39000,39060,487.70,2142.7,272.3,11205.4756
39060,39120,484.70,2137.1,271.9,11035.9043
39120,39180,483.88,2130.6,272.7,10958.6270
39180,39240,486.20,2133.0,271.2,10984.3584
39240,39300,485.76,2131.2,275.8,11155.1240
39300,39360,484.45,2126.7,270.8,11168.6514
39360,39420,483.60,2128.8,263.5,11081.3398
39420,39480,486.86,2139.1,264.2,11349.0850
39480,39540,485.30,2144.2,262.3,11264.6045
39540,39600,484.60,2146.6,260.0,11173.0391
39600,39660,484.42,2142.6,261.9,11183.6279
39660,39720,474.56,2113.4,270.1,10710.6113
39720,39780,473.41,2102.9,296.8,10624.7900
39780,39840,479.32,2112.2,290.5,10844.0098
39840,39900,466.65,2074.8,250.5,10227.1572
39900,39960,457.66,2044.5,256.5,9728.8867
39960,40020,446.50,2032.2,232.9,9307.5332
40020,40080,448.42,2033.8,233.4,9361.6318
40080,40140,449.28,2033.5,233.7,9354.2666
40140,40200,445.85,2023.5,227.9,9162.1953
40200,40260,449.13,2031.9,235.7,9309.2256
40260,40320,446.59,2031.0,232.7,9237.4766
40320,40380,447.31,2035.1,233.0,9308.5410
40380,40440,448.81,2035.3,235.5,9368.8457
40440,40500,447.54,2030.6,233.1,9261.7881
40500,40560,452.28,2039.9,236.1,9561.8994
40560,40620,457.65,2056.2,268.6,9712.4756
40620,40680,461.20,2068.4,281.5,9868.4512
40680,40740,464.88,2075.8,285.4,10005.8955
40740,40800,464.22,2073.9,293.2,9925.0586
40800,40860,464.99,2074.7,315.0,9901.2939
40860,40920,464.09,2073.6,285.9,9879.5215
40920,40980,469.87,2083.9,281.9,10243.6680
40980,41040,468.72,2083.3,279.0,10138.4414
41040,41100,467.25,2081.7,275.7,10053.7080
41100,41160,467.09,2080.9,273.5,10053.9561
41160,41220,461.53,2062.8,258.8,9717.7207
41220,41280,469.01,2073.5,270.4,10049.4834
41280,41340,468.73,2073.8,263.1,10100.3154
41340,41400,466.48,2077.2,261.9,10025.1133
41400,41460,477.56,2114.3,281.9,10670.9160
41460,41520,478.59,2137.2,281.2,10843.7197
41520,41580,485.74,2165.5,288.7,11285.3574
41580,41640,477.61,2137.7,277.5,10818.9736
41640,41700,476.50,2130.6,276.3,10713.7861
41700,41760,481.83,2145.4,281.3,11010.8389
41760,41820,478.42,2150.4,286.9,10796.1611
41820,41880,477.43,2131.3,281.1,10631.7012
41880,41940,468.38,2097.3,277.8,10035.9805
41940,42000,467.18,2093.0,270.2,9959.5869
42000,42060,470.18,2098.8,276.5,10136.2285
42060,42120,470.48,2099.7,294.3,10156.5117
42120,42180,470.70,2097.2,284.8,10045.9795
42180,42240,470.55,2097.8,286.0,10175.8350
42240,42300,465.93,2100.8,265.4,9855.9570
42300,42360,464.87,2106.0,265.0,9806.7373
42360,42420,472.34,2110.2,291.4,10125.9717
42420,42480,467.65,2092.6,287.6,9901.9785
42480,42540,465.55,2094.8,269.4,9746.3232
42540,42600,466.68,2101.5,267.3,9778.8164
42600,42660,467.36,2102.6,271.3,9783.7246
42660,42720,468.64,2103.9,273.5,9878.4287
42720,42780,467.93,2102.8,271.8,9835.9395
42780,42840,468.14,2100.2,270.8,9860.3379
42840,42900,471.19,2103.9,290.4,10031.1572
42900,42960,472.44,2106.0,346.6,10039.5586
42960,43020,478.60,2112.2,500.7,10186.6006
43020,43080,478.16,2106.2,407.1,10253.0781
43080,43140,476.76,2102.4,310.9,10409.8506
43140,43200,476.08,2099.8,312.5,10390.3877
43200,43260,468.86,2094.8,267.8,10080.5439
43260,43320,474.95,2097.8,284.4,10346.9629
43320,43380,477.43,2099.6,296.3,10504.2402
43380,43440,476.00,2101.7,297.3,10400.4844
43440,43500,479.60,2109.8,300.8,10613.2100
43500,43560,478.21,2106.4,296.2,10533.7764
43560,43620,478.92,2106.3,292.2,10547.6123
43620,43680,481.76,2108.4,285.0,10815.0977
43680,43740,479.33,2103.6,307.5,10571.4355
43740,43800,483.48,2092.5,292.9,10476.8799
43800,43860,468.43,2077.5,259.8,10006.6084
43860,43920,447.18,2030.8,230.6,9233.2285
43920,43980,437.31,2004.2,216.1,8742.1611
43980,44040,443.41,2011.1,262.2,8918.1279
44040,44100,454.01,2030.6,268.7,9413.8965
44100,44160,464.96,2051.9,294.0,9617.2129
44160,44220,456.29,2052.9,271.3,9545.2373
44220,44280,455.86,2054.4,266.6,9553.3389
44280,44340,449.53,2050.2,244.9,9115.0547
44340,44400,448.63,2046.9,241.7,9023.3652
44400,44460,458.49,2052.4,288.6,9475.0986
44460,44520,456.28,2043.4,270.7,9231.8057
44520,44580,461.01,2051.9,275.2,9598.4609
44580,44640,463.98,2052.0,307.7,9723.1475
44640,44700,460.99,2050.4,303.9,9772.8564
44700,44760,465.50,2051.5,310.1,9833.3604
44760,44820,461.46,2050.8,297.8,9696.8418
44820,44880,462.88,2054.0,298.9,9859.6230
44880,44940,461.01,2050.9,291.7,9718.2305
44940,45000,468.44,2074.0,304.0,9965.5049
45000,45060,470.52,2075.3,287.6,10049.7119
45060,45120,472.17,2076.0,287.6,10194.0869
45120,45180,471.85,2072.5,291.5,10215.1025
45180,45240,462.33,2066.2,305.6,9803.1826
45240,45300,463.63,2066.2,303.3,9810.9766
45300,45360,464.23,2065.8,292.1,9890.5498
45360,45420,469.53,2072.2,292.8,10239.5791
45420,45480,470.86,2069.3,311.9,10170.8125
45480,45540,473.75,2068.7,311.9,10278.1006
45540,45600,474.21,2070.8,305.9,10336.1260
45600,45660,471.20,2073.1,291.9,10445.1836
45660,45720,469.97,2071.3,284.6,10307.8154
45720,45780,470.69,2072.4,290.1,10360.2041
45780,45840,471.76,2074.4,292.5,10421.0186
45840,45900,474.17,2073.1,304.2,10469.7490
45900,45960,472.81,2071.6,319.7,10336.9316
