CampaignData_and_Merges/R0/CSL_MobileLab_Parked/raw/20240802/USOS-NOAAIodideCIMS-HCOOH_MobileLabGround_20240802_RA.ict
33, 1001
Michael A Robinson, Chris Jernigan, Subi Thakali
NOAA ESRL Chemical Sciences Laboratory and CIRES, U. of Colorado
NOAA Iodide CIMS Instrument
USOS
1, 1
2024, 08, 02, 2024, 08, 03
1
starttime_UTC, seconds_past_midnight, seconds_of_day_since_00:00:00_UTC
1
1
-9999
HCOOH_NOAACIMS, pptv, Gas_HCOOH_InSitu_S_AVMR, 
0
18
PI_CONTACT_INFO: 325 Broadway, R/CSD 7, Boulder, Colorado 80305; michael.a.robinson@noaa.gov; chris.jernigan@noaa.gov;
PLATFORM: NOAA CSL Mobile Lab
LOCATION: SLC, Utah
ASSOCIATED_DATA: 1Hz data also available on request.
INSTRUMENT_INFO: NOAA I- ToF CIMS
DATA_INFO: All data in parts per trillion by volume (pptv). 1 Hz data is available upon request.
UNCERTAINTY: TBD
ULOD_FLAG: -7777
ULOD_VALUE: N/A
LLOD_FLAG: -8888
LLOD_VALUE: N/A
DM_CONTACT_INFO: Nathan Howard; nathan.h.howard@noaa.gov
PROJECT_INFO: USOS, summer 2024. https://csl.noaa.gov/groups/csl7/measurements/2024usos/
STIPULATIONS_ON_USE: Users are strongly encouraged to contact the PI for proper data usage.
OTHER_COMMENTS: 
REVISION: RA
RA: Preliminary Data; For in-field use only
starttime_UTC, HCOOH_NOAACIMS
[from data line 941]
 56460, 2493.369
 56520, 2560.865
 56580, 2527.556
 56640, 2528.806
 56700, 2504.477
 56760, -9999.000
 56820, -9999.000
 56880, -9999.000
 56940, -9999.000
 57000, -9999.000
 57060, 2556.927
 57120, 2534.551
 57180, 2549.190
 57240, 2500.296
 57300, -9999.000
 57360, 2733.220
 57420, 2354.354
 57480, 2513.725
 57540, 2155.312
 57600, 1939.582
 57660, 2035.031
 57720, 2226.864
 57780, 2183.290
 57840, 2183.210
 57900, 2156.968
 57960, 2260.583
 58020, -9999.000
 58080, -9999.000
 58140, -9999.000
 58200, -9999.000
 58260, -9999.000
 58320, -9999.000
 58380, -9999.000
 58440, -9999.000
 58500, -9999.000
 58560, -9999.000
 58620, -9999.000
 58680, -9999.000
 58740, -9999.000
 58800, -9999.000
 58860, -9999.000
 58920, -9999.000
 58980, -9999.000
 59040, -9999.000
 59100, -9999.000
 59160, -9999.000
 59220, -9999.000
 59280, -9999.000
 59340, -9999.000
 59400, -9999.000
 59460, -9999.000
 59520, -9999.000
 59580, -9999.000
 59640, -9999.000
 59700, -9999.000
 59760, -9999.000
 59820, -9999.000
 59880, -9999.000
 59940, -9999.000
 60000, -9999.000
 60060, -9999.000
 60120, -9999.000
 60180, -9999.000
 60240, -9999.000
 60300, -9999.000
 60360, -9999.000
 60420, -9999.000
 60480, -9999.000
 60540, -9999.000
 60600, -9999.000
 60660, -9999.000
 60720, -9999.000
 60780, -9999.000
 60840, -9999.000
 60900, -9999.000
 60960, -9999.000
 61020, -9999.000
 61080, -9999.000
 61140, -9999.000
 61200, -9999.000
 61260, -9999.000
 61320, -9999.000
 61380, -9999.000
 61440, -9999.000
 61500, -9999.000
 61560, -9999.000
 61620, -9999.000
 61680, 2519.366
 61740, 2541.755
 61800, 2584.364
 61860, -9999.000
 61920, 2823.639
 61980, 2725.309
 62040, 2624.718
 62100, 2714.547
 62160, 2769.157
 62220, 2627.020
 62280, 2627.361
 62340, 2759.983
 62400, 2750.127
 62460, 2698.907
 62520, 2715.793
 62580, 2721.809
 62640, 2705.051
 62700, 2601.757
 62760, 2622.184
 62820, 2624.316
 62880, 2519.086
 62940, 2597.416
 63000, 2524.058
 63060, 2562.242
 63120, 2490.561
 63180, 2517.696
 63240, 2541.812
 63300, 2704.651
 63360, 2455.549
 63420, 2495.013
 63480, 2466.234
 63540, 2530.312
 63600, 2530.695
 63660, 2606.723
 63720, 2504.415
 63780, 2497.204
 63840, 2462.383
 63900, 2409.573
 63960, 2431.105
 64020, 2416.129
 64080, 2535.196
 64140, 2561.833
 64200, 2610.503
 64260, 2537.098
 64320, 2540.593
 64380, 2455.513
 64440, 2549.336
 64500, 2449.353
 64560, 2640.487
 64620, 2389.134
 64680, 2264.168
 64740, 2263.474
 64800, 2245.004
 64860, 2304.073
 64920, 2377.617
 64980, 2317.973
 65040, 2431.241
 65100, 2426.911
 65160, 2215.908
 65220, 2267.744
 65280, 2306.899
 65340, 2215.245
 65400, 2327.320
 65460, 2211.524
 65520, 2114.720
 65580, 2053.082
 65640, 2097.150
 65700, 2220.471
 65760, 2248.426
 65820, 2141.623
 65880, 1982.370
 65940, 1946.349
 66000, 1813.291
 66060, 1890.569
 66120, 2046.548
 66180, 1983.996
 66240, 2141.519
 66300, 2182.128
 66360, 2050.308
 66420, 2160.347
 66480, 2050.984
 66540, 2237.503
 66600, 2161.203
 66660, 2083.382
 66720, 2000.968
 66780, 2017.247
 66840, 2186.421
 66900, 2079.144
 66960, 1899.793
 67020, 1976.391
 67080, 2166.335
 67140, 2011.822
 67200, 2126.334
 67260, 2188.270
 67320, 2138.333
 67380, 2000.715
 67440, 1941.450
 67500, 1995.958
 67560, 2172.610
 67620, 2094.409
 67680, 2120.905
 67740, 2027.976
 67800, 1916.006
 67860, 1667.875
 67920, 1756.451
 67980, 1712.999
 68040, 1766.396
 68100, 1686.678
 68160, 1748.980
 68220, 1705.267
 68280, 1713.417
 68340, 1798.820
 68400, 1731.864
 68460, 1794.151
 68520, 1688.149
 68580, 1587.680
 68640, 1572.668
 68700, 1602.917
 68760, 1753.902
 68820, 1658.951
 68880, 1546.012
 68940, 1690.211
 69000, 1722.525
 69060, 1541.497
 69120, 1570.492
 69180, 1620.633
 69240, -9999.000
 69300, 1771.773
 69360, 1536.495
 69420, 1505.345
 69480, 1468.129
 69540, 1557.968
 69600, 1547.980
 69660, 1523.338
 69720, 1520.607
 69780, 1593.860
 69840, 1618.011
 69900, 1485.410
 69960, 1471.085
 70020, 1642.801
 70080, 1631.750
 70140, 1777.893
 70200, 1596.763
 70260, 1548.898
 70320, 1498.428
 70380, 1545.277
 70440, 1542.190
 70500, 1641.451
 70560, 1712.300
 70620, 1538.550
 70680, 1464.850
 70740, 1562.679
 70800, 1806.745
 70860, 1712.027
 70920, 1758.007
 70980, 1700.683
 71040, 1733.577
 71100, -9999.000
 71160, 1720.320
 71220, 1767.387
 71280, 1621.754
 71340, 1652.801
 71400, 1591.436
 71460, 1489.755
 71520, 1499.185
 71580, 1395.825
 71640, 1619.159
 71700, 1529.780
 71760, 1437.414
 71820, 1473.301
 71880, 1552.920
 71940, 1524.286
 72000, 1636.504
 72060, 1556.164
 72120, 1498.325
 72180, 1534.090
 72240, 1596.455
 72300, 1529.552
 72360, 1666.162
 72420, 1580.035
 72480, 1534.198
 72540, 1571.971
 72600, 1535.493
 72660, 1724.725
 72720, 1609.057
 72780, 1669.648
 72840, 1495.906
 72900, 1446.368
 72960, -9999.000
 73020, 1428.443
 73080, 1540.751
 73140, 1491.063
 73200, 1563.247
 73260, 1454.377
 73320, 1492.493
 73380, 1584.639
 73440, 1441.262
 73500, 1452.079
 73560, 1498.802
 73620, 1346.871
 73680, 1335.693
 73740, 1323.756
 73800, 1418.926
 73860, 1448.886
 73920, 1346.440
 73980, 1256.253
 74040, 1317.713
 74100, 1440.778
 74160, 1487.601
 74220, 1540.050
 74280, 1565.847
 74340, 1511.101
 74400, 1405.129
 74460, 1324.081
 74520, 1410.863
 74580, 1387.078
 74640, 1373.276
 74700, 1465.133
 74760, 1534.589
 74820, 1187.480
 74880, 1199.221
 74940, 1278.107
 75000, 1350.945
 75060, 1239.701
 75120, 1372.597
 75180, 1290.382
 75240, 1370.174
 75300, 1276.592
 75360, 1318.344
 75420, 1241.573
 75480, 1368.975
 75540, 1226.645
 75600, 1316.354
 75660, 1333.413
 75720, 1284.254
 75780, 1201.817
 75840, 1315.428
 75900, 1287.036
 75960, 1189.758
 76020, 1326.796
 76080, 1241.735
 76140, 1213.521
 76200, 1301.712
 76260, 1179.897
 76320, 1190.654
 76380, 1241.547
 76440, 1334.652
 76500, 1342.438
 76560, 1358.991
 76620, -9999.000
 76680, 1201.122
 76740, 1254.057
 76800, 1171.275
 76860, 1211.438
 76920, 1233.144
 76980, 1183.453
 77040, 1122.820
 77100, 1123.699
 77160, 1279.692
 77220, 1203.686
 77280, 1252.599
 77340, 1116.033
 77400, 1162.696
 77460, 1194.716
 77520, 1176.631
 77580, 1269.884
 77640, 1203.524
 77700, 1171.620
 77760, 1111.100
 77820, 1113.717
 77880, 1217.484
 77940, 1210.923
 78000, 1122.224
 78060, 1130.510
 78120, 1219.140
 78180, 1174.313
 78240, 1190.035
 78300, 1201.040
 78360, 1193.989
 78420, 1062.303
 78480, -9999.000
 78540, 980.707
 78600, 1051.797
 78660, 1071.546
 78720, 1139.334
 78780, 1114.454
 78840, 1288.376
 78900, 1144.213
 78960, 1230.337
 79020, 1099.066
 79080, 1109.074
 79140, 1040.493
 79200, 1247.106
 79260, 1142.068
 79320, 1160.795
 79380, 1182.172
 79440, 1097.264
 79500, 1037.808
 79560, 958.699
 79620, 1020.629
 79680, 994.810
 79740, 1092.886
 79800, 961.898
 79860, 1034.636
 79920, 1029.341
 79980, 1093.744
 80040, 1016.126
 80100, 1134.054
 80160, 1172.981
 80220, 1155.179
 80280, 979.439
 80340, -9999.000
 80400, 1150.505
 80460, 1090.806
 80520, 1057.992
 80580, 931.234
 80640, 1114.165
 80700, 1096.176
 80760, 1001.433
 80820, 1179.064
 80880, 1037.640
 80940, 1010.988
 81000, 902.551
 81060, 970.758
 81120, 993.230
 81180, 1051.727
 81240, 992.297
 81300, 1023.003
 81360, 1129.066
 81420, 1033.576
 81480, 1109.207
 81540, 1120.589
 81600, 1008.446
 81660, 1079.214
 81720, 999.186
 81780, 1027.560
 81840, 1063.516
 81900, 1088.714
 81960, 1016.066
 82020, 1154.458
 82080, 966.169
 82140, 989.551
 82200, 902.734
 82260, 1069.363
 82320, 968.397
 82380, 880.618
 82440, 988.322
 82500, 1012.072
 82560, 956.001
 82620, 1013.934
 82680, 970.075
 82740, 1047.653
 82800, 872.176
 82860, 983.048
 82920, 977.662
 82980, 946.965
 83040, 854.994
 83100, 991.300
 83160, 896.977
 83220, 995.101
 83280, 948.106
 83340, 960.749
 83400, 982.795
 83460, 992.079
 83520, 911.015
 83580, 936.080
 83640, 905.399
 83700, 943.863
 83760, 989.453
 83820, 1016.145
 83880, 1025.344
 83940, 969.378
 84000, 1066.851
 84060, 1158.083
 84120, 1108.368
 84180, 1129.348
 84240, 1078.121
 84300, 1055.554
 84360, 1043.616
 84420, 1022.969
 84480, 1061.378
 84540, 989.131
 84600, 1044.553
 84660, 988.635
 84720, 999.830
 84780, 1037.069
 84840, 1067.535
 84900, 974.131
 84960, 1009.691
 85020, 935.852
 85080, 993.387
 85140, 922.864
 85200, 973.862
 85260, 994.324
 85320, 989.201
 85380, 970.257
 85440, 1066.981
 85500, 1014.118
 85560, 1071.611
 85620, 1061.489
 85680, 1061.642
 85740, 1060.655
 85800, 1005.903
 85860, 1053.895
 85920, 918.168
 85980, 948.885
 86040, 1021.467
 86100, 1037.072
 86160, 1006.561
 86220, 1056.300
 86280, 1061.220
 86340, 1044.874
