CampaignData_and_Merges/R0/CSL_MobileLab_Parked/raw/20240802/USOS-PTR_MobileLabGround_20240802_R0.ict
58, 1001
Matthew Coggon, Kelvin Bates, Chelsea Stockwell, Carsten Warneke
NOAA ESRL Chemical Sciences Division
NOAA PTR-ToF-MS
USOS
1,1 
2024, 08, 02, 2025, 09, 19
0
Time_Start, seconds, number of seconds from 00:00 UTC 
22
1, 1, 1, 1, 1, 1, 1, 1, 1, 1, 1, 1, 1, 1, 1, 1, 1, 1, 1, 1, 1, 1
-9999, -9999, -9999, -9999, -9999, -9999, -9999, -9999, -9999, -9999, -9999, -9999, -9999, -9999, -9999, -9999, -9999, -9999, -9999, -9999, -9999, -9999
CH3OH_NOAAPTR_ppbv,  ppbv, Gas_CH3OH_InSitu_S_AVMR, (CH3OH) methanol
CH3CN_NOAAPTR_ppbv,  ppbv, Gas_CH3CN_InSitu_S_AVMR, (CH3CN) acetonitrile
CH3CHO_NOAAPTR_ppbv,  ppbv, Gas_CH3CHO_InSitu_S_AVMR, (CH3CHO) acetaldehyde plus contributions from ethylene glycol and ethylene oxide. Interference from ethanol has been subtracted out.
C2H5OH_NOAAPTR_ppbv,  ppbv, Gas_C2H5OH_InSitu_S_AVMR, (C2H5OH) ethanol
CH3SH_NOAAPTR_ppbv,  ppbv, Gas_CH3SH_InSitu_S_AVMR, (CH3SH) methanethiol, using calibration factor for DMS
Acrolein_NOAAPTR_ppbv,  ppbv, Gas_Acrolein_InSitu_S_AVMR, (C3H4O) acrolein
AcetonePropanal_NOAAPTR_ppbv,  ppbv, Gas_AcetoneAndPropanal_InSitu_S_AVMR, (C3H6O) sum of acetone (dominant isomer) and propanal, using calibration factor for acetone
DMS_NOAAPTR_ppbv,  ppbv, Gas_DMS_InSitu_S_AVMR, (C2H6S) dimethyl sulfide with possible small contributions from ethanethiol
C5H8_NOAAPTR_ppbv,  ppbv, Gas_Isoprene_InSitu_S_AVMR, (C5H8) isoprene and possible fragments from cycloalkanes and aldehydes. Interferences have been subtracted following methods described by Coggon et al (2023)
MVKMAC_NOAAPTR_ppbv,  ppbv, Gas_MVKAndMAC_InSitu_S_AVMR, (C4H6O) sum of methyl vinyl ketone, methacrolein, and small amounts of crotonaldehyde, using weighted calibration factor for MVK (0.637) and MACR (0.363)
Benzene_NOAAPTR_ppbv,  ppbv, Gas_Benzene_InSitu_S_AVMR, (C6H6) benzene
Toluene_NOAAPTR_ppbv,  ppbv, Gas_Toluene_InSitu_S_AVMR, (C7H8) toluene with possible small contributions of fragments from ethyltoluene
Styrene_NOAAPTR_ppbv,  ppbv, Gas_Styrene_InSitu_S_AVMR, (C8H8) styrene
Benzaldehyde_NOAAPTR_ppbv,  ppbv, Gas_Benzaldehyde_InSitu_S_AVMR, (C7H6O) benzaldehyde
C8Aromatics_NOAAPTR_ppbv,  ppbv, Gas_C8Aromatics_InSitu_M_AVMR, (C8H10) sum of m-xylene, p-xylene, o-xylene, and ethyl benzene
C9Aromatics_NOAAPTR_ppbv,  ppbv, Gas_C9Aromatics_InSitu_M_AVMR, (C9H12) sum of C9 aromatics
Naphthalene_NOAAPTR_ppbv,  ppbv, Gas_Naphthalene_InSitu_S_AVMR, (C10H8) naphthalene
Octanal_NOAAPTR_ppbv,  ppbv, Gas_Octanal_InSitu_S_AVMR, (C8H16O) octanal and small amounts of octanone
Monoterpenes_NOAAPTR_ppbv,  ppbv, Gas_Monoterpenes_InSitu_M_AVMR, (C10H16) sum of monoterpenes and possible contributions from fragments of oxygenated monoterpenoids such as eucalyptol.
Nonanal_NOAAPTR_ppbv,  ppbv, Gas_Nonanal_InSitu_M_AVMR, (C9H18O) nonanal and small amounts of nonanone
C7H4ClF3_NOAAPTR_ppbv,  ppbv, Gas_C7H4ClF3_InSitu_S_AVMR, (C7H4ClF3) parachlorobenzotrifluoride
C10H30O5Si5_NOAAPTR_ppbv,  ppbv, Gas_C10H30O5Si5_InSitu_S_AVMR, (C10H30O5Si5) decamethylcyclopentasiloxane
1
SPECIAL COMMENTS:N/A
21
PI_CONTACT_INFO: NOAA ESRL Chemical Sciences Division, Tropospheric Chemistry Group. 325 Broadway, R/CSD7, Boulder, CO 80305
PLATFORM: Mobile Laboratory.
LOCATION: Salt Lake City, UT
ASSOCIATED_DATA: N/A
INSTRUMENT_INFO: NOAA PTR-ToF-MS measurements on NOAA CSL Mobile Lab
DATA_INFO: Units: ppbv
UNCERTAINTY: See OTHER_COMMENTS
ULOD_FLAG: -7777
ULOD_VALUE: N/A
LLOD_FLAG: -8888
LLOD_VALUE: N/A.
DM_CONTACT_INFO: Data Managers: Matt Coggon, Kelvin Bates, Chelsea Stockwell; email: matthew.m.coggon@noaa.gov and kelvin.bates@colorado.edu
PROJECT_INFO: USOS Deployment July-August, 2024
STIPULATIONS_ON_USE: Use of these data require prior OK from PI.
OTHER_COMMENTS: Uncertainties:
CH3OH_NOAAPTR_ppbv:30%; CH3CN_NOAAPTR_ppbv:30%; CH3CHO_NOAAPTR_ppbv:30%; C2H5OH_NOAAPTR_ppbv:30%; CH3SH_NOAAPTR_ppbv:50%; Acrolein_NOAAPTR_ppbv:30%; AcetonePropanal_NOAAPTR_ppbv:30%; DMS_NOAAPTR_ppbv:30%; C5H8_NOAAPTR_ppbv:30%; MVKMAC_NOAAPTR_ppbv:30%; 
Benzene_NOAAPTR_ppbv:30%; Toluene_NOAAPTR_ppbv:30%; Styrene_NOAAPTR_ppbv:30%; Benzaldehyde_NOAAPTR_ppbv:30%; C8Aromatics_NOAAPTR_ppbv:30%; C9Aromatics_NOAAPTR_ppbv:30%; Naphthalene_NOAAPTR_ppbv:30%; Octanal_NOAAPTR_ppbv:30%; Monoterpenes_NOAAPTR_ppbv:30%; Nonanal_NOAAPTR_ppbv:30%; 
C7H4ClF3_NOAAPTR_ppbv:30%; C10H30O5Si5_NOAAPTR_ppbv:30%; 
REVISION: R0
R0: Calibrated PTR Data. See individual species comments for details about measurement uncertainties
Time_Start, CH3OH_NOAAPTR_ppbv, CH3CN_NOAAPTR_ppbv, CH3CHO_NOAAPTR_ppbv, C2H5OH_NOAAPTR_ppbv, CH3SH_NOAAPTR_ppbv, Acrolein_NOAAPTR_ppbv, AcetonePropanal_NOAAPTR_ppbv, DMS_NOAAPTR_ppbv, C5H8_NOAAPTR_ppbv, MVKMAC_NOAAPTR_ppbv, Benzene_NOAAPTR_ppbv, Toluene_NOAAPTR_ppbv, Styrene_NOAAPTR_ppbv, Benzaldehyde_NOAAPTR_ppbv, C8Aromatics_NOAAPTR_ppbv, C9Aromatics_NOAAPTR_ppbv, Naphthalene_NOAAPTR_ppbv, Octanal_NOAAPTR_ppbv, Monoterpenes_NOAAPTR_ppbv, Nonanal_NOAAPTR_ppbv, C7H4ClF3_NOAAPTR_ppbv, C10H30O5Si5_NOAAPTR_ppbv
[from data line 65]
 3900.0, 9.82766, 0.40456, 2.20051, 5.14016, 0.00198, 0.26980, 4.31567, -0.00109, 0.86919, 0.69039, 0.35642, 1.21544, 0.03929, -0.01899, 0.38334, 0.10583, 0.02367, 0.04306, 0.32787, 0.08528, 0.01206, 0.00498 
 3960.0, 10.96312, 0.37613, 2.13563, 3.07839, 0.00200, 0.26798, 4.54753, -0.00110, 0.82962, 0.65244, 0.22455, 0.31740, 0.01810, -0.01900, 0.27673, 0.06343, 0.00449, 0.03876, 0.34025, 0.10019, 0.02116, 0.00451 
 4020.0, 9.17882, 0.36780, 2.04020, 2.59901, 0.00132, 0.24530, 4.07136, -0.00110, 0.80377, 0.63201, 0.18148, 0.31196, 0.01705, -0.01901, 0.18806, 0.05119, -0.00550, 0.05804, 0.29390, 0.10389, 0.01530, 0.00603 
 4080.0, 9.11674, 0.33881, 1.87503, 3.00257, -0.00097, 0.21656, 3.99534, -0.00110, 0.83877, 0.62426, 0.24947, 0.26700, 0.01659, -0.01049, 0.17193, 0.04598, -0.00135, 0.03982, 0.25892, 0.07587, 0.01250, 0.00529 
 4140.0, 9.83632, 0.39332, 1.86350, 2.73948, 0.00144, 0.21619, 4.00781, -0.00110, 0.83597, 0.64407, 0.24182, 0.27861, 0.00528, 0.01596, 0.12306, 0.04492, 0.00801, 0.04397, 0.30097, 0.06373, 0.01385, 0.00661 
 4200.0, 10.26931, 0.35838, 1.90639, 3.06168, 0.00383, 0.23336, 3.98147, -0.00110, 0.90431, 0.62741, 0.18431, 0.25324, 0.01447, -0.01586, 0.12049, 0.04412, 0.00176, 0.05242, 0.25303, 0.06396, 0.02051, 0.00180 
 4260.0, 9.48701, 0.39782, 1.92349, 2.80196, 0.00213, 0.20793, 3.94886, 0.00088, 0.83577, 0.65761, 0.18233, 0.25438, 0.02099, -0.01903, 0.12791, 0.04474, 0.00243, 0.02982, 0.25738, 0.06747, 0.01779, 0.00794 
 4320.0, 9.28119, 0.39601, 1.86081, 2.89326, 0.00102, 0.19997, 3.78785, -0.00111, 0.91984, 0.65596, 0.13167, 0.21648, -0.00617, -0.01701, 0.11552, 0.04427, -0.00565, 0.04296, 0.19970, 0.07662, 0.01822, 0.00309 
 4380.0, 8.63050, 0.36949, 1.82132, 2.95624, 0.00161, 0.23712, 3.77291, -0.00111, 0.90862, 0.69453, 0.14841, 0.24222, -0.00617, -0.01364, 0.10350, 0.04805, -0.00534, 0.04487, 0.22944, 0.07325, 0.01633, 0.00219 
 4440.0, 8.43673, 0.38033, 1.83673, 2.90593, -0.00034, 0.21673, 3.79151, -0.00111, 0.84574, 0.70081, 0.21927, 0.36484, 0.01969, -0.00871, 0.14324, 0.06619, -0.00571, 0.03811, 0.27539, 0.06369, 0.01894, 0.00660 
 4500.0, 8.78635, 0.36866, 1.83693, 3.07029, 0.00377, 0.23149, 3.76950, -0.00111, 0.88589, 0.65404, 0.17819, 0.42207, 0.02545, -0.01261, 0.14795, 0.06256, 0.00204, 0.03543, 0.27660, 0.08441, 0.01157, 0.00343 
 4560.0, 10.50213, 0.37028, 1.97896, 3.15700, 0.00179, 0.22464, 3.76317, -0.00111, 0.96969, 0.64544, 0.13060, 0.40252, 0.01599, -0.01906, 0.15217, 0.05809, 0.00011, 0.04735, 0.28472, 0.10185, 0.01433, 0.00554 
 4620.0, 6.79412, 0.36733, 1.57518, 2.45976, -0.00067, 0.16880, 3.60818, -0.00112, 0.66311, 0.53673, 0.09956, 0.16467, 0.00714, -0.01531, 0.06400, 0.02110, 0.00537, 0.02853, 0.18145, 0.04873, 0.01635, 0.00495 
 4680.0, 8.57122, 0.37046, 1.78674, 2.87249, -0.00061, 0.21952, 3.76913, -0.00112, 0.82911, 0.59719, 0.15582, 0.24459, 0.00361, 0.00320, 0.10212, 0.03751, -0.00583, 0.06935, 0.26909, 0.06807, 0.01634, 0.00668 
 4740.0, 8.96934, 0.37953, 1.77812, 2.97710, 0.00653, 0.20534, 3.86055, -0.00112, 0.83580, 0.57896, 0.13558, 0.23546, 0.01749, -0.01266, 0.10095, 0.04346, 0.00300, 0.05795, 0.28776, 0.05215, 0.01128, 0.00297 
 4800.0, 8.29992, 0.40560, 1.70681, 2.58152, 0.00355, 0.21478, 3.71100, -0.00112, 0.81695, 0.55255, 0.14617, 0.21092, 0.01361, -0.00109, 0.07295, 0.04119, -0.00589, 0.02927, 0.21894, 0.06091, 0.00700, 0.00768 
 4860.0, 8.62386, 0.36088, 1.82411, 2.91829, 0.00216, 0.20508, 3.85555, 0.00058, 0.85197, 0.59525, 0.12205, 0.27051, 0.00482, -0.01910, 0.11528, 0.05510, 0.00866, 0.05507, 0.28406, 0.11123, 0.00897, 0.00744 
 4920.0, 9.83904, 0.36884, 1.87385, 3.44995, 0.00423, 0.24119, 3.85277, 0.01393, 0.80089, 0.59028, 0.17065, 0.25522, 0.02489, -0.01910, 0.13931, 0.05515, -0.00595, 0.04039, 0.30647, 0.10020, 0.00802, 0.00837 
 4980.0, 9.42874, 0.36922, 1.76869, 2.94901, 0.00101, 0.20805, 3.80677, -0.00113, 0.85096, 0.60170, 0.10789, 0.22413, 0.01274, -0.01911, 0.08676, 0.04956, -0.00166, 0.05964, 0.31940, 0.13064, 0.01392, 0.00541 
 5040.0, 10.00272, 0.37570, 1.93303, 2.90174, 0.00386, 0.19811, 3.90102, -0.00113, 0.88675, 0.58904, 0.16918, 0.24340, 0.02128, 0.00131, 0.09991, 0.04842, -0.00344, 0.06876, 0.31005, 0.09887, 0.00878, 0.00485 
 5100.0, 9.28060, 0.35714, 1.70849, 2.84705, 0.00195, 0.20314, 3.74498, -0.00113, 0.88760, 0.55856, 0.14498, 0.27834, 0.02596, -0.01912, 0.12699, 0.05604, 0.00345, 0.03886, 0.25160, 0.06379, 0.00722, 0.00524 
 5160.0, 9.40549, 0.36625, 1.62379, 2.31052, 0.00158, 0.17878, 3.65760, -0.00113, 0.87680, 0.60057, 0.11564, 0.27740, 0.02248, -0.00394, 0.11779, 0.04807, -0.00606, 0.03014, 0.25359, 0.05619, 0.00426, 0.00458 
 5220.0, 10.57007, 0.38174, 1.74465, 2.78590, 0.00138, 0.17984, 3.72698, 0.00387, 0.91184, 0.59942, 0.14288, 0.24630, 0.01616, -0.01913, 0.10987, 0.04977, 0.02038, 0.04235, 0.26441, 0.07721, 0.00570, 0.00629 
 5280.0, 14.51015, 0.38627, 1.72637, 2.66543, 0.00430, 0.18077, 3.63971, -0.00114, 0.81643, 0.59696, 0.13552, 0.23468, 0.01518, -0.00584, 0.09886, 0.04152, -0.00612, 0.04500, 0.21527, 0.05712, 0.00499, 0.00267 
 5340.0, 9.77651, 0.35546, 1.57549, 2.02018, 0.00378, 0.19374, 3.66231, -0.00114, 0.85769, 0.59365, 0.10383, 0.20788, 0.00625, -0.01915, 0.10701, 0.03536, 0.00644, 0.03396, 0.19066, 0.05384, 0.00953, 0.00373 
 5400.0, 8.31448, 0.36819, 1.50970, 2.12478, 0.00120, 0.17944, 3.53842, 0.01890, 0.94406, 0.59075, 0.12398, 0.19359, 0.01008, -0.01915, 0.07594, 0.03866, -0.00165, 0.02894, 0.23436, 0.07187, 0.00887, 0.00275 
 5460.0, 9.33912, 0.36562, 1.60460, 2.85484, 0.00254, 0.19089, 3.66303, 0.01296, 0.96187, 0.58583, 0.04770, 0.16078, 0.01676, -0.01916, 0.09964, 0.03912, 0.00513, 0.02514, 0.24611, 0.04512, 0.01341, 0.00608 
 5520.0, 8.84987, 0.35788, 1.55498, 2.49218, 0.00052, 0.16876, 3.67195, -0.00114, 0.92544, 0.59310, 0.15291, 0.19763, 0.02172, -0.01917, 0.10015, 0.04101, -0.00624, 0.03973, 0.25121, 0.03807, 0.00649, 0.00491 
 5580.0, 11.05987, 0.36814, 1.81528, 3.80043, 0.00261, 0.23563, 3.80340, -0.00114, 0.98663, 0.62977, 0.14400, 0.44983, 0.02090, -0.01917, 0.16761, 0.06838, -0.00388, 0.03990, 0.30336, 0.04948, 0.00470, 0.00493 
 5640.0, 11.51827, 0.35134, 1.83392, 5.14968, 0.00256, 0.24299, 3.82513, 0.00360, 1.12746, 0.61268, 0.24360, 0.89157, 0.03793, -0.01918, 0.31104, 0.11451, -0.00630, 0.04577, 0.31081, 0.10136, 0.00984, 0.00669 
 5700.0, 8.97462, 0.38936, 1.77091, 3.27649, 0.00177, 0.18300, 3.79791, -0.00115, 1.04843, 0.64046, 0.11694, 0.29455, 0.00669, -0.00062, 0.12400, 0.04425, -0.00633, 0.05320, 0.29913, 0.08243, 0.01089, 0.00419 
 5760.0, 10.64991, 0.37997, 1.97563, 6.09070, 0.00254, 0.22868, 3.93791, -0.00115, 0.98349, 0.66123, 0.40917, 1.81364, 0.05060, -0.01919, 0.51039, 0.15985, 0.00858, 0.06363, 0.32014, 0.11250, 0.00961, 0.00312 
 5820.0, 9.25013, 0.37403, 1.79621, 3.62423, 0.00049, 0.19091, 3.76526, -0.00115, 0.96799, 0.69242, 0.12781, 0.28348, 0.02839, -0.01281, 0.12509, 0.05645, 0.01155, 0.04104, 0.27620, 0.06664, 0.01157, 0.00423 
 5880.0, 8.71586, 0.34901, 1.56643, 2.31706, -0.00073, 0.19027, 3.60712, -0.00115, 1.01203, 0.64824, 0.11492, 0.23168, -0.00616, -0.01921, 0.11593, 0.04529, -0.00642, 0.02983, 0.26826, 0.06669, 0.01821, 0.00372 
 5940.0, 9.00351, 0.36137, 1.55409, 2.61749, 0.00127, 0.17838, 3.57018, -0.00115, 1.05944, 0.59824, 0.10676, 0.24139, 0.00815, -0.00904, 0.10731, 0.05232, -0.00645, 0.02675, 0.22531, 0.07531, 0.01327, 0.00548 
 6000.0, 9.36899, 0.36938, 1.71627, 3.37013, -0.00057, 0.22121, 3.71347, -0.00116, 0.98758, 0.64426, 0.15586, 0.25527, -0.00616, -0.01922, 0.11494, 0.05997, -0.00648, 0.04855, 0.27232, 0.08519, 0.01321, 0.00708 
 6060.0, 8.86121, 0.35545, 1.72241, 3.01656, 0.00295, 0.24052, 3.72151, 0.00200, 1.04677, 0.66578, 0.15074, 0.25949, 0.02009, -0.01923, 0.11767, 0.04884, -0.00246, 0.04931, 0.28594, 0.11791, 0.00759, 0.00499 
 6120.0, 9.89364, 0.34332, 1.82899, 3.55361, -0.00057, 0.23396, 3.80734, -0.00116, 1.16863, 0.65052, 0.20250, 0.26877, 0.00693, -0.01923, 0.11732, 0.05108, -0.00653, 0.03128, 0.30408, 0.06963, 0.00962, 0.00550 
 6180.0, 8.49447, 0.38663, 1.64653, 3.16577, -0.00098, 0.24601, 3.66645, -0.00116, 1.15647, 0.61593, 0.13753, 0.24894, 0.00901, -0.01924, 0.11286, 0.03996, 0.00671, 0.03412, 0.23883, 0.05168, 0.01151, 0.00517 
 6240.0, 9.60320, 0.35912, 1.89252, 2.74825, 0.00258, 0.21810, 3.77000, -0.00116, 1.11468, 0.63384, 0.13737, 0.35254, 0.02174, -0.01924, 0.13028, 0.06205, -0.00567, 0.04743, 0.27719, 0.12130, 0.00680, 0.00601 
 6300.0, 10.22954, 0.36761, 1.90281, 3.64096, -0.00073, 0.22141, 3.81348, -0.00117, 1.26442, 0.67976, 0.14555, 0.31855, 0.01434, -0.01925, 0.13719, 0.06348, -0.00662, 0.02176, 0.25882, 0.08439, 0.00397, 0.00675 
 6360.0, 9.45441, 0.33935, 1.78511, 3.74983, -0.00020, 0.22829, 3.73659, 0.01345, 1.05743, 0.65226, 0.14352, 0.22829, -0.00540, 0.00124, 0.13680, 0.07115, 0.00129, 0.04702, 0.28843, 0.07673, 0.00907, 0.00975 
 6420.0, 9.60462, 0.34603, 1.83285, 4.02785, 0.00267, 0.23514, 3.84486, -0.00117, 1.21872, 0.69781, 0.19767, 0.35271, 0.02342, -0.01926, 0.19887, 0.08108, 0.00236, 0.04031, 0.34808, 0.09826, 0.00577, 0.00801 
 6480.0, 9.86212, 0.35246, 1.88447, 4.05501, 0.00723, 0.23486, 3.81821, -0.00117, 1.10082, 0.70021, 0.16576, 0.35300, 0.02493, -0.01927, 0.18079, 0.08434, 0.00466, 0.03623, 0.27029, 0.06729, 0.01214, 0.00783 
 6540.0, 13.97450, 0.36358, 2.10698, 4.77331, 0.00310, 0.25549, 3.99428, -0.00117, 1.18493, 0.69046, 0.22465, 0.48471, 0.03236, -0.01117, 0.22845, 0.08976, 0.01596, 0.06228, 0.31748, 0.13928, 0.00802, 0.00825 
 6600.0, 9.74907, 0.36676, 1.78104, 3.46558, -0.00097, 0.21087, 3.70813, -0.00117, 0.98203, 0.66376, 0.12324, 0.30983, 0.02727, -0.01359, 0.14426, 0.06030, -0.00677, 0.04627, 0.28246, 0.05807, 0.01067, 0.00562 
 6660.0, 8.82892, 0.35553, 1.68907, 3.72101, 0.00136, 0.22084, 3.74281, 0.00278, 1.05504, 0.63640, 0.16653, 0.27544, 0.02434, -0.01929, 0.12841, 0.07332, -0.00680, 0.03050, 0.29399, 0.05695, 0.00854, 0.00703 
 6720.0, 8.72493, 0.34516, 1.57224, 3.19313, 0.00004, 0.19786, 3.68621, 0.01826, 1.02116, 0.64219, 0.12098, 0.20724, -0.00616, -0.01930, 0.11743, 0.05125, -0.00366, 0.04853, 0.24978, 0.06229, 0.00688, 0.00420 
 6780.0, 9.41684, 0.35181, 1.64066, 3.66956, 0.00272, 0.19271, 3.68202, -0.00118, 0.95074, 0.63275, 0.11191, 0.25782, 0.01135, -0.01930, 0.12028, 0.04608, 0.00245, 0.04717, 0.25252, 0.06059, 0.00691, 0.00390 
 6840.0, 9.07319, 0.35330, 1.87937, 3.76399, 0.00420, 0.20616, 3.80704, -0.00118, 0.98264, 0.62478, 0.13791, 0.28752, 0.02455, -0.01635, 0.12266, 0.07226, -0.00689, 0.04070, 0.29909, 0.07400, 0.00467, 0.00788 
 6900.0, 9.80199, 0.35348, 1.68720, 3.40033, -0.00071, 0.19259, 3.76745, -0.00118, 0.99960, 0.65611, 0.10758, 0.27309, -0.00616, -0.01932, 0.12504, 0.05945, 0.00115, 0.03636, 0.25656, 0.04905, 0.00430, 0.01167 
 6960.0, 8.46426, 0.35217, 1.75845, 3.87458, 0.00192, 0.21471, 3.75889, -0.00119, 0.94189, 0.64304, 0.13707, 0.30716, 0.02081, -0.01932, 0.15432, 0.06030, 0.00716, 0.04987, 0.23643, 0.09153, 0.00721, 0.00908 
 7020.0, 9.07467, 0.34937, 1.79736, 3.91575, 0.00069, 0.23095, 3.78465, 0.02220, 0.89224, 0.60738, 0.13533, 0.38098, 0.02352, -0.01933, 0.20034, 0.08014, 0.01096, 0.04131, 0.27994, 0.06305, 0.00809, 0.00460 
 7080.0, 9.16335, 0.35667, 1.82448, 4.53229, 0.00120, 0.22236, 3.77911, 0.02887, 0.94203, 0.64706, 0.15441, 0.33174, 0.01507, -0.01933, 0.18765, 0.07479, -0.00701, 0.05955, 0.34077, 0.06718, 0.01137, 0.00748 
 7140.0, 9.53100, 0.33016, 1.87204, 4.27075, 0.00341, 0.20759, 3.83962, 0.01569, 0.85677, 0.65281, 0.28528, 0.44617, 0.01537, 0.00068, 0.23739, 0.09978, 0.01860, 0.03137, 0.24572, 0.06186, 0.01000, 0.01111 
 7200.0, 8.43345, 0.33919, 1.55529, 3.12067, 0.00095, 0.23950, 3.74802, 0.01326, 0.81725, 0.61836, 0.19802, 0.28696, 0.02571, -0.01701, 0.14792, 0.06013, 0.01191, 0.02658, 0.25073, 0.06116, 0.01620, 0.00586 
 7260.0, 10.08229, 0.30816, 1.75401, 3.00884, 0.00175, 0.24299, 3.74104, 0.00357, 0.85253, 0.62557, 0.18788, 0.27251, 0.01652, 0.00415, 0.14827, 0.07311, 0.01314, 0.02870, 0.35433, 0.07900, 0.01274, 0.00660 
 7320.0, 9.93972, 0.34123, 1.59248, 2.95405, -0.00091, 0.18813, 3.60527, 0.02038, 0.86915, 0.60641, 0.15048, 0.26858, 0.00067, -0.00173, 0.12542, 0.05482, 0.00423, 0.03026, 0.30993, 0.06887, 0.02000, 0.00719 
 7380.0, 9.73715, 0.34492, 1.79952, 3.51128, 0.00233, 0.25876, 3.82394, 0.00730, 0.78996, 0.63224, 0.19213, 0.31685, 0.02686, 0.00488, 0.16797, 0.07299, 0.00679, 0.04948, 0.33748, 0.08126, 0.01627, 0.00948 
 7440.0, 8.72038, 0.35103, 1.60152, 2.86681, 0.00164, 0.22381, 3.61552, 0.03127, 0.83030, 0.59169, 0.12862, 0.25116, 0.01260, -0.01363, 0.12454, 0.05475, 0.00092, 0.02437, 0.26055, 0.04590, 0.02346, 0.00573 
 7500.0, 8.02417, 0.34254, 1.48436, 2.94309, 0.00411, 0.18995, 3.53408, 0.02935, 0.78725, 0.59538, 0.14287, 0.23073, -0.00615, -0.00802, 0.13405, 0.04414, -0.00106, 0.02932, 0.21657, 0.06910, 0.02613, 0.00563 
 7560.0, 7.97456, 0.35071, 1.48763, 2.58179, 0.00048, 0.19591, 3.57036, 0.01864, 0.83331, 0.59334, 0.09487, 0.23047, 0.02508, -0.01555, 0.11577, 0.04213, 0.00862, 0.01549, 0.22557, 0.03148, 0.02554, 0.00773 
 7620.0, 9.75340, 0.35185, 1.71060, 3.43274, 0.00160, 0.22361, 3.79161, 0.01918, 0.85389, 0.63337, 0.18188, 0.26894, 0.01278, -0.01272, 0.14071, 0.07197, -0.00126, 0.03799, 0.28974, 0.05799, 0.01870, 0.00615 
 7680.0, 9.52288, 0.32634, 1.61959, 3.09461, 0.00123, 0.22287, 3.65201, 0.02153, 0.82981, 0.62627, 0.12286, 0.26184, 0.00913, -0.01940, 0.13841, 0.05066, -0.00730, 0.03548, 0.29280, 0.07542, 0.03073, 0.00336 
 7740.0, 9.99956, 0.34464, 1.54537, 3.26678, 0.00085, 0.19860, 3.65314, 0.01502, 0.76754, 0.56647, 0.14583, 0.23526, 0.01509, 0.01258, 0.11976, 0.05475, -0.00733, 0.03318, 0.26506, 0.09026, 0.03187, 0.00412 
 7800.0, 10.44779, 0.33663, 1.78343, 3.73648, 0.00063, 0.26005, 3.90784, 0.02490, 0.86350, 0.61222, 0.20582, 0.29567, -0.00615, -0.00299, 0.16437, 0.05474, 0.00173, 0.02743, 0.30587, 0.06111, 0.02391, 0.00457 
 7860.0, 10.48554, 0.34774, 1.77630, 3.61403, 0.00100, 0.18893, 3.77428, 0.00793, 0.82299, 0.60259, 0.19604, 0.29104, 0.01604, -0.00706, 0.15982, 0.04609, 0.00815, 0.03765, 0.26747, 0.07417, 0.02989, 0.00345 
 7920.0, 9.57715, 0.34644, 1.78559, 3.46556, 0.00076, 0.21939, 3.77206, 0.02179, 0.92730, 0.64344, 0.16628, 0.29845, -0.00615, -0.01942, 0.16260, 0.04994, -0.00742, 0.02849, 0.26389, 0.06030, 0.02522, 0.00470 
 7980.0, 10.48595, 0.34636, 1.81516, 3.97358, 0.00121, 0.21684, 4.39895, 0.02903, 1.00379, 0.63863, 0.15724, 0.31455, -0.00615, -0.01943, 0.15657, 0.06514, 0.00787, 0.07069, 0.25291, 0.06799, 0.02146, 0.00687 
 8040.0, 10.30308, 0.36374, 1.78995, 5.19685, 0.00451, 0.22032, 5.25585, 0.00826, 1.14060, 0.62342, 0.13812, 0.28917, 0.00637, -0.01168, 0.14677, 0.05617, 0.00797, 0.04608, 0.19953, 0.04580, 0.02799, 0.00179 
 8100.0, 10.38393, 0.35495, 1.81701, 4.40170, 0.00415, 0.24448, 4.71472, 0.00590, 1.34528, 0.67038, 0.18370, 0.25347, 0.00602, 0.00586, 0.14713, 0.05511, -0.00598, 0.04580, 0.24134, 0.06388, 0.03432, 0.00604 
 8160.0, 12.19625, 0.35482, 2.14846, 8.19589, 0.00782, 0.29318, 4.87314, 0.01464, 1.37885, 0.67344, 0.17315, 0.34593, 0.02414, -0.00505, 0.20002, 0.08117, -0.00257, 0.04649, 0.22663, 0.07740, 0.02064, 0.00623 
 8220.0, 10.43598, 0.33571, 2.09253, 6.34221, 0.00778, 0.25095, 4.71786, 0.01453, 1.54909, 0.70481, 0.26753, 0.42314, 0.03475, 0.03362, 0.20685, 0.07917, -0.00166, 0.05225, 0.25775, 0.07684, 0.01769, 0.00657 
 8280.0, 12.79537, 0.34806, 2.25753, 6.17489, 0.00324, 0.30820, 4.76999, 0.01123, 1.60924, 0.73586, 0.25279, 0.39549, 0.03476, 0.03647, 0.22367, 0.08734, 0.01140, 0.05249, 0.25471, 0.06629, 0.01395, 0.00701 
 8340.0, 11.96067, 0.35429, 2.31215, 6.07875, 0.00352, 0.26297, 4.97209, -0.00123, 1.50662, 0.71018, 0.27545, 0.42166, 0.04197, 0.02401, 0.23200, 0.08829, 0.00836, 0.04309, 0.28745, 0.08824, 0.02683, 0.00883 
