CampaignData_and_Merges/R0/CSL_MobileLab_Parked/raw/20240802/USOS-NOAAIodideCIMS-HNO2_MobileLabGround_20240802_RA.ict
33, 1001
Michael A Robinson, Chris Jernigan, Subi Thakali
NOAA ESRL Chemical Sciences Laboratory and CIRES, U. of Colorado
NOAA Iodide CIMS Instrument
USOS
1, 1
2024, 08, 02, 2024, 08, 03
1
starttime_UTC, seconds_past_midnight, seconds_of_day_since_00:00:00_UTC
1
1
-9999
HNO2_NOAACIMS, pptv, Gas_HNO2_InSitu_S_AVMR, 
0
18
PI_CONTACT_INFO: 325 Broadway, R/CSD 7, Boulder, Colorado 80305; michael.a.robinson@noaa.gov; chris.jernigan@noaa.gov;
PLATFORM: NOAA CSL Mobile Lab
LOCATION: SLC, Utah
ASSOCIATED_DATA: 1Hz data also available on request.
INSTRUMENT_INFO: NOAA I- ToF CIMS
DATA_INFO: All data in parts per trillion by volume (pptv). 1 Hz data is available upon request.
UNCERTAINTY: TBD
ULOD_FLAG: -7777
ULOD_VALUE: N/A
LLOD_FLAG: -8888
LLOD_VALUE: N/A
DM_CONTACT_INFO: Nathan Howard; nathan.h.howard@noaa.gov
PROJECT_INFO: USOS, summer 2024. https://csl.noaa.gov/groups/csl7/measurements/2024usos/
STIPULATIONS_ON_USE: Users are strongly encouraged to contact the PI for proper data usage.
OTHER_COMMENTS: 
REVISION: RA
RA: Preliminary Data; For in-field use only
starttime_UTC, HNO2_NOAACIMS
[from data line 1002]
 60120, -9999.000
 60180, -9999.000
 60240, -9999.000
 60300, -9999.000
 60360, -9999.000
 60420, -9999.000
 60480, -9999.000
 60540, -9999.000
 60600, -9999.000
 60660, -9999.000
 60720, -9999.000
 60780, -9999.000
 60840, -9999.000
 60900, -9999.000
 60960, -9999.000
 61020, -9999.000
 61080, -9999.000
 61140, -9999.000
 61200, -9999.000
 61260, -9999.000
 61320, -9999.000
 61380, -9999.000
 61440, -9999.000
 61500, -9999.000
 61560, -9999.000
 61620, -9999.000
 61680, 207.790
 61740, 191.427
 61800, 192.249
 61860, -9999.000
 61920, 251.921
 61980, 197.426
 62040, 176.780
 62100, 206.713
 62160, 212.697
 62220, 173.681
 62280, 176.891
 62340, 188.623
 62400, 181.978
 62460, 193.052
 62520, 178.095
 62580, 181.691
 62640, 190.663
 62700, 181.031
 62760, 167.006
 62820, 170.414
 62880, 152.428
 62940, 164.716
 63000, 153.560
 63060, 158.561
 63120, 152.841
 63180, 147.909
 63240, 150.469
 63300, 183.824
 63360, 162.022
 63420, 158.188
 63480, 161.647
 63540, 152.970
 63600, 144.741
 63660, 152.077
 63720, 143.908
 63780, 146.312
 63840, 125.660
 63900, 117.118
 63960, 116.173
 64020, 164.848
 64080, 192.412
 64140, 160.372
 64200, 163.263
 64260, 137.035
 64320, 121.796
 64380, 128.211
 64440, 117.009
 64500, 124.646
 64560, 155.098
 64620, 105.869
 64680, 96.748
 64740, 91.961
 64800, 97.086
 64860, 136.543
 64920, 174.956
 64980, 117.969
 65040, 131.062
 65100, 115.873
 65160, 103.761
 65220, 93.845
 65280, 107.546
 65340, 90.632
 65400, 104.726
 65460, 89.983
 65520, 79.342
 65580, 80.554
 65640, 93.383
 65700, 95.688
 65760, 104.368
 65820, 89.283
 65880, 74.323
 65940, 64.739
 66000, 62.879
 66060, 68.006
 66120, 87.366
 66180, 66.697
 66240, 80.897
 66300, 90.075
 66360, 89.165
 66420, 78.663
 66480, 78.987
 66540, 90.942
 66600, 83.150
 66660, 74.662
 66720, 79.405
 66780, 66.234
 66840, 80.695
 66900, 84.849
 66960, 59.574
 67020, 79.896
 67080, 98.006
 67140, 74.982
 67200, 79.042
 67260, 97.748
 67320, 93.524
 67380, 70.612
 67440, 69.708
 67500, 76.202
 67560, 90.998
 67620, 85.363
 67680, 92.266
 67740, 74.366
 67800, 70.375
 67860, 50.618
 67920, 63.749
 67980, 49.332
 68040, 62.721
 68100, 51.574
 68160, 53.621
 68220, 60.297
 68280, 67.450
 68340, 55.960
 68400, 60.353
 68460, 62.004
 68520, 52.224
 68580, 54.296
 68640, 54.429
 68700, 50.671
 68760, 54.951
 68820, 53.739
 68880, 56.624
 68940, 50.845
 69000, 50.186
 69060, 44.602
 69120, 47.083
 69180, 48.988
 69240, -9999.000
 69300, 59.065
 69360, 46.831
 69420, 46.388
 69480, 40.815
 69540, 50.161
 69600, 52.110
 69660, 47.829
 69720, 48.381
 69780, 47.305
 69840, 47.923
 69900, 43.529
 69960, 48.337
 70020, 56.864
 70080, 60.778
 70140, 119.103
 70200, 56.468
 70260, 45.466
 70320, 43.183
 70380, 49.189
 70440, 48.044
 70500, 53.370
 70560, 65.788
 70620, 46.959
 70680, 43.147
 70740, 41.371
 70800, 62.818
 70860, 54.339
 70920, 72.272
 70980, 61.098
 71040, 54.191
 71100, -9999.000
 71160, 57.723
 71220, 57.900
 71280, 48.049
 71340, 51.109
 71400, 46.716
 71460, 43.147
 71520, 36.841
 71580, 37.539
 71640, 40.920
 71700, 42.405
 71760, 39.581
 71820, 40.838
 71880, 47.895
 71940, 46.835
 72000, 47.528
 72060, 45.394
 72120, 45.460
 72180, 41.347
 72240, 49.316
 72300, 46.579
 72360, 52.876
 72420, 52.809
 72480, 43.037
 72540, 43.049
 72600, 39.080
 72660, 47.451
 72720, 41.456
 72780, 55.166
 72840, 41.888
 72900, 42.465
 72960, -9999.000
 73020, 43.321
 73080, 40.833
 73140, 43.628
 73200, 43.958
 73260, 42.898
 73320, 45.313
 73380, 51.456
 73440, 33.636
 73500, 40.231
 73560, 42.972
 73620, 33.328
 73680, 34.864
 73740, 35.732
 73800, 42.622
 73860, 39.499
 73920, 36.343
 73980, 33.658
 74040, 36.981
 74100, 48.651
 74160, 52.716
 74220, 54.935
 74280, 51.476
 74340, 46.091
 74400, 35.799
 74460, 34.512
 74520, 44.156
 74580, 38.001
 74640, 30.007
 74700, 50.032
 74760, 61.633
 74820, 30.368
 74880, 31.651
 74940, 35.819
 75000, 45.240
 75060, 34.039
 75120, 36.574
 75180, 37.762
 75240, 44.543
 75300, 35.593
 75360, 41.590
 75420, 37.367
 75480, 37.168
 75540, 39.666
 75600, 40.414
 75660, 48.295
 75720, 37.802
 75780, 29.439
 75840, 32.273
 75900, 33.685
 75960, 29.782
 76020, 36.649
 76080, 32.805
 76140, 31.314
 76200, 45.950
 76260, 35.086
 76320, 36.661
 76380, 33.671
 76440, 43.358
 76500, 42.846
 76560, 37.170
 76620, -9999.000
 76680, 43.341
 76740, 38.213
 76800, 32.209
 76860, 32.397
 76920, 31.165
 76980, 31.534
 77040, 27.055
 77100, 27.133
 77160, 33.192
 77220, 28.317
 77280, 33.295
 77340, 22.566
 77400, 32.460
 77460, 27.763
 77520, 28.085
 77580, 32.313
 77640, 32.283
 77700, 27.865
 77760, 19.337
 77820, 24.465
 77880, 33.431
 77940, 30.698
 78000, 25.646
 78060, 21.581
 78120, 25.948
 78180, 37.659
 78240, 25.255
 78300, 27.737
 78360, 16.066
 78420, 14.683
 78480, -9999.000
 78540, 17.525
 78600, 14.164
 78660, 22.107
 78720, 16.191
 78780, 28.793
 78840, 20.015
 78900, 30.347
 78960, 20.997
 79020, 28.093
 79080, 18.752
 79140, 20.684
 79200, 25.877
 79260, 28.701
 79320, 24.402
 79380, 30.934
 79440, 19.711
 79500, 21.576
 79560, 12.234
 79620, 17.502
 79680, 20.579
 79740, 20.309
 79800, 17.698
 79860, 19.557
 79920, 19.196
 79980, 21.621
 80040, 20.021
 80100, 25.931
 80160, 35.622
 80220, 29.088
 80280, 21.607
 80340, -9999.000
 80400, 33.665
 80460, 24.691
 80520, 29.843
 80580, 20.148
 80640, 25.165
 80700, 29.673
 80760, 24.646
 80820, 30.575
 80880, 21.453
 80940, 18.343
 81000, 17.891
 81060, 20.219
 81120, 23.889
 81180, 26.504
 81240, 22.989
 81300, 21.701
 81360, 24.927
 81420, 22.254
 81480, 28.436
 81540, 29.529
 81600, 24.091
 81660, 27.698
 81720, 23.684
 81780, 24.130
 81840, 21.522
 81900, 26.150
 81960, 24.791
 82020, 30.214
 82080, 15.396
 82140, 22.039
 82200, 21.273
 82260, 26.099
 82320, 20.094
 82380, 21.464
 82440, 17.387
 82500, 14.873
 82560,  7.870
 82620, 21.647
 82680, 27.586
 82740, 25.218
 82800, 22.402
 82860, 27.759
 82920, 25.156
 82980, 24.182
 83040, 22.315
 83100, 26.116
 83160, 23.270
 83220, 22.424
 83280, 19.359
 83340, 19.894
 83400, 19.204
 83460, 20.671
 83520, 29.385
 83580, 26.702
 83640, 10.054
 83700, 17.266
 83760, 12.759
 83820, 23.846
 83880, 22.650
 83940, 25.155
 84000, 20.741
 84060, 46.988
 84120, 42.696
 84180, 42.734
 84240, 37.612
 84300, 44.467
 84360, 20.702
 84420, 25.934
 84480, 21.831
 84540, 19.312
 84600, 21.983
 84660, 21.543
 84720, 14.684
 84780, 22.481
 84840, 16.683
 84900, 17.648
 84960, 13.448
 85020, 18.580
 85080, 15.835
 85140, 16.309
 85200, 11.997
 85260, 16.290
 85320,  9.805
 85380,  9.704
 85440, 18.133
 85500, 16.275
 85560, 20.797
 85620, 17.875
 85680, 18.866
 85740, 16.118
 85800, 15.821
 85860, 18.532
 85920,  9.404
 85980, 10.892
 86040, 15.388
 86100, 15.301
 86160, 15.118
 86220, 15.928
 86280, 19.040
 86340, 15.645
