CampaignData_and_Merges/R0/CSL_MobileLab_Parked/raw/20240802/USOS-HCHO_MobileLabGround_20240802_R0.ict
35,1001
Huang, Yaoxian
Wayne State University
Picarro G2307 on CSL Mobile Lab
USOS
1,1
2024,08,02,2024,08,06
1.0
Time_Start,seconds_since_midnight,number_of_seconds_since_0000_UTC
3
1.0,1.0,1.0
-9999.0,-9999.0,-9999.0
HCHO,ppbv,Gas_HCHO_InSitu_S_AVMR,volume mixing ratio of formaldehyde in air
H2O,ppmv,Gas_H2O_InSitu_S_AVMR,volume mixing ratio of water vapor in air
CH4,ppmv,Gas_CH4_InSitu_S_AVMR,volume mixing ratio of methane in air
0
18
PI_CONTACT_INFO: yaoxian.huang@wayne.edu
PLATFORM: CSL Mobile Lab, at Ground Site
LOCATION: Salt Lake City, UT
ASSOCIATED_DATA: N/A
INSTRUMENT_INFO: Cavity Ring-Down Spectrometer
DATA_INFO: Data is averaged to 1 minute intervals for stationary and 1 second interval for driving. Stationary data collected from a 20 ft tower on top of the mobile lab.
UNCERTAINTY: N/A
ULOD_FLAG: -7777
ULOD_VALUE: N/A
LLOD_FLAG: -8888
LLOD_VALUE: N/A
DM_CONTACT_INFO: Yaoxian Huang; yaoxian.huang@wayne.edu
PROJECT_INFO: USOS, Summer 2024. https://csl.noaa.gov/groups/csl7/measurements/2024usos/
STIPULATIONS_ON_USE: Users are strongly encouraged to contact the PI for proper data usage.
OTHER_COMMENTS: Data have been shifted backwards by 1 minute to align with USOS MetNav and Picarro GHG data.
REVISION: R0
R0: Final Data
Time_Start,HCHO,H2O,CH4
[from data line 545]
32700,3.64637,9972.12,2.06105
32760,3.6481,10005.9,2.06264
32820,3.5776,9993.62,2.0645
32880,3.83108,10038.1,2.06883
32940,3.58996,9837.46,2.06176
33000,3.69652,9871.96,2.06326
33060,3.77375,9786.05,2.05962
33120,4.06131,9935.4,2.06212
33180,3.79571,10061.2,2.06728
33240,3.89361,10107.0,2.06978
33300,3.5407,10082.3,2.07005
33360,3.77631,10065.9,2.06895
33420,4.53269,9961.34,2.06093
33480,4.03557,10149.0,2.07017
33540,3.85409,10127.3,2.05412
33600,3.70436,10180.3,2.07001
33660,3.67219,10185.3,2.0752
33720,3.67467,10121.1,2.06581
33780,3.72311,10222.1,2.06775
33840,3.91782,10213.4,2.06916
33900,3.854,10247.0,2.07378
33960,3.8527,9956.19,2.05356
34020,3.6851,10115.8,2.06077
34080,3.68495,10055.2,2.05924
34140,3.56698,10084.4,2.06087
34200,3.88408,10032.5,2.05622
34260,3.78529,10002.2,2.05218
34320,3.821,9970.33,2.05719
34380,3.56653,9955.4,2.05365
34440,3.7728,9984.33,2.05343
34500,3.83089,10031.3,2.05458
34560,3.90933,10161.0,2.07305
34620,3.90481,10292.6,2.07779
34680,3.83054,10311.1,2.06999
34740,4.06588,10380.8,2.07393
34800,4.2143,10381.0,2.06847
34860,3.91136,10332.9,2.05704
34920,3.85097,10298.3,2.05339
34980,3.62822,10359.4,2.05531
35040,4.01686,10315.5,2.06113
35100,3.81619,10423.2,2.05934
35160,3.71109,10311.8,2.05955
35220,3.69026,10302.8,2.06402
35280,3.64995,10241.4,2.06058
35340,3.97245,10310.2,2.06295
35400,4.11027,10577.8,2.06788
35460,3.86685,10455.7,2.06213
35520,3.62484,10015.0,2.0428
35580,3.59699,10122.4,2.03786
35640,3.64355,10430.0,2.05684
35700,3.78966,10472.9,2.07445
35760,3.59978,10335.2,2.06988
35820,4.20359,10556.4,2.08121
35880,4.06938,10597.4,2.0829
35940,3.96626,10546.6,2.09776
36000,4.26518,10618.8,2.09799
36060,3.93277,10617.7,2.09784
36120,4.04916,10558.5,2.09721
36180,3.92741,10492.6,2.09976
36240,3.71756,10494.3,2.09648
36300,4.01868,10581.5,2.09071
36360,3.73493,10584.9,2.08827
36420,4.0381,10678.2,2.10173
36480,4.18138,10769.7,2.10639
36540,3.97949,10670.9,2.11307
36600,4.13044,10587.9,2.12044
36660,4.1563,10746.4,2.12119
36720,3.92806,10577.5,2.11504
36780,4.14348,10605.7,2.11416
36840,4.08833,10616.6,2.0835
36900,3.91937,10548.0,2.07929
36960,3.94984,10552.5,2.07705
37020,3.97726,10504.9,2.07274
37080,3.90777,10452.7,2.07686
37140,3.6372,10486.1,2.07427
37200,3.65731,10457.9,2.07575
37260,3.96761,10550.8,2.08279
37320,4.02228,10568.3,2.08595
37380,3.72464,10533.6,2.0725
37440,3.88664,10601.7,2.07353
37500,3.81843,10628.1,2.07064
37560,3.94513,10635.7,2.06344
37620,3.91026,10572.8,2.06874
37680,4.06814,10630.0,2.07097
37740,3.74423,10693.9,2.06847
37800,3.92292,10782.9,2.05945
37860,3.71585,10497.8,2.0563
37920,3.99997,10491.1,2.0551
37980,3.98897,10560.8,2.05644
38040,4.08689,10549.8,2.05606
38100,3.8855,10558.1,2.06121
38160,3.84992,10656.3,2.06011
38220,3.69761,10616.5,2.06308
38280,3.86232,10598.2,2.06206
38340,3.7412,10583.2,2.06283
38400,3.78328,10386.0,2.06155
38460,3.76262,10601.6,2.07546
38520,3.72473,10506.5,2.09118
38580,3.87085,10567.1,2.09767
38640,3.81797,10908.8,2.07708
38700,4.15272,10933.7,2.07442
38760,3.97097,10948.9,2.07458
38820,4.04493,11005.6,2.0746
38880,4.1585,11011.8,2.08428
38940,4.09172,11135.9,2.08767
39000,4.33526,11101.3,2.09511
39060,4.18516,11053.6,2.09322
39120,4.29092,10820.8,2.08365
39180,3.91392,10889.1,2.08254
39240,4.05954,10863.3,2.08267
39300,3.92228,11247.8,2.08071
39360,4.02422,10865.5,2.07067
39420,4.06487,11176.8,2.08467
39480,4.02875,11156.1,2.09011
39540,4.24235,11153.8,2.09616
39600,4.02445,11121.5,2.09691
39660,4.07632,10788.1,2.0765
39720,3.74974,10538.0,2.0556
39780,3.87027,10670.1,2.05915
39840,3.69359,10475.8,2.05046
39900,3.19757,9822.7,2.00651
39960,2.84409,9395.61,1.9955
40020,2.82963,9207.16,1.98876
40080,2.9772,9338.84,1.99234
40140,3.02809,9158.11,1.98641
40200,2.91436,9179.37,1.9858
40260,2.9564,9230.24,1.98816
40320,2.81386,9219.11,1.98929
40380,2.87004,9252.02,1.99148
40440,2.99111,9285.84,1.9911
40500,2.8205,9326.62,1.98965
40560,2.96806,9608.83,2.00299
40620,3.3469,9734.44,2.02221
40680,3.21029,9825.38,2.02604
40740,3.32874,9909.13,2.03105
40800,3.23147,9853.99,2.02827
40860,3.51483,9827.54,2.02874
40920,3.50792,9997.72,2.03392
40980,3.42378,10106.0,2.03758
41040,3.34307,10059.3,2.04266
41100,3.57034,9984.39,2.03548
41160,3.12278,9778.78,2.02099
41220,3.11382,9760.4,2.02044
41280,3.47554,10092.8,2.0311
41340,3.48377,9972.09,2.03
41400,3.5502,10169.4,2.04528
41460,3.59827,10732.9,2.07934
41520,3.84969,10990.5,2.10582
41580,3.90374,11059.6,2.10726
41640,3.55706,10433.0,2.07651
41700,4.00775,10846.9,2.09175
41760,3.8716,10892.9,2.10465
41820,3.78857,10605.2,2.0918
41880,3.77207,10179.8,2.06076
41940,3.362,9858.54,2.04574
42000,3.71811,10004.1,2.05159
42060,3.57362,10041.3,2.05265
42120,3.54636,10033.2,2.05299
42180,3.41748,9994.38,2.04914
42240,3.57775,9961.63,2.05245
42300,3.52543,9793.55,2.06584
42360,3.38369,9843.2,2.05614
42420,3.56538,9984.16,2.053
42480,3.37031,9720.25,2.04671
42540,3.363,9699.66,2.05359
42600,3.2563,9712.78,2.0555
42660,3.4119,9766.53,2.05883
42720,3.50264,9796.03,2.05799
42780,3.35689,9753.61,2.05473
42840,3.39847,9883.99,2.05637
42900,3.46456,9984.85,2.05858
42960,3.4679,10015.9,2.06404
43020,3.41701,10220.6,2.06185
43080,3.25322,10174.8,2.05517
43140,3.68691,10309.5,2.05399
43200,3.45691,10112.5,2.04826
43260,3.45162,10104.8,2.05068
43320,3.32884,10441.1,2.05251
43380,3.47918,10272.4,2.05259
43440,3.72182,10469.7,2.05847
43500,3.65281,10528.6,2.06222
43560,3.56309,10340.0,2.05834
43620,3.59242,10688.2,2.06171
43680,3.59419,10611.1,2.05867
43740,3.45028,10405.9,2.05015
43800,3.3544,10149.6,2.03896
43860,3.07677,9598.76,2.01419
43920,2.4374,8750.24,1.96658
43980,2.55077,8747.34,1.96677
44040,2.71565,9217.54,1.98092
44100,2.96729,9464.62,1.99759
44160,3.25674,9560.5,2.01655
44220,3.04611,9447.75,2.00354
44280,3.06405,9322.36,2.01369
44340,3.03564,8907.98,2.00238
44400,2.96264,9201.59,2.00619
44460,2.84549,9263.95,2.00288
44520,2.92239,9408.9,2.00564
44580,3.12354,9644.11,2.00884
44640,3.26949,9648.74,2.00562
44700,3.20264,9757.63,2.00653
44760,3.08329,9683.39,2.00851
44820,3.0304,9728.78,2.00808
44880,3.33639,9703.55,2.00633
44940,3.15776,9758.98,2.01302
45000,3.18278,9934.49,2.03443
45060,3.31992,10044.7,2.02875
45120,3.14361,10204.0,2.02864
45180,3.03449,9935.66,2.02192
45240,3.14453,9684.54,2.02058
45300,3.19976,9694.04,2.0201
45360,3.31077,10066.9,2.02417
45420,3.46446,10089.1,2.02301
45480,3.44236,10159.6,2.0219
45540,3.30457,10224.7,2.02299
45600,3.42714,10353.8,2.02471
45660,3.23879,10245.3,2.02724
45720,3.14888,10262.5,2.02454
45780,3.42216,10306.2,2.02582
45840,3.45793,10390.4,2.02787
45900,3.35259,10287.8,2.02527
45960,3.41672,10188.4,2.02231
46020,3.44857,10206.9,2.01961
46080,3.32972,10206.1,2.0227
46140,3.48247,10283.9,2.02422
46200,3.59595,10456.1,2.03224
46260,3.54286,10459.7,2.03304
46320,3.41317,10453.3,2.02993
46380,3.61691,10452.4,2.02756
46440,3.85335,10531.3,2.03523
46500,3.52486,10447.2,2.02666
46560,3.80741,10512.5,2.02944
46620,3.34146,10575.7,2.03209
46680,3.75899,10662.0,2.03386
46740,3.68671,10966.3,2.04585
46800,3.72545,10886.5,2.03886
46860,3.88575,11070.9,2.04113
46920,3.738,11033.0,2.05103
46980,3.72566,11035.6,2.0523
47040,3.73482,10959.6,2.04669
47100,3.74808,10905.2,2.04362
47160,3.82996,11146.7,2.04629
47220,3.96818,11038.0,2.04443
47280,3.91404,10945.5,2.04529
47340,3.80493,10952.4,2.04148
47400,3.97891,11009.7,2.04725
47460,4.04332,11049.6,2.04826
47520,3.79498,11230.0,2.04736
47580,4.13217,11268.9,2.05021
47640,3.97725,11486.3,2.05356
47700,4.25667,11360.6,2.05557
47760,4.05662,10769.5,2.03622
47820,3.86896,11655.9,2.05673
47880,4.06785,11732.2,2.05654
47940,3.62113,11654.1,2.04958
48000,3.71535,11984.0,2.05803
48060,3.88444,12149.5,2.06069
48120,4.01243,12042.8,2.06721
48180,3.97034,12046.7,2.0677
48240,3.80458,11827.6,2.06809
48300,3.72714,11982.1,2.07731
48360,3.87499,11732.4,2.06568
48420,3.68797,12207.5,2.0759
48480,3.80365,11722.9,2.06971
48540,4.07965,11652.4,2.07711
48600,3.92467,11969.8,2.08598
48660,3.99081,11708.0,2.07767
48720,3.68196,11615.6,2.07601
48780,3.6921,11384.5,2.08042
48840,3.93157,11847.6,2.0697
48900,3.90099,12290.7,2.06592
48960,4.2056,11957.8,2.06418
49020,4.10586,12231.7,2.06973
49080,3.87549,12483.8,2.07873
49140,3.88859,12169.4,2.06077
49200,4.34815,12575.2,2.06995
49260,4.19982,12318.5,2.05617
49320,4.06303,12235.2,2.05315
49380,4.12309,12486.3,2.05022
49440,4.40028,12156.3,2.04472
49500,4.033,11977.8,2.04382
49560,3.9218,12200.4,2.03906
49620,3.93723,12127.1,2.04203
49680,4.01542,12345.4,2.04222
49740,4.12789,11916.0,2.0374
49800,3.96799,11978.3,2.03862
49860,4.14766,12428.5,2.0541
49920,3.90396,12057.5,2.04174
49980,4.07852,12684.1,2.05415
50040,4.12185,12600.1,2.05049
50100,4.09657,13141.3,2.05071
50160,4.03696,12752.7,2.05014
50220,4.36206,12509.8,2.05486
50280,4.47499,12781.8,2.05583
50340,4.32996,12364.0,2.0522
50400,4.62416,12610.7,2.05702
50460,4.31668,12982.4,2.05412
50520,4.40029,12818.9,2.05603
50580,4.50603,12458.7,2.05473
50640,4.48698,12343.8,2.05414
50700,3.92035,13626.1,2.04902
50760,4.20872,13181.0,2.04824
50820,4.4741,13227.0,2.05236
50880,4.72403,12775.0,2.06286
50940,4.63694,13447.8,2.07788
51000,4.70968,13822.3,2.07955
51060,4.4676,13419.9,2.06725
51120,4.30346,12343.1,2.05414
51180,4.19718,12608.9,2.04437
51240,4.37555,12791.4,2.052
51300,4.38513,12984.0,2.06154
51360,4.63485,12806.7,2.0705
51420,4.60337,12365.0,2.06023
51480,4.42223,12217.3,2.05651
51540,4.46936,12200.4,2.05484
51600,4.55965,12276.0,2.06074
51660,4.63784,12450.0,2.05954
51720,4.3861,12243.3,2.05672
51780,4.30195,11716.9,2.0427
51840,4.49522,12108.3,2.04761
51900,4.35526,12082.6,2.03975
51960,4.66279,12376.2,2.04284
52020,4.72942,12525.0,2.04843
52080,4.65116,12619.2,2.04421
52140,4.59527,12703.1,2.04713
52200,5.05495,12990.0,2.04556
52260,4.9323,13454.2,2.04923
52320,4.95549,13032.4,2.04787
52380,5.01673,13033.0,2.04753
52440,5.02919,13017.7,2.05043
52500,4.65032,13141.7,2.05464
52560,5.01615,13180.8,2.05337
52620,5.18275,13182.8,2.04977
52680,5.04158,13678.7,2.04678
52740,4.9225,13478.4,2.04631
52800,4.87271,12950.5,2.04299
52860,5.02862,13654.0,2.0493
52920,4.74848,13586.6,2.04423
52980,4.70487,13704.7,2.03816
53040,4.99376,12842.1,2.03504
53100,4.67101,13146.7,2.03603
53160,5.04699,13265.7,2.03798
53220,4.85097,13267.2,2.04223
53280,5.19303,13281.4,2.03781
53340,5.06208,13145.1,2.04105
53400,5.07866,13306.8,2.03905
53460,5.14447,13664.2,2.03536
53520,5.12128,12914.4,2.0335
53580,5.1915,13125.4,2.03368
53640,5.22165,13347.1,2.03347
53700,4.99005,13058.9,2.03422
53760,5.10675,13564.8,2.03094
53820,5.0657,12932.0,2.0204
53880,4.91883,12277.7,2.01732
53940,5.05338,12684.8,2.01707
54000,4.78638,12388.3,2.01455
54060,4.81743,12333.7,2.01547
54120,4.99478,12049.6,2.0171
54180,5.17424,12215.4,2.01593
54240,5.07519,12016.2,2.01821
54300,4.66041,11965.2,2.01625
54360,4.72647,12040.3,2.02
54420,4.84918,11947.5,2.01656
54480,4.79757,11916.0,2.01318
54540,4.73449,11832.1,2.01268
54600,4.60117,11705.1,2.01178
54660,4.45861,11424.0,2.00637
54720,4.54823,11589.3,2.01008
54780,4.65294,11904.5,2.01439
54840,4.95958,12193.3,2.0194
54900,4.93919,12250.2,2.02614
54960,4.95798,12553.2,2.02772
55020,4.85939,12311.0,2.02415
55080,4.93394,12243.0,2.02039
55140,5.25047,12026.7,2.02287
55200,4.81745,11757.2,2.01669
55260,5.07038,11990.6,2.02196
55320,5.11794,12616.6,2.02562
55380,5.10046,12482.6,2.02525
55440,5.15254,12807.1,2.02695
55500,5.61544,12806.9,2.03334
55560,5.35142,12767.5,2.03313
55620,5.33092,12585.6,2.03245
55680,5.60487,12401.4,2.0293
55740,5.45034,12285.5,2.02899
55800,5.41491,11798.7,2.02975
55860,5.56611,11690.9,2.03167
55920,5.54521,11591.0,2.03041
55980,5.4806,11606.4,2.02775
56040,5.54089,11913.2,2.02832
56100,5.54834,13219.4,2.02959
56160,5.58797,11727.7,2.03553
56220,5.86626,11695.2,2.0403
56280,6.1885,11669.5,2.04467
56340,6.35188,11640.4,2.04777
56400,6.14685,12086.5,2.04771
56460,6.06804,11830.2,2.05054
56520,6.23648,11687.2,2.0459
56580,5.969,11442.2,2.04168
56640,5.87292,11650.9,2.04312
56700,5.87148,11786.9,2.04006
56760,5.9877,11485.4,2.03974
56820,5.85818,11426.6,2.03827
56880,5.85756,11641.8,2.03528
56940,5.85541,11667.1,2.0371
57000,5.96745,11492.0,2.03675
57060,6.36987,11643.6,2.03566
57120,5.8508,11441.5,2.03075
57180,5.79196,11355.7,2.02782
57240,5.82721,11271.0,2.02763
57300,5.86343,11594.9,2.027
57360,6.1352,11712.3,2.0254
57420,5.63296,10982.4,2.0256
57480,5.89979,12187.4,2.02277
57540,5.68153,12211.5,2.02284
57600,5.89891,12189.9,2.02435
57660,5.9716,11767.2,2.02614
57720,6.21654,12203.2,2.02583
57780,6.29206,12497.0,2.0311
57840,6.47701,12934.1,2.02983
57900,5.94441,12783.2,2.02826
57960,6.23455,12835.8,2.02913
58020,6.31719,12739.3,2.02888
58080,6.14446,12366.3,2.02285
58140,6.19402,11990.2,2.01966
58200,5.97714,11696.3,2.02158
58260,5.93661,11607.0,2.02098
58320,6.13242,11636.1,2.02314
58380,5.89464,11381.6,2.01829
58440,6.02578,11526.0,2.01919
58500,6.15781,12092.2,2.02117
58560,6.19763,12023.9,2.02152
58620,6.1662,12273.4,2.0191
58680,6.39363,12490.7,2.02079
58740,6.19359,12729.2,2.02046
58800,6.54913,12332.9,2.02114
58860,6.19625,12297.3,2.02322
58920,6.45243,12423.9,2.02221
58980,6.20025,12506.7,2.0228
59040,6.15774,12705.1,2.02152
59100,6.46643,12444.5,2.02372
59160,6.37332,12997.7,2.01964
59220,6.4388,12510.8,2.02048
59280,6.29664,11932.9,2.0211
59340,6.12616,11929.2,2.02109
59400,6.59051,11890.6,2.02183
59460,6.47516,11918.0,2.022
59520,6.80863,12076.0,2.02329
59580,6.36792,12098.5,2.02209
59640,6.64983,12115.1,2.02405
59700,6.68438,12808.7,2.02135
59760,6.67899,12471.1,2.02278
59820,6.45796,11956.3,2.02751
59880,6.60091,11555.8,2.02853
59940,6.93722,12337.1,2.02865
60000,6.89406,12881.7,2.02967
60060,6.86968,12125.4,2.03091
60120,7.07381,12514.4,2.0301
60180,7.20648,12402.9,2.0307
60240,7.04347,12256.5,2.03109
60300,6.88363,11658.2,2.02289
60360,6.78727,11599.0,2.02854
60420,7.18348,11713.0,2.03778
60480,6.85414,11687.5,2.02611
60540,7.09644,11797.8,2.02726
60600,7.11278,11824.9,2.02885
60660,7.21243,11924.3,2.02645
60720,7.3587,12010.5,2.03038
60780,7.13445,12087.4,2.02551
60840,7.2739,12198.4,2.02558
60900,7.01836,12199.6,2.02756
60960,7.31009,12108.5,2.02789
61020,7.24231,12301.0,2.02839
61080,7.22461,12320.0,2.02822
61140,7.02215,12752.1,2.028
61200,7.78107,11832.4,2.03792
61260,8.07247,11368.1,2.04731
61320,8.91792,10659.9,2.07227
61380,9.255,10838.0,2.08073
61440,9.84658,10554.3,2.08953
61500,9.78681,10472.9,2.09186
61560,9.75201,11030.7,2.08753
61620,9.33198,10483.8,2.08332
61680,9.30489,10503.2,2.0801
61740,9.23355,11530.8,2.07796
61800,9.09411,11206.3,2.07565
61860,9.46929,11688.1,2.07878
61920,9.63486,11727.2,2.07911
61980,9.40019,10746.6,2.07557
62040,9.19482,10740.5,2.07209
62100,9.30723,11410.9,2.06745
62160,9.52379,11313.6,2.07125
62220,9.56173,10712.0,2.07564
62280,9.33892,10783.6,2.07192
62340,9.41701,10778.1,2.06764
62400,8.98574,10721.8,2.06064
62460,9.05792,10984.6,2.06006
62520,8.69735,10963.5,2.05531
62580,8.75862,10838.5,2.05833
62640,8.92061,10834.1,2.05887
62700,9.08738,10802.5,2.06072
62760,8.79499,10903.9,2.06751
62820,9.00566,10941.8,2.06606
62880,9.17505,10872.4,2.07118
62940,8.96035,11024.1,2.06732
63000,8.80672,10940.5,2.06677
63060,8.95509,11036.8,2.06094
63120,8.85844,10646.2,2.06578
63180,8.88622,10689.1,2.06744
63240,8.8051,10805.5,2.06499
63300,8.93212,11141.8,2.06302
63360,8.63231,10598.7,2.05629
63420,8.94183,10714.2,2.05318
63480,8.81325,11074.3,2.05927
63540,9.02698,11188.7,2.0742
63600,9.28443,10721.6,2.08727
63660,9.65,10713.2,2.10284
63720,9.82147,10501.5,2.10816
63780,9.59563,11517.4,2.10505
63840,9.69711,11370.6,2.10543
63900,9.78621,11111.8,2.11074
63960,9.94326,11144.8,2.11203
64020,10.0069,11451.1,2.11438
64080,9.97163,11609.9,2.10911
64140,10.4652,10974.5,2.11093
64200,10.2482,10912.1,2.11255
64260,10.8089,10800.3,2.17383
64320,10.5034,11079.1,2.1839
64380,10.5818,10839.3,2.18382
64440,10.5993,10709.6,2.17884
64500,10.5902,10768.4,2.17304
64560,10.7739,10887.3,2.17088
64620,10.2491,10484.8,2.1655
64680,10.2855,10573.8,2.15341
64740,9.98863,10628.9,2.14913
64800,10.2427,10785.7,2.15985
64860,10.383,10728.5,2.15496
