CampaignData_and_Merges/R0/CSL_MobileLab_Parked/raw/20240802/USOS-PTR_MobileLabGround_20240802_R0.ict
58, 1001
Matthew Coggon, Kelvin Bates, Chelsea Stockwell, Carsten Warneke
NOAA ESRL Chemical Sciences Division
NOAA PTR-ToF-MS
USOS
1,1 
2024, 08, 02, 2025, 09, 19
0
Time_Start, seconds, number of seconds from 00:00 UTC 
22
1, 1, 1, 1, 1, 1, 1, 1, 1, 1, 1, 1, 1, 1, 1, 1, 1, 1, 1, 1, 1, 1
-9999, -9999, -9999, -9999, -9999, -9999, -9999, -9999, -9999, -9999, -9999, -9999, -9999, -9999, -9999, -9999, -9999, -9999, -9999, -9999, -9999, -9999
CH3OH_NOAAPTR_ppbv,  ppbv, Gas_CH3OH_InSitu_S_AVMR, (CH3OH) methanol
CH3CN_NOAAPTR_ppbv,  ppbv, Gas_CH3CN_InSitu_S_AVMR, (CH3CN) acetonitrile
CH3CHO_NOAAPTR_ppbv,  ppbv, Gas_CH3CHO_InSitu_S_AVMR, (CH3CHO) acetaldehyde plus contributions from ethylene glycol and ethylene oxide. Interference from ethanol has been subtracted out.
C2H5OH_NOAAPTR_ppbv,  ppbv, Gas_C2H5OH_InSitu_S_AVMR, (C2H5OH) ethanol
CH3SH_NOAAPTR_ppbv,  ppbv, Gas_CH3SH_InSitu_S_AVMR, (CH3SH) methanethiol, using calibration factor for DMS
Acrolein_NOAAPTR_ppbv,  ppbv, Gas_Acrolein_InSitu_S_AVMR, (C3H4O) acrolein
AcetonePropanal_NOAAPTR_ppbv,  ppbv, Gas_AcetoneAndPropanal_InSitu_S_AVMR, (C3H6O) sum of acetone (dominant isomer) and propanal, using calibration factor for acetone
DMS_NOAAPTR_ppbv,  ppbv, Gas_DMS_InSitu_S_AVMR, (C2H6S) dimethyl sulfide with possible small contributions from ethanethiol
C5H8_NOAAPTR_ppbv,  ppbv, Gas_Isoprene_InSitu_S_AVMR, (C5H8) isoprene and possible fragments from cycloalkanes and aldehydes. Interferences have been subtracted following methods described by Coggon et al (2023)
MVKMAC_NOAAPTR_ppbv,  ppbv, Gas_MVKAndMAC_InSitu_S_AVMR, (C4H6O) sum of methyl vinyl ketone, methacrolein, and small amounts of crotonaldehyde, using weighted calibration factor for MVK (0.637) and MACR (0.363)
Benzene_NOAAPTR_ppbv,  ppbv, Gas_Benzene_InSitu_S_AVMR, (C6H6) benzene
Toluene_NOAAPTR_ppbv,  ppbv, Gas_Toluene_InSitu_S_AVMR, (C7H8) toluene with possible small contributions of fragments from ethyltoluene
Styrene_NOAAPTR_ppbv,  ppbv, Gas_Styrene_InSitu_S_AVMR, (C8H8) styrene
Benzaldehyde_NOAAPTR_ppbv,  ppbv, Gas_Benzaldehyde_InSitu_S_AVMR, (C7H6O) benzaldehyde
C8Aromatics_NOAAPTR_ppbv,  ppbv, Gas_C8Aromatics_InSitu_M_AVMR, (C8H10) sum of m-xylene, p-xylene, o-xylene, and ethyl benzene
C9Aromatics_NOAAPTR_ppbv,  ppbv, Gas_C9Aromatics_InSitu_M_AVMR, (C9H12) sum of C9 aromatics
Naphthalene_NOAAPTR_ppbv,  ppbv, Gas_Naphthalene_InSitu_S_AVMR, (C10H8) naphthalene
Octanal_NOAAPTR_ppbv,  ppbv, Gas_Octanal_InSitu_S_AVMR, (C8H16O) octanal and small amounts of octanone
Monoterpenes_NOAAPTR_ppbv,  ppbv, Gas_Monoterpenes_InSitu_M_AVMR, (C10H16) sum of monoterpenes and possible contributions from fragments of oxygenated monoterpenoids such as eucalyptol.
Nonanal_NOAAPTR_ppbv,  ppbv, Gas_Nonanal_InSitu_M_AVMR, (C9H18O) nonanal and small amounts of nonanone
C7H4ClF3_NOAAPTR_ppbv,  ppbv, Gas_C7H4ClF3_InSitu_S_AVMR, (C7H4ClF3) parachlorobenzotrifluoride
C10H30O5Si5_NOAAPTR_ppbv,  ppbv, Gas_C10H30O5Si5_InSitu_S_AVMR, (C10H30O5Si5) decamethylcyclopentasiloxane
1
SPECIAL COMMENTS:N/A
21
PI_CONTACT_INFO: NOAA ESRL Chemical Sciences Division, Tropospheric Chemistry Group. 325 Broadway, R/CSD7, Boulder, CO 80305
PLATFORM: Mobile Laboratory.
LOCATION: Salt Lake City, UT
ASSOCIATED_DATA: N/A
INSTRUMENT_INFO: NOAA PTR-ToF-MS measurements on NOAA CSL Mobile Lab
DATA_INFO: Units: ppbv
UNCERTAINTY: See OTHER_COMMENTS
ULOD_FLAG: -7777
ULOD_VALUE: N/A
LLOD_FLAG: -8888
LLOD_VALUE: N/A.
DM_CONTACT_INFO: Data Managers: Matt Coggon, Kelvin Bates, Chelsea Stockwell; email: matthew.m.coggon@noaa.gov and kelvin.bates@colorado.edu
PROJECT_INFO: USOS Deployment July-August, 2024
STIPULATIONS_ON_USE: Use of these data require prior OK from PI.
OTHER_COMMENTS: Uncertainties:
CH3OH_NOAAPTR_ppbv:30%; CH3CN_NOAAPTR_ppbv:30%; CH3CHO_NOAAPTR_ppbv:30%; C2H5OH_NOAAPTR_ppbv:30%; CH3SH_NOAAPTR_ppbv:50%; Acrolein_NOAAPTR_ppbv:30%; AcetonePropanal_NOAAPTR_ppbv:30%; DMS_NOAAPTR_ppbv:30%; C5H8_NOAAPTR_ppbv:30%; MVKMAC_NOAAPTR_ppbv:30%; 
Benzene_NOAAPTR_ppbv:30%; Toluene_NOAAPTR_ppbv:30%; Styrene_NOAAPTR_ppbv:30%; Benzaldehyde_NOAAPTR_ppbv:30%; C8Aromatics_NOAAPTR_ppbv:30%; C9Aromatics_NOAAPTR_ppbv:30%; Naphthalene_NOAAPTR_ppbv:30%; Octanal_NOAAPTR_ppbv:30%; Monoterpenes_NOAAPTR_ppbv:30%; Nonanal_NOAAPTR_ppbv:30%; 
C7H4ClF3_NOAAPTR_ppbv:30%; C10H30O5Si5_NOAAPTR_ppbv:30%; 
REVISION: R0
R0: Calibrated PTR Data. See individual species comments for details about measurement uncertainties
Time_Start, CH3OH_NOAAPTR_ppbv, CH3CN_NOAAPTR_ppbv, CH3CHO_NOAAPTR_ppbv, C2H5OH_NOAAPTR_ppbv, CH3SH_NOAAPTR_ppbv, Acrolein_NOAAPTR_ppbv, AcetonePropanal_NOAAPTR_ppbv, DMS_NOAAPTR_ppbv, C5H8_NOAAPTR_ppbv, MVKMAC_NOAAPTR_ppbv, Benzene_NOAAPTR_ppbv, Toluene_NOAAPTR_ppbv, Styrene_NOAAPTR_ppbv, Benzaldehyde_NOAAPTR_ppbv, C8Aromatics_NOAAPTR_ppbv, C9Aromatics_NOAAPTR_ppbv, Naphthalene_NOAAPTR_ppbv, Octanal_NOAAPTR_ppbv, Monoterpenes_NOAAPTR_ppbv, Nonanal_NOAAPTR_ppbv, C7H4ClF3_NOAAPTR_ppbv, C10H30O5Si5_NOAAPTR_ppbv
[from data line 654]
39240.0, 21.62901, 0.38358, 5.53241, 25.98496, 0.00914, 0.44587, 7.03814, 0.01651, 0.19641, 0.57408, 0.50595, 1.05068, 0.10264, 0.02678, 0.72413, 0.36136, 0.04190, 0.16586, 0.28639, 0.15833, 0.03933, 0.04325 
39300.0, 20.52220, 0.38439, 5.25234, 24.53443, 0.00771, 0.48169, 6.99856, 0.00597, 0.16387, 0.58769, 0.54420, 1.27305, 0.09781, 0.03614, 0.81050, 0.38968, 0.02001, 0.13492, 0.29323, 0.19403, 0.04381, 0.03691 
39360.0, 19.26728, 0.36671, 5.19003, 23.09599, 0.00871, 0.43632, 6.65530, 0.02166, 0.19438, 0.51898, 0.44548, 1.07095, 0.08805, 0.00607, 0.65964, 0.32277, 0.03768, 0.12623, 0.15955, 0.19727, 0.05967, 0.04194 
39420.0, 19.60965, 0.40226, 5.09193, 24.05853, 0.00382, 0.47237, 6.82046, 0.00539, 0.14639, 0.54550, 0.48431, 1.26341, 0.09607, -0.01500, 0.73332, 0.33805, 0.02475, 0.14415, 0.20416, 0.13838, 0.05243, 0.02889 
39480.0, 19.69555, 0.37626, 5.06883, 22.81204, 0.00850, 0.50837, 6.89571, 0.00513, 0.10756, 0.55184, 0.51555, 1.35995, 0.08500, 0.01821, 0.77457, 0.36281, 0.00965, 0.17771, 0.25114, 0.18603, 0.03810, 0.02779 
39540.0, 21.17763, 0.37165, 5.15621, 23.72551, 0.00331, 0.44651, 7.00113, -0.00055, 0.14123, 0.57441, 0.48194, 1.02365, 0.08959, 0.04511, 0.67992, 0.33652, 0.00587, 0.16585, 0.22716, 0.19953, 0.04348, 0.04165 
39600.0, 23.04618, 0.37062, 5.17869, 21.93930, 0.01085, 0.49420, 6.93738, 0.00501, 0.17269, 0.55056, 0.49766, 1.25119, 0.11632, 0.05178, 0.73636, 0.31579, 0.02264, 0.17467, 0.22413, 0.18143, 0.05222, 0.04160 
39660.0, 18.29686, 0.37942, 4.36014, 16.94653, -0.00001, 0.45640, 6.27785, 0.00516, 0.18827, 0.51379, 0.41301, 1.06834, 0.10003, 0.00533, 0.60762, 0.32248, 0.03138, 0.13380, 0.21408, 0.15996, 0.05082, 0.03843 
39720.0, 17.95981, 0.39740, 4.27341, 16.84590, 0.00922, 0.41402, 6.05122, 0.00151, 0.13390, 0.53341, 0.40758, 0.96839, 0.10336, 0.02002, 0.62518, 0.31788, 0.00717, 0.11178, 0.15776, 0.16532, 0.04568, 0.03210 
39780.0, 17.36255, 0.37329, 4.41241, 18.92912, 0.00826, 0.42510, 6.23998, -0.00054, 0.16616, 0.57358, 0.48791, 1.05753, 0.10460, 0.02035, 0.67825, 0.27364, 0.00727, 0.16090, 0.21264, 0.14505, 0.03058, 0.03153 
39840.0, 18.61641, 0.38838, 4.63536, 18.19713, 0.00702, 0.44770, 6.27394, -0.00054, 0.22523, 0.56692, 0.56742, 1.08033, 0.02584, 0.03111, 0.67942, 0.32333, 0.02476, 0.15147, 0.22516, 0.14741, 0.04261, 0.03619 
39900.0, 14.89920, 0.39218, 3.09936, 10.82331, 0.00569, 0.31806, 5.19359, 0.01461, 0.17894, 0.53430, 0.24206, 0.64415, 0.01804, 0.00003, 0.40140, 0.16831, 0.00849, 0.07431, 0.24232, 0.11482, 0.04791, 0.01617 
39960.0, 12.62958, 0.40871, 2.40202, 7.38156, 0.00176, 0.24423, 4.76060, 0.00928, 0.13251, 0.51379, 0.15879, 0.39667, -0.00563, -0.01079, 0.27663, 0.10568, 0.00086, 0.03879, 0.11349, 0.09134, 0.02929, 0.01367 
40020.0, 10.99494, 0.40708, 1.93384, 5.63706, -0.00107, 0.23432, 4.47120, 0.00591, 0.14354, 0.50125, 0.16404, 0.29856, 0.02891, -0.02488, 0.20799, 0.08889, 0.00455, 0.03795, 0.08054, 0.07047, 0.01912, 0.01309 
40080.0, 12.16518, 0.40746, 1.96065, 6.30678, 0.00423, 0.24759, 4.52247, 0.00154, 0.13934, 0.49831, 0.12655, 0.30838, 0.01846, -0.02831, 0.21438, 0.10011, 0.01367, 0.04347, 0.10102, 0.07227, 0.02094, 0.01205 
40140.0, 11.95697, 0.41281, 2.11428, 6.96963, 0.00171, 0.24094, 4.61237, -0.00054, 0.16906, 0.49825, 0.11623, 0.37111, 0.01440, -0.01856, 0.25281, 0.10265, 0.01206, 0.04812, 0.11531, 0.06744, 0.03065, 0.01334 
40200.0, 11.16425, 0.39281, 1.95744, 5.93643, 0.00193, 0.22787, 4.56941, -0.00054, 0.14539, 0.46099, 0.15108, 0.32956, 0.02282, -0.00842, 0.24651, 0.09519, 0.00175, 0.04656, 0.10836, 0.05892, 0.02375, 0.00943 
40260.0, 11.89549, 0.42177, 2.09799, 5.88812, 0.00478, 0.23410, 4.58971, -0.00054, 0.19030, 0.49728, 0.10022, 0.28262, 0.03465, -0.02096, 0.25387, 0.09736, 0.01091, 0.03620, 0.12235, 0.06389, 0.02066, 0.00935 
40320.0, 11.04821, 0.41748, 1.96542, 7.01367, 0.00081, 0.22877, 4.57637, -0.00054, 0.13541, 0.50513, 0.18484, 0.30450, 0.03394, -0.02748, 0.22804, 0.08905, 0.01278, 0.03918, 0.07503, 0.05460, 0.01699, 0.01196 
40380.0, 11.79605, 0.39717, 2.13348, 9.06761, -0.00022, 0.23839, 4.61045, -0.00053, 0.22872, 0.53142, 0.20270, 0.37910, 0.03657, 0.01247, 0.23735, 0.09357, 0.00263, 0.06775, 0.12791, 0.06162, 0.02246, 0.01110 
40440.0, 11.77994, 0.37854, 2.18042, 7.32620, 0.00110, 0.21832, 4.50925, -0.00053, 0.21117, 0.49737, 0.21607, 0.37192, 0.02248, -0.00220, 0.24356, 0.10870, 0.00785, 0.05321, 0.11211, 0.08336, 0.01569, 0.00935 
40500.0, 11.00256, 0.39306, 2.00490, 6.71605, -0.00006, 0.19967, 4.47737, -0.00053, 0.13048, 0.50317, 0.15499, 0.27357, 0.02849, -0.02362, 0.21229, 0.09499, 0.02059, 0.05624, 0.12640, 0.06102, 0.01281, 0.00915 
40560.0, 11.90714, 0.39664, 2.32429, 6.24624, 0.00367, 0.24465, 4.69984, 0.01072, 0.13526, 0.49615, 0.16256, 0.39594, 0.04099, -0.02151, 0.25305, 0.10829, -0.00235, 0.05387, 0.13192, 0.07182, 0.02196, 0.01650 
40620.0, 12.50153, 0.40314, 2.57500, 8.82968, 0.00358, 0.28445, 4.92100, -0.00053, 0.13283, 0.53127, 0.16852, 0.51696, 0.01722, -0.00722, 0.37256, 0.12742, 0.00678, 0.06241, 0.10900, 0.07019, 0.04018, 0.01281 
40680.0, 13.55859, 0.40911, 2.87794, 9.53699, 0.00288, 0.27920, 5.08545, -0.00053, 0.11513, 0.54492, 0.18061, 0.56420, 0.04053, 0.00496, 0.41466, 0.14380, 0.02254, 0.06344, 0.09815, 0.07425, 0.03356, 0.02364 
40740.0, 15.66841, 0.37284, 3.14740, 9.12553, 0.00433, 0.28316, 5.35425, -0.00053, 0.18449, 0.53880, 0.33284, 0.62982, 0.03817, 0.00389, 0.44257, 0.17871, 0.00916, 0.06137, 0.11519, 0.10523, 0.02869, 0.01858 
40800.0, 13.35795, 0.42394, 3.10608, 9.69122, 0.00172, 0.29191, 5.22219, -0.00053, 0.15563, 0.55290, 0.39684, 1.06052, 0.06746, 0.00375, 0.71960, 0.25407, 0.00803, 0.07578, 0.10562, 0.09588, 0.03522, 0.02422 
40860.0, 14.09842, 0.41302, 3.05136, 11.29729, 0.00376, 0.32654, 5.33549, 0.00566, 0.23443, 0.56517, 0.37363, 1.09735, 0.06162, -0.00694, 0.68178, 0.27669, 0.01898, 0.06510, 0.11778, 0.09032, 0.03020, 0.02884 
40920.0, 13.86469, 0.40813, 2.96220, 10.40501, 0.00606, 0.32375, 5.31372, -0.00053, 0.20161, 0.55016, 0.27668, 0.60404, 0.07034, 0.00370, 0.46268, 0.16473, 0.01201, 0.09045, 0.11153, 0.10784, 0.04088, 0.02460 
40980.0, 14.15922, 0.40921, 3.07369, 10.34887, 0.00639, 0.30400, 5.34267, -0.00053, 0.11624, 0.55838, 0.32831, 0.64561, 0.06483, 0.02709, 0.45014, 0.16997, 0.01475, 0.08778, 0.10790, 0.11397, 0.03917, 0.02241 
41040.0, 14.87660, 0.44250, 3.46943, 18.20947, 0.00294, 0.36621, 5.37432, -0.00052, 0.26596, 0.54565, 0.60101, 3.14820, 0.09985, 0.02223, 0.93609, 0.29786, 0.00799, 0.05380, 0.12418, 0.11086, 0.03281, 0.01662 
41100.0, 14.25871, 0.39529, 3.16365, 10.21935, 0.00272, 0.33474, 5.25183, -0.00052, 0.21400, 0.59154, 0.26188, 0.65055, 0.06514, 0.01717, 0.45529, 0.16197, 0.01053, 0.05375, 0.08818, 0.09515, 0.03717, 0.01721 
41160.0, 14.50596, 0.40452, 3.09231, 9.98089, -0.00106, 0.29699, 5.29685, -0.00020, 0.19942, 0.56183, 0.25784, 0.61188, 0.02288, -0.01313, 0.42146, 0.15171, 0.01105, 0.06223, 0.11657, 0.07487, 0.03734, 0.03075 
41220.0, 12.72791, 0.44813, 2.71780, 8.49112, 0.00052, 0.26250, 4.88648, 0.00023, 0.15866, 0.53436, 0.17247, 0.52274, 0.04575, -0.02671, 0.35851, 0.14230, 0.00464, 0.03463, 0.10078, 0.11186, 0.04318, 0.01807 
41280.0, 14.71015, 0.41499, 3.08824, 10.35082, 0.00298, 0.31585, 5.39811, 0.01252, 0.19922, 0.56282, 0.28824, 0.60480, 0.04009, 0.01211, 0.47566, 0.17114, 0.00788, 0.05440, 0.12948, 0.08397, 0.03647, 0.01971 
41340.0, 14.21942, 0.41841, 2.97699, 10.20894, 0.00163, 0.27002, 5.17462, -0.00052, 0.15498, 0.58232, 0.24682, 0.54350, 0.04373, 0.00983, 0.41566, 0.14510, 0.01494, 0.08541, 0.12100, 0.07732, 0.03679, 0.01413 
41400.0, 13.31327, 0.44973, 3.05917, 9.34302, 0.00418, 0.28117, 5.27352, 0.00063, 0.15593, 0.57749, 0.22703, 0.59381, 0.02456, 0.01496, 0.41837, 0.16074, 0.01702, 0.05739, 0.13517, 0.08726, 0.04733, 0.02277 
41460.0, 19.61644, 0.38032, 4.11159, 15.01463, 0.00981, 0.34493, 6.38325, 0.01600, 0.28190, 0.55117, 0.37488, 0.80199, 0.08193, -0.00377, 0.54647, 0.23023, 0.02516, 0.10908, 0.21042, 0.12272, 0.03564, 0.03456 
41520.0, 20.41895, 0.40249, 4.36650, 18.88082, 0.01028, 0.42250, 6.60583, 0.01515, 0.24150, 0.55903, 0.41844, 0.91927, 0.07655, 0.00205, 0.66463, 0.29804, 0.02820, 0.13051, 0.18715, 0.15648, 0.03120, 0.02536 
41580.0, 21.17684, 0.37565, 4.49228, 18.00857, 0.00844, 0.40803, 6.76011, 0.01022, 0.19371, 0.53966, 0.45911, 0.95695, 0.10495, 0.05310, 0.62080, 0.28596, 0.03247, 0.14476, 0.21937, 0.13476, 0.02922, 0.04204 
41640.0, 15.72136, 0.40821, 3.59583, 13.23947, 0.00467, 0.34116, 5.73330, -0.00052, 0.17498, 0.54834, 0.31623, 0.71361, -0.00571, 0.00728, 0.50013, 0.20689, 0.02138, 0.08686, 0.15347, 0.09740, 0.02806, 0.02952 
41700.0, 20.45243, 0.40402, 4.26547, 15.75460, 0.00589, 0.42531, 6.51911, 0.01713, 0.19086, 0.57400, 0.32567, 0.82307, 0.07405, 0.01043, 0.57175, 0.24005, 0.02310, 0.11010, 0.17858, 0.14438, 0.03858, 0.03264 
41760.0, 17.87830, 0.38428, 4.10360, 16.66326, 0.00790, 0.44420, 6.22498, 0.01391, 0.15773, 0.57005, 0.30343, 0.81880, 0.07881, -0.00174, 0.58146, 0.24471, 0.02066, 0.07898, 0.16846, 0.13015, 0.04233, 0.03438 
41820.0, 18.14989, 0.39277, 4.02126, 15.66625, 0.00732, 0.42562, 6.27099, -0.00051, 0.22464, 0.55521, 0.39014, 0.89111, 0.07304, 0.00884, 0.52540, 0.25305, 0.01000, 0.11722, 0.15426, 0.11531, 0.03931, 0.03105 
41880.0, 17.42493, 0.41126, 3.72692, 14.60575, 0.00586, 0.38327, 5.91886, -0.00051, 0.18293, 0.56736, 0.40145, 0.78118, 0.06453, 0.01059, 0.53032, 0.21682, 0.01832, 0.07196, 0.13140, 0.11035, 0.03070, 0.02535 
41940.0, 13.94381, 0.43452, 3.17139, 9.77438, 0.00025, 0.31460, 5.33163, -0.00051, 0.12893, 0.52595, 0.30536, 0.69100, 0.06462, 0.00560, 0.44914, 0.17752, -0.00366, 0.05699, 0.11068, 0.10314, 0.05421, 0.01823 
42000.0, 15.08351, 0.41973, 3.44698, 11.32516, 0.00131, 0.33638, 5.58757, 0.00079, 0.21174, 0.52803, 0.29346, 0.66337, 0.04754, 0.00973, 0.49269, 0.19231, 0.01149, 0.09725, 0.11665, 0.09986, 0.06724, 0.02268 
42060.0, 13.87377, 0.44594, 3.33874, 12.05171, 0.00061, 0.36495, 5.49433, -0.00051, 0.12681, 0.55292, 0.27126, 0.67160, 0.03104, -0.00284, 0.49055, 0.18641, 0.03183, 0.06315, 0.07905, 0.09638, 0.05378, 0.01963 
42120.0, 16.02093, 0.43227, 3.44850, 11.96318, 0.00345, 0.31186, 5.48962, -0.00051, 0.15570, 0.54127, 0.29911, 0.72871, 0.01973, 0.01045, 0.51531, 0.20868, 0.03219, 0.05034, 0.09111, 0.07743, 0.05278, 0.02611 
42180.0, 15.27894, 0.43872, 3.20501, 10.46494, 0.00281, 0.31059, 5.35554, -0.00051, 0.18101, 0.55168, 0.31212, 0.69621, 0.05931, -0.00267, 0.46241, 0.18960, 0.01565, 0.06835, 0.12699, 0.08849, 0.04611, 0.02242 
42240.0, 16.09256, 0.46541, 3.54214, 14.21901, 0.00293, 0.34073, 5.56397, -0.00051, 0.19373, 0.51701, 0.44374, 0.75493, 0.07652, 0.00941, 0.55059, 0.19821, 0.00266, 0.07543, 0.24051, 0.08997, 0.06909, 0.02515 
42300.0, 15.09169, 0.42213, 2.90946, 10.20497, 0.00101, 0.28140, 5.25249, 0.00468, 0.17988, 0.52006, 0.24297, 0.61573, 0.05686, 0.00131, 0.43877, 0.16579, 0.00336, 0.06969, 0.08697, 0.08698, 0.04253, 0.01659 
42360.0, 13.82454, 0.42659, 2.83623, 10.04410, 0.00382, 0.30169, 5.04633, -0.00051, 0.20593, 0.51736, 0.26801, 0.56036, 0.04057, -0.01347, 0.40621, 0.14710, 0.02855, 0.06402, 0.06835, 0.06965, 0.05305, 0.01803 
42420.0, 14.88711, 0.43556, 3.29244, 11.94348, 0.00653, 0.33805, 5.52366, 0.00161, 0.17937, 0.53660, 0.29631, 0.63793, 0.02413, -0.01147, 0.43538, 0.17487, 0.02439, 0.08121, 0.10707, 0.09207, 0.05783, 0.03597 
42480.0, 12.84267, 0.38681, 2.84386, 9.54906, 0.00039, 0.28123, 5.12547, 0.00264, 0.09857, 0.53245, 0.22738, 0.60157, -0.00575, 0.01677, 0.40434, 0.15488, 0.00264, 0.06141, 0.10140, 0.08366, 0.04156, 0.02509 
42540.0, 13.79850, 0.40917, 2.94631, 9.76603, 0.00259, 0.29129, 5.20622, -0.00042, 0.12424, 0.50827, 0.28725, 0.62558, 0.05167, 0.00566, 0.47805, 0.18032, 0.02558, 0.06740, 0.11584, 0.08480, 0.04328, 0.02657 
42600.0, 14.90871, 0.38166, 3.18043, 10.77805, 0.00489, 0.32699, 5.41205, -0.00050, 0.15303, 0.48589, 0.28991, 0.66924, 0.05655, 0.00209, 0.46393, 0.19201, -0.00557, 0.05962, 0.08580, 0.08456, 0.05823, 0.02454 
42660.0, 14.55510, 0.41529, 3.22747, 10.84551, 0.00083, 0.33471, 5.30930, 0.00172, 0.11774, 0.52758, 0.24026, 0.67059, 0.06064, 0.00851, 0.47366, 0.17793, 0.00775, 0.04858, 0.09494, 0.08225, 0.06552, 0.02441 
42720.0, 15.02325, 0.42907, 3.32354, 11.77841, 0.00282, 0.32093, 5.45529, 0.00763, 0.15583, 0.50999, 0.30684, 0.68214, 0.08361, -0.00597, 0.49772, 0.18992, 0.00019, 0.04029, 0.09006, 0.09837, 0.05135, 0.02226 
42780.0, 15.37990, 0.42817, 3.32744, 10.21045, 0.00405, 0.30799, 5.39549, 0.00223, 0.13047, 0.51942, 0.34167, 0.68461, 0.01024, -0.00500, 0.47635, 0.17827, 0.00682, 0.08302, 0.09007, 0.10331, 0.05012, 0.01835 
42840.0, 15.31922, 0.41265, 3.16914, 9.78373, 0.00362, 0.34648, 5.36406, 0.00503, 0.13963, 0.51114, 0.37202, 0.66595, 0.05097, -0.01620, 0.47180, 0.17698, 0.01349, 0.06908, 0.09020, 0.10430, 0.05292, 0.02006 
42900.0, 16.92317, 0.39817, 3.20519, 10.41808, 0.00149, 0.32740, 5.43459, 0.01014, 0.14974, 0.50930, 0.32204, 0.76222, 0.05413, 0.01519, 0.54993, 0.21281, 0.02307, 0.08767, 0.10917, 0.08304, 0.05608, 0.02570 
42960.0, 15.89234, 0.40232, 3.19656, 10.54602, 0.00741, 0.32086, 5.38630, 0.00201, 0.15065, 0.53312, 0.32517, 0.68884, 0.01484, 0.00378, 0.49104, 0.18963, 0.02258, 0.07070, 0.11105, 0.12047, 0.05074, 0.02458 
43020.0, 16.80027, 0.40820, 3.60935, 13.17460, 0.00350, 0.33554, 5.59960, 0.01158, 0.19367, 0.53251, 0.44697, 0.86371, 0.06498, 0.02046, 0.58430, 0.23046, 0.01436, 0.06954, 0.12940, 0.08237, 0.05255, 0.02033 
43080.0, 15.80653, 0.45642, 3.47026, 11.37436, 0.00287, 0.34194, 5.54430, -0.00049, 0.13519, 0.49589, 0.41052, 0.86722, 0.06003, 0.01370, 0.58066, 0.21106, 0.01360, 0.07902, 0.15118, 0.07600, 0.04543, 0.02157 
43140.0, 17.57611, 0.39583, 3.66982, 14.58078, 0.00631, 0.36018, 5.52211, -0.00049, 0.18921, 0.53646, 0.35678, 0.80303, 0.08363, 0.02588, 0.56071, 0.22417, 0.01367, 0.09099, 0.14367, 0.10575, 0.03667, 0.02417 
43200.0, 15.70562, 0.41765, 3.53333, 13.60847, 0.00531, 0.35046, 5.44096, 0.00449, 0.17339, 0.53148, 0.31062, 0.70583, 0.07019, 0.01081, 0.48454, 0.19764, 0.00034, 0.05897, 0.12301, 0.07567, 0.03309, 0.02746 
43260.0, 15.17289, 0.41488, 3.27143, 11.86808, 0.00363, 0.35153, 5.36994, 0.00674, 0.18445, 0.51247, 0.28589, 0.63331, 0.04733, 0.00485, 0.45119, 0.18058, -0.00234, 0.05707, 0.10967, 0.11850, 0.04020, 0.02359 
43320.0, 18.89477, 0.40853, 3.58882, 14.30072, 0.00572, 0.34725, 5.73936, 0.02447, 0.19183, 0.53551, 0.30474, 0.78214, 0.04553, -0.01047, 0.51689, 0.18380, -0.00594, 0.06465, 0.12007, 0.11523, 0.03719, 0.03132 
43380.0, 17.26628, 0.42053, 3.56904, 15.66020, 0.00594, 0.40147, 5.65741, 0.00323, 0.17750, 0.53977, 0.31499, 0.76777, 0.04005, -0.01547, 0.52811, 0.20588, 0.01218, 0.06629, 0.14859, 0.11883, 0.04990, 0.02407 
43440.0, 15.59274, 0.39442, 3.54236, 14.37900, 0.00534, 0.39930, 5.68620, 0.00586, 0.15783, 0.53096, 0.26306, 0.77838, 0.06754, 0.00000, 0.48207, 0.19572, 0.03003, 0.07309, 0.14250, 0.10993, 0.03912, 0.02195 
43500.0, 17.02543, 0.41333, 3.71294, 13.47026, 0.00641, 0.36641, 5.74398, 0.00679, 0.17440, 0.52303, 0.39838, 0.82840, 0.05737, -0.00521, 0.51941, 0.23020, 0.03107, 0.08561, 0.15633, 0.10926, 0.03961, 0.03097 
43560.0, 18.30233, 0.40789, 3.63294, 14.25715, 0.00329, 0.36599, 5.57155, 0.00993, 0.15432, 0.53335, 0.34186, 0.92270, 0.08200, -0.00171, 0.51676, 0.20594, 0.01781, 0.08865, 0.14235, 0.10639, 0.03120, 0.02045 
43620.0, 17.99832, 0.40785, 3.65730, 16.07630, 0.00084, 0.36755, 5.85222, 0.00391, 0.19305, 0.55170, 0.39212, 0.82793, 0.06807, 0.04837, 0.52751, 0.22178, 0.02301, 0.08687, 0.18306, 0.12488, 0.02928, 0.03087 
43680.0, 19.18371, 0.39783, 3.83321, 15.42746, 0.00371, 0.41059, 5.81547, 0.02354, 0.23048, 0.52244, 0.37057, 0.74644, 0.07791, 0.00983, 0.51519, 0.19215, 0.04045, 0.06588, 0.17031, 0.14347, 0.04043, 0.02830 
43740.0, 24.32231, 0.40822, 3.90290, 13.75461, 0.00500, 0.37889, 5.70664, 0.00163, 0.18545, 0.53817, 0.31834, 0.91894, 0.07975, 0.02624, 0.53830, 0.23785, 0.00990, 0.09283, 0.15011, 0.10805, 0.03020, 0.02412 
