CampaignData_and_Merges/R0/CSL_MobileLab_Parked/raw/20240802/USOS-NOAAIodideCIMS-HNO3_MobileLabGround_20240802_RA.ict
33, 1001
Michael A Robinson, Chris Jernigan, Subi Thakali
NOAA ESRL Chemical Sciences Laboratory and CIRES, U. of Colorado
NOAA Iodide CIMS Instrument
USOS
1, 1
2024, 08, 02, 2024, 08, 03
1
starttime_UTC, seconds_past_midnight, seconds_of_day_since_00:00:00_UTC
1
1
-9999
HNO3_NOAACIMS, pptv, Gas_HNO3_InSitu_S_AVMR, 
0
18
PI_CONTACT_INFO: 325 Broadway, R/CSD 7, Boulder, Colorado 80305; michael.a.robinson@noaa.gov; chris.jernigan@noaa.gov;
PLATFORM: NOAA CSL Mobile Lab
LOCATION: SLC, Utah
ASSOCIATED_DATA: 1Hz data also available on request.
INSTRUMENT_INFO: NOAA I- ToF CIMS
DATA_INFO: All data in parts per trillion by volume (pptv). 1 Hz data is available upon request.
UNCERTAINTY: TBD
ULOD_FLAG: -7777
ULOD_VALUE: N/A
LLOD_FLAG: -8888
LLOD_VALUE: N/A
DM_CONTACT_INFO: Nathan Howard; nathan.h.howard@noaa.gov
PROJECT_INFO: USOS, summer 2024. https://csl.noaa.gov/groups/csl7/measurements/2024usos/
STIPULATIONS_ON_USE: Users are strongly encouraged to contact the PI for proper data usage.
OTHER_COMMENTS: 
REVISION: RA
RA: Preliminary Data; For in-field use only
starttime_UTC, HNO3_NOAACIMS
[from data line 993]
 59580, -9999.000
 59640, -9999.000
 59700, -9999.000
 59760, -9999.000
 59820, -9999.000
 59880, -9999.000
 59940, -9999.000
 60000, -9999.000
 60060, -9999.000
 60120, -9999.000
 60180, -9999.000
 60240, -9999.000
 60300, -9999.000
 60360, -9999.000
 60420, -9999.000
 60480, -9999.000
 60540, -9999.000
 60600, -9999.000
 60660, -9999.000
 60720, -9999.000
 60780, -9999.000
 60840, -9999.000
 60900, -9999.000
 60960, -9999.000
 61020, -9999.000
 61080, -9999.000
 61140, -9999.000
 61200, -9999.000
 61260, -9999.000
 61320, -9999.000
 61380, -9999.000
 61440, -9999.000
 61500, -9999.000
 61560, -9999.000
 61620, -9999.000
 61680, 2875.872
 61740, 2932.260
 61800, 2978.913
 61860, -9999.000
 61920, 1884.261
 61980, 2047.703
 62040, 2342.634
 62100, 2357.383
 62160, 2227.483
 62220, 2567.700
 62280, 2744.939
 62340, 2795.063
 62400, 2906.953
 62460, 2960.870
 62520, 2895.949
 62580, 2932.973
 62640, 3049.211
 62700, 3095.660
 62760, 3180.860
 62820, 3129.846
 62880, 3154.781
 62940, 3149.818
 63000, 3202.861
 63060, 3052.700
 63120, 3029.485
 63180, 3241.170
 63240, 3339.343
 63300, 3163.762
 63360, 3249.609
 63420, 3591.983
 63480, 3721.362
 63540, 3752.406
 63600, 3750.611
 63660, 3727.284
 63720, 3131.419
 63780, 3257.088
 63840, 3384.950
 63900, 3803.420
 63960, 4011.181
 64020, 4223.725
 64080, 4052.820
 64140, 3973.740
 64200, 4124.480
 64260, 4040.740
 64320, 3915.677
 64380, 3786.962
 64440, 3792.396
 64500, 3797.872
 64560, 3686.973
 64620, 3858.381
 64680, 4295.999
 64740, 4497.162
 64800, 4453.496
 64860, 4540.763
 64920, 4448.621
 64980, 4272.388
 65040, 4221.994
 65100, 3954.202
 65160, 4295.356
 65220, 4394.180
 65280, 4300.579
 65340, 4316.420
 65400, 4274.782
 65460, 4036.420
 65520, 3882.965
 65580, 2896.190
 65640, 3160.905
 65700, 3330.743
 65760, 3188.141
 65820, 2876.290
 65880, 2860.134
 65940, 2888.084
 66000, 2975.063
 66060, 2929.198
 66120, 2854.884
 66180, 2693.316
 66240, 2661.325
 66300, 2643.563
 66360, 2646.344
 66420, 2631.529
 66480, 2528.247
 66540, 2307.957
 66600, 2278.249
 66660, 2371.188
 66720, 2332.044
 66780, 2457.948
 66840, 2412.060
 66900, 2427.241
 66960, 2537.124
 67020, 2638.211
 67080, 2520.414
 67140, 2647.134
 67200, 2699.702
 67260, 2484.477
 67320, 2432.039
 67380, 2484.057
 67440, 2312.259
 67500, 2417.573
 67560, 2504.756
 67620, 2428.788
 67680, 2224.922
 67740, 2241.931
 67800, 2171.508
 67860, 2198.162
 67920, 2271.189
 67980, 2214.233
 68040, 2223.893
 68100, 2287.534
 68160, 2327.878
 68220, 2345.353
 68280, 2358.148
 68340, 2345.234
 68400, 2335.485
 68460, 2344.408
 68520, 2282.087
 68580, 2145.027
 68640, 2032.613
 68700, 1920.383
 68760, 1741.988
 68820, 1618.709
 68880, 1555.101
 68940, 1511.617
 69000, 1426.802
 69060, 1329.592
 69120, 1262.949
 69180, 1271.804
 69240, -9999.000
 69300, 1041.237
 69360, 1043.111
 69420, 1025.384
 69480, 974.220
 69540, 983.230
 69600, 950.900
 69660, 925.779
 69720, 911.495
 69780, 925.111
 69840, 948.511
 69900, 950.199
 69960, 950.251
 70020, 974.466
 70080, 963.926
 70140, 1017.502
 70200, 1025.033
 70260, 1017.410
 70320, 1030.310
 70380, 1052.082
 70440, 1054.797
 70500, 1025.284
 70560, 992.481
 70620, 956.502
 70680, 908.248
 70740, 904.864
 70800, 895.252
 70860, 889.330
 70920, 987.343
 70980, 1032.309
 71040, 1099.026
 71100, -9999.000
 71160, 1067.707
 71220, 1156.996
 71280, 1182.999
 71340, 1210.043
 71400, 1166.253
 71460, 1116.007
 71520, 1105.918
 71580, 1126.791
 71640, 1126.915
 71700, 1114.934
 71760, 995.869
 71820, 911.734
 71880, 878.085
 71940, 906.716
 72000, 896.143
 72060, 901.957
 72120, 978.187
 72180, 1058.150
 72240, 1131.959
 72300, 1149.798
 72360, 1125.788
 72420, 1099.082
 72480, 1204.095
 72540, 1209.220
 72600, 1267.841
 72660, 1283.094
 72720, 1300.935
 72780, 1235.900
 72840, 1202.315
 72900, 1361.723
 72960, -9999.000
 73020, 1175.918
 73080, 1281.737
 73140, 1301.949
 73200, 1292.057
 73260, 1311.280
 73320, 1353.137
 73380, 1313.736
 73440, 1310.461
 73500, 1332.981
 73560, 1272.094
 73620, 1244.020
 73680, 1252.156
 73740, 1269.332
 73800, 1278.783
 73860, 1190.125
 73920, 1201.705
 73980, 1172.718
 74040, 1165.861
 74100, 1144.246
 74160, 1086.036
 74220, 1127.128
 74280, 1168.237
 74340, 1134.267
 74400, 1144.255
 74460, 1107.513
 74520, 1102.145
 74580, 1075.924
 74640, 1064.981
 74700, 1033.280
 74760, 935.964
 74820, 985.677
 74880, 1040.178
 74940, 1057.065
 75000, 1047.733
 75060, 1046.055
 75120, 1083.322
 75180, 1085.591
 75240, 1059.762
 75300, 1148.604
 75360, 1200.837
 75420, 1213.911
 75480, 1259.363
 75540, 1230.704
 75600, 1239.573
 75660, 1223.705
 75720, 1201.669
 75780, 1109.313
 75840, 1063.971
 75900, 1025.164
 75960, 1037.666
 76020, 1026.762
 76080, 977.173
 76140, 1045.208
 76200, 1096.820
 76260, 1049.291
 76320, 1054.379
 76380, 1057.477
 76440, 1052.961
 76500, 1002.270
 76560, 958.851
 76620, -9999.000
 76680, 840.809
 76740, 888.134
 76800, 910.960
 76860, 984.292
 76920, 994.555
 76980, 970.807
 77040, 1003.482
 77100, 1028.270
 77160, 1003.233
 77220, 925.377
 77280, 917.945
 77340, 949.799
 77400, 926.770
 77460, 910.445
 77520, 920.963
 77580, 882.672
 77640, 841.373
 77700, 784.521
 77760, 799.874
 77820, 816.229
 77880, 801.876
 77940, 783.666
 78000, 807.512
 78060, 830.908
 78120, 835.057
 78180, 868.010
 78240, 836.170
 78300, 865.137
 78360, 863.692
 78420, 856.665
 78480, -9999.000
 78540, 830.943
 78600, 866.218
 78660, 895.772
 78720, 922.247
 78780, 934.550
 78840, 947.812
 78900, 962.544
 78960, 970.573
 79020, 954.625
 79080, 864.978
 79140, 824.694
 79200, 755.773
 79260, 735.916
 79320, 719.977
 79380, 733.119
 79440, 684.490
 79500, 729.731
 79560, 763.016
 79620, 761.231
 79680, 771.412
 79740, 759.227
 79800, 810.671
 79860, 806.922
 79920, 818.911
 79980, 789.629
 80040, 746.880
 80100, 738.381
 80160, 733.494
 80220, 708.735
 80280, 733.728
 80340, -9999.000
 80400, 667.312
 80460, 681.452
 80520, 713.398
 80580, 728.951
 80640, 708.483
 80700, 726.346
 80760, 733.920
 80820, 724.934
 80880, 712.936
 80940, 756.247
 81000, 802.525
 81060, 791.011
 81120, 790.506
 81180, 745.767
 81240, 732.204
 81300, 746.542
 81360, 735.881
 81420, 739.238
 81480, 739.027
 81540, 767.078
 81600, 748.720
 81660, 787.652
 81720, 757.033
 81780, 781.524
 81840, 761.175
 81900, 766.192
 81960, 763.037
 82020, 738.157
 82080, 723.371
 82140, 717.121
 82200, 666.487
 82260, 691.553
 82320, 693.546
 82380, 698.462
 82440, 699.221
 82500, 706.307
 82560, 747.398
 82620, 746.969
 82680, 737.038
 82740, 702.870
 82800, 717.074
 82860, 733.494
 82920, 742.692
 82980, 734.921
 83040, 732.766
 83100, 708.586
 83160, 730.401
 83220, 742.358
 83280, 746.611
 83340, 768.855
 83400, 745.030
 83460, 741.742
 83520, 738.715
 83580, 721.237
 83640, 761.050
 83700, 772.686
 83760, 788.141
 83820, 772.188
 83880, 745.819
 83940, 782.089
 84000, 766.983
 84060, 613.659
 84120, 678.982
 84180, 728.673
 84240, 725.065
 84300, 752.790
 84360, 742.655
 84420, 753.171
 84480, 749.175
 84540, 752.679
 84600, 747.390
 84660, 730.004
 84720, 748.696
 84780, 754.447
 84840, 747.813
 84900, 753.242
 84960, 737.941
 85020, 750.512
 85080, 730.620
 85140, 743.158
 85200, 732.636
 85260, 701.602
 85320, 714.869
 85380, 722.936
 85440, 709.206
 85500, 684.331
 85560, 662.995
 85620, 647.516
 85680, 657.709
 85740, 652.104
 85800, 645.381
 85860, 656.058
 85920, 591.511
 85980, 624.310
 86040, 626.750
 86100, 603.715
 86160, 615.946
 86220, 638.942
 86280, 612.058
 86340, 624.039
