CampaignData_and_Merges/R0/CSL_MobileLab_Parked/raw/20240802/USOS-NOAAIodideCIMS-HNO2_MobileLabGround_20240802_RA.ict
33, 1001
Michael A Robinson, Chris Jernigan, Subi Thakali
NOAA ESRL Chemical Sciences Laboratory and CIRES, U. of Colorado
NOAA Iodide CIMS Instrument
USOS
1, 1
2024, 08, 02, 2024, 08, 03
1
starttime_UTC, seconds_past_midnight, seconds_of_day_since_00:00:00_UTC
1
1
-9999
HNO2_NOAACIMS, pptv, Gas_HNO2_InSitu_S_AVMR, 
0
18
PI_CONTACT_INFO: 325 Broadway, R/CSD 7, Boulder, Colorado 80305; michael.a.robinson@noaa.gov; chris.jernigan@noaa.gov;
PLATFORM: NOAA CSL Mobile Lab
LOCATION: SLC, Utah
ASSOCIATED_DATA: 1Hz data also available on request.
INSTRUMENT_INFO: NOAA I- ToF CIMS
DATA_INFO: All data in parts per trillion by volume (pptv). 1 Hz data is available upon request.
UNCERTAINTY: TBD
ULOD_FLAG: -7777
ULOD_VALUE: N/A
LLOD_FLAG: -8888
LLOD_VALUE: N/A
DM_CONTACT_INFO: Nathan Howard; nathan.h.howard@noaa.gov
PROJECT_INFO: USOS, summer 2024. https://csl.noaa.gov/groups/csl7/measurements/2024usos/
STIPULATIONS_ON_USE: Users are strongly encouraged to contact the PI for proper data usage.
OTHER_COMMENTS: 
REVISION: RA
RA: Preliminary Data; For in-field use only
starttime_UTC, HNO2_NOAACIMS
     0, -9999.000
    60, -9999.000
   120, -9999.000
   180, -9999.000
   240, -9999.000
   300, -9999.000
   360, -9999.000
   420, -9999.000
   480, -9999.000
   540, -9999.000
   600, -9999.000
   660, -9999.000
   720, -9999.000
   780, -9999.000
   840, -9999.000
   900, -9999.000
   960, -9999.000
  1020, -9999.000
  1080, -9999.000
  1140, -9999.000
  1200, -9999.000
  1260, -9999.000
  1320, -9999.000
  1380, -9999.000
  1440, -9999.000
  1500, -9999.000
  1560, -9999.000
  1620, -9999.000
  1680, -9999.000
  1740, -9999.000
  1800, -9999.000
  1860, -9999.000
  1920, -9999.000
  1980, -9999.000
  2040, -9999.000
  2100,  4.812
  2160,  6.243
  2220, -9999.000
  2280, -9999.000
  2340, -9999.000
  2400, -9999.000
  2460, -9999.000
  2520, -9999.000
  2580, -9999.000
  2640, -9999.000
  2700, -9999.000
  2760, -9999.000
  2820, -9999.000
  2880, -9999.000
  2940, -9999.000
  3000, -9999.000
  3060, -9999.000
  3120, -9999.000
  3180, -9999.000
  3240, -9999.000
  3300, -9999.000
  3360, -9999.000
  3420, -9999.000
  3480, -9999.000
  3540, -9999.000
  3600, -9999.000
  3660, -9999.000
  3720, -9999.000
  3780, -9999.000
  3840, -9999.000
  3900, -9999.000
  3960, -9999.000
  4020, -9999.000
  4080, -9999.000
  4140, -9999.000
  4200, -9999.000
  4260, -9999.000
  4320,  3.994
  4380, -1.834
  4440,  1.687
  4500,  1.570
  4560,  6.314
  4620,  1.728
  4680,  4.999
  4740,  1.037
  4800,  3.521
  4860,  4.341
  4920,  1.324
  4980,  3.022
  5040,  5.644
  5100,  2.382
  5160,  2.443
  5220,  3.481
  5280,  6.729
  5340,  0.403
  5400,  3.172
  5460,  1.572
  5520,  3.768
  5580,  2.974
  5640,  5.861
  5700,  7.231
  5760,  8.275
  5820,  7.095
  5880,  6.264
  5940, -9999.000
  6000, 16.195
  6060, 21.089
  6120, 12.321
  6180, 13.924
  6240, 17.031
  6300, 11.488
  6360, 11.265
  6420, 12.031
  6480, 13.948
  6540, 15.563
  6600, 14.365
  6660, 10.124
  6720, 13.382
  6780, 13.763
  6840,  9.998
  6900, 13.575
  6960, 16.848
  7020, 11.037
  7080, 11.831
  7140, 12.943
  7200, 14.032
  7260, 12.708
  7320, 12.531
  7380, 15.046
  7440, 11.766
  7500, 10.694
  7560, 10.880
  7620, 15.758
  7680, 11.134
  7740, 13.252
  7800, 18.816
  7860, 18.799
  7920, 14.339
  7980, 20.025
  8040, 17.324
  8100, 20.703
  8160, 26.818
  8220, 25.226
  8280, 34.427
  8340, 33.445
  8400, 40.281
  8460, 38.198
  8520, 41.531
  8580, 44.942
  8640, 41.882
  8700, 47.066
  8760, 49.700
  8820, 47.126
  8880, 52.734
  8940, 55.972
  9000, 56.987
  9060, 60.062
  9120, 57.758
  9180, 58.364
  9240, 58.425
  9300, 72.322
  9360, 65.935
  9420, 63.008
  9480, 58.154
  9540, 53.629
  9600, 68.053
  9660, 59.458
  9720, 58.148
  9780, 55.729
  9840, 55.166
  9900, 60.224
  9960, 61.632
 10020, 58.161
 10080, 59.204
 10140, 59.504
 10200, 50.696
 10260, 58.027
 10320, 55.948
 10380, 48.310
 10440, 50.370
 10500, 55.658
 10560, 56.144
 10620, 50.044
 10680, 45.100
 10740, 55.464
 10800, 52.843
 10860, 49.977
 10920, 56.538
 10980, 46.783
 11040, 48.422
 11100, 47.232
 11160, 52.969
 11220, 52.145
 11280, 51.915
 11340, 45.113
 11400, 44.504
 11460, 51.972
 11520, 43.174
 11580, 45.490
 11640, 44.491
 11700, 48.823
 11760, 45.310
 11820, 51.011
 11880, 53.463
 11940, 52.220
 12000, 44.832
 12060, 46.596
 12120, 39.123
 12180, 40.495
 12240, 49.438
 12300, 39.619
 12360, 44.695
 12420, 46.557
 12480, 43.570
 12540, 40.242
 12600, 40.308
 12660, 40.591
 12720, 40.309
 12780, 33.276
 12840, 34.979
 12900, 45.043
 12960, 47.143
 13020, 48.428
 13080, 45.761
 13140, 40.415
 13200, 36.424
 13260, 34.642
 13320, -9999.000
 13380, 49.907
 13440, 40.262
 13500, 41.301
 13560, 45.728
 13620, 35.131
 13680, 22.809
 13740, 28.314
 13800, 27.258
 13860, 25.005
 13920, 21.365
 13980, 27.065
 14040, 21.465
 14100, 27.781
 14160, 28.086
 14220, 22.749
 14280, 18.214
 14340, 20.451
 14400, 22.844
 14460, 18.151
 14520, 16.894
 14580, 19.194
 14640, 26.054
 14700, 21.998
 14760, 19.159
 14820, 56.588
 14880, 31.005
 14940, 24.393
 15000, 32.910
 15060, 25.344
 15120, 26.783
 15180, -9999.000
 15240, 17.868
 15300, 23.746
 15360, 25.053
 15420, 29.222
 15480, 27.670
 15540, 48.427
 15600, 37.634
 15660, 24.562
 15720, 27.235
 15780, 27.013
 15840, 30.731
 15900, 32.796
 15960, 12.107
 16020, 28.070
 16080, 22.807
 16140, 17.277
 16200, 25.674
 16260, 18.376
 16320, 17.726
 16380, 19.295
 16440, 18.959
 16500, 21.097
 16560, 39.588
 16620, 26.573
 16680, 33.815
 16740, 40.790
 16800, 41.834
 16860, 38.469
 16920, 48.102
 16980, 43.225
 17040, -9999.000
 17100, 59.491
 17160, 63.398
 17220, 54.618
 17280, 54.681
 17340, 71.995
 17400, 104.407
 17460, 93.629
 17520, 86.787
 17580, 113.671
 17640, 107.806
 17700, 99.952
 17760, 114.438
 17820, 128.732
 17880, 127.485
 17940, 112.419
 18000, 114.684
 18060, 107.002
 18120, 109.158
 18180, 127.778
 18240, 126.758
 18300, 133.120
 18360, 137.373
 18420, 154.226
 18480, 169.818
 18540, 163.460
 18600, 168.676
 18660, 159.567
 18720, 177.154
 18780, 192.784
 18840, 184.125
 18900, 197.584
 18960, 176.086
 19020, 189.075
 19080, 194.665
 19140, 204.380
 19200, 169.850
 19260, 180.264
 19320, 201.238
 19380, 214.336
 19440, 226.191
 19500, 219.524
 19560, 210.134
 19620, 205.418
 19680, 163.628
 19740, 184.565
 19800, 155.473
 19860, 191.011
 19920, 197.820
 19980, 183.480
 20040, 153.113
 20100, 145.478
 20160, 93.043
 20220, 85.171
 20280, 90.787
 20340, 82.988
 20400, 59.882
 20460, 65.665
 20520, 60.958
 20580, 48.900
 20640, 41.567
 20700, -9999.000
 20760, 63.106
 20820, 90.503
 20880, 129.082
 20940, 121.410
 21000, 129.914
 21060, 105.453
 21120, 80.233
 21180, 81.217
 21240, 79.913
 21300, 83.235
 21360, 67.380
 21420, 59.816
 21480, 82.962
 21540, 84.424
 21600, 76.428
 21660, 90.509
 21720, 80.089
 21780, 76.048
 21840, 79.513
 21900, 75.273
 21960, 57.496
 22020, 50.060
 22080, 29.375
 22140, 28.291
 22200, 40.714
 22260, 41.599
 22320, 37.499
 22380, 31.449
 22440, 41.742
 22500, 45.117
 22560, -9999.000
 22620, 67.529
 22680, 67.060
 22740, 73.195
 22800, 108.537
 22860, 206.038
 22920, 182.858
 22980, 215.534
 23040, 225.741
 23100, 192.722
 23160, 146.257
 23220, 164.993
 23280, 174.553
 23340, 154.932
 23400, 169.435
 23460, 155.840
 23520, 117.089
 23580, 53.474
 23640, 75.545
 23700, 130.160
 23760, 155.063
 23820, 147.533
 23880, 157.388
 23940, 121.332
 24000, 101.090
 24060, 115.742
 24120, 48.685
 24180, 29.565
 24240, 28.233
 24300, 17.471
 24360, 13.200
 24420, -9999.000
 24480, 21.209
 24540, 10.523
 24600, 15.757
 24660, 13.834
 24720, 36.541
 24780, 35.580
 24840, 26.707
 24900, 28.391
 24960, 18.045
 25020, 56.588
 25080, 51.413
 25140, 23.876
 25200, 28.996
 25260, 37.630
 25320, 17.540
 25380, 39.818
 25440, 126.164
 25500, 149.341
 25560, 153.028
 25620, 173.244
 25680, 152.075
 25740, 185.404
 25800, 157.616
 25860, 166.576
 25920, 194.632
 25980, 157.248
 26040, 204.350
 26100, 214.572
 26160, 228.940
 26220, 220.179
 26280, 222.513
 26340, 216.019
 26400, 237.132
 26460, 227.209
 26520, 247.039
 26580, 253.711
 26640, 241.203
 26700, 256.866
 26760, 240.076
 26820, 255.292
 26880, 262.669
 26940, 219.615
 27000, 249.366
 27060, 265.632
 27120, 244.593
 27180, 256.994
 27240, 253.306
 27300, 250.437
 27360, 246.397
 27420, 257.178
 27480, 250.870
 27540, 237.240
 27600, 232.461
 27660, 190.927
 27720, 172.255
 27780, 181.699
 27840, 216.740
 27900, 208.687
 27960, 175.387
 28020, 174.156
 28080, -9999.000
 28140, 195.776
 28200, 165.101
 28260, 177.678
 28320, 184.626
 28380, 170.165
 28440, 158.250
 28500, 184.835
 28560, 171.351
 28620, 163.954
 28680, 175.333
 28740, 172.153
 28800, 178.222
 28860, 180.748
 28920, 160.351
 28980, 154.735
 29040, 187.898
 29100, 201.459
 29160, 194.901
 29220, 204.355
 29280, 177.068
 29340, 188.574
 29400, 201.659
 29460, 201.993
 29520, 200.665
 29580, 211.165
 29640, 200.213
 29700, 224.895
 29760, 209.122
 29820, 223.105
 29880, 229.378
 29940, 226.488
 30000, 226.373
 30060, 232.230
 30120, 250.243
 30180, 247.591
 30240, 226.780
 30300, 223.733
 30360, 228.736
 30420, 226.618
 30480, 227.495
 30540, 229.547
 30600, 207.170
 30660, 213.605
 30720, 244.770
 30780, 213.704
 30840, 219.846
 30900, 235.258
 30960, 220.231
 31020, 245.216
 31080, 243.690
 31140, 258.501
 31200, 236.998
 31260, 239.208
 31320, 238.155
 31380, 249.374
 31440, 263.972
 31500, 256.959
 31560, 251.149
 31620, 254.995
 31680, 265.814
 31740, 275.554
 31800, -9999.000
 31860, 260.456
 31920, 262.119
 31980, 275.804
 32040, 284.327
 32100, 285.300
 32160, 280.778
 32220, 277.681
 32280, 269.263
 32340, 263.757
 32400, 259.801
 32460, 265.278
 32520, 268.364
 32580, 263.101
 32640, 261.759
 32700, 271.255
 32760, 284.843
 32820, 276.246
 32880, 270.901
 32940, 260.555
 33000, 260.311
 33060, 267.324
 33120, 286.934
 33180, 283.352
 33240, 280.844
 33300, 282.359
 33360, 285.284
 33420, 343.360
 33480, 302.320
 33540, 281.788
 33600, 280.040
 33660, 255.657
 33720, 265.558
 33780, 262.788
 33840, 274.809
 33900, 284.500
 33960, 261.438
 34020, 266.057
 34080, 258.983
 34140, 267.663
 34200, 260.330
 34260, 267.270
 34320, 267.184
 34380, 261.832
 34440, 264.895
 34500, 266.435
 34560, 307.491
 34620, 302.505
 34680, 303.973
 34740, 314.659
 34800, 320.942
 34860, 309.415
 34920, 293.744
 34980, 288.050
 35040, 288.059
 35100, 289.614
 35160, 283.898
 35220, 296.662
 35280, 267.449
 35340, 296.185
 35400, 319.510
 35460, 318.814
 35520, -9999.000
 35580, 239.518
 35640, 289.670
 35700, 308.533
 35760, 299.994
 35820, 318.622
 35880, 312.742
 35940, 307.900
 36000, 321.608
 36060, 323.144
 36120, 311.690
 36180, 305.987
 36240, 308.203
 36300, 314.550
 36360, 308.284
 36420, 318.578
 36480, 325.635
 36540, 313.164
 36600, 308.344
 36660, 322.764
 36720, 293.522
 36780, 308.327
 36840, 305.129
 36900, 298.097
 36960, 277.700
 37020, 278.356
 37080, 281.247
 37140, 281.994
 37200, 287.863
 37260, 293.252
 37320, 283.855
 37380, 295.391
 37440, 306.687
 37500, 311.190
 37560, 300.682
 37620, 305.462
 37680, 319.318
 37740, 325.112
 37800, 326.217
 37860, 301.483
 37920, 306.622
 37980, 317.480
 38040, 311.114
 38100, 303.899
 38160, 308.889
 38220, 313.816
 38280, 322.251
 38340, 294.367
 38400, 249.309
 38460, 265.746
 38520, 277.218
 38580, 281.224
 38640, 304.743
 38700, 326.907
 38760, 327.689
 38820, 327.147
 38880, 344.986
 38940, 342.561
 39000, 338.807
 39060, 343.733
 39120, 331.680
 39180, -9999.000
 39240, 317.968
 39300, 336.704
 39360, 316.489
 39420, 342.334
 39480, 325.655
 39540, 326.586
 39600, 327.743
 39660, 281.158
 39720, 255.456
 39780, 274.930
 39840, 246.893
 39900, 169.704
 39960, 125.058
 40020, 104.038
 40080, 117.462
 40140, 103.769
 40200, 108.595
 40260, 111.409
 40320, 100.402
 40380, 105.483
 40440, 116.941
 40500, 114.332
 40560, 161.047
 40620, 181.614
 40680, 185.547
 40740, 206.575
 40800, 224.102
 40860, 218.546
 40920, 234.625
 40980, 227.555
 41040, -9999.000
 41100, 225.023
 41160, 208.723
 41220, 200.324
 41280, 208.918
 41340, 196.187
 41400, 233.890
 41460, 283.835
 41520, 293.640
 41580, 302.018
 41640, 242.503
 41700, 280.996
 41760, 307.603
 41820, 293.109
 41880, 257.976
 41940, 220.717
 42000, 235.991
 42060, 241.717
 42120, 246.205
 42180, 234.573
 42240, 227.457
 42300, 215.731
 42360, 218.833
 42420, 225.271
 42480, 198.217
 42540, 221.227
 42600, 234.795
 42660, 238.872
 42720, 243.325
 42780, 224.880
 42840, 227.992
 42900, -9999.000
 42960, 255.947
 43020, 258.097
 43080, 234.855
 43140, 250.305
 43200, 247.841
 43260, 230.809
 43320, 275.283
 43380, 248.298
 43440, 264.484
 43500, 267.434
 43560, 263.654
 43620, 278.997
 43680, 266.061
 43740, 259.237
 43800, 239.105
 43860, 176.508
 43920, 52.002
 43980, 66.247
 44040, 107.016
 44100, 153.060
 44160, 187.311
 44220, 142.191
 44280, 136.327
 44340, 116.425
 44400, 152.530
 44460, 159.608
 44520, 170.700
 44580, 202.615
 44640, 181.788
 44700, 183.719
 44760, 177.345
 44820, 192.651
 44880, 189.772
 44940, 194.326
 45000, 227.775
 45060, 234.060
 45120, 237.172
 45180, 197.460
 45240, 199.847
 45300, 206.343
 45360, 206.941
 45420, 218.678
 45480, 229.542
 45540, 226.217
 45600, 228.484
 45660, 214.088
 45720, 220.856
 45780, 223.108
 45840, 235.658
 45900, 231.429
 45960, 218.079
 46020, 221.136
 46080, 221.818
 46140, 225.721
 46200, 230.832
 46260, 245.507
 46320, 246.063
 46380, 263.327
 46440, 252.165
 46500, 234.024
 46560, -9999.000
 46620, 274.883
 46680, 261.837
 46740, 271.489
 46800, 296.114
 46860, 362.971
 46920, 341.784
 46980, 318.370
 47040, 294.758
 47100, 266.918
 47160, 284.561
 47220, 276.209
 47280, 275.218
 47340, 282.928
 47400, 321.611
 47460, 318.901
 47520, 293.830
 47580, 289.016
 47640, 290.978
 47700, 321.089
 47760, 272.344
 47820, 308.648
 47880, 287.076
 47940, 260.480
 48000, 283.580
 48060, 316.896
 48120, 282.933
 48180, 281.552
 48240, 254.271
 48300, 257.797
 48360, 244.022
 48420, 272.533
 48480, 230.954
 48540, 245.547
 48600, 269.825
 48660, 258.038
 48720, 235.072
 48780, 217.258
 48840, 243.944
 48900, 287.388
 48960, 289.873
 49020, 285.738
 49080, 293.101
 49140, 302.044
 49200, 301.857
 49260, 303.782
 49320, 278.356
 49380, 297.250
 49440, 283.904
 49500, 259.122
 49560, 254.058
 49620, 252.115
 49680, 302.925
 49740, 239.538
 49800, 237.681
 49860, 235.316
 49920, 235.592
 49980, 265.451
 50040, 265.879
 50100, 291.033
 50160, 272.409
 50220, 272.301
 50280, -9999.000
 50340, 257.935
 50400, 289.355
 50460, 284.506
 50520, 293.035
 50580, 278.244
 50640, 272.965
 50700, 263.756
 50760, 286.804
 50820, 295.821
 50880, 259.245
 50940, 278.465
 51000, 278.360
 51060, 254.507
 51120, 273.172
 51180, 274.305
 51240, 293.985
 51300, 264.536
 51360, 261.794
 51420, 243.250
 51480, 241.248
 51540, 218.885
 51600, 216.216
 51660, 229.049
 51720, 215.977
 51780, 176.148
 51840, 199.257
 51900, 185.335
 51960, 212.080
 52020, 222.465
 52080, 227.124
 52140, 215.446
 52200, 231.645
 52260, 254.963
 52320, 237.850
 52380, 234.234
 52440, 235.492
 52500, 226.867
 52560, 244.628
 52620, 236.025
 52680, 233.806
 52740, 247.785
 52800, 226.297
 52860, 247.337
 52920, 243.030
 52980, 228.138
 53040, 194.732
 53100, 242.963
 53160, 228.546
 53220, 220.162
 53280, 206.896
 53340, 217.298
 53400, 205.920
 53460, 210.086
 53520, 199.132
 53580, 216.249
 53640, 238.961
 53700, 216.785
 53760, 222.336
 53820, 209.290
 53880, 212.291
 53940, 222.891
 54000, 189.243
 54060, 183.070
 54120, 186.498
 54180, 195.885
 54240, 170.395
 54300, 156.546
 54360, 145.077
 54420, 148.095
 54480, 159.489
 54540, 151.550
 54600, 143.800
 54660, 129.250
 54720, 140.952
 54780, 125.956
 54840, 187.866
 54900, 126.733
 54960, 182.452
 55020, 147.221
 55080, 170.284
 55140, 136.650
 55200, 148.596
 55260, 130.386
 55320, 177.686
 55380, 139.659
 55440, 175.045
 55500, 197.011
 55560, 184.260
 55620, 170.470
 55680, 186.557
 55740, 162.296
 55800, 136.561
 55860, 140.995
 55920, 139.849
 55980, 140.145
 56040, 174.767
 56100, 140.994
 56160, 121.888
 56220, 134.319
 56280, 163.784
 56340, 158.574
 56400, 161.091
 56460, 144.289
 56520, 134.384
 56580, 130.679
 56640, 141.656
 56700, 150.531
 56760, -9999.000
 56820, -9999.000
 56880, -9999.000
 56940, -9999.000
 57000, -9999.000
 57060, 159.715
 57120, 147.106
 57180, 143.177
 57240, 148.942
 57300, -9999.000
 57360, 168.147
 57420, 126.702
 57480, 138.591
 57540, 127.858
 57600, 96.115
 57660, 108.736
 57720, 117.892
 57780, 115.275
 57840, 134.436
 57900, 127.220
 57960, 141.462
 58020, -9999.000
 58080, -9999.000
 58140, -9999.000
 58200, -9999.000
 58260, -9999.000
 58320, -9999.000
 58380, -9999.000
 58440, -9999.000
 58500, -9999.000
 58560, -9999.000
 58620, -9999.000
 58680, -9999.000
 58740, -9999.000
 58800, -9999.000
 58860, -9999.000
 58920, -9999.000
 58980, -9999.000
 59040, -9999.000
 59100, -9999.000
 59160, -9999.000
 59220, -9999.000
 59280, -9999.000
 59340, -9999.000
 59400, -9999.000
 59460, -9999.000
 59520, -9999.000
 59580, -9999.000
 59640, -9999.000
 59700, -9999.000
 59760, -9999.000
 59820, -9999.000
 59880, -9999.000
 59940, -9999.000
 60000, -9999.000
