CampaignData_and_Merges/R0/CSL_MobileLab_Parked/raw/20240802/USOS-Picarro-CO2-CH4-CO-H2O_MobileLabGround_20240802_R0.ict
38, 1001
Ilana Pollack, Nell Schafer, and Jeff Peischl
NOAA Chemical Sciences Laboratory
Picarro 2401-m CO2/CH4/CO/H2O Analyzer
USOS
1, 1
2024, 08, 02, 2024, 11, 20
0
StartTime_UTC, seconds_past_midnight, seconds past midnight
5
1, 1, 1, 1, 1
-9999, -9999, -9999, -9999, -9999
StopTime_UTC, seconds_past_midnight, seconds past midnight
CO2_ppm_1min, ppm, Gas_CO2_InSitu_S_DMF, carbon dioxide mixing ratio
CH4_ppb_1min, ppb, Gas_CH4_InSitu_S_DMF, methane mixing ratio
CO_ppb_1min, ppb, Gas_CO_InSitu_S_DMF, carbon monoxide mixing ratio
H2O_ppmv_1min, ppmv, Met_H2OMRV_InSitu_S_AVMR, water vapor mixing ratio
1
SPECIAL COMMENTS: N/A
18
PI_CONTACT_INFO: Address: NOAA Chemical Sciences Laboratory, Mail Stop CSL7, 325 Broadway, Boulder, CO 80305; Email: Ilana.Pollack@noaa.gov
PLATFORM: NOAA CSL Mobile Laboratory
LOCATION: The mobile lab was stationed in Salt Lake City, Utah.
ASSOCIATED_DATA: N/A
INSTRUMENT_INFO: CO2, CH4, and CO are reported as dry air mole fractions using a commercial wavelength-scanned cavity ring-down analyzer (Picarro 2401-m). An in-field calibration gas standard of 432±0.07 ppm CO2, 2095±1 ppb CH4, and 183±1 ppb CO, calibrated in the Boulder laboratories before and after the field project using primary CO2, CH4, and CO standard tanks tied to the WMO standard (X2019, X2004A, and X2014A, respectively) from the Global Monitoring Laboratory (GML), was delivered to the inlet every 2-3 days to evaluate instrument sensitivity. A H2O measurement was calibrated before the project with a Dew Point Mirror 373 hygrometer. The water correction calculated from these calibrations was applied to the H2O measurement for the entire campaign. Species are measured at 0.5 Hz and reported as 1-minute averages for stationary measurements.
DATA_INFO: Units: CO2, ppm, dry air mole fraction; CH4, ppb, dry air mole fraction; CO, ppb, dry air mole fraction; H2O, ppmv
UNCERTAINTY: Total uncertainties are estimated as ±0.1 ppm for CO2, ±1 ppb for CH4, ±5 ppb for CO, and ±(50 ppm + 4%) for H2O.
ULOD_FLAG: -7777
ULOD_VALUE: N/A
LLOD_FLAG: -8888
LLOD_VALUE: N/A
DM_CONTACT_INFO: Data Manager: Nathan Howard; nathan.h.howard@noaa.gov
PROJECT_INFO: USOS Dates of Study: July – August 2024
STIPULATIONS_ON_USE: Use of these data require prior ok from PI.
OTHER_COMMENTS: Data are averaged to 1 minute intervals. Stationary data collected from a 10 ft tower on top of the mobile van.
REVISION: R0
R0: Final Data
StartTime_UTC, StopTime_UTC, CO2_ppm_1min, CH4_ppb_1min, CO_ppb_1min, H2O_ppmv_1min
[from data line 1139]
68340,68400,430.32,2076.2,239.6,9580.8711
68400,68460,429.74,2074.5,241.7,9549.7314
68460,68520,429.46,2073.0,242.4,9836.1846
68520,68580,427.29,2050.0,230.6,9155.9941
68580,68640,427.13,2048.3,232.2,9227.8857
68640,68700,425.95,2039.7,227.2,9169.5967
68700,68760,424.70,2033.0,224.0,9427.9688
68760,68820,424.24,2029.9,223.8,9723.8691
68820,68880,424.19,2026.8,223.1,9214.3555
68880,68940,423.73,2027.8,221.2,9266.8076
68940,69000,423.37,2023.9,221.9,9510.0889
69000,69060,422.44,2014.9,218.4,9141.6387
69060,69120,421.94,2011.0,211.5,8941.2920
69120,69180,421.90,2012.5,212.1,9025.1904
69180,69240,422.05,2013.9,218.2,9310.1377
69240,69300,421.57,2013.6,214.3,9607.1748
69300,69360,420.89,2007.9,211.7,9669.2461
69360,69420,420.37,2005.6,208.8,9241.1074
69420,69480,420.21,2006.7,208.2,9374.9131
69480,69540,420.41,2006.9,208.5,9009.6504
69540,69600,420.23,2010.7,210.0,9829.4023
69600,69660,420.67,2011.7,208.4,9532.8760
69660,69720,420.79,2010.8,207.9,9254.3965
69720,69780,421.25,2011.8,209.0,9270.6162
69780,69840,421.57,2015.3,211.4,9524.9648
69840,69900,421.79,2015.4,211.2,9313.0078
69900,69960,421.40,2011.0,207.3,8868.1523
69960,70020,421.53,2014.5,211.0,9342.5068
70020,70080,421.15,2017.1,215.4,10413.8926
70080,70140,421.26,2019.1,224.3,10632.4629
70140,70200,422.42,2017.3,246.3,9928.9941
70200,70260,421.84,2013.3,215.9,9586.3057
70260,70320,422.08,2014.6,212.5,9387.3008
70320,70380,422.12,2014.5,211.7,9243.8877
70380,70440,421.71,2015.8,215.6,9856.0977
70440,70500,420.40,2011.8,211.5,10426.7832
70500,70560,420.91,2012.7,214.1,10397.7617
70560,70620,421.15,2010.4,213.0,10126.9697
70620,70680,421.09,2008.2,209.6,9582.4092
70680,70740,421.43,2007.1,206.9,9213.6064
70740,70800,422.20,2006.7,208.9,9343.2705
70800,70860,421.65,2009.6,212.9,10153.1289
70860,70920,421.51,2013.9,214.4,10835.7891
70920,70980,421.45,2015.4,214.0,11659.9258
70980,71040,422.34,2016.7,218.7,10749.8750
71040,71100,422.77,2019.3,219.3,11357.0117
71100,71160,423.32,2026.0,227.3,11297.1543
71160,71220,424.38,2032.0,227.2,10936.4893
71220,71280,424.27,2032.2,225.6,11110.9287
71280,71340,423.84,2025.7,222.2,10474.7715
71340,71400,422.61,2020.8,217.5,10992.4014
71400,71460,422.23,2012.4,214.0,9785.5625
71460,71520,422.34,2012.3,214.2,9609.8623
71520,71580,422.57,2009.2,212.7,9002.2598
71580,71640,422.83,2007.0,211.4,8880.7529
71640,71700,422.48,2012.1,216.6,9820.2432
71700,71760,421.39,2010.5,218.2,10192.7832
71760,71820,421.34,2004.5,209.1,9367.3584
71820,71880,421.52,2005.2,209.1,9586.3066
71880,71940,422.74,2015.9,213.6,9950.9961
71940,72000,422.63,2014.5,207.7,9809.2754
72000,72060,423.34,2021.4,217.0,10343.2813
72060,72120,423.63,2024.9,219.3,10208.5225
72120,72180,423.67,2025.5,216.1,10137.0713
72180,72240,424.25,2029.2,222.4,10255.3789
72240,72300,423.80,2029.2,222.7,10395.5029
72300,72360,423.70,2027.5,221.2,10261.5527
72360,72420,424.31,2029.9,250.7,10706.6270
72420,72480,424.16,2031.0,228.5,10120.0918
72480,72540,423.93,2033.1,223.9,10570.9619
72540,72600,423.85,2031.9,222.3,10621.5703
72600,72660,424.03,2030.4,223.3,10269.7451
72660,72720,424.17,2030.4,224.7,10368.7422
72720,72780,423.56,2029.2,224.9,10739.1846
72780,72840,423.31,2028.3,224.1,10848.9395
72840,72900,425.48,2042.4,227.1,9858.9268
72900,72960,424.80,2040.2,230.5,10680.3145
72960,73020,424.53,2040.6,227.6,10966.5010
73020,73080,424.57,2046.9,225.9,10733.3213
73080,73140,424.50,2047.1,228.2,10977.7646
73140,73200,423.95,2038.8,224.0,10673.9717
73200,73260,424.19,2036.6,226.3,10806.0742
73260,73320,424.34,2034.5,228.9,10682.9395
73320,73380,423.86,2032.1,223.4,10673.8203
73380,73440,423.64,2030.1,222.7,10420.9629
73440,73500,423.38,2027.3,219.1,9925.8193
73500,73560,422.81,2026.4,219.7,10631.7832
73560,73620,423.40,2025.9,218.2,9800.5479
73620,73680,423.56,2023.0,217.7,9102.0400
73680,73740,423.54,2023.2,217.4,9054.1953
73740,73800,423.35,2023.5,217.0,9310.6465
73800,73860,422.97,2025.8,222.9,10424.3398
73860,73920,422.45,2023.1,216.3,10168.1885
73920,73980,422.32,2021.1,217.4,10017.6641
73980,74040,422.68,2020.3,223.4,9327.0635
74040,74100,422.39,2021.4,221.3,10042.2402
74100,74160,422.44,2022.1,224.3,10516.5801
74160,74220,422.89,2023.5,227.3,10406.8818
74220,74280,423.24,2024.1,229.6,10261.4873
74280,74340,422.59,2022.3,229.7,10788.1299
74340,74400,422.35,2017.1,219.6,9541.5479
74400,74460,422.43,2015.6,215.2,9294.2803
74460,74520,422.30,2013.1,209.2,8952.3105
74520,74580,422.32,2013.4,212.4,9432.7471
74580,74640,422.07,2011.2,208.4,9108.6162
74640,74700,422.23,2012.3,213.7,9394.7969
74700,74760,422.12,2012.7,216.9,9848.1074
74760,74820,422.47,2011.1,209.8,8710.4883
74820,74880,422.41,2009.8,209.2,8600.2129
74880,74940,422.55,2010.1,210.2,8719.6416
74940,75000,422.47,2010.2,209.5,8996.5479
75000,75060,422.23,2010.1,210.5,9275.5264
75060,75120,422.45,2008.9,208.5,8632.3789
75120,75180,422.03,2007.9,209.6,9068.5488
75180,75240,421.98,2007.2,210.7,8991.1338
75240,75300,423.11,2009.1,213.6,8936.1563
75300,75360,423.23,2010.0,213.7,8961.1436
75360,75420,423.42,2009.6,214.3,8996.5410
75420,75480,423.17,2007.6,212.0,8449.6797
75480,75540,423.00,2007.9,214.7,9028.2920
75540,75600,422.72,2008.0,213.2,9034.6660
75600,75660,422.95,2008.7,213.9,9187.7480
75660,75720,421.97,2008.9,211.3,9907.4268
75720,75780,421.35,2008.3,216.3,9496.3320
75780,75840,421.06,2006.9,214.8,9229.4443
75840,75900,421.00,2006.3,211.4,9428.1338
75900,75960,421.01,2006.7,208.0,9379.6816
75960,76020,421.02,2005.2,201.1,9045.7842
76020,76080,421.00,2006.5,207.0,9487.7568
76080,76140,421.53,2006.3,203.2,8988.6104
76140,76200,422.06,2006.9,208.1,8978.9590
76200,76260,422.04,2007.2,236.9,9458.9531
76260,76320,421.93,2004.3,229.3,8471.2422
76320,76380,421.83,2007.3,214.5,9313.8145
76380,76440,421.57,2007.4,208.8,9191.8496
76440,76500,421.68,2006.9,213.0,9534.5039
76500,76560,421.21,2007.5,212.2,9901.5654
76560,76620,420.95,2006.8,213.0,9976.6572
76620,76680,420.83,2006.4,211.4,9779.1426
76680,76740,420.99,2006.7,223.4,9971.2061
76740,76800,421.61,2008.7,224.2,9760.7295
76800,76860,421.59,2005.8,207.3,8755.7969
76860,76920,421.85,2005.6,211.2,8840.4492
76920,76980,421.58,2005.9,212.6,9161.0332
76980,77040,421.85,2005.9,208.6,8563.8242
77040,77100,422.00,2005.6,204.8,8419.7139
77100,77160,421.86,2008.1,210.8,9132.7217
77160,77220,422.34,2007.6,212.4,9557.7090
77220,77280,421.63,2005.5,206.5,9130.8896
77280,77340,421.76,2005.0,207.3,8941.5322
77340,77400,422.21,2004.9,209.2,9156.6045
77400,77460,421.86,2006.4,212.4,8952.9502
77460,77520,421.30,2006.8,214.2,9289.0566
77520,77580,421.45,2007.2,211.7,9616.0420
77580,77640,421.64,2007.8,213.0,9358.4209
77640,77700,422.03,2008.1,229.4,9498.0693
77700,77760,421.78,2007.1,230.1,8803.5820
77760,77820,421.49,2006.3,219.6,8850.4775
77820,77880,421.11,2006.3,213.0,8841.3984
77880,77940,421.09,2007.1,213.1,9557.6289
77940,78000,421.14,2004.9,204.2,8694.3789
78000,78060,421.25,2004.2,200.7,8313.1318
78060,78120,421.63,2004.9,230.1,8306.7617
78120,78180,421.58,2004.6,215.9,8304.5654
78180,78240,421.75,2005.3,215.8,8833.4893
78240,78300,421.62,2004.8,213.2,8469.9277
78300,78360,420.96,2004.8,204.8,8802.3525
78360,78420,420.59,2003.1,200.8,8430.7666
78420,78480,420.61,2002.6,196.2,8097.9043
78480,78540,420.71,2002.5,198.1,8301.1387
78540,78600,421.05,2002.7,199.1,7802.6807
78600,78660,421.00,2002.0,197.4,7625.0352
78660,78720,421.21,2003.6,199.6,7894.7930
78720,78780,420.77,2003.8,200.8,8577.6865
78780,78840,420.94,2004.7,203.2,8839.6240
78840,78900,421.33,2005.7,202.6,8701.6582
78900,78960,421.96,2007.0,203.1,8737.6123
78960,79020,422.05,2006.9,203.6,8772.6348
79020,79080,420.89,2003.0,199.4,8580.5146
79080,79140,420.38,2001.3,198.6,8518.1719
79140,79200,420.04,2000.8,196.9,8732.6201
79200,79260,420.36,2000.8,199.4,8790.5137
79260,79320,420.21,2000.5,197.9,8711.2686
79320,79380,420.44,2001.9,199.4,9206.5195
79380,79440,420.19,2002.2,200.3,9030.5801
79440,79500,420.45,2000.6,197.4,8358.6670
79500,79560,420.47,2000.1,196.7,8239.5752
79560,79620,420.72,2000.4,192.3,8123.0859
79620,79680,420.62,2001.3,194.0,8194.2002
79680,79740,420.82,2001.2,195.7,8164.5332
79740,79800,420.95,2000.7,192.7,7747.2212
79800,79860,421.04,2001.1,194.0,7906.3687
79860,79920,420.66,2001.3,198.6,8597.7773
79920,79980,420.45,2003.9,202.0,8845.8125
79980,80040,420.25,2005.9,202.9,9387.2793
80040,80100,420.70,2006.2,203.1,9079.4150
80100,80160,420.89,2006.2,207.4,9165.0430
80160,80220,420.76,2006.7,208.6,9548.3516
80220,80280,420.54,2005.4,203.9,9557.6787
80280,80340,420.05,2003.5,198.2,9050.7383
80340,80400,419.71,2002.7,198.3,9105.3398
80400,80460,419.82,2003.5,199.8,9917.8506
80460,80520,420.03,2004.2,201.2,9433.9883
80520,80580,420.69,2004.2,206.8,8940.6436
80580,80640,420.78,2004.0,204.4,8912.0801
80640,80700,420.89,2004.2,200.3,8821.0166
80700,80760,420.88,2004.9,204.5,8974.4590
80760,80820,420.77,2005.4,205.0,9198.4385
80820,80880,420.93,2005.7,205.0,9636.5527
80880,80940,421.05,2004.1,200.1,8709.1250
80940,81000,420.81,2003.9,200.5,8496.0586
81000,81060,420.79,2004.3,204.1,8494.7217
81060,81120,420.68,2004.9,204.9,8798.4238
81120,81180,420.81,2004.5,209.7,9145.7920
81180,81240,421.00,2004.7,212.0,9130.3271
81240,81300,420.61,2003.2,204.4,8756.5713
81300,81360,420.39,2003.0,200.9,8917.8271
81360,81420,420.34,2003.9,200.3,8925.1553
81420,81480,420.46,2003.5,200.9,8918.6143
81480,81540,421.02,2002.5,201.7,8773.9717
81540,81600,420.93,2002.4,201.9,9018.3174
81600,81660,420.94,2003.6,200.9,8869.4727
81660,81720,420.78,2005.5,203.6,9567.9150
81720,81780,420.75,2005.5,198.2,9054.3105
81780,81840,420.67,2005.6,203.4,9210.9443
81840,81900,420.94,2006.2,202.3,9231.8330
81900,81960,420.61,2009.0,203.2,9353.3984
81960,82020,420.10,2010.2,204.8,9905.6338
82020,82080,420.25,2010.5,200.9,9396.0605
82080,82140,419.97,2010.5,200.2,9477.7549
82140,82200,420.43,2012.3,201.8,9580.8623
82200,82260,420.31,2012.6,204.7,9737.8447
82260,82320,419.98,2013.3,204.6,9577.6055
82320,82380,419.89,2012.3,199.9,9261.4492
82380,82440,419.64,2011.6,199.0,9153.1768
82440,82500,420.32,2011.7,197.7,8908.1455
82500,82560,420.30,2011.6,213.3,8660.9180
82560,82620,420.44,2011.4,207.1,8833.8027
82620,82680,420.61,2011.4,211.2,9414.5684
82680,82740,420.58,2011.6,222.3,10034.9893
82740,82800,420.17,2010.0,201.7,9537.2656
82800,82860,-9999,-9999,-9999,-9999
82860,82920,-9999,-9999,-9999,-9999
82920,82980,420.76,2011.1,194.7,9222.7598
82980,83040,420.85,2012.5,197.0,9345.0391
83040,83100,420.84,2014.8,199.2,9665.9307
83100,83160,420.36,2015.8,201.4,9638.8643
83160,83220,420.23,2015.5,204.6,9477.7402
83220,83280,420.37,2015.5,202.2,9702.6934
83280,83340,419.97,2014.9,197.7,9204.9268
83340,83400,420.05,2014.7,199.0,9461.1396
83400,83460,420.54,2014.3,202.1,9374.1992
83460,83520,420.68,2014.6,204.6,9646.5723
83520,83580,421.18,2015.5,208.0,9970.7939
83580,83640,420.80,2015.1,206.7,9490.2422
83640,83700,420.71,2014.7,204.6,9312.5957
83700,83760,420.89,2014.7,205.5,9122.6426
83760,83820,420.68,2015.9,208.7,9820.6025
83820,83880,420.56,2015.7,205.8,10083.5869
83880,83940,420.54,2014.6,204.1,9844.5117
83940,84000,421.05,2015.1,207.9,10182.4482
84000,84060,421.71,2015.7,208.2,9968.2441
84060,84120,422.78,2015.9,213.8,10545.7588
84120,84180,421.76,2017.3,218.2,11011.9102
84180,84240,421.42,2017.8,217.4,10849.6309
84240,84300,421.71,2016.9,210.8,10429.8125
84300,84360,421.55,2017.4,210.5,10426.5947
84360,84420,421.03,2016.8,209.3,10168.2852
84420,84480,420.84,2017.2,212.1,10267.7773
84480,84540,420.84,2017.4,210.0,9951.6768
84540,84600,420.58,2016.4,206.6,9994.0469
84600,84660,420.65,2016.7,208.0,10547.4922
84660,84720,420.31,2015.6,206.3,9811.9912
84720,84780,420.07,2015.7,206.2,9885.4795
84780,84840,420.36,2016.3,207.0,10097.9785
84840,84900,420.63,2014.3,201.9,9920.9609
84900,84960,420.75,2013.0,204.4,9687.7070
84960,85020,421.12,2010.8,206.0,9282.1680
85020,85080,420.99,2011.4,204.5,9735.5449
85080,85140,421.11,2010.1,205.1,9182.9346
85140,85200,421.14,2010.6,203.8,9252.7432
85200,85260,421.23,2012.2,206.2,9735.6963
85260,85320,420.98,2012.0,204.0,9736.5283
85320,85380,420.92,2012.4,204.4,9428.1787
85380,85440,421.19,2013.0,206.3,9980.6074
85440,85500,421.34,2014.7,213.4,10241.8379
85500,85560,421.80,2016.7,213.7,10255.5020
85560,85620,421.96,2018.5,216.8,10221.5713
85620,85680,421.98,2018.8,216.2,10176.2227
85680,85740,421.78,2020.2,216.5,10576.5381
85740,85800,421.32,2019.6,209.7,10385.3418
85800,85860,421.21,2018.9,207.6,10155.1016
85860,85920,420.86,2018.2,207.6,10133.7148
85920,85980,420.75,2016.6,205.7,9995.4199
85980,86040,420.90,2018.0,206.2,9979.5586
86040,86100,421.16,2019.0,208.8,10248.8096
86100,86160,421.48,2018.0,205.4,10111.6553
86160,86220,421.29,2018.1,208.8,10061.0791
86220,86280,422.23,2018.9,210.4,10585.5303
86280,86340,421.79,2019.2,210.6,10841.9404
86340,86400,421.37,2019.7,219.6,10630.3701
