CampaignData_and_Merges/R0/CSL_MobileLab_Parked/raw/20240802/USOS-NOAAIodideCIMS-Halogens_MobileLabGround_20240802_RA.ict
38, 1001
Michael A Robinson, Chris Jernigan, Subi Thakali
NOAA ESRL Chemical Sciences Laboratory and CIRES, U. of Colorado
NOAA Iodide CIMS Instrument
USOS
1, 1
2024, 08, 02, 2024, 08, 03
1
starttime_UTC, seconds_past_midnight, seconds_of_day_since_00:00:00_UTC
6
1, 1, 1, 1, 1, 1
-9999, -9999, -9999, -9999, -9999, -9999
Br2_NOAACIMS, pptv, Gas_Br2_InSitu_S_AVMR, 
BrO_NOAACIMS, pptv, Gas_BrO_InSitu_S_AVMR, 
Cl2_NOAACIMS, pptv, Gas_Cl2_InSitu_S_AVMR, 
ClNO2_NOAACIMS, pptv, Gas_ClNO2_InSitu_S_AVMR, 
BrCl_NOAACIMS, pptv, Gas_BrCl_InSitu_S_AVMR, 
NCl3_NOAACIMS, pptv, Gas_NCl3_InSitu_S_AVMR, 
0
18
PI_CONTACT_INFO: 325 Broadway, R/CSD 7, Boulder, Colorado 80305; michael.a.robinson@noaa.gov; chris.jernigan@noaa.gov;
PLATFORM: NOAA CSL Mobile Lab
LOCATION: SLC, Utah
ASSOCIATED_DATA: 1Hz data also available on request.
INSTRUMENT_INFO: NOAA I- ToF CIMS
DATA_INFO: All data in parts per trillion by volume (pptv). 1 Hz data is available upon request.
UNCERTAINTY: TBD
ULOD_FLAG: -7777
ULOD_VALUE: N/A
LLOD_FLAG: -8888
LLOD_VALUE: N/A
DM_CONTACT_INFO: Nathan Howard; nathan.h.howard@noaa.gov
PROJECT_INFO: USOS, summer 2024. https://csl.noaa.gov/groups/csl7/measurements/2024usos/
STIPULATIONS_ON_USE: Users are strongly encouraged to contact the PI for proper data usage.
OTHER_COMMENTS: 
REVISION: RA
RA: Preliminary Data; For in-field use only
starttime_UTC, Br2_NOAACIMS, BrO_NOAACIMS, Cl2_NOAACIMS, ClNO2_NOAACIMS, BrCl_NOAACIMS, NCl3_NOAACIMS
[from data line 1107]
 66420,  0.921,  0.272,  1.145,  0.133,  0.311,  0.010
 66480,  1.095,  0.266,  1.102,  0.082,  0.376,  0.042
 66540,  0.966,  0.253,  1.409,  0.074,  0.374,  0.135
 66600,  0.778,  0.224,  1.238,  0.101,  0.260,  0.161
 66660,  1.083,  0.240,  0.987,  0.133,  0.354,  0.103
 66720,  0.662,  0.105,  1.190,  0.193,  0.180,  0.023
 66780,  0.838,  0.339,  0.936,  0.157,  0.284,  0.057
 66840,  1.038,  0.419,  1.243,  0.111,  0.316,  0.075
 66900,  1.066,  0.506,  1.207,  0.174,  0.348,  0.112
 66960,  1.047,  0.230,  0.761,  0.063,  0.295,  0.129
 67020,  0.659,  0.328,  0.856,  0.073,  0.268,  0.080
 67080,  0.331,  0.245,  0.938,  0.046,  0.148, -0.062
 67140,  1.194,  0.388,  0.928,  0.104,  0.281,  0.128
 67200,  1.086,  0.490,  1.194,  0.165,  0.380,  0.036
 67260,  1.194,  0.548,  1.486,  0.122,  0.240,  0.069
 67320,  1.076,  0.333,  1.484,  0.069,  0.236,  0.131
 67380,  1.144, -0.132,  1.107,  0.011,  0.425,  0.052
 67440,  0.967,  0.362,  0.836,  0.001,  0.387,  0.224
 67500,  0.562,  0.181,  0.841,  0.044,  0.289, -0.025
 67560,  0.958,  0.133,  1.068,  0.160,  0.439,  0.027
 67620,  1.031,  0.300,  1.294,  0.054,  0.377,  0.132
 67680,  1.318,  0.384,  1.219,  0.130,  0.378,  0.141
 67740,  1.308,  0.371,  1.189,  0.029,  0.357,  0.154
 67800,  1.159,  0.412,  0.962,  0.038,  0.404,  0.052
 67860,  1.158,  0.311,  0.807,  0.079,  0.291,  0.107
 67920,  1.293,  0.366,  1.286,  0.042,  0.286,  0.088
 67980,  1.127,  0.248,  0.875,  0.072,  0.417, -0.025
 68040,  1.288,  0.456,  0.955,  0.088,  0.334,  0.043
 68100,  1.258,  0.694,  0.742,  0.070,  0.350,  0.082
 68160,  1.431,  0.142,  0.989,  0.075,  0.551,  0.067
 68220,  1.256,  0.311,  0.951,  0.114,  0.551,  0.033
 68280,  1.207,  0.443,  1.175,  0.138,  0.294,  0.086
 68340,  1.346,  0.648,  1.099,  0.115,  0.522,  0.014
 68400,  1.395,  0.450,  0.889,  0.091,  0.413,  0.016
 68460,  1.254,  0.286,  0.967,  0.112,  0.525,  0.027
 68520,  1.230,  0.435,  1.113,  0.098,  0.417, -0.003
 68580,  1.116,  0.355,  0.910,  0.071,  0.374,  0.089
 68640,  1.380,  0.370,  0.856,  0.116,  0.262, -0.020
 68700,  1.133,  0.521,  0.783,  0.029,  0.296,  0.025
 68760,  0.893,  0.376,  1.048,  0.094,  0.380, -0.044
 68820,  1.115,  0.455,  0.867,  0.078,  0.299, -0.082
 68880,  1.040,  0.504,  0.746,  0.113,  0.170, -0.034
 68940,  1.064,  0.299,  0.931,  0.059,  0.364, -0.126
 69000,  1.156,  0.303,  1.147,  0.083,  0.382, -0.005
 69060,  1.031,  0.372,  0.686,  0.098,  0.281,  0.020
 69120, -9999.000,  0.371,  0.916,  0.039,  0.149, -0.069
 69180, -9999.000,  0.382,  0.868,  0.080,  0.133, -0.067
 69240, -9999.000, -9999.000, -9999.000, -9999.000, -9999.000, -9999.000
 69300, -9999.000, -0.091,  0.638,  0.002, -0.018, -0.403
 69360, -9999.000,  0.359,  0.702,  0.104,  0.245,  0.072
 69420,  0.899,  0.191,  0.696,  0.068,  0.222, -0.014
 69480,  1.012,  0.316,  0.571,  0.031,  0.230,  0.021
 69540,  0.902,  0.358,  0.818,  0.058,  0.208, -0.002
 69600,  0.969,  0.380,  0.685,  0.081,  0.186,  0.024
 69660,  0.897,  0.270,  0.873,  0.105,  0.155, -0.032
 69720,  0.955,  0.307,  1.011,  0.123,  0.177,  0.014
 69780,  1.050,  0.335,  0.992,  0.084,  0.226,  0.002
 69840,  1.071,  0.238,  1.003,  0.085,  0.244,  0.109
 69900,  1.176,  0.380,  0.734,  0.149,  0.266,  0.036
 69960,  1.206,  0.286,  0.756,  0.078,  0.233,  0.037
 70020,  1.308,  0.323,  0.999,  0.126,  0.427,  0.002
 70080,  1.278,  0.494,  1.102,  0.132,  0.216,  0.020
 70140,  1.270,  0.326,  1.238,  0.072,  0.308,  0.176
 70200,  1.057,  0.661,  1.260,  0.086,  0.329,  0.135
 70260,  1.087,  0.374,  1.082,  0.098,  0.281,  0.105
 70320,  1.094,  0.600,  0.901,  0.086,  0.370,  0.120
 70380,  1.160,  0.342,  0.915,  0.107,  0.329, -0.038
 70440,  1.108,  0.531,  1.027,  0.092,  0.327,  0.042
 70500,  0.631,  0.312,  1.022,  0.128,  0.239,  0.087
 70560,  1.128,  0.208,  1.181,  0.176,  0.157,  0.145
 70620,  0.972,  0.223,  0.758,  0.158,  0.161,  0.230
 70680,  1.243,  0.448,  0.835,  0.061,  0.163,  0.044
 70740,  0.858,  0.619,  0.868,  0.129,  0.263,  0.058
 70800,  0.911,  0.301,  1.055,  0.133,  0.146,  0.070
 70860,  0.939,  0.276,  1.099,  0.111,  0.433,  0.257
 70920,  1.165,  0.317,  1.309,  0.167,  0.273,  0.154
 70980,  1.230,  0.458,  1.380,  0.079,  0.411,  0.078
 71040,  1.206,  0.267,  1.784,  0.164,  0.452,  0.214
 71100, -9999.000, -9999.000, -9999.000, -9999.000, -9999.000, -9999.000
 71160,  0.788,  0.322,  1.025,  0.098,  0.374,  0.085
 71220,  1.092,  0.232,  1.092,  0.132,  0.575,  0.054
 71280,  1.468,  0.297,  0.952,  0.140,  0.326,  0.143
 71340,  1.497,  0.360,  0.990,  0.113,  0.378,  0.079
 71400,  1.143,  0.366,  0.988,  0.083,  0.420,  0.171
 71460,  1.054,  0.456,  1.055,  0.093,  0.233,  0.131
 71520,  1.100,  0.338,  1.037,  0.024,  0.331,  0.273
 71580,  1.011,  0.269,  0.983,  0.054,  0.157,  0.116
 71640,  1.025,  0.429,  1.206,  0.068,  0.417,  0.163
 71700,  1.280,  0.485,  1.252,  0.028,  0.388,  0.094
 71760,  1.043,  0.521,  1.094,  0.113,  0.124,  0.161
 71820,  0.933,  0.574,  0.970,  0.075,  0.308,  0.166
 71880,  1.012,  0.329,  1.210,  0.109,  0.074,  0.126
 71940,  1.050,  0.425,  1.099,  0.090,  0.051,  0.223
 72000,  1.202,  0.480,  1.071,  0.013,  0.549,  0.267
 72060,  1.436,  0.363,  0.999,  0.074,  0.404,  0.171
 72120,  1.247,  0.429,  0.846,  0.096,  0.319,  0.243
 72180,  1.429,  0.352,  0.891,  0.026,  0.298,  0.185
 72240,  1.322,  0.368,  1.260,  0.063,  0.352,  0.201
 72300,  1.248,  0.502,  1.156,  0.061,  0.345,  0.116
 72360,  1.331,  0.377,  1.298,  0.063,  0.487,  0.144
 72420,  1.598,  0.388,  1.170,  0.040,  0.368,  0.242
 72480,  1.434,  0.497,  1.254,  0.042,  0.367,  0.202
 72540,  1.453,  0.317,  1.269,  0.031,  0.302,  0.229
 72600,  1.677,  0.449,  1.196,  0.012,  0.406,  0.170
 72660,  1.578,  0.315,  1.524,  0.043,  0.395,  0.184
 72720,  1.545,  0.352,  1.319,  0.070,  0.413,  0.267
 72780,  1.467,  0.405,  1.268,  0.069,  0.259,  0.081
 72840,  1.569,  0.780,  1.162,  0.025,  0.251,  0.145
 72900,  1.228,  0.426,  1.484,  0.067,  0.349,  0.437
 72960, -9999.000, -9999.000, -9999.000, -9999.000, -9999.000, -9999.000
 73020,  1.667,  0.284,  1.001,  0.034,  0.303,  0.109
 73080,  1.647,  0.460,  1.052,  0.024,  0.458,  0.173
 73140,  1.611,  0.467,  1.244, -0.008,  0.483,  0.123
 73200,  1.794,  0.346,  1.258,  0.024,  0.618,  0.065
 73260,  1.819,  0.294,  1.234,  0.015,  0.436,  0.147
 73320,  1.915,  0.396,  1.222,  0.052,  0.468,  0.195
 73380,  1.905,  0.326,  1.434,  0.080,  0.434,  0.161
 73440,  1.533,  0.590,  1.038,  0.027,  0.442,  0.136
 73500,  1.455,  0.356,  1.239,  0.055,  0.350, -0.066
 73560,  1.771,  0.222,  1.074, -0.006,  0.555,  0.131
 73620,  1.338,  0.373,  0.931,  0.074,  0.267,  0.011
 73680,  1.509,  0.249,  1.030,  0.024,  0.420,  0.059
 73740,  1.638,  0.325,  1.180,  0.094,  0.249,  0.028
 73800,  1.371,  0.394,  1.239,  0.090,  0.407,  0.069
 73860,  1.531,  0.260,  1.173,  0.062,  0.343,  0.104
 73920,  1.330,  0.184,  1.108,  0.072,  0.337,  0.137
 73980,  1.535,  0.293,  1.017,  0.059,  0.256,  0.065
 74040,  1.466,  0.179,  0.913,  0.048,  0.289,  0.025
 74100,  1.452,  0.276,  1.067,  0.088,  0.232,  0.070
 74160,  1.330,  0.177,  1.329,  0.076,  0.212, -0.041
 74220,  1.392,  0.330,  1.451,  0.124,  0.340,  0.110
 74280,  1.502,  0.213,  1.241,  0.077,  0.449,  0.004
 74340,  1.291,  0.163,  1.155,  0.109,  0.430, -0.022
 74400,  1.475,  0.253,  1.154,  0.103,  0.502,  0.020
 74460,  1.342,  0.063,  0.931,  0.131,  0.269, -0.047
 74520,  1.478,  0.118,  1.314,  0.130,  0.275,  0.085
 74580,  1.468,  0.135,  1.116,  0.103,  0.515, -0.018
 74640,  1.244, -0.072,  1.030,  0.105,  0.504, -0.098
 74700,  1.528,  0.022,  1.199,  0.081,  0.531,  0.051
 74760,  1.175,  0.192,  1.573,  0.200,  0.535,  0.137
 74820,  1.196,  0.312,  0.933,  0.124,  0.449, -0.073
 74880,  1.334,  0.072,  1.288,  0.145,  0.412,  0.001
 74940,  1.521,  0.085,  1.463,  0.146,  0.477,  0.038
 75000,  1.217,  0.268,  1.268,  0.088,  0.415, -0.054
 75060,  1.154,  0.346,  0.926,  0.085,  0.438, -0.131
 75120,  1.433,  0.125,  1.170,  0.100,  0.548, -0.025
 75180,  1.392,  0.126,  1.213,  0.073,  0.515,  0.037
 75240,  1.208, -0.056,  1.107,  0.139,  0.359, -0.049
 75300,  0.930,  0.212,  1.231,  0.056,  0.397, -0.051
 75360,  0.993,  0.202,  1.608,  0.121,  0.426,  0.010
 75420,  1.167,  0.192,  0.975,  0.076,  0.447, -0.013
 75480,  1.290,  0.354,  1.447,  0.131,  0.617, -0.132
 75540,  1.244,  0.136,  1.216,  0.178,  0.368, -0.011
 75600,  1.377,  0.208,  1.034,  0.133,  0.407,  0.017
 75660,  1.024,  0.291,  1.147,  0.184,  0.340, -0.048
 75720,  1.364,  0.290,  1.042,  0.166,  0.328, -0.089
 75780,  1.331,  0.210,  0.919,  0.064,  0.290,  0.044
 75840,  0.706,  0.179,  1.025,  0.061,  0.252, -0.106
 75900,  0.864,  0.296,  1.124,  0.068,  0.222, -0.039
 75960,  0.613,  0.036,  0.737,  0.034,  0.071, -0.169
 76020,  0.998,  0.299,  1.134,  0.113,  0.179, -0.074
 76080,  1.147,  0.126,  0.899,  0.146,  0.114,  0.049
 76140,  0.902,  0.105,  0.920,  0.083,  0.051, -0.101
 76200,  1.098,  0.204,  1.203,  0.113,  0.088, -0.047
 76260,  0.900,  0.174,  0.764,  0.078,  0.162, -0.044
 76320,  1.092,  0.252,  1.104,  0.109, -0.032,  0.019
 76380,  1.086,  0.259,  1.167,  0.104,  0.041,  0.072
 76440,  0.999,  0.410,  1.498,  0.150,  0.108, -0.123
 76500,  0.867,  0.322,  1.274,  0.077,  0.189, -0.062
 76560,  0.920,  0.146,  1.185,  0.098,  0.315,  0.075
 76620, -9999.000, -9999.000, -9999.000, -9999.000, -9999.000, -9999.000
 76680,  0.408,  0.116,  1.309,  0.031, -0.058, -0.165
 76740,  0.882,  0.270,  1.177,  0.129,  0.111,  0.065
 76800,  0.800,  0.333,  0.935,  0.071,  0.128, -0.088
 76860,  0.948,  0.347,  0.882,  0.071,  0.245, -0.013
 76920,  1.028,  0.338,  0.887,  0.133,  0.047,  0.053
 76980,  1.197,  0.300,  0.938,  0.065,  0.028,  0.037
 77040,  1.152,  0.289,  0.866,  0.101,  0.159,  0.099
 77100,  0.914,  0.352,  0.921,  0.072,  0.056, -0.037
 77160,  0.856,  0.347,  1.541,  0.109,  0.189, -0.139
 77220,  1.254,  0.374,  1.677,  0.122,  0.216,  0.005
 77280,  1.094,  0.344,  1.391,  0.059,  0.259,  0.025
 77340,  1.007,  0.392,  0.988,  0.040,  0.277,  0.077
 77400,  1.424,  0.559,  1.461,  0.072,  0.161,  0.071
 77460,  0.980,  0.328,  0.925,  0.088,  0.192, -0.003
 77520,  1.171,  0.212,  0.899,  0.088,  0.131,  0.022
 77580,  1.514,  0.235,  1.017,  0.066,  0.200,  0.033
 77640,  1.389,  0.286,  1.014,  0.138,  0.119,  0.163
 77700,  1.184,  0.229,  1.060,  0.137,  0.030,  0.065
 77760,  1.076,  0.258,  0.898,  0.090,  0.151,  0.077
 77820,  1.324,  0.366,  0.804,  0.084,  0.208,  0.239
 77880,  1.433,  0.440,  1.025,  0.130,  0.027,  0.156
 77940,  1.358,  0.356,  1.032,  0.072,  0.079,  0.311
 78000,  1.548,  0.339,  1.023,  0.065,  0.143,  0.223
 78060,  1.263,  0.373,  1.151,  0.065,  0.054,  0.157
 78120,  1.285,  0.515,  1.145,  0.076,  0.256,  0.179
 78180,  1.217,  0.322,  1.099,  0.155,  0.056,  0.136
 78240,  1.496,  0.285,  1.076,  0.153,  0.392,  0.072
 78300,  1.452,  0.483,  1.300,  0.113,  0.248,  0.322
 78360,  1.344,  0.379,  1.363,  0.103,  0.395,  0.231
 78420,  1.059,  0.422,  0.777,  0.058,  0.267,  0.272
 78480, -9999.000, -9999.000, -9999.000, -9999.000, -9999.000, -9999.000
 78540,  1.504,  0.243,  0.731,  0.076,  0.143,  0.334
 78600,  1.318,  0.380,  0.804,  0.100,  0.331,  0.385
 78660,  1.545,  0.307,  0.930,  0.053,  0.240,  0.333
 78720,  1.405,  0.256,  0.858,  0.086,  0.351,  0.315
 78780,  1.429,  0.356,  1.020,  0.104,  0.244,  0.188
 78840,  1.467,  0.322,  1.018,  0.118,  0.440,  0.268
 78900,  1.167,  0.376,  1.147,  0.108,  0.220,  0.148
 78960,  1.196,  0.359,  1.776,  0.083,  0.374,  0.142
 79020,  1.492,  0.261,  1.019,  0.083,  0.244,  0.259
 79080,  1.084,  0.370,  0.958,  0.070,  0.301,  0.108
 79140,  1.246,  0.326,  1.014,  0.088,  0.195,  0.199
 79200,  1.095,  0.327,  1.320,  0.121,  0.413,  0.199
 79260,  0.935,  0.394,  1.034,  0.070,  0.182,  0.113
 79320,  0.468,  0.017,  0.769,  0.044,  0.206, -0.082
 79380,  0.688,  0.070,  0.688,  0.064,  0.199, -0.026
 79440,  0.566,  0.192,  0.812,  0.031,  0.237, -0.044
 79500,  0.937,  0.320,  1.032,  0.126,  0.177,  0.144
 79560,  1.003,  0.238,  0.879,  0.075,  0.379,  0.101
 79620,  0.672,  0.218,  0.889,  0.126,  0.298,  0.167
 79680,  0.699,  0.285,  1.048,  0.089,  0.342,  0.093
 79740,  0.860,  0.257,  1.031,  0.064,  0.373,  0.113
 79800,  0.933,  0.232,  0.941,  0.136,  0.300,  0.061
 79860,  0.764,  0.243,  0.978,  0.123,  0.287,  0.076
 79920,  0.670,  0.226,  0.814,  0.096,  0.193,  0.096
 79980,  0.967,  0.238,  0.907,  0.083,  0.318,  0.137
 80040,  0.791,  0.197,  1.036,  0.093,  0.176,  0.172
 80100,  0.912,  0.144,  0.884,  0.102,  0.235,  0.070
 80160,  0.789,  0.193,  0.949,  0.158,  0.117,  0.126
 80220,  0.134,  0.036,  0.855,  0.074,  0.164, -0.064
 80280,  0.845,  0.175,  1.584,  0.173,  0.080, -0.020
 80340, -9999.000, -9999.000, -9999.000, -9999.000, -9999.000, -9999.000
 80400,  0.405,  0.148,  1.291,  0.094,  0.167,  0.041
 80460,  0.201,  0.178,  1.044,  0.085,  0.085, -0.090
 80520,  0.670,  0.158,  0.822,  0.097,  0.053, -0.079
 80580,  0.714,  0.131,  0.886,  0.105,  0.022, -0.022
 80640,  0.506,  0.194,  1.035,  0.135,  0.083,  0.016
 80700,  0.526,  0.179,  1.229,  0.120,  0.057,  0.052
 80760,  0.593,  0.233,  1.084,  0.124,  0.012,  0.052
 80820,  0.702,  0.328,  1.179,  0.100,  0.025,  0.058
 80880,  0.729,  0.289,  0.913,  0.130,  0.015, -0.109
 80940,  0.710,  0.226,  0.729,  0.104, -9999.000, -0.031
 81000,  0.685,  0.266,  0.913,  0.134, -9999.000,  0.084
 81060,  0.679,  0.266,  0.988,  0.127, -9999.000,  0.065
 81120,  0.662,  0.316,  1.084,  0.114, -9999.000,  0.036
 81180,  0.686,  0.288,  1.027,  0.071, -9999.000,  0.068
 81240,  0.554,  0.266,  1.052,  0.104, -9999.000, -0.109
 81300,  0.633,  0.230,  0.976,  0.057, -9999.000,  0.099
 81360,  0.495,  0.149,  1.142,  0.120, -9999.000,  0.000
 81420,  0.539,  0.273,  0.897,  0.146, -9999.000, -0.037
 81480,  0.703,  0.287,  1.082,  0.065, -9999.000,  0.124
 81540,  0.630,  0.500,  1.284,  0.124, -9999.000,  0.100
 81600,  0.551,  0.263,  1.201,  0.055, -9999.000, -0.034
 81660,  0.707,  0.263,  1.110,  0.038, -9999.000,  0.019
 81720,  0.697,  0.356,  1.140,  0.077, -9999.000,  0.043
 81780,  0.841,  0.382,  1.082,  0.091, -9999.000, -0.007
 81840,  0.790,  0.288,  0.930,  0.047, -9999.000, -0.025
 81900, -9999.000,  0.308,  1.054,  0.142, -9999.000, -0.053
 81960, -9999.000,  0.287,  1.198,  0.135, -9999.000,  0.023
 82020, -9999.000,  0.320,  1.046,  0.077, -9999.000,  0.041
 82080, -9999.000,  0.314,  0.872,  0.063, -9999.000,  0.014
 82140, -9999.000,  0.463,  0.828,  0.103, -9999.000, -0.012
 82200, -9999.000,  0.455,  0.893,  0.101, -9999.000,  0.091
 82260, -9999.000,  0.298,  1.290,  0.068, -9999.000,  0.069
 82320, -9999.000,  0.257,  1.018,  0.080, -9999.000, -0.052
 82380, -9999.000,  0.351,  0.922,  0.068, -9999.000, -0.067
 82440, -9999.000,  0.230,  1.038,  0.085, -9999.000, -0.110
 82500, -9999.000,  0.001,  0.487, -0.010, -9999.000, -0.407
 82560, -9999.000,  0.317,  0.942,  0.112, -9999.000, -0.037
 82620, -9999.000,  0.102,  1.272,  0.117, -9999.000, -0.016
 82680, -9999.000,  0.256,  1.647,  0.092, -9999.000, -0.071
 82740, -9999.000,  0.182,  0.980,  0.133, -9999.000, -0.111
 82800, -9999.000,  0.117,  0.637,  0.111, -9999.000, -0.191
 82860,  0.813,  0.263,  0.728,  0.063, -9999.000, -0.090
 82920,  0.763,  0.205,  0.839,  0.140, -9999.000, -0.093
 82980,  0.612,  0.102,  0.942,  0.124, -9999.000, -0.216
 83040,  0.312,  0.119,  0.968,  0.104, -9999.000, -0.208
 83100,  0.763,  0.104,  1.134,  0.094, -9999.000, -0.167
 83160,  0.693,  0.108,  0.904,  0.114, -9999.000, -0.211
 83220,  1.022,  0.126,  1.128,  0.078, -9999.000, -0.049
 83280,  0.565,  0.077,  1.043,  0.114, -9999.000, -0.114
 83340,  0.659,  0.073,  1.180,  0.128, -9999.000, -0.219
 83400,  0.809,  0.085,  1.138,  0.097, -9999.000, -0.290
 83460,  0.604, -9999.000,  1.093,  0.050, -9999.000, -0.259
