CampaignData_and_Merges/R0/CSL_MobileLab_Parked/raw/20240802/USOS-NOAAIodideCIMS-N2O5_MobileLabGround_20240802_RA.ict
33, 1001
Michael A Robinson, Chris Jernigan, Subi Thakali
NOAA ESRL Chemical Sciences Laboratory and CIRES, U. of Colorado
NOAA Iodide CIMS Instrument
USOS
1, 1
2024, 08, 02, 2024, 08, 03
1
starttime_UTC, seconds_past_midnight, seconds_of_day_since_00:00:00_UTC
1
1
-9999
N2O5_NOAACIMS, pptv, Gas_N2O5_InSitu_S_AVMR, 
0
18
PI_CONTACT_INFO: 325 Broadway, R/CSD 7, Boulder, Colorado 80305; michael.a.robinson@noaa.gov; chris.jernigan@noaa.gov;
PLATFORM: NOAA CSL Mobile Lab
LOCATION: SLC, Utah
ASSOCIATED_DATA: 1Hz data also available on request.
INSTRUMENT_INFO: NOAA I- ToF CIMS
DATA_INFO: All data in parts per trillion by volume (pptv). 1 Hz data is available upon request.
UNCERTAINTY: TBD
ULOD_FLAG: -7777
ULOD_VALUE: N/A
LLOD_FLAG: -8888
LLOD_VALUE: N/A
DM_CONTACT_INFO: Nathan Howard; nathan.h.howard@noaa.gov
PROJECT_INFO: USOS, summer 2024. https://csl.noaa.gov/groups/csl7/measurements/2024usos/
STIPULATIONS_ON_USE: Users are strongly encouraged to contact the PI for proper data usage.
OTHER_COMMENTS: 
REVISION: RA
RA: Preliminary Data; For in-field use only
starttime_UTC, N2O5_NOAACIMS
     0, -9999.000
    60, -9999.000
   120, -9999.000
   180, -9999.000
   240, -9999.000
   300, -9999.000
   360, -9999.000
   420, -9999.000
   480, -9999.000
   540, -9999.000
   600, -9999.000
   660, -9999.000
   720, -9999.000
   780, -9999.000
   840, -9999.000
   900, -9999.000
   960, -9999.000
  1020, -9999.000
  1080, -9999.000
  1140, -9999.000
  1200, -9999.000
  1260, -9999.000
  1320, -9999.000
  1380, -9999.000
  1440, -9999.000
  1500, -9999.000
  1560, -9999.000
  1620, -9999.000
  1680, -9999.000
  1740, -9999.000
  1800, -9999.000
  1860, -9999.000
  1920, -9999.000
  1980, -9999.000
  2040, -9999.000
  2100, -9999.000
  2160, -9999.000
  2220, -9999.000
  2280, -9999.000
  2340, -9999.000
  2400, -9999.000
  2460, -9999.000
  2520, -9999.000
  2580, -9999.000
  2640, -9999.000
  2700, -9999.000
  2760, -9999.000
  2820, -9999.000
  2880, -9999.000
  2940, -9999.000
  3000, -9999.000
  3060, -9999.000
  3120, -9999.000
  3180, -9999.000
  3240, -9999.000
  3300, -9999.000
  3360, -9999.000
  3420, -9999.000
  3480, -9999.000
  3540, -9999.000
  3600, -9999.000
  3660, -9999.000
  3720, -9999.000
  3780, -9999.000
  3840, -9999.000
  3900, -9999.000
  3960, -9999.000
  4020, -9999.000
  4080, -9999.000
  4140, -9999.000
  4200, -9999.000
  4260, -9999.000
  4320, -9999.000
  4380, -9999.000
  4440, -9999.000
  4500, -9999.000
  4560, -9999.000
  4620, -9999.000
  4680, -9999.000
  4740, -9999.000
  4800, -9999.000
  4860, -9999.000
  4920, -9999.000
  4980, -9999.000
  5040, -9999.000
  5100, -9999.000
  5160, -9999.000
  5220, -9999.000
  5280, -9999.000
  5340, -9999.000
  5400, -9999.000
  5460, -9999.000
  5520, -9999.000
  5580, -9999.000
  5640, -9999.000
  5700, -9999.000
  5760, -9999.000
  5820, -9999.000
  5880, -9999.000
  5940, -9999.000
  6000, -9999.000
  6060, -9999.000
  6120, -9999.000
  6180, -9999.000
  6240, -9999.000
  6300, -9999.000
  6360, -9999.000
  6420, -9999.000
  6480, -9999.000
  6540, -9999.000
  6600, -9999.000
  6660, -9999.000
  6720, -9999.000
  6780, -9999.000
  6840, -9999.000
  6900, -9999.000
  6960, -9999.000
  7020, -9999.000
  7080, -9999.000
  7140,  1.445
  7200,  1.039
  7260,  1.128
  7320,  1.108
  7380,  1.205
  7440,  1.325
  7500,  1.091
  7560,  1.317
  7620,  1.147
  7680,  1.249
  7740,  1.066
  7800,  1.174
  7860,  1.412
  7920,  1.617
  7980,  1.973
  8040,  1.833
  8100,  2.270
  8160,  2.894
  8220,  3.115
  8280,  3.773
  8340,  3.386
  8400,  3.192
  8460,  3.026
  8520,  2.819
  8580,  3.533
  8640,  3.253
  8700,  3.529
  8760,  4.305
  8820,  4.727
  8880,  5.265
  8940,  5.825
  9000,  5.750
  9060,  6.270
  9120,  7.142
  9180,  6.497
  9240,  5.713
  9300,  5.396
  9360,  6.558
  9420,  6.325
  9480,  6.766
  9540,  6.385
  9600,  6.008
  9660,  6.303
  9720,  6.036
  9780,  5.905
  9840,  5.607
  9900,  5.603
  9960,  5.146
 10020,  4.756
 10080,  3.856
 10140,  3.737
 10200,  2.884
 10260,  2.765
 10320,  2.374
 10380,  1.656
 10440,  1.579
 10500,  1.726
 10560,  1.657
 10620,  1.863
 10680,  1.563
 10740,  1.768
 10800,  1.821
 10860,  2.230
 10920,  2.446
 10980,  1.793
 11040,  1.770
 11100,  2.139
 11160,  2.247
 11220,  2.142
 11280,  2.164
 11340,  1.557
 11400,  1.964
 11460,  1.785
 11520,  1.264
 11580,  1.783
 11640,  1.762
 11700,  2.145
 11760,  2.383
 11820,  2.422
 11880,  2.681
 11940,  2.887
 12000,  2.561
 12060,  2.106
 12120,  2.063
 12180,  1.664
 12240,  2.634
 12300,  1.919
 12360,  2.111
 12420,  1.636
 12480,  1.852
 12540,  1.643
 12600,  1.680
 12660,  2.313
 12720,  2.038
 12780,  1.875
 12840,  2.675
 12900,  3.535
 12960,  3.767
 13020,  2.224
 13080,  1.566
 13140,  1.751
 13200,  1.851
 13260,  1.257
 13320, -9999.000
 13380,  2.551
 13440,  2.224
 13500,  2.150
 13560,  2.686
 13620,  1.487
 13680,  1.112
 13740,  1.151
 13800,  0.817
 13860,  0.827
 13920,  0.658
 13980,  0.925
 14040,  0.706
 14100,  1.047
 14160,  1.046
 14220,  0.847
 14280,  0.680
 14340,  0.841
 14400,  0.973
 14460,  0.754
 14520,  0.932
 14580,  0.709
 14640,  0.688
 14700,  1.150
 14760,  1.360
 14820,  1.952
 14880,  1.392
 14940,  1.688
 15000,  3.544
 15060,  1.533
 15120,  1.277
 15180, -9999.000
 15240,  1.228
 15300,  1.351
 15360,  1.277
 15420,  1.435
 15480,  1.690
 15540,  3.370
 15600,  3.170
 15660,  1.694
 15720,  2.678
 15780,  2.083
 15840,  2.665
 15900,  2.859
 15960,  2.504
 16020,  1.928
 16080,  1.472
 16140,  1.485
 16200,  1.095
 16260,  1.258
 16320,  1.587
 16380,  1.494
 16440,  1.414
 16500,  1.156
 16560,  1.552
 16620,  1.332
 16680,  1.768
 16740,  2.635
 16800,  3.847
 16860,  4.562
 16920,  6.184
 16980,  5.452
 17040, -9999.000
 17100,  4.996
 17160,  5.021
 17220,  3.030
 17280,  3.017
 17340,  4.927
 17400,  3.844
 17460,  4.767
 17520,  5.030
 17580,  4.237
 17640,  3.804
 17700,  2.633
 17760,  4.237
 17820,  6.903
 17880,  6.869
 17940,  8.201
 18000,  7.629
 18060,  8.610
 18120,  9.814
 18180,  8.289
 18240,  5.484
 18300,  7.693
 18360, 10.681
 18420,  9.198
 18480, 11.154
 18540, 13.588
 18600, 15.665
 18660, 13.506
 18720, 10.656
 18780, 14.690
 18840, 23.024
 18900, 20.353
 18960, 26.727
 19020, 22.154
 19080, 18.287
 19140, 19.346
 19200, 19.630
 19260, 23.711
 19320, 19.124
 19380, 16.949
 19440, 16.820
 19500, 13.360
 19560, 13.226
 19620, 10.530
 19680,  7.970
 19740,  7.039
 19800,  5.580
 19860,  7.009
 19920,  7.179
 19980,  6.987
 20040,  7.290
 20100,  6.805
 20160,  4.183
 20220,  3.468
 20280,  3.998
 20340,  2.959
 20400,  1.820
 20460,  2.808
 20520,  2.646
 20580,  2.697
 20640,  2.303
 20700, -9999.000
 20760,  3.858
 20820,  7.695
 20880,  6.307
 20940,  9.398
 21000, 11.406
 21060, 12.472
 21120,  7.630
 21180,  6.555
 21240,  7.077
 21300,  8.249
 21360,  6.695
 21420,  6.759
 21480,  6.073
 21540,  5.639
 21600,  3.851
 21660,  5.814
 21720,  5.839
 21780,  4.163
 21840,  3.224
 21900,  3.695
 21960,  2.873
 22020,  1.923
 22080,  1.093
 22140,  0.816
 22200,  1.081
 22260,  1.241
 22320,  1.421
 22380,  1.162
 22440,  1.614
 22500,  1.704
 22560, -9999.000
 22620,  3.633
 22680,  3.383
 22740,  3.850
 22800,  4.373
 22860,  3.393
 22920,  4.724
 22980,  6.802
 23040, 11.870
 23100, 11.746
 23160,  9.041
 23220,  8.893
 23280, 10.122
 23340, 10.239
 23400, 11.064
 23460,  9.231
 23520,  7.275
 23580,  2.952
 23640,  2.884
 23700,  4.723
 23760,  8.421
 23820,  7.566
 23880,  9.279
 23940,  8.731
 24000,  8.521
 24060, 11.064
 24120,  3.283
 24180,  1.695
 24240,  1.299
 24300,  1.243
 24360,  0.704
 24420, -9999.000
 24480,  1.520
 24540,  0.915
 24600,  0.781
 24660,  0.639
 24720,  1.224
 24780,  1.411
 24840,  1.787
 24900,  1.459
 24960,  1.028
 25020,  2.242
 25080,  2.194
 25140,  1.648
 25200,  1.419
 25260,  1.449
 25320,  0.945
 25380,  1.388
 25440,  6.285
 25500,  6.379
 25560,  7.551
 25620,  7.776
 25680,  9.773
 25740,  9.170
 25800,  7.834
 25860, 10.802
 25920, 13.088
 25980, 13.098
 26040, 13.195
 26100, 17.992
 26160, 16.937
 26220, 20.634
 26280, 14.839
 26340, 21.971
 26400, 20.222
 26460, 18.309
 26520, 22.379
 26580, 21.223
 26640, 22.080
 26700, 24.610
 26760, 25.973
 26820, 26.381
 26880, 27.532
 26940, 28.426
 27000, 21.003
 27060, 21.777
 27120, 29.975
 27180, 28.819
 27240, 32.771
 27300, 32.232
 27360, 25.006
 27420, 22.340
 27480, 25.706
 27540, 23.358
 27600, 17.922
 27660, 30.907
 27720, 30.900
 27780, 28.426
 27840, 14.155
 27900, 30.240
 27960, 64.360
 28020, 45.390
 28080, -9999.000
 28140, 27.041
 28200, 61.268
 28260, 46.348
 28320, 31.324
 28380, 37.779
 28440, 42.400
 28500, 26.555
 28560, 42.496
 28620, 38.218
 28680, 31.853
 28740, 33.694
 28800, 24.460
 28860, 32.377
 28920, 58.317
 28980, 54.527
 29040, 27.112
 29100, 27.224
 29160, 22.303
 29220, 21.034
 29280, 37.215
 29340, 27.196
 29400, 21.823
 29460, 20.210
 29520, 19.592
 29580, 21.231
 29640, 26.401
 29700, 24.150
 29760, 34.205
 29820, 30.123
 29880, 27.075
 29940, 26.537
 30000, 34.302
 30060, 31.736
 30120, 31.396
 30180, 36.741
 30240, 45.355
 30300, 43.927
 30360, 41.360
 30420, 41.684
 30480, 45.189
 30540, 35.552
 30600, 45.789
 30660, 69.106
 30720, 43.620
 30780, 73.942
 30840, 63.209
 30900, 35.229
 30960, 40.033
 31020, 33.116
 31080, 43.026
 31140, 30.767
 31200, 49.592
 31260, 52.000
 31320, 51.145
 31380, 33.179
 31440, 28.645
 31500, 29.676
 31560, 39.717
 31620, 32.408
 31680, 26.469
 31740, 21.857
 31800, -9999.000
 31860, 57.132
 31920, 54.184
 31980, 34.968
 32040, 26.445
 32100, 30.903
 32160, 31.072
 32220, 27.660
 32280, 28.656
 32340, 45.203
 32400, 34.464
 32460, 39.074
 32520, 46.455
 32580, 44.347
 32640, 58.735
 32700, 53.739
 32760, 44.044
 32820, 46.685
 32880, 33.703
 32940, 60.866
 33000, 54.228
 33060, 79.675
 33120, 57.991
 33180, 38.230
 33240, 44.060
 33300, 50.671
 33360, 56.403
 33420, 10.851
 33480, 14.641
 33540, 30.728
 33600, 41.471
 33660, 59.221
 33720, 48.479
 33780, 38.342
 33840, 36.016
 33900, 35.659
 33960, 71.688
 34020, 52.929
 34080, 60.260
 34140, 57.424
 34200, 62.230
 34260, 62.932
 34320, 68.401
 34380, 76.295
 34440, 70.874
 34500, 58.038
 34560, 42.731
 34620, 45.321
 34680, 37.097
 34740, 31.098
 34800, 29.486
 34860, 30.894
 34920, 35.933
 34980, 34.955
 35040, 38.522
 35100, 36.734
 35160, 54.941
 35220, 55.464
 35280, 63.813
 35340, 50.645
 35400, 38.888
 35460, 41.732
 35520, -9999.000
 35580, 14.633
 35640, 30.970
 35700, 35.170
 35760, 43.543
 35820, 30.189
 35880, 29.792
 35940, 27.837
 36000, 28.795
 36060, 29.876
 36120, 35.911
 36180, 38.429
 36240, 39.453
 36300, 32.490
 36360, 26.659
 36420, 23.588
 36480, 20.187
 36540, 22.729
 36600, 30.949
 36660, 24.636
 36720, 33.463
 36780, 26.521
 36840, 25.958
 36900, 30.527
 36960, 32.796
 37020, 32.694
 37080, 32.003
 37140, 34.015
 37200, 34.932
 37260, 26.710
 37320, 24.752
 37380, 20.658
 37440, 27.998
 37500, 21.924
 37560, 17.271
 37620, 22.532
 37680, 20.071
 37740, 18.169
 37800, 15.846
 37860, 23.841
 37920, 24.010
 37980, 26.319
 38040, 32.030
 38100, 30.187
 38160, 22.447
 38220, 27.045
 38280, 31.468
 38340, 24.443
 38400, 18.533
 38460, 17.929
 38520, 14.866
 38580, 15.206
 38640, 16.902
 38700, 19.198
 38760, 16.931
 38820, 20.014
 38880, 15.419
 38940, 14.283
 39000, 15.656
 39060, 19.514
 39120, 26.856
 39180, -9999.000
 39240, 11.600
 39300, 13.071
 39360, 15.491
 39420, 14.035
 39480, 16.522
 39540, 19.686
 39600, 18.218
 39660, 16.384
 39720, 15.457
 39780, 14.555
 39840, 16.941
 39900, 18.238
 39960, 19.566
 40020, 22.670
 40080, 20.480
 40140, 20.319
 40200, 22.927
 40260, 22.281
 40320, 17.696
 40380, 15.144
 40440, 11.261
 40500, 13.516
 40560, 27.275
 40620, 36.939
 40680, 54.402
 40740, 42.175
 40800, 17.426
 40860, 20.538
 40920, 19.444
 40980, 26.573
 41040, -9999.000
 41100, 45.972
 41160, 47.773
 41220, 47.870
 41280, 25.852
 41340, 34.602
 41400, 35.661
 41460, 24.962
 41520, 22.094
 41580, 20.838
 41640, 45.087
 41700, 30.171
 41760, 29.741
 41820, 34.770
 41880, 69.889
 41940, 106.754
 42000, 97.243
 42060, 73.382
 42120, 45.598
 42180, 62.365
 42240, 83.240
 42300, 105.732
 42360, 84.080
 42420, 51.161
 42480, 93.529
 42540, 105.943
 42600, 124.362
 42660, 109.807
 42720, 109.563
 42780, 119.877
 42840, 107.631
 42900, -9999.000
 42960, 30.177
 43020, 21.790
 43080, 34.312
 43140, 33.024
 43200, 56.367
 43260, 45.107
 43320, 22.689
 43380, 25.443
 43440, 22.426
 43500, 28.629
 43560, 33.615
 43620, 27.783
 43680, 22.541
 43740, 11.303
 43800, 20.397
 43860, 23.096
 43920, 15.908
 43980, 16.569
 44040, 11.132
 44100, 12.505
 44160,  7.918
 44220, 17.821
 44280, 28.159
 44340, 51.611
 44400, 27.778
 44460, 24.919
 44520, 14.424
 44580, 11.789
 44640, 18.374
 44700, 19.503
 44760, 26.653
 44820, 27.983
 44880, 34.323
 44940, 24.527
 45000,  9.820
 45060, 13.108
 45120, 16.587
 45180, 27.734
 45240, 20.354
 45300, 23.340
 45360, 23.219
 45420, 19.529
 45480, 14.951
 45540, 12.502
 45600, 12.102
 45660, 17.298
 45720, 15.666
 45780, 14.817
 45840, 13.819
 45900, 11.651
 45960, 13.116
 46020, 12.839
 46080, 15.990
 46140, 15.830
 46200, 14.703
 46260, 10.727
 46320, 11.370
 46380,  8.007
 46440,  9.223
 46500,  9.199
 46560, -9999.000
 46620,  7.959
 46680,  9.828
 46740,  9.648
 46800, -9999.000
 46860, -9999.000
 46920, -9999.000
 46980, -9999.000
 47040, -9999.000
 47100, -9999.000
 47160, -9999.000
 47220, -9999.000
 47280, -9999.000
 47340, -9999.000
 47400, -9999.000
 47460, -9999.000
 47520, -9999.000
 47580, -9999.000
 47640, -9999.000
 47700, -9999.000
 47760, -9999.000
 47820, -9999.000
 47880, -9999.000
 47940, -9999.000
 48000, -9999.000
 48060, -9999.000
 48120, -9999.000
 48180, -9999.000
 48240, -9999.000
 48300, -9999.000
 48360, -9999.000
 48420, -9999.000
 48480, -9999.000
 48540, -9999.000
 48600, -9999.000
 48660, -9999.000
 48720, -9999.000
 48780, -9999.000
 48840, -9999.000
 48900, -9999.000
 48960, -9999.000
 49020, -9999.000
 49080, -9999.000
 49140, -9999.000
 49200, -9999.000
 49260, -9999.000
 49320, -9999.000
 49380, -9999.000
 49440, -9999.000
 49500, -9999.000
 49560, -9999.000
 49620, -9999.000
 49680, -9999.000
 49740, -9999.000
 49800, -9999.000
 49860, -9999.000
 49920, -9999.000
 49980, -9999.000
 50040, -9999.000
 50100, -9999.000
 50160, -9999.000
 50220, -9999.000
 50280, -9999.000
 50340, -9999.000
 50400, -9999.000
 50460, -9999.000
 50520, -9999.000
 50580, -9999.000
 50640, -9999.000
 50700, -9999.000
 50760, -9999.000
 50820, -9999.000
 50880, -9999.000
 50940, -9999.000
 51000, -9999.000
 51060, -9999.000
 51120, -9999.000
 51180, -9999.000
 51240, -9999.000
 51300, -9999.000
 51360, -9999.000
 51420, -9999.000
 51480, -9999.000
 51540, -9999.000
 51600, -9999.000
 51660, -9999.000
 51720, -9999.000
 51780, -9999.000
 51840, -9999.000
 51900, -9999.000
 51960, -9999.000
 52020, -9999.000
 52080, -9999.000
 52140, -9999.000
 52200, -9999.000
 52260, -9999.000
 52320, -9999.000
 52380, -9999.000
 52440, -9999.000
 52500, -9999.000
 52560, -9999.000
 52620, -9999.000
 52680, -9999.000
 52740, -9999.000
 52800, -9999.000
 52860, -9999.000
 52920, -9999.000
 52980, -9999.000
 53040, -9999.000
 53100, -9999.000
 53160, -9999.000
 53220, -9999.000
 53280, -9999.000
 53340, -9999.000
 53400, -9999.000
 53460, -9999.000
 53520, -9999.000
 53580, -9999.000
 53640, -9999.000
 53700, -9999.000
 53760, -9999.000
 53820, -9999.000
 53880, -9999.000
 53940, -9999.000
 54000, -9999.000
 54060, -9999.000
 54120, -9999.000
 54180, -9999.000
 54240, -9999.000
 54300, -9999.000
 54360, -9999.000
 54420, -9999.000
 54480, -9999.000
 54540, -9999.000
 54600, -9999.000
 54660, -9999.000
 54720, -9999.000
 54780, -9999.000
 54840, -9999.000
 54900, -9999.000
 54960, -9999.000
 55020, -9999.000
 55080, -9999.000
 55140, -9999.000
 55200, -9999.000
 55260, -9999.000
 55320, -9999.000
 55380, -9999.000
 55440, -9999.000
 55500, -9999.000
 55560, -9999.000
 55620, -9999.000
 55680, -9999.000
 55740, -9999.000
 55800, -9999.000
 55860, -9999.000
 55920, -9999.000
 55980, -9999.000
 56040, -9999.000
 56100, -9999.000
 56160, -9999.000
 56220, -9999.000
 56280, -9999.000
 56340, -9999.000
 56400, -9999.000
 56460, -9999.000
 56520, -9999.000
 56580, -9999.000
 56640, -9999.000
 56700, -9999.000
 56760, -9999.000
 56820, -9999.000
 56880, -9999.000
 56940, -9999.000
 57000, -9999.000
 57060, -9999.000
 57120, -9999.000
 57180, -9999.000
 57240, -9999.000
 57300, -9999.000
 57360, -9999.000
 57420, -9999.000
 57480, -9999.000
 57540, -9999.000
 57600, -9999.000
 57660, -9999.000
 57720, -9999.000
 57780, -9999.000
 57840, -9999.000
 57900, -9999.000
 57960, -9999.000
 58020, -9999.000
 58080, -9999.000
 58140, -9999.000
 58200, -9999.000
 58260, -9999.000
 58320, -9999.000
 58380, -9999.000
 58440, -9999.000
 58500, -9999.000
 58560, -9999.000
 58620, -9999.000
 58680, -9999.000
 58740, -9999.000
 58800, -9999.000
 58860, -9999.000
 58920, -9999.000
 58980, -9999.000
 59040, -9999.000
 59100, -9999.000
 59160, -9999.000
 59220, -9999.000
 59280, -9999.000
 59340, -9999.000
 59400, -9999.000
 59460, -9999.000
 59520, -9999.000
 59580, -9999.000
 59640, -9999.000
 59700, -9999.000
