CampaignData_and_Merges/R0/CSL_MobileLab_Parked/raw/20240802/USOS-MetNav_MobileLabGround_20240802_R0.ict
44, 1001
Carrie Womack, Nate Howard, Mike Zucker
NOAA Chemical Sciences Laboratory
Mobile Lab MetNav Station
USOS
1, 1
2024, 08, 02, 2024, 12, 21
60
Time_Start, seconds_past_midnight, Seconds from midnight UTC
11
1, 1, 1, 1, 1, 1, 1, 1, 1, 1, 1
-9999, -9999, -9999, -9999, -9999, -9999, -9999, -9999, -9999, -9999, -9999
GPS_Alt_m, meters, Altitude from Differential GPS
GPS_Course_deg, degrees, Course from Differential GPS
GPS_GndSpd_m_s, m/s, Ground Speed from Differential GPS
GPS_Heading_deg, degrees, Heading from Differential GPS
GPS_Lat_deg, degrees, Latitude from Differential GPS
GPS_Lon_deg, degrees, Longitude from Differential GPS
AirTemp_C, Celsius, Air Temperature from Airmar
RelHumidity_pct, percent, Relative Humidity from Airmar
Pressure_mb, millibars, Pressure from Honeywell
WindDir_calc_deg, degrees, Wind Direction from Airmar corrected for van movement
WindSpd_calc_m_s, m/s, Wind Speed from Airmar corrected for van movement
1
SPECIAL COMMENTS:
18
PI_CONTACT_INFO: Address: 325 Broadway R/CSL7, Boulder, CO, 80305
PLATFORM: CSL Mobile Lab
LOCATION: Salt Lake City, UT
ASSOCIATED_DATA: N/A
INSTRUMENT_INFO: N/A
DATA_INFO: Units:
UNCERTAINTY: N/A
ULOD_FLAG: -7777
ULOD_VALUE: N/A
LLOD_FLAG: -8888
LLOD_VALUE: N/A
DM_CONTACT_INFO: Data Manager: Nate Howard
PROJECT_INFO: 
STIPULATIONS_ON_USE: Use of these data require prior ok from PI.
OTHER_COMMENTS: 
REVISION: R0
R0: Final data. Fixed bug in wind averaging code. RA: Preliminary Data. For in-field use only. 
Time_Start, GPS_Alt_m, GPS_Course_deg, GPS_GndSpd_m_s, GPS_Heading_deg, GPS_Lat_deg, GPS_Lon_deg, AirTemp_C, RelHumidity_pct, Pressure_mb, WindDir_calc_deg, WindSpd_calc_m_s
[from data line 413]
24780.0,1309.8,1.77,0.05,1.77,40.73434,-111.87211,25.5,19.2,881.6,146.55,0.3
24840.0,1309.8,1.52,0.05,1.52,40.73434,-111.87211,25.5,18.8,881.6,169.09,0.2
24900.0,1309.8,1.43,0.05,1.43,40.73434,-111.87211,25.4,18.9,881.5,131.13,0.3
24960.0,1309.8,1.99,0.05,1.99,40.73434,-111.87211,25.5,18.6,881.5,117.91,1.0
25020.0,1309.6,2.02,0.05,2.02,40.73434,-111.87211,25.4,19.4,881.6,128.34,2.0
25080.0,1309.3,2.76,0.05,2.76,40.73434,-111.87211,25.3,19.1,881.6,132.03,1.8
25140.0,1309.2,2.59,0.05,2.59,40.73434,-111.87211,25.3,18.8,881.5,130.97,1.9
25200.0,1309.3,2.57,0.05,2.57,40.73434,-111.87211,25.3,18.7,881.5,126.24,2.4
25260.0,1309.3,2.89,0.05,2.89,40.73434,-111.87211,25.3,18.8,881.5,123.38,2.4
25320.0,1309.2,2.89,0.05,2.89,40.73434,-111.87211,25.3,18.7,881.5,130.99,2.4
25380.0,1309.1,3.10,0.05,3.10,40.73434,-111.87211,25.4,19.0,881.5,122.08,0.9
25440.0,1309.0,2.90,0.05,2.90,40.73434,-111.87211,25.4,20.2,881.5,168.84,0.1
25500.0,1309.1,3.04,0.05,3.04,40.73434,-111.87211,25.3,21.1,881.5,100.51,0.5
25560.0,1309.0,3.00,0.05,3.00,40.73434,-111.87211,25.1,21.3,881.5,89.48,0.3
25620.0,1308.9,2.91,0.05,2.91,40.73434,-111.87211,24.9,21.5,881.5,92.02,0.4
25680.0,1308.8,2.45,0.05,2.45,40.73434,-111.87211,24.7,21.9,881.5,47.44,0.2
25740.0,1309.0,2.58,0.05,2.58,40.73434,-111.87211,24.6,22.0,881.5,129.14,0.6
25800.0,1308.9,2.59,0.06,2.59,40.73434,-111.87211,24.6,22.0,881.5,130.64,0.6
25860.0,1309.5,2.30,0.05,2.30,40.73434,-111.87211,24.5,22.2,881.5,52.11,0.4
25920.0,1309.5,2.45,0.05,2.45,40.73434,-111.87211,24.4,22.5,881.5,70.43,0.0
25980.0,1309.4,2.73,0.05,2.73,40.73434,-111.87211,24.3,22.5,881.5,81.54,0.4
26040.0,1309.2,2.54,0.05,2.54,40.73434,-111.87211,24.2,22.8,881.5,114.27,0.6
26100.0,1308.9,3.09,0.06,3.09,40.73434,-111.87211,24.1,22.8,881.5,59.30,0.2
26160.0,1309.0,3.15,0.05,3.15,40.73434,-111.87211,24.0,22.8,881.5,93.36,0.2
26220.0,1309.1,3.06,0.05,3.06,40.73434,-111.87211,24.0,23.0,881.5,134.45,0.3
26280.0,1309.0,3.09,0.05,3.09,40.73434,-111.87211,23.9,23.1,881.4,58.63,0.2
26340.0,1309.1,3.08,0.04,3.08,40.73434,-111.87211,23.8,23.1,881.5,96.28,0.3
26400.0,1309.1,3.28,0.04,3.28,40.73434,-111.87211,23.7,23.1,881.5,51.25,0.1
26460.0,1309.1,2.80,0.05,2.80,40.73434,-111.87211,23.8,23.1,881.5,118.93,0.2
26520.0,1309.1,2.91,0.04,2.91,40.73434,-111.87211,23.7,23.5,881.5,101.26,0.4
26580.0,1309.1,2.97,0.04,2.97,40.73434,-111.87211,23.7,23.6,881.4,140.50,0.3
26640.0,1309.1,2.61,0.05,2.61,40.73434,-111.87211,23.7,23.6,881.4,110.27,0.5
26700.0,1309.0,2.64,0.05,2.64,40.73434,-111.87211,23.5,24.1,881.5,112.95,0.9
26760.0,1309.0,2.48,0.05,2.48,40.73434,-111.87211,23.6,24.0,881.4,143.95,0.5
26820.0,1309.0,1.52,0.04,1.52,40.73434,-111.87211,23.5,24.0,881.5,71.51,0.3
26880.0,1308.9,1.71,0.04,1.71,40.73434,-111.87211,23.4,24.0,881.5,117.94,1.1
26940.0,1308.8,2.31,0.04,2.31,40.73434,-111.87211,23.3,23.9,881.5,110.23,0.2
27000.0,1308.7,2.00,0.05,2.00,40.73434,-111.87211,23.2,24.3,881.5,108.08,0.4
27060.0,1308.5,1.45,0.04,1.45,40.73434,-111.87211,23.2,24.5,881.5,144.81,0.8
27120.0,1308.3,2.78,0.04,2.78,40.73434,-111.87211,23.3,24.3,881.5,133.85,0.7
27180.0,1308.3,2.97,0.04,2.97,40.73434,-111.87211,23.1,24.3,881.5,64.86,0.4
27240.0,1308.3,2.57,0.04,2.57,40.73434,-111.87211,23.1,24.1,881.5,118.61,0.5
27300.0,1308.2,2.61,0.05,2.61,40.73434,-111.87211,23.1,24.3,881.5,163.65,0.2
27360.0,1308.1,2.45,0.05,2.45,40.73434,-111.87211,22.9,24.8,881.6,33.10,0.3
27420.0,1308.1,2.61,0.05,2.61,40.73434,-111.87210,22.8,25.1,881.6,120.91,1.0
27480.0,1308.1,2.48,0.04,2.48,40.73434,-111.87210,22.8,24.9,881.6,125.20,0.9
27540.0,1308.1,2.58,0.05,2.58,40.73434,-111.87210,22.8,25.2,881.6,126.31,0.8
27600.0,1308.1,2.53,0.05,2.53,40.73434,-111.87210,22.8,24.9,881.6,131.70,0.5
27660.0,1308.1,2.92,0.05,2.92,40.73434,-111.87210,22.8,24.3,881.6,137.37,0.8
27720.0,1307.9,2.68,0.05,2.68,40.73434,-111.87210,22.8,24.7,881.6,123.82,0.9
27780.0,1307.8,2.32,0.05,2.32,40.73434,-111.87210,22.7,24.6,881.5,122.35,0.9
27840.0,1307.7,2.41,0.05,2.41,40.73434,-111.87210,22.6,24.5,881.6,107.71,1.0
27900.0,1307.6,2.63,0.05,2.63,40.73434,-111.87210,22.6,24.4,881.6,111.65,0.8
27960.0,1307.6,2.48,0.05,2.48,40.73434,-111.87210,22.6,23.9,881.5,152.13,1.0
28020.0,1307.6,2.20,0.04,2.20,40.73434,-111.87210,22.7,24.2,881.5,182.18,1.3
28080.0,1307.5,2.19,0.05,2.19,40.73434,-111.87210,22.7,24.2,881.5,119.41,0.8
28140.0,1307.7,2.37,0.05,2.37,40.73434,-111.87210,22.6,24.2,881.5,54.05,0.4
28200.0,1307.8,2.54,0.05,2.54,40.73434,-111.87210,22.6,23.5,881.5,65.63,0.3
28260.0,1307.9,2.42,0.04,2.42,40.73434,-111.87210,22.7,23.6,881.5,89.90,0.1
28320.0,1308.0,2.52,0.05,2.52,40.73434,-111.87210,22.6,24.0,881.5,116.65,1.6
28380.0,1308.0,2.59,0.04,2.59,40.73434,-111.87210,22.6,23.6,881.5,57.77,0.3
28440.0,1308.2,2.88,0.05,2.88,40.73434,-111.87211,22.6,23.4,881.5,20.05,0.1
28500.0,1308.5,2.60,0.05,2.60,40.73433,-111.87211,22.6,23.9,881.5,59.22,0.3
28560.0,1308.5,2.67,0.06,2.67,40.73434,-111.87211,22.6,23.8,881.5,148.00,1.2
28620.0,1308.7,2.28,0.05,2.28,40.73434,-111.87211,22.7,23.5,881.4,150.05,1.2
28680.0,1308.6,2.09,0.06,2.09,40.73434,-111.87211,22.7,23.9,881.4,138.05,1.0
28740.0,1308.7,2.09,0.06,2.09,40.73434,-111.87211,22.6,24.0,881.4,92.27,0.3
28800.0,1308.6,2.21,0.05,2.21,40.73434,-111.87211,22.6,24.2,881.5,128.59,1.1
28860.0,1308.5,2.38,0.06,2.38,40.73434,-111.87211,22.6,23.8,881.4,113.23,0.5
28920.0,1308.6,2.56,0.05,2.56,40.73434,-111.87211,22.6,23.2,881.4,108.98,0.5
28980.0,1308.7,2.22,0.05,2.22,40.73434,-111.87211,22.6,23.3,881.4,63.84,0.1
29040.0,1308.6,2.35,0.05,2.35,40.73434,-111.87211,22.6,23.5,881.5,67.64,0.3
29100.0,1308.6,1.81,0.05,1.81,40.73434,-111.87211,22.6,23.6,881.5,114.88,0.2
29160.0,1308.7,1.89,0.05,1.89,40.73434,-111.87211,22.6,24.0,881.4,167.27,0.2
29220.0,1308.6,2.09,0.04,2.09,40.73434,-111.87211,22.5,24.1,881.4,124.52,0.9
29280.0,1308.5,1.71,0.05,1.71,40.73434,-111.87211,22.6,24.0,881.5,191.96,0.1
29340.0,1308.5,1.66,0.05,1.66,40.73434,-111.87211,22.6,24.1,881.5,104.05,0.3
29400.0,1308.6,2.49,0.05,2.49,40.73434,-111.87211,22.6,24.0,881.5,93.19,0.3
29460.0,1308.6,2.89,0.04,2.89,40.73434,-111.87211,22.6,24.0,881.5,140.72,0.2
29520.0,1308.6,3.03,0.04,3.03,40.73434,-111.87211,22.5,24.2,881.5,134.59,0.5
29580.0,1308.7,2.93,0.05,2.93,40.73434,-111.87211,22.5,24.5,881.5,125.79,0.6
29640.0,1308.8,2.96,0.05,2.96,40.73434,-111.87211,22.5,24.6,881.5,164.29,0.3
29700.0,1308.8,3.22,0.06,3.22,40.73434,-111.87211,22.5,24.8,881.5,289.41,0.0
29760.0,1308.8,3.05,0.05,3.05,40.73434,-111.87211,22.6,25.0,881.5,235.45,0.2
29820.0,1308.8,3.16,0.05,3.16,40.73434,-111.87211,22.6,25.2,881.5,241.56,0.2
29880.0,1308.7,2.84,0.05,2.84,40.73434,-111.87211,22.6,25.4,881.5,77.84,0.1
29940.0,1308.7,3.17,0.05,3.17,40.73434,-111.87211,22.5,25.5,881.5,137.06,0.9
30000.0,1308.7,3.36,0.05,3.36,40.73434,-111.87211,22.4,25.6,881.5,141.18,0.5
30060.0,1308.7,2.99,0.05,2.99,40.73434,-111.87211,22.5,25.6,881.6,118.79,0.1
30120.0,1308.8,3.22,0.05,3.22,40.73434,-111.87211,22.5,25.7,881.5,153.44,0.8
30180.0,1308.8,3.31,0.05,3.31,40.73434,-111.87211,22.5,26.0,881.5,190.39,1.0
30240.0,1308.8,3.05,0.05,3.05,40.73434,-111.87211,22.4,25.8,881.5,158.71,0.7
30300.0,1308.9,3.23,0.06,3.23,40.73434,-111.87211,22.5,25.7,881.5,121.06,0.6
30360.0,1308.7,3.66,0.05,3.66,40.73434,-111.87211,22.5,25.7,881.5,167.71,1.5
30420.0,1308.6,3.65,0.05,3.65,40.73434,-111.87211,22.5,25.2,881.5,183.97,1.6
30480.0,1308.6,3.12,0.04,3.12,40.73434,-111.87211,22.5,25.0,881.5,157.30,0.9
30540.0,1308.6,3.40,0.05,3.40,40.73434,-111.87211,22.5,25.5,881.5,116.79,0.4
30600.0,1308.8,3.33,0.05,3.33,40.73434,-111.87211,22.3,25.2,881.5,19.13,0.3
30660.0,1308.7,2.84,0.05,2.84,40.73434,-111.87211,22.4,25.3,881.5,129.54,0.5
30720.0,1308.6,3.06,0.04,3.06,40.73434,-111.87211,22.4,25.5,881.5,113.82,0.5
30780.0,1308.6,2.60,0.04,2.60,40.73434,-111.87211,22.4,25.0,881.5,139.48,0.4
30840.0,1308.6,2.41,0.05,2.41,40.73434,-111.87211,22.3,25.3,881.5,100.09,0.8
30900.0,1308.5,2.67,0.05,2.67,40.73434,-111.87211,22.3,25.6,881.5,119.04,0.8
30960.0,1308.4,2.12,0.05,2.12,40.73434,-111.87211,22.3,25.4,881.4,114.45,0.4
31020.0,1308.5,1.73,0.05,1.73,40.73434,-111.87211,22.2,25.6,881.4,90.67,0.5
31080.0,1308.5,1.64,0.05,1.64,40.73434,-111.87211,22.1,25.6,881.4,112.00,0.5
31140.0,1308.4,1.71,0.05,1.71,40.73434,-111.87211,22.1,25.7,881.4,137.18,0.6
31200.0,1308.5,1.97,0.05,1.97,40.73434,-111.87211,22.1,25.4,881.4,102.86,0.4
31260.0,1308.5,2.56,0.05,2.56,40.73434,-111.87211,22.0,25.8,881.4,122.80,1.0
31320.0,1308.4,1.88,0.05,1.88,40.73434,-111.87211,22.0,25.9,881.4,136.73,0.9
31380.0,1308.4,1.29,0.05,1.29,40.73434,-111.87211,21.9,26.2,881.4,100.23,0.7
31440.0,1308.4,1.40,0.05,1.40,40.73434,-111.87211,22.0,26.1,881.4,79.90,0.3
31500.0,1308.3,2.27,0.06,2.27,40.73434,-111.87211,21.9,26.4,881.4,113.31,0.4
31560.0,1308.3,2.40,0.04,2.40,40.73434,-111.87211,21.9,26.3,881.4,151.73,0.6
31620.0,1308.3,1.84,0.04,1.84,40.73434,-111.87211,21.9,26.6,881.4,352.56,0.3
31680.0,1308.3,1.65,0.04,1.65,40.73434,-111.87211,21.8,26.8,881.4,116.20,0.6
31740.0,1308.4,2.21,0.04,2.21,40.73434,-111.87211,21.8,27.0,881.4,137.08,0.8
31800.0,1308.5,2.24,0.04,2.24,40.73434,-111.87211,21.9,26.7,881.4,164.43,0.8
31860.0,1308.5,2.24,0.04,2.24,40.73434,-111.87211,21.8,26.7,881.4,171.19,0.6
31920.0,1308.6,1.67,0.04,1.67,40.73434,-111.87211,21.8,26.6,881.4,48.37,0.2
31980.0,1308.6,1.66,0.05,1.66,40.73434,-111.87211,21.7,26.8,881.4,69.08,0.4
32040.0,1308.6,1.83,0.04,1.83,40.73434,-111.87211,21.6,27.3,881.5,50.57,0.3
32100.0,1308.6,1.94,0.04,1.94,40.73434,-111.87211,21.6,27.5,881.5,74.52,0.1
32160.0,1308.5,2.10,0.05,2.10,40.73434,-111.87211,21.5,27.5,881.5,283.25,0.3
32220.0,1308.5,2.19,0.05,2.19,40.73434,-111.87211,21.5,27.7,881.4,127.14,0.6
32280.0,1308.6,2.26,0.05,2.26,40.73434,-111.87211,21.3,27.8,881.5,119.41,1.5
32340.0,1308.6,2.45,0.05,2.45,40.73434,-111.87211,21.3,27.7,881.5,144.54,0.4
32400.0,1308.7,2.81,0.05,2.81,40.73434,-111.87211,21.4,27.9,881.5,165.84,0.7
32460.0,1308.9,2.42,0.05,2.42,40.73434,-111.87211,21.3,28.0,881.6,145.01,1.7
32520.0,1309.0,2.56,0.06,2.56,40.73434,-111.87211,21.4,27.6,881.6,153.46,1.5
32580.0,1309.1,2.73,0.05,2.73,40.73434,-111.87211,21.4,27.9,881.6,134.53,0.7
32640.0,1308.9,2.79,0.05,2.79,40.73434,-111.87211,21.3,28.1,881.6,140.99,1.0
32700.0,1309.0,2.18,0.05,2.18,40.73434,-111.87211,21.3,27.9,881.6,97.51,0.6
32760.0,1309.2,1.92,0.05,1.92,40.73434,-111.87211,21.2,27.6,881.6,112.78,0.7
32820.0,1309.1,2.39,0.05,2.39,40.73434,-111.87211,21.2,27.9,881.6,131.18,1.2
32880.0,1309.0,2.39,0.05,2.39,40.73434,-111.87211,21.2,28.2,881.7,129.84,1.7
32940.0,1309.0,3.10,0.04,3.10,40.73434,-111.87211,21.2,28.0,881.7,127.47,1.1
33000.0,1309.1,3.01,0.05,3.01,40.73434,-111.87211,21.1,28.0,881.7,81.20,0.4
33060.0,1309.2,2.89,0.05,2.89,40.73434,-111.87211,21.2,27.7,881.7,187.40,0.1
33120.0,1309.2,3.23,0.04,3.23,40.73434,-111.87211,21.2,27.7,881.7,125.81,0.5
33180.0,1309.3,3.49,0.05,3.49,40.73434,-111.87211,21.2,28.1,881.7,127.96,1.0
33240.0,1309.5,3.62,0.05,3.62,40.73434,-111.87211,21.2,28.5,881.7,120.78,0.9
33300.0,1309.4,3.11,0.06,3.11,40.73434,-111.87212,21.1,27.9,881.7,129.84,1.1
33360.0,1309.4,2.44,0.06,2.44,40.73434,-111.87212,21.2,28.1,881.6,144.29,1.1
33420.0,1309.4,2.63,0.05,2.63,40.73434,-111.87212,21.2,28.1,881.6,158.08,1.0
33480.0,1309.4,2.62,0.05,2.62,40.73434,-111.87212,21.1,28.4,881.6,131.19,1.2
33540.0,1309.3,3.41,0.05,3.41,40.73434,-111.87212,21.1,29.0,881.6,123.45,1.1
33600.0,1309.3,3.47,0.04,3.47,40.73434,-111.87212,21.1,28.5,881.6,129.52,0.8
33660.0,1309.3,3.47,0.04,3.47,40.73434,-111.87212,21.1,28.4,881.6,128.92,1.1
33720.0,1309.4,3.50,0.04,3.50,40.73434,-111.87212,21.0,28.9,881.6,118.44,1.0
33780.0,1309.4,2.96,0.04,2.96,40.73434,-111.87212,21.0,28.4,881.6,119.93,0.5
33840.0,1309.4,1.76,0.04,1.76,40.73434,-111.87211,21.1,28.5,881.6,79.35,0.1
33900.0,1309.2,1.96,0.05,1.96,40.73434,-111.87212,21.1,28.4,881.6,82.52,0.4
33960.0,1309.2,2.85,0.05,2.85,40.73434,-111.87212,21.0,28.2,881.6,103.46,0.5
34020.0,1309.2,2.68,0.05,2.68,40.73434,-111.87212,21.0,28.4,881.6,139.01,0.6
34080.0,1308.9,2.67,0.05,2.67,40.73434,-111.87212,21.0,28.2,881.6,180.43,0.1
34140.0,1308.9,2.33,0.05,2.33,40.73434,-111.87212,21.0,28.0,881.6,106.66,0.6
34200.0,1309.0,2.69,0.05,2.69,40.73434,-111.87211,21.0,28.0,881.6,115.73,0.6
34260.0,1309.2,2.72,0.05,2.72,40.73434,-111.87211,20.9,28.0,881.6,57.11,0.4
34320.0,1309.3,2.82,0.05,2.82,40.73434,-111.87211,20.9,27.8,881.6,117.54,0.4
34380.0,1309.1,2.40,0.04,2.40,40.73434,-111.87211,20.8,27.8,881.6,112.59,0.5
34440.0,1309.2,1.83,0.05,1.83,40.73434,-111.87211,20.8,28.0,881.6,105.94,0.4
34500.0,1309.0,2.64,0.05,2.64,40.73434,-111.87211,20.8,28.0,881.6,56.64,0.3
34560.0,1309.0,3.10,0.05,3.10,40.73434,-111.87211,20.9,28.3,881.6,263.98,0.2
34620.0,1309.0,3.67,0.05,3.67,40.73434,-111.87211,20.9,28.6,881.6,108.15,0.5
34680.0,1309.2,4.31,0.05,4.31,40.73434,-111.87211,20.8,28.8,881.7,115.08,0.9
34740.0,1309.4,3.63,0.05,3.63,40.73434,-111.87211,20.8,28.9,881.7,112.24,0.6
34800.0,1309.4,4.06,0.05,4.06,40.73434,-111.87211,20.8,29.1,881.6,158.26,1.1
34860.0,1309.3,3.10,0.05,3.10,40.73434,-111.87211,20.8,29.0,881.7,156.81,0.7
34920.0,1309.4,3.10,0.05,3.10,40.73434,-111.87211,20.8,29.1,881.8,122.27,1.1
34980.0,1309.4,2.96,0.04,2.96,40.73434,-111.87211,20.8,29.4,881.7,150.44,0.7
35040.0,1309.4,2.28,0.05,2.28,40.73434,-111.87211,20.8,29.1,881.7,132.70,0.3
35100.0,1309.5,2.57,0.05,2.57,40.73434,-111.87211,20.7,29.5,881.8,122.85,1.6
35160.0,1309.5,2.97,0.06,2.97,40.73434,-111.87211,20.6,29.4,881.8,104.13,0.7
35220.0,1309.5,2.84,0.06,2.84,40.73434,-111.87211,20.6,29.1,881.8,118.40,0.2
35280.0,1309.5,2.59,0.06,2.59,40.73434,-111.87211,20.6,29.2,881.8,194.44,0.1
35340.0,1309.5,2.40,0.06,2.40,40.73434,-111.87211,20.6,29.5,881.8,121.81,0.7
35400.0,1309.5,2.07,0.05,2.07,40.73434,-111.87211,20.6,29.8,881.8,112.36,0.9
35460.0,1309.6,2.04,0.05,2.04,40.73434,-111.87211,20.5,29.9,881.8,144.80,1.5
35520.0,1309.8,2.26,0.06,2.26,40.73433,-111.87211,20.6,29.5,881.7,157.73,1.3
35580.0,1310.5,2.77,0.05,2.77,40.73433,-111.87211,20.6,29.5,881.8,122.65,0.9
35640.0,1310.8,2.56,0.05,2.56,40.73433,-111.87211,20.5,30.0,881.8,61.10,0.5
35700.0,1310.7,1.88,0.05,1.88,40.73433,-111.87211,20.5,29.8,881.8,49.34,0.2
35760.0,1310.4,1.91,0.05,1.91,40.73433,-111.87211,20.5,29.5,881.8,122.63,0.3
35820.0,1310.3,1.44,0.04,1.44,40.73433,-111.87211,20.5,29.7,881.8,92.45,0.3
35880.0,1310.4,1.33,0.05,1.33,40.73433,-111.87211,20.4,30.0,881.8,72.24,0.4
35940.0,1310.6,1.21,0.05,1.21,40.73433,-111.87211,20.4,29.9,881.8,102.54,0.5
36000.0,1310.4,0.88,0.06,0.88,40.73433,-111.87211,20.4,30.1,881.8,112.55,0.3
36060.0,1310.4,1.22,0.05,1.22,40.73433,-111.87211,20.4,30.1,881.8,136.85,0.8
36120.0,1310.3,1.29,0.07,1.29,40.73433,-111.87211,20.3,30.4,881.8,108.11,0.8
36180.0,1310.2,1.21,0.05,1.21,40.73434,-111.87211,20.4,30.0,881.8,113.69,0.5
36240.0,1309.8,1.66,0.05,1.66,40.73434,-111.87211,20.3,30.1,881.8,90.03,0.5
36300.0,1309.7,2.42,0.05,2.42,40.73434,-111.87211,20.3,30.3,881.8,127.14,0.4
36360.0,1309.5,2.40,0.06,2.40,40.73434,-111.87211,20.3,30.1,881.8,132.14,0.2
36420.0,1309.3,2.61,0.05,2.61,40.73434,-111.87211,20.2,30.4,881.8,290.76,0.3
36480.0,1309.3,2.51,0.05,2.51,40.73434,-111.87211,20.2,30.7,881.8,83.53,0.5
36540.0,1309.1,2.35,0.06,2.35,40.73434,-111.87211,20.1,30.6,881.8,55.43,0.3
36600.0,1308.9,2.35,0.05,2.35,40.73434,-111.87211,20.1,30.5,881.8,92.04,0.3
36660.0,1309.0,2.44,0.06,2.44,40.73434,-111.87211,20.1,30.4,881.8,124.55,0.6
36720.0,1309.1,2.91,0.05,2.91,40.73434,-111.87211,20.1,30.7,881.8,135.50,0.9
36780.0,1309.0,2.81,0.06,2.81,40.73434,-111.87211,20.1,30.9,881.8,126.16,1.0
36840.0,1309.0,2.62,0.05,2.62,40.73434,-111.87211,20.0,30.9,881.7,138.98,1.0
36900.0,1309.2,2.44,0.05,2.44,40.73434,-111.87211,19.9,31.3,881.8,118.09,1.2
36960.0,1309.0,2.39,0.06,2.39,40.73434,-111.87211,19.8,31.1,881.8,84.09,0.5
37020.0,1308.7,2.40,0.05,2.40,40.73434,-111.87211,19.8,30.9,881.7,89.25,0.2
37080.0,1308.9,2.54,0.06,2.54,40.73434,-111.87211,19.9,30.7,881.8,99.50,0.3
37140.0,1308.8,2.77,0.05,2.77,40.73434,-111.87211,19.9,30.9,881.8,117.76,0.8
