CampaignData_and_Merges/R0/CSL_MobileLab_Parked/raw/20240802/USOS-O3_MobileLabGround_20240802_R0.ict
34, 1001
Carrie Womack
NOAA Chemical Sciences Laboratory
2B Tech O3 UV Analyzer
USOS
1, 1
2024, 08, 02, 2024, 12, 21
60
Time_Start, seconds_past_midnight, Seconds from midnight UTC
1
1
-9999
O3_ppb, ppb, Ozone from 2B Tech UV Analyzer
1
SPECIAL COMMENTS:
18
PI_CONTACT_INFO: Address: 325 Broadway R/CSL7, Boulder, CO, 80305
PLATFORM: CSL Mobile Lab
LOCATION: Salt Lake City, UT
ASSOCIATED_DATA: N/A
INSTRUMENT_INFO: N/A
DATA_INFO: Units:
UNCERTAINTY: N/A
ULOD_FLAG: -7777
ULOD_VALUE: N/A
LLOD_FLAG: -8888
LLOD_VALUE: N/A
DM_CONTACT_INFO: Data Manager: Nate Howard
PROJECT_INFO: 
STIPULATIONS_ON_USE: Use of these data require prior ok from PI.
OTHER_COMMENTS: N/A
REVISION: R0
R0: Final data. RA: Preliminary Data.  For in-field use only.
Time_Start, O3_ppb
0.0,-9999.0
60.0,-9999.0
120.0,-9999.0
180.0,-9999.0
240.0,-9999.0
300.0,-9999.0
360.0,-9999.0
420.0,-9999.0
480.0,-9999.0
540.0,-9999.0
600.0,-9999.0
660.0,-9999.0
720.0,-9999.0
780.0,-9999.0
840.0,-9999.0
900.0,-9999.0
960.0,-9999.0
1020.0,71.5
1080.0,70.7
1140.0,71.0
1200.0,-9999.0
1260.0,-9999.0
1320.0,-9999.0
1380.0,-9999.0
1440.0,-9999.0
1500.0,-9999.0
1560.0,-9999.0
1620.0,-9999.0
1680.0,-9999.0
1740.0,-9999.0
1800.0,-9999.0
1860.0,-9999.0
1920.0,-9999.0
1980.0,-9999.0
2040.0,-9999.0
2100.0,-9999.0
2160.0,-9999.0
2220.0,-9999.0
2280.0,-9999.0
2340.0,-9999.0
2400.0,-9999.0
2460.0,-9999.0
2520.0,-9999.0
2580.0,-9999.0
2640.0,-9999.0
2700.0,-9999.0
2760.0,-9999.0
2820.0,-9999.0
2880.0,-9999.0
2940.0,-9999.0
3000.0,-9999.0
3060.0,-9999.0
3120.0,-9999.0
3180.0,-9999.0
3240.0,69.2
3300.0,67.9
3360.0,68.6
3420.0,67.3
3480.0,67.8
3540.0,68.4
3600.0,69.2
3660.0,69.7
3720.0,69.2
3780.0,69.5
3840.0,69.4
3900.0,69.6
3960.0,69.6
4020.0,69.2
4080.0,69.9
4140.0,70.2
4200.0,69.2
4260.0,69.4
4320.0,69.3
4380.0,67.2
4440.0,68.1
4500.0,69.2
4560.0,68.1
4620.0,68.5
4680.0,69.4
4740.0,69.4
4800.0,70.9
4860.0,70.2
4920.0,69.5
4980.0,70.4
5040.0,69.2
5100.0,69.5
5160.0,70.0
5220.0,70.0
5280.0,70.0
5340.0,69.8
5400.0,70.0
5460.0,70.1
5520.0,69.3
5580.0,69.2
5640.0,68.9
5700.0,68.3
5760.0,67.6
5820.0,67.1
5880.0,68.4
5940.0,68.4
6000.0,67.4
6060.0,65.7
6120.0,66.4
6180.0,68.3
6240.0,66.1
6300.0,67.5
6360.0,67.4
6420.0,66.7
6480.0,65.8
6540.0,64.8
6600.0,64.6
6660.0,67.6
6720.0,67.7
6780.0,66.3
6840.0,66.0
6900.0,65.8
6960.0,66.0
7020.0,66.0
7080.0,65.3
7140.0,66.1
7200.0,66.3
7260.0,66.6
7320.0,67.0
7380.0,65.7
7440.0,66.6
7500.0,66.9
7560.0,67.5
7620.0,65.8
7680.0,66.3
7740.0,68.3
7800.0,65.5
7860.0,65.7
7920.0,65.9
7980.0,64.6
8040.0,65.1
8100.0,64.1
8160.0,60.2
8220.0,61.2
8280.0,60.9
8340.0,60.3
8400.0,59.5
8460.0,60.1
8520.0,59.9
8580.0,60.0
8640.0,58.5
8700.0,58.6
8760.0,58.2
8820.0,59.3
8880.0,58.4
8940.0,57.5
9000.0,56.7
9060.0,56.2
9120.0,55.8
9180.0,55.6
9240.0,55.3
9300.0,53.0
9360.0,54.7
9420.0,54.8
9480.0,56.1
9540.0,56.3
9600.0,52.9
9660.0,50.7
9720.0,53.6
9780.0,55.0
9840.0,54.3
9900.0,53.5
9960.0,53.0
10020.0,53.4
10080.0,53.9
10140.0,53.4
10200.0,55.1
10260.0,54.2
10320.0,54.7
10380.0,56.1
10440.0,55.2
10500.0,52.7
10560.0,53.1
10620.0,52.6
10680.0,52.5
10740.0,51.7
10800.0,51.7
10860.0,52.0
10920.0,51.1
10980.0,52.5
11040.0,52.1
11100.0,52.6
11160.0,51.1
11220.0,50.7
11280.0,50.9
11340.0,52.9
11400.0,51.2
11460.0,51.6
11520.0,51.2
11580.0,53.1
11640.0,53.6
11700.0,52.7
11760.0,53.2
11820.0,52.9
11880.0,50.5
11940.0,51.8
12000.0,51.7
12060.0,54.0
12120.0,55.0
12180.0,56.5
12240.0,54.7
12300.0,56.7
12360.0,54.9
12420.0,56.1
12480.0,55.5
12540.0,55.1
12600.0,55.8
12660.0,56.5
12720.0,55.1
12780.0,57.0
12840.0,55.2
12900.0,56.3
12960.0,53.8
13020.0,55.0
13080.0,53.9
13140.0,56.4
13200.0,56.1
13260.0,57.4
13320.0,57.0
13380.0,55.5
13440.0,54.5
13500.0,55.3
13560.0,55.2
13620.0,57.1
13680.0,58.5
13740.0,59.5
13800.0,60.1
13860.0,60.8
13920.0,60.8
13980.0,59.9
14040.0,61.4
14100.0,60.3
14160.0,59.7
14220.0,60.4
14280.0,60.9
14340.0,60.8
14400.0,60.0
14460.0,61.7
14520.0,62.5
14580.0,62.3
14640.0,60.5
14700.0,61.3
14760.0,61.3
14820.0,55.8
14880.0,60.0
14940.0,60.9
15000.0,58.5
15060.0,60.1
15120.0,62.2
15180.0,62.4
15240.0,62.5
15300.0,62.2
15360.0,61.3
15420.0,59.9
15480.0,60.5
15540.0,55.2
15600.0,58.2
15660.0,60.3
15720.0,62.3
15780.0,60.0
15840.0,60.1
15900.0,60.2
15960.0,61.4
16020.0,60.9
16080.0,63.2
16140.0,61.9
16200.0,61.2
16260.0,62.2
16320.0,62.6
16380.0,62.5
16440.0,63.1
16500.0,62.5
16560.0,61.3
16620.0,60.1
16680.0,57.0
16740.0,57.2
16800.0,57.5
16860.0,57.2
16920.0,57.2
16980.0,59.0
17040.0,57.5
17100.0,55.2
17160.0,55.7
17220.0,56.5
17280.0,58.1
17340.0,54.9
17400.0,53.9
17460.0,51.4
17520.0,52.4
17580.0,50.8
17640.0,52.1
17700.0,52.8
17760.0,51.7
17820.0,48.7
17880.0,48.5
17940.0,49.7
18000.0,50.9
18060.0,51.8
18120.0,52.7
18180.0,47.3
18240.0,47.6
18300.0,48.9
18360.0,50.2
18420.0,46.4
18480.0,46.9
18540.0,46.5
18600.0,45.6
18660.0,45.1
18720.0,44.3
18780.0,42.5
18840.0,43.6
18900.0,43.3
18960.0,43.6
19020.0,42.8
19080.0,40.7
19140.0,39.6
19200.0,41.6
19260.0,42.9
19320.0,39.0
19380.0,40.2
19440.0,39.1
19500.0,38.0
19560.0,40.4
19620.0,40.9
19680.0,43.8
19740.0,41.7
19800.0,45.9
19860.0,43.2
19920.0,41.1
19980.0,42.8
20040.0,44.6
20100.0,46.0
20160.0,51.1
20220.0,52.6
20280.0,54.0
20340.0,54.2
20400.0,55.6
20460.0,55.6
20520.0,55.0
20580.0,56.9
20640.0,57.2
20700.0,57.6
20760.0,56.3
20820.0,50.0
20880.0,47.2
20940.0,46.3
21000.0,46.8
21060.0,51.3
21120.0,51.0
21180.0,51.7
21240.0,53.2
21300.0,52.0
21360.0,54.1
21420.0,54.5
21480.0,55.7
21540.0,55.9
21600.0,53.2
21660.0,52.3
21720.0,54.1
21780.0,54.7
21840.0,53.1
21900.0,54.3
21960.0,56.6
22020.0,58.4
22080.0,58.8
22140.0,60.5
22200.0,56.7
22260.0,56.9
22320.0,58.1
22380.0,59.1
22440.0,58.4
22500.0,57.9
22560.0,58.5
22620.0,54.9
22680.0,54.9
22740.0,54.0
22800.0,52.5
22860.0,49.5
22920.0,46.2
22980.0,43.4
23040.0,40.5
23100.0,41.1
23160.0,45.1
23220.0,48.1
23280.0,42.8
23340.0,47.3
23400.0,45.4
23460.0,43.9
23520.0,48.1
23580.0,54.1
23640.0,55.1
23700.0,51.4
23760.0,45.4
23820.0,45.2
23880.0,45.4
23940.0,49.2
24000.0,49.1
24060.0,49.2
24120.0,53.1
24180.0,58.8
24240.0,58.8
24300.0,60.8
24360.0,60.9
24420.0,59.9
24480.0,58.8
24540.0,61.4
24600.0,61.3
24660.0,61.2
24720.0,60.0
24780.0,57.3
24840.0,59.7
24900.0,60.1
24960.0,61.0
25020.0,56.0
25080.0,56.1
25140.0,59.0
25200.0,59.9
25260.0,58.7
25320.0,59.2
25380.0,59.1
25440.0,49.1
25500.0,45.6
25560.0,43.9
25620.0,44.5
25680.0,45.2
25740.0,43.6
25800.0,45.4
25860.0,44.5
25920.0,41.9
25980.0,41.4
26040.0,46.5
26100.0,41.1
26160.0,39.4
26220.0,39.3
26280.0,40.6
26340.0,40.8
26400.0,38.3
26460.0,39.0
26520.0,39.2
26580.0,36.4
26640.0,36.9
26700.0,36.9
26760.0,36.1
26820.0,37.0
26880.0,34.9
26940.0,37.8
27000.0,36.8
27060.0,35.3
27120.0,37.2
27180.0,37.1
27240.0,37.8
27300.0,37.4
27360.0,37.2
27420.0,35.3
27480.0,35.3
27540.0,36.4
27600.0,37.0
27660.0,42.2
27720.0,42.5
27780.0,43.4
27840.0,37.7
27900.0,36.5
27960.0,41.3
28020.0,44.1
28080.0,42.3
28140.0,41.8
28200.0,44.5
28260.0,44.4
28320.0,41.9
28380.0,43.1
28440.0,44.5
28500.0,42.5
28560.0,43.9
28620.0,43.4
28680.0,44.6
28740.0,41.8
28800.0,41.0
28860.0,41.5
28920.0,43.8
28980.0,46.5
29040.0,42.1
29100.0,40.9
29160.0,41.2
29220.0,40.3
29280.0,41.0
29340.0,40.9
29400.0,39.2
29460.0,39.3
29520.0,40.2
29580.0,38.2
29640.0,38.6
29700.0,37.5
29760.0,38.6
29820.0,36.8
29880.0,36.8
29940.0,35.8
30000.0,35.3
30060.0,36.3
30120.0,35.0
30180.0,34.8
30240.0,37.2
30300.0,38.1
30360.0,37.3
30420.0,38.7
30480.0,38.4
30540.0,37.7
30600.0,38.8
30660.0,40.4
30720.0,37.8
30780.0,39.0
30840.0,39.6
30900.0,37.3
30960.0,36.2
31020.0,36.5
31080.0,36.4
31140.0,34.9
31200.0,36.6
31260.0,36.9
31320.0,36.2
31380.0,35.0
31440.0,33.6
31500.0,33.8
31560.0,34.9
31620.0,34.1
31680.0,33.2
31740.0,31.9
31800.0,33.7
31860.0,34.6
31920.0,35.4
31980.0,33.0
32040.0,32.7
32100.0,32.1
32160.0,32.6
32220.0,33.1
32280.0,31.1
32340.0,34.8
32400.0,33.6
32460.0,33.8
32520.0,35.3
32580.0,34.4
32640.0,32.7
32700.0,35.2
32760.0,34.4
32820.0,33.7
32880.0,32.5
32940.0,33.9
33000.0,34.6
33060.0,34.9
33120.0,33.9
33180.0,32.6
33240.0,32.4
33300.0,32.1
33360.0,33.2
33420.0,23.6
33480.0,24.1
33540.0,32.0
33600.0,33.2
33660.0,33.3
33720.0,34.0
33780.0,34.3
33840.0,33.2
33900.0,31.2
33960.0,34.0
34020.0,33.9
34080.0,33.9
34140.0,33.4
34200.0,33.5
34260.0,34.0
34320.0,34.0
34380.0,36.1
34440.0,35.0
34500.0,33.2
34560.0,32.0
34620.0,31.8
34680.0,31.2
34740.0,29.4
34800.0,29.1
34860.0,30.3
34920.0,31.1
34980.0,30.7
35040.0,31.4
35100.0,30.2
35160.0,31.5
35220.0,31.8
35280.0,31.3
35340.0,32.5
35400.0,30.0
35460.0,29.6
35520.0,32.4
35580.0,39.2
35640.0,31.7
35700.0,30.0
35760.0,31.3
35820.0,29.6
35880.0,28.5
35940.0,28.9
36000.0,28.3
36060.0,28.4
36120.0,28.9
36180.0,29.0
36240.0,30.1
36300.0,29.5
36360.0,29.9
36420.0,28.0
36480.0,27.5
36540.0,29.2
36600.0,27.7
36660.0,29.4
36720.0,29.2
36780.0,28.1
36840.0,29.0
36900.0,29.8
36960.0,30.4
37020.0,30.6
37080.0,30.7
37140.0,30.4
37200.0,31.3
37260.0,30.3
37320.0,30.6
37380.0,30.5
37440.0,30.8
37500.0,30.0
37560.0,27.8
37620.0,30.2
37680.0,30.0
37740.0,29.0
37800.0,28.1
37860.0,30.3
37920.0,31.6
37980.0,30.7
38040.0,30.9
38100.0,30.8
38160.0,29.9
38220.0,30.4
38280.0,30.7
38340.0,30.7
38400.0,31.9
38460.0,31.8
38520.0,30.0
38580.0,31.8
38640.0,29.7
38700.0,26.8
38760.0,26.2
38820.0,25.8
38880.0,26.0
38940.0,25.6
39000.0,25.6
39060.0,26.3
39120.0,26.3
39180.0,25.4
39240.0,25.5
39300.0,26.8
39360.0,29.2
39420.0,27.3
39480.0,28.1
39540.0,28.1
39600.0,28.5
39660.0,29.6
39720.0,33.1
39780.0,33.6
39840.0,32.4
39900.0,41.5
39960.0,44.7
40020.0,49.6
40080.0,47.4
40140.0,49.0
40200.0,49.1
40260.0,47.8
40320.0,49.3
40380.0,48.2
40440.0,47.9
40500.0,48.2
40560.0,43.8
40620.0,40.8
40680.0,38.9
40740.0,38.3
40800.0,38.1
40860.0,37.3
40920.0,36.7
40980.0,35.5
41040.0,36.0
41100.0,36.5
41160.0,37.3
41220.0,39.4
41280.0,36.0
41340.0,38.2
41400.0,37.9
41460.0,31.1
41520.0,32.1
41580.0,28.6
41640.0,34.2
41700.0,32.8
41760.0,30.2
41820.0,32.2
41880.0,32.8
41940.0,37.0
42000.0,35.5
42060.0,35.0
42120.0,29.4
42180.0,34.9
42240.0,35.3
42300.0,36.1
42360.0,37.4
42420.0,35.2
42480.0,35.7
42540.0,35.8
42600.0,34.8
42660.0,34.3
42720.0,33.8
42780.0,34.2
42840.0,34.2
42900.0,33.7
42960.0,31.8
43020.0,29.4
43080.0,31.0
43140.0,32.7
43200.0,29.3
43260.0,34.2
43320.0,30.6
43380.0,31.5
43440.0,29.7
43500.0,28.5
43560.0,30.3
43620.0,28.6
43680.0,28.2
43740.0,27.8
43800.0,31.3
43860.0,38.6
43920.0,51.1
43980.0,53.2
44040.0,50.8
44100.0,44.9
44160.0,36.2
44220.0,43.5
44280.0,40.7
44340.0,45.8
44400.0,45.0
44460.0,41.5
44520.0,40.1
44580.0,37.4
44640.0,34.9
44700.0,38.4
44760.0,35.2
44820.0,37.1
44880.0,36.1
44940.0,37.7
45000.0,32.0
45060.0,33.3
45120.0,34.0
45180.0,35.7
45240.0,36.8
45300.0,37.0
45360.0,36.9
45420.0,33.6
45480.0,34.5
45540.0,32.9
45600.0,32.2
45660.0,34.1
45720.0,34.0
45780.0,35.3
45840.0,33.9
45900.0,33.9
45960.0,34.0
46020.0,34.8
46080.0,34.2
46140.0,34.9
46200.0,34.2
46260.0,32.1
46320.0,30.6
46380.0,27.9
46440.0,26.9
46500.0,30.6
46560.0,30.6
46620.0,31.0
46680.0,28.3
46740.0,27.8
46800.0,29.7
46860.0,27.8
46920.0,28.9
46980.0,29.1
47040.0,29.3
47100.0,28.6
47160.0,28.7
47220.0,29.0
47280.0,29.3
47340.0,23.8
47400.0,20.8
47460.0,18.3
47520.0,23.4
47580.0,24.8
47640.0,24.6
47700.0,24.3
47760.0,28.8
47820.0,26.7
47880.0,25.3
47940.0,25.7
48000.0,26.6
48060.0,22.8
48120.0,24.9
48180.0,26.6
48240.0,27.0
48300.0,28.4
48360.0,28.5
48420.0,28.0
48480.0,27.5
48540.0,30.1
48600.0,28.2
48660.0,28.2
48720.0,30.2
48780.0,31.9
48840.0,30.4
48900.0,25.1
48960.0,21.7
49020.0,23.8
49080.0,23.5
49140.0,23.3
49200.0,22.5
49260.0,22.2
49320.0,25.5
49380.0,23.5
49440.0,23.9
49500.0,27.7
49560.0,28.5
49620.0,27.4
49680.0,26.0
49740.0,28.3
49800.0,29.1
49860.0,28.3
49920.0,30.1
49980.0,27.8
50040.0,28.7
50100.0,27.1
50160.0,26.9
50220.0,27.9
50280.0,27.6
50340.0,29.5
50400.0,27.6
50460.0,27.7
50520.0,24.1
50580.0,26.3
50640.0,27.5
50700.0,26.0
50760.0,25.4
50820.0,25.3
50880.0,28.4
50940.0,27.3
51000.0,27.2
51060.0,26.5
51120.0,30.2
51180.0,26.1
51240.0,24.0
51300.0,25.0
51360.0,27.9
51420.0,27.6
51480.0,30.0
51540.0,31.2
51600.0,31.3
51660.0,30.1
51720.0,28.2
51780.0,35.6
51840.0,33.0
51900.0,31.8
51960.0,30.0
52020.0,30.2
52080.0,29.1
52140.0,28.5
52200.0,28.8
52260.0,27.0
52320.0,27.8
52380.0,27.0
52440.0,27.1
52500.0,26.0
52560.0,25.6
52620.0,25.5
52680.0,25.1
52740.0,25.4
52800.0,27.5
52860.0,25.7
52920.0,26.3
52980.0,26.5
53040.0,28.7
53100.0,29.3
53160.0,28.0
53220.0,29.0
53280.0,29.4
53340.0,29.8
53400.0,29.9
53460.0,29.2
53520.0,29.6
53580.0,29.3
53640.0,28.2
53700.0,30.0
53760.0,29.3
53820.0,29.5
53880.0,32.1
53940.0,31.3
54000.0,31.7
54060.0,34.2
54120.0,33.7
54180.0,34.5
54240.0,34.9
54300.0,35.7
54360.0,36.5
54420.0,35.7
54480.0,36.4
54540.0,36.9
54600.0,36.5
54660.0,39.1
54720.0,38.8
54780.0,37.1
54840.0,35.1
54900.0,33.6
54960.0,32.0
55020.0,33.6
55080.0,35.0
55140.0,35.1
55200.0,36.7
55260.0,37.9
55320.0,33.7
55380.0,34.5
55440.0,33.8
55500.0,32.1
55560.0,33.5
55620.0,34.3
55680.0,35.0
55740.0,36.7
55800.0,39.1
55860.0,39.5
55920.0,41.6
55980.0,40.6
56040.0,40.7
56100.0,38.9
56160.0,41.7
56220.0,41.4
56280.0,41.8
56340.0,41.3
56400.0,41.2
56460.0,40.5
56520.0,42.4
56580.0,43.1
56640.0,43.8
56700.0,42.8
56760.0,42.6
56820.0,43.6
56880.0,44.1
56940.0,44.1
57000.0,45.0
57060.0,44.7
57120.0,45.9
57180.0,46.0
57240.0,47.5
57300.0,45.8
57360.0,44.4
57420.0,48.5
57480.0,47.4
57540.0,44.9
57600.0,45.3
57660.0,46.5
57720.0,45.4
57780.0,44.9
57840.0,43.0
57900.0,43.5
57960.0,43.1
58020.0,45.0
58080.0,46.9
58140.0,47.4
58200.0,49.2
58260.0,49.6
58320.0,48.3
58380.0,50.0
58440.0,50.0
58500.0,47.7
58560.0,49.3
58620.0,48.8
58680.0,47.8
58740.0,46.5
58800.0,48.0
58860.0,48.4
58920.0,49.0
58980.0,48.9
59040.0,47.6
59100.0,49.0
59160.0,46.8
59220.0,48.3
59280.0,50.7
59340.0,51.9
59400.0,51.2
59460.0,52.0
59520.0,51.2
59580.0,51.3
59640.0,51.4
59700.0,50.5
59760.0,51.2
59820.0,52.1
59880.0,53.3
59940.0,51.9
60000.0,50.2
60060.0,50.4
60120.0,50.3
60180.0,51.2
60240.0,51.4
60300.0,52.9
60360.0,54.5
60420.0,53.8
60480.0,53.3
60540.0,53.1
60600.0,53.0
60660.0,53.2
60720.0,53.5
60780.0,54.3
60840.0,55.4
60900.0,54.8
60960.0,54.9
61020.0,54.8
61080.0,55.5
61140.0,55.1
61200.0,55.2
61260.0,56.8
61320.0,61.4
61380.0,60.7
61440.0,62.8
61500.0,63.6
61560.0,63.8
61620.0,64.2
61680.0,65.7
61740.0,64.5
61800.0,65.2
61860.0,66.2
61920.0,66.2
61980.0,66.8
62040.0,66.7
62100.0,65.8
62160.0,66.4
62220.0,71.1
62280.0,70.8
62340.0,69.7
62400.0,66.5
62460.0,65.1
62520.0,63.5
62580.0,64.2
62640.0,67.5
62700.0,66.7
62760.0,70.5
62820.0,70.1
62880.0,71.5
62940.0,73.8
63000.0,73.2
63060.0,71.9
63120.0,74.4
63180.0,75.2
63240.0,75.2
63300.0,73.4
63360.0,73.7
63420.0,72.0
63480.0,73.3
63540.0,74.8
63600.0,78.1
63660.0,83.7
63720.0,86.4
63780.0,84.5
63840.0,84.1
63900.0,85.4
63960.0,86.5
64020.0,83.4
64080.0,79.4
64140.0,83.2
64200.0,86.5
64260.0,90.8
64320.0,93.9
64380.0,93.6
64440.0,96.2
64500.0,94.3
64560.0,94.1
64620.0,95.7
64680.0,97.3
64740.0,97.4
64800.0,97.1
64860.0,95.4
64920.0,87.0
64980.0,95.7
65040.0,97.6
65100.0,96.2
65160.0,99.2
65220.0,99.1
65280.0,97.8
65340.0,97.4
65400.0,97.3
65460.0,96.2
65520.0,96.9
65580.0,95.8
65640.0,96.6
65700.0,94.6
65760.0,90.6
65820.0,89.2
65880.0,88.9
65940.0,89.6
66000.0,88.7
66060.0,89.1
66120.0,87.6
66180.0,88.9
66240.0,88.8
66300.0,88.6
66360.0,88.1
66420.0,87.6
66480.0,86.3
66540.0,84.3
66600.0,85.3
66660.0,86.5
66720.0,87.5
66780.0,88.2
66840.0,86.9
66900.0,86.3
66960.0,88.0
67020.0,86.6
67080.0,84.5
67140.0,86.9
67200.0,86.3
67260.0,84.2
67320.0,84.4
67380.0,88.7
67440.0,90.1
67500.0,89.4
67560.0,88.2
67620.0,86.4
67680.0,84.1
67740.0,83.4
67800.0,83.3
67860.0,83.6
67920.0,82.7
67980.0,83.3
68040.0,83.8
68100.0,83.7
68160.0,84.6
68220.0,84.6
68280.0,84.5
68340.0,84.7
68400.0,85.8
68460.0,84.3
68520.0,83.2
68580.0,80.6
68640.0,79.7
68700.0,79.6
68760.0,77.0
68820.0,77.2
68880.0,77.0
68940.0,76.1
69000.0,75.5
69060.0,75.1
69120.0,75.1
69180.0,74.7
69240.0,72.8
69300.0,72.5
69360.0,71.9
69420.0,73.1
69480.0,72.9
69540.0,73.4
69600.0,73.1
69660.0,73.8
69720.0,75.0
69780.0,75.2
69840.0,75.9
69900.0,76.0
69960.0,75.1
70020.0,73.7
70080.0,74.3
70140.0,70.8
70200.0,73.1
70260.0,75.9
70320.0,76.8
70380.0,76.7
70440.0,76.8
70500.0,74.1
70560.0,72.8
70620.0,75.3
70680.0,75.7
70740.0,76.2
70800.0,74.5
70860.0,74.8
70920.0,75.7
70980.0,75.1
71040.0,78.9
71100.0,77.9
71160.0,79.7
71220.0,82.1
71280.0,82.8
71340.0,83.3
71400.0,80.7
71460.0,80.3
71520.0,80.3
71580.0,82.7
71640.0,81.9
71700.0,81.2
71760.0,79.1
71820.0,78.7
71880.0,79.4
71940.0,81.1
72000.0,79.7
72060.0,82.2
72120.0,83.4
72180.0,83.8
72240.0,84.0
72300.0,83.4
72360.0,82.5
72420.0,81.6
72480.0,85.3
72540.0,85.4
72600.0,87.0
72660.0,86.2
72720.0,86.7
72780.0,84.2
72840.0,84.1
72900.0,87.2
72960.0,86.1
73020.0,86.3
73080.0,87.9
73140.0,86.9
73200.0,86.4
73260.0,87.3
73320.0,85.6
73380.0,84.6
73440.0,86.4
73500.0,86.2
73560.0,83.7
73620.0,85.1
73680.0,85.8
73740.0,85.9
73800.0,84.8
73860.0,82.9
73920.0,84.5
73980.0,83.9
74040.0,83.3
74100.0,83.1
74160.0,82.0
74220.0,82.7
74280.0,82.1
74340.0,81.7
74400.0,83.2
74460.0,82.9
74520.0,81.6
74580.0,81.5
74640.0,81.1
74700.0,79.8
74760.0,79.7
74820.0,82.4
74880.0,82.1
74940.0,81.4
75000.0,80.6
75060.0,81.0
75120.0,81.9
75180.0,80.8
75240.0,80.0
75300.0,82.2
75360.0,82.3
75420.0,82.3
75480.0,83.0
75540.0,81.4
75600.0,83.0
75660.0,81.1
75720.0,80.3
75780.0,81.7
75840.0,81.0
75900.0,79.6
75960.0,81.3
76020.0,81.5
76080.0,80.6
76140.0,81.1
76200.0,79.7
76260.0,76.5
76320.0,81.2
76380.0,80.2
76440.0,79.0
76500.0,77.5
76560.0,77.3
76620.0,77.1
76680.0,77.4
76740.0,78.1
76800.0,80.8
76860.0,82.1
76920.0,82.4
76980.0,81.4
77040.0,82.4
77100.0,83.0
77160.0,81.9
77220.0,79.9
77280.0,80.3
77340.0,81.5
77400.0,79.5
77460.0,80.9
77520.0,80.3
77580.0,79.2
77640.0,79.1
77700.0,80.2
77760.0,81.7
77820.0,81.3
77880.0,79.6
77940.0,79.0
78000.0,80.1
78060.0,81.4
78120.0,80.7
78180.0,79.8
78240.0,79.7
78300.0,80.0
78360.0,81.4
78420.0,81.5
78480.0,81.6
78540.0,82.4
78600.0,82.4
78660.0,81.7
78720.0,81.0
78780.0,80.0
78840.0,80.8
78900.0,81.1
78960.0,80.9
79020.0,80.2
79080.0,79.0
79140.0,78.2
79200.0,76.7
79260.0,76.8
79320.0,77.3
79380.0,76.2
79440.0,78.2
79500.0,80.0
79560.0,80.6
79620.0,81.4
79680.0,80.7
79740.0,81.6
79800.0,81.6
79860.0,80.1
79920.0,79.9
79980.0,79.0
80040.0,78.6
80100.0,78.3
80160.0,78.4
80220.0,76.7
80280.0,77.2
80340.0,77.5
80400.0,77.5
80460.0,76.7
80520.0,77.9
80580.0,79.1
80640.0,78.3
80700.0,80.5
80760.0,79.3
80820.0,78.8
80880.0,78.8
80940.0,82.4
81000.0,82.0
81060.0,82.4
81120.0,81.3
81180.0,79.4
81240.0,79.8
81300.0,80.6
81360.0,79.7
81420.0,81.9
81480.0,80.4
81540.0,80.6
81600.0,80.2
81660.0,81.6
81720.0,79.9
81780.0,81.5
81840.0,82.3
81900.0,79.7
81960.0,79.6
82020.0,79.3
82080.0,80.6
82140.0,79.9
82200.0,80.0
82260.0,79.0
82320.0,79.3
82380.0,79.0
82440.0,79.8
82500.0,81.5
82560.0,79.9
82620.0,79.4
82680.0,76.1
82740.0,77.6
82800.0,79.1
82860.0,78.6
82920.0,77.1
82980.0,76.9
83040.0,77.6
83100.0,77.8
83160.0,77.2
83220.0,76.8
83280.0,77.6
83340.0,78.5
83400.0,78.3
83460.0,78.2
83520.0,77.3
83580.0,76.9
83640.0,78.8
83700.0,78.5
83760.0,79.3
83820.0,77.8
83880.0,77.6
83940.0,78.4
84000.0,77.5
84060.0,77.0
84120.0,74.2
84180.0,74.8
84240.0,76.2
84300.0,77.7
84360.0,78.8
84420.0,79.2
84480.0,79.6
84540.0,78.2
84600.0,78.4
84660.0,77.7
84720.0,79.6
84780.0,79.6
84840.0,78.2
84900.0,77.6
84960.0,78.1
85020.0,76.5
85080.0,77.4
85140.0,78.9
85200.0,77.3
85260.0,76.5
85320.0,76.8
85380.0,77.7
85440.0,76.0
85500.0,75.7
85560.0,75.0
85620.0,75.5
85680.0,74.8
85740.0,76.3
85800.0,76.8
85860.0,77.2
85920.0,78.4
85980.0,78.5
86040.0,76.9
86100.0,77.7
86160.0,76.0
86220.0,75.7
86280.0,75.3
86340.0,76.0
