CampaignData_and_Merges/R0/CSL_MobileLab_Parked/raw/20240802/USOS-NOAAIodideCIMS-OrgNitrs_MobileLabGround_20240802_RA.ict
37, 1001
Michael A Robinson, Chris Jernigan, Subi Thakali
NOAA ESRL Chemical Sciences Laboratory and CIRES, U. of Colorado
NOAA Iodide CIMS Instrument
USOS
1, 1
2024, 08, 02, 2024, 08, 03
1
starttime_UTC, seconds_past_midnight, seconds_of_day_since_00:00:00_UTC
5
1, 1, 1, 1, 1
-9999, -9999, -9999, -9999, -9999
C4H7NO5_NOAACIMS, pptv, Gas_C4H7NO5_InSitu_S_AVMR, 
ISOPN_NOAACIMS, pptv, Gas_ISOPN_InSitu_S_AVMR, 
C5H10O3_NOAACIMS, pptv, Gas_C5H10O3_InSitu_S_AVMR, 
C5H9NO5_NOAACIMS, pptv, Gas_C5H9NO5_InSitu_S_AVMR, 
C10H17NO4_NOAACIMS, pptv, Gas_C10H17NO4_InSitu_S_AVMR, 
0
18
PI_CONTACT_INFO: 325 Broadway, R/CSD 7, Boulder, Colorado 80305; michael.a.robinson@noaa.gov; chris.jernigan@noaa.gov;
PLATFORM: NOAA CSL Mobile Lab
LOCATION: SLC, Utah
ASSOCIATED_DATA: 1Hz data also available on request.
INSTRUMENT_INFO: NOAA I- ToF CIMS
DATA_INFO: All data in parts per trillion by volume (pptv). 1 Hz data is available upon request.
UNCERTAINTY: TBD
ULOD_FLAG: -7777
ULOD_VALUE: N/A
LLOD_FLAG: -8888
LLOD_VALUE: N/A
DM_CONTACT_INFO: Nathan Howard; nathan.h.howard@noaa.gov
PROJECT_INFO: USOS, summer 2024. https://csl.noaa.gov/groups/csl7/measurements/2024usos/
STIPULATIONS_ON_USE: Users are strongly encouraged to contact the PI for proper data usage.
OTHER_COMMENTS: 
REVISION: RA
RA: Preliminary Data; For in-field use only
starttime_UTC, C4H7NO5_NOAACIMS, ISOPN_NOAACIMS, C5H10O3_NOAACIMS, C5H9NO5_NOAACIMS, C10H17NO4_NOAACIMS
[from data line 1309]
 78540, 11.042, 17.244, 163.829,  6.054,  0.688
 78600, 10.814, 17.412, 174.088,  5.758,  0.649
 78660, 10.865, 17.139, 175.018,  5.582,  0.616
 78720, 11.151, 18.042, 184.621,  5.641,  0.569
 78780, 11.189, 18.272, 178.675,  5.604,  0.577
 78840, 11.809, 19.588, 190.892,  5.952,  0.612
 78900, 11.598, 18.649, 175.010,  5.399,  0.515
 78960, 11.659, 17.993, 174.984,  6.042,  0.692
 79020, 10.980, 17.182, 167.694,  5.309,  0.514
 79080,  9.835, 17.988, 174.782,  4.978,  0.621
 79140,  9.337, 16.265, 171.263,  4.838,  0.459
 79200,  9.147, 15.692, 173.549,  5.204,  0.423
 79260,  8.985, 15.136, 167.313,  4.424,  0.392
 79320,  9.049, 15.659, 181.160,  4.716,  0.426
 79380,  9.150, 16.144, 175.295,  4.882,  0.297
 79440,  9.480, 17.208, 182.588,  4.588,  0.369
 79500,  9.743, 16.938, 184.217,  4.491,  0.366
 79560, 10.387, 15.737, 187.438,  4.688,  0.401
 79620, 10.202, 16.224, 189.133,  4.838,  0.371
 79680, 10.481, 16.793, 186.013,  4.777,  0.378
 79740, 10.335, 17.758, 196.625,  4.520,  0.520
 79800, 10.577, 16.321, 196.284,  4.918,  0.463
 79860, 10.442, 16.438, 191.283,  4.871,  0.452
 79920, 10.183, 16.529, 188.912,  4.956,  0.317
 79980,  9.939, 15.859, 185.561,  4.758,  0.322
 80040,  9.982, 15.096, 177.185,  4.669,  0.427
 80100, 10.047, 16.166, 183.607,  4.714,  0.336
 80160,  9.887, 16.169, 182.710,  4.634,  0.328
 80220,  9.666, 15.738, 179.408,  4.816,  0.172
 80280,  9.379, 15.640, 175.517,  4.820,  0.417
 80340, -9999.000, -9999.000, -9999.000, -9999.000, -9999.000
 80400,  8.912, 14.086, 145.838,  5.108,  0.263
 80460,  9.299, 14.504, 158.029,  4.512,  0.209
 80520,  9.476, 15.499, 166.226,  4.428,  0.204
 80580,  9.629, 14.853, 166.824,  4.535,  0.263
 80640,  9.808, 15.416, 171.164,  4.422,  0.382
 80700,  9.952, 14.611, 175.314,  4.842,  0.397
 80760, 10.080, 14.186, 169.377,  4.920,  0.411
 80820, 10.322, 15.121, 175.125,  4.623,  0.359
 80880, 10.504, 15.057, 171.831,  4.722,  0.354
 80940, 11.059, 15.284, 187.450,  4.803,  0.389
 81000, 10.982, 14.651, 185.470,  5.094,  0.467
 81060, 10.749, 14.782, 184.960,  5.081,  0.491
 81120, 10.668, 15.361, 181.400,  4.700,  0.367
 81180, 10.506, 15.920, 182.112,  4.694,  0.400
 81240, 10.635, 15.218, 181.858,  4.461,  0.470
 81300, 10.547, 16.417, 185.574,  4.797,  0.392
 81360, 10.617, 14.746, 188.796,  4.425,  0.585
 81420, 10.929, 15.784, 191.219,  4.752,  0.382
 81480, 10.785, 15.738, 188.476,  4.440,  0.505
 81540, 10.689, 15.539, 184.345,  4.790,  0.521
 81600, 10.940, 15.036, 179.048,  4.684,  0.443
 81660, 11.157, 15.808, 183.926,  4.679,  0.431
 81720, 11.063, 15.735, 179.196,  4.882,  0.527
 81780, 11.134, 16.125, 180.652,  4.733,  0.461
 81840, 11.165, 16.826, 182.605,  4.605,  0.618
 81900, 10.918, 16.137, 181.928,  4.441,  0.459
 81960, 10.417, 15.363, 174.724,  4.695,  0.487
 82020, 10.362, 14.903, 175.406,  4.419,  0.462
 82080, 10.611, 14.585, 176.251,  4.653,  0.463
 82140, 10.369, 14.704, 175.840,  4.822,  0.431
 82200, 10.284, 13.873, 147.939,  5.419,  0.509
 82260, 10.034, 15.498, 161.528,  4.811,  0.530
 82320,  9.550, 15.428, 164.188,  4.383,  0.425
 82380,  9.523, 14.944, 169.750,  4.434,  0.402
 82440, 10.181, 15.513, 179.167,  4.453,  0.478
 82500, 10.150, 14.100, 178.782,  4.359,  0.096
 82560, 10.385, 15.473, 194.287,  4.834,  0.511
 82620,  9.917, 16.138, 180.656,  4.587,  0.552
 82680,  9.712, 14.877, 168.107,  4.521,  0.457
 82740,  9.641, 16.279, 174.007,  4.286,  0.448
 82800,  9.748, 15.572, 171.427,  4.616,  0.452
 82860,  9.778, 15.508, 177.375,  4.194,  0.355
 82920,  9.915, 15.964, 180.844,  4.622,  0.513
 82980,  9.812, 15.573, 180.957,  4.211,  0.486
 83040,  9.703, 15.420, 176.648,  4.643,  0.389
 83100,  9.737, 16.552, 177.394,  4.389,  0.399
 83160,  9.718, 15.333, 173.954,  4.605,  0.339
 83220,  9.962, 16.159, 179.716,  4.628,  0.327
 83280,  9.990, 15.552, 175.968,  4.692,  0.435
 83340, 10.091, 16.379, 182.015,  4.829,  0.344
 83400, 10.075, 15.492, 180.315,  4.703,  0.379
 83460, 10.020, 15.834, 178.563,  4.650,  0.341
 83520,  9.576, 14.538, 162.221,  4.264,  0.225
 83580,  9.835, 15.528, 166.655,  4.501,  0.279
 83640, 10.193, 16.289, 188.239,  5.372,  0.232
 83700, 10.187, 16.422, 179.907,  5.076,  0.270
 83760, 10.217, 17.147, 186.600,  5.230,  0.388
 83820,  9.964, 16.374, 172.763,  5.391,  0.445
 83880, 10.155, 16.495, 174.523,  4.937,  0.369
 83940, 10.116, 15.917, 171.068,  5.249,  0.296
 84000, 10.179, 16.512, 178.422,  5.296,  0.654
 84060,  9.057, 15.805, 121.866,  5.423,  0.319
 84120,  9.524, 15.337, 132.043,  5.304,  0.278
 84180,  9.830, 16.078, 140.950,  5.085,  0.360
 84240, 10.055, 16.413, 156.639,  5.415,  0.394
 84300, 10.393, 16.135, 160.959,  5.537,  0.318
 84360, 10.586, 16.848, 172.530,  5.399,  0.344
 84420, 10.742, 16.969, 175.827,  5.405,  0.247
 84480, 10.752, 16.441, 184.286,  5.323,  0.386
 84540, 10.225, 15.710, 173.618,  4.914,  0.285
 84600,  9.971, 16.156, 172.261,  4.841,  0.363
 84660, 10.349, 15.568, 168.455,  4.903,  0.289
 84720, 10.374, 15.413, 178.091,  5.105,  0.179
 84780, 10.328, 15.027, 176.140,  5.019,  0.293
 84840, 10.199, 15.526, 175.724,  5.143,  0.269
 84900,  9.272, 14.426, 159.600,  4.680,  0.300
 84960,  8.886, 14.742, 157.863,  4.765,  0.386
 85020,  8.709, 14.098, 146.869,  4.724,  0.367
 85080,  8.705, 13.659, 148.030,  4.553,  0.177
 85140,  8.976, 13.845, 150.127,  4.410,  0.288
 85200,  8.514, 13.809, 146.266,  4.568,  0.258
 85260,  8.805, 13.741, 149.036,  4.515,  0.126
 85320,  9.016, 14.125, 154.229,  4.571,  0.199
 85380,  8.952, 14.516, 158.479,  4.563, -0.024
 85440,  8.961, 14.440, 152.230,  4.602,  0.346
 85500,  8.897, 13.990, 151.781,  4.520,  0.250
 85560,  8.916, 14.707, 152.437,  4.442,  0.297
 85620,  9.039, 14.689, 156.470,  4.757,  0.332
 85680,  9.085, 14.776, 152.540,  4.522,  0.260
 85740,  9.215, 14.796, 156.022,  4.622,  0.370
 85800,  9.461, 14.558, 158.226,  4.612,  0.225
 85860,  9.800, 15.196, 168.288,  4.147,  0.359
 85920,  9.806, 14.579, 159.369,  4.992,  0.123
 85980,  9.731, 14.699, 165.622,  4.527,  0.333
 86040,  9.771, 14.578, 170.992,  4.913,  0.293
 86100,  9.535, 15.172, 165.271,  4.707,  0.240
 86160,  9.495, 14.861, 163.311,  4.764,  0.371
 86220,  9.410, 15.256, 162.365,  4.812,  0.313
 86280,  9.391, 14.493, 160.320,  4.528,  0.296
 86340,  9.736, 15.464, 167.297,  4.785,  0.204
