CampaignData_and_Merges/R0/CSL_MobileLab_Parked/raw/20240802/USOS-POPS_MobileLabGround_20240802_R0.ict
78, 1001
Thornberry, T. D.
NOAA Chemical Sciences Laboratory
Portable Optical Particle Spectrometer (POPS)
USOS
1, 1
2024, 08, 02, 2025, 05, 08
60
Time_Start, seconds_past_midnight, Start time of measurement
45
1, 1, 1, 1, 1, 1, 1, 1, 1, 1, 1, 1, 1, 1, 1, 1, 1, 1, 1, 1, 1, 1, 1, 1, 1, 1, 1, 1, 1, 1, 1, 1, 1, 1, 1, 1, 1, 1, 1, 1, 1, 1, 1, 1, 1
-9999, -9999, -9999, -9999, -9999, -9999, -9999, -9999, -9999, -9999, -9999, -9999, -9999, -9999, -9999, -9999, -9999, -9999, -9999, -9999, -9999, -9999, -9999, -9999, -9999, -9999, -9999, -9999, -9999, -9999, -9999, -9999, -9999, -9999, -9999, -9999, -9999, -9999, -9999, -9999, -9999, -9999, -9999, -9999, -9999
Time_Stop, seconds_past_midnight, Stop time of measurement
Time_Mid, seconds_past_midnight, Mid time of measurement
Press_mb, mb, Pressure reported (mb)
Temp_C, degrees C, POPS temperature measurement
Aerosol_concentration, cm^-3, Aerosol concentration
Surface_Area_Conc, um^2 cm^-3, Surface area concentration
Volume_density, um^3 cm^-3, Volume density
Effective_radius, um, Effective radius
Extinction, km^-1, Extinction
Bin01, cm^-3, particle concentration in size range [1401 - 146.3 nm]
Bin02, cm^-3, particle concentration in size range [146.3 - 152.8 nm]
Bin03, cm^-3, particle concentration in size range [152.8 - 159.6 nm]
Bin04, cm^-3, particle concentration in size range [159.6 - 166.8 nm]
Bin05, cm^-3, particle concentration in size range [166.8 - 174.2 nm]
Bin06, cm^-3, particle concentration in size range [174.2 - 181.9 nm]
Bin07, cm^-3, particle concentration in size range [181.9 - 190.0 nm]
Bin08, cm^-3, particle concentration in size range [190.0 - 198.5 nm]
Bin09, cm^-3, particle concentration in size range [198.5 - 207.4 nm]
Bin10, cm^-3, particle concentration in size range [207.4 - 216.6 nm]
Bin11, cm^-3, particle concentration in size range [216.6 - 226.2 nm]
Bin12, cm^-3, particle concentration in size range [226.2 - 236.3 nm]
Bin13, cm^-3, particle concentration in size range [236.3 - 246.8 nm]
Bin14, cm^-3, particle concentration in size range [246.8 - 257.8 nm]
Bin15, cm^-3, particle concentration in size range [257.8 - 269.3 nm]
Bin16, cm^-3, particle concentration in size range [269.3 - 343.4 nm]
Bin17, cm^-3, particle concentration in size range [343.4 - 450.7 nm]
Bin18, cm^-3, particle concentration in size range [450.7 - 525.9 nm]
Bin19, cm^-3, particle concentration in size range [525.9 - 618.5 nm]
Bin20, cm^-3, particle concentration in size range [618.5 - 710.0 nm]
Bin21, cm^-3, particle concentration in size range [710.0 - 822.7 nm]
Bin22, cm^-3, particle concentration in size range [822.7 - 885.9 nm]
Bin23, cm^-3, particle concentration in size range [885.9 - 953.9 nm]
Bin24, cm^-3, particle concentration in size range [953.9 - 1027.2 nm]
Bin25, cm^-3, particle concentration in size range [1027.2 - 1106.1 nm]
Bin26, cm^-3, particle concentration in size range [1106.1 - 1191.0 nm]
Bin27, cm^-3, particle concentration in size range [1191.0 - 1282.5 nm]
Bin28, cm^-3, particle concentration in size range [1282.5 - 1381.0 nm]
Bin29, cm^-3, particle concentration in size range [1381.0 - 1487.1 nm]
Bin30, cm^-3, particle concentration in size range [1487.1 - 1601.3 nm]
Bin31, cm^-3, particle concentration in size range [1601.3 - 1724.3 nm]
[...]
PLATFORM: NOAA CSL Mobile Lab
LOCATION: USOS
ASSOCIATED_DATA: N/A
INSTRUMENT_INFO: Printed Optical Particle Spectrometer counts particles from 140 - 2500 nm in diameter 
DATA_INFO: Particle concentrations reported in number per cubic centimeter,1 Hz data
UNCERTAINTY: Counting uncertainty dominated by air flow, less than 5 percent. Measurement range is ~0 - 3000 per cm3 (varies depending on flow rate- manufacturer quotes 1250 per cm3 at 1.667 cc/s)
ULOD_FLAG: -7777
ULOD_VALUE: N/A
LLOD_FLAG: -8888
LLOD_VALUE: N/A
DM_CONTACT_INFO: Troy Thornberry, 325 Broadway R/CSL6, Boulder, CO 80305; troy.thornberry@noaa.gov; 303-497-3373
PROJECT_INFO: USOS, Utah POPS data from NOAA CSL Mobile Lab
STIPULATIONS_ON_USE: Please contact the PIs for questions regarding applications and uncertainties
OTHER_COMMENTS: POPS bin Edges (nm):  140.1, 146.3, 152.8, 159.6, 166.8, 174.2, 181.9, 190.0, 198.5, 207.4, 216.6, 226.2, 236.3, 246.8, 257.8, 269.3, 343.4, 450.7, 525.9, 618.5, 710.0, 822.7, 885.9, 953.9, 1027.2, 1106.1, 1191.0, 1282.5, 1381.0, 1487.1, 1601.3, 1724.3, 1856.7, 1999.3, 2152.8, 2318.2, 2496.2
Calculations assume organic aerosol refractive index of 1.52+0.00j and extinction wavelength = 532 nm
REVISION: R0
R0: Final data
Time_Start, Time_Stop, Time_Mid, Press_mb, Temp_C, Aerosol_concentration, Surface_Area_Conc, Volume_density, Effective_radius, Extinction, Bin01, Bin02, Bin03, Bin04, Bin05, Bin06, Bin07, Bin08, Bin09, Bin10, Bin11, Bin12, Bin13, Bin14, Bin15, Bin16, Bin17, Bin18, Bin19, Bin20, Bin21, Bin22, Bin23, Bin24, Bin25, Bin26, Bin27, Bin28, Bin29, Bin30, Bin31, Bin32, Bin33, Bin34, Bin35, Bin36
[from data line 1285]
77100,77159,77130,875.666,36.717,481.310,94.535,5.234,0.165,0.033,26.698517,25.214922,24.033579,25.160297,24.343529,23.808624,23.138695,22.235933,21.880436,22.004887,22.870243,25.075663,26.952356,26.817810,23.180347,80.205414,27.079325,7.167634,2.392974,0.438230,0.183197,0.089273,0.049910,0.027692,0.011359,0.048861,0.021990,0.039101,0.027207,0.011077,0.034008,0.022143,0.005308,0.005325,0.017283,0.016608
77160,77219,77190,875.636,36.782,482.914,94.969,5.191,0.163,0.033,26.010786,25.421251,24.884420,24.785297,24.120556,23.731409,22.394300,23.037010,21.622410,21.951857,23.192339,25.730938,27.118389,27.711884,23.581873,79.753395,26.693583,7.632191,2.537159,0.326354,0.204861,0.110437,0.072022,0.039345,0.038582,0.039529,0.033757,0.016531,0.022209,0.000000,0.027093,0.011377,0.022328,0.022082,0.011106,0.005291
77220,77279,77250,875.637,36.791,484.421,94.455,5.051,0.160,0.032,26.921562,25.137478,25.488558,24.568716,25.183109,23.019249,22.909552,22.418653,21.858276,22.608019,23.258892,25.450054,26.351614,27.846657,23.753338,80.481232,26.542427,6.866319,2.754598,0.415461,0.194069,0.090083,0.062187,0.049918,0.033667,0.022187,0.011284,0.039910,0.011056,0.017341,0.005241,0.010772,0.017281,0.000000,0.011058,0.011396
77280,77339,77310,875.645,36.748,477.806,94.037,5.150,0.164,0.033,26.317015,25.723007,24.003893,24.269855,23.380508,23.023605,21.923342,22.095121,22.273771,22.126396,23.428022,24.842731,26.591228,27.014429,23.098288,80.445427,26.495272,7.211363,2.584877,0.329916,0.162428,0.118126,0.073636,0.050633,0.022798,0.033238,0.033828,0.016310,0.005482,0.016469,0.033450,0.005631,0.011230,0.011476,0.010955,0.022190
77340,77399,77370,875.620,36.692,479.987,93.744,5.072,0.162,0.032,26.445354,25.743065,25.278671,24.284018,24.011101,22.702414,23.264418,22.536835,22.284292,22.236414,22.171553,24.753963,27.278351,26.996559,22.979099,80.149483,26.108994,7.275350,2.542842,0.331218,0.207776,0.061179,0.079283,0.050409,0.039165,0.016641,0.011416,0.022449,0.033550,0.017149,0.022793,0.017251,0.016849,0.000000,0.000000,0.017203
77400,77459,77430,875.609,36.755,479.825,94.696,5.340,0.168,0.033,26.718655,25.683809,24.052971,24.289913,23.707031,23.973837,22.474430,22.685265,21.657404,21.905029,22.928116,25.003990,27.252264,27.368212,23.720356,79.753899,25.802654,7.079602,2.572988,0.415776,0.250537,0.095052,0.088178,0.049244,0.039880,0.039170,0.033399,0.010862,0.028276,0.027776,0.038756,0.005537,0.016723,0.005519,0.016701,0.033201
77460,77519,77490,875.596,36.734,478.121,92.971,4.960,0.160,0.032,26.708658,25.771887,24.705708,24.453039,24.329489,23.187508,22.666019,22.096786,22.055239,21.823046,22.997458,24.995014,27.059254,26.946421,22.636683,79.192093,26.086208,6.788428,2.580952,0.411910,0.222856,0.079024,0.059877,0.066971,0.034001,0.033414,0.022202,0.022087,0.016718,0.005727,0.028201,0.016350,0.005612,0.005342,0.005593,0.005612
77520,77579,77550,875.602,36.788,477.958,94.692,5.320,0.168,0.033,25.719101,25.320103,24.230240,25.007774,24.274950,23.123178,22.894547,22.399282,21.596920,21.480597,23.134251,25.175289,26.449848,27.691107,23.420507,78.177666,26.660543,7.230840,2.731994,0.419359,0.259588,0.132714,0.083937,0.049949,0.026928,0.050528,0.044302,0.021596,0.011249,0.027743,0.033794,0.011109,0.016313,0.016372,0.022517,0.011400
77580,77639,77610,875.581,36.778,479.894,93.917,5.154,0.164,0.032,27.025421,26.251535,24.279118,25.088804,24.201771,22.613327,22.136559,21.637033,22.167259,21.868086,22.766983,25.216673,26.865198,27.643906,23.931952,79.307861,26.473616,6.923468,2.418177,0.407937,0.196989,0.116587,0.066134,0.039363,0.050550,0.033020,0.016632,0.016771,0.032744,0.028367,0.011435,0.016735,0.000000,0.011416,0.016673,0.016359
77640,77699,77670,875.587,36.747,485.486,95.111,5.293,0.166,0.033,27.307261,26.040846,25.195534,24.610123,24.776093,23.359560,23.069925,21.925758,22.339001,22.806665,23.229746,25.146416,27.401100,28.317081,23.868088,78.851669,26.344025,7.168122,2.642577,0.371988,0.232069,0.083886,0.094453,0.028155,0.027582,0.043518,0.021891,0.022175,0.033129,0.016952,0.027329,0.022319,0.021857,0.016880,0.010894,0.010967
77700,77759,77730,875.580,36.683,489.438,95.469,5.319,0.166,0.033,27.301800,26.525551,25.147411,25.198009,25.042028,24.326006,23.296017,22.697781,22.908854,22.447201,23.215597,25.658192,27.591358,27.937216,24.116880,78.921860,26.479612,6.890275,2.627149,0.431801,0.194386,0.077749,0.061008,0.022452,0.050564,0.049893,0.049978,0.016538,0.022100,0.010996,0.044042,0.027552,0.022325,0.005727,0.005342,0.016685
77760,77819,77790,875.576,36.606,488.728,95.776,5.377,0.167,0.033,28.078213,27.259525,25.349117,25.083187,24.317617,23.488091,22.598433,22.463873,22.254818,22.868406,23.438194,25.417364,27.801764,27.835741,23.373972,79.228081,26.958561,7.060980,2.758660,0.381835,0.218858,0.088762,0.067045,0.055320,0.027877,0.039173,0.016543,0.033602,0.028161,0.017026,0.039618,0.027944,0.005631,0.017202,0.011494,0.016861
77820,77879,77850,875.596,36.615,487.733,95.350,5.264,0.165,0.033,27.395914,26.193245,25.507961,25.309830,24.484804,23.308561,22.994591,22.959333,22.115471,22.406752,22.684259,25.553207,27.371950,27.348167,23.584497,81.026054,26.922522,7.003125,2.600690,0.300056,0.236367,0.077603,0.044284,0.049756,0.044638,0.016614,0.022021,0.016562,0.016479,0.016749,0.055502,0.027403,0.005429,0.005519,0.021740,0.005537
77880,77939,77910,875.568,36.632,486.303,96.735,5.844,0.179,0.034,27.134315,26.591904,25.602272,24.804193,24.458372,23.405853,22.678171,22.583071,22.276646,22.229708,23.114948,25.371733,26.420568,28.121655,23.761625,79.887756,26.473143,7.524729,2.676802,0.344283,0.250318,0.100032,0.089528,0.039138,0.033696,0.027684,0.027711,0.010788,0.043807,0.027976,0.027687,0.061587,0.039418,0.005727,0.022746,0.033677
77940,77999,77970,875.562,36.656,482.428,94.355,5.198,0.164,0.032,26.801020,25.540045,24.790678,25.030069,24.281008,24.090521,22.672554,22.333740,21.931704,22.065294,23.092817,24.986599,26.988804,27.176083,24.063204,79.584091,26.731928,6.469166,2.641175,0.471753,0.203798,0.073405,0.106982,0.033119,0.056593,0.039454,0.028000,0.027871,0.017066,0.011210,0.026865,0.027774,0.000000,0.011494,0.005727,0.016762
78000,78059,78030,875.578,36.620,476.077,93.138,5.275,0.169,0.032,26.672968,25.951921,23.959919,24.686798,23.898895,23.553793,22.093948,22.402248,21.813667,22.258102,22.574154,24.814081,26.005896,27.536118,23.425814,78.606316,25.692272,6.800467,2.359424,0.367222,0.166583,0.054923,0.054619,0.044553,0.043577,0.016450,0.039469,0.000000,0.011158,0.045020,0.022190,0.022239,0.032588,0.005612,0.016726,0.027525
78060,78119,78090,875.569,36.633,465.746,91.066,4.999,0.164,0.031,25.501301,23.896063,23.646341,23.750698,23.002344,22.819313,22.554285,22.129288,21.726988,21.428051,22.385414,24.420746,26.742130,26.201979,23.238012,77.043724,25.338947,6.509089,2.438438,0.327764,0.199721,0.098798,0.061662,0.056394,0.011534,0.027906,0.027497,0.011056,0.027860,0.028141,0.039162,0.016889,0.005747,0.005308,0.010736,0.016236
78120,78179,78150,875.536,36.645,464.662,89.660,4.679,0.156,0.030,26.128876,24.843920,23.511639,23.897530,23.761742,22.881954,21.508085,21.988756,21.340292,21.535311,22.173292,24.278177,26.497414,26.027590,22.854446,77.010246,24.530975,6.701636,2.345040,0.287849,0.193019,0.099556,0.094638,0.033331,0.010417,0.022302,0.016801,0.021507,0.010853,0.010988,0.022199,0.000000,0.000000,0.000000,0.005501,0.016372
78180,78239,78210,875.516,36.601,473.827,92.901,5.086,0.164,0.032,25.459867,24.928686,23.829128,24.882879,23.347874,23.347912,22.468061,22.126387,21.738327,21.738623,22.447023,24.577082,26.636106,27.224966,23.251974,78.901993,26.487303,7.234334,2.249421,0.336165,0.233637,0.072458,0.055946,0.033237,0.022101,0.016792,0.022516,0.016798,0.022758,0.027373,0.010935,0.022564,0.027539,0.011114,0.011154,0.005650
78240,78299,78270,875.496,36.657,474.713,92.874,5.102,0.164,0.032,25.798794,25.046158,24.324284,24.346870,24.191484,22.895897,22.177233,21.805592,21.754505,22.096657,22.992897,24.982611,26.876373,27.076982,23.516182,79.005341,25.462793,6.722625,2.662082,0.393445,0.160414,0.078833,0.097936,0.022577,0.011520,0.022719,0.040499,0.005885,0.023259,0.017180,0.023100,0.017260,0.028751,0.011337,0.017575,0.005557
78300,78359,78330,875.472,36.640,473.003,92.679,5.055,0.163,0.032,25.499647,24.961399,23.892693,24.042675,23.914446,22.814751,22.226379,21.524492,22.132952,22.191904,22.935532,24.498421,26.798435,26.461174,23.525497,78.924454,26.527308,6.877000,2.387536,0.249988,0.205505,0.093922,0.077327,0.033721,0.021928,0.005241,0.022317,0.039506,0.016784,0.011282,0.016539,0.010667,0.016604,0.022290,0.005747,0.016649
78360,78419,78390,875.457,36.625,473.710,93.128,5.185,0.166,0.032,25.601143,25.000496,24.545452,24.320385,23.465046,22.299431,22.783358,21.940161,21.378918,21.848801,22.686068,25.035089,26.642345,27.406042,23.959312,78.325897,25.833178,7.253243,2.390575,0.362025,0.200544,0.082898,0.066463,0.022297,0.033871,0.022199,0.027633,0.010894,0.027565,0.016712,0.038858,0.022404,0.027705,0.005274,0.016681,0.010867
78420,78479,78450,875.476,36.702,470.661,91.613,4.915,0.160,0.031,25.966242,24.542892,23.883320,23.862497,23.513758,23.035612,22.040007,22.133921,21.370081,22.317980,22.920652,24.764402,26.627361,27.173803,22.989979,77.593834,25.692926,6.870442,2.561140,0.272196,0.188180,0.062250,0.057707,0.022253,0.011474,0.033638,0.033541,0.011472,0.010883,0.022945,0.028308,0.016556,0.000000,0.011220,0.005594,0.011525
78480,78539,78510,875.483,36.784,467.322,91.155,4.973,0.163,0.031,25.889366,25.535074,24.116356,23.312561,24.132927,22.867435,21.334749,21.263744,21.377161,21.496004,22.125580,24.878269,26.365181,26.711309,23.094454,76.726318,25.897375,6.812881,2.433704,0.419622,0.172677,0.061627,0.039372,0.061813,0.039513,0.011266,0.011286,0.028220,0.011231,0.000000,0.027960,0.027738,0.011113,0.005631,0.011207,0.010805
78540,78599,78570,875.464,36.852,466.602,91.838,4.988,0.162,0.032,25.494339,24.232088,23.687323,23.649803,23.268787,22.931759,21.979315,21.255255,21.475914,21.488689,22.263664,24.773087,26.069330,26.879101,22.972162,77.558372,25.948456,7.055019,2.698968,0.338937,0.186622,0.072593,0.055946,0.038933,0.043589,0.028239,0.022259,0.017034,0.010882,0.027944,0.016342,0.000000,0.022488,0.011515,0.016764,0.010895
78600,78659,78630,875.431,36.931,471.627,93.104,5.326,0.171,0.032,25.682961,25.243502,23.986233,23.581516,24.175226,22.783085,22.221050,21.502323,21.576990,21.849039,22.353361,24.583168,26.205902,27.468100,23.400686,78.903084,25.657209,7.006829,2.361070,0.405714,0.216838,0.083855,0.061559,0.056108,0.033509,0.022046,0.017027,0.011416,0.016245,0.027987,0.021896,0.022646,0.027982,0.016100,0.005376,0.038823
78660,78719,78690,875.433,36.991,476.800,93.388,5.038,0.161,0.032,25.930433,25.502327,24.094839,24.550102,23.802258,23.059906,22.392250,22.664724,21.934233,21.910727,22.427483,24.621321,26.608534,27.148567,24.090626,78.747536,26.692429,6.993142,2.667293,0.336103,0.267368,0.061238,0.045467,0.055078,0.028169,0.022684,0.028588,0.022150,0.005848,0.017066,0.016470,0.011075,0.016844,0.000000,0.016752,0.010789
78720,78779,78750,875.409,36.996,467.733,91.059,4.905,0.161,0.031,25.510511,24.810415,24.006853,23.880779,23.621229,22.814014,22.527742,21.827971,21.695042,21.869373,22.167044,24.499460,25.884251,26.265360,23.168278,77.576515,25.553061,6.681205,2.409899,0.354949,0.177770,0.145001,0.033093,0.043909,0.027879,0.043558,0.016502,0.021967,0.022260,0.010824,0.011130,0.022358,0.005727,0.010790,0.016307,0.000000
78780,78839,78810,875.394,36.856,469.965,91.973,5.000,0.163,0.032,26.512951,25.011967,23.948668,23.554380,23.403324,23.269621,22.551580,21.101904,21.863174,21.287577,22.364132,24.400843,26.928791,26.518465,23.428881,77.149673,25.946978,7.148842,2.627279,0.372011,0.194892,0.078280,0.066800,0.033582,0.050463,0.010992,0.016605,0.021944,0.017055,0.005464,0.027521,0.016797,0.005342,0.000000,0.000000,0.028390
78840,78899,78870,875.390,36.726,468.699,91.234,4.882,0.160,0.031,26.031864,25.298491,23.780148,23.623423,24.272657,22.692802,22.110220,22.331799,21.300461,21.574598,22.418642,24.272327,25.984859,26.911034,23.445089,76.807182,25.625507,6.728215,2.515055,0.394642,0.160738,0.117690,0.044799,0.061149,0.033231,0.011383,0.033499,0.016861,0.022524,0.033697,0.000000,0.005291,0.010772,0.005447,0.005669,0.016895
78900,78959,78930,875.378,36.712,470.052,92.082,5.126,0.166,0.032,25.856510,25.217691,24.271360,24.493628,23.815889,22.693962,22.011887,21.868612,21.560575,20.867922,22.210394,24.697620,26.876955,26.576738,22.336126,78.666580,25.629025,6.898680,2.564981,0.338764,0.131517,0.107737,0.071236,0.044865,0.044305,0.021465,0.039579,0.016613,0.016224,0.021865,0.005631,0.033154,0.005192,0.000000,0.016723,0.022097
78960,79019,78990,875.372,36.680,465.797,90.987,4.851,0.160,0.031,25.791189,25.441265,23.692717,24.056721,23.250439,22.575661,21.504667,21.253092,21.018433,21.372686,22.278034,24.301121,26.131802,26.408031,23.129789,77.816551,25.525515,6.760952,2.510054,0.346964,0.220744,0.081869,0.082896,0.053414,0.032513,0.027020,0.028017,0.027432,0.011130,0.010736,0.011073,0.000000,0.016483,0.010770,0.000000,0.017033
79020,79079,79050,875.369,36.611,472.770,92.069,4.853,0.158,0.032,26.645557,25.112818,23.972797,23.415243,23.498274,22.478521,21.749781,22.056419,21.847826,22.297157,23.467920,24.490223,27.064575,26.908911,22.890606,78.348717,26.202980,6.806066,2.574814,0.376556,0.215097,0.084296,0.095348,0.051096,0.005398,0.022423,0.005631,0.000000,0.016941,0.022004,0.005765,0.005631,0.005845,0.017396,0.000000,0.011491
79080,79139,79110,875.370,36.629,464.103,91.104,4.962,0.163,0.031,25.801420,24.633715,23.290350,23.228878,23.176083,22.408361,21.603331,21.780411,21.160986,21.116608,22.079609,24.222784,26.557903,26.930416,22.829664,77.375359,25.677357,6.602636,2.653120,0.368944,0.171939,0.088656,0.067240,0.078079,0.027784,0.021433,0.027101,0.011149,0.022778,0.010582,0.011494,0.011070,0.016237,0.017071,0.011167,0.011102
79140,79199,79170,875.359,36.705,466.433,91.381,5.055,0.165,0.031,25.464155,24.239096,23.599392,23.703989,23.339960,22.614452,22.196039,22.300514,21.374466,21.801342,22.342306,23.687824,26.062101,27.091791,23.364864,77.062927,26.285673,6.766370,2.269105,0.288837,0.173029,0.072475,0.049191,0.027718,0.066011,0.039029,0.016570,0.000000,0.016652,0.016803,0.016532,0.022257,0.016615,0.011244,0.017051,0.016717
79200,79259,79230,875.375,36.799,456.915,88.984,4.837,0.163,0.031,25.320494,24.334560,23.689503,23.453949,22.810684,22.193119,21.369911,21.195797,20.793459,21.593328,22.143896,24.025112,26.455278,25.763691,22.318138,74.652733,24.787323,6.620673,2.457315,0.371112,0.166896,0.122083,0.049935,0.039202,0.011194,0.021977,0.016172,0.021956,0.016546,0.011494,0.016689,0.022059,0.027138,0.011074,0.005612,0.005274
79260,79319,79290,875.373,36.887,460.437,89.066,4.736,0.159,0.030,26.211931,24.593191,23.413969,23.869980,22.688154,22.307028,21.289154,21.115808,21.311947,21.269703,22.467766,24.512253,26.595377,26.509901,22.371325,75.037109,25.232388,6.622100,2.182466,0.284855,0.177462,0.077588,0.061242,0.039482,0.027953,0.027889,0.038399,0.011223,0.022387,0.000000,0.022243,0.022461,0.011100,0.005258,0.000000,0.005787
79320,79379,79350,875.329,36.847,459.088,88.963,4.677,0.157,0.030,25.373329,24.074453,23.030046,23.477751,23.258116,21.896404,21.930666,22.222347,21.379669,21.956463,22.103243,24.498329,25.322569,26.498833,22.259876,75.088013,24.827154,6.668642,2.375243,0.279678,0.166581,0.088831,0.056222,0.055076,0.039407,0.038224,0.011130,0.021975,0.022756,0.017068,0.021896,0.005225,0.011236,0.005482,0.000000,0.005727
