CampaignData_and_Merges/R0/CSL_MobileLab_Parked/raw/20240802/USOS-Picarro-CO2-CH4-CO-H2O_MobileLabGround_20240802_R0.ict
38, 1001
Ilana Pollack, Nell Schafer, and Jeff Peischl
NOAA Chemical Sciences Laboratory
Picarro 2401-m CO2/CH4/CO/H2O Analyzer
USOS
1, 1
2024, 08, 02, 2024, 11, 20
0
StartTime_UTC, seconds_past_midnight, seconds past midnight
5
1, 1, 1, 1, 1
-9999, -9999, -9999, -9999, -9999
StopTime_UTC, seconds_past_midnight, seconds past midnight
CO2_ppm_1min, ppm, Gas_CO2_InSitu_S_DMF, carbon dioxide mixing ratio
CH4_ppb_1min, ppb, Gas_CH4_InSitu_S_DMF, methane mixing ratio
CO_ppb_1min, ppb, Gas_CO_InSitu_S_DMF, carbon monoxide mixing ratio
H2O_ppmv_1min, ppmv, Met_H2OMRV_InSitu_S_AVMR, water vapor mixing ratio
1
SPECIAL COMMENTS: N/A
18
PI_CONTACT_INFO: Address: NOAA Chemical Sciences Laboratory, Mail Stop CSL7, 325 Broadway, Boulder, CO 80305; Email: Ilana.Pollack@noaa.gov
PLATFORM: NOAA CSL Mobile Laboratory
LOCATION: The mobile lab was stationed in Salt Lake City, Utah.
ASSOCIATED_DATA: N/A
INSTRUMENT_INFO: CO2, CH4, and CO are reported as dry air mole fractions using a commercial wavelength-scanned cavity ring-down analyzer (Picarro 2401-m). An in-field calibration gas standard of 432±0.07 ppm CO2, 2095±1 ppb CH4, and 183±1 ppb CO, calibrated in the Boulder laboratories before and after the field project using primary CO2, CH4, and CO standard tanks tied to the WMO standard (X2019, X2004A, and X2014A, respectively) from the Global Monitoring Laboratory (GML), was delivered to the inlet every 2-3 days to evaluate instrument sensitivity. A H2O measurement was calibrated before the project with a Dew Point Mirror 373 hygrometer. The water correction calculated from these calibrations was applied to the H2O measurement for the entire campaign. Species are measured at 0.5 Hz and reported as 1-minute averages for stationary measurements.
DATA_INFO: Units: CO2, ppm, dry air mole fraction; CH4, ppb, dry air mole fraction; CO, ppb, dry air mole fraction; H2O, ppmv
UNCERTAINTY: Total uncertainties are estimated as ±0.1 ppm for CO2, ±1 ppb for CH4, ±5 ppb for CO, and ±(50 ppm + 4%) for H2O.
ULOD_FLAG: -7777
ULOD_VALUE: N/A
LLOD_FLAG: -8888
LLOD_VALUE: N/A
DM_CONTACT_INFO: Data Manager: Nathan Howard; nathan.h.howard@noaa.gov
PROJECT_INFO: USOS Dates of Study: July – August 2024
STIPULATIONS_ON_USE: Use of these data require prior ok from PI.
OTHER_COMMENTS: Data are averaged to 1 minute intervals. Stationary data collected from a 10 ft tower on top of the mobile van.
REVISION: R0
R0: Final Data
StartTime_UTC, StopTime_UTC, CO2_ppm_1min, CH4_ppb_1min, CO_ppb_1min, H2O_ppmv_1min
0,60,-9999,-9999,-9999,-9999
60,120,-9999,-9999,-9999,-9999
120,180,-9999,-9999,-9999,-9999
180,240,-9999,-9999,-9999,-9999
240,300,-9999,-9999,-9999,-9999
300,360,-9999,-9999,-9999,-9999
360,420,-9999,-9999,-9999,-9999
420,480,-9999,-9999,-9999,-9999
480,540,-9999,-9999,-9999,-9999
540,600,-9999,-9999,-9999,-9999
600,660,-9999,-9999,-9999,-9999
660,720,-9999,-9999,-9999,-9999
720,780,-9999,-9999,-9999,-9999
780,840,-9999,-9999,-9999,-9999
840,900,-9999,-9999,-9999,-9999
900,960,-9999,-9999,-9999,-9999
960,1020,-9999,-9999,-9999,-9999
1020,1080,-9999,-9999,-9999,-9999
1080,1140,-9999,-9999,-9999,-9999
1140,1200,-9999,-9999,-9999,-9999
1200,1260,427.42,2039.1,284.3,10865.9854
1260,1320,427.38,2035.8,300.6,10315.5645
1320,1380,430.69,2038.8,271.7,10638.6211
1380,1440,427.34,2029.9,240.6,10316.0791
1440,1500,431.06,2028.9,240.7,10770.5371
1500,1560,428.24,2020.7,226.6,10091.0801
1560,1620,427.53,2017.8,231.8,10053.2725
1620,1680,425.34,2014.9,220.8,9615.9248
1680,1740,425.58,2015.6,221.7,10132.3867
1740,1800,430.06,2015.8,231.0,10221.9092
1800,1860,428.24,2018.3,237.0,10330.5449
1860,1920,428.46,2018.5,235.0,9941.8721
1920,1980,429.79,2019.4,240.0,10528.1631
1980,2040,428.27,2015.2,242.2,9706.1875
2040,2100,427.68,2012.3,263.6,9485.9453
2100,2160,426.16,2009.2,233.0,9309.2197
2160,2220,426.52,2010.0,252.4,9262.9326
2220,2280,426.27,2011.0,243.5,9538.7461
2280,2340,425.55,2010.7,223.9,9180.6162
2340,2400,425.87,2010.5,219.9,9360.2363
2400,2460,426.43,2009.7,215.2,9366.6260
2460,2520,426.44,2012.1,222.1,9357.6777
2520,2580,426.44,2014.3,220.7,9362.6436
2580,2640,425.21,2011.4,217.1,9137.9775
2640,2700,425.43,2011.2,217.1,8993.4023
2700,2760,425.59,2012.3,218.3,9255.4189
2760,2820,424.81,2010.0,213.6,8858.8105
2820,2880,424.42,2006.4,208.3,8573.0693
2880,2940,423.89,2002.4,205.9,8368.2393
2940,3000,425.12,2003.0,207.4,8699.8389
3000,3060,424.46,2004.4,212.7,8669.7197
3060,3120,424.87,2004.7,214.3,8692.1182
3120,3180,424.91,2003.2,215.8,8620.3330
3180,3240,425.93,2005.4,217.8,8903.1699
3240,3300,425.79,2005.6,217.0,9113.1152
3300,3360,424.93,2006.5,214.9,9130.5635
3360,3420,426.82,2007.2,220.6,9517.5537
3420,3480,426.71,2010.3,228.8,9295.4570
3480,3540,425.85,2013.4,226.4,9224.4092
3540,3600,425.96,2015.2,224.7,9344.9922
3600,3660,425.50,2018.0,223.7,9412.4531
3660,3720,424.92,2018.3,221.6,9403.5107
3720,3780,424.88,2021.9,239.8,9498.9111
3780,3840,424.71,2022.2,234.4,9562.2373
3840,3900,424.92,2022.7,227.7,9739.1895
3900,3960,424.70,2022.2,221.7,9695.8760
3960,4020,424.73,2018.8,218.4,9570.8252
4020,4080,424.63,2017.3,217.3,9646.7314
4080,4140,424.44,2017.1,218.5,9587.5361
4140,4200,424.39,2019.6,217.1,9775.7227
4200,4260,425.03,2022.9,217.9,9882.2666
4260,4320,424.74,2024.8,221.5,9973.7432
4320,4380,424.92,2025.0,223.7,9957.7881
4380,4440,425.00,2021.4,225.6,9970.1387
4440,4500,425.14,2017.4,226.9,9831.1240
4500,4560,425.24,2015.3,227.6,9947.2783
4560,4620,425.54,2012.6,227.1,9861.8232
4620,4680,425.66,2011.4,227.3,9822.0400
4680,4740,425.14,2010.8,223.1,9769.2646
4740,4800,424.94,2010.6,223.7,9841.7500
4800,4860,425.30,2010.9,224.5,10026.1289
4860,4920,425.00,2010.5,225.9,10041.0762
4920,4980,424.56,2011.6,226.9,10056.3066
4980,5040,425.13,2012.4,223.1,10221.1904
5040,5100,425.46,2012.6,225.0,10473.8057
5100,5160,425.13,2014.4,230.1,10013.2822
5160,5220,425.29,2017.2,233.8,10035.0566
5220,5280,424.88,2018.1,229.1,9872.0498
5280,5340,424.85,2020.4,226.6,9800.4912
5340,5400,424.35,2021.0,222.8,9714.9502
5400,5460,424.86,2021.4,224.7,9916.2090
5460,5520,425.07,2022.0,224.5,9844.1699
5520,5580,425.26,2023.0,226.8,10084.5215
5580,5640,425.91,2024.0,228.2,10225.1172
5640,5700,425.75,2024.7,228.7,10253.0547
5700,5760,426.02,2024.6,231.1,10349.0176
5760,5820,427.24,2025.0,231.1,10454.1377
5820,5880,426.88,2024.6,231.0,10200.9004
5880,5940,425.63,2024.1,225.9,9960.0957
5940,6000,426.80,2024.6,231.8,10112.0166
6000,6060,428.76,2026.9,235.3,10413.2813
6060,6120,427.00,2026.4,233.9,10582.5996
6120,6180,426.63,2024.2,236.5,9855.5049
6180,6240,428.33,2025.8,236.7,10346.1826
6240,6300,428.10,2026.8,241.7,10400.4863
6300,6360,427.74,2027.3,241.5,10336.8145
6360,6420,427.80,2028.6,247.1,10153.7588
6420,6480,428.78,2029.3,249.3,10332.2041
6480,6540,429.69,2030.7,247.3,10596.9414
6540,6600,429.47,2031.5,245.8,10505.7881
6600,6660,427.88,2032.7,239.1,10104.5625
6660,6720,427.10,2032.2,236.5,10102.1631
6720,6780,428.19,2033.2,235.6,10113.5771
6780,6840,427.20,2033.2,235.9,10235.0547
6840,6900,427.99,2034.2,239.8,10252.8213
6900,6960,428.20,2032.9,237.2,10266.8242
6960,7020,427.77,2033.6,237.5,10182.7686
7020,7080,427.46,2034.5,241.4,10379.0059
7080,7140,427.94,2036.2,241.7,10445.8096
7140,7200,427.04,2035.4,237.4,10236.9463
7200,7260,427.75,2036.5,236.3,10545.7314
7260,7320,426.24,2038.6,237.2,10241.5615
7320,7380,426.93,2038.9,237.0,10556.8584
7380,7440,427.12,2040.2,235.1,10521.0928
7440,7500,427.03,2044.7,237.7,10423.2402
7500,7560,426.26,2053.5,246.2,10125.4297
7560,7620,427.46,2056.3,250.2,10383.3066
7620,7680,428.02,2049.5,242.5,10601.4775
7680,7740,425.83,2036.8,238.6,10022.2422
7740,7800,428.09,2044.5,246.6,10581.4932
7800,7860,428.37,2044.0,246.4,10617.1191
7860,7920,428.20,2044.9,240.7,10547.8496
7920,7980,428.98,2047.3,237.6,10628.5479
7980,8040,429.36,2047.6,238.7,10715.8027
8040,8100,429.17,2049.3,239.5,10681.8604
8100,8160,430.61,2049.2,247.4,10987.6885
8160,8220,431.05,2050.2,262.0,10971.2930
8220,8280,431.45,2048.6,258.0,11015.1582
8280,8340,432.21,2049.2,259.7,11070.2998
8340,8400,433.06,2051.3,259.2,11224.7842
8400,8460,433.27,2053.3,259.7,11296.7227
8460,8520,433.38,2053.2,257.3,11311.1865
8520,8580,434.80,2053.0,257.7,11393.9258
8580,8640,434.94,2053.4,258.6,11358.7676
8640,8700,435.63,2056.7,259.4,11462.1240
8700,8760,436.21,2057.9,262.0,11496.2500
8760,8820,437.50,2059.5,262.5,11455.4883
8820,8880,437.66,2061.0,266.6,11408.8057
8880,8940,438.71,2064.9,268.5,11529.4434
8940,9000,439.03,2069.6,268.8,11647.4072
9000,9060,439.25,2077.8,271.8,11709.4648
9060,9120,439.08,2080.3,277.0,11703.5957
9120,9180,438.56,2073.6,290.5,11439.5313
9180,9240,440.89,2072.1,282.6,11792.2090
9240,9300,441.31,2069.2,282.7,11993.6689
9300,9360,442.47,2070.8,283.8,12033.4746
9360,9420,441.39,2068.7,289.5,11782.0439
9420,9480,440.23,2065.4,292.1,11660.0693
9480,9540,439.62,2066.8,287.5,11614.4854
9540,9600,444.26,2064.9,330.0,11415.0127
9600,9660,447.29,2060.7,357.6,11520.7813
9660,9720,442.99,2052.5,342.0,11315.0439
9720,9780,442.52,2052.5,327.3,11356.1885
9780,9840,441.26,2045.5,319.3,11325.9268
9840,9900,440.93,2041.7,318.6,11316.5020
9900,9960,444.08,2040.7,316.5,11376.9932
9960,10020,442.37,2037.3,305.2,11333.5596
10020,10080,440.18,2028.6,288.6,11175.4775
10080,10140,442.36,2025.7,314.2,11130.9814
10140,10200,441.09,2022.6,301.2,11043.8789
10200,10260,439.42,2014.6,280.8,10845.7588
10260,10320,440.84,2013.6,333.3,10856.8115
10320,10380,438.53,2007.7,289.1,10661.7402
10380,10440,436.81,2001.7,264.6,10409.3721
10440,10500,439.77,2003.0,268.5,10668.1113
10500,10560,438.67,2000.9,263.9,10430.7031
10560,10620,438.04,1998.9,260.8,10353.4697
10620,10680,438.04,1997.2,255.9,10303.6230
10680,10740,437.91,1996.2,265.5,10225.5205
10740,10800,440.03,1998.4,267.0,10331.5908
10800,10860,438.49,1996.9,260.0,10210.2588
10860,10920,437.29,1996.5,258.8,10053.8965
10920,10980,436.24,1995.7,254.4,9878.5586
10980,11040,437.69,1996.1,262.0,9896.0098
11040,11100,437.39,1995.7,261.6,9787.8721
11100,11160,438.75,1995.4,260.9,9868.8672
11160,11220,439.12,1995.1,255.3,9802.1680
11220,11280,440.69,1994.7,254.3,9839.0752
11280,11340,438.47,1993.7,252.2,9703.9424
11340,11400,437.63,1994.0,252.9,9663.1152
11400,11460,437.67,1994.0,256.4,9640.9570
11460,11520,439.32,1994.8,257.2,9720.9648
11520,11580,436.84,1992.7,249.3,9469.8535
11580,11640,436.11,1992.4,247.5,9394.6719
11640,11700,436.90,1992.4,247.9,9416.2109
11700,11760,437.06,1992.1,248.7,9378.0703
11760,11820,437.75,1992.2,255.9,9356.1250
11820,11880,438.81,1992.8,281.6,9404.9229
11880,11940,437.99,1992.7,284.3,9375.2227
11940,12000,438.49,1993.3,278.1,9383.5615
12000,12060,436.19,1991.3,258.2,9196.6709
12060,12120,436.55,1991.4,254.2,9144.6904
12120,12180,434.91,1990.6,242.7,9105.7510
12180,12240,437.46,1992.0,248.0,9320.3301
12240,12300,434.94,1990.9,237.6,9121.0439
12300,12360,437.69,1992.4,272.8,9212.1982
12360,12420,437.13,1992.2,273.0,9154.8975
12420,12480,437.95,1992.4,262.0,9242.3066
12480,12540,437.50,1992.5,262.3,9123.7979
12540,12600,437.29,1992.3,257.2,9187.5225
12600,12660,435.45,1991.1,242.5,9046.6211
12660,12720,439.80,1992.9,247.6,9170.3398
12720,12780,436.50,1990.3,242.9,9045.0996
12780,12840,437.54,1990.9,257.3,9032.4805
12840,12900,436.48,1990.0,237.5,9064.0859
12900,12960,443.49,1991.7,274.1,9147.2588
12960,13020,442.44,1989.6,262.4,9171.4727
13020,13080,444.16,1990.2,288.1,9162.4590
13080,13140,438.72,1989.4,271.8,9118.4814
13140,13200,437.48,1989.9,250.0,9131.0674
13200,13260,443.09,1990.2,246.4,9264.6953
13260,13320,438.90,1992.4,240.8,9188.1973
13320,13380,439.11,1990.1,243.5,9277.6426
13380,13440,442.85,1989.4,256.0,9334.0918
13440,13500,438.45,1987.3,242.4,9102.8271
13500,13560,440.05,1988.1,246.2,9140.2715
13560,13620,437.55,1987.0,234.5,9082.9258
13620,13680,435.14,1985.5,228.2,8933.5781
13680,13740,436.21,1985.5,218.4,8920.7979
13740,13800,436.95,1985.4,219.1,9070.0146
13800,13860,433.97,1985.6,216.6,8923.9814
13860,13920,433.24,1985.2,213.1,8881.6035
13920,13980,433.58,1985.7,223.0,8853.5020
13980,14040,432.70,1984.8,218.4,8755.7949
14040,14100,433.08,1984.8,219.1,8742.0762
14100,14160,434.30,1986.0,223.4,8816.3604
14160,14220,433.78,1984.8,222.6,8804.6191
14220,14280,432.75,1982.9,229.4,8618.2529
14280,14340,432.53,1982.9,221.6,8640.6426
14340,14400,431.92,1982.8,230.3,8607.3193
14400,14460,431.68,1982.1,230.9,8517.0264
14460,14520,430.80,1981.3,219.3,8486.2949
14520,14580,429.87,1980.5,209.5,8385.6943
14580,14640,431.37,1980.7,221.0,8485.8682
14640,14700,432.38,1981.8,265.7,8492.8584
14700,14760,432.42,1982.3,217.7,8505.1533
14760,14820,433.25,1982.8,223.1,8509.1084
14820,14880,434.22,1983.2,224.5,8504.9521
14880,14940,432.52,1983.1,217.4,8469.2861
14940,15000,432.23,1983.1,223.9,8378.4697
15000,15060,435.93,1983.5,223.7,8478.8779
15060,15120,430.70,1982.4,212.2,8258.3311
15120,15180,432.40,1982.2,212.0,8373.0420
15180,15240,431.56,1981.6,212.1,8223.4707
15240,15300,430.64,1982.1,211.5,8198.8115
15300,15360,432.44,1983.5,217.0,8301.3105
15360,15420,434.38,1983.0,214.5,8504.2627
15420,15480,433.20,1983.7,216.6,8425.2559
15480,15540,437.99,1984.8,247.0,8436.8037
15540,15600,438.09,1985.8,247.9,8419.5254
15600,15660,434.88,1984.1,229.3,8351.0625
15660,15720,430.70,1981.8,208.3,8230.2988
15720,15780,432.64,1982.3,213.9,8374.7285
15780,15840,432.13,1982.5,214.6,8306.3076
15840,15900,432.73,1981.8,217.5,8313.3613
15900,15960,431.60,1980.9,214.9,8258.6846
15960,16020,433.18,1981.3,214.3,8331.9209
16020,16080,430.81,1980.2,212.0,8228.5840
16080,16140,429.53,1979.7,206.4,8145.9692
16140,16200,431.74,1980.6,210.6,8300.7471
16200,16260,430.67,1979.5,212.6,8194.0508
16260,16320,432.35,1979.9,341.9,8221.5645
16320,16380,429.21,1978.3,237.1,8027.7715
16380,16440,431.53,1978.7,228.3,8071.8213
16440,16500,432.06,1980.0,211.5,8152.0796
16500,16560,432.21,1980.1,216.8,8130.4390
16560,16620,436.01,1981.9,220.3,8250.3564
16620,16680,434.97,1983.4,228.2,8257.2852
16680,16740,435.49,1985.4,250.3,8247.2920
16740,16800,437.79,1986.3,249.3,8377.4258
16800,16860,437.42,1986.7,237.8,8425.3154
16860,16920,437.03,1985.9,263.8,8368.7197
16920,16980,436.09,1985.1,246.5,8319.9053
16980,17040,435.96,1986.0,261.0,8353.6650
17040,17100,443.55,1988.1,459.1,8479.1895
17100,17160,441.67,1988.8,308.0,8616.3789
17160,17220,441.72,1989.9,293.4,8647.4160
17220,17280,436.55,1987.6,219.7,8542.1973
17280,17340,441.17,1990.9,251.0,8730.6182
17340,17400,443.90,1993.6,253.2,8854.3457
17400,17460,447.79,1996.7,274.1,9077.2695
17460,17520,446.37,2000.4,267.4,8989.7217
17520,17580,450.66,2004.2,281.5,9092.5361
17580,17640,449.90,2004.7,265.8,9119.3730
17640,17700,448.69,2000.8,247.0,9129.0342
17700,17760,448.88,2001.5,246.7,9166.5127
17760,17820,452.23,2006.3,260.5,9245.5635
17820,17880,451.29,2004.4,258.2,9195.7813
17880,17940,450.78,2004.8,255.8,9208.9033
17940,18000,448.86,2003.5,249.4,9119.6934
18000,18060,449.30,2003.5,244.2,9130.9668
18060,18120,448.53,2000.6,241.4,9058.5039
18120,18180,452.77,2003.5,252.6,9263.1572
18180,18240,455.05,2010.2,253.2,9437.7256
18240,18300,452.42,2008.7,239.1,9373.1719
18300,18360,450.96,2008.8,257.1,9262.3574
18360,18420,453.28,2014.6,252.8,9468.7705
18420,18480,453.61,2019.6,248.3,9597.7148
18480,18540,454.59,2023.7,252.5,9613.7061
18540,18600,454.20,2023.8,255.7,9597.4355
18600,18660,455.39,2024.3,257.3,9642.5459
18660,18720,456.31,2025.8,258.2,9719.4014
18720,18780,459.17,2032.7,259.4,9896.4131
18780,18840,457.38,2031.9,262.2,9795.4307
18840,18900,456.15,2030.0,265.6,9664.2295
18900,18960,460.50,2033.1,262.4,9753.1055
18960,19020,457.24,2027.5,274.9,9646.9199
19020,19080,460.92,2031.9,284.6,9810.4111
19080,19140,464.50,2030.8,371.8,9850.9424
19140,19200,461.42,2032.0,317.6,9812.6885
19200,19260,455.22,2025.8,263.7,9558.2188
19260,19320,462.90,2037.7,294.6,9935.7061
19320,19380,465.57,2041.3,302.6,9997.7393
19380,19440,466.73,2046.2,316.4,10082.0205
19440,19500,467.52,2047.7,316.6,10136.0576
19500,19560,466.59,2045.7,299.0,10153.9336
19560,19620,463.68,2043.3,280.3,10076.0039
19620,19680,461.99,2042.5,265.0,9953.9844
19680,19740,460.14,2035.8,256.3,9771.4502
19740,19800,459.38,2031.1,255.3,9644.9326
19800,19860,457.67,2027.5,246.6,9575.8262
19860,19920,463.24,2038.1,258.6,9982.8359
19920,19980,460.25,2032.0,257.1,9720.2881
19980,20040,461.23,2032.3,269.2,9723.1943
20040,20100,453.65,2019.6,245.0,9230.8320
20100,20160,451.63,2014.1,238.9,9033.0781
20160,20220,443.82,1999.4,221.1,8375.8096
20220,20280,444.37,1999.9,219.9,8416.1553
20280,20340,445.36,1999.9,221.8,8395.2217
20340,20400,445.66,1996.0,226.7,8315.2783
20400,20460,440.40,1987.5,250.9,8036.2959
20460,20520,443.11,1988.5,292.8,8092.0933
20520,20580,442.01,1986.5,241.3,8048.0396
20580,20640,439.45,1985.0,219.2,7912.2603
20640,20700,440.41,1982.4,222.0,7871.3081
20700,20760,440.41,1984.5,215.8,7895.0547
20760,20820,445.11,1987.3,245.2,7991.8813
20820,20880,444.86,1988.8,271.4,8012.3159
20880,20940,444.91,1991.2,271.9,8066.5093
20940,21000,444.13,1994.4,257.6,8075.6401
21000,21060,443.47,1996.4,255.2,8158.8696
21060,21120,445.44,1998.1,283.0,8208.8330
21120,21180,446.15,1999.0,294.7,8175.0352
21180,21240,443.92,1997.0,267.9,8132.4722
21240,21300,444.73,1995.6,259.5,8146.2744
21300,21360,446.37,1994.2,249.2,8179.7207
21360,21420,441.28,1994.4,222.9,8072.0400
21420,21480,445.38,2000.7,227.0,8195.0811
21480,21540,446.12,2006.1,230.3,8141.6880
21540,21600,450.73,2009.6,258.2,8228.9326
21600,21660,444.66,2003.2,268.0,8172.4077
21660,21720,445.08,2015.6,236.5,8240.4160
21720,21780,441.15,1997.9,227.0,8085.7471
21780,21840,441.32,1992.8,249.2,8024.4199
21840,21900,441.11,1990.4,340.7,8055.4546
21900,21960,439.79,1992.6,281.7,7970.6196
21960,22020,437.89,1985.6,229.0,7701.1650
22020,22080,435.86,1981.8,209.3,7614.6509
22080,22140,433.59,1975.9,197.4,7422.2090
22140,22200,435.74,1976.7,231.7,7491.1421
22200,22260,436.72,1976.9,220.3,7454.8398
22260,22320,435.39,1978.4,206.8,7483.5444
22320,22380,435.61,1978.3,208.9,7498.8228
22380,22440,433.95,1976.4,200.5,7317.6362
22440,22500,436.98,1976.7,203.1,7508.9937
22500,22560,435.63,1978.2,201.6,7428.1743
22560,22620,438.61,1982.5,205.7,7625.5566
22620,22680,439.76,1987.2,209.5,7791.2729
22680,22740,442.64,1994.3,212.6,8056.3691
22740,22800,443.02,1997.1,214.5,8078.8301
22800,22860,448.90,2004.4,223.3,8418.0625
22860,22920,459.73,2015.7,226.6,8765.9287
22920,22980,457.77,2038.3,242.1,9031.2939
22980,23040,466.66,2049.9,257.3,9451.8975
23040,23100,468.28,2062.0,303.4,9572.6260
23100,23160,465.52,2054.5,291.7,9386.9111
23160,23220,453.40,2026.1,255.6,8639.0508
23220,23280,461.75,2046.4,268.2,9167.6592
23280,23340,455.49,2037.7,261.2,8886.9648
23340,23400,460.36,2053.6,265.6,9217.5000
