CampaignData_and_Merges/R0/CSL_MobileLab_Parked/raw/20240802/USOS-NOAAIodideCIMS-OrgNitrs_MobileLabGround_20240802_RA.ict
37, 1001
Michael A Robinson, Chris Jernigan, Subi Thakali
NOAA ESRL Chemical Sciences Laboratory and CIRES, U. of Colorado
NOAA Iodide CIMS Instrument
USOS
1, 1
2024, 08, 02, 2024, 08, 03
1
starttime_UTC, seconds_past_midnight, seconds_of_day_since_00:00:00_UTC
5
1, 1, 1, 1, 1
-9999, -9999, -9999, -9999, -9999
C4H7NO5_NOAACIMS, pptv, Gas_C4H7NO5_InSitu_S_AVMR, 
ISOPN_NOAACIMS, pptv, Gas_ISOPN_InSitu_S_AVMR, 
C5H10O3_NOAACIMS, pptv, Gas_C5H10O3_InSitu_S_AVMR, 
C5H9NO5_NOAACIMS, pptv, Gas_C5H9NO5_InSitu_S_AVMR, 
C10H17NO4_NOAACIMS, pptv, Gas_C10H17NO4_InSitu_S_AVMR, 
0
18
PI_CONTACT_INFO: 325 Broadway, R/CSD 7, Boulder, Colorado 80305; michael.a.robinson@noaa.gov; chris.jernigan@noaa.gov;
PLATFORM: NOAA CSL Mobile Lab
LOCATION: SLC, Utah
ASSOCIATED_DATA: 1Hz data also available on request.
INSTRUMENT_INFO: NOAA I- ToF CIMS
DATA_INFO: All data in parts per trillion by volume (pptv). 1 Hz data is available upon request.
UNCERTAINTY: TBD
ULOD_FLAG: -7777
ULOD_VALUE: N/A
LLOD_FLAG: -8888
LLOD_VALUE: N/A
DM_CONTACT_INFO: Nathan Howard; nathan.h.howard@noaa.gov
PROJECT_INFO: USOS, summer 2024. https://csl.noaa.gov/groups/csl7/measurements/2024usos/
STIPULATIONS_ON_USE: Users are strongly encouraged to contact the PI for proper data usage.
OTHER_COMMENTS: 
REVISION: RA
RA: Preliminary Data; For in-field use only
starttime_UTC, C4H7NO5_NOAACIMS, ISOPN_NOAACIMS, C5H10O3_NOAACIMS, C5H9NO5_NOAACIMS, C10H17NO4_NOAACIMS
[from data line 656]
 39360,  3.184,  6.811, 22.935,  7.287,  1.525
 39420,  3.183,  6.719, 23.587,  7.331,  1.648
 39480,  3.102,  6.377, 23.465,  7.211,  1.765
 39540,  3.164,  6.528, 23.336,  7.321,  1.812
 39600,  3.202,  6.823, 23.124,  7.374,  1.862
 39660,  3.237,  7.431, 24.828,  7.486,  1.711
 39720,  3.323,  7.486, 26.038,  7.851,  1.428
 39780,  3.411,  7.108, 28.872,  7.784,  1.518
 39840,  3.366,  7.850, 28.879,  8.050,  1.608
 39900,  3.773,  9.392, 33.091,  9.611,  1.510
 39960,  3.928, 10.041, 38.953, 10.580,  1.343
 40020,  4.054, 10.536, 44.141, 11.053,  1.453
 40080,  4.133, 10.261, 46.260, 11.300,  1.504
 40140,  4.210, 10.733, 48.323, 11.783,  1.563
 40200,  4.227, 11.049, 50.394, 11.747,  1.483
 40260,  4.181, 10.701, 49.723, 11.329,  1.547
 40320,  4.133, 10.174, 50.891, 11.266,  1.383
 40380,  4.092, 10.497, 53.210, 11.339,  1.393
 40440,  4.161, 10.294, 52.034, 11.178,  1.372
 40500,  4.081, 10.642, 51.690, 11.063,  1.349
 40560,  4.211, 10.133, 48.056, 11.102,  1.483
 40620,  4.397,  9.991, 45.481, 11.106,  1.812
 40680,  4.464,  9.860, 46.044, 11.410,  2.174
 40740,  4.366,  9.286, 42.224, 10.912,  2.106
 40800,  4.394,  9.822, 41.581, 10.917,  2.300
 40860,  4.263,  9.316, 40.711, 10.755,  2.133
 40920,  4.180,  8.969, 40.292, 10.146,  2.217
 40980,  4.241,  9.208, 38.122,  9.883,  2.061
 41040, -9999.000, -9999.000, -9999.000, -9999.000, -9999.000
 41100,  4.193,  9.041, 35.443, 10.366,  2.103
 41160,  4.292,  9.216, 36.661, 10.410,  2.127
 41220,  4.322,  9.035, 39.108, 10.385,  2.159
 41280,  4.116,  8.954, 38.887, 10.145,  2.342
 41340,  4.132,  9.088, 37.802, 10.047,  2.116
 41400,  3.967,  8.883, 36.643,  9.774,  2.286
 41460,  3.609,  7.779, 34.152,  8.486,  1.967
 41520,  3.515,  7.219, 32.941,  8.081,  1.979
 41580,  3.314,  6.922, 30.861,  7.856,  1.888
 41640,  3.808,  8.219, 33.646,  8.746,  2.288
 41700,  3.573,  7.925, 32.743,  8.419,  2.167
 41760,  3.474,  7.331, 28.860,  7.936,  1.834
 41820,  3.540,  7.569, 31.142,  8.178,  1.956
 41880,  3.785,  8.588, 31.115,  9.339,  2.180
 41940,  4.307,  9.063, 32.116, 10.156,  2.219
 42000,  4.142,  8.958, 31.753,  9.643,  2.296
 42060,  4.231,  8.965, 30.839, 10.221,  2.270
 42120,  4.310,  8.667, 33.411, 10.050,  2.390
 42180,  4.232,  8.908, 33.127, 10.276,  2.419
 42240,  4.218,  8.872, 33.802, 10.156,  2.191
 42300,  4.253,  8.535, 34.593, 10.439,  2.174
 42360,  4.200,  8.569, 32.775, 10.252,  2.071
 42420,  4.142,  8.930, 33.283,  9.712,  2.257
 42480,  4.279,  8.612, 34.839, 10.116,  2.224
 42540,  4.412,  8.370, 33.919,  9.953,  2.034
 42600,  4.293,  8.423, 32.218,  9.814,  2.009
 42660,  4.349,  8.261, 32.506,  9.912,  2.132
 42720,  4.296,  8.277, 32.018,  9.736,  2.115
 42780,  4.350,  8.307, 32.930,  9.909,  1.910
 42840,  4.317,  8.386, 32.435, 10.197,  2.052
 42900, -9999.000, -9999.000, -9999.000, -9999.000, -9999.000
 42960,  3.914,  7.888, 25.093,  8.546,  1.571
 43020,  3.828,  7.537, 26.476,  8.495,  1.710
 43080,  3.893,  7.637, 28.590,  8.738,  1.946
 43140,  3.854,  8.131, 28.860,  8.637,  1.925
 43200,  3.946,  7.926, 27.426,  8.899,  1.892
 43260,  3.998,  7.886, 28.482,  9.014,  1.951
 43320,  3.718,  7.104, 27.526,  8.665,  1.896
 43380,  3.784,  7.833, 27.949,  8.604,  1.983
 43440,  3.693,  7.456, 28.912,  8.317,  1.977
 43500,  3.682,  7.298, 26.881,  8.051,  1.842
 43560,  3.743,  7.591, 25.647,  8.229,  1.727
 43620,  3.566,  6.890, 25.818,  7.935,  1.703
 43680,  3.628,  7.144, 26.465,  8.083,  2.003
 43740,  3.631,  7.479, 26.387,  8.314,  1.788
 43800,  3.632,  7.534, 26.096,  8.509,  1.704
 43860,  3.761,  8.409, 31.825,  9.076,  1.672
 43920,  3.930, 10.042, 40.944, 10.628,  1.291
 43980,  4.074,  9.681, 46.834, 11.451,  1.095
 44040,  3.916,  9.696, 47.193, 10.716,  1.159
 44100,  3.819,  9.182, 43.549,  9.810,  1.254
 44160,  3.775,  8.909, 41.664,  9.594,  1.314
 44220,  3.887,  8.987, 42.572, 10.026,  1.372
 44280,  4.039,  9.199, 40.941, 10.061,  1.239
 44340,  4.565,  9.373, 41.717, 10.881,  1.624
 44400,  4.329,  9.008, 40.629, 10.185,  1.513
 44460,  4.297,  8.580, 39.880, 10.063,  1.408
 44520,  4.227,  8.865, 41.638, 10.044,  1.649
 44580,  3.936,  8.432, 38.251,  9.470,  1.606
 44640,  3.936,  8.497, 36.246,  9.408,  1.458
 44700,  3.957,  8.676, 36.521,  9.136,  1.509
 44760,  3.797,  7.824, 30.996,  8.666,  1.515
 44820,  3.733,  8.029, 34.355,  9.124,  1.453
 44880,  3.864,  8.079, 33.737,  9.097,  1.456
 44940,  3.950,  8.352, 34.815,  9.453,  1.577
 45000,  3.891,  7.854, 33.398,  9.163,  1.584
 45060,  3.738,  7.897, 33.325,  8.954,  1.593
 45120,  3.801,  7.904, 33.622,  8.688,  1.520
 45180,  3.968,  8.090, 33.853,  9.284,  1.760
 45240,  4.119,  8.421, 34.223,  9.275,  1.686
 45300,  4.019,  8.228, 34.142,  9.497,  1.717
 45360,  3.997,  7.675, 34.672,  8.788,  1.762
 45420,  3.968,  8.020, 34.459,  9.008,  1.789
 45480,  3.867,  7.773, 32.892,  8.902,  1.664
 45540,  3.798,  7.885, 31.228,  8.645,  1.621
 45600,  3.882,  7.426, 32.782,  8.513,  1.669
 45660,  3.872,  7.478, 32.084,  8.662,  1.665
 45720,  3.899,  7.824, 31.877,  8.609,  1.690
 45780,  3.885,  7.742, 32.735,  8.919,  1.673
 45840,  3.766,  7.315, 31.275,  8.382,  1.593
 45900,  3.839,  7.855, 31.370,  8.587,  1.626
 45960,  3.946,  7.974, 32.528,  8.669,  1.779
 46020,  3.972,  7.874, 32.715,  8.784,  1.706
 46080,  3.898,  7.305, 31.542,  8.456,  1.662
 46140,  3.929,  7.043, 31.768,  8.859,  1.534
 46200,  3.874,  7.369, 32.318,  8.686,  1.590
 46260,  3.822,  7.169, 32.009,  8.551,  1.679
 46320,  3.822,  7.218, 30.715,  8.655,  1.512
 46380,  3.853,  7.174, 30.046,  8.670,  1.541
 46440,  3.922,  7.071, 31.388,  8.551,  1.616
 46500,  3.857,  7.245, 31.383,  8.853,  1.664
 46560, -9999.000, -9999.000, -9999.000, -9999.000, -9999.000
 46620,  3.765,  7.214, 25.018,  7.968,  1.225
 46680,  3.864,  6.644, 27.261,  8.053,  1.403
 46740,  3.758,  6.945, 28.404,  7.978,  1.447
 46800,  3.829,  7.395, 28.233,  8.243,  1.659
 46860,  3.961,  8.428, 29.845,  9.241,  2.104
 46920,  4.154,  8.052, 30.672,  9.745,  2.183
 46980,  4.030,  7.272, 30.037,  9.075,  2.005
 47040,  4.062,  7.372, 31.234,  8.738,  1.943
 47100,  4.019,  7.527, 31.837,  8.830,  1.855
 47160,  3.925,  6.835, 29.309,  8.461,  1.709
 47220,  3.824,  6.741, 28.023,  8.135,  1.555
 47280,  3.912,  6.626, 28.771,  8.264,  1.693
 47340,  3.949,  6.842, 29.459,  8.263,  1.565
 47400,  3.976,  7.007, 28.823,  8.114,  1.579
 47460,  3.987,  6.744, 28.586,  8.030,  1.607
 47520,  3.843,  6.645, 27.541,  8.057,  1.629
 47580,  3.971,  6.688, 27.963,  7.862,  1.533
 47640,  3.908,  6.152, 29.075,  7.980,  1.568
 47700,  3.947,  6.572, 28.199,  7.888,  1.669
 47760,  4.096,  6.884, 28.106,  8.165,  1.402
 47820,  3.953,  6.375, 28.452,  7.830,  1.547
 47880,  4.021,  6.577, 29.411,  7.711,  1.439
 47940,  3.996,  6.301, 28.699,  7.708,  1.599
 48000,  3.871,  5.950, 27.485,  7.605,  1.383
 48060,  3.922,  5.864, 26.354,  7.460,  1.427
 48120,  3.949,  6.154, 27.977,  7.653,  1.437
 48180,  3.981,  6.234, 27.205,  7.705,  1.579
 48240,  4.006,  5.880, 27.152,  7.807,  1.405
 48300,  3.956,  6.243, 26.757,  7.647,  1.436
 48360,  4.051,  5.989, 26.757,  7.943,  1.427
 48420,  4.013,  5.265, 26.257,  7.282,  1.106
 48480,  4.140,  6.885, 25.799,  7.630,  1.328
 48540,  4.155,  6.405, 27.267,  8.168,  1.340
 48600,  4.098,  6.214, 25.889,  7.921,  1.400
 48660,  4.089,  6.294, 25.920,  7.642,  1.260
 48720,  4.244,  6.682, 27.737,  8.075,  1.388
 48780,  4.266,  6.727, 27.335,  8.259,  1.389
 48840,  4.173,  6.565, 26.372,  8.042,  1.453
 48900,  4.221,  6.524, 28.121,  8.021,  1.354
 48960,  4.314,  7.089, 26.559,  7.830,  1.444
 49020,  4.282,  6.673, 26.185,  8.087,  1.315
 49080,  4.288,  7.005, 27.808,  7.783,  1.299
 49140,  4.269,  7.739, 27.196,  8.064,  1.471
 49200,  4.111,  7.190, 25.983,  7.938,  1.343
 49260,  4.108,  7.411, 25.529,  7.749,  1.324
 49320,  4.104,  7.849, 26.921,  7.840,  1.512
 49380,  4.326,  7.299, 26.058,  7.684,  1.253
 49440,  4.313,  7.993, 27.212,  7.809,  1.436
 49500,  4.424,  8.290, 27.610,  8.025,  1.472
 49560,  4.399,  8.072, 26.401,  8.264,  1.232
 49620,  4.382,  8.608, 26.496,  8.037,  1.287
 49680,  4.419,  8.563, 27.200,  7.989,  1.310
 49740,  4.569,  8.519, 27.341,  8.012,  1.449
 49800,  4.584,  9.081, 28.562,  8.144,  1.500
 49860,  4.617,  9.054, 29.715,  8.402,  1.475
 49920,  4.618,  9.179, 27.741,  8.407,  1.339
 49980,  4.684,  9.728, 29.789,  8.331,  1.436
 50040,  4.642,  9.823, 28.224,  8.344,  1.404
 50100,  4.515,  9.291, 28.064,  8.094,  1.525
 50160,  4.730,  9.712, 28.472,  8.288,  1.555
 50220,  4.609, 10.139, 27.173,  8.551,  1.623
 50280, -9999.000, -9999.000, -9999.000, -9999.000, -9999.000
 50340,  4.734, 10.836, 24.064,  8.072,  1.461
 50400,  4.670, 10.266, 25.871,  8.255,  1.445
 50460,  4.680, 10.264, 26.126,  8.162,  1.476
 50520,  4.798, 11.449, 27.220,  8.392,  2.575
 50580,  4.954, 11.607, 28.091,  8.565,  3.077
 50640,  4.887, 11.617, 26.855,  8.174,  2.487
 50700,  4.734, 11.529, 28.984,  8.199,  2.803
 50760,  5.019, 11.764, 28.138,  8.646,  3.098
 50820,  5.006, 11.730, 27.686,  8.371,  2.889
 50880,  5.139, 12.411, 28.525,  8.402,  2.775
 50940,  4.981, 12.161, 28.536,  8.671,  2.321
 51000,  4.940, 12.523, 29.036,  8.440,  2.313
 51060,  5.060, 13.339, 28.966,  8.430,  2.557
 51120,  5.193, 13.015, 28.047,  8.520,  2.652
 51180,  5.452, 15.176, 30.188,  8.618,  2.727
 51240,  5.467, 15.656, 29.104,  8.919,  3.219
 51300,  5.568, 15.118, 30.795,  8.715,  3.002
 51360,  5.755, 14.756, 29.927,  9.174,  2.796
 51420,  5.778, 14.642, 30.928,  8.901,  2.965
 51480,  5.780, 13.994, 31.701,  9.310,  2.835
 51540,  5.890, 14.634, 31.187,  8.967,  2.756
 51600,  6.019, 15.468, 33.366,  9.627,  2.876
 51660,  5.961, 15.719, 32.620,  9.324,  2.903
 51720,  6.178, 16.496, 32.741,  9.167,  3.013
 51780,  6.308, 16.779, 33.451,  9.797,  2.171
 51840,  6.301, 17.069, 34.475,  9.564,  2.266
 51900,  6.410, 17.856, 36.301,  9.743,  2.232
 51960,  6.473, 18.774, 34.072,  9.696,  2.082
 52020,  6.596, 19.485, 34.976,  9.769,  2.316
 52080,  6.710, 19.220, 34.480, 10.041,  2.185
 52140,  6.669, 19.541, 35.417,  9.972,  2.042
 52200,  6.737, 20.403, 34.404,  9.463,  2.309
 52260,  6.568, 20.463, 33.592,  9.611,  2.310
 52320,  6.853, 20.895, 32.054,  9.854,  2.483
 52380,  6.987, 21.556, 32.543,  9.867,  2.305
 52440,  7.191, 21.541, 32.286, 10.277,  2.223
 52500,  7.379, 21.407, 33.833, 10.160,  2.126
 52560,  7.323, 21.222, 31.013, 10.182,  2.068
 52620,  7.423, 21.276, 33.052,  9.875,  2.288
 52680,  7.322, 21.660, 32.085,  9.959,  2.288
 52740,  7.387, 22.315, 32.595, 10.052,  2.264
 52800,  7.605, 22.570, 33.566, 10.276,  2.264
 52860,  7.395, 22.857, 33.272, 10.082,  2.226
 52920,  7.518, 22.442, 33.105, 10.000,  2.137
 52980,  7.356, 23.235, 33.046,  9.939,  2.224
 53040,  7.808, 24.957, 33.737, 10.031,  2.218
 53100,  7.845, 24.642, 34.743, 10.231,  2.125
 53160,  7.804, 24.756, 34.133, 10.329,  2.186
 53220,  8.050, 25.539, 33.480, 10.236,  2.195
 53280,  8.041, 25.729, 35.837, 10.155,  2.465
 53340,  8.155, 25.877, 33.880, 10.308,  2.318
 53400,  8.220, 27.363, 35.785, 10.302,  2.368
 53460,  8.018, 27.388, 35.897, 10.353,  2.445
 53520,  8.378, 26.948, 34.408, 10.454,  2.148
 53580,  8.335, 27.719, 34.128, 10.485,  2.412
 53640,  8.401, 27.032, 35.010, 10.497,  2.319
 53700,  8.679, 28.642, 34.588, 10.406,  2.182
 53760,  8.418, 27.430, 35.182, 10.560,  2.260
 53820,  8.580, 28.735, 35.414, 10.257,  2.237
 53880,  8.880, 28.402, 36.584, 10.860,  2.069
 53940,  8.705, 29.048, 36.689, 10.481,  2.047
 54000,  8.190, 30.917, 30.597,  7.180,  1.632
 54060,  8.770, 29.153, 33.508, 10.136,  1.903
 54120,  8.834, 29.443, 35.276, 10.312,  2.024
 54180,  8.969, 29.874, 36.629, 10.258,  2.080
 54240,  9.185, 30.466, 37.965, 10.300,  1.941
 54300,  9.282, 31.388, 38.397, 10.693,  1.937
 54360,  9.420, 31.662, 41.135, 11.004,  2.153
 54420,  9.567, 32.473, 40.584, 10.654,  2.264
 54480,  9.402, 30.654, 41.039, 10.718,  2.004
 54540,  9.538, 29.966, 41.997, 10.589,  1.869
 54600,  9.613, 30.141, 43.096, 10.900,  1.938
 54660,  9.684, 30.627, 43.603, 10.722,  1.761
 54720,  9.842, 29.985, 44.415, 10.832,  2.002
 54780,  9.918, 31.492, 49.021, 10.949,  2.205
 54840,  9.465, 27.815, 37.964, 10.722,  1.706
 54900,  9.632, 29.625, 46.500, 10.853,  2.445
 54960,  9.443, 27.006, 35.680, 10.559,  1.960
 55020,  9.846, 29.384, 43.124, 10.609,  2.321
 55080,  9.783, 28.309, 37.819, 10.709,  2.031
 55140, 10.235, 30.401, 43.103, 10.519,  2.371
 55200,  9.869, 28.969, 37.587, 10.699,  1.913
 55260, 10.382, 30.620, 43.631, 11.035,  2.260
 55320, 10.146, 30.726, 39.252, 10.775,  2.250
 55380, 10.435, 31.621, 42.864, 11.212,  2.432
 55440, 10.404, 31.552, 38.216, 11.153,  2.319
 55500, 10.535, 32.277, 39.428, 11.068,  2.516
 55560, 10.654, 32.363, 39.123, 11.579,  2.479
 55620, 10.660, 32.064, 39.969, 11.175,  2.298
 55680, 10.846, 32.885, 38.471, 11.237,  2.415
 55740, 11.187, 34.372, 40.174, 11.744,  2.235
 55800, 11.328, 34.392, 41.363, 11.818,  2.617
 55860, 11.270, 33.819, 36.935, 11.603,  1.922
 55920, 11.588, 33.591, 39.219, 11.873,  2.119
 55980, 11.740, 34.746, 41.399, 12.175,  2.322
 56040, 11.463, 32.975, 39.247, 12.073,  2.217
 56100, 11.781, 34.790, 41.266, 12.065,  2.442
 56160, 11.986, 36.430, 42.888, 12.337,  2.521
 56220, 12.357, 35.840, 41.693, 12.821,  2.626
 56280, 12.344, 33.629, 41.501, 12.802,  2.472
 56340, 12.379, 32.777, 40.190, 13.087,  2.289
 56400, 12.231, 31.889, 41.775, 13.307,  2.505
 56460, 12.469, 31.680, 40.352, 13.265,  2.389
 56520, 12.844, 33.601, 42.285, 13.745,  2.262
 56580, 12.863, 33.258, 42.801, 13.851,  2.488
 56640, 13.008, 33.710, 40.959, 13.968,  2.321
 56700, 13.534, 36.380, 45.630, 15.469,  2.356
 56760, -9999.000, -9999.000, -9999.000, -9999.000, -9999.000
 56820, -9999.000, -9999.000, -9999.000, -9999.000, -9999.000
 56880, -9999.000, -9999.000, -9999.000, -9999.000, -9999.000
 56940, -9999.000, -9999.000, -9999.000, -9999.000, -9999.000
 57000, -9999.000, -9999.000, -9999.000, -9999.000, -9999.000
 57060, 13.573, 37.578, 44.227, 13.770,  2.114
 57120, 13.626, 36.785, 43.445, 13.981,  2.401
 57180, 13.692, 35.876, 43.798, 13.904,  2.185
 57240, 13.927, 36.403, 44.235, 14.115,  2.146
 57300, -9999.000, -9999.000, -9999.000, -9999.000, -9999.000
 57360, 13.621, 34.878, 37.257, 13.609,  1.864
 57420, 13.884, 35.248, 42.071, 14.146,  1.934
 57480, 14.000, 36.300, 45.110, 14.056,  2.105
 57540, 13.829, 32.652, 42.353, 13.409,  1.777
 57600, 13.790, 31.766, 41.937, 13.080,  1.787
 57660, 14.231, 35.561, 40.264, 13.186,  1.593
 57720, 14.252, 36.750, 40.998, 13.185,  1.771
 57780, 14.485, 37.515, 40.868, 13.085,  1.729
 57840, 14.337, 37.711, 39.855, 12.533,  1.842
 57900, 14.426, 37.160, 39.380, 12.722,  1.798
 57960, 14.545, 40.600, 38.264, 13.247,  2.003
 58020, -9999.000, -9999.000, -9999.000, -9999.000, -9999.000
 58080, -9999.000, -9999.000, -9999.000, -9999.000, -9999.000
 58140, -9999.000, -9999.000, -9999.000, -9999.000, -9999.000
 58200, -9999.000, -9999.000, -9999.000, -9999.000, -9999.000
 58260, -9999.000, -9999.000, -9999.000, -9999.000, -9999.000
 58320, -9999.000, -9999.000, -9999.000, -9999.000, -9999.000
 58380, -9999.000, -9999.000, -9999.000, -9999.000, -9999.000
 58440, -9999.000, -9999.000, -9999.000, -9999.000, -9999.000
 58500, -9999.000, -9999.000, -9999.000, -9999.000, -9999.000
 58560, -9999.000, -9999.000, -9999.000, -9999.000, -9999.000
 58620, -9999.000, -9999.000, -9999.000, -9999.000, -9999.000
 58680, -9999.000, -9999.000, -9999.000, -9999.000, -9999.000
 58740, -9999.000, -9999.000, -9999.000, -9999.000, -9999.000
 58800, -9999.000, -9999.000, -9999.000, -9999.000, -9999.000
 58860, -9999.000, -9999.000, -9999.000, -9999.000, -9999.000
 58920, -9999.000, -9999.000, -9999.000, -9999.000, -9999.000
 58980, -9999.000, -9999.000, -9999.000, -9999.000, -9999.000
 59040, -9999.000, -9999.000, -9999.000, -9999.000, -9999.000
 59100, -9999.000, -9999.000, -9999.000, -9999.000, -9999.000
