CampaignData_and_Merges/R0/CSL_MobileLab_Parked/raw/20240802/USOS-POPS_MobileLabGround_20240802_R0.ict
78, 1001
Thornberry, T. D.
NOAA Chemical Sciences Laboratory
Portable Optical Particle Spectrometer (POPS)
USOS
1, 1
2024, 08, 02, 2025, 05, 08
60
Time_Start, seconds_past_midnight, Start time of measurement
45
1, 1, 1, 1, 1, 1, 1, 1, 1, 1, 1, 1, 1, 1, 1, 1, 1, 1, 1, 1, 1, 1, 1, 1, 1, 1, 1, 1, 1, 1, 1, 1, 1, 1, 1, 1, 1, 1, 1, 1, 1, 1, 1, 1, 1
-9999, -9999, -9999, -9999, -9999, -9999, -9999, -9999, -9999, -9999, -9999, -9999, -9999, -9999, -9999, -9999, -9999, -9999, -9999, -9999, -9999, -9999, -9999, -9999, -9999, -9999, -9999, -9999, -9999, -9999, -9999, -9999, -9999, -9999, -9999, -9999, -9999, -9999, -9999, -9999, -9999, -9999, -9999, -9999, -9999
Time_Stop, seconds_past_midnight, Stop time of measurement
Time_Mid, seconds_past_midnight, Mid time of measurement
Press_mb, mb, Pressure reported (mb)
Temp_C, degrees C, POPS temperature measurement
Aerosol_concentration, cm^-3, Aerosol concentration
Surface_Area_Conc, um^2 cm^-3, Surface area concentration
Volume_density, um^3 cm^-3, Volume density
Effective_radius, um, Effective radius
Extinction, km^-1, Extinction
Bin01, cm^-3, particle concentration in size range [1401 - 146.3 nm]
Bin02, cm^-3, particle concentration in size range [146.3 - 152.8 nm]
Bin03, cm^-3, particle concentration in size range [152.8 - 159.6 nm]
Bin04, cm^-3, particle concentration in size range [159.6 - 166.8 nm]
Bin05, cm^-3, particle concentration in size range [166.8 - 174.2 nm]
Bin06, cm^-3, particle concentration in size range [174.2 - 181.9 nm]
Bin07, cm^-3, particle concentration in size range [181.9 - 190.0 nm]
Bin08, cm^-3, particle concentration in size range [190.0 - 198.5 nm]
Bin09, cm^-3, particle concentration in size range [198.5 - 207.4 nm]
Bin10, cm^-3, particle concentration in size range [207.4 - 216.6 nm]
Bin11, cm^-3, particle concentration in size range [216.6 - 226.2 nm]
Bin12, cm^-3, particle concentration in size range [226.2 - 236.3 nm]
Bin13, cm^-3, particle concentration in size range [236.3 - 246.8 nm]
Bin14, cm^-3, particle concentration in size range [246.8 - 257.8 nm]
Bin15, cm^-3, particle concentration in size range [257.8 - 269.3 nm]
Bin16, cm^-3, particle concentration in size range [269.3 - 343.4 nm]
Bin17, cm^-3, particle concentration in size range [343.4 - 450.7 nm]
Bin18, cm^-3, particle concentration in size range [450.7 - 525.9 nm]
Bin19, cm^-3, particle concentration in size range [525.9 - 618.5 nm]
Bin20, cm^-3, particle concentration in size range [618.5 - 710.0 nm]
Bin21, cm^-3, particle concentration in size range [710.0 - 822.7 nm]
Bin22, cm^-3, particle concentration in size range [822.7 - 885.9 nm]
Bin23, cm^-3, particle concentration in size range [885.9 - 953.9 nm]
Bin24, cm^-3, particle concentration in size range [953.9 - 1027.2 nm]
Bin25, cm^-3, particle concentration in size range [1027.2 - 1106.1 nm]
Bin26, cm^-3, particle concentration in size range [1106.1 - 1191.0 nm]
Bin27, cm^-3, particle concentration in size range [1191.0 - 1282.5 nm]
Bin28, cm^-3, particle concentration in size range [1282.5 - 1381.0 nm]
Bin29, cm^-3, particle concentration in size range [1381.0 - 1487.1 nm]
Bin30, cm^-3, particle concentration in size range [1487.1 - 1601.3 nm]
Bin31, cm^-3, particle concentration in size range [1601.3 - 1724.3 nm]
[...]
PLATFORM: NOAA CSL Mobile Lab
LOCATION: USOS
ASSOCIATED_DATA: N/A
INSTRUMENT_INFO: Printed Optical Particle Spectrometer counts particles from 140 - 2500 nm in diameter 
DATA_INFO: Particle concentrations reported in number per cubic centimeter,1 Hz data
UNCERTAINTY: Counting uncertainty dominated by air flow, less than 5 percent. Measurement range is ~0 - 3000 per cm3 (varies depending on flow rate- manufacturer quotes 1250 per cm3 at 1.667 cc/s)
ULOD_FLAG: -7777
ULOD_VALUE: N/A
LLOD_FLAG: -8888
LLOD_VALUE: N/A
DM_CONTACT_INFO: Troy Thornberry, 325 Broadway R/CSL6, Boulder, CO 80305; troy.thornberry@noaa.gov; 303-497-3373
PROJECT_INFO: USOS, Utah POPS data from NOAA CSL Mobile Lab
STIPULATIONS_ON_USE: Please contact the PIs for questions regarding applications and uncertainties
OTHER_COMMENTS: POPS bin Edges (nm):  140.1, 146.3, 152.8, 159.6, 166.8, 174.2, 181.9, 190.0, 198.5, 207.4, 216.6, 226.2, 236.3, 246.8, 257.8, 269.3, 343.4, 450.7, 525.9, 618.5, 710.0, 822.7, 885.9, 953.9, 1027.2, 1106.1, 1191.0, 1282.5, 1381.0, 1487.1, 1601.3, 1724.3, 1856.7, 1999.3, 2152.8, 2318.2, 2496.2
Calculations assume organic aerosol refractive index of 1.52+0.00j and extinction wavelength = 532 nm
REVISION: R0
R0: Final data
Time_Start, Time_Stop, Time_Mid, Press_mb, Temp_C, Aerosol_concentration, Surface_Area_Conc, Volume_density, Effective_radius, Extinction, Bin01, Bin02, Bin03, Bin04, Bin05, Bin06, Bin07, Bin08, Bin09, Bin10, Bin11, Bin12, Bin13, Bin14, Bin15, Bin16, Bin17, Bin18, Bin19, Bin20, Bin21, Bin22, Bin23, Bin24, Bin25, Bin26, Bin27, Bin28, Bin29, Bin30, Bin31, Bin32, Bin33, Bin34, Bin35, Bin36
[from data line 309]
18540,18599,18570,876.137,30.298,654.013,142.321,8.117,0.171,0.055,28.476246,28.375652,28.288733,29.233122,29.703796,28.609564,28.710644,29.290846,28.791021,29.670933,30.622562,32.927807,34.901691,35.520790,30.862766,130.408218,48.821255,14.507669,4.525175,0.676427,0.395790,0.187705,0.083259,0.094676,0.071868,0.027550,0.028280,0.016729,0.038651,0.033261,0.028085,0.010702,0.017027,0.016273,0.005291,0.033032
18600,18659,18630,876.129,30.181,658.629,143.243,8.204,0.171,0.055,28.593775,29.285007,29.052238,29.111746,28.881046,29.642656,29.079557,29.366877,28.932673,29.356737,30.672083,33.632401,34.402065,36.041153,31.737221,130.814438,49.119850,14.667131,4.537128,0.578692,0.400851,0.183143,0.144524,0.071801,0.050300,0.033379,0.022121,0.022251,0.033633,0.033264,0.044738,0.017029,0.016651,0.011055,0.005727,0.033621
18660,18719,18690,876.118,30.003,657.157,142.332,8.098,0.170,0.055,28.308683,28.709700,28.799555,29.064098,29.583149,30.274488,28.212860,29.300327,29.820507,29.892866,30.747509,32.833828,35.153988,35.559715,30.988317,131.379944,48.049763,14.555755,4.359907,0.480692,0.312542,0.238523,0.107289,0.079085,0.051425,0.033266,0.027697,0.028691,0.028226,0.028436,0.057568,0.010978,0.033279,0.022512,0.005432,0.016386
18720,18779,18750,876.108,30.088,653.110,141.567,8.043,0.170,0.055,28.770937,28.490858,27.998095,28.960741,28.703436,28.838633,29.560568,29.436405,28.819973,29.480070,31.571329,33.282993,34.577866,35.071049,31.134138,129.357773,48.426979,14.043723,4.955609,0.658601,0.288007,0.138470,0.116582,0.077755,0.049632,0.072426,0.044070,0.022005,0.033800,0.016400,0.033528,0.038698,0.016915,0.005612,0.005447,0.011052
18780,18839,18810,876.104,30.432,659.970,143.200,8.315,0.174,0.055,28.489454,28.679880,28.497469,29.691072,29.870857,28.832968,28.969070,29.618799,29.769905,31.234257,31.220436,33.584709,34.614166,35.248966,31.806282,131.658951,47.468712,14.508422,4.482677,0.667636,0.379054,0.096894,0.101000,0.063435,0.051224,0.051382,0.033937,0.022670,0.051300,0.033952,0.039498,0.033914,0.057414,0.017415,0.011321,0.011440
18840,18899,18870,876.095,30.684,662.420,143.625,8.179,0.170,0.055,28.978725,28.836264,29.287266,29.503927,31.000772,29.506056,28.983845,29.655987,29.191917,29.778542,30.535696,32.909657,35.586121,34.943340,32.044010,132.743103,48.117073,14.465841,4.587962,0.569138,0.356379,0.231387,0.151077,0.049666,0.100937,0.055912,0.072799,0.022211,0.028195,0.016741,0.021876,0.010706,0.016326,0.027459,0.016680,0.016786
18900,18959,18930,876.097,30.569,655.025,141.403,7.991,0.169,0.054,29.453878,29.135277,28.091311,29.443495,29.725048,29.070505,28.568768,30.143299,29.276434,30.037420,30.084330,32.825226,34.270927,34.957546,31.144884,130.506042,47.908070,14.358847,4.468559,0.551001,0.338532,0.161090,0.111106,0.072139,0.022799,0.055614,0.039031,0.021673,0.017066,0.032296,0.044323,0.016836,0.044238,0.011300,0.010806,0.005411
18960,19019,18990,876.068,30.436,661.750,144.150,8.352,0.173,0.056,28.951073,28.704174,29.322531,29.898428,29.500710,29.853140,29.246717,29.521402,29.476412,29.965509,30.602184,33.496098,35.128418,35.393070,31.495378,131.691803,48.390987,14.780704,4.497289,0.595819,0.385441,0.194283,0.161919,0.049825,0.066754,0.033449,0.050343,0.044366,0.038294,0.061584,0.056261,0.016739,0.028028,0.021935,0.016936,0.011416
19020,19079,19050,876.070,30.410,659.610,143.447,8.141,0.170,0.055,29.055002,28.536995,28.411846,29.092194,30.255600,28.979008,28.671608,29.568220,29.608671,29.272301,30.663975,33.568764,34.917809,36.206352,31.706236,130.961380,48.894203,15.040591,4.471463,0.635475,0.309777,0.187404,0.161807,0.072479,0.073860,0.028209,0.056736,0.050578,0.039019,0.005785,0.039000,0.011332,0.016962,0.005845,0.005485,0.028363
19080,19139,19110,876.071,30.331,660.430,143.979,8.557,0.178,0.055,29.239346,29.757139,28.041044,29.131357,30.129442,29.838202,28.878889,29.518568,29.420538,30.456585,30.379520,33.261284,34.354630,35.643085,31.642342,131.885651,48.530846,14.031937,4.548968,0.542575,0.309187,0.155201,0.160225,0.104041,0.071427,0.066307,0.050011,0.016820,0.039180,0.032777,0.049738,0.032885,0.022128,0.021898,0.033358,0.033137
19140,19199,19170,876.050,30.184,658.704,142.254,8.076,0.170,0.054,30.362122,29.648106,28.608212,29.247290,29.379797,29.500935,29.058094,29.545465,28.829195,29.877460,30.137672,32.823093,34.785011,35.498539,32.322308,131.130707,47.778969,13.774633,4.592113,0.600643,0.424320,0.167358,0.183262,0.071379,0.067172,0.038812,0.044368,0.040182,0.022151,0.010810,0.061241,0.016467,0.022587,0.005807,0.011135,0.016468
19200,19259,19230,876.054,30.136,660.356,142.876,8.357,0.175,0.055,30.651405,30.008110,29.245920,29.651354,29.298338,29.972973,29.315941,29.120365,29.221756,30.195461,31.050320,33.221382,34.794037,34.455826,31.285000,130.692871,47.711143,14.079214,4.641909,0.617194,0.339248,0.195858,0.115580,0.094837,0.061610,0.039276,0.039230,0.017144,0.022317,0.022566,0.055860,0.022218,0.016307,0.016714,0.028274,0.038183
19260,19319,19290,876.034,30.279,662.162,142.683,8.120,0.170,0.055,30.574438,30.519430,29.954397,29.973566,29.635763,30.190578,28.622709,29.428246,29.436262,29.854424,30.557053,33.747940,34.494720,34.996029,31.446575,129.676498,48.192440,14.694735,4.486100,0.504282,0.430476,0.166580,0.137770,0.125652,0.040703,0.017694,0.011557,0.051609,0.045894,0.011398,0.067536,0.017197,0.011145,0.005526,0.017576,0.017735
19320,19379,19350,876.039,30.586,664.771,143.802,8.179,0.171,0.055,30.619600,29.289207,29.404543,29.573442,29.257668,30.092968,30.052614,29.087187,29.301867,29.817894,31.951534,33.059212,35.014847,35.186123,31.873707,131.750824,48.412670,14.739401,4.451906,0.672951,0.330702,0.227895,0.127164,0.110921,0.077611,0.039524,0.032762,0.038316,0.027602,0.033252,0.043576,0.021617,0.016822,0.005688,0.010865,0.016293
19380,19439,19410,876.076,30.641,660.420,142.893,8.245,0.173,0.055,29.875639,30.035473,29.467688,29.677235,30.149036,29.439938,28.793436,29.672869,29.292021,29.476410,30.899998,32.714180,34.943176,34.816700,31.581106,131.209778,47.948746,14.293445,4.271992,0.684590,0.407118,0.138921,0.127934,0.072027,0.101389,0.049971,0.022609,0.033848,0.022756,0.061338,0.033164,0.016671,0.027543,0.027902,0.016607,0.016722
19440,19499,19470,876.086,30.514,658.668,142.016,8.023,0.169,0.054,30.268576,29.343212,28.760046,28.928621,29.857380,29.427107,29.744776,29.582951,29.332846,29.803434,30.435553,32.057549,34.428875,35.678257,31.994781,131.101746,47.216011,14.502597,4.465926,0.609515,0.373250,0.244468,0.112197,0.077731,0.049851,0.038208,0.033318,0.033487,0.016762,0.044428,0.033494,0.021601,0.027308,0.000000,0.005747,0.016445
19500,19559,19530,876.082,30.452,660.980,143.904,8.537,0.178,0.056,30.795341,29.752542,30.076868,30.532616,29.565170,28.989195,28.864742,29.043192,29.349113,29.489841,29.848963,32.778461,34.768692,34.627754,31.946268,131.215271,48.640347,14.326515,4.528123,0.550236,0.379166,0.213830,0.154836,0.068169,0.063065,0.034035,0.079797,0.028178,0.051792,0.028651,0.063421,0.040028,0.016744,0.022552,0.011535,0.034385
19560,19619,19590,876.075,30.338,663.787,144.443,8.503,0.176,0.056,31.160381,29.693008,29.317747,30.906858,29.879042,29.673674,29.232504,29.002533,29.596628,29.562372,30.700136,33.031548,34.519966,35.401634,31.591118,131.355621,48.031765,14.742798,4.325828,0.665436,0.448765,0.213663,0.130004,0.101364,0.073175,0.079591,0.033984,0.073969,0.033163,0.057069,0.044888,0.022500,0.022420,0.011243,0.016534,0.033968
19620,19679,19650,876.084,30.179,655.031,141.461,8.100,0.171,0.054,30.629284,29.428724,28.783262,29.389614,29.490173,29.818768,28.495476,29.112072,28.735769,29.377634,30.755022,32.356785,34.306557,34.760635,31.804913,129.440598,47.982281,14.245844,4.391329,0.641190,0.342292,0.165431,0.110424,0.100005,0.082424,0.060999,0.037740,0.016324,0.043792,0.011130,0.032579,0.021692,0.005519,0.005258,0.011149,0.038469
19680,19739,19710,876.080,30.123,657.894,143.098,8.448,0.176,0.055,29.438953,29.617437,28.949518,29.595619,30.272329,29.654037,29.624872,29.506708,29.579046,29.279261,30.367434,32.725849,34.353031,34.962032,30.556574,130.715439,47.966957,14.419821,4.491491,0.605535,0.367926,0.189226,0.105800,0.111590,0.073374,0.039206,0.043979,0.027779,0.027781,0.045318,0.055676,0.022918,0.016729,0.028752,0.011242,0.044318
19740,19799,19770,876.069,30.398,652.897,142.297,8.419,0.177,0.055,28.839214,29.221128,27.958628,29.210058,29.224487,28.875599,30.095760,29.282358,29.087580,30.043957,30.697353,32.439648,34.569828,34.973984,30.667492,129.274567,47.686325,14.400089,4.407637,0.631947,0.388083,0.221573,0.178590,0.067289,0.082855,0.083688,0.038357,0.049564,0.033517,0.016346,0.022188,0.038599,0.000000,0.033260,0.010983,0.044762
19800,19859,19830,876.088,30.674,649.488,141.039,8.297,0.176,0.054,28.353939,27.883837,28.639837,28.792805,29.354582,29.172544,28.951237,28.854353,29.243343,29.975695,30.441723,33.403866,34.386185,34.532589,30.961250,128.848343,47.413868,14.181434,4.392822,0.588635,0.371267,0.159302,0.107262,0.111946,0.039485,0.061699,0.039355,0.016497,0.022383,0.027810,0.027703,0.045524,0.016690,0.011133,0.005521,0.051236
19860,19919,19890,876.098,30.684,649.470,140.827,8.160,0.174,0.054,28.965841,27.888716,27.532604,29.527220,29.514252,28.911438,29.059814,29.198061,28.866594,29.235939,30.747696,32.979443,34.647434,34.827766,30.081045,129.278717,48.142593,14.096693,4.372443,0.509899,0.360828,0.160267,0.111714,0.072291,0.077644,0.038866,0.060659,0.010719,0.022132,0.027080,0.027323,0.038580,0.021960,0.011169,0.022276,0.022127
19920,19979,19950,876.110,30.539,648.464,141.087,8.432,0.179,0.054,29.290371,28.357697,27.898186,29.007547,29.171465,29.020700,28.155766,29.831697,28.769094,29.530741,30.637482,33.451885,34.589844,34.146027,31.292830,128.117432,46.873234,14.426443,4.197983,0.544758,0.300077,0.178283,0.100080,0.087768,0.083647,0.060792,0.054664,0.033240,0.017065,0.055195,0.033361,0.044186,0.016347,0.016365,0.039015,0.033227
19980,20039,20010,876.121,30.468,650.427,142.220,8.470,0.178,0.055,28.692236,27.658030,28.546505,29.441477,29.614187,29.130520,29.098789,29.838097,27.909664,29.024115,30.694407,32.935349,33.898495,34.740547,31.938480,128.572922,48.271343,14.291559,4.343024,0.546752,0.366333,0.200225,0.112150,0.067827,0.078046,0.073124,0.023109,0.039620,0.044108,0.043229,0.054706,0.022225,0.032758,0.016818,0.027823,0.038732
20040,20099,20070,876.120,30.254,652.443,142.165,8.279,0.174,0.055,28.505243,28.244482,28.925121,29.062885,29.641567,28.930328,28.496771,29.176966,28.834784,29.522465,30.135691,33.622478,34.296730,34.194130,31.601427,130.786163,47.848480,14.299951,4.412486,0.640617,0.411378,0.212003,0.116802,0.089021,0.073052,0.066647,0.061200,0.016917,0.021984,0.049507,0.032862,0.044926,0.028238,0.022648,0.005807,0.011069
20100,20159,20130,876.112,30.129,652.310,142.131,8.354,0.176,0.055,28.480198,28.809387,27.677073,29.139305,29.252796,29.392479,29.259232,28.936510,28.993614,29.967184,30.044254,32.768700,34.670845,35.201084,31.031019,129.425644,48.802681,14.184475,4.711079,0.520863,0.379771,0.138130,0.077569,0.027203,0.066139,0.050560,0.010913,0.044760,0.016531,0.049103,0.049682,0.044146,0.032542,0.005631,0.027510,0.021734
20160,20219,20190,876.132,30.031,647.942,140.974,8.170,0.173,0.054,28.246710,28.293781,27.915802,27.824757,29.385666,28.873659,28.755484,29.291010,28.339737,29.948595,30.722456,32.945278,34.814552,34.611725,31.743567,129.292038,46.320133,14.532172,4.299492,0.545743,0.377596,0.189315,0.164603,0.105001,0.065919,0.060045,0.027792,0.028152,0.033278,0.043833,0.061113,0.011223,0.016854,0.005747,0.005394,0.044016
20220,20279,20250,876.139,30.289,656.532,143.083,8.280,0.173,0.055,28.449400,27.811583,28.141397,29.447088,29.464148,29.429647,28.953932,29.329073,29.154755,30.040972,30.957161,33.840744,34.792847,34.458157,31.877731,131.580795,47.739792,14.893762,4.458732,0.552981,0.408507,0.156352,0.116212,0.111017,0.082522,0.027491,0.022636,0.044013,0.027426,0.016522,0.038557,0.005519,0.027657,0.005394,0.022065,0.045091
20280,20339,20310,876.169,30.563,652.532,141.384,7.943,0.168,0.054,27.357889,27.965019,27.325272,28.503710,29.269421,28.992365,28.573280,30.185591,29.408016,29.880463,31.205265,33.260185,34.844578,35.072655,32.055660,130.829834,47.336887,14.509212,4.339659,0.503806,0.361316,0.200755,0.122243,0.082953,0.078715,0.044283,0.050440,0.027738,0.033126,0.022758,0.033208,0.010929,0.005464,0.005650,0.016956,0.016614
20340,20399,20370,876.176,30.639,647.735,141.312,8.188,0.173,0.054,27.356647,26.925663,27.691332,28.302423,29.161659,28.934473,28.148325,28.484568,28.825911,29.391266,31.055632,33.306316,35.138409,34.929062,31.333458,130.620377,47.668335,14.413089,4.488083,0.603190,0.309888,0.093423,0.110768,0.077475,0.061390,0.044670,0.033325,0.033025,0.022147,0.027645,0.021913,0.026977,0.021613,0.027737,0.016730,0.028308
20400,20459,20430,876.202,30.553,650.007,142.336,8.213,0.173,0.055,27.150629,27.829126,27.558508,28.434376,29.206327,28.585176,28.796419,29.123501,28.513641,29.624844,30.536263,33.096264,34.401382,35.029331,31.726849,131.017380,48.266823,14.681853,4.694438,0.620570,0.409891,0.193601,0.110035,0.060747,0.049754,0.044685,0.038272,0.016954,0.033562,0.016685,0.038444,0.016769,0.022591,0.011030,0.016350,0.033457
20460,20519,20490,876.198,30.445,652.059,142.366,8.119,0.171,0.055,26.694565,26.775900,27.074991,27.978148,29.720556,29.414862,28.274965,29.291965,28.861969,30.253521,31.508173,32.890396,35.380077,35.425232,32.354156,131.050232,48.435574,14.553466,4.463387,0.637009,0.304787,0.153633,0.084747,0.074177,0.073536,0.052073,0.039297,0.039357,0.045329,0.022851,0.056409,0.028735,0.022705,0.005688,0.005688,0.011190
20520,20579,20550,876.210,30.285,655.553,143.087,8.192,0.171,0.055,27.118940,27.414171,26.992918,28.480850,28.884378,28.688622,28.386883,29.091354,29.872820,30.535748,31.532082,33.257420,35.455917,36.475876,32.959530,131.661148,48.067009,14.650627,4.354156,0.624008,0.315233,0.148701,0.143293,0.081268,0.068951,0.040239,0.028001,0.011790,0.040480,0.028645,0.056475,0.011233,0.022394,0.017420,0.000000,0.034616
20580,20639,20610,876.214,30.251,655.651,142.757,8.029,0.168,0.055,27.452311,26.402241,27.476732,28.728874,29.185545,28.664036,28.314486,29.529081,29.400925,30.731937,31.259504,34.057659,36.087601,35.511543,31.639828,131.308594,49.071140,14.654054,4.527762,0.668144,0.373218,0.189417,0.100076,0.061815,0.038478,0.011288,0.038676,0.027841,0.016064,0.022024,0.022012,0.016045,0.005650,0.027848,0.017229,0.010893
20640,20699,20670,876.206,30.228,656.233,143.326,8.149,0.170,0.055,27.205465,26.886688,26.998697,28.180294,28.305067,28.761751,28.362942,29.459152,29.778717,29.759171,32.008347,34.434685,35.768456,36.068378,32.235802,132.127960,49.122700,14.610210,4.615438,0.463799,0.412403,0.173094,0.116551,0.054804,0.056042,0.038114,0.027516,0.027829,0.027688,0.033540,0.028350,0.033315,0.016642,0.005631,0.016772,0.011156
20700,20759,20730,876.200,30.558,657.750,143.338,8.227,0.172,0.055,27.092783,27.416975,27.379566,28.434456,29.237017,28.850492,28.822584,29.370924,29.175613,30.214952,32.029678,33.977146,35.501469,35.901714,32.187347,133.967331,47.713463,14.720272,4.064092,0.652957,0.350237,0.149120,0.061391,0.089114,0.083371,0.044279,0.022213,0.010893,0.039051,0.033256,0.078457,0.021863,0.005308,0.016934,0.000000,0.033897
20760,20819,20790,876.203,30.800,659.072,144.331,8.204,0.170,0.056,26.427887,27.518915,27.734451,28.455259,28.218998,28.803438,29.155518,29.106155,29.025101,29.742832,31.469145,34.641094,36.036652,36.660839,32.292454,133.786743,48.637173,15.174395,4.574537,0.557610,0.306845,0.167461,0.111307,0.077591,0.073378,0.044711,0.049869,0.038043,0.038995,0.033484,0.027741,0.028089,0.038869,0.005325,0.005612,0.005747
