CampaignData_and_Merges/R0/CSL_MobileLab_Parked/raw/20240802/USOS-MetNav_MobileLabGround_20240802_R0.ict
44, 1001
Carrie Womack, Nate Howard, Mike Zucker
NOAA Chemical Sciences Laboratory
Mobile Lab MetNav Station
USOS
1, 1
2024, 08, 02, 2024, 12, 21
60
Time_Start, seconds_past_midnight, Seconds from midnight UTC
11
1, 1, 1, 1, 1, 1, 1, 1, 1, 1, 1
-9999, -9999, -9999, -9999, -9999, -9999, -9999, -9999, -9999, -9999, -9999
GPS_Alt_m, meters, Altitude from Differential GPS
GPS_Course_deg, degrees, Course from Differential GPS
GPS_GndSpd_m_s, m/s, Ground Speed from Differential GPS
GPS_Heading_deg, degrees, Heading from Differential GPS
GPS_Lat_deg, degrees, Latitude from Differential GPS
GPS_Lon_deg, degrees, Longitude from Differential GPS
AirTemp_C, Celsius, Air Temperature from Airmar
RelHumidity_pct, percent, Relative Humidity from Airmar
Pressure_mb, millibars, Pressure from Honeywell
WindDir_calc_deg, degrees, Wind Direction from Airmar corrected for van movement
WindSpd_calc_m_s, m/s, Wind Speed from Airmar corrected for van movement
1
SPECIAL COMMENTS:
18
PI_CONTACT_INFO: Address: 325 Broadway R/CSL7, Boulder, CO, 80305
PLATFORM: CSL Mobile Lab
LOCATION: Salt Lake City, UT
ASSOCIATED_DATA: N/A
INSTRUMENT_INFO: N/A
DATA_INFO: Units:
UNCERTAINTY: N/A
ULOD_FLAG: -7777
ULOD_VALUE: N/A
LLOD_FLAG: -8888
LLOD_VALUE: N/A
DM_CONTACT_INFO: Data Manager: Nate Howard
PROJECT_INFO: 
STIPULATIONS_ON_USE: Use of these data require prior ok from PI.
OTHER_COMMENTS: 
REVISION: R0
R0: Final data. Fixed bug in wind averaging code. RA: Preliminary Data. For in-field use only. 
Time_Start, GPS_Alt_m, GPS_Course_deg, GPS_GndSpd_m_s, GPS_Heading_deg, GPS_Lat_deg, GPS_Lon_deg, AirTemp_C, RelHumidity_pct, Pressure_mb, WindDir_calc_deg, WindSpd_calc_m_s
0.0,-9999.0,-9999.00,-9999.00,-9999.00,-9999.00000,-9999.00000,-9999.0,-9999.0,-9999.0,-9999.00,-9999.0
60.0,-9999.0,-9999.00,-9999.00,-9999.00,-9999.00000,-9999.00000,-9999.0,-9999.0,-9999.0,-9999.00,-9999.0
120.0,-9999.0,-9999.00,-9999.00,-9999.00,-9999.00000,-9999.00000,-9999.0,-9999.0,-9999.0,-9999.00,-9999.0
180.0,-9999.0,-9999.00,-9999.00,-9999.00,-9999.00000,-9999.00000,-9999.0,-9999.0,-9999.0,-9999.00,-9999.0
240.0,-9999.0,-9999.00,-9999.00,-9999.00,-9999.00000,-9999.00000,-9999.0,-9999.0,-9999.0,-9999.00,-9999.0
300.0,-9999.0,-9999.00,-9999.00,-9999.00,-9999.00000,-9999.00000,-9999.0,-9999.0,-9999.0,-9999.00,-9999.0
360.0,-9999.0,-9999.00,-9999.00,-9999.00,-9999.00000,-9999.00000,-9999.0,-9999.0,-9999.0,-9999.00,-9999.0
420.0,-9999.0,-9999.00,-9999.00,-9999.00,-9999.00000,-9999.00000,-9999.0,-9999.0,-9999.0,-9999.00,-9999.0
480.0,-9999.0,-9999.00,-9999.00,-9999.00,-9999.00000,-9999.00000,-9999.0,-9999.0,-9999.0,-9999.00,-9999.0
540.0,-9999.0,-9999.00,-9999.00,-9999.00,-9999.00000,-9999.00000,-9999.0,-9999.0,-9999.0,-9999.00,-9999.0
600.0,-9999.0,-9999.00,-9999.00,-9999.00,-9999.00000,-9999.00000,-9999.0,-9999.0,-9999.0,-9999.00,-9999.0
660.0,-9999.0,-9999.00,-9999.00,-9999.00,-9999.00000,-9999.00000,-9999.0,-9999.0,-9999.0,-9999.00,-9999.0
720.0,-9999.0,-9999.00,-9999.00,-9999.00,-9999.00000,-9999.00000,-9999.0,-9999.0,-9999.0,-9999.00,-9999.0
780.0,-9999.0,-9999.00,-9999.00,-9999.00,-9999.00000,-9999.00000,-9999.0,-9999.0,-9999.0,-9999.00,-9999.0
840.0,-9999.0,-9999.00,-9999.00,-9999.00,-9999.00000,-9999.00000,-9999.0,-9999.0,-9999.0,-9999.00,-9999.0
900.0,-9999.0,-9999.00,-9999.00,-9999.00,-9999.00000,-9999.00000,-9999.0,-9999.0,-9999.0,-9999.00,-9999.0
960.0,-9999.0,-9999.00,-9999.00,-9999.00,-9999.00000,-9999.00000,-9999.0,-9999.0,-9999.0,-9999.00,-9999.0
1020.0,1307.9,3.40,0.05,3.40,40.73434,-111.87211,35.1,15.4,879.6,108.96,0.5
1080.0,1307.7,3.30,0.04,3.30,40.73434,-111.87211,35.2,15.1,879.6,80.81,0.4
1140.0,1307.6,2.97,0.04,2.97,40.73434,-111.87211,35.5,15.3,879.5,87.86,0.4
1200.0,1307.8,3.25,0.04,3.25,40.73434,-111.87211,35.7,15.8,879.5,95.77,0.9
1260.0,1307.9,3.54,0.04,3.54,40.73435,-111.87211,35.8,15.7,879.4,77.76,0.7
1320.0,1307.8,4.02,0.04,4.02,40.73434,-111.87211,35.9,15.3,879.4,89.13,0.6
1380.0,1307.9,3.59,0.04,3.59,40.73434,-111.87211,36.1,15.5,879.5,106.26,0.8
1440.0,1308.4,3.59,0.04,3.59,40.73434,-111.87211,36.1,15.2,879.6,88.29,1.0
1500.0,1308.3,3.96,0.05,3.96,40.73434,-111.87211,36.2,15.4,879.6,92.89,0.6
1560.0,1308.2,3.77,0.06,3.77,40.73434,-111.87211,36.3,14.7,879.6,100.13,0.8
1620.0,1308.3,3.46,0.06,3.46,40.73434,-111.87211,36.4,14.5,879.6,90.50,0.6
1680.0,1308.5,3.71,0.05,3.71,40.73434,-111.87211,36.5,14.3,880.1,96.50,0.8
1740.0,1308.4,3.08,0.04,3.08,40.73434,-111.87211,36.6,14.7,880.4,122.46,1.2
1800.0,1308.3,2.69,0.05,2.69,40.73434,-111.87211,36.7,14.6,880.2,82.26,0.8
1860.0,1308.2,2.31,0.05,2.31,40.73434,-111.87211,36.8,14.2,880.0,100.06,0.8
1920.0,1308.3,2.41,0.05,2.41,40.73434,-111.87211,36.8,14.4,880.0,79.58,0.8
1980.0,1308.4,3.07,0.05,3.07,40.73434,-111.87211,36.8,14.6,880.0,99.34,1.1
2040.0,1308.5,2.83,0.05,2.83,40.73434,-111.87211,36.7,13.7,879.9,86.01,0.8
2100.0,1308.5,2.40,0.05,2.40,40.73434,-111.87211,36.8,13.8,879.6,85.61,0.7
2160.0,1308.5,2.69,0.05,2.69,40.73434,-111.87211,36.8,13.8,879.5,108.57,1.1
2220.0,1308.5,3.14,0.05,3.14,40.73434,-111.87211,36.9,13.7,880.1,104.10,0.8
2280.0,1308.5,2.95,0.05,2.95,40.73434,-111.87211,37.0,14.0,880.1,93.77,0.8
2340.0,1308.5,2.85,0.05,2.85,40.73434,-111.87211,36.7,13.4,880.0,89.71,0.9
2400.0,1308.5,2.15,0.05,2.15,40.73434,-111.87211,36.9,13.6,880.0,116.40,1.2
2460.0,1308.6,2.34,0.05,2.34,40.73434,-111.87211,36.9,13.7,880.0,112.55,1.1
2520.0,1308.8,2.66,0.05,2.66,40.73434,-111.87211,36.9,13.7,879.4,83.26,0.7
2580.0,1308.7,2.89,0.04,2.89,40.73434,-111.87211,36.9,14.0,879.5,90.70,0.8
2640.0,1308.8,2.72,0.05,2.72,40.73434,-111.87211,36.7,13.0,879.5,51.13,0.9
2700.0,1308.8,2.50,0.05,2.50,40.73434,-111.87211,36.8,13.4,879.4,101.07,0.8
2760.0,1308.7,2.13,0.04,2.13,40.73434,-111.87211,36.8,13.5,879.4,84.71,0.5
2820.0,1308.7,1.84,0.05,1.84,40.73434,-111.87211,36.7,13.2,879.4,71.97,0.8
2880.0,1308.6,1.88,0.05,1.88,40.73434,-111.87211,36.7,12.6,879.4,39.45,0.6
2940.0,1308.5,1.91,0.05,1.91,40.73434,-111.87211,36.6,12.7,879.4,102.76,0.9
3000.0,1308.6,1.99,0.05,1.99,40.73434,-111.87211,36.6,13.0,879.4,71.39,0.6
3060.0,1308.6,2.08,0.05,2.08,40.73434,-111.87211,36.6,13.2,879.4,85.06,0.7
3120.0,1308.6,2.29,0.06,2.29,40.73434,-111.87211,36.6,13.1,879.4,89.04,0.7
3180.0,1308.3,2.23,0.06,2.23,40.73434,-111.87211,36.6,13.1,879.5,107.14,0.8
3240.0,1308.2,2.49,0.05,2.49,40.73434,-111.87211,36.6,13.3,879.5,82.81,0.6
3300.0,1308.1,2.66,0.05,2.66,40.73434,-111.87211,36.7,13.4,879.6,87.04,0.5
3360.0,1308.2,1.97,0.06,1.97,40.73434,-111.87211,36.7,13.6,879.6,121.07,1.1
3420.0,1308.4,2.59,0.06,2.59,40.73434,-111.87211,36.7,14.0,879.6,104.42,1.0
3480.0,1308.1,2.52,0.05,2.52,40.73434,-111.87211,36.7,13.6,879.4,79.23,0.5
3540.0,1307.8,2.80,0.06,2.80,40.73434,-111.87211,36.7,13.9,879.4,106.39,1.0
3600.0,1307.9,2.75,0.05,2.75,40.73434,-111.87211,36.7,13.7,879.5,84.06,0.7
3660.0,1308.2,2.28,0.05,2.28,40.73434,-111.87211,36.6,13.8,879.5,87.65,0.5
3720.0,1308.7,2.47,0.05,2.47,40.73434,-111.87211,36.5,13.9,879.5,92.61,0.9
3780.0,1308.9,3.03,0.06,3.03,40.73434,-111.87211,36.5,14.0,879.6,88.61,0.6
3840.0,1309.3,3.13,0.06,3.13,40.73433,-111.87210,36.5,14.3,879.6,93.75,0.8
3900.0,1308.8,2.53,0.05,2.53,40.73434,-111.87211,36.4,14.1,879.8,97.90,0.6
3960.0,1308.2,2.35,0.06,2.35,40.73434,-111.87211,36.4,14.2,879.7,94.29,0.8
4020.0,1308.2,2.11,0.05,2.11,40.73434,-111.87211,36.4,14.1,879.7,101.30,0.7
4080.0,1309.2,2.36,0.05,2.36,40.73433,-111.87211,36.3,14.0,879.7,91.85,0.6
4140.0,1309.5,2.70,0.05,2.70,40.73433,-111.87211,36.3,14.2,879.7,99.86,0.7
4200.0,1309.5,2.79,0.05,2.79,40.73433,-111.87211,36.3,14.3,879.8,88.07,0.5
4260.0,1309.7,2.53,0.05,2.53,40.73433,-111.87211,36.3,14.3,879.7,98.91,0.8
4320.0,1309.7,2.42,0.05,2.42,40.73433,-111.87211,36.3,14.5,879.8,103.42,0.7
4380.0,1309.8,2.73,0.05,2.73,40.73433,-111.87211,36.2,14.4,879.8,95.58,0.9
4440.0,1309.8,2.56,0.05,2.56,40.73433,-111.87211,36.2,14.4,879.8,89.07,0.8
4500.0,1310.0,3.04,0.05,3.04,40.73433,-111.87211,36.2,14.5,879.8,109.08,0.7
4560.0,1310.0,2.74,0.05,2.74,40.73433,-111.87211,36.2,14.8,879.8,106.55,0.9
4620.0,1310.0,2.84,0.05,2.84,40.73433,-111.87211,36.1,14.3,879.8,80.70,0.7
4680.0,1309.9,2.95,0.06,2.95,40.73433,-111.87211,36.1,14.3,879.8,86.55,0.8
4740.0,1309.6,3.04,0.05,3.04,40.73433,-111.87211,36.1,14.4,879.8,92.33,0.7
4800.0,1309.8,3.20,0.06,3.20,40.73433,-111.87211,36.1,14.6,879.8,102.60,0.8
4860.0,1309.4,2.79,0.05,2.79,40.73433,-111.87211,36.0,14.8,879.7,104.02,0.8
4920.0,1309.4,2.59,0.05,2.59,40.73433,-111.87211,36.1,14.8,879.6,97.95,0.7
4980.0,1309.1,3.17,0.05,3.17,40.73434,-111.87211,36.1,14.8,879.6,103.22,0.9
5040.0,1309.2,3.40,0.06,3.40,40.73434,-111.87211,36.1,15.1,879.6,110.12,0.9
5100.0,1309.2,3.26,0.06,3.26,40.73434,-111.87211,36.1,14.9,879.6,109.96,1.0
5160.0,1309.4,3.70,0.05,3.70,40.73434,-111.87211,36.1,14.4,879.6,114.18,0.6
5220.0,1309.7,3.65,0.05,3.65,40.73434,-111.87210,36.0,14.6,879.6,105.40,0.8
5280.0,1310.2,3.77,0.06,3.77,40.73434,-111.87210,36.0,14.4,879.6,105.45,0.8
5340.0,1310.0,3.70,0.07,3.70,40.73434,-111.87210,35.9,14.2,879.6,93.96,0.2
5400.0,1310.2,3.65,0.06,3.65,40.73433,-111.87210,35.9,14.5,879.6,96.60,0.6
5460.0,1310.0,3.79,0.05,3.79,40.73433,-111.87210,35.8,14.7,879.6,93.96,0.5
5520.0,1310.0,4.00,0.05,4.00,40.73434,-111.87210,35.7,14.7,879.6,95.59,0.6
5580.0,1309.7,3.93,0.05,3.93,40.73434,-111.87210,35.7,14.9,879.6,105.92,0.8
5640.0,1309.5,3.83,0.05,3.83,40.73434,-111.87210,35.6,15.3,879.6,112.07,0.9
5700.0,1309.4,3.52,0.06,3.52,40.73434,-111.87210,35.5,15.1,879.6,89.61,0.6
5760.0,1309.4,3.51,0.06,3.51,40.73434,-111.87210,35.6,15.3,879.6,109.62,0.7
5820.0,1309.0,3.39,0.07,3.39,40.73434,-111.87210,35.6,15.5,879.6,104.25,0.7
5880.0,1309.0,3.21,0.06,3.21,40.73434,-111.87210,35.4,15.0,879.6,84.50,0.5
5940.0,1309.0,3.15,0.06,3.15,40.73434,-111.87210,35.5,15.1,879.6,107.56,0.7
6000.0,1309.1,3.40,0.06,3.40,40.73434,-111.87210,35.3,15.4,879.6,100.81,0.7
6060.0,1309.1,3.18,0.05,3.18,40.73434,-111.87210,35.2,15.7,879.6,114.98,0.8
6120.0,1308.9,2.93,0.05,2.93,40.73434,-111.87210,35.0,15.5,879.7,83.18,0.8
6180.0,1308.8,2.89,0.05,2.89,40.73434,-111.87210,35.0,15.2,879.7,102.12,0.6
6240.0,1308.8,3.19,0.05,3.19,40.73434,-111.87210,34.9,15.9,879.7,108.60,0.8
6300.0,1308.8,3.48,0.06,3.48,40.73434,-111.87210,34.9,15.7,879.7,102.07,0.8
6360.0,1308.8,3.94,0.06,3.94,40.73434,-111.87210,34.8,15.6,879.7,95.71,0.5
6420.0,1309.0,3.97,0.05,3.97,40.73433,-111.87210,34.7,15.6,879.7,88.52,0.6
6480.0,1309.1,3.96,0.06,3.96,40.73434,-111.87210,34.7,15.9,879.7,107.96,0.7
6540.0,1309.0,4.06,0.06,4.06,40.73433,-111.87210,34.7,16.1,879.7,113.51,0.7
6600.0,1308.8,3.43,0.05,3.43,40.73433,-111.87210,34.6,15.9,879.7,73.11,0.6
6660.0,1308.7,3.07,0.05,3.07,40.73433,-111.87210,34.5,15.9,879.7,99.74,0.7
6720.0,1308.6,3.00,0.05,3.00,40.73433,-111.87210,34.4,15.6,879.7,76.58,0.6
6780.0,1308.5,3.05,0.05,3.05,40.73433,-111.87210,34.5,16.0,879.7,110.34,0.7
6840.0,1308.4,3.04,0.05,3.04,40.73433,-111.87210,34.4,15.9,879.8,90.88,0.6
6900.0,1308.7,2.79,0.06,2.79,40.73433,-111.87210,34.4,15.8,879.8,109.39,0.6
6960.0,1308.6,2.63,0.05,2.63,40.73433,-111.87210,34.4,16.0,879.8,111.04,0.7
7020.0,1308.6,2.68,0.05,2.68,40.73433,-111.87210,34.4,16.2,879.8,98.82,0.5
7080.0,1308.6,1.86,0.05,1.86,40.73433,-111.87211,34.5,16.3,879.8,105.77,0.7
7140.0,1308.6,1.78,0.05,1.78,40.73433,-111.87211,34.4,16.2,879.8,79.61,0.6
7200.0,1308.7,2.06,0.06,2.06,40.73433,-111.87211,34.3,16.1,879.9,93.05,0.4
7260.0,1308.7,2.14,0.05,2.14,40.73433,-111.87211,34.3,16.3,880.0,96.56,0.6
7320.0,1308.7,2.48,0.06,2.48,40.73433,-111.87211,34.3,16.2,880.0,115.78,0.5
7380.0,1308.8,2.49,0.05,2.49,40.73433,-111.87211,34.3,16.4,880.0,97.17,0.5
7440.0,1308.9,1.96,0.06,1.96,40.73433,-111.87211,34.2,16.4,880.0,91.46,0.5
7500.0,1308.7,1.66,0.05,1.66,40.73433,-111.87211,34.1,16.2,880.0,99.26,0.5
7560.0,1308.7,1.82,0.04,1.82,40.73433,-111.87211,34.0,16.2,880.1,86.14,0.5
7620.0,1308.7,1.53,0.06,1.53,40.73433,-111.87211,34.0,16.7,880.1,115.13,0.5
7680.0,1308.8,1.84,0.05,1.84,40.73433,-111.87211,34.1,16.2,880.1,114.26,0.3
7740.0,1308.9,2.09,0.05,2.09,40.73433,-111.87211,34.2,16.2,880.1,110.46,0.6
7800.0,1309.0,2.26,0.06,2.26,40.73433,-111.87211,34.2,16.6,880.1,108.38,0.6
7860.0,1309.1,2.13,0.05,2.13,40.73433,-111.87211,34.3,16.5,880.1,121.30,0.4
7920.0,1309.1,2.11,0.06,2.11,40.73433,-111.87211,34.4,16.5,880.1,115.55,0.6
7980.0,1309.2,2.18,0.05,2.18,40.73433,-111.87211,34.5,16.5,880.2,117.09,0.6
8040.0,1309.1,1.67,0.05,1.67,40.73433,-111.87211,34.5,16.7,880.2,120.99,0.7
8100.0,1309.0,2.24,0.05,2.24,40.73433,-111.87211,34.6,16.7,880.2,120.57,0.5
8160.0,1309.1,1.89,0.05,1.89,40.73433,-111.87211,34.6,16.9,880.2,116.90,0.4
8220.0,1309.2,2.02,0.06,2.02,40.73433,-111.87211,34.7,16.8,880.2,122.44,0.4
8280.0,1309.1,2.13,0.05,2.13,40.73433,-111.87211,34.7,16.9,880.2,115.53,0.4
8340.0,1308.8,2.41,0.05,2.41,40.73433,-111.87211,34.7,17.0,880.2,118.49,0.4
8400.0,1308.5,3.19,0.05,3.19,40.73433,-111.87211,34.6,17.2,880.2,102.36,0.4
8460.0,1308.4,3.12,0.05,3.12,40.73433,-111.87211,34.5,17.2,880.2,114.03,0.6
8520.0,1308.5,3.16,0.05,3.16,40.73434,-111.87211,34.3,17.4,880.2,98.53,0.5
8580.0,1308.6,2.79,0.05,2.79,40.73434,-111.87211,34.1,17.5,880.2,100.76,0.5
8640.0,1308.8,2.32,0.05,2.32,40.73434,-111.87211,34.0,17.6,880.3,103.61,0.4
8700.0,1308.8,2.54,0.06,2.54,40.73434,-111.87211,33.9,17.7,880.3,103.27,0.5
8760.0,1308.9,2.89,0.06,2.89,40.73434,-111.87211,33.7,17.7,880.3,103.37,0.5
8820.0,1308.9,3.58,0.06,3.58,40.73434,-111.87211,33.4,17.8,880.3,109.99,0.5
8880.0,1308.9,3.41,0.04,3.41,40.73434,-111.87211,33.2,17.8,880.3,107.51,0.5
8940.0,1308.9,3.70,0.06,3.70,40.73434,-111.87211,33.0,18.2,880.3,113.99,0.5
9000.0,1308.8,4.06,0.05,4.06,40.73434,-111.87211,32.8,18.6,880.3,113.49,0.6
9060.0,1309.1,4.07,0.06,4.07,40.73434,-111.87211,32.6,18.6,880.3,113.37,0.5
9120.0,1309.0,3.40,0.06,3.40,40.73434,-111.87211,32.4,18.8,880.3,109.58,0.6
9180.0,1308.4,3.61,0.05,3.61,40.73434,-111.87211,32.2,18.8,880.3,111.58,0.6
9240.0,1308.4,3.95,0.05,3.95,40.73434,-111.87211,32.0,18.9,880.3,116.74,0.6
9300.0,1308.5,4.11,0.05,4.11,40.73434,-111.87211,31.9,19.2,880.3,117.04,0.6
9360.0,1308.3,3.51,0.06,3.51,40.73434,-111.87211,31.7,19.3,880.3,108.69,0.6
9420.0,1308.3,3.66,0.06,3.66,40.73434,-111.87211,31.6,19.1,880.3,118.87,0.6
9480.0,1308.3,3.22,0.06,3.22,40.73434,-111.87211,31.5,19.0,880.3,120.45,0.8
9540.0,1308.3,3.16,0.05,3.16,40.73434,-111.87211,31.4,19.0,880.3,125.81,1.2
9600.0,1308.3,3.38,0.06,3.38,40.73434,-111.87211,31.3,19.4,880.3,127.60,1.1
9660.0,1308.3,4.03,0.04,4.03,40.73434,-111.87211,31.1,19.1,880.2,112.34,0.6
9720.0,1308.0,4.78,0.05,4.78,40.73434,-111.87211,31.1,19.3,880.3,122.11,0.8
9780.0,1308.0,4.52,0.05,4.52,40.73434,-111.87211,31.0,19.2,880.3,125.62,0.7
9840.0,1308.2,3.97,0.04,3.97,40.73434,-111.87211,30.9,19.3,880.3,118.23,0.7
9900.0,1308.1,3.56,0.05,3.56,40.73434,-111.87211,30.8,19.6,880.3,127.14,1.3
9960.0,1308.3,3.67,0.05,3.67,40.73434,-111.87211,30.7,19.6,880.3,116.19,0.7
10020.0,1308.6,3.90,0.05,3.90,40.73434,-111.87211,30.6,19.5,880.4,123.82,0.9
10080.0,1308.5,4.18,0.05,4.18,40.73434,-111.87211,30.5,19.4,880.4,119.68,0.7
10140.0,1308.6,4.32,0.05,4.32,40.73434,-111.87211,30.4,19.6,880.4,120.55,0.6
10200.0,1308.3,3.84,0.04,3.84,40.73434,-111.87211,30.3,19.2,880.4,124.92,1.4
10260.0,1308.3,3.67,0.05,3.67,40.73434,-111.87211,30.2,19.3,880.4,121.85,0.9
10320.0,1308.6,3.61,0.06,3.61,40.73433,-111.87210,30.2,19.5,880.4,124.09,0.8
10380.0,1308.6,3.17,0.06,3.17,40.73433,-111.87210,30.1,19.0,880.4,125.31,1.6
10440.0,1308.7,3.13,0.05,3.13,40.73433,-111.87210,30.0,19.2,880.4,125.50,1.2
10500.0,1308.5,3.11,0.05,3.11,40.73433,-111.87211,29.9,19.4,880.4,123.86,0.7
10560.0,1308.5,3.06,0.05,3.06,40.73433,-111.87210,29.8,19.2,880.4,123.99,0.8
10620.0,1308.5,3.26,0.05,3.26,40.73433,-111.87210,29.7,19.2,880.5,115.46,0.6
10680.0,1308.5,3.10,0.05,3.10,40.73433,-111.87210,29.6,19.1,880.5,116.90,0.8
10740.0,1308.5,3.19,0.05,3.19,40.73433,-111.87210,29.6,19.3,880.5,125.26,0.9
10800.0,1308.4,3.34,0.05,3.34,40.73433,-111.87210,29.5,19.3,880.5,121.83,0.7
10860.0,1308.3,2.89,0.05,2.89,40.73433,-111.87211,29.4,19.0,880.5,127.52,1.2
10920.0,1308.3,2.42,0.05,2.42,40.73433,-111.87210,29.3,19.0,880.5,124.20,1.0
10980.0,1308.4,3.04,0.06,3.04,40.73434,-111.87211,29.3,18.8,880.5,128.95,1.0
11040.0,1308.6,3.15,0.06,3.15,40.73434,-111.87211,29.2,18.9,880.5,125.47,1.0
11100.0,1308.6,3.56,0.05,3.56,40.73434,-111.87211,29.1,18.9,880.5,124.52,1.0
11160.0,1308.4,3.67,0.05,3.67,40.73434,-111.87211,29.0,19.0,880.5,130.39,1.3
11220.0,1308.1,3.78,0.04,3.78,40.73434,-111.87211,29.0,19.2,880.5,128.62,1.2
11280.0,1307.7,3.56,0.05,3.56,40.73434,-111.87211,28.9,19.2,880.5,118.45,0.8
11340.0,1307.5,3.30,0.05,3.30,40.73434,-111.87211,28.8,18.9,880.5,120.06,1.5
11400.0,1307.2,3.63,0.05,3.63,40.73434,-111.87211,28.7,19.1,880.6,124.17,1.0
11460.0,1307.3,3.51,0.05,3.51,40.73434,-111.87211,28.6,19.1,880.6,123.65,1.5
11520.0,1307.1,3.45,0.05,3.45,40.73434,-111.87211,28.6,18.9,880.6,122.42,1.4
11580.0,1307.1,3.00,0.05,3.00,40.73434,-111.87211,28.6,18.9,880.6,120.51,1.0
11640.0,1307.1,3.30,0.05,3.30,40.73434,-111.87211,28.5,18.9,880.6,122.05,0.6
11700.0,1307.0,3.28,0.05,3.28,40.73434,-111.87211,28.4,19.0,880.6,126.86,0.7
11760.0,1307.1,3.12,0.05,3.12,40.73434,-111.87211,28.4,18.8,880.5,133.15,1.0
11820.0,1306.9,3.28,0.05,3.28,40.73434,-111.87211,28.4,18.8,880.4,123.78,0.7
11880.0,1306.9,3.21,0.04,3.21,40.73434,-111.87211,28.4,19.1,880.5,129.53,0.9
11940.0,1306.9,2.99,0.05,2.99,40.73434,-111.87211,28.3,19.0,880.5,137.03,1.0
12000.0,1306.9,2.69,0.05,2.69,40.73434,-111.87211,28.2,19.0,880.6,117.19,0.9
12060.0,1307.0,2.94,0.05,2.94,40.73434,-111.87211,28.2,18.8,880.6,137.76,1.1
12120.0,1307.0,2.93,0.06,2.93,40.73434,-111.87211,28.2,18.9,880.6,128.86,0.7
12180.0,1307.1,3.28,0.05,3.28,40.73434,-111.87211,28.2,18.8,880.6,114.29,0.9
