CampaignData_and_Merges/R0/CSL_MobileLab_Parked/raw/20240802/USOS-jNO2_MobileLabGround_20240802_R0.ict
52,1001
Waxman, E.; Rollins, A.; Zuraski, K.; Chace, W.
NOAA Chemical Sciences Laboratory
jNO2 filter radiometer on CSL Mobile Lab
AMMBEC / USOS
1, 1
2024,08,02, 2025,04,01
60
Time_Start, seconds, number_of_seconds_since_0000_UTC
20
1, 1, 1, 1, 1, 1, 1, 1, 1, 1, 1, 1, 1, 1, 1, 1, 1, 1, 1, 1
-9999, -9999, -9999, -9999, -9999, -9999, -9999, -9999, -9999, -9999, -9999, -9999, -9999, -9999, -9999, -9999, -9999, -9999, -9999, -9999
Time_Stop, seconds, number_of_seconds_since_0000_UTC
jNO2_meas, per second, photolysis rate of NO2 measured using a filter radiometer.
jBrCl, per second, photolysis rate of BrCl -> Br + Cl calculated in TUV for cloud-free sky with local AOD
jBr2, per second, photolysis rate of Br2 -> Br + Br calculated in TUV for cloud-free sky with local AOD
jCCl4, per second, photolysis rate of CCl4 -> Products calcualted in TUV for cloud-free sky with local AOD
jCH2Oa, per second, photolysis rate of CH2O -> H + HCO calculated in TUV for cloud-free sky with local AOD
jCH2Ob, per second, photolysis rate of CH2O -> H2 + CO calculated in TUV for cloud-free sky with local AOD
jClNO2, per second, photolysis rate of ClNO2 -> Cl + NO2 calculated in TUV for cloud-free sky with local AOD
jClOa, per second, photolysis rate of ClO -> Cl + O(1D) calculated in TUV for cloud-free sky with local AOD
jClOb, per second, photolysis rate of ClO -> Cl + O(3P) calculated in TUV for cloud-free sky with local AOD
jCl2, per second, photolysis rate of Cl2 -> Cl + Cl calculated in TUV for cloud-free sky with local AOD
jHNO2, per second, photolysis rate of HNO2 -> OH + NO calculated in TUV for cloud-free sky with local AOD
jHNO3, per second, photolysis rate of HNO3 -> OH + NO2 calculated in TUV for cloud-free sky with local AOD
jI2, per second, photolysis rate of I2 -> I + I calculated in TUV for cloud-free sky with local AOD
jNO2, per second, photolysis rate of NO2 -> NO + O(3P) calculated in TUV for cloud-free sky with local AOD
jNO3a, per second, photolysis rate of NO3 -> NO + O2 calculated in TUV for cloud-free sky with local AOD
jNO3b, per second, photolysis rate of NO3 -> NO2 + O(3P) calculated in TUV for cloud-free sky with local AOD
jN2O5, per second, photolysis rate of N2O5 -> NO3 + NO + O(3P) calculated in TUV for cloud-free sky with local AOD
jO3, per second, photolysis rate of O3 -> O2 + O(1D) calculated in TUV for cloud-free sky with local AOD
AOD_500nm, unitless, UTC daily mean AOD at 500 nm from an AERONET station located at 40.178 N, -112.452 E
0
18
PI_CONTACT_INFO: eleanor.waxman@noaa.gov
PLATFORM: CSL Mobile Lab, at ground site
LOCATION: Salt Lake City, UT
ASSOCIATED_DATA:
INSTRUMENT_INFO: jNO2 filter radiometer.  TUV calculations are for mobile van lat/lon/altitude assuming clear sky (cloud AOD = 0) and daily mean AOD.
DATA_INFO:
UNCERTAINTY: Data uncertainties are +/- 20%.  These come from uncertainties in radiometer angular response, radiometer thermal response, local interferences from clouds/aerosols/shadows etc.
ULOD_FLAG: -7777
ULOD_VALUE: N/A
LLOD_FLAG: -8888
LLOD_VALUE: N/A
DM_CONTACT_INFO: eleanor.waxman@noaa.gov
PROJECT_INFO: USOS Project, July - August 2024
STIPULATIONS_ON_USE: Users are strongly encouraged to contact the PI for proper data usage.
OTHER_COMMENTS: 
REVISION: R0
R0: final data
Time_Start, Time_Stop, jNO2_meas, jBrCl, jBr2, jCCl4, jCH2Oa, jCH2Ob, jClNO2, jClOa, jClOb, jCl2, jHNO2, jHNO3, jI2, jNO2, jNO3a, jNO3b, jN2O5, jO3, AOD_500nm
[from data line 1218]
   73080,   73140,0.0087214,0.01045,0.03141,5.757e-22,3.225e-05,4.751e-05,0.0004683,2.794e-22,4.898e-05,0.002275,0.001478,5.905e-07,0.1113,0.009043,0.02139,0.1719,4.219e-05,3.228e-05,0.174
   73140,   73200,0.0087427,0.01044,0.0314,5.612e-22,3.223e-05,4.748e-05,0.000468,2.723e-22,4.89e-05,0.002274,0.001477,5.898e-07,0.1113,0.00904,0.02139,0.1719,4.216e-05,3.222e-05,0.174
   73200,   73260,0.0087597,0.01044,0.0314,5.476e-22,3.22e-05,4.745e-05,0.0004678,2.656e-22,4.883e-05,0.002273,0.001477,5.891e-07,0.1113,0.009036,0.02139,0.1719,4.214e-05,3.217e-05,0.174
   73260,   73320,0.0087626,0.01044,0.03139,5.332e-22,3.217e-05,4.742e-05,0.0004675,2.586e-22,4.875e-05,0.002272,0.001476,5.884e-07,0.1112,0.009033,0.02139,0.1719,4.211e-05,3.212e-05,0.174
   73320,   73380,0.0087716,0.01044,0.03139,5.189e-22,3.215e-05,4.739e-05,0.0004672,2.516e-22,4.867e-05,0.002271,0.001475,5.877e-07,0.1112,0.009029,0.02138,0.1719,4.207e-05,3.206e-05,0.174
   73380,   73440,0.0087732,0.01043,0.03138,5.055e-22,3.212e-05,4.737e-05,0.0004669,2.45e-22,4.859e-05,0.00227,0.001475,5.87e-07,0.1112,0.009026,0.02138,0.1718,4.204e-05,3.201e-05,0.174
   73440,   73500,0.0087996,0.01043,0.03137,4.913e-22,3.209e-05,4.733e-05,0.0004666,2.381e-22,4.85e-05,0.002269,0.001474,5.863e-07,0.1112,0.009022,0.02138,0.1718,4.201e-05,3.195e-05,0.174
   73500,   73560,0.0087883,0.01043,0.03137,4.774e-22,3.206e-05,4.73e-05,0.0004663,2.313e-22,4.842e-05,0.002268,0.001474,5.855e-07,0.1112,0.009019,0.02138,0.1718,4.198e-05,3.189e-05,0.174
   73560,   73620,0.0087815,0.01042,0.03136,4.644e-22,3.203e-05,4.727e-05,0.000466,2.249e-22,4.833e-05,0.002266,0.001473,5.848e-07,0.1112,0.009015,0.02138,0.1718,4.195e-05,3.183e-05,0.174
   73620,   73680,0.0087751,0.01042,0.03135,4.508e-22,3.2e-05,4.724e-05,0.0004657,2.182e-22,4.824e-05,0.002265,0.001472,5.84e-07,0.1111,0.009011,0.02137,0.1718,4.191e-05,3.177e-05,0.174
   73680,   73740,0.008754,0.01042,0.03135,4.373e-22,3.197e-05,4.721e-05,0.0004653,2.116e-22,4.815e-05,0.002264,0.001471,5.832e-07,0.1111,0.009007,0.02137,0.1717,4.188e-05,3.171e-05,0.174
   73740,   73800,0.0087431,0.01041,0.03134,4.248e-22,3.194e-05,4.717e-05,0.000465,2.055e-22,4.807e-05,0.002263,0.001471,5.824e-07,0.1111,0.009004,0.02137,0.1717,4.185e-05,3.165e-05,0.174
   73800,   73860,0.0087458,0.01041,0.03133,4.115e-22,3.191e-05,4.714e-05,0.0004647,1.99e-22,4.797e-05,0.002261,0.00147,5.816e-07,0.1111,0.009,0.02137,0.1717,4.181e-05,3.159e-05,0.174
   73860,   73920,0.0087461,0.01041,0.03132,3.986e-22,3.187e-05,4.71e-05,0.0004643,1.927e-22,4.788e-05,0.00226,0.001469,5.807e-07,0.1111,0.008995,0.02136,0.1717,4.177e-05,3.152e-05,0.174
   73920,   73980,0.0087372,0.0104,0.03132,3.866e-22,3.184e-05,4.707e-05,0.000464,1.869e-22,4.779e-05,0.002259,0.001469,5.799e-07,0.1111,0.008991,0.02136,0.1716,4.174e-05,3.146e-05,0.174
   73980,   74040,0.0087212,0.0104,0.03131,3.74e-22,3.181e-05,4.703e-05,0.0004637,1.807e-22,4.769e-05,0.002257,0.001468,5.79e-07,0.111,0.008987,0.02136,0.1716,4.17e-05,3.139e-05,0.174
   74040,   74100,0.0087086,0.0104,0.0313,3.617e-22,3.177e-05,4.7e-05,0.0004633,1.747e-22,4.759e-05,0.002256,0.001467,5.781e-07,0.111,0.008983,0.02136,0.1716,4.166e-05,3.132e-05,0.174
   74100,   74160,0.0087088,0.01039,0.03129,3.502e-22,3.174e-05,4.696e-05,0.0004629,1.691e-22,4.749e-05,0.002255,0.001466,5.773e-07,0.111,0.008979,0.02135,0.1715,4.163e-05,3.126e-05,0.174
   74160,   74220,0.0087265,0.01039,0.03128,3.383e-22,3.17e-05,4.692e-05,0.0004626,1.633e-22,4.739e-05,0.002253,0.001465,5.764e-07,0.111,0.008974,0.02135,0.1715,4.159e-05,3.119e-05,0.174
   74220,   74280,0.0087233,0.01039,0.03128,3.266e-22,3.167e-05,4.688e-05,0.0004622,1.576e-22,4.728e-05,0.002252,0.001465,5.754e-07,0.111,0.008969,0.02135,0.1715,4.155e-05,3.111e-05,0.174
   74280,   74340,0.0087464,0.01038,0.03127,3.159e-22,3.163e-05,4.685e-05,0.0004618,1.523e-22,4.719e-05,0.00225,0.001464,5.746e-07,0.1109,0.008965,0.02134,0.1715,4.151e-05,3.105e-05,0.174
   74340,   74400,0.0087345,0.01038,0.03126,3.046e-22,3.159e-05,4.681e-05,0.0004614,1.468e-22,4.708e-05,0.002249,0.001463,5.736e-07,0.1109,0.00896,0.02134,0.1714,4.147e-05,3.097e-05,0.174
   74400,   74460,0.0087126,0.01037,0.03125,2.937e-22,3.156e-05,4.677e-05,0.000461,1.415e-22,4.697e-05,0.002247,0.001462,5.726e-07,0.1109,0.008955,0.02134,0.1714,4.143e-05,3.09e-05,0.174
   74460,   74520,0.008712,0.01037,0.03124,2.835e-22,3.152e-05,4.673e-05,0.0004606,1.365e-22,4.687e-05,0.002246,0.001461,5.717e-07,0.1109,0.008951,0.02134,0.1714,4.139e-05,3.083e-05,0.174
   74520,   74580,0.0087188,0.01037,0.03123,2.73e-22,3.148e-05,4.668e-05,0.0004602,1.314e-22,4.676e-05,0.002244,0.00146,5.707e-07,0.1109,0.008946,0.02133,0.1713,4.134e-05,3.075e-05,0.174
   74580,   74640,0.0087118,0.01036,0.03122,2.628e-22,3.144e-05,4.664e-05,0.0004598,1.264e-22,4.664e-05,0.002243,0.001459,5.697e-07,0.1108,0.008941,0.02133,0.1713,4.13e-05,3.067e-05,0.174
   74640,   74700,0.0087323,0.01036,0.03121,2.534e-22,3.14e-05,4.66e-05,0.0004594,1.219e-22,4.654e-05,0.002241,0.001459,5.687e-07,0.1108,0.008936,0.02133,0.1713,4.126e-05,3.06e-05,0.174
   74700,   74760,0.008732,0.01035,0.0312,2.436e-22,3.136e-05,4.656e-05,0.000459,1.171e-22,4.642e-05,0.002239,0.001458,5.677e-07,0.1108,0.008931,0.02132,0.1712,4.121e-05,3.052e-05,0.174
   74760,   74820,0.0087462,0.01035,0.03119,2.341e-22,3.132e-05,4.651e-05,0.0004585,1.124e-22,4.63e-05,0.002238,0.001457,5.666e-07,0.1108,0.008925,0.02132,0.1712,4.117e-05,3.044e-05,0.174
   74820,   74880,0.0087464,0.01034,0.03119,2.254e-22,3.128e-05,4.647e-05,0.0004581,1.082e-22,4.619e-05,0.002236,0.001456,5.656e-07,0.1107,0.00892,0.02131,0.1712,4.112e-05,3.036e-05,0.174
   74880,   74940,0.0087486,0.01034,0.03118,2.164e-22,3.124e-05,4.642e-05,0.0004577,1.038e-22,4.607e-05,0.002234,0.001455,5.646e-07,0.1107,0.008915,0.02131,0.1711,4.108e-05,3.028e-05,0.174
   74940,   75000,0.008733,0.01033,0.03116,2.076e-22,3.119e-05,4.638e-05,0.0004572,9.958e-23,4.595e-05,0.002233,0.001454,5.635e-07,0.1107,0.008909,0.02131,0.1711,4.103e-05,3.02e-05,0.174
   75000,   75060,0.0087387,0.01033,0.03115,1.996e-22,3.115e-05,4.633e-05,0.0004568,9.569e-23,4.583e-05,0.002231,0.001453,5.624e-07,0.1107,0.008904,0.0213,0.1711,4.098e-05,3.012e-05,0.174
   75060,   75120,0.0087256,0.01032,0.03114,1.914e-22,3.111e-05,4.629e-05,0.0004563,9.168e-23,4.571e-05,0.002229,0.001452,5.613e-07,0.1106,0.008898,0.0213,0.171,4.093e-05,3.003e-05,0.174
   75120,   75180,0.008688,0.01032,0.03113,1.833e-22,3.106e-05,4.624e-05,0.0004558,8.777e-23,4.558e-05,0.002227,0.001451,5.602e-07,0.1106,0.008892,0.0213,0.171,4.088e-05,2.995e-05,0.174
   75180,   75240,0.0086658,0.01031,0.03112,1.76e-22,3.102e-05,4.619e-05,0.0004554,8.422e-23,4.546e-05,0.002225,0.00145,5.591e-07,0.1106,0.008887,0.02129,0.171,4.084e-05,2.987e-05,0.174
   75240,   75300,0.0087163,0.01031,0.03111,1.685e-22,3.097e-05,4.614e-05,0.0004549,8.056e-23,4.534e-05,0.002224,0.001449,5.58e-07,0.1105,0.008881,0.02129,0.1709,4.079e-05,2.978e-05,0.174
   75300,   75360,0.0087061,0.0103,0.0311,1.612e-22,3.093e-05,4.609e-05,0.0004544,7.703e-23,4.521e-05,0.002222,0.001448,5.568e-07,0.1105,0.008875,0.02128,0.1709,4.073e-05,2.969e-05,0.174
   75360,   75420,0.0086754,0.0103,0.03109,1.546e-22,3.088e-05,4.604e-05,0.0004539,7.381e-23,4.508e-05,0.00222,0.001447,5.557e-07,0.1105,0.008869,0.02128,0.1708,4.068e-05,2.961e-05,0.174
   75420,   75480,0.0086795,0.01029,0.03108,1.477e-22,3.083e-05,4.599e-05,0.0004534,7.05e-23,4.495e-05,0.002218,0.001445,5.545e-07,0.1105,0.008863,0.02128,0.1708,4.063e-05,2.952e-05,0.174
   75480,   75540,0.0086872,0.01029,0.03107,1.411e-22,3.079e-05,4.594e-05,0.0004529,6.729e-23,4.482e-05,0.002216,0.001444,5.533e-07,0.1104,0.008856,0.02127,0.1708,4.058e-05,2.942e-05,0.174
   75540,   75600,0.0086652,0.01028,0.03105,1.351e-22,3.074e-05,4.589e-05,0.0004524,6.439e-23,4.469e-05,0.002214,0.001443,5.521e-07,0.1104,0.00885,0.02127,0.1707,4.053e-05,2.934e-05,0.174
   75600,   75660,0.0086589,0.01028,0.03104,1.29e-22,3.069e-05,4.583e-05,0.0004519,6.142e-23,4.456e-05,0.002212,0.001442,5.509e-07,0.1104,0.008844,0.02126,0.1707,4.047e-05,2.924e-05,0.174
   75660,   75720,0.0086784,0.01027,0.03103,1.231e-22,3.064e-05,4.578e-05,0.0004514,5.855e-23,4.442e-05,0.00221,0.001441,5.497e-07,0.1103,0.008837,0.02126,0.1706,4.042e-05,2.915e-05,0.174
   75720,   75780,0.0086864,0.01027,0.03102,1.177e-22,3.059e-05,4.573e-05,0.0004508,5.597e-23,4.429e-05,0.002208,0.00144,5.485e-07,0.1103,0.008831,0.02125,0.1706,4.037e-05,2.906e-05,0.174
   75780,   75840,0.0086916,0.01026,0.031,1.122e-22,3.054e-05,4.567e-05,0.0004503,5.328e-23,4.415e-05,0.002206,0.001438,5.472e-07,0.1103,0.008824,0.02125,0.1705,4.031e-05,2.896e-05,0.174
   75840,   75900,0.008683,0.01025,0.03099,1.069e-22,3.049e-05,4.562e-05,0.0004497,5.07e-23,4.401e-05,0.002204,0.001437,5.459e-07,0.1102,0.008818,0.02124,0.1705,4.025e-05,2.887e-05,0.174
   75900,   75960,0.0086896,0.01025,0.03098,1.021e-22,3.044e-05,4.556e-05,0.0004492,4.845e-23,4.387e-05,0.002201,0.001436,5.447e-07,0.1102,0.008811,0.02124,0.1705,4.02e-05,2.878e-05,0.174
   75960,   76020,0.0086771,0.01024,0.03097,9.723e-23,3.039e-05,4.55e-05,0.0004487,4.605e-23,4.373e-05,0.002199,0.001435,5.434e-07,0.1102,0.008804,0.02123,0.1704,4.014e-05,2.868e-05,0.174
   76020,   76080,0.0086533,0.01024,0.03095,9.248e-23,3.033e-05,4.545e-05,0.0004481,4.375e-23,4.358e-05,0.002197,0.001434,5.421e-07,0.1101,0.008797,0.02123,0.1704,4.008e-05,2.858e-05,0.174
   76080,   76140,0.0086242,0.01023,0.03094,8.834e-23,3.028e-05,4.539e-05,0.0004475,4.177e-23,4.345e-05,0.002195,0.001432,5.408e-07,0.1101,0.00879,0.02122,0.1703,4.002e-05,2.848e-05,0.174
   76140,   76200,0.0086071,0.01022,0.03092,8.413e-23,3.023e-05,4.533e-05,0.000447,3.971e-23,4.33e-05,0.002193,0.001431,5.394e-07,0.1101,0.008783,0.02122,0.1703,3.996e-05,2.838e-05,0.174
   76200,   76260,0.0085953,0.01022,0.03091,7.995e-23,3.017e-05,4.527e-05,0.0004464,3.768e-23,4.315e-05,0.00219,0.00143,5.381e-07,0.11,0.008775,0.02121,0.1702,3.99e-05,2.828e-05,0.174
   76260,   76320,0.0086069,0.01021,0.0309,7.602e-23,3.012e-05,4.521e-05,0.0004458,3.583e-23,4.301e-05,0.002188,0.001428,5.368e-07,0.11,0.008768,0.02121,0.1702,3.984e-05,2.818e-05,0.174
   76320,   76380,0.0085755,0.01021,0.03088,7.226e-23,3.006e-05,4.515e-05,0.0004452,3.4e-23,4.286e-05,0.002186,0.001427,5.354e-07,0.11,0.008761,0.0212,0.1701,3.978e-05,2.808e-05,0.174
   76380,   76440,0.0084887,0.0102,0.03087,6.861e-23,3.001e-05,4.509e-05,0.0004446,3.225e-23,4.27e-05,0.002183,0.001426,5.34e-07,0.1099,0.008753,0.0212,0.1701,3.972e-05,2.798e-05,0.174
   76440,   76500,0.0082181,0.01019,0.03085,6.535e-23,2.995e-05,4.503e-05,0.000444,3.07e-23,4.256e-05,0.002181,0.001424,5.327e-07,0.1099,0.008746,0.02119,0.17,3.966e-05,2.788e-05,0.174
   76500,   76560,0.0080658,0.01019,0.03084,6.199e-23,2.989e-05,4.497e-05,0.0004434,2.906e-23,4.24e-05,0.002179,0.001423,5.312e-07,0.1099,0.008738,0.02119,0.1699,3.959e-05,2.777e-05,0.174
   76560,   76620,0.0082272,0.01018,0.03082,5.884e-23,2.983e-05,4.49e-05,0.0004428,2.756e-23,4.225e-05,0.002176,0.001422,5.298e-07,0.1098,0.00873,0.02118,0.1699,3.953e-05,2.767e-05,0.174
   76620,   76680,0.0082868,0.01017,0.03081,5.596e-23,2.978e-05,4.484e-05,0.0004422,2.617e-23,4.21e-05,0.002174,0.00142,5.284e-07,0.1098,0.008723,0.02117,0.1698,3.947e-05,2.756e-05,0.174
   76680,   76740,0.0082025,0.01017,0.03079,5.306e-23,2.972e-05,4.477e-05,0.0004415,2.478e-23,4.194e-05,0.002171,0.001419,5.27e-07,0.1097,0.008714,0.02117,0.1698,3.94e-05,2.746e-05,0.174
   76740,   76800,0.0081952,0.01016,0.03078,5.031e-23,2.966e-05,4.471e-05,0.0004409,2.346e-23,4.178e-05,0.002169,0.001417,5.255e-07,0.1097,0.008706,0.02116,0.1697,3.933e-05,2.735e-05,0.174
   76800,   76860,0.0081991,0.01015,0.03076,4.776e-23,2.96e-05,4.464e-05,0.0004402,2.225e-23,4.163e-05,0.002166,0.001416,5.241e-07,0.1097,0.008698,0.02116,0.1697,3.927e-05,2.724e-05,0.174
   76860,   76920,0.0081793,0.01014,0.03074,4.526e-23,2.954e-05,4.458e-05,0.0004396,2.105e-23,4.147e-05,0.002164,0.001414,5.226e-07,0.1096,0.00869,0.02115,0.1696,3.92e-05,2.713e-05,0.174
   76920,   76980,0.0081884,0.01014,0.03073,4.294e-23,2.948e-05,4.451e-05,0.0004389,1.992e-23,4.13e-05,0.002161,0.001413,5.211e-07,0.1096,0.008681,0.02114,0.1695,3.913e-05,2.702e-05,0.174
   76980,   77040,0.0080879,0.01013,0.03071,4.077e-23,2.942e-05,4.444e-05,0.0004383,1.888e-23,4.115e-05,0.002158,0.001411,5.197e-07,0.1095,0.008673,0.02114,0.1695,3.907e-05,2.692e-05,0.174
   77040,   77100,0.0080317,0.01012,0.03069,3.858e-23,2.935e-05,4.437e-05,0.0004376,1.785e-23,4.098e-05,0.002156,0.00141,5.181e-07,0.1095,0.008665,0.02113,0.1694,3.9e-05,2.68e-05,0.174
   77100,   77160,0.0081444,0.01011,0.03068,3.652e-23,2.929e-05,4.43e-05,0.0004369,1.686e-23,4.082e-05,0.002153,0.001408,5.166e-07,0.1094,0.008656,0.02112,0.1694,3.892e-05,2.669e-05,0.174
   77160,   77220,0.0080609,0.01011,0.03066,3.465e-23,2.923e-05,4.423e-05,0.0004362,1.597e-23,4.066e-05,0.00215,0.001407,5.151e-07,0.1094,0.008647,0.02112,0.1693,3.886e-05,2.658e-05,0.174
   77220,   77280,0.0077701,0.01009,0.03063,3.123e-23,2.913e-05,4.412e-05,0.0004351,1.455e-23,4.044e-05,0.002146,0.001404,5.129e-07,0.1093,0.008633,0.0211,0.1692,3.875e-05,2.644e-05,0.174
   77280,   77340,0.0076355,0.01009,0.03061,2.973e-23,2.906e-05,4.404e-05,0.0004344,1.369e-23,4.027e-05,0.002143,0.001403,5.112e-07,0.1093,0.008624,0.0211,0.1691,3.867e-05,2.631e-05,0.174
   77340,   77400,0.0073505,0.01008,0.03059,2.811e-23,2.9e-05,4.398e-05,0.0004337,1.296e-23,4.01e-05,0.00214,0.001401,5.098e-07,0.1092,0.008615,0.02109,0.169,3.86e-05,2.621e-05,0.174
   77400,   77460,0.0066684,0.01007,0.03057,2.702e-23,2.893e-05,4.39e-05,0.000433,1.238e-23,3.991e-05,0.002137,0.001399,5.08e-07,0.1092,0.008606,0.02108,0.169,3.853e-05,2.608e-05,0.174
   77460,   77520,0.0059897,0.01006,0.03056,2.524e-23,2.887e-05,4.383e-05,0.0004323,1.152e-23,3.977e-05,0.002134,0.001398,5.065e-07,0.1091,0.008596,0.02107,0.1689,3.845e-05,2.598e-05,0.174
   77520,   77580,0.0053296,0.01005,0.03054,2.436e-23,2.88e-05,4.375e-05,0.0004316,1.11e-23,3.96e-05,0.002132,0.001396,5.049e-07,0.1091,0.008587,0.02107,0.1688,3.838e-05,2.586e-05,0.174
   77580,   77640,0.0048079,0.01004,0.03052,2.279e-23,2.873e-05,4.368e-05,0.0004308,1.036e-23,3.94e-05,0.002129,0.001394,5.033e-07,0.109,0.008578,0.02106,0.1688,3.83e-05,2.573e-05,0.174
   77640,   77700,0.0054106,0.01004,0.0305,2.185e-23,2.866e-05,4.36e-05,0.0004301,9.902e-24,3.923e-05,0.002126,0.001393,5.016e-07,0.109,0.008568,0.02105,0.1687,3.823e-05,2.561e-05,0.174
   77700,   77760,0.0067824,0.01003,0.03048,2.063e-23,2.86e-05,4.353e-05,0.0004293,9.385e-24,3.908e-05,0.002123,0.001391,5.001e-07,0.1089,0.008559,0.02104,0.1686,3.815e-05,2.551e-05,0.174
   77760,   77820,0.0075481,0.01002,0.03046,1.963e-23,2.853e-05,4.345e-05,0.0004286,8.845e-24,3.889e-05,0.00212,0.001389,4.983e-07,0.1089,0.008549,0.02104,0.1685,3.807e-05,2.538e-05,0.174
   77820,   77880,0.0076668,0.01001,0.03044,1.846e-23,2.846e-05,4.337e-05,0.0004278,8.331e-24,3.87e-05,0.002117,0.001387,4.966e-07,0.1088,0.008539,0.02103,0.1685,3.799e-05,2.525e-05,0.174
   77880,   77940,0.0081051,0.01,0.03042,1.759e-23,2.839e-05,4.329e-05,0.0004271,7.894e-24,3.853e-05,0.002114,0.001386,4.95e-07,0.1088,0.008529,0.02102,0.1684,3.792e-05,2.514e-05,0.174
   77940,   78000,0.0081854,0.009993,0.0304,1.665e-23,2.832e-05,4.321e-05,0.0004263,7.487e-24,3.835e-05,0.002111,0.001384,4.933e-07,0.1087,0.008519,0.02101,0.1683,3.784e-05,2.501e-05,0.174
   78000,   78060,0.0082596,0.009983,0.03038,1.578e-23,2.824e-05,4.313e-05,0.0004255,7.043e-24,3.817e-05,0.002107,0.001382,4.916e-07,0.1086,0.008509,0.021,0.1682,3.776e-05,2.489e-05,0.174
   78060,   78120,0.0082516,0.009975,0.03036,1.5e-23,2.817e-05,4.305e-05,0.0004247,6.699e-24,3.797e-05,0.002104,0.00138,4.899e-07,0.1086,0.008499,0.021,0.1682,3.768e-05,2.476e-05,0.174
