CampaignData_and_Merges/R0/CSL_MobileLab_Parked/raw/20240802/USOS-POPS_MobileLabGround_20240802_R0.ict
78, 1001
Thornberry, T. D.
NOAA Chemical Sciences Laboratory
Portable Optical Particle Spectrometer (POPS)
USOS
1, 1
2024, 08, 02, 2025, 05, 08
60
Time_Start, seconds_past_midnight, Start time of measurement
45
1, 1, 1, 1, 1, 1, 1, 1, 1, 1, 1, 1, 1, 1, 1, 1, 1, 1, 1, 1, 1, 1, 1, 1, 1, 1, 1, 1, 1, 1, 1, 1, 1, 1, 1, 1, 1, 1, 1, 1, 1, 1, 1, 1, 1
-9999, -9999, -9999, -9999, -9999, -9999, -9999, -9999, -9999, -9999, -9999, -9999, -9999, -9999, -9999, -9999, -9999, -9999, -9999, -9999, -9999, -9999, -9999, -9999, -9999, -9999, -9999, -9999, -9999, -9999, -9999, -9999, -9999, -9999, -9999, -9999, -9999, -9999, -9999, -9999, -9999, -9999, -9999, -9999, -9999
Time_Stop, seconds_past_midnight, Stop time of measurement
Time_Mid, seconds_past_midnight, Mid time of measurement
Press_mb, mb, Pressure reported (mb)
Temp_C, degrees C, POPS temperature measurement
Aerosol_concentration, cm^-3, Aerosol concentration
Surface_Area_Conc, um^2 cm^-3, Surface area concentration
Volume_density, um^3 cm^-3, Volume density
Effective_radius, um, Effective radius
Extinction, km^-1, Extinction
Bin01, cm^-3, particle concentration in size range [1401 - 146.3 nm]
Bin02, cm^-3, particle concentration in size range [146.3 - 152.8 nm]
Bin03, cm^-3, particle concentration in size range [152.8 - 159.6 nm]
Bin04, cm^-3, particle concentration in size range [159.6 - 166.8 nm]
Bin05, cm^-3, particle concentration in size range [166.8 - 174.2 nm]
Bin06, cm^-3, particle concentration in size range [174.2 - 181.9 nm]
Bin07, cm^-3, particle concentration in size range [181.9 - 190.0 nm]
Bin08, cm^-3, particle concentration in size range [190.0 - 198.5 nm]
Bin09, cm^-3, particle concentration in size range [198.5 - 207.4 nm]
Bin10, cm^-3, particle concentration in size range [207.4 - 216.6 nm]
Bin11, cm^-3, particle concentration in size range [216.6 - 226.2 nm]
Bin12, cm^-3, particle concentration in size range [226.2 - 236.3 nm]
Bin13, cm^-3, particle concentration in size range [236.3 - 246.8 nm]
Bin14, cm^-3, particle concentration in size range [246.8 - 257.8 nm]
Bin15, cm^-3, particle concentration in size range [257.8 - 269.3 nm]
Bin16, cm^-3, particle concentration in size range [269.3 - 343.4 nm]
Bin17, cm^-3, particle concentration in size range [343.4 - 450.7 nm]
Bin18, cm^-3, particle concentration in size range [450.7 - 525.9 nm]
Bin19, cm^-3, particle concentration in size range [525.9 - 618.5 nm]
Bin20, cm^-3, particle concentration in size range [618.5 - 710.0 nm]
Bin21, cm^-3, particle concentration in size range [710.0 - 822.7 nm]
Bin22, cm^-3, particle concentration in size range [822.7 - 885.9 nm]
Bin23, cm^-3, particle concentration in size range [885.9 - 953.9 nm]
Bin24, cm^-3, particle concentration in size range [953.9 - 1027.2 nm]
Bin25, cm^-3, particle concentration in size range [1027.2 - 1106.1 nm]
Bin26, cm^-3, particle concentration in size range [1106.1 - 1191.0 nm]
Bin27, cm^-3, particle concentration in size range [1191.0 - 1282.5 nm]
Bin28, cm^-3, particle concentration in size range [1282.5 - 1381.0 nm]
Bin29, cm^-3, particle concentration in size range [1381.0 - 1487.1 nm]
Bin30, cm^-3, particle concentration in size range [1487.1 - 1601.3 nm]
Bin31, cm^-3, particle concentration in size range [1601.3 - 1724.3 nm]
[...]
PLATFORM: NOAA CSL Mobile Lab
LOCATION: USOS
ASSOCIATED_DATA: N/A
INSTRUMENT_INFO: Printed Optical Particle Spectrometer counts particles from 140 - 2500 nm in diameter 
DATA_INFO: Particle concentrations reported in number per cubic centimeter,1 Hz data
UNCERTAINTY: Counting uncertainty dominated by air flow, less than 5 percent. Measurement range is ~0 - 3000 per cm3 (varies depending on flow rate- manufacturer quotes 1250 per cm3 at 1.667 cc/s)
ULOD_FLAG: -7777
ULOD_VALUE: N/A
LLOD_FLAG: -8888
LLOD_VALUE: N/A
DM_CONTACT_INFO: Troy Thornberry, 325 Broadway R/CSL6, Boulder, CO 80305; troy.thornberry@noaa.gov; 303-497-3373
PROJECT_INFO: USOS, Utah POPS data from NOAA CSL Mobile Lab
STIPULATIONS_ON_USE: Please contact the PIs for questions regarding applications and uncertainties
OTHER_COMMENTS: POPS bin Edges (nm):  140.1, 146.3, 152.8, 159.6, 166.8, 174.2, 181.9, 190.0, 198.5, 207.4, 216.6, 226.2, 236.3, 246.8, 257.8, 269.3, 343.4, 450.7, 525.9, 618.5, 710.0, 822.7, 885.9, 953.9, 1027.2, 1106.1, 1191.0, 1282.5, 1381.0, 1487.1, 1601.3, 1724.3, 1856.7, 1999.3, 2152.8, 2318.2, 2496.2
Calculations assume organic aerosol refractive index of 1.52+0.00j and extinction wavelength = 532 nm
REVISION: R0
R0: Final data
Time_Start, Time_Stop, Time_Mid, Press_mb, Temp_C, Aerosol_concentration, Surface_Area_Conc, Volume_density, Effective_radius, Extinction, Bin01, Bin02, Bin03, Bin04, Bin05, Bin06, Bin07, Bin08, Bin09, Bin10, Bin11, Bin12, Bin13, Bin14, Bin15, Bin16, Bin17, Bin18, Bin19, Bin20, Bin21, Bin22, Bin23, Bin24, Bin25, Bin26, Bin27, Bin28, Bin29, Bin30, Bin31, Bin32, Bin33, Bin34, Bin35, Bin36
[from data line 582]
34920,34979,34950,876.616,30.892,655.992,142.066,8.769,0.185,0.055,32.636585,32.016052,29.475451,29.878035,30.141916,29.784250,29.565210,29.296354,29.074215,28.319429,30.322109,31.889894,33.936291,34.426304,31.262569,127.351585,46.528835,13.838706,4.146221,0.598914,0.435388,0.204902,0.139270,0.111242,0.060976,0.067168,0.061484,0.033460,0.060863,0.067299,0.082758,0.083857,0.027750,0.032798,0.016897,0.017171
34980,35039,35010,876.663,30.736,657.299,142.481,8.633,0.181,0.055,31.671122,30.510176,30.763378,30.171989,30.552151,30.335571,29.826223,29.268221,28.406481,29.537081,29.513561,32.313015,34.245342,34.882828,31.532610,126.555817,46.478703,13.969849,4.689685,0.598082,0.430680,0.212865,0.132821,0.110712,0.105543,0.038946,0.055473,0.071549,0.038945,0.050267,0.066393,0.045043,0.044767,0.027950,0.033944,0.011252
35040,35099,35070,876.703,30.869,657.335,142.617,8.691,0.182,0.055,32.377258,31.261454,30.249792,30.369057,30.465446,30.264313,28.824369,29.309547,28.897108,28.791157,29.771156,31.914875,34.342190,34.443081,30.750923,127.034264,48.020542,13.877513,4.304914,0.634693,0.375188,0.249292,0.088197,0.120728,0.087656,0.077880,0.033377,0.066124,0.077762,0.049336,0.038744,0.050403,0.027734,0.033023,0.022566,0.033039
35100,35159,35130,876.684,31.061,663.145,144.037,8.864,0.184,0.055,32.155106,31.289896,30.261650,30.139172,30.510309,29.671049,29.262381,29.296085,29.055323,29.854891,30.757904,32.610653,34.955898,35.452206,32.005875,128.604523,47.171970,13.648648,4.329104,0.635310,0.420755,0.140843,0.119139,0.118745,0.074093,0.094526,0.079769,0.056378,0.051262,0.056050,0.112349,0.045213,0.022966,0.011257,0.028364,0.045461
35160,35219,35190,876.708,30.976,665.383,144.423,8.816,0.182,0.056,32.298897,31.241049,30.701382,31.237564,30.626375,30.663233,29.612579,29.355564,28.853212,29.129110,30.813345,32.935669,33.975643,35.356152,31.480488,129.481522,46.907784,14.086490,4.428309,0.744381,0.385657,0.167582,0.167635,0.140073,0.050681,0.089074,0.061056,0.039283,0.044079,0.056574,0.072319,0.033805,0.061076,0.016933,0.045401,0.022777
35220,35279,35250,876.720,30.709,661.731,144.548,9.135,0.189,0.056,31.760836,31.052614,30.375984,31.495392,30.372990,29.776653,29.996069,29.400625,28.356169,28.881344,29.912178,32.631470,34.392254,34.867344,31.701441,128.341400,47.959179,13.787818,4.519426,0.655350,0.424065,0.193523,0.121297,0.127802,0.032796,0.066777,0.044676,0.062081,0.071792,0.050289,0.078310,0.077381,0.038822,0.021721,0.039112,0.043706
35280,35339,35310,876.700,30.713,662.444,144.504,8.891,0.184,0.056,32.592003,30.797388,30.549772,30.562870,30.345181,30.080048,29.402988,28.719179,29.225554,29.053579,30.282545,32.535515,34.407032,35.005146,32.232380,127.888702,47.875870,14.484164,4.277707,0.638365,0.366501,0.176571,0.156414,0.094768,0.077549,0.122957,0.083128,0.083915,0.049952,0.032819,0.066493,0.033435,0.027646,0.049666,0.027579,0.038707
35340,35399,35370,876.705,30.927,663.381,143.957,8.826,0.183,0.055,32.755886,31.829082,29.858824,30.885910,30.191442,31.448711,29.217793,29.048046,28.920927,29.891636,29.870071,32.675434,34.133865,35.440262,31.493622,127.911934,47.812843,13.510551,4.345667,0.623887,0.305500,0.254449,0.155371,0.095291,0.095903,0.100167,0.050828,0.083830,0.072844,0.071607,0.065530,0.038678,0.039796,0.022316,0.034000,0.028205
35400,35459,35430,876.729,31.116,658.398,142.587,8.756,0.183,0.055,31.690969,31.188688,30.920160,30.656858,30.230440,30.301165,29.945333,29.441904,28.438881,29.472282,30.410933,32.357899,33.747608,34.357555,31.395672,126.824646,46.902157,13.789191,4.169559,0.640076,0.472814,0.173634,0.198789,0.083955,0.056606,0.079317,0.067148,0.022239,0.039398,0.067436,0.073742,0.044650,0.039943,0.029045,0.034227,0.033452
35460,35519,35490,876.716,30.949,657.043,142.748,8.787,0.184,0.055,31.763777,31.164755,30.842001,30.275827,30.333826,30.469126,29.523390,28.819075,28.257095,28.902069,29.319437,32.161663,34.039047,35.037994,30.988728,128.300430,46.997604,13.386699,4.324668,0.623511,0.376191,0.200352,0.156039,0.104873,0.117582,0.066437,0.072131,0.083157,0.044752,0.044778,0.055911,0.039188,0.061777,0.022338,0.027539,0.038961
35520,35579,35550,876.703,30.774,659.927,143.811,9.149,0.190,0.055,32.649502,31.054420,29.832134,30.394640,30.218889,30.059074,29.698101,29.364054,29.195530,29.616650,29.962337,32.660767,34.072716,34.482441,31.967936,127.695702,46.850327,13.687576,4.391540,0.593103,0.403666,0.112008,0.133475,0.095287,0.129258,0.105646,0.050765,0.045135,0.062328,0.056346,0.050660,0.067106,0.028274,0.028121,0.049520,0.061870
35580,35639,35610,876.687,30.897,663.786,144.913,9.197,0.190,0.056,32.124577,30.752155,30.075085,30.728327,30.709312,30.448849,29.788227,29.365519,29.367954,29.398926,30.962013,32.756565,34.526169,34.452705,32.067982,128.798584,47.411228,13.510018,4.475474,0.490182,0.416627,0.168584,0.104680,0.136142,0.072838,0.094627,0.105718,0.055776,0.044444,0.094650,0.060483,0.056402,0.028409,0.033010,0.055300,0.048487
35640,35699,35670,876.698,31.132,651.132,141.742,8.599,0.181,0.055,30.283695,29.443213,28.896391,28.885820,29.659336,29.029222,29.857796,28.983488,29.043535,29.462492,30.566322,32.279678,34.467003,34.600552,31.876959,126.992317,46.802265,13.649473,4.476255,0.566174,0.363437,0.182442,0.078890,0.113476,0.072430,0.063037,0.039091,0.033273,0.049900,0.067557,0.089748,0.027895,0.039725,0.028286,0.027436,0.033806
35700,35759,35730,876.731,31.063,652.612,142.136,8.814,0.185,0.055,30.927935,30.340487,29.986469,29.102303,29.724133,30.003317,29.445154,28.991068,28.533987,28.977707,30.744230,31.926615,34.007721,34.200474,31.581598,128.009155,45.818901,13.722432,4.498421,0.625946,0.469308,0.145278,0.146253,0.077893,0.120721,0.061396,0.032850,0.044463,0.050662,0.028452,0.050302,0.044553,0.066116,0.021855,0.028101,0.055988
35760,35819,35790,876.736,30.914,654.468,142.806,8.966,0.188,0.055,31.338587,30.823763,29.761944,30.640301,29.650574,30.080221,29.732697,27.790342,27.855181,28.667652,30.217020,31.566559,34.389915,35.272003,31.668310,127.986130,47.074444,13.625456,4.205624,0.602709,0.355474,0.249437,0.196521,0.089210,0.082878,0.044040,0.050376,0.039368,0.044541,0.066043,0.093824,0.077942,0.044968,0.016797,0.027972,0.038693
35820,35879,35850,876.710,30.855,645.228,140.028,8.612,0.184,0.053,31.085291,29.763752,29.064995,30.020088,30.386076,29.443424,28.605272,28.452723,28.013418,28.273037,30.290783,31.891809,33.450752,34.412033,30.732895,126.485031,45.837742,12.807687,4.200359,0.564288,0.317739,0.169945,0.220874,0.088380,0.110042,0.076961,0.076609,0.049681,0.038089,0.060254,0.061506,0.028418,0.044734,0.026848,0.016601,0.059786
35880,35939,35910,876.735,30.976,644.813,140.004,8.601,0.183,0.054,31.245317,30.660269,29.470549,29.696964,29.596622,29.957182,28.778494,29.255646,27.997038,27.126884,29.426331,32.303982,33.331863,34.167362,30.738251,125.312569,46.369331,13.087636,4.106714,0.726215,0.414482,0.194005,0.136661,0.109533,0.105269,0.066370,0.049596,0.016332,0.050061,0.054967,0.094272,0.033059,0.039541,0.016771,0.027446,0.049214
35940,35999,35970,876.774,31.121,651.872,141.241,8.758,0.185,0.054,31.534801,30.601101,29.525604,30.199051,29.726400,29.999065,28.838903,29.605879,28.479652,29.022718,30.202917,32.488720,34.714706,33.735683,31.445099,126.167595,46.267563,12.973655,4.239950,0.650440,0.367727,0.209714,0.113665,0.101848,0.101435,0.074250,0.079097,0.045417,0.067841,0.022503,0.084449,0.057222,0.033709,0.011263,0.037952,0.044900
36000,36059,36030,876.760,31.049,643.212,139.545,8.773,0.187,0.053,30.980366,30.772051,29.375135,29.696518,30.389553,28.828915,29.066668,29.023424,27.707951,28.856199,29.386158,31.706144,33.091286,33.952473,31.512356,124.206818,45.344330,13.031308,4.281657,0.545562,0.405349,0.193417,0.137767,0.098208,0.087630,0.054965,0.088235,0.044767,0.038083,0.043904,0.055678,0.054681,0.022511,0.022339,0.038580,0.071240
36060,36119,36090,876.731,30.796,645.512,141.010,8.968,0.190,0.055,31.235733,30.127846,29.759010,30.263062,29.893591,29.856390,29.186722,29.054049,28.102703,29.051134,29.567104,32.247021,32.653877,34.152122,30.392601,123.471848,46.238888,13.704593,4.426179,0.612621,0.372252,0.204889,0.133864,0.104915,0.099515,0.062067,0.066627,0.077623,0.033306,0.071755,0.082852,0.055712,0.039128,0.005274,0.028051,0.077277
36120,36179,36150,876.719,30.679,649.551,142.374,9.033,0.190,0.055,31.125315,29.674730,30.182995,30.179482,30.452629,29.904921,28.506592,29.104042,28.687157,28.556614,29.955051,31.020844,33.543968,34.585014,31.048506,126.435364,46.214581,13.620052,4.511719,0.685319,0.310262,0.233593,0.144886,0.149821,0.100749,0.083167,0.067009,0.033066,0.090233,0.049971,0.055103,0.055293,0.076739,0.039077,0.016372,0.050458
36180,36239,36210,876.738,31.016,646.260,140.732,8.819,0.187,0.054,31.794409,30.507360,29.475798,29.100746,29.713154,29.445765,28.437807,28.940214,28.890848,28.454119,29.449883,31.623646,33.872196,33.861164,31.728130,125.557899,45.954086,13.166159,4.218152,0.590912,0.392358,0.183803,0.122001,0.128734,0.066003,0.056370,0.088949,0.033605,0.022681,0.061366,0.116516,0.044738,0.049172,0.044653,0.021779,0.045136
36240,36299,36270,876.760,31.119,650.010,141.093,8.556,0.181,0.054,31.315771,31.112682,30.140629,30.437330,29.901228,29.225580,28.613287,28.882998,28.969542,29.489502,28.910700,31.083519,33.447929,34.267632,31.159937,126.442833,46.421593,13.848167,4.181526,0.618242,0.404662,0.209990,0.202468,0.113151,0.084053,0.078639,0.096224,0.050724,0.056564,0.051104,0.039755,0.033590,0.039388,0.022231,0.017078,0.039992
36300,36359,36330,876.718,31.051,647.069,139.985,8.588,0.183,0.054,31.375208,31.024740,29.764166,30.130632,29.448549,28.864277,29.171713,28.696695,28.277996,29.160791,29.430862,32.522797,33.634071,34.658684,30.375055,125.507851,45.419415,13.314011,4.218083,0.618219,0.334937,0.267327,0.134643,0.101478,0.044981,0.105854,0.077918,0.050710,0.055699,0.049485,0.082601,0.055695,0.022025,0.000000,0.027956,0.044371
36360,36419,36390,876.786,30.866,642.787,140.496,8.844,0.188,0.054,31.486431,30.244356,28.694927,29.158911,30.061966,29.562077,28.898119,28.002073,27.112394,28.662827,29.541615,31.027651,33.200821,34.699757,31.154392,125.508469,46.201092,13.225068,4.278865,0.505666,0.444266,0.189093,0.105397,0.087311,0.122105,0.066111,0.065504,0.076128,0.099036,0.027851,0.082968,0.055291,0.022282,0.027377,0.044207,0.044255
36420,36479,36450,876.791,30.890,643.970,141.613,9.159,0.193,0.055,30.863791,31.000750,29.728466,29.883265,29.272505,29.261326,28.622551,28.661480,27.980562,28.911621,29.280708,31.268270,33.389187,34.109283,31.033306,124.876465,46.033401,13.189020,4.267551,0.617048,0.409728,0.297843,0.133119,0.083694,0.089012,0.055117,0.104862,0.067581,0.078783,0.083096,0.083955,0.044792,0.049448,0.045217,0.016289,0.077285
36480,36539,36510,876.742,31.111,648.109,141.800,8.977,0.189,0.055,31.135176,29.747726,29.509197,30.292032,30.305832,29.546320,28.512608,29.681061,27.873024,28.524002,28.933962,31.981604,34.500202,33.836155,30.723934,126.575165,46.533562,13.408067,4.392586,0.600701,0.374014,0.179069,0.145639,0.072643,0.115681,0.078644,0.055483,0.049957,0.061190,0.062119,0.084014,0.056012,0.061461,0.011283,0.033349,0.055383
36540,36599,36570,876.748,31.273,644.547,139.862,8.689,0.186,0.054,31.128641,30.350605,29.753128,29.587112,30.665298,29.084175,29.430134,28.372963,28.183388,27.997540,29.004927,32.016022,33.435558,34.590366,31.067104,125.417183,45.262936,12.822026,4.267074,0.478928,0.436723,0.197823,0.149911,0.132396,0.071501,0.087437,0.105102,0.061681,0.060268,0.088071,0.076356,0.066125,0.033480,0.010882,0.027072,0.027550
36600,36659,36630,876.785,31.066,641.718,138.907,8.471,0.182,0.053,30.565113,30.137243,29.268684,29.595089,29.645727,29.088402,28.613010,28.528519,28.090233,28.299065,30.187660,31.496044,33.086330,34.676476,31.520296,123.906746,46.001900,12.684532,4.448395,0.569160,0.340514,0.180190,0.095490,0.085489,0.056418,0.079702,0.063090,0.057126,0.056787,0.044991,0.085057,0.039696,0.045314,0.022321,0.023182,0.033804
36660,36719,36690,876.758,31.011,635.909,138.443,8.443,0.182,0.053,30.226227,30.179712,28.913626,28.962210,29.278103,28.595037,28.063013,28.446678,27.696951,27.941216,29.176109,31.849882,32.914715,33.687180,30.824471,124.385185,45.630444,13.189594,3.895700,0.568784,0.369906,0.211634,0.131163,0.127773,0.060827,0.078308,0.049952,0.072708,0.076514,0.071965,0.078809,0.011208,0.060612,0.033153,0.010667,0.039148
36720,36779,36750,876.731,30.956,639.934,139.980,9.034,0.192,0.054,30.752630,30.523664,28.946056,29.190474,29.599926,28.720316,28.319735,28.286938,28.321785,28.807444,29.027885,31.394707,32.898491,33.917889,30.806265,126.041580,45.739094,12.668013,3.879352,0.476745,0.362835,0.200649,0.151201,0.135439,0.077828,0.061328,0.072731,0.051039,0.111288,0.060881,0.078313,0.083022,0.068217,0.033464,0.022854,0.044260
36780,36839,36810,876.729,31.103,633.437,138.298,8.952,0.193,0.053,30.668919,29.965086,29.133947,28.591873,30.024090,29.067739,28.451984,28.465204,27.648132,27.840023,29.493122,30.601973,33.220894,34.123940,29.966282,122.858536,44.394653,12.501036,4.245584,0.535299,0.367425,0.232176,0.175376,0.088110,0.132794,0.089393,0.060474,0.055271,0.027648,0.083270,0.088490,0.083275,0.038925,0.027378,0.033338,0.054968
36840,36899,36870,876.712,31.218,635.683,137.856,8.445,0.183,0.053,31.063700,29.583820,28.994352,29.503166,28.419031,29.847647,28.048780,27.979025,27.915962,28.362803,28.796547,31.168613,33.080700,34.102402,30.820953,123.599693,45.154465,12.691865,4.463844,0.658347,0.447020,0.195823,0.174979,0.091691,0.045543,0.079380,0.011435,0.055972,0.028028,0.067693,0.067790,0.044692,0.017096,0.027725,0.027939,0.044432
36900,36959,36930,876.734,31.103,635.253,137.830,8.666,0.188,0.053,29.766487,30.078671,29.074554,28.662437,29.731010,28.574917,28.926559,29.207497,27.948284,27.501762,28.913656,31.419306,33.718060,34.212372,31.391602,122.461281,45.106995,12.524635,4.097546,0.527206,0.361079,0.160133,0.133697,0.111244,0.077721,0.044138,0.055253,0.061862,0.028135,0.066841,0.099074,0.065871,0.044419,0.022173,0.043969,0.032984
36960,37019,36990,876.692,30.872,634.967,138.482,8.914,0.192,0.053,30.549078,29.889296,29.332596,29.299158,29.103306,28.685171,28.224236,28.623898,27.411476,28.287798,28.896379,31.867609,33.021511,34.320969,30.432295,123.292114,45.390732,12.260909,3.964880,0.609270,0.371825,0.212158,0.115203,0.071536,0.071847,0.071909,0.071373,0.065569,0.050005,0.060913,0.077465,0.072286,0.048563,0.077175,0.033100,0.033756
37020,37079,37050,876.727,30.937,642.346,141.268,9.185,0.194,0.055,31.608614,29.789438,29.566420,29.428343,29.216314,29.549101,28.172756,28.321827,28.304169,27.990112,29.549892,31.410061,32.493896,34.054443,30.603748,126.412682,45.717751,13.962232,4.102218,0.551795,0.355557,0.186999,0.117456,0.112970,0.084285,0.077658,0.083102,0.079157,0.044795,0.098635,0.055696,0.078322,0.033662,0.022067,0.033586,0.076773
37080,37139,37110,876.714,31.132,640.152,139.278,8.561,0.183,0.053,30.035835,30.060944,28.902132,29.047569,29.563599,29.791153,28.821844,29.198847,27.771721,27.880409,29.678885,32.206245,33.261280,34.043713,31.154697,123.449020,45.977577,13.053096,4.111021,0.643968,0.345212,0.189395,0.171850,0.106572,0.111488,0.084009,0.088482,0.067473,0.061639,0.038688,0.050055,0.027690,0.055631,0.039166,0.028098,0.033325
37140,37199,37170,876.697,31.151,631.487,137.346,8.524,0.186,0.053,29.878874,29.537025,28.601261,28.949011,29.109669,28.539097,27.665371,28.050854,27.778654,28.406666,28.883505,31.547594,33.518421,33.773525,31.351339,122.750099,44.244453,12.795252,4.046018,0.636454,0.317430,0.229332,0.138548,0.072390,0.071366,0.078023,0.100612,0.016743,0.050702,0.072067,0.089129,0.033178,0.049736,0.039039,0.032915,0.033151
