CampaignData_and_Merges/R0/CSL_MobileLab_Parked/raw/20240802/USOS-NOAAIodideCIMS-HNO3_MobileLabGround_20240802_RA.ict
33, 1001
Michael A Robinson, Chris Jernigan, Subi Thakali
NOAA ESRL Chemical Sciences Laboratory and CIRES, U. of Colorado
NOAA Iodide CIMS Instrument
USOS
1, 1
2024, 08, 02, 2024, 08, 03
1
starttime_UTC, seconds_past_midnight, seconds_of_day_since_00:00:00_UTC
1
1
-9999
HNO3_NOAACIMS, pptv, Gas_HNO3_InSitu_S_AVMR, 
0
18
PI_CONTACT_INFO: 325 Broadway, R/CSD 7, Boulder, Colorado 80305; michael.a.robinson@noaa.gov; chris.jernigan@noaa.gov;
PLATFORM: NOAA CSL Mobile Lab
LOCATION: SLC, Utah
ASSOCIATED_DATA: 1Hz data also available on request.
INSTRUMENT_INFO: NOAA I- ToF CIMS
DATA_INFO: All data in parts per trillion by volume (pptv). 1 Hz data is available upon request.
UNCERTAINTY: TBD
ULOD_FLAG: -7777
ULOD_VALUE: N/A
LLOD_FLAG: -8888
LLOD_VALUE: N/A
DM_CONTACT_INFO: Nathan Howard; nathan.h.howard@noaa.gov
PROJECT_INFO: USOS, summer 2024. https://csl.noaa.gov/groups/csl7/measurements/2024usos/
STIPULATIONS_ON_USE: Users are strongly encouraged to contact the PI for proper data usage.
OTHER_COMMENTS: 
REVISION: RA
RA: Preliminary Data; For in-field use only
starttime_UTC, HNO3_NOAACIMS
     0, -9999.000
    60, -9999.000
   120, -9999.000
   180, -9999.000
   240, -9999.000
   300, -9999.000
   360, -9999.000
   420, -9999.000
   480, -9999.000
   540, -9999.000
   600, -9999.000
   660, -9999.000
   720, -9999.000
   780, -9999.000
   840, -9999.000
   900, -9999.000
   960, -9999.000
  1020, -9999.000
  1080, -9999.000
  1140, -9999.000
  1200, -9999.000
  1260, -9999.000
  1320, -9999.000
  1380, -9999.000
  1440, -9999.000
  1500, -9999.000
  1560, -9999.000
  1620, -9999.000
  1680, -9999.000
  1740, -9999.000
  1800, -9999.000
  1860, -9999.000
  1920, -9999.000
  1980, -9999.000
  2040, -9999.000
  2100, 537.094
  2160, 587.720
  2220, -9999.000
  2280, -9999.000
  2340, -9999.000
  2400, -9999.000
  2460, -9999.000
  2520, -9999.000
  2580, -9999.000
  2640, -9999.000
  2700, -9999.000
  2760, -9999.000
  2820, -9999.000
  2880, -9999.000
  2940, -9999.000
  3000, -9999.000
  3060, -9999.000
  3120, -9999.000
  3180, -9999.000
  3240, -9999.000
  3300, -9999.000
  3360, -9999.000
  3420, -9999.000
  3480, -9999.000
  3540, -9999.000
  3600, -9999.000
  3660, -9999.000
  3720, -9999.000
  3780, -9999.000
  3840, -9999.000
  3900, -9999.000
  3960, -9999.000
  4020, -9999.000
  4080, -9999.000
  4140, -9999.000
  4200, -9999.000
  4260, -9999.000
  4320, 262.805
  4380, 261.796
  4440, 280.807
  4500, 281.328
  4560, 278.160
  4620, 292.592
  4680, 286.682
  4740, 289.137
  4800, 289.860
  4860, 299.353
  4920, 294.361
  4980, 305.071
  5040, 308.886
  5100, 300.972
  5160, 311.473
  5220, 320.790
  5280, 325.897
  5340, 331.939
  5400, 338.291
  5460, 334.354
  5520, 340.355
  5580, 333.367
  5640, 332.667
  5700, 320.214
  5760, 316.320
  5820, 317.959
  5880, 315.796
  5940, -9999.000
  6000, 297.433
  6060, 299.753
  6120, 300.751
  6180, 325.234
  6240, 319.392
  6300, 319.414
  6360, 327.722
  6420, 326.209
  6480, 316.623
  6540, 312.929
  6600, 312.721
  6660, 333.003
  6720, 346.727
  6780, 337.847
  6840, 331.019
  6900, 332.688
  6960, 335.613
  7020, 343.400
  7080, 339.264
  7140, 336.383
  7200, 337.338
  7260, 333.929
  7320, 340.200
  7380, 335.011
  7440, 331.845
  7500, 327.090
  7560, 340.622
  7620, 343.421
  7680, 325.448
  7740, 342.236
  7800, 288.439
  7860, 302.488
  7920, 313.158
  7980, 309.609
  8040, 312.900
  8100, 318.130
  8160, 319.120
  8220, 314.830
  8280, 322.743
  8340, 321.449
  8400, 322.573
  8460, 313.420
  8520, 317.777
  8580, 311.107
  8640, 308.776
  8700, 302.066
  8760, 297.159
  8820, 302.873
  8880, 308.347
  8940, 312.285
  9000, 311.897
  9060, 309.294
  9120, 301.487
  9180, 289.428
  9240, 288.319
  9300, 287.105
  9360, 282.397
  9420, 277.092
  9480, 268.246
  9540, 264.491
  9600, 258.506
  9660, 234.739
  9720, 241.636
  9780, 244.112
  9840, 248.865
  9900, 251.992
  9960, 254.774
 10020, 257.842
 10080, 260.924
 10140, 265.446
 10200, 265.595
 10260, 272.527
 10320, 267.559
 10380, 268.936
 10440, 276.370
 10500, 277.079
 10560, 265.848
 10620, 262.276
 10680, 253.895
 10740, 250.754
 10800, 243.655
 10860, 240.909
 10920, 233.967
 10980, 234.837
 11040, 229.064
 11100, 224.547
 11160, 224.285
 11220, 223.786
 11280, 226.631
 11340, 225.072
 11400, 227.729
 11460, 226.386
 11520, 211.765
 11580, 215.780
 11640, 224.264
 11700, 226.556
 11760, 223.671
 11820, 219.310
 11880, 210.002
 11940, 202.031
 12000, 196.001
 12060, 196.814
 12120, 202.445
 12180, 207.165
 12240, 207.729
 12300, 207.236
 12360, 208.759
 12420, 203.523
 12480, 202.801
 12540, 200.982
 12600, 199.730
 12660, 205.429
 12720, 196.599
 12780, 193.725
 12840, 198.896
 12900, 202.399
 12960, 173.413
 13020, 163.483
 13080, 154.592
 13140, 162.453
 13200, 173.750
 13260, 178.898
 13320, -9999.000
 13380, 182.918
 13440, 179.750
 13500, 189.364
 13560, 187.947
 13620, 195.539
 13680, 208.344
 13740, 216.513
 13800, 220.987
 13860, 232.056
 13920, 236.794
 13980, 237.057
 14040, 236.143
 14100, 237.580
 14160, 229.348
 14220, 222.968
 14280, 216.795
 14340, 224.201
 14400, 224.500
 14460, 223.895
 14520, 231.019
 14580, 238.382
 14640, 235.833
 14700, 231.272
 14760, 235.514
 14820, 239.817
 14880, 230.203
 14940, 228.472
 15000, 221.455
 15060, 205.381
 15120, 211.659
 15180, -9999.000
 15240, 212.889
 15300, 221.726
 15360, 221.334
 15420, 225.523
 15480, 223.113
 15540, 209.744
 15600, 187.113
 15660, 187.578
 15720, 211.001
 15780, 220.257
 15840, 222.956
 15900, 222.419
 15960, 221.674
 16020, 222.545
 16080, 222.937
 16140, 231.104
 16200, 219.712
 16260, 220.945
 16320, 216.667
 16380, 226.594
 16440, 223.253
 16500, 220.144
 16560, 210.722
 16620, 208.166
 16680, 217.431
 16740, 212.640
 16800, 213.788
 16860, 214.359
 16920, 212.268
 16980, 203.211
 17040, -9999.000
 17100, 164.917
 17160, 155.083
 17220, 155.009
 17280, 167.312
 17340, 172.489
 17400, 161.462
 17460, 143.339
 17520, 146.555
 17580, 146.152
 17640, 150.438
 17700, 153.555
 17760, 154.611
 17820, 150.605
 17880, 144.535
 17940, 138.607
 18000, 138.173
 18060, 140.992
 18120, 139.987
 18180, 148.796
 18240, 150.770
 18300, 160.969
 18360, 156.148
 18420, 153.480
 18480, 150.069
 18540, 144.700
 18600, 135.194
 18660, 136.852
 18720, 143.452
 18780, 144.416
 18840, 137.579
 18900, 146.182
 18960, 144.036
 19020, 139.927
 19080, 130.503
 19140, 114.634
 19200, 104.987
 19260, 118.027
 19320, 127.608
 19380, 121.005
 19440, 119.226
 19500, 114.375
 19560, 111.922
 19620, 106.966
 19680, 105.799
 19740, 121.479
 19800, 121.996
 19860, 132.955
 19920, 125.944
 19980, 122.894
 20040, 108.507
 20100, 108.961
 20160, 111.221
 20220, 127.075
 20280, 137.375
 20340, 139.485
 20400, 129.835
 20460, 135.997
 20520, 130.863
 20580, 138.766
 20640, 153.149
 20700, -9999.000
 20760, 157.482
 20820, 150.585
 20880, 142.716
 20940, 129.592
 21000, 122.788
 21060, 122.313
 21120, 116.495
 21180, 99.783
 21240, 102.027
 21300, 106.993
 21360, 117.617
 21420, 139.663
 21480, 140.996
 21540, 140.990
 21600, 133.058
 21660, 142.142
 21720, 153.672
 21780, 168.402
 21840, 170.115
 21900, 171.701
 21960, 174.089
 22020, 177.413
 22080, 185.480
 22140, 200.396
 22200, 202.412
 22260, 192.175
 22320, 191.353
 22380, 185.747
 22440, 190.495
 22500, 187.398
 22560, -9999.000
 22620, 188.694
 22680, 189.088
 22740, 173.100
 22800, 166.561
 22860, 158.848
 22920, 153.415
 22980, 157.005
 23040, 146.082
 23100, 139.550
 23160, 127.215
 23220, 135.150
 23280, 126.773
 23340, 120.559
 23400, 117.275
 23460, 107.957
 23520, 109.234
 23580, 114.105
 23640, 129.921
 23700, 144.318
 23760, 138.543
 23820, 120.980
 23880, 116.460
 23940, 114.971
 24000, 122.048
 24060, 128.496
 24120, 115.937
 24180, 128.289
 24240, 136.342
 24300, 146.470
 24360, 156.987
 24420, -9999.000
 24480, 169.921
 24540, 170.431
 24600, 183.135
 24660, 193.794
 24720, 197.853
 24780, 176.737
 24840, 183.317
 24900, 191.090
 24960, 199.868
 25020, 185.960
 25080, 147.270
 25140, 151.229
 25200, 160.796
 25260, 171.052
 25320, 183.052
 25380, 202.208
 25440, 206.097
 25500, 186.514
 25560, 165.881
 25620, 158.542
 25680, 142.412
 25740, 136.861
 25800, 133.543
 25860, 135.133
 25920, 139.832
 25980, 126.325
 26040, 132.795
 26100, 127.848
 26160, 120.530
 26220, 120.941
 26280, 133.474
 26340, 129.302
 26400, 127.024
 26460, 119.661
 26520, 119.920
 26580, 123.186
 26640, 123.477
 26700, 124.723
 26760, 121.731
 26820, 117.768
 26880, 110.963
 26940, 109.279
 27000, 116.108
 27060, 117.734
 27120, 112.307
 27180, 108.315
 27240, 105.960
 27300, 104.936
 27360, 110.893
 27420, 113.409
 27480, 112.355
 27540, 111.140
 27600, 104.801
 27660, 94.716
 27720, 104.315
 27780, 116.905
 27840, 121.491
 27900, 114.796
 27960, 104.146
 28020, 112.753
 28080, -9999.000
 28140, 124.562
 28200, 123.959
 28260, 126.103
 28320, 123.565
 28380, 119.085
 28440, 123.328
 28500, 135.403
 28560, 129.705
 28620, 134.903
 28680, 132.664
 28740, 136.986
 28800, 140.207
 28860, 144.224
 28920, 137.633
 28980, 136.410
 29040, 135.197
 29100, 128.533
 29160, 129.069
 29220, 128.020
 29280, 128.297
 29340, 124.576
 29400, 119.979
 29460, 111.628
 29520, 112.602
 29580, 112.269
 29640, 111.035
 29700, 112.294
 29760, 108.044
 29820, 109.685
 29880, 109.887
 29940, 111.455
 30000, 116.950
 30060, 117.476
 30120, 115.369
 30180, 114.384
 30240, 115.526
 30300, 115.975
 30360, 116.709
 30420, 115.199
 30480, 115.299
 30540, 119.042
 30600, 125.815
 30660, 129.128
 30720, 128.605
 30780, 121.702
 30840, 120.004
 30900, 123.509
 30960, 128.788
 31020, 126.397
 31080, 120.526
 31140, 119.585
 31200, 120.315
 31260, 121.959
 31320, 125.833
 31380, 127.937
 31440, 123.206
 31500, 123.320
 31560, 122.931
 31620, 126.774
 31680, 127.471
 31740, 127.441
 31800, -9999.000
 31860, 120.933
 31920, 120.849
 31980, 126.649
 32040, 126.518
 32100, 122.945
 32160, 119.275
 32220, 119.572
 32280, 119.134
 32340, 118.189
 32400, 119.916
 32460, 117.198
 32520, 110.761
 32580, 114.870
 32640, 115.728
 32700, 114.479
 32760, 112.234
 32820, 111.518
 32880, 111.594
 32940, 113.900
 33000, 110.684
 33060, 107.308
 33120, 109.916
 33180, 113.545
 33240, 115.064
 33300, 115.532
 33360, 111.591
 33420, 118.025
 33480, 111.529
 33540, 108.757
 33600, 107.739
 33660, 115.788
 33720, 112.073
 33780, 115.185
 33840, 119.573
 33900, 120.174
 33960, 112.374
 34020, 117.245
 34080, 118.742
 34140, 119.700
 34200, 119.216
 34260, 114.788
 34320, 115.714
 34380, 119.589
 34440, 122.940
 34500, 122.974
 34560, 118.976
 34620, 114.812
 34680, 114.846
 34740, 117.224
 34800, 117.884
 34860, 113.772
 34920, 111.229
 34980, 109.734
 35040, 109.458
 35100, 109.507
 35160, 103.039
 35220, 103.723
 35280, 105.378
 35340, 108.934
 35400, 107.960
 35460, 106.262
 35520, -9999.000
 35580, 108.925
 35640, 114.618
 35700, 115.138
 35760, 106.963
 35820, 113.994
 35880, 119.769
 35940, 120.832
 36000, 118.701
 36060, 116.179
 36120, 117.610
 36180, 117.313
 36240, 114.535
 36300, 112.574
 36360, 112.599
 36420, 116.704
 36480, 116.573
 36540, 117.390
 36600, 108.928
 36660, 112.100
 36720, 112.334
 36780, 112.350
 36840, 104.742
 36900, 99.423
 36960, 98.446
 37020, 101.580
 37080, 103.195
 37140, 101.883
 37200, 96.719
 37260, 99.661
 37320, 100.448
 37380, 104.994
 37440, 99.810
 37500, 98.199
 37560, 100.127
 37620, 97.572
 37680, 96.764
 37740, 95.623
 37800, 93.663
 37860, 93.764
 37920, 95.950
 37980, 97.056
 38040, 96.082
 38100, 102.113
 38160, 105.130
 38220, 105.973
 38280, 96.147
 38340, 96.706
 38400, 94.286
 38460, 93.061
 38520, 87.355
 38580, 78.015
 38640, 80.707
 38700, 83.024
 38760, 87.976
 38820, 85.565
 38880, 84.730
 38940, 93.332
 39000, 93.106
 39060, 91.621
 39120, 87.730
 39180, -9999.000
 39240, 97.230
 39300, 99.167
 39360, 95.082
 39420, 95.328
 39480, 95.839
 39540, 98.010
 39600, 97.815
 39660, 91.513
 39720, 87.464
 39780, 90.885
 39840, 86.715
 39900, 74.804
 39960, 66.995
 40020, 65.058
 40080, 72.946
 40140, 77.473
 40200, 83.895
 40260, 85.312
 40320, 93.339
 40380, 99.615
 40440, 107.199
 40500, 112.006
 40560, 114.675
 40620, 121.713
 40680, 125.563
 40740, 127.172
 40800, 124.717
 40860, 120.544
 40920, 121.073
 40980, 125.485
 41040, -9999.000
 41100, 125.882
 41160, 121.110
 41220, 123.300
 41280, 127.363
 41340, 123.429
 41400, 126.458
 41460, 127.789
 41520, 130.108
 41580, 127.792
 41640, 126.523
 41700, 128.414
 41760, 122.251
 41820, 123.329
 41880, 116.239
 41940, 116.234
 42000, 114.279
 42060, 111.481
 42120, 109.433
 42180, 107.932
 42240, 105.858
 42300, 102.503
 42360, 99.144
 42420, 96.016
 42480, 93.970
 42540, 97.988
 42600, 97.392
 42660, 97.423
 42720, 98.506
 42780, 101.651
 42840, 108.640
 42900, -9999.000
 42960, 103.915
 43020, 99.303
 43080, 96.094
 43140, 98.443
 43200, 97.993
 43260, 98.726
 43320, 100.784
 43380, 100.933
 43440, 107.036
 43500, 106.614
 43560, 98.442
 43620, 102.686
 43680, 103.981
 43740, 100.156
 43800, 86.873
 43860, 76.083
 43920, 73.103
 43980, 83.293
 44040, 91.438
 44100, 87.414
 44160, 83.842
 44220, 76.426
 44280, 82.802
 44340, 87.440
 44400, 97.867
 44460, 98.369
 44520, 104.216
 44580, 108.081
 44640, 102.425
 44700, 98.894
 44760, 104.282
 44820, 106.694
 44880, 103.455
 44940, 105.997
 45000, 98.643
 45060, 97.183
 45120, 93.296
 45180, 88.008
 45240, 90.168
 45300, 90.258
 45360, 98.775
 45420, 99.484
 45480, 99.089
 45540, 98.975
 45600, 98.558
 45660, 94.686
 45720, 97.853
 45780, 97.608
 45840, 98.349
 45900, 97.065
 45960, 97.301
 46020, 94.204
 46080, 93.106
 46140, 90.795
 46200, 93.407
 46260, 92.628
 46320, 89.390
 46380, 87.206
 46440, 86.487
 46500, 82.767
 46560, -9999.000
 46620, 85.141
 46680, 84.316
 46740, 84.829
 46800, 71.938
 46860, 89.457
 46920, 251.857
 46980, 286.837
 47040, 249.096
 47100, 225.751
 47160, 214.398
 47220, 201.608
 47280, 195.084
 47340, 191.328
 47400, 182.022
 47460, 169.817
 47520, 152.553
 47580, 150.646
 47640, 151.515
 47700, 147.849
 47760, 134.723
 47820, 144.450
 47880, 144.480
 47940, 143.491
 48000, 141.818
 48060, 140.996
 48120, 139.339
 48180, 135.689
 48240, 133.163
 48300, 127.428
 48360, 122.213
 48420, 122.741
 48480, 147.249
 48540, 145.861
 48600, 141.855
 48660, 135.339
 48720, 139.123
 48780, 141.199
 48840, 147.999
 48900, 153.474
 48960, 144.864
 49020, 138.385
 49080, 139.684
 49140, 141.108
 49200, 146.101
 49260, 141.204
 49320, 143.554
 49380, 149.499
 49440, 151.085
 49500, 153.134
 49560, 161.918
 49620, 153.345
 49680, 146.877
 49740, 144.181
 49800, 143.840
 49860, 146.601
 49920, 150.437
 49980, 159.894
 50040, 162.360
 50100, 171.539
 50160, 181.131
 50220, 181.390
 50280, -9999.000
 50340, 179.405
 50400, 187.249
 50460, 189.162
 50520, 196.000
 50580, 203.497
 50640, 202.745
 50700, 213.747
 50760, 211.108
 50820, 206.161
 50880, 205.163
 50940, 220.160
 51000, 226.415
 51060, 231.495
 51120, 240.286
 51180, 242.182
 51240, 250.595
 51300, 246.241
 51360, 241.952
 51420, 240.196
 51480, 250.081
 51540, 263.378
 51600, 278.026
 51660, 292.405
 51720, 279.070
 51780, 273.136
 51840, 270.174
 51900, 271.194
 51960, 259.974
 52020, 253.332
 52080, 250.363
 52140, 250.391
 52200, 260.395
 52260, 278.299
 52320, 282.520
 52380, 286.637
 52440, 284.124
 52500, 284.513
 52560, 274.885
 52620, 270.148
 52680, 262.254
 52740, 257.175
 52800, 252.448
 52860, 254.800
 52920, 257.336
 52980, 251.301
 53040, 253.730
 53100, 259.662
 53160, 259.143
 53220, 269.798
 53280, 294.159
 53340, 322.228
 53400, 336.819
 53460, 337.461
 53520, 332.298
 53580, 324.118
 53640, 315.911
 53700, 318.515
 53760, 327.121
 53820, 322.846
 53880, 326.063
 53940, 331.830
 54000, 289.109
 54060, 294.285
 54120, 298.374
 54180, 310.635
 54240, 325.148
 54300, 344.373
 54360, 378.605
 54420, 393.176
 54480, 410.338
 54540, 425.110
 54600, 437.441
 54660, 451.265
 54720, 462.289
 54780, 465.490
 54840, 456.865
 54900, 437.291
 54960, 422.584
 55020, 423.874
 55080, 425.808
 55140, 427.812
 55200, 431.243
 55260, 445.174
 55320, 428.351
 55380, 417.575
 55440, 418.585
 55500, 423.723
 55560, 454.708
 55620, 469.638
 55680, 495.102
 55740, 521.777
 55800, 529.827
 55860, 503.030
 55920, 541.215
 55980, 571.171
 56040, 589.646
 56100, 618.119
 56160, 644.972
 56220, 683.087
 56280, 711.220
 56340, 730.621
 56400, 781.062
 56460, 784.623
 56520, 809.795
 56580, 861.491
 56640, 896.930
 56700, 911.704
 56760, -9999.000
 56820, -9999.000
 56880, -9999.000
 56940, -9999.000
 57000, -9999.000
 57060, 815.708
 57120, 863.696
 57180, 900.794
 57240, 945.392
 57300, -9999.000
 57360, 796.460
 57420, 899.684
 57480, 1006.675
 57540, 994.413
 57600, 961.748
 57660, 967.200
 57720, 941.191
 57780, 904.073
 57840, 843.100
 57900, 795.080
 57960, 728.144
 58020, -9999.000
 58080, -9999.000
 58140, -9999.000
 58200, -9999.000
 58260, -9999.000
 58320, -9999.000
 58380, -9999.000
 58440, -9999.000
 58500, -9999.000
 58560, -9999.000
 58620, -9999.000
 58680, -9999.000
 58740, -9999.000
 58800, -9999.000
 58860, -9999.000
 58920, -9999.000
 58980, -9999.000
 59040, -9999.000
 59100, -9999.000
 59160, -9999.000
 59220, -9999.000
 59280, -9999.000
 59340, -9999.000
 59400, -9999.000
 59460, -9999.000
