CampaignData_and_Merges/R0/CSL_MobileLab_Parked/raw/20240805/USOS-NOAAIodideCIMS-HNO2_MobileLabGround_20240805_RA.ict
33, 1001
Michael A Robinson, Chris Jernigan, Subi Thakali
NOAA ESRL Chemical Sciences Laboratory and CIRES, U. of Colorado
NOAA Iodide CIMS Instrument
USOS
1, 1
2024, 08, 05, 2024, 08, 05
1
starttime_UTC, seconds_past_midnight, seconds_of_day_since_00:00:00_UTC
1
1
-9999
HNO2_NOAACIMS, pptv, Gas_HNO2_InSitu_S_AVMR, 
0
18
PI_CONTACT_INFO: 325 Broadway, R/CSD 7, Boulder, Colorado 80305; michael.a.robinson@noaa.gov; chris.jernigan@noaa.gov;
PLATFORM: NOAA CSL Mobile Lab
LOCATION: SLC, Utah
ASSOCIATED_DATA: 1Hz data also available on request.
INSTRUMENT_INFO: NOAA I- ToF CIMS
DATA_INFO: All data in parts per trillion by volume (pptv). 1 Hz data is available upon request.
UNCERTAINTY: TBD
ULOD_FLAG: -7777
ULOD_VALUE: N/A
LLOD_FLAG: -8888
LLOD_VALUE: N/A
DM_CONTACT_INFO: Nathan Howard; nathan.h.howard@noaa.gov
PROJECT_INFO: USOS, summer 2024. https://csl.noaa.gov/groups/csl7/measurements/2024usos/
STIPULATIONS_ON_USE: Users are strongly encouraged to contact the PI for proper data usage.
OTHER_COMMENTS: 
REVISION: RA
RA: Preliminary Data; For in-field use only
starttime_UTC, HNO2_NOAACIMS
[from data line 1040]
 62400, 73.190
 62460, 76.850
 62520, 77.400
 62580, 66.263
 62640, 79.529
 62700, 72.546
 62760, 59.456
 62820, 67.814
 62880, 60.335
 62940, 58.169
 63000, 52.218
 63060, 53.131
 63120, 49.286
 63180, 49.946
 63240, 48.149
 63300, 55.042
 63360, 42.139
 63420, 36.409
 63480, 36.676
 63540, 44.942
 63600, 50.633
 63660, 48.016
 63720, 41.373
 63780, 49.776
 63840, 51.664
 63900, 47.059
 63960, 55.360
 64020, 64.211
 64080, 61.945
 64140, 57.752
 64200, 52.595
 64260, 43.273
 64320, 52.208
 64380, 46.937
 64440, 50.199
 64500, 49.578
 64560, 66.885
 64620, 58.369
 64680, 49.025
 64740, 52.642
 64800, 42.436
 64860, 42.654
 64920, 42.505
 64980, 61.253
 65040, 72.578
 65100, 54.100
 65160, 41.618
 65220, 49.086
 65280, 51.915
 65340, 46.591
 65400, 52.208
 65460, 59.648
 65520, 47.054
 65580, 56.396
 65640, 60.817
 65700, 62.678
 65760, 57.526
 65820, 52.280
 65880, 60.193
 65940, 53.909
 66000, -9999.000
 66060, 53.816
 66120, 69.209
 66180, 53.544
 66240, 56.443
 66300, 61.799
 66360, 60.726
 66420, 58.052
 66480, 55.864
 66540, 54.964
 66600, 48.916
 66660, 59.595
 66720, 58.205
 66780, 57.150
 66840, 56.001
 66900, 67.331
 66960, 60.542
 67020, 62.061
 67080, 50.026
 67140, 70.130
 67200, 72.118
 67260, 52.866
 67320, 66.398
 67380, 61.709
 67440, 48.379
 67500, 54.517
 67560, 51.941
 67620, 55.255
 67680, 54.063
 67740, 47.095
 67800, 44.661
 67860, -9999.000
 67920, 54.763
 67980, 63.908
 68040, 56.177
 68100, 50.287
 68160, 53.276
 68220, 58.133
 68280, 56.258
 68340, 45.815
 68400, 51.165
 68460, 47.819
 68520, 47.674
 68580, 33.357
 68640, 37.786
 68700, 38.347
 68760, 42.308
 68820, 35.235
 68880, 30.916
 68940, 36.599
 69000, 41.411
 69060, 32.229
 69120, 30.458
 69180, 20.843
 69240, 40.510
 69300, 31.072
 69360, 29.186
 69420, 43.765
 69480, 28.894
 69540, 32.936
 69600, 30.428
 69660, 31.555
 69720, -9999.000
 69780, 26.527
 69840, 30.296
 69900, 35.932
 69960, 31.076
 70020, 38.655
 70080, 31.606
 70140, 32.768
 70200, 30.806
 70260, 41.775
 70320, 38.694
 70380, 31.211
 70440, 30.062
 70500, 27.019
 70560, 33.815
 70620, 18.707
 70680, 23.910
 70740, 22.206
 70800, 28.556
 70860, 25.510
 70920, 36.893
 70980, 27.200
 71040, 26.247
 71100, 22.948
 71160, 31.669
 71220, 40.202
 71280, 49.890
 71340, 27.608
 71400, 34.314
 71460, 37.818
 71520, 31.429
 71580, 48.028
 71640, 35.135
 71700, 36.017
 71760, 37.427
 71820, 47.115
 71880, 34.813
 71940, 34.247
 72000, 39.449
 72060, 35.917
 72120, 41.215
 72180, 45.754
 72240, 46.475
 72300, 40.662
 72360, 33.924
 72420, 35.903
 72480, 34.436
 72540, 35.706
 72600, 41.098
 72660, 35.748
 72720, 27.803
 72780, 36.984
 72840, 48.248
 72900, 40.477
 72960, 38.960
 73020, 31.424
 73080, 30.990
 73140, 26.998
 73200, 34.546
 73260, 27.176
 73320, 30.127
 73380, -9999.000
 73440, 27.894
 73500, 40.113
 73560, 37.890
 73620, 24.550
 73680, 32.363
 73740, 34.669
 73800, 30.602
 73860, 30.393
 73920, 39.959
 73980, 35.428
 74040, 28.536
 74100, 35.830
 74160, 32.085
 74220, 34.195
 74280, 37.497
 74340, 30.822
 74400, 26.816
 74460, 36.381
 74520, 38.977
 74580, 40.797
 74640, 39.182
 74700, 31.189
 74760, 36.522
 74820, 41.744
 74880, 31.394
 74940, 22.158
 75000, 27.758
 75060, 24.571
 75120, 29.652
 75180, 24.877
 75240, -9999.000
 75300, 30.449
 75360, 28.789
 75420, 25.348
 75480, 20.060
 75540, 21.609
 75600, 25.446
 75660, 33.141
 75720, 28.193
 75780, 31.510
 75840, 33.102
 75900, 42.464
 75960, 38.845
 76020, 23.241
 76080, 26.383
 76140, 25.418
 76200, 28.152
 76260, 27.693
 76320, 18.806
 76380, 20.613
 76440, 25.502
 76500, 30.158
 76560, 21.095
 76620, 42.278
 76680, 37.239
 76740, 30.540
 76800, 23.453
 76860, 38.566
 76920, 26.855
 76980, 26.901
 77040, 25.560
 77100, -9999.000
 77160, 27.940
 77220, 26.333
 77280, 21.026
 77340, 13.078
 77400, 13.558
 77460,  9.681
 77520,  8.185
 77580, 17.726
 77640, 18.586
 77700, 18.971
 77760, 18.034
 77820, 27.292
 77880, 28.223
 77940, 23.409
 78000, 29.822
 78060, 23.882
 78120, 27.386
 78180, 22.437
 78240, 27.172
 78300, 31.239
 78360, 28.461
 78420, 35.198
 78480, 29.815
 78540, 31.664
 78600, 32.806
 78660, 31.398
 78720, 27.069
 78780, 36.524
 78840, 41.394
 78900, 33.635
 78960, 31.736
 79020, 36.918
 79080, 39.119
 79140, 43.238
 79200, 37.173
 79260, 37.502
 79320, 25.354
 79380, 28.610
 79440, 24.121
 79500, 19.112
 79560, 24.553
 79620, 28.561
 79680, 26.388
 79740, -9999.000
 79800, -9999.000
 79860, -9999.000
 79920, -9999.000
 79980, -9999.000
 80040, -9999.000
 80100, -9999.000
 80160, -9999.000
 80220, -9999.000
 80280, -9999.000
 80340, -9999.000
 80400, -9999.000
 80460, -9999.000
 80520, -9999.000
 80580, -9999.000
 80640, -9999.000
 80700, -9999.000
 80760, -9999.000
 80820, -9999.000
 80880, -9999.000
 80940, -9999.000
 81000, -9999.000
 81060, -9999.000
 81120, -9999.000
 81180, -9999.000
 81240, -9999.000
 81300, -9999.000
 81360, -9999.000
 81420, -9999.000
 81480, -9999.000
 81540, -9999.000
 81600, -9999.000
 81660, -9999.000
 81720, -9999.000
 81780, -9999.000
 81840, -9999.000
 81900, -9999.000
 81960, -9999.000
 82020, -9999.000
 82080, -9999.000
 82140, -9999.000
 82200, -9999.000
 82260, -9999.000
 82320, -9999.000
 82380, -9999.000
 82440, -9999.000
 82500, -9999.000
 82560, -9999.000
 82620, -9999.000
 82680, -9999.000
 82740, -9999.000
 82800, -9999.000
 82860, -9999.000
 82920, -9999.000
 82980, -9999.000
 83040, -9999.000
 83100, -9999.000
 83160, -9999.000
 83220, -9999.000
 83280, -9999.000
 83340, -9999.000
 83400, -9999.000
 83460, -9999.000
 83520, -9999.000
 83580, -9999.000
 83640, -9999.000
 83700, -9999.000
 83760, -9999.000
 83820, -9999.000
 83880, -9999.000
 83940, -9999.000
 84000, -9999.000
 84060, -9999.000
 84120, -9999.000
 84180, -9999.000
 84240, -9999.000
 84300, -9999.000
 84360, -9999.000
 84420, -9999.000
 84480, -9999.000
 84540, -9999.000
 84600, -9999.000
 84660, -9999.000
 84720, -9999.000
 84780, -9999.000
 84840, -9999.000
 84900, -9999.000
 84960, -9999.000
 85020, -9999.000
 85080, -9999.000
 85140, -9999.000
 85200, -9999.000
 85260, -9999.000
 85320, -9999.000
 85380, -9999.000
 85440, -9999.000
 85500, -9999.000
 85560, -9999.000
 85620, -9999.000
 85680, -9999.000
 85740, -9999.000
 85800, -9999.000
 85860, -9999.000
 85920, -9999.000
 85980, -9999.000
 86040, -9999.000
 86100, -9999.000
 86160, -9999.000
 86220, -9999.000
 86280, -9999.000
 86340, -9999.000
