CampaignData_and_Merges/R0/CSL_MobileLab_Parked/raw/20240805/USOS-POPS_MobileLabGround_20240805_R0.ict
78, 1001
Thornberry, T. D.
NOAA Chemical Sciences Laboratory
Portable Optical Particle Spectrometer (POPS)
USOS
1, 1
2024, 08, 05, 2025, 05, 08
60
Time_Start, seconds_past_midnight, Start time of measurement
45
1, 1, 1, 1, 1, 1, 1, 1, 1, 1, 1, 1, 1, 1, 1, 1, 1, 1, 1, 1, 1, 1, 1, 1, 1, 1, 1, 1, 1, 1, 1, 1, 1, 1, 1, 1, 1, 1, 1, 1, 1, 1, 1, 1, 1
-9999, -9999, -9999, -9999, -9999, -9999, -9999, -9999, -9999, -9999, -9999, -9999, -9999, -9999, -9999, -9999, -9999, -9999, -9999, -9999, -9999, -9999, -9999, -9999, -9999, -9999, -9999, -9999, -9999, -9999, -9999, -9999, -9999, -9999, -9999, -9999, -9999, -9999, -9999, -9999, -9999, -9999, -9999, -9999, -9999
Time_Stop, seconds_past_midnight, Stop time of measurement
Time_Mid, seconds_past_midnight, Mid time of measurement
Press_mb, mb, Pressure reported (mb)
Temp_C, degrees C, POPS temperature measurement
Aerosol_concentration, cm^-3, Aerosol concentration
Surface_Area_Conc, um^2 cm^-3, Surface area concentration
Volume_density, um^3 cm^-3, Volume density
Effective_radius, um, Effective radius
Extinction, km^-1, Extinction
Bin01, cm^-3, particle concentration in size range [1401 - 146.3 nm]
Bin02, cm^-3, particle concentration in size range [146.3 - 152.8 nm]
Bin03, cm^-3, particle concentration in size range [152.8 - 159.6 nm]
Bin04, cm^-3, particle concentration in size range [159.6 - 166.8 nm]
Bin05, cm^-3, particle concentration in size range [166.8 - 174.2 nm]
Bin06, cm^-3, particle concentration in size range [174.2 - 181.9 nm]
Bin07, cm^-3, particle concentration in size range [181.9 - 190.0 nm]
Bin08, cm^-3, particle concentration in size range [190.0 - 198.5 nm]
Bin09, cm^-3, particle concentration in size range [198.5 - 207.4 nm]
Bin10, cm^-3, particle concentration in size range [207.4 - 216.6 nm]
Bin11, cm^-3, particle concentration in size range [216.6 - 226.2 nm]
Bin12, cm^-3, particle concentration in size range [226.2 - 236.3 nm]
Bin13, cm^-3, particle concentration in size range [236.3 - 246.8 nm]
Bin14, cm^-3, particle concentration in size range [246.8 - 257.8 nm]
Bin15, cm^-3, particle concentration in size range [257.8 - 269.3 nm]
Bin16, cm^-3, particle concentration in size range [269.3 - 343.4 nm]
Bin17, cm^-3, particle concentration in size range [343.4 - 450.7 nm]
Bin18, cm^-3, particle concentration in size range [450.7 - 525.9 nm]
Bin19, cm^-3, particle concentration in size range [525.9 - 618.5 nm]
Bin20, cm^-3, particle concentration in size range [618.5 - 710.0 nm]
Bin21, cm^-3, particle concentration in size range [710.0 - 822.7 nm]
Bin22, cm^-3, particle concentration in size range [822.7 - 885.9 nm]
Bin23, cm^-3, particle concentration in size range [885.9 - 953.9 nm]
Bin24, cm^-3, particle concentration in size range [953.9 - 1027.2 nm]
Bin25, cm^-3, particle concentration in size range [1027.2 - 1106.1 nm]
Bin26, cm^-3, particle concentration in size range [1106.1 - 1191.0 nm]
Bin27, cm^-3, particle concentration in size range [1191.0 - 1282.5 nm]
Bin28, cm^-3, particle concentration in size range [1282.5 - 1381.0 nm]
Bin29, cm^-3, particle concentration in size range [1381.0 - 1487.1 nm]
Bin30, cm^-3, particle concentration in size range [1487.1 - 1601.3 nm]
Bin31, cm^-3, particle concentration in size range [1601.3 - 1724.3 nm]
[...]
PLATFORM: NOAA CSL Mobile Lab
LOCATION: USOS
ASSOCIATED_DATA: N/A
INSTRUMENT_INFO: Printed Optical Particle Spectrometer counts particles from 140 - 2500 nm in diameter 
DATA_INFO: Particle concentrations reported in number per cubic centimeter,1 Hz data
UNCERTAINTY: Counting uncertainty dominated by air flow, less than 5 percent. Measurement range is ~0 - 3000 per cm3 (varies depending on flow rate- manufacturer quotes 1250 per cm3 at 1.667 cc/s)
ULOD_FLAG: -7777
ULOD_VALUE: N/A
LLOD_FLAG: -8888
LLOD_VALUE: N/A
DM_CONTACT_INFO: Troy Thornberry, 325 Broadway R/CSL6, Boulder, CO 80305; troy.thornberry@noaa.gov; 303-497-3373
PROJECT_INFO: USOS, Utah POPS data from NOAA CSL Mobile Lab
STIPULATIONS_ON_USE: Please contact the PIs for questions regarding applications and uncertainties
OTHER_COMMENTS: POPS bin Edges (nm):  140.1, 146.3, 152.8, 159.6, 166.8, 174.2, 181.9, 190.0, 198.5, 207.4, 216.6, 226.2, 236.3, 246.8, 257.8, 269.3, 343.4, 450.7, 525.9, 618.5, 710.0, 822.7, 885.9, 953.9, 1027.2, 1106.1, 1191.0, 1282.5, 1381.0, 1487.1, 1601.3, 1724.3, 1856.7, 1999.3, 2152.8, 2318.2, 2496.2
Calculations assume organic aerosol refractive index of 1.52+0.00j and extinction wavelength = 532 nm
REVISION: R0
R0: Final data
Time_Start, Time_Stop, Time_Mid, Press_mb, Temp_C, Aerosol_concentration, Surface_Area_Conc, Volume_density, Effective_radius, Extinction, Bin01, Bin02, Bin03, Bin04, Bin05, Bin06, Bin07, Bin08, Bin09, Bin10, Bin11, Bin12, Bin13, Bin14, Bin15, Bin16, Bin17, Bin18, Bin19, Bin20, Bin21, Bin22, Bin23, Bin24, Bin25, Bin26, Bin27, Bin28, Bin29, Bin30, Bin31, Bin32, Bin33, Bin34, Bin35, Bin36
[from data line 1361]
81660,81719,81690,872.597,36.443,99.295,18.353,2.041,0.303,0.007,12.810217,10.982386,9.441893,8.827015,7.426729,6.315679,5.600588,4.550529,3.993829,3.560376,3.187826,3.172463,3.112365,3.095070,2.326147,6.471647,2.226419,0.833747,0.478705,0.171350,0.094981,0.060973,0.033090,0.049956,0.049986,0.033796,0.061259,0.038702,0.010805,0.055414,0.044706,0.027649,0.060731,0.011005,0.027553,0.049633
81720,81779,81750,872.441,36.310,95.006,14.652,1.181,0.218,0.004,12.676896,11.022347,9.205177,8.361601,7.346253,5.776031,5.318037,4.479718,3.852248,3.354040,3.080786,3.284538,3.047092,2.612283,2.298293,5.918838,2.021772,0.636731,0.340670,0.067249,0.044057,0.010938,0.016625,0.027718,0.016653,0.011245,0.033554,0.016129,0.005767,0.022454,0.027940,0.022468,0.011262,0.005669,0.010772,0.022357
81780,81839,81810,872.313,36.341,93.808,13.967,0.945,0.183,0.004,12.627954,10.582926,9.401993,8.090977,7.296923,5.958579,5.294864,4.094249,3.676528,3.539308,3.090047,3.160657,2.937639,2.900690,2.140511,5.741268,1.963679,0.633285,0.326211,0.066675,0.044599,0.054961,0.010975,0.011114,0.010701,0.044350,0.022253,0.022311,0.005767,0.005574,0.011141,0.000000,0.005727,0.005708,0.000000,0.028022
81840,81899,81870,872.183,36.349,90.841,13.626,0.966,0.195,0.004,12.259322,10.128790,9.170005,7.718570,7.140180,5.865932,4.723314,4.536881,3.714322,3.264332,2.808255,2.936084,3.032127,2.517142,2.090084,5.826803,1.741748,0.654062,0.370070,0.055089,0.043834,0.044638,0.027759,0.021984,0.016513,0.000000,0.010808,0.011133,0.027756,0.027986,0.011212,0.016749,0.000000,0.011063,0.011082,0.005537
81900,81959,81930,872.153,36.281,93.074,14.002,1.065,0.208,0.004,12.893616,10.545280,8.998750,7.956061,6.954335,5.865876,5.192607,4.613493,3.865638,3.369471,3.061947,2.817407,2.959358,2.754756,2.176444,5.957624,1.777569,0.610571,0.300608,0.106264,0.033494,0.050597,0.022444,0.039373,0.027756,0.005727,0.010903,0.016426,0.005519,0.005593,0.011119,0.027983,0.000000,0.005593,0.028046,0.005807
81960,82019,81990,872.046,36.181,91.528,13.838,0.936,0.187,0.004,11.941359,10.618074,8.792321,8.281799,7.079069,5.890917,4.873487,4.373154,3.459179,3.280794,3.023186,2.976551,2.867077,2.650945,2.039467,6.044223,1.980852,0.625731,0.326992,0.077505,0.077123,0.027754,0.027564,0.021903,0.049958,0.016417,0.027457,0.005537,0.011149,0.016744,0.000000,0.000000,0.010732,0.010840,0.005612,0.016858
82020,82079,82050,872.067,36.090,92.168,13.393,0.821,0.174,0.004,12.301694,10.723188,9.289331,8.192779,6.917835,5.994458,5.093893,4.213983,3.835676,3.179817,2.882838,3.036907,2.893145,2.647533,2.106738,5.809995,1.797555,0.525421,0.360347,0.072058,0.071862,0.049628,0.021652,0.038222,0.011058,0.000000,0.033371,0.005787,0.000000,0.016820,0.016530,0.005574,0.010840,0.000000,0.011102,0.000000
82080,82139,82110,872.079,36.043,92.694,13.514,0.839,0.177,0.004,12.505434,10.418634,9.183669,7.923167,7.213357,6.128929,4.789161,4.260372,3.977251,3.378839,3.071118,3.011264,3.051723,2.779501,1.857832,5.720955,2.080642,0.585652,0.406672,0.116764,0.061854,0.022149,0.033102,0.010952,0.016943,0.011158,0.005447,0.011190,0.011061,0.005429,0.005482,0.016613,0.011022,0.010983,0.000000,0.000000
82140,82199,82170,872.087,36.039,90.313,13.006,0.832,0.174,0.003,12.174812,10.275350,9.001410,8.075148,6.919198,5.903409,4.865933,4.312712,3.741804,3.321500,3.049669,3.006401,2.786098,2.632741,1.953604,5.205276,1.994405,0.571994,0.267381,0.071364,0.049622,0.022171,0.011190,0.005519,0.005325,0.005482,0.005669,0.005727,0.000000,0.022193,0.016525,0.000000,0.000000,0.005727,0.011038,0.016819
82200,82259,82230,872.056,36.111,88.170,12.439,0.675,0.156,0.003,12.025409,10.440386,8.577960,7.425340,6.534095,5.807855,4.780813,4.228147,3.466156,3.012231,3.002023,3.002296,2.698993,2.532457,2.181740,5.584576,1.781240,0.567195,0.266058,0.033456,0.061272,0.027426,0.033892,0.032852,0.016512,0.010996,0.005291,0.000000,0.005556,0.011263,0.005807,0.000000,0.000000,0.000000,0.000000,0.010736
82260,82319,82290,872.037,36.118,87.996,12.811,0.836,0.182,0.004,11.426910,10.367919,8.449333,8.064539,7.024034,5.954534,4.797742,4.377492,3.510874,3.054972,2.791532,2.802359,2.707647,2.411345,1.839588,5.489278,1.766237,0.544939,0.282673,0.100287,0.050264,0.027517,0.021922,0.016199,0.010830,0.016522,0.005574,0.011420,0.016341,0.016632,0.005708,0.005807,0.005394,0.000000,0.005574,0.016523
82320,82379,82350,871.993,35.931,86.997,12.569,0.817,0.179,0.003,12.195227,10.003392,8.294397,7.581117,6.709646,5.333730,4.930582,3.896636,3.591685,3.323991,2.851485,2.931895,2.808096,2.518083,1.833380,5.383667,1.628449,0.646027,0.250730,0.044549,0.056580,0.027943,0.027418,0.010984,0.000000,0.011319,0.021867,0.027960,0.000000,0.011280,0.016782,0.016899,0.000000,0.000000,0.000000,0.011151
82380,82439,82410,872.012,35.811,84.423,12.360,0.826,0.186,0.003,11.266927,9.407526,8.256020,7.452252,6.429131,5.535868,4.560391,3.930741,3.590735,3.084979,2.807008,2.913797,2.667850,2.528650,1.815965,5.317100,1.871634,0.504453,0.240698,0.071701,0.021605,0.011035,0.010984,0.016542,0.000000,0.000000,0.011060,0.016358,0.027244,0.005447,0.011060,0.005308,0.005612,0.005519,0.005501,0.016553
82440,82499,82470,872.000,35.797,87.530,12.921,0.909,0.191,0.004,11.449157,10.195517,8.607483,7.406844,6.404677,6.072968,5.008211,4.175472,3.728273,3.062039,3.021378,2.666758,2.555599,2.521237,1.946823,5.892129,1.658340,0.568515,0.361962,0.038793,0.033252,0.021986,0.016517,0.005650,0.005537,0.005482,0.005556,0.005308,0.005631,0.005650,0.016687,0.011095,0.017030,0.005394,0.022047,0.005308
82500,82559,82530,872.039,35.816,86.997,12.649,0.821,0.178,0.003,11.473622,10.345868,8.594139,7.634254,6.691937,5.358930,4.862212,3.862237,3.337901,3.130282,3.032682,2.876669,2.888650,2.468870,1.915485,5.447837,1.877482,0.657945,0.333803,0.044210,0.022281,0.000000,0.022308,0.027649,0.005537,0.005464,0.005612,0.005767,0.005767,0.005519,0.017086,0.011455,0.000000,0.016562,0.000000,0.011038
82560,82619,82590,872.036,35.769,86.698,12.166,0.700,0.158,0.003,11.559442,9.713840,8.406631,7.953561,6.565695,5.620694,4.409048,4.233582,3.756841,3.179483,2.931544,2.940190,2.649011,2.600493,2.178485,5.338480,1.636072,0.583488,0.248280,0.039058,0.038905,0.016486,0.022208,0.011112,0.005342,0.005688,0.016525,0.011150,0.000000,0.000000,0.000000,0.005342,0.000000,0.005308,0.005519,0.010753
82620,82679,82650,872.063,35.850,84.412,12.210,0.762,0.173,0.003,11.075932,9.774068,8.247416,7.216113,6.661180,5.345461,4.546144,3.963661,3.551048,3.089077,2.748686,2.639062,2.697858,2.494730,1.979479,5.575210,1.803009,0.570586,0.199486,0.066783,0.022526,0.027744,0.000000,0.027464,0.000000,0.016989,0.000000,0.011060,0.000000,0.010971,0.016877,0.005556,0.000000,0.011130,0.016671,0.000000
82680,82739,82710,872.067,35.824,82.922,12.220,0.874,0.195,0.003,11.147170,9.537132,8.104296,7.185286,6.424422,5.504344,4.644489,3.927077,3.340636,2.667170,2.774303,2.645848,2.656755,2.529933,1.864552,5.300320,1.629130,0.527597,0.220975,0.050127,0.028148,0.016761,0.038888,0.016542,0.022430,0.022816,0.000000,0.022178,0.000000,0.011093,0.005464,0.022174,0.022402,0.000000,0.000000,0.011135
82740,82799,82770,872.063,35.772,82.928,11.847,0.671,0.158,0.003,11.162799,9.245962,8.319460,7.238030,6.251220,5.363844,4.447124,3.607295,3.538115,3.024383,2.853104,2.604110,2.704119,2.358206,1.925165,5.281290,1.911199,0.601708,0.261850,0.055966,0.072657,0.022622,0.011056,0.005708,0.005482,0.005708,0.000000,0.005574,0.000000,0.022263,0.000000,0.005411,0.005631,0.005556,0.000000,0.005411
82800,82859,82830,872.049,35.719,83.121,12.241,0.822,0.184,0.003,11.389487,8.967853,8.475154,6.912353,6.559168,5.451539,4.229253,3.909647,3.478652,3.226120,2.910183,2.717638,2.459484,2.532162,1.833310,5.206497,1.783727,0.572764,0.244005,0.055188,0.033237,0.005464,0.027952,0.011186,0.005411,0.005631,0.016841,0.016893,0.016651,0.000000,0.039346,0.011119,0.000000,0.005767,0.000000,0.011021
82860,82919,82890,872.045,35.755,87.071,12.815,0.866,0.185,0.004,11.845959,9.951069,8.558764,7.358789,6.516173,5.836834,4.772818,3.956942,3.591235,3.219826,2.984886,3.109980,2.723740,2.558215,2.017288,5.148545,1.736940,0.578860,0.312872,0.028433,0.039360,0.039034,0.027219,0.005575,0.040045,0.011388,0.005688,0.016793,0.016564,0.000000,0.028033,0.011109,0.000000,0.005631,0.005364,0.011243
82920,82979,82950,872.042,35.749,92.567,13.069,0.680,0.150,0.004,12.587305,10.647370,9.245312,7.796301,7.203031,5.873379,5.183400,4.373405,3.643529,3.296076,2.954610,3.131700,2.875396,2.773916,1.975011,5.801905,1.963923,0.622171,0.337289,0.071705,0.071715,0.038769,0.005631,0.011168,0.011419,0.016524,0.005688,0.005593,0.010893,0.010931,0.016401,0.000000,0.005537,0.000000,0.000000,0.000000
82980,83039,83010,872.038,35.835,94.919,14.170,1.045,0.206,0.004,12.691800,10.943058,9.467609,8.158686,7.468572,6.063142,5.582286,4.240966,4.050498,3.587885,3.075426,3.129496,2.523741,2.929718,2.105971,5.826939,1.880576,0.586826,0.312396,0.060615,0.027821,0.011246,0.033387,0.005376,0.005828,0.016448,0.011262,0.005593,0.005342,0.027689,0.016290,0.000000,0.022045,0.011189,0.005612,0.027996
83040,83099,83070,872.051,35.971,98.026,14.306,0.989,0.194,0.004,13.163085,11.369372,9.991506,8.622751,7.387820,6.200228,5.283373,4.711984,4.168985,3.426502,3.328520,3.199422,3.085876,2.835815,2.166536,5.988308,1.946499,0.563516,0.292287,0.061760,0.032635,0.016326,0.016471,0.027584,0.005308,0.005308,0.011378,0.010897,0.005593,0.016417,0.028188,0.010949,0.016900,0.011186,0.005325,0.010990
83100,83159,83130,872.039,36.002,99.639,14.447,0.947,0.185,0.004,13.234462,11.807457,10.032755,9.110566,7.311077,6.334251,5.287988,4.780262,4.402743,3.674954,3.154599,3.162741,3.017339,2.874197,2.335073,5.843271,2.024342,0.639401,0.283419,0.055729,0.045083,0.044408,0.021805,0.005612,0.016668,0.016822,0.016559,0.022255,0.011320,0.011435,0.005376,0.010684,0.027311,0.011149,0.000000,0.005519
83160,83219,83190,871.987,36.067,97.666,14.275,1.000,0.191,0.004,13.096945,11.539657,9.517579,8.416511,7.449841,6.410265,5.477400,4.616233,3.939235,3.402247,3.190302,3.027235,3.121284,2.862964,2.424623,6.029201,1.976926,0.606066,0.278117,0.039113,0.044433,0.033078,0.011341,0.011076,0.016655,0.011178,0.011148,0.016860,0.010933,0.005308,0.011205,0.016935,0.016224,0.000000,0.017049,0.010911
83220,83279,83250,871.987,36.089,101.834,14.499,0.898,0.174,0.004,14.013249,11.929626,9.972919,8.980716,7.775027,6.876113,5.666585,4.737133,4.163421,3.735011,3.214707,3.326878,2.932191,2.670316,2.300738,6.194165,2.092979,0.622276,0.304267,0.066048,0.049547,0.066408,0.005688,0.033417,0.021911,0.011094,0.005708,0.005501,0.005519,0.005519,0.016043,0.010983,0.005631,0.000000,0.000000,0.016770
83280,83339,83310,871.990,36.049,106.168,15.127,0.920,0.172,0.004,14.151469,12.244382,10.596197,9.147245,8.032282,6.854217,6.006013,5.140625,4.548861,3.809137,3.219249,3.578392,3.308223,3.138764,2.245084,6.751213,2.132759,0.646400,0.327555,0.055574,0.038248,0.069086,0.010582,0.005447,0.011262,0.010667,0.016563,0.005747,0.011112,0.000000,0.016802,0.011151,0.011194,0.000000,0.010948,0.005669
83340,83399,83370,871.936,36.135,105.128,15.382,1.142,0.198,0.004,14.445783,12.610982,10.284827,9.094740,8.248268,6.890353,5.624775,5.013125,4.358222,3.912383,3.402529,3.122890,3.340026,2.869440,2.079881,6.439870,2.125688,0.633237,0.282189,0.099942,0.027695,0.022167,0.010930,0.011186,0.016095,0.021866,0.010878,0.022225,0.011192,0.005727,0.021909,0.027949,0.005519,0.005631,0.005519,0.022355
83400,83459,83430,871.956,36.100,106.441,15.536,1.086,0.196,0.004,15.027157,12.797145,10.030248,9.346799,8.069337,6.895681,5.808778,4.847698,4.418962,3.531352,3.465927,3.363408,3.182205,3.313044,2.244441,6.671501,2.032586,0.727827,0.339581,0.044867,0.021697,0.050511,0.033558,0.027717,0.000000,0.027836,0.022186,0.005767,0.000000,0.011243,0.022057,0.022069,0.005501,0.016448,0.005593,0.010719
83460,83519,83490,871.943,36.023,103.105,14.615,0.869,0.169,0.004,13.783868,11.831343,10.383433,9.240855,7.860640,6.858676,5.804935,4.867682,4.176421,3.844536,3.592943,3.473771,3.124527,2.580528,2.156424,6.211511,2.054843,0.646437,0.288853,0.072488,0.078124,0.027661,0.016321,0.005631,0.016785,0.005501,0.022242,0.005501,0.022122,0.011002,0.005612,0.005556,0.016876,0.000000,0.005650,0.005612
83520,83579,83550,871.936,35.993,103.849,14.796,0.987,0.186,0.004,14.730679,12.306881,10.573645,9.238535,8.047725,6.700541,5.570639,4.959673,4.045176,3.664399,3.359066,3.308903,2.874677,2.821077,2.278918,6.194071,1.939380,0.634549,0.305520,0.060872,0.034231,0.010983,0.022279,0.022452,0.016744,0.011245,0.005482,0.016488,0.011001,0.011035,0.016257,0.016805,0.022095,0.000000,0.010929,0.005708
83580,83639,83610,871.929,36.091,105.114,15.164,1.098,0.199,0.004,14.128999,12.198174,10.935855,9.433311,7.983190,7.188982,5.860869,4.930723,4.230783,3.554205,3.366958,3.399826,3.229780,2.938417,2.148225,6.353285,1.962178,0.619319,0.306804,0.083501,0.044083,0.022355,0.027295,0.027544,0.033467,0.005537,0.000000,0.000000,0.005376,0.010912,0.011282,0.033147,0.016854,0.000000,0.005650,0.016932
83640,83699,83670,871.918,36.037,102.838,14.522,0.953,0.184,0.004,14.272372,12.208313,10.237175,9.105780,7.618030,6.658386,5.673935,5.105748,4.254931,3.715660,3.336799,3.309575,3.120316,2.904468,2.080526,5.971047,2.089434,0.592962,0.289229,0.083028,0.050107,0.022247,0.016502,0.011397,0.000000,0.005556,0.011282,0.000000,0.011514,0.027043,0.010771,0.027496,0.005394,0.000000,0.000000,0.011150
83700,83759,83730,871.905,36.049,100.389,14.505,0.930,0.180,0.004,13.701448,11.825384,10.083259,8.882822,7.942581,6.473602,5.425689,4.743221,3.958691,3.480035,3.516671,3.082430,3.085149,2.957817,2.060230,5.867038,2.056211,0.639568,0.289797,0.050821,0.038534,0.039379,0.027858,0.022680,0.011336,0.000000,0.016306,0.016688,0.022070,0.011045,0.033057,0.000000,0.000000,0.011300,0.000000,0.016742
83760,83819,83790,871.901,36.055,100.531,14.080,0.811,0.164,0.004,13.887583,11.547906,10.076153,8.700042,7.605960,6.598784,5.687037,5.088407,4.007423,3.738077,3.103615,3.171938,3.036907,2.764404,2.080458,6.328879,1.951713,0.553566,0.342895,0.072311,0.039145,0.032946,0.005574,0.016394,0.005291,0.011095,0.010918,0.010789,0.010984,0.011299,0.005429,0.005556,0.010929,0.000000,0.000000,0.011075
83820,83879,83850,871.865,36.064,106.499,15.260,0.979,0.181,0.004,14.195594,12.714547,10.583510,9.716919,7.976948,6.739263,6.088551,5.005868,4.483496,3.814693,3.501010,3.354365,3.214038,2.951696,2.413171,6.371071,1.999049,0.783741,0.325058,0.027751,0.050082,0.016842,0.022127,0.016542,0.005359,0.021935,0.016728,0.005447,0.016798,0.005708,0.016749,0.005411,0.005688,0.005631,0.016252,0.011300
83880,83939,83910,871.872,36.029,106.788,15.324,0.945,0.176,0.004,14.809955,12.632397,10.623973,10.026403,8.285690,6.799036,5.536639,4.807512,4.330758,3.860419,3.592723,3.184671,3.391869,2.749364,2.151495,6.587339,2.101818,0.577510,0.373271,0.066660,0.060956,0.027449,0.028072,0.027341,0.027516,0.027656,0.010966,0.005708,0.017010,0.011168,0.016438,0.000000,0.016654,0.011056,0.005464,0.005394
83940,83999,83970,871.866,36.056,103.597,14.386,0.838,0.167,0.004,14.506342,11.803454,10.490209,9.303141,7.777492,6.607863,5.844286,4.695285,4.253669,3.823615,3.522548,3.144454,3.034528,2.816632,2.259936,6.629711,1.989228,0.527681,0.333767,0.044679,0.049357,0.005727,0.021776,0.005501,0.011057,0.017065,0.011056,0.022718,0.000000,0.005429,0.000000,0.016360,0.011436,0.005258,0.005429,0.000000
84000,84059,84030,871.859,36.041,111.478,15.413,0.944,0.174,0.004,15.990003,13.910316,11.248040,10.336452,8.400550,7.338829,6.143335,5.071958,4.378873,3.710577,3.365865,3.449334,3.146682,2.788597,2.171561,6.716794,2.139989,0.587199,0.338398,0.022344,0.016253,0.016932,0.038959,0.011123,0.027359,0.022090,0.000000,0.005325,0.016857,0.005688,0.022509,0.016406,0.005807,0.005501,0.011121,0.000000
