CampaignData_and_Merges/R0/CSL_MobileLab_Parked/raw/20240805/USOS-NOAAIodideCIMS-HCOOH_MobileLabGround_20240805_RA.ict
33, 1001
Michael A Robinson, Chris Jernigan, Subi Thakali
NOAA ESRL Chemical Sciences Laboratory and CIRES, U. of Colorado
NOAA Iodide CIMS Instrument
USOS
1, 1
2024, 08, 05, 2024, 08, 05
1
starttime_UTC, seconds_past_midnight, seconds_of_day_since_00:00:00_UTC
1
1
-9999
HCOOH_NOAACIMS, pptv, Gas_HCOOH_InSitu_S_AVMR, 
0
18
PI_CONTACT_INFO: 325 Broadway, R/CSD 7, Boulder, Colorado 80305; michael.a.robinson@noaa.gov; chris.jernigan@noaa.gov;
PLATFORM: NOAA CSL Mobile Lab
LOCATION: SLC, Utah
ASSOCIATED_DATA: 1Hz data also available on request.
INSTRUMENT_INFO: NOAA I- ToF CIMS
DATA_INFO: All data in parts per trillion by volume (pptv). 1 Hz data is available upon request.
UNCERTAINTY: TBD
ULOD_FLAG: -7777
ULOD_VALUE: N/A
LLOD_FLAG: -8888
LLOD_VALUE: N/A
DM_CONTACT_INFO: Nathan Howard; nathan.h.howard@noaa.gov
PROJECT_INFO: USOS, summer 2024. https://csl.noaa.gov/groups/csl7/measurements/2024usos/
STIPULATIONS_ON_USE: Users are strongly encouraged to contact the PI for proper data usage.
OTHER_COMMENTS: 
REVISION: RA
RA: Preliminary Data; For in-field use only
starttime_UTC, HCOOH_NOAACIMS
     0, 792.926
    60, 710.527
   120, 757.647
   180, 810.426
   240, 793.677
   300, 816.769
   360, 823.020
   420, 777.551
   480, 637.551
   540, 725.576
   600, 724.440
   660, 826.709
   720, 832.195
   780, 793.194
   840, 779.452
   900, 774.106
   960, 788.642
  1020, 740.189
  1080, 816.868
  1140, 819.556
  1200, 765.737
  1260, 779.492
  1320, -9999.000
  1380, 725.555
  1440, 791.674
  1500, 779.167
  1560, 703.111
  1620, 705.193
  1680, 709.658
  1740, 715.680
  1800, 714.581
  1860, 796.429
  1920, 753.926
  1980, 834.809
  2040, 798.272
  2100, 857.547
  2160, 759.603
  2220, 780.990
  2280, 774.868
  2340, 826.066
  2400, 887.529
  2460, 910.693
  2520, 810.153
  2580, 824.367
  2640, 928.477
  2700, 850.398
  2760, 805.835
  2820, 890.572
  2880, 893.851
  2940, 902.189
  3000, 911.698
  3060, 813.597
  3120, 905.740
  3180, -9999.000
  3240, 921.090
  3300, 900.528
  3360, 851.116
  3420, 872.789
  3480, 870.729
  3540, 784.949
  3600, 678.456
  3660, 455.514
  3720, 484.158
  3780, 536.875
  3840, 585.871
  3900, 596.808
  3960, 603.753
  4020, 709.724
  4080, 671.393
  4140, 695.702
  4200, 704.653
  4260, 776.390
  4320, 836.803
  4380, 792.837
  4440, 695.891
  4500, 766.105
  4560, 764.667
  4620, 847.679
  4680, 849.529
  4740, 852.845
  4800, 862.364
  4860, 893.744
  4920, 945.558
  4980, 965.630
  5040, 845.561
  5100, 922.894
  5160, 921.068
  5220, 977.706
  5280, 920.545
  5340, 940.148
  5400, 1049.602
  5460, 1050.398
  5520, 1053.575
  5580, 1061.520
  5640, 1171.824
  5700, 1141.555
  5760, 1248.419
  5820, 1297.577
  5880, 1176.926
  5940, 1197.499
  6000, 1178.307
  6060, 1210.548
  6120, 1170.593
  6180, 1233.583
  6240, 1193.054
  6300, 1273.667
  6360, 1241.468
  6420, 1168.933
  6480, 1136.206
  6540, 1174.846
  6600, 1439.214
  6660, 1317.289
  6720, 1381.733
  6780, 1515.912
  6840, 1369.435
  6900, 1196.581
  6960, 1342.748
  7020, 1211.048
  7080, 1218.546
  7140, 1070.022
  7200, 1068.039
  7260, 1170.523
  7320, 1164.099
  7380, 1251.424
  7440, 1326.502
  7500, 1323.684
  7560, 1357.676
  7620, 1344.237
  7680, 1485.147
  7740, 1495.058
  7800, 1420.668
  7860, 1507.967
  7920, 1593.704
  7980, 1638.234
  8040, 1646.035
  8100, 1695.338
  8160, 1713.027
  8220, 1710.116
  8280, 1719.419
  8340, 1794.425
  8400, 1758.663
  8460, 1913.185
  8520, 1861.500
  8580, 1875.601
  8640, 1968.142
  8700, 1975.396
  8760, 2028.512
  8820, 1942.989
  8880, 2026.481
  8940, 2086.981
  9000, 2080.646
  9060, 2091.102
  9120, 2148.181
  9180, 2268.265
  9240, 2312.451
  9300, 2310.092
  9360, 2375.745
  9420, 2306.667
  9480, 2223.635
  9540, 2213.957
  9600, 2324.827
  9660, 2194.323
  9720, 2207.439
  9780, 2274.712
  9840, 2260.970
  9900, 2281.379
  9960, 2309.849
 10020, 2400.847
 10080, 2495.095
 10140, 2429.926
 10200, 2350.929
 10260, 2290.281
 10320, 2302.583
 10380, 2270.444
 10440, 2345.257
 10500, 2284.042
 10560, -9999.000
 10620, 2407.053
 10680, 2361.110
 10740, 2287.367
 10800, 2345.746
 10860, 2238.275
 10920, 2246.733
 10980, 2289.518
 11040, 2232.880
 11100, 2276.642
 11160, 2233.197
 11220, 2304.336
 11280, 2405.713
 11340, 2347.964
 11400, 2394.555
 11460, 2270.133
 11520, 2362.379
 11580, 2295.546
 11640, 2322.879
 11700, 2307.341
 11760, 2361.744
 11820, 2255.799
 11880, 2299.765
 11940, 2197.203
 12000, 2210.339
 12060, 2237.183
 12120, 2182.912
 12180, 2181.655
 12240, 2122.157
 12300, 2149.995
 12360, 2166.841
 12420, 1922.453
 12480, 2112.173
 12540, 2083.369
 12600, 2083.245
 12660, 2067.066
 12720, 2018.679
 12780, 2023.575
 12840, 2012.657
 12900, 1972.073
 12960, 1954.437
 13020, 1976.237
 13080, 2023.234
 13140, 2038.427
 13200, 1995.843
 13260, 1950.221
 13320, 1923.670
 13380, 1946.626
 13440, 1919.656
 13500, 1874.573
 13560, 1821.936
 13620, 1855.901
 13680, 1797.441
 13740, 1888.090
 13800, 1817.752
 13860, 1775.924
 13920, 1874.233
 13980, 1733.902
 14040, 1729.210
 14100, 1732.192
 14160, 1788.393
 14220, 1798.950
 14280, -9999.000
 14340, 1738.654
 14400, 1693.169
 14460, 1719.458
 14520, 1671.580
 14580, 1626.489
 14640, 1572.993
 14700, 1620.772
 14760, 1608.964
 14820, 1601.016
 14880, 1640.739
 14940, 1648.175
 15000, 1578.453
 15060, 1633.209
 15120, 1633.385
 15180, 1695.543
 15240, 1632.453
 15300, 1633.661
 15360, 1677.306
 15420, 1623.171
 15480, 1638.390
 15540, 1628.949
 15600, 1618.667
 15660, 1590.454
 15720, 1686.611
 15780, 1715.003
 15840, 1710.011
 15900, 1822.112
 15960, 1748.530
 16020, 1846.948
 16080, 1908.836
 16140, 1792.318
 16200, 1918.317
 16260, 1873.276
 16320, 1977.241
 16380, 1904.512
 16440, 1802.137
 16500, 1728.891
 16560, 1765.570
 16620, 1649.776
 16680, 1644.384
 16740, 1608.495
 16800, 1632.538
 16860, 1578.038
 16920, 1554.943
 16980, 1581.978
 17040, 1552.535
 17100, 1596.402
 17160, 1649.376
 17220, 1688.326
 17280, 1602.028
 17340, 1776.259
 17400, 1828.251
 17460, 1712.268
 17520, 1635.500
 17580, 1671.553
 17640, 1597.263
 17700, 1576.708
 17760, 1591.323
 17820, 1521.982
 17880, 1486.600
 17940, 1493.139
 18000, 1517.684
 18060, 1535.846
 18120, 1496.219
 18180, 1512.081
 18240, 1560.417
 18300, 1587.962
 18360, 1571.966
 18420, 1603.582
 18480, 1614.261
 18540, 1525.183
 18600, 1562.268
 18660, 1538.554
 18720, 1541.958
 18780, 1561.384
 18840, 1548.388
 18900, 1493.911
 18960, 1521.549
 19020, 1502.937
 19080, 1506.820
 19140, 1517.835
 19200, 1452.076
 19260, 1509.863
 19320, 1503.415
 19380, 1504.277
 19440, 1521.984
 19500, 1537.805
 19560, 1696.777
 19620, 1637.788
 19680, 1556.660
 19740, 1502.945
 19800, 1486.402
 19860, 1467.858
 19920, 1522.484
 19980, 1503.259
 20040, 1515.014
 20100, 1566.345
 20160, 1521.515
 20220, 1531.894
 20280, 1442.160
 20340, 1466.577
 20400, 1463.394
 20460, 1469.395
 20520, 1439.107
 20580, 1465.825
 20640, 1508.448
 20700, 1463.105
 20760, 1447.548
 20820, 1450.753
 20880, 1413.129
 20940, 1480.103
 21000, 1535.187
 21060, 1459.470
 21120, 1497.712
 21180, 1582.128
 21240, 1688.150
 21300, 1677.801
 21360, 1565.867
 21420, 1575.234
 21480, 1530.479
 21540, 1541.878
 21600, 1598.839
 21660, -9999.000
 21720, 1503.326
 21780, 1562.373
 21840, 1505.774
 21900, 1485.531
 21960, 1410.809
 22020, 1504.607
 22080, 1526.546
 22140, 1543.931
 22200, 1417.149
 22260, 1458.218
 22320, 1458.543
 22380, 1407.315
 22440, 1420.790
 22500, 1508.122
 22560, 1516.904
 22620, 1521.329
 22680, 1538.770
 22740, 1394.472
 22800, 1455.055
 22860, 1456.208
 22920, 1392.665
 22980, 1446.995
 23040, 1466.164
 23100, 1436.772
 23160, 1398.738
 23220, 1407.320
 23280, 1371.042
 23340, 1404.697
 23400, 1372.457
 23460, 1344.465
 23520, -9999.000
 23580, 1511.304
 23640, 1514.477
 23700, 1575.341
 23760, 1598.289
 23820, 1497.155
 23880, 1463.002
 23940, 1675.858
 24000, 1499.686
 24060, 1517.148
 24120, 1616.499
 24180, 1508.586
 24240, 1506.340
 24300, 1534.365
 24360, 1611.896
 24420, 1509.557
 24480, 1601.329
 24540, 1627.700
 24600, 1644.046
 24660, 1589.674
 24720, 1496.174
 24780, 1482.068
 24840, 1457.117
 24900, 1408.092
 24960, 1443.394
 25020, 1435.096
 25080, 1391.471
 25140, 1372.155
 25200, 1342.901
 25260, 1415.420
 25320, 1391.333
 25380, -9999.000
 25440, 1427.291
 25500, 1422.970
 25560, 1424.550
 25620, 1361.112
 25680, 1382.135
 25740, 1340.063
 25800, 1375.803
 25860, 1472.750
 25920, 1448.393
 25980, 1430.869
 26040, 1424.197
 26100, 1414.512
 26160, 1494.954
 26220, 1449.473
 26280, 1468.091
 26340, 1418.222
 26400, 1466.213
 26460, 1512.189
 26520, 1536.153
 26580, 1533.184
 26640, 1587.687
 26700, 1544.723
 26760, 1579.727
 26820, 1584.111
 26880, 1647.961
 26940, 1718.722
 27000, 1601.579
 27060, 1723.448
 27120, 1667.821
 27180, 1628.809
 27240, 1670.542
 27300, 1638.712
 27360, 1663.094
 27420, 1754.831
 27480, 1818.479
 27540, 1796.828
 27600, 1833.384
 27660, 1727.202
 27720, 1615.470
 27780, 1559.817
 27840, 1540.260
 27900, 1636.840
 27960, 1523.437
 28020, 1524.519
 28080, 1517.660
 28140, 1507.977
 28200, 1617.174
 28260, 1569.628
 28320, 1506.945
 28380, 1526.434
 28440, 1508.124
 28500, 1549.446
 28560, 1531.660
 28620, 1531.804
 28680, 1611.005
 28740, 1595.184
 28800, 1582.303
 28860, 1543.627
 28920, 1521.827
 28980, 1490.523
 29040, -9999.000
 29100, 1562.088
 29160, 1523.616
 29220, 1538.804
 29280, 1537.130
 29340, 1541.803
 29400, 1586.621
 29460, 1555.967
 29520, 1573.763
 29580, 1652.309
 29640, 1548.772
 29700, 1594.845
 29760, 1589.062
 29820, 1582.056
 29880, 1668.296
 29940, 1701.805
 30000, 1732.954
 30060, 1644.492
 30120, 1630.876
 30180, 1673.850
 30240, 1546.054
 30300, 1674.481
 30360, 1645.109
 30420, 1618.089
 30480, 1678.617
 30540, 1617.881
 30600, 1580.726
 30660, 1571.173
 30720, 1566.372
 30780, 1683.702
 30840, 1611.120
 30900, -9999.000
 30960, 1593.523
 31020, 1536.397
 31080, 1650.814
 31140, 1660.859
 31200, 1578.703
 31260, 1630.688
 31320, 1680.516
 31380, 1681.183
 31440, 1796.544
 31500, 1725.604
 31560, 1854.113
 31620, 1845.156
 31680, 1946.449
 31740, 2099.033
 31800, 2108.013
 31860, 2213.359
 31920, 2241.833
 31980, 2236.461
 32040, 2338.474
 32100, 2348.266
 32160, 2334.464
 32220, 2389.433
 32280, 2447.509
 32340, 2454.412
 32400, 2362.902
 32460, 2003.487
 32520, 1954.020
 32580, 1985.568
 32640, 1976.544
 32700, 2124.558
 32760, -9999.000
 32820, 2308.854
 32880, 2264.098
 32940, 2276.149
 33000, 2289.995
 33060, 2238.483
 33120, 2206.331
 33180, 2175.839
 33240, 2302.635
 33300, 2461.792
 33360, 2509.632
 33420, 2481.587
 33480, 2407.561
 33540, 2450.188
 33600, 2395.125
 33660, 2467.997
 33720, 2403.506
 33780, 2320.746
 33840, 2189.748
 33900, 2263.584
 33960, 2297.242
 34020, 2231.831
 34080, 2168.628
 34140, 2145.107
 34200, 2285.102
 34260, 2270.431
 34320, 2264.820
 34380, 2328.637
 34440, 2245.809
 34500, 2050.902
 34560, 2061.890
 34620, 1716.950
 34680, 1728.785
 34740, 1678.027
 34800, 1611.026
 34860, 1709.718
 34920, 1734.553
 34980, 1721.613
 35040, 1668.439
 35100, 1736.788
 35160, 1661.137
 35220, 1630.237
 35280, 1600.147
 35340, 1557.370
 35400, 1538.406
 35460, 1585.848
 35520, 1564.870
 35580, 1523.864
 35640, 1545.379
 35700, 1521.630
 35760, 1555.118
 35820, 1811.552
 35880, 1902.510
 35940, 1901.649
 36000, 1949.859
 36060, 1896.607
 36120, 1944.138
 36180, 1962.637
 36240, 1953.479
 36300, 1883.441
 36360, 1942.266
 36420, 1896.182
 36480, 1843.750
 36540, 1871.256
 36600, 1915.911
 36660, 1957.730
 36720, 2030.057
 36780, 2166.002
 36840, 1869.572
 36900, 1880.465
 36960, 1763.061
 37020, 2060.379
 37080, 2090.542
 37140, 2010.472
 37200, 2037.469
 37260, 1998.988
 37320, 2093.397
 37380, 2116.216
 37440, 2108.132
 37500, 2049.629
 37560, 2101.939
 37620, 2171.563
 37680, 2282.649
 37740, 2301.116
 37800, 2273.234
 37860, 2315.797
 37920, 2316.376
 37980, 2281.952
 38040, 2319.665
 38100, 2216.621
 38160, 2252.752
 38220, 2230.183
 38280, 2169.712
 38340, 2138.565
 38400, 2192.778
 38460, 2156.931
 38520, 1965.877
 38580, 1996.191
 38640, 1896.592
 38700, 1860.793
 38760, 1811.642
 38820, 1772.579
 38880, 1755.839
 38940, 1780.960
 39000, 1774.617
 39060, 1875.122
 39120, 1728.418
 39180, 1849.609
 39240, 1916.037
 39300, 1843.469
 39360, 1885.840
 39420, 1812.303
 39480, 1878.515
 39540, 1874.135
 39600, 1957.068
 39660, 1813.141
 39720, 1662.110
 39780, 1753.823
 39840, 1754.980
 39900, 1767.303
 39960, 1705.096
 40020, 1678.513
 40080, 1648.484
 40140, -9999.000
 40200, 1541.017
 40260, 1640.519
 40320, 1516.780
 40380, 1530.570
 40440, 1535.135
 40500, 1550.660
 40560, 1549.658
 40620, 1536.044
 40680, 1521.887
 40740, 1555.261
 40800, 1538.109
 40860, 1511.165
 40920, 1516.817
 40980, 1563.455
 41040, 1548.951
 41100, 1517.059
 41160, 1515.731
 41220, 1489.721
 41280, 1489.582
 41340, 1535.594
 41400, 1469.138
 41460, 1462.521
 41520, 1451.133
 41580, 1484.986
 41640, 1483.761
 41700, 1521.747
 41760, 1452.168
 41820, 1437.912
 41880, 1427.732
 41940, 1538.114
 42000, 1461.586
 42060, 1486.247
 42120, 1510.899
 42180, 1499.967
 42240, 1481.699
 42300, 1494.341
 42360, 1497.827
 42420, 1501.834
 42480, 1506.163
 42540, 1462.437
 42600, 1479.024
 42660, 1470.633
 42720, 1470.892
 42780, 1492.602
 42840, 1503.799
 42900, 1482.871
 42960, 1495.211
 43020, 1448.196
 43080, 1525.796
 43140, 1473.562
 43200, 1456.092
 43260, 1475.613
 43320, 1468.903
 43380, 1447.293
 43440, 1467.658
 43500, 1464.255
 43560, 1471.731
 43620, 1457.238
 43680, 1474.342
 43740, 1500.598
 43800, 1421.650
 43860, 1438.012
 43920, 1486.824
 43980, 1460.414
 44040, 1468.750
 44100, 1454.988
 44160, 1463.474
 44220, 1469.562
 44280, 1436.459
 44340, 1448.797
 44400, 1414.397
 44460, 1427.783
 44520, 1441.845
 44580, 1438.767
 44640, 1494.564
 44700, 1474.891
 44760, 1456.429
 44820, 1423.214
 44880, 1446.417
 44940, 1472.467
 45000, 1460.289
 45060, 1453.192
 45120, 1479.831
 45180, 1483.339
 45240, 1495.132
 45300, 1551.463
 45360, 1495.612
 45420, 1536.326
 45480, 1514.248
 45540, 1576.575
 45600, 1586.614
 45660, 1647.845
 45720, 1485.643
 45780, 1509.912
 45840, 1504.133
 45900, 1606.612
 45960, 1664.455
 46020, 1765.456
 46080, 1834.940
 46140, 1887.170
 46200, 2044.916
 46260, 2122.255
 46320, 2179.646
 46380, 2155.755
 46440, 2256.371
 46500, 2187.872
 46560, 2226.275
 46620, 2267.281
 46680, 2310.158
 46740, 2339.516
 46800, 2602.867
 46860, 2946.327
 46920, 2839.463
 46980, 2632.404
 47040, 2549.890
 47100, 2522.224
 47160, 2483.385
 47220, 2433.931
 47280, 2418.530
 47340, 2315.833
 47400, 2273.765
 47460, 2242.813
 47520, -9999.000
 47580, 2267.617
 47640, 2275.598
 47700, 2218.843
 47760, 2222.078
 47820, 2183.428
 47880, 2183.701
 47940, 2181.790
 48000, 2162.268
 48060, 2192.170
 48120, 2252.856
 48180, 2186.375
 48240, 2196.681
 48300, 2184.975
 48360, 2189.625
 48420, 2334.761
 48480, 2217.536
 48540, 2101.736
 48600, 2124.201
 48660, 2061.474
 48720, 2100.275
 48780, 2148.769
 48840, 2159.051
 48900, 2162.078
 48960, 2166.775
 49020, 2262.725
 49080, 2145.282
 49140, 2057.850
 49200, 2067.489
 49260, 2078.456
 49320, 2112.402
 49380, -9999.000
 49440, 2154.462
 49500, 2304.263
 49560, 2346.017
 49620, 2375.540
 49680, 2321.949
 49740, 2252.994
 49800, 2301.932
 49860, 2265.698
 49920, 2180.115
 49980, 2224.351
 50040, 2204.692
 50100, 2231.808
 50160, 2125.336
 50220, 2176.997
 50280, 2335.166
 50340, 2314.022
 50400, 2306.934
 50460, 2228.748
 50520, 2350.565
 50580, 2201.244
 50640, 2312.254
 50700, 2257.212
 50760, 2367.472
 50820, 2382.922
 50880, 2261.347
 50940, 2360.010
 51000, 2402.465
 51060, 2399.680
 51120, 2239.633
 51180, 2359.094
 51240, -9999.000
 51300, 2302.136
 51360, 2240.562
 51420, 2119.304
 51480, 1948.135
 51540, 1991.889
 51600, 2168.542
 51660, 2117.745
 51720, 2154.927
 51780, 1969.288
 51840, 1943.026
 51900, 1938.150
 51960, 1758.470
 52020, 1748.912
 52080, 1675.956
 52140, 1612.862
 52200, 1625.046
 52260, 1663.270
 52320, 1743.632
 52380, 1670.237
 52440, 1577.714
 52500, 1602.649
 52560, 1620.659
 52620, 1690.317
 52680, 1678.850
 52740, 1650.948
 52800, 1653.450
 52860, 1714.824
 52920, 1754.618
 52980, 1719.597
 53040, 1711.755
 53100, 1791.610
 53160, 1729.072
 53220, 1683.623
 53280, 1748.760
 53340, 1779.815
 53400, 1764.582
 53460, 1594.418
 53520, 1618.911
 53580, 1813.215
 53640, 1730.656
 53700, 1664.555
 53760, 1667.342
 53820, 1665.953
 53880, 1813.082
 53940, 1853.188
 54000, 1799.424
 54060, 1769.480
 54120, 1749.477
 54180, 1770.847
 54240, 1828.403
 54300, 1796.585
 54360, 1914.873
 54420, 1838.996
 54480, 1759.269
 54540, 1754.044
 54600, 1739.798
 54660, 1614.552
 54720, 1630.438
 54780, 1707.944
 54840, 1693.736
 54900, -9999.000
 54960, 1705.074
 55020, 1652.931
 55080, 1763.503
 55140, 1771.647
 55200, 1765.497
 55260, 1802.303
 55320, 1828.449
 55380, 1828.917
 55440, 1851.024
 55500, 1858.083
 55560, 1919.653
 55620, 1845.314
 55680, 1838.217
 55740, 1879.106
 55800, 1885.126
 55860, 1846.190
 55920, 1861.507
 55980, 1820.988
 56040, 1877.198
 56100, 1847.763
 56160, 1866.050
 56220, 1914.113
 56280, 1864.530
 56340, 1923.572
 56400, 1965.970
 56460, 2033.597
 56520, 2013.091
 56580, 2041.553
 56640, 1985.214
