CampaignData_and_Merges/R0/CSL_MobileLab_Parked/raw/20240805/USOS-POPS_MobileLabGround_20240805_R0.ict
78, 1001
Thornberry, T. D.
NOAA Chemical Sciences Laboratory
Portable Optical Particle Spectrometer (POPS)
USOS
1, 1
2024, 08, 05, 2025, 05, 08
60
Time_Start, seconds_past_midnight, Start time of measurement
45
1, 1, 1, 1, 1, 1, 1, 1, 1, 1, 1, 1, 1, 1, 1, 1, 1, 1, 1, 1, 1, 1, 1, 1, 1, 1, 1, 1, 1, 1, 1, 1, 1, 1, 1, 1, 1, 1, 1, 1, 1, 1, 1, 1, 1
-9999, -9999, -9999, -9999, -9999, -9999, -9999, -9999, -9999, -9999, -9999, -9999, -9999, -9999, -9999, -9999, -9999, -9999, -9999, -9999, -9999, -9999, -9999, -9999, -9999, -9999, -9999, -9999, -9999, -9999, -9999, -9999, -9999, -9999, -9999, -9999, -9999, -9999, -9999, -9999, -9999, -9999, -9999, -9999, -9999
Time_Stop, seconds_past_midnight, Stop time of measurement
Time_Mid, seconds_past_midnight, Mid time of measurement
Press_mb, mb, Pressure reported (mb)
Temp_C, degrees C, POPS temperature measurement
Aerosol_concentration, cm^-3, Aerosol concentration
Surface_Area_Conc, um^2 cm^-3, Surface area concentration
Volume_density, um^3 cm^-3, Volume density
Effective_radius, um, Effective radius
Extinction, km^-1, Extinction
Bin01, cm^-3, particle concentration in size range [1401 - 146.3 nm]
Bin02, cm^-3, particle concentration in size range [146.3 - 152.8 nm]
Bin03, cm^-3, particle concentration in size range [152.8 - 159.6 nm]
Bin04, cm^-3, particle concentration in size range [159.6 - 166.8 nm]
Bin05, cm^-3, particle concentration in size range [166.8 - 174.2 nm]
Bin06, cm^-3, particle concentration in size range [174.2 - 181.9 nm]
Bin07, cm^-3, particle concentration in size range [181.9 - 190.0 nm]
Bin08, cm^-3, particle concentration in size range [190.0 - 198.5 nm]
Bin09, cm^-3, particle concentration in size range [198.5 - 207.4 nm]
Bin10, cm^-3, particle concentration in size range [207.4 - 216.6 nm]
Bin11, cm^-3, particle concentration in size range [216.6 - 226.2 nm]
Bin12, cm^-3, particle concentration in size range [226.2 - 236.3 nm]
Bin13, cm^-3, particle concentration in size range [236.3 - 246.8 nm]
Bin14, cm^-3, particle concentration in size range [246.8 - 257.8 nm]
Bin15, cm^-3, particle concentration in size range [257.8 - 269.3 nm]
Bin16, cm^-3, particle concentration in size range [269.3 - 343.4 nm]
Bin17, cm^-3, particle concentration in size range [343.4 - 450.7 nm]
Bin18, cm^-3, particle concentration in size range [450.7 - 525.9 nm]
Bin19, cm^-3, particle concentration in size range [525.9 - 618.5 nm]
Bin20, cm^-3, particle concentration in size range [618.5 - 710.0 nm]
Bin21, cm^-3, particle concentration in size range [710.0 - 822.7 nm]
Bin22, cm^-3, particle concentration in size range [822.7 - 885.9 nm]
Bin23, cm^-3, particle concentration in size range [885.9 - 953.9 nm]
Bin24, cm^-3, particle concentration in size range [953.9 - 1027.2 nm]
Bin25, cm^-3, particle concentration in size range [1027.2 - 1106.1 nm]
Bin26, cm^-3, particle concentration in size range [1106.1 - 1191.0 nm]
Bin27, cm^-3, particle concentration in size range [1191.0 - 1282.5 nm]
Bin28, cm^-3, particle concentration in size range [1282.5 - 1381.0 nm]
Bin29, cm^-3, particle concentration in size range [1381.0 - 1487.1 nm]
Bin30, cm^-3, particle concentration in size range [1487.1 - 1601.3 nm]
Bin31, cm^-3, particle concentration in size range [1601.3 - 1724.3 nm]
[...]
PLATFORM: NOAA CSL Mobile Lab
LOCATION: USOS
ASSOCIATED_DATA: N/A
INSTRUMENT_INFO: Printed Optical Particle Spectrometer counts particles from 140 - 2500 nm in diameter 
DATA_INFO: Particle concentrations reported in number per cubic centimeter,1 Hz data
UNCERTAINTY: Counting uncertainty dominated by air flow, less than 5 percent. Measurement range is ~0 - 3000 per cm3 (varies depending on flow rate- manufacturer quotes 1250 per cm3 at 1.667 cc/s)
ULOD_FLAG: -7777
ULOD_VALUE: N/A
LLOD_FLAG: -8888
LLOD_VALUE: N/A
DM_CONTACT_INFO: Troy Thornberry, 325 Broadway R/CSL6, Boulder, CO 80305; troy.thornberry@noaa.gov; 303-497-3373
PROJECT_INFO: USOS, Utah POPS data from NOAA CSL Mobile Lab
STIPULATIONS_ON_USE: Please contact the PIs for questions regarding applications and uncertainties
OTHER_COMMENTS: POPS bin Edges (nm):  140.1, 146.3, 152.8, 159.6, 166.8, 174.2, 181.9, 190.0, 198.5, 207.4, 216.6, 226.2, 236.3, 246.8, 257.8, 269.3, 343.4, 450.7, 525.9, 618.5, 710.0, 822.7, 885.9, 953.9, 1027.2, 1106.1, 1191.0, 1282.5, 1381.0, 1487.1, 1601.3, 1724.3, 1856.7, 1999.3, 2152.8, 2318.2, 2496.2
Calculations assume organic aerosol refractive index of 1.52+0.00j and extinction wavelength = 532 nm
REVISION: R0
R0: Final data
Time_Start, Time_Stop, Time_Mid, Press_mb, Temp_C, Aerosol_concentration, Surface_Area_Conc, Volume_density, Effective_radius, Extinction, Bin01, Bin02, Bin03, Bin04, Bin05, Bin06, Bin07, Bin08, Bin09, Bin10, Bin11, Bin12, Bin13, Bin14, Bin15, Bin16, Bin17, Bin18, Bin19, Bin20, Bin21, Bin22, Bin23, Bin24, Bin25, Bin26, Bin27, Bin28, Bin29, Bin30, Bin31, Bin32, Bin33, Bin34, Bin35, Bin36
[from data line 443]
26580,26639,26610,871.635,33.338,229.260,45.866,5.459,0.338,0.017,25.193813,22.415169,19.733158,17.933964,16.354620,14.327498,12.445302,11.105870,10.226817,8.994432,8.603123,8.184790,8.031317,7.367405,6.181024,20.696043,6.665847,2.040900,0.853797,0.199912,0.133651,0.132824,0.061028,0.089563,0.116827,0.155988,0.078169,0.077686,0.100012,0.111860,0.145430,0.122909,0.100136,0.116893,0.062002,0.099723
26640,26699,26670,871.649,33.220,229.726,44.044,4.695,0.305,0.016,24.701738,22.304296,19.725489,17.977293,16.264141,14.193280,12.640136,11.399503,10.233278,9.191670,8.666037,8.418545,7.999850,7.518031,6.280149,20.717997,6.998827,1.877094,0.912754,0.161864,0.150706,0.116488,0.105611,0.100071,0.073025,0.138683,0.116628,0.049903,0.054443,0.099934,0.172328,0.089050,0.100214,0.027725,0.071536,0.077797
26700,26759,26730,871.659,33.224,232.510,44.318,4.687,0.308,0.016,24.930346,21.824398,19.706331,17.949202,16.243303,14.953510,13.088670,11.574730,10.128807,9.668795,9.046009,8.480063,8.729455,7.234416,6.221867,21.294895,6.833008,1.998028,0.951045,0.175767,0.142859,0.076886,0.110577,0.120710,0.072264,0.103511,0.049333,0.072074,0.098576,0.109280,0.154460,0.103240,0.082226,0.049227,0.071188,0.060679
26760,26819,26790,871.664,33.278,234.687,45.933,5.067,0.319,0.017,24.382942,23.233242,20.037024,18.516006,16.609402,14.561768,12.996098,11.760860,10.341841,9.796228,8.404579,8.463193,8.164310,7.652274,6.364883,21.312407,7.396674,1.948747,0.927750,0.191623,0.193253,0.106531,0.096246,0.140417,0.067885,0.062151,0.061146,0.084871,0.073587,0.148217,0.171454,0.080276,0.128951,0.062289,0.034002,0.113486
26820,26879,26850,871.646,33.324,233.869,44.772,4.850,0.312,0.016,24.749424,22.670609,21.056335,18.134949,16.487038,14.598085,13.119132,11.522864,10.209564,9.174735,8.517975,8.541302,8.117869,7.467162,6.650108,21.218334,7.008775,1.820831,0.989571,0.283364,0.139371,0.121790,0.184025,0.111875,0.077106,0.060949,0.106253,0.072440,0.073120,0.060889,0.095067,0.104876,0.095993,0.071436,0.060612,0.095514
26880,26939,26910,871.654,33.388,230.361,45.057,5.052,0.322,0.016,25.353415,21.753204,19.472231,17.401270,15.860425,14.628970,12.658846,11.871105,10.160562,9.595481,8.319349,8.613490,8.218139,7.595961,6.150919,20.900003,7.191067,1.939645,0.837839,0.262106,0.181982,0.156439,0.089231,0.111285,0.049640,0.105865,0.077537,0.044340,0.105159,0.109916,0.105830,0.094349,0.095121,0.072082,0.049967,0.128283
26940,26999,26970,871.665,33.313,233.028,44.549,4.743,0.306,0.016,25.405319,22.703653,20.370108,17.844007,16.647980,14.787818,12.942365,11.656091,10.254923,9.060499,8.517204,8.187801,8.236339,7.488791,6.193206,20.793398,7.292464,1.946702,0.957473,0.189050,0.145307,0.110742,0.106496,0.111436,0.111330,0.089406,0.100842,0.084079,0.100690,0.110995,0.138539,0.094794,0.044090,0.055293,0.044086,0.105140
27000,27059,27030,871.672,33.388,232.388,44.872,5.084,0.329,0.016,25.377754,22.509621,20.070517,17.797947,16.753428,14.656543,13.241724,11.826191,10.090757,9.338593,8.429251,8.270688,7.895234,7.163956,6.867717,20.299063,7.139230,1.887816,0.864688,0.240202,0.195837,0.161969,0.099006,0.100568,0.100319,0.083237,0.061100,0.055927,0.123329,0.084448,0.160462,0.179148,0.111048,0.049683,0.038762,0.061959
27060,27119,27090,871.681,33.413,230.194,44.828,5.001,0.322,0.016,25.078989,22.187737,20.217251,18.625732,16.630621,13.870820,12.608146,11.744527,9.754993,9.075544,8.413832,8.097549,8.255313,7.283131,6.270665,20.490343,6.889476,1.761420,0.942406,0.265674,0.149663,0.172636,0.123247,0.128102,0.116355,0.115460,0.094666,0.067292,0.067270,0.127823,0.177801,0.128471,0.067001,0.049369,0.077747,0.066526
27120,27179,27150,871.682,33.375,231.653,44.095,4.659,0.305,0.015,24.610535,22.359886,20.102587,18.242546,16.324671,14.606890,12.680093,11.942666,10.338002,8.913427,8.524897,8.451336,8.034844,7.628567,6.194296,20.957275,7.309136,1.880422,0.874238,0.156648,0.156022,0.110514,0.105005,0.106115,0.082734,0.100250,0.068176,0.100187,0.127941,0.066819,0.139547,0.100559,0.083745,0.033477,0.050090,0.088598
27180,27239,27210,871.674,33.162,229.529,44.205,4.987,0.323,0.016,25.271822,21.820349,19.769243,18.248985,16.409807,14.544472,12.647073,11.447168,9.892706,9.220479,8.626459,7.959158,8.222265,7.744998,6.203104,20.187634,6.872993,1.724758,0.975090,0.206306,0.156077,0.106169,0.101532,0.094882,0.072149,0.066606,0.095425,0.082663,0.078917,0.116729,0.150053,0.144499,0.073185,0.039175,0.078244,0.078199
27240,27299,27270,871.687,33.067,232.838,44.936,4.848,0.311,0.016,25.694050,22.004988,20.444084,18.361774,16.938086,14.195567,12.436913,11.616000,10.203649,8.956441,8.353579,8.874327,8.289664,7.817286,6.286808,20.580233,7.054512,2.047003,0.912924,0.155534,0.178191,0.088877,0.072164,0.077747,0.117298,0.128900,0.076687,0.137043,0.116189,0.100082,0.160306,0.095346,0.066015,0.072001,0.038343,0.089140
27300,27359,27330,871.690,33.017,232.385,44.973,4.748,0.309,0.016,25.294888,21.619041,20.009838,18.138927,16.763765,14.864607,12.829158,11.430107,10.222653,9.226890,8.548999,8.240684,8.102434,7.613022,6.849524,20.577003,7.247102,2.039165,0.901963,0.172489,0.215402,0.139075,0.139213,0.121628,0.098995,0.076908,0.088036,0.071916,0.104392,0.149012,0.154632,0.066755,0.060643,0.067011,0.033910,0.105455
27360,27419,27390,871.686,33.016,230.500,44.187,4.877,0.315,0.016,25.127113,21.917660,20.183399,18.189369,16.377434,14.223531,12.795966,11.022373,10.005815,9.181873,8.971703,8.493832,7.551450,8.050334,6.171965,20.545328,7.135798,1.973838,0.870024,0.179853,0.177631,0.174409,0.094165,0.128805,0.100489,0.039196,0.044394,0.084125,0.044838,0.100367,0.116999,0.123707,0.095614,0.044413,0.060966,0.100821
27420,27479,27450,871.677,33.035,230.488,44.794,5.054,0.327,0.016,25.476509,22.792337,20.066912,18.349644,16.533392,14.515712,12.523442,11.389180,10.168898,8.659821,8.761366,8.091031,8.211733,7.337941,6.003909,20.111137,7.041973,1.737949,0.887927,0.217844,0.162375,0.173616,0.067552,0.138586,0.072285,0.067092,0.073140,0.100089,0.061108,0.079006,0.207302,0.085251,0.066369,0.073079,0.054789,0.127693
27480,27539,27510,871.691,33.101,224.774,41.704,4.387,0.301,0.014,24.474964,22.381760,19.174179,17.618624,16.283318,14.685825,12.574165,11.094618,9.686841,8.844808,8.049559,8.084852,7.846480,7.329069,6.308033,19.804426,6.362355,1.834435,0.944353,0.133033,0.148916,0.082885,0.088271,0.066618,0.099117,0.033361,0.050092,0.093493,0.060836,0.076453,0.082922,0.087167,0.077313,0.066162,0.027683,0.116498
27540,27599,27570,871.696,33.147,231.769,42.610,4.117,0.275,0.015,25.139671,22.775175,20.356831,18.458370,16.552435,14.771080,12.899325,11.533906,10.079977,9.120053,8.516879,8.127340,7.997779,7.390573,6.369270,20.327963,7.044157,1.807848,0.906994,0.219847,0.174811,0.089635,0.095397,0.089788,0.067433,0.090296,0.067728,0.106253,0.085067,0.084595,0.151360,0.056545,0.045258,0.073617,0.028219,0.067439
27600,27659,27630,871.707,33.196,235.827,45.148,4.941,0.318,0.016,25.734961,23.072882,20.655176,18.684601,17.020412,14.608791,12.511806,11.303732,10.711009,9.080458,8.612000,8.486615,8.320193,7.858359,6.429670,21.255056,7.130507,1.770993,0.886265,0.156107,0.184385,0.100331,0.066681,0.082386,0.105897,0.144843,0.055798,0.077820,0.072190,0.111450,0.128044,0.089382,0.089409,0.044375,0.066816,0.118013
27660,27719,27690,871.735,33.145,234.105,44.762,4.900,0.311,0.016,25.520250,22.978497,20.218822,18.568617,17.030014,14.686028,12.551710,11.669483,10.411749,9.154816,8.259875,8.462317,8.118268,7.542886,6.471262,20.781996,7.129653,1.874448,0.915101,0.183901,0.175549,0.138205,0.095177,0.121876,0.105908,0.104994,0.094196,0.077207,0.066532,0.072246,0.116519,0.105591,0.072669,0.055556,0.049663,0.122982
27720,27779,27750,871.729,33.144,232.244,44.296,4.786,0.311,0.016,25.502544,22.592558,20.632776,18.326027,16.734140,14.245838,13.217803,11.591906,10.176811,9.277205,8.008101,8.334772,7.913288,7.505407,5.739007,20.910152,6.995677,1.909319,0.876094,0.267420,0.145330,0.099616,0.145196,0.066611,0.089477,0.112047,0.055845,0.044333,0.077433,0.088315,0.162102,0.094288,0.077056,0.094799,0.056278,0.078094
27780,27839,27810,871.729,33.037,229.242,41.450,4.065,0.286,0.014,26.584225,23.189514,20.560854,18.089840,17.002131,14.347956,12.911736,10.842486,9.757731,8.515270,8.089851,8.126950,7.703596,7.356092,5.632299,19.675077,6.652599,1.920013,0.836691,0.138633,0.193783,0.083386,0.104136,0.060746,0.105142,0.044080,0.072601,0.056363,0.050050,0.094779,0.144270,0.072044,0.061016,0.044699,0.077431,0.043478
27840,27899,27870,871.736,32.988,231.967,42.513,4.432,0.301,0.015,26.225357,24.089863,20.607925,19.501038,16.801710,14.815476,12.945383,10.939997,9.937428,8.828238,8.415193,8.366426,7.590734,7.154899,5.842247,19.066647,6.638163,1.701699,0.903967,0.172071,0.194682,0.077588,0.066440,0.133319,0.101268,0.066500,0.067142,0.077535,0.061655,0.111219,0.116302,0.094173,0.071562,0.055608,0.038795,0.088746
27900,27959,27930,871.731,33.035,231.985,40.192,3.836,0.270,0.013,27.570885,23.471189,21.314413,18.577484,16.653170,15.218944,13.016546,11.475451,10.067958,9.292053,8.082192,8.175843,7.427795,6.931491,5.779552,18.773340,6.536444,1.589168,0.720702,0.165271,0.110553,0.082189,0.120970,0.093663,0.077481,0.049881,0.055194,0.083294,0.044081,0.055096,0.077694,0.089719,0.061004,0.039153,0.022360,0.082688
27960,28019,27990,871.746,33.160,230.875,40.193,3.893,0.279,0.013,27.456100,23.686634,21.159588,18.252439,17.268682,15.061667,12.697102,11.170990,10.125575,9.086878,8.171332,7.666018,7.339302,7.008610,5.689816,18.934553,6.478786,1.609197,0.735695,0.166345,0.116705,0.060387,0.082348,0.060948,0.043934,0.082939,0.065531,0.049744,0.098831,0.077573,0.088732,0.093336,0.027838,0.033074,0.066726,0.061022
28020,28079,28050,871.750,33.300,234.044,41.751,4.072,0.282,0.014,26.144560,23.566067,21.101761,18.830378,17.396986,14.834437,13.123158,11.570624,10.152930,9.022047,8.152620,8.587605,7.709814,7.602277,6.145981,19.265224,6.912823,1.666077,0.840398,0.159679,0.166036,0.054851,0.077763,0.076562,0.061900,0.110864,0.073111,0.061376,0.071507,0.083247,0.122591,0.094421,0.072174,0.027473,0.049652,0.055437
28080,28139,28110,871.763,33.227,230.624,40.215,3.899,0.278,0.013,26.812885,24.394806,20.403028,19.402874,16.999125,14.126290,12.873952,11.405623,10.496669,9.102717,8.276403,7.878005,7.501410,6.981600,5.641208,18.516872,5.996151,1.655072,0.894793,0.104717,0.132815,0.055327,0.082957,0.071620,0.043988,0.087635,0.049817,0.076964,0.071662,0.093343,0.099745,0.094716,0.071379,0.027588,0.050419,0.050139
28140,28199,28170,871.773,33.211,227.582,39.011,3.634,0.270,0.013,27.054544,23.668606,21.317909,19.303288,16.701183,14.363970,13.074919,11.453522,9.815792,8.680280,7.879026,7.711153,6.655312,6.625049,5.579895,17.845179,6.337095,1.570492,0.670878,0.131475,0.143159,0.070711,0.104304,0.077097,0.082011,0.048789,0.071770,0.045102,0.070774,0.059993,0.088556,0.071202,0.087721,0.044041,0.021717,0.055859
28200,28259,28230,871.783,33.282,228.801,37.648,3.308,0.254,0.012,27.284615,24.532267,21.476337,19.483896,16.902458,14.977263,12.418446,11.274549,10.047096,9.009138,7.860194,7.179897,7.595681,6.794760,5.469655,16.810242,6.172140,1.729397,0.758036,0.138422,0.129507,0.089294,0.045016,0.039310,0.054885,0.043768,0.039029,0.033463,0.027654,0.088938,0.044047,0.083919,0.061943,0.016764,0.050141,0.038854
28260,28319,28290,871.774,33.197,229.432,37.942,3.169,0.244,0.012,27.157000,23.678360,20.853594,19.219761,16.725506,14.950970,12.641250,11.419899,9.910020,8.938630,8.333665,7.666040,7.682353,6.878076,5.478824,18.387857,6.112460,1.474282,0.850382,0.142709,0.083748,0.094092,0.089241,0.060682,0.066999,0.038546,0.027312,0.050318,0.039157,0.099202,0.099717,0.066039,0.038222,0.016726,0.022088,0.038653
28320,28379,28350,871.798,33.148,228.985,37.647,3.098,0.238,0.012,28.283146,24.463554,21.148582,18.514421,17.452414,15.035517,12.712833,10.892616,9.926390,8.826212,7.763371,7.820891,7.400317,6.807043,5.216824,17.274281,6.017538,1.566732,0.782834,0.078171,0.104785,0.072257,0.129716,0.082476,0.067111,0.038930,0.050278,0.055499,0.050193,0.083935,0.061399,0.033250,0.082930,0.027842,0.027994,0.032775
28380,28439,28410,871.786,33.164,231.707,37.548,3.097,0.239,0.011,28.395010,24.659204,21.111345,19.694183,17.018181,15.302762,12.500297,11.629210,9.868540,8.803452,8.102233,7.854827,7.363301,6.483492,5.302483,18.514450,5.814556,1.541802,0.726777,0.144024,0.123339,0.077969,0.078540,0.050763,0.050301,0.028122,0.055689,0.055380,0.039093,0.028238,0.083778,0.061501,0.044019,0.033685,0.027652,0.039083
28440,28499,28470,871.814,33.213,229.504,38.590,3.497,0.262,0.012,27.809011,24.220697,21.111126,18.908422,17.300346,15.147741,12.945271,10.947767,10.026414,8.865026,7.860468,7.584569,7.262657,6.901746,5.575751,17.475348,6.036784,1.699692,0.630955,0.137809,0.122374,0.054722,0.072392,0.093566,0.082879,0.060846,0.038615,0.049317,0.054479,0.082731,0.111355,0.076890,0.060965,0.005537,0.033416,0.055929
28500,28559,28530,871.820,33.291,232.190,37.740,3.090,0.238,0.011,28.014847,24.974857,22.068953,19.175741,17.161465,15.046732,13.114729,11.093558,9.896696,8.922610,8.163460,8.007815,7.631675,6.994242,5.474699,17.253414,5.792521,1.718577,0.665097,0.133576,0.110937,0.061564,0.083383,0.045016,0.066142,0.044214,0.033628,0.050309,0.061260,0.061264,0.066569,0.027393,0.044838,0.049721,0.028087,0.050203
28560,28619,28590,871.815,33.358,228.018,36.929,3.091,0.240,0.011,27.692347,24.798317,21.460253,18.820139,17.254301,14.847272,12.632756,11.412147,9.813922,8.638150,7.999470,7.838785,7.175422,6.609012,5.646296,16.657383,5.668172,1.424129,0.632891,0.118448,0.113488,0.061524,0.045370,0.050680,0.067396,0.033704,0.044651,0.022364,0.062631,0.073328,0.090605,0.045236,0.061064,0.050532,0.028445,0.027768
28620,28679,28650,871.826,33.402,226.929,36.454,3.006,0.238,0.011,27.228968,24.462181,21.434519,19.222254,17.398174,14.676553,12.565303,11.459035,9.428687,8.382023,8.198445,7.566813,7.266272,6.896156,5.383159,16.528515,5.747664,1.594226,0.533178,0.111548,0.116346,0.050051,0.099260,0.038711,0.072802,0.033834,0.016631,0.016364,0.056080,0.061292,0.094244,0.050410,0.050196,0.016840,0.022547,0.050164
28680,28739,28710,871.820,33.323,230.041,36.853,3.009,0.234,0.011,27.797583,24.974382,21.889118,20.073824,17.376816,14.815343,12.877967,10.993052,9.675282,8.844490,7.911824,7.575681,6.791771,6.872739,5.173016,17.656704,5.583714,1.535312,0.689038,0.094391,0.122838,0.072767,0.055075,0.038665,0.055610,0.038691,0.039373,0.049542,0.054467,0.044716,0.071873,0.044728,0.049863,0.027733,0.016771,0.055821
28740,28799,28770,871.828,33.345,228.413,37.941,3.563,0.274,0.012,28.376366,24.125753,21.343496,19.102610,17.165581,14.669219,13.526831,11.039807,9.612295,8.585883,8.144274,7.772724,7.060011,6.614086,5.477512,16.805830,5.613719,1.581754,0.642921,0.144258,0.144651,0.095087,0.066593,0.061156,0.044309,0.032451,0.054993,0.055298,0.049869,0.050047,0.087617,0.099962,0.049293,0.011324,0.027899,0.077841
28800,28859,28830,871.829,33.191,231.125,37.523,3.210,0.248,0.011,28.498207,25.050632,21.899513,19.380108,17.276701,15.177182,12.372469,11.481192,9.565614,8.899459,8.006395,7.683681,7.159506,6.675140,5.792863,17.040247,5.982815,1.559110,0.645044,0.134011,0.077796,0.072641,0.050432,0.077655,0.027920,0.044506,0.022347,0.049784,0.061208,0.061289,0.061166,0.060594,0.060847,0.049838,0.022014,0.044870
28860,28919,28890,871.820,33.194,234.859,37.093,2.992,0.235,0.011,29.530558,26.044748,22.549065,20.514557,17.880541,15.259880,13.366241,11.413032,9.193052,8.949290,7.873304,7.520567,6.927260,6.696975,5.496758,16.330591,5.852043,1.832800,0.653222,0.183024,0.116899,0.044443,0.027285,0.043887,0.066664,0.060610,0.033387,0.039157,0.039184,0.060616,0.077628,0.060653,0.043959,0.016290,0.010947,0.050240
