CampaignData_and_Merges/R0/CSL_MobileLab_Parked/raw/20240805/USOS-NOAAIodideCIMS-OrgNitrs_MobileLabGround_20240805_RA.ict
37, 1001
Michael A Robinson, Chris Jernigan, Subi Thakali
NOAA ESRL Chemical Sciences Laboratory and CIRES, U. of Colorado
NOAA Iodide CIMS Instrument
USOS
1, 1
2024, 08, 05, 2024, 08, 05
1
starttime_UTC, seconds_past_midnight, seconds_of_day_since_00:00:00_UTC
5
1, 1, 1, 1, 1
-9999, -9999, -9999, -9999, -9999
C4H7NO5_NOAACIMS, pptv, Gas_C4H7NO5_InSitu_S_AVMR, 
ISOPN_NOAACIMS, pptv, Gas_ISOPN_InSitu_S_AVMR, 
C5H10O3_NOAACIMS, pptv, Gas_C5H10O3_InSitu_S_AVMR, 
C5H9NO5_NOAACIMS, pptv, Gas_C5H9NO5_InSitu_S_AVMR, 
C10H17NO4_NOAACIMS, pptv, Gas_C10H17NO4_InSitu_S_AVMR, 
0
18
PI_CONTACT_INFO: 325 Broadway, R/CSD 7, Boulder, Colorado 80305; michael.a.robinson@noaa.gov; chris.jernigan@noaa.gov;
PLATFORM: NOAA CSL Mobile Lab
LOCATION: SLC, Utah
ASSOCIATED_DATA: 1Hz data also available on request.
INSTRUMENT_INFO: NOAA I- ToF CIMS
DATA_INFO: All data in parts per trillion by volume (pptv). 1 Hz data is available upon request.
UNCERTAINTY: TBD
ULOD_FLAG: -7777
ULOD_VALUE: N/A
LLOD_FLAG: -8888
LLOD_VALUE: N/A
DM_CONTACT_INFO: Nathan Howard; nathan.h.howard@noaa.gov
PROJECT_INFO: USOS, summer 2024. https://csl.noaa.gov/groups/csl7/measurements/2024usos/
STIPULATIONS_ON_USE: Users are strongly encouraged to contact the PI for proper data usage.
OTHER_COMMENTS: 
REVISION: RA
RA: Preliminary Data; For in-field use only
starttime_UTC, C4H7NO5_NOAACIMS, ISOPN_NOAACIMS, C5H10O3_NOAACIMS, C5H9NO5_NOAACIMS, C10H17NO4_NOAACIMS
[from data line 340]
 20400,  0.937,  2.277, 16.654,  2.914,  0.421
 20460,  0.985,  2.224, 17.044,  2.854,  0.406
 20520,  0.944,  2.108, 16.063,  2.939,  0.437
 20580,  0.949,  1.966, 15.508,  2.752,  0.399
 20640,  1.019,  2.161, 15.572,  2.923,  0.372
 20700,  0.945,  2.049, 15.475,  2.913,  0.479
 20760,  0.965,  2.142, 16.263,  2.901,  0.437
 20820,  0.980,  1.943, 15.335,  2.829,  0.396
 20880,  0.985,  2.125, 15.650,  2.960,  0.379
 20940,  0.990,  1.884, 15.939,  2.991,  0.443
 21000,  1.002,  2.499, 16.948,  3.103,  0.552
 21060,  1.044,  2.339, 16.188,  3.207,  0.595
 21120,  1.057,  2.480, 17.202,  3.278,  0.593
 21180,  1.063,  2.457, 16.405,  3.104,  0.514
 21240,  1.060,  2.703, 17.816,  3.227,  0.631
 21300,  1.011,  2.588, 17.070,  3.262,  0.546
 21360,  1.000,  2.214, 16.941,  2.994,  0.607
 21420,  1.047,  2.168, 16.446,  3.017,  0.478
 21480,  1.022,  2.258, 15.578,  3.014,  0.574
 21540,  0.989,  1.992, 16.604,  3.005,  0.494
 21600,  1.036,  2.355, 15.150,  2.926,  0.550
 21660, -9999.000, -9999.000, -9999.000, -9999.000, -9999.000
 21720,  0.926,  1.963, 13.325,  2.953,  0.485
 21780,  0.997,  2.364, 14.621,  3.151,  0.545
 21840,  1.071,  2.636, 15.409,  3.144,  0.633
 21900,  1.072,  2.656, 15.366,  3.292,  0.652
 21960,  1.119,  2.995, 16.390,  3.901,  0.770
 22020,  1.067,  2.801, 16.715,  3.567,  0.787
 22080,  1.129,  2.842, 16.374,  3.580,  0.748
 22140,  1.174,  2.779, 16.949,  3.845,  0.819
 22200,  1.009,  2.395, 15.259,  3.115,  0.505
 22260,  1.047,  2.509, 15.832,  3.437,  0.626
 22320,  1.091,  2.510, 15.300,  3.350,  0.641
 22380,  1.009,  2.262, 14.261,  3.090,  0.500
 22440,  1.001,  2.308, 14.209,  3.211,  0.484
 22500,  1.056,  2.438, 14.583,  3.354,  0.638
 22560,  1.041,  2.439, 15.130,  3.224,  0.664
 22620,  1.043,  2.561, 15.172,  3.270,  0.624
 22680,  1.061,  2.472, 15.022,  3.519,  0.623
 22740,  1.027,  2.405, 14.294,  3.173,  0.526
 22800,  1.016,  2.145, 14.038,  3.254,  0.578
 22860,  0.995,  2.240, 15.215,  3.098,  0.516
 22920,  0.956,  1.608, 13.540,  2.845,  0.408
 22980,  0.980,  1.893, 14.114,  3.032,  0.395
 23040,  0.967,  2.236, 13.832,  3.108,  0.427
 23100,  0.957,  2.012, 13.750,  2.892,  0.326
 23160,  0.968,  1.912, 13.806,  2.811,  0.443
 23220,  0.987,  2.288, 13.336,  2.910,  0.374
 23280,  1.030,  2.052, 13.285,  2.763,  0.327
 23340,  0.979,  2.015, 13.726,  2.963,  0.399
 23400,  1.022,  2.265, 14.190,  3.092,  0.380
 23460,  0.998,  1.924, 14.578,  2.884,  0.334
 23520, -9999.000, -9999.000, -9999.000, -9999.000, -9999.000
 23580,  0.992,  2.209, 13.681,  3.031,  0.427
 23640,  0.994,  2.324, 14.769,  2.980,  0.403
 23700,  1.061,  2.441, 15.186,  3.453,  0.587
 23760,  1.088,  2.895, 16.871,  3.783,  0.687
 23820,  1.157,  2.719, 16.554,  3.633,  0.658
 23880,  1.137,  2.723, 17.013,  3.522,  0.608
 23940,  1.222,  3.235, 17.695,  4.012,  0.868
 24000,  1.129,  2.844, 17.813,  3.756,  0.675
 24060,  1.129,  3.062, 17.886,  3.767,  0.640
 24120,  1.171,  2.968, 18.356,  3.887,  0.829
 24180,  1.160,  2.970, 18.393,  3.926,  0.667
 24240,  1.164,  3.027, 17.998,  3.802,  0.741
 24300,  1.176,  3.118, 18.986,  4.174,  0.823
 24360,  1.194,  3.229, 19.377,  4.120,  1.001
 24420,  1.196,  3.232, 18.754,  3.968,  0.891
 24480,  1.129,  3.314, 19.207,  4.129,  0.896
 24540,  1.232,  3.496, 19.222,  4.612,  1.086
 24600,  1.281,  3.551, 19.596,  5.047,  1.204
 24660,  1.215,  3.223, 20.511,  4.464,  1.152
 24720,  1.117,  3.170, 18.536,  4.037,  0.916
 24780,  1.094,  3.192, 18.892,  3.554,  0.711
 24840,  1.092,  2.799, 17.971,  3.393,  0.656
 24900,  1.073,  2.759, 17.448,  3.239,  0.468
 24960,  1.076,  2.872, 17.185,  3.184,  0.616
 25020,  1.053,  2.552, 17.094,  3.119,  0.506
 25080,  1.046,  2.676, 16.746,  3.095,  0.477
 25140,  1.038,  2.612, 17.402,  3.258,  0.533
 25200,  1.130,  2.817, 17.223,  3.123,  0.464
 25260,  1.041,  2.947, 18.074,  3.291,  0.528
 25320,  1.117,  2.350, 18.419,  3.017,  0.469
 25380, -9999.000, -9999.000, -9999.000, -9999.000, -9999.000
 25440,  1.096,  3.064, 16.919,  3.512,  0.486
 25500,  1.182,  3.418, 18.281,  3.535,  0.526
 25560,  1.177,  3.184, 18.493,  3.596,  0.548
 25620,  1.132,  3.021, 18.101,  3.630,  0.541
 25680,  1.149,  3.071, 18.824,  3.646,  0.426
 25740,  1.114,  3.070, 18.019,  3.345,  0.406
 25800,  1.132,  3.052, 17.828,  3.242,  0.476
 25860,  1.141,  3.338, 19.321,  3.449,  0.472
 25920,  1.105,  3.036, 18.283,  3.237,  0.419
 25980,  1.150,  2.895, 17.338,  3.214,  0.380
 26040,  1.139,  2.840, 17.958,  3.224,  0.382
 26100,  1.142,  3.022, 17.586,  3.343,  0.429
 26160,  1.175,  2.903, 18.313,  3.591,  0.414
 26220,  1.107,  2.803, 17.516,  3.311,  0.429
 26280,  1.065,  2.647, 17.462,  3.132,  0.370
 26340,  1.076,  2.447, 16.327,  3.090,  0.389
 26400,  1.077,  2.420, 16.012,  2.990,  0.357
 26460,  1.041,  2.294, 16.056,  2.969,  0.375
 26520,  1.048,  2.114, 15.015,  3.120,  0.378
 26580,  1.015,  2.270, 13.968,  3.014,  0.466
 26640,  1.039,  2.049, 13.785,  3.049,  0.697
 26700,  1.022,  2.099, 14.258,  2.990,  0.488
 26760,  1.063,  1.995, 14.317,  3.148,  0.625
 26820,  1.069,  2.493, 14.842,  2.913,  0.424
 26880,  1.021,  2.231, 15.282,  3.020,  0.510
 26940,  1.037,  2.334, 14.327,  2.957,  0.601
 27000,  1.041,  2.611, 14.576,  3.044,  0.485
 27060,  1.048,  2.431, 15.145,  3.036,  0.483
 27120,  1.082,  2.359, 14.909,  3.095,  0.543
 27180,  1.006,  2.146, 14.043,  2.942,  0.552
 27240,  0.969,  1.727, 12.295,  2.724,  0.492
 27300,  1.186,  2.917, 14.304,  3.404,  0.578
 27360,  1.204,  2.888, 15.792,  3.450,  0.410
 27420,  1.255,  3.425, 17.075,  3.508,  0.536
 27480,  1.065,  2.513, 13.998,  3.060,  0.465
 27540,  1.043,  2.535, 12.719,  2.940,  0.602
 27600,  1.088,  2.817, 12.868,  3.218,  0.620
 27660,  1.380,  4.468, 16.319,  3.892,  0.610
 27720,  1.682,  5.320, 21.122,  4.492,  0.708
 27780,  1.870,  6.080, 25.459,  5.049,  0.707
 27840,  2.006,  6.511, 28.260,  5.326,  0.732
 27900,  1.603,  4.824, 25.992,  4.414,  0.732
 27960,  1.943,  6.814, 29.372,  5.237,  0.610
 28020,  2.128,  6.879, 32.682,  5.267,  0.711
 28080,  2.281,  7.652, 36.041,  5.542,  0.786
 28140,  2.210,  7.641, 36.807,  5.443,  0.769
 28200,  2.177,  7.529, 35.246,  5.369,  0.716
 28260,  2.328,  8.172, 38.558,  5.776,  0.690
 28320,  2.375,  8.100, 40.074,  5.871,  0.746
 28380,  2.361,  7.984, 40.201,  5.908,  0.627
 28440,  2.479,  8.667, 42.227,  6.022,  0.892
 28500,  2.455,  8.956, 43.758,  6.182,  0.884
 28560,  2.492,  8.886, 43.839,  6.263,  0.861
 28620,  2.552,  9.065, 44.330,  6.221,  0.846
 28680,  2.486,  8.926, 45.174,  6.501,  0.792
 28740,  2.606,  9.413, 44.851,  6.456,  0.927
 28800,  2.598,  9.413, 46.311,  6.648,  1.003
 28860,  2.634,  9.884, 47.231,  7.006,  0.928
 28920,  2.655,  9.284, 48.117,  6.964,  0.879
 28980,  2.627,  9.631, 47.804,  6.977,  0.997
 29040, -9999.000, -9999.000, -9999.000, -9999.000, -9999.000
 29100,  2.602,  9.331, 40.304,  6.629,  0.925
 29160,  2.710,  9.479, 42.784,  7.346,  0.833
 29220,  2.688,  9.566, 43.715,  6.941,  0.938
 29280,  2.629,  9.335, 44.528,  7.316,  0.952
 29340,  2.568,  9.206, 44.431,  7.629,  1.050
 29400,  2.433,  8.165, 40.486,  7.679,  1.095
 29460,  2.412,  8.014, 37.853,  7.284,  1.047
 29520,  2.428,  8.090, 39.915,  7.705,  1.160
 29580,  2.395,  8.046, 36.929,  7.573,  1.295
 29640,  2.473,  7.856, 36.986,  7.990,  1.162
 29700,  2.538,  8.343, 38.030,  7.759,  1.308
 29760,  2.606,  8.960, 40.022,  8.098,  1.263
 29820,  2.664,  8.973, 40.963,  7.988,  1.252
 29880,  2.590,  8.565, 39.342,  7.829,  1.235
 29940,  2.557,  9.028, 39.586,  7.690,  1.348
 30000,  2.609,  8.706, 38.913,  7.525,  1.199
 30060,  2.792,  9.668, 42.519,  7.638,  1.062
 30120,  2.873, 10.232, 43.512,  7.485,  1.132
 30180,  2.850, 10.441, 47.251,  7.648,  1.051
 30240,  3.105, 10.168, 47.178,  8.056,  1.064
 30300,  3.009, 10.324, 48.257,  7.811,  1.136
 30360,  3.036, 10.393, 48.794,  7.767,  1.108
 30420,  3.022, 11.008, 49.165,  7.708,  1.130
 30480,  3.111, 10.270, 49.400,  7.611,  1.059
 30540,  3.251, 11.105, 51.734,  8.200,  1.149
 30600,  3.139, 10.582, 51.181,  7.969,  1.070
 30660,  3.221, 11.179, 52.794,  7.945,  1.074
 30720,  3.342, 11.284, 55.023,  8.405,  1.293
 30780,  3.144, 10.674, 52.905,  7.827,  1.087
 30840,  3.146, 10.741, 51.156,  7.655,  1.053
 30900, -9999.000, -9999.000, -9999.000, -9999.000, -9999.000
 30960,  3.131, 10.613, 50.325,  7.648,  1.096
 31020,  3.183, 10.900, 50.156,  8.449,  1.171
 31080,  3.064,  9.973, 49.278,  7.849,  1.007
 31140,  3.023,  9.936, 49.808,  7.841,  1.030
 31200,  2.917,  9.151, 48.645,  7.785,  0.977
 31260,  3.074,  9.799, 49.901,  8.202,  1.131
 31320,  3.083,  9.975, 51.272,  8.368,  1.235
 31380,  3.125, 10.240, 52.761,  8.006,  1.291
 31440,  3.019,  9.948, 51.615,  7.798,  1.064
 31500,  2.986,  9.864, 50.531,  7.570,  1.097
 31560,  2.963, 10.076, 50.258,  7.558,  1.106
 31620,  2.917,  9.179, 48.480,  7.254,  1.007
 31680,  2.940,  8.975, 48.886,  7.221,  0.954
 31740,  2.670,  8.228, 45.934,  6.650,  1.143
 31800,  2.499,  7.159, 42.818,  6.288,  1.104
 31860,  2.463,  7.147, 40.961,  5.884,  1.100
 31920,  2.360,  7.107, 39.445,  6.092,  1.215
 31980,  2.129,  6.007, 36.412,  5.508,  1.337
 32040,  2.022,  5.650, 36.114,  5.362,  1.536
 32100,  2.038,  5.594, 33.824,  5.361,  1.476
 32160,  1.963,  5.183, 32.012,  5.055,  1.494
 32220,  1.883,  5.192, 31.591,  5.162,  1.618
 32280,  1.862,  5.340, 31.604,  4.824,  1.552
 32340,  1.763,  4.636, 29.546,  4.901,  1.651
 32400,  1.813,  4.645, 29.448,  4.899,  1.645
 32460,  1.855,  4.459, 27.136,  5.686,  1.481
 32520,  2.041,  4.058, 25.307,  6.266,  1.451
 32580,  1.976,  4.186, 22.696,  6.092,  1.507
 32640,  2.010,  4.676, 22.625,  6.408,  1.688
 32700,  2.025,  4.612, 24.852,  6.033,  1.467
 32760, -9999.000, -9999.000, -9999.000, -9999.000, -9999.000
 32820,  1.841,  5.138, 24.869,  5.223,  1.498
 32880,  1.912,  4.783, 26.120,  5.171,  1.589
 32940,  1.907,  4.858, 27.498,  5.420,  1.490
 33000,  1.826,  4.864, 26.765,  5.434,  1.502
 33060,  2.033,  4.537, 25.264,  5.823,  1.617
 33120,  2.011,  4.330, 24.156,  6.284,  1.564
 33180,  2.360,  4.304, 21.893,  7.423,  1.554
 33240,  2.096,  4.216, 21.594,  6.746,  1.626
 33300,  1.930,  4.671, 24.626,  5.876,  1.743
 33360,  1.850,  4.253, 24.210,  5.371,  1.878
 33420,  1.898,  4.240, 24.259,  5.256,  1.726
 33480,  1.851,  4.679, 23.706,  5.454,  1.609
 33540,  1.888,  5.003, 24.391,  5.335,  1.714
 33600,  1.920,  4.815, 24.406,  5.388,  1.758
 33660,  1.902,  4.537, 24.768,  5.474,  1.817
 33720,  1.951,  4.696, 23.510,  5.511,  1.785
 33780,  2.038,  4.385, 22.973,  6.261,  1.733
 33840,  2.620,  4.386, 20.584,  8.843,  1.675
 33900,  2.640,  4.672, 19.266,  9.356,  1.828
 33960,  2.369,  4.413, 18.920,  7.929,  1.699
 34020,  2.359,  4.129, 19.344,  7.831,  1.672
 34080,  2.587,  4.295, 18.099,  8.760,  1.763
 34140,  2.680,  4.400, 17.909,  8.655,  1.723
 34200,  2.470,  4.366, 18.036,  8.046,  1.715
 34260,  2.402,  4.336, 18.053,  7.538,  1.777
 34320,  2.538,  4.741, 18.317,  8.160,  1.757
 34380,  2.542,  4.340, 18.140,  8.288,  1.723
 34440,  2.590,  4.880, 19.928,  8.078,  1.715
 34500,  2.744,  6.049, 27.123,  8.184,  1.675
 34560,  2.747,  6.400, 28.983,  7.781,  1.764
 34620,  3.142,  9.057, 41.172,  7.219,  1.322
 34680,  3.174,  8.943, 44.541,  7.388,  1.211
 34740,  3.236,  9.535, 49.110,  7.252,  1.152
 34800,  3.390,  9.720, 54.074,  7.410,  1.103
 34860,  3.305,  9.562, 57.098,  7.458,  1.124
 34920,  3.266,  9.209, 56.540,  7.019,  1.022
 34980,  3.306,  9.603, 58.344,  7.205,  1.086
 35040,  3.369,  9.474, 60.740,  7.465,  0.999
 35100,  3.269,  9.088, 59.660,  7.288,  1.116
 35160,  3.353,  9.189, 59.079,  7.390,  0.953
 35220,  3.350,  9.476, 62.283,  7.408,  0.985
 35280,  3.425, 10.131, 63.562,  7.328,  0.992
 35340,  3.414,  9.382, 64.583,  7.260,  0.894
 35400,  3.392, 10.018, 65.165,  7.470,  0.858
 35460,  3.513, 10.247, 68.253,  7.446,  0.945
 35520,  3.484,  9.825, 68.429,  7.315,  0.952
 35580,  3.430, 10.228, 68.305,  7.403,  0.939
 35640,  3.510,  9.974, 68.878,  7.253,  0.879
 35700,  3.425,  9.686, 68.565,  7.429,  0.838
 35760,  3.452,  9.415, 68.984,  7.291,  0.887
 35820,  2.972,  8.902, 61.353,  7.758,  1.089
 35880,  2.879,  8.153, 54.752,  7.680,  1.381
 35940,  2.755,  7.848, 48.408,  7.670,  1.326
 36000,  2.767,  7.761, 46.221,  7.626,  1.440
 36060,  2.836,  8.196, 45.863,  8.128,  1.574
 36120,  2.734,  7.826, 43.867,  7.605,  1.507
 36180,  2.788,  8.281, 42.839,  8.000,  1.538
 36240,  2.817,  7.629, 40.324,  8.186,  1.755
 36300,  2.716,  7.811, 38.717,  8.066,  1.741
 36360,  2.721,  8.068, 37.942,  7.903,  1.789
 36420,  2.854,  6.845, 36.852,  8.044,  2.184
 36480,  2.651,  7.784, 32.052,  6.777,  1.775
 36540,  2.604,  7.356, 32.379,  7.114,  1.897
 36600,  2.679,  7.423, 34.579,  7.348,  1.949
 36660,  2.581,  7.369, 34.779,  7.225,  1.868
 36720,  2.683,  7.207, 34.361,  7.453,  1.878
 36780,  2.657,  7.439, 33.933,  7.200,  1.687
 36840,  2.825,  7.634, 34.199,  7.828,  1.722
 36900,  2.905,  8.375, 37.127,  8.131,  1.853
 36960,  3.007,  8.204, 38.195,  8.809,  1.632
 37020,  2.799,  7.689, 37.274,  7.767,  1.682
 37080,  2.686,  7.015, 36.103,  7.269,  1.792
 37140,  2.793,  7.706, 35.383,  7.750,  1.789
 37200,  2.848,  7.759, 35.699,  8.149,  1.671
 37260,  2.844,  7.645, 34.961,  7.638,  1.715
 37320,  2.652,  7.326, 35.287,  7.528,  1.704
 37380,  2.771,  7.276, 35.134,  7.567,  1.594
 37440,  2.712,  7.258, 34.799,  7.625,  1.667
 37500,  2.882,  7.334, 35.027,  7.847,  1.609
 37560,  2.817,  7.600, 35.835,  7.950,  1.716
 37620,  2.816,  7.345, 35.496,  7.470,  1.717
 37680,  2.693,  7.467, 34.343,  6.932,  1.822
 37740,  2.602,  6.578, 32.812,  6.861,  1.872
 37800,  2.644,  6.593, 33.313,  6.584,  1.853
 37860,  2.670,  6.288, 32.153,  6.595,  1.866
 37920,  2.623,  6.774, 31.846,  6.602,  1.892
 37980,  2.632,  6.886, 32.097,  7.102,  1.996
 38040,  2.660,  7.291, 33.056,  6.944,  2.089
 38100,  2.638,  7.224, 31.456,  6.840,  1.991
 38160,  2.713,  6.838, 31.679,  7.049,  1.968
 38220,  2.734,  7.056, 33.802,  7.421,  2.080
 38280,  2.501,  6.898, 33.630,  6.917,  2.427
 38340,  2.510,  6.697, 30.019,  6.796,  2.091
 38400,  2.656,  7.211, 30.012,  7.297,  2.160
 38460,  2.729,  6.914, 31.427,  7.192,  1.986
 38520,  2.872,  7.149, 33.230,  7.039,  1.913
 38580,  2.848,  7.415, 35.149,  7.198,  1.832
 38640,  2.827,  7.602, 35.272,  7.353,  1.843
 38700,  2.912,  7.601, 37.733,  7.382,  1.848
 38760,  3.059,  8.046, 40.316,  7.269,  1.585
 38820,  3.091,  7.860, 42.599,  7.241,  1.588
 38880,  3.058,  7.876, 44.094,  6.712,  1.422
 38940,  3.082,  7.906, 45.582,  6.834,  1.266
 39000,  3.111,  8.353, 46.632,  7.086,  1.472
 39060,  3.112,  8.058, 48.172,  6.729,  1.405
 39120,  3.142,  7.707, 48.357,  6.583,  1.362
 39180,  2.977,  7.719, 47.582,  6.772,  1.299
 39240,  2.931,  7.619, 45.920,  6.923,  1.410
 39300,  2.971,  7.579, 45.085,  6.982,  1.458
 39360,  3.011,  8.057, 46.044,  7.076,  1.516
 39420,  2.940,  7.437, 43.742,  6.939,  1.670
 39480,  2.943,  7.611, 43.078,  7.098,  1.491
 39540,  2.922,  7.550, 41.296,  6.938,  1.612
 39600,  2.865,  7.483, 39.604,  7.032,  1.817
 39660,  2.773,  7.149, 37.919,  6.772,  1.766
 39720,  3.075,  7.553, 43.098,  7.072,  1.371
 39780,  2.980,  7.527, 42.863,  7.247,  1.504
 39840,  2.959,  7.663, 42.464,  7.295,  1.545
 39900,  3.018,  7.571, 44.194,  7.313,  1.401
 39960,  2.937,  7.583, 42.001,  7.350,  1.503
 40020,  2.989,  7.318, 43.912,  7.309,  1.327
 40080,  3.001,  7.194, 43.698,  7.264,  1.451
 40140, -9999.000, -9999.000, -9999.000, -9999.000, -9999.000
 40200,  3.077,  6.897, 40.412,  6.315,  1.117
 40260,  3.050,  7.733, 44.588,  6.755,  1.082
 40320,  3.014,  7.443, 46.196,  6.331,  1.018
 40380,  2.998,  6.959, 47.094,  6.258,  1.113
 40440,  3.011,  7.373, 48.075,  6.222,  0.961
 40500,  2.973,  7.175, 49.267,  6.211,  1.095
 40560,  2.893,  7.327, 50.737,  6.080,  1.116
