CampaignData_and_Merges/R0/CSL_MobileLab_Parked/raw/20240805/USOS-NOAAIodideCIMS-PANs_MobileLabGround_20240805_RA.ict
35, 1001
Michael A Robinson, Chris Jernigan, Subi Thakali
NOAA ESRL Chemical Sciences Laboratory and CIRES, U. of Colorado
NOAA Iodide CIMS Instrument
USOS
1, 1
2024, 08, 05, 2024, 08, 05
1
starttime_UTC, seconds_past_midnight, seconds_of_day_since_00:00:00_UTC
3
1, 1, 1
-9999, -9999, -9999
PAN_NOAACIMS, pptv, Gas_PAN_InSitu_S_AVMR, 
APAN_NOAACIMS, pptv, Gas_APAN_InSitu_S_AVMR, 
PPN_NOAACIMS, pptv, Gas_PPN_InSitu_S_AVMR, 
0
18
PI_CONTACT_INFO: 325 Broadway, R/CSD 7, Boulder, Colorado 80305; michael.a.robinson@noaa.gov; chris.jernigan@noaa.gov;
PLATFORM: NOAA CSL Mobile Lab
LOCATION: SLC, Utah
ASSOCIATED_DATA: 1Hz data also available on request.
INSTRUMENT_INFO: NOAA I- ToF CIMS
DATA_INFO: All data in parts per trillion by volume (pptv). 1 Hz data is available upon request.
UNCERTAINTY: TBD
ULOD_FLAG: -7777
ULOD_VALUE: N/A
LLOD_FLAG: -8888
LLOD_VALUE: N/A
DM_CONTACT_INFO: Nathan Howard; nathan.h.howard@noaa.gov
PROJECT_INFO: USOS, summer 2024. https://csl.noaa.gov/groups/csl7/measurements/2024usos/
STIPULATIONS_ON_USE: Users are strongly encouraged to contact the PI for proper data usage.
OTHER_COMMENTS: 
REVISION: RA
RA: Preliminary Data; For in-field use only
starttime_UTC, PAN_NOAACIMS, APAN_NOAACIMS, PPN_NOAACIMS
[from data line 817]
 49020, 321.181,  4.515, 39.382
 49080, 327.969,  6.452, 37.678
 49140, 310.685,  3.843, 37.320
 49200, 318.103,  5.329, 34.294
 49260, 318.753,  5.116, 38.573
 49320, 306.953,  5.432, 35.594
 49380, -9999.000, -9999.000, -9999.000
 49440, 301.687,  5.403, 35.436
 49500, 316.760,  5.514, 38.873
 49560, 331.133,  5.369, 40.954
 49620, 344.421,  5.335, 45.312
 49680, 350.874,  6.196, 43.229
 49740, 368.540,  5.977, 45.876
 49800, 384.294,  4.630, 50.332
 49860, 373.235,  6.794, 46.616
 49920, 369.532,  7.854, 51.073
 49980, 382.609,  4.562, 49.594
 50040, 403.190,  7.094, 54.122
 50100, 397.280,  6.275, 50.138
 50160, 385.138,  6.660, 51.764
 50220, 389.809,  5.585, 51.198
 50280, 403.383,  7.075, 50.952
 50340, 405.211,  5.401, 53.602
 50400, 405.417,  6.029, 51.844
 50460, 396.255,  4.549, 49.725
 50520, 383.401,  6.208, 52.975
 50580, 394.274,  4.848, 53.245
 50640, 399.241,  6.425, 52.124
 50700, 378.607,  5.204, 45.821
 50760, 397.748,  4.903, 53.265
 50820, 398.727,  5.712, 51.872
 50880, 386.084,  4.255, 51.831
 50940, 387.065,  6.033, 45.947
 51000, 386.454,  4.948, 52.049
 51060, 376.517,  4.456, 51.532
 51120, 380.047,  5.649, 49.006
 51180, 365.367,  3.042, 45.868
 51240, -9999.000, -9999.000, -9999.000
 51300, 386.283,  4.387, 49.670
 51360, 401.395,  5.657, 52.852
 51420, 376.825,  4.843, 40.914
 51480, 356.417,  5.335, 43.463
 51540, 347.084,  4.190, 44.364
 51600, 376.398,  5.302, 50.302
 51660, 373.641,  5.397, 46.612
 51720, 385.714,  5.826, 48.841
 51780, 361.198,  4.377, 45.016
 51840, 346.529,  7.132, 40.904
 51900, 341.152,  7.721, 41.218
 51960, 337.382,  5.190, 37.434
 52020, 330.008,  4.597, 35.395
 52080, 328.529,  4.829, 34.763
 52140, 319.493,  3.378, 36.576
 52200, 335.621,  3.698, 38.302
 52260, 324.602,  5.709, 38.627
 52320, 326.977,  4.345, 34.761
 52380, 325.851,  3.835, 35.343
 52440, 330.614,  4.851, 34.335
 52500, 317.961,  3.704, 35.296
 52560, 329.300,  6.500, 33.884
 52620, 331.946,  4.661, 34.463
 52680, 324.853,  4.287, 39.529
 52740, 321.980,  3.220, 37.044
 52800, 317.831,  3.645, 35.774
 52860, 325.199,  3.951, 37.356
 52920, 327.346,  5.096, 30.154
 52980, 318.795,  4.202, 35.565
 53040, 313.749,  3.692, 35.471
 53100, 321.905,  3.938, 34.405
 53160, 318.473,  3.530, 35.164
 53220, 312.344,  4.184, 36.457
 53280, 315.870,  4.631, 36.094
 53340, 323.949,  3.699, 37.587
 53400, 312.829,  3.640, 36.706
 53460, 286.169,  3.661, 29.781
 53520, 294.098,  4.777, 33.121
 53580, 315.171,  3.311, 36.348
 53640, 317.558,  4.660, 33.153
 53700, 317.795,  3.388, 33.629
 53760, 321.342,  4.927, 34.984
 53820, 317.290,  4.026, 34.514
 53880, 320.178,  4.277, 36.348
 53940, 319.367,  1.579, 35.304
 54000, 326.932,  4.904, 35.157
 54060, 315.734,  4.461, 35.724
 54120, 325.999,  5.088, 34.846
 54180, 315.737,  4.632, 36.212
 54240, 326.348,  3.141, 35.913
 54300, 315.661,  4.946, 36.231
 54360, 319.189,  3.571, 35.126
 54420, 323.277,  4.483, 34.070
 54480, 323.886,  5.847, 34.106
 54540, 319.657,  4.904, 33.759
 54600, 319.572,  5.274, 33.968
 54660, 322.484,  4.396, 30.678
 54720, 321.866,  4.422, 29.845
 54780, 326.288,  3.219, 33.188
 54840, 333.634,  5.050, 34.275
 54900, -9999.000, -9999.000, -9999.000
 54960, 340.799,  3.529, 33.807
 55020, 329.835,  4.084, 34.761
 55080, 354.012,  4.163, 33.117
 55140, 345.738,  6.095, 34.411
 55200, 349.509,  5.306, 37.978
 55260, 355.137,  5.635, 34.907
 55320, 360.258,  5.318, 41.097
 55380, 349.776,  4.673, 39.781
 55440, 365.199,  5.763, 39.335
 55500, 359.039,  4.576, 41.150
 55560, 368.765,  4.496, 40.495
 55620, 375.692,  3.763, 40.464
 55680, 360.342,  5.054, 40.518
 55740, 370.381,  5.584, 42.366
 55800, 374.111,  5.176, 41.487
 55860, 369.618,  4.908, 41.585
 55920, 371.197,  4.812, 42.606
 55980, 371.080,  4.468, 42.110
 56040, 374.336,  5.397, 42.639
 56100, 381.707,  3.780, 44.725
 56160, 370.092,  4.811, 42.816
 56220, 379.707,  5.644, 43.796
 56280, 383.096,  6.414, 46.199
 56340, 372.100,  5.301, 48.758
 56400, 365.055,  5.822, 46.135
 56460, 372.351,  5.612, 47.310
 56520, 361.625,  6.230, 47.285
 56580, 377.277,  4.048, 46.408
 56640, 381.061,  6.319, 45.140
 56700, 391.883,  6.616, 46.442
 56760, -9999.000, -9999.000, -9999.000
 56820, 377.563,  5.743, 45.921
 56880, 369.275,  4.411, 43.857
 56940, 377.890,  4.282, 45.068
 57000, 380.028,  4.224, 47.879
 57060, 384.784,  6.370, 50.309
 57120, 392.721,  3.829, 47.923
 57180, 387.373,  4.395, 49.159
 57240, 389.129,  3.395, 50.816
 57300, 384.844,  4.865, 44.708
 57360, 386.042,  3.550, 43.510
 57420, 397.197,  4.506, 47.492
 57480, 398.967,  5.270, 47.040
 57540, 406.134,  3.963, 52.565
 57600, 399.044,  4.690, 51.837
 57660, 383.712,  4.407, 50.531
 57720, 389.948,  4.263, 50.168
 57780, 390.076,  5.992, 45.949
 57840, 388.383,  4.576, 44.535
 57900, 398.556,  5.315, 51.976
 57960, 387.811,  5.671, 47.391
 58020, 403.316,  4.437, 51.157
 58080, 405.778,  3.604, 53.524
 58140, 414.670,  4.961, 57.768
 58200, 426.640,  4.551, 52.651
 58260, 429.722,  4.817, 51.714
 58320, 462.840,  5.147, 53.171
 58380, 476.902,  6.494, 57.983
 58440, 493.022,  6.866, 60.853
 58500, 494.139,  6.137, 62.389
 58560, 494.328,  4.298, 60.329
 58620, -9999.000, -9999.000, -9999.000
 58680, 481.685,  3.825, 61.207
 58740, 486.102,  6.097, 59.898
 58800, 497.276,  5.689, 62.250
 58860, 498.375,  5.604, 62.457
 58920, 487.680,  6.994, 61.343
 58980, 501.141,  5.124, 58.671
 59040, 488.938,  6.672, 62.476
 59100, 500.494,  6.877, 55.237
 59160, 511.906,  6.493, 59.761
 59220, 508.899,  6.894, 60.640
 59280, 502.405,  7.254, 61.409
 59340, 495.224,  6.154, 63.758
 59400, 507.449,  6.125, 58.018
 59460, 518.057,  6.417, 60.645
 59520, 496.895,  4.895, 59.390
 59580, 472.898,  4.534, 54.428
 59640, 486.421,  6.607, 53.440
 59700, 480.606,  5.073, 50.305
 59760, 491.845,  5.939, 54.509
 59820, 503.400,  6.103, 54.431
 59880, 480.740,  4.972, 52.417
 59940, 468.915,  6.667, 50.185
 60000, 454.255,  6.031, 48.343
 60060, 480.638,  5.982, 48.738
 60120, 486.370,  4.941, 49.819
 60180, 520.773,  7.291, 52.597
 60240, 539.762,  5.782, 56.389
 60300, 554.453,  7.194, 56.623
 60360, 533.470,  4.943, 52.410
 60420, 561.520,  7.398, 53.949
 60480, 545.513,  7.773, 56.388
 60540, 538.951,  5.230, 57.438
 60600, 533.312,  5.807, 53.231
 60660, 560.584,  5.202, 59.430
 60720, 540.348,  6.336, 53.679
 60780, 544.781,  5.360, 56.123
 60840, 497.903,  6.192, 54.268
 60900, 474.601,  4.109, 51.882
 60960, 449.925,  5.375, 45.101
 61020, 412.429,  5.654, 42.001
 61080, 412.325,  3.405, 42.012
 61140, 462.249,  5.167, 54.832
 61200, 518.878,  3.927, 56.673
 61260, 487.924,  4.528, 53.189
 61320, 533.448,  4.597, 61.406
 61380, 509.003,  3.839, 56.014
 61440, 550.126,  4.917, 66.824
 61500, 581.793,  5.775, 72.263
 61560, 578.823,  4.700, 70.598
 61620, 594.607,  4.236, 68.747
 61680, 580.308,  5.847, 69.473
 61740, 603.020,  6.691, 74.022
 61800, 593.685,  3.363, 73.638
 61860, 595.682,  4.715, 72.673
 61920, 589.999,  4.099, 72.966
 61980, 602.976,  4.273, 75.364
 62040, 621.045,  4.830, 71.839
 62100, 636.522,  7.880, 78.677
 62160, 638.105,  7.408, 80.224
 62220, 613.430,  6.107, 78.081
 62280, 579.249,  6.925, 63.400
 62340, 613.873,  5.033, 84.875
 62400, 611.141,  5.902, 71.449
 62460, 620.127,  5.515, 70.790
 62520, 621.549,  5.914, 80.261
 62580, 608.047,  5.034, 72.768
 62640, 558.761,  5.453, 67.677
 62700, 543.607,  3.889, 62.720
 62760, 539.975,  5.146, 62.940
 62820, 519.320,  4.216, 60.730
 62880, 549.070,  5.634, 71.111
 62940, 511.525,  4.502, 61.043
 63000, 430.722,  4.227, 52.916
 63060, 462.302,  2.796, 55.164
 63120, 448.145,  3.176, 54.166
 63180, 431.681,  2.747, 55.179
 63240, 411.983,  3.018, 50.368
 63300, 303.192,  3.677, 39.651
 63360, 216.235,  2.066, 26.261
 63420, 216.718,  1.990, 25.509
 63480, 209.615,  2.322, 22.323
 63540, 210.540,  2.070, 25.373
 63600, 223.135,  2.081, 27.754
 63660, 232.092,  2.201, 26.986
 63720, 230.274,  2.092, 24.922
 63780, 225.247,  2.109, 28.204
 63840, 264.256,  3.571, 26.516
 63900, 337.043,  2.334, 38.523
 63960, 415.947,  4.421, 52.763
 64020, 423.011,  2.699, 47.514
 64080, 461.997,  5.042, 58.999
 64140, 491.700,  5.550, 68.361
 64200, 456.724,  4.137, 64.156
 64260, 425.744,  3.093, 50.293
 64320, 418.020,  4.220, 53.705
 64380, 438.841,  3.569, 55.092
 64440, 433.008,  3.088, 50.655
 64500, 449.503,  3.692, 57.305
 64560, 425.127,  3.951, 55.908
 64620, 443.996,  4.511, 52.731
 64680, 422.979,  4.121, 53.039
 64740, 448.570,  4.279, 56.992
 64800, 433.786,  2.361, 56.464
 64860, 394.604,  1.497, 45.527
 64920, 447.931,  3.641, 50.601
 64980, 444.243,  4.392, 54.642
 65040, 434.041,  4.790, 54.866
 65100, 432.227,  4.480, 53.043
 65160, 459.585,  3.003, 56.418
 65220, 452.803,  4.154, 52.827
 65280, 492.319,  3.214, 63.050
 65340, 492.566,  2.385, 58.443
 65400, 481.615,  3.899, 56.134
 65460, 497.688,  4.395, 60.178
 65520, 496.875,  3.119, 61.883
 65580, 483.941,  5.981, 63.816
 65640, 480.138,  5.203, 60.198
 65700, 474.616,  2.346, 52.287
 65760, 470.922,  2.633, 61.750
 65820, 508.204,  3.053, 62.997
 65880, 522.758,  3.690, 64.090
 65940, 519.641,  4.627, 66.782
 66000, -9999.000, -9999.000, -9999.000
 66060, 615.658,  4.995, 79.290
 66120, 598.088,  3.911, 77.196
 66180, 606.929,  3.688, 78.285
 66240, 620.464,  3.812, 76.648
 66300, 636.008,  4.177, 83.115
 66360, 643.003,  3.666, 84.706
 66420, 672.115,  3.842, 83.120
 66480, 659.817,  3.524, 85.413
 66540, 609.960,  3.334, 76.699
 66600, 652.474,  4.394, 82.126
 66660, 661.065,  3.583, 81.794
 66720, 658.707,  4.398, 87.453
 66780, 682.408,  5.089, 87.600
 66840, 687.725,  4.493, 90.616
 66900, 740.060,  4.931, 96.677
 66960, 737.394,  4.901, 96.385
 67020, 725.781,  5.574, 87.843
 67080, 756.811,  6.597, 97.422
 67140, 762.099,  5.163, 103.475
 67200, 735.272,  5.664, 90.647
 67260, 759.046,  4.576, 96.520
 67320, 744.293,  3.855, 96.203
 67380, 784.827,  3.920, 100.164
 67440, 726.086,  5.098, 92.163
 67500, 739.224,  4.349, 93.904
 67560, 726.869,  5.362, 92.600
 67620, 746.314,  4.223, 97.299
 67680, 782.526,  3.282, 99.362
 67740, 760.875,  4.105, 97.349
 67800, 765.000,  5.962, 100.016
 67860, -9999.000, -9999.000, -9999.000
 67920, 789.153,  5.873, 101.797
 67980, 768.177,  4.818, 99.404
 68040, 743.201,  5.136, 95.865
 68100, 707.524,  4.109, 94.328
 68160, 666.501,  3.753, 84.680
 68220, 670.392,  5.302, 87.188
 68280, 658.198,  4.618, 85.854
 68340, 608.373,  4.169, 81.163
 68400, 597.642,  4.204, 78.642
 68460, 597.363,  4.820, 79.320
 68520, 519.587,  2.383, 72.941
 68580, 363.246,  4.163, 46.434
 68640, 332.013,  3.659, 40.653
 68700, 267.698,  3.121, 30.482
 68760, 214.862,  3.049, 22.401
 68820, 210.615,  3.027, 27.874
 68880, 244.748,  2.961, 26.522
 68940, 239.894,  2.200, 27.060
 69000, 281.164,  3.870, 33.397
 69060, 286.306,  4.041, 35.993
 69120, 262.700,  3.228, 26.739
 69180, 299.452,  4.129, 33.530
 69240, 298.946,  3.334, 30.395
 69300, 322.510,  4.131, 32.870
 69360, 384.253,  3.238, 44.275
 69420, 397.537,  2.351, 49.773
 69480, 442.918,  2.859, 54.431
 69540, 416.052,  3.906, 49.669
 69600, 399.287,  3.837, 38.340
 69660, 403.023,  4.993, 45.303
 69720, -9999.000, -9999.000, -9999.000
 69780, 397.006,  2.463, 44.434
 69840, 355.238,  2.748, 42.991
 69900, 364.841,  3.057, 43.845
 69960, 370.916,  4.471, 46.897
 70020, 360.089,  3.152, 37.779
 70080, 414.708,  3.632, 46.735
 70140, 433.513,  2.740, 56.442
 70200, 445.943,  3.370, 52.766
 70260, 445.495,  3.889, 53.810
 70320, 451.512,  3.258, 54.281
 70380, 402.747,  3.152, 49.398
 70440, 377.465,  4.564, 42.995
 70500, 332.230,  2.941, 33.295
 70560, 285.025,  2.110, 26.529
 70620, 244.413,  3.333, 22.949
 70680, 269.313,  2.415, 27.381
 70740, 236.177,  2.939, 21.216
 70800, 279.363,  3.375, 29.098
 70860, 312.343,  3.335, 33.490
 70920, 301.752,  2.894, 29.736
 70980, 313.108,  2.638, 25.842
 71040, 342.127,  4.593, 34.779
 71100, 337.455,  2.223, 35.569
 71160, 338.846,  2.366, 36.456
 71220, 409.142,  4.702, 47.291
 71280, 468.481,  1.819, 51.711
 71340, 398.462,  2.241, 39.124
 71400, 397.552,  3.358, 41.564
 71460, 381.611,  1.264, 42.068
 71520, 377.352,  2.230, 35.353
 71580, 369.306,  1.396, 38.000
 71640, 368.313,  1.661, 32.471
 71700, 389.455,  3.037, 37.699
 71760, 426.040,  2.057, 49.000
 71820, 425.246,  3.151, 44.110
 71880, 401.356,  1.387, 45.080
 71940, 451.185,  2.056, 46.298
 72000, 484.536,  3.156, 56.810
 72060, 487.436,  4.340, 56.375
 72120, 479.261,  2.289, 55.872
 72180, 469.755,  2.754, 52.810
 72240, 486.826,  2.502, 54.628
 72300, 475.933,  3.225, 54.212
 72360, 478.165,  3.864, 56.242
 72420, 437.347,  2.205, 54.718
 72480, 466.284,  3.753, 50.604
 72540, 501.382,  3.812, 59.643
 72600, 469.801,  2.865, 55.215
 72660, 401.022,  2.846, 42.749
 72720, 356.191,  2.273, 35.404
 72780, 422.663,  2.849, 46.017
 72840, 418.983,  3.181, 42.615
 72900, 393.835,  1.244, 48.456
 72960, 377.021,  3.314, 41.797
 73020, 410.742,  1.638, 46.935
 73080, 390.709,  2.794, 52.312
 73140, 391.654,  1.745, 44.268
 73200, 370.631,  2.429, 38.431
 73260, 410.013,  3.694, 42.314
 73320, 408.935,  2.988, 52.913
 73380, -9999.000, -9999.000, -9999.000
 73440, 358.687,  0.127, 28.586
 73500, 352.357,  1.932, 41.874
 73560, 338.217,  2.513, 36.477
 73620, 333.054,  2.559, 35.143
 73680, 325.609,  2.856, 38.951
 73740, 368.798,  3.501, 45.523
 73800, 387.492,  2.223, 45.538
 73860, 404.270,  1.231, 47.622
 73920, 390.675,  2.391, 45.286
 73980, 373.442,  2.947, 44.150
 74040, 385.221,  2.445, 43.505
 74100, 357.448,  2.552, 44.638
 74160, 355.247,  3.411, 40.713
 74220, 354.532,  2.707, 44.320
 74280, 370.414,  1.101, 44.758
 74340, 369.758,  2.720, 43.832
 74400, 347.638,  2.451, 42.313
 74460, 350.133,  1.880, 46.243
 74520, 354.614,  1.262, 36.829
 74580, 318.992,  2.596, 35.291
 74640, 285.544,  1.089, 37.655
 74700, 260.821,  1.389, 27.150
 74760, 249.201,  2.484, 31.656
 74820, 244.182,  3.544, 31.151
 74880, 242.661,  2.590, 25.002
 74940, 189.179,  2.639, 20.002
 75000, 227.624,  2.450, 28.482
 75060, 284.564,  1.809, 29.172
 75120, 257.622,  2.275, 32.048
 75180, 227.144,  2.548, 26.633
 75240, -9999.000, -9999.000, -9999.000
 75300, 228.963,  4.205, 23.854
 75360, 266.709,  2.108, 29.517
 75420, 294.081,  2.593, 27.321
 75480, 298.665,  3.527, 28.742
 75540, 294.389,  1.999, 29.611
 75600, 301.133,  2.939, 35.349
 75660, 300.464,  2.422, 32.673
 75720, 301.937,  2.324, 33.095
 75780, 323.208,  2.736, 35.854
 75840, 309.347,  2.769, 37.429
 75900, 311.513,  4.148, 38.918
 75960, 280.768,  2.039, 31.605
 76020, 297.227,  4.314, 27.361
 76080, 330.839,  4.457, 32.688
 76140, 396.751,  3.936, 36.047
 76200, 414.673,  2.840, 36.292
 76260, 432.511,  1.874, 38.013
 76320, 385.537,  2.866, 31.865
 76380, 381.919,  2.025, 32.870
 76440, 371.120,  3.199, 33.127
 76500, 381.376,  4.122, 36.732
 76560, 402.953,  4.958, 32.366
 76620, 412.629,  2.319, 35.121
 76680, 419.112,  3.209, 31.921
 76740, 397.061,  2.679, 33.062
 76800, 417.270,  2.377, 35.231
 76860, 394.035,  3.065, 34.306
 76920, 404.563,  2.196, 31.830
 76980, 421.336,  2.962, 37.450
 77040, 425.867,  4.207, 28.791
 77100, -9999.000, -9999.000, -9999.000
 77160, 403.795,  2.773, 34.159
 77220, 395.446,  2.656, 31.139
 77280, 384.175,  2.302, 35.530
 77340, 375.329,  2.671, 31.381
 77400, 366.258,  2.275, 34.423
 77460, 345.222,  2.676, 32.659
 77520, 347.898,  1.652, 33.878
 77580, 342.136,  2.367, 32.862
 77640, 345.078,  2.333, 33.441
 77700, 336.470,  2.412, 33.784
 77760, 330.050,  3.205, 38.956
 77820, 324.011,  3.128, 40.414
 77880, 342.612,  2.088, 35.520
 77940, 338.808,  2.692, 41.875
 78000, 330.524,  3.894, 35.698
 78060, 346.254,  2.900, 43.835
 78120, 351.485,  1.242, 42.221
 78180, 366.435,  2.330, 43.874
 78240, 357.758,  2.335, 40.681
 78300, 353.337,  3.839, 39.794
 78360, 372.616,  2.412, 43.181
 78420, 364.613,  3.382, 41.858
 78480, 373.966,  1.667, 46.338
 78540, 380.191,  2.687, 46.915
 78600, 438.182,  1.638, 54.445
 78660, 392.350,  2.022, 49.279
 78720, 413.222,  2.802, 52.686
