CampaignData_and_Merges/R0/CSL_MobileLab_Parked/raw/20240805/USOS-NOy-LIF_MobileLabGround_20240805_R0.ict
39,1001
Rollins, A.; Waxman, E.; Zuraski, K.; Chace, W.
NOAA Chemical Sciences Laboratory
LIF NO/NOx/NOy on CSL Mobile Lab
AMMBEC / USOS
1, 1
2024,08,05, 2025,01,04
1
Time_Start, seconds, number_of_seconds_since_0000_UTC
7
1, 1, 1, 1, 1, 1, 1
-9999, -9999, -9999, -9999, -9999, -9999, -9999
Time_Stop, seconds, number_of_seconds_since_0000_UTC
NO_LIF, pptv, Gas_NO_InSitu_S_AVMR, volume mixing ratio of nitric oxide in air
NO2_LIF, pptv, Gas_NO2_InSitu_S_AVMR, volume mixing ratio of nitrogen dioxide in air
NOy_LIF, pptv, Gas_NOy_InSitu_S_AVMR, volume mixing ratio of total oxidized nitrogen in air
NO_LIF_1SigmaAccuracy, pptv, Gas_NO_InSitu_S_AVMR, volume mixing ratio of nitric oxide in air
NO2_LIF_1SigmaAccuracy, pptv, Gas_NO2_InSitu_S_AVMR, volume mixing ratio of nitrogen dioxide in air
NOy_LIF_1SigmaAccuracy, pptv, Gas_NOy_InSitu_S_AVMR, volume mixing ratio of total oxidized nitrogen in air
0
18
PI_CONTACT_INFO: andrew.rollins@noaa.gov
PLATFORM: CSL Mobile Lab
LOCATION: Salt Lake City, UT
ASSOCIATED_DATA:
INSTRUMENT_INFO: NO detection by laser induced fluorescence. NO2 detection by photolytic conversion to NO. NOy detection by catalytic conversion to NO on gold surface
DATA_INFO:
UNCERTAINTY: Included 1 Sigma Accuracy waves represent the combined calibration uncertainties (±6%, ±9%, ±10%) and zero uncertainties (3 ppt, 20 ppt, 100 ppt) for NO, NO2, and NOy, respectively.
ULOD_FLAG: -7777
ULOD_VALUE: N/A
LLOD_FLAG: -8888
LLOD_VALUE: N/A
DM_CONTACT_INFO: andrew.rollins@noaa.gov
PROJECT_INFO: USOS Project, July - August 2024
STIPULATIONS_ON_USE: Users are strongly encouraged to contact the PI for proper data usage.
OTHER_COMMENTS:
REVISION: R0
R0: final data
Time_Start, Time_Stop, NO_LIF, NO2_LIF, NOy_LIF, NO_LIF_1SigmaAccuracy, NO2_LIF_1SigmaAccuracy, NOy_LIF_1SigmaAccuracy
[from data line 791]
   47460,   47520,5396.7,28621,35902,326.8, 2595.9, 3690.2
   47520,   47580,5314.1,28007,35377,321.84, 2540.6, 3637.7
   47580,   47640,5126.9,28104,35171,310.61, 2549.4, 3617.1
   47640,   47700,5967.3,28485,35603,361.04, 2583.7, 3660.3
   47700,   47760,6020.7,28334,35956,364.24, 2570, 3695.6
   47760,   47820,5864.3,28047,35151,354.86, 2544.2, 3615.1
   47820,   47880,8548,29428,36248,515.88, 2668.5, 3724.8
   47880,   47940,7355.5,28908,37171,444.33, 2621.7, 3817.1
   47940,   48000,6823.6,28901,37902,412.42, 2621.1, 3890.2
   48000,   48060,6623.6,28148,36823,400.42, 2553.3, 3782.3
   48060,   48120,6742.7,28206,36951,407.56, 2558.5, 3795.1
   48120,   48180,6915.5,27758,36358,417.93, 2518.3, 3735.8
   48180,   48240,6958.2,27937,36540,420.49, 2534.3, 3754
   48240,   48300,6749.5,27799,36111,407.97, 2521.9, 3711.1
   48300,   48360,6954.5,27694,36422,420.27, 2512.5, 3742.2
   48360,   48420,7117.7,26927,35826,430.06, 2443.4, 3682.6
   48420,   48480,7571.4,26651,36083,457.28, 2418.6, 3708.3
   48480,   48540,7603,26869,35983,459.18, 2438.3, 3698.3
   48540,   48600,8798.8,27071,36781,530.93, 2456.4, 3778.1
   48600,   48660,9056.5,27833,37291,546.39, 2525, 3829.1
   48660,   48720,8255.8,26712,36551,498.35, 2424.1, 3755.1
   48720,   48780,8149.6,26787,36418,491.98, 2430.9, 3741.8
   48780,   48840,8059.3,26674,35947,486.56, 2420.6, 3694.7
   48840,   48900,8403.5,26450,36246,507.21, 2400.5, 3724.6
   48900,   48960,7874.3,26624,35526,475.46, 2416.2, 3652.6
   48960,   49020,7183,27316,35370,433.98, 2478.5, 3637
   49020,   49080,7373,26984,35374,445.38, 2448.5, 3637.4
   49080,   49140,7740,25812,34777,467.4, 2343.1, 3577.7
   49140,   49200,8299.9,25650,34971,501, 2328.5, 3597.1
   49200,   49260,7948.9,25700,34313,479.93, 2333, 3531.3
   49260,   49320,8568,25400,34141,517.08, 2306, 3514.1
   49320,   49380,10982,26593,39423,661.9, 2413.4, 4042.3
   49380,   49440,9902.1,26596,37720,597.13, 2413.6, 3872
   49440,   49500,8917.4,25960,36323,538.05, 2356.4, 3732.3
   49500,   49560,7473.5,27253,35766,451.41, 2472.8, 3676.6
   49560,   49620,7984.4,26204,35420,482.07, 2378.3, 3642
   49620,   49680,9063.4,25561,35907,546.8, 2320.5, 3690.7
   49680,   49740,9556.6,25171,35527,576.39, 2285.4, 3652.7
   49740,   49800,9906.9,25469,35836,597.41, 2312.2, 3683.6
   49800,   49860,10404,25344,36401,627.27, 2300.9, 3740.1
   49860,   49920,9723.9,25121,36178,586.43, 2280.9, 3717.8
   49920,   49980,9369.1,24954,34784,565.14, 2265.8, 3578.4
   49980,   50040,11580,26250,35457,697.78, 2382.5, 3645.7
   50040,   50100,11772,25732,37153,709.34, 2335.9, 3815.3
   50100,   50160,12000,25607,37998,723.03, 2324.6, 3899.8
   50160,   50220,12161,25813,39019,732.65, 2343.1, 4001.9
   50220,   50280,11080,25787,37942,667.8, 2340.9, 3894.2
   50280,   50340,10750,27734,38526,647.99, 2516.1, 3952.6
   50340,   50400,11474,27054,39149,691.45, 2454.9, 4014.9
   50400,   50460,12197,26301,39167,734.8, 2387.1, 4016.7
   50460,   50520,12083,25600,39519,727.98, 2324, 4051.9
   50520,   50580,10953,24729,37390,660.18, 2245.7, 3839
   50580,   50640,10929,24791,36884,658.73, 2251.2, 3788.4
   50640,   50700,10982,24982,36817,661.93, 2268.4, 3781.7
   50700,   50760,9803,26126,36725,591.18, 2371.4, 3772.5
   50760,   50820,9820.6,26144,36545,592.24, 2373, 3754.5
   50820,   50880,11650,25074,37467,702, 2276.7, 3846.7
   50880,   50940,12407,24794,38047,747.44, 2251.5, 3904.7
   50940,   51000,11546,25417,37939,695.73, 2307.6, 3893.9
   51000,   51060,10373,25639,37112,625.37, 2327.5, 3811.2
   51060,   51120,9914.5,24537,35959,597.87, 2228.3, 3695.9
   51120,   51180,11495,23948,35498,692.7, 2175.4, 3649.8
   51180,   51240,12619,24988,35811,760.15, 2268.9, 3681.1
   51240,   51300,13589,25027,39032,818.34, 2272.5, 4003.2
   51300,   51360,14202,24736,39518,855.13, 2246.3, 4051.8
   51360,   51420,-9999,-9999,-9999,-9999, -9999, -9999
   51420,   51480,-9999,-9999,-9999,-9999, -9999, -9999
   51480,   51540,-9999,-9999,-9999,-9999, -9999, -9999
   51540,   51600,-9999,-9999,-9999,-9999, -9999, -9999
   51600,   51660,-9999,-9999,-9999,-9999, -9999, -9999
   51660,   51720,-9999,-9999,-9999,-9999, -9999, -9999
   51720,   51780,-9999,-9999,-9999,-9999, -9999, -9999
   51780,   51840,5849.5,15647,22196,353.97, 1428.3, 2319.6
   51840,   51900,9882,17787,24373,595.92, 1620.8, 2537.3
   51900,   51960,14531,21729,30793,874.85, 1975.6, 3179.3
   51960,   52020,3702.5,10707,16309,225.15, 983.62, 1730.9
   52020,   52080,6171.3,12184,17138,373.28, 1116.6, 1813.8
   52080,   52140,6065.7,11400,16304,366.94, 1046, 1730.4
   52140,   52200,3808,10126,14552,231.48, 931.38, 1555.2
   52200,   52260,2503.7,8203.3,12303,153.22, 758.3, 1330.3
   52260,   52320,6667.8,13988,18085,403.07, 1278.9, 1908.5
   52320,   52380,8503.4,14150,22361,513.2, 1293.5, 2336.1
   52380,   52440,4216.7,11013,18144,256, 1011.2, 1914.4
   52440,   52500,2976,8278.1,12231,181.56, 765.03, 1323.1
   52500,   52560,3072.5,8724.3,12058,187.35, 805.19, 1305.8
   52560,   52620,4655.3,11161,14541,282.32, 1024.5, 1554.1
   52620,   52680,3469.8,9870.7,13810,211.19, 908.37, 1481
   52680,   52740,3452.5,9991.2,14118,210.15, 919.2, 1511.8
   52740,   52800,3235.3,9531.4,13615,197.12, 877.83, 1461.5
   52800,   52860,3205.1,9420.6,13236,195.31, 867.85, 1423.6
   52860,   52920,3269.2,9613,13554,199.15, 885.17, 1455.4
   52920,   52980,3414.7,9749.6,13787,207.88, 897.46, 1478.7
   52980,   53040,3504.5,9901.1,14109,213.27, 911.1, 1510.9
   53040,   53100,3655.2,10208,14465,222.31, 938.75, 1546.5
   53100,   53160,4178.4,10934,15469,253.7, 1004, 1646.9
   53160,   53220,5416.5,12098,17270,327.99, 1108.8, 1827
   53220,   53280,4399.5,11597,16860,266.97, 1063.7, 1786
   53280,   53340,4822.5,12529,18023,292.35, 1147.6, 1902.3
   53340,   53400,5018.8,12798,18529,304.13, 1171.8, 1952.9
   53400,   53460,5014.7,11917,19096,303.88, 1092.5, 2009.6
   53460,   53520,3456.3,9138.5,14227,210.38, 842.47, 1522.7
   53520,   53580,3867.9,8582,11126,235.07, 792.38, 1212.6
   53580,   53640,8574.1,15102,24842,517.45, 1379.1, 2584.2
   53640,   53700,6639.1,13274,21862,401.35, 1214.6, 2286.2
   53700,   53760,4834.6,11402,18310,293.08, 1046.2, 1931
   53760,   53820,3605.6,9861.8,14776,219.34, 907.56, 1577.6
   53820,   53880,3328.9,9494.5,13724,202.74, 874.51, 1472.4
   53880,   53940,5755.2,13254,18658,348.31, 1212.9, 1965.8
   53940,   54000,10356,16105,23375,624.34, 1469.4, 2437.5
   54000,   54060,5598.3,12579,19158,338.9, 1152.1, 2015.8
   54060,   54120,4700.6,11869,17159,285.03, 1088.2, 1815.9
   54120,   54180,4087.6,10633,16373,248.26, 976.93, 1737.3
   54180,   54240,4774.3,11492,16723,289.46, 1054.3, 1772.3
   54240,   54300,4611,11478,16790,279.66, 1053, 1779
   54300,   54360,4750.3,11800,17292,288.02, 1082, 1829.2
   54360,   54420,4827.5,11963,17597,292.65, 1096.6, 1859.7
   54420,   54480,4864.7,12006,17785,294.88, 1100.5, 1878.5
   54480,   54540,3894.3,10141,15043,236.66, 932.66, 1604.3
   54540,   54600,3901.1,10167,14902,237.07, 935.01, 1590.2
   54600,   54660,3565.3,9599.8,13966,216.92, 883.98, 1496.6
   54660,   54720,3256.7,8700.3,13129,198.4, 803.02, 1412.9
   54720,   54780,3539.1,9071.7,13589,215.35, 836.45, 1458.9
   54780,   54840,3330.1,8910.3,13152,202.81, 821.93, 1415.2
   54840,   54900,3487.6,9174.8,13625,212.26, 845.73, 1462.5
   54900,   54960,3726.3,9250.2,14037,226.58, 852.51, 1503.7
   54960,   55020,5366.4,11052,17259,324.99, 1014.7, 1825.9
   55020,   55080,4101.6,9778.5,14673,249.1, 900.07, 1567.3
   55080,   55140,3313.2,8860,13180,201.79, 817.4, 1418
   55140,   55200,3662.7,9354.3,14197,222.76, 861.88, 1519.7
   55200,   55260,3503.3,9198.1,13721,213.2, 847.83, 1472.1
   55260,   55320,3452.8,9015.5,13515,210.17, 831.39, 1451.5
   55320,   55380,3449.8,9039.1,13463,209.99, 833.52, 1446.3
   55380,   55440,-9999,-9999,-9999,-9999, -9999, -9999
   55440,   55500,-9999,-9999,-9999,-9999, -9999, -9999
   55500,   55560,-9999,-9999,-9999,-9999, -9999, -9999
   55560,   55620,-9999,-9999,-9999,-9999, -9999, -9999
   55620,   55680,-9999,-9999,-9999,-9999, -9999, -9999
   55680,   55740,-9999,-9999,-9999,-9999, -9999, -9999
   55740,   55800,-9999,-9999,-9999,-9999, -9999, -9999
   55800,   55860,-9999,-9999,-9999,-9999, -9999, -9999
   55860,   55920,-9999,-9999,-9999,-9999, -9999, -9999
   55920,   55980,-9999,-9999,-9999,-9999, -9999, -9999
   55980,   56040,-9999,-9999,-9999,-9999, -9999, -9999
   56040,   56100,4554.2,11382,17028,276.25, 1044.4, 1802.8
   56100,   56160,4598.5,11152,16748,278.91, 1023.6, 1774.8
   56160,   56220,-9999,-9999,-9999,-9999, -9999, -9999
   56220,   56280,-9999,-9999,-9999,-9999, -9999, -9999
   56280,   56340,-9999,-9999,-9999,-9999, -9999, -9999
   56340,   56400,-9999,-9999,-9999,-9999, -9999, -9999
   56400,   56460,-9999,-9999,-9999,-9999, -9999, -9999
   56460,   56520,-9999,-9999,-9999,-9999, -9999, -9999
   56520,   56580,-9999,-9999,-9999,-9999, -9999, -9999
   56580,   56640,-9999,-9999,-9999,-9999, -9999, -9999
   56640,   56700,-9999,-9999,-9999,-9999, -9999, -9999
   56700,   56760,-9999,-9999,-9999,-9999, -9999, -9999
   56760,   56820,-9999,-9999,-9999,-9999, -9999, -9999
   56820,   56880,-9999,-9999,-9999,-9999, -9999, -9999
   56880,   56940,-9999,-9999,-9999,-9999, -9999, -9999
   56940,   57000,-9999,-9999,-9999,-9999, -9999, -9999
   57000,   57060,-9999,-9999,-9999,-9999, -9999, -9999
   57060,   57120,-9999,-9999,-9999,-9999, -9999, -9999
   57120,   57180,-9999,-9999,-9999,-9999, -9999, -9999
   57180,   57240,-9999,-9999,-9999,-9999, -9999, -9999
   57240,   57300,-9999,-9999,-9999,-9999, -9999, -9999
   57300,   57360,-9999,-9999,-9999,-9999, -9999, -9999
   57360,   57420,-9999,-9999,-9999,-9999, -9999, -9999
   57420,   57480,-9999,-9999,-9999,-9999, -9999, -9999
   57480,   57540,-9999,-9999,-9999,-9999, -9999, -9999
   57540,   57600,-9999,-9999,-9999,-9999, -9999, -9999
   57600,   57660,-9999,-9999,-9999,-9999, -9999, -9999
   57660,   57720,-9999,-9999,-9999,-9999, -9999, -9999
   57720,   57780,-9999,-9999,-9999,-9999, -9999, -9999
   57780,   57840,-9999,-9999,-9999,-9999, -9999, -9999
   57840,   57900,-9999,-9999,-9999,-9999, -9999, -9999
   57900,   57960,-9999,-9999,-9999,-9999, -9999, -9999
   57960,   58020,-9999,-9999,-9999,-9999, -9999, -9999
   58020,   58080,-9999,-9999,-9999,-9999, -9999, -9999
   58080,   58140,-9999,-9999,-9999,-9999, -9999, -9999
   58140,   58200,-9999,-9999,-9999,-9999, -9999, -9999
   58200,   58260,-9999,-9999,-9999,-9999, -9999, -9999
   58260,   58320,-9999,-9999,-9999,-9999, -9999, -9999
   58320,   58380,-9999,-9999,-9999,-9999, -9999, -9999
   58380,   58440,-9999,-9999,-9999,-9999, -9999, -9999
   58440,   58500,-9999,-9999,-9999,-9999, -9999, -9999
   58500,   58560,-9999,-9999,-9999,-9999, -9999, -9999
   58560,   58620,-9999,-9999,-9999,-9999, -9999, -9999
   58620,   58680,-9999,-9999,-9999,-9999, -9999, -9999
   58680,   58740,-9999,-9999,-9999,-9999, -9999, -9999
   58740,   58800,-9999,-9999,-9999,-9999, -9999, -9999
   58800,   58860,-9999,-9999,-9999,-9999, -9999, -9999
   58860,   58920,-9999,-9999,-9999,-9999, -9999, -9999
   58920,   58980,-9999,-9999,-9999,-9999, -9999, -9999
   58980,   59040,-9999,-9999,-9999,-9999, -9999, -9999
   59040,   59100,-9999,-9999,-9999,-9999, -9999, -9999
   59100,   59160,-9999,-9999,-9999,-9999, -9999, -9999
   59160,   59220,-9999,-9999,-9999,-9999, -9999, -9999
   59220,   59280,-9999,-9999,-9999,-9999, -9999, -9999
   59280,   59340,-9999,-9999,-9999,-9999, -9999, -9999
   59340,   59400,-9999,-9999,-9999,-9999, -9999, -9999
   59400,   59460,-9999,-9999,-9999,-9999, -9999, -9999
   59460,   59520,-9999,-9999,-9999,-9999, -9999, -9999
   59520,   59580,-9999,-9999,-9999,-9999, -9999, -9999
   59580,   59640,-9999,-9999,-9999,-9999, -9999, -9999
   59640,   59700,-9999,-9999,-9999,-9999, -9999, -9999
   59700,   59760,-9999,-9999,-9999,-9999, -9999, -9999
   59760,   59820,-9999,-9999,-9999,-9999, -9999, -9999
   59820,   59880,-9999,-9999,-9999,-9999, -9999, -9999
   59880,   59940,-9999,-9999,-9999,-9999, -9999, -9999
   59940,   60000,-9999,-9999,-9999,-9999, -9999, -9999
   60000,   60060,-9999,-9999,-9999,-9999, -9999, -9999
   60060,   60120,-9999,-9999,-9999,-9999, -9999, -9999
   60120,   60180,-9999,-9999,-9999,-9999, -9999, -9999
   60180,   60240,-9999,-9999,-9999,-9999, -9999, -9999
   60240,   60300,-9999,-9999,-9999,-9999, -9999, -9999
   60300,   60360,-9999,-9999,-9999,-9999, -9999, -9999
   60360,   60420,-9999,-9999,-9999,-9999, -9999, -9999
   60420,   60480,-9999,-9999,-9999,-9999, -9999, -9999
   60480,   60540,-9999,-9999,-9999,-9999, -9999, -9999
   60540,   60600,-9999,-9999,-9999,-9999, -9999, -9999
   60600,   60660,-9999,-9999,-9999,-9999, -9999, -9999
   60660,   60720,-9999,-9999,-9999,-9999, -9999, -9999
   60720,   60780,-9999,-9999,-9999,-9999, -9999, -9999
   60780,   60840,-9999,-9999,-9999,-9999, -9999, -9999
   60840,   60900,-9999,-9999,-9999,-9999, -9999, -9999
   60900,   60960,-9999,-9999,-9999,-9999, -9999, -9999
   60960,   61020,-9999,-9999,-9999,-9999, -9999, -9999
   61020,   61080,-9999,-9999,-9999,-9999, -9999, -9999
   61080,   61140,-9999,-9999,-9999,-9999, -9999, -9999
   61140,   61200,-9999,-9999,-9999,-9999, -9999, -9999
   61200,   61260,-9999,-9999,-9999,-9999, -9999, -9999
   61260,   61320,-9999,-9999,-9999,-9999, -9999, -9999
   61320,   61380,-9999,-9999,-9999,-9999, -9999, -9999
   61380,   61440,-9999,-9999,-9999,-9999, -9999, -9999
   61440,   61500,-9999,-9999,-9999,-9999, -9999, -9999
   61500,   61560,-9999,-9999,-9999,-9999, -9999, -9999
   61560,   61620,-9999,-9999,-9999,-9999, -9999, -9999
   61620,   61680,-9999,-9999,-9999,-9999, -9999, -9999
   61680,   61740,-9999,-9999,-9999,-9999, -9999, -9999
   61740,   61800,-9999,-9999,-9999,-9999, -9999, -9999
   61800,   61860,-9999,-9999,-9999,-9999, -9999, -9999
   61860,   61920,-9999,-9999,-9999,-9999, -9999, -9999
   61920,   61980,-9999,-9999,-9999,-9999, -9999, -9999
   61980,   62040,-9999,-9999,-9999,-9999, -9999, -9999
   62040,   62100,-9999,-9999,-9999,-9999, -9999, -9999
   62100,   62160,-9999,-9999,-9999,-9999, -9999, -9999
   62160,   62220,-9999,-9999,-9999,-9999, -9999, -9999
   62220,   62280,-9999,-9999,-9999,-9999, -9999, -9999
   62280,   62340,664.47,2724.1,-9999,42.868, 265.17, -9999
   62340,   62400,706.07,2868.7,-9999,45.364, 278.18, -9999
   62400,   62460,682.98,2837.8,-9999,43.979, 275.4, -9999
   62460,   62520,721.21,2925.5,-9999,46.273, 283.3, -9999
   62520,   62580,712.5,2991.4,-9999,45.75, 289.22, -9999
   62580,   62640,708.22,2902.1,-9999,45.493, 281.19, -9999
   62640,   62700,723.35,2867.2,-9999,46.401, 278.05, -9999
   62700,   62760,609.67,2647.4,-9999,39.58, 258.27, -9999
   62760,   62820,576.26,2385.8,-9999,37.576, 234.72, -9999
   62820,   62880,-9999,-9999,-9999,-9999, -9999, -9999
   62880,   62940,-9999,-9999,-9999,-9999, -9999, -9999
   62940,   63000,524.02,2225.7,4911.9,34.441, 220.31, 591.19
   63000,   63060,392.01,1666,3799.8,26.52, 169.94, 479.98
   63060,   63120,408.68,1783,3949.2,27.521, 180.47, 494.92
   63120,   63180,391.63,1674.4,3742.3,26.498, 170.7, 474.23
   63180,   63240,371,1606.6,3807.8,25.26, 164.6, 480.78
   63240,   63300,370.48,1608.6,3787.7,25.229, 164.77, 478.77
   63300,   63360,245.56,1134.5,2844,17.734, 122.11, 384.4
   63360,   63420,139.36,623.94,2320.4,11.362, 76.155, 332.04
   63420,   63480,129.1,557.51,2023.9,10.746, 70.176, 302.39
   63480,   63540,111.38,504.98,1829.5,9.6827, 65.448, 282.95
   63540,   63600,127.01,577.54,1895.8,10.62, 71.978, 289.58
   63600,   63660,152.54,662.41,1986.3,12.152, 79.617, 298.63
   63660,   63720,156.26,692.77,1997,12.376, 82.35, 299.7
   63720,   63780,154.03,633.78,1875.5,12.242, 77.04, 287.55
   63780,   63840,237.45,909.98,2189.9,17.247, 101.9, 318.99
   63840,   63900,162.46,687.48,1963.9,12.748, 81.873, 296.39
   63900,   63960,206.5,929.01,2281.8,15.39, 103.61, 328.18
