CampaignData_and_Merges/R0/CSL_MobileLab_Parked/raw/20240805/USOS-PTR_MobileLabGround_20240805_RA.ict
58, 1001
Matthew Coggon, Kelvin Bates, Chelsea Stockwell, Carsten Warneke
NOAA ESRL Chemical Sciences Division
NOAA PTR-ToF-MS
USOS
1,1 
2024, 08, 05, 2023, 08, 07
0
Time_Start, seconds, number of seconds from 00:00 UTC 
22
1, 1, 1, 1, 1, 1, 1, 1, 1, 1, 1, 1, 1, 1, 1, 1, 1, 1, 1, 1, 1, 1
-9999, -9999, -9999, -9999, -9999, -9999, -9999, -9999, -9999, -9999, -9999, -9999, -9999, -9999, -9999, -9999, -9999, -9999, -9999, -9999, -9999, -9999
CH3OH_NOAAPTR_ppbv,  ppbv, Gas_CH3OH_InSitu_S_AVMR, (CH3OH) methanol
CH3CN_NOAAPTR_ppbv,  ppbv, Gas_CH3CN_InSitu_S_AVMR, (CH3CN) acetonitrile
CH3CHO_NOAAPTR_ppbv,  ppbv, Gas_CH3CHO_InSitu_S_AVMR, (CH3CHO) acetaldehyde plus contributions from ethylene glycol and ethylene oxide. Interference from ethanol has been subtracted out.
C2H5OH_NOAAPTR_ppbv,  ppbv, Gas_C2H5OH_InSitu_S_AVMR, (C2H5OH) ethanol
CH3SH_NOAAPTR_ppbv,  ppbv, Gas_CH3SH_InSitu_S_AVMR, (CH3SH) methanethiol, using calibration factor for DMS
Acrolein_NOAAPTR_ppbv,  ppbv, Gas_Acrolein_InSitu_S_AVMR, (C3H4O) acrolein
AcetonePropanal_NOAAPTR_ppbv,  ppbv, Gas_AcetoneAndPropanal_InSitu_S_AVMR, (C3H6O) sum of acetone (dominant isomer) and propanal, using calibration factor for acetone
DMS_NOAAPTR_ppbv,  ppbv, Gas_DMS_InSitu_S_AVMR, (C2H6S) dimethyl sulfide with possible small contributions from ethanethiol
C5H8_NOAAPTR_ppbv,  ppbv, Gas_Isoprene_InSitu_S_AVMR, (C5H8) isoprene and possible fragments from cycloalkanes and aldehydes. Interferences have been subtracted following methods described by Coggon et al (2023)
MVKMAC_NOAAPTR_ppbv,  ppbv, Gas_MVKAndMAC_InSitu_S_AVMR, (C4H6O) sum of methyl vinyl ketone, methacrolein, and small amounts of crotonaldehyde, using weighted calibration factor for MVK (0.637) and MACR (0.363)
Benzene_NOAAPTR_ppbv,  ppbv, Gas_Benzene_InSitu_S_AVMR, (C6H6) benzene
Toluene_NOAAPTR_ppbv,  ppbv, Gas_Toluene_InSitu_S_AVMR, (C7H8) toluene with possible small contributions of fragments from ethyltoluene
Styrene_NOAAPTR_ppbv,  ppbv, Gas_Styrene_InSitu_S_AVMR, (C8H8) styrene
Benzaldehyde_NOAAPTR_ppbv,  ppbv, Gas_Benzaldehyde_InSitu_S_AVMR, (C7H6O) benzaldehyde
C8Aromatics_NOAAPTR_ppbv,  ppbv, Gas_C8Aromatics_InSitu_M_AVMR, (C8H10) sum of m-xylene, p-xylene, o-xylene, and ethyl benzene
C9Aromatics_NOAAPTR_ppbv,  ppbv, Gas_C9Aromatics_InSitu_M_AVMR, (C9H12) sum of C9 aromatics
Naphthalene_NOAAPTR_ppbv,  ppbv, Gas_Naphthalene_InSitu_S_AVMR, (C10H8) naphthalene
Octanal_NOAAPTR_ppbv,  ppbv, Gas_Octanal_InSitu_S_AVMR, (C8H16O) octanal and small amounts of octanone
Monoterpenes_NOAAPTR_ppbv,  ppbv, Gas_Monoterpenes_InSitu_M_AVMR, (C10H16) sum of monoterpenes and possible contributions from fragments of oxygenated monoterpenoids such as eucalyptol.
Nonanal_NOAAPTR_ppbv,  ppbv, Gas_Nonanal_InSitu_M_AVMR, (C9H18O) nonanal and small amounts of nonanone
C7H4ClF3_NOAAPTR_ppbv,  ppbv, Gas_C7H4ClF3_InSitu_S_AVMR, (C7H4ClF3) parachlorobenzotrifluoride
C10H30O5Si5_NOAAPTR_ppbv,  ppbv, Gas_C10H30O5Si5_InSitu_S_AVMR, (C10H30O5Si5) decamethylcyclopentasiloxane
1
SPECIAL COMMENTS:N/A
21
PI_CONTACT_INFO: NOAA ESRL Chemical Sciences Division, Tropospheric Chemistry Group. 325 Broadway, R/CSD7, Boulder, CO 80305
PLATFORM: Mobile Laboratory.
LOCATION: Salt Lake City, UT
ASSOCIATED_DATA: N/A
INSTRUMENT_INFO: NOAA PTR-ToF-MS measurements on NOAA CSL Mobile Lab
DATA_INFO: Units: ppbv
UNCERTAINTY: See OTHER_COMMENTS
ULOD_FLAG: -7777
ULOD_VALUE: N/A
LLOD_FLAG: -8888
LLOD_VALUE: N/A.
DM_CONTACT_INFO: Data Managers: Matt Coggon, Kelvin Bates, Chelsea Stockwell; email: matthew.m.coggon@noaa.gov and kelvin.bates@colorado.edu
PROJECT_INFO: USOS Deployment July-August, 2024
STIPULATIONS_ON_USE: Use of these data require prior OK from PI.
OTHER_COMMENTS: Uncertainties:
CH3OH_NOAAPTR_ppbv:30%; CH3CN_NOAAPTR_ppbv:30%; CH3CHO_NOAAPTR_ppbv:30%; C2H5OH_NOAAPTR_ppbv:30%; CH3SH_NOAAPTR_ppbv:50%; Acrolein_NOAAPTR_ppbv:30%; AcetonePropanal_NOAAPTR_ppbv:30%; DMS_NOAAPTR_ppbv:30%; C5H8_NOAAPTR_ppbv:30%; MVKMAC_NOAAPTR_ppbv:30%; 
Benzene_NOAAPTR_ppbv:30%; Toluene_NOAAPTR_ppbv:30%; Styrene_NOAAPTR_ppbv:30%; Benzaldehyde_NOAAPTR_ppbv:30%; C8Aromatics_NOAAPTR_ppbv:30%; C9Aromatics_NOAAPTR_ppbv:30%; Naphthalene_NOAAPTR_ppbv:30%; Octanal_NOAAPTR_ppbv:30%; Monoterpenes_NOAAPTR_ppbv:30%; Nonanal_NOAAPTR_ppbv:30%; 
C7H4ClF3_NOAAPTR_ppbv:30%; C10H30O5Si5_NOAAPTR_ppbv:30%; 
REVISION: RA
RA: Field Data
Time_Start, CH3OH_NOAAPTR_ppbv, CH3CN_NOAAPTR_ppbv, CH3CHO_NOAAPTR_ppbv, C2H5OH_NOAAPTR_ppbv, CH3SH_NOAAPTR_ppbv, Acrolein_NOAAPTR_ppbv, AcetonePropanal_NOAAPTR_ppbv, DMS_NOAAPTR_ppbv, C5H8_NOAAPTR_ppbv, MVKMAC_NOAAPTR_ppbv, Benzene_NOAAPTR_ppbv, Toluene_NOAAPTR_ppbv, Styrene_NOAAPTR_ppbv, Benzaldehyde_NOAAPTR_ppbv, C8Aromatics_NOAAPTR_ppbv, C9Aromatics_NOAAPTR_ppbv, Naphthalene_NOAAPTR_ppbv, Octanal_NOAAPTR_ppbv, Monoterpenes_NOAAPTR_ppbv, Nonanal_NOAAPTR_ppbv, C7H4ClF3_NOAAPTR_ppbv, C10H30O5Si5_NOAAPTR_ppbv
[from data line 1092]
65520.0, 7.82679, 0.19254, 1.29275, 2.08781, -0.00009, 0.19603, 4.20076, 0.00001, 0.08334, 0.27977, 0.04575, 0.16721, 0.01267, -9999.00000, 0.06613, 0.01281, -0.00530, 0.02678, 0.03880, 0.02342, 0.02345, 0.00200 
65580.0, 9.08244, 0.19041, 1.69717, 2.45176, 0.00022, 0.21467, 4.24053, 0.00572, 0.16291, 0.32255, 0.03762, 0.22561, 0.00212, -9999.00000, 0.07768, 0.02565, 0.00847, 0.02215, 0.13006, 0.04062, 0.01929, 0.00311 
65640.0, 8.64065, 0.19476, 1.47381, 2.05419, 0.00177, 0.18527, 4.24604, -0.00155, 0.05669, 0.30186, 0.06316, 0.17682, -0.00688, -9999.00000, 0.07556, 0.02415, 0.00884, 0.02851, 0.09909, 0.04619, 0.03324, 0.00251 
65700.0, 8.54359, 0.19916, 1.66429, 2.59884, -0.00060, 0.21513, 4.68734, -0.00155, 0.11823, 0.31070, 0.05546, 0.19775, -0.00687, -9999.00000, 0.07497, 0.02832, -0.00118, 0.03776, 0.12999, 0.06688, 0.03674, 0.00691 
65760.0, 11.86226, 0.19690, 3.20058, 32.84354, 0.00099, 0.20485, 4.39620, 0.00816, 0.27189, 0.33373, 0.04067, 0.22531, 0.00272, -9999.00000, 0.07312, 0.03360, -0.00055, 0.04719, 0.12502, 0.05574, 0.03419, 0.00417 
65820.0, 7.25973, 0.20019, 1.46348, 2.36211, -0.00007, 0.21093, 4.29395, 0.01173, 0.06949, 0.25319, 0.01081, 0.20499, -0.00686, -9999.00000, 0.08239, 0.02068, -0.00676, 0.01842, 0.05945, 0.02287, 0.03969, 0.00335 
65880.0, 9.41338, 0.19863, 1.68678, 3.95485, 0.00653, 0.21060, 4.47651, 0.01461, 0.09777, 0.30102, 0.10444, 0.22239, -0.00686, -9999.00000, 0.09669, 0.02944, -0.00676, 0.02444, 0.13929, 0.04346, 0.04419, 0.00091 
65940.0, 7.58168, 0.19858, 1.45391, 2.48260, -0.00089, 0.15643, 4.36884, 0.01087, 0.14091, 0.29933, 0.02874, 0.20309, 0.01322, -9999.00000, 0.07736, 0.01774, 0.00109, 0.03284, 0.05971, 0.02404, 0.04501, 0.00550 
66000.0, 9.39210, 0.20104, 1.92851, 7.36313, 0.00127, 0.23192, 4.68641, 0.01061, 0.15352, 0.32184, 0.29754, 1.38616, 0.04413, -9999.00000, 0.47037, 0.15676, 0.01793, 0.04249, 0.06602, 0.06184, 0.03503, 0.00320 
66060.0, 8.00758, 0.20900, 1.61494, 2.60017, 0.00396, 0.18651, 4.58855, 0.00198, 0.06368, 0.29935, 0.05868, 0.24348, -0.00684, -9999.00000, 0.08703, 0.02408, -0.00335, 0.01053, 0.04738, 0.02339, 0.04503, 0.00104 
66120.0, 8.26172, 0.20645, 1.64739, 2.81290, 0.00179, 0.21134, 4.69736, 0.00671, 0.20667, 0.34197, 0.08965, 0.27102, 0.01668, -9999.00000, 0.09546, 0.02465, -0.00677, 0.03770, 0.06501, 0.02775, 0.04791, 0.00616 
66180.0, 8.06045, 0.20826, 1.67136, 3.02726, -0.00089, 0.19982, 4.76099, 0.00111, 0.42294, 0.35505, 0.09268, 0.25245, 0.01281, -9999.00000, 0.08850, 0.02878, -0.00578, 0.04566, 0.12943, 0.03342, 0.04663, 0.00429 
66240.0, 7.60995, 0.20365, 1.66051, 2.95628, 0.00234, 0.18517, 4.74797, 0.00245, 0.24429, 0.32329, 0.07023, 0.21771, 0.00924, -9999.00000, 0.09068, 0.02825, 0.00444, 0.02273, 0.09205, 0.02639, 0.04270, 0.00369 
66300.0, 8.21306, 0.20951, 1.66561, 2.79881, -0.00050, 0.19349, 4.72214, 0.01421, 0.13139, 0.32077, 0.05702, 0.24038, 0.00111, -9999.00000, 0.09235, 0.02786, -0.00122, 0.02211, 0.06464, 0.03418, 0.04056, 0.00522 
66360.0, 8.34605, 0.20180, 1.75875, 3.30466, 0.00161, 0.23920, 4.77100, -0.00045, 0.21351, 0.31775, 0.07956, 0.27378, -0.00311, -9999.00000, 0.08998, 0.02755, -0.00678, 0.04071, 0.08587, 0.04091, 0.05264, 0.00440 
66420.0, 8.33601, 0.21065, 1.66300, 3.22633, 0.00037, 0.21449, 4.88149, -0.00159, 0.18858, 0.29773, 0.08685, 0.26269, 0.02044, -9999.00000, 0.10456, 0.02825, 0.01100, 0.01638, 0.09292, 0.03848, 0.04391, 0.00146 
66480.0, 7.28239, 0.19798, 1.66425, 3.05411, 0.00033, 0.17640, 4.86211, 0.01161, 0.13105, 0.29735, 0.05308, 0.26367, 0.00880, -9999.00000, 0.10360, 0.02207, -0.00678, 0.02708, 0.07028, 0.02582, 0.05127, 0.00498 
66540.0, 7.71793, 0.18776, 1.80842, 2.95540, -0.00079, 0.24501, 4.73734, -0.00160, 0.09561, 0.26810, 0.08802, 0.25411, 0.00487, -9999.00000, 0.08933, 0.02485, -0.00678, 0.03295, 0.05421, 0.05530, 0.04415, 0.00702 
66600.0, 7.14968, 0.18416, 1.48204, 2.85360, 0.00219, 0.16963, 4.38946, 0.00479, 0.05275, 0.24741, 0.07882, 0.27285, 0.00056, -9999.00000, 0.09332, 0.01921, -0.00678, 0.02188, 0.03584, 0.02370, 0.04255, 0.00482 
66660.0, 7.42354, 0.17453, 1.51159, 3.06776, 0.00214, 0.22659, 4.68742, 0.01092, 0.04463, 0.26146, -0.02859, 0.28819, 0.00470, -9999.00000, 0.07775, 0.02417, 0.00918, 0.03065, 0.04676, 0.03848, 0.03361, -0.00007 
66720.0, 8.57212, 0.17989, 1.65831, 3.11970, -0.00029, 0.20294, 4.83493, 0.00830, 0.15617, 0.31477, 0.05049, 0.26988, -0.00410, -9999.00000, 0.08150, 0.02077, -0.00296, 0.03366, 0.04316, 0.02846, 0.05219, 0.00377 
66780.0, 8.91381, 0.19170, 1.70273, 3.48765, 0.00064, 0.23343, 4.89143, 0.00544, 0.18585, 0.38011, 0.03133, 0.31313, 0.00064, -9999.00000, 0.11550, 0.03555, -0.00109, 0.02035, 0.08171, 0.03464, 0.03898, 0.00318 
66840.0, 8.39992, 0.19927, 1.84824, 4.32356, -0.00076, 0.23216, 5.27753, -0.00161, 0.26564, 0.40357, 0.11022, 0.49250, 0.01806, -9999.00000, 0.19610, 0.05670, -0.00144, 0.00577, 0.07324, 0.03596, 0.04872, 0.00325 
66900.0, 8.51728, 0.18922, 1.80552, 3.16847, 0.00201, 0.19230, 6.79695, 0.00103, 0.06519, 0.35682, 0.09846, 0.23671, -0.00678, -9999.00000, 0.09234, 0.02645, -0.00291, 0.01912, 0.05072, 0.04150, 0.04991, 0.00253 
66960.0, 9.35824, 0.17879, 2.10365, 3.79106, 0.00216, 0.27079, 6.02055, -0.00162, 0.17245, 0.34121, 0.07494, 0.27958, -0.00677, -9999.00000, 0.09881, 0.01652, -0.00680, 0.04387, 0.11963, 0.03128, 0.06113, 0.00388 
67020.0, 9.73728, 0.18358, 2.01467, 3.30543, 0.00253, 0.25771, 5.19709, 0.00981, 0.10301, 0.40587, 0.07408, 0.24869, 0.00318, -9999.00000, 0.08708, 0.02390, -0.00680, 0.04698, 0.18260, 0.06682, 0.03972, 0.00575 
67080.0, 9.14931, 0.20145, 1.70407, 2.81025, 0.00054, 0.21999, 4.95788, -0.00163, 0.14372, 0.40630, 0.09261, 0.20837, 0.00024, -9999.00000, 0.08845, 0.02019, -0.00680, 0.02005, 0.04634, 0.02228, 0.03787, 0.00547 
67140.0, 8.82737, 0.20447, 2.03945, 2.93754, 0.00137, 0.23217, 5.18093, -0.00163, 0.31637, 0.44124, 0.11459, 0.29958, 0.02241, -9999.00000, 0.15303, 0.06101, -0.00680, 0.04070, 0.08853, 0.05468, 0.04225, 0.00357 
67200.0, 9.40862, 0.19736, 1.97544, 3.56442, -0.00005, 0.26531, 5.14123, 0.00588, 0.17935, 0.44783, 0.08975, 0.27629, 0.01112, -9999.00000, 0.10770, 0.03981, -0.00680, 0.04171, 0.06719, 0.04028, 0.04044, 0.00316 
67260.0, 8.78217, 0.20329, 1.70052, 2.72489, -0.00022, 0.21302, 4.92494, -0.00164, 0.14351, 0.40606, 0.09125, 0.20418, 0.01098, -9999.00000, 0.07163, 0.02749, -0.00681, 0.05407, 0.05061, 0.03422, 0.03409, 0.00400 
67320.0, 9.40094, 0.19588, 1.76016, 2.79790, 0.00018, 0.20697, 4.97225, -0.00164, 0.17479, 0.44598, 0.04131, 0.17414, -0.00290, -9999.00000, 0.09620, 0.01639, -0.00681, 0.04016, 0.07700, 0.02981, 0.03529, 0.00315 
67380.0, 9.54180, 0.19073, 1.94809, 2.83021, 0.00037, 0.24931, 6.34871, -0.00164, 0.15011, 0.41360, 0.04088, 0.18698, -0.00358, -9999.00000, 0.07562, 0.02315, -0.00681, 0.03595, 0.05484, 0.04646, 0.03181, 0.00230 
67440.0, 9.25336, 0.19951, 1.90047, 3.28723, -0.00017, 0.22653, 5.22944, 0.00595, 0.28146, 0.40359, 0.06505, 0.34519, -0.00673, -9999.00000, 0.13830, 0.02559, -0.00681, 0.05605, 0.07181, 0.02167, 0.03394, 0.00490 
67500.0, 9.14952, 0.18556, 1.91502, 2.68321, 0.00162, 0.21613, 5.01120, -0.00165, 0.35948, 0.41654, 0.05290, 0.20304, -0.00235, -9999.00000, 0.08285, 0.01898, -0.00681, 0.03484, 0.10072, 0.03077, 0.04314, 0.00534 
67560.0, 8.31684, 0.20618, 1.70020, 2.32075, -0.00090, 0.22183, 4.88938, -0.00165, 0.47468, 0.38863, 0.05899, 0.20111, 0.01525, -9999.00000, 0.06542, 0.01754, -0.00682, 0.03264, 0.05634, 0.02648, 0.05069, 0.00459 
67620.0, 7.27439, 0.19112, 1.63255, 2.61801, -0.00090, 0.18122, 4.77490, -0.00166, 0.16302, 0.35328, 0.07907, 0.16908, 0.00734, -9999.00000, 0.06867, 0.01327, -0.00682, 0.02387, 0.03482, 0.02159, 0.03487, 0.00157 
67680.0, 9.18025, 0.18482, 1.72577, 2.78391, 0.00351, 0.20742, 4.94123, -0.00166, 0.26250, 0.38568, 0.08563, 0.21188, 0.00610, -9999.00000, 0.08986, 0.01958, 0.00034, 0.02844, 0.09146, 0.02456, 0.04693, 0.00363 
67740.0, 7.49092, 0.19426, 1.55435, 2.54282, -0.00011, 0.20423, 4.71612, 0.01744, 0.06494, 0.33384, 0.00069, 0.17871, -0.00671, -9999.00000, 0.06332, 0.01465, -0.00682, 0.01545, 0.02991, 0.02010, 0.03248, 0.00253 
67800.0, 6.96272, 0.20344, 1.72650, 2.77347, -0.00090, 0.21570, 4.93591, 0.00690, 0.21173, 0.35387, 0.04309, 0.18466, 0.00245, -9999.00000, 0.06637, 0.01728, 0.00037, 0.02259, 0.06197, 0.01797, 0.03696, 0.00383 
67860.0, 9.23382, 0.17695, 1.85134, 2.62374, 0.00255, 0.25931, 5.07931, 0.00959, 0.26440, 0.38581, 0.06494, 0.20383, -0.00195, -9999.00000, 0.10009, 0.03032, -0.00683, 0.04466, 0.08859, 0.02025, 0.03842, 0.00381 
67920.0, 7.94987, 0.18987, 1.73846, 2.87103, 0.00109, 0.22643, 4.99651, 0.00612, 0.11731, 0.36288, 0.03871, 0.22840, -0.00669, -9999.00000, 0.07911, 0.02212, -0.00170, 0.03797, 0.04149, 0.02437, 0.03948, 0.00445 
67980.0, 7.69090, 0.20678, 1.76130, 2.27611, -0.00016, 0.24147, 4.97037, 0.00736, 0.04947, 0.35170, -0.02908, 0.16536, -0.00669, -9999.00000, 0.07867, 0.01571, -0.00683, 0.02485, 0.03650, 0.02868, 0.03731, 0.00737 
68040.0, 8.81347, 0.21275, 1.80877, 2.50964, 0.00132, 0.21783, 5.08216, -0.00168, 0.09739, 0.34840, 0.08849, 0.20069, 0.00262, -9999.00000, 0.06748, 0.01851, -0.00683, 0.04096, 0.04605, 0.02802, 0.04226, 0.00116 
68100.0, 8.22932, 0.19833, 1.75132, 2.99781, -0.00090, 0.22442, 4.92089, 0.00530, 0.32524, 0.38026, 0.07494, 0.23689, -0.00668, -9999.00000, 0.09222, 0.02693, 0.00303, 0.02143, 0.11072, 0.03970, 0.03476, 0.00440 
68160.0, 7.94824, 0.19113, 1.77219, 3.20161, 0.00036, 0.23352, 4.81638, 0.00384, 0.47099, 0.40471, 0.04486, 0.20857, 0.00621, -9999.00000, 0.08111, 0.03288, -0.00684, 0.04585, 0.15461, 0.01925, 0.03684, 0.00776 
68220.0, 7.58494, 0.18426, 1.55825, 2.43540, 0.00229, 0.21600, 4.56813, 0.01441, 0.12530, 0.33019, 0.01977, 0.17870, 0.00437, -9999.00000, 0.06625, 0.02329, -0.00678, 0.00758, 0.10355, 0.03217, 0.03080, 0.00536 
68280.0, 8.73184, 0.20517, 2.12525, 3.72484, 0.00056, 0.28359, 4.85683, 0.00810, 0.56682, 0.39590, 0.08885, 0.36349, 0.00245, -9999.00000, 0.20671, 0.07474, -0.00597, 0.04787, 0.19984, 0.05561, 0.03831, 0.00696 
68340.0, 7.26518, 0.19173, 1.50155, 2.15944, 0.00037, 0.15614, 4.47549, -0.00169, 0.14658, 0.32863, 0.07476, 0.16565, 0.00358, -9999.00000, 0.06343, 0.01703, 0.00081, 0.02558, 0.05755, 0.02185, 0.05063, 0.00355 
68400.0, 7.60536, 0.19308, 1.52421, 2.48651, 0.00144, 0.18613, 4.47632, 0.00620, 0.11477, 0.33500, 0.03310, 0.16983, -0.00057, -9999.00000, 0.07192, 0.02133, 0.00815, 0.03713, 0.05036, 0.03139, 0.02062, 0.00009 
68460.0, -9999.00000, -9999.00000, -9999.00000, -9999.00000, -9999.00000, -9999.00000, -9999.00000, -9999.00000, -9999.00000, -9999.00000, -9999.00000, -9999.00000, -9999.00000, -9999.00000, -9999.00000, -9999.00000, -9999.00000, -9999.00000, -9999.00000, -9999.00000, -9999.00000, -9999.00000 
68520.0, 7.56999, 0.19388, 1.51594, 2.62294, -0.00087, 0.16892, 4.33833, 0.00037, 0.14731, 0.33977, 0.09704, 0.30940, 0.02659, -9999.00000, 0.22592, 0.14687, -0.00685, 0.02394, 0.07097, 0.04332, 0.03364, 0.00467 
68580.0, 6.16491, 0.17305, 1.17385, 1.95884, 0.00172, 0.16836, 3.69548, 0.00993, 0.22456, 0.26091, 0.02284, 0.10923, -0.00093, -9999.00000, 0.05981, 0.01581, -0.00685, 0.02282, 0.07960, 0.01312, 0.02556, 0.00290 
68640.0, 6.85958, 0.17728, 1.10722, 1.66698, 0.00152, 0.14384, 3.89153, -0.00171, 0.30664, 0.30871, 0.03087, 0.13533, 0.00507, -9999.00000, 0.05683, 0.01908, 0.01126, 0.02409, 0.12082, 0.01805, 0.02362, 0.00304 
68700.0, 6.52474, 0.19944, 1.42051, 1.73196, -0.00001, 0.20244, 3.52578, -0.00171, 0.59472, 0.32811, 0.02163, 0.14746, 0.02287, -9999.00000, 0.08052, 0.02490, 0.00029, 0.02781, 0.17482, 0.02760, 0.02295, 0.00548 
68760.0, 5.52581, 0.19035, 0.94979, 1.72772, 0.00085, 0.15252, 3.05737, 0.01467, 0.45383, 0.27885, 0.02633, 0.12179, 0.00201, -9999.00000, 0.07164, 0.03700, -0.00686, 0.01299, 0.11944, 0.02562, 0.01248, 0.00575 
68820.0, 5.49435, 0.20958, 0.96171, 1.76463, 0.00036, 0.14047, 2.99087, 0.00318, 0.58670, 0.26518, -0.00681, 0.08972, -0.00662, -9999.00000, 0.04511, 0.02589, -0.00417, 0.03779, 0.15047, 0.02433, 0.01656, 0.00022 
68880.0, 5.95904, 0.19137, 0.92283, 1.54397, -0.00079, 0.13285, 3.17145, -0.00172, 0.34250, 0.24003, 0.02518, 0.07661, 0.00648, -9999.00000, 0.03773, 0.01881, -0.00652, 0.02753, 0.08931, 0.02622, 0.01117, -0.00071 
68940.0, 5.35878, 0.18486, 0.81379, 1.36350, -0.00034, 0.13067, 3.09299, 0.00626, 0.33333, 0.24766, 0.00730, 0.08907, -0.00661, -9999.00000, 0.03859, 0.01648, -0.00410, 0.01500, 0.10767, 0.02110, 0.01270, 0.00060 
69000.0, 6.70509, 0.18288, 1.38806, 2.21572, 0.00255, 0.17909, 3.33992, -0.00173, 0.69491, 0.28954, 0.11743, 0.21305, 0.01875, -9999.00000, 0.14107, 0.06139, 0.00643, 0.03633, 0.19680, 0.04523, 0.01860, 0.00353 
69060.0, 6.24855, 0.17635, 1.11171, 1.54896, 0.00007, 0.15749, 3.36125, 0.01221, 0.29366, 0.27184, 0.04077, 0.15593, 0.01225, -9999.00000, 0.09687, 0.03434, 0.00414, 0.03377, 0.12658, 0.02803, 0.02419, 0.00206 
69120.0, 5.48521, 0.17734, 1.13431, 1.63730, -0.00091, 0.16861, 3.31261, 0.00487, 0.42518, 0.27979, 0.05791, 0.15412, 0.01270, -9999.00000, 0.08394, 0.02392, -0.00687, 0.04194, 0.15475, 0.04016, 0.02321, 0.00261 
69180.0, 6.00584, 0.19258, 0.89785, 1.14083, 0.00048, 0.13110, 3.20308, -0.00174, 0.27680, 0.27072, 0.04065, 0.07750, -0.00433, -9999.00000, 0.03396, 0.00815, -0.00420, 0.01615, 0.05980, 0.01064, 0.00818, 0.00159 
69240.0, 6.20683, 0.18176, 0.96254, 1.72049, 0.00377, 0.13441, 3.23041, 0.00607, 0.12998, 0.27045, 0.03208, 0.11794, 0.01451, -9999.00000, 0.08176, 0.03865, 0.00016, 0.02000, 0.13932, 0.03053, 0.01470, 0.00152 
69300.0, 6.15592, 0.17796, 0.85296, 1.48811, 0.00193, 0.16570, 3.23155, 0.00412, 0.36558, 0.28791, 0.03472, 0.10302, 0.00926, -9999.00000, 0.05212, 0.01623, -0.00687, 0.01844, 0.12000, 0.01204, 0.03403, 0.00131 
69360.0, 6.60627, 0.20874, 1.54779, 6.73549, 0.00242, 0.13387, 3.52119, -0.00175, 0.34053, 0.31864, 0.09590, 0.24837, 0.02417, -9999.00000, 0.12792, 0.05466, 0.01126, 0.02112, 0.25118, 0.01623, 0.02818, 0.00085 
69420.0, 6.47626, 0.17430, 1.64414, 3.39484, 0.00085, 0.17317, 3.75618, -0.00168, 0.23262, 0.33066, 0.09270, 0.18037, 0.00079, -9999.00000, 0.10188, 0.03968, -0.00398, 0.03466, 0.29743, 0.03016, 0.01751, 0.00149 
69480.0, 6.39962, 0.18422, 1.12006, 1.55928, -0.00091, 0.11664, 3.76353, 0.00428, 0.12460, 0.27566, 0.02417, 0.13173, 0.00770, -9999.00000, 0.06365, 0.02098, -0.00282, 0.00189, 0.05560, 0.01479, 0.01910, 0.00208 
69540.0, 5.90669, 0.18664, 1.22039, 2.00170, -0.00056, 0.15981, 3.76110, -0.00176, 0.39777, 0.32426, 0.01131, 0.16079, 0.00412, -9999.00000, 0.07310, 0.02250, 0.00489, 0.01274, 0.16707, 0.02210, 0.02525, 0.00084 
69600.0, 5.46304, 0.19352, 0.86515, 1.02117, -0.00091, 0.12512, 3.46978, 0.00874, 0.03766, 0.27801, 0.04505, 0.07683, 0.00061, -9999.00000, 0.03768, 0.00688, -0.00688, 0.00936, 0.02382, 0.02325, 0.02717, 0.00190 
69660.0, 6.17186, 0.19498, 1.22243, 1.80396, -0.00091, 0.17528, 3.79978, -0.00160, 0.22246, 0.30321, 0.03386, 0.15999, 0.00425, -9999.00000, 0.07891, 0.02853, 0.01105, 0.02383, 0.13390, 0.03034, 0.01917, 0.00336 
69720.0, 5.98340, 0.18754, 0.97952, 1.34138, -0.00091, 0.13094, 3.36842, 0.00671, 0.08941, 0.23616, 0.02364, 0.09919, -0.00122, -9999.00000, 0.05268, 0.01891, -0.00689, 0.01840, 0.04524, 0.02374, 0.02027, 0.00188 
69780.0, 5.88755, 0.18574, 0.95112, 1.52264, -0.00011, 0.09203, 3.64099, 0.00707, 0.04516, 0.21956, 0.01466, 0.09269, 0.00701, -9999.00000, 0.04927, 0.01492, -0.00689, 0.01883, 0.02546, 0.00879, 0.01743, 0.00200 
69840.0, 5.78376, 0.19764, 1.03628, 1.30745, -0.00091, 0.10967, 3.52363, 0.00150, 0.06043, 0.27342, 0.02184, 0.12180, -0.00367, -9999.00000, 0.04750, 0.01295, -0.00689, 0.02538, 0.03378, 0.02173, 0.02609, 0.00156 
69900.0, 6.46344, 0.19262, 1.33999, 2.27378, -0.00022, 0.14675, 3.91677, 0.00736, 0.07223, 0.27228, 0.09464, 0.26449, 0.01531, -9999.00000, 0.16109, 0.08342, 0.01614, 0.03219, 0.07306, 0.01993, 0.02304, 0.00254 
