CampaignData_and_Merges/R0/CSL_MobileLab_Parked/raw/20240805/USOS-POPS_MobileLabGround_20240805_R0.ict
78, 1001
Thornberry, T. D.
NOAA Chemical Sciences Laboratory
Portable Optical Particle Spectrometer (POPS)
USOS
1, 1
2024, 08, 05, 2025, 05, 08
60
Time_Start, seconds_past_midnight, Start time of measurement
45
1, 1, 1, 1, 1, 1, 1, 1, 1, 1, 1, 1, 1, 1, 1, 1, 1, 1, 1, 1, 1, 1, 1, 1, 1, 1, 1, 1, 1, 1, 1, 1, 1, 1, 1, 1, 1, 1, 1, 1, 1, 1, 1, 1, 1
-9999, -9999, -9999, -9999, -9999, -9999, -9999, -9999, -9999, -9999, -9999, -9999, -9999, -9999, -9999, -9999, -9999, -9999, -9999, -9999, -9999, -9999, -9999, -9999, -9999, -9999, -9999, -9999, -9999, -9999, -9999, -9999, -9999, -9999, -9999, -9999, -9999, -9999, -9999, -9999, -9999, -9999, -9999, -9999, -9999
Time_Stop, seconds_past_midnight, Stop time of measurement
Time_Mid, seconds_past_midnight, Mid time of measurement
Press_mb, mb, Pressure reported (mb)
Temp_C, degrees C, POPS temperature measurement
Aerosol_concentration, cm^-3, Aerosol concentration
Surface_Area_Conc, um^2 cm^-3, Surface area concentration
Volume_density, um^3 cm^-3, Volume density
Effective_radius, um, Effective radius
Extinction, km^-1, Extinction
Bin01, cm^-3, particle concentration in size range [1401 - 146.3 nm]
Bin02, cm^-3, particle concentration in size range [146.3 - 152.8 nm]
Bin03, cm^-3, particle concentration in size range [152.8 - 159.6 nm]
Bin04, cm^-3, particle concentration in size range [159.6 - 166.8 nm]
Bin05, cm^-3, particle concentration in size range [166.8 - 174.2 nm]
Bin06, cm^-3, particle concentration in size range [174.2 - 181.9 nm]
Bin07, cm^-3, particle concentration in size range [181.9 - 190.0 nm]
Bin08, cm^-3, particle concentration in size range [190.0 - 198.5 nm]
Bin09, cm^-3, particle concentration in size range [198.5 - 207.4 nm]
Bin10, cm^-3, particle concentration in size range [207.4 - 216.6 nm]
Bin11, cm^-3, particle concentration in size range [216.6 - 226.2 nm]
Bin12, cm^-3, particle concentration in size range [226.2 - 236.3 nm]
Bin13, cm^-3, particle concentration in size range [236.3 - 246.8 nm]
Bin14, cm^-3, particle concentration in size range [246.8 - 257.8 nm]
Bin15, cm^-3, particle concentration in size range [257.8 - 269.3 nm]
Bin16, cm^-3, particle concentration in size range [269.3 - 343.4 nm]
Bin17, cm^-3, particle concentration in size range [343.4 - 450.7 nm]
Bin18, cm^-3, particle concentration in size range [450.7 - 525.9 nm]
Bin19, cm^-3, particle concentration in size range [525.9 - 618.5 nm]
Bin20, cm^-3, particle concentration in size range [618.5 - 710.0 nm]
Bin21, cm^-3, particle concentration in size range [710.0 - 822.7 nm]
Bin22, cm^-3, particle concentration in size range [822.7 - 885.9 nm]
Bin23, cm^-3, particle concentration in size range [885.9 - 953.9 nm]
Bin24, cm^-3, particle concentration in size range [953.9 - 1027.2 nm]
Bin25, cm^-3, particle concentration in size range [1027.2 - 1106.1 nm]
Bin26, cm^-3, particle concentration in size range [1106.1 - 1191.0 nm]
Bin27, cm^-3, particle concentration in size range [1191.0 - 1282.5 nm]
Bin28, cm^-3, particle concentration in size range [1282.5 - 1381.0 nm]
Bin29, cm^-3, particle concentration in size range [1381.0 - 1487.1 nm]
Bin30, cm^-3, particle concentration in size range [1487.1 - 1601.3 nm]
Bin31, cm^-3, particle concentration in size range [1601.3 - 1724.3 nm]
[...]
PLATFORM: NOAA CSL Mobile Lab
LOCATION: USOS
ASSOCIATED_DATA: N/A
INSTRUMENT_INFO: Printed Optical Particle Spectrometer counts particles from 140 - 2500 nm in diameter 
DATA_INFO: Particle concentrations reported in number per cubic centimeter,1 Hz data
UNCERTAINTY: Counting uncertainty dominated by air flow, less than 5 percent. Measurement range is ~0 - 3000 per cm3 (varies depending on flow rate- manufacturer quotes 1250 per cm3 at 1.667 cc/s)
ULOD_FLAG: -7777
ULOD_VALUE: N/A
LLOD_FLAG: -8888
LLOD_VALUE: N/A
DM_CONTACT_INFO: Troy Thornberry, 325 Broadway R/CSL6, Boulder, CO 80305; troy.thornberry@noaa.gov; 303-497-3373
PROJECT_INFO: USOS, Utah POPS data from NOAA CSL Mobile Lab
STIPULATIONS_ON_USE: Please contact the PIs for questions regarding applications and uncertainties
OTHER_COMMENTS: POPS bin Edges (nm):  140.1, 146.3, 152.8, 159.6, 166.8, 174.2, 181.9, 190.0, 198.5, 207.4, 216.6, 226.2, 236.3, 246.8, 257.8, 269.3, 343.4, 450.7, 525.9, 618.5, 710.0, 822.7, 885.9, 953.9, 1027.2, 1106.1, 1191.0, 1282.5, 1381.0, 1487.1, 1601.3, 1724.3, 1856.7, 1999.3, 2152.8, 2318.2, 2496.2
Calculations assume organic aerosol refractive index of 1.52+0.00j and extinction wavelength = 532 nm
REVISION: R0
R0: Final data
Time_Start, Time_Stop, Time_Mid, Press_mb, Temp_C, Aerosol_concentration, Surface_Area_Conc, Volume_density, Effective_radius, Extinction, Bin01, Bin02, Bin03, Bin04, Bin05, Bin06, Bin07, Bin08, Bin09, Bin10, Bin11, Bin12, Bin13, Bin14, Bin15, Bin16, Bin17, Bin18, Bin19, Bin20, Bin21, Bin22, Bin23, Bin24, Bin25, Bin26, Bin27, Bin28, Bin29, Bin30, Bin31, Bin32, Bin33, Bin34, Bin35, Bin36
[from data line 1041]
62460,62519,62490,873.535,36.536,339.474,52.115,4.615,0.260,0.015,44.671150,40.638222,33.726490,30.441961,26.493004,22.509027,19.647877,16.662268,13.708013,12.316219,11.666696,10.414125,9.808918,9.055827,6.521985,20.498129,6.677298,1.868621,0.675900,0.216580,0.144614,0.099674,0.093257,0.067088,0.093277,0.060908,0.043693,0.060994,0.083232,0.072294,0.078325,0.120787,0.055797,0.049602,0.060853,0.071291
62520,62579,62550,873.544,36.610,340.552,52.131,4.180,0.233,0.015,44.415768,40.315723,34.920860,29.802420,26.247417,22.665277,19.417292,16.536278,13.954674,12.075513,10.996709,10.884485,9.934460,9.115088,7.307246,21.164669,6.614154,1.726427,0.917727,0.178531,0.189205,0.111150,0.128064,0.121740,0.060648,0.061159,0.072835,0.049325,0.089065,0.095098,0.115851,0.049952,0.089177,0.055607,0.021912,0.050408
62580,62639,62610,873.537,36.646,346.238,53.426,4.397,0.240,0.015,44.406509,41.053997,34.718784,31.183187,27.568979,23.097124,19.135210,17.025688,14.303772,12.265002,11.272014,10.921790,10.242167,9.038115,6.969806,21.828079,6.846656,1.995601,0.887718,0.173947,0.178208,0.111841,0.100111,0.077839,0.066686,0.050708,0.050975,0.060697,0.099929,0.083081,0.144937,0.033429,0.066801,0.049850,0.050666,0.078020
62640,62699,62670,873.536,36.535,340.668,52.858,4.456,0.245,0.016,43.792625,39.333763,34.699867,31.686779,27.241611,22.875124,19.302294,16.342831,13.353324,12.378050,10.875213,10.494023,9.739117,9.263079,7.103817,21.279835,6.419998,1.946142,0.949083,0.172211,0.200236,0.094524,0.116623,0.149935,0.094064,0.022450,0.077388,0.072649,0.066957,0.083394,0.133785,0.061592,0.094325,0.044108,0.045394,0.061242
62700,62759,62730,873.534,36.565,335.586,51.660,4.366,0.247,0.015,43.504070,38.412060,33.777821,31.064339,25.906610,22.050610,19.675322,16.452824,13.909913,12.011271,11.139754,10.421029,10.056479,8.861242,6.635134,20.949217,6.694754,1.675867,0.938770,0.205970,0.163256,0.078804,0.105630,0.067023,0.067256,0.073434,0.050331,0.073010,0.066719,0.096075,0.123387,0.078238,0.033381,0.022062,0.077111,0.067029
62760,62819,62790,873.543,36.557,328.830,50.912,4.337,0.248,0.015,42.970478,38.250874,33.505283,29.495508,25.881330,22.024939,18.166574,15.897882,13.909839,11.814178,10.756637,10.163591,9.489388,8.832111,6.668656,20.429901,6.447378,1.755148,0.916342,0.199058,0.096406,0.107279,0.089870,0.089875,0.095737,0.061420,0.079942,0.078871,0.061978,0.089495,0.112365,0.067401,0.061492,0.039097,0.050593,0.073144
62820,62879,62850,873.525,36.382,324.884,49.606,4.054,0.239,0.014,41.173412,37.471916,33.141861,29.091154,25.734560,21.315693,18.386723,16.153088,13.780769,11.403836,10.810123,9.897908,10.024691,8.664606,6.908940,20.226519,6.799797,1.822583,0.827142,0.171990,0.083903,0.095089,0.060098,0.060499,0.061008,0.072526,0.055821,0.055320,0.077805,0.071799,0.127752,0.083377,0.044525,0.044236,0.027575,0.055858
62880,62939,62910,873.520,36.241,317.275,50.212,4.521,0.260,0.015,40.620304,37.052147,33.299088,28.020515,25.410030,20.826427,17.808857,15.647903,13.186757,11.297822,10.296775,9.667727,9.253342,8.496154,6.822755,19.637377,5.929795,1.640568,0.864774,0.149708,0.177298,0.093808,0.066897,0.065765,0.072602,0.084603,0.044019,0.095098,0.077877,0.094489,0.144580,0.039195,0.061197,0.078257,0.078029,0.072729
62940,62999,62970,873.536,36.209,314.265,47.820,3.805,0.230,0.014,40.971531,36.334427,32.083328,28.168638,24.784504,20.528770,17.284014,15.583603,13.195483,11.209361,10.291264,9.907796,9.426502,8.316800,6.510705,19.751701,5.925177,1.808077,0.861770,0.188717,0.106740,0.094563,0.039379,0.167115,0.090250,0.043843,0.032744,0.039194,0.106096,0.071952,0.106394,0.061739,0.067171,0.027840,0.039376,0.038480
63000,63059,63030,873.545,36.131,324.684,49.659,4.164,0.243,0.014,40.767876,37.743603,32.281528,29.949305,26.099426,22.269304,18.908657,15.993993,13.354271,11.920309,10.609714,9.382816,9.616837,8.729657,6.890511,19.973005,6.203082,1.677172,0.984022,0.160232,0.188938,0.061000,0.083441,0.055296,0.061652,0.050039,0.072965,0.071961,0.049327,0.111351,0.088301,0.083744,0.033390,0.045050,0.044935,0.067677
63060,63119,63090,873.544,36.221,304.040,44.495,3.146,0.205,0.012,39.125446,35.324043,31.078342,27.538666,24.008598,20.293642,17.410053,14.394190,12.864519,11.271053,9.760720,9.430293,8.744128,8.146153,6.569850,18.762831,6.094720,1.452026,0.714682,0.166434,0.127216,0.072083,0.044178,0.100793,0.067200,0.072318,0.055665,0.027860,0.044436,0.022159,0.083441,0.028252,0.049956,0.021653,0.027753,0.044677
63120,63179,63150,873.537,36.293,294.777,44.485,3.570,0.233,0.013,38.832668,34.862484,29.300325,26.331602,23.391891,19.254959,16.603529,14.114751,12.523670,10.444609,9.406358,9.524317,8.861436,7.627489,6.318996,18.228319,5.886625,1.383959,0.741841,0.137311,0.136842,0.061195,0.082856,0.066350,0.032854,0.044180,0.044588,0.055040,0.071983,0.071957,0.116677,0.061345,0.038386,0.038285,0.021970,0.055598
63180,63239,63210,873.571,36.328,299.504,46.260,3.994,0.247,0.014,38.815655,34.998825,30.084963,26.717560,23.290014,19.598225,16.488844,14.423867,12.502180,10.939940,10.018129,9.484836,8.789690,7.985709,6.587580,18.997065,6.033453,1.671987,0.805477,0.224226,0.155321,0.100297,0.050151,0.044586,0.050576,0.038700,0.060548,0.044246,0.033148,0.066738,0.111832,0.095608,0.061299,0.022117,0.038835,0.072012
63240,63299,63270,873.583,36.189,292.750,43.223,3.013,0.202,0.012,38.151127,33.605431,29.201513,26.014772,22.725592,19.590183,16.492491,14.266499,12.627920,10.564128,9.717421,8.874635,8.664368,7.995175,6.580305,18.471924,5.965668,1.486653,0.687439,0.150590,0.154842,0.077978,0.088051,0.050112,0.044135,0.060958,0.089671,0.055643,0.022315,0.060793,0.072596,0.011111,0.016520,0.039202,0.027705,0.044226
63300,63359,63330,873.568,36.100,295.745,44.550,3.529,0.229,0.013,38.678150,33.948856,29.883814,26.872858,23.162020,19.357775,16.917608,14.189190,12.297153,11.445356,9.760035,9.338026,8.391135,7.985456,6.143067,18.165886,5.661401,1.701962,0.682807,0.105123,0.155957,0.116781,0.061487,0.061585,0.084109,0.050371,0.044491,0.049781,0.044888,0.077633,0.105173,0.061104,0.033621,0.033092,0.010824,0.066472
63360,63419,63390,873.566,36.059,283.948,42.263,3.209,0.223,0.012,36.961025,32.635380,28.834215,25.277435,22.266464,18.983154,15.892524,13.777891,11.511343,10.888706,9.335155,9.067262,8.483396,7.398060,6.389122,17.505901,5.529460,1.498082,0.736896,0.083684,0.094352,0.116191,0.076761,0.044531,0.061915,0.033323,0.038666,0.044485,0.044502,0.071716,0.072562,0.050153,0.049353,0.021925,0.027990,0.044860
63420,63479,63450,873.572,35.977,250.157,37.162,2.828,0.219,0.010,32.803883,28.377443,24.986681,22.059792,19.267183,16.127909,13.916699,11.812431,10.544201,9.012375,8.513931,7.937654,7.832424,7.201633,5.487880,16.350311,5.132742,1.278245,0.700796,0.140604,0.123723,0.039294,0.033740,0.045423,0.011010,0.028250,0.051205,0.039970,0.028002,0.045509,0.044752,0.079481,0.022697,0.016582,0.034462,0.027868
63480,63539,63510,873.577,35.987,241.158,36.162,2.668,0.215,0.010,31.403713,27.686792,23.588522,21.424986,18.678143,15.689760,13.426603,11.551118,10.097657,9.002214,8.428249,7.948940,7.435866,6.592079,5.287680,15.013919,4.930203,1.463235,0.661073,0.122392,0.087736,0.061691,0.043740,0.060882,0.061798,0.043718,0.022252,0.049633,0.049437,0.060973,0.033235,0.022193,0.038398,0.011028,0.027944,0.050355
63540,63599,63570,873.602,36.059,232.406,34.653,2.509,0.210,0.010,30.289183,26.246824,23.005655,20.680168,17.880686,15.435066,12.965331,10.677874,9.882647,8.549901,7.985641,7.583831,7.182543,6.461495,4.956889,15.140284,4.639766,1.436942,0.600365,0.138916,0.077975,0.077151,0.054987,0.033093,0.011057,0.067242,0.027558,0.027757,0.016695,0.033976,0.099853,0.038775,0.022212,0.055745,0.005574,0.016030
63600,63659,63630,873.594,36.095,233.098,34.614,2.614,0.216,0.009,30.948484,26.566877,23.299715,20.804220,18.500698,15.177992,12.520253,11.371824,9.773208,8.504962,7.920022,7.573256,7.031039,6.433669,5.093094,14.317910,4.604296,1.359601,0.557314,0.111775,0.083513,0.044334,0.038619,0.033195,0.050154,0.022408,0.050383,0.039176,0.032960,0.022359,0.049769,0.022308,0.027222,0.022491,0.016898,0.071649
63660,63719,63690,873.601,36.201,235.949,34.121,2.355,0.198,0.009,30.867470,27.427019,23.062838,20.842442,18.687201,15.645413,12.821233,11.541326,9.942179,8.917535,7.929045,7.657608,7.217573,6.742942,4.831631,14.668849,4.606600,1.266677,0.607641,0.094386,0.087867,0.032983,0.049794,0.033095,0.055117,0.021810,0.022587,0.022426,0.032924,0.010920,0.078354,0.044804,0.017108,0.022608,0.022119,0.016621
63720,63779,63750,873.615,36.251,235.743,35.435,2.757,0.223,0.010,30.445147,26.886869,23.817865,20.945492,18.693611,15.395317,13.021301,11.524048,9.568568,8.819930,7.587340,7.582480,7.061650,6.600962,5.398693,15.021327,4.744124,1.275728,0.526972,0.122769,0.044548,0.087990,0.049606,0.044020,0.033181,0.027954,0.039355,0.071971,0.022143,0.022027,0.089026,0.044714,0.038556,0.016787,0.027398,0.044116
63780,63839,63810,873.629,36.183,232.049,34.065,2.440,0.206,0.009,30.857262,26.882038,23.255726,20.758533,17.586830,15.071579,12.930651,11.053926,9.458700,8.878395,7.598376,7.741819,7.039865,6.458052,4.922000,14.446542,4.495658,1.235495,0.578882,0.122149,0.111581,0.044392,0.083350,0.027470,0.028144,0.055615,0.038764,0.027969,0.027491,0.055736,0.039025,0.038155,0.022014,0.022062,0.038589,0.016322
63840,63899,63870,873.628,36.090,231.796,32.851,2.048,0.183,0.009,30.695347,26.694418,22.972128,20.134970,17.985428,15.240599,12.900198,11.615151,9.744183,8.362160,7.967364,7.844706,6.700743,6.510512,4.831547,14.447847,4.634191,1.334872,0.546895,0.116645,0.044764,0.100150,0.072462,0.038599,0.016614,0.027549,0.039421,0.000000,0.021824,0.022063,0.055779,0.038557,0.016576,0.000000,0.000000,0.022080
63900,63959,63930,873.640,36.041,232.464,34.368,2.485,0.210,0.009,29.616976,26.870646,23.322041,21.168978,17.923248,15.403629,12.796064,11.478549,9.541199,8.625156,8.199656,7.544421,7.108604,6.434319,4.983704,13.903481,4.676849,1.508033,0.571813,0.143751,0.094582,0.044389,0.055430,0.016409,0.061271,0.049682,0.032906,0.016803,0.033363,0.033773,0.060921,0.033612,0.044382,0.010702,0.022046,0.032949
63960,64019,63990,873.617,36.018,245.674,35.170,2.320,0.190,0.009,31.989193,27.506027,24.998276,21.501190,19.288389,16.305666,14.175390,12.016306,10.362296,8.840749,8.448746,7.831409,7.778458,6.860118,5.171819,15.502488,4.673444,1.179020,0.589709,0.116845,0.099580,0.028178,0.056073,0.016542,0.027523,0.016668,0.022155,0.039138,0.033444,0.021895,0.050128,0.026867,0.038871,0.022342,0.022223,0.016895
64020,64079,64050,873.612,36.123,264.838,39.051,2.879,0.214,0.011,35.228867,30.204203,26.635071,23.402918,20.931894,17.737953,14.466971,13.393949,11.145049,10.054832,8.676578,8.254996,7.888463,7.464845,5.592382,15.782231,5.000769,1.381438,0.674091,0.116807,0.083243,0.049684,0.061251,0.066150,0.055123,0.033429,0.060951,0.060478,0.033397,0.071842,0.071922,0.044341,0.039812,0.016576,0.028026,0.027515
64080,64139,64110,873.603,36.302,274.135,40.087,2.805,0.201,0.011,36.562889,31.742649,27.187712,24.696276,21.152761,18.210306,14.923674,13.024348,10.977264,10.461461,9.117664,8.668709,8.392845,7.500670,6.171397,16.923876,5.169211,1.653592,0.657536,0.172051,0.093848,0.078182,0.083014,0.043959,0.061667,0.043978,0.038795,0.049599,0.043191,0.060415,0.021962,0.033065,0.033272,0.011114,0.032915,0.038792
64140,64199,64170,873.614,36.342,281.934,41.091,2.986,0.209,0.011,36.849800,32.664940,29.125174,25.700390,22.246481,19.106607,15.952030,13.500362,11.198812,10.135573,9.238864,8.800466,8.532222,8.105282,5.889115,16.445940,5.144241,1.571785,0.725908,0.133131,0.139473,0.067314,0.077469,0.055067,0.056436,0.072742,0.049545,0.016201,0.044123,0.054752,0.072151,0.066985,0.022022,0.027949,0.022194,0.022625
64200,64259,64230,873.602,36.325,291.632,42.127,3.009,0.207,0.011,38.348804,34.540989,29.478952,26.233309,22.671469,20.100292,16.911600,14.274757,12.217358,10.401272,9.623437,9.201973,8.607166,7.565964,5.906967,17.183273,5.163528,1.565777,0.732931,0.122611,0.077871,0.044061,0.044320,0.100177,0.055823,0.033527,0.066443,0.039139,0.033473,0.044883,0.077567,0.044044,0.028178,0.033906,0.011357,0.044454
64260,64319,64290,873.583,36.327,285.941,42.442,3.292,0.227,0.012,37.743279,33.353786,29.294701,26.320995,22.145227,19.120010,15.897522,13.958641,12.159546,9.961443,8.942783,8.826229,8.724398,7.552847,6.257020,17.100559,5.365200,1.481323,0.718911,0.116554,0.072616,0.061298,0.083050,0.038503,0.038864,0.066980,0.066916,0.077727,0.039365,0.088548,0.071553,0.066718,0.044050,0.028028,0.011303,0.044808
64320,64379,64350,873.565,36.351,285.275,42.082,3.127,0.216,0.011,37.591652,33.048679,28.983013,25.291231,22.222048,18.481770,15.952170,13.977045,11.730926,10.776268,9.343753,9.190584,8.552743,8.036717,6.104045,17.388668,5.263395,1.544211,0.779406,0.162225,0.116372,0.072590,0.056108,0.060929,0.056111,0.050411,0.033530,0.061140,0.056128,0.056197,0.045067,0.061807,0.039193,0.022028,0.044343,0.022641
64380,64439,64410,873.571,36.347,281.794,41.338,3.040,0.211,0.011,37.208698,32.609444,28.023500,26.537535,22.165371,18.647163,15.992362,13.571995,11.977602,9.830237,9.101110,9.004793,8.556703,7.785562,5.937265,16.368599,5.202005,1.470025,0.785492,0.144066,0.176452,0.088618,0.055961,0.049958,0.044934,0.045498,0.045081,0.027891,0.044282,0.038967,0.101113,0.038386,0.010990,0.016799,0.044442,0.044890
64440,64499,64470,873.584,36.454,281.493,40.937,2.994,0.210,0.011,37.302494,33.550999,28.770369,26.163994,21.776121,18.649773,15.686185,13.567870,11.658645,10.379993,9.019024,8.669576,7.653172,7.433672,6.084015,16.747641,5.352671,1.498155,0.650929,0.125079,0.079714,0.068073,0.063019,0.034561,0.051392,0.045745,0.028304,0.056524,0.022846,0.045838,0.079506,0.039527,0.017259,0.056917,0.028714,0.034415
64500,64559,64530,873.573,36.489,282.794,41.133,2.946,0.207,0.011,37.482769,32.505589,29.085829,26.031536,22.214888,18.235065,16.091019,13.218890,11.851711,9.700782,9.312510,8.792587,8.733689,7.867856,6.042758,17.129181,5.644609,1.252445,0.636460,0.149608,0.143950,0.082820,0.077689,0.061530,0.033226,0.049438,0.027603,0.021845,0.049752,0.044013,0.044573,0.039242,0.055074,0.005342,0.033060,0.044663
64560,64619,64590,873.563,36.510,282.199,41.618,3.229,0.224,0.011,36.872936,33.346073,28.370714,26.148809,21.967438,18.720049,15.775590,13.694986,11.849694,10.024875,8.965590,9.162297,8.178918,7.726602,5.834728,17.219694,5.248002,1.497417,0.675653,0.120890,0.110382,0.098823,0.027620,0.045072,0.033047,0.044352,0.028027,0.033156,0.066604,0.055172,0.044191,0.055588,0.033188,0.022512,0.033587,0.066426
64620,64679,64650,873.557,36.539,284.204,42.278,3.334,0.229,0.012,37.377953,33.311852,29.210554,25.573153,22.935560,19.255198,15.756059,13.417274,11.677898,10.325192,9.643164,8.863819,8.409689,7.410760,6.139273,16.363630,5.328598,1.418418,0.756452,0.138497,0.116252,0.060663,0.055429,0.049860,0.044583,0.038774,0.088796,0.049729,0.033573,0.082820,0.071633,0.044047,0.033490,0.022138,0.016378,0.082458
64680,64739,64710,873.553,36.682,289.370,42.700,3.398,0.231,0.012,38.579033,34.017818,29.439734,26.452316,22.480234,19.786484,16.542877,13.929903,11.626835,10.920372,9.020103,9.131147,8.449984,7.894272,5.943883,16.880978,5.153360,1.496500,0.611582,0.121648,0.083570,0.055855,0.061272,0.061100,0.083933,0.033233,0.043932,0.067541,0.044071,0.067043,0.067051,0.072785,0.027569,0.032981,0.044428,0.044514
64740,64799,64770,873.553,36.645,283.957,42.406,3.326,0.230,0.012,37.855080,33.191048,28.505638,25.743010,21.877102,19.498140,15.663083,13.129907,12.033781,10.428076,9.473985,9.168773,8.715655,7.660435,5.825201,16.698187,5.116868,1.572565,0.745720,0.105536,0.117271,0.093976,0.033062,0.077677,0.033034,0.078057,0.033214,0.049122,0.078456,0.061395,0.077298,0.056231,0.083299,0.010929,0.022454,0.044250
