CampaignData_and_Merges/R0/CSL_MobileLab_Parked/raw/20240805/USOS-HCHO_MobileLabGround_20240805_R0.ict
35,1001
Huang, Yaoxian
Wayne State University
Picarro G2307 on CSL Mobile Lab
USOS
1,1
2024,08,05,2024,08,09
1.0
Time_Start,seconds_since_midnight,number_of_seconds_since_0000_UTC
3
1.0,1.0,1.0
-9999.0,-9999.0,-9999.0
HCHO,ppbv,Gas_HCHO_InSitu_S_AVMR,volume mixing ratio of formaldehyde in air
H2O,ppmv,Gas_H2O_InSitu_S_AVMR,volume mixing ratio of water vapor in air
CH4,ppmv,Gas_CH4_InSitu_S_AVMR,volume mixing ratio of methane in air
0
18
PI_CONTACT_INFO: yaoxian.huang@wayne.edu
PLATFORM: CSL Mobile Lab, at Ground Site
LOCATION: Salt Lake City, UT
ASSOCIATED_DATA: N/A
INSTRUMENT_INFO: Cavity Ring-Down Spectrometer
DATA_INFO: Data is averaged to 1 minute intervals for stationary and 1 second interval for driving. Stationary data collected from a 20 ft tower on top of the mobile lab.
UNCERTAINTY: N/A
ULOD_FLAG: -7777
ULOD_VALUE: N/A
LLOD_FLAG: -8888
LLOD_VALUE: N/A
DM_CONTACT_INFO: Yaoxian Huang; yaoxian.huang@wayne.edu
PROJECT_INFO: USOS, Summer 2024. https://csl.noaa.gov/groups/csl7/measurements/2024usos/
STIPULATIONS_ON_USE: Users are strongly encouraged to contact the PI for proper data usage.
OTHER_COMMENTS: Data have been shifted backwards by 1 minute to align with USOS MetNav and Picarro GHG data.
REVISION: R0
R0: Final Data
Time_Start,HCHO,H2O,CH4
0,1.93755,14924.6,1.89784
60,1.98498,14418.7,1.89443
120,2.06447,14708.8,1.89425
180,2.23825,15255.9,1.8937
240,2.1371,14493.9,1.89288
300,2.30909,14982.2,1.89212
360,2.38446,14902.6,1.89315
420,2.16063,14398.7,1.8937
480,1.85807,13777.1,1.8941
540,2.25815,14127.7,1.89393
600,2.3695,14325.0,1.89558
660,2.21072,14680.5,1.89509
720,2.23399,14983.3,1.8988
780,2.36735,14735.5,1.89665
840,2.26221,14566.0,1.89726
900,1.91732,14379.0,1.89362
960,2.04725,14447.9,1.89515
1020,2.11893,14368.4,1.8967
1080,1.90992,14738.0,1.89436
1140,2.07984,14583.8,1.89296
1200,1.98112,14359.0,1.89285
1260,1.9554,14489.6,1.89228
1320,1.83694,14557.2,1.89428
1380,1.93895,14496.3,1.89336
1440,2.14632,14608.1,1.89372
1500,2.17178,14546.5,1.89367
1560,2.08443,14036.9,1.89333
1620,1.71993,14094.5,1.89435
1680,1.78858,14112.2,1.89322
1740,1.90871,14157.4,1.89333
1800,1.92149,13962.2,1.89481
1860,2.06268,14258.1,1.89255
1920,1.8503,14286.7,1.89245
1980,1.96937,14700.6,1.89303
2040,2.12772,14434.5,1.89331
2100,2.1284,14458.6,1.892
2160,1.83324,14260.1,1.89223
2220,2.12228,14331.1,1.89239
2280,2.31894,14245.5,1.89455
2340,2.17808,14616.6,1.89289
2400,2.381,14978.7,1.89297
2460,2.2933,15206.6,1.89536
2520,2.19202,14342.4,1.89738
2580,2.31588,14521.6,1.89783
2640,2.59148,14891.6,1.90024
2700,2.12444,14615.7,1.9036
2760,2.15614,14453.2,1.90303
2820,2.07756,14913.6,1.90361
2880,2.20373,14889.5,1.90865
2940,2.23885,15012.7,1.91098
3000,1.84459,14917.1,1.91585
3060,2.20194,14648.6,1.91239
3120,2.36146,14872.9,1.91024
3180,2.47506,14878.0,1.90942
3240,2.09848,15014.2,1.90774
3300,2.1989,14693.9,1.90388
3360,2.01925,14309.3,1.90233
3420,2.14601,14500.0,1.90329
3480,2.22634,14113.4,1.90379
3540,1.80241,13634.0,1.90188
3600,1.83155,13628.8,1.90552
3660,1.83916,13810.0,1.90468
3720,2.17288,14140.3,1.90761
3780,2.28835,14689.4,1.90671
3840,2.17561,14896.9,1.90802
3900,2.11326,14573.0,1.9062
3960,2.18837,14673.0,1.90807
4020,2.43813,14967.3,1.90865
4080,2.37714,14805.5,1.90737
4140,2.36563,14959.2,1.9061
4200,2.27389,14963.7,1.90391
4260,2.28169,15168.1,1.90574
4320,2.33264,15130.6,1.90591
4380,2.0948,14995.8,1.90745
4440,1.93835,14075.2,1.90314
4500,2.13756,14455.7,1.90544
4560,2.08993,14317.7,1.90348
4620,2.08882,14559.9,1.90465
4680,2.16454,14362.3,1.90278
4740,2.2569,14232.6,1.90259
4800,2.19912,14237.5,1.90275
4860,2.0817,14386.5,1.90317
4920,1.88828,14142.4,1.90519
4980,2.28482,14490.0,1.90198
5040,2.18698,14117.6,1.90525
5100,2.18214,14186.4,1.90209
5160,1.97966,14138.6,1.90074
5220,1.94649,14448.3,1.90052
5280,1.78633,13945.9,1.90513
5340,1.96491,14127.7,1.90627
5400,2.10561,14258.2,1.90382
5460,2.29451,14214.3,1.90166
5520,1.95085,14081.5,1.90224
5580,2.11812,13837.6,1.90575
5640,2.29433,14392.8,1.90512
5700,2.23886,14211.5,1.90518
5760,2.48003,14683.8,1.90613
5820,2.29367,14678.1,1.90345
5880,2.10345,14388.5,1.90734
5940,2.0826,14155.2,1.90466
6000,2.16154,14447.3,1.90687
6060,2.22951,14238.4,1.90554
6120,2.23517,14237.4,1.90586
6180,2.29173,14433.2,1.90395
6240,2.03018,14068.7,1.90514
6300,2.24653,14304.5,1.90212
6360,2.09545,14178.4,1.90229
6420,2.07151,13644.3,1.90523
6480,1.91368,13577.8,1.90544
6540,1.81627,13555.0,1.90559
6600,2.38545,14032.6,1.90447
6660,1.957,13672.2,1.90385
6720,2.37805,13920.6,1.90561
6780,2.38441,14473.1,1.90918
6840,2.38326,13866.5,1.90576
6900,2.28195,13726.8,1.90537
6960,2.2176,13723.8,1.91013
7020,2.02695,13524.8,1.91008
7080,2.16635,13632.5,1.90698
7140,1.92568,12969.7,1.90634
7200,1.85075,12935.4,1.90362
7260,1.85555,13223.3,1.90471
7320,1.98683,13319.6,1.90554
7380,2.08724,13643.5,1.9061
7440,2.11771,13758.0,1.90873
7500,2.00919,13877.0,1.90723
7560,2.17962,13863.3,1.90413
7620,2.27374,13965.2,1.90884
7680,2.33777,14114.4,1.90933
7740,2.23897,14167.8,1.90801
7800,2.29217,13970.5,1.90805
7860,2.50093,14227.6,1.90566
7920,2.36844,14335.6,1.90657
7980,2.38729,14455.4,1.9111
8040,2.73639,14366.4,1.91031
8100,2.45227,14468.7,1.91121
8160,2.4912,14600.0,1.90957
8220,2.66883,14531.0,1.90976
8280,2.16267,14384.2,1.90984
8340,2.50118,14593.7,1.91048
8400,2.7977,14441.8,1.91072
8460,2.63744,14733.1,1.91645
8520,2.71948,14530.6,1.91297
8580,2.67112,14625.6,1.91323
8640,2.68382,14697.5,1.91233
8700,2.72129,14661.6,1.91452
8760,2.7911,14814.7,1.9128
8820,2.70177,14657.9,1.91341
8880,2.9947,14793.8,1.91656
8940,3.17417,14871.7,1.91728
9000,3.06918,14934.1,1.91565
9060,2.99091,14861.2,1.92031
9120,3.06985,14993.3,1.92116
9180,3.04871,15038.3,1.92024
9240,3.09818,15100.0,1.91903
9300,3.28242,15187.5,1.92323
9360,3.26676,15351.4,1.92321
9420,3.2696,15075.2,1.92205
9480,3.07112,14925.8,1.92023
9540,2.69464,14929.2,1.9174
9600,3.10223,15054.1,1.9215
9660,3.15908,14826.3,1.9181
9720,2.90416,14854.5,1.91783
9780,3.02249,14841.9,1.91602
9840,2.99836,14867.7,1.9182
9900,3.01861,14838.6,1.91748
9960,2.88421,14870.2,1.91748
10020,3.04633,14964.3,1.91875
10080,2.94319,14986.0,1.91759
10140,3.11916,15022.0,1.9176
10200,2.79281,14900.7,1.91946
10260,2.82249,14797.0,1.91619
10320,2.83251,14816.9,1.91839
10380,2.76028,14698.6,1.91775
10440,2.86241,14756.1,1.92161
10500,2.86886,14696.8,1.91969
10560,3.01044,14636.7,1.91974
10620,2.92907,14865.2,1.92288
10680,2.90991,14638.6,1.91891
10740,2.76561,14613.2,1.92196
10800,2.84067,14639.9,1.92457
10860,2.65903,14563.4,1.92081
10920,2.69292,14542.6,1.92076
10980,2.94718,14534.3,1.92066
11040,2.92273,14567.0,1.91818
11100,2.80867,14541.0,1.91809
11160,2.52478,14617.0,1.92044
11220,2.95972,14631.7,1.91979
11280,2.59794,14677.7,1.9206
11340,3.03782,14645.3,1.92129
11400,2.7693,14787.1,1.9189
11460,2.62991,14570.2,1.91792
11520,2.9437,14699.2,1.9187
11580,2.7226,14589.0,1.91782
11640,2.88986,14595.1,1.92165
11700,2.84357,14545.0,1.91807
11760,2.7964,14513.1,1.91748
11820,2.74468,14407.0,1.91725
11880,2.58816,14452.0,1.91801
11940,2.59035,14326.2,1.91464
12000,2.66546,14307.5,1.91419
12060,2.74832,14299.4,1.91335
12120,2.34764,14305.7,1.9122
12180,2.22631,14134.9,1.9121
12240,2.44836,14075.5,1.90872
12300,2.40949,14145.8,1.90893
12360,2.22154,14157.4,1.90895
12420,2.42781,14039.3,1.90962
12480,2.57839,13948.2,1.90663
12540,2.48236,13861.9,1.90566
12600,2.40911,13890.8,1.90779
12660,2.39123,13737.4,1.90845
12720,2.24834,13751.4,1.90798
12780,2.30043,13702.7,1.90647
12840,2.43297,13680.7,1.90776
12900,2.16436,13728.4,1.90786
12960,2.14987,14200.3,1.90472
13020,2.29545,13825.1,1.90399
13080,2.258,13704.6,1.90608
13140,2.2661,13631.9,1.90374
13200,2.02708,13539.5,1.905
13260,2.45546,13892.3,1.90542
13320,2.29653,13473.1,1.90458
13380,2.02422,13396.3,1.90407
13440,2.18044,13570.9,1.90498
13500,2.03119,13508.9,1.90265
13560,2.15221,13345.3,1.906
13620,2.02187,13503.2,1.90472
13680,2.23079,13851.6,1.90276
13740,1.98688,13652.1,1.90138
13800,2.0801,13586.7,1.90213
13860,2.15368,13378.6,1.90278
13920,1.89383,13376.9,1.90244
13980,1.97765,13067.3,1.90311
14040,2.15085,13352.5,1.90066
14100,1.89168,13516.7,1.89964
14160,1.99661,13343.4,1.90394
14220,2.00057,13545.0,1.90342
14280,1.94765,13241.8,1.90297
14340,2.06097,13293.4,1.9029
14400,1.99293,13510.2,1.90271
14460,1.95129,13004.7,1.90527
14520,2.22394,12974.3,1.90215
14580,1.97138,13363.1,1.90178
14640,1.80229,13621.2,1.89798
14700,2.11296,13179.6,1.89853
14760,1.73652,12747.6,1.89934
14820,2.12883,13239.8,1.90424
14880,2.09391,12993.5,1.90212
14940,1.84151,13118.1,1.90114
15000,1.68719,12750.4,1.90195
15060,1.9317,12618.1,1.90156
15120,2.11731,12691.7,1.90127
15180,1.82151,12912.8,1.90371
15240,1.99866,12618.5,1.89987
15300,1.8106,12850.3,1.9011
15360,1.87008,13082.5,1.90483
15420,1.6336,12742.6,1.90162
15480,1.95097,12838.6,1.90274
15540,1.72102,12606.5,1.902
15600,1.72523,12891.2,1.90083
15660,1.96729,12714.3,1.90184
15720,2.10944,12584.9,1.90529
15780,1.93178,12680.8,1.90482
15840,1.92308,12558.9,1.9042
15900,2.08626,12810.5,1.90356
15960,1.6856,12670.0,1.9049
16020,1.96121,12608.8,1.90534
16080,2.22786,12800.7,1.9108
16140,1.82043,12705.6,1.91056
16200,2.02137,12736.8,1.90913
16260,2.17177,12678.3,1.91229
16320,2.05154,12784.9,1.91279
16380,2.09314,12684.1,1.9125
16440,1.92452,12639.9,1.90833
16500,2.00657,12689.1,1.90757
16560,2.07069,12865.5,1.90679
16620,1.9651,12749.2,1.90209
16680,1.69272,12746.6,1.90435
16740,1.79398,12780.3,1.90297
16800,1.7778,12450.8,1.90245
16860,1.76718,12634.2,1.90211
16920,2.00096,12859.7,1.90048
16980,1.59444,12483.5,1.89994
17040,1.60331,12354.6,1.90223
17100,1.77225,12357.8,1.90137
17160,1.66515,12391.5,1.90249
17220,1.85424,12482.1,1.9056
17280,1.82213,12403.8,1.90288
17340,1.87693,12530.6,1.90805
17400,1.91195,12494.9,1.90684
17460,2.0475,12478.4,1.90721
17520,1.90426,12461.5,1.90336
17580,1.81883,12424.6,1.90601
17640,1.93417,12382.3,1.90446
17700,1.87706,12803.2,1.90455
17760,1.86606,12696.1,1.89967
17820,1.59157,12866.5,1.90139
17880,1.87433,12812.4,1.90187
17940,1.81968,12601.8,1.90337
18000,1.80948,12614.2,1.90257
18060,1.82016,12475.2,1.90239
18120,1.96374,12924.0,1.90168
18180,1.86301,12732.6,1.90242
18240,1.56283,12609.3,1.90184
18300,1.57865,12853.4,1.90223
18360,1.45391,12594.2,1.90484
18420,1.85896,12718.2,1.90545
18480,1.83294,12542.0,1.90223
18540,1.81592,12966.1,1.90377
18600,1.69481,12969.0,1.90226
18660,1.87672,12706.4,1.90234
18720,1.701,12475.1,1.90345
18780,1.5622,12447.5,1.90284
18840,1.89372,12559.3,1.90427
18900,1.71494,12797.2,1.90291
18960,1.89262,12649.1,1.90188
19020,1.87658,12471.7,1.901
19080,1.66371,12379.0,1.90323
19140,1.65862,12550.1,1.90425
19200,1.72086,12762.2,1.90182
19260,1.61999,12345.8,1.90205
19320,1.76456,12776.3,1.90012
19380,1.45764,12385.7,1.90321
19440,1.49907,12399.2,1.90426
19500,1.60505,12662.3,1.90456
19560,1.79516,12655.5,1.904
19620,1.64405,12916.9,1.90361
19680,1.83595,12775.9,1.90016
19740,1.64498,12712.8,1.90301
19800,1.8102,12668.1,1.90321
19860,1.61583,12791.7,1.90327
19920,1.78305,12591.9,1.90004
19980,1.68546,12569.1,1.90255
20040,1.85806,12303.1,1.90423
20100,1.58823,12341.9,1.90404
20160,1.67977,12254.6,1.90291
20220,1.48493,12290.3,1.90092
20280,1.50415,12639.9,1.90048
20340,1.73094,12819.7,1.90164
20400,1.79476,12565.1,1.90105
20460,1.59923,12453.2,1.90426
20520,1.57437,12547.5,1.90131
20580,1.54077,12472.7,1.90594
20640,1.65854,12352.7,1.90502
20700,1.6732,12373.3,1.90509
20760,1.74882,12300.7,1.90353
20820,1.53666,12748.6,1.90342
20880,1.53641,12503.4,1.9033
20940,1.36492,12122.4,1.90352
21000,1.75108,12559.4,1.90503
21060,1.61556,12292.2,1.90153
21120,1.84717,12245.5,1.90365
21180,1.92203,12478.3,1.90703
21240,1.93357,12846.0,1.91205
21300,1.80333,12607.1,1.90838
21360,1.80909,12624.3,1.90867
21420,1.46449,12310.4,1.90635
21480,1.73041,12219.0,1.90697
21540,1.76096,12248.6,1.90277
21600,1.74202,12327.6,1.90351
21660,1.44256,12045.4,1.90364
21720,1.56472,12045.2,1.9062
21780,1.69039,12190.6,1.90755
21840,1.72621,12126.1,1.90764
21900,1.82845,12344.5,1.90686
21960,1.67576,12184.9,1.90619
22020,1.70895,12317.5,1.90702
22080,1.59671,12512.2,1.91104
22140,1.79202,12375.4,1.9122
22200,1.46244,12008.6,1.90376
22260,1.31008,12087.2,1.90675
22320,1.67293,12128.5,1.90533
22380,1.64021,12063.3,1.90542
22440,1.59509,12164.6,1.90652
22500,1.49349,12140.9,1.91008
22560,1.66227,12354.4,1.91397
22620,1.66196,12153.2,1.91157
22680,1.81677,12225.4,1.91411
22740,1.42416,12166.9,1.90656
22800,1.4929,12081.8,1.90799
22860,1.66307,12188.8,1.9044
22920,1.53407,11965.7,1.90316
22980,1.72121,12138.1,1.90745
23040,1.50846,11964.3,1.9083
23100,1.68369,11835.0,1.90835
23160,1.45145,11827.6,1.90505
23220,1.50945,11850.3,1.90529
23280,1.41025,11805.9,1.9022
23340,1.43968,11880.2,1.90307
23400,1.59127,11858.3,1.902
23460,1.67612,11866.7,1.90334
23520,1.38402,12027.0,1.90389
23580,1.77264,12223.4,1.90857
23640,1.66316,12295.5,1.90597
23700,1.64039,12283.3,1.90868
23760,1.86276,12354.6,1.9115
23820,1.79628,12388.7,1.90793
23880,1.64473,12244.0,1.90534
23940,1.78408,12582.8,1.91445
24000,1.64836,12393.1,1.90806
24060,1.49518,12354.4,1.90799
24120,1.75556,12606.0,1.9134
24180,1.73156,12289.6,1.90891
24240,1.48248,12327.1,1.90868
24300,1.7468,12411.6,1.91151
24360,2.02856,12762.8,1.91153
24420,2.04028,12481.1,1.91157
24480,1.78023,12704.5,1.91326
24540,1.78102,12696.1,1.91663
24600,1.89065,12776.2,1.91498
24660,1.82814,12563.7,1.91275
24720,1.79671,12452.8,1.9101
24780,1.55314,12366.7,1.90721
24840,1.65058,12205.3,1.90795
24900,1.32246,12186.9,1.90326
24960,1.64388,12181.4,1.90816
25020,1.44131,12154.7,1.90441
25080,1.57871,12080.3,1.90216
25140,1.5283,12092.8,1.903
25200,1.47561,12035.3,1.89967
25260,1.64902,12021.4,1.90288
25320,1.34364,12093.8,1.90034
25380,1.6898,12052.6,1.90469
25440,1.65634,12141.2,1.90362
25500,1.62601,12111.6,1.90316
25560,1.81395,12221.6,1.90345
25620,1.52878,12057.1,1.90373
25680,1.55531,12183.6,1.90273
25740,1.74424,12451.9,1.90266
25800,1.64495,12101.8,1.90256
25860,1.65411,12205.0,1.9022
25920,1.53832,12138.9,1.90458
25980,1.59648,12082.0,1.90416
26040,1.37961,11952.9,1.9048
26100,1.50263,12021.0,1.90299
26160,1.69164,12104.3,1.90559
26220,1.73376,12213.8,1.90196
26280,1.41251,12107.3,1.90555
26340,1.64157,12054.3,1.90585
26400,1.67422,12082.3,1.90644
26460,1.36824,12016.8,1.90627
26520,1.53433,12016.4,1.90655
26580,1.39058,12070.1,1.91278
26640,1.7324,12162.8,1.91561
26700,1.54712,12358.8,1.90964
26760,1.63985,12478.2,1.90819
26820,1.77692,13302.7,1.9071
26880,1.81266,12762.6,1.91254
26940,1.89472,12589.4,1.91523
27000,1.85716,12308.3,1.90933
27060,1.8027,12364.3,1.91705
27120,1.97147,12486.8,1.91406
27180,2.01693,12648.4,1.9148
27240,1.77646,12484.7,1.91971
27300,1.79207,12468.9,1.9189
27360,1.77921,12621.6,1.91922
27420,1.90748,12579.4,1.92085
27480,1.84907,12736.5,1.92284
27540,1.99812,12633.6,1.92419
27600,2.05363,12759.6,1.92558
27660,1.99511,12861.7,1.92614
27720,2.05547,12775.0,1.91178
27780,2.11742,12731.0,1.91039
27840,1.85787,12808.8,1.90845
27900,2.07403,13256.0,1.91847
27960,1.90734,12866.7,1.90962
28020,2.166,13163.4,1.91074
28080,2.09105,13017.9,1.90641
28140,1.88679,13103.8,1.90688
28200,2.15703,13106.9,1.9077
28260,1.85472,13100.6,1.90612
28320,1.98594,13137.8,1.90633
28380,2.14446,13196.0,1.90817
28440,2.36792,13282.2,1.90611
28500,1.98125,13315.6,1.90669
28560,2.1777,13318.2,1.90645
28620,2.15748,13340.6,1.90564
28680,2.28568,13409.1,1.90977
28740,2.09366,13408.7,1.9078
28800,2.24931,13451.0,1.9076
28860,2.1194,13433.5,1.905
28920,2.24904,13499.9,1.90677
28980,2.32314,13580.1,1.90574
29040,2.27293,13488.2,1.90422
29100,2.0504,13438.7,1.90794
29160,1.96545,13397.7,1.90592
29220,2.01724,13364.9,1.90756
29280,1.98209,13435.8,1.90894
29340,2.11404,13285.1,1.91018
29400,2.12191,13276.9,1.91268
29460,2.00455,13348.4,1.9139
29520,2.039,13265.6,1.91148
29580,1.93999,13326.8,1.91257
29640,2.12296,13251.9,1.91192
29700,2.30476,13325.1,1.91254
29760,2.29205,13375.3,1.91241
29820,2.42665,13411.7,1.91082
29880,2.10742,13432.7,1.91606
29940,2.16869,13518.9,1.91515
30000,2.27677,13603.7,1.91789
30060,2.29458,13655.2,1.91315
30120,2.29227,13702.2,1.91184
30180,2.27734,13694.8,1.91062
30240,2.2625,13854.8,1.90905
30300,2.36127,13820.0,1.90887
30360,2.1336,13881.1,1.9091
30420,2.41559,13934.7,1.90675
30480,2.29807,13886.3,1.90937
30540,2.09186,13920.8,1.90615
30600,2.15406,13932.9,1.90509
30660,2.26827,14004.2,1.90679
30720,2.49871,13896.2,1.90794
30780,2.44219,13929.9,1.90824
30840,2.52135,13942.4,1.90688
30900,2.42399,13919.2,1.90917
30960,2.24518,13821.3,1.90617
31020,2.17262,13689.8,1.90878
31080,2.42041,13910.9,1.91231
31140,2.34688,13815.7,1.90968
31200,2.36749,13754.1,1.91448
31260,2.28229,13770.7,1.91367
31320,2.38722,13874.0,1.91251
31380,2.45453,13962.7,1.91819
31440,2.27289,14085.1,1.922
31500,2.47448,13965.5,1.91865
31560,2.43403,14067.6,1.91926
31620,2.63693,14051.0,1.91735
31680,2.38248,14098.4,1.92415
31740,2.69189,14165.7,1.93403
31800,2.71055,14067.6,1.94793
31860,2.56907,14149.1,1.94687
31920,2.64238,14265.1,1.95075
31980,2.71235,14061.6,1.96116
32040,2.79549,14041.3,1.9661
32100,2.72128,14140.0,1.98156
32160,2.76386,14027.4,1.98135
32220,2.62385,13939.1,1.982
32280,3.04752,14044.6,1.98543
32340,3.09814,13929.8,1.99187
32400,2.96294,13901.6,1.98844
32460,2.44302,13122.9,1.97961
32520,2.64086,12981.0,1.99836
