CampaignData_and_Merges/R0/CSL_MobileLab_Parked/raw/20240805/USOS-Picarro-CO2-CH4-CO-H2O_MobileLabGround_20240805_R0.ict
38, 1001
Ilana Pollack, Nell Schafer, and Jeff Peischl
NOAA Chemical Sciences Laboratory
Picarro 2401-m CO2/CH4/CO/H2O Analyzer
USOS
1, 1
2024, 08, 05, 2024, 11, 20
0
StartTime_UTC, seconds_past_midnight, seconds past midnight
5
1, 1, 1, 1, 1
-9999, -9999, -9999, -9999, -9999
StopTime_UTC, seconds_past_midnight, seconds past midnight
CO2_ppm_1min, ppm, Gas_CO2_InSitu_S_DMF, carbon dioxide mixing ratio
CH4_ppb_1min, ppb, Gas_CH4_InSitu_S_DMF, methane mixing ratio
CO_ppb_1min, ppb, Gas_CO_InSitu_S_DMF, carbon monoxide mixing ratio
H2O_ppmv_1min, ppmv, Met_H2OMRV_InSitu_S_AVMR, water vapor mixing ratio
1
SPECIAL COMMENTS: N/A
18
PI_CONTACT_INFO: Address: NOAA Chemical Sciences Laboratory, Mail Stop CSL7, 325 Broadway, Boulder, CO 80305; Email: Ilana.Pollack@noaa.gov
PLATFORM: NOAA CSL Mobile Laboratory
LOCATION: The mobile lab was stationed in Salt Lake City, Utah.
ASSOCIATED_DATA: N/A
INSTRUMENT_INFO: CO2, CH4, and CO are reported as dry air mole fractions using a commercial wavelength-scanned cavity ring-down analyzer (Picarro 2401-m). An in-field calibration gas standard of 432±0.07 ppm CO2, 2095±1 ppb CH4, and 183±1 ppb CO, calibrated in the Boulder laboratories before and after the field project using primary CO2, CH4, and CO standard tanks tied to the WMO standard (X2019, X2004A, and X2014A, respectively) from the Global Monitoring Laboratory (GML), was delivered to the inlet every 2-3 days to evaluate instrument sensitivity. A H2O measurement was calibrated before the project with a Dew Point Mirror 373 hygrometer. The water correction calculated from these calibrations was applied to the H2O measurement for the entire campaign. Species are measured at 0.5 Hz and reported as 1-minute averages for stationary measurements.
DATA_INFO: Units: CO2, ppm, dry air mole fraction; CH4, ppb, dry air mole fraction; CO, ppb, dry air mole fraction; H2O, ppmv
UNCERTAINTY: Total uncertainties are estimated as ±0.1 ppm for CO2, ±1 ppb for CH4, ±5 ppb for CO, and ±(50 ppm + 4%) for H2O.
ULOD_FLAG: -7777
ULOD_VALUE: N/A
LLOD_FLAG: -8888
LLOD_VALUE: N/A
DM_CONTACT_INFO: Data Manager: Nathan Howard; nathan.h.howard@noaa.gov
PROJECT_INFO: USOS Dates of Study: July – August 2024
STIPULATIONS_ON_USE: Use of these data require prior ok from PI.
OTHER_COMMENTS: Data are averaged to 1 minute intervals. Stationary data collected from a 10 ft tower on top of the mobile van.
REVISION: R0
R0: Final Data
StartTime_UTC, StopTime_UTC, CO2_ppm_1min, CH4_ppb_1min, CO_ppb_1min, H2O_ppmv_1min
0,60,426.45,1950.7,113.8,14841.5303
60,120,426.74,1949.5,113.7,14812.4961
120,180,426.69,1948.6,137.7,15321.5361
180,240,426.94,1947.3,123.5,14853.7559
240,300,427.93,1947.5,124.3,15102.3662
300,360,428.88,1948.2,120.1,15174.8760
360,420,426.83,1947.9,116.5,14845.6777
420,480,427.36,1946.4,113.1,14410.2666
480,540,426.75,1945.9,112.7,14081.6445
540,600,427.16,1947.7,115.4,14467.3213
600,660,427.73,1949.6,118.2,14629.7998
660,720,427.89,1950.3,119.9,15110.7754
720,780,427.91,1952.0,120.4,15223.7314
780,840,427.57,1951.5,122.9,14849.7305
840,900,427.11,1949.5,119.5,14561.8027
900,960,426.89,1949.6,117.5,14750.0693
960,1020,426.97,1949.1,120.1,14629.2793
1020,1080,427.01,1949.1,122.8,14743.4951
1080,1140,426.66,1949.2,118.8,14917.0859
1140,1200,426.46,1948.0,115.5,14746.1025
1200,1260,426.27,1946.8,117.4,14477.1621
1260,1320,426.41,1948.7,116.6,14855.0029
1320,1380,426.72,1947.7,115.8,14730.2744
1380,1440,426.87,1948.9,117.0,14761.5000
1440,1500,426.95,1950.5,118.0,14949.5752
1500,1560,426.21,1947.4,115.5,14246.2021
1560,1620,426.05,1946.8,114.7,14370.0078
1620,1680,426.25,1946.4,114.6,14351.8760
1680,1740,426.59,1946.6,117.6,14397.1660
1740,1800,426.20,1946.3,116.8,14262.9854
1800,1860,426.41,1946.2,115.1,14276.0820
1860,1920,426.80,1946.1,118.7,14570.5869
1920,1980,427.61,1946.5,123.9,14584.4961
1980,2040,427.05,1948.3,119.9,14796.3721
2040,2100,427.11,1947.7,118.7,14685.8916
2100,2160,427.19,1947.1,114.3,14520.2891
2160,2220,427.39,1946.9,115.0,14612.3291
2220,2280,427.22,1946.8,115.8,14385.6230
2280,2340,426.84,1947.2,115.0,14612.1074
2340,2400,427.02,1948.1,117.0,15045.4844
2400,2460,427.74,1950.3,117.9,15400.2832
2460,2520,428.65,1950.0,117.9,14903.9512
2520,2580,429.76,1950.3,118.4,14842.2422
2580,2640,427.51,1953.6,119.0,14798.4238
2640,2700,427.28,1956.0,122.3,15072.8838
2700,2760,427.45,1956.9,124.3,14688.2676
2760,2820,427.68,1957.8,126.0,14978.1680
2820,2880,427.07,1964.1,120.3,15024.0820
2880,2940,427.25,1966.1,120.4,15270.8398
2940,3000,426.79,1967.7,118.3,15116.2021
3000,3060,426.78,1968.1,117.7,15000.1240
3060,3120,426.67,1967.2,118.1,14989.8105
3120,3180,427.23,1964.6,121.9,15039.2266
3180,3240,427.53,1964.7,122.8,15326.4395
3240,3300,427.37,1962.0,123.2,15098.1357
3300,3360,427.33,1956.9,121.2,14639.3613
3360,3420,427.24,1956.3,119.9,14554.3633
3420,3480,427.70,1958.1,123.8,14782.5684
3480,3540,427.05,1955.2,119.0,13976.4834
3540,3600,426.60,1954.2,116.1,13730.1260
3600,3660,426.83,1955.8,119.8,13927.6426
3660,3720,426.83,1959.3,119.1,14172.7949
3720,3780,427.15,1960.4,120.2,14658.3584
3780,3840,426.92,1962.1,119.7,15023.8379
3840,3900,426.73,1962.4,119.4,14921.2803
3900,3960,426.56,1962.2,120.2,14826.7979
3960,4020,427.36,1963.3,121.1,15066.6455
4020,4080,427.67,1962.5,121.8,15047.8477
4080,4140,427.47,1962.0,121.2,15094.9297
4140,4200,428.00,1962.1,121.4,15316.8242
4200,4260,426.59,1961.8,121.1,15209.2139
4260,4320,427.06,1961.6,119.6,15372.9961
4320,4380,427.36,1961.4,121.8,15537.0039
4380,4440,427.37,1958.7,125.0,14651.3213
4440,4500,427.61,1957.6,124.3,14474.5039
4500,4560,427.83,1957.4,124.0,14478.5518
4560,4620,428.71,1957.5,121.8,14601.3340
4620,4680,428.92,1958.2,120.4,14755.5752
4680,4740,428.77,1957.2,130.3,14626.9629
4740,4800,427.88,1956.5,124.3,14391.0166
4800,4860,427.67,1957.2,123.5,14499.9639
4860,4920,428.22,1957.6,158.3,14482.1621
4920,4980,428.88,1957.7,203.6,14546.0576
4980,5040,429.44,1957.5,182.4,14577.7705
5040,5100,428.50,1955.5,142.3,14328.5879
5100,5160,427.59,1954.6,130.0,14363.0703
5160,5220,428.66,1954.9,131.4,14531.5762
5220,5280,428.28,1955.7,133.2,14382.8242
5280,5340,428.69,1956.5,132.6,14282.4678
5340,5400,428.10,1956.8,127.5,14397.7432
5400,5460,428.52,1956.3,130.3,14408.6904
5460,5520,430.23,1957.0,148.8,14513.0176
5520,5580,428.73,1955.8,137.0,14011.7041
5580,5640,429.67,1957.6,139.4,14399.2305
5640,5700,429.63,1957.6,148.5,14509.8867
5700,5760,429.96,1957.7,152.3,14600.5127
5760,5820,430.45,1959.1,146.2,15006.7168
5820,5880,430.75,1960.0,139.4,15037.8965
5880,5940,428.63,1958.5,127.4,14148.5664
5940,6000,429.43,1959.8,129.2,14536.6172
6000,6060,428.64,1959.9,127.6,14512.7393
6060,6120,428.87,1959.6,129.5,14521.4570
6120,6180,429.19,1959.5,135.1,14605.5977
6180,6240,429.96,1958.7,129.4,14433.9736
6240,6300,431.53,1958.3,135.7,14354.6641
6300,6360,432.22,1959.5,144.6,14441.9482
6360,6420,430.32,1958.1,139.5,14027.8594
6420,6480,430.66,1956.8,133.8,13883.1055
6480,6540,429.76,1955.8,138.8,13674.8789
6540,6600,431.22,1956.4,138.4,13988.5732
6600,6660,432.94,1957.6,146.7,14090.9932
6660,6720,432.48,1958.1,141.2,13994.4063
6720,6780,433.08,1961.0,140.2,14334.6055
6780,6840,433.11,1961.5,146.2,14495.6309
6840,6900,432.47,1960.2,143.9,14216.8516
6900,6960,431.34,1959.0,141.1,13736.7676
6960,7020,431.04,1960.3,143.6,13812.4834
7020,7080,432.61,1960.2,143.2,13771.1709
7080,7140,432.28,1958.4,139.9,13554.0947
7140,7200,429.28,1955.1,133.5,13021.5234
7200,7260,432.28,1956.1,157.5,13221.6182
7260,7320,434.71,1956.9,158.1,13519.4395
7320,7380,431.73,1957.4,151.1,13618.9834
7380,7440,433.28,1959.1,164.7,13947.4365
7440,7500,432.56,1959.4,150.6,14037.6006
7500,7560,432.54,1959.3,144.1,14052.7080
7560,7620,430.91,1959.0,136.5,14064.9590
7620,7680,433.41,1960.9,144.6,14264.5879
7680,7740,436.23,1961.9,154.0,14383.3330
7740,7800,433.42,1961.5,162.0,14275.4590
7800,7860,434.52,1962.0,198.9,14318.0664
7860,7920,435.78,1962.7,190.9,14433.1436
7920,7980,438.14,1964.6,189.2,14650.8193
7980,8040,436.35,1965.0,170.5,14578.6943
8040,8100,436.66,1965.8,158.3,14626.6484
8100,8160,439.98,1965.5,162.4,14766.7686
8160,8220,439.73,1965.1,167.9,14771.3945
8220,8280,438.97,1965.0,178.1,14716.9492
8280,8340,434.89,1964.5,155.3,14631.7246
8340,8400,436.51,1967.2,160.1,14766.5225
8400,8460,438.05,1967.9,154.2,14781.1348
8460,8520,438.49,1968.9,169.9,14856.6797
8520,8580,439.49,1967.5,184.2,14797.4121
8580,8640,443.08,1969.1,209.6,14867.4785
8640,8700,441.68,1968.7,211.0,14879.0830
8700,8760,442.19,1969.2,195.9,14930.5254
8760,8820,441.52,1969.4,186.7,14988.4521
8820,8880,441.06,1969.8,196.0,14880.1553
8880,8940,446.72,1972.1,264.4,15093.8125
8940,9000,446.97,1973.0,272.3,15181.7998
9000,9060,443.10,1972.6,215.0,15102.7529
9060,9120,445.60,1975.7,213.0,15130.1816
9120,9180,450.27,1976.8,226.3,15270.9092
9180,9240,447.35,1977.3,205.9,15227.0947
9240,9300,447.25,1978.6,213.4,15395.4023
9300,9360,449.12,1979.7,210.8,15525.7910
9360,9420,446.21,1979.0,187.7,15417.4912
9420,9480,443.99,1977.7,194.4,15260.5205
9480,9540,442.15,1975.9,193.5,15155.4375
9540,9600,444.08,1975.2,199.5,15213.6543
9600,9660,441.86,1973.7,196.3,15102.8486
9660,9720,442.14,1973.7,179.8,15101.2949
9720,9780,442.73,1973.3,184.4,15149.5039
9780,9840,-9999,-9999,-9999,-9999
9840,9900,-9999,-9999,-9999,-9999
9900,9960,441.43,1972.4,169.7,15047.0674
9960,10020,444.38,1974.0,170.0,15112.5771
10020,10080,444.87,1975.1,188.9,15153.1719
10080,10140,446.34,1975.3,200.5,15175.9688
10140,10200,446.74,1975.0,193.6,15200.0059
10200,10260,444.96,1975.3,222.8,15051.4883
10260,10320,444.26,1974.4,185.1,15035.0068
10320,10380,442.61,1974.5,177.3,14951.4033
10380,10440,443.22,1975.4,176.4,14913.5596
10440,10500,445.59,1975.9,194.3,14986.4346
10500,10560,442.47,1975.0,182.9,14791.4160
10560,10620,448.56,1977.1,200.3,15028.0850
10620,10680,445.54,1976.2,178.5,14958.3545
10680,10740,442.98,1976.5,166.0,14838.5674
10740,10800,443.08,1977.1,165.1,14830.8184
10800,10860,444.50,1976.4,168.9,14872.1572
10860,10920,441.07,1975.5,170.3,14750.3291
10920,10980,440.76,1974.7,165.4,14760.6182
10980,11040,441.83,1975.5,167.6,14818.8359
11040,11100,439.75,1973.0,159.6,14740.4961
11100,11160,440.83,1974.5,160.8,14794.8291
11160,11220,442.89,1975.6,164.2,14875.1387
11220,11280,442.35,1975.0,166.8,14873.6055
11280,11340,443.98,1976.4,178.4,14886.7314
11340,11400,445.24,1975.5,177.2,14925.0840
11400,11460,443.98,1974.3,175.9,14877.5107
11460,11520,443.67,1974.7,177.3,14919.0850
11520,11580,443.39,1973.6,167.8,14840.9707
11580,11640,443.18,1973.8,167.7,14833.3398
11640,11700,441.49,1972.1,163.2,14737.4834
11700,11760,441.57,1971.6,167.1,14712.7119
11760,11820,441.68,1973.2,172.0,14698.3750
11820,11880,441.43,1971.1,175.6,14611.1572
11880,11940,442.85,1969.3,173.4,14600.2891
11940,12000,440.72,1967.0,167.5,14463.4980
12000,12060,442.07,1967.6,167.9,14566.9434
12060,12120,442.04,1966.6,166.0,14515.8711
12120,12180,441.43,1965.7,166.2,14416.7979
12180,12240,439.74,1964.8,156.5,14318.8691
12240,12300,439.34,1962.8,149.0,14241.2910
12300,12360,441.57,1963.7,152.7,14370.9971
12360,12420,440.59,1963.0,154.2,14312.9932
12420,12480,439.69,1961.7,153.1,14169.0859
12480,12540,439.30,1961.2,150.4,14097.6465
12540,12600,439.20,1960.9,146.1,14094.3555
12600,12660,439.41,1960.2,149.0,14011.4590
12660,12720,439.26,1959.8,149.5,13935.5713
12720,12780,438.92,1959.3,146.2,13880.8770
12780,12840,439.53,1959.4,150.2,13868.2568
12840,12900,438.58,1959.5,148.2,13862.7080
12900,12960,440.31,1959.6,146.1,14202.4209
12960,13020,439.41,1958.9,149.4,14349.7100
13020,13080,437.40,1958.4,155.3,13718.8965
13080,13140,438.91,1958.7,156.1,14091.7305
13140,13200,437.79,1957.8,153.4,13610.6455
13200,13260,439.13,1958.1,187.1,14046.3359
13260,13320,438.52,1957.7,188.0,13852.7256
13320,13380,437.03,1956.4,153.2,13605.5508
13380,13440,437.26,1956.8,144.6,13564.5000
13440,13500,437.76,1956.2,144.4,13820.9980
13500,13560,436.90,1955.2,142.9,13604.1396
13560,13620,437.04,1956.3,173.0,13474.5703
13620,13680,438.40,1955.1,172.2,14206.5830
13680,13740,437.15,1955.6,151.8,13725.2695
13740,13800,436.81,1955.5,157.2,13801.5283
13800,13860,437.17,1955.0,146.5,13667.5645
13860,13920,436.73,1954.8,140.0,13533.3867
13920,13980,437.77,1954.6,139.9,13406.2363
13980,14040,437.54,1953.7,137.5,13456.5439
14040,14100,436.39,1953.5,134.5,13498.9619
14100,14160,436.56,1953.7,130.1,13644.3584
14160,14220,438.26,1954.0,135.3,13879.7285
14220,14280,436.30,1953.8,136.9,13342.9043
14280,14340,436.19,1953.6,137.7,13484.5078
14340,14400,438.22,1954.1,227.3,13980.0693
14400,14460,436.34,1953.9,189.6,13221.1104
14460,14520,435.46,1953.3,147.2,13046.1104
14520,14580,437.05,1952.9,137.6,13496.5098
14580,14640,437.99,1952.5,134.6,13769.6348
14640,14700,436.41,1952.2,131.0,13522.1279
14700,14760,434.21,1951.4,136.4,12968.1416
14760,14820,436.17,1951.7,157.7,13377.1797
14820,14880,436.85,1952.6,152.8,13333.6816
14880,14940,437.15,1952.2,143.1,13298.6113
14940,15000,435.66,1951.8,134.0,13046.9473
15000,15060,434.55,1951.1,127.7,12807.4600
15060,15120,435.89,1951.1,132.9,12813.2109
15120,15180,435.53,1951.9,130.5,12899.6299
15180,15240,435.00,1951.7,129.4,12940.1943
15240,15300,435.06,1951.5,128.9,12817.7578
15300,15360,436.83,1952.1,131.7,13251.5742
15360,15420,436.76,1952.2,137.6,13174.4756
15420,15480,435.60,1952.1,144.6,12888.3848
15480,15540,436.81,1952.8,161.5,13002.2168
15540,15600,436.11,1952.0,149.4,12857.3994
15600,15660,436.94,1952.1,142.6,12995.5518
15660,15720,435.89,1952.9,135.5,12793.6025
15720,15780,436.34,1953.4,132.6,12786.1982
15780,15840,437.25,1953.6,132.9,12746.8359
15840,15900,436.75,1953.3,131.3,12897.7627
15900,15960,436.88,1953.9,131.6,12958.6543
15960,16020,436.62,1954.7,132.7,12656.4863
16020,16080,439.35,1957.1,133.1,12960.9473
16080,16140,439.23,1960.2,131.6,12879.9014
16140,16200,439.39,1959.6,137.3,12843.8535
16200,16260,439.86,1961.3,138.0,12887.5225
16260,16320,440.03,1964.4,138.2,12901.8281
16320,16380,440.93,1963.6,138.4,12946.0811
16380,16440,440.30,1959.1,138.1,12775.1270
16440,16500,438.86,1956.9,142.6,12772.6123
16500,16560,439.72,1957.9,140.5,12987.5566
16560,16620,439.46,1956.5,137.8,12963.7295
16620,16680,439.17,1954.5,136.1,12915.2959
16680,16740,439.88,1952.6,138.6,13143.1836
16740,16800,436.85,1951.6,134.7,12655.8086
16800,16860,436.44,1951.2,128.6,12616.1426
16860,16920,439.58,1951.4,132.4,13069.4043
16920,16980,437.99,1951.1,129.6,12778.0244
16980,17040,436.25,1951.2,127.5,12537.9004
17040,17100,435.83,1950.9,123.8,12537.5908
17100,17160,436.58,1951.3,123.6,12505.8799
17160,17220,437.14,1951.8,124.6,12563.2295
17220,17280,438.05,1953.1,126.4,12613.5049
17280,17340,437.79,1954.2,128.4,12654.5293
17340,17400,438.39,1956.4,130.0,12670.6572
17400,17460,438.15,1956.9,131.7,12642.0332
17460,17520,437.04,1954.6,131.5,12599.1240
17520,17580,436.96,1955.9,131.6,12569.5352
17580,17640,436.89,1954.9,131.2,12581.7295
17640,17700,436.90,1952.9,128.3,12825.1484
17700,17760,436.68,1952.4,129.6,12832.2666
17760,17820,436.92,1951.4,128.9,13074.0977
17820,17880,437.46,1951.9,148.9,12949.3770
17880,17940,438.52,1951.9,148.9,12840.5215
17940,18000,437.81,1951.7,136.4,12922.3271
18000,18060,437.06,1952.1,145.6,12604.7715
18060,18120,439.00,1952.6,143.3,12879.9766
18120,18180,439.05,1951.7,136.1,13101.4316
18180,18240,437.65,1952.3,130.4,12737.9824
18240,18300,439.49,1953.1,137.3,12972.0850
18300,18360,439.06,1953.4,138.7,12831.5732
18360,18420,439.28,1953.5,134.5,12813.0840
18420,18480,439.08,1953.8,142.1,12757.1816
18480,18540,439.52,1954.2,142.0,12878.7979
18540,18600,441.93,1953.9,137.2,13292.2383
18600,18660,438.94,1953.0,130.4,12906.4697
18660,18720,438.30,1952.7,132.5,12802.9160
18720,18780,437.34,1952.5,138.8,12612.8174
18780,18840,437.51,1953.2,138.6,12606.1387
18840,18900,440.12,1953.7,137.9,13085.0605
18900,18960,438.59,1953.1,135.0,12797.3896
18960,19020,437.25,1952.8,128.3,12535.3086
19020,19080,436.84,1952.3,124.9,12627.6953
19080,19140,437.10,1953.3,129.0,12747.1230
19140,19200,436.99,1952.4,124.8,12687.9756
19200,19260,436.91,1951.5,123.4,12798.2021
19260,19320,439.07,1952.3,126.7,12808.1104
19320,19380,438.02,1952.4,126.6,12720.6621
19380,19440,435.26,1951.6,123.0,12412.2119
19440,19500,438.13,1953.0,122.6,12754.3906
19500,19560,438.83,1952.9,124.4,12915.9688
19560,19620,440.09,1952.6,124.6,13065.4521
19620,19680,438.92,1951.7,128.0,13018.6191
19680,19740,438.17,1952.2,137.9,12871.6416
19740,19800,437.24,1951.9,126.6,12672.7920
19800,19860,439.87,1952.1,127.4,13115.4580
19860,19920,437.83,1952.0,126.4,12825.3682
19920,19980,437.44,1952.4,126.0,12758.9150
19980,20040,436.22,1952.3,131.8,12417.6270
20040,20100,436.63,1952.6,129.8,12493.0508
20100,20160,436.34,1952.3,126.2,12450.6094
20160,20220,436.12,1952.2,125.8,12413.0752
20220,20280,437.12,1952.1,130.7,12566.9268
20280,20340,438.77,1951.7,127.9,13079.7861
20340,20400,439.91,1952.0,129.2,12845.7070
20400,20460,437.78,1952.2,128.5,12519.4160
20460,20520,437.57,1952.8,125.6,12694.8672
20520,20580,438.59,1952.9,124.0,12721.7900
20580,20640,439.46,1953.4,132.2,12624.5557
20640,20700,439.99,1953.4,132.1,12621.0420
20700,20760,437.26,1952.5,123.1,12414.6016
20760,20820,437.38,1952.2,121.6,12708.4258
20820,20880,440.23,1953.1,127.5,13006.3877
20880,20940,435.48,1951.4,122.4,12226.6660
20940,21000,437.28,1953.8,127.2,12498.0205
21000,21060,436.99,1953.2,125.8,12686.4297
21060,21120,435.53,1952.1,124.4,12273.1826
21120,21180,437.85,1955.9,125.6,12539.4004
21180,21240,441.91,1961.6,131.0,12774.7324
21240,21300,441.42,1959.9,128.6,12925.7119
21300,21360,440.71,1959.2,128.7,12769.3545
21360,21420,437.87,1954.4,125.1,12651.5352
21420,21480,437.64,1955.2,125.6,12356.6768
21480,21540,437.17,1953.4,125.4,12463.6006
21540,21600,437.68,1953.8,126.2,12547.3867
21600,21660,436.99,1953.0,126.4,12220.6670
21660,21720,435.35,1952.4,126.0,12149.0010
21720,21780,437.40,1954.5,126.4,12270.7188
21780,21840,437.41,1956.3,127.8,12321.4551
21840,21900,436.71,1955.2,132.5,12356.0439
21900,21960,437.30,1956.1,141.7,12424.2793
21960,22020,438.76,1957.7,143.2,12463.1670
22020,22080,439.56,1958.4,140.4,12532.3789
22080,22140,440.01,1959.5,143.7,12585.7480
22140,22200,440.20,1957.1,142.9,12400.1191
22200,22260,436.88,1954.4,133.4,12133.2158
22260,22320,437.96,1955.5,137.3,12277.0977
22320,22380,438.71,1954.7,133.5,12319.7881
22380,22440,436.39,1952.1,126.7,12193.7559
22440,22500,438.09,1959.1,132.7,12268.5771
22500,22560,440.27,1964.1,135.0,12440.0225
22560,22620,440.45,1961.0,136.4,12435.1572
22620,22680,440.23,1962.0,160.1,12406.9395
22680,22740,437.00,1957.1,132.9,12193.1572
22740,22800,437.73,1955.8,130.2,12310.9199
22800,22860,439.23,1958.1,132.7,12423.9248
