CampaignData_and_Merges/R0/CSL_MobileLab_Parked/raw/20240805/USOS-NOAAIodideCIMS-HNO3_MobileLabGround_20240805_RA.ict
33, 1001
Michael A Robinson, Chris Jernigan, Subi Thakali
NOAA ESRL Chemical Sciences Laboratory and CIRES, U. of Colorado
NOAA Iodide CIMS Instrument
USOS
1, 1
2024, 08, 05, 2024, 08, 05
1
starttime_UTC, seconds_past_midnight, seconds_of_day_since_00:00:00_UTC
1
1
-9999
HNO3_NOAACIMS, pptv, Gas_HNO3_InSitu_S_AVMR, 
0
18
PI_CONTACT_INFO: 325 Broadway, R/CSD 7, Boulder, Colorado 80305; michael.a.robinson@noaa.gov; chris.jernigan@noaa.gov;
PLATFORM: NOAA CSL Mobile Lab
LOCATION: SLC, Utah
ASSOCIATED_DATA: 1Hz data also available on request.
INSTRUMENT_INFO: NOAA I- ToF CIMS
DATA_INFO: All data in parts per trillion by volume (pptv). 1 Hz data is available upon request.
UNCERTAINTY: TBD
ULOD_FLAG: -7777
ULOD_VALUE: N/A
LLOD_FLAG: -8888
LLOD_VALUE: N/A
DM_CONTACT_INFO: Nathan Howard; nathan.h.howard@noaa.gov
PROJECT_INFO: USOS, summer 2024. https://csl.noaa.gov/groups/csl7/measurements/2024usos/
STIPULATIONS_ON_USE: Users are strongly encouraged to contact the PI for proper data usage.
OTHER_COMMENTS: 
REVISION: RA
RA: Preliminary Data; For in-field use only
starttime_UTC, HNO3_NOAACIMS
[from data line 1000]
 60000, 754.871
 60060, 748.296
 60120, 713.924
 60180, 693.768
 60240, 690.427
 60300, 692.122
 60360, 704.603
 60420, 706.000
 60480, 653.882
 60540, 688.921
 60600, 701.989
 60660, 703.261
 60720, 725.949
 60780, 749.513
 60840, 752.039
 60900, 771.395
 60960, 775.018
 61020, 775.676
 61080, 770.335
 61140, 806.066
 61200, 826.950
 61260, 850.715
 61320, 856.827
 61380, 852.179
 61440, 848.309
 61500, 885.362
 61560, 914.689
 61620, 922.887
 61680, 958.216
 61740, 969.042
 61800, 990.839
 61860, 1008.922
 61920, 972.594
 61980, 990.087
 62040, 979.093
 62100, 1003.433
 62160, 990.410
 62220, 945.552
 62280, 957.768
 62340, 841.627
 62400, 881.841
 62460, 935.469
 62520, 974.374
 62580, 1008.639
 62640, 1069.054
 62700, 1050.949
 62760, 1078.810
 62820, 1102.707
 62880, 1110.967
 62940, 1125.633
 63000, 1117.611
 63060, 1097.462
 63120, 1086.441
 63180, 1085.562
 63240, 1086.497
 63300, 1034.177
 63360, 996.350
 63420, 979.665
 63480, 971.642
 63540, 980.550
 63600, 941.263
 63660, 919.984
 63720, 897.948
 63780, 881.766
 63840, 877.650
 63900, 893.780
 63960, 926.442
 64020, 950.614
 64080, 960.564
 64140, 964.853
 64200, 945.510
 64260, 1003.862
 64320, 1042.516
 64380, 1022.296
 64440, 1023.188
 64500, 1021.609
 64560, 1028.448
 64620, 1035.588
 64680, 1052.752
 64740, 1063.537
 64800, 1049.600
 64860, 1056.103
 64920, 1083.679
 64980, 1067.037
 65040, 1014.415
 65100, 1016.333
 65160, 1062.927
 65220, 1098.743
 65280, 1103.653
 65340, 1138.781
 65400, 1179.688
 65460, 1171.866
 65520, 1145.312
 65580, 1162.070
 65640, 1104.850
 65700, 1096.052
 65760, 1066.893
 65820, 1077.207
 65880, 1072.120
 65940, 1053.485
 66000, -9999.000
 66060, 1079.820
 66120, 1212.710
 66180, 1232.229
 66240, 1286.337
 66300, 1342.521
 66360, 1384.997
 66420, 1425.644
 66480, 1479.074
 66540, 1471.735
 66600, 1516.848
 66660, 1506.573
 66720, 1536.610
 66780, 1590.848
 66840, 1580.809
 66900, 1566.016
 66960, 1500.477
 67020, 1436.239
 67080, 1544.867
 67140, 1574.934
 67200, 1530.095
 67260, 1549.276
 67320, 1581.874
 67380, 1593.701
 67440, 1653.797
 67500, 1670.018
 67560, 1703.396
 67620, 1741.141
 67680, 1747.714
 67740, 1763.639
 67800, 1752.360
 67860, -9999.000
 67920, 1541.812
 67980, 1595.680
 68040, 1660.992
 68100, 1637.643
 68160, 1628.101
 68220, 1630.043
 68280, 1525.799
 68340, 1592.159
 68400, 1617.511
 68460, 1656.811
 68520, 1660.396
 68580, 1551.324
 68640, 1424.008
 68700, 1274.567
 68760, 1150.206
 68820, 1051.899
 68880, 1019.747
 68940, 1001.483
 69000, 999.564
 69060, 975.682
 69120, 970.285
 69180, 963.050
 69240, 963.289
 69300, 923.272
 69360, 979.184
 69420, 1017.872
 69480, 1036.959
 69540, 1099.244
 69600, 1139.132
 69660, 1175.636
 69720, -9999.000
 69780, 1077.544
 69840, 1093.439
 69900, 1092.067
 69960, 1117.093
 70020, 1098.458
 70080, 1123.634
 70140, 1179.553
 70200, 1227.568
 70260, 1259.273
 70320, 1269.778
 70380, 1174.288
 70440, 1197.345
 70500, 1203.246
 70560, 1173.419
 70620, 1087.253
 70680, 1059.757
 70740, 1028.212
 70800, 998.231
 70860, 1011.340
 70920, 1018.108
 70980, 1019.948
 71040, 1027.889
 71100, 1057.732
 71160, 1078.594
 71220, 1056.991
 71280, 1028.002
 71340, 967.824
 71400, 1001.877
 71460, 1046.459
 71520, 1042.346
 71580, 946.981
 71640, 958.066
 71700, 1011.526
 71760, 1074.072
 71820, 1126.445
 71880, 1109.421
 71940, 1139.185
 72000, 1205.018
 72060, 1244.575
 72120, 1277.149
 72180, 1285.254
 72240, 1249.066
 72300, 1197.436
 72360, 1252.195
 72420, 1238.356
 72480, 1289.749
 72540, 1332.829
 72600, 1322.477
 72660, 1305.125
 72720, 1271.806
 72780, 1273.919
 72840, 1249.512
 72900, 1222.566
 72960, 1223.308
 73020, 1216.551
 73080, 1279.496
 73140, 1266.826
 73200, 1238.249
 73260, 1214.223
 73320, 1253.408
 73380, -9999.000
 73440, 1086.643
 73500, 1131.201
 73560, 1129.683
 73620, 1110.601
 73680, 1140.562
 73740, 1075.314
 73800, 1131.738
 73860, 1170.138
 73920, 1226.539
 73980, 1207.484
 74040, 1219.762
 74100, 1272.078
 74160, 1282.606
 74220, 1269.377
 74280, 1280.758
 74340, 1317.577
 74400, 1340.808
 74460, 1380.515
 74520, 1371.756
 74580, 1302.034
 74640, 1208.211
 74700, 1143.317
 74760, 1116.301
 74820, 1062.905
 74880, 1083.005
 74940, 1036.762
 75000, 1021.132
 75060, 1031.643
 75120, 1041.674
 75180, 1033.196
 75240, -9999.000
 75300, 923.049
 75360, 923.257
 75420, 932.643
 75480, 964.740
 75540, 991.884
 75600, 981.486
 75660, 954.250
 75720, 932.083
 75780, 900.431
 75840, 869.843
 75900, 846.756
 75960, 787.310
 76020, 821.047
 76080, 848.677
 76140, 833.773
 76200, 875.214
 76260, 895.043
 76320, 894.947
 76380, 961.434
 76440, 996.838
 76500, 970.756
 76560, 967.999
 76620, 957.898
 76680, 919.097
 76740, 899.563
 76800, 903.307
 76860, 902.504
 76920, 871.329
 76980, 915.784
 77040, 912.410
 77100, -9999.000
 77160, 780.154
 77220, 807.835
 77280, 900.167
 77340, 1005.476
 77400, 985.445
 77460, 1024.275
 77520, 1071.115
 77580, 1086.926
 77640, 1030.879
 77700, 1033.217
 77760, 1031.958
 77820, 990.352
 77880, 935.679
 77940, 892.520
 78000, 887.709
 78060, 865.332
 78120, 864.926
 78180, 867.621
 78240, 872.924
 78300, 842.578
 78360, 797.873
 78420, 785.793
 78480, 719.375
 78540, 722.047
 78600, 771.108
 78660, 816.235
 78720, 825.226
 78780, 865.443
 78840, 993.701
 78900, 1074.415
 78960, 951.090
 79020, 968.259
 79080, 954.518
 79140, 933.902
 79200, 904.599
 79260, 875.983
 79320, 850.987
 79380, 851.097
 79440, 840.487
 79500, 852.621
 79560, 812.277
 79620, 781.765
 79680, 778.920
 79740, -9999.000
 79800, -9999.000
 79860, -9999.000
 79920, -9999.000
 79980, -9999.000
 80040, -9999.000
 80100, -9999.000
 80160, -9999.000
 80220, -9999.000
 80280, -9999.000
 80340, -9999.000
 80400, -9999.000
 80460, -9999.000
 80520, -9999.000
 80580, -9999.000
 80640, -9999.000
 80700, -9999.000
 80760, -9999.000
 80820, -9999.000
 80880, -9999.000
 80940, -9999.000
 81000, -9999.000
 81060, -9999.000
 81120, -9999.000
 81180, -9999.000
 81240, -9999.000
 81300, -9999.000
 81360, -9999.000
 81420, -9999.000
 81480, -9999.000
 81540, -9999.000
 81600, -9999.000
 81660, -9999.000
 81720, -9999.000
 81780, -9999.000
 81840, -9999.000
 81900, -9999.000
 81960, -9999.000
 82020, -9999.000
 82080, -9999.000
 82140, -9999.000
 82200, -9999.000
 82260, -9999.000
 82320, -9999.000
 82380, -9999.000
 82440, -9999.000
 82500, -9999.000
 82560, -9999.000
 82620, -9999.000
 82680, -9999.000
 82740, -9999.000
 82800, -9999.000
 82860, -9999.000
 82920, -9999.000
 82980, -9999.000
 83040, -9999.000
 83100, -9999.000
 83160, -9999.000
 83220, -9999.000
 83280, -9999.000
 83340, -9999.000
 83400, -9999.000
 83460, -9999.000
 83520, -9999.000
 83580, -9999.000
 83640, -9999.000
 83700, -9999.000
 83760, -9999.000
 83820, -9999.000
 83880, -9999.000
 83940, -9999.000
 84000, -9999.000
 84060, -9999.000
 84120, -9999.000
 84180, -9999.000
 84240, -9999.000
 84300, -9999.000
 84360, -9999.000
 84420, -9999.000
 84480, -9999.000
 84540, -9999.000
 84600, -9999.000
 84660, -9999.000
 84720, -9999.000
 84780, -9999.000
 84840, -9999.000
 84900, -9999.000
 84960, -9999.000
 85020, -9999.000
 85080, -9999.000
 85140, -9999.000
 85200, -9999.000
 85260, -9999.000
 85320, -9999.000
 85380, -9999.000
 85440, -9999.000
 85500, -9999.000
 85560, -9999.000
 85620, -9999.000
 85680, -9999.000
 85740, -9999.000
 85800, -9999.000
 85860, -9999.000
 85920, -9999.000
 85980, -9999.000
 86040, -9999.000
 86100, -9999.000
 86160, -9999.000
 86220, -9999.000
 86280, -9999.000
 86340, -9999.000
