CampaignData_and_Merges/R0/CSL_MobileLab_Parked/raw/20240805/USOS-NOAAIodideCIMS-HCOOH_MobileLabGround_20240805_RA.ict
33, 1001
Michael A Robinson, Chris Jernigan, Subi Thakali
NOAA ESRL Chemical Sciences Laboratory and CIRES, U. of Colorado
NOAA Iodide CIMS Instrument
USOS
1, 1
2024, 08, 05, 2024, 08, 05
1
starttime_UTC, seconds_past_midnight, seconds_of_day_since_00:00:00_UTC
1
1
-9999
HCOOH_NOAACIMS, pptv, Gas_HCOOH_InSitu_S_AVMR, 
0
18
PI_CONTACT_INFO: 325 Broadway, R/CSD 7, Boulder, Colorado 80305; michael.a.robinson@noaa.gov; chris.jernigan@noaa.gov;
PLATFORM: NOAA CSL Mobile Lab
LOCATION: SLC, Utah
ASSOCIATED_DATA: 1Hz data also available on request.
INSTRUMENT_INFO: NOAA I- ToF CIMS
DATA_INFO: All data in parts per trillion by volume (pptv). 1 Hz data is available upon request.
UNCERTAINTY: TBD
ULOD_FLAG: -7777
ULOD_VALUE: N/A
LLOD_FLAG: -8888
LLOD_VALUE: N/A
DM_CONTACT_INFO: Nathan Howard; nathan.h.howard@noaa.gov
PROJECT_INFO: USOS, summer 2024. https://csl.noaa.gov/groups/csl7/measurements/2024usos/
STIPULATIONS_ON_USE: Users are strongly encouraged to contact the PI for proper data usage.
OTHER_COMMENTS: 
REVISION: RA
RA: Preliminary Data; For in-field use only
starttime_UTC, HCOOH_NOAACIMS
[from data line 946]
 56760, -9999.000
 56820, 1903.865
 56880, 1936.578
 56940, 1998.310
 57000, 2045.920
 57060, 2067.011
 57120, 2060.846
 57180, 2089.930
 57240, 2026.432
 57300, 1907.928
 57360, 1880.609
 57420, 1954.859
 57480, 1902.499
 57540, 1939.515
 57600, 1899.227
 57660, 1885.964
 57720, 1850.690
 57780, 1812.172
 57840, 1813.388
 57900, 1878.554
 57960, 1847.218
 58020, 1881.829
 58080, 1845.969
 58140, 1886.059
 58200, 1830.502
 58260, 1819.226
 58320, 1796.613
 58380, 1830.860
 58440, 1849.996
 58500, 1878.273
 58560, 1849.014
 58620, -9999.000
 58680, 1846.172
 58740, 1848.592
 58800, 1777.982
 58860, 1840.290
 58920, 1895.248
 58980, 1796.808
 59040, 1754.295
 59100, 1780.091
 59160, 1845.752
 59220, 1791.561
 59280, 1741.453
 59340, 1796.844
 59400, 1702.790
 59460, 1776.677
 59520, 1714.949
 59580, 1594.716
 59640, 1587.384
 59700, 1521.415
 59760, 1540.395
 59820, 1531.130
 59880, 1514.232
 59940, 1523.661
 60000, 1512.715
 60060, 1529.762
 60120, 1524.623
 60180, 1534.399
 60240, 1525.538
 60300, 1572.241
 60360, 1582.985
 60420, 1554.145
 60480, 1473.170
 60540, 1522.478
 60600, 1591.448
 60660, 1599.844
 60720, 1508.282
 60780, 1544.506
 60840, 1455.760
 60900, 1470.745
 60960, 1463.448
 61020, 1434.159
 61080, 1400.452
 61140, 1427.754
 61200, 1557.971
 61260, 1487.861
 61320, 1667.957
 61380, 1547.171
 61440, 1671.504
 61500, 1696.767
 61560, 1711.512
 61620, 1547.909
 61680, 1468.893
 61740, 1485.103
 61800, 1450.966
 61860, 1481.689
 61920, 1475.937
 61980, 1492.547
 62040, 1465.051
 62100, 1495.160
 62160, 1471.538
 62220, 1507.123
 62280, 1442.305
 62340, 1420.601
 62400, 1473.995
 62460, 1431.340
 62520, 1528.465
 62580, 1429.679
 62640, 1385.540
 62700, 1459.789
 62760, 1390.496
 62820, 1436.520
 62880, 1422.421
 62940, 1300.217
 63000, 1218.673
 63060, 1246.478
 63120, 1218.672
 63180, 1136.759
 63240, 1226.721
 63300, 1130.381
 63360, 968.930
 63420, 979.614
 63480, 985.471
 63540, 994.674
 63600, 1108.633
 63660, 1137.993
 63720, 1046.593
 63780, 1012.413
 63840, 1056.136
 63900, 1158.654
 63960, 1111.233
 64020, 1228.042
 64080, 1227.230
 64140, 1125.766
 64200, 1130.455
 64260, 1029.902
 64320, 1079.004
 64380, 1085.985
 64440, 1070.970
 64500, 1063.516
 64560, 1129.649
 64620, 1169.283
 64680, 1068.990
 64740, 1050.236
 64800, 1012.294
 64860, 936.267
 64920, 974.350
 64980, 1077.336
 65040, 1004.909
 65100, 990.453
 65160, 1023.015
 65220, 1039.847
 65280, 1002.280
 65340, 980.077
 65400, 1016.913
 65460, 1128.878
 65520, 1064.825
 65580, 1107.844
 65640, 1193.020
 65700, 1183.262
 65760, 1112.101
 65820, 1078.799
 65880, 1153.295
 65940, 1077.243
 66000, -9999.000
 66060, 1056.407
 66120, 1121.608
 66180, 1118.463
 66240, 1102.253
 66300, 1102.779
 66360, 1101.832
 66420, 1050.582
 66480, 1057.680
 66540, 1036.207
 66600, 979.716
 66660, 1149.101
 66720, 1031.201
 66780, 1087.599
 66840, 1105.293
 66900, 1227.519
 66960, 1173.118
 67020, 1163.557
 67080, 1104.776
 67140, 1168.818
 67200, 1238.201
 67260, 1131.968
 67320, 1249.632
 67380, 1214.888
 67440, 1061.840
 67500, 1150.647
 67560, 1043.163
 67620, 1104.135
 67680, 1100.214
 67740, 982.884
 67800, 1021.081
 67860, -9999.000
 67920, 1105.581
 67980, 1116.170
 68040, 1097.578
 68100, 1118.841
 68160, 992.895
 68220, 979.580
 68280, 1025.014
 68340, 1016.184
 68400, 997.748
 68460, 1014.010
 68520, 975.754
 68580, 856.739
 68640, 863.934
 68700, 897.158
 68760, 851.182
 68820, 840.123
 68880, 772.250
 68940, 814.865
 69000, 881.005
 69060, 866.682
 69120, 790.559
 69180, 744.807
 69240, 787.579
 69300, 788.682
 69360, 825.484
 69420, 828.122
 69480, 831.411
 69540, 819.852
 69600, 762.528
 69660, 839.195
 69720, -9999.000
 69780, 722.748
 69840, 729.399
 69900, 747.311
 69960, 797.605
 70020, 834.914
 70080, 789.085
 70140, 830.397
 70200, 807.630
 70260, 931.589
 70320, 919.539
 70380, 813.136
 70440, 830.837
 70500, 798.062
 70560, 797.568
 70620, 749.348
 70680, 790.505
 70740, 735.593
 70800, 754.134
 70860, 770.159
 70920, 774.513
 70980, 803.706
 71040, 768.767
 71100, 763.741
 71160, 816.454
 71220, 840.270
 71280, 923.630
 71340, 826.754
 71400, 843.261
 71460, 840.321
 71520, 838.491
 71580, 853.631
 71640, 818.770
 71700, 798.200
 71760, 822.642
 71820, 1002.400
 71880, 813.863
 71940, 833.317
 72000, 867.246
 72060, 894.100
 72120, 932.887
 72180, 909.841
 72240, 1091.154
 72300, 976.749
 72360, 963.478
 72420, 946.957
 72480, 925.188
 72540, 934.524
 72600, 1000.022
 72660, 931.329
 72720, 854.805
 72780, 903.007
 72840, 972.796
 72900, 992.921
 72960, 918.171
 73020, 833.733
 73080, 793.825
 73140, 878.122
 73200, 832.297
 73260, 802.417
 73320, 764.467
 73380, -9999.000
 73440, 725.766
 73500, 864.551
 73560, 863.314
 73620, 719.131
 73680, 842.779
 73740, 825.934
 73800, 792.815
 73860, 823.744
 73920, 892.421
 73980, 848.053
 74040, 743.036
 74100, 795.476
 74160, 808.460
 74220, 868.974
 74280, 808.208
 74340, 812.478
 74400, 775.750
 74460, 744.752
 74520, 818.053
 74580, 916.965
 74640, 793.939
 74700, 733.406
 74760, 783.654
 74820, 873.226
 74880, 736.994
 74940, 621.885
 75000, 656.243
 75060, 642.442
 75120, 704.946
 75180, 678.050
 75240, -9999.000
 75300, 698.867
 75360, 720.907
 75420, 655.844
 75480, 594.952
 75540, 644.700
 75600, 662.900
 75660, 745.849
 75720, 726.541
 75780, 739.910
 75840, 784.997
 75900, 811.121
 75960, 696.742
 76020, 662.873
 76080, 764.320
 76140, 691.986
 76200, 668.697
 76260, 717.269
 76320, 665.957
 76380, 619.268
 76440, 674.260
 76500, 736.589
 76560, 711.965
 76620, 787.240
 76680, 774.216
 76740, 699.538
 76800, 743.822
 76860, 845.459
 76920, 792.078
 76980, 798.826
 77040, 797.647
 77100, -9999.000
 77160, 797.637
 77220, 670.907
 77280, 609.320
 77340, 599.834
 77400, 593.736
 77460, 565.273
 77520, 577.120
 77580, 682.587
 77640, 718.804
 77700, 657.691
 77760, 696.886
 77820, 762.926
 77880, 889.120
 77940, 791.596
 78000, 797.156
 78060, 807.094
 78120, 798.148
 78180, 793.536
 78240, 883.458
 78300, 893.770
 78360, 888.993
 78420, 829.346
 78480, 876.139
 78540, 911.167
 78600, 964.867
 78660, 943.994
 78720, 921.427
 78780, 940.109
 78840, 981.713
 78900, 1041.774
 78960, 851.057
 79020, 904.336
 79080, 932.885
 79140, 860.764
 79200, 822.252
 79260, 778.949
 79320, 771.036
 79380, 774.337
 79440, 725.866
 79500, 704.198
 79560, 681.000
 79620, 642.216
 79680, 665.865
 79740, -9999.000
 79800, -9999.000
 79860, -9999.000
 79920, -9999.000
 79980, -9999.000
 80040, -9999.000
 80100, -9999.000
 80160, -9999.000
 80220, -9999.000
 80280, -9999.000
 80340, -9999.000
 80400, -9999.000
 80460, -9999.000
 80520, -9999.000
 80580, -9999.000
 80640, -9999.000
 80700, -9999.000
 80760, -9999.000
 80820, -9999.000
 80880, -9999.000
 80940, -9999.000
 81000, -9999.000
 81060, -9999.000
 81120, -9999.000
 81180, -9999.000
 81240, -9999.000
 81300, -9999.000
 81360, -9999.000
 81420, -9999.000
 81480, -9999.000
 81540, -9999.000
 81600, -9999.000
 81660, -9999.000
 81720, -9999.000
 81780, -9999.000
 81840, -9999.000
 81900, -9999.000
 81960, -9999.000
 82020, -9999.000
 82080, -9999.000
 82140, -9999.000
 82200, -9999.000
 82260, -9999.000
 82320, -9999.000
 82380, -9999.000
 82440, -9999.000
 82500, -9999.000
 82560, -9999.000
 82620, -9999.000
 82680, -9999.000
 82740, -9999.000
 82800, -9999.000
 82860, -9999.000
 82920, -9999.000
 82980, -9999.000
 83040, -9999.000
 83100, -9999.000
 83160, -9999.000
 83220, -9999.000
 83280, -9999.000
 83340, -9999.000
 83400, -9999.000
 83460, -9999.000
 83520, -9999.000
 83580, -9999.000
 83640, -9999.000
 83700, -9999.000
 83760, -9999.000
 83820, -9999.000
 83880, -9999.000
 83940, -9999.000
 84000, -9999.000
 84060, -9999.000
 84120, -9999.000
 84180, -9999.000
 84240, -9999.000
 84300, -9999.000
 84360, -9999.000
 84420, -9999.000
 84480, -9999.000
 84540, -9999.000
 84600, -9999.000
 84660, -9999.000
 84720, -9999.000
 84780, -9999.000
 84840, -9999.000
 84900, -9999.000
 84960, -9999.000
 85020, -9999.000
 85080, -9999.000
 85140, -9999.000
 85200, -9999.000
 85260, -9999.000
 85320, -9999.000
 85380, -9999.000
 85440, -9999.000
 85500, -9999.000
 85560, -9999.000
 85620, -9999.000
 85680, -9999.000
 85740, -9999.000
 85800, -9999.000
 85860, -9999.000
 85920, -9999.000
 85980, -9999.000
 86040, -9999.000
 86100, -9999.000
 86160, -9999.000
 86220, -9999.000
 86280, -9999.000
 86340, -9999.000
