CampaignData_and_Merges/R0/CSL_MobileLab_Parked/raw/20240805/USOS-PTR_MobileLabGround_20240805_RA.ict
58, 1001
Matthew Coggon, Kelvin Bates, Chelsea Stockwell, Carsten Warneke
NOAA ESRL Chemical Sciences Division
NOAA PTR-ToF-MS
USOS
1,1 
2024, 08, 05, 2023, 08, 07
0
Time_Start, seconds, number of seconds from 00:00 UTC 
22
1, 1, 1, 1, 1, 1, 1, 1, 1, 1, 1, 1, 1, 1, 1, 1, 1, 1, 1, 1, 1, 1
-9999, -9999, -9999, -9999, -9999, -9999, -9999, -9999, -9999, -9999, -9999, -9999, -9999, -9999, -9999, -9999, -9999, -9999, -9999, -9999, -9999, -9999
CH3OH_NOAAPTR_ppbv,  ppbv, Gas_CH3OH_InSitu_S_AVMR, (CH3OH) methanol
CH3CN_NOAAPTR_ppbv,  ppbv, Gas_CH3CN_InSitu_S_AVMR, (CH3CN) acetonitrile
CH3CHO_NOAAPTR_ppbv,  ppbv, Gas_CH3CHO_InSitu_S_AVMR, (CH3CHO) acetaldehyde plus contributions from ethylene glycol and ethylene oxide. Interference from ethanol has been subtracted out.
C2H5OH_NOAAPTR_ppbv,  ppbv, Gas_C2H5OH_InSitu_S_AVMR, (C2H5OH) ethanol
CH3SH_NOAAPTR_ppbv,  ppbv, Gas_CH3SH_InSitu_S_AVMR, (CH3SH) methanethiol, using calibration factor for DMS
Acrolein_NOAAPTR_ppbv,  ppbv, Gas_Acrolein_InSitu_S_AVMR, (C3H4O) acrolein
AcetonePropanal_NOAAPTR_ppbv,  ppbv, Gas_AcetoneAndPropanal_InSitu_S_AVMR, (C3H6O) sum of acetone (dominant isomer) and propanal, using calibration factor for acetone
DMS_NOAAPTR_ppbv,  ppbv, Gas_DMS_InSitu_S_AVMR, (C2H6S) dimethyl sulfide with possible small contributions from ethanethiol
C5H8_NOAAPTR_ppbv,  ppbv, Gas_Isoprene_InSitu_S_AVMR, (C5H8) isoprene and possible fragments from cycloalkanes and aldehydes. Interferences have been subtracted following methods described by Coggon et al (2023)
MVKMAC_NOAAPTR_ppbv,  ppbv, Gas_MVKAndMAC_InSitu_S_AVMR, (C4H6O) sum of methyl vinyl ketone, methacrolein, and small amounts of crotonaldehyde, using weighted calibration factor for MVK (0.637) and MACR (0.363)
Benzene_NOAAPTR_ppbv,  ppbv, Gas_Benzene_InSitu_S_AVMR, (C6H6) benzene
Toluene_NOAAPTR_ppbv,  ppbv, Gas_Toluene_InSitu_S_AVMR, (C7H8) toluene with possible small contributions of fragments from ethyltoluene
Styrene_NOAAPTR_ppbv,  ppbv, Gas_Styrene_InSitu_S_AVMR, (C8H8) styrene
Benzaldehyde_NOAAPTR_ppbv,  ppbv, Gas_Benzaldehyde_InSitu_S_AVMR, (C7H6O) benzaldehyde
C8Aromatics_NOAAPTR_ppbv,  ppbv, Gas_C8Aromatics_InSitu_M_AVMR, (C8H10) sum of m-xylene, p-xylene, o-xylene, and ethyl benzene
C9Aromatics_NOAAPTR_ppbv,  ppbv, Gas_C9Aromatics_InSitu_M_AVMR, (C9H12) sum of C9 aromatics
Naphthalene_NOAAPTR_ppbv,  ppbv, Gas_Naphthalene_InSitu_S_AVMR, (C10H8) naphthalene
Octanal_NOAAPTR_ppbv,  ppbv, Gas_Octanal_InSitu_S_AVMR, (C8H16O) octanal and small amounts of octanone
Monoterpenes_NOAAPTR_ppbv,  ppbv, Gas_Monoterpenes_InSitu_M_AVMR, (C10H16) sum of monoterpenes and possible contributions from fragments of oxygenated monoterpenoids such as eucalyptol.
Nonanal_NOAAPTR_ppbv,  ppbv, Gas_Nonanal_InSitu_M_AVMR, (C9H18O) nonanal and small amounts of nonanone
C7H4ClF3_NOAAPTR_ppbv,  ppbv, Gas_C7H4ClF3_InSitu_S_AVMR, (C7H4ClF3) parachlorobenzotrifluoride
C10H30O5Si5_NOAAPTR_ppbv,  ppbv, Gas_C10H30O5Si5_InSitu_S_AVMR, (C10H30O5Si5) decamethylcyclopentasiloxane
1
SPECIAL COMMENTS:N/A
21
PI_CONTACT_INFO: NOAA ESRL Chemical Sciences Division, Tropospheric Chemistry Group. 325 Broadway, R/CSD7, Boulder, CO 80305
PLATFORM: Mobile Laboratory.
LOCATION: Salt Lake City, UT
ASSOCIATED_DATA: N/A
INSTRUMENT_INFO: NOAA PTR-ToF-MS measurements on NOAA CSL Mobile Lab
DATA_INFO: Units: ppbv
UNCERTAINTY: See OTHER_COMMENTS
ULOD_FLAG: -7777
ULOD_VALUE: N/A
LLOD_FLAG: -8888
LLOD_VALUE: N/A.
DM_CONTACT_INFO: Data Managers: Matt Coggon, Kelvin Bates, Chelsea Stockwell; email: matthew.m.coggon@noaa.gov and kelvin.bates@colorado.edu
PROJECT_INFO: USOS Deployment July-August, 2024
STIPULATIONS_ON_USE: Use of these data require prior OK from PI.
OTHER_COMMENTS: Uncertainties:
CH3OH_NOAAPTR_ppbv:30%; CH3CN_NOAAPTR_ppbv:30%; CH3CHO_NOAAPTR_ppbv:30%; C2H5OH_NOAAPTR_ppbv:30%; CH3SH_NOAAPTR_ppbv:50%; Acrolein_NOAAPTR_ppbv:30%; AcetonePropanal_NOAAPTR_ppbv:30%; DMS_NOAAPTR_ppbv:30%; C5H8_NOAAPTR_ppbv:30%; MVKMAC_NOAAPTR_ppbv:30%; 
Benzene_NOAAPTR_ppbv:30%; Toluene_NOAAPTR_ppbv:30%; Styrene_NOAAPTR_ppbv:30%; Benzaldehyde_NOAAPTR_ppbv:30%; C8Aromatics_NOAAPTR_ppbv:30%; C9Aromatics_NOAAPTR_ppbv:30%; Naphthalene_NOAAPTR_ppbv:30%; Octanal_NOAAPTR_ppbv:30%; Monoterpenes_NOAAPTR_ppbv:30%; Nonanal_NOAAPTR_ppbv:30%; 
C7H4ClF3_NOAAPTR_ppbv:30%; C10H30O5Si5_NOAAPTR_ppbv:30%; 
REVISION: RA
RA: Field Data
Time_Start, CH3OH_NOAAPTR_ppbv, CH3CN_NOAAPTR_ppbv, CH3CHO_NOAAPTR_ppbv, C2H5OH_NOAAPTR_ppbv, CH3SH_NOAAPTR_ppbv, Acrolein_NOAAPTR_ppbv, AcetonePropanal_NOAAPTR_ppbv, DMS_NOAAPTR_ppbv, C5H8_NOAAPTR_ppbv, MVKMAC_NOAAPTR_ppbv, Benzene_NOAAPTR_ppbv, Toluene_NOAAPTR_ppbv, Styrene_NOAAPTR_ppbv, Benzaldehyde_NOAAPTR_ppbv, C8Aromatics_NOAAPTR_ppbv, C9Aromatics_NOAAPTR_ppbv, Naphthalene_NOAAPTR_ppbv, Octanal_NOAAPTR_ppbv, Monoterpenes_NOAAPTR_ppbv, Nonanal_NOAAPTR_ppbv, C7H4ClF3_NOAAPTR_ppbv, C10H30O5Si5_NOAAPTR_ppbv
    0.0, 5.79420, 0.15814, 1.03316, 16.53427, 0.00352, 0.13575, 2.80112, -0.00102, 0.37484, 0.14081, 0.02386, 0.18224, 0.00710, -9999.00000, 0.07642, 0.03570, -0.00420, 0.02830, 0.20299, 0.02698, 0.00176, 0.00419 
   60.0, 3.73772, 0.17331, 0.45367, 0.42561, 0.00341, 0.07915, 2.49957, 0.02786, 0.05333, 0.10670, -0.02795, 0.05149, -0.00392, -9999.00000, 0.02024, 0.00619, 0.00144, 0.01550, 0.02195, 0.01666, 0.00352, 0.00071 
  120.0, 4.39708, 0.16400, 0.46861, 1.34028, 0.00443, 0.08465, 2.57464, 0.01376, 0.08550, 0.08283, -0.04028, 0.03415, -0.00553, -9999.00000, 0.02363, 0.01656, -0.00420, 0.01256, 0.07168, 0.02256, 0.01073, 0.00386 
  180.0, 6.00749, 0.18005, 0.76081, 3.12108, -0.00019, 0.12224, 2.84851, 0.01937, 0.20664, 0.12532, -0.04043, 0.18054, -0.00393, -9999.00000, 0.07484, 0.03334, 0.00726, 0.03103, 0.12134, 0.05107, 0.00794, 0.02107 
  240.0, 4.60894, 0.17781, 0.52999, 0.76222, 0.00124, 0.07387, 2.62271, 0.02433, 0.20365, 0.09623, -0.03279, 0.05560, 0.00021, -9999.00000, 0.03819, 0.01645, -0.00420, 0.02318, 0.07308, 0.01679, 0.00561, 0.00182 
  300.0, 6.53573, 0.16771, 0.82696, 1.44377, 0.00319, 0.09657, 2.66800, 0.02572, 0.20980, 0.09985, 0.00097, 0.14290, 0.00120, -9999.00000, 0.06592, 0.03057, 0.00468, 0.01293, 0.14447, 0.04109, 0.00465, 0.00379 
  360.0, 5.50308, 0.19524, 0.69295, 1.50418, 0.00164, 0.11668, 2.85507, 0.00173, 0.07640, 0.11448, 0.02230, 0.22351, 0.00881, -9999.00000, 0.08444, 0.03579, -0.00184, 0.02562, 0.09601, 0.05702, 0.00573, 0.00621 
  420.0, 4.96895, 0.18685, 0.62728, 0.88081, 0.00189, 0.08453, 2.60043, 0.00231, 0.16910, 0.09708, -0.00347, 0.08015, 0.00072, -9999.00000, 0.02603, 0.01719, -0.00420, 0.01653, 0.06622, 0.02306, 0.00484, 0.00168 
  480.0, 4.14979, 0.18022, 0.58784, 0.60350, 0.00158, 0.08812, 2.63336, 0.00928, 0.10687, 0.09621, 0.03446, 0.08424, 0.00125, -9999.00000, 0.04482, 0.01736, 0.00472, 0.02068, 0.03775, 0.02338, 0.00132, -0.00006 
  540.0, 5.16283, 0.19090, 0.63172, 0.98164, 0.00006, 0.13638, 2.63627, 0.01669, 0.14878, 0.10378, 0.02690, 0.17104, 0.00653, -9999.00000, 0.08754, 0.02622, 0.02493, 0.01913, 0.05845, 0.03379, 0.00386, 0.01035 
  600.0, 4.90103, 0.19132, 0.73741, 1.34203, 0.00110, 0.08596, 2.59474, 0.01760, 0.26205, 0.12079, 0.00311, 0.10982, -0.00019, -9999.00000, 0.03817, 0.01818, 0.00850, 0.01630, 0.03697, 0.02011, 0.00358, 0.00145 
  660.0, 4.16504, 0.17981, 0.79389, 1.63675, 0.00159, 0.09187, 2.72823, 0.00713, 0.27009, 0.10446, 0.04390, 0.11814, -0.00414, -9999.00000, 0.05734, 0.02875, 0.00592, 0.01337, 0.06421, 0.02468, -0.00043, 0.00320 
  720.0, 6.39657, 0.18737, 1.11908, 11.03102, -0.00048, 0.15764, 2.88189, 0.00628, 0.27757, 0.14382, 0.46413, 2.35826, 0.03579, -9999.00000, 0.75655, 0.26903, 0.01726, 0.02536, 0.09640, 0.05208, 0.01040, 0.00323 
  780.0, 5.61730, 0.18476, 0.80957, 1.44217, 0.00327, 0.09572, 2.78738, 0.00587, 0.26440, 0.15054, 0.06121, 0.14024, 0.01444, -9999.00000, 0.05943, 0.03058, -0.00420, 0.01906, 0.14015, 0.03096, 0.01101, 0.00078 
  840.0, 5.33497, 0.17321, 0.58342, 1.23950, -0.00032, 0.09606, 2.62092, 0.00612, 0.21373, 0.10537, 0.01976, 0.09235, -0.00432, -9999.00000, 0.05028, 0.01668, 0.00045, 0.02422, 0.08648, 0.01278, 0.00401, -0.00121 
  900.0, 4.17499, 0.18810, 0.61769, 1.15301, 0.00058, 0.08096, 2.66531, 0.00750, 0.25961, 0.10622, 0.03006, 0.06506, 0.00164, -9999.00000, 0.05778, 0.01944, 0.00275, 0.00630, 0.10817, 0.02763, 0.00555, 0.00089 
  960.0, 5.53878, 0.19791, 0.68127, 1.07008, -0.00089, 0.11650, 2.67401, 0.01422, 0.29878, 0.11962, 0.01667, 0.10012, 0.01402, -9999.00000, 0.04593, 0.02166, 0.01004, 0.01390, 0.10479, 0.04032, 0.00027, 0.00061 
 1020.0, 4.67980, 0.20300, 0.55151, 0.83881, 0.00170, 0.08878, 2.56776, 0.00979, 0.17591, 0.09120, 0.01057, 0.06021, -0.00012, -9999.00000, 0.02376, 0.01098, 0.00747, 0.01247, 0.08423, 0.04822, 0.00745, 0.00098 
 1080.0, 5.28086, 0.18228, 0.75667, 1.31190, 0.00027, 0.12103, 2.71125, 0.01673, 0.27388, 0.11821, 0.03603, 0.08431, 0.00311, -9999.00000, 0.04586, 0.02638, 0.01527, 0.02089, 0.15586, 0.02458, 0.00495, 0.00394 
 1140.0, 5.48482, 0.20634, 0.72932, 1.22253, 0.00062, 0.10875, 2.70530, 0.00953, 0.24988, 0.11655, 0.01243, 0.11071, 0.01354, -9999.00000, 0.05366, 0.02483, 0.00316, 0.01361, 0.16345, 0.03462, 0.00205, -0.00022 
 1200.0, 4.50701, 0.19104, 0.61581, 1.23722, -0.00089, 0.08896, 2.73128, 0.00089, 0.27110, 0.10328, 0.00985, 0.07879, 0.00832, -9999.00000, 0.03743, 0.02250, 0.00968, 0.01436, 0.11583, 0.03849, 0.00245, 0.00237 
 1260.0, 4.15258, 0.18083, 0.55463, 1.29699, 0.00055, 0.10074, 2.61579, 0.00887, 0.30034, 0.10964, -0.00715, 0.07073, -0.00637, -9999.00000, 0.03423, 0.01857, -0.00064, 0.00787, 0.13682, 0.02382, 0.00210, -0.00072 
 1320.0, 5.57995, 0.17884, 0.62695, 1.42004, -0.00089, 0.07621, 2.67330, -0.00102, 0.28720, 0.11590, -0.01603, 0.06917, 0.00963, -9999.00000, 0.05124, 0.02475, -0.00420, 0.01445, 0.15735, 0.02866, 0.00145, 0.00340 
 1380.0, 5.05664, 0.18088, 0.59613, 1.52022, 0.00276, 0.10378, 2.59746, 0.00781, 0.15764, 0.12395, 0.03995, 0.15835, 0.00610, -9999.00000, 0.06433, 0.03020, 0.02746, 0.02829, 0.08330, 0.01836, 0.00625, 0.00055 
 1440.0, 4.29816, 0.17855, 0.70757, 1.14345, 0.00405, 0.10743, 2.75684, 0.00961, 0.24901, 0.13229, 0.01004, 0.09074, 0.00718, -9999.00000, 0.04688, 0.01995, 0.00706, 0.01973, 0.13705, 0.03865, 0.00197, 0.00386 
 1500.0, 5.89796, 0.18072, 0.72977, 1.38559, 0.00062, 0.11015, 2.79081, -0.00102, 0.24325, 0.13649, -0.00492, 0.14718, 0.01356, -9999.00000, 0.06480, 0.03614, 0.01283, 0.02408, 0.16688, 0.03171, 0.00360, 0.00171 
 1560.0, 4.22564, 0.17988, 0.45019, 0.62040, 0.00260, 0.05801, 2.59778, 0.01430, 0.11734, 0.10337, -0.01005, 0.05581, -0.00518, -9999.00000, 0.02053, 0.01295, 0.01287, 0.00374, 0.06903, 0.00516, -0.00045, 0.00213 
 1620.0, 5.31550, 0.18984, 0.52147, 1.00302, -0.00039, 0.08803, 2.79275, -0.00102, 0.16409, 0.10154, 0.02048, 0.05700, 0.01209, -9999.00000, 0.03029, 0.01396, -0.00060, 0.00383, 0.10424, 0.01853, 0.00422, 0.00042 
 1680.0, 4.97896, 0.18804, 0.47049, 1.06839, 0.00171, 0.09268, 2.77129, 0.01641, 0.14436, 0.10871, -0.00953, 0.06148, -0.00074, -9999.00000, 0.02609, 0.01421, 0.00614, 0.01715, 0.07668, 0.01936, 0.00175, 0.00228 
 1740.0, 6.05391, 0.18869, 0.59389, 1.72599, 0.00323, 0.10639, 2.85756, 0.01837, 0.16625, 0.11841, -0.00254, 0.06267, -0.00062, -9999.00000, 0.04158, 0.02304, 0.00251, 0.01160, 0.14128, 0.01978, 0.00358, 0.00400 
 1800.0, 4.83842, 0.16657, 0.51982, 0.84525, -0.00063, 0.07283, 2.67924, 0.00912, 0.17820, 0.10151, 0.01402, 0.07719, 0.00299, -9999.00000, 0.02875, 0.01042, -0.00201, 0.00631, 0.11927, 0.00896, 0.00201, -0.00026 
 1860.0, 5.33307, 0.17261, 0.50301, 0.70417, 0.00232, 0.09280, 2.60686, 0.01806, 0.15190, 0.10430, 0.01693, 0.07335, 0.00590, -9999.00000, 0.04751, 0.02699, 0.00182, 0.00743, 0.11577, 0.01873, 0.00240, 0.00042 
 1920.0, 5.62157, 0.17549, 0.55046, 1.02665, 0.00484, 0.09525, 2.66165, 0.00825, 0.17349, 0.10893, 0.02654, 0.06320, 0.00614, -9999.00000, 0.03416, 0.01771, 0.00169, 0.01395, 0.08220, 0.02666, -0.00024, 0.00117 
 1980.0, 6.90558, 0.19522, 0.61129, 1.59904, 0.00396, 0.12143, 2.68031, 0.01308, 0.25453, 0.11324, 0.05540, 0.09975, 0.00798, -9999.00000, 0.05173, 0.01635, 0.01774, 0.02186, 0.11176, 0.03073, 0.00366, 0.00060 
 2040.0, 5.66547, 0.17405, 0.64638, 1.23479, 0.00216, 0.11200, 2.62499, 0.01840, 0.39050, 0.12854, -0.01551, 0.08232, -0.00028, -9999.00000, 0.03906, 0.02134, 0.01695, 0.03434, 0.09994, 0.01691, 0.00370, 0.00097 
 2100.0, 4.79771, 0.16499, 0.57209, 6.72664, 0.00060, 0.10069, 2.66784, 0.01393, 0.28216, 0.12283, -0.00280, 0.12838, 0.00887, -9999.00000, 0.05905, 0.03167, 0.00455, 0.01215, 0.10381, 0.02781, 0.00393, 0.00111 
 2160.0, 4.57137, 0.18871, 0.52635, 2.64152, -0.00010, 0.08287, 2.62162, 0.01104, 0.13473, 0.11172, -0.02422, 0.05819, -0.00649, -9999.00000, 0.03466, 0.01078, 0.00262, 0.00411, 0.05813, 0.01048, -0.00048, 0.00156 
 2220.0, 5.19813, 0.18211, 0.64192, 2.03900, 0.00222, 0.11375, 2.82485, 0.02341, 0.09178, 0.10541, -0.00351, 0.10675, -0.00507, -9999.00000, 0.05892, 0.02294, 0.01514, 0.01946, 0.06620, 0.02500, 0.00180, 0.00245 
 2280.0, 5.17722, 0.17813, 0.64113, 3.38447, -0.00090, 0.08442, 2.63257, 0.00652, 0.10305, 0.11717, 0.11493, 0.59989, 0.00701, -9999.00000, 0.23263, 0.08174, 0.00211, 0.02567, 0.04236, 0.02008, 0.00450, 0.00179 
 2340.0, 5.79901, 0.17230, 0.73134, 1.54320, -0.00010, 0.12235, 2.68217, 0.02023, 0.15989, 0.11632, 0.02021, 0.13359, -0.00067, -9999.00000, 0.06159, 0.02277, -0.00280, 0.01876, 0.10585, 0.03465, 0.00194, -0.00005 
 2400.0, 5.81369, 0.18578, 0.67923, 1.19839, 0.00474, 0.12692, 2.68279, 0.01060, 0.14774, 0.13595, -0.00718, 0.07627, 0.00357, -9999.00000, 0.04585, 0.02120, 0.00224, 0.03033, 0.16624, 0.00890, 0.00043, 0.00295 
 2460.0, 6.20386, 0.18279, 0.83145, 1.77366, 0.00363, 0.13765, 2.77078, 0.02060, 0.29745, 0.13541, 0.00555, 0.10026, 0.01296, -9999.00000, 0.04308, 0.01969, -0.00420, 0.01711, 0.15628, 0.04302, 0.00395, 0.00332 
 2520.0, 4.89543, 0.17603, 0.64595, 0.80319, -0.00009, 0.08095, 2.91488, 0.01036, 0.30662, 0.12576, -0.01025, 0.10112, 0.00654, -9999.00000, 0.05671, 0.02474, -0.00420, 0.00850, 0.13037, 0.01597, -0.00097, 0.00080 
 2580.0, 5.97733, 0.18436, 0.78484, 1.14953, 0.00106, 0.10583, 2.94067, 0.01910, 0.36935, 0.14415, -0.00377, 0.09488, -0.00655, -9999.00000, 0.04295, 0.02051, 0.00345, 0.01848, 0.13429, 0.05106, 0.00648, 0.00152 
 2640.0, 6.68288, 0.18292, 0.80879, 2.13201, 0.00259, 0.12424, 2.95321, 0.01698, 0.43350, 0.22138, -0.00013, 0.18777, 0.00122, -9999.00000, 0.09729, 0.03792, 0.00375, 0.02417, 0.14330, 0.04865, 0.00503, 0.00394 
 2700.0, 7.37930, 0.20755, 0.85373, 2.45425, 0.00338, 0.11646, 2.96851, 0.01362, 0.66135, 0.21281, 0.06036, 0.23783, 0.01348, -9999.00000, 0.12457, 0.04744, 0.00479, 0.02317, 0.22040, 0.04952, 0.00352, 0.00317 
 2760.0, 6.07506, 0.17956, 0.72882, 1.57309, 0.00085, 0.10906, 2.80456, 0.01097, 0.55637, 0.19016, 0.00095, 0.08772, 0.01032, -9999.00000, 0.04598, 0.01538, -0.00138, 0.02085, 0.14033, 0.02745, -0.00096, 0.00430 
 2820.0, 7.19569, 0.19097, 0.70555, 1.59363, -0.00090, 0.11789, 2.77700, 0.00424, 0.60034, 0.24833, 0.02002, 0.14427, 0.00680, -9999.00000, 0.06809, 0.03281, 0.00223, 0.03006, 0.17780, 0.02988, 0.00834, 0.00734 
 2880.0, 6.12815, 0.17318, 0.65417, 1.64314, 0.00246, 0.10040, 2.76291, 0.01501, 0.56820, 0.30072, 0.00086, 0.08267, 0.01112, -9999.00000, 0.04308, 0.02383, 0.00670, 0.01536, 0.17788, 0.03180, 0.00372, 0.00628 
 2940.0, 6.75598, 0.19182, 0.75149, 1.32980, 0.00189, 0.12197, 2.74483, 0.01106, 0.55870, 0.29663, -0.01992, 0.08993, 0.00584, -9999.00000, 0.03386, 0.01902, 0.01912, 0.02879, 0.15874, 0.03822, 0.00090, 0.00403 
 3000.0, 6.11785, 0.21379, 0.71054, 1.07863, 0.00368, 0.12203, 2.80258, 0.01050, 0.61420, 0.34382, -0.01030, 0.08837, 0.00767, -9999.00000, 0.03932, 0.02191, -0.00420, 0.01963, 0.13325, 0.03744, 0.00085, 0.00317 
 3060.0, 5.84040, 0.19984, 0.55695, 0.93092, -0.00067, 0.10334, 2.71810, 0.01533, 0.64216, 0.29406, -0.03153, 0.05759, -0.00661, -9999.00000, 0.03470, 0.02011, -0.00004, 0.01844, 0.15107, 0.02055, 0.00027, 0.00054 
 3120.0, 6.23713, 0.18629, 0.72404, 1.39082, 0.00522, 0.11759, 2.72542, 0.00306, 0.69305, 0.31170, -0.01002, 0.09644, 0.00230, -9999.00000, 0.03413, 0.02548, 0.00923, 0.01415, 0.13138, 0.02655, 0.00363, 0.00141 
 3180.0, 6.70107, 0.18142, 0.79548, 5.38680, 0.00085, 0.13100, 2.76894, 0.01169, 0.71590, 0.27389, 0.16365, 1.02720, -0.00479, -9999.00000, 0.36634, 0.12549, 0.01096, 0.01934, 0.13056, 0.04968, 0.00340, 0.00128 
 3240.0, 6.81608, 0.17029, 0.76574, 2.16914, -0.00012, 0.10306, 2.83109, 0.01418, 0.63775, 0.27603, 0.04621, 0.27622, 0.01047, -9999.00000, 0.09175, 0.04846, 0.00849, 0.02489, 0.15027, 0.04187, 0.00513, 0.00351 
 3300.0, 5.58742, 0.19651, 0.69477, 1.33741, 0.00263, 0.08670, 2.71226, 0.00697, 0.49671, 0.20541, 0.00488, 0.10249, 0.00731, -9999.00000, 0.04886, 0.01933, -0.00420, 0.01555, 0.11433, 0.01894, 0.00373, 0.00195 
 3360.0, 5.32623, 0.15703, 0.59048, 1.66953, 0.00119, 0.11410, 2.58323, 0.02080, 0.34390, 0.16631, 0.00038, 0.08773, 0.00201, -9999.00000, 0.04228, 0.02397, 0.00104, 0.01950, 0.10273, 0.03054, 0.00448, 0.00228 
 3420.0, 4.62391, 0.18518, 0.53421, 1.48918, 0.00059, 0.09878, 2.60149, 0.01729, 0.23922, 0.16494, -0.00670, 0.07807, -0.00142, -9999.00000, 0.04505, 0.01898, 0.00387, 0.01614, 0.10611, 0.03264, 0.00271, 0.00027 
 3480.0, 5.35117, 0.18814, 0.59801, 1.11644, 0.00232, 0.11087, 2.80049, 0.01430, 0.19459, 0.16640, -0.00193, 0.09238, -0.00211, -9999.00000, 0.04960, 0.02890, 0.01674, 0.02509, 0.10432, 0.01867, 0.00467, 0.00028 
 3540.0, 4.72221, 0.18384, 0.47991, 0.68089, 0.00024, 0.06504, 2.58768, 0.00514, 0.11075, 0.14562, -0.01003, 0.10935, -0.00668, -9999.00000, 0.04919, 0.02132, 0.01222, 0.01516, 0.04605, 0.01581, 0.00580, 0.00337 
 3600.0, 3.78520, 0.18909, 0.45528, 0.60843, 0.00013, 0.06801, 2.54765, 0.00866, 0.09810, 0.13682, -0.01807, 0.07668, 0.00168, -9999.00000, 0.03345, 0.01749, -0.00420, 0.01742, 0.03078, 0.01789, 0.00237, -0.00045 
 3660.0, 4.52495, 0.18531, 0.47062, 0.75743, -0.00091, 0.08316, 2.61479, 0.01589, 0.11975, 0.17792, -0.02863, 0.08408, -0.00670, -9999.00000, 0.04297, 0.01856, 0.00195, 0.00636, 0.03476, 0.03289, 0.00748, -0.00050 
 3720.0, 4.56591, 0.17708, 0.53386, 0.80970, -0.00067, 0.08218, 2.63412, -0.00009, 0.21426, 0.18856, -0.00078, 0.06528, 0.00297, -9999.00000, 0.03071, 0.01550, -0.00109, 0.01542, 0.05428, 0.01084, 0.00292, -0.00058 
 3780.0, 6.37323, 0.16340, 0.57555, 1.74677, 0.00041, 0.10173, 2.73554, 0.01543, 0.32082, 0.20353, -0.03553, 0.13185, 0.00367, -9999.00000, 0.06906, 0.02980, 0.00957, 0.01764, 0.14472, 0.03084, 0.00485, 0.00332 
 3840.0, 6.27158, 0.17759, 0.71544, 1.92455, 0.00219, 0.12040, 2.83259, 0.01553, 0.38302, 0.22955, -0.00295, 0.12224, 0.00577, -9999.00000, 0.07366, 0.03136, -0.00204, 0.01682, 0.20397, 0.03330, 0.00631, 0.00356 
 3900.0, 5.89723, 0.19127, 0.75941, 1.62988, 0.00496, 0.09153, 2.83564, 0.01818, 0.43093, 0.21136, -0.02854, 0.11779, 0.00548, -9999.00000, 0.05001, 0.02484, 0.00702, 0.01126, 0.20414, 0.03781, 0.00075, 0.00569 
 3960.0, 6.06896, 0.19096, 0.70780, 1.35408, 0.00348, 0.11619, 2.77526, 0.01240, 0.60637, 0.24863, 0.04418, 0.10477, 0.00543, -9999.00000, 0.04995, 0.02974, 0.01482, 0.02006, 0.18284, 0.02120, 0.00357, 0.00276 
 4020.0, 5.87552, 0.18245, 0.85136, 2.79457, 0.00034, 0.14144, 2.82903, 0.01199, 0.55679, 0.27599, 0.06673, 0.34874, 0.01013, -9999.00000, 0.14581, 0.04387, 0.00262, 0.02917, 0.24582, 0.04728, 0.00462, 0.00347 
 4080.0, 6.28192, 0.17068, 0.75262, 1.60067, -0.00020, 0.11900, 2.78135, 0.00477, 0.58074, 0.28362, 0.07151, 0.16677, -0.00098, -9999.00000, 0.06916, 0.03271, 0.00720, 0.02019, 0.17845, 0.01938, 0.00140, 0.00304 
 4140.0, 6.45002, 0.18097, 0.75182, 1.49171, 0.00302, 0.10788, 2.73064, 0.01552, 0.54655, 0.27554, -0.00420, 0.14401, 0.01207, -9999.00000, 0.06830, 0.02530, 0.01848, 0.03164, 0.14156, 0.03852, 0.00204, 0.00046 
 4200.0, 6.48384, 0.17984, 0.73350, 1.68348, 0.00161, 0.12978, 2.83906, 0.02643, 0.59635, 0.28984, 0.02157, 0.10030, 0.00696, -9999.00000, 0.04575, 0.02655, 0.00454, 0.02892, 0.17826, 0.03781, 0.00261, 0.00282 
 4260.0, 6.64243, 0.18368, 0.72739, 1.27762, -0.00084, 0.12118, 2.78241, 0.01185, 0.56158, 0.27144, -0.00632, 0.08692, 0.00075, -9999.00000, 0.04350, 0.02316, -0.00350, 0.02533, 0.13975, 0.03586, -0.00092, 0.00243 
 4320.0, 6.16157, 0.17829, 0.88374, 1.78654, 0.00371, 0.14868, 2.88457, 0.00771, 0.54778, 0.29403, -0.00189, 0.09785, 0.00704, -9999.00000, 0.05670, 0.02961, -0.00359, 0.02461, 0.20707, 0.03382, 0.00311, 0.00824 
 4380.0, 8.16228, 0.18282, 0.88018, 1.93209, 0.00161, 0.14879, 3.00687, 0.01239, 0.58234, 0.29703, 0.02240, 0.11898, 0.01586, -9999.00000, 0.05129, 0.03273, 0.00265, 0.02926, 0.22667, 0.03742, 0.00343, 0.00437 
 4440.0, 5.91741, 0.18535, 0.62820, 1.10993, 0.00128, 0.09728, 2.64957, 0.00924, 0.32174, 0.23802, -0.02484, 0.05913, 0.00785, -9999.00000, 0.03430, 0.01564, 0.00710, 0.00575, 0.09421, 0.02058, 0.00312, -0.00004 
