CampaignData_and_Merges/R0/CSL_MobileLab_Parked/raw/20240805/USOS-NOAAIodideCIMS-Halogens_MobileLabGround_20240805_RA.ict
38, 1001
Michael A Robinson, Chris Jernigan, Subi Thakali
NOAA ESRL Chemical Sciences Laboratory and CIRES, U. of Colorado
NOAA Iodide CIMS Instrument
USOS
1, 1
2024, 08, 05, 2024, 08, 05
1
starttime_UTC, seconds_past_midnight, seconds_of_day_since_00:00:00_UTC
6
1, 1, 1, 1, 1, 1
-9999, -9999, -9999, -9999, -9999, -9999
Br2_NOAACIMS, pptv, Gas_Br2_InSitu_S_AVMR, 
BrO_NOAACIMS, pptv, Gas_BrO_InSitu_S_AVMR, 
Cl2_NOAACIMS, pptv, Gas_Cl2_InSitu_S_AVMR, 
ClNO2_NOAACIMS, pptv, Gas_ClNO2_InSitu_S_AVMR, 
BrCl_NOAACIMS, pptv, Gas_BrCl_InSitu_S_AVMR, 
NCl3_NOAACIMS, pptv, Gas_NCl3_InSitu_S_AVMR, 
0
18
PI_CONTACT_INFO: 325 Broadway, R/CSD 7, Boulder, Colorado 80305; michael.a.robinson@noaa.gov; chris.jernigan@noaa.gov;
PLATFORM: NOAA CSL Mobile Lab
LOCATION: SLC, Utah
ASSOCIATED_DATA: 1Hz data also available on request.
INSTRUMENT_INFO: NOAA I- ToF CIMS
DATA_INFO: All data in parts per trillion by volume (pptv). 1 Hz data is available upon request.
UNCERTAINTY: TBD
ULOD_FLAG: -7777
ULOD_VALUE: N/A
LLOD_FLAG: -8888
LLOD_VALUE: N/A
DM_CONTACT_INFO: Nathan Howard; nathan.h.howard@noaa.gov
PROJECT_INFO: USOS, summer 2024. https://csl.noaa.gov/groups/csl7/measurements/2024usos/
STIPULATIONS_ON_USE: Users are strongly encouraged to contact the PI for proper data usage.
OTHER_COMMENTS: 
REVISION: RA
RA: Preliminary Data; For in-field use only
starttime_UTC, Br2_NOAACIMS, BrO_NOAACIMS, Cl2_NOAACIMS, ClNO2_NOAACIMS, BrCl_NOAACIMS, NCl3_NOAACIMS
[from data line 844]
 50640,  0.777,  0.118,  0.847,  1.851,  0.295,  0.904
 50700,  0.959,  0.141,  1.046,  2.022,  0.454, 11.656
 50760,  0.818,  0.120,  1.002,  1.836,  0.291,  2.360
 50820,  0.726,  0.150,  0.877,  1.788,  0.190,  0.769
 50880,  0.847,  0.069,  0.951,  1.906,  0.267,  0.740
 50940,  0.975,  0.006,  1.083,  1.829,  0.295,  4.759
 51000,  0.893,  0.092,  0.817,  1.763,  0.371,  5.035
 51060,  0.741,  0.025,  0.791,  1.689,  0.337,  2.174
 51120,  0.878,  0.025,  0.877,  1.680,  0.254,  1.439
 51180,  0.663,  0.038,  0.778,  1.559,  0.283,  3.701
 51240, -9999.000, -9999.000, -9999.000, -9999.000, -9999.000, -9999.000
 51300,  0.724,  0.083,  0.684,  1.637,  0.297,  0.322
 51360,  0.813,  0.042,  0.548,  1.543,  0.237,  0.287
 51420,  0.793,  0.069,  0.471,  1.297,  0.265,  0.361
 51480,  0.788,  0.022,  0.429,  0.957,  0.260,  0.276
 51540,  0.785,  0.154,  0.593,  1.056,  0.292,  2.928
 51600,  0.857,  0.051,  0.558,  1.332,  0.303,  1.959
 51660,  0.687,  0.033,  0.496,  1.157,  0.238,  0.760
 51720,  0.446, -0.077,  0.405,  1.178,  0.163,  1.742
 51780,  0.445, -0.029,  0.297,  0.892,  0.123,  0.613
 51840,  0.395, -0.031,  0.283,  0.758,  0.150,  0.797
 51900,  0.409, -0.024,  0.380,  0.670,  0.159,  0.246
 51960,  0.810,  0.134,  0.484,  0.597,  0.245,  0.178
 52020,  0.878,  0.118,  0.442,  0.564,  0.225,  0.283
 52080,  0.843,  0.038,  0.484,  0.552,  0.249,  0.126
 52140,  0.517,  0.140,  0.421,  0.560,  0.273,  0.155
 52200,  0.654,  0.005,  0.539,  0.486,  0.211,  0.051
 52260,  0.601,  0.002,  0.488,  0.539,  0.240,  0.122
 52320,  0.762,  0.072,  0.462,  0.564,  0.246,  0.103
 52380,  0.816,  0.179,  0.390,  0.576,  0.217,  0.097
 52440,  0.687,  0.059,  0.406,  0.574,  0.232,  0.145
 52500,  0.894,  0.036,  0.369,  0.623,  0.202,  0.036
 52560,  0.756,  0.023,  0.539,  0.600,  0.247,  0.076
 52620,  0.679, -0.013,  0.451,  0.633,  0.236,  0.141
 52680,  0.663,  0.094,  0.465,  0.768,  0.224,  0.087
 52740,  0.689,  0.065,  0.436,  0.766,  0.250,  0.157
 52800,  0.827,  0.019,  0.389,  0.814,  0.265,  0.104
 52860,  0.623,  0.060,  0.509,  0.866,  0.215,  0.086
 52920,  0.603,  0.137,  0.478,  0.958,  0.203,  0.074
 52980,  0.666,  0.050,  0.412,  0.794,  0.261,  0.112
 53040,  0.862, -0.007,  0.441,  0.856,  0.171,  0.091
 53100,  0.828,  0.150,  0.489,  1.089,  0.191,  0.272
 53160,  0.752,  0.004,  0.470,  1.117,  0.203,  0.043
 53220,  0.698,  0.067,  0.453,  1.158,  0.235,  0.051
 53280,  0.682, -0.010,  0.288,  1.409,  0.201,  0.068
 53340,  0.706,  0.082,  0.318,  1.248,  0.254,  0.220
 53400,  0.668, -0.013,  0.386,  1.134,  0.232,  0.044
 53460,  0.720,  0.029,  0.295,  0.651,  0.201,  0.021
 53520,  0.698,  0.078,  0.358,  0.831,  0.182,  0.126
 53580,  0.552,  0.036,  0.495,  1.077,  0.235,  0.146
 53640,  0.724,  0.034,  0.331,  0.926,  0.250,  0.126
 53700,  0.680,  0.019,  0.376,  0.958,  0.268,  0.108
 53760,  0.677, -0.031,  0.250,  0.729,  0.220,  0.038
 53820,  0.764,  0.066,  0.367,  0.729,  0.259,  0.062
 53880,  0.770,  0.039,  0.495,  0.966,  0.244,  0.072
 53940,  0.562, -0.031,  0.420,  0.899,  0.220,  0.028
 54000,  0.803,  0.044,  0.369,  0.914,  0.241,  0.062
 54060,  0.760,  0.079,  0.439,  0.763,  0.224,  0.105
 54120,  0.781,  0.027,  0.394,  0.715,  0.259,  0.012
 54180,  0.772,  0.133,  0.391,  0.770,  0.171,  0.111
 54240,  0.632, -0.059,  0.358,  0.753,  0.134,  0.083
 54300,  0.867,  0.138,  0.463,  0.845,  0.216,  0.138
 54360,  0.585,  0.030,  0.389,  0.777,  0.188, -0.019
 54420,  0.624,  0.020,  0.424,  0.740,  0.245, -0.001
 54480,  0.644,  0.020,  0.360,  0.648,  0.179,  0.150
 54540,  0.746,  0.075,  0.487,  0.618,  0.222,  0.258
 54600,  0.644, -0.016,  0.542,  0.598,  0.262,  0.079
 54660,  0.680, -0.005,  0.444,  0.566,  0.216, -0.036
 54720,  0.778,  0.099,  0.428,  0.533,  0.194, -0.014
 54780,  0.840, -0.009,  0.580,  0.551,  0.230, -0.008
 54840,  0.734, -0.005,  0.460,  0.470,  0.243,  0.067
 54900, -9999.000, -9999.000, -9999.000, -9999.000, -9999.000, -9999.000
 54960,  0.684,  0.161,  0.439,  0.539,  0.222,  0.003
 55020,  0.748, -0.007,  0.487,  0.473,  0.227, -0.057
 55080,  0.734,  0.024,  0.488,  0.650,  0.225, -0.002
 55140,  0.627,  0.081,  0.464,  0.519,  0.282,  0.072
 55200,  0.579,  0.036,  0.433,  0.517,  0.178,  0.066
 55260,  0.634, -0.004,  0.496,  0.499,  0.213, -0.049
 55320,  0.720,  0.046,  0.449,  0.445,  0.303,  0.025
 55380,  0.870,  0.086,  0.573,  0.558,  0.225,  0.018
 55440,  0.725,  0.003,  0.472,  0.530,  0.238,  0.018
 55500,  0.817,  0.041,  0.504,  0.497,  0.152,  0.034
 55560,  0.896,  0.082,  0.494,  0.460,  0.146, -0.007
 55620,  0.661,  0.029,  0.437,  0.584,  0.221, -0.082
 55680,  0.591,  0.101,  0.468,  0.561,  0.249, -0.067
 55740,  0.645,  0.004,  0.436,  0.527,  0.196, -0.121
 55800,  0.752,  0.040,  0.332,  0.366,  0.247, -0.072
 55860,  0.800,  0.107,  0.396,  0.538,  0.189, -0.107
 55920,  0.596,  0.022,  0.362,  0.560,  0.111, -0.111
 55980,  0.837, -0.006,  0.305,  0.451,  0.185,  0.013
 56040,  0.761,  0.062,  0.536,  0.446,  0.168, -0.056
 56100,  0.734,  0.064,  0.400,  0.379,  0.172, -0.099
 56160,  0.753,  0.070,  0.412,  0.493,  0.158, -0.025
 56220,  0.669,  0.001,  0.389,  0.393,  0.224, -0.091
 56280,  0.868,  0.055,  0.376,  0.469,  0.201, -0.024
 56340,  0.704,  0.043,  0.346,  0.375,  0.217, -0.066
 56400,  0.717,  0.004,  0.366,  0.494,  0.172,  0.063
 56460,  0.838,  0.040,  0.376,  0.425,  0.266, -0.016
 56520,  0.637,  0.043,  0.389,  0.555,  0.127,  0.059
 56580,  0.783,  0.084,  0.383,  0.519,  0.174,  0.072
 56640,  0.748,  0.100,  0.537,  0.464,  0.198, -0.031
 56700,  0.704,  0.097,  0.404,  0.500,  0.192, -0.042
 56760, -9999.000, -9999.000, -9999.000, -9999.000, -9999.000, -9999.000
 56820,  0.614,  0.056,  0.193,  0.377,  0.235, -0.022
 56880,  0.686,  0.097,  0.273,  0.468,  0.169, -0.014
 56940,  0.742,  0.094,  0.279,  0.528,  0.179, -0.062
 57000,  0.836,  0.049,  0.272,  0.569,  0.262,  0.033
 57060,  0.673,  0.104,  0.280,  0.478,  0.268,  0.023
 57120,  0.674,  0.042,  0.192,  0.424,  0.226, -0.043
 57180,  0.638,  0.020,  0.277,  0.426,  0.262,  0.035
 57240,  0.674,  0.033,  0.268,  0.428,  0.205,  0.030
 57300,  0.629,  0.067,  0.255,  0.315,  0.193,  0.017
 57360,  0.758,  0.161,  0.336,  0.327,  0.198,  0.021
 57420,  0.633,  0.057,  0.306,  0.456,  0.205,  0.037
 57480,  0.782,  0.133,  0.308,  0.364,  0.233, -0.058
 57540,  0.733,  0.112,  0.319,  0.290,  0.179,  0.018
 57600,  0.555,  0.104,  0.297,  0.377,  0.253,  0.035
 57660,  0.563,  0.195,  0.311,  0.340,  0.189, -0.009
 57720,  0.537,  0.073,  0.277,  0.343,  0.202, -0.034
 57780,  0.531,  0.038,  0.328,  0.299,  0.287, -0.011
 57840,  0.874,  0.133,  0.448,  0.332,  0.267,  0.135
 57900,  0.547,  0.195,  0.405,  0.396,  0.185,  0.233
 57960,  0.655,  0.107,  0.359,  0.378,  0.244,  0.064
 58020,  0.630,  0.101,  0.434,  0.375,  0.209, -0.015
 58080,  0.459,  0.164,  0.291,  0.386,  0.203,  0.102
 58140,  0.585,  0.070,  0.321,  0.321,  0.224,  0.227
 58200,  0.488,  0.264,  0.323,  0.328,  0.188,  0.143
 58260,  0.503,  0.165,  0.308,  0.315,  0.182,  0.041
 58320,  0.702,  0.230,  0.278,  0.291,  0.257,  0.048
 58380,  0.714,  0.115,  0.293,  0.363,  0.353,  0.009
 58440,  0.570,  0.188,  0.373,  0.422,  0.266,  0.008
 58500,  0.509,  0.103,  0.381,  0.367,  0.320,  0.105
 58560,  0.662,  0.257,  0.359,  0.289,  0.366,  0.136
 58620, -9999.000, -9999.000, -9999.000, -9999.000, -9999.000, -9999.000
 58680,  0.415,  0.082,  0.439,  0.326,  0.296,  0.084
 58740,  0.449,  0.134,  0.307,  0.297,  0.305,  0.134
 58800,  0.624,  0.176,  0.339,  0.323,  0.346,  0.139
 58860,  0.533,  0.134,  0.355,  0.331,  0.203,  0.097
 58920,  0.494,  0.203,  0.376,  0.292,  0.342,  0.131
 58980,  0.494,  0.103,  0.375,  0.259,  0.290,  0.069
 59040,  0.517,  0.135,  0.381,  0.298,  0.287,  0.172
 59100,  0.543,  0.217,  0.380,  0.261,  0.205,  0.065
 59160,  0.521,  0.172,  0.400,  0.230,  0.251,  0.083
 59220,  0.425,  0.165,  0.354,  0.308,  0.305,  0.014
 59280,  0.516,  0.099,  0.384,  0.221,  0.323,  0.089
 59340,  0.654,  0.235,  0.393,  0.272,  0.246,  0.041
 59400,  0.654,  0.156,  0.392,  0.264,  0.195,  0.019
 59460,  0.509,  0.085,  0.435,  0.225,  0.260,  0.077
 59520,  0.482,  0.102,  0.391,  0.246,  0.280,  0.034
 59580,  0.697,  0.083,  0.412,  0.172,  0.250,  0.020
 59640,  0.706,  0.062,  0.354,  0.190,  0.223,  0.034
 59700,  0.731,  0.184,  0.395,  0.124,  0.170,  0.010
 59760,  0.676,  0.103,  0.456,  0.145,  0.214,  0.070
 59820,  0.750, -9999.000,  0.402,  0.137,  0.228,  0.028
 59880,  0.711, -9999.000,  0.436,  0.126,  0.270,  0.019
 59940,  0.716, -9999.000,  0.458,  0.127,  0.235,  0.001
 60000,  0.657, -9999.000,  0.519,  0.103,  0.207,  0.021
 60060,  0.772, -9999.000,  0.419,  0.170,  0.197,  0.005
 60120,  0.827, -9999.000,  0.399,  0.160,  0.199, -0.079
 60180,  0.731, -9999.000,  0.328,  0.104,  0.218, -0.003
 60240,  0.838, -9999.000,  0.464,  0.137,  0.238, -0.043
 60300,  0.711, -9999.000,  0.400,  0.140,  0.295,  0.060
 60360,  0.687, -9999.000,  0.448,  0.133,  0.257,  0.042
 60420,  0.797, -9999.000,  0.555,  0.138,  0.239,  0.067
 60480,  0.671, -9999.000,  0.393,  0.015,  0.035, -0.008
 60540,  0.938, -9999.000,  0.464,  0.140,  0.256,  0.012
 60600,  0.785, -9999.000,  0.598,  0.105,  0.303,  0.011
 60660,  0.732, -9999.000,  0.565,  0.145,  0.216,  0.045
 60720,  0.793, -9999.000,  0.395,  0.118,  0.207,  0.006
 60780,  0.743, -9999.000,  0.409,  0.181,  0.235, -0.002
 60840,  0.660, -9999.000,  0.458,  0.117,  0.215, -0.025
 60900,  0.719, -9999.000,  0.457,  0.098,  0.191,  0.030
 60960,  0.805, -9999.000,  0.439,  0.109,  0.261, -0.018
 61020,  0.503, -9999.000,  0.397,  0.057,  0.179,  0.002
 61080,  0.202, -9999.000,  0.370,  0.055,  0.090, -0.079
 61140,  0.318, -9999.000,  0.419,  0.087,  0.132, -0.074
 61200,  0.778, -9999.000,  0.520,  0.141,  0.225,  0.006
 61260,  0.825, -9999.000,  0.537,  0.070,  0.186,  0.048
 61320,  0.817, -9999.000,  0.666,  0.131,  0.215,  0.038
 61380,  0.293, -9999.000,  0.576,  0.083,  0.086, -0.062
 61440,  0.860, -9999.000,  0.673,  0.124,  0.251,  0.078
 61500,  0.761, -9999.000,  0.652,  0.101,  0.335,  0.015
 61560,  0.680, -9999.000,  0.807,  0.147,  0.262,  0.004
 61620,  0.764, -9999.000,  0.540,  0.154,  0.191,  0.073
 61680,  0.629, -9999.000,  0.554,  0.168,  0.237,  0.083
 61740,  0.793, -9999.000,  0.448,  0.075,  0.197,  0.060
 61800,  0.929, -9999.000,  0.555,  0.094,  0.264,  0.033
 61860,  0.746, -9999.000,  0.463,  0.159,  0.236,  0.083
 61920,  0.846, -9999.000,  0.505,  0.114,  0.175,  0.105
 61980,  0.800, -9999.000,  0.566,  0.117,  0.200,  0.100
 62040,  1.000, -9999.000,  0.532,  0.120,  0.253,  0.191
 62100,  0.858, -9999.000,  0.459,  0.108,  0.217,  0.162
 62160,  0.661, -9999.000,  0.490,  0.164,  0.265,  0.133
 62220,  0.798, -9999.000,  0.471,  0.136,  0.240,  0.089
 62280,  0.727, -9999.000,  0.438,  0.219,  0.085,  0.159
 62340,  0.720, -9999.000,  0.227,  0.315,  0.267, -0.145
 62400,  0.816, -9999.000,  0.503,  0.080,  0.203,  0.145
 62460,  0.703, -9999.000,  0.495,  0.125,  0.170,  0.126
 62520,  0.929, -9999.000,  0.591,  0.153,  0.278,  0.048
 62580,  0.495, -9999.000,  0.343,  0.100,  0.133,  0.037
 62640,  0.796, -9999.000,  0.633,  0.119,  0.245,  0.198
 62700,  0.926, -9999.000,  0.606,  0.100,  0.272,  0.148
 62760,  0.965, -9999.000,  0.527,  0.148,  0.230,  0.335
 62820,  1.000, -9999.000,  0.578,  0.115,  0.189,  0.126
 62880,  0.974, -9999.000,  0.589,  0.135,  0.248,  0.236
 62940,  0.874, -9999.000,  0.474,  0.104,  0.250,  0.182
 63000,  0.930, -9999.000,  0.588,  0.125,  0.168,  0.127
 63060,  1.002, -9999.000,  0.583,  0.063,  0.190,  0.206
 63120,  0.974, -9999.000,  0.478,  0.076,  0.176,  0.219
 63180,  0.886, -9999.000,  0.504,  0.073,  0.121,  0.182
 63240,  0.902, -9999.000,  0.527,  0.110,  0.155,  0.073
 63300,  0.986, -9999.000,  0.603,  0.060,  0.210,  0.167
 63360,  0.747, -9999.000,  0.468,  0.048,  0.148,  0.163
 63420,  0.855, -9999.000,  0.424,  0.031,  0.197,  0.109
 63480,  0.833, -9999.000,  0.460,  0.032,  0.144,  0.183
 63540,  0.819, -9999.000,  0.565,  0.051,  0.150,  0.091
 63600,  0.940, -9999.000,  0.623,  0.142,  0.186,  0.251
 63660,  0.838, -9999.000,  0.690,  0.046,  0.182,  0.124
 63720,  0.953, -9999.000,  0.602,  0.093,  0.206,  0.092
 63780,  0.936, -9999.000,  0.551,  0.101,  0.139,  0.264
 63840,  0.818, -9999.000,  0.390,  0.140,  0.199,  0.214
 63900,  0.827, -9999.000,  0.687,  0.104,  0.203,  0.089
 63960,  0.985, -9999.000,  0.462,  0.061,  0.173,  0.156
 64020,  0.658, -9999.000,  0.708,  0.075,  0.216,  0.261
 64080,  0.917, -9999.000,  0.727,  0.106,  0.173,  0.211
 64140,  0.629, -9999.000,  0.568,  0.024,  0.060,  0.002
 64200,  0.849, -9999.000,  0.516,  0.045,  0.079,  0.043
 64260,  0.889, -9999.000,  0.499,  0.049,  0.104,  0.122
 64320,  0.843, -9999.000,  0.535,  0.107,  0.164,  0.252
 64380,  0.933, -9999.000,  0.525,  0.124,  0.179,  0.230
 64440,  0.859, -9999.000,  0.615,  0.098,  0.212,  0.085
 64500,  0.787, -9999.000,  0.522,  0.075,  0.176,  0.115
 64560,  0.957, -9999.000,  0.735,  0.110,  0.201,  0.156
 64620,  0.938, -9999.000,  0.815,  0.113,  0.145,  0.245
 64680,  1.036, -9999.000,  0.613,  0.095,  0.205,  0.152
 64740,  1.058, -9999.000,  0.594,  0.058,  0.191,  0.259
 64800,  0.850, -9999.000,  0.522,  0.066,  0.153,  0.167
 64860,  0.993, -9999.000,  0.366,  0.080,  0.121,  0.124
 64920,  0.926, -9999.000,  0.510,  0.073,  0.178,  0.064
 64980,  0.937, -9999.000,  0.635,  0.111,  0.165,  0.118
 65040,  0.758, -9999.000,  0.569,  0.101,  0.103,  0.070
 65100,  1.216, -9999.000,  0.558,  0.118,  0.164,  0.138
 65160,  0.989, -9999.000,  0.545,  0.109,  0.211,  0.047
 65220,  0.907, -9999.000,  0.560,  0.112,  0.124,  0.007
 65280,  0.856, -9999.000,  0.544,  0.080,  0.087, -0.022
 65340,  0.904, -9999.000,  0.509,  0.076,  0.172,  0.056
 65400,  1.004, -9999.000,  0.743,  0.128,  0.082,  0.118
 65460,  1.060,  0.146,  0.624,  0.106,  0.204, -0.021
 65520,  0.875,  0.197,  0.491,  0.089,  0.103,  0.011
 65580,  1.036,  0.111,  0.583,  0.088,  0.196,  0.002
 65640,  0.955,  0.054,  0.708,  0.113,  0.104,  0.146
 65700,  1.053,  0.131,  0.768,  0.124,  0.247, -0.004
 65760,  0.917,  0.079,  0.805,  0.128,  0.197,  0.123
 65820,  0.977,  0.149,  0.594,  0.114,  0.115,  0.125
 65880,  1.088,  0.240,  0.600,  0.088,  0.169,  0.094
 65940,  0.958,  0.010,  0.508,  0.060,  0.180,  0.033
 66000, -9999.000, -9999.000, -9999.000, -9999.000, -9999.000, -9999.000
 66060,  0.894,  0.106,  0.635,  0.124,  0.129,  0.093
 66120,  1.112,  0.078,  0.890,  0.115,  0.175,  0.156
 66180,  0.921,  0.052,  0.798,  0.120,  0.170,  0.012
 66240,  1.075,  0.221,  0.657,  0.113,  0.104,  0.012
 66300,  1.035,  0.219,  0.829,  0.115,  0.050,  0.016
 66360,  0.905,  0.095,  0.817,  0.174,  0.123,  0.127
 66420,  1.008,  0.123,  0.646,  0.174,  0.127,  0.010
 66480,  0.923,  0.218,  0.711,  0.180,  0.194,  0.023
 66540,  1.142,  0.185,  0.723,  0.193,  0.172,  0.059
 66600,  1.125,  0.076,  0.621,  0.172,  0.157, -0.004
 66660,  1.157,  0.091,  0.742,  0.202,  0.275, -0.000
 66720,  1.200,  0.023,  0.566,  0.195,  0.157, -0.102
 66780,  1.092,  0.094,  0.780,  0.133,  0.198,  0.028
 66840,  1.127,  0.103,  0.645,  0.140,  0.181, -0.027
 66900,  1.159,  0.085,  0.949,  0.187,  0.212,  0.035
 66960,  1.183,  0.046,  0.687,  0.227,  0.201, -0.020
 67020,  1.191,  0.138,  0.657,  0.121,  0.245,  0.011
 67080,  1.092,  0.105,  0.677,  0.092,  0.183, -0.022
 67140,  1.134,  0.176,  0.766,  0.152,  0.202, -0.087
 67200,  1.237,  0.090,  0.960,  0.175,  0.221,  0.001
 67260,  1.226,  0.090,  0.656,  0.116,  0.222, -0.053
 67320,  1.239,  0.140,  0.880,  0.127,  0.273, -0.040
 67380,  1.227,  0.042,  0.772,  0.139,  0.273, -0.040
 67440,  1.181,  0.099,  0.526,  0.070,  0.121, -0.067
 67500,  1.061,  0.148,  0.693,  0.154,  0.205, -0.126
 67560,  1.100,  0.099,  0.629,  0.091,  0.138, -0.015
