CampaignData_and_Merges/R0/CSL_MobileLab_Parked/raw/20240805/USOS-NOAAIodideCIMS-OrgNitrs_MobileLabGround_20240805_RA.ict
37, 1001
Michael A Robinson, Chris Jernigan, Subi Thakali
NOAA ESRL Chemical Sciences Laboratory and CIRES, U. of Colorado
NOAA Iodide CIMS Instrument
USOS
1, 1
2024, 08, 05, 2024, 08, 05
1
starttime_UTC, seconds_past_midnight, seconds_of_day_since_00:00:00_UTC
5
1, 1, 1, 1, 1
-9999, -9999, -9999, -9999, -9999
C4H7NO5_NOAACIMS, pptv, Gas_C4H7NO5_InSitu_S_AVMR, 
ISOPN_NOAACIMS, pptv, Gas_ISOPN_InSitu_S_AVMR, 
C5H10O3_NOAACIMS, pptv, Gas_C5H10O3_InSitu_S_AVMR, 
C5H9NO5_NOAACIMS, pptv, Gas_C5H9NO5_InSitu_S_AVMR, 
C10H17NO4_NOAACIMS, pptv, Gas_C10H17NO4_InSitu_S_AVMR, 
0
18
PI_CONTACT_INFO: 325 Broadway, R/CSD 7, Boulder, Colorado 80305; michael.a.robinson@noaa.gov; chris.jernigan@noaa.gov;
PLATFORM: NOAA CSL Mobile Lab
LOCATION: SLC, Utah
ASSOCIATED_DATA: 1Hz data also available on request.
INSTRUMENT_INFO: NOAA I- ToF CIMS
DATA_INFO: All data in parts per trillion by volume (pptv). 1 Hz data is available upon request.
UNCERTAINTY: TBD
ULOD_FLAG: -7777
ULOD_VALUE: N/A
LLOD_FLAG: -8888
LLOD_VALUE: N/A
DM_CONTACT_INFO: Nathan Howard; nathan.h.howard@noaa.gov
PROJECT_INFO: USOS, summer 2024. https://csl.noaa.gov/groups/csl7/measurements/2024usos/
STIPULATIONS_ON_USE: Users are strongly encouraged to contact the PI for proper data usage.
OTHER_COMMENTS: 
REVISION: RA
RA: Preliminary Data; For in-field use only
starttime_UTC, C4H7NO5_NOAACIMS, ISOPN_NOAACIMS, C5H10O3_NOAACIMS, C5H9NO5_NOAACIMS, C10H17NO4_NOAACIMS
[from data line 678]
 40680,  2.958,  7.190, 49.939,  5.940,  0.988
 40740,  2.943,  7.286, 51.652,  5.926,  1.043
 40800,  2.940,  7.023, 50.005,  5.966,  1.014
 40860,  3.034,  7.312, 51.450,  6.040,  1.086
 40920,  2.831,  7.042, 51.334,  5.925,  1.029
 40980,  2.959,  7.034, 51.468,  5.947,  1.057
 41040,  2.955,  6.919, 51.327,  6.011,  1.103
 41100,  2.970,  6.656, 50.025,  5.985,  0.952
 41160,  2.977,  7.160, 51.516,  5.944,  1.037
 41220,  2.945,  7.355, 51.617,  5.861,  0.957
 41280,  2.959,  6.957, 51.263,  5.906,  1.040
 41340,  2.985,  6.964, 52.715,  5.830,  1.084
 41400,  3.003,  6.523, 51.818,  5.893,  1.037
 41460,  2.922,  6.857, 52.060,  5.994,  0.934
 41520,  2.948,  6.621, 52.209,  6.078,  1.076
 41580,  2.947,  6.967, 51.902,  6.013,  0.928
 41640,  2.862,  6.861, 51.103,  5.864,  1.036
 41700,  2.958,  6.963, 52.959,  5.831,  0.974
 41760,  3.006,  7.033, 53.050,  5.974,  0.958
 41820,  2.998,  6.950, 52.439,  5.855,  1.038
 41880,  2.986,  6.817, 52.109,  5.892,  1.052
 41940,  3.025,  7.152, 52.772,  6.168,  0.858
 42000,  3.091,  6.207, 44.911,  5.771,  1.059
 42060,  2.953,  6.469, 47.011,  5.814,  0.934
 42120,  2.961,  7.211, 48.687,  5.969,  1.073
 42180,  2.980,  6.387, 49.621,  5.996,  0.981
 42240,  2.987,  6.620, 50.155,  6.153,  0.934
 42300,  3.075,  7.113, 50.598,  6.043,  1.066
 42360,  2.949,  6.910, 51.214,  5.918,  0.947
 42420,  2.990,  7.027, 50.827,  5.870,  1.035
 42480,  2.967,  7.014, 51.340,  5.924,  0.987
 42540,  3.040,  6.377, 50.054,  5.782,  1.033
 42600,  3.071,  7.052, 51.771,  6.046,  0.920
 42660,  2.998,  7.103, 51.861,  6.172,  1.000
 42720,  3.036,  6.808, 51.869,  5.967,  0.913
 42780,  3.025,  7.075, 53.236,  6.163,  1.121
 42840,  3.045,  6.979, 52.413,  5.920,  1.023
 42900,  3.015,  6.944, 52.351,  5.869,  1.015
 42960,  3.015,  6.776, 51.252,  5.991,  1.009
 43020,  3.063,  6.909, 51.600,  6.010,  1.068
 43080,  3.030,  7.016, 50.625,  5.982,  0.981
 43140,  2.979,  6.997, 50.150,  6.181,  0.979
 43200,  3.014,  6.944, 50.989,  6.160,  1.025
 43260,  3.043,  6.950, 51.682,  6.252,  1.125
 43320,  3.052,  6.977, 52.686,  6.189,  0.980
 43380,  3.074,  6.949, 51.748,  6.307,  1.010
 43440,  3.099,  6.958, 52.059,  6.335,  0.988
 43500,  3.112,  6.831, 53.592,  6.012,  1.030
 43560,  3.132,  7.276, 52.712,  6.422,  1.078
 43620,  3.136,  7.298, 52.201,  6.497,  0.919
 43680,  3.169,  7.048, 52.033,  6.265,  0.954
 43740,  3.157,  7.043, 52.449,  6.404,  0.918
 43800,  3.070,  8.137, 51.495,  6.276,  0.681
 43860,  2.870,  5.011, 37.389,  5.639,  0.199
 43920,  3.085,  6.696, 45.742,  6.069,  0.843
 43980,  3.157,  6.838, 47.763,  6.132,  0.853
 44040,  3.161,  7.055, 48.825,  6.388,  1.001
 44100,  3.139,  7.372, 48.893,  6.385,  0.916
 44160,  3.131,  7.248, 51.231,  6.546,  1.034
 44220,  3.155,  7.163, 50.891,  6.506,  0.985
 44280,  3.147,  7.226, 51.766,  6.322,  0.889
 44340,  3.181,  7.127, 53.083,  6.587,  1.079
 44400,  3.227,  6.986, 51.515,  6.375,  0.988
 44460,  3.179,  7.152, 52.117,  6.387,  0.971
 44520,  3.180,  7.167, 53.377,  6.258,  0.984
 44580,  3.190,  7.104, 52.879,  6.706,  0.935
 44640,  3.201,  7.446, 54.250,  6.180,  0.957
 44700,  3.267,  6.946, 51.906,  6.575,  0.827
 44760,  3.343,  7.236, 54.809,  6.550,  0.868
 44820,  3.376,  7.291, 55.197,  6.471,  0.863
 44880,  3.261,  7.178, 55.341,  6.415,  0.946
 44940,  3.272,  7.259, 55.225,  6.471,  0.868
 45000,  3.282,  7.358, 55.022,  6.475,  0.942
 45060,  3.211,  7.330, 55.488,  6.532,  0.978
 45120,  3.243,  7.491, 54.725,  6.645,  0.876
 45180,  3.296,  7.313, 56.152,  6.487,  0.765
 45240,  3.247,  7.392, 56.138,  6.360,  0.891
 45300,  3.330,  7.259, 55.220,  6.633,  0.869
 45360,  3.243,  7.469, 55.154,  6.566,  0.990
 45420,  3.354,  7.218, 55.500,  6.447,  0.866
 45480,  3.301,  7.306, 55.806,  6.432,  0.952
 45540,  3.265,  7.191, 55.589,  6.370,  0.754
 45600,  3.320,  7.727, 55.188,  6.340,  0.916
 45660,  3.329,  7.425, 56.174,  6.518,  1.020
 45720,  3.272,  7.646, 50.549,  6.223,  0.852
 45780,  3.290,  7.353, 53.778,  6.478,  0.784
 45840,  3.422,  7.738, 56.411,  6.379,  0.756
 45900,  3.416,  7.549, 56.711,  6.545,  0.763
 45960,  3.364,  6.886, 55.160,  6.403,  0.693
 46020,  3.407,  7.073, 56.150,  6.334,  0.935
 46080,  3.332,  7.184, 55.064,  6.553,  0.846
 46140,  3.271,  7.101, 53.916,  6.317,  1.042
 46200,  3.208,  6.258, 50.399,  6.231,  1.225
 46260,  3.124,  6.335, 48.139,  6.151,  1.138
 46320,  3.071,  6.169, 46.774,  5.928,  1.299
 46380,  3.055,  6.069, 44.865,  6.022,  1.275
 46440,  3.086,  5.878, 43.187,  5.798,  1.198
 46500,  3.080,  5.728, 42.003,  5.801,  1.186
 46560,  3.201,  5.494, 39.838,  5.866,  1.323
 46620,  3.225,  5.511, 36.652,  6.046,  1.339
 46680,  3.220,  5.196, 35.334,  5.683,  1.317
 46740,  3.240,  5.307, 33.144,  5.808,  1.214
 46800,  3.379,  5.746, 32.522,  6.223,  1.449
 46860,  3.732,  6.263, 30.628,  7.155,  1.702
 46920,  3.851,  6.380, 34.070,  7.553,  1.930
 46980,  3.895,  6.582, 34.640,  7.562,  1.926
 47040,  3.798,  5.670, 31.957,  7.473,  1.802
 47100,  3.738,  5.638, 31.069,  7.129,  1.776
 47160,  3.787,  5.451, 31.088,  7.451,  1.582
 47220,  3.896,  5.670, 28.479,  7.671,  1.705
 47280,  4.053,  5.339, 29.278,  7.830,  1.832
 47340,  3.822,  5.368, 27.805,  7.563,  1.571
 47400,  3.827,  5.208, 28.586,  7.553,  1.664
 47460,  4.078,  4.933, 28.661,  8.174,  1.749
 47520, -9999.000, -9999.000, -9999.000, -9999.000, -9999.000
 47580,  3.980,  4.826, 22.355,  7.638,  1.446
 47640,  4.150,  5.228, 25.582,  8.096,  1.599
 47700,  4.250,  4.881, 24.543,  8.588,  1.669
 47760,  4.148,  5.379, 26.102,  8.119,  1.558
 47820,  4.067,  5.208, 24.735,  7.930,  1.628
 47880,  4.259,  5.201, 24.303,  8.219,  1.652
 47940,  4.190,  5.458, 24.467,  8.228,  1.700
 48000,  4.364,  5.465, 24.375,  8.469,  1.697
 48060,  4.339,  5.635, 23.624,  8.432,  1.739
 48120,  4.367,  5.299, 23.876,  8.346,  1.829
 48180,  4.387,  5.219, 23.637,  8.403,  1.643
 48240,  4.317,  5.402, 24.342,  7.824,  1.849
 48300,  4.462,  5.331, 23.663,  8.286,  1.676
 48360,  4.446,  5.555, 23.922,  8.383,  1.641
 48420,  4.409,  5.633, 25.306,  8.042,  1.738
 48480,  4.337,  5.570, 24.042,  8.158,  1.696
 48540,  4.110,  5.514, 25.491,  7.848,  1.862
 48600,  3.935,  6.000, 25.616,  7.579,  1.737
 48660,  3.723,  5.956, 26.109,  6.919,  1.884
 48720,  3.777,  6.144, 28.072,  6.919,  1.635
 48780,  3.742,  6.168, 28.863,  6.816,  1.645
 48840,  3.755,  6.128, 28.792,  6.690,  1.802
 48900,  3.703,  6.171, 29.573,  6.441,  1.821
 48960,  3.669,  6.106, 29.575,  6.845,  1.729
 49020,  3.697,  5.954, 29.116,  6.526,  1.693
 49080,  3.821,  6.380, 29.011,  6.754,  1.745
 49140,  3.713,  6.545, 30.269,  6.501,  1.843
 49200,  3.712,  6.096, 29.530,  6.358,  1.651
 49260,  3.743,  6.626, 30.506,  6.410,  1.782
 49320,  3.739,  6.653, 32.337,  6.246,  1.797
 49380, -9999.000, -9999.000, -9999.000, -9999.000, -9999.000
 49440,  3.616,  6.447, 29.344,  6.379,  1.772
 49500,  3.687,  6.336, 31.215,  6.192,  1.880
 49560,  3.779,  6.127, 30.113,  6.326,  1.721
 49620,  4.111,  6.355, 29.650,  6.900,  1.693
 49680,  4.124,  6.226, 29.320,  7.096,  1.601
 49740,  4.297,  5.965, 30.346,  7.424,  1.568
 49800,  4.339,  6.795, 29.397,  7.275,  1.776
 49860,  4.358,  6.486, 28.500,  7.537,  1.576
 49920,  4.409,  6.915, 28.313,  7.272,  1.712
 49980,  4.490,  7.175, 28.523,  7.473,  1.750
 50040,  4.570,  6.890, 28.241,  7.367,  1.635
 50100,  4.648,  7.054, 28.789,  7.675,  1.765
 50160,  4.691,  7.785, 28.061,  7.760,  1.718
 50220,  4.609,  7.600, 28.764,  7.599,  1.684
 50280,  4.810,  7.699, 29.250,  7.871,  1.855
 50340,  4.797,  8.012, 28.256,  8.140,  1.784
 50400,  5.017,  8.560, 27.920,  8.035,  1.948
 50460,  4.971,  8.298, 27.672,  7.826,  1.865
 50520,  4.839,  8.349, 27.470,  7.947,  1.955
 50580,  4.820,  8.006, 27.963,  8.019,  1.967
 50640,  4.781,  8.336, 28.491,  7.690,  2.103
 50700,  4.728,  8.301, 27.830,  7.681,  2.056
 50760,  4.883,  8.374, 28.777,  7.410,  2.003
 50820,  5.072,  9.014, 27.260,  7.907,  2.083
 50880,  4.937,  8.604, 27.656,  8.021,  2.064
 50940,  4.947,  8.574, 28.284,  7.745,  2.289
 51000,  4.964,  8.328, 27.416,  7.572,  2.184
 51060,  4.842,  8.726, 28.477,  7.393,  2.071
 51120,  4.800,  8.574, 27.883,  7.782,  2.115
 51180,  4.860,  8.954, 29.404,  7.562,  2.117
 51240, -9999.000, -9999.000, -9999.000, -9999.000, -9999.000
 51300,  5.085,  9.297, 23.989,  7.558,  2.066
 51360,  5.100,  9.753, 25.882,  7.990,  1.904
 51420,  4.978, 10.404, 27.678,  7.476,  1.834
 51480,  4.795, 11.328, 30.271,  7.050,  1.474
 51540,  4.747, 11.066, 30.368,  7.037,  1.697
 51600,  4.955, 10.722, 30.795,  7.408,  1.766
 51660,  4.932, 10.790, 31.417,  7.679,  1.699
 51720,  5.032, 10.851, 32.332,  7.465,  1.599
 51780,  4.795, 11.421, 32.447,  7.057,  1.512
 51840,  4.609, 11.405, 32.365,  6.569,  1.463
 51900,  4.535, 12.091, 32.214,  6.519,  1.493
 51960,  4.636, 13.889, 31.740,  6.367,  1.354
 52020,  4.626, 13.444, 34.124,  6.321,  1.241
 52080,  4.672, 14.893, 34.260,  5.857,  1.450
 52140,  4.664, 14.680, 33.936,  5.802,  1.323
 52200,  4.751, 14.661, 33.777,  5.783,  1.309
 52260,  4.696, 15.210, 34.024,  5.778,  1.313
 52320,  4.767, 15.139, 33.583,  5.905,  1.392
 52380,  4.769, 14.649, 31.822,  6.071,  1.300
 52440,  4.855, 15.682, 32.320,  6.095,  1.345
 52500,  4.861, 15.913, 31.761,  6.143,  1.417
 52560,  4.856, 16.406, 31.477,  5.962,  1.399
 52620,  4.968, 16.348, 31.982,  5.989,  1.433
 52680,  5.083, 15.893, 30.595,  6.350,  1.400
 52740,  5.086, 15.918, 29.835,  6.211,  1.426
 52800,  5.118, 16.255, 30.759,  6.203,  1.335
 52860,  5.119, 16.765, 30.928,  6.515,  1.285
 52920,  5.254, 16.595, 31.208,  6.215,  1.379
 52980,  5.233, 16.587, 30.668,  6.581,  1.495
 53040,  5.419, 17.070, 31.239,  6.547,  1.589
 53100,  5.303, 16.145, 27.812,  6.508,  1.256
 53160,  5.482, 15.390, 28.463,  6.547,  1.493
 53220,  5.679, 14.182, 28.376,  7.142,  1.364
 53280,  5.819, 13.158, 29.464,  7.216,  1.380
 53340,  5.905, 13.469, 29.676,  7.546,  1.299
 53400,  5.869, 13.699, 32.097,  7.240,  1.309
 53460,  5.536, 14.197, 37.747,  6.898,  1.108
 53520,  5.633, 14.146, 43.337,  6.845,  1.038
 53580,  5.915, 14.582, 36.733,  7.118,  1.426
 53640,  6.017, 15.249, 34.796,  7.195,  1.313
 53700,  5.976, 15.450, 35.819,  7.162,  1.252
 53760,  6.187, 15.410, 36.793,  7.156,  1.260
 53820,  6.213, 15.227, 38.410,  7.319,  1.131
 53880,  6.411, 15.309, 36.436,  7.546,  1.354
 53940,  6.339, 15.821, 35.443,  7.711,  1.453
 54000,  6.423, 17.234, 35.682,  7.193,  1.409
 54060,  6.377, 18.250, 34.947,  7.399,  1.332
 54120,  6.545, 20.857, 36.068,  7.014,  1.402
 54180,  6.632, 22.145, 35.412,  7.154,  1.333
 54240,  6.760, 23.591, 36.908,  7.203,  1.636
 54300,  6.665, 23.129, 34.454,  7.421,  1.380
 54360,  6.760, 22.278, 34.814,  7.616,  1.500
 54420,  6.828, 24.067, 34.560,  7.382,  1.599
 54480,  6.987, 26.743, 33.016,  7.147,  1.509
 54540,  6.937, 26.083, 32.969,  7.252,  1.614
 54600,  6.913, 25.921, 33.396,  7.345,  1.606
 54660,  7.058, 27.399, 33.092,  7.132,  1.553
 54720,  7.197, 25.585, 32.997,  7.049,  1.590
 54780,  7.246, 25.836, 33.125,  7.319,  1.637
 54840,  7.299, 25.929, 33.136,  7.567,  1.515
 54900, -9999.000, -9999.000, -9999.000, -9999.000, -9999.000
 54960,  7.477, 28.595, 27.994,  7.035,  1.241
 55020,  7.520, 28.379, 29.217,  7.577,  1.410
 55080,  7.852, 27.843, 31.885,  7.728,  1.564
 55140,  7.890, 27.584, 32.474,  7.864,  1.435
 55200,  8.135, 27.100, 33.510,  7.889,  1.576
 55260,  8.238, 28.693, 33.140,  8.370,  1.605
 55320,  8.343, 29.173, 34.404,  8.316,  1.661
 55380,  8.425, 28.691, 33.818,  8.329,  1.546
 55440,  8.481, 28.420, 34.603,  8.198,  1.673
 55500,  8.559, 28.885, 34.353,  8.486,  1.638
 55560,  8.463, 29.705, 34.293,  8.658,  1.647
 55620,  8.927, 29.827, 34.166,  8.621,  1.521
 55680,  8.921, 27.790, 34.225,  9.041,  1.532
 55740,  8.867, 27.835, 34.622,  8.962,  1.668
 55800,  8.921, 29.277, 34.524,  8.881,  1.735
 55860,  9.053, 30.944, 34.232,  8.833,  1.606
 55920,  9.240, 31.881, 35.682,  8.896,  1.689
 55980,  9.413, 33.392, 36.709,  8.794,  1.620
 56040,  9.560, 35.017, 36.372,  8.791,  1.830
 56100,  9.645, 35.259, 36.563,  8.728,  1.747
 56160,  9.527, 32.284, 36.397,  8.691,  1.937
 56220,  9.407, 31.783, 36.823,  8.857,  1.762
 56280,  9.572, 31.911, 36.044,  8.667,  1.853
 56340,  9.632, 29.252, 35.301,  8.940,  1.929
 56400,  9.284, 28.846, 35.409,  8.927,  1.708
 56460,  9.453, 27.871, 35.108,  9.331,  1.870
 56520,  9.328, 27.218, 33.612,  9.532,  1.971
 56580,  9.608, 30.911, 35.484,  9.326,  2.038
 56640,  9.695, 32.090, 35.439,  8.823,  1.996
 56700,  9.850, 32.101, 35.258,  8.928,  2.294
 56760, -9999.000, -9999.000, -9999.000, -9999.000, -9999.000
 56820, 10.030, 32.906, 33.514,  8.628,  1.779
 56880, 10.192, 32.136, 33.640,  9.164,  1.694
 56940, 10.154, 32.837, 34.588,  9.214,  1.894
 57000, 10.046, 32.112, 34.608,  9.499,  1.738
 57060, 10.190, 32.467, 34.740,  9.541,  1.613
 57120, 10.215, 31.996, 34.645,  9.433,  1.302
 57180, 10.335, 30.883, 34.922,  9.695,  1.075
 57240, 10.165, 31.293, 34.477,  9.490,  1.151
 57300,  9.919, 28.684, 34.469,  8.985,  0.711
 57360,  9.603, 27.015, 34.150,  8.917,  0.583
 57420,  9.785, 28.568, 35.652,  8.805,  0.735
 57480, 10.056, 28.501, 33.349,  9.187,  0.505
 57540,  9.907, 28.675, 33.511,  8.981,  0.406
 57600,  9.829, 27.677, 34.947,  9.284,  0.247
 57660,  9.135, 25.704, 33.020,  8.762,  0.087
 57720,  9.108, 24.807, 31.434,  8.885, -0.284
 57780,  9.168, 24.876, 30.574,  8.843, -0.195
 57840,  9.253, 24.339, 30.330,  8.919, -0.408
 57900,  9.187, 23.869, 31.096,  8.966, -0.383
 57960,  9.327, 23.892, 30.659,  8.564, -0.461
 58020,  9.361, 26.826, 30.450,  8.927, -0.518
 58080,  9.951, 29.521, 30.673,  9.400, -0.588
 58140, 10.108, 29.766, 32.369,  9.176, -0.340
 58200, 10.529, 29.790, 31.520,  9.455,  0.561
 58260, 10.402, 29.800, 31.653,  9.651,  4.478
 58320, 10.845, 31.411, 31.760,  9.519, 11.322
 58380, 10.795, 32.174, 32.385,  9.720, 15.857
 58440, 11.232, 32.968, 31.578, 10.016, 19.260
 58500, 11.334, 32.728, 32.253, 10.071, 20.536
 58560, 11.208, 31.128, 33.408,  9.929, 17.206
 58620, -9999.000, -9999.000, -9999.000, -9999.000, -9999.000
 58680, 11.531, 31.911, 26.277, 10.045,  7.365
 58740, 11.773, 34.733, 28.804, 10.332,  6.575
 58800, 12.617, 36.934, 29.391, 10.421,  6.698
 58860, 13.035, 39.964, 31.525, 10.692,  5.331
 58920, 13.348, 39.941, 31.335, 10.822,  4.488
 58980, 12.859, 37.625, 30.882, 10.461,  7.462
 59040, 12.090, 35.783, 30.302,  9.996,  9.031
 59100, 12.152, 34.959, 30.628, 10.053,  7.927
 59160, 12.477, 36.576, 30.517, 10.295,  7.222
 59220, 12.640, 35.884, 29.867, 10.015,  5.723
 59280, 12.992, 37.732, 30.549, 10.177,  4.655
 59340, 12.838, 37.717, 30.664, 10.047,  3.597
 59400, 12.754, 35.405, 30.065,  9.951,  1.811
 59460, 13.091, 37.097, 29.998,  9.912,  1.683
 59520, 12.423, 33.595, 29.425,  9.863,  1.288
 59580, 11.260, 28.554, 29.804,  9.075,  0.977
 59640, 11.329, 28.208, 30.357,  8.855,  0.978
 59700, 11.209, 26.732, 30.625,  8.791,  0.684
 59760, 11.676, 28.341, 30.218,  8.538,  0.853
 59820, 11.753, 27.659, 31.572,  8.520,  0.923
 59880, 11.340, 27.303, 31.947,  8.471,  0.791
 59940, 11.032, 25.807, 31.831,  8.073,  0.557
 60000, 10.605, 24.366, 32.214,  7.835,  0.390
 60060, 11.334, 25.840, 34.014,  7.825,  0.545
 60120, 11.477, 26.417, 34.826,  8.200,  0.703
 60180, 12.587, 29.564, 35.892,  7.980,  0.941
 60240, 13.695, 32.250, 36.470,  8.460,  1.154
 60300, 13.707, 32.669, 38.425,  8.757,  1.159
 60360, 13.508, 31.561, 38.464,  8.519,  1.200
 60420, 13.935, 30.979, 38.474,  8.716,  1.247
 60480, 13.951, 29.546, 34.026,  9.340,  1.276
 60540, 13.827, 28.632, 35.835,  8.825,  1.132
 60600, 13.196, 28.192, 34.618,  8.854,  1.070
 60660, 13.523, 26.802, 33.959,  9.300,  0.844
 60720, 13.947, 26.851, 34.868,  9.099,  0.829
 60780, 13.772, 26.893, 33.312,  8.953,  0.917
 60840, 12.391, 23.323, 31.794,  8.701,  0.718
