CampaignData_and_Merges/R0/CSL_MobileLab_Parked/raw/20240805/USOS-NOAAIodideCIMS-Halogens_MobileLabGround_20240805_RA.ict
38, 1001
Michael A Robinson, Chris Jernigan, Subi Thakali
NOAA ESRL Chemical Sciences Laboratory and CIRES, U. of Colorado
NOAA Iodide CIMS Instrument
USOS
1, 1
2024, 08, 05, 2024, 08, 05
1
starttime_UTC, seconds_past_midnight, seconds_of_day_since_00:00:00_UTC
6
1, 1, 1, 1, 1, 1
-9999, -9999, -9999, -9999, -9999, -9999
Br2_NOAACIMS, pptv, Gas_Br2_InSitu_S_AVMR, 
BrO_NOAACIMS, pptv, Gas_BrO_InSitu_S_AVMR, 
Cl2_NOAACIMS, pptv, Gas_Cl2_InSitu_S_AVMR, 
ClNO2_NOAACIMS, pptv, Gas_ClNO2_InSitu_S_AVMR, 
BrCl_NOAACIMS, pptv, Gas_BrCl_InSitu_S_AVMR, 
NCl3_NOAACIMS, pptv, Gas_NCl3_InSitu_S_AVMR, 
0
18
PI_CONTACT_INFO: 325 Broadway, R/CSD 7, Boulder, Colorado 80305; michael.a.robinson@noaa.gov; chris.jernigan@noaa.gov;
PLATFORM: NOAA CSL Mobile Lab
LOCATION: SLC, Utah
ASSOCIATED_DATA: 1Hz data also available on request.
INSTRUMENT_INFO: NOAA I- ToF CIMS
DATA_INFO: All data in parts per trillion by volume (pptv). 1 Hz data is available upon request.
UNCERTAINTY: TBD
ULOD_FLAG: -7777
ULOD_VALUE: N/A
LLOD_FLAG: -8888
LLOD_VALUE: N/A
DM_CONTACT_INFO: Nathan Howard; nathan.h.howard@noaa.gov
PROJECT_INFO: USOS, summer 2024. https://csl.noaa.gov/groups/csl7/measurements/2024usos/
STIPULATIONS_ON_USE: Users are strongly encouraged to contact the PI for proper data usage.
OTHER_COMMENTS: 
REVISION: RA
RA: Preliminary Data; For in-field use only
starttime_UTC, Br2_NOAACIMS, BrO_NOAACIMS, Cl2_NOAACIMS, ClNO2_NOAACIMS, BrCl_NOAACIMS, NCl3_NOAACIMS
[from data line 275]
 16500,  0.667, -9999.000,  0.769,  0.116,  0.268,  1.830
 16560,  0.906, -9999.000,  0.993,  0.112,  0.364,  3.880
 16620,  0.543,  0.022,  0.794,  0.073,  0.313,  3.641
 16680,  0.322,  0.049,  0.802,  0.072,  0.343,  3.089
 16740,  0.861,  0.130,  0.745,  0.074,  0.460,  3.783
 16800,  0.842,  0.014,  0.585,  0.099,  0.325,  2.094
 16860,  0.532,  0.040,  0.665,  0.095,  0.274,  1.883
 16920,  0.494,  0.092,  0.628,  0.059,  0.289,  2.598
 16980,  0.920,  0.080,  0.627,  0.076,  0.250,  1.712
 17040,  0.736, -0.007,  0.627,  0.074,  0.282,  1.622
 17100,  0.902,  0.178,  0.687,  0.099,  0.265,  1.247
 17160,  0.753,  0.010,  0.582,  0.067,  0.256,  1.473
 17220,  0.651,  0.140,  0.667,  0.093,  0.212,  1.123
 17280,  0.837,  0.083,  0.624,  0.095,  0.230,  1.444
 17340,  0.775,  0.116,  0.832,  0.096,  0.295,  1.196
 17400,  0.626,  0.047,  0.595,  0.113,  0.196,  1.343
 17460,  0.828,  0.057,  0.751,  0.093,  0.207,  1.324
 17520,  0.579,  0.043,  0.585,  0.072,  0.152,  1.090
 17580,  0.632,  0.062,  0.604,  0.082,  0.227,  1.071
 17640,  0.954,  0.070,  0.612,  0.103,  0.223,  1.343
 17700,  0.608,  0.076,  0.894,  0.100,  0.169,  9.179
 17760,  0.681,  0.043,  0.806,  0.104,  0.163,  8.656
 17820,  0.981,  0.063,  1.200,  0.114,  0.356, 26.502
 17880,  0.776,  0.154,  0.984,  0.156,  0.294, 11.954
 17940,  0.633,  0.022,  0.782,  0.045,  0.205,  5.940
 18000,  0.927, -0.008,  0.416,  0.042,  0.257,  2.276
 18060,  0.588,  0.036,  0.673,  0.096,  0.185,  2.858
 18120,  0.476,  0.017,  0.833,  0.105,  0.177, 12.802
 18180,  0.675,  0.068,  0.831,  0.087,  0.255,  8.562
 18240,  0.659,  0.099,  0.677,  0.119,  0.197,  3.797
 18300,  0.795,  0.054,  1.028,  0.137,  0.364, 14.307
 18360,  1.041,  0.093,  0.820,  0.139,  0.360,  8.543
 18420,  0.891,  0.076,  0.774,  0.145,  0.356,  6.252
 18480,  0.729,  0.109,  0.719,  0.091,  0.199,  6.827
 18540,  0.635,  0.043,  1.148,  0.165,  0.296, 17.684
 18600,  0.870,  0.088,  1.110,  0.161,  0.432, 19.543
 18660,  0.455,  0.046,  0.854,  0.080,  0.228, 12.672
 18720,  0.460, -9999.000,  0.727,  0.138,  0.210,  5.048
 18780,  0.590, -9999.000,  0.695,  0.095,  0.227,  4.558
 18840,  0.615, -9999.000,  0.688,  0.120,  0.212,  5.833
 18900,  0.700, -9999.000,  0.883,  0.132,  0.322,  7.265
 18960,  0.644, -9999.000,  0.802,  0.150,  0.390,  5.076
 19020,  0.642, -9999.000,  0.762,  0.166,  0.320,  4.096
 19080,  0.877, -9999.000,  0.668,  0.110,  0.317,  4.478
 19140,  0.643, -9999.000,  0.800,  0.109,  0.282,  9.662
 19200,  0.363, -9999.000,  0.981,  0.107,  0.222, 14.561
 19260,  0.606, -9999.000,  0.611,  0.094,  0.250,  2.613
 19320,  0.735, -9999.000,  1.080,  0.149,  0.348, 13.531
 19380,  0.809, -9999.000,  0.743,  0.100,  0.234,  3.999
 19440,  0.483, -9999.000,  0.597,  0.111,  0.222,  5.735
 19500,  0.468, -9999.000,  0.849,  0.102,  0.234, 10.113
 19560,  0.499, -9999.000,  0.866,  0.093,  0.191,  8.172
 19620,  0.609, -9999.000,  1.079,  0.203,  0.455, 19.918
 19680,  0.340, -9999.000,  1.078,  0.130,  0.281, 14.370
 19740,  0.364, -9999.000,  0.926,  0.117,  0.309, 11.828
 19800,  0.195, -9999.000,  0.761,  0.056,  0.073,  3.231
 19860,  0.417, -9999.000,  0.813,  0.139,  0.620,  6.881
 19920,  0.619, -9999.000,  0.701,  0.130,  0.395,  4.616
 19980,  0.605, -9999.000,  0.770,  0.136,  0.235,  3.701
 20040,  0.563, -9999.000,  0.710,  0.073,  0.246,  1.714
 20100,  0.665, -9999.000,  0.729,  0.104,  0.338,  2.474
 20160,  0.625, -9999.000,  0.646,  0.082,  0.282,  2.164
 20220,  0.475, -9999.000,  0.718,  0.109,  0.294,  2.761
 20280,  0.659, -9999.000,  0.739,  0.158,  0.464,  8.046
 20340,  0.808, -9999.000,  0.770,  0.152,  0.475,  9.279
 20400,  0.663, -9999.000,  0.717,  0.114,  0.390,  5.953
 20460,  0.644, -9999.000,  0.831,  0.108,  0.281,  3.956
 20520,  0.720, -9999.000,  0.962,  0.084,  0.600, 10.748
 20580,  0.351, -9999.000,  0.749,  0.105,  0.192,  2.102
 20640,  0.519, -9999.000,  0.721,  0.103,  0.245,  3.776
 20700,  0.770, -9999.000,  0.731,  0.099,  0.358,  6.710
 20760,  0.540, -9999.000,  0.700,  0.083,  0.337,  5.856
 20820,  0.684, -9999.000,  0.909,  0.130,  0.522,  9.566
 20880,  0.780, -9999.000,  0.893,  0.113,  0.461, 11.431
 20940,  0.412, -9999.000,  0.593,  0.094,  0.189,  3.308
 21000,  0.577, -9999.000,  0.956,  0.128,  0.398,  9.035
 21060,  0.436, -9999.000,  0.652,  0.146,  0.237,  6.500
 21120,  0.728, -9999.000,  0.718,  0.097,  0.243,  3.662
 21180,  0.472, -9999.000,  0.786,  0.104,  0.212,  3.661
 21240,  0.523, -9999.000,  0.923,  0.120,  0.215,  6.467
 21300,  0.496, -9999.000,  0.780,  0.133,  0.203,  4.452
 21360,  0.459, -9999.000,  0.845,  0.132,  0.269,  8.145
 21420,  0.510, -9999.000,  0.792,  0.116,  0.281,  4.526
 21480,  0.664, -9999.000,  0.756,  0.105,  0.278,  2.872
 21540,  0.467, -9999.000,  0.645,  0.107,  0.232,  5.068
 21600,  0.473, -9999.000,  0.762,  0.122,  0.228,  4.772
 21660, -9999.000, -9999.000, -9999.000, -9999.000, -9999.000, -9999.000
 21720,  0.467, -9999.000,  0.761,  0.109,  0.225,  1.867
 21780,  0.355, -9999.000,  0.915,  0.116,  0.201,  1.610
 21840,  0.269, -9999.000,  0.832,  0.116,  0.232,  2.457
 21900,  0.830,  0.136,  0.761,  0.156,  0.300,  3.703
 21960,  0.664,  0.036,  0.849,  0.147,  0.262,  3.120
 22020,  0.620,  0.104,  0.887,  0.160,  0.308,  4.381
 22080,  0.686,  0.082,  0.962,  0.191,  0.323,  7.444
 22140,  0.680,  0.078,  0.817,  0.194,  0.297,  4.477
 22200,  0.718,  0.071,  0.730,  0.129,  0.292,  3.529
 22260,  0.657,  0.065,  0.696,  0.153,  0.282,  3.776
 22320,  0.658,  0.028,  0.685,  0.176,  0.284,  5.080
 22380,  0.610,  0.063,  0.679,  0.118,  0.270,  4.070
 22440,  0.772,  0.060,  0.721,  0.112,  0.347,  4.784
 22500,  0.581,  0.036,  0.704,  0.168,  0.325,  3.383
 22560,  0.664,  0.023,  0.713,  0.139,  0.288,  3.290
 22620,  0.877,  0.160,  0.659,  0.146,  0.326,  3.360
 22680,  0.743,  0.080,  0.606,  0.212,  0.399,  4.274
 22740,  0.718,  0.086,  0.768,  0.193,  0.290,  3.319
 22800,  0.830,  0.021,  0.721,  0.143,  0.332,  3.007
 22860,  0.584, -0.006,  0.646,  0.118,  0.335,  3.802
 22920,  0.494,  0.094,  0.507,  0.088,  0.211,  2.603
 22980,  0.675,  0.017,  0.601,  0.120,  0.326,  3.699
 23040,  0.471,  0.041,  0.639,  0.119,  0.197,  2.867
 23100,  0.570,  0.013,  0.631,  0.106,  0.216,  2.242
 23160,  0.822,  0.087,  0.664,  0.085,  0.361,  2.884
 23220,  0.820,  0.086,  0.662,  0.076,  0.293,  2.915
 23280,  0.732,  0.067,  0.625,  0.104,  0.370,  2.752
 23340,  0.819,  0.030,  0.535,  0.101,  0.359,  3.464
 23400,  0.668,  0.073,  0.611,  0.074,  0.277,  2.939
 23460,  0.908,  0.062,  0.561,  0.080,  0.363,  2.834
 23520, -9999.000, -9999.000, -9999.000, -9999.000, -9999.000, -9999.000
 23580,  0.626,  0.011,  0.770,  0.135,  0.346,  3.335
 23640,  0.667,  0.098,  0.892,  0.170,  0.325,  2.957
 23700,  0.833,  0.001,  0.765,  0.164,  0.333,  2.949
 23760,  1.044,  0.009,  0.679,  0.172,  0.378,  3.240
 23820,  0.852, -0.021,  0.737,  0.242,  0.316,  3.201
 23880,  0.898,  0.011,  0.713,  0.191,  0.326,  2.950
 23940,  1.425,  0.109,  0.822,  0.301,  0.414,  3.823
 24000,  1.170,  0.070,  0.790,  0.155,  0.443,  3.415
 24060,  0.819,  0.000,  0.770,  0.136,  0.354,  3.591
 24120,  1.025, -0.049,  0.773,  0.203,  0.341,  3.087
 24180,  0.917,  0.002,  0.754,  0.144,  0.308,  3.618
 24240,  0.786,  0.031,  0.764,  0.210,  0.326,  3.995
 24300,  0.817,  0.024,  0.741,  0.194,  0.413,  3.936
 24360,  0.782,  0.039,  0.770,  0.259,  0.311,  3.203
 24420,  0.707,  0.059,  0.698,  0.163,  0.234,  3.263
 24480,  0.865, -0.013,  0.798,  0.278,  0.372,  3.200
 24540,  0.922,  0.043,  0.809,  0.265,  0.355,  3.508
 24600,  0.827, -0.012,  0.819,  0.350,  0.275,  3.006
 24660,  0.860, -0.033,  0.646,  0.267,  0.365,  3.218
 24720,  0.690,  0.026,  0.631,  0.234,  0.384,  3.427
 24780,  0.682, -0.086,  0.643,  0.138,  0.313,  3.040
 24840,  0.876, -0.039,  0.738,  0.128,  0.301,  3.022
 24900,  0.870, -0.009,  0.713,  0.086,  0.303,  3.344
 24960,  1.004,  0.010,  0.653,  0.105,  0.353,  2.993
 25020,  1.027, -0.007,  0.592,  0.085,  0.407,  3.161
 25080,  0.874, -0.021,  0.799,  0.084,  0.328,  2.962
 25140,  0.962, -0.006,  0.618,  0.111,  0.305,  2.886
 25200,  0.834, -0.047,  0.611,  0.097,  0.225,  2.937
 25260,  0.850, -0.044,  0.718,  0.086,  0.368,  3.012
 25320,  0.898, -0.030,  0.743,  0.055,  0.336,  2.914
 25380, -9999.000, -9999.000, -9999.000, -9999.000, -9999.000, -9999.000
 25440,  0.618, -0.097,  0.710,  0.078,  0.323,  2.582
 25500,  0.890, -0.048,  0.723,  0.122,  0.310,  2.814
 25560,  0.830,  0.000,  0.694,  0.081,  0.297,  2.651
 25620,  0.669, -0.047,  0.636,  0.071,  0.235,  2.555
 25680,  0.706,  0.020,  0.638,  0.108,  0.327,  2.991
 25740,  0.862,  0.016,  0.616,  0.086,  0.386,  2.793
 25800,  0.902,  0.032,  0.561,  0.067,  0.320,  2.814
 25860,  0.798, -0.024,  0.745,  0.082,  0.336,  2.853
 25920,  0.754,  0.127,  0.711,  0.083,  0.404,  2.435
 25980,  0.828,  0.081,  0.665,  0.115,  0.276,  2.737
 26040,  0.628, -0.025,  0.582,  0.082,  0.300,  2.571
 26100,  0.818,  0.007,  0.637,  0.128,  0.241,  2.732
 26160,  0.796, -0.014,  0.654,  0.091,  0.358,  2.853
 26220,  0.726,  0.015,  0.671,  0.094,  0.248,  3.059
 26280,  0.855,  0.008,  0.582,  0.078,  0.323,  3.454
 26340,  0.800, -0.017,  0.646,  0.129,  0.251,  4.680
 26400,  0.736,  0.030,  0.718,  0.096,  0.343,  5.865
 26460,  0.599,  0.015,  0.710,  0.105,  0.252,  6.775
 26520,  0.669,  0.059,  0.658,  0.117,  0.273,  6.114
 26580,  0.430,  0.036,  0.958,  0.123,  0.252,  9.491
 26640,  0.501,  0.057,  1.137,  0.227,  0.221, 11.742
 26700,  0.843,  0.183,  1.010,  0.133,  0.470,  9.679
 26760,  1.023,  0.289,  0.860,  0.196,  0.586, 10.724
 26820,  1.190,  0.228,  0.709,  0.195,  1.059,  7.054
 26880,  0.891,  0.110,  0.906,  0.137,  0.834,  7.867
 26940,  0.919,  0.139,  0.874,  0.139,  0.458,  7.929
 27000,  0.749,  0.111,  0.898,  0.156,  0.339,  6.867
 27060,  0.689,  0.105,  0.870,  0.152,  0.353,  6.576
 27120,  0.766,  0.139,  0.894,  0.119,  0.267,  6.856
 27180,  0.879,  0.076,  0.846,  0.178,  0.391,  7.330
 27240,  0.617,  0.203,  1.245,  0.161,  0.175,  6.382
 27300,  0.800,  0.142,  0.753,  0.117,  0.369,  5.459
 27360,  0.498,  0.146,  0.828,  0.101,  0.255,  4.180
 27420,  0.554,  0.074,  0.815,  0.123,  0.271,  4.805
 27480,  0.592,  0.028,  1.073,  0.212,  0.239,  6.416
 27540,  0.628,  0.127,  1.082,  0.205,  0.277,  6.964
 27600,  0.755,  0.080,  0.984,  0.177,  0.238,  5.448
 27660,  0.654,  0.119,  0.726,  0.107,  0.342,  4.196
 27720,  0.500,  0.131,  0.657,  0.112,  0.294,  3.993
 27780,  0.706,  0.099,  0.634,  0.141,  0.338,  3.678
 27840,  0.771,  0.134,  0.673,  0.101,  0.365,  4.071
 27900,  0.736,  0.100,  0.816,  0.148,  0.342,  4.465
 27960,  0.717,  0.105,  0.609,  0.141,  0.232,  3.333
 28020,  0.834,  0.027,  0.666,  0.110,  0.202,  2.951
 28080,  0.572,  0.032,  0.616,  0.100,  0.208,  2.649
 28140,  0.771,  0.123,  0.645,  0.100,  0.270,  2.692
 28200,  0.559,  0.132,  0.640,  0.120,  0.203,  2.791
 28260,  0.627, -0.002,  0.508,  0.075,  0.187,  2.488
 28320,  0.708,  0.140,  0.714,  0.078,  0.288,  2.571
 28380,  0.490,  0.013,  0.567,  0.124,  0.187,  2.352
 28440,  0.982,  0.051,  0.650,  0.104,  0.286,  2.779
 28500,  0.800,  0.065,  0.649,  0.146,  0.301,  2.595
 28560,  0.766,  0.122,  0.570,  0.113,  0.225,  2.672
 28620,  0.876,  0.156,  0.617,  0.133,  0.272,  2.427
 28680,  0.844,  0.079,  0.689,  0.114,  0.229,  2.606
 28740,  0.758,  0.165,  0.663,  0.147,  0.247,  2.525
 28800,  0.803,  0.150,  0.580,  0.125,  0.274,  2.494
 28860,  0.834,  0.056,  0.577,  0.152,  0.310,  2.400
 28920,  0.793,  0.111,  0.644,  0.170,  0.211,  2.631
 28980,  0.789,  0.016,  0.564,  0.201,  0.233,  2.537
 29040, -9999.000, -9999.000, -9999.000, -9999.000, -9999.000, -9999.000
 29100,  0.744,  0.000,  0.646,  0.150,  0.282,  2.731
 29160,  0.669,  0.077,  0.598,  0.150,  0.270,  2.758
 29220,  0.808,  0.125,  0.585,  0.213,  0.310,  2.886
 29280,  0.919,  0.034,  0.604,  0.197,  0.306,  2.715
 29340,  0.737,  0.166,  0.598,  0.228,  0.323,  3.191
 29400,  0.818,  0.173,  0.717,  0.286,  0.344,  4.014
 29460,  0.891,  0.076,  0.561,  0.295,  0.262,  3.973
 29520,  0.866,  0.123,  0.722,  0.411,  0.304,  3.712
 29580,  0.905,  0.106,  0.708,  0.361,  0.233,  3.613
 29640,  0.891,  0.092,  0.720,  0.358,  0.284,  4.004
 29700,  0.803,  0.214,  0.724,  0.330,  0.355,  3.728
 29760,  0.832,  0.128,  0.622,  0.357,  0.291,  3.750
 29820,  0.786,  0.171,  0.691,  0.350,  0.265,  3.699
 29880,  0.896,  0.129,  0.746,  0.384,  0.259,  3.657
 29940,  0.934,  0.197,  0.787,  0.252,  0.274,  3.488
 30000,  0.820,  0.060,  0.765,  0.390,  0.308,  3.699
 30060,  0.793,  0.077,  0.582,  0.242,  0.312,  3.182
 30120,  0.808,  0.113,  0.654,  0.169,  0.264,  3.365
 30180,  0.909,  0.085,  0.610,  0.206,  0.257,  2.889
 30240,  0.820,  0.066,  0.514,  0.157,  0.251,  2.864
 30300,  1.100,  0.171,  0.622,  0.191,  0.296,  3.149
 30360,  0.962,  0.075,  0.659,  0.172,  0.287,  2.893
 30420,  0.870,  0.120,  0.533,  0.131,  0.275,  2.920
 30480,  0.803,  0.209,  0.557,  0.156,  0.243,  2.672
 30540,  0.800,  0.110,  0.539,  0.103,  0.228,  2.402
 30600,  0.776,  0.167,  0.501,  0.120,  0.269,  2.947
 30660,  0.825,  0.056,  0.512,  0.124,  0.256,  2.539
 30720,  0.999,  0.160,  0.521,  0.077,  0.297,  2.426
 30780,  1.000,  0.093,  0.647,  0.129,  0.313,  3.190
 30840,  0.939,  0.207,  0.630,  0.123,  0.264,  3.107
 30900, -9999.000, -9999.000, -9999.000, -9999.000, -9999.000, -9999.000
 30960,  0.758,  0.113,  0.638,  0.165,  0.229,  3.115
 31020,  0.978,  0.115,  0.637,  0.212,  0.253,  4.266
 31080,  0.479,  0.141,  0.647,  0.113,  0.152,  2.996
 31140,  0.515,  0.168,  0.601,  0.211,  0.203,  3.151
 31200,  0.378,  0.062,  0.597,  0.226,  0.143,  2.633
 31260,  0.791,  0.118,  0.678,  0.234,  0.195,  3.600
 31320,  0.827,  0.077,  0.673,  0.228,  0.243,  4.138
 31380,  0.768,  0.054,  0.736,  0.227,  0.277,  3.241
 31440,  0.947,  0.148,  0.648,  0.236,  0.277,  3.342
 31500,  0.919,  0.143,  0.674,  0.239,  0.283,  4.071
 31560,  0.913,  0.063,  0.681,  0.231,  0.359,  4.125
 31620,  0.457,  0.022,  0.649,  0.191,  0.144,  3.411
 31680,  0.450,  0.170,  0.742,  0.225,  0.142,  3.749
 31740,  0.599,  0.057,  1.028,  0.309,  0.202,  6.891
 31800,  0.297,  0.069,  1.120,  0.384,  0.138,  9.576
 31860,  0.382,  0.065,  1.132,  0.416,  0.158, 11.505
 31920,  0.445,  0.126,  1.315,  0.464,  0.236, 10.843
 31980,  0.489,  0.043,  1.348,  0.611,  0.168, 13.323
 32040,  0.338,  0.063,  1.530,  0.724,  0.267, 14.527
 32100,  0.411,  0.230,  1.654,  0.840,  0.337, 16.022
 32160,  0.507,  0.150,  1.471,  0.851,  0.245, 15.174
 32220,  0.470,  0.064,  1.588,  0.899,  0.241, 15.829
 32280,  0.437,  0.061,  1.565,  0.892,  0.218, 16.163
 32340,  0.410,  0.126,  1.690,  1.002,  0.180, 17.889
 32400,  0.518,  0.096,  1.760,  1.040,  0.179, 17.875
 32460,  0.578,  0.191,  1.641,  1.583,  0.248, 17.249
 32520,  0.639,  0.094,  1.893,  2.548,  0.330, 16.400
 32580,  0.798,  0.117,  2.103,  2.810,  0.379, 17.149
 32640,  0.935,  0.194,  2.027,  2.599,  0.442, 17.278
 32700,  0.805,  0.094,  1.731,  2.220,  0.436, 18.019
 32760, -9999.000, -9999.000, -9999.000, -9999.000, -9999.000, -9999.000
 32820,  0.571,  0.151,  1.437,  0.858,  0.322, 13.798
 32880,  0.843,  0.187,  1.431,  1.008,  0.348, 13.781
 32940,  0.655,  0.162,  1.294,  1.049,  0.346, 13.154
 33000,  0.628,  0.144,  1.597,  1.173,  0.297, 14.150
 33060,  0.633,  0.199,  1.638,  1.705,  0.344, 16.228
 33120,  0.576,  0.035,  1.948,  2.228,  0.275, 16.886
 33180,  0.948,  0.104,  1.976,  3.162,  0.437, 19.719
 33240,  0.547,  0.142,  1.686,  2.402,  0.298, 18.810
 33300,  0.605,  0.025,  1.699,  1.971,  0.293, 17.569
 33360,  0.838,  0.209,  1.495,  1.992,  0.405, 17.167
 33420,  0.680,  0.045,  1.659,  1.798,  0.272, 16.862
 33480,  0.845,  0.178,  1.386,  1.660,  0.438, 15.564
 33540,  0.852,  0.090,  1.447,  1.649,  0.394, 14.324
