CampaignData_and_Merges/R0/CSL_MobileLab_Parked/raw/20240805/USOS-PTR_MobileLabGround_20240805_RA.ict
58, 1001
Matthew Coggon, Kelvin Bates, Chelsea Stockwell, Carsten Warneke
NOAA ESRL Chemical Sciences Division
NOAA PTR-ToF-MS
USOS
1,1 
2024, 08, 05, 2023, 08, 07
0
Time_Start, seconds, number of seconds from 00:00 UTC 
22
1, 1, 1, 1, 1, 1, 1, 1, 1, 1, 1, 1, 1, 1, 1, 1, 1, 1, 1, 1, 1, 1
-9999, -9999, -9999, -9999, -9999, -9999, -9999, -9999, -9999, -9999, -9999, -9999, -9999, -9999, -9999, -9999, -9999, -9999, -9999, -9999, -9999, -9999
CH3OH_NOAAPTR_ppbv,  ppbv, Gas_CH3OH_InSitu_S_AVMR, (CH3OH) methanol
CH3CN_NOAAPTR_ppbv,  ppbv, Gas_CH3CN_InSitu_S_AVMR, (CH3CN) acetonitrile
CH3CHO_NOAAPTR_ppbv,  ppbv, Gas_CH3CHO_InSitu_S_AVMR, (CH3CHO) acetaldehyde plus contributions from ethylene glycol and ethylene oxide. Interference from ethanol has been subtracted out.
C2H5OH_NOAAPTR_ppbv,  ppbv, Gas_C2H5OH_InSitu_S_AVMR, (C2H5OH) ethanol
CH3SH_NOAAPTR_ppbv,  ppbv, Gas_CH3SH_InSitu_S_AVMR, (CH3SH) methanethiol, using calibration factor for DMS
Acrolein_NOAAPTR_ppbv,  ppbv, Gas_Acrolein_InSitu_S_AVMR, (C3H4O) acrolein
AcetonePropanal_NOAAPTR_ppbv,  ppbv, Gas_AcetoneAndPropanal_InSitu_S_AVMR, (C3H6O) sum of acetone (dominant isomer) and propanal, using calibration factor for acetone
DMS_NOAAPTR_ppbv,  ppbv, Gas_DMS_InSitu_S_AVMR, (C2H6S) dimethyl sulfide with possible small contributions from ethanethiol
C5H8_NOAAPTR_ppbv,  ppbv, Gas_Isoprene_InSitu_S_AVMR, (C5H8) isoprene and possible fragments from cycloalkanes and aldehydes. Interferences have been subtracted following methods described by Coggon et al (2023)
MVKMAC_NOAAPTR_ppbv,  ppbv, Gas_MVKAndMAC_InSitu_S_AVMR, (C4H6O) sum of methyl vinyl ketone, methacrolein, and small amounts of crotonaldehyde, using weighted calibration factor for MVK (0.637) and MACR (0.363)
Benzene_NOAAPTR_ppbv,  ppbv, Gas_Benzene_InSitu_S_AVMR, (C6H6) benzene
Toluene_NOAAPTR_ppbv,  ppbv, Gas_Toluene_InSitu_S_AVMR, (C7H8) toluene with possible small contributions of fragments from ethyltoluene
Styrene_NOAAPTR_ppbv,  ppbv, Gas_Styrene_InSitu_S_AVMR, (C8H8) styrene
Benzaldehyde_NOAAPTR_ppbv,  ppbv, Gas_Benzaldehyde_InSitu_S_AVMR, (C7H6O) benzaldehyde
C8Aromatics_NOAAPTR_ppbv,  ppbv, Gas_C8Aromatics_InSitu_M_AVMR, (C8H10) sum of m-xylene, p-xylene, o-xylene, and ethyl benzene
C9Aromatics_NOAAPTR_ppbv,  ppbv, Gas_C9Aromatics_InSitu_M_AVMR, (C9H12) sum of C9 aromatics
Naphthalene_NOAAPTR_ppbv,  ppbv, Gas_Naphthalene_InSitu_S_AVMR, (C10H8) naphthalene
Octanal_NOAAPTR_ppbv,  ppbv, Gas_Octanal_InSitu_S_AVMR, (C8H16O) octanal and small amounts of octanone
Monoterpenes_NOAAPTR_ppbv,  ppbv, Gas_Monoterpenes_InSitu_M_AVMR, (C10H16) sum of monoterpenes and possible contributions from fragments of oxygenated monoterpenoids such as eucalyptol.
Nonanal_NOAAPTR_ppbv,  ppbv, Gas_Nonanal_InSitu_M_AVMR, (C9H18O) nonanal and small amounts of nonanone
C7H4ClF3_NOAAPTR_ppbv,  ppbv, Gas_C7H4ClF3_InSitu_S_AVMR, (C7H4ClF3) parachlorobenzotrifluoride
C10H30O5Si5_NOAAPTR_ppbv,  ppbv, Gas_C10H30O5Si5_InSitu_S_AVMR, (C10H30O5Si5) decamethylcyclopentasiloxane
1
SPECIAL COMMENTS:N/A
21
PI_CONTACT_INFO: NOAA ESRL Chemical Sciences Division, Tropospheric Chemistry Group. 325 Broadway, R/CSD7, Boulder, CO 80305
PLATFORM: Mobile Laboratory.
LOCATION: Salt Lake City, UT
ASSOCIATED_DATA: N/A
INSTRUMENT_INFO: NOAA PTR-ToF-MS measurements on NOAA CSL Mobile Lab
DATA_INFO: Units: ppbv
UNCERTAINTY: See OTHER_COMMENTS
ULOD_FLAG: -7777
ULOD_VALUE: N/A
LLOD_FLAG: -8888
LLOD_VALUE: N/A.
DM_CONTACT_INFO: Data Managers: Matt Coggon, Kelvin Bates, Chelsea Stockwell; email: matthew.m.coggon@noaa.gov and kelvin.bates@colorado.edu
PROJECT_INFO: USOS Deployment July-August, 2024
STIPULATIONS_ON_USE: Use of these data require prior OK from PI.
OTHER_COMMENTS: Uncertainties:
CH3OH_NOAAPTR_ppbv:30%; CH3CN_NOAAPTR_ppbv:30%; CH3CHO_NOAAPTR_ppbv:30%; C2H5OH_NOAAPTR_ppbv:30%; CH3SH_NOAAPTR_ppbv:50%; Acrolein_NOAAPTR_ppbv:30%; AcetonePropanal_NOAAPTR_ppbv:30%; DMS_NOAAPTR_ppbv:30%; C5H8_NOAAPTR_ppbv:30%; MVKMAC_NOAAPTR_ppbv:30%; 
Benzene_NOAAPTR_ppbv:30%; Toluene_NOAAPTR_ppbv:30%; Styrene_NOAAPTR_ppbv:30%; Benzaldehyde_NOAAPTR_ppbv:30%; C8Aromatics_NOAAPTR_ppbv:30%; C9Aromatics_NOAAPTR_ppbv:30%; Naphthalene_NOAAPTR_ppbv:30%; Octanal_NOAAPTR_ppbv:30%; Monoterpenes_NOAAPTR_ppbv:30%; Nonanal_NOAAPTR_ppbv:30%; 
C7H4ClF3_NOAAPTR_ppbv:30%; C10H30O5Si5_NOAAPTR_ppbv:30%; 
REVISION: RA
RA: Field Data
Time_Start, CH3OH_NOAAPTR_ppbv, CH3CN_NOAAPTR_ppbv, CH3CHO_NOAAPTR_ppbv, C2H5OH_NOAAPTR_ppbv, CH3SH_NOAAPTR_ppbv, Acrolein_NOAAPTR_ppbv, AcetonePropanal_NOAAPTR_ppbv, DMS_NOAAPTR_ppbv, C5H8_NOAAPTR_ppbv, MVKMAC_NOAAPTR_ppbv, Benzene_NOAAPTR_ppbv, Toluene_NOAAPTR_ppbv, Styrene_NOAAPTR_ppbv, Benzaldehyde_NOAAPTR_ppbv, C8Aromatics_NOAAPTR_ppbv, C9Aromatics_NOAAPTR_ppbv, Naphthalene_NOAAPTR_ppbv, Octanal_NOAAPTR_ppbv, Monoterpenes_NOAAPTR_ppbv, Nonanal_NOAAPTR_ppbv, C7H4ClF3_NOAAPTR_ppbv, C10H30O5Si5_NOAAPTR_ppbv
[from data line 1385]
83100.0, 9.31796, 0.18082, 1.22534, 3.79897, 0.00063, 0.19297, 2.35260, 0.02067, 0.57437, 0.23022, 0.23930, 0.75496, 0.02211, -9999.00000, 0.24589, 0.09307, 0.00260, 0.03323, 0.15923, 0.02707, 0.03094, 0.00293 
83160.0, 6.77289, 0.19001, 0.92311, 1.73242, 0.00024, 0.15077, 2.30415, 0.01262, 0.54233, 0.19647, 0.10344, 0.22791, 0.00338, -9999.00000, 0.11393, 0.04685, -0.00101, 0.01818, 0.17019, 0.03469, 0.01112, 0.00033 
83220.0, 4.61296, 0.18941, 0.78453, 0.96297, -0.00083, 0.13639, 2.71570, -0.00144, 0.41855, 0.19951, 0.06791, 0.12079, 0.01200, -9999.00000, 0.07219, 0.02722, 0.00949, 0.01212, 0.13099, 0.01268, 0.00979, 0.00021 
83280.0, 8.69160, 0.18735, 1.06099, 3.66659, 0.00051, 0.14726, 2.46940, 0.00899, 1.07067, 0.24327, 0.16180, 0.33107, 0.01999, -9999.00000, 0.20109, 0.09230, 0.01024, 0.02549, 0.20140, 0.02843, 0.00405, 0.00137 
83340.0, 6.23569, 0.18904, 0.66644, 0.82995, -0.00033, 0.10374, 2.16143, 0.00080, 0.46535, 0.18064, 0.04495, 0.10980, 0.00731, -9999.00000, 0.04311, 0.01817, -0.00734, 0.00909, 0.16020, 0.02180, 0.00075, 0.00352 
83400.0, 10.73332, 0.17766, 0.70419, 1.75681, 0.00167, 0.14608, 2.23929, 0.00548, 0.92285, 0.23569, 0.02024, 0.10888, -0.00507, -9999.00000, 0.06585, 0.03442, 0.00142, 0.02719, 0.25246, 0.01444, 0.00138, 0.00057 
83460.0, 9.79584, 0.19543, 0.86893, 1.42988, 0.00108, 0.14212, 2.37505, -0.00142, 1.28081, 0.25575, 0.05971, 0.11322, -0.00337, -9999.00000, 0.06012, 0.03308, 0.00849, 0.04337, 0.26201, 0.03977, 0.00677, 0.00031 
83520.0, 8.56585, 0.18469, 1.04401, 1.59551, 0.00241, 0.18486, 2.53080, -0.00141, 1.07423, 0.28084, 0.03085, 0.15166, 0.01144, -9999.00000, 0.07485, 0.03807, 0.00693, 0.03030, 0.26974, 0.02879, 0.00494, 0.00060 
83580.0, 8.77025, 0.19992, 1.09651, 3.22537, 0.00065, 0.16792, 2.21857, -0.00141, 0.76116, 0.26487, 0.24021, 0.37697, 0.02445, -9999.00000, 0.21495, 0.07677, 0.00240, 0.01917, 0.20230, 0.03230, 0.00723, 0.00136 
83640.0, 5.34848, 0.19058, 0.60303, 1.33641, 0.00250, 0.12004, 2.13512, 0.00091, 0.47394, 0.21487, 0.03379, 0.12044, 0.01241, -9999.00000, 0.06306, 0.02730, -0.00536, 0.00555, 0.12353, 0.00913, 0.00341, 0.00152 
83700.0, 9.67265, 0.20693, 0.82297, 1.66016, -0.00083, 0.11967, 2.23127, 0.00517, 0.55162, 0.26115, 0.12682, 0.25220, 0.02684, -9999.00000, 0.15514, 0.07191, -0.00222, 0.01920, 0.13875, 0.03389, 0.00761, 0.00096 
83760.0, 4.61070, 0.18220, 0.74998, 1.51792, 0.00020, 0.11359, 2.10427, -0.00139, 0.63663, 0.18331, 0.04946, 0.10660, 0.00826, -9999.00000, 0.05122, 0.02561, 0.00228, 0.02260, 0.16204, 0.02489, 0.00615, -0.00017 
83820.0, 6.13660, 0.18353, 0.84382, 1.43414, 0.00077, 0.12511, 2.17170, 0.00523, 0.72441, 0.24356, 0.07345, 0.15237, 0.01663, -9999.00000, 0.07349, 0.04114, 0.00485, 0.01471, 0.22338, 0.02850, 0.00252, 0.00307 
83880.0, 4.13512, 0.16806, 0.67668, 1.20354, -0.00083, 0.09508, 2.05039, 0.00011, 0.68907, 0.20741, 0.00487, 0.10384, 0.01203, -9999.00000, 0.04550, 0.01852, 0.00870, 0.01963, 0.19986, 0.01872, 0.00233, 0.00092 
83940.0, 14.72372, 0.17145, 0.66581, 1.38943, 0.00079, 0.12128, 2.01571, 0.00798, 0.76468, 0.22413, 0.03366, 0.09579, 0.01217, -9999.00000, 0.04599, 0.02394, -0.00400, 0.01673, 0.22534, 0.02415, 0.00668, -0.00032 
84000.0, 8.34622, 0.16166, 0.72755, 1.26245, 0.00030, 0.11489, 2.11904, 0.01007, 1.00578, 0.24861, 0.03921, 0.10087, -0.00122, -9999.00000, 0.05468, 0.02082, -0.00252, 0.02405, 0.23289, 0.01933, 0.00622, 0.00075 
84060.0, 9.45091, 0.16992, 0.68112, 1.12542, -0.00083, 0.10800, 1.95962, -0.00136, 0.85497, 0.24084, 0.08887, 0.14621, 0.01634, -9999.00000, 0.06209, 0.03152, -0.00105, 0.00562, 0.19207, 0.01558, -0.00032, 0.00192 
84120.0, 18.83039, 0.16068, 1.04961, 1.43294, -0.00080, 0.15126, 2.13051, 0.00144, 1.35191, 0.27751, 0.07275, 0.29746, 0.01714, -9999.00000, 0.09996, 0.06159, 0.00420, 0.01973, 0.23401, 0.03209, 0.02949, 0.00178 
84180.0, 20.90483, 0.18536, 0.73857, 1.31451, 0.00001, 0.14030, 2.02586, 0.00071, 1.29441, 0.29690, 0.08602, 0.15719, 0.01298, -9999.00000, 0.07478, 0.03209, 0.00886, 0.01619, 0.17458, 0.01539, 0.00555, -0.00077 
84240.0, 12.19311, 0.16722, 0.87437, 1.44448, 0.00143, 0.11761, 2.06686, 0.01296, 1.11423, 0.29743, 0.04607, 0.15086, 0.01497, -9999.00000, 0.07128, 0.04278, 0.00040, 0.02370, 0.22682, 0.02303, 0.00997, 0.00155 
84300.0, 13.06893, 0.17676, 1.08702, 1.75121, 0.00136, 0.18760, 2.11681, 0.01269, 1.30888, 0.35542, 0.11401, 0.28483, 0.03211, -9999.00000, 0.16349, 0.08051, 0.01205, 0.03579, 0.22432, 0.03079, 0.00600, 0.00310 
84360.0, 7.66772, 0.19726, 0.93049, 2.77286, -0.00083, 0.17694, 2.11215, -0.00134, 1.12882, 0.32778, 0.10481, 0.22686, 0.01329, -9999.00000, 0.09723, 0.04635, -0.00239, 0.02677, 0.23599, 0.03320, 0.00668, 0.00178 
84420.0, 13.63042, 0.17440, 1.22297, 2.30911, 0.00287, 0.17823, 2.24569, -0.00133, 1.13883, 0.39656, 0.13129, 0.21104, 0.01641, -9999.00000, 0.11252, 0.05858, 0.00340, 0.02518, 0.30307, 0.05054, 0.00751, 0.00288 
84480.0, 9.00438, 0.16906, 0.88155, 1.26904, 0.00138, 0.12584, 2.11067, -0.00072, 0.81208, 0.29397, 0.08127, 0.18388, 0.00947, -9999.00000, 0.08866, 0.04613, -0.00168, 0.03125, 0.20989, 0.02748, 0.00293, 0.00187 
84540.0, 7.19857, 0.18114, 0.97929, 1.90703, 0.00131, 0.14530, 2.12441, 0.00578, 1.13847, 0.32825, 0.07421, 0.16285, 0.01310, -9999.00000, 0.07058, 0.03739, 0.01145, 0.00916, 0.29923, 0.02332, 0.00590, 0.00245 
84600.0, 8.41415, 0.16776, 1.14618, 1.51655, -0.00080, 0.13400, 2.13815, -0.00132, 0.81587, 0.29211, 0.09445, 0.16010, 0.01871, -9999.00000, 0.06416, 0.02947, 0.00009, 0.03013, 0.22031, 0.02501, 0.00577, 0.00187 
84660.0, 8.37818, 0.16955, 1.70219, 1.28257, 0.00268, 0.13363, 2.15696, -0.00034, 0.79296, 0.28619, 0.05066, 0.14658, 0.00837, -9999.00000, 0.07161, 0.04338, 0.00610, 0.01377, 0.17096, 0.03240, 0.00623, 0.00233 
84720.0, 6.33166, 0.16562, 1.23601, 1.20910, -0.00083, 0.12608, 2.07040, 0.00482, 0.85154, 0.25696, 0.05309, 0.13988, 0.00968, -9999.00000, 0.07085, 0.03400, 0.00219, 0.02329, 0.14484, 0.02591, 0.00427, 0.00139 
84780.0, 6.25397, 0.17142, 0.80543, 1.20794, -0.00083, 0.12883, 2.09307, -0.00130, 1.02924, 0.25549, 0.02639, 0.10811, 0.00599, -9999.00000, 0.05505, 0.03396, 0.00320, 0.01081, 0.13238, 0.02476, 0.00212, 0.00061 
84840.0, 4.08707, 0.18829, 0.76844, 1.10223, 0.00038, 0.09286, 2.02972, 0.00801, 0.61560, 0.24947, 0.00618, 0.11647, 0.00696, -9999.00000, 0.05153, 0.02001, -0.00728, 0.01230, 0.13584, 0.01557, 0.00807, -0.00026 
84900.0, 4.67548, 0.18380, 0.62340, 1.25669, 0.00203, 0.10174, 2.12798, 0.01170, 0.63912, 0.23280, -0.00125, 0.09352, 0.00455, -9999.00000, 0.04708, 0.03108, -0.00071, 0.01437, 0.12822, 0.03203, 0.00330, 0.00044 
84960.0, 33.64162, 0.17954, 0.67414, 0.88664, 0.00185, 0.12610, 2.00252, 0.00568, 0.61555, 0.21669, 0.02352, 0.10819, 0.00995, -9999.00000, 0.04433, 0.02272, -0.00219, 0.00667, 0.11663, 0.02068, 0.00794, 0.00177 
85020.0, 27.34914, 0.16632, 1.02258, 1.51821, 0.00104, 0.14394, 2.20175, -0.00128, 1.07121, 0.27694, 0.04785, 0.13789, 0.00069, -9999.00000, 0.06773, 0.03836, 0.02263, 0.03220, 0.21882, 0.02748, 0.00325, 0.00100 
85080.0, 59.75314, 0.18273, 1.17011, 2.27733, 0.00008, 0.14942, 2.18066, 0.00334, 1.03157, 0.32230, 0.12875, 0.24508, 0.02606, -9999.00000, 0.13421, 0.05074, 0.00192, 0.03076, 0.23603, 0.02794, 0.00288, 0.00410 
85140.0, 3.77826, 0.15978, 0.67842, 0.70292, -0.00073, 0.08919, 2.11630, -0.00067, 0.48072, 0.47325, 0.03670, 0.07526, 0.00475, -9999.00000, 0.03878, 0.01854, 0.01457, 0.01376, 0.07262, 0.01940, 0.00304, -0.00002 
85200.0, 4.77726, 0.17324, -9999.00000, 1.00913, -0.00072, 0.12334, 2.17635, -0.00127, -9999.00000, 0.45006, 0.04028, 0.09430, 0.00381, -9999.00000, 0.04521, 0.01720, 0.00451, 0.01576, 0.13457, 0.02020, 0.00492, 0.00018 
85260.0, -9999.00000, -9999.00000, -9999.00000, -9999.00000, -9999.00000, -9999.00000, -9999.00000, -9999.00000, -9999.00000, -9999.00000, -9999.00000, -9999.00000, -9999.00000, -9999.00000, -9999.00000, -9999.00000, -9999.00000, -9999.00000, -9999.00000, -9999.00000, -9999.00000, -9999.00000 
85320.0, -9999.00000, -9999.00000, -9999.00000, -9999.00000, -9999.00000, -9999.00000, -9999.00000, -9999.00000, -9999.00000, -9999.00000, -9999.00000, -9999.00000, -9999.00000, -9999.00000, -9999.00000, -9999.00000, -9999.00000, -9999.00000, -9999.00000, -9999.00000, -9999.00000, -9999.00000 
85380.0, -9999.00000, -9999.00000, -9999.00000, -9999.00000, -9999.00000, -9999.00000, -9999.00000, -9999.00000, -9999.00000, -9999.00000, -9999.00000, -9999.00000, -9999.00000, -9999.00000, -9999.00000, -9999.00000, -9999.00000, -9999.00000, -9999.00000, -9999.00000, -9999.00000, -9999.00000 
85440.0, -9999.00000, -9999.00000, -9999.00000, -9999.00000, -9999.00000, -9999.00000, -9999.00000, -9999.00000, -9999.00000, -9999.00000, -9999.00000, -9999.00000, -9999.00000, -9999.00000, -9999.00000, -9999.00000, -9999.00000, -9999.00000, -9999.00000, -9999.00000, -9999.00000, -9999.00000 
85500.0, -9999.00000, -9999.00000, -9999.00000, -9999.00000, -9999.00000, -9999.00000, -9999.00000, -9999.00000, -9999.00000, -9999.00000, -9999.00000, -9999.00000, -9999.00000, -9999.00000, -9999.00000, -9999.00000, -9999.00000, -9999.00000, -9999.00000, -9999.00000, -9999.00000, -9999.00000 
85560.0, -9999.00000, -9999.00000, -9999.00000, -9999.00000, -9999.00000, -9999.00000, -9999.00000, -9999.00000, -9999.00000, -9999.00000, -9999.00000, -9999.00000, -9999.00000, -9999.00000, -9999.00000, -9999.00000, -9999.00000, -9999.00000, -9999.00000, -9999.00000, -9999.00000, -9999.00000 
85620.0, -9999.00000, -9999.00000, -9999.00000, -9999.00000, -9999.00000, -9999.00000, -9999.00000, -9999.00000, -9999.00000, -9999.00000, -9999.00000, -9999.00000, -9999.00000, -9999.00000, -9999.00000, -9999.00000, -9999.00000, -9999.00000, -9999.00000, -9999.00000, -9999.00000, -9999.00000 
85680.0, -9999.00000, -9999.00000, -9999.00000, -9999.00000, -9999.00000, -9999.00000, -9999.00000, -9999.00000, -9999.00000, -9999.00000, -9999.00000, -9999.00000, -9999.00000, -9999.00000, -9999.00000, -9999.00000, -9999.00000, -9999.00000, -9999.00000, -9999.00000, -9999.00000, -9999.00000 
85740.0, -9999.00000, -9999.00000, -9999.00000, -9999.00000, -9999.00000, -9999.00000, -9999.00000, -9999.00000, -9999.00000, -9999.00000, -9999.00000, -9999.00000, -9999.00000, -9999.00000, -9999.00000, -9999.00000, -9999.00000, -9999.00000, -9999.00000, -9999.00000, -9999.00000, -9999.00000 
85800.0, -9999.00000, -9999.00000, -9999.00000, -9999.00000, -9999.00000, -9999.00000, -9999.00000, -9999.00000, -9999.00000, -9999.00000, -9999.00000, -9999.00000, -9999.00000, -9999.00000, -9999.00000, -9999.00000, -9999.00000, -9999.00000, -9999.00000, -9999.00000, -9999.00000, -9999.00000 
85860.0, -9999.00000, -9999.00000, -9999.00000, -9999.00000, -9999.00000, -9999.00000, -9999.00000, -9999.00000, -9999.00000, -9999.00000, -9999.00000, -9999.00000, -9999.00000, -9999.00000, -9999.00000, -9999.00000, -9999.00000, -9999.00000, -9999.00000, -9999.00000, -9999.00000, -9999.00000 
85920.0, -9999.00000, -9999.00000, -9999.00000, -9999.00000, -9999.00000, -9999.00000, -9999.00000, -9999.00000, -9999.00000, -9999.00000, -9999.00000, -9999.00000, -9999.00000, -9999.00000, -9999.00000, -9999.00000, -9999.00000, -9999.00000, -9999.00000, -9999.00000, -9999.00000, -9999.00000 
85980.0, -9999.00000, -9999.00000, -9999.00000, -9999.00000, -9999.00000, -9999.00000, -9999.00000, -9999.00000, -9999.00000, -9999.00000, -9999.00000, -9999.00000, -9999.00000, -9999.00000, -9999.00000, -9999.00000, -9999.00000, -9999.00000, -9999.00000, -9999.00000, -9999.00000, -9999.00000 
86040.0, -9999.00000, -9999.00000, -9999.00000, -9999.00000, -9999.00000, -9999.00000, -9999.00000, -9999.00000, -9999.00000, -9999.00000, -9999.00000, -9999.00000, -9999.00000, -9999.00000, -9999.00000, -9999.00000, -9999.00000, -9999.00000, -9999.00000, -9999.00000, -9999.00000, -9999.00000 
86100.0, -9999.00000, -9999.00000, -9999.00000, -9999.00000, -9999.00000, -9999.00000, -9999.00000, -9999.00000, -9999.00000, -9999.00000, -9999.00000, -9999.00000, -9999.00000, -9999.00000, -9999.00000, -9999.00000, -9999.00000, -9999.00000, -9999.00000, -9999.00000, -9999.00000, -9999.00000 
86160.0, -9999.00000, -9999.00000, -9999.00000, -9999.00000, -9999.00000, -9999.00000, -9999.00000, -9999.00000, -9999.00000, -9999.00000, -9999.00000, -9999.00000, -9999.00000, -9999.00000, -9999.00000, -9999.00000, -9999.00000, -9999.00000, -9999.00000, -9999.00000, -9999.00000, -9999.00000 
86220.0, -9999.00000, -9999.00000, -9999.00000, -9999.00000, -9999.00000, -9999.00000, -9999.00000, -9999.00000, -9999.00000, -9999.00000, -9999.00000, -9999.00000, -9999.00000, -9999.00000, -9999.00000, -9999.00000, -9999.00000, -9999.00000, -9999.00000, -9999.00000, -9999.00000, -9999.00000 
86280.0, -9999.00000, -9999.00000, -9999.00000, -9999.00000, -9999.00000, -9999.00000, -9999.00000, -9999.00000, -9999.00000, -9999.00000, -9999.00000, -9999.00000, -9999.00000, -9999.00000, -9999.00000, -9999.00000, -9999.00000, -9999.00000, -9999.00000, -9999.00000, -9999.00000, -9999.00000 
86340.0, -9999.00000, -9999.00000, -9999.00000, -9999.00000, -9999.00000, -9999.00000, -9999.00000, -9999.00000, -9999.00000, -9999.00000, -9999.00000, -9999.00000, -9999.00000, -9999.00000, -9999.00000, -9999.00000, -9999.00000, -9999.00000, -9999.00000, -9999.00000, -9999.00000, -9999.00000 
