CampaignData_and_Merges/R0/CSL_MobileLab_Parked/raw/20240805/USOS-PTR_MobileLabGround_20240805_RA.ict
58, 1001
Matthew Coggon, Kelvin Bates, Chelsea Stockwell, Carsten Warneke
NOAA ESRL Chemical Sciences Division
NOAA PTR-ToF-MS
USOS
1,1 
2024, 08, 05, 2023, 08, 07
0
Time_Start, seconds, number of seconds from 00:00 UTC 
22
1, 1, 1, 1, 1, 1, 1, 1, 1, 1, 1, 1, 1, 1, 1, 1, 1, 1, 1, 1, 1, 1
-9999, -9999, -9999, -9999, -9999, -9999, -9999, -9999, -9999, -9999, -9999, -9999, -9999, -9999, -9999, -9999, -9999, -9999, -9999, -9999, -9999, -9999
CH3OH_NOAAPTR_ppbv,  ppbv, Gas_CH3OH_InSitu_S_AVMR, (CH3OH) methanol
CH3CN_NOAAPTR_ppbv,  ppbv, Gas_CH3CN_InSitu_S_AVMR, (CH3CN) acetonitrile
CH3CHO_NOAAPTR_ppbv,  ppbv, Gas_CH3CHO_InSitu_S_AVMR, (CH3CHO) acetaldehyde plus contributions from ethylene glycol and ethylene oxide. Interference from ethanol has been subtracted out.
C2H5OH_NOAAPTR_ppbv,  ppbv, Gas_C2H5OH_InSitu_S_AVMR, (C2H5OH) ethanol
CH3SH_NOAAPTR_ppbv,  ppbv, Gas_CH3SH_InSitu_S_AVMR, (CH3SH) methanethiol, using calibration factor for DMS
Acrolein_NOAAPTR_ppbv,  ppbv, Gas_Acrolein_InSitu_S_AVMR, (C3H4O) acrolein
AcetonePropanal_NOAAPTR_ppbv,  ppbv, Gas_AcetoneAndPropanal_InSitu_S_AVMR, (C3H6O) sum of acetone (dominant isomer) and propanal, using calibration factor for acetone
DMS_NOAAPTR_ppbv,  ppbv, Gas_DMS_InSitu_S_AVMR, (C2H6S) dimethyl sulfide with possible small contributions from ethanethiol
C5H8_NOAAPTR_ppbv,  ppbv, Gas_Isoprene_InSitu_S_AVMR, (C5H8) isoprene and possible fragments from cycloalkanes and aldehydes. Interferences have been subtracted following methods described by Coggon et al (2023)
MVKMAC_NOAAPTR_ppbv,  ppbv, Gas_MVKAndMAC_InSitu_S_AVMR, (C4H6O) sum of methyl vinyl ketone, methacrolein, and small amounts of crotonaldehyde, using weighted calibration factor for MVK (0.637) and MACR (0.363)
Benzene_NOAAPTR_ppbv,  ppbv, Gas_Benzene_InSitu_S_AVMR, (C6H6) benzene
Toluene_NOAAPTR_ppbv,  ppbv, Gas_Toluene_InSitu_S_AVMR, (C7H8) toluene with possible small contributions of fragments from ethyltoluene
Styrene_NOAAPTR_ppbv,  ppbv, Gas_Styrene_InSitu_S_AVMR, (C8H8) styrene
Benzaldehyde_NOAAPTR_ppbv,  ppbv, Gas_Benzaldehyde_InSitu_S_AVMR, (C7H6O) benzaldehyde
C8Aromatics_NOAAPTR_ppbv,  ppbv, Gas_C8Aromatics_InSitu_M_AVMR, (C8H10) sum of m-xylene, p-xylene, o-xylene, and ethyl benzene
C9Aromatics_NOAAPTR_ppbv,  ppbv, Gas_C9Aromatics_InSitu_M_AVMR, (C9H12) sum of C9 aromatics
Naphthalene_NOAAPTR_ppbv,  ppbv, Gas_Naphthalene_InSitu_S_AVMR, (C10H8) naphthalene
Octanal_NOAAPTR_ppbv,  ppbv, Gas_Octanal_InSitu_S_AVMR, (C8H16O) octanal and small amounts of octanone
Monoterpenes_NOAAPTR_ppbv,  ppbv, Gas_Monoterpenes_InSitu_M_AVMR, (C10H16) sum of monoterpenes and possible contributions from fragments of oxygenated monoterpenoids such as eucalyptol.
Nonanal_NOAAPTR_ppbv,  ppbv, Gas_Nonanal_InSitu_M_AVMR, (C9H18O) nonanal and small amounts of nonanone
C7H4ClF3_NOAAPTR_ppbv,  ppbv, Gas_C7H4ClF3_InSitu_S_AVMR, (C7H4ClF3) parachlorobenzotrifluoride
C10H30O5Si5_NOAAPTR_ppbv,  ppbv, Gas_C10H30O5Si5_InSitu_S_AVMR, (C10H30O5Si5) decamethylcyclopentasiloxane
1
SPECIAL COMMENTS:N/A
21
PI_CONTACT_INFO: NOAA ESRL Chemical Sciences Division, Tropospheric Chemistry Group. 325 Broadway, R/CSD7, Boulder, CO 80305
PLATFORM: Mobile Laboratory.
LOCATION: Salt Lake City, UT
ASSOCIATED_DATA: N/A
INSTRUMENT_INFO: NOAA PTR-ToF-MS measurements on NOAA CSL Mobile Lab
DATA_INFO: Units: ppbv
UNCERTAINTY: See OTHER_COMMENTS
ULOD_FLAG: -7777
ULOD_VALUE: N/A
LLOD_FLAG: -8888
LLOD_VALUE: N/A.
DM_CONTACT_INFO: Data Managers: Matt Coggon, Kelvin Bates, Chelsea Stockwell; email: matthew.m.coggon@noaa.gov and kelvin.bates@colorado.edu
PROJECT_INFO: USOS Deployment July-August, 2024
STIPULATIONS_ON_USE: Use of these data require prior OK from PI.
OTHER_COMMENTS: Uncertainties:
CH3OH_NOAAPTR_ppbv:30%; CH3CN_NOAAPTR_ppbv:30%; CH3CHO_NOAAPTR_ppbv:30%; C2H5OH_NOAAPTR_ppbv:30%; CH3SH_NOAAPTR_ppbv:50%; Acrolein_NOAAPTR_ppbv:30%; AcetonePropanal_NOAAPTR_ppbv:30%; DMS_NOAAPTR_ppbv:30%; C5H8_NOAAPTR_ppbv:30%; MVKMAC_NOAAPTR_ppbv:30%; 
Benzene_NOAAPTR_ppbv:30%; Toluene_NOAAPTR_ppbv:30%; Styrene_NOAAPTR_ppbv:30%; Benzaldehyde_NOAAPTR_ppbv:30%; C8Aromatics_NOAAPTR_ppbv:30%; C9Aromatics_NOAAPTR_ppbv:30%; Naphthalene_NOAAPTR_ppbv:30%; Octanal_NOAAPTR_ppbv:30%; Monoterpenes_NOAAPTR_ppbv:30%; Nonanal_NOAAPTR_ppbv:30%; 
C7H4ClF3_NOAAPTR_ppbv:30%; C10H30O5Si5_NOAAPTR_ppbv:30%; 
REVISION: RA
RA: Field Data
Time_Start, CH3OH_NOAAPTR_ppbv, CH3CN_NOAAPTR_ppbv, CH3CHO_NOAAPTR_ppbv, C2H5OH_NOAAPTR_ppbv, CH3SH_NOAAPTR_ppbv, Acrolein_NOAAPTR_ppbv, AcetonePropanal_NOAAPTR_ppbv, DMS_NOAAPTR_ppbv, C5H8_NOAAPTR_ppbv, MVKMAC_NOAAPTR_ppbv, Benzene_NOAAPTR_ppbv, Toluene_NOAAPTR_ppbv, Styrene_NOAAPTR_ppbv, Benzaldehyde_NOAAPTR_ppbv, C8Aromatics_NOAAPTR_ppbv, C9Aromatics_NOAAPTR_ppbv, Naphthalene_NOAAPTR_ppbv, Octanal_NOAAPTR_ppbv, Monoterpenes_NOAAPTR_ppbv, Nonanal_NOAAPTR_ppbv, C7H4ClF3_NOAAPTR_ppbv, C10H30O5Si5_NOAAPTR_ppbv
[from data line 1239]
74340.0, 7.01998, 0.20213, 1.26275, 1.81273, 0.00028, 0.13557, 3.61808, 0.01251, 0.13757, 0.28211, 0.11476, 0.17120, -0.00068, -9999.00000, 0.05725, 0.02408, 0.00819, 0.04065, 0.12978, 0.02742, 0.03625, 0.00268 
74400.0, 7.54158, 0.19454, 1.20792, 2.05639, 0.00098, 0.15607, 3.50690, -0.00185, 0.13432, 0.26597, 0.02008, 0.12810, 0.00924, -9999.00000, 0.05728, 0.01603, 0.00796, 0.02987, 0.12107, 0.02611, 0.03620, 0.00351 
74460.0, 5.59110, 0.18161, 1.12581, 1.49593, 0.00308, 0.13893, 3.40873, -0.00185, 0.09782, 0.25568, 0.04944, 0.14332, 0.01571, -9999.00000, 0.04804, 0.01717, 0.00573, 0.01926, 0.06490, 0.02745, 0.04029, 0.00344 
74520.0, 6.47746, 0.17879, 1.14034, 2.03963, -0.00076, 0.14663, 3.61667, 0.00628, 0.14050, 0.27409, -0.00340, 0.15555, 0.00485, -9999.00000, 0.06177, 0.01506, 0.00745, 0.01772, 0.10656, 0.03556, 0.03229, 0.00125 
74580.0, 8.30782, 0.19793, 1.56534, 4.04041, 0.00287, 0.21919, 3.77807, -0.00185, 0.18841, 0.28302, 0.15680, 0.67892, 0.02295, -9999.00000, 0.21753, 0.07425, 0.00559, 0.06574, 0.18729, 0.09982, 0.02156, 0.00421 
74640.0, 7.00762, 0.17945, 1.15426, 2.40030, 0.00144, 0.15732, 3.44324, 0.00819, 0.23972, 0.26190, 0.05296, 0.14840, 0.00766, -9999.00000, 0.06259, 0.02689, 0.00568, 0.03773, 0.29403, 0.04016, 0.02463, 0.00152 
74700.0, 5.87691, 0.18068, 0.91602, 1.54965, 0.00079, 0.14702, 3.10924, 0.00207, 0.13684, 0.24063, 0.06371, 0.09932, -0.00607, -9999.00000, 0.03381, 0.01609, -0.00399, 0.02691, 0.29267, 0.02887, 0.01731, 0.00210 
74760.0, 6.52378, 0.18610, 0.98164, 1.72526, 0.00887, 0.14260, 3.12672, 0.00489, 0.20810, 0.26390, 0.02353, 0.09160, -0.00212, -9999.00000, 0.04877, 0.01939, -0.00706, 0.02666, 0.23892, 0.03820, 0.01598, 0.00225 
74820.0, 7.55862, 0.20193, 1.24246, 2.25028, 0.00005, 0.17679, 3.65368, 0.00861, 0.24250, 0.27660, 0.08089, 0.18129, 0.00831, -9999.00000, 0.07801, 0.02586, 0.01418, 0.06696, 0.19539, 0.08510, 0.01721, 0.00178 
74880.0, 5.06989, 0.17044, 0.93681, 1.41719, -0.00086, 0.12127, 2.96208, 0.00738, 0.05746, 0.21636, -0.02191, 0.08689, -0.00605, -9999.00000, 0.04347, 0.00985, -0.00540, 0.02343, 0.04207, 0.03742, 0.02150, 0.00076 
74940.0, 5.33258, 0.17348, 0.74954, 1.16586, -0.00086, 0.10424, 2.69650, 0.00983, 0.14917, 0.20569, 0.00498, 0.08189, 0.00643, -9999.00000, 0.03608, 0.01502, 0.01390, 0.01773, 0.16000, 0.02949, 0.01517, 0.00010 
75000.0, 6.07406, 0.17255, 0.97403, 1.53254, 0.00202, 0.14270, 2.92968, -0.00128, 0.18528, 0.20929, 0.01636, 0.08967, 0.00397, -9999.00000, 0.03829, 0.01598, 0.00256, 0.03985, 0.11238, 0.02674, 0.01631, -0.00081 
75060.0, 4.82337, 0.17109, 0.92596, 1.47907, 0.00147, 0.12927, 3.03276, 0.00588, 0.21523, 0.20475, 0.00794, 0.07535, 0.01103, -9999.00000, 0.04149, 0.00775, -0.00308, 0.02299, 0.12138, 0.03268, 0.03128, 0.00616 
75120.0, 5.69631, 0.17930, 0.88969, 1.24247, -0.00085, 0.10451, 2.96445, -0.00041, 0.15299, 0.19609, 0.04290, 0.09582, 0.00487, -9999.00000, 0.04152, 0.01597, 0.00367, 0.02293, 0.16614, 0.01625, 0.02636, 0.00306 
75180.0, 5.04985, 0.20841, 0.89656, 1.25002, -0.00010, 0.12706, 2.97511, -0.00185, 0.12058, 0.20419, 0.04012, 0.10071, 0.00327, -9999.00000, 0.04582, 0.01456, -0.00137, 0.03199, 0.06905, 0.03790, 0.02174, -0.00073 
75240.0, 5.66509, 0.16388, 0.94646, 1.46297, -0.00051, 0.14923, 3.01124, 0.01697, 0.18626, 0.21548, 0.01879, 0.10047, 0.00771, -9999.00000, 0.04491, 0.01691, -0.00265, 0.03333, 0.12212, 0.01221, 0.03417, 0.00111 
75300.0, 5.95466, 0.18273, 1.02267, 1.93279, -0.00022, 0.18363, 3.12696, 0.01105, 0.39467, 0.26164, 0.04376, 0.20638, -0.00601, -9999.00000, 0.08079, 0.02425, -0.00707, 0.04058, 0.22928, 0.03957, 0.03740, 0.00532 
75360.0, 5.77845, 0.18786, 1.01514, 2.23352, 0.00081, 0.15590, 3.09681, 0.00714, 0.31415, 0.23233, 0.04800, 0.10442, 0.00220, -9999.00000, 0.07253, 0.02093, -0.00708, 0.02769, 0.21205, 0.02935, 0.03571, 0.00305 
75420.0, 4.97891, 0.20439, 0.95900, 2.02156, 0.00086, 0.13307, 3.08672, 0.00300, 0.16433, 0.19108, 0.00121, 0.12225, 0.00319, -9999.00000, 0.05549, 0.01868, -0.00187, 0.02040, 0.08177, 0.03118, 0.02921, 0.00246 
75480.0, 5.09445, 0.18437, 0.78939, 1.21694, 0.00147, 0.10376, 2.93526, -0.00185, 0.11623, 0.16142, 0.04521, 0.07026, 0.00437, -9999.00000, 0.02864, 0.01303, -0.00344, 0.01162, 0.03918, 0.01429, 0.02987, 0.00033 
75540.0, 4.42313, 0.17609, 0.77383, 1.04502, -0.00002, 0.09894, 2.90300, 0.00261, 0.07126, 0.16573, 0.01393, 0.09271, -0.00598, -9999.00000, 0.04152, 0.01322, 0.00885, 0.02864, 0.04012, 0.01395, 0.03383, 0.00383 
75600.0, 5.18954, 0.18257, 0.91751, 1.37954, 0.00074, 0.09527, 2.99765, 0.00461, 0.14219, 0.17401, 0.06263, 0.10914, 0.00178, -9999.00000, 0.04763, 0.01543, -0.00425, 0.02673, 0.12347, 0.01232, 0.02402, 0.00193 
75660.0, 6.66474, 0.19305, 1.17383, 5.78965, -0.00071, 0.16336, 3.22506, -0.00185, 0.21955, 0.19820, 0.22831, 1.07923, 0.03169, -9999.00000, 0.38396, 0.12914, -0.00636, 0.00958, 0.11084, 0.03752, 0.02983, 0.00024 
75720.0, 4.89937, 0.18180, 0.97052, 1.60116, 0.00046, 0.11292, 3.07379, 0.00278, 0.12727, 0.18578, 0.02861, 0.14357, 0.00068, -9999.00000, 0.06517, 0.02518, 0.00141, 0.01239, 0.09536, 0.02575, 0.03704, 0.00228 
75780.0, 5.98673, 0.19607, 1.01300, 2.07929, 0.00170, 0.16034, 3.20598, 0.01033, 0.16428, 0.21302, 0.07108, 0.13126, 0.01936, -9999.00000, 0.09310, 0.03799, 0.00209, 0.01884, 0.22983, 0.03148, 0.04667, 0.00548 
75840.0, 7.24862, 0.19106, 1.31333, 3.21159, 0.00120, 0.18484, 3.26780, 0.00991, 0.23370, 0.21791, 0.07051, 0.22096, 0.01741, -9999.00000, 0.10219, 0.03518, 0.01185, 0.03829, 0.30879, 0.03106, 0.03859, 0.00283 
75900.0, 6.94271, 0.18480, 1.27315, 3.14528, 0.00275, 0.15815, 3.33777, 0.01222, 0.20316, 0.23800, 0.06770, 0.16933, 0.01077, -9999.00000, 0.09236, 0.04031, -0.00709, 0.04491, 0.37798, 0.04839, 0.04045, 0.00235 
75960.0, 6.37083, 0.18015, 1.07161, 1.98774, 0.00339, 0.14843, 3.10677, -0.00185, 0.18151, 0.20695, 0.01811, 0.16173, 0.00589, -9999.00000, 0.07349, 0.03839, 0.01921, 0.03800, 0.11309, 0.05328, 0.02203, 0.00268 
76020.0, 5.50955, 0.18733, 0.86273, 1.28416, 0.00023, 0.11656, 3.32299, -0.00185, 0.13595, 0.18171, 0.01497, 0.14416, 0.00425, -9999.00000, 0.05875, 0.01381, -0.00377, 0.00795, 0.24675, 0.02540, 0.02720, 0.00190 
76080.0, 6.01012, 0.18625, 1.08244, 1.63862, 0.00399, 0.14883, 3.22899, -0.00185, 0.19385, 0.20726, 0.01944, 0.13505, 0.01135, -9999.00000, 0.06531, 0.02732, 0.00631, 0.03468, 0.18801, 0.04679, 0.01900, 0.00267 
76140.0, 6.33055, 0.19595, 1.06149, 1.55516, 0.00378, 0.12031, 3.25287, 0.00346, 0.31182, 0.21652, 0.04434, 0.14412, 0.01384, -9999.00000, 0.05812, 0.02734, 0.00938, 0.02187, 0.11480, 0.01711, 0.02415, 0.00170 
76200.0, 10.66535, 0.18324, 0.78573, 1.34890, 0.00086, 0.13360, 2.97543, -0.00028, 0.39745, 0.20750, 0.02570, 0.10860, 0.00099, -9999.00000, 0.04453, 0.01270, -0.00401, 0.01433, 0.11875, 0.02481, 0.01320, 0.00240 
76260.0, 7.65861, 0.18051, 0.82825, 1.16431, 0.00177, 0.10339, 2.99772, 0.00225, 0.20236, 0.18033, 0.04762, 0.09029, 0.00263, -9999.00000, 0.04160, 0.01842, -0.00158, 0.03056, 0.16882, 0.00814, 0.01743, 0.00293 
76320.0, 6.28060, 0.17255, 0.75293, 1.40092, 0.00109, 0.09953, 2.95540, 0.01332, 0.33524, 0.18995, 0.02446, 0.10787, 0.00264, -9999.00000, 0.06230, 0.02214, 0.00376, 0.01571, 0.07334, 0.03725, 0.01044, 0.00157 
76380.0, 4.86060, 0.17329, 0.77316, 0.86642, -0.00013, 0.09772, 2.96583, 0.00329, 0.06439, 0.17314, 0.02168, 0.11912, 0.01123, -9999.00000, 0.08472, 0.01789, -0.00577, 0.01571, 0.03359, 0.01981, 0.00709, 0.00246 
76440.0, 4.53576, 0.19604, 0.87357, 0.93352, 0.00055, 0.08748, 3.04510, 0.00656, 0.11667, 0.17190, -0.00049, 0.10172, 0.01182, -9999.00000, 0.05286, 0.01245, -0.00558, 0.00577, 0.05585, 0.02997, 0.01381, 0.00049 
76500.0, 6.21070, 0.18108, 1.12678, 4.65093, 0.00546, 0.15081, 3.04813, 0.00399, 0.18610, 0.18295, 0.19093, 0.81633, 0.02795, -9999.00000, 0.30435, 0.09818, 0.00162, 0.01214, 0.06572, 0.04709, 0.01028, 0.00111 
76560.0, 6.37091, 0.18472, 0.95762, 1.95546, -0.00005, 0.12875, 3.09258, -0.00185, 0.19549, 0.20386, 0.03525, 0.13446, 0.01011, -9999.00000, 0.06339, 0.02039, -0.00687, 0.03052, 0.15066, 0.03695, 0.01758, 0.00240 
76620.0, 5.98133, 0.17386, 0.86605, 1.52094, 0.00226, 0.12336, 3.04878, 0.00471, 0.18227, 0.19273, 0.03792, 0.12152, 0.01303, -9999.00000, 0.05414, 0.01273, 0.00304, 0.02706, 0.17020, 0.00454, 0.01302, 0.00355 
76680.0, 6.37730, 0.19212, 0.91746, 1.72583, 0.00283, 0.12031, 3.10501, 0.01553, 0.25394, 0.21513, 0.03366, 0.15386, 0.00452, -9999.00000, 0.06215, 0.02166, 0.00035, 0.01971, 0.20833, 0.02858, 0.02194, 0.00157 
76740.0, 5.36707, 0.17091, 0.75479, 1.41372, 0.00142, 0.11189, 2.98007, -0.00061, 0.14504, 0.15189, 0.02395, 0.09551, -0.00586, -9999.00000, 0.04186, 0.01905, -0.00712, 0.01813, 0.13583, 0.01093, 0.00890, 0.00098 
76800.0, 5.21695, 0.18202, 0.83356, 1.58779, 0.00208, 0.12910, 3.03792, 0.00258, 0.35465, 0.18461, -0.00467, 0.11538, 0.00988, -9999.00000, 0.04085, 0.02106, -0.00055, 0.02002, 0.14571, 0.02721, 0.01676, 0.00235 
76860.0, 6.53119, 0.20152, 1.06375, 1.40721, -0.00083, 0.15043, 3.16075, -0.00185, 0.31632, 0.21245, 0.06576, 0.16793, 0.00860, -9999.00000, 0.08294, 0.03278, -0.00480, 0.01792, 0.20150, 0.04547, 0.01946, 0.00039 
76920.0, 5.79382, 0.17400, 0.98811, 1.87900, -0.00057, 0.10028, 3.07556, -0.00185, 0.26226, 0.21506, 0.05905, 0.17617, 0.01110, -9999.00000, 0.07880, 0.03588, 0.00746, 0.03065, 0.10657, 0.05184, 0.01400, 0.00180 
76980.0, 5.97581, 0.18678, 1.00966, 1.43964, 0.00021, 0.12292, 3.12160, 0.00304, 0.26539, 0.18977, 0.01759, 0.12828, 0.01131, -9999.00000, 0.05248, 0.01881, -0.00713, 0.01303, 0.11979, 0.02953, 0.01079, 0.00255 
77040.0, 5.94985, 0.18968, 1.03578, 2.00828, -0.00026, 0.14870, 3.10858, 0.00709, 0.34057, 0.21285, 0.05038, 0.14912, -0.00583, -9999.00000, 0.07534, 0.02550, -0.00318, 0.02796, 0.15772, 0.04024, 0.00649, 0.00355 
77100.0, 5.79064, 0.18020, 1.03568, 1.81813, 0.00105, 0.15270, 3.22940, -0.00185, 0.38317, 0.20080, 0.06801, 0.15105, 0.00890, -9999.00000, 0.06022, 0.02623, -0.00713, 0.01983, 0.15396, 0.04092, 0.01360, 0.00275 
77160.0, 5.90233, 0.19512, 0.92461, 1.56973, 0.00013, 0.11084, 3.00370, 0.00103, 0.31401, 0.17072, 0.04133, 0.12147, -0.00097, -9999.00000, 0.06156, 0.02961, 0.00251, 0.03924, 0.15026, 0.02844, 0.01199, 0.00004 
77220.0, 5.40337, 0.19597, 0.90195, 1.93160, -0.00029, 0.12465, 2.93770, 0.00809, 0.25899, 0.18580, 0.08237, 0.13771, 0.00257, -9999.00000, 0.06402, 0.02163, -0.00602, 0.01699, 0.09889, 0.02186, 0.01610, 0.00296 
77280.0, 4.30901, 0.19500, 0.66045, 1.04911, 0.00113, 0.11738, 2.82620, 0.00403, 0.06559, 0.13516, 0.00580, 0.09340, 0.01207, -9999.00000, 0.04102, 0.01605, -0.00121, 0.02028, 0.04055, 0.01022, 0.01192, -0.00000 
77340.0, 4.12717, 0.17949, 0.67404, 1.18234, -0.00082, 0.11002, 2.81636, -0.00185, 0.03991, 0.14236, 0.04949, 0.09672, 0.00592, -9999.00000, 0.03549, 0.00871, 0.00662, 0.00414, 0.03605, 0.00330, 0.01638, 0.00094 
77400.0, 5.22276, 0.17984, 0.75482, 1.29849, 0.00101, 0.08507, 2.94761, 0.00859, 0.11909, 0.13610, 0.04261, 0.10137, 0.01212, -9999.00000, 0.04961, 0.01995, -0.00132, 0.01550, 0.07103, 0.01844, 0.01691, 0.00242 
77460.0, 3.76329, 0.19479, 0.64354, 1.24878, -0.00082, 0.05119, 2.79774, -0.00185, 0.02341, 0.12671, 0.04760, 0.08492, -0.00579, -9999.00000, 0.03626, 0.01279, -0.00551, 0.01645, 0.00741, 0.00842, 0.01524, 0.00126 
77520.0, 4.31925, 0.16808, 0.65641, 0.78668, 0.00039, 0.07970, 2.81753, -0.00185, 0.04049, 0.13510, 0.00582, 0.07509, -0.00023, -9999.00000, 0.04042, 0.01707, 0.00670, 0.01758, 0.04090, 0.01629, 0.01919, 0.00066 
77580.0, 4.78405, 0.17236, 0.68304, 0.98479, 0.00021, 0.07725, 2.95753, 0.00405, 0.04185, 0.14735, 0.01184, 0.07757, 0.01597, -9999.00000, 0.04614, 0.01256, -0.00657, 0.02059, 0.07015, 0.01578, 0.01365, -0.00000 
77640.0, 5.46595, 0.17598, 0.92753, 2.67061, 0.00343, 0.12683, 2.99962, 0.00474, 0.15645, 0.15104, 0.10237, 0.39267, 0.02303, -9999.00000, 0.16222, 0.05528, -0.00103, 0.01826, 0.08667, 0.01781, 0.01701, 0.00008 
77700.0, 4.33509, 0.17077, 0.83040, 1.12331, -0.00017, 0.11659, 2.93170, -0.00186, 0.09286, 0.13403, 0.08446, 0.08754, 0.00157, -9999.00000, 0.04577, 0.01910, -0.00043, 0.01950, 0.08856, 0.01910, 0.01508, 0.00070 
77760.0, 4.98369, 0.19752, 0.85785, 1.42285, -0.00081, 0.12138, 3.00037, 0.00902, 0.14971, 0.17596, 0.06591, 0.17906, 0.00805, -9999.00000, 0.11547, 0.04840, 0.00609, 0.01237, 0.07504, 0.02680, 0.01805, 0.00210 
77820.0, 5.84721, 0.17698, 0.96730, 1.66308, 0.00164, 0.10216, 3.15482, -0.00052, 0.21138, 0.18279, 0.06282, 0.14203, 0.01326, -9999.00000, 0.10187, 0.03522, 0.00117, 0.01708, 0.14942, 0.02839, 0.01011, 0.00246 
77880.0, 6.29625, 0.17516, 1.16544, 1.75787, 0.00037, 0.14308, 3.27554, 0.00726, 0.27775, 0.18249, 0.04698, 0.17688, 0.02202, -9999.00000, 0.10715, 0.03597, -0.00025, 0.02257, 0.18296, 0.04095, 0.00851, 0.00180 
77940.0, 4.93230, 0.18622, 0.89101, 1.31708, 0.00218, 0.10864, 3.06836, -0.00186, 0.06112, 0.15393, 0.03709, 0.11542, 0.01230, -9999.00000, 0.06163, 0.02745, 0.00573, 0.01336, 0.10279, 0.02316, 0.01292, 0.00208 
78000.0, 5.56083, 0.18266, 0.92572, 1.57764, 0.00303, 0.14014, 3.21201, 0.00216, 0.16651, 0.20662, 0.03968, 0.15145, 0.01791, -9999.00000, 0.11516, 0.02497, 0.01510, 0.02156, 0.21808, 0.02660, 0.01583, -0.00032 
78060.0, 6.52135, 0.18595, -9999.00000, 1.97919, 0.00137, 0.11940, 3.21716, 0.00695, -9999.00000, 0.19027, 0.11380, 0.17951, 0.02396, -9999.00000, 0.09765, 0.03332, 0.01095, 0.02918, 0.28208, 0.04095, 0.00997, 0.00187 
78120.0, -9999.00000, -9999.00000, -9999.00000, -9999.00000, -9999.00000, -9999.00000, -9999.00000, -9999.00000, -9999.00000, -9999.00000, -9999.00000, -9999.00000, -9999.00000, -9999.00000, -9999.00000, -9999.00000, -9999.00000, -9999.00000, -9999.00000, -9999.00000, -9999.00000, -9999.00000 
78180.0, -9999.00000, -9999.00000, -9999.00000, -9999.00000, -9999.00000, -9999.00000, -9999.00000, -9999.00000, -9999.00000, -9999.00000, -9999.00000, -9999.00000, -9999.00000, -9999.00000, -9999.00000, -9999.00000, -9999.00000, -9999.00000, -9999.00000, -9999.00000, -9999.00000, -9999.00000 
78240.0, -9999.00000, -9999.00000, -9999.00000, -9999.00000, -9999.00000, -9999.00000, -9999.00000, -9999.00000, -9999.00000, -9999.00000, -9999.00000, -9999.00000, -9999.00000, -9999.00000, -9999.00000, -9999.00000, -9999.00000, -9999.00000, -9999.00000, -9999.00000, -9999.00000, -9999.00000 
78300.0, -9999.00000, -9999.00000, -9999.00000, -9999.00000, -9999.00000, -9999.00000, -9999.00000, -9999.00000, -9999.00000, -9999.00000, -9999.00000, -9999.00000, -9999.00000, -9999.00000, -9999.00000, -9999.00000, -9999.00000, -9999.00000, -9999.00000, -9999.00000, -9999.00000, -9999.00000 
78360.0, -9999.00000, -9999.00000, -9999.00000, -9999.00000, -9999.00000, -9999.00000, -9999.00000, -9999.00000, -9999.00000, -9999.00000, -9999.00000, -9999.00000, -9999.00000, -9999.00000, -9999.00000, -9999.00000, -9999.00000, -9999.00000, -9999.00000, -9999.00000, -9999.00000, -9999.00000 
78420.0, -9999.00000, -9999.00000, -9999.00000, -9999.00000, -9999.00000, -9999.00000, -9999.00000, -9999.00000, -9999.00000, -9999.00000, -9999.00000, -9999.00000, -9999.00000, -9999.00000, -9999.00000, -9999.00000, -9999.00000, -9999.00000, -9999.00000, -9999.00000, -9999.00000, -9999.00000 
78480.0, -9999.00000, -9999.00000, -9999.00000, -9999.00000, -9999.00000, -9999.00000, -9999.00000, -9999.00000, -9999.00000, -9999.00000, -9999.00000, -9999.00000, -9999.00000, -9999.00000, -9999.00000, -9999.00000, -9999.00000, -9999.00000, -9999.00000, -9999.00000, -9999.00000, -9999.00000 
78540.0, -9999.00000, -9999.00000, -9999.00000, -9999.00000, -9999.00000, -9999.00000, -9999.00000, -9999.00000, -9999.00000, -9999.00000, -9999.00000, -9999.00000, -9999.00000, -9999.00000, -9999.00000, -9999.00000, -9999.00000, -9999.00000, -9999.00000, -9999.00000, -9999.00000, -9999.00000 
