CampaignData_and_Merges/R0/CSL_MobileLab_Parked/raw/20240805/USOS-O3_MobileLabGround_20240805_R0.ict
34, 1001
Carrie Womack
NOAA Chemical Sciences Laboratory
2B Tech O3 UV Analyzer
USOS
1, 1
2024, 08, 05, 2024, 12, 21
60
Time_Start, seconds_past_midnight, Seconds from midnight UTC
1
1
-9999
O3_ppb, ppb, Ozone from 2B Tech UV Analyzer
1
SPECIAL COMMENTS:
18
PI_CONTACT_INFO: Address: 325 Broadway R/CSL7, Boulder, CO, 80305
PLATFORM: CSL Mobile Lab
LOCATION: Salt Lake City, UT
ASSOCIATED_DATA: N/A
INSTRUMENT_INFO: N/A
DATA_INFO: Units:
UNCERTAINTY: N/A
ULOD_FLAG: -7777
ULOD_VALUE: N/A
LLOD_FLAG: -8888
LLOD_VALUE: N/A
DM_CONTACT_INFO: Data Manager: Nate Howard
PROJECT_INFO: 
STIPULATIONS_ON_USE: Use of these data require prior ok from PI.
OTHER_COMMENTS: N/A
REVISION: R0
R0: Final data. RA: Preliminary Data.  For in-field use only.
Time_Start, O3_ppb
0.0,58.8
60.0,58.9
120.0,58.2
180.0,57.6
240.0,58.6
300.0,58.0
360.0,58.1
420.0,59.3
480.0,60.5
540.0,60.0
600.0,60.1
660.0,60.2
720.0,58.7
780.0,58.4
840.0,58.2
900.0,58.5
960.0,57.5
1020.0,57.7
1080.0,56.5
1140.0,56.3
1200.0,58.5
1260.0,56.5
1320.0,57.4
1380.0,57.2
1440.0,57.5
1500.0,56.9
1560.0,58.8
1620.0,58.0
1680.0,58.8
1740.0,57.1
1800.0,57.1
1860.0,56.7
1920.0,57.0
1980.0,55.2
2040.0,56.5
2100.0,56.5
2160.0,57.6
2220.0,56.4
2280.0,56.7
2340.0,56.8
2400.0,55.9
2460.0,54.7
2520.0,56.7
2580.0,56.7
2640.0,55.9
2700.0,55.5
2760.0,57.6
2820.0,54.9
2880.0,55.7
2940.0,54.8
3000.0,55.2
3060.0,56.8
3120.0,55.8
3180.0,55.1
3240.0,55.5
3300.0,55.8
3360.0,56.0
3420.0,55.4
3480.0,56.1
3540.0,57.8
3600.0,56.9
3660.0,57.0
3720.0,57.2
3780.0,55.5
3840.0,54.8
3900.0,55.4
3960.0,55.6
4020.0,54.5
4080.0,54.2
4140.0,53.8
4200.0,54.8
4260.0,54.9
4320.0,54.3
4380.0,54.2
4440.0,55.6
4500.0,55.4
4560.0,56.1
4620.0,55.0
4680.0,55.2
4740.0,54.5
4800.0,54.5
4860.0,55.5
4920.0,54.6
4980.0,53.6
5040.0,54.8
5100.0,54.3
5160.0,54.8
5220.0,52.9
5280.0,54.0
5340.0,54.9
5400.0,53.9
5460.0,53.1
5520.0,50.9
5580.0,53.0
5640.0,51.8
5700.0,51.8
5760.0,51.7
5820.0,51.6
5880.0,52.0
5940.0,53.6
6000.0,52.6
6060.0,53.4
6120.0,53.6
6180.0,52.6
6240.0,52.0
6300.0,51.5
6360.0,51.9
6420.0,52.3
6480.0,52.2
6540.0,52.1
6600.0,50.5
6660.0,51.9
6720.0,51.2
6780.0,50.0
6840.0,51.5
6900.0,51.1
6960.0,52.0
7020.0,52.0
7080.0,52.0
7140.0,53.9
7200.0,54.4
7260.0,51.3
7320.0,51.6
7380.0,52.2
7440.0,50.1
7500.0,49.5
7560.0,50.3
7620.0,51.7
7680.0,50.2
7740.0,48.5
7800.0,49.6
7860.0,48.0
7920.0,47.8
7980.0,45.5
8040.0,48.6
8100.0,48.6
8160.0,48.1
8220.0,48.0
8280.0,47.8
8340.0,45.0
8400.0,46.5
8460.0,45.5
8520.0,45.2
8580.0,44.8
8640.0,44.8
8700.0,46.2
8760.0,46.1
8820.0,46.4
8880.0,45.3
8940.0,43.0
9000.0,45.1
9060.0,45.9
9120.0,43.7
9180.0,42.2
9240.0,42.9
9300.0,43.7
9360.0,41.8
9420.0,43.5
9480.0,44.2
9540.0,44.1
9600.0,43.2
9660.0,44.9
9720.0,43.2
9780.0,41.4
9840.0,43.3
9900.0,42.2
9960.0,42.4
10020.0,40.7
10080.0,41.2
10140.0,40.5
10200.0,42.2
10260.0,42.6
10320.0,43.2
10380.0,42.4
10440.0,41.4
10500.0,42.2
10560.0,43.3
10620.0,41.3
10680.0,42.7
10740.0,44.1
10800.0,43.6
10860.0,43.4
10920.0,43.3
10980.0,42.3
11040.0,39.9
11100.0,42.5
11160.0,42.1
11220.0,42.7
11280.0,41.9
11340.0,42.4
11400.0,42.0
11460.0,42.7
11520.0,41.7
11580.0,41.8
11640.0,42.3
11700.0,42.9
11760.0,43.4
11820.0,42.8
11880.0,41.4
11940.0,41.9
12000.0,42.0
12060.0,43.0
12120.0,41.5
12180.0,42.7
12240.0,43.9
12300.0,43.8
12360.0,43.0
12420.0,42.3
12480.0,43.6
12540.0,44.3
12600.0,44.6
12660.0,44.3
12720.0,45.0
12780.0,44.1
12840.0,44.9
12900.0,45.3
12960.0,44.2
13020.0,44.8
13080.0,45.9
13140.0,45.0
13200.0,45.7
13260.0,44.2
13320.0,44.7
13380.0,45.7
13440.0,46.0
13500.0,46.1
13560.0,45.9
13620.0,45.9
13680.0,44.9
13740.0,45.2
13800.0,45.9
13860.0,46.1
13920.0,45.8
13980.0,46.9
14040.0,45.3
14100.0,46.7
14160.0,46.6
14220.0,46.0
14280.0,46.2
14340.0,45.3
14400.0,45.6
14460.0,46.4
14520.0,47.1
14580.0,46.0
14640.0,46.0
14700.0,48.2
14760.0,47.2
14820.0,44.9
14880.0,44.0
14940.0,45.4
15000.0,47.3
15060.0,47.3
15120.0,45.2
15180.0,46.3
15240.0,46.8
15300.0,46.8
15360.0,46.2
15420.0,47.1
15480.0,46.9
15540.0,46.2
15600.0,47.0
15660.0,46.5
15720.0,45.9
15780.0,45.7
15840.0,46.5
15900.0,45.6
15960.0,46.0
16020.0,45.5
16080.0,44.5
16140.0,45.1
16200.0,44.2
16260.0,44.8
16320.0,43.6
16380.0,43.7
16440.0,43.4
16500.0,44.8
16560.0,44.3
16620.0,44.9
16680.0,44.6
16740.0,44.4
16800.0,45.8
16860.0,46.1
16920.0,45.5
16980.0,46.3
17040.0,47.1
17100.0,47.0
17160.0,46.4
17220.0,45.1
17280.0,46.7
17340.0,45.3
17400.0,45.3
17460.0,45.4
17520.0,45.5
17580.0,46.4
17640.0,46.9
17700.0,45.7
17760.0,46.1
17820.0,46.6
17880.0,45.0
17940.0,43.8
18000.0,45.8
18060.0,45.3
18120.0,44.5
18180.0,46.0
18240.0,46.1
18300.0,45.7
18360.0,45.3
18420.0,45.4
18480.0,45.1
18540.0,46.2
18600.0,44.9
18660.0,46.0
18720.0,45.7
18780.0,46.5
18840.0,45.8
18900.0,45.9
18960.0,45.3
19020.0,46.5
19080.0,46.8
19140.0,46.4
19200.0,46.7
19260.0,47.5
19320.0,45.4
19380.0,46.2
19440.0,46.7
19500.0,46.2
19560.0,44.7
19620.0,44.8
19680.0,45.4
19740.0,46.1
19800.0,45.8
19860.0,46.3
19920.0,46.7
19980.0,45.2
20040.0,46.3
20100.0,45.0
20160.0,46.0
20220.0,46.0
20280.0,46.3
20340.0,45.8
20400.0,45.0
20460.0,45.9
20520.0,47.5
20580.0,46.5
20640.0,45.0
20700.0,44.3
20760.0,46.9
20820.0,46.0
20880.0,45.3
20940.0,46.7
21000.0,46.0
21060.0,46.7
21120.0,47.3
21180.0,44.5
21240.0,44.0
21300.0,44.0
21360.0,44.4
21420.0,45.9
21480.0,46.0
21540.0,46.1
21600.0,45.6
21660.0,46.6
21720.0,47.8
21780.0,46.6
21840.0,46.2
21900.0,46.4
21960.0,46.9
22020.0,45.2
22080.0,44.0
22140.0,44.7
22200.0,46.5
22260.0,46.4
22320.0,45.9
22380.0,46.7
22440.0,46.6
22500.0,45.3
22560.0,44.9
22620.0,44.8
22680.0,40.8
22740.0,46.3
22800.0,45.9
22860.0,45.0
22920.0,47.2
22980.0,46.8
23040.0,46.7
23100.0,46.5
23160.0,46.9
23220.0,47.0
23280.0,46.5
23340.0,47.6
23400.0,47.2
23460.0,47.5
23520.0,47.5
23580.0,44.6
23640.0,45.3
23700.0,44.3
23760.0,44.5
23820.0,45.3
23880.0,45.3
23940.0,43.5
24000.0,45.8
24060.0,44.7
24120.0,43.7
24180.0,45.7
24240.0,45.8
24300.0,44.8
24360.0,42.6
24420.0,44.4
24480.0,44.0
24540.0,43.0
24600.0,41.9
24660.0,44.7
24720.0,44.8
24780.0,45.4
24840.0,46.5
24900.0,47.4
24960.0,47.0
25020.0,46.8
25080.0,46.0
25140.0,47.6
25200.0,47.6
25260.0,47.8
25320.0,47.8
25380.0,47.5
25440.0,48.0
25500.0,48.0
25560.0,47.0
25620.0,48.3
25680.0,48.6
25740.0,47.7
25800.0,47.0
25860.0,46.2
25920.0,46.5
25980.0,47.0
26040.0,46.9
26100.0,47.6
26160.0,46.5
26220.0,47.2
26280.0,46.3
26340.0,47.0
26400.0,45.9
26460.0,46.2
26520.0,45.3
26580.0,44.9
26640.0,44.5
26700.0,44.3
26760.0,44.1
26820.0,42.5
26880.0,43.9
26940.0,41.9
27000.0,43.3
27060.0,43.2
27120.0,43.7
27180.0,41.0
27240.0,39.3
27300.0,43.9
27360.0,44.0
27420.0,43.7
27480.0,40.5
27540.0,40.2
27600.0,41.6
27660.0,43.7
27720.0,45.9
27780.0,47.1
27840.0,47.8
27900.0,43.5
27960.0,47.0
28020.0,46.6
28080.0,48.8
28140.0,48.3
28200.0,46.8
28260.0,47.6
28320.0,46.9
28380.0,46.0
28440.0,47.2
28500.0,47.9
28560.0,47.5
28620.0,47.9
28680.0,47.7
28740.0,47.7
28800.0,47.6
28860.0,48.1
28920.0,48.1
28980.0,48.6
29040.0,47.9
29100.0,48.1
29160.0,48.0
29220.0,48.7
29280.0,47.5
29340.0,47.9
29400.0,46.6
29460.0,44.5
29520.0,46.1
29580.0,44.6
29640.0,44.8
29700.0,45.1
29760.0,45.2
29820.0,46.0
29880.0,44.0
29940.0,44.9
30000.0,44.1
30060.0,46.1
30120.0,46.4
30180.0,46.5
30240.0,47.0
30300.0,46.8
30360.0,46.4
30420.0,46.4
30480.0,46.9
30540.0,47.2
30600.0,46.8
30660.0,47.1
30720.0,48.1
30780.0,47.5
30840.0,46.7
30900.0,47.2
30960.0,47.1
31020.0,47.5
31080.0,46.6
31140.0,46.3
31200.0,45.8
31260.0,45.5
31320.0,45.2
31380.0,45.4
31440.0,44.9
31500.0,44.6
31560.0,44.4
31620.0,44.1
31680.0,43.0
31740.0,40.9
31800.0,40.0
31860.0,38.4
31920.0,38.4
31980.0,36.6
32040.0,36.1
32100.0,34.7
32160.0,34.4
32220.0,34.3
32280.0,34.5
32340.0,32.6
32400.0,33.3
32460.0,35.2
32520.0,30.9
32580.0,29.5
32640.0,30.0
32700.0,30.9
32760.0,28.0
32820.0,32.7
32880.0,32.8
32940.0,33.6
33000.0,32.2
33060.0,30.8
33120.0,29.4
33180.0,25.5
33240.0,26.9
33300.0,28.6
33360.0,28.4
33420.0,27.9
33480.0,28.8
33540.0,29.5
33600.0,29.4
33660.0,28.6
33720.0,28.4
33780.0,27.1
33840.0,23.1
33900.0,21.1
33960.0,22.5
34020.0,23.6
34080.0,22.9
34140.0,22.4
34200.0,22.5
34260.0,21.8
34320.0,21.3
34380.0,21.4
34440.0,22.4
34500.0,28.6
34560.0,32.6
34620.0,41.2
34680.0,42.6
34740.0,44.9
34800.0,46.0
34860.0,44.6
34920.0,42.6
34980.0,44.6
35040.0,45.4
35100.0,44.1
35160.0,43.8
35220.0,45.7
35280.0,45.4
35340.0,46.9
35400.0,46.8
35460.0,47.7
35520.0,47.0
35580.0,47.5
35640.0,46.7
35700.0,47.8
35760.0,47.0
35820.0,42.3
35880.0,39.9
35940.0,39.1
36000.0,37.9
36060.0,38.5
36120.0,38.5
36180.0,36.9
36240.0,36.4
36300.0,37.3
36360.0,37.1
36420.0,37.5
36480.0,38.1
36540.0,36.4
36600.0,36.0
36660.0,35.9
36720.0,36.6
36780.0,35.6
36840.0,38.5
36900.0,38.6
36960.0,39.9
37020.0,37.4
37080.0,35.5
37140.0,36.0
37200.0,37.2
37260.0,36.1
37320.0,34.6
37380.0,35.4
37440.0,35.3
37500.0,36.6
37560.0,35.3
37620.0,35.5
37680.0,33.7
37740.0,31.8
37800.0,33.8
37860.0,33.1
37920.0,31.8
37980.0,31.7
38040.0,32.1
38100.0,32.7
38160.0,31.6
38220.0,33.7
38280.0,33.0
38340.0,32.0
38400.0,30.9
38460.0,32.7
38520.0,36.4
38580.0,34.7
38640.0,35.3
38700.0,36.5
38760.0,39.8
38820.0,40.6
38880.0,42.0
38940.0,40.8
39000.0,40.7
39060.0,40.2
39120.0,40.8
39180.0,41.4
39240.0,38.3
39300.0,39.6
39360.0,38.6
39420.0,37.9
39480.0,37.3
39540.0,37.2
39600.0,31.6
39660.0,34.7
39720.0,42.9
39780.0,41.6
39840.0,41.3
39900.0,40.8
39960.0,39.1
40020.0,41.8
40080.0,42.7
40140.0,44.3
40200.0,44.8
40260.0,45.3
40320.0,45.5
40380.0,45.9
40440.0,45.5
40500.0,45.7
40560.0,45.4
40620.0,46.1
40680.0,45.3
40740.0,45.3
40800.0,45.5
40860.0,45.9
40920.0,45.0
40980.0,44.4
41040.0,44.2
41100.0,45.5
41160.0,46.0
41220.0,45.7
41280.0,45.8
41340.0,46.3
41400.0,46.1
41460.0,46.2
41520.0,45.5
41580.0,46.0
41640.0,46.0
41700.0,45.9
41760.0,46.1
41820.0,47.1
41880.0,46.8
41940.0,46.6
42000.0,44.9
42060.0,45.2
42120.0,45.2
42180.0,44.7
42240.0,46.2
42300.0,45.8
42360.0,46.4
42420.0,46.0
42480.0,45.1
42540.0,45.2
42600.0,46.8
42660.0,46.5
42720.0,46.4
42780.0,45.7
42840.0,46.1
42900.0,46.1
42960.0,45.6
43020.0,45.9
43080.0,45.5
43140.0,45.8
43200.0,44.9
43260.0,45.6
43320.0,44.8
43380.0,45.7
43440.0,46.6
43500.0,46.9
43560.0,46.4
43620.0,47.1
43680.0,46.3
43740.0,45.9
43800.0,47.1
43860.0,45.3
43920.0,45.9
43980.0,46.3
44040.0,47.2
44100.0,46.2
44160.0,47.4
44220.0,47.0
44280.0,45.9
44340.0,46.3
44400.0,45.8
44460.0,46.2
44520.0,47.0
44580.0,46.8
44640.0,46.5
44700.0,45.3
44760.0,46.6
44820.0,47.3
44880.0,47.2
44940.0,47.2
45000.0,46.0
45060.0,46.4
45120.0,46.7
45180.0,47.0
45240.0,46.1
45300.0,46.0
45360.0,46.9
45420.0,46.0
45480.0,46.2
45540.0,45.4
45600.0,46.1
45660.0,46.3
45720.0,46.7
45780.0,46.9
45840.0,47.5
45900.0,46.8
45960.0,45.1
46020.0,43.4
46080.0,42.8
46140.0,39.2
46200.0,36.9
46260.0,33.3
46320.0,32.3
46380.0,30.5
46440.0,29.4
46500.0,27.8
46560.0,23.5
46620.0,20.2
46680.0,19.0
46740.0,18.2
46800.0,17.4
46860.0,16.4
46920.0,16.6
46980.0,14.9
47040.0,14.8
47100.0,14.3
47160.0,15.4
47220.0,14.5
47280.0,14.0
47340.0,12.7
47400.0,13.2
47460.0,14.0
47520.0,13.9
47580.0,13.8
47640.0,11.9
47700.0,13.3
47760.0,13.1
47820.0,12.5
47880.0,11.9
47940.0,12.9
48000.0,12.6
48060.0,12.9
48120.0,13.6
48180.0,13.8
48240.0,13.7
48300.0,13.4
48360.0,14.1
48420.0,15.9
48480.0,15.0
48540.0,14.8
48600.0,13.9
48660.0,14.9
48720.0,16.2
48780.0,15.9
48840.0,16.0
48900.0,15.0
48960.0,13.7
49020.0,14.2
49080.0,16.4
49140.0,17.2
49200.0,17.9
49260.0,17.6
49320.0,16.5
49380.0,16.1
49440.0,16.8
49500.0,14.9
49560.0,14.5
49620.0,15.9
49680.0,16.3
49740.0,16.2
49800.0,15.9
49860.0,17.6
49920.0,17.7
49980.0,15.6
50040.0,15.4
50100.0,16.8
50160.0,18.1
50220.0,18.0
50280.0,14.2
50340.0,14.3
50400.0,16.8
50460.0,17.2
50520.0,18.6
50580.0,18.4
50640.0,18.0
50700.0,17.2
50760.0,16.4
50820.0,18.0
50880.0,18.3
50940.0,18.3
51000.0,16.4
51060.0,17.8
51120.0,18.1
51180.0,17.6
51240.0,17.1
51300.0,18.8
51360.0,20.0
51420.0,22.8
51480.0,29.3
51540.0,25.5
51600.0,22.5
51660.0,22.3
51720.0,22.3
51780.0,26.7
51840.0,27.1
51900.0,22.2
51960.0,33.1
52020.0,31.8
52080.0,32.3
52140.0,34.3
52200.0,37.0
52260.0,30.3
52320.0,29.4
52380.0,32.4
52440.0,36.4
52500.0,36.3
52560.0,32.8
52620.0,34.4
52680.0,34.9
52740.0,35.3
52800.0,35.7
52860.0,35.6
52920.0,34.3
52980.0,34.6
53040.0,34.5
53100.0,33.4
53160.0,32.4
53220.0,34.5
53280.0,33.1
53340.0,33.8
53400.0,35.0
53460.0,38.0
53520.0,41.1
53580.0,31.2
53640.0,33.8
53700.0,36.1
53760.0,37.7
53820.0,39.1
53880.0,34.0
53940.0,31.8
54000.0,35.3
54060.0,35.3
54120.0,36.8
54180.0,35.6
54240.0,35.7
54300.0,35.8
54360.0,34.9
54420.0,35.9
54480.0,37.6
54540.0,37.8
54600.0,37.8
54660.0,38.5
54720.0,39.8
54780.0,38.4
54840.0,38.4
54900.0,38.9
54960.0,36.8
55020.0,37.5
55080.0,39.4
55140.0,38.7
55200.0,40.2
55260.0,39.5
55320.0,39.0
55380.0,39.3
55440.0,39.5
55500.0,38.1
55560.0,37.7
55620.0,38.5
55680.0,39.0
55740.0,38.2
55800.0,38.4
55860.0,38.9
55920.0,38.3
55980.0,39.2
56040.0,38.3
56100.0,39.7
56160.0,38.5
56220.0,37.9
56280.0,37.8
56340.0,37.8
56400.0,36.8
56460.0,36.5
56520.0,36.6
56580.0,36.1
56640.0,35.7
56700.0,37.0
56760.0,36.3
56820.0,37.9
56880.0,38.4
56940.0,36.7
57000.0,35.1
57060.0,35.7
57120.0,36.5
57180.0,36.0
57240.0,36.2
57300.0,36.7
57360.0,39.3
57420.0,38.8
57480.0,41.6
57540.0,42.7
57600.0,40.9
57660.0,41.8
57720.0,41.8
57780.0,43.9
57840.0,43.6
57900.0,43.0
57960.0,43.9
58020.0,42.2
58080.0,39.7
58140.0,42.9
58200.0,42.3
58260.0,44.7
58320.0,45.5
58380.0,44.9
58440.0,45.4
58500.0,46.1
58560.0,43.1
58620.0,47.0
58680.0,44.7
58740.0,42.8
58800.0,47.3
58860.0,47.5
58920.0,45.8
58980.0,46.8
59040.0,49.1
59100.0,50.4
59160.0,50.3
59220.0,50.4
59280.0,52.0
59340.0,50.3
59400.0,51.3
59460.0,50.3
59520.0,50.4
59580.0,50.7
59640.0,51.8
59700.0,52.1
59760.0,53.2
59820.0,55.2
59880.0,55.3
59940.0,55.4
60000.0,55.0
60060.0,55.0
60120.0,54.4
60180.0,54.3
60240.0,53.7
60300.0,54.8
60360.0,55.0
60420.0,56.7
60480.0,56.5
60540.0,56.1
60600.0,56.4
60660.0,56.8
60720.0,57.5
60780.0,57.4
60840.0,58.3
60900.0,57.0
60960.0,58.0
61020.0,56.8
61080.0,57.0
61140.0,56.5
61200.0,58.3
61260.0,57.2
61320.0,56.9
61380.0,56.4
61440.0,58.1
61500.0,59.0
61560.0,59.0
61620.0,60.0
61680.0,60.3
61740.0,60.2
61800.0,60.1
61860.0,57.6
61920.0,59.2
61980.0,57.8
62040.0,60.2
62100.0,60.3
62160.0,56.3
62220.0,60.2
62280.0,62.2
62340.0,61.6
62400.0,62.5
62460.0,62.3
62520.0,61.6
62580.0,62.2
62640.0,60.6
62700.0,60.2
62760.0,62.4
62820.0,61.6
62880.0,62.5
62940.0,63.2
63000.0,61.8
63060.0,62.6
63120.0,62.3
63180.0,61.8
63240.0,62.3
63300.0,61.1
63360.0,60.3
63420.0,60.8
63480.0,60.8
63540.0,59.0
63600.0,59.6
63660.0,58.7
63720.0,60.5
63780.0,59.4
63840.0,60.9
63900.0,60.9
63960.0,62.4
64020.0,62.3
64080.0,63.0
64140.0,64.2
64200.0,63.8
64260.0,63.1
64320.0,62.7
64380.0,63.2
64440.0,63.4
64500.0,63.4
64560.0,62.5
64620.0,62.6
64680.0,62.7
64740.0,63.1
64800.0,63.0
64860.0,63.2
64920.0,63.4
64980.0,62.7
65040.0,58.9
65100.0,63.1
65160.0,64.3
65220.0,64.0
65280.0,64.5
65340.0,65.4
65400.0,65.4
65460.0,65.8
65520.0,65.5
65580.0,65.0
65640.0,62.1
65700.0,62.0
65760.0,62.4
65820.0,65.4
65880.0,64.7
65940.0,65.9
66000.0,66.4
66060.0,68.2
66120.0,67.7
66180.0,67.1
66240.0,67.5
66300.0,69.0
66360.0,68.0
66420.0,69.0
66480.0,69.9
66540.0,68.1
66600.0,68.3
66660.0,67.9
66720.0,70.7
66780.0,69.7
66840.0,71.8
66900.0,71.9
66960.0,71.2
67020.0,70.4
67080.0,73.8
67140.0,72.3
67200.0,72.7
67260.0,73.4
67320.0,73.1
67380.0,73.5
67440.0,73.7
67500.0,72.1
67560.0,72.2
67620.0,74.2
67680.0,73.6
67740.0,73.4
67800.0,73.6
67860.0,74.6
67920.0,75.4
67980.0,74.4
68040.0,74.9
68100.0,74.0
68160.0,72.8
68220.0,71.1
68280.0,69.9
68340.0,72.3
68400.0,71.5
68460.0,71.2
68520.0,69.0
68580.0,65.1
68640.0,62.6
68700.0,60.8
68760.0,58.6
68820.0,58.6
68880.0,59.6
68940.0,58.0
69000.0,59.8
69060.0,61.1
69120.0,59.5
69180.0,61.3
69240.0,59.5
69300.0,60.8
69360.0,62.4
69420.0,62.4
69480.0,65.7
69540.0,65.1
69600.0,65.6
69660.0,64.6
69720.0,64.7
69780.0,64.9
69840.0,62.3
69900.0,61.1
69960.0,62.9
70020.0,62.6
70080.0,64.3
70140.0,65.8
70200.0,66.6
70260.0,66.1
70320.0,65.1
70380.0,63.9
70440.0,64.4
70500.0,63.1
70560.0,60.8
70620.0,60.6
70680.0,60.7
70740.0,59.9
70800.0,59.8
70860.0,61.4
70920.0,62.3
70980.0,62.0
71040.0,63.4
71100.0,63.9
71160.0,63.3
71220.0,63.3
71280.0,61.1
71340.0,62.1
71400.0,64.7
71460.0,65.8
71520.0,63.3
71580.0,63.6
71640.0,63.9
71700.0,64.9
71760.0,66.8
71820.0,65.8
71880.0,64.9
71940.0,66.4
72000.0,68.9
72060.0,68.5
72120.0,68.0
72180.0,67.9
72240.0,65.9
72300.0,67.7
72360.0,68.5
72420.0,67.9
72480.0,67.8
72540.0,68.7
72600.0,67.5
72660.0,66.9
72720.0,64.8
72780.0,66.8
72840.0,66.0
72900.0,66.0
72960.0,64.3
73020.0,67.5
73080.0,67.1
73140.0,67.1
73200.0,66.7
73260.0,66.1
73320.0,66.9
73380.0,66.6
73440.0,67.2
73500.0,65.5
73560.0,63.9
73620.0,64.6
73680.0,64.0
73740.0,64.1
73800.0,67.0
73860.0,66.2
73920.0,67.1
73980.0,64.9
74040.0,67.4
74100.0,67.0
74160.0,65.8
74220.0,65.4
74280.0,65.5
74340.0,65.9
74400.0,65.9
74460.0,66.8
74520.0,66.9
74580.0,64.1
74640.0,62.0
74700.0,61.7
74760.0,61.7
74820.0,60.3
74880.0,62.1
74940.0,61.2
75000.0,61.0
75060.0,63.1
75120.0,63.0
75180.0,61.8
75240.0,61.1
75300.0,60.6
75360.0,60.0
75420.0,62.8
75480.0,63.8
75540.0,63.1
75600.0,63.3
75660.0,61.7
75720.0,60.8
75780.0,59.9
75840.0,60.4
75900.0,59.3
75960.0,56.0
76020.0,61.5
76080.0,59.9
76140.0,63.4
76200.0,65.5
76260.0,64.4
76320.0,64.9
76380.0,65.3
76440.0,65.0
76500.0,63.9
76560.0,64.3
76620.0,62.3
76680.0,59.6
76740.0,64.7
76800.0,64.4
76860.0,61.2
76920.0,64.1
76980.0,65.5
77040.0,65.1
77100.0,62.9
77160.0,63.0
77220.0,63.6
77280.0,64.2
77340.0,66.5
77400.0,64.8
77460.0,65.9
77520.0,65.2
77580.0,64.9
77640.0,63.7
77700.0,65.1
77760.0,64.1
77820.0,63.6
77880.0,62.2
77940.0,64.5
78000.0,63.7
78060.0,64.0
78120.0,64.6
78180.0,64.5
78240.0,63.9
78300.0,62.3
78360.0,63.7
78420.0,61.6
78480.0,63.1
78540.0,62.9
78600.0,67.8
78660.0,65.4
78720.0,64.6
78780.0,72.8
78840.0,77.2
78900.0,75.3
78960.0,73.1
79020.0,72.1
79080.0,71.2
79140.0,70.1
79200.0,68.3
79260.0,67.5
79320.0,68.1
79380.0,68.7
79440.0,70.0
79500.0,69.2
79560.0,66.8
79620.0,65.4
79680.0,66.7
79740.0,66.1
79800.0,64.8
79860.0,65.4
79920.0,65.4
79980.0,64.5
80040.0,63.9
80100.0,63.4
80160.0,61.7
80220.0,62.4
80280.0,58.8
80340.0,61.6
80400.0,64.7
80460.0,64.2
80520.0,63.7
80580.0,64.1
80640.0,64.4
80700.0,65.8
80760.0,63.6
80820.0,63.3
80880.0,66.1
80940.0,67.8
81000.0,67.4
81060.0,67.6
81120.0,67.1
81180.0,62.9
81240.0,65.1
81300.0,54.2
81360.0,51.1
81420.0,51.9
81480.0,56.8
81540.0,46.0
81600.0,49.3
81660.0,58.7
81720.0,56.5
81780.0,55.8
81840.0,54.5
81900.0,51.7
81960.0,51.3
82020.0,61.0
82080.0,63.6
82140.0,61.8
82200.0,57.0
82260.0,61.7
82320.0,62.2
82380.0,63.3
82440.0,63.9
82500.0,62.2
82560.0,63.6
82620.0,62.0
82680.0,62.8
82740.0,62.8
82800.0,61.8
82860.0,61.8
82920.0,62.2
82980.0,63.3
83040.0,61.2
83100.0,60.1
83160.0,63.3
83220.0,63.9
83280.0,62.5
83340.0,61.5
83400.0,64.5
83460.0,60.8
83520.0,60.4
83580.0,62.8
83640.0,64.0
83700.0,59.5
83760.0,59.5
83820.0,59.1
83880.0,63.0
83940.0,59.5
84000.0,61.9
84060.0,62.2
84120.0,63.3
84180.0,61.1
84240.0,61.5
84300.0,57.8
84360.0,59.4
84420.0,59.7
84480.0,59.8
84540.0,60.7
84600.0,60.8
84660.0,59.3
84720.0,60.8
84780.0,65.3
84840.0,64.4
84900.0,65.6
84960.0,64.2
85020.0,59.9
85080.0,60.3
85140.0,63.6
85200.0,65.0
85260.0,61.5
85320.0,61.6
85380.0,63.1
85440.0,64.3
85500.0,62.7
85560.0,66.6
85620.0,64.6
85680.0,63.6
85740.0,66.2
85800.0,66.0
85860.0,65.6
85920.0,66.8
85980.0,64.0
86040.0,64.4
86100.0,65.7
86160.0,65.6
86220.0,65.0
86280.0,63.8
86340.0,59.5
