CampaignData_and_Merges/R0/CSL_MobileLab_Parked/raw/20240805/USOS-NOAAIodideCIMS-OrgNitrs_MobileLabGround_20240805_RA.ict
37, 1001
Michael A Robinson, Chris Jernigan, Subi Thakali
NOAA ESRL Chemical Sciences Laboratory and CIRES, U. of Colorado
NOAA Iodide CIMS Instrument
USOS
1, 1
2024, 08, 05, 2024, 08, 05
1
starttime_UTC, seconds_past_midnight, seconds_of_day_since_00:00:00_UTC
5
1, 1, 1, 1, 1
-9999, -9999, -9999, -9999, -9999
C4H7NO5_NOAACIMS, pptv, Gas_C4H7NO5_InSitu_S_AVMR, 
ISOPN_NOAACIMS, pptv, Gas_ISOPN_InSitu_S_AVMR, 
C5H10O3_NOAACIMS, pptv, Gas_C5H10O3_InSitu_S_AVMR, 
C5H9NO5_NOAACIMS, pptv, Gas_C5H9NO5_InSitu_S_AVMR, 
C10H17NO4_NOAACIMS, pptv, Gas_C10H17NO4_InSitu_S_AVMR, 
0
18
PI_CONTACT_INFO: 325 Broadway, R/CSD 7, Boulder, Colorado 80305; michael.a.robinson@noaa.gov; chris.jernigan@noaa.gov;
PLATFORM: NOAA CSL Mobile Lab
LOCATION: SLC, Utah
ASSOCIATED_DATA: 1Hz data also available on request.
INSTRUMENT_INFO: NOAA I- ToF CIMS
DATA_INFO: All data in parts per trillion by volume (pptv). 1 Hz data is available upon request.
UNCERTAINTY: TBD
ULOD_FLAG: -7777
ULOD_VALUE: N/A
LLOD_FLAG: -8888
LLOD_VALUE: N/A
DM_CONTACT_INFO: Nathan Howard; nathan.h.howard@noaa.gov
PROJECT_INFO: USOS, summer 2024. https://csl.noaa.gov/groups/csl7/measurements/2024usos/
STIPULATIONS_ON_USE: Users are strongly encouraged to contact the PI for proper data usage.
OTHER_COMMENTS: 
REVISION: RA
RA: Preliminary Data; For in-field use only
starttime_UTC, C4H7NO5_NOAACIMS, ISOPN_NOAACIMS, C5H10O3_NOAACIMS, C5H9NO5_NOAACIMS, C10H17NO4_NOAACIMS
[from data line 1016]
 60960, 10.832, 19.504, 31.295,  8.013,  0.702
 61020,  9.970, 17.136, 29.241,  7.767,  0.543
 61080, 10.076, 17.136, 30.442,  7.999,  0.483
 61140, 11.583, 21.057, 30.654,  8.260,  0.689
 61200, 13.255, 24.452, 30.642,  9.359,  0.744
 61260, 12.677, 23.324, 30.608,  8.761,  0.793
 61320, 14.052, 26.278, 29.631,  9.364,  0.760
 61380, 13.738, 25.079, 29.806,  9.424,  0.803
 61440, 14.687, 25.692, 29.450,  9.297,  0.842
 61500, 16.204, 27.469, 30.616, 10.486,  0.814
 61560, 15.747, 26.205, 31.216, 10.141,  0.951
 61620, 16.483, 27.029, 30.445, 10.376,  0.932
 61680, 16.021, 25.980, 29.327, 10.171,  0.783
 61740, 16.585, 28.114, 33.338, 10.356,  1.049
 61800, 16.631, 27.045, 31.169, 10.137,  0.849
 61860, 16.394, 27.535, 34.175, 10.368,  0.946
 61920, 16.764, 27.922, 33.231, 10.360,  1.029
 61980, 16.756, 26.998, 34.457, 10.435,  1.115
 62040, 16.729, 27.453, 32.985, 10.597,  0.960
 62100, 16.845, 27.657, 35.176, 10.579,  1.087
 62160, 16.869, 26.251, 34.876, 10.581,  1.076
 62220, 16.600, 26.043, 34.062, 10.546,  0.950
 62280, 16.649, 26.342, 35.095, 10.251,  0.957
 62340, 16.048, 25.103, 27.202,  9.729,  0.669
 62400, 16.430, 24.139, 31.457, 10.339,  0.949
 62460, 17.469, 25.438, 33.267, 10.518,  0.999
 62520, 17.334, 26.694, 35.414, 10.764,  0.993
 62580, 16.410, 24.553, 35.346, 10.450,  0.941
 62640, 15.704, 21.943, 36.372, 10.430,  0.931
 62700, 15.505, 21.876, 35.746, 10.352,  1.023
 62760, 15.480, 20.834, 37.336, 10.657,  0.794
 62820, 14.832, 20.122, 36.942, 10.215,  0.823
 62880, 14.790, 19.591, 38.094, 10.553,  0.762
 62940, 14.209, 18.344, 37.695, 10.295,  0.815
 63000, 12.262, 13.770, 38.260, 10.265,  0.605
 63060, 12.548, 14.231, 37.993, 10.017,  0.781
 63120, 11.835, 13.442, 36.747,  9.998,  0.696
 63180, 12.040, 13.238, 37.157,  9.590,  0.635
 63240, 11.968, 12.290, 38.793,  9.828,  0.604
 63300,  9.523,  9.096, 36.048,  9.135,  0.505
 63360,  7.785,  5.114, 36.090,  8.705,  0.403
 63420,  7.391,  5.173, 38.161,  8.555,  0.436
 63480,  7.073,  4.366, 37.387,  8.319,  0.401
 63540,  7.067,  4.561, 37.890,  8.423,  0.266
 63600,  7.337,  4.891, 38.035,  8.541,  0.289
 63660,  6.994,  4.285, 36.189,  8.174,  0.362
 63720,  6.654,  3.434, 37.581,  8.260,  0.291
 63780,  6.724,  3.749, 36.750,  7.670,  0.298
 63840,  7.498,  5.004, 36.345,  8.037,  0.324
 63900,  8.322,  6.535, 36.891,  8.607,  0.387
 63960,  9.382,  7.530, 35.679,  8.260,  0.445
 64020,  9.532,  7.542, 34.173,  8.553,  0.429
 64080, 10.447,  8.812, 33.873,  8.605,  0.392
 64140, 10.598,  8.882, 32.379,  9.341,  0.583
 64200,  9.917,  7.693, 30.350,  8.341,  0.501
 64260,  9.753,  8.320, 31.889,  8.337,  0.362
 64320,  9.606,  8.708, 32.505,  8.509,  0.498
 64380,  9.318,  8.405, 32.552,  8.013,  0.336
 64440,  9.439,  8.949, 31.269,  8.101,  0.410
 64500,  9.470,  8.924, 30.819,  8.157,  0.477
 64560,  9.590,  9.053, 31.343,  8.317,  0.364
 64620,  9.671,  9.293, 31.980,  8.334,  0.482
 64680,  9.262,  8.799, 31.464,  8.093,  0.362
 64740,  9.294,  8.842, 30.874,  8.180,  0.486
 64800,  8.790,  8.138, 29.215,  7.485,  0.398
 64860,  8.159,  6.771, 27.611,  7.052,  0.442
 64920,  8.753,  7.177, 29.516,  7.420,  0.459
 64980,  8.896,  8.387, 30.942,  7.837,  0.401
 65040,  8.795,  8.124, 29.531,  7.305,  0.516
 65100,  9.057,  7.617, 29.325,  7.411,  0.467
 65160,  9.274,  8.718, 31.695,  7.734,  0.523
 65220,  9.242,  9.011, 30.906,  7.780,  0.505
 65280,  9.471,  8.518, 29.350,  7.826,  0.555
 65340,  9.715,  8.508, 29.411,  7.746,  0.473
 65400,  9.806,  8.785, 29.527,  7.897,  0.487
 65460, 10.110,  8.882, 30.545,  8.039,  0.440
 65520, 10.018,  9.312, 31.398,  8.022,  0.483
 65580,  9.719,  9.214, 30.186,  7.851,  0.424
 65640,  9.426,  8.457, 30.713,  7.758,  0.537
 65700,  9.351,  8.512, 29.981,  7.447,  0.565
 65760,  9.251,  8.305, 29.412,  7.522,  0.545
 65820,  9.398,  7.705, 28.882,  7.542,  0.469
 65880,  9.520,  8.782, 27.999,  7.587,  0.530
 65940, 10.071,  9.665, 28.229,  8.067,  0.574
 66000, -9999.000, -9999.000, -9999.000, -9999.000, -9999.000
 66060, 10.700,  8.884, 23.397,  8.184,  0.549
 66120, 10.873,  9.258, 24.430,  7.951,  0.680
 66180, 11.194,  9.541, 27.622,  8.287,  0.600
 66240, 11.601, 10.039, 27.321,  8.268,  0.482
 66300, 11.703, 10.239, 27.060,  8.111,  0.531
 66360, 11.746,  9.037, 26.632,  8.371,  0.537
 66420, 12.039,  8.993, 27.807,  8.281,  0.603
 66480, 11.811,  8.700, 27.576,  8.395,  0.475
 66540, 10.797,  7.191, 26.168,  7.580,  0.565
 66600, 10.976,  7.826, 26.488,  8.051,  0.537
 66660, 11.478,  8.480, 26.526,  8.121,  0.493
 66720, 12.574, 11.245, 26.588,  8.472,  0.507
 66780, 12.763, 11.403, 29.348,  8.624,  0.502
 66840, 12.987, 11.649, 28.479,  8.639,  0.508
 66900, 13.213, 10.413, 28.220,  8.862,  0.562
 66960, 13.206, 10.695, 29.341,  8.637,  0.747
 67020, 13.815, 11.854, 28.899,  9.043,  0.585
 67080, 15.350, 13.115, 32.974,  9.311,  0.555
 67140, 15.386, 13.997, 32.113,  9.042,  0.444
 67200, 14.784, 12.557, 31.194,  9.113,  0.421
 67260, 15.086, 13.497, 32.765,  9.556,  0.391
 67320, 15.208, 13.470, 34.691,  9.442,  0.501
 67380, 15.352, 12.924, 33.168,  8.906,  0.499
 67440, 15.024, 12.598, 32.144,  8.908,  0.369
 67500, 14.526, 12.130, 32.298,  8.789,  0.454
 67560, 14.599, 11.314, 32.027,  8.635,  0.333
 67620, 14.939, 11.550, 32.048,  8.894,  0.337
 67680, 14.949, 11.791, 32.558,  8.784,  0.339
 67740, 14.676, 12.034, 30.535,  8.474,  0.359
 67800, 14.813, 12.209, 31.761,  8.698,  0.313
 67860, -9999.000, -9999.000, -9999.000, -9999.000, -9999.000
 67920, 14.971, 11.715, 28.581,  8.997,  0.371
 67980, 15.003, 11.427, 26.739,  8.955,  0.315
 68040, 14.820, 11.681, 28.307,  8.565,  0.481
 68100, 14.155, 11.558, 27.858,  8.712,  0.454
 68160, 13.008, 11.492, 27.344,  8.279,  0.370
 68220, 12.734, 10.769, 27.120,  8.148,  0.512
 68280, 12.885, 10.946, 25.194,  8.021,  0.316
 68340, 12.608, 10.934, 26.454,  8.071,  0.366
 68400, 12.074,  9.883, 26.016,  8.158,  0.413
 68460, 12.161, 10.912, 24.792,  7.994,  0.393
 68520, 11.085, 11.199, 24.794,  7.328,  0.323
 68580,  7.986,  8.147, 27.128,  5.927,  0.269
 68640,  7.421,  8.922, 27.796,  5.499,  0.286
 68700,  6.322,  7.563, 30.477,  4.992,  0.411
 68760,  5.166,  7.136, 35.992,  4.274,  0.304
 68820,  4.801,  6.506, 40.968,  4.129,  0.313
 68880,  5.435,  6.362, 36.582,  4.242,  0.277
 68940,  5.395,  6.963, 35.227,  4.351,  0.256
 69000,  5.768,  6.482, 34.883,  4.515,  0.344
 69060,  5.824,  6.687, 34.885,  4.480,  0.321
 69120,  5.819,  6.399, 39.031,  4.188,  0.209
 69180,  6.204,  7.224, 41.345,  4.667,  0.193
 69240,  6.274,  7.459, 44.177,  4.555,  0.242
 69300,  6.903,  7.736, 45.835,  4.751,  0.350
 69360,  7.925,  8.380, 42.512,  5.336,  0.300
 69420,  8.329,  9.047, 36.905,  5.685,  0.345
 69480,  8.846,  8.727, 33.531,  5.846,  0.258
 69540,  8.646,  9.127, 35.062,  6.036,  0.351
 69600,  8.627,  8.874, 37.825,  5.865,  0.345
 69660,  8.922,  8.881, 40.090,  5.528,  0.330
 69720, -9999.000, -9999.000, -9999.000, -9999.000, -9999.000
 69780,  8.207,  7.963, 35.738,  5.587,  0.216
 69840,  7.815,  8.572, 42.479,  5.210,  0.262
 69900,  8.057,  8.354, 44.219,  5.185,  0.295
 69960,  8.459,  9.491, 44.333,  5.441,  0.381
 70020,  8.127,  9.054, 49.443,  5.317,  0.352
 70080,  8.605,  8.164, 44.679,  5.555,  0.311
 70140,  9.412,  8.847, 43.659,  5.689,  0.315
 70200,  9.884,  8.748, 39.702,  6.112,  0.347
 70260,  9.779,  8.338, 38.777,  6.137,  0.371
 70320,  9.644,  8.965, 38.740,  5.949,  0.406
 70380,  9.153,  9.201, 43.949,  5.694,  0.218
 70440,  9.127,  9.303, 51.094,  5.673,  0.385
 70500,  8.641, 10.244, 62.404,  5.458,  0.373
 70560,  7.704,  9.986, 71.208,  4.824,  0.318
 70620,  6.853,  8.638, 83.537,  4.574,  0.325
 70680,  7.343,  9.372, 89.507,  4.434,  0.239
 70740,  6.871,  8.675, 99.473,  4.548,  0.215
 70800,  7.224,  8.815, 100.440,  4.768,  0.236
 70860,  7.571,  9.325, 92.992,  4.885,  0.289
 70920,  7.764,  9.985, 91.158,  5.175,  0.251
 70980,  7.911,  9.919, 94.052,  5.096,  0.354
 71040,  8.472, 10.094, 94.955,  5.179,  0.313
 71100,  8.708, 10.285, 93.381,  5.288,  0.242
 71160,  9.084, 11.177, 94.218,  5.455,  0.315
 71220,  9.382, 11.573, 94.214,  5.559,  0.274
 71280,  9.484, 13.022, 92.636,  5.713,  0.453
 71340, 10.022, 13.038, 90.808,  5.589,  0.323
 71400, 10.139, 13.391, 90.772,  5.835,  0.261
 71460, 10.446, 13.191, 89.093,  5.726,  0.386
 71520, 10.563, 12.420, 93.059,  6.112,  0.351
 71580,  9.848, 12.644, 79.296,  5.544,  0.297
 71640,  9.945, 12.261, 81.992,  5.866,  0.356
 71700,  9.402,  9.548, 75.939,  5.551,  0.385
 71760,  9.647,  9.963, 69.850,  5.730,  0.343
 71820,  9.387,  9.953, 67.561,  5.736,  0.432
 71880,  9.138,  9.294, 67.238,  5.691,  0.387
 71940,  9.440,  8.962, 67.765,  5.786,  0.448
 72000, 10.064,  8.567, 60.364,  5.804,  0.608
 72060, 10.324,  8.928, 58.271,  6.131,  0.566
 72120, 10.230,  8.792, 57.616,  6.184,  0.595
 72180, 10.504,  9.932, 56.693,  6.284,  0.487
 72240, 10.807,  9.731, 59.928,  6.273,  0.437
 72300, 10.754, 10.274, 59.856,  6.363,  0.428
 72360, 10.636, 10.463, 58.969,  6.158,  0.779
 72420, 10.701, 10.141, 58.677,  6.134,  0.692
 72480, 11.082, 11.082, 54.321,  6.139,  0.575
 72540, 11.072, 10.921, 53.076,  6.382,  0.595
 72600, 11.283, 12.931, 60.008,  6.544,  0.532
 72660, 10.233, 11.801, 71.938,  6.304,  0.507
 72720,  9.202, 10.642, 83.238,  5.537,  0.324
 72780,  9.836, 10.601, 77.376,  5.945,  0.379
 72840, 10.105, 11.549, 76.192,  6.037,  0.436
 72900,  9.399, 11.146, 75.447,  5.772,  0.454
 72960,  9.074, 11.042, 75.436,  5.869,  0.416
 73020,  8.870,  8.528, 68.165,  5.807,  0.359
 73080,  8.822,  8.100, 62.098,  5.442,  0.327
 73140,  8.698,  8.893, 64.912,  5.658,  0.465
 73200,  8.392,  8.343, 59.921,  5.394,  0.462
 73260,  8.287,  7.797, 56.436,  5.584,  0.281
 73320,  8.390,  8.162, 57.057,  5.607,  0.290
 73380, -9999.000, -9999.000, -9999.000, -9999.000, -9999.000
 73440,  7.783,  8.091, 44.063,  5.271,  0.440
 73500,  7.737,  7.982, 46.874,  5.435,  0.425
 73560,  7.394,  8.096, 47.646,  4.940,  0.482
 73620,  6.916,  7.736, 46.512,  4.922,  0.363
 73680,  6.942,  7.018, 47.383,  5.066,  0.370
 73740,  7.355,  7.085, 45.279,  4.950,  0.343
 73800,  7.582,  7.421, 45.223,  4.891,  0.290
 73860,  7.854,  7.976, 45.408,  5.263,  0.330
 73920,  7.748,  8.130, 43.798,  5.125,  0.268
 73980,  7.367,  8.045, 42.438,  5.114,  0.400
 74040,  7.358,  7.779, 39.913,  4.786,  0.257
 74100,  7.255,  7.746, 37.578,  4.907,  0.306
 74160,  6.992,  7.329, 36.925,  4.931,  0.384
 74220,  7.195,  7.252, 38.824,  5.091,  0.242
 74280,  7.382,  7.823, 39.457,  5.124,  0.262
 74340,  7.346,  7.956, 40.349,  5.107,  0.314
 74400,  7.423,  7.821, 41.274,  4.711,  0.343
 74460,  7.481,  8.224, 41.505,  5.074,  0.318
 74520,  7.498,  8.203, 42.468,  5.141,  0.212
 74580,  6.913,  7.915, 40.853,  4.846,  0.279
 74640,  6.011,  7.194, 36.748,  4.473,  0.269
 74700,  5.547,  6.744, 34.317,  3.987,  0.227
 74760,  5.374,  6.847, 33.594,  4.048,  0.307
 74820,  5.309,  6.754, 31.673,  4.043,  0.309
 74880,  5.161,  6.533, 30.607,  3.863,  0.177
 74940,  4.271,  5.805, 26.424,  3.256,  0.225
 75000,  4.540,  5.909, 27.520,  3.163,  0.221
 75060,  5.127,  6.089, 30.223,  3.782,  0.161
 75120,  5.032,  5.797, 30.268,  3.824,  0.233
 75180,  4.937,  6.421, 30.656,  3.576,  0.268
 75240, -9999.000, -9999.000, -9999.000, -9999.000, -9999.000
 75300,  4.563,  6.860, 27.769,  3.554,  0.261
 75360,  4.878,  6.421, 28.864,  3.934,  0.214
 75420,  5.138,  5.997, 29.321,  3.678,  0.300
 75480,  5.152,  5.855, 30.487,  3.527,  0.114
 75540,  5.082,  5.571, 30.623,  3.784,  0.184
 75600,  5.250,  5.378, 31.515,  3.725,  0.220
 75660,  5.188,  5.437, 30.722,  3.745,  0.225
 75720,  5.221,  5.895, 30.319,  3.746,  0.242
 75780,  5.305,  5.988, 30.407,  3.701,  0.147
 75840,  5.436,  5.153, 30.723,  3.898,  0.239
 75900,  5.319,  5.584, 30.657,  3.743,  0.211
 75960,  5.138,  5.104, 29.804,  3.612,  0.195
 76020,  5.311,  5.429, 30.900,  3.540,  0.103
 76080,  5.728,  5.624, 32.677,  3.841,  0.230
 76140,  7.120,  6.254, 33.961,  4.040,  0.196
 76200,  7.688,  6.383, 33.154,  4.018,  0.189
 76260,  7.528,  6.207, 33.125,  4.070,  0.165
 76320,  7.144,  6.003, 34.645,  3.905,  0.135
 76380,  7.136,  5.997, 34.162,  3.911,  0.129
 76440,  6.959,  5.483, 35.477,  4.195,  0.169
 76500,  6.947,  5.827, 34.926,  3.820,  0.173
 76560,  7.446,  6.197, 34.639,  3.983,  0.161
 76620,  7.521,  5.355, 32.777,  3.914,  0.110
 76680,  7.675,  6.334, 33.026,  4.050,  0.127
 76740,  7.480,  5.683, 32.263,  3.910,  0.193
 76800,  7.632,  6.064, 32.156,  3.925,  0.187
 76860,  7.446,  5.879, 30.680,  3.928,  0.157
 76920,  7.623,  5.814, 29.082,  4.057,  0.145
 76980,  8.038,  5.633, 30.235,  3.854,  0.116
 77040,  8.099,  5.905, 29.766,  4.236,  0.154
 77100, -9999.000, -9999.000, -9999.000, -9999.000, -9999.000
 77160,  7.283,  5.282, 23.963,  3.910,  0.172
 77220,  6.976,  5.110, 22.802,  3.778,  0.103
 77280,  6.819,  4.912, 22.986,  3.726,  0.198
 77340,  7.002,  4.939, 22.103,  3.513,  0.335
 77400,  6.479,  5.068, 21.863,  3.502,  0.206
 77460,  6.091,  4.191, 20.672,  3.547,  0.115
 77520,  6.034,  4.480, 19.938,  3.355,  0.083
 77580,  6.252,  4.790, 20.495,  3.224,  0.183
 77640,  6.173,  4.368, 21.477,  3.610,  0.233
 77700,  6.177,  4.357, 20.581,  3.458,  0.379
 77760,  5.877,  4.627, 21.316,  3.407,  0.548
 77820,  5.608,  4.926, 22.455,  3.609,  0.804
 77880,  5.553,  4.602, 22.297,  3.441,  0.870
 77940,  5.553,  4.877, 22.017,  3.881,  0.891
 78000,  5.592,  4.575, 22.413,  3.449,  0.916
 78060,  5.611,  4.939, 21.812,  3.640,  1.192
 78120,  5.564,  4.720, 22.373,  3.795,  0.989
 78180,  5.695,  4.750, 22.405,  3.742,  0.955
 78240,  5.577,  4.580, 20.473,  3.825,  1.184
 78300,  5.527,  5.009, 20.410,  3.921,  1.104
 78360,  5.729,  4.720, 21.230,  3.733,  0.987
 78420,  5.698,  4.877, 20.898,  3.780,  0.768
 78480,  5.917,  4.963, 22.532,  3.912,  0.565
 78540,  5.851,  5.171, 20.407,  4.141,  0.466
 78600,  6.756,  5.783, 22.953,  4.794,  0.634
 78660,  6.385,  5.757, 22.015,  4.482,  0.496
 78720,  6.681,  5.635, 24.330,  4.716,  0.402
 78780,  8.938,  8.757, 28.902,  6.003,  0.465
 78840,  9.826,  9.805, 35.284,  6.831,  0.448
 78900,  9.761,  9.196, 36.745,  6.658,  0.385
 78960,  8.761,  8.056, 37.506,  6.278,  0.219
 79020,  8.857,  8.306, 36.409,  6.050,  0.296
 79080,  9.030,  8.657, 41.111,  6.125,  0.485
 79140,  8.477,  8.502, 41.176,  5.544,  0.387
 79200,  7.973,  7.754, 43.515,  4.797,  0.375
 79260,  7.687,  7.425, 43.983,  4.465,  0.410
 79320,  7.678,  7.180, 45.331,  4.085,  0.456
 79380,  7.576,  7.343, 45.820,  4.377,  0.531
 79440,  7.747,  7.395, 45.608,  4.362,  0.423
 79500,  7.272,  6.709, 46.928,  3.880,  0.477
 79560,  7.177,  6.761, 47.563,  3.777,  0.426
 79620,  6.953,  6.374, 48.120,  3.453,  0.238
 79680,  6.749,  6.249, 47.877,  3.534,  0.224
 79740, -9999.000, -9999.000, -9999.000, -9999.000, -9999.000
 79800, -9999.000, -9999.000, -9999.000, -9999.000, -9999.000
 79860, -9999.000, -9999.000, -9999.000, -9999.000, -9999.000
 79920, -9999.000, -9999.000, -9999.000, -9999.000, -9999.000
 79980, -9999.000, -9999.000, -9999.000, -9999.000, -9999.000
 80040, -9999.000, -9999.000, -9999.000, -9999.000, -9999.000
 80100, -9999.000, -9999.000, -9999.000, -9999.000, -9999.000
 80160, -9999.000, -9999.000, -9999.000, -9999.000, -9999.000
 80220, -9999.000, -9999.000, -9999.000, -9999.000, -9999.000
 80280, -9999.000, -9999.000, -9999.000, -9999.000, -9999.000
 80340, -9999.000, -9999.000, -9999.000, -9999.000, -9999.000
 80400, -9999.000, -9999.000, -9999.000, -9999.000, -9999.000
 80460, -9999.000, -9999.000, -9999.000, -9999.000, -9999.000
 80520, -9999.000, -9999.000, -9999.000, -9999.000, -9999.000
 80580, -9999.000, -9999.000, -9999.000, -9999.000, -9999.000
 80640, -9999.000, -9999.000, -9999.000, -9999.000, -9999.000
 80700, -9999.000, -9999.000, -9999.000, -9999.000, -9999.000
 80760, -9999.000, -9999.000, -9999.000, -9999.000, -9999.000
 80820, -9999.000, -9999.000, -9999.000, -9999.000, -9999.000
