CampaignData_and_Merges/R0/CSL_MobileLab_Parked/raw/20240805/USOS-HCHO_MobileLabGround_20240805_R0.ict
35,1001
Huang, Yaoxian
Wayne State University
Picarro G2307 on CSL Mobile Lab
USOS
1,1
2024,08,05,2024,08,09
1.0
Time_Start,seconds_since_midnight,number_of_seconds_since_0000_UTC
3
1.0,1.0,1.0
-9999.0,-9999.0,-9999.0
HCHO,ppbv,Gas_HCHO_InSitu_S_AVMR,volume mixing ratio of formaldehyde in air
H2O,ppmv,Gas_H2O_InSitu_S_AVMR,volume mixing ratio of water vapor in air
CH4,ppmv,Gas_CH4_InSitu_S_AVMR,volume mixing ratio of methane in air
0
18
PI_CONTACT_INFO: yaoxian.huang@wayne.edu
PLATFORM: CSL Mobile Lab, at Ground Site
LOCATION: Salt Lake City, UT
ASSOCIATED_DATA: N/A
INSTRUMENT_INFO: Cavity Ring-Down Spectrometer
DATA_INFO: Data is averaged to 1 minute intervals for stationary and 1 second interval for driving. Stationary data collected from a 20 ft tower on top of the mobile lab.
UNCERTAINTY: N/A
ULOD_FLAG: -7777
ULOD_VALUE: N/A
LLOD_FLAG: -8888
LLOD_VALUE: N/A
DM_CONTACT_INFO: Yaoxian Huang; yaoxian.huang@wayne.edu
PROJECT_INFO: USOS, Summer 2024. https://csl.noaa.gov/groups/csl7/measurements/2024usos/
STIPULATIONS_ON_USE: Users are strongly encouraged to contact the PI for proper data usage.
OTHER_COMMENTS: Data have been shifted backwards by 1 minute to align with USOS MetNav and Picarro GHG data.
REVISION: R0
R0: Final Data
Time_Start,HCHO,H2O,CH4
[from data line 1082]
64920,3.33005,13508.3,1.90583
64980,3.51546,13930.6,1.90584
65040,3.69047,13986.6,1.90715
65100,3.4184,13449.3,1.90277
65160,3.40789,13471.2,1.90531
65220,3.73673,13776.2,1.90681
65280,3.47774,13518.9,1.90749
65340,3.44479,13404.2,1.90616
65400,3.57352,13608.9,1.90834
65460,3.73797,14069.2,1.9059
65520,3.79455,13702.2,1.90859
65580,3.82205,14475.4,1.90335
65640,3.70317,15056.1,1.90344
65700,4.1861,15134.0,1.90277
65760,4.08229,15125.1,1.90388
65820,3.85131,14144.6,1.90538
65880,3.79302,14465.7,1.90671
65940,3.93758,13801.2,1.90855
66000,3.90214,13712.8,1.9083
66060,3.9839,13638.3,1.9099
66120,4.33277,14082.5,1.90879
66180,4.4377,13984.5,1.90902
66240,4.08881,14001.1,1.91078
66300,4.48901,13915.8,1.91155
66360,4.24114,13983.2,1.91054
66420,4.30199,13897.3,1.90996
66480,3.86067,13744.3,1.91004
66540,3.99543,13500.0,1.90785
66600,3.87794,14022.2,1.90725
66660,4.41953,14185.1,1.90809
66720,4.44205,13950.9,1.91213
66780,4.73038,14698.0,1.90934
66840,4.37306,14231.8,1.91099
66900,4.8009,14623.0,1.91064
66960,4.56928,14995.7,1.91138
67020,4.69752,14990.9,1.90823
67080,4.71291,14588.7,1.91281
67140,5.07295,14716.2,1.9124
67200,5.06124,14825.3,1.9115
67260,4.79833,14597.5,1.91111
67320,4.97671,14832.9,1.91028
67380,5.18661,14622.9,1.91509
67440,4.66191,14639.6,1.91327
67500,4.67498,14604.0,1.91148
67560,4.48035,14333.4,1.91164
67620,4.76189,14385.9,1.91132
67680,4.7894,14757.4,1.91128
67740,4.63234,14827.6,1.9121
67800,4.60903,15152.5,1.9115
67860,4.69739,14707.0,1.91155
67920,4.86646,14656.9,1.91344
67980,4.88502,14568.1,1.91277
68040,4.92821,14843.1,1.91327
68100,4.51174,14947.6,1.91231
68160,4.42908,14563.4,1.91322
68220,4.45555,15276.6,1.90992
68280,4.67322,14911.3,1.91123
68340,4.31423,14369.5,1.91007
68400,4.38695,14283.4,1.91033
68460,4.36978,14342.9,1.91226
68520,4.02642,14274.5,1.91122
68580,3.16137,13402.3,1.90361
68640,3.13131,13630.1,1.90443
68700,3.16297,13332.5,1.90087
68760,2.58913,13139.4,1.9009
68820,2.52976,13053.8,1.8965
68880,2.69572,13148.4,1.89623
68940,2.89665,13219.1,1.90049
69000,3.08944,13471.3,1.90147
69060,2.89359,13028.8,1.90106
69120,2.55397,13009.0,1.90034
69180,2.73336,12873.9,1.90483
69240,2.82227,13926.2,1.89912
69300,2.94147,14058.4,1.89884
69360,3.52153,13639.7,1.90303
69420,3.1929,14154.5,1.90096
69480,3.39525,13494.4,1.90463
69540,3.35849,13524.1,1.90567
69600,3.11139,13316.5,1.90288
69660,3.29628,13615.6,1.90455
69720,3.09456,13184.3,1.90338
69780,2.99195,13357.2,1.90224
69840,3.06007,13125.3,1.90331
69900,3.12162,14306.7,1.89769
69960,3.25768,14364.9,1.90014
70020,3.29294,13260.4,1.90311
70080,3.26659,13234.6,1.90286
70140,3.31131,13472.4,1.9032
70200,3.86548,13459.1,1.90304
70260,4.04285,13614.8,1.90396
70320,3.95347,14692.5,1.90091
70380,3.22893,13713.5,1.90516
70440,3.51793,13626.9,1.90432
70500,3.25896,13116.2,1.90297
70560,3.00205,13157.2,1.9011
70620,2.7177,12810.3,1.89976
70680,2.93618,12961.1,1.89924
70740,2.61715,12953.3,1.89539
70800,2.78176,12904.6,1.90053
70860,3.00147,12916.5,1.89803
70920,3.04416,13070.9,1.89839
70980,2.98711,13039.8,1.8995
71040,3.45967,13088.8,1.89988
71100,3.37047,13220.9,1.90142
71160,3.19427,13572.5,1.90143
71220,3.99106,14568.8,1.89841
71280,4.00741,15049.7,1.90091
71340,3.65666,13997.5,1.89996
71400,3.78774,13850.7,1.9044
71460,3.59114,13609.0,1.90256
71520,3.73272,14447.9,1.90188
71580,3.9289,14522.3,1.89946
71640,3.52284,13826.5,1.9002
71700,3.74396,13410.9,1.90356
71760,3.68771,13387.5,1.902
71820,4.01169,13677.1,1.90295
71880,3.46002,13370.3,1.89975
71940,3.44565,13394.2,1.90513
72000,3.85713,13373.9,1.91324
72060,3.80847,13613.3,1.90459
72120,4.01505,13636.0,1.90404
72180,3.77128,14164.0,1.90232
72240,4.0914,14940.9,1.90193
72300,4.09656,14853.4,1.90308
72360,3.83618,14192.2,1.90274
72420,3.93379,14669.9,1.90453
72480,4.05843,14486.3,1.90495
72540,4.34641,14607.3,1.90522
72600,4.33558,14451.0,1.90014
72660,3.85908,13922.2,1.90084
72720,3.54152,13549.6,1.90052
72780,3.82102,13876.5,1.90145
72840,4.1926,14399.5,1.90287
72900,3.9557,14341.7,1.90164
72960,3.84418,14806.8,1.9012
73020,3.66392,13387.7,1.90201
73080,3.42195,13228.1,1.90335
73140,3.89655,13445.4,1.90218
73200,3.4692,13412.4,1.90201
73260,3.44907,13080.0,1.90425
73320,3.38206,13115.1,1.9041
73380,3.54842,13662.9,1.90429
73440,3.59723,13078.4,1.90311
73500,3.82176,13225.9,1.90386
73560,3.87075,13359.7,1.90375
73620,3.14611,12888.7,1.90122
73680,3.41198,13900.8,1.89991
73740,3.55985,13427.9,1.90094
73800,3.55888,13322.4,1.90193
73860,3.52751,13020.4,1.90262
73920,3.73612,13323.6,1.9046
73980,3.42815,13164.4,1.90328
74040,3.34989,12597.6,1.90248
74100,3.52343,12547.0,1.90161
74160,3.2792,12682.1,1.9039
74220,3.77117,13076.2,1.90196
74280,3.63561,12899.4,1.9018
74340,3.69087,13593.9,1.9012
74400,3.60895,13606.5,1.90018
74460,3.38596,13305.9,1.90147
74520,3.70783,13546.2,1.90439
74580,3.94619,13688.4,1.89976
74640,3.30829,13352.3,1.90108
74700,2.82919,13005.4,1.89935
74760,3.24239,13098.2,1.89984
74820,3.51425,12916.9,1.90058
74880,3.0395,12281.3,1.90279
74940,2.34715,11833.9,1.90188
75000,2.67127,12388.5,1.90008
75060,2.74578,12080.2,1.89851
75120,2.84391,12426.6,1.89949
75180,2.73956,12327.4,1.90079
75240,2.68914,12524.6,1.90004
75300,3.0359,12552.2,1.90273
75360,2.82469,12581.3,1.90074
75420,2.98483,12179.1,1.89895
75480,2.47132,11826.3,1.9024
75540,2.95509,11764.9,1.90023
75600,2.88328,12221.0,1.89965
75660,3.09222,12454.1,1.90086
75720,2.95917,12551.3,1.89972
75780,3.01331,12771.5,1.89989
75840,3.25368,13075.4,1.89938
75900,3.11085,13219.7,1.90108
75960,3.04158,12554.6,1.90139
76020,2.73724,12322.5,1.90262
76080,2.99482,12855.3,1.89858
76140,2.93277,12485.3,1.90095
76200,2.79454,12386.2,1.90221
76260,3.01671,12769.3,1.898
76320,2.86025,12102.9,1.90248
76380,2.87,11892.9,1.90107
76440,2.95281,12042.7,1.90278
76500,3.10703,12375.5,1.90385
76560,2.83544,12677.6,1.90189
76620,2.94162,13000.4,1.89975
76680,2.82033,12937.9,1.90104
76740,2.93496,12409.1,1.9031
76800,3.00891,12619.2,1.90408
76860,2.99706,12930.8,1.90361
76920,3.12609,12489.0,1.908
76980,3.00194,12508.7,1.90763
77040,3.0403,12769.1,1.90458
77100,2.94886,12799.8,1.90389
77160,2.96154,12580.4,1.90194
77220,2.58911,11996.3,1.90404
77280,2.49606,11585.3,1.90421
77340,2.6261,11551.1,1.90246
77400,2.52942,11601.2,1.90186
77460,2.42337,11325.7,1.90187
77520,2.3778,11435.4,1.90263
77580,2.64514,11703.6,1.9052
77640,2.74598,11886.1,1.90135
77700,2.75164,11715.5,1.90654
77760,2.83868,11928.4,1.909
77820,2.88906,12244.8,1.91341
77880,3.17305,12450.3,1.91388
77940,3.00309,12293.5,1.91763
78000,3.02651,12391.9,1.91942
78060,3.07883,12361.4,1.91973
78120,3.01366,12380.2,1.92298
78180,3.19451,12360.4,1.92454
78240,3.16462,12470.3,1.92208
78300,3.43696,12678.8,1.92107
78360,3.09712,12625.5,1.9234
78420,3.19413,12717.7,1.92778
78480,3.3752,12734.0,1.93306
78540,3.27838,12904.3,1.93239
78600,3.6324,13277.1,1.95926
78660,3.43013,13258.2,1.94456
78720,3.42,13392.9,1.94753
78780,4.19457,13756.3,1.9612
78840,4.44726,13852.2,1.96321
78900,4.15966,13666.2,1.9682
78960,3.23201,12937.6,1.96765
79020,3.59485,13134.6,1.96919
79080,3.7874,13009.3,1.96883
79140,3.35045,12634.2,1.95973
79200,2.92132,11943.9,1.94993
79260,2.8976,11727.8,1.9479
79320,2.80552,11631.9,1.9447
79380,2.94212,11713.3,1.94975
79440,2.54735,11525.0,1.94464
79500,2.48782,11272.4,1.93687
79560,2.23003,11047.5,1.93144
79620,2.27045,10751.0,1.92497
79680,2.30009,10888.0,1.929
79740,2.33892,10686.5,1.92318
79800,2.14508,10743.7,1.92245
79860,2.14236,10823.7,1.92216
79920,2.04218,10846.2,1.91672
79980,2.1247,10818.2,1.9165
80040,1.90393,10899.8,1.91423
80100,1.86984,10929.2,1.91737
80160,2.04831,10917.5,1.91809
80220,1.94874,11225.6,1.91848
80280,2.05512,11534.0,1.9169
80340,1.54035,10436.0,1.90973
80400,1.20158,10134.6,1.90834
80460,1.27845,9832.2,1.90567
80520,0.95707,9813.03,1.90627
80580,1.28941,9737.67,1.90741
80640,1.18498,9743.92,1.90675
80700,1.31305,9829.9,1.90712
80760,1.24597,9878.2,1.9092
80820,1.3914,9943.04,1.90998
80880,0.813859,10548.2,1.90133
80940,1.03396,10616.6,1.90263
81000,0.961105,10441.1,1.9022
81060,0.812172,10428.6,1.90175
81120,0.950167,10161.8,1.90241
81180,0.775465,9907.55,1.90153
81240,1.28042,9962.42,1.90213
81300,1.28764,10384.8,1.90166
81360,1.22855,9934.93,1.90125
81420,1.10852,10086.7,1.90074
81480,1.18405,10298.8,1.90074
81540,1.56489,10376.6,1.90417
81600,1.30591,10118.9,1.90211
81660,1.02384,9976.71,1.90293
81720,1.15058,9949.58,1.90103
81780,1.30848,10519.4,1.90312
81840,1.50344,10499.5,1.90523
81900,1.48552,10579.1,1.9055
81960,1.53375,10199.2,1.90245
82020,1.16437,9805.06,1.90171
82080,0.97987,9843.93,1.90513
82140,1.12834,9935.13,1.9026
82200,1.41435,10011.9,1.9049
82260,1.27326,9935.38,1.90584
82320,1.13523,9901.93,1.90364
82380,1.16934,9866.31,1.90234
82440,0.97071,9978.22,1.90339
82500,1.22585,10196.3,1.90099
82560,1.28385,10112.5,1.90241
82620,0.991414,10372.4,1.90212
82680,1.25507,10594.6,1.90307
82740,1.58542,10334.3,1.90395
82800,1.38635,10673.3,1.9039
82860,1.30518,10836.3,1.90618
82920,1.28766,10743.0,1.90407
82980,1.58086,11024.4,1.90495
83040,1.68798,11069.4,1.90566
83100,1.76666,11256.7,1.9038
83160,1.5658,11127.5,1.90585
83220,1.72175,11387.9,1.90619
83280,1.66219,11423.8,1.90485
83340,1.50974,11376.9,1.90554
83400,1.56594,11215.3,1.90656
83460,1.886,12421.8,1.90199
83520,1.76298,12384.9,1.90478
83580,1.78118,10938.6,1.90494
83640,1.64938,10459.9,1.90791
83700,1.52785,10905.3,1.90339
83760,1.80785,11834.7,1.90488
83820,1.8901,11262.2,1.90674
83880,1.81505,11050.0,1.90414
83940,1.72969,10834.3,1.90483
84000,1.60009,11006.6,1.90401
84060,1.53998,10734.9,1.90227
84120,1.72477,10828.2,1.90409
84180,1.79023,10922.3,1.90219
84240,1.60489,11690.9,1.90104
84300,1.92397,11945.4,1.89993
84360,1.6581,11616.6,1.90156
84420,1.93176,12166.2,1.90064
84480,1.77883,11435.3,1.90593
84540,1.86287,11455.8,1.90322
84600,1.75157,11083.7,1.90405
84660,1.81683,11780.2,1.90227
84720,1.85038,11014.7,1.90339
84780,1.51364,10159.3,1.9024
84840,1.59983,10218.4,1.90321
84900,1.61698,10556.5,1.9034
84960,1.57279,10546.9,1.90425
85020,2.02849,11704.4,1.90245
85080,2.06485,10990.7,1.90697
85140,1.96722,10788.3,1.9058
85200,2.17516,11301.5,1.90305
85260,2.36739,11747.7,1.90175
85320,2.43337,11248.3,1.90818
85380,2.22932,11100.3,1.90467
85440,2.1784,10554.8,1.90381
85500,1.98612,11148.9,1.90686
85560,1.65238,9832.88,1.90355
85620,1.65587,10224.6,1.90508
85680,1.5107,10611.6,1.90134
85740,1.59528,9671.23,1.90507
85800,1.57154,9982.68,1.90264
85860,1.51974,10227.1,1.9047
85920,1.76154,9984.59,1.90381
85980,2.03524,10859.5,1.90166
86040,1.83183,10632.1,1.90206
86100,2.13173,10444.1,1.90408
86160,2.56363,10869.9,1.90461
86220,2.48216,11105.2,1.9041
86280,2.59249,11151.8,1.90468
86340,-9999.0,-9999.0,-9999.0
