CampaignData_and_Merges/R0/CSL_MobileLab_Parked/raw/20240805/USOS-jNO2_MobileLabGround_20240805_R0.ict
52,1001
Waxman, E.; Rollins, A.; Zuraski, K.; Chace, W.
NOAA Chemical Sciences Laboratory
jNO2 filter radiometer on CSL Mobile Lab
AMMBEC / USOS
1, 1
2024,08,05, 2025,04,01
60
Time_Start, seconds, number_of_seconds_since_0000_UTC
20
1, 1, 1, 1, 1, 1, 1, 1, 1, 1, 1, 1, 1, 1, 1, 1, 1, 1, 1, 1
-9999, -9999, -9999, -9999, -9999, -9999, -9999, -9999, -9999, -9999, -9999, -9999, -9999, -9999, -9999, -9999, -9999, -9999, -9999, -9999
Time_Stop, seconds, number_of_seconds_since_0000_UTC
jNO2_meas, per second, photolysis rate of NO2 measured using a filter radiometer.
jBrCl, per second, photolysis rate of BrCl -> Br + Cl calculated in TUV for cloud-free sky with local AOD
jBr2, per second, photolysis rate of Br2 -> Br + Br calculated in TUV for cloud-free sky with local AOD
jCCl4, per second, photolysis rate of CCl4 -> Products calcualted in TUV for cloud-free sky with local AOD
jCH2Oa, per second, photolysis rate of CH2O -> H + HCO calculated in TUV for cloud-free sky with local AOD
jCH2Ob, per second, photolysis rate of CH2O -> H2 + CO calculated in TUV for cloud-free sky with local AOD
jClNO2, per second, photolysis rate of ClNO2 -> Cl + NO2 calculated in TUV for cloud-free sky with local AOD
jClOa, per second, photolysis rate of ClO -> Cl + O(1D) calculated in TUV for cloud-free sky with local AOD
jClOb, per second, photolysis rate of ClO -> Cl + O(3P) calculated in TUV for cloud-free sky with local AOD
jCl2, per second, photolysis rate of Cl2 -> Cl + Cl calculated in TUV for cloud-free sky with local AOD
jHNO2, per second, photolysis rate of HNO2 -> OH + NO calculated in TUV for cloud-free sky with local AOD
jHNO3, per second, photolysis rate of HNO3 -> OH + NO2 calculated in TUV for cloud-free sky with local AOD
jI2, per second, photolysis rate of I2 -> I + I calculated in TUV for cloud-free sky with local AOD
jNO2, per second, photolysis rate of NO2 -> NO + O(3P) calculated in TUV for cloud-free sky with local AOD
jNO3a, per second, photolysis rate of NO3 -> NO + O2 calculated in TUV for cloud-free sky with local AOD
jNO3b, per second, photolysis rate of NO3 -> NO2 + O(3P) calculated in TUV for cloud-free sky with local AOD
jN2O5, per second, photolysis rate of N2O5 -> NO3 + NO + O(3P) calculated in TUV for cloud-free sky with local AOD
jO3, per second, photolysis rate of O3 -> O2 + O(1D) calculated in TUV for cloud-free sky with local AOD
AOD_500nm, unitless, UTC daily mean AOD at 500 nm from an AERONET station located at 40.178 N, -112.452 E
0
18
PI_CONTACT_INFO: eleanor.waxman@noaa.gov
PLATFORM: CSL Mobile Lab, at ground site
LOCATION: Salt Lake City, UT
ASSOCIATED_DATA:
INSTRUMENT_INFO: jNO2 filter radiometer.  TUV calculations are for mobile van lat/lon/altitude assuming clear sky (cloud AOD = 0) and daily mean AOD.
DATA_INFO:
UNCERTAINTY: Data uncertainties are +/- 20%.  These come from uncertainties in radiometer angular response, radiometer thermal response, local interferences from clouds/aerosols/shadows etc.
ULOD_FLAG: -7777
ULOD_VALUE: N/A
LLOD_FLAG: -8888
LLOD_VALUE: N/A
DM_CONTACT_INFO: eleanor.waxman@noaa.gov
PROJECT_INFO: USOS Project, July - August 2024
STIPULATIONS_ON_USE: Users are strongly encouraged to contact the PI for proper data usage.
OTHER_COMMENTS: 
REVISION: R0
R0: final data
Time_Start, Time_Stop, jNO2_meas, jBrCl, jBr2, jCCl4, jCH2Oa, jCH2Ob, jClNO2, jClOa, jClOb, jCl2, jHNO2, jHNO3, jI2, jNO2, jNO3a, jNO3b, jN2O5, jO3, AOD_500nm
[from data line 1225]
   73500,   73560,0.0077968,0.0103,0.03081,4.318e-22,3.219e-05,4.743e-05,0.0004668,2.08e-22,4.851e-05,0.002264,0.00147,5.873e-07,0.1085,0.008971,0.0208,0.1675,4.205e-05,3.194e-05,0.093
   73560,   73620,0.0080119,0.0103,0.0308,4.199e-22,3.216e-05,4.74e-05,0.0004665,2.022e-22,4.842e-05,0.002263,0.001469,5.866e-07,0.1085,0.008968,0.0208,0.1675,4.202e-05,3.188e-05,0.093
   73620,   73680,0.0081433,0.0103,0.03079,4.074e-22,3.213e-05,4.737e-05,0.0004662,1.961e-22,4.834e-05,0.002262,0.001468,5.858e-07,0.1085,0.008965,0.0208,0.1674,4.199e-05,3.182e-05,0.093
   73680,   73740,0.0084124,0.0103,0.03079,3.95e-22,3.21e-05,4.734e-05,0.0004659,1.901e-22,4.825e-05,0.002261,0.001468,5.851e-07,0.1085,0.008961,0.0208,0.1674,4.195e-05,3.176e-05,0.093
   73740,   73800,0.0084402,0.01029,0.03078,3.835e-22,3.207e-05,4.731e-05,0.0004656,1.845e-22,4.816e-05,0.00226,0.001467,5.843e-07,0.1085,0.008958,0.02079,0.1674,4.192e-05,3.17e-05,0.093
   73800,   73860,0.0081999,0.01029,0.03078,3.714e-22,3.204e-05,4.728e-05,0.0004653,1.786e-22,4.807e-05,0.002258,0.001467,5.835e-07,0.1085,0.008954,0.02079,0.1674,4.189e-05,3.164e-05,0.093
   73860,   73920,0.0081695,0.01029,0.03077,3.595e-22,3.201e-05,4.724e-05,0.0004649,1.728e-22,4.797e-05,0.002257,0.001466,5.826e-07,0.1085,0.00895,0.02079,0.1674,4.185e-05,3.157e-05,0.093
   73920,   73980,0.0084234,0.01028,0.03076,3.485e-22,3.198e-05,4.721e-05,0.0004646,1.675e-22,4.788e-05,0.002256,0.001465,5.818e-07,0.1084,0.008947,0.02079,0.1673,4.182e-05,3.151e-05,0.093
   73980,   74040,0.0085486,0.01028,0.03076,3.371e-22,3.194e-05,4.718e-05,0.0004643,1.619e-22,4.778e-05,0.002255,0.001464,5.81e-07,0.1084,0.008943,0.02079,0.1673,4.178e-05,3.144e-05,0.093
   74040,   74100,0.0084752,0.01028,0.03075,3.258e-22,3.191e-05,4.714e-05,0.0004639,1.564e-22,4.769e-05,0.002253,0.001464,5.801e-07,0.1084,0.008939,0.02078,0.1673,4.175e-05,3.137e-05,0.093
   74100,   74160,0.0084789,0.01027,0.03074,3.153e-22,3.188e-05,4.711e-05,0.0004636,1.513e-22,4.759e-05,0.002252,0.001463,5.793e-07,0.1084,0.008935,0.02078,0.1673,4.171e-05,3.131e-05,0.093
   74160,   74220,0.0085317,0.01027,0.03074,3.044e-22,3.184e-05,4.707e-05,0.0004633,1.46e-22,4.749e-05,0.002251,0.001462,5.784e-07,0.1084,0.008931,0.02078,0.1672,4.167e-05,3.124e-05,0.093
   74220,   74280,0.0084927,0.01027,0.03073,2.938e-22,3.181e-05,4.703e-05,0.0004629,1.409e-22,4.739e-05,0.002249,0.001462,5.775e-07,0.1084,0.008927,0.02078,0.1672,4.164e-05,3.117e-05,0.093
   74280,   74340,0.0084708,0.01026,0.03072,2.84e-22,3.177e-05,4.7e-05,0.0004626,1.361e-22,4.729e-05,0.002248,0.001461,5.766e-07,0.1083,0.008923,0.02077,0.1672,4.16e-05,3.11e-05,0.093
   74340,   74400,0.0084712,0.01026,0.03072,2.738e-22,3.174e-05,4.696e-05,0.0004622,1.312e-22,4.718e-05,0.002247,0.00146,5.757e-07,0.1083,0.008919,0.02077,0.1672,4.156e-05,3.103e-05,0.093
   74400,   74460,0.0084804,0.01026,0.03071,2.638e-22,3.17e-05,4.692e-05,0.0004618,1.263e-22,4.707e-05,0.002245,0.001459,5.747e-07,0.1083,0.008914,0.02077,0.1671,4.152e-05,3.095e-05,0.093
   74460,   74520,0.0084405,0.01025,0.0307,2.545e-22,3.166e-05,4.689e-05,0.0004614,1.218e-22,4.697e-05,0.002244,0.001459,5.738e-07,0.1083,0.00891,0.02077,0.1671,4.148e-05,3.088e-05,0.093
   74520,   74580,0.0082703,0.01025,0.03069,2.45e-22,3.163e-05,4.685e-05,0.000461,1.172e-22,4.686e-05,0.002242,0.001458,5.728e-07,0.1083,0.008905,0.02076,0.1671,4.144e-05,3.081e-05,0.093
   74580,   74640,0.008434,0.01025,0.03068,2.357e-22,3.159e-05,4.681e-05,0.0004607,1.127e-22,4.675e-05,0.002241,0.001457,5.718e-07,0.1083,0.008901,0.02076,0.1671,4.14e-05,3.073e-05,0.093
   74640,   74700,0.0083775,0.01024,0.03068,2.271e-22,3.155e-05,4.677e-05,0.0004603,1.086e-22,4.664e-05,0.002239,0.001456,5.709e-07,0.1082,0.008896,0.02076,0.167,4.136e-05,3.066e-05,0.093
   74700,   74760,0.0081422,0.01024,0.03067,2.183e-22,3.151e-05,4.673e-05,0.0004599,1.043e-22,4.653e-05,0.002238,0.001455,5.699e-07,0.1082,0.008892,0.02076,0.167,4.131e-05,3.058e-05,0.093
   74760,   74820,0.0080139,0.01023,0.03066,2.096e-22,3.147e-05,4.668e-05,0.0004594,1.001e-22,4.641e-05,0.002236,0.001454,5.688e-07,0.1082,0.008887,0.02075,0.167,4.127e-05,3.05e-05,0.093
   74820,   74880,0.0078265,0.01023,0.03065,2.017e-22,3.143e-05,4.664e-05,0.0004591,9.626e-23,4.63e-05,0.002235,0.001453,5.679e-07,0.1082,0.008882,0.02075,0.167,4.123e-05,3.042e-05,0.093
   74880,   74940,0.008155,0.01023,0.03064,1.936e-22,3.139e-05,4.66e-05,0.0004586,9.231e-23,4.618e-05,0.002233,0.001453,5.668e-07,0.1082,0.008877,0.02075,0.1669,4.118e-05,3.034e-05,0.093
   74940,   75000,0.0082955,0.01022,0.03064,1.857e-22,3.135e-05,4.656e-05,0.0004582,8.849e-23,4.606e-05,0.002232,0.001452,5.657e-07,0.1081,0.008872,0.02074,0.1669,4.114e-05,3.026e-05,0.093
   75000,   75060,0.0084768,0.01022,0.03063,1.784e-22,3.131e-05,4.651e-05,0.0004578,8.499e-23,4.595e-05,0.00223,0.001451,5.647e-07,0.1081,0.008868,0.02074,0.1669,4.109e-05,3.018e-05,0.093
   75060,   75120,0.0084255,0.01021,0.03062,1.71e-22,3.127e-05,4.647e-05,0.0004573,8.138e-23,4.583e-05,0.002228,0.00145,5.636e-07,0.1081,0.008862,0.02074,0.1668,4.105e-05,3.01e-05,0.093
   75120,   75180,0.0083188,0.01021,0.03061,1.637e-22,3.122e-05,4.642e-05,0.0004569,7.786e-23,4.57e-05,0.002227,0.001449,5.625e-07,0.1081,0.008857,0.02073,0.1668,4.1e-05,3.001e-05,0.093
   75180,   75240,0.0075092,0.01021,0.0306,1.571e-22,3.118e-05,4.638e-05,0.0004565,7.468e-23,4.558e-05,0.002225,0.001448,5.615e-07,0.108,0.008852,0.02073,0.1668,4.095e-05,2.993e-05,0.093
   75240,   75300,0.006697,0.0102,0.03059,1.503e-22,3.114e-05,4.633e-05,0.000456,7.14e-23,4.546e-05,0.002223,0.001447,5.603e-07,0.108,0.008847,0.02073,0.1668,4.091e-05,2.984e-05,0.093
   75300,   75360,0.0064143,0.0102,0.03058,1.438e-22,3.109e-05,4.628e-05,0.0004555,6.823e-23,4.533e-05,0.002221,0.001446,5.592e-07,0.108,0.008841,0.02072,0.1667,4.086e-05,2.976e-05,0.093
   75360,   75420,0.0047999,0.01019,0.03057,1.378e-22,3.105e-05,4.624e-05,0.0004551,6.535e-23,4.521e-05,0.00222,0.001445,5.581e-07,0.108,0.008836,0.02072,0.1667,4.081e-05,2.967e-05,0.093
   75420,   75480,0.0038269,0.01019,0.03056,1.317e-22,3.1e-05,4.619e-05,0.0004546,6.239e-23,4.507e-05,0.002218,0.001444,5.569e-07,0.108,0.008831,0.02072,0.1667,4.076e-05,2.958e-05,0.093
   75480,   75540,0.0035291,0.01018,0.03055,1.257e-22,3.095e-05,4.614e-05,0.0004541,5.952e-23,4.494e-05,0.002216,0.001443,5.557e-07,0.1079,0.008825,0.02071,0.1666,4.071e-05,2.949e-05,0.093
   75540,   75600,0.0034848,0.01018,0.03054,1.203e-22,3.091e-05,4.609e-05,0.0004537,5.693e-23,4.482e-05,0.002214,0.001442,5.546e-07,0.1079,0.008819,0.02071,0.1666,4.066e-05,2.941e-05,0.093
   75600,   75660,0.0035219,0.01017,0.03053,1.148e-22,3.086e-05,4.604e-05,0.0004532,5.427e-23,4.468e-05,0.002212,0.001441,5.534e-07,0.1079,0.008814,0.02071,0.1666,4.061e-05,2.931e-05,0.093
   75660,   75720,0.0035509,0.01017,0.03052,1.095e-22,3.081e-05,4.599e-05,0.0004527,5.172e-23,4.455e-05,0.00221,0.00144,5.522e-07,0.1079,0.008808,0.0207,0.1665,4.056e-05,2.922e-05,0.093
   75720,   75780,0.003916,0.01016,0.03051,1.047e-22,3.077e-05,4.594e-05,0.0004522,4.94e-23,4.442e-05,0.002209,0.001439,5.51e-07,0.1078,0.008802,0.0207,0.1665,4.05e-05,2.913e-05,0.093
   75780,   75840,0.0038683,0.01016,0.0305,9.972e-23,3.072e-05,4.589e-05,0.0004517,4.702e-23,4.428e-05,0.002207,0.001438,5.497e-07,0.1078,0.008796,0.0207,0.1665,4.045e-05,2.904e-05,0.093
   75840,   75900,0.004215,0.01015,0.03049,9.499e-23,3.067e-05,4.583e-05,0.0004511,4.474e-23,4.414e-05,0.002205,0.001437,5.485e-07,0.1078,0.00879,0.02069,0.1664,4.04e-05,2.894e-05,0.093
   75900,   75960,0.0038974,0.01015,0.03048,9.07e-23,3.062e-05,4.578e-05,0.0004506,4.268e-23,4.4e-05,0.002203,0.001436,5.473e-07,0.1078,0.008784,0.02069,0.1664,4.034e-05,2.885e-05,0.093
   75960,   76020,0.0040455,0.01014,0.03047,8.634e-23,3.057e-05,4.573e-05,0.0004501,4.059e-23,4.386e-05,0.002201,0.001434,5.46e-07,0.1077,0.008777,0.02068,0.1663,4.029e-05,2.875e-05,0.093
   76020,   76080,0.0044886,0.01014,0.03046,8.214e-23,3.052e-05,4.567e-05,0.0004496,3.857e-23,4.372e-05,0.002199,0.001433,5.447e-07,0.1077,0.008771,0.02068,0.1663,4.023e-05,2.865e-05,0.093
   76080,   76140,0.003874,0.01013,0.03045,7.838e-23,3.047e-05,4.562e-05,0.0004491,3.679e-23,4.358e-05,0.002197,0.001432,5.435e-07,0.1077,0.008765,0.02068,0.1663,4.018e-05,2.856e-05,0.093
   76140,   76200,0.0036963,0.01013,0.03043,7.446e-23,3.041e-05,4.557e-05,0.0004485,3.489e-23,4.343e-05,0.002194,0.001431,5.421e-07,0.1076,0.008758,0.02067,0.1662,4.012e-05,2.846e-05,0.093
   76200,   76260,0.0035563,0.01012,0.03042,7.072e-23,3.036e-05,4.551e-05,0.0004479,3.307e-23,4.329e-05,0.002192,0.00143,5.408e-07,0.1076,0.008752,0.02067,0.1662,4.006e-05,2.836e-05,0.093
   76260,   76320,0.0034252,0.01012,0.03041,6.73e-23,3.031e-05,4.545e-05,0.0004474,3.146e-23,4.315e-05,0.00219,0.001429,5.395e-07,0.1076,0.008745,0.02066,0.1661,4.001e-05,2.826e-05,0.093
   76320,   76380,0.0033207,0.01011,0.0304,6.414e-23,3.026e-05,4.54e-05,0.0004468,2.992e-23,4.3e-05,0.002188,0.001427,5.382e-07,0.1076,0.008739,0.02066,0.1661,3.995e-05,2.816e-05,0.093
   76380,   76440,0.0032128,0.0101,0.03039,6.084e-23,3.02e-05,4.534e-05,0.0004463,2.837e-23,4.285e-05,0.002186,0.001426,5.368e-07,0.1075,0.008732,0.02066,0.1661,3.989e-05,2.806e-05,0.093
   76440,   76500,0.0031199,0.0101,0.03037,5.788e-23,3.015e-05,4.528e-05,0.0004457,2.694e-23,4.27e-05,0.002184,0.001425,5.355e-07,0.1075,0.008725,0.02065,0.166,3.983e-05,2.796e-05,0.093
   76500,   76560,0.0030362,0.01009,0.03036,5.49e-23,3.009e-05,4.522e-05,0.0004451,2.553e-23,4.255e-05,0.002181,0.001424,5.341e-07,0.1075,0.008718,0.02065,0.166,3.977e-05,2.786e-05,0.093
   76560,   76620,0.0029642,0.01009,0.03035,5.214e-23,3.003e-05,4.516e-05,0.0004445,2.418e-23,4.24e-05,0.002179,0.001422,5.327e-07,0.1074,0.008711,0.02064,0.1659,3.97e-05,2.775e-05,0.093
   76620,   76680,0.0028962,0.01008,0.03034,4.957e-23,2.998e-05,4.51e-05,0.000444,2.299e-23,4.225e-05,0.002177,0.001421,5.313e-07,0.1074,0.008704,0.02064,0.1659,3.964e-05,2.765e-05,0.093
   76680,   76740,0.0028251,0.01007,0.03032,4.691e-23,2.992e-05,4.504e-05,0.0004434,2.173e-23,4.209e-05,0.002175,0.00142,5.299e-07,0.1074,0.008697,0.02063,0.1658,3.958e-05,2.754e-05,0.093
   76740,   76800,0.0027604,0.01007,0.03031,4.457e-23,2.986e-05,4.497e-05,0.0004427,2.058e-23,4.193e-05,0.002172,0.001418,5.285e-07,0.1073,0.008689,0.02063,0.1658,3.952e-05,2.743e-05,0.093
   76800,   76860,0.0026935,0.01006,0.0303,4.229e-23,2.981e-05,4.491e-05,0.0004422,1.951e-23,4.178e-05,0.00217,0.001417,5.271e-07,0.1073,0.008682,0.02062,0.1657,3.946e-05,2.733e-05,0.093
   76860,   76920,0.0026268,0.01006,0.03028,4.008e-23,2.975e-05,4.485e-05,0.0004415,1.846e-23,4.162e-05,0.002168,0.001416,5.256e-07,0.1073,0.008675,0.02062,0.1657,3.939e-05,2.722e-05,0.093
   76920,   76980,0.0025585,0.01005,0.03026,3.794e-23,2.969e-05,4.478e-05,0.0004408,1.745e-23,4.147e-05,0.002165,0.001414,5.242e-07,0.1072,0.008665,0.02061,0.1656,3.932e-05,2.712e-05,0.093
   76980,   77040,0.0024836,0.01004,0.03024,3.383e-23,2.959e-05,4.468e-05,0.0004399,1.571e-23,4.127e-05,0.002161,0.001412,5.221e-07,0.1072,0.008655,0.0206,0.1656,3.922e-05,2.698e-05,0.093
   77040,   77100,0.0024068,0.01003,0.03023,3.273e-23,2.953e-05,4.461e-05,0.0004392,1.511e-23,4.107e-05,0.002159,0.001411,5.205e-07,0.1071,0.008647,0.0206,0.1655,3.916e-05,2.686e-05,0.093
   77100,   77160,0.0023247,0.01003,0.03022,3.081e-23,2.947e-05,4.455e-05,0.0004386,1.413e-23,4.094e-05,0.002156,0.001409,5.191e-07,0.1071,0.008639,0.02059,0.1654,3.909e-05,2.676e-05,0.093
   77160,   77220,0.0022412,0.01002,0.0302,2.928e-23,2.941e-05,4.449e-05,0.000438,1.342e-23,4.076e-05,0.002154,0.001408,5.176e-07,0.1071,0.008631,0.02059,0.1654,3.902e-05,2.664e-05,0.093
   77220,   77280,0.0021551,0.01001,0.03019,2.8e-23,2.935e-05,4.442e-05,0.0004373,1.277e-23,4.062e-05,0.002151,0.001407,5.161e-07,0.107,0.008623,0.02058,0.1653,3.896e-05,2.654e-05,0.093
   77280,   77340,0.0020717,0.01001,0.03017,2.634e-23,2.929e-05,4.435e-05,0.0004366,1.203e-23,4.044e-05,0.002149,0.001405,5.144e-07,0.107,0.008615,0.02057,0.1653,3.889e-05,2.641e-05,0.093
   77340,   77400,0.0019807,0.009999,0.03016,2.529e-23,2.923e-05,4.428e-05,0.000436,1.147e-23,4.025e-05,0.002146,0.001404,5.13e-07,0.1069,0.008607,0.02057,0.1652,3.882e-05,2.63e-05,0.093
   77400,   77460,0.0018932,0.009992,0.03014,2.403e-23,2.916e-05,4.421e-05,0.0004353,1.094e-23,4.01e-05,0.002143,0.001402,5.114e-07,0.1069,0.008599,0.02056,0.1652,3.875e-05,2.619e-05,0.093
   77460,   77520,0.0018072,0.009984,0.03013,2.274e-23,2.91e-05,4.414e-05,0.0004346,1.025e-23,3.994e-05,0.002141,0.001401,5.098e-07,0.1069,0.00859,0.02056,0.1651,3.868e-05,2.607e-05,0.093
   77520,   77580,0.0017254,0.009977,0.03011,2.153e-23,2.903e-05,4.407e-05,0.0004339,9.75e-24,3.974e-05,0.002138,0.001399,5.082e-07,0.1068,0.008582,0.02055,0.1651,3.861e-05,2.595e-05,0.093
   77580,   77640,0.001646,0.00997,0.03009,2.047e-23,2.897e-05,4.4e-05,0.0004332,9.18e-24,3.958e-05,0.002135,0.001398,5.066e-07,0.1068,0.008574,0.02055,0.165,3.853e-05,2.584e-05,0.093
   77640,   77700,0.001567,0.009963,0.03008,1.937e-23,2.89e-05,4.393e-05,0.0004325,8.711e-24,3.94e-05,0.002133,0.001396,5.049e-07,0.1068,0.008565,0.02054,0.165,3.846e-05,2.571e-05,0.093
   77700,   77760,0.0014979,0.009955,0.03006,1.84e-23,2.884e-05,4.386e-05,0.0004319,8.228e-24,3.926e-05,0.00213,0.001394,5.035e-07,0.1067,0.008556,0.02053,0.1649,3.839e-05,2.561e-05,0.093
   77760,   77820,0.0014253,0.009948,0.03005,1.74e-23,2.877e-05,4.378e-05,0.0004311,7.776e-24,3.906e-05,0.002127,0.001393,5.018e-07,0.1067,0.008548,0.02053,0.1649,3.831e-05,2.548e-05,0.093
   77820,   77880,0.0013609,0.00994,0.03003,1.649e-23,2.87e-05,4.371e-05,0.0004304,7.345e-24,3.887e-05,0.002124,0.001391,5e-07,0.1066,0.008538,0.02052,0.1648,3.824e-05,2.534e-05,0.093
   77880,   77940,0.0013032,0.009933,0.03001,1.565e-23,2.863e-05,4.364e-05,0.0004297,6.951e-24,3.87e-05,0.002121,0.00139,4.985e-07,0.1066,0.00853,0.02052,0.1647,3.817e-05,2.523e-05,0.093
   77940,   78000,0.0012533,0.009925,0.03,1.475e-23,2.856e-05,4.356e-05,0.0004289,6.557e-24,3.852e-05,0.002118,0.001388,4.967e-07,0.1065,0.008521,0.02051,0.1647,3.809e-05,2.51e-05,0.093
   78000,   78060,0.0012046,0.009917,0.02998,1.395e-23,2.849e-05,4.348e-05,0.0004282,6.187e-24,3.833e-05,0.002116,0.001386,4.95e-07,0.1065,0.008511,0.0205,0.1646,3.801e-05,2.497e-05,0.093
   78060,   78120,0.0011588,0.009909,0.02996,1.322e-23,2.842e-05,4.341e-05,0.0004275,5.837e-24,3.815e-05,0.002113,0.001385,4.934e-07,0.1065,0.008502,0.0205,0.1646,3.794e-05,2.485e-05,0.093
   78120,   78180,0.001117,0.009901,0.02994,1.25e-23,2.835e-05,4.333e-05,0.0004267,5.485e-24,3.797e-05,0.00211,0.001383,4.917e-07,0.1064,0.008493,0.02049,0.1645,3.786e-05,2.473e-05,0.093
   78180,   78240,0.0010808,0.009892,0.02992,1.186e-23,2.828e-05,4.325e-05,0.0004259,5.164e-24,3.779e-05,0.002107,0.001381,4.9e-07,0.1064,0.008483,0.02048,0.1644,3.778e-05,2.461e-05,0.093
   78240,   78300,0.0010432,0.009884,0.02991,1.131e-23,2.822e-05,4.318e-05,0.0004252,4.908e-24,3.762e-05,0.002104,0.00138,4.884e-07,0.1063,0.008474,0.02048,0.1644,3.771e-05,2.45e-05,0.093
   78300,   78360,0.0010164,0.009876,0.02989,1.075e-23,2.814e-05,4.31e-05,0.0004244,4.657e-24,3.745e-05,0.002101,0.001378,4.867e-07,0.1063,0.008464,0.02047,0.1643,3.763e-05,2.438e-05,0.093
   78360,   78420,0.00098493,0.009867,0.02987,1.021e-23,2.807e-05,4.301e-05,0.0004236,4.411e-24,3.727e-05,0.002098,0.001376,4.85e-07,0.1062,0.008454,0.02046,0.1642,3.754e-05,2.425e-05,0.093
   78420,   78480,0.00095388,0.009859,0.02985,9.721e-24,2.8e-05,4.294e-05,0.0004229,4.189e-24,3.71e-05,0.002095,0.001374,4.834e-07,0.1062,0.008445,0.02045,0.1642,3.747e-05,2.414e-05,0.093
   78480,   78540,0.0009256,0.00985,0.02983,9.228e-24,2.793e-05,4.285e-05,0.0004221,3.964e-24,3.691e-05,0.002091,0.001372,4.816e-07,0.1061,0.008435,0.02045,0.1641,3.739e-05,2.401e-05,0.093
   78540,   78600,0.00090086,0.009841,0.02981,8.764e-24,2.785e-05,4.277e-05,0.0004213,3.752e-24,3.673e-05,0.002088,0.001371,4.798e-07,0.1061,0.008424,0.02044,0.164,3.73e-05,2.389e-05,0.093
