CampaignData_and_Merges/R0/CSL_MobileLab_Parked/raw/20240805/USOS-NOy-LIF_MobileLabGround_20240805_R0.ict
39,1001
Rollins, A.; Waxman, E.; Zuraski, K.; Chace, W.
NOAA Chemical Sciences Laboratory
LIF NO/NOx/NOy on CSL Mobile Lab
AMMBEC / USOS
1, 1
2024,08,05, 2025,01,04
1
Time_Start, seconds, number_of_seconds_since_0000_UTC
7
1, 1, 1, 1, 1, 1, 1
-9999, -9999, -9999, -9999, -9999, -9999, -9999
Time_Stop, seconds, number_of_seconds_since_0000_UTC
NO_LIF, pptv, Gas_NO_InSitu_S_AVMR, volume mixing ratio of nitric oxide in air
NO2_LIF, pptv, Gas_NO2_InSitu_S_AVMR, volume mixing ratio of nitrogen dioxide in air
NOy_LIF, pptv, Gas_NOy_InSitu_S_AVMR, volume mixing ratio of total oxidized nitrogen in air
NO_LIF_1SigmaAccuracy, pptv, Gas_NO_InSitu_S_AVMR, volume mixing ratio of nitric oxide in air
NO2_LIF_1SigmaAccuracy, pptv, Gas_NO2_InSitu_S_AVMR, volume mixing ratio of nitrogen dioxide in air
NOy_LIF_1SigmaAccuracy, pptv, Gas_NOy_InSitu_S_AVMR, volume mixing ratio of total oxidized nitrogen in air
0
18
PI_CONTACT_INFO: andrew.rollins@noaa.gov
PLATFORM: CSL Mobile Lab
LOCATION: Salt Lake City, UT
ASSOCIATED_DATA:
INSTRUMENT_INFO: NO detection by laser induced fluorescence. NO2 detection by photolytic conversion to NO. NOy detection by catalytic conversion to NO on gold surface
DATA_INFO:
UNCERTAINTY: Included 1 Sigma Accuracy waves represent the combined calibration uncertainties (±6%, ±9%, ±10%) and zero uncertainties (3 ppt, 20 ppt, 100 ppt) for NO, NO2, and NOy, respectively.
ULOD_FLAG: -7777
ULOD_VALUE: N/A
LLOD_FLAG: -8888
LLOD_VALUE: N/A
DM_CONTACT_INFO: andrew.rollins@noaa.gov
PROJECT_INFO: USOS Project, July - August 2024
STIPULATIONS_ON_USE: Users are strongly encouraged to contact the PI for proper data usage.
OTHER_COMMENTS:
REVISION: R0
R0: final data
Time_Start, Time_Stop, NO_LIF, NO2_LIF, NOy_LIF, NO_LIF_1SigmaAccuracy, NO2_LIF_1SigmaAccuracy, NOy_LIF_1SigmaAccuracy
[from data line 1067]
   64020,   64080,326.36,1465.9,3165.9,22.582, 151.93, 416.59
   64080,   64140,358.08,1619.6,3559.2,24.485, 165.76, 455.92
   64140,   64200,353.01,1568.3,3484.3,24.18, 161.15, 448.43
   64200,   64260,343.1,1538.7,3423.4,23.586, 158.48, 442.34
   64260,   64320,323,1391.4,3187,22.38, 145.23, 418.7
   64320,   64380,363.99,1545.7,3333.2,24.84, 159.12, 433.32
   64380,   64440,427.88,1670.1,3543.9,28.673, 170.31, 454.39
   64440,   64500,368.69,1585.3,3418.9,25.122, 162.68, 441.89
   64500,   64560,360.5,1552.1,3389.1,24.63, 159.69, 438.91
   64560,   64620,372.7,1642.4,3517.1,25.362, 167.82, 451.71
   64620,   64680,373.12,1703.3,3539.8,25.387, 173.29, 453.98
   64680,   64740,408.06,1710.2,3591.2,27.483, 173.91, 459.12
   64740,   64800,803.32,2354.9,4027.2,51.199, 231.94, 502.72
   64800,   64860,462.74,1794.8,3645.8,30.765, 181.53, 464.58
   64860,   64920,330.65,1376.9,3165,22.839, 143.92, 416.5
   64920,   64980,333.02,1454.5,3169.5,22.981, 150.91, 416.95
   64980,   65040,799.8,2754.7,4633.3,50.988, 267.92, 563.33
   65040,   65100,2081,5528.6,8699.2,127.86, 517.57, 969.92
   65100,   65160,391.54,1666.8,3513.8,26.492, 170.01, 451.38
   65160,   65220,366.35,1570.6,3403.4,24.981, 161.35, 440.34
   65220,   65280,391.58,1685.8,3529.1,26.495, 171.72, 452.91
   65280,   65340,394.81,1660.2,3587.5,26.689, 169.42, 458.75
   65340,   65400,410.78,1716.8,3729,27.647, 174.51, 472.9
   65400,   65460,424.03,1830.3,3815.1,28.442, 184.73, 481.51
   65460,   65520,400.31,1820.9,3805.1,27.019, 183.88, 480.51
   65520,   65580,383.5,1736.3,3717.4,26.01, 176.27, 471.74
   65580,   65640,375.23,1773.3,3671.9,25.514, 179.59, 467.19
   65640,   65700,351.12,1859.1,3744.9,24.067, 187.32, 474.49
   65700,   65760,348.37,1811.1,3625.1,23.902, 183, 462.51
   65760,   65820,428.81,2074.2,3831,28.729, 206.67, 483.1
   65820,   65880,389.81,1918.2,3869,26.388, 192.63, 486.9
   65880,   65940,419.31,2081.4,3962.8,28.159, 207.33, 496.28
   65940,   66000,455.17,2042.9,4145.4,30.31, 203.86, 514.54
   66000,   66060,452.32,2037.2,4147.8,30.139, 203.35, 514.78
   66060,   66120,545.02,2290.4,4746.8,35.701, 226.14, 574.68
   66120,   66180,531.84,2388.4,4706.2,34.911, 234.96, 570.62
   66180,   66240,520.75,2321.5,4741.5,34.245, 228.93, 574.15
   66240,   66300,527.71,2282.6,4717.8,34.663, 225.44, 571.78
   66300,   66360,540.89,2395.1,4930.8,35.453, 235.56, 593.08
   66360,   66420,587.36,2544.4,5124.7,38.242, 249, 612.47
   66420,   66480,588.4,2545.4,5203,38.304, 249.09, 620.3
   66480,   66540,540.19,2375.5,4958.3,35.411, 233.79, 595.83
   66540,   66600,435.3,2044.9,4468.6,29.118, 204.04, 546.86
   66600,   66660,418.85,2021.2,4080.5,28.131, 201.91, 508.05
   66660,   66720,465.38,2263.8,4695.9,30.923, 223.74, 569.59
   66720,   66780,521.38,2399.1,5044.9,34.283, 235.92, 604.49
   66780,   66840,486.84,2342.1,4856.1,32.21, 230.79, 585.61
   66840,   66900,514.9,2468.3,5037.6,33.894, 242.15, 603.76
   66900,   66960,494.13,2503,5051.7,32.648, 245.27, 605.17
   66960,   67020,498.9,2571.6,5124.2,32.934, 251.44, 612.42
   67020,   67080,491.78,2542.7,5106.7,32.507, 248.84, 610.67
   67080,   67140,516.61,2499.1,5202.3,33.997, 244.92, 620.23
   67140,   67200,836.68,3412.7,6658.2,53.201, 327.15, 765.82
   67200,   67260,541.88,2778.8,5517.3,35.513, 270.09, 651.73
   67260,   67320,469.25,2367.8,4997.8,31.155, 233.1, 599.78
   67320,   67380,447.08,2383.4,4988.2,29.825, 234.51, 598.82
   67380,   67440,456.77,2354.7,5056.1,30.406, 231.93, 605.61
   67440,   67500,476.13,2403.8,5124,31.568, 236.35, 612.4
   67500,   67560,463.02,2355.5,4956,30.781, 232, 595.6
   67560,   67620,492.83,2352.2,4993.5,32.57, 231.7, 599.35
   67620,   67680,448.07,2303.1,4891.7,29.884, 227.28, 589.17
   67680,   67740,470.39,2387.1,5047.9,31.224, 234.84, 604.79
   67740,   67800,481.39,2364.9,4969.4,31.883, 232.84, 596.94
   67800,   67860,496.56,2485.1,4978.3,32.793, 243.65, 597.83
   67860,   67920,499.64,2543.7,5207.3,32.979, 248.93, 620.73
   67920,   67980,506.71,2600.1,5363.6,33.403, 254.01, 636.36
   67980,   68040,482.64,2514.6,5279,31.958, 246.31, 627.9
   68040,   68100,478.29,2537.8,5216,31.697, 248.41, 621.6
   68100,   68160,486.89,2479.3,5120.4,32.213, 243.14, 612.04
   68160,   68220,448.42,2276.4,4723.9,29.905, 224.88, 572.39
   68220,   68280,1282.7,4198.7,6073.2,79.964, 397.88, 707.32
   68280,   68340,1080.9,3909.6,7290.4,67.855, 371.86, 829.04
   68340,   68400,484.21,2355.4,4817.3,32.053, 231.99, 581.73
   68400,   68460,451.42,2213.1,4576.2,30.085, 219.18, 557.62
   68460,   68520,460.06,2249.2,4552.2,30.604, 222.43, 555.22
   68520,   68580,609.78,2719.8,5174.7,39.587, 264.78, 617.47
   68580,   68640,403.9,1777,3530.9,27.234, 179.93, 453.09
   68640,   68700,373.65,1597.2,3172.5,25.419, 163.75, 417.25
   68700,   68760,385.23,1566.7,2939.2,26.114, 161.01, 393.92
   68760,   68820,335.89,1314.4,2559.8,23.153, 138.3, 355.98
   68820,   68880,284.51,1148.4,2162.7,20.071, 123.35, 316.27
   68880,   68940,325.03,1205.5,2558.6,22.502, 128.5, 355.86
   68940,   69000,701.1,1710,2734.1,45.066, 173.9, 373.41
   69000,   69060,315.16,1302.7,2553.4,21.909, 137.24, 355.34
   69060,   69120,321.96,1329.2,2645.8,22.317, 139.63, 364.58
   69120,   69180,596.98,1657.3,3068.2,38.819, 169.16, 406.82
   69180,   69240,237.89,1001.9,2238.2,17.273, 110.17, 323.82
   69240,   69300,620.05,2118.8,3135.3,40.203, 210.69, 413.53
   69300,   69360,399.21,1533.3,3056.3,26.953, 157.99, 405.63
   69360,   69420,586.62,2031.7,3514.6,38.197, 202.85, 451.46
   69420,   69480,824.75,2925.4,4683,52.485, 283.28, 568.3
   69480,   69540,411.16,1781.7,3492.3,27.669, 180.35, 449.23
   69540,   69600,392.72,1736.8,3414.6,26.563, 176.31, 441.46
   69600,   69660,371.64,1566.1,3192.4,25.299, 160.95, 419.24
   69660,   69720,606.76,2064.2,3840.8,39.406, 205.78, 484.08
   69720,   69780,318.18,1442.1,2947.2,22.091, 149.79, 394.72
   69780,   69840,301.77,1352,2836.1,21.106, 141.68, 383.61
   69840,   69900,799.07,2363.9,3705.6,50.944, 232.76, 470.56
   69900,   69960,957.22,3127,5146,60.433, 301.43, 614.6
   69960,   70020,448.6,1872.4,3626.6,29.916, 188.52, 462.66
   70020,   70080,703.62,2334.8,4281.9,45.217, 230.13, 528.19
   70080,   70140,386.93,1606.2,3222.9,26.216, 164.56, 422.29
   70140,   70200,394.41,1747,3406.4,26.665, 177.23, 440.64
   70200,   70260,397.34,1768.3,3601.9,26.841, 179.15, 460.19
   70260,   70320,372.15,1777.7,3551.4,25.329, 179.99, 455.14
   70320,   70380,359.57,1803.1,3581.1,24.574, 182.28, 458.11
   70380,   70440,488.94,1806,3657,32.336, 182.54, 465.7
   70440,   70500,-9999,-9999,-9999,-9999, -9999, -9999
   70500,   70560,-9999,-9999,-9999,-9999, -9999, -9999
   70560,   70620,-9999,-9999,-9999,-9999, -9999, -9999
   70620,   70680,-9999,-9999,-9999,-9999, -9999, -9999
   70680,   70740,-9999,-9999,-9999,-9999, -9999, -9999
   70740,   70800,-9999,-9999,-9999,-9999, -9999, -9999
   70800,   70860,-9999,-9999,-9999,-9999, -9999, -9999
   70860,   70920,212.22,910.63,2073.4,15.733, 101.96, 307.34
   70920,   70980,288.78,1187.8,2346.5,20.327, 126.9, 334.65
   70980,   71040,230.25,1022.5,2178.2,16.815, 112.03, 317.82
   71040,   71100,209.15,964.05,2127.4,15.549, 106.76, 312.74
   71100,   71160,199.76,963.64,2172.5,14.986, 106.73, 317.25
   71160,   71220,274.83,1238.2,2541.6,19.49, 131.43, 354.16
   71220,   71280,359.58,1927.5,3523.4,24.575, 193.47, 452.34
   71280,   71340,537.62,3303.8,4431.4,35.257, 317.35, 543.14
   71340,   71400,720.82,2722,4903.4,46.249, 264.98, 590.34
   71400,   71460,402.24,1729.7,3643.4,27.134, 175.67, 464.34
   71460,   71520,485.1,1845.1,2997.1,32.106, 186.06, 399.71
   71520,   71580,639.54,2383,4057,41.373, 234.47, 505.7
   71580,   71640,622.54,2346.8,4106.9,40.352, 231.21, 510.69
   71640,   71700,355.99,1608.6,3119.9,24.359, 164.78, 411.99
   71700,   71760,285.89,1355.8,2752.1,20.154, 142.02, 375.21
   71760,   71820,288.41,1376,2886.5,20.305, 143.84, 388.65
   71820,   71880,299.5,1502.1,3021.8,20.97, 155.19, 402.18
   71880,   71940,281.04,1366.9,2846.9,19.862, 143.02, 384.69
   71940,   72000,328.01,1527.9,3127.4,22.681, 157.51, 412.74
   72000,   72060,345.19,1641,3462.4,23.712, 167.69, 446.24
   72060,   72120,323.96,1599.9,3353.7,22.438, 163.99, 435.37
   72120,   72180,322.94,1616.6,3436.8,22.377, 165.49, 443.68
   72180,   72240,323.86,1661.8,3407,22.432, 169.57, 440.7
   72240,   72300,302.82,1775.2,3502.1,21.169, 179.76, 450.21
   72300,   72360,269.46,1631.3,3269.7,19.168, 166.81, 426.97
   72360,   72420,339.77,1806.4,3513.2,23.386, 182.58, 451.32
   72420,   72480,319.24,1863.1,3582.5,22.154, 187.68, 458.25
   72480,   72540,343.44,1952,3608.6,23.606, 195.68, 460.86
   72540,   72600,384.43,2045.1,3855.2,26.066, 204.06, 485.52
   72600,   72660,755.37,2989.7,4910.6,48.322, 289.07, 591.06
   72660,   72720,448.69,2121.4,3858.6,29.922, 210.93, 485.86
   72720,   72780,267.69,1342.2,2758.4,19.062, 140.79, 375.84
   72780,   72840,359.99,1749.2,3428.3,24.599, 177.43, 442.83
   72840,   72900,684.46,2909.5,4694.3,44.068, 281.85, 569.43
   72900,   72960,519.33,2369.4,4546.6,34.16, 233.25, 554.66
   72960,   73020,380.85,1881.7,3633.5,25.851, 189.35, 463.35
   73020,   73080,301.94,1575.9,3133.3,21.116, 161.83, 413.33
   73080,   73140,315.16,1627.8,3229.9,21.91, 166.5, 422.99
   73140,   73200,326.13,1691.2,3226.3,22.568, 172.21, 422.63
   73200,   73260,360.54,1855.2,3414.9,24.632, 186.97, 441.49
   73260,   73320,316.67,1668.2,3269.7,22, 170.14, 426.97
   73320,   73380,299.24,1674,3269.7,20.955, 170.66, 426.97
   73380,   73440,332.4,1789.8,3459.1,22.944, 181.08, 445.91
   73440,   73500,354.2,1793.3,3422.1,24.252, 181.4, 442.21
   73500,   73560,333.1,1726.8,3252.6,22.986, 175.41, 425.26
   73560,   73620,332.81,1726.7,3206.4,22.968, 175.41, 420.64
   73620,   73680,293.08,1466.4,2950.9,20.585, 151.97, 395.09
   73680,   73740,280.34,1462.4,2798.8,19.821, 151.62, 379.88
   73740,   73800,296.36,1508.3,2942.2,20.782, 155.75, 394.22
   73800,   73860,299.27,1464.3,2951.7,20.956, 151.79, 395.17
   73860,   73920,303.5,1518.4,3098.5,21.21, 156.66, 409.85
   73920,   73980,294.43,1522.7,3111.1,20.666, 157.04, 411.11
   73980,   74040,298.09,1524.3,3098,20.885, 157.19, 409.8
   74040,   74100,300.8,1431.6,2972.1,21.048, 148.85, 397.21
   74100,   74160,299.53,1419.3,3000.8,20.972, 147.74, 400.08
   74160,   74220,314.25,1537.3,3097.2,21.855, 158.35, 409.72
   74220,   74280,325.23,1595.3,3167.4,22.514, 163.58, 416.74
   74280,   74340,315.62,1568.2,3148.3,21.937, 161.14, 414.83
   74340,   74400,309.9,1551.6,3124.8,21.594, 159.65, 412.48
   74400,   74460,306.59,1553.4,3068.6,21.396, 159.8, 406.86
   74460,   74520,300.48,1539.3,3041.2,21.029, 158.53, 404.12
   74520,   74580,320.02,1676.8,3239.9,22.201, 170.91, 423.99
   74580,   74640,380.9,1892.6,3419.6,25.854, 190.33, 441.96
   74640,   74700,336.54,1690,3154.5,23.192, 172.1, 415.45
   74700,   74760,296.2,1483.9,2820.8,20.772, 153.55, 382.08
   74760,   74820,272.34,1392,2731.3,19.34, 145.28, 373.13
   74820,   74880,305.67,1495.6,2761.6,21.34, 154.61, 376.16
   74880,   74940,287.43,1396.4,2540.3,20.246, 145.67, 354.03
   74940,   75000,216.13,1047.7,2275.7,15.968, 114.3, 327.57
   75000,   75060,223.44,1060.8,2015.6,16.406, 115.47, 301.56
   75060,   75120,252.89,1176.8,2407.4,18.174, 125.91, 340.74
   75120,   75180,227.68,1156.3,2321.8,16.661, 124.06, 332.18
   75180,   75240,225.7,1124,2285.5,16.542, 121.16, 328.55
   75240,   75300,219.67,1067.2,2156.7,16.18, 116.05, 315.67
   75300,   75360,225.13,1207.2,2312.6,16.508, 128.65, 331.26
   75360,   75420,247.19,1388.4,2410.3,17.831, 144.96, 341.03
   75420,   75480,306.54,1482.4,2947.4,21.393, 153.42, 394.74
   75480,   75540,182.38,1280.3,2508.9,13.943, 135.23, 350.89
   75540,   75600,133.86,1162.1,2208.1,11.032, 124.59, 320.81
   75600,   75660,123.46,1210.8,2291.3,10.408, 128.97, 329.13
   75660,   75720,279.73,1770.1,2361,19.784, 179.31, 336.1
   75720,   75780,228.68,1883.8,2690.1,16.721, 189.55, 369.01
   75780,   75840,241.77,2275.3,3533.1,17.506, 224.78, 453.31
   75840,   75900,212.6,1966.1,3129.9,15.756, 196.95, 412.99
   75900,   75960,1043.9,3980.7,4745.3,65.634, 378.26, 574.53
   75960,   76020,1368.9,6211.2,8798.3,85.132, 579, 979.83
   76020,   76080,236.8,1950,3773.6,17.208, 195.5, 477.36
   76080,   76140,532.73,3029,4348.7,34.964, 292.61, 534.87
   76140,   76200,263.84,2112,3556.2,18.83, 210.08, 455.62
   76200,   76260,141.7,1396.9,2656.8,11.502, 145.72, 365.68
   76260,   76320,138.92,1415.3,2620.2,11.335, 147.38, 362.02
   76320,   76380,132.04,1309.2,2467.8,10.923, 137.83, 346.78
   76380,   76440,136.85,1382.2,2461.3,11.211, 144.39, 346.13
   76440,   76500,154.45,1555.5,2657.9,12.267, 159.99, 365.79
   76500,   76560,216.99,2231.4,3395,16.02, 220.82, 439.5
   76560,   76620,136.23,1612.7,2959.1,11.174, 165.14, 395.91
   76620,   76680,846.07,3678.2,3807,53.764, 351.04, 480.7
   76680,   76740,679.51,5396.5,8257.9,43.771, 505.68, 925.79
   76740,   76800,222.3,2381.9,4894.9,16.338, 234.37, 589.49
   76800,   76860,180.3,2005.9,3557.7,13.818, 200.53, 455.77
   76860,   76920,444.58,3425.7,4561.5,29.675, 328.31, 556.15
   76920,   76980,176.92,2208.1,3353.6,13.615, 218.72, 435.36
   76980,   77040,140.25,1841.9,2957.8,11.415, 185.77, 395.78
   77040,   77100,148.7,1953.3,3101.3,11.922, 195.8, 410.13
   77100,   77160,152.78,2089.9,3278.6,12.167, 208.09, 427.86
   77160,   77220,138.8,1974.9,3321.2,11.328, 197.74, 432.12
   77220,   77280,273.92,2542.3,3879.7,19.435, 248.8, 487.97
   77280,   77340,691.24,3266.7,4560.5,44.474, 314, 556.05
   77340,   77400,89.898,1343,2588.2,8.3939, 140.87, 358.82
   77400,   77460,192.93,2190.8,3285.1,14.576, 217.18, 428.51
   77460,   77520,103.48,1594.7,2779.6,9.2086, 163.52, 377.96
   77520,   77580,97.659,1637.9,2762.8,8.8595, 167.41, 376.28
   77580,   77640,95.889,1677.9,2877.2,8.7534, 171.01, 387.72
   77640,   77700,92.905,1734.8,2806.1,8.5743, 176.13, 380.61
   77700,   77760,105.61,1814.3,2996.6,9.3365, 183.29, 399.66
   77760,   77820,137.84,2310.6,3603.3,11.27, 227.95, 460.33
   77820,   77880,123.28,2428.8,3639.3,10.397, 238.59, 463.93
   77880,   77940,125.36,2677.6,3911,10.522, 260.99, 491.1
   77940,   78000,94.577,2159.5,3412.5,8.6746, 214.36, 441.25
   78000,   78060,90.318,2059.6,3237.5,8.4191, 205.37, 423.75
   78060,   78120,87.77,2091.8,3281,8.2662, 208.26, 428.1
   78120,   78180,85.82,2110.3,3305.5,8.1492, 209.93, 430.55
   78180,   78240,110.8,2339.6,3515.6,9.6478, 230.56, 451.56
   78240,   78300,119.86,2802.2,4162,10.192, 272.2, 516.2
   78300,   78360,125.83,3180.6,4520.3,10.55, 306.25, 552.03
   78360,   78420,139.3,3473.6,4861.1,11.358, 332.62, 586.11
   78420,   78480,-9999,-9999,-9999,-9999, -9999, -9999
   78480,   78540,-9999,-9999,-9999,-9999, -9999, -9999
   78540,   78600,-9999,-9999,-9999,-9999, -9999, -9999
   78600,   78660,-9999,-9999,-9999,-9999, -9999, -9999
   78660,   78720,-9999,-9999,-9999,-9999, -9999, -9999
   78720,   78780,-9999,-9999,-9999,-9999, -9999, -9999
   78780,   78840,-9999,-9999,-9999,-9999, -9999, -9999
   78840,   78900,136.14,5525.8,7790.1,11.169, 517.32, 879.01
   78900,   78960,117.69,5028,7140.3,10.061, 472.52, 814.03
   78960,   79020,116.61,4504.7,6243.7,9.9963, 425.42, 724.37
   79020,   79080,132.88,5064.5,6946.7,10.973, 475.8, 794.67
   79080,   79140,143,5769.2,7700.3,11.58, 539.23, 870.03
   79140,   79200,151.12,6030.1,7830,12.067, 562.71, 883
   79200,   79260,147.44,5704.1,7435.2,11.846, 533.37, 843.52
   79260,   79320,132.25,5325.8,6852.4,10.935, 499.33, 785.24
   79320,   79380,114.04,4470.6,6017.3,9.8422, 422.35, 701.73
   79380,   79440,124.74,4242.5,5678.2,10.484, 401.83, 667.82
   79440,   79500,78.908,3287.1,4765.8,7.7345, 315.84, 576.58
   79500,   79560,82.394,3049.9,4299.4,7.9437, 294.49, 529.94
   79560,   79620,105.25,3845.7,5007.6,9.315, 366.11, 600.76
   79620,   79680,105.81,4038.4,5317.1,9.3484, 383.45, 631.71
   79680,   79740,104.27,4157.5,5462.4,9.2559, 394.18, 646.24
