CampaignData_and_Merges/R0/CSL_MobileLab_Parked/raw/20240805/USOS-NOAAIodideCIMS-HNO2_MobileLabGround_20240805_RA.ict
33, 1001
Michael A Robinson, Chris Jernigan, Subi Thakali
NOAA ESRL Chemical Sciences Laboratory and CIRES, U. of Colorado
NOAA Iodide CIMS Instrument
USOS
1, 1
2024, 08, 05, 2024, 08, 05
1
starttime_UTC, seconds_past_midnight, seconds_of_day_since_00:00:00_UTC
1
1
-9999
HNO2_NOAACIMS, pptv, Gas_HNO2_InSitu_S_AVMR, 
0
18
PI_CONTACT_INFO: 325 Broadway, R/CSD 7, Boulder, Colorado 80305; michael.a.robinson@noaa.gov; chris.jernigan@noaa.gov;
PLATFORM: NOAA CSL Mobile Lab
LOCATION: SLC, Utah
ASSOCIATED_DATA: 1Hz data also available on request.
INSTRUMENT_INFO: NOAA I- ToF CIMS
DATA_INFO: All data in parts per trillion by volume (pptv). 1 Hz data is available upon request.
UNCERTAINTY: TBD
ULOD_FLAG: -7777
ULOD_VALUE: N/A
LLOD_FLAG: -8888
LLOD_VALUE: N/A
DM_CONTACT_INFO: Nathan Howard; nathan.h.howard@noaa.gov
PROJECT_INFO: USOS, summer 2024. https://csl.noaa.gov/groups/csl7/measurements/2024usos/
STIPULATIONS_ON_USE: Users are strongly encouraged to contact the PI for proper data usage.
OTHER_COMMENTS: 
REVISION: RA
RA: Preliminary Data; For in-field use only
starttime_UTC, HNO2_NOAACIMS
     0, 26.323
    60, 19.292
   120, 20.744
   180, 27.746
   240, 20.731
   300, 21.641
   360, 25.012
   420, 21.234
   480,  8.865
   540, 22.260
   600, 16.856
   660, 20.223
   720, 24.458
   780, 21.010
   840, 16.909
   900, 23.893
   960, 23.076
  1020, 21.859
  1080, 23.435
  1140, 23.801
  1200, 19.594
  1260, 20.714
  1320, -9999.000
  1380, 21.562
  1440, 20.697
  1500, 19.830
  1560, 11.272
  1620, 13.034
  1680, 12.858
  1740, 18.570
  1800, 16.033
  1860, 14.722
  1920, 16.533
  1980, 23.967
  2040, 16.566
  2100, 16.628
  2160, 15.090
  2220, 20.503
  2280, 17.530
  2340, 23.389
  2400, 31.048
  2460, 31.547
  2520, 22.519
  2580, 20.746
  2640, 26.945
  2700, 19.476
  2760, 13.210
  2820, 28.101
  2880, 16.873
  2940, 24.818
  3000, 17.507
  3060, 16.499
  3120, 22.581
  3180, -9999.000
  3240, 27.822
  3300, 27.352
  3360, 20.210
  3420, 29.409
  3480, 21.320
  3540, 15.963
  3600, 10.415
  3660,  6.587
  3720,  5.764
  3780, 12.789
  3840,  7.286
  3900, 12.822
  3960, 13.880
  4020, 20.349
  4080, 16.676
  4140, 24.273
  4200, 14.934
  4260, 20.224
  4320, 28.565
  4380, 15.169
  4440, 12.680
  4500, 13.800
  4560, 19.940
  4620, 14.604
  4680, 15.792
  4740, 15.297
  4800, 15.566
  4860, 18.660
  4920, 21.001
  4980, 35.632
  5040, 15.357
  5100, 25.445
  5160, 22.711
  5220, 21.432
  5280, 21.874
  5340, 19.388
  5400, 28.704
  5460, 30.907
  5520, 32.651
  5580, 31.080
  5640, 41.761
  5700, 35.841
  5760, 44.377
  5820, 51.116
  5880, 41.926
  5940, 35.582
  6000, 47.638
  6060, 39.742
  6120, 36.537
  6180, 41.842
  6240, 40.426
  6300, 48.826
  6360, 48.434
  6420, 38.607
  6480, 47.909
  6540, 40.788
  6600, 55.262
  6660, 56.614
  6720, 57.241
  6780, 69.665
  6840, 57.221
  6900, 36.509
  6960, 57.802
  7020, 45.938
  7080, 39.469
  7140, 32.344
  7200, 33.028
  7260, 37.326
  7320, 35.852
  7380, 47.091
  7440, 45.855
  7500, 59.235
  7560, 47.425
  7620, 50.678
  7680, 54.845
  7740, 51.376
  7800, 52.791
  7860, 59.557
  7920, 67.954
  7980, 77.113
  8040, 65.295
  8100, 74.267
  8160, 75.560
  8220, 71.839
  8280, 75.734
  8340, 119.087
  8400, 92.729
  8460, 100.597
  8520, 84.622
  8580, 99.664
  8640, 96.798
  8700, 64.754
  8760, 99.126
  8820, 88.760
  8880, 98.539
  8940, 134.291
  9000, 114.257
  9060, 104.474
  9120, 156.818
  9180, 138.096
  9240, 154.206
  9300, 153.320
  9360, 146.330
  9420, 139.481
  9480, 125.613
  9540, 133.800
  9600, 134.357
  9660, 115.807
  9720, 124.822
  9780, 131.918
  9840, 127.397
  9900, 121.560
  9960, 130.858
 10020, 156.371
 10080, 142.186
 10140, 181.916
 10200, 131.542
 10260, 102.568
 10320, 112.304
 10380, 120.503
 10440, 111.761
 10500, 126.945
 10560, -9999.000
 10620, 118.476
 10680, 110.318
 10740, 108.793
 10800, 96.819
 10860, 106.076
 10920, 103.228
 10980, 102.901
 11040, 101.200
 11100, 72.973
 11160, 120.283
 11220, 95.789
 11280, 92.389
 11340, 104.283
 11400, 105.564
 11460, 102.071
 11520, 110.206
 11580, 99.075
 11640, 97.103
 11700, 85.023
 11760, 97.426
 11820, 71.409
 11880, 90.059
 11940, 71.147
 12000, 82.686
 12060, 76.566
 12120, 90.523
 12180, 43.545
 12240, 56.408
 12300, 44.662
 12360, 63.245
 12420, 63.981
 12480, 66.507
 12540, 60.854
 12600, 66.185
 12660, 62.668
 12720, 61.996
 12780, 61.828
 12840, 59.592
 12900, 59.489
 12960, 64.684
 13020, 49.549
 13080, 58.902
 13140, 65.886
 13200, 62.314
 13260, 69.518
 13320, 57.752
 13380, 59.223
 13440, 64.387
 13500, 55.817
 13560, 54.031
 13620, 51.028
 13680, 55.540
 13740, 55.823
 13800, 55.215
 13860, 57.088
 13920, 51.751
 13980, 46.523
 14040, 57.414
 14100, 51.051
 14160, 60.126
 14220, 64.806
 14280, -9999.000
 14340, 54.709
 14400, 51.439
 14460, 50.025
 14520, 50.654
 14580, 48.520
 14640, 46.970
 14700, 39.654
 14760, 52.049
 14820, 56.279
 14880, 51.576
 14940, 51.365
 15000, 39.721
 15060, 49.471
 15120, 49.048
 15180, 54.722
 15240, 48.946
 15300, 48.271
 15360, 47.551
 15420, 44.248
 15480, 43.697
 15540, 44.288
 15600, 44.933
 15660, 53.342
 15720, 46.087
 15780, 58.182
 15840, 52.157
 15900, 55.523
 15960, 48.422
 16020, 53.761
 16080, 63.974
 16140, 76.835
 16200, 76.887
 16260, 68.461
 16320, 79.079
 16380, 74.427
 16440, 71.294
 16500, 60.329
 16560, 68.423
 16620, 54.388
 16680, 52.141
 16740, 45.624
 16800, 40.043
 16860, 41.255
 16920, 39.132
 16980, 48.761
 17040, 44.596
 17100, 28.298
 17160, 46.400
 17220, 62.022
 17280, 49.599
 17340, 48.582
 17400, 52.542
 17460, 54.450
 17520, 40.478
 17580, 40.592
 17640, 38.422
 17700, 37.723
 17760, 33.987
 17820, 29.046
 17880, 48.000
 17940, 27.002
 18000, 22.306
 18060, 39.140
 18120, 40.906
 18180, 37.201
 18240, 43.906
 18300, 38.501
 18360, 35.713
 18420, 45.211
 18480, 34.472
 18540, 36.055
 18600, 39.500
 18660, 35.510
 18720, 33.250
 18780, 30.940
 18840, 30.635
 18900, 36.998
 18960, 38.061
 19020, 36.583
 19080, 38.609
 19140, 37.737
 19200, 35.379
 19260, 30.955
 19320, 36.799
 19380, 35.622
 19440, 29.288
 19500, 37.432
 19560, 42.636
 19620, 44.488
 19680, 37.355
 19740, 28.613
 19800, 34.904
 19860, 39.408
 19920, 34.976
 19980, 37.579
 20040, 32.380
 20100, 39.327
 20160, 30.498
 20220, 37.308
 20280, 39.886
 20340, 36.125
 20400, 33.056
 20460, 32.904
 20520, 32.767
 20580, 34.856
 20640, 36.191
 20700, 42.098
 20760, 32.930
 20820, 35.776
 20880, 32.834
 20940, 29.455
 21000, 44.266
 21060, 27.856
 21120, 35.188
 21180, 59.524
 21240, 72.797
 21300, 63.499
 21360, 51.681
 21420, 43.516
 21480, 47.585
 21540, 30.265
 21600, 42.864
 21660, -9999.000
 21720, 39.896
 21780, 40.530
 21840, 36.649
 21900, 40.929
 21960, 43.622
 22020, 52.659
 22080, 49.341
 22140, 58.982
 22200, 35.799
 22260, 48.517
 22320, 45.345
 22380, 41.855
 22440, 42.090
 22500, 49.604
 22560, 54.284
 22620, 56.927
 22680, 64.790
 22740, 45.540
 22800, 48.748
 22860, 39.196
 22920, 31.772
 22980, 44.108
 23040, 43.537
 23100, 31.371
 23160, 34.640
 23220, 33.864
 23280, 33.135
 23340, 31.769
 23400, 28.089
 23460, 32.840
 23520, -9999.000
 23580, 55.301
 23640, 49.440
 23700, 64.588
 23760, 59.881
 23820, 67.144
 23880, 45.109
 23940, 75.668
 24000, 55.736
 24060, 50.963
 24120, 72.667
 24180, 43.540
 24240, 59.775
 24300, 61.496
 24360, 75.176
 24420, 56.965
 24480, 74.422
 24540, 81.162
 24600, 80.639
 24660, 57.027
 24720, 51.096
 24780, 47.696
 24840, 41.506
 24900, 37.577
 24960, 38.373
 25020, 38.368
 25080, 30.908
 25140, 25.435
 25200, 29.916
 25260, 20.969
 25320, 27.125
 25380, -9999.000
 25440, 28.767
 25500, 31.557
 25560, 34.874
 25620, 33.009
 25680, 30.049
 25740, 25.957
 25800, 28.001
 25860, 32.611
 25920, 32.543
 25980, 36.451
 26040, 29.070
 26100, 28.403
 26160, 35.065
 26220, 35.838
 26280, 36.473
 26340, 47.481
 26400, 35.669
 26460, 37.403
 26520, 44.158
 26580, 56.634
 26640, 60.646
 26700, 53.294
 26760, 55.058
 26820, 62.935
 26880, 56.984
 26940, 59.096
 27000, 52.940
 27060, 61.086
 27120, 62.083
 27180, 68.636
 27240, 65.975
 27300, 63.018
 27360, 63.207
 27420, 66.371
 27480, 82.260
 27540, 84.952
 27600, 80.338
 27660, 68.484
 27720, 49.357
 27780, 54.144
 27840, 41.196
 27900, 65.174
 27960, 44.776
 28020, 44.443
 28080, 38.812
 28140, 52.365
 28200, 57.912
 28260, 53.242
 28320, 45.833
 28380, 52.372
 28440, 49.007
 28500, 49.429
 28560, 42.152
 28620, 46.834
 28680, 50.535
 28740, 56.245
 28800, 55.499
 28860, 43.835
 28920, 50.593
 28980, 43.801
 29040, -9999.000
 29100, 33.070
 29160, 46.769
 29220, 42.345
 29280, 46.171
 29340, 58.457
 29400, 70.532
 29460, 63.410
 29520, 63.233
 29580, 73.960
 29640, 66.150
 29700, 65.661
 29760, 66.376
 29820, 65.290
 29880, 67.090
 29940, 68.831
 30000, 74.357
 30060, 59.486
 30120, 70.215
 30180, 56.866
 30240, 50.657
 30300, 53.328
 30360, 51.643
 30420, 56.187
 30480, 50.304
 30540, 44.738
 30600, 48.700
 30660, 43.221
 30720, 46.205
 30780, 59.796
 30840, 56.697
 30900, -9999.000
 30960, 43.940
 31020, 51.424
 31080, 58.720
 31140, 57.177
 31200, 66.520
 31260, 60.485
 31320, 68.296
 31380, 57.277
 31440, 67.054
 31500, 72.844
 31560, 71.361
 31620, 77.183
 31680, 87.036
 31740, 99.794
 31800, 120.343
 31860, 136.220
 31920, 136.263
 31980, 162.284
 32040, 155.455
 32100, 182.576
 32160, 196.946
 32220, 176.759
 32280, 188.947
 32340, 198.217
 32400, 190.707
 32460, 201.153
 32520, 235.975
 32580, 239.303
 32640, 226.927
 32700, 225.402
 32760, -9999.000
 32820, 191.048
 32880, 186.950
 32940, 188.580
 33000, 194.371
 33060, 218.924
 33120, 238.977
 33180, 275.787
 33240, 252.503
 33300, 238.984
 33360, 244.679
 33420, 247.912
 33480, 243.768
 33540, 230.824
 33600, 233.662
 33660, 241.716
 33720, 241.174
 33780, 251.873
 33840, 314.362
 33900, 311.167
 33960, 286.937
 34020, 277.347
 34080, 292.015
 34140, 295.897
 34200, 288.040
 34260, 315.569
 34320, 301.160
 34380, 321.857
 34440, 291.037
 34500, 211.204
 34560, 203.857
 34620, 99.081
 34680, 96.146
 34740, 74.969
 34800, 57.710
 34860, 64.734
 34920, 89.374
 34980, 64.156
 35040, 55.336
 35100, 91.089
 35160, 71.120
 35220, 48.869
 35280, 47.892
 35340, 53.574
 35400, 46.480
 35460, 33.671
 35520, 41.080
 35580, 41.747
 35640, 37.406
 35700, 37.865
 35760, 46.337
 35820, 92.335
 35880, 106.844
 35940, 130.040
 36000, 123.625
 36060, 113.969
 36120, 123.500
 36180, 120.436
 36240, 129.444
 36300, 139.870
 36360, 125.178
 36420, 143.372
 36480, 130.131
 36540, 122.532
 36600, 127.188
 36660, 126.234
 36720, 134.122
 36780, 139.833
 36840, 121.760
 36900, 108.124
 36960, 98.613
 37020, 142.119
 37080, 136.987
 37140, 126.278
 37200, 129.929
 37260, 137.532
 37320, 145.080
 37380, 126.619
 37440, 127.208
 37500, 143.861
 37560, 141.034
 37620, 153.366
 37680, 173.163
 37740, 181.302
 37800, 164.673
 37860, 176.908
 37920, 179.966
 37980, 186.611
 38040, 172.936
 38100, 193.427
 38160, 183.523
 38220, 178.992
 38280, 182.454
 38340, 209.672
 38400, 201.356
 38460, 181.652
 38520, 157.402
 38580, 154.623
 38640, 150.705
 38700, 129.670
 38760, 111.114
 38820, 91.584
 38880, 85.255
 38940, 96.771
 39000, 101.745
 39060, 105.256
 39120, 77.379
 39180, 113.625
 39240, 110.684
 39300, 119.065
 39360, 119.076
 39420, 120.695
 39480, 126.450
 39540, 135.699
 39600, 159.390
 39660, 127.546
 39720, 74.460
 39780, 91.446
 39840, 99.280
 39900, 92.564
 39960, 106.990
 40020, 65.819
 40080, 67.952
 40140, -9999.000
 40200, 55.788
 40260, 52.311
 40320, 45.297
 40380, 41.189
 40440, 47.270
 40500, 45.537
 40560, 42.011
 40620, 45.470
 40680, 44.678
 40740, 50.907
 40800, 47.606
 40860, 42.178
 40920, 53.411
 40980, 47.397
 41040, 47.068
 41100, 49.992
 41160, 39.254
 41220, 45.573
 41280, 54.521
 41340, 43.511
 41400, 40.478
 41460, 37.603
 41520, 47.784
 41580, 43.270
 41640, 54.931
 41700, 39.794
 41760, 38.582
 41820, 53.387
 41880, 41.998
 41940, 46.729
 42000, 36.103
 42060, 52.399
 42120, 50.253
 42180, 50.051
 42240, 46.239
 42300, 43.435
 42360, 52.194
 42420, 44.666
 42480, 52.529
 42540, 50.050
 42600, 41.744
 42660, 48.167
 42720, 48.589
 42780, 46.542
 42840, 53.248
 42900, 43.861
 42960, 53.690
 43020, 42.771
 43080, 45.419
 43140, 46.326
 43200, 46.333
 43260, 50.587
 43320, 58.838
 43380, 46.855
 43440, 46.430
 43500, 42.662
 43560, 40.700
 43620, 43.231
 43680, 48.813
 43740, 41.505
 43800, 53.503
 43860, 69.937
 43920, 40.183
 43980, 49.595
 44040, 39.309
 44100, 52.150
 44160, 42.815
 44220, 42.609
 44280, 47.496
 44340, 42.882
 44400, 45.534
 44460, 44.439
 44520, 42.865
 44580, 51.192
 44640, 45.166
 44700, 62.468
 44760, 47.159
 44820, 40.871
 44880, 47.951
 44940, 44.480
 45000, 42.273
 45060, 42.207
 45120, 45.659
 45180, 42.466
 45240, 46.484
 45300, 49.332
 45360, 44.840
 45420, 58.792
 45480, 51.350
 45540, 55.484
 45600, 49.861
 45660, 56.200
 45720, 52.656
 45780, 41.167
 45840, 51.123
 45900, 44.790
 45960, 80.284
 46020, 109.398
 46080, 121.849
 46140, 184.026
 46200, 221.024
 46260, 250.950
 46320, 264.742
 46380, 297.697
 46440, 284.445
 46500, 308.600
 46560, 363.317
 46620, 389.290
 46680, 386.066
 46740, 424.384
 46800, 462.556
 46860, 615.115
 46920, 571.016
 46980, 483.172
 47040, 497.495
 47100, 481.391
 47160, 470.154
 47220, 468.061
 47280, 432.454
 47340, 452.145
 47400, 436.178
 47460, 406.170
 47520, -9999.000
 47580, 443.599
 47640, 407.682
 47700, 420.417
 47760, 412.585
 47820, 427.580
 47880, 417.609
 47940, 390.796
 48000, 382.747
 48060, 380.877
 48120, 380.591
 48180, 391.466
 48240, 389.010
 48300, 393.699
 48360, 385.777
 48420, 372.594
 48480, 374.663
 48540, 362.729
 48600, 357.866
 48660, 358.772
 48720, 346.325
 48780, 364.355
 48840, 366.018
 48900, 349.713
 48960, 358.749
 49020, 375.297
 49080, 316.999
 49140, 305.753
 49200, 310.962
 49260, 310.663
 49320, 326.203
 49380, -9999.000
 49440, 336.774
 49500, 351.949
 49560, 363.175
 49620, 362.314
 49680, 349.651
 49740, 332.316
 49800, 343.457
 49860, 314.271
 49920, 326.289
 49980, 346.936
 50040, 346.943
 50100, 323.873
 50160, 302.408
 50220, 303.062
 50280, 335.449
 50340, 355.326
 50400, 335.347
 50460, 311.918
 50520, 326.104
 50580, 304.490
 50640, 320.997
 50700, 331.935
 50760, 341.789
 50820, 339.436
 50880, 306.963
 50940, 298.292
 51000, 330.659
 51060, 328.151
 51120, 318.356
 51180, 339.545
 51240, -9999.000
 51300, 296.866
 51360, 277.035
 51420, 232.734
 51480, 191.935
 51540, 253.630
 51600, 272.757
 51660, 235.383
 51720, 255.520
 51780, 210.299
 51840, 221.947
 51900, 241.530
 51960, 141.492
 52020, 150.248
 52080, 130.530
 52140, 137.079
 52200, 116.226
 52260, 153.521
 52320, 165.605
 52380, 134.708
 52440, 99.736
 52500, 120.464
 52560, 136.905
 52620, 118.298
 52680, 121.145
 52740, 118.220
 52800, 113.663
 52860, 131.316
 52920, 128.474
 52980, 137.873
 53040, 151.144
 53100, 140.120
 53160, 128.022
 53220, 121.411
 53280, 129.431
 53340, 128.956
 53400, 123.766
 53460, 103.515
 53520, 117.253
 53580, 154.188
 53640, 130.098
 53700, 123.941
 53760, 105.789
 53820, 111.422
 53880, 149.919
 53940, 161.414
 54000, 122.407
 54060, 141.232
 54120, 117.745
 54180, 130.136
 54240, 115.339
 54300, 137.692
 54360, 130.288
 54420, 132.764
 54480, 110.745
 54540, 113.688
 54600, 103.505
 54660, 89.883
 54720, 99.878
 54780, 100.694
 54840, 95.279
 54900, -9999.000
 54960, 120.287
 55020, 120.826
 55080, 115.690
 55140, 124.414
 55200, 115.572
 55260, 107.006
 55320, 113.325
 55380, 121.202
 55440, 120.097
 55500, 131.644
 55560, 130.042
 55620, 119.571
 55680, 126.267
 55740, 124.892
 55800, 112.192
 55860, 118.120
 55920, 115.487
 55980, 107.722
 56040, 115.016
 56100, 116.393
 56160, 123.042
 56220, 127.428
 56280, 124.565
 56340, 128.111
 56400, 131.374
 56460, 150.084
 56520, 162.525
 56580, 138.048
 56640, 150.467
 56700, 133.850
 56760, -9999.000
 56820, 122.499
 56880, 133.307
 56940, 141.918
 57000, 161.998
 57060, 161.227
 57120, 154.294
 57180, 149.540
 57240, 150.404
 57300, 155.539
 57360, 145.857
 57420, 140.937
 57480, 129.146
 57540, 124.574
 57600, 138.385
 57660, 141.969
 57720, 126.765
 57780, 118.166
 57840, 129.864
 57900, 123.184
 57960, 132.037
 58020, 136.154
 58080, 153.461
 58140, 140.789
 58200, 128.981
 58260, 108.446
 58320, 126.447
 58380, 114.518
 58440, 126.200
 58500, 116.728
 58560, 160.064
 58620, -9999.000
 58680, 147.675
 58740, 153.369
 58800, 116.247
 58860, 113.184
 58920, 134.251
 58980, 120.095
 59040, 111.363
 59100, 104.622
 59160, 111.788
 59220, 112.460
 59280, 102.617
 59340, 111.768
 59400, 93.179
 59460, 116.543
 59520, 105.595
 59580, 95.626
 59640, 91.904
 59700, 77.109
 59760, 82.239
 59820, 67.287
 59880, 76.454
 59940, 71.054
 60000, 70.324
 60060, 77.692
 60120, 76.846
 60180, 80.495
 60240, 116.164
 60300, 80.971
 60360, 85.854
 60420, 62.669
 60480, 73.606
 60540, 63.778
 60600, 76.761
 60660, 72.891
 60720, 71.624
 60780, 71.811
 60840, 65.609
 60900, 72.612
 60960, 56.841
 61020, 67.255
 61080, 64.848
 61140, 76.249
 61200, 75.565
 61260, 70.657
 61320, 95.268
 61380, 91.879
 61440, 89.926
 61500, 86.372
 61560, 88.213
 61620, 76.727
 61680, 80.908
 61740, 63.977
 61800, 68.227
 61860, 80.843
 61920, 81.424
 61980, 84.029
 62040, 75.298
 62100, 80.143
 62160, 93.338
 62220, 82.826
 62280, 66.659
