CampaignData_and_Merges/R0/CSL_MobileLab_Parked/raw/20240805/USOS-jNO2_MobileLabGround_20240805_R0.ict
52,1001
Waxman, E.; Rollins, A.; Zuraski, K.; Chace, W.
NOAA Chemical Sciences Laboratory
jNO2 filter radiometer on CSL Mobile Lab
AMMBEC / USOS
1, 1
2024,08,05, 2025,04,01
60
Time_Start, seconds, number_of_seconds_since_0000_UTC
20
1, 1, 1, 1, 1, 1, 1, 1, 1, 1, 1, 1, 1, 1, 1, 1, 1, 1, 1, 1
-9999, -9999, -9999, -9999, -9999, -9999, -9999, -9999, -9999, -9999, -9999, -9999, -9999, -9999, -9999, -9999, -9999, -9999, -9999, -9999
Time_Stop, seconds, number_of_seconds_since_0000_UTC
jNO2_meas, per second, photolysis rate of NO2 measured using a filter radiometer.
jBrCl, per second, photolysis rate of BrCl -> Br + Cl calculated in TUV for cloud-free sky with local AOD
jBr2, per second, photolysis rate of Br2 -> Br + Br calculated in TUV for cloud-free sky with local AOD
jCCl4, per second, photolysis rate of CCl4 -> Products calcualted in TUV for cloud-free sky with local AOD
jCH2Oa, per second, photolysis rate of CH2O -> H + HCO calculated in TUV for cloud-free sky with local AOD
jCH2Ob, per second, photolysis rate of CH2O -> H2 + CO calculated in TUV for cloud-free sky with local AOD
jClNO2, per second, photolysis rate of ClNO2 -> Cl + NO2 calculated in TUV for cloud-free sky with local AOD
jClOa, per second, photolysis rate of ClO -> Cl + O(1D) calculated in TUV for cloud-free sky with local AOD
jClOb, per second, photolysis rate of ClO -> Cl + O(3P) calculated in TUV for cloud-free sky with local AOD
jCl2, per second, photolysis rate of Cl2 -> Cl + Cl calculated in TUV for cloud-free sky with local AOD
jHNO2, per second, photolysis rate of HNO2 -> OH + NO calculated in TUV for cloud-free sky with local AOD
jHNO3, per second, photolysis rate of HNO3 -> OH + NO2 calculated in TUV for cloud-free sky with local AOD
jI2, per second, photolysis rate of I2 -> I + I calculated in TUV for cloud-free sky with local AOD
jNO2, per second, photolysis rate of NO2 -> NO + O(3P) calculated in TUV for cloud-free sky with local AOD
jNO3a, per second, photolysis rate of NO3 -> NO + O2 calculated in TUV for cloud-free sky with local AOD
jNO3b, per second, photolysis rate of NO3 -> NO2 + O(3P) calculated in TUV for cloud-free sky with local AOD
jN2O5, per second, photolysis rate of N2O5 -> NO3 + NO + O(3P) calculated in TUV for cloud-free sky with local AOD
jO3, per second, photolysis rate of O3 -> O2 + O(1D) calculated in TUV for cloud-free sky with local AOD
AOD_500nm, unitless, UTC daily mean AOD at 500 nm from an AERONET station located at 40.178 N, -112.452 E
0
18
PI_CONTACT_INFO: eleanor.waxman@noaa.gov
PLATFORM: CSL Mobile Lab, at ground site
LOCATION: Salt Lake City, UT
ASSOCIATED_DATA:
INSTRUMENT_INFO: jNO2 filter radiometer.  TUV calculations are for mobile van lat/lon/altitude assuming clear sky (cloud AOD = 0) and daily mean AOD.
DATA_INFO:
UNCERTAINTY: Data uncertainties are +/- 20%.  These come from uncertainties in radiometer angular response, radiometer thermal response, local interferences from clouds/aerosols/shadows etc.
ULOD_FLAG: -7777
ULOD_VALUE: N/A
LLOD_FLAG: -8888
LLOD_VALUE: N/A
DM_CONTACT_INFO: eleanor.waxman@noaa.gov
PROJECT_INFO: USOS Project, July - August 2024
STIPULATIONS_ON_USE: Users are strongly encouraged to contact the PI for proper data usage.
OTHER_COMMENTS: 
REVISION: R0
R0: final data
Time_Start, Time_Stop, jNO2_meas, jBrCl, jBr2, jCCl4, jCH2Oa, jCH2Ob, jClNO2, jClOa, jClOb, jCl2, jHNO2, jHNO3, jI2, jNO2, jNO3a, jNO3b, jN2O5, jO3, AOD_500nm
[from data line 721]
   43260,   43320,-9999,2.242e-06,6.332e-06,1.188e-28,2.133e-09,6.329e-09,6.708e-08,4.707e-29,9.084e-10,4.035e-07,3.03e-07,2.546e-11,1.607e-05,1.903e-06,1.638e-06,1.93e-05,5.151e-09,6.362e-10,0.093
   43320,   43380,2.3031e-06,2.775e-06,7.867e-06,1.562e-28,2.642e-09,7.804e-09,8.275e-08,6.193e-29,1.142e-09,4.977e-07,3.735e-07,3.165e-11,2.01e-05,2.349e-06,2.086e-06,2.422e-05,6.358e-09,7.98e-10,0.093
   43380,   43440,3.3952e-06,3.405e-06,9.704e-06,1.992e-28,3.222e-09,9.498e-09,1.008e-07,7.905e-29,1.406e-09,6.07e-07,4.553e-07,3.868e-11,2.505e-05,2.867e-06,2.66e-06,3.034e-05,7.747e-09,9.805e-10,0.093
   43440,   43500,2.5629e-06,4.217e-06,1.209e-05,2.582e-28,3.957e-09,1.165e-08,1.238e-07,1.026e-28,1.747e-09,7.468e-07,5.601e-07,4.765e-11,3.153e-05,3.532e-06,3.435e-06,3.84e-05,9.519e-09,1.217e-09,0.093
   43500,   43560,3.7728e-06,5.103e-06,1.472e-05,3.199e-28,4.723e-09,1.392e-08,1.483e-07,1.272e-28,2.096e-09,8.962e-07,6.721e-07,5.697e-11,3.885e-05,4.248e-06,4.344e-06,4.761e-05,1.14e-08,1.46e-09,0.093
   43560,   43620,2.7375e-06,6.317e-06,1.835e-05,4.074e-28,5.747e-09,1.699e-08,1.814e-07,1.621e-28,2.57e-09,1.099e-06,8.244e-07,6.95e-11,4.904e-05,5.224e-06,5.667e-06,6.055e-05,1.394e-08,1.789e-09,0.093
   43620,   43680,-9999,7.648e-06,2.239e-05,4.986e-28,6.825e-09,2.026e-08,2.169e-07,1.984e-28,3.054e-09,1.318e-06,9.883e-07,8.26e-11,6.077e-05,6.279e-06,7.271e-06,7.569e-05,1.665e-08,2.129e-09,0.093
   43680,   43740,7.1871e-06,9.224e-06,2.722e-05,6.035e-28,8.052e-09,2.403e-08,2.58e-07,2.403e-28,3.6e-09,1.573e-06,1.18e-06,9.751e-11,7.499e-05,7.516e-06,9.316e-06,9.432e-05,1.979e-08,2.513e-09,0.093
   43740,   43800,-9999,1.132e-05,3.368e-05,7.453e-28,9.648e-09,2.899e-08,3.122e-07,2.97e-28,4.311e-09,1.91e-06,1.434e-06,1.169e-10,9.431e-05,9.156e-06,1.22e-05,0.0001199,2.393e-08,3.014e-09,0.093
   43800,   43860,5.7824e-06,1.358e-05,4.074e-05,8.879e-28,1.13e-08,3.417e-08,3.691e-07,3.539e-28,5.018e-09,2.266e-06,1.701e-06,1.369e-10,0.0001161,1.089e-05,1.555e-05,0.0001492,2.827e-08,3.517e-09,0.093
   43860,   43920,9.7083e-06,1.613e-05,4.878e-05,1.043e-27,1.311e-08,3.992e-08,4.323e-07,4.159e-28,5.778e-09,2.663e-06,1.999e-06,1.586e-10,0.0001414,1.283e-05,1.95e-05,0.0001834,3.307e-08,4.06e-09,0.093
   43920,   43980,1.2948e-05,1.928e-05,5.881e-05,1.228e-27,1.528e-08,4.689e-08,5.093e-07,4.895e-28,6.672e-09,3.148e-06,2.364e-06,1.846e-10,0.0001735,1.521e-05,2.458e-05,0.0002273,3.892e-08,4.701e-09,0.093
   43980,   44040,1.2339e-05,2.296e-05,7.067e-05,1.434e-27,1.777e-08,5.493e-08,5.981e-07,5.721e-28,7.668e-09,3.71e-06,2.786e-06,2.142e-10,0.0002122,1.797e-05,3.076e-05,0.0002804,4.566e-08,5.421e-09,0.093
   44040,   44100,1.0967e-05,2.701e-05,8.38e-05,1.652e-27,2.043e-08,6.362e-08,6.943e-07,6.592e-28,8.713e-09,4.321e-06,3.245e-06,2.458e-10,0.0002556,2.098e-05,3.774e-05,0.0003403,5.296e-08,6.179e-09,0.093
   44100,   44160,1.3025e-05,3.193e-05,9.989e-05,1.905e-27,2.361e-08,7.403e-08,8.097e-07,7.6e-28,9.926e-09,5.056e-06,3.796e-06,2.832e-10,0.0003095,2.46e-05,4.645e-05,0.0004151,6.171e-08,7.065e-09,0.093
   44160,   44220,1.8591e-05,3.768e-05,0.0001188,2.187e-27,2.725e-08,8.602e-08,9.428e-07,8.722e-28,1.128e-08,5.906e-06,4.433e-06,3.259e-10,0.0003736,2.88e-05,5.68e-05,0.0005042,7.18e-08,8.06e-09,0.093
   44220,   44280,2.1839e-05,4.412e-05,0.0001401,2.488e-27,3.126e-08,9.933e-08,1.091e-06,9.923e-28,1.275e-08,6.854e-06,5.142e-06,3.728e-10,0.000446,3.348e-05,6.844e-05,0.0006049,8.299e-08,9.14e-09,0.093
   44280,   44340,2.4385e-05,5.012e-05,0.0001604,2.747e-27,3.499e-08,1.116e-07,1.226e-06,1.095e-27,1.403e-08,7.721e-06,5.788e-06,4.156e-10,0.0005177,3.775e-05,8.019e-05,0.0007062,9.324e-08,1.009e-08,0.093
   44340,   44400,2.6654e-05,5.807e-05,0.000187,3.087e-27,3.987e-08,1.277e-07,1.405e-06,1.23e-27,1.572e-08,8.872e-06,6.647e-06,4.719e-10,0.0006107,4.344e-05,9.527e-05,0.0008367,1.068e-07,1.135e-08,0.093
   44400,   44460,3.2488e-05,6.739e-05,0.0002182,3.467e-27,4.553e-08,1.465e-07,1.615e-06,1.382e-27,1.765e-08,1.022e-05,7.653e-06,5.369e-10,0.0007183,5.012e-05,0.0001125,0.0009873,1.227e-07,1.279e-08,0.093
   44460,   44520,3.5282e-05,7.529e-05,0.0002453,3.764e-27,5.037e-08,1.623e-07,1.789e-06,1.499e-27,1.92e-08,1.134e-05,8.484e-06,5.915e-10,0.0008166,5.565e-05,0.0001286,0.001127,1.359e-07,1.396e-08,0.093
   44520,   44580,4.1399e-05,8.72e-05,0.0002853,4.21e-27,5.757e-08,1.862e-07,2.055e-06,1.677e-27,2.156e-08,1.305e-05,9.76e-06,6.735e-10,0.0009565,6.414e-05,0.0001511,0.001324,1.56e-07,1.574e-08,0.093
   44580,   44640,4.6888e-05,9.614e-05,0.0003161,4.516e-27,6.306e-08,2.04e-07,2.251e-06,1.798e-27,2.325e-08,1.432e-05,1.069e-05,7.347e-10,0.001069,7.037e-05,0.0001696,0.001485,1.708e-07,1.702e-08,0.093
   44640,   44700,5.2073e-05,0.0001093,0.0003607,4.959e-27,7.106e-08,2.303e-07,2.542e-06,1.973e-27,2.575e-08,1.619e-05,1.209e-05,8.245e-10,0.001227,7.967e-05,0.0001949,0.001708,1.929e-07,1.891e-08,0.093
   44700,   44760,5.919e-05,0.0001224,0.0004054,5.391e-27,7.918e-08,2.567e-07,2.834e-06,2.144e-27,2.822e-08,1.807e-05,1.348e-05,9.149e-10,0.001388,8.894e-05,0.0002216,0.001939,2.15e-07,2.079e-08,0.093
   44760,   44820,6.4159e-05,0.000134,0.0004451,5.741e-27,8.642e-08,2.799e-07,3.088e-06,2.282e-27,3.036e-08,1.97e-05,1.468e-05,9.946e-10,0.001533,9.699e-05,0.0002455,0.002148,2.342e-07,2.241e-08,0.093
   44820,   44880,7.1897e-05,0.0001481,0.0004934,6.159e-27,9.531e-08,3.083e-07,3.4e-06,2.446e-27,3.296e-08,2.171e-05,1.616e-05,1.092e-09,0.001707,0.0001069,0.0002739,0.002398,2.579e-07,2.44e-08,0.093
   44880,   44940,8.1685e-05,0.0001642,0.0005483,6.628e-27,1.056e-07,3.412e-07,3.761e-06,2.63e-27,3.596e-08,2.402e-05,1.787e-05,1.206e-09,0.001905,0.0001183,0.000306,0.002681,2.853e-07,2.669e-08,0.093
   44940,   45000,8.8847e-05,0.0001816,0.000607,7.122e-27,1.168e-07,3.769e-07,4.153e-06,2.825e-27,3.92e-08,2.653e-05,1.973e-05,1.328e-09,0.002115,0.0001307,0.0003404,0.002982,3.15e-07,2.916e-08,0.093
   45000,   45060,9.8245e-05,0.0002023,0.0006786,8.708e-27,1.301e-07,4.195e-07,4.619e-06,3.095e-27,4.304e-08,2.95e-05,2.193e-05,1.474e-09,0.0024,0.0001453,0.0004179,0.003455,3.504e-07,3.21e-08,0.093
   45060,   45120,0.00010807,0.0002201,0.0007409,9.056e-27,1.42e-07,4.563e-07,5.019e-06,3.269e-27,4.636e-08,3.205e-05,2.38e-05,1.603e-09,0.002651,0.0001578,0.0004792,0.003861,3.808e-07,3.463e-08,0.093
   45120,   45180,0.00012195,0.0002381,0.0008044,9.426e-27,1.54e-07,4.934e-07,5.421e-06,3.438e-27,4.971e-08,3.461e-05,2.568e-05,1.733e-09,0.002915,0.0001703,0.0005495,0.004304,4.114e-07,3.719e-08,0.093
   45180,   45240,0.00012988,0.0002583,0.0008769,9.833e-27,1.677e-07,5.352e-07,5.872e-06,3.623e-27,5.349e-08,3.748e-05,2.778e-05,1.88e-09,0.003231,0.0001843,0.0006385,0.004847,4.458e-07,4.007e-08,0.093
   45240,   45300,0.00013847,0.0002797,0.0009549,1.026e-26,1.823e-07,5.793e-07,6.347e-06,3.811e-27,5.749e-08,4.049e-05,2.998e-05,2.036e-09,0.003586,0.0001989,0.0007427,0.005471,4.82e-07,4.311e-08,0.093
   45300,   45360,0.00015264,0.000301,0.001034,1.069e-26,1.968e-07,6.228e-07,6.815e-06,3.991e-27,6.147e-08,4.346e-05,3.214e-05,2.192e-09,0.003958,0.0002133,0.0008546,0.006135,5.177e-07,4.613e-08,0.093
   45360,   45420,0.00016481,0.0003249,0.001124,1.114e-26,2.131e-07,6.711e-07,7.333e-06,4.183e-27,6.593e-08,4.675e-05,3.453e-05,2.366e-09,0.004397,0.0002292,0.0009875,0.006924,5.573e-07,4.95e-08,0.093
   45420,   45480,0.00017943,0.00035,0.00122,1.162e-26,2.302e-07,7.214e-07,7.871e-06,4.377e-27,7.061e-08,5.016e-05,3.699e-05,2.549e-09,0.004881,0.0002456,0.001133,0.007795,5.984e-07,5.303e-08,0.093
   45480,   45540,0.00019111,0.0003749,0.001318,1.208e-26,2.472e-07,7.708e-07,8.399e-06,4.562e-27,7.526e-08,5.351e-05,3.94e-05,2.73e-09,0.005379,0.0002617,0.001283,0.008694,6.389e-07,5.652e-08,0.093
   45540,   45600,0.00020229,0.0004029,0.001429,1.256e-26,2.661e-07,8.253e-07,8.98e-06,4.759e-27,8.045e-08,5.72e-05,4.205e-05,2.931e-09,0.005954,0.0002793,0.001452,0.009727,6.834e-07,6.039e-08,0.093
   45600,   45660,0.00021661,0.0004324,0.001547,1.307e-26,2.86e-07,8.82e-07,9.582e-06,4.957e-27,8.59e-08,6.104e-05,4.478e-05,3.143e-09,0.006574,0.0002976,0.001632,0.01084,7.297e-07,6.446e-08,0.093
   45660,   45720,0.00022712,0.0004615,0.001665,1.354e-26,3.056e-07,9.372e-07,1.017e-05,5.144e-27,9.129e-08,6.478e-05,4.744e-05,3.351e-09,0.007198,0.0003154,0.00181,0.01195,7.748e-07,6.845e-08,0.093
   45720,   45780,0.00024771,0.000494,0.001798,1.405e-26,3.273e-07,9.978e-07,1.081e-05,5.344e-27,9.73e-08,6.889e-05,5.034e-05,3.581e-09,0.007902,0.0003349,0.002006,0.0132,8.243e-07,7.287e-08,0.093
   45780,   45840,0.00026049,0.0005281,0.001939,1.457e-26,3.498e-07,1.06e-06,1.147e-05,5.544e-27,1.036e-07,7.313e-05,5.332e-05,3.821e-09,0.008644,0.000355,0.002209,0.0145,8.754e-07,7.748e-08,0.093
   45840,   45900,0.00027686,0.0005617,0.002078,1.506e-26,3.721e-07,1.121e-06,1.212e-05,5.733e-27,1.098e-07,7.728e-05,5.622e-05,4.058e-09,0.009379,0.0003747,0.002407,0.01579,9.253e-07,8.202e-08,0.093
   45900,   45960,0.00029225,0.0005991,0.002234,1.558e-26,3.966e-07,1.188e-06,1.283e-05,5.935e-27,1.167e-07,8.183e-05,5.939e-05,4.319e-09,0.0102,0.0003962,0.002622,0.01721,9.799e-07,8.704e-08,0.093
   45960,   46020,0.00030797,0.0006382,0.002397,1.611e-26,4.222e-07,1.257e-06,1.356e-05,6.137e-27,1.24e-07,8.654e-05,6.265e-05,4.591e-09,0.01104,0.0004185,0.002841,0.01867,1.036e-06,9.227e-08,0.093
   46020,   46080,0.00032338,0.0006764,0.002557,1.661e-26,4.471e-07,1.323e-06,1.426e-05,6.328e-27,1.312e-07,9.111e-05,6.581e-05,4.858e-09,0.01187,0.0004402,0.003051,0.02009,1.091e-06,9.74e-08,0.093
   46080,   46140,0.00034061,0.0007185,0.002733,1.714e-26,4.745e-07,1.396e-06,1.503e-05,6.531e-27,1.391e-07,9.61e-05,6.925e-05,5.15e-09,0.01277,0.0004639,0.003276,0.02163,1.151e-06,1.03e-07,0.093
   46140,   46200,0.00035603,0.0007624,0.002916,1.768e-26,5.031e-07,1.471e-06,1.583e-05,6.735e-27,1.475e-07,0.0001013,7.281e-05,5.456e-09,0.0137,0.0004885,0.003505,0.02321,1.213e-06,1.089e-07,0.093
   46200,   46260,0.00037267,0.0008051,0.003094,1.819e-26,5.309e-07,1.543e-06,1.66e-05,6.928e-27,1.557e-07,0.0001063,7.625e-05,5.753e-09,0.0146,0.0005124,0.003721,0.02472,1.272e-06,1.147e-07,0.093
   46260,   46320,0.00039273,0.0008521,0.003289,1.873e-26,5.615e-07,1.622e-06,1.744e-05,7.133e-27,1.648e-07,0.0001118,8.001e-05,6.082e-09,0.01557,0.0005386,0.003952,0.02634,1.338e-06,1.211e-07,0.093
   46320,   46380,0.00040878,0.0009005,0.003489,1.928e-26,5.931e-07,1.703e-06,1.831e-05,7.339e-27,1.743e-07,0.0001174,8.388e-05,6.422e-09,0.01655,0.0005657,0.004184,0.02799,1.405e-06,1.277e-07,0.093
   46380,   46440,0.00042745,0.0009474,0.003683,1.979e-26,6.239e-07,1.782e-06,1.915e-05,7.533e-27,1.837e-07,0.0001229,8.763e-05,6.754e-09,0.0175,0.0005921,0.004402,0.02956,1.471e-06,1.342e-07,0.093
   46440,   46500,0.0004436,0.0009985,0.003892,2.034e-26,6.575e-07,1.867e-06,2.006e-05,7.74e-27,1.941e-07,0.0001288,9.171e-05,7.117e-09,0.0185,0.0006208,0.004633,0.03122,1.542e-06,1.413e-07,0.093
   46500,   46560,0.00045921,0.001051,0.004107,2.09e-26,6.924e-07,1.955e-06,2.101e-05,7.948e-27,2.05e-07,0.000135,9.592e-05,7.495e-09,0.01953,0.0006506,0.004864,0.03291,1.615e-06,1.487e-07,0.093
   46560,   46620,0.00048258,0.001102,0.004312,2.143e-26,7.263e-07,2.039e-06,2.192e-05,8.144e-27,2.156e-07,0.0001409,0.0001,7.863e-09,0.02049,0.0006794,0.005081,0.03449,1.686e-06,1.559e-07,0.093
   46620,   46680,0.00050123,0.001157,0.004534,2.199e-26,7.634e-07,2.132e-06,2.291e-05,8.353e-27,2.275e-07,0.0001474,0.0001044,8.266e-09,0.02153,0.000711,0.00531,0.03619,1.764e-06,1.639e-07,0.093
   46680,   46740,0.00052014,0.001213,0.00476,2.255e-26,8.017e-07,2.226e-06,2.393e-05,8.563e-27,2.398e-07,0.000154,0.000109,8.684e-09,0.02257,0.0007434,0.005537,0.03788,1.844e-06,1.722e-07,0.093
   46740,   46800,0.00054241,0.001267,0.004974,2.308e-26,8.388e-07,2.318e-06,2.492e-05,8.761e-27,2.519e-07,0.0001604,0.0001134,9.09e-09,0.02355,0.0007748,0.005749,0.03946,1.921e-06,1.803e-07,0.093
   46800,   46860,0.00056045,0.001325,0.005204,2.365e-26,8.793e-07,2.417e-06,2.599e-05,8.972e-27,2.653e-07,0.0001674,0.0001182,9.534e-09,0.02458,0.0008089,0.005972,0.04114,2.004e-06,1.891e-07,0.093
   46860,   46920,0.00057799,0.001384,0.005437,2.423e-26,9.212e-07,2.518e-06,2.709e-05,9.185e-27,2.793e-07,0.0001745,0.0001232,9.995e-09,0.02562,0.000844,0.006194,0.04282,2.09e-06,1.984e-07,0.093
   46920,   46980,0.00059895,0.001441,0.005658,2.477e-26,9.617e-07,2.617e-06,2.816e-05,9.386e-27,2.93e-07,0.0001814,0.0001279,1.044e-08,0.0266,0.0008778,0.0064,0.04439,2.174e-06,2.074e-07,0.093
   46980,   47040,0.00061943,0.001502,0.005895,2.535e-26,1.006e-06,2.724e-06,2.932e-05,9.6e-27,3.082e-07,0.0001889,0.0001331,1.093e-08,0.02764,0.0009146,0.006617,0.04605,2.264e-06,2.173e-07,0.093
   47040,   47100,0.00064157,0.001564,0.006133,2.593e-26,1.052e-06,2.833e-06,3.05e-05,9.815e-27,3.24e-07,0.0001965,0.0001384,1.144e-08,0.02867,0.0009522,0.006831,0.0477,2.357e-06,2.276e-07,0.093
   47100,   47160,0.00066177,0.001622,0.006357,2.648e-26,1.096e-06,2.938e-06,3.164e-05,1.002e-26,3.395e-07,0.0002038,0.0001435,1.193e-08,0.02963,0.0009882,0.007029,0.04923,2.446e-06,2.376e-07,0.093
   47160,   47220,0.00068018,0.001686,0.006596,2.708e-26,1.144e-06,3.053e-06,3.288e-05,1.024e-26,3.566e-07,0.0002117,0.000149,1.247e-08,0.03065,0.001027,0.007238,0.05085,2.543e-06,2.486e-07,0.093
   47220,   47280,0.00070225,0.001749,0.006837,2.767e-26,1.193e-06,3.17e-06,3.416e-05,1.045e-26,3.744e-07,0.0002198,0.0001547,1.302e-08,0.03166,0.001067,0.007444,0.05246,2.643e-06,2.601e-07,0.093
   47280,   47340,0.00073137,0.00181,0.007063,2.823e-26,1.241e-06,3.283e-06,3.538e-05,1.066e-26,3.918e-07,0.0002275,0.0001601,1.356e-08,0.03261,0.001106,0.007635,0.05395,2.739e-06,2.712e-07,0.093
   47340,   47400,0.00075307,0.001875,0.007304,2.883e-26,1.294e-06,3.405e-06,3.671e-05,1.088e-26,4.11e-07,0.0002359,0.000166,1.415e-08,0.03361,0.001147,0.007835,0.05553,2.843e-06,2.835e-07,0.093
   47400,   47460,0.00077381,0.00194,0.007544,2.944e-26,1.347e-06,3.531e-06,3.806e-05,1.111e-26,4.31e-07,0.0002444,0.000172,1.475e-08,0.03459,0.001189,0.008033,0.05708,2.949e-06,2.962e-07,0.093
   47460,   47520,0.0007942,0.002001,0.00777,3.001e-26,1.399e-06,3.651e-06,3.936e-05,1.132e-26,4.505e-07,0.0002526,0.0001778,1.534e-08,0.03551,0.001229,0.008215,0.05853,3.051e-06,3.085e-07,0.093
   47520,   47580,0.00081021,0.002067,0.00801,3.063e-26,1.455e-06,3.781e-06,4.077e-05,1.154e-26,4.721e-07,0.0002614,0.000184,1.598e-08,0.03648,0.001272,0.008406,0.06005,3.162e-06,3.221e-07,0.093
   47580,   47640,0.00083822,0.002134,0.008249,3.125e-26,1.513e-06,3.915e-06,4.22e-05,1.177e-26,4.945e-07,0.0002703,0.0001903,1.664e-08,0.03744,0.001316,0.008595,0.06155,3.275e-06,3.362e-07,0.093
   47640,   47700,0.00086212,0.002196,0.008474,3.184e-26,1.569e-06,4.043e-06,4.358e-05,1.198e-26,5.164e-07,0.0002789,0.0001964,1.728e-08,0.03834,0.001358,0.008769,0.06295,3.383e-06,3.499e-07,0.093
   47700,   47760,0.00089533,0.002263,0.008712,3.247e-26,1.63e-06,4.182e-06,4.507e-05,1.221e-26,5.405e-07,0.0002881,0.0002029,1.798e-08,0.03927,0.001403,0.008952,0.06441,3.5e-06,3.649e-07,0.093
   47760,   47820,0.00094342,0.002329,0.008948,3.31e-26,1.692e-06,4.323e-06,4.658e-05,1.244e-26,5.654e-07,0.0002974,0.0002095,1.87e-08,0.0402,0.001449,0.009131,0.06586,3.62e-06,3.804e-07,0.093
   47820,   47880,0.00095546,0.002393,0.00917,3.37e-26,1.753e-06,4.459e-06,4.803e-05,1.266e-26,5.898e-07,0.0003062,0.0002158,1.939e-08,0.04106,0.001492,0.009297,0.0672,3.734e-06,3.956e-07,0.093
   47880,   47940,0.00095759,0.00246,0.009405,3.435e-26,1.818e-06,4.605e-06,4.96e-05,1.29e-26,6.167e-07,0.0003158,0.0002225,2.015e-08,0.04197,0.001539,0.009471,0.06861,3.858e-06,4.122e-07,0.093
   47940,   48000,0.00097902,0.002527,0.009638,3.5e-26,1.885e-06,4.755e-06,5.119e-05,1.313e-26,6.445e-07,0.0003255,0.0002294,2.092e-08,0.04286,0.001585,0.009642,0.07,3.984e-06,4.294e-07,0.093
