CampaignData_and_Merges/R0/CSL_MobileLab_Parked/raw/20240805/USOS-jNO2_MobileLabGround_20240805_R0.ict
52,1001
Waxman, E.; Rollins, A.; Zuraski, K.; Chace, W.
NOAA Chemical Sciences Laboratory
jNO2 filter radiometer on CSL Mobile Lab
AMMBEC / USOS
1, 1
2024,08,05, 2025,04,01
60
Time_Start, seconds, number_of_seconds_since_0000_UTC
20
1, 1, 1, 1, 1, 1, 1, 1, 1, 1, 1, 1, 1, 1, 1, 1, 1, 1, 1, 1
-9999, -9999, -9999, -9999, -9999, -9999, -9999, -9999, -9999, -9999, -9999, -9999, -9999, -9999, -9999, -9999, -9999, -9999, -9999, -9999
Time_Stop, seconds, number_of_seconds_since_0000_UTC
jNO2_meas, per second, photolysis rate of NO2 measured using a filter radiometer.
jBrCl, per second, photolysis rate of BrCl -> Br + Cl calculated in TUV for cloud-free sky with local AOD
jBr2, per second, photolysis rate of Br2 -> Br + Br calculated in TUV for cloud-free sky with local AOD
jCCl4, per second, photolysis rate of CCl4 -> Products calcualted in TUV for cloud-free sky with local AOD
jCH2Oa, per second, photolysis rate of CH2O -> H + HCO calculated in TUV for cloud-free sky with local AOD
jCH2Ob, per second, photolysis rate of CH2O -> H2 + CO calculated in TUV for cloud-free sky with local AOD
jClNO2, per second, photolysis rate of ClNO2 -> Cl + NO2 calculated in TUV for cloud-free sky with local AOD
jClOa, per second, photolysis rate of ClO -> Cl + O(1D) calculated in TUV for cloud-free sky with local AOD
jClOb, per second, photolysis rate of ClO -> Cl + O(3P) calculated in TUV for cloud-free sky with local AOD
jCl2, per second, photolysis rate of Cl2 -> Cl + Cl calculated in TUV for cloud-free sky with local AOD
jHNO2, per second, photolysis rate of HNO2 -> OH + NO calculated in TUV for cloud-free sky with local AOD
jHNO3, per second, photolysis rate of HNO3 -> OH + NO2 calculated in TUV for cloud-free sky with local AOD
jI2, per second, photolysis rate of I2 -> I + I calculated in TUV for cloud-free sky with local AOD
jNO2, per second, photolysis rate of NO2 -> NO + O(3P) calculated in TUV for cloud-free sky with local AOD
jNO3a, per second, photolysis rate of NO3 -> NO + O2 calculated in TUV for cloud-free sky with local AOD
jNO3b, per second, photolysis rate of NO3 -> NO2 + O(3P) calculated in TUV for cloud-free sky with local AOD
jN2O5, per second, photolysis rate of N2O5 -> NO3 + NO + O(3P) calculated in TUV for cloud-free sky with local AOD
jO3, per second, photolysis rate of O3 -> O2 + O(1D) calculated in TUV for cloud-free sky with local AOD
AOD_500nm, unitless, UTC daily mean AOD at 500 nm from an AERONET station located at 40.178 N, -112.452 E
0
18
PI_CONTACT_INFO: eleanor.waxman@noaa.gov
PLATFORM: CSL Mobile Lab, at ground site
LOCATION: Salt Lake City, UT
ASSOCIATED_DATA:
INSTRUMENT_INFO: jNO2 filter radiometer.  TUV calculations are for mobile van lat/lon/altitude assuming clear sky (cloud AOD = 0) and daily mean AOD.
DATA_INFO:
UNCERTAINTY: Data uncertainties are +/- 20%.  These come from uncertainties in radiometer angular response, radiometer thermal response, local interferences from clouds/aerosols/shadows etc.
ULOD_FLAG: -7777
ULOD_VALUE: N/A
LLOD_FLAG: -8888
LLOD_VALUE: N/A
DM_CONTACT_INFO: eleanor.waxman@noaa.gov
PROJECT_INFO: USOS Project, July - August 2024
STIPULATIONS_ON_USE: Users are strongly encouraged to contact the PI for proper data usage.
OTHER_COMMENTS: 
REVISION: R0
R0: final data
Time_Start, Time_Stop, jNO2_meas, jBrCl, jBr2, jCCl4, jCH2Oa, jCH2Ob, jClNO2, jClOa, jClOb, jCl2, jHNO2, jHNO3, jI2, jNO2, jNO3a, jNO3b, jN2O5, jO3, AOD_500nm
[from data line 969]
   58140,   58200,0.0068781,0.009088,0.02809,7.893e-25,2.223e-05,3.623e-05,0.0003581,2.812e-25,2.429e-05,0.001831,0.00122,3.547e-07,0.1015,0.00758,0.01974,0.1575,3.1e-05,1.552e-05,0.093
   58200,   58260,0.006883,0.009105,0.02813,8.132e-25,2.234e-05,3.637e-05,0.0003594,2.901e-25,2.451e-05,0.001836,0.001223,3.57e-07,0.1016,0.007598,0.01975,0.1577,3.112e-05,1.566e-05,0.093
   58260,   58320,0.0068973,0.00912,0.02816,8.364e-25,2.245e-05,3.649e-05,0.0003606,2.988e-25,2.471e-05,0.001841,0.001226,3.592e-07,0.1017,0.007615,0.01977,0.1578,3.124e-05,1.58e-05,0.093
   58320,   58380,0.00692,0.009137,0.0282,8.622e-25,2.256e-05,3.662e-05,0.0003618,3.084e-25,2.493e-05,0.001846,0.001229,3.615e-07,0.1018,0.007633,0.01978,0.1579,3.137e-05,1.594e-05,0.093
   58380,   58440,0.0069494,0.009153,0.02824,8.89e-25,2.266e-05,3.675e-05,0.0003631,3.185e-25,2.514e-05,0.001852,0.001233,3.638e-07,0.1019,0.007651,0.0198,0.1581,3.149e-05,1.608e-05,0.093
   58440,   58500,0.006958,0.009168,0.02828,9.152e-25,2.277e-05,3.688e-05,0.0003643,3.284e-25,2.535e-05,0.001857,0.001235,3.66e-07,0.102,0.007667,0.01982,0.1582,3.161e-05,1.622e-05,0.093
   58500,   58560,0.0069813,0.009184,0.02831,9.441e-25,2.287e-05,3.701e-05,0.0003655,3.394e-25,2.556e-05,0.001862,0.001239,3.682e-07,0.1021,0.007685,0.01983,0.1584,3.173e-05,1.636e-05,0.093
   58560,   58620,0.0069908,0.009199,0.02835,9.742e-25,2.298e-05,3.714e-05,0.0003668,3.508e-25,2.578e-05,0.001867,0.001242,3.705e-07,0.1022,0.007702,0.01985,0.1585,3.185e-05,1.651e-05,0.093
   58620,   58680,0.0070133,0.009214,0.02838,1.004e-24,2.308e-05,3.726e-05,0.000368,3.621e-25,2.598e-05,0.001872,0.001244,3.727e-07,0.1023,0.007718,0.01986,0.1586,3.196e-05,1.664e-05,0.093
   58680,   58740,0.007025,0.00923,0.02842,1.036e-24,2.319e-05,3.738e-05,0.0003692,3.745e-25,2.62e-05,0.001877,0.001248,3.749e-07,0.1024,0.007735,0.01988,0.1588,3.208e-05,1.679e-05,0.093
   58740,   58800,0.007047,0.009245,0.02846,1.07e-24,2.329e-05,3.751e-05,0.0003704,3.876e-25,2.641e-05,0.001882,0.001251,3.772e-07,0.1025,0.007752,0.01989,0.1589,3.22e-05,1.693e-05,0.093
   58800,   58860,0.007055,0.009259,0.02849,1.104e-24,2.339e-05,3.763e-05,0.0003715,4.004e-25,2.662e-05,0.001887,0.001253,3.793e-07,0.1026,0.007768,0.0199,0.1591,3.232e-05,1.707e-05,0.093
   58860,   58920,0.0070701,0.009274,0.02852,1.141e-24,2.35e-05,3.775e-05,0.0003727,4.147e-25,2.683e-05,0.001892,0.001256,3.816e-07,0.1027,0.007784,0.01992,0.1592,3.243e-05,1.721e-05,0.093
   58920,   58980,0.0071135,0.009289,0.02856,1.179e-24,2.36e-05,3.788e-05,0.0003739,4.296e-25,2.705e-05,0.001897,0.001259,3.838e-07,0.1028,0.007801,0.01993,0.1593,3.255e-05,1.736e-05,0.093
   58980,   59040,0.0071258,0.009303,0.02859,1.217e-24,2.37e-05,3.799e-05,0.000375,4.442e-25,2.725e-05,0.001901,0.001262,3.859e-07,0.1029,0.007816,0.01995,0.1594,3.266e-05,1.749e-05,0.093
   59040,   59100,0.0071374,0.009317,0.02862,1.259e-24,2.38e-05,3.812e-05,0.0003762,4.606e-25,2.746e-05,0.001906,0.001265,3.881e-07,0.103,0.007832,0.01996,0.1596,3.278e-05,1.764e-05,0.093
   59100,   59160,0.0071609,0.009332,0.02866,1.302e-24,2.39e-05,3.824e-05,0.0003774,4.777e-25,2.768e-05,0.001911,0.001268,3.903e-07,0.103,0.007848,0.01998,0.1597,3.289e-05,1.778e-05,0.093
   59160,   59220,0.0071737,0.009345,0.02869,1.345e-24,2.4e-05,3.835e-05,0.0003785,4.946e-25,2.788e-05,0.001915,0.00127,3.924e-07,0.1031,0.007863,0.01999,0.1598,3.3e-05,1.791e-05,0.093
   59220,   59280,0.0071796,0.009359,0.02872,1.393e-24,2.41e-05,3.847e-05,0.0003796,5.133e-25,2.809e-05,0.00192,0.001273,3.946e-07,0.1032,0.007879,0.02,0.1599,3.312e-05,1.806e-05,0.093
   59280,   59340,0.0071984,0.009373,0.02875,1.442e-24,2.42e-05,3.859e-05,0.0003808,5.33e-25,2.831e-05,0.001925,0.001276,3.968e-07,0.1033,0.007894,0.02001,0.1601,3.323e-05,1.82e-05,0.093
   59340,   59400,0.0072224,0.009386,0.02878,1.491e-24,2.429e-05,3.87e-05,0.0003818,5.524e-25,2.851e-05,0.001929,0.001278,3.989e-07,0.1034,0.007909,0.02003,0.1602,3.333e-05,1.834e-05,0.093
   59400,   59460,0.0072398,0.0094,0.02881,1.545e-24,2.439e-05,3.882e-05,0.000383,5.741e-25,2.872e-05,0.001934,0.001281,4.01e-07,0.1035,0.007924,0.02004,0.1603,3.345e-05,1.848e-05,0.093
   59460,   59520,0.0072618,0.009414,0.02885,1.602e-24,2.449e-05,3.893e-05,0.0003841,5.968e-25,2.893e-05,0.001938,0.001284,4.032e-07,0.1035,0.007939,0.02005,0.1604,3.356e-05,1.862e-05,0.093
   59520,   59580,0.0072966,0.009426,0.02887,1.658e-24,2.458e-05,3.904e-05,0.0003851,6.193e-25,2.913e-05,0.001943,0.001286,4.052e-07,0.1036,0.007953,0.02006,0.1605,3.366e-05,1.876e-05,0.093
   59580,   59640,0.0073129,0.00944,0.0289,1.72e-24,2.468e-05,3.915e-05,0.0003862,6.443e-25,2.935e-05,0.001947,0.001289,4.074e-07,0.1037,0.007968,0.02008,0.1606,3.377e-05,1.89e-05,0.093
   59640,   59700,0.0073265,0.009453,0.02894,1.785e-24,2.478e-05,3.927e-05,0.0003873,6.707e-25,2.956e-05,0.001952,0.001292,4.095e-07,0.1038,0.007983,0.02009,0.1608,3.388e-05,1.904e-05,0.093
   59700,   59760,0.0073382,0.009465,0.02896,1.849e-24,2.487e-05,3.937e-05,0.0003884,6.968e-25,2.976e-05,0.001956,0.001294,4.116e-07,0.1039,0.007997,0.0201,0.1609,3.398e-05,1.918e-05,0.093
   59760,   59820,0.0073421,0.009478,0.02899,1.92e-24,2.497e-05,3.949e-05,0.0003895,7.259e-25,2.997e-05,0.00196,0.001297,4.137e-07,0.1039,0.008011,0.02011,0.161,3.409e-05,1.932e-05,0.093
   59820,   59880,0.0073577,0.009491,0.02902,1.995e-24,2.506e-05,3.96e-05,0.0003905,7.566e-25,3.018e-05,0.001965,0.001299,4.158e-07,0.104,0.008026,0.02013,0.1611,3.42e-05,1.946e-05,0.093
   59880,   59940,0.0073746,0.009503,0.02905,2.069e-24,2.515e-05,3.97e-05,0.0003915,7.87e-25,3.038e-05,0.001969,0.001302,4.178e-07,0.1041,0.008039,0.02014,0.1612,3.43e-05,1.959e-05,0.093
   59940,   60000,0.007406,0.009515,0.02908,2.151e-24,2.525e-05,3.981e-05,0.0003926,8.209e-25,3.059e-05,0.001973,0.001304,4.199e-07,0.1042,0.008053,0.02015,0.1613,3.44e-05,1.973e-05,0.093
   60000,   60060,0.007402,0.009528,0.02911,2.238e-24,2.534e-05,3.992e-05,0.0003936,8.568e-25,3.08e-05,0.001977,0.001307,4.22e-07,0.1042,0.008067,0.02016,0.1614,3.451e-05,1.987e-05,0.093
   60060,   60120,0.0074155,0.009539,0.02913,2.323e-24,2.543e-05,4.002e-05,0.0003946,8.924e-25,3.099e-05,0.001981,0.001309,4.24e-07,0.1043,0.00808,0.02017,0.1615,3.461e-05,2.001e-05,0.093
   60120,   60180,0.0074427,0.009551,0.02916,2.419e-24,2.552e-05,4.013e-05,0.0003957,9.322e-25,3.12e-05,0.001986,0.001311,4.261e-07,0.1044,0.008094,0.02018,0.1616,3.471e-05,2.015e-05,0.093
   60180,   60240,0.0074404,0.009563,0.02919,2.519e-24,2.561e-05,4.023e-05,0.0003967,9.743e-25,3.141e-05,0.00199,0.001314,4.281e-07,0.1045,0.008107,0.02019,0.1617,3.481e-05,2.029e-05,0.093
   60240,   60300,0.0074672,0.009575,0.02921,2.618e-24,2.57e-05,4.033e-05,0.0003976,1.016e-24,3.16e-05,0.001994,0.001316,4.301e-07,0.1045,0.00812,0.0202,0.1618,3.491e-05,2.042e-05,0.093
   60300,   60360,0.0074664,0.009586,0.02924,2.728e-24,2.579e-05,4.044e-05,0.0003987,1.063e-24,3.181e-05,0.001998,0.001318,4.321e-07,0.1046,0.008133,0.02021,0.1619,3.501e-05,2.056e-05,0.093
   60360,   60420,0.0074832,0.009598,0.02927,2.844e-24,2.588e-05,4.054e-05,0.0003997,1.112e-24,3.202e-05,0.002002,0.001321,4.342e-07,0.1047,0.008146,0.02022,0.162,3.511e-05,2.07e-05,0.093
   60420,   60480,0.0074985,0.009609,0.02929,2.96e-24,2.596e-05,4.064e-05,0.0004006,1.161e-24,3.221e-05,0.002006,0.001323,4.361e-07,0.1047,0.008159,0.02023,0.1621,3.521e-05,2.083e-05,0.093
   60480,   60540,0.007504,0.00962,0.02932,3.089e-24,2.605e-05,4.074e-05,0.0004016,1.217e-24,3.242e-05,0.00201,0.001325,4.381e-07,0.1048,0.008172,0.02024,0.1622,3.531e-05,2.097e-05,0.093
   60540,   60600,0.0075134,0.009632,0.02934,3.226e-24,2.614e-05,4.084e-05,0.0004026,1.275e-24,3.262e-05,0.002014,0.001328,4.401e-07,0.1049,0.008185,0.02025,0.1623,3.541e-05,2.111e-05,0.093
   60600,   60660,0.0075239,0.009642,0.02937,3.36e-24,2.622e-05,4.094e-05,0.0004035,1.333e-24,3.281e-05,0.002017,0.00133,4.42e-07,0.1049,0.008197,0.02026,0.1624,3.55e-05,2.124e-05,0.093
   60660,   60720,0.0075424,0.009653,0.02939,3.512e-24,2.631e-05,4.104e-05,0.0004044,1.398e-24,3.302e-05,0.002021,0.001332,4.44e-07,0.105,0.008209,0.02027,0.1625,3.559e-05,2.137e-05,0.093
   60720,   60780,0.0075467,0.009664,0.02942,3.671e-24,2.64e-05,4.113e-05,0.0004054,1.467e-24,3.32e-05,0.002025,0.001334,4.459e-07,0.105,0.008222,0.02028,0.1626,3.569e-05,2.15e-05,0.093
   60780,   60840,0.0075602,0.009671,0.02943,3.787e-24,2.645e-05,4.12e-05,0.000406,1.519e-24,3.336e-05,0.002027,0.001336,4.474e-07,0.1051,0.008229,0.02029,0.1626,3.575e-05,2.161e-05,0.093
   60840,   60900,0.0075691,0.009682,0.02945,3.962e-24,2.654e-05,4.129e-05,0.0004069,1.595e-24,3.356e-05,0.002031,0.001338,4.493e-07,0.1052,0.008241,0.0203,0.1627,3.585e-05,2.174e-05,0.093
   60900,   60960,0.0075855,0.009692,0.02948,4.147e-24,2.662e-05,4.139e-05,0.0004079,1.676e-24,3.376e-05,0.002035,0.00134,4.513e-07,0.1052,0.008253,0.02031,0.1628,3.594e-05,2.188e-05,0.093
   60960,   61020,0.0076007,0.009702,0.0295,4.33e-24,2.67e-05,4.148e-05,0.0004087,1.757e-24,3.395e-05,0.002038,0.001342,4.531e-07,0.1053,0.008264,0.02032,0.1629,3.603e-05,2.201e-05,0.093
   61020,   61080,0.0075983,0.009712,0.02952,4.536e-24,2.679e-05,4.157e-05,0.0004097,1.847e-24,3.415e-05,0.002042,0.001344,4.55e-07,0.1053,0.008276,0.02033,0.163,3.612e-05,2.214e-05,0.093
   61080,   61140,0.007616,0.009723,0.02955,4.753e-24,2.687e-05,4.167e-05,0.0004106,1.944e-24,3.435e-05,0.002046,0.001346,4.57e-07,0.1054,0.008288,0.02034,0.163,3.622e-05,2.227e-05,0.093
   61140,   61200,0.0076271,0.009732,0.02957,4.97e-24,2.695e-05,4.176e-05,0.0004114,2.04e-24,3.453e-05,0.002049,0.001348,4.588e-07,0.1054,0.008299,0.02034,0.1631,3.63e-05,2.24e-05,0.093
   61200,   61260,0.0076358,0.009742,0.02959,5.213e-24,2.703e-05,4.185e-05,0.0004123,2.148e-24,3.473e-05,0.002053,0.00135,4.607e-07,0.1055,0.008311,0.02035,0.1632,3.639e-05,2.253e-05,0.093
   61260,   61320,0.0076395,0.009752,0.02961,5.469e-24,2.711e-05,4.194e-05,0.0004132,2.262e-24,3.493e-05,0.002056,0.001352,4.625e-07,0.1056,0.008322,0.02036,0.1633,3.648e-05,2.267e-05,0.093
   61320,   61380,0.0076604,0.009762,0.02963,5.725e-24,2.719e-05,4.203e-05,0.000414,2.377e-24,3.511e-05,0.00206,0.001354,4.643e-07,0.1056,0.008333,0.02037,0.1634,3.657e-05,2.279e-05,0.093
   61380,   61440,0.0076497,0.009771,0.02966,6.013e-24,2.727e-05,4.212e-05,0.0004149,2.505e-24,3.53e-05,0.002063,0.001356,4.662e-07,0.1057,0.008344,0.02038,0.1634,3.666e-05,2.292e-05,0.093
   61440,   61500,0.0076584,0.009781,0.02968,6.317e-24,2.735e-05,4.221e-05,0.0004158,2.642e-24,3.55e-05,0.002066,0.001358,4.681e-07,0.1057,0.008355,0.02039,0.1635,3.675e-05,2.305e-05,0.093
   61500,   61560,0.00767,0.00979,0.0297,6.62e-24,2.742e-05,4.229e-05,0.0004166,2.779e-24,3.568e-05,0.00207,0.00136,4.698e-07,0.1058,0.008365,0.02039,0.1636,3.683e-05,2.318e-05,0.093
   61560,   61620,0.0076621,0.009799,0.02972,6.96e-24,2.75e-05,4.238e-05,0.0004175,2.932e-24,3.587e-05,0.002073,0.001362,4.716e-07,0.1058,0.008376,0.0204,0.1637,3.692e-05,2.331e-05,0.093
   61620,   61680,0.007673,0.009809,0.02974,7.319e-24,2.758e-05,4.247e-05,0.0004183,3.095e-24,3.606e-05,0.002076,0.001364,4.735e-07,0.1059,0.008387,0.02041,0.1637,3.7e-05,2.343e-05,0.093
   61680,   61740,0.0076932,0.009818,0.02976,7.677e-24,2.765e-05,4.255e-05,0.0004191,3.257e-24,3.624e-05,0.00208,0.001366,4.752e-07,0.1059,0.008397,0.02042,0.1638,3.708e-05,2.356e-05,0.093
   61740,   61800,0.007706,0.009827,0.02978,8.079e-24,2.773e-05,4.263e-05,0.0004199,3.44e-24,3.643e-05,0.002083,0.001368,4.77e-07,0.106,0.008407,0.02043,0.1639,3.717e-05,2.368e-05,0.093
   61800,   61860,0.0076994,0.009836,0.0298,8.504e-24,2.78e-05,4.272e-05,0.0004208,3.634e-24,3.661e-05,0.002086,0.001369,4.788e-07,0.106,0.008418,0.02043,0.164,3.725e-05,2.381e-05,0.093
   61860,   61920,0.0077023,0.009844,0.02982,8.927e-24,2.788e-05,4.28e-05,0.0004215,3.827e-24,3.679e-05,0.002089,0.001371,4.804e-07,0.1061,0.008428,0.02044,0.164,3.733e-05,2.393e-05,0.093
   61920,   61980,0.0077032,0.009853,0.02984,9.402e-24,2.795e-05,4.288e-05,0.0004223,4.044e-24,3.698e-05,0.002092,0.001373,4.822e-07,0.1061,0.008438,0.02045,0.1641,3.741e-05,2.406e-05,0.093
   61980,   62040,0.0077318,0.009862,0.02986,9.9e-24,2.802e-05,4.296e-05,0.0004231,4.271e-24,3.716e-05,0.002096,0.001375,4.84e-07,0.1062,0.008448,0.02046,0.1642,3.749e-05,2.418e-05,0.093
   62040,   62100,0.0077428,0.00987,0.02987,1.04e-23,2.809e-05,4.304e-05,0.0004239,4.497e-24,3.733e-05,0.002099,0.001377,4.856e-07,0.1062,0.008457,0.02046,0.1642,3.757e-05,2.43e-05,0.093
   62100,   62160,0.0077435,0.009878,0.02989,1.095e-23,2.817e-05,4.312e-05,0.0004247,4.746e-24,3.751e-05,0.002102,0.001378,4.873e-07,0.1063,0.008467,0.02047,0.1643,3.765e-05,2.442e-05,0.093
   62160,   62220,0.0077433,0.009887,0.02991,1.151e-23,2.824e-05,4.32e-05,0.0004255,4.999e-24,3.768e-05,0.002105,0.00138,4.89e-07,0.1063,0.008477,0.02048,0.1644,3.773e-05,2.454e-05,0.093
   62220,   62280,0.0077411,0.009895,0.02993,1.208e-23,2.831e-05,4.328e-05,0.0004262,5.268e-24,3.785e-05,0.002108,0.001382,4.906e-07,0.1064,0.008486,0.02048,0.1644,3.781e-05,2.465e-05,0.093
   62280,   62340,0.0077508,0.009903,0.02995,1.273e-23,2.838e-05,4.336e-05,0.000427,5.598e-24,3.803e-05,0.002111,0.001384,4.923e-07,0.1064,0.008496,0.02049,0.1645,3.788e-05,2.477e-05,0.093
   62340,   62400,0.0077546,0.009911,0.02997,1.345e-23,2.845e-05,4.343e-05,0.0004277,5.95e-24,3.822e-05,0.002114,0.001385,4.94e-07,0.1065,0.008505,0.0205,0.1646,3.796e-05,2.49e-05,0.093
   62400,   62460,0.0077745,0.009919,0.02998,1.422e-23,2.851e-05,4.351e-05,0.0004284,6.305e-24,3.839e-05,0.002116,0.001387,4.956e-07,0.1065,0.008514,0.0205,0.1646,3.804e-05,2.502e-05,0.093
   62460,   62520,0.0078007,0.009927,0.03,1.505e-23,2.859e-05,4.358e-05,0.0004292,6.685e-24,3.857e-05,0.002119,0.001389,4.973e-07,0.1066,0.008523,0.02051,0.1647,3.811e-05,2.514e-05,0.093
   62520,   62580,0.0078159,0.009935,0.03002,1.597e-23,2.866e-05,4.366e-05,0.0004299,7.122e-24,3.877e-05,0.002122,0.00139,4.99e-07,0.1066,0.008533,0.02052,0.1647,3.819e-05,2.527e-05,0.093
   62580,   62640,0.0078099,0.009942,0.03003,1.681e-23,2.872e-05,4.373e-05,0.0004306,7.48e-24,3.894e-05,0.002125,0.001392,5.007e-07,0.1066,0.008541,0.02052,0.1648,3.826e-05,2.54e-05,0.093
   62640,   62700,0.0078174,0.00995,0.03005,1.772e-23,2.879e-05,4.381e-05,0.0004314,7.936e-24,3.912e-05,0.002128,0.001393,5.023e-07,0.1067,0.00855,0.02053,0.1649,3.834e-05,2.551e-05,0.093
   62700,   62760,0.0078162,0.009958,0.03007,1.872e-23,2.886e-05,4.388e-05,0.0004321,8.398e-24,3.931e-05,0.002131,0.001395,5.04e-07,0.1067,0.008559,0.02054,0.1649,3.841e-05,2.565e-05,0.093
   62760,   62820,0.0078273,0.009965,0.03008,1.979e-23,2.892e-05,4.395e-05,0.0004328,8.9e-24,3.947e-05,0.002133,0.001396,5.056e-07,0.1068,0.008567,0.02054,0.165,3.848e-05,2.576e-05,0.093
   62820,   62880,0.0078281,0.009972,0.0301,2.078e-23,2.899e-05,4.402e-05,0.0004335,9.333e-24,3.963e-05,0.002136,0.001398,5.071e-07,0.1068,0.008576,0.02055,0.165,3.856e-05,2.586e-05,0.093
   62880,   62940,0.0078619,0.00998,0.03011,2.201e-23,2.906e-05,4.41e-05,0.0004342,9.965e-24,3.986e-05,0.002139,0.0014,5.09e-07,0.1068,0.008585,0.02055,0.1651,3.863e-05,2.602e-05,0.093
   62940,   63000,0.0078745,0.009986,0.03013,2.305e-23,2.912e-05,4.416e-05,0.0004348,1.04e-23,3.998e-05,0.002141,0.001401,5.102e-07,0.1069,0.008593,0.02056,0.1651,3.87e-05,2.61e-05,0.093
   63000,   63060,0.0078847,0.009994,0.03015,2.443e-23,2.918e-05,4.423e-05,0.0004355,1.113e-23,4.016e-05,0.002144,0.001403,5.12e-07,0.1069,0.008601,0.02056,0.1652,3.877e-05,2.623e-05,0.093
   63060,   63120,0.0078966,0.01,0.03016,2.559e-23,2.925e-05,4.43e-05,0.0004362,1.162e-23,4.03e-05,0.002147,0.001404,5.134e-07,0.107,0.00861,0.02057,0.1653,3.884e-05,2.633e-05,0.093
   63120,   63180,0.0079074,0.01001,0.03018,2.724e-23,2.931e-05,4.437e-05,0.0004369,1.244e-23,4.05e-05,0.002149,0.001405,5.15e-07,0.107,0.008617,0.02058,0.1653,3.891e-05,2.645e-05,0.093
   63180,   63240,0.0079186,0.01001,0.03019,2.832e-23,2.937e-05,4.444e-05,0.0004375,1.293e-23,4.066e-05,0.002152,0.001407,5.166e-07,0.107,0.008626,0.02058,0.1654,3.898e-05,2.657e-05,0.093
