CampaignData_and_Merges/R0/CSL_MobileLab_Parked/raw/20240805/USOS-HCHO_MobileLabGround_20240805_R0.ict
35,1001
Huang, Yaoxian
Wayne State University
Picarro G2307 on CSL Mobile Lab
USOS
1,1
2024,08,05,2024,08,09
1.0
Time_Start,seconds_since_midnight,number_of_seconds_since_0000_UTC
3
1.0,1.0,1.0
-9999.0,-9999.0,-9999.0
HCHO,ppbv,Gas_HCHO_InSitu_S_AVMR,volume mixing ratio of formaldehyde in air
H2O,ppmv,Gas_H2O_InSitu_S_AVMR,volume mixing ratio of water vapor in air
CH4,ppmv,Gas_CH4_InSitu_S_AVMR,volume mixing ratio of methane in air
0
18
PI_CONTACT_INFO: yaoxian.huang@wayne.edu
PLATFORM: CSL Mobile Lab, at Ground Site
LOCATION: Salt Lake City, UT
ASSOCIATED_DATA: N/A
INSTRUMENT_INFO: Cavity Ring-Down Spectrometer
DATA_INFO: Data is averaged to 1 minute intervals for stationary and 1 second interval for driving. Stationary data collected from a 20 ft tower on top of the mobile lab.
UNCERTAINTY: N/A
ULOD_FLAG: -7777
ULOD_VALUE: N/A
LLOD_FLAG: -8888
LLOD_VALUE: N/A
DM_CONTACT_INFO: Yaoxian Huang; yaoxian.huang@wayne.edu
PROJECT_INFO: USOS, Summer 2024. https://csl.noaa.gov/groups/csl7/measurements/2024usos/
STIPULATIONS_ON_USE: Users are strongly encouraged to contact the PI for proper data usage.
OTHER_COMMENTS: Data have been shifted backwards by 1 minute to align with USOS MetNav and Picarro GHG data.
REVISION: R0
R0: Final Data
Time_Start,HCHO,H2O,CH4
[from data line 544]
32640,2.57555,12929.7,1.99836
32700,2.8358,13339.2,1.99885
32760,3.43594,13849.1,1.98573
32820,2.75813,13893.5,2.00475
32880,2.78147,13927.8,1.99313
32940,2.80604,13889.6,1.99207
33000,2.82833,13825.6,1.97816
33060,2.90686,13540.0,1.99569
33120,2.77899,13462.3,2.01658
33180,2.89201,13337.5,2.11698
33240,2.91759,13732.9,2.05886
33300,2.99259,14190.6,2.01831
33360,3.04155,14173.0,2.01981
33420,3.52098,14102.0,2.02777
33480,3.45005,14156.0,2.01529
33540,3.1644,14133.0,2.00652
33600,3.34794,13938.1,2.01282
33660,3.4419,14017.7,2.01964
33720,2.95717,14091.7,2.0246
33780,3.00274,13904.6,2.03965
33840,3.13364,13602.2,2.24607
33900,3.42831,13644.3,2.22933
33960,3.01886,13837.9,2.14061
34020,3.09452,13804.4,2.12243
34080,3.10248,13470.6,2.15272
34140,3.07705,13461.2,2.15873
34200,3.33769,13716.6,2.15404
34260,3.17639,13726.7,2.14507
34320,3.28487,13699.1,2.1622
34380,3.1352,13730.9,2.16836
34440,3.08463,13814.0,2.13651
34500,2.9029,13919.1,2.06158
34560,2.8876,14046.1,2.02431
34620,2.39556,14205.9,1.9505
34680,2.44638,14288.7,1.94062
34740,2.30746,14308.0,1.92595
34800,2.36216,14340.8,1.91116
34860,2.35376,14375.9,1.91816
34920,2.52487,14323.2,1.93139
34980,2.5175,14427.5,1.91984
35040,2.30291,14337.4,1.91352
35100,2.51211,14453.6,1.93188
35160,2.51729,14369.3,1.92796
35220,2.43307,14297.7,1.91506
35280,2.27134,14317.0,1.91118
35340,2.23247,14348.6,1.90782
35400,2.19676,14319.5,1.90729
35460,2.22009,14278.2,1.904
35520,2.27622,14334.8,1.90659
35580,2.34617,14290.0,1.90553
35640,2.24474,14312.4,1.90372
35700,2.14046,14257.4,1.90923
35760,2.41466,14263.2,1.90454
35820,2.43526,14285.2,1.92456
35880,2.65292,14233.5,1.93756
35940,2.38044,14306.0,1.93908
36000,2.42841,14269.8,1.93795
36060,2.51456,14215.0,1.93459
36120,2.4484,14223.5,1.93653
36180,2.5027,14219.5,1.94793
36240,2.3958,14231.1,1.95278
36300,2.53683,14239.0,1.94836
36360,2.54118,14296.8,1.9462
36420,2.36401,14252.1,1.94112
36480,2.47406,14168.6,1.94028
36540,2.48484,14221.0,1.94393
36600,2.56855,14241.6,1.94305
36660,2.57338,14335.9,1.94389
36720,2.41644,14337.5,1.9461
36780,2.81209,14341.2,1.94587
36840,2.4701,14143.0,1.94462
36900,2.5953,14164.4,1.94506
36960,2.42703,13974.0,1.94292
37020,2.6611,14310.0,1.9456
37080,2.45591,14408.7,1.94979
37140,2.48913,14286.9,1.94994
37200,2.49517,14275.1,1.94671
37260,2.50828,14314.1,1.95018
37320,2.64248,14523.2,1.95284
37380,2.59464,14570.9,1.96305
37440,2.66023,14617.8,1.96455
37500,2.71031,14468.2,1.96001
37560,2.55028,14401.8,1.95429
37620,2.778,14448.2,1.95495
37680,2.85827,14592.5,1.95853
37740,2.96105,14662.1,1.95827
37800,3.08107,14632.6,1.96052
37860,2.92691,14661.3,1.964
37920,2.92754,14698.6,1.96834
37980,2.95111,14596.9,1.9689
38040,2.78971,14605.5,1.97222
38100,2.84174,14690.5,1.96857
38160,2.8591,14673.4,1.97227
38220,2.83729,14649.2,1.97681
38280,2.9686,14639.8,1.97903
38340,2.94391,14746.6,1.97873
38400,2.96763,14684.7,1.9829
38460,2.81508,14638.5,1.97044
38520,2.36551,14504.2,1.96056
38580,2.66696,14549.1,1.95835
38640,2.47133,14523.3,1.95366
38700,2.50164,14479.3,1.94387
38760,2.60896,14445.8,1.94077
38820,2.4486,14505.3,1.93393
38880,2.36921,14506.8,1.93268
38940,2.30124,14515.4,1.93327
39000,2.35357,14509.2,1.93172
39060,2.36012,14534.0,1.93416
39120,2.43335,14484.8,1.92292
39180,2.45702,14520.2,1.93484
39240,2.29366,14528.1,1.93708
39300,2.28984,14556.0,1.93465
39360,2.39974,14479.6,1.93923
39420,2.40036,14566.0,1.93578
39480,2.45256,14429.3,1.94019
39540,2.53215,14435.0,1.94223
39600,2.76557,14399.7,1.94514
39660,2.57388,14392.2,1.93719
39720,2.28029,14265.4,1.91813
39780,2.25632,14323.8,1.92819
39840,2.31099,14344.2,1.9247
39900,2.32205,14278.0,1.92675
39960,2.22846,14355.3,1.92621
40020,2.133,14267.8,1.91497
40080,2.22541,14283.8,1.91672
40140,2.06224,14313.6,1.91231
40200,2.20176,14285.2,1.9108
40260,2.1709,14300.3,1.91305
40320,2.13296,14340.7,1.90965
40380,2.06183,14448.4,1.91047
40440,2.14256,14358.4,1.91061
40500,2.13807,14335.3,1.91063
40560,2.24115,14426.1,1.91052
40620,2.21012,14370.6,1.90946
40680,2.25044,14388.7,1.90843
40740,2.04612,14383.1,1.90927
40800,2.2457,14337.1,1.91245
40860,1.96752,14305.9,1.90643
40920,2.15986,14429.1,1.90826
40980,2.36425,14375.5,1.91031
41040,2.16728,14385.9,1.9089
41100,2.00512,14323.7,1.90887
41160,2.21147,14307.6,1.90887
41220,2.16392,14361.9,1.90828
41280,2.05938,14438.8,1.90623
41340,2.13718,14304.0,1.90653
41400,1.93425,14246.4,1.90469
41460,2.26148,14277.9,1.90373
41520,1.97122,14245.4,1.90469
41580,2.10118,14290.1,1.90748
41640,2.14891,14367.9,1.90528
41700,1.89591,14323.3,1.90503
41760,2.0152,14239.1,1.90528
41820,2.22917,14213.6,1.90588
41880,2.13562,14250.1,1.90355
41940,2.04314,14252.4,1.90584
42000,2.34003,14296.6,1.90762
42060,2.05151,14318.9,1.90584
42120,2.01047,14289.6,1.90598
42180,2.05854,14352.1,1.90703
42240,1.69465,14278.8,1.90644
42300,2.27925,14266.4,1.90596
42360,2.35604,14356.0,1.90765
42420,2.08327,14325.8,1.90603
42480,1.79145,14341.0,1.907
42540,2.29054,14300.6,1.90728
42600,1.995,14242.0,1.90458
42660,2.16393,14289.5,1.90959
42720,2.16096,14280.8,1.90582
42780,2.42253,14329.8,1.91218
42840,2.04502,14308.8,1.90839
42900,1.92748,14321.6,1.91001
42960,2.19691,14339.5,1.90884
43020,2.05494,14359.7,1.90831
43080,2.04978,14309.5,1.90941
43140,2.0475,14310.4,1.90926
43200,2.04616,14349.3,1.90867
43260,1.89217,14290.2,1.90843
43320,2.04799,14272.9,1.90733
43380,2.04172,14225.4,1.90525
43440,2.21365,14262.0,1.90586
43500,2.04462,14276.3,1.90686
43560,2.0539,14218.2,1.90701
43620,2.14695,14261.1,1.90627
43680,1.91694,14261.9,1.90694
43740,2.16674,14236.9,1.90701
43800,2.1835,14223.5,1.90669
43860,1.96319,14340.8,1.90476
43920,2.0866,14238.8,1.90513
43980,1.92589,14227.2,1.90675
44040,2.06834,14237.5,1.9075
44100,1.99888,14233.0,1.9082
44160,2.08918,14150.5,1.90619
44220,2.12028,14173.1,1.90505
44280,1.95885,14223.9,1.90701
44340,2.21025,14186.5,1.90699
44400,2.11561,14192.9,1.90592
44460,1.93932,14210.2,1.90748
44520,1.96861,14198.4,1.90503
44580,1.94264,14223.6,1.90448
44640,2.14687,14251.1,1.90378
44700,1.88829,14254.6,1.90427
44760,1.97,14194.9,1.90767
44820,2.12122,14183.0,1.90417
44880,2.39798,14202.8,1.90508
44940,2.03804,14247.2,1.90578
45000,2.09362,14223.4,1.9039
45060,2.11044,14255.6,1.905
45120,2.04357,14214.3,1.90471
45180,1.99352,14212.0,1.90325
45240,2.0095,14232.6,1.90441
45300,2.13727,14226.0,1.90402
45360,2.02725,14223.8,1.90238
45420,2.33103,14323.7,1.90524
45480,1.83942,14314.9,1.9045
45540,2.04896,14356.8,1.90482
45600,2.16519,14294.6,1.90743
45660,2.14841,14275.3,1.90748
45720,2.04854,14297.8,1.90354
45780,2.05321,14237.6,1.90523
45840,2.28286,14278.0,1.90061
45900,2.15455,14328.5,1.90659
45960,2.3069,14399.7,1.91199
46020,2.51185,14375.0,1.93013
46080,2.43682,14361.4,1.93519
46140,2.33227,14434.3,1.96718
46200,2.57551,14486.7,1.9973
46260,3.15149,14609.6,2.01198
46320,3.07512,14646.4,2.02679
46380,3.17119,14559.4,2.02983
46440,3.15945,14650.3,2.02631
46500,3.33254,14663.9,2.04016
46560,3.48238,14524.9,2.07098
46620,3.72774,14383.1,2.0958
46680,3.53681,14477.2,2.09243
46740,3.35119,14391.6,2.103
46800,3.72738,14412.4,2.10857
46860,3.57756,14413.4,2.13494
46920,3.58803,14489.2,2.1336
46980,3.83194,14459.3,2.17525
47040,4.02289,14514.4,2.2058
47100,3.89707,14641.9,2.20381
47160,4.09229,14651.1,2.27758
47220,4.31858,14626.8,2.34168
47280,4.4546,14672.0,2.37959
47340,4.18871,15036.7,2.32714
47400,4.39337,14954.7,2.36467
47460,4.51285,14734.9,2.47063
47520,4.67545,14808.2,2.48489
47580,4.58774,14986.9,2.47849
47640,4.554,15015.3,2.57286
47700,4.65658,15038.8,2.55334
47760,4.74516,15217.2,2.54333
47820,4.47825,15293.8,2.54315
47880,4.95971,15204.9,2.55039
47940,4.59022,15205.5,2.55455
48000,4.67933,15095.1,2.56687
48060,4.55529,15092.7,2.53569
48120,4.89237,15123.8,2.5435
48180,4.5913,15179.6,2.51454
48240,4.60685,15223.3,2.5008
48300,4.58221,15331.4,2.51061
48360,4.73927,15163.3,2.48536
48420,4.80267,15236.9,2.44813
48480,4.52848,15145.4,2.40056
48540,4.22106,15421.3,2.35054
48600,4.34537,15391.4,2.28712
48660,3.90561,15239.8,2.1702
48720,3.94914,15155.4,2.14868
48780,4.0976,15270.8,2.15607
48840,4.37234,15331.3,2.16382
48900,4.06633,15573.4,2.17091
48960,4.39083,15948.1,2.17994
49020,4.13706,15766.2,2.18041
49080,4.13903,15604.5,2.18061
49140,4.05342,15265.2,2.12787
49200,3.99288,15405.8,2.1343
49260,4.43843,15388.5,2.13285
49320,4.07713,15482.2,2.11863
49380,4.26142,15519.9,2.12122
49440,4.47777,15696.2,2.12198
49500,4.36137,16079.2,2.13902
49560,4.59992,16223.8,2.19237
49620,4.81316,16100.7,2.24792
49680,4.74552,15982.6,2.24907
49740,4.36435,16325.5,2.27656
49800,4.61425,15978.4,2.30008
49860,4.65911,15786.1,2.27586
49920,4.53406,16021.8,2.28925
49980,4.71598,16185.2,2.31629
50040,4.6782,16427.7,2.35672
50100,4.74227,16220.3,2.37612
50160,4.65926,15822.3,2.33779
50220,4.89323,15940.1,2.31621
50280,4.82687,16558.5,2.39732
50340,5.2083,16657.2,2.40097
50400,5.10883,16383.5,2.38975
50460,4.96507,16040.0,2.34491
50520,4.85411,16055.3,2.30375
50580,5.05278,16067.1,2.29536
50640,5.34368,16334.6,2.31309
50700,4.92484,16629.4,2.30191
50760,4.87001,16648.4,2.31021
50820,5.31478,16533.4,2.32481
50880,5.16354,16303.0,2.29915
50940,5.06332,16500.9,2.29441
51000,4.8062,16642.9,2.30151
51060,5.06619,16589.8,2.27553
51120,4.93124,17039.3,2.29755
51180,5.0808,17200.2,2.33418
51240,4.84539,17187.1,2.34152
51300,4.83717,16611.7,2.3419
51360,5.07822,16279.2,2.31883
51420,4.52525,16108.7,2.23205
51480,4.13383,15750.4,2.13491
51540,4.29711,16498.0,2.17615
51600,4.63571,16900.7,2.25606
51660,4.55783,16661.7,2.23079
51720,4.27394,16945.4,2.23476
51780,3.97947,16237.2,2.13927
51840,3.55862,16299.6,2.09346
51900,3.98431,16206.8,2.0746
51960,3.31824,15470.8,1.99486
52020,3.63364,15550.7,2.00158
52080,3.12916,15314.2,1.9631
52140,2.87101,15305.7,1.94729
52200,3.14509,15284.7,1.95108
52260,3.20032,15494.5,1.95556
52320,3.53945,15880.2,1.96134
52380,3.22026,15735.2,1.96158
52440,2.99399,15075.2,1.95945
52500,3.36043,15194.1,1.96349
52560,3.23916,15550.2,1.96461
52620,3.25915,15400.2,1.97514
52680,3.11276,15282.6,1.98606
52740,3.18123,15160.0,1.99328
52800,3.31572,15231.4,1.99647
52860,3.38292,15429.9,1.9993
52920,3.37945,15504.3,2.00828
52980,3.31345,15542.7,2.01142
53040,3.43603,15737.9,2.01616
53100,3.63612,15553.4,2.029
53160,3.44364,15461.6,2.03476
53220,3.45756,15206.5,2.04203
53280,3.53371,15170.8,2.05991
53340,3.71098,15240.5,2.05794
53400,3.52067,15225.6,2.0418
53460,2.93141,14918.1,1.98676
53520,3.35078,15186.5,1.98972
53580,3.48659,16212.7,2.03749
53640,3.55668,15448.1,2.01798
53700,3.40118,15143.8,2.00326
53760,3.39457,14963.6,1.99249
53820,3.3769,15068.6,1.99541
53880,3.84439,15905.1,2.02545
53940,4.1442,16118.1,2.03188
54000,3.78057,15671.3,2.01492
54060,4.13301,15692.5,2.01371
54120,3.47678,15506.4,1.99345
54180,3.50048,15726.0,2.00681
54240,3.92818,15686.6,2.00724
54300,3.88634,15853.0,2.00634
54360,3.69723,16079.1,2.00905
54420,3.93918,16091.4,2.00198
54480,3.81458,15723.7,1.99488
54540,3.75209,15794.1,1.99516
54600,3.69241,15677.2,1.99245
54660,3.81391,15285.1,1.97854
54720,3.36614,15372.5,1.98137
54780,3.65676,15600.3,1.98149
54840,3.55448,15618.8,1.98647
54900,3.8694,15770.4,1.98666
54960,3.7823,15894.4,1.97879
55020,3.68537,15926.9,1.97853
55080,4.17226,15931.7,1.97909
55140,3.93893,15902.6,1.98093
55200,3.95603,15909.0,1.98011
55260,3.73396,15891.2,1.97407
55320,3.74459,16011.5,1.98038
55380,3.97582,16103.7,1.9779
55440,3.95164,16102.8,1.97693
55500,4.18584,16389.3,1.97931
55560,4.37347,16322.1,1.9841
55620,4.25715,15980.8,1.98539
55680,4.16441,16018.5,1.98579
55740,4.17881,16074.4,1.98988
55800,4.23919,16080.3,1.98696
55860,4.08256,16007.0,1.98783
55920,4.31986,16066.3,1.98653
55980,4.3001,15975.0,1.98871
56040,4.42555,16144.1,1.98613
56100,4.31659,16148.3,1.99157
56160,4.2837,16354.8,1.99029
56220,4.39356,16172.8,1.99249
56280,4.35911,15896.1,1.98719
56340,4.46185,15794.7,1.9934
56400,4.79757,16196.7,2.00199
56460,4.66829,16276.7,2.0038
56520,4.58701,16395.9,2.00385
56580,4.66888,16520.7,1.9973
56640,4.49447,16558.2,1.99336
56700,4.95526,16412.2,1.9905
56760,4.83443,16738.3,1.99228
56820,4.57558,15927.4,1.97769
56880,4.59267,16207.0,1.984
56940,4.56532,16295.5,1.98762
57000,4.76472,16828.9,1.99175
57060,4.9352,16606.0,1.98942
57120,4.5916,16272.2,1.98214
57180,4.83945,16435.0,1.98313
57240,4.80629,16590.5,1.97853
57300,4.6929,16765.2,1.96453
57360,4.55719,16599.6,1.9536
57420,4.47059,16534.2,1.96045
57480,4.48948,15693.8,1.95546
57540,4.47325,15643.5,1.95557
57600,4.65904,15958.1,1.95739
57660,4.30956,15887.9,1.94847
57720,4.29025,15483.7,1.94721
57780,3.89434,15201.3,1.94499
57840,4.37942,15246.0,1.94668
57900,4.30449,15257.5,1.94998
57960,4.25492,15402.0,1.95013
58020,4.59034,15690.3,1.95219
58080,4.72898,16231.9,1.95149
58140,4.45377,15969.3,1.94935
58200,4.69676,16201.8,1.95256
58260,4.462,15629.2,1.94893
58320,4.629,15701.2,1.9509
58380,4.89576,15916.7,1.9526
58440,5.13119,16203.8,1.95036
58500,4.6999,16263.9,1.94998
58560,4.73477,16713.1,1.94209
58620,4.74951,16179.4,1.94644
58680,4.80826,16224.0,1.94846
58740,4.68727,17111.9,1.94307
58800,4.7462,16446.7,1.94057
58860,4.86682,16476.8,1.94233
58920,4.89772,16607.9,1.94538
58980,4.90203,16720.4,1.93701
59040,4.73969,16378.2,1.93692
59100,4.69454,16221.7,1.93601
59160,4.58872,15870.9,1.9385
59220,4.74938,15927.5,1.93658
59280,4.59721,16062.2,1.93553
59340,4.6836,16107.9,1.93589
59400,4.40377,15449.4,1.93073
59460,4.78026,15772.4,1.9287
59520,4.57382,15362.2,1.92559
59580,4.1968,15154.1,1.91702
59640,4.372,15125.3,1.9137
59700,3.93426,14773.4,1.91514
59760,4.2554,14825.1,1.91408
59820,4.01344,14432.0,1.91341
59880,4.10125,14420.0,1.96388
59940,3.89137,14150.6,1.94196
60000,3.96033,14001.0,1.95613
60060,3.86196,14158.6,1.92806
60120,4.02803,14529.7,1.91683
60180,4.28519,15145.0,1.91221
60240,4.30178,14812.3,1.91231
60300,4.51559,14976.0,1.91145
60360,4.42964,14735.9,1.91443
60420,4.37169,14654.8,1.90927
60480,4.1377,14399.8,1.91203
60540,4.20027,14901.5,1.91085
60600,4.32715,14738.5,1.91327
60660,4.28709,14669.2,1.9106
60720,4.07564,14289.9,1.91082
60780,4.18808,14525.0,1.91581
60840,3.79036,14004.2,1.91274
60900,4.04313,14179.3,1.9109
60960,3.46182,13873.6,1.91161
61020,3.56426,13735.8,1.91006
61080,3.79509,13982.4,1.91027
61140,3.87763,14622.4,1.9123
61200,4.1756,14538.2,1.91559
61260,4.20355,14451.7,1.91424
61320,4.60155,14850.3,1.91851
61380,4.3598,15045.1,1.91757
61440,4.7656,15039.8,1.92148
61500,4.72253,14973.0,1.92501
61560,5.00582,15237.3,1.92167
61620,4.48179,14922.5,1.92274
61680,4.69864,14780.5,1.92408
61740,4.60803,14979.7,1.92025
61800,4.54681,14702.7,1.91985
61860,4.57448,15800.8,1.91861
61920,4.54157,15219.7,1.92102
61980,4.81159,15904.6,1.91822
62040,4.76972,15188.9,1.92069
62100,4.79447,15117.8,1.92389
62160,4.84914,15913.2,1.92256
62220,4.63957,15048.3,1.92342
62280,4.24826,14631.4,1.9187
62340,4.28198,14802.0,1.92062
62400,4.84972,14800.7,1.92276
62460,4.55198,14860.0,1.92148
62520,5.0055,14932.8,1.9223
62580,4.56199,14821.7,1.92324
62640,4.61504,16476.1,1.91563
62700,4.30005,14907.5,1.91755
62760,4.46905,14430.3,1.92001
62820,4.22645,14420.2,1.91665
62880,4.50636,14504.9,1.91379
62940,3.95383,14355.0,1.91412
63000,3.77011,14014.2,1.91178
63060,3.80655,14039.7,1.91128
63120,3.64649,13952.0,1.91201
63180,3.53506,14002.8,1.90817
63240,3.66029,14049.1,1.91118
63300,3.32723,13463.9,1.90558
63360,2.19446,13090.2,1.90083
63420,2.66549,13096.4,1.90151
63480,2.37451,13287.8,1.89819
63540,2.53978,14065.8,1.89904
63600,2.68694,13397.6,1.90441
63660,3.05933,13301.4,1.9012
63720,2.51108,13135.5,1.90035
63780,2.6157,13135.3,1.89993
63840,2.71246,13190.0,1.90063
63900,3.27691,13418.2,1.90556
63960,3.23831,13554.0,1.90578
64020,3.52636,13898.2,1.90788
64080,3.9199,13940.7,1.90964
64140,3.50356,13614.4,1.90877
64200,3.38622,13698.8,1.90738
64260,3.30788,13698.1,1.90753
64320,3.37162,14045.6,1.9076
64380,3.41909,13598.7,1.90703
64440,3.67059,13544.4,1.90714
64500,3.49495,13501.5,1.90898
64560,3.56039,13552.0,1.90789
64620,3.89485,13662.3,1.90678
64680,3.28455,13622.9,1.90558
64740,3.6202,13779.0,1.90534
64800,3.36075,13458.5,1.90406
