CampaignData_and_Merges/R0/CSL_MobileLab_Parked/raw/20240805/USOS-MetNav_MobileLabGround_20240805_R0.ict
44, 1001
Carrie Womack, Nate Howard, Mike Zucker
NOAA Chemical Sciences Laboratory
Mobile Lab MetNav Station
USOS
1, 1
2024, 08, 05, 2024, 12, 21
60
Time_Start, seconds_past_midnight, Seconds from midnight UTC
11
1, 1, 1, 1, 1, 1, 1, 1, 1, 1, 1
-9999, -9999, -9999, -9999, -9999, -9999, -9999, -9999, -9999, -9999, -9999
GPS_Alt_m, meters, Altitude from Differential GPS
GPS_Course_deg, degrees, Course from Differential GPS
GPS_GndSpd_m_s, m/s, Ground Speed from Differential GPS
GPS_Heading_deg, degrees, Heading from Differential GPS
GPS_Lat_deg, degrees, Latitude from Differential GPS
GPS_Lon_deg, degrees, Longitude from Differential GPS
AirTemp_C, Celsius, Air Temperature from Airmar
RelHumidity_pct, percent, Relative Humidity from Airmar
Pressure_mb, millibars, Pressure from Honeywell
WindDir_calc_deg, degrees, Wind Direction from Airmar corrected for van movement
WindSpd_calc_m_s, m/s, Wind Speed from Airmar corrected for van movement
1
SPECIAL COMMENTS:
18
PI_CONTACT_INFO: Address: 325 Broadway R/CSL7, Boulder, CO, 80305
PLATFORM: CSL Mobile Lab
LOCATION: Salt Lake City, UT
ASSOCIATED_DATA: N/A
INSTRUMENT_INFO: N/A
DATA_INFO: Units:
UNCERTAINTY: N/A
ULOD_FLAG: -7777
ULOD_VALUE: N/A
LLOD_FLAG: -8888
LLOD_VALUE: N/A
DM_CONTACT_INFO: Data Manager: Nate Howard
PROJECT_INFO: 
STIPULATIONS_ON_USE: Use of these data require prior ok from PI.
OTHER_COMMENTS: 
REVISION: R0
R0: Final data. Fixed bug in wind averaging code. RA: Preliminary Data. For in-field use only. 
Time_Start, GPS_Alt_m, GPS_Course_deg, GPS_GndSpd_m_s, GPS_Heading_deg, GPS_Lat_deg, GPS_Lon_deg, AirTemp_C, RelHumidity_pct, Pressure_mb, WindDir_calc_deg, WindSpd_calc_m_s
[from data line 212]
12720.0,1308.0,2.05,0.05,2.05,40.73434,-111.87211,28.1,26.1,876.1,112.96,1.7
12780.0,1308.1,2.78,0.05,2.78,40.73434,-111.87211,28.1,26.3,876.1,121.77,1.5
12840.0,1308.3,2.85,0.05,2.85,40.73434,-111.87211,28.0,26.1,876.1,112.80,1.7
12900.0,1308.4,2.30,0.05,2.30,40.73434,-111.87211,28.0,26.5,876.2,120.94,1.6
12960.0,1308.4,1.99,0.04,1.99,40.73434,-111.87211,27.9,28.4,876.2,116.18,1.7
13020.0,1308.7,2.07,0.05,2.07,40.73434,-111.87211,27.8,27.1,876.2,113.04,1.2
13080.0,1308.6,2.06,0.06,2.06,40.73434,-111.87211,27.8,26.7,876.2,121.22,1.6
13140.0,1308.4,2.72,0.05,2.72,40.73434,-111.87211,27.8,26.7,876.2,98.28,0.5
13200.0,1308.0,2.72,0.05,2.72,40.73434,-111.87211,27.8,26.5,876.2,119.91,1.3
13260.0,1308.3,2.13,0.05,2.13,40.73434,-111.87211,27.8,27.8,876.2,116.01,1.3
13320.0,1308.5,2.22,0.06,2.22,40.73434,-111.87211,27.7,26.9,876.3,110.08,1.0
13380.0,1308.3,1.94,0.05,1.94,40.73434,-111.87210,27.7,26.2,876.3,113.59,0.9
13440.0,1308.4,1.87,0.05,1.87,40.73434,-111.87211,27.7,27.4,876.3,137.91,1.2
13500.0,1308.2,1.44,0.06,1.44,40.73434,-111.87211,27.6,26.9,876.3,117.47,1.8
13560.0,1308.2,1.19,0.05,1.19,40.73434,-111.87211,27.6,26.7,876.3,112.21,1.4
13620.0,1308.1,1.26,0.05,1.26,40.73433,-111.87211,27.6,27.4,876.3,118.64,1.5
13680.0,1308.1,1.19,0.05,1.19,40.73433,-111.87211,27.5,28.6,876.3,121.55,1.2
13740.0,1308.1,1.36,0.06,1.36,40.73433,-111.87211,27.5,27.2,876.3,110.97,1.4
13800.0,1308.1,1.53,0.05,1.53,40.73433,-111.87210,27.4,27.7,876.3,120.89,1.6
13860.0,1308.2,1.93,0.05,1.93,40.73433,-111.87210,27.4,27.2,876.3,114.14,1.6
13920.0,1308.3,1.47,0.06,1.47,40.73433,-111.87210,27.4,27.0,876.4,112.12,1.8
13980.0,1307.9,1.48,0.05,1.48,40.73433,-111.87211,27.4,26.6,876.4,110.13,1.9
14040.0,1307.7,1.33,0.06,1.33,40.73433,-111.87211,27.3,27.2,876.4,111.39,1.8
14100.0,1307.9,1.28,0.06,1.28,40.73433,-111.87210,27.3,27.6,876.4,112.70,1.6
14160.0,1307.8,1.22,0.05,1.22,40.73433,-111.87211,27.3,27.6,876.4,121.08,1.7
14220.0,1307.9,1.14,0.05,1.14,40.73433,-111.87211,27.3,28.1,876.5,119.76,1.1
14280.0,1308.0,1.19,0.05,1.19,40.73433,-111.87211,27.3,27.1,876.5,113.77,1.4
14340.0,1308.1,1.19,0.05,1.19,40.73433,-111.87211,27.2,27.1,876.5,116.45,1.8
14400.0,1307.9,1.28,0.05,1.28,40.73433,-111.87211,27.1,27.7,876.5,109.72,1.8
14460.0,1308.0,1.19,0.06,1.19,40.73433,-111.87211,27.2,27.3,876.5,116.93,1.5
14520.0,1307.7,1.05,0.06,1.05,40.73433,-111.87211,27.1,27.1,876.5,118.17,1.8
14580.0,1307.4,1.01,0.05,1.01,40.73433,-111.87211,27.1,27.5,876.5,122.28,1.9
14640.0,1307.5,0.65,0.06,0.65,40.73433,-111.87211,27.1,27.7,876.6,116.38,1.8
14700.0,1307.6,0.83,0.05,0.83,40.73433,-111.87211,27.0,27.9,876.6,110.74,2.8
14760.0,1307.6,1.07,0.05,1.07,40.73433,-111.87211,26.9,27.1,876.6,111.95,2.2
14820.0,1307.6,1.19,0.05,1.19,40.73433,-111.87211,26.9,28.5,876.6,113.95,1.3
14880.0,1307.6,1.57,0.05,1.57,40.73433,-111.87211,26.9,27.2,876.6,118.11,1.3
14940.0,1307.6,1.18,0.05,1.18,40.73433,-111.87211,26.9,27.8,876.6,116.46,1.1
15000.0,1307.7,1.00,0.05,1.00,40.73433,-111.87211,26.9,27.2,876.6,116.40,1.3
15060.0,1307.8,1.55,0.05,1.55,40.73434,-111.87211,26.9,26.4,876.6,112.17,1.4
15120.0,1307.8,2.00,0.06,2.00,40.73434,-111.87211,27.0,26.8,876.6,116.89,1.4
15180.0,1307.7,2.46,0.06,2.46,40.73434,-111.87211,27.0,27.1,876.6,112.11,1.3
15240.0,1307.9,2.49,0.05,2.49,40.73434,-111.87211,27.0,26.4,876.6,123.52,1.4
15300.0,1307.9,2.82,0.05,2.82,40.73434,-111.87211,27.1,27.2,876.6,119.51,1.7
15360.0,1308.0,2.52,0.06,2.52,40.73434,-111.87211,27.0,26.9,876.6,117.58,1.2
15420.0,1308.1,1.85,0.05,1.85,40.73434,-111.87211,27.1,26.5,876.6,119.45,1.3
15480.0,1308.1,1.36,0.05,1.36,40.73434,-111.87211,27.1,26.8,876.6,118.62,0.9
15540.0,1308.1,1.14,0.05,1.14,40.73434,-111.87211,27.1,25.8,876.6,108.22,1.2
15600.0,1308.1,1.08,0.05,1.08,40.73434,-111.87211,27.1,27.0,876.6,114.67,1.5
15660.0,1307.9,1.48,0.04,1.48,40.73434,-111.87210,27.1,26.6,876.6,107.09,1.6
15720.0,1307.8,1.49,0.05,1.49,40.73434,-111.87210,27.2,26.3,876.6,113.31,1.0
15780.0,1307.6,1.43,0.05,1.43,40.73434,-111.87210,27.1,26.7,876.6,104.64,0.9
15840.0,1307.6,1.10,0.05,1.10,40.73434,-111.87210,27.2,26.1,876.6,115.57,1.0
15900.0,1307.6,1.15,0.05,1.15,40.73434,-111.87210,27.2,26.0,876.6,116.08,0.8
15960.0,1307.6,0.98,0.04,0.98,40.73434,-111.87210,27.3,25.9,876.6,97.73,0.2
16020.0,1307.5,1.12,0.04,1.12,40.73434,-111.87210,27.3,25.7,876.6,121.01,0.9
16080.0,1307.5,0.94,0.04,0.94,40.73434,-111.87210,27.3,25.9,876.6,120.35,0.8
16140.0,1307.5,0.77,0.04,0.77,40.73434,-111.87210,27.3,25.8,876.7,119.52,0.7
16200.0,1307.4,0.48,0.04,0.48,40.73434,-111.87211,27.4,25.9,876.6,141.67,0.7
16260.0,1307.4,0.67,0.04,0.67,40.73434,-111.87211,27.4,26.0,876.6,112.43,0.7
16320.0,1307.4,0.44,0.04,0.44,40.73434,-111.87211,27.5,25.7,876.7,123.87,0.8
16380.0,1307.4,0.78,0.04,0.78,40.73434,-111.87211,27.4,25.7,876.7,65.62,0.4
16440.0,1307.5,0.76,0.04,0.76,40.73434,-111.87211,27.4,25.7,876.7,116.14,1.2
16500.0,1307.5,0.77,0.04,0.77,40.73434,-111.87211,27.4,25.7,876.7,117.92,1.3
16560.0,1307.4,0.25,0.04,0.25,40.73434,-111.87211,27.4,26.7,876.7,123.55,1.0
16620.0,1307.4,0.41,0.05,0.41,40.73434,-111.87211,27.3,26.1,876.7,127.36,1.3
16680.0,1307.4,0.39,0.04,0.39,40.73434,-111.87211,27.3,26.1,876.7,129.34,1.3
16740.0,1307.4,0.05,0.05,0.05,40.73434,-111.87211,27.2,26.2,876.7,114.08,1.7
16800.0,1307.5,359.89,0.04,359.89,40.73434,-111.87211,27.2,25.5,876.7,112.13,1.5
16860.0,1307.4,359.80,0.04,359.80,40.73434,-111.87211,27.2,25.8,876.7,120.95,1.2
16920.0,1307.5,359.83,0.05,359.83,40.73434,-111.87211,27.1,26.8,876.7,115.98,1.2
16980.0,1307.4,0.07,0.05,0.07,40.73434,-111.87211,27.1,26.0,876.7,125.54,1.1
17040.0,1307.5,359.76,0.05,359.76,40.73434,-111.87211,27.1,25.5,876.7,111.35,1.5
17100.0,1307.6,0.19,0.05,0.19,40.73434,-111.87211,27.1,25.6,876.7,107.93,0.9
17160.0,1307.8,359.68,0.05,359.68,40.73434,-111.87211,27.1,25.4,876.7,119.16,1.3
17220.0,1308.0,0.17,0.05,0.17,40.73434,-111.87211,27.1,25.9,876.7,109.41,0.7
17280.0,1308.3,0.29,0.04,0.29,40.73434,-111.87211,27.1,25.5,876.7,122.31,1.6
17340.0,1308.1,359.73,0.05,359.73,40.73434,-111.87211,27.1,25.8,876.7,115.53,0.6
17400.0,1308.0,359.74,0.04,359.74,40.73434,-111.87211,27.2,25.7,876.7,113.46,0.7
17460.0,1308.1,359.60,0.05,359.60,40.73434,-111.87211,27.2,25.4,876.7,100.92,0.4
17520.0,1308.3,359.58,0.04,359.58,40.73434,-111.87211,27.2,25.3,876.7,99.58,0.6
17580.0,1308.3,0.27,0.05,0.27,40.73434,-111.87211,27.3,25.4,876.7,99.75,0.3
17640.0,1308.4,359.68,0.05,359.68,40.73434,-111.87211,27.3,25.2,876.7,129.13,1.1
17700.0,1308.6,359.50,0.04,359.50,40.73434,-111.87211,27.3,25.9,876.7,126.30,1.3
17760.0,1308.7,0.07,0.05,0.07,40.73434,-111.87211,27.3,25.7,876.7,125.29,1.1
17820.0,1308.8,0.58,0.05,0.58,40.73434,-111.87211,27.2,26.8,876.7,127.04,0.9
17880.0,1308.8,0.82,0.05,0.82,40.73434,-111.87211,27.2,26.3,876.7,126.67,1.4
17940.0,1309.0,1.28,0.04,1.28,40.73434,-111.87211,27.1,26.0,876.7,119.07,1.8
18000.0,1309.2,1.31,0.05,1.31,40.73434,-111.87211,27.0,26.3,876.7,118.90,1.1
18060.0,1309.4,1.69,0.05,1.69,40.73434,-111.87211,27.1,25.7,876.7,151.69,2.0
18120.0,1309.5,1.99,0.05,1.99,40.73434,-111.87211,27.0,27.0,876.7,127.71,1.7
18180.0,1310.0,1.71,0.05,1.71,40.73434,-111.87210,26.9,26.4,876.7,106.47,1.1
18240.0,1309.9,1.81,0.04,1.81,40.73434,-111.87210,27.0,26.1,876.7,129.95,0.9
18300.0,1309.5,1.37,0.05,1.37,40.73434,-111.87210,26.9,27.0,876.7,135.65,1.6
18360.0,1309.6,1.54,0.05,1.54,40.73434,-111.87210,26.9,26.3,876.7,137.36,1.2
18420.0,1309.8,1.76,0.04,1.76,40.73434,-111.87210,26.8,27.2,876.7,136.69,1.6
18480.0,1309.7,1.78,0.05,1.78,40.73434,-111.87210,26.9,26.2,876.7,145.35,1.6
18540.0,1309.6,1.49,0.04,1.49,40.73434,-111.87210,26.8,27.2,876.7,119.45,1.0
18600.0,1309.7,1.71,0.04,1.71,40.73434,-111.87210,26.8,27.0,876.7,131.53,1.1
18660.0,1309.7,1.28,0.04,1.28,40.73434,-111.87210,26.8,27.5,876.7,129.85,1.2
18720.0,1309.6,1.71,0.04,1.71,40.73434,-111.87210,26.8,26.3,876.7,134.74,1.7
18780.0,1309.5,1.88,0.04,1.88,40.73434,-111.87210,26.7,26.0,876.7,130.44,1.4
18840.0,1309.4,2.34,0.05,2.34,40.73434,-111.87210,26.7,26.8,876.7,141.44,2.1
18900.0,1309.3,1.94,0.05,1.94,40.73434,-111.87210,26.6,28.1,876.7,124.68,1.8
18960.0,1309.2,2.15,0.04,2.15,40.73434,-111.87210,26.7,26.9,876.7,130.83,1.0
19020.0,1309.1,1.66,0.04,1.66,40.73434,-111.87210,26.6,26.6,876.7,135.59,1.3
19080.0,1309.0,1.63,0.04,1.63,40.73434,-111.87210,26.6,26.8,876.7,136.61,1.7
19140.0,1309.0,1.39,0.04,1.39,40.73434,-111.87210,26.6,27.5,876.7,131.80,1.5
19200.0,1309.0,1.48,0.04,1.48,40.73434,-111.87210,26.5,27.0,876.7,133.39,1.6
19260.0,1309.0,1.64,0.05,1.64,40.73434,-111.87210,26.5,26.8,876.7,118.49,1.4
19320.0,1309.0,1.99,0.04,1.99,40.73434,-111.87210,26.5,27.0,876.7,130.91,1.1
19380.0,1308.9,1.81,0.04,1.81,40.73434,-111.87210,26.5,26.9,876.7,122.56,1.0
19440.0,1308.9,1.76,0.05,1.76,40.73434,-111.87210,26.5,26.6,876.7,126.43,1.1
19500.0,1308.8,1.90,0.04,1.90,40.73434,-111.87210,26.5,28.0,876.7,128.04,0.9
19560.0,1309.0,2.01,0.04,2.01,40.73434,-111.87210,26.5,26.9,876.7,121.61,0.8
19620.0,1309.0,2.34,0.04,2.34,40.73434,-111.87210,26.6,28.2,876.7,124.32,0.9
19680.0,1308.9,1.73,0.05,1.73,40.73434,-111.87210,26.6,26.7,876.7,129.15,1.1
19740.0,1308.8,1.58,0.04,1.58,40.73434,-111.87210,26.5,27.1,876.7,130.48,1.1
19800.0,1308.8,2.05,0.04,2.05,40.73434,-111.87210,26.5,26.9,876.7,126.98,1.0
19860.0,1308.7,1.92,0.04,1.92,40.73434,-111.87210,26.5,27.2,876.7,130.91,1.1
19920.0,1308.6,2.12,0.04,2.12,40.73434,-111.87210,26.5,26.8,876.7,134.47,1.1
19980.0,1308.7,1.99,0.04,1.99,40.73434,-111.87210,26.5,26.5,876.8,90.75,0.4
20040.0,1308.6,2.22,0.04,2.22,40.73434,-111.87210,26.5,26.0,876.8,111.57,0.9
20100.0,1308.6,2.38,0.03,2.38,40.73434,-111.87210,26.6,26.1,876.8,115.80,0.7
20160.0,1308.6,1.81,0.04,1.81,40.73434,-111.87210,26.5,26.2,876.8,121.29,1.0
20220.0,1308.6,1.93,0.04,1.93,40.73434,-111.87210,26.5,26.3,876.8,134.42,1.5
20280.0,1308.4,1.66,0.04,1.66,40.73434,-111.87210,26.5,27.4,876.8,136.71,1.2
20340.0,1308.4,1.92,0.04,1.92,40.73434,-111.87210,26.4,27.5,876.8,137.45,1.6
20400.0,1308.4,1.87,0.04,1.87,40.73434,-111.87210,26.4,27.0,876.8,119.18,1.5
20460.0,1308.5,1.95,0.05,1.95,40.73434,-111.87210,26.4,26.9,876.8,146.00,1.7
20520.0,1308.5,1.60,0.04,1.60,40.73434,-111.87210,26.3,27.1,876.8,136.06,2.4
20580.0,1308.4,1.46,0.05,1.46,40.73434,-111.87210,26.3,27.0,876.8,119.52,1.9
20640.0,1308.5,1.79,0.04,1.79,40.73434,-111.87210,26.3,26.9,876.8,141.06,1.8
20700.0,1308.4,1.39,0.05,1.39,40.73434,-111.87210,26.2,27.6,876.8,126.21,2.5
20760.0,1308.4,1.50,0.04,1.50,40.73434,-111.87210,26.1,27.2,876.8,123.94,2.3
20820.0,1308.4,1.70,0.05,1.70,40.73434,-111.87210,26.1,28.1,876.8,131.87,1.6
20880.0,1308.5,2.32,0.04,2.32,40.73434,-111.87210,26.0,27.8,876.8,134.68,2.2
20940.0,1308.6,2.41,0.04,2.41,40.73434,-111.87210,26.1,26.4,876.8,132.24,1.6
21000.0,1308.8,2.58,0.05,2.58,40.73434,-111.87210,26.1,27.0,876.8,133.35,1.2
21060.0,1308.7,1.96,0.04,1.96,40.73434,-111.87210,26.1,27.0,876.9,148.01,2.3
21120.0,1308.7,1.70,0.04,1.70,40.73434,-111.87210,26.2,26.7,876.9,147.67,1.9
21180.0,1308.8,1.32,0.05,1.32,40.73434,-111.87210,26.2,27.3,876.9,144.46,2.0
21240.0,1308.8,0.85,0.05,0.85,40.73434,-111.87210,26.1,29.1,876.9,133.65,1.5
21300.0,1308.7,1.04,0.05,1.04,40.73434,-111.87210,26.1,27.9,876.9,137.41,1.8
21360.0,1308.6,1.37,0.04,1.37,40.73434,-111.87210,26.1,27.5,876.9,127.94,0.8
21420.0,1308.1,1.30,0.05,1.30,40.73434,-111.87210,26.1,26.7,876.8,131.43,0.8
21480.0,1307.8,1.74,0.05,1.74,40.73434,-111.87210,26.1,26.9,876.8,136.51,1.0
21540.0,1307.6,2.06,0.05,2.06,40.73434,-111.87210,26.2,27.2,876.8,134.00,1.1
21600.0,1307.6,1.78,0.04,1.78,40.73434,-111.87210,26.3,26.5,876.8,139.48,0.8
21660.0,1307.7,2.48,0.05,2.48,40.73434,-111.87211,26.4,25.8,876.8,143.08,0.9
21720.0,1307.9,1.78,0.04,1.78,40.73434,-111.87211,26.5,26.2,876.8,149.30,1.1
21780.0,1308.3,1.37,0.05,1.37,40.73434,-111.87210,26.6,25.9,876.8,175.35,1.5
21840.0,1308.0,1.58,0.05,1.58,40.73434,-111.87210,26.6,25.8,876.9,155.05,1.8
21900.0,1308.3,1.41,0.04,1.41,40.73434,-111.87210,26.6,26.5,876.9,147.08,2.2
21960.0,1308.3,1.67,0.04,1.67,40.73434,-111.87210,26.7,26.9,876.8,137.90,1.6
22020.0,1308.2,2.17,0.04,2.17,40.73434,-111.87210,26.6,26.4,876.8,157.69,1.7
22080.0,1308.1,2.13,0.04,2.13,40.73434,-111.87210,26.5,27.9,876.9,136.95,1.8
22140.0,1307.9,2.17,0.05,2.17,40.73434,-111.87211,26.6,26.9,876.9,143.85,2.1
22200.0,1307.8,2.40,0.05,2.40,40.73434,-111.87211,26.4,26.1,876.9,123.68,3.6
22260.0,1307.8,1.78,0.04,1.78,40.73434,-111.87211,26.4,26.3,876.9,123.67,2.5
22320.0,1307.9,1.42,0.04,1.42,40.73434,-111.87211,26.4,26.6,876.9,136.17,2.3
22380.0,1308.2,1.34,0.04,1.34,40.73434,-111.87211,26.4,26.6,876.9,135.86,2.9
22440.0,1308.2,1.35,0.04,1.35,40.73434,-111.87211,26.3,26.7,876.9,120.96,2.3
22500.0,1308.3,1.64,0.05,1.64,40.73434,-111.87211,26.3,26.3,876.9,124.83,2.5
22560.0,1308.4,2.06,0.04,2.06,40.73434,-111.87211,26.3,27.0,876.9,118.53,2.0
22620.0,1308.6,1.73,0.05,1.73,40.73434,-111.87211,26.2,26.7,877.0,115.16,2.6
22680.0,1308.7,1.89,0.04,1.89,40.73434,-111.87211,26.1,26.7,876.9,128.40,3.1
22740.0,1309.0,0.68,0.04,0.68,40.73434,-111.87211,26.1,27.0,876.9,122.35,2.7
22800.0,1309.1,0.82,0.05,0.82,40.73434,-111.87211,26.1,26.6,876.9,119.53,2.6
22860.0,1309.2,1.22,0.04,1.22,40.73434,-111.87211,26.0,27.0,876.9,123.73,3.1
22920.0,1309.1,0.98,0.05,0.98,40.73434,-111.87211,25.9,26.7,877.0,116.45,3.1
22980.0,1309.1,1.28,0.05,1.28,40.73434,-111.87211,26.0,26.8,877.0,117.95,2.0
23040.0,1309.2,1.34,0.04,1.34,40.73434,-111.87211,26.0,26.4,877.0,116.69,2.1
23100.0,1309.4,1.29,0.05,1.29,40.73434,-111.87211,26.0,26.1,877.0,115.80,2.3
23160.0,1309.4,1.60,0.04,1.60,40.73434,-111.87211,26.0,26.0,877.0,122.81,2.8
23220.0,1309.4,1.51,0.04,1.51,40.73434,-111.87211,26.1,25.9,877.0,131.39,2.5
23280.0,1309.6,1.63,0.04,1.63,40.73434,-111.87211,26.1,25.9,877.0,132.98,2.9
23340.0,1309.5,1.23,0.04,1.23,40.73434,-111.87211,26.1,26.3,877.0,133.09,2.6
23400.0,1309.5,1.25,0.04,1.25,40.73434,-111.87211,26.1,26.2,877.0,125.77,4.1
23460.0,1309.6,1.25,0.04,1.25,40.73434,-111.87211,26.1,26.0,877.1,120.50,2.7
23520.0,1309.6,0.82,0.05,0.82,40.73434,-111.87211,26.1,26.7,877.1,137.76,2.3
23580.0,1309.7,0.86,0.04,0.86,40.73434,-111.87211,26.2,27.0,877.1,143.74,2.1
23640.0,1309.7,0.94,0.05,0.94,40.73434,-111.87211,26.1,28.0,877.1,137.40,1.9
23700.0,1309.7,1.42,0.05,1.42,40.73434,-111.87211,26.0,27.3,877.1,147.66,2.5
23760.0,1309.8,1.32,0.05,1.32,40.73433,-111.87211,26.0,27.4,877.1,145.14,2.5
23820.0,1309.9,1.98,0.04,1.98,40.73433,-111.87211,26.0,27.4,877.1,142.30,2.8
23880.0,1309.8,1.96,0.05,1.96,40.73434,-111.87211,26.0,27.4,877.1,137.59,2.1
23940.0,1309.7,1.55,0.05,1.55,40.73434,-111.87211,26.0,27.9,877.1,135.03,2.3
24000.0,1309.8,1.26,0.04,1.26,40.73434,-111.87211,25.9,27.4,877.1,130.81,2.7
24060.0,1309.8,0.64,0.05,0.64,40.73434,-111.87211,25.9,27.5,877.1,132.88,2.6
24120.0,1309.8,0.64,0.05,0.64,40.73434,-111.87211,25.8,28.5,877.1,135.16,2.6
24180.0,1309.9,0.56,0.05,0.56,40.73434,-111.87211,25.8,27.4,877.1,125.48,3.4
24240.0,1310.0,0.92,0.05,0.92,40.73434,-111.87211,25.8,27.9,877.1,137.09,3.2
24300.0,1309.9,1.45,0.04,1.45,40.73434,-111.87211,25.7,28.1,877.1,151.18,3.6
24360.0,1309.7,1.25,0.05,1.25,40.73434,-111.87211,25.7,29.2,877.1,141.60,2.7
24420.0,1309.6,1.50,0.05,1.50,40.73434,-111.87211,25.6,28.2,877.1,123.16,3.0
24480.0,1309.6,1.51,0.05,1.51,40.73434,-111.87211,25.6,28.8,877.1,122.26,2.5
24540.0,1309.6,2.33,0.05,2.33,40.73434,-111.87211,25.5,28.3,877.0,126.25,3.2
24600.0,1309.2,1.96,0.05,1.96,40.73434,-111.87211,25.5,28.8,877.0,136.51,2.9
24660.0,1308.8,2.00,0.04,2.00,40.73434,-111.87211,25.4,28.6,877.0,128.59,3.3
24720.0,1308.8,2.07,0.05,2.07,40.73434,-111.87211,25.4,28.5,877.0,128.84,3.2
24780.0,1308.9,2.45,0.05,2.45,40.73434,-111.87211,25.3,27.8,877.0,127.72,3.7
24840.0,1309.0,2.26,0.05,2.26,40.73434,-111.87211,25.4,27.6,877.1,118.65,3.5
24900.0,1309.0,1.85,0.05,1.85,40.73434,-111.87211,25.4,27.8,877.1,125.26,3.1
24960.0,1309.1,1.88,0.05,1.88,40.73434,-111.87211,25.4,27.5,877.1,119.51,2.7
25020.0,1308.9,2.00,0.05,2.00,40.73434,-111.87211,25.4,27.7,877.1,120.26,2.7
