CampaignData_and_Merges/R0/CSL_MobileLab_Parked/raw/20240805/USOS-jNO2_MobileLabGround_20240805_R0.ict
52,1001
Waxman, E.; Rollins, A.; Zuraski, K.; Chace, W.
NOAA Chemical Sciences Laboratory
jNO2 filter radiometer on CSL Mobile Lab
AMMBEC / USOS
1, 1
2024,08,05, 2025,04,01
60
Time_Start, seconds, number_of_seconds_since_0000_UTC
20
1, 1, 1, 1, 1, 1, 1, 1, 1, 1, 1, 1, 1, 1, 1, 1, 1, 1, 1, 1
-9999, -9999, -9999, -9999, -9999, -9999, -9999, -9999, -9999, -9999, -9999, -9999, -9999, -9999, -9999, -9999, -9999, -9999, -9999, -9999
Time_Stop, seconds, number_of_seconds_since_0000_UTC
jNO2_meas, per second, photolysis rate of NO2 measured using a filter radiometer.
jBrCl, per second, photolysis rate of BrCl -> Br + Cl calculated in TUV for cloud-free sky with local AOD
jBr2, per second, photolysis rate of Br2 -> Br + Br calculated in TUV for cloud-free sky with local AOD
jCCl4, per second, photolysis rate of CCl4 -> Products calcualted in TUV for cloud-free sky with local AOD
jCH2Oa, per second, photolysis rate of CH2O -> H + HCO calculated in TUV for cloud-free sky with local AOD
jCH2Ob, per second, photolysis rate of CH2O -> H2 + CO calculated in TUV for cloud-free sky with local AOD
jClNO2, per second, photolysis rate of ClNO2 -> Cl + NO2 calculated in TUV for cloud-free sky with local AOD
jClOa, per second, photolysis rate of ClO -> Cl + O(1D) calculated in TUV for cloud-free sky with local AOD
jClOb, per second, photolysis rate of ClO -> Cl + O(3P) calculated in TUV for cloud-free sky with local AOD
jCl2, per second, photolysis rate of Cl2 -> Cl + Cl calculated in TUV for cloud-free sky with local AOD
jHNO2, per second, photolysis rate of HNO2 -> OH + NO calculated in TUV for cloud-free sky with local AOD
jHNO3, per second, photolysis rate of HNO3 -> OH + NO2 calculated in TUV for cloud-free sky with local AOD
jI2, per second, photolysis rate of I2 -> I + I calculated in TUV for cloud-free sky with local AOD
jNO2, per second, photolysis rate of NO2 -> NO + O(3P) calculated in TUV for cloud-free sky with local AOD
jNO3a, per second, photolysis rate of NO3 -> NO + O2 calculated in TUV for cloud-free sky with local AOD
jNO3b, per second, photolysis rate of NO3 -> NO2 + O(3P) calculated in TUV for cloud-free sky with local AOD
jN2O5, per second, photolysis rate of N2O5 -> NO3 + NO + O(3P) calculated in TUV for cloud-free sky with local AOD
jO3, per second, photolysis rate of O3 -> O2 + O(1D) calculated in TUV for cloud-free sky with local AOD
AOD_500nm, unitless, UTC daily mean AOD at 500 nm from an AERONET station located at 40.178 N, -112.452 E
0
18
PI_CONTACT_INFO: eleanor.waxman@noaa.gov
PLATFORM: CSL Mobile Lab, at ground site
LOCATION: Salt Lake City, UT
ASSOCIATED_DATA:
INSTRUMENT_INFO: jNO2 filter radiometer.  TUV calculations are for mobile van lat/lon/altitude assuming clear sky (cloud AOD = 0) and daily mean AOD.
DATA_INFO:
UNCERTAINTY: Data uncertainties are +/- 20%.  These come from uncertainties in radiometer angular response, radiometer thermal response, local interferences from clouds/aerosols/shadows etc.
ULOD_FLAG: -7777
ULOD_VALUE: N/A
LLOD_FLAG: -8888
LLOD_VALUE: N/A
DM_CONTACT_INFO: eleanor.waxman@noaa.gov
PROJECT_INFO: USOS Project, July - August 2024
STIPULATIONS_ON_USE: Users are strongly encouraged to contact the PI for proper data usage.
OTHER_COMMENTS: 
REVISION: R0
R0: final data
Time_Start, Time_Stop, jNO2_meas, jBrCl, jBr2, jCCl4, jCH2Oa, jCH2Ob, jClNO2, jClOa, jClOb, jCl2, jHNO2, jHNO3, jI2, jNO2, jNO3a, jNO3b, jN2O5, jO3, AOD_500nm
[from data line 801]
   48060,   48120,0.0011906,0.002657,0.01009,3.629e-26,2.019e-06,5.053e-06,5.435e-05,1.36e-26,7.014e-07,0.0003446,0.000243,2.249e-08,0.04457,0.001678,0.009965,0.07263,4.234e-06,4.644e-07,0.093
   48120,   48180,0.0012821,0.002724,0.01032,3.695e-26,2.09e-06,5.209e-06,5.601e-05,1.384e-26,7.322e-07,0.0003545,0.00025,2.333e-08,0.04543,0.001725,0.01013,0.07396,4.365e-06,4.833e-07,0.093
   48180,   48240,0.0012064,0.002787,0.01053,3.759e-26,2.159e-06,5.36e-06,5.76e-05,1.407e-26,7.622e-07,0.000364,0.0002568,2.414e-08,0.04623,0.001771,0.01028,0.07519,4.491e-06,5.017e-07,0.093
   48240,   48300,0.0011457,0.002854,0.01075,3.827e-26,2.234e-06,5.522e-06,5.931e-05,1.431e-26,7.952e-07,0.0003742,0.000264,2.502e-08,0.04707,0.001819,0.01043,0.07649,4.627e-06,5.218e-07,0.093
   48300,   48360,0.0012113,0.00292,0.01098,3.895e-26,2.31e-06,5.686e-06,6.104e-05,1.456e-26,8.293e-07,0.0003844,0.0002713,2.592e-08,0.0479,0.001868,0.01059,0.07776,4.764e-06,5.426e-07,0.093
   48360,   48420,0.0014174,0.002983,0.01119,3.96e-26,2.383e-06,5.844e-06,6.268e-05,1.48e-26,8.625e-07,0.0003941,0.0002782,2.679e-08,0.04866,0.001915,0.01073,0.07894,4.896e-06,5.628e-07,0.093
   48420,   48480,0.0015593,0.003049,0.01141,4.03e-26,2.462e-06,6.013e-06,6.446e-05,1.505e-26,8.989e-07,0.0004046,0.0002856,2.773e-08,0.04947,0.001964,0.01088,0.08018,5.037e-06,5.848e-07,0.093
   48480,   48540,0.0016447,0.003115,0.01163,4.101e-26,2.542e-06,6.184e-06,6.624e-05,1.53e-26,9.363e-07,0.000415,0.000293,2.869e-08,0.05026,0.002013,0.01103,0.08139,5.179e-06,6.075e-07,0.093
   48540,   48600,0.0016863,0.003177,0.01183,4.169e-26,2.619e-06,6.348e-06,6.795e-05,1.555e-26,9.728e-07,0.000425,0.0003001,2.962e-08,0.051,0.00206,0.01116,0.08252,5.316e-06,6.296e-07,0.093
   48600,   48660,0.00172,0.003243,0.01205,4.241e-26,2.703e-06,6.524e-06,6.977e-05,1.581e-26,1.013e-06,0.0004356,0.0003076,3.063e-08,0.05177,0.00211,0.01131,0.0837,5.462e-06,6.537e-07,0.093
   48660,   48720,0.0017605,0.003309,0.01226,4.314e-26,2.788e-06,6.702e-06,7.162e-05,1.607e-26,1.053e-06,0.0004463,0.0003152,3.165e-08,0.05253,0.00216,0.01144,0.08486,5.61e-06,6.784e-07,0.093
   48720,   48780,0.0018214,0.00337,0.01246,4.383e-26,2.868e-06,6.871e-06,7.337e-05,1.632e-26,1.093e-06,0.0004564,0.0003224,3.262e-08,0.05323,0.002207,0.01157,0.08591,5.75e-06,7.02e-07,0.093
   48780,   48840,0.0018579,0.003431,0.01265,4.452e-26,2.952e-06,7.042e-06,7.514e-05,1.656e-26,1.135e-06,0.0004665,0.0003296,3.366e-08,0.05394,0.002254,0.0117,0.08701,5.892e-06,7.275e-07,0.093
   48840,   48900,0.0019113,0.003495,0.01286,4.527e-26,3.041e-06,7.226e-06,7.703e-05,1.683e-26,1.18e-06,0.0004774,0.0003372,3.475e-08,0.05467,0.002304,0.01183,0.08811,6.045e-06,7.545e-07,0.093
   48900,   48960,0.0019656,0.003556,0.01305,4.598e-26,3.127e-06,7.401e-06,7.883e-05,1.709e-26,1.223e-06,0.0004876,0.0003445,3.579e-08,0.05534,0.002351,0.01196,0.08914,6.189e-06,7.805e-07,0.093
   48960,   49020,0.0020115,0.00362,0.01325,4.678e-26,3.218e-06,7.589e-06,8.075e-05,1.74e-26,1.27e-06,0.0004986,0.0003522,3.692e-08,0.05605,0.002402,0.01208,0.09022,6.345e-06,8.089e-07,0.093
   49020,   49080,0.0020565,0.003683,0.01345,4.796e-26,3.312e-06,7.778e-06,8.269e-05,1.77e-26,1.318e-06,0.0005095,0.0003599,3.807e-08,0.05675,0.002452,0.01221,0.09127,6.501e-06,8.378e-07,0.093
   49080,   49140,0.0020902,0.003743,0.01364,4.828e-26,3.401e-06,7.958e-06,8.452e-05,1.79e-26,1.367e-06,0.0005199,0.0003673,3.919e-08,0.05739,0.002499,0.01233,0.09226,6.65e-06,8.669e-07,0.093
   49140,   49200,0.0021524,0.003805,0.01384,4.87e-26,3.5e-06,8.153e-06,8.651e-05,1.811e-26,1.421e-06,0.000531,0.000375,4.043e-08,0.05809,0.002549,0.01245,0.09332,6.811e-06,8.992e-07,0.093
   49200,   49260,0.0022075,0.003872,0.01405,4.993e-26,3.602e-06,8.36e-06,8.861e-05,1.85e-26,1.475e-06,0.0005428,0.0003834,4.17e-08,0.05879,0.002603,0.01258,0.09438,6.981e-06,9.315e-07,0.093
   49260,   49320,0.0022479,0.003931,0.01423,5.069e-26,3.696e-06,8.545e-06,9.049e-05,1.877e-26,1.526e-06,0.0005533,0.0003908,4.287e-08,0.05941,0.002651,0.01269,0.09532,7.134e-06,9.623e-07,0.093
   49320,   49380,0.002309,0.003993,0.01442,5.152e-26,3.796e-06,8.743e-06,9.25e-05,1.906e-26,1.583e-06,0.0005645,0.0003986,4.414e-08,0.06006,0.002701,0.0128,0.0963,7.297e-06,9.958e-07,0.093
   49380,   49440,0.0023555,0.004054,0.01461,5.235e-26,3.898e-06,8.943e-06,9.452e-05,1.936e-26,1.64e-06,0.0005757,0.0004065,4.543e-08,0.06071,0.002751,0.01292,0.09727,7.462e-06,1.03e-06,0.093
   49440,   49500,0.0024011,0.004112,0.01479,5.314e-26,3.995e-06,9.132e-06,9.643e-05,1.964e-26,1.695e-06,0.0005862,0.0004139,4.666e-08,0.0613,0.002798,0.01302,0.09817,7.617e-06,1.063e-06,0.093
   49500,   49560,0.0024443,0.004172,0.01497,5.399e-26,4.099e-06,9.334e-06,9.846e-05,1.995e-26,1.756e-06,0.0005974,0.0004217,4.8e-08,0.06192,0.002848,0.01313,0.09911,7.784e-06,1.1e-06,0.093
   49560,   49620,0.0024869,0.004232,0.01515,5.485e-26,4.205e-06,9.538e-06,0.0001005,2.025e-26,1.818e-06,0.0006087,0.0004295,4.935e-08,0.06254,0.002898,0.01324,0.1,7.951e-06,1.136e-06,0.093
   49620,   49680,0.0025256,0.004289,0.01532,5.568e-26,4.305e-06,9.731e-06,0.0001024,2.055e-26,1.878e-06,0.0006193,0.0004369,5.064e-08,0.06311,0.002945,0.01334,0.1009,8.11e-06,1.172e-06,0.093
   49680,   49740,0.0025709,0.004348,0.0155,5.656e-26,4.413e-06,9.937e-06,0.0001045,2.086e-26,1.943e-06,0.0006305,0.0004448,5.204e-08,0.06371,0.002995,0.01345,0.1018,8.28e-06,1.211e-06,0.093
   49740,   49800,0.0026169,0.004407,0.01568,5.745e-26,4.523e-06,1.014e-05,0.0001066,2.118e-26,2.009e-06,0.0006418,0.0004526,5.346e-08,0.06429,0.003044,0.01355,0.1027,8.45e-06,1.251e-06,0.093
   49800,   49860,0.002661,0.004462,0.01584,5.831e-26,4.626e-06,1.034e-05,0.0001085,2.148e-26,2.073e-06,0.0006524,0.00046,5.481e-08,0.06484,0.00309,0.01365,0.1035,8.611e-06,1.289e-06,0.093
   49860,   49920,0.0027061,0.00452,0.01602,5.923e-26,4.737e-06,1.055e-05,0.0001106,2.181e-26,2.143e-06,0.0006637,0.0004678,5.626e-08,0.06541,0.00314,0.01375,0.1044,8.783e-06,1.331e-06,0.093
   49920,   49980,0.0027487,0.004578,0.01619,6.017e-26,4.85e-06,1.076e-05,0.0001127,2.214e-26,2.214e-06,0.000675,0.0004757,5.774e-08,0.06598,0.003189,0.01384,0.1052,8.956e-06,1.373e-06,0.093
   49980,   50040,0.0027989,0.004632,0.01635,6.106e-26,4.957e-06,1.096e-05,0.0001147,2.245e-26,2.282e-06,0.0006856,0.000483,5.915e-08,0.0665,0.003235,0.01394,0.106,9.12e-06,1.414e-06,0.093
   50040,   50100,0.0028508,0.004689,0.01652,6.201e-26,5.072e-06,1.117e-05,0.0001168,2.279e-26,2.357e-06,0.0006969,0.0004908,6.067e-08,0.06705,0.003284,0.01403,0.1068,9.294e-06,1.459e-06,0.093
   50100,   50160,0.0028933,0.004745,0.01668,6.298e-26,5.187e-06,1.138e-05,0.0001189,2.313e-26,2.433e-06,0.0007081,0.0004986,6.221e-08,0.06759,0.003332,0.01413,0.1076,9.469e-06,1.504e-06,0.093
   50160,   50220,0.0029285,0.004798,0.01684,6.39e-26,5.297e-06,1.159e-05,0.0001209,2.346e-26,2.506e-06,0.0007187,0.0005059,6.368e-08,0.06809,0.003378,0.01421,0.1084,9.635e-06,1.548e-06,0.093
   50220,   50280,0.0029816,0.004853,0.017,6.489e-26,5.414e-06,1.18e-05,0.000123,2.381e-26,2.585e-06,0.00073,0.0005136,6.525e-08,0.06862,0.003426,0.0143,0.1092,9.811e-06,1.595e-06,0.093
   50280,   50340,0.0030286,0.004908,0.01716,6.59e-26,5.534e-06,1.202e-05,0.0001252,2.417e-26,2.666e-06,0.0007412,0.0005214,6.686e-08,0.06913,0.003474,0.01439,0.1099,9.988e-06,1.644e-06,0.093
   50340,   50400,0.0030857,0.00496,0.01731,6.686e-26,5.647e-06,1.222e-05,0.0001272,2.45e-26,2.743e-06,0.0007518,0.0005286,6.838e-08,0.06962,0.003519,0.01448,0.1107,1.016e-05,1.691e-06,0.093
   50400,   50460,0.003136,0.005014,0.01747,6.79e-26,5.766e-06,1.243e-05,0.0001293,2.487e-26,2.827e-06,0.000763,0.0005363,7.001e-08,0.07012,0.003566,0.01456,0.1114,1.033e-05,1.741e-06,0.093
   50460,   50520,0.0031765,0.005068,0.01762,6.894e-26,5.888e-06,1.265e-05,0.0001314,2.524e-26,2.912e-06,0.0007742,0.000544,7.166e-08,0.07062,0.003614,0.01465,0.1122,1.051e-05,1.792e-06,0.093
   50520,   50580,0.003218,0.005118,0.01777,6.994e-26,6.004e-06,1.286e-05,0.0001334,2.559e-26,2.994e-06,0.0007847,0.0005512,7.324e-08,0.07108,0.003658,0.01473,0.1129,1.068e-05,1.842e-06,0.093
   50580,   50640,0.0032567,0.005171,0.01792,7.103e-26,6.126e-06,1.307e-05,0.0001356,2.597e-26,3.083e-06,0.0007958,0.0005588,7.492e-08,0.07156,0.003705,0.01481,0.1136,1.086e-05,1.895e-06,0.093
   50640,   50700,0.0033056,0.005224,0.01807,7.213e-26,6.251e-06,1.329e-05,0.0001377,2.636e-26,3.174e-06,0.000807,0.0005664,7.665e-08,0.07204,0.003752,0.01489,0.1143,1.104e-05,1.95e-06,0.093
   50700,   50760,0.0033492,0.005273,0.01821,7.318e-26,6.367e-06,1.35e-05,0.0001397,2.673e-26,3.259e-06,0.0008175,0.0005736,7.825e-08,0.07249,0.003796,0.01497,0.115,1.121e-05,2.001e-06,0.093
   50760,   50820,0.0033916,0.005324,0.01836,7.431e-26,6.486e-06,1.369e-05,0.0001417,2.712e-26,3.354e-06,0.0008276,0.0005806,7.995e-08,0.07295,0.00384,0.01505,0.1156,1.137e-05,2.058e-06,0.093
   50820,   50880,0.0034345,0.00537,0.01849,7.545e-26,6.623e-06,1.394e-05,0.0001439,2.753e-26,3.452e-06,0.0008388,0.0005878,8.181e-08,0.07341,0.003882,0.01513,0.1163,1.157e-05,2.117e-06,0.093
   50880,   50940,0.0034731,0.005422,0.01863,7.654e-26,6.738e-06,1.414e-05,0.000146,2.791e-26,3.541e-06,0.0008495,0.0005952,8.345e-08,0.07383,0.003929,0.0152,0.117,1.174e-05,2.171e-06,0.093
   50940,   51000,0.0035074,0.005473,0.01878,7.772e-26,6.866e-06,1.437e-05,0.0001482,2.832e-26,3.64e-06,0.000861,0.0006031,8.524e-08,0.07428,0.003975,0.01528,0.1176,1.192e-05,2.231e-06,0.093
   51000,   51060,0.0035479,0.005524,0.01892,7.891e-26,6.994e-06,1.458e-05,0.0001503,2.874e-26,3.74e-06,0.0008719,0.0006104,8.706e-08,0.07472,0.004021,0.01535,0.1183,1.21e-05,2.292e-06,0.093
   51060,   51120,0.0035972,0.00557,0.01905,8.006e-26,7.115e-06,1.479e-05,0.0001523,2.914e-26,3.836e-06,0.0008822,0.0006174,8.878e-08,0.07512,0.004063,0.01542,0.1189,1.228e-05,2.35e-06,0.093
   51120,   51180,0.0036482,0.00562,0.01919,8.129e-26,7.245e-06,1.501e-05,0.0001545,2.958e-26,3.94e-06,0.0008932,0.0006248,9.063e-08,0.07556,0.004108,0.01549,0.1195,1.246e-05,2.413e-06,0.093
   51180,   51240,0.0036914,0.005668,0.01932,8.253e-26,7.374e-06,1.523e-05,0.0001566,3.001e-26,4.045e-06,0.000904,0.0006321,9.249e-08,0.07598,0.004153,0.01556,0.1202,1.264e-05,2.477e-06,0.093
   51240,   51300,0.0037337,0.005714,0.01945,8.373e-26,7.497e-06,1.544e-05,0.0001586,3.043e-26,4.146e-06,0.0009142,0.000639,9.426e-08,0.07637,0.004194,0.01563,0.1207,1.281e-05,2.538e-06,0.093
   51300,   51360,0.0037762,0.005762,0.01958,8.502e-26,7.629e-06,1.566e-05,0.0001608,3.089e-26,4.255e-06,0.000925,0.0006463,9.616e-08,0.07679,0.004238,0.0157,0.1213,1.299e-05,2.604e-06,0.093
   51360,   51420,0.0038168,0.005809,0.01971,8.633e-26,7.761e-06,1.588e-05,0.0001629,3.134e-26,4.365e-06,0.0009358,0.0006535,9.807e-08,0.07719,0.004282,0.01577,0.1219,1.318e-05,2.671e-06,0.093
   51420,   51480,0.0038539,0.005853,0.01984,8.758e-26,7.885e-06,1.609e-05,0.0001649,3.178e-26,4.47e-06,0.0009459,0.0006603,9.988e-08,0.07757,0.004323,0.01583,0.1225,1.335e-05,2.735e-06,0.093
   51480,   51540,0.0038854,0.0059,0.01996,8.892e-26,8.018e-06,1.631e-05,0.0001671,3.225e-26,4.583e-06,0.0009566,0.0006674,1.018e-07,0.07797,0.004366,0.0159,0.1231,1.353e-05,2.804e-06,0.093
   51540,   51600,0.0039195,0.005946,0.02009,9.031e-26,8.151e-06,1.653e-05,0.0001692,3.273e-26,4.699e-06,0.0009673,0.0006746,1.038e-07,0.07836,0.004409,0.01597,0.1237,1.371e-05,2.875e-06,0.093
   51600,   51660,0.0039568,0.005989,0.02021,9.162e-26,8.277e-06,1.673e-05,0.0001712,3.319e-26,4.809e-06,0.0009773,0.0006812,1.056e-07,0.07872,0.004449,0.01603,0.1242,1.389e-05,2.942e-06,0.093
   51660,   51720,0.0040046,0.006035,0.02033,9.304e-26,8.411e-06,1.695e-05,0.0001733,3.369e-26,4.927e-06,0.0009879,0.0006883,1.076e-07,0.0791,0.004492,0.01609,0.1248,1.407e-05,3.015e-06,0.093
   51720,   51780,0.0040332,0.00608,0.02046,9.449e-26,8.546e-06,1.717e-05,0.0001754,3.419e-26,5.047e-06,0.0009984,0.0006953,1.096e-07,0.07948,0.004534,0.01615,0.1253,1.425e-05,3.088e-06,0.093
   51780,   51840,0.004085,0.006122,0.02057,9.587e-26,8.673e-06,1.738e-05,0.0001774,3.468e-26,5.162e-06,0.001008,0.0007019,1.115e-07,0.07983,0.004573,0.01621,0.1258,1.442e-05,3.158e-06,0.093
   51840,   51900,0.0041267,0.006166,0.02069,9.735e-26,8.808e-06,1.76e-05,0.0001795,3.519e-26,5.284e-06,0.001019,0.0007088,1.135e-07,0.08019,0.004615,0.01627,0.1264,1.461e-05,3.234e-06,0.093
   51900,   51960,0.0041709,0.00621,0.02081,9.887e-26,8.943e-06,1.782e-05,0.0001817,3.572e-26,5.409e-06,0.001029,0.0007157,1.156e-07,0.08055,0.004656,0.01633,0.1269,1.479e-05,3.311e-06,0.093
   51960,   52020,0.0042131,0.006251,0.02092,1.003e-25,9.072e-06,1.802e-05,0.0001836,3.623e-26,5.528e-06,0.001039,0.0007222,1.175e-07,0.08089,0.004695,0.01639,0.1274,1.496e-05,3.384e-06,0.093
   52020,   52080,0.0042502,0.006294,0.02104,1.019e-25,9.208e-06,1.824e-05,0.0001857,3.677e-26,5.656e-06,0.001049,0.000729,1.196e-07,0.08124,0.004735,0.01645,0.1279,1.514e-05,3.463e-06,0.093
   52080,   52140,0.0042927,0.006337,0.02115,1.035e-25,9.345e-06,1.846e-05,0.0001878,3.733e-26,5.786e-06,0.00106,0.0007358,1.217e-07,0.08159,0.004776,0.01651,0.1284,1.533e-05,3.543e-06,0.093
   52140,   52200,0.0043216,0.006376,0.02126,1.05e-25,9.474e-06,1.866e-05,0.0001898,3.786e-26,5.909e-06,0.001069,0.0007422,1.236e-07,0.08191,0.004814,0.01656,0.1289,1.55e-05,3.619e-06,0.093
   52200,   52260,0.0043579,0.006418,0.02137,1.066e-25,9.61e-06,1.888e-05,0.0001919,3.843e-26,6.042e-06,0.001079,0.0007489,1.257e-07,0.08225,0.004854,0.01662,0.1294,1.568e-05,3.701e-06,0.093
   52260,   52320,0.0043884,0.00646,0.02148,1.083e-25,9.748e-06,1.909e-05,0.000194,3.902e-26,6.176e-06,0.001089,0.0007555,1.279e-07,0.08259,0.004893,0.01667,0.1299,1.586e-05,3.784e-06,0.093
   52320,   52380,0.0044119,0.006499,0.02159,1.099e-25,9.878e-06,1.93e-05,0.0001959,3.958e-26,6.304e-06,0.001099,0.0007618,1.299e-07,0.0829,0.004931,0.01672,0.1304,1.603e-05,3.863e-06,0.093
   52380,   52440,0.0044526,0.006539,0.0217,1.117e-25,1.002e-05,1.951e-05,0.000198,4.018e-26,6.441e-06,0.001109,0.0007684,1.32e-07,0.08323,0.00497,0.01678,0.1309,1.621e-05,3.948e-06,0.093
   52440,   52500,0.0044866,0.00658,0.0218,1.134e-25,1.015e-05,1.973e-05,0.0002001,4.08e-26,6.58e-06,0.001119,0.000775,1.341e-07,0.08355,0.005009,0.01683,0.1313,1.639e-05,4.034e-06,0.093
   52500,   52560,0.0045148,0.006618,0.0219,1.151e-25,1.028e-05,1.993e-05,0.000202,4.138e-26,6.712e-06,0.001128,0.0007811,1.362e-07,0.08385,0.005045,0.01688,0.1318,1.656e-05,4.116e-06,0.093
   52560,   52620,0.004556,0.006657,0.02201,1.17e-25,1.042e-05,2.014e-05,0.0002041,4.202e-26,6.854e-06,0.001138,0.0007876,1.384e-07,0.08416,0.005083,0.01693,0.1322,1.674e-05,4.204e-06,0.093
   52620,   52680,0.0045936,0.006697,0.02211,1.188e-25,1.056e-05,2.036e-05,0.0002061,4.267e-26,6.997e-06,0.001148,0.000794,1.405e-07,0.08448,0.005121,0.01699,0.1327,1.692e-05,4.294e-06,0.093
   52680,   52740,0.0046344,0.006734,0.02221,1.206e-25,1.069e-05,2.056e-05,0.000208,4.329e-26,7.134e-06,0.001157,0.0008,1.426e-07,0.08476,0.005157,0.01703,0.1331,1.709e-05,4.379e-06,0.093
   52740,   52800,0.0046672,0.006772,0.02231,1.226e-25,1.083e-05,2.077e-05,0.0002101,4.396e-26,7.28e-06,0.001167,0.0008064,1.448e-07,0.08507,0.005195,0.01708,0.1336,1.727e-05,4.47e-06,0.093
   52800,   52860,0.004696,0.006811,0.02241,1.245e-25,1.097e-05,2.098e-05,0.0002121,4.465e-26,7.428e-06,0.001177,0.0008127,1.47e-07,0.08537,0.005232,0.01713,0.134,1.745e-05,4.562e-06,0.093
   52860,   52920,0.0047312,0.006846,0.02251,1.264e-25,1.11e-05,2.118e-05,0.000214,4.53e-26,7.568e-06,0.001186,0.0008186,1.491e-07,0.08565,0.005267,0.01718,0.1344,1.762e-05,4.65e-06,0.093
   52920,   52980,0.0047629,0.006884,0.02261,1.285e-25,1.124e-05,2.139e-05,0.000216,4.602e-26,7.719e-06,0.001196,0.0008249,1.513e-07,0.08594,0.005304,0.01723,0.1348,1.78e-05,4.744e-06,0.093
   52980,   53040,0.0047976,0.006921,0.0227,1.306e-25,1.138e-05,2.16e-05,0.000218,4.674e-26,7.871e-06,0.001205,0.0008311,1.536e-07,0.08623,0.00534,0.01728,0.1353,1.798e-05,4.84e-06,0.093
