CampaignData_and_Merges/R0/CSL_MobileLab_Parked/raw/20240805/USOS-NOAAIodideCIMS-Halogens_MobileLabGround_20240805_RA.ict
38, 1001
Michael A Robinson, Chris Jernigan, Subi Thakali
NOAA ESRL Chemical Sciences Laboratory and CIRES, U. of Colorado
NOAA Iodide CIMS Instrument
USOS
1, 1
2024, 08, 05, 2024, 08, 05
1
starttime_UTC, seconds_past_midnight, seconds_of_day_since_00:00:00_UTC
6
1, 1, 1, 1, 1, 1
-9999, -9999, -9999, -9999, -9999, -9999
Br2_NOAACIMS, pptv, Gas_Br2_InSitu_S_AVMR, 
BrO_NOAACIMS, pptv, Gas_BrO_InSitu_S_AVMR, 
Cl2_NOAACIMS, pptv, Gas_Cl2_InSitu_S_AVMR, 
ClNO2_NOAACIMS, pptv, Gas_ClNO2_InSitu_S_AVMR, 
BrCl_NOAACIMS, pptv, Gas_BrCl_InSitu_S_AVMR, 
NCl3_NOAACIMS, pptv, Gas_NCl3_InSitu_S_AVMR, 
0
18
PI_CONTACT_INFO: 325 Broadway, R/CSD 7, Boulder, Colorado 80305; michael.a.robinson@noaa.gov; chris.jernigan@noaa.gov;
PLATFORM: NOAA CSL Mobile Lab
LOCATION: SLC, Utah
ASSOCIATED_DATA: 1Hz data also available on request.
INSTRUMENT_INFO: NOAA I- ToF CIMS
DATA_INFO: All data in parts per trillion by volume (pptv). 1 Hz data is available upon request.
UNCERTAINTY: TBD
ULOD_FLAG: -7777
ULOD_VALUE: N/A
LLOD_FLAG: -8888
LLOD_VALUE: N/A
DM_CONTACT_INFO: Nathan Howard; nathan.h.howard@noaa.gov
PROJECT_INFO: USOS, summer 2024. https://csl.noaa.gov/groups/csl7/measurements/2024usos/
STIPULATIONS_ON_USE: Users are strongly encouraged to contact the PI for proper data usage.
OTHER_COMMENTS: 
REVISION: RA
RA: Preliminary Data; For in-field use only
starttime_UTC, Br2_NOAACIMS, BrO_NOAACIMS, Cl2_NOAACIMS, ClNO2_NOAACIMS, BrCl_NOAACIMS, NCl3_NOAACIMS
     0,  1.270, -9999.000,  0.555,  0.100,  0.528,  0.010
    60,  1.007, -9999.000,  0.678,  0.095,  0.418,  0.101
   120,  1.042, -9999.000,  0.717,  0.071,  0.557,  0.003
   180,  1.149, -9999.000,  0.670,  0.095,  0.444,  0.053
   240,  1.197, -9999.000,  0.601,  0.083,  0.540,  0.050
   300,  0.879, -9999.000,  0.721,  0.063,  0.381,  0.149
   360,  0.916, -9999.000,  0.771,  0.098,  0.360,  0.029
   420,  0.814, -9999.000,  0.658,  0.090,  0.418,  0.074
   480,  0.806, -9999.000,  0.422,  0.069,  0.266,  0.056
   540,  1.483, -9999.000,  0.594,  0.089,  0.405,  0.069
   600,  1.219, -9999.000,  0.593,  0.070,  0.468,  0.096
   660,  1.227, -9999.000,  0.684,  0.065,  0.528,  0.109
   720,  0.907, -9999.000,  0.598,  0.092,  0.352, -0.008
   780,  1.499, -9999.000,  0.560,  0.106,  0.442,  0.232
   840,  1.181, -9999.000,  0.719,  0.102,  0.454,  0.158
   900,  1.211, -9999.000,  0.677,  0.112,  0.513,  0.151
   960,  1.188, -9999.000,  0.745,  0.064,  0.541,  0.114
  1020,  1.354, -9999.000,  0.635,  0.093,  0.502,  0.068
  1080,  1.294, -9999.000,  0.659,  0.084,  0.526,  0.102
  1140,  1.217, -9999.000,  0.691,  0.113,  0.540,  0.123
  1200,  1.079, -9999.000,  0.705,  0.101,  0.512,  0.126
  1260,  1.112, -9999.000,  0.786,  0.055,  0.574,  0.053
  1320, -9999.000, -9999.000, -9999.000, -9999.000, -9999.000, -9999.000
  1380,  1.151, -9999.000,  0.587,  0.110,  0.462,  0.143
  1440,  1.208, -9999.000,  0.736,  0.076,  0.562,  0.054
  1500,  1.132, -9999.000,  0.795,  0.099,  0.533,  0.136
  1560,  0.911, -9999.000,  0.690,  0.109,  0.485,  0.064
  1620,  0.965, -9999.000,  0.673,  0.101,  0.448,  0.098
  1680,  1.136, -9999.000,  0.641,  0.090,  0.493,  0.042
  1740,  1.254, -9999.000,  0.547,  0.087,  0.505,  0.040
  1800,  1.023, -9999.000,  0.556,  0.076,  0.510,  0.101
  1860,  1.145, -9999.000,  0.610,  0.060,  0.484,  0.077
  1920,  0.998, -9999.000,  0.581,  0.067,  0.487,  0.057
  1980,  1.241, -9999.000,  0.730,  0.087,  0.525,  0.121
  2040,  1.422, -9999.000,  0.694,  0.101,  0.579,  0.038
  2100,  1.129, -9999.000,  0.634,  0.111,  0.568, -0.017
  2160,  1.440, -9999.000,  0.555,  0.106,  0.470,  0.070
  2220,  1.548, -9999.000,  0.615,  0.091,  0.541, -0.012
  2280,  1.425, -9999.000,  0.661,  0.130,  0.619,  0.001
  2340,  1.283, -9999.000,  0.356,  0.130,  0.637, -0.039
  2400,  1.696, -9999.000,  0.553,  0.134,  0.555,  0.081
  2460,  1.321, -9999.000,  0.713,  0.088,  0.601,  0.014
  2520,  1.343, -9999.000,  0.754,  0.091,  0.541,  0.059
  2580,  1.362, -9999.000,  0.542,  0.139,  0.467,  0.159
  2640,  1.075, -9999.000,  0.631,  0.164,  0.433,  0.088
  2700,  1.249, -9999.000,  0.618,  0.118,  0.464,  0.062
  2760,  1.276, -9999.000,  0.604,  0.144,  0.472,  0.079
  2820,  1.055, -9999.000,  0.550,  0.149,  0.438,  0.092
  2880,  1.265, -9999.000,  0.598,  0.145,  0.507,  0.064
  2940,  1.108, -9999.000,  0.619,  0.115,  0.414,  0.068
  3000,  1.072, -9999.000,  0.644,  0.129,  0.362,  0.062
  3060,  1.293, -9999.000,  0.606,  0.127,  0.440,  0.106
  3120,  1.158, -9999.000,  0.751,  0.152,  0.453,  0.178
  3180, -9999.000, -9999.000, -9999.000, -9999.000, -9999.000, -9999.000
  3240,  1.397, -9999.000,  0.576,  0.170,  0.380,  0.052
  3300,  1.001, -9999.000,  0.688,  0.147,  0.458,  0.003
  3360,  1.261, -9999.000,  0.650,  0.123,  0.404,  0.024
  3420,  1.298, -9999.000,  0.645,  0.114,  0.483,  0.073
  3480,  1.232, -9999.000,  0.671,  0.118,  0.404, -0.013
  3540,  1.025, -9999.000,  0.305,  0.090,  0.281,  0.072
  3600,  1.197, -9999.000,  0.443,  0.118,  0.353,  0.052
  3660,  1.107, -9999.000,  0.540,  0.104,  0.376, -0.004
  3720,  0.880, -9999.000,  0.442,  0.081,  0.320,  0.113
  3780,  0.854, -9999.000,  0.569,  0.099,  0.293,  0.031
  3840,  1.080, -9999.000,  0.594,  0.125,  0.381,  0.046
  3900,  1.119, -9999.000,  0.547,  0.150,  0.342,  0.114
  3960,  1.037, -9999.000,  0.715,  0.110,  0.314,  0.216
  4020,  1.177, -9999.000,  0.695,  0.095,  0.376,  0.097
  4080,  1.308, -9999.000,  0.628,  0.127,  0.386,  0.173
  4140,  1.148, -9999.000,  0.549,  0.146,  0.370,  0.145
  4200,  0.932, -9999.000,  0.475,  0.146,  0.334,  0.130
  4260,  1.132, -9999.000,  0.738,  0.113,  0.377,  0.194
  4320,  1.073, -9999.000,  0.712,  0.131,  0.341,  0.156
  4380,  0.847, -9999.000,  0.734,  0.139,  0.337,  0.123
  4440,  0.973, -9999.000,  0.448,  0.083,  0.213,  0.054
  4500,  1.027, -9999.000,  0.525,  0.133,  0.317,  0.069
  4560,  1.027, -9999.000,  0.527,  0.085,  0.271,  0.043
  4620,  0.871, -9999.000,  0.586,  0.124,  0.382,  0.101
  4680,  1.055, -9999.000,  0.615,  0.114,  0.268,  0.155
  4740,  1.153, -9999.000,  0.565,  0.135,  0.306,  0.071
  4800,  1.016, -9999.000,  0.653,  0.148,  0.262,  0.120
  4860,  0.978, -9999.000,  0.705,  0.096,  0.358,  0.172
  4920,  1.022, -9999.000,  0.781,  0.131,  0.298,  0.147
  4980,  1.122, -9999.000,  0.838,  0.118,  0.332,  0.239
  5040,  1.051, -9999.000,  0.504,  0.156,  0.321,  0.123
  5100,  1.054, -9999.000,  0.672,  0.094,  0.235,  0.162
  5160,  1.059, -9999.000,  0.585,  0.110,  0.330,  0.176
  5220,  0.984, -9999.000,  0.734,  0.117,  0.307,  0.085
  5280,  1.064, -9999.000,  0.560,  0.085,  0.246,  0.190
  5340,  1.111, -9999.000,  0.584,  0.109,  0.349,  0.081
  5400,  1.165, -9999.000,  0.656,  0.086,  0.286,  0.106
  5460,  0.986, -9999.000,  0.853,  0.090,  0.307,  0.112
  5520,  0.961, -9999.000,  0.623,  0.094,  0.311,  0.139
  5580,  1.204, -9999.000,  0.737,  0.091,  0.336,  0.172
  5640,  1.124, -9999.000,  0.754,  0.091,  0.397,  0.159
  5700,  1.158, -9999.000,  0.630,  0.030,  0.320,  0.171
  5760,  1.265, -9999.000,  0.760,  0.047,  0.358,  0.250
  5820,  1.091, -9999.000,  0.880,  0.062,  0.341,  0.281
  5880,  1.303, -9999.000,  0.604,  0.067,  0.411,  0.173
  5940,  1.180, -9999.000,  0.688,  0.099,  0.382,  0.179
  6000,  1.160, -9999.000,  0.675,  0.052,  0.439,  0.194
  6060,  1.346, -9999.000,  0.634,  0.076,  0.457,  0.100
  6120,  1.107, -9999.000,  0.593,  0.109,  0.338,  0.133
  6180,  1.096, -9999.000,  0.844,  0.088,  0.449,  0.176
  6240,  1.058, -9999.000,  0.647,  0.059,  0.333,  0.234
  6300,  1.062, -9999.000,  0.984,  0.070,  0.415,  0.351
  6360,  1.110, -9999.000,  0.969,  0.042,  0.491,  0.333
  6420,  1.139, -9999.000,  0.781,  0.039,  0.371,  0.142
  6480,  1.026, -9999.000,  0.650,  0.038,  0.376,  0.206
  6540,  1.069, -9999.000,  0.685,  0.040,  0.379,  0.206
  6600,  1.202, -9999.000,  0.834,  0.021,  0.445,  0.375
  6660,  1.148, -9999.000,  0.713,  0.047,  0.538,  0.279
  6720,  1.115, -9999.000,  1.006,  0.028,  0.445,  0.462
  6780,  1.129, -9999.000,  1.104,  0.033,  0.512,  0.498
  6840,  1.090, -9999.000,  0.822, -0.010,  0.593,  0.201
  6900,  1.180, -9999.000,  0.482, -0.004,  0.533,  0.149
  6960,  1.079, -9999.000,  0.680,  0.043,  0.364,  0.244
  7020,  0.971, -9999.000,  0.644,  0.049,  0.387,  0.187
  7080,  1.071, -9999.000,  0.636,  0.047,  0.443,  0.255
  7140,  1.035, -9999.000,  0.476, -0.001,  0.321,  0.193
  7200,  1.008, -9999.000,  0.531,  0.077,  0.389,  0.180
  7260,  0.954, -9999.000,  0.598,  0.011,  0.419,  0.133
  7320,  1.013, -9999.000,  0.569,  0.079,  0.374,  0.168
  7380,  1.016, -9999.000,  0.648,  0.019,  0.410,  0.194
  7440,  1.014, -9999.000,  0.673,  0.054,  0.432,  0.100
  7500,  0.897, -9999.000,  0.714,  0.040,  0.454,  0.150
  7560,  1.085,  0.057,  0.911,  0.056,  0.437,  0.276
  7620,  1.000,  0.048,  0.873,  0.015,  0.451,  0.190
  7680,  1.014,  0.007,  0.967,  0.033,  0.482,  0.177
  7740,  0.995,  0.036,  0.918,  0.007,  0.439,  0.234
  7800,  0.930,  0.009,  0.772,  0.085,  0.416,  0.250
  7860,  0.682,  0.008,  1.038,  0.101,  0.453,  0.197
  7920,  0.876,  0.061,  0.970,  0.074,  0.404,  0.253
  7980,  1.093,  0.086,  0.902,  0.087,  0.391,  0.242
  8040,  0.856,  0.094,  1.046,  0.047,  0.440,  0.231
  8100,  0.937,  0.109,  1.059,  0.075,  0.476,  0.325
  8160,  0.853,  0.130,  1.093,  0.034,  0.472,  0.317
  8220,  0.984,  0.140,  0.926,  0.047,  0.420,  0.262
  8280,  0.716,  0.084,  0.833,  0.057,  0.461,  0.260
  8340,  0.767,  0.085,  0.869,  0.111,  0.506,  0.287
  8400,  0.989, -0.020,  0.882,  0.051,  0.512,  0.296
  8460,  0.761,  0.100,  1.012,  0.099,  0.464,  0.283
  8520,  0.856,  0.140,  1.043,  0.087,  0.433,  0.336
  8580,  0.842,  0.091,  1.103,  0.128,  0.459,  0.296
  8640,  0.827,  0.098,  1.004,  0.068,  0.460,  0.285
  8700,  0.651,  0.298,  0.948,  0.052,  0.553,  0.317
  8760,  0.799,  0.117,  1.080,  0.094,  0.372,  0.273
  8820,  0.695,  0.143,  0.991,  0.097,  0.436,  0.396
  8880,  0.825,  0.023,  0.946,  0.096,  0.442,  0.421
  8940,  0.863,  0.113,  1.059,  0.118,  0.583,  0.569
  9000,  0.885,  0.106,  1.046,  0.165,  0.478,  0.774
  9060,  0.985,  0.059,  1.026,  0.104,  0.506,  0.706
  9120,  0.930,  0.049,  1.279,  0.170,  0.517,  0.659
  9180,  0.593,  0.034,  1.120,  0.150,  0.428,  0.697
  9240,  0.791,  0.090,  1.286,  0.164,  0.541,  0.799
  9300,  0.828,  0.149,  1.141,  0.181,  0.481,  0.661
  9360,  0.741,  0.031,  1.174,  0.154,  0.489,  0.627
  9420,  0.727,  0.045,  1.110,  0.146,  0.560,  0.533
  9480,  0.763,  0.038,  1.263,  0.150,  0.581,  0.840
  9540,  0.831, -9999.000,  1.026,  0.123,  0.552,  0.796
  9600,  0.834, -9999.000,  1.166,  0.141,  0.538,  0.966
  9660,  0.901, -9999.000,  1.053,  0.160,  0.556,  1.075
  9720,  0.844, -9999.000,  0.993,  0.146,  0.544,  0.940
  9780,  0.819, -9999.000,  1.110,  0.211,  0.667,  1.017
  9840,  0.869, -9999.000,  1.117,  0.153,  0.632,  1.174
  9900,  0.927, -9999.000,  1.089,  0.161,  0.574,  1.493
  9960,  0.830, -9999.000,  1.183,  0.190,  0.680,  1.892
 10020,  0.934, -9999.000,  1.140,  0.196,  0.531,  2.307
 10080,  0.778, -9999.000,  1.253,  0.165,  0.651,  2.843
 10140,  0.697, -9999.000,  1.194,  0.228,  0.484,  2.715
 10200,  0.864, -9999.000,  1.290,  0.210,  0.568,  2.505
 10260,  0.986, -9999.000,  1.223,  0.181,  0.501,  2.291
 10320,  0.780, -9999.000,  1.213,  0.167,  0.605,  2.453
 10380,  0.922, -9999.000,  1.186,  0.153,  0.534,  2.411
 10440,  0.733, -9999.000,  1.206,  0.174,  0.524,  2.393
 10500,  0.943, -9999.000,  1.085,  0.164,  0.461,  2.512
 10560, -9999.000, -9999.000, -9999.000, -9999.000, -9999.000, -9999.000
 10620,  0.915, -9999.000,  1.229,  0.199,  0.507,  2.557
 10680,  0.997, -9999.000,  1.055,  0.145,  0.480,  2.649
 10740,  0.904, -9999.000,  1.080,  0.206,  0.604,  2.737
 10800,  0.960, -9999.000,  1.043,  0.144,  0.505,  2.836
 10860, -9999.000, -9999.000,  1.063,  0.150,  0.586,  3.219
 10920, -9999.000, -9999.000,  1.020,  0.115,  0.479,  3.217
 10980, -9999.000, -9999.000,  0.942,  0.176,  0.637,  3.383
 11040, -9999.000, -9999.000,  0.869,  0.154,  0.276,  1.781
 11100, -9999.000, -9999.000,  0.889,  0.103,  0.196,  1.618
 11160, -9999.000, -9999.000,  1.056,  0.154,  0.425,  2.380
 11220, -9999.000, -9999.000,  0.939,  0.168,  0.326,  1.983
 11280, -9999.000, -9999.000,  1.134,  0.192,  0.190,  1.562
 11340, -9999.000, -9999.000,  0.878,  0.126,  0.218,  1.757
 11400, -9999.000, -9999.000,  0.900,  0.132,  0.017,  0.891
 11460, -9999.000, -9999.000,  1.020,  0.101,  0.178,  1.157
 11520, -9999.000, -9999.000,  0.994,  0.104,  0.116,  1.112
 11580, -9999.000, -9999.000,  0.943,  0.096,  0.066,  0.888
 11640, -9999.000, -9999.000,  0.942,  0.137,  0.240,  1.796
 11700, -9999.000, -9999.000,  0.962,  0.112,  0.295,  1.673
 11760, -9999.000, -9999.000,  1.034,  0.108,  0.256,  1.626
 11820, -9999.000, -9999.000,  0.844,  0.085,  0.152,  1.115
 11880, -9999.000, -9999.000,  0.852,  0.114,  0.283,  1.302
 11940, -9999.000, -9999.000,  0.872,  0.127,  0.244,  1.472
 12000, -9999.000, -9999.000,  0.860,  0.087,  0.326,  1.528
 12060, -9999.000, -9999.000,  0.834,  0.076,  0.245,  1.228
 12120, -9999.000, -9999.000,  0.809,  0.116,  0.273,  1.305
 12180, -9999.000, -9999.000,  0.609,  0.109,  0.045,  0.383
 12240, -9999.000, -9999.000,  0.709,  0.072, -0.052,  0.006
 12300, -9999.000, -9999.000,  0.658,  0.059, -0.049,  0.072
 12360, -9999.000, -9999.000,  0.714,  0.038, -0.046, -0.035
 12420, -9999.000, -9999.000,  1.086, -0.011, -0.044,  0.067
 12480, -9999.000, -9999.000,  0.703,  0.099,  0.177,  2.023
 12540, -9999.000, -9999.000,  0.864,  0.128,  0.279,  2.764
 12600, -9999.000, -9999.000,  0.700,  0.081,  0.148,  1.879
 12660, -9999.000, -9999.000,  0.620,  0.069,  0.214,  2.765
 12720, -9999.000, -9999.000,  0.629,  0.049,  0.186,  2.833
 12780, -9999.000, -9999.000,  0.714,  0.076,  0.255,  3.334
 12840, -9999.000, -9999.000,  0.671,  0.082,  0.208,  2.461
 12900, -9999.000, -9999.000,  0.616,  0.074,  0.208,  2.629
 12960, -9999.000, -9999.000,  0.772,  0.074,  0.201,  2.459
 13020, -9999.000, -9999.000,  0.590,  0.074,  0.188,  2.229
 13080,  0.573, -9999.000,  0.635,  0.050,  0.186,  1.782
 13140,  0.412, -9999.000,  0.665,  0.035,  0.157,  1.460
 13200,  0.502, -9999.000,  0.624,  0.046,  0.135,  1.342
 13260,  0.626, -9999.000,  0.822,  0.049,  0.272,  1.315
 13320,  0.287, -9999.000,  0.570,  0.102,  0.105,  0.692
 13380,  0.320, -9999.000,  0.697,  0.049,  0.132,  0.749
 13440,  0.627, -9999.000,  0.715,  0.046,  0.201,  0.957
 13500,  0.913, -9999.000,  0.723,  0.062,  0.295,  1.187
 13560,  0.611, -9999.000,  0.576,  0.053,  0.208,  0.879
 13620,  0.685, -9999.000,  0.604,  0.037,  0.233,  0.870
 13680,  0.523, -9999.000,  0.531,  0.070,  0.198,  0.694
 13740,  0.763, -9999.000,  0.610,  0.031,  0.192,  0.602
 13800,  0.584, -9999.000,  0.556,  0.062,  0.199,  0.558
 13860,  0.821, -9999.000,  0.636,  0.048,  0.261,  0.729
 13920,  0.728, -9999.000,  0.563,  0.045,  0.116,  0.652
 13980,  0.570, -9999.000,  0.588,  0.045,  0.161,  0.686
 14040,  0.514, -9999.000,  0.557,  0.032,  0.158,  0.506
 14100,  0.522, -9999.000,  0.573,  0.031,  0.186,  0.574
 14160,  0.791, -9999.000,  0.646,  0.026,  0.235,  0.874
 14220,  0.630, -9999.000,  0.601,  0.094,  0.171,  1.040
 14280, -9999.000, -9999.000, -9999.000, -9999.000, -9999.000, -9999.000
 14340,  0.286, -9999.000,  0.596,  0.036,  0.107,  0.494
 14400,  0.564, -9999.000,  0.458,  0.043,  0.159,  0.814
 14460,  0.780, -9999.000,  0.678,  0.037,  0.152,  0.878
 14520,  0.711, -9999.000,  0.527,  0.055,  0.143,  0.895
 14580,  0.695, -9999.000,  0.565,  0.051,  0.184,  0.916
 14640,  0.785, -9999.000,  0.571,  0.050,  0.267,  0.776
 14700,  0.712, -9999.000,  0.549,  0.043,  0.249,  0.843
 14760,  0.833, -9999.000,  0.523,  0.034,  0.230,  0.841
 14820,  0.633, -9999.000,  0.604,  0.039,  0.158,  0.638
 14880, -0.023, -9999.000,  0.456,  0.067, -0.001, -0.004
 14940,  0.114, -9999.000,  0.619,  0.036,  0.065,  0.302
 15000,  0.427, -9999.000,  0.586,  0.020,  0.150,  0.441
 15060,  0.851, -9999.000,  0.607,  0.048,  0.292,  0.729
 15120,  0.905, -9999.000,  0.516,  0.036,  0.260,  0.782
 15180,  0.498, -9999.000,  0.588,  0.059,  0.141,  0.440
 15240,  0.744, -9999.000,  0.607,  0.091,  0.241,  0.784
 15300,  0.430, -9999.000,  0.552,  0.034,  0.141,  0.540
 15360,  0.676, -9999.000,  0.609,  0.053,  0.262,  0.869
 15420,  0.794, -9999.000,  0.676,  0.055,  0.236,  0.824
 15480,  0.488, -9999.000,  0.644,  0.013,  0.261,  0.766
 15540,  0.591, -9999.000,  0.685,  0.034,  0.210,  1.053
 15600,  0.654, -9999.000,  0.612,  0.060,  0.281,  1.012
 15660,  0.748, -9999.000,  0.643,  0.049,  0.291,  1.195
 15720,  0.736, -9999.000,  0.722,  0.034,  0.292,  1.237
 15780,  0.579, -9999.000,  0.755,  0.065,  0.279,  0.948
 15840,  0.704, -9999.000,  0.710,  0.040,  0.246,  1.185
 15900,  0.555, -9999.000,  0.840,  0.050,  0.248,  1.245
 15960,  0.386, -9999.000,  0.709,  0.073,  0.239,  0.846
 16020,  0.710, -9999.000,  0.825,  0.092,  0.258,  1.466
 16080,  0.742, -9999.000,  0.984,  0.101,  0.233,  1.354
 16140,  0.616, -9999.000,  1.036, -0.001,  0.291,  1.503
 16200,  0.912, -9999.000,  0.990,  0.124,  0.346,  1.735
 16260,  0.792, -9999.000,  0.915,  0.063,  0.340,  2.050
 16320,  0.740, -9999.000,  0.977,  0.080,  0.306,  2.013
 16380,  0.751, -9999.000,  0.974,  0.089,  0.301,  2.030
