CampaignData_and_Merges/R0/CSL_MobileLab_Parked/raw/20240805/USOS-MetNav_MobileLabGround_20240805_R0.ict
44, 1001
Carrie Womack, Nate Howard, Mike Zucker
NOAA Chemical Sciences Laboratory
Mobile Lab MetNav Station
USOS
1, 1
2024, 08, 05, 2024, 12, 21
60
Time_Start, seconds_past_midnight, Seconds from midnight UTC
11
1, 1, 1, 1, 1, 1, 1, 1, 1, 1, 1
-9999, -9999, -9999, -9999, -9999, -9999, -9999, -9999, -9999, -9999, -9999
GPS_Alt_m, meters, Altitude from Differential GPS
GPS_Course_deg, degrees, Course from Differential GPS
GPS_GndSpd_m_s, m/s, Ground Speed from Differential GPS
GPS_Heading_deg, degrees, Heading from Differential GPS
GPS_Lat_deg, degrees, Latitude from Differential GPS
GPS_Lon_deg, degrees, Longitude from Differential GPS
AirTemp_C, Celsius, Air Temperature from Airmar
RelHumidity_pct, percent, Relative Humidity from Airmar
Pressure_mb, millibars, Pressure from Honeywell
WindDir_calc_deg, degrees, Wind Direction from Airmar corrected for van movement
WindSpd_calc_m_s, m/s, Wind Speed from Airmar corrected for van movement
1
SPECIAL COMMENTS:
18
PI_CONTACT_INFO: Address: 325 Broadway R/CSL7, Boulder, CO, 80305
PLATFORM: CSL Mobile Lab
LOCATION: Salt Lake City, UT
ASSOCIATED_DATA: N/A
INSTRUMENT_INFO: N/A
DATA_INFO: Units:
UNCERTAINTY: N/A
ULOD_FLAG: -7777
ULOD_VALUE: N/A
LLOD_FLAG: -8888
LLOD_VALUE: N/A
DM_CONTACT_INFO: Data Manager: Nate Howard
PROJECT_INFO: 
STIPULATIONS_ON_USE: Use of these data require prior ok from PI.
OTHER_COMMENTS: 
REVISION: R0
R0: Final data. Fixed bug in wind averaging code. RA: Preliminary Data. For in-field use only. 
Time_Start, GPS_Alt_m, GPS_Course_deg, GPS_GndSpd_m_s, GPS_Heading_deg, GPS_Lat_deg, GPS_Lon_deg, AirTemp_C, RelHumidity_pct, Pressure_mb, WindDir_calc_deg, WindSpd_calc_m_s
[from data line 835]
50100.0,1310.2,2.15,0.05,2.15,40.73434,-111.87211,28.2,32.0,878.8,139.13,1.7
50160.0,1310.3,2.02,0.04,2.02,40.73434,-111.87211,28.4,31.2,878.8,142.79,1.0
50220.0,1310.3,2.36,0.05,2.36,40.73434,-111.87211,28.3,31.8,878.9,92.64,0.7
50280.0,1310.3,2.43,0.05,2.43,40.73434,-111.87211,28.2,32.7,878.9,85.84,0.5
50340.0,1310.4,2.75,0.05,2.75,40.73434,-111.87211,28.3,32.5,878.9,107.42,0.6
50400.0,1310.9,2.98,0.07,2.98,40.73434,-111.87211,28.3,31.8,878.8,93.36,0.4
50460.0,1311.2,2.78,0.05,2.78,40.73434,-111.87211,28.5,31.4,878.8,123.88,0.6
50520.0,1311.1,2.74,0.05,2.74,40.73434,-111.87211,28.7,30.9,878.9,128.21,0.7
50580.0,1310.4,2.77,0.07,2.77,40.73434,-111.87211,28.9,30.6,878.9,47.45,0.1
50640.0,1310.6,3.08,0.06,3.08,40.73434,-111.87211,29.1,30.7,878.8,85.95,0.2
50700.0,1310.8,3.05,0.05,3.05,40.73434,-111.87211,29.0,31.0,878.9,73.64,0.5
50760.0,1311.0,2.87,0.06,2.87,40.73434,-111.87211,29.0,30.7,878.9,105.27,0.4
50820.0,1310.8,2.31,0.06,2.31,40.73434,-111.87211,29.2,30.4,878.8,114.09,0.2
50880.0,1310.5,2.11,0.06,2.11,40.73434,-111.87211,29.4,29.9,878.9,283.99,0.0
50940.0,1310.5,2.20,0.06,2.20,40.73434,-111.87211,29.4,29.8,878.9,67.96,0.3
51000.0,1310.2,2.33,0.05,2.33,40.73434,-111.87211,29.5,30.2,878.8,100.90,0.6
51060.0,1310.2,2.75,0.05,2.75,40.73434,-111.87211,29.5,30.3,878.8,108.39,0.8
51120.0,1310.2,2.29,0.06,2.29,40.73434,-111.87211,29.4,30.2,878.8,121.69,1.6
51180.0,1310.1,1.99,0.06,1.99,40.73434,-111.87211,29.4,31.0,878.9,114.78,1.1
51240.0,1310.0,1.88,0.05,1.88,40.73434,-111.87211,29.5,30.4,878.8,139.39,1.2
51300.0,1309.9,2.12,0.06,2.12,40.73434,-111.87210,29.7,29.8,878.8,165.97,1.4
51360.0,1309.5,1.97,0.06,1.97,40.73434,-111.87210,29.8,30.0,878.8,166.01,2.1
51420.0,1309.4,2.55,0.05,2.55,40.73434,-111.87211,30.0,29.7,878.8,181.94,2.2
51480.0,1309.8,2.22,0.06,2.22,40.73434,-111.87211,30.0,29.5,878.8,149.89,1.5
51540.0,1309.9,2.31,0.06,2.31,40.73433,-111.87211,30.0,30.8,878.8,119.87,0.8
51600.0,1309.8,1.93,0.06,1.93,40.73433,-111.87210,30.0,31.1,878.8,105.07,0.8
51660.0,1309.8,1.68,0.04,1.68,40.73433,-111.87210,29.9,30.5,878.9,102.33,0.8
51720.0,1309.9,2.09,0.05,2.09,40.73433,-111.87211,30.0,30.5,878.9,111.01,0.8
51780.0,1309.7,2.08,0.05,2.08,40.73433,-111.87211,30.0,29.3,878.9,127.40,1.4
51840.0,1309.6,1.90,0.05,1.90,40.73433,-111.87210,29.9,29.7,878.9,114.67,1.6
51900.0,1309.6,1.79,0.05,1.79,40.73433,-111.87210,30.0,29.4,878.9,137.53,0.9
51960.0,1309.6,2.04,0.05,2.04,40.73433,-111.87211,30.2,28.1,878.9,167.36,1.0
52020.0,1309.6,2.25,0.06,2.25,40.73433,-111.87211,30.4,27.8,878.9,162.69,1.5
52080.0,1309.5,2.00,0.06,2.00,40.73433,-111.87211,30.7,27.5,878.9,170.70,1.3
52140.0,1309.4,1.85,0.05,1.85,40.73433,-111.87211,30.8,27.6,878.9,131.98,1.7
52200.0,1309.4,2.08,0.05,2.08,40.73433,-111.87211,30.7,27.9,878.9,137.75,2.0
52260.0,1309.2,2.17,0.06,2.17,40.73433,-111.87211,30.8,28.0,878.9,145.45,1.6
52320.0,1309.2,2.03,0.06,2.03,40.73433,-111.87211,30.7,28.7,879.0,119.65,1.5
52380.0,1309.1,2.25,0.05,2.25,40.73433,-111.87211,30.7,28.1,879.0,157.62,2.4
52440.0,1309.0,1.86,0.05,1.86,40.73434,-111.87211,30.7,27.6,879.0,157.68,2.7
52500.0,1308.9,2.00,0.05,2.00,40.73434,-111.87211,30.8,27.8,879.0,173.42,2.1
52560.0,1308.9,1.58,0.05,1.58,40.73434,-111.87211,30.8,28.5,879.0,163.88,2.1
52620.0,1308.8,1.65,0.05,1.65,40.73434,-111.87211,30.9,28.3,879.0,184.63,1.9
52680.0,1308.8,1.92,0.05,1.92,40.73433,-111.87211,31.0,28.0,879.0,177.63,1.5
52740.0,1308.7,2.21,0.05,2.21,40.73433,-111.87211,30.9,27.8,879.0,176.79,2.5
52800.0,1308.7,1.99,0.05,1.99,40.73433,-111.87211,30.9,28.1,879.0,168.44,2.4
52860.0,1308.8,1.92,0.06,1.92,40.73434,-111.87211,31.0,28.3,879.0,159.47,1.5
52920.0,1308.8,1.77,0.06,1.77,40.73434,-111.87211,31.1,28.1,879.0,146.76,0.6
52980.0,1308.8,1.93,0.06,1.93,40.73434,-111.87211,31.2,27.9,879.0,174.39,1.4
53040.0,1308.8,2.49,0.06,2.49,40.73434,-111.87211,31.2,28.3,879.0,146.78,2.5
53100.0,1309.0,1.99,0.05,1.99,40.73434,-111.87211,31.1,28.0,879.0,157.08,2.4
53160.0,1309.0,2.01,0.06,2.01,40.73434,-111.87211,31.0,27.9,879.0,155.25,3.1
53220.0,1309.2,2.12,0.06,2.12,40.73434,-111.87211,30.9,27.8,879.0,160.00,3.6
53280.0,1309.3,1.94,0.05,1.94,40.73434,-111.87211,30.8,27.9,879.0,186.07,3.0
53340.0,1309.4,1.69,0.04,1.69,40.73434,-111.87211,30.9,28.1,878.9,189.92,2.3
53400.0,1309.3,1.78,0.06,1.78,40.73434,-111.87211,30.8,28.2,878.9,188.21,2.8
53460.0,1309.2,1.51,0.05,1.51,40.73434,-111.87211,30.9,27.7,878.9,141.53,1.0
53520.0,1309.1,1.46,0.06,1.46,40.73434,-111.87211,30.8,28.3,878.9,133.23,2.3
53580.0,1309.1,1.68,0.05,1.68,40.73434,-111.87211,30.7,29.8,878.9,130.22,2.3
53640.0,1309.0,1.89,0.05,1.89,40.73434,-111.87211,30.9,27.8,878.9,157.79,1.9
53700.0,1309.4,1.89,0.05,1.89,40.73434,-111.87211,31.0,27.5,878.9,166.01,2.2
53760.0,1309.6,1.96,0.04,1.96,40.73434,-111.87211,31.1,27.2,878.9,176.12,1.4
53820.0,1309.6,1.96,0.06,1.96,40.73434,-111.87211,31.3,27.3,878.9,154.29,1.9
53880.0,1309.7,2.10,0.05,2.10,40.73434,-111.87211,31.1,29.1,878.9,133.13,2.4
53940.0,1310.0,1.97,0.04,1.97,40.73434,-111.87210,31.1,28.9,878.9,147.10,2.5
54000.0,1310.1,1.66,0.05,1.66,40.73434,-111.87210,31.1,28.0,878.8,160.96,2.6
54060.0,1310.1,2.30,0.05,2.30,40.73434,-111.87210,31.3,28.0,878.8,170.61,1.8
54120.0,1310.1,2.27,0.05,2.27,40.73434,-111.87210,31.3,27.9,878.8,167.37,2.2
54180.0,1310.0,1.60,0.04,1.60,40.73434,-111.87210,31.5,28.0,878.7,173.61,1.6
54240.0,1310.1,1.97,0.04,1.97,40.73434,-111.87210,31.7,27.8,878.8,180.05,1.6
54300.0,1310.1,2.41,0.04,2.41,40.73434,-111.87210,31.8,27.8,878.8,160.92,1.6
54360.0,1310.0,2.34,0.04,2.34,40.73434,-111.87210,31.9,28.1,878.8,161.02,1.3
54420.0,1309.9,1.53,0.05,1.53,40.73434,-111.87210,32.0,27.7,878.7,158.61,1.8
54480.0,1309.8,0.85,0.05,0.85,40.73434,-111.87210,31.9,27.4,878.7,178.08,2.8
54540.0,1309.5,1.00,0.06,1.00,40.73434,-111.87210,31.9,27.5,878.7,172.90,2.2
54600.0,1309.5,1.42,0.04,1.42,40.73434,-111.87210,31.8,27.4,878.7,160.09,3.1
54660.0,1309.5,1.20,0.04,1.20,40.73434,-111.87210,31.6,27.2,878.7,167.77,3.3
54720.0,1309.4,0.75,0.04,0.75,40.73434,-111.87210,31.5,27.4,878.7,168.00,3.0
54780.0,1309.3,1.03,0.05,1.03,40.73434,-111.87210,31.5,27.7,878.7,162.80,2.6
54840.0,1309.3,1.43,0.05,1.43,40.73434,-111.87210,31.5,27.9,878.7,152.33,3.0
54900.0,1309.4,1.47,0.05,1.47,40.73434,-111.87211,31.4,28.4,878.7,149.92,2.9
54960.0,1309.4,1.62,0.04,1.62,40.73434,-111.87210,31.4,28.4,878.7,152.65,2.7
55020.0,1309.3,1.75,0.04,1.75,40.73434,-111.87210,31.3,28.8,878.7,143.31,2.4
55080.0,1309.3,1.50,0.04,1.50,40.73434,-111.87210,31.5,28.1,878.7,164.27,1.8
55140.0,1309.2,1.40,0.04,1.40,40.73434,-111.87210,31.7,27.9,878.7,188.80,1.8
55200.0,1309.1,1.36,0.04,1.36,40.73434,-111.87211,31.8,27.7,878.7,175.59,1.5
55260.0,1309.0,1.19,0.05,1.19,40.73434,-111.87211,32.0,27.5,878.7,163.02,0.9
55320.0,1309.0,1.44,0.05,1.44,40.73434,-111.87211,32.2,27.2,878.7,172.35,1.0
55380.0,1309.0,1.67,0.04,1.67,40.73434,-111.87211,32.4,27.0,878.7,154.97,0.7
55440.0,1308.9,2.41,0.05,2.41,40.73434,-111.87211,32.7,26.6,878.8,176.33,1.3
55500.0,1309.0,2.83,0.05,2.83,40.73434,-111.87211,32.6,26.9,878.9,150.84,3.1
55560.0,1308.7,2.46,0.05,2.46,40.73434,-111.87211,32.6,26.8,878.9,176.00,1.9
55620.0,1308.8,2.56,0.04,2.56,40.73434,-111.87211,32.6,26.4,878.8,175.21,2.4
55680.0,1308.8,2.55,0.05,2.55,40.73434,-111.87211,32.6,26.6,878.9,168.80,2.4
55740.0,1308.8,2.07,0.05,2.07,40.73434,-111.87211,32.6,26.7,879.0,173.92,2.1
55800.0,1308.9,2.25,0.05,2.25,40.73434,-111.87211,32.6,26.6,879.0,177.96,2.4
55860.0,1308.7,2.00,0.05,2.00,40.73434,-111.87211,32.5,26.8,878.9,169.06,3.3
55920.0,1308.8,1.77,0.05,1.77,40.73434,-111.87211,32.3,26.9,879.0,177.09,3.7
55980.0,1308.9,1.79,0.05,1.79,40.73434,-111.87211,32.2,27.1,878.9,179.73,3.0
56040.0,1308.9,1.73,0.05,1.73,40.73434,-111.87211,32.2,27.3,878.9,170.19,2.5
56100.0,1308.8,1.64,0.05,1.64,40.73434,-111.87211,32.1,27.4,878.9,153.30,3.1
56160.0,1308.9,1.73,0.04,1.73,40.73434,-111.87211,32.1,28.0,878.9,151.98,3.0
56220.0,1308.9,1.67,0.05,1.67,40.73434,-111.87211,31.9,27.5,878.9,164.12,3.3
56280.0,1308.9,1.61,0.05,1.61,40.73434,-111.87211,31.9,27.1,878.9,176.63,2.9
56340.0,1309.0,1.37,0.05,1.37,40.73434,-111.87210,32.0,27.1,878.9,169.37,2.3
56400.0,1309.0,1.28,0.04,1.28,40.73434,-111.87210,32.0,27.5,878.9,163.07,2.7
56460.0,1308.9,1.61,0.04,1.61,40.73434,-111.87210,32.2,27.4,878.9,183.60,1.3
56520.0,1308.9,1.73,0.04,1.73,40.73434,-111.87210,32.4,27.3,878.9,167.09,1.1
56580.0,1309.0,1.72,0.04,1.72,40.73434,-111.87210,32.4,27.3,878.9,157.70,2.9
56640.0,1309.1,1.03,0.04,1.03,40.73434,-111.87210,32.4,27.6,878.9,149.28,3.6
56700.0,1309.3,1.16,0.05,1.16,40.73434,-111.87210,32.3,27.4,878.9,155.20,3.4
56760.0,1309.3,0.79,0.05,0.79,40.73434,-111.87210,32.3,27.5,878.9,153.81,1.7
56820.0,1309.2,0.69,0.05,0.69,40.73434,-111.87210,32.3,26.6,878.9,153.79,3.3
56880.0,1309.1,0.83,0.04,0.83,40.73434,-111.87210,32.3,27.2,878.9,146.02,2.5
56940.0,1309.1,0.85,0.04,0.85,40.73434,-111.87210,32.3,27.1,878.9,148.26,2.8
57000.0,1309.1,0.99,0.04,0.99,40.73434,-111.87210,32.2,28.0,878.9,129.62,2.4
57060.0,1309.1,0.84,0.04,0.84,40.73434,-111.87210,32.3,27.3,879.0,165.27,2.3
57120.0,1309.1,1.17,0.04,1.17,40.73434,-111.87210,32.5,26.9,879.0,186.32,2.1
57180.0,1309.1,0.80,0.04,0.80,40.73434,-111.87210,32.5,27.0,879.0,159.22,2.6
57240.0,1309.1,0.94,0.04,0.94,40.73434,-111.87210,32.6,27.5,878.9,119.59,1.6
57300.0,1309.0,0.63,0.04,0.63,40.73434,-111.87210,32.5,27.9,878.9,133.13,2.3
57360.0,1308.9,0.65,0.04,0.65,40.73434,-111.87210,32.4,27.3,878.9,131.56,2.6
57420.0,1308.8,1.27,0.04,1.27,40.73434,-111.87210,32.5,26.7,878.9,156.87,2.4
57480.0,1308.8,1.67,0.04,1.67,40.73434,-111.87210,32.7,25.6,878.9,169.73,2.0
57540.0,1308.6,1.80,0.04,1.80,40.73434,-111.87210,32.9,25.5,878.9,168.74,1.7
57600.0,1308.5,1.86,0.04,1.86,40.73434,-111.87210,33.0,25.9,878.9,143.80,1.7
57660.0,1308.4,1.70,0.04,1.70,40.73434,-111.87210,33.0,26.0,878.9,152.19,2.1
57720.0,1308.3,1.99,0.04,1.99,40.73434,-111.87210,33.1,24.8,878.9,166.08,2.1
57780.0,1308.3,2.60,0.04,2.60,40.73434,-111.87210,33.2,24.7,879.0,179.41,2.0
57840.0,1308.3,2.71,0.04,2.71,40.73434,-111.87210,33.3,24.8,879.1,165.71,1.4
57900.0,1308.2,2.82,0.04,2.82,40.73434,-111.87210,33.5,24.5,879.1,159.89,1.2
57960.0,1308.4,2.55,0.04,2.55,40.73434,-111.87210,33.8,24.3,879.1,162.62,0.9
58020.0,1308.6,2.60,0.04,2.60,40.73434,-111.87210,33.9,24.4,879.1,156.74,1.7
58080.0,1308.5,2.36,0.05,2.36,40.73434,-111.87210,33.8,25.6,879.0,125.16,2.1
58140.0,1308.6,2.74,0.04,2.74,40.73434,-111.87210,33.6,25.6,879.0,121.29,2.7
58200.0,1308.5,2.70,0.04,2.70,40.73434,-111.87210,33.4,25.3,879.0,131.46,2.9
58260.0,1308.6,2.45,0.04,2.45,40.73434,-111.87210,33.3,25.0,879.0,142.28,2.8
58320.0,1308.6,2.39,0.04,2.39,40.73434,-111.87210,33.3,24.9,879.0,146.94,3.1
58380.0,1308.5,2.48,0.05,2.48,40.73434,-111.87210,33.3,25.3,879.0,149.13,2.5
58440.0,1308.4,2.97,0.04,2.97,40.73434,-111.87210,33.4,25.5,879.0,145.07,1.6
58500.0,1308.4,3.17,0.05,3.17,40.73434,-111.87210,33.4,26.0,879.0,131.88,1.7
58560.0,1308.4,2.98,0.04,2.98,40.73434,-111.87210,33.4,26.3,879.0,123.12,2.3
58620.0,1308.4,2.83,0.04,2.83,40.73434,-111.87210,33.3,25.4,879.0,130.46,2.4
58680.0,1308.3,2.51,0.04,2.51,40.73434,-111.87210,33.3,25.4,879.0,142.34,2.5
58740.0,1308.2,2.41,0.04,2.41,40.73434,-111.87210,33.3,26.8,879.0,121.82,2.1
58800.0,1308.1,1.96,0.05,1.96,40.73434,-111.87210,33.4,25.4,879.0,134.76,2.0
58860.0,1308.3,2.12,0.04,2.12,40.73434,-111.87210,33.5,25.5,879.0,117.87,1.5
58920.0,1308.3,2.03,0.05,2.03,40.73434,-111.87210,33.7,25.3,879.0,125.26,1.6
58980.0,1308.3,1.91,0.05,1.91,40.73434,-111.87210,33.7,25.8,879.0,125.26,2.0
59040.0,1308.4,1.59,0.05,1.59,40.73434,-111.87210,33.5,25.8,878.9,111.00,2.1
59100.0,1308.4,1.80,0.05,1.80,40.73434,-111.87210,33.6,24.7,878.9,134.41,2.4
59160.0,1308.4,2.11,0.05,2.11,40.73434,-111.87210,33.8,24.0,878.9,154.59,1.9
59220.0,1308.5,2.31,0.05,2.31,40.73434,-111.87210,33.8,24.1,878.9,145.80,2.2
59280.0,1308.5,1.88,0.04,1.88,40.73434,-111.87210,33.9,24.7,878.9,123.82,1.7
59340.0,1308.0,1.56,0.04,1.56,40.73433,-111.87210,33.9,24.5,878.9,147.43,2.8
59400.0,1308.1,1.41,0.04,1.41,40.73433,-111.87210,34.0,23.5,878.9,152.11,2.3
59460.0,1308.4,1.61,0.04,1.61,40.73433,-111.87210,34.2,23.9,878.9,132.96,1.5
59520.0,1308.3,1.55,0.05,1.55,40.73433,-111.87210,34.4,23.2,878.9,163.40,1.8
59580.0,1307.9,1.41,0.05,1.41,40.73433,-111.87210,34.3,23.0,878.9,141.85,2.8
59640.0,1307.7,1.19,0.05,1.19,40.73433,-111.87210,34.2,23.7,878.9,126.91,2.7
59700.0,1307.8,1.16,0.04,1.16,40.73433,-111.87210,34.0,23.3,878.9,131.66,2.9
59760.0,1307.9,1.47,0.04,1.47,40.73433,-111.87210,34.1,22.3,878.9,167.75,2.7
59820.0,1308.2,1.02,0.05,1.02,40.73433,-111.87210,34.2,22.4,878.9,150.22,2.7
59880.0,1308.3,0.67,0.05,0.67,40.73433,-111.87210,34.3,22.4,879.0,153.73,2.0
59940.0,1308.1,0.86,0.05,0.86,40.73433,-111.87210,34.5,22.0,879.0,139.68,1.1
60000.0,1308.0,0.85,0.05,0.85,40.73433,-111.87210,34.6,21.5,879.0,162.37,2.4
60060.0,1308.0,1.06,0.05,1.06,40.73433,-111.87210,34.6,21.7,879.0,140.45,2.3
60120.0,1307.6,0.74,0.05,0.74,40.73433,-111.87210,34.7,22.1,879.0,155.99,2.4
60180.0,1307.4,1.04,0.05,1.04,40.73433,-111.87210,34.6,23.6,879.0,125.67,2.3
60240.0,1307.5,1.19,0.05,1.19,40.73433,-111.87210,34.3,23.4,879.0,117.37,2.4
60300.0,1307.7,0.84,0.05,0.84,40.73433,-111.87210,34.4,22.5,879.0,149.35,2.9
60360.0,1307.6,1.05,0.05,1.05,40.73433,-111.87210,34.5,22.1,879.0,153.71,2.3
60420.0,1307.7,1.49,0.05,1.49,40.73433,-111.87210,34.5,22.3,879.0,153.18,2.0
60480.0,1307.8,1.64,0.05,1.64,40.73433,-111.87210,34.8,21.7,879.0,158.65,1.6
60540.0,1307.7,1.61,0.05,1.61,40.73433,-111.87210,34.9,22.5,878.9,139.57,1.6
60600.0,1307.7,1.57,0.05,1.57,40.73433,-111.87210,35.0,21.9,879.0,174.21,1.8
60660.0,1307.7,1.83,0.05,1.83,40.73433,-111.87211,35.1,21.7,879.0,173.63,1.9
60720.0,1307.8,1.41,0.05,1.41,40.73433,-111.87211,35.4,21.3,878.9,141.98,1.3
60780.0,1307.8,0.93,0.04,0.93,40.73433,-111.87211,35.5,21.3,878.9,155.31,1.5
60840.0,1307.9,0.67,0.04,0.67,40.73433,-111.87211,35.8,20.6,879.0,129.70,0.8
60900.0,1307.9,0.63,0.05,0.63,40.73433,-111.87211,36.0,20.4,879.0,159.94,1.1
60960.0,1307.9,0.57,0.04,0.57,40.73434,-111.87211,36.1,20.0,879.0,156.61,1.3
61020.0,1308.0,0.34,0.04,0.34,40.73434,-111.87211,36.2,19.6,878.8,164.72,1.6
61080.0,1308.0,0.42,0.04,0.42,40.73434,-111.87211,36.3,20.7,878.2,143.77,2.1
61140.0,1308.1,0.72,0.04,0.72,40.73434,-111.87211,36.3,20.6,878.4,136.31,1.2
61200.0,1308.3,1.13,0.05,1.13,40.73434,-111.87211,36.5,20.5,878.4,139.58,1.0
61260.0,1308.5,1.67,0.04,1.67,40.73434,-111.87211,36.6,20.2,878.3,152.61,2.4
61320.0,1308.6,1.86,0.04,1.86,40.73434,-111.87211,36.7,20.8,878.4,129.97,0.9
61380.0,1308.6,1.78,0.05,1.78,40.73434,-111.87211,36.8,20.6,878.6,148.47,1.6
61440.0,1308.7,1.75,0.05,1.75,40.73434,-111.87211,36.9,20.7,878.7,138.72,0.7
61500.0,1308.8,1.74,0.04,1.74,40.73434,-111.87211,37.0,20.4,878.7,118.26,0.6
61560.0,1308.8,2.10,0.04,2.10,40.73434,-111.87211,37.1,20.5,878.7,110.00,0.4
61620.0,1308.9,2.20,0.05,2.20,40.73434,-111.87211,37.1,19.9,878.7,180.08,1.5
61680.0,1308.9,2.07,0.05,2.07,40.73434,-111.87211,37.2,19.8,878.2,153.51,1.5
61740.0,1308.9,2.06,0.05,2.06,40.73434,-111.87211,37.2,20.0,878.2,159.23,2.2
61800.0,1309.3,1.61,0.05,1.61,40.73434,-111.87211,37.2,19.9,878.5,173.31,1.8
61860.0,1309.4,1.67,0.05,1.67,40.73434,-111.87211,37.1,21.3,878.7,144.72,2.0
61920.0,1309.4,1.68,0.04,1.68,40.73434,-111.87211,37.0,21.1,878.7,135.91,1.8
61980.0,1309.4,1.67,0.05,1.67,40.73434,-111.87211,37.0,21.9,878.7,112.09,1.3
62040.0,1309.6,1.72,0.06,1.72,40.73434,-111.87211,37.0,20.5,878.7,118.78,1.4
62100.0,1309.3,1.80,0.05,1.80,40.73434,-111.87211,37.0,20.4,878.7,127.05,1.5
62160.0,1309.2,1.96,0.05,1.96,40.73434,-111.87211,37.0,20.6,878.7,132.31,1.5
62220.0,1309.2,1.93,0.05,1.93,40.73434,-111.87211,37.3,19.9,878.7,163.68,0.9
62280.0,1309.0,2.05,0.05,2.05,40.73434,-111.87211,37.5,19.5,878.7,161.26,1.1
62340.0,1308.9,1.70,0.05,1.70,40.73434,-111.87211,37.6,19.5,878.7,145.97,2.1
62400.0,1309.0,1.54,0.05,1.54,40.73434,-111.87211,37.7,19.5,878.7,144.94,1.2
62460.0,1309.0,1.07,0.04,1.07,40.73434,-111.87211,37.8,19.6,878.7,157.63,1.1
