CampaignData_and_Merges/R0/CSL_MobileLab_Parked/raw/20240805/USOS-NOAAIodideCIMS-Halogens_MobileLabGround_20240805_RA.ict
38, 1001
Michael A Robinson, Chris Jernigan, Subi Thakali
NOAA ESRL Chemical Sciences Laboratory and CIRES, U. of Colorado
NOAA Iodide CIMS Instrument
USOS
1, 1
2024, 08, 05, 2024, 08, 05
1
starttime_UTC, seconds_past_midnight, seconds_of_day_since_00:00:00_UTC
6
1, 1, 1, 1, 1, 1
-9999, -9999, -9999, -9999, -9999, -9999
Br2_NOAACIMS, pptv, Gas_Br2_InSitu_S_AVMR, 
BrO_NOAACIMS, pptv, Gas_BrO_InSitu_S_AVMR, 
Cl2_NOAACIMS, pptv, Gas_Cl2_InSitu_S_AVMR, 
ClNO2_NOAACIMS, pptv, Gas_ClNO2_InSitu_S_AVMR, 
BrCl_NOAACIMS, pptv, Gas_BrCl_InSitu_S_AVMR, 
NCl3_NOAACIMS, pptv, Gas_NCl3_InSitu_S_AVMR, 
0
18
PI_CONTACT_INFO: 325 Broadway, R/CSD 7, Boulder, Colorado 80305; michael.a.robinson@noaa.gov; chris.jernigan@noaa.gov;
PLATFORM: NOAA CSL Mobile Lab
LOCATION: SLC, Utah
ASSOCIATED_DATA: 1Hz data also available on request.
INSTRUMENT_INFO: NOAA I- ToF CIMS
DATA_INFO: All data in parts per trillion by volume (pptv). 1 Hz data is available upon request.
UNCERTAINTY: TBD
ULOD_FLAG: -7777
ULOD_VALUE: N/A
LLOD_FLAG: -8888
LLOD_VALUE: N/A
DM_CONTACT_INFO: Nathan Howard; nathan.h.howard@noaa.gov
PROJECT_INFO: USOS, summer 2024. https://csl.noaa.gov/groups/csl7/measurements/2024usos/
STIPULATIONS_ON_USE: Users are strongly encouraged to contact the PI for proper data usage.
OTHER_COMMENTS: 
REVISION: RA
RA: Preliminary Data; For in-field use only
starttime_UTC, Br2_NOAACIMS, BrO_NOAACIMS, Cl2_NOAACIMS, ClNO2_NOAACIMS, BrCl_NOAACIMS, NCl3_NOAACIMS
[from data line 1128]
 67680,  1.104,  0.054,  0.635,  0.097,  0.250, -0.110
 67740,  1.152,  0.038,  0.434,  0.088,  0.245,  0.033
 67800,  1.024,  0.122,  0.604,  0.061,  0.140,  0.001
 67860, -9999.000, -9999.000, -9999.000, -9999.000, -9999.000, -9999.000
 67920,  1.134,  0.129,  0.730,  0.122,  0.278, -0.175
 67980,  1.055,  0.123,  0.649,  0.059,  0.323, -0.087
 68040,  1.224,  0.022,  0.835,  0.093,  0.244, -0.032
 68100,  1.055,  0.001,  0.755,  0.154,  0.179, -0.095
 68160,  1.061,  0.077,  0.524,  0.079,  0.243, -0.122
 68220,  1.187,  0.125,  0.629,  0.086,  0.237,  0.053
 68280,  1.136,  0.182,  0.656,  0.077,  0.223, -0.137
 68340,  1.081,  0.130,  0.595,  0.141,  0.225, -0.045
 68400,  1.174,  0.020,  0.680,  0.080,  0.206, -0.201
 68460,  1.075,  0.049,  0.653,  0.090,  0.204, -0.071
 68520,  1.030,  0.095,  0.588,  0.129,  0.159, -0.129
 68580,  0.846,  0.031,  0.486,  0.057,  0.088, -0.122
 68640,  0.989, -0.049,  0.504,  0.070,  0.136, -0.153
 68700,  1.024,  0.120,  0.601,  0.024,  0.212, -0.226
 68760,  1.047,  0.060,  0.577,  0.046,  0.149, -0.223
 68820,  0.973, -0.064,  0.558,  0.056,  0.068, -0.147
 68880,  0.952, -0.076,  0.461,  0.030,  0.097, -0.085
 68940,  0.874, -0.042,  0.559,  0.095,  0.086, -0.084
 69000,  0.957,  0.089,  0.642,  0.086,  0.188, -0.096
 69060,  0.898, -0.012,  0.673,  0.068,  0.178, -0.184
 69120,  0.888, -0.007,  0.434,  0.077,  0.060, -0.103
 69180,  0.882,  0.115,  0.298,  0.014,  0.069, -0.121
 69240,  0.915,  0.023,  0.399,  0.048,  0.165, -0.196
 69300,  1.015, -0.029,  0.333,  0.047,  0.119, -0.196
 69360,  0.856,  0.114,  0.459,  0.039,  0.150, -0.238
 69420,  0.835,  0.068,  0.370,  0.112,  0.158, -0.247
 69480,  0.723,  0.155,  0.433,  0.060,  0.163, -0.220
 69540,  0.959,  0.052,  0.396,  0.052,  0.129, -0.265
 69600,  0.967, -0.003,  0.316,  0.070,  0.070, -0.200
 69660,  0.753,  0.044,  0.305,  0.071,  0.187, -0.155
 69720, -9999.000, -9999.000, -9999.000, -9999.000, -9999.000, -9999.000
 69780,  0.690,  0.097,  0.226,  0.070,  0.124, -0.245
 69840,  0.797,  0.047,  0.260,  0.064,  0.073, -0.145
 69900,  0.851,  0.069,  0.333,  0.078,  0.063, -0.249
 69960,  0.874, -0.031,  0.338,  0.114,  0.119, -0.184
 70020,  0.895,  0.039,  0.395,  0.120,  0.123, -0.106
 70080,  1.000,  0.003,  0.242,  0.045,  0.114, -0.142
 70140,  0.998,  0.015,  0.425,  0.040,  0.108, -0.176
 70200,  0.751, -0.029,  0.405,  0.054,  0.081, -0.049
 70260,  0.993,  0.062,  0.669,  0.074,  0.101, -0.148
 70320,  0.918, -0.005,  0.596,  0.097,  0.086, -0.054
 70380,  0.684,  0.028,  0.335,  0.054,  0.152, -0.064
 70440,  0.900,  0.051,  0.483,  0.084,  0.086, -0.069
 70500,  0.868, -0.028,  0.346,  0.071,  0.087, -0.106
 70560,  0.825,  0.130,  0.475,  0.025,  0.058,  0.004
 70620,  0.816,  0.045,  0.283,  0.053,  0.045,  0.051
 70680,  0.810, -0.067,  0.507,  0.055,  0.071, -0.095
 70740,  1.073, -0.027,  0.353,  0.050,  0.086, -0.012
 70800,  1.002, -0.020,  0.345,  0.028,  0.051, -0.036
 70860,  1.072,  0.060,  0.369,  0.054,  0.069,  0.044
 70920,  0.978, -0.087,  0.488,  0.085,  0.067,  0.006
 70980,  1.042,  0.083,  0.585,  0.062,  0.060,  0.013
 71040,  0.797,  0.089,  0.374,  0.023,  0.034,  0.039
 71100,  0.992,  0.019,  0.415,  0.025,  0.025,  0.215
 71160,  0.909, -0.018,  0.481,  0.013,  0.096,  0.115
 71220,  0.909,  0.063,  0.560,  0.063,  0.136,  0.125
 71280,  0.980,  0.150,  0.423,  0.034,  0.075,  0.155
 71340,  0.852,  0.066,  0.393,  0.088,  0.027,  0.125
 71400,  0.953,  0.049,  0.457,  0.074,  0.151,  0.206
 71460,  1.153,  0.032,  0.453,  0.086,  0.057,  0.083
 71520,  0.934,  0.006,  0.562, -0.019, -0.058,  0.283
 71580,  1.048,  0.094,  0.621,  0.052,  0.093,  0.179
 71640,  1.006,  0.048,  0.529,  0.047, -0.000,  0.144
 71700,  1.012,  0.020,  0.559,  0.117,  0.111,  0.240
 71760,  0.940,  0.026,  0.637,  0.103,  0.066,  0.146
 71820,  1.081,  0.016,  0.940,  0.134,  0.190,  0.085
 71880,  0.939,  0.106,  0.627,  0.109,  0.075,  0.137
 71940,  1.041,  0.023,  0.603,  0.064,  0.143,  0.158
 72000,  1.005,  0.213,  0.596,  0.127,  0.114,  0.094
 72060,  0.945,  0.133,  0.697,  0.103,  0.124,  0.105
 72120,  1.138,  0.075,  0.784,  0.140,  0.183,  0.151
 72180,  1.197,  0.123,  0.711,  0.102,  0.168,  0.155
 72240,  1.205,  0.095,  0.628,  0.101,  0.187,  0.196
 72300,  1.410,  0.068,  0.699,  0.131,  0.102,  0.176
 72360,  1.262,  0.083,  0.554,  0.126,  0.247,  0.088
 72420,  1.491,  0.124,  0.604,  0.050,  0.209,  0.322
 72480,  1.215,  0.041,  0.638,  0.072,  0.146,  0.193
 72540,  1.215,  0.148,  0.667,  0.153,  0.239,  0.477
 72600,  1.194,  0.170,  0.644,  0.141,  0.187,  0.239
 72660,  1.148,  0.129,  0.608,  0.087,  0.119,  0.376
 72720,  1.059,  0.086,  0.559,  0.112,  0.224,  0.398
 72780,  1.048,  0.141,  0.750,  0.150,  0.118,  0.256
 72840,  1.229,  0.037,  0.715,  0.103,  0.209,  0.197
 72900,  1.324,  0.079,  0.742,  0.096,  0.169,  0.190
 72960,  1.111,  0.205,  0.944,  0.109,  0.184,  0.425
 73020,  1.237,  0.246,  0.640,  0.086,  0.181,  0.206
 73080,  1.175,  0.144,  0.766,  0.089,  0.247,  0.238
 73140,  1.154,  0.147,  0.994,  0.071,  0.178,  0.224
 73200,  1.164,  0.198,  0.829,  0.115,  0.183,  0.230
 73260,  1.299,  0.197,  0.664,  0.136,  0.239,  0.376
 73320,  1.232,  0.176,  0.510,  0.094,  0.245,  0.152
 73380, -9999.000, -9999.000, -9999.000, -9999.000, -9999.000, -9999.000
 73440,  1.059,  0.191,  0.467,  0.071,  0.197,  0.209
 73500,  1.234,  0.196,  0.870,  0.124,  0.170,  0.193
 73560,  1.226,  0.212,  0.814,  0.124,  0.244,  0.276
 73620,  1.097,  0.173,  0.405,  0.125,  0.178,  0.138
 73680,  1.198,  0.224,  0.665,  0.138,  0.243,  0.306
 73740,  1.272,  0.236,  0.925,  0.101,  0.152,  0.273
 73800,  1.003,  0.042,  0.688,  0.120,  0.192,  0.187
 73860,  1.010,  0.137,  0.661,  0.084,  0.167,  0.197
 73920,  1.107,  0.037,  0.681,  0.103,  0.189,  0.215
 73980,  1.084,  0.052,  0.641,  0.076,  0.245,  0.294
 74040,  0.951,  0.133,  0.515,  0.094,  0.168,  0.146
 74100,  1.170,  0.102,  0.652,  0.142,  0.189,  0.252
 74160,  1.307,  0.083,  0.758,  0.118,  0.163,  0.136
 74220,  1.009,  0.102,  0.776,  0.126,  0.210,  0.123
 74280,  1.071,  0.101,  0.599,  0.073,  0.127,  0.168
 74340,  1.096,  0.137,  0.672,  0.148,  0.216,  0.109
 74400,  1.074, -0.001,  0.498,  0.096,  0.177,  0.123
 74460,  1.089,  0.024,  0.414,  0.094,  0.259,  0.203
 74520,  0.972,  0.279,  0.529,  0.138,  0.210,  0.132
 74580,  1.216, -0.005,  0.537,  0.121,  0.249,  0.169
 74640,  1.151,  0.044,  0.470,  0.112,  0.185,  0.135
 74700,  0.955,  0.081,  0.515,  0.114,  0.182,  0.160
 74760,  0.856,  0.001,  0.438,  0.114,  0.195,  0.103
 74820,  1.097,  0.100,  0.723,  0.098,  0.184,  0.108
 74880,  0.918,  0.071,  0.589,  0.087,  0.254,  0.068
 74940,  0.830, -0.032,  0.349,  0.098,  0.163,  0.167
 75000,  0.863, -0.005,  0.331,  0.083,  0.144,  0.229
 75060,  0.790, -9999.000,  0.290,  0.060,  0.120,  0.106
 75120,  1.043, -9999.000,  0.385,  0.090,  0.166,  0.143
 75180,  0.888, -9999.000,  0.390,  0.053,  0.185,  0.093
 75240, -9999.000, -9999.000, -9999.000, -9999.000, -9999.000, -9999.000
 75300,  0.737, -9999.000,  0.478,  0.023,  0.022, -0.032
 75360,  0.845, -9999.000,  0.530,  0.094,  0.117,  0.046
 75420,  0.814, -9999.000,  0.485,  0.068,  0.122,  0.107
 75480,  0.757, -9999.000,  0.328,  0.056,  0.149,  0.181
 75540,  0.864, -9999.000,  0.439,  0.091,  0.112,  0.004
 75600,  0.711, -9999.000,  0.543,  0.082,  0.137,  0.033
 75660,  0.827, -9999.000,  0.628,  0.066,  0.190,  0.115
 75720,  0.726, -9999.000,  0.505,  0.068,  0.187,  0.068
 75780,  0.834, -9999.000,  0.594,  0.050,  0.141,  0.029
 75840,  1.010, -9999.000,  0.622,  0.116,  0.142,  0.043
 75900,  0.847, -9999.000,  0.681,  0.114,  0.129,  0.037
 75960,  0.621, -9999.000,  0.449,  0.097,  0.184,  0.003
 76020,  0.686, -9999.000,  0.531,  0.101,  0.171,  0.045
 76080,  0.639, -9999.000,  0.588,  0.077,  0.160, -0.004
 76140,  0.652, -9999.000,  0.593,  0.083,  0.119,  0.084
 76200,  0.795, -9999.000,  0.648,  0.067,  0.164,  0.059
 76260,  0.746, -9999.000,  0.545,  0.067,  0.109, -0.021
 76320,  0.702, -9999.000,  0.453,  0.062,  0.214, -0.012
 76380,  0.700, -9999.000,  0.351,  0.036,  0.142, -0.069
 76440,  0.599, -9999.000,  0.713,  0.075,  0.209,  0.016
 76500,  0.519, -9999.000,  0.657,  0.097,  0.185, -0.025
 76560,  0.678, -9999.000,  0.599,  0.064,  0.142, -0.022
 76620,  0.496, -9999.000,  0.709,  0.112,  0.185,  0.054
 76680,  0.585, -9999.000,  0.500,  0.160,  0.151,  0.035
 76740,  0.417, -9999.000,  0.574,  0.076,  0.109, -0.013
 76800,  0.466, -9999.000,  0.750,  0.092,  0.210, -0.046
 76860,  0.459, -9999.000,  0.979,  0.132,  0.164, -0.041
 76920,  0.403, -9999.000,  0.770,  0.128,  0.109, -0.053
 76980,  0.475, -9999.000,  0.733,  0.084,  0.175, -0.056
 77040,  0.418, -9999.000,  0.659,  0.115,  0.130, -0.137
 77100, -9999.000, -9999.000, -9999.000, -9999.000, -9999.000, -9999.000
 77160,  0.443, -9999.000,  0.722,  0.124,  0.161, -0.088
 77220,  0.410, -9999.000,  0.629,  0.089,  0.141, -0.088
 77280,  0.336, -9999.000,  0.433,  0.091,  0.120, -0.117
 77340,  0.530, -9999.000,  0.480,  0.041,  0.121, -0.025
 77400,  0.571, -9999.000,  0.542,  0.086,  0.131, -0.050
 77460,  0.626, -9999.000,  0.405,  0.094,  0.165, -0.027
 77520,  0.475, -9999.000,  0.468,  0.074,  0.081, -0.030
 77580,  0.497, -9999.000,  0.585,  0.102,  0.116, -0.031
 77640,  0.399, -9999.000,  0.571,  0.079,  0.116,  0.021
 77700,  0.656, -9999.000,  0.502,  0.092,  0.102, -0.037
 77760,  0.585, -9999.000,  0.798,  0.088,  0.133,  0.038
 77820,  0.603, -9999.000,  0.787,  0.088,  0.155,  0.102
 77880,  0.545, -9999.000,  0.880,  0.131,  0.164,  0.099
 77940,  0.569, -9999.000,  0.661,  0.080,  0.193,  0.120
 78000,  0.458, -9999.000,  0.743,  0.076,  0.171, -0.044
 78060,  0.557, -9999.000,  0.737,  0.120,  0.212,  0.114
 78120,  0.602, -9999.000,  0.744,  0.106,  0.160,  0.136
 78180,  0.638, -9999.000,  0.886,  0.126,  0.177,  0.052
 78240,  0.662, -9999.000,  0.963,  0.125,  0.187,  0.086
 78300,  0.676, -9999.000,  0.890,  0.163,  0.154,  0.054
 78360,  0.750, -9999.000,  0.818,  0.125,  0.173,  0.039
 78420,  0.517, -9999.000,  0.764,  0.079,  0.178,  0.035
 78480,  0.896, -9999.000,  0.773,  0.116,  0.197,  0.125
 78540,  0.799, -9999.000,  0.848,  0.119,  0.213,  0.054
 78600,  0.974, -9999.000,  0.940,  0.136,  0.255,  0.046
 78660,  0.844, -9999.000,  1.013,  0.109,  0.221,  0.009
 78720,  0.777, -9999.000,  0.940,  0.102,  0.336,  0.131
 78780,  0.879, -9999.000,  1.026,  0.105,  0.336,  0.178
 78840,  0.828, -9999.000,  1.089,  0.157,  0.356,  0.191
 78900,  1.110, -9999.000,  1.284,  0.215,  0.314,  0.268
 78960,  1.191, -9999.000,  0.889,  0.064,  0.295,  0.174
 79020,  0.725, -9999.000,  1.127,  0.154,  0.319,  0.210
 79080,  0.760, -9999.000,  0.985,  0.144,  0.338,  0.301
 79140,  0.890, -9999.000,  0.938,  0.209,  0.331,  0.178
 79200,  0.916, -9999.000,  0.965,  0.069,  0.182,  0.200
 79260,  0.695, -9999.000,  0.962,  0.137,  0.177,  0.310
 79320,  0.726, -9999.000,  0.730,  0.156,  0.231,  0.327
 79380,  0.646, -9999.000,  0.913,  0.132,  0.212,  0.327
 79440,  0.643, -9999.000,  0.777,  0.144,  0.196,  0.363
 79500,  0.806, -9999.000,  0.769,  0.136,  0.212,  0.187
 79560,  0.761, -9999.000,  0.667,  0.071,  0.166,  0.228
 79620,  0.663, -9999.000,  0.699,  0.055,  0.106,  0.119
 79680,  0.680, -9999.000,  0.704,  0.041,  0.143,  0.114
 79740, -9999.000, -9999.000, -9999.000, -9999.000, -9999.000, -9999.000
 79800, -9999.000, -9999.000, -9999.000, -9999.000, -9999.000, -9999.000
 79860, -9999.000, -9999.000, -9999.000, -9999.000, -9999.000, -9999.000
 79920, -9999.000, -9999.000, -9999.000, -9999.000, -9999.000, -9999.000
 79980, -9999.000, -9999.000, -9999.000, -9999.000, -9999.000, -9999.000
 80040, -9999.000, -9999.000, -9999.000, -9999.000, -9999.000, -9999.000
 80100, -9999.000, -9999.000, -9999.000, -9999.000, -9999.000, -9999.000
 80160, -9999.000, -9999.000, -9999.000, -9999.000, -9999.000, -9999.000
 80220, -9999.000, -9999.000, -9999.000, -9999.000, -9999.000, -9999.000
 80280, -9999.000, -9999.000, -9999.000, -9999.000, -9999.000, -9999.000
 80340, -9999.000, -9999.000, -9999.000, -9999.000, -9999.000, -9999.000
 80400, -9999.000, -9999.000, -9999.000, -9999.000, -9999.000, -9999.000
 80460, -9999.000, -9999.000, -9999.000, -9999.000, -9999.000, -9999.000
 80520, -9999.000, -9999.000, -9999.000, -9999.000, -9999.000, -9999.000
 80580, -9999.000, -9999.000, -9999.000, -9999.000, -9999.000, -9999.000
 80640, -9999.000, -9999.000, -9999.000, -9999.000, -9999.000, -9999.000
 80700, -9999.000, -9999.000, -9999.000, -9999.000, -9999.000, -9999.000
 80760, -9999.000, -9999.000, -9999.000, -9999.000, -9999.000, -9999.000
 80820, -9999.000, -9999.000, -9999.000, -9999.000, -9999.000, -9999.000
 80880, -9999.000, -9999.000, -9999.000, -9999.000, -9999.000, -9999.000
 80940, -9999.000, -9999.000, -9999.000, -9999.000, -9999.000, -9999.000
 81000, -9999.000, -9999.000, -9999.000, -9999.000, -9999.000, -9999.000
 81060, -9999.000, -9999.000, -9999.000, -9999.000, -9999.000, -9999.000
 81120, -9999.000, -9999.000, -9999.000, -9999.000, -9999.000, -9999.000
 81180, -9999.000, -9999.000, -9999.000, -9999.000, -9999.000, -9999.000
 81240, -9999.000, -9999.000, -9999.000, -9999.000, -9999.000, -9999.000
 81300, -9999.000, -9999.000, -9999.000, -9999.000, -9999.000, -9999.000
 81360, -9999.000, -9999.000, -9999.000, -9999.000, -9999.000, -9999.000
 81420, -9999.000, -9999.000, -9999.000, -9999.000, -9999.000, -9999.000
 81480, -9999.000, -9999.000, -9999.000, -9999.000, -9999.000, -9999.000
 81540, -9999.000, -9999.000, -9999.000, -9999.000, -9999.000, -9999.000
 81600, -9999.000, -9999.000, -9999.000, -9999.000, -9999.000, -9999.000
 81660, -9999.000, -9999.000, -9999.000, -9999.000, -9999.000, -9999.000
 81720, -9999.000, -9999.000, -9999.000, -9999.000, -9999.000, -9999.000
 81780, -9999.000, -9999.000, -9999.000, -9999.000, -9999.000, -9999.000
 81840, -9999.000, -9999.000, -9999.000, -9999.000, -9999.000, -9999.000
 81900, -9999.000, -9999.000, -9999.000, -9999.000, -9999.000, -9999.000
 81960, -9999.000, -9999.000, -9999.000, -9999.000, -9999.000, -9999.000
 82020, -9999.000, -9999.000, -9999.000, -9999.000, -9999.000, -9999.000
 82080, -9999.000, -9999.000, -9999.000, -9999.000, -9999.000, -9999.000
 82140, -9999.000, -9999.000, -9999.000, -9999.000, -9999.000, -9999.000
 82200, -9999.000, -9999.000, -9999.000, -9999.000, -9999.000, -9999.000
 82260, -9999.000, -9999.000, -9999.000, -9999.000, -9999.000, -9999.000
 82320, -9999.000, -9999.000, -9999.000, -9999.000, -9999.000, -9999.000
 82380, -9999.000, -9999.000, -9999.000, -9999.000, -9999.000, -9999.000
 82440, -9999.000, -9999.000, -9999.000, -9999.000, -9999.000, -9999.000
 82500, -9999.000, -9999.000, -9999.000, -9999.000, -9999.000, -9999.000
 82560, -9999.000, -9999.000, -9999.000, -9999.000, -9999.000, -9999.000
 82620, -9999.000, -9999.000, -9999.000, -9999.000, -9999.000, -9999.000
 82680, -9999.000, -9999.000, -9999.000, -9999.000, -9999.000, -9999.000
 82740, -9999.000, -9999.000, -9999.000, -9999.000, -9999.000, -9999.000
 82800, -9999.000, -9999.000, -9999.000, -9999.000, -9999.000, -9999.000
 82860, -9999.000, -9999.000, -9999.000, -9999.000, -9999.000, -9999.000
 82920, -9999.000, -9999.000, -9999.000, -9999.000, -9999.000, -9999.000
 82980, -9999.000, -9999.000, -9999.000, -9999.000, -9999.000, -9999.000
 83040, -9999.000, -9999.000, -9999.000, -9999.000, -9999.000, -9999.000
 83100, -9999.000, -9999.000, -9999.000, -9999.000, -9999.000, -9999.000
 83160, -9999.000, -9999.000, -9999.000, -9999.000, -9999.000, -9999.000
 83220, -9999.000, -9999.000, -9999.000, -9999.000, -9999.000, -9999.000
 83280, -9999.000, -9999.000, -9999.000, -9999.000, -9999.000, -9999.000
 83340, -9999.000, -9999.000, -9999.000, -9999.000, -9999.000, -9999.000
 83400, -9999.000, -9999.000, -9999.000, -9999.000, -9999.000, -9999.000
 83460, -9999.000, -9999.000, -9999.000, -9999.000, -9999.000, -9999.000
