CampaignData_and_Merges/R0/CSL_MobileLab_Parked/raw/20240805/USOS-Picarro-CO2-CH4-CO-H2O_MobileLabGround_20240805_R0.ict
38, 1001
Ilana Pollack, Nell Schafer, and Jeff Peischl
NOAA Chemical Sciences Laboratory
Picarro 2401-m CO2/CH4/CO/H2O Analyzer
USOS
1, 1
2024, 08, 05, 2024, 11, 20
0
StartTime_UTC, seconds_past_midnight, seconds past midnight
5
1, 1, 1, 1, 1
-9999, -9999, -9999, -9999, -9999
StopTime_UTC, seconds_past_midnight, seconds past midnight
CO2_ppm_1min, ppm, Gas_CO2_InSitu_S_DMF, carbon dioxide mixing ratio
CH4_ppb_1min, ppb, Gas_CH4_InSitu_S_DMF, methane mixing ratio
CO_ppb_1min, ppb, Gas_CO_InSitu_S_DMF, carbon monoxide mixing ratio
H2O_ppmv_1min, ppmv, Met_H2OMRV_InSitu_S_AVMR, water vapor mixing ratio
1
SPECIAL COMMENTS: N/A
18
PI_CONTACT_INFO: Address: NOAA Chemical Sciences Laboratory, Mail Stop CSL7, 325 Broadway, Boulder, CO 80305; Email: Ilana.Pollack@noaa.gov
PLATFORM: NOAA CSL Mobile Laboratory
LOCATION: The mobile lab was stationed in Salt Lake City, Utah.
ASSOCIATED_DATA: N/A
INSTRUMENT_INFO: CO2, CH4, and CO are reported as dry air mole fractions using a commercial wavelength-scanned cavity ring-down analyzer (Picarro 2401-m). An in-field calibration gas standard of 432±0.07 ppm CO2, 2095±1 ppb CH4, and 183±1 ppb CO, calibrated in the Boulder laboratories before and after the field project using primary CO2, CH4, and CO standard tanks tied to the WMO standard (X2019, X2004A, and X2014A, respectively) from the Global Monitoring Laboratory (GML), was delivered to the inlet every 2-3 days to evaluate instrument sensitivity. A H2O measurement was calibrated before the project with a Dew Point Mirror 373 hygrometer. The water correction calculated from these calibrations was applied to the H2O measurement for the entire campaign. Species are measured at 0.5 Hz and reported as 1-minute averages for stationary measurements.
DATA_INFO: Units: CO2, ppm, dry air mole fraction; CH4, ppb, dry air mole fraction; CO, ppb, dry air mole fraction; H2O, ppmv
UNCERTAINTY: Total uncertainties are estimated as ±0.1 ppm for CO2, ±1 ppb for CH4, ±5 ppb for CO, and ±(50 ppm + 4%) for H2O.
ULOD_FLAG: -7777
ULOD_VALUE: N/A
LLOD_FLAG: -8888
LLOD_VALUE: N/A
DM_CONTACT_INFO: Data Manager: Nathan Howard; nathan.h.howard@noaa.gov
PROJECT_INFO: USOS Dates of Study: July – August 2024
STIPULATIONS_ON_USE: Use of these data require prior ok from PI.
OTHER_COMMENTS: Data are averaged to 1 minute intervals. Stationary data collected from a 10 ft tower on top of the mobile van.
REVISION: R0
R0: Final Data
StartTime_UTC, StopTime_UTC, CO2_ppm_1min, CH4_ppb_1min, CO_ppb_1min, H2O_ppmv_1min
[from data line 1126]
67560,67620,434.96,1966.2,173.6,14510.7090
67620,67680,435.25,1967.0,178.7,14689.9150
67680,67740,435.03,1967.1,177.4,15048.7207
67740,67800,435.10,1967.2,195.2,15352.1787
67800,67860,436.11,1967.7,201.1,15228.2500
67860,67920,435.74,1967.6,186.0,14834.7217
67920,67980,435.83,1967.6,185.3,14850.7188
67980,68040,435.69,1968.0,182.8,14840.2158
68040,68100,435.62,1968.2,181.1,15274.5908
68100,68160,435.34,1966.5,175.1,14945.0449
68160,68220,436.70,1965.9,180.5,14872.9971
68220,68280,441.10,1966.2,202.1,15790.9570
68280,68340,434.95,1965.1,171.5,14614.6709
68340,68400,434.48,1964.0,169.5,14554.0313
68400,68460,434.45,1963.7,169.0,14486.7119
68460,68520,434.83,1963.2,170.2,14496.3623
68520,68580,432.40,1958.6,159.6,14052.5068
68580,68640,430.01,1954.1,146.2,13597.1309
68640,68700,430.85,1954.8,152.6,13747.6113
68700,68760,429.08,1951.7,142.0,13375.2412
68760,68820,427.89,1949.4,135.6,13154.8018
68820,68880,428.75,1950.9,137.8,13364.7813
68880,68940,427.74,1950.0,134.3,13365.2451
68940,69000,428.29,1951.4,140.2,13561.1660
69000,69060,429.30,1951.8,169.9,13407.7568
69060,69120,430.25,1951.6,150.2,13242.8271
69120,69180,429.16,1951.2,137.8,13013.1416
69180,69240,431.22,1952.2,150.6,13382.1641
69240,69300,432.31,1952.4,152.2,14234.5146
69300,69360,430.11,1953.4,157.4,14157.0879
69360,69420,433.10,1955.6,168.0,14291.9199
69420,69480,432.90,1955.7,167.2,13891.0674
69480,69540,431.16,1955.7,157.6,13737.8604
69540,69600,431.19,1954.6,150.7,13495.4121
69600,69660,430.77,1954.9,154.4,13670.0000
69660,69720,430.32,1954.6,157.3,13630.5508
69720,69780,430.07,1953.8,143.0,13345.2393
69780,69840,430.41,1952.6,145.6,13443.9639
69840,69900,430.99,1952.9,156.3,14118.7773
69900,69960,429.24,1953.6,146.7,14491.6484
69960,70020,430.16,1953.3,149.0,13906.3945
70020,70080,430.28,1953.9,145.8,13399.9932
70080,70140,430.88,1955.2,150.9,13591.3057
70140,70200,431.43,1955.8,152.6,13659.3428
70200,70260,431.35,1955.8,156.8,13627.2217
70260,70320,430.63,1956.0,157.7,14683.2871
70320,70380,431.20,1955.4,247.8,14386.1104
70380,70440,429.92,1953.9,143.3,13813.1572
70440,70500,429.23,1952.7,140.4,13366.2705
70500,70560,428.60,1951.4,141.5,13248.9063
70560,70620,427.55,1950.1,148.2,13193.1084
70620,70680,427.10,1949.3,132.2,12945.3750
70680,70740,427.20,1949.6,140.5,13336.6572
70740,70800,427.49,1949.0,142.7,12946.4863
70800,70860,427.75,1950.3,136.7,13025.8994
70860,70920,427.68,1950.8,137.6,13204.1768
70920,70980,427.69,1950.8,137.0,13222.5684
70980,71040,427.70,1951.1,138.2,13268.2627
71040,71100,428.04,1951.9,140.3,13368.9023
71100,71160,428.25,1952.1,142.4,13667.2939
71160,71220,429.90,1953.4,156.9,13693.1260
71220,71280,430.78,1953.7,177.0,15696.1621
71280,71340,434.19,1955.0,179.1,14833.5586
71340,71400,430.84,1954.1,152.0,14169.7754
71400,71460,429.87,1954.3,149.7,13683.7080
71460,71520,431.22,1955.1,168.7,14273.4727
71520,71580,430.44,1955.2,166.5,14928.7783
71580,71640,430.97,1954.8,164.4,14298.1064
71640,71700,428.89,1953.9,146.9,13733.7432
71700,71760,429.15,1954.0,145.7,13580.4521
71760,71820,429.56,1954.6,149.0,13684.5986
71820,71880,429.36,1954.2,150.9,13769.2305
71880,71940,429.28,1954.4,148.3,13601.3037
71940,72000,430.28,1962.6,153.4,13471.0762
72000,72060,430.65,1959.9,154.1,13745.6846
72060,72120,430.49,1955.8,159.0,13728.6738
72120,72180,430.11,1955.8,157.6,14019.4912
72180,72240,429.47,1956.1,155.9,15141.5332
72240,72300,429.70,1956.6,155.4,15065.7227
72300,72360,430.07,1956.3,157.4,14419.2568
72360,72420,429.90,1956.6,157.0,14931.4775
72420,72480,430.19,1957.0,159.7,14815.8711
72480,72540,430.79,1957.4,162.8,14823.0342
72540,72600,433.75,1957.6,174.0,14668.5518
72600,72660,431.83,1956.7,165.4,14506.9209
72660,72720,429.03,1952.8,147.2,13685.4746
72720,72780,429.47,1953.8,152.4,13938.7158
72780,72840,432.56,1955.8,168.9,14383.9365
72840,72900,432.02,1955.7,171.7,14745.2324
72900,72960,430.04,1954.8,161.0,14983.2432
72960,73020,429.71,1953.6,157.1,13985.7520
73020,73080,429.51,1952.9,152.9,13435.6992
73080,73140,429.61,1953.5,153.0,13500.9609
73140,73200,429.68,1953.9,150.5,13580.5674
73200,73260,429.51,1953.9,149.2,13511.6250
73260,73320,429.42,1953.3,148.8,13182.3867
73320,73380,429.52,1954.2,152.6,13417.6768
73380,73440,429.01,1954.0,151.6,13677.8389
73440,73500,429.49,1953.7,149.6,13241.9238
73500,73560,429.53,1953.8,150.9,13535.2422
73560,73620,428.32,1951.9,147.5,13340.9434
73620,73680,427.72,1950.6,144.7,13288.6592
73680,73740,427.88,1952.3,145.5,14194.5107
73740,73800,428.70,1951.8,146.9,13290.9580
73800,73860,428.77,1951.7,150.4,13470.9092
73860,73920,429.26,1952.9,150.5,13129.7686
73920,73980,428.81,1952.6,161.4,13739.7383
73980,74040,428.75,1951.7,148.4,12968.0049
74040,74100,428.83,1951.2,146.6,12678.7412
74100,74160,428.89,1951.4,147.6,12730.1260
74160,74220,428.86,1952.0,153.2,13139.1445
74220,74280,428.58,1951.7,150.2,13091.0938
74280,74340,428.49,1951.9,151.0,13398.2646
74340,74400,427.28,1952.0,149.6,14258.0361
74400,74460,428.36,1951.5,147.9,13101.2188
74460,74520,428.13,1952.0,149.7,13495.9990
74520,74580,427.85,1951.9,154.3,14014.3877
74580,74640,427.11,1951.8,148.2,13650.0830
74640,74700,426.65,1951.1,140.9,13299.2705
74700,74760,426.54,1950.7,137.1,13216.6260
74760,74820,426.48,1951.1,138.0,13642.6650
74820,74880,427.38,1950.4,139.5,12240.5313
74880,74940,426.13,1949.6,136.7,12645.5449
74940,75000,425.78,1948.2,128.9,12214.4893
75000,75060,426.75,1949.4,137.0,12372.4453
75060,75120,426.54,1948.9,136.4,12358.6934
75120,75180,426.41,1949.3,133.1,12592.7617
75180,75240,425.84,1948.7,131.9,12545.4600
75240,75300,425.80,1949.5,132.8,12652.9307
75300,75360,426.24,1950.7,139.6,12744.3779
75360,75420,426.86,1949.4,143.3,12505.5420
75420,75480,427.00,1948.9,139.6,12161.5029
75480,75540,426.89,1948.4,133.9,11877.4258
75540,75600,426.89,1949.0,135.4,12108.4834
75600,75660,426.86,1949.3,137.4,12652.5332
75660,75720,427.21,1949.7,141.7,12514.4404
75720,75780,427.09,1950.6,149.6,12892.9746
75780,75840,426.93,1950.9,145.0,13168.2129
75840,75900,427.89,1951.4,148.9,13318.9795
75900,75960,428.36,1951.7,150.7,13291.7500
75960,76020,426.86,1949.7,138.2,12488.6514
76020,76080,426.93,1950.6,141.9,12695.5039
76080,76140,427.80,1951.3,143.7,12882.4561
76140,76200,426.93,1950.1,134.2,12526.0039
76200,76260,426.74,1949.7,133.6,12846.5898
76260,76320,426.68,1949.2,134.6,12470.2813
76320,76380,427.06,1949.1,134.8,12021.0820
76380,76440,427.42,1949.8,138.2,12096.0557
76440,76500,427.75,1950.8,143.3,12474.4453
76500,76560,427.12,1950.4,137.3,12658.2412
76560,76620,426.86,1950.4,136.2,13020.2109
76620,76680,427.39,1950.9,149.0,13244.3535
76680,76740,427.42,1951.3,137.7,12791.7236
76740,76800,427.32,1951.3,137.2,12654.4121
76800,76860,430.07,1953.1,142.3,13012.3896
76860,76920,429.31,1956.7,142.3,12970.0264
76920,76980,428.15,1957.3,141.4,12451.5654
76980,77040,428.38,1954.5,139.6,12884.3193
77040,77100,428.22,1953.2,140.5,12857.5771
77100,77160,428.26,1953.2,148.2,12945.6465
77160,77220,429.88,1951.8,149.2,12519.6484
77220,77280,427.85,1949.8,134.8,11868.1865
77280,77340,427.18,1949.1,131.9,11575.4873
77340,77400,428.58,1950.3,146.8,11871.2471
77400,77460,427.22,1950.2,134.5,11402.7598
77460,77520,427.24,1950.2,141.2,11532.9922
77520,77580,427.71,1950.3,139.9,11604.4238
77580,77640,429.50,1951.4,157.0,12178.3330
77640,77700,428.25,1951.1,142.7,11786.3975
77700,77760,428.54,1953.4,152.4,11919.7822
77760,77820,429.03,1962.8,147.1,12276.7139
77820,77880,429.83,1963.5,148.6,12500.9287
77880,77940,429.86,1966.5,147.6,12522.9170
77940,78000,429.35,1967.9,143.7,12526.8584
78000,78060,429.59,1968.5,143.6,12572.0459
78060,78120,429.27,1970.3,141.9,12440.0430
78120,78180,429.54,1972.3,141.9,12516.7832
78180,78240,430.23,1972.9,148.4,12610.9141
78240,78300,431.31,1972.6,152.0,12711.4619
78300,78360,432.10,1973.6,155.9,12863.1816
78360,78420,433.53,1975.8,179.3,12777.7041
78420,78480,434.89,1981.6,201.3,12853.0273
78480,78540,434.32,1983.2,187.6,13038.0596
78540,78600,432.66,2000.6,166.4,13250.3848
78600,78660,433.70,2006.6,169.2,13464.9229
78660,78720,432.99,1997.8,173.4,13493.1680
78720,78780,433.83,2009.5,184.0,13785.6055
78780,78840,434.43,2017.6,201.6,13982.7061
78840,78900,434.93,2021.8,209.0,14057.5703
78900,78960,433.80,2021.1,177.8,13300.3750
78960,79020,434.30,2022.3,180.0,13202.8799
79020,79080,435.64,2025.1,228.9,13456.5361
79080,79140,435.37,2016.3,233.8,12945.8096
79140,79200,434.02,2002.7,212.2,12247.8984
79200,79260,433.00,1996.1,186.8,11915.6094
79260,79320,433.02,1994.4,211.2,11846.7285
79320,79380,432.12,1992.0,214.7,11728.3115
79380,79440,431.99,1999.6,187.2,11916.2949
79440,79500,430.42,1984.8,158.2,11370.5313
79500,79560,430.94,1981.6,166.0,11343.7119
79560,79620,430.21,1972.5,156.9,10883.9990
79620,79680,431.08,1973.1,159.7,10963.6641
79680,79740,431.32,1973.6,159.9,10923.6943
79740,79800,430.43,1968.0,156.9,10731.7705
79800,79860,430.50,1968.0,146.9,10914.6250
79860,79920,429.56,1964.5,135.8,10930.4424
79920,79980,429.10,1963.0,133.4,10949.9043
79980,80040,428.96,1961.5,135.3,10941.4639
80040,80100,429.97,1963.0,141.5,11062.9922
80100,80160,430.51,1962.6,152.3,10968.8828
80160,80220,431.72,1965.2,155.1,11198.5889
80220,80280,437.03,1967.2,198.7,11535.5068
80280,80340,435.76,1958.2,202.5,11082.3057
80340,80400,432.48,1953.3,179.5,10517.4053
80400,80460,428.11,1949.5,112.3,9868.0361
80460,80520,432.45,1950.0,118.1,10067.9512
80520,80580,436.19,1947.5,124.1,9787.1191
80580,80640,432.16,1949.5,121.6,9880.8369
80640,80700,427.08,1950.1,113.3,9846.3672
80700,80760,427.06,1951.7,114.3,9959.2910
80760,80820,428.65,1952.8,121.8,9945.4248
80820,80880,427.21,1950.9,112.4,10273.1143
80880,80940,425.84,1947.3,103.7,10670.6953
80940,81000,425.62,1946.6,104.7,10543.9443
81000,81060,425.69,1946.7,105.0,10692.0439
81060,81120,425.51,1945.6,102.0,10178.3232
81120,81180,426.10,1945.5,101.4,10394.8818
81180,81240,426.08,1945.1,102.5,9955.5215
81240,81300,430.58,1945.7,119.5,10279.7041
81300,81360,430.59,1945.8,140.0,10266.3799
81360,81420,429.55,1945.3,153.0,10090.5303
81420,81480,430.62,1946.0,128.9,10322.3252
81480,81540,432.66,1947.5,127.9,10564.0459
81540,81600,434.48,1947.6,144.8,10329.6807
81600,81660,427.38,1945.8,109.4,10136.5049
81660,81720,428.19,1945.8,113.3,9911.4775
81720,81780,428.67,1946.5,109.6,10359.7021
81780,81840,428.92,1947.6,111.8,10756.0410
81840,81900,427.95,1947.3,165.3,10569.6221
81900,81960,430.27,1947.7,184.1,10527.3057
81960,82020,428.16,1947.4,130.4,10189.6035
82020,82080,426.65,1946.4,114.8,9858.0684
82080,82140,426.70,1946.3,134.4,9955.4316
82140,82200,426.85,1946.6,160.4,10085.6094
82200,82260,426.89,1947.3,137.2,9947.3359
82260,82320,426.47,1946.7,140.4,10004.6152
82320,82380,426.06,1945.9,117.3,10172.3926
82380,82440,426.10,1945.5,109.8,9903.4482
82440,82500,425.49,1945.8,108.7,10301.7900
82500,82560,427.22,1945.2,113.1,10038.1084
82560,82620,426.80,1946.4,112.1,10571.5654
82620,82680,426.54,1947.0,110.7,10384.7832
82680,82740,426.60,1947.6,123.8,10476.4492
82740,82800,426.71,1948.7,123.0,10779.8594
82800,82860,426.84,1949.7,134.9,10905.4590
82860,82920,429.06,1950.2,126.5,10877.6650
82920,82980,428.20,1950.4,118.2,10950.2529
82980,83040,431.04,1951.1,159.1,11168.7227
83040,83100,432.04,1951.5,176.6,11443.8262
83100,83160,430.30,1950.8,140.9,11265.8594
83160,83220,427.92,1950.5,124.5,11350.3926
83220,83280,430.75,1950.9,142.2,11588.2988
83280,83340,432.84,1951.4,160.3,11855.1465
83340,83400,430.63,1951.2,146.0,11144.1748
83400,83460,431.41,1951.7,138.1,12065.9395
83460,83520,434.02,1952.0,149.3,13130.3926
83520,83580,433.22,1951.0,144.2,11599.5313
83580,83640,428.24,1949.0,118.9,10348.0742
83640,83700,432.94,1950.0,152.3,10876.4287
83700,83760,434.83,1950.5,158.5,11545.4502
83760,83820,440.83,1951.7,182.3,11645.9004
83820,83880,431.62,1950.7,145.6,11310.3369
83880,83940,432.04,1949.7,139.2,11053.6494
83940,84000,429.16,1949.0,131.7,11065.9189
84000,84060,431.11,1948.2,170.8,11044.4023
84060,84120,435.05,1948.4,193.7,11098.0762
84120,84180,434.93,1947.6,168.9,10664.1553
84180,84240,432.68,1948.2,169.2,11345.7178
84240,84300,434.15,1949.0,189.3,12035.8545
84300,84360,434.46,1949.2,176.0,12134.6465
84360,84420,432.69,1949.0,160.4,12059.1357
84420,84480,432.24,1949.3,169.8,12097.5127
84480,84540,434.53,1948.9,156.7,11239.6045
84540,84600,439.37,1949.6,244.8,11740.8125
84600,84660,439.71,1948.6,209.0,11035.2910
84660,84720,435.15,1948.2,178.8,12219.8438
84720,84780,429.92,1947.2,129.1,10479.5957
84780,84840,430.31,1947.6,139.3,10358.1143
84840,84900,428.97,1947.6,132.2,10540.6289
84900,84960,433.30,1948.6,165.6,10618.0459
84960,85020,438.51,1949.5,214.2,11552.6670
85020,85080,443.27,1949.9,175.6,10841.2920
85080,85140,440.95,1950.9,186.9,11169.0107
85140,85200,430.88,1949.7,142.3,10998.6406
85200,85260,436.53,1950.9,184.4,12134.4697
85260,85320,435.34,1952.0,199.5,11485.3105
85320,85380,438.94,1953.0,374.9,11321.9688
85380,85440,430.25,1948.7,171.7,10839.8115
85440,85500,431.64,1949.1,159.9,10867.0488
85500,85560,430.22,1948.2,155.0,10499.6934
85560,85620,429.28,1948.2,129.6,10234.1221
85620,85680,430.72,1946.5,130.7,10225.1348
85680,85740,428.52,1946.7,122.6,10568.4570
85740,85800,430.72,1946.3,126.1,9722.4053
85800,85860,432.43,1946.5,129.3,10499.5439
85860,85920,426.13,1946.5,113.2,9950.4434
85920,85980,426.11,1946.9,122.3,10765.9814
85980,86040,428.70,1947.6,139.5,10545.5840
86040,86100,427.13,1947.7,126.4,10612.1123
86100,86160,428.28,1948.2,143.2,10855.0596
86160,86220,428.79,1950.5,148.5,11072.6357
86220,86280,434.53,1951.0,178.2,11316.2295
86280,86340,440.83,1951.0,190.5,11493.6465
86340,86400,434.81,1951.7,195.5,11238.1045
