CampaignData_and_Merges/R0/CSL_MobileLab_Parked/raw/20240805/USOS-MetNav_MobileLabGround_20240805_R0.ict
44, 1001
Carrie Womack, Nate Howard, Mike Zucker
NOAA Chemical Sciences Laboratory
Mobile Lab MetNav Station
USOS
1, 1
2024, 08, 05, 2024, 12, 21
60
Time_Start, seconds_past_midnight, Seconds from midnight UTC
11
1, 1, 1, 1, 1, 1, 1, 1, 1, 1, 1
-9999, -9999, -9999, -9999, -9999, -9999, -9999, -9999, -9999, -9999, -9999
GPS_Alt_m, meters, Altitude from Differential GPS
GPS_Course_deg, degrees, Course from Differential GPS
GPS_GndSpd_m_s, m/s, Ground Speed from Differential GPS
GPS_Heading_deg, degrees, Heading from Differential GPS
GPS_Lat_deg, degrees, Latitude from Differential GPS
GPS_Lon_deg, degrees, Longitude from Differential GPS
AirTemp_C, Celsius, Air Temperature from Airmar
RelHumidity_pct, percent, Relative Humidity from Airmar
Pressure_mb, millibars, Pressure from Honeywell
WindDir_calc_deg, degrees, Wind Direction from Airmar corrected for van movement
WindSpd_calc_m_s, m/s, Wind Speed from Airmar corrected for van movement
1
SPECIAL COMMENTS:
18
PI_CONTACT_INFO: Address: 325 Broadway R/CSL7, Boulder, CO, 80305
PLATFORM: CSL Mobile Lab
LOCATION: Salt Lake City, UT
ASSOCIATED_DATA: N/A
INSTRUMENT_INFO: N/A
DATA_INFO: Units:
UNCERTAINTY: N/A
ULOD_FLAG: -7777
ULOD_VALUE: N/A
LLOD_FLAG: -8888
LLOD_VALUE: N/A
DM_CONTACT_INFO: Data Manager: Nate Howard
PROJECT_INFO: 
STIPULATIONS_ON_USE: Use of these data require prior ok from PI.
OTHER_COMMENTS: 
REVISION: R0
R0: Final data. Fixed bug in wind averaging code. RA: Preliminary Data. For in-field use only. 
Time_Start, GPS_Alt_m, GPS_Course_deg, GPS_GndSpd_m_s, GPS_Heading_deg, GPS_Lat_deg, GPS_Lon_deg, AirTemp_C, RelHumidity_pct, Pressure_mb, WindDir_calc_deg, WindSpd_calc_m_s
0.0,1308.2,1.32,0.04,1.32,40.73434,-111.87210,38.6,17.5,876.1,56.87,0.7
60.0,1308.1,1.11,0.04,1.11,40.73434,-111.87211,38.5,17.2,876.1,69.41,0.7
120.0,1307.9,1.56,0.05,1.56,40.73434,-111.87211,38.5,17.4,876.1,93.27,1.1
180.0,1307.9,2.14,0.05,2.14,40.73434,-111.87211,38.6,18.1,876.1,101.63,1.1
240.0,1308.0,2.11,0.05,2.11,40.73434,-111.87211,38.5,17.3,876.1,92.30,1.0
300.0,1308.0,2.11,0.04,2.11,40.73434,-111.87211,38.6,17.7,876.1,103.19,1.2
360.0,1307.8,1.98,0.05,1.98,40.73434,-111.87211,38.6,17.7,876.1,101.59,1.2
420.0,1307.8,1.76,0.04,1.76,40.73434,-111.87211,38.8,17.3,876.1,96.22,1.0
480.0,1308.0,1.96,0.04,1.96,40.73434,-111.87211,38.7,16.9,876.2,58.66,0.4
540.0,1308.5,2.22,0.05,2.22,40.73434,-111.87211,38.9,17.0,876.2,100.12,0.9
600.0,1308.6,2.33,0.04,2.33,40.73434,-111.87211,38.9,17.1,876.2,78.73,0.5
660.0,1308.8,2.16,0.05,2.16,40.73434,-111.87211,38.8,17.5,876.2,73.45,0.9
720.0,1309.0,2.03,0.05,2.03,40.73434,-111.87211,38.8,17.7,876.1,93.29,1.0
780.0,1309.2,1.77,0.05,1.77,40.73434,-111.87211,38.6,17.5,876.1,61.70,0.6
840.0,1309.1,1.64,0.05,1.64,40.73434,-111.87211,38.3,17.2,876.1,70.76,0.7
900.0,1309.0,1.96,0.05,1.96,40.73434,-111.87211,38.3,17.3,876.2,72.62,0.6
960.0,1309.0,2.13,0.05,2.13,40.73434,-111.87211,38.2,17.3,876.2,55.41,0.6
1020.0,1309.0,2.07,0.05,2.07,40.73434,-111.87211,38.2,17.3,876.2,59.21,0.4
1080.0,1308.8,1.71,0.05,1.71,40.73434,-111.87211,38.3,17.5,876.2,81.98,0.6
1140.0,1308.8,1.54,0.04,1.54,40.73434,-111.87211,38.3,17.4,876.2,84.51,0.9
1200.0,1308.9,1.62,0.05,1.62,40.73434,-111.87211,38.3,17.5,876.2,75.43,0.7
1260.0,1309.0,1.82,0.05,1.82,40.73434,-111.87211,38.3,17.4,876.2,82.97,0.8
1320.0,1308.8,2.23,0.05,2.23,40.73434,-111.87211,38.2,17.4,876.2,81.81,0.9
1380.0,1308.6,2.01,0.04,2.01,40.73434,-111.87211,38.2,17.5,876.1,87.95,1.0
1440.0,1308.6,1.45,0.04,1.45,40.73434,-111.87211,38.1,17.7,876.1,77.61,1.0
1500.0,1308.7,1.13,0.05,1.13,40.73434,-111.87211,37.9,17.5,876.1,60.80,1.1
1560.0,1308.9,1.27,0.05,1.27,40.73434,-111.87211,37.5,17.2,876.1,52.72,1.2
1620.0,1309.0,1.34,0.05,1.34,40.73434,-111.87211,37.3,17.3,876.1,59.61,0.9
1680.0,1308.9,1.82,0.05,1.82,40.73434,-111.87211,37.3,17.4,876.1,76.54,0.9
1740.0,1309.0,1.59,0.04,1.59,40.73434,-111.87211,37.4,17.5,876.1,88.76,0.6
1800.0,1309.0,1.27,0.05,1.27,40.73434,-111.87211,37.3,17.4,876.1,65.44,0.9
1860.0,1309.0,1.12,0.05,1.12,40.73434,-111.87211,37.4,17.5,876.1,98.13,1.1
1920.0,1309.0,0.87,0.05,0.87,40.73434,-111.87211,37.3,17.8,876.1,90.84,1.2
1980.0,1308.9,0.69,0.04,0.69,40.73434,-111.87211,37.3,18.2,876.1,80.02,0.7
2040.0,1309.0,0.57,0.05,0.57,40.73434,-111.87211,37.4,18.0,876.1,74.09,0.6
2100.0,1309.1,0.69,0.05,0.69,40.73434,-111.87211,37.5,17.9,876.1,100.91,1.1
2160.0,1309.2,1.15,0.05,1.15,40.73434,-111.87211,37.5,17.6,876.0,102.58,1.4
2220.0,1309.0,0.90,0.05,0.90,40.73434,-111.87211,37.6,18.0,876.1,102.44,1.1
2280.0,1308.9,0.97,0.05,0.97,40.73434,-111.87211,37.7,17.8,876.1,98.78,1.0
2340.0,1308.9,0.54,0.05,0.54,40.73434,-111.87211,37.7,18.1,876.1,81.70,0.8
2400.0,1308.9,0.68,0.05,0.68,40.73434,-111.87211,37.7,18.5,876.1,85.94,0.9
2460.0,1308.6,0.79,0.05,0.79,40.73434,-111.87211,37.6,18.8,876.1,92.27,1.2
2520.0,1308.5,1.19,0.06,1.19,40.73434,-111.87211,37.5,18.0,876.1,92.41,0.9
2580.0,1308.4,1.25,0.06,1.25,40.73434,-111.87211,37.5,17.9,876.1,113.65,1.3
2640.0,1309.0,1.77,0.06,1.77,40.73433,-111.87211,37.6,18.3,876.1,86.55,0.9
2700.0,1308.8,2.23,0.05,2.23,40.73433,-111.87211,37.4,18.1,876.1,60.70,1.0
2760.0,1308.7,1.58,0.05,1.58,40.73433,-111.87211,37.3,18.0,876.1,71.09,0.8
2820.0,1308.9,1.51,0.06,1.51,40.73433,-111.87211,37.4,18.3,876.1,82.94,0.5
2880.0,1309.0,1.21,0.05,1.21,40.73433,-111.87211,37.2,18.5,876.1,68.98,0.8
2940.0,1308.9,1.66,0.05,1.66,40.73433,-111.87211,37.1,18.5,876.1,70.66,1.0
3000.0,1308.9,1.89,0.05,1.89,40.73433,-111.87211,37.2,18.6,876.1,100.91,1.1
3060.0,1308.9,1.87,0.05,1.87,40.73433,-111.87211,36.8,18.5,876.1,68.56,1.1
3120.0,1308.8,1.95,0.05,1.95,40.73433,-111.87211,36.9,18.7,876.1,90.59,0.9
3180.0,1309.3,1.68,0.05,1.68,40.73433,-111.87211,36.9,18.7,876.1,98.30,1.1
3240.0,1309.6,1.79,0.05,1.79,40.73433,-111.87211,36.9,18.7,876.0,80.61,0.8
3300.0,1309.8,2.15,0.05,2.15,40.73433,-111.87211,36.9,18.7,876.0,90.41,1.0
3360.0,1309.3,1.65,0.05,1.65,40.73433,-111.87211,36.9,18.3,876.0,63.86,0.6
3420.0,1309.2,1.77,0.05,1.77,40.73433,-111.87211,37.0,18.4,876.0,88.42,0.8
3480.0,1309.3,1.93,0.05,1.93,40.73433,-111.87211,37.0,18.2,876.0,96.65,0.7
3540.0,1309.2,2.27,0.05,2.27,40.73433,-111.87211,37.2,17.3,876.0,136.96,1.4
3600.0,1309.3,1.99,0.05,1.99,40.73433,-111.87211,37.3,17.5,876.0,117.82,1.3
3660.0,1309.4,1.41,0.05,1.41,40.73433,-111.87211,37.4,18.0,876.0,86.79,0.4
3720.0,1309.4,1.34,0.06,1.34,40.73433,-111.87211,37.4,18.3,876.0,84.55,0.8
3780.0,1309.4,1.79,0.05,1.79,40.73433,-111.87211,37.4,18.8,876.0,82.41,0.8
3840.0,1309.4,1.58,0.05,1.58,40.73433,-111.87211,37.2,18.9,876.0,83.15,1.0
3900.0,1309.5,1.36,0.06,1.36,40.73433,-111.87211,37.1,18.5,876.0,100.44,1.1
3960.0,1309.3,1.30,0.06,1.30,40.73433,-111.87211,36.9,18.7,876.0,88.70,1.0
4020.0,1309.3,1.91,0.06,1.91,40.73433,-111.87211,36.9,19.1,875.9,106.80,1.1
4080.0,1309.3,2.29,0.06,2.29,40.73433,-111.87211,36.8,18.9,875.9,89.48,0.8
4140.0,1309.4,1.86,0.05,1.86,40.73433,-111.87211,36.8,19.2,875.9,104.27,1.3
4200.0,1309.2,1.31,0.06,1.31,40.73433,-111.87211,36.7,19.3,875.9,94.35,1.0
4260.0,1309.2,2.07,0.06,2.07,40.73433,-111.87211,36.6,19.2,875.9,98.12,1.1
4320.0,1309.2,2.36,0.05,2.36,40.73433,-111.87211,36.6,19.4,876.0,106.01,1.3
4380.0,1309.0,2.38,0.06,2.38,40.73433,-111.87211,36.5,18.8,876.0,115.98,1.7
4440.0,1308.7,2.34,0.06,2.34,40.73433,-111.87211,36.3,18.4,876.0,112.53,2.0
4500.0,1308.9,2.56,0.05,2.56,40.73433,-111.87211,36.3,18.7,876.0,102.99,1.0
4560.0,1309.1,2.50,0.05,2.50,40.73433,-111.87210,36.3,18.7,876.0,112.75,1.6
4620.0,1309.2,2.54,0.05,2.54,40.73433,-111.87210,36.1,18.8,876.0,110.69,1.7
4680.0,1309.5,2.34,0.06,2.34,40.73433,-111.87210,36.2,19.0,876.0,106.28,1.2
4740.0,1309.3,2.76,0.05,2.76,40.73433,-111.87210,36.2,18.6,876.0,117.27,1.7
4800.0,1309.4,2.84,0.05,2.84,40.73433,-111.87210,36.1,18.7,876.0,113.36,1.5
4860.0,1309.2,2.60,0.06,2.60,40.73433,-111.87210,36.1,18.9,876.0,111.05,1.5
4920.0,1309.0,2.43,0.05,2.43,40.73433,-111.87210,36.1,18.7,876.0,105.28,1.1
4980.0,1308.8,2.48,0.05,2.48,40.73433,-111.87210,36.1,19.3,876.0,107.02,1.3
5040.0,1308.8,2.17,0.06,2.17,40.73433,-111.87210,36.1,18.9,876.0,108.67,1.1
5100.0,1308.6,2.43,0.05,2.43,40.73433,-111.87210,36.1,19.0,876.0,109.24,1.2
5160.0,1308.6,1.77,0.06,1.77,40.73433,-111.87210,36.0,18.9,876.0,115.70,2.1
5220.0,1308.4,1.47,0.06,1.47,40.73433,-111.87210,36.0,19.2,876.0,114.13,1.7
5280.0,1308.4,1.73,0.05,1.73,40.73433,-111.87211,35.8,18.9,876.0,113.37,2.1
5340.0,1308.3,1.30,0.06,1.30,40.73433,-111.87211,35.7,19.3,876.0,98.34,1.2
5400.0,1308.3,1.66,0.05,1.66,40.73433,-111.87211,35.7,19.4,876.0,97.63,0.8
5460.0,1308.2,1.95,0.05,1.95,40.73433,-111.87211,35.8,19.5,876.0,113.46,1.3
5520.0,1308.1,2.35,0.05,2.35,40.73433,-111.87211,35.9,19.3,876.0,116.08,1.0
5580.0,1308.0,2.20,0.05,2.20,40.73433,-111.87211,36.0,18.8,876.0,117.44,1.2
5640.0,1308.1,2.31,0.05,2.31,40.73433,-111.87210,36.0,19.7,875.9,98.57,0.9
5700.0,1308.1,1.75,0.05,1.75,40.73433,-111.87210,35.9,19.4,876.0,116.34,1.4
5760.0,1308.1,1.16,0.06,1.16,40.73433,-111.87210,35.8,19.8,875.9,100.75,1.0
5820.0,1308.1,1.47,0.06,1.47,40.73433,-111.87211,35.8,20.0,875.9,91.55,0.7
5880.0,1308.0,1.67,0.06,1.67,40.73433,-111.87211,35.7,19.6,875.9,99.08,0.8
5940.0,1307.9,1.63,0.05,1.63,40.73433,-111.87211,35.7,19.7,876.0,110.22,1.1
6000.0,1307.9,1.67,0.05,1.67,40.73433,-111.87211,35.6,19.9,876.0,98.63,0.9
6060.0,1307.9,1.73,0.07,1.73,40.73433,-111.87211,35.4,19.7,876.0,95.49,0.9
6120.0,1307.9,1.68,0.06,1.68,40.73433,-111.87211,35.3,19.6,875.9,107.03,1.1
6180.0,1308.0,1.41,0.05,1.41,40.73433,-111.87211,35.2,20.0,875.9,107.97,1.0
6240.0,1307.9,0.87,0.05,0.87,40.73433,-111.87211,35.2,19.5,875.9,118.08,1.5
6300.0,1308.0,1.04,0.05,1.04,40.73433,-111.87211,35.1,20.3,875.9,99.28,1.0
6360.0,1308.1,0.94,0.05,0.94,40.73433,-111.87211,35.1,19.6,875.9,115.08,1.2
6420.0,1308.1,0.45,0.05,0.45,40.73433,-111.87211,35.1,19.4,875.9,108.85,1.1
6480.0,1308.2,0.74,0.06,0.74,40.73433,-111.87211,35.0,19.5,875.9,108.42,1.0
6540.0,1308.5,0.65,0.05,0.65,40.73433,-111.87211,35.0,19.4,875.9,108.23,1.0
6600.0,1308.5,0.74,0.05,0.74,40.73434,-111.87211,35.0,19.8,875.9,94.61,0.8
6660.0,1308.6,0.30,0.05,0.30,40.73434,-111.87211,35.0,19.7,875.9,114.75,1.1
6720.0,1308.7,0.50,0.05,0.50,40.73434,-111.87211,34.9,20.0,875.9,91.17,0.7
6780.0,1308.8,0.89,0.05,0.89,40.73434,-111.87211,34.9,20.3,875.9,83.49,0.7
6840.0,1308.9,0.74,0.05,0.74,40.73434,-111.87211,34.8,20.1,875.9,89.89,0.8
6900.0,1309.1,1.04,0.05,1.04,40.73434,-111.87211,34.7,19.9,875.9,88.95,0.8
6960.0,1309.2,0.84,0.05,0.84,40.73434,-111.87211,34.6,19.8,875.9,95.59,0.8
7020.0,1309.3,1.11,0.06,1.11,40.73434,-111.87211,34.5,19.6,875.9,99.18,0.8
7080.0,1309.3,1.35,0.06,1.35,40.73434,-111.87211,34.5,19.8,875.9,115.89,1.4
7140.0,1309.3,0.90,0.06,0.90,40.73433,-111.87211,34.4,19.2,875.8,117.86,1.4
7200.0,1309.4,0.82,0.05,0.82,40.73433,-111.87211,34.3,19.3,875.8,120.43,1.5
7260.0,1309.4,1.10,0.05,1.10,40.73433,-111.87211,34.3,19.7,875.8,110.37,1.0
7320.0,1309.2,1.09,0.05,1.09,40.73434,-111.87211,34.3,19.8,875.8,109.12,1.0
7380.0,1309.2,0.97,0.05,0.97,40.73434,-111.87211,34.2,20.2,875.8,106.94,1.0
7440.0,1309.0,0.64,0.06,0.64,40.73434,-111.87211,34.1,20.3,875.8,109.08,1.0
7500.0,1308.8,0.70,0.05,0.70,40.73433,-111.87211,34.0,20.3,875.8,98.73,0.8
7560.0,1308.7,1.07,0.05,1.07,40.73434,-111.87211,33.9,20.3,875.8,105.71,1.0
7620.0,1308.7,1.26,0.04,1.26,40.73434,-111.87211,33.9,20.5,875.8,111.69,1.2
7680.0,1308.8,1.69,0.05,1.69,40.73434,-111.87211,33.8,20.7,875.8,112.98,1.2
7740.0,1309.1,1.61,0.05,1.61,40.73434,-111.87211,33.7,20.9,875.8,112.08,1.2
7800.0,1309.1,2.04,0.05,2.04,40.73434,-111.87211,33.6,20.8,875.8,114.73,1.4
7860.0,1309.1,2.03,0.05,2.03,40.73434,-111.87211,33.6,21.1,875.8,113.01,1.1
7920.0,1309.1,1.77,0.06,1.77,40.73434,-111.87211,33.5,21.2,875.8,113.91,1.1
7980.0,1308.9,1.97,0.06,1.97,40.73433,-111.87211,33.4,21.4,875.8,109.04,1.0
8040.0,1308.8,2.05,0.05,2.05,40.73433,-111.87211,33.4,21.4,875.8,115.58,1.2
8100.0,1308.8,2.46,0.05,2.46,40.73434,-111.87211,33.3,21.6,875.8,115.51,1.2
8160.0,1308.7,2.54,0.06,2.54,40.73434,-111.87211,33.2,21.9,875.8,118.88,1.5
8220.0,1308.8,2.92,0.06,2.92,40.73434,-111.87211,33.1,21.9,875.8,118.20,1.5
8280.0,1308.9,3.02,0.05,3.02,40.73434,-111.87211,33.0,22.1,875.8,117.37,1.4
8340.0,1308.8,3.09,0.05,3.09,40.73434,-111.87211,33.0,22.2,875.8,111.75,1.0
8400.0,1308.8,2.53,0.06,2.53,40.73434,-111.87211,32.9,22.1,875.8,107.61,0.9
8460.0,1308.8,2.36,0.06,2.36,40.73434,-111.87211,32.8,22.3,875.8,105.53,0.8
8520.0,1308.6,2.65,0.05,2.65,40.73434,-111.87211,32.7,22.3,875.8,100.90,0.7
8580.0,1308.5,3.42,0.05,3.42,40.73434,-111.87211,32.6,22.4,875.8,100.28,0.7
8640.0,1308.6,3.62,0.05,3.62,40.73434,-111.87211,32.6,22.4,875.8,112.54,0.9
8700.0,1308.4,2.66,0.06,2.66,40.73434,-111.87211,32.5,22.5,875.8,116.08,1.0
8760.0,1308.5,2.41,0.05,2.41,40.73434,-111.87211,32.5,22.8,875.8,119.49,1.1
8820.0,1308.6,2.97,0.06,2.97,40.73434,-111.87211,32.4,22.7,875.9,120.83,1.2
8880.0,1308.5,2.67,0.04,2.67,40.73434,-111.87211,32.3,23.1,875.9,113.13,1.0
8940.0,1308.5,2.34,0.04,2.34,40.73434,-111.87211,32.3,23.0,875.9,117.05,1.2
9000.0,1308.6,2.64,0.05,2.64,40.73434,-111.87211,32.2,23.2,875.9,120.50,1.3
9060.0,1308.6,2.50,0.05,2.50,40.73434,-111.87211,32.2,23.1,875.8,119.80,1.3
9120.0,1308.5,2.54,0.05,2.54,40.73434,-111.87211,32.1,23.3,875.8,119.81,1.3
9180.0,1308.5,2.60,0.05,2.60,40.73434,-111.87211,32.0,23.6,875.8,117.78,1.2
9240.0,1308.8,2.39,0.05,2.39,40.73434,-111.87211,32.0,23.7,875.8,111.55,1.0
9300.0,1309.1,2.40,0.04,2.40,40.73434,-111.87211,31.9,23.9,875.8,110.07,0.9
9360.0,1309.0,2.34,0.05,2.34,40.73434,-111.87211,31.8,24.2,875.8,116.11,1.1
9420.0,1308.7,2.52,0.05,2.52,40.73434,-111.87211,31.7,23.9,875.8,115.55,1.2
9480.0,1308.8,2.01,0.05,2.01,40.73434,-111.87211,31.6,24.0,875.8,113.41,1.2
9540.0,1308.9,2.17,0.05,2.17,40.73434,-111.87211,31.5,24.0,875.8,114.28,1.0
9600.0,1309.1,2.12,0.05,2.12,40.73433,-111.87211,31.4,24.2,875.8,111.55,1.0
9660.0,1309.1,2.08,0.05,2.08,40.73433,-111.87211,31.3,24.0,875.9,109.44,1.1
9720.0,1309.1,1.57,0.05,1.57,40.73433,-111.87211,31.3,24.1,875.8,108.19,1.0
9780.0,1309.1,1.85,0.06,1.85,40.73433,-111.87211,31.2,24.0,875.8,105.90,0.7
9840.0,1309.0,1.88,0.05,1.88,40.73433,-111.87211,31.2,24.1,875.8,114.87,0.8
9900.0,1308.9,1.76,0.04,1.76,40.73433,-111.87211,31.0,24.1,875.9,104.78,0.6
9960.0,1308.9,2.01,0.05,2.01,40.73433,-111.87211,30.9,24.2,875.9,101.83,0.7
10020.0,1308.8,1.70,0.05,1.70,40.73433,-111.87211,30.9,24.4,875.9,106.49,0.7
10080.0,1308.7,1.50,0.05,1.50,40.73433,-111.87211,30.8,24.5,875.9,107.70,0.7
10140.0,1308.6,1.67,0.05,1.67,40.73434,-111.87211,30.7,24.6,875.9,109.05,0.9
10200.0,1308.6,1.14,0.05,1.14,40.73434,-111.87211,30.6,24.8,875.9,119.78,1.4
10260.0,1308.6,1.56,0.05,1.56,40.73434,-111.87211,30.5,24.8,875.9,115.81,1.3
10320.0,1308.7,1.44,0.05,1.44,40.73434,-111.87211,30.4,24.9,875.9,106.93,0.9
10380.0,1308.7,1.65,0.05,1.65,40.73434,-111.87211,30.3,24.8,875.9,102.54,0.7
10440.0,1308.7,1.97,0.05,1.97,40.73434,-111.87211,30.3,24.9,875.9,119.61,1.4
10500.0,1308.4,1.97,0.05,1.97,40.73434,-111.87211,30.1,24.8,875.8,118.96,1.7
10560.0,1308.2,1.93,0.05,1.93,40.73434,-111.87211,30.1,25.0,875.8,118.71,1.6
10620.0,1308.3,2.26,0.05,2.26,40.73434,-111.87211,30.1,25.3,875.8,115.48,1.1
10680.0,1308.1,2.62,0.06,2.62,40.73434,-111.87211,30.0,25.1,875.8,106.61,0.9
10740.0,1308.0,2.32,0.05,2.32,40.73434,-111.87211,30.0,25.2,875.8,113.14,1.2
10800.0,1307.9,2.35,0.05,2.35,40.73434,-111.87211,29.9,25.2,875.8,114.89,1.4
10860.0,1307.8,2.18,0.05,2.18,40.73434,-111.87211,29.8,25.3,875.9,110.19,1.2
10920.0,1307.7,2.26,0.05,2.26,40.73434,-111.87211,29.7,25.3,875.8,107.12,1.0
10980.0,1307.6,1.89,0.05,1.89,40.73434,-111.87211,29.7,25.3,875.8,118.35,1.5
11040.0,1307.4,2.36,0.05,2.36,40.73434,-111.87211,29.6,25.5,875.8,96.51,0.7
11100.0,1307.2,2.61,0.05,2.61,40.73434,-111.87211,29.6,25.5,875.8,111.41,1.0
11160.0,1307.1,2.11,0.05,2.11,40.73434,-111.87211,29.5,25.7,875.9,114.25,1.0
11220.0,1307.3,2.07,0.05,2.07,40.73434,-111.87211,29.5,25.7,875.9,102.61,0.7
11280.0,1307.4,1.73,0.05,1.73,40.73434,-111.87211,29.4,25.9,875.9,117.69,0.9
11340.0,1307.5,1.68,0.05,1.68,40.73434,-111.87211,29.4,26.0,875.9,113.36,0.9
11400.0,1307.6,1.89,0.05,1.89,40.73434,-111.87211,29.3,26.1,875.9,111.72,0.8
11460.0,1307.6,2.00,0.04,2.00,40.73434,-111.87211,29.2,26.0,876.0,113.88,1.4
11520.0,1307.6,1.38,0.05,1.38,40.73434,-111.87211,29.2,26.1,876.0,116.89,1.1
11580.0,1307.7,1.41,0.04,1.41,40.73434,-111.87211,29.1,26.2,876.0,119.10,1.0
11640.0,1307.8,1.85,0.04,1.85,40.73434,-111.87211,29.0,26.4,876.0,114.03,1.1
11700.0,1307.8,1.98,0.04,1.98,40.73434,-111.87211,29.0,26.2,876.0,113.10,0.9
11760.0,1307.4,2.03,0.05,2.03,40.73434,-111.87211,28.9,26.3,876.0,112.91,0.9
11820.0,1307.6,1.82,0.05,1.82,40.73434,-111.87211,28.8,26.1,876.1,111.27,1.9
11880.0,1307.7,1.94,0.05,1.94,40.73434,-111.87211,28.7,26.2,876.1,117.27,1.7
11940.0,1307.7,1.65,0.05,1.65,40.73434,-111.87211,28.6,26.2,876.1,115.90,2.3
12000.0,1307.9,1.51,0.05,1.51,40.73434,-111.87211,28.6,26.3,876.1,114.77,1.8
12060.0,1308.0,1.12,0.05,1.12,40.73434,-111.87211,28.5,26.4,876.1,111.71,1.2
12120.0,1308.1,1.25,0.05,1.25,40.73434,-111.87211,28.4,26.4,876.1,110.51,1.9
12180.0,1308.5,1.59,0.05,1.59,40.73434,-111.87211,28.4,26.2,876.1,114.00,1.5
12240.0,1308.7,1.90,0.05,1.90,40.73434,-111.87211,28.4,26.2,876.1,114.61,1.3
12300.0,1308.9,1.64,0.05,1.64,40.73434,-111.87211,28.3,26.3,876.1,114.96,1.3
12360.0,1308.9,2.12,0.04,2.12,40.73433,-111.87211,28.3,26.4,876.1,114.75,0.9
12420.0,1308.7,2.58,0.05,2.58,40.73433,-111.87211,28.3,26.3,876.1,117.82,1.7
12480.0,1308.1,2.47,0.05,2.47,40.73434,-111.87211,28.2,26.3,876.1,108.30,1.2
12540.0,1308.1,2.24,0.05,2.24,40.73434,-111.87211,28.2,26.2,876.1,107.31,1.1
12600.0,1308.2,1.64,0.05,1.64,40.73434,-111.87211,28.2,26.1,876.1,116.68,1.6
