CampaignData_and_Merges/R0/CSL_MobileLab_Parked/raw/20240805/USOS-NOAAIodideCIMS-OrgNitrs_MobileLabGround_20240805_RA.ict
37, 1001
Michael A Robinson, Chris Jernigan, Subi Thakali
NOAA ESRL Chemical Sciences Laboratory and CIRES, U. of Colorado
NOAA Iodide CIMS Instrument
USOS
1, 1
2024, 08, 05, 2024, 08, 05
1
starttime_UTC, seconds_past_midnight, seconds_of_day_since_00:00:00_UTC
5
1, 1, 1, 1, 1
-9999, -9999, -9999, -9999, -9999
C4H7NO5_NOAACIMS, pptv, Gas_C4H7NO5_InSitu_S_AVMR, 
ISOPN_NOAACIMS, pptv, Gas_ISOPN_InSitu_S_AVMR, 
C5H10O3_NOAACIMS, pptv, Gas_C5H10O3_InSitu_S_AVMR, 
C5H9NO5_NOAACIMS, pptv, Gas_C5H9NO5_InSitu_S_AVMR, 
C10H17NO4_NOAACIMS, pptv, Gas_C10H17NO4_InSitu_S_AVMR, 
0
18
PI_CONTACT_INFO: 325 Broadway, R/CSD 7, Boulder, Colorado 80305; michael.a.robinson@noaa.gov; chris.jernigan@noaa.gov;
PLATFORM: NOAA CSL Mobile Lab
LOCATION: SLC, Utah
ASSOCIATED_DATA: 1Hz data also available on request.
INSTRUMENT_INFO: NOAA I- ToF CIMS
DATA_INFO: All data in parts per trillion by volume (pptv). 1 Hz data is available upon request.
UNCERTAINTY: TBD
ULOD_FLAG: -7777
ULOD_VALUE: N/A
LLOD_FLAG: -8888
LLOD_VALUE: N/A
DM_CONTACT_INFO: Nathan Howard; nathan.h.howard@noaa.gov
PROJECT_INFO: USOS, summer 2024. https://csl.noaa.gov/groups/csl7/measurements/2024usos/
STIPULATIONS_ON_USE: Users are strongly encouraged to contact the PI for proper data usage.
OTHER_COMMENTS: 
REVISION: RA
RA: Preliminary Data; For in-field use only
starttime_UTC, C4H7NO5_NOAACIMS, ISOPN_NOAACIMS, C5H10O3_NOAACIMS, C5H9NO5_NOAACIMS, C10H17NO4_NOAACIMS
     0,  1.642,  3.126, 16.805,  2.150,  0.114
    60,  1.524,  2.582, 14.613,  1.820,  0.093
   120,  1.511,  2.369, 13.731,  2.090,  0.085
   180,  1.557,  2.296, 13.357,  1.902,  0.069
   240,  1.547,  2.129, 12.874,  2.168,  0.077
   300,  1.504,  2.025, 12.515,  2.183,  0.116
   360,  1.629,  1.900, 12.531,  2.006,  0.088
   420,  1.509,  1.779, 11.950,  2.008,  0.054
   480,  1.458,  1.426, 10.592,  1.989,  0.071
   540,  1.540,  2.222, 11.303,  2.114,  0.104
   600,  1.674,  2.399, 12.243,  2.289,  0.134
   660,  1.722,  2.758, 13.815,  2.138,  0.126
   720,  1.765,  2.907, 14.258,  2.317,  0.159
   780,  1.741,  2.989, 14.632,  2.268,  0.118
   840,  1.637,  3.197, 14.167,  2.124,  0.124
   900,  1.553,  2.878, 13.121,  2.004,  0.119
   960,  1.463,  2.397, 12.882,  2.052,  0.163
  1020,  1.342,  2.200, 12.041,  1.948,  0.177
  1080,  1.412,  2.483, 12.359,  2.067,  0.117
  1140,  1.387,  1.855, 12.446,  2.177,  0.156
  1200,  1.352,  2.281, 12.151,  2.077,  0.196
  1260,  1.371,  2.491, 12.571,  2.212,  0.159
  1320, -9999.000, -9999.000, -9999.000, -9999.000, -9999.000
  1380,  1.364,  2.651, 11.852,  2.406,  0.153
  1440,  1.416,  3.012, 13.214,  2.312,  0.147
  1500,  1.434,  2.856, 13.605,  2.372,  0.176
  1560,  1.375,  2.499, 13.413,  2.100,  0.131
  1620,  1.362,  2.397, 13.175,  2.039,  0.146
  1680,  1.307,  3.019, 13.422,  2.249,  0.054
  1740,  1.302,  2.448, 11.031,  2.150,  0.177
  1800,  1.283,  2.048, 10.741,  1.932,  0.172
  1860,  1.262,  2.383, 11.237,  2.169,  0.164
  1920,  1.291,  2.807, 10.346,  1.951,  0.184
  1980,  1.353,  2.829,  9.186,  1.951,  0.118
  2040,  1.354,  2.753,  9.800,  2.105,  0.158
  2100,  1.383,  2.833,  8.961,  2.080,  0.159
  2160,  1.403,  2.479,  7.787,  2.083,  0.178
  2220,  1.409,  2.526,  7.488,  2.116,  0.111
  2280,  1.442,  2.592,  7.521,  1.947,  0.179
  2340,  1.496,  2.479,  7.624,  2.136,  0.127
  2400,  1.471,  2.894,  7.212,  2.168,  0.128
  2460,  1.410,  2.599,  7.294,  1.923,  0.161
  2520,  1.394,  3.445,  7.539,  1.889,  0.222
  2580,  1.435,  4.416, 10.502,  2.083,  0.114
  2640,  1.540,  4.972, 13.667,  2.107,  0.212
  2700,  1.539,  5.781, 16.401,  2.182,  0.175
  2760,  1.632,  5.936, 16.730,  2.139,  0.139
  2820,  1.767,  6.387, 20.667,  2.063,  0.170
  2880,  2.000,  8.251, 32.838,  2.328,  0.214
  2940,  2.097,  8.389, 37.892,  2.158,  0.191
  3000,  2.127,  8.890, 42.019,  2.156,  0.197
  3060,  2.049,  8.775, 43.508,  2.222,  0.208
  3120,  2.082,  8.699, 42.467,  2.246,  0.164
  3180, -9999.000, -9999.000, -9999.000, -9999.000, -9999.000
  3240,  1.868,  6.634, 28.508,  2.416,  0.252
  3300,  1.777,  5.941, 24.595,  2.305,  0.212
  3360,  1.629,  4.610, 18.583,  2.256,  0.170
  3420,  1.728,  4.855, 16.999,  2.166,  0.150
  3480,  1.670,  4.603, 18.945,  2.314,  0.225
  3540,  1.693,  4.865, 19.016,  2.202,  0.176
  3600,  1.739,  4.847, 20.225,  2.277,  0.086
  3660,  1.652,  4.147, 16.581,  2.124,  0.129
  3720,  1.698,  4.404, 17.966,  2.327,  0.135
  3780,  1.649,  4.144, 17.145,  2.208,  0.064
  3840,  1.703,  5.105, 19.867,  2.210,  0.098
  3900,  1.690,  5.401, 22.698,  2.137,  0.093
  3960,  1.747,  5.991, 24.006,  2.269,  0.104
  4020,  1.730,  6.193, 26.006,  2.179,  0.134
  4080,  1.763,  6.645, 26.128,  2.199,  0.050
  4140,  1.775,  6.536, 28.240,  2.187,  0.144
  4200,  1.846,  6.523, 28.813,  2.181,  0.103
  4260,  1.894,  6.698, 31.579,  2.372,  0.126
  4320,  1.778,  7.057, 31.710,  2.283,  0.140
  4380,  1.793,  6.830, 31.427,  2.205,  0.054
  4440,  1.723,  6.569, 29.860,  2.107,  0.055
  4500,  1.745,  6.587, 30.122,  2.204,  0.069
  4560,  1.696,  6.466, 30.159,  2.194,  0.108
  4620,  1.765,  6.438, 30.281,  2.401,  0.054
  4680,  1.711,  6.208, 29.510,  2.305,  0.061
  4740,  1.740,  6.636, 29.378,  2.160,  0.075
  4800,  1.766,  6.759, 29.974,  2.176,  0.083
  4860,  1.771,  6.680, 31.103,  2.353,  0.077
  4920,  1.757,  6.787, 31.162,  2.303,  0.111
  4980,  1.757,  7.415, 31.608,  2.100,  0.007
  5040,  1.592,  7.727, 32.741,  2.546,  0.022
  5100,  1.728,  7.651, 32.509,  2.452,  0.074
  5160,  1.730,  7.966, 35.331,  2.174,  0.091
  5220,  1.749,  7.955, 35.831,  2.317,  0.112
  5280,  1.671,  7.663, 33.373,  2.277,  0.080
  5340,  1.666,  7.343, 32.886,  2.262,  0.124
  5400,  1.685,  7.953, 33.236,  2.370,  0.057
  5460,  1.733,  8.033, 33.470,  2.287,  0.107
  5520,  1.690,  7.554, 32.981,  2.282,  0.110
  5580,  1.732,  7.836, 31.065,  2.162,  0.110
  5640,  1.701,  7.907, 32.927,  2.277,  0.114
  5700,  1.675,  8.035, 33.107,  2.255,  0.090
  5760,  1.722,  8.097, 33.761,  2.310,  0.162
  5820,  1.751,  8.412, 31.969,  2.220,  0.145
  5880,  1.668,  7.381, 28.770,  2.357,  0.124
  5940,  1.668,  6.846, 26.759,  1.990,  0.145
  6000,  1.688,  7.125, 25.575,  2.197,  0.117
  6060,  1.691,  7.152, 27.287,  2.293,  0.118
  6120,  1.685,  7.370, 26.990,  2.302,  0.143
  6180,  1.610,  7.070, 27.483,  2.239,  0.127
  6240,  1.579,  7.045, 26.495,  2.270,  0.131
  6300,  1.571,  6.902, 25.507,  2.327,  0.178
  6360,  1.560,  6.733, 26.235,  2.364,  0.165
  6420,  1.503,  6.343, 24.562,  2.253,  0.232
  6480,  1.461,  5.170, 21.493,  2.104,  0.157
  6540,  1.362,  5.075, 21.163,  2.362,  0.183
  6600,  1.425,  5.254, 20.416,  2.182,  0.126
  6660,  1.387,  4.714, 17.742,  2.159,  0.101
  6720,  1.391,  4.513, 17.457,  2.168,  0.063
  6780,  1.435,  5.483, 18.766,  2.349,  0.166
  6840,  1.503,  5.362, 19.368,  1.925,  0.219
  6900,  1.199,  4.476, 13.779,  2.761,  0.225
  6960,  1.414,  4.758, 14.905,  2.310,  0.132
  7020,  1.385,  4.782, 15.117,  2.342,  0.139
  7080,  1.356,  4.993, 15.299,  2.210,  0.156
  7140,  1.332,  4.181, 13.332,  2.362,  0.153
  7200,  1.317,  4.567, 13.568,  2.338,  0.134
  7260,  1.413,  4.878, 14.623,  2.339,  0.099
  7320,  1.459,  5.070, 14.695,  2.261,  0.091
  7380,  1.502,  5.057, 16.528,  2.392,  0.049
  7440,  1.507,  5.741, 18.984,  2.369,  0.175
  7500,  1.464,  5.878, 19.768,  2.312,  0.150
  7560,  1.544,  6.821, 23.891,  2.514,  0.146
  7620,  1.544,  6.801, 25.569,  2.304,  0.186
  7680,  1.559,  7.293, 27.446,  2.643,  0.253
  7740,  1.605,  8.233, 28.036,  2.408,  0.162
  7800,  1.589,  8.280, 30.370,  2.677,  0.250
  7860,  1.659,  8.710, 30.543,  2.628,  0.213
  7920,  1.647,  8.782, 31.035,  2.720,  0.222
  7980,  1.666,  9.047, 30.850,  2.669,  0.228
  8040,  1.665,  9.026, 32.966,  2.831,  0.278
  8100,  1.671,  9.097, 32.960,  2.822,  0.195
  8160,  1.657,  9.309, 33.468,  2.752,  0.217
  8220,  1.720,  9.594, 34.468,  2.766,  0.297
  8280,  1.729,  9.116, 34.645,  2.690,  0.284
  8340,  1.673,  9.828, 34.528,  2.835,  0.290
  8400,  1.720,  9.538, 35.467,  2.953,  0.268
  8460,  1.763, 10.070, 34.685,  3.061,  0.337
  8520,  1.736,  9.540, 35.120,  3.052,  0.304
  8580,  1.720,  9.380, 34.633,  2.969,  0.337
  8640,  1.770,  9.948, 35.074,  3.258,  0.434
  8700,  1.693,  8.943, 35.461,  3.041,  0.299
  8760,  1.661,  9.696, 34.169,  3.112,  0.414
  8820,  1.787,  9.983, 35.323,  3.256,  0.418
  8880,  1.766, 10.102, 35.427,  3.143,  0.448
  8940,  1.818, 10.825, 35.508,  3.220,  0.362
  9000,  1.798, 10.430, 35.603,  3.515,  0.395
  9060,  1.787, 10.564, 37.202,  3.615,  0.539
  9120,  1.807, 11.025, 37.378,  3.449,  0.406
  9180,  1.836, 11.567, 38.082,  3.486,  0.450
  9240,  1.781, 11.110, 38.828,  3.539,  0.508
  9300,  1.789, 10.439, 37.421,  3.499,  0.470
  9360,  1.859, 11.042, 37.584,  3.549,  0.520
  9420,  1.866, 11.119, 39.077,  3.731,  0.506
  9480,  1.764, 10.474, 40.984,  4.016,  0.469
  9540,  1.794, 10.203, 41.252,  3.693,  0.647
  9600,  1.770, 10.865, 42.785,  3.782,  0.508
  9660,  1.786, 10.396, 42.673,  3.560,  0.557
  9720,  1.747, 10.515, 43.087,  3.513,  0.512
  9780,  1.750, 10.943, 43.451,  3.477,  0.564
  9840,  1.802, 10.704, 44.552,  3.594,  0.578
  9900,  1.776, 10.727, 46.217,  3.839,  0.640
  9960,  1.775, 10.893, 46.551,  3.887,  0.662
 10020,  1.794, 10.621, 44.434,  3.531,  0.666
 10080,  1.783, 11.238, 46.808,  3.685,  0.630
 10140,  1.755, 10.989, 43.617,  3.611,  0.607
 10200,  1.667, 10.030, 45.423,  3.621,  0.595
 10260,  1.635,  9.692, 45.518,  3.864,  0.708
 10320,  1.645, 10.001, 45.670,  3.765,  0.716
 10380,  1.654, 10.500, 44.795,  3.841,  0.654
 10440,  1.661,  9.974, 45.805,  3.974,  0.647
 10500,  1.589, 10.137, 44.718,  3.657,  0.579
 10560, -9999.000, -9999.000, -9999.000, -9999.000, -9999.000
 10620,  1.588,  9.493, 41.354,  3.949,  0.639
 10680,  1.654,  9.356, 45.280,  4.282,  0.609
 10740,  1.579,  9.617, 46.197,  4.181,  0.586
 10800,  1.614, 10.176, 48.961,  4.369,  0.538
 10860,  1.636,  9.751, 48.167,  4.190,  0.688
 10920,  1.690, 10.466, 49.716,  4.083,  0.669
 10980,  1.686, 10.844, 51.349,  4.267,  0.573
 11040,  1.649, 10.563, 48.440,  3.696,  0.393
 11100,  1.633, 10.164, 53.129,  3.878,  0.366
 11160,  1.652,  9.525, 49.474,  3.975,  0.526
 11220,  1.650,  9.516, 50.905,  3.948,  0.520
 11280,  1.560,  8.982, 50.242,  4.153,  0.417
 11340,  1.556,  9.465, 50.156,  3.883,  0.524
 11400,  1.516,  8.913, 50.189,  3.464,  0.311
 11460,  1.572,  9.108, 50.220,  3.685,  0.430
 11520,  1.538,  8.853, 49.272,  3.586,  0.417
 11580,  1.535,  8.566, 50.307,  3.659,  0.321
 11640,  1.566,  8.919, 48.922,  3.774,  0.489
 11700,  1.571,  8.530, 51.930,  3.833,  0.477
 11760,  1.546,  8.385, 50.472,  3.562,  0.372
 11820,  1.495,  8.071, 50.024,  3.371,  0.337
 11880,  1.508,  8.834, 48.448,  3.243,  0.370
 11940,  1.463,  8.245, 47.253,  3.431,  0.426
 12000,  1.479,  8.145, 47.861,  3.471,  0.565
 12060,  1.456,  8.064, 48.064,  3.400,  0.466
 12120,  1.457,  8.033, 45.370,  3.296,  0.399
 12180,  1.452,  7.017, 44.249,  1.424,  0.254
 12240,  1.364,  5.793, 42.773,  2.378,  0.169
 12300,  1.342,  6.563, 43.643,  1.808,  0.200
 12360,  1.307,  5.869, 41.241,  1.518,  0.270
 12420,  1.085,  4.845, 41.164,  3.314,  0.106
 12480,  1.328,  6.388, 41.038,  2.951,  0.332
 12540,  1.317,  6.317, 41.266,  3.146,  0.418
 12600,  1.310,  6.239, 39.532,  2.883,  0.295
 12660,  1.317,  6.460, 39.829,  2.853,  0.309
 12720,  1.287,  5.983, 38.575,  3.058,  0.318
 12780,  1.238,  6.153, 39.624,  2.951,  0.406
 12840,  1.257,  5.630, 39.087,  2.917,  0.418
 12900,  1.260,  5.673, 38.529,  2.702,  0.402
 12960,  1.261,  5.817, 37.996,  2.838,  0.362
 13020,  1.274,  5.524, 38.299,  3.038,  0.403
 13080,  1.233,  5.446, 37.179,  2.948,  0.349
 13140,  1.240,  5.842, 36.231,  2.728,  0.267
 13200,  1.261,  5.657, 36.903,  2.734,  0.242
 13260,  1.210,  5.812, 34.811,  2.742,  0.355
 13320,  1.198,  5.352, 34.672,  2.753,  0.258
 13380,  1.210,  5.044, 34.860,  2.683,  0.252
 13440,  1.206,  5.242, 33.609,  2.861,  0.301
 13500,  1.225,  5.586, 34.295,  2.730,  0.297
 13560,  1.214,  4.824, 32.416,  2.656,  0.316
 13620,  1.246,  5.276, 33.939,  2.836,  0.218
 13680,  1.189,  4.819, 30.988,  2.511,  0.287
 13740,  1.145,  5.075, 30.977,  2.790,  0.315
 13800,  1.156,  4.673, 31.082,  2.885,  0.285
 13860,  1.194,  4.925, 30.343,  2.858,  0.274
 13920,  1.174,  4.692, 30.639,  2.715,  0.234
 13980,  1.175,  4.854, 31.082,  2.804,  0.256
 14040,  1.132,  4.845, 30.789,  2.724,  0.234
 14100,  1.145,  4.655, 31.120,  2.759,  0.259
 14160,  1.147,  4.902, 30.348,  2.843,  0.308
 14220,  1.128,  4.920, 30.921,  2.743,  0.242
 14280, -9999.000, -9999.000, -9999.000, -9999.000, -9999.000
 14340,  1.041,  4.121, 24.354,  2.085,  0.162
 14400,  1.053,  3.842, 25.553,  2.635,  0.260
 14460,  1.095,  4.646, 25.620,  2.573,  0.345
 14520,  1.082,  4.388, 25.930,  2.800,  0.311
 14580,  1.044,  4.044, 25.149,  2.413,  0.336
 14640,  1.062,  3.938, 24.155,  2.532,  0.326
 14700,  1.054,  3.612, 24.663,  2.712,  0.358
 14760,  1.071,  3.470, 24.778,  2.568,  0.337
 14820,  1.055,  3.605, 23.163,  2.370,  0.273
 14880,  1.062,  3.069, 22.321,  2.180,  0.175
 14940,  1.030,  3.471, 23.463,  2.503,  0.233
 15000,  1.045,  3.424, 23.167,  2.252,  0.341
 15060,  1.083,  4.040, 23.902,  2.500,  0.365
 15120,  1.106,  3.671, 22.921,  2.524,  0.357
 15180,  1.028,  3.160, 22.890,  2.512,  0.339
 15240,  1.108,  3.398, 22.813,  2.302,  0.385
 15300,  1.056,  3.165, 22.727,  2.445,  0.353
 15360,  1.091,  3.342, 22.338,  2.437,  0.397
 15420,  1.058,  3.528, 22.319,  2.425,  0.303
 15480,  1.028,  3.363, 22.230,  2.327,  0.327
 15540,  1.042,  3.206, 21.727,  2.358,  0.364
 15600,  1.053,  3.052, 21.278,  2.662,  0.410
 15660,  1.002,  3.050, 20.698,  2.340,  0.416
 15720,  1.077,  3.135, 21.516,  2.522,  0.351
 15780,  1.034,  3.037, 20.782,  2.418,  0.376
 15840,  1.059,  3.047, 21.071,  2.373,  0.380
 15900,  0.990,  2.712, 20.436,  2.262,  0.427
 15960,  1.042,  2.792, 20.508,  2.370,  0.421
 16020,  1.049,  3.141, 20.508,  2.489,  0.491
 16080,  1.031,  2.705, 20.633,  2.088,  0.374
 16140,  0.940,  3.139, 19.653,  2.295,  0.609
 16200,  0.996,  2.858, 19.203,  2.372,  0.533
 16260,  1.021,  2.811, 20.815,  2.557,  0.578
 16320,  1.038,  2.767, 19.829,  2.642,  0.514
 16380,  1.026,  3.056, 19.690,  2.442,  0.537
 16440,  1.013,  3.030, 19.962,  2.380,  0.499
 16500,  1.017,  2.650, 19.407,  2.470,  0.478
 16560,  1.025,  2.666, 19.295,  2.384,  0.409
 16620,  0.999,  2.623, 19.059,  2.503,  0.351
 16680,  0.986,  2.574, 19.135,  2.382,  0.473
 16740,  1.034,  2.692, 19.339,  2.332,  0.448
 16800,  1.020,  2.765, 20.160,  2.546,  0.463
 16860,  1.032,  2.397, 19.041,  2.454,  0.317
 16920,  0.976,  2.467, 19.072,  2.145,  0.351
 16980,  1.007,  2.779, 19.508,  2.381,  0.463
 17040,  1.036,  2.708, 18.960,  2.365,  0.385
 17100,  1.033,  2.658, 18.988,  2.438,  0.447
 17160,  1.013,  2.861, 18.781,  2.460,  0.396
 17220,  1.001,  2.527, 17.801,  2.355,  0.434
 17280,  0.973,  2.454, 18.775,  2.348,  0.420
 17340,  1.015,  2.372, 18.842,  2.316,  0.385
 17400,  0.982,  2.537, 18.705,  2.342,  0.416
 17460,  1.038,  2.200, 18.694,  2.388,  0.391
 17520,  1.014,  2.391, 18.727,  2.560,  0.426
 17580,  1.040,  2.782, 18.726,  2.651,  0.449
 17640,  1.076,  2.574, 19.477,  2.699,  0.520
 17700,  1.034,  2.651, 19.392,  2.633,  0.394
 17760,  1.042,  2.620, 19.635,  2.640,  0.462
 17820,  1.047,  2.914, 19.983,  2.724,  0.529
 17880,  1.031,  2.992, 20.057,  2.591,  0.480
 17940,  1.086,  3.054, 19.895,  2.640,  0.434
 18000,  0.893,  2.686, 14.261,  2.815,  0.311
 18060,  1.023,  2.665, 17.824,  2.680,  0.426
 18120,  1.022,  2.537, 18.944,  2.603,  0.345
 18180,  1.010,  2.537, 18.750,  2.682,  0.406
 18240,  1.064,  2.644, 18.914,  2.660,  0.436
 18300,  1.000,  2.752, 19.029,  2.662,  0.489
 18360,  1.051,  2.945, 19.289,  2.856,  0.585
 18420,  1.039,  3.018, 20.395,  2.762,  0.633
 18480,  1.046,  2.993, 19.991,  2.763,  0.482
 18540,  1.070,  2.674, 19.822,  2.733,  0.488
 18600,  1.005,  2.691, 19.521,  2.834,  0.496
 18660,  1.011,  2.286, 19.196,  2.689,  0.429
 18720,  0.995,  2.529, 17.686,  2.608,  0.374
 18780,  1.044,  2.407, 18.779,  2.927,  0.518
 18840,  1.012,  2.360, 18.653,  3.106,  0.402
 18900,  1.005,  2.353, 18.120,  2.771,  0.429
 18960,  1.034,  2.585, 18.262,  2.725,  0.534
 19020,  1.016,  2.462, 17.597,  2.848,  0.481
 19080,  1.036,  2.684, 17.605,  2.778,  0.483
 19140,  1.009,  2.565, 17.879,  2.825,  0.435
 19200,  0.977,  2.158, 17.248,  3.009,  0.412
 19260,  1.064,  2.608, 17.320,  3.052,  0.517
 19320,  1.060,  2.553, 18.897,  2.948,  0.438
 19380,  1.046,  2.472, 17.586,  2.996,  0.484
 19440,  1.050,  2.698, 19.380,  3.232,  0.493
 19500,  1.067,  2.691, 18.741,  3.164,  0.437
 19560,  0.961,  2.913, 18.937,  3.077,  0.389
 19620,  1.014,  2.834, 18.880,  2.974,  0.583
 19680,  1.074,  2.886, 18.930,  3.177,  0.492
 19740,  1.053,  2.901, 19.854,  3.370,  0.471
 19800,  1.104,  2.941, 17.745,  3.348,  0.492
 19860,  1.037,  2.580, 17.948,  3.143,  0.489
 19920,  1.028,  2.826, 18.656,  3.372,  0.441
 19980,  1.006,  2.645, 18.318,  3.260,  0.509
 20040,  1.043,  2.437, 18.438,  3.205,  0.429
 20100,  1.030,  2.672, 18.449,  3.250,  0.622
 20160,  1.070,  2.708, 18.162,  3.121,  0.535
 20220,  1.027,  2.732, 17.672,  3.250,  0.476
 20280,  1.004,  2.545, 17.461,  3.271,  0.514
