CampaignData_and_Merges/R0/CSL_MobileLab_Parked/raw/20240805/USOS-Picarro-CO2-CH4-CO-H2O_MobileLabGround_20240805_R0.ict
38, 1001
Ilana Pollack, Nell Schafer, and Jeff Peischl
NOAA Chemical Sciences Laboratory
Picarro 2401-m CO2/CH4/CO/H2O Analyzer
USOS
1, 1
2024, 08, 05, 2024, 11, 20
0
StartTime_UTC, seconds_past_midnight, seconds past midnight
5
1, 1, 1, 1, 1
-9999, -9999, -9999, -9999, -9999
StopTime_UTC, seconds_past_midnight, seconds past midnight
CO2_ppm_1min, ppm, Gas_CO2_InSitu_S_DMF, carbon dioxide mixing ratio
CH4_ppb_1min, ppb, Gas_CH4_InSitu_S_DMF, methane mixing ratio
CO_ppb_1min, ppb, Gas_CO_InSitu_S_DMF, carbon monoxide mixing ratio
H2O_ppmv_1min, ppmv, Met_H2OMRV_InSitu_S_AVMR, water vapor mixing ratio
1
SPECIAL COMMENTS: N/A
18
PI_CONTACT_INFO: Address: NOAA Chemical Sciences Laboratory, Mail Stop CSL7, 325 Broadway, Boulder, CO 80305; Email: Ilana.Pollack@noaa.gov
PLATFORM: NOAA CSL Mobile Laboratory
LOCATION: The mobile lab was stationed in Salt Lake City, Utah.
ASSOCIATED_DATA: N/A
INSTRUMENT_INFO: CO2, CH4, and CO are reported as dry air mole fractions using a commercial wavelength-scanned cavity ring-down analyzer (Picarro 2401-m). An in-field calibration gas standard of 432±0.07 ppm CO2, 2095±1 ppb CH4, and 183±1 ppb CO, calibrated in the Boulder laboratories before and after the field project using primary CO2, CH4, and CO standard tanks tied to the WMO standard (X2019, X2004A, and X2014A, respectively) from the Global Monitoring Laboratory (GML), was delivered to the inlet every 2-3 days to evaluate instrument sensitivity. A H2O measurement was calibrated before the project with a Dew Point Mirror 373 hygrometer. The water correction calculated from these calibrations was applied to the H2O measurement for the entire campaign. Species are measured at 0.5 Hz and reported as 1-minute averages for stationary measurements.
DATA_INFO: Units: CO2, ppm, dry air mole fraction; CH4, ppb, dry air mole fraction; CO, ppb, dry air mole fraction; H2O, ppmv
UNCERTAINTY: Total uncertainties are estimated as ±0.1 ppm for CO2, ±1 ppb for CH4, ±5 ppb for CO, and ±(50 ppm + 4%) for H2O.
ULOD_FLAG: -7777
ULOD_VALUE: N/A
LLOD_FLAG: -8888
LLOD_VALUE: N/A
DM_CONTACT_INFO: Data Manager: Nathan Howard; nathan.h.howard@noaa.gov
PROJECT_INFO: USOS Dates of Study: July – August 2024
STIPULATIONS_ON_USE: Use of these data require prior ok from PI.
OTHER_COMMENTS: Data are averaged to 1 minute intervals. Stationary data collected from a 10 ft tower on top of the mobile van.
REVISION: R0
R0: Final Data
StartTime_UTC, StopTime_UTC, CO2_ppm_1min, CH4_ppb_1min, CO_ppb_1min, H2O_ppmv_1min
[from data line 754]
45240,45300,434.91,1958.1,123.8,14450.3828
45300,45360,434.26,1957.9,121.5,14413.5547
45360,45420,435.02,1958.1,124.6,14465.8740
45420,45480,435.34,1958.1,124.6,14533.3184
45480,45540,435.30,1958.4,125.0,14586.9434
45540,45600,435.54,1959.3,127.9,14534.2900
45600,45660,435.28,1961.0,132.1,14465.7236
45660,45720,434.58,1958.7,126.3,14498.2744
45720,45780,435.27,1957.9,121.9,14461.2715
45780,45840,434.59,1958.0,121.8,14451.4434
45840,45900,434.93,1959.1,126.4,14503.8164
45900,45960,436.67,1960.6,128.0,14607.8770
45960,46020,440.65,1977.9,143.1,14565.7422
46020,46080,442.06,1982.7,149.5,14583.8818
46080,46140,446.72,2010.1,168.2,14592.7969
46140,46200,453.31,2043.7,182.9,14645.6963
46200,46260,457.31,2062.3,196.2,14777.7441
46260,46320,460.82,2078.9,209.2,14902.2285
46320,46380,463.04,2086.3,221.8,14811.9570
46380,46440,464.41,2088.0,227.9,14786.0156
46440,46500,465.06,2091.9,229.0,14890.1553
46500,46560,469.57,2117.8,239.9,14807.6191
46560,46620,471.85,2147.6,246.3,14627.6885
46620,46680,472.53,2155.1,250.3,14609.0635
46680,46740,473.09,2156.8,253.2,14669.6357
46740,46800,473.26,2167.2,257.6,14583.5303
46800,46860,474.68,2185.9,262.1,14621.7568
46860,46920,476.12,2195.0,264.0,14670.9844
46920,46980,477.64,2221.3,268.6,14677.0332
46980,47040,479.59,2259.7,271.4,14695.3350
47040,47100,480.39,2264.1,273.8,14799.3701
47100,47160,482.07,2288.7,272.2,14887.0850
47160,47220,487.20,2409.3,280.3,14824.0254
47220,47280,487.92,2430.6,297.9,14850.0586
47280,47340,488.58,2429.0,291.2,15025.9805
47340,47400,488.32,2396.4,287.2,15386.9336
47400,47460,491.36,2508.8,286.9,14977.2168
47460,47520,492.37,2557.9,285.2,14978.8154
47520,47580,492.16,2558.2,285.4,15114.7256
47580,47640,494.35,2598.4,285.5,15233.6270
47640,47700,494.82,2627.9,285.4,15268.9248
47700,47760,494.68,2628.1,287.3,15332.6494
47760,47820,501.04,2623.9,325.6,15495.2959
47820,47880,502.85,2623.4,314.0,15483.9678
47880,47940,497.98,2628.1,297.8,15427.8271
47940,48000,496.59,2639.9,294.2,15379.1338
48000,48060,495.30,2626.6,295.2,15314.2744
48060,48120,495.07,2609.9,296.0,15312.4707
48120,48180,495.93,2606.7,298.0,15402.5273
48180,48240,494.58,2575.6,300.4,15406.7900
48240,48300,494.60,2586.4,299.6,15547.4297
48300,48360,494.35,2572.2,301.2,15478.5635
48360,48420,493.27,2545.2,303.4,15388.3213
48420,48480,490.29,2487.6,309.7,15401.1387
48480,48540,492.26,2449.4,317.5,15596.4004
48540,48600,497.33,2402.1,344.4,15644.8916
48600,48660,487.58,2263.9,361.5,15538.3057
48660,48720,481.92,2216.7,362.9,15370.6982
48720,48780,482.46,2217.6,365.7,15447.4434
48780,48840,482.81,2225.6,362.8,15537.5957
48840,48900,482.99,2233.2,362.5,15642.9922
48900,48960,483.79,2242.6,363.3,16112.2510
48960,49020,484.93,2248.5,363.7,16189.9648
49020,49080,483.19,2257.7,351.6,15838.4551
49080,49140,479.57,2198.8,349.9,15590.0078
49140,49200,479.07,2200.9,346.3,15640.4287
49200,49260,479.47,2196.6,351.0,15562.2881
49260,49320,481.57,2190.8,374.8,15740.4756
49320,49380,480.89,2181.5,370.6,15689.1768
49380,49440,480.92,2184.5,369.6,15813.9727
49440,49500,481.75,2193.5,379.8,16191.6182
49500,49560,481.99,2225.3,371.7,16470.2832
49560,49620,487.16,2309.0,373.6,16433.2227
49620,49680,486.47,2317.6,356.6,16196.2705
49680,49740,485.90,2321.8,365.2,16630.8457
49740,49800,491.26,2380.6,368.8,16316.3086
49800,49860,488.67,2360.9,362.7,16095.6836
49860,49920,486.33,2340.9,357.3,16108.6875
49920,49980,495.01,2376.9,406.4,16348.1426
49980,50040,498.16,2408.3,406.8,16649.3672
50040,50100,500.21,2451.8,391.3,16548.6191
50100,50160,496.47,2448.7,379.7,16291.2402
50160,50220,491.05,2355.5,374.0,15845.7910
50220,50280,496.61,2455.6,387.9,16850.4805
50280,50340,498.72,2475.4,392.0,16727.6113
50340,50400,497.92,2468.4,389.6,16734.8652
50400,50460,497.67,2458.4,393.3,16599.2773
50460,50520,490.27,2373.8,383.2,16254.7441
50520,50580,490.75,2366.1,383.7,16256.2334
50580,50640,490.98,2380.1,386.9,16538.2422
50640,50700,490.79,2377.7,385.3,16757.8125
50700,50760,490.91,2371.5,386.8,16933.7402
50760,50820,492.62,2396.8,396.3,16857.7109
50820,50880,491.85,2388.2,406.8,16766.6035
50880,50940,490.46,2357.1,406.4,16456.5117
50940,51000,491.79,2380.8,401.2,17002.6992
51000,51060,489.42,2352.6,392.7,16720.9258
51060,51120,488.47,2363.1,394.5,17119.1641
51120,51180,492.02,2393.2,423.7,17515.2324
51180,51240,495.80,2415.2,466.0,17539.2031
51240,51300,495.15,2423.1,432.6,17040.2910
51300,51360,492.52,2402.3,407.8,16691.6816
51360,51420,486.60,2348.3,384.7,16423.1523
51420,51480,471.41,2224.3,331.6,16089.2988
51480,51540,475.37,2240.9,343.2,16386.7578
51540,51600,476.68,2279.3,353.0,16990.2363
51600,51660,479.66,2322.9,363.1,17329.3359
51660,51720,475.68,2288.0,345.8,16935.9531
51720,51780,473.29,2263.7,336.6,16932.2715
51780,51840,467.82,2172.0,328.1,16445.2031
51840,51900,476.48,2143.3,364.0,16555.2773
51900,51960,461.77,2085.6,307.0,15992.9658
51960,52020,456.67,2069.7,282.6,15819.6025
52020,52080,453.61,2038.8,290.2,15656.2598
52080,52140,451.51,2009.2,273.2,15518.3721
52140,52200,449.75,2008.3,253.7,15508.1699
52200,52260,456.45,2012.4,332.5,15616.7578
52260,52320,459.06,2016.4,351.5,16046.8232
52320,52380,458.19,2024.2,331.8,16277.5918
52380,52440,449.06,2013.8,248.5,15263.7617
52440,52500,449.61,2020.0,258.3,15356.6328
52500,52560,456.76,2020.4,337.2,15589.4775
52560,52620,454.08,2029.4,302.7,15710.1953
52620,52680,452.47,2038.8,268.8,15600.9160
52680,52740,451.98,2047.8,272.9,15503.2803
52740,52800,450.40,2055.6,270.8,15291.5977
52800,52860,450.45,2057.9,265.2,15629.0635
52860,52920,451.18,2062.7,277.0,15724.7041
52920,52980,450.66,2070.6,308.7,15723.7871
52980,53040,451.26,2071.6,282.9,15908.9131
53040,53100,451.81,2082.6,278.5,15908.7275
53100,53160,451.97,2096.3,287.7,15741.8945
53160,53220,451.05,2100.8,265.4,15484.7627
53220,53280,452.80,2113.5,269.4,15439.0996
53280,53340,453.89,2118.7,274.8,15427.2178
53340,53400,454.31,2109.9,288.8,15421.0420
53400,53460,449.91,2091.1,253.8,15592.9922
53460,53520,438.87,2007.9,185.3,14757.8379
53520,53580,467.58,2099.0,346.6,16539.0801
53580,53640,456.61,2087.1,307.0,15888.3359
53640,53700,451.05,2071.3,267.8,15462.5859
53700,53760,447.78,2054.6,246.3,15234.6113
53760,53820,447.42,2051.7,240.0,15172.0498
53820,53880,452.05,2073.0,278.3,15823.9561
53880,53940,458.05,2092.3,314.5,16208.9678
53940,54000,458.37,2085.3,324.7,16267.4004
54000,54060,451.80,2074.9,282.0,15872.4365
54060,54120,449.28,2060.2,272.4,15744.3066
54120,54180,450.90,2062.8,282.2,15948.6318
54180,54240,449.81,2065.9,292.1,15950.2744
54240,54300,450.67,2068.1,297.7,15993.8115
54300,54360,451.45,2070.1,297.4,16239.3818
54360,54420,451.98,2069.5,298.5,16362.1670
54420,54480,448.56,2058.3,278.8,16114.9209
54480,54540,447.52,2055.8,271.6,16009.6279
54540,54600,446.89,2052.2,273.0,15977.0957
54600,54660,445.57,2043.5,260.6,15735.2324
54660,54720,444.45,2037.0,250.0,15492.2412
54720,54780,444.94,2042.2,258.6,15714.7881
54780,54840,445.63,2044.3,258.1,15821.3271
54840,54900,445.30,2044.7,254.4,15962.0547
54900,54960,446.48,2043.1,289.1,16101.7021
54960,55020,446.61,2038.1,300.7,16162.2090
55020,55080,445.20,2038.6,269.9,16300.9590
55080,55140,447.19,2042.2,268.4,16096.5039
55140,55200,446.26,2042.9,262.0,16190.6377
55200,55260,446.72,2040.5,257.7,16121.4561
55260,55320,446.46,2038.6,255.7,16234.9414
55320,55380,446.75,2037.1,262.2,16285.8477
55380,55440,447.66,2038.0,266.2,16345.0176
55440,55500,448.79,2041.0,274.4,16480.0176
55500,55560,448.88,2043.3,278.7,16690.0469
55560,55620,450.14,2044.7,344.6,16302.6914
55620,55680,451.22,2046.6,324.7,16251.9326
55680,55740,451.72,2049.1,287.4,16302.0400
55740,55800,451.96,2050.9,286.8,16393.4023
55800,55860,451.77,2047.4,283.2,16198.3828
55860,55920,452.26,2050.4,288.0,16340.0918
55920,55980,452.00,2048.4,288.5,16221.1582
55980,56040,452.46,2049.2,291.0,16337.9678
56040,56100,452.37,2048.4,292.7,16483.4180
56100,56160,452.41,2049.0,295.5,16503.3711
56160,56220,455.42,2056.0,313.7,16568.6855
56220,56280,454.96,2049.6,329.0,16227.8984
56280,56340,455.60,2049.6,309.0,15949.6729
56340,56400,458.68,2060.2,329.1,16379.2646
56400,56460,460.59,2064.9,338.8,16443.9980
56460,56520,460.81,2065.9,341.8,16612.9180
56520,56580,460.37,2064.9,347.8,16883.0820
56580,56640,457.70,2054.6,331.9,16686.1426
56640,56700,456.85,2050.8,327.6,16747.9980
56700,56760,458.18,2052.5,335.0,16680.7520
56760,56820,457.74,2047.7,329.0,16814.2227
56820,56880,456.06,2038.7,316.7,16171.8506
56880,56940,459.95,2047.8,347.0,16581.6738
56940,57000,466.56,2051.8,367.6,16951.5469
57000,57060,467.02,2055.6,375.6,17046.5293
57060,57120,462.62,2046.1,345.0,16596.6641
57120,57180,462.56,2043.5,344.0,16607.5098
57180,57240,463.34,2044.3,342.9,16842.8945
57240,57300,461.67,2027.9,335.5,17052.4277
57300,57360,458.58,2018.2,306.6,16666.1094
57360,57420,456.40,2016.7,298.0,17048.5156
57420,57480,455.58,2019.8,300.3,16294.5273
57480,57540,453.73,2014.8,289.9,15948.9932
57540,57600,454.74,2014.4,297.3,15813.5225
57600,57660,454.42,2008.9,292.3,16288.0605
57660,57720,455.21,2007.6,301.9,16170.7402
57720,57780,451.06,2004.8,276.5,15382.1348
57780,57840,450.86,2005.0,270.6,15424.7490
57840,57900,450.93,2005.8,280.7,15507.8965
57900,57960,450.75,2007.3,274.4,15526.9170
57960,58020,451.70,2010.0,286.7,15787.4404
58020,58080,454.11,2012.5,314.4,16130.3818
58080,58140,454.15,2009.4,284.7,16530.3262
58140,58200,453.94,2010.4,281.5,16235.9082
58200,58260,450.86,2008.5,262.9,16369.4004
58260,58320,449.96,2007.7,269.1,15887.9307
58320,58380,452.04,2008.6,276.9,16013.7402
58380,58440,450.50,2010.7,274.4,16308.9492
58440,58500,450.33,2010.3,275.8,16528.3184
58500,58560,452.18,2008.4,291.6,16879.1250
58560,58620,448.36,2003.6,264.6,16622.6465
58620,58680,451.14,2006.4,274.3,16448.2051
58680,58740,453.32,2003.7,274.0,17123.5254
58740,58800,449.41,2002.2,254.8,16978.9824
58800,58860,448.94,2003.1,245.4,16632.4004
58860,58920,450.59,2004.5,248.9,16764.1406
58920,58980,450.77,2002.2,249.4,17079.1270
58980,59040,445.22,1997.3,232.0,16997.1211
59040,59100,444.58,1994.4,229.5,16367.1836
59100,59160,445.28,1996.3,242.0,16260.2207
59160,59220,445.12,1994.9,233.6,16120.0869
59220,59280,444.21,1994.4,231.7,16172.6396
59280,59340,445.33,1994.2,239.9,16544.9883
59340,59400,442.23,1988.1,221.9,15906.9131
59400,59460,442.57,1987.2,221.2,15678.8008
59460,59520,443.73,1987.6,228.7,16232.7676
59520,59580,439.26,1974.3,203.1,15260.2285
59580,59640,438.21,1972.1,197.4,15502.1104
59640,59700,437.33,1970.3,186.7,14965.7783
59700,59760,436.45,1969.2,181.2,15272.6768
59760,59820,435.19,1969.0,175.9,14774.7568
59820,59880,434.47,2004.3,174.7,14565.1455
59880,59940,433.95,1996.7,170.7,14453.6133
59940,60000,433.62,2013.1,168.3,14264.9600
60000,60060,434.75,1989.1,187.8,14158.6650
60060,60120,436.82,1978.3,190.9,14929.7773
60120,60180,434.46,1965.9,185.6,14718.7773
60180,60240,434.26,1967.1,193.7,15333.9326
60240,60300,436.58,1967.7,202.9,15420.3477
60300,60360,433.64,1966.3,182.9,14829.6514
60360,60420,434.95,1966.3,180.4,14754.4268
60420,60480,434.04,1966.2,176.6,14841.4082
60480,60540,433.54,1965.9,171.0,14889.2461
60540,60600,433.40,1966.9,174.9,15088.3027
60600,60660,433.62,1968.0,181.5,15038.2012
60660,60720,433.66,1966.1,170.8,14540.0098
60720,60780,433.92,1966.8,171.7,14607.4170
60780,60840,433.33,1965.1,165.7,14394.8018
60840,60900,433.13,1964.8,169.9,14367.0537
60900,60960,432.63,1963.6,162.7,14188.1826
60960,61020,432.23,1962.0,157.1,14065.3213
61020,61080,431.31,1959.1,154.0,13810.4121
61080,61140,433.03,1965.0,170.7,14751.5996
61140,61200,433.78,1969.0,168.1,14784.0166
61200,61260,434.67,1970.4,179.4,14689.4004
61260,61320,436.05,1972.2,203.2,14838.1016
61320,61380,437.66,1976.1,199.4,15237.9092
61380,61440,436.70,1973.1,188.9,15226.1084
61440,61500,437.38,1979.2,193.8,15249.5010
61500,61560,437.33,1980.2,194.4,15461.7842
61560,61620,437.11,1978.2,193.5,15226.0098
61620,61680,436.92,1977.7,192.8,15062.5156
61680,61740,436.67,1978.9,194.8,15219.2900
61740,61800,436.33,1975.9,191.3,14921.7188
61800,61860,436.64,1975.2,196.0,15517.4551
61860,61920,436.59,1977.2,199.6,15612.8320
61920,61980,437.24,1977.5,206.1,15722.3135
61980,62040,436.64,1978.1,200.9,16036.7246
62040,62100,437.88,1979.7,202.3,15450.1523
62100,62160,440.45,1979.7,214.5,15920.0303
62160,62220,438.29,1980.2,198.3,15614.5049
62220,62280,435.76,1976.4,192.1,14872.9971
62280,62340,435.91,1976.6,192.9,14966.4180
62340,62400,436.73,1977.0,190.5,14993.1982
62400,62460,436.56,1977.1,192.6,15046.9512
62460,62520,436.53,1977.4,194.2,15139.3838
62520,62580,436.28,1976.6,190.7,15117.3467
62580,62640,434.78,1973.9,184.8,16021.1279
62640,62700,434.75,1973.4,186.1,16032.0420
62700,62760,434.71,1971.5,179.0,14686.7666
62760,62820,434.39,1970.4,176.9,14625.8389
62820,62880,434.12,1969.5,176.1,14644.9277
62880,62940,434.28,1970.7,181.0,14715.4102
62940,63000,432.39,1964.9,162.7,14249.5479
63000,63060,432.92,1965.2,164.5,14337.2461
63060,63120,432.42,1964.3,162.4,14176.3252
63120,63180,431.92,1963.4,159.1,14164.3770
63180,63240,432.08,1965.2,163.5,14318.3408
63240,63300,430.93,1960.2,150.1,13894.8594
63300,63360,428.45,1953.5,131.4,13317.9619
63360,63420,428.34,1953.1,128.8,13329.6357
63420,63480,427.72,1951.4,125.0,13389.6621
63480,63540,427.23,1951.9,125.5,13901.0820
63540,63600,428.16,1952.5,127.5,13839.0107
63600,63660,429.13,1953.7,132.2,13629.0361
63660,63720,428.01,1951.5,124.4,13250.1904
63720,63780,428.27,1952.3,127.9,13341.8633
63780,63840,428.39,1952.6,128.6,13288.6797
63840,63900,429.19,1954.0,135.4,13437.3262
63900,63960,-9999,-9999,-9999,-9999
63960,64020,430.89,1960.7,172.9,14074.1973
64020,64080,432.29,1961.9,164.7,13992.1016
64080,64140,431.83,1961.5,161.4,14075.1582
64140,64200,431.63,1960.5,157.9,13791.8896
64200,64260,431.04,1959.5,153.4,13900.5459
64260,64320,430.63,1959.2,153.8,14170.8477
64320,64380,431.19,1959.0,153.9,13849.7080
64380,64440,431.34,1959.2,154.1,13779.8438
64440,64500,431.27,1959.1,152.9,13681.3643
64500,64560,431.50,1959.6,155.5,13715.6299
64560,64620,431.62,1960.1,156.8,13812.1768
64620,64680,431.48,1958.9,152.9,13807.1182
64680,64740,431.28,1958.6,159.3,13831.2949
64740,64800,431.75,1958.3,152.7,13875.4121
64800,64860,431.01,1956.3,149.4,13493.7910
64860,64920,430.65,1956.4,148.2,13541.3691
64920,64980,434.55,1957.8,156.4,13906.8164
64980,65040,438.16,1960.2,617.3,14305.8682
65040,65100,433.12,1957.4,173.6,13672.0068
65100,65160,431.19,1957.5,151.6,13655.7480
65160,65220,431.30,1958.0,155.7,13789.0000
65220,65280,431.60,1958.2,156.5,13895.3203
65280,65340,431.73,1958.2,158.2,13613.0889
65340,65400,432.00,1958.3,159.6,13685.9834
65400,65460,431.94,1958.7,160.9,13859.2432
65460,65520,431.55,1958.7,160.8,14310.0166
65520,65580,431.74,1958.6,160.2,13952.5791
65580,65640,430.47,1959.3,162.1,15461.9395
65640,65700,430.35,1959.2,162.1,15399.9609
65700,65760,431.04,1959.0,166.0,15447.5576
65760,65820,431.71,1959.4,163.9,14555.8125
65820,65880,431.42,1960.5,163.8,14677.4014
65880,65940,432.28,1959.5,167.1,14263.7344
65940,66000,432.39,1959.4,166.8,13961.5615
66000,66060,433.48,1962.1,173.3,13791.2734
66060,66120,433.69,1962.9,174.2,13946.6748
66120,66180,433.38,1963.2,176.9,14416.9844
66180,66240,433.68,1963.0,187.0,14203.8896
66240,66300,433.96,1963.3,180.4,14066.7666
66300,66360,434.30,1963.9,182.4,14239.9121
66360,66420,434.49,1963.9,178.7,14120.2451
66420,66480,433.77,1963.5,175.8,13977.9893
66480,66540,433.32,1961.9,172.0,13865.2109
66540,66600,432.61,1960.1,164.4,13661.9707
66600,66660,432.45,1961.8,172.7,14738.3535
66660,66720,434.12,1963.6,178.2,14083.0605
66720,66780,433.46,1963.9,176.9,14827.3301
66780,66840,434.16,1964.7,180.4,14373.2930
66840,66900,434.09,1965.2,181.6,14662.2266
66900,66960,433.90,1966.2,181.4,15179.0332
66960,67020,433.58,1965.9,181.6,15342.4932
67020,67080,434.94,1966.2,183.5,14721.4814
67080,67140,435.56,1966.8,193.7,14911.8906
67140,67200,435.63,1967.1,219.3,15017.5625
67200,67260,434.92,1966.7,183.2,14929.5518
67260,67320,434.47,1966.3,181.0,15005.0449
67320,67380,435.07,1967.5,186.5,14920.1123
67380,67440,435.11,1967.1,183.4,14840.9004
67440,67500,434.88,1966.6,178.8,14869.8408
