CampaignData_and_Merges/R0/CSL_MobileLab_Parked/raw/20240805/USOS-NOy-LIF_MobileLabGround_20240805_R0.ict
39,1001
Rollins, A.; Waxman, E.; Zuraski, K.; Chace, W.
NOAA Chemical Sciences Laboratory
LIF NO/NOx/NOy on CSL Mobile Lab
AMMBEC / USOS
1, 1
2024,08,05, 2025,01,04
1
Time_Start, seconds, number_of_seconds_since_0000_UTC
7
1, 1, 1, 1, 1, 1, 1
-9999, -9999, -9999, -9999, -9999, -9999, -9999
Time_Stop, seconds, number_of_seconds_since_0000_UTC
NO_LIF, pptv, Gas_NO_InSitu_S_AVMR, volume mixing ratio of nitric oxide in air
NO2_LIF, pptv, Gas_NO2_InSitu_S_AVMR, volume mixing ratio of nitrogen dioxide in air
NOy_LIF, pptv, Gas_NOy_InSitu_S_AVMR, volume mixing ratio of total oxidized nitrogen in air
NO_LIF_1SigmaAccuracy, pptv, Gas_NO_InSitu_S_AVMR, volume mixing ratio of nitric oxide in air
NO2_LIF_1SigmaAccuracy, pptv, Gas_NO2_InSitu_S_AVMR, volume mixing ratio of nitrogen dioxide in air
NOy_LIF_1SigmaAccuracy, pptv, Gas_NOy_InSitu_S_AVMR, volume mixing ratio of total oxidized nitrogen in air
0
18
PI_CONTACT_INFO: andrew.rollins@noaa.gov
PLATFORM: CSL Mobile Lab
LOCATION: Salt Lake City, UT
ASSOCIATED_DATA:
INSTRUMENT_INFO: NO detection by laser induced fluorescence. NO2 detection by photolytic conversion to NO. NOy detection by catalytic conversion to NO on gold surface
DATA_INFO:
UNCERTAINTY: Included 1 Sigma Accuracy waves represent the combined calibration uncertainties (±6%, ±9%, ±10%) and zero uncertainties (3 ppt, 20 ppt, 100 ppt) for NO, NO2, and NOy, respectively.
ULOD_FLAG: -7777
ULOD_VALUE: N/A
LLOD_FLAG: -8888
LLOD_VALUE: N/A
DM_CONTACT_INFO: andrew.rollins@noaa.gov
PROJECT_INFO: USOS Project, July - August 2024
STIPULATIONS_ON_USE: Users are strongly encouraged to contact the PI for proper data usage.
OTHER_COMMENTS:
REVISION: R0
R0: final data
Time_Start, Time_Stop, NO_LIF, NO2_LIF, NOy_LIF, NO_LIF_1SigmaAccuracy, NO2_LIF_1SigmaAccuracy, NOy_LIF_1SigmaAccuracy
[from data line 263]
   15780,   15840,204.27,1688.9,1764.4,15.256, 172, 276.44
   15840,   15900,24.248,1423.4,1832.5,4.4549, 148.11, 283.25
   15900,   15960,12.862,1439.6,1874.6,3.7717, 149.56, 287.46
   15960,   16020,16.706,1534.5,1872.8,4.0024, 158.11, 287.28
   16020,   16080,40.174,1367.6,2015.6,5.4104, 143.08, 301.56
   16080,   16140,21.592,1682,2141.7,4.2955, 171.38, 314.17
   16140,   16200,7.9968,1671.5,2031.6,3.4798, 170.44, 303.16
   16200,   16260,40.599,2099.5,2161.4,5.4359, 208.96, 316.14
   16260,   16320,14.393,2276.9,2425.2,3.8636, 224.92, 342.52
   16320,   16380,7.8356,2186.7,2547.6,3.4701, 216.8, 354.76
   16380,   16440,17.585,2295.8,2751.5,4.0551, 226.63, 375.15
   16440,   16500,633.6,2828.6,3666.5,41.016, 274.58, 466.65
   16500,   16560,81.792,2252,2988.1,7.9075, 222.68, 398.81
   16560,   16620,46.173,2517.3,2900.7,5.7704, 246.55, 390.07
   16620,   16680,79.887,2074.3,2612.9,7.7932, 206.69, 361.29
   16680,   16740,148.44,2690,3203.9,11.906, 262.1, 420.39
   16740,   16800,126.42,1956.5,2511.3,10.585, 196.09, 351.13
   16800,   16860,16.6,1141.1,1681.3,3.996, 122.7, 268.13
   16860,   16920,24.712,1034.1,1380.6,4.4827, 113.07, 238.06
   16920,   16980,36.61,1190.9,1611.8,5.1966, 127.18, 261.18
   16980,   17040,45.116,1217.6,1696.1,5.7069, 129.58, 269.61
   17040,   17100,16.222,942.57,1440.9,3.9733, 104.83, 244.09
   17100,   17160,16.875,830.43,1226.1,4.0125, 94.739, 222.61
   17160,   17220,90.666,1276.7,1500.1,8.44, 134.9, 250.01
   17220,   17280,39.224,1298.3,1609.7,5.3534, 136.85, 260.97
   17280,   17340,36.599,1285.4,1929.3,5.1959, 135.69, 292.93
   17340,   17400,37.31,1303.2,1725.3,5.2386, 137.29, 272.53
   17400,   17460,16.878,1332.2,1799.2,4.0127, 139.9, 279.92
   17460,   17520,30.498,1372.6,1706.8,4.8299, 143.53, 270.68
   17520,   17580,15.554,1251.2,1703,3.9332, 132.61, 270.3
   17580,   17640,10.274,1321.6,1788.1,3.6164, 138.94, 278.81
   17640,   17700,18.554,1325.1,1800.5,4.1132, 139.26, 280.05
   17700,   17760,17.058,1287.6,1778.9,4.0235, 135.88, 277.89
   17760,   17820,12.196,1220.9,1650.1,3.7318, 129.88, 265.01
   17820,   17880,12.071,1084.3,1458.9,3.7243, 117.58, 245.89
   17880,   17940,327.03,2980.1,3379.7,22.622, 288.21, 437.97
   17940,   18000,274,3488.8,5206.2,19.44, 333.99, 620.62
   18000,   18060,67.226,2261.5,3050.9,7.0335, 223.53, 405.09
   18060,   18120,19.347,1991.5,3088.6,4.1608, 199.24, 408.86
   18120,   18180,47.351,2056.3,2671.3,5.8411, 205.07, 367.13
   18180,   18240,22.214,1288.3,1860.1,4.3329, 135.94, 286.01
   18240,   18300,13.633,1310.4,1825,3.818, 137.94, 282.5
   18300,   18360,20.521,1650.5,2025.2,4.2312, 168.54, 302.52
   18360,   18420,12.573,1515.8,2133.7,3.7544, 156.43, 313.37
   18420,   18480,20.166,1596.2,2002.7,4.2099, 163.66, 300.27
   18480,   18540,27.402,1683.9,2227.8,4.6441, 171.55, 322.78
   18540,   18600,17.896,1539.9,2024.6,4.0738, 158.59, 302.46
   18600,   18660,13.272,1275,1827.1,3.7963, 134.75, 282.71
   18660,   18720,7.1949,935.06,1531.2,3.4317, 104.16, 253.12
   18720,   18780,5.9475,919.21,1434.2,3.3568, 102.73, 243.42
   18780,   18840,6.3829,949.07,1284.4,3.383, 105.42, 228.44
   18840,   18900,26.505,1121,1523,4.5903, 120.89, 252.3
   18900,   18960,30.148,1187.5,1541.6,4.8089, 126.88, 254.16
   18960,   19020,24.734,1239.8,1584.9,4.484, 131.59, 258.49
   19020,   19080,16.542,1308.5,1698,3.9925, 137.76, 269.8
   19080,   19140,11.644,1007.9,1579,3.6987, 110.71, 257.9
   19140,   19200,11.433,1061.4,1435.7,3.686, 115.53, 243.57
   19200,   19260,18.949,992.94,1459.5,4.1369, 109.36, 245.95
   19260,   19320,17.977,990,1297.6,4.0786, 109.1, 229.76
   19320,   19380,66.257,1885,1695.8,6.9754, 189.65, 269.58
   19380,   19440,18.215,1446.7,2023.3,4.0929, 150.2, 302.33
   19440,   19500,4.5617,949.82,1714.9,3.2737, 105.48, 271.49
   19500,   19560,-9999,-9999,-9999,-9999, -9999, -9999
   19560,   19620,-9999,-9999,-9999,-9999, -9999, -9999
   19620,   19680,-9999,-9999,-9999,-9999, -9999, -9999
   19680,   19740,-9999,-9999,-9999,-9999, -9999, -9999
   19740,   19800,-9999,-9999,-9999,-9999, -9999, -9999
   19800,   19860,-9999,-9999,-9999,-9999, -9999, -9999
   19860,   19920,-9999,-9999,-9999,-9999, -9999, -9999
   19920,   19980,23.523,1157,1517.6,4.4114, 124.13, 251.76
   19980,   20040,23.817,1330.8,1677.9,4.429, 139.77, 267.79
   20040,   20100,22.825,1375.5,1780.9,4.3695, 143.8, 278.09
   20100,   20160,12.88,1229.4,1761.1,3.7728, 130.64, 276.11
   20160,   20220,29.368,1329.9,1657.8,4.7621, 139.69, 265.78
   20220,   20280,18.218,1706.2,1859.3,4.0931, 173.56, 285.93
   20280,   20340,19.689,1677.4,2057.3,4.1814, 170.97, 305.73
   20340,   20400,73.429,1910.6,2118.1,7.4057, 191.95, 311.81
   20400,   20460,72.679,2111.1,2392.3,7.3607, 210, 339.23
   20460,   20520,25.851,1824,2322.7,4.5511, 184.16, 332.27
   20520,   20580,65.407,1236.9,1608.6,6.9244, 131.32, 260.86
   20580,   20640,51.99,1258.8,1662.7,6.1194, 133.3, 266.27
   20640,   20700,162.43,2293.3,2945.4,12.746, 226.4, 394.54
   20700,   20760,59.173,1734.3,2308.4,6.5504, 176.09, 330.84
   20760,   20820,18.505,827.63,1299.3,4.1103, 94.487, 229.93
   20820,   20880,35.778,1024.9,1267,5.1467, 112.24, 226.7
   20880,   20940,20.641,1197.3,1655.6,4.2385, 127.76, 265.56
   20940,   21000,14.062,964.18,1305.8,3.8437, 106.78, 230.58
   21000,   21060,6.5057,1265.3,1501.9,3.3903, 133.87, 250.19
   21060,   21120,6.4572,1034.8,1460.2,3.3874, 113.13, 246.02
   21120,   21180,3.2651,1094.5,1470,3.1959, 118.51, 247
   21180,   21240,11.266,1374.7,1736.5,3.676, 143.72, 273.65
   21240,   21300,47.509,2114.5,2633.6,5.8506, 210.3, 363.36
   21300,   21360,7.9136,1535.3,2125.4,3.4748, 158.18, 312.54
   21360,   21420,8.5876,1374.9,2068.7,3.5153, 143.74, 306.87
   21420,   21480,9.1633,1119.1,1640.3,3.5498, 120.72, 264.03
   21480,   21540,9.6346,1257.7,1726.3,3.5781, 133.19, 272.63
   21540,   21600,11.939,979.02,1432.1,3.7163, 108.11, 243.21
   21600,   21660,9.2268,1051.8,1521.8,3.5536, 114.66, 252.18
   21660,   21720,6,907.97,1317,3.36, 101.72, 231.7
   21720,   21780,4.0514,914.86,1274.1,3.2431, 102.34, 227.41
   21780,   21840,6.7984,1156,1490.2,3.4079, 124.04, 249.02
   21840,   21900,6.9256,1150.9,1547.3,3.4155, 123.58, 254.73
   21900,   21960,7.3222,1237.7,1657.4,3.4393, 131.39, 265.74
   21960,   22020,3.5712,1811,2154.2,3.2143, 182.99, 315.42
   22020,   22080,1167.1,2621.8,17208,73.028, 255.96, 1820.8
   22080,   22140,95.772,2262.9,4105.4,8.7463, 223.66, 510.54
   22140,   22200,13.3,2295.5,3036,3.798, 226.59, 403.6
   22200,   22260,45.294,1871.6,2693.4,5.7176, 188.44, 369.34
   22260,   22320,9.0293,1578.9,1822.9,3.5418, 162.1, 282.29
   22320,   22380,8.7078,1659.4,2163.3,3.5225, 169.35, 316.33
   22380,   22440,15.124,1385.6,1909.8,3.9075, 144.7, 290.98
   22440,   22500,17.836,1322.9,1587.1,4.0702, 139.06, 258.71
   22500,   22560,7.6647,1767.7,2153.5,3.4599, 179.09, 315.35
   22560,   22620,82.869,2055.1,2396,7.9721, 204.96, 339.6
   22620,   22680,80.389,2151.1,2683.4,7.8233, 213.59, 368.34
   22680,   22740,4124.1,6705.7,9434.5,250.45, 623.51, 1043.5
   22740,   22800,21.44,1450.1,4073.2,4.2864, 150.51, 507.32
   22800,   22860,14.823,1529,2088.9,3.8894, 157.61, 308.89
   22860,   22920,23.833,1554.1,2120.6,4.43, 159.87, 312.06
   22920,   22980,19.494,941.24,1452.8,4.1696, 104.71, 245.28
   22980,   23040,22.685,1290.4,1526.4,4.3611, 136.13, 252.64
   23040,   23100,24.987,1419.2,1809.6,4.4992, 147.72, 280.96
   23100,   23160,21.541,1150.1,1879.2,4.2925, 123.51, 287.92
   23160,   23220,17.445,993.22,1586.8,4.0467, 109.39, 258.68
   23220,   23280,22.257,1010,1444,4.3354, 110.9, 244.4
   23280,   23340,12.595,863.35,1463.5,3.7557, 97.701, 246.35
   23340,   23400,9.7631,911.04,1262.5,3.5858, 101.99, 226.25
   23400,   23460,15.54,890.06,1427.7,3.9324, 100.11, 242.77
   23460,   23520,14.274,804.56,1156.5,3.8564, 92.41, 215.65
   23520,   23580,9.0564,1020.7,1506.3,3.5434, 111.87, 250.63
   23580,   23640,56.033,2063.2,2580,6.362, 205.69, 358
   23640,   23700,13.851,1596.5,2564.7,3.831, 163.68, 356.47
   23700,   23760,8.3617,2253.2,3180.5,3.5017, 222.79, 418.05
   23760,   23820,8.5367,2346,3505.1,3.5122, 231.14, 450.51
   23820,   23880,9.7924,2123.3,2959,3.5875, 211.1, 395.9
   23880,   23940,72.285,2025.8,2859.5,7.3371, 202.32, 385.95
   23940,   24000,8.6363,2650.4,3289.8,3.5182, 258.54, 428.98
   24000,   24060,17.448,2173.1,3383.4,4.0469, 215.58, 438.34
   24060,   24120,18.601,1880.8,2520,4.116, 189.27, 352
   24120,   24180,19.988,2521.5,3226,4.1993, 246.94, 422.6
   24180,   24240,8.9007,1616.7,2791.2,3.534, 165.5, 379.12
   24240,   24300,11.152,1807.5,2355.2,3.6691, 182.68, 335.52
   24300,   24360,14.771,1877,2696.1,3.8863, 188.93, 369.61
   24360,   24420,15.403,2477.7,3093.8,3.9242, 242.99, 409.38
   24420,   24480,30.092,2215.4,3165.1,4.8055, 219.39, 416.51
   24480,   24540,134.07,2611.3,3018.9,11.044, 255.02, 401.89
   24540,   24600,37.794,2852.9,3741,5.2677, 276.77, 474.1
   24600,   24660,14.928,3231.1,3843.2,3.8957, 310.8, 484.32
   24660,   24720,37.919,2445.7,3785.5,5.2751, 240.12, 478.55
   24720,   24780,95.578,1791.2,2529.1,8.7347, 181.2, 352.91
   24780,   24840,20.64,1334.5,1870.6,4.2384, 140.1, 287.06
   24840,   24900,16.816,1082.6,1531.1,4.0089, 117.44, 253.11
   24900,   24960,14.47,847.89,1235.1,3.8682, 96.31, 223.51
   24960,   25020,11.567,860.39,1187.7,3.694, 97.435, 218.77
   25020,   25080,10.541,755.57,1200.4,3.6324, 88.001, 220.04
   25080,   25140,86.16,833.61,1160.7,8.1696, 95.025, 216.07
   25140,   25200,19.615,669.61,1067.8,4.1769, 80.265, 206.78
   25200,   25260,8.9387,592.83,977.1,3.5363, 73.355, 197.71
   25260,   25320,7.2219,597.99,934.15,3.4333, 73.819, 193.42
   25320,   25380,9.1731,625.17,970.31,3.5504, 76.265, 197.03
   25380,   25440,7.8331,657.33,984.91,3.47, 79.16, 198.49
   25440,   25500,8.431,736.26,1097.6,3.5059, 86.263, 209.76
   25500,   25560,7.8233,739.43,1091,3.4694, 86.548, 209.1
   25560,   25620,9.7353,839.75,1161.5,3.5841, 95.577, 216.15
   25620,   25680,8.5069,750.73,1209.3,3.5104, 87.566, 220.93
   25680,   25740,15.966,676.97,1039.4,3.958, 80.927, 203.94
   25740,   25800,45.538,679.43,1137.9,5.7323, 81.149, 213.79
   25800,   25860,17.732,677.88,1083,4.0639, 81.01, 208.3
   25860,   25920,10.572,772.36,1095.4,3.6343, 89.512, 209.54
   25920,   25980,7.2076,754.18,1133.2,3.4325, 87.876, 213.32
   25980,   26040,7.5939,738.75,1069.7,3.4556, 86.488, 206.97
   26040,   26100,24.306,699.72,1183.8,4.4583, 82.975, 218.38
   26100,   26160,12.531,783.86,1177.1,3.7519, 90.547, 217.71
   26160,   26220,18.753,948.7,1326.5,4.1252, 105.38, 232.65
   26220,   26280,14.111,895.33,1487.7,3.8467, 100.58, 248.77
   26280,   26340,7.1074,868.31,1477.2,3.4264, 98.148, 247.72
   26340,   26400,4.2902,957.19,1444.6,3.2574, 106.15, 244.46
   26400,   26460,5.1306,974.41,1344,3.3078, 107.7, 234.4
   26460,   26520,9.9653,1158,1381.1,3.5979, 124.22, 238.11
   26520,   26580,18.021,1594.4,1776.3,4.0812, 163.5, 277.63
   26580,   26640,6.8109,1688.3,1828.9,3.4087, 171.94, 282.89
   26640,   26700,2.5502,1794.2,1993.3,3.153, 181.47, 299.33
   26700,   26760,6.1574,1517.9,1882,3.3694, 156.61, 288.2
   26760,   26820,4.4993,1573,1916.5,3.27, 161.57, 291.65
   26820,   26880,22.317,1372.1,1944,4.339, 143.49, 294.4
   26880,   26940,10.54,1490.8,1937.4,3.6324, 154.18, 293.74
   26940,   27000,20.765,1597.3,2209.7,4.2459, 163.76, 320.97
   27000,   27060,10.664,1430.4,2090,3.6398, 148.74, 309
   27060,   27120,10.723,1591.2,2354.2,3.6434, 163.21, 335.42
   27120,   27180,4.5683,1553.9,2405,3.2741, 159.85, 340.5
   27180,   27240,28.319,1934.2,2392.5,4.6991, 194.08, 339.25
   27240,   27300,93.199,3642.1,2885,8.592, 347.79, 388.5
   27300,   27360,6.6772,1697.8,2666.2,3.4006, 172.81, 366.62
   27360,   27420,8.03,1531.4,2252.5,3.4818, 157.83, 325.25
   27420,   27480,8.341,1394.6,2032.9,3.5005, 145.52, 303.29
   27480,   27540,-9999,-9999,-9999,-9999, -9999, -9999
   27540,   27600,-9999,-9999,-9999,-9999, -9999, -9999
   27600,   27660,-9999,-9999,-9999,-9999, -9999, -9999
   27660,   27720,-9999,-9999,-9999,-9999, -9999, -9999
   27720,   27780,-9999,-9999,-9999,-9999, -9999, -9999
   27780,   27840,-9999,-9999,-9999,-9999, -9999, -9999
   27840,   27900,-9999,-9999,-9999,-9999, -9999, -9999
   27900,   27960,32.318,1584,2179.4,4.9391, 162.56, 317.94
   27960,   28020,14.177,1052.9,2094.4,3.8506, 114.76, 309.44
   28020,   28080,272.66,1795.9,1942.6,19.36, 181.63, 294.26
   28080,   28140,9.0195,771.24,2405.6,3.5412, 89.412, 340.56
   28140,   28200,7.9213,894.45,1742.1,3.4753, 100.5, 274.21
   28200,   28260,57.557,1706.1,2178.9,6.4534, 173.55, 317.89
   28260,   28320,157.94,1839.3,2675.9,12.477, 185.54, 367.59
   28320,   28380,220.12,2898.4,3246,16.207, 280.86, 424.6
   28380,   28440,42.832,2248.2,3177.1,5.5699, 222.34, 417.71
   28440,   28500,11.025,1250,2039,3.6615, 132.5, 303.9
   28500,   28560,36.636,1454.1,1929.3,5.1982, 150.87, 292.93
   28560,   28620,14.685,1486.7,2186.8,3.8811, 153.8, 318.68
   28620,   28680,9.3764,1311.4,1984.2,3.5626, 138.02, 298.42
   28680,   28740,10.113,1304.8,1986,3.6068, 137.43, 298.6
   28740,   28800,27.412,1339.2,1797.1,4.6447, 140.53, 279.71
   28800,   28860,13.583,1136.8,1811.7,3.815, 122.31, 281.17
   28860,   28920,10.884,1000.8,1625.2,3.6531, 110.07, 262.52
   28920,   28980,17.125,983.83,1617.2,4.0275, 108.55, 261.72
   28980,   29040,16.392,955.79,1549.8,3.9835, 106.02, 254.98
   29040,   29100,13.611,966.35,1525.3,3.8166, 106.97, 252.53
   29100,   29160,13.151,1051.5,1629.8,3.789, 114.64, 262.98
   29160,   29220,8.0599,1070.2,1658.1,3.4836, 116.31, 265.81
   29220,   29280,5.9986,1172.9,1754.4,3.3599, 125.57, 275.44
   29280,   29340,10.51,1289,1825.7,3.6306, 136.01, 282.57
   29340,   29400,23.11,1521.5,2131.1,4.3866, 156.94, 313.11
   29400,   29460,5.2286,1936.7,2625.1,3.3137, 194.31, 362.51
   29460,   29520,15.36,2282.7,3056,3.9216, 225.44, 405.6
   29520,   29580,6.0839,2048,2616.4,3.365, 204.32, 361.64
   29580,   29640,8.8485,2289.2,2982.5,3.5309, 226.02, 398.25
   29640,   29700,10.786,2328.4,3259.3,3.6472, 229.55, 425.93
   29700,   29760,26.702,2219.6,3019.8,4.6021, 219.76, 401.98
   29760,   29820,10.319,2066.7,2888.2,3.6191, 206, 388.82
   29820,   29880,8.769,1804.3,2457.3,3.5261, 182.39, 345.73
   29880,   29940,12.722,2193.4,2860.9,3.7633, 217.41, 386.09
   29940,   30000,19.193,2047.4,2900.8,4.1516, 204.27, 390.08
   30000,   30060,20.54,2296.9,3279.7,4.2324, 226.72, 427.97
   30060,   30120,7.4652,1702.8,2925.2,3.4479, 173.25, 392.52
   30120,   30180,19.169,1516.7,2315.7,4.1501, 156.5, 331.57
   30180,   30240,24.663,1511.3,2092.9,4.4798, 156.01, 309.29
   30240,   30300,18.321,1178.5,2248.3,4.0992, 126.07, 324.83
   30300,   30360,12.214,1247.8,1855.6,3.7329, 132.3, 285.56
   30360,   30420,12.218,1143.6,1923.2,3.7331, 122.92, 292.32
   30420,   30480,19.015,1074,1785.3,4.1409, 116.66, 278.53
   30480,   30540,9.6503,1097,1791.7,3.579, 118.73, 279.17
   30540,   30600,14.743,976.53,1726.3,3.8846, 107.89, 272.63
   30600,   30660,30.423,1094,1968,4.8254, 118.46, 296.8
   30660,   30720,22.171,1003.2,1827.1,4.3303, 110.29, 282.71
   30720,   30780,7.722,880.95,1570.8,3.4633, 99.285, 257.08
   30780,   30840,8.4775,1125.8,1863.9,3.5086, 121.32, 286.39
   30840,   30900,14.635,1097.6,1957,3.8781, 118.79, 295.7
   30900,   30960,12.182,1032.4,1905.5,3.7309, 112.91, 290.55
   30960,   31020,8.56,975.08,1731.5,3.5136, 107.76, 273.15
   31020,   31080,5.1939,1382.2,1880.4,3.3116, 144.4, 288.04
   31080,   31140,9.5979,1329.4,2044,3.5759, 139.64, 304.4
   31140,   31200,17.616,1509.2,2025.5,4.057, 155.83, 302.55
   31200,   31260,25.927,2011.9,2795.1,4.5556, 201.07, 379.51
   31260,   31320,17.354,1932.4,2852.9,4.0413, 193.92, 385.29
   31320,   31380,6.3262,1668.8,2478.4,3.3796, 170.19, 347.84
   31380,   31440,9.6215,1458,2289.7,3.5773, 151.22, 328.97
   31440,   31500,8.0609,1565.6,2185.2,3.4837, 160.91, 318.52
   31500,   31560,7.1007,1573.3,2272.2,3.426, 161.6, 327.22
