CampaignData_and_Merges/R0/CSL_MobileLab_Parked/raw/20240805/USOS-Picarro-CO2-CH4-CO-H2O_MobileLabGround_20240805_R0.ict
38, 1001
Ilana Pollack, Nell Schafer, and Jeff Peischl
NOAA Chemical Sciences Laboratory
Picarro 2401-m CO2/CH4/CO/H2O Analyzer
USOS
1, 1
2024, 08, 05, 2024, 11, 20
0
StartTime_UTC, seconds_past_midnight, seconds past midnight
5
1, 1, 1, 1, 1
-9999, -9999, -9999, -9999, -9999
StopTime_UTC, seconds_past_midnight, seconds past midnight
CO2_ppm_1min, ppm, Gas_CO2_InSitu_S_DMF, carbon dioxide mixing ratio
CH4_ppb_1min, ppb, Gas_CH4_InSitu_S_DMF, methane mixing ratio
CO_ppb_1min, ppb, Gas_CO_InSitu_S_DMF, carbon monoxide mixing ratio
H2O_ppmv_1min, ppmv, Met_H2OMRV_InSitu_S_AVMR, water vapor mixing ratio
1
SPECIAL COMMENTS: N/A
18
PI_CONTACT_INFO: Address: NOAA Chemical Sciences Laboratory, Mail Stop CSL7, 325 Broadway, Boulder, CO 80305; Email: Ilana.Pollack@noaa.gov
PLATFORM: NOAA CSL Mobile Laboratory
LOCATION: The mobile lab was stationed in Salt Lake City, Utah.
ASSOCIATED_DATA: N/A
INSTRUMENT_INFO: CO2, CH4, and CO are reported as dry air mole fractions using a commercial wavelength-scanned cavity ring-down analyzer (Picarro 2401-m). An in-field calibration gas standard of 432±0.07 ppm CO2, 2095±1 ppb CH4, and 183±1 ppb CO, calibrated in the Boulder laboratories before and after the field project using primary CO2, CH4, and CO standard tanks tied to the WMO standard (X2019, X2004A, and X2014A, respectively) from the Global Monitoring Laboratory (GML), was delivered to the inlet every 2-3 days to evaluate instrument sensitivity. A H2O measurement was calibrated before the project with a Dew Point Mirror 373 hygrometer. The water correction calculated from these calibrations was applied to the H2O measurement for the entire campaign. Species are measured at 0.5 Hz and reported as 1-minute averages for stationary measurements.
DATA_INFO: Units: CO2, ppm, dry air mole fraction; CH4, ppb, dry air mole fraction; CO, ppb, dry air mole fraction; H2O, ppmv
UNCERTAINTY: Total uncertainties are estimated as ±0.1 ppm for CO2, ±1 ppb for CH4, ±5 ppb for CO, and ±(50 ppm + 4%) for H2O.
ULOD_FLAG: -7777
ULOD_VALUE: N/A
LLOD_FLAG: -8888
LLOD_VALUE: N/A
DM_CONTACT_INFO: Data Manager: Nathan Howard; nathan.h.howard@noaa.gov
PROJECT_INFO: USOS Dates of Study: July – August 2024
STIPULATIONS_ON_USE: Use of these data require prior ok from PI.
OTHER_COMMENTS: Data are averaged to 1 minute intervals. Stationary data collected from a 10 ft tower on top of the mobile van.
REVISION: R0
R0: Final Data
StartTime_UTC, StopTime_UTC, CO2_ppm_1min, CH4_ppb_1min, CO_ppb_1min, H2O_ppmv_1min
[from data line 382]
22920,22980,436.42,1953.6,128.0,12133.3047
22980,23040,437.42,1956.2,133.0,12198.3369
23040,23100,435.89,1955.0,129.6,12004.7158
23100,23160,436.07,1953.6,127.4,12014.1416
23160,23220,435.65,1952.8,143.7,11973.6973
23220,23280,435.73,1951.9,130.0,11976.9111
23280,23340,434.15,1950.4,123.3,11891.6152
23340,23400,435.80,1952.2,125.1,12067.2324
23400,23460,434.34,1950.1,122.5,11952.4678
23460,23520,435.45,1951.3,126.0,12072.0234
23520,23580,439.47,1956.0,153.7,12356.9668
23580,23640,439.23,1956.9,152.4,12478.0537
23640,23700,439.81,1959.2,149.1,12380.0615
23700,23760,440.35,1959.9,145.4,12488.7813
23760,23820,439.77,1958.5,138.9,12485.9395
23820,23880,439.62,1957.3,138.8,12495.7383
23880,23940,439.96,1959.0,139.9,12496.8311
23940,24000,443.09,1962.6,150.5,12782.1475
24000,24060,438.50,1956.8,138.5,12440.1758
24060,24120,441.11,1960.2,157.9,12613.6914
24120,24180,440.17,1959.8,138.4,12615.8975
24180,24240,439.30,1959.5,133.3,12487.7041
24240,24300,439.01,1958.4,134.0,12501.1514
24300,24360,442.20,1962.8,140.3,12804.5322
24360,24420,441.89,1962.8,140.5,12789.2207
24420,24480,441.91,1961.2,146.6,12767.9063
24480,24540,442.66,1964.0,144.9,12808.7637
24540,24600,443.99,1966.7,151.6,12947.5840
24600,24660,442.88,1964.9,175.4,12830.2100
24660,24720,440.24,1958.5,145.6,12638.3486
24720,24780,440.04,1957.9,132.9,12645.4717
24780,24840,438.14,1956.4,130.0,12368.5898
24840,24900,436.58,1953.1,126.1,12283.4131
24900,24960,437.15,1952.9,126.9,12346.8604
24960,25020,436.84,1953.4,127.5,12286.3760
25020,25080,436.67,1952.1,125.9,12295.6592
25080,25140,436.25,1950.5,123.7,12232.2939
25140,25200,435.55,1949.7,120.8,12186.8359
25200,25260,435.21,1949.5,120.3,12176.3887
25260,25320,435.76,1949.9,120.8,12246.1465
25320,25380,435.32,1950.6,126.7,12187.3262
25380,25440,435.46,1951.5,128.9,12227.6328
25440,25500,435.79,1950.8,123.8,12276.0254
25500,25560,436.18,1953.1,129.3,12341.7793
25560,25620,435.70,1953.5,126.3,12265.6318
25620,25680,434.76,1949.8,120.9,12167.2490
25680,25740,436.96,1952.2,122.0,12550.6484
25740,25800,436.60,1951.5,123.0,12532.7861
25800,25860,435.46,1951.9,125.0,12260.1494
25860,25920,436.53,1953.3,129.9,12342.3574
25920,25980,435.82,1952.5,123.5,12189.2500
25980,26040,436.62,1952.0,125.2,12160.2861
26040,26100,436.52,1951.9,127.0,12137.0068
26100,26160,436.70,1953.2,125.5,12200.5088
26160,26220,437.36,1954.2,126.2,12256.8721
26220,26280,438.03,1953.0,122.5,12366.7656
26280,26340,437.67,1953.3,126.7,12245.6318
26340,26400,437.90,1953.9,126.6,12229.7129
26400,26460,437.66,1954.9,126.2,12181.3281
26460,26520,437.73,1955.7,126.4,12113.8867
26520,26580,438.70,1956.1,127.0,12189.5977
26580,26640,440.38,1964.2,133.4,12273.8154
26640,26700,442.45,1962.0,129.3,12417.5547
26700,26760,441.30,1960.8,132.9,12542.8164
26760,26820,445.22,1958.3,128.4,13273.8936
26820,26880,444.34,1961.7,131.9,13098.6504
26880,26940,444.63,1964.8,136.0,12828.5928
26940,27000,443.60,1964.0,132.3,12585.6738
27000,27060,442.05,1961.9,131.3,12453.9229
27060,27120,442.67,1964.7,137.7,12468.9814
27120,27180,449.13,1966.3,136.6,12953.2598
27180,27240,449.56,1970.2,155.8,12679.3174
27240,27300,442.23,1967.5,135.0,12489.2129
27300,27360,443.77,1975.7,137.2,12839.1904
27360,27420,442.71,1967.4,130.3,12693.0166
27420,27480,448.63,1973.1,136.7,12837.2021
27480,27540,448.80,1975.0,139.2,12856.4795
27540,27600,448.23,1974.8,137.7,12837.7871
27600,27660,444.96,1978.1,129.1,12954.2725
27660,27720,441.10,1970.4,127.2,13010.4395
27720,27780,436.95,1961.0,126.3,12899.3076
27780,27840,436.79,1958.7,122.9,12990.5664
27840,27900,442.88,1963.2,132.3,13256.3789
27900,27960,443.05,1967.1,128.4,13143.0098
27960,28020,437.96,1961.3,149.6,13215.6484
28020,28080,436.29,1957.1,144.7,13245.2383
28080,28140,435.82,1956.4,131.8,13259.9746
28140,28200,438.67,1961.2,135.5,13283.8857
28200,28260,436.18,1957.2,131.1,13253.9717
28260,28320,437.54,1957.9,132.8,13301.3486
28320,28380,436.33,1957.9,128.6,13335.0303
28380,28440,437.01,1958.0,125.1,13461.9658
28440,28500,436.23,1958.0,123.7,13476.1396
28500,28560,436.87,1959.4,124.2,13483.5459
28560,28620,436.28,1958.4,123.1,13483.5039
28620,28680,437.19,1959.2,122.8,13556.0625
28680,28740,437.36,1959.8,127.3,13591.1494
28740,28800,437.41,1959.3,129.3,13610.5244
28800,28860,437.01,1958.4,121.8,13640.2354
28860,28920,436.55,1958.2,122.5,13646.6113
28920,28980,436.70,1957.6,122.3,13660.6973
28980,29040,437.37,1957.7,122.1,13777.9834
29040,29100,436.38,1957.8,123.6,13632.0156
29100,29160,436.48,1958.3,123.6,13603.5137
29160,29220,436.04,1958.6,123.0,13523.5176
29220,29280,437.19,1959.8,124.8,13605.2559
29280,29340,436.99,1960.2,125.7,13513.1953
29340,29400,437.95,1963.4,130.9,13443.2441
29400,29460,440.09,1966.9,133.1,13546.1201
29460,29520,438.53,1962.9,131.3,13458.1436
29520,29580,440.14,1965.2,132.4,13473.9277
29580,29640,440.15,1964.9,135.1,13456.0898
29640,29700,439.41,1964.6,133.2,13459.1650
29700,29760,438.96,1965.4,133.3,13520.7012
29760,29820,438.22,1963.6,130.4,13582.5645
29820,29880,439.68,1965.9,130.1,13588.6162
29880,29940,440.26,1966.4,131.7,13655.8057
29940,30000,441.49,1967.7,133.1,13749.7012
30000,30060,440.45,1966.9,132.7,13814.9717
30060,30120,439.05,1963.8,130.4,13900.4063
30120,30180,438.54,1964.3,127.1,13854.7490
30180,30240,438.63,1962.4,123.9,14004.1699
30240,30300,437.76,1962.5,124.6,14006.6875
30300,30360,438.40,1964.4,123.7,14056.9873
30360,30420,438.70,1961.6,123.9,14123.6465
30420,30480,438.30,1962.2,124.2,14068.9092
30480,30540,438.03,1961.4,123.4,14110.8008
30540,30600,437.48,1961.1,125.1,14119.8955
30600,30660,437.66,1961.0,124.4,14179.8496
30660,30720,436.10,1959.5,124.5,14136.3486
30720,30780,437.33,1961.1,126.3,14111.4736
30780,30840,439.08,1963.1,129.3,14161.2197
30840,30900,437.86,1961.6,127.5,14084.6113
30900,30960,437.45,1960.3,127.9,14065.6855
30960,31020,436.81,1961.4,123.7,13905.3809
31020,31080,438.09,1962.5,123.0,14006.5195
31080,31140,439.54,1964.3,124.1,14094.4268
31140,31200,440.14,1965.7,133.6,13900.5928
31200,31260,440.72,1966.2,132.9,13990.4326
31260,31320,439.23,1965.3,130.3,13995.5059
31320,31380,439.57,1968.7,128.9,14111.3574
31380,31440,442.56,1975.7,127.2,14290.8867
31440,31500,441.14,1973.6,128.0,14175.3896
31500,31560,441.45,1970.6,129.1,14194.9648
31560,31620,443.97,1972.2,128.5,14294.3320
31620,31680,442.51,1977.2,130.7,14262.5391
31680,31740,445.57,1982.2,132.8,14363.4775
31740,31800,448.09,1997.0,143.0,14298.6123
31800,31860,450.58,2001.6,147.9,14316.2754
31860,31920,451.31,2004.4,147.2,14414.5439
31920,31980,454.61,2012.7,153.0,14373.1240
31980,32040,455.09,2018.8,160.8,14179.9014
32040,32100,456.90,2031.2,162.2,14347.4248
32100,32160,457.78,2034.2,166.8,14255.5195
32160,32220,458.35,2036.3,168.4,14164.6826
32220,32280,458.74,2037.8,169.7,14168.3281
32280,32340,460.16,2043.7,172.9,14180.3145
32340,32400,461.29,2045.8,173.5,14191.4863
32400,32460,454.90,2031.5,172.4,13597.3936
32460,32520,454.06,2046.0,183.0,13209.6670
32520,32580,454.19,2053.2,185.5,13070.3887
32580,32640,454.30,2054.6,187.6,12986.1201
32640,32700,456.11,2047.6,180.3,13399.9561
32700,32760,461.13,2045.0,214.1,13804.2930
32760,32820,460.25,2049.4,184.9,14075.0596
32820,32880,460.43,2054.8,180.5,14087.3057
32880,32940,459.74,2050.9,175.4,14098.4014
32940,33000,459.99,2034.5,179.0,14075.3496
33000,33060,460.08,2039.6,181.6,13899.0293
33060,33120,458.90,2054.2,189.1,13654.0977
33120,33180,461.39,2152.6,202.6,13514.5039
33180,33240,462.86,2137.9,199.6,13741.0010
33240,33300,464.59,2083.1,187.6,14220.1426
33300,33360,466.59,2075.8,183.8,14441.4229
33360,33420,466.58,2079.8,185.2,14334.9238
33420,33480,467.64,2081.0,476.8,14328.5928
33480,33540,467.52,2066.6,387.5,14333.0605
33540,33600,465.27,2060.6,331.9,14238.7227
33600,33660,465.25,2076.7,365.5,14119.4727
33660,33720,467.52,2072.3,312.0,14300.2051
33720,33780,466.78,2095.3,255.2,14228.0713
33780,33840,465.39,2203.5,238.4,13870.0127
33840,33900,467.77,2324.8,219.2,13792.8135
33900,33960,468.40,2236.4,229.0,13996.1025
33960,34020,467.29,2186.2,217.2,14017.9238
34020,34080,465.28,2188.8,213.0,13770.9932
34080,34140,465.84,2220.5,209.6,13651.6504
34140,34200,466.85,2219.0,211.1,13747.6934
34200,34260,469.19,2209.5,210.1,13930.4727
34260,34320,468.94,2207.9,208.2,13929.4805
34320,34380,467.94,2235.0,205.6,13874.0928
34380,34440,467.87,2206.1,203.3,13976.7217
34440,34500,459.03,2140.4,181.1,14062.1758
34500,34560,458.33,2120.7,173.0,14198.3662
34560,34620,446.26,2031.5,142.5,14328.0449
34620,34680,441.56,1992.8,128.9,14476.6768
34680,34740,441.13,1990.4,128.7,14516.9756
34740,34800,437.33,1968.8,120.0,14480.6094
34800,34860,438.00,1968.1,122.0,14592.8008
34860,34920,441.32,1989.4,126.9,14548.4307
34920,34980,439.54,1976.4,123.7,14566.7441
34980,35040,437.61,1967.0,120.2,14590.5156
35040,35100,439.13,1974.8,121.5,14589.7324
35100,35160,442.08,1989.8,126.7,14634.7080
35160,35220,438.21,1972.9,120.2,14549.8887
35220,35280,437.32,1967.7,118.3,14551.6143
35280,35340,435.47,1961.0,116.0,14482.5986
35340,35400,436.30,1960.8,117.8,14577.0615
35400,35460,435.54,1960.3,116.3,14491.9082
35460,35520,436.03,1961.4,128.8,14517.2012
35520,35580,435.43,1961.1,117.8,14490.3193
35580,35640,435.89,1960.8,118.1,14577.0303
35640,35700,435.05,1960.4,119.7,14465.3330
35700,35760,434.90,1960.1,116.7,14455.1719
35760,35820,440.52,1969.1,123.2,14514.8643
35820,35880,446.70,1987.4,132.3,14428.2852
35880,35940,449.22,1992.5,134.3,14476.3223
35940,36000,450.64,1995.6,135.6,14490.3154
36000,36060,449.96,1991.6,145.0,14409.2764
36060,36120,450.93,1992.5,143.4,14434.9971
36120,36180,451.56,1995.0,140.9,14415.8994
36180,36240,453.27,2009.7,144.5,14438.7119
36240,36300,453.65,2007.9,143.8,14442.9688
36300,36360,452.57,2002.8,145.6,14474.5693
36360,36420,452.51,1999.2,140.5,14456.0771
36420,36480,452.35,1996.9,157.6,14367.4043
36480,36540,454.05,1997.2,155.7,14429.5195
36540,36600,454.29,1997.6,152.7,14442.3027
36600,36660,454.38,1997.1,152.3,14478.9678
36660,36720,454.68,2002.6,156.3,14550.2998
36720,36780,454.92,2001.9,153.1,14538.6338
36780,36840,454.09,2000.8,150.6,14470.2422
36840,36900,449.25,1999.7,138.0,14312.0508
36900,36960,447.51,1998.6,136.8,14221.1094
36960,37020,450.84,2000.3,141.0,14381.9971
37020,37080,457.06,2003.7,144.5,14649.4521
37080,37140,453.40,2006.7,142.4,14521.9443
37140,37200,452.23,2003.3,141.6,14457.3828
37200,37260,454.51,2004.1,143.3,14567.2373
37260,37320,455.68,2005.9,144.1,14606.7129
37320,37380,456.14,2012.1,138.7,14730.1494
37380,37440,458.80,2024.5,139.5,14876.8398
37440,37500,456.39,2020.1,161.2,14739.7656
37500,37560,454.72,2010.4,142.7,14608.5820
37560,37620,456.32,2012.2,144.1,14625.7695
37620,37680,458.05,2011.8,146.2,14710.3213
37680,37740,462.43,2017.6,149.8,14880.9727
37740,37800,460.97,2016.0,150.3,14844.6943
37800,37860,461.28,2017.7,147.7,14848.0010
37860,37920,462.89,2022.8,155.8,14902.5518
37920,37980,462.56,2025.3,156.6,14870.6006
37980,38040,461.45,2027.6,155.0,14800.2461
38040,38100,460.75,2025.5,152.7,14797.7070
38100,38160,464.85,2029.2,201.8,14978.9590
38160,38220,460.86,2033.1,148.7,14849.7480
38220,38280,462.88,2033.2,151.1,14871.3027
38280,38340,464.09,2036.9,152.5,14920.0518
38340,38400,464.48,2037.3,152.2,14926.1865
38400,38460,461.90,2031.9,150.7,14870.4326
38460,38520,457.82,2020.0,145.6,14775.6396
38520,38580,456.64,2014.3,144.4,14721.1846
38580,38640,456.83,2012.0,146.4,14751.6494
38640,38700,456.23,2006.6,150.8,14745.2881
38700,38760,449.81,1997.0,139.3,14646.9111
38760,38820,448.91,1993.0,139.5,14695.3740
38820,38880,446.69,1989.5,130.8,14742.7168
38880,38940,445.88,1989.5,128.1,14729.6924
38940,39000,445.17,1986.1,129.0,14699.2197
39000,39060,446.95,1990.4,133.5,14723.4932
39060,39120,445.45,1984.7,130.8,14732.6855
39120,39180,444.01,1980.2,128.5,14718.0244
39180,39240,449.72,1993.3,134.4,14718.2695
39240,39300,448.73,1989.2,131.5,14769.2949
39300,39360,449.98,1993.9,136.5,14733.6572
39360,39420,452.22,1991.9,137.6,14767.5869
39420,39480,450.97,1992.7,139.6,14641.8643
39480,39540,451.59,1993.1,140.6,14632.6201
39540,39600,454.90,1999.5,177.9,14630.1953
39600,39660,457.15,2001.5,166.5,14675.1025
39660,39720,444.34,1977.1,129.8,14497.7861
39720,39780,444.02,1978.3,130.6,14497.3252
39780,39840,445.71,1980.1,135.3,14496.2031
39840,39900,445.92,1978.7,134.6,14525.7588
39900,39960,449.48,1984.0,138.3,14557.1689
39960,40020,447.00,1975.3,131.5,14472.2100
40020,40080,442.12,1970.3,123.4,14521.5615
40080,40140,439.35,1968.4,126.2,14469.5254
40140,40200,438.85,1966.0,127.1,14529.2070
40200,40260,437.36,1964.7,123.4,14484.9834
40260,40320,437.59,1964.6,124.5,14510.7988
40320,40380,437.69,1963.7,120.5,14673.7217
40380,40440,436.25,1963.2,122.0,14557.1357
40440,40500,436.44,1963.1,121.5,14595.1504
40500,40560,436.19,1963.0,123.1,14577.1055
40560,40620,436.64,1962.9,123.1,14588.6436
40620,40680,436.50,1962.7,125.7,14597.1943
40680,40740,436.85,1962.9,125.4,14553.4043
40740,40800,437.42,1966.1,126.4,14619.4072
40800,40860,435.16,1962.6,121.4,14514.6426
40860,40920,436.13,1963.9,125.3,14568.6709
40920,40980,437.10,1965.3,137.5,14614.1729
40980,41040,436.66,1964.3,125.3,14581.8486
41040,41100,436.16,1964.1,121.3,14566.8555
41100,41160,435.47,1963.1,121.6,14512.5879
41160,41220,436.46,1962.8,122.6,14563.3203
41220,41280,436.96,1961.7,122.8,14588.7920
41280,41340,436.84,1961.3,122.9,14596.1211
41340,41400,435.20,1960.0,121.3,14482.3262
41400,41460,433.87,1958.8,118.1,14442.2676
41460,41520,434.43,1959.0,117.8,14461.3525
41520,41580,435.02,1959.5,119.5,14511.9199
41580,41640,434.94,1959.3,118.8,14510.6543
41640,41700,434.87,1959.8,119.0,14542.0625
41700,41760,435.22,1959.4,119.6,14530.4307
41760,41820,433.69,1959.0,120.0,14397.1221
41820,41880,434.19,1958.9,118.7,14463.9287
41880,41940,433.71,1959.0,117.6,14424.3926
41940,42000,435.31,1960.0,126.9,14481.1904
42000,42060,435.76,1959.8,119.4,14528.2441
42060,42120,436.28,1960.4,126.0,14502.2256
42120,42180,436.30,1961.2,131.1,14524.0068
42180,42240,436.04,1960.5,124.4,14526.8799
42240,42300,435.65,1960.6,122.9,14507.9385
42300,42360,435.19,1961.0,121.5,14485.5508
42360,42420,436.95,1961.6,128.1,14549.6641
42420,42480,436.76,1960.7,127.4,14542.5342
42480,42540,437.01,1960.7,123.9,14563.7002
42540,42600,435.15,1960.6,124.1,14462.8633
42600,42660,434.65,1961.2,123.0,14461.6318
42660,42720,435.61,1962.2,126.6,14498.6904
42720,42780,436.70,1962.8,132.6,14521.1865
42780,42840,436.23,1963.9,128.0,14522.6035
42840,42900,435.32,1962.2,125.5,14465.1475
42900,42960,437.33,1963.5,129.7,14573.3525
42960,43020,437.16,1963.3,133.8,14541.7803
43020,43080,436.43,1962.0,124.9,14581.0635
43080,43140,436.55,1962.2,124.3,14513.6846
43140,43200,435.94,1961.5,126.2,14451.1436
43200,43260,437.81,1961.3,125.1,14658.6230
43260,43320,435.57,1960.3,127.9,14436.0566
43320,43380,435.16,1959.9,124.7,14447.8994
43380,43440,435.03,1959.6,126.6,14453.4502
43440,43500,434.75,1959.5,124.3,14431.5488
43500,43560,435.49,1959.5,121.0,14502.5264
43560,43620,434.75,1959.3,123.1,14427.0781
43620,43680,435.63,1959.2,124.7,14480.4600
43680,43740,435.18,1959.8,123.2,14462.1045
43740,43800,434.30,1959.5,121.9,14405.7803
43800,43860,435.76,1959.3,122.3,14528.6377
43860,43920,435.93,1960.3,211.7,14460.3027
43920,43980,435.83,1960.5,156.5,14447.8906
43980,44040,435.38,1959.9,132.2,14423.5352
44040,44100,436.06,1960.2,133.5,14465.5371
44100,44160,434.45,1959.5,122.5,14375.5088
44160,44220,434.48,1959.4,124.5,14360.3037
44220,44280,435.39,1959.6,124.2,14430.9922
44280,44340,435.54,1959.2,129.1,14379.5586
44340,44400,434.48,1958.8,126.6,14383.2617
44400,44460,434.43,1958.7,122.4,14439.2754
44460,44520,434.91,1958.6,125.7,14390.8223
44520,44580,434.46,1958.8,123.2,14416.8271
44580,44640,434.82,1958.9,121.9,14396.1465
44640,44700,435.57,1958.8,124.8,14514.9590
44700,44760,435.45,1959.0,134.6,14399.7207
44760,44820,435.12,1958.6,146.7,14382.7480
44820,44880,434.52,1958.6,138.8,14422.9023
44880,44940,434.68,1959.2,125.7,14423.3555
44940,45000,433.87,1958.1,122.2,14418.3604
45000,45060,435.37,1958.6,123.1,14491.4453
45060,45120,434.05,1958.2,121.1,14406.7725
45120,45180,434.04,1958.2,123.4,14400.7012
