CampaignData_and_Merges/R0/CSL_MobileLab_Parked/raw/20240805/USOS-MetNav_MobileLabGround_20240805_R0.ict
44, 1001
Carrie Womack, Nate Howard, Mike Zucker
NOAA Chemical Sciences Laboratory
Mobile Lab MetNav Station
USOS
1, 1
2024, 08, 05, 2024, 12, 21
60
Time_Start, seconds_past_midnight, Seconds from midnight UTC
11
1, 1, 1, 1, 1, 1, 1, 1, 1, 1, 1
-9999, -9999, -9999, -9999, -9999, -9999, -9999, -9999, -9999, -9999, -9999
GPS_Alt_m, meters, Altitude from Differential GPS
GPS_Course_deg, degrees, Course from Differential GPS
GPS_GndSpd_m_s, m/s, Ground Speed from Differential GPS
GPS_Heading_deg, degrees, Heading from Differential GPS
GPS_Lat_deg, degrees, Latitude from Differential GPS
GPS_Lon_deg, degrees, Longitude from Differential GPS
AirTemp_C, Celsius, Air Temperature from Airmar
RelHumidity_pct, percent, Relative Humidity from Airmar
Pressure_mb, millibars, Pressure from Honeywell
WindDir_calc_deg, degrees, Wind Direction from Airmar corrected for van movement
WindSpd_calc_m_s, m/s, Wind Speed from Airmar corrected for van movement
1
SPECIAL COMMENTS:
18
PI_CONTACT_INFO: Address: 325 Broadway R/CSL7, Boulder, CO, 80305
PLATFORM: CSL Mobile Lab
LOCATION: Salt Lake City, UT
ASSOCIATED_DATA: N/A
INSTRUMENT_INFO: N/A
DATA_INFO: Units:
UNCERTAINTY: N/A
ULOD_FLAG: -7777
ULOD_VALUE: N/A
LLOD_FLAG: -8888
LLOD_VALUE: N/A
DM_CONTACT_INFO: Data Manager: Nate Howard
PROJECT_INFO: 
STIPULATIONS_ON_USE: Use of these data require prior ok from PI.
OTHER_COMMENTS: 
REVISION: R0
R0: Final data. Fixed bug in wind averaging code. RA: Preliminary Data. For in-field use only. 
Time_Start, GPS_Alt_m, GPS_Course_deg, GPS_GndSpd_m_s, GPS_Heading_deg, GPS_Lat_deg, GPS_Lon_deg, AirTemp_C, RelHumidity_pct, Pressure_mb, WindDir_calc_deg, WindSpd_calc_m_s
[from data line 1251]
75060.0,1309.9,1.69,0.04,1.69,40.73434,-111.87211,41.7,13.5,877.1,55.34,0.7
75120.0,1309.8,1.09,0.04,1.09,40.73434,-111.87211,41.7,13.7,877.1,86.88,1.1
75180.0,1309.6,1.63,0.04,1.63,40.73434,-111.87211,41.6,13.8,877.1,82.08,1.3
75240.0,1309.6,2.17,0.04,2.17,40.73434,-111.87211,41.5,13.7,877.0,78.80,0.9
75300.0,1309.6,2.35,0.04,2.35,40.73434,-111.87211,41.6,13.7,877.0,76.54,0.9
75360.0,1309.6,2.42,0.04,2.42,40.73434,-111.87211,41.6,13.4,877.0,332.67,0.1
75420.0,1309.7,1.91,0.04,1.91,40.73434,-111.87210,41.5,13.2,877.0,337.36,0.1
75480.0,1309.7,1.76,0.05,1.76,40.73434,-111.87210,41.2,13.1,877.0,358.48,0.3
75540.0,1309.7,1.76,0.04,1.76,40.73434,-111.87210,41.2,13.1,877.0,113.45,0.7
75600.0,1309.8,1.85,0.05,1.85,40.73434,-111.87210,41.1,13.8,877.0,105.34,1.2
75660.0,1309.8,2.69,0.05,2.69,40.73434,-111.87210,40.9,13.9,876.9,112.57,1.1
75720.0,1309.9,2.62,0.05,2.62,40.73434,-111.87210,40.7,14.4,876.9,96.87,1.0
75780.0,1309.8,2.23,0.05,2.23,40.73434,-111.87210,40.5,14.8,876.9,87.73,0.8
75840.0,1309.7,1.79,0.04,1.79,40.73434,-111.87210,40.4,15.0,876.9,95.17,0.9
75900.0,1309.8,1.30,0.05,1.30,40.73434,-111.87210,40.2,15.4,877.0,81.63,0.8
75960.0,1309.8,1.25,0.05,1.25,40.73434,-111.87210,40.0,15.0,877.0,73.61,0.7
76020.0,1309.8,1.40,0.05,1.40,40.73434,-111.87210,39.7,14.9,877.0,61.17,0.9
76080.0,1309.7,1.50,0.04,1.50,40.73434,-111.87210,39.6,15.1,877.0,97.19,0.6
76140.0,1309.6,1.80,0.05,1.80,40.73434,-111.87210,39.7,14.9,877.0,91.74,0.7
76200.0,1309.6,2.12,0.05,2.12,40.73434,-111.87210,39.6,14.8,877.0,79.32,0.5
76260.0,1309.4,2.14,0.05,2.14,40.73434,-111.87210,39.6,15.1,877.0,93.90,0.7
76320.0,1309.3,2.49,0.05,2.49,40.73434,-111.87210,39.6,14.7,877.0,99.59,0.5
76380.0,1309.3,2.27,0.04,2.27,40.73434,-111.87210,39.4,14.6,876.9,91.52,0.6
76440.0,1309.3,2.30,0.05,2.30,40.73434,-111.87210,39.5,14.8,876.9,101.60,0.8
76500.0,1309.3,2.23,0.05,2.23,40.73434,-111.87210,39.4,15.1,876.9,101.65,0.9
76560.0,1309.2,2.67,0.04,2.67,40.73434,-111.87210,39.3,15.4,876.9,77.72,0.6
76620.0,1309.2,3.19,0.04,3.19,40.73434,-111.87210,39.3,15.9,876.9,102.73,0.9
76680.0,1309.2,3.13,0.03,3.13,40.73434,-111.87210,39.1,15.9,876.9,62.67,0.7
76740.0,1309.1,2.88,0.06,2.88,40.73434,-111.87210,38.9,15.7,876.9,85.40,0.8
76800.0,1309.0,2.62,0.05,2.62,40.73434,-111.87210,38.8,15.8,876.9,82.35,0.6
76860.0,1308.9,2.60,0.05,2.60,40.73434,-111.87210,38.8,15.9,876.9,106.88,0.8
76920.0,1308.9,2.18,0.05,2.18,40.73434,-111.87210,38.9,15.5,876.9,113.47,0.8
76980.0,1308.8,1.97,0.05,1.97,40.73434,-111.87210,38.9,15.6,876.9,94.30,1.0
77040.0,1308.8,2.11,0.05,2.11,40.73434,-111.87210,39.0,15.9,876.9,111.75,1.1
77100.0,1308.8,2.09,0.05,2.09,40.73434,-111.87210,38.9,16.0,876.9,98.34,0.9
77160.0,1308.8,1.77,0.05,1.77,40.73434,-111.87210,38.9,15.8,877.0,134.97,1.4
77220.0,1308.7,1.47,0.05,1.47,40.73434,-111.87210,38.8,15.1,877.0,159.58,1.9
77280.0,1308.7,1.94,0.04,1.94,40.73434,-111.87210,38.8,14.8,877.0,165.19,1.9
77340.0,1308.6,1.99,0.05,1.99,40.73434,-111.87210,38.7,15.1,876.9,154.17,2.1
77400.0,1308.5,2.27,0.05,2.27,40.73434,-111.87210,38.6,15.2,876.9,173.19,1.7
77460.0,1308.4,2.43,0.05,2.43,40.73434,-111.87210,38.6,15.2,876.9,133.04,1.4
77520.0,1308.3,2.67,0.04,2.67,40.73434,-111.87210,38.4,15.5,876.9,117.63,1.5
77580.0,1308.2,2.27,0.05,2.27,40.73434,-111.87210,38.3,15.9,877.0,128.13,1.5
77640.0,1308.2,2.30,0.05,2.30,40.73434,-111.87210,38.3,16.0,877.0,134.28,1.2
77700.0,1308.3,1.87,0.05,1.87,40.73434,-111.87210,38.2,15.7,877.0,159.97,1.5
77760.0,1308.3,1.92,0.05,1.92,40.73434,-111.87210,38.2,16.1,877.0,132.50,0.8
77820.0,1308.3,2.11,0.04,2.11,40.73433,-111.87210,38.3,16.3,877.0,149.07,0.9
77880.0,1308.3,1.97,0.05,1.97,40.73433,-111.87210,38.3,16.6,877.0,120.18,0.9
77940.0,1308.3,2.14,0.05,2.14,40.73433,-111.87211,38.3,16.4,877.0,127.82,0.6
78000.0,1308.3,1.97,0.04,1.97,40.73433,-111.87211,38.3,16.4,877.0,138.39,0.5
78060.0,1308.2,1.83,0.05,1.83,40.73433,-111.87211,38.3,16.4,877.1,132.96,0.5
78120.0,1308.2,1.65,0.05,1.65,40.73433,-111.87211,38.3,16.4,877.1,127.79,0.7
78180.0,1308.2,1.28,0.05,1.28,40.73433,-111.87211,38.3,16.4,877.1,131.46,0.5
78240.0,1308.4,1.41,0.05,1.41,40.73433,-111.87211,38.3,16.6,877.1,115.21,1.1
78300.0,1308.5,1.17,0.05,1.17,40.73433,-111.87211,38.2,16.7,877.1,125.51,1.2
78360.0,1308.6,1.22,0.06,1.22,40.73433,-111.87211,38.1,16.6,877.1,140.92,1.2
78420.0,1308.7,1.91,0.05,1.91,40.73433,-111.87211,38.1,16.7,877.1,155.90,1.1
78480.0,1308.6,1.98,0.05,1.98,40.73433,-111.87211,38.0,16.8,877.1,139.61,1.2
78540.0,1308.1,1.42,0.05,1.42,40.73433,-111.87210,38.0,17.0,877.2,128.50,1.2
78600.0,1308.2,1.21,0.05,1.21,40.73433,-111.87210,38.0,17.5,877.2,114.19,0.9
78660.0,1308.3,1.35,0.04,1.35,40.73433,-111.87210,37.9,17.4,877.2,147.97,1.3
78720.0,1308.5,1.89,0.04,1.89,40.73433,-111.87210,37.9,17.6,877.2,153.40,0.9
78780.0,1308.7,1.60,0.05,1.60,40.73433,-111.87210,37.8,17.9,877.2,185.49,0.7
78840.0,1308.8,1.15,0.05,1.15,40.73433,-111.87210,37.7,18.1,877.2,167.85,1.0
78900.0,1308.9,1.40,0.05,1.40,40.73433,-111.87210,37.6,17.9,877.2,155.03,0.9
78960.0,1308.9,1.99,0.04,1.99,40.73433,-111.87210,37.4,17.2,877.2,193.67,2.5
79020.0,1308.9,1.68,0.04,1.68,40.73433,-111.87211,37.4,17.7,877.3,156.32,0.5
79080.0,1309.0,1.69,0.04,1.69,40.73433,-111.87210,37.2,17.6,877.3,220.51,0.9
79140.0,1308.9,1.68,0.05,1.68,40.73433,-111.87210,37.2,17.3,877.3,152.34,0.7
79200.0,1308.9,1.71,0.05,1.71,40.73434,-111.87210,37.1,16.6,877.3,206.95,0.6
79260.0,1309.1,2.07,0.05,2.07,40.73434,-111.87210,37.1,16.4,877.3,197.01,0.7
79320.0,1309.1,1.36,0.05,1.36,40.73434,-111.87211,37.0,16.3,877.3,216.73,0.8
79380.0,1308.7,1.23,0.05,1.23,40.73434,-111.87210,37.0,16.4,877.3,150.01,0.3
79440.0,1308.3,0.98,0.05,0.98,40.73434,-111.87210,36.8,16.1,877.4,235.31,2.5
79500.0,1307.6,1.02,0.04,1.02,40.73434,-111.87210,36.8,16.0,877.4,180.95,0.4
79560.0,1307.3,0.92,0.05,0.92,40.73434,-111.87210,36.7,15.8,877.4,252.82,0.7
79620.0,1307.3,0.07,0.05,0.07,40.73434,-111.87210,36.6,15.5,877.4,211.56,1.2
79680.0,1307.1,0.09,0.05,0.09,40.73434,-111.87210,36.6,15.7,877.5,170.95,0.8
79740.0,1307.3,0.33,0.05,0.33,40.73434,-111.87210,36.5,15.6,877.6,262.84,0.5
79800.0,1307.2,0.04,0.05,0.04,40.73434,-111.87210,36.5,15.6,877.7,158.44,1.0
79860.0,1307.8,0.27,0.06,0.27,40.73434,-111.87210,36.3,15.6,877.8,179.24,2.4
79920.0,1308.6,0.30,0.05,0.30,40.73434,-111.87211,36.2,15.7,877.9,181.72,1.6
79980.0,1309.0,0.64,0.06,0.64,40.73434,-111.87211,36.1,15.8,878.0,175.19,1.0
80040.0,1309.3,0.85,0.05,0.85,40.73434,-111.87211,36.1,16.0,878.0,151.28,1.5
80100.0,1309.2,1.43,0.05,1.43,40.73434,-111.87211,35.9,16.0,878.1,162.33,2.4
80160.0,1309.2,1.02,0.04,1.02,40.73434,-111.87211,35.9,16.1,878.2,156.80,2.2
80220.0,1309.2,0.55,0.05,0.55,40.73434,-111.87211,35.5,16.7,878.3,146.50,4.2
80280.0,1309.3,0.43,0.05,0.43,40.73434,-111.87211,35.0,17.2,878.3,138.66,5.0
80340.0,1309.6,0.63,0.06,0.63,40.73434,-111.87211,34.7,16.2,878.2,133.84,5.0
80400.0,1309.6,0.74,0.05,0.74,40.73434,-111.87211,34.2,16.2,878.3,111.11,5.3
80460.0,1309.4,0.79,0.05,0.79,40.73434,-111.87211,34.1,16.1,878.3,120.24,3.5
80520.0,1309.4,1.06,0.05,1.06,40.73434,-111.87211,34.0,16.3,878.3,121.95,3.0
80580.0,1309.5,1.18,0.05,1.18,40.73434,-111.87211,34.0,15.9,878.4,160.86,2.4
80640.0,1309.5,0.80,0.04,0.80,40.73434,-111.87211,34.2,15.8,878.7,200.81,1.5
80700.0,1309.4,0.70,0.05,0.70,40.73434,-111.87211,34.2,15.7,878.8,157.94,2.1
80760.0,1309.5,0.68,0.05,0.68,40.73434,-111.87211,34.0,15.8,878.8,152.89,4.7
80820.0,1309.7,0.82,0.06,0.82,40.73434,-111.87211,33.9,16.2,879.0,167.90,3.3
80880.0,1309.4,1.06,0.07,1.06,40.73434,-111.87211,33.6,16.9,879.7,213.13,4.9
80940.0,1309.4,1.44,0.06,1.44,40.73434,-111.87211,33.3,17.3,879.6,204.13,4.5
81000.0,1310.0,1.08,0.05,1.08,40.73434,-111.87211,33.0,17.8,879.3,233.89,3.4
81060.0,1309.9,0.77,0.05,0.77,40.73434,-111.87211,32.8,17.9,879.3,245.19,2.7
81120.0,1309.8,0.70,0.05,0.70,40.73434,-111.87211,32.5,18.3,879.2,315.15,0.4
81180.0,1309.7,0.56,0.05,0.56,40.73434,-111.87211,32.5,17.7,878.7,126.11,0.6
81240.0,1309.8,0.51,0.05,0.51,40.73434,-111.87211,32.4,17.7,878.5,93.02,0.6
81300.0,1309.9,0.87,0.05,0.87,40.73434,-111.87211,32.4,18.1,878.4,109.83,1.2
81360.0,1309.9,0.85,0.04,0.85,40.73434,-111.87211,32.3,17.6,878.3,92.42,0.6
81420.0,1309.8,0.78,0.05,0.78,40.73434,-111.87211,32.4,17.9,878.2,114.83,0.8
81480.0,1309.8,0.76,0.05,0.76,40.73434,-111.87211,32.4,17.8,878.0,119.05,1.1
81540.0,1309.8,0.64,0.04,0.64,40.73434,-111.87211,32.4,18.0,877.8,104.43,0.9
81600.0,1309.8,0.52,0.04,0.52,40.73434,-111.87211,32.5,17.6,877.7,81.69,0.7
81660.0,1309.6,0.66,0.05,0.66,40.73434,-111.87211,32.5,17.3,877.6,112.89,0.8
81720.0,1309.4,0.61,0.05,0.61,40.73434,-111.87211,32.6,17.2,877.4,111.90,1.0
81780.0,1309.4,0.41,0.05,0.41,40.73434,-111.87211,32.6,17.9,877.4,109.74,2.4
81840.0,1309.5,0.69,0.05,0.69,40.73433,-111.87211,32.6,17.7,877.3,106.47,1.6
81900.0,1309.4,1.03,0.04,1.03,40.73434,-111.87211,32.7,17.9,877.3,116.47,0.8
81960.0,1309.4,1.25,0.05,1.25,40.73434,-111.87211,32.8,17.3,877.3,88.71,0.7
82020.0,1309.4,1.49,0.06,1.49,40.73434,-111.87211,33.0,17.0,877.3,84.03,0.7
82080.0,1309.4,2.01,0.06,2.01,40.73434,-111.87211,33.2,16.7,877.3,81.17,0.7
82140.0,1309.4,2.20,0.05,2.20,40.73434,-111.87211,33.4,16.5,877.3,106.35,1.4
82200.0,1309.4,1.54,0.06,1.54,40.73434,-111.87211,33.6,16.6,877.2,87.36,0.5
82260.0,1309.3,1.33,0.05,1.33,40.73434,-111.87211,33.7,16.4,877.2,62.90,0.7
82320.0,1309.2,1.39,0.04,1.39,40.73434,-111.87211,33.9,16.4,877.2,111.34,1.3
82380.0,1309.3,1.58,0.04,1.58,40.73434,-111.87211,34.1,16.1,877.2,61.87,0.7
82440.0,1309.6,1.98,0.04,1.98,40.73434,-111.87211,34.3,16.4,877.3,101.68,0.8
82500.0,1310.1,1.95,0.05,1.95,40.73434,-111.87211,34.5,16.6,877.3,117.35,1.0
82560.0,1310.2,2.08,0.04,2.08,40.73434,-111.87210,34.6,16.1,877.3,64.69,0.7
82620.0,1310.2,2.01,0.04,2.01,40.73434,-111.87210,34.7,16.6,877.3,88.87,0.8
82680.0,1310.3,1.76,0.05,1.76,40.73434,-111.87210,35.0,16.4,877.3,100.42,0.7
82740.0,1310.4,1.91,0.04,1.91,40.73434,-111.87210,35.1,16.2,877.3,87.66,0.9
82800.0,1310.3,2.06,0.05,2.06,40.73434,-111.87210,35.3,16.2,877.3,115.77,1.3
82860.0,1310.1,1.72,0.04,1.72,40.73434,-111.87211,35.4,16.2,877.3,98.66,1.0
82920.0,1309.5,1.32,0.04,1.32,40.73434,-111.87211,35.7,16.0,877.3,112.51,1.2
82980.0,1309.4,1.87,0.05,1.87,40.73434,-111.87211,35.8,16.4,877.2,113.98,1.5
83040.0,1309.5,2.08,0.05,2.08,40.73434,-111.87211,36.0,16.1,877.2,110.50,1.2
83100.0,1309.3,1.82,0.05,1.82,40.73434,-111.87211,36.2,15.9,877.1,125.39,1.6
83160.0,1309.5,1.52,0.05,1.52,40.73434,-111.87211,36.3,16.1,877.0,124.43,1.6
83220.0,1309.8,1.25,0.05,1.25,40.73434,-111.87211,36.4,16.6,877.2,112.37,2.1
83280.0,1310.0,1.13,0.05,1.13,40.73434,-111.87211,36.3,16.6,877.2,113.94,2.6
83340.0,1310.1,1.33,0.05,1.33,40.73434,-111.87211,36.3,16.2,877.2,113.31,2.6
83400.0,1310.0,1.50,0.05,1.50,40.73434,-111.87210,36.3,16.4,877.2,112.87,3.0
83460.0,1309.8,1.74,0.05,1.74,40.73434,-111.87210,36.3,17.4,877.2,114.20,2.1
83520.0,1310.0,1.62,0.05,1.62,40.73434,-111.87211,36.3,16.8,877.2,115.79,2.2
83580.0,1310.2,1.45,0.05,1.45,40.73434,-111.87211,36.3,16.0,877.1,111.18,2.0
83640.0,1310.1,1.29,0.05,1.29,40.73434,-111.87211,36.4,15.2,877.1,123.92,2.1
83700.0,1310.2,1.76,0.05,1.76,40.73434,-111.87211,36.3,15.8,877.1,128.38,2.7
83760.0,1310.3,1.63,0.05,1.63,40.73434,-111.87210,36.0,16.4,877.1,116.70,3.1
83820.0,1310.2,1.79,0.04,1.79,40.73434,-111.87210,36.0,16.2,877.1,111.67,1.9
83880.0,1309.5,1.41,0.05,1.41,40.73434,-111.87211,35.9,16.1,877.1,113.57,2.2
83940.0,1309.2,1.98,0.05,1.98,40.73433,-111.87211,35.7,16.3,877.1,115.36,2.7
84000.0,1309.1,2.16,0.04,2.16,40.73433,-111.87211,35.6,16.3,877.1,118.46,2.6
84060.0,1309.0,2.31,0.05,2.31,40.73433,-111.87211,35.6,16.1,877.1,116.74,2.1
84120.0,1309.0,1.94,0.04,1.94,40.73433,-111.87211,35.5,16.1,877.1,115.75,2.6
84180.0,1309.1,1.87,0.04,1.87,40.73433,-111.87211,35.5,16.3,877.1,116.70,2.6
84240.0,1309.0,1.63,0.04,1.63,40.73433,-111.87211,35.5,17.0,877.1,113.43,1.8
84300.0,1309.0,2.19,0.04,2.19,40.73433,-111.87211,35.6,17.6,877.1,113.21,1.5
84360.0,1309.0,2.12,0.04,2.12,40.73433,-111.87211,35.7,17.5,877.1,113.03,1.4
84420.0,1309.0,2.32,0.04,2.32,40.73433,-111.87211,35.8,17.7,877.1,111.87,1.3
84480.0,1309.1,2.50,0.05,2.50,40.73433,-111.87211,35.7,16.8,877.1,117.73,1.9
84540.0,1309.0,2.29,0.04,2.29,40.73433,-111.87211,35.8,16.6,877.1,115.94,2.1
84600.0,1309.0,2.57,0.04,2.57,40.73433,-111.87211,35.9,16.8,877.1,116.93,1.7
84660.0,1309.0,2.41,0.04,2.41,40.73433,-111.87211,35.9,17.0,877.1,114.41,1.9
84720.0,1308.9,1.86,0.04,1.86,40.73433,-111.87211,36.1,16.3,877.1,110.93,1.5
84780.0,1308.9,2.03,0.04,2.03,40.73433,-111.87211,36.2,15.1,877.1,112.35,1.9
84840.0,1309.0,2.65,0.05,2.65,40.73433,-111.87211,36.3,15.2,877.1,117.24,1.8
84900.0,1309.1,2.66,0.04,2.66,40.73433,-111.87211,36.4,15.7,877.1,124.21,2.3
84960.0,1309.2,2.63,0.04,2.63,40.73433,-111.87211,36.5,15.4,877.1,112.40,1.9
85020.0,1309.2,1.92,0.04,1.92,40.73433,-111.87211,36.7,16.5,877.1,122.38,2.4
85080.0,1309.1,1.59,0.05,1.59,40.73434,-111.87211,36.6,15.8,877.1,119.39,3.5
85140.0,1309.3,1.72,0.05,1.72,40.73433,-111.87211,36.7,15.3,877.1,125.51,2.0
85200.0,1309.2,1.72,0.05,1.72,40.73434,-111.87211,36.7,16.3,877.0,116.52,2.5
85260.0,1309.1,1.55,0.05,1.55,40.73434,-111.87211,36.7,16.9,877.0,114.64,2.6
85320.0,1309.0,1.10,0.04,1.10,40.73434,-111.87211,36.6,15.9,877.0,138.77,4.2
85380.0,1308.9,1.13,0.05,1.13,40.73434,-111.87211,36.6,15.8,877.0,131.16,3.7
85440.0,1308.8,1.57,0.05,1.57,40.73434,-111.87211,36.6,15.4,877.0,142.85,3.1
85500.0,1308.7,1.69,0.06,1.69,40.73434,-111.87211,36.6,16.4,877.0,121.72,3.4
85560.0,1308.6,1.85,0.05,1.85,40.73434,-111.87211,36.5,14.7,876.9,125.07,2.7
85620.0,1308.6,2.03,0.05,2.03,40.73434,-111.87211,36.7,15.3,876.9,123.85,2.1
85680.0,1308.6,1.85,0.05,1.85,40.73434,-111.87211,36.8,16.9,876.9,110.14,1.4
85740.0,1308.6,2.25,0.05,2.25,40.73434,-111.87211,36.8,15.2,876.5,117.64,2.0
85800.0,1308.5,1.92,0.05,1.92,40.73434,-111.87211,36.8,14.7,876.5,111.33,1.5
85860.0,1308.6,1.99,0.04,1.99,40.73434,-111.87211,37.0,15.2,876.8,113.69,1.5
85920.0,1308.2,1.52,0.05,1.52,40.73434,-111.87211,37.2,14.6,876.8,110.66,1.3
85980.0,1308.4,1.12,0.05,1.12,40.73433,-111.87211,37.3,15.2,876.8,112.56,1.8
86040.0,1308.4,1.30,0.04,1.30,40.73434,-111.87211,37.2,15.2,876.8,106.91,1.7
86100.0,1308.1,1.32,0.05,1.32,40.73434,-111.87211,37.3,15.1,876.8,106.43,1.3
86160.0,1308.2,1.27,0.04,1.27,40.73434,-111.87211,37.4,15.2,877.1,133.96,2.2
86220.0,1308.0,1.11,0.05,1.11,40.73434,-111.87211,37.5,15.3,877.0,133.89,2.5
86280.0,1308.1,1.44,0.04,1.44,40.73434,-111.87211,37.2,15.6,877.1,112.54,3.1
86340.0,1308.0,1.90,0.04,1.90,40.73434,-111.87211,37.2,16.3,877.1,126.20,2.7
