CampaignData_and_Merges/R0/CSL_MobileLab_Parked/raw/20240805/USOS-POPS_MobileLabGround_20240805_R0.ict
78, 1001
Thornberry, T. D.
NOAA Chemical Sciences Laboratory
Portable Optical Particle Spectrometer (POPS)
USOS
1, 1
2024, 08, 05, 2025, 05, 08
60
Time_Start, seconds_past_midnight, Start time of measurement
45
1, 1, 1, 1, 1, 1, 1, 1, 1, 1, 1, 1, 1, 1, 1, 1, 1, 1, 1, 1, 1, 1, 1, 1, 1, 1, 1, 1, 1, 1, 1, 1, 1, 1, 1, 1, 1, 1, 1, 1, 1, 1, 1, 1, 1
-9999, -9999, -9999, -9999, -9999, -9999, -9999, -9999, -9999, -9999, -9999, -9999, -9999, -9999, -9999, -9999, -9999, -9999, -9999, -9999, -9999, -9999, -9999, -9999, -9999, -9999, -9999, -9999, -9999, -9999, -9999, -9999, -9999, -9999, -9999, -9999, -9999, -9999, -9999, -9999, -9999, -9999, -9999, -9999, -9999
Time_Stop, seconds_past_midnight, Stop time of measurement
Time_Mid, seconds_past_midnight, Mid time of measurement
Press_mb, mb, Pressure reported (mb)
Temp_C, degrees C, POPS temperature measurement
Aerosol_concentration, cm^-3, Aerosol concentration
Surface_Area_Conc, um^2 cm^-3, Surface area concentration
Volume_density, um^3 cm^-3, Volume density
Effective_radius, um, Effective radius
Extinction, km^-1, Extinction
Bin01, cm^-3, particle concentration in size range [1401 - 146.3 nm]
Bin02, cm^-3, particle concentration in size range [146.3 - 152.8 nm]
Bin03, cm^-3, particle concentration in size range [152.8 - 159.6 nm]
Bin04, cm^-3, particle concentration in size range [159.6 - 166.8 nm]
Bin05, cm^-3, particle concentration in size range [166.8 - 174.2 nm]
Bin06, cm^-3, particle concentration in size range [174.2 - 181.9 nm]
Bin07, cm^-3, particle concentration in size range [181.9 - 190.0 nm]
Bin08, cm^-3, particle concentration in size range [190.0 - 198.5 nm]
Bin09, cm^-3, particle concentration in size range [198.5 - 207.4 nm]
Bin10, cm^-3, particle concentration in size range [207.4 - 216.6 nm]
Bin11, cm^-3, particle concentration in size range [216.6 - 226.2 nm]
Bin12, cm^-3, particle concentration in size range [226.2 - 236.3 nm]
Bin13, cm^-3, particle concentration in size range [236.3 - 246.8 nm]
Bin14, cm^-3, particle concentration in size range [246.8 - 257.8 nm]
Bin15, cm^-3, particle concentration in size range [257.8 - 269.3 nm]
Bin16, cm^-3, particle concentration in size range [269.3 - 343.4 nm]
Bin17, cm^-3, particle concentration in size range [343.4 - 450.7 nm]
Bin18, cm^-3, particle concentration in size range [450.7 - 525.9 nm]
Bin19, cm^-3, particle concentration in size range [525.9 - 618.5 nm]
Bin20, cm^-3, particle concentration in size range [618.5 - 710.0 nm]
Bin21, cm^-3, particle concentration in size range [710.0 - 822.7 nm]
Bin22, cm^-3, particle concentration in size range [822.7 - 885.9 nm]
Bin23, cm^-3, particle concentration in size range [885.9 - 953.9 nm]
Bin24, cm^-3, particle concentration in size range [953.9 - 1027.2 nm]
Bin25, cm^-3, particle concentration in size range [1027.2 - 1106.1 nm]
Bin26, cm^-3, particle concentration in size range [1106.1 - 1191.0 nm]
Bin27, cm^-3, particle concentration in size range [1191.0 - 1282.5 nm]
Bin28, cm^-3, particle concentration in size range [1282.5 - 1381.0 nm]
Bin29, cm^-3, particle concentration in size range [1381.0 - 1487.1 nm]
Bin30, cm^-3, particle concentration in size range [1487.1 - 1601.3 nm]
Bin31, cm^-3, particle concentration in size range [1601.3 - 1724.3 nm]
[...]
PLATFORM: NOAA CSL Mobile Lab
LOCATION: USOS
ASSOCIATED_DATA: N/A
INSTRUMENT_INFO: Printed Optical Particle Spectrometer counts particles from 140 - 2500 nm in diameter 
DATA_INFO: Particle concentrations reported in number per cubic centimeter,1 Hz data
UNCERTAINTY: Counting uncertainty dominated by air flow, less than 5 percent. Measurement range is ~0 - 3000 per cm3 (varies depending on flow rate- manufacturer quotes 1250 per cm3 at 1.667 cc/s)
ULOD_FLAG: -7777
ULOD_VALUE: N/A
LLOD_FLAG: -8888
LLOD_VALUE: N/A
DM_CONTACT_INFO: Troy Thornberry, 325 Broadway R/CSL6, Boulder, CO 80305; troy.thornberry@noaa.gov; 303-497-3373
PROJECT_INFO: USOS, Utah POPS data from NOAA CSL Mobile Lab
STIPULATIONS_ON_USE: Please contact the PIs for questions regarding applications and uncertainties
OTHER_COMMENTS: POPS bin Edges (nm):  140.1, 146.3, 152.8, 159.6, 166.8, 174.2, 181.9, 190.0, 198.5, 207.4, 216.6, 226.2, 236.3, 246.8, 257.8, 269.3, 343.4, 450.7, 525.9, 618.5, 710.0, 822.7, 885.9, 953.9, 1027.2, 1106.1, 1191.0, 1282.5, 1381.0, 1487.1, 1601.3, 1724.3, 1856.7, 1999.3, 2152.8, 2318.2, 2496.2
Calculations assume organic aerosol refractive index of 1.52+0.00j and extinction wavelength = 532 nm
REVISION: R0
R0: Final data
Time_Start, Time_Stop, Time_Mid, Press_mb, Temp_C, Aerosol_concentration, Surface_Area_Conc, Volume_density, Effective_radius, Extinction, Bin01, Bin02, Bin03, Bin04, Bin05, Bin06, Bin07, Bin08, Bin09, Bin10, Bin11, Bin12, Bin13, Bin14, Bin15, Bin16, Bin17, Bin18, Bin19, Bin20, Bin21, Bin22, Bin23, Bin24, Bin25, Bin26, Bin27, Bin28, Bin29, Bin30, Bin31, Bin32, Bin33, Bin34, Bin35, Bin36
[from data line 683]
40980,41039,41010,872.380,33.238,208.031,29.845,2.001,0.192,0.008,27.589960,24.103987,21.078922,18.269733,16.845299,13.284604,11.345649,10.125452,8.549302,7.309543,6.899521,6.718070,6.108006,5.619526,4.463179,13.111164,4.439673,1.145161,0.483727,0.111634,0.067011,0.072400,0.027419,0.028174,0.033624,0.000000,0.005708,0.028148,0.016651,0.016376,0.022247,0.022155,0.016856,0.017029,0.010984,0.044560
41040,41099,41070,872.385,33.372,210.794,30.215,2.014,0.193,0.008,28.380049,24.366255,20.648418,18.858963,16.366390,13.804929,11.648733,10.529840,8.612353,7.499688,7.000733,6.702661,6.019351,5.649864,4.561960,13.347414,4.505275,1.142937,0.600141,0.112221,0.068597,0.034190,0.033580,0.017069,0.033728,0.027917,0.017122,0.011126,0.033782,0.022593,0.034118,0.045269,0.017087,0.011327,0.005785,0.022852
41100,41159,41130,872.398,33.408,208.190,30.021,1.941,0.187,0.008,27.521385,24.270042,20.359531,18.557135,15.403347,13.915927,12.036131,9.977768,8.558448,7.550530,6.932773,6.492535,6.411513,5.691854,4.547647,13.172174,4.494707,1.190695,0.489610,0.139273,0.050931,0.054668,0.061779,0.038285,0.021847,0.038853,0.033237,0.011208,0.022218,0.005482,0.038546,0.021738,0.038987,0.005537,0.016895,0.017143
41160,41219,41190,872.409,33.290,207.225,29.400,1.835,0.181,0.008,27.236542,24.696255,20.770079,18.575001,15.863330,13.595477,11.549873,9.464325,8.503397,7.691442,7.032356,6.405765,5.939054,5.403625,4.706645,13.334744,4.330226,1.059445,0.477949,0.133493,0.106078,0.071798,0.022395,0.027401,0.016785,0.011377,0.022463,0.022170,0.011130,0.010861,0.044809,0.028012,0.027446,0.016931,0.011263,0.005482
41220,41279,41250,872.408,33.278,207.610,29.563,1.836,0.182,0.008,27.832680,24.044834,20.007786,18.411930,15.742876,13.441675,11.441490,10.233708,8.951027,7.604001,7.251487,6.660100,6.466185,5.376064,4.275909,13.232918,4.259204,1.330369,0.525296,0.130360,0.068210,0.040092,0.023163,0.022358,0.022435,0.021959,0.011096,0.022175,0.022686,0.017145,0.039707,0.022611,0.005669,0.028316,0.011437,0.011491
41280,41339,41310,872.435,33.382,207.718,30.031,1.949,0.189,0.008,27.669762,23.709995,20.475994,18.687298,16.125483,14.027287,11.391603,9.838827,8.521991,7.222710,6.905411,6.250819,6.202114,6.201611,4.424034,13.264855,4.403608,1.330730,0.493759,0.093784,0.066117,0.032954,0.033539,0.039013,0.044844,0.027245,0.022295,0.016557,0.022072,0.050138,0.022262,0.022423,0.038413,0.016597,0.011302,0.011038
41340,41399,41370,872.437,33.478,208.863,29.921,1.888,0.184,0.008,27.198009,24.196968,20.667326,18.609018,16.182396,13.820210,11.956204,10.040991,8.793111,7.463123,7.130106,6.564147,6.150678,5.582185,4.491557,13.165548,4.400155,1.296035,0.627194,0.106260,0.065845,0.038924,0.033755,0.016366,0.016957,0.016612,0.033551,0.027812,0.022196,0.032991,0.027657,0.027883,0.033386,0.005429,0.016897,0.005747
41400,41459,41430,872.453,33.430,206.307,30.388,2.216,0.210,0.008,27.489325,23.487827,20.755758,18.096319,15.573339,14.516744,11.490764,10.020495,8.801411,7.547526,6.608609,6.423675,6.177337,5.436692,4.493240,12.492146,4.472795,1.288885,0.501524,0.118076,0.051203,0.080057,0.011589,0.033324,0.005726,0.033643,0.039541,0.034178,0.011045,0.033700,0.056211,0.034055,0.011321,0.022440,0.022516,0.033751
41460,41519,41490,872.481,33.505,205.603,29.937,2.006,0.193,0.008,27.373735,23.897449,20.264238,18.414331,15.841705,13.377044,11.546311,9.770689,8.328528,7.493500,6.793246,6.417290,6.009586,5.566483,4.828650,13.058397,4.358651,1.126398,0.543050,0.099342,0.065933,0.055626,0.022027,0.027497,0.022219,0.049973,0.021787,0.033872,0.039052,0.022777,0.033444,0.011005,0.022213,0.022270,0.016898,0.027807
41520,41579,41550,872.488,33.519,206.578,30.209,2.126,0.202,0.008,27.194044,23.680506,20.787081,18.006464,15.855841,13.680295,11.645593,10.052460,8.961378,7.537021,6.845976,6.495587,5.983228,5.452539,4.474699,13.085032,4.579198,1.181079,0.445300,0.094857,0.122454,0.027964,0.038874,0.028047,0.039315,0.011132,0.038829,0.005359,0.027639,0.038782,0.050445,0.038699,0.016503,0.011357,0.016715,0.027601
41580,41639,41610,872.468,33.572,205.677,29.086,1.773,0.177,0.008,27.343586,23.882757,20.361755,18.734877,15.799938,13.934108,11.523335,9.438388,8.517836,7.377763,6.777147,6.072860,5.733951,5.956232,4.453238,13.448368,4.094176,1.207811,0.537811,0.077649,0.088477,0.038790,0.016484,0.033155,0.033490,0.022095,0.011094,0.016430,0.016493,0.000000,0.050102,0.016328,0.027756,0.005727,0.011130,0.016347
41640,41699,41670,872.473,33.495,205.650,29.928,2.006,0.192,0.008,26.982307,24.036863,20.754913,17.637440,15.481312,13.509211,11.965933,9.881756,8.714938,7.420629,6.447281,6.578217,6.314551,5.396479,4.424008,13.260846,4.332203,1.319897,0.550433,0.128067,0.110561,0.039611,0.033483,0.038373,0.027812,0.034008,0.027625,0.027847,0.011135,0.021684,0.045256,0.033230,0.016913,0.005359,0.017007,0.022424
41700,41759,41730,872.490,33.266,206.376,30.255,2.140,0.202,0.008,27.475840,23.573608,20.736904,18.818508,15.873527,13.262285,11.916039,10.051145,8.503805,7.659723,6.347917,6.202355,6.084854,5.549408,4.301589,13.218676,4.464261,1.182293,0.528887,0.095640,0.088649,0.033767,0.060771,0.039748,0.027758,0.027507,0.016528,0.005631,0.039443,0.016414,0.044168,0.028088,0.022307,0.022494,0.038970,0.016476
41760,41819,41790,872.480,33.284,207.687,29.938,2.024,0.196,0.008,27.696787,23.553356,21.566931,18.274767,16.015505,13.325550,11.349625,10.334391,8.609062,7.525764,6.977297,6.592666,6.173631,5.658339,4.694201,12.733403,4.237307,1.257010,0.508495,0.106183,0.089874,0.055692,0.055722,0.022276,0.044203,0.022613,0.017123,0.005747,0.010965,0.016413,0.049631,0.033704,0.011174,0.011225,0.033379,0.016937
41820,41879,41850,872.475,33.283,207.226,30.140,2.069,0.200,0.008,27.420288,23.954473,20.818743,19.084219,15.830285,13.691360,11.784028,9.617828,8.296955,7.406384,6.976045,6.319741,6.156022,5.573589,4.517600,12.965185,4.474902,1.209197,0.522014,0.138549,0.066278,0.056392,0.033143,0.027936,0.005708,0.028203,0.022365,0.016130,0.033113,0.022220,0.039696,0.022491,0.027582,0.016651,0.027998,0.022481
41880,41939,41910,872.477,33.358,206.166,29.578,1.892,0.186,0.008,27.706768,23.732115,20.279528,18.292131,15.837138,13.476169,11.635626,10.274872,8.464188,6.970656,7.008072,6.553389,6.176038,5.720715,4.607217,12.959430,4.100780,1.239927,0.549889,0.116078,0.072490,0.016786,0.049176,0.033455,0.011038,0.038453,0.038155,0.022293,0.027867,0.028213,0.044045,0.028009,0.028371,0.016237,0.000000,0.010999
41940,41999,41970,872.471,33.506,205.384,28.767,1.693,0.171,0.007,27.175829,24.065411,20.812555,18.082504,15.580275,13.476731,11.565297,10.085925,8.450520,7.535078,7.030535,6.491617,5.843143,5.606595,4.366582,12.676821,4.282200,1.200835,0.508424,0.120424,0.116371,0.033632,0.021988,0.039056,0.027221,0.027273,0.000000,0.027462,0.022176,0.022229,0.039341,0.033727,0.005464,0.000000,0.005464,0.005447
42000,42059,42030,872.458,33.477,204.935,29.229,1.853,0.182,0.008,27.409426,23.703857,20.422173,18.117361,15.919485,13.905710,11.486729,10.016124,8.750079,7.437089,6.708652,5.992710,5.946992,5.555418,4.352160,12.647357,4.353167,1.203264,0.481961,0.093842,0.049773,0.055355,0.033422,0.038852,0.022232,0.016342,0.016724,0.027834,0.027563,0.027554,0.038640,0.010948,0.016541,0.016808,0.000000,0.032637
42060,42119,42090,872.446,33.370,207.268,30.412,2.222,0.212,0.008,26.808670,24.201963,20.480326,18.707397,16.009678,13.388938,11.476569,10.415503,8.872153,8.077164,6.810512,6.179168,5.883766,5.631445,4.222659,13.333185,4.462244,1.170951,0.484011,0.122215,0.083121,0.061126,0.044932,0.032531,0.034230,0.022235,0.022643,0.011321,0.022114,0.027562,0.027779,0.049723,0.011148,0.016961,0.039808,0.022394
42120,42179,42150,872.446,33.310,205.909,29.332,1.799,0.179,0.008,27.611620,23.820225,20.431839,18.321571,15.462338,13.638071,11.218209,10.071623,8.507847,7.588939,6.713228,6.584247,5.905541,5.728195,4.646625,12.934114,4.430588,1.249188,0.479226,0.095213,0.094784,0.050633,0.073246,0.034099,0.022477,0.033900,0.005631,0.016493,0.011299,0.005612,0.056211,0.016368,0.016524,0.000000,0.011020,0.022425
42180,42239,42210,872.443,33.239,206.502,29.321,1.746,0.175,0.008,27.633808,23.775541,20.263672,17.934399,16.043348,13.666254,11.860673,10.073643,8.640902,7.283473,6.954669,6.572765,5.930171,5.552386,4.497326,12.968211,4.618512,1.194095,0.476818,0.089272,0.055190,0.055601,0.078976,0.038646,0.010992,0.027636,0.033490,0.011210,0.044099,0.038763,0.027635,0.021983,0.000000,0.011320,0.016568,0.000000
42240,42299,42270,872.453,33.186,206.738,29.562,1.867,0.183,0.008,28.156744,23.533167,19.945494,18.202789,16.225637,13.865765,11.489536,10.076398,8.570355,7.789902,6.765717,6.704895,5.947577,5.408424,4.147460,13.200904,4.482070,1.217072,0.423170,0.090424,0.089797,0.050567,0.033902,0.022622,0.033502,0.051036,0.000000,0.027535,0.045215,0.022623,0.050639,0.028108,0.005726,0.016749,0.005557,0.011301
42300,42359,42330,872.438,33.199,206.794,28.974,1.646,0.163,0.007,26.999651,23.687656,20.418163,18.432796,16.280254,13.960408,11.225891,10.153693,8.659584,8.079916,6.700154,6.337438,5.887747,5.901449,4.280781,13.198062,4.533515,1.108176,0.439930,0.094585,0.083683,0.044805,0.033647,0.027985,0.027950,0.050556,0.022459,0.022275,0.017065,0.027825,0.005747,0.011282,0.011131,0.005482,0.005612,0.017047
42360,42419,42390,872.451,33.289,209.022,30.194,1.999,0.190,0.008,27.665495,24.246813,20.907930,18.155449,16.164753,13.493700,11.936872,10.126606,8.343267,7.803389,7.045089,6.367864,6.335522,5.810236,4.452354,13.424338,4.399652,1.244378,0.508602,0.083635,0.088927,0.038773,0.016575,0.049900,0.044780,0.027749,0.039178,0.022365,0.022051,0.039503,0.021753,0.033666,0.021973,0.005593,0.005464,0.027697
42420,42479,42450,872.457,33.451,207.554,29.471,1.804,0.177,0.008,27.522259,24.101847,20.640713,18.220568,15.825374,13.357457,11.227138,10.193113,8.750996,7.591516,6.982790,6.632233,5.833311,6.045767,4.547417,13.388723,4.401702,1.353260,0.445671,0.122189,0.076759,0.017086,0.038686,0.027720,0.032711,0.011016,0.010771,0.027971,0.011093,0.011188,0.027281,0.016696,0.005650,0.016742,0.016821,0.022072
42480,42539,42510,872.475,33.539,207.864,29.663,1.956,0.190,0.008,27.967148,24.200443,20.644964,18.181313,16.068907,13.692003,11.633954,10.237591,8.988454,7.800460,6.809773,6.629369,5.841671,5.427092,4.254043,13.004130,4.285883,1.134897,0.523164,0.083327,0.089402,0.022250,0.049453,0.055043,0.011302,0.028257,0.011033,0.021700,0.010823,0.028169,0.022286,0.027817,0.016522,0.022382,0.010965,0.027636
42540,42599,42570,872.486,33.408,207.742,29.539,1.856,0.180,0.008,27.141462,24.408075,21.034071,18.431316,16.383789,13.921743,11.984887,9.669843,8.497112,7.226653,6.996244,6.532096,6.203472,5.439200,4.142815,13.261685,4.343035,1.184270,0.398370,0.077170,0.105569,0.044390,0.049647,0.027525,0.010858,0.016709,0.011308,0.027298,0.005556,0.027422,0.060799,0.010897,0.017046,0.022274,0.005708,0.022078
42600,42659,42630,872.501,33.412,206.810,29.565,1.840,0.181,0.008,28.104061,23.884304,20.072134,18.076395,15.875105,13.456445,11.765821,10.269911,8.457764,7.599349,6.586555,6.672465,6.023019,5.370607,4.520207,13.443934,4.350714,1.179627,0.498467,0.115755,0.115334,0.039026,0.054578,0.028103,0.022457,0.011283,0.022382,0.005519,0.044778,0.038843,0.043939,0.022384,0.010949,0.000000,0.010772,0.017096
42660,42719,42690,872.495,33.489,206.512,29.781,1.972,0.193,0.008,27.508392,23.326975,20.787933,18.227961,15.704164,13.988563,11.720748,9.736498,8.887197,7.692535,7.025772,6.321361,6.097309,5.734019,4.394305,12.667694,4.452160,1.164418,0.452246,0.101513,0.089000,0.067383,0.028591,0.050424,0.022110,0.017033,0.027613,0.028142,0.021897,0.027798,0.061451,0.027720,0.011169,0.000000,0.011400,0.028118
42720,42779,42750,872.497,33.440,207.742,29.571,1.942,0.191,0.008,27.453478,24.346783,20.650440,18.744776,16.140608,13.480281,11.809154,10.132964,8.456223,7.922100,6.735384,6.316734,5.872752,5.511625,4.545485,13.007311,4.447687,1.115113,0.541996,0.083802,0.044653,0.060589,0.033416,0.055731,0.005556,0.022125,0.033515,0.021912,0.016592,0.011020,0.022501,0.038768,0.010788,0.011075,0.011319,0.027620
42780,42839,42810,872.503,33.290,207.705,29.791,1.889,0.182,0.008,26.794409,24.152069,20.400604,18.925211,15.852315,13.785378,11.692068,10.602872,8.769794,7.551850,6.659520,6.635483,5.976586,5.416351,4.338731,13.523785,4.375119,1.194304,0.526272,0.108258,0.034438,0.039020,0.045428,0.017107,0.045396,0.022241,0.011551,0.045630,0.022483,0.028036,0.016621,0.017122,0.033988,0.016990,0.017164,0.011263
42840,42899,42870,872.486,33.239,209.626,30.175,2.087,0.200,0.008,28.236387,24.739473,20.601051,18.328108,15.982801,13.761012,11.183592,10.313644,9.004088,7.748693,7.089057,6.659972,6.293017,5.628492,4.341086,12.999694,4.402326,1.285913,0.450465,0.050656,0.090526,0.068120,0.051497,0.039943,0.010938,0.034259,0.022240,0.005745,0.033595,0.022972,0.028023,0.056230,0.022781,0.005845,0.011007,0.022458
42900,42959,42930,872.494,33.398,210.737,30.543,2.053,0.192,0.008,27.910286,24.065506,21.876591,18.603638,16.360533,13.686032,12.011879,10.010458,9.044642,7.494023,6.908982,6.497740,6.267163,5.377972,4.330870,13.454336,4.392257,1.263710,0.608996,0.106718,0.088026,0.027594,0.016508,0.021983,0.038785,0.039136,0.005747,0.011286,0.044328,0.032756,0.044270,0.016183,0.011274,0.011038,0.022554,0.033524
42960,43019,42990,872.505,33.438,207.199,29.489,1.922,0.189,0.008,27.589417,24.301105,20.595610,17.984158,15.987190,13.753692,11.673123,9.966394,8.800957,7.257792,6.925333,6.690362,6.114444,5.536426,4.439444,13.106674,4.210052,1.203723,0.525209,0.099604,0.060839,0.071579,0.027561,0.039248,0.022161,0.033218,0.028092,0.011323,0.011131,0.027581,0.005411,0.038736,0.010877,0.011057,0.011130,0.027831
43020,43079,43050,872.508,33.322,206.940,29.734,1.887,0.183,0.008,26.865543,24.349352,20.249517,18.491663,15.938164,13.377162,11.740565,9.694630,8.655784,7.929527,6.788671,6.372423,6.210489,5.484711,4.565290,13.690708,4.155993,1.273603,0.567170,0.127820,0.066489,0.033214,0.066727,0.022131,0.039007,0.022102,0.005708,0.011190,0.005464,0.028065,0.016594,0.005537,0.022123,0.000000,0.039262,0.027290
43080,43139,43110,872.504,33.383,208.444,30.026,2.027,0.193,0.008,27.571939,24.207258,20.944647,18.308384,15.912030,13.863279,11.566154,10.299743,8.396707,7.762143,6.601372,6.599756,6.302424,5.728894,4.450072,13.235141,4.498183,1.179351,0.467336,0.072409,0.079074,0.044650,0.044452,0.044598,0.016676,0.033916,0.011357,0.028283,0.005482,0.027454,0.039405,0.033642,0.011106,0.005593,0.016695,0.033957
43140,43199,43170,872.520,33.269,207.400,30.093,2.052,0.196,0.008,27.966837,24.174923,20.590334,18.078535,16.365522,13.587622,10.791940,10.189991,8.863078,7.363578,6.813916,6.380600,6.038189,5.721990,4.310510,13.229951,4.617918,1.217156,0.547084,0.068776,0.074649,0.052103,0.005766,0.045138,0.034317,0.034502,0.017778,0.017034,0.033891,0.028710,0.022604,0.034635,0.023117,0.028648,0.000000,0.028549
43200,43259,43230,872.510,33.332,208.362,29.710,1.821,0.176,0.008,27.195515,23.752119,20.843534,18.216736,16.166071,13.638811,12.055057,10.149611,8.908778,7.564256,7.073411,6.725711,6.012408,5.430935,4.406298,13.223632,4.765641,1.149116,0.531936,0.116493,0.073196,0.038902,0.044309,0.021918,0.033346,0.044983,0.011378,0.033780,0.033428,0.011106,0.016786,0.022469,0.010983,0.005359,0.016783,0.016826
43260,43319,43290,872.516,33.200,210.380,31.174,2.247,0.206,0.009,27.715660,24.092491,20.387552,19.605860,16.116323,13.896163,11.414764,10.056861,8.978613,7.756454,6.885564,6.839159,5.984492,5.536316,4.402989,13.475713,4.762884,1.228928,0.584953,0.134010,0.050346,0.038858,0.027974,0.044929,0.043991,0.038666,0.011341,0.033659,0.027857,0.033371,0.044558,0.033721,0.027921,0.011111,0.027575,0.028046
