CampaignData_and_Merges/R0/CSL_MobileLab_Parked/raw/20240810/USOS-Picarro-CO2-CH4-CO-H2O_MobileLabGround_20240810_R0.ict
38, 1001
Ilana Pollack, Nell Schafer, and Jeff Peischl
NOAA Chemical Sciences Laboratory
Picarro 2401-m CO2/CH4/CO/H2O Analyzer
USOS
1, 1
2024, 08, 10, 2024, 11, 20
0
StartTime_UTC, seconds_past_midnight, seconds past midnight
5
1, 1, 1, 1, 1
-9999, -9999, -9999, -9999, -9999
StopTime_UTC, seconds_past_midnight, seconds past midnight
CO2_ppm_1min, ppm, Gas_CO2_InSitu_S_DMF, carbon dioxide mixing ratio
CH4_ppb_1min, ppb, Gas_CH4_InSitu_S_DMF, methane mixing ratio
CO_ppb_1min, ppb, Gas_CO_InSitu_S_DMF, carbon monoxide mixing ratio
H2O_ppmv_1min, ppmv, Met_H2OMRV_InSitu_S_AVMR, water vapor mixing ratio
1
SPECIAL COMMENTS: N/A
18
PI_CONTACT_INFO: Address: NOAA Chemical Sciences Laboratory, Mail Stop CSL7, 325 Broadway, Boulder, CO 80305; Email: Ilana.Pollack@noaa.gov
PLATFORM: NOAA CSL Mobile Laboratory
LOCATION: The mobile lab was stationed in Salt Lake City, Utah.
ASSOCIATED_DATA: N/A
INSTRUMENT_INFO: CO2, CH4, and CO are reported as dry air mole fractions using a commercial wavelength-scanned cavity ring-down analyzer (Picarro 2401-m). An in-field calibration gas standard of 432±0.07 ppm CO2, 2095±1 ppb CH4, and 183±1 ppb CO, calibrated in the Boulder laboratories before and after the field project using primary CO2, CH4, and CO standard tanks tied to the WMO standard (X2019, X2004A, and X2014A, respectively) from the Global Monitoring Laboratory (GML), was delivered to the inlet every 2-3 days to evaluate instrument sensitivity. A H2O measurement was calibrated before the project with a Dew Point Mirror 373 hygrometer. The water correction calculated from these calibrations was applied to the H2O measurement for the entire campaign. Species are measured at 0.5 Hz and reported as 1-minute averages for stationary measurements.
DATA_INFO: Units: CO2, ppm, dry air mole fraction; CH4, ppb, dry air mole fraction; CO, ppb, dry air mole fraction; H2O, ppmv
UNCERTAINTY: Total uncertainties are estimated as ±0.1 ppm for CO2, ±1 ppb for CH4, ±5 ppb for CO, and ±(50 ppm + 4%) for H2O.
ULOD_FLAG: -7777
ULOD_VALUE: N/A
LLOD_FLAG: -8888
LLOD_VALUE: N/A
DM_CONTACT_INFO: Data Manager: Nathan Howard; nathan.h.howard@noaa.gov
PROJECT_INFO: USOS Dates of Study: July – August 2024
STIPULATIONS_ON_USE: Use of these data require prior ok from PI.
OTHER_COMMENTS: Data are averaged to 1 minute intervals. Stationary data collected from a 10 ft tower on top of the mobile van.
REVISION: R0
R0: Final Data
StartTime_UTC, StopTime_UTC, CO2_ppm_1min, CH4_ppb_1min, CO_ppb_1min, H2O_ppmv_1min
[from data line 1127]
67620,67680,427.93,1949.3,143.9,13648.0117
67680,67740,428.56,1949.4,149.4,13826.1895
67740,67800,426.77,1949.2,141.8,13668.4277
67800,67860,426.31,1947.8,134.2,13338.3027
67860,67920,426.71,1948.0,142.1,13404.6143
67920,67980,426.41,1948.4,140.4,13449.0039
67980,68040,426.36,1948.0,135.8,13405.8428
68040,68100,426.80,1948.5,158.4,13527.6035
68100,68160,426.96,1948.8,147.5,13547.1582
68160,68220,426.93,1948.7,140.7,13481.5830
68220,68280,426.81,1949.1,147.2,13616.5361
68280,68340,427.94,1949.8,167.4,13704.8506
68340,68400,430.42,1951.2,163.0,14532.1133
68400,68460,434.07,1950.3,214.0,14036.3301
68460,68520,433.05,1949.5,187.3,14266.5127
68520,68580,428.81,1948.5,162.4,13764.7744
68580,68640,428.98,1948.4,155.8,13453.9814
68640,68700,429.72,1948.9,176.9,14340.7402
68700,68760,431.29,1948.9,174.6,13873.8877
68760,68820,428.97,1948.8,168.7,13547.7412
68820,68880,428.69,1949.9,156.7,13627.0967
68880,68940,430.31,1950.1,163.3,13704.1709
68940,69000,430.94,1950.2,168.9,13709.7861
69000,69060,428.64,1950.3,149.9,13818.0234
69060,69120,428.62,1950.5,156.5,13784.4160
69120,69180,428.72,1951.7,165.2,13846.8096
69180,69240,430.73,1951.2,175.3,14033.4785
69240,69300,427.89,1950.4,147.3,13937.5127
69300,69360,428.16,1950.4,145.1,14029.3857
69360,69420,428.15,1950.5,147.1,13989.1260
69420,69480,429.34,1952.4,156.7,14242.2773
69480,69540,430.26,1951.8,165.5,14616.9707
69540,69600,429.00,1951.3,160.2,14113.6357
69600,69660,428.21,1950.7,157.4,14070.4336
69660,69720,427.81,1949.3,150.3,13670.6035
69720,69780,428.24,1949.9,152.1,13696.6807
69780,69840,428.31,1950.3,155.4,13870.0107
69840,69900,427.69,1950.0,146.2,13785.8965
69900,69960,427.88,1949.9,144.9,13920.4541
69960,70020,427.91,1948.7,142.2,13569.4355
70020,70080,427.98,1949.4,145.8,13732.6416
70080,70140,429.20,1949.4,150.4,13730.5146
70140,70200,427.99,1949.6,149.9,13809.3838
70200,70260,428.16,1949.0,153.3,13879.9121
70260,70320,427.00,1949.0,146.9,13858.4502
70320,70380,428.24,1949.2,154.5,13545.2461
70380,70440,431.50,1949.8,175.5,13730.9482
70440,70500,433.67,1949.8,182.3,14087.7129
70500,70560,430.28,1950.1,160.9,13675.8330
70560,70620,431.57,1950.4,158.2,13831.8926
70620,70680,431.05,1950.0,167.6,13602.3750
70680,70740,430.63,1948.0,191.7,12843.4922
70740,70800,428.48,1946.5,147.2,12375.2158
70800,70860,427.99,1946.9,149.0,12359.2539
70860,70920,428.31,1947.5,145.2,12394.8799
70920,70980,433.40,1950.7,172.8,12989.6035
70980,71040,439.40,1952.6,199.4,13156.6123
71040,71100,429.89,1950.2,155.4,12878.3936
71100,71160,430.98,1950.7,159.0,13256.5742
71160,71220,431.43,1951.2,163.3,13336.8154
71220,71280,430.16,1949.8,157.1,13141.3291
71280,71340,429.18,1950.0,153.0,13132.2354
71340,71400,429.20,1950.6,151.2,13148.3594
71400,71460,429.45,1950.3,154.2,13150.5342
71460,71520,428.95,1949.5,146.6,13001.8584
71520,71580,429.29,1949.8,145.1,13047.7598
71580,71640,428.64,1949.8,144.1,13009.3506
71640,71700,429.12,1950.9,150.0,13185.5352
71700,71760,429.73,1951.4,164.2,13300.2832
71760,71820,430.31,1951.2,158.8,13406.1787
71820,71880,429.52,1950.7,148.1,13395.7139
71880,71940,431.22,1952.1,157.0,13387.5986
71940,72000,431.18,1954.0,156.9,13495.1309
72000,72060,431.16,1953.8,158.8,13678.6553
72060,72120,429.72,1952.1,152.9,13160.1279
72120,72180,427.42,1945.8,135.6,11874.3789
72180,72240,427.05,1942.7,124.7,11414.2559
72240,72300,425.84,1939.6,122.0,9962.5928
72300,72360,426.08,1939.5,124.1,9621.1309
72360,72420,425.23,1939.0,115.3,9639.3936
72420,72480,426.00,1941.3,118.4,10222.3975
72480,72540,425.78,1941.6,120.2,10068.3320
72540,72600,426.92,1944.6,128.1,10575.7539
72600,72660,427.01,1945.4,127.1,10711.1494
72660,72720,427.43,1946.6,132.8,11172.2275
72720,72780,426.84,1945.1,127.0,11877.7197
72780,72840,427.53,1947.7,132.1,14126.1855
72840,72900,427.96,1951.0,138.1,14959.1943
72900,72960,428.31,1956.0,145.2,15759.6924
72960,73020,428.96,1958.5,147.4,16719.2910
73020,73080,429.34,1959.7,152.5,18216.1582
73080,73140,429.33,1958.4,152.9,19616.5723
73140,73200,428.83,1958.3,152.1,18503.0449
73200,73260,428.43,1956.6,146.3,17927.9570
73260,73320,428.53,1952.2,138.6,17693.4707
73320,73380,434.63,1950.4,187.3,16997.8965
73380,73440,434.50,1950.6,204.4,16502.3848
73440,73500,427.73,1946.1,132.7,15305.6309
73500,73560,427.20,1947.1,135.8,16542.6211
73560,73620,428.67,1948.3,144.3,17379.4121
73620,73680,428.09,1950.4,142.5,18076.9297
73680,73740,428.74,1950.5,145.5,18826.1172
73740,73800,428.87,1948.4,140.8,17315.2559
73800,73860,430.76,1948.2,151.9,17454.0059
73860,73920,433.49,1948.2,190.2,18091.8223
73920,73980,434.20,1948.0,195.7,18194.0957
73980,74040,435.41,1949.2,193.1,19146.5098
74040,74100,433.32,1949.6,190.8,19200.1855
74100,74160,434.06,1951.1,189.0,19230.3887
74160,74220,433.90,1950.1,187.2,19251.6094
74220,74280,436.20,1951.4,226.9,19159.1250
74280,74340,430.56,1949.4,172.6,17386.4844
74340,74400,432.42,1954.5,160.9,17918.2227
74400,74460,433.95,1953.0,184.4,18737.4551
74460,74520,431.61,1951.1,190.9,17349.1855
74520,74580,433.35,1953.9,178.5,18591.6426
74580,74640,433.64,1954.4,164.9,17755.9199
74640,74700,431.74,1951.7,152.1,16330.5322
74700,74760,430.67,1949.5,156.7,15826.3027
74760,74820,429.64,1948.7,154.7,16340.4736
74820,74880,434.85,1949.0,171.6,16456.2051
74880,74940,434.25,1948.9,165.6,17103.6680
74940,75000,432.71,1948.8,167.6,16786.6523
75000,75060,433.48,1949.0,215.8,17287.0859
75060,75120,432.99,1948.3,154.2,17479.8711
75120,75180,430.41,1947.3,155.4,16970.3086
75180,75240,428.37,1946.5,150.8,16368.0938
75240,75300,426.72,1946.3,140.6,16714.6836
75300,75360,431.17,1947.1,146.2,16571.5137
75360,75420,427.82,1946.8,140.6,16373.7383
75420,75480,427.06,1946.0,140.5,15897.4795
75480,75540,426.27,1945.7,137.9,15874.7109
75540,75600,430.38,1946.4,171.7,15691.2246
75600,75660,429.03,1945.9,153.2,15767.1748
75660,75720,426.35,1945.7,147.6,15875.4229
75720,75780,426.31,1946.0,146.0,15931.0068
75780,75840,429.06,1946.6,166.3,15985.6602
75840,75900,427.17,1946.3,154.9,15662.5391
75900,75960,425.47,1945.8,144.0,15000.8740
75960,76020,430.55,1946.6,193.6,15424.7373
76020,76080,431.38,1947.1,197.4,16503.6035
76080,76140,433.32,1946.7,157.8,15837.0635
76140,76200,427.16,1945.2,139.4,14929.4170
76200,76260,427.36,1944.3,171.0,13990.5449
76260,76320,428.69,1943.9,138.0,14105.6094
76320,76380,426.32,1944.3,138.4,14054.4004
76380,76440,427.05,1945.3,166.5,14145.6592
76440,76500,425.74,1944.0,136.7,13759.6426
76500,76560,425.23,1943.8,133.3,13817.1885
76560,76620,424.45,1942.7,128.1,12866.1279
76620,76680,424.48,1943.0,128.3,13660.2100
76680,76740,424.33,1942.3,129.5,13528.1699
76740,76800,424.23,1941.6,124.3,12862.9883
76800,76860,424.26,1941.5,126.3,13236.4775
76860,76920,424.44,1941.2,129.9,12832.4658
76920,76980,424.72,1941.4,128.5,12668.9805
76980,77040,424.56,1941.6,125.4,12744.0596
77040,77100,424.62,1941.3,126.5,12557.4326
77100,77160,425.34,1941.8,137.2,12717.4033
77160,77220,426.14,1941.6,126.5,12678.3633
77220,77280,424.29,1941.7,123.3,12791.8965
77280,77340,425.24,1942.1,149.0,13238.0889
77340,77400,423.98,1942.8,126.8,12868.5703
77400,77460,424.03,1942.6,131.9,13158.0957
77460,77520,424.13,1942.5,133.2,13471.5732
77520,77580,426.49,1943.8,148.6,13603.3818
77580,77640,425.04,1943.5,150.3,13651.3223
77640,77700,424.57,1943.1,145.7,14056.1504
77700,77760,424.38,1942.1,163.6,12822.5898
77760,77820,425.90,1943.1,199.0,13636.7500
77820,77880,425.20,1942.7,151.6,13350.9639
77880,77940,425.01,1942.0,135.2,13006.3633
77940,78000,426.83,1941.8,151.1,13104.6865
78000,78060,425.45,1942.2,147.2,13305.0605
78060,78120,424.38,1942.0,146.3,13361.4756
78120,78180,424.25,1942.0,147.0,12961.5381
78180,78240,424.31,1940.9,138.3,12582.4531
78240,78300,426.86,1941.5,149.2,12869.3594
78300,78360,426.12,1941.3,138.2,13250.7100
78360,78420,424.56,1941.8,140.5,13336.4482
78420,78480,425.43,1941.9,150.9,13423.7480
78480,78540,426.07,1941.4,146.5,13524.8750
78540,78600,424.70,1941.7,143.6,13741.0635
78600,78660,424.21,1942.2,193.3,12870.2021
78660,78720,424.70,1942.0,181.0,13051.4307
78720,78780,423.77,1941.8,144.8,12982.6055
78780,78840,424.55,1942.4,143.8,13148.0928
78840,78900,428.39,1943.1,143.2,13217.3379
78900,78960,425.70,1943.5,141.2,13063.9414
78960,79020,427.74,1944.1,146.9,12460.8848
79020,79080,426.17,1944.7,134.4,12566.2334
79080,79140,425.19,1942.9,130.0,11929.8799
79140,79200,424.99,1943.2,128.3,12207.9707
79200,79260,427.91,1944.3,158.3,12630.0596
79260,79320,427.10,1943.9,176.2,13039.7031
79320,79380,425.57,1942.9,160.1,13368.3828
79380,79440,425.30,1942.7,134.0,12387.4707
79440,79500,427.48,1943.2,147.0,13911.0928
79500,79560,426.23,1943.4,140.1,13134.3506
79560,79620,430.29,1944.1,146.2,13083.2080
79620,79680,426.10,1943.9,137.7,12678.5459
79680,79740,425.20,1944.5,135.5,12811.3613
79740,79800,425.46,1945.2,135.4,12842.8730
79800,79860,427.82,1945.2,143.0,13132.8047
79860,79920,427.11,1944.9,141.5,12848.1885
79920,79980,426.97,1944.8,141.5,12887.2637
79980,80040,426.65,1944.0,139.3,12511.9678
80040,80100,425.46,1944.0,135.4,12432.8096
80100,80160,424.79,1945.0,142.1,13445.5781
80160,80220,424.13,1945.5,145.2,13611.0352
80220,80280,424.26,1944.7,138.1,13413.1875
80280,80340,424.55,1944.2,135.7,13155.3066
80340,80400,423.92,1945.0,135.8,13931.2637
80400,80460,422.61,1945.1,135.7,14389.3828
80460,80520,424.16,1945.2,137.4,13939.3828
80520,80580,425.04,1946.1,135.9,13387.7637
80580,80640,424.03,1945.7,145.1,13854.9102
80640,80700,424.98,1945.5,143.2,13321.3252
80700,80760,424.50,1945.7,143.6,13568.0586
80760,80820,424.73,1946.2,143.1,13341.7998
80820,80880,425.37,1946.4,184.7,13791.2598
80880,80940,425.73,1946.2,158.5,13491.8691
80940,81000,424.65,1945.0,138.0,12966.4648
81000,81060,424.29,1944.8,135.6,12578.6719
81060,81120,424.10,1945.0,135.0,12902.0137
81120,81180,424.21,1945.5,136.2,12920.5195
81180,81240,423.53,1945.6,141.6,13874.6602
81240,81300,425.58,1945.0,149.6,13763.7344
81300,81360,426.67,1945.2,169.8,13540.3525
81360,81420,425.76,1945.0,148.8,13594.3242
81420,81480,425.89,1945.5,157.4,13751.1113
81480,81540,426.66,1945.8,190.4,14125.5098
81540,81600,425.30,1945.7,150.9,13686.4590
81600,81660,427.46,1945.8,154.1,13465.9160
81660,81720,427.96,1946.0,163.5,13355.4014
81720,81780,430.85,1946.6,164.6,12946.1748
81780,81840,427.61,1945.6,145.7,12508.7451
81840,81900,426.02,1945.0,141.0,12350.5020
81900,81960,424.96,1944.9,134.1,12202.2148
81960,82020,425.05,1944.9,134.5,12218.2314
82020,82080,424.88,1944.8,135.9,12720.6797
82080,82140,425.30,1945.4,135.9,13256.3574
82140,82200,425.05,1946.5,140.5,14244.5469
82200,82260,424.43,1946.4,138.1,14521.9424
82260,82320,424.70,1946.5,136.5,14463.3955
82320,82380,425.66,1948.2,139.9,14184.9189
82380,82440,425.07,1945.7,137.5,12548.6758
82440,82500,425.67,1945.7,141.0,12740.1133
82500,82560,426.24,1945.6,143.5,12842.8311
82560,82620,427.76,1946.3,153.1,13368.9639
82620,82680,428.63,1946.8,150.4,13938.1055
82680,82740,426.34,1946.5,147.9,14032.3311
82740,82800,425.17,1945.8,147.3,13217.0703
82800,82860,425.11,1947.3,150.1,13368.1309
82860,82920,425.13,1947.0,142.1,13154.2432
82920,82980,425.16,1946.2,139.1,13125.8848
82980,83040,427.40,1950.1,140.7,14001.4092
83040,83100,427.36,1950.5,143.6,14019.1943
83100,83160,426.89,1951.3,143.1,13698.3496
83160,83220,427.00,1950.6,145.6,13897.7744
83220,83280,427.53,1951.0,148.3,14139.2578
83280,83340,428.10,1951.0,151.7,13917.1357
83340,83400,428.14,1950.2,158.5,13355.6504
83400,83460,428.92,1951.4,158.5,13733.3467
83460,83520,429.46,1952.8,166.8,13497.5283
83520,83580,429.49,1953.8,170.3,13313.4131
83580,83640,429.28,1955.5,167.6,13346.2803
83640,83700,429.80,1957.9,167.6,13468.8604
83700,83760,430.34,1958.2,176.8,13691.2988
83760,83820,430.74,1959.1,180.5,13825.6533
83820,83880,431.79,1960.5,186.8,14035.5986
83880,83940,432.25,1959.6,199.3,14098.7988
83940,84000,432.35,1959.7,214.6,14079.6533
84000,84060,432.21,1959.3,215.2,14015.3584
84060,84120,431.15,1956.5,191.0,13841.0508
84120,84180,429.93,1953.6,178.1,13570.6924
84180,84240,429.94,1953.0,177.6,13654.0752
84240,84300,430.36,1953.4,179.2,13703.2959
84300,84360,430.14,1953.0,182.4,13604.2695
84360,84420,429.19,1954.2,175.0,13353.5723
84420,84480,428.42,1954.0,169.7,13398.0859
84480,84540,428.47,1954.2,169.9,13214.4717
84540,84600,429.07,1955.5,169.9,13192.1465
84600,84660,428.44,1955.5,165.2,12515.8115
84660,84720,428.46,1956.1,168.3,12370.9326
84720,84780,428.55,1957.6,224.7,12548.0049
84780,84840,430.17,1961.6,203.7,13517.5850
84840,84900,428.50,1955.1,171.7,12854.6387
84900,84960,429.13,1956.2,168.9,12820.1338
84960,85020,426.99,1954.6,151.9,12412.6357
85020,85080,426.32,1953.1,139.7,12406.3926
85080,85140,426.01,1953.0,137.0,12344.2441
85140,85200,427.60,1952.8,155.0,12939.4707
85200,85260,427.52,1951.5,151.2,13049.1914
85260,85320,426.95,1951.0,149.6,13129.3232
85320,85380,426.48,1950.4,153.5,13184.6875
85380,85440,426.84,1950.8,151.3,13386.8906
85440,85500,427.01,1949.6,158.1,13587.3496
85500,85560,426.11,1948.6,147.3,13346.5850
85560,85620,426.56,1948.4,150.4,13514.0664
85620,85680,425.96,1948.4,152.4,13383.8389
85680,85740,426.71,1948.1,154.3,13227.7813
85740,85800,427.27,1948.6,155.5,13390.2236
85800,85860,427.78,1948.9,156.6,13366.2979
85860,85920,429.85,1949.3,169.4,13366.6855
85920,85980,430.27,1949.3,195.8,13532.3193
85980,86040,430.52,1949.3,184.1,13574.1045
86040,86100,430.58,1948.2,169.9,13282.6426
86100,86160,429.01,1946.6,210.5,12475.7080
86160,86220,429.91,1947.6,188.6,12878.2842
86220,86280,432.61,1948.3,214.2,13109.6689
86280,86340,428.54,1946.8,167.9,13172.2646
86340,86400,427.12,1946.9,145.3,13340.5977
