CampaignData_and_Merges/R0/CSL_MobileLab_Parked/raw/20240810/USOS-POPS_MobileLabGround_20240810_R0.ict
78, 1001
Thornberry, T. D.
NOAA Chemical Sciences Laboratory
Portable Optical Particle Spectrometer (POPS)
USOS
1, 1
2024, 08, 10, 2025, 05, 08
60
Time_Start, seconds_past_midnight, Start time of measurement
45
1, 1, 1, 1, 1, 1, 1, 1, 1, 1, 1, 1, 1, 1, 1, 1, 1, 1, 1, 1, 1, 1, 1, 1, 1, 1, 1, 1, 1, 1, 1, 1, 1, 1, 1, 1, 1, 1, 1, 1, 1, 1, 1, 1, 1
-9999, -9999, -9999, -9999, -9999, -9999, -9999, -9999, -9999, -9999, -9999, -9999, -9999, -9999, -9999, -9999, -9999, -9999, -9999, -9999, -9999, -9999, -9999, -9999, -9999, -9999, -9999, -9999, -9999, -9999, -9999, -9999, -9999, -9999, -9999, -9999, -9999, -9999, -9999, -9999, -9999, -9999, -9999, -9999, -9999
Time_Stop, seconds_past_midnight, Stop time of measurement
Time_Mid, seconds_past_midnight, Mid time of measurement
Press_mb, mb, Pressure reported (mb)
Temp_C, degrees C, POPS temperature measurement
Aerosol_concentration, cm^-3, Aerosol concentration
Surface_Area_Conc, um^2 cm^-3, Surface area concentration
Volume_density, um^3 cm^-3, Volume density
Effective_radius, um, Effective radius
Extinction, km^-1, Extinction
Bin01, cm^-3, particle concentration in size range [1401 - 146.3 nm]
Bin02, cm^-3, particle concentration in size range [146.3 - 152.8 nm]
Bin03, cm^-3, particle concentration in size range [152.8 - 159.6 nm]
Bin04, cm^-3, particle concentration in size range [159.6 - 166.8 nm]
Bin05, cm^-3, particle concentration in size range [166.8 - 174.2 nm]
Bin06, cm^-3, particle concentration in size range [174.2 - 181.9 nm]
Bin07, cm^-3, particle concentration in size range [181.9 - 190.0 nm]
Bin08, cm^-3, particle concentration in size range [190.0 - 198.5 nm]
Bin09, cm^-3, particle concentration in size range [198.5 - 207.4 nm]
Bin10, cm^-3, particle concentration in size range [207.4 - 216.6 nm]
Bin11, cm^-3, particle concentration in size range [216.6 - 226.2 nm]
Bin12, cm^-3, particle concentration in size range [226.2 - 236.3 nm]
Bin13, cm^-3, particle concentration in size range [236.3 - 246.8 nm]
Bin14, cm^-3, particle concentration in size range [246.8 - 257.8 nm]
Bin15, cm^-3, particle concentration in size range [257.8 - 269.3 nm]
Bin16, cm^-3, particle concentration in size range [269.3 - 343.4 nm]
Bin17, cm^-3, particle concentration in size range [343.4 - 450.7 nm]
Bin18, cm^-3, particle concentration in size range [450.7 - 525.9 nm]
Bin19, cm^-3, particle concentration in size range [525.9 - 618.5 nm]
Bin20, cm^-3, particle concentration in size range [618.5 - 710.0 nm]
Bin21, cm^-3, particle concentration in size range [710.0 - 822.7 nm]
Bin22, cm^-3, particle concentration in size range [822.7 - 885.9 nm]
Bin23, cm^-3, particle concentration in size range [885.9 - 953.9 nm]
Bin24, cm^-3, particle concentration in size range [953.9 - 1027.2 nm]
Bin25, cm^-3, particle concentration in size range [1027.2 - 1106.1 nm]
Bin26, cm^-3, particle concentration in size range [1106.1 - 1191.0 nm]
Bin27, cm^-3, particle concentration in size range [1191.0 - 1282.5 nm]
Bin28, cm^-3, particle concentration in size range [1282.5 - 1381.0 nm]
Bin29, cm^-3, particle concentration in size range [1381.0 - 1487.1 nm]
Bin30, cm^-3, particle concentration in size range [1487.1 - 1601.3 nm]
Bin31, cm^-3, particle concentration in size range [1601.3 - 1724.3 nm]
[...]
PLATFORM: NOAA CSL Mobile Lab
LOCATION: USOS
ASSOCIATED_DATA: N/A
INSTRUMENT_INFO: Printed Optical Particle Spectrometer counts particles from 140 - 2500 nm in diameter 
DATA_INFO: Particle concentrations reported in number per cubic centimeter,1 Hz data
UNCERTAINTY: Counting uncertainty dominated by air flow, less than 5 percent. Measurement range is ~0 - 3000 per cm3 (varies depending on flow rate- manufacturer quotes 1250 per cm3 at 1.667 cc/s)
ULOD_FLAG: -7777
ULOD_VALUE: N/A
LLOD_FLAG: -8888
LLOD_VALUE: N/A
DM_CONTACT_INFO: Troy Thornberry, 325 Broadway R/CSL6, Boulder, CO 80305; troy.thornberry@noaa.gov; 303-497-3373
PROJECT_INFO: USOS, Utah POPS data from NOAA CSL Mobile Lab
STIPULATIONS_ON_USE: Please contact the PIs for questions regarding applications and uncertainties
OTHER_COMMENTS: POPS bin Edges (nm):  140.1, 146.3, 152.8, 159.6, 166.8, 174.2, 181.9, 190.0, 198.5, 207.4, 216.6, 226.2, 236.3, 246.8, 257.8, 269.3, 343.4, 450.7, 525.9, 618.5, 710.0, 822.7, 885.9, 953.9, 1027.2, 1106.1, 1191.0, 1282.5, 1381.0, 1487.1, 1601.3, 1724.3, 1856.7, 1999.3, 2152.8, 2318.2, 2496.2
Calculations assume organic aerosol refractive index of 1.52+0.00j and extinction wavelength = 532 nm
REVISION: R0
R0: Final data
Time_Start, Time_Stop, Time_Mid, Press_mb, Temp_C, Aerosol_concentration, Surface_Area_Conc, Volume_density, Effective_radius, Extinction, Bin01, Bin02, Bin03, Bin04, Bin05, Bin06, Bin07, Bin08, Bin09, Bin10, Bin11, Bin12, Bin13, Bin14, Bin15, Bin16, Bin17, Bin18, Bin19, Bin20, Bin21, Bin22, Bin23, Bin24, Bin25, Bin26, Bin27, Bin28, Bin29, Bin30, Bin31, Bin32, Bin33, Bin34, Bin35, Bin36
[from data line 40]
2400,2459,2430,871.027,30.403,314.911,66.214,7.048,0.312,0.024,22.503876,21.698767,20.498755,19.675461,18.921415,17.954010,16.546110,15.883525,15.150298,15.496135,14.846873,15.492362,15.905690,15.279373,12.773389,39.002060,10.956204,2.832272,1.155464,0.261714,0.195163,0.188931,0.133322,0.189804,0.144669,0.133581,0.066587,0.111068,0.089241,0.066549,0.162263,0.155807,0.122859,0.066996,0.105298,0.144801
2460,2519,2490,871.054,30.621,314.858,65.119,6.603,0.296,0.023,22.132246,20.750771,20.421907,19.977964,19.255592,17.982103,17.162218,16.426802,15.663218,15.280649,15.156325,15.157279,15.485352,14.809546,12.976411,39.088436,11.083526,2.631092,1.154609,0.229156,0.211833,0.178092,0.118404,0.139518,0.117178,0.139208,0.156603,0.128709,0.094522,0.133907,0.139785,0.145643,0.061670,0.050472,0.089583,0.128049
2520,2579,2550,871.060,30.778,307.230,63.747,6.358,0.292,0.023,21.808069,21.022484,19.962507,18.971302,19.123196,17.779255,16.563450,16.102436,14.761008,14.686201,14.390121,14.637592,15.248751,14.215840,12.570059,38.306194,10.972542,2.622607,1.263846,0.259079,0.258639,0.112161,0.169890,0.141474,0.135758,0.090554,0.090648,0.085393,0.095729,0.141149,0.162461,0.096040,0.118745,0.078871,0.067708,0.118629
2580,2639,2610,871.095,30.758,307.081,63.697,6.531,0.298,0.023,21.635481,20.355799,20.202637,19.618584,18.721663,17.892876,16.562365,16.160513,15.129650,14.086041,14.070107,14.558143,15.136501,14.544817,12.724579,38.228371,11.532593,2.479147,1.196712,0.317942,0.245913,0.178866,0.161619,0.111055,0.094841,0.077819,0.117287,0.106166,0.100332,0.072855,0.122390,0.157699,0.122414,0.078072,0.039269,0.139562
2640,2699,2670,871.084,30.701,304.922,61.678,5.890,0.278,0.022,21.968582,20.636221,19.461893,19.666510,18.494539,17.342955,16.676989,15.734252,14.901530,14.708283,14.740777,14.770131,15.204690,14.783387,12.013598,37.305679,10.822683,2.577430,1.125796,0.243446,0.226927,0.127526,0.132987,0.132902,0.099509,0.121712,0.077881,0.060952,0.077465,0.120962,0.132148,0.082919,0.122056,0.033654,0.066266,0.127026
2700,2759,2730,871.075,30.686,303.678,61.962,6.168,0.292,0.022,22.057644,20.745874,19.840326,19.223064,18.119789,17.296843,15.904160,15.975683,14.311439,14.336587,14.113265,14.918994,14.737032,14.932657,12.435043,38.447670,10.584683,2.511069,1.167645,0.234290,0.260503,0.148954,0.122749,0.093888,0.099899,0.066015,0.116354,0.104612,0.072720,0.094093,0.122138,0.144112,0.055018,0.099571,0.088687,0.094954
2760,2819,2790,871.060,30.652,300.951,60.169,5.596,0.270,0.021,21.531010,20.426138,19.685749,18.975237,19.042007,17.936907,16.087696,15.674472,14.173152,14.070628,14.307367,14.423210,14.952665,14.249175,11.717898,36.837200,11.241405,2.592550,1.178213,0.266245,0.260722,0.088681,0.144012,0.084041,0.144673,0.072358,0.066500,0.071682,0.055639,0.072293,0.089015,0.083145,0.094101,0.071302,0.083488,0.099975
2820,2879,2850,871.015,30.569,298.399,58.499,5.003,0.247,0.020,21.232086,20.688286,18.909130,18.998768,17.774824,16.728209,16.350824,15.598415,14.529767,14.130705,13.899414,14.493958,14.939430,14.402520,12.229105,37.605984,10.624361,2.413304,1.071928,0.294839,0.238643,0.133075,0.111082,0.100086,0.111011,0.061683,0.088838,0.061251,0.055438,0.083501,0.132954,0.044316,0.061685,0.049686,0.066986,0.083127
2880,2939,2910,870.983,30.527,288.402,54.479,4.204,0.228,0.018,20.494192,19.835274,17.777863,18.336214,17.745647,16.559534,15.527085,14.349417,14.373583,13.693325,13.696752,14.186075,14.926626,13.890782,11.459882,36.340412,10.216601,2.502842,1.147001,0.183293,0.200004,0.105397,0.100308,0.060556,0.089130,0.033399,0.066413,0.066557,0.044313,0.072312,0.093791,0.066118,0.077963,0.005482,0.038822,0.038934
2940,2999,2970,870.990,30.459,290.602,55.652,4.367,0.230,0.019,20.766211,19.727604,18.489889,18.326452,17.694874,16.556223,15.470235,15.256267,14.448127,13.988687,13.658224,14.377961,14.337288,13.759508,11.129936,36.664017,10.785315,2.556782,1.142874,0.261277,0.189257,0.088748,0.088718,0.077431,0.083565,0.050129,0.072158,0.077500,0.066741,0.082794,0.116687,0.033336,0.033209,0.038934,0.038444,0.066548
3000,3059,3030,870.955,30.362,283.299,53.095,4.040,0.224,0.018,21.186350,18.774853,18.484501,18.306894,17.660826,16.499897,14.766328,14.644286,13.621934,13.773259,13.570046,13.569946,13.537889,13.277547,11.302209,35.417595,10.259275,2.309526,0.939853,0.276369,0.150334,0.116354,0.072596,0.061193,0.082477,0.099356,0.055707,0.049486,0.055187,0.066461,0.110988,0.061236,0.066518,0.011021,0.027717,0.033341
3060,3119,3090,870.883,30.329,280.448,53.293,4.446,0.243,0.018,20.433094,19.117853,18.199553,18.225533,17.645559,15.615802,14.925212,14.613127,13.557509,13.083789,13.448996,13.604140,13.642545,13.481258,11.270388,34.870930,10.130086,2.343391,0.939851,0.159648,0.193325,0.099611,0.099796,0.066258,0.071016,0.044304,0.027671,0.049567,0.056026,0.065981,0.066564,0.093802,0.072275,0.016487,0.061540,0.056003
3120,3179,3150,870.835,30.268,279.903,53.176,4.143,0.228,0.018,20.063103,19.417551,17.956142,17.728115,16.832767,16.151518,15.282917,14.578629,13.472083,13.006175,12.692706,13.373268,13.895096,13.490984,11.158149,35.815872,10.070981,2.470644,1.010365,0.184076,0.205237,0.139427,0.106154,0.049702,0.111003,0.100392,0.078057,0.038905,0.083051,0.049864,0.089356,0.066704,0.011242,0.044601,0.033297,0.044653
3180,3239,3210,870.813,30.365,280.270,53.021,3.934,0.217,0.018,19.709818,18.636629,17.726582,18.337671,17.295227,15.887719,15.425538,14.781016,13.828250,13.405557,13.013352,13.496375,13.139594,13.112783,11.087595,36.044674,10.442407,2.344819,1.149682,0.193131,0.199849,0.165943,0.110542,0.099999,0.072140,0.043974,0.076933,0.055630,0.033345,0.099421,0.077126,0.033028,0.055380,0.016430,0.027767,0.044312
3240,3299,3270,870.775,30.547,291.320,54.533,4.289,0.231,0.018,22.338205,20.869770,18.824884,18.591171,18.270365,17.264219,15.998691,15.144508,14.187907,13.043498,13.392814,13.955394,14.176837,13.199368,11.341900,35.791885,10.294805,2.116177,1.120910,0.255010,0.149111,0.077549,0.083320,0.089181,0.105048,0.038762,0.055804,0.054889,0.061301,0.094210,0.127204,0.055457,0.033336,0.027855,0.016594,0.072043
3300,3359,3330,870.713,30.605,293.677,56.584,4.722,0.245,0.019,21.892603,20.430996,19.562761,18.930901,18.631346,16.715229,16.192230,15.574828,14.079013,13.697737,13.486099,13.359047,14.297403,14.069490,11.095444,36.017731,10.360726,2.382899,1.161874,0.222166,0.239601,0.172376,0.151455,0.083516,0.082942,0.116628,0.094615,0.050442,0.038953,0.044922,0.156203,0.072718,0.061172,0.072639,0.039203,0.038667
3360,3419,3390,870.668,30.568,295.709,55.710,4.399,0.231,0.019,22.486912,21.344149,19.854759,19.142750,18.996187,17.001207,16.002134,14.995872,14.245494,13.638998,13.328250,14.079649,14.386865,13.332390,11.144946,35.775982,10.711909,2.516680,1.148362,0.233918,0.227448,0.190079,0.116970,0.089806,0.072841,0.089681,0.072589,0.066382,0.066775,0.033309,0.077509,0.055338,0.038509,0.027727,0.050232,0.066183
3420,3479,3450,870.633,30.486,292.679,55.769,4.673,0.244,0.018,21.955870,20.801128,19.793318,18.930607,18.706837,16.844900,16.041958,14.825050,14.455787,12.944080,13.756686,13.648825,14.167890,14.153769,11.555964,35.645298,9.657203,2.210843,1.025700,0.207063,0.177879,0.134149,0.089189,0.089606,0.088700,0.050101,0.050259,0.117484,0.083663,0.078818,0.122218,0.055817,0.027849,0.055068,0.078768,0.050512
3480,3539,3510,870.610,30.377,288.512,53.595,4.137,0.227,0.018,21.812738,21.162756,19.915451,19.351192,18.029139,16.844769,14.995960,15.256906,13.505910,13.056838,13.422304,13.594359,13.448630,13.226589,11.119405,34.570408,10.409036,2.305540,1.052009,0.194248,0.227860,0.127760,0.111119,0.094231,0.083012,0.049615,0.061036,0.072385,0.054993,0.060724,0.072368,0.066760,0.056013,0.027799,0.027744,0.044548
3540,3599,3570,870.593,30.331,284.156,53.131,4.136,0.228,0.018,22.115395,20.506458,19.259787,18.400749,17.504477,17.029869,15.181847,14.659538,13.930792,12.947335,13.022470,13.345123,13.163840,12.748629,11.248114,34.178623,10.210572,2.193146,1.070600,0.248503,0.210334,0.066678,0.099486,0.116863,0.060358,0.066154,0.038915,0.066330,0.089041,0.038651,0.105260,0.050170,0.076367,0.044151,0.022372,0.038929
3600,3659,3630,870.552,30.295,281.408,51.647,3.994,0.225,0.017,21.685984,20.644831,19.262020,18.516600,18.071753,16.352688,15.536268,14.756115,13.293929,13.006613,13.036894,13.035696,13.102828,12.783936,10.686144,33.542892,9.874666,2.080128,0.897637,0.189558,0.178715,0.077502,0.066696,0.099899,0.059960,0.067634,0.055671,0.049873,0.044233,0.033299,0.066886,0.055669,0.083973,0.028124,0.038607,0.044342
3660,3719,3690,870.521,30.476,282.442,52.899,4.033,0.223,0.017,21.327160,20.479017,19.062935,18.689531,17.679493,16.781174,15.112918,13.753872,12.846799,13.573710,12.908207,13.457583,13.892544,12.741396,10.893425,34.581036,9.904055,2.252861,1.092216,0.221527,0.206719,0.094678,0.078112,0.122751,0.039028,0.061151,0.071826,0.083727,0.060987,0.072409,0.110671,0.022372,0.061276,0.016451,0.033011,0.055575
3720,3779,3750,870.459,30.581,271.775,49.655,3.657,0.217,0.016,20.106480,19.527920,18.679029,17.613775,17.359470,15.510177,14.418408,13.714057,13.022615,12.912033,12.515437,12.822268,13.473397,12.701261,10.704149,32.860348,9.545702,2.113364,1.069171,0.188069,0.138786,0.099429,0.050315,0.088177,0.082677,0.027627,0.032930,0.038506,0.033299,0.055316,0.082919,0.060697,0.044034,0.033372,0.016270,0.033308
3780,3839,3810,870.384,30.550,270.709,49.632,3.543,0.210,0.016,20.246851,19.839769,17.969454,17.749533,16.805401,15.098513,14.917043,13.615661,13.347407,12.576256,12.556410,13.044894,12.759592,12.198654,10.208426,33.613121,9.548420,2.308039,0.998145,0.261194,0.198460,0.081548,0.111321,0.099067,0.088112,0.052659,0.064398,0.058768,0.046397,0.029250,0.064847,0.052014,0.028863,0.017741,0.023299,0.029112
3840,3899,3870,870.323,30.438,269.677,50.439,3.933,0.228,0.017,20.068033,19.420206,18.356091,17.612947,16.250204,15.651687,14.367808,13.741562,12.962194,12.397881,12.417355,12.982489,12.843589,12.325433,10.712899,33.303955,9.891908,2.127375,0.998604,0.207115,0.206799,0.100101,0.072133,0.055939,0.061499,0.061454,0.027971,0.022027,0.044918,0.078196,0.100876,0.050198,0.044233,0.022243,0.016649,0.072328
3900,3959,3930,870.261,30.375,266.124,48.553,3.439,0.208,0.016,20.251419,19.056368,17.602795,17.344278,16.103699,15.339540,14.446382,13.473343,13.038650,12.681655,12.258123,12.617443,12.915761,12.087237,10.832191,32.511539,9.232117,2.235521,0.956821,0.171560,0.176357,0.110104,0.093857,0.089105,0.055360,0.044862,0.038967,0.044107,0.061019,0.055548,0.033395,0.033261,0.049217,0.027584,0.021955,0.033233
3960,4019,3990,870.233,30.465,265.863,49.877,3.907,0.230,0.016,19.598515,18.571148,18.394037,16.702274,16.449051,15.381130,14.754280,13.718123,12.736002,12.009952,12.306247,12.420375,13.159000,12.276127,10.358175,33.114792,9.418271,2.300196,0.853092,0.234521,0.189608,0.072709,0.099815,0.100908,0.083449,0.072447,0.038724,0.049909,0.055306,0.061203,0.083455,0.066882,0.021952,0.038730,0.016723,0.055798
4020,4079,4050,870.169,30.564,260.252,48.810,3.797,0.229,0.016,19.346859,18.758986,16.864685,17.194412,16.347406,14.928328,14.292708,13.212889,12.821702,12.025461,12.056907,11.637528,12.809422,11.900803,10.074952,32.306183,9.210121,2.189181,1.017809,0.180837,0.174408,0.106290,0.084468,0.090511,0.084597,0.027920,0.057051,0.038660,0.056609,0.067680,0.078525,0.055976,0.056287,0.027869,0.028271,0.039458
4080,4139,4110,870.100,30.559,259.512,48.849,3.984,0.237,0.016,19.951633,18.463057,17.300564,16.904139,16.437441,15.183217,13.898013,13.351738,12.302620,12.021504,11.899821,11.945231,12.270944,12.466428,9.891514,31.868046,9.079542,2.118516,0.885772,0.177194,0.172644,0.127652,0.088510,0.060856,0.045114,0.072028,0.049984,0.067094,0.056229,0.033360,0.060610,0.066743,0.055755,0.049809,0.044056,0.044723
4140,4199,4170,870.058,30.500,254.748,47.381,3.396,0.209,0.015,18.815861,17.214630,17.228361,16.081533,16.402514,14.996803,14.098897,12.635487,11.958684,12.131916,11.620459,12.180648,12.282283,11.569982,9.882400,32.180077,9.354584,1.960161,0.863345,0.244184,0.166355,0.088606,0.099967,0.093947,0.072589,0.072596,0.045022,0.072245,0.027537,0.111676,0.072280,0.016782,0.038864,0.005650,0.021810,0.038789
4200,4259,4230,870.015,30.382,254.814,46.187,3.086,0.197,0.015,19.570894,17.963676,16.966290,16.757893,16.089838,14.829628,13.924627,13.156190,11.935083,11.613078,11.721672,12.230268,11.977740,11.961466,9.818465,30.846676,9.328828,1.987852,0.994403,0.155652,0.183130,0.111280,0.100527,0.055592,0.066544,0.072763,0.061627,0.077290,0.039388,0.055641,0.077240,0.027878,0.010990,0.022048,0.011223,0.010935
4260,4319,4290,869.945,30.352,250.383,45.898,3.367,0.215,0.015,18.371201,18.482069,16.612032,16.597069,15.739264,14.875684,13.618546,12.933909,11.601716,11.449192,11.644938,11.616238,11.747284,11.373521,9.794434,30.919130,8.974863,2.039037,0.860743,0.188988,0.172581,0.128685,0.122645,0.089656,0.039162,0.033393,0.016470,0.034059,0.044352,0.044744,0.044792,0.044346,0.039102,0.016800,0.027889,0.044624
4320,4379,4350,869.891,30.442,244.071,46.252,3.710,0.233,0.015,18.182705,17.165756,17.041065,15.906129,14.812683,13.860181,13.289004,12.290859,11.543804,11.274405,11.209538,11.538195,11.699569,11.989346,9.601362,29.942089,8.542195,2.086893,0.891511,0.178995,0.163168,0.067915,0.062121,0.073578,0.073909,0.067552,0.050679,0.044217,0.061924,0.079148,0.061699,0.039206,0.067406,0.027890,0.034089,0.050474
4380,4439,4410,869.875,30.596,235.156,43.296,3.098,0.209,0.014,17.825298,17.254976,15.919076,14.891941,14.167597,13.071456,12.760605,12.105149,11.392710,11.207859,10.608465,11.342186,11.208651,10.736241,9.286059,28.892132,8.681943,1.866898,0.886439,0.163960,0.162793,0.118892,0.056554,0.073722,0.051035,0.056792,0.067629,0.022218,0.039725,0.056664,0.039515,0.017116,0.044556,0.011327,0.022234,0.045724
4440,4499,4470,869.837,30.565,236.229,43.435,3.188,0.212,0.014,18.602411,16.419897,15.616791,15.305460,14.401361,13.901233,12.646174,12.331863,11.693663,10.580318,10.900252,11.442582,10.868200,10.886170,9.219794,29.140835,8.474697,1.968132,0.797270,0.116913,0.194357,0.116598,0.082849,0.071803,0.049808,0.043807,0.022361,0.021700,0.038614,0.044417,0.066665,0.033772,0.055284,0.016913,0.005556,0.050156
4500,4559,4530,869.796,30.459,236.087,43.159,3.019,0.204,0.014,17.944181,17.455767,16.201632,15.237832,14.230015,14.000839,12.967121,12.106091,11.069922,11.110604,10.701714,10.842174,11.200493,10.042643,9.075234,29.449202,8.627535,1.875082,0.885081,0.175777,0.193603,0.079386,0.044986,0.067877,0.085059,0.062226,0.028198,0.039028,0.062441,0.039288,0.067734,0.022699,0.039566,0.011169,0.016987,0.028272
4560,4619,4590,869.771,30.417,236.059,43.210,3.060,0.207,0.014,18.422663,16.647095,15.976490,15.358247,14.569670,14.034235,12.790428,12.075730,11.620548,10.403659,11.271748,11.260153,11.484783,10.748135,8.632024,28.522318,8.430005,1.902617,0.808007,0.170706,0.148405,0.132007,0.088616,0.066387,0.071532,0.066960,0.044606,0.016577,0.044269,0.066492,0.050148,0.011171,0.022380,0.033286,0.055569,0.011113
4620,4679,4650,869.745,30.594,235.886,43.083,2.988,0.202,0.014,18.925976,16.517132,16.035994,15.717099,14.750762,13.169215,12.098609,11.734844,11.835939,10.849341,10.169123,11.048151,11.576806,10.729290,9.256637,28.931688,8.783863,1.786865,0.820419,0.227560,0.166686,0.104899,0.071894,0.104966,0.055523,0.027995,0.044790,0.044329,0.065871,0.078071,0.061534,0.033131,0.011205,0.016650,0.016730,0.016655
4680,4739,4710,869.730,30.787,231.556,42.752,3.116,0.214,0.014,17.802588,17.005318,15.629550,14.843761,14.348891,12.505789,12.425792,12.160456,11.429550,10.284078,10.563383,11.581603,11.239172,10.395882,8.895501,28.296934,8.407907,1.876132,0.765548,0.166997,0.126393,0.089769,0.116198,0.065846,0.038782,0.033374,0.083116,0.044338,0.062100,0.060999,0.072159,0.038167,0.049799,0.016652,0.022324,0.011169
