CampaignData_and_Merges/R0/CSL_MobileLab_Parked/raw/20240810/USOS-jNO2_MobileLabGround_20240810_R0.ict
52,1001
Waxman, E.; Rollins, A.; Zuraski, K.; Chace, W.
NOAA Chemical Sciences Laboratory
jNO2 filter radiometer on CSL Mobile Lab
AMMBEC / USOS
1, 1
2024,08,10, 2025,04,01
60
Time_Start, seconds, number_of_seconds_since_0000_UTC
20
1, 1, 1, 1, 1, 1, 1, 1, 1, 1, 1, 1, 1, 1, 1, 1, 1, 1, 1, 1
-9999, -9999, -9999, -9999, -9999, -9999, -9999, -9999, -9999, -9999, -9999, -9999, -9999, -9999, -9999, -9999, -9999, -9999, -9999, -9999
Time_Stop, seconds, number_of_seconds_since_0000_UTC
jNO2_meas, per second, photolysis rate of NO2 measured using a filter radiometer.
jBrCl, per second, photolysis rate of BrCl -> Br + Cl calculated in TUV for cloud-free sky with local AOD
jBr2, per second, photolysis rate of Br2 -> Br + Br calculated in TUV for cloud-free sky with local AOD
jCCl4, per second, photolysis rate of CCl4 -> Products calcualted in TUV for cloud-free sky with local AOD
jCH2Oa, per second, photolysis rate of CH2O -> H + HCO calculated in TUV for cloud-free sky with local AOD
jCH2Ob, per second, photolysis rate of CH2O -> H2 + CO calculated in TUV for cloud-free sky with local AOD
jClNO2, per second, photolysis rate of ClNO2 -> Cl + NO2 calculated in TUV for cloud-free sky with local AOD
jClOa, per second, photolysis rate of ClO -> Cl + O(1D) calculated in TUV for cloud-free sky with local AOD
jClOb, per second, photolysis rate of ClO -> Cl + O(3P) calculated in TUV for cloud-free sky with local AOD
jCl2, per second, photolysis rate of Cl2 -> Cl + Cl calculated in TUV for cloud-free sky with local AOD
jHNO2, per second, photolysis rate of HNO2 -> OH + NO calculated in TUV for cloud-free sky with local AOD
jHNO3, per second, photolysis rate of HNO3 -> OH + NO2 calculated in TUV for cloud-free sky with local AOD
jI2, per second, photolysis rate of I2 -> I + I calculated in TUV for cloud-free sky with local AOD
jNO2, per second, photolysis rate of NO2 -> NO + O(3P) calculated in TUV for cloud-free sky with local AOD
jNO3a, per second, photolysis rate of NO3 -> NO + O2 calculated in TUV for cloud-free sky with local AOD
jNO3b, per second, photolysis rate of NO3 -> NO2 + O(3P) calculated in TUV for cloud-free sky with local AOD
jN2O5, per second, photolysis rate of N2O5 -> NO3 + NO + O(3P) calculated in TUV for cloud-free sky with local AOD
jO3, per second, photolysis rate of O3 -> O2 + O(1D) calculated in TUV for cloud-free sky with local AOD
AOD_500nm, unitless, UTC daily mean AOD at 500 nm from an AERONET station located at 40.178 N, -112.452 E
0
18
PI_CONTACT_INFO: eleanor.waxman@noaa.gov
PLATFORM: CSL Mobile Lab, at ground site
LOCATION: Salt Lake City, UT
ASSOCIATED_DATA:
INSTRUMENT_INFO: jNO2 filter radiometer.  TUV calculations are for mobile van lat/lon/altitude assuming clear sky (cloud AOD = 0) and daily mean AOD.
DATA_INFO:
UNCERTAINTY: Data uncertainties are +/- 20%.  These come from uncertainties in radiometer angular response, radiometer thermal response, local interferences from clouds/aerosols/shadows etc.
ULOD_FLAG: -7777
ULOD_VALUE: N/A
LLOD_FLAG: -8888
LLOD_VALUE: N/A
DM_CONTACT_INFO: eleanor.waxman@noaa.gov
PROJECT_INFO: USOS Project, July - August 2024
STIPULATIONS_ON_USE: Users are strongly encouraged to contact the PI for proper data usage.
OTHER_COMMENTS: 
REVISION: R0
R0: final data
Time_Start, Time_Stop, jNO2_meas, jBrCl, jBr2, jCCl4, jCH2Oa, jCH2Ob, jClNO2, jClOa, jClOb, jCl2, jHNO2, jHNO3, jI2, jNO2, jNO3a, jNO3b, jN2O5, jO3, AOD_500nm
       0,      60,0.00047079,0.007079,0.02308,1.512e-25,1.244e-05,2.295e-05,0.0002306,5.381e-26,9.363e-06,0.001258,0.0008623,1.728e-07,0.08743,0.005514,0.01752,0.1372,1.917e-05,5.788e-06,0.156
      60,     120,0.00051853,0.007042,0.02298,1.487e-25,1.23e-05,2.275e-05,0.0002287,5.292e-26,9.199e-06,0.001249,0.0008564,1.705e-07,0.08713,0.005478,0.01747,0.1368,1.9e-05,5.684e-06,0.156
     120,     180,0.00058984,0.007008,0.02289,1.463e-25,1.217e-05,2.255e-05,0.0002268,5.21e-26,9.047e-06,0.00124,0.0008507,1.684e-07,0.08684,0.005445,0.01742,0.1363,1.883e-05,5.588e-06,0.156
     180,     240,0.0006713,0.00697,0.02279,1.438e-25,1.204e-05,2.235e-05,0.0002249,5.125e-26,8.885e-06,0.001231,0.0008447,1.661e-07,0.08654,0.005409,0.01737,0.1359,1.866e-05,5.485e-06,0.156
     240,     300,0.00071015,0.006933,0.02269,1.414e-25,1.19e-05,2.215e-05,0.0002229,5.042e-26,8.726e-06,0.001222,0.0008386,1.638e-07,0.08623,0.005373,0.01732,0.1354,1.848e-05,5.385e-06,0.156
     300,     360,0.00072529,0.006897,0.02259,1.392e-25,1.177e-05,2.195e-05,0.000221,4.965e-26,8.577e-06,0.001213,0.0008329,1.617e-07,0.08593,0.005339,0.01727,0.135,1.832e-05,5.29e-06,0.156
     360,     420,0.00078337,0.006859,0.02249,1.369e-25,1.163e-05,2.175e-05,0.0002191,4.885e-26,8.42e-06,0.001203,0.0008268,1.594e-07,0.08562,0.005303,0.01722,0.1345,1.814e-05,5.191e-06,0.156
     420,     480,0.00081658,0.006821,0.02239,1.346e-25,1.15e-05,2.154e-05,0.0002171,4.806e-26,8.264e-06,0.001194,0.0008206,1.572e-07,0.0853,0.005267,0.01716,0.134,1.796e-05,5.093e-06,0.156
     480,     540,0.00083987,0.006784,0.02229,1.325e-25,1.137e-05,2.135e-05,0.0002152,4.734e-26,8.119e-06,0.001185,0.0008148,1.551e-07,0.08499,0.005232,0.01711,0.1336,1.78e-05,5.002e-06,0.156
     540,     600,0.00087808,0.006745,0.02218,1.304e-25,1.123e-05,2.114e-05,0.0002132,4.658e-26,7.966e-06,0.001175,0.0008085,1.529e-07,0.08466,0.005195,0.01706,0.1331,1.762e-05,4.905e-06,0.156
     600,     660,0.00090978,0.006706,0.02207,1.282e-25,1.109e-05,2.093e-05,0.0002112,4.585e-26,7.814e-06,0.001166,0.0008023,1.506e-07,0.08433,0.005157,0.017,0.1326,1.744e-05,4.81e-06,0.156
     660,     720,0.00094844,0.006668,0.02197,1.263e-25,1.096e-05,2.074e-05,0.0002093,4.516e-26,7.673e-06,0.001157,0.0007963,1.486e-07,0.08402,0.005122,0.01695,0.1321,1.728e-05,4.722e-06,0.156
     720,     780,0.00098766,0.006628,0.02186,1.242e-25,1.083e-05,2.053e-05,0.0002073,4.445e-26,7.524e-06,0.001147,0.00079,1.464e-07,0.08368,0.005084,0.01689,0.1316,1.71e-05,4.628e-06,0.156
     780,     840,0.0010494,0.006588,0.02175,1.222e-25,1.069e-05,2.032e-05,0.0002053,4.376e-26,7.377e-06,0.001137,0.0007836,1.442e-07,0.08334,0.005046,0.01683,0.1311,1.692e-05,4.536e-06,0.156
     840,     900,0.00115,0.006549,0.02165,1.203e-25,1.056e-05,2.012e-05,0.0002034,4.311e-26,7.24e-06,0.001128,0.0007776,1.421e-07,0.08301,0.00501,0.01677,0.1306,1.675e-05,4.45e-06,0.156
     900,     960,0.0012915,0.006508,0.02153,1.184e-25,1.043e-05,1.991e-05,0.0002013,4.244e-26,7.095e-06,0.001118,0.0007711,1.4e-07,0.08266,0.004971,0.01671,0.1301,1.657e-05,4.36e-06,0.156
     960,    1020,0.0020194,0.006467,0.02142,1.165e-25,1.029e-05,1.97e-05,0.0001993,4.178e-26,6.953e-06,0.001108,0.0007646,1.378e-07,0.0823,0.004932,0.01665,0.1296,1.64e-05,4.271e-06,0.156
    1020,    1080,0.0034457,0.006427,0.02131,1.147e-25,1.016e-05,1.95e-05,0.0001974,4.117e-26,6.82e-06,0.001099,0.0007585,1.358e-07,0.08196,0.004896,0.01659,0.1291,1.623e-05,4.188e-06,0.156
    1080,    1140,0.0026398,0.006385,0.0212,1.129e-25,1.003e-05,1.929e-05,0.0001953,4.054e-26,6.68e-06,0.001089,0.0007519,1.337e-07,0.0816,0.004857,0.01653,0.1286,1.605e-05,4.1e-06,0.156
    1140,    1200,0.0021337,0.006343,0.02108,1.111e-25,9.891e-06,1.908e-05,0.0001933,3.991e-26,6.541e-06,0.001079,0.0007454,1.315e-07,0.08123,0.004817,0.01647,0.128,1.587e-05,4.014e-06,0.156
    1200,    1260,0.0021129,0.006302,0.02097,1.094e-25,9.763e-06,1.888e-05,0.0001913,3.934e-26,6.412e-06,0.001069,0.0007391,1.295e-07,0.08088,0.004779,0.01641,0.1275,1.57e-05,3.934e-06,0.156
    1260,    1320,0.0021029,0.006259,0.02085,1.077e-25,9.628e-06,1.867e-05,0.0001893,3.873e-26,6.277e-06,0.001059,0.0007324,1.274e-07,0.08051,0.004739,0.01634,0.1269,1.552e-05,3.85e-06,0.156
    1320,    1380,0.0019021,0.006216,0.02073,1.06e-25,9.494e-06,1.845e-05,0.0001872,3.814e-26,6.143e-06,0.001049,0.0007258,1.253e-07,0.08013,0.004699,0.01628,0.1264,1.534e-05,3.767e-06,0.156
    1380,    1440,0.0019677,0.006175,0.02061,1.044e-25,9.367e-06,1.825e-05,0.0001853,3.76e-26,6.018e-06,0.001039,0.0007194,1.234e-07,0.07977,0.004661,0.01622,0.1258,1.517e-05,3.689e-06,0.156
    1440,    1500,0.0021189,0.00613,0.02049,1.028e-25,9.233e-06,1.804e-05,0.0001832,3.703e-26,5.888e-06,0.001029,0.0007127,1.213e-07,0.07938,0.00462,0.01615,0.1252,1.499e-05,3.608e-06,0.156
    1500,    1560,0.0037388,0.006086,0.02037,1.012e-25,9.099e-06,1.783e-05,0.0001811,3.647e-26,5.758e-06,0.001019,0.0007059,1.193e-07,0.07898,0.00458,0.01608,0.1246,1.481e-05,3.528e-06,0.156
    1560,    1620,0.0043887,0.006043,0.02025,9.969e-26,8.973e-06,1.762e-05,0.0001792,3.595e-26,5.638e-06,0.001009,0.0006994,1.174e-07,0.07861,0.004541,0.01602,0.1241,1.464e-05,3.454e-06,0.156
    1620,    1680,0.0044537,0.005998,0.02012,9.814e-26,8.84e-06,1.741e-05,0.0001771,3.54e-26,5.512e-06,0.0009989,0.0006926,1.153e-07,0.07821,0.004499,0.01595,0.1235,1.446e-05,3.376e-06,0.156
    1680,    1740,0.0043305,0.005953,0.01999,9.661e-26,8.707e-06,1.72e-05,0.000175,3.487e-26,5.387e-06,0.0009886,0.0006857,1.133e-07,0.0778,0.004458,0.01588,0.1229,1.428e-05,3.299e-06,0.156
    1740,    1800,0.0046503,0.005909,0.01987,9.52e-26,8.583e-06,1.699e-05,0.0001731,3.438e-26,5.271e-06,0.0009788,0.0006792,1.114e-07,0.07741,0.004418,0.01581,0.1223,1.411e-05,3.228e-06,0.156
    1800,    1860,0.0046407,0.005863,0.01974,9.372e-26,8.451e-06,1.678e-05,0.000171,3.386e-26,5.15e-06,0.0009684,0.0006723,1.095e-07,0.07699,0.004376,0.01574,0.1217,1.393e-05,3.153e-06,0.156
    1860,    1920,0.0043884,0.005816,0.01961,9.226e-26,8.319e-06,1.656e-05,0.0001689,3.336e-26,5.03e-06,0.0009578,0.0006653,1.075e-07,0.07657,0.004334,0.01566,0.121,1.375e-05,3.079e-06,0.156
    1920,    1980,0.0046252,0.005772,0.01948,9.092e-26,8.195e-06,1.636e-05,0.0001669,3.289e-26,4.919e-06,0.000948,0.0006587,1.056e-07,0.07617,0.004294,0.01559,0.1204,1.358e-05,3.01e-06,0.156
    1980,    2040,0.0044639,0.005724,0.01935,8.951e-26,8.065e-06,1.615e-05,0.0001648,3.24e-26,4.802e-06,0.0009374,0.0006516,1.037e-07,0.07573,0.004251,0.01552,0.1198,1.34e-05,2.939e-06,0.156
    2040,    2100,0.0044915,0.005677,0.01921,8.813e-26,7.935e-06,1.593e-05,0.0001627,3.191e-26,4.687e-06,0.0009269,0.0006446,1.018e-07,0.0753,0.004208,0.01544,0.1191,1.322e-05,2.868e-06,0.156
    2100,    2160,0.0038206,0.005631,0.01908,8.685e-26,7.813e-06,1.573e-05,0.0001608,3.147e-26,4.58e-06,0.0009169,0.0006379,9.997e-08,0.07488,0.004167,0.01537,0.1185,1.305e-05,2.803e-06,0.156
    2160,    2220,0.0025638,0.005583,0.01894,8.551e-26,7.684e-06,1.552e-05,0.0001587,3.1e-26,4.469e-06,0.0009063,0.0006308,9.808e-08,0.07443,0.004124,0.01529,0.1178,1.288e-05,2.734e-06,0.156
    2220,    2280,0.0031018,0.005534,0.0188,8.418e-26,7.555e-06,1.53e-05,0.0001566,3.054e-26,4.358e-06,0.0008956,0.0006236,9.619e-08,0.07398,0.00408,0.01521,0.1172,1.27e-05,2.667e-06,0.156
    2280,    2340,0.0040728,0.005487,0.01867,8.297e-26,7.434e-06,1.51e-05,0.0001546,3.011e-26,4.256e-06,0.0008856,0.0006169,9.443e-08,0.07355,0.004039,0.01514,0.1165,1.253e-05,2.604e-06,0.156
    2340,    2400,0.004047,0.005438,0.01853,8.169e-26,7.307e-06,1.488e-05,0.0001525,2.967e-26,4.149e-06,0.0008749,0.0006097,9.258e-08,0.07308,0.003994,0.01506,0.1158,1.235e-05,2.539e-06,0.156
    2400,    2460,0.0043122,0.005388,0.01838,8.044e-26,7.18e-06,1.467e-05,0.0001504,2.923e-26,4.043e-06,0.0008642,0.0006024,9.075e-08,0.07261,0.00395,0.01497,0.1151,1.217e-05,2.475e-06,0.156
    2460,    2520,0.0042948,0.00534,0.01825,7.928e-26,7.062e-06,1.447e-05,0.0001484,2.882e-26,3.946e-06,0.000854,0.0005956,8.904e-08,0.07217,0.003908,0.0149,0.1144,1.2e-05,2.415e-06,0.156
    2520,    2580,0.0040861,0.00529,0.0181,7.807e-26,6.936e-06,1.426e-05,0.0001463,2.84e-26,3.844e-06,0.0008433,0.0005883,8.724e-08,0.07169,0.003864,0.01481,0.1137,1.182e-05,2.353e-06,0.156
    2580,    2640,0.0026862,0.005238,0.01795,7.687e-26,6.811e-06,1.404e-05,0.0001442,2.797e-26,3.743e-06,0.0008324,0.000581,8.544e-08,0.0712,0.003819,0.01472,0.113,1.165e-05,2.292e-06,0.156
    2640,    2700,0.0036629,0.00519,0.01781,7.576e-26,6.694e-06,1.383e-05,0.0001422,2.759e-26,3.65e-06,0.0008222,0.0005741,8.378e-08,0.07073,0.003776,0.01464,0.1123,1.148e-05,2.235e-06,0.156
    2700,    2760,0.0028218,0.005138,0.01766,7.46e-26,6.575e-06,1.363e-05,0.0001402,2.718e-26,3.553e-06,0.0008115,0.0005667,8.206e-08,0.07024,0.003731,0.01456,0.1115,1.131e-05,2.177e-06,0.156
    2760,    2820,0.0022046,0.005085,0.0175,7.346e-26,6.45e-06,1.341e-05,0.0001381,2.678e-26,3.458e-06,0.0008003,0.0005592,8.032e-08,0.06972,0.003684,0.01447,0.1108,1.112e-05,2.119e-06,0.156
    2820,    2880,0.0020212,0.005034,0.01735,7.24e-26,6.33e-06,1.321e-05,0.0001361,2.641e-26,3.368e-06,0.00079,0.0005521,7.866e-08,0.06925,0.00364,0.01438,0.11,1.096e-05,2.064e-06,0.156
    2880,    2940,0.0018954,0.004979,0.0172,7.129e-26,6.208e-06,1.299e-05,0.0001338,2.601e-26,3.276e-06,0.0007783,0.0005439,7.695e-08,0.06873,0.00359,0.01429,0.1093,1.077e-05,2.009e-06,0.156
    2940,    3000,0.0018241,0.00493,0.01705,7.019e-26,6.098e-06,1.28e-05,0.000132,2.563e-26,3.186e-06,0.0007689,0.0005378,7.535e-08,0.06821,0.003551,0.0142,0.1085,1.062e-05,1.955e-06,0.156
    3000,    3060,0.0017905,0.00488,0.0169,6.918e-26,5.978e-06,1.259e-05,0.00013,2.527e-26,3.099e-06,0.0007583,0.0005307,7.371e-08,0.06771,0.003507,0.01411,0.1077,1.044e-05,1.902e-06,0.156
    3060,    3120,0.002188,0.004826,0.01674,6.812e-26,5.861e-06,1.238e-05,0.0001279,2.49e-26,3.014e-06,0.0007475,0.0005232,7.211e-08,0.06718,0.003461,0.01401,0.1069,1.027e-05,1.851e-06,0.156
    3120,    3180,0.0024046,0.004771,0.01657,6.707e-26,5.743e-06,1.217e-05,0.0001259,2.453e-26,2.927e-06,0.0007365,0.0005158,7.047e-08,0.06663,0.003414,0.01392,0.1061,1.01e-05,1.798e-06,0.156
    3180,    3240,0.0016969,0.00472,0.01642,6.609e-26,5.633e-06,1.198e-05,0.0001239,2.419e-26,2.849e-06,0.0007262,0.0005087,6.896e-08,0.06612,0.00337,0.01382,0.1053,9.935e-06,1.751e-06,0.156
    3240,    3300,0.0016383,0.004664,0.01625,6.507e-26,5.516e-06,1.177e-05,0.0001218,2.383e-26,2.765e-06,0.0007152,0.0005012,6.736e-08,0.06556,0.003323,0.01372,0.1045,9.762e-06,1.7e-06,0.156
    3300,    3360,0.0016237,0.004609,0.01609,6.407e-26,5.4e-06,1.156e-05,0.0001198,2.348e-26,2.684e-06,0.0007043,0.0004937,6.579e-08,0.065,0.003276,0.01362,0.1036,9.59e-06,1.652e-06,0.156
    3360,    3420,0.0016201,0.004556,0.01593,6.315e-26,5.293e-06,1.137e-05,0.0001179,2.315e-26,2.609e-06,0.000694,0.0004866,6.434e-08,0.06446,0.003232,0.01353,0.1028,9.43e-06,1.607e-06,0.156
    3420,    3480,0.0016243,0.0045,0.01576,6.217e-26,5.18e-06,1.116e-05,0.0001158,2.281e-26,2.531e-06,0.0006831,0.0004791,6.279e-08,0.06388,0.003185,0.01342,0.1019,9.259e-06,1.559e-06,0.156
    3480,    3540,0.0016493,0.004444,0.01559,6.121e-26,5.068e-06,1.096e-05,0.0001138,2.247e-26,2.455e-06,0.0006722,0.0004716,6.129e-08,0.0633,0.003138,0.01332,0.101,9.09e-06,1.514e-06,0.156
    3540,    3600,0.0016818,0.00439,0.01542,6.032e-26,4.963e-06,1.076e-05,0.0001119,2.215e-26,2.384e-06,0.0006619,0.0004645,5.988e-08,0.06275,0.003093,0.01322,0.1002,8.931e-06,1.471e-06,0.156
    3600,    3660,0.0019326,0.004333,0.01525,5.938e-26,4.852e-06,1.056e-05,0.0001098,2.182e-26,2.31e-06,0.0006509,0.0004569,5.84e-08,0.06215,0.003045,0.01311,0.09929,8.762e-06,1.427e-06,0.156
    3660,    3720,0.0029353,0.004275,0.01507,5.846e-26,4.743e-06,1.036e-05,0.0001078,2.149e-26,2.238e-06,0.00064,0.0004494,5.695e-08,0.06154,0.002998,0.013,0.09837,8.595e-06,1.384e-06,0.156
    3720,    3780,0.0026746,0.004221,0.01491,5.76e-26,4.641e-06,1.017e-05,0.0001059,2.119e-26,2.172e-06,0.0006298,0.0004423,5.56e-08,0.06097,0.002953,0.01289,0.09749,8.439e-06,1.344e-06,0.156
    3780,    3840,0.002474,0.004162,0.01473,5.67e-26,4.534e-06,9.969e-06,0.0001039,2.087e-26,2.103e-06,0.0006189,0.0004348,5.418e-08,0.06035,0.002905,0.01278,0.09655,8.273e-06,1.303e-06,0.156
    3840,    3900,0.0026573,0.004104,0.01455,5.582e-26,4.429e-06,9.771e-06,0.0001019,2.056e-26,2.036e-06,0.000608,0.0004273,5.279e-08,0.05972,0.002857,0.01267,0.0956,8.109e-06,1.262e-06,0.156
    3900,    3960,0.0020719,0.004048,0.01437,5.499e-26,4.329e-06,9.583e-06,0.0001,2.026e-26,1.974e-06,0.0005978,0.0004202,5.149e-08,0.05912,0.002812,0.01256,0.09468,7.954e-06,1.225e-06,0.156
    3960,    4020,0.0016938,0.003989,0.01419,5.412e-26,4.226e-06,9.388e-06,9.806e-05,1.996e-26,1.909e-06,0.000587,0.0004126,5.014e-08,0.05848,0.002764,0.01244,0.0937,7.792e-06,1.187e-06,0.156
    4020,    4080,0.0016566,0.00393,0.014,5.327e-26,4.124e-06,9.192e-06,9.609e-05,1.965e-26,1.847e-06,0.0005762,0.0004051,4.881e-08,0.05783,0.002716,0.01232,0.09271,7.631e-06,1.149e-06,0.156
    4080,    4140,0.0017603,0.003874,0.01383,5.247e-26,4.028e-06,9.01e-06,9.425e-05,1.937e-26,1.789e-06,0.000566,0.0003981,4.758e-08,0.05721,0.002671,0.01221,0.09176,7.48e-06,1.115e-06,0.156
    4140,    4200,0.0024765,0.003814,0.01364,5.164e-26,3.928e-06,8.817e-06,9.231e-05,1.908e-26,1.729e-06,0.0005553,0.0003906,4.628e-08,0.05654,0.002623,0.01208,0.09075,7.321e-06,1.079e-06,0.156
    4200,    4260,0.002162,0.003753,0.01345,5.082e-26,3.829e-06,8.627e-06,9.038e-05,1.879e-26,1.671e-06,0.0005445,0.0003831,4.501e-08,0.05587,0.002575,0.01196,0.08971,7.163e-06,1.044e-06,0.156
    4260,    4320,0.0018859,0.003696,0.01327,5.006e-26,3.737e-06,8.448e-06,8.856e-05,1.851e-26,1.616e-06,0.0005344,0.0003761,4.383e-08,0.05523,0.002529,0.01184,0.08873,7.015e-06,1.011e-06,0.156
    4320,    4380,0.0024615,0.003635,0.01307,4.926e-26,3.641e-06,8.259e-06,8.665e-05,1.823e-26,1.561e-06,0.0005238,0.0003686,4.26e-08,0.05454,0.002481,0.01171,0.08767,6.859e-06,9.78e-07,0.156
    4380,    4440,0.0024988,0.003574,0.01288,4.847e-26,3.546e-06,8.073e-06,8.476e-05,1.794e-26,1.507e-06,0.0005132,0.0003612,4.14e-08,0.05384,0.002433,0.01158,0.0866,6.705e-06,9.457e-07,0.156
    4440,    4500,0.0025005,0.003516,0.01269,4.773e-26,3.458e-06,7.899e-06,8.299e-05,1.768e-26,1.457e-06,0.0005032,0.0003542,4.028e-08,0.05317,0.002388,0.01146,0.08558,6.561e-06,9.16e-07,0.156
    4500,    4560,0.0024851,0.003455,0.0125,4.695e-26,3.365e-06,7.716e-06,8.112e-05,1.741e-26,1.405e-06,0.0004927,0.0003469,3.911e-08,0.05246,0.00234,0.01133,0.08448,6.409e-06,8.85e-07,0.156
    4560,    4620,0.0024643,0.003389,0.01228,4.601e-26,3.269e-06,7.524e-06,7.915e-05,1.708e-26,1.354e-06,0.0004815,0.000339,3.792e-08,0.0517,0.002289,0.01118,0.08331,6.249e-06,8.542e-07,0.156
    4620,    4680,0.0023953,0.00333,0.01209,4.549e-26,3.182e-06,7.352e-06,7.74e-05,1.691e-26,1.306e-06,0.0004716,0.0003321,3.682e-08,0.05099,0.002244,0.01105,0.08222,6.107e-06,8.255e-07,0.156
    4680,    4740,0.0022739,0.003268,0.01189,4.463e-26,3.094e-06,7.175e-06,7.558e-05,1.642e-26,1.257e-06,0.0004613,0.0003249,3.572e-08,0.05026,0.002197,0.01091,0.08108,5.96e-06,7.967e-07,0.156
    4740,    4800,0.0023598,0.003206,0.01169,4.394e-26,3.008e-06,7e-06,7.378e-05,1.633e-26,1.212e-06,0.000451,0.0003176,3.464e-08,0.04951,0.002149,0.01077,0.07993,5.814e-06,7.692e-07,0.156
    4800,    4860,0.0023456,0.003148,0.01149,4.325e-26,2.927e-06,6.837e-06,7.21e-05,1.608e-26,1.17e-06,0.0004414,0.0003109,3.365e-08,0.0488,0.002105,0.01064,0.07883,5.679e-06,7.44e-07,0.156
    4860,    4920,0.0023319,0.003085,0.01129,4.253e-26,2.843e-06,6.665e-06,7.033e-05,1.582e-26,1.127e-06,0.0004312,0.0003037,3.261e-08,0.04804,0.002058,0.01049,0.07765,5.536e-06,7.179e-07,0.156
    4920,    4980,0.002313,0.003023,0.01108,4.181e-26,2.76e-06,6.494e-06,6.858e-05,1.557e-26,1.085e-06,0.0004211,0.0002966,3.159e-08,0.04727,0.002011,0.01035,0.07646,5.395e-06,6.924e-07,0.156
