CampaignData_and_Merges/R0/CSL_MobileLab_Parked/raw/20240810/USOS-NOAAIodideCIMS-HCOOH_MobileLabGround_20240810_RA.ict
33, 1001
Michael A Robinson, Chris Jernigan, Subi Thakali
NOAA ESRL Chemical Sciences Laboratory and CIRES, U. of Colorado
NOAA Iodide CIMS Instrument
USOS
1, 1
2024, 08, 10, 2024, 08, 11
1
starttime_UTC, seconds_past_midnight, seconds_of_day_since_00:00:00_UTC
1
1
-9999
HCOOH_NOAACIMS, pptv, Gas_HCOOH_InSitu_S_AVMR, 
0
18
PI_CONTACT_INFO: 325 Broadway, R/CSD 7, Boulder, Colorado 80305; michael.a.robinson@noaa.gov; chris.jernigan@noaa.gov;
PLATFORM: NOAA CSL Mobile Lab
LOCATION: SLC, Utah
ASSOCIATED_DATA: 1Hz data also available on request.
INSTRUMENT_INFO: NOAA I- ToF CIMS
DATA_INFO: All data in parts per trillion by volume (pptv). 1 Hz data is available upon request.
UNCERTAINTY: TBD
ULOD_FLAG: -7777
ULOD_VALUE: N/A
LLOD_FLAG: -8888
LLOD_VALUE: N/A
DM_CONTACT_INFO: Nathan Howard; nathan.h.howard@noaa.gov
PROJECT_INFO: USOS, summer 2024. https://csl.noaa.gov/groups/csl7/measurements/2024usos/
STIPULATIONS_ON_USE: Users are strongly encouraged to contact the PI for proper data usage.
OTHER_COMMENTS: 
REVISION: RA
RA: Preliminary Data; For in-field use only
starttime_UTC, HCOOH_NOAACIMS
[from data line 941]
 56460, -9999.000
 56520, -9999.000
 56580, -9999.000
 56640, -9999.000
 56700, -9999.000
 56760, -9999.000
 56820, -9999.000
 56880, -9999.000
 56940, -9999.000
 57000, -9999.000
 57060, -9999.000
 57120, -9999.000
 57180, -9999.000
 57240, -9999.000
 57300, -9999.000
 57360, -9999.000
 57420, -9999.000
 57480, 2578.123
 57540, 2087.940
 57600, 1993.397
 57660, 1960.311
 57720, 1980.143
 57780, 1980.733
 57840, 1942.767
 57900, 1968.447
 57960, 1945.056
 58020, 1882.364
 58080, 1928.903
 58140, 2005.365
 58200, 1973.174
 58260, 1939.522
 58320, 1952.113
 58380, 1926.201
 58440, 1893.580
 58500, 1925.088
 58560, 1956.478
 58620, 1993.075
 58680, 2003.137
 58740, 1947.290
 58800, 1961.178
 58860, 1979.820
 58920, 1973.698
 58980, 1956.121
 59040, 1898.644
 59100, 1862.346
 59160, 1876.126
 59220, 1877.624
 59280, 1852.887
 59340, -9999.000
 59400, 1799.467
 59460, 1783.812
 59520, 1837.988
 59580, 1766.866
 59640, 1761.073
 59700, 1779.547
 59760, 1747.945
 59820, 1761.182
 59880, 1760.070
 59940, 1771.617
 60000, 1772.402
 60060, 1775.839
 60120, 1727.381
 60180, 1801.476
 60240, 1820.120
 60300, 1807.163
 60360, 1766.280
 60420, 1746.320
 60480, 1772.107
 60540, 1827.185
 60600, 1787.864
 60660, 1782.698
 60720, 1780.099
 60780, 1777.448
 60840, 1762.333
 60900, 1736.841
 60960, 1768.690
 61020, 1785.770
 61080, 1789.329
 61140, 1768.303
 61200, -9999.000
 61260, 1808.885
 61320, 1914.382
 61380, 2030.249
 61440, 1966.571
 61500, 1834.206
 61560, 1865.607
 61620, 1896.646
 61680, 1892.183
 61740, 1829.834
 61800, 1821.498
 61860, 1791.368
 61920, 1802.675
 61980, 1760.724
 62040, 1668.455
 62100, 1629.785
 62160, 1628.757
 62220, 1612.542
 62280, 1638.436
 62340, 1673.392
 62400, 1673.288
 62460, 1708.997
 62520, 1744.166
 62580, 1823.442
 62640, 1842.476
 62700, 1836.889
 62760, 1816.367
 62820, 1797.200
 62880, 1793.676
 62940, 1791.952
 63000, 1791.267
 63060, -9999.000
 63120, 1680.375
 63180, 1718.590
 63240, 1771.973
 63300, 1761.744
 63360, 1767.737
 63420, 1801.840
 63480, 1753.333
 63540, 1799.176
 63600, 1841.732
 63660, 1701.369
 63720, 1642.816
 63780, 1663.684
 63840, 1727.806
 63900, 1765.429
 63960, 1783.433
 64020, 1738.265
 64080, 1754.626
 64140, 1738.477
 64200, 1716.784
 64260, 1766.177
 64320, 1719.701
 64380, 1743.835
 64440, 1831.932
 64500, 1805.606
 64560, 1823.178
 64620, 1700.655
 64680, 1598.442
 64740, 1626.991
 64800, 1379.684
 64860, 1366.312
 64920, 1259.100
 64980, 1249.156
 65040, 1226.331
 65100, 1294.460
 65160, 1300.610
 65220, 1340.127
 65280, 1363.410
 65340, 1288.582
 65400, 1247.258
 65460, 1289.924
 65520, 1260.243
 65580, 1246.136
 65640, 1169.296
 65700, 1193.558
 65760, 1225.903
 65820, 1305.916
 65880, 1243.280
 65940, 1231.548
 66000, 1303.505
 66060, 1262.295
 66120, 1224.285
 66180, 1207.262
 66240, 1208.991
 66300, 1224.867
 66360, 1281.360
 66420, 1300.048
 66480, 1315.374
 66540, 1324.480
 66600, 1332.688
 66660, 1329.227
 66720, 1292.637
 66780, 1312.707
 66840, 1221.146
 66900, 1265.052
 66960, 1299.823
 67020, 1275.817
 67080, 1291.408
 67140, 1289.646
 67200, 1244.056
 67260, 1287.092
 67320, 1347.827
 67380, 1359.833
 67440, 1353.211
 67500, 1315.125
 67560, 1206.141
 67620, 1253.509
 67680, 1316.909
 67740, 1353.576
 67800, 1252.627
 67860, 1257.512
 67920, 1260.086
 67980, 1256.341
 68040, 1250.521
 68100, 1262.672
 68160, 1222.601
 68220, 1256.662
 68280, 1290.297
 68340, 1295.034
 68400, 1321.016
 68460, 1307.442
 68520, 1284.130
 68580, 1305.441
 68640, 1288.713
 68700, 1235.452
 68760, 1228.485
 68820, 1229.636
 68880, 1231.912
 68940, 1239.584
 69000, 1249.574
 69060, 1283.692
 69120, 1309.176
 69180, 1291.640
 69240, 1271.656
 69300, 1308.005
 69360, 1269.864
 69420, 1250.677
 69480, 1317.701
 69540, 1392.515
 69600, 1391.820
 69660, 1256.208
 69720, 1260.289
 69780, 1293.088
 69840, 1281.801
 69900, 1319.340
 69960, 1243.824
 70020, 1275.624
 70080, 1284.815
 70140, 1261.699
 70200, 1246.094
 70260, 1243.704
 70320, 1244.606
 70380, 1239.231
 70440, -9999.000
 70500, 1178.806
 70560, 1207.836
 70620, 1282.264
 70680, 1171.666
 70740, 1099.113
 70800, 1133.301
 70860, 1112.761
 70920, 1148.707
 70980, 1192.358
 71040, 1173.324
 71100, 1259.012
 71160, 1272.272
 71220, 1214.625
 71280, 1201.413
 71340, 1234.945
 71400, 1233.662
 71460, 1209.918
 71520, 1220.872
 71580, 1198.704
 71640, 1216.809
 71700, 1271.010
 71760, 1221.259
 71820, 1238.311
 71880, 1260.799
 71940, 1332.228
 72000, 1361.228
 72060, 1431.089
 72120, 1548.894
 72180, 1458.245
 72240, 1123.399
 72300, 969.957
 72360, 1030.083
 72420, 1073.419
 72480, 1038.408
 72540, 1328.756
 72600, 1431.419
 72660, 1680.437
 72720, 1820.158
 72780, 2603.776
 72840, 2499.365
 72900, 2461.944
 72960, 2481.469
 73020, 2717.156
 73080, 3158.888
 73140, 2929.848
 73200, 2419.214
 73260, 2215.817
 73320, 2080.485
 73380, 1996.379
 73440, 1839.546
 73500, 1897.022
 73560, 2132.981
 73620, 2214.368
 73680, 2359.381
 73740, 2215.526
 73800, 2282.708
 73860, 2249.350
 73920, 2334.301
 73980, 2459.557
 74040, 2550.070
 74100, 2425.471
 74160, -9999.000
 74220, 2523.419
 74280, 2296.764
 74340, 2309.846
 74400, 2409.267
 74460, 2344.792
 74520, 2718.925
 74580, 2529.412
 74640, 2230.083
 74700, 1971.699
 74760, 2157.437
 74820, 2160.534
 74880, 2291.970
 74940, 2288.460
 75000, 2455.086
 75060, 2526.467
 75120, 2387.523
 75180, 2293.991
 75240, 2317.087
 75300, 2385.959
 75360, 2476.105
 75420, 2463.897
 75480, 2440.477
 75540, 2484.344
 75600, 2545.464
 75660, 2500.312
 75720, 2522.060
 75780, 2536.470
 75840, 2549.099
 75900, 2434.955
 75960, 2615.973
 76020, 2732.660
 76080, 2642.028
 76140, 2421.609
 76200, 2075.703
 76260, 1931.306
 76320, 1892.333
 76380, 1921.904
 76440, 1777.254
 76500, 1636.673
 76560, 1543.807
 76620, 1565.996
 76680, 1593.670
 76740, 1500.237
 76800, 1481.547
 76860, 1485.989
 76920, 1438.149
 76980, 1385.346
 77040, 1392.288
 77100, 1375.181
 77160, 1317.438
 77220, 1347.713
 77280, 1386.554
 77340, 1328.777
 77400, 1397.266
 77460, 1490.624
 77520, 1462.736
 77580, 1507.026
 77640, 1520.719
 77700, 1452.351
 77760, 1409.943
 77820, -9999.000
 77880, 1350.287
 77940, 1331.029
 78000, 1410.071
 78060, 1413.168
 78120, 1382.510
 78180, 1337.978
 78240, 1340.647
 78300, 1374.573
 78360, 1429.032
 78420, 1412.371
 78480, 1370.338
 78540, 1449.480
 78600, 1409.305
 78660, 1389.648
 78720, 1384.668
 78780, 1403.400
 78840, 1439.365
 78900, 1428.130
 78960, 1495.383
 79020, 1501.894
 79080, 1431.028
 79140, 1464.416
 79200, 1553.122
 79260, 1555.027
 79320, 1546.998
 79380, 1506.519
 79440, 1552.640
 79500, 1575.884
 79560, 1527.142
 79620, 1527.830
 79680, -9999.000
 79740, 1562.222
 79800, 1536.535
 79860, 1534.912
 79920, 1496.940
 79980, 1522.800
 80040, 1498.340
 80100, 1542.650
 80160, 1671.207
 80220, 1609.277
 80280, 1542.998
 80340, 1664.540
 80400, 1698.122
 80460, 1659.818
 80520, 1669.487
 80580, 1597.980
 80640, 1558.709
 80700, 1595.557
 80760, 1502.918
 80820, 1522.226
 80880, 1511.445
 80940, 1466.891
 81000, 1462.472
 81060, 1463.279
 81120, 1473.872
 81180, 1503.797
 81240, 1484.282
 81300, 1468.360
 81360, 1482.143
 81420, 1502.224
 81480, 1513.205
 81540, -9999.000
 81600, 1444.763
 81660, 1479.376
 81720, 1503.797
 81780, 1459.768
 81840, 1416.754
 81900, 1421.441
 81960, 1434.601
 82020, 1490.736
 82080, 1546.705
 82140, 1630.710
 82200, 1697.233
 82260, 1573.778
 82320, 1642.610
 82380, 1472.440
 82440, 1430.560
 82500, 1425.490
 82560, 1442.486
 82620, 1533.387
 82680, 1578.807
 82740, 1521.082
 82800, 1583.276
 82860, 1609.889
 82920, 1553.683
 82980, 1737.405
 83040, 1794.004
 83100, 1701.110
 83160, 1738.455
 83220, 1858.939
 83280, 1788.479
 83340, 1792.903
 83400, 1819.934
 83460, 1765.432
 83520, 1733.724
 83580, 1755.129
 83640, 1785.018
 83700, 1838.540
 83760, 1849.201
 83820, 1904.005
 83880, 1935.983
 83940, 1934.090
 84000, 1919.815
 84060, 1910.084
 84120, 1905.019
 84180, 1906.430
 84240, 1975.203
 84300, 1924.754
 84360, 1849.113
 84420, 1798.683
 84480, 1745.928
 84540, 1738.440
 84600, 1608.899
 84660, 1526.841
 84720, 1543.933
 84780, 1741.769
 84840, 1669.143
 84900, 1679.887
 84960, 1497.762
 85020, 1375.452
 85080, 1311.227
 85140, 1364.464
 85200, -9999.000
 85260, 1316.220
 85320, 1326.678
 85380, 1363.464
 85440, 1347.275
 85500, 1354.859
 85560, 1350.848
 85620, 1358.513
 85680, 1336.786
 85740, 1348.060
 85800, 1386.712
 85860, 1333.103
 85920, 1358.220
 85980, 1352.739
 86040, 1359.619
 86100, 1217.495
 86160, 1255.789
 86220, 1272.145
 86280, 1402.207
 86340, 1468.155
