CampaignData_and_Merges/R0/CSL_MobileLab_Parked/raw/20240810/USOS-HCHO_MobileLabGround_20240810_R0.ict
35,1001
Huang, Yaoxian
Wayne State University
Picarro G2307 on CSL Mobile Lab
USOS
1,1
2024,08,10,2024,08,13
1.0
Time_Start,seconds_since_midnight,number_of_seconds_since_0000_UTC
3
1.0,1.0,1.0
-9999.0,-9999.0,-9999.0
HCHO,ppbv,Gas_HCHO_InSitu_S_AVMR,volume mixing ratio of formaldehyde in air
H2O,ppmv,Gas_H2O_InSitu_S_AVMR,volume mixing ratio of water vapor in air
CH4,ppmv,Gas_CH4_InSitu_S_AVMR,volume mixing ratio of methane in air
0
18
PI_CONTACT_INFO: yaoxian.huang@wayne.edu
PLATFORM: CSL Mobile Lab, at Ground Site
LOCATION: Salt Lake City, UT
ASSOCIATED_DATA: N/A
INSTRUMENT_INFO: Cavity Ring-Down Spectrometer
DATA_INFO: Data is averaged to 1 minute intervals for stationary and 1 second interval for driving. Stationary data collected from a 20 ft tower on top of the mobile lab.
UNCERTAINTY: N/A
ULOD_FLAG: -7777
ULOD_VALUE: N/A
LLOD_FLAG: -8888
LLOD_VALUE: N/A
DM_CONTACT_INFO: Yaoxian Huang; yaoxian.huang@wayne.edu
PROJECT_INFO: USOS, Summer 2024. https://csl.noaa.gov/groups/csl7/measurements/2024usos/
STIPULATIONS_ON_USE: Users are strongly encouraged to contact the PI for proper data usage.
OTHER_COMMENTS: Data have been shifted backwards by 1 minute to align with USOS MetNav and Picarro GHG data.
REVISION: R0
R0: Final Data
Time_Start,HCHO,H2O,CH4
0,1.60328,12334.8,1.90179
60,1.53396,13239.9,1.9034
120,1.9418,13987.2,1.90251
180,1.81951,15046.5,1.90039
240,2.33458,15993.2,1.89771
300,2.15051,17181.3,1.89769
360,1.98106,19038.7,1.89213
420,1.98327,20107.1,1.8843
480,2.00767,20447.6,1.8856
540,2.08942,21347.4,1.88802
600,2.05832,21360.7,1.88726
660,1.58593,20953.7,1.88456
720,1.69804,21005.0,1.87913
780,1.56167,20682.2,1.88335
840,1.54215,19788.2,1.88454
900,1.47136,19058.9,1.88337
960,1.65043,18831.6,1.88103
1020,1.64389,19227.4,1.88372
1080,2.0372,21028.0,1.87936
1140,1.90059,22183.3,1.88189
1200,1.76665,20845.6,1.8838
1260,2.00058,20658.1,1.88658
1320,2.21104,20503.6,1.8887
1380,2.06048,21420.4,1.8898
1440,2.22522,21251.4,1.88875
1500,2.31067,21085.1,1.8898
1560,2.20138,19347.5,1.89371
1620,2.20479,20427.1,1.89189
1680,2.26094,21022.2,1.88881
1740,2.58792,20973.3,1.89333
1800,3.06875,21419.4,1.89206
1860,2.60972,21379.4,1.89022
1920,2.22983,20822.8,1.88966
1980,2.28155,20681.4,1.89278
2040,2.45855,20494.3,1.89131
2100,2.44494,19620.7,1.89268
2160,2.51604,19690.1,1.89377
2220,2.48828,19467.9,1.89124
2280,2.42392,19485.3,1.89167
2340,2.50373,19510.1,1.89556
2400,2.50652,19630.0,1.89237
2460,3.02869,19264.8,1.89331
2520,2.74674,19251.2,1.89523
2580,2.29346,18504.1,1.89454
2640,2.30424,18118.8,1.89624
2700,2.52579,18455.2,1.89735
2760,1.98001,17047.8,1.89865
2820,2.01406,17092.7,1.89814
2880,1.96018,16094.5,1.89917
2940,1.89974,16053.0,1.89909
3000,1.8704,15989.4,1.89874
3060,1.88402,16259.0,1.89921
3120,1.98963,16888.9,1.89756
3180,2.02524,17203.1,1.89917
3240,2.27138,16841.2,1.89736
3300,1.9946,16661.1,1.90031
3360,1.78981,16940.2,1.89654
3420,2.03267,16518.0,1.89989
3480,2.10792,16663.5,1.8985
3540,-0.608752,16578.8,1.90963
3600,1.85394,15803.0,1.89853
3660,1.65348,15966.9,1.89973
3720,1.56115,15445.4,1.89869
3780,1.53547,15625.4,1.89854
3840,1.55985,15320.1,1.89901
3900,1.4858,15230.7,1.89951
3960,1.53927,15528.7,1.89686
4020,1.80895,15054.2,1.9011
4080,1.66379,15135.5,1.89973
4140,1.75784,15062.5,1.89755
4200,1.65254,14710.5,1.89666
4260,1.70423,14232.1,1.89761
4320,1.67794,14460.9,1.89751
4380,1.67199,14506.5,1.89788
4440,1.58665,14571.9,1.89773
4500,1.54671,14713.3,1.89786
4560,1.39225,14727.7,1.89844
4620,1.51277,14415.3,1.89758
4680,1.65566,14670.4,1.8981
4740,1.69887,14373.8,1.89607
4800,1.76298,14456.7,1.89578
4860,1.6484,14470.9,1.896
4920,1.62856,14583.8,1.8965
4980,1.63627,14486.5,1.89546
5040,1.51789,14427.6,1.8987
5100,1.55193,14476.6,1.89509
5160,1.53548,14017.1,1.89597
5220,1.69162,13802.9,1.89403
5280,1.32734,14095.6,1.8945
5340,1.54295,14406.8,1.89594
5400,1.37614,14005.1,1.89619
5460,1.28037,14060.4,1.89457
5520,1.41536,13598.0,1.89493
5580,1.41205,13368.8,1.89431
5640,1.29002,13019.0,1.89348
5700,1.44018,13095.3,1.89965
5760,1.25219,13495.7,1.89441
5820,1.36079,13102.7,1.89429
5880,1.1689,13020.2,1.89527
5940,1.40808,13360.8,1.89694
6000,1.47772,13123.8,1.89602
6060,1.32763,13008.3,1.89603
6120,1.04354,12519.1,1.89561
6180,1.06083,12493.5,1.89453
6240,1.36145,12932.7,1.89482
6300,1.41466,13306.9,1.89578
6360,1.2282,12714.0,1.89445
6420,1.20312,12666.4,1.8945
6480,1.08404,12735.1,1.89613
6540,1.27439,12652.1,1.89562
6600,1.33063,12861.7,1.89532
6660,1.2191,12893.5,1.89718
6720,1.46948,13012.7,1.89462
6780,1.14917,12996.8,1.89386
6840,1.04458,12987.3,1.89536
6900,1.36458,13093.7,1.89514
6960,1.16472,13014.3,1.89482
7020,1.205,13089.1,1.89853
7080,1.23846,13126.2,1.89523
7140,1.05996,13216.9,1.89719
7200,1.27011,13454.4,1.89667
7260,1.08772,13364.7,1.89758
7320,1.12819,13388.8,1.89973
7380,1.05606,13400.5,1.89786
7440,1.33274,13265.5,1.89746
7500,1.07208,13189.8,1.89706
7560,1.30273,13207.6,1.89723
7620,1.31393,12931.8,1.89542
7680,1.08033,12747.8,1.89878
7740,0.975252,12594.4,1.89727
7800,0.863764,12540.4,1.89551
7860,1.13594,12643.2,1.89597
7920,1.0785,12672.8,1.89833
7980,0.952987,12703.7,1.89933
8040,0.847465,12663.1,1.8974
8100,1.18441,12634.1,1.89716
8160,1.01445,12457.0,1.89628
8220,0.897793,12505.4,1.89709
8280,1.19186,12539.4,1.89917
8340,1.11728,12444.4,1.89651
8400,1.00734,12483.1,1.89607
8460,1.0993,12424.5,1.89674
8520,0.913036,12346.8,1.89746
8580,1.11961,12542.6,1.89492
8640,1.13164,12485.5,1.89723
8700,1.18715,12575.2,1.89422
8760,1.27332,12459.6,1.89506
8820,1.10468,12447.3,1.89668
8880,1.06201,12477.3,1.89834
8940,1.24767,12546.6,1.89714
9000,0.981096,12512.1,1.89842
9060,1.19431,12443.7,1.89561
9120,0.982391,12469.8,1.89771
9180,1.31481,12635.3,1.89481
9240,0.977497,12648.4,1.89944
9300,0.992055,12754.1,1.89453
9360,1.00434,12592.2,1.89632
9420,1.07078,12520.5,1.89453
9480,1.04298,12720.7,1.89574
9540,0.73582,12687.3,1.89418
9600,0.892451,12674.1,1.89674
9660,1.00426,12533.6,1.89819
9720,1.03145,12647.0,1.89464
9780,1.09094,12754.8,1.89721
9840,1.08863,12636.3,1.8969
9900,1.12956,12564.2,1.8949
9960,0.894646,12560.5,1.89523
10020,0.868307,12511.5,1.89564
10080,0.899336,12448.4,1.89548
10140,0.74965,12451.3,1.89529
10200,1.012,12489.5,1.89765
10260,0.870403,12274.7,1.89686
10320,0.938389,12229.9,1.89945
10380,0.753617,12269.0,1.89753
10440,0.869619,12311.4,1.8981
10500,0.814575,12372.3,1.89845
10560,0.759762,12303.7,1.89789
10620,0.849199,12294.3,1.89736
10680,1.00004,12346.5,1.89999
10740,1.01924,12303.5,1.89886
10800,0.743688,12370.0,1.89351
10860,0.888467,12329.9,1.89644
10920,1.02724,12233.7,1.89779
10980,1.03051,12260.4,1.89752
11040,0.897572,12313.0,1.89772
11100,0.877208,12294.2,1.89906
11160,0.732752,12259.5,1.89746
11220,0.7801,12187.5,1.89758
11280,0.746779,12244.1,1.89938
11340,0.897245,12144.6,1.89642
11400,0.972757,12164.7,1.89618
11460,0.90603,12244.3,1.89686
11520,1.12231,12253.1,1.8979
11580,0.992874,12277.7,1.89629
11640,0.992208,12223.1,1.89911
11700,1.03012,12249.3,1.89732
11760,1.08602,12221.2,1.89672
11820,1.16298,12186.2,1.8973
11880,0.892756,12247.4,1.8969
11940,1.04662,12159.5,1.89865
12000,0.719566,12227.1,1.89777
12060,0.747156,12145.5,1.89511
12120,1.00119,12123.8,1.89792
12180,0.953924,12103.6,1.89625
12240,1.14712,12262.4,1.8982
12300,0.853768,12218.0,1.89743
12360,0.880046,12168.1,1.89757
12420,0.997455,12208.3,1.89884
12480,1.05976,12272.8,1.89867
12540,1.07327,12223.9,1.89833
12600,0.782431,12256.6,1.90028
12660,1.00435,12392.0,1.89841
12720,0.98741,12345.7,1.89733
12780,0.960612,12378.1,1.89863
12840,0.995089,12427.3,1.89886
12900,0.976243,12942.5,1.89662
12960,1.14969,12840.1,1.89857
13020,1.08862,12909.3,1.89981
13080,0.790627,12870.5,1.89586
13140,0.998921,12584.1,1.89686
13200,1.18761,12736.6,1.89871
13260,1.01663,12955.1,1.89868
13320,0.901557,12874.5,1.89607
13380,1.31258,13248.1,1.89603
13440,0.937542,12704.3,1.89718
13500,1.23005,13091.4,1.89799
13560,1.02187,12867.2,1.89959
13620,1.10565,12622.0,1.89824
13680,1.00929,12663.1,1.89646
13740,1.19866,12975.5,1.89725
13800,1.19063,12622.8,1.89643
13860,1.10991,12943.7,1.89768
13920,1.10634,12913.2,1.9001
13980,1.1403,12725.6,1.89838
14040,1.08557,12800.2,1.8982
14100,1.07515,12784.8,1.89899
14160,1.07014,13130.3,1.89689
14220,1.23643,13212.8,1.89542
14280,1.02791,13106.5,1.8998
14340,1.21039,13199.4,1.89718
14400,1.13671,13305.7,1.89882
14460,0.972272,12849.4,1.89734
14520,1.10742,12820.3,1.89676
14580,1.32194,12904.4,1.89668
14640,1.05504,13054.3,1.89759
14700,1.33679,12823.2,1.89962
14760,1.30138,13022.0,1.89824
14820,1.14916,12789.6,1.89653
14880,1.1968,13142.8,1.89566
14940,1.36898,13300.7,1.89638
15000,1.35842,12917.7,1.89868
15060,0.929561,12931.4,1.90049
15120,0.947659,12978.2,1.89889
15180,1.21852,12760.7,1.89829
15240,0.952635,12783.1,1.89947
15300,1.46199,12708.5,1.899
15360,0.989805,12995.2,1.89932
15420,1.25645,12807.2,1.89917
15480,1.13887,13031.9,1.8974
15540,0.989669,13114.4,1.89793
15600,1.11922,12872.1,1.89623
15660,1.16886,13094.7,1.89858
15720,1.05528,12755.1,1.89949
15780,1.19512,12750.1,1.8983
15840,0.965697,12452.2,1.8934
15900,1.19645,12563.6,1.89768
15960,1.00294,12567.7,1.89833
16020,1.05356,12540.3,1.8989
16080,1.01669,12411.5,1.89709
16140,1.02678,12510.9,1.89744
16200,1.07137,12395.0,1.89816
16260,0.988611,12407.9,1.89738
16320,1.07206,12491.8,1.90003
16380,1.02408,12269.0,1.89949
16440,1.03958,12502.2,1.8966
16500,0.942553,12364.3,1.89808
16560,1.06479,12331.4,1.89642
16620,1.00435,12263.4,1.89855
16680,0.96709,12298.3,1.8971
16740,1.24161,12369.8,1.89657
16800,1.11589,12496.9,1.89952
16860,0.883205,12340.3,1.89877
16920,1.06111,12337.3,1.8997
16980,0.837363,12123.3,1.89865
17040,1.07308,12282.1,1.89687
17100,1.09221,12340.7,1.89706
17160,1.15428,12322.2,1.89853
17220,1.02966,12328.0,1.89559
17280,1.15556,12471.5,1.89799
17340,1.10005,12218.6,1.90065
17400,0.889932,12280.3,1.89672
17460,1.22722,12145.8,1.89958
17520,1.0227,12269.7,1.89817
17580,1.14355,12141.4,1.89828
17640,0.797268,12321.0,1.89756
17700,1.04035,12209.0,1.89901
17760,0.937581,12348.3,1.89701
17820,1.11245,12343.3,1.89772
17880,0.97704,12232.0,1.90096
17940,1.03898,12097.3,1.89999
18000,1.30576,12099.0,1.89939
18060,1.00973,12159.1,1.89859
18120,1.16294,12077.2,1.89885
18180,1.14774,12207.1,1.89881
18240,0.95108,12022.4,1.89876
18300,1.17361,12263.6,1.89771
18360,1.10651,12235.1,1.89939
18420,0.843992,12283.5,1.89756
18480,1.10215,12125.4,1.8988
18540,1.09924,12063.2,1.89599
18600,1.01983,12092.5,1.89711
18660,0.870381,12096.8,1.89525
18720,1.10699,12095.9,1.89818
18780,0.980856,12116.3,1.89688
18840,1.08812,12092.6,1.89787
18900,0.980354,12168.3,1.89825
18960,1.35883,12188.5,1.89887
19020,1.19627,12471.2,1.89957
19080,1.08659,11982.2,1.89797
19140,1.27143,12042.3,1.89985
19200,1.16374,11914.7,1.89794
19260,1.05186,12069.9,1.89853
19320,1.13856,12219.6,1.8991
19380,1.04368,12044.5,1.90042
19440,0.902919,12191.3,1.89752
19500,1.27976,12045.8,1.90156
19560,1.00834,11992.5,1.89976
19620,0.937336,11946.3,1.89896
19680,1.15484,12069.4,1.89919
19740,1.25662,12244.9,1.89778
19800,1.12682,12003.2,1.89973
19860,1.16925,12155.8,1.89867
19920,1.11161,12247.4,1.89888
19980,1.08198,12217.7,1.8975
20040,0.995313,12116.5,1.89871
20100,1.06917,11991.8,1.89948
20160,0.963523,12023.9,1.89583
20220,1.29031,12421.7,1.89771
20280,1.23847,12424.2,1.89814
20340,1.15902,12218.5,1.90023
20400,1.13341,12090.9,1.89832
20460,1.22225,12094.9,1.89725
20520,1.06064,12209.8,1.89634
20580,1.14459,12232.4,1.89877
20640,1.17814,12087.0,1.89627
20700,1.19184,12155.9,1.89701
20760,1.1125,12020.7,1.89767
20820,1.1292,12212.1,1.89837
20880,1.23069,12117.2,1.89809
20940,1.08344,12173.1,1.8984
21000,1.16129,12226.2,1.90077
21060,1.08973,12349.3,1.90197
21120,1.41326,12413.0,1.90066
21180,1.1665,12615.2,1.89937
21240,1.23803,12428.9,1.90503
21300,1.22468,12275.6,1.9071
21360,1.43223,12286.0,1.90631
21420,1.52909,12343.8,1.90632
21480,1.43956,12224.0,1.90638
21540,1.25159,11677.1,1.90048
21600,1.12477,11858.3,1.90241
21660,1.3728,12669.0,1.90957
21720,1.63966,12575.4,1.91633
21780,1.67133,12599.0,1.91347
21840,1.41515,12615.4,1.91359
21900,1.39928,12376.3,1.91519
21960,1.48242,12270.8,1.91359
22020,1.46641,12313.0,1.91159
22080,1.50085,12489.2,1.91519
22140,1.56592,12352.3,1.91459
22200,1.46049,12363.8,1.91565
22260,1.26314,12418.1,1.9137
22320,1.34721,12412.6,1.91119
22380,1.67467,12313.4,1.91244
22440,1.37302,12250.7,1.90906
22500,1.30119,12369.7,1.90908
22560,1.46132,12410.2,1.90742
22620,1.29357,12375.8,1.90817
22680,1.44559,12335.1,1.90667
22740,1.41143,12366.4,1.90702
22800,1.30488,12404.6,1.90715
22860,1.22865,12395.4,1.90657
22920,1.14642,12407.6,1.90681
22980,1.428,12431.5,1.90702
23040,1.30918,12344.6,1.90405
23100,1.36941,12490.5,1.90372
23160,1.44152,12504.5,1.90688
23220,1.22246,12423.0,1.90878
23280,1.43945,12411.9,1.90671
23340,1.52466,12461.1,1.9075
23400,1.43718,12428.7,1.90713
23460,1.50559,12471.2,1.9047
23520,1.52636,12543.5,1.90911
23580,1.39858,12527.7,1.9067
23640,1.51721,12446.7,1.90599
23700,1.29957,12391.7,1.90639
23760,1.32652,12274.4,1.90295
23820,1.52903,12386.9,1.90663
23880,1.08821,12344.7,1.90418
23940,1.34967,12262.7,1.90626
24000,1.13488,12111.7,1.90156
24060,1.14689,12254.7,1.90515
24120,1.27222,12251.5,1.90234
24180,1.16811,12160.7,1.90335
24240,1.48527,12080.7,1.90221
24300,1.18239,12284.5,1.90077
24360,1.11359,12097.7,1.90234
24420,1.22818,12191.9,1.90188
24480,1.19868,12176.0,1.9006
24540,1.17659,12049.2,1.90037
24600,1.42327,12068.0,1.90083
24660,1.00387,12015.5,1.90067
24720,1.08694,11976.7,1.89934
24780,1.11414,12112.5,1.89996
24840,1.22349,12110.6,1.90252
24900,1.01964,12128.7,1.90398
24960,1.11926,12192.8,1.9006
25020,1.23922,12056.5,1.90223
25080,1.17308,12262.6,1.89787
25140,1.19563,12158.8,1.90145
25200,1.30023,12286.9,1.90028
25260,1.26921,12218.2,1.90196
25320,1.10949,12376.8,1.90206
25380,1.1158,12274.4,1.90128
25440,1.10326,12130.6,1.90391
25500,1.0842,11949.3,1.90088
25560,1.10028,12130.3,1.90051
25620,1.078,12096.6,1.90134
25680,1.18813,12354.6,1.90066
25740,1.38905,12027.8,1.90001
25800,1.29547,11975.7,1.901
25860,1.05601,12055.8,1.90078
25920,1.14776,12048.5,1.90309
25980,1.03402,12196.8,1.90034
26040,0.833989,12037.2,1.90038
26100,1.21087,11963.0,1.90149
26160,1.25103,11902.5,1.89996
26220,1.21392,12079.7,1.89963
26280,1.17785,12153.6,1.90202
26340,0.995472,12188.5,1.90029
26400,1.2379,12419.4,1.89877
26460,1.35837,12184.4,1.90243
26520,1.1113,12156.1,1.90279
26580,1.25509,12333.9,1.90325
26640,1.36798,12403.0,1.90056
26700,1.07664,12144.1,1.90282
26760,1.13625,11984.0,1.90143
26820,1.21291,12118.7,1.90438
26880,1.13049,12089.6,1.90319
26940,1.2409,12112.8,1.90284
27000,1.10315,11924.9,1.90191
27060,1.47396,12128.7,1.90244
27120,1.2453,12312.4,1.90397
27180,1.23903,12109.0,1.90434
27240,1.26227,12117.6,1.90319
27300,1.07916,12032.8,1.90273
27360,1.04502,12113.1,1.90244
27420,1.0782,12164.5,1.90364
27480,1.1533,12022.7,1.90308
27540,1.06947,12152.7,1.90203
27600,1.08312,12073.2,1.90236
27660,1.29975,12198.8,1.90301
27720,1.19786,12103.6,1.90236
27780,1.34875,12033.2,1.90261
27840,1.14638,12160.5,1.90246
27900,1.17604,12254.0,1.89983
27960,1.15851,12059.6,1.90063
28020,1.28812,12129.2,1.90236
28080,1.07835,12187.8,1.90402
28140,1.21975,12305.9,1.90321
28200,1.22301,12258.6,1.90659
28260,0.978132,12153.9,1.90181
28320,1.36249,12193.9,1.90746
28380,1.18705,12188.9,1.90562
28440,1.09228,12214.5,1.90426
28500,1.24194,12255.1,1.90401
28560,1.15362,12250.6,1.9061
28620,0.936126,12020.2,1.90252
28680,1.01661,12021.9,1.90339
28740,1.07699,12093.4,1.90328
28800,1.29792,12344.7,1.90411
28860,1.18034,12217.8,1.90442
28920,1.29666,12332.8,1.90425
28980,1.04373,12116.7,1.90472
29040,1.1668,12143.5,1.90576
29100,0.983656,12133.8,1.90552
29160,1.32522,12215.7,1.90672
29220,1.06116,12160.6,1.90592
29280,1.2194,12288.9,1.90759
29340,1.04031,12275.8,1.90543
29400,1.36763,12247.5,1.90633
29460,1.36879,12210.3,1.90993
29520,1.32811,12193.1,1.90943
29580,1.45117,12178.0,1.91007
29640,1.21297,12154.5,1.90964
29700,1.22204,12208.5,1.91023
29760,1.21151,12165.2,1.91327
29820,1.27849,12203.0,1.9152
29880,0.977066,12095.8,1.91296
29940,1.24342,12197.8,1.92121
30000,1.59594,12366.7,1.93012
30060,1.64378,12479.2,1.93089
30120,1.47688,12501.8,1.92796
30180,1.56753,12554.0,1.93001
30240,1.86674,12535.5,1.93222
30300,1.67656,12685.2,1.93719
30360,1.52755,12680.5,1.93981
30420,1.71635,12557.5,1.93552
30480,1.68927,12690.4,1.93268
30540,1.70987,12669.0,1.93284
30600,1.74107,12704.8,1.93347
30660,1.62413,12728.6,1.93843
30720,1.59456,12760.1,1.93766
30780,1.67579,12830.4,1.93739
30840,1.69426,12756.2,1.93374
30900,1.56135,12826.5,1.93628
30960,1.7374,12870.3,1.93516
31020,1.78359,12896.1,1.93956
31080,2.01168,12961.3,1.94321
31140,1.4724,12947.2,1.94626
31200,1.56884,12842.2,1.94136
31260,1.66247,12691.0,1.93139
31320,1.36514,12719.1,1.93008
31380,1.65055,12848.2,1.93442
31440,1.50861,12811.1,1.93626
31500,1.86022,12848.3,1.93707
31560,1.54907,12912.5,1.94262
31620,1.75276,12936.9,1.94493
31680,1.96362,13009.8,1.94813
31740,1.97741,12981.2,1.94752
31800,1.71762,12919.9,1.94147
31860,1.72685,12871.1,1.93784
31920,1.50605,12706.6,1.9392
31980,1.90903,12680.7,1.93687
32040,2.02711,12741.4,1.93481
32100,1.94012,12744.8,1.93638
32160,1.73564,12997.8,1.94469
32220,1.98895,12797.7,1.93633
32280,1.95542,12863.9,1.93918
32340,1.69629,12678.3,1.9378
