CampaignData_and_Merges/R0/CSL_MobileLab_Parked/raw/20240810/USOS-NOAAIodideCIMS-HNO2_MobileLabGround_20240810_RA.ict
33, 1001
Michael A Robinson, Chris Jernigan, Subi Thakali
NOAA ESRL Chemical Sciences Laboratory and CIRES, U. of Colorado
NOAA Iodide CIMS Instrument
USOS
1, 1
2024, 08, 10, 2024, 08, 11
1
starttime_UTC, seconds_past_midnight, seconds_of_day_since_00:00:00_UTC
1
1
-9999
HNO2_NOAACIMS, pptv, Gas_HNO2_InSitu_S_AVMR, 
0
18
PI_CONTACT_INFO: 325 Broadway, R/CSD 7, Boulder, Colorado 80305; michael.a.robinson@noaa.gov; chris.jernigan@noaa.gov;
PLATFORM: NOAA CSL Mobile Lab
LOCATION: SLC, Utah
ASSOCIATED_DATA: 1Hz data also available on request.
INSTRUMENT_INFO: NOAA I- ToF CIMS
DATA_INFO: All data in parts per trillion by volume (pptv). 1 Hz data is available upon request.
UNCERTAINTY: TBD
ULOD_FLAG: -7777
ULOD_VALUE: N/A
LLOD_FLAG: -8888
LLOD_VALUE: N/A
DM_CONTACT_INFO: Nathan Howard; nathan.h.howard@noaa.gov
PROJECT_INFO: USOS, summer 2024. https://csl.noaa.gov/groups/csl7/measurements/2024usos/
STIPULATIONS_ON_USE: Users are strongly encouraged to contact the PI for proper data usage.
OTHER_COMMENTS: 
REVISION: RA
RA: Preliminary Data; For in-field use only
starttime_UTC, HNO2_NOAACIMS
     0, 56.307
    60, 72.358
   120, 77.547
   180, 127.770
   240, 145.463
   300, 227.637
   360, 242.422
   420, 229.615
   480, 177.531
   540, 195.569
   600, 197.016
   660, 197.940
   720, 247.202
   780, 247.650
   840, 207.568
   900, 273.054
   960, 274.917
  1020, 287.245
  1080, 358.157
  1140, 322.439
  1200, 291.379
  1260, 341.273
  1320, 359.533
  1380, 346.635
  1440, 353.687
  1500, 346.722
  1560, 351.642
  1620, 442.830
  1680, 460.183
  1740, 394.272
  1800, 462.992
  1860, 418.994
  1920, 472.232
  1980, 483.459
  2040, 505.498
  2100, 515.330
  2160, 469.785
  2220, 467.730
  2280, 449.886
  2340, -9999.000
  2400, 515.016
  2460, 612.491
  2520, 451.126
  2580, 444.028
  2640, 412.500
  2700, 426.022
  2760, 367.607
  2820, 325.049
  2880, 294.124
  2940, 335.709
  3000, 383.895
  3060, 348.263
  3120, 321.845
  3180, 319.380
  3240, 305.508
  3300, 327.488
  3360, 353.767
  3420, 336.421
  3480, 375.294
  3540, 290.910
  3600, 244.961
  3660, 230.591
  3720, 234.746
  3780, 194.043
  3840, 224.379
  3900, 221.982
  3960, 231.969
  4020, 201.218
  4080, 230.892
  4140, 204.209
  4200, -9999.000
  4260, 176.357
  4320, 193.840
  4380, 184.744
  4440, 223.001
  4500, 209.101
  4560, 183.493
  4620, 250.508
  4680, 197.246
  4740, 177.368
  4800, 220.735
  4860, 203.185
  4920, 237.902
  4980, 206.933
  5040, 213.073
  5100, 228.256
  5160, 180.027
  5220, 159.891
  5280, 236.897
  5340, 228.555
  5400, 192.953
  5460, 193.979
  5520, 149.195
  5580, 140.293
  5640, 125.160
  5700, 135.351
  5760, 142.767
  5820, 152.163
  5880, 177.819
  5940, 201.036
  6000, 165.349
  6060, -9999.000
  6120, 128.239
  6180, 120.005
  6240, 286.255
  6300, 171.862
  6360, 112.759
  6420, 150.091
  6480, 89.881
  6540, 136.856
  6600, 159.792
  6660, 140.588
  6720, 122.530
  6780, 134.801
  6840, 103.338
  6900, 109.659
  6960, 81.909
  7020, 82.220
  7080, 72.404
  7140, 113.227
  7200, 109.260
  7260, 100.535
  7320, 105.749
  7380, 105.031
  7440, 99.384
  7500, 123.874
  7560, 132.437
  7620, 79.445
  7680, 85.377
  7740, 95.677
  7800, 98.224
  7860, 95.938
  7920, 68.195
  7980, 85.335
  8040, 96.439
  8100, 90.080
  8160, 71.053
  8220, 120.326
  8280, 89.758
  8340, 100.109
  8400, 106.416
  8460, 82.372
  8520, 95.220
  8580, 77.125
  8640, 90.096
  8700, 73.806
  8760, 82.821
  8820, 65.122
  8880, 106.544
  8940, 81.808
  9000, 86.542
  9060, 96.672
  9120, 96.396
  9180, 95.930
  9240, 99.379
  9300, 66.993
  9360, 50.293
  9420, 79.021
  9480, 86.439
  9540, 74.508
  9600, 54.548
  9660, 66.951
  9720, -9999.000
  9780, 82.532
  9840, 70.079
  9900, 76.069
  9960, 65.041
 10020, 58.599
 10080, 71.196
 10140, 74.103
 10200, 61.708
 10260, 60.970
 10320, 72.293
 10380, 64.198
 10440, 85.231
 10500, 64.072
 10560, 71.864
 10620, 72.142
 10680, 74.442
 10740, 89.054
 10800, 70.371
 10860, 83.340
 10920, 78.211
 10980, 62.436
 11040, 82.043
 11100, 55.575
 11160, 62.151
 11220, 65.046
 11280, 71.010
 11340, 73.153
 11400, 76.010
 11460, 73.792
 11520, 95.292
 11580, -9999.000
 11640, 67.919
 11700, 95.572
 11760, 63.004
 11820, 75.290
 11880, 60.288
 11940, 74.848
 12000, 74.569
 12060, 50.361
 12120, 49.953
 12180, 60.984
 12240, 57.067
 12300, 58.620
 12360, 56.665
 12420, 74.210
 12480, 58.500
 12540, 50.136
 12600, 65.149
 12660, 58.282
 12720, 75.200
 12780, 61.928
 12840, 65.038
 12900, 74.053
 12960, 68.929
 13020, 62.115
 13080, 64.806
 13140, 41.172
 13200, 52.303
 13260, 59.718
 13320, 45.102
 13380, 62.603
 13440, -9999.000
 13500, 57.448
 13560, 59.948
 13620, 37.693
 13680, 45.403
 13740, 60.920
 13800, 47.829
 13860, 60.990
 13920, 56.016
 13980, 50.976
 14040, 46.603
 14100, 37.824
 14160, 41.535
 14220, 53.612
 14280, 57.015
 14340, 52.370
 14400, 69.415
 14460, 40.673
 14520, 40.252
 14580, 55.452
 14640, 38.893
 14700, 54.623
 14760, 54.000
 14820, 41.380
 14880, 32.288
 14940, 53.080
 15000, 37.175
 15060, 48.514
 15120, 39.222
 15180, 49.903
 15240, 61.429
 15300, 33.060
 15360, 38.096
 15420, 41.855
 15480, 50.205
 15540, 42.383
 15600, 57.992
 15660, 44.410
 15720, 42.518
 15780, 37.538
 15840, 43.188
 15900, 49.458
 15960, 49.251
 16020, 55.034
 16080, 64.210
 16140, 40.371
 16200, 45.896
 16260, 45.752
 16320, 42.262
 16380, 51.002
 16440, 50.649
 16500, 56.050
 16560, 60.674
 16620, 44.947
 16680, 35.743
 16740, 58.119
 16800, 51.863
 16860, 62.369
 16920, 48.332
 16980, 51.061
 17040, 69.086
 17100, 59.005
 17160, 60.643
 17220, 57.065
 17280, 58.928
 17340, 50.660
 17400, 53.865
 17460, 55.360
 17520, 55.908
 17580, 48.739
 17640, 43.789
 17700, 49.485
 17760, 46.713
 17820, 51.165
 17880, 54.540
 17940, 50.918
 18000, 50.456
 18060, 56.404
 18120, 67.292
 18180, 39.330
 18240, 46.118
 18300, 51.518
 18360, 52.219
 18420, 63.725
 18480, 47.060
 18540, 41.812
 18600, 51.393
 18660, 38.210
 18720, 50.352
 18780, 42.428
 18840, 50.129
 18900, 62.436
 18960, 68.578
 19020, 56.142
 19080, 53.769
 19140, 49.592
 19200, 50.586
 19260, 37.692
 19320, 43.494
 19380, 53.676
 19440, 39.959
 19500, 51.921
 19560, 37.918
 19620, 42.906
 19680, 40.508
 19740, 41.598
 19800, 39.049
 19860, 52.243
 19920, 50.818
 19980, 52.705
 20040, 37.836
 20100, 44.025
 20160, 53.920
 20220, 50.752
 20280, 63.006
 20340, 51.624
 20400, 36.500
 20460, 45.081
 20520, 49.313
 20580, 44.113
 20640, 53.470
 20700, 40.311
 20760, 40.568
 20820, -9999.000
 20880, 39.146
 20940, 45.476
 21000, 41.381
 21060, 47.388
 21120, 67.062
 21180, 75.591
 21240, 75.247
 21300, 54.400
 21360, 64.560
 21420, 75.904
 21480, 38.350
 21540, 32.911
 21600, 87.000
 21660, 79.394
 21720, 87.874
 21780, 72.717
 21840, 78.391
 21900, 76.247
 21960, 59.478
 22020, 73.489
 22080, 97.534
 22140, 67.124
 22200, 72.722
 22260, 76.981
 22320, 59.451
 22380, 65.879
 22440, 68.246
 22500, 72.461
 22560, 74.416
 22620, 63.709
 22680, -9999.000
 22740, 70.117
 22800, 73.208
 22860, 69.297
 22920, 71.549
 22980, 65.414
 23040, 64.965
 23100, 65.201
 23160, 65.897
 23220, 69.733
 23280, 62.689
 23340, 80.351
 23400, 98.403
 23460, 86.341
 23520, 95.638
 23580, 96.570
 23640, 89.640
 23700, 82.813
 23760, 74.084
 23820, 86.069
 23880, 84.272
 23940, 51.602
 24000, 40.263
 24060, 60.129
 24120, 51.961
 24180, 50.500
 24240, 64.268
 24300, 58.694
 24360, 43.159
 24420, 47.573
 24480, 48.114
 24540, -9999.000
 24600, 54.843
 24660, 41.604
 24720, 43.387
 24780, 45.151
 24840, 32.732
 24900, 38.392
 24960, 46.272
 25020, 47.811
 25080, 45.768
 25140, 52.083
 25200, 55.649
 25260, 46.409
 25320, 44.264
 25380, 43.177
 25440, 32.842
 25500, 40.165
 25560, 51.574
 25620, 39.102
 25680, 46.685
 25740, 36.589
 25800, 32.060
 25860, 43.616
 25920, 43.097
 25980, 47.879
 26040, 46.925
 26100, 33.214
 26160, 27.797
 26220, 33.836
 26280, 32.013
 26340, 36.315
 26400, 42.055
 26460, 55.588
 26520, 57.563
 26580, 57.736
 26640, 42.082
 26700, 34.135
 26760, 31.678
 26820, 44.534
 26880, 63.361
 26940, 30.866
 27000, 28.378
 27060, 47.497
 27120, 46.820
 27180, 37.946
 27240, 35.292
 27300, 35.681
 27360, 51.134
 27420, 35.235
 27480, 28.821
 27540, 40.385
 27600, 50.340
 27660, 49.351
 27720, 42.358
 27780, 37.548
 27840, 30.693
 27900, 37.542
 27960, 39.945
 28020, 39.598
 28080, 59.333
 28140, 53.056
 28200, -9999.000
 28260, 58.694
 28320, 76.933
 28380, 46.565
 28440, 62.543
 28500, 57.025
 28560, 53.307
 28620, 38.880
 28680, 40.494
 28740, 40.604
 28800, 42.481
 28860, 57.707
 28920, 61.234
 28980, 42.848
 29040, 42.890
 29100, 59.300
 29160, 54.521
 29220, 58.890
 29280, 71.593
 29340, 71.477
 29400, 76.053
 29460, 57.396
 29520, 51.877
 29580, 69.289
 29640, 67.846
 29700, 62.389
 29760, 80.074
 29820, 46.175
 29880, 50.988
 29940, 82.666
 30000, 89.841
 30060, -9999.000
 30120, 125.705
 30180, 110.204
 30240, 112.510
 30300, 127.468
 30360, 100.160
 30420, 118.692
 30480, 104.583
 30540, 110.690
 30600, 107.891
 30660, 108.634
 30720, 102.806
 30780, 124.855
 30840, 122.162
 30900, 146.823
 30960, 145.629
 31020, 135.378
 31080, 135.584
 31140, 139.047
 31200, 113.228
 31260, 117.177
 31320, 133.650
 31380, 112.280
 31440, 115.498
 31500, 135.490
 31560, 139.792
 31620, 178.857
 31680, 194.037
 31740, 174.353
 31800, 135.647
 31860, 171.616
 31920, -9999.000
 31980, 150.231
 32040, 152.970
 32100, 148.421
 32160, 160.788
 32220, 138.579
 32280, 146.083
 32340, 135.045
 32400, 95.332
 32460, 104.221
 32520, 79.612
 32580, 52.847
 32640, 66.165
 32700, 52.976
 32760, 52.897
 32820, 41.278
 32880, 84.442
 32940, 92.563
 33000, 45.714
 33060, 61.546
 33120, 109.303
 33180, 75.112
 33240, 67.594
 33300, 106.678
 33360, 95.046
 33420, 112.096
 33480, 90.772
 33540, 65.804
 33600, 61.769
 33660, 105.640
 33720, 84.013
 33780, 153.427
 33840, 120.704
 33900, 93.517
 33960, 83.515
 34020, 76.726
 34080, 66.846
 34140, 66.710
 34200, 77.970
 34260, 48.217
 34320, 38.837
 34380, 53.752
 34440, 51.553
 34500, 55.991
 34560, 65.848
 34620, 40.361
 34680, 53.005
 34740, 51.734
 34800, 55.275
 34860, 48.743
 34920, 47.617
 34980, 43.712
 35040, 44.840
 35100, 56.451
 35160, 50.655
 35220, 65.974
 35280, 72.531
 35340, 59.997
 35400, 45.907
 35460, 64.278
 35520, 56.300
 35580, 52.228
 35640, 52.070
 35700, 42.318
 35760, 45.274
 35820, 49.107
 35880, 78.392
 35940, 59.040
 36000, 71.973
 36060, 76.501
 36120, 55.584
 36180, 79.736
 36240, 83.396
 36300, 102.022
 36360, 114.848
 36420, 87.908
 36480, 76.287
 36540, 113.077
 36600, 94.456
 36660, 78.879
 36720, 55.699
 36780, 54.288
 36840, 42.155
 36900, 56.380
 36960, 83.006
 37020, 85.618
 37080, 86.698
 37140, 95.758
 37200, 89.235
 37260, 67.421
 37320, 73.369
 37380, 50.672
 37440, 28.509
 37500, 47.586
 37560, 42.218
 37620, 54.353
 37680, 62.150
 37740, 43.944
 37800, 44.658
 37860, 55.643
 37920, 43.823
 37980, 36.203
 38040, 47.271
 38100, 39.947
 38160, 33.059
 38220, 50.879
 38280, 47.096
 38340, 51.599
 38400, 38.861
 38460, 37.649
 38520, 44.308
 38580, 43.429
 38640, 41.193
 38700, 43.676
 38760, 48.227
 38820, 38.763
 38880, 44.104
 38940, 52.659
 39000, 55.557
 39060, 61.990
 39120, 59.383
 39180, 55.667
 39240, 49.293
 39300, -9999.000
 39360, 55.342
 39420, 59.695
 39480, 55.034
 39540, 58.107
 39600, 56.829
 39660, 75.737
 39720, 82.553
 39780, 78.486
 39840, 72.852
 39900, 64.327
 39960, 50.281
 40020, 70.874
 40080, 78.832
 40140, 83.058
 40200, 89.837
 40260, 76.017
 40320, 50.015
 40380, 56.528
 40440, 66.951
 40500, 69.633
 40560, 104.030
 40620, 77.070
 40680, 34.718
 40740, 38.725
 40800, 43.269
 40860, 46.569
 40920, 36.290
 40980, 37.112
 41040, 38.877
 41100, 35.697
 41160, -9999.000
 41220, 40.458
 41280, 38.686
 41340, 55.985
 41400, 66.161
 41460, 63.021
 41520, 64.768
 41580, 47.620
 41640, 48.272
 41700, 51.155
 41760, 44.579
 41820, 45.474
 41880, 67.640
 41940, 65.461
 42000, 49.455
 42060, 72.720
 42120, 65.793
 42180, 55.802
 42240, 66.227
 42300, 70.492
 42360, 61.749
 42420, 54.133
 42480, 57.840
 42540, 67.664
 42600, 61.263
 42660, 67.017
 42720, 62.238
 42780, 53.475
 42840, 76.696
 42900, 84.044
 42960, 45.288
 43020, -9999.000
 43080, 53.736
 43140, 61.134
 43200, 73.751
 43260, 68.099
 43320, 63.487
 43380, 47.637
 43440, 45.844
 43500, 43.319
 43560, 57.294
 43620, 51.971
 43680, 31.659
 43740, 40.164
 43800, 29.445
 43860, 39.582
 43920, 48.504
 43980, 50.396
 44040, 57.652
 44100, 47.464
 44160, 52.392
 44220, 52.742
 44280, 62.136
 44340, 50.846
 44400, 50.022
 44460, 51.387
 44520, 70.420
 44580, 59.981
 44640, 59.541
 44700, 64.415
 44760, 59.766
 44820, 65.662
 44880, 63.328
 44940, 81.664
 45000, 35.560
 45060, 41.658
 45120, 48.341
 45180, 68.155
 45240, 64.715
 45300, 89.376
 45360, 47.901
 45420, 48.776
 45480, 55.284
 45540, 35.789
 45600, 53.495
 45660, 71.373
 45720, 50.827
 45780, 45.643
 45840, 55.582
 45900, 82.167
 45960, 99.345
 46020, 111.999
 46080, 81.068
 46140, 86.138
 46200, 104.918
 46260, 91.992
 46320, 91.940
 46380, 98.807
 46440, 64.687
 46500, 68.582
 46560, 89.621
 46620, 77.145
 46680, -9999.000
 46740, 62.510
 46800, 64.575
 46860, 78.116
 46920, 82.890
 46980, 85.233
 47040, 68.845
 47100, 55.975
 47160, 69.599
 47220, 64.786
 47280, 80.461
 47340, 80.163
 47400, 55.676
 47460, 46.375
 47520, 61.842
 47580, 59.518
 47640, 63.182
 47700, 64.022
 47760, 59.269
 47820, 77.667
 47880, 82.580
 47940, 62.407
 48000, 87.437
 48060, 66.627
 48120, 60.281
 48180, 56.112
 48240, 73.504
 48300, 87.763
 48360, 118.754
 48420, 84.441
 48480, 71.715
 48540, -9999.000
 48600, 64.599
 48660, 90.532
 48720, 93.357
 48780, 71.902
 48840, 84.069
 48900, 76.899
 48960, 81.814
 49020, 78.108
 49080, 71.847
 49140, 63.138
 49200, 68.552
 49260, 63.255
 49320, 65.781
 49380, 65.539
 49440, 65.943
 49500, 67.166
 49560, 80.581
 49620, 61.773
 49680, 40.387
 49740, 62.291
 49800, 57.671
 49860, 58.606
 49920, 68.077
 49980, 61.832
 50040, 58.372
 50100, 58.402
 50160, 54.156
 50220, 60.148
 50280, 74.953
 50340, 72.766
 50400, -9999.000
 50460, 64.008
 50520, 58.293
 50580, 59.392
 50640, 53.782
 50700, 60.656
 50760, 50.675
 50820, 60.563
 50880, 69.680
 50940, 68.910
 51000, 50.590
 51060, 91.038
 51120, 48.296
 51180, 60.266
 51240, 63.017
 51300, 51.533
 51360, 66.560
 51420, 83.185
 51480, 78.373
 51540, 77.838
 51600, 68.264
 51660, 67.847
 51720, 70.221
 51780, 77.766
 51840, 85.811
 51900, 81.160
 51960, 107.376
 52020, 92.746
 52080, 103.492
 52140, 107.969
 52200, 112.818
 52260, 78.559
 52320, 72.575
 52380, 75.365
 52440, 74.267
 52500, 71.700
 52560, 74.922
 52620, 73.082
 52680, 60.483
 52740, 79.922
 52800, 98.478
 52860, 68.766
 52920, 76.066
 52980, 72.303
 53040, 67.494
 53100, 72.769
 53160, 70.099
 53220, 77.703
 53280, 68.311
 53340, 78.519
 53400, 82.366
 53460, 77.921
 53520, 78.934
 53580, 108.024
 53640, 72.044
 53700, 67.606
 53760, 63.108
 53820, 61.715
 53880, 81.451
 53940, 68.428
 54000, 80.048
 54060, -9999.000
 54120, 69.978
 54180, 92.559
 54240, 100.924
 54300, 106.126
 54360, 112.514
 54420, 119.347
 54480, 100.704
 54540, 101.358
 54600, 116.292
 54660, 111.771
 54720, 137.218
 54780, 118.279
 54840, 111.117
 54900, 103.636
 54960, 112.527
 55020, 116.710
 55080, 107.077
 55140, 107.858
 55200, 122.525
 55260, 91.584
 55320, 100.150
 55380, 81.840
 55440, 86.785
 55500, 96.213
 55560, 89.011
 55620, 123.768
 55680, 117.378
 55740, 115.010
 55800, 106.882
 55860, 92.662
 55920, 101.067
 55980, 104.752
 56040, 87.981
 56100, 124.070
 56160, 116.328
 56220, 124.138
 56280, 101.364
 56340, 95.206
 56400, 110.653
 56460, -9999.000
 56520, -9999.000
 56580, -9999.000
 56640, -9999.000
 56700, -9999.000
 56760, -9999.000
 56820, -9999.000
 56880, -9999.000
 56940, -9999.000
 57000, -9999.000
 57060, -9999.000
 57120, -9999.000
 57180, -9999.000
 57240, -9999.000
 57300, -9999.000
 57360, -9999.000
 57420, -9999.000
 57480, 153.357
 57540, 103.215
 57600, 76.803
 57660, 77.873
 57720, 101.253
 57780, 94.514
 57840, 94.060
 57900, 87.529
 57960, 80.414
 58020, 79.983
 58080, 100.093
 58140, 115.937
 58200, 98.811
 58260, 92.645
 58320, 95.255
 58380, 88.689
 58440, 86.134
 58500, 83.281
 58560, 110.780
 58620, 103.399
 58680, 107.251
 58740, 90.656
 58800, 86.548
 58860, 95.045
 58920, 91.352
 58980, 91.584
 59040, 106.343
 59100, 90.482
 59160, 90.831
 59220, 82.257
 59280, 87.288
 59340, -9999.000
 59400, 110.670
 59460, 87.198
 59520, 83.885
 59580, 88.068
 59640, 83.973
 59700, 86.372
 59760, 106.725
 59820, 77.035
 59880, 78.075
 59940, 89.513
 60000, 76.111
 60060, 99.390
 60120, 90.583
 60180, 86.503
 60240, 93.204
 60300, 88.739
 60360, 83.814
 60420, 76.368
 60480, 101.545
 60540, 101.908
 60600, 91.937
 60660, 88.785
 60720, 131.290
 60780, 136.814
 60840, 98.533
 60900, 87.318
 60960, 89.840
 61020, 91.154
 61080, 79.098
 61140, 79.839
 61200, -9999.000
 61260, 113.779
 61320, 127.574
 61380, 139.740
 61440, 120.550
 61500, 100.947
 61560, 101.730
 61620, 113.040
 61680, 119.130
 61740, 93.382
 61800, 102.259
 61860, 107.930
 61920, 96.651
 61980, 108.237
 62040, 100.180
 62100, 88.172
 62160, 74.543
 62220, 79.277
 62280, 95.034
 62340, 107.410
 62400, 104.171
 62460, 85.031
 62520, 99.084
