CampaignData_and_Merges/R0/CSL_MobileLab_Parked/raw/20240810/USOS-PTR_MobileLabGround_20240810_RA.ict
58, 1001
Matthew Coggon, Kelvin Bates, Chelsea Stockwell, Carsten Warneke
NOAA ESRL Chemical Sciences Division
NOAA PTR-ToF-MS
USOS
1,1 
2024, 08, 10, 2023, 08, 12
0
Time_Start, seconds, number of seconds from 00:00 UTC 
22
1, 1, 1, 1, 1, 1, 1, 1, 1, 1, 1, 1, 1, 1, 1, 1, 1, 1, 1, 1, 1, 1
-9999, -9999, -9999, -9999, -9999, -9999, -9999, -9999, -9999, -9999, -9999, -9999, -9999, -9999, -9999, -9999, -9999, -9999, -9999, -9999, -9999, -9999
CH3OH_NOAAPTR_ppbv,  ppbv, Gas_CH3OH_InSitu_S_AVMR, (CH3OH) methanol
CH3CN_NOAAPTR_ppbv,  ppbv, Gas_CH3CN_InSitu_S_AVMR, (CH3CN) acetonitrile
CH3CHO_NOAAPTR_ppbv,  ppbv, Gas_CH3CHO_InSitu_S_AVMR, (CH3CHO) acetaldehyde plus contributions from ethylene glycol and ethylene oxide. Interference from ethanol has been subtracted out.
C2H5OH_NOAAPTR_ppbv,  ppbv, Gas_C2H5OH_InSitu_S_AVMR, (C2H5OH) ethanol
CH3SH_NOAAPTR_ppbv,  ppbv, Gas_CH3SH_InSitu_S_AVMR, (CH3SH) methanethiol, using calibration factor for DMS
Acrolein_NOAAPTR_ppbv,  ppbv, Gas_Acrolein_InSitu_S_AVMR, (C3H4O) acrolein
AcetonePropanal_NOAAPTR_ppbv,  ppbv, Gas_AcetoneAndPropanal_InSitu_S_AVMR, (C3H6O) sum of acetone (dominant isomer) and propanal, using calibration factor for acetone
DMS_NOAAPTR_ppbv,  ppbv, Gas_DMS_InSitu_S_AVMR, (C2H6S) dimethyl sulfide with possible small contributions from ethanethiol
C5H8_NOAAPTR_ppbv,  ppbv, Gas_Isoprene_InSitu_S_AVMR, (C5H8) isoprene and possible fragments from cycloalkanes and aldehydes. Interferences have been subtracted following methods described by Coggon et al (2023)
MVKMAC_NOAAPTR_ppbv,  ppbv, Gas_MVKAndMAC_InSitu_S_AVMR, (C4H6O) sum of methyl vinyl ketone, methacrolein, and small amounts of crotonaldehyde, using weighted calibration factor for MVK (0.637) and MACR (0.363)
Benzene_NOAAPTR_ppbv,  ppbv, Gas_Benzene_InSitu_S_AVMR, (C6H6) benzene
Toluene_NOAAPTR_ppbv,  ppbv, Gas_Toluene_InSitu_S_AVMR, (C7H8) toluene with possible small contributions of fragments from ethyltoluene
Styrene_NOAAPTR_ppbv,  ppbv, Gas_Styrene_InSitu_S_AVMR, (C8H8) styrene
Benzaldehyde_NOAAPTR_ppbv,  ppbv, Gas_Benzaldehyde_InSitu_S_AVMR, (C7H6O) benzaldehyde
C8Aromatics_NOAAPTR_ppbv,  ppbv, Gas_C8Aromatics_InSitu_M_AVMR, (C8H10) sum of m-xylene, p-xylene, o-xylene, and ethyl benzene
C9Aromatics_NOAAPTR_ppbv,  ppbv, Gas_C9Aromatics_InSitu_M_AVMR, (C9H12) sum of C9 aromatics
Naphthalene_NOAAPTR_ppbv,  ppbv, Gas_Naphthalene_InSitu_S_AVMR, (C10H8) naphthalene
Octanal_NOAAPTR_ppbv,  ppbv, Gas_Octanal_InSitu_S_AVMR, (C8H16O) octanal and small amounts of octanone
Monoterpenes_NOAAPTR_ppbv,  ppbv, Gas_Monoterpenes_InSitu_M_AVMR, (C10H16) sum of monoterpenes and possible contributions from fragments of oxygenated monoterpenoids such as eucalyptol.
Nonanal_NOAAPTR_ppbv,  ppbv, Gas_Nonanal_InSitu_M_AVMR, (C9H18O) nonanal and small amounts of nonanone
C7H4ClF3_NOAAPTR_ppbv,  ppbv, Gas_C7H4ClF3_InSitu_S_AVMR, (C7H4ClF3) parachlorobenzotrifluoride
C10H30O5Si5_NOAAPTR_ppbv,  ppbv, Gas_C10H30O5Si5_InSitu_S_AVMR, (C10H30O5Si5) decamethylcyclopentasiloxane
1
SPECIAL COMMENTS:N/A
21
PI_CONTACT_INFO: NOAA ESRL Chemical Sciences Division, Tropospheric Chemistry Group. 325 Broadway, R/CSD7, Boulder, CO 80305
PLATFORM: Mobile Laboratory.
LOCATION: Salt Lake City, UT
ASSOCIATED_DATA: N/A
INSTRUMENT_INFO: NOAA PTR-ToF-MS measurements on NOAA CSL Mobile Lab
DATA_INFO: Units: ppbv
UNCERTAINTY: See OTHER_COMMENTS
ULOD_FLAG: -7777
ULOD_VALUE: N/A
LLOD_FLAG: -8888
LLOD_VALUE: N/A.
DM_CONTACT_INFO: Data Managers: Matt Coggon, Kelvin Bates, Chelsea Stockwell; email: matthew.m.coggon@noaa.gov and kelvin.bates@colorado.edu
PROJECT_INFO: USOS Deployment July-August, 2024
STIPULATIONS_ON_USE: Use of these data require prior OK from PI.
OTHER_COMMENTS: Uncertainties:
CH3OH_NOAAPTR_ppbv:30%; CH3CN_NOAAPTR_ppbv:30%; CH3CHO_NOAAPTR_ppbv:30%; C2H5OH_NOAAPTR_ppbv:30%; CH3SH_NOAAPTR_ppbv:50%; Acrolein_NOAAPTR_ppbv:30%; AcetonePropanal_NOAAPTR_ppbv:30%; DMS_NOAAPTR_ppbv:30%; C5H8_NOAAPTR_ppbv:30%; MVKMAC_NOAAPTR_ppbv:30%; 
Benzene_NOAAPTR_ppbv:30%; Toluene_NOAAPTR_ppbv:30%; Styrene_NOAAPTR_ppbv:30%; Benzaldehyde_NOAAPTR_ppbv:30%; C8Aromatics_NOAAPTR_ppbv:30%; C9Aromatics_NOAAPTR_ppbv:30%; Naphthalene_NOAAPTR_ppbv:30%; Octanal_NOAAPTR_ppbv:30%; Monoterpenes_NOAAPTR_ppbv:30%; Nonanal_NOAAPTR_ppbv:30%; 
C7H4ClF3_NOAAPTR_ppbv:30%; C10H30O5Si5_NOAAPTR_ppbv:30%; 
REVISION: RA
RA: Field Data
Time_Start, CH3OH_NOAAPTR_ppbv, CH3CN_NOAAPTR_ppbv, CH3CHO_NOAAPTR_ppbv, C2H5OH_NOAAPTR_ppbv, CH3SH_NOAAPTR_ppbv, Acrolein_NOAAPTR_ppbv, AcetonePropanal_NOAAPTR_ppbv, DMS_NOAAPTR_ppbv, C5H8_NOAAPTR_ppbv, MVKMAC_NOAAPTR_ppbv, Benzene_NOAAPTR_ppbv, Toluene_NOAAPTR_ppbv, Styrene_NOAAPTR_ppbv, Benzaldehyde_NOAAPTR_ppbv, C8Aromatics_NOAAPTR_ppbv, C9Aromatics_NOAAPTR_ppbv, Naphthalene_NOAAPTR_ppbv, Octanal_NOAAPTR_ppbv, Monoterpenes_NOAAPTR_ppbv, Nonanal_NOAAPTR_ppbv, C7H4ClF3_NOAAPTR_ppbv, C10H30O5Si5_NOAAPTR_ppbv
[from data line 448]
26880.0, 7.19776, 0.21468, 0.89120, 1.42430, -0.00046, 0.13696, 2.42256, 0.00802, 0.15830, 0.17190, 0.01980, 0.09561, 0.01811, 0.01260, 0.03508, 0.01844, -0.00199, 0.02917, 0.07042, 0.02764, 0.00943, 0.00251 
26940.0, 5.80631, 0.21554, 0.74988, 1.53202, 0.00048, 0.14702, 2.58928, 0.00463, 0.15464, 0.20448, 0.00216, 0.07125, 0.01069, 0.02182, 0.03866, 0.00679, -0.00201, 0.02405, 0.08001, 0.01773, 0.00783, 0.00269 
27000.0, 7.15976, 0.19339, 0.88032, 1.18052, 0.00264, 0.11141, 2.50741, -0.00083, 0.14986, 0.18634, 0.06722, 0.08610, 0.00764, 0.00094, 0.04426, 0.01371, 0.00304, 0.02943, 0.07379, 0.03334, 0.00610, 0.00161 
27060.0, 5.66694, 0.21365, 0.96426, 1.85476, 0.00108, 0.11137, 2.56564, -0.00083, 0.15581, 0.19473, 0.04096, 0.08237, 0.00342, 0.01915, 0.04607, 0.01947, -0.00201, 0.02623, 0.09145, 0.02621, 0.00531, 0.00324 
27120.0, 5.33207, 0.22437, 0.91448, 1.83928, 0.00277, 0.11813, 2.53528, 0.00205, 0.15691, 0.19917, 0.06911, 0.06065, 0.02087, 0.02070, 0.04060, 0.02247, 0.01321, 0.02310, 0.07735, 0.02145, 0.01259, 0.00063 
27180.0, 5.77244, 0.19704, 0.89315, 1.48973, 0.00354, 0.12650, 2.58270, 0.00460, 0.12326, 0.18838, -0.00588, 0.08384, 0.00613, 0.01757, 0.04146, 0.01786, -0.00076, 0.02597, 0.08340, 0.02051, 0.01164, 0.00262 
27240.0, 5.90500, 0.21818, -9999.00000, 1.44432, 0.00093, 0.11744, 2.53264, -0.00083, -9999.00000, 0.18590, 0.00224, 0.07597, 0.01752, -0.00159, 0.03164, 0.01030, 0.00249, 0.01061, 0.06464, 0.03776, 0.01293, 0.00324 
27300.0, -9999.00000, -9999.00000, -9999.00000, -9999.00000, -9999.00000, -9999.00000, -9999.00000, -9999.00000, -9999.00000, -9999.00000, -9999.00000, -9999.00000, -9999.00000, -9999.00000, -9999.00000, -9999.00000, -9999.00000, -9999.00000, -9999.00000, -9999.00000, -9999.00000, -9999.00000 
27360.0, -9999.00000, -9999.00000, -9999.00000, -9999.00000, -9999.00000, -9999.00000, -9999.00000, -9999.00000, -9999.00000, -9999.00000, -9999.00000, -9999.00000, -9999.00000, -9999.00000, -9999.00000, -9999.00000, -9999.00000, -9999.00000, -9999.00000, -9999.00000, -9999.00000, -9999.00000 
27420.0, -9999.00000, -9999.00000, -9999.00000, -9999.00000, -9999.00000, -9999.00000, -9999.00000, -9999.00000, -9999.00000, -9999.00000, -9999.00000, -9999.00000, -9999.00000, -9999.00000, -9999.00000, -9999.00000, -9999.00000, -9999.00000, -9999.00000, -9999.00000, -9999.00000, -9999.00000 
27480.0, -9999.00000, -9999.00000, -9999.00000, -9999.00000, -9999.00000, -9999.00000, -9999.00000, -9999.00000, -9999.00000, -9999.00000, -9999.00000, -9999.00000, -9999.00000, -9999.00000, -9999.00000, -9999.00000, -9999.00000, -9999.00000, -9999.00000, -9999.00000, -9999.00000, -9999.00000 
27540.0, -9999.00000, -9999.00000, -9999.00000, -9999.00000, -9999.00000, -9999.00000, -9999.00000, -9999.00000, -9999.00000, -9999.00000, -9999.00000, -9999.00000, -9999.00000, -9999.00000, -9999.00000, -9999.00000, -9999.00000, -9999.00000, -9999.00000, -9999.00000, -9999.00000, -9999.00000 
27600.0, -9999.00000, -9999.00000, -9999.00000, -9999.00000, -9999.00000, -9999.00000, -9999.00000, -9999.00000, -9999.00000, -9999.00000, -9999.00000, -9999.00000, -9999.00000, -9999.00000, -9999.00000, -9999.00000, -9999.00000, -9999.00000, -9999.00000, -9999.00000, -9999.00000, -9999.00000 
27660.0, -9999.00000, -9999.00000, -9999.00000, -9999.00000, -9999.00000, -9999.00000, -9999.00000, -9999.00000, -9999.00000, -9999.00000, -9999.00000, -9999.00000, -9999.00000, -9999.00000, -9999.00000, -9999.00000, -9999.00000, -9999.00000, -9999.00000, -9999.00000, -9999.00000, -9999.00000 
27720.0, -9999.00000, -9999.00000, -9999.00000, -9999.00000, -9999.00000, -9999.00000, -9999.00000, -9999.00000, -9999.00000, -9999.00000, -9999.00000, -9999.00000, -9999.00000, -9999.00000, -9999.00000, -9999.00000, -9999.00000, -9999.00000, -9999.00000, -9999.00000, -9999.00000, -9999.00000 
27780.0, -9999.00000, -9999.00000, -9999.00000, -9999.00000, -9999.00000, -9999.00000, -9999.00000, -9999.00000, -9999.00000, -9999.00000, -9999.00000, -9999.00000, -9999.00000, -9999.00000, -9999.00000, -9999.00000, -9999.00000, -9999.00000, -9999.00000, -9999.00000, -9999.00000, -9999.00000 
27840.0, -9999.00000, -9999.00000, -9999.00000, -9999.00000, -9999.00000, -9999.00000, -9999.00000, -9999.00000, -9999.00000, -9999.00000, -9999.00000, -9999.00000, -9999.00000, -9999.00000, -9999.00000, -9999.00000, -9999.00000, -9999.00000, -9999.00000, -9999.00000, -9999.00000, -9999.00000 
27900.0, 5.64381, -9999.00000, -9999.00000, 1.58841, 0.00236, 0.12688, 2.53405, 0.00873, -9999.00000, 0.20538, 0.04590, 0.07984, -0.00183, 0.01105, 0.03279, 0.02600, 0.01378, 0.02198, 0.05050, 0.02108, 0.00717, 0.00092 
27960.0, 5.88366, 0.20849, 0.83682, 1.65708, -0.00016, 0.13692, 2.58573, 0.00920, 0.14243, 0.19170, 0.03400, 0.07436, 0.00804, 0.00822, 0.05107, 0.01871, -0.00203, 0.02232, 0.09046, 0.02738, 0.00637, 0.00177 
28020.0, 5.92781, 0.21813, 0.81560, 1.61860, 0.00357, 0.13238, 2.60999, 0.00234, 0.15394, 0.18996, 0.05435, 0.09903, 0.00693, -0.00161, 0.05315, 0.01674, -0.00203, 0.01813, 0.08452, 0.02233, 0.00914, 0.00200 
28080.0, 5.98115, 0.20615, 0.94189, 1.69191, 0.00360, 0.14413, 2.55590, 0.00017, 0.15186, 0.20491, 0.03505, 0.09289, 0.00944, 0.01548, 0.04772, 0.02485, 0.00761, 0.03443, 0.07357, 0.02133, 0.00746, 0.00151 
28140.0, 6.07484, 0.22569, 0.96143, 1.45733, 0.00206, 0.12514, 2.56244, -0.00081, 0.15665, 0.20523, 0.04798, 0.09485, 0.00528, 0.00782, 0.03360, 0.02100, -0.00203, 0.02982, 0.07177, 0.01901, 0.00907, 0.00339 
28200.0, 6.00134, 0.20024, 0.97393, 1.86242, 0.00217, 0.12405, 2.63984, 0.01022, 0.17285, 0.20122, 0.02690, 0.08863, 0.01492, 0.01699, 0.04784, 0.01893, 0.00605, 0.02756, 0.06750, 0.03055, 0.00556, 0.00165 
28260.0, 6.14487, 0.19756, 0.94567, 2.18149, 0.00361, 0.13525, 2.62782, -0.00081, 0.16704, 0.22564, 0.04023, 0.10736, 0.00869, 0.00924, 0.06172, 0.02538, 0.00173, 0.02083, 0.07519, 0.03314, 0.00495, 0.00320 
28320.0, 7.40479, 0.20579, 0.96340, 2.44662, 0.00305, 0.13464, 2.67857, -0.00033, 0.17935, 0.19367, 0.05532, 0.11043, 0.01052, 0.02075, 0.05444, 0.02243, -0.00160, 0.02020, 0.08880, 0.03261, 0.01193, 0.00446 
28380.0, 6.20030, 0.19368, 0.95591, 2.00715, 0.00439, 0.15942, 2.60712, 0.00983, 0.17486, 0.19421, 0.03021, 0.08816, 0.00792, -0.00162, 0.03537, 0.02247, -0.00203, 0.01405, 0.08409, 0.02355, 0.00281, 0.00112 
28440.0, 6.22314, 0.20662, 0.91158, 2.01252, 0.00161, 0.12721, 2.60388, 0.01168, 0.17196, 0.19420, 0.02779, 0.09706, -0.00094, 0.01711, 0.05941, 0.01903, -0.00203, 0.01431, 0.08851, 0.03236, 0.01510, 0.00450 
28500.0, 7.12797, 0.20551, 0.86307, 2.19618, 0.00189, 0.14510, 2.62384, 0.00426, 0.14753, 0.20200, 0.03805, 0.09290, -0.00185, 0.04316, 0.04739, 0.01794, 0.00178, 0.02801, 0.07209, 0.03209, 0.01139, 0.00322 
28560.0, 6.49645, 0.20609, 0.88421, 1.80384, 0.00548, 0.12853, 2.56577, -0.00081, 0.16362, 0.19565, 0.05953, 0.08519, -0.00185, 0.00900, 0.04768, 0.01741, -0.00203, 0.01129, 0.06276, 0.02264, 0.00844, 0.00131 
28620.0, 6.28238, 0.19224, 0.80693, 1.76531, 0.00160, 0.09364, 2.55357, 0.01780, 0.13434, 0.20822, 0.04828, 0.05837, 0.00512, 0.02579, 0.04443, 0.01045, 0.00637, 0.01753, 0.06904, 0.02369, 0.01522, 0.00198 
28680.0, 5.93333, 0.20719, 0.80419, 1.34988, 0.00214, 0.14530, 2.53922, -0.00081, 0.15645, 0.19721, 0.07738, 0.07787, 0.00001, 0.01569, 0.04055, 0.01446, 0.01460, 0.02138, 0.07867, 0.03942, 0.00979, 0.00137 
28740.0, 6.84156, 0.20061, 0.93671, 2.08456, 0.00898, 0.12851, 2.53317, 0.01504, 0.18825, 0.19707, -0.00654, 0.07135, 0.00860, 0.02172, 0.04530, 0.01785, -0.00203, 0.02296, 0.07030, 0.03808, 0.00954, 0.00117 
28800.0, 5.95425, 0.22861, 0.86421, 1.39815, 0.00483, 0.13771, 2.55318, 0.00378, 0.15164, 0.18801, 0.04104, 0.07551, -0.00186, 0.00676, 0.03109, 0.01369, -0.00119, 0.02369, 0.08868, 0.02593, 0.01523, 0.00101 
28860.0, 5.59794, 0.20083, 0.88167, 2.40391, 0.00520, 0.14804, 2.58831, -0.00080, 0.17074, 0.19228, 0.02585, 0.08283, 0.00429, -0.00163, 0.04197, 0.01325, -0.00203, 0.03407, 0.09045, 0.03456, 0.01145, 0.00072 
28920.0, 5.20709, 0.21414, 0.89301, 1.90337, 0.00138, 0.14509, 2.57345, 0.01138, 0.17803, 0.18983, -0.00042, 0.07354, -0.00186, 0.01118, 0.05046, 0.01589, 0.00697, 0.01759, 0.07220, 0.02482, 0.01332, 0.00179 
28980.0, 6.78675, 0.17881, 0.75252, 1.55506, -0.00087, 0.13841, 2.60547, -0.00080, 0.15958, 0.20636, 0.02104, 0.06598, -0.00186, -0.00136, 0.04575, 0.01849, 0.00637, 0.02985, 0.07725, 0.03278, 0.01410, 0.00700 
29040.0, 5.91803, 0.21891, 0.81774, 1.82357, -0.00087, 0.13116, 2.60671, -0.00080, 0.16731, 0.19610, 0.03153, 0.07827, -0.00000, 0.01791, 0.05111, 0.02158, 0.01332, 0.02614, 0.08738, 0.00908, 0.02038, 0.00272 
29100.0, 5.80001, 0.21086, 1.03078, 1.89777, 0.00598, 0.13959, 2.60832, 0.00723, 0.11270, 0.21700, 0.05328, 0.08826, 0.00410, 0.01353, 0.03763, 0.01640, 0.00518, 0.02013, 0.07872, 0.01884, 0.01254, 0.00237 
29160.0, 6.02709, 0.21337, 0.91319, 2.01119, 0.00162, 0.12971, 2.59481, 0.00925, 0.17040, 0.19570, 0.04774, 0.10309, -0.00187, 0.03106, 0.04569, 0.01962, -0.00203, 0.01423, 0.07299, 0.03377, 0.00973, 0.00267 
29220.0, 6.36734, 0.21756, 0.82396, 1.58822, -0.00014, 0.13691, 2.69026, -0.00080, 0.17265, 0.20408, 0.03193, 0.10527, 0.01607, 0.00514, 0.04110, 0.01493, 0.00407, 0.02744, 0.08519, 0.01575, 0.00781, 0.00463 
29280.0, 6.78085, 0.21023, 0.99837, 2.48964, 0.00273, 0.14355, 2.64074, 0.00244, 0.19578, 0.18537, 0.04599, 0.20811, -0.00187, 0.02396, 0.07827, 0.04436, -0.00203, 0.02495, 0.09063, 0.03530, 0.01378, 0.00347 
29340.0, 6.13684, 0.21181, 0.93193, 1.93040, 0.00235, 0.16162, 2.63471, -0.00080, 0.16863, 0.18977, 0.04051, 0.16035, -0.00187, 0.00574, 0.06827, 0.02351, 0.01332, 0.03089, 0.08814, 0.02899, 0.01462, 0.00400 
29400.0, 6.54192, 0.18915, 0.97851, 2.64125, 0.00231, 0.16512, 2.69269, -0.00051, 0.20476, 0.20193, 0.08564, 0.19127, 0.01233, 0.02022, 0.08398, 0.03557, 0.00664, 0.03956, 0.09446, 0.04778, 0.01557, 0.00451 
29460.0, 5.60901, 0.20907, 0.97053, 2.48552, 0.00106, 0.15826, 2.66890, 0.00548, 0.16497, 0.20589, 0.07122, 0.15246, 0.01230, 0.01480, 0.06326, 0.02873, -0.00203, 0.02166, 0.09087, 0.03482, 0.02077, 0.00357 
29520.0, 6.56073, 0.19576, 0.89423, 2.24243, 0.00379, 0.16166, 2.64359, -0.00080, 0.12160, 0.20675, 0.04065, 0.10395, 0.00454, 0.01640, 0.04608, 0.02561, 0.00692, 0.02423, 0.09789, 0.02519, 0.02720, 0.00310 
29580.0, 6.30340, 0.19347, 1.09044, 2.39634, 0.00429, 0.15266, 2.76560, -0.00038, 0.17492, 0.18680, 0.04511, 0.13994, 0.02606, 0.01851, 0.06734, 0.02837, 0.00520, 0.01910, 0.09129, 0.03067, 0.02593, 0.00230 
29640.0, 6.68220, 0.20861, 1.05285, 2.39895, 0.00394, 0.12597, 2.70917, 0.00168, 0.16630, 0.19732, 0.05226, 0.12468, 0.02256, 0.04190, 0.05491, 0.02575, 0.00544, 0.01662, 0.09177, 0.04680, 0.02043, 0.00507 
29700.0, 6.71368, 0.20130, 1.04354, 2.80619, 0.00467, 0.16142, 2.78780, -0.00079, 0.20435, 0.20813, 0.04192, 0.10290, -0.00188, 0.00304, 0.06878, 0.02444, -0.00003, 0.03133, 0.10939, 0.05011, 0.06000, 0.00359 
29760.0, 6.87594, 0.20464, 1.12150, 3.13351, 0.00382, 0.13504, 2.84088, -0.00079, 0.18096, 0.21478, 0.06223, 0.11512, -0.00188, -0.00165, 0.07622, 0.03423, -0.00202, 0.02451, 0.11145, 0.03688, 0.04487, 0.00414 
29820.0, 6.80629, 0.18540, 1.05045, 2.58913, 0.00382, 0.14996, 2.74084, 0.01596, 0.20503, 0.20844, 0.03118, 0.13696, -0.00188, 0.03048, 0.06967, 0.02848, -0.00202, 0.02608, 0.10609, 0.02714, 0.04243, 0.00474 
29880.0, 6.16098, 0.20280, 1.08194, 2.81157, 0.00216, 0.15212, 2.82447, 0.00187, 0.17288, 0.20688, 0.08174, 0.15197, 0.01098, 0.03781, 0.09188, 0.06621, 0.00672, 0.03115, 0.08534, 0.04248, 0.05921, 0.00294 
29940.0, 7.24702, 0.20424, 1.27646, 3.25570, 0.00216, 0.17622, 2.96002, -0.00079, 0.18693, 0.19536, 0.08782, 0.18401, -0.00059, -0.00166, 0.10476, 0.06401, 0.00474, 0.04115, 0.10207, 0.04006, 0.04427, 0.00451 
30000.0, 7.45609, 0.21264, 1.55439, 4.43724, 0.00102, 0.18429, 3.15152, 0.01020, 0.21170, 0.25031, 0.13711, 0.25240, 0.00173, 0.03529, 0.17007, 0.07666, 0.00707, 0.03674, 0.09989, 0.06089, 0.03418, 0.00279 
30060.0, 8.26768, 0.20691, 1.53208, 4.39722, 0.00464, 0.17947, 3.15249, 0.00581, 0.15472, 0.21647, 0.12049, 0.23886, -0.00189, 0.04561, 0.14702, 0.07883, 0.00915, 0.04975, 0.10438, 0.04959, 0.02562, 0.00766 
30120.0, 8.57674, 0.18735, 1.59719, 4.73790, 0.00196, 0.19858, 3.14329, -0.00079, 0.21284, 0.23339, 0.15968, 0.28386, 0.02998, 0.00929, 0.20008, 0.09125, 0.00841, 0.02817, 0.10751, 0.05906, 0.02663, 0.00664 
30180.0, 8.32530, 0.20967, 1.64964, 5.41794, 0.00194, 0.19761, 3.11618, 0.01085, 0.17234, 0.25339, 0.21471, 0.71887, 0.05839, 0.00329, 0.30996, 0.12039, 0.00921, 0.04110, 0.07835, 0.07876, 0.01706, 0.00457 
30240.0, 9.64952, 0.23287, 1.73613, 6.73229, 0.00226, 0.20753, 3.25925, 0.00806, 0.19304, 0.23908, 0.22636, 0.70358, 0.04255, 0.00967, 0.29358, 0.12671, -0.00202, 0.04647, 0.14425, 0.03565, 0.03069, 0.00656 
30300.0, 9.30813, 0.21089, 2.05485, 5.32142, 0.00572, 0.18091, 3.22526, -0.00079, 0.18356, 0.25848, 0.11145, 0.41256, 0.03812, 0.02875, 0.21454, 0.08321, 0.00166, 0.05157, 0.12085, 0.05903, 0.02815, 0.01339 
30360.0, 7.25546, 0.21643, 1.56777, 4.44007, 0.00666, 0.18054, 3.06431, 0.00402, 0.15850, 0.26047, 0.08644, 0.25619, 0.00178, 0.02241, 0.13904, 0.06650, 0.00487, 0.05189, 0.07154, 0.06060, 0.01020, 0.00915 
30420.0, 8.87434, 0.21387, 1.65067, 4.77899, 0.00356, 0.17262, 3.13595, 0.00144, 0.14736, 0.23976, 0.10904, 0.25939, 0.03848, 0.02879, 0.15719, 0.07763, -0.00057, 0.04363, 0.10290, 0.05852, 0.02691, 0.00898 
30480.0, 9.25973, 0.21175, 1.67500, 5.90209, 0.00534, 0.20422, 3.21106, -0.00049, 0.20737, 0.26235, 0.09177, 0.29201, 0.02446, 0.01266, 0.16294, 0.08159, 0.00213, 0.02325, 0.09994, 0.04720, 0.03030, 0.01010 
30540.0, 8.65463, 0.21594, 1.64264, 5.27254, 0.00361, 0.22357, 3.18807, -0.00078, 0.16306, 0.25707, 0.08876, 0.27258, 0.02688, 0.00365, 0.16309, 0.09001, -0.00202, 0.04777, 0.10937, 0.04414, 0.02859, 0.00628 
30600.0, 9.39979, 0.22283, 1.69701, 6.46704, 0.00145, 0.19333, 3.21486, -0.00078, 0.17737, 0.23113, 0.15607, 0.30035, 0.03092, 0.01542, 0.16299, 0.09775, 0.00083, 0.04106, 0.11793, 0.07777, 0.01583, 0.01346 
30660.0, 10.18704, 0.19822, 1.79364, 5.85189, 0.00353, 0.22443, 3.25090, 0.00394, 0.16837, 0.24206, 0.16579, 0.28636, 0.04494, 0.05880, 0.17076, 0.09626, -0.00202, 0.02749, 0.12133, 0.08386, 0.01566, 0.01063 
30720.0, 9.57835, 0.21580, 1.80845, 6.37738, 0.00505, 0.22377, 3.21625, 0.00588, 0.16021, 0.26729, 0.10927, 0.32176, 0.03335, 0.03644, 0.19252, 0.08760, 0.00786, 0.02106, 0.12687, 0.05648, 0.01838, 0.00936 
30780.0, 9.46514, 0.23623, 1.70153, 5.88990, 0.00118, 0.21312, 3.23133, 0.00221, 0.19414, 0.27815, 0.08235, 0.30661, 0.02471, 0.01300, 0.17736, 0.07351, 0.00386, 0.05123, 0.15139, 0.07412, 0.01938, 0.01047 
30840.0, 10.58082, 0.20164, 1.77749, 6.03407, 0.00170, 0.23285, 3.30980, 0.00455, 0.20479, 0.25563, 0.08917, 0.30063, 0.02626, 0.02009, 0.19954, 0.09188, -0.00202, 0.03968, 0.12740, 0.06389, 0.01795, 0.01031 
30900.0, 10.48218, 0.23071, 1.84285, 6.67431, 0.00178, 0.24388, 3.38136, 0.00253, 0.22112, 0.27203, 0.08822, 0.34857, 0.02726, 0.02146, 0.19795, 0.10146, 0.01606, 0.05689, 0.16745, 0.07962, 0.02159, 0.00910 
30960.0, 10.38769, 0.20716, 1.95877, 7.02172, 0.00404, 0.22446, 3.32112, 0.00470, 0.18561, 0.25481, 0.11584, 0.30281, -0.00191, 0.02288, 0.20519, 0.10073, 0.01633, 0.04700, 0.15477, 0.06459, 0.02422, 0.00827 
31020.0, 11.39255, 0.22051, 2.03037, 6.69913, 0.00230, 0.21454, 3.34833, 0.00901, 0.19706, 0.27534, 0.14049, 0.32850, 0.03153, 0.02281, 0.20573, 0.09303, 0.00876, 0.05272, 0.13995, 0.05583, 0.02051, 0.01268 
31080.0, 13.14782, 0.20201, 2.04143, 7.31235, -0.00085, 0.24005, 3.40719, 0.00453, 0.22101, 0.28390, 0.13519, 0.32295, 0.03577, 0.00907, 0.20558, 0.11114, 0.01269, 0.04407, 0.16632, 0.06299, 0.01730, 0.01031 
31140.0, 9.92379, 0.21319, 1.85105, 5.80981, 0.00575, 0.21171, 3.25518, 0.00845, 0.16460, 0.26090, 0.14579, 0.31763, 0.01229, 0.02814, 0.18138, 0.09301, 0.00501, 0.05837, 0.14416, 0.07665, 0.02415, 0.01022 
