CampaignData_and_Merges/R0/CSL_MobileLab_Parked/raw/20240810/USOS-POPS_MobileLabGround_20240810_R0.ict
78, 1001
Thornberry, T. D.
NOAA Chemical Sciences Laboratory
Portable Optical Particle Spectrometer (POPS)
USOS
1, 1
2024, 08, 10, 2025, 05, 08
60
Time_Start, seconds_past_midnight, Start time of measurement
45
1, 1, 1, 1, 1, 1, 1, 1, 1, 1, 1, 1, 1, 1, 1, 1, 1, 1, 1, 1, 1, 1, 1, 1, 1, 1, 1, 1, 1, 1, 1, 1, 1, 1, 1, 1, 1, 1, 1, 1, 1, 1, 1, 1, 1
-9999, -9999, -9999, -9999, -9999, -9999, -9999, -9999, -9999, -9999, -9999, -9999, -9999, -9999, -9999, -9999, -9999, -9999, -9999, -9999, -9999, -9999, -9999, -9999, -9999, -9999, -9999, -9999, -9999, -9999, -9999, -9999, -9999, -9999, -9999, -9999, -9999, -9999, -9999, -9999, -9999, -9999, -9999, -9999, -9999
Time_Stop, seconds_past_midnight, Stop time of measurement
Time_Mid, seconds_past_midnight, Mid time of measurement
Press_mb, mb, Pressure reported (mb)
Temp_C, degrees C, POPS temperature measurement
Aerosol_concentration, cm^-3, Aerosol concentration
Surface_Area_Conc, um^2 cm^-3, Surface area concentration
Volume_density, um^3 cm^-3, Volume density
Effective_radius, um, Effective radius
Extinction, km^-1, Extinction
Bin01, cm^-3, particle concentration in size range [1401 - 146.3 nm]
Bin02, cm^-3, particle concentration in size range [146.3 - 152.8 nm]
Bin03, cm^-3, particle concentration in size range [152.8 - 159.6 nm]
Bin04, cm^-3, particle concentration in size range [159.6 - 166.8 nm]
Bin05, cm^-3, particle concentration in size range [166.8 - 174.2 nm]
Bin06, cm^-3, particle concentration in size range [174.2 - 181.9 nm]
Bin07, cm^-3, particle concentration in size range [181.9 - 190.0 nm]
Bin08, cm^-3, particle concentration in size range [190.0 - 198.5 nm]
Bin09, cm^-3, particle concentration in size range [198.5 - 207.4 nm]
Bin10, cm^-3, particle concentration in size range [207.4 - 216.6 nm]
Bin11, cm^-3, particle concentration in size range [216.6 - 226.2 nm]
Bin12, cm^-3, particle concentration in size range [226.2 - 236.3 nm]
Bin13, cm^-3, particle concentration in size range [236.3 - 246.8 nm]
Bin14, cm^-3, particle concentration in size range [246.8 - 257.8 nm]
Bin15, cm^-3, particle concentration in size range [257.8 - 269.3 nm]
Bin16, cm^-3, particle concentration in size range [269.3 - 343.4 nm]
Bin17, cm^-3, particle concentration in size range [343.4 - 450.7 nm]
Bin18, cm^-3, particle concentration in size range [450.7 - 525.9 nm]
Bin19, cm^-3, particle concentration in size range [525.9 - 618.5 nm]
Bin20, cm^-3, particle concentration in size range [618.5 - 710.0 nm]
Bin21, cm^-3, particle concentration in size range [710.0 - 822.7 nm]
Bin22, cm^-3, particle concentration in size range [822.7 - 885.9 nm]
Bin23, cm^-3, particle concentration in size range [885.9 - 953.9 nm]
Bin24, cm^-3, particle concentration in size range [953.9 - 1027.2 nm]
Bin25, cm^-3, particle concentration in size range [1027.2 - 1106.1 nm]
Bin26, cm^-3, particle concentration in size range [1106.1 - 1191.0 nm]
Bin27, cm^-3, particle concentration in size range [1191.0 - 1282.5 nm]
Bin28, cm^-3, particle concentration in size range [1282.5 - 1381.0 nm]
Bin29, cm^-3, particle concentration in size range [1381.0 - 1487.1 nm]
Bin30, cm^-3, particle concentration in size range [1487.1 - 1601.3 nm]
Bin31, cm^-3, particle concentration in size range [1601.3 - 1724.3 nm]
[...]
PLATFORM: NOAA CSL Mobile Lab
LOCATION: USOS
ASSOCIATED_DATA: N/A
INSTRUMENT_INFO: Printed Optical Particle Spectrometer counts particles from 140 - 2500 nm in diameter 
DATA_INFO: Particle concentrations reported in number per cubic centimeter,1 Hz data
UNCERTAINTY: Counting uncertainty dominated by air flow, less than 5 percent. Measurement range is ~0 - 3000 per cm3 (varies depending on flow rate- manufacturer quotes 1250 per cm3 at 1.667 cc/s)
ULOD_FLAG: -7777
ULOD_VALUE: N/A
LLOD_FLAG: -8888
LLOD_VALUE: N/A
DM_CONTACT_INFO: Troy Thornberry, 325 Broadway R/CSL6, Boulder, CO 80305; troy.thornberry@noaa.gov; 303-497-3373
PROJECT_INFO: USOS, Utah POPS data from NOAA CSL Mobile Lab
STIPULATIONS_ON_USE: Please contact the PIs for questions regarding applications and uncertainties
OTHER_COMMENTS: POPS bin Edges (nm):  140.1, 146.3, 152.8, 159.6, 166.8, 174.2, 181.9, 190.0, 198.5, 207.4, 216.6, 226.2, 236.3, 246.8, 257.8, 269.3, 343.4, 450.7, 525.9, 618.5, 710.0, 822.7, 885.9, 953.9, 1027.2, 1106.1, 1191.0, 1282.5, 1381.0, 1487.1, 1601.3, 1724.3, 1856.7, 1999.3, 2152.8, 2318.2, 2496.2
Calculations assume organic aerosol refractive index of 1.52+0.00j and extinction wavelength = 532 nm
REVISION: R0
R0: Final data
Time_Start, Time_Stop, Time_Mid, Press_mb, Temp_C, Aerosol_concentration, Surface_Area_Conc, Volume_density, Effective_radius, Extinction, Bin01, Bin02, Bin03, Bin04, Bin05, Bin06, Bin07, Bin08, Bin09, Bin10, Bin11, Bin12, Bin13, Bin14, Bin15, Bin16, Bin17, Bin18, Bin19, Bin20, Bin21, Bin22, Bin23, Bin24, Bin25, Bin26, Bin27, Bin28, Bin29, Bin30, Bin31, Bin32, Bin33, Bin34, Bin35, Bin36
[from data line 480]
28800,28859,28830,871.467,30.553,224.445,39.848,2.518,0.187,0.012,16.300734,15.755785,14.749537,14.783063,13.668099,13.326282,12.200547,11.701242,10.685529,10.575124,10.081280,10.347045,10.581881,10.556239,8.901594,28.751377,8.105013,1.842308,0.740579,0.177790,0.133519,0.084404,0.044456,0.050367,0.039709,0.038897,0.033731,0.044165,0.010599,0.033874,0.022283,0.033375,0.005519,0.000000,0.022492,0.016396
28860,28919,28890,871.467,30.510,222.598,39.738,2.677,0.196,0.012,16.562160,15.515035,14.794719,13.915987,14.523603,13.193797,11.981085,11.219140,10.682761,10.928743,10.215801,10.442476,10.378663,9.901480,8.893342,28.112391,8.122772,1.753121,0.800322,0.117173,0.083041,0.038857,0.049671,0.033448,0.039051,0.016799,0.066744,0.039131,0.011243,0.016549,0.010968,0.038634,0.038333,0.022300,0.016465,0.022334
28920,28979,28950,871.452,30.407,222.991,39.762,2.536,0.187,0.012,16.816647,15.947908,14.571956,14.140014,13.762242,13.043963,11.854908,11.422839,10.813282,10.587853,9.991784,10.662259,10.497988,10.274001,8.712273,28.440800,8.223639,1.669570,0.811368,0.155740,0.089452,0.122640,0.049852,0.044124,0.027654,0.022317,0.055878,0.016785,0.022545,0.022565,0.016613,0.005631,0.027382,0.011168,0.027613,0.027748
28980,29039,29010,871.446,30.320,221.929,39.782,2.748,0.200,0.012,15.816530,15.475677,14.365209,14.543158,14.249039,12.723037,12.035419,11.314443,11.260282,10.794911,10.260271,10.567250,10.817744,9.751931,8.533854,27.871307,8.352888,1.823717,0.696854,0.159864,0.105031,0.044138,0.016630,0.055365,0.027782,0.022286,0.022226,0.011205,0.016674,0.027687,0.016705,0.044656,0.022082,0.027767,0.033657,0.022167
29040,29099,29070,871.454,30.272,224.880,40.092,2.586,0.189,0.013,16.520901,15.991485,14.677483,14.077683,14.252547,13.393873,11.747627,10.858005,10.889071,10.828011,10.508465,10.562355,10.849569,10.512112,9.121449,28.673491,7.973487,1.917555,0.782142,0.160599,0.083250,0.055240,0.071715,0.066623,0.022336,0.060827,0.027768,0.022447,0.011041,0.038520,0.033112,0.033484,0.005612,0.016836,0.011205,0.021945
29100,29159,29130,871.458,30.271,228.306,41.319,2.959,0.206,0.013,17.479858,16.137180,14.919946,14.678819,13.842259,13.574067,12.596857,11.689311,11.056950,10.699574,10.129547,10.634334,10.982894,10.508999,8.736151,28.979824,8.136919,2.056739,0.687381,0.166734,0.122597,0.066253,0.044658,0.016744,0.022661,0.027780,0.033256,0.016359,0.027917,0.027954,0.044916,0.044285,0.049598,0.005394,0.016612,0.044887
29160,29219,29190,871.453,30.413,225.334,39.620,2.511,0.186,0.012,16.972454,16.014183,14.840150,14.670112,14.001702,12.973953,12.430544,11.827455,10.796984,10.187780,10.605037,10.553764,10.691167,10.460041,9.129563,28.086487,8.037659,1.691772,0.734498,0.105856,0.116471,0.016797,0.055581,0.038300,0.050473,0.016708,0.022581,0.022206,0.033209,0.033254,0.033081,0.016764,0.011035,0.016722,0.000000,0.039397
29220,29279,29250,871.481,30.484,224.978,40.679,2.774,0.200,0.013,16.620279,15.473475,15.155906,14.750237,14.045408,12.956450,12.327836,11.416420,10.255427,10.733641,10.329395,10.689405,11.029259,10.387465,8.748897,28.559402,8.183927,1.720559,0.760137,0.200763,0.133390,0.049857,0.033564,0.038661,0.033165,0.038726,0.017006,0.033284,0.033634,0.044246,0.055967,0.022360,0.049846,0.005519,0.016630,0.027688
29280,29339,29310,871.485,30.501,224.409,39.717,2.470,0.183,0.012,16.602322,15.775882,14.663672,14.169405,14.135628,13.696117,11.890322,11.242209,11.048668,10.683728,10.080113,10.930170,11.053169,10.139027,9.026098,27.557150,8.377122,1.827183,0.796933,0.159923,0.132270,0.066808,0.038814,0.044175,0.022297,0.039151,0.038894,0.016539,0.027302,0.010875,0.021973,0.011167,0.027785,0.022297,0.016702,0.016816
29340,29399,29370,871.516,30.434,224.757,40.089,2.706,0.197,0.012,16.786243,16.591961,14.381618,14.542675,14.354223,12.757730,12.285063,11.413727,10.495997,10.654792,9.950574,10.902957,10.924525,10.377078,8.772764,27.873873,8.786881,1.640835,0.592809,0.127862,0.060646,0.060974,0.043967,0.027855,0.033379,0.038828,0.039326,0.016649,0.033447,0.010718,0.055290,0.032972,0.022327,0.016498,0.027817,0.021941
29400,29459,29430,871.527,30.320,224.106,40.321,2.718,0.199,0.013,16.716209,15.831417,14.645053,14.162181,14.328570,12.731512,12.243657,11.573538,10.962216,10.806200,10.005154,10.733610,10.543140,10.680626,8.849292,28.009132,7.872128,1.693807,0.905120,0.161888,0.111648,0.049938,0.049885,0.077744,0.044414,0.016930,0.033170,0.028198,0.022100,0.033483,0.072545,0.033330,0.028009,0.027708,0.010988,0.011039
29460,29519,29490,871.568,30.252,226.994,40.176,2.499,0.183,0.012,16.767780,16.287123,15.079713,14.691849,13.851875,12.934054,12.484167,11.785247,10.845332,10.637032,10.334898,10.532187,10.819213,10.279994,9.021288,29.185028,8.104514,1.937394,0.680486,0.127754,0.156663,0.027930,0.066770,0.072708,0.038789,0.011038,0.022393,0.010915,0.039041,0.039208,0.044387,0.022099,0.016632,0.010876,0.027587,0.000000
29520,29579,29550,871.542,30.294,228.635,41.360,2.950,0.208,0.013,17.014366,16.316751,15.676690,15.620863,14.215163,13.067930,12.517700,11.330462,10.872851,10.207235,10.365190,10.641191,10.541122,10.610631,9.434462,28.242113,8.492352,1.861726,0.866153,0.144243,0.106707,0.061576,0.022080,0.061091,0.055472,0.027663,0.016691,0.016933,0.011074,0.028037,0.033539,0.027750,0.022113,0.016820,0.033324,0.055264
29580,29639,29610,871.568,30.479,228.031,40.727,2.694,0.194,0.013,16.959917,16.104925,14.795784,14.684757,14.400509,13.320535,12.204330,12.181437,10.886238,10.438787,10.640093,10.728162,10.918388,10.246603,9.012300,28.674564,8.670031,1.789486,0.747652,0.116027,0.077889,0.033337,0.033300,0.049740,0.022304,0.032792,0.016562,0.022324,0.016557,0.044636,0.033105,0.016723,0.039288,0.027471,0.022262,0.022335
29640,29699,29670,871.585,30.529,228.310,41.342,2.867,0.203,0.013,17.258539,15.824058,15.236018,15.254996,14.349224,12.984792,12.443822,12.120090,10.833536,10.331091,10.402178,10.807878,10.984736,10.953633,8.552480,28.187216,8.153992,1.963773,0.812511,0.139590,0.111527,0.089033,0.060363,0.050312,0.022029,0.055538,0.049501,0.033351,0.050472,0.039231,0.033057,0.027600,0.027515,0.005537,0.027987,0.033067
29700,29759,29730,871.572,30.417,228.562,40.760,2.761,0.197,0.013,17.293392,16.992208,15.380854,14.602823,14.161391,13.508533,12.614650,11.629994,10.847025,10.384227,10.426471,10.929789,10.988404,10.601722,8.477866,28.153847,8.133290,1.805354,0.844254,0.178155,0.110769,0.071966,0.078016,0.049326,0.033138,0.027650,0.032911,0.027910,0.005631,0.010770,0.027805,0.022046,0.016564,0.022123,0.033169,0.038329
29760,29819,29790,871.579,30.344,231.210,40.917,2.679,0.192,0.013,17.864958,16.592787,15.251122,14.558255,13.841864,13.710617,12.392213,11.961514,11.561848,10.576227,10.637671,11.123168,10.559572,10.910774,9.624149,28.209938,8.584378,1.766062,0.736073,0.145851,0.129390,0.055956,0.051035,0.033610,0.016704,0.045004,0.044804,0.056429,0.000000,0.033450,0.022373,0.044821,0.027951,0.011116,0.005631,0.022390
29820,29879,29850,871.573,30.288,229.086,40.497,2.560,0.185,0.013,16.722563,16.568150,15.375110,14.894029,13.844922,13.411047,12.328627,12.482408,10.821393,10.633703,10.579800,11.000901,10.816344,10.502915,9.136208,28.091537,8.595010,1.886409,0.714522,0.116669,0.132184,0.055266,0.038653,0.027353,0.049897,0.011102,0.022297,0.027614,0.027383,0.038836,0.061151,0.016837,0.005501,0.011075,0.011186,0.027590
29880,29939,29910,871.568,30.253,230.477,41.106,2.661,0.190,0.013,17.887720,16.487646,15.382035,15.127963,13.907290,13.557324,12.128420,11.923132,11.038465,10.572030,9.913181,10.953572,11.117895,10.464940,8.910950,29.004787,8.568240,1.940504,0.777388,0.183737,0.160795,0.044421,0.027807,0.044617,0.038998,0.044253,0.044954,0.044366,0.022123,0.028173,0.033639,0.027803,0.011246,0.027929,0.005593,0.022527
29940,29999,29970,871.596,30.396,228.915,41.487,2.930,0.207,0.013,16.831423,16.709221,15.405325,14.861038,14.112177,13.341140,12.573988,11.496757,10.814098,10.817540,10.335022,10.540329,10.680899,10.697693,9.045094,28.580860,8.760313,1.812839,0.708124,0.144327,0.121847,0.055168,0.033191,0.049939,0.032815,0.027154,0.044484,0.027834,0.033465,0.016205,0.066882,0.033193,0.032935,0.005537,0.027724,0.038651
30000,30059,30030,871.605,30.555,231.998,41.428,2.715,0.193,0.013,17.304323,16.590437,16.080820,14.621228,14.793075,13.218374,12.603396,12.013520,10.943392,10.809840,10.866985,10.811438,10.889399,10.177196,9.032151,29.382732,8.247983,2.028605,0.805624,0.150105,0.100333,0.077843,0.038787,0.066614,0.061282,0.022212,0.044086,0.021841,0.016671,0.010840,0.060773,0.022211,0.033485,0.005574,0.016705,0.027595
30060,30119,30090,871.600,30.607,231.962,40.872,2.530,0.183,0.013,17.444408,17.078291,16.211052,15.062335,14.647466,13.092867,12.560907,11.673174,11.222438,10.795327,10.415415,10.784626,10.815261,10.692132,9.044366,28.465351,8.542295,1.842977,0.813241,0.156607,0.133549,0.021825,0.050185,0.061820,0.044547,0.022151,0.033362,0.038954,0.027528,0.044883,0.066847,0.016470,0.011320,0.005574,0.005612,0.016669
30120,30179,30150,871.611,30.599,240.951,42.501,2.809,0.193,0.013,18.699833,17.744104,16.915190,15.878050,14.920022,14.311069,12.811142,12.188981,11.499475,11.106069,10.937344,11.349396,10.768247,10.935936,9.303089,29.705038,8.330258,1.942631,0.794768,0.148823,0.116973,0.066672,0.094580,0.038846,0.055846,0.039166,0.044365,0.010967,0.021990,0.021946,0.022491,0.033637,0.027714,0.033319,0.000000,0.033173
30180,30239,30210,871.612,30.573,239.512,42.552,2.767,0.192,0.013,18.558422,17.700108,16.448746,15.821174,14.591574,13.548718,13.132151,12.427863,11.154612,11.328761,10.384841,11.017459,11.595882,10.692138,9.157008,29.855978,8.590185,1.854970,0.773518,0.143813,0.139261,0.083251,0.082906,0.039156,0.022299,0.072048,0.055653,0.016760,0.039023,0.050038,0.027863,0.027774,0.027763,0.033646,0.005612,0.011093
30240,30299,30270,871.607,30.464,238.574,41.814,2.640,0.185,0.013,18.562473,17.034382,16.902628,15.746780,15.297381,13.930552,12.810800,12.214524,11.659353,10.647362,10.376699,11.202795,10.995715,10.628692,9.529683,29.008699,8.555471,1.803935,0.883384,0.178003,0.149994,0.044454,0.083185,0.033374,0.032961,0.044155,0.022392,0.027837,0.022099,0.022076,0.033193,0.016798,0.022188,0.000000,0.011190,0.038734
30300,30359,30330,871.575,30.516,243.752,43.679,2.935,0.197,0.014,19.124052,18.866287,16.494604,15.958484,14.940937,14.237617,13.134508,12.557212,11.685134,10.527969,10.425905,11.463072,11.436161,10.719838,9.366388,30.123966,8.999076,1.925457,0.873564,0.144841,0.100328,0.072980,0.061292,0.061347,0.033658,0.072730,0.027901,0.072343,0.049801,0.044369,0.044652,0.027762,0.033268,0.005537,0.011130,0.027655
30360,30419,30390,871.594,30.694,246.399,43.659,2.862,0.194,0.014,19.281017,18.235065,17.287037,15.795769,15.647518,14.474648,13.354121,12.525763,12.058024,11.193911,11.059997,10.778427,11.532169,11.091763,9.470621,29.992094,8.755786,2.098593,0.986067,0.177352,0.105138,0.060609,0.050062,0.027889,0.038823,0.038487,0.038951,0.022170,0.033102,0.033288,0.033048,0.016595,0.033488,0.016585,0.032992,0.022118
30420,30479,30450,871.600,30.838,244.422,43.057,2.680,0.183,0.013,18.577826,18.292440,17.304317,15.986457,15.448537,13.707672,13.320902,12.275974,11.674702,11.207465,10.893113,11.047147,11.651999,10.774964,9.248242,30.438488,9.064346,1.891517,0.815396,0.105561,0.138855,0.066293,0.060951,0.060661,0.038917,0.044313,0.039466,0.044268,0.044559,0.022206,0.050548,0.022544,0.039298,0.010984,0.005258,0.005556
30480,30539,30510,871.562,30.787,247.136,43.387,2.779,0.188,0.013,19.661766,18.937025,17.567972,16.510757,15.499799,14.347316,13.191278,12.181556,11.890530,11.433585,11.155479,11.070378,10.934129,11.069139,9.663686,29.556393,8.837001,1.962902,0.826730,0.156218,0.117128,0.066227,0.071721,0.050134,0.033559,0.044630,0.077097,0.027799,0.032832,0.027890,0.016484,0.016612,0.038898,0.016520,0.044473,0.000000
30540,30599,30570,871.568,30.744,244.990,42.520,2.613,0.181,0.013,19.677761,18.433058,16.894085,16.726883,15.171277,14.218196,13.140066,12.336448,11.540849,10.997449,10.952611,11.184353,11.188247,11.422855,9.090755,30.092752,8.485631,1.882288,0.821046,0.161867,0.099545,0.060953,0.067074,0.044138,0.016760,0.027523,0.028014,0.034004,0.033067,0.039176,0.033582,0.016638,0.033287,0.016289,0.011003,0.010947
30600,30659,30630,871.576,30.625,243.287,43.470,2.939,0.199,0.014,19.565937,17.620119,16.500845,15.741002,14.711962,14.520678,13.160413,11.901772,11.376532,11.865026,10.931074,11.347081,11.216393,10.865168,9.333925,30.318533,8.864631,1.792654,0.850217,0.156130,0.072022,0.066378,0.049184,0.061302,0.055061,0.005537,0.044164,0.044457,0.022061,0.027423,0.072474,0.022308,0.049791,0.005574,0.022392,0.027206
30660,30719,30690,871.573,30.534,245.794,44.182,3.068,0.201,0.014,18.955652,17.926987,16.729046,16.805124,15.248650,14.196776,13.247420,12.439309,11.354448,11.128982,11.396568,11.140543,11.359066,11.146966,9.594666,30.589130,8.664061,2.072439,0.862783,0.199845,0.111350,0.083898,0.094796,0.028194,0.083572,0.045149,0.011320,0.027660,0.038827,0.044682,0.032797,0.038755,0.016854,0.016799,0.016686,0.044614
30720,30779,30750,871.556,30.607,248.440,44.901,3.200,0.208,0.014,19.621830,18.570547,16.627825,16.263237,15.738432,14.267119,13.792318,12.545902,11.864230,11.073030,11.191855,11.285732,11.341130,11.387654,9.793954,30.481941,8.890774,1.817612,0.871849,0.173863,0.194526,0.106320,0.050160,0.072363,0.055811,0.022159,0.038723,0.000000,0.044629,0.060815,0.027726,0.027687,0.038522,0.027221,0.033111,0.039001
30780,30839,30810,871.579,30.729,248.247,44.085,2.784,0.185,0.014,19.881786,18.517317,16.572721,16.443897,15.467790,13.882345,13.692549,12.465729,11.509448,11.181189,11.281228,11.130200,11.303284,11.379824,9.470363,30.980238,9.138839,1.986925,1.022283,0.244800,0.166442,0.083591,0.083063,0.038717,0.033492,0.039302,0.049541,0.005612,0.049900,0.027511,0.032837,0.011149,0.016836,0.005464,0.016956,0.033554
30840,30899,30870,871.607,30.821,248.806,44.013,2.928,0.194,0.014,19.794041,18.156244,17.363722,16.999413,15.087300,14.632921,13.560870,13.088587,11.568261,11.493319,11.281393,11.392002,11.402020,10.759154,9.528206,30.569700,8.369030,1.960580,0.940396,0.171549,0.122225,0.110254,0.044216,0.050274,0.050184,0.016668,0.033229,0.016507,0.027558,0.038966,0.066580,0.016540,0.016612,0.022004,0.016394,0.038822
30900,30959,30930,871.614,30.741,248.944,43.843,2.734,0.183,0.014,19.599092,19.118645,17.299011,16.648754,15.434924,14.512520,13.417212,12.629166,11.664864,11.447931,10.635362,11.170814,11.399327,10.684256,9.555099,30.576099,9.273293,2.154401,0.925226,0.138509,0.099853,0.083677,0.044039,0.055377,0.049928,0.061091,0.044249,0.060869,0.022199,0.027835,0.016760,0.016325,0.038934,0.016435,0.000000,0.022076
30960,31019,30990,871.590,30.670,249.702,43.635,2.773,0.187,0.014,20.458389,18.455730,17.036993,16.985567,15.481062,14.591237,13.506922,12.690010,11.702526,10.998219,11.280822,11.186226,11.237020,11.156260,9.841989,30.422731,8.978127,2.065156,0.892376,0.094088,0.127464,0.066486,0.038155,0.066502,0.033508,0.027731,0.016686,0.048987,0.055194,0.033336,0.033056,0.044273,0.022010,0.010879,0.005593,0.011189
31020,31079,31050,871.567,30.601,251.060,44.366,2.926,0.191,0.014,20.094185,18.395721,17.649757,17.058226,15.224707,15.005749,13.150725,13.210326,12.276605,11.221116,10.905848,11.111765,11.301498,11.503039,9.567376,30.783054,8.710592,2.033992,0.939327,0.167518,0.127498,0.116611,0.066445,0.060921,0.016876,0.055532,0.049733,0.060885,0.011377,0.027836,0.038769,0.044277,0.033201,0.016845,0.000000,0.022428
31080,31139,31110,871.586,30.651,252.931,45.384,3.049,0.197,0.014,19.427904,18.847315,17.595224,16.890583,15.905965,14.534049,13.115532,12.716471,11.810044,11.538593,11.094054,11.445002,11.458353,11.440192,9.774126,32.230556,9.090738,2.152837,0.962168,0.200471,0.117044,0.105135,0.033465,0.033298,0.044673,0.039060,0.022315,0.039172,0.049994,0.061010,0.028064,0.033218,0.033337,0.016764,0.027812,0.016913
