CampaignData_and_Merges/R0/CSL_MobileLab_Parked/raw/20240810/USOS-NOy-LIF_MobileLabGround_20240810_R0.ict
39,1001
Rollins, A.; Waxman, E.; Zuraski, K.; Chace, W.
NOAA Chemical Sciences Laboratory
LIF NO/NOx/NOy on CSL Mobile Lab
AMMBEC / USOS
1, 1
2024,08,10, 2025,01,04
1
Time_Start, seconds, number_of_seconds_since_0000_UTC
7
1, 1, 1, 1, 1, 1, 1
-9999, -9999, -9999, -9999, -9999, -9999, -9999
Time_Stop, seconds, number_of_seconds_since_0000_UTC
NO_LIF, pptv, Gas_NO_InSitu_S_AVMR, volume mixing ratio of nitric oxide in air
NO2_LIF, pptv, Gas_NO2_InSitu_S_AVMR, volume mixing ratio of nitrogen dioxide in air
NOy_LIF, pptv, Gas_NOy_InSitu_S_AVMR, volume mixing ratio of total oxidized nitrogen in air
NO_LIF_1SigmaAccuracy, pptv, Gas_NO_InSitu_S_AVMR, volume mixing ratio of nitric oxide in air
NO2_LIF_1SigmaAccuracy, pptv, Gas_NO2_InSitu_S_AVMR, volume mixing ratio of nitrogen dioxide in air
NOy_LIF_1SigmaAccuracy, pptv, Gas_NOy_InSitu_S_AVMR, volume mixing ratio of total oxidized nitrogen in air
0
18
PI_CONTACT_INFO: andrew.rollins@noaa.gov
PLATFORM: CSL Mobile Lab
LOCATION: Salt Lake City, UT
ASSOCIATED_DATA:
INSTRUMENT_INFO: NO detection by laser induced fluorescence. NO2 detection by photolytic conversion to NO. NOy detection by catalytic conversion to NO on gold surface
DATA_INFO:
UNCERTAINTY: Included 1 Sigma Accuracy waves represent the combined calibration uncertainties (±6%, ±9%, ±10%) and zero uncertainties (3 ppt, 20 ppt, 100 ppt) for NO, NO2, and NOy, respectively.
ULOD_FLAG: -7777
ULOD_VALUE: N/A
LLOD_FLAG: -8888
LLOD_VALUE: N/A
DM_CONTACT_INFO: andrew.rollins@noaa.gov
PROJECT_INFO: USOS Project, July - August 2024
STIPULATIONS_ON_USE: Users are strongly encouraged to contact the PI for proper data usage.
OTHER_COMMENTS:
REVISION: R0
R0: final data
Time_Start, Time_Stop, NO_LIF, NO2_LIF, NOy_LIF, NO_LIF_1SigmaAccuracy, NO2_LIF_1SigmaAccuracy, NOy_LIF_1SigmaAccuracy
[from data line 263]
   15780,   15840,66.072,999,1673.2,6.9643, 109.91, 267.32
   15840,   15900,289.07,1286.8,1964.7,20.344, 135.81, 296.47
   15900,   15960,152.94,1475.1,2395,12.176, 152.76, 339.5
   15960,   16020,56.511,1038.5,1739.6,6.3907, 113.47, 273.96
   16020,   16080,161.76,1130.9,2014,12.705, 121.78, 301.4
   16080,   16140,111.96,1152.9,1874.5,9.7177, 123.76, 287.45
   16140,   16200,50.63,971.27,1595.8,6.0378, 107.41, 259.58
   16200,   16260,52.473,922.29,1518.5,6.1484, 103.01, 251.85
   16260,   16320,55.858,901.38,1481.5,6.3515, 101.12, 248.15
   16320,   16380,48.586,913.26,1480.7,5.9152, 102.19, 248.07
   16380,   16440,49.764,863.61,1381.4,5.9858, 97.725, 238.14
   16440,   16500,275.88,968.66,1579,19.553, 107.18, 257.9
   16500,   16560,624.94,1317.4,3541,40.496, 138.56, 454.1
   16560,   16620,147.56,1121.6,2045,11.853, 120.95, 304.5
   16620,   16680,55.203,882.58,1513.1,6.3122, 99.432, 251.31
   16680,   16740,56.664,911.64,1510.1,6.3998, 102.05, 251.01
   16740,   16800,412.12,1610.8,2178.3,27.727, 164.97, 317.83
   16800,   16860,263.94,2198.6,2983.4,18.837, 217.87, 398.34
   16860,   16920,74.467,1236.4,1936.1,7.468, 131.28, 293.61
   16920,   16980,30.437,1041.6,1777.3,4.8262, 113.74, 277.73
   16980,   17040,86.493,938.46,1604.5,8.1896, 104.46, 260.45
   17040,   17100,87.23,1039,1877.2,8.2338, 113.51, 287.72
   17100,   17160,42.687,919.14,1633.5,5.5612, 102.72, 263.35
   17160,   17220,51.997,849.35,1591.2,6.1198, 96.441, 259.12
   17220,   17280,68.353,1014.3,1711.8,7.1012, 111.29, 271.18
   17280,   17340,577.52,1466.3,2326.2,37.651, 151.97, 332.62
   17340,   17400,320.29,1694.6,2887,22.217, 172.52, 388.7
   17400,   17460,83.606,993.11,1854.6,8.0164, 109.38, 285.46
   17460,   17520,57.681,891.9,1447.3,6.4608, 100.27, 244.73
   17520,   17580,122.87,986.74,1611.2,10.372, 108.81, 261.12
   17580,   17640,78.325,946.44,1491.5,7.6995, 105.18, 249.15
   17640,   17700,151.5,1132.2,1614.4,12.09, 121.9, 261.44
   17700,   17760,189.47,1373.1,2110,14.368, 143.58, 311
   17760,   17820,143.83,1124.1,1750.6,11.63, 121.17, 275.06
   17820,   17880,109.44,1210.5,1872.8,9.5666, 128.94, 287.28
   17880,   17940,40.532,1034.9,1743.1,5.4319, 113.15, 274.31
   17940,   18000,47.496,863.53,1454.8,5.8498, 97.718, 245.48
   18000,   18060,52.67,876.19,1612.9,6.1602, 98.857, 261.29
   18060,   18120,94.372,1026.8,1553.4,8.6623, 112.41, 255.34
   18120,   18180,221.39,1463.6,2218.1,16.284, 151.73, 321.81
   18180,   18240,107.19,1343.5,2467.8,9.4316, 140.91, 346.78
   18240,   18300,34.783,851.28,1433.6,5.087, 96.615, 243.36
   18300,   18360,38.748,798.32,1343.2,5.3249, 91.849, 234.32
   18360,   18420,-9999,-9999,-9999,-9999, -9999, -9999
   18420,   18480,-9999,-9999,-9999,-9999, -9999, -9999
   18480,   18540,-9999,-9999,-9999,-9999, -9999, -9999
   18540,   18600,-9999,-9999,-9999,-9999, -9999, -9999
   18600,   18660,-9999,-9999,-9999,-9999, -9999, -9999
   18660,   18720,-9999,-9999,-9999,-9999, -9999, -9999
   18720,   18780,-9999,-9999,-9999,-9999, -9999, -9999
   18780,   18840,137.44,980.3,1626.8,11.247, 108.23, 262.68
   18840,   18900,345.24,1393.7,2223.9,23.714, 145.43, 322.39
   18900,   18960,673.1,2682.8,4088.4,43.386, 261.45, 508.84
   18960,   19020,219.09,2072.3,3134.6,16.145, 206.51, 413.46
   19020,   19080,104.36,1425.3,2445.4,9.2618, 148.28, 344.54
   19080,   19140,52.601,918.88,1606.4,6.1561, 102.7, 260.64
   19140,   19200,113.45,958.87,1547.6,9.8068, 106.3, 254.76
   19200,   19260,40.741,782.49,1359.3,5.4445, 90.424, 235.93
   19260,   19320,114.53,912.28,1485.4,9.8718, 102.11, 248.54
   19320,   19380,113.89,991.44,1701.4,9.8337, 109.23, 270.14
   19380,   19440,68.762,863.61,1491,7.1257, 97.725, 249.1
   19440,   19500,138.78,1028.3,1571.1,11.327, 112.55, 257.11
   19500,   19560,79.566,961.3,1639.7,7.774, 106.52, 263.97
   19560,   19620,51.542,777.61,1395.8,6.0925, 89.985, 239.58
   19620,   19680,17.305,683.62,1191.9,4.0383, 81.526, 219.19
   19680,   19740,48.101,736.28,1227.4,5.8861, 86.266, 222.74
   19740,   19800,94.354,946,1487.9,8.6612, 105.14, 248.79
   19800,   19860,251.92,1425.7,2134.4,18.115, 148.32, 313.44
   19860,   19920,35.651,947.57,1536.2,5.1391, 105.28, 253.62
   19920,   19980,26.534,929.67,1604.9,4.592, 103.67, 260.49
   19980,   20040,19.727,784.14,1501,4.1836, 90.573, 250.1
   20040,   20100,34.924,814.06,1308.7,5.0954, 93.265, 230.87
   20100,   20160,23.548,738.85,1299.5,4.4129, 86.496, 229.95
   20160,   20220,108.28,909.26,1464.9,9.4968, 101.83, 246.49
   20220,   20280,402.2,1634,2183.2,27.132, 167.06, 318.32
   20280,   20340,720.94,2194.9,3135.8,46.256, 217.54, 413.58
   20340,   20400,219.3,1684.5,2723.3,16.158, 171.61, 372.33
   20400,   20460,200.1,1180.8,2106.6,15.006, 126.28, 310.66
   20460,   20520,153.57,1234.9,1897.8,12.214, 131.14, 289.78
   20520,   20580,106.18,1012.9,1728.7,9.3707, 111.16, 272.87
   20580,   20640,61.482,1006.1,1772.6,6.6889, 110.55, 277.26
   20640,   20700,12.418,749.54,1395.2,3.7451, 87.458, 239.52
   20700,   20760,22.338,818.76,1389.4,4.3403, 93.688, 238.94
   20760,   20820,41.995,862.87,1455.8,5.5197, 97.659, 245.58
   20820,   20880,245.16,1515.3,1843.6,17.709, 156.37, 284.36
   20880,   20940,449.97,2428.3,2925,29.998, 238.55, 392.5
   20940,   21000,231,1570.1,2490.5,16.86, 161.31, 349.05
   21000,   21060,109.3,1217.8,1936.7,9.5577, 129.61, 293.67
   21060,   21120,394.53,1796.9,3407.3,26.672, 181.72, 440.73
   21120,   21180,31.274,1055.9,1653.9,4.8765, 115.03, 265.39
   21180,   21240,455.65,3047.7,3299.1,30.339, 294.3, 429.91
   21240,   21300,235.8,2403.2,4261.6,17.148, 236.29, 526.16
   21300,   21360,35.734,2595.5,3228.5,5.1441, 253.59, 422.85
   21360,   21420,37.891,3097.8,3763,5.2735, 298.8, 476.3
   21420,   21480,175.45,3123.4,3651.5,13.527, 301.11, 465.15
   21480,   21540,449.94,3091.9,4744.4,29.996, 298.27, 574.44
   21540,   21600,38.764,1063.6,2202.1,5.3258, 115.73, 320.21
   21600,   21660,248.56,1918.6,2138.6,17.913, 192.68, 313.86
   21660,   21720,261.44,3371.6,3770.2,18.686, 323.45, 477.02
   21720,   21780,1281.1,6279.5,5881.5,79.869, 585.15, 688.15
   21780,   21840,521.79,5584.3,7131.1,34.307, 522.59, 813.11
   21840,   21900,61.121,3449.9,4482.9,6.6673, 330.49, 548.29
   21900,   21960,806.39,4810.9,6477,51.383, 452.98, 747.7
   21960,   22020,28.939,2628.4,3854,4.7364, 256.55, 485.4
   22020,   22080,39.354,2569.1,3320.4,5.3613, 251.21, 432.04
   22080,   22140,636.35,3706,3926.9,41.181, 353.54, 492.69
   22140,   22200,163.35,3164.7,5368,12.801, 304.82, 636.8
   22200,   22260,53.66,2920.4,3863.1,6.2196, 282.84, 486.31
   22260,   22320,33.257,2872.7,3800.6,4.9954, 278.55, 480.06
   22320,   22380,32.382,2539,3416.7,4.9429, 248.51, 441.67
   22380,   22440,25.825,2282.4,3079,4.5495, 225.42, 407.9
   22440,   22500,107.52,2331.4,3065.5,9.4511, 229.83, 406.55
   22500,   22560,103.37,2356.1,3390,9.2025, 232.05, 439
   22560,   22620,56.127,2184.1,2908.1,6.3676, 216.57, 390.81
   22620,   22680,84.184,2238.4,2898.5,8.0511, 221.46, 389.85
   22680,   22740,30.78,2166.4,2945.5,4.8468, 214.97, 394.55
   22740,   22800,79.225,2309.7,3064.5,7.7535, 227.87, 406.45
   22800,   22860,56.52,2383.6,3084.9,6.3912, 234.53, 408.49
   22860,   22920,47.206,2342.9,3187,5.8324, 230.86, 418.7
   22920,   22980,73.221,2352.7,3069.6,7.3933, 231.74, 406.96
   22980,   23040,35.318,2338,3245.3,5.1191, 230.42, 424.53
   23040,   23100,95.295,2264.1,3033.5,8.7177, 223.77, 403.35
   23100,   23160,493.12,3063.7,3617.4,32.587, 295.74, 461.74
   23160,   23220,621.29,4482.7,5898.2,40.278, 423.44, 689.82
   23220,   23280,202.78,3442.9,5454.1,15.167, 329.86, 645.41
   23280,   23340,51.27,2292.2,3402.9,6.0762, 226.3, 440.29
   23340,   23400,824.49,4374.3,3770.3,52.469, 413.69, 477.03
   23400,   23460,772.26,5833.4,6450.7,49.335, 545.01, 745.07
   23460,   23520,279.58,5150.9,6409.7,19.775, 483.58, 740.97
   23520,   23580,114.32,4564.9,5856.4,9.8591, 430.84, 685.64
   23580,   23640,103.38,4228.4,5739.6,9.203, 400.56, 673.96
   23640,   23700,49.495,3489.8,4993,5.9697, 334.08, 599.3
   23700,   23760,50.414,2498.4,4085.6,6.0248, 244.85, 508.56
   23760,   23820,83.073,2117.3,3318.2,7.9844, 210.56, 431.82
   23820,   23880,73.965,2019.6,2876.5,7.4379, 201.76, 387.65
   23880,   23940,49.623,1892.8,2788.2,5.9774, 190.35, 378.82
   23940,   24000,36.057,1507.5,2376.4,5.1634, 155.68, 337.64
   24000,   24060,56.375,1302.6,2057.7,6.3825, 137.23, 305.77
   24060,   24120,32.801,1478.3,2073.7,4.9681, 153.04, 307.37
   24120,   24180,145.12,1368.8,2133.3,11.707, 143.19, 313.33
   24180,   24240,187.5,1532.6,2158.7,14.25, 157.93, 315.87
   24240,   24300,72.503,1208.5,2374.9,7.3502, 128.77, 337.49
   24300,   24360,52.153,1035.3,1678.5,6.1292, 113.18, 267.85
   24360,   24420,661.85,2455.1,3219.9,42.711, 240.96, 421.99
   24420,   24480,93.11,1286.4,2259.3,8.5866, 135.78, 325.93
   24480,   24540,35.87,993.06,1545.1,5.1522, 109.38, 254.51
   24540,   24600,20.835,996.48,1599.1,4.2501, 109.68, 259.91
   24600,   24660,151.19,1222.6,1770.4,12.072, 130.04, 277.04
   24660,   24720,109.78,1226.2,2016.9,9.587, 130.36, 301.69
   24720,   24780,40.428,936.5,1678.1,5.4257, 104.28, 267.81
   24780,   24840,24.095,949.95,1510.7,4.4457, 105.5, 251.07
   24840,   24900,70.35,1131.3,1691.1,7.221, 121.81, 269.11
   24900,   24960,46.163,1116.1,1690.2,5.7698, 120.45, 269.02
   24960,   25020,60.587,1009.2,1549.9,6.6352, 110.82, 254.99
   25020,   25080,91.41,1122.1,2078.4,8.4846, 120.99, 307.84
   25080,   25140,58.674,1161.3,1983.2,6.5205, 124.52, 298.32
   25140,   25200,53.375,978.71,1557.1,6.2025, 108.08, 255.71
   25200,   25260,146.33,1224.3,2148.4,11.78, 130.19, 314.84
   25260,   25320,157.42,1437.7,2144.1,12.445, 149.39, 314.41
   25320,   25380,30.807,1075.8,1822.8,4.8484, 116.82, 282.28
   25380,   25440,56.669,1080.8,1653.4,6.4002, 117.27, 265.34
   25440,   25500,46.887,890.22,1564.9,5.8132, 100.12, 256.49
   25500,   25560,16.537,792.15,1459,3.9922, 91.293, 245.9
   25560,   25620,25.31,844.38,1345.6,4.5186, 95.994, 234.56
   25620,   25680,69.07,945.33,1651,7.1442, 105.08, 265.1
   25680,   25740,37.563,985.26,1589.1,5.2538, 108.67, 258.91
   25740,   25800,11.563,827.69,1495,3.6938, 94.492, 249.5
   25800,   25860,15.203,787.01,1395,3.9122, 90.831, 239.5
   25860,   25920,12.024,780.13,1340.1,3.7214, 90.212, 234.01
   25920,   25980,106.36,1157.9,1642.3,9.3813, 124.21, 264.23
   25980,   26040,67.686,1219.4,2400.1,7.0612, 129.75, 340.01
   26040,   26100,17.159,892.48,1597.8,4.0295, 100.32, 259.78
   26100,   26160,16.731,772.1,1338.9,4.0038, 89.489, 233.89
   26160,   26220,26.861,807.83,1367,4.6116, 92.705, 236.7
   26220,   26280,31.293,936.54,1464.5,4.8776, 104.29, 246.45
   26280,   26340,29.804,1071.6,1599.6,4.7882, 116.44, 259.96
   26340,   26400,-9999,-9999,-9999,-9999, -9999, -9999
   26400,   26460,-9999,-9999,-9999,-9999, -9999, -9999
   26460,   26520,-9999,-9999,-9999,-9999, -9999, -9999
   26520,   26580,-9999,-9999,-9999,-9999, -9999, -9999
   26580,   26640,-9999,-9999,-9999,-9999, -9999, -9999
   26640,   26700,-9999,-9999,-9999,-9999, -9999, -9999
   26700,   26760,-9999,-9999,-9999,-9999, -9999, -9999
   26760,   26820,10.208,853.01,1371.9,3.6125, 96.771, 237.19
   26820,   26880,13.869,977.65,1514.8,3.8321, 107.99, 251.48
   26880,   26940,25.313,1025.7,1595.6,4.5188, 112.31, 259.56
   26940,   27000,14.914,966.89,1643.6,3.8948, 107.02, 264.36
   27000,   27060,98.406,1043,1807.9,8.9044, 113.87, 280.79
   27060,   27120,217.71,1520.1,2181.5,16.062, 156.81, 318.15
   27120,   27180,214.42,2276.2,3570.2,15.865, 224.86, 457.02
   27180,   27240,34.889,1126.1,2607.8,5.0933, 121.35, 360.78
   27240,   27300,194.13,1570.4,1965.2,14.648, 161.33, 296.52
   27300,   27360,77.716,1193.6,2215,7.663, 127.43, 321.5
   27360,   27420,24.952,931.83,1610.2,4.4971, 103.86, 261.02
   27420,   27480,268.28,1745.8,2359.4,19.097, 177.12, 335.94
   27480,   27540,9.8042,988.78,1886.2,3.5883, 108.99, 288.62
   27540,   27600,27.811,1100.1,1693,4.6686, 119.01, 269.3
   27600,   27660,31.288,1031.4,1616.2,4.8773, 112.82, 261.62
   27660,   27720,47.682,1163.7,1800.4,5.8609, 124.73, 280.04
   27720,   27780,82.923,1281.1,1981.8,7.9754, 135.3, 298.18
   27780,   27840,23.476,954,1706.7,4.4085, 105.86, 270.67
   27840,   27900,29.423,989.84,1577,4.7654, 109.09, 257.7
   27900,   27960,23.368,931.72,1628.6,4.4021, 103.85, 262.86
   27960,   28020,106.07,1090.2,1572.4,9.3641, 118.12, 257.24
   28020,   28080,45.007,1126.7,1860.9,5.7004, 121.4, 286.09
   28080,   28140,86.011,1323.4,1867.8,8.1607, 139.11, 286.78
   28140,   28200,197.59,2201.4,2747,14.856, 218.12, 374.7
   28200,   28260,64.96,1802.8,2912.9,6.8976, 182.25, 391.29
   28260,   28320,17.986,1465.9,2358.4,4.0792, 151.93, 335.84
   28320,   28380,20.895,1363,1950.4,4.2537, 142.67, 295.04
   28380,   28440,39.329,1634.5,2315.2,5.3597, 167.11, 331.52
   28440,   28500,15.622,1438.6,2092.9,3.9373, 149.47, 309.29
   28500,   28560,13.122,1313.2,2064.5,3.7873, 138.19, 306.45
   28560,   28620,17.099,1481.9,2189.6,4.0259, 153.37, 318.96
   28620,   28680,14.712,1040.6,1708.9,3.8827, 113.65, 270.89
   28680,   28740,10.441,831.03,1336.9,3.6265, 94.793, 233.69
   28740,   28800,25.852,965.01,1636.3,4.5511, 106.85, 263.63
   28800,   28860,230.51,1810,2125.4,16.831, 182.9, 312.54
   28860,   28920,416.17,2292.9,2864.4,27.97, 226.36, 386.44
   28920,   28980,108.7,1705.1,2892.1,9.5222, 173.46, 389.21
   28980,   29040,37.74,1099.3,1929.7,5.2644, 118.94, 292.97
   29040,   29100,22.063,980.62,1577.4,4.3238, 108.26, 257.74
   29100,   29160,19.673,940.23,1558.7,4.1804, 104.62, 255.87
   29160,   29220,46.611,1215.5,1746.4,5.7967, 129.39, 274.64
   29220,   29280,16.926,1058.2,1771.5,4.0156, 115.24, 277.15
   29280,   29340,70.643,1363.3,1872.8,7.2386, 142.7, 287.28
   29340,   29400,107.84,1649.5,2387.9,9.4703, 168.46, 338.79
   29400,   29460,55.123,1931.3,2624.7,6.3074, 193.82, 362.47
   29460,   29520,37.207,1876.6,2625.8,5.2324, 188.89, 362.58
   29520,   29580,22.348,1487.5,2091.4,4.3409, 153.88, 309.14
   29580,   29640,74.029,1512.1,2116.1,7.4417, 156.09, 311.61
   29640,   29700,83.444,1469.5,2464.4,8.0066, 152.26, 346.44
   29700,   29760,554,2782.3,4778.6,36.24, 270.41, 577.86
   29760,   29820,131.98,2080.5,3600.6,10.919, 207.25, 460.06
   29820,   29880,76.48,2231.1,3135.8,7.5888, 220.8, 413.58
   29880,   29940,21.262,1484.1,2321,4.2757, 153.57, 332.1
   29940,   30000,16.232,2110.1,2615.1,3.9739, 209.91, 361.51
   30000,   30060,36.211,2947.9,3651.9,5.1727, 285.31, 465.19
   30060,   30120,66.893,3635.8,4322,7.0136, 347.23, 532.2
   30120,   30180,144.48,4046.5,4547.4,11.669, 384.19, 554.74
   30180,   30240,140.35,4735.4,5584.6,11.421, 446.19, 658.46
   30240,   30300,70.229,4419.4,5477.6,7.2137, 417.74, 647.76
   30300,   30360,61.564,4524.3,5339.2,6.6939, 427.19, 633.92
   30360,   30420,60.531,3966.5,5070.4,6.6319, 376.99, 607.04
   30420,   30480,79.136,3720.3,4832,7.7482, 354.83, 583.2
   30480,   30540,41.752,3333.3,4492,5.5051, 320, 549.2
   30540,   30600,15.468,3228.7,4069.1,3.9281, 310.58, 506.91
   30600,   30660,22.689,3281.2,4210.7,4.3614, 315.3, 521.07
   30660,   30720,101.86,3589.6,4436.4,9.1115, 343.07, 543.64
   30720,   30780,305.61,4552.3,6034,21.337, 429.71, 703.4
   30780,   30840,117.15,4621,5848.1,10.029, 435.89, 684.81
   30840,   30900,56.015,4404.1,5804.1,6.3609, 416.37, 680.41
   30900,   30960,71.901,4655.8,5359.5,7.314, 439.03, 635.95
   30960,   31020,93.745,4895.5,5776.8,8.6247, 460.6, 677.68
   31020,   31080,21.365,4103.9,5469.7,4.2819, 389.35, 646.97
   31080,   31140,22.732,3872.1,4985.6,4.3639, 368.48, 598.56
   31140,   31200,39.438,3972.5,4899.1,5.3663, 377.52, 589.91
   31200,   31260,52.193,3730.6,4770.2,6.1316, 355.76, 577.02
   31260,   31320,21.303,3214.6,4514.3,4.2782, 309.32, 551.43
   31320,   31380,18.312,3314.3,4563.4,4.0987, 318.29, 556.34
   31380,   31440,20.115,3586.8,4689.2,4.2069, 342.81, 568.92
