CampaignData_and_Merges/R0/CSL_MobileLab_Parked/raw/20240810/USOS-NOAAIodideCIMS-PANs_MobileLabGround_20240810_RA.ict
35, 1001
Michael A Robinson, Chris Jernigan, Subi Thakali
NOAA ESRL Chemical Sciences Laboratory and CIRES, U. of Colorado
NOAA Iodide CIMS Instrument
USOS
1, 1
2024, 08, 10, 2024, 08, 11
1
starttime_UTC, seconds_past_midnight, seconds_of_day_since_00:00:00_UTC
3
1, 1, 1
-9999, -9999, -9999
PAN_NOAACIMS, pptv, Gas_PAN_InSitu_S_AVMR, 
APAN_NOAACIMS, pptv, Gas_APAN_InSitu_S_AVMR, 
PPN_NOAACIMS, pptv, Gas_PPN_InSitu_S_AVMR, 
0
18
PI_CONTACT_INFO: 325 Broadway, R/CSD 7, Boulder, Colorado 80305; michael.a.robinson@noaa.gov; chris.jernigan@noaa.gov;
PLATFORM: NOAA CSL Mobile Lab
LOCATION: SLC, Utah
ASSOCIATED_DATA: 1Hz data also available on request.
INSTRUMENT_INFO: NOAA I- ToF CIMS
DATA_INFO: All data in parts per trillion by volume (pptv). 1 Hz data is available upon request.
UNCERTAINTY: TBD
ULOD_FLAG: -7777
ULOD_VALUE: N/A
LLOD_FLAG: -8888
LLOD_VALUE: N/A
DM_CONTACT_INFO: Nathan Howard; nathan.h.howard@noaa.gov
PROJECT_INFO: USOS, summer 2024. https://csl.noaa.gov/groups/csl7/measurements/2024usos/
STIPULATIONS_ON_USE: Users are strongly encouraged to contact the PI for proper data usage.
OTHER_COMMENTS: 
REVISION: RA
RA: Preliminary Data; For in-field use only
starttime_UTC, PAN_NOAACIMS, APAN_NOAACIMS, PPN_NOAACIMS
[from data line 1309]
 78540, 289.157,  2.509, 24.139
 78600, 286.064,  3.262, 25.273
 78660, 281.611,  3.865, 26.154
 78720, 289.664,  2.637, 25.429
 78780, 279.838,  2.677, 23.815
 78840, 276.791,  3.068, 24.740
 78900, 275.263,  2.057, 23.297
 78960, 255.680,  2.422, 23.888
 79020, 263.674,  1.259, 26.190
 79080, 252.088,  2.577, 24.488
 79140, 251.619,  2.287, 25.392
 79200, 271.656,  2.473, 27.729
 79260, 290.503,  3.453, 27.901
 79320, 295.593,  2.299, 25.711
 79380, 291.499,  2.486, 27.178
 79440, 294.056,  2.087, 29.866
 79500, 288.423,  1.712, 29.773
 79560, 266.721,  2.548, 28.078
 79620, 285.475,  2.714, 27.145
 79680, -9999.000, -9999.000, -9999.000
 79740, 283.504,  0.957, 30.108
 79800, 288.890,  2.371, 31.239
 79860, 292.434,  2.444, 30.251
 79920, 281.133,  2.187, 28.190
 79980, 290.035,  1.153, 24.736
 80040, 273.277,  1.354, 26.614
 80100, 273.331,  2.126, 26.764
 80160, 268.460,  3.362, 27.725
 80220, 253.739,  2.466, 26.081
 80280, 253.251,  2.396, 24.236
 80340, 250.690,  1.369, 25.452
 80400, 251.420,  2.287, 23.666
 80460, 260.609,  3.634, 26.205
 80520, 255.828,  1.839, 27.504
 80580, 256.525,  2.476, 24.991
 80640, 261.051,  2.061, 25.671
 80700, 255.101,  2.208, 26.826
 80760, 245.970,  2.615, 24.148
 80820, 239.126,  2.734, 22.702
 80880, 243.712,  2.067, 25.409
 80940, 250.752,  3.199, 23.587
 81000, 252.840,  2.629, 26.986
 81060, 250.658,  3.539, 24.848
 81120, 244.802,  3.283, 26.212
 81180, 239.976,  2.793, 22.833
 81240, 254.160,  1.492, 25.781
 81300, 244.104,  2.484, 25.425
 81360, 245.833,  2.660, 26.930
 81420, 243.296,  3.076, 24.883
 81480, 237.050,  3.340, 26.049
 81540, -9999.000, -9999.000, -9999.000
 81600, 252.170,  3.218, 27.201
 81660, 257.140,  2.919, 28.110
 81720, 272.714,  2.906, 25.353
 81780, 278.477,  2.470, 27.161
 81840, 277.687,  3.509, 27.035
 81900, 277.658,  2.888, 26.490
 81960, 272.180,  3.096, 28.181
 82020, 275.563,  2.672, 25.365
 82080, 264.975,  2.476, 25.217
 82140, 276.440,  3.118, 27.688
 82200, 262.039,  3.115, 26.424
 82260, 263.072,  3.363, 25.391
 82320, 250.400,  3.136, 21.845
 82380, 245.776,  2.112, 21.813
 82440, 236.963,  2.904, 22.814
 82500, 231.425,  2.373, 22.081
 82560, 230.780,  2.780, 22.003
 82620, 233.615,  3.370, 19.566
 82680, 222.473,  2.674, 19.965
 82740, 231.120,  2.666, 21.699
 82800, 233.503,  3.490, 19.817
 82860, 231.767,  3.129, 18.837
 82920, 238.224,  2.489, 20.764
 82980, 244.868,  3.535, 19.371
 83040, 263.100,  3.949, 23.114
 83100, 283.024,  3.921, 23.745
 83160, 273.364,  2.801, 22.318
 83220, 280.986,  3.148, 22.985
 83280, 290.239,  3.385, 22.970
 83340, 305.967,  3.162, 25.208
 83400, 318.464,  4.951, 23.510
 83460, 321.491,  3.679, 28.673
 83520, 330.977,  4.020, 33.359
 83580, 344.944,  3.727, 37.087
 83640, 377.720,  2.490, 39.467
 83700, 420.379,  3.380, 49.209
 83760, 427.981,  3.992, 51.109
 83820, 449.293,  4.475, 53.700
 83880, 464.874,  5.629, 54.369
 83940, 487.515,  5.908, 61.495
 84000, 493.664,  3.901, 62.985
 84060, 461.607,  4.579, 60.459
 84120, 436.135,  4.899, 53.164
 84180, 418.800,  4.547, 53.762
 84240, 412.362,  4.724, 54.358
 84300, 404.703,  4.142, 52.202
 84360, 398.808,  3.430, 52.592
 84420, 374.588,  4.474, 47.500
 84480, 381.438,  4.107, 46.541
 84540, 363.464,  3.601, 46.037
 84600, 326.521,  3.845, 37.734
 84660, 295.262,  3.536, 36.319
 84720, 284.894,  3.521, 35.331
 84780, 344.115,  3.514, 44.612
 84840, 313.727,  4.245, 42.565
 84900, 307.907,  3.213, 40.157
 84960, 260.726,  3.300, 30.727
 85020, 222.307,  3.499, 25.770
 85080, 225.831,  3.453, 23.293
 85140, 223.293,  2.100, 21.668
 85200, -9999.000, -9999.000, -9999.000
 85260, 235.445,  3.191, 24.566
 85320, 234.602,  3.349, 24.286
 85380, 238.431,  3.578, 25.821
 85440, 239.196,  3.651, 26.480
 85500, 238.851,  3.434, 23.951
 85560, 243.794,  3.442, 24.749
 85620, 239.783,  3.608, 26.370
 85680, 247.821,  3.670, 26.661
 85740, 243.992,  2.722, 28.472
 85800, 247.582,  3.377, 25.897
 85860, 241.546,  3.855, 27.734
 85920, 236.303,  4.059, 26.253
 85980, 241.681,  4.101, 22.972
 86040, 235.037,  3.056, 27.372
 86100, 217.207,  2.932, 22.148
 86160, 225.050,  3.200, 22.663
 86220, 227.256,  3.753, 23.287
 86280, 220.347,  2.767, 25.344
 86340, 221.754,  3.013, 24.160
