CampaignData_and_Merges/R0/CSL_MobileLab_Parked/raw/20240810/USOS-NOAAIodideCIMS-PANs_MobileLabGround_20240810_RA.ict
35, 1001
Michael A Robinson, Chris Jernigan, Subi Thakali
NOAA ESRL Chemical Sciences Laboratory and CIRES, U. of Colorado
NOAA Iodide CIMS Instrument
USOS
1, 1
2024, 08, 10, 2024, 08, 11
1
starttime_UTC, seconds_past_midnight, seconds_of_day_since_00:00:00_UTC
3
1, 1, 1
-9999, -9999, -9999
PAN_NOAACIMS, pptv, Gas_PAN_InSitu_S_AVMR, 
APAN_NOAACIMS, pptv, Gas_APAN_InSitu_S_AVMR, 
PPN_NOAACIMS, pptv, Gas_PPN_InSitu_S_AVMR, 
0
18
PI_CONTACT_INFO: 325 Broadway, R/CSD 7, Boulder, Colorado 80305; michael.a.robinson@noaa.gov; chris.jernigan@noaa.gov;
PLATFORM: NOAA CSL Mobile Lab
LOCATION: SLC, Utah
ASSOCIATED_DATA: 1Hz data also available on request.
INSTRUMENT_INFO: NOAA I- ToF CIMS
DATA_INFO: All data in parts per trillion by volume (pptv). 1 Hz data is available upon request.
UNCERTAINTY: TBD
ULOD_FLAG: -7777
ULOD_VALUE: N/A
LLOD_FLAG: -8888
LLOD_VALUE: N/A
DM_CONTACT_INFO: Nathan Howard; nathan.h.howard@noaa.gov
PROJECT_INFO: USOS, summer 2024. https://csl.noaa.gov/groups/csl7/measurements/2024usos/
STIPULATIONS_ON_USE: Users are strongly encouraged to contact the PI for proper data usage.
OTHER_COMMENTS: 
REVISION: RA
RA: Preliminary Data; For in-field use only
starttime_UTC, PAN_NOAACIMS, APAN_NOAACIMS, PPN_NOAACIMS
[from data line 816]
 48960, 210.186,  2.806, 17.523
 49020, 216.532,  2.998, 18.712
 49080, 210.280,  2.634, 14.988
 49140, 207.318,  3.331, 17.773
 49200, 207.049,  2.976, 15.730
 49260, 209.247,  2.254, 18.128
 49320, 215.826,  3.092, 16.876
 49380, 211.776,  2.543, 17.013
 49440, 209.654,  2.139, 17.405
 49500, 212.333,  3.154, 18.151
 49560, 217.306,  3.997, 16.478
 49620, 211.183,  3.183, 16.750
 49680, 210.111,  1.974, 18.945
 49740, 213.816,  2.462, 17.763
 49800, 223.178,  3.095, 20.071
 49860, 223.225,  2.508, 17.669
 49920, 218.568,  3.225, 16.842
 49980, 215.672,  3.599, 18.698
 50040, 221.611,  2.355, 19.224
 50100, 216.797,  2.048, 18.860
 50160, 218.098,  3.000, 20.333
 50220, 220.925,  3.374, 18.837
 50280, 225.728,  3.306, 19.134
 50340, 231.627,  2.764, 21.715
 50400, -9999.000, -9999.000, -9999.000
 50460, 224.927,  4.232, 18.625
 50520, 224.335,  3.105, 20.475
 50580, 229.110,  3.292, 21.369
 50640, 229.572,  2.638, 20.733
 50700, 232.340,  2.891, 19.405
 50760, 231.547,  2.872, 20.417
 50820, 240.137,  3.517, 20.649
 50880, 238.486,  2.536, 20.899
 50940, 237.627,  3.962, 20.677
 51000, 235.859,  2.834, 20.576
 51060, 244.550,  2.715, 21.955
 51120, 248.565,  2.868, 23.704
 51180, 245.723,  2.922, 22.460
 51240, 246.775,  3.351, 22.273
 51300, 254.478,  3.985, 23.573
 51360, 265.508,  3.718, 24.013
 51420, 269.040,  3.397, 26.216
 51480, 263.222,  3.673, 25.877
 51540, 256.612,  2.968, 24.329
 51600, 263.732,  2.570, 23.473
 51660, 258.925,  3.053, 24.931
 51720, 265.998,  2.927, 25.285
 51780, 273.405,  2.436, 24.324
 51840, 279.080,  3.168, 25.593
 51900, 280.124,  3.321, 28.796
 51960, 270.945,  3.182, 27.522
 52020, 279.033,  2.710, 28.202
 52080, 288.234,  3.056, 29.083
 52140, 297.737,  3.780, 31.002
 52200, 296.773,  5.018, 36.034
 52260, 313.368,  3.955, 31.067
 52320, 316.922,  3.786, 31.999
 52380, 320.081,  3.638, 34.708
 52440, 312.142,  3.734, 33.285
 52500, 326.425,  3.586, 35.720
 52560, 315.168,  3.225, 33.042
 52620, 323.510,  4.119, 34.469
 52680, 319.594,  2.614, 33.721
 52740, 318.877,  3.587, 34.243
 52800, 316.683,  3.768, 35.243
 52860, 332.950,  3.523, 37.827
 52920, 330.740,  4.050, 34.764
 52980, 325.866,  3.240, 35.264
 53040, 325.925,  3.792, 36.971
 53100, 329.659,  3.336, 35.930
 53160, 332.947,  2.860, 37.718
 53220, 325.555,  4.307, 36.658
 53280, 327.932,  3.472, 34.744
 53340, 336.563,  2.660, 35.600
 53400, 343.822,  4.001, 39.065
 53460, 341.016,  3.875, 36.233
 53520, 325.317,  3.835, 34.002
 53580, 329.197,  3.120, 35.758
 53640, 336.676,  3.655, 36.460
 53700, 321.906,  3.990, 34.220
 53760, 316.604,  4.014, 33.335
 53820, 330.040,  3.921, 35.521
 53880, 340.561,  3.130, 37.085
 53940, 340.735,  3.715, 36.818
 54000, 335.621,  3.161, 37.844
 54060, -9999.000, -9999.000, -9999.000
 54120, 369.075,  2.704, 41.558
 54180, 374.091,  3.791, 43.086
 54240, 364.645,  4.263, 43.022
 54300, 367.887,  4.469, 40.384
 54360, 392.006,  4.530, 47.915
 54420, 389.528,  3.608, 45.318
 54480, 393.735,  4.238, 46.340
 54540, 397.965,  3.731, 46.122
 54600, 400.795,  3.998, 45.703
 54660, 417.141,  4.062, 50.785
 54720, 429.790,  5.490, 51.748
 54780, 441.541,  5.278, 51.123
 54840, 444.161,  4.949, 51.935
 54900, 455.325,  7.083, 49.131
 54960, 443.456,  6.280, 47.401
 55020, 440.595,  6.053, 51.322
 55080, 449.822,  5.593, 50.876
 55140, 452.146,  4.601, 49.428
 55200, 456.852,  5.673, 50.411
 55260, 466.417,  3.037, 48.644
 55320, 429.456,  4.622, 46.246
 55380, 410.686,  5.076, 42.662
 55440, 405.633,  5.332, 43.928
 55500, 418.823,  4.245, 45.488
 55560, 429.684,  4.492, 47.803
 55620, 432.379,  4.806, 47.631
 55680, 443.560,  4.867, 46.270
 55740, 440.772,  4.167, 48.564
 55800, 427.535,  4.955, 45.877
 55860, 425.508,  5.866, 46.593
 55920, 407.572,  2.679, 50.572
 55980, 440.166,  4.912, 47.148
 56040, 440.735,  3.525, 49.453
 56100, 434.367,  4.110, 45.529
 56160, 443.029,  6.238, 46.985
 56220, 424.501,  3.890, 47.246
 56280, 407.401,  4.505, 45.214
 56340, 415.561,  3.976, 45.242
 56400, 436.704,  4.560, 50.339
 56460, -9999.000, -9999.000, -9999.000
 56520, -9999.000, -9999.000, -9999.000
 56580, -9999.000, -9999.000, -9999.000
 56640, -9999.000, -9999.000, -9999.000
 56700, -9999.000, -9999.000, -9999.000
 56760, -9999.000, -9999.000, -9999.000
 56820, -9999.000, -9999.000, -9999.000
 56880, -9999.000, -9999.000, -9999.000
 56940, -9999.000, -9999.000, -9999.000
 57000, -9999.000, -9999.000, -9999.000
 57060, -9999.000, -9999.000, -9999.000
 57120, -9999.000, -9999.000, -9999.000
 57180, -9999.000, -9999.000, -9999.000
 57240, -9999.000, -9999.000, -9999.000
 57300, -9999.000, -9999.000, -9999.000
 57360, -9999.000, -9999.000, -9999.000
 57420, -9999.000, -9999.000, -9999.000
 57480, 458.094,  4.463, 62.052
 57540, 472.650,  5.345, 62.910
 57600, 476.100,  5.091, 63.357
 57660, 484.918,  5.782, 62.676
 57720, 478.168,  6.192, 61.744
 57780, 467.903,  5.815, 60.424
 57840, 470.888,  6.031, 61.849
 57900, 484.519,  4.556, 63.327
 57960, 493.196,  4.360, 61.960
 58020, 482.162,  3.871, 61.111
 58080, 490.865,  5.828, 63.412
 58140, 506.192,  5.210, 65.617
 58200, 503.353,  5.390, 64.756
 58260, 513.216,  5.406, 65.950
 58320, 517.122,  4.655, 65.047
 58380, 522.126,  4.772, 66.503
 58440, 543.204,  5.644, 68.097
 58500, 537.562,  4.930, 69.386
 58560, 531.763,  4.773, 69.309
 58620, 538.327,  4.629, 67.869
 58680, 544.038,  4.408, 67.699
 58740, 562.947,  5.091, 69.862
 58800, 566.495,  5.461, 71.074
 58860, 571.612,  5.709, 68.027
 58920, 577.640,  5.594, 73.515
 58980, 577.413,  5.185, 70.755
 59040, 565.157,  6.217, 70.475
 59100, 570.629,  5.217, 68.248
 59160, 584.861,  6.164, 68.932
 59220, 604.665,  5.967, 73.096
 59280, 604.019,  6.294, 74.902
 59340, -9999.000, -9999.000, -9999.000
 59400, 585.836,  5.162, 66.116
 59460, 600.501,  6.397, 73.625
 59520, 616.676,  5.156, 76.778
 59580, 620.324,  5.207, 78.440
 59640, 624.491,  3.835, 76.900
 59700, 631.710,  4.749, 80.360
 59760, 629.676,  4.729, 82.414
 59820, 647.672,  5.700, 87.654
 59880, 649.581,  6.061, 85.488
 59940, 654.440,  7.089, 87.203
 60000, 662.891,  5.275, 87.234
 60060, 666.977,  4.578, 88.702
 60120, 665.556,  7.146, 87.092
 60180, 674.230,  5.076, 88.456
 60240, 689.982,  6.254, 93.009
 60300, 680.104,  4.869, 87.946
 60360, 690.743,  6.165, 91.736
 60420, 707.686,  6.043, 92.184
 60480, 695.963,  6.902, 91.003
 60540, 708.321,  4.462, 94.382
 60600, 718.220,  6.266, 95.396
 60660, 720.423,  6.364, 95.296
 60720, 720.126,  5.988, 96.126
 60780, 715.309,  5.771, 97.703
 60840, 712.615,  6.139, 92.658
 60900, 735.542,  5.001, 93.272
 60960, 739.182,  7.242, 97.935
 61020, 739.695,  5.363, 96.411
 61080, 750.422,  5.648, 97.437
 61140, 781.184,  6.647, 103.087
 61200, -9999.000, -9999.000, -9999.000
 61260, 750.728,  5.199, 95.302
 61320, 764.195,  5.991, 97.309
 61380, 765.238,  5.041, 100.271
 61440, 783.541,  6.441, 100.419
 61500, 809.318,  6.508, 104.375
 61560, 825.316,  6.235, 105.840
 61620, 793.455,  6.229, 102.915
 61680, 808.750,  5.326, 102.990
 61740, 825.164,  7.507, 107.631
 61800, 790.460,  6.669, 104.355
 61860, 751.736,  6.157, 98.421
 61920, 755.788,  6.483, 103.142
 61980, 736.890,  4.862, 100.717
 62040, 740.480,  6.936, 103.786
 62100, 738.502,  6.127, 101.993
 62160, 745.032,  5.326, 100.875
 62220, 755.275,  4.727, 103.153
 62280, 739.398,  7.398, 101.669
 62340, 724.765,  4.112, 99.938
 62400, 745.506,  6.659, 102.670
 62460, 791.137,  7.215, 109.179
 62520, 791.985,  7.808, 107.521
 62580, 809.638,  6.219, 112.838
 62640, 821.503,  5.100, 111.649
 62700, 848.616,  5.871, 112.182
 62760, 869.478,  6.410, 113.025
 62820, 895.774,  5.438, 116.562
 62880, 872.008,  7.577, 116.463
 62940, 851.882,  6.682, 113.044
 63000, 959.981,  4.422, 123.197
 63060, -9999.000, -9999.000, -9999.000
 63120, 835.879,  6.576, 107.938
 63180, 843.617,  5.545, 109.619
 63240, 851.863,  6.179, 110.061
 63300, 846.096,  5.981, 107.814
 63360, 881.066,  6.705, 110.249
 63420, 869.312,  5.736, 109.202
 63480, 884.817,  6.775, 110.382
 63540, 870.993,  6.161, 108.888
 63600, 881.838,  4.958, 108.881
 63660, 790.242,  7.307, 96.227
 63720, 782.629,  5.876, 95.924
 63780, 817.581,  6.498, 102.332
 63840, 804.550,  5.402, 98.477
 63900, 856.538,  5.235, 105.061
 63960, 845.912,  5.128, 105.835
 64020, 805.654,  6.019, 98.316
 64080, 785.404,  5.778, 99.448
 64140, 813.578,  5.542, 102.510
 64200, 828.712,  6.201, 106.395
 64260, 815.598,  5.582, 100.694
 64320, 859.309,  5.332, 105.422
 64380, 854.668,  6.422, 105.135
 64440, 869.927,  6.908, 105.469
 64500, 688.481,  5.583, 86.797
 64560, 796.899,  5.188, 97.809
 64620, 827.627,  6.313, 102.481
 64680, 651.653,  3.598, 78.959
 64740, 670.661,  4.069, 84.274
 64800, 328.105,  3.117, 38.233
 64860, 308.798,  3.270, 34.796
 64920, 269.615,  5.667, 30.851
 64980, 255.181,  3.420, 27.548
 65040, 256.818,  2.625, 28.035
 65100, 270.364,  2.346, 29.429
 65160, 271.987,  2.802, 27.778
 65220, 260.382,  3.257, 30.299
 65280, 257.377,  2.711, 27.993
 65340, 231.268,  2.931, 24.483
 65400, 218.355,  2.245, 24.169
 65460, 227.184,  2.702, 25.166
 65520, 217.657,  3.876, 24.924
 65580, 212.619,  2.935, 24.851
 65640, 204.890,  2.842, 22.186
 65700, 201.570,  4.135, 24.199
 65760, 206.713,  2.748, 23.373
 65820, 210.592,  2.658, 22.707
 65880, 214.095,  3.372, 24.820
 65940, 216.891,  4.247, 25.369
 66000, 229.586,  2.730, 27.349
 66060, 217.706,  3.433, 22.207
 66120, 213.106,  2.321, 21.999
 66180, 237.766,  2.859, 25.673
 66240, 231.241,  3.847, 24.969
 66300, 212.347,  3.020, 24.021
 66360, 218.504,  2.741, 27.102
 66420, 225.570,  3.032, 26.185
 66480, 245.576,  3.461, 26.901
 66540, 266.433,  2.644, 32.858
 66600, 280.190,  2.239, 33.879
 66660, 272.585,  4.241, 30.836
 66720, 280.852,  1.823, 38.383
 66780, 272.247,  3.111, 35.243
 66840, 257.837,  2.107, 29.265
 66900, 254.294,  3.850, 27.463
 66960, 255.515,  3.416, 29.446
 67020, 240.376,  1.520, 26.671
 67080, 234.897,  2.902, 28.433
 67140, 244.914,  2.973, 26.787
 67200, 235.326,  3.524, 26.242
 67260, 239.048,  3.986, 27.911
 67320, 244.807,  3.688, 27.680
 67380, 251.075,  2.342, 29.126
 67440, 271.934,  3.919, 31.935
 67500, 291.457,  3.055, 32.803
 67560, 297.453,  2.665, 34.408
 67620, 278.221,  1.514, 32.140
 67680, 274.829,  3.492, 32.475
 67740, 275.313,  2.057, 32.327
 67800, 267.224,  2.989, 28.348
 67860, 273.716,  3.543, 31.729
 67920, 271.888,  2.482, 31.308
 67980, 267.920,  2.067, 31.451
 68040, 276.228,  3.146, 30.298
 68100, 276.391,  2.828, 31.609
 68160, 284.192,  2.963, 28.397
 68220, 291.072,  2.090, 30.173
 68280, 282.806,  3.304, 29.970
 68340, 280.452,  2.826, 30.653
 68400, 279.785,  2.951, 29.150
 68460, 273.119,  2.976, 31.607
 68520, 263.034,  3.987, 31.915
 68580, 278.009,  2.879, 28.247
 68640, 281.098,  2.387, 33.549
 68700, 298.513,  2.391, 34.318
 68760, 337.205,  2.811, 37.164
 68820, 338.643,  3.619, 35.119
 68880, 345.045,  2.826, 38.240
 68940, 356.174,  2.482, 38.282
 69000, 349.863,  2.876, 37.452
 69060, 348.348,  2.694, 40.353
 69120, 348.175,  2.928, 39.671
 69180, 358.687,  3.360, 40.866
 69240, 348.815,  4.254, 39.075
 69300, 359.436,  3.367, 39.362
 69360, 360.765,  4.010, 43.235
 69420, 343.110,  1.704, 42.905
 69480, 329.613,  3.492, 40.554
 69540, 333.873,  3.879, 39.863
 69600, 339.190,  3.383, 40.515
 69660, 345.831,  3.224, 40.561
 69720, 342.129,  3.052, 38.333
 69780, 344.221,  2.788, 39.929
 69840, 341.766,  3.147, 40.451
 69900, 325.451,  3.599, 38.382
 69960, 314.760,  3.352, 36.404
 70020, 311.040,  4.030, 38.489
 70080, 312.110,  3.652, 35.534
 70140, 319.018,  3.470, 40.141
 70200, 309.288,  3.154, 37.675
 70260, 310.882,  2.634, 35.190
 70320, 310.812,  4.478, 37.499
 70380, 308.142,  3.516, 34.994
 70440, -9999.000, -9999.000, -9999.000
 70500, 276.318,  2.525, 32.586
 70560, 281.893,  4.023, 32.883
 70620, 277.697,  3.728, 32.130
 70680, 271.999,  4.230, 30.654
 70740, 269.899,  2.756, 29.822
 70800, 272.465,  3.245, 27.060
 70860, 270.191,  2.196, 29.262
 70920, 271.453,  2.570, 28.082
 70980, 275.161,  2.853, 30.349
 71040, 280.898,  2.882, 30.931
 71100, 270.198,  2.877, 29.600
 71160, 275.215,  3.273, 29.860
 71220, 278.789,  3.807, 31.251
 71280, 277.879,  4.489, 31.275
 71340, 289.278,  2.871, 32.531
 71400, 291.405,  3.445, 30.766
 71460, 288.035,  3.372, 31.039
 71520, 296.304,  3.520, 32.092
 71580, 289.895,  2.905, 29.337
 71640, 286.162,  4.454, 28.548
 71700, 296.896,  5.069, 30.956
 71760, 290.866,  3.192, 28.179
 71820, 287.031,  3.893, 30.110
 71880, 289.486,  3.993, 29.054
 71940, 291.764,  2.750, 27.722
 72000, 288.579,  3.406, 28.675
 72060, 291.144,  2.675, 28.447
 72120, 302.875,  2.418, 26.327
 72180, 284.363,  2.499, 24.365
 72240, 318.136,  2.535, 22.644
 72300, 310.983,  6.679, 24.284
 72360, 309.204,  3.154, 22.106
 72420, 295.915,  2.193, 19.864
 72480, 286.154,  3.206, 20.104
 72540, 282.904,  2.481, 23.100
 72600, 291.319,  3.922, 21.448
 72660, 290.306,  3.364, 21.981
 72720, 313.159,  3.794, 23.484
 72780, 307.640,  4.631, 24.872
 72840, 298.206,  4.213, 23.797
 72900, 292.993,  3.785, 28.190
 72960, 282.253,  3.435, 29.090
 73020, 290.723,  3.963, 27.625
 73080, 290.154,  5.214, 30.340
 73140, 281.669,  4.049, 33.187
 73200, 298.827,  5.269, 31.190
 73260, 298.912,  4.534, 30.360
 73320, 301.556,  3.577, 28.734
 73380, 315.893,  4.264, 29.372
 73440, 313.607,  3.393, 28.777
 73500, 319.755,  4.867, 29.129
 73560, 336.176,  3.834, 33.861
 73620, 347.029,  2.693, 35.509
 73680, 353.676,  5.082, 34.385
 73740, 342.888,  4.618, 34.003
 73800, 360.065,  5.108, 38.114
 73860, 360.727,  3.556, 39.494
 73920, 393.026,  3.636, 43.207
 73980, 382.821,  4.557, 43.741
 74040, 393.728,  6.263, 44.435
 74100, 384.687,  5.225, 48.208
 74160, -9999.000, -9999.000, -9999.000
 74220, 387.536,  5.871, 43.445
 74280, 380.724,  3.198, 44.483
 74340, 384.290,  4.177, 43.522
 74400, 379.588,  5.527, 41.509
 74460, 366.856,  4.942, 40.978
 74520, 377.696,  2.335, 43.337
 74580, 381.828,  3.787, 46.650
 74640, 368.545,  5.280, 40.038
 74700, 353.867,  3.439, 38.474
 74760, 366.930,  4.041, 39.241
 74820, 364.121,  3.855, 39.507
 74880, 362.880,  3.928, 43.430
 74940, 370.358,  3.398, 38.933
 75000, 383.266,  4.264, 40.760
 75060, 410.025,  4.273, 43.579
 75120, 410.051,  5.073, 47.536
 75180, 415.888,  4.007, 45.358
 75240, 439.040,  4.811, 45.507
 75300, 448.257,  4.698, 51.107
 75360, 471.449,  3.831, 53.539
 75420, 477.471,  3.700, 51.489
 75480, 464.241,  3.768, 53.615
 75540, 478.916,  2.832, 56.048
 75600, 477.258,  4.094, 52.627
 75660, 467.102,  4.179, 53.574
 75720, 476.837,  4.844, 53.650
 75780, 479.356,  4.352, 50.777
 75840, 467.214,  2.637, 51.832
 75900, 457.469,  3.540, 47.093
 75960, 481.168,  3.861, 52.623
 76020, 498.889,  2.217, 57.513
 76080, 494.502,  4.279, 50.291
 76140, 455.139,  3.649, 46.888
 76200, 422.924,  3.348, 43.774
 76260, 409.071,  2.100, 39.639
 76320, 390.736,  4.131, 35.688
 76380, 397.936,  2.956, 36.435
 76440, 368.357,  4.069, 36.573
 76500, 354.291,  3.601, 31.457
 76560, 349.205,  3.011, 30.961
 76620, 334.160,  3.703, 29.990
 76680, 329.861,  2.467, 29.822
 76740, 307.646,  2.567, 27.602
 76800, 292.522,  3.642, 23.861
 76860, 295.941,  1.905, 24.890
 76920, 298.526,  2.475, 24.109
 76980, 293.776,  1.994, 25.111
 77040, 300.097,  1.840, 25.553
 77100, 295.846,  2.976, 27.665
 77160, 293.229,  3.463, 26.819
 77220, 299.012,  2.722, 25.233
 77280, 295.556,  3.115, 26.736
 77340, 292.539,  3.065, 24.355
 77400, 293.083,  2.268, 26.112
 77460, 299.991,  1.972, 26.196
 77520, 302.664,  2.904, 25.974
 77580, 312.977,  2.330, 26.062
 77640, 294.286,  3.260, 25.501
 77700, 303.667,  2.425, 27.948
 77760, 300.985,  1.968, 27.955
 77820, -9999.000, -9999.000, -9999.000
 77880, 294.680,  3.915, 24.376
 77940, 288.851,  2.965, 24.346
 78000, 289.566,  4.526, 27.445
 78060, 292.984,  2.069, 23.900
 78120, 284.114,  2.207, 26.501
 78180, 289.821,  3.144, 23.852
 78240, 284.843,  2.907, 23.178
 78300, 278.609,  3.294, 24.615
 78360, 285.603,  3.090, 25.395
 78420, 277.521,  3.045, 25.051
