CampaignData_and_Merges/R0/CSL_MobileLab_Parked/raw/20240810/USOS-POPS_MobileLabGround_20240810_R0.ict
78, 1001
Thornberry, T. D.
NOAA Chemical Sciences Laboratory
Portable Optical Particle Spectrometer (POPS)
USOS
1, 1
2024, 08, 10, 2025, 05, 08
60
Time_Start, seconds_past_midnight, Start time of measurement
45
1, 1, 1, 1, 1, 1, 1, 1, 1, 1, 1, 1, 1, 1, 1, 1, 1, 1, 1, 1, 1, 1, 1, 1, 1, 1, 1, 1, 1, 1, 1, 1, 1, 1, 1, 1, 1, 1, 1, 1, 1, 1, 1, 1, 1
-9999, -9999, -9999, -9999, -9999, -9999, -9999, -9999, -9999, -9999, -9999, -9999, -9999, -9999, -9999, -9999, -9999, -9999, -9999, -9999, -9999, -9999, -9999, -9999, -9999, -9999, -9999, -9999, -9999, -9999, -9999, -9999, -9999, -9999, -9999, -9999, -9999, -9999, -9999, -9999, -9999, -9999, -9999, -9999, -9999
Time_Stop, seconds_past_midnight, Stop time of measurement
Time_Mid, seconds_past_midnight, Mid time of measurement
Press_mb, mb, Pressure reported (mb)
Temp_C, degrees C, POPS temperature measurement
Aerosol_concentration, cm^-3, Aerosol concentration
Surface_Area_Conc, um^2 cm^-3, Surface area concentration
Volume_density, um^3 cm^-3, Volume density
Effective_radius, um, Effective radius
Extinction, km^-1, Extinction
Bin01, cm^-3, particle concentration in size range [1401 - 146.3 nm]
Bin02, cm^-3, particle concentration in size range [146.3 - 152.8 nm]
Bin03, cm^-3, particle concentration in size range [152.8 - 159.6 nm]
Bin04, cm^-3, particle concentration in size range [159.6 - 166.8 nm]
Bin05, cm^-3, particle concentration in size range [166.8 - 174.2 nm]
Bin06, cm^-3, particle concentration in size range [174.2 - 181.9 nm]
Bin07, cm^-3, particle concentration in size range [181.9 - 190.0 nm]
Bin08, cm^-3, particle concentration in size range [190.0 - 198.5 nm]
Bin09, cm^-3, particle concentration in size range [198.5 - 207.4 nm]
Bin10, cm^-3, particle concentration in size range [207.4 - 216.6 nm]
Bin11, cm^-3, particle concentration in size range [216.6 - 226.2 nm]
Bin12, cm^-3, particle concentration in size range [226.2 - 236.3 nm]
Bin13, cm^-3, particle concentration in size range [236.3 - 246.8 nm]
Bin14, cm^-3, particle concentration in size range [246.8 - 257.8 nm]
Bin15, cm^-3, particle concentration in size range [257.8 - 269.3 nm]
Bin16, cm^-3, particle concentration in size range [269.3 - 343.4 nm]
Bin17, cm^-3, particle concentration in size range [343.4 - 450.7 nm]
Bin18, cm^-3, particle concentration in size range [450.7 - 525.9 nm]
Bin19, cm^-3, particle concentration in size range [525.9 - 618.5 nm]
Bin20, cm^-3, particle concentration in size range [618.5 - 710.0 nm]
Bin21, cm^-3, particle concentration in size range [710.0 - 822.7 nm]
Bin22, cm^-3, particle concentration in size range [822.7 - 885.9 nm]
Bin23, cm^-3, particle concentration in size range [885.9 - 953.9 nm]
Bin24, cm^-3, particle concentration in size range [953.9 - 1027.2 nm]
Bin25, cm^-3, particle concentration in size range [1027.2 - 1106.1 nm]
Bin26, cm^-3, particle concentration in size range [1106.1 - 1191.0 nm]
Bin27, cm^-3, particle concentration in size range [1191.0 - 1282.5 nm]
Bin28, cm^-3, particle concentration in size range [1282.5 - 1381.0 nm]
Bin29, cm^-3, particle concentration in size range [1381.0 - 1487.1 nm]
Bin30, cm^-3, particle concentration in size range [1487.1 - 1601.3 nm]
Bin31, cm^-3, particle concentration in size range [1601.3 - 1724.3 nm]
[...]
PLATFORM: NOAA CSL Mobile Lab
LOCATION: USOS
ASSOCIATED_DATA: N/A
INSTRUMENT_INFO: Printed Optical Particle Spectrometer counts particles from 140 - 2500 nm in diameter 
DATA_INFO: Particle concentrations reported in number per cubic centimeter,1 Hz data
UNCERTAINTY: Counting uncertainty dominated by air flow, less than 5 percent. Measurement range is ~0 - 3000 per cm3 (varies depending on flow rate- manufacturer quotes 1250 per cm3 at 1.667 cc/s)
ULOD_FLAG: -7777
ULOD_VALUE: N/A
LLOD_FLAG: -8888
LLOD_VALUE: N/A
DM_CONTACT_INFO: Troy Thornberry, 325 Broadway R/CSL6, Boulder, CO 80305; troy.thornberry@noaa.gov; 303-497-3373
PROJECT_INFO: USOS, Utah POPS data from NOAA CSL Mobile Lab
STIPULATIONS_ON_USE: Please contact the PIs for questions regarding applications and uncertainties
OTHER_COMMENTS: POPS bin Edges (nm):  140.1, 146.3, 152.8, 159.6, 166.8, 174.2, 181.9, 190.0, 198.5, 207.4, 216.6, 226.2, 236.3, 246.8, 257.8, 269.3, 343.4, 450.7, 525.9, 618.5, 710.0, 822.7, 885.9, 953.9, 1027.2, 1106.1, 1191.0, 1282.5, 1381.0, 1487.1, 1601.3, 1724.3, 1856.7, 1999.3, 2152.8, 2318.2, 2496.2
Calculations assume organic aerosol refractive index of 1.52+0.00j and extinction wavelength = 532 nm
REVISION: R0
R0: Final data
Time_Start, Time_Stop, Time_Mid, Press_mb, Temp_C, Aerosol_concentration, Surface_Area_Conc, Volume_density, Effective_radius, Extinction, Bin01, Bin02, Bin03, Bin04, Bin05, Bin06, Bin07, Bin08, Bin09, Bin10, Bin11, Bin12, Bin13, Bin14, Bin15, Bin16, Bin17, Bin18, Bin19, Bin20, Bin21, Bin22, Bin23, Bin24, Bin25, Bin26, Bin27, Bin28, Bin29, Bin30, Bin31, Bin32, Bin33, Bin34, Bin35, Bin36
[from data line 1310]
78600,78659,78630,869.643,34.318,247.950,37.649,1.887,0.148,0.009,21.089476,19.530046,17.883291,17.827820,17.602398,15.743488,14.839205,13.807186,13.411350,12.067316,11.371312,11.596876,10.883393,10.599987,8.342036,24.022890,5.373239,1.089752,0.508370,0.089077,0.060801,0.033399,0.032816,0.027984,0.016654,0.016953,0.022246,0.000000,0.000000,0.005501,0.016742,0.005394,0.005447,0.010788,0.000000,0.016363
78660,78719,78690,869.637,34.528,245.340,37.438,1.948,0.153,0.009,20.961830,19.534395,18.160954,18.057108,16.659929,16.011936,14.637660,13.608246,12.746856,11.668927,11.020061,11.612774,11.017780,10.171636,8.479708,23.302610,5.674397,1.186236,0.521721,0.060941,0.055901,0.016542,0.033126,0.022178,0.011357,0.027641,0.005593,0.000000,0.011205,0.000000,0.005376,0.005593,0.005464,0.011111,0.011039,0.022375
78720,78779,78750,869.611,34.566,250.596,38.080,1.894,0.148,0.010,21.105438,20.075418,18.586044,18.125595,17.790796,16.090565,15.193475,14.421517,12.668365,11.850079,11.447483,11.522032,11.319282,10.399234,8.713016,23.641783,5.667008,1.096292,0.464336,0.090332,0.090942,0.039810,0.045453,0.011197,0.016902,0.022271,0.000000,0.016914,0.022775,0.005650,0.022895,0.000000,0.016806,0.005650,0.005557,0.005521
78780,78839,78810,869.615,34.636,251.133,38.026,1.927,0.151,0.010,20.850586,19.873220,18.803625,17.924515,17.333042,16.825567,15.176285,14.163186,12.266813,12.626124,11.437720,11.936058,11.542231,10.549975,8.608369,23.641109,5.599249,1.138174,0.438370,0.110856,0.077158,0.055427,0.011186,0.022450,0.011130,0.010990,0.011282,0.000000,0.016259,0.016561,0.016630,0.027953,0.005631,0.000000,0.005501,0.000000
78840,78899,78870,869.596,34.704,257.095,39.102,1.904,0.145,0.010,21.680771,19.959824,19.276287,18.022223,17.638424,16.370405,15.288448,14.211430,13.591189,12.734241,12.374072,12.071634,11.386828,11.049262,8.555437,24.893154,5.895607,1.215660,0.491062,0.083057,0.078055,0.033320,0.016595,0.033528,0.033337,0.016540,0.016839,0.016650,0.022150,0.011242,0.005650,0.011188,0.005411,0.000000,0.000000,0.005574
78900,78959,78930,869.559,34.747,259.737,39.743,2.024,0.151,0.010,21.391659,20.705013,19.391899,18.456095,18.130943,16.963037,15.733455,14.535247,13.237144,12.628934,11.920153,11.799892,11.716492,10.618277,9.032165,25.568796,5.620181,1.381100,0.506779,0.066310,0.066670,0.033230,0.055512,0.016689,0.022336,0.016892,0.016863,0.011039,0.022024,0.022525,0.011262,0.016436,0.011075,0.005669,0.000000,0.005574
78960,79019,78990,869.575,34.722,268.153,41.027,2.218,0.160,0.010,22.094578,21.224154,20.078625,19.520288,19.128624,17.381596,16.131430,14.752332,14.284382,12.800876,12.268884,12.598109,11.844182,11.551567,9.250244,25.213091,5.686266,1.321939,0.642541,0.077616,0.076577,0.022467,0.038913,0.000000,0.010988,0.016166,0.005631,0.010899,0.010936,0.021744,0.010824,0.027671,0.027244,0.000000,0.010899,0.011074
79020,79079,79050,869.574,34.765,269.115,41.034,2.111,0.152,0.010,22.323080,21.497824,20.752859,19.201588,18.499109,17.814482,16.164036,14.433176,13.782934,12.616385,12.885601,12.654918,11.982651,11.666318,8.528685,26.007721,6.152353,1.248141,0.492106,0.083276,0.066277,0.055502,0.033465,0.033036,0.016710,0.011242,0.011111,0.016668,0.011111,0.011131,0.011168,0.016238,0.005593,0.011339,0.005447,0.011204
79080,79139,79110,869.565,34.763,289.262,44.291,2.248,0.151,0.011,23.748728,22.272472,21.635387,20.564116,19.951321,18.306261,17.359024,15.822757,15.165292,14.606852,13.965574,13.714625,13.192154,12.242155,9.591627,28.327396,6.371491,1.461923,0.473425,0.133492,0.078493,0.033516,0.033365,0.033504,0.033374,0.027568,0.016704,0.011112,0.016760,0.005612,0.022149,0.016728,0.016472,0.000000,0.000000,0.011019
79140,79199,79170,869.545,34.760,311.664,47.726,2.326,0.145,0.012,25.002645,24.452301,22.903236,22.099052,22.045210,19.945076,18.274881,17.852242,16.296410,15.232760,14.725505,15.068162,14.066426,13.061505,10.281601,30.589727,7.092305,1.551188,0.600045,0.127980,0.095058,0.027807,0.055539,0.027911,0.022467,0.044510,0.027873,0.022441,0.022303,0.011167,0.016557,0.000000,0.005688,0.005376,0.000000,0.010931
79200,79259,79230,869.533,34.814,318.104,48.532,2.358,0.145,0.012,25.926720,24.872959,23.846109,22.608114,21.673166,20.197157,18.963293,17.398872,16.352642,15.583627,15.327455,15.732248,14.832541,13.141021,10.909965,30.372023,7.627525,1.660764,0.644987,0.122380,0.060282,0.033394,0.038977,0.027822,0.022335,0.022524,0.022069,0.022429,0.005574,0.021971,0.005482,0.011149,0.000000,0.005593,0.000000,0.011168
79260,79319,79290,869.526,34.785,318.226,48.330,2.276,0.140,0.012,25.417356,24.593861,23.912104,22.760799,22.119568,20.201487,18.937532,18.317984,16.410669,15.698526,14.223065,15.376173,14.392686,13.898488,10.619790,31.299589,7.416620,1.649525,0.597458,0.127427,0.060866,0.027933,0.022392,0.028100,0.000000,0.005556,0.016466,0.021894,0.005631,0.033079,0.016686,0.005708,0.000000,0.011261,0.000000,0.000000
79320,79379,79350,869.537,34.886,315.596,47.846,2.219,0.138,0.012,25.863062,24.079029,22.520048,22.432104,21.631578,20.349615,18.538420,17.925779,16.264393,15.537366,15.532165,15.328429,14.455314,13.953234,10.631404,30.875546,7.059441,1.565131,0.582025,0.155179,0.105375,0.027360,0.060870,0.027846,0.011242,0.022452,0.027958,0.000000,0.011038,0.005519,0.000000,0.005537,0.000000,0.000000,0.005501,0.005556
79380,79439,79410,869.550,34.950,329.778,50.109,2.468,0.147,0.013,28.004702,26.691771,24.305639,23.884201,23.104652,21.213430,19.730869,18.282436,16.870186,15.643355,15.572202,15.435590,14.986383,14.005988,11.170673,30.279123,7.826590,1.535704,0.710570,0.138822,0.072702,0.050163,0.016362,0.033694,0.039002,0.033376,0.033829,0.022701,0.028165,0.016588,0.011084,0.005464,0.000000,0.000000,0.016705,0.005556
79440,79499,79470,869.546,34.900,312.714,47.904,2.457,0.152,0.012,25.257231,24.142460,23.455841,22.918585,21.686275,20.231352,19.246532,17.134827,15.831945,15.196055,14.448782,14.337472,14.669668,13.514199,10.576622,30.578405,7.046910,1.354225,0.618000,0.089330,0.093237,0.043954,0.043905,0.021921,0.032971,0.016503,0.011242,0.000000,0.011020,0.027818,0.011057,0.011022,0.022120,0.016469,0.010950,0.005464
79500,79559,79530,869.550,34.875,315.989,47.971,2.353,0.146,0.012,26.165461,24.374783,23.436298,22.847345,21.725397,20.478149,18.856281,17.919861,16.331301,15.030620,14.993892,15.139162,14.424873,13.421561,10.846105,30.567545,7.066479,1.419119,0.505463,0.088685,0.077758,0.044705,0.016522,0.033038,0.016761,0.005650,0.022134,0.028042,0.022527,0.027904,0.033270,0.011281,0.005669,0.000000,0.000000,0.005650
79560,79619,79590,869.525,35.028,313.445,47.620,2.282,0.142,0.012,25.927422,24.055500,23.132956,22.281012,21.168251,20.354502,18.984024,18.070721,16.122213,15.191054,15.074057,14.582466,14.262202,13.800158,10.557692,30.237749,7.215167,1.396452,0.554309,0.122409,0.055333,0.071476,0.033101,0.038891,0.027730,0.027687,0.022335,0.011057,0.011039,0.000000,0.038944,0.005519,0.000000,0.005593,0.000000,0.005556
79620,79679,79650,869.518,35.043,315.515,47.936,2.465,0.152,0.012,26.718327,24.602814,24.071047,23.961308,22.024178,20.197201,18.545191,17.748274,16.047638,15.537750,14.985115,14.336281,14.142883,13.014128,9.994448,30.246729,6.789800,1.415369,0.630604,0.140561,0.062153,0.039441,0.033755,0.044668,0.016913,0.033851,0.022344,0.011340,0.010971,0.011414,0.016987,0.011551,0.027973,0.000000,0.005650,0.016745
79680,79739,79710,869.524,35.041,322.156,49.155,2.522,0.152,0.012,27.072889,24.896536,23.461834,23.178482,22.476297,20.786528,19.559294,18.699368,16.612547,15.895371,15.095311,15.006048,14.470672,13.745206,10.330633,31.303787,6.966945,1.477605,0.668071,0.079935,0.061978,0.073418,0.033992,0.022539,0.016708,0.022474,0.011491,0.016825,0.005594,0.022793,0.028181,0.011307,0.011377,0.011206,0.011457,0.011026
79740,79799,79770,869.506,35.002,326.296,50.059,2.655,0.158,0.013,26.981462,25.686621,23.286018,23.870529,22.851667,21.118080,19.407328,18.426891,17.204401,16.235363,15.221315,15.575057,14.772665,13.764254,11.080188,30.548325,7.651670,1.455969,0.623830,0.122574,0.079158,0.054944,0.055978,0.027845,0.010984,0.016639,0.022422,0.011186,0.005429,0.027952,0.022421,0.027476,0.016311,0.016654,0.011261,0.005342
79800,79859,79830,869.488,34.958,327.584,50.087,2.656,0.156,0.013,27.795288,25.753164,24.116562,23.626230,22.956087,21.167049,19.624502,18.895796,16.709232,15.878775,15.171057,15.165210,14.840210,13.588696,11.111680,31.196758,7.421530,1.529316,0.540763,0.116600,0.078076,0.039214,0.033034,0.027802,0.000000,0.005574,0.039081,0.011223,0.011208,0.039038,0.022410,0.022508,0.016576,0.016893,0.000000,0.016705
79860,79919,79890,869.435,34.961,324.175,48.774,2.310,0.141,0.012,26.952499,25.537365,23.676901,23.554569,22.462898,20.876217,19.803068,18.112038,16.817774,15.990606,15.015894,15.286485,14.876623,14.065089,10.992494,30.332609,7.302878,1.496030,0.600549,0.156839,0.071814,0.022361,0.005411,0.022248,0.033197,0.027712,0.011186,0.005519,0.005574,0.021900,0.011094,0.005631,0.011039,0.000000,0.005612,0.005537
79920,79979,79950,869.419,34.937,331.075,50.138,2.411,0.143,0.012,27.539442,26.384144,24.825012,24.475203,23.001196,21.370008,19.981041,18.417959,16.591644,15.849369,15.008431,15.217221,15.221837,14.019421,11.286122,31.446146,7.754086,1.643229,0.571870,0.127968,0.083234,0.033262,0.032953,0.028034,0.011112,0.027606,0.027598,0.022432,0.016430,0.005574,0.021949,0.005574,0.016723,0.011003,0.000000,0.000000
79980,80039,80010,869.393,35.017,346.244,51.068,2.450,0.142,0.012,32.445267,29.499626,26.815367,25.639933,24.033056,21.540674,20.392681,19.779202,17.358994,16.848152,15.067308,15.239822,15.557848,13.665224,10.933440,31.356144,7.455703,1.633751,0.559430,0.139000,0.061138,0.044383,0.033066,0.028050,0.005556,0.016467,0.010965,0.016503,0.005612,0.005612,0.011020,0.011206,0.016762,0.000000,0.005574,0.011114
80040,80099,80070,869.378,34.969,331.610,50.474,2.593,0.152,0.013,27.806620,27.278631,24.774071,23.991558,22.546150,21.097088,19.807858,18.219381,17.578304,16.108953,15.069077,15.887749,14.623238,14.152991,11.112103,31.524313,7.481087,1.418858,0.597404,0.117344,0.100052,0.033692,0.055258,0.044543,0.038967,0.022187,0.011223,0.000000,0.022448,0.021920,0.011223,0.011093,0.005612,0.005429,0.011001,0.022393
80100,80159,80130,869.353,34.930,330.067,50.536,2.616,0.153,0.013,27.011208,26.170443,24.579422,23.815073,22.613285,21.249262,19.272581,18.110392,17.356119,16.857822,15.927498,15.189395,14.968512,14.131702,11.524190,31.000162,7.532323,1.563490,0.618218,0.138624,0.127190,0.072182,0.032955,0.032851,0.010932,0.016657,0.016520,0.005556,0.005593,0.027752,0.033181,0.022113,0.011007,0.000000,0.011189,0.011131
80160,80219,80190,869.313,34.908,326.293,49.653,2.529,0.151,0.012,27.596033,25.885113,24.293886,23.506203,23.063261,20.717484,19.817486,17.731699,16.991417,16.385057,15.566423,14.625727,14.357238,13.824112,11.168596,30.723789,7.364869,1.596408,0.627885,0.094621,0.072297,0.055493,0.033383,0.016780,0.000000,0.022287,0.005574,0.016809,0.033436,0.016715,0.033247,0.011077,0.022391,0.000000,0.000000,0.016655
80220,80279,80250,869.287,34.814,321.826,48.731,2.379,0.145,0.012,26.236858,24.695459,23.758945,24.043577,22.521931,21.015051,19.278599,18.128029,16.714005,15.952475,15.336732,15.220714,14.514988,13.595942,10.746757,30.440491,7.205616,1.356631,0.598371,0.112853,0.050760,0.056505,0.045661,0.022159,0.005612,0.034104,0.017143,0.017160,0.034577,0.011433,0.034116,0.005688,0.000000,0.005631,0.005885,0.005575
80280,80339,80310,869.242,34.754,314.691,47.821,2.357,0.146,0.012,25.844013,24.843920,23.394857,22.504999,21.784691,20.591656,18.536858,17.533224,15.975120,15.817926,14.530655,15.020509,14.379363,13.409701,10.896373,30.274542,6.820139,1.472347,0.622003,0.105260,0.055345,0.033447,0.038718,0.033306,0.022205,0.022076,0.033541,0.005574,0.022096,0.016346,0.016840,0.005556,0.000000,0.005537,0.016686,0.005308
80340,80399,80370,869.203,34.796,310.024,46.740,2.326,0.148,0.011,25.740322,24.378984,23.459723,22.353731,21.874184,19.680111,18.323330,16.990612,16.321312,15.461086,14.414402,14.845124,14.350703,13.080539,10.192579,29.780621,6.429032,1.371209,0.514470,0.123170,0.083309,0.033506,0.033249,0.038926,0.038815,0.011244,0.011093,0.010965,0.005501,0.022347,0.005482,0.021670,0.005631,0.000000,0.005631,0.011039
80400,80459,80430,869.181,34.786,310.207,46.426,2.295,0.146,0.011,25.676670,24.414320,23.260599,22.607738,21.806866,19.895639,18.639944,17.085579,16.500099,15.274390,14.664686,14.697238,14.126223,13.156979,10.362206,29.073456,6.862470,1.246826,0.560773,0.078106,0.044581,0.022227,0.027619,0.010969,0.016596,0.011024,0.005519,0.005631,0.000000,0.016988,0.005612,0.022190,0.000000,0.005650,0.005376,0.016485
80460,80519,80490,869.138,34.760,311.328,47.076,2.322,0.147,0.012,25.516142,24.418631,23.394117,22.982645,21.539616,20.213461,18.650715,17.956886,15.966646,15.101528,14.466773,14.177603,14.118927,13.754945,10.549634,29.382616,6.645024,1.479615,0.571988,0.083426,0.072605,0.039082,0.060984,0.022453,0.033863,0.011224,0.011130,0.016704,0.027615,0.016742,0.000000,0.011002,0.022321,0.000000,0.000000,0.011112
80520,80579,80550,869.084,34.694,309.143,46.216,2.151,0.139,0.011,25.907536,23.733477,23.297533,22.758421,21.203009,20.969952,18.416712,16.974651,16.127911,15.450258,14.590536,14.284130,14.295610,12.862758,9.939927,29.247213,6.894425,1.274818,0.579979,0.061059,0.066481,0.022288,0.022245,0.027984,0.016492,0.022372,0.016840,0.005464,0.005501,0.039305,0.011204,0.005574,0.011261,0.000000,0.000000,0.000000
80580,80639,80610,869.042,34.693,314.072,46.983,2.240,0.142,0.011,26.456635,24.985483,22.851048,23.221531,21.620239,20.138721,19.454266,17.740868,16.529388,15.361382,14.712151,14.467216,14.384331,13.564957,10.579685,29.046019,6.785453,1.338865,0.449564,0.077793,0.066140,0.044788,0.039080,0.027853,0.000000,0.011186,0.005574,0.016762,0.022334,0.022299,0.028039,0.000000,0.011383,0.000000,0.000000,0.010932
80640,80699,80670,869.012,34.734,320.662,47.892,2.363,0.147,0.012,27.279236,25.450788,24.506081,23.245232,22.221367,20.778494,19.208492,17.847805,16.279417,15.355415,15.551467,15.490715,14.164269,13.368946,10.937235,29.925919,6.875509,1.322514,0.460319,0.087536,0.060831,0.049797,0.050193,0.022139,0.005556,0.011148,0.005342,0.011057,0.000000,0.022315,0.016692,0.027606,0.011167,0.000000,0.011038,0.000000
80700,80759,80730,868.966,34.804,316.437,47.453,2.302,0.144,0.011,26.065594,24.751930,23.147657,23.611481,22.151035,20.753395,18.467442,17.902990,16.744532,15.836640,14.652894,14.900407,14.665539,13.919163,10.874713,28.897312,6.857567,1.414485,0.411106,0.095102,0.083515,0.050153,0.016363,0.016685,0.011168,0.027820,0.016435,0.016528,0.016290,0.016493,0.005482,0.005556,0.005556,0.011188,0.005325,0.011074
80760,80819,80790,868.949,34.870,321.593,48.627,2.487,0.152,0.012,26.027742,26.133028,24.593441,23.229948,22.531851,21.103533,19.286364,17.735010,16.699963,16.020872,15.132419,15.027858,14.610634,13.297845,10.914701,29.740849,6.973294,1.613388,0.440421,0.111122,0.073163,0.044148,0.039403,0.033695,0.005631,0.033491,0.021896,0.005574,0.011339,0.027877,0.011075,0.022274,0.016450,0.005574,0.011302,0.005574
80820,80879,80850,868.909,34.756,318.030,47.610,2.375,0.148,0.012,26.350653,25.080233,24.820345,23.225370,22.498770,20.550285,19.115837,17.610834,16.243881,15.496543,15.233051,14.920145,14.704592,13.168384,10.664172,29.606138,6.413946,1.313330,0.579622,0.067049,0.105228,0.027840,0.044252,0.028022,0.027514,0.011167,0.016994,0.016726,0.017008,0.005593,0.022259,0.027747,0.005429,0.000000,0.005650,0.005464
