CampaignData_and_Merges/R0/CSL_MobileLab_Parked/raw/20240810/USOS-NOAAIodideCIMS-N2O5_MobileLabGround_20240810_RA.ict
33, 1001
Michael A Robinson, Chris Jernigan, Subi Thakali
NOAA ESRL Chemical Sciences Laboratory and CIRES, U. of Colorado
NOAA Iodide CIMS Instrument
USOS
1, 1
2024, 08, 10, 2024, 08, 11
1
starttime_UTC, seconds_past_midnight, seconds_of_day_since_00:00:00_UTC
1
1
-9999
N2O5_NOAACIMS, pptv, Gas_N2O5_InSitu_S_AVMR, 
0
18
PI_CONTACT_INFO: 325 Broadway, R/CSD 7, Boulder, Colorado 80305; michael.a.robinson@noaa.gov; chris.jernigan@noaa.gov;
PLATFORM: NOAA CSL Mobile Lab
LOCATION: SLC, Utah
ASSOCIATED_DATA: 1Hz data also available on request.
INSTRUMENT_INFO: NOAA I- ToF CIMS
DATA_INFO: All data in parts per trillion by volume (pptv). 1 Hz data is available upon request.
UNCERTAINTY: TBD
ULOD_FLAG: -7777
ULOD_VALUE: N/A
LLOD_FLAG: -8888
LLOD_VALUE: N/A
DM_CONTACT_INFO: Nathan Howard; nathan.h.howard@noaa.gov
PROJECT_INFO: USOS, summer 2024. https://csl.noaa.gov/groups/csl7/measurements/2024usos/
STIPULATIONS_ON_USE: Users are strongly encouraged to contact the PI for proper data usage.
OTHER_COMMENTS: 
REVISION: RA
RA: Preliminary Data; For in-field use only
starttime_UTC, N2O5_NOAACIMS
     0, -9999.000
    60, -9999.000
   120, -9999.000
   180, -9999.000
   240, -9999.000
   300, -9999.000
   360, -9999.000
   420, -9999.000
   480, -9999.000
   540, -9999.000
   600, -9999.000
   660, -9999.000
   720, -9999.000
   780, -9999.000
   840, -9999.000
   900, -9999.000
   960, -9999.000
  1020, -9999.000
  1080, -9999.000
  1140, -9999.000
  1200, -9999.000
  1260, -9999.000
  1320, -9999.000
  1380, -9999.000
  1440, -9999.000
  1500, -9999.000
  1560, -9999.000
  1620, -9999.000
  1680, -9999.000
  1740, -9999.000
  1800, -9999.000
  1860, -9999.000
  1920, -9999.000
  1980, -9999.000
  2040, -9999.000
  2100, -9999.000
  2160, -9999.000
  2220, -9999.000
  2280, -9999.000
  2340, -9999.000
  2400, -9999.000
  2460, -9999.000
  2520, -9999.000
  2580, -9999.000
  2640, -9999.000
  2700, -9999.000
  2760, -9999.000
  2820, -9999.000
  2880, -9999.000
  2940, -9999.000
  3000, -9999.000
  3060, -9999.000
  3120, -9999.000
  3180, -9999.000
  3240, -9999.000
  3300, -9999.000
  3360, -9999.000
  3420, -9999.000
  3480, -9999.000
  3540, -9999.000
  3600, -9999.000
  3660, -9999.000
  3720, -9999.000
  3780, -9999.000
  3840, -9999.000
  3900, -9999.000
  3960, -9999.000
  4020, -9999.000
  4080, -9999.000
  4140, -9999.000
  4200, -9999.000
  4260, -9999.000
  4320, -9999.000
  4380, -9999.000
  4440, -9999.000
  4500, -9999.000
  4560, -9999.000
  4620, -9999.000
  4680, -9999.000
  4740, -9999.000
  4800, -9999.000
  4860, -9999.000
  4920, -9999.000
  4980, -9999.000
  5040, -9999.000
  5100, -9999.000
  5160, -9999.000
  5220, -9999.000
  5280, -9999.000
  5340, -9999.000
  5400,  0.334
  5460,  0.404
  5520,  0.401
  5580,  0.190
  5640,  0.308
  5700,  0.278
  5760,  0.329
  5820,  0.341
  5880,  0.266
  5940,  0.291
  6000,  0.076
  6060, -9999.000
  6120,  0.331
  6180,  0.267
  6240,  0.359
  6300,  0.229
  6360,  0.140
  6420,  0.285
  6480,  0.173
  6540,  0.256
  6600,  0.171
  6660,  0.199
  6720,  0.278
  6780,  0.163
  6840,  0.163
  6900,  0.301
  6960,  0.164
  7020,  0.157
  7080,  0.233
  7140,  0.413
  7200,  0.217
  7260,  0.144
  7320,  0.180
  7380,  0.135
  7440,  0.125
  7500,  0.230
  7560,  0.254
  7620,  0.041
  7680,  0.065
  7740,  0.151
  7800,  0.140
  7860,  0.132
  7920,  0.287
  7980,  0.224
  8040,  0.203
  8100,  0.221
  8160,  0.194
  8220,  0.260
  8280,  0.127
  8340,  0.084
  8400,  0.203
  8460,  0.146
  8520,  0.212
  8580,  0.212
  8640,  0.276
  8700,  0.187
  8760,  0.336
  8820,  0.176
  8880,  0.187
  8940,  0.231
  9000,  0.370
  9060,  0.369
  9120,  0.210
  9180,  0.435
  9240,  0.281
  9300,  0.375
  9360,  0.298
  9420,  0.382
  9480,  0.448
  9540,  0.388
  9600,  0.420
  9660,  0.405
  9720, -9999.000
  9780,  0.430
  9840,  0.308
  9900,  0.318
  9960,  0.399
 10020,  0.356
 10080,  0.248
 10140,  0.339
 10200,  0.291
 10260,  0.428
 10320,  0.493
 10380,  0.391
 10440,  0.435
 10500,  0.391
 10560,  0.376
 10620,  0.461
 10680,  0.456
 10740,  0.390
 10800,  0.455
 10860,  0.428
 10920,  0.626
 10980,  0.515
 11040,  0.395
 11100,  0.518
 11160,  0.609
 11220,  0.664
 11280,  0.547
 11340,  0.605
 11400,  0.693
 11460,  0.649
 11520,  0.667
 11580, -9999.000
 11640,  0.669
 11700,  0.677
 11760,  0.591
 11820,  0.651
 11880,  0.591
 11940,  0.656
 12000,  0.619
 12060,  0.583
 12120,  0.579
 12180,  0.568
 12240,  0.730
 12300,  0.573
 12360,  0.775
 12420,  0.675
 12480,  0.749
 12540,  0.764
 12600,  0.823
 12660,  0.576
 12720,  0.768
 12780,  0.926
 12840,  0.612
 12900,  0.671
 12960,  0.707
 13020,  0.757
 13080,  0.926
 13140,  0.805
 13200,  0.784
 13260,  0.791
 13320,  0.831
 13380,  0.917
 13440, -9999.000
 13500,  1.121
 13560,  1.227
 13620,  1.045
 13680,  1.165
 13740,  1.083
 13800,  0.799
 13860,  1.100
 13920,  1.052
 13980,  1.141
 14040,  1.373
 14100,  1.137
 14160,  1.184
 14220,  1.200
 14280,  1.270
 14340,  1.312
 14400,  1.327
 14460,  1.434
 14520,  1.457
 14580,  1.497
 14640,  1.379
 14700,  1.366
 14760,  1.712
 14820,  1.318
 14880,  1.263
 14940,  1.358
 15000,  1.431
 15060,  1.530
 15120,  1.440
 15180,  1.490
 15240,  1.731
 15300,  1.406
 15360,  1.416
 15420,  1.330
 15480,  1.406
 15540,  1.444
 15600,  1.451
 15660,  1.238
 15720,  1.221
 15780,  1.606
 15840,  1.375
 15900,  1.584
 15960,  1.355
 16020,  1.467
 16080,  1.649
 16140,  1.207
 16200,  1.382
 16260,  1.438
 16320,  1.317
 16380,  1.321
 16440,  1.408
 16500,  1.461
 16560,  1.508
 16620,  1.522
 16680,  1.272
 16740,  1.480
 16800,  1.622
 16860,  1.640
 16920,  1.435
 16980,  1.353
 17040,  1.615
 17100,  1.162
 17160,  1.523
 17220,  1.497
 17280,  1.331
 17340,  1.821
 17400,  1.450
 17460,  1.563
 17520,  1.615
 17580,  1.512
 17640,  1.310
 17700,  1.661
 17760,  1.600
 17820,  1.565
 17880,  1.536
 17940,  1.485
 18000,  1.490
 18060,  1.591
 18120,  1.594
 18180,  1.358
 18240,  1.418
 18300,  1.631
 18360,  1.473
 18420,  1.542
 18480,  1.591
 18540,  1.611
 18600,  1.775
 18660,  1.574
 18720,  1.577
 18780,  1.488
 18840,  1.398
 18900,  1.667
 18960,  1.655
 19020,  1.507
 19080,  1.585
 19140,  1.597
 19200,  1.864
 19260,  1.450
 19320,  1.507
 19380,  1.599
 19440,  1.552
 19500,  1.673
 19560,  1.694
 19620,  1.769
 19680,  1.913
 19740,  1.500
 19800,  1.601
 19860,  1.529
 19920,  1.792
 19980,  1.892
 20040,  1.827
 20100,  1.766
 20160,  1.879
 20220,  1.494
 20280,  1.419
 20340,  1.571
 20400,  1.541
 20460,  1.920
 20520,  1.509
 20580,  2.151
 20640,  1.842
 20700,  1.499
 20760,  1.904
 20820, -9999.000
 20880,  1.998
 20940,  2.005
 21000,  1.839
 21060,  1.968
 21120,  2.161
 21180,  2.230
 21240,  4.690
 21300,  5.516
 21360,  6.143
 21420,  3.324
 21480,  3.135
 21540,  3.359
 21600,  3.493
 21660,  5.846
 21720,  4.084
 21780,  7.460
 21840,  5.337
 21900,  6.069
 21960,  6.373
 22020,  5.455
 22080,  4.750
 22140,  5.854
 22200,  5.496
 22260,  6.087
 22320,  5.709
 22380,  5.337
 22440,  4.488
 22500,  4.729
 22560,  4.078
 22620,  3.825
 22680, -9999.000
 22740,  4.890
 22800,  5.403
 22860,  6.048
 22920,  5.767
 22980,  6.714
 23040,  5.109
 23100,  3.960
 23160,  3.812
 23220,  6.108
 23280,  4.266
 23340,  3.576
 23400,  4.665
 23460,  5.043
 23520,  4.717
 23580,  5.105
 23640,  3.990
 23700,  3.379
 23760,  2.777
 23820,  2.695
 23880,  2.794
 23940,  2.455
 24000,  2.259
 24060,  2.436
 24120,  1.992
 24180,  2.168
 24240,  2.232
 24300,  1.942
 24360,  1.849
 24420,  1.938
 24480,  2.175
 24540, -9999.000
 24600,  2.150
 24660,  2.466
 24720,  2.592
 24780,  2.051
 24840,  2.274
 24900,  2.332
 24960,  2.308
 25020,  2.125
 25080,  2.232
 25140,  2.274
 25200,  2.103
 25260,  2.123
 25320,  2.296
 25380,  2.018
 25440,  2.193
 25500,  2.605
 25560,  2.360
 25620,  2.170
 25680,  2.140
 25740,  2.283
 25800,  2.184
 25860,  2.329
 25920,  2.096
 25980,  2.385
 26040,  2.412
 26100,  2.687
 26160,  2.517
 26220,  2.293
 26280,  2.546
 26340,  2.277
 26400,  2.593
 26460,  2.861
 26520,  3.101
 26580,  2.659
 26640,  2.766
 26700,  3.270
 26760,  2.939
 26820,  2.788
 26880,  3.228
 26940,  3.475
 27000,  3.459
 27060,  2.846
 27120,  3.001
 27180,  3.170
 27240,  3.107
 27300,  3.914
 27360,  3.250
 27420,  3.949
 27480,  3.334
 27540,  3.453
 27600,  3.006
 27660,  3.140
 27720,  3.970
 27780,  3.765
 27840,  3.461
 27900,  3.570
 27960,  3.274
 28020,  3.075
 28080,  3.176
 28140,  3.238
 28200, -9999.000
 28260,  2.869
 28320,  3.310
 28380,  3.464
 28440,  3.809
 28500,  3.375
 28560,  3.503
 28620,  3.232
 28680,  2.779
 28740,  2.814
 28800,  2.799
 28860,  2.931
 28920,  2.986
 28980,  2.771
 29040,  2.622
 29100,  2.468
 29160,  2.579
 29220,  2.844
 29280,  2.606
 29340,  2.832
 29400,  3.329
 29460,  3.337
 29520,  3.272
 29580,  2.915
 29640,  2.623
 29700,  3.068
 29760,  3.397
 29820,  3.869
 29880,  5.885
 29940, 10.263
 30000, 12.801
 30060, -9999.000
 30120,  5.693
 30180,  8.396
 30240,  8.432
 30300,  5.836
 30360, 10.208
 30420,  9.091
 30480,  9.582
 30540,  9.977
 30600, 11.133
 30660,  6.956
 30720,  8.359
 30780,  8.424
 30840,  9.217
 30900,  6.534
 30960,  7.381
 31020,  7.506
 31080,  7.288
 31140,  6.782
 31200,  7.290
 31260,  8.057
 31320,  7.928
 31380,  7.187
 31440, 11.277
 31500, 12.075
 31560, 12.492
 31620,  5.962
 31680,  6.815
 31740,  5.717
 31800,  6.804
 31860,  8.280
 31920, -9999.000
 31980, 11.443
 32040, 10.638
 32100, 10.223
 32160,  9.052
 32220, 11.264
 32280,  8.908
 32340, 10.303
 32400,  9.330
 32460,  7.140
 32520,  7.332
 32580,  4.862
 32640,  3.924
 32700,  3.733
 32760,  4.256
 32820,  3.552
 32880,  2.595
 32940,  4.990
 33000,  5.779
 33060,  5.531
 33120,  5.425
 33180,  5.448
 33240,  6.103
 33300,  4.462
 33360,  4.535
 33420,  4.365
 33480,  5.311
 33540,  4.243
 33600,  3.401
 33660,  3.690
 33720,  3.871
 33780,  3.984
 33840,  3.481
 33900,  3.369
 33960,  3.707
 34020,  3.135
 34080,  3.791
 34140,  3.480
 34200,  3.675
 34260,  3.110
 34320,  3.054
 34380,  2.875
 34440,  3.128
 34500,  3.569
 34560,  3.959
 34620,  3.168
 34680,  2.458
 34740,  3.548
 34800,  2.773
 34860,  3.405
 34920,  3.663
 34980,  3.145
 35040,  3.162
 35100,  2.688
 35160,  2.298
 35220,  2.354
 35280,  2.383
 35340,  2.328
 35400,  2.475
 35460,  2.772
 35520,  3.348
 35580,  3.038
 35640,  2.821
 35700,  3.022
 35760,  4.045
 35820,  4.511
 35880,  2.863
 35940,  5.707
 36000,  3.396
 36060,  2.795
 36120,  4.212
 36180,  3.860
 36240,  3.819
 36300,  3.400
 36360,  3.249
 36420,  5.312
 36480,  4.976
 36540,  4.499
 36600,  3.634
 36660,  3.271
 36720,  3.277
 36780,  3.429
 36840,  4.635
 36900,  4.237
 36960,  3.464
 37020,  3.523
 37080,  4.585
 37140,  9.943
 37200,  6.982
 37260,  5.653
 37320,  5.354
 37380,  4.394
 37440,  3.762
 37500,  3.375
 37560,  3.228
 37620,  3.449
 37680,  3.364
 37740,  2.697
 37800,  2.691
 37860,  2.391
 37920,  2.656
 37980,  3.098
 38040,  2.621
 38100,  2.673
 38160,  2.351
 38220,  2.401
 38280,  2.723
 38340,  2.883
 38400,  2.960
 38460,  2.731
 38520,  2.285
 38580,  2.622
 38640,  2.730
 38700,  2.698
 38760,  2.845
 38820,  2.489
 38880,  2.274
 38940,  2.140
 39000,  2.198
 39060,  2.306
 39120,  2.505
 39180,  2.254
 39240,  2.312
 39300, -9999.000
 39360,  2.591
 39420,  2.551
 39480,  3.034
 39540,  4.034
 39600,  3.485
 39660,  3.074
 39720,  2.637
 39780,  2.817
 39840,  3.133
 39900,  2.525
 39960,  2.371
 40020,  2.764
 40080,  4.500
 40140,  4.942
 40200,  6.628
 40260,  5.738
 40320,  2.651
 40380,  2.860
 40440,  2.589
 40500,  2.759
 40560,  3.084
 40620,  2.368
 40680,  2.208
 40740,  2.731
 40800,  2.300
 40860,  2.745
 40920,  2.947
 40980,  2.521
 41040,  2.754
 41100,  2.343
 41160, -9999.000
 41220,  2.465
 41280,  2.110
 41340,  2.146
 41400,  2.559
 41460,  2.159
 41520,  2.905
 41580,  2.774
 41640,  2.385
 41700,  2.443
 41760,  2.342
 41820,  1.797
 41880,  2.699
 41940,  2.698
 42000,  2.409
 42060,  2.532
 42120,  2.570
 42180,  2.974
 42240,  2.486
 42300,  2.103
 42360,  2.250
 42420,  2.175
 42480,  2.057
 42540,  2.099
 42600,  2.465
 42660,  2.264
 42720,  2.444
 42780,  2.598
 42840,  3.337
 42900,  2.472
 42960,  2.260
 43020, -9999.000
 43080,  1.734
 43140,  2.201
 43200,  3.302
 43260,  3.056
 43320,  2.458
 43380,  2.442
 43440,  2.654
 43500,  2.863
 43560,  3.141
 43620,  2.814
 43680,  3.508
 43740,  3.752
 43800,  3.551
 43860,  3.189
 43920,  2.972
 43980,  2.440
 44040,  2.413
 44100,  2.604
 44160,  2.192
 44220,  2.221
 44280,  2.334
 44340,  2.707
 44400,  2.343
 44460,  2.256
 44520,  1.803
 44580,  2.680
 44640,  2.946
 44700,  3.455
 44760,  2.728
 44820,  2.945
 44880,  4.087
 44940,  3.093
 45000,  2.755
 45060,  2.835
 45120,  1.992
 45180,  2.100
 45240,  2.523
 45300,  1.947
 45360,  1.896
 45420,  2.507
 45480,  3.364
 45540,  3.057
 45600,  3.542
 45660,  2.966
 45720,  2.196
 45780,  2.559
 45840,  3.059
 45900,  2.464
 45960,  1.989
 46020,  1.873
 46080,  1.776
 46140,  1.870
 46200,  2.096
 46260,  1.841
 46320,  2.058
 46380,  1.787
 46440,  1.530
 46500,  1.506
 46560,  1.322
 46620,  1.415
 46680, -9999.000
 46740,  1.890
 46800, -9999.000
 46860, -9999.000
 46920, -9999.000
 46980, -9999.000
 47040, -9999.000
 47100, -9999.000
 47160, -9999.000
 47220, -9999.000
 47280, -9999.000
 47340, -9999.000
 47400, -9999.000
 47460, -9999.000
 47520, -9999.000
 47580, -9999.000
 47640, -9999.000
 47700, -9999.000
 47760, -9999.000
 47820, -9999.000
 47880, -9999.000
 47940, -9999.000
 48000, -9999.000
 48060, -9999.000
 48120, -9999.000
 48180, -9999.000
 48240, -9999.000
 48300, -9999.000
 48360, -9999.000
 48420, -9999.000
 48480, -9999.000
 48540, -9999.000
 48600, -9999.000
 48660, -9999.000
 48720, -9999.000
 48780, -9999.000
 48840, -9999.000
 48900, -9999.000
 48960, -9999.000
 49020, -9999.000
 49080, -9999.000
 49140, -9999.000
 49200, -9999.000
 49260, -9999.000
 49320, -9999.000
 49380, -9999.000
 49440, -9999.000
 49500, -9999.000
 49560, -9999.000
 49620, -9999.000
 49680, -9999.000
 49740, -9999.000
 49800, -9999.000
 49860, -9999.000
 49920, -9999.000
 49980, -9999.000
 50040, -9999.000
 50100, -9999.000
 50160, -9999.000
 50220, -9999.000
 50280, -9999.000
 50340, -9999.000
 50400, -9999.000
 50460, -9999.000
 50520, -9999.000
 50580, -9999.000
 50640, -9999.000
 50700, -9999.000
 50760, -9999.000
 50820, -9999.000
 50880, -9999.000
 50940, -9999.000
 51000, -9999.000
 51060, -9999.000
 51120, -9999.000
 51180, -9999.000
 51240, -9999.000
 51300, -9999.000
 51360, -9999.000
 51420, -9999.000
 51480, -9999.000
 51540, -9999.000
 51600, -9999.000
 51660, -9999.000
 51720, -9999.000
 51780, -9999.000
 51840, -9999.000
 51900, -9999.000
 51960, -9999.000
 52020, -9999.000
 52080, -9999.000
 52140, -9999.000
 52200, -9999.000
 52260, -9999.000
 52320, -9999.000
 52380, -9999.000
 52440, -9999.000
 52500, -9999.000
 52560, -9999.000
 52620, -9999.000
 52680, -9999.000
 52740, -9999.000
 52800, -9999.000
 52860, -9999.000
 52920, -9999.000
 52980, -9999.000
 53040, -9999.000
 53100, -9999.000
 53160, -9999.000
 53220, -9999.000
 53280, -9999.000
 53340, -9999.000
 53400, -9999.000
 53460, -9999.000
 53520, -9999.000
 53580, -9999.000
 53640, -9999.000
 53700, -9999.000
 53760, -9999.000
 53820, -9999.000
 53880, -9999.000
 53940, -9999.000
 54000, -9999.000
 54060, -9999.000
 54120, -9999.000
 54180, -9999.000
 54240, -9999.000
 54300, -9999.000
 54360, -9999.000
 54420, -9999.000
 54480, -9999.000
 54540, -9999.000
 54600, -9999.000
 54660, -9999.000
 54720, -9999.000
 54780, -9999.000
 54840, -9999.000
 54900, -9999.000
 54960, -9999.000
 55020, -9999.000
 55080, -9999.000
 55140, -9999.000
 55200, -9999.000
 55260, -9999.000
 55320, -9999.000
 55380, -9999.000
 55440, -9999.000
 55500, -9999.000
 55560, -9999.000
 55620, -9999.000
 55680, -9999.000
 55740, -9999.000
 55800, -9999.000
 55860, -9999.000
 55920, -9999.000
 55980, -9999.000
 56040, -9999.000
 56100, -9999.000
 56160, -9999.000
 56220, -9999.000
 56280, -9999.000
 56340, -9999.000
 56400, -9999.000
 56460, -9999.000
 56520, -9999.000
 56580, -9999.000
 56640, -9999.000
 56700, -9999.000
 56760, -9999.000
 56820, -9999.000
 56880, -9999.000
 56940, -9999.000
 57000, -9999.000
 57060, -9999.000
 57120, -9999.000
 57180, -9999.000
 57240, -9999.000
 57300, -9999.000
 57360, -9999.000
 57420, -9999.000
 57480, -9999.000
 57540, -9999.000
 57600, -9999.000
 57660, -9999.000
 57720, -9999.000
 57780, -9999.000
 57840, -9999.000
 57900, -9999.000
 57960, -9999.000
 58020, -9999.000
 58080, -9999.000
 58140, -9999.000
 58200, -9999.000
 58260, -9999.000
 58320, -9999.000
 58380, -9999.000
 58440, -9999.000
 58500, -9999.000
 58560, -9999.000
 58620, -9999.000
 58680, -9999.000
 58740, -9999.000
 58800, -9999.000
 58860, -9999.000
 58920, -9999.000
 58980, -9999.000
 59040, -9999.000
 59100, -9999.000
 59160, -9999.000
 59220, -9999.000
 59280, -9999.000
 59340, -9999.000
 59400, -9999.000
 59460, -9999.000
 59520, -9999.000
 59580, -9999.000
 59640, -9999.000
 59700, -9999.000
 59760, -9999.000
 59820, -9999.000
 59880, -9999.000
 59940, -9999.000
 60000, -9999.000
