CampaignData_and_Merges/R0/CSL_MobileLab_Parked/raw/20240810/USOS-PTR_MobileLabGround_20240810_RA.ict
58, 1001
Matthew Coggon, Kelvin Bates, Chelsea Stockwell, Carsten Warneke
NOAA ESRL Chemical Sciences Division
NOAA PTR-ToF-MS
USOS
1,1 
2024, 08, 10, 2023, 08, 12
0
Time_Start, seconds, number of seconds from 00:00 UTC 
22
1, 1, 1, 1, 1, 1, 1, 1, 1, 1, 1, 1, 1, 1, 1, 1, 1, 1, 1, 1, 1, 1
-9999, -9999, -9999, -9999, -9999, -9999, -9999, -9999, -9999, -9999, -9999, -9999, -9999, -9999, -9999, -9999, -9999, -9999, -9999, -9999, -9999, -9999
CH3OH_NOAAPTR_ppbv,  ppbv, Gas_CH3OH_InSitu_S_AVMR, (CH3OH) methanol
CH3CN_NOAAPTR_ppbv,  ppbv, Gas_CH3CN_InSitu_S_AVMR, (CH3CN) acetonitrile
CH3CHO_NOAAPTR_ppbv,  ppbv, Gas_CH3CHO_InSitu_S_AVMR, (CH3CHO) acetaldehyde plus contributions from ethylene glycol and ethylene oxide. Interference from ethanol has been subtracted out.
C2H5OH_NOAAPTR_ppbv,  ppbv, Gas_C2H5OH_InSitu_S_AVMR, (C2H5OH) ethanol
CH3SH_NOAAPTR_ppbv,  ppbv, Gas_CH3SH_InSitu_S_AVMR, (CH3SH) methanethiol, using calibration factor for DMS
Acrolein_NOAAPTR_ppbv,  ppbv, Gas_Acrolein_InSitu_S_AVMR, (C3H4O) acrolein
AcetonePropanal_NOAAPTR_ppbv,  ppbv, Gas_AcetoneAndPropanal_InSitu_S_AVMR, (C3H6O) sum of acetone (dominant isomer) and propanal, using calibration factor for acetone
DMS_NOAAPTR_ppbv,  ppbv, Gas_DMS_InSitu_S_AVMR, (C2H6S) dimethyl sulfide with possible small contributions from ethanethiol
C5H8_NOAAPTR_ppbv,  ppbv, Gas_Isoprene_InSitu_S_AVMR, (C5H8) isoprene and possible fragments from cycloalkanes and aldehydes. Interferences have been subtracted following methods described by Coggon et al (2023)
MVKMAC_NOAAPTR_ppbv,  ppbv, Gas_MVKAndMAC_InSitu_S_AVMR, (C4H6O) sum of methyl vinyl ketone, methacrolein, and small amounts of crotonaldehyde, using weighted calibration factor for MVK (0.637) and MACR (0.363)
Benzene_NOAAPTR_ppbv,  ppbv, Gas_Benzene_InSitu_S_AVMR, (C6H6) benzene
Toluene_NOAAPTR_ppbv,  ppbv, Gas_Toluene_InSitu_S_AVMR, (C7H8) toluene with possible small contributions of fragments from ethyltoluene
Styrene_NOAAPTR_ppbv,  ppbv, Gas_Styrene_InSitu_S_AVMR, (C8H8) styrene
Benzaldehyde_NOAAPTR_ppbv,  ppbv, Gas_Benzaldehyde_InSitu_S_AVMR, (C7H6O) benzaldehyde
C8Aromatics_NOAAPTR_ppbv,  ppbv, Gas_C8Aromatics_InSitu_M_AVMR, (C8H10) sum of m-xylene, p-xylene, o-xylene, and ethyl benzene
C9Aromatics_NOAAPTR_ppbv,  ppbv, Gas_C9Aromatics_InSitu_M_AVMR, (C9H12) sum of C9 aromatics
Naphthalene_NOAAPTR_ppbv,  ppbv, Gas_Naphthalene_InSitu_S_AVMR, (C10H8) naphthalene
Octanal_NOAAPTR_ppbv,  ppbv, Gas_Octanal_InSitu_S_AVMR, (C8H16O) octanal and small amounts of octanone
Monoterpenes_NOAAPTR_ppbv,  ppbv, Gas_Monoterpenes_InSitu_M_AVMR, (C10H16) sum of monoterpenes and possible contributions from fragments of oxygenated monoterpenoids such as eucalyptol.
Nonanal_NOAAPTR_ppbv,  ppbv, Gas_Nonanal_InSitu_M_AVMR, (C9H18O) nonanal and small amounts of nonanone
C7H4ClF3_NOAAPTR_ppbv,  ppbv, Gas_C7H4ClF3_InSitu_S_AVMR, (C7H4ClF3) parachlorobenzotrifluoride
C10H30O5Si5_NOAAPTR_ppbv,  ppbv, Gas_C10H30O5Si5_InSitu_S_AVMR, (C10H30O5Si5) decamethylcyclopentasiloxane
1
SPECIAL COMMENTS:N/A
21
PI_CONTACT_INFO: NOAA ESRL Chemical Sciences Division, Tropospheric Chemistry Group. 325 Broadway, R/CSD7, Boulder, CO 80305
PLATFORM: Mobile Laboratory.
LOCATION: Salt Lake City, UT
ASSOCIATED_DATA: N/A
INSTRUMENT_INFO: NOAA PTR-ToF-MS measurements on NOAA CSL Mobile Lab
DATA_INFO: Units: ppbv
UNCERTAINTY: See OTHER_COMMENTS
ULOD_FLAG: -7777
ULOD_VALUE: N/A
LLOD_FLAG: -8888
LLOD_VALUE: N/A.
DM_CONTACT_INFO: Data Managers: Matt Coggon, Kelvin Bates, Chelsea Stockwell; email: matthew.m.coggon@noaa.gov and kelvin.bates@colorado.edu
PROJECT_INFO: USOS Deployment July-August, 2024
STIPULATIONS_ON_USE: Use of these data require prior OK from PI.
OTHER_COMMENTS: Uncertainties:
CH3OH_NOAAPTR_ppbv:30%; CH3CN_NOAAPTR_ppbv:30%; CH3CHO_NOAAPTR_ppbv:30%; C2H5OH_NOAAPTR_ppbv:30%; CH3SH_NOAAPTR_ppbv:50%; Acrolein_NOAAPTR_ppbv:30%; AcetonePropanal_NOAAPTR_ppbv:30%; DMS_NOAAPTR_ppbv:30%; C5H8_NOAAPTR_ppbv:30%; MVKMAC_NOAAPTR_ppbv:30%; 
Benzene_NOAAPTR_ppbv:30%; Toluene_NOAAPTR_ppbv:30%; Styrene_NOAAPTR_ppbv:30%; Benzaldehyde_NOAAPTR_ppbv:30%; C8Aromatics_NOAAPTR_ppbv:30%; C9Aromatics_NOAAPTR_ppbv:30%; Naphthalene_NOAAPTR_ppbv:30%; Octanal_NOAAPTR_ppbv:30%; Monoterpenes_NOAAPTR_ppbv:30%; Nonanal_NOAAPTR_ppbv:30%; 
C7H4ClF3_NOAAPTR_ppbv:30%; C10H30O5Si5_NOAAPTR_ppbv:30%; 
REVISION: RA
RA: Field Data
Time_Start, CH3OH_NOAAPTR_ppbv, CH3CN_NOAAPTR_ppbv, CH3CHO_NOAAPTR_ppbv, C2H5OH_NOAAPTR_ppbv, CH3SH_NOAAPTR_ppbv, Acrolein_NOAAPTR_ppbv, AcetonePropanal_NOAAPTR_ppbv, DMS_NOAAPTR_ppbv, C5H8_NOAAPTR_ppbv, MVKMAC_NOAAPTR_ppbv, Benzene_NOAAPTR_ppbv, Toluene_NOAAPTR_ppbv, Styrene_NOAAPTR_ppbv, Benzaldehyde_NOAAPTR_ppbv, C8Aromatics_NOAAPTR_ppbv, C9Aromatics_NOAAPTR_ppbv, Naphthalene_NOAAPTR_ppbv, Octanal_NOAAPTR_ppbv, Monoterpenes_NOAAPTR_ppbv, Nonanal_NOAAPTR_ppbv, C7H4ClF3_NOAAPTR_ppbv, C10H30O5Si5_NOAAPTR_ppbv
[from data line 1407]
84420.0, -9999.00000, -9999.00000, -9999.00000, -9999.00000, -9999.00000, -9999.00000, -9999.00000, -9999.00000, -9999.00000, -9999.00000, -9999.00000, -9999.00000, -9999.00000, -9999.00000, -9999.00000, -9999.00000, -9999.00000, -9999.00000, -9999.00000, -9999.00000, -9999.00000, -9999.00000 
84480.0, -9999.00000, -9999.00000, -9999.00000, -9999.00000, -9999.00000, -9999.00000, -9999.00000, -9999.00000, -9999.00000, -9999.00000, -9999.00000, -9999.00000, -9999.00000, -9999.00000, -9999.00000, -9999.00000, -9999.00000, -9999.00000, -9999.00000, -9999.00000, -9999.00000, -9999.00000 
84540.0, -9999.00000, -9999.00000, -9999.00000, -9999.00000, -9999.00000, -9999.00000, -9999.00000, -9999.00000, -9999.00000, -9999.00000, -9999.00000, -9999.00000, -9999.00000, -9999.00000, -9999.00000, -9999.00000, -9999.00000, -9999.00000, -9999.00000, -9999.00000, -9999.00000, -9999.00000 
84600.0, -9999.00000, -9999.00000, -9999.00000, -9999.00000, -9999.00000, -9999.00000, -9999.00000, -9999.00000, -9999.00000, -9999.00000, -9999.00000, -9999.00000, -9999.00000, -9999.00000, -9999.00000, -9999.00000, -9999.00000, -9999.00000, -9999.00000, -9999.00000, -9999.00000, -9999.00000 
84660.0, -9999.00000, -9999.00000, -9999.00000, -9999.00000, -9999.00000, -9999.00000, -9999.00000, -9999.00000, -9999.00000, -9999.00000, -9999.00000, -9999.00000, -9999.00000, -9999.00000, -9999.00000, -9999.00000, -9999.00000, -9999.00000, -9999.00000, -9999.00000, -9999.00000, -9999.00000 
84720.0, -9999.00000, -9999.00000, -9999.00000, -9999.00000, -9999.00000, -9999.00000, -9999.00000, -9999.00000, -9999.00000, -9999.00000, -9999.00000, -9999.00000, -9999.00000, -9999.00000, -9999.00000, -9999.00000, -9999.00000, -9999.00000, -9999.00000, -9999.00000, -9999.00000, -9999.00000 
84780.0, -9999.00000, -9999.00000, -9999.00000, -9999.00000, -9999.00000, -9999.00000, -9999.00000, -9999.00000, -9999.00000, -9999.00000, -9999.00000, -9999.00000, -9999.00000, -9999.00000, -9999.00000, -9999.00000, -9999.00000, -9999.00000, -9999.00000, -9999.00000, -9999.00000, -9999.00000 
84840.0, 7.51181, -9999.00000, -9999.00000, 2.38324, 0.00499, 0.20459, 3.29109, 0.00910, -9999.00000, 0.42069, 0.07478, 0.15636, 0.03181, 0.00824, 0.10238, 0.05669, 0.00110, 0.02123, 0.08639, 0.02584, 0.00927, 0.00349 
84900.0, 8.02597, -9999.00000, 1.70869, 2.27032, 0.00596, 0.17482, 3.23476, -0.00054, 0.60271, 0.39263, 0.13183, 0.20854, 0.00978, 0.02439, 0.10174, 0.04235, 0.00957, 0.05033, 0.10125, 0.03382, 0.00240, 0.00285 
84960.0, 6.21095, 0.22256, 1.12216, 1.62558, 0.00164, 0.13333, 2.81403, 0.01256, 0.40071, 0.30192, 0.04924, 0.10757, -0.00185, -0.00125, 0.06303, 0.04024, 0.00852, 0.02613, 0.08664, 0.02460, 0.00191, 0.00264 
85020.0, 6.24277, 0.22192, 0.97761, 1.56398, 0.00048, 0.14354, 2.79782, 0.00516, 0.48584, 0.27126, 0.08740, 0.10385, 0.01243, 0.02856, 0.08872, 0.04407, 0.00167, 0.01335, 0.10078, 0.02357, 0.01193, 0.00165 
85080.0, 5.05916, 0.23419, 0.95402, 1.46115, -0.00003, 0.11514, 2.66641, -0.00054, 0.29427, 0.25157, 0.05954, 0.10080, 0.01382, 0.01896, 0.06942, 0.03887, 0.00597, 0.02672, 0.07765, 0.01370, 0.01461, 0.00305 
85140.0, 9.53283, 0.21861, 1.13963, 1.68886, 0.00070, 0.13055, 2.77419, 0.00895, 0.41088, 0.28474, 0.07544, 0.22782, 0.02783, 0.02113, 0.13435, 0.06204, 0.01780, 0.02633, 0.14846, 0.01957, 0.01654, 0.00371 
85200.0, 6.52229, 0.21510, 1.07428, 1.60265, 0.00133, 0.13451, 2.88092, 0.01616, 0.65028, 0.28478, 0.06594, 0.13814, -0.00179, -0.00125, 0.08150, 0.03134, 0.00562, 0.02762, 0.12479, 0.02029, 0.02859, 0.00405 
85260.0, 6.39331, 0.24380, 1.01618, 1.70632, 0.00309, 0.13125, 2.79016, -0.00054, 0.45434, 0.27370, 0.04907, 0.14054, 0.01189, 0.01537, 0.06732, 0.02234, -0.00221, 0.03295, 0.10492, 0.02475, 0.02002, 0.00478 
85320.0, 5.82457, 0.23135, 1.10766, 2.91923, 0.00242, 0.18546, 2.98764, -0.00033, 0.62868, 0.31030, 0.15086, 0.31094, 0.02885, 0.00977, 0.21749, 0.11301, 0.00896, 0.01964, 0.12853, 0.01957, 0.00820, 0.00678 
85380.0, 6.58383, 0.23978, 1.10514, 2.22456, 0.00237, 0.15478, 3.05494, 0.00324, 0.74796, 0.29257, 0.10268, 0.16654, 0.01952, 0.02513, 0.08583, 0.03345, 0.00050, 0.02001, 0.14993, 0.04101, 0.00498, 0.00351 
85440.0, -9999.00000, -9999.00000, -9999.00000, -9999.00000, -9999.00000, -9999.00000, -9999.00000, -9999.00000, -9999.00000, -9999.00000, -9999.00000, -9999.00000, -9999.00000, -9999.00000, -9999.00000, -9999.00000, -9999.00000, -9999.00000, -9999.00000, -9999.00000, -9999.00000, -9999.00000 
85500.0, 6.42646, 0.21015, 0.97364, 2.02272, 0.00376, 0.15192, 2.84913, 0.00828, 0.50181, 0.30696, 0.01881, 0.12362, -0.00185, -0.00125, 0.04791, 0.02504, 0.01080, 0.02387, 0.08617, 0.01239, 0.00577, 0.00557 
85560.0, 6.58541, 0.21855, 0.93513, 1.79695, -0.00052, 0.15875, 2.87641, 0.00030, 0.45296, 0.31604, 0.04272, 0.12403, 0.00807, -0.00125, 0.07472, 0.03091, 0.01494, 0.02754, 0.12923, 0.03125, 0.01188, 0.00253 
85620.0, 6.12510, 0.20517, 1.05253, 2.03258, 0.00299, 0.14888, 2.97853, -0.00054, 0.63520, 0.28632, 0.08283, 0.19320, -0.00185, 0.01947, 0.09891, 0.05298, 0.00260, 0.03672, 0.13107, 0.03785, 0.00645, 0.00681 
85680.0, 6.95645, 0.21286, 1.06571, 2.31247, 0.00577, 0.13359, 3.01314, 0.00685, 0.55389, 0.31598, 0.06881, 0.15292, 0.00633, 0.03242, 0.09404, 0.03880, 0.00948, 0.04070, 0.09677, 0.02727, 0.00673, 0.00337 
85740.0, 7.27482, 0.22875, 1.11134, 2.27792, 0.00302, 0.16162, 3.13131, 0.00492, 0.53829, 0.30702, 0.06812, 0.20782, 0.02257, 0.04224, 0.09938, 0.04337, 0.01360, 0.03321, 0.10318, 0.02310, 0.00825, 0.00244 
85800.0, 6.75512, 0.20798, 1.24249, 2.31662, 0.00247, 0.17263, 3.32551, 0.00028, 0.67066, 0.31782, 0.05430, 0.26837, 0.01588, 0.00880, 0.10076, 0.03973, -0.00221, 0.03951, 0.14963, 0.02849, 0.01574, 0.00552 
85860.0, 11.05063, 0.24835, 1.19507, 2.24426, 0.00182, 0.23153, 3.53709, -0.00054, 0.64370, 0.34475, 0.08331, 0.54076, 0.03241, 0.01677, 0.11382, 0.04833, 0.01094, 0.02735, 0.18335, 0.02268, 0.01092, 0.00424 
85920.0, 8.43584, 0.22822, 1.05082, 1.90532, 0.00506, 0.29440, 4.48140, 0.00755, 0.50586, 0.31259, 0.07670, 1.81288, 0.00347, 0.01685, 0.11186, 0.04450, -0.00076, 0.04989, 0.14125, 0.02491, 0.03840, 0.00654 
85980.0, 8.41295, 0.21544, 1.16889, 1.74827, -0.00034, 0.21335, 3.51912, 0.00133, 0.63407, 0.31106, 0.08304, 0.80746, 0.01644, 0.01706, 0.08046, 0.04801, -0.00221, 0.02969, 0.13051, 0.02697, 0.02907, 0.00494 
86040.0, 7.58217, 0.25017, 1.13821, 2.07544, 0.00269, 0.16059, 3.12809, -0.00054, 0.74066, 0.36392, 0.02572, 0.35963, 0.01286, 0.02322, 0.06304, 0.03556, 0.01402, 0.01394, 0.11973, 0.04809, 0.02612, 0.00525 
86100.0, 7.65271, 0.22996, 1.00460, 1.43625, 0.00171, 0.15527, 2.99267, 0.00135, 0.46368, 0.28816, 0.05749, 0.32216, -0.00185, -0.00125, 0.05617, 0.03085, 0.01251, 0.03763, 0.13772, 0.01567, 0.01912, 0.00414 
86160.0, 7.19835, 0.21287, 0.89626, 1.40526, 0.00127, 0.15999, 3.13344, 0.00386, 0.33691, 0.29057, 0.09215, 0.29439, 0.01175, 0.00773, 0.06055, 0.02426, -0.00221, 0.01678, 0.11146, 0.01027, 0.01950, 0.00395 
86220.0, 5.82642, 0.20998, 0.92835, 1.31453, -0.00030, 0.15624, 2.85556, 0.01072, 0.33009, 0.33289, 0.05497, 0.17914, -0.00185, 0.00083, 0.07264, 0.02531, 0.00825, 0.02832, 0.08411, 0.02516, 0.00597, 0.00159 
86280.0, 5.72443, 0.24085, 0.72444, 1.16589, 0.00153, 0.14352, 2.66426, -0.00019, 0.46537, 0.28674, 0.02378, 0.07835, 0.00709, -0.00125, 0.03085, 0.01816, -0.00221, 0.01778, 0.07728, 0.02021, 0.00624, 0.00215 
86340.0, 6.26764, 0.23067, 0.89898, 1.40964, -0.00090, 0.14322, 2.70442, 0.00492, 0.52916, 0.33577, 0.06003, 0.06377, -0.00185, 0.00567, 0.04993, 0.01702, -0.00221, 0.01602, 0.12018, 0.02457, 0.00210, 0.00411 
