CampaignData_and_Merges/R0/CSL_MobileLab_Parked/raw/20240810/USOS-NOy-LIF_MobileLabGround_20240810_R0.ict
39,1001
Rollins, A.; Waxman, E.; Zuraski, K.; Chace, W.
NOAA Chemical Sciences Laboratory
LIF NO/NOx/NOy on CSL Mobile Lab
AMMBEC / USOS
1, 1
2024,08,10, 2025,01,04
1
Time_Start, seconds, number_of_seconds_since_0000_UTC
7
1, 1, 1, 1, 1, 1, 1
-9999, -9999, -9999, -9999, -9999, -9999, -9999
Time_Stop, seconds, number_of_seconds_since_0000_UTC
NO_LIF, pptv, Gas_NO_InSitu_S_AVMR, volume mixing ratio of nitric oxide in air
NO2_LIF, pptv, Gas_NO2_InSitu_S_AVMR, volume mixing ratio of nitrogen dioxide in air
NOy_LIF, pptv, Gas_NOy_InSitu_S_AVMR, volume mixing ratio of total oxidized nitrogen in air
NO_LIF_1SigmaAccuracy, pptv, Gas_NO_InSitu_S_AVMR, volume mixing ratio of nitric oxide in air
NO2_LIF_1SigmaAccuracy, pptv, Gas_NO2_InSitu_S_AVMR, volume mixing ratio of nitrogen dioxide in air
NOy_LIF_1SigmaAccuracy, pptv, Gas_NOy_InSitu_S_AVMR, volume mixing ratio of total oxidized nitrogen in air
0
18
PI_CONTACT_INFO: andrew.rollins@noaa.gov
PLATFORM: CSL Mobile Lab
LOCATION: Salt Lake City, UT
ASSOCIATED_DATA:
INSTRUMENT_INFO: NO detection by laser induced fluorescence. NO2 detection by photolytic conversion to NO. NOy detection by catalytic conversion to NO on gold surface
DATA_INFO:
UNCERTAINTY: Included 1 Sigma Accuracy waves represent the combined calibration uncertainties (±6%, ±9%, ±10%) and zero uncertainties (3 ppt, 20 ppt, 100 ppt) for NO, NO2, and NOy, respectively.
ULOD_FLAG: -7777
ULOD_VALUE: N/A
LLOD_FLAG: -8888
LLOD_VALUE: N/A
DM_CONTACT_INFO: andrew.rollins@noaa.gov
PROJECT_INFO: USOS Project, July - August 2024
STIPULATIONS_ON_USE: Users are strongly encouraged to contact the PI for proper data usage.
OTHER_COMMENTS:
REVISION: R0
R0: final data
Time_Start, Time_Stop, NO_LIF, NO2_LIF, NOy_LIF, NO_LIF_1SigmaAccuracy, NO2_LIF_1SigmaAccuracy, NOy_LIF_1SigmaAccuracy
[from data line 1057]
   63420,   63480,733.39,2897.7,6095.5,47.003, 280.79, 709.55
   63480,   63540,947.8,3218.1,6140.6,59.868, 309.63, 714.06
   63540,   63600,550.67,2211.4,4844.2,36.04, 219.02, 584.42
   63600,   63660,603.51,2664.8,5135.3,39.211, 259.83, 613.53
   63660,   63720,799.42,2712.3,5488.7,50.965, 264.11, 648.87
   63720,   63780,2097.1,4367.6,7267.3,128.82, 413.08, 826.73
   63780,   63840,570.43,2207.8,4777.6,37.226, 218.71, 577.76
   63840,   63900,712.32,2441.1,4979.9,45.739, 239.7, 597.99
   63900,   63960,438.57,2051.8,4380.8,29.314, 204.66, 538.08
   63960,   64020,443.21,2008.1,4305.3,29.592, 200.73, 530.53
   64020,   64080,650.58,2370.5,4565.9,42.035, 233.35, 556.59
   64080,   64140,476.33,2027,4245.3,31.58, 202.43, 524.53
   64140,   64200,572.46,2246.1,4455.2,37.348, 222.15, 545.52
   64200,   64260,564.65,2263,4650,36.879, 223.67, 565
   64260,   64320,589.76,2371,4788.5,38.385, 233.39, 578.85
   64320,   64380,801.74,2851.9,5460.8,51.104, 276.67, 646.08
   64380,   64440,499.47,2052.4,4755.3,32.968, 204.72, 575.53
   64440,   64500,463.13,1997.8,4403.9,30.788, 199.8, 540.39
   64500,   64560,456.68,2042.5,4545,30.401, 203.82, 554.5
   64560,   64620,484.92,2241.7,4428,32.095, 221.76, 542.8
   64620,   64680,937.1,3147.1,5643.1,59.226, 303.24, 664.31
   64680,   64740,524.61,2000.3,4376.6,34.477, 200.02, 537.66
   64740,   64800,421.09,1731.6,3558.2,28.265, 175.85, 455.82
   64800,   64860,496.83,1860.6,3693.6,32.81, 187.45, 469.36
   64860,   64920,389.45,1510.9,2740.6,26.367, 155.98, 374.06
   64920,   64980,400.61,1436.3,2608.4,27.037, 149.26, 360.84
   64980,   65040,617.93,1945.1,3494.5,40.076, 195.05, 449.45
   65040,   65100,1236.7,2155.7,3370.2,77.203, 214.02, 437.02
   65100,   65160,632.42,1814,3397.7,40.945, 183.26, 439.77
   65160,   65220,352.93,1385.8,2792.2,24.176, 144.72, 379.22
   65220,   65280,380.49,1408.3,2566.9,25.83, 146.75, 356.69
   65280,   65340,492.16,1759.8,2871.2,32.529, 178.38, 387.12
   65340,   65400,329.5,1204.4,2472.2,22.77, 128.4, 347.22
   65400,   65460,304.98,1054.9,2087.7,21.299, 114.94, 308.77
   65460,   65520,363.27,1092.5,2432.7,24.796, 118.32, 343.27
   65520,   65580,292.88,1054.5,2025.8,20.573, 114.9, 302.58
   65580,   65640,231.85,856.47,1834.8,16.911, 97.082, 283.48
   65640,   65700,168.71,645.96,1453.5,13.122, 78.137, 245.35
   65700,   65760,123.97,485.9,1188,10.438, 63.731, 218.8
   65760,   65820,169.69,664.45,1474.2,13.181, 79.8, 247.42
   65820,   65880,289.89,958.66,1888.5,20.393, 106.28, 288.85
   65880,   65940,276.16,941.6,1880.4,19.569, 104.74, 288.04
   65940,   66000,191.51,742.27,1610.2,14.491, 86.805, 261.02
   66000,   66060,238.94,878.39,1811,17.337, 99.055, 281.1
   66060,   66120,1594,2333.7,3578.6,98.642, 230.03, 457.86
   66120,   66180,571.36,1149.7,2393,37.282, 123.47, 339.3
   66180,   66240,221.53,773.67,1740.2,16.292, 89.63, 274.02
   66240,   66300,197.34,768.12,1701.2,14.84, 89.131, 270.12
   66300,   66360,308.43,1042.2,1999.2,21.506, 113.8, 299.92
   66360,   66420,596.7,1481.7,2779,38.802, 153.35, 377.9
   66420,   66480,526.69,1432.8,2713.1,34.601, 148.95, 371.31
   66480,   66540,336.15,1174.3,2227.7,23.169, 125.69, 322.77
   66540,   66600,348.45,1234.5,2377.5,23.907, 131.11, 337.75
   66600,   66660,466.38,1414.7,2713.9,30.983, 147.32, 371.39
   66660,   66720,381.24,1288.5,2515.3,25.874, 135.97, 351.53
   66720,   66780,373.15,1449.8,2731.2,25.389, 150.48, 373.12
   66780,   66840,272.29,1379.2,2475.3,19.337, 144.13, 347.53
   66840,   66900,195.89,1119.7,2061.9,14.754, 120.78, 306.19
   66900,   66960,168.84,948.61,1889.3,13.131, 105.38, 288.93
   66960,   67020,259.17,1239.7,2336.8,18.55, 131.57, 333.68
   67020,   67080,310.01,1258.6,2266.8,21.601, 133.27, 326.68
   67080,   67140,299.1,992.31,2053.7,20.946, 109.31, 305.37
   67140,   67200,315.62,942.92,1982.3,21.937, 104.86, 298.23
   67200,   67260,460.95,1190.7,2184.7,30.657, 127.16, 318.47
   67260,   67320,356.61,1121.1,2178.1,24.397, 120.9, 317.81
   67320,   67380,580.9,1515.3,2871.5,37.854, 156.38, 387.15
   67380,   67440,618.35,1924.8,3270.2,40.101, 193.23, 427.02
   67440,   67500,306.24,1229,2477.3,21.374, 130.61, 347.73
   67500,   67560,273.51,1025.8,2125.2,19.411, 112.32, 312.52
   67560,   67620,220.32,969.32,2029.4,16.219, 107.24, 302.94
   67620,   67680,195.44,968.36,2004.5,14.726, 107.15, 300.45
   67680,   67740,560.37,2048,3504.3,36.622, 204.32, 450.43
   67740,   67800,430.37,1633.5,2906.7,28.822, 167.01, 390.67
   67800,   67860,295.85,1087.6,2187,20.751, 117.88, 318.7
   67860,   67920,271.71,876.23,1919.8,19.302, 98.861, 291.98
   67920,   67980,732.12,1399.1,3165.5,46.927, 145.92, 416.55
   67980,   68040,267.37,943.89,2021.2,19.042, 104.95, 302.12
   68040,   68100,178.2,794.18,1765,13.692, 91.477, 276.5
   68100,   68160,206.46,1032,2026.6,15.387, 112.88, 302.66
   68160,   68220,205.53,987.48,2071.9,15.332, 108.87, 307.19
   68220,   68280,201.56,1047.9,2023.2,15.094, 114.31, 302.32
   68280,   68340,433.1,1464.9,2645.4,28.986, 151.84, 364.54
   68340,   68400,781.44,2296.7,4134.6,49.886, 226.7, 513.46
   68400,   68460,878.78,2769.6,4191.3,55.727, 269.26, 519.13
   68460,   68520,628.7,2313.1,4171.4,40.722, 228.18, 517.14
   68520,   68580,527.71,1947.3,3498.6,34.663, 195.25, 449.86
   68580,   68640,588.97,1685.4,2828,38.338, 171.69, 382.8
   68640,   68700,671.8,1999.6,3533.4,43.308, 199.96, 453.34
   68700,   68760,754.58,2729.6,4414.5,48.275, 265.67, 541.45
   68760,   68820,-9999,-9999,-9999,-9999, -9999, -9999
   68820,   68880,-9999,-9999,-9999,-9999, -9999, -9999
   68880,   68940,-9999,-9999,-9999,-9999, -9999, -9999
   68940,   69000,-9999,-9999,-9999,-9999, -9999, -9999
   69000,   69060,-9999,-9999,-9999,-9999, -9999, -9999
   69060,   69120,-9999,-9999,-9999,-9999, -9999, -9999
   69120,   69180,-9999,-9999,-9999,-9999, -9999, -9999
   69180,   69240,373.91,1598.6,3181.7,25.434, 163.88, 418.17
   69240,   69300,405.41,1988.9,3430.1,27.324, 199, 443.01
   69300,   69360,212.98,1154.6,2370.5,15.779, 123.92, 337.05
   69360,   69420,298.52,1410.9,2597,20.911, 146.98, 359.7
   69420,   69480,528.8,1433.6,2992,34.728, 149.02, 399.2
   69480,   69540,619.53,1871,3481.8,40.172, 188.39, 448.18
   69540,   69600,528.18,1573.9,2994.1,34.691, 161.65, 399.41
   69600,   69660,547.6,1739.8,3365,35.856, 176.59, 436.5
   69660,   69720,418.69,1388.8,2872.1,28.121, 144.99, 387.21
   69720,   69780,375.82,1380.9,2807.2,25.549, 144.28, 380.72
   69780,   69840,933.94,1990.3,3796.3,59.037, 199.13, 479.63
   69840,   69900,486.99,1764,3341.2,32.219, 178.76, 434.12
   69900,   69960,258.33,1331.2,2566.2,18.5, 139.8, 356.62
   69960,   70020,282.39,1241.9,2474.3,19.944, 131.77, 347.43
   70020,   70080,448.91,1239.4,2509.8,29.935, 131.54, 350.98
   70080,   70140,473.82,1490.5,2898.4,31.429, 154.14, 389.84
   70140,   70200,796.32,1783.5,3519.1,50.779, 180.51, 451.91
   70200,   70260,452.57,1391.5,2699.8,30.154, 145.24, 369.98
   70260,   70320,362.48,1261.6,2598.8,24.749, 133.55, 359.88
   70320,   70380,311.93,1328.3,2592.1,21.716, 139.55, 359.21
   70380,   70440,447.59,2121.9,3421.6,29.856, 210.97, 442.16
   70440,   70500,491.57,2408.1,3513.5,32.494, 236.73, 451.35
   70500,   70560,737.22,2824.4,4329.7,47.233, 274.2, 532.97
   70560,   70620,305.31,1627.1,3093.2,21.318, 166.44, 409.32
   70620,   70680,246.02,1900.4,3106.7,17.761, 191.03, 410.67
   70680,   70740,1099.6,3224.2,5770,68.975, 310.18, 677
   70740,   70800,1709.2,3815.1,6591.7,105.55, 363.35, 759.17
   70800,   70860,168.66,1791.3,2757.9,13.119, 181.22, 375.79
   70860,   70920,119.28,1558.3,2521.4,10.157, 160.25, 352.14
   70920,   70980,282,2035.5,3038.3,19.92, 203.19, 403.83
   70980,   71040,873.35,3508.4,5480.3,55.401, 335.75, 648.03
   71040,   71100,1140.3,3530.9,6446.1,71.416, 337.78, 744.61
   71100,   71160,690.02,3148.3,4380.7,44.401, 303.34, 538.07
   71160,   71220,189.03,2823.1,4226.9,14.342, 274.08, 522.69
   71220,   71280,129.04,2453.3,3522.1,10.742, 240.8, 452.21
   71280,   71340,119.81,2075.7,2997.6,10.188, 206.81, 399.76
   71340,   71400,216.44,2348.7,3531.8,15.986, 231.38, 453.18
   71400,   71460,156.89,2615,3922.6,12.414, 255.35, 492.26
   71460,   71520,98.133,2289.1,3408.1,8.888, 226.02, 440.81
   71520,   71580,107.65,1938,2956.3,9.4593, 194.42, 395.63
   71580,   71640,87.394,1943.2,3094.9,8.2437, 194.89, 409.49
   71640,   71700,109.66,2134.2,3275.1,9.5796, 212.08, 427.51
   71700,   71760,80.274,2235.6,3162.9,7.8164, 221.2, 416.29
   71760,   71820,77.36,2174.9,3226.7,7.6416, 215.74, 422.67
   71820,   71880,65.082,1952.4,3035,6.9049, 195.72, 403.5
   71880,   71940,87.03,2036.8,3223,8.2218, 203.31, 422.3
   71940,   72000,101.51,2557.7,3656.2,9.0907, 250.19, 465.62
   72000,   72060,73.27,2515,3570.8,7.3962, 246.35, 457.08
   72060,   72120,199.82,2806.4,4041.6,14.989, 272.57, 504.16
   72120,   72180,121.43,2268.9,3469.7,10.286, 224.2, 446.97
   72180,   72240,67.934,1637.2,2806,7.076, 167.35, 380.6
   72240,   72300,52.343,871.42,1922.8,6.1406, 98.427, 292.28
   72300,   72360,44.446,593.47,1394.9,5.6667, 73.412, 239.49
   72360,   72420,34.483,713.85,1342.1,5.069, 84.246, 234.21
   72420,   72480,43.771,746.91,1336.5,5.6263, 87.222, 233.65
   72480,   72540,56.072,886.64,1767.3,6.3643, 99.797, 276.73
   72540,   72600,55.634,1154.8,1909.7,6.3381, 123.93, 290.97
   72600,   72660,70.462,1565.2,2397.6,7.2277, 160.87, 339.76
   72660,   72720,76.16,1926.9,2785.2,7.5696, 193.42, 378.52
   72720,   72780,71.876,1757.8,2946.6,7.3126, 178.2, 394.66
   72780,   72840,78.699,1558.9,3125.1,7.7219, 160.3, 412.51
   72840,   72900,116.49,2071.2,3304.3,9.9894, 206.41, 430.43
   72900,   72960,157.43,2411.7,3654.2,12.446, 237.05, 465.42
   72960,   73020,190.34,2583.9,3881.3,14.42, 252.55, 488.13
   73020,   73080,250.49,2754.4,4051.5,18.029, 267.9, 505.15
   73080,   73140,356.62,2969.3,4436.7,24.397, 287.23, 543.67
   73140,   73200,359.64,2948.1,4523,24.578, 285.33, 552.3
   73200,   73260,416.32,3153.2,4769.1,27.979, 303.79, 576.91
   73260,   73320,462.3,2900.5,4417.3,30.738, 281.05, 541.73
   73320,   73380,457.81,2518.8,3885.2,30.468, 246.7, 488.52
   73380,   73440,1540.1,4439.8,7396.7,95.408, 419.59, 839.67
   73440,   73500,1613.6,3737.5,6041,99.814, 356.38, 704.1
   73500,   73560,404.86,1245.7,2656.5,27.292, 132.11, 365.65
   73560,   73620,716.11,1755.2,3728.1,45.967, 177.97, 472.81
   73620,   73680,625.1,1783.3,3564.4,40.506, 180.49, 456.44
   73680,   73740,775.37,2175.4,4115,49.522, 215.79, 511.5
   73740,   73800,917.44,2212.1,4449.8,58.046, 219.09, 544.98
   73800,   73860,1237,2748.2,5492.5,77.222, 267.34, 649.25
   73860,   73920,884.93,2345.7,4894.3,56.096, 231.11, 589.43
   73920,   73980,1375.2,3460.8,6775.6,85.513, 331.47, 777.56
   73980,   74040,1926.8,3923.2,7478.9,118.61, 373.09, 847.89
   74040,   74100,1444.3,3818.3,7251.5,89.657, 363.64, 825.15
   74100,   74160,1608.7,3971.9,7484.7,99.52, 377.47, 848.47
   74160,   74220,1443.1,3822.1,7204.8,89.589, 363.99, 820.48
   74220,   74280,2127.8,4897.5,8179.1,130.67, 460.78, 917.91
   74280,   74340,2257.3,4802.7,9235.1,138.44, 452.25, 1023.5
   74340,   74400,794.28,2330.7,5181.4,50.657, 229.76, 618.14
   74400,   74460,1949.9,3871.2,8306.5,119.99, 368.4, 930.65
   74460,   74520,2340,4294.8,10143,143.4, 406.53, 1114.3
   74520,   74580,2556,4828.4,6865,156.36, 454.55, 786.5
   74580,   74640,2221.2,4482.2,7115.5,136.27, 423.4, 811.55
   74640,   74700,1424.2,3291.9,7319.7,88.455, 316.27, 831.97
   74700,   74760,1003.3,2633.8,5027.3,63.198, 257.04, 602.73
   74760,   74820,1054.2,2723.7,5747.3,66.251, 265.13, 674.73
   74820,   74880,1331.8,2990.3,5315.4,82.906, 289.13, 631.54
   74880,   74940,2133.7,4543.7,6973.8,131.02, 428.93, 797.38
   74940,   75000,1658.7,3477.9,6374.8,102.52, 333.01, 737.48
   75000,   75060,5497.6,6198,12171,332.86, 577.82, 1317.1
   75060,   75120,3606.3,4541.3,11034,219.38, 428.72, 1203.4
   75120,   75180,2995.5,3868.1,7134.3,182.73, 368.13, 813.43
   75180,   75240,747.07,2022.6,4472.1,47.824, 202.03, 547.21
   75240,   75300,885.02,2000.8,4234.1,56.101, 200.07, 523.41
   75300,   75360,556.64,1766.6,3965.3,36.399, 178.99, 496.53
   75360,   75420,1463.7,2895.9,5408.7,90.822, 280.63, 640.87
   75420,   75480,1166,2161.8,4511.2,72.959, 214.57, 551.12
   75480,   75540,716.19,1929.2,4487.9,45.971, 193.63, 548.79
   75540,   75600,720.04,1905.5,3543.2,46.202, 191.5, 454.32
   75600,   75660,1266.8,2746.9,5770.9,79.007, 267.22, 677.09
   75660,   75720,1443.9,2640.5,5865.3,89.632, 257.64, 686.53
   75720,   75780,815.77,2140.7,4654.3,51.946, 212.66, 565.43
   75780,   75840,724.5,2052.4,3980.4,46.47, 204.72, 498.04
   75840,   75900,698.3,2063.4,3945.7,44.898, 205.71, 494.57
   75900,   75960,927.22,2285.2,4742.4,58.633, 225.67, 574.24
   75960,   76020,430.58,1562.3,3237.3,28.835, 160.61, 423.73
   76020,   76080,1813.6,3483.1,5957.8,111.82, 333.48, 695.78
   76080,   76140,1366.4,3426.8,6293.7,84.983, 328.41, 729.37
   76140,   76200,1269.2,2794.9,5814.5,79.153, 271.54, 681.45
   76200,   76260,619.79,1664.6,3441.3,40.187, 169.82, 444.13
   76260,   76320,844.36,1974,3953,53.662, 197.66, 495.3
   76320,   76380,1304.4,2379.3,4208.2,81.264, 234.14, 520.82
   76380,   76440,488.83,1682.3,3518.4,32.33, 171.4, 451.84
   76440,   76500,1561.7,2390.4,4181.5,96.702, 235.14, 518.15
   76500,   76560,1065.4,2092.5,3926.5,66.926, 208.33, 492.65
   76560,   76620,580.55,1530.7,3200.2,37.833, 157.76, 420.02
   76620,   76680,323.68,1094.3,2305.9,22.421, 118.49, 330.59
   76680,   76740,290.15,1150.8,2259.6,20.409, 123.58, 325.96
   76740,   76800,-9999,-9999,-9999,-9999, -9999, -9999
   76800,   76860,-9999,-9999,-9999,-9999, -9999, -9999
   76860,   76920,-9999,-9999,-9999,-9999, -9999, -9999
   76920,   76980,-9999,-9999,-9999,-9999, -9999, -9999
   76980,   77040,-9999,-9999,-9999,-9999, -9999, -9999
   77040,   77100,-9999,-9999,-9999,-9999, -9999, -9999
   77100,   77160,-9999,-9999,-9999,-9999, -9999, -9999
   77160,   77220,459.78,1014.4,2589.8,30.587, 111.29, 358.98
   77220,   77280,260.31,841.41,1945.8,18.619, 95.727, 294.58
   77280,   77340,263.38,873.77,1852.4,18.803, 98.639, 285.24
   77340,   77400,678.74,1532.5,2570.1,43.725, 157.93, 357.01
   77400,   77460,248.75,945.09,1944.2,17.925, 105.06, 294.42
   77460,   77520,217.54,948.79,1924,16.053, 105.39, 292.4
   77520,   77580,270.54,1039.1,2088.4,19.232, 113.52, 308.84
   77580,   77640,357.86,1343.4,2431.4,24.472, 140.9, 343.14
   77640,   77700,300.36,1101,2148.6,21.022, 119.09, 314.86
   77700,   77760,241.62,1090.5,2200.8,17.497, 118.15, 320.08
   77760,   77820,363.02,1202,2144.1,24.781, 128.18, 314.41
   77820,   77880,453.65,1601.1,2938.5,30.219, 164.1, 393.85
   77880,   77940,399.45,1306.8,2821.9,26.967, 137.61, 382.19
   77940,   78000,627.37,1451.6,2150.4,40.642, 150.64, 315.04
   78000,   78060,1160.1,3229.1,5172,72.603, 310.62, 617.2
   78060,   78120,388.3,2111.4,3968.7,26.298, 210.03, 496.87
   78120,   78180,257.98,1271.2,2601.6,18.479, 134.4, 360.16
   78180,   78240,357.92,1299.2,2382.1,24.475, 136.93, 338.21
   78240,   78300,297.73,1098.5,2264.8,20.864, 118.87, 326.48
   78300,   78360,383.7,1247,2387.9,26.022, 132.23, 338.79
   78360,   78420,368.82,1208.7,2245.7,25.129, 128.78, 324.57
   78420,   78480,405.92,1320.1,2356.2,27.355, 138.81, 335.62
   78480,   78540,627.54,1791.4,2948.2,40.652, 181.23, 394.82
   78540,   78600,552.87,1690.1,3111.6,36.172, 172.11, 411.16
   78600,   78660,375.11,1386.2,2673.6,25.506, 144.76, 367.36
   78660,   78720,303.55,1121.4,2302.4,21.213, 120.92, 330.24
   78720,   78780,374.02,1247,2318.7,25.441, 132.23, 331.87
   78780,   78840,258.73,988.08,2044.5,18.524, 108.93, 304.45
   78840,   78900,355.78,1250,2452.6,24.347, 132.5, 345.26
   78900,   78960,384.24,1124,2298.8,26.055, 121.16, 329.88
   78960,   79020,533.59,1342.5,2319.6,35.016, 140.83, 331.96
   79020,   79080,340.58,989.12,2958.6,23.435, 109.02, 395.86
   79080,   79140,390.61,1077.6,1925,26.436, 116.98, 292.5
