CampaignData_and_Merges/R0/CSL_MobileLab_Parked/raw/20240810/USOS-Picarro-CO2-CH4-CO-H2O_MobileLabGround_20240810_R0.ict
38, 1001
Ilana Pollack, Nell Schafer, and Jeff Peischl
NOAA Chemical Sciences Laboratory
Picarro 2401-m CO2/CH4/CO/H2O Analyzer
USOS
1, 1
2024, 08, 10, 2024, 11, 20
0
StartTime_UTC, seconds_past_midnight, seconds past midnight
5
1, 1, 1, 1, 1
-9999, -9999, -9999, -9999, -9999
StopTime_UTC, seconds_past_midnight, seconds past midnight
CO2_ppm_1min, ppm, Gas_CO2_InSitu_S_DMF, carbon dioxide mixing ratio
CH4_ppb_1min, ppb, Gas_CH4_InSitu_S_DMF, methane mixing ratio
CO_ppb_1min, ppb, Gas_CO_InSitu_S_DMF, carbon monoxide mixing ratio
H2O_ppmv_1min, ppmv, Met_H2OMRV_InSitu_S_AVMR, water vapor mixing ratio
1
SPECIAL COMMENTS: N/A
18
PI_CONTACT_INFO: Address: NOAA Chemical Sciences Laboratory, Mail Stop CSL7, 325 Broadway, Boulder, CO 80305; Email: Ilana.Pollack@noaa.gov
PLATFORM: NOAA CSL Mobile Laboratory
LOCATION: The mobile lab was stationed in Salt Lake City, Utah.
ASSOCIATED_DATA: N/A
INSTRUMENT_INFO: CO2, CH4, and CO are reported as dry air mole fractions using a commercial wavelength-scanned cavity ring-down analyzer (Picarro 2401-m). An in-field calibration gas standard of 432±0.07 ppm CO2, 2095±1 ppb CH4, and 183±1 ppb CO, calibrated in the Boulder laboratories before and after the field project using primary CO2, CH4, and CO standard tanks tied to the WMO standard (X2019, X2004A, and X2014A, respectively) from the Global Monitoring Laboratory (GML), was delivered to the inlet every 2-3 days to evaluate instrument sensitivity. A H2O measurement was calibrated before the project with a Dew Point Mirror 373 hygrometer. The water correction calculated from these calibrations was applied to the H2O measurement for the entire campaign. Species are measured at 0.5 Hz and reported as 1-minute averages for stationary measurements.
DATA_INFO: Units: CO2, ppm, dry air mole fraction; CH4, ppb, dry air mole fraction; CO, ppb, dry air mole fraction; H2O, ppmv
UNCERTAINTY: Total uncertainties are estimated as ±0.1 ppm for CO2, ±1 ppb for CH4, ±5 ppb for CO, and ±(50 ppm + 4%) for H2O.
ULOD_FLAG: -7777
ULOD_VALUE: N/A
LLOD_FLAG: -8888
LLOD_VALUE: N/A
DM_CONTACT_INFO: Data Manager: Nathan Howard; nathan.h.howard@noaa.gov
PROJECT_INFO: USOS Dates of Study: July – August 2024
STIPULATIONS_ON_USE: Use of these data require prior ok from PI.
OTHER_COMMENTS: Data are averaged to 1 minute intervals. Stationary data collected from a 10 ft tower on top of the mobile van.
REVISION: R0
R0: Final Data
StartTime_UTC, StopTime_UTC, CO2_ppm_1min, CH4_ppb_1min, CO_ppb_1min, H2O_ppmv_1min
[from data line 382]
22920,22980,436.72,1955.0,152.9,12570.3018
22980,23040,435.43,1952.6,147.0,12547.7363
23040,23100,436.10,1952.4,145.9,12650.8994
23100,23160,437.14,1953.9,155.0,12597.1680
23160,23220,438.37,1956.2,155.7,12637.7998
23220,23280,436.02,1957.8,146.3,12505.7402
23280,23340,437.15,1957.6,151.4,12649.0625
23340,23400,437.44,1956.4,160.0,12615.7412
23400,23460,437.36,1954.9,153.0,12611.4277
23460,23520,438.41,1955.5,152.8,12708.1074
23520,23580,438.39,1956.5,176.8,12687.0635
23580,23640,437.68,1956.3,179.4,12607.3965
23640,23700,437.41,1955.1,156.0,12600.8818
23700,23760,435.64,1954.3,160.1,12442.0137
23760,23820,435.93,1953.2,162.6,12472.9287
23820,23880,437.57,1953.9,146.8,12551.3184
23880,23940,435.01,1953.4,129.3,12459.8662
23940,24000,433.36,1951.8,129.3,12282.9795
24000,24060,433.42,1951.3,123.7,12330.8574
24060,24120,434.29,1951.7,125.7,12445.3496
24120,24180,434.22,1950.9,127.5,12328.8164
24180,24240,432.81,1950.4,125.5,12218.4072
24240,24300,433.57,1950.5,123.0,12406.4502
24300,24360,433.30,1950.0,119.9,12351.6924
24360,24420,431.96,1948.8,123.0,12281.1943
24420,24480,432.84,1949.1,121.0,12355.0938
24480,24540,431.49,1948.7,122.5,12217.8867
24540,24600,431.29,1948.5,127.2,12187.6953
24600,24660,432.12,1948.8,126.2,12209.6299
24660,24720,430.63,1948.0,120.8,12084.4375
24720,24780,431.23,1948.2,121.7,12233.8096
24780,24840,432.61,1949.3,124.4,12288.9893
24840,24900,432.32,1950.1,120.5,12235.1260
24900,24960,432.90,1949.3,119.6,12330.9775
24960,25020,432.71,1948.9,137.1,12257.7783
25020,25080,433.52,1948.8,142.6,12424.6406
25080,25140,431.70,1949.7,213.2,12190.1865
25140,25200,433.52,1950.1,194.3,12445.7793
25200,25260,433.72,1950.7,154.5,12379.3857
25260,25320,435.37,1951.3,145.4,12509.8613
25320,25380,433.93,1950.5,134.7,12452.2129
25380,25440,433.14,1949.9,124.0,12312.7188
25440,25500,431.93,1949.0,122.7,12159.7061
25500,25560,431.38,1949.3,119.3,12126.7813
25560,25620,433.55,1950.2,128.1,12363.3096
25620,25680,432.99,1949.1,122.2,12426.2461
25680,25740,432.42,1949.7,123.6,12246.1191
25740,25800,431.21,1948.8,120.4,12138.2061
25800,25860,431.43,1948.7,120.6,12196.3701
25860,25920,431.94,1949.1,122.3,12162.4951
25920,25980,434.36,1949.8,122.4,12301.2227
25980,26040,432.63,1949.7,119.3,12273.5303
26040,26100,431.05,1949.0,120.8,12123.5078
26100,26160,430.34,1948.4,122.7,12029.5371
26160,26220,431.13,1948.6,126.1,12158.1504
26220,26280,432.31,1950.3,124.0,12323.1846
26280,26340,432.06,1950.2,121.8,12243.4326
26340,26400,434.48,1949.9,123.5,12598.7646
26400,26460,434.17,1950.9,122.6,12388.3174
26460,26520,432.84,1951.4,127.1,12296.8672
26520,26580,433.97,1951.2,153.1,12350.3760
26580,26640,435.82,1952.0,172.9,12553.4590
26640,26700,434.03,1950.9,147.2,12415.5576
26700,26760,431.08,1949.8,122.5,12171.6357
26760,26820,431.46,1950.3,121.0,12224.8350
26820,26880,432.30,1951.1,124.7,12241.1641
26880,26940,432.80,1951.8,125.3,12229.5938
26940,27000,431.46,1950.7,123.6,12141.6787
27000,27060,431.74,1949.3,122.5,12218.2334
27060,27120,432.77,1951.0,124.9,12396.0762
27120,27180,433.01,1950.9,139.2,12332.4512
27180,27240,432.14,1951.6,129.8,12268.4053
27240,27300,431.60,1949.9,124.6,12205.4531
27300,27360,431.04,1949.9,120.2,12204.7236
27360,27420,432.67,1952.1,123.6,12375.1543
27420,27480,430.88,1950.7,122.0,12146.6162
27480,27540,431.90,1950.9,122.5,12240.6436
27540,27600,431.77,1950.6,121.1,12239.6436
27600,27660,432.70,1951.2,122.9,12323.1006
27660,27720,432.76,1950.8,132.4,12273.9541
27720,27780,431.65,1950.4,125.4,12176.5078
27780,27840,431.78,1952.0,124.0,12257.7949
27840,27900,432.70,1950.0,125.9,12348.4180
27900,27960,431.61,1949.8,124.3,12296.2422
27960,28020,432.12,1950.5,128.4,12257.3496
28020,28080,432.90,1951.6,135.2,12275.8877
28080,28140,434.52,1952.2,142.8,12447.4824
28140,28200,433.86,1952.7,135.1,12395.4980
28200,28260,433.61,1953.4,130.8,12374.3359
28260,28320,433.10,1954.5,128.8,12308.5449
28320,28380,434.31,1954.6,132.9,12306.1797
28380,28440,434.19,1953.8,129.6,12366.2031
28440,28500,434.65,1953.0,129.7,12410.2842
28500,28560,435.48,1953.1,130.2,12400.1377
28560,28620,433.31,1951.9,128.5,12240.9531
28620,28680,432.17,1950.9,123.6,12169.6963
28680,28740,432.84,1952.6,128.4,12262.0010
28740,28800,434.98,1952.7,127.2,12387.4414
28800,28860,433.74,1953.3,153.8,12347.5039
28860,28920,434.97,1952.6,141.9,12525.3369
28920,28980,433.62,1952.5,130.4,12294.5234
28980,29040,433.53,1952.5,125.6,12263.7988
29040,29100,433.06,1954.1,125.9,12239.3867
29100,29160,434.84,1954.9,125.5,12408.6025
29160,29220,433.70,1955.3,127.3,12313.8066
29220,29280,434.18,1956.2,126.8,12357.8545
29280,29340,434.76,1956.8,196.5,12438.3057
29340,29400,434.88,1956.4,141.0,12439.0264
29400,29460,435.07,1958.0,142.7,12387.4043
29460,29520,434.95,1958.8,139.7,12339.5576
29520,29580,434.46,1958.3,137.4,12288.9961
29580,29640,435.38,1958.1,142.5,12308.4258
29640,29700,436.18,1958.6,138.9,12390.2676
29700,29760,435.24,1961.2,140.6,12294.6309
29760,29820,436.86,1963.9,148.6,12357.4404
29820,29880,434.68,1960.4,136.4,12256.0195
29880,29940,434.79,1965.9,140.9,12283.9365
29940,30000,437.77,1975.7,159.3,12462.7344
30000,30060,440.08,1982.5,173.5,12601.9541
30060,30120,440.45,1976.8,169.9,12629.8262
30120,30180,441.53,1978.0,171.8,12696.0166
30180,30240,442.46,1981.9,192.1,12704.9385
30240,30300,443.44,1984.2,195.1,12786.5381
30300,30360,445.81,1988.9,194.2,12885.4072
30360,30420,441.74,1985.5,168.6,12643.7656
30420,30480,444.52,1984.0,166.3,12878.8340
30480,30540,442.83,1982.8,165.8,12828.3818
30540,30600,443.78,1983.9,165.1,12865.3916
30600,30660,443.96,1988.9,171.2,12874.3027
30660,30720,445.37,1990.3,175.8,12927.7324
30720,30780,446.02,1989.1,175.9,12975.2549
30780,30840,445.58,1984.3,171.4,12907.4688
30840,30900,446.86,1986.7,171.5,12965.7490
30900,30960,447.80,1988.1,180.3,13017.2441
30960,31020,447.20,1990.7,176.6,13038.0635
31020,31080,447.94,1995.1,183.3,13102.6172
31080,31140,448.50,1997.2,187.2,13167.0781
31140,31200,446.38,1994.5,181.1,13012.9375
31200,31260,445.01,1984.0,172.7,12899.9072
31260,31320,444.53,1980.6,171.5,12845.0313
31320,31380,445.87,1983.1,174.0,12971.6709
31380,31440,446.78,1986.6,176.0,13030.9971
31440,31500,445.83,1989.9,173.8,12995.7500
31500,31560,446.73,1992.5,173.2,13043.6563
31560,31620,446.94,1996.1,173.4,13082.0508
31620,31680,449.37,1997.9,178.6,13176.8535
31680,31740,448.78,1999.2,176.8,13136.4443
31740,31800,450.56,1996.8,180.1,13200.2168
31800,31860,448.43,1989.5,176.7,12997.3008
31860,31920,448.02,1989.0,174.9,12975.2109
31920,31980,444.46,1986.6,175.6,12783.7314
31980,32040,446.93,1988.4,178.2,12916.1396
32040,32100,446.29,1985.9,173.1,12868.2832
32100,32160,449.23,1991.8,178.5,13067.3477
32160,32220,448.27,1990.9,179.3,13109.1758
32220,32280,448.89,1989.1,185.2,12990.5498
32280,32340,448.44,1988.7,197.9,12938.9199
32340,32400,445.23,1981.7,171.0,12755.8223
32400,32460,440.68,1971.3,154.6,12421.6309
32460,32520,448.42,1975.3,163.8,12725.5059
32520,32580,441.23,1968.5,151.5,12454.0830
32580,32640,434.42,1955.0,128.0,11914.3730
32640,32700,437.23,1964.5,136.3,12150.6816
32700,32760,434.40,1956.5,128.5,11922.1025
32760,32820,434.38,1954.6,127.2,11967.8086
32820,32880,435.84,1954.4,129.2,12043.8447
32880,32940,440.95,1966.2,157.2,12411.8242
32940,33000,438.18,1962.8,156.9,12216.5371
33000,33060,434.55,1956.9,132.3,11939.6582
33060,33120,437.21,1959.8,134.1,12200.2930
33120,33180,439.73,1965.9,141.5,12323.2256
33180,33240,437.58,1962.0,134.9,12235.9844
33240,33300,437.74,1962.6,135.4,12210.3281
33300,33360,440.60,1967.0,138.1,12439.2705
33360,33420,440.98,1965.5,143.1,12431.7910
33420,33480,441.57,1970.5,175.1,12410.3184
33480,33540,436.56,1963.9,130.6,12125.2100
33540,33600,437.40,1962.2,130.4,12183.4063
33600,33660,441.38,1963.1,133.7,12331.5576
33660,33720,440.42,1966.8,141.1,12342.8740
33720,33780,439.02,1965.6,136.2,12269.6787
33780,33840,442.83,1969.9,139.6,12494.4707
33840,33900,441.81,1968.8,140.3,12471.0703
33900,33960,440.31,1977.2,137.3,12406.4033
33960,34020,440.51,1976.9,136.7,12381.6816
34020,34080,440.48,1965.6,137.2,12293.1855
34080,34140,438.32,1966.4,131.8,12218.7500
34140,34200,438.08,1964.2,128.8,12194.6367
34200,34260,439.58,1965.2,129.0,12340.4092
34260,34320,435.65,1958.7,126.3,12047.1074
34320,34380,435.48,1957.8,125.9,12038.3154
34380,34440,436.41,1959.3,127.1,12118.7295
34440,34500,436.75,1959.6,125.8,12142.5332
34500,34560,436.41,1957.9,125.7,12111.5088
34560,34620,436.00,1956.5,126.0,12073.0996
34620,34680,436.00,1956.1,124.0,12083.3955
34680,34740,437.70,1957.1,126.4,12233.4258
34740,34800,435.58,1956.2,127.3,12031.3555
34800,34860,437.08,1957.5,134.5,12148.3965
34860,34920,434.98,1957.3,126.2,12002.5000
34920,34980,435.31,1954.7,122.7,12063.1787
34980,35040,435.86,1957.5,123.8,12074.3662
35040,35100,437.26,1958.5,126.2,12137.5732
35100,35160,436.14,1958.8,126.4,12128.6797
35160,35220,437.01,1956.9,124.7,12255.2383
35220,35280,437.35,1957.7,135.9,12218.1113
35280,35340,437.31,1957.6,133.9,12175.6270
35340,35400,438.06,1957.5,126.7,12219.9707
35400,35460,437.25,1956.6,125.9,12255.8379
35460,35520,436.91,1958.5,128.6,12209.2744
35520,35580,436.23,1958.6,127.1,12129.8691
35580,35640,436.64,1957.2,125.6,12196.0010
35640,35700,436.14,1957.5,125.1,12153.3066
35700,35760,435.87,1957.9,125.1,12120.6152
35760,35820,436.56,1958.8,124.9,12147.4561
35820,35880,436.88,1959.6,126.7,12149.4639
35880,35940,440.47,1962.3,129.2,12330.1338
35940,36000,436.99,1960.6,127.1,12163.1016
36000,36060,443.08,1962.4,127.8,12622.9160
36060,36120,443.81,1963.6,136.0,12612.5078
36120,36180,438.57,1963.2,134.3,12270.8711
36180,36240,439.92,1965.6,132.1,12362.8740
36240,36300,439.60,1966.9,132.4,12356.3740
36300,36360,442.96,1966.0,134.2,12561.7969
36360,36420,446.20,1968.5,139.4,12841.0283
36420,36480,442.35,1971.1,141.7,12547.3643
36480,36540,441.40,1971.1,140.8,12462.3838
36540,36600,443.18,1973.9,145.4,12547.4316
36600,36660,445.46,1969.7,145.1,12682.9326
36660,36720,443.12,1964.4,135.8,12494.8672
36720,36780,438.12,1959.9,129.9,12263.9541
36780,36840,437.67,1960.1,128.6,12334.6074
36840,36900,435.12,1959.2,124.8,12220.2559
36900,36960,436.14,1960.4,125.4,12308.9238
36960,37020,440.15,1966.6,130.5,12504.5977
37020,37080,441.74,1970.3,131.8,12581.5400
37080,37140,442.60,1971.8,137.8,12604.6133
37140,37200,443.11,1972.2,142.6,12599.8311
37200,37260,443.53,1972.2,140.5,12656.3457
37260,37320,437.22,1966.9,128.5,12531.9209
37320,37380,435.92,1963.2,124.6,12463.9209
37380,37440,435.94,1962.2,123.7,12473.2529
37440,37500,435.27,1959.4,122.7,12352.9658
37500,37560,435.93,1960.1,122.4,12396.3506
37560,37620,434.37,1958.1,124.7,12242.9111
37620,37680,434.84,1958.5,122.4,12271.3496
37680,37740,435.98,1960.1,123.1,12337.5957
37740,37800,436.39,1958.4,122.1,12343.1328
37800,37860,436.29,1957.8,123.5,12377.4727
37860,37920,435.72,1959.6,125.2,12281.2744
37920,37980,434.92,1957.7,122.9,12247.3848
37980,38040,434.02,1955.7,123.8,12128.6934
38040,38100,434.67,1956.1,123.3,12172.2998
38100,38160,435.37,1955.9,123.6,12228.9082
38160,38220,434.90,1955.9,124.6,12204.7881
38220,38280,436.64,1957.1,134.3,12291.4141
38280,38340,435.77,1956.4,123.6,12275.0107
38340,38400,435.56,1956.2,123.9,12310.4990
38400,38460,434.47,1956.0,122.2,12242.6611
38460,38520,434.42,1956.2,122.0,12256.7266
38520,38580,436.02,1956.4,123.4,12457.6309
38580,38640,435.24,1956.3,123.1,12301.7588
38640,38700,434.94,1956.5,125.9,12269.1045
38700,38760,434.31,1956.9,122.6,12258.5059
38760,38820,434.98,1957.6,123.1,12349.6162
38820,38880,435.48,1957.9,132.0,12337.0498
38880,38940,435.63,1958.3,126.7,12381.6719
38940,39000,435.95,1959.1,124.1,12421.4932
39000,39060,437.68,1961.0,130.3,12518.6924
39060,39120,437.51,1960.4,126.7,12549.0264
39120,39180,436.34,1960.4,122.3,12498.3945
39180,39240,437.40,1959.8,123.7,12624.3291
39240,39300,436.09,1959.5,122.5,12519.7295
39300,39360,435.86,1958.3,122.5,12459.5752
39360,39420,436.12,1965.2,126.7,12474.0801
39420,39480,436.26,1972.5,126.2,12481.7324
39480,39540,435.53,1962.3,125.9,12417.4170
39540,39600,437.22,1967.2,128.0,12459.8486
39600,39660,437.44,1965.7,127.9,12486.4766
39660,39720,439.94,1969.9,153.0,12589.6582
39720,39780,440.00,1970.8,165.3,12629.1230
39780,39840,438.44,1968.5,160.0,12593.1699
39840,39900,438.44,1967.4,151.1,12616.4521
39900,39960,438.83,1966.7,134.6,12637.9648
39960,40020,437.72,1966.1,129.9,12572.4297
40020,40080,437.64,1968.3,134.4,12548.2402
40080,40140,439.52,1971.6,137.5,12647.5879
40140,40200,440.15,1971.6,138.3,12673.5596
40200,40260,441.11,1972.7,139.8,12716.2988
40260,40320,440.40,1970.5,140.1,12708.9326
40320,40380,436.79,1963.9,128.8,12576.6162
40380,40440,436.52,1964.7,127.0,12567.9443
40440,40500,437.61,1967.0,127.6,12627.3799
40500,40560,439.16,1967.8,126.9,12701.8945
40560,40620,443.21,1975.6,138.8,12893.8037
40620,40680,438.66,1966.3,130.5,12701.6143
40680,40740,435.17,1958.6,123.7,12515.6699
40740,40800,435.06,1958.3,124.9,12535.8438
40800,40860,436.36,1959.7,142.4,12534.7070
40860,40920,434.18,1956.6,123.3,12459.2725
40920,40980,433.72,1956.9,122.1,12432.5898
40980,41040,434.73,1958.4,125.1,12504.0615
41040,41100,436.00,1959.0,127.2,12558.2490
41100,41160,435.50,1958.9,126.0,12534.2949
41160,41220,434.80,1959.0,125.3,12549.5146
41220,41280,435.22,1961.1,124.1,12614.4668
41280,41340,436.23,1962.3,163.0,12600.4902
41340,41400,437.16,1962.6,133.7,12721.3281
41400,41460,437.50,1963.2,128.3,12698.7051
41460,41520,439.99,1964.9,138.7,12748.6543
41520,41580,436.13,1964.6,126.9,12667.9043
41580,41640,436.46,1963.6,124.9,12692.1055
41640,41700,436.67,1964.6,125.8,12707.9121
41700,41760,438.61,1964.5,129.2,12724.9922
41760,41820,436.44,1963.6,132.1,12677.7500
41820,41880,436.38,1964.0,134.1,12715.9092
41880,41940,435.92,1963.5,129.2,12719.1885
41940,42000,436.17,1963.8,129.2,12742.5117
42000,42060,436.45,1963.9,132.1,12738.0303
42060,42120,438.63,1964.8,129.5,12889.9492
42120,42180,437.16,1965.6,129.7,12722.3506
42180,42240,438.36,1966.6,127.1,12725.5869
42240,42300,440.70,1966.8,134.4,12855.1953
42300,42360,441.03,1968.3,133.6,12852.5684
42360,42420,438.81,1972.3,133.7,12868.5322
42420,42480,438.03,1968.9,131.8,12791.0996
42480,42540,437.37,1967.3,131.2,12759.7295
42540,42600,438.03,1968.7,131.3,12840.1484
42600,42660,438.06,1968.1,131.0,12817.1631
42660,42720,438.97,1966.8,129.7,12893.9766
42720,42780,437.57,1969.7,132.9,12796.4395
42780,42840,436.71,1967.0,129.2,12756.4873
42840,42900,437.36,1967.5,130.7,12794.2646
42900,42960,439.91,1967.5,136.9,12910.0322
42960,43020,437.99,1963.0,142.4,12791.5303
43020,43080,438.42,1962.5,161.7,12716.8027
43080,43140,437.98,1960.7,134.4,12703.1768
43140,43200,437.07,1964.6,135.4,12739.0518
43200,43260,437.35,1967.3,132.9,12744.7012
43260,43320,437.36,1964.9,134.0,12759.8867
43320,43380,438.17,1963.3,135.8,12809.2402
43380,43440,437.13,1961.0,132.2,12756.0791
43440,43500,435.98,1958.4,128.2,12680.4297
43500,43560,435.45,1956.8,126.5,12618.1660
43560,43620,434.32,1956.1,122.9,12582.5078
43620,43680,434.62,1955.9,125.6,12596.1299
43680,43740,433.90,1955.1,124.8,12546.2246
43740,43800,434.03,1955.2,124.3,12540.0195
43800,43860,433.86,1955.8,123.5,12528.9873
43860,43920,434.72,1956.2,125.9,12575.4189
43920,43980,435.07,1956.3,126.7,12583.9121
43980,44040,436.89,1957.4,131.1,12678.4805
44040,44100,437.12,1958.4,131.3,12689.3809
44100,44160,437.36,1956.8,129.4,12710.4492
44160,44220,436.94,1957.4,130.0,12695.2432
44220,44280,438.09,1957.3,128.7,12834.6133
44280,44340,435.83,1956.2,124.8,12712.9883
44340,44400,435.90,1955.5,124.8,12701.6084
44400,44460,435.84,1957.8,126.5,12673.4404
44460,44520,436.21,1960.0,127.6,12711.4746
44520,44580,437.14,1961.8,129.7,12779.6006
44580,44640,436.03,1959.8,127.3,12717.3145
44640,44700,435.79,1959.3,130.7,12698.9639
44700,44760,437.05,1962.5,134.0,12785.9697
44760,44820,437.51,1962.3,174.8,12788.0986
44820,44880,439.31,1965.0,180.0,12854.2803
44880,44940,438.39,1964.8,146.4,12832.1133
44940,45000,440.57,1964.5,163.6,12793.9209
45000,45060,433.81,1955.0,126.2,12523.4121
45060,45120,434.40,1956.0,128.6,12573.5645
45120,45180,439.92,1957.8,159.7,12933.9541
