CampaignData_and_Merges/R0/CSL_MobileLab_Parked/raw/20240810/USOS-NOAAIodideCIMS-Halogens_MobileLabGround_20240810_RA.ict
38, 1001
Michael A Robinson, Chris Jernigan, Subi Thakali
NOAA ESRL Chemical Sciences Laboratory and CIRES, U. of Colorado
NOAA Iodide CIMS Instrument
USOS
1, 1
2024, 08, 10, 2024, 08, 11
1
starttime_UTC, seconds_past_midnight, seconds_of_day_since_00:00:00_UTC
6
1, 1, 1, 1, 1, 1
-9999, -9999, -9999, -9999, -9999, -9999
Br2_NOAACIMS, pptv, Gas_Br2_InSitu_S_AVMR, 
BrO_NOAACIMS, pptv, Gas_BrO_InSitu_S_AVMR, 
Cl2_NOAACIMS, pptv, Gas_Cl2_InSitu_S_AVMR, 
ClNO2_NOAACIMS, pptv, Gas_ClNO2_InSitu_S_AVMR, 
BrCl_NOAACIMS, pptv, Gas_BrCl_InSitu_S_AVMR, 
NCl3_NOAACIMS, pptv, Gas_NCl3_InSitu_S_AVMR, 
0
18
PI_CONTACT_INFO: 325 Broadway, R/CSD 7, Boulder, Colorado 80305; michael.a.robinson@noaa.gov; chris.jernigan@noaa.gov;
PLATFORM: NOAA CSL Mobile Lab
LOCATION: SLC, Utah
ASSOCIATED_DATA: 1Hz data also available on request.
INSTRUMENT_INFO: NOAA I- ToF CIMS
DATA_INFO: All data in parts per trillion by volume (pptv). 1 Hz data is available upon request.
UNCERTAINTY: TBD
ULOD_FLAG: -7777
ULOD_VALUE: N/A
LLOD_FLAG: -8888
LLOD_VALUE: N/A
DM_CONTACT_INFO: Nathan Howard; nathan.h.howard@noaa.gov
PROJECT_INFO: USOS, summer 2024. https://csl.noaa.gov/groups/csl7/measurements/2024usos/
STIPULATIONS_ON_USE: Users are strongly encouraged to contact the PI for proper data usage.
OTHER_COMMENTS: 
REVISION: RA
RA: Preliminary Data; For in-field use only
starttime_UTC, Br2_NOAACIMS, BrO_NOAACIMS, Cl2_NOAACIMS, ClNO2_NOAACIMS, BrCl_NOAACIMS, NCl3_NOAACIMS
[from data line 284]
 17040,  0.739, -0.026,  0.685,  0.113,  0.167,  0.707
 17100,  0.440, -0.055,  0.662,  0.154,  0.193,  0.588
 17160,  0.574, -0.047,  0.700,  0.065,  0.201,  0.710
 17220,  0.733,  0.005,  0.660,  0.119,  0.191,  0.716
 17280,  0.600, -0.001,  0.708,  0.124,  0.159,  0.578
 17340,  0.746,  0.018,  0.661,  0.133,  0.191,  0.743
 17400,  0.718,  0.032,  0.727,  0.136,  0.170,  0.612
 17460,  0.806,  0.056,  0.756,  0.150,  0.167,  0.697
 17520,  0.742,  0.054,  0.747,  0.131,  0.202,  0.706
 17580,  0.808, -0.002,  0.652,  0.122,  0.165,  0.787
 17640,  0.706, -0.059,  0.776,  0.103,  0.180,  1.337
 17700,  0.762, -0.035,  0.709,  0.150,  0.169,  0.919
 17760,  0.792, -0.021,  0.886,  0.133,  0.207,  1.942
 17820,  0.928,  0.042,  0.824,  0.147,  0.363,  3.693
 17880,  0.814,  0.020,  0.792,  0.133,  0.181,  1.085
 17940,  0.838, -0.007,  0.824,  0.150,  0.198,  0.850
 18000,  0.801,  0.037,  0.814,  0.114,  0.205,  1.330
 18060,  0.850,  0.060,  0.784,  0.127,  0.188,  0.741
 18120,  0.819,  0.008,  0.873,  0.173,  0.265,  3.161
 18180,  0.824,  0.020,  0.764,  0.132,  0.202,  0.702
 18240,  0.882,  0.084,  0.738,  0.141,  0.234,  2.045
 18300,  0.868,  0.024,  0.831,  0.185,  0.280,  3.048
 18360,  0.876,  0.037,  0.748,  0.124,  0.257,  1.464
 18420,  0.934,  0.021,  0.797,  0.149,  0.196,  1.566
 18480,  0.944,  0.043,  0.851,  0.136,  0.219,  1.670
 18540,  0.848,  0.041,  0.776,  0.155,  0.210,  1.155
 18600,  0.850,  0.080,  0.808,  0.149,  0.183,  1.727
 18660,  0.819,  0.054,  0.804,  0.137,  0.177,  1.200
 18720,  1.001, -0.010,  0.842,  0.150,  0.290,  3.022
 18780,  1.007,  0.016,  0.846,  0.142,  0.250,  1.825
 18840,  1.016,  0.022,  0.974,  0.137,  0.333,  3.642
 18900,  0.888,  0.065,  0.835,  0.144,  0.249,  1.533
 18960,  0.942, -0.002,  0.670,  0.122,  0.172,  0.901
 19020,  0.664,  0.009,  0.809,  0.145,  0.174,  0.639
 19080,  0.988,  0.054,  0.761,  0.155,  0.156,  0.869
 19140,  0.900,  0.048,  0.705,  0.147,  0.158,  1.225
 19200,  1.092,  0.028,  0.827,  0.190,  0.277,  2.043
 19260,  1.003,  0.013,  0.809,  0.173,  0.256,  2.298
 19320,  0.980,  0.065,  0.755,  0.132,  0.191,  0.839
 19380,  0.986,  0.061,  1.073,  0.168,  0.453,  5.558
 19440,  0.755,  0.053,  0.819,  0.109,  0.155,  0.937
 19500,  0.857,  0.028,  0.764,  0.125,  0.157,  0.847
 19560,  0.863,  0.043,  0.772,  0.130,  0.179,  0.838
 19620,  0.697,  0.046,  0.849,  0.157,  0.254,  2.368
 19680,  1.073,  0.069,  0.891,  0.134,  0.305,  3.645
 19740,  0.853,  0.036,  0.776,  0.114,  0.177,  1.919
 19800,  0.927,  0.054,  0.819,  0.156,  0.319,  3.935
 19860,  0.887,  0.046,  0.738,  0.141,  0.160,  1.923
 19920,  0.900,  0.060,  0.919,  0.173,  0.358,  4.114
 19980,  1.072,  0.060,  0.858,  0.146,  0.273,  1.613
 20040,  1.119,  0.052,  0.803,  0.137,  0.186,  2.008
 20100,  1.008,  0.149,  0.939,  0.160,  0.235,  3.138
 20160,  1.147,  0.050,  0.970,  0.170,  0.277,  3.597
 20220,  1.056,  0.038,  0.963,  0.166,  0.422,  5.039
 20280,  0.930,  0.021,  0.880,  0.159,  0.185,  1.028
 20340,  1.132,  0.040,  0.972,  0.173,  0.388,  4.980
 20400,  1.023,  0.149,  0.943,  0.172,  0.368,  4.552
 20460,  0.952,  0.049,  0.793,  0.149,  0.168,  1.265
 20520,  0.937,  0.115,  0.804,  0.172,  0.292,  3.025
 20580,  1.036,  0.069,  0.800,  0.177,  0.227,  2.081
 20640,  1.054,  0.111,  0.902,  0.159,  0.248,  2.369
 20700,  1.087,  0.042,  0.810,  0.154,  0.219,  2.116
 20760,  1.099,  0.092,  0.839,  0.157,  0.270,  3.177
 20820, -9999.000, -9999.000, -9999.000, -9999.000, -9999.000, -9999.000
 20880,  1.109,  0.042,  0.748,  0.114,  0.233,  2.884
 20940,  1.155,  0.078,  0.946,  0.193,  0.443,  7.045
 21000,  1.120,  0.069,  0.983,  0.229,  0.467,  8.194
 21060,  1.275,  0.108,  1.189,  0.249,  0.524,  9.194
 21120,  1.144,  0.048,  1.097,  0.239,  0.535, 10.409
 21180,  1.226,  0.088,  1.368,  0.292,  0.776, 14.688
 21240,  1.207,  0.107,  1.375,  0.376,  0.535, 10.329
 21300,  1.165,  0.050,  0.970,  0.271,  0.189,  2.587
 21360,  0.973,  0.088,  1.143,  0.352,  0.279,  4.398
 21420,  1.093,  0.121,  1.241,  0.307,  0.478,  9.057
 21480,  1.004,  0.069,  0.866,  0.153,  0.311,  3.277
 21540,  1.063,  0.036,  0.728,  0.147,  0.210,  0.833
 21600,  1.148,  0.102,  1.170,  0.335,  0.487,  8.209
 21660,  1.146,  0.118,  1.380,  0.475,  0.581, 11.845
 21720,  1.092,  0.105,  1.478,  0.439,  0.671, 15.148
 21780,  1.069,  0.135,  1.600,  0.558,  0.688, 14.784
 21840,  0.968,  0.033,  1.419,  0.350,  0.419,  6.808
 21900,  1.013,  0.094,  0.988,  0.350,  0.213,  2.484
 21960,  1.001,  0.090,  0.997,  0.325,  0.185,  2.430
 22020,  0.897,  0.149,  0.948,  0.326,  0.244,  2.271
 22080,  1.074,  0.053,  1.116,  0.358,  0.270,  3.997
 22140,  0.934,  0.105,  1.023,  0.352,  0.270,  3.619
 22200,  0.955,  0.090,  1.202,  0.372,  0.375,  5.558
 22260,  0.924,  0.087,  0.939,  0.366,  0.203,  2.617
 22320,  0.913,  0.137,  0.999,  0.313,  0.266,  2.170
 22380,  0.869,  0.057,  0.921,  0.305,  0.234,  2.702
 22440,  0.901,  0.086,  0.904,  0.300,  0.309,  3.295
 22500,  0.898,  0.101,  0.885,  0.278,  0.245,  2.194
 22560,  0.984,  0.081,  0.777,  0.286,  0.253,  1.812
 22620,  1.044,  0.026,  0.896,  0.229,  0.276,  1.711
 22680, -9999.000, -9999.000, -9999.000, -9999.000, -9999.000, -9999.000
 22740,  0.934,  0.048,  0.864,  0.299,  0.244,  2.387
 22800,  0.943,  0.066,  0.802,  0.270,  0.236,  2.342
 22860,  0.898,  0.126,  0.822,  0.318,  0.200,  2.251
 22920,  0.919,  0.073,  0.913,  0.305,  0.269,  2.281
 22980,  0.928,  0.046,  0.873,  0.353,  0.175,  2.196
 23040,  0.854,  0.121,  0.870,  0.261,  0.251,  2.936
 23100,  0.872,  0.088,  0.847,  0.303,  0.255,  2.769
 23160,  0.919,  0.054,  0.896,  0.278,  0.229,  2.936
 23220,  0.876,  0.047,  0.904,  0.342,  0.194,  2.046
 23280,  0.826,  0.081,  0.815,  0.310,  0.240,  2.096
 23340,  0.935,  0.087,  0.834,  0.293,  0.239,  2.233
 23400,  0.922,  0.022,  0.864,  0.334,  0.210,  2.171
 23460,  0.855,  0.051,  0.875,  0.348,  0.215,  2.033
 23520,  0.951,  0.047,  1.024,  0.346,  0.243,  2.006
 23580,  0.933,  0.064,  0.973,  0.281,  0.185,  2.099
 23640,  0.948,  0.066,  0.979,  0.284,  0.216,  2.266
 23700,  0.944,  0.049,  0.829,  0.233,  0.218,  2.213
 23760,  0.888,  0.072,  0.881,  0.245,  0.168,  2.193
 23820,  0.960,  0.072,  0.856,  0.230,  0.192,  2.350
 23880,  0.937,  0.021,  0.830,  0.206,  0.242,  2.382
 23940,  0.900,  0.004,  0.874,  0.182,  0.175,  2.330
 24000,  0.885,  0.020,  0.840,  0.159,  0.189,  1.947
 24060,  0.972,  0.004,  0.830,  0.161,  0.165,  2.045
 24120,  1.004,  0.043,  0.834,  0.156,  0.168,  2.336
 24180,  0.922,  0.068,  0.897,  0.145,  0.181,  1.917
 24240,  0.972,  0.035,  0.914,  0.155,  0.168,  1.973
 24300,  1.088,  0.004,  0.832,  0.143,  0.165,  1.668
 24360,  0.916, -0.014,  0.794,  0.131,  0.135,  1.581
 24420,  0.861,  0.056,  0.855,  0.146,  0.155,  1.592
 24480,  0.928, -0.047,  0.856,  0.156,  0.078,  1.650
 24540, -9999.000, -9999.000, -9999.000, -9999.000, -9999.000, -9999.000
 24600,  0.861, -0.028,  0.826,  0.139,  0.144,  1.682
 24660,  0.880,  0.016,  0.805,  0.144,  0.162,  1.490
 24720,  0.899,  0.031,  0.811,  0.133,  0.191,  2.307
 24780,  0.920,  0.013,  0.883,  0.157,  0.263,  3.840
 24840,  0.933, -0.004,  0.821,  0.156,  0.198,  2.668
 24900,  0.890, -0.002,  0.890,  0.167,  0.242,  3.015
 24960,  0.839,  0.056,  0.845,  0.135,  0.233,  3.165
 25020,  0.984, -0.000,  0.984,  0.194,  0.334,  5.441
 25080,  0.878,  0.049,  0.858,  0.157,  0.270,  3.645
 25140,  0.985,  0.029,  0.918,  0.212,  0.327,  6.471
 25200,  0.896,  0.039,  0.926,  0.162,  0.278,  4.316
 25260,  0.978,  0.068,  1.042,  0.221,  0.474,  8.788
 25320,  1.044,  0.085,  1.020,  0.208,  0.412,  8.598
 25380,  1.078,  0.036,  0.965,  0.206,  0.360,  5.135
 25440,  0.938,  0.002,  0.825,  0.140,  0.212,  2.754
 25500,  1.115,  0.016,  0.791,  0.167,  0.152,  1.823
 25560,  1.041,  0.083,  0.938,  0.194,  0.264,  4.359
 25620,  0.997,  0.101,  0.907,  0.194,  0.330,  5.413
 25680,  0.913,  0.046,  0.997,  0.122,  0.214,  2.696
 25740,  0.840,  0.050,  0.827,  0.156,  0.150,  1.431
 25800,  0.957,  0.056,  0.748,  0.147,  0.196,  1.790
 25860,  0.949,  0.065,  0.824,  0.131,  0.209,  1.794
 25920,  0.916,  0.041,  0.863,  0.147,  0.133,  1.761
 25980,  0.831,  0.076,  0.873,  0.128,  0.181,  2.054
 26040,  0.916,  0.052,  0.904,  0.125,  0.160,  1.750
 26100,  1.018,  0.033,  0.925,  0.147,  0.171,  1.915
 26160,  0.908,  0.110,  0.818,  0.158,  0.202,  2.123
 26220,  1.020,  0.108,  0.952,  0.157,  0.387,  4.310
 26280,  0.986,  0.070,  0.954,  0.198,  0.277,  3.567
 26340,  0.954,  0.019,  0.954,  0.184,  0.276,  3.303
 26400,  1.042,  0.084,  0.946,  0.233,  0.342,  4.831
 26460,  1.085,  0.117,  0.964,  0.212,  0.397,  4.060
 26520,  1.017,  0.072,  0.919,  0.176,  0.338,  3.968
 26580,  1.081,  0.086,  0.967,  0.232,  0.393,  4.383
 26640,  1.077,  0.081,  0.977,  0.219,  0.440,  6.097
 26700,  1.025,  0.068,  0.803,  0.156,  0.175,  2.373
 26760,  0.856,  0.075,  0.835,  0.141,  0.193,  1.698
 26820,  0.783,  0.064,  0.858,  0.158,  0.146,  2.050
 26880,  0.890, -0.020,  0.834,  0.164,  0.196,  2.195
 26940,  0.922,  0.018,  0.889,  0.145,  0.201,  2.444
 27000,  0.904,  0.010,  0.800,  0.177,  0.216,  2.829
 27060,  0.984,  0.106,  0.902,  0.163,  0.256,  3.881
 27120,  1.115,  0.051,  0.956,  0.199,  0.354,  4.433
 27180,  0.901,  0.000,  0.889,  0.169,  0.167,  2.673
 27240,  0.843,  0.050,  0.897,  0.178,  0.253,  2.923
 27300,  0.900, -0.016,  0.913,  0.194,  0.202,  2.940
 27360,  0.940,  0.003,  0.870,  0.227,  0.289,  3.742
 27420,  0.794, -0.011,  0.794,  0.191,  0.212,  2.288
 27480,  0.866, -0.034,  0.875,  0.165,  0.204,  2.194
 27540,  1.028,  0.036,  0.839,  0.203,  0.160,  2.369
 27600,  0.965, -0.008,  0.834,  0.175,  0.218,  2.407
 27660,  0.908, -0.032,  0.846,  0.171,  0.153,  2.012
 27720,  0.957,  0.026,  0.863,  0.156,  0.168,  2.035
 27780,  0.876, -0.019,  0.792,  0.200,  0.210,  2.257
 27840,  0.992, -0.027,  0.897,  0.180,  0.299,  2.096
 27900,  0.890,  0.026,  0.877,  0.172,  0.257,  2.166
 27960,  0.853, -0.022,  0.888,  0.163,  0.192,  2.025
 28020,  0.930, -0.021,  0.825,  0.194,  0.178,  1.983
 28080,  0.953, -0.069,  0.848,  0.163,  0.185,  1.920
 28140,  0.907, -0.046,  0.714,  0.166,  0.166,  1.915
 28200, -9999.000, -9999.000, -9999.000, -9999.000, -9999.000, -9999.000
 28260,  0.887, -0.056,  0.826,  0.180,  0.286,  1.702
 28320,  0.912,  0.010,  0.887,  0.201,  0.169,  1.954
 28380,  0.969, -0.068,  0.786,  0.188,  0.184,  1.878
 28440,  0.935, -0.066,  0.807,  0.199,  0.214,  1.662
 28500,  0.986, -0.015,  0.702,  0.236,  0.197,  1.645
 28560,  0.961, -0.030,  0.782,  0.172,  0.201,  1.786
 28620,  0.895, -0.066,  0.753,  0.158,  0.208,  1.622
 28680,  0.788, -0.049,  0.712,  0.169,  0.175,  1.491
 28740,  0.784, -0.070,  0.736,  0.137,  0.174,  1.681
 28800,  0.873, -0.086,  0.741,  0.165,  0.197,  1.600
 28860,  0.877, -0.048,  0.769,  0.164,  0.201,  1.523
 28920,  0.921, -0.063,  0.787,  0.161,  0.186,  1.665
 28980,  0.914, -0.059,  0.799,  0.162,  0.206,  1.507
 29040,  0.814, -0.014,  0.831,  0.169,  0.212,  1.844
 29100,  0.995, -0.043,  0.760,  0.193,  0.174,  1.709
 29160,  0.818, -0.013,  0.803,  0.197,  0.174,  2.020
 29220,  0.983, -0.042,  0.958,  0.210,  0.224,  2.376
 29280,  0.900, -0.025,  0.850,  0.217,  0.197,  2.288
 29340,  0.885, -0.043,  0.948,  0.224,  0.238,  2.603
 29400,  0.947, -0.043,  0.835,  0.242,  0.248,  2.407
 29460,  0.870, -0.031,  0.861,  0.277,  0.196,  2.399
 29520,  0.973,  0.021,  0.954,  0.197,  0.204,  2.536
 29580,  0.954, -0.043,  0.920,  0.189,  0.213,  2.731
 29640,  0.851, -0.026,  0.797,  0.183,  0.253,  2.486
 29700,  0.889, -0.085,  0.994,  0.252,  0.222,  2.752
 29760,  0.836, -0.057,  0.996,  0.217,  0.261,  2.904
 29820,  0.854, -0.046,  1.013,  0.291,  0.225,  3.424
 29880,  0.969,  0.048,  1.208,  0.254,  0.226,  4.470
 29940,  0.971, -0.074,  1.379,  0.428,  0.247,  5.776
 30000,  0.910, -0.035,  1.433,  0.610,  0.257,  7.111
 30060, -9999.000, -9999.000, -9999.000, -9999.000, -9999.000, -9999.000
 30120,  1.021, -0.014,  1.387,  0.444,  0.264,  6.353
 30180,  0.986, -0.023,  1.328,  0.627,  0.256,  7.573
 30240,  0.872, -0.048,  1.232,  0.693,  0.252,  7.379
 30300,  0.905, -0.005,  1.331,  0.596,  0.293,  6.193
 30360,  0.805, -0.015,  1.235,  0.687,  0.251,  6.142
 30420,  0.939, -0.070,  1.123,  0.596,  0.209,  5.488
 30480,  0.915, -0.039,  1.240,  0.593,  0.288,  5.816
 30540,  0.958,  0.062,  1.161,  0.669,  0.236,  6.002
 30600,  0.737,  0.004,  1.232,  0.682,  0.272,  6.236
 30660,  0.769, -0.019,  1.181,  0.644,  0.308,  5.887
 30720,  0.801, -0.014,  1.168,  0.641,  0.239,  6.082
 30780,  0.884,  0.013,  1.206,  0.599,  0.286,  6.133
 30840,  1.039,  0.005,  1.158,  0.634,  0.303,  5.838
 30900,  0.988, -0.036,  1.236,  0.705,  0.246,  5.928
 30960,  0.850,  0.004,  1.084,  0.707,  0.248,  5.939
 31020,  0.811,  0.023,  1.152,  0.712,  0.260,  6.031
 31080,  0.822,  0.051,  1.177,  0.684,  0.261,  6.087
 31140,  0.853, -0.023,  1.108,  0.723,  0.301,  5.939
 31200,  0.843, -0.002,  1.043,  0.646,  0.234,  6.244
 31260,  0.846,  0.019,  1.223,  0.637,  0.218,  6.659
 31320,  0.930, -0.010,  1.312,  0.675,  0.197,  6.723
 31380,  0.741,  0.093,  1.154,  0.638,  0.240,  7.042
 31440,  0.921, -0.004,  1.399,  0.712,  0.197,  8.723
 31500,  0.668,  0.048,  1.481,  0.831,  0.233,  8.302
 31560,  0.829,  0.112,  1.475,  0.822,  0.221,  9.025
 31620,  0.934,  0.036,  1.520,  0.774,  0.210,  8.753
 31680,  0.881,  0.024,  1.475,  0.813,  0.172,  9.120
 31740,  0.772,  0.065,  1.443,  0.740,  0.207,  9.296
 31800,  0.773,  0.023,  1.411,  0.633,  0.247,  9.611
 31860,  1.064,  0.055,  1.219,  0.625,  0.196,  9.332
 31920, -9999.000, -9999.000, -9999.000, -9999.000, -9999.000, -9999.000
 31980,  0.832,  0.029,  1.361,  0.717,  0.190, 10.139
 32040,  0.840,  0.030,  1.432,  0.676,  0.227,  9.549
 32100,  0.782,  0.031,  1.430,  0.738,  0.211,  9.996
 32160,  0.788,  0.053,  1.361,  0.723,  0.150,  9.666
 32220,  0.843,  0.055,  1.377,  0.777,  0.224, 10.527
 32280,  0.793,  0.106,  1.422,  0.813,  0.201, 10.364
 32340,  0.907,  0.042,  1.290,  0.693,  0.239,  9.141
 32400,  0.757,  0.008,  1.177,  0.538,  0.193,  6.955
 32460,  0.821,  0.077,  1.185,  0.584,  0.227,  7.001
 32520,  0.963,  0.085,  1.105,  0.456,  0.201,  6.669
 32580,  0.885,  0.030,  0.793,  0.276,  0.155,  3.510
 32640,  0.906,  0.065,  0.839,  0.375,  0.152,  3.763
 32700,  0.824,  0.014,  0.874,  0.251,  0.163,  3.122
 32760,  1.000,  0.069,  0.824,  0.242,  0.173,  3.069
 32820,  0.867,  0.068,  0.827,  0.289,  0.199,  3.313
 32880,  0.801,  0.050,  0.963,  0.325,  0.165,  4.002
 32940,  0.860,  0.076,  0.927,  0.430,  0.186,  4.691
 33000,  0.864,  0.028,  0.873,  0.351,  0.180,  3.490
 33060,  0.822,  0.034,  0.915,  0.322,  0.165,  3.589
 33120,  0.890,  0.020,  0.942,  0.401,  0.189,  4.331
 33180,  0.816,  0.082,  0.817,  0.349,  0.178,  3.829
 33240,  0.750,  0.055,  1.003,  0.375,  0.153,  3.939
 33300,  0.857,  0.087,  0.969,  0.407,  0.148,  3.657
 33360,  0.769,  0.101,  1.006,  0.378,  0.169,  3.848
 33420,  0.720,  0.040,  0.944,  0.388,  0.158,  3.729
 33480,  0.849,  0.099,  0.953,  0.348,  0.201,  3.926
 33540,  0.917,  0.061,  0.897,  0.319,  0.197,  3.556
 33600,  0.909,  0.048,  0.847,  0.301,  0.171,  3.171
 33660,  0.750,  0.074,  0.839,  0.360,  0.178,  3.694
 33720,  0.838,  0.084,  0.870,  0.351,  0.186,  3.656
 33780,  0.909,  0.145,  0.965,  0.551,  0.120,  4.065
 33840,  0.841,  0.093,  0.921,  0.380,  0.171,  4.374
 33900,  0.788,  0.091,  0.967,  0.349,  0.199,  4.674
 33960,  0.820,  0.090,  0.922,  0.350,  0.164,  4.547
 34020,  0.835,  0.085,  0.896,  0.315,  0.179,  4.072
 34080,  0.757,  0.067,  0.903,  0.335,  0.179,  4.096
 34140,  0.932,  0.027,  0.865,  0.239,  0.148,  4.080
 34200,  0.828,  0.028,  0.848,  0.280,  0.167,  4.229
 34260,  0.735,  0.076,  0.801,  0.272,  0.163,  3.416
