CampaignData_and_Merges/R0/CSL_MobileLab_Parked/raw/20240810/USOS-MetNav_MobileLabGround_20240810_R0.ict
44, 1001
Carrie Womack, Nate Howard, Mike Zucker
NOAA Chemical Sciences Laboratory
Mobile Lab MetNav Station
USOS
1, 1
2024, 08, 10, 2024, 12, 21
60
Time_Start, seconds_past_midnight, Seconds from midnight UTC
11
1, 1, 1, 1, 1, 1, 1, 1, 1, 1, 1
-9999, -9999, -9999, -9999, -9999, -9999, -9999, -9999, -9999, -9999, -9999
GPS_Alt_m, meters, Altitude from Differential GPS
GPS_Course_deg, degrees, Course from Differential GPS
GPS_GndSpd_m_s, m/s, Ground Speed from Differential GPS
GPS_Heading_deg, degrees, Heading from Differential GPS
GPS_Lat_deg, degrees, Latitude from Differential GPS
GPS_Lon_deg, degrees, Longitude from Differential GPS
AirTemp_C, Celsius, Air Temperature from Airmar
RelHumidity_pct, percent, Relative Humidity from Airmar
Pressure_mb, millibars, Pressure from Honeywell
WindDir_calc_deg, degrees, Wind Direction from Airmar corrected for van movement
WindSpd_calc_m_s, m/s, Wind Speed from Airmar corrected for van movement
1
SPECIAL COMMENTS:
18
PI_CONTACT_INFO: Address: 325 Broadway R/CSL7, Boulder, CO, 80305
PLATFORM: CSL Mobile Lab
LOCATION: Salt Lake City, UT
ASSOCIATED_DATA: N/A
INSTRUMENT_INFO: N/A
DATA_INFO: Units:
UNCERTAINTY: N/A
ULOD_FLAG: -7777
ULOD_VALUE: N/A
LLOD_FLAG: -8888
LLOD_VALUE: N/A
DM_CONTACT_INFO: Data Manager: Nate Howard
PROJECT_INFO: 
STIPULATIONS_ON_USE: Use of these data require prior ok from PI.
OTHER_COMMENTS: 
REVISION: R0
R0: Final data. Fixed bug in wind averaging code. RA: Preliminary Data. For in-field use only. 
Time_Start, GPS_Alt_m, GPS_Course_deg, GPS_GndSpd_m_s, GPS_Heading_deg, GPS_Lat_deg, GPS_Lon_deg, AirTemp_C, RelHumidity_pct, Pressure_mb, WindDir_calc_deg, WindSpd_calc_m_s
[from data line 1042]
62520.0,1307.5,2.56,0.04,2.56,40.73434,-111.87210,32.7,23.6,877.7,112.75,2.0
62580.0,1307.5,2.27,0.05,2.27,40.73434,-111.87210,32.7,24.3,877.7,102.84,1.2
62640.0,1307.5,2.18,0.04,2.18,40.73434,-111.87210,32.8,24.2,877.7,108.85,1.6
62700.0,1307.4,1.93,0.05,1.93,40.73434,-111.87210,32.6,24.0,877.7,128.89,3.4
62760.0,1307.2,2.00,0.05,2.00,40.73434,-111.87210,32.6,24.2,877.7,145.76,3.4
62820.0,1307.1,1.41,0.05,1.41,40.73434,-111.87211,32.6,23.5,877.7,127.48,2.2
62880.0,1307.0,1.59,0.05,1.59,40.73434,-111.87211,32.7,24.0,877.6,113.08,1.2
62940.0,1307.1,1.60,0.04,1.60,40.73434,-111.87211,32.8,23.7,877.6,139.04,2.0
63000.0,1307.1,1.97,0.05,1.97,40.73434,-111.87211,32.9,24.0,877.6,144.64,2.4
63060.0,1307.2,2.11,0.04,2.11,40.73434,-111.87210,32.8,24.5,877.6,122.07,2.8
63120.0,1307.1,2.93,0.05,2.93,40.73434,-111.87211,32.8,23.5,877.6,128.63,2.1
63180.0,1307.2,2.95,0.04,2.95,40.73434,-111.87211,33.0,23.7,877.6,119.70,1.4
63240.0,1307.3,2.22,0.04,2.22,40.73434,-111.87211,32.9,24.4,877.6,111.61,2.4
63300.0,1307.6,2.06,0.04,2.06,40.73434,-111.87210,32.8,24.5,877.5,121.82,2.9
63360.0,1307.7,2.40,0.04,2.40,40.73434,-111.87211,32.7,24.9,877.6,114.87,2.4
63420.0,1307.9,2.59,0.04,2.59,40.73434,-111.87211,32.8,25.2,877.5,116.94,2.1
63480.0,1307.9,2.36,0.04,2.36,40.73434,-111.87211,32.8,23.7,877.5,127.81,2.4
63540.0,1307.9,1.73,0.04,1.73,40.73434,-111.87211,32.9,24.1,877.5,124.60,1.9
63600.0,1308.0,1.63,0.04,1.63,40.73434,-111.87211,33.1,24.3,877.5,121.63,1.5
63660.0,1308.2,1.84,0.05,1.84,40.73434,-111.87211,33.0,24.4,877.5,120.22,2.4
63720.0,1308.3,1.70,0.05,1.70,40.73434,-111.87211,32.9,23.3,877.5,118.96,3.0
63780.0,1308.4,1.87,0.06,1.87,40.73434,-111.87211,32.8,23.2,877.4,113.57,2.7
63840.0,1308.5,1.98,0.05,1.98,40.73434,-111.87211,32.9,23.2,877.4,104.12,1.0
63900.0,1308.5,2.41,0.05,2.41,40.73434,-111.87211,33.1,23.3,877.4,95.26,1.0
63960.0,1308.5,1.98,0.06,1.98,40.73434,-111.87211,33.2,23.6,877.3,117.70,1.6
64020.0,1308.6,1.82,0.05,1.82,40.73434,-111.87211,33.1,23.1,877.3,115.79,2.7
64080.0,1308.3,1.79,0.06,1.79,40.73434,-111.87211,33.2,23.7,877.3,115.63,1.7
64140.0,1308.4,2.25,0.05,2.25,40.73434,-111.87211,33.3,23.2,877.3,126.85,2.4
64200.0,1308.4,2.26,0.05,2.26,40.73434,-111.87211,33.5,22.3,877.3,147.25,1.8
64260.0,1308.4,2.08,0.05,2.08,40.73434,-111.87211,33.8,22.3,877.3,130.17,1.3
64320.0,1308.3,1.99,0.04,1.99,40.73434,-111.87211,33.8,23.2,877.3,131.15,2.8
64380.0,1308.3,2.43,0.04,2.43,40.73434,-111.87211,33.9,22.9,877.3,122.43,1.6
64440.0,1308.3,2.13,0.04,2.13,40.73434,-111.87211,34.2,22.1,877.3,128.59,0.9
64500.0,1308.3,1.69,0.04,1.69,40.73434,-111.87211,34.4,22.6,877.2,93.30,1.2
64560.0,1308.4,1.64,0.04,1.64,40.73434,-111.87211,34.4,24.1,877.2,113.51,2.5
64620.0,1308.5,1.28,0.05,1.28,40.73434,-111.87211,34.1,23.2,877.2,122.04,3.6
64680.0,1308.6,1.92,0.05,1.92,40.73434,-111.87210,34.0,22.4,877.2,104.32,2.0
64740.0,1308.5,2.22,0.05,2.22,40.73434,-111.87210,34.0,21.9,877.1,113.84,2.2
64800.0,1308.7,2.41,0.05,2.41,40.73434,-111.87211,34.0,21.0,877.1,138.86,2.9
64860.0,1308.8,2.84,0.05,2.84,40.73434,-111.87211,34.2,19.6,877.1,162.45,1.5
64920.0,1308.8,3.03,0.05,3.03,40.73434,-111.87211,34.2,20.1,877.1,139.92,2.9
64980.0,1309.0,2.68,0.05,2.68,40.73434,-111.87210,34.1,20.1,877.1,141.48,4.1
65040.0,1308.9,2.74,0.05,2.74,40.73434,-111.87211,34.1,20.0,877.0,150.08,2.7
65100.0,1308.9,3.29,0.05,3.29,40.73434,-111.87211,34.4,19.8,877.0,179.74,1.6
65160.0,1309.1,2.90,0.05,2.90,40.73434,-111.87211,34.4,20.0,877.0,172.67,1.9
65220.0,1309.1,2.75,0.05,2.75,40.73434,-111.87211,34.7,19.8,877.0,168.00,1.3
65280.0,1309.1,2.63,0.05,2.63,40.73434,-111.87211,34.9,20.4,877.0,147.35,1.9
65340.0,1309.1,2.56,0.05,2.56,40.73434,-111.87211,35.0,19.4,877.0,169.55,2.3
65400.0,1309.2,2.35,0.04,2.35,40.73434,-111.87211,35.0,19.1,877.0,186.82,2.8
65460.0,1309.4,2.58,0.05,2.58,40.73434,-111.87211,34.9,19.3,877.0,164.31,3.4
65520.0,1309.5,2.26,0.05,2.26,40.73434,-111.87211,34.8,19.3,877.0,178.30,3.6
65580.0,1309.6,1.64,0.05,1.64,40.73434,-111.87211,34.7,19.3,877.0,163.91,2.7
65640.0,1309.6,0.74,0.06,0.74,40.73434,-111.87211,35.0,18.8,877.0,196.93,2.0
65700.0,1309.6,0.88,0.05,0.88,40.73434,-111.87211,34.9,18.8,877.0,179.62,2.9
65760.0,1309.6,0.73,0.05,0.73,40.73434,-111.87211,35.0,19.1,876.9,154.42,2.4
65820.0,1309.4,0.85,0.05,0.85,40.73434,-111.87211,35.2,19.3,876.9,143.44,1.4
65880.0,1309.5,1.38,0.05,1.38,40.73434,-111.87211,35.2,19.0,876.9,183.38,2.1
65940.0,1309.4,1.44,0.04,1.44,40.73434,-111.87211,35.2,18.9,876.9,186.75,2.3
66000.0,1309.4,1.27,0.05,1.27,40.73434,-111.87211,35.3,19.0,876.9,189.91,2.1
66060.0,1309.8,1.28,0.05,1.28,40.73434,-111.87211,35.2,19.3,876.9,157.78,3.5
66120.0,1309.7,1.38,0.05,1.38,40.73434,-111.87211,35.0,18.8,876.9,153.79,4.0
66180.0,1309.7,1.55,0.05,1.55,40.73434,-111.87211,34.8,19.3,876.9,157.14,4.4
66240.0,1309.4,2.04,0.05,2.04,40.73434,-111.87211,34.9,19.1,876.9,182.72,2.9
66300.0,1309.7,1.74,0.05,1.74,40.73434,-111.87210,34.9,19.5,876.8,149.93,3.6
66360.0,1309.8,1.71,0.05,1.71,40.73434,-111.87211,35.0,19.5,876.8,153.97,2.5
66420.0,1309.8,1.71,0.05,1.71,40.73434,-111.87211,35.1,19.6,876.8,153.47,1.8
66480.0,1309.4,1.80,0.05,1.80,40.73435,-111.87211,35.4,19.2,876.8,174.29,1.3
66540.0,1309.1,2.00,0.05,2.00,40.73435,-111.87211,35.6,19.4,876.8,148.74,2.0
66600.0,1309.0,1.93,0.05,1.93,40.73435,-111.87211,35.7,19.0,876.8,179.72,1.8
66660.0,1308.9,1.90,0.05,1.90,40.73435,-111.87211,35.8,19.0,876.8,178.03,2.8
66720.0,1308.9,1.89,0.05,1.89,40.73435,-111.87211,35.7,19.2,876.7,161.87,2.6
66780.0,1309.1,1.81,0.04,1.81,40.73435,-111.87211,35.3,19.3,877.1,183.59,3.0
66840.0,1309.0,1.67,0.04,1.67,40.73435,-111.87211,35.1,19.1,877.0,168.51,2.0
66900.0,1308.9,1.77,0.05,1.77,40.73435,-111.87211,35.0,19.0,877.0,201.67,1.6
66960.0,1308.7,2.62,0.04,2.62,40.73435,-111.87211,35.0,19.3,877.0,164.17,1.6
67020.0,1308.6,3.04,0.05,3.04,40.73435,-111.87211,35.0,19.3,877.0,161.59,2.8
67080.0,1308.5,2.43,0.05,2.43,40.73434,-111.87211,35.0,19.3,877.0,164.56,3.7
67140.0,1308.5,2.38,0.04,2.38,40.73434,-111.87211,35.1,19.6,877.0,158.57,2.0
67200.0,1308.4,1.92,0.04,1.92,40.73435,-111.87211,35.2,18.9,877.0,160.57,2.7
67260.0,1308.3,1.86,0.05,1.86,40.73434,-111.87211,35.6,19.0,876.9,172.79,1.8
67320.0,1308.0,1.89,0.05,1.89,40.73435,-111.87211,35.7,19.1,876.9,179.48,2.4
67380.0,1307.9,1.88,0.04,1.88,40.73435,-111.87210,35.6,19.1,877.0,169.55,3.7
67440.0,1307.7,1.71,0.05,1.71,40.73435,-111.87210,35.6,19.3,876.9,197.96,1.7
67500.0,1307.7,2.12,0.05,2.12,40.73435,-111.87210,35.6,19.1,877.0,192.84,2.3
67560.0,1307.6,2.32,0.04,2.32,40.73435,-111.87210,35.3,18.8,877.0,193.77,3.0
67620.0,1307.4,2.10,0.04,2.10,40.73435,-111.87210,35.2,19.1,876.9,177.75,2.0
67680.0,1307.4,2.01,0.05,2.01,40.73435,-111.87210,35.1,19.8,876.9,149.04,2.7
67740.0,1307.4,2.34,0.04,2.34,40.73435,-111.87210,35.5,19.6,876.9,174.78,1.7
67800.0,1307.4,2.53,0.05,2.53,40.73434,-111.87210,35.4,19.0,877.0,171.22,4.1
67860.0,1307.3,2.33,0.05,2.33,40.73434,-111.87210,35.3,19.1,877.0,183.48,3.2
67920.0,1307.2,2.39,0.04,2.39,40.73434,-111.87210,35.5,19.1,876.9,189.38,2.0
67980.0,1307.3,2.27,0.05,2.27,40.73434,-111.87210,35.7,19.2,876.9,180.77,1.7
68040.0,1307.2,2.17,0.04,2.17,40.73434,-111.87210,35.5,18.9,876.9,181.69,2.0
68100.0,1307.2,2.40,0.05,2.40,40.73434,-111.87210,35.5,19.2,876.9,145.82,1.9
68160.0,1307.2,2.46,0.05,2.46,40.73434,-111.87210,35.2,19.1,876.9,182.50,2.7
68220.0,1307.2,2.53,0.05,2.53,40.73434,-111.87210,35.3,19.2,876.8,157.47,1.4
68280.0,1307.2,2.09,0.05,2.09,40.73434,-111.87210,35.3,19.5,876.8,163.29,1.9
68340.0,1307.1,1.45,0.04,1.45,40.73434,-111.87210,35.3,20.2,876.8,139.94,2.3
68400.0,1307.0,1.58,0.05,1.58,40.73434,-111.87210,35.0,20.6,876.8,140.10,3.1
68460.0,1307.0,1.63,0.05,1.63,40.73434,-111.87210,34.9,20.4,876.8,144.59,2.8
68520.0,1307.0,1.24,0.04,1.24,40.73434,-111.87210,35.0,19.9,876.8,155.57,2.7
68580.0,1307.1,1.02,0.05,1.02,40.73434,-111.87210,35.1,19.6,876.9,169.21,2.9
68640.0,1307.1,1.64,0.05,1.64,40.73434,-111.87210,35.0,20.3,876.9,151.20,3.3
68700.0,1307.1,1.96,0.05,1.96,40.73434,-111.87211,34.7,20.6,876.9,142.45,4.4
68760.0,1307.1,1.91,0.04,1.91,40.73434,-111.87211,34.3,19.8,876.9,156.38,4.0
68820.0,1307.0,1.63,0.06,1.63,40.73434,-111.87211,34.1,20.0,876.9,165.48,3.6
68880.0,1307.0,1.29,0.05,1.29,40.73434,-111.87211,34.1,20.3,876.9,167.74,3.6
68940.0,1306.9,1.97,0.05,1.97,40.73434,-111.87211,33.9,20.5,876.9,158.23,4.2
69000.0,1307.0,2.11,0.05,2.11,40.73434,-111.87211,33.8,20.7,876.9,165.14,3.3
69060.0,1306.9,1.68,0.04,1.68,40.73434,-111.87211,34.0,20.8,876.8,164.94,1.6
69120.0,1307.0,1.85,0.04,1.85,40.73434,-111.87211,34.4,20.6,876.9,181.12,2.2
69180.0,1307.1,1.99,0.05,1.99,40.73434,-111.87211,34.5,20.5,876.9,161.47,3.5
69240.0,1307.2,2.22,0.05,2.22,40.73434,-111.87211,34.4,21.0,876.8,151.71,3.0
69300.0,1307.2,2.79,0.05,2.79,40.73434,-111.87211,34.3,20.6,876.8,153.06,2.8
69360.0,1307.1,2.17,0.05,2.17,40.73434,-111.87211,34.5,20.9,876.8,149.74,3.1
69420.0,1307.1,1.91,0.04,1.91,40.73434,-111.87211,34.5,21.4,876.8,134.56,3.5
69480.0,1307.1,2.09,0.04,2.09,40.73434,-111.87211,34.7,21.1,876.8,147.01,2.6
69540.0,1307.2,2.25,0.05,2.25,40.73434,-111.87211,34.9,21.2,876.8,143.38,3.4
69600.0,1307.3,1.84,0.05,1.84,40.73434,-111.87211,35.3,20.2,876.7,156.59,2.0
69660.0,1307.5,1.92,0.05,1.92,40.73434,-111.87211,35.2,19.7,876.8,160.67,5.1
69720.0,1307.4,2.16,0.05,2.16,40.73434,-111.87211,34.9,19.8,876.7,159.06,4.9
69780.0,1307.5,2.32,0.05,2.32,40.73434,-111.87211,34.8,19.8,876.7,166.02,4.6
69840.0,1307.5,1.96,0.06,1.96,40.73434,-111.87211,34.7,20.2,876.7,168.51,3.7
69900.0,1307.7,1.39,0.05,1.39,40.73434,-111.87211,34.7,20.2,876.6,188.22,2.8
69960.0,1307.7,1.24,0.05,1.24,40.73434,-111.87211,34.9,20.0,876.6,177.03,2.6
70020.0,1307.6,1.68,0.05,1.68,40.73434,-111.87211,35.3,19.8,876.6,160.35,2.1
70080.0,1307.6,1.57,0.06,1.57,40.73434,-111.87211,35.3,19.7,876.5,172.28,3.9
70140.0,1307.6,2.20,0.06,2.20,40.73434,-111.87211,35.1,19.7,876.5,156.49,4.8
70200.0,1307.7,2.28,0.05,2.28,40.73434,-111.87211,35.4,19.6,876.4,153.90,3.5
70260.0,1307.7,2.08,0.05,2.08,40.73434,-111.87211,35.5,19.5,876.3,165.91,2.2
70320.0,1307.7,2.39,0.05,2.39,40.73434,-111.87211,35.6,19.7,876.3,168.64,1.8
70380.0,1307.8,2.32,0.05,2.32,40.73434,-111.87210,35.3,19.6,876.3,148.14,3.5
70440.0,1307.8,1.75,0.05,1.75,40.73434,-111.87210,35.1,20.1,876.2,131.84,2.3
70500.0,1308.0,2.07,0.05,2.07,40.73434,-111.87211,34.8,20.6,876.2,128.75,3.6
70560.0,1308.2,1.88,0.05,1.88,40.73434,-111.87211,34.4,20.5,876.2,119.20,3.8
70620.0,1308.2,2.11,0.05,2.11,40.73434,-111.87211,34.4,20.2,876.2,167.60,2.4
70680.0,1308.1,2.25,0.06,2.25,40.73434,-111.87211,34.2,20.1,876.3,155.27,3.1
70740.0,1308.0,2.08,0.05,2.08,40.73434,-111.87211,34.1,19.2,876.3,147.48,3.2
70800.0,1307.8,2.00,0.05,2.00,40.73434,-111.87211,34.0,19.1,876.3,163.82,2.3
70860.0,1307.7,2.01,0.05,2.01,40.73434,-111.87211,34.0,18.8,876.3,186.42,2.8
70920.0,1307.7,1.36,0.05,1.36,40.73434,-111.87211,33.8,19.6,876.4,139.82,3.8
70980.0,1307.7,1.18,0.05,1.18,40.73434,-111.87211,33.4,20.6,876.4,130.26,3.8
71040.0,1307.7,1.19,0.05,1.19,40.73434,-111.87211,33.2,20.3,876.5,145.25,4.1
71100.0,1307.8,1.63,0.04,1.63,40.73434,-111.87211,33.2,20.5,876.5,154.11,2.0
71160.0,1307.8,1.53,0.05,1.53,40.73434,-111.87211,33.2,21.1,876.5,149.79,1.7
71220.0,1307.8,1.55,0.04,1.55,40.73434,-111.87211,33.1,20.7,876.6,155.48,2.8
71280.0,1307.9,2.02,0.05,2.02,40.73434,-111.87211,33.0,20.8,876.6,158.68,2.6
71340.0,1307.8,2.45,0.04,2.45,40.73434,-111.87211,33.1,20.7,876.6,191.39,1.8
71400.0,1307.8,2.47,0.05,2.47,40.73434,-111.87211,33.2,20.7,876.6,167.06,0.9
71460.0,1307.9,2.58,0.04,2.58,40.73434,-111.87211,33.3,20.5,876.7,169.99,1.7
71520.0,1308.2,2.57,0.04,2.57,40.73434,-111.87211,33.3,20.3,876.8,165.07,1.8
71580.0,1308.3,2.26,0.04,2.26,40.73434,-111.87211,33.3,20.3,876.8,179.54,1.3
71640.0,1308.4,1.71,0.04,1.71,40.73434,-111.87211,33.4,20.4,876.8,179.63,1.5
71700.0,1308.4,1.98,0.04,1.98,40.73434,-111.87211,33.4,20.5,876.8,147.06,0.6
71760.0,1308.6,2.20,0.04,2.20,40.73434,-111.87211,33.3,20.9,876.8,122.26,1.6
71820.0,1308.9,2.49,0.05,2.49,40.73434,-111.87211,33.2,21.0,876.8,129.88,1.3
71880.0,1308.9,2.50,0.04,2.50,40.73434,-111.87211,33.0,20.9,876.9,148.94,2.9
71940.0,1308.9,2.32,0.05,2.32,40.73434,-111.87211,32.9,21.1,877.0,164.08,1.8
72000.0,1308.8,2.22,0.05,2.22,40.73434,-111.87211,33.0,21.5,877.0,178.71,1.2
72060.0,1308.7,2.80,0.04,2.80,40.73434,-111.87211,33.0,21.5,877.2,190.88,2.0
72120.0,1309.1,2.65,0.04,2.65,40.73435,-111.87211,33.0,20.2,877.1,203.63,0.6
72180.0,1309.1,2.62,0.05,2.62,40.73435,-111.87211,32.9,19.9,877.0,115.82,1.2
72240.0,1309.0,2.17,0.05,2.17,40.73435,-111.87211,32.8,18.5,877.0,98.17,0.6
72300.0,1308.6,1.58,0.04,1.58,40.73434,-111.87211,32.6,17.5,877.0,41.94,0.4
72360.0,1308.9,1.39,0.04,1.39,40.73435,-111.87211,32.6,17.3,877.1,115.91,0.5
72420.0,1309.1,1.56,0.04,1.56,40.73435,-111.87211,32.3,17.7,876.9,87.62,1.2
72480.0,1309.0,1.40,0.04,1.40,40.73435,-111.87211,32.2,17.4,877.0,137.62,2.3
72540.0,1308.8,1.48,0.04,1.48,40.73435,-111.87211,32.2,17.7,877.3,222.49,1.9
72600.0,1308.9,1.53,0.04,1.53,40.73435,-111.87211,32.2,18.0,877.3,213.85,2.1
72660.0,1308.8,1.73,0.04,1.73,40.73435,-111.87211,32.3,18.8,877.4,231.99,1.2
72720.0,1308.8,2.13,0.05,2.13,40.73435,-111.87211,32.2,20.5,877.3,333.77,0.3
72780.0,1308.8,2.23,0.04,2.23,40.73435,-111.87211,32.1,23.5,877.4,231.34,0.4
72840.0,1308.8,2.18,0.04,2.18,40.73435,-111.87211,31.8,24.8,877.5,277.36,0.8
72900.0,1308.8,2.49,0.04,2.49,40.73435,-111.87211,31.4,26.0,877.6,241.39,2.2
72960.0,1308.8,2.59,0.04,2.59,40.73435,-111.87211,31.0,27.7,877.6,234.90,2.6
73020.0,1308.8,2.28,0.05,2.28,40.73435,-111.87211,30.6,30.3,877.7,230.60,2.3
73080.0,1308.9,2.40,0.05,2.40,40.73435,-111.87211,30.4,34.6,877.7,114.53,0.5
73140.0,1308.9,2.29,0.05,2.29,40.73435,-111.87211,30.1,34.9,877.7,182.27,0.4
73200.0,1308.7,2.01,0.04,2.01,40.73435,-111.87211,29.9,34.8,877.7,169.67,0.7
73260.0,1308.7,2.07,0.04,2.07,40.73435,-111.87211,29.5,33.3,877.7,169.19,2.4
73320.0,1308.8,1.65,0.04,1.65,40.73435,-111.87211,29.1,32.9,877.6,142.62,3.1
73380.0,1308.8,1.54,0.04,1.54,40.73435,-111.87211,28.7,31.5,877.5,145.31,4.0
73440.0,1308.8,2.03,0.04,2.03,40.73435,-111.87211,28.6,32.1,877.4,160.81,3.6
73500.0,1308.7,2.44,0.04,2.44,40.73435,-111.87211,28.6,30.3,877.4,170.70,3.2
73560.0,1308.6,2.79,0.04,2.79,40.73435,-111.87211,28.6,33.0,877.4,158.58,3.1
73620.0,1308.6,2.78,0.04,2.78,40.73435,-111.87211,28.5,33.9,877.4,160.92,4.2
73680.0,1308.6,2.27,0.05,2.27,40.73435,-111.87211,28.4,35.1,877.3,153.63,3.3
73740.0,1308.6,1.87,0.04,1.87,40.73435,-111.87211,28.5,32.9,877.3,174.81,3.4
73800.0,1308.7,1.62,0.04,1.62,40.73435,-111.87211,28.5,33.4,877.2,169.38,4.3
73860.0,1308.7,1.87,0.04,1.87,40.73435,-111.87211,28.5,32.3,877.3,163.60,4.4
73920.0,1308.7,2.24,0.04,2.24,40.73435,-111.87211,28.4,34.2,877.3,163.71,5.1
73980.0,1308.6,2.10,0.04,2.10,40.73435,-111.87211,28.4,34.3,877.3,158.55,4.2
74040.0,1308.6,2.19,0.04,2.19,40.73435,-111.87211,28.4,35.5,877.3,163.84,3.1
74100.0,1308.6,2.53,0.04,2.53,40.73435,-111.87211,28.5,35.3,877.2,146.88,3.2
74160.0,1308.7,2.67,0.04,2.67,40.73435,-111.87210,28.7,34.6,877.2,153.83,2.7
74220.0,1308.8,2.82,0.04,2.82,40.73434,-111.87210,28.8,35.2,877.1,135.07,2.8
74280.0,1308.8,2.99,0.04,2.99,40.73434,-111.87210,28.8,33.0,877.0,132.36,3.7
74340.0,1308.9,2.73,0.05,2.73,40.73434,-111.87210,29.0,31.7,877.0,142.41,3.5
74400.0,1308.9,2.42,0.05,2.42,40.73434,-111.87210,29.1,32.5,876.9,131.26,2.8
74460.0,1309.0,2.51,0.05,2.51,40.73434,-111.87210,29.2,32.5,876.8,132.27,3.3
74520.0,1309.1,2.88,0.05,2.88,40.73434,-111.87210,29.3,31.0,876.8,133.97,3.5
74580.0,1309.1,2.49,0.05,2.49,40.73434,-111.87210,29.4,32.7,876.7,112.57,3.1
74640.0,1309.1,2.10,0.05,2.10,40.73434,-111.87210,29.4,29.4,876.6,123.94,3.8
74700.0,1309.0,2.09,0.05,2.09,40.73434,-111.87210,29.6,27.8,876.5,118.61,3.0
74760.0,1308.9,2.11,0.06,2.11,40.73434,-111.87210,29.8,28.8,876.5,119.98,3.1
74820.0,1308.8,2.49,0.05,2.49,40.73434,-111.87210,30.0,27.6,876.4,119.78,3.1
74880.0,1308.7,2.73,0.05,2.73,40.73434,-111.87210,30.2,28.5,876.4,112.02,2.3
