CampaignData_and_Merges/R0/CSL_MobileLab_Parked/raw/20240810/USOS-Picarro-CO2-CH4-CO-H2O_MobileLabGround_20240810_R0.ict
38, 1001
Ilana Pollack, Nell Schafer, and Jeff Peischl
NOAA Chemical Sciences Laboratory
Picarro 2401-m CO2/CH4/CO/H2O Analyzer
USOS
1, 1
2024, 08, 10, 2024, 11, 20
0
StartTime_UTC, seconds_past_midnight, seconds past midnight
5
1, 1, 1, 1, 1
-9999, -9999, -9999, -9999, -9999
StopTime_UTC, seconds_past_midnight, seconds past midnight
CO2_ppm_1min, ppm, Gas_CO2_InSitu_S_DMF, carbon dioxide mixing ratio
CH4_ppb_1min, ppb, Gas_CH4_InSitu_S_DMF, methane mixing ratio
CO_ppb_1min, ppb, Gas_CO_InSitu_S_DMF, carbon monoxide mixing ratio
H2O_ppmv_1min, ppmv, Met_H2OMRV_InSitu_S_AVMR, water vapor mixing ratio
1
SPECIAL COMMENTS: N/A
18
PI_CONTACT_INFO: Address: NOAA Chemical Sciences Laboratory, Mail Stop CSL7, 325 Broadway, Boulder, CO 80305; Email: Ilana.Pollack@noaa.gov
PLATFORM: NOAA CSL Mobile Laboratory
LOCATION: The mobile lab was stationed in Salt Lake City, Utah.
ASSOCIATED_DATA: N/A
INSTRUMENT_INFO: CO2, CH4, and CO are reported as dry air mole fractions using a commercial wavelength-scanned cavity ring-down analyzer (Picarro 2401-m). An in-field calibration gas standard of 432±0.07 ppm CO2, 2095±1 ppb CH4, and 183±1 ppb CO, calibrated in the Boulder laboratories before and after the field project using primary CO2, CH4, and CO standard tanks tied to the WMO standard (X2019, X2004A, and X2014A, respectively) from the Global Monitoring Laboratory (GML), was delivered to the inlet every 2-3 days to evaluate instrument sensitivity. A H2O measurement was calibrated before the project with a Dew Point Mirror 373 hygrometer. The water correction calculated from these calibrations was applied to the H2O measurement for the entire campaign. Species are measured at 0.5 Hz and reported as 1-minute averages for stationary measurements.
DATA_INFO: Units: CO2, ppm, dry air mole fraction; CH4, ppb, dry air mole fraction; CO, ppb, dry air mole fraction; H2O, ppmv
UNCERTAINTY: Total uncertainties are estimated as ±0.1 ppm for CO2, ±1 ppb for CH4, ±5 ppb for CO, and ±(50 ppm + 4%) for H2O.
ULOD_FLAG: -7777
ULOD_VALUE: N/A
LLOD_FLAG: -8888
LLOD_VALUE: N/A
DM_CONTACT_INFO: Data Manager: Nathan Howard; nathan.h.howard@noaa.gov
PROJECT_INFO: USOS Dates of Study: July – August 2024
STIPULATIONS_ON_USE: Use of these data require prior ok from PI.
OTHER_COMMENTS: Data are averaged to 1 minute intervals. Stationary data collected from a 10 ft tower on top of the mobile van.
REVISION: R0
R0: Final Data
StartTime_UTC, StopTime_UTC, CO2_ppm_1min, CH4_ppb_1min, CO_ppb_1min, H2O_ppmv_1min
0,60,428.92,1953.2,153.6,13148.2344
60,120,428.41,1955.4,146.5,13912.4414
120,180,428.21,1955.3,145.0,14729.7510
180,240,428.26,1955.9,145.5,15907.8213
240,300,428.32,1958.4,143.6,17068.4531
300,360,427.86,1955.4,139.8,18771.6289
360,420,428.10,1952.8,139.4,20452.6113
420,480,429.23,1952.6,143.7,21051.4629
480,540,431.87,1956.4,149.9,21779.4238
540,600,433.80,1957.2,150.7,21955.9707
600,660,433.47,1955.5,149.6,21244.0410
660,720,432.06,1951.9,141.1,20214.9570
720,780,432.73,1952.5,144.8,20647.2520
780,840,431.13,1949.9,141.2,19435.0781
840,900,428.18,1946.8,128.5,18095.6289
900,960,427.81,1946.7,125.5,17933.7656
960,1020,430.45,1947.7,150.4,18568.5254
1020,1080,430.00,1947.5,152.3,18710.6563
1080,1140,430.44,1950.0,146.4,20655.7695
1140,1200,429.67,1951.8,148.8,19939.1582
1200,1260,430.83,1954.7,145.1,20269.7773
1260,1320,431.48,1957.1,148.0,20632.8262
1320,1380,431.46,1958.2,148.7,20891.0762
1380,1440,431.27,1958.6,155.3,20400.8105
1440,1500,431.21,1958.8,156.5,20347.6445
1500,1560,430.53,1957.2,152.7,19449.8203
1560,1620,431.35,1956.9,149.2,19754.8457
1620,1680,433.42,1959.5,157.6,21288.5273
1680,1740,432.38,1960.8,155.9,20643.8359
1740,1800,432.26,1961.1,155.9,20789.0234
1800,1860,430.97,1960.3,150.0,21322.9004
1860,1920,429.68,1959.4,147.3,20760.5996
1920,1980,429.94,1960.1,149.0,21097.2617
1980,2040,429.93,1958.8,171.1,20351.2324
2040,2100,430.03,1959.0,179.3,20048.5781
2100,2160,429.27,1958.6,147.4,19580.1855
2160,2220,429.17,1958.0,142.1,19437.9531
2220,2280,429.13,1957.6,141.7,19017.6172
2280,2340,429.07,1958.0,141.1,18730.3828
2340,2400,429.73,1958.5,151.4,19172.5957
2400,2460,430.05,1958.5,153.7,19440.9941
2460,2520,429.92,1958.7,154.8,19230.3379
2520,2580,428.57,1958.1,144.4,18527.7305
2580,2640,429.00,1957.8,146.8,18247.9570
2640,2700,428.66,1957.6,146.5,18154.4512
2700,2760,428.88,1956.9,147.9,17573.4492
2760,2820,428.26,1956.0,139.0,16974.7988
2820,2880,427.82,1955.8,134.2,16166.5752
2880,2940,428.25,1956.1,137.0,16101.2734
2940,3000,428.16,1956.2,138.1,16025.2246
3000,3060,428.67,1956.8,138.1,16060.9150
3060,3120,429.79,1957.6,141.9,16566.4531
3120,3180,431.19,1958.2,201.1,17254.9258
3180,3240,431.06,1958.1,335.1,17434.6641
3240,3300,429.77,1957.3,174.4,17176.5566
3300,3360,431.42,1957.3,151.3,17213.5156
3360,3420,431.39,1956.9,144.7,17195.5156
3420,3480,431.08,1957.0,148.5,17048.0957
3480,3540,431.24,1957.1,150.4,17078.6543
3540,3600,430.12,1955.9,146.7,16311.4893
3600,3660,429.47,1955.0,140.7,16219.1357
3660,3720,429.53,1955.6,152.2,16040.9072
3720,3780,430.24,1955.4,151.4,16284.2715
3780,3840,428.79,1954.7,138.7,15735.1758
3840,3900,430.74,1954.5,142.3,15682.6104
3900,3960,430.17,1954.2,141.2,15645.6533
3960,4020,429.98,1953.7,136.5,15685.9600
4020,4080,427.97,1953.1,131.8,15261.4150
4080,4140,428.53,1952.6,136.6,15399.5186
4140,4200,428.19,1951.9,132.7,15189.2617
4200,4260,427.27,1950.7,133.0,14678.1650
4260,4320,428.27,1950.9,140.0,14579.9365
4320,4380,429.10,1951.5,138.8,14787.2998
4380,4440,427.64,1950.9,132.6,14743.0039
4440,4500,428.59,1951.4,135.6,14898.1709
4500,4560,429.51,1951.4,140.9,15191.3008
4560,4620,428.22,1950.8,142.0,14568.6279
4620,4680,429.26,1950.9,141.0,14987.8516
4680,4740,427.42,1950.6,131.3,14685.0107
4740,4800,426.84,1950.5,131.5,14685.3174
4800,4860,427.08,1950.6,129.4,14742.3271
4860,4920,426.82,1950.0,130.1,14651.5674
4920,4980,427.72,1950.2,142.8,14933.0859
4980,5040,427.33,1949.8,144.9,14578.0488
5040,5100,428.61,1949.8,143.2,14705.8018
5100,5160,427.35,1949.4,154.4,14376.7100
5160,5220,427.20,1948.1,134.2,13964.4463
5220,5280,429.82,1948.3,128.6,14192.6660
5280,5340,428.64,1949.2,139.2,14562.4795
5340,5400,427.89,1949.0,139.1,14390.2188
5400,5460,427.78,1947.4,133.1,14262.9492
5460,5520,427.26,1947.2,150.3,13941.5293
5520,5580,427.37,1946.5,155.7,13678.8789
5580,5640,427.65,1945.4,163.4,13327.0693
5640,5700,426.09,1945.1,128.9,13168.7959
5700,5760,428.19,1946.2,132.8,13643.5586
5760,5820,426.09,1945.2,123.5,13386.5420
5820,5880,426.12,1944.7,128.1,13104.1387
5880,5940,430.06,1945.2,131.8,13522.1318
5940,6000,428.92,1945.9,130.8,13412.7773
6000,6060,428.23,1945.5,132.6,13420.8213
6060,6120,426.37,1944.3,138.5,12671.7910
6120,6180,428.04,1945.0,135.2,12834.1328
6180,6240,429.29,1944.7,177.1,12801.2949
6240,6300,432.39,1946.1,171.8,13455.2021
6300,6360,427.86,1945.2,139.9,13049.6748
6360,6420,426.79,1944.9,136.8,12825.0664
6420,6480,427.41,1945.3,149.5,12952.5889
6480,6540,425.72,1944.6,124.4,12800.2646
6540,6600,426.92,1946.2,160.1,12907.5645
6600,6660,427.09,1946.5,138.7,13058.4521
6660,6720,427.45,1946.3,130.4,13218.3428
6720,6780,427.27,1945.9,128.0,13141.9297
6780,6840,426.35,1946.1,125.9,13130.9365
6840,6900,426.79,1946.8,138.9,13205.9229
6900,6960,426.68,1946.4,127.2,13242.4844
6960,7020,426.13,1946.8,123.5,13208.6074
7020,7080,426.42,1947.7,155.6,13348.6201
7080,7140,426.74,1947.9,136.3,13363.5781
7140,7200,426.76,1948.0,127.4,13592.2764
7200,7260,426.33,1948.6,128.8,13591.9873
7260,7320,426.98,1948.3,128.1,13554.0352
7320,7380,427.10,1948.4,134.4,13564.3828
7380,7440,427.77,1948.7,153.4,13544.9082
7440,7500,426.79,1947.7,128.9,13362.1123
7500,7560,428.01,1947.7,130.7,13351.4297
7560,7620,427.67,1947.0,126.2,13269.2803
7620,7680,426.90,1946.1,124.7,12925.5303
7680,7740,426.79,1946.0,134.6,12804.2188
7740,7800,427.09,1945.9,146.1,12754.0449
7800,7860,427.76,1945.6,133.4,12757.4805
7860,7920,-9999,-9999,-9999,-9999
7920,7980,-9999,-9999,-9999,-9999
7980,8040,-9999,-9999,-9999,-9999
8040,8100,-9999,-9999,-9999,-9999
8100,8160,-9999,-9999,-9999,-9999
8160,8220,-9999,-9999,-9999,-9999
8220,8280,-9999,-9999,-9999,-9999
8280,8340,427.71,1946.3,136.1,12596.1582
8340,8400,428.00,1946.7,140.7,12660.7090
8400,8460,428.87,1946.4,134.4,12598.4336
8460,8520,427.58,1945.6,124.7,12465.6670
8520,8580,427.99,1946.2,125.5,12648.9951
8580,8640,427.29,1945.7,127.4,12653.8135
8640,8700,427.88,1945.6,129.5,12749.3691
8700,8760,427.63,1945.3,134.2,12575.1719
8760,8820,427.22,1945.5,129.3,12638.3486
8820,8880,428.34,1945.7,140.1,12603.0400
8880,8940,429.94,1946.1,176.4,12732.7158
8940,9000,428.15,1945.8,169.5,12626.6426
9000,9060,429.71,1945.7,150.3,12634.0332
9060,9120,429.41,1945.3,158.0,12645.4932
9120,9180,429.20,1945.3,137.2,12691.7998
9180,9240,428.21,1945.4,133.7,12832.2451
9240,9300,428.95,1946.0,148.1,12965.1602
9300,9360,426.99,1945.2,139.1,12750.6904
9360,9420,426.81,1944.9,132.7,12672.3447
9420,9480,428.11,1945.2,132.5,12833.2520
9480,9540,428.36,1945.4,133.4,12848.5879
9540,9600,428.37,1945.6,132.9,12866.6133
9600,9660,427.05,1945.5,151.5,12728.9170
9660,9720,427.73,1945.5,135.8,12758.4678
9720,9780,428.30,1945.9,133.7,12934.1201
9780,9840,427.56,1945.7,134.7,12806.5498
9840,9900,427.07,1945.6,131.9,12729.3125
9900,9960,427.28,1945.7,131.4,12743.1553
9960,10020,428.07,1945.7,139.5,12712.9736
10020,10080,426.94,1945.3,130.7,12560.4434
10080,10140,428.90,1945.9,147.5,12616.7383
10140,10200,429.16,1946.2,140.6,12671.3545
10200,10260,427.99,1945.9,141.6,12492.3506
10260,10320,426.93,1945.5,125.9,12353.7070
10320,10380,427.84,1945.6,125.8,12402.7617
10380,10440,429.14,1945.9,129.9,12500.8926
10440,10500,427.95,1945.6,131.3,12460.1758
10500,10560,429.05,1945.5,129.1,12515.0342
10560,10620,428.70,1945.6,126.9,12452.1719
10620,10680,428.24,1946.2,122.1,12438.8242
10680,10740,428.28,1946.2,120.5,12474.5039
10740,10800,429.22,1946.1,124.0,12561.4961
10800,10860,429.08,1946.0,126.2,12399.8193
10860,10920,429.11,1945.7,128.2,12476.6494
10920,10980,428.94,1946.1,133.4,12420.4863
10980,11040,428.43,1945.9,128.4,12390.2490
11040,11100,429.86,1946.2,125.3,12526.5693
11100,11160,428.83,1945.8,124.1,12321.1611
11160,11220,429.39,1946.1,129.3,12394.9873
11220,11280,429.44,1946.2,129.6,12372.6953
11280,11340,428.80,1946.1,125.7,12342.7412
11340,11400,428.45,1946.4,122.9,12326.0254
11400,11460,429.07,1946.5,125.7,12325.9746
11460,11520,430.60,1946.3,128.6,12393.9561
11520,11580,431.13,1946.6,128.2,12473.0508
11580,11640,429.15,1946.6,124.4,12357.0049
11640,11700,429.71,1946.6,125.2,12345.8867
11700,11760,429.96,1946.5,123.3,12460.7656
11760,11820,429.10,1946.7,124.7,12324.3643
11820,11880,428.89,1946.2,122.0,12371.1494
11880,11940,428.44,1946.1,122.6,12321.4912
11940,12000,429.04,1946.1,126.0,12380.5098
12000,12060,428.06,1945.9,122.7,12311.6035
12060,12120,428.09,1946.0,123.6,12308.7871
12120,12180,427.85,1945.5,120.1,12212.7871
12180,12240,429.09,1946.0,125.5,12385.1641
12240,12300,428.35,1946.2,130.6,12348.9443
12300,12360,428.38,1946.2,127.1,12338.9893
12360,12420,428.70,1946.6,120.3,12325.9844
12420,12480,429.12,1946.8,121.0,12418.3154
12480,12540,428.60,1946.5,124.9,12371.2520
12540,12600,428.45,1946.8,123.6,12421.6816
12600,12660,429.37,1946.9,122.4,12517.1797
12660,12720,428.43,1946.8,124.9,12452.9561
12720,12780,429.79,1947.4,134.8,12603.6504
12780,12840,428.34,1946.9,123.7,12500.3896
12840,12900,430.79,1947.4,124.5,12753.3770
12900,12960,430.34,1947.5,122.9,13519.1084
12960,13020,429.49,1947.8,123.6,13035.6133
13020,13080,429.35,1947.2,132.0,13081.1162
13080,13140,428.43,1946.6,122.3,12819.6543
13140,13200,428.47,1947.0,123.6,12743.4043
13200,13260,429.14,1947.3,122.2,13510.0293
13260,13320,429.67,1947.7,127.1,12902.3867
13320,13380,430.40,1947.1,151.8,13529.9648
13380,13440,429.51,1947.4,135.7,13108.4951
13440,13500,428.75,1947.4,122.9,12962.8369
13500,13560,429.34,1947.3,124.4,13396.5723
13560,13620,428.81,1947.5,127.9,12909.2568
13620,13680,428.30,1947.4,121.3,12797.3682
13680,13740,428.49,1947.6,119.1,13225.4941
13740,13800,428.83,1947.8,121.1,12853.3887
13800,13860,430.12,1948.2,126.9,13114.8896
13860,13920,429.74,1948.3,128.1,13025.8057
13920,13980,429.36,1948.2,125.4,12953.8154
13980,14040,429.24,1948.0,125.5,13004.6621
14040,14100,428.56,1947.9,123.1,12904.9219
14100,14160,429.08,1947.8,122.0,13463.6895
14160,14220,429.72,1947.8,127.5,13514.6387
14220,14280,430.31,1948.0,129.0,13499.8799
14280,14340,430.00,1948.1,125.4,13433.8799
14340,14400,429.40,1947.8,125.6,13375.6563
14400,14460,429.97,1948.2,130.7,13319.4199
14460,14520,428.47,1947.9,125.7,12930.1318
14520,14580,429.04,1947.6,140.5,13009.0205
14580,14640,429.21,1947.9,127.4,13208.8184
14640,14700,429.03,1948.1,125.6,13017.2344
14700,14760,429.23,1948.1,122.9,13507.3809
14760,14820,428.71,1947.9,123.3,12973.7646
14820,14880,428.87,1947.8,128.4,13178.4824
14880,14940,429.07,1947.9,127.9,13794.9668
14940,15000,430.62,1948.4,140.4,13299.8496
15000,15060,429.39,1948.0,134.4,13049.0693
15060,15120,429.40,1947.8,126.7,13279.9092
15120,15180,428.76,1947.9,128.6,12912.9824
15180,15240,429.09,1948.4,131.5,13041.7842
15240,15300,428.70,1948.5,125.2,12829.1670
15300,15360,429.41,1948.2,124.5,13021.9443
15360,15420,429.59,1948.0,124.8,13129.7910
15420,15480,429.56,1947.6,122.8,13257.4404
15480,15540,430.93,1948.0,152.7,13315.5391
15540,15600,429.71,1947.3,128.0,13203.3281
15600,15660,430.35,1947.2,125.2,13169.3975
15660,15720,429.22,1946.8,121.6,13222.0859
15720,15780,429.16,1946.8,125.1,12958.7617
15780,15840,429.00,1946.5,129.3,12778.3389
15840,15900,429.60,1946.8,136.8,12669.7393
15900,15960,429.74,1946.4,127.0,12751.7930
15960,16020,429.83,1946.9,124.3,12773.9844
16020,16080,429.83,1946.5,126.5,12574.9297
16080,16140,429.56,1946.7,122.7,12717.0303
16140,16200,429.10,1946.2,122.3,12486.3643
16200,16260,429.40,1946.2,125.7,12631.7637
16260,16320,430.46,1946.3,139.0,12586.4971
16320,16380,429.55,1946.3,129.1,12508.0693
16380,16440,429.65,1946.2,121.5,12495.4639
16440,16500,430.47,1946.3,137.5,12659.0586
16500,16560,430.58,1946.5,127.3,12527.1309
16560,16620,429.59,1946.5,124.0,12435.4648
16620,16680,429.24,1946.5,121.3,12460.3389
16680,16740,429.68,1946.7,124.3,12429.3154
16740,16800,430.96,1947.1,128.8,12694.0527
16800,16860,429.84,1947.3,128.2,12527.3018
16860,16920,429.88,1947.4,126.1,12451.2695
16920,16980,429.61,1947.0,121.7,12351.6182
16980,17040,430.03,1946.9,121.5,12352.8779
17040,17100,430.76,1946.6,121.2,12596.7803
17100,17160,429.41,1946.3,122.3,12344.9004
17160,17220,430.30,1946.8,135.9,12626.3594
17220,17280,430.96,1946.8,138.0,12491.0762
17280,17340,431.50,1947.2,138.3,12576.9453
17340,17400,429.55,1946.4,125.6,12393.8389
17400,17460,429.54,1946.3,127.4,12321.8662
17460,17520,429.86,1947.2,136.3,12443.5781
17520,17580,429.57,1946.8,125.6,12292.3369
17580,17640,429.90,1947.2,129.8,12374.8369
17640,17700,430.18,1947.2,164.1,12446.6309
17700,17760,429.89,1946.9,129.3,12473.7119
17760,17820,429.78,1946.5,125.6,12447.2451
17820,17880,430.37,1946.9,125.3,12489.2266
17880,17940,429.61,1946.7,122.3,12232.1729
17940,18000,429.53,1946.7,125.7,12262.5830
18000,18060,429.60,1946.5,125.4,12285.2207
18060,18120,429.73,1946.8,126.5,12208.7148
18120,18180,430.65,1946.9,144.0,12408.0742
18180,18240,429.37,1946.2,124.8,12198.1670
18240,18300,429.69,1946.3,122.8,12357.8848
18300,18360,429.80,1946.5,125.0,12412.3457
18360,18420,430.00,1946.5,127.2,12370.7217
18420,18480,429.71,1946.5,124.0,12348.3184
18480,18540,429.46,1946.0,124.0,12289.8096
18540,18600,428.91,1945.5,120.0,12179.8340
18600,18660,429.19,1945.9,120.6,12304.1943
18660,18720,429.32,1946.0,123.0,12237.3984
18720,18780,429.78,1946.3,123.7,12231.6182
18780,18840,432.36,1946.5,127.2,12219.5645
18840,18900,431.40,1946.6,128.9,12312.5439
18900,18960,431.28,1946.8,130.6,12387.1035
18960,19020,431.57,1946.8,129.2,12591.1416
19020,19080,430.46,1946.9,122.1,12253.7568
19080,19140,430.14,1947.0,122.8,12129.3799
19140,19200,429.57,1946.3,121.5,12143.2559
19200,19260,429.47,1946.5,120.6,12088.7705
19260,19320,430.34,1946.3,123.5,12388.6660
19320,19380,429.75,1946.2,119.8,12167.1191
19380,19440,430.48,1946.3,119.7,12435.6416
19440,19500,429.71,1946.2,120.6,12108.8193
19500,19560,429.71,1946.0,121.1,12206.7373
19560,19620,429.57,1945.9,118.9,12137.4258
19620,19680,429.55,1946.0,118.8,12212.8828
19680,19740,430.02,1946.2,124.1,12333.2979
19740,19800,430.87,1946.9,130.4,12188.1963
19800,19860,429.92,1946.4,122.1,12269.6367
19860,19920,430.49,1947.1,121.2,12402.0117
19920,19980,430.52,1946.9,122.0,12398.4707
19980,20040,430.03,1946.8,121.6,12259.1484
20040,20100,429.70,1946.3,120.5,12180.9502
20100,20160,429.51,1946.2,120.5,12187.9492
20160,20220,430.52,1946.1,144.8,12346.5420
20220,20280,432.17,1946.5,150.2,12672.2959
20280,20340,431.37,1946.7,132.1,12456.6709
20340,20400,430.80,1946.6,128.0,12292.5693
20400,20460,430.92,1946.5,124.1,12236.9268
20460,20520,429.91,1946.3,121.9,12189.4219
20520,20580,431.55,1946.6,121.0,12557.1533
20580,20640,429.62,1946.4,120.4,12164.2148
20640,20700,431.58,1946.9,120.4,12344.7793
20700,20760,430.87,1946.8,120.5,12223.1064
20760,20820,430.39,1946.4,122.8,12167.2061
20820,20880,431.85,1947.1,129.9,12378.5889
20880,20940,430.70,1947.4,128.0,12239.6035
20940,21000,431.04,1947.7,126.6,12392.6484
21000,21060,431.61,1948.6,127.6,12529.2363
21060,21120,431.11,1948.8,128.3,12534.9072
21120,21180,433.47,1950.8,137.7,12681.1426
21180,21240,434.52,1952.7,146.9,12597.3809
21240,21300,434.70,1954.9,166.1,12560.0010
21300,21360,434.74,1956.4,168.1,12390.8506
21360,21420,434.93,1956.4,162.8,12479.1533
21420,21480,437.14,1954.2,156.9,12536.6328
21480,21540,431.10,1949.8,136.7,11948.7148
21540,21600,430.59,1948.1,176.7,11812.2129
21600,21660,439.14,1956.9,252.3,12621.4932
21660,21720,438.76,1961.8,263.7,12852.5313
21720,21780,440.42,1964.2,256.6,12816.8477
21780,21840,436.32,1965.6,169.6,12746.3145
21840,21900,438.02,1964.4,168.1,12551.5020
21900,21960,435.33,1960.6,159.0,12440.4717
21960,22020,434.49,1960.3,148.4,12408.5898
22020,22080,437.03,1962.3,174.9,12640.3398
22080,22140,437.37,1963.8,245.1,12559.7500
22140,22200,435.24,1962.7,158.1,12474.0938
22200,22260,437.17,1963.4,159.4,12626.0449
22260,22320,435.51,1962.1,153.4,12476.3535
22320,22380,435.79,1960.7,149.5,12560.7559
22380,22440,434.06,1958.3,148.0,12402.3496
22440,22500,435.21,1958.1,147.7,12507.4453
22500,22560,434.88,1957.3,146.3,12540.2588
22560,22620,435.67,1957.1,151.6,12515.8633
22620,22680,436.60,1956.5,151.9,12531.5352
22680,22740,435.34,1955.5,150.6,12503.7793
22740,22800,435.87,1955.9,146.9,12549.2051
22800,22860,436.15,1956.1,144.7,12554.8848
