CampaignData_and_Merges/R0/CSL_MobileLab_Parked/raw/20240810/USOS-HCHO_MobileLabGround_20240810_R0.ict
35,1001
Huang, Yaoxian
Wayne State University
Picarro G2307 on CSL Mobile Lab
USOS
1,1
2024,08,10,2024,08,13
1.0
Time_Start,seconds_since_midnight,number_of_seconds_since_0000_UTC
3
1.0,1.0,1.0
-9999.0,-9999.0,-9999.0
HCHO,ppbv,Gas_HCHO_InSitu_S_AVMR,volume mixing ratio of formaldehyde in air
H2O,ppmv,Gas_H2O_InSitu_S_AVMR,volume mixing ratio of water vapor in air
CH4,ppmv,Gas_CH4_InSitu_S_AVMR,volume mixing ratio of methane in air
0
18
PI_CONTACT_INFO: yaoxian.huang@wayne.edu
PLATFORM: CSL Mobile Lab, at Ground Site
LOCATION: Salt Lake City, UT
ASSOCIATED_DATA: N/A
INSTRUMENT_INFO: Cavity Ring-Down Spectrometer
DATA_INFO: Data is averaged to 1 minute intervals for stationary and 1 second interval for driving. Stationary data collected from a 20 ft tower on top of the mobile lab.
UNCERTAINTY: N/A
ULOD_FLAG: -7777
ULOD_VALUE: N/A
LLOD_FLAG: -8888
LLOD_VALUE: N/A
DM_CONTACT_INFO: Yaoxian Huang; yaoxian.huang@wayne.edu
PROJECT_INFO: USOS, Summer 2024. https://csl.noaa.gov/groups/csl7/measurements/2024usos/
STIPULATIONS_ON_USE: Users are strongly encouraged to contact the PI for proper data usage.
OTHER_COMMENTS: Data have been shifted backwards by 1 minute to align with USOS MetNav and Picarro GHG data.
REVISION: R0
R0: Final Data
Time_Start,HCHO,H2O,CH4
[from data line 541]
32460,1.60475,12266.7,1.92378
32520,1.7773,12717.6,1.9297
32580,1.23701,12000.4,1.91572
32640,1.31258,11819.0,1.90953
32700,1.34443,11966.7,1.91645
32760,0.947267,11797.9,1.90721
32820,1.12932,11813.0,1.90784
32880,1.40652,11998.1,1.90739
32940,1.5577,12340.4,1.92264
33000,1.2344,11915.3,1.91098
33060,1.15432,11792.7,1.91085
33120,1.52205,12203.2,1.91397
33180,1.34255,12141.3,1.91436
33240,1.35047,12054.8,1.91214
33300,1.47618,12141.9,1.91578
33360,1.4601,12300.6,1.91698
33420,1.57405,12340.7,1.92025
33480,1.4702,12175.1,1.91754
33540,1.42356,11994.6,1.91232
33600,1.14719,12001.9,1.91134
33660,1.35008,12281.3,1.91569
33720,1.39791,12166.1,1.91641
33780,1.25564,12133.8,1.91662
33840,1.54586,12411.1,1.92157
33900,1.53015,12261.5,1.92101
33960,1.44147,12298.3,1.93271
34020,1.54939,12174.2,1.9243
34080,1.48772,12114.3,1.91689
34140,1.29928,12085.5,1.91706
34200,1.28907,12051.2,1.91429
34260,1.38723,12134.8,1.91362
34320,1.15496,11918.5,1.91328
34380,0.979906,11901.9,1.91179
34440,1.33223,11967.4,1.91154
34500,0.937704,12003.3,1.91293
34560,1.36314,11954.5,1.90886
34620,1.32598,11964.4,1.90989
34680,1.49497,11952.6,1.90923
34740,1.34644,12042.7,1.9069
34800,1.34531,11917.7,1.90902
34860,1.29165,11975.2,1.90828
34920,1.02117,11838.3,1.90976
34980,0.998709,11973.9,1.90815
35040,1.30542,11992.1,1.91119
35100,1.17765,11947.2,1.91054
35160,1.40466,12077.6,1.91101
35220,1.27693,12033.4,1.90885
35280,1.45258,12084.6,1.90918
35340,1.38021,12056.0,1.90868
35400,1.19633,12044.0,1.90993
35460,1.24015,12117.4,1.90744
35520,1.21225,12082.6,1.91058
35580,1.40828,11973.4,1.91054
35640,1.08473,12082.1,1.90895
35700,1.34916,11992.0,1.9088
35760,1.54518,11987.0,1.91028
35820,1.28277,12019.5,1.91052
35880,1.50612,12027.3,1.9121
35940,1.53697,12176.9,1.91447
36000,1.35113,12039.2,1.91155
36060,1.26019,12654.3,1.91442
36120,1.26101,12269.9,1.91586
36180,1.43242,12129.6,1.91619
36240,1.57733,12223.7,1.91698
36300,1.30865,12251.6,1.91781
36360,1.53453,12543.3,1.91478
36420,1.60991,12587.7,1.9214
36480,1.47409,12321.1,1.91978
36540,1.64852,12362.1,1.92138
36600,1.76742,12401.3,1.92234
36660,1.44206,12537.2,1.91825
36720,1.41982,12296.6,1.9142
36780,1.11203,12089.8,1.91072
36840,1.43438,12132.0,1.90913
36900,1.42157,12100.7,1.91126
36960,1.26045,12204.1,1.91299
37020,1.47656,12394.1,1.91825
37080,1.37737,12460.8,1.92193
37140,1.57713,12440.8,1.92261
37200,1.72412,12466.3,1.92202
37260,1.45516,12469.8,1.92157
37320,1.26963,12358.6,1.91458
37380,1.48559,12333.9,1.91521
37440,1.2407,12269.9,1.9122
37500,1.42228,12164.6,1.91022
37560,1.27029,12208.3,1.90975
37620,1.31128,12135.7,1.9101
37680,1.26507,12098.1,1.90912
37740,1.41712,12210.4,1.91038
37800,1.7548,12229.4,1.91222
37860,1.24976,12208.3,1.90951
37920,1.3565,12154.6,1.9098
37980,1.09525,12041.1,1.90857
38040,1.30438,11985.1,1.90613
38100,1.25617,12057.9,1.90833
38160,1.36779,12090.4,1.90695
38220,1.35962,12070.6,1.90825
38280,1.36035,12136.8,1.90955
38340,1.17127,12117.1,1.90755
38400,1.57603,12181.9,1.90835
38460,1.39358,12077.2,1.9069
38520,1.16953,12176.4,1.90908
38580,1.16498,12278.7,1.90921
38640,1.11385,12137.3,1.90588
38700,1.33094,12118.1,1.90717
38760,1.15548,12129.8,1.90819
38820,1.09373,12186.6,1.90811
38880,1.33031,12221.5,1.90852
38940,1.51443,12264.7,1.90954
39000,1.25281,12265.9,1.90933
39060,1.21343,12401.5,1.91257
39120,1.18972,12387.9,1.90994
39180,1.37154,12392.3,1.90916
39240,1.06534,12416.9,1.91269
39300,1.02498,12337.4,1.90869
39360,1.48085,12326.3,1.91009
39420,1.25352,12360.5,1.92311
39480,1.44194,12284.3,1.9165
39540,1.09272,12287.9,1.91838
39600,1.32083,12316.2,1.91806
39660,1.39926,12377.2,1.91746
39720,1.35421,12438.9,1.92287
39780,1.67433,12496.9,1.92366
39840,1.56563,12464.0,1.91848
39900,1.15951,12426.4,1.91797
39960,1.23142,12471.8,1.91855
40020,1.15289,12397.3,1.91497
40080,1.55875,12421.0,1.91972
40140,1.5131,12530.3,1.92016
40200,1.4733,12549.7,1.91994
40260,1.35542,12512.7,1.92166
40320,1.41477,12557.8,1.91936
40380,1.29094,12412.0,1.91367
40440,1.46352,12420.5,1.9144
40500,1.32869,12490.0,1.91515
40560,1.57922,12639.4,1.92279
40620,1.6603,12665.5,1.92441
40680,1.42453,12500.7,1.91784
40740,1.19903,12310.4,1.90856
40800,1.29121,12407.2,1.90777
40860,1.38001,12361.6,1.90951
40920,1.403,12286.7,1.90619
40980,1.39456,12297.2,1.90834
41040,1.49291,12369.5,1.90994
41100,1.10785,12458.3,1.91058
41160,1.23514,12315.2,1.90922
41220,1.14063,12467.6,1.90878
41280,1.12175,12447.1,1.91005
41340,1.38165,12448.7,1.9136
41400,1.35183,12572.2,1.91211
41460,1.49575,12594.4,1.91556
41520,1.4126,12575.3,1.91629
41580,1.21353,12500.4,1.91459
41640,1.27485,12569.9,1.91474
41700,1.24368,12525.5,1.91408
41760,1.31599,12566.0,1.91477
41820,1.32998,12551.8,1.91376
41880,1.35777,12533.9,1.91591
41940,1.34928,12593.2,1.91562
42000,1.31931,12576.3,1.91227
42060,1.1917,12691.4,1.91263
42120,1.62315,12635.1,1.91492
42180,1.19998,12567.9,1.91621
42240,1.29562,12568.4,1.91726
42300,1.46963,12731.7,1.91726
42360,1.53552,12685.4,1.92243
42420,1.20332,12704.8,1.92104
42480,1.35241,12577.4,1.91795
42540,1.13908,12651.1,1.91752
42600,1.26401,12661.4,1.91779
42660,1.45438,12731.5,1.91846
42720,1.36717,12665.1,1.91816
42780,1.48327,12643.6,1.9201
42840,1.58911,12572.7,1.91765
42900,1.22107,12689.9,1.91555
42960,1.33817,12686.2,1.91405
43020,1.41507,12650.4,1.91273
43080,1.47491,12544.9,1.91251
43140,1.53909,12578.5,1.91461
43200,1.4789,12577.6,1.91692
43260,1.34158,12582.3,1.91828
43320,1.41885,12617.6,1.91526
43380,1.2926,12601.6,1.91359
43440,1.28552,12619.4,1.91263
43500,1.30092,12509.7,1.90761
43560,1.31867,12410.1,1.9056
43620,1.47973,12429.3,1.90692
43680,1.28917,12430.1,1.90797
43740,1.4271,12409.6,1.90589
43800,1.22813,12362.5,1.90754
43860,1.20268,12409.9,1.90594
43920,1.41661,12417.8,1.90874
43980,1.20961,12458.3,1.90681
44040,1.38216,12523.1,1.90724
44100,1.33441,12520.8,1.90947
44160,1.44678,12550.3,1.90671
44220,1.33898,12618.7,1.90967
44280,1.12402,12640.9,1.90705
44340,1.34219,12555.2,1.90598
44400,1.29677,12517.0,1.90356
44460,1.21914,12543.2,1.90862
44520,1.21541,12590.4,1.90827
44580,1.27209,12617.7,1.91244
44640,1.38255,12538.5,1.90856
44700,1.34769,12558.7,1.90965
44760,1.31132,12663.2,1.91355
44820,1.39555,12634.7,1.91145
44880,1.37901,12735.6,1.91537
44940,1.3555,12639.3,1.916
45000,1.21855,12552.5,1.9091
45060,1.26141,12394.6,1.90921
45120,1.35561,12509.3,1.90788
45180,1.34351,12802.9,1.90766
45240,1.34765,12784.0,1.90976
45300,1.18012,12540.0,1.91233
45360,1.39945,12747.3,1.91385
45420,1.38113,12623.0,1.91222
45480,1.30197,12555.3,1.91046
45540,1.27472,12515.3,1.91034
45600,1.18849,12514.9,1.90636
45660,1.24422,12562.2,1.90848
45720,1.32863,12675.0,1.91338
45780,1.46438,12606.4,1.91215
45840,1.34615,12540.1,1.91208
45900,1.60009,12663.2,1.914
45960,1.52729,12823.3,1.91379
46020,1.89089,12924.0,1.92173
46080,1.50635,13054.5,1.92329
46140,1.6297,12830.7,1.91941
46200,1.38816,12999.9,1.92153
46260,1.58755,13028.2,1.92178
46320,1.49693,12942.2,1.9223
46380,1.39267,13046.8,1.9268
46440,1.65059,12884.7,1.92002
46500,1.54124,12837.8,1.91325
46560,1.63361,12925.1,1.91312
46620,1.70329,12885.0,1.91294
46680,1.55086,12889.3,1.91222
46740,1.53662,12870.7,1.91527
46800,1.4515,12765.5,1.91175
46860,1.30402,12827.2,1.91104
46920,1.1646,12740.6,1.91023
46980,1.22778,12693.7,1.90886
47040,1.26358,12673.1,1.90941
47100,1.40113,12790.1,1.91454
47160,1.29538,12854.7,1.91327
47220,1.20765,12932.3,1.91606
47280,1.26845,12992.6,1.91143
47340,1.63883,13063.1,1.91441
47400,1.33635,12934.8,1.91384
47460,1.41172,12785.3,1.91178
47520,1.50711,12805.6,1.91594
47580,1.35059,12808.8,1.91452
47640,1.36964,12803.2,1.91438
47700,1.49239,12843.8,1.91314
47760,1.22519,12816.3,1.91211
47820,1.29986,12832.3,1.91122
47880,1.5559,13104.8,1.91889
47940,1.41118,13051.5,1.92959
48000,1.53246,13056.0,1.93515
48060,1.51861,12956.5,1.93063
48120,1.23249,12950.6,1.91586
48180,1.52073,12894.4,1.91732
48240,1.34579,13017.4,1.91628
48300,1.49815,13185.4,1.91652
48360,1.77845,13410.3,1.91809
48420,1.6927,13512.2,1.92027
48480,1.41793,13152.3,1.91521
48540,1.63465,13125.1,1.91995
48600,1.5107,13205.2,1.92065
48660,1.57231,13123.6,1.91902
48720,1.58196,13143.2,1.91753
48780,1.48318,13003.3,1.91555
48840,1.60044,13058.9,1.91543
48900,1.48296,13200.7,1.91921
48960,1.53347,13318.1,1.91889
49020,1.5722,13408.1,1.9196
49080,1.53302,13295.1,1.91326
49140,1.43855,13151.5,1.90899
49200,1.41049,13230.9,1.91196
49260,1.28154,13106.5,1.90917
49320,1.19234,13181.4,1.90965
49380,1.42763,13351.0,1.90976
49440,1.23381,13247.3,1.91349
49500,1.37442,13346.8,1.90922
49560,1.43495,13418.6,1.91371
49620,1.49664,13316.8,1.90972
49680,1.49274,13219.3,1.90983
49740,1.38365,13376.6,1.90906
49800,1.32944,13299.2,1.9093
49860,1.58534,13387.5,1.90904
49920,1.15866,13350.2,1.91014
49980,1.48662,13466.3,1.90804
50040,1.46806,13422.7,1.90726
50100,1.60964,13473.7,1.90867
50160,1.57738,13391.6,1.90788
50220,1.34917,13293.3,1.90797
50280,1.24978,13371.0,1.91041
50340,1.47548,13439.3,1.91095
50400,1.82298,13477.6,1.90796
50460,1.68732,13614.1,1.90842
50520,1.68125,13440.4,1.90684
50580,1.54387,13547.5,1.90676
50640,1.48931,13527.7,1.90589
50700,1.54092,13575.7,1.90704
50760,1.43695,13364.9,1.90576
50820,1.43794,13473.4,1.90566
50880,1.7217,13565.3,1.90366
50940,1.58664,13613.7,1.90518
51000,1.47469,13468.1,1.90775
51060,1.66992,13788.7,1.90665
51120,1.59103,13588.8,1.90944
51180,1.70256,13643.2,1.90926
51240,1.66103,13550.6,1.9096
51300,1.66639,13404.8,1.91024
51360,1.47042,13405.6,1.91261
51420,1.89971,13756.2,1.92057
51480,1.8918,13779.0,1.91972
51540,1.6476,14056.0,1.91515
51600,1.97689,13937.0,1.9171
51660,1.96925,14148.5,1.90867
51720,1.92017,14350.1,1.91004
51780,1.96225,14205.4,1.91327
51840,1.79661,14350.5,1.91524
51900,1.80213,14390.6,1.91729
51960,2.09049,14352.2,1.91879
52020,1.97109,14699.2,1.91857
52080,1.94702,14484.5,1.91817
52140,2.054,14707.3,1.92268
52200,2.18032,14393.4,1.92454
52260,1.97701,13941.9,1.92408
52320,1.77054,13632.3,1.92329
52380,2.11132,13662.1,1.92384
52440,1.97419,13544.6,1.91993
52500,2.00757,13569.2,1.92209
52560,2.19583,13706.5,1.92191
52620,1.86528,13386.3,1.9195
52680,2.17608,13514.2,1.91925
52740,2.02772,13664.0,1.91853
52800,2.05785,13997.6,1.91918
52860,2.25138,13811.8,1.91963
52920,2.09373,13661.3,1.92041
52980,2.1276,13578.5,1.91855
53040,2.09015,13597.6,1.92154
53100,2.34709,13774.4,1.9197
53160,2.38711,13759.6,1.91899
53220,2.12753,13405.3,1.91899
53280,2.08748,13974.3,1.91644
53340,2.191,13669.4,1.91839
53400,1.82788,13770.5,1.9172
53460,2.13479,13794.6,1.9178
53520,2.15597,13611.9,1.91641
53580,2.1466,13504.5,1.91287
53640,2.3491,13510.8,1.91683
53700,2.17219,13264.6,1.91062
53760,1.82977,13170.1,1.913
53820,2.09394,13198.8,1.91295
53880,2.15323,13539.0,1.91302
53940,2.06342,13776.9,1.91265
54000,1.92833,13532.3,1.91311
54060,2.10247,13640.8,1.91665
54120,2.28025,13741.1,1.91679
54180,2.46866,13719.6,1.91371
54240,2.50066,14007.9,1.9172
54300,2.46608,14083.4,1.91983
54360,2.59826,14215.0,1.91828
54420,2.36498,14390.3,1.91967
54480,2.69534,14478.8,1.92132
54540,2.73059,14661.3,1.9256
54600,2.82567,14866.0,1.92567
54660,2.89158,15002.3,1.92764
54720,3.05487,15124.0,1.92918
54780,3.15555,15237.4,1.92886
54840,3.17603,14868.0,1.92934
54900,3.12444,14693.1,1.92639
54960,3.20701,14778.4,1.92459
55020,3.17003,15167.3,1.92592
55080,3.20958,14852.4,1.92123
55140,3.22388,14724.6,1.92269
55200,3.32753,14690.9,1.92443
55260,3.0166,14510.1,1.92003
55320,2.83721,14031.5,1.91467
55380,2.71766,14181.6,1.91488
55440,2.66944,13848.7,1.91305
55500,2.61633,14173.7,1.91544
55560,3.05437,14272.0,1.91539
55620,2.92952,14058.5,1.916
55680,3.19166,14338.3,1.91442
55740,2.88547,14655.4,1.91856
55800,3.19307,14520.8,1.91473
55860,2.95121,14146.4,1.91363
55920,2.76537,14189.1,1.91325
55980,3.10267,14284.1,1.91427
56040,3.13537,14421.2,1.91501
56100,2.62204,14560.2,1.91332
56160,2.8649,14828.9,1.91352
56220,2.80151,14836.3,1.9136
56280,2.70829,15111.6,1.91378
56340,2.65508,15041.9,1.91319
56400,2.54711,15125.2,1.91198
56460,2.86149,15353.0,1.91404
56520,2.96937,15110.8,1.91207
56580,2.60732,15019.0,1.91013
56640,2.65301,15191.2,1.91509
56700,2.36873,15427.6,1.91835
56760,2.30795,15456.6,1.91399
56820,2.288,15367.4,1.91387
56880,2.6975,15711.4,1.91517
56940,2.53974,15959.5,1.91721
57000,2.37851,15836.5,1.91786
57060,2.45809,16136.2,1.91518
57120,2.9701,16517.5,1.917
57180,2.56286,17024.7,1.91267
57240,2.43801,15879.2,1.91414
57300,2.43339,15615.1,1.91356
57360,2.3044,15194.4,1.9119
57420,2.42033,15051.9,1.91203
57480,2.49947,15776.9,1.91457
57540,2.64271,15512.6,1.91524
57600,2.48686,15244.8,1.91335
57660,2.57148,15311.0,1.91336
57720,2.80962,15675.3,1.91255
57780,2.54135,15823.7,1.90934
57840,2.65338,15189.2,1.91335
57900,2.89889,15482.3,1.91163
57960,2.65899,15238.3,1.91255
58020,2.61137,14871.0,1.91264
58080,2.68367,15281.2,1.91507
58140,2.90437,15305.5,1.9143
58200,2.64195,15353.0,1.91277
58260,2.80737,15364.9,1.91402
58320,2.69603,15268.3,1.90947
58380,2.97786,15269.6,1.91305
58440,2.92996,15344.5,1.91482
58500,2.94833,15465.3,1.91494
58560,2.65193,15589.4,1.9152
58620,3.02741,15570.3,1.9131
58680,3.26374,15396.6,1.91225
58740,3.00101,15230.9,1.91106
58800,3.16319,15046.1,1.91159
58860,3.16282,15105.5,1.91408
58920,2.9869,15041.3,1.91177
58980,3.11811,15150.5,1.91134
59040,3.46209,15482.7,1.91176
59100,3.15998,15164.6,1.90933
59160,3.10569,14675.8,1.91102
59220,3.20912,14892.3,1.91199
59280,3.50397,15046.5,1.91695
59340,3.24327,15793.9,1.91321
59400,3.18788,15522.5,1.91051
59460,3.26541,14898.2,1.91176
59520,2.94628,14813.1,1.91083
59580,3.3896,15281.8,1.91235
59640,3.12572,15298.4,1.91484
59700,3.24507,15505.2,1.91326
59760,2.9759,15681.5,1.91606
59820,3.41719,15799.3,1.91946
59880,3.12237,15525.0,1.91603
59940,3.19819,15962.6,1.91789
60000,3.55673,15718.8,1.91653
60060,3.19828,15827.7,1.91721
60120,3.24885,16302.9,1.91681
60180,3.28869,15877.2,1.91476
60240,3.12006,16210.6,1.91537
60300,3.26005,15875.0,1.91566
60360,3.51473,15751.9,1.91783
60420,3.51096,15595.8,1.91548
60480,3.18477,15487.3,1.91733
60540,3.31498,15511.9,1.91742
60600,3.71273,15604.7,1.91963
60660,3.5678,16004.9,1.91923
60720,3.48313,15916.6,1.91777
60780,3.69032,15929.8,1.91667
60840,3.51491,16209.1,1.91731
60900,3.47942,15636.6,1.91632
60960,3.2746,15396.6,1.91514
61020,3.62237,15386.3,1.91634
61080,3.69437,15448.5,1.91574
61140,3.7441,15418.1,1.91541
61200,3.62969,15839.3,1.91627
61260,3.65373,16237.6,1.92401
61320,3.72317,16334.0,1.91395
61380,4.14507,16291.5,1.91384
61440,3.94631,16161.5,1.91311
61500,3.69507,16130.1,1.91482
61560,3.42094,16420.1,1.91352
61620,3.91692,16545.5,1.91341
61680,4.05285,16062.7,1.91635
61740,3.79065,16309.6,1.91587
61800,3.71251,15854.1,1.91438
61860,3.71763,16241.9,1.91606
61920,3.59335,15728.1,1.91437
61980,3.94485,15813.2,1.91386
62040,3.62839,15811.6,1.91311
62100,3.52867,15052.4,1.9104
62160,3.75268,15378.5,1.90987
62220,3.70209,15019.0,1.91157
62280,3.51881,15056.8,1.91009
62340,3.60987,15534.0,1.91094
62400,3.45171,15345.9,1.90877
62460,3.72569,15432.9,1.91067
62520,3.6533,15475.2,1.91136
62580,3.79163,16454.9,1.91296
62640,3.89037,16501.3,1.91012
62700,4.08556,16036.6,1.91328
62760,3.949,15935.6,1.91657
62820,3.89571,15661.6,1.91646
62880,4.23261,15763.4,1.914
62940,4.0525,16021.3,1.91041
63000,4.03643,15807.7,1.91251
63060,4.11352,16206.2,1.91006
63120,3.82809,15328.3,1.91041
63180,3.77025,15759.0,1.91279
63240,4.09951,16073.5,1.91224
63300,3.82292,15966.1,1.91171
63360,4.09606,15995.7,1.9125
63420,4.16055,16571.3,1.91101
63480,4.34139,16110.7,1.91013
63540,4.12895,15977.3,1.91486
63600,4.02687,17062.1,1.90779
63660,4.09609,16319.6,1.90866
63720,4.08999,15479.6,1.91064
63780,3.60832,15431.1,1.91126
63840,3.58261,15453.0,1.91302
63900,3.81955,15906.0,1.90907
63960,3.95839,16230.6,1.90843
64020,4.13967,16075.9,1.9128
64080,3.9311,16376.6,1.90777
64140,4.02309,16294.4,1.90848
64200,3.9148,15497.6,1.90984
64260,4.12099,15505.7,1.90976
64320,4.25137,15898.3,1.91092
64380,4.01487,15738.9,1.9095
64440,3.89563,15555.8,1.90797
64500,4.50696,15535.5,1.91074
