CampaignData_and_Merges/R0/CSL_MobileLab_Parked/raw/20240810/USOS-NOAAIodideCIMS-OrgNitrs_MobileLabGround_20240810_RA.ict
37, 1001
Michael A Robinson, Chris Jernigan, Subi Thakali
NOAA ESRL Chemical Sciences Laboratory and CIRES, U. of Colorado
NOAA Iodide CIMS Instrument
USOS
1, 1
2024, 08, 10, 2024, 08, 11
1
starttime_UTC, seconds_past_midnight, seconds_of_day_since_00:00:00_UTC
5
1, 1, 1, 1, 1
-9999, -9999, -9999, -9999, -9999
C4H7NO5_NOAACIMS, pptv, Gas_C4H7NO5_InSitu_S_AVMR, 
ISOPN_NOAACIMS, pptv, Gas_ISOPN_InSitu_S_AVMR, 
C5H10O3_NOAACIMS, pptv, Gas_C5H10O3_InSitu_S_AVMR, 
C5H9NO5_NOAACIMS, pptv, Gas_C5H9NO5_InSitu_S_AVMR, 
C10H17NO4_NOAACIMS, pptv, Gas_C10H17NO4_InSitu_S_AVMR, 
0
18
PI_CONTACT_INFO: 325 Broadway, R/CSD 7, Boulder, Colorado 80305; michael.a.robinson@noaa.gov; chris.jernigan@noaa.gov;
PLATFORM: NOAA CSL Mobile Lab
LOCATION: SLC, Utah
ASSOCIATED_DATA: 1Hz data also available on request.
INSTRUMENT_INFO: NOAA I- ToF CIMS
DATA_INFO: All data in parts per trillion by volume (pptv). 1 Hz data is available upon request.
UNCERTAINTY: TBD
ULOD_FLAG: -7777
ULOD_VALUE: N/A
LLOD_FLAG: -8888
LLOD_VALUE: N/A
DM_CONTACT_INFO: Nathan Howard; nathan.h.howard@noaa.gov
PROJECT_INFO: USOS, summer 2024. https://csl.noaa.gov/groups/csl7/measurements/2024usos/
STIPULATIONS_ON_USE: Users are strongly encouraged to contact the PI for proper data usage.
OTHER_COMMENTS: 
REVISION: RA
RA: Preliminary Data; For in-field use only
starttime_UTC, C4H7NO5_NOAACIMS, ISOPN_NOAACIMS, C5H10O3_NOAACIMS, C5H9NO5_NOAACIMS, C10H17NO4_NOAACIMS
[from data line 1010]
 60600, 14.733, 29.122, 38.327,  9.128,  0.895
 60660, 14.925, 28.671, 37.918,  9.151,  0.977
 60720, 15.131, 29.666, 37.273,  9.142,  0.924
 60780, 15.222, 29.284, 38.153,  9.063,  0.936
 60840, 15.122, 28.878, 38.493,  9.162,  0.836
 60900, 15.345, 29.479, 38.389,  8.858,  0.980
 60960, 15.578, 28.772, 37.542,  9.178,  0.962
 61020, 15.655, 29.348, 37.869,  9.357,  0.836
 61080, 15.892, 30.734, 39.772,  9.418,  0.847
 61140, 16.077, 30.565, 40.082,  9.066,  0.830
 61200, -9999.000, -9999.000, -9999.000, -9999.000, -9999.000
 61260, 15.678, 29.411, 37.272,  9.174,  0.833
 61320, 15.733, 28.478, 39.541,  8.980,  0.950
 61380, 15.534, 27.904, 38.871,  9.357,  0.857
 61440, 15.831, 28.329, 39.086,  8.976,  0.868
 61500, 16.448, 30.025, 40.324,  9.165,  0.815
 61560, 16.244, 28.455, 41.301,  9.013,  0.847
 61620, 16.444, 28.568, 40.905,  9.318,  0.801
 61680, 16.685, 29.880, 40.262,  9.359,  0.893
 61740, 17.293, 30.915, 39.704,  9.301,  0.956
 61800, 16.981, 30.889, 39.769,  9.231,  0.828
 61860, 15.840, 30.272, 38.173,  9.014,  0.858
 61920, 15.533, 28.843, 37.559,  8.879,  0.925
 61980, 15.050, 27.597, 37.141,  8.657,  0.890
 62040, 14.826, 26.992, 36.418,  8.699,  0.861
 62100, 15.102, 27.245, 36.825,  8.402,  0.817
 62160, 15.480, 28.245, 36.449,  8.584,  0.917
 62220, 15.181, 27.232, 37.102,  8.447,  0.769
 62280, 15.258, 26.912, 36.288,  8.313,  0.760
 62340, 14.726, 26.216, 35.605,  8.382,  0.883
 62400, 14.741, 26.241, 35.464,  8.347,  0.849
 62460, 15.741, 27.609, 35.456,  8.586,  0.795
 62520, 16.195, 27.840, 38.431,  9.065,  0.743
 62580, 16.570, 28.991, 38.600,  9.044,  0.846
 62640, 16.630, 29.800, 39.501,  9.272,  0.854
 62700, 17.711, 31.253, 39.109,  9.360,  0.909
 62760, 18.337, 30.979, 38.966,  9.325,  0.851
 62820, 18.957, 31.868, 41.779,  9.490,  0.826
 62880, 18.542, 31.545, 42.146,  9.360,  0.907
 62940, 18.794, 32.756, 44.027,  9.458,  0.960
 63000, 18.915, 31.820, 44.669,  9.478,  0.823
 63060, -9999.000, -9999.000, -9999.000, -9999.000, -9999.000
 63120, 17.442, 30.270, 38.824,  8.755,  0.749
 63180, 17.876, 30.263, 43.463,  8.992,  0.867
 63240, 18.040, 31.097, 44.609,  8.812,  0.844
 63300, 18.546, 31.534, 45.927,  9.077,  0.907
 63360, 18.874, 32.089, 47.076,  9.289,  0.841
 63420, 18.587, 31.415, 47.098,  9.501,  0.842
 63480, 19.411, 32.955, 47.347,  9.305,  0.929
 63540, 19.282, 32.391, 49.795,  9.713,  0.926
 63600, 19.188, 32.866, 49.154,  9.593,  0.940
 63660, 17.424, 31.216, 50.422,  8.946,  0.799
 63720, 17.131, 31.018, 49.430,  8.695,  0.772
 63780, 17.616, 31.060, 50.438,  8.784,  0.768
 63840, 17.613, 31.214, 51.616,  9.006,  0.764
 63900, 18.430, 30.526, 51.374,  9.258,  0.794
 63960, 18.581, 32.226, 53.132,  9.097,  0.874
 64020, 18.074, 32.420, 53.965,  9.270,  0.826
 64080, 17.694, 30.945, 52.671,  8.947,  0.869
 64140, 17.866, 32.246, 52.035,  9.021,  0.835
 64200, 18.624, 31.760, 52.338,  9.488,  0.806
 64260, 18.977, 32.636, 51.528,  9.693,  0.848
 64320, 19.841, 33.966, 54.034,  9.859,  0.914
 64380, 19.999, 34.232, 55.961,  9.867,  0.969
 64440, 20.312, 33.670, 54.734, 10.272,  0.945
 64500, 16.401, 29.170, 54.840,  9.061,  0.836
 64560, 17.909, 31.451, 55.327,  9.225,  0.807
 64620, 19.807, 34.320, 56.973,  9.821,  0.846
 64680, 15.772, 30.452, 56.805,  8.739,  0.784
 64740, 15.918, 30.177, 57.049,  8.573,  0.815
 64800,  7.934, 21.561, 58.614,  5.973,  0.642
 64860,  6.946, 20.830, 57.311,  5.330,  0.376
 64920,  5.589, 19.317, 55.941,  4.555,  0.458
 64980,  5.263, 19.046, 55.586,  4.770,  0.403
 65040,  5.268, 19.439, 58.652,  4.395,  0.367
 65100,  5.388, 19.816, 59.008,  4.418,  0.377
 65160,  5.429, 19.790, 58.700,  4.410,  0.402
 65220,  5.245, 19.211, 58.676,  4.618,  0.379
 65280,  5.143, 18.474, 56.600,  4.249,  0.367
 65340,  4.063, 13.226, 48.951,  3.838,  0.275
 65400,  3.676, 11.287, 43.964,  3.691,  0.299
 65460,  3.657, 11.089, 39.935,  3.780,  0.302
 65520,  3.391,  9.608, 35.963,  3.551,  0.258
 65580,  3.115,  8.041, 31.772,  3.456,  0.167
 65640,  2.818,  6.333, 30.186,  3.480,  0.134
 65700,  2.936,  7.255, 32.948,  3.454,  0.127
 65760,  3.295,  9.370, 35.543,  3.727,  0.204
 65820,  3.447, 11.114, 39.191,  3.822,  0.159
 65880,  3.642, 12.365, 45.753,  3.749,  0.219
 65940,  3.716, 12.843, 48.107,  3.808,  0.151
 66000,  3.984, 14.468, 50.675,  3.999,  0.211
 66060,  3.856, 13.874, 49.908,  3.902,  0.228
 66120,  3.643, 12.180, 52.812,  3.961,  0.193
 66180,  4.045, 12.954, 51.561,  3.911,  0.134
 66240,  4.170, 13.417, 52.756,  4.066,  0.162
 66300,  3.916, 13.227, 52.795,  4.033,  0.171
 66360,  3.837, 12.682, 51.668,  3.885,  0.214
 66420,  3.982, 13.478, 50.801,  3.950,  0.157
 66480,  4.503, 14.830, 50.260,  4.192,  0.190
 66540,  4.860, 14.921, 50.770,  4.352,  0.219
 66600,  5.222, 15.230, 46.894,  4.473,  0.263
 66660,  5.313, 15.710, 48.937,  4.378,  0.199
 66720,  5.473, 16.908, 45.903,  5.064,  0.189
 66780,  4.777, 12.877, 41.189,  4.881,  0.063
 66840,  4.396, 11.883, 41.860,  4.441,  0.123
 66900,  4.220, 11.721, 43.858,  4.306,  0.157
 66960,  4.196, 11.882, 44.335,  4.310,  0.137
 67020,  4.182, 12.290, 46.655,  4.164,  0.142
 67080,  4.152, 12.501, 49.445,  4.171,  0.209
 67140,  4.107, 12.606, 50.903,  4.057,  0.255
 67200,  4.272, 13.339, 52.037,  4.280,  0.231
 67260,  4.285, 14.726, 52.923,  4.391,  0.205
 67320,  4.438, 15.900, 54.265,  4.388,  0.255
 67380,  4.551, 15.934, 54.621,  4.475,  0.263
 67440,  4.838, 15.447, 52.927,  4.415,  0.228
 67500,  5.173, 14.949, 53.625,  4.545,  0.198
 67560,  5.185, 13.412, 52.789,  4.557,  0.174
 67620,  5.125, 14.915, 56.252,  4.623,  0.196
 67680,  5.049, 16.407, 57.290,  4.573,  0.239
 67740,  5.046, 16.794, 58.399,  4.671,  0.351
 67800,  4.797, 13.409, 56.719,  4.373,  0.204
 67860,  4.532, 12.125, 56.578,  4.228,  0.184
 67920,  4.640, 12.940, 56.452,  4.309,  0.171
 67980,  4.635, 12.859, 57.337,  4.286,  0.220
 68040,  4.661, 12.971, 57.410,  4.219,  0.194
 68100,  4.682, 13.069, 57.615,  4.369,  0.266
 68160,  4.725, 12.755, 56.972,  4.324,  0.142
 68220,  4.849, 12.908, 56.222,  4.553,  0.214
 68280,  4.813, 13.961, 56.245,  4.338,  0.226
 68340,  4.886, 14.989, 56.781,  4.435,  0.223
 68400,  4.895, 16.637, 58.937,  4.487,  0.296
 68460,  4.825, 16.120, 61.210,  4.418,  0.383
 68520,  4.807, 16.054, 62.235,  4.205,  0.257
 68580,  4.905, 16.728, 59.530,  3.708,  0.149
 68640,  5.075, 15.877, 58.067,  4.474,  0.332
 68700,  5.422, 16.002, 55.485,  4.594,  0.259
 68760,  5.905, 16.539, 55.616,  4.800,  0.308
 68820,  6.117, 16.434, 56.162,  4.643,  0.320
 68880,  6.167, 16.306, 58.291,  4.741,  0.307
 68940,  6.285, 16.380, 57.036,  4.797,  0.318
 69000,  6.278, 15.990, 57.422,  4.837,  0.318
 69060,  6.330, 15.899, 58.273,  4.892,  0.306
 69120,  6.582, 17.120, 58.000,  5.008,  0.315
 69180,  6.530, 17.186, 59.142,  5.000,  0.316
 69240,  6.353, 16.070, 60.347,  4.802,  0.295
 69300,  6.305, 15.713, 60.305,  4.978,  0.310
 69360,  6.365, 15.196, 59.274,  4.929,  0.301
 69420,  6.469, 16.101, 59.502,  5.124,  0.380
 69480,  6.172, 16.992, 61.578,  5.096,  0.403
 69540,  6.223, 18.685, 62.433,  4.925,  0.349
 69600,  6.410, 20.457, 62.685,  5.089,  0.507
 69660,  6.283, 18.816, 63.481,  4.801,  0.352
 69720,  6.182, 18.859, 63.995,  5.167,  0.382
 69780,  6.263, 18.437, 61.346,  4.866,  0.365
 69840,  5.991, 18.767, 61.986,  4.816,  0.339
 69900,  5.826, 17.939, 60.774,  4.645,  0.387
 69960,  5.263, 16.188, 57.464,  4.728,  0.380
 70020,  5.359, 17.140, 56.375,  4.648,  0.325
 70080,  5.417, 17.311, 57.054,  4.686,  0.379
 70140,  5.459, 16.381, 54.778,  4.827,  0.351
 70200,  5.058, 14.061, 51.255,  4.374,  0.414
 70260,  5.117, 15.077, 50.924,  4.356,  0.292
 70320,  5.008, 14.361, 50.866,  4.475,  0.382
 70380,  4.850, 14.060, 49.623,  4.597,  0.447
 70440, -9999.000, -9999.000, -9999.000, -9999.000, -9999.000
 70500,  4.115, 12.610, 38.832,  4.184,  0.293
 70560,  4.333, 12.925, 43.602,  4.140,  0.345
 70620,  4.309, 14.537, 44.307,  4.225,  0.373
 70680,  4.158, 12.289, 41.185,  3.934,  0.337
 70740,  4.110, 11.993, 40.217,  3.775,  0.304
 70800,  4.086, 12.356, 40.906,  3.641,  0.295
 70860,  4.109, 12.145, 40.849,  3.752,  0.262
 70920,  4.154, 13.108, 44.029,  3.855,  0.322
 70980,  4.166, 13.054, 46.032,  3.765,  0.315
 71040,  4.129, 13.301, 47.247,  3.912,  0.294
 71100,  4.211, 13.914, 49.497,  3.725,  0.360
 71160,  4.103, 13.643, 49.010,  3.895,  0.368
 71220,  4.131, 13.543, 48.258,  3.969,  0.339
 71280,  4.247, 13.326, 48.362,  4.035,  0.256
 71340,  4.344, 13.919, 49.038,  4.059,  0.365
 71400,  4.416, 13.669, 49.907,  3.956,  0.331
 71460,  4.450, 13.661, 50.878,  4.170,  0.327
 71520,  4.417, 13.652, 50.705,  3.991,  0.184
 71580,  4.449, 13.890, 52.482,  4.109,  0.339
 71640,  4.563, 13.932, 52.490,  4.108,  0.262
 71700,  4.504, 13.770, 52.850,  4.247,  0.274
 71760,  4.383, 13.464, 53.234,  4.115,  0.263
 71820,  4.362, 14.129, 55.523,  4.016,  0.312
 71880,  4.417, 13.936, 54.796,  4.100,  0.337
 71940,  4.275, 13.924, 55.420,  4.069,  0.293
 72000,  4.393, 14.251, 57.408,  4.038,  0.329
 72060,  4.587, 15.262, 58.151,  4.522,  0.320
 72120,  5.006, 10.808, 51.800,  4.812,  0.243
 72180,  4.778,  9.082, 46.306,  4.277,  0.245
 72240,  5.436,  8.262, 38.780,  4.013,  0.137
 72300,  5.016,  6.952, 34.551,  3.289,  0.060
 72360,  5.497,  7.282, 35.033,  3.788,  0.127
 72420,  5.188,  7.586, 35.217,  3.531,  0.102
 72480,  4.736,  7.521, 32.732,  3.207,  0.123
 72540,  4.791,  8.675, 37.757,  3.603,  0.186
 72600,  4.824,  8.115, 37.243,  3.490,  0.160
 72660,  5.333,  9.014, 41.981,  3.950,  0.195
 72720,  6.531, 10.176, 46.480,  4.404,  0.193
 72780,  8.012, 12.137, 62.113,  5.658,  0.274
 72840,  8.898, 13.438, 69.407,  6.558,  0.304
 72900,  8.087, 13.366, 72.029,  6.827,  0.351
 72960,  8.613, 13.843, 74.353,  7.374,  0.448
 73020,  9.621, 15.446, 82.302,  8.622,  0.494
 73080, 10.790, 17.019, 89.068, 10.439,  0.656
 73140, 10.081, 17.232, 85.006, 10.134,  0.707
 73200,  8.372, 15.662, 71.957,  8.506,  0.561
 73260,  7.390, 15.398, 65.896,  7.435,  0.568
 73320,  6.823, 14.634, 57.533,  6.635,  0.585
 73380,  6.497, 13.645, 49.954,  6.027,  0.562
 73440,  6.235, 13.657, 45.886,  5.618,  0.572
 73500,  6.357, 13.613, 43.649,  5.531,  0.490
 73560,  7.158, 15.940, 52.004,  6.282,  0.566
 73620,  7.148, 16.460, 53.838,  6.556,  0.639
 73680,  7.758, 17.729, 57.060,  7.028,  0.818
 73740,  7.152, 16.474, 54.438,  6.388,  0.669
 73800,  7.153, 16.421, 54.686,  6.184,  0.669
 73860,  6.887, 15.749, 52.164,  6.077,  0.676
 73920,  7.053, 15.871, 55.229,  6.193,  0.718
 73980,  7.269, 16.426, 58.306,  6.656,  0.840
 74040,  7.360, 17.327, 59.803,  6.857,  0.847
 74100,  7.040, 16.152, 56.650,  6.558,  0.802
 74160, -9999.000, -9999.000, -9999.000, -9999.000, -9999.000
 74220,  6.720, 15.166, 54.903,  6.558,  0.847
 74280,  6.348, 14.119, 52.518,  5.848,  0.799
 74340,  6.446, 14.349, 52.535,  5.806,  0.711
 74400,  6.625, 15.458, 53.511,  6.027,  0.759
 74460,  6.392, 15.283, 52.934,  5.821,  0.683
 74520,  7.011, 18.110, 58.207,  6.284,  0.821
 74580,  6.696, 18.650, 57.603,  6.106,  0.865
 74640,  5.952, 16.218, 49.714,  5.243,  0.666
 74700,  5.515, 14.822, 43.149,  4.821,  0.612
 74760,  5.773, 16.047, 45.960,  4.977,  0.564
 74820,  5.892, 17.549, 44.864,  4.793,  0.551
 74880,  6.175, 19.748, 50.625,  5.178,  0.623
 74940,  5.975, 20.298, 49.866,  4.969,  0.578
 75000,  6.249, 23.661, 54.087,  5.224,  0.665
 75060,  6.712, 25.744, 59.278,  5.631,  0.675
 75120,  6.772, 24.009, 58.314,  5.687,  0.713
 75180,  6.694, 22.213, 54.970,  5.618,  0.617
 75240,  6.791, 21.521, 55.294,  5.905,  0.544
 75300,  6.892, 22.551, 57.604,  5.941,  0.562
 75360,  6.924, 22.514, 58.010,  6.206,  0.547
 75420,  6.748, 22.254, 55.713,  5.973,  0.573
 75480,  6.787, 21.494, 55.536,  6.350,  0.538
 75540,  6.764, 23.837, 56.562,  6.165,  0.531
 75600,  6.848, 23.757, 58.615,  6.535,  0.560
 75660,  6.842, 24.029, 57.153,  6.084,  0.578
 75720,  6.776, 24.082, 58.891,  6.190,  0.585
 75780,  6.926, 25.907, 60.043,  6.168,  0.573
 75840,  6.939, 28.188, 63.125,  6.347,  0.627
 75900,  6.916, 29.353, 62.776,  6.071,  0.583
 75960,  7.170, 31.758, 67.437,  6.389,  0.621
 76020,  7.503, 35.438, 66.528,  6.857,  0.721
 76080,  7.721, 36.545, 69.601,  6.733,  0.802
 76140,  7.553, 38.651, 71.550,  6.528,  0.686
 76200,  7.399, 38.945, 71.373,  5.847,  0.544
 76260,  7.144, 37.146, 70.306,  5.256,  0.531
 76320,  7.082, 37.815, 70.819,  5.382,  0.456
 76380,  7.163, 38.146, 71.407,  4.976,  0.397
 76440,  6.733, 35.061, 69.471,  4.960,  0.416
 76500,  6.242, 30.908, 67.154,  4.472,  0.388
 76560,  6.048, 28.945, 63.676,  4.243,  0.315
 76620,  6.010, 28.829, 64.867,  4.250,  0.268
 76680,  5.628, 25.566, 62.683,  4.111,  0.253
 76740,  5.441, 25.460, 64.393,  3.793,  0.209
 76800,  5.437, 26.270, 65.936,  3.804,  0.245
 76860,  5.251, 25.587, 64.922,  3.803,  0.234
 76920,  5.164, 24.318, 64.042,  3.725,  0.258
 76980,  4.996, 22.646, 60.766,  3.600,  0.227
 77040,  5.102, 23.168, 63.239,  3.661,  0.245
 77100,  5.087, 23.452, 61.958,  3.605,  0.189
 77160,  5.052, 22.600, 60.819,  3.643,  0.198
 77220,  5.036, 24.216, 64.230,  3.486,  0.204
 77280,  5.083, 26.860, 68.255,  3.634,  0.222
 77340,  5.049, 26.253, 66.562,  3.527,  0.210
 77400,  5.111, 28.536, 71.443,  3.728,  0.187
 77460,  5.245, 29.758, 72.682,  3.712,  0.258
 77520,  5.257, 32.062, 74.997,  3.686,  0.325
 77580,  5.454, 34.730, 80.108,  3.868,  0.288
 77640,  5.356, 35.218, 81.599,  3.982,  0.359
 77700,  5.368, 34.776, 79.300,  3.813,  0.276
 77760,  5.529, 35.697, 79.733,  4.035,  0.272
 77820, -9999.000, -9999.000, -9999.000, -9999.000, -9999.000
 77880,  5.142, 33.858, 68.787,  3.978,  0.330
 77940,  5.263, 35.102, 70.711,  3.933,  0.280
 78000,  5.318, 36.060, 73.677,  3.782,  0.327
 78060,  5.271, 33.641, 72.129,  3.670,  0.328
 78120,  5.200, 33.817, 71.262,  3.731,  0.308
 78180,  5.314, 33.715, 71.077,  3.876,  0.327
 78240,  5.236, 34.505, 70.523,  3.731,  0.336
 78300,  5.371, 37.322, 77.299,  3.739,  0.279
 78360,  5.360, 37.661, 78.073,  3.759,  0.269
 78420,  5.438, 40.044, 77.549,  3.810,  0.314
 78480,  5.548, 40.982, 81.899,  3.860,  0.389
 78540,  5.547, 40.500, 81.064,  3.867,  0.397
 78600,  5.454, 40.162, 79.244,  3.771,  0.424
 78660,  5.441, 40.973, 83.719,  3.681,  0.334
 78720,  5.504, 39.224, 84.617,  3.810,  0.306
 78780,  5.401, 37.470, 83.359,  3.833,  0.295
 78840,  5.529, 39.542, 91.097,  3.890,  0.378
 78900,  5.560, 40.255, 93.179,  3.772,  0.396
 78960,  5.183, 31.442, 82.602,  3.989,  0.386
 79020,  5.319, 28.838, 81.126,  4.026,  0.306
 79080,  5.016, 24.584, 76.846,  4.026,  0.285
 79140,  5.440, 30.566, 90.539,  4.278,  0.325
 79200,  5.904, 32.901, 95.924,  4.527,  0.332
 79260,  6.524, 38.894, 108.958,  4.612,  0.418
 79320,  6.790, 44.255, 123.582,  4.783,  0.416
 79380,  6.619, 41.442, 119.383,  4.719,  0.373
 79440,  6.955, 41.657, 128.065,  5.091,  0.505
 79500,  6.899, 44.889, 131.291,  4.910,  0.468
 79560,  6.252, 34.806, 116.759,  4.574,  0.411
 79620,  6.515, 39.108, 120.477,  4.716,  0.443
 79680, -9999.000, -9999.000, -9999.000, -9999.000, -9999.000
 79740,  6.770, 40.548, 116.924,  5.130,  0.425
 79800,  6.924, 39.491, 120.591,  5.029,  0.459
 79860,  6.867, 39.409, 122.827,  4.952,  0.410
 79920,  6.765, 37.902, 120.055,  4.934,  0.436
 79980,  6.857, 38.123, 123.947,  4.741,  0.437
 80040,  6.504, 36.215, 122.246,  4.789,  0.390
 80100,  6.521, 36.752, 125.964,  4.864,  0.428
 80160,  6.393, 36.989, 131.191,  4.785,  0.436
 80220,  6.106, 34.655, 128.361,  4.638,  0.341
 80280,  5.811, 33.179, 126.306,  4.712,  0.456
 80340,  5.902, 33.128, 125.460,  4.654,  0.421
 80400,  5.937, 33.394, 123.320,  4.542,  0.409
 80460,  5.964, 34.995, 126.323,  4.624,  0.469
 80520,  5.891, 33.700, 120.120,  4.490,  0.407
 80580,  5.980, 34.296, 122.490,  4.399,  0.393
 80640,  5.989, 35.436, 119.832,  4.524,  0.413
 80700,  6.036, 34.738, 118.725,  4.584,  0.399
 80760,  5.569, 31.244, 111.982,  4.539,  0.416
