CampaignData_and_Merges/R0/CSL_MobileLab_Parked/raw/20240810/USOS-O3_MobileLabGround_20240810_R0.ict
34, 1001
Carrie Womack
NOAA Chemical Sciences Laboratory
2B Tech O3 UV Analyzer
USOS
1, 1
2024, 08, 10, 2024, 12, 21
60
Time_Start, seconds_past_midnight, Seconds from midnight UTC
1
1
-9999
O3_ppb, ppb, Ozone from 2B Tech UV Analyzer
1
SPECIAL COMMENTS:
18
PI_CONTACT_INFO: Address: 325 Broadway R/CSL7, Boulder, CO, 80305
PLATFORM: CSL Mobile Lab
LOCATION: Salt Lake City, UT
ASSOCIATED_DATA: N/A
INSTRUMENT_INFO: N/A
DATA_INFO: Units:
UNCERTAINTY: N/A
ULOD_FLAG: -7777
ULOD_VALUE: N/A
LLOD_FLAG: -8888
LLOD_VALUE: N/A
DM_CONTACT_INFO: Data Manager: Nate Howard
PROJECT_INFO: 
STIPULATIONS_ON_USE: Use of these data require prior ok from PI.
OTHER_COMMENTS: N/A
REVISION: R0
R0: Final data. RA: Preliminary Data.  For in-field use only.
Time_Start, O3_ppb
0.0,46.9
60.0,48.2
120.0,47.5
180.0,48.1
240.0,46.4
300.0,45.4
360.0,45.9
420.0,44.9
480.0,44.2
540.0,40.6
600.0,38.6
660.0,40.8
720.0,39.9
780.0,41.0
840.0,43.8
900.0,43.6
960.0,43.5
1020.0,43.8
1080.0,42.6
1140.0,43.1
1200.0,44.5
1260.0,44.2
1320.0,43.0
1380.0,43.0
1440.0,44.4
1500.0,43.0
1560.0,45.9
1620.0,42.6
1680.0,43.0
1740.0,43.5
1800.0,43.4
1860.0,41.6
1920.0,42.3
1980.0,42.4
2040.0,41.8
2100.0,42.7
2160.0,43.2
2220.0,43.2
2280.0,43.1
2340.0,43.4
2400.0,43.0
2460.0,43.2
2520.0,41.7
2580.0,42.4
2640.0,42.2
2700.0,42.0
2760.0,44.0
2820.0,42.8
2880.0,44.7
2940.0,43.9
3000.0,44.0
3060.0,43.5
3120.0,41.5
3180.0,42.3
3240.0,41.7
3300.0,42.3
3360.0,40.5
3420.0,41.1
3480.0,39.7
3540.0,39.8
3600.0,42.8
3660.0,42.1
3720.0,42.9
3780.0,41.8
3840.0,42.4
3900.0,42.6
3960.0,42.6
4020.0,42.4
4080.0,42.6
4140.0,42.3
4200.0,43.4
4260.0,44.6
4320.0,44.0
4380.0,43.4
4440.0,43.3
4500.0,42.9
4560.0,43.7
4620.0,42.7
4680.0,41.9
4740.0,43.2
4800.0,42.8
4860.0,42.6
4920.0,41.6
4980.0,40.8
5040.0,42.0
5100.0,41.7
5160.0,42.7
5220.0,42.4
5280.0,42.8
5340.0,42.1
5400.0,42.6
5460.0,42.4
5520.0,42.5
5580.0,42.5
5640.0,44.4
5700.0,42.5
5760.0,42.1
5820.0,42.8
5880.0,43.1
5940.0,40.9
6000.0,43.4
6060.0,43.2
6120.0,43.9
6180.0,43.9
6240.0,38.4
6300.0,39.3
6360.0,44.2
6420.0,44.2
6480.0,44.2
6540.0,44.7
6600.0,44.0
6660.0,43.3
6720.0,43.1
6780.0,43.1
6840.0,44.3
6900.0,42.5
6960.0,44.9
7020.0,44.3
7080.0,45.2
7140.0,44.0
7200.0,43.6
7260.0,44.6
7320.0,43.5
7380.0,43.6
7440.0,43.9
7500.0,43.7
7560.0,42.8
7620.0,44.8
7680.0,44.5
7740.0,45.6
7800.0,45.3
7860.0,44.5
7920.0,45.1
7980.0,45.9
8040.0,45.1
8100.0,45.4
8160.0,45.5
8220.0,45.4
8280.0,45.1
8340.0,44.4
8400.0,44.7
8460.0,44.5
8520.0,45.4
8580.0,44.6
8640.0,45.1
8700.0,43.9
8760.0,44.6
8820.0,45.2
8880.0,44.6
8940.0,43.6
9000.0,43.4
9060.0,43.7
9120.0,45.0
9180.0,44.0
9240.0,44.4
9300.0,44.5
9360.0,44.4
9420.0,46.0
9480.0,44.3
9540.0,45.4
9600.0,45.0
9660.0,45.5
9720.0,43.4
9780.0,44.1
9840.0,44.2
9900.0,44.3
9960.0,44.7
10020.0,45.1
10080.0,45.3
10140.0,44.9
10200.0,45.1
10260.0,44.8
10320.0,45.6
10380.0,45.0
10440.0,45.2
10500.0,45.2
10560.0,44.3
10620.0,44.3
10680.0,45.1
10740.0,44.6
10800.0,43.4
10860.0,43.8
10920.0,45.0
10980.0,44.7
11040.0,44.9
11100.0,44.4
11160.0,44.2
11220.0,44.0
11280.0,43.8
11340.0,44.6
11400.0,45.1
11460.0,43.9
11520.0,44.0
11580.0,43.5
11640.0,44.7
11700.0,44.2
11760.0,43.9
11820.0,43.8
11880.0,44.8
11940.0,44.6
12000.0,44.3
12060.0,44.5
12120.0,44.7
12180.0,44.9
12240.0,43.9
12300.0,43.6
12360.0,43.9
12420.0,43.6
12480.0,44.2
12540.0,44.8
12600.0,43.7
12660.0,43.8
12720.0,43.3
12780.0,43.9
12840.0,44.5
12900.0,43.1
12960.0,43.2
13020.0,43.4
13080.0,44.2
13140.0,43.4
13200.0,44.5
13260.0,43.7
13320.0,43.2
13380.0,42.4
13440.0,43.8
13500.0,43.1
13560.0,43.5
13620.0,44.2
13680.0,43.9
13740.0,43.8
13800.0,43.9
13860.0,42.8
13920.0,43.9
13980.0,43.5
14040.0,43.4
14100.0,43.5
14160.0,43.8
14220.0,42.6
14280.0,42.6
14340.0,42.2
14400.0,43.4
14460.0,43.5
14520.0,43.2
14580.0,43.1
14640.0,43.0
14700.0,43.8
14760.0,43.4
14820.0,43.0
14880.0,41.8
14940.0,42.6
15000.0,43.0
15060.0,43.9
15120.0,43.2
15180.0,44.8
15240.0,43.4
15300.0,43.8
15360.0,44.0
15420.0,44.3
15480.0,43.3
15540.0,43.8
15600.0,44.0
15660.0,43.2
15720.0,44.2
15780.0,43.9
15840.0,44.7
15900.0,43.9
15960.0,43.6
16020.0,44.1
16080.0,44.5
16140.0,43.8
16200.0,44.6
16260.0,43.2
16320.0,44.3
16380.0,44.1
16440.0,43.7
16500.0,43.8
16560.0,43.8
16620.0,43.7
16680.0,45.0
16740.0,42.8
16800.0,42.8
16860.0,44.1
16920.0,44.0
16980.0,44.5
17040.0,43.8
17100.0,43.5
17160.0,45.0
17220.0,44.2
17280.0,42.1
17340.0,43.9
17400.0,44.3
17460.0,43.8
17520.0,44.1
17580.0,44.9
17640.0,44.5
17700.0,43.0
17760.0,43.5
17820.0,43.0
17880.0,43.1
17940.0,44.8
18000.0,44.0
18060.0,42.9
18120.0,42.6
18180.0,43.4
18240.0,43.7
18300.0,43.9
18360.0,44.2
18420.0,42.6
18480.0,43.7
18540.0,44.1
18600.0,45.1
18660.0,44.0
18720.0,44.1
18780.0,43.5
18840.0,43.0
18900.0,42.6
18960.0,42.6
19020.0,43.4
19080.0,44.3
19140.0,44.2
19200.0,44.8
19260.0,44.2
19320.0,44.0
19380.0,44.4
19440.0,43.4
19500.0,43.9
19560.0,44.3
19620.0,44.1
19680.0,44.7
19740.0,44.1
19800.0,43.6
19860.0,44.0
19920.0,43.5
19980.0,44.0
20040.0,43.4
20100.0,43.6
20160.0,44.2
20220.0,42.8
20280.0,42.0
20340.0,43.2
20400.0,43.3
20460.0,43.4
20520.0,43.3
20580.0,43.8
20640.0,43.8
20700.0,44.3
20760.0,44.1
20820.0,42.0
20880.0,42.7
20940.0,43.7
21000.0,43.5
21060.0,42.5
21120.0,42.7
21180.0,40.2
21240.0,41.5
21300.0,40.9
21360.0,39.7
21420.0,39.5
21480.0,41.5
21540.0,44.8
21600.0,43.4
21660.0,40.3
21720.0,36.7
21780.0,38.0
21840.0,39.8
21900.0,38.2
21960.0,40.5
22020.0,40.8
22080.0,38.6
22140.0,40.6
22200.0,39.6
22260.0,39.8
22320.0,39.4
22380.0,41.3
22440.0,40.8
22500.0,41.7
22560.0,40.6
22620.0,41.2
22680.0,40.2
22740.0,40.3
22800.0,39.4
22860.0,40.0
22920.0,40.7
22980.0,40.0
23040.0,40.9
23100.0,39.2
23160.0,37.8
23220.0,40.0
23280.0,40.3
23340.0,37.7
23400.0,37.2
23460.0,37.3
23520.0,37.9
23580.0,36.9
23640.0,38.7
23700.0,40.5
23760.0,40.3
23820.0,40.3
23880.0,41.0
23940.0,40.6
24000.0,42.1
24060.0,42.1
24120.0,41.8
24180.0,42.1
24240.0,42.5
24300.0,41.7
24360.0,40.3
24420.0,41.9
24480.0,42.8
24540.0,42.3
24600.0,43.1
24660.0,42.4
24720.0,43.0
24780.0,42.6
24840.0,43.1
24900.0,42.2
24960.0,42.9
25020.0,42.7
25080.0,41.8
25140.0,42.4
25200.0,42.1
25260.0,41.6
25320.0,42.3
25380.0,41.5
25440.0,42.1
25500.0,43.6
25560.0,43.5
25620.0,42.4
25680.0,41.5
25740.0,42.7
25800.0,43.8
25860.0,43.1
25920.0,42.0
25980.0,41.5
26040.0,43.1
26100.0,43.8
26160.0,43.5
26220.0,42.8
26280.0,42.9
26340.0,42.4
26400.0,41.3
26460.0,42.0
26520.0,42.0
26580.0,41.6
26640.0,39.0
26700.0,43.6
26760.0,43.0
26820.0,42.7
26880.0,43.3
26940.0,42.9
27000.0,42.9
27060.0,42.0
27120.0,41.4
27180.0,43.3
27240.0,42.6
27300.0,43.8
27360.0,43.6
27420.0,42.3
27480.0,42.5
27540.0,41.7
27600.0,42.2
27660.0,42.4
27720.0,42.5
27780.0,43.4
27840.0,42.7
27900.0,43.4
27960.0,43.4
28020.0,42.4
28080.0,41.2
28140.0,41.7
28200.0,41.5
28260.0,40.6
28320.0,40.5
28380.0,42.2
28440.0,41.8
28500.0,41.9
28560.0,41.3
28620.0,43.3
28680.0,43.2
28740.0,41.9
28800.0,39.9
28860.0,40.3
28920.0,41.0
28980.0,42.6
29040.0,42.0
29100.0,40.9
29160.0,41.2
29220.0,41.2
29280.0,41.9
29340.0,40.3
29400.0,40.4
29460.0,40.8
29520.0,40.8
29580.0,41.3
29640.0,40.7
29700.0,39.1
29760.0,40.1
29820.0,40.0
29880.0,41.1
29940.0,39.8
30000.0,38.3
30060.0,36.4
30120.0,36.1
30180.0,34.8
30240.0,35.6
30300.0,34.5
30360.0,35.8
30420.0,36.3
30480.0,36.5
30540.0,36.2
30600.0,35.8
30660.0,35.4
30720.0,34.8
30780.0,33.8
30840.0,33.1
30900.0,34.3
30960.0,33.1
31020.0,33.4
31080.0,33.5
31140.0,33.5
31200.0,33.8
31260.0,35.7
31320.0,35.0
31380.0,34.3
31440.0,33.6
31500.0,33.4
31560.0,33.5
31620.0,32.0
31680.0,29.1
31740.0,29.8
31800.0,30.9
31860.0,33.1
31920.0,34.0
31980.0,33.6
32040.0,32.9
32100.0,33.0
32160.0,31.2
32220.0,33.0
32280.0,33.2
32340.0,34.0
32400.0,36.2
32460.0,37.7
32520.0,35.1
32580.0,39.1
32640.0,40.6
32700.0,39.8
32760.0,40.1
32820.0,41.1
32880.0,39.0
32940.0,35.3
33000.0,39.9
33060.0,41.5
33120.0,38.0
33180.0,37.8
33240.0,38.7
33300.0,37.6
33360.0,36.2
33420.0,36.1
33480.0,38.3
33540.0,39.3
33600.0,39.2
33660.0,37.1
33720.0,37.6
33780.0,37.6
33840.0,36.7
33900.0,36.5
33960.0,37.7
34020.0,38.4
34080.0,39.3
34140.0,38.3
34200.0,39.4
34260.0,39.9
34320.0,40.5
34380.0,40.3
34440.0,39.5
34500.0,39.1
34560.0,39.7
34620.0,40.2
34680.0,39.6
34740.0,40.1
34800.0,39.7
34860.0,38.9
34920.0,40.5
34980.0,41.1
35040.0,40.1
35100.0,39.7
35160.0,38.2
35220.0,40.0
35280.0,37.3
35340.0,38.3
35400.0,39.2
35460.0,39.7
35520.0,38.8
35580.0,40.5
35640.0,39.5
35700.0,40.1
35760.0,39.8
35820.0,39.5
35880.0,38.7
35940.0,38.4
36000.0,39.2
36060.0,36.9
36120.0,38.7
36180.0,38.5
36240.0,37.2
36300.0,37.4
36360.0,35.4
36420.0,34.9
36480.0,36.8
36540.0,35.9
36600.0,35.9
36660.0,37.0
36720.0,38.9
36780.0,40.2
36840.0,40.5
36900.0,40.8
36960.0,39.6
37020.0,37.2
37080.0,36.5
37140.0,36.1
37200.0,36.1
37260.0,37.3
37320.0,40.3
37380.0,40.1
37440.0,41.3
37500.0,40.4
37560.0,41.3
37620.0,41.2
37680.0,41.3
37740.0,40.2
37800.0,39.9
37860.0,39.9
37920.0,40.0
37980.0,40.5
38040.0,40.6
38100.0,40.0
38160.0,39.8
38220.0,41.1
38280.0,39.5
38340.0,40.4
38400.0,40.4
38460.0,41.6
38520.0,40.3
38580.0,40.3
38640.0,41.1
38700.0,40.7
38760.0,41.7
38820.0,40.5
38880.0,40.1
38940.0,40.6
39000.0,40.1
39060.0,38.2
39120.0,39.6
39180.0,39.2
39240.0,39.6
39300.0,40.4
39360.0,40.8
39420.0,40.1
39480.0,40.4
39540.0,40.2
39600.0,39.3
39660.0,38.7
39720.0,38.2
39780.0,37.9
39840.0,38.8
39900.0,39.2
39960.0,38.5
40020.0,38.7
40080.0,38.4
40140.0,37.3
40200.0,37.2
40260.0,37.3
40320.0,38.2
40380.0,40.1
40440.0,39.2
40500.0,39.7
40560.0,37.6
40620.0,37.2
40680.0,39.7
40740.0,40.9
40800.0,41.9
40860.0,41.5
40920.0,39.5
40980.0,40.7
41040.0,39.9
41100.0,40.4
41160.0,41.8
41220.0,41.2
41280.0,40.7
41340.0,39.1
41400.0,39.2
41460.0,39.5
41520.0,38.8
41580.0,39.5
41640.0,40.2
41700.0,40.0
41760.0,40.2
41820.0,39.7
41880.0,39.8
41940.0,39.7
42000.0,39.8
42060.0,39.0
42120.0,39.3
42180.0,40.0
42240.0,39.8
42300.0,38.1
42360.0,38.9
42420.0,38.5
42480.0,39.6
42540.0,39.2
42600.0,39.6
42660.0,39.1
42720.0,38.7
42780.0,38.9
42840.0,39.6
42900.0,39.2
42960.0,39.2
43020.0,38.7
43080.0,40.0
43140.0,38.5
43200.0,38.7
43260.0,39.2
43320.0,38.5
43380.0,39.0
43440.0,40.0
43500.0,41.0
43560.0,41.6
43620.0,41.3
43680.0,41.0
43740.0,41.8
43800.0,41.6
43860.0,41.2
43920.0,41.5
43980.0,40.5
44040.0,39.8
44100.0,40.7
44160.0,40.2
44220.0,40.0
44280.0,40.8
44340.0,40.6
44400.0,40.3
44460.0,40.2
44520.0,39.7
44580.0,39.2
44640.0,39.7
44700.0,39.7
44760.0,38.6
44820.0,38.7
44880.0,38.9
44940.0,38.7
45000.0,38.6
45060.0,42.1
45120.0,41.1
45180.0,39.3
45240.0,38.7
45300.0,39.5
45360.0,37.0
45420.0,39.2
45480.0,39.0
45540.0,40.2
45600.0,40.9
45660.0,38.9
45720.0,37.3
45780.0,38.3
45840.0,38.8
45900.0,38.3
45960.0,36.4
46020.0,32.8
46080.0,33.6
46140.0,35.7
46200.0,33.7
46260.0,35.5
46320.0,36.6
46380.0,34.9
46440.0,37.3
46500.0,37.0
46560.0,35.6
46620.0,35.6
46680.0,37.3
46740.0,39.0
46800.0,39.8
46860.0,39.1
46920.0,39.9
46980.0,38.8
47040.0,40.4
47100.0,38.7
47160.0,38.1
47220.0,37.8
47280.0,39.1
47340.0,37.7
47400.0,37.7
47460.0,39.7
47520.0,38.3
47580.0,39.1
47640.0,39.0
47700.0,37.8
47760.0,37.6
47820.0,36.7
47880.0,36.4
47940.0,38.4
48000.0,37.7
48060.0,37.5
48120.0,37.6
48180.0,38.8
48240.0,38.3
48300.0,37.9
48360.0,36.5
48420.0,35.7
48480.0,36.5
48540.0,37.0
48600.0,37.1
48660.0,37.2
48720.0,36.2
48780.0,37.3
48840.0,37.8
48900.0,36.4
48960.0,36.3
49020.0,36.4
49080.0,37.4
49140.0,37.8
49200.0,37.3
49260.0,38.3
49320.0,36.9
49380.0,36.1
49440.0,37.9
49500.0,36.4
49560.0,35.8
49620.0,36.9
49680.0,35.3
49740.0,35.7
49800.0,37.2
49860.0,37.8
49920.0,38.3
49980.0,37.9
50040.0,38.5
50100.0,37.0
50160.0,38.4
50220.0,38.3
50280.0,38.3
50340.0,37.9
50400.0,35.4
50460.0,35.0
50520.0,37.4
50580.0,37.4
50640.0,37.3
50700.0,37.9
50760.0,38.9
50820.0,38.7
50880.0,38.9
50940.0,38.0
51000.0,38.8
51060.0,35.6
51120.0,37.8
51180.0,38.8
51240.0,38.5
51300.0,39.6
51360.0,39.4
51420.0,38.0
51480.0,36.8
51540.0,36.8
51600.0,37.8
51660.0,37.2
51720.0,37.0
51780.0,36.4
51840.0,35.6
51900.0,35.5
51960.0,35.8
52020.0,33.9
52080.0,34.8
52140.0,33.2
52200.0,34.1
52260.0,38.0
52320.0,38.7
52380.0,39.5
52440.0,40.3
52500.0,38.9
52560.0,39.3
52620.0,39.3
52680.0,38.9
52740.0,40.0
52800.0,38.1
52860.0,38.7
52920.0,40.2
52980.0,39.2
53040.0,39.5
53100.0,39.2
53160.0,40.2
53220.0,41.4
53280.0,40.0
53340.0,39.8
53400.0,39.7
53460.0,39.0
53520.0,39.7
53580.0,40.1
53640.0,39.1
53700.0,41.1
53760.0,41.9
53820.0,42.5
53880.0,41.6
53940.0,40.5
54000.0,40.6
54060.0,41.0
54120.0,40.8
54180.0,41.2
54240.0,38.9
54300.0,38.9
54360.0,37.0
54420.0,38.4
54480.0,38.6
54540.0,38.2
54600.0,37.4
54660.0,37.1
54720.0,36.7
54780.0,36.4
54840.0,37.4
54900.0,38.0
54960.0,38.4
55020.0,36.4
55080.0,37.9
55140.0,38.3
55200.0,38.4
55260.0,39.3
55320.0,40.4
55380.0,40.6
55440.0,42.6
55500.0,41.4
55560.0,40.9
55620.0,40.1
55680.0,40.1
55740.0,39.2
55800.0,39.2
55860.0,-9999.0
55920.0,-9999.0
55980.0,-9999.0
56040.0,-9999.0
56100.0,-9999.0
56160.0,-9999.0
56220.0,-9999.0
56280.0,-9999.0
56340.0,-9999.0
56400.0,-9999.0
56460.0,-9999.0
56520.0,42.5
56580.0,43.8
56640.0,42.6
56700.0,44.2
56760.0,42.8
56820.0,44.7
56880.0,43.8
56940.0,43.3
57000.0,44.7
57060.0,44.1
57120.0,43.5
57180.0,42.8
57240.0,43.5
57300.0,45.6
57360.0,46.0
57420.0,45.7
57480.0,44.0
57540.0,44.4
57600.0,45.3
57660.0,46.2
57720.0,44.8
57780.0,45.0
57840.0,46.4
57900.0,45.2
57960.0,46.3
58020.0,47.2
58080.0,46.3
58140.0,46.1
58200.0,46.3
58260.0,46.2
58320.0,46.9
58380.0,46.2
58440.0,47.1
58500.0,47.6
58560.0,47.3
58620.0,45.8
58680.0,46.9
58740.0,47.0
58800.0,48.1
58860.0,48.4
58920.0,48.5
58980.0,48.2
59040.0,47.8
59100.0,47.6
59160.0,50.1
59220.0,49.0
59280.0,49.3
59340.0,47.9
59400.0,48.2
59460.0,48.0
59520.0,50.3
59580.0,48.5
59640.0,49.1
59700.0,49.8
59760.0,50.1
59820.0,48.8
59880.0,51.4
59940.0,50.2
60000.0,50.5
60060.0,50.1
60120.0,50.0
60180.0,49.9
60240.0,50.6
60300.0,50.7
60360.0,50.3
60420.0,51.2
60480.0,51.6
60540.0,51.5
60600.0,50.9
60660.0,51.0
60720.0,51.2
60780.0,48.2
60840.0,49.6
60900.0,52.2
60960.0,53.0
61020.0,53.4
61080.0,53.0
61140.0,53.5
61200.0,53.3
61260.0,51.9
61320.0,51.5
61380.0,50.6
61440.0,51.9
61500.0,53.5
61560.0,52.4
61620.0,51.7
61680.0,52.4
61740.0,54.1
61800.0,54.2
61860.0,51.9
61920.0,53.5
61980.0,53.5
62040.0,52.8
62100.0,54.2
62160.0,53.6
62220.0,55.4
62280.0,54.7
62340.0,52.5
62400.0,54.3
62460.0,54.3
62520.0,55.3
62580.0,54.0
62640.0,53.5
62700.0,53.8
62760.0,55.7
62820.0,56.9
62880.0,56.9
62940.0,54.8
63000.0,55.4
63060.0,54.8
63120.0,57.7
63180.0,56.9
63240.0,56.2
63300.0,56.7
63360.0,56.2
63420.0,54.6
63480.0,56.5
63540.0,57.2
63600.0,54.7
63660.0,55.0
63720.0,55.1
63780.0,57.0
63840.0,56.6
63900.0,57.2
63960.0,56.2
64020.0,56.3
64080.0,56.1
64140.0,56.7
64200.0,57.8
64260.0,58.5
64320.0,57.5
64380.0,60.0
64440.0,59.6
64500.0,59.7
64560.0,54.8
64620.0,57.2
64680.0,57.9
64740.0,56.9
64800.0,54.2
64860.0,53.0
64920.0,52.6
64980.0,51.7
65040.0,52.8
65100.0,53.4
65160.0,52.8
65220.0,53.6
65280.0,52.3
65340.0,52.7
65400.0,53.8
65460.0,54.2
65520.0,53.1
65580.0,53.7
65640.0,53.8
65700.0,53.2
65760.0,53.3
65820.0,53.1
65880.0,52.2
65940.0,53.2
66000.0,54.4
66060.0,51.6
66120.0,52.7
66180.0,52.6
66240.0,54.8
66300.0,53.9
66360.0,52.9
66420.0,52.3
66480.0,53.2
66540.0,54.2
66600.0,54.3
66660.0,54.8
66720.0,53.9
66780.0,53.9
66840.0,54.8
66900.0,53.8
66960.0,53.4
67020.0,52.5
67080.0,54.0
67140.0,54.0
67200.0,54.5
67260.0,53.4
67320.0,53.5
67380.0,53.7
67440.0,53.7
67500.0,54.8
67560.0,54.9
67620.0,56.0
67680.0,52.9
67740.0,53.3
67800.0,54.4
67860.0,54.1
67920.0,54.0
67980.0,55.6
68040.0,55.6
68100.0,55.2
68160.0,54.8
68220.0,54.9
68280.0,52.8
68340.0,52.8
68400.0,51.1
68460.0,52.8
68520.0,52.1
68580.0,53.4
68640.0,53.0
68700.0,52.4
68760.0,54.3
68820.0,55.6
68880.0,55.9
68940.0,54.6
69000.0,55.9
69060.0,55.7
69120.0,55.0
69180.0,55.2
69240.0,54.9
69300.0,55.4
69360.0,56.0
69420.0,56.3
69480.0,54.7
69540.0,53.9
69600.0,55.7
69660.0,55.4
69720.0,55.7
69780.0,55.5
69840.0,55.2
69900.0,55.5
69960.0,55.5
70020.0,55.4
70080.0,54.2
70140.0,55.3
70200.0,55.4
70260.0,55.4
70320.0,55.5
70380.0,54.5
70440.0,53.9
70500.0,51.2
70560.0,54.0
70620.0,53.3
70680.0,50.1
70740.0,50.7
70800.0,52.2
70860.0,53.7
70920.0,53.2
70980.0,51.1
71040.0,50.7
71100.0,52.7
71160.0,50.7
71220.0,51.5
71280.0,53.3
71340.0,53.0
71400.0,52.1
71460.0,51.9
71520.0,53.2
71580.0,54.2
71640.0,53.0
71700.0,52.9
71760.0,52.4
71820.0,52.6
71880.0,52.8
71940.0,53.0
72000.0,52.2
72060.0,51.9
72120.0,51.4
72180.0,50.1
72240.0,50.2
72300.0,50.0
72360.0,50.5
72420.0,50.5
72480.0,50.2
72540.0,50.6
72600.0,49.7
72660.0,49.4
72720.0,48.8
72780.0,48.0
72840.0,47.2
72900.0,46.9
72960.0,47.0
73020.0,47.7
73080.0,45.8
73140.0,44.1
73200.0,45.5
73260.0,45.1
73320.0,45.1
73380.0,43.9
73440.0,45.0
73500.0,48.3
73560.0,47.3
73620.0,46.6
73680.0,46.2
73740.0,45.9
73800.0,46.2
73860.0,46.4
73920.0,46.3
73980.0,46.2
74040.0,45.5
74100.0,45.0
74160.0,46.5
74220.0,45.8
74280.0,45.7
74340.0,48.4
74400.0,46.2
74460.0,45.6
74520.0,46.6
74580.0,45.5
74640.0,46.5
74700.0,47.8
74760.0,48.7
74820.0,47.8
74880.0,44.7
74940.0,46.1
75000.0,44.0
75060.0,45.5
75120.0,46.8
75180.0,48.6
75240.0,48.8
75300.0,48.2
75360.0,46.9
75420.0,47.8
75480.0,48.3
75540.0,48.2
75600.0,47.4
75660.0,47.6
75720.0,47.3
75780.0,47.4
75840.0,47.8
75900.0,47.3
75960.0,49.1
76020.0,47.0
76080.0,46.6
76140.0,48.2
76200.0,49.9
76260.0,49.3
76320.0,49.7
76380.0,49.4
76440.0,49.8
76500.0,50.2
76560.0,49.6
76620.0,51.5
76680.0,49.1
76740.0,48.9
76800.0,49.7
76860.0,48.4
76920.0,49.4
76980.0,48.9
77040.0,50.2
77100.0,49.4
77160.0,49.9
77220.0,50.5
77280.0,50.9
77340.0,49.1
77400.0,50.2
77460.0,49.6
77520.0,49.3
77580.0,48.9
77640.0,48.4
77700.0,48.6
77760.0,50.8
77820.0,48.7
77880.0,49.5
77940.0,49.2
78000.0,46.7
78060.0,48.5
78120.0,49.3
78180.0,49.2
78240.0,49.6
78300.0,49.9
78360.0,49.1
78420.0,48.8
78480.0,48.6
78540.0,48.5
78600.0,49.7
78660.0,49.2
78720.0,50.4
78780.0,49.9
78840.0,50.8
78900.0,50.8
78960.0,50.9
79020.0,52.5
79080.0,52.4
79140.0,53.5
79200.0,52.8
79260.0,50.7
79320.0,51.1
79380.0,53.1
79440.0,53.1
79500.0,50.9
79560.0,52.1
79620.0,51.3
79680.0,53.2
79740.0,53.2
79800.0,53.3
79860.0,52.2
79920.0,53.6
79980.0,53.2
80040.0,52.7
80100.0,53.1
80160.0,49.1
80220.0,51.0
80280.0,50.7
80340.0,51.1
80400.0,48.6
80460.0,48.9
80520.0,50.7
80580.0,49.7
80640.0,49.8
80700.0,51.4
80760.0,51.2
80820.0,50.8
80880.0,49.9
80940.0,52.0
81000.0,52.8
81060.0,53.9
81120.0,52.2
81180.0,52.8
81240.0,51.3
81300.0,50.6
81360.0,51.4
81420.0,50.6
81480.0,46.4
81540.0,47.2
81600.0,50.0
81660.0,49.0
81720.0,49.2
81780.0,51.6
81840.0,54.1
81900.0,53.5
81960.0,54.4
82020.0,54.1
82080.0,53.0
82140.0,51.4
82200.0,49.3
82260.0,50.3
82320.0,49.4
82380.0,50.7
82440.0,53.5
82500.0,51.7
82560.0,51.1
82620.0,47.7
82680.0,48.4
82740.0,49.1
82800.0,50.1
82860.0,50.5
82920.0,51.2
82980.0,50.3
83040.0,47.4
83100.0,48.4
83160.0,50.4
83220.0,49.4
83280.0,49.2
83340.0,49.9
83400.0,51.3
83460.0,49.4
83520.0,50.5
83580.0,51.8
83640.0,51.6
83700.0,53.1
83760.0,52.2
83820.0,53.1
83880.0,51.6
83940.0,53.5
84000.0,52.8
84060.0,53.2
84120.0,54.2
84180.0,55.0
84240.0,54.1
84300.0,55.1
84360.0,55.0
84420.0,54.2
84480.0,54.7
84540.0,54.3
84600.0,53.4
84660.0,52.0
84720.0,52.1
84780.0,50.5
84840.0,51.5
84900.0,52.2
84960.0,51.9
85020.0,50.6
85080.0,50.6
85140.0,50.9
85200.0,49.0
85260.0,48.5
85320.0,50.2
85380.0,50.4
85440.0,49.3
85500.0,49.8
85560.0,50.2
85620.0,50.1
85680.0,51.6
85740.0,51.9
85800.0,50.6
85860.0,50.8
85920.0,50.3
85980.0,49.6
86040.0,49.0
86100.0,50.4
86160.0,51.3
86220.0,51.1
86280.0,48.2
86340.0,50.9
