CampaignData_and_Merges/R0/CSL_MobileLab_Parked/raw/20240810/USOS-jNO2_MobileLabGround_20240810_R0.ict
52,1001
Waxman, E.; Rollins, A.; Zuraski, K.; Chace, W.
NOAA Chemical Sciences Laboratory
jNO2 filter radiometer on CSL Mobile Lab
AMMBEC / USOS
1, 1
2024,08,10, 2025,04,01
60
Time_Start, seconds, number_of_seconds_since_0000_UTC
20
1, 1, 1, 1, 1, 1, 1, 1, 1, 1, 1, 1, 1, 1, 1, 1, 1, 1, 1, 1
-9999, -9999, -9999, -9999, -9999, -9999, -9999, -9999, -9999, -9999, -9999, -9999, -9999, -9999, -9999, -9999, -9999, -9999, -9999, -9999
Time_Stop, seconds, number_of_seconds_since_0000_UTC
jNO2_meas, per second, photolysis rate of NO2 measured using a filter radiometer.
jBrCl, per second, photolysis rate of BrCl -> Br + Cl calculated in TUV for cloud-free sky with local AOD
jBr2, per second, photolysis rate of Br2 -> Br + Br calculated in TUV for cloud-free sky with local AOD
jCCl4, per second, photolysis rate of CCl4 -> Products calcualted in TUV for cloud-free sky with local AOD
jCH2Oa, per second, photolysis rate of CH2O -> H + HCO calculated in TUV for cloud-free sky with local AOD
jCH2Ob, per second, photolysis rate of CH2O -> H2 + CO calculated in TUV for cloud-free sky with local AOD
jClNO2, per second, photolysis rate of ClNO2 -> Cl + NO2 calculated in TUV for cloud-free sky with local AOD
jClOa, per second, photolysis rate of ClO -> Cl + O(1D) calculated in TUV for cloud-free sky with local AOD
jClOb, per second, photolysis rate of ClO -> Cl + O(3P) calculated in TUV for cloud-free sky with local AOD
jCl2, per second, photolysis rate of Cl2 -> Cl + Cl calculated in TUV for cloud-free sky with local AOD
jHNO2, per second, photolysis rate of HNO2 -> OH + NO calculated in TUV for cloud-free sky with local AOD
jHNO3, per second, photolysis rate of HNO3 -> OH + NO2 calculated in TUV for cloud-free sky with local AOD
jI2, per second, photolysis rate of I2 -> I + I calculated in TUV for cloud-free sky with local AOD
jNO2, per second, photolysis rate of NO2 -> NO + O(3P) calculated in TUV for cloud-free sky with local AOD
jNO3a, per second, photolysis rate of NO3 -> NO + O2 calculated in TUV for cloud-free sky with local AOD
jNO3b, per second, photolysis rate of NO3 -> NO2 + O(3P) calculated in TUV for cloud-free sky with local AOD
jN2O5, per second, photolysis rate of N2O5 -> NO3 + NO + O(3P) calculated in TUV for cloud-free sky with local AOD
jO3, per second, photolysis rate of O3 -> O2 + O(1D) calculated in TUV for cloud-free sky with local AOD
AOD_500nm, unitless, UTC daily mean AOD at 500 nm from an AERONET station located at 40.178 N, -112.452 E
0
18
PI_CONTACT_INFO: eleanor.waxman@noaa.gov
PLATFORM: CSL Mobile Lab, at ground site
LOCATION: Salt Lake City, UT
ASSOCIATED_DATA:
INSTRUMENT_INFO: jNO2 filter radiometer.  TUV calculations are for mobile van lat/lon/altitude assuming clear sky (cloud AOD = 0) and daily mean AOD.
DATA_INFO:
UNCERTAINTY: Data uncertainties are +/- 20%.  These come from uncertainties in radiometer angular response, radiometer thermal response, local interferences from clouds/aerosols/shadows etc.
ULOD_FLAG: -7777
ULOD_VALUE: N/A
LLOD_FLAG: -8888
LLOD_VALUE: N/A
DM_CONTACT_INFO: eleanor.waxman@noaa.gov
PROJECT_INFO: USOS Project, July - August 2024
STIPULATIONS_ON_USE: Users are strongly encouraged to contact the PI for proper data usage.
OTHER_COMMENTS: 
REVISION: R0
R0: final data
Time_Start, Time_Stop, jNO2_meas, jBrCl, jBr2, jCCl4, jCH2Oa, jCH2Ob, jClNO2, jClOa, jClOb, jCl2, jHNO2, jHNO3, jI2, jNO2, jNO3a, jNO3b, jN2O5, jO3, AOD_500nm
[from data line 1064]
   63840,   63900,0.0079521,0.01011,0.03063,3.23e-23,2.931e-05,4.436e-05,0.0004373,1.501e-23,4.076e-05,0.002155,0.00141,5.164e-07,0.1091,0.008661,0.02105,0.1688,3.896e-05,2.665e-05,0.156
   63900,   63960,0.0079651,0.01012,0.03066,3.574e-23,2.941e-05,4.447e-05,0.0004384,1.647e-23,4.095e-05,0.002159,0.001412,5.185e-07,0.1092,0.008675,0.02106,0.169,3.906e-05,2.678e-05,0.156
   63960,   64020,0.0076985,0.01013,0.03067,3.758e-23,2.947e-05,4.453e-05,0.000439,1.735e-23,4.111e-05,0.002162,0.001414,5.199e-07,0.1093,0.008683,0.02107,0.169,3.913e-05,2.688e-05,0.156
   64020,   64080,0.0080055,0.01014,0.03069,3.939e-23,2.952e-05,4.459e-05,0.0004396,1.822e-23,4.125e-05,0.002164,0.001415,5.213e-07,0.1093,0.00869,0.02107,0.1691,3.919e-05,2.698e-05,0.156
   64080,   64140,0.0079169,0.01014,0.0307,4.146e-23,2.958e-05,4.466e-05,0.0004402,1.919e-23,4.14e-05,0.002166,0.001416,5.227e-07,0.1093,0.008698,0.02108,0.1691,3.925e-05,2.708e-05,0.156
   64140,   64200,0.0079552,0.01015,0.03072,4.359e-23,2.964e-05,4.472e-05,0.0004409,2.02e-23,4.155e-05,0.002169,0.001418,5.241e-07,0.1094,0.008706,0.02109,0.1692,3.931e-05,2.719e-05,0.156
   64200,   64260,0.007956,0.01015,0.03073,4.568e-23,2.969e-05,4.478e-05,0.0004414,2.121e-23,4.169e-05,0.002171,0.001419,5.253e-07,0.1094,0.008713,0.02109,0.1692,3.937e-05,2.728e-05,0.156
   64260,   64320,0.0079452,0.01016,0.03075,4.805e-23,2.974e-05,4.484e-05,0.000442,2.235e-23,4.184e-05,0.002173,0.00142,5.267e-07,0.1094,0.00872,0.0211,0.1693,3.944e-05,2.738e-05,0.156
   64320,   64380,0.0079784,0.01017,0.03076,5.034e-23,2.98e-05,4.49e-05,0.0004426,2.344e-23,4.199e-05,0.002176,0.001422,5.28e-07,0.1095,0.008728,0.0211,0.1693,3.95e-05,2.748e-05,0.156
   64380,   64440,0.0079931,0.01017,0.03077,5.27e-23,2.985e-05,4.496e-05,0.0004432,2.456e-23,4.212e-05,0.002178,0.001423,5.293e-07,0.1095,0.008735,0.02111,0.1694,3.955e-05,2.757e-05,0.156
   64440,   64500,0.0080142,0.01018,0.03079,5.534e-23,2.991e-05,4.502e-05,0.0004437,2.586e-23,4.227e-05,0.00218,0.001424,5.306e-07,0.1096,0.008742,0.02111,0.1694,3.961e-05,2.767e-05,0.156
   64500,   64560,0.0080353,0.01019,0.0308,5.806e-23,2.996e-05,4.507e-05,0.0004443,2.715e-23,4.241e-05,0.002182,0.001425,5.319e-07,0.1096,0.008749,0.02112,0.1695,3.967e-05,2.777e-05,0.156
   64560,   64620,0.0080447,0.01019,0.03082,6.07e-23,3.001e-05,4.513e-05,0.0004448,2.841e-23,4.254e-05,0.002185,0.001427,5.332e-07,0.1096,0.008756,0.02112,0.1695,3.973e-05,2.786e-05,0.156
   64620,   64680,0.0081172,0.0102,0.03083,6.367e-23,3.006e-05,4.519e-05,0.0004454,2.984e-23,4.268e-05,0.002187,0.001428,5.345e-07,0.1097,0.008763,0.02113,0.1696,3.978e-05,2.796e-05,0.156
   64680,   64740,0.0078344,0.0102,0.03084,6.669e-23,3.011e-05,4.524e-05,0.0004459,3.128e-23,4.282e-05,0.002189,0.001429,5.357e-07,0.1097,0.008769,0.02113,0.1696,3.984e-05,2.805e-05,0.156
   64740,   64800,0.0072317,0.01021,0.03085,6.972e-23,3.016e-05,4.529e-05,0.0004465,3.274e-23,4.295e-05,0.002191,0.00143,5.369e-07,0.1097,0.008776,0.02114,0.1697,3.989e-05,2.814e-05,0.156
   64800,   64860,0.0079687,0.01022,0.03087,7.296e-23,3.021e-05,4.535e-05,0.000447,3.431e-23,4.309e-05,0.002193,0.001431,5.381e-07,0.1098,0.008783,0.02114,0.1697,3.995e-05,2.823e-05,0.156
   64860,   64920,0.0076197,0.01022,0.03088,7.657e-23,3.026e-05,4.54e-05,0.0004475,3.601e-23,4.322e-05,0.002195,0.001433,5.394e-07,0.1098,0.008789,0.02115,0.1698,4.001e-05,2.832e-05,0.156
   64920,   64980,0.0079611,0.01023,0.03089,7.988e-23,3.031e-05,4.545e-05,0.000448,3.763e-23,4.335e-05,0.002197,0.001434,5.405e-07,0.1098,0.008795,0.02115,0.1698,4.006e-05,2.841e-05,0.156
   64980,   65040,0.0059576,0.01023,0.0309,8.346e-23,3.036e-05,4.551e-05,0.0004485,3.936e-23,4.348e-05,0.002199,0.001435,5.417e-07,0.1098,0.008802,0.02116,0.1698,4.011e-05,2.85e-05,0.156
   65040,   65100,0.0074144,0.01024,0.03091,8.718e-23,3.04e-05,4.556e-05,0.0004491,4.114e-23,4.361e-05,0.002201,0.001436,5.429e-07,0.1099,0.008808,0.02116,0.1699,4.016e-05,2.859e-05,0.156
   65100,   65160,0.0076356,0.01024,0.03093,9.095e-23,3.045e-05,4.561e-05,0.0004495,4.297e-23,4.373e-05,0.002203,0.001437,5.44e-07,0.1099,0.008814,0.02116,0.1699,4.021e-05,2.867e-05,0.156
   65160,   65220,0.0076805,0.01025,0.03094,9.504e-23,3.05e-05,4.566e-05,0.00045,4.496e-23,4.386e-05,0.002205,0.001438,5.452e-07,0.1099,0.00882,0.02117,0.17,4.027e-05,2.876e-05,0.156
   65220,   65280,0.0081592,0.01025,0.03095,9.921e-23,3.054e-05,4.571e-05,0.0004505,4.693e-23,4.399e-05,0.002207,0.001439,5.464e-07,0.11,0.008826,0.02117,0.17,4.032e-05,2.885e-05,0.156
   65280,   65340,0.0079101,0.01026,0.03096,1.033e-22,3.059e-05,4.576e-05,0.000451,4.895e-23,4.41e-05,0.002209,0.00144,5.474e-07,0.11,0.008832,0.02118,0.17,4.036e-05,2.893e-05,0.156
   65340,   65400,0.0069068,0.01026,0.03097,1.078e-22,3.063e-05,4.581e-05,0.0004515,5.111e-23,4.423e-05,0.00221,0.001441,5.486e-07,0.11,0.008838,0.02118,0.1701,4.041e-05,2.901e-05,0.156
   65400,   65460,0.0080543,0.01027,0.03098,1.124e-22,3.068e-05,4.585e-05,0.0004519,5.333e-23,4.435e-05,0.002212,0.001442,5.497e-07,0.11,0.008843,0.02119,0.1701,4.046e-05,2.91e-05,0.156
   65460,   65520,0.0079439,0.01027,0.03099,1.169e-22,3.072e-05,4.59e-05,0.0004524,5.551e-23,4.446e-05,0.002214,0.001443,5.507e-07,0.1101,0.008849,0.02119,0.1702,4.051e-05,2.918e-05,0.156
   65520,   65580,0.0077203,0.01028,0.031,1.218e-22,3.076e-05,4.595e-05,0.0004528,5.788e-23,4.458e-05,0.002216,0.001444,5.518e-07,0.1101,0.008854,0.02119,0.1702,4.056e-05,2.926e-05,0.156
   65580,   65640,0.0081781,0.01028,0.03101,1.269e-22,3.081e-05,4.599e-05,0.0004533,6.032e-23,4.47e-05,0.002218,0.001445,5.529e-07,0.1101,0.00886,0.0212,0.1702,4.06e-05,2.934e-05,0.156
   65640,   65700,0.0081953,0.01029,0.03102,1.318e-22,3.084e-05,4.604e-05,0.0004537,6.269e-23,4.481e-05,0.002219,0.001446,5.539e-07,0.1101,0.008865,0.0212,0.1703,4.065e-05,2.941e-05,0.156
   65700,   65760,0.0082033,0.01029,0.03103,1.371e-22,3.089e-05,4.608e-05,0.0004542,6.526e-23,4.493e-05,0.002221,0.001447,5.549e-07,0.1102,0.00887,0.0212,0.1703,4.069e-05,2.949e-05,0.156
   65760,   65820,0.0082072,0.0103,0.03104,1.426e-22,3.093e-05,4.613e-05,0.0004546,6.791e-23,4.504e-05,0.002223,0.001448,5.56e-07,0.1102,0.008876,0.02121,0.1703,4.074e-05,2.957e-05,0.156
   65820,   65880,0.0078766,0.0103,0.03105,1.479e-22,3.097e-05,4.617e-05,0.000455,7.048e-23,4.515e-05,0.002224,0.001449,5.569e-07,0.1102,0.008881,0.02121,0.1704,4.078e-05,2.965e-05,0.156
   65880,   65940,0.0072484,0.0103,0.03106,1.536e-22,3.101e-05,4.621e-05,0.0004554,7.327e-23,4.526e-05,0.002226,0.00145,5.579e-07,0.1102,0.008886,0.02121,0.1704,4.083e-05,2.972e-05,0.156
   65940,   66000,0.0083107,0.01031,0.03107,1.595e-22,3.105e-05,4.625e-05,0.0004558,7.614e-23,4.537e-05,0.002227,0.001451,5.589e-07,0.1103,0.008891,0.02122,0.1704,4.087e-05,2.98e-05,0.156
   66000,   66060,0.008202,0.01031,0.03108,1.652e-22,3.108e-05,4.629e-05,0.0004562,7.887e-23,4.547e-05,0.002229,0.001452,5.598e-07,0.1103,0.008896,0.02122,0.1705,4.091e-05,2.987e-05,0.156
   66060,   66120,0.0081423,0.01032,0.03109,1.714e-22,3.112e-05,4.633e-05,0.0004566,8.187e-23,4.558e-05,0.00223,0.001453,5.608e-07,0.1103,0.008901,0.02122,0.1705,4.095e-05,2.994e-05,0.156
   66120,   66180,0.0077377,0.01032,0.0311,1.777e-22,3.116e-05,4.637e-05,0.000457,8.494e-23,4.569e-05,0.002232,0.001454,5.617e-07,0.1103,0.008905,0.02123,0.1705,4.099e-05,3.001e-05,0.156
   66180,   66240,0.008348,0.01032,0.03111,1.838e-22,3.119e-05,4.641e-05,0.0004574,8.789e-23,4.579e-05,0.002233,0.001454,5.626e-07,0.1104,0.00891,0.02123,0.1706,4.103e-05,3.008e-05,0.156
   66240,   66300,0.0085486,0.01033,0.03111,1.904e-22,3.123e-05,4.645e-05,0.0004578,9.11e-23,4.589e-05,0.002235,0.001455,5.636e-07,0.1104,0.008915,0.02123,0.1706,4.107e-05,3.015e-05,0.156
   66300,   66360,0.0085004,0.01033,0.03112,1.971e-22,3.127e-05,4.649e-05,0.0004582,9.436e-23,4.599e-05,0.002236,0.001456,5.645e-07,0.1104,0.008919,0.02124,0.1706,4.111e-05,3.022e-05,0.156
   66360,   66420,0.0085054,0.01034,0.03113,2.035e-22,3.13e-05,4.653e-05,0.0004585,9.746e-23,4.608e-05,0.002238,0.001457,5.653e-07,0.1104,0.008923,0.02124,0.1706,4.115e-05,3.028e-05,0.156
   66420,   66480,0.0085025,0.01034,0.03114,2.105e-22,3.134e-05,4.656e-05,0.0004589,1.009e-22,4.618e-05,0.002239,0.001458,5.662e-07,0.1104,0.008928,0.02124,0.1707,4.119e-05,3.035e-05,0.156
   66480,   66540,0.0085473,0.01034,0.03115,2.176e-22,3.137e-05,4.66e-05,0.0004592,1.043e-22,4.628e-05,0.002241,0.001458,5.671e-07,0.1105,0.008932,0.02124,0.1707,4.123e-05,3.042e-05,0.156
   66540,   66600,0.0086171,0.01035,0.03115,2.244e-22,3.14e-05,4.663e-05,0.0004596,1.076e-22,4.637e-05,0.002242,0.001459,5.679e-07,0.1105,0.008936,0.02125,0.1707,4.126e-05,3.048e-05,0.156
   66600,   66660,0.0080804,0.01035,0.03116,2.317e-22,3.144e-05,4.667e-05,0.0004599,1.112e-22,4.646e-05,0.002243,0.00146,5.687e-07,0.1105,0.00894,0.02125,0.1707,4.13e-05,3.055e-05,0.156
   66660,   66720,0.0061337,0.01035,0.03117,2.39e-22,3.147e-05,4.671e-05,0.0004603,1.148e-22,4.656e-05,0.002245,0.001461,5.695e-07,0.1105,0.008944,0.02125,0.1708,4.133e-05,3.061e-05,0.156
   66720,   66780,0.0046866,0.01036,0.03118,2.461e-22,3.15e-05,4.674e-05,0.0004606,1.182e-22,4.664e-05,0.002246,0.001461,5.703e-07,0.1105,0.008948,0.02126,0.1708,4.137e-05,3.067e-05,0.156
   66780,   66840,0.0043967,0.01036,0.03118,2.538e-22,3.153e-05,4.677e-05,0.0004609,1.219e-22,4.673e-05,0.002247,0.001462,5.711e-07,0.1105,0.008952,0.02126,0.1708,4.14e-05,3.073e-05,0.156
   66840,   66900,0.0043247,0.01036,0.03119,2.615e-22,3.156e-05,4.68e-05,0.0004612,1.257e-22,4.682e-05,0.002248,0.001463,5.719e-07,0.1106,0.008956,0.02126,0.1708,4.144e-05,3.079e-05,0.156
   66900,   66960,0.0062592,0.01037,0.0312,2.689e-22,3.159e-05,4.684e-05,0.0004615,1.293e-22,4.69e-05,0.002249,0.001463,5.726e-07,0.1106,0.00896,0.02126,0.1709,4.147e-05,3.085e-05,0.156
   66960,   67020,0.0087162,0.01037,0.0312,2.768e-22,3.162e-05,4.687e-05,0.0004619,1.331e-22,4.699e-05,0.002251,0.001464,5.734e-07,0.1106,0.008964,0.02127,0.1709,4.15e-05,3.09e-05,0.156
   67020,   67080,0.0089159,0.01037,0.03121,2.847e-22,3.165e-05,4.69e-05,0.0004622,1.37e-22,4.707e-05,0.002252,0.001465,5.741e-07,0.1106,0.008967,0.02127,0.1709,4.153e-05,3.096e-05,0.156
   67080,   67140,0.0083945,0.01038,0.03122,2.923e-22,3.168e-05,4.693e-05,0.0004625,1.407e-22,4.715e-05,0.002253,0.001465,5.748e-07,0.1106,0.008971,0.02127,0.1709,4.156e-05,3.101e-05,0.156
   67140,   67200,0.008587,0.01038,0.03122,3.004e-22,3.17e-05,4.696e-05,0.0004627,1.446e-22,4.723e-05,0.002254,0.001466,5.756e-07,0.1106,0.008974,0.02127,0.171,4.159e-05,3.107e-05,0.156
   67200,   67260,0.0091865,0.01038,0.03123,3.086e-22,3.173e-05,4.699e-05,0.000463,1.486e-22,4.731e-05,0.002255,0.001467,5.763e-07,0.1107,0.008978,0.02127,0.171,4.162e-05,3.112e-05,0.156
   67260,   67320,0.0077936,0.01038,0.03124,3.163e-22,3.176e-05,4.701e-05,0.0004633,1.524e-22,4.738e-05,0.002256,0.001467,5.769e-07,0.1107,0.008981,0.02128,0.171,4.165e-05,3.117e-05,0.156
   67320,   67380,0.0075421,0.01039,0.03124,3.246e-22,3.178e-05,4.704e-05,0.0004636,1.564e-22,4.746e-05,0.002257,0.001468,5.776e-07,0.1107,0.008984,0.02128,0.171,4.168e-05,3.123e-05,0.156
   67380,   67440,0.007991,0.01039,0.03125,3.328e-22,3.181e-05,4.707e-05,0.0004638,1.604e-22,4.753e-05,0.002258,0.001468,5.782e-07,0.1107,0.008987,0.02128,0.171,4.171e-05,3.128e-05,0.156
   67440,   67500,0.0077652,0.01039,0.03125,3.406e-22,3.183e-05,4.709e-05,0.0004641,1.642e-22,4.76e-05,0.002259,0.001469,5.789e-07,0.1107,0.00899,0.02128,0.1711,4.173e-05,3.132e-05,0.156
   67500,   67560,0.0058726,0.0104,0.03126,3.489e-22,3.186e-05,4.712e-05,0.0004644,1.683e-22,4.767e-05,0.00226,0.001469,5.795e-07,0.1107,0.008993,0.02128,0.1711,4.176e-05,3.137e-05,0.156
   67560,   67620,0.005832,0.0104,0.03126,3.573e-22,3.188e-05,4.715e-05,0.0004646,1.723e-22,4.774e-05,0.002261,0.00147,5.801e-07,0.1107,0.008996,0.02129,0.1711,4.179e-05,3.142e-05,0.156
   67620,   67680,0.0071753,0.0104,0.03127,3.651e-22,3.191e-05,4.717e-05,0.0004648,1.762e-22,4.781e-05,0.002262,0.001471,5.807e-07,0.1108,0.008999,0.02129,0.1711,4.181e-05,3.147e-05,0.156
   67680,   67740,0.0089215,0.0104,0.03127,3.733e-22,3.193e-05,4.72e-05,0.0004651,1.802e-22,4.787e-05,0.002263,0.001471,5.813e-07,0.1108,0.009002,0.02129,0.1711,4.184e-05,3.151e-05,0.156
   67740,   67800,0.0093352,0.0104,0.03128,3.817e-22,3.195e-05,4.722e-05,0.0004653,1.842e-22,4.794e-05,0.002264,0.001472,5.818e-07,0.1108,0.009005,0.02129,0.1711,4.186e-05,3.156e-05,0.156
   67800,   67860,0.0074306,0.01041,0.03128,3.894e-22,3.197e-05,4.724e-05,0.0004655,1.88e-22,4.8e-05,0.002265,0.001472,5.824e-07,0.1108,0.009007,0.02129,0.1712,4.189e-05,3.16e-05,0.156
   67860,   67920,0.0094809,0.01041,0.03129,3.977e-22,3.199e-05,4.726e-05,0.0004658,1.921e-22,4.806e-05,0.002266,0.001473,5.829e-07,0.1108,0.00901,0.02129,0.1712,4.191e-05,3.164e-05,0.156
   67920,   67980,0.0072976,0.01041,0.03129,4.059e-22,3.201e-05,4.729e-05,0.000466,1.961e-22,4.812e-05,0.002266,0.001473,5.835e-07,0.1108,0.009013,0.0213,0.1712,4.193e-05,3.168e-05,0.156
   67980,   68040,0.0054216,0.01041,0.0313,4.135e-22,3.203e-05,4.731e-05,0.0004662,1.998e-22,4.818e-05,0.002267,0.001473,5.84e-07,0.1108,0.009015,0.0213,0.1712,4.195e-05,3.172e-05,0.156
   68040,   68100,0.0054603,0.01042,0.0313,4.215e-22,3.205e-05,4.733e-05,0.0004664,2.037e-22,4.823e-05,0.002268,0.001474,5.845e-07,0.1108,0.009017,0.0213,0.1712,4.197e-05,3.176e-05,0.156
   68100,   68160,0.0047841,0.01042,0.03131,4.295e-22,3.207e-05,4.735e-05,0.0004666,2.076e-22,4.829e-05,0.002269,0.001474,5.85e-07,0.1108,0.00902,0.0213,0.1712,4.2e-05,3.18e-05,0.156
   68160,   68220,0.0065984,0.01042,0.03131,4.369e-22,3.209e-05,4.737e-05,0.0004668,2.112e-22,4.834e-05,0.002269,0.001475,5.854e-07,0.1109,0.009022,0.0213,0.1712,4.202e-05,3.183e-05,0.156
   68220,   68280,0.0059378,0.01042,0.03131,4.447e-22,3.211e-05,4.739e-05,0.0004669,2.15e-22,4.839e-05,0.00227,0.001475,5.859e-07,0.1109,0.009024,0.0213,0.1713,4.204e-05,3.187e-05,0.156
   68280,   68340,0.006863,0.01042,0.03132,4.524e-22,3.213e-05,4.74e-05,0.0004671,2.188e-22,4.844e-05,0.002271,0.001475,5.863e-07,0.1109,0.009026,0.0213,0.1713,4.205e-05,3.19e-05,0.156
   68340,   68400,0.0058468,0.01042,0.03132,4.595e-22,3.214e-05,4.742e-05,0.0004673,2.223e-22,4.849e-05,0.002271,0.001476,5.867e-07,0.1109,0.009028,0.02131,0.1713,4.207e-05,3.194e-05,0.156
   68400,   68460,0.00584,0.01043,0.03132,4.668e-22,3.216e-05,4.744e-05,0.0004675,2.258e-22,4.854e-05,0.002272,0.001476,5.872e-07,0.1109,0.00903,0.02131,0.1713,4.209e-05,3.197e-05,0.156
   68460,   68520,0.0081848,0.01043,0.03133,4.741e-22,3.218e-05,4.746e-05,0.0004676,2.294e-22,4.858e-05,0.002273,0.001477,5.876e-07,0.1109,0.009032,0.02131,0.1713,4.211e-05,3.2e-05,0.156
   68520,   68580,0.0092655,0.01043,0.03133,4.809e-22,3.219e-05,4.747e-05,0.0004678,2.327e-22,4.863e-05,0.002273,0.001477,5.879e-07,0.1109,0.009034,0.02131,0.1713,4.212e-05,3.203e-05,0.156
   68580,   68640,0.0058311,0.01043,0.03133,4.879e-22,3.22e-05,4.749e-05,0.0004679,2.361e-22,4.867e-05,0.002274,0.001477,5.883e-07,0.1109,0.009036,0.02131,0.1713,4.214e-05,3.206e-05,0.156
   68640,   68700,0.0047601,0.01043,0.03134,4.947e-22,3.222e-05,4.75e-05,0.0004681,2.395e-22,4.871e-05,0.002274,0.001477,5.887e-07,0.1109,0.009037,0.02131,0.1713,4.216e-05,3.209e-05,0.156
   68700,   68760,0.0042278,0.01043,0.03134,5.008e-22,3.223e-05,4.751e-05,0.0004682,2.425e-22,4.875e-05,0.002275,0.001478,5.89e-07,0.1109,0.009039,0.02131,0.1713,4.217e-05,3.211e-05,0.156
   68760,   68820,0.0040823,0.01043,0.03134,5.073e-22,3.224e-05,4.753e-05,0.0004684,2.456e-22,4.879e-05,0.002276,0.001478,5.894e-07,0.1109,0.009041,0.02131,0.1714,4.218e-05,3.214e-05,0.156
   68820,   68880,0.0041542,0.01044,0.03135,5.135e-22,3.226e-05,4.754e-05,0.0004685,2.487e-22,4.882e-05,0.002276,0.001478,5.897e-07,0.1109,0.009042,0.02131,0.1714,4.22e-05,3.216e-05,0.156
