CampaignData_and_Merges/R0/CSL_MobileLab_Parked/raw/20240810/USOS-Picarro-CO2-CH4-CO-H2O_MobileLabGround_20240810_R0.ict
38, 1001
Ilana Pollack, Nell Schafer, and Jeff Peischl
NOAA Chemical Sciences Laboratory
Picarro 2401-m CO2/CH4/CO/H2O Analyzer
USOS
1, 1
2024, 08, 10, 2024, 11, 20
0
StartTime_UTC, seconds_past_midnight, seconds past midnight
5
1, 1, 1, 1, 1
-9999, -9999, -9999, -9999, -9999
StopTime_UTC, seconds_past_midnight, seconds past midnight
CO2_ppm_1min, ppm, Gas_CO2_InSitu_S_DMF, carbon dioxide mixing ratio
CH4_ppb_1min, ppb, Gas_CH4_InSitu_S_DMF, methane mixing ratio
CO_ppb_1min, ppb, Gas_CO_InSitu_S_DMF, carbon monoxide mixing ratio
H2O_ppmv_1min, ppmv, Met_H2OMRV_InSitu_S_AVMR, water vapor mixing ratio
1
SPECIAL COMMENTS: N/A
18
PI_CONTACT_INFO: Address: NOAA Chemical Sciences Laboratory, Mail Stop CSL7, 325 Broadway, Boulder, CO 80305; Email: Ilana.Pollack@noaa.gov
PLATFORM: NOAA CSL Mobile Laboratory
LOCATION: The mobile lab was stationed in Salt Lake City, Utah.
ASSOCIATED_DATA: N/A
INSTRUMENT_INFO: CO2, CH4, and CO are reported as dry air mole fractions using a commercial wavelength-scanned cavity ring-down analyzer (Picarro 2401-m). An in-field calibration gas standard of 432±0.07 ppm CO2, 2095±1 ppb CH4, and 183±1 ppb CO, calibrated in the Boulder laboratories before and after the field project using primary CO2, CH4, and CO standard tanks tied to the WMO standard (X2019, X2004A, and X2014A, respectively) from the Global Monitoring Laboratory (GML), was delivered to the inlet every 2-3 days to evaluate instrument sensitivity. A H2O measurement was calibrated before the project with a Dew Point Mirror 373 hygrometer. The water correction calculated from these calibrations was applied to the H2O measurement for the entire campaign. Species are measured at 0.5 Hz and reported as 1-minute averages for stationary measurements.
DATA_INFO: Units: CO2, ppm, dry air mole fraction; CH4, ppb, dry air mole fraction; CO, ppb, dry air mole fraction; H2O, ppmv
UNCERTAINTY: Total uncertainties are estimated as ±0.1 ppm for CO2, ±1 ppb for CH4, ±5 ppb for CO, and ±(50 ppm + 4%) for H2O.
ULOD_FLAG: -7777
ULOD_VALUE: N/A
LLOD_FLAG: -8888
LLOD_VALUE: N/A
DM_CONTACT_INFO: Data Manager: Nathan Howard; nathan.h.howard@noaa.gov
PROJECT_INFO: USOS Dates of Study: July – August 2024
STIPULATIONS_ON_USE: Use of these data require prior ok from PI.
OTHER_COMMENTS: Data are averaged to 1 minute intervals. Stationary data collected from a 10 ft tower on top of the mobile van.
REVISION: R0
R0: Final Data
StartTime_UTC, StopTime_UTC, CO2_ppm_1min, CH4_ppb_1min, CO_ppb_1min, H2O_ppmv_1min
[from data line 754]
45240,45300,435.83,1957.7,138.8,12715.8604
45300,45360,443.33,1965.1,185.8,12922.4434
45360,45420,439.14,1962.4,150.1,12801.7744
45420,45480,435.86,1960.0,133.3,12679.1826
45480,45540,436.26,1959.2,135.1,12720.1211
45540,45600,435.76,1957.6,128.6,12672.9717
45600,45660,436.79,1958.1,133.9,12701.9268
45660,45720,440.93,1960.6,153.3,12809.0410
45720,45780,439.64,1961.9,145.3,12773.2822
45780,45840,436.56,1962.3,136.1,12725.3857
45840,45900,438.37,1962.6,144.5,12754.2949
45900,45960,448.87,1965.1,167.9,12958.8086
45960,46020,446.62,1969.0,485.4,13020.1299
46020,46080,453.43,1972.9,354.3,13223.7939
46080,46140,444.23,1970.7,170.0,13064.6133
46140,46200,444.73,1972.0,167.5,13089.9189
46200,46260,447.67,1974.0,212.5,13219.9414
46260,46320,444.75,1972.8,203.7,13121.0947
46320,46380,450.20,1978.0,230.6,13200.2529
46380,46440,445.67,1974.8,179.6,13172.8301
46440,46500,439.74,1962.9,155.9,12967.4404
46500,46560,439.99,1962.9,151.8,13039.1514
46560,46620,440.54,1962.8,167.2,13094.6582
46620,46680,439.00,1961.2,139.5,13077.9805
46680,46740,438.22,1962.7,130.5,13018.6777
46740,46800,437.95,1962.0,133.0,12969.3174
46800,46860,437.46,1962.4,133.4,12934.9414
46860,46920,438.92,1961.5,137.2,12948.2773
46920,46980,436.69,1960.8,137.0,12887.3652
46980,47040,436.23,1959.4,150.8,12838.6543
47040,47100,437.27,1962.9,195.2,12923.4287
47100,47160,436.41,1964.1,153.1,12997.5049
47160,47220,440.13,1966.4,181.3,13065.0059
47220,47280,439.05,1961.9,136.2,13162.8379
47280,47340,440.86,1963.4,136.9,13223.1211
47340,47400,442.22,1964.6,140.3,13166.5273
47400,47460,438.00,1962.9,137.2,13005.1504
47460,47520,435.91,1963.6,151.1,12931.8555
47520,47580,438.31,1965.8,165.2,12986.2734
47580,47640,438.69,1964.2,159.5,12974.9941
47640,47700,437.00,1961.9,144.1,13005.9219
47700,47760,436.93,1962.6,147.6,13007.4941
47760,47820,437.22,1963.0,145.7,12961.8750
47820,47880,439.08,1966.3,149.4,13183.8408
47880,47940,438.45,1976.9,144.1,13296.0098
47940,48000,439.26,1981.8,147.3,13179.1729
48000,48060,442.34,1988.1,147.8,13189.0938
48060,48120,438.49,1970.4,142.9,13121.0488
48120,48180,436.17,1968.0,136.5,13065.6436
48180,48240,435.64,1966.3,134.6,13139.2637
48240,48300,436.81,1967.4,136.5,13295.2354
48300,48360,438.80,1968.7,139.3,13460.4395
48360,48420,439.11,1970.6,139.1,13744.4268
48420,48480,439.08,1968.4,144.6,13401.5850
48480,48540,438.81,1968.9,145.7,13322.7939
48540,48600,440.13,1970.6,147.0,13431.3730
48600,48660,438.60,1968.2,145.2,13203.5986
48660,48720,440.22,1969.8,147.1,13389.6523
48720,48780,438.89,1967.9,142.8,13213.4004
48780,48840,437.05,1966.4,145.1,13201.9873
48840,48900,438.66,1968.2,147.7,13336.8633
48900,48960,437.08,1967.6,143.7,13408.1191
48960,49020,436.78,1969.0,143.1,13628.8145
49020,49080,436.35,1966.3,145.0,13498.3066
49080,49140,437.03,1961.1,153.7,13365.4141
49140,49200,436.44,1960.3,154.2,13264.1855
49200,49260,437.25,1960.3,159.0,13393.6348
49260,49320,437.80,1959.7,163.1,13341.2744
49320,49380,439.03,1961.7,161.6,13482.9277
49380,49440,436.00,1961.8,139.4,13420.0430
49440,49500,436.17,1961.5,143.7,13496.2070
49500,49560,436.44,1961.1,149.2,13582.6240
49560,49620,436.40,1961.8,154.0,13535.2002
49620,49680,436.68,1961.0,159.9,13465.2139
49680,49740,436.17,1960.3,158.3,13500.7861
49740,49800,436.00,1960.1,195.4,13503.4443
49800,49860,435.44,1960.8,209.7,13606.6465
49860,49920,434.39,1959.0,144.5,13463.3037
49920,49980,437.56,1959.3,168.2,13658.7402
49980,50040,436.62,1959.1,156.8,13599.1738
50040,50100,435.27,1960.6,147.5,13655.7852
50100,50160,434.42,1959.3,147.6,13566.4805
50160,50220,433.97,1959.6,140.0,13509.7549
50220,50280,434.16,1960.4,138.7,13535.2607
50280,50340,434.90,1960.3,144.2,13585.7217
50340,50400,435.70,1959.7,145.3,13636.0449
50400,50460,436.68,1960.7,155.2,13822.1807
50460,50520,433.68,1959.6,139.2,13650.7520
50520,50580,435.09,1958.8,142.0,13751.9102
50580,50640,433.63,1959.0,139.6,13667.6406
50640,50700,433.79,1958.3,143.8,13696.9326
50700,50760,433.38,1957.6,146.9,13703.5918
50760,50820,431.88,1957.2,136.4,13587.2070
50820,50880,432.32,1957.3,138.4,13791.6211
50880,50940,432.65,1957.6,138.8,13781.0986
50940,51000,433.47,1957.7,142.1,13668.9365
51000,51060,433.49,1958.0,143.2,13824.5566
51060,51120,435.71,1960.7,166.1,13875.9717
51120,51180,433.62,1960.8,151.8,13804.2354
51180,51240,432.42,1960.3,142.8,13759.9639
51240,51300,432.52,1960.4,140.4,13662.7471
51300,51360,432.74,1960.6,138.1,13549.6631
51360,51420,438.45,1970.4,164.3,13820.3770
51420,51480,441.55,1974.6,176.6,14025.5420
51480,51540,438.75,1970.1,163.0,14146.4072
51540,51600,435.77,1973.6,154.8,14132.4209
51600,51660,433.42,1963.6,148.8,14259.6572
51660,51720,432.05,1963.8,148.6,14535.9902
51720,51780,433.98,1966.4,165.0,14527.7734
51780,51840,436.79,1968.5,178.3,14454.5068
51840,51900,436.96,1970.0,175.5,14607.0596
51900,51960,436.73,1970.6,173.8,14653.5283
51960,52020,437.80,1971.4,176.2,14777.8594
52020,52080,439.32,1974.0,184.5,14746.6699
52080,52140,445.40,1979.8,210.4,14982.0098
52140,52200,442.89,1979.5,201.0,14693.7266
52200,52260,443.62,1981.0,197.2,14384.5898
52260,52320,441.93,1975.3,178.0,13791.1992
52320,52380,441.75,1975.3,179.7,13805.5947
52380,52440,441.61,1974.6,179.8,13818.6162
52440,52500,441.25,1973.1,176.2,13746.4053
52500,52560,441.60,1975.0,180.9,13839.2021
52560,52620,440.52,1971.9,174.4,13648.5986
52620,52680,439.81,1970.7,173.8,13647.8330
52680,52740,439.62,1971.3,173.1,13808.6318
52740,52800,440.27,1972.3,175.9,14059.3320
52800,52860,440.26,1972.8,177.9,14151.4971
52860,52920,440.56,1973.1,179.4,13806.5078
52920,52980,440.60,1971.6,178.6,13789.3818
52980,53040,440.27,1971.7,176.0,13771.5410
53040,53100,440.09,1971.9,176.4,13822.1523
53100,53160,439.48,1970.8,175.7,14067.6445
53160,53220,439.28,1969.5,174.0,13673.3281
53220,53280,438.43,1968.9,170.7,13929.2461
53280,53340,439.71,1969.7,179.7,14019.4297
53340,53400,441.87,1970.1,187.6,13865.6025
53400,53460,441.21,1970.1,184.2,14080.5273
53460,53520,439.49,1969.5,176.9,13819.7383
53520,53580,438.55,1966.3,174.0,13698.7969
53580,53640,439.97,1967.7,174.4,13749.3242
53640,53700,438.07,1965.5,170.4,13478.0850
53700,53760,437.10,1962.5,166.5,13398.5273
53760,53820,436.77,1961.7,164.4,13341.0225
53820,53880,437.06,1964.0,169.2,13588.5469
53880,53940,437.21,1966.2,174.2,13950.8027
53940,54000,437.51,1965.8,178.6,13617.6396
54000,54060,437.88,1968.0,182.3,13904.6689
54060,54120,437.82,1967.2,199.2,13848.7383
54120,54180,437.87,1967.6,197.9,13934.3223
54180,54240,438.18,1969.0,196.6,14096.7910
54240,54300,440.53,1971.1,213.5,14282.8066
54300,54360,441.62,1973.1,222.3,14358.7832
54360,54420,439.67,1973.2,212.4,14528.7725
54420,54480,440.18,1974.5,215.2,14672.8086
54480,54540,439.89,1978.1,220.9,14774.0176
54540,54600,440.11,1980.6,223.4,15073.2324
54600,54660,440.69,1982.5,225.9,15168.0361
54660,54720,441.30,1985.8,234.3,15270.5361
54720,54780,441.95,1986.7,232.8,15483.6172
54780,54840,441.21,1985.5,238.5,15187.6631
54840,54900,440.24,1982.4,241.3,14944.0908
54900,54960,440.38,1981.4,248.3,14996.5264
54960,55020,440.93,1980.9,268.1,15276.4912
55020,55080,442.42,1979.0,272.0,15211.2881
55080,55140,442.25,1978.0,259.9,15010.4258
55140,55200,440.20,1977.0,241.5,14823.7773
55200,55260,439.22,1976.5,238.5,14853.1533
55260,55320,437.52,1969.3,214.9,14246.6816
55320,55380,437.64,1969.8,215.3,14443.0459
55380,55440,437.02,1966.5,206.4,14086.0781
55440,55500,436.50,1967.7,208.1,14343.9248
55500,55560,437.11,1969.0,214.1,14449.9688
55560,55620,437.76,1968.4,218.9,14288.5146
55620,55680,437.51,1968.5,216.4,14536.4727
55680,55740,441.47,1970.0,238.9,14691.3945
55740,55800,438.86,1970.3,239.1,14782.2236
55800,55860,437.53,1967.5,223.6,14530.2617
55860,55920,437.64,1966.9,223.5,14350.6865
55920,55980,437.28,1967.7,227.4,14457.7969
55980,56040,437.87,1969.2,233.2,14571.3936
56040,56100,436.37,1967.6,211.6,14741.7354
56100,56160,436.76,1967.6,199.4,14998.9912
56160,56220,437.23,1968.4,197.4,15060.1729
56220,56280,436.56,1968.5,202.4,15262.9697
56280,56340,436.15,1969.2,189.0,15277.3691
56340,56400,436.17,1969.1,188.7,15298.8447
56400,56460,443.71,1969.8,224.0,15481.6357
56460,56520,441.50,1968.9,204.6,15536.0137
56520,56580,436.55,1968.3,189.7,15187.6973
56580,56640,436.26,1969.0,187.7,15301.0469
56640,56700,435.07,1970.7,177.0,15696.3506
56700,56760,435.29,1970.7,178.3,15675.3750
56760,56820,435.75,1970.6,181.0,15614.6973
56820,56880,435.94,1972.9,173.4,15831.2324
56880,56940,435.97,1975.0,169.0,16220.4336
56940,57000,435.30,1974.4,166.3,16090.4092
57000,57060,435.24,1974.1,168.7,16286.9678
57060,57120,435.18,1974.7,169.3,16694.6582
57120,57180,433.75,1975.1,171.5,17013.6543
57180,57240,434.97,1971.4,183.0,16605.6367
57240,57300,437.01,1969.5,189.0,15853.6523
57300,57360,436.69,1967.0,178.4,15716.8496
57360,57420,435.72,1965.4,174.6,15174.4570
57420,57480,436.29,1969.9,184.1,16077.9004
57480,57540,437.04,1970.0,186.6,15697.7285
57540,57600,438.11,1970.0,203.2,15663.2822
57600,57660,435.50,1968.5,177.7,15349.2637
57660,57720,434.54,1968.3,176.4,15900.5527
57720,57780,433.13,1967.6,171.6,16131.3652
57780,57840,435.14,1968.1,173.5,15570.5996
57840,57900,436.08,1968.9,181.1,15735.8545
57900,57960,436.26,1969.7,174.6,15552.1221
57960,58020,434.92,1968.4,169.6,15142.5576
58020,58080,435.30,1968.4,175.5,15399.4951
58080,58140,435.60,1971.2,178.8,15488.8311
58140,58200,435.85,1971.7,182.6,15606.5576
58200,58260,436.16,1970.4,190.2,15566.5908
58260,58320,434.68,1968.9,181.0,15555.0703
58320,58380,434.96,1969.2,180.6,15488.8301
58380,58440,434.98,1969.2,184.4,15462.2666
58440,58500,434.60,1970.6,183.0,15696.8330
58500,58560,434.25,1970.7,181.5,15768.2090
58560,58620,437.35,1970.3,201.6,16012.5293
58620,58680,434.91,1969.3,177.1,15558.6133
58680,58740,434.06,1969.3,181.4,15565.5039
58740,58800,434.04,1968.4,183.0,15283.9854
58800,58860,434.13,1968.5,182.6,15318.9727
58860,58920,434.38,1968.3,185.0,15313.8486
58920,58980,434.04,1968.3,229.4,15308.6807
58980,59040,435.35,1967.1,216.7,15449.2178
59040,59100,435.37,1966.2,216.8,15702.3047
59100,59160,434.00,1964.5,187.7,14972.5586
59160,59220,433.73,1966.2,180.8,15027.6221
59220,59280,434.49,1969.7,187.9,15245.2227
59280,59340,434.78,1969.5,192.3,15807.3359
59340,59400,433.88,1969.1,237.7,16057.3574
59400,59460,435.53,1965.3,212.0,15080.8252
59460,59520,434.10,1967.0,180.0,15051.0693
59520,59580,434.34,1967.8,181.6,15243.2266
59580,59640,438.53,1969.7,193.3,15740.8887
59640,59700,433.47,1970.8,185.1,15628.1396
59700,59760,433.87,1971.2,181.5,15969.6641
59760,59820,438.28,1973.7,198.6,16151.3691
59820,59880,433.65,1973.4,174.9,15743.1855
59880,59940,434.79,1974.1,179.3,15851.8672
59940,60000,434.03,1975.2,183.4,16253.0898
60000,60060,434.10,1974.8,181.2,15946.5674
60060,60120,433.77,1974.8,181.4,16542.0117
60120,60180,434.12,1975.0,233.9,16407.0020
60180,60240,433.97,1974.8,185.3,16318.6836
60240,60300,433.55,1974.9,181.9,16272.8721
60300,60360,436.12,1975.4,221.3,15969.2314
60360,60420,434.96,1974.3,188.2,15988.7275
60420,60480,434.05,1973.4,179.5,15708.5039
60480,60540,434.71,1974.0,179.2,15763.8340
60540,60600,435.13,1974.2,182.6,15823.1377
60600,60660,436.14,1974.7,193.8,16120.0918
60660,60720,436.71,1974.7,194.3,16199.2246
60720,60780,441.34,1975.1,193.5,16253.0508
60780,60840,438.89,1974.7,193.4,16258.4082
60840,60900,437.45,1973.4,185.7,16072.6914
60900,60960,435.54,1972.9,185.4,15751.9521
60960,61020,433.87,1973.1,180.2,15603.2031
61020,61080,434.06,1973.0,180.5,15696.5635
61080,61140,433.62,1972.4,179.5,15657.6631
61140,61200,434.09,1972.2,181.0,15713.3730
61200,61260,448.00,1979.9,189.2,16614.9863
61260,61320,441.55,1977.9,207.1,16638.0645
61320,61380,433.98,1972.7,183.4,16637.2500
61380,61440,434.17,1972.6,183.8,16349.0293
61440,61500,434.13,1972.8,197.3,16550.5957
61500,61560,433.52,1972.8,202.7,16673.7930
61560,61620,432.94,1972.4,183.3,16542.3184
61620,61680,433.39,1973.2,185.3,16582.6211
61680,61740,433.23,1973.3,184.5,16718.6211
61740,61800,435.02,1973.8,189.0,16010.6318
61800,61860,436.25,1973.4,195.1,16502.4688
61860,61920,435.75,1971.0,188.2,16132.8057
61920,61980,435.49,1970.1,182.2,15797.5127
61980,62040,435.08,1968.8,183.2,16225.3467
62040,62100,436.57,1966.0,203.6,15670.9697
62100,62160,436.21,1965.5,184.8,15496.9697
62160,62220,435.74,1965.4,178.2,15216.5166
62220,62280,435.96,1966.8,186.2,15337.5264
62280,62340,437.81,1967.4,210.0,15663.9912
62340,62400,436.65,1966.8,183.3,15709.6914
62400,62460,437.51,1967.1,184.0,15695.5391
62460,62520,436.38,1968.3,186.8,15571.6406
62520,62580,434.15,1968.8,188.7,16543.9805
62580,62640,434.06,1969.6,187.8,16785.3789
62640,62700,435.72,1970.6,195.2,16385.5254
62700,62760,439.24,1972.5,276.5,16351.6553
62760,62820,436.04,1971.7,199.5,15954.5518
62820,62880,435.13,1971.5,188.3,15919.5938
62880,62940,436.46,1970.4,199.2,16261.9326
62940,63000,439.23,1969.6,206.2,15939.9746
63000,63060,437.47,1969.3,201.0,16685.0352
63060,63120,434.11,1967.1,179.5,15740.3799
63120,63180,434.03,1967.0,181.0,15713.8955
63180,63240,434.12,1967.7,189.3,16223.5215
63240,63300,436.22,1968.2,188.2,16375.1055
63300,63360,437.80,1969.4,193.5,16461.0020
63360,63420,435.88,1968.9,199.6,16419.7559
63420,63480,436.99,1969.2,272.0,16714.7129
63480,63540,434.52,1968.3,184.8,15959.1211
63540,63600,433.38,1968.5,191.3,17405.7598
63600,63660,435.11,1968.5,195.9,16978.3867
63660,63720,435.02,1966.4,226.4,15875.0693
63720,63780,432.46,1964.6,178.8,15643.8906
63780,63840,434.41,1965.4,179.6,15764.7041
63840,63900,432.20,1965.4,176.5,16008.3564
63900,63960,431.65,1966.0,177.5,16376.5088
63960,64020,434.34,1966.7,203.1,16417.8770
64020,64080,432.45,1966.2,182.5,16382.2920
64080,64140,432.41,1966.2,184.3,16569.9336
64140,64200,434.42,1966.2,191.1,16189.5166
64200,64260,433.87,1966.5,186.7,15698.2754
64260,64320,435.61,1967.0,194.5,16061.4668
64320,64380,434.79,1967.0,194.8,15920.0801
64380,64440,433.03,1966.8,185.7,15886.2158
64440,64500,433.52,1966.8,188.7,15772.6875
64500,64560,432.07,1962.2,177.5,16284.8037
64560,64620,439.32,1967.6,216.3,17299.6875
64620,64680,438.53,1966.2,192.3,16363.1084
64680,64740,431.38,1959.2,173.2,15144.4150
64740,64800,431.21,1959.0,171.6,15531.2656
64800,64860,429.32,1949.4,164.2,14144.9170
64860,64920,428.32,1948.4,148.4,13834.7168
64920,64980,430.01,1947.9,193.8,14243.0742
64980,65040,428.09,1946.0,144.4,13741.0762
65040,65100,428.03,1946.2,144.2,13640.9502
65100,65160,427.83,1947.2,143.4,13720.8721
65160,65220,427.91,1947.1,143.5,13710.7949
65220,65280,430.53,1947.6,156.3,13886.4297
65280,65340,428.75,1947.7,146.5,14042.2451
65340,65400,428.20,1947.3,136.0,13489.4756
65400,65460,427.20,1946.6,138.0,13270.2646
65460,65520,427.27,1947.0,138.7,13405.7217
65520,65580,427.27,1946.3,136.6,13266.4824
65580,65640,426.83,1945.2,131.5,13050.5313
65640,65700,425.91,1943.7,124.7,12624.3730
65700,65760,426.30,1944.4,128.5,12969.7129
65760,65820,426.53,1944.9,131.0,13217.0811
65820,65880,426.65,1945.1,135.2,13398.0684
65880,65940,426.14,1944.8,133.9,13142.6387
65940,66000,426.34,1945.0,133.9,13190.7959
66000,66060,427.76,1946.0,149.6,13580.4150
66060,66120,426.72,1945.4,141.4,13215.4043
66120,66180,426.35,1945.0,135.6,13038.0605
66180,66240,426.42,1945.4,134.3,13251.9727
66240,66300,426.90,1945.3,136.1,13128.9688
66300,66360,428.41,1945.5,148.1,13350.8105
66360,66420,428.41,1945.9,152.3,13585.9600
66420,66480,427.41,1946.0,146.3,13196.5107
66480,66540,427.27,1947.1,145.1,13433.9365
66540,66600,427.51,1947.3,195.2,13593.0762
66600,66660,427.27,1947.3,148.6,13536.4902
66660,66720,427.85,1947.5,146.1,13542.4346
66720,66780,427.41,1947.9,151.5,13873.4766
66780,66840,427.12,1947.6,142.2,13554.8545
66840,66900,426.62,1946.9,135.0,13087.3135
66900,66960,426.88,1947.6,140.2,13192.8887
66960,67020,427.53,1948.4,146.2,13409.5439
67020,67080,426.72,1948.4,142.4,13267.0908
67080,67140,426.50,1947.5,139.4,13325.8633
67140,67200,426.47,1947.2,153.7,13311.8828
67200,67260,426.45,1946.7,143.7,13132.3203
67260,67320,428.42,1947.6,150.4,13256.0898
67320,67380,428.59,1948.6,157.3,13585.7021
67380,67440,427.53,1949.1,152.6,13658.7217
67440,67500,426.66,1949.2,142.3,13567.0889
67500,67560,426.72,1949.0,137.5,13452.6885
