CampaignData_and_Merges/R0/CSL_MobileLab_Parked/raw/20240810/USOS-MetNav_MobileLabGround_20240810_R0.ict
44, 1001
Carrie Womack, Nate Howard, Mike Zucker
NOAA Chemical Sciences Laboratory
Mobile Lab MetNav Station
USOS
1, 1
2024, 08, 10, 2024, 12, 21
60
Time_Start, seconds_past_midnight, Seconds from midnight UTC
11
1, 1, 1, 1, 1, 1, 1, 1, 1, 1, 1
-9999, -9999, -9999, -9999, -9999, -9999, -9999, -9999, -9999, -9999, -9999
GPS_Alt_m, meters, Altitude from Differential GPS
GPS_Course_deg, degrees, Course from Differential GPS
GPS_GndSpd_m_s, m/s, Ground Speed from Differential GPS
GPS_Heading_deg, degrees, Heading from Differential GPS
GPS_Lat_deg, degrees, Latitude from Differential GPS
GPS_Lon_deg, degrees, Longitude from Differential GPS
AirTemp_C, Celsius, Air Temperature from Airmar
RelHumidity_pct, percent, Relative Humidity from Airmar
Pressure_mb, millibars, Pressure from Honeywell
WindDir_calc_deg, degrees, Wind Direction from Airmar corrected for van movement
WindSpd_calc_m_s, m/s, Wind Speed from Airmar corrected for van movement
1
SPECIAL COMMENTS:
18
PI_CONTACT_INFO: Address: 325 Broadway R/CSL7, Boulder, CO, 80305
PLATFORM: CSL Mobile Lab
LOCATION: Salt Lake City, UT
ASSOCIATED_DATA: N/A
INSTRUMENT_INFO: N/A
DATA_INFO: Units:
UNCERTAINTY: N/A
ULOD_FLAG: -7777
ULOD_VALUE: N/A
LLOD_FLAG: -8888
LLOD_VALUE: N/A
DM_CONTACT_INFO: Data Manager: Nate Howard
PROJECT_INFO: 
STIPULATIONS_ON_USE: Use of these data require prior ok from PI.
OTHER_COMMENTS: 
REVISION: R0
R0: Final data. Fixed bug in wind averaging code. RA: Preliminary Data. For in-field use only. 
Time_Start, GPS_Alt_m, GPS_Course_deg, GPS_GndSpd_m_s, GPS_Heading_deg, GPS_Lat_deg, GPS_Lon_deg, AirTemp_C, RelHumidity_pct, Pressure_mb, WindDir_calc_deg, WindSpd_calc_m_s
[from data line 1250]
75000.0,1308.5,2.69,0.06,2.69,40.73434,-111.87210,30.4,27.9,876.4,119.29,3.9
75060.0,1308.6,2.79,0.04,2.79,40.73434,-111.87210,30.4,28.6,876.3,123.68,3.9
75120.0,1308.6,3.07,0.05,3.07,40.73434,-111.87210,30.5,28.6,876.3,117.63,3.9
75180.0,1308.6,2.94,0.05,2.94,40.73434,-111.87210,30.2,27.4,876.3,112.89,4.7
75240.0,1308.7,2.84,0.05,2.84,40.73434,-111.87210,30.2,27.3,876.2,113.94,4.8
75300.0,1308.7,3.39,0.04,3.39,40.73434,-111.87210,30.2,27.3,876.2,117.06,4.6
75360.0,1308.6,3.22,0.05,3.22,40.73434,-111.87210,30.3,27.3,876.2,119.79,4.7
75420.0,1308.4,3.05,0.04,3.05,40.73434,-111.87210,30.3,26.9,876.2,113.24,4.5
75480.0,1308.8,2.70,0.05,2.70,40.73434,-111.87210,30.3,26.3,876.2,118.92,4.4
75540.0,1308.7,2.50,0.04,2.50,40.73434,-111.87210,30.5,26.5,876.2,118.32,3.9
75600.0,1308.6,3.22,0.04,3.22,40.73434,-111.87210,30.6,25.6,876.2,118.17,3.4
75660.0,1308.3,3.19,0.05,3.19,40.73434,-111.87210,30.8,26.8,876.2,124.04,3.5
75720.0,1308.2,3.35,0.05,3.35,40.73434,-111.87210,31.0,26.2,876.1,117.60,3.1
75780.0,1308.3,3.08,0.05,3.08,40.73434,-111.87210,31.1,25.6,876.1,123.07,3.3
75840.0,1308.3,2.98,0.05,2.98,40.73434,-111.87210,31.3,25.3,876.1,127.63,3.6
75900.0,1308.3,2.52,0.05,2.52,40.73434,-111.87210,31.4,24.7,876.1,109.86,3.7
75960.0,1308.1,2.41,0.04,2.41,40.73434,-111.87210,31.6,24.4,876.1,108.58,2.3
76020.0,1308.1,2.97,0.05,2.97,40.73434,-111.87210,31.9,25.1,876.1,119.59,2.1
76080.0,1308.0,2.81,0.05,2.81,40.73434,-111.87210,32.0,24.9,876.0,131.61,3.9
76140.0,1308.0,2.62,0.05,2.62,40.73434,-111.87210,32.0,24.4,876.1,122.10,4.5
76200.0,1307.9,2.13,0.06,2.13,40.73434,-111.87210,32.0,22.5,876.0,124.06,4.7
76260.0,1307.8,2.27,0.05,2.27,40.73434,-111.87210,32.1,22.6,876.0,118.43,3.8
76320.0,1307.7,2.74,0.04,2.74,40.73434,-111.87210,32.0,22.0,876.0,120.04,4.5
76380.0,1307.7,2.49,0.05,2.49,40.73434,-111.87211,32.2,22.8,876.0,108.61,2.7
76440.0,1307.8,2.55,0.05,2.55,40.73434,-111.87211,32.2,22.2,876.0,100.58,2.6
76500.0,1307.9,2.51,0.05,2.51,40.73434,-111.87210,32.1,21.4,876.0,111.18,4.1
76560.0,1307.9,2.41,0.05,2.41,40.73434,-111.87211,32.3,21.5,875.9,113.14,3.4
76620.0,1308.0,2.33,0.05,2.33,40.73434,-111.87211,32.3,20.6,875.9,112.58,3.6
76680.0,1308.1,2.70,0.05,2.70,40.73434,-111.87211,32.6,21.3,875.9,107.50,1.4
76740.0,1308.1,2.59,0.05,2.59,40.73434,-111.87211,32.7,20.7,875.9,104.50,1.9
76800.0,1308.2,2.29,0.05,2.29,40.73434,-111.87211,32.7,20.0,875.8,114.36,3.3
76860.0,1308.4,2.11,0.06,2.11,40.73434,-111.87211,32.8,20.8,875.8,96.68,1.3
76920.0,1308.6,2.59,0.05,2.59,40.73434,-111.87211,32.9,19.6,875.8,98.14,1.6
76980.0,1308.9,2.79,0.05,2.79,40.73433,-111.87211,33.0,19.7,875.8,96.39,2.0
77040.0,1309.1,2.44,0.05,2.44,40.73433,-111.87211,32.9,19.2,875.7,105.70,3.2
77100.0,1309.2,1.73,0.06,1.73,40.73433,-111.87211,32.9,19.2,875.7,112.98,4.2
77160.0,1309.2,2.35,0.06,2.35,40.73433,-111.87211,32.8,19.6,875.7,115.72,4.5
77220.0,1309.3,2.66,0.06,2.66,40.73433,-111.87211,32.8,19.9,875.7,109.05,3.1
77280.0,1309.3,2.71,0.05,2.71,40.73433,-111.87211,32.9,19.6,875.6,112.59,3.1
77340.0,1309.3,2.62,0.05,2.62,40.73433,-111.87211,33.0,19.7,875.6,107.06,2.8
77400.0,1309.3,2.30,0.04,2.30,40.73433,-111.87211,33.1,19.6,875.6,105.60,1.6
77460.0,1309.2,1.97,0.05,1.97,40.73433,-111.87211,33.4,20.1,875.6,105.32,1.1
77520.0,1309.2,1.68,0.04,1.68,40.73433,-111.87211,33.5,19.9,875.5,110.68,2.5
77580.0,1309.3,1.61,0.05,1.61,40.73434,-111.87211,33.6,20.0,875.5,107.64,2.4
77640.0,1309.4,1.90,0.05,1.90,40.73434,-111.87211,33.8,20.1,875.5,103.21,1.4
77700.0,1309.3,2.10,0.04,2.10,40.73434,-111.87211,34.0,19.9,875.5,104.55,1.4
77760.0,1309.2,2.18,0.06,2.18,40.73434,-111.87210,34.0,19.1,875.5,110.54,2.5
77820.0,1308.7,2.37,0.06,2.37,40.73434,-111.87210,34.1,19.8,875.4,94.60,1.7
77880.0,1308.7,2.80,0.05,2.80,40.73434,-111.87210,34.0,19.3,875.4,103.87,1.6
77940.0,1308.9,2.44,0.05,2.44,40.73434,-111.87210,34.0,18.6,875.4,115.66,1.4
78000.0,1309.0,2.33,0.05,2.33,40.73434,-111.87210,33.9,19.2,875.4,118.74,1.9
78060.0,1308.9,2.13,0.06,2.13,40.73434,-111.87210,33.9,19.7,875.4,109.14,1.3
78120.0,1309.4,1.95,0.05,1.95,40.73434,-111.87211,34.1,19.0,875.3,102.30,0.9
78180.0,1309.9,2.00,0.05,2.00,40.73434,-111.87211,34.2,18.8,875.3,105.95,1.5
78240.0,1310.0,1.94,0.05,1.94,40.73434,-111.87211,34.4,18.5,875.3,101.53,1.3
78300.0,1309.8,1.68,0.05,1.68,40.73434,-111.87211,34.4,18.6,875.3,125.40,3.6
78360.0,1309.7,1.32,0.06,1.32,40.73434,-111.87211,34.4,19.2,875.2,98.64,2.0
78420.0,1309.5,0.94,0.05,0.94,40.73434,-111.87210,34.6,18.7,875.2,121.83,2.1
78480.0,1309.8,1.29,0.05,1.29,40.73434,-111.87210,34.7,18.8,875.2,116.53,2.6
78540.0,1310.0,1.19,0.05,1.19,40.73434,-111.87210,34.8,19.6,875.2,117.58,2.6
78600.0,1310.2,0.93,0.06,0.93,40.73434,-111.87210,34.7,18.4,875.2,99.98,2.4
78660.0,1310.3,0.63,0.05,0.63,40.73434,-111.87210,34.8,18.5,875.2,109.04,2.0
78720.0,1310.2,0.63,0.05,0.63,40.73434,-111.87210,34.9,18.1,875.1,103.74,2.3
78780.0,1310.2,1.33,0.04,1.33,40.73434,-111.87210,35.1,18.6,875.1,97.32,1.0
78840.0,1310.3,1.95,0.04,1.95,40.73434,-111.87210,35.2,18.6,875.1,113.21,2.7
78900.0,1310.4,2.14,0.04,2.14,40.73434,-111.87210,35.1,18.1,875.1,122.85,3.7
78960.0,1310.4,1.82,0.04,1.82,40.73434,-111.87210,35.2,18.3,875.1,126.32,3.4
79020.0,1310.5,1.24,0.05,1.24,40.73434,-111.87210,35.3,17.7,875.1,136.21,2.1
79080.0,1310.4,1.44,0.05,1.44,40.73434,-111.87210,35.6,16.9,875.1,179.54,3.0
79140.0,1310.4,1.35,0.05,1.35,40.73434,-111.87210,35.7,17.1,875.1,168.05,2.2
79200.0,1310.5,1.01,0.05,1.01,40.73434,-111.87210,35.9,17.7,875.1,153.70,2.2
79260.0,1310.7,1.25,0.05,1.25,40.73434,-111.87210,35.7,18.5,875.1,122.94,2.9
79320.0,1310.9,1.48,0.05,1.48,40.73434,-111.87210,35.7,19.2,875.1,128.90,2.6
79380.0,1310.9,1.48,0.05,1.48,40.73434,-111.87210,35.8,18.2,875.1,130.10,2.4
79440.0,1311.1,1.48,0.05,1.48,40.73434,-111.87210,36.0,18.4,875.1,144.38,1.6
79500.0,1311.2,1.28,0.05,1.28,40.73434,-111.87210,35.9,19.5,875.1,128.27,2.5
79560.0,1311.1,1.20,0.05,1.20,40.73434,-111.87210,35.9,18.3,875.1,146.20,3.2
79620.0,1311.1,1.29,0.06,1.29,40.73434,-111.87210,35.5,19.0,875.1,131.15,3.9
79680.0,1311.0,1.22,0.06,1.22,40.73434,-111.87210,35.3,18.7,875.1,116.20,1.7
79740.0,1311.0,1.39,0.05,1.39,40.73434,-111.87211,35.2,18.8,875.0,100.55,0.7
79800.0,1310.9,1.47,0.05,1.47,40.73434,-111.87211,35.2,18.9,875.0,120.53,1.3
79860.0,1310.8,1.68,0.05,1.68,40.73434,-111.87211,35.1,18.9,875.0,129.28,1.5
79920.0,1310.8,1.56,0.06,1.56,40.73434,-111.87211,35.2,18.2,875.0,148.21,1.5
79980.0,1311.0,1.21,0.05,1.21,40.73434,-111.87211,35.5,18.4,874.9,140.54,1.2
80040.0,1311.0,0.87,0.05,0.87,40.73434,-111.87211,35.7,18.0,874.9,135.29,0.9
80100.0,1310.9,0.81,0.05,0.81,40.73434,-111.87211,35.9,18.5,874.9,109.39,1.0
80160.0,1310.9,1.00,0.05,1.00,40.73434,-111.87211,35.8,19.4,874.8,77.76,0.7
80220.0,1310.8,1.57,0.04,1.57,40.73434,-111.87210,35.8,19.0,874.8,85.32,0.8
80280.0,1310.8,1.63,0.04,1.63,40.73434,-111.87210,35.8,18.5,874.8,102.66,0.9
80340.0,1310.7,1.84,0.05,1.84,40.73434,-111.87210,35.8,18.5,874.7,111.38,1.0
80400.0,1310.7,1.99,0.04,1.99,40.73434,-111.87210,35.8,19.6,874.7,76.73,0.6
80460.0,1310.7,2.10,0.05,2.10,40.73434,-111.87210,35.8,20.1,874.6,110.44,1.5
80520.0,1310.5,2.10,0.05,2.10,40.73434,-111.87210,36.0,18.2,874.6,127.49,1.2
80580.0,1310.4,1.89,0.04,1.89,40.73434,-111.87210,36.0,19.2,874.6,98.16,1.3
80640.0,1310.3,1.73,0.05,1.73,40.73434,-111.87210,36.1,18.2,874.5,127.04,1.6
80700.0,1310.3,1.77,0.05,1.77,40.73434,-111.87210,36.1,18.6,874.5,115.97,1.3
80760.0,1310.1,1.92,0.05,1.92,40.73434,-111.87210,36.1,18.1,874.5,102.48,1.1
80820.0,1310.0,1.91,0.05,1.91,40.73434,-111.87210,36.1,18.7,874.5,114.39,1.1
80880.0,1310.0,2.01,0.06,2.01,40.73434,-111.87210,36.0,19.0,874.5,101.81,1.4
80940.0,1310.1,1.85,0.05,1.85,40.73434,-111.87210,36.1,18.2,874.5,100.58,1.2
81000.0,1310.2,1.83,0.05,1.83,40.73434,-111.87210,36.3,17.4,874.5,105.67,1.1
81060.0,1310.2,1.78,0.05,1.78,40.73434,-111.87210,36.4,17.2,874.5,102.03,1.1
81120.0,1310.1,1.74,0.05,1.74,40.73434,-111.87210,36.6,17.5,874.4,99.78,1.0
81180.0,1310.0,2.17,0.04,2.17,40.73434,-111.87210,36.7,18.0,874.4,102.76,1.1
81240.0,1310.1,2.38,0.04,2.38,40.73434,-111.87210,36.6,18.1,874.4,118.62,2.0
81300.0,1310.0,2.43,0.04,2.43,40.73434,-111.87210,36.7,18.4,874.4,117.65,2.0
81360.0,1310.4,2.36,0.05,2.36,40.73434,-111.87210,36.8,18.2,874.3,117.42,1.4
81420.0,1310.4,2.28,0.05,2.28,40.73434,-111.87210,36.9,18.2,874.3,116.73,1.9
81480.0,1310.5,2.10,0.05,2.10,40.73434,-111.87210,36.8,17.9,874.3,115.27,1.9
81540.0,1310.8,2.10,0.04,2.10,40.73435,-111.87210,36.9,18.0,874.2,111.09,1.5
81600.0,1310.9,2.55,0.05,2.55,40.73435,-111.87210,36.8,17.1,874.2,123.15,1.8
81660.0,1311.0,2.70,0.05,2.70,40.73435,-111.87210,36.6,18.1,874.2,122.70,2.5
81720.0,1310.8,2.31,0.05,2.31,40.73435,-111.87210,36.4,17.6,874.2,116.97,2.1
81780.0,1311.0,2.66,0.05,2.66,40.73435,-111.87210,36.4,17.0,874.2,148.02,2.3
81840.0,1310.9,2.66,0.05,2.66,40.73435,-111.87210,36.4,16.8,874.2,151.95,2.2
81900.0,1310.6,2.05,0.04,2.05,40.73435,-111.87210,36.5,16.7,874.2,157.18,2.0
81960.0,1310.8,2.27,0.04,2.27,40.73435,-111.87210,36.4,16.9,874.2,143.99,1.2
82020.0,1310.6,2.32,0.06,2.32,40.73434,-111.87210,36.4,17.5,874.2,96.30,0.9
82080.0,1310.8,2.19,0.05,2.19,40.73434,-111.87210,36.3,18.2,874.2,97.07,0.8
82140.0,1310.7,1.96,0.05,1.96,40.73434,-111.87210,36.0,19.2,874.2,97.18,0.8
82200.0,1310.5,2.01,0.05,2.01,40.73434,-111.87210,35.8,19.8,874.2,113.57,1.2
82260.0,1310.4,2.29,0.05,2.29,40.73434,-111.87210,35.7,20.4,874.2,122.11,1.4
82320.0,1310.3,2.13,0.05,2.13,40.73434,-111.87210,35.5,20.3,874.2,90.11,0.7
82380.0,1310.3,1.52,0.06,1.52,40.73434,-111.87210,35.1,18.9,874.3,80.75,0.7
82440.0,1310.2,1.82,0.05,1.82,40.73434,-111.87210,35.1,17.7,874.3,96.61,0.7
82500.0,1310.1,1.88,0.05,1.88,40.73434,-111.87210,34.9,18.2,874.3,121.99,1.7
82560.0,1310.1,1.83,0.05,1.83,40.73434,-111.87210,34.9,18.5,874.3,118.95,1.5
82620.0,1310.0,2.12,0.05,2.12,40.73434,-111.87210,34.8,19.7,874.3,112.25,1.1
82680.0,1309.8,2.47,0.05,2.47,40.73434,-111.87210,34.7,19.7,874.3,108.11,1.2
82740.0,1309.7,2.06,0.05,2.06,40.73434,-111.87210,34.5,19.7,874.3,91.05,0.6
82800.0,1309.8,2.35,0.05,2.35,40.73434,-111.87210,34.4,19.3,874.3,84.72,0.6
82860.0,1309.7,2.26,0.04,2.26,40.73434,-111.87210,34.2,19.3,874.4,78.95,0.5
82920.0,1309.4,2.39,0.04,2.39,40.73434,-111.87211,34.2,19.3,874.4,81.29,0.6
82980.0,1309.6,2.41,0.04,2.41,40.73434,-111.87210,34.1,19.4,874.5,89.36,0.7
83040.0,1309.4,2.42,0.05,2.42,40.73434,-111.87210,34.0,20.2,874.5,75.04,0.5
83100.0,1309.1,2.76,0.05,2.76,40.73434,-111.87210,34.0,19.9,874.5,31.31,0.3
83160.0,1309.1,3.00,0.04,3.00,40.73434,-111.87210,34.1,19.8,874.5,108.63,0.4
83220.0,1309.0,2.97,0.05,2.97,40.73434,-111.87210,34.2,20.0,874.6,104.75,0.6
83280.0,1308.9,2.82,0.05,2.82,40.73434,-111.87210,34.1,19.9,874.6,104.23,0.5
83340.0,1308.9,3.19,0.05,3.19,40.73434,-111.87210,34.3,19.7,874.6,117.63,0.4
83400.0,1308.9,3.06,0.05,3.06,40.73434,-111.87210,34.4,19.4,874.7,109.48,0.8
83460.0,1308.9,2.97,0.04,2.97,40.73434,-111.87210,34.5,19.5,874.7,181.81,0.3
83520.0,1309.0,2.61,0.04,2.61,40.73434,-111.87210,34.5,19.3,874.8,158.37,0.3
83580.0,1309.0,2.51,0.05,2.51,40.73434,-111.87210,34.6,19.1,874.8,208.38,0.7
83640.0,1309.1,2.80,0.05,2.80,40.73434,-111.87210,34.6,19.2,874.9,215.06,0.7
83700.0,1309.1,2.86,0.04,2.86,40.73434,-111.87210,34.7,19.4,874.9,170.54,0.6
83760.0,1309.1,3.03,0.05,3.03,40.73434,-111.87210,34.8,19.6,875.0,210.09,1.0
83820.0,1309.0,2.60,0.04,2.60,40.73433,-111.87210,34.8,19.8,875.0,208.68,0.6
83880.0,1308.8,2.27,0.05,2.27,40.73433,-111.87210,34.8,20.1,875.0,229.29,0.4
83940.0,1308.8,2.34,0.06,2.34,40.73433,-111.87210,34.9,19.9,875.1,220.41,1.6
84000.0,1308.8,2.46,0.05,2.46,40.73433,-111.87210,35.0,20.0,875.1,231.48,0.6
84060.0,1308.7,2.26,0.05,2.26,40.73433,-111.87210,35.1,19.8,875.1,217.01,0.7
84120.0,1308.7,2.00,0.05,2.00,40.73433,-111.87210,35.3,19.5,875.1,232.01,0.7
84180.0,1308.8,2.16,0.05,2.16,40.73433,-111.87210,35.5,19.4,875.1,249.52,0.4
84240.0,1308.6,2.26,0.05,2.26,40.73433,-111.87210,35.7,19.2,875.1,168.89,0.9
84300.0,1308.5,2.59,0.06,2.59,40.73433,-111.87210,36.0,19.1,875.1,165.99,0.5
84360.0,1308.4,2.71,0.05,2.71,40.73433,-111.87210,36.2,18.6,875.1,217.49,0.9
84420.0,1308.2,2.92,0.05,2.92,40.73433,-111.87210,36.1,18.5,875.0,313.33,0.5
84480.0,1308.1,2.67,0.04,2.67,40.73433,-111.87210,36.1,18.3,875.0,160.35,0.5
84540.0,1308.1,2.27,0.05,2.27,40.73433,-111.87210,36.3,18.1,875.0,167.45,0.5
84600.0,1308.1,2.25,0.04,2.25,40.73433,-111.87210,36.3,17.7,875.0,152.60,2.2
84660.0,1307.9,2.11,0.04,2.11,40.73433,-111.87210,36.2,17.2,875.0,172.22,2.0
84720.0,1307.7,1.71,0.05,1.71,40.73433,-111.87210,36.3,17.4,875.0,186.20,2.0
84780.0,1307.6,1.93,0.05,1.93,40.73433,-111.87210,36.5,18.1,875.0,132.57,0.4
84840.0,1307.6,1.93,0.05,1.93,40.73433,-111.87210,36.5,18.4,875.0,338.40,0.5
84900.0,1307.6,2.32,0.05,2.32,40.73434,-111.87210,36.6,17.9,875.0,123.62,0.5
84960.0,1307.6,2.52,0.04,2.52,40.73434,-111.87210,36.7,17.2,875.2,192.32,2.5
85020.0,1307.6,2.35,0.04,2.35,40.73434,-111.87210,36.4,17.0,875.2,177.14,3.7
85080.0,1307.5,2.41,0.04,2.41,40.73434,-111.87210,36.2,17.1,875.2,175.43,3.2
85140.0,1307.4,2.13,0.05,2.13,40.73434,-111.87210,36.1,17.9,875.2,151.67,2.3
85200.0,1307.4,1.94,0.05,1.94,40.73434,-111.87210,35.9,18.0,875.2,170.02,3.7
85260.0,1307.5,1.82,0.04,1.82,40.73434,-111.87210,35.6,18.6,875.2,161.61,3.9
85320.0,1307.9,2.05,0.04,2.05,40.73434,-111.87211,35.3,18.7,875.2,176.20,3.5
85380.0,1308.2,2.42,0.05,2.42,40.73434,-111.87211,35.2,19.0,875.2,177.76,3.3
85440.0,1308.2,2.82,0.04,2.82,40.73434,-111.87211,34.9,19.5,875.2,148.78,4.3
85500.0,1308.3,2.77,0.05,2.77,40.73434,-111.87211,34.8,19.8,875.2,158.61,2.9
85560.0,1308.3,2.89,0.05,2.89,40.73434,-111.87211,34.6,19.7,875.3,177.50,3.4
85620.0,1308.1,3.21,0.05,3.21,40.73434,-111.87211,34.4,20.1,875.2,155.16,3.3
85680.0,1308.3,2.90,0.05,2.90,40.73434,-111.87211,34.4,19.6,875.2,156.29,3.0
85740.0,1308.5,2.86,0.05,2.86,40.73434,-111.87211,34.1,19.8,875.2,169.95,4.4
85800.0,1308.7,2.86,0.04,2.86,40.73434,-111.87211,34.1,20.2,875.2,157.50,3.3
85860.0,1308.8,3.10,0.05,3.10,40.73434,-111.87211,34.2,19.9,875.1,171.37,2.4
85920.0,1308.7,2.74,0.05,2.74,40.73434,-111.87211,33.9,20.6,875.1,138.81,3.9
85980.0,1308.8,2.67,0.05,2.67,40.73434,-111.87211,33.9,20.2,875.1,152.87,3.6
86040.0,1308.9,2.91,0.04,2.91,40.73434,-111.87211,33.9,20.7,875.1,146.48,3.0
86100.0,1308.8,2.35,0.06,2.35,40.73434,-111.87211,33.6,19.7,875.1,129.10,4.9
86160.0,1308.8,2.53,0.05,2.53,40.73434,-111.87211,33.5,19.9,875.1,141.09,3.5
86220.0,1308.8,2.70,0.05,2.70,40.73434,-111.87211,33.5,20.0,875.1,153.19,3.5
86280.0,1308.8,2.70,0.05,2.70,40.73434,-111.87211,33.1,20.6,875.1,123.59,5.6
86340.0,1308.8,2.20,0.05,2.20,40.73434,-111.87211,32.7,20.9,875.1,123.28,5.4
