CampaignData_and_Merges/R0/CSL_MobileLab_Parked/raw/20240810/USOS-MetNav_MobileLabGround_20240810_R0.ict
44, 1001
Carrie Womack, Nate Howard, Mike Zucker
NOAA Chemical Sciences Laboratory
Mobile Lab MetNav Station
USOS
1, 1
2024, 08, 10, 2024, 12, 21
60
Time_Start, seconds_past_midnight, Seconds from midnight UTC
11
1, 1, 1, 1, 1, 1, 1, 1, 1, 1, 1
-9999, -9999, -9999, -9999, -9999, -9999, -9999, -9999, -9999, -9999, -9999
GPS_Alt_m, meters, Altitude from Differential GPS
GPS_Course_deg, degrees, Course from Differential GPS
GPS_GndSpd_m_s, m/s, Ground Speed from Differential GPS
GPS_Heading_deg, degrees, Heading from Differential GPS
GPS_Lat_deg, degrees, Latitude from Differential GPS
GPS_Lon_deg, degrees, Longitude from Differential GPS
AirTemp_C, Celsius, Air Temperature from Airmar
RelHumidity_pct, percent, Relative Humidity from Airmar
Pressure_mb, millibars, Pressure from Honeywell
WindDir_calc_deg, degrees, Wind Direction from Airmar corrected for van movement
WindSpd_calc_m_s, m/s, Wind Speed from Airmar corrected for van movement
1
SPECIAL COMMENTS:
18
PI_CONTACT_INFO: Address: 325 Broadway R/CSL7, Boulder, CO, 80305
PLATFORM: CSL Mobile Lab
LOCATION: Salt Lake City, UT
ASSOCIATED_DATA: N/A
INSTRUMENT_INFO: N/A
DATA_INFO: Units:
UNCERTAINTY: N/A
ULOD_FLAG: -7777
ULOD_VALUE: N/A
LLOD_FLAG: -8888
LLOD_VALUE: N/A
DM_CONTACT_INFO: Data Manager: Nate Howard
PROJECT_INFO: 
STIPULATIONS_ON_USE: Use of these data require prior ok from PI.
OTHER_COMMENTS: 
REVISION: R0
R0: Final data. Fixed bug in wind averaging code. RA: Preliminary Data. For in-field use only. 
Time_Start, GPS_Alt_m, GPS_Course_deg, GPS_GndSpd_m_s, GPS_Heading_deg, GPS_Lat_deg, GPS_Lon_deg, AirTemp_C, RelHumidity_pct, Pressure_mb, WindDir_calc_deg, WindSpd_calc_m_s
0.0,1309.1,2.54,0.05,2.54,40.73434,-111.87211,32.7,19.4,875.9,290.00,1.1
60.0,1307.8,2.87,0.05,2.87,40.73435,-111.87211,32.2,20.6,876.0,294.31,2.0
120.0,1307.4,2.63,0.05,2.63,40.73435,-111.87211,31.7,21.9,876.1,340.23,1.0
180.0,1307.6,2.18,0.04,2.18,40.73434,-111.87211,31.0,24.1,876.1,340.84,1.1
240.0,1307.7,1.80,0.04,1.80,40.73434,-111.87211,30.3,25.7,876.2,342.92,1.4
300.0,1308.6,1.97,0.05,1.97,40.73434,-111.87211,29.4,29.2,876.3,318.97,1.8
360.0,1309.3,1.97,0.05,1.97,40.73434,-111.87211,27.4,34.6,876.3,329.05,1.5
420.0,1309.4,1.96,0.06,1.96,40.73434,-111.87211,26.4,36.3,876.4,347.63,1.7
480.0,1309.4,1.85,0.04,1.85,40.73434,-111.87211,25.0,39.1,876.2,344.77,2.1
540.0,1309.3,1.38,0.05,1.38,40.73434,-111.87211,24.2,42.0,876.2,16.35,1.2
600.0,1309.3,1.30,0.05,1.30,40.73434,-111.87211,23.2,42.9,876.1,356.47,1.1
660.0,1309.3,1.37,0.04,1.37,40.73434,-111.87211,22.5,41.9,876.2,1.86,0.8
720.0,1309.3,1.35,0.05,1.35,40.73434,-111.87211,22.0,43.1,876.1,53.22,0.7
780.0,1309.1,1.24,0.05,1.24,40.73434,-111.87211,21.7,44.5,876.0,99.78,0.8
840.0,1309.1,1.42,0.05,1.42,40.73434,-111.87211,21.4,44.1,876.1,36.64,0.5
900.0,1309.0,2.15,0.05,2.15,40.73434,-111.87211,21.3,43.6,876.1,86.50,0.5
960.0,1308.9,2.25,0.04,2.25,40.73434,-111.87211,21.0,44.8,876.2,67.44,0.5
1020.0,1308.9,1.86,0.04,1.86,40.73434,-111.87211,20.9,45.1,876.4,31.98,0.6
1080.0,1308.8,1.41,0.04,1.41,40.73434,-111.87211,20.8,47.2,876.5,89.30,0.4
1140.0,1308.8,1.18,0.05,1.18,40.73434,-111.87211,20.8,47.7,876.5,358.10,0.8
1200.0,1308.6,0.98,0.05,0.98,40.73434,-111.87211,20.6,48.7,876.6,4.54,0.8
1260.0,1308.4,0.95,0.04,0.95,40.73434,-111.87211,20.6,49.8,876.6,28.35,0.9
1320.0,1308.5,1.75,0.05,1.75,40.73434,-111.87211,20.6,50.6,876.5,53.37,0.8
1380.0,1308.6,2.51,0.04,2.51,40.73434,-111.87211,20.6,50.6,876.5,41.36,0.7
1440.0,1308.5,2.50,0.05,2.50,40.73434,-111.87211,20.8,49.6,876.4,37.35,0.7
1500.0,1308.7,2.48,0.05,2.48,40.73434,-111.87211,20.9,49.4,876.3,27.83,1.0
1560.0,1308.9,2.35,0.06,2.35,40.73434,-111.87211,21.1,47.3,876.3,53.88,0.8
1620.0,1308.7,2.47,0.05,2.47,40.73434,-111.87211,21.4,50.6,876.2,131.62,1.2
1680.0,1308.6,2.19,0.05,2.19,40.73434,-111.87211,21.8,49.9,876.2,124.05,1.3
1740.0,1308.4,1.88,0.05,1.88,40.73434,-111.87211,22.1,49.1,876.1,144.57,0.8
1800.0,1308.4,2.68,0.05,2.68,40.73434,-111.87211,22.4,50.1,876.1,117.21,1.0
1860.0,1308.6,2.84,0.05,2.84,40.73434,-111.87211,22.7,49.1,876.1,103.80,1.0
1920.0,1308.4,2.74,0.05,2.74,40.73434,-111.87211,23.0,48.1,876.1,130.27,1.3
1980.0,1308.6,2.50,0.05,2.50,40.73434,-111.87211,23.3,47.1,876.2,108.81,0.8
2040.0,1308.6,2.26,0.05,2.26,40.73434,-111.87211,23.6,45.1,876.2,111.11,1.5
2100.0,1308.8,2.08,0.05,2.08,40.73434,-111.87211,23.8,44.2,876.2,82.16,0.9
2160.0,1308.7,1.82,0.05,1.82,40.73434,-111.87211,24.0,42.7,876.2,125.14,1.1
2220.0,1308.6,1.97,0.05,1.97,40.73434,-111.87211,24.1,42.9,876.3,108.49,0.9
2280.0,1308.6,2.73,0.05,2.73,40.73434,-111.87211,24.2,40.6,876.2,125.84,1.0
2340.0,1308.7,2.59,0.05,2.59,40.73434,-111.87211,24.4,41.0,876.3,124.38,1.2
2400.0,1308.7,2.42,0.05,2.42,40.73434,-111.87211,24.6,40.7,876.3,122.96,1.4
2460.0,1308.6,1.86,0.05,1.86,40.73434,-111.87211,24.7,41.3,876.3,98.58,0.8
2520.0,1308.7,1.91,0.05,1.91,40.73434,-111.87211,24.9,39.0,876.3,115.48,1.6
2580.0,1308.8,2.00,0.05,2.00,40.73434,-111.87211,25.0,37.3,876.3,109.33,1.6
2640.0,1308.8,1.99,0.05,1.99,40.73434,-111.87211,25.1,36.5,876.3,115.56,1.2
2700.0,1308.8,2.03,0.06,2.03,40.73434,-111.87211,25.2,37.4,876.2,108.37,2.3
2760.0,1308.9,2.06,0.06,2.06,40.73434,-111.87211,25.3,34.9,876.2,106.92,1.6
2820.0,1308.9,1.55,0.05,1.55,40.73434,-111.87211,25.3,34.3,876.2,103.56,1.9
2880.0,1309.0,1.67,0.05,1.67,40.73434,-111.87211,25.4,32.1,876.2,113.87,1.1
2940.0,1309.1,2.27,0.05,2.27,40.73434,-111.87211,25.3,32.9,876.1,118.35,1.9
3000.0,1309.0,2.42,0.05,2.42,40.73434,-111.87211,25.4,32.7,876.1,109.07,1.2
3060.0,1309.1,2.60,0.05,2.60,40.73434,-111.87211,25.4,32.6,876.0,119.50,1.1
3120.0,1309.2,2.93,0.06,2.93,40.73434,-111.87211,25.3,33.7,876.0,102.25,2.0
3180.0,1309.3,3.11,0.05,3.11,40.73434,-111.87211,25.2,34.6,875.9,107.24,3.2
3240.0,1309.4,3.34,0.06,3.34,40.73434,-111.87211,25.2,34.5,875.9,110.35,2.5
3300.0,1309.3,2.86,0.04,2.86,40.73434,-111.87211,25.2,34.6,875.9,103.43,1.7
3360.0,1309.5,3.08,0.05,3.08,40.73434,-111.87211,25.1,35.1,875.8,111.35,2.1
3420.0,1309.7,3.41,0.05,3.41,40.73434,-111.87210,25.0,34.6,875.8,109.73,2.1
3480.0,1309.7,3.31,0.05,3.31,40.73434,-111.87210,25.0,34.8,875.8,116.04,2.0
3540.0,1309.8,2.89,0.05,2.89,40.73434,-111.87210,25.0,34.3,875.7,109.18,1.9
3600.0,1309.8,2.63,0.05,2.63,40.73434,-111.87210,24.9,33.2,875.7,102.62,2.3
3660.0,1309.6,2.75,0.06,2.75,40.73434,-111.87210,25.0,33.5,875.6,113.05,2.4
3720.0,1309.5,2.30,0.06,2.30,40.73434,-111.87210,25.0,32.8,875.5,114.40,1.9
3780.0,1309.3,2.62,0.06,2.62,40.73434,-111.87210,25.1,32.7,875.5,113.61,3.0
3840.0,1309.3,2.49,0.06,2.49,40.73434,-111.87210,25.2,32.7,875.4,113.56,2.7
3900.0,1309.0,2.58,0.06,2.58,40.73434,-111.87210,25.3,32.3,875.4,114.86,3.1
3960.0,1308.7,2.41,0.05,2.41,40.73434,-111.87210,25.4,32.6,875.3,111.56,3.1
4020.0,1308.5,2.31,0.06,2.31,40.73434,-111.87210,25.5,32.0,875.3,99.92,2.4
4080.0,1308.4,2.13,0.06,2.13,40.73434,-111.87210,25.5,32.4,875.2,109.00,1.6
4140.0,1308.4,2.39,0.05,2.39,40.73434,-111.87210,25.6,31.9,875.2,109.03,2.6
4200.0,1308.3,2.49,0.06,2.49,40.73434,-111.87210,25.6,31.4,875.1,102.95,1.3
4260.0,1308.3,2.99,0.05,2.99,40.73434,-111.87210,25.6,30.3,875.1,102.62,2.8
4320.0,1308.3,2.91,0.06,2.91,40.73434,-111.87210,25.7,30.7,875.0,111.74,2.3
4380.0,1308.4,2.62,0.05,2.62,40.73434,-111.87210,25.9,30.4,875.0,112.90,3.2
4440.0,1308.5,2.53,0.05,2.53,40.73434,-111.87210,25.9,30.9,875.0,117.16,2.8
4500.0,1308.5,2.94,0.06,2.94,40.73434,-111.87210,26.0,31.1,874.9,116.74,3.0
4560.0,1308.4,2.53,0.05,2.53,40.73434,-111.87210,26.1,30.6,874.9,109.81,2.9
4620.0,1308.4,2.15,0.05,2.15,40.73434,-111.87211,26.2,30.5,874.9,106.70,2.8
4680.0,1308.3,2.66,0.06,2.66,40.73434,-111.87211,26.4,30.1,874.9,119.19,2.3
4740.0,1308.2,2.19,0.05,2.19,40.73434,-111.87211,26.5,29.6,875.0,102.85,1.9
4800.0,1308.0,2.25,0.06,2.25,40.73434,-111.87211,26.5,29.7,875.0,109.74,2.8
4860.0,1308.2,2.71,0.05,2.71,40.73434,-111.87210,26.6,29.7,875.0,112.71,3.5
4920.0,1308.4,2.45,0.06,2.45,40.73434,-111.87210,26.7,29.8,875.0,114.47,1.5
4980.0,1308.4,2.06,0.06,2.06,40.73434,-111.87211,26.8,29.2,875.0,111.92,2.2
5040.0,1308.4,1.89,0.06,1.89,40.73434,-111.87211,26.9,29.2,875.0,121.46,1.8
5100.0,1308.4,1.62,0.05,1.62,40.73434,-111.87211,27.0,29.1,875.0,85.50,1.3
5160.0,1308.4,1.42,0.05,1.42,40.73434,-111.87211,27.0,28.1,875.0,92.59,2.6
5220.0,1308.4,1.32,0.06,1.32,40.73434,-111.87211,27.1,28.2,875.0,120.65,4.0
5280.0,1308.4,1.44,0.05,1.44,40.73434,-111.87211,27.3,28.1,875.0,108.30,2.8
5340.0,1308.3,1.50,0.05,1.50,40.73434,-111.87211,27.5,28.4,875.0,108.83,1.5
5400.0,1308.4,1.44,0.06,1.44,40.73433,-111.87211,27.4,27.5,875.0,113.88,2.9
5460.0,1308.3,1.46,0.05,1.46,40.73433,-111.87211,27.5,27.6,875.0,122.15,2.6
5520.0,1308.5,1.47,0.05,1.47,40.73433,-111.87211,27.5,27.1,875.0,111.93,3.4
5580.0,1308.6,1.23,0.04,1.23,40.73433,-111.87211,27.4,26.6,874.9,112.20,4.2
5640.0,1308.6,0.89,0.06,0.89,40.73433,-111.87211,27.5,25.9,874.9,105.09,3.3
5700.0,1308.6,1.34,0.06,1.34,40.73433,-111.87211,27.5,26.3,874.9,118.46,3.5
5760.0,1308.5,1.26,0.05,1.26,40.73433,-111.87211,27.7,26.4,874.9,121.70,2.3
5820.0,1308.4,1.59,0.05,1.59,40.73433,-111.87211,27.8,25.8,874.9,109.08,2.0
5880.0,1308.4,1.62,0.06,1.62,40.73433,-111.87211,27.8,25.6,874.9,122.60,2.7
5940.0,1308.6,1.33,0.05,1.33,40.73433,-111.87211,27.8,26.4,874.9,109.08,1.9
6000.0,1308.6,1.32,0.05,1.32,40.73433,-111.87211,27.8,25.8,874.9,117.09,3.2
6060.0,1308.6,1.50,0.06,1.50,40.73433,-111.87211,27.9,25.4,875.0,110.66,1.8
6120.0,1308.5,1.44,0.05,1.44,40.73433,-111.87211,27.9,24.9,875.0,109.24,1.8
6180.0,1308.7,1.47,0.06,1.47,40.73433,-111.87211,27.9,24.6,875.0,120.80,3.8
6240.0,1308.9,1.39,0.06,1.39,40.73433,-111.87211,27.9,25.7,875.0,117.88,1.8
6300.0,1308.9,1.51,0.06,1.51,40.73433,-111.87211,28.0,25.6,875.0,112.68,1.3
6360.0,1308.8,1.76,0.06,1.76,40.73433,-111.87211,27.8,24.9,875.0,109.52,4.0
6420.0,1308.7,2.06,0.05,2.06,40.73434,-111.87211,27.8,25.0,875.0,113.98,3.0
6480.0,1308.1,2.63,0.06,2.63,40.73434,-111.87211,27.7,24.9,875.0,109.16,3.7
6540.0,1308.4,2.50,0.06,2.50,40.73433,-111.87211,27.7,25.0,875.0,97.62,1.4
6600.0,1308.4,2.52,0.05,2.52,40.73433,-111.87211,27.6,25.5,875.0,108.67,2.9
6660.0,1308.3,2.22,0.05,2.22,40.73433,-111.87211,27.5,25.5,875.0,110.23,2.1
6720.0,1308.2,2.17,0.06,2.17,40.73433,-111.87211,27.5,25.8,875.0,112.28,2.6
6780.0,1307.6,2.21,0.06,2.21,40.73433,-111.87211,27.3,25.9,875.1,109.90,3.2
6840.0,1307.4,2.98,0.05,2.98,40.73433,-111.87211,27.2,25.9,875.1,108.51,3.3
6900.0,1307.6,3.25,0.06,3.25,40.73434,-111.87211,27.2,26.2,875.1,110.71,2.9
6960.0,1307.6,3.29,0.05,3.29,40.73434,-111.87211,27.0,26.1,875.1,116.57,5.5
7020.0,1307.5,3.54,0.05,3.54,40.73434,-111.87211,27.0,26.5,875.1,115.91,4.6
7080.0,1307.6,3.37,0.05,3.37,40.73434,-111.87211,26.9,26.6,875.1,111.36,5.8
7140.0,1307.4,3.23,0.06,3.23,40.73434,-111.87211,26.8,26.9,875.1,111.55,4.8
7200.0,1307.6,3.17,0.06,3.17,40.73434,-111.87211,26.8,27.2,875.0,107.82,2.1
7260.0,1307.3,2.68,0.05,2.68,40.73434,-111.87211,26.7,27.2,874.9,111.28,2.8
7320.0,1307.2,2.40,0.05,2.40,40.73434,-111.87211,26.6,27.3,874.9,115.87,3.6
7380.0,1307.2,2.61,0.06,2.61,40.73434,-111.87211,26.5,27.4,874.9,104.59,2.8
7440.0,1307.1,3.02,0.05,3.02,40.73434,-111.87211,26.4,27.3,874.9,108.24,3.5
7500.0,1307.1,3.06,0.05,3.06,40.73434,-111.87211,26.4,27.2,874.9,108.30,2.9
7560.0,1307.3,2.89,0.06,2.89,40.73434,-111.87211,26.5,27.2,874.9,107.94,2.1
7620.0,1307.6,3.06,0.05,3.06,40.73434,-111.87211,26.4,26.7,874.9,115.79,3.9
7680.0,1307.8,3.03,0.05,3.03,40.73434,-111.87211,26.4,26.7,875.0,111.25,3.2
7740.0,1307.8,2.74,0.04,2.74,40.73434,-111.87211,26.3,26.4,875.0,110.01,3.8
7800.0,1307.8,2.96,0.04,2.96,40.73434,-111.87211,26.4,26.4,875.0,111.47,3.3
7860.0,1307.9,3.49,0.04,3.49,40.73434,-111.87211,26.4,26.5,875.0,102.49,2.3
7920.0,1308.0,2.92,0.04,2.92,40.73434,-111.87211,26.3,26.6,875.0,118.86,2.6
7980.0,1308.5,2.55,0.05,2.55,40.73434,-111.87211,26.3,26.8,875.1,108.58,1.7
8040.0,1309.0,2.95,0.06,2.95,40.73434,-111.87211,26.3,26.5,875.4,116.12,2.3
8100.0,1309.0,2.68,0.05,2.68,40.73434,-111.87211,26.3,26.6,875.5,101.81,1.8
8160.0,1308.9,2.57,0.05,2.57,40.73434,-111.87211,26.3,26.4,875.5,106.37,2.3
8220.0,1308.8,2.85,0.05,2.85,40.73434,-111.87211,26.3,26.4,875.5,118.69,1.6
8280.0,1308.6,2.93,0.05,2.93,40.73434,-111.87211,26.3,26.3,875.4,104.09,1.8
8340.0,1308.6,3.04,0.06,3.04,40.73434,-111.87211,26.3,26.4,875.2,122.26,2.4
8400.0,1308.7,3.13,0.05,3.13,40.73433,-111.87211,26.3,26.4,875.2,114.30,2.3
8460.0,1308.8,2.84,0.05,2.84,40.73433,-111.87211,26.2,26.4,874.9,111.21,3.2
8520.0,1308.7,2.35,0.05,2.35,40.73433,-111.87211,26.2,26.3,874.9,116.01,3.3
8580.0,1308.7,2.52,0.05,2.52,40.73434,-111.87211,26.2,26.6,874.8,114.83,2.3
8640.0,1308.6,2.61,0.05,2.61,40.73434,-111.87210,26.1,26.6,874.8,107.70,2.9
8700.0,1308.7,2.54,0.06,2.54,40.73434,-111.87210,26.0,26.8,874.9,108.86,3.7
8760.0,1308.7,2.38,0.05,2.38,40.73433,-111.87210,26.0,26.7,874.8,99.49,2.6
8820.0,1308.7,2.33,0.05,2.33,40.73434,-111.87211,25.9,26.8,875.0,111.96,4.3
8880.0,1308.7,2.19,0.05,2.19,40.73434,-111.87211,25.9,26.8,875.0,107.83,2.7
8940.0,1308.7,2.55,0.05,2.55,40.73434,-111.87211,25.9,26.8,875.1,110.91,3.3
9000.0,1308.8,2.29,0.05,2.29,40.73434,-111.87211,25.9,26.8,875.1,115.84,3.1
9060.0,1308.8,2.28,0.05,2.28,40.73434,-111.87211,25.9,26.8,875.2,115.56,3.8
9120.0,1308.6,2.17,0.05,2.17,40.73434,-111.87211,25.8,26.9,875.2,108.99,2.1
9180.0,1308.5,2.49,0.06,2.49,40.73434,-111.87211,25.8,27.1,875.2,116.89,3.0
9240.0,1308.4,2.89,0.05,2.89,40.73434,-111.87211,25.7,27.3,875.3,106.94,2.6
9300.0,1308.1,2.73,0.05,2.73,40.73434,-111.87211,25.7,27.4,875.3,103.60,2.4
9360.0,1308.1,3.12,0.05,3.12,40.73434,-111.87211,25.6,27.3,875.3,113.20,4.2
9420.0,1308.1,3.19,0.05,3.19,40.73434,-111.87211,25.5,27.4,875.3,114.58,5.1
9480.0,1308.2,3.04,0.04,3.04,40.73434,-111.87211,25.6,27.4,875.3,116.01,1.4
9540.0,1308.1,2.69,0.05,2.69,40.73434,-111.87211,25.5,27.7,875.4,114.25,3.8
9600.0,1308.1,2.90,0.05,2.90,40.73434,-111.87211,25.4,27.7,875.4,113.74,5.2
9660.0,1308.2,2.74,0.05,2.74,40.73434,-111.87211,25.3,27.6,875.7,112.53,4.7
9720.0,1308.3,2.56,0.06,2.56,40.73434,-111.87211,25.4,27.8,875.7,116.40,2.5
9780.0,1308.2,2.77,0.05,2.77,40.73434,-111.87211,25.4,27.9,875.7,112.17,1.9
9840.0,1308.1,3.45,0.05,3.45,40.73434,-111.87211,25.2,27.8,875.7,108.40,3.3
9900.0,1308.0,3.12,0.05,3.12,40.73434,-111.87211,25.2,27.6,875.7,113.78,2.6
9960.0,1308.3,2.69,0.05,2.69,40.73434,-111.87210,25.2,27.9,875.7,113.53,2.3
10020.0,1308.4,2.44,0.05,2.44,40.73434,-111.87210,25.0,27.8,875.7,109.86,4.6
10080.0,1308.4,2.15,0.05,2.15,40.73434,-111.87210,25.0,28.0,875.7,112.97,4.0
10140.0,1308.4,1.85,0.05,1.85,40.73434,-111.87210,25.0,28.0,875.8,114.30,3.3
10200.0,1308.3,2.01,0.04,2.01,40.73434,-111.87210,25.0,27.9,875.8,112.74,3.4
10260.0,1308.4,2.39,0.05,2.39,40.73434,-111.87210,24.9,27.6,875.8,100.22,2.9
10320.0,1308.3,2.41,0.05,2.41,40.73434,-111.87210,24.9,27.6,875.8,109.24,2.7
10380.0,1308.5,2.41,0.04,2.41,40.73434,-111.87210,25.0,27.6,875.8,117.49,2.5
10440.0,1308.2,2.50,0.04,2.50,40.73434,-111.87211,24.9,27.7,875.8,112.52,2.6
10500.0,1308.3,2.54,0.05,2.54,40.73434,-111.87211,24.9,28.0,875.8,111.32,3.4
10560.0,1308.4,2.61,0.05,2.61,40.73434,-111.87211,24.8,27.8,875.9,106.82,3.3
10620.0,1308.5,2.37,0.05,2.37,40.73434,-111.87211,24.8,27.8,875.9,106.68,2.6
10680.0,1308.5,2.35,0.05,2.35,40.73434,-111.87211,24.9,27.9,875.9,112.64,2.1
10740.0,1308.5,2.40,0.05,2.40,40.73434,-111.87211,24.8,27.9,875.9,120.67,2.7
10800.0,1308.5,2.53,0.05,2.53,40.73434,-111.87211,24.8,27.9,876.0,106.23,3.0
10860.0,1308.5,2.46,0.05,2.46,40.73434,-111.87211,24.8,28.0,875.9,110.26,2.9
10920.0,1308.6,2.38,0.04,2.38,40.73434,-111.87210,24.8,27.7,876.0,109.29,2.7
10980.0,1308.7,2.57,0.05,2.57,40.73434,-111.87211,24.8,27.8,875.9,101.79,1.7
11040.0,1308.5,2.56,0.05,2.56,40.73434,-111.87211,24.8,28.0,875.9,109.96,1.8
11100.0,1308.2,2.22,0.05,2.22,40.73434,-111.87211,24.8,27.9,875.9,116.34,2.9
11160.0,1308.1,2.68,0.04,2.68,40.73434,-111.87211,24.8,28.0,875.9,105.84,2.0
11220.0,1308.4,3.48,0.04,3.48,40.73434,-111.87211,24.8,27.8,875.9,113.33,2.1
11280.0,1308.6,3.39,0.06,3.39,40.73434,-111.87211,24.7,27.9,875.9,112.01,1.9
11340.0,1308.5,2.83,0.05,2.83,40.73434,-111.87211,24.7,27.6,876.0,97.22,1.9
11400.0,1308.6,3.25,0.05,3.25,40.73434,-111.87211,24.8,27.6,876.0,105.99,1.7
11460.0,1308.7,3.24,0.05,3.24,40.73434,-111.87211,24.8,27.9,876.0,120.53,3.0
11520.0,1308.9,3.17,0.06,3.17,40.73434,-111.87210,24.7,28.0,876.0,114.82,2.1
11580.0,1309.0,2.89,0.05,2.89,40.73434,-111.87210,24.7,27.9,876.0,106.20,1.9
11640.0,1309.2,2.04,0.06,2.04,40.73434,-111.87210,24.7,27.9,876.0,115.59,1.9
11700.0,1309.2,2.50,0.05,2.50,40.73434,-111.87210,24.7,28.0,876.0,111.91,3.1
11760.0,1309.4,2.93,0.04,2.93,40.73434,-111.87210,24.7,27.8,876.0,113.21,2.6
11820.0,1309.4,3.46,0.05,3.46,40.73434,-111.87210,24.7,27.8,876.0,117.30,2.3
11880.0,1309.4,3.60,0.05,3.60,40.73434,-111.87210,24.7,27.8,876.1,113.59,2.3
11940.0,1309.3,3.31,0.05,3.31,40.73434,-111.87210,24.7,27.8,876.1,105.79,2.0
12000.0,1309.0,2.83,0.05,2.83,40.73434,-111.87210,24.7,27.8,876.1,106.61,1.4
12060.0,1309.0,2.77,0.04,2.77,40.73434,-111.87210,24.6,27.7,876.1,105.98,3.3
12120.0,1309.0,2.98,0.05,2.98,40.73434,-111.87210,24.7,27.7,876.1,103.57,2.0
12180.0,1309.0,3.23,0.05,3.23,40.73434,-111.87210,24.7,27.8,876.1,107.53,2.6
12240.0,1308.8,3.22,0.05,3.22,40.73434,-111.87210,24.7,27.9,876.1,113.19,2.0
12300.0,1308.7,2.99,0.05,2.99,40.73434,-111.87210,24.7,27.8,876.1,101.13,2.3
12360.0,1308.5,2.62,0.06,2.62,40.73433,-111.87210,24.7,27.7,876.1,97.08,1.8
12420.0,1308.2,2.06,0.06,2.06,40.73434,-111.87210,24.8,27.8,876.1,104.26,1.9
12480.0,1308.1,2.39,0.06,2.39,40.73433,-111.87210,24.7,27.8,876.1,81.14,1.3
12540.0,1308.0,2.37,0.06,2.37,40.73433,-111.87210,24.7,27.7,876.1,105.13,2.5
