CampaignData_and_Merges/R0/CSL_MobileLab_Parked/raw/20240810/USOS-NOAAIodideCIMS-OrgNitrs_MobileLabGround_20240810_RA.ict
37, 1001
Michael A Robinson, Chris Jernigan, Subi Thakali
NOAA ESRL Chemical Sciences Laboratory and CIRES, U. of Colorado
NOAA Iodide CIMS Instrument
USOS
1, 1
2024, 08, 10, 2024, 08, 11
1
starttime_UTC, seconds_past_midnight, seconds_of_day_since_00:00:00_UTC
5
1, 1, 1, 1, 1
-9999, -9999, -9999, -9999, -9999
C4H7NO5_NOAACIMS, pptv, Gas_C4H7NO5_InSitu_S_AVMR, 
ISOPN_NOAACIMS, pptv, Gas_ISOPN_InSitu_S_AVMR, 
C5H10O3_NOAACIMS, pptv, Gas_C5H10O3_InSitu_S_AVMR, 
C5H9NO5_NOAACIMS, pptv, Gas_C5H9NO5_InSitu_S_AVMR, 
C10H17NO4_NOAACIMS, pptv, Gas_C10H17NO4_InSitu_S_AVMR, 
0
18
PI_CONTACT_INFO: 325 Broadway, R/CSD 7, Boulder, Colorado 80305; michael.a.robinson@noaa.gov; chris.jernigan@noaa.gov;
PLATFORM: NOAA CSL Mobile Lab
LOCATION: SLC, Utah
ASSOCIATED_DATA: 1Hz data also available on request.
INSTRUMENT_INFO: NOAA I- ToF CIMS
DATA_INFO: All data in parts per trillion by volume (pptv). 1 Hz data is available upon request.
UNCERTAINTY: TBD
ULOD_FLAG: -7777
ULOD_VALUE: N/A
LLOD_FLAG: -8888
LLOD_VALUE: N/A
DM_CONTACT_INFO: Nathan Howard; nathan.h.howard@noaa.gov
PROJECT_INFO: USOS, summer 2024. https://csl.noaa.gov/groups/csl7/measurements/2024usos/
STIPULATIONS_ON_USE: Users are strongly encouraged to contact the PI for proper data usage.
OTHER_COMMENTS: 
REVISION: RA
RA: Preliminary Data; For in-field use only
starttime_UTC, C4H7NO5_NOAACIMS, ISOPN_NOAACIMS, C5H10O3_NOAACIMS, C5H9NO5_NOAACIMS, C10H17NO4_NOAACIMS
[from data line 1348]
 80880,  5.461, 28.033, 103.511,  4.605,  0.457
 80940,  5.461, 27.742, 99.536,  4.098,  0.390
 81000,  5.619, 28.913, 100.245,  4.379,  0.343
 81060,  5.577, 28.345, 99.682,  4.404,  0.327
 81120,  5.624, 28.423, 101.439,  4.267,  0.343
 81180,  5.847, 28.811, 103.829,  4.234,  0.363
 81240,  5.970, 30.518, 105.302,  4.451,  0.373
 81300,  6.043, 30.186, 104.302,  4.667,  0.411
 81360,  5.876, 28.597, 101.704,  4.341,  0.412
 81420,  5.884, 28.170, 100.165,  4.455,  0.403
 81480,  6.084, 28.149, 99.485,  4.418,  0.425
 81540, -9999.000, -9999.000, -9999.000, -9999.000, -9999.000
 81600,  5.764, 25.255, 83.226,  4.304,  0.364
 81660,  6.080, 27.918, 92.242,  4.193,  0.413
 81720,  6.491, 30.217, 100.491,  4.407,  0.379
 81780,  6.497, 29.906, 105.742,  4.351,  0.389
 81840,  6.440, 29.405, 109.810,  4.613,  0.355
 81900,  6.596, 30.637, 114.171,  4.702,  0.347
 81960,  6.607, 30.009, 117.238,  4.786,  0.359
 82020,  6.528, 28.546, 112.571,  4.452,  0.294
 82080,  6.464, 28.392, 114.437,  4.563,  0.311
 82140,  6.564, 29.297, 116.946,  4.626,  0.341
 82200,  6.479, 28.136, 117.351,  4.641,  0.368
 82260,  6.386, 28.001, 116.611,  4.622,  0.326
 82320,  6.101, 26.969, 112.495,  4.601,  0.318
 82380,  5.994, 29.201, 115.916,  4.473,  0.350
 82440,  5.728, 29.312, 120.708,  4.475,  0.350
 82500,  5.531, 31.484, 135.577,  4.409,  0.323
 82560,  5.548, 32.192, 137.176,  4.392,  0.413
 82620,  5.491, 33.261, 141.781,  4.391,  0.429
 82680,  5.484, 31.868, 136.480,  4.457,  0.377
 82740,  5.451, 32.532, 140.960,  4.407,  0.347
 82800,  5.339, 32.349, 139.531,  4.344,  0.328
 82860,  5.326, 33.652, 144.692,  4.431,  0.444
 82920,  5.473, 31.927, 138.089,  4.494,  0.375
 82980,  5.684, 30.348, 130.656,  4.362,  0.345
 83040,  5.923, 29.217, 120.543,  4.622,  0.417
 83100,  6.227, 29.338, 117.607,  4.821,  0.410
 83160,  6.282, 29.247, 116.161,  4.617,  0.428
 83220,  6.157, 28.321, 113.159,  4.520,  0.385
 83280,  6.662, 29.185, 108.051,  4.672,  0.440
 83340,  6.958, 29.825, 107.283,  4.749,  0.473
 83400,  6.905, 27.587, 95.472,  4.742,  0.403
 83460,  7.185, 27.152, 97.448,  4.924,  0.412
 83520,  7.310, 25.538, 99.929,  5.239,  0.476
 83580,  7.570, 23.335, 95.795,  5.200,  0.373
 83640,  7.919, 22.696, 89.427,  5.524,  0.473
 83700,  8.485, 22.000, 86.203,  5.954,  0.469
 83760,  8.728, 21.459, 82.413,  6.009,  0.416
 83820,  8.848, 20.757, 80.601,  6.358,  0.503
 83880,  9.044, 20.153, 76.706,  6.460,  0.514
 83940,  9.396, 19.940, 73.246,  6.707,  0.552
 84000,  9.373, 19.570, 69.659,  7.028,  0.537
 84060,  9.294, 18.436, 70.053,  6.978,  0.546
 84120,  8.778, 17.790, 69.051,  6.789,  0.485
 84180,  8.674, 18.571, 70.306,  6.800,  0.410
 84240,  8.580, 18.025, 71.010,  6.873,  0.485
 84300,  8.622, 17.689, 68.581,  6.830,  0.452
 84360,  8.227, 17.108, 66.035,  6.739,  0.473
 84420,  7.585, 16.532, 61.422,  6.201,  0.444
 84480,  7.404, 15.912, 58.227,  6.079,  0.412
 84540,  7.257, 15.957, 54.801,  5.794,  0.459
 84600,  6.142, 14.679, 49.959,  5.609,  0.397
 84660,  5.151, 12.842, 41.988,  4.848,  0.356
 84720,  5.080, 13.729, 42.250,  4.780,  0.388
 84780,  6.238, 16.588, 43.403,  5.226,  0.498
 84840,  5.974, 16.008, 43.752,  5.237,  0.426
 84900,  5.401, 15.775, 40.740,  5.184,  0.388
 84960,  4.550, 15.086, 38.286,  4.425,  0.339
 85020,  3.438, 10.918, 33.596,  3.965,  0.234
 85080,  3.134,  9.682, 31.705,  3.402,  0.185
 85140,  3.064, 10.289, 30.885,  3.355,  0.136
 85200, -9999.000, -9999.000, -9999.000, -9999.000, -9999.000
 85260,  2.851, 10.464, 25.861,  3.515,  0.208
 85320,  2.799, 10.387, 26.252,  3.552,  0.216
 85380,  2.788, 11.301, 27.375,  3.430,  0.256
 85440,  2.823, 11.424, 25.825,  3.281,  0.196
 85500,  2.833, 11.304, 26.991,  3.374,  0.319
 85560,  2.911, 11.234, 26.183,  3.399,  0.250
 85620,  2.907, 11.342, 26.531,  3.367,  0.273
 85680,  2.943, 11.532, 26.791,  3.256,  0.273
 85740,  3.049, 11.988, 26.477,  3.470,  0.281
 85800,  3.026, 12.797, 27.103,  3.436,  0.337
 85860,  3.069, 12.288, 27.119,  3.389,  0.293
 85920,  3.101, 13.079, 26.278,  3.289,  0.307
 85980,  3.132, 13.061, 27.512,  3.477,  0.289
 86040,  3.052, 13.025, 27.194,  3.135,  0.258
 86100,  2.740, 10.453, 24.359,  2.990,  0.218
 86160,  2.840, 11.729, 24.303,  2.976,  0.248
 86220,  3.026, 12.708, 24.807,  3.026,  0.340
 86280,  2.787, 12.144, 28.830,  3.126,  0.276
 86340,  2.746, 12.636, 30.537,  3.094,  0.291
