CampaignData_and_Merges/R0/CSL_MobileLab_Parked/raw/20240810/USOS-MetNav_MobileLabGround_20240810_R0.ict
44, 1001
Carrie Womack, Nate Howard, Mike Zucker
NOAA Chemical Sciences Laboratory
Mobile Lab MetNav Station
USOS
1, 1
2024, 08, 10, 2024, 12, 21
60
Time_Start, seconds_past_midnight, Seconds from midnight UTC
11
1, 1, 1, 1, 1, 1, 1, 1, 1, 1, 1
-9999, -9999, -9999, -9999, -9999, -9999, -9999, -9999, -9999, -9999, -9999
GPS_Alt_m, meters, Altitude from Differential GPS
GPS_Course_deg, degrees, Course from Differential GPS
GPS_GndSpd_m_s, m/s, Ground Speed from Differential GPS
GPS_Heading_deg, degrees, Heading from Differential GPS
GPS_Lat_deg, degrees, Latitude from Differential GPS
GPS_Lon_deg, degrees, Longitude from Differential GPS
AirTemp_C, Celsius, Air Temperature from Airmar
RelHumidity_pct, percent, Relative Humidity from Airmar
Pressure_mb, millibars, Pressure from Honeywell
WindDir_calc_deg, degrees, Wind Direction from Airmar corrected for van movement
WindSpd_calc_m_s, m/s, Wind Speed from Airmar corrected for van movement
1
SPECIAL COMMENTS:
18
PI_CONTACT_INFO: Address: 325 Broadway R/CSL7, Boulder, CO, 80305
PLATFORM: CSL Mobile Lab
LOCATION: Salt Lake City, UT
ASSOCIATED_DATA: N/A
INSTRUMENT_INFO: N/A
DATA_INFO: Units:
UNCERTAINTY: N/A
ULOD_FLAG: -7777
ULOD_VALUE: N/A
LLOD_FLAG: -8888
LLOD_VALUE: N/A
DM_CONTACT_INFO: Data Manager: Nate Howard
PROJECT_INFO: 
STIPULATIONS_ON_USE: Use of these data require prior ok from PI.
OTHER_COMMENTS: 
REVISION: R0
R0: Final data. Fixed bug in wind averaging code. RA: Preliminary Data. For in-field use only. 
Time_Start, GPS_Alt_m, GPS_Course_deg, GPS_GndSpd_m_s, GPS_Heading_deg, GPS_Lat_deg, GPS_Lon_deg, AirTemp_C, RelHumidity_pct, Pressure_mb, WindDir_calc_deg, WindSpd_calc_m_s
[from data line 627]
37620.0,1310.0,1.56,0.05,1.56,40.73434,-111.87211,22.9,30.6,877.2,110.99,1.9
37680.0,1310.0,1.24,0.04,1.24,40.73434,-111.87211,22.9,30.5,877.2,114.46,2.9
37740.0,1309.9,1.23,0.05,1.23,40.73434,-111.87211,22.9,30.8,877.2,118.60,2.2
37800.0,1309.9,1.82,0.04,1.82,40.73434,-111.87211,22.9,30.9,877.2,116.02,1.5
37860.0,1309.9,2.04,0.05,2.04,40.73434,-111.87211,22.9,30.9,877.2,110.70,1.8
37920.0,1309.9,1.75,0.05,1.75,40.73434,-111.87211,22.9,30.4,877.3,111.32,1.6
37980.0,1309.8,1.59,0.05,1.59,40.73434,-111.87211,22.9,30.2,877.3,100.49,1.7
38040.0,1309.5,1.93,0.05,1.93,40.73434,-111.87211,22.9,30.1,877.2,107.18,1.5
38100.0,1309.6,2.12,0.05,2.12,40.73434,-111.87211,22.9,30.4,877.2,113.79,1.8
38160.0,1309.6,2.35,0.05,2.35,40.73434,-111.87211,22.9,30.3,877.2,104.02,1.2
38220.0,1309.6,2.45,0.05,2.45,40.73434,-111.87211,22.9,30.2,877.2,114.79,1.5
38280.0,1309.7,1.96,0.05,1.96,40.73434,-111.87211,22.9,30.7,877.2,113.68,2.2
38340.0,1309.5,2.17,0.05,2.17,40.73434,-111.87211,22.8,30.6,877.3,109.45,1.6
38400.0,1309.7,2.39,0.05,2.39,40.73434,-111.87211,22.8,30.8,877.3,113.44,2.6
38460.0,1309.5,2.41,0.05,2.41,40.73434,-111.87211,22.8,30.6,877.3,111.62,2.3
38520.0,1309.9,2.63,0.05,2.63,40.73434,-111.87211,22.8,30.7,877.2,115.10,1.7
38580.0,1310.1,2.88,0.05,2.88,40.73434,-111.87211,22.8,30.6,877.3,127.75,1.6
38640.0,1310.0,2.48,0.05,2.48,40.73434,-111.87211,22.8,30.6,877.3,118.29,2.4
38700.0,1310.0,2.60,0.05,2.60,40.73434,-111.87210,22.8,30.6,877.3,128.30,2.8
38760.0,1309.8,2.68,0.05,2.68,40.73434,-111.87210,22.9,30.5,877.3,129.70,1.7
38820.0,1309.7,2.61,0.05,2.61,40.73434,-111.87210,22.8,30.9,877.3,129.32,1.7
38880.0,1309.8,2.92,0.05,2.92,40.73434,-111.87210,22.8,30.9,877.3,124.48,2.8
38940.0,1309.8,2.98,0.04,2.98,40.73434,-111.87210,22.8,31.0,877.3,120.83,2.1
39000.0,1309.9,2.97,0.04,2.97,40.73434,-111.87210,22.8,31.1,877.3,145.40,2.2
39060.0,1309.8,2.93,0.05,2.93,40.73434,-111.87210,22.7,32.1,877.3,132.27,2.4
39120.0,1309.9,2.88,0.04,2.88,40.73434,-111.87210,22.7,31.6,877.3,146.46,2.4
39180.0,1310.0,3.44,0.05,3.44,40.73434,-111.87210,22.7,32.0,877.3,140.93,2.4
39240.0,1309.9,3.48,0.05,3.48,40.73434,-111.87210,22.6,32.0,877.3,133.02,2.3
39300.0,1310.0,2.93,0.05,2.93,40.73434,-111.87210,22.5,32.0,877.3,130.72,2.1
39360.0,1310.2,3.24,0.05,3.24,40.73434,-111.87210,22.5,31.8,877.3,148.89,2.4
39420.0,1310.3,3.31,0.04,3.31,40.73434,-111.87210,22.5,32.0,877.3,141.81,2.4
39480.0,1310.4,3.18,0.04,3.18,40.73434,-111.87210,22.5,31.8,877.3,140.68,2.7
39540.0,1310.4,3.24,0.04,3.24,40.73434,-111.87210,22.5,31.6,877.3,157.94,2.0
39600.0,1310.4,2.74,0.04,2.74,40.73434,-111.87210,22.6,31.6,877.3,167.81,2.1
39660.0,1310.4,2.83,0.05,2.83,40.73434,-111.87210,22.6,31.9,877.3,136.79,2.1
39720.0,1310.3,3.07,0.05,3.07,40.73434,-111.87210,22.5,32.4,877.3,139.55,2.0
39780.0,1310.3,2.72,0.05,2.72,40.73434,-111.87210,22.5,32.3,877.3,148.61,2.4
39840.0,1309.9,2.86,0.05,2.86,40.73434,-111.87210,22.4,32.4,877.3,148.58,2.3
39900.0,1309.7,2.84,0.06,2.84,40.73434,-111.87210,22.4,32.3,877.3,134.58,1.9
39960.0,1309.5,2.26,0.05,2.26,40.73434,-111.87210,22.4,32.5,877.3,135.64,2.0
40020.0,1309.5,2.39,0.05,2.39,40.73434,-111.87210,22.4,32.3,877.3,166.83,2.3
40080.0,1309.4,2.50,0.05,2.50,40.73434,-111.87210,22.4,32.1,877.3,176.74,1.8
40140.0,1309.4,3.12,0.05,3.12,40.73434,-111.87210,22.5,32.1,877.3,170.37,1.4
40200.0,1309.2,3.15,0.05,3.15,40.73434,-111.87210,22.6,32.0,877.3,141.20,1.0
40260.0,1309.2,3.26,0.05,3.26,40.73434,-111.87210,22.6,32.1,877.2,119.46,0.8
40320.0,1309.2,3.04,0.04,3.04,40.73434,-111.87210,22.5,32.2,877.2,103.17,1.4
40380.0,1309.2,3.03,0.04,3.03,40.73434,-111.87210,22.4,31.8,877.2,104.53,1.6
40440.0,1309.2,2.64,0.04,2.64,40.73434,-111.87210,22.4,31.9,877.2,114.56,1.3
40500.0,1309.1,2.96,0.04,2.96,40.73434,-111.87210,22.5,32.1,877.2,126.64,1.5
40560.0,1309.0,3.56,0.04,3.56,40.73434,-111.87210,22.4,32.7,877.2,160.68,1.7
40620.0,1308.9,3.42,0.04,3.42,40.73434,-111.87210,22.3,32.7,877.2,149.34,2.7
40680.0,1308.9,3.10,0.05,3.10,40.73434,-111.87210,22.3,32.6,877.2,125.83,3.3
40740.0,1308.8,2.96,0.04,2.96,40.73434,-111.87210,22.3,32.1,877.2,123.49,4.4
40800.0,1308.7,2.98,0.04,2.98,40.73434,-111.87210,22.3,32.3,877.3,123.84,3.1
40860.0,1308.7,2.82,0.04,2.82,40.73434,-111.87210,22.3,32.1,877.3,116.36,2.1
40920.0,1308.6,2.50,0.04,2.50,40.73434,-111.87210,22.4,31.8,877.3,119.01,2.1
40980.0,1308.6,2.24,0.04,2.24,40.73434,-111.87210,22.5,31.6,877.3,135.85,1.6
41040.0,1308.6,2.58,0.05,2.58,40.73433,-111.87210,22.5,32.0,877.3,128.02,2.2
41100.0,1308.6,2.65,0.04,2.65,40.73433,-111.87210,22.5,32.1,877.3,122.74,1.7
41160.0,1308.6,2.81,0.05,2.81,40.73433,-111.87210,22.5,31.7,877.3,125.99,3.2
41220.0,1308.7,2.67,0.05,2.67,40.73433,-111.87210,22.5,32.2,877.3,122.41,2.6
41280.0,1308.7,3.39,0.04,3.39,40.73433,-111.87210,22.5,32.1,877.3,137.58,2.2
41340.0,1308.8,3.34,0.04,3.34,40.73433,-111.87210,22.5,32.4,877.3,130.52,1.3
41400.0,1309.0,2.96,0.04,2.96,40.73433,-111.87210,22.5,32.6,877.3,127.91,1.5
41460.0,1309.1,2.98,0.04,2.98,40.73433,-111.87210,22.4,32.4,877.3,129.15,1.6
41520.0,1309.1,2.75,0.05,2.75,40.73433,-111.87210,22.4,32.5,877.3,139.13,2.1
41580.0,1309.1,2.58,0.04,2.58,40.73433,-111.87210,22.4,32.3,877.3,145.23,2.5
41640.0,1309.1,2.87,0.05,2.87,40.73433,-111.87210,22.3,32.8,877.3,119.41,1.6
41700.0,1309.2,2.89,0.05,2.89,40.73433,-111.87210,22.3,32.4,877.3,124.14,1.8
41760.0,1309.2,2.81,0.04,2.81,40.73433,-111.87210,22.3,32.5,877.3,120.01,1.9
41820.0,1309.4,2.61,0.04,2.61,40.73433,-111.87210,22.2,32.6,877.3,134.58,2.5
41880.0,1309.5,3.01,0.05,3.01,40.73433,-111.87210,22.3,32.5,877.3,158.78,1.9
41940.0,1309.3,2.44,0.04,2.44,40.73433,-111.87210,22.3,32.6,877.3,153.95,1.8
42000.0,1309.4,2.36,0.05,2.36,40.73433,-111.87210,22.3,32.4,877.3,154.44,1.3
42060.0,1309.5,2.16,0.04,2.16,40.73433,-111.87210,22.3,33.1,877.3,132.74,1.3
42120.0,1309.5,2.12,0.04,2.12,40.73433,-111.87210,22.3,32.7,877.3,137.38,1.7
42180.0,1309.4,1.97,0.04,1.97,40.73433,-111.87210,22.3,32.7,877.3,127.67,1.7
42240.0,1309.6,2.30,0.04,2.30,40.73433,-111.87210,22.2,32.7,877.3,141.85,2.1
42300.0,1310.0,2.55,0.05,2.55,40.73433,-111.87209,22.2,33.2,877.3,119.21,2.0
42360.0,1310.1,1.92,0.04,1.92,40.73433,-111.87209,22.1,33.0,877.3,113.34,2.3
42420.0,1310.1,1.69,0.05,1.69,40.73433,-111.87209,22.0,33.2,877.3,125.39,1.7
42480.0,1310.0,1.31,0.04,1.31,40.73433,-111.87209,22.0,33.2,877.3,124.58,2.3
42540.0,1309.8,1.50,0.04,1.50,40.73433,-111.87209,22.0,33.4,877.3,120.10,2.8
42600.0,1309.6,1.62,0.04,1.62,40.73433,-111.87210,22.0,33.3,877.3,131.26,2.7
42660.0,1309.5,1.74,0.04,1.74,40.73434,-111.87210,22.0,33.5,877.3,126.48,2.1
42720.0,1309.4,1.48,0.04,1.48,40.73434,-111.87210,22.0,33.4,877.4,153.29,2.5
42780.0,1309.5,1.86,0.05,1.86,40.73434,-111.87210,22.0,33.2,877.4,157.78,2.0
42840.0,1309.4,1.74,0.04,1.74,40.73433,-111.87210,22.0,33.0,877.4,143.30,1.4
42900.0,1309.3,1.79,0.04,1.79,40.73433,-111.87210,22.0,33.6,877.4,113.28,1.1
42960.0,1309.2,2.29,0.04,2.29,40.73433,-111.87210,22.0,33.3,877.4,131.30,1.2
43020.0,1309.2,2.03,0.04,2.03,40.73433,-111.87210,22.0,33.2,877.4,133.88,2.6
43080.0,1309.3,2.08,0.04,2.08,40.73433,-111.87210,21.9,33.4,877.4,134.12,2.8
43140.0,1309.4,2.23,0.04,2.23,40.73433,-111.87210,21.9,33.4,877.5,147.28,2.8
43200.0,1309.4,2.67,0.04,2.67,40.73433,-111.87210,22.0,33.1,877.5,163.86,2.4
43260.0,1309.4,2.32,0.05,2.32,40.73433,-111.87210,22.0,33.0,877.5,134.65,1.4
43320.0,1309.3,2.50,0.04,2.50,40.73433,-111.87210,22.0,33.2,877.4,109.68,1.8
43380.0,1309.4,2.41,0.04,2.41,40.73433,-111.87210,22.0,33.1,877.4,114.03,3.0
43440.0,1309.4,2.66,0.05,2.66,40.73433,-111.87210,22.0,33.1,877.4,116.06,3.0
43500.0,1309.5,2.35,0.05,2.35,40.73433,-111.87210,22.0,33.0,877.4,110.22,3.4
43560.0,1309.6,1.87,0.05,1.87,40.73433,-111.87210,22.0,32.8,877.5,109.34,3.3
43620.0,1309.6,1.74,0.05,1.74,40.73433,-111.87210,22.0,32.6,877.5,109.88,2.6
43680.0,1309.4,1.27,0.05,1.27,40.73433,-111.87210,22.1,32.4,877.5,96.22,1.6
43740.0,1309.5,0.93,0.05,0.93,40.73433,-111.87210,22.1,32.4,877.5,107.44,2.5
43800.0,1309.8,1.21,0.05,1.21,40.73433,-111.87210,22.2,32.1,877.5,115.42,2.0
43860.0,1309.9,1.84,0.05,1.84,40.73433,-111.87210,22.2,32.2,877.5,116.27,1.6
43920.0,1310.0,2.61,0.04,2.61,40.73433,-111.87210,22.3,32.0,877.5,124.21,1.8
43980.0,1310.0,3.19,0.04,3.19,40.73433,-111.87210,22.3,32.3,877.5,139.54,1.7
44040.0,1310.0,3.47,0.04,3.47,40.73433,-111.87210,22.4,32.5,877.5,141.65,1.6
44100.0,1309.9,2.81,0.05,2.81,40.73433,-111.87210,22.3,32.4,877.5,120.92,1.8
44160.0,1310.0,2.13,0.04,2.13,40.73433,-111.87210,22.3,32.2,877.5,120.47,1.6
44220.0,1310.1,1.92,0.04,1.92,40.73433,-111.87210,22.4,32.5,877.5,93.92,0.5
44280.0,1310.3,2.05,0.04,2.05,40.73433,-111.87210,22.4,32.4,877.5,110.55,0.8
44340.0,1310.3,2.30,0.05,2.30,40.73433,-111.87210,22.3,32.4,877.5,115.19,2.0
44400.0,1310.2,2.26,0.05,2.26,40.73433,-111.87210,22.3,32.3,877.6,156.56,1.5
44460.0,1310.3,2.47,0.05,2.47,40.73433,-111.87210,22.6,32.0,877.6,180.90,0.9
44520.0,1310.4,2.12,0.04,2.12,40.73433,-111.87210,22.7,31.8,877.7,177.70,1.0
44580.0,1310.4,1.74,0.05,1.74,40.73433,-111.87211,22.8,31.7,877.7,184.98,1.8
44640.0,1310.4,1.34,0.05,1.34,40.73433,-111.87211,22.8,31.6,877.7,187.66,1.5
44700.0,1310.4,1.49,0.05,1.49,40.73433,-111.87211,22.9,31.6,877.7,192.08,1.2
44760.0,1310.4,1.69,0.04,1.69,40.73433,-111.87211,22.9,31.8,877.8,174.25,2.0
44820.0,1310.4,1.37,0.04,1.37,40.73433,-111.87211,22.8,31.9,877.8,144.33,2.4
44880.0,1310.3,1.47,0.04,1.47,40.73433,-111.87211,22.8,32.3,877.8,134.78,1.9
44940.0,1310.3,1.61,0.05,1.61,40.73433,-111.87211,22.7,32.2,877.8,155.42,2.9
45000.0,1310.3,1.38,0.04,1.38,40.73433,-111.87211,22.7,31.9,877.8,147.21,2.7
45060.0,1310.1,1.25,0.05,1.25,40.73433,-111.87211,22.7,31.7,877.8,156.10,2.0
45120.0,1309.8,1.80,0.05,1.80,40.73433,-111.87211,22.7,32.3,877.8,133.58,1.9
45180.0,1309.9,1.84,0.05,1.84,40.73433,-111.87211,22.6,32.5,877.8,111.65,1.0
45240.0,1309.9,1.77,0.05,1.77,40.73433,-111.87211,22.6,32.3,877.8,130.03,1.4
45300.0,1309.8,2.32,0.05,2.32,40.73433,-111.87210,22.6,32.2,877.8,141.96,1.4
45360.0,1309.6,2.41,0.05,2.41,40.73433,-111.87211,22.5,32.6,877.8,136.71,2.0
45420.0,1309.4,1.84,0.05,1.84,40.73434,-111.87211,22.5,32.5,877.8,152.01,2.3
45480.0,1309.2,2.26,0.05,2.26,40.73434,-111.87211,22.5,32.3,877.8,123.70,1.2
45540.0,1309.3,2.56,0.05,2.56,40.73434,-111.87211,22.4,32.5,877.8,119.95,1.7
45600.0,1309.2,2.55,0.05,2.55,40.73434,-111.87211,22.3,32.7,877.7,113.29,1.5
45660.0,1309.2,2.06,0.05,2.06,40.73434,-111.87211,22.3,32.8,877.7,123.15,1.9
45720.0,1309.3,2.63,0.04,2.63,40.73434,-111.87211,22.2,33.0,877.8,116.55,1.9
45780.0,1309.3,2.58,0.05,2.58,40.73434,-111.87211,22.2,32.9,877.8,118.70,1.5
45840.0,1309.3,2.50,0.05,2.50,40.73434,-111.87211,22.2,32.4,877.8,110.34,1.0
45900.0,1309.1,2.15,0.05,2.15,40.73434,-111.87211,22.2,32.6,877.8,111.82,1.1
45960.0,1308.5,2.20,0.05,2.20,40.73434,-111.87211,22.2,32.8,877.8,105.91,1.0
46020.0,1308.4,2.23,0.05,2.23,40.73434,-111.87211,22.1,33.3,877.8,114.56,1.6
46080.0,1308.2,1.72,0.05,1.72,40.73434,-111.87211,22.0,33.8,877.8,127.40,1.9
46140.0,1308.2,2.05,0.05,2.05,40.73434,-111.87211,22.0,33.4,877.8,121.26,1.7
46200.0,1308.3,2.42,0.04,2.42,40.73434,-111.87211,22.0,33.9,877.8,116.73,1.6
46260.0,1308.4,2.59,0.04,2.59,40.73434,-111.87211,21.9,33.9,877.8,121.27,1.5
46320.0,1308.3,2.66,0.04,2.66,40.73434,-111.87211,21.9,33.8,877.8,125.70,2.1
46380.0,1308.3,3.00,0.05,3.00,40.73434,-111.87211,21.9,34.2,877.8,113.96,1.9
46440.0,1308.3,2.99,0.05,2.99,40.73434,-111.87211,21.8,34.1,877.8,87.51,0.8
46500.0,1308.2,3.10,0.04,3.10,40.73434,-111.87211,21.9,33.7,877.8,116.41,1.3
46560.0,1308.1,2.66,0.05,2.66,40.73434,-111.87211,21.8,34.2,877.8,113.13,2.3
46620.0,1308.1,3.26,0.05,3.26,40.73434,-111.87211,21.7,34.1,877.8,118.65,2.3
46680.0,1308.1,2.96,0.05,2.96,40.73434,-111.87211,21.7,34.2,877.8,132.88,2.3
46740.0,1308.2,2.83,0.05,2.83,40.73434,-111.87211,21.7,34.0,877.8,140.86,2.3
46800.0,1308.2,2.56,0.05,2.56,40.73434,-111.87211,21.8,33.7,877.8,155.40,1.7
46860.0,1308.1,2.72,0.05,2.72,40.73434,-111.87211,21.8,34.1,877.8,123.68,2.0
46920.0,1308.1,2.60,0.05,2.60,40.73434,-111.87211,21.9,34.1,877.8,143.89,2.0
46980.0,1308.1,1.74,0.05,1.74,40.73434,-111.87211,21.9,33.8,877.8,121.96,2.0
47040.0,1307.9,1.60,0.04,1.60,40.73433,-111.87211,21.9,33.7,877.8,115.54,2.5
47100.0,1307.9,2.05,0.04,2.05,40.73434,-111.87211,21.9,33.9,877.8,116.83,2.7
47160.0,1308.1,2.35,0.05,2.35,40.73434,-111.87211,21.8,34.0,877.8,115.94,2.5
47220.0,1308.3,2.27,0.05,2.27,40.73434,-111.87211,21.9,34.2,877.8,127.94,2.4
47280.0,1308.2,1.95,0.06,1.95,40.73434,-111.87211,21.8,34.8,877.8,128.51,2.1
47340.0,1308.2,1.51,0.06,1.51,40.73434,-111.87211,21.9,34.7,877.8,124.78,1.8
47400.0,1308.2,1.57,0.05,1.57,40.73434,-111.87211,21.9,34.4,877.8,128.55,2.3
47460.0,1308.1,1.18,0.04,1.18,40.73434,-111.87211,21.8,34.1,877.8,118.51,2.7
47520.0,1307.9,1.36,0.05,1.36,40.73433,-111.87211,21.9,33.8,877.8,111.11,1.6
47580.0,1307.8,1.95,0.05,1.95,40.73433,-111.87211,22.0,33.8,877.8,126.99,1.1
47640.0,1307.8,2.68,0.05,2.68,40.73433,-111.87211,22.0,33.6,877.8,115.32,1.2
47700.0,1307.8,2.41,0.05,2.41,40.73433,-111.87211,22.0,33.8,877.7,90.43,0.6
47760.0,1307.8,1.82,0.05,1.82,40.73433,-111.87211,22.0,33.4,877.7,98.18,0.8
47820.0,1307.9,1.24,0.05,1.24,40.73433,-111.87211,22.1,33.5,877.7,110.55,0.9
47880.0,1307.7,0.80,0.05,0.80,40.73433,-111.87211,22.0,33.9,877.7,111.63,1.5
47940.0,1307.8,0.54,0.05,0.54,40.73433,-111.87211,22.0,34.3,877.7,126.54,2.0
48000.0,1307.8,0.43,0.05,0.43,40.73433,-111.87211,22.1,34.3,877.7,142.57,1.5
48060.0,1307.8,0.94,0.06,0.94,40.73433,-111.87211,22.2,33.6,877.7,157.61,0.9
48120.0,1307.9,0.91,0.05,0.91,40.73433,-111.87211,22.2,33.5,877.7,152.93,0.5
48180.0,1307.9,1.02,0.06,1.02,40.73433,-111.87211,22.4,33.3,877.8,178.46,1.0
48240.0,1308.0,1.39,0.05,1.39,40.73433,-111.87211,22.5,33.2,877.8,157.71,1.4
48300.0,1307.9,1.21,0.05,1.21,40.73433,-111.87211,22.7,33.4,877.7,159.98,0.8
48360.0,1307.7,0.80,0.06,0.80,40.73433,-111.87211,22.8,33.8,877.8,89.40,0.5
48420.0,1308.0,0.74,0.05,0.74,40.73433,-111.87211,22.8,33.7,877.8,114.12,1.0
48480.0,1308.2,1.64,0.06,1.64,40.73434,-111.87211,22.8,33.6,877.8,116.88,0.5
48540.0,1308.4,1.74,0.05,1.74,40.73434,-111.87211,22.8,32.9,877.8,113.33,0.9
48600.0,1308.6,1.74,0.05,1.74,40.73434,-111.87211,22.9,32.8,877.8,88.49,0.5
48660.0,1309.2,1.76,0.05,1.76,40.73434,-111.87211,23.1,32.6,877.8,123.40,0.7
48720.0,1309.5,2.17,0.05,2.17,40.73434,-111.87211,23.4,32.4,877.8,163.71,0.7
48780.0,1309.7,2.31,0.05,2.31,40.73434,-111.87211,23.7,31.8,877.8,159.28,0.9
48840.0,1309.7,2.27,0.05,2.27,40.73434,-111.87211,24.1,31.7,877.8,146.55,0.6
48900.0,1309.8,2.36,0.05,2.36,40.73434,-111.87211,24.4,32.0,877.8,171.33,1.0
48960.0,1309.8,2.58,0.05,2.58,40.73434,-111.87211,24.7,32.1,877.8,188.80,1.2
49020.0,1310.1,3.04,0.06,3.04,40.73434,-111.87211,25.0,31.8,877.8,187.36,1.0
49080.0,1310.2,3.57,0.06,3.57,40.73434,-111.87211,25.1,31.6,877.8,151.19,2.3
49140.0,1310.8,3.82,0.05,3.82,40.73434,-111.87211,25.0,31.2,877.8,128.42,1.8
49200.0,1310.9,3.39,0.07,3.39,40.73434,-111.87211,25.0,31.3,877.8,141.10,1.5
49260.0,1310.8,3.66,0.05,3.66,40.73434,-111.87211,24.8,31.2,877.8,138.06,2.1
49320.0,1311.3,3.62,0.06,3.62,40.73434,-111.87211,24.8,31.7,877.8,142.51,2.0
49380.0,1311.4,3.45,0.07,3.45,40.73434,-111.87211,24.6,32.2,877.8,153.39,2.4
49440.0,1311.9,3.17,0.06,3.17,40.73434,-111.87211,24.6,31.9,877.8,146.48,2.3
49500.0,1311.5,3.38,0.06,3.38,40.73434,-111.87211,24.5,32.2,877.8,143.34,2.4
49560.0,1311.3,3.39,0.05,3.39,40.73434,-111.87211,24.6,32.5,877.8,128.04,2.2
49620.0,1311.3,3.16,0.06,3.16,40.73434,-111.87211,24.5,32.2,877.8,127.93,2.7
49680.0,1311.4,3.41,0.05,3.41,40.73434,-111.87211,24.5,32.1,877.8,129.88,2.8
49740.0,1311.5,3.15,0.06,3.15,40.73434,-111.87211,24.5,32.6,877.8,132.69,3.0
49800.0,1311.3,2.61,0.06,2.61,40.73434,-111.87211,24.5,32.5,877.8,130.22,3.5
49860.0,1310.9,2.38,0.06,2.38,40.73434,-111.87211,24.5,32.7,877.8,134.37,2.6
49920.0,1310.6,2.12,0.05,2.12,40.73434,-111.87211,24.6,32.6,877.8,131.92,2.7
49980.0,1310.6,2.50,0.05,2.50,40.73434,-111.87211,24.7,32.6,877.8,146.70,2.2
