CampaignData_and_Merges/R0/CSL_MobileLab_Parked/raw/20240810/USOS-NOAAIodideCIMS-Halogens_MobileLabGround_20240810_RA.ict
38, 1001
Michael A Robinson, Chris Jernigan, Subi Thakali
NOAA ESRL Chemical Sciences Laboratory and CIRES, U. of Colorado
NOAA Iodide CIMS Instrument
USOS
1, 1
2024, 08, 10, 2024, 08, 11
1
starttime_UTC, seconds_past_midnight, seconds_of_day_since_00:00:00_UTC
6
1, 1, 1, 1, 1, 1
-9999, -9999, -9999, -9999, -9999, -9999
Br2_NOAACIMS, pptv, Gas_Br2_InSitu_S_AVMR, 
BrO_NOAACIMS, pptv, Gas_BrO_InSitu_S_AVMR, 
Cl2_NOAACIMS, pptv, Gas_Cl2_InSitu_S_AVMR, 
ClNO2_NOAACIMS, pptv, Gas_ClNO2_InSitu_S_AVMR, 
BrCl_NOAACIMS, pptv, Gas_BrCl_InSitu_S_AVMR, 
NCl3_NOAACIMS, pptv, Gas_NCl3_InSitu_S_AVMR, 
0
18
PI_CONTACT_INFO: 325 Broadway, R/CSD 7, Boulder, Colorado 80305; michael.a.robinson@noaa.gov; chris.jernigan@noaa.gov;
PLATFORM: NOAA CSL Mobile Lab
LOCATION: SLC, Utah
ASSOCIATED_DATA: 1Hz data also available on request.
INSTRUMENT_INFO: NOAA I- ToF CIMS
DATA_INFO: All data in parts per trillion by volume (pptv). 1 Hz data is available upon request.
UNCERTAINTY: TBD
ULOD_FLAG: -7777
ULOD_VALUE: N/A
LLOD_FLAG: -8888
LLOD_VALUE: N/A
DM_CONTACT_INFO: Nathan Howard; nathan.h.howard@noaa.gov
PROJECT_INFO: USOS, summer 2024. https://csl.noaa.gov/groups/csl7/measurements/2024usos/
STIPULATIONS_ON_USE: Users are strongly encouraged to contact the PI for proper data usage.
OTHER_COMMENTS: 
REVISION: RA
RA: Preliminary Data; For in-field use only
starttime_UTC, Br2_NOAACIMS, BrO_NOAACIMS, Cl2_NOAACIMS, ClNO2_NOAACIMS, BrCl_NOAACIMS, NCl3_NOAACIMS
[from data line 1142]
 68520,  0.927,  0.027,  1.162,  0.117,  0.155,  0.052
 68580,  1.189, -0.033,  0.605,  0.057,  0.090, -0.004
 68640,  0.908,  0.077,  1.149,  0.088,  0.106,  0.062
 68700,  0.855,  0.040,  1.067,  0.055,  0.185,  0.048
 68760,  0.935,  0.004,  1.020,  0.074,  0.172,  0.042
 68820,  0.925,  0.041,  1.169,  0.048,  0.184,  0.024
 68880,  1.063,  0.110,  1.175,  0.073,  0.183,  0.046
 68940,  0.907,  0.065,  1.088,  0.053,  0.181,  0.015
 69000,  0.958,  0.016,  1.167,  0.084,  0.169,  0.040
 69060,  0.947,  0.023,  1.336,  0.084,  0.190,  0.025
 69120,  0.863,  0.036,  1.153,  0.061,  0.141,  0.118
 69180,  0.813, -0.014,  1.097,  0.069,  0.176,  0.021
 69240,  0.902, -0.005,  1.161,  0.070,  0.174,  0.011
 69300,  0.945, -0.016,  1.170,  0.088,  0.201,  0.071
 69360,  0.866, -0.032,  1.225,  0.074,  0.178,  0.120
 69420,  0.965,  0.054,  1.149,  0.080,  0.163,  0.145
 69480,  0.881, -9999.000,  1.268,  0.052,  0.189,  0.037
 69540,  0.979, -9999.000,  1.321,  0.113,  0.138,  0.114
 69600,  0.875, -9999.000,  1.411,  0.067,  0.200,  0.028
 69660,  0.870, -9999.000,  1.153,  0.061,  0.157,  0.053
 69720,  0.863, -9999.000,  1.165,  0.056,  0.167,  0.042
 69780,  0.979, -9999.000,  1.201,  0.081,  0.161,  0.041
 69840,  0.948, -9999.000,  1.242,  0.088,  0.170,  0.113
 69900,  0.869, -9999.000,  1.297,  0.087,  0.173,  0.110
 69960,  0.851, -9999.000,  1.364,  0.074,  0.158,  0.074
 70020,  0.856, -9999.000,  1.375,  0.072,  0.165,  0.110
 70080,  0.897, -9999.000,  1.189,  0.091,  0.173, -0.002
 70140,  0.845, -9999.000,  1.266,  0.062,  0.150,  0.035
 70200,  0.890, -9999.000,  1.329,  0.062,  0.170,  0.044
 70260,  0.793, -9999.000,  1.308,  0.081,  0.165,  0.074
 70320,  0.991, -9999.000,  1.168,  0.082,  0.155,  0.045
 70380,  0.736, -9999.000,  1.132,  0.064,  0.191,  0.050
 70440, -9999.000, -9999.000, -9999.000, -9999.000, -9999.000, -9999.000
 70500,  0.833, -9999.000,  0.970,  0.087,  0.123,  0.001
 70560,  0.817, -9999.000,  1.051,  0.094,  0.108,  0.058
 70620,  0.834, -9999.000,  1.176,  0.062,  0.120,  0.056
 70680,  0.804, -9999.000,  1.068,  0.120,  0.109,  0.022
 70740,  0.891, -9999.000,  1.076,  0.075,  0.149,  0.106
 70800,  0.882, -9999.000,  1.086,  0.083,  0.154,  0.037
 70860,  0.881, -9999.000,  1.124,  0.060,  0.158,  0.038
 70920,  0.856, -9999.000,  1.129,  0.081,  0.145,  0.073
 70980,  0.898, -9999.000,  1.007,  0.065,  0.159,  0.062
 71040,  0.876, -9999.000,  1.028,  0.077,  0.148,  0.039
 71100,  0.901, -9999.000,  1.182,  0.063,  0.161,  0.094
 71160,  0.928, -9999.000,  1.180,  0.106,  0.190,  0.072
 71220,  0.867, -9999.000,  1.272,  0.076,  0.175,  0.107
 71280,  0.884, -9999.000,  1.122,  0.078,  0.244,  0.140
 71340,  0.906, -9999.000,  1.195,  0.074,  0.170,  0.099
 71400,  0.806, -9999.000,  1.201,  0.057,  0.159,  0.167
 71460,  0.838, -9999.000,  1.155,  0.074,  0.176,  0.137
 71520,  0.964, -9999.000,  1.127,  0.060,  0.168,  0.213
 71580,  0.912, -9999.000,  1.196,  0.082,  0.191,  0.197
 71640,  0.977, -9999.000,  1.096,  0.090,  0.173,  0.172
 71700,  0.930, -9999.000,  1.273,  0.081,  0.212,  0.300
 71760,  0.904, -9999.000,  1.135,  0.101,  0.246,  0.234
 71820,  0.933, -9999.000,  1.063,  0.095,  0.158,  0.246
 71880,  0.815, -9999.000,  1.206,  0.080,  0.200,  0.255
 71940,  1.024, -9999.000,  1.262,  0.081,  0.169,  0.295
 72000,  1.024, -9999.000,  1.168,  0.094,  0.194,  0.357
 72060,  1.041, -9999.000,  1.190,  0.117,  0.165,  0.494
 72120,  0.842, -9999.000,  1.112,  0.080,  0.151,  0.777
 72180,  0.948, -9999.000,  0.963,  0.041,  0.105,  0.345
 72240,  1.055, -9999.000,  0.837,  0.055,  0.111,  0.181
 72300,  0.885, -9999.000,  0.449, -0.012, -0.002, -0.034
 72360,  0.907, -9999.000,  0.806,  0.049,  0.118,  0.189
 72420,  0.904, -9999.000,  0.881,  0.047,  0.063,  0.343
 72480,  0.954, -9999.000,  0.845,  0.056,  0.106,  0.146
 72540,  0.812, -9999.000,  0.960,  0.076,  0.071,  0.406
 72600,  0.852, -9999.000,  1.071,  0.047,  0.123,  0.816
 72660,  0.790, -9999.000,  0.929,  0.051,  0.099,  0.711
 72720,  0.881, -9999.000,  0.973,  0.061,  0.121,  0.347
 72780,  0.860, -9999.000,  0.991,  0.100,  0.169,  0.303
 72840,  0.868, -9999.000,  1.034,  0.078,  0.169,  0.374
 72900,  0.825, -9999.000,  1.045,  0.096,  0.185,  0.472
 72960,  0.859, -9999.000,  1.211,  0.125,  0.183,  0.831
 73020,  0.766, -9999.000,  1.370,  0.134,  0.216,  1.045
 73080,  0.843, -9999.000,  1.205,  0.147,  0.307,  0.584
 73140,  0.782, -9999.000,  0.990,  0.119,  0.264,  0.446
 73200,  0.915, -9999.000,  0.945,  0.120,  0.258,  0.503
 73260,  0.775, -9999.000,  0.895,  0.095,  0.140,  0.221
 73320,  0.803, -9999.000,  0.842,  0.083,  0.118,  0.157
 73380,  0.896, -9999.000,  0.829,  0.093,  0.145,  0.205
 73440,  0.899, -9999.000,  0.770,  0.096,  0.112,  0.114
 73500,  0.872, -9999.000,  0.892,  0.085,  0.105,  0.081
 73560,  0.836, -9999.000,  0.927,  0.111,  0.179,  0.158
 73620,  0.809, -9999.000,  0.990,  0.105,  0.137,  0.122
 73680,  0.757, -9999.000,  0.903,  0.103,  0.170,  0.084
 73740,  0.810, -9999.000,  0.933,  0.060,  0.172,  0.128
 73800,  0.797, -9999.000,  0.877,  0.102,  0.145,  0.140
 73860,  0.841, -9999.000,  0.918,  0.098,  0.197,  0.172
 73920,  0.866, -9999.000,  0.828,  0.095,  0.178,  0.095
 73980,  0.836, -9999.000,  0.871,  0.131,  0.176,  0.084
 74040,  0.916, -9999.000,  0.912,  0.131,  0.217,  0.078
 74100,  0.881, -9999.000,  0.897,  0.145,  0.166,  0.048
 74160, -9999.000, -9999.000, -9999.000, -9999.000, -9999.000, -9999.000
 74220,  0.708, -9999.000,  0.786,  0.093,  0.243,  0.073
 74280,  0.819, -9999.000,  0.779,  0.102,  0.137,  0.093
 74340,  0.811, -9999.000,  0.839,  0.115,  0.229,  0.065
 74400,  0.903, -9999.000,  0.793,  0.118,  0.204,  0.090
 74460,  0.926, -9999.000,  0.915,  0.084,  0.173,  0.170
 74520,  0.852, -9999.000,  0.855,  0.161,  0.222,  0.104
 74580,  0.928, -9999.000,  0.844,  0.100,  0.182,  0.221
 74640,  0.921, -9999.000,  0.911,  0.122,  0.168,  0.142
 74700,  0.945, -9999.000,  0.914,  0.140,  0.166,  0.109
 74760,  0.918, -9999.000,  0.905,  0.144,  0.151,  0.061
 74820,  0.842, -9999.000,  0.785,  0.110,  0.125,  0.083
 74880,  0.946, -9999.000,  0.833,  0.121,  0.215,  0.100
 74940,  0.907, -9999.000,  0.758,  0.126,  0.228,  0.055
 75000,  0.867, -9999.000,  0.874,  0.114,  0.223,  0.077
 75060,  0.794, -9999.000,  0.823,  0.084,  0.225,  0.145
 75120,  0.824, -9999.000,  0.928,  0.101,  0.234,  0.107
 75180,  0.884, -9999.000,  0.867,  0.113,  0.238,  0.111
 75240,  0.901, -9999.000,  1.038,  0.109,  0.214,  0.121
 75300,  0.895, -9999.000,  0.989,  0.105,  0.241,  0.099
 75360,  1.075, -9999.000,  0.965,  0.126,  0.282,  0.091
 75420,  0.801, -9999.000,  0.993,  0.122,  0.235,  0.115
 75480,  0.833, -9999.000,  0.918,  0.115,  0.224,  0.127
 75540,  0.839, -9999.000,  0.816,  0.157,  0.244,  0.057
 75600,  0.800, -9999.000,  0.947,  0.091,  0.243,  0.033
 75660,  0.852, -9999.000,  0.948,  0.124,  0.231,  0.136
 75720,  0.865, -9999.000,  1.005,  0.131,  0.207,  0.062
 75780,  0.798, -9999.000,  0.966,  0.139,  0.230,  0.074
 75840,  0.868, -9999.000,  0.962,  0.122,  0.180,  0.134
 75900,  0.837, -9999.000,  0.937,  0.076,  0.231,  0.142
 75960,  0.848,  0.086,  0.931,  0.143,  0.132,  0.150
 76020,  0.976,  0.072,  0.977,  0.119,  0.287,  0.131
 76080,  0.890,  0.102,  0.875,  0.129,  0.221,  0.111
 76140,  0.864,  0.019,  0.849,  0.106,  0.167,  0.081
 76200,  0.969,  0.014,  0.898,  0.104,  0.182,  0.093
 76260,  0.956,  0.072,  0.868,  0.130,  0.188,  0.084
 76320,  0.998,  0.081,  0.882,  0.074,  0.151,  0.098
 76380,  0.887,  0.035,  1.022,  0.099,  0.193,  0.113
 76440,  0.920,  0.051,  0.874,  0.108,  0.154,  0.039
 76500,  0.865,  0.149,  0.917,  0.095,  0.149,  0.065
 76560,  0.961,  0.084,  0.986,  0.080,  0.136,  0.096
 76620,  0.957,  0.008,  1.066,  0.077,  0.197,  0.073
 76680,  0.898,  0.015,  1.061,  0.097,  0.161,  0.074
 76740,  0.922,  0.030,  1.051,  0.081,  0.171,  0.078
 76800,  0.884,  0.071,  1.136,  0.095,  0.162,  0.171
 76860,  0.975,  0.084,  1.194,  0.035,  0.128,  0.178
 76920,  0.881,  0.036,  1.051,  0.061,  0.129,  0.133
 76980,  0.885,  0.041,  0.967,  0.066,  0.094,  0.060
 77040,  0.883,  0.041,  1.086,  0.086,  0.127,  0.093
 77100,  0.864,  0.013,  1.135,  0.072,  0.129,  0.068
 77160,  1.111, -0.008,  1.064,  0.079,  0.137,  0.149
 77220,  1.061,  0.016,  1.112,  0.053,  0.132,  0.146
 77280,  0.992,  0.050,  1.019,  0.083,  0.162,  0.116
 77340,  1.036, -0.008,  1.032,  0.086,  0.157,  0.142
 77400,  0.954, -0.044,  1.089,  0.055,  0.152,  0.044
 77460,  0.987,  0.014,  1.223,  0.079,  0.172,  0.106
 77520,  1.057,  0.016,  1.304,  0.084,  0.165,  0.166
 77580,  0.807, -0.005,  1.171,  0.043,  0.130,  0.113
 77640,  0.999, -0.012,  1.241,  0.063,  0.225,  0.166
 77700,  1.026, -0.021,  1.090,  0.061,  0.220,  0.125
 77760,  1.099, -0.022,  1.185,  0.039,  0.143,  0.148
 77820, -9999.000, -9999.000, -9999.000, -9999.000, -9999.000, -9999.000
 77880,  0.996,  0.003,  0.963,  0.055,  0.123,  0.107
 77940,  1.012, -0.039,  0.963,  0.089,  0.134,  0.088
 78000,  0.974, -0.029,  1.189,  0.059,  0.189,  0.154
 78060,  1.057,  0.027,  1.084,  0.067,  0.133,  0.135
 78120,  0.996, -0.009,  1.143,  0.064,  0.166,  0.077
 78180,  1.057,  0.028,  1.084,  0.050,  0.171,  0.075
 78240,  1.028,  0.039,  1.123,  0.065,  0.174,  0.108
 78300,  0.904,  0.091,  1.072,  0.056,  0.153,  0.122
 78360,  1.039, -0.000,  1.164,  0.064,  0.179,  0.072
 78420,  0.895,  0.050,  1.245,  0.079,  0.167,  0.154
 78480,  0.862,  0.010,  1.087,  0.061,  0.179,  0.109
 78540,  1.106,  0.035,  1.110,  0.057,  0.225,  0.200
 78600,  1.085,  0.107,  1.163,  0.048,  0.162,  0.147
 78660,  0.985,  0.014,  1.131,  0.074,  0.145,  0.082
 78720,  0.865,  0.043,  1.222,  0.048,  0.172,  0.034
 78780,  0.929,  0.061,  1.201,  0.043,  0.166,  0.117
 78840,  1.023,  0.028,  1.200,  0.078,  0.144,  0.067
 78900,  0.917,  0.074,  1.149,  0.060,  0.186,  0.136
 78960,  0.940,  0.021,  1.145,  0.071,  0.168,  0.119
 79020,  0.962,  0.079,  1.046,  0.045,  0.147,  0.055
 79080,  0.908,  0.016,  1.146,  0.059,  0.208,  0.009
 79140,  0.917,  0.142,  1.113,  0.056,  0.194,  0.014
 79200,  0.949,  0.073,  1.168,  0.094,  0.171,  0.024
 79260,  0.978,  0.053,  1.136,  0.077,  0.173,  0.043
 79320,  1.034,  0.089,  1.158,  0.049,  0.191,  0.036
 79380,  0.890,  0.101,  1.048,  0.063,  0.161, -0.002
 79440,  0.884,  0.099,  1.121,  0.089,  0.184,  0.016
 79500,  0.896,  0.050,  1.023,  0.061,  0.189,  0.006
 79560,  1.027,  0.132,  1.019,  0.101,  0.161,  0.048
 79620,  0.896,  0.082,  1.001,  0.084,  0.172, -0.032
 79680, -9999.000, -9999.000, -9999.000, -9999.000, -9999.000, -9999.000
 79740,  1.014,  0.052,  1.103,  0.068,  0.167,  0.011
 79800,  0.946,  0.058,  0.995,  0.049,  0.139,  0.024
 79860,  0.944,  0.089,  1.065,  0.053,  0.191,  0.068
 79920,  0.988,  0.067,  1.043,  0.080,  0.139,  0.003
 79980,  0.890,  0.146,  1.021,  0.057,  0.237,  0.012
 80040,  0.890,  0.089,  1.191,  0.052,  0.218,  0.010
 80100,  0.882,  0.042,  1.123,  0.055,  0.185,  0.008
 80160,  0.916,  0.025,  1.062,  0.062,  0.179, -0.036
 80220,  0.963,  0.009,  1.226,  0.079,  0.284,  0.079
 80280,  0.907,  0.015,  1.089,  0.066,  0.168,  0.027
 80340,  0.904,  0.048,  1.161,  0.059,  0.138,  0.098
 80400,  1.029, -9999.000,  1.198,  0.087,  0.220,  0.132
 80460,  0.841, -9999.000,  1.094,  0.057,  0.177,  0.064
 80520,  0.932, -9999.000,  1.184,  0.041,  0.129,  0.078
 80580,  0.801, -9999.000,  1.137,  0.074,  0.160,  0.142
 80640,  1.004, -9999.000,  1.204,  0.074,  0.171,  0.115
 80700,  0.874, -9999.000,  1.208,  0.067,  0.189,  0.059
 80760,  0.915, -9999.000,  1.096,  0.050,  0.135,  0.121
 80820,  0.898, -9999.000,  1.071,  0.068,  0.159,  0.124
 80880,  0.905, -9999.000,  1.066,  0.031,  0.149,  0.073
 80940,  0.914, -9999.000,  1.116,  0.066,  0.153,  0.033
 81000,  0.980, -9999.000,  1.211,  0.079,  0.189,  0.087
 81060,  0.914, -9999.000,  1.182,  0.062,  0.127,  0.105
 81120,  0.916, -9999.000,  1.168,  0.020,  0.162,  0.075
 81180,  0.938, -9999.000,  1.015,  0.066,  0.157,  0.044
 81240,  0.879, -9999.000,  1.071,  0.069,  0.186,  0.092
 81300,  0.864, -9999.000,  1.154,  0.040,  0.169,  0.137
 81360,  0.936, -9999.000,  1.114,  0.034,  0.179,  0.129
 81420,  0.811, -9999.000,  1.156,  0.053,  0.154,  0.219
 81480,  0.883, -9999.000,  0.844,  0.063,  0.133,  0.108
 81540, -9999.000, -9999.000, -9999.000, -9999.000, -9999.000, -9999.000
 81600,  0.879, -9999.000,  1.062,  0.071,  0.146,  0.071
 81660,  0.920, -9999.000,  0.978,  0.068,  0.163,  0.158
 81720,  0.924, -9999.000,  0.964,  0.070,  0.120,  0.167
 81780,  0.975, -9999.000,  0.964,  0.075,  0.146,  0.100
 81840,  0.864, -9999.000,  0.985,  0.052,  0.111,  0.091
 81900,  0.870, -9999.000,  0.997,  0.016,  0.156,  0.038
 81960,  0.872, -9999.000,  1.069,  0.047,  0.159,  0.122
 82020,  0.996, -9999.000,  1.192,  0.080,  0.199,  0.050
 82080,  0.853, -9999.000,  1.076,  0.032,  0.206,  0.013
 82140,  0.822, -9999.000,  1.080,  0.053,  0.194,  0.111
 82200,  0.901, -9999.000,  1.116,  0.058,  0.189,  0.012
 82260,  0.963, -9999.000,  1.184,  0.070,  0.205, -0.014
 82320,  1.021, -9999.000,  1.134,  0.080,  0.185,  0.035
 82380,  0.859, -9999.000,  1.063,  0.050,  0.141,  0.033
 82440,  0.851, -9999.000,  1.055,  0.080,  0.136,  0.016
 82500,  0.864, -9999.000,  1.036,  0.035,  0.143, -0.000
 82560,  0.888, -9999.000,  1.091,  0.040,  0.155,  0.128
 82620,  0.911, -9999.000,  1.064,  0.055,  0.128, -0.013
 82680,  0.854, -9999.000,  1.081,  0.101,  0.206,  0.083
 82740,  0.750, -9999.000,  0.930,  0.077,  0.134,  0.044
 82800,  0.874, -9999.000,  1.124,  0.065,  0.195,  0.066
 82860,  0.935, -9999.000,  1.117,  0.047,  0.125,  0.062
 82920,  0.856, -9999.000,  1.055,  0.050,  0.162,  0.102
 82980,  0.932, -9999.000,  1.113,  0.079,  0.170,  0.068
 83040,  0.789, -9999.000,  1.177,  0.062,  0.124,  0.036
 83100,  0.880, -9999.000,  1.078,  0.083,  0.153, -0.032
 83160,  0.861, -9999.000,  1.158,  0.069,  0.162, -0.044
 83220,  0.854, -9999.000,  1.269,  0.088,  0.202, -0.040
 83280,  0.890, -9999.000,  1.070,  0.110,  0.149, -0.043
 83340,  0.978, -9999.000,  1.040,  0.125,  0.149, -0.030
 83400,  0.744, -9999.000,  1.079,  0.117,  0.158, -0.019
 83460,  0.866, -9999.000,  1.092,  0.065,  0.146,  0.027
 83520,  0.856, -9999.000,  1.071,  0.086,  0.194,  0.078
 83580,  1.013, -9999.000,  1.098,  0.105,  0.231,  0.027
 83640,  0.953, -9999.000,  1.099,  0.087,  0.231,  0.092
 83700,  0.925, -9999.000,  1.237,  0.117,  0.337,  0.106
 83760,  0.926, -9999.000,  1.190,  0.142,  0.321,  0.072
 83820,  1.035, -9999.000,  1.307,  0.118,  0.317,  0.121
 83880,  0.796, -9999.000,  1.269,  0.149,  0.302,  0.186
 83940,  0.930, -9999.000,  1.235,  0.142,  0.312,  0.241
 84000,  0.868, -9999.000,  1.279,  0.143,  0.263,  0.240
 84060,  0.975, -9999.000,  1.310,  0.132,  0.295,  0.119
 84120,  0.963, -9999.000,  1.168,  0.126,  0.248,  0.052
 84180,  0.848, -9999.000,  1.103,  0.129,  0.211,  0.043
 84240,  0.904, -9999.000,  1.205,  0.113,  0.269,  0.077
 84300,  1.029, -9999.000,  1.173,  0.112,  0.246, -0.005
 84360,  0.888, -9999.000,  1.144,  0.092,  0.182,  0.007
 84420,  1.054, -9999.000,  1.138,  0.095,  0.223,  0.079
 84480,  0.858, -9999.000,  1.044,  0.093,  0.210,  0.057
 84540,  0.901, -9999.000,  1.043,  0.088,  0.225,  0.028
 84600,  0.934, -9999.000,  1.020,  0.060,  0.153,  0.075
 84660,  0.944, -9999.000,  0.931,  0.093,  0.113,  0.087
 84720,  0.890, -9999.000,  1.100,  0.104,  0.162,  0.094
 84780,  0.911, -9999.000,  1.188,  0.067,  0.209,  0.072
 84840,  0.948, -9999.000,  1.053,  0.069,  0.204,  0.036
 84900,  0.823, -9999.000,  1.103,  0.076,  0.156,  0.064
 84960,  0.956, -9999.000,  1.066,  0.097,  0.151,  0.139
 85020,  0.956, -9999.000,  0.917,  0.038,  0.122,  0.064
 85080,  0.829, -9999.000,  1.053,  0.034,  0.097,  0.076
 85140,  0.815, -9999.000,  1.063,  0.043,  0.120,  0.085
