CampaignData_and_Merges/R0/CSL_MobileLab_Parked/raw/20240810/USOS-jNO2_MobileLabGround_20240810_R0.ict
52,1001
Waxman, E.; Rollins, A.; Zuraski, K.; Chace, W.
NOAA Chemical Sciences Laboratory
jNO2 filter radiometer on CSL Mobile Lab
AMMBEC / USOS
1, 1
2024,08,10, 2025,04,01
60
Time_Start, seconds, number_of_seconds_since_0000_UTC
20
1, 1, 1, 1, 1, 1, 1, 1, 1, 1, 1, 1, 1, 1, 1, 1, 1, 1, 1, 1
-9999, -9999, -9999, -9999, -9999, -9999, -9999, -9999, -9999, -9999, -9999, -9999, -9999, -9999, -9999, -9999, -9999, -9999, -9999, -9999
Time_Stop, seconds, number_of_seconds_since_0000_UTC
jNO2_meas, per second, photolysis rate of NO2 measured using a filter radiometer.
jBrCl, per second, photolysis rate of BrCl -> Br + Cl calculated in TUV for cloud-free sky with local AOD
jBr2, per second, photolysis rate of Br2 -> Br + Br calculated in TUV for cloud-free sky with local AOD
jCCl4, per second, photolysis rate of CCl4 -> Products calcualted in TUV for cloud-free sky with local AOD
jCH2Oa, per second, photolysis rate of CH2O -> H + HCO calculated in TUV for cloud-free sky with local AOD
jCH2Ob, per second, photolysis rate of CH2O -> H2 + CO calculated in TUV for cloud-free sky with local AOD
jClNO2, per second, photolysis rate of ClNO2 -> Cl + NO2 calculated in TUV for cloud-free sky with local AOD
jClOa, per second, photolysis rate of ClO -> Cl + O(1D) calculated in TUV for cloud-free sky with local AOD
jClOb, per second, photolysis rate of ClO -> Cl + O(3P) calculated in TUV for cloud-free sky with local AOD
jCl2, per second, photolysis rate of Cl2 -> Cl + Cl calculated in TUV for cloud-free sky with local AOD
jHNO2, per second, photolysis rate of HNO2 -> OH + NO calculated in TUV for cloud-free sky with local AOD
jHNO3, per second, photolysis rate of HNO3 -> OH + NO2 calculated in TUV for cloud-free sky with local AOD
jI2, per second, photolysis rate of I2 -> I + I calculated in TUV for cloud-free sky with local AOD
jNO2, per second, photolysis rate of NO2 -> NO + O(3P) calculated in TUV for cloud-free sky with local AOD
jNO3a, per second, photolysis rate of NO3 -> NO + O2 calculated in TUV for cloud-free sky with local AOD
jNO3b, per second, photolysis rate of NO3 -> NO2 + O(3P) calculated in TUV for cloud-free sky with local AOD
jN2O5, per second, photolysis rate of N2O5 -> NO3 + NO + O(3P) calculated in TUV for cloud-free sky with local AOD
jO3, per second, photolysis rate of O3 -> O2 + O(1D) calculated in TUV for cloud-free sky with local AOD
AOD_500nm, unitless, UTC daily mean AOD at 500 nm from an AERONET station located at 40.178 N, -112.452 E
0
18
PI_CONTACT_INFO: eleanor.waxman@noaa.gov
PLATFORM: CSL Mobile Lab, at ground site
LOCATION: Salt Lake City, UT
ASSOCIATED_DATA:
INSTRUMENT_INFO: jNO2 filter radiometer.  TUV calculations are for mobile van lat/lon/altitude assuming clear sky (cloud AOD = 0) and daily mean AOD.
DATA_INFO:
UNCERTAINTY: Data uncertainties are +/- 20%.  These come from uncertainties in radiometer angular response, radiometer thermal response, local interferences from clouds/aerosols/shadows etc.
ULOD_FLAG: -7777
ULOD_VALUE: N/A
LLOD_FLAG: -8888
LLOD_VALUE: N/A
DM_CONTACT_INFO: eleanor.waxman@noaa.gov
PROJECT_INFO: USOS Project, July - August 2024
STIPULATIONS_ON_USE: Users are strongly encouraged to contact the PI for proper data usage.
OTHER_COMMENTS: 
REVISION: R0
R0: final data
Time_Start, Time_Stop, jNO2_meas, jBrCl, jBr2, jCCl4, jCH2Oa, jCH2Ob, jClNO2, jClOa, jClOb, jCl2, jHNO2, jHNO3, jI2, jNO2, jNO3a, jNO3b, jN2O5, jO3, AOD_500nm
[from data line 84]
    5040,    5100,0.0022649,0.002904,0.01068,4.05e-26,2.608e-06,6.18e-06,6.532e-05,1.509e-26,1.008e-06,0.0004022,0.0002833,2.972e-08,0.04578,0.001923,0.01006,0.07415,5.133e-06,6.461e-07,0.156
    5100,    5160,0.002233,0.002841,0.01047,3.981e-26,2.529e-06,6.016e-06,6.362e-05,1.485e-26,9.689e-07,0.0003923,0.0002763,2.877e-08,0.04498,0.001876,0.009907,0.07291,4.996e-06,6.227e-07,0.156
    5160,    5220,0.002186,0.002782,0.01027,3.916e-26,2.456e-06,5.864e-06,6.204e-05,1.461e-26,9.335e-07,0.000383,0.0002698,2.789e-08,0.04422,0.001833,0.00976,0.07173,4.869e-06,6.013e-07,0.156
    5220,    5280,0.0021317,0.002719,0.01006,3.848e-26,2.38e-06,5.705e-06,6.038e-05,1.437e-26,8.969e-07,0.0003733,0.000263,2.697e-08,0.04341,0.001787,0.009602,0.07046,4.736e-06,5.792e-07,0.156
    5280,    5340,0.0020998,0.002655,0.00984,3.78e-26,2.305e-06,5.547e-06,5.873e-05,1.413e-26,8.613e-07,0.0003636,0.0002561,2.607e-08,0.04258,0.001741,0.009441,0.06917,4.604e-06,5.576e-07,0.156
    5340,    5400,0.0020344,0.002596,0.009637,3.718e-26,2.236e-06,5.401e-06,5.72e-05,1.39e-26,8.289e-07,0.0003545,0.0002498,2.524e-08,0.0418,0.001699,0.009288,0.06795,4.482e-06,5.38e-07,0.156
    5400,    5460,0.0019102,0.002533,0.00942,3.652e-26,2.164e-06,5.248e-06,5.56e-05,1.366e-26,7.956e-07,0.0003451,0.0002431,2.438e-08,0.04096,0.001654,0.009124,0.06663,4.354e-06,5.178e-07,0.156
    5460,    5520,0.0018984,0.00247,0.009202,3.587e-26,2.094e-06,5.097e-06,5.402e-05,1.343e-26,7.633e-07,0.0003357,0.0002365,2.354e-08,0.04011,0.001609,0.008957,0.0653,4.229e-06,4.982e-07,0.156
    5520,    5580,0.0018336,0.002411,0.008996,3.527e-26,2.029e-06,4.957e-06,5.256e-05,1.321e-26,7.339e-07,0.0003269,0.0002303,2.277e-08,0.0393,0.001568,0.008798,0.06404,4.112e-06,4.803e-07,0.156
    5580,    5640,0.0017752,0.002348,0.008776,3.462e-26,1.961e-06,4.811e-06,5.101e-05,1.298e-26,7.035e-07,0.0003177,0.0002238,2.197e-08,0.03844,0.001524,0.008627,0.06268,3.989e-06,4.617e-07,0.156
    5640,    5700,0.0017543,0.002286,0.008556,3.399e-26,1.895e-06,4.667e-06,4.95e-05,1.275e-26,6.742e-07,0.0003086,0.0002174,2.119e-08,0.03756,0.00148,0.008453,0.06131,3.869e-06,4.438e-07,0.156
    5700,    5760,0.0017011,0.002227,0.008349,3.34e-26,1.834e-06,4.534e-06,4.81e-05,1.253e-26,6.476e-07,0.0003002,0.0002115,2.047e-08,0.03674,0.00144,0.008288,0.06001,3.757e-06,4.275e-07,0.156
    5760,    5820,0.0016415,0.002165,0.008128,3.277e-26,1.771e-06,4.396e-06,4.664e-05,1.231e-26,6.202e-07,0.0002913,0.0002053,1.973e-08,0.03585,0.001397,0.008111,0.05861,3.641e-06,4.107e-07,0.156
    5820,    5880,0.0015925,0.002103,0.007908,3.216e-26,1.709e-06,4.259e-06,4.519e-05,1.208e-26,5.938e-07,0.0002826,0.0001991,1.9e-08,0.03496,0.001355,0.007931,0.05721,3.527e-06,3.944e-07,0.156
    5880,    5940,0.0015407,0.002046,0.0077,3.158e-26,1.651e-06,4.133e-06,4.386e-05,1.187e-26,5.697e-07,0.0002745,0.0001934,1.834e-08,0.03412,0.001316,0.00776,0.05587,3.421e-06,3.796e-07,0.156
    5940,    6000,0.0014803,0.001984,0.007478,3.097e-26,1.592e-06,4.001e-06,4.246e-05,1.165e-26,5.449e-07,0.0002659,0.0001874,1.765e-08,0.03321,0.001275,0.007575,0.05443,3.31e-06,3.643e-07,0.156
    6000,    6060,0.0014111,0.001923,0.007257,3.037e-26,1.534e-06,3.872e-06,4.109e-05,1.143e-26,5.211e-07,0.0002575,0.0001815,1.698e-08,0.0323,0.001235,0.007389,0.05299,3.201e-06,3.495e-07,0.156
    6060,    6120,0.0013447,0.001867,0.007049,2.981e-26,1.481e-06,3.753e-06,3.982e-05,1.123e-26,4.994e-07,0.0002497,0.0001761,1.636e-08,0.03144,0.001197,0.007212,0.05162,3.101e-06,3.361e-07,0.156
    6120,    6180,0.001311,0.001807,0.006829,2.922e-26,1.425e-06,3.628e-06,3.85e-05,1.101e-26,4.772e-07,0.0002416,0.0001704,1.573e-08,0.03052,0.001158,0.007022,0.05015,2.997e-06,3.222e-07,0.156
    6180,    6240,0.0012622,0.001747,0.00661,2.863e-26,1.371e-06,3.506e-06,3.72e-05,1.079e-26,4.558e-07,0.0002336,0.0001648,1.511e-08,0.0296,0.001119,0.00683,0.04868,2.894e-06,3.088e-07,0.156
    6240,    6300,0.0011792,0.001692,0.006404,2.808e-26,1.322e-06,3.394e-06,3.601e-05,1.059e-26,4.363e-07,0.0002262,0.0001596,1.454e-08,0.02873,0.001084,0.006647,0.04728,2.8e-06,2.966e-07,0.156
    6300,    6360,0.0010411,0.001633,0.006185,2.75e-26,1.27e-06,3.276e-06,3.476e-05,1.038e-26,4.163e-07,0.0002184,0.0001542,1.395e-08,0.0278,0.001046,0.006451,0.04579,2.701e-06,2.841e-07,0.156
    6360,    6420,0.00094653,0.001576,0.005969,2.692e-26,1.22e-06,3.162e-06,3.354e-05,1.017e-26,3.972e-07,0.0002108,0.0001489,1.339e-08,0.02687,0.001009,0.006253,0.04429,2.605e-06,2.719e-07,0.156
    6420,    6480,0.00086915,0.001522,0.005766,2.639e-26,1.174e-06,3.056e-06,3.241e-05,9.973e-27,3.798e-07,0.0002038,0.000144,1.287e-08,0.02599,0.0009753,0.006066,0.04287,2.516e-06,2.609e-07,0.156
    6480,    6540,0.00090153,0.001466,0.005553,2.582e-26,1.126e-06,2.946e-06,3.124e-05,9.764e-27,3.619e-07,0.0001965,0.0001389,1.233e-08,0.02506,0.00094,0.005866,0.04137,2.424e-06,2.496e-07,0.156
    6540,    6600,0.00087732,0.00141,0.005341,2.526e-26,1.08e-06,2.838e-06,3.009e-05,9.557e-27,3.448e-07,0.0001893,0.000134,1.181e-08,0.02413,0.0009053,0.005665,0.03986,2.334e-06,2.387e-07,0.156
    6600,    6660,0.00087739,0.001359,0.005142,2.473e-26,1.037e-06,2.738e-06,2.903e-05,9.362e-27,3.292e-07,0.0001827,0.0001294,1.133e-08,0.02325,0.0008732,0.005473,0.03843,2.25e-06,2.287e-07,0.156
    6660,    6720,0.00078336,0.001305,0.004935,2.417e-26,9.928e-07,2.635e-06,2.794e-05,9.157e-27,3.133e-07,0.0001758,0.0001246,1.083e-08,0.02232,0.00084,0.005269,0.03692,2.164e-06,2.184e-07,0.156
    6720,    6780,0.00073184,0.001252,0.00473,2.362e-26,9.499e-07,2.534e-06,2.686e-05,8.952e-27,2.981e-07,0.000169,0.0001199,1.035e-08,0.0214,0.0008076,0.005065,0.03541,2.08e-06,2.086e-07,0.156
    6780,    6840,0.00074528,0.001203,0.004539,2.31e-26,9.105e-07,2.441e-06,2.588e-05,8.761e-27,2.843e-07,0.0001628,0.0001156,9.918e-09,0.02053,0.0007777,0.004872,0.034,2.002e-06,1.996e-07,0.156
    6840,    6900,0.00076262,0.001152,0.00434,2.256e-26,8.698e-07,2.344e-06,2.485e-05,8.559e-27,2.701e-07,0.0001564,0.0001112,9.468e-09,0.01962,0.0007467,0.004667,0.0325,1.922e-06,1.904e-07,0.156
    6900,    6960,0.00072683,0.001102,0.004143,2.201e-26,8.303e-07,2.25e-06,2.385e-05,8.357e-27,2.566e-07,0.0001501,0.0001068,9.031e-09,0.01871,0.0007165,0.004461,0.031,1.844e-06,1.815e-07,0.156
    6960,    7020,0.00065328,0.001056,0.003961,2.15e-26,7.939e-07,2.163e-06,2.293e-05,8.168e-27,2.443e-07,0.0001442,0.0001028,8.631e-09,0.01787,0.0006886,0.004267,0.0296,1.771e-06,1.734e-07,0.156
    7020,    7080,0.00059644,0.001008,0.003772,2.096e-26,7.565e-07,2.072e-06,2.198e-05,7.968e-27,2.318e-07,0.0001382,9.862e-05,8.221e-09,0.01698,0.0006599,0.004062,0.02813,1.696e-06,1.651e-07,0.156
    7080,    7140,0.00057356,0.0009612,0.003587,2.043e-26,7.203e-07,1.984e-06,2.105e-05,7.769e-27,2.198e-07,0.0001323,9.456e-05,7.823e-09,0.01611,0.0006319,0.003858,0.02668,1.624e-06,1.571e-07,0.156
    7140,    7200,0.00055009,0.0009184,0.003417,1.993e-26,6.871e-07,1.903e-06,2.019e-05,7.582e-27,2.089e-07,0.0001269,9.084e-05,7.461e-09,0.0153,0.0006062,0.003668,0.02533,1.557e-06,1.499e-07,0.156
    7200,    7260,0.00052217,0.0008741,0.00324,1.94e-26,6.529e-07,1.819e-06,1.931e-05,7.385e-27,1.979e-07,0.0001213,8.698e-05,7.089e-09,0.01445,0.0005797,0.003466,0.02391,1.487e-06,1.424e-07,0.156
    7260,    7320,0.00049847,0.0008309,0.003068,1.887e-26,6.195e-07,1.736e-06,1.844e-05,7.187e-27,1.873e-07,0.0001159,8.319e-05,6.727e-09,0.01362,0.0005538,0.003266,0.02252,1.42e-06,1.352e-07,0.156
    7320,    7380,0.00047963,0.0007916,0.002911,1.838e-26,5.893e-07,1.66e-06,1.765e-05,7.002e-27,1.777e-07,0.0001109,7.973e-05,6.399e-09,0.01286,0.0005302,0.003081,0.02123,1.358e-06,1.287e-07,0.156
    7380,    7440,0.00045562,0.0007511,0.002749,1.786e-26,5.581e-07,1.582e-06,1.682e-05,6.806e-27,1.68e-07,0.0001057,7.614e-05,6.062e-09,0.01207,0.0005058,0.002887,0.01989,1.293e-06,1.221e-07,0.156
    7440,    7500,0.00043812,0.0007119,0.002593,1.735e-26,5.28e-07,1.506e-06,1.602e-05,6.611e-27,1.587e-07,0.0001006,7.264e-05,5.737e-09,0.0113,0.000482,0.002696,0.01859,1.231e-06,1.157e-07,0.156
    7500,    7560,0.0004204,0.0006762,0.002451,1.686e-26,5.005e-07,1.435e-06,1.529e-05,6.428e-27,1.504e-07,9.602e-05,6.943e-05,5.441e-09,0.0106,0.0004603,0.00252,0.0174,1.174e-06,1.098e-07,0.156
    7560,    7620,0.00040357,0.0006396,0.002305,1.635e-26,4.723e-07,1.363e-06,1.453e-05,6.234e-27,1.419e-07,9.125e-05,6.61e-05,5.138e-09,0.009887,0.0004378,0.002338,0.01617,1.115e-06,1.039e-07,0.156
    7620,    7680,0.00037967,0.0006042,0.002165,1.584e-26,4.45e-07,1.292e-06,1.379e-05,6.039e-27,1.337e-07,8.659e-05,6.284e-05,4.844e-09,0.009195,0.0004159,0.00216,0.01498,1.057e-06,9.817e-08,0.156
    7680,    7740,0.00036804,0.0005722,0.002039,1.536e-26,4.202e-07,1.227e-06,1.311e-05,5.858e-27,1.264e-07,8.234e-05,5.986e-05,4.58e-09,0.008573,0.000396,0.001998,0.01391,1.004e-06,9.3e-08,0.156
    7740,    7800,0.00035289,0.0005395,0.001911,1.486e-26,3.949e-07,1.16e-06,1.241e-05,5.665e-27,1.189e-07,7.796e-05,5.677e-05,4.309e-09,0.007941,0.0003753,0.001832,0.01282,9.501e-07,8.772e-08,0.156
    7800,    7860,0.00033661,0.0005081,0.001789,1.436e-26,3.706e-07,1.095e-06,1.173e-05,5.473e-27,1.119e-07,7.37e-05,5.376e-05,4.048e-09,0.007341,0.0003553,0.001672,0.01178,8.974e-07,8.265e-08,0.156
    7860,    7920,0.00032283,0.0004796,0.001679,1.39e-26,3.485e-07,1.036e-06,1.11e-05,5.293e-27,1.055e-07,6.981e-05,5.1e-05,3.813e-09,0.006807,0.0003369,0.001529,0.01085,8.492e-07,7.807e-08,0.156
    7920,    7980,0.00030884,0.0004506,0.001568,1.341e-26,3.26e-07,9.744e-07,1.046e-05,5.103e-27,9.903e-08,6.58e-05,4.815e-05,3.572e-09,0.006271,0.0003179,0.001385,0.00992,7.996e-07,7.34e-08,0.156
    7980,    8040,0.0002935,0.0004226,0.001463,1.291e-26,3.043e-07,9.149e-07,9.835e-06,4.912e-27,9.286e-08,6.19e-05,4.536e-05,3.341e-09,0.005766,0.0002994,0.001248,0.009043,7.513e-07,6.89e-08,0.156
    8040,    8100,0.00027799,0.0003975,0.001369,1.246e-26,2.849e-07,8.609e-07,9.266e-06,4.733e-27,8.734e-08,5.836e-05,4.282e-05,3.133e-09,0.005323,0.0002826,0.001129,0.008277,7.075e-07,6.487e-08,0.156
    8100,    8160,0.00026649,0.0003718,0.001274,1.199e-26,2.651e-07,8.055e-07,8.682e-06,4.545e-27,8.175e-08,5.471e-05,4.019e-05,2.922e-09,0.004885,0.0002652,0.00101,0.007521,6.625e-07,6.077e-08,0.156
    8160,    8220,0.00025196,0.0003472,0.001184,1.151e-26,2.462e-07,7.521e-07,8.118e-06,4.357e-27,7.644e-08,5.119e-05,3.765e-05,2.72e-09,0.004479,0.0002484,0.0009018,0.006824,6.192e-07,5.684e-08,0.156
    8220,    8280,0.00023875,0.000325,0.001104,1.108e-26,2.292e-07,7.037e-07,7.605e-06,4.182e-27,7.168e-08,4.798e-05,3.533e-05,2.539e-09,0.004124,0.0002331,0.0008086,0.006223,5.798e-07,5.332e-08,0.156
    8280,    8340,0.00022467,0.0003023,0.001023,1.062e-26,2.12e-07,6.54e-07,7.077e-06,3.996e-27,6.685e-08,4.468e-05,3.293e-05,2.355e-09,0.003775,0.0002172,0.0007188,0.005635,5.393e-07,4.972e-08,0.156
    8340,    8400,0.00021095,0.0002806,0.0009462,1.018e-26,1.958e-07,6.066e-07,6.573e-06,3.812e-27,6.229e-08,4.152e-05,3.064e-05,2.181e-09,0.003454,0.000202,0.0006391,0.005105,5.007e-07,4.631e-08,0.156
    8400,    8460,0.00019332,0.000261,0.0008777,9.776e-27,1.813e-07,5.64e-07,6.117e-06,3.641e-27,5.822e-08,3.866e-05,2.855e-05,2.025e-09,0.003175,0.0001882,0.0005727,0.004652,4.659e-07,4.326e-08,0.156
    8460,    8520,0.00018585,0.0002411,0.0008086,9.354e-27,1.667e-07,5.207e-07,5.655e-06,3.461e-27,5.412e-08,3.576e-05,2.643e-05,1.868e-09,0.0029,0.0001741,0.0005106,0.004214,4.305e-07,4.018e-08,0.156
    8520,    8580,0.00017193,0.0002221,0.000743,8.963e-27,1.53e-07,4.797e-07,5.215e-06,3.284e-27,5.025e-08,3.298e-05,2.44e-05,1.721e-09,0.002645,0.0001607,0.0004563,0.003817,3.969e-07,3.726e-08,0.156
    8580,    8640,0.00016464,0.0002051,0.0006846,8.601e-27,1.409e-07,4.432e-07,4.822e-06,3.122e-27,4.681e-08,3.05e-05,2.259e-05,1.59e-09,0.002422,0.0001487,0.0004113,0.003475,3.669e-07,3.468e-08,0.156
    8640,    8700,0.0001448,0.0001879,0.0006257,8.26e-27,1.289e-07,4.066e-07,4.428e-06,2.953e-27,4.338e-08,2.801e-05,2.076e-05,1.46e-09,0.0022,0.0001366,0.0003688,0.003141,3.369e-07,3.209e-08,0.156
    8700,    8760,0.00013802,0.0001694,0.0005626,6.834e-27,1.162e-07,3.671e-07,3.999e-06,2.712e-27,3.968e-08,2.529e-05,1.876e-05,1.321e-09,0.001965,0.0001233,0.0003239,0.002789,3.043e-07,2.928e-08,0.156
    8760,    8820,0.0001258,0.0001524,0.0005052,6.348e-27,1.048e-07,3.311e-07,3.608e-06,2.521e-27,3.63e-08,2.28e-05,1.692e-05,1.196e-09,0.001757,0.0001111,0.0002882,0.002487,2.745e-07,2.672e-08,0.156
    8820,    8880,0.00012,0.0001366,0.0004515,5.888e-27,9.43e-08,2.981e-07,3.248e-06,2.34e-27,3.317e-08,2.052e-05,1.523e-05,1.08e-09,0.001563,9.99e-05,0.0002552,0.002205,2.472e-07,2.436e-08,0.156
    8880,    8940,0.00010933,0.0001229,0.0004048,5.479e-27,8.526e-08,2.697e-07,2.939e-06,2.179e-27,3.046e-08,1.855e-05,1.378e-05,9.805e-10,0.001391,9.026e-05,0.0002261,0.001956,2.237e-07,2.231e-08,0.156
    8940,    9000,0.00010165,0.0001118,0.0003664,5.135e-27,7.79e-08,2.467e-07,2.688e-06,2.043e-27,2.824e-08,1.695e-05,1.26e-05,8.994e-10,0.001249,8.244e-05,0.0002017,0.00175,2.046e-07,2.064e-08,0.156
    9000,    9060,9.2952e-05,0.0001014,0.0003307,4.806e-27,7.111e-08,2.254e-07,2.457e-06,1.914e-27,2.618e-08,1.547e-05,1.152e-05,8.244e-10,0.001116,7.523e-05,0.0001786,0.001555,1.87e-07,1.909e-08,0.156
    9060,    9120,8.4094e-05,8.719e-05,0.000283,4.308e-27,6.197e-08,1.957e-07,2.131e-06,1.716e-27,2.325e-08,1.339e-05,9.972e-06,7.214e-10,0.0009494,6.498e-05,0.0001513,0.001319,1.622e-07,1.689e-08,0.156
    9120,    9180,8.126e-05,7.856e-05,0.0002535,4.003e-27,5.634e-08,1.778e-07,1.936e-06,1.595e-27,2.147e-08,1.214e-05,9.056e-06,6.585e-10,0.000841,5.891e-05,0.0001329,0.001163,1.474e-07,1.556e-08,0.156
    9180,    9240,7.165e-05,6.781e-05,0.0002175,3.591e-27,4.94e-08,1.553e-07,1.689e-06,1.432e-27,1.917e-08,1.057e-05,7.885e-06,5.798e-10,0.0007147,5.118e-05,0.0001121,0.000984,1.287e-07,1.384e-08,0.156
    9240,    9300,6.2885e-05,6.018e-05,0.0001916,3.294e-27,4.44e-08,1.393e-07,1.514e-06,1.314e-27,1.753e-08,9.455e-06,7.063e-06,5.233e-10,0.000621,4.575e-05,9.629e-05,0.0008498,1.154e-07,1.261e-08,0.156
    9300,    9360,5.6288e-05,5.17e-05,0.0001635,2.935e-27,3.887e-08,1.214e-07,1.316e-06,1.171e-27,1.561e-08,8.197e-06,6.126e-06,4.598e-10,0.000524,3.959e-05,8.056e-05,0.0007139,1.004e-07,1.119e-08,0.156
    9360,    9420,5.0835e-05,4.468e-05,0.0001401,2.622e-27,3.42e-08,1.063e-07,1.152e-06,1.046e-27,1.398e-08,7.151e-06,5.348e-06,4.062e-10,0.0004429,3.449e-05,6.718e-05,0.0005994,8.79e-08,9.986e-09,0.156
    9420,    9480,4.6016e-05,3.886e-05,0.0001208,2.357e-27,3.03e-08,9.374e-08,1.014e-06,9.411e-28,1.26e-08,6.281e-06,4.701e-06,3.612e-10,0.0003755,3.024e-05,5.607e-05,0.0005046,7.747e-08,8.97e-09,0.156
    9480,    9540,4.0966e-05,3.306e-05,0.0001019,2.073e-27,2.638e-08,8.106e-08,8.751e-07,8.274e-28,1.115e-08,5.401e-06,4.043e-06,3.156e-10,0.0003122,2.595e-05,4.594e-05,0.0004169,6.69e-08,7.907e-09,0.156
    9540,    9600,3.7361e-05,2.79e-05,8.526e-05,1.806e-27,2.282e-08,6.962e-08,7.498e-07,7.208e-28,9.801e-09,4.611e-06,3.452e-06,2.739e-10,0.0002567,2.209e-05,3.705e-05,0.0003401,5.738e-08,6.926e-09,0.156
    9600,    9660,3.4945e-05,2.348e-05,7.107e-05,1.564e-27,1.971e-08,5.966e-08,6.409e-07,6.244e-28,8.59e-09,3.926e-06,2.94e-06,2.372e-10,0.0002102,1.876e-05,2.967e-05,0.0002761,4.91e-08,6.048e-09,0.156
    9660,    9720,2.7605e-05,1.986e-05,5.955e-05,1.356e-27,1.71e-08,5.136e-08,5.503e-07,5.411e-28,7.546e-09,3.359e-06,2.514e-06,2.063e-10,0.0001731,1.601e-05,2.386e-05,0.0002254,4.22e-08,5.296e-09,0.156
    9720,    9780,2.7134e-05,1.658e-05,4.924e-05,1.158e-27,1.467e-08,4.372e-08,4.67e-07,4.622e-28,6.553e-09,2.839e-06,2.125e-06,1.774e-10,0.0001405,1.349e-05,1.882e-05,0.0001812,3.585e-08,4.584e-09,0.156
    9780,    9840,2.6123e-05,1.38e-05,4.058e-05,9.821e-28,1.255e-08,3.711e-08,3.951e-07,3.919e-28,5.664e-09,2.393e-06,1.79e-06,1.52e-10,0.0001136,1.133e-05,1.475e-05,0.0001451,3.037e-08,3.95e-09,0.156
