CampaignData_and_Merges/R0/CSL_MobileLab_Parked/raw/20240810/USOS-POPS_MobileLabGround_20240810_R0.ict
78, 1001
Thornberry, T. D.
NOAA Chemical Sciences Laboratory
Portable Optical Particle Spectrometer (POPS)
USOS
1, 1
2024, 08, 10, 2025, 05, 08
60
Time_Start, seconds_past_midnight, Start time of measurement
45
1, 1, 1, 1, 1, 1, 1, 1, 1, 1, 1, 1, 1, 1, 1, 1, 1, 1, 1, 1, 1, 1, 1, 1, 1, 1, 1, 1, 1, 1, 1, 1, 1, 1, 1, 1, 1, 1, 1, 1, 1, 1, 1, 1, 1
-9999, -9999, -9999, -9999, -9999, -9999, -9999, -9999, -9999, -9999, -9999, -9999, -9999, -9999, -9999, -9999, -9999, -9999, -9999, -9999, -9999, -9999, -9999, -9999, -9999, -9999, -9999, -9999, -9999, -9999, -9999, -9999, -9999, -9999, -9999, -9999, -9999, -9999, -9999, -9999, -9999, -9999, -9999, -9999, -9999
Time_Stop, seconds_past_midnight, Stop time of measurement
Time_Mid, seconds_past_midnight, Mid time of measurement
Press_mb, mb, Pressure reported (mb)
Temp_C, degrees C, POPS temperature measurement
Aerosol_concentration, cm^-3, Aerosol concentration
Surface_Area_Conc, um^2 cm^-3, Surface area concentration
Volume_density, um^3 cm^-3, Volume density
Effective_radius, um, Effective radius
Extinction, km^-1, Extinction
Bin01, cm^-3, particle concentration in size range [1401 - 146.3 nm]
Bin02, cm^-3, particle concentration in size range [146.3 - 152.8 nm]
Bin03, cm^-3, particle concentration in size range [152.8 - 159.6 nm]
Bin04, cm^-3, particle concentration in size range [159.6 - 166.8 nm]
Bin05, cm^-3, particle concentration in size range [166.8 - 174.2 nm]
Bin06, cm^-3, particle concentration in size range [174.2 - 181.9 nm]
Bin07, cm^-3, particle concentration in size range [181.9 - 190.0 nm]
Bin08, cm^-3, particle concentration in size range [190.0 - 198.5 nm]
Bin09, cm^-3, particle concentration in size range [198.5 - 207.4 nm]
Bin10, cm^-3, particle concentration in size range [207.4 - 216.6 nm]
Bin11, cm^-3, particle concentration in size range [216.6 - 226.2 nm]
Bin12, cm^-3, particle concentration in size range [226.2 - 236.3 nm]
Bin13, cm^-3, particle concentration in size range [236.3 - 246.8 nm]
Bin14, cm^-3, particle concentration in size range [246.8 - 257.8 nm]
Bin15, cm^-3, particle concentration in size range [257.8 - 269.3 nm]
Bin16, cm^-3, particle concentration in size range [269.3 - 343.4 nm]
Bin17, cm^-3, particle concentration in size range [343.4 - 450.7 nm]
Bin18, cm^-3, particle concentration in size range [450.7 - 525.9 nm]
Bin19, cm^-3, particle concentration in size range [525.9 - 618.5 nm]
Bin20, cm^-3, particle concentration in size range [618.5 - 710.0 nm]
Bin21, cm^-3, particle concentration in size range [710.0 - 822.7 nm]
Bin22, cm^-3, particle concentration in size range [822.7 - 885.9 nm]
Bin23, cm^-3, particle concentration in size range [885.9 - 953.9 nm]
Bin24, cm^-3, particle concentration in size range [953.9 - 1027.2 nm]
Bin25, cm^-3, particle concentration in size range [1027.2 - 1106.1 nm]
Bin26, cm^-3, particle concentration in size range [1106.1 - 1191.0 nm]
Bin27, cm^-3, particle concentration in size range [1191.0 - 1282.5 nm]
Bin28, cm^-3, particle concentration in size range [1282.5 - 1381.0 nm]
Bin29, cm^-3, particle concentration in size range [1381.0 - 1487.1 nm]
Bin30, cm^-3, particle concentration in size range [1487.1 - 1601.3 nm]
Bin31, cm^-3, particle concentration in size range [1601.3 - 1724.3 nm]
[...]
PLATFORM: NOAA CSL Mobile Lab
LOCATION: USOS
ASSOCIATED_DATA: N/A
INSTRUMENT_INFO: Printed Optical Particle Spectrometer counts particles from 140 - 2500 nm in diameter 
DATA_INFO: Particle concentrations reported in number per cubic centimeter,1 Hz data
UNCERTAINTY: Counting uncertainty dominated by air flow, less than 5 percent. Measurement range is ~0 - 3000 per cm3 (varies depending on flow rate- manufacturer quotes 1250 per cm3 at 1.667 cc/s)
ULOD_FLAG: -7777
ULOD_VALUE: N/A
LLOD_FLAG: -8888
LLOD_VALUE: N/A
DM_CONTACT_INFO: Troy Thornberry, 325 Broadway R/CSL6, Boulder, CO 80305; troy.thornberry@noaa.gov; 303-497-3373
PROJECT_INFO: USOS, Utah POPS data from NOAA CSL Mobile Lab
STIPULATIONS_ON_USE: Please contact the PIs for questions regarding applications and uncertainties
OTHER_COMMENTS: POPS bin Edges (nm):  140.1, 146.3, 152.8, 159.6, 166.8, 174.2, 181.9, 190.0, 198.5, 207.4, 216.6, 226.2, 236.3, 246.8, 257.8, 269.3, 343.4, 450.7, 525.9, 618.5, 710.0, 822.7, 885.9, 953.9, 1027.2, 1106.1, 1191.0, 1282.5, 1381.0, 1487.1, 1601.3, 1724.3, 1856.7, 1999.3, 2152.8, 2318.2, 2496.2
Calculations assume organic aerosol refractive index of 1.52+0.00j and extinction wavelength = 532 nm
REVISION: R0
R0: Final data
Time_Start, Time_Stop, Time_Mid, Press_mb, Temp_C, Aerosol_concentration, Surface_Area_Conc, Volume_density, Effective_radius, Extinction, Bin01, Bin02, Bin03, Bin04, Bin05, Bin06, Bin07, Bin08, Bin09, Bin10, Bin11, Bin12, Bin13, Bin14, Bin15, Bin16, Bin17, Bin18, Bin19, Bin20, Bin21, Bin22, Bin23, Bin24, Bin25, Bin26, Bin27, Bin28, Bin29, Bin30, Bin31, Bin32, Bin33, Bin34, Bin35, Bin36
[from data line 242]
14520,14579,14550,870.774,30.358,198.797,35.629,2.435,0.196,0.011,14.654090,13.880738,13.089481,12.461718,12.352689,11.605618,11.123298,10.105312,9.943522,9.433779,9.324289,9.848625,9.505110,9.143372,7.962317,24.488735,6.973970,1.562096,0.622509,0.110995,0.088350,0.044518,0.077819,0.072302,0.038990,0.027318,0.016539,0.044345,0.027948,0.022060,0.055121,0.038437,0.005631,0.011280,0.000000,0.033527
14580,14639,14610,870.808,30.488,196.554,34.312,2.080,0.178,0.010,14.553035,13.519645,13.069522,12.712466,12.304445,11.959878,11.015395,9.787743,9.190208,9.583834,9.237979,9.678056,9.362111,9.235142,7.817030,24.135695,6.644848,1.564267,0.608455,0.116597,0.095173,0.044663,0.050111,0.033536,0.021969,0.022077,0.011038,0.016969,0.022358,0.027749,0.055621,0.005447,0.017213,0.011039,0.011297,0.011419
14640,14699,14670,870.801,30.549,201.135,34.874,2.109,0.178,0.010,14.584306,14.152753,13.471542,13.291917,12.504813,11.989272,11.113748,10.621815,9.668308,9.476458,9.272302,9.661345,9.862411,9.525691,8.004204,24.544283,6.634713,1.502589,0.579129,0.139641,0.089536,0.061932,0.088478,0.033714,0.044325,0.021752,0.077899,0.016451,0.011198,0.005464,0.005593,0.027620,0.027940,0.011075,0.011223,0.000000
14700,14759,14730,870.835,30.544,200.277,35.511,2.357,0.195,0.011,14.965806,14.620176,13.189877,13.010844,12.055813,11.430131,10.971380,9.995387,9.902685,9.429039,9.238153,9.300163,9.667994,9.710894,7.799410,25.187815,7.072165,1.478854,0.614595,0.116489,0.116519,0.081873,0.049755,0.027378,0.027690,0.005669,0.000000,0.016576,0.016633,0.027860,0.043962,0.027604,0.022107,0.016723,0.016673,0.021957
14760,14819,14790,870.849,30.451,201.395,35.412,2.370,0.195,0.011,14.497535,14.381566,13.142920,12.587152,12.735437,11.627156,11.232619,10.643661,9.847464,9.820707,9.926635,9.362631,9.735495,9.466014,8.050751,24.854355,6.904324,1.440941,0.627348,0.094422,0.066756,0.038859,0.027449,0.027707,0.016591,0.016560,0.016527,0.022340,0.021924,0.011112,0.038636,0.033413,0.021989,0.000000,0.027689,0.028026
14820,14879,14850,870.862,30.349,199.549,36.219,2.598,0.208,0.011,14.527986,14.106315,13.284361,13.050907,11.862979,11.353949,10.780733,10.773684,10.088468,9.100566,9.150129,9.892981,9.945014,9.173239,7.996239,24.733402,6.861439,1.525535,0.614292,0.116055,0.055837,0.050209,0.043512,0.049986,0.033195,0.033804,0.055608,0.055682,0.022205,0.038818,0.055609,0.033254,0.027114,0.016569,0.000000,0.038947
14880,14939,14910,870.894,30.245,198.880,35.004,2.241,0.185,0.011,14.718895,13.410171,13.293012,13.199505,12.647380,11.721058,11.025346,9.877646,9.818059,9.549627,9.449285,9.694355,9.945668,9.019526,7.720119,24.231415,6.540160,1.720128,0.631546,0.185717,0.062265,0.062534,0.050930,0.022722,0.039581,0.039407,0.039406,0.017276,0.011395,0.005688,0.045354,0.022750,0.028441,0.005785,0.005650,0.022585
14940,14999,14970,870.882,30.289,201.014,36.454,2.719,0.214,0.011,15.081300,14.910836,13.262009,13.230556,12.603062,11.742399,10.958260,10.501644,9.698380,9.115507,9.176388,9.735724,9.522992,9.126130,7.733057,24.915174,6.966180,1.413105,0.579810,0.127945,0.077920,0.072956,0.072479,0.022488,0.028006,0.016734,0.033083,0.039101,0.027690,0.033568,0.038545,0.027749,0.028216,0.016782,0.027967,0.050290
15000,15059,15030,870.898,30.445,203.959,36.354,2.324,0.185,0.011,15.077830,14.124687,13.282661,13.371226,12.936463,11.549771,11.004347,10.733752,10.049389,9.008546,9.521270,10.349185,10.071546,9.832014,7.926297,25.229919,6.752341,1.658653,0.720322,0.134058,0.094581,0.084250,0.089668,0.066853,0.044865,0.016489,0.033179,0.016933,0.016874,0.050303,0.033548,0.005593,0.027492,0.011206,0.010966,0.022343
15060,15119,15090,870.942,30.580,204.813,36.844,2.593,0.205,0.012,14.991547,14.721985,13.920317,13.147887,12.377221,12.087786,10.931555,10.325333,10.103958,9.754064,9.504345,9.753955,9.871901,9.815979,8.344464,25.041332,7.063396,1.619495,0.648976,0.143690,0.122205,0.033637,0.061119,0.038804,0.055744,0.060815,0.044991,0.027425,0.016449,0.021970,0.043873,0.050395,0.016707,0.010932,0.011148,0.027648
15120,15179,15150,870.932,30.536,203.057,36.197,2.469,0.200,0.011,15.087624,14.884423,13.828071,13.168827,12.406849,11.978004,10.959819,10.644325,9.299220,9.729026,9.563977,9.683812,9.604630,9.815205,7.621098,24.716433,7.173467,1.483474,0.659355,0.138504,0.116697,0.060829,0.066906,0.061013,0.038914,0.027824,0.033323,0.010949,0.016434,0.033155,0.022340,0.033177,0.038894,0.016783,0.005429,0.027789
15180,15239,15210,870.939,30.506,200.636,35.767,2.433,0.199,0.011,14.948569,14.120010,12.950480,13.197514,12.109938,11.776907,10.723701,10.051812,10.036922,9.517449,9.221396,9.739875,10.067070,9.651567,7.880214,25.070852,6.788675,1.415836,0.702900,0.118410,0.095649,0.039707,0.050801,0.039385,0.005557,0.039799,0.017025,0.039006,0.022361,0.050463,0.045466,0.045279,0.016842,0.016933,0.011356,0.010727
15240,15299,15270,870.966,30.445,198.588,35.803,2.532,0.204,0.011,14.900595,13.676575,13.478799,13.232654,12.338925,11.334854,10.743077,9.849469,10.038480,9.310948,9.436803,9.537953,9.660040,9.140570,7.770351,24.230721,6.952355,1.600079,0.625555,0.121209,0.099601,0.071467,0.049563,0.022040,0.033279,0.044130,0.016206,0.022279,0.044386,0.044597,0.049694,0.038477,0.016631,0.011038,0.022206,0.022187
15300,15359,15330,870.965,30.335,202.140,36.214,2.454,0.197,0.011,14.603510,14.348772,13.602375,13.252633,12.553372,11.689306,10.819856,10.772300,9.529443,9.534070,9.482800,9.744300,9.216374,9.648002,8.099650,25.142183,7.136806,1.521295,0.727680,0.122007,0.126579,0.077709,0.033404,0.033544,0.043830,0.016595,0.022394,0.039046,0.022586,0.028014,0.044288,0.033659,0.027402,0.011075,0.011024,0.022143
15360,15419,15390,870.984,30.236,199.703,34.731,2.169,0.182,0.010,15.028045,13.886747,13.587673,13.004121,12.534039,11.507238,11.266462,10.511645,9.590720,9.622943,9.314389,9.354919,9.885697,9.002525,7.921735,24.426477,6.532461,1.501430,0.635459,0.138799,0.078149,0.028042,0.049976,0.021968,0.033509,0.033028,0.016394,0.038594,0.016706,0.033356,0.011074,0.022238,0.022244,0.033579,0.005519,0.005519
15420,15479,15450,871.002,30.345,202.019,35.607,2.349,0.191,0.011,14.380383,14.518309,13.670625,13.374350,13.089408,11.810244,11.005572,10.313862,10.126212,9.432145,9.858646,9.711984,9.729983,9.177817,8.068264,24.037481,6.919321,1.484110,0.632235,0.135628,0.089884,0.067828,0.056795,0.045433,0.028012,0.039210,0.022715,0.011415,0.016864,0.016782,0.039631,0.022628,0.028404,0.022433,0.016714,0.017199
15480,15539,15510,871.013,30.480,202.590,36.097,2.438,0.197,0.011,15.361393,14.592745,12.937703,13.210260,12.578195,11.827797,11.040683,10.376088,9.883856,9.253538,9.543622,9.628825,9.778571,9.501364,7.676509,25.260044,7.101721,1.649346,0.729852,0.110011,0.093469,0.066349,0.066428,0.022542,0.033197,0.027609,0.016686,0.027949,0.027191,0.016612,0.032871,0.044309,0.033522,0.016742,0.005464,0.016836
15540,15599,15570,871.007,30.472,200.147,36.239,2.628,0.211,0.012,14.801339,13.920727,13.274631,12.842974,12.367099,12.169287,11.233907,10.529348,9.771394,9.429214,9.051192,9.777471,10.146293,9.430928,7.531434,24.238462,6.540783,1.698448,0.626528,0.127732,0.128088,0.061282,0.056018,0.055289,0.021836,0.027308,0.010884,0.016407,0.038865,0.016851,0.066811,0.027275,0.044455,0.005429,0.027780,0.033435
15600,15659,15630,871.021,30.382,200.648,36.017,2.564,0.203,0.011,15.012762,14.125189,13.552411,12.791139,12.944229,11.979551,10.990660,10.291839,9.747784,9.301332,9.200500,9.597888,9.476325,9.528526,7.412801,25.037123,6.852729,1.583641,0.544050,0.122349,0.104865,0.044465,0.032835,0.027835,0.033465,0.067196,0.022188,0.005501,0.016434,0.038519,0.022335,0.022222,0.034104,0.016415,0.021969,0.045008
15660,15719,15690,871.027,30.291,198.467,35.436,2.426,0.197,0.011,15.039370,13.757622,13.230639,12.627802,12.530755,11.655937,11.059208,10.444606,9.911985,9.105747,8.956235,9.394691,9.399370,9.554702,7.826726,24.274105,6.928319,1.503408,0.566258,0.144649,0.072100,0.071653,0.044460,0.044239,0.033677,0.016933,0.027627,0.010968,0.032837,0.044734,0.066626,0.027706,0.016660,0.000000,0.011207,0.033276
15720,15779,15750,871.032,30.179,198.660,35.514,2.328,0.190,0.011,14.456905,13.262959,13.520967,13.345903,12.265114,11.687562,10.845352,9.929918,9.926830,9.332551,9.347135,9.453668,9.619301,9.153803,7.649522,24.803053,7.123324,1.498664,0.674459,0.189299,0.111716,0.061399,0.072424,0.050242,0.027694,0.022284,0.021843,0.016431,0.027335,0.023021,0.060764,0.022167,0.011578,0.016490,0.005411,0.022940
15780,15839,15810,871.035,30.192,199.914,34.989,2.193,0.182,0.011,15.110746,14.388946,13.231745,12.799754,12.195095,11.603949,11.584265,10.538249,10.150331,9.122177,9.428316,9.687927,9.684305,8.649829,7.655890,24.053196,7.112765,1.695100,0.676473,0.088037,0.078206,0.049769,0.016622,0.044149,0.032980,0.022355,0.056078,0.011130,0.011359,0.016727,0.038746,0.016912,0.022262,0.011300,0.011093,0.016911
15840,15899,15870,871.008,30.308,201.019,35.802,2.423,0.198,0.011,14.423393,14.691689,13.569832,13.131600,12.479272,11.232434,10.984563,10.535650,10.126986,9.994014,9.095154,9.159245,9.745214,9.526658,8.020209,24.667425,6.730577,1.512035,0.717464,0.156258,0.066749,0.050100,0.027857,0.033826,0.066726,0.039543,0.022488,0.011358,0.022378,0.039138,0.039098,0.022230,0.016439,0.005727,0.027541,0.027936
15900,15959,15930,871.029,30.468,205.165,36.179,2.333,0.189,0.011,15.230120,14.665769,14.014327,13.352061,12.629938,12.086096,11.348588,10.406052,10.075500,9.678510,9.572882,10.098437,9.639125,9.331509,7.991605,25.148048,6.904861,1.704515,0.672830,0.126780,0.072441,0.027990,0.066296,0.038528,0.021912,0.016782,0.033660,0.027829,0.016615,0.016451,0.066461,0.011043,0.010984,0.022448,0.021898,0.016491
15960,16019,15990,871.026,30.492,198.119,33.906,1.991,0.173,0.010,15.203448,14.387095,13.605494,13.441098,12.236414,11.605841,10.896620,10.479194,9.768676,9.232898,8.713755,9.203591,9.382553,8.885797,7.774706,24.114653,6.643874,1.390702,0.620609,0.099979,0.099974,0.033265,0.044431,0.038620,0.022297,0.027798,0.016667,0.021916,0.010880,0.039104,0.022297,0.011130,0.016779,0.016419,0.000000,0.010754
16020,16079,16050,871.017,30.431,200.119,35.035,2.250,0.185,0.011,15.334231,13.743421,14.054203,13.067841,12.570496,11.713973,10.812294,10.330926,9.696964,9.483301,9.165016,9.120279,9.722196,9.419153,7.572622,24.742981,6.890707,1.507200,0.600203,0.094301,0.060836,0.044088,0.055821,0.071854,0.027800,0.028011,0.027118,0.005464,0.027806,0.000000,0.044918,0.016873,0.011261,0.010966,0.011242,0.032830
16080,16139,16110,871.001,30.331,197.006,35.491,2.575,0.210,0.011,14.565090,14.466251,12.831283,12.333109,12.434921,11.657950,11.114307,10.140373,9.368798,9.132021,9.266469,9.435761,9.679725,9.471721,7.255814,24.381773,6.637041,1.426757,0.716854,0.121939,0.105043,0.056334,0.033584,0.044419,0.016742,0.033185,0.038866,0.016933,0.005411,0.055768,0.033587,0.038886,0.005376,0.022168,0.022169,0.039591
16140,16199,16170,871.023,30.288,196.583,34.987,2.471,0.206,0.011,14.885192,13.702389,13.408847,12.870607,12.406701,11.123151,11.059703,10.495604,9.437391,9.205647,9.223064,9.439153,9.474167,9.186094,7.656743,23.278090,7.110369,1.373006,0.586583,0.133156,0.089024,0.049943,0.050228,0.016570,0.027805,0.033343,0.022462,0.021810,0.027948,0.022533,0.039309,0.043887,0.027571,0.011095,0.016504,0.027710
16200,16259,16230,870.985,30.237,197.219,34.171,2.078,0.179,0.010,15.000872,13.973245,13.169349,13.159593,12.359190,11.158281,10.745241,9.870596,9.602098,8.855830,9.466822,9.462751,9.886568,8.936094,7.877565,24.402884,6.700685,1.425387,0.611441,0.161626,0.077575,0.038625,0.010938,0.044287,0.016685,0.027621,0.016760,0.027421,0.005593,0.022204,0.038459,0.016760,0.016705,0.005359,0.016667,0.010965
16260,16319,16290,870.986,30.353,196.676,33.914,2.050,0.177,0.010,14.556807,14.041311,13.403976,13.087547,12.362431,11.777163,10.883652,9.695759,9.918239,9.229818,9.169200,8.888630,9.257665,9.453094,7.644563,23.943050,6.927052,1.323329,0.598559,0.105671,0.049593,0.066319,0.044815,0.032856,0.010753,0.027176,0.033337,0.016996,0.016895,0.016420,0.032849,0.016270,0.005612,0.005574,0.022283,0.010863
16320,16379,16350,870.967,30.516,197.802,34.176,2.140,0.183,0.010,14.850411,14.129012,13.574908,13.567185,12.674135,11.437374,11.126284,9.844726,9.482771,10.117570,8.946464,9.166428,9.764996,8.822423,7.484615,23.808666,6.314180,1.462630,0.665708,0.095318,0.083222,0.044339,0.038361,0.055517,0.044138,0.016705,0.016565,0.022382,0.011186,0.033656,0.033474,0.016567,0.011319,0.005612,0.000000,0.033301
16380,16439,16410,870.964,30.490,196.968,34.593,2.247,0.189,0.011,14.700010,13.892576,13.552675,12.616403,12.376220,11.490777,10.866810,10.246467,9.738463,9.140206,9.091998,9.353989,9.692757,8.640464,7.778881,24.227530,6.928959,1.384364,0.654285,0.084747,0.084451,0.061845,0.034040,0.056663,0.011320,0.034073,0.033610,0.034072,0.011318,0.022761,0.045527,0.033962,0.017063,0.000000,0.005765,0.022470
16440,16499,16470,870.947,30.448,196.385,34.379,2.217,0.188,0.010,14.285635,14.234467,13.561868,12.798417,12.069268,11.571745,10.901793,10.081198,9.695977,9.232317,9.321622,9.246791,9.151497,9.046815,7.786986,24.157869,6.668576,1.444614,0.577254,0.078089,0.044659,0.061049,0.044812,0.060807,0.033178,0.016579,0.028043,0.022007,0.022209,0.033655,0.027736,0.016490,0.011112,0.000000,0.016615,0.033066
16500,16559,16530,870.928,30.432,197.817,34.336,2.131,0.181,0.010,15.039676,14.213541,12.981555,13.393275,12.673013,11.546618,11.093591,10.068124,9.494562,9.543955,8.960006,9.443537,9.303989,9.335444,7.434487,24.130259,6.658654,1.326092,0.624263,0.077747,0.123012,0.016575,0.039400,0.027495,0.027870,0.028043,0.022132,0.033827,0.016612,0.033582,0.033599,0.005519,0.022377,0.005612,0.028290,0.010915
16560,16619,16590,870.945,30.345,195.317,34.169,2.222,0.190,0.010,14.425756,13.537203,13.020912,13.219270,12.659694,11.392879,11.219040,9.992451,9.504785,9.432567,9.303909,9.079282,8.917428,8.547614,7.600532,24.338385,6.734151,1.229591,0.590584,0.078465,0.127206,0.055748,0.038450,0.016849,0.016311,0.011113,0.011148,0.028001,0.010929,0.038343,0.055443,0.021968,0.005593,0.016602,0.027703,0.010987
16620,16679,16650,870.917,30.278,197.196,34.399,2.144,0.182,0.010,14.023376,13.888732,13.167319,12.887244,12.406343,11.626648,10.486233,10.651537,9.770960,9.227340,9.370647,9.315950,9.720301,9.315315,7.728325,24.380812,6.651213,1.468295,0.593876,0.083394,0.061025,0.049975,0.038390,0.016723,0.033345,0.044251,0.022031,0.044207,0.005574,0.005501,0.033732,0.011131,0.027564,0.005556,0.000000,0.033283
16680,16739,16710,870.920,30.279,197.817,34.163,2.078,0.179,0.010,15.391665,14.284545,13.588510,12.977562,11.853231,11.859737,10.818793,10.001262,9.449120,9.085841,9.145029,9.868945,9.143933,9.100142,7.692161,24.005560,6.842060,1.593073,0.568155,0.117348,0.072987,0.039177,0.027873,0.051029,0.027985,0.038955,0.016730,0.022157,0.016892,0.022273,0.027708,0.027613,0.022413,0.005727,0.000000,0.011243
16740,16799,16770,870.915,30.406,198.196,34.254,1.988,0.171,0.010,15.125295,14.065331,13.589877,12.960452,12.843389,11.497573,10.745341,10.320133,9.699237,9.040867,8.989262,9.055784,9.748592,9.369007,7.636070,23.898441,6.855394,1.583286,0.608572,0.110995,0.104321,0.044516,0.044157,0.011077,0.027783,0.022266,0.033384,0.016376,0.016671,0.044415,0.044275,0.000000,0.022432,0.016284,0.005429,0.000000
16800,16859,16830,870.924,30.547,202.177,35.155,2.159,0.179,0.011,14.815172,14.838494,14.122560,13.182108,12.622952,11.549986,11.253491,10.420870,9.615851,9.469068,9.454028,9.455916,9.790007,9.248998,7.906861,24.694506,7.097513,1.452791,0.637453,0.084502,0.113376,0.039763,0.039723,0.033492,0.011262,0.045489,0.005650,0.028417,0.011343,0.016931,0.045318,0.005612,0.033940,0.005575,0.000000,0.028032
