CampaignData_and_Merges/R0/CSL_MobileLab_Parked/raw/20240810/USOS-NOAAIodideCIMS-OrgNitrs_MobileLabGround_20240810_RA.ict
37, 1001
Michael A Robinson, Chris Jernigan, Subi Thakali
NOAA ESRL Chemical Sciences Laboratory and CIRES, U. of Colorado
NOAA Iodide CIMS Instrument
USOS
1, 1
2024, 08, 10, 2024, 08, 11
1
starttime_UTC, seconds_past_midnight, seconds_of_day_since_00:00:00_UTC
5
1, 1, 1, 1, 1
-9999, -9999, -9999, -9999, -9999
C4H7NO5_NOAACIMS, pptv, Gas_C4H7NO5_InSitu_S_AVMR, 
ISOPN_NOAACIMS, pptv, Gas_ISOPN_InSitu_S_AVMR, 
C5H10O3_NOAACIMS, pptv, Gas_C5H10O3_InSitu_S_AVMR, 
C5H9NO5_NOAACIMS, pptv, Gas_C5H9NO5_InSitu_S_AVMR, 
C10H17NO4_NOAACIMS, pptv, Gas_C10H17NO4_InSitu_S_AVMR, 
0
18
PI_CONTACT_INFO: 325 Broadway, R/CSD 7, Boulder, Colorado 80305; michael.a.robinson@noaa.gov; chris.jernigan@noaa.gov;
PLATFORM: NOAA CSL Mobile Lab
LOCATION: SLC, Utah
ASSOCIATED_DATA: 1Hz data also available on request.
INSTRUMENT_INFO: NOAA I- ToF CIMS
DATA_INFO: All data in parts per trillion by volume (pptv). 1 Hz data is available upon request.
UNCERTAINTY: TBD
ULOD_FLAG: -7777
ULOD_VALUE: N/A
LLOD_FLAG: -8888
LLOD_VALUE: N/A
DM_CONTACT_INFO: Nathan Howard; nathan.h.howard@noaa.gov
PROJECT_INFO: USOS, summer 2024. https://csl.noaa.gov/groups/csl7/measurements/2024usos/
STIPULATIONS_ON_USE: Users are strongly encouraged to contact the PI for proper data usage.
OTHER_COMMENTS: 
REVISION: RA
RA: Preliminary Data; For in-field use only
starttime_UTC, C4H7NO5_NOAACIMS, ISOPN_NOAACIMS, C5H10O3_NOAACIMS, C5H9NO5_NOAACIMS, C10H17NO4_NOAACIMS
[from data line 677]
 40620,  2.469,  4.888, 33.337,  6.511,  1.046
 40680,  2.589,  5.234, 35.080,  6.813,  1.036
 40740,  2.643,  5.333, 34.727,  6.789,  0.936
 40800,  2.646,  5.275, 35.350,  6.877,  0.869
 40860,  2.609,  5.417, 36.196,  6.915,  0.999
 40920,  2.668,  5.208, 36.253,  7.023,  0.915
 40980,  2.688,  5.153, 37.396,  7.081,  0.956
 41040,  2.682,  5.483, 37.897,  6.981,  0.915
 41100,  2.619,  5.211, 37.699,  6.935,  0.955
 41160, -9999.000, -9999.000, -9999.000, -9999.000, -9999.000
 41220,  2.619,  5.123, 34.617,  6.479,  0.904
 41280,  2.697,  4.952, 37.005,  6.612,  0.908
 41340,  2.604,  5.069, 36.509,  6.725,  0.993
 41400,  2.566,  5.027, 36.158,  6.696,  0.853
 41460,  2.506,  5.031, 36.696,  6.639,  0.889
 41520,  2.583,  5.050, 35.276,  6.437,  0.936
 41580,  2.611,  4.952, 35.495,  6.785,  0.923
 41640,  2.605,  5.154, 36.879,  6.691,  0.933
 41700,  2.616,  4.929, 36.926,  6.691,  0.957
 41760,  2.626,  5.186, 36.835,  6.939,  0.927
 41820,  2.602,  5.008, 37.262,  6.715,  0.900
 41880,  2.576,  4.983, 35.650,  6.770,  0.888
 41940,  2.634,  4.972, 36.147,  6.650,  0.828
 42000,  2.636,  5.131, 37.863,  6.854,  1.042
 42060,  2.481,  5.057, 35.603,  6.459,  0.912
 42120,  2.553,  5.021, 35.398,  6.613,  0.940
 42180,  2.588,  4.935, 35.314,  6.581,  1.023
 42240,  2.616,  5.196, 35.523,  6.562,  0.896
 42300,  2.501,  4.907, 35.578,  6.516,  0.916
 42360,  2.547,  4.995, 35.944,  6.442,  0.944
 42420,  2.497,  5.000, 35.518,  6.518,  0.971
 42480,  2.610,  5.173, 35.367,  6.712,  0.940
 42540,  2.567,  4.840, 35.389,  6.419,  0.915
 42600,  2.521,  4.791, 35.757,  6.619,  0.915
 42660,  2.534,  5.010, 34.967,  6.510,  0.857
 42720,  2.531,  5.072, 35.691,  6.584,  0.961
 42780,  2.577,  5.009, 36.004,  6.560,  0.868
 42840,  2.521,  4.637, 33.821,  6.500,  0.931
 42900,  2.516,  4.869, 34.680,  6.549,  0.863
 42960,  2.541,  5.076, 35.545,  6.460,  1.077
 43020, -9999.000, -9999.000, -9999.000, -9999.000, -9999.000
 43080,  2.488,  4.856, 30.815,  6.190,  0.821
 43140,  2.497,  4.999, 32.635,  6.302,  0.851
 43200,  2.520,  4.826, 32.380,  6.376,  0.871
 43260,  2.548,  4.841, 32.907,  6.407,  0.918
 43320,  2.523,  4.850, 33.878,  6.517,  0.922
 43380,  2.546,  4.905, 34.871,  6.515,  0.877
 43440,  2.515,  5.090, 35.672,  6.631,  0.942
 43500,  2.571,  5.059, 35.293,  6.863,  0.861
 43560,  2.601,  5.057, 34.033,  6.708,  0.806
 43620,  2.645,  5.381, 35.240,  6.658,  0.789
 43680,  2.692,  5.487, 37.327,  6.994,  1.006
 43740,  2.692,  5.089, 37.306,  7.006,  0.876
 43800,  2.703,  5.471, 38.270,  7.020,  0.972
 43860,  2.663,  5.024, 37.439,  7.132,  0.954
 43920,  2.642,  5.043, 36.907,  6.824,  0.867
 43980,  2.637,  4.995, 37.530,  6.886,  0.924
 44040,  2.630,  5.291, 38.644,  6.811,  0.962
 44100,  2.614,  5.102, 38.169,  6.753,  0.972
 44160,  2.602,  5.147, 38.245,  6.440,  0.896
 44220,  2.524,  5.173, 37.762,  6.640,  0.867
 44280,  2.573,  5.174, 36.620,  6.664,  0.834
 44340,  2.581,  5.368, 37.895,  6.803,  0.893
 44400,  2.604,  5.432, 38.498,  6.855,  0.856
 44460,  2.611,  5.405, 38.511,  6.605,  0.800
 44520,  2.553,  5.052, 37.405,  6.453,  0.806
 44580,  2.588,  5.210, 36.807,  6.475,  0.755
 44640,  2.622,  5.335, 37.840,  6.659,  0.825
 44700,  2.677,  5.311, 38.667,  6.566,  0.891
 44760,  2.623,  5.156, 38.583,  6.663,  0.996
 44820,  2.599,  5.624, 38.505,  6.775,  0.853
 44880,  2.566,  5.142, 34.441,  6.307,  0.730
 44940,  2.594,  5.018, 35.982,  6.252,  0.875
 45000,  2.645,  5.429, 36.951,  6.789,  0.804
 45060,  2.638,  5.436, 38.272,  6.994,  0.842
 45120,  2.645,  5.074, 38.701,  6.565,  0.804
 45180,  2.584,  5.084, 38.522,  6.505,  0.804
 45240,  2.615,  4.858, 36.041,  6.448,  0.785
 45300,  2.579,  5.285, 37.776,  6.471,  0.895
 45360,  2.617,  5.221, 39.213,  6.484,  0.883
 45420,  2.690,  5.268, 38.009,  6.660,  0.825
 45480,  2.673,  5.187, 38.485,  6.509,  0.848
 45540,  2.723,  5.268, 38.664,  7.016,  0.934
 45600,  2.713,  5.255, 37.621,  6.689,  0.897
 45660,  2.718,  4.767, 38.532,  6.446,  0.865
 45720,  2.735,  5.152, 40.218,  6.708,  0.947
 45780,  2.706,  5.142, 38.662,  6.611,  0.945
 45840,  2.663,  5.241, 38.888,  6.628,  0.972
 45900,  2.645,  5.026, 38.904,  6.426,  0.895
 45960,  2.616,  5.120, 38.219,  6.289,  0.926
 46020,  2.661,  4.762, 37.308,  6.201,  0.833
 46080,  2.597,  4.952, 37.991,  6.195,  0.903
 46140,  2.689,  4.865, 38.369,  6.259,  0.901
 46200,  2.568,  4.723, 37.277,  6.305,  0.832
 46260,  2.584,  4.795, 35.811,  5.993,  0.920
 46320,  2.644,  4.971, 36.868,  6.090,  0.885
 46380,  2.576,  4.879, 36.676,  5.987,  0.949
 46440,  2.673,  4.964, 37.260,  6.214,  0.871
 46500,  2.680,  4.897, 37.345,  6.330,  0.893
 46560,  2.652,  4.683, 36.348,  6.317,  0.892
 46620,  2.660,  4.992, 36.938,  6.431,  0.926
 46680, -9999.000, -9999.000, -9999.000, -9999.000, -9999.000
 46740,  2.576,  4.615, 32.482,  5.865,  0.902
 46800,  2.673,  4.892, 33.252,  6.237,  0.937
 46860,  2.794,  6.000, 37.626,  7.262,  1.208
 46920,  3.027,  6.249, 38.928,  7.610,  1.470
 46980,  3.040,  5.832, 39.594,  7.494,  1.373
 47040,  2.952,  5.919, 39.989,  7.043,  1.161
 47100,  2.927,  5.643, 41.000,  7.259,  1.167
 47160,  2.861,  5.531, 38.663,  6.799,  1.172
 47220,  2.777,  5.366, 39.044,  6.727,  1.073
 47280,  2.735,  5.151, 37.765,  6.593,  1.069
 47340,  2.729,  4.858, 36.965,  6.345,  1.029
 47400,  2.814,  5.192, 38.097,  6.614,  1.037
 47460,  2.797,  5.052, 38.060,  6.608,  1.009
 47520,  2.819,  4.797, 36.311,  6.319,  0.933
 47580,  2.895,  4.974, 36.887,  6.455,  0.973
 47640,  2.828,  5.106, 35.514,  6.476,  0.886
 47700,  2.907,  4.750, 36.475,  6.316,  0.923
 47760,  2.916,  4.719, 37.192,  6.468,  1.061
 47820,  2.835,  4.801, 36.125,  6.309,  0.875
 47880,  2.803,  4.530, 35.079,  6.223,  0.850
 47940,  2.807,  4.742, 35.145,  6.122,  0.933
 48000,  2.773,  4.684, 32.956,  5.961,  0.743
 48060,  2.845,  4.742, 33.484,  6.171,  0.893
 48120,  2.866,  4.676, 35.025,  6.274,  0.984
 48180,  2.888,  4.754, 33.806,  6.165,  0.908
 48240,  2.895,  4.652, 34.198,  6.060,  0.880
 48300,  2.818,  4.546, 33.247,  6.173,  0.938
 48360,  2.693,  4.341, 31.585,  5.749,  0.841
 48420,  2.765,  4.468, 32.885,  5.887,  0.855
 48480,  2.849,  4.640, 32.608,  6.184,  0.821
 48540, -9999.000, -9999.000, -9999.000, -9999.000, -9999.000
 48600,  2.829,  4.776, 29.257,  5.882,  0.844
 48660,  2.869,  4.510, 30.441,  6.029,  0.907
 48720,  2.869,  4.578, 29.319,  6.022,  0.800
 48780,  2.913,  4.594, 29.927,  5.833,  0.824
 48840,  2.951,  4.607, 30.005,  5.888,  0.926
 48900,  2.964,  4.944, 30.959,  5.966,  0.883
 48960,  2.949,  5.049, 31.836,  6.066,  0.852
 49020,  2.921,  4.802, 31.401,  6.031,  0.838
 49080,  2.861,  4.793, 30.252,  5.808,  0.849
 49140,  2.891,  5.210, 30.255,  6.059,  0.823
 49200,  2.839,  5.107, 30.485,  5.963,  0.879
 49260,  2.854,  5.046, 32.016,  6.029,  0.828
 49320,  2.871,  5.325, 32.196,  6.043,  0.790
 49380,  2.879,  5.009, 31.210,  5.812,  0.856
 49440,  2.891,  5.395, 31.421,  5.967,  0.892
 49500,  2.858,  5.160, 31.384,  5.812,  0.938
 49560,  2.890,  5.253, 29.828,  5.830,  0.849
 49620,  2.958,  5.110, 31.500,  5.877,  0.766
 49680,  2.931,  5.251, 32.983,  5.912,  0.865
 49740,  2.986,  5.414, 31.431,  5.996,  0.905
 49800,  2.957,  5.488, 31.040,  5.990,  0.826
 49860,  2.923,  5.415, 31.835,  6.067,  0.888
 49920,  2.913,  5.541, 30.961,  5.998,  0.866
 49980,  2.987,  5.972, 32.101,  5.979,  0.859
 50040,  2.974,  5.738, 32.997,  5.870,  0.821
 50100,  2.973,  6.265, 33.037,  6.057,  0.791
 50160,  3.009,  5.816, 33.453,  6.008,  0.874
 50220,  3.039,  6.045, 32.431,  5.969,  0.827
 50280,  3.086,  6.426, 32.631,  5.931,  0.785
 50340,  3.040,  6.544, 33.205,  5.900,  0.917
 50400, -9999.000, -9999.000, -9999.000, -9999.000, -9999.000
 50460,  3.108,  6.993, 29.329,  5.708,  0.805
 50520,  3.092,  7.015, 31.871,  6.053,  0.777
 50580,  3.161,  7.177, 32.009,  6.131,  0.781
 50640,  3.154,  7.324, 32.452,  5.960,  0.867
 50700,  3.116,  7.365, 33.061,  6.164,  0.788
 50760,  3.161,  7.333, 33.196,  6.155,  0.811
 50820,  3.201,  7.572, 33.233,  6.180,  0.891
 50880,  3.245,  7.274, 33.514,  5.946,  0.869
 50940,  3.294,  7.865, 32.788,  6.117,  0.914
 51000,  3.308,  7.581, 32.955,  6.178,  0.904
 51060,  3.358,  8.232, 33.525,  6.063,  1.004
 51120,  3.427,  8.530, 34.495,  6.149,  0.973
 51180,  3.454,  8.742, 33.941,  6.180,  0.934
 51240,  3.502,  8.584, 32.677,  6.098,  0.898
 51300,  3.565,  8.460, 32.192,  6.110,  0.918
 51360,  3.705,  7.495, 31.349,  6.305,  0.903
 51420,  3.755,  5.955, 30.576,  6.227,  0.980
 51480,  3.687,  6.733, 31.995,  6.123,  0.986
 51540,  3.666,  7.917, 32.390,  6.232,  0.941
 51600,  3.715,  9.628, 33.855,  6.240,  1.089
 51660,  3.799, 10.891, 35.002,  6.361,  1.052
 51720,  3.854, 11.121, 35.547,  6.438,  1.143
 51780,  3.849, 11.487, 34.024,  6.374,  1.108
 51840,  3.851, 10.740, 33.936,  6.274,  1.169
 51900,  3.934, 10.562, 33.568,  6.459,  1.150
 51960,  3.926, 10.840, 32.701,  6.458,  1.063
 52020,  3.964, 10.700, 32.895,  6.300,  1.211
 52080,  3.996, 10.178, 33.242,  6.426,  1.235
 52140,  4.090,  9.864, 32.610,  6.507,  1.321
 52200,  4.190,  9.920, 29.971,  6.436,  1.300
 52260,  4.243,  6.568, 26.466,  6.535,  1.092
 52320,  4.432,  7.170, 27.696,  6.727,  1.172
 52380,  4.517,  6.793, 27.965,  6.660,  1.240
 52440,  4.526,  6.835, 29.324,  6.943,  1.200
 52500,  4.549,  7.167, 29.276,  6.792,  1.342
 52560,  4.600,  7.116, 29.106,  6.814,  1.149
 52620,  4.663,  6.944, 29.659,  6.889,  1.272
 52680,  4.744,  7.242, 30.658,  7.004,  1.249
 52740,  4.665,  7.539, 30.072,  6.974,  1.232
 52800,  4.638,  7.643, 30.970,  6.879,  1.260
 52860,  4.786,  8.868, 30.011,  6.967,  1.343
 52920,  4.828,  8.444, 30.545,  7.014,  1.318
 52980,  4.873,  8.772, 30.956,  7.078,  1.282
 53040,  5.021,  9.463, 30.906,  6.953,  1.277
 53100,  4.919,  8.985, 32.020,  6.944,  1.386
 53160,  5.051,  9.317, 30.481,  6.938,  1.170
 53220,  5.043,  9.249, 31.357,  7.030,  1.269
 53280,  5.047,  9.922, 31.675,  6.991,  1.242
 53340,  5.152, 10.038, 31.532,  6.960,  1.322
 53400,  5.175, 10.389, 32.290,  6.997,  1.250
 53460,  5.166, 10.227, 31.913,  6.925,  1.294
 53520,  5.242, 10.401, 30.968,  6.963,  1.249
 53580,  5.161,  9.670, 31.468,  6.845,  1.290
 53640,  5.335, 10.837, 30.967,  7.038,  1.142
 53700,  5.334, 10.344, 31.631,  6.844,  1.034
 53760,  5.435, 10.435, 31.521,  6.987,  1.020
 53820,  5.503, 12.073, 33.771,  7.128,  1.009
 53880,  5.587, 12.919, 34.076,  6.951,  1.040
 53940,  5.619, 13.681, 34.314,  6.945,  1.095
 54000,  5.748, 14.445, 34.133,  7.226,  1.087
 54060, -9999.000, -9999.000, -9999.000, -9999.000, -9999.000
 54120,  5.839, 17.039, 29.416,  6.740,  1.116
 54180,  6.096, 16.909, 31.104,  6.861,  1.145
 54240,  6.080, 16.895, 31.778,  7.284,  1.197
 54300,  6.093, 16.696, 32.788,  7.233,  1.163
 54360,  6.213, 19.533, 34.062,  7.371,  1.257
 54420,  6.325, 20.197, 33.514,  7.404,  1.284
 54480,  6.605, 22.710, 34.940,  7.587,  1.344
 54540,  7.011, 25.548, 35.804,  7.811,  1.398
 54600,  7.012, 27.147, 34.820,  7.762,  1.601
 54660,  7.225, 29.804, 36.157,  7.924,  1.691
 54720,  7.460, 30.363, 36.192,  7.970,  1.773
 54780,  7.745, 31.894, 35.466,  8.077,  1.810
 54840,  8.356, 38.598, 35.119,  8.095,  1.817
 54900,  8.730, 41.602, 35.255,  8.350,  1.785
 54960,  8.733, 40.642, 34.927,  8.102,  1.975
 55020,  8.622, 39.982, 36.015,  8.157,  1.827
 55080,  8.773, 40.157, 34.986,  8.302,  1.861
 55140,  8.776, 39.719, 34.675,  8.246,  1.897
 55200,  8.804, 39.836, 33.900,  8.392,  1.847
 55260,  8.625, 34.767, 33.568,  8.069,  1.616
 55320,  8.323, 32.707, 33.804,  7.965,  1.565
 55380,  8.311, 32.032, 34.036,  7.959,  1.657
 55440,  8.232, 31.692, 33.339,  8.028,  1.488
 55500,  8.608, 32.127, 34.205,  8.178,  1.484
 55560,  8.601, 32.364, 35.071,  8.190,  1.534
 55620,  8.607, 32.957, 33.860,  8.212,  1.555
 55680,  8.707, 33.325, 33.896,  8.034,  1.521
 55740,  8.962, 34.291, 34.783,  8.189,  1.484
 55800,  8.888, 33.921, 33.167,  8.102,  1.542
 55860,  8.842, 34.105, 33.136,  8.180,  1.504
 55920,  8.913, 33.244, 35.182,  8.087,  1.441
 55980,  8.913, 34.439, 31.831,  7.911,  1.476
 56040,  8.708, 32.374, 33.114,  7.648,  1.586
 56100,  8.301, 29.315, 32.785,  7.617,  1.418
 56160,  8.033, 27.613, 32.957,  7.416,  1.364
 56220,  8.262, 28.347, 31.890,  7.494,  1.460
 56280,  7.773, 25.463, 32.031,  7.274,  1.376
 56340,  7.795, 25.825, 31.973,  7.391,  1.360
 56400,  8.136, 27.868, 34.040,  7.289,  1.436
 56460, -9999.000, -9999.000, -9999.000, -9999.000, -9999.000
 56520, -9999.000, -9999.000, -9999.000, -9999.000, -9999.000
 56580, -9999.000, -9999.000, -9999.000, -9999.000, -9999.000
 56640, -9999.000, -9999.000, -9999.000, -9999.000, -9999.000
 56700, -9999.000, -9999.000, -9999.000, -9999.000, -9999.000
 56760, -9999.000, -9999.000, -9999.000, -9999.000, -9999.000
 56820, -9999.000, -9999.000, -9999.000, -9999.000, -9999.000
 56880, -9999.000, -9999.000, -9999.000, -9999.000, -9999.000
 56940, -9999.000, -9999.000, -9999.000, -9999.000, -9999.000
 57000, -9999.000, -9999.000, -9999.000, -9999.000, -9999.000
 57060, -9999.000, -9999.000, -9999.000, -9999.000, -9999.000
 57120, -9999.000, -9999.000, -9999.000, -9999.000, -9999.000
 57180, -9999.000, -9999.000, -9999.000, -9999.000, -9999.000
 57240, -9999.000, -9999.000, -9999.000, -9999.000, -9999.000
 57300, -9999.000, -9999.000, -9999.000, -9999.000, -9999.000
 57360, -9999.000, -9999.000, -9999.000, -9999.000, -9999.000
 57420, -9999.000, -9999.000, -9999.000, -9999.000, -9999.000
 57480,  9.014, 27.532, 38.501,  8.621,  1.511
 57540,  8.743, 22.202, 42.565,  8.151,  1.331
 57600,  8.506, 21.768, 39.953,  7.897,  1.229
 57660,  8.358, 20.625, 39.165,  7.678,  1.097
 57720,  8.155, 20.078, 38.172,  7.609,  1.045
 57780,  8.200, 20.051, 36.291,  7.384,  1.060
 57840,  8.603, 20.772, 35.374,  7.815,  1.066
 57900,  8.892, 23.065, 36.190,  7.715,  1.049
 57960,  8.883, 21.633, 34.384,  7.806,  1.096
 58020,  8.770, 21.260, 35.570,  7.667,  1.000
 58080,  9.338, 23.460, 34.901,  7.825,  1.047
 58140,  9.679, 24.941, 34.615,  8.332,  1.003
 58200,  9.945, 26.708, 34.902,  7.943,  1.062
 58260, 10.200, 26.805, 35.211,  7.971,  1.040
 58320, 10.276, 27.880, 34.945,  8.312,  1.076
 58380, 10.517, 27.433, 35.134,  8.293,  1.013
 58440, 10.717, 27.226, 35.435,  8.471,  1.090
 58500, 10.788, 28.505, 36.298,  8.404,  1.076
 58560, 10.796, 28.151, 37.274,  8.306,  1.120
 58620, 10.694, 27.641, 36.011,  8.441,  1.130
 58680, 10.926, 28.384, 36.236,  8.321,  1.119
 58740, 11.443, 28.975, 34.912,  8.316,  1.086
 58800, 11.641, 28.658, 37.044,  8.552,  1.024
 58860, 11.937, 29.883, 35.756,  8.564,  1.058
 58920, 12.427, 30.586, 36.114,  8.671,  1.092
 58980, 12.334, 30.905, 37.153,  8.581,  1.059
 59040, 12.031, 28.979, 39.026,  8.708,  1.127
 59100, 12.215, 28.133, 36.260,  8.498,  1.094
 59160, 12.736, 28.938, 35.211,  8.747,  1.000
 59220, 13.042, 31.005, 37.152,  8.780,  1.051
 59280, 13.264, 31.552, 38.587,  8.886,  1.053
 59340, -9999.000, -9999.000, -9999.000, -9999.000, -9999.000
 59400, 12.565, 28.210, 30.433,  8.165,  0.786
 59460, 12.752, 28.265, 32.479,  8.436,  0.915
 59520, 13.247, 29.422, 34.976,  8.918,  1.002
 59580, 12.984, 28.391, 36.501,  8.705,  0.996
 59640, 13.244, 28.332, 34.829,  8.705,  0.806
 59700, 13.011, 27.719, 36.559,  8.747,  0.892
 59760, 12.989, 26.837, 36.003,  8.662,  0.851
 59820, 13.074, 27.872, 35.792,  8.883,  1.024
 59880, 13.180, 28.140, 37.880,  9.067,  0.911
 59940, 13.339, 28.430, 37.797,  8.793,  0.933
 60000, 13.471, 29.651, 37.233,  9.120,  0.970
 60060, 13.434, 30.105, 38.910,  8.994,  0.948
 60120, 13.559, 28.909, 36.540,  8.923,  0.916
 60180, 13.754, 29.012, 38.435,  9.139,  0.883
 60240, 13.810, 29.100, 37.373,  9.046,  0.983
 60300, 13.852, 29.115, 37.731,  9.112,  0.970
 60360, 14.116, 28.856, 37.208,  9.089,  0.961
 60420, 14.372, 28.895, 37.990,  9.211,  0.945
 60480, 14.298, 28.162, 36.188,  8.903,  0.905
