CampaignData_and_Merges/R0/CSL_MobileLab_Parked/raw/20240810/USOS-NOAAIodideCIMS-HNO3_MobileLabGround_20240810_RA.ict
33, 1001
Michael A Robinson, Chris Jernigan, Subi Thakali
NOAA ESRL Chemical Sciences Laboratory and CIRES, U. of Colorado
NOAA Iodide CIMS Instrument
USOS
1, 1
2024, 08, 10, 2024, 08, 11
1
starttime_UTC, seconds_past_midnight, seconds_of_day_since_00:00:00_UTC
1
1
-9999
HNO3_NOAACIMS, pptv, Gas_HNO3_InSitu_S_AVMR, 
0
18
PI_CONTACT_INFO: 325 Broadway, R/CSD 7, Boulder, Colorado 80305; michael.a.robinson@noaa.gov; chris.jernigan@noaa.gov;
PLATFORM: NOAA CSL Mobile Lab
LOCATION: SLC, Utah
ASSOCIATED_DATA: 1Hz data also available on request.
INSTRUMENT_INFO: NOAA I- ToF CIMS
DATA_INFO: All data in parts per trillion by volume (pptv). 1 Hz data is available upon request.
UNCERTAINTY: TBD
ULOD_FLAG: -7777
ULOD_VALUE: N/A
LLOD_FLAG: -8888
LLOD_VALUE: N/A
DM_CONTACT_INFO: Nathan Howard; nathan.h.howard@noaa.gov
PROJECT_INFO: USOS, summer 2024. https://csl.noaa.gov/groups/csl7/measurements/2024usos/
STIPULATIONS_ON_USE: Users are strongly encouraged to contact the PI for proper data usage.
OTHER_COMMENTS: 
REVISION: RA
RA: Preliminary Data; For in-field use only
starttime_UTC, HNO3_NOAACIMS
     0, 347.245
    60, 339.200
   120, 336.590
   180, 336.665
   240, 330.662
   300, 335.048
   360, 369.025
   420, 403.864
   480, 411.309
   540, 425.843
   600, 428.400
   660, 428.223
   720, 408.183
   780, 389.048
   840, 369.242
   900, 335.040
   960, 309.653
  1020, 282.769
  1080, 276.702
  1140, 266.669
  1200, 249.985
  1260, 227.617
  1320, 207.058
  1380, 193.482
  1440, 180.115
  1500, 153.506
  1560, 135.967
  1620, 132.942
  1680, 121.586
  1740, 120.897
  1800, 113.894
  1860, 107.425
  1920, 103.512
  1980, 90.497
  2040, 88.990
  2100, 85.967
  2160, 84.070
  2220, 83.194
  2280, 86.715
  2340, -9999.000
  2400, 130.878
  2460, 132.930
  2520, 125.092
  2580, 123.961
  2640, 121.058
  2700, 114.776
  2760, 111.283
  2820, 106.916
  2880, 104.474
  2940, 106.541
  3000, 111.053
  3060, 119.825
  3120, 133.472
  3180, 130.713
  3240, 131.207
  3300, 132.829
  3360, 134.490
  3420, 134.911
  3480, 137.974
  3540, 134.225
  3600, 144.835
  3660, 172.892
  3720, 169.593
  3780, 159.844
  3840, 156.846
  3900, 155.692
  3960, 150.785
  4020, 135.797
  4080, 132.119
  4140, 124.817
  4200, -9999.000
  4260, 130.112
  4320, 126.699
  4380, 119.985
  4440, 117.414
  4500, 119.591
  4560, 115.951
  4620, 118.776
  4680, 114.393
  4740, 112.025
  4800, 111.837
  4860, 114.079
  4920, 122.766
  4980, 119.048
  5040, 121.449
  5100, 114.370
  5160, 112.867
  5220, 122.236
  5280, 128.676
  5340, 131.950
  5400, 129.967
  5460, 129.826
  5520, 130.788
  5580, 134.149
  5640, 141.270
  5700, 153.620
  5760, 157.837
  5820, 161.451
  5880, 166.389
  5940, 170.046
  6000, 170.749
  6060, -9999.000
  6120, 161.702
  6180, 167.236
  6240, 177.249
  6300, 166.102
  6360, 166.182
  6420, 179.139
  6480, 181.499
  6540, 189.398
  6600, 193.087
  6660, 199.094
  6720, 207.532
  6780, 209.671
  6840, 210.487
  6900, 212.023
  6960, 211.758
  7020, 217.431
  7080, 220.808
  7140, 223.875
  7200, 224.635
  7260, 225.125
  7320, 230.232
  7380, 234.063
  7440, 235.088
  7500, 230.239
  7560, 228.080
  7620, 223.724
  7680, 229.092
  7740, 229.908
  7800, 229.851
  7860, 227.111
  7920, 213.970
  7980, 218.040
  8040, 218.543
  8100, 216.460
  8160, 220.264
  8220, 221.348
  8280, 217.152
  8340, 222.605
  8400, 223.772
  8460, 216.916
  8520, 215.656
  8580, 220.543
  8640, 218.834
  8700, 214.361
  8760, 214.965
  8820, 214.770
  8880, 219.936
  8940, 214.025
  9000, 208.621
  9060, 202.853
  9120, 202.119
  9180, 196.998
  9240, 200.244
  9300, 196.300
  9360, 195.824
  9420, 199.842
  9480, 203.190
  9540, 204.310
  9600, 202.804
  9660, 199.771
  9720, -9999.000
  9780, 198.034
  9840, 193.690
  9900, 190.532
  9960, 193.375
 10020, 189.362
 10080, 191.110
 10140, 189.573
 10200, 184.529
 10260, 177.893
 10320, 176.243
 10380, 174.703
 10440, 179.641
 10500, 184.679
 10560, 187.248
 10620, 187.773
 10680, 182.599
 10740, 182.956
 10800, 181.895
 10860, 180.409
 10920, 177.424
 10980, 172.128
 11040, 176.468
 11100, 177.543
 11160, 180.100
 11220, 179.916
 11280, 176.947
 11340, 177.661
 11400, 171.869
 11460, 170.026
 11520, 168.143
 11580, -9999.000
 11640, 172.959
 11700, 175.020
 11760, 172.631
 11820, 169.804
 11880, 165.263
 11940, 163.245
 12000, 162.484
 12060, 167.305
 12120, 172.276
 12180, 176.296
 12240, 174.757
 12300, 174.631
 12360, 173.691
 12420, 174.559
 12480, 170.626
 12540, 172.086
 12600, 173.413
 12660, 176.973
 12720, 181.103
 12780, 179.300
 12840, 181.661
 12900, 182.059
 12960, 173.800
 13020, 171.376
 13080, 166.550
 13140, 166.582
 13200, 175.757
 13260, 178.812
 13320, 181.389
 13380, 179.211
 13440, -9999.000
 13500, 171.385
 13560, 165.524
 13620, 164.823
 13680, 166.426
 13740, 161.956
 13800, 161.118
 13860, 156.906
 13920, 154.562
 13980, 152.322
 14040, 148.493
 14100, 154.193
 14160, 154.727
 14220, 159.411
 14280, 156.577
 14340, 155.666
 14400, 155.814
 14460, 152.948
 14520, 153.658
 14580, 151.145
 14640, 146.514
 14700, 146.281
 14760, 142.553
 14820, 143.995
 14880, 145.979
 14940, 149.012
 15000, 148.678
 15060, 148.724
 15120, 145.232
 15180, 143.551
 15240, 139.934
 15300, 146.822
 15360, 148.819
 15420, 147.859
 15480, 149.165
 15540, 145.258
 15600, 143.794
 15660, 141.643
 15720, 143.070
 15780, 147.688
 15840, 147.527
 15900, 147.772
 15960, 147.417
 16020, 141.127
 16080, 138.409
 16140, 138.122
 16200, 142.780
 16260, 142.428
 16320, 142.179
 16380, 143.713
 16440, 143.964
 16500, 141.987
 16560, 138.270
 16620, 141.515
 16680, 148.585
 16740, 154.530
 16800, 152.947
 16860, 151.650
 16920, 151.465
 16980, 147.829
 17040, 148.317
 17100, 142.019
 17160, 158.193
 17220, 152.943
 17280, 157.662
 17340, 153.275
 17400, 152.477
 17460, 149.020
 17520, 147.682
 17580, 151.181
 17640, 154.655
 17700, 158.508
 17760, 159.431
 17820, 162.152
 17880, 157.006
 17940, 155.448
 18000, 152.150
 18060, 150.851
 18120, 152.214
 18180, 153.064
 18240, 154.686
 18300, 158.506
 18360, 153.303
 18420, 152.642
 18480, 147.858
 18540, 147.347
 18600, 148.694
 18660, 146.206
 18720, 152.647
 18780, 156.456
 18840, 159.172
 18900, 158.475
 18960, 157.010
 19020, 149.656
 19080, 147.924
 19140, 145.570
 19200, 147.996
 19260, 152.036
 19320, 155.420
 19380, 157.117
 19440, 153.713
 19500, 153.766
 19560, 149.862
 19620, 148.220
 19680, 148.554
 19740, 153.505
 19800, 155.880
 19860, 157.504
 19920, 156.317
 19980, 155.247
 20040, 153.018
 20100, 148.562
 20160, 145.813
 20220, 152.942
 20280, 156.218
 20340, 153.770
 20400, 146.290
 20460, 142.620
 20520, 146.219
 20580, 140.201
 20640, 141.149
 20700, 136.590
 20760, 136.153
 20820, -9999.000
 20880, 145.336
 20940, 146.818
 21000, 146.240
 21060, 146.115
 21120, 143.611
 21180, 143.305
 21240, 142.438
 21300, 141.784
 21360, 141.290
 21420, 140.827
 21480, 131.326
 21540, 125.548
 21600, 132.456
 21660, 129.862
 21720, 128.350
 21780, 126.176
 21840, 127.208
 21900, 122.882
 21960, 118.351
 22020, 119.358
 22080, 117.306
 22140, 116.430
 22200, 120.216
 22260, 123.305
 22320, 122.426
 22380, 121.119
 22440, 121.419
 22500, 123.015
 22560, 122.883
 22620, 125.349
 22680, -9999.000
 22740, 134.860
 22800, 131.201
 22860, 128.889
 22920, 127.680
 22980, 123.410
 23040, 128.283
 23100, 132.417
 23160, 133.017
 23220, 129.842
 23280, 127.781
 23340, 129.973
 23400, 125.554
 23460, 127.346
 23520, 132.026
 23580, 128.034
 23640, 128.697
 23700, 125.703
 23760, 122.768
 23820, 121.356
 23880, 116.835
 23940, 115.450
 24000, 119.143
 24060, 120.390
 24120, 120.704
 24180, 120.477
 24240, 118.640
 24300, 120.030
 24360, 120.489
 24420, 123.190
 24480, 119.877
 24540, -9999.000
 24600, 126.841
 24660, 123.334
 24720, 123.773
 24780, 127.774
 24840, 130.938
 24900, 133.382
 24960, 134.708
 25020, 133.314
 25080, 130.352
 25140, 126.223
 25200, 126.315
 25260, 127.408
 25320, 125.931
 25380, 125.111
 25440, 121.864
 25500, 120.679
 25560, 123.146
 25620, 120.153
 25680, 121.395
 25740, 121.983
 25800, 123.893
 25860, 126.362
 25920, 126.492
 25980, 128.281
 26040, 123.666
 26100, 124.277
 26160, 128.612
 26220, 134.157
 26280, 135.623
 26340, 138.552
 26400, 136.098
 26460, 132.887
 26520, 128.872
 26580, 131.990
 26640, 129.970
 26700, 124.432
 26760, 123.566
 26820, 122.899
 26880, 121.648
 26940, 121.105
 27000, 122.483
 27060, 128.094
 27120, 128.389
 27180, 126.398
 27240, 123.079
 27300, 120.090
 27360, 123.699
 27420, 125.250
 27480, 131.495
 27540, 134.120
 27600, 136.927
 27660, 135.335
 27720, 132.132
 27780, 131.856
 27840, 135.830
 27900, 138.378
 27960, 139.344
 28020, 141.767
 28080, 140.738
 28140, 136.493
 28200, -9999.000
 28260, 140.690
 28320, 139.909
 28380, 136.539
 28440, 135.388
 28500, 132.206
 28560, 129.928
 28620, 127.880
 28680, 129.049
 28740, 129.508
 28800, 131.082
 28860, 129.528
 28920, 125.435
 28980, 120.634
 29040, 121.546
 29100, 121.427
 29160, 120.625
 29220, 121.538
 29280, 121.695
 29340, 117.847
 29400, 119.418
 29460, 118.160
 29520, 116.573
 29580, 118.038
 29640, 115.236
 29700, 111.263
 29760, 111.348
 29820, 110.373
 29880, 113.211
 29940, 117.617
 30000, 117.737
 30060, -9999.000
 30120, 121.918
 30180, 120.426
 30240, 120.117
 30300, 121.649
 30360, 116.222
 30420, 112.240
 30480, 110.241
 30540, 107.603
 30600, 106.882
 30660, 109.222
 30720, 109.807
 30780, 109.110
 30840, 108.881
 30900, 108.013
 30960, 104.641
 31020, 106.384
 31080, 108.001
 31140, 102.943
 31200, 100.665
 31260, 98.549
 31320, 99.613
 31380, 103.374
 31440, 101.633
 31500, 103.414
 31560, 102.874
 31620, 104.448
 31680, 103.610
 31740, 105.070
 31800, 100.097
 31860, 98.433
 31920, -9999.000
 31980, 103.234
 32040, 101.690
 32100, 102.081
 32160, 104.884
 32220, 101.572
 32280, 100.591
 32340, 93.069
 32400, 87.432
 32460, 91.963
 32520, 93.229
 32580, 86.230
 32640, 88.757
 32700, 88.597
 32760, 89.630
 32820, 94.775
 32880, 104.521
 32940, 106.616
 33000, 102.813
 33060, 103.776
 33120, 106.793
 33180, 109.795
 33240, 110.220
 33300, 111.306
 33360, 110.758
 33420, 110.380
 33480, 103.584
 33540, 103.336
 33600, 104.717
 33660, 107.944
 33720, 106.359
 33780, 113.057
 33840, 105.269
 33900, 102.446
 33960, 99.532
 34020, 98.607
 34080, 98.310
 34140, 95.947
 34200, 95.008
 34260, 93.306
 34320, 95.925
 34380, 99.133
 34440, 100.183
 34500, 100.323
 34560, 100.243
 34620, 102.181
 34680, 106.775
 34740, 106.424
 34800, 109.438
 34860, 107.757
 34920, 107.151
 34980, 109.765
 35040, 113.522
 35100, 113.708
 35160, 113.348
 35220, 112.484
 35280, 113.512
 35340, 113.303
 35400, 112.212
 35460, 111.792
 35520, 107.982
 35580, 107.772
 35640, 112.794
 35700, 113.011
 35760, 113.820
 35820, 112.677
 35880, 113.304
 35940, 112.604
 36000, 115.925
 36060, 119.234
 36120, 114.844
 36180, 114.655
 36240, 111.699
 36300, 111.651
 36360, 110.268
 36420, 108.878
 36480, 106.309
 36540, 104.316
 36600, 103.067
 36660, 98.987
 36720, 94.285
 36780, 95.144
 36840, 94.101
 36900, 94.887
 36960, 96.960
 37020, 97.091
 37080, 98.735
 37140, 100.095
 37200, 100.759
 37260, 96.879
 37320, 91.794
 37380, 91.922
 37440, 92.912
 37500, 101.469
 37560, 99.221
 37620, 99.684
 37680, 99.405
 37740, 100.825
 37800, 104.875
 37860, 106.656
 37920, 105.826
 37980, 105.739
 38040, 106.301
 38100, 111.576
 38160, 114.724
 38220, 115.394
 38280, 114.451
 38340, 114.015
 38400, 112.253
 38460, 112.135
 38520, 117.238
 38580, 117.635
 38640, 115.609
 38700, 114.518
 38760, 113.495
 38820, 114.703
 38880, 115.715
 38940, 115.606
 39000, 116.141
 39060, 114.738
 39120, 111.332
 39180, 112.902
 39240, 112.224
 39300, -9999.000
 39360, 112.757
 39420, 109.026
 39480, 106.346
 39540, 108.420
 39600, 111.501
 39660, 111.489
 39720, 110.683
 39780, 108.670
 39840, 106.733
 39900, 105.189
 39960, 104.778
 40020, 102.851
 40080, 102.285
 40140, 104.100
 40200, 102.919
 40260, 103.555
 40320, 100.834
 40380, 101.335
 40440, 99.771
 40500, 98.568
 40560, 101.649
 40620, 100.422
 40680, 98.112
 40740, 95.952
 40800, 94.580
 40860, 94.299
 40920, 92.147
 40980, 97.716
 41040, 100.737
 41100, 100.749
 41160, -9999.000
 41220, 108.222
 41280, 109.659
 41340, 111.777
 41400, 111.788
 41460, 110.558
 41520, 108.334
 41580, 105.065
 41640, 106.074
 41700, 105.216
 41760, 104.478
 41820, 104.795
 41880, 103.477
 41940, 104.715
 42000, 105.278
 42060, 107.532
 42120, 106.828
 42180, 104.830
 42240, 105.021
 42300, 105.243
 42360, 106.613
 42420, 103.034
 42480, 101.263
 42540, 99.362
 42600, 97.509
 42660, 99.250
 42720, 101.708
 42780, 99.298
 42840, 96.516
 42900, 97.957
 42960, 96.910
 43020, -9999.000
 43080, 104.116
 43140, 102.352
 43200, 102.664
 43260, 100.054
 43320, 100.046
 43380, 98.945
 43440, 99.893
 43500, 97.445
 43560, 95.872
 43620, 95.348
 43680, 96.196
 43740, 97.439
 43800, 101.552
 43860, 103.248
 43920, 105.040
 43980, 107.236
 44040, 108.577
 44100, 109.469
 44160, 109.491
 44220, 107.957
 44280, 105.722
 44340, 105.947
 44400, 107.179
 44460, 107.289
 44520, 108.043
 44580, 106.527
 44640, 104.022
 44700, 105.069
 44760, 107.157
 44820, 106.424
 44880, 110.131
 44940, 107.601
 45000, 102.047
 45060, 101.626
 45120, 106.156
 45180, 108.630
 45240, 104.395
 45300, 107.959
 45360, 105.695
 45420, 105.167
 45480, 101.612
 45540, 100.964
 45600, 101.550
 45660, 104.903
 45720, 105.581
 45780, 104.062
 45840, 103.665
 45900, 106.197
 45960, 104.652
 46020, 103.750
 46080, 99.562
 46140, 95.730
 46200, 93.833
 46260, 88.340
 46320, 85.651
 46380, 81.448
 46440, 75.630
 46500, 75.552
 46560, 78.650
 46620, 79.702
 46680, -9999.000
 46740, 83.481
 46800, 74.937
 46860, 80.319
 46920, 200.348
 46980, 245.571
 47040, 225.221
 47100, 209.901
 47160, 198.715
 47220, 187.967
 47280, 181.238
 47340, 174.913
 47400, 169.110
 47460, 165.770
 47520, 158.976
 47580, 156.809
 47640, 149.658
 47700, 147.824
 47760, 146.781
 47820, 147.679
 47880, 142.636
 47940, 135.136
 48000, 130.981
 48060, 126.676
 48120, 125.146
 48180, 120.633
 48240, 120.617
 48300, 118.205
 48360, 113.913
 48420, 110.558
 48480, 108.110
 48540, -9999.000
 48600, 124.419
 48660, 120.162
 48720, 113.267
 48780, 109.787
 48840, 110.625
 48900, 110.607
 48960, 113.616
 49020, 110.889
 49080, 106.605
 49140, 102.280
 49200, 102.392
 49260, 105.273
 49320, 108.405
 49380, 105.600
 49440, 107.185
 49500, 106.686
 49560, 105.840
 49620, 118.251
 49680, 121.289
 49740, 115.430
 49800, 115.342
 49860, 113.546
 49920, 112.105
 49980, 113.168
 50040, 114.797
 50100, 117.770
 50160, 115.884
 50220, 116.900
 50280, 119.273
 50340, 120.931
 50400, -9999.000
 50460, 135.770
 50520, 132.647
 50580, 137.287
 50640, 137.826
 50700, 138.241
 50760, 137.352
 50820, 141.070
 50880, 144.055
 50940, 141.655
 51000, 142.070
 51060, 151.353
 51120, 152.375
 51180, 155.128
 51240, 157.947
 51300, 159.740
 51360, 166.470
 51420, 173.360
 51480, 169.579
 51540, 167.486
 51600, 168.621
 51660, 176.879
 51720, 190.463
 51780, 200.417
 51840, 205.572
 51900, 206.019
 51960, 207.288
 52020, 203.539
 52080, 203.007
 52140, 190.885
 52200, 187.898
 52260, 182.734
 52320, 180.761
 52380, 184.065
 52440, 193.858
 52500, 208.204
 52560, 217.652
 52620, 224.871
 52680, 228.017
 52740, 231.760
 52800, 233.595
 52860, 233.321
 52920, 232.450
 52980, 230.891
 53040, 232.824
 53100, 231.368
 53160, 227.498
 53220, 226.705
 53280, 232.327
 53340, 230.565
 53400, 229.154
 53460, 221.570
 53520, 220.692
 53580, 225.313
 53640, 226.623
 53700, 229.252
 53760, 231.614
 53820, 238.560
 53880, 244.428
 53940, 242.313
 54000, 243.426
 54060, -9999.000
 54120, 228.882
 54180, 228.822
 54240, 229.293
 54300, 227.012
 54360, 221.845
 54420, 217.501
 54480, 220.210
 54540, 221.840
 54600, 220.000
 54660, 219.503
 54720, 220.549
 54780, 213.329
 54840, 208.140
 54900, 211.772
 54960, 215.736
 55020, 217.886
 55080, 213.072
 55140, 203.425
 55200, 200.999
 55260, 199.952
 55320, 208.979
 55380, 209.297
 55440, 214.381
 55500, 225.418
 55560, 236.439
 55620, 238.309
 55680, 243.565
 55740, 239.584
 55800, 231.073
 55860, 239.423
 55920, 253.978
 55980, 256.642
 56040, 261.324
 56100, 274.409
 56160, 282.224
 56220, 284.606
 56280, 279.706
 56340, 288.759
 56400, 302.377
 56460, -9999.000
 56520, -9999.000
 56580, -9999.000
 56640, -9999.000
 56700, -9999.000
 56760, -9999.000
 56820, -9999.000
 56880, -9999.000
 56940, -9999.000
 57000, -9999.000
 57060, -9999.000
 57120, -9999.000
 57180, -9999.000
 57240, -9999.000
 57300, -9999.000
 57360, -9999.000
 57420, -9999.000
 57480, 278.865
 57540, 341.991
 57600, 326.716
 57660, 328.230
 57720, 333.797
 57780, 327.353
 57840, 321.580
 57900, 321.267
 57960, 316.757
 58020, 308.574
 58080, 313.836
 58140, 314.738
 58200, 315.908
 58260, 312.434
 58320, 315.064
 58380, 319.418
 58440, 320.343
 58500, 320.091
 58560, 325.157
 58620, 308.429
 58680, 306.923
 58740, 308.591
 58800, 323.373
 58860, 330.865
 58920, 342.060
 58980, 354.271
 59040, 352.758
 59100, 343.959
 59160, 349.582
 59220, 359.213
 59280, 369.963
 59340, -9999.000
 59400, 328.275
 59460, 329.750
 59520, 342.038
 59580, 362.762
 59640, 358.962
 59700, 367.889
 59760, 374.890
 59820, 358.728
 59880, 365.879
 59940, 375.136
