CampaignData_and_Merges/R0/CSL_MobileLab_Parked/raw/20240810/USOS-PTR_MobileLabGround_20240810_RA.ict
58, 1001
Matthew Coggon, Kelvin Bates, Chelsea Stockwell, Carsten Warneke
NOAA ESRL Chemical Sciences Division
NOAA PTR-ToF-MS
USOS
1,1 
2024, 08, 10, 2023, 08, 12
0
Time_Start, seconds, number of seconds from 00:00 UTC 
22
1, 1, 1, 1, 1, 1, 1, 1, 1, 1, 1, 1, 1, 1, 1, 1, 1, 1, 1, 1, 1, 1
-9999, -9999, -9999, -9999, -9999, -9999, -9999, -9999, -9999, -9999, -9999, -9999, -9999, -9999, -9999, -9999, -9999, -9999, -9999, -9999, -9999, -9999
CH3OH_NOAAPTR_ppbv,  ppbv, Gas_CH3OH_InSitu_S_AVMR, (CH3OH) methanol
CH3CN_NOAAPTR_ppbv,  ppbv, Gas_CH3CN_InSitu_S_AVMR, (CH3CN) acetonitrile
CH3CHO_NOAAPTR_ppbv,  ppbv, Gas_CH3CHO_InSitu_S_AVMR, (CH3CHO) acetaldehyde plus contributions from ethylene glycol and ethylene oxide. Interference from ethanol has been subtracted out.
C2H5OH_NOAAPTR_ppbv,  ppbv, Gas_C2H5OH_InSitu_S_AVMR, (C2H5OH) ethanol
CH3SH_NOAAPTR_ppbv,  ppbv, Gas_CH3SH_InSitu_S_AVMR, (CH3SH) methanethiol, using calibration factor for DMS
Acrolein_NOAAPTR_ppbv,  ppbv, Gas_Acrolein_InSitu_S_AVMR, (C3H4O) acrolein
AcetonePropanal_NOAAPTR_ppbv,  ppbv, Gas_AcetoneAndPropanal_InSitu_S_AVMR, (C3H6O) sum of acetone (dominant isomer) and propanal, using calibration factor for acetone
DMS_NOAAPTR_ppbv,  ppbv, Gas_DMS_InSitu_S_AVMR, (C2H6S) dimethyl sulfide with possible small contributions from ethanethiol
C5H8_NOAAPTR_ppbv,  ppbv, Gas_Isoprene_InSitu_S_AVMR, (C5H8) isoprene and possible fragments from cycloalkanes and aldehydes. Interferences have been subtracted following methods described by Coggon et al (2023)
MVKMAC_NOAAPTR_ppbv,  ppbv, Gas_MVKAndMAC_InSitu_S_AVMR, (C4H6O) sum of methyl vinyl ketone, methacrolein, and small amounts of crotonaldehyde, using weighted calibration factor for MVK (0.637) and MACR (0.363)
Benzene_NOAAPTR_ppbv,  ppbv, Gas_Benzene_InSitu_S_AVMR, (C6H6) benzene
Toluene_NOAAPTR_ppbv,  ppbv, Gas_Toluene_InSitu_S_AVMR, (C7H8) toluene with possible small contributions of fragments from ethyltoluene
Styrene_NOAAPTR_ppbv,  ppbv, Gas_Styrene_InSitu_S_AVMR, (C8H8) styrene
Benzaldehyde_NOAAPTR_ppbv,  ppbv, Gas_Benzaldehyde_InSitu_S_AVMR, (C7H6O) benzaldehyde
C8Aromatics_NOAAPTR_ppbv,  ppbv, Gas_C8Aromatics_InSitu_M_AVMR, (C8H10) sum of m-xylene, p-xylene, o-xylene, and ethyl benzene
C9Aromatics_NOAAPTR_ppbv,  ppbv, Gas_C9Aromatics_InSitu_M_AVMR, (C9H12) sum of C9 aromatics
Naphthalene_NOAAPTR_ppbv,  ppbv, Gas_Naphthalene_InSitu_S_AVMR, (C10H8) naphthalene
Octanal_NOAAPTR_ppbv,  ppbv, Gas_Octanal_InSitu_S_AVMR, (C8H16O) octanal and small amounts of octanone
Monoterpenes_NOAAPTR_ppbv,  ppbv, Gas_Monoterpenes_InSitu_M_AVMR, (C10H16) sum of monoterpenes and possible contributions from fragments of oxygenated monoterpenoids such as eucalyptol.
Nonanal_NOAAPTR_ppbv,  ppbv, Gas_Nonanal_InSitu_M_AVMR, (C9H18O) nonanal and small amounts of nonanone
C7H4ClF3_NOAAPTR_ppbv,  ppbv, Gas_C7H4ClF3_InSitu_S_AVMR, (C7H4ClF3) parachlorobenzotrifluoride
C10H30O5Si5_NOAAPTR_ppbv,  ppbv, Gas_C10H30O5Si5_InSitu_S_AVMR, (C10H30O5Si5) decamethylcyclopentasiloxane
1
SPECIAL COMMENTS:N/A
21
PI_CONTACT_INFO: NOAA ESRL Chemical Sciences Division, Tropospheric Chemistry Group. 325 Broadway, R/CSD7, Boulder, CO 80305
PLATFORM: Mobile Laboratory.
LOCATION: Salt Lake City, UT
ASSOCIATED_DATA: N/A
INSTRUMENT_INFO: NOAA PTR-ToF-MS measurements on NOAA CSL Mobile Lab
DATA_INFO: Units: ppbv
UNCERTAINTY: See OTHER_COMMENTS
ULOD_FLAG: -7777
ULOD_VALUE: N/A
LLOD_FLAG: -8888
LLOD_VALUE: N/A.
DM_CONTACT_INFO: Data Managers: Matt Coggon, Kelvin Bates, Chelsea Stockwell; email: matthew.m.coggon@noaa.gov and kelvin.bates@colorado.edu
PROJECT_INFO: USOS Deployment July-August, 2024
STIPULATIONS_ON_USE: Use of these data require prior OK from PI.
OTHER_COMMENTS: Uncertainties:
CH3OH_NOAAPTR_ppbv:30%; CH3CN_NOAAPTR_ppbv:30%; CH3CHO_NOAAPTR_ppbv:30%; C2H5OH_NOAAPTR_ppbv:30%; CH3SH_NOAAPTR_ppbv:50%; Acrolein_NOAAPTR_ppbv:30%; AcetonePropanal_NOAAPTR_ppbv:30%; DMS_NOAAPTR_ppbv:30%; C5H8_NOAAPTR_ppbv:30%; MVKMAC_NOAAPTR_ppbv:30%; 
Benzene_NOAAPTR_ppbv:30%; Toluene_NOAAPTR_ppbv:30%; Styrene_NOAAPTR_ppbv:30%; Benzaldehyde_NOAAPTR_ppbv:30%; C8Aromatics_NOAAPTR_ppbv:30%; C9Aromatics_NOAAPTR_ppbv:30%; Naphthalene_NOAAPTR_ppbv:30%; Octanal_NOAAPTR_ppbv:30%; Monoterpenes_NOAAPTR_ppbv:30%; Nonanal_NOAAPTR_ppbv:30%; 
C7H4ClF3_NOAAPTR_ppbv:30%; C10H30O5Si5_NOAAPTR_ppbv:30%; 
REVISION: RA
RA: Field Data
Time_Start, CH3OH_NOAAPTR_ppbv, CH3CN_NOAAPTR_ppbv, CH3CHO_NOAAPTR_ppbv, C2H5OH_NOAAPTR_ppbv, CH3SH_NOAAPTR_ppbv, Acrolein_NOAAPTR_ppbv, AcetonePropanal_NOAAPTR_ppbv, DMS_NOAAPTR_ppbv, C5H8_NOAAPTR_ppbv, MVKMAC_NOAAPTR_ppbv, Benzene_NOAAPTR_ppbv, Toluene_NOAAPTR_ppbv, Styrene_NOAAPTR_ppbv, Benzaldehyde_NOAAPTR_ppbv, C8Aromatics_NOAAPTR_ppbv, C9Aromatics_NOAAPTR_ppbv, Naphthalene_NOAAPTR_ppbv, Octanal_NOAAPTR_ppbv, Monoterpenes_NOAAPTR_ppbv, Nonanal_NOAAPTR_ppbv, C7H4ClF3_NOAAPTR_ppbv, C10H30O5Si5_NOAAPTR_ppbv
    0.0, 6.73767, 0.19401, 1.61413, 3.88019, 0.00244, 0.24497, 3.60427, 0.01203, 0.25244, 0.27517, 0.05772, 0.23148, 0.03054, 0.05170, 0.15018, 0.06182, -0.00138, 0.09080, 0.08018, 0.06903, 0.00883, 0.00352 
   60.0, 8.04177, 0.21152, 1.78270, 2.83183, 0.00217, 0.28396, 3.69657, -0.00064, 0.28988, 0.31591, 0.12559, 0.18188, -0.00216, 0.05632, 0.11510, 0.05443, 0.00193, 0.09148, 0.08114, 0.07427, 0.00682, 0.00334 
  120.0, 9.00724, 0.22025, 2.34731, 3.65331, 0.00536, 0.35016, 4.13884, 0.00377, 0.32307, 0.37692, 0.05595, 0.13914, 0.01746, 0.10242, 0.10546, 0.04935, -0.00138, 0.12812, 0.10858, 0.08147, 0.00517, 0.00395 
  180.0, 10.19408, 0.22306, 3.20887, 4.06294, 0.00454, 0.63676, 5.73265, -0.00065, 0.59597, 0.59833, 0.07604, 0.19582, 0.03352, 0.16650, 0.16667, 0.05600, -0.00138, 0.26207, 0.12277, 0.13009, 0.00935, 0.00093 
  240.0, 8.77203, 0.25618, 3.45041, 3.15290, 0.00687, 0.59916, 5.50400, 0.01166, 0.52237, 0.59394, 0.14367, 0.26131, 0.01888, 0.13033, 0.11178, 0.04904, -0.00138, 0.23362, 0.31338, 0.12856, 0.01582, 0.00390 
  300.0, 8.09725, 0.22236, 2.79842, 1.76089, 0.00589, 0.50954, 4.71734, 0.00528, 0.39412, 0.51501, 0.07671, 0.11433, 0.00232, 0.12442, 0.09039, 0.04547, -0.00138, 0.11786, 0.10162, 0.09579, 0.00648, 0.00567 
  360.0, 9.82792, 0.25530, 3.97287, 2.13316, 0.00840, 0.89421, 6.71844, 0.00503, 0.77568, 0.76301, 0.15650, 0.20369, 0.02450, 0.24408, 0.13260, 0.05378, -0.00138, 0.26158, 0.15013, 0.24520, 0.00801, 0.00378 
  420.0, 8.69462, 0.24944, 3.36501, 1.75336, 0.00472, 0.74088, 5.78092, 0.02562, 0.62524, 0.71820, 0.19775, 0.19067, 0.01696, 0.22634, 0.10269, 0.06503, -0.00138, 0.31516, 0.19114, 0.19929, 0.00652, 0.00792 
  480.0, 9.50048, 0.23855, 3.45492, 2.67759, 0.01084, 0.75516, 5.90442, 0.02414, 0.68007, 0.72322, 0.22795, 0.23635, 0.02686, 0.18780, 0.11949, 0.09778, -0.00138, 0.26547, 0.24287, 0.16214, 0.00474, 0.00596 
  540.0, 9.18416, 0.24119, 2.98670, 2.71233, 0.00940, 0.54122, 5.07365, 0.01866, 0.51790, 0.55688, 0.19432, 0.17304, 0.02804, 0.17315, 0.11286, 0.07444, 0.00424, 0.21195, 0.25332, 0.11302, 0.00334, 0.00319 
  600.0, 6.82351, 0.22528, 2.13268, 2.16727, 0.00566, 0.42548, 3.94174, 0.02594, 0.33739, 0.47399, 0.13280, 0.16535, 0.01711, 0.12487, 0.07921, 0.05980, -0.00138, 0.15404, 0.15540, 0.11094, 0.00568, 0.00467 
  660.0, 7.72360, 0.23093, 2.18948, 2.54431, 0.00700, 0.39363, 4.06566, 0.02284, 0.36307, 0.40103, 0.17508, 0.11935, 0.02583, 0.10877, 0.09596, 0.05406, -0.00138, 0.12141, 0.13831, 0.12639, 0.00621, 0.00251 
  720.0, 8.57463, 0.23136, 2.28226, 2.24010, 0.00671, 0.42557, 4.24292, 0.02570, 0.38673, 0.43648, 0.17329, 0.13266, 0.00555, 0.11307, 0.09405, 0.05387, 0.01731, 0.13762, 0.19656, 0.10468, 0.00424, 0.00478 
  780.0, 8.33270, 0.23897, 2.16598, 2.24805, 0.00512, 0.38448, 4.10760, 0.01428, 0.44514, 0.40371, 0.11998, 0.13316, 0.02302, 0.11550, 0.06944, 0.04300, -0.00138, 0.15599, 0.13099, 0.09920, 0.00504, 0.00409 
  840.0, 7.41836, 0.18773, 1.45770, 1.89267, 0.00544, 0.25110, 3.19035, 0.01837, 0.27533, 0.31997, 0.04928, 0.08366, 0.01937, 0.03789, 0.03196, 0.03319, -0.00138, 0.09042, 0.14725, 0.05955, 0.00178, 0.00305 
  900.0, 6.46059, 0.21680, 1.34256, 1.56644, 0.00611, 0.25471, 3.00244, 0.01035, 0.19960, 0.33249, 0.05123, 0.09617, 0.00971, 0.04298, 0.04578, 0.02768, 0.00291, 0.07985, 0.09887, 0.07020, 0.00257, 0.00505 
  960.0, 9.31946, 0.21009, 1.71982, 2.65764, 0.00413, 0.33733, 3.51184, 0.03162, 0.32758, 0.39473, 0.03352, 0.14438, 0.01484, 0.03707, 0.07194, 0.03238, 0.00410, 0.09503, 0.12987, 0.07300, 0.00091, 0.00703 
 1020.0, 8.67136, 0.22267, 1.69646, 2.33305, 0.00418, 0.28749, 3.38283, 0.01817, 0.29816, 0.33919, 0.10410, 0.10989, -0.00210, 0.07322, 0.07124, 0.04042, 0.00503, 0.08777, 0.10024, 0.08360, 0.00217, 0.00350 
 1080.0, 11.90832, 0.22625, 2.14720, 3.01130, 0.00471, 0.41631, 4.05245, 0.01679, 0.43555, 0.44492, 0.07178, 0.17955, -0.00210, 0.08464, 0.09436, 0.04976, -0.00138, 0.12497, 0.16990, 0.10768, 0.00232, 0.00321 
 1140.0, 11.02278, 0.22467, 1.91434, 2.76597, 0.00865, 0.31977, 3.72508, 0.02428, 0.31312, 0.39157, 0.11291, 0.18884, 0.01879, 0.07328, 0.12336, 0.05664, -0.00138, 0.10949, 0.13238, 0.08335, 0.00015, 0.00742 
 1200.0, 10.74375, 0.24489, 2.24018, 2.90382, 0.00601, 0.39354, 4.21811, 0.02476, 0.31911, 0.39313, 0.17847, 0.20232, 0.02166, 0.07502, 0.11755, 0.06830, 0.00552, 0.11697, 0.13789, 0.07457, 0.00075, 0.00596 
 1260.0, 9.87601, 0.24153, 2.37294, 2.33680, 0.00645, 0.42403, 4.29890, 0.02326, 0.32629, 0.41095, 0.13968, 0.22992, 0.02528, 0.09223, 0.14753, 0.08744, -0.00138, 0.11835, 0.11945, 0.07298, 0.00534, 0.00578 
 1320.0, 10.07551, 0.23452, 2.50887, 2.71813, 0.00731, 0.41236, 4.46668, 0.03027, 0.38465, 0.41370, 0.12006, 0.19872, 0.03336, 0.09652, 0.11668, 0.07343, 0.00956, 0.10825, 0.15732, 0.09663, 0.00060, 0.00558 
 1380.0, 10.22308, 0.23397, 2.42152, 2.36939, 0.00965, 0.39438, 4.22115, 0.04688, 0.36999, 0.38139, 0.06321, 0.17860, 0.02071, 0.08994, 0.08984, 0.06577, 0.01286, 0.14343, 0.13956, 0.10355, 0.00098, 0.00646 
 1440.0, 11.45642, 0.24792, 2.57390, 2.66104, 0.00928, 0.44684, 4.42741, 0.02750, 0.39128, 0.40185, 0.11920, 0.17753, 0.02605, 0.11065, 0.12072, 0.06290, -0.00138, 0.14230, 0.18229, 0.10019, 0.00191, 0.00484 
 1500.0, 11.95359, 0.23598, 2.08821, 1.94658, 0.00838, 0.35403, 3.98000, 0.01484, 0.30410, 0.32322, 0.10717, 0.13253, 0.02996, 0.07842, 0.09084, 0.05137, -0.00138, 0.07995, 0.12841, 0.08675, 0.00389, 0.00771 
 1560.0, 13.21931, 0.25170, 2.32662, 2.90110, 0.00610, 0.38005, 4.15829, 0.03411, 0.36471, 0.35152, 0.02781, 0.17499, -0.00207, 0.06540, 0.09486, 0.05297, 0.01666, 0.09641, 0.15979, 0.10242, 0.00335, 0.00319 
 1620.0, 12.89073, 0.24820, 2.43336, 3.42119, 0.01026, 0.40730, 4.14385, 0.04112, 0.36727, 0.35509, 0.08100, 0.17907, 0.02567, 0.07796, 0.08565, 0.05593, 0.00096, 0.13126, 0.10760, 0.12556, 0.00073, 0.00525 
 1680.0, 13.64360, 0.24335, 2.37040, 3.06526, 0.00798, 0.44100, 4.25647, 0.03765, 0.35653, 0.35615, 0.09284, 0.18214, 0.03290, 0.06449, 0.11916, 0.06438, 0.00991, 0.12632, 0.12750, 0.09797, 0.00144, 0.00321 
 1740.0, 13.83449, 0.23506, 2.64944, 3.17805, 0.00974, 0.43723, 4.50436, 0.03365, 0.34675, 0.41152, 0.13345, 0.15570, 0.02188, 0.10335, 0.08434, 0.04194, -0.00138, 0.13942, 0.15767, 0.10529, 0.00913, 0.00798 
 1800.0, 14.19017, 0.24351, 2.68088, 4.02564, 0.01330, 0.42682, 4.66530, 0.04548, 0.40864, 0.45662, 0.12675, 0.24288, -0.00206, 0.11626, 0.13571, 0.05479, 0.00398, 0.13765, 0.17806, 0.10528, 0.00839, 0.00980 
 1860.0, 14.37492, 0.23810, 2.85886, 3.14048, 0.00963, 0.47864, 4.59748, 0.02735, 0.41205, 0.39540, 0.12200, 0.19321, 0.03182, 0.10809, 0.08328, 0.06581, -0.00138, 0.15107, 0.18035, 0.08893, 0.00325, 0.00857 
 1920.0, 14.91284, 0.23317, 2.82428, 4.66126, 0.00666, 0.47583, 4.72525, 0.04981, 0.49578, 0.42510, 0.09078, 0.29604, -0.00127, 0.07658, 0.15777, 0.05690, -0.00138, 0.14710, 0.16147, 0.13008, 0.00485, 0.00790 
 1980.0, 15.89708, 0.24039, 2.65352, 4.24157, 0.00510, 0.52437, 4.67596, 0.03333, 0.48233, 0.41278, 0.06751, 0.24733, 0.01891, 0.07297, 0.13292, 0.06320, -0.00138, 0.12296, 0.17957, 0.09612, 0.01033, 0.00500 
 2040.0, 11.20672, 0.24610, 2.31744, 3.61021, 0.00765, 0.41849, 4.19350, 0.03568, 0.36739, 0.37050, 0.10105, 0.36545, 0.03529, 0.07010, 0.17325, 0.08471, 0.01477, 0.11570, 0.14066, 0.10298, -0.00117, 0.00295 
 2100.0, 14.65382, 0.25353, 2.59146, 3.62665, 0.00685, 0.49610, 4.54633, 0.04537, 0.51405, 0.41791, 0.00989, 0.23078, -0.00204, 0.09109, 0.11018, 0.03614, -0.00138, 0.09681, 0.17136, 0.10221, 0.00575, 0.00572 
 2160.0, 12.27888, 0.22096, 2.60678, 3.25869, 0.01185, 0.44580, 4.43377, 0.02658, 0.47264, 0.37393, 0.00057, 0.10559, 0.01065, 0.04631, 0.05400, 0.03670, -0.00138, 0.13184, 0.16604, 0.07128, 0.00341, 0.00464 
 2220.0, 13.12924, 0.21948, 2.57592, 3.57453, 0.01311, 0.44941, 4.52479, 0.04272, 0.63581, 0.37667, 0.05062, 0.20478, 0.01215, 0.09548, 0.07765, 0.04617, 0.00202, 0.12177, 0.18071, 0.09822, 0.00294, 0.00368 
 2280.0, 13.08149, 0.23181, 2.43802, 3.56921, 0.00795, 0.41673, 4.36602, 0.02960, 0.46530, 0.38020, 0.07853, 0.22911, 0.02351, 0.09946, 0.12933, 0.05532, -0.00138, 0.15687, 0.16452, 0.09627, 0.00255, 0.00224 
 2340.0, 12.90184, 0.24403, 2.38712, 3.36231, 0.00889, 0.40211, 4.28460, 0.01479, 0.51872, 0.36360, 0.11771, 0.27281, 0.03220, 0.06125, 0.10667, 0.06008, -0.00138, 0.12946, 0.17948, 0.07356, 0.00193, 0.00498 
 2400.0, 13.81269, 0.23156, 2.46982, 3.16221, 0.00621, 0.41849, 4.31045, 0.02767, 0.46906, 0.37390, 0.18852, 0.25740, 0.02388, 0.09801, 0.12617, 0.06943, 0.00578, 0.10540, 0.16746, 0.11628, 0.00449, 0.00271 
 2460.0, 15.75136, 0.22127, 2.52431, 3.51633, 0.00983, 0.46818, 4.63389, 0.01882, 0.52922, 0.42235, 0.13161, 0.30138, 0.03549, 0.09766, 0.16259, 0.07799, 0.01453, 0.16571, 0.14570, 0.10521, 0.00154, 0.00511 
 2520.0, 14.47567, 0.26373, 2.49830, 3.61786, 0.00687, 0.41363, 4.34869, 0.02827, 0.54225, 0.39256, 0.10827, 0.23539, -0.00201, 0.09008, 0.13388, 0.04971, 0.00325, 0.11466, 0.17328, 0.10754, 0.00610, 0.00826 
 2580.0, 12.66782, 0.24251, 2.32164, 2.67242, 0.00628, 0.35079, 4.07593, 0.01561, 0.45835, 0.34346, 0.05587, 0.14651, 0.02019, 0.05251, 0.07570, 0.04179, -0.00131, 0.09127, 0.17426, 0.09743, 0.00227, 0.00804 
 2640.0, 12.77942, 0.24179, 2.02196, 2.29720, 0.00268, 0.34983, 4.05425, 0.02402, 0.50007, 0.31734, 0.06259, 0.17424, 0.01977, 0.05182, 0.08870, 0.04022, -0.00138, 0.11049, 0.16107, 0.06570, -0.00067, 0.00496 
 2700.0, 10.23067, 0.21080, 1.64954, 2.18207, 0.00180, 0.26464, 3.41514, 0.03117, 0.41732, 0.25061, 0.02881, 0.11288, -0.00200, 0.02225, 0.05036, 0.03186, 0.01066, 0.07662, 0.13292, 0.05642, 0.00331, 0.00196 
 2760.0, 13.70363, 0.24314, 2.14439, 3.20496, 0.00897, 0.36436, 3.80795, 0.02877, 0.51945, 0.30005, 0.04138, 0.27103, 0.00978, 0.04429, 0.12600, 0.04982, -0.00138, 0.08725, 0.18307, 0.08559, 0.00468, 0.01054 
 2820.0, 9.63186, 0.23763, 1.51243, 2.29424, 0.00397, 0.28010, 3.20865, 0.00110, 0.36467, 0.23518, 0.01875, 0.09230, 0.01426, 0.03591, 0.04002, 0.02314, 0.00849, 0.04571, 0.12281, 0.02904, 0.00661, 0.00361 
 2880.0, 15.78406, 0.24158, 1.60793, 1.83709, 0.00282, 0.24259, 3.31819, 0.01956, 0.41378, 0.22345, 0.04845, 0.09229, -0.00199, 0.03915, 0.04934, 0.03040, 0.01443, 0.05193, 0.11445, 0.04919, -0.00049, 0.00300 
 2940.0, 9.98648, 0.22343, 1.50163, 1.67519, 0.00497, 0.24804, 3.07662, 0.02867, 0.30431, 0.19505, -0.00631, 0.10087, 0.01265, 0.01543, 0.05436, 0.02701, -0.00138, 0.03749, 0.12295, 0.03308, 0.00667, 0.00180 
 3000.0, 11.23351, 0.23893, 1.58622, 2.48805, 0.00096, 0.25778, 3.22321, 0.02608, 0.40497, 0.20806, 0.05488, 0.10142, 0.00519, 0.00851, 0.05205, 0.01381, 0.00136, 0.04065, 0.13194, 0.05986, 0.00311, 0.00586 
 3060.0, 12.35640, 0.22048, 1.69440, 2.33484, 0.00693, 0.29046, 3.56653, 0.03563, 0.48505, 0.25344, 0.03693, 0.13288, 0.01561, 0.01416, 0.04768, 0.01960, -0.00138, 0.07358, 0.19396, 0.05829, 0.00245, 0.00340 
 3120.0, 13.07714, 0.21611, 2.04851, 2.07311, 0.00380, 0.30955, 3.96228, 0.02877, 0.65157, 0.32600, 0.05484, 0.13352, -0.00197, 0.07226, 0.07756, 0.02380, -0.00029, 0.08502, 0.17087, 0.06807, 0.00613, 0.00134 
 3180.0, 12.98448, 0.23336, 1.99733, 2.47358, 0.00751, 0.32143, 4.07014, 0.03552, 0.65802, 0.30038, 0.08626, 0.21240, 0.02428, 0.06481, 0.10194, 0.05050, 0.01046, 0.10159, 0.19887, 0.07609, 0.00376, 0.00455 
 3240.0, 16.24861, 0.23034, 2.14279, 2.90978, 0.00905, 0.32496, 4.19333, 0.03887, 0.66847, 0.34200, 0.09619, 0.20620, 0.01968, 0.05154, 0.09809, 0.04470, 0.00188, 0.10494, 0.22919, 0.07011, 0.00585, 0.00464 
 3300.0, 17.41873, 0.21554, 2.05979, 2.50398, 0.00688, 0.34405, 4.11228, 0.04045, 0.70005, 0.30406, 0.02472, 0.16316, 0.01709, 0.05206, 0.06319, 0.04895, -0.00138, 0.10345, 0.21377, 0.06661, 0.00239, 0.00674 
 3360.0, 11.57202, 0.22450, 1.81005, 2.25027, 0.00455, 0.30584, 3.74329, 0.03952, 0.63396, 0.29954, -0.00592, 0.13144, 0.00821, 0.02441, 0.06659, 0.02864, -0.00138, 0.07967, 0.20461, 0.08058, 0.00585, 0.00532 
 3420.0, 12.87637, 0.21736, 1.97006, 3.27711, 0.00603, 0.30697, 3.89333, 0.02548, 0.71206, 0.30011, 0.04670, 0.27607, 0.02017, 0.03765, 0.13472, 0.04687, 0.00574, 0.08455, 0.22227, 0.07883, 0.00303, 0.00151 
 3480.0, 14.59488, 0.20732, 1.98705, 3.05534, 0.00485, 0.31737, 3.83913, 0.03476, 0.71764, 0.32809, 0.08820, 0.34661, -0.00195, 0.03465, 0.16665, 0.08248, 0.00399, 0.07652, 0.22238, 0.09924, 0.00323, 0.00323 
 3540.0, 13.29402, 0.23282, 1.88850, 2.43745, 0.01055, 0.29229, 3.77841, 0.01552, 0.73115, 0.28839, 0.07223, 0.15873, 0.01381, 0.04029, 0.07310, 0.03688, 0.00592, 0.07161, 0.26476, 0.06830, 0.00351, 0.00600 
 3600.0, 10.82541, 0.22474, 1.60528, 2.28106, 0.00720, 0.26799, 3.45384, 0.02826, 0.59325, 0.24749, 0.04344, 0.12860, 0.01499, 0.03709, 0.05339, 0.02891, -0.00117, 0.07008, 0.15628, 0.06869, 0.00402, 0.00123 
 3660.0, 11.58961, 0.20549, 1.53920, 1.97203, 0.00707, 0.26436, 3.34357, 0.01138, 0.58250, 0.24920, 0.03833, 0.12031, 0.02084, 0.05100, 0.04864, 0.03247, 0.00483, 0.05191, 0.18823, 0.05019, 0.00234, 0.00492 
 3720.0, 11.10667, 0.23719, 1.69652, 2.08291, 0.00688, 0.24047, 3.37761, 0.02072, 0.63178, 0.26093, 0.06393, 0.11367, 0.00660, 0.04201, 0.06444, 0.03550, -0.00138, 0.06671, 0.20562, 0.06368, 0.00354, 0.00181 
 3780.0, 11.20916, 0.24546, 1.58465, 2.24513, 0.00591, 0.24194, 3.29531, 0.02679, 0.63019, 0.26646, 0.02103, 0.12433, 0.01310, 0.03512, 0.06390, 0.01943, -0.00138, 0.08018, 0.19002, 0.04123, 0.00837, 0.00381 
 3840.0, 12.21385, 0.27001, 1.46962, 1.89813, 0.00610, 0.25299, 3.19601, 0.02131, 0.62451, 0.23665, 0.09938, 0.10550, 0.02007, 0.05789, 0.07661, 0.02558, -0.00138, 0.04753, 0.19558, 0.04809, 0.00256, 0.00270 
 3900.0, 10.97588, 0.24951, 1.48174, 1.78876, 0.00307, 0.22423, 3.18570, 0.01208, 0.67924, 0.25353, 0.05203, 0.10073, 0.02535, 0.04346, 0.05064, 0.02057, 0.00297, 0.06707, 0.17766, 0.05452, 0.00121, 0.00469 
 3960.0, 27.42305, 0.26554, 1.66886, 2.15739, 0.00322, 0.26929, 3.32989, 0.02681, 0.81182, 0.28288, 0.08009, 0.12151, 0.02171, 0.03815, 0.06120, 0.02697, 0.00954, 0.06358, 0.16581, 0.05045, 0.00171, 0.00218 
 4020.0, 13.88577, 0.25879, 1.39004, 2.03168, 0.00429, 0.27778, 3.23776, 0.01241, 0.74025, 0.24941, 0.00894, 0.09364, 0.02343, 0.04060, 0.05624, 0.01628, -0.00138, 0.06743, 0.19687, 0.04632, -0.00069, 0.00022 
 4080.0, 11.49132, 0.23522, 1.47150, 1.97127, 0.00442, 0.25088, 3.26187, 0.01423, 0.75021, 0.27824, 0.04569, 0.14755, 0.02609, 0.04447, 0.07346, 0.03321, 0.00053, 0.06022, 0.17739, 0.03931, 0.00416, 0.00202 
 4140.0, 11.31554, 0.22965, 1.44972, 2.05657, 0.00190, 0.24261, 3.26163, 0.02456, 0.79201, 0.27023, -0.00520, 0.11374, -0.00191, 0.02593, 0.05568, 0.02702, -0.00138, 0.06818, 0.19608, 0.04095, 0.00096, 0.00310 
 4200.0, 11.40038, 0.23427, 1.40066, 2.05213, 0.00769, 0.26269, 3.22042, 0.01421, 0.78936, 0.28442, 0.00011, 0.10828, -0.00191, 0.03458, 0.04890, 0.02541, 0.01851, 0.05534, 0.17028, 0.04995, 0.00214, 0.00298 
 4260.0, 10.81370, 0.25253, 1.17059, 1.69593, 0.00167, 0.23897, 3.13057, 0.02039, 0.74769, 0.26407, 0.07158, 0.08142, 0.00021, 0.02315, 0.06470, 0.02853, 0.00417, 0.04696, 0.19042, 0.05687, 0.00223, 0.00105 
 4320.0, 9.13208, 0.23972, 1.25919, 1.57036, 0.00255, 0.21042, 3.04981, 0.02074, 0.73225, 0.29098, 0.01858, 0.11877, -0.00190, 0.03473, 0.04801, 0.02193, 0.00196, 0.04149, 0.17681, 0.02821, 0.00186, -0.00020 
 4380.0, 18.62514, 0.21023, 1.22965, 1.58147, 0.00563, 0.22086, 3.07066, 0.01779, 0.80346, 0.25518, 0.01766, 0.11118, -0.00190, 0.02994, 0.05286, 0.02876, -0.00138, 0.04454, 0.17171, 0.02489, 0.00144, 0.00221 
 4440.0, 12.17454, 0.21741, 1.25892, 2.01145, 0.00454, 0.23501, 3.09774, 0.02276, 0.82223, 0.28993, 0.07310, 0.10641, 0.01775, 0.01327, 0.05293, 0.02622, -0.00080, 0.03041, 0.16214, 0.04906, 0.00078, 0.00142 
 4500.0, 10.08187, 0.22156, 1.25090, 1.52144, 0.00309, 0.23401, 3.00199, 0.00749, 0.81314, 0.28106, 0.03732, 0.08958, 0.01443, 0.03900, 0.05390, 0.01674, 0.00753, 0.03573, 0.18443, 0.04688, 0.00623, 0.00137 
