CampaignData_and_Merges/R0/CSL_MobileLab_Parked/raw/20240810/USOS-NOAAIodideCIMS-HNO2_MobileLabGround_20240810_RA.ict
33, 1001
Michael A Robinson, Chris Jernigan, Subi Thakali
NOAA ESRL Chemical Sciences Laboratory and CIRES, U. of Colorado
NOAA Iodide CIMS Instrument
USOS
1, 1
2024, 08, 10, 2024, 08, 11
1
starttime_UTC, seconds_past_midnight, seconds_of_day_since_00:00:00_UTC
1
1
-9999
HNO2_NOAACIMS, pptv, Gas_HNO2_InSitu_S_AVMR, 
0
18
PI_CONTACT_INFO: 325 Broadway, R/CSD 7, Boulder, Colorado 80305; michael.a.robinson@noaa.gov; chris.jernigan@noaa.gov;
PLATFORM: NOAA CSL Mobile Lab
LOCATION: SLC, Utah
ASSOCIATED_DATA: 1Hz data also available on request.
INSTRUMENT_INFO: NOAA I- ToF CIMS
DATA_INFO: All data in parts per trillion by volume (pptv). 1 Hz data is available upon request.
UNCERTAINTY: TBD
ULOD_FLAG: -7777
ULOD_VALUE: N/A
LLOD_FLAG: -8888
LLOD_VALUE: N/A
DM_CONTACT_INFO: Nathan Howard; nathan.h.howard@noaa.gov
PROJECT_INFO: USOS, summer 2024. https://csl.noaa.gov/groups/csl7/measurements/2024usos/
STIPULATIONS_ON_USE: Users are strongly encouraged to contact the PI for proper data usage.
OTHER_COMMENTS: 
REVISION: RA
RA: Preliminary Data; For in-field use only
starttime_UTC, HNO2_NOAACIMS
[from data line 1044]
 62640, 95.440
 62700, 103.319
 62760, 94.237
 62820, 82.724
 62880, 93.277
 62940, 94.674
 63000, 94.601
 63060, -9999.000
 63120, 75.883
 63180, 81.371
 63240, 94.649
 63300, 93.325
 63360, 96.509
 63420, 115.414
 63480, 82.768
 63540, 102.060
 63600, 104.195
 63660, 105.992
 63720, 83.265
 63780, 78.806
 63840, 88.990
 63900, 94.567
 63960, 90.391
 64020, 89.137
 64080, 93.938
 64140, 88.962
 64200, 74.414
 64260, 102.802
 64320, 75.512
 64380, 79.684
 64440, 95.893
 64500, 93.468
 64560, 122.434
 64620, 82.531
 64680, 65.826
 64740, 78.152
 64800, 68.725
 64860, 63.049
 64920, 76.673
 64980, 62.360
 65040, 61.603
 65100, 67.192
 65160, 68.162
 65220, 72.760
 65280, 76.275
 65340, 62.659
 65400, 52.578
 65460, 59.215
 65520, 57.972
 65580, 57.657
 65640, 43.738
 65700, 49.066
 65760, 59.194
 65820, 70.375
 65880, 52.222
 65940, 50.182
 66000, 66.226
 66060, 67.029
 66120, 47.734
 66180, 54.918
 66240, 47.748
 66300, 63.078
 66360, 60.603
 66420, 61.316
 66480, 60.835
 66540, 64.941
 66600, 65.865
 66660, 61.280
 66720, 70.137
 66780, 59.252
 66840, 50.494
 66900, 48.137
 66960, 63.265
 67020, 60.066
 67080, 60.661
 67140, 56.927
 67200, 57.017
 67260, 64.513
 67320, 63.265
 67380, 67.645
 67440, 63.235
 67500, 56.670
 67560, 42.070
 67620, 51.686
 67680, 63.971
 67740, 61.248
 67800, 54.167
 67860, 51.141
 67920, 56.595
 67980, 49.774
 68040, 45.139
 68100, 49.203
 68160, 42.757
 68220, 51.854
 68280, 61.309
 68340, 70.582
 68400, 59.095
 68460, 64.181
 68520, 62.340
 68580, 49.482
 68640, 63.298
 68700, 67.397
 68760, 42.645
 68820, 52.338
 68880, 47.011
 68940, 49.836
 69000, 46.197
 69060, 56.382
 69120, 69.372
 69180, 53.286
 69240, 50.269
 69300, 53.052
 69360, 52.016
 69420, 55.091
 69480, 69.640
 69540, 72.166
 69600, 69.308
 69660, 52.899
 69720, 49.043
 69780, 64.929
 69840, 44.808
 69900, 54.604
 69960, 54.307
 70020, 68.042
 70080, 58.942
 70140, 60.382
 70200, 59.958
 70260, 62.021
 70320, 46.399
 70380, 53.931
 70440, -9999.000
 70500, 40.522
 70560, 46.727
 70620, 50.541
 70680, 54.068
 70740, 28.160
 70800, 40.178
 70860, 32.221
 70920, 48.229
 70980, 53.266
 71040, 34.258
 71100, 45.514
 71160, 48.103
 71220, 38.917
 71280, 33.238
 71340, 33.609
 71400, 35.745
 71460, 29.079
 71520, 33.549
 71580, 27.215
 71640, 33.398
 71700, 39.788
 71760, 31.842
 71820, 32.027
 71880, 35.070
 71940, 39.075
 72000, 43.395
 72060, 48.361
 72120, 47.878
 72180, 42.119
 72240, 17.944
 72300, 11.062
 72360, 15.365
 72420, 26.496
 72480, 17.698
 72540, 28.523
 72600, 41.706
 72660, 50.307
 72720, 73.661
 72780, 104.203
 72840, 114.380
 72900, 105.846
 72960, 137.078
 73020, 175.828
 73080, 276.071
 73140, 185.043
 73200, 162.587
 73260, 130.469
 73320, 146.629
 73380, 154.890
 73440, 137.389
 73500, 144.972
 73560, 174.792
 73620, 183.669
 73680, 228.659
 73740, 210.813
 73800, 236.591
 73860, 248.310
 73920, 308.253
 73980, 339.402
 74040, 400.767
 74100, 360.964
 74160, -9999.000
 74220, 436.304
 74280, 247.097
 74340, 274.061
 74400, 282.374
 74460, 234.496
 74520, 277.020
 74580, 260.206
 74640, 213.599
 74700, 168.956
 74760, 212.324
 74820, 231.883
 74880, 232.310
 74940, 242.176
 75000, 250.999
 75060, 234.129
 75120, 197.784
 75180, 160.123
 75240, 164.855
 75300, 176.782
 75360, 161.712
 75420, 155.944
 75480, 141.759
 75540, 148.520
 75600, 141.635
 75660, 165.269
 75720, 142.167
 75780, 150.170
 75840, 134.373
 75900, 110.813
 75960, 118.461
 76020, 160.556
 76080, 143.697
 76140, 116.336
 76200, 93.812
 76260, 93.050
 76320, 93.714
 76380, 107.643
 76440, 97.934
 76500, 85.150
 76560, 68.350
 76620, 82.673
 76680, 95.370
 76740, 74.591
 76800, 85.497
 76860, 83.246
 76920, 73.010
 76980, 80.665
 77040, 71.603
 77100, 75.866
 77160, 58.358
 77220, 74.217
 77280, 76.745
 77340, 68.528
 77400, 69.270
 77460, 92.156
 77520, 88.207
 77580, 82.232
 77640, 97.087
 77700, 73.019
 77760, 79.455
 77820, -9999.000
 77880, 65.848
 77940, 77.687
 78000, 82.186
 78060, 81.427
 78120, 71.532
 78180, 72.285
 78240, 64.035
 78300, 71.574
 78360, 75.658
 78420, 79.274
 78480, 65.484
 78540, 80.377
 78600, 64.715
 78660, 68.059
 78720, 53.772
 78780, 63.746
 78840, 65.089
 78900, 57.693
 78960, 48.678
 79020, 44.683
 79080, 36.719
 79140, 42.231
 79200, 53.020
 79260, 46.106
 79320, 52.256
 79380, 41.474
 79440, 45.804
 79500, 39.140
 79560, 42.045
 79620, 34.728
 79680, -9999.000
 79740, 35.666
 79800, 45.019
 79860, 37.432
 79920, 36.878
 79980, 42.017
 80040, 35.124
 80100, 42.304
 80160, 70.811
 80220, 61.452
 80280, 47.991
 80340, 64.782
 80400, 78.389
 80460, 69.431
 80520, 54.475
 80580, 60.637
 80640, 54.698
 80700, 55.759
 80760, 46.860
 80820, 53.907
 80880, 53.761
 80940, 49.110
 81000, 37.570
 81060, 43.431
 81120, 33.954
 81180, 42.495
 81240, 47.132
 81300, 45.485
 81360, 49.746
 81420, 60.264
 81480, 100.531
 81540, -9999.000
 81600, 62.312
 81660, 50.510
 81720, 55.679
 81780, 39.312
 81840, 23.939
 81900, 22.074
 81960, 26.641
 82020, 39.669
 82080, 43.008
 82140, 50.758
 82200, 53.914
 82260, 49.721
 82320, 57.856
 82380, 29.185
 82440, 27.759
 82500, 29.756
 82560, 46.698
 82620, 56.477
 82680, 58.866
 82740, 37.587
 82800, 52.530
 82860, 40.133
 82920, 41.097
 82980, 82.555
 83040, 75.389
 83100, 57.267
 83160, 72.801
 83220, 75.485
 83280, 83.889
 83340, 76.102
 83400, 86.196
 83460, 80.776
 83520, 66.243
 83580, 64.700
 83640, 75.048
 83700, 77.415
 83760, 87.421
 83820, 97.340
 83880, 93.635
 83940, 90.153
 84000, 104.115
 84060, 90.509
 84120, 72.565
 84180, 76.371
 84240, 86.166
 84300, 88.457
 84360, 73.825
 84420, 76.326
 84480, 63.547
 84540, 73.047
 84600, 67.249
 84660, 66.574
 84720, 63.812
 84780, 96.722
 84840, 71.620
 84900, 74.440
 84960, 55.050
 85020, 52.362
 85080, 45.374
 85140, 62.722
 85200, -9999.000
 85260, 76.261
 85320, 63.569
 85380, 64.635
 85440, 76.182
 85500, 64.369
 85560, 73.890
 85620, 65.245
 85680, 60.035
 85740, 69.843
 85800, 68.645
 85860, 68.105
 85920, 78.221
 85980, 75.211
 86040, 72.479
 86100, 41.459
 86160, 51.258
 86220, 57.224
 86280, 48.201
 86340, 37.219
