CampaignData_and_Merges/R0/CSL_MobileLab_Parked/raw/20240810/USOS-HCHO_MobileLabGround_20240810_R0.ict
35,1001
Huang, Yaoxian
Wayne State University
Picarro G2307 on CSL Mobile Lab
USOS
1,1
2024,08,10,2024,08,13
1.0
Time_Start,seconds_since_midnight,number_of_seconds_since_0000_UTC
3
1.0,1.0,1.0
-9999.0,-9999.0,-9999.0
HCHO,ppbv,Gas_HCHO_InSitu_S_AVMR,volume mixing ratio of formaldehyde in air
H2O,ppmv,Gas_H2O_InSitu_S_AVMR,volume mixing ratio of water vapor in air
CH4,ppmv,Gas_CH4_InSitu_S_AVMR,volume mixing ratio of methane in air
0
18
PI_CONTACT_INFO: yaoxian.huang@wayne.edu
PLATFORM: CSL Mobile Lab, at Ground Site
LOCATION: Salt Lake City, UT
ASSOCIATED_DATA: N/A
INSTRUMENT_INFO: Cavity Ring-Down Spectrometer
DATA_INFO: Data is averaged to 1 minute intervals for stationary and 1 second interval for driving. Stationary data collected from a 20 ft tower on top of the mobile lab.
UNCERTAINTY: N/A
ULOD_FLAG: -7777
ULOD_VALUE: N/A
LLOD_FLAG: -8888
LLOD_VALUE: N/A
DM_CONTACT_INFO: Yaoxian Huang; yaoxian.huang@wayne.edu
PROJECT_INFO: USOS, Summer 2024. https://csl.noaa.gov/groups/csl7/measurements/2024usos/
STIPULATIONS_ON_USE: Users are strongly encouraged to contact the PI for proper data usage.
OTHER_COMMENTS: Data have been shifted backwards by 1 minute to align with USOS MetNav and Picarro GHG data.
REVISION: R0
R0: Final Data
Time_Start,HCHO,H2O,CH4
[from data line 1077]
64620,4.16062,16413.2,1.90827
64680,3.75628,15867.1,1.9046
64740,3.4273,15022.4,1.90399
64800,3.1377,14918.3,1.9023
64860,2.4298,13783.8,1.89781
64920,2.28376,13813.4,1.8966
64980,2.18177,13909.1,1.89632
65040,2.31156,13478.8,1.89392
65100,2.13844,13515.9,1.89487
65160,2.1212,13568.8,1.89738
65220,2.04168,13510.4,1.89546
65280,2.48494,13880.7,1.89556
65340,2.23486,13618.5,1.89573
65400,2.00338,13226.1,1.89609
65460,1.83916,13143.6,1.89678
65520,1.92002,13233.0,1.89696
65580,1.8073,13046.4,1.89531
65640,1.50882,12713.5,1.89739
65700,1.45387,12547.0,1.89627
65760,1.71514,12882.2,1.89393
65820,1.92362,13129.5,1.89492
65880,1.96006,13144.6,1.89416
65940,1.93314,12978.4,1.89518
66000,2.05856,13093.4,1.89402
66060,2.01412,13465.7,1.89686
66120,1.78086,12886.8,1.89417
66180,1.76867,13088.0,1.89505
66240,1.80651,12882.4,1.89413
66300,1.99939,13125.0,1.89436
66360,1.99709,13046.3,1.89725
66420,2.09533,13386.2,1.89693
66480,2.01982,13100.1,1.89559
66540,2.37615,13421.5,1.89749
66600,2.30737,13317.1,1.8956
66660,2.05868,13354.7,1.89586
66720,2.07087,13389.2,1.89512
66780,2.28472,13724.4,1.89597
66840,2.0947,13192.7,1.8979
66900,1.97125,12928.3,1.89632
66960,2.00385,13084.4,1.89625
67020,2.03118,13221.1,1.89918
67080,1.93157,13057.2,1.90036
67140,2.01749,13262.0,1.89681
67200,1.93176,12969.3,1.89567
67260,2.13603,13013.0,1.89615
67320,2.25058,13184.0,1.89709
67380,2.47729,13462.2,1.89635
67440,2.0606,13494.0,1.8998
67500,2.10473,13305.5,1.89717
67560,2.08233,13181.6,1.89901
67620,2.28119,13138.5,1.89951
67680,2.18058,13620.7,1.89825
67740,2.44965,13610.8,1.89825
67800,2.37176,13364.4,1.89715
67860,2.01618,13133.5,1.89796
67920,1.99219,13208.1,1.89926
67980,2.21091,13335.3,1.89817
68040,2.02816,13213.2,1.89764
68100,2.27047,13404.2,1.89905
68160,2.13364,13338.6,1.89713
68220,2.0297,13290.5,1.89891
68280,2.42233,13530.3,1.89668
68340,2.36255,13619.4,1.89782
68400,2.42377,14310.2,1.89931
68460,2.35134,13943.4,1.89856
68520,2.39738,13919.4,1.89961
68580,2.43877,13369.8,1.89845
68640,2.33746,13604.7,1.897
68700,2.34615,14030.3,1.89757
68760,2.43605,13553.6,1.89603
68820,2.26603,13369.6,1.89827
68880,2.22804,13449.2,1.90022
68940,2.41085,13583.3,1.89981
69000,2.4151,13525.6,1.89839
69060,2.22658,13623.9,1.90187
69120,2.4015,13590.5,1.89784
69180,2.23503,13698.7,1.90048
69240,2.31109,13917.0,1.89996
69300,2.19058,13706.9,1.89859
69360,2.43899,13833.0,1.89689
69420,2.26278,13740.4,1.89953
69480,2.53648,14290.3,1.89837
69540,2.71847,14266.7,1.89628
69600,2.60637,13895.8,1.89737
69660,2.49667,13721.0,1.89826
69720,2.05521,13554.5,1.89789
69780,2.43583,13470.3,1.89611
69840,2.50316,13711.2,1.89793
69900,2.32842,13652.7,1.89716
69960,2.2835,13623.7,1.89522
70020,2.39525,13450.5,1.89933
70080,2.38657,13549.5,1.89866
70140,2.4198,13513.9,1.89826
70200,2.3154,13644.6,1.89861
70260,2.14981,13550.5,1.89657
70320,2.2315,13712.4,1.89696
70380,2.26289,13489.7,1.89653
70440,2.27032,13594.4,1.89696
70500,2.25555,13878.8,1.89734
70560,1.96609,13481.0,1.90035
70620,2.29684,13556.6,1.8994
70680,2.16563,13164.4,1.89783
70740,2.1571,12610.0,1.8987
70800,1.99274,12226.4,1.89821
70860,1.79424,12119.2,1.89717
70920,1.96355,12436.6,1.89758
70980,2.02712,12957.9,1.90132
71040,2.1012,12917.3,1.9015
71100,2.14199,12795.2,1.90075
71160,2.01595,13201.9,1.90072
71220,2.1332,13053.4,1.89935
71280,2.03517,12968.8,1.89862
71340,2.19332,12970.7,1.89727
71400,2.14067,12981.9,1.901
71460,2.23561,13004.6,1.9013
71520,2.10221,12806.2,1.90084
71580,1.98017,12865.7,1.89869
71640,2.27124,12894.5,1.89769
71700,2.07514,13034.6,1.89981
71760,2.29185,13153.7,1.89902
71820,1.95356,13216.9,1.89853
71880,1.82863,13227.7,1.89936
71940,2.06118,13258.0,1.90026
72000,2.32693,13377.2,1.90359
72060,2.09379,13504.6,1.90169
72120,1.98669,12424.1,1.90248
72180,1.66616,11694.2,1.89901
72240,1.28628,10576.8,1.89639
72300,1.2667,9817.92,1.89803
72360,1.02631,9543.28,1.8982
72420,1.21778,9751.05,1.89447
72480,1.14872,9966.1,1.89871
72540,1.22787,10204.7,1.89917
72600,1.3315,10478.9,1.89821
72660,1.63921,10735.0,1.90222
72720,1.61903,11127.8,1.89719
72780,2.05078,12580.1,1.89568
72840,2.3895,14177.7,1.89705
72900,2.11234,15066.7,1.89819
72960,2.33156,15759.7,1.90034
73020,2.22819,16729.4,1.8998
73080,2.63002,18852.5,1.89623
73140,2.50797,18604.8,1.89641
73200,2.28126,17843.5,1.89563
73260,2.39967,17702.5,1.89568
73320,1.90349,17310.4,1.89141
73380,2.01206,16308.8,1.892
73440,1.80452,16216.5,1.89209
73500,1.79909,14987.0,1.89169
73560,2.21427,16574.6,1.89036
73620,2.25478,17103.1,1.88741
73680,2.17924,18110.9,1.88938
73740,2.40538,17959.2,1.8894
73800,2.20694,17213.4,1.89018
73860,2.33388,16773.8,1.88895
73920,2.6902,18177.9,1.88371
73980,2.55757,17958.3,1.88788
74040,2.80698,19051.0,1.88497
74100,2.65163,18785.4,1.88851
74160,2.62865,18820.9,1.88511
74220,2.79508,19202.4,1.88696
74280,2.74622,18197.4,1.89095
74340,2.28147,17104.5,1.89221
74400,2.80944,17559.9,1.8946
74460,2.69984,17948.2,1.88983
74520,3.02944,17373.1,1.89201
74580,2.91954,18501.8,1.89225
74640,2.89102,16805.6,1.89487
74700,2.58399,15933.1,1.89599
74760,2.43357,15690.6,1.88865
74820,2.46777,15854.5,1.89213
74880,3.115,16533.7,1.88999
74940,2.47855,16764.1,1.89053
75000,3.02586,16637.6,1.89105
75060,2.85814,17009.9,1.88841
75120,3.12152,17457.6,1.88809
75180,2.90881,16289.8,1.88791
75240,2.76865,16056.9,1.88826
75300,2.57843,16365.4,1.88639
75360,2.8207,16413.6,1.88971
75420,2.75509,15850.5,1.89206
75480,2.96776,15535.7,1.88935
75540,2.83737,15564.9,1.89024
75600,2.98084,15482.1,1.88902
75660,3.13982,15531.9,1.89081
75720,2.76307,15718.5,1.88976
75780,3.08321,15576.9,1.88918
75840,2.93532,15500.4,1.89021
75900,3.08281,15359.7,1.89169
75960,3.14787,14867.6,1.89268
76020,3.1202,15455.9,1.89206
76080,3.39277,16140.1,1.88825
76140,3.23212,15426.1,1.89024
76200,2.78412,14179.7,1.89291
76260,2.58679,13834.8,1.89345
76320,2.57548,13915.6,1.8911
76380,2.89519,13956.2,1.89247
76440,2.75299,13748.2,1.89411
76500,2.51289,13461.3,1.89336
76560,2.3707,13499.9,1.89242
76620,2.42639,12664.7,1.89411
76680,2.59063,13706.9,1.89313
76740,2.44075,13232.0,1.89307
76800,2.12363,12531.9,1.89222
76860,2.06192,13120.8,1.89339
76920,2.03455,12547.8,1.89189
76980,2.38628,12606.8,1.89232
77040,2.03162,12407.3,1.8927
77100,2.2948,12416.2,1.89407
77160,1.89944,12369.1,1.89195
77220,2.2101,12604.6,1.89288
77280,2.1866,12578.0,1.89157
77340,2.17709,13191.9,1.89082
77400,2.37312,12630.2,1.89494
77460,2.16427,13213.2,1.8905
77520,2.26131,13057.7,1.89485
77580,2.53798,13660.9,1.89383
77640,2.59064,13428.0,1.89081
77700,2.60498,13656.6,1.89285
77760,2.54512,12638.7,1.89273
77820,2.53626,13636.8,1.89124
77880,2.34468,12951.0,1.89501
77940,2.28027,12697.4,1.89113
78000,2.46135,12959.4,1.89168
78060,2.51586,13363.3,1.89265
78120,2.24681,12913.3,1.88977
78180,2.37095,12662.2,1.89455
78240,2.20251,12468.5,1.8932
78300,2.41495,12817.1,1.89044
78360,2.51327,13382.8,1.89099
78420,2.81887,12880.5,1.89264
78480,2.66221,13329.0,1.8922
78540,2.86685,13792.0,1.89101
78600,2.35556,12906.7,1.89261
78660,2.64486,12740.3,1.89302
78720,2.37874,12740.1,1.89442
78780,2.48376,12831.1,1.89185
78840,2.40926,12986.4,1.88996
78900,2.61078,12926.7,1.89237
78960,2.6358,12791.2,1.8932
79020,2.05446,12318.1,1.89593
79080,2.24023,12148.9,1.89255
79140,2.1858,11876.8,1.89651
79200,2.33557,12135.2,1.89649
79260,2.66448,12626.8,1.89637
79320,2.67819,13308.5,1.89222
79380,2.37498,12655.1,1.89352
79440,2.70114,12331.4,1.89426
79500,2.67943,13778.3,1.89266
79560,2.56104,12733.5,1.89487
79620,2.41588,12996.1,1.89351
79680,2.24283,12509.8,1.8943
79740,2.6786,12640.1,1.89457
79800,2.67923,12717.8,1.89814
79860,2.48904,13024.2,1.89505
79920,2.4957,12531.3,1.89525
79980,2.50604,12739.9,1.89656
80040,2.37124,12296.0,1.89522
80100,2.43183,12409.3,1.89515
80160,2.93177,13729.5,1.89314
80220,2.67971,13261.3,1.89247
80280,2.59434,13001.5,1.89393
80340,2.51716,13041.6,1.8949
80400,2.71592,14001.5,1.89649
80460,2.63287,14349.7,1.89156
80520,2.84092,13197.1,1.89436
80580,3.01601,13533.4,1.89664
80640,2.82012,13469.4,1.89546
80700,2.61247,13379.3,1.89469
80760,2.58212,13064.4,1.89557
80820,2.65537,13422.8,1.8934
80880,2.58016,13639.6,1.89414
80940,2.50944,12800.3,1.89707
81000,2.27894,12655.1,1.89646
81060,2.42097,12557.0,1.89578
81120,2.59002,12787.6,1.89667
81180,2.42166,12879.9,1.89695
81240,2.64832,13689.8,1.89397
81300,2.34382,13613.0,1.89356
81360,2.36707,12947.2,1.89419
81420,2.60344,13878.1,1.89307
81480,2.64709,13614.0,1.89503
81540,2.68669,13728.4,1.89475
81600,2.41706,13218.0,1.89433
81660,2.65214,13346.1,1.8946
81720,2.67207,13023.4,1.89569
81780,2.50572,12731.3,1.89815
81840,2.35615,12228.5,1.89747
81900,2.45771,12137.5,1.89716
81960,2.46472,12071.1,1.89569
82020,2.74483,12198.6,1.8965
82080,2.56383,12694.3,1.89445
82140,2.79604,13363.9,1.89369
82200,2.37423,14058.5,1.89152
82260,2.4363,14251.0,1.89308
82320,2.49936,14410.9,1.89362
82380,2.77781,13534.1,1.8983
82440,2.32815,12238.7,1.89694
82500,2.39689,12724.4,1.89498
82560,2.56389,12725.7,1.89565
82620,2.44316,13435.9,1.89358
82680,2.68349,13569.5,1.89401
82740,2.50172,13601.0,1.89363
82800,2.72225,13132.4,1.89719
82860,2.50646,13100.9,1.89585
82920,2.52828,12896.1,1.89978
82980,2.53364,13050.0,1.89716
83040,2.87752,14054.8,1.89578
83100,2.83085,13677.2,1.90074
83160,2.87202,13540.9,1.90039
83220,2.76113,13829.4,1.89873
83280,3.11814,13821.6,1.89933
83340,2.88328,13699.7,1.90005
83400,2.95261,13143.5,1.89924
83460,3.01645,13526.3,1.89934
83520,2.93622,13258.7,1.90021
83580,2.98058,13136.8,1.90311
83640,3.10032,13166.4,1.90663
83700,3.37685,13379.3,1.90783
83760,3.35885,13546.0,1.90583
83820,3.38782,13694.3,1.907
83880,3.45656,13927.8,1.90687
83940,3.45905,13840.4,1.90487
84000,3.66297,13930.2,1.90642
84060,3.44538,13706.1,1.90604
84120,3.36452,13629.6,1.90162
84180,3.15516,13333.1,1.90026
84240,3.18233,13475.6,1.90107
84300,3.35295,13485.2,1.90064
84360,3.11651,13346.9,1.90171
84420,3.0022,13319.8,1.90135
84480,2.73619,13060.8,1.90419
84540,2.76812,13018.7,1.90441
84600,2.97565,12876.8,1.90547
84660,2.24751,12230.8,1.9074
84720,2.25261,12260.1,1.90828
84780,2.54357,12648.9,1.90884
84840,3.16734,13315.5,1.90799
84900,2.87666,12585.7,1.90511
84960,2.47366,12571.7,1.90551
85020,1.75105,12246.9,1.90614
85080,1.57673,12194.1,1.90357
85140,1.55814,12302.6,1.90358
85200,1.78971,12855.8,1.90269
85260,1.86598,12961.2,1.90143
85320,1.71417,12978.0,1.90175
85380,1.71852,13070.3,1.9005
85440,1.79961,13232.0,1.89762
85500,1.86383,13478.5,1.89608
85560,1.75605,13073.8,1.89677
85620,1.60988,13416.4,1.89599
85680,1.6451,13076.1,1.89829
85740,1.9717,13102.3,1.89714
85800,2.10471,13271.4,1.89684
85860,1.89995,13085.3,1.89627
85920,1.93591,13426.4,1.89725
85980,2.08538,13306.9,1.89725
86040,1.78257,13409.0,1.89866
86100,1.67308,12704.1,1.89947
86160,1.59389,12487.2,1.89673
86220,1.84526,12707.4,1.8965
86280,1.84084,13070.6,1.89925
86340,-9999.0,-9999.0,-9999.0
